tests/data/reference/test_implicit_stream_rill_mfda/control/cinfil_m3.asc
ncols	123
nrows	77
xllcorner	-713746.79929998
yllcorner	-1061022.36961616
cellsize	10.0
NODATA_value	-9999
[rows 23 to 45 of 77, columns 52 to 103 of 123]
9.598762e-01 1.231124e+00 1.296529e+00 1.400642e+00 1.440396e+00 1.510049e+00 1.484338e+00 1.422918e+00 1.429023e+00 1.378925e+00 1.319558e+00 1.321816e+00 1.324604e+00 1.330546e+00 1.343041e+00 1.623359e+00 1.878462e+00 1.940644e+00 1.490011e+00 1.470581e+00 1.308786e+00 1.223158e+00 1.126987e+00 1.228018e+00 8.765983e-01 1.038030e+00 3.177763e+00 2.065305e+00 1.658435e+00 1.261388e+00 1.145482e+00 1.028281e+00 8.927568e-01 9.237711e-01 -9.999000e+03 -9.999000e+03 -9.999000e+03 -9.999000e+03 -9.999000e+03 -9.999000e+03 -9.999000e+03 -9.999000e+03 -9.999000e+03 -9.999000e+03 -9.999000e+03 -9.999000e+03 -9.999000e+03 -9.999000e+03 -9.999000e+03 -9.999000e+03 -9.999000e+03 -9.999000e+03
9.541447e-01 1.058589e+00 1.294840e+00 1.355677e+00 1.445824e+00 1.480368e+00 1.535902e+00 1.524283e+00 1.474494e+00 1.478294e+00 1.434599e+00 1.382203e+00 1.385718e+00 1.393871e+00 1.406792e+00 1.424253e+00 1.970621e+00 1.982070e+00 1.515648e+00 1.487373e+00 1.354937e+00 1.281756e+00 1.203292e+00 1.284204e+00 1.008373e+00 1.138990e+00 8.903631e-01 3.234499e+00 2.154379e+00 1.773818e+00 1.413753e+00 1.145242e+00 1.034301e+00 1.058617e+00 9.344598e-01 -9.999000e+03 -9.999000e+03 -9.999000e+03 -9.999000e+03 -9.999000e+03 -9.999000e+03 -9.999000e+03 -9.999000e+03 -9.999000e+03 -9.999000e+03 -9.999000e+03 -9.999000e+03 -9.999000e+03 -9.999000e+03 -9.999000e+03 -9.999000e+03 -9.999000e+03
1.224935e+00 1.055355e+00 1.145987e+00 1.354331e+00 1.410560e+00 1.490154e+00 1.522188e+00 1.565514e+00 1.558557e+00 1.516016e+00 1.519201e+00 1.482685e+00 1.441826e+00 1.452362e+00 1.463374e+00 1.474198e+00 1.767582e+00 2.006321e+00 1.529921e+00 1.500012e+00 1.394935e+00 1.333588e+00 1.269516e+00 1.334830e+00 1.108811e+00 1.213697e+00 1.015310e+00 3.251794e+00 8.829030e-01 2.201991e+00 1.876153e+00 1.267249e+00 1.151947e+00 1.146421e+00 1.039118e+00 9.024041e-01 9.273892e-01 9.298156e-01 -9.999000e+03 -9.999000e+03 -9.999000e+03 -9.999000e+03 -9.999000e+03 -9.999000e+03 -9.999000e+03 -9.999000e+03 -9.999000e+03 -9.999000e+03 -9.999000e+03 -9.999000e+03 -9.999000e+03 -9.999000e+03
9.462542e-01 1.288214e+00 1.145003e+00 1.228186e+00 1.414375e+00 1.465693e+00 1.532926e+00 1.556819e+00 1.587046e+00 1.583838e+00 1.551662e+00 1.557922e+00 1.531761e+00 1.500322e+00 1.509859e+00 1.518402e+00 1.737821e+00 2.025556e+00 1.544289e+00 1.515578e+00 1.435022e+00 1.385041e+00 1.332782e+00 1.383968e+00 1.194104e+00 1.276752e+00 1.107697e+00 3.264507e+00 1.009703e+00 2.237292e+00 1.963092e+00 1.357478e+00 1.251681e+00 1.231252e+00 1.134819e+00 1.035064e+00 1.063926e+00 9.196888e-01 1.083897e+00 9.328373e-01 -9.999000e+03 -9.999000e+03 -9.999000e+03 -9.999000e+03 -9.999000e+03 -9.999000e+03 -9.999000e+03 -9.999000e+03 -9.999000e+03 -9.999000e+03 -9.999000e+03 -9.999000e+03
1.048235e+00 8.142638e-01 1.351869e+00 1.233375e+00 1.309274e+00 1.470423e+00 1.511120e+00 1.562966e+00 1.581661e+00 1.605764e+00 1.607867e+00 1.586467e+00 1.593730e+00 1.572286e+00 1.546397e+00 1.558372e+00 1.722256e+00 2.038906e+00 1.563888e+00 1.538092e+00 1.479265e+00 1.440204e+00 1.397372e+00 1.434635e+00 1.271599e+00 1.333961e+00 1.186500e+00 3.037977e+00 1.103811e+00 2.255969e+00 2.015317e+00 1.408316e+00 1.335168e+00 1.324417e+00 1.240502e+00 1.154374e+00 8.981008e-01 9.120208e-01 1.080274e+00 1.210752e+00 1.097164e+00 0.000000e+00 -9.999000e+03 -9.999000e+03 -9.999000e+03 -9.999000e+03 -9.999000e+03 -9.999000e+03 -9.999000e+03 -9.999000e+03 -9.999000e+03 -9.999000e+03
1.136736e+00 9.515123e-01 1.410078e+00 1.309650e+00 8.341236e-01 1.376843e+00 1.514099e+00 1.545659e+00 1.587452e+00 1.603622e+00 1.623503e+00 1.629444e+00 1.615596e+00 1.623288e+00 1.610216e+00 1.595398e+00 1.636803e+00 2.027036e+00 1.578381e+00 1.556217e+00 1.514212e+00 1.484754e+00 1.450708e+00 1.478064e+00 1.338668e+00 1.384588e+00 1.255186e+00 3.001331e+00 1.183489e+00 2.270365e+00 2.064713e+00 1.447350e+00 1.400796e+00 1.402616e+00 1.334879e+00 1.258368e+00 1.051945e+00 1.063522e+00 9.130179e-01 1.199875e+00 0.000000e+00 0.000000e+00 0.000000e+00 0.000000e+00 -9.999000e+03 -9.999000e+03 -9.999000e+03 -9.999000e+03 -9.999000e+03 -9.999000e+03 -9.999000e+03 -9.999000e+03
1.218114e+00 1.062958e+00 1.463486e+00 1.375345e+00 8.320578e-01 9.715247e-01 1.433604e+00 1.549219e+00 1.573334e+00 1.606911e+00 1.621413e+00 1.639441e+00 1.649153e+00 1.645592e+00 1.659349e+00 1.654667e+00 1.639590e+00 1.749945e+00 1.583740e+00 1.564915e+00 1.534908e+00 1.513863e+00 1.488949e+00 1.511217e+00 1.395384e+00 1.429290e+00 1.316713e+00 3.084993e+00 1.256177e+00 2.280360e+00 2.116690e+00 1.478696e+00 1.447497e+00 1.457057e+00 1.409460e+00 1.349564e+00 1.176200e+00 1.180030e+00 1.062724e+00 0.000000e+00 0.000000e+00 1.527498e+00 1.296917e+00 1.027571e+00 0.000000e+00 -9.999000e+03 -9.999000e+03 -9.999000e+03 -9.999000e+03 -9.999000e+03 -9.999000e+03 -9.999000e+03
1.298165e+00 1.163199e+00 1.513814e+00 1.434112e+00 9.699669e-01 8.313254e-01 1.077503e+00 1.478120e+00 1.576566e+00 1.598754e+00 1.628103e+00 1.644011e+00 1.662810e+00 1.677616e+00 1.680404e+00 1.688592e+00 1.676914e+00 1.655088e+00 1.594210e+00 1.568365e+00 1.549586e+00 1.537286e+00 1.520877e+00 1.538879e+00 1.443628e+00 1.468001e+00 1.372246e+00 3.355900e+00 1.320622e+00 2.271238e+00 2.163940e+00 1.499376e+00 1.479769e+00 1.493446e+00 8.824773e-01 8.928866e-01 1.268463e+00 1.266696e+00 0.000000e+00 0.000000e+00 9.767960e-01 1.593048e+00 1.395797e+00 1.165438e+00 1.013986e+00 0.000000e+00 -9.999000e+03 -9.999000e+03 -9.999000e+03 -9.999000e+03 -9.999000e+03 -9.999000e+03
1.381722e+00 1.259066e+00 1.561928e+00 1.487511e+00 1.078472e+00 9.675135e-01 8.264046e-01 1.160887e+00 1.519971e+00 1.609415e+00 1.632424e+00 1.660640e+00 1.677709e+00 1.693289e+00 1.699737e+00 1.692969e+00 1.689828e+00 1.673700e+00 1.556299e+00 1.568196e+00 1.560880e+00 1.557716e+00 1.548822e+00 1.562310e+00 1.484157e+00 1.501376e+00 1.423230e+00 3.355900e+00 1.377875e+00 2.213733e+00 2.205610e+00 1.510691e+00 1.499974e+00 8.553011e-01 8.677403e-01 8.790687e-01 1.331277e+00 0.000000e+00 0.000000e+00 9.275369e-01 1.119275e+00 1.687172e+00 1.513905e+00 1.301752e+00 1.168773e+00 9.887231e-01 1.009142e+00 -9.999000e+03 -9.999000e+03 -9.999000e+03 -9.999000e+03 -9.999000e+03
1.475063e+00 1.357087e+00 1.613845e+00 1.543509e+00 8.406846e-01 1.172864e+00 1.076269e+00 9.672572e-01 1.246204e+00 1.566483e+00 1.642913e+00 1.663767e+00 1.684800e+00 1.694102e+00 1.698803e+00 1.696689e+00 1.687241e+00 1.680769e+00 1.553734e+00 1.572835e+00 1.574374e+00 1.577235e+00 1.572571e+00 1.580960e+00 1.517817e+00 1.530531e+00 1.470089e+00 3.355900e+00 1.432737e+00 1.997721e+00 2.250115e+00 1.522896e+00 8.432427e-01 8.476179e-01 8.569211e-01 8.669609e-01 0.000000e+00 0.000000e+00 9.046075e-01 1.071365e+00 1.217226e+00 1.751461e+00 9.512404e-01 9.743175e-01 1.270341e+00 1.130595e+00 1.131128e+00 9.919544e-01 0.000000e+00 -9.999000e+03 -9.999000e+03 -9.999000e+03
1.536763e+00 1.567153e+00 1.448814e+00 1.665454e+00 1.598361e+00 9.920090e-01 1.261776e+00 1.177355e+00 1.085341e+00 1.321893e+00 1.599785e+00 1.659105e+00 1.671272e+00 1.683334e+00 1.688215e+00 1.690129e+00 1.688409e+00 1.682342e+00 1.679420e+00 1.546159e+00 1.593989e+00 1.597862e+00 1.592771e+00 1.595029e+00 1.545277e+00 1.556200e+00 1.513449e+00 3.355900e+00 1.487750e+00 1.653684e+00 2.301134e+00 8.441108e-01 8.464992e-01 8.476377e-01 0.000000e+00 0.000000e+00 0.000000e+00 8.655245e-01 1.045712e+00 1.174436e+00 1.291088e+00 8.970983e-01 9.110561e-01 1.096457e+00 1.336525e+00 1.255983e+00 1.267945e+00 9.743572e-01 9.907333e-01 0.000000e+00 -9.999000e+03 -9.999000e+03
2.594607e+00 2.594607e+00 1.423023e+00 1.329675e+00 1.702223e+00 1.637107e+00 1.102386e+00 1.333864e+00 1.256427e+00 1.172807e+00 1.378091e+00 1.616355e+00 1.659405e+00 1.666857e+00 1.675382e+00 1.680119e+00 1.684026e+00 1.686044e+00 1.686073e+00 1.375763e+00 1.618569e+00 1.622389e+00 1.615037e+00 1.611309e+00 1.573538e+00 1.584608e+00 1.558358e+00 3.268043e+00 1.540403e+00 1.609752e+00 2.351037e+00 8.459022e-01 8.462174e-01 0.000000e+00 0.000000e+00 8.809642e-01 8.566193e-01 1.006137e+00 1.150452e+00 1.255064e+00 8.765556e-01 8.833340e-01 8.923023e-01 1.187469e+00 1.382579e+00 1.334400e+00 9.540190e-01 9.522197e-01 9.509154e-01 1.277984e+00 9.991393e-01 0.000000e+00
1.563103e+00 1.641938e+00 2.594607e+00 1.491047e+00 1.400404e+00 1.465330e+00 1.414237e+00 1.045007e+00 1.201568e+00 1.145335e+00 1.085106e+00 1.224346e+00 1.379947e+00 1.404474e+00 1.409844e+00 1.418453e+00 1.428144e+00 1.438252e+00 1.448063e+00 1.456737e+00 1.419810e+00 1.425497e+00 1.414714e+00 1.404775e+00 1.607944e+00 1.621058e+00 1.609092e+00 3.192648e+00 1.590841e+00 1.626862e+00 2.396161e+00 8.450190e-01 0.000000e+00 0.000000e+00 8.739535e-01 1.026622e+00 1.000347e+00 1.114173e+00 1.235103e+00 8.602614e-01 8.671302e-01 8.754895e-01 8.845444e-01 8.968737e-01 1.415652e+00 1.377945e+00 9.170557e-01 1.081320e+00 1.086904e+00 1.330278e+00 9.524628e-01 1.277570e+00
8.007268e-01 9.343492e-01 1.043428e+00 2.594607e+00 2.594607e+00 2.594607e+00 2.594607e+00 1.462609e+00 1.135540e+00 1.279520e+00 1.230326e+00 1.175947e+00 1.302289e+00 1.438749e+00 1.549023e+00 1.473891e+00 1.485596e+00 1.496355e+00 1.506966e+00 1.516835e+00 8.151680e-01 1.457685e+00 1.569965e+00 1.464782e+00 1.414712e+00 1.431451e+00 1.658551e+00 3.115188e+00 1.633609e+00 1.648224e+00 2.432062e+00 0.000000e+00 0.000000e+00 8.451121e-01 1.016389e+00 1.137672e+00 1.111157e+00 1.204776e+00 1.308326e+00 8.552312e-01 8.606209e-01 8.692171e-01 8.779720e-01 8.885059e-01 1.445082e+00 1.418220e+00 1.064524e+00 1.184766e+00 1.190124e+00 1.407628e+00 1.085679e+00 1.325178e+00
1.010925e+00 1.094591e+00 1.175081e+00 1.265703e+00 1.338684e+00 1.385225e+00 1.429666e+00 2.594607e+00 2.594607e+00 2.594607e+00 2.594607e+00 2.594607e+00 2.594607e+00 2.594607e+00 2.594607e+00 2.594607e+00 2.594607e+00 1.572412e+00 1.568393e+00 1.566335e+00 1.561218e+00 9.407382e-01 1.506640e+00 1.512400e+00 1.485626e+00 1.509950e+00 1.470200e+00 3.022938e+00 1.664486e+00 1.663587e+00 0.000000e+00 0.000000e+00 8.385807e-01 8.425003e-01 1.123672e+00 1.227144e+00 1.202538e+00 1.283647e+00 1.373559e+00 8.535912e-01 8.571419e-01 8.647546e-01 8.724756e-01 8.818731e-01 8.934991e-01 9.052862e-01 1.190528e+00 1.285009e+00 1.282678e+00 1.472620e+00 1.180144e+00 1.395994e+00
9.015221e-01 9.983199e-01 1.089632e+00 2.190541e+00 2.196661e+00 2.189482e+00 2.176800e+00 2.167044e+00 2.163051e+00 2.164229e+00 2.169510e+00 2.178179e+00 2.190522e+00 2.206058e+00 2.222766e+00 2.236390e+00 2.238161e+00 2.594607e+00 2.594607e+00 1.633915e+00 1.619310e+00 1.598251e+00 1.536632e+00 1.567940e+00 1.554360e+00 1.578860e+00 1.544209e+00 2.355667e+00 1.684607e+00 0.000000e+00 0.000000e+00 8.389982e-01 8.370289e-01 8.408872e-01 1.212445e+00 1.302550e+00 1.279306e+00 1.349761e+00 8.497251e-01 8.496331e-01 8.523739e-01 8.596817e-01 8.675588e-01 8.758793e-01 8.858439e-01 8.981648e-01 9.094384e-01 1.369408e+00 1.364594e+00 1.532487e+00 1.267944e+00 1.463789e+00
1.588850e+00 2.743210e+00 2.734894e+00 1.620470e+00 1.602452e+00 1.580112e+00 1.562695e+00 1.550024e+00 1.530506e+00 1.522574e+00 1.519783e+00 1.310306e+00 1.272940e+00 1.283363e+00 1.296815e+00 1.311848e+00 1.490646e+00 1.617454e+00 1.732472e+00 2.594607e+00 2.594607e+00 2.594607e+00 2.594607e+00 1.584120e+00 1.625482e+00 1.637143e+00 1.599665e+00 2.303292e+00 0.000000e+00 0.000000e+00 8.453923e-01 9.778022e-01 8.361574e-01 8.401989e-01 1.288871e+00 1.366983e+00 1.343994e+00 1.404130e+00 8.440998e-01 8.436611e-01 8.459542e-01 8.531106e-01 8.625307e-01 8.713614e-01 8.778381e-01 8.859499e-01 8.981151e-01 1.434317e+00 1.435697e+00 1.590172e+00 1.360648e+00 1.535214e+00
2.759804e+00 1.658966e+00 1.641234e+00 1.624024e+00 1.605483e+00 1.585942e+00 1.568122e+00 1.533803e+00 1.518083e+00 1.506617e+00 1.502686e+00 1.417336e+00 1.419806e+00 1.424295e+00 1.431366e+00 1.308201e+00 1.278914e+00 2.362364e+00 2.475876e+00 2.578433e+00 2.594607e+00 2.485791e+00 2.594607e+00 2.594607e+00 1.667299e+00 1.712150e+00 1.653481e+00 8.118011e-01 0.000000e+00 8.131280e-01 9.907754e-01 1.086791e+00 8.339218e-01 9.774983e-01 1.354119e+00 1.422640e+00 1.399793e+00 1.450074e+00 8.397747e-01 8.394257e-01 8.419347e-01 8.482504e-01 8.578089e-01 8.684122e-01 8.738552e-01 8.777738e-01 8.870811e-01 8.986922e-01 1.486868e+00 1.627841e+00 1.435154e+00 1.591642e+00
1.680264e+00 1.666650e+00 1.652555e+00 1.640341e+00 1.627201e+00 1.610314e+00 1.559990e+00 1.540306e+00 1.521884e+00 1.510141e+00 1.382671e+00 1.379778e+00 1.377478e+00 1.376754e+00 1.488989e+00 1.416511e+00 2.604949e+00 1.516987e+00 1.244531e+00 1.235582e+00 1.249456e+00 0.000000e+00 0.000000e+00 0.000000e+00 2.594607e+00 1.845015e+00 1.747908e+00 0.000000e+00 0.000000e+00 9.753621e-01 1.001877e+00 1.181806e+00 8.310237e-01 1.079649e+00 1.408898e+00 1.470672e+00 1.448412e+00 8.387688e-01 8.363702e-01 8.357602e-01 8.393021e-01 8.458015e-01 8.545319e-01 8.660173e-01 8.724785e-01 8.738782e-01 8.780961e-01 8.855869e-01 1.517380e+00 1.640962e+00 1.484372e+00 1.625988e+00
1.683422e+00 1.674413e+00 1.665382e+00 1.658635e+00 1.650307e+00 1.586322e+00 1.567166e+00 1.547458e+00 1.531231e+00 1.355562e+00 1.348077e+00 1.341979e+00 1.337349e+00 1.482706e+00 1.375733e+00 2.396412e+00 1.504597e+00 1.374652e+00 1.327937e+00 1.334889e+00 1.263219e+00 1.173997e+00 1.212813e+00 0.000000e+00 0.000000e+00 0.000000e+00 2.236156e+00 0.000000e+00 8.494115e-01 1.127275e+00 1.131338e+00 1.126609e+00 9.785892e-01 1.172797e+00 1.458680e+00 1.510951e+00 1.488831e+00 8.363979e-01 8.342340e-01 8.323093e-01 8.351787e-01 8.425254e-01 8.517090e-01 8.636011e-01 8.711434e-01 8.728033e-01 8.748153e-01 1.030638e+00 1.538936e+00 1.641538e+00 1.520998e+00 1.642628e+00
1.688941e+00 1.684528e+00 1.680095e+00 1.676605e+00 1.600256e+00 1.586583e+00 1.568765e+00 1.553773e+00 1.331795e+00 1.320906e+00 1.309776e+00 1.302109e+00 1.488507e+00 1.344661e+00 2.476891e+00 1.518141e+00 1.332718e+00 1.268598e+00 1.263355e+00 1.412166e+00 1.264497e+00 1.105436e+00 1.118827e+00 1.165735e+00 1.190216e+00 0.000000e+00 0.000000e+00 0.000000e+00 2.454497e+00 1.028283e+00 1.338536e+00 1.245749e+00 1.114056e+00 1.269960e+00 1.508005e+00 1.544480e+00 1.520942e+00 8.330860e-01 8.324278e-01 8.301702e-01 8.313468e-01 8.381105e-01 8.481973e-01 8.612481e-01 8.699575e-01 8.732482e-01 8.755711e-01 1.144868e+00 1.555967e+00 1.634803e+00 1.548821e+00 1.644286e+00
1.692584e+00 1.692800e+00 1.690507e+00 1.593100e+00 1.586534e+00 1.573234e+00 1.558764e+00 1.289977e+00 1.286109e+00 1.275212e+00 1.264503e+00 1.496425e+00 1.314906e+00 2.622592e+00 1.548427e+00 1.297265e+00 1.222349e+00 1.212644e+00 1.385679e+00 1.199496e+00 1.198658e+00 1.199596e+00 1.054551e+00 1.074975e+00 1.114060e+00 1.428373e+00 0.000000e+00 0.000000e+00 0.000000e+00 0.000000e+00 1.479074e+00 1.368462e+00 1.101297e+00 1.353601e+00 1.550881e+00 1.573773e+00 1.548902e+00 8.304175e-01 8.290706e-01 8.277754e-01 8.284081e-01 8.332832e-01 8.422338e-01 8.549298e-01 8.641862e-01 8.692099e-01 8.729888e-01 1.238251e+00 1.568864e+00 1.622576e+00 1.563517e+00 1.631063e+00
1.695371e+00 1.696878e+00 1.575081e+00 1.569857e+00 1.560455e+00 1.547845e+00 1.221170e+00 1.222890e+00 1.221847e+00 1.216240e+00 1.500175e+00 1.278464e+00 2.855302e+00 1.588661e+00 1.258053e+00 1.174027e+00 1.165850e+00 1.367640e+00 1.142932e+00 1.137974e+00 1.134377e+00 1.128528e+00 1.129594e+00 1.010785e+00 1.024608e+00 0.000000e+00 0.000000e+00 9.119052e-01 1.011462e+00 0.000000e+00 0.000000e+00 0.000000e+00 1.201974e+00 1.231280e+00 1.582581e+00 1.599616e+00 1.574904e+00 8.293808e-01 8.256424e-01 8.250048e-01 8.258021e-01 8.290021e-01 8.354201e-01 8.455995e-01 8.542652e-01 8.607572e-01 8.667211e-01 1.315082e+00 1.579449e+00 1.609793e+00 1.566011e+00 1.606501e+00
