tests/data/reference/test_implicit_stream_rill_mfda/control/cinfil_m3.asc
ncols	123
nrows	77
xllcorner	-713746.79929998
yllcorner	-1061022.36961616
cellsize	10.0
NODATA_value	-9999
[rows 46 to 68 of 77, columns 0 to 51 of 123]
-9.999000e+03 -9.999000e+03 -9.999000e+03 -9.999000e+03 -9.999000e+03 -9.999000e+03 0.000000e+00 2.230757e+00 1.335669e+00 1.324240e+00 1.011310e+00 1.171580e+00 1.379833e+00 1.445976e+00 1.530421e+00 1.924514e+00 1.465114e+00 1.524039e+00 1.559294e+00 1.564866e+00 1.559904e+00 1.086433e+00 1.085323e+00 1.091234e+00 1.211938e+00 1.297740e+00 1.373439e+00 1.447621e+00 1.508548e+00 1.553859e+00 1.589437e+00 2.629151e+00 2.687148e+00 1.643233e+00 1.640911e+00 1.631766e+00 1.619046e+00 1.605018e+00 1.591467e+00 1.578512e+00 1.579857e+00 1.572584e+00 1.576203e+00 1.575333e+00 1.580042e+00 1.590448e+00 1.601881e+00 1.613566e+00 1.629230e+00 1.656456e+00 1.673389e+00 1.683022e+00
-9.999000e+03 -9.999000e+03 -9.999000e+03 -9.999000e+03 -9.999000e+03 -9.999000e+03 2.407201e+00 1.770024e+00 1.182149e+00 1.167058e+00 9.880831e-01 1.277017e+00 1.357375e+00 1.475268e+00 1.910284e+00 1.367867e+00 1.458450e+00 1.527636e+00 1.563441e+00 1.566774e+00 9.394756e-01 9.296682e-01 9.248493e-01 9.252505e-01 1.082581e+00 1.193345e+00 1.288271e+00 2.375674e+00 2.445904e+00 2.504745e+00 2.563626e+00 1.600250e+00 1.607499e+00 1.613291e+00 1.610850e+00 1.605405e+00 1.596953e+00 1.585335e+00 1.572734e+00 1.577276e+00 1.561546e+00 1.563449e+00 1.559521e+00 1.560164e+00 1.564611e+00 1.573432e+00 1.583133e+00 1.593039e+00 1.615228e+00 1.630059e+00 1.650123e+00 1.656585e+00
-9.999000e+03 -9.999000e+03 -9.999000e+03 -9.999000e+03 -9.999000e+03 0.000000e+00 1.825020e+00 1.635829e+00 1.000119e+00 9.950740e-01 1.164806e+00 1.280561e+00 1.449003e+00 1.888276e+00 1.256109e+00 1.357698e+00 1.443663e+00 1.511847e+00 1.548724e+00 1.553559e+00 1.695334e+00 1.808672e+00 1.906418e+00 2.047447e+00 2.144484e+00 2.224414e+00 2.297654e+00 1.503033e+00 1.519006e+00 1.535174e+00 1.546127e+00 1.560005e+00 1.576021e+00 1.580929e+00 1.581570e+00 1.579584e+00 1.573250e+00 1.561414e+00 1.574476e+00 1.553727e+00 1.557925e+00 1.550228e+00 1.548821e+00 1.549349e+00 1.551971e+00 1.556784e+00 1.564119e+00 1.589671e+00 1.595652e+00 1.610198e+00 1.613293e+00 1.394979e+00
-9.999000e+03 -9.999000e+03 -9.999000e+03 -9.999000e+03 0.000000e+00 1.964651e+00 1.310739e+00 1.483992e+00 1.016161e+00 1.027878e+00 1.195479e+00 1.443409e+00 1.861889e+00 1.145236e+00 1.264100e+00 1.353761e+00 1.425628e+00 1.490003e+00 1.527230e+00 1.519251e+00 1.499557e+00 1.480127e+00 1.798522e+00 1.281576e+00 1.347779e+00 1.399653e+00 1.432111e+00 1.448471e+00 1.474762e+00 1.487226e+00 1.500315e+00 1.526549e+00 1.540801e+00 1.548459e+00 1.551720e+00 1.551051e+00 1.544626e+00 1.569259e+00 1.540564e+00 1.550330e+00 1.540592e+00 1.539685e+00 1.539739e+00 1.539625e+00 1.538981e+00 1.539863e+00 1.568893e+00 1.569410e+00 1.581823e+00 1.572764e+00 1.299394e+00 1.312892e+00
-9.999000e+03 -9.999000e+03 -9.999000e+03 -9.999000e+03 0.000000e+00 1.508693e+00 1.179870e+00 1.308535e+00 1.225024e+00 1.050259e+00 1.418014e+00 1.813839e+00 1.002514e+00 1.156336e+00 1.266416e+00 1.344270e+00 1.410112e+00 1.474997e+00 1.489957e+00 1.472387e+00 1.447222e+00 1.747029e+00 1.184302e+00 1.259181e+00 1.317856e+00 1.357378e+00 1.371409e+00 1.399741e+00 1.414009e+00 1.429567e+00 1.459768e+00 1.477011e+00 1.490164e+00 1.500023e+00 1.505496e+00 1.506181e+00 1.555083e+00 1.520655e+00 1.538161e+00 1.523280e+00 1.523060e+00 1.525638e+00 1.527003e+00 1.525344e+00 1.522911e+00 1.557731e+00 1.545299e+00 1.555733e+00 1.540120e+00 1.205067e+00 1.210543e+00 1.223285e+00
-9.999000e+03 -9.999000e+03 -9.999000e+03 0.000000e+00 2.031889e+00 1.418884e+00 1.036298e+00 1.236043e+00 1.066301e+00 1.359359e+00 1.691702e+00 1.465479e+00 1.019988e+00 1.167878e+00 1.265072e+00 1.336444e+00 1.401304e+00 1.431378e+00 1.434775e+00 1.414224e+00 1.682830e+00 1.067604e+00 1.168549e+00 1.239711e+00 1.282582e+00 1.294133e+00 1.329014e+00 1.338272e+00 1.350942e+00 1.390278e+00 1.409098e+00 1.422173e+00 1.432993e+00 1.441381e+00 1.446209e+00 1.522433e+00 1.482696e+00 1.518882e+00 1.500405e+00 1.498395e+00 1.499983e+00 1.504534e+00 1.505627e+00 1.504004e+00 1.553043e+00 1.527366e+00 1.531480e+00 1.505764e+00 1.109266e+00 1.109255e+00 1.113265e+00 1.123697e+00
-9.999000e+03 -9.999000e+03 -9.999000e+03 0.000000e+00 1.540412e+00 1.242966e+00 1.080325e+00 1.113500e+00 1.290127e+00 1.283047e+00 1.614959e+00 1.441162e+00 1.046329e+00 1.183179e+00 1.269005e+00 1.340274e+00 1.353725e+00 1.364702e+00 1.367866e+00 1.614651e+00 9.370115e-01 1.077098e+00 1.174555e+00 1.228703e+00 1.228697e+00 1.271295e+00 1.278062e+00 1.285077e+00 1.329779e+00 1.349575e+00 1.363889e+00 1.374885e+00 1.381751e+00 1.384028e+00 1.488617e+00 1.428095e+00 1.484056e+00 1.463330e+00 1.467748e+00 1.466834e+00 1.466854e+00 1.469229e+00 1.470555e+00 1.542299e+00 1.506348e+00 1.509404e+00 1.471907e+00 9.976641e-01 9.976296e-01 9.988304e-01 1.002374e+00 2.039813e+00
-9.999000e+03 -9.999000e+03 0.000000e+00 1.212537e+00 1.269835e+00 1.261812e+00 1.151815e+00 1.180241e+00 1.157246e+00 1.194410e+00 1.622573e+00 1.421325e+00 1.091278e+00 1.206049e+00 1.285803e+00 1.283252e+00 1.276565e+00 1.275362e+00 1.419509e+00 1.406750e+00 9.756311e-01 1.115317e+00 1.192696e+00 1.179825e+00 1.229787e+00 1.226931e+00 1.228177e+00 1.281292e+00 1.293830e+00 1.305790e+00 1.318019e+00 1.326690e+00 1.327916e+00 1.467214e+00 1.375479e+00 1.450861e+00 1.409987e+00 1.420047e+00 1.428503e+00 1.426866e+00 1.421884e+00 1.420732e+00 1.519555e+00 1.469213e+00 1.476699e+00 1.433011e+00 8.612838e-01 8.565116e-01 8.557955e-01 8.586990e-01 1.958249e+00 1.479174e+00
-9.999000e+03 -9.999000e+03 3.337998e+00 1.307139e+00 1.083542e+00 1.146558e+00 1.210605e+00 1.149830e+00 1.377112e+00 1.775037e+00 1.181919e+00 1.353058e+00 1.137153e+00 1.236318e+00 1.204338e+00 1.194326e+00 1.178962e+00 1.170029e+00 1.191963e+00 1.335725e+00 1.032994e+00 1.163596e+00 1.131291e+00 1.207715e+00 1.191083e+00 1.176201e+00 1.241797e+00 1.242527e+00 1.242319e+00 1.248239e+00 1.257000e+00 1.263589e+00 1.455943e+00 1.327909e+00 1.434478e+00 1.364573e+00 1.366567e+00 1.375601e+00 1.381502e+00 1.376734e+00 1.369089e+00 1.495923e+00 1.417699e+00 1.425587e+00 1.376283e+00 1.371911e+00 1.426952e+00 1.472217e+00 1.755325e+00 1.868303e+00 1.423878e+00 1.426008e+00
-9.999000e+03 0.000000e+00 3.112375e+00 1.394492e+00 1.101957e+00 1.268819e+00 1.133524e+00 1.134765e+00 -9.999000e+03 -9.999000e+03 -9.999000e+03 1.186180e+00 1.160124e+00 1.084064e+00 1.055814e+00 1.054286e+00 1.041937e+00 1.021674e+00 1.042742e+00 1.129705e+00 1.153666e+00 1.072331e+00 1.191937e+00 1.166071e+00 1.136214e+00 1.217846e+00 1.198963e+00 1.182724e+00 1.174324e+00 1.173565e+00 1.177215e+00 1.441232e+00 1.274696e+00 1.426774e+00 1.322537e+00 1.317911e+00 1.319253e+00 1.323958e+00 1.322441e+00 1.314268e+00 1.478448e+00 1.364106e+00 1.366195e+00 1.306176e+00 1.304690e+00 1.468410e+00 1.554408e+00 1.645101e+00 1.555428e+00 1.359720e+00 1.362202e+00 1.359394e+00
-9.999000e+03 0.000000e+00 1.550137e+00 1.103654e+00 1.164281e+00 1.156273e+00 -9.999000e+03 -9.999000e+03 -9.999000e+03 -9.999000e+03 -9.999000e+03 -9.999000e+03 1.139919e+00 1.097803e+00 1.269136e+00 1.388599e+00 1.054353e+00 1.219704e+00 1.376873e+00 1.615625e+00 1.191954e+00 1.183502e+00 1.116871e+00 1.055460e+00 1.192897e+00 1.153874e+00 1.121203e+00 1.097047e+00 1.083495e+00 1.077485e+00 1.421282e+00 1.200302e+00 1.419564e+00 1.272006e+00 1.261816e+00 1.255929e+00 1.254955e+00 1.256135e+00 1.250288e+00 1.460986e+00 1.304258e+00 1.301749e+00 1.225820e+00 1.226445e+00 1.425392e+00 1.294915e+00 1.288093e+00 1.537886e+00 1.284894e+00 1.289539e+00 1.288874e+00 1.499101e+00
0.000000e+00 2.043051e+00 1.280754e+00 1.159987e+00 1.286412e+00 1.098279e+00 -9.999000e+03 -9.999000e+03 -9.999000e+03 -9.999000e+03 -9.999000e+03 -9.999000e+03 -9.999000e+03 -9.999000e+03 -9.999000e+03 1.047764e+00 1.435245e+00 1.029780e+00 1.047414e+00 1.076335e+00 1.663129e+00 -9.999000e+03 -9.999000e+03 1.117044e+00 1.054070e+00 1.022179e+00 9.915566e-01 9.645210e-01 9.519172e-01 1.408453e+00 1.106572e+00 1.407604e+00 1.212052e+00 1.195390e+00 1.182253e+00 1.173936e+00 1.169630e+00 1.170167e+00 1.446502e+00 1.239542e+00 1.228085e+00 1.132687e+00 1.133095e+00 1.373768e+00 1.224161e+00 1.215459e+00 1.521428e+00 1.204399e+00 1.204744e+00 1.208882e+00 1.466200e+00 1.272242e+00
0.000000e+00 1.174157e+00 1.192879e+00 1.193994e+00 1.093033e+00 -9.999000e+03 -9.999000e+03 -9.999000e+03 -9.999000e+03 -9.999000e+03 -9.999000e+03 -9.999000e+03 -9.999000e+03 -9.999000e+03 -9.999000e+03 -9.999000e+03 -9.999000e+03 -9.999000e+03 -9.999000e+03 -9.999000e+03 -9.999000e+03 -9.999000e+03 -9.999000e+03 1.134598e+00 1.068378e+00 1.046895e+00 1.200056e+00 1.291990e+00 1.375491e+00 9.889168e-01 1.396342e+00 1.139436e+00 1.120926e+00 1.095219e+00 1.078670e+00 1.069555e+00 1.063920e+00 1.422491e+00 1.171482e+00 1.150634e+00 1.021857e+00 1.021026e+00 1.311467e+00 1.138357e+00 1.135786e+00 1.508681e+00 1.122103e+00 1.118059e+00 1.118112e+00 1.431144e+00 1.211184e+00 1.578599e+00
-9.999000e+03 1.080557e+00 1.097921e+00 1.047975e+00 -9.999000e+03 -9.999000e+03 -9.999000e+03 -9.999000e+03 -9.999000e+03 -9.999000e+03 -9.999000e+03 -9.999000e+03 -9.999000e+03 -9.999000e+03 -9.999000e+03 -9.999000e+03 -9.999000e+03 -9.999000e+03 -9.999000e+03 -9.999000e+03 -9.999000e+03 -9.999000e+03 -9.999000e+03 -9.999000e+03 -9.999000e+03 -9.999000e+03 1.021722e+00 9.990469e-01 1.180539e+00 1.352663e+00 1.039304e+00 1.017276e+00 9.840491e-01 9.478473e-01 9.327226e-01 9.291810e-01 1.386888e+00 1.076241e+00 1.061860e+00 8.854075e-01 8.767037e-01 1.239496e+00 1.026817e+00 1.028369e+00 1.487869e+00 1.024457e+00 1.021546e+00 1.018969e+00 1.385308e+00 1.137117e+00 1.601691e+00 9.865952e-01
-9.999000e+03 -9.999000e+03 -9.999000e+03 -9.999000e+03 -9.999000e+03 -9.999000e+03 -9.999000e+03 -9.999000e+03 -9.999000e+03 -9.999000e+03 -9.999000e+03 -9.999000e+03 -9.999000e+03 -9.999000e+03 -9.999000e+03 -9.999000e+03 -9.999000e+03 -9.999000e+03 -9.999000e+03 -9.999000e+03 -9.999000e+03 -9.999000e+03 -9.999000e+03 -9.999000e+03 -9.999000e+03 -9.999000e+03 -9.999000e+03 -9.999000e+03 1.011441e+00 1.240311e+00 1.065772e+00 1.043292e+00 1.001610e+00 1.128171e+00 1.234291e+00 1.340027e+00 9.465433e-01 9.280756e-01 9.117067e-01 1.051777e+00 1.158232e+00 8.843391e-01 8.817755e-01 1.450313e+00 8.797596e-01 8.794183e-01 8.806753e-01 1.330376e+00 1.032828e+00 1.608492e+00 8.671937e-01 8.462537e-01
-9.999000e+03 -9.999000e+03 -9.999000e+03 -9.999000e+03 -9.999000e+03 -9.999000e+03 -9.999000e+03 -9.999000e+03 -9.999000e+03 -9.999000e+03 -9.999000e+03 -9.999000e+03 -9.999000e+03 -9.999000e+03 -9.999000e+03 -9.999000e+03 -9.999000e+03 -9.999000e+03 -9.999000e+03 -9.999000e+03 -9.999000e+03 -9.999000e+03 -9.999000e+03 -9.999000e+03 -9.999000e+03 -9.999000e+03 -9.999000e+03 -9.999000e+03 -9.999000e+03 1.052371e+00 1.375662e+00 1.200441e+00 1.158313e+00 9.473531e-01 9.405269e-01 9.579686e-01 9.568266e-01 9.347818e-01 1.080152e+00 1.186174e+00 1.273552e+00 1.349350e+00 1.408838e+00 8.838833e-01 1.032063e+00 1.148287e+00 1.249790e+00 8.939351e-01 1.602385e+00 8.796639e-01 1.016884e+00 1.112143e+00
-9.999000e+03 -9.999000e+03 -9.999000e+03 -9.999000e+03 -9.999000e+03 -9.999000e+03 -9.999000e+03 -9.999000e+03 -9.999000e+03 -9.999000e+03 -9.999000e+03 -9.999000e+03 -9.999000e+03 -9.999000e+03 -9.999000e+03 -9.999000e+03 -9.999000e+03 -9.999000e+03 -9.999000e+03 -9.999000e+03 -9.999000e+03 -9.999000e+03 -9.999000e+03 -9.999000e+03 -9.999000e+03 -9.999000e+03 -9.999000e+03 -9.999000e+03 -9.999000e+03 -9.999000e+03 1.187779e+00 -9.999000e+03 -9.999000e+03 -9.999000e+03 -9.999000e+03 -9.999000e+03 -9.999000e+03 -9.999000e+03 9.200215e-01 1.073664e+00 1.192411e+00 1.293772e+00 1.368634e+00 1.418904e+00 1.460688e+00 1.498830e+00 1.538452e+00 1.584936e+00 9.006406e-01 1.031428e+00 1.130215e+00 1.213105e+00
-9.999000e+03 -9.999000e+03 -9.999000e+03 -9.999000e+03 -9.999000e+03 -9.999000e+03 -9.999000e+03 -9.999000e+03 -9.999000e+03 -9.999000e+03 -9.999000e+03 -9.999000e+03 -9.999000e+03 -9.999000e+03 -9.999000e+03 -9.999000e+03 -9.999000e+03 -9.999000e+03 -9.999000e+03 -9.999000e+03 -9.999000e+03 -9.999000e+03 -9.999000e+03 -9.999000e+03 -9.999000e+03 -9.999000e+03 -9.999000e+03 -9.999000e+03 -9.999000e+03 -9.999000e+03 -9.999000e+03 -9.999000e+03 -9.999000e+03 -9.999000e+03 -9.999000e+03 -9.999000e+03 -9.999000e+03 -9.999000e+03 -9.999000e+03 -9.999000e+03 -9.999000e+03 9.186336e-01 9.121233e-01 8.951497e-01 1.041355e+00 1.158569e+00 1.264258e+00 1.368548e+00 1.438513e+00 1.469947e+00 1.496317e+00 1.525014e+00
-9.999000e+03 -9.999000e+03 -9.999000e+03 -9.999000e+03 -9.999000e+03 -9.999000e+03 -9.999000e+03 -9.999000e+03 -9.999000e+03 -9.999000e+03 -9.999000e+03 -9.999000e+03 -9.999000e+03 -9.999000e+03 -9.999000e+03 -9.999000e+03 -9.999000e+03 -9.999000e+03 -9.999000e+03 -9.999000e+03 -9.999000e+03 -9.999000e+03 -9.999000e+03 -9.999000e+03 -9.999000e+03 -9.999000e+03 -9.999000e+03 -9.999000e+03 -9.999000e+03 -9.999000e+03 -9.999000e+03 -9.999000e+03 -9.999000e+03 -9.999000e+03 -9.999000e+03 -9.999000e+03 -9.999000e+03 -9.999000e+03 -9.999000e+03 -9.999000e+03 -9.999000e+03 -9.999000e+03 -9.999000e+03 -9.999000e+03 8.840219e-01 8.879574e-01 1.050512e+00 1.185374e+00 9.000335e-01 1.027405e+00 1.134777e+00 1.244317e+00
-9.999000e+03 -9.999000e+03 -9.999000e+03 -9.999000e+03 -9.999000e+03 -9.999000e+03 -9.999000e+03 -9.999000e+03 -9.999000e+03 -9.999000e+03 -9.999000e+03 -9.999000e+03 -9.999000e+03 -9.999000e+03 -9.999000e+03 -9.999000e+03 -9.999000e+03 -9.999000e+03 -9.999000e+03 -9.999000e+03 -9.999000e+03 -9.999000e+03 -9.999000e+03 -9.999000e+03 -9.999000e+03 -9.999000e+03 -9.999000e+03 -9.999000e+03 -9.999000e+03 -9.999000e+03 -9.999000e+03 -9.999000e+03 -9.999000e+03 -9.999000e+03 -9.999000e+03 -9.999000e+03 -9.999000e+03 -9.999000e+03 -9.999000e+03 -9.999000e+03 -9.999000e+03 -9.999000e+03 -9.999000e+03 -9.999000e+03 -9.999000e+03 -9.999000e+03 -9.999000e+03 -9.999000e+03 -9.999000e+03 -9.999000e+03 8.743682e-01 1.053436e+00
-9.999000e+03 -9.999000e+03 -9.999000e+03 -9.999000e+03 -9.999000e+03 -9.999000e+03 -9.999000e+03 -9.999000e+03 -9.999000e+03 -9.999000e+03 -9.999000e+03 -9.999000e+03 -9.999000e+03 -9.999000e+03 -9.999000e+03 -9.999000e+03 -9.999000e+03 -9.999000e+03 -9.999000e+03 -9.999000e+03 -9.999000e+03 -9.999000e+03 -9.999000e+03 -9.999000e+03 -9.999000e+03 -9.999000e+03 -9.999000e+03 -9.999000e+03 -9.999000e+03 -9.999000e+03 -9.999000e+03 -9.999000e+03 -9.999000e+03 -9.999000e+03 -9.999000e+03 -9.999000e+03 -9.999000e+03 -9.999000e+03 -9.999000e+03 -9.999000e+03 -9.999000e+03 -9.999000e+03 -9.999000e+03 -9.999000e+03 -9.999000e+03 -9.999000e+03 -9.999000e+03 -9.999000e+03 -9.999000e+03 -9.999000e+03 -9.999000e+03 9.092132e-01
-9.999000e+03 -9.999000e+03 -9.999000e+03 -9.999000e+03 -9.999000e+03 -9.999000e+03 -9.999000e+03 -9.999000e+03 -9.999000e+03 -9.999000e+03 -9.999000e+03 -9.999000e+03 -9.999000e+03 -9.999000e+03 -9.999000e+03 -9.999000e+03 -9.999000e+03 -9.999000e+03 -9.999000e+03 -9.999000e+03 -9.999000e+03 -9.999000e+03 -9.999000e+03 -9.999000e+03 -9.999000e+03 -9.999000e+03 -9.999000e+03 -9.999000e+03 -9.999000e+03 -9.999000e+03 -9.999000e+03 -9.999000e+03 -9.999000e+03 -9.999000e+03 -9.999000e+03 -9.999000e+03 -9.999000e+03 -9.999000e+03 -9.999000e+03 -9.999000e+03 -9.999000e+03 -9.999000e+03 -9.999000e+03 -9.999000e+03 -9.999000e+03 -9.999000e+03 -9.999000e+03 -9.999000e+03 -9.999000e+03 -9.999000e+03 -9.999000e+03 -9.999000e+03
-9.999000e+03 -9.999000e+03 -9.999000e+03 -9.999000e+03 -9.999000e+03 -9.999000e+03 -9.999000e+03 -9.999000e+03 -9.999000e+03 -9.999000e+03 -9.999000e+03 -9.999000e+03 -9.999000e+03 -9.999000e+03 -9.999000e+03 -9.999000e+03 -9.999000e+03 -9.999000e+03 -9.999000e+03 -9.999000e+03 -9.999000e+03 -9.999000e+03 -9.999000e+03 -9.999000e+03 -9.999000e+03 -9.999000e+03 -9.999000e+03 -9.999000e+03 -9.999000e+03 -9.999000e+03 -9.999000e+03 -9.999000e+03 -9.999000e+03 -9.999000e+03 -9.999000e+03 -9.999000e+03 -9.999000e+03 -9.999000e+03 -9.999000e+03 -9.999000e+03 -9.999000e+03 -9.999000e+03 -9.999000e+03 -9.999000e+03 -9.999000e+03 -9.999000e+03 -9.999000e+03 -9.999000e+03 -9.999000e+03 -9.999000e+03 -9.999000e+03 -9.999000e+03
