tests/data/reference/test_implicit_stream_rill_mfda/control/cinfil_m3.asc
ncols	123
nrows	77
xllcorner	-713746.79929998
yllcorner	-1061022.36961616
cellsize	10.0
NODATA_value	-9999
[rows 46 to 68 of 77, columns 52 to 103 of 123]
1.689190e+00 1.546509e+00 1.548604e+00 1.538947e+00 1.525457e+00 1.153960e+00 1.153240e+00 1.150620e+00 1.149848e+00 1.487744e+00 1.234879e+00 2.846193e+00 1.629109e+00 1.213337e+00 1.119716e+00 1.117379e+00 1.350161e+00 1.094829e+00 1.081476e+00 1.075547e+00 1.071044e+00 1.062273e+00 1.059578e+00 1.069614e+00 1.508787e+00 0.000000e+00 9.437234e-01 7.790083e-01 9.174338e-01 1.024145e+00 1.126732e+00 0.000000e+00 0.000000e+00 0.000000e+00 1.393668e+00 1.633274e+00 1.603100e+00 8.475696e-01 8.408471e-01 8.397057e-01 8.406644e-01 8.434162e-01 8.477355e-01 8.545733e-01 8.608629e-01 8.664908e-01 8.725289e-01 1.378588e+00 1.587820e+00 1.604554e+00 1.566221e+00 1.587324e+00
1.486623e+00 1.506817e+00 1.513551e+00 1.499187e+00 1.050443e+00 1.051325e+00 1.048684e+00 1.042480e+00 1.452835e+00 1.156489e+00 2.810886e+00 1.655487e+00 1.136106e+00 1.025362e+00 1.026714e+00 1.313944e+00 1.018592e+00 1.000130e+00 9.890646e-01 9.857110e-01 9.780850e-01 9.663490e-01 9.603756e-01 1.479748e+00 8.336410e-01 0.000000e+00 9.502648e-01 9.073821e-01 9.814605e-01 1.057097e+00 1.133513e+00 1.214035e+00 1.317674e+00 0.000000e+00 0.000000e+00 1.677454e+00 1.638506e+00 8.551163e-01 8.437865e-01 8.404220e-01 8.413742e-01 8.449437e-01 8.479748e-01 8.515647e-01 8.545244e-01 8.576656e-01 8.621997e-01 1.419787e+00 1.585504e+00 1.594578e+00 1.565609e+00 1.573667e+00
1.418737e+00 1.443913e+00 1.454138e+00 9.133505e-01 9.068699e-01 9.079014e-01 9.065179e-01 1.413924e+00 1.049782e+00 2.760503e+00 1.673613e+00 1.032158e+00 8.816233e-01 8.851094e-01 1.243021e+00 8.890282e-01 8.825635e-01 8.686918e-01 8.610528e-01 8.591854e-01 8.528632e-01 8.424835e-01 1.462214e+00 9.619314e-01 1.064138e+00 0.000000e+00 1.142190e+00 1.065226e+00 1.145827e+00 1.207958e+00 1.268412e+00 1.333722e+00 1.418520e+00 8.753667e-01 0.000000e+00 1.487943e+00 1.675866e+00 8.644275e-01 8.491531e-01 8.422600e-01 8.419121e-01 8.459594e-01 8.482068e-01 8.495150e-01 8.498202e-01 8.508107e-01 8.542368e-01 1.451606e+00 1.578586e+00 1.583325e+00 1.564893e+00 1.568495e+00
1.337948e+00 1.359787e+00 9.234451e-01 1.071922e+00 1.184358e+00 1.279167e+00 1.358797e+00 9.121966e-01 2.702807e+00 1.678886e+00 8.941946e-01 8.862185e-01 1.031903e+00 1.150941e+00 8.888490e-01 1.037905e+00 1.147971e+00 1.226179e+00 1.294259e+00 1.356786e+00 1.409090e+00 1.448849e+00 8.457824e-01 8.308841e-01 1.576803e+00 0.000000e+00 1.153639e+00 1.009421e+00 9.862134e-01 1.069440e+00 1.143229e+00 1.216652e+00 1.301168e+00 1.505917e+00 0.000000e+00 0.000000e+00 1.709538e+00 8.741493e-01 8.567616e-01 8.462297e-01 8.432345e-01 8.460510e-01 8.475968e-01 8.477739e-01 8.461844e-01 8.453901e-01 8.481348e-01 1.476687e+00 1.570152e+00 1.573775e+00 1.565014e+00 1.571530e+00
1.247222e+00 2.227059e+00 2.311946e+00 2.387165e+00 2.454181e+00 2.516146e+00 2.576217e+00 2.646066e+00 1.670757e+00 9.029630e-01 1.046406e+00 1.155998e+00 1.243115e+00 1.321785e+00 1.389075e+00 1.444692e+00 1.487439e+00 1.516086e+00 1.539723e+00 1.561431e+00 1.579385e+00 1.595058e+00 1.599601e+00 1.591918e+00 1.939805e+00 0.000000e+00 8.696940e-01 8.300047e-01 8.599049e-01 9.577748e-01 1.038492e+00 1.115257e+00 1.199552e+00 1.435731e+00 1.583915e+00 0.000000e+00 1.494834e+00 8.806902e-01 8.632284e-01 8.509138e-01 8.459511e-01 8.467942e-01 8.471790e-01 8.470673e-01 9.828473e-01 9.796583e-01 8.430950e-01 1.496447e+00 1.562457e+00 1.565987e+00 1.565270e+00 1.575873e+00
2.133720e+00 1.578139e+00 1.726012e+00 1.822115e+00 1.930138e+00 2.079413e+00 2.189243e+00 1.640482e+00 1.591469e+00 1.614239e+00 1.628333e+00 1.637905e+00 1.641913e+00 1.642746e+00 1.640901e+00 1.636803e+00 1.764550e+00 1.810536e+00 1.846241e+00 1.877750e+00 1.909236e+00 1.943594e+00 1.964436e+00 1.964013e+00 1.499193e+00 0.000000e+00 8.333017e-01 9.599567e-01 1.056285e+00 9.939007e-01 1.072445e+00 1.145093e+00 1.221937e+00 1.314786e+00 1.555645e+00 0.000000e+00 0.000000e+00 8.183247e-01 8.669716e-01 8.547118e-01 8.489804e-01 8.481650e-01 8.469909e-01 8.468786e-01 1.092219e+00 1.086126e+00 8.394279e-01 1.512083e+00 1.557711e+00 1.561848e+00 1.565023e+00 1.577663e+00
1.529089e+00 1.531575e+00 8.900881e-01 1.593250e+00 1.840218e+00 1.688816e+00 1.591850e+00 1.544340e+00 1.617527e+00 1.632864e+00 1.643024e+00 1.655230e+00 1.662719e+00 1.665003e+00 1.663654e+00 1.659111e+00 8.786599e-01 1.008785e+00 1.106216e+00 1.188571e+00 1.269457e+00 1.360059e+00 1.433645e+00 1.478522e+00 8.540086e-01 0.000000e+00 8.958185e-01 1.014635e+00 1.103164e+00 1.177293e+00 1.077993e+00 1.155531e+00 1.232001e+00 1.313505e+00 1.402547e+00 1.663930e+00 0.000000e+00 9.549823e-01 8.669597e-01 8.581737e-01 8.538334e-01 8.528159e-01 8.498546e-01 9.858369e-01 1.178352e+00 1.172410e+00 9.734315e-01 1.525167e+00 1.554913e+00 1.559822e+00 1.565909e+00 1.578502e+00
1.483666e+00 1.479229e+00 1.531432e+00 1.756353e+00 1.663317e+00 1.539684e+00 1.485572e+00 1.578358e+00 1.650560e+00 1.725699e+00 1.788480e+00 1.852706e+00 1.911724e+00 1.962256e+00 2.001491e+00 2.026113e+00 2.030000e+00 2.009234e+00 1.963077e+00 1.886822e+00 1.790837e+00 1.720226e+00 1.792055e+00 1.833255e+00 1.862157e+00 0.000000e+00 1.508146e+00 1.429047e+00 1.384653e+00 1.362712e+00 1.369605e+00 1.201694e+00 1.265371e+00 1.327275e+00 1.385682e+00 1.736651e+00 0.000000e+00 0.000000e+00 7.917375e-01 8.600084e-01 8.602551e-01 8.612720e-01 9.965336e-01 1.097479e+00 1.253808e+00 1.246432e+00 1.075762e+00 1.537701e+00 1.553989e+00 1.559090e+00 1.568278e+00 1.578828e+00
1.426755e+00 1.560612e+00 1.655466e+00 1.625380e+00 1.477120e+00 1.420586e+00 1.527963e+00 1.627555e+00 1.504379e+00 1.628589e+00 1.628334e+00 1.635887e+00 1.649411e+00 1.668246e+00 1.683069e+00 1.688181e+00 1.682860e+00 1.666154e+00 1.644311e+00 1.619866e+00 1.609241e+00 1.628427e+00 8.880760e-01 8.649511e-01 9.892674e-01 0.000000e+00 9.230908e-01 1.028629e+00 1.112292e+00 9.922753e-01 1.060883e+00 1.358172e+00 1.220027e+00 1.286496e+00 1.322390e+00 1.800153e+00 8.068229e-01 0.000000e+00 7.818100e-01 7.850489e-01 8.581930e-01 8.597022e-01 1.102638e+00 1.182491e+00 1.316650e+00 1.309489e+00 1.162253e+00 1.550776e+00 1.557267e+00 1.560859e+00 1.570761e+00 1.579409e+00
1.533162e+00 1.406675e+00 1.588316e+00 1.389845e+00 1.340569e+00 1.468668e+00 1.590979e+00 1.453264e+00 1.627979e+00 8.769928e-01 1.643427e+00 1.737323e+00 1.825896e+00 1.934933e+00 2.038736e+00 2.122496e+00 2.192661e+00 2.253156e+00 2.304373e+00 2.350995e+00 2.406227e+00 2.483098e+00 2.542758e+00 2.572583e+00 0.000000e+00 0.000000e+00 8.230464e-01 9.465250e-01 1.039523e+00 1.117588e+00 1.189704e+00 1.260023e+00 1.323203e+00 1.182952e+00 1.259689e+00 1.564913e+00 1.865190e+00 0.000000e+00 7.715872e-01 7.759484e-01 8.488346e-01 9.877587e-01 1.180978e+00 1.249254e+00 1.368169e+00 1.362873e+00 1.238066e+00 1.565366e+00 1.565646e+00 1.565774e+00 1.573001e+00 1.580501e+00
1.346387e+00 1.575184e+00 1.293842e+00 1.238542e+00 1.396390e+00 1.546452e+00 1.386696e+00 1.611760e+00 1.431349e+00 1.565074e+00 1.419545e+00 1.412691e+00 1.548599e+00 1.606362e+00 1.480327e+00 1.614720e+00 1.692225e+00 1.752542e+00 1.801558e+00 1.840855e+00 1.880573e+00 1.927013e+00 1.954268e+00 1.952094e+00 0.000000e+00 1.025062e+00 9.478100e-01 1.011624e+00 1.089653e+00 1.159998e+00 1.227128e+00 1.286808e+00 1.340877e+00 1.389696e+00 1.237734e+00 1.411479e+00 1.707413e+00 0.000000e+00 0.000000e+00 7.592277e-01 8.703792e-01 1.078880e+00 1.243579e+00 1.305899e+00 1.412580e+00 1.410210e+00 1.300953e+00 1.579111e+00 1.577445e+00 1.575746e+00 1.579606e+00 1.587291e+00
1.572501e+00 1.205853e+00 1.127440e+00 1.308283e+00 1.492641e+00 1.312045e+00 1.592744e+00 1.370076e+00 1.367402e+00 1.366266e+00 1.361253e+00 1.352029e+00 1.587728e+00 1.414315e+00 1.421191e+00 1.585931e+00 1.649751e+00 1.728829e+00 1.534698e+00 1.658692e+00 1.996544e+00 2.076960e+00 2.133623e+00 2.170516e+00 0.000000e+00 1.183222e+00 9.655911e-01 1.019010e+00 1.099439e+00 1.175140e+00 1.240900e+00 1.292912e+00 1.340823e+00 1.386643e+00 1.227760e+00 1.301825e+00 1.386899e+00 1.619162e+00 0.000000e+00 8.589088e-01 9.513758e-01 1.151336e+00 1.294797e+00 1.354441e+00 1.452247e+00 1.452071e+00 1.356271e+00 1.592401e+00 1.592646e+00 1.592369e+00 1.595119e+00 1.600993e+00
1.104153e+00 1.015988e+00 1.228820e+00 1.436828e+00 1.228763e+00 1.569808e+00 1.306491e+00 1.302730e+00 1.299053e+00 1.297987e+00 1.293602e+00 1.591779e+00 1.347191e+00 1.353361e+00 1.578007e+00 1.404997e+00 1.397806e+00 1.548728e+00 1.426564e+00 1.547332e+00 1.621455e+00 1.684359e+00 1.737177e+00 1.780070e+00 0.000000e+00 1.056046e+00 9.579992e-01 1.024520e+00 1.107121e+00 1.184863e+00 9.765916e-01 9.588884e-01 9.125300e-01 9.118767e-01 8.747312e-01 8.572141e-01 8.716374e-01 1.626491e+00 0.000000e+00 0.000000e+00 1.023577e+00 1.055449e+00 1.342383e+00 1.399780e+00 1.488448e+00 1.490798e+00 1.408066e+00 1.605542e+00 1.607886e+00 1.609239e+00 1.610569e+00 1.615430e+00
8.586679e-01 1.137875e+00 1.389000e+00 1.145386e+00 1.541991e+00 1.231706e+00 1.232993e+00 1.229346e+00 1.224716e+00 1.220472e+00 1.604760e+00 1.286751e+00 1.284620e+00 1.575110e+00 1.347949e+00 1.343672e+00 1.548035e+00 1.382104e+00 1.374578e+00 1.367368e+00 1.467508e+00 1.543174e+00 1.320786e+00 1.265536e+00 0.000000e+00 9.775150e-01 1.013253e+00 9.842064e-01 9.174859e-01 9.846417e-01 1.143800e+00 8.154199e-01 8.088330e-01 1.028919e+00 1.023964e+00 7.268906e-01 7.471265e-01 8.164410e-01 1.644290e+00 0.000000e+00 0.000000e+00 1.130334e+00 1.195793e+00 1.442786e+00 1.521052e+00 1.525702e+00 1.456828e+00 1.620169e+00 1.622716e+00 1.623744e+00 1.622380e+00 1.625629e+00
1.006534e+00 1.317713e+00 1.053546e+00 1.515537e+00 1.145595e+00 1.144405e+00 1.145170e+00 1.144540e+00 1.138464e+00 1.620928e+00 1.215236e+00 1.213171e+00 1.583773e+00 1.281801e+00 1.277723e+00 1.552300e+00 1.330718e+00 1.323976e+00 1.316404e+00 1.245980e+00 8.372158e-01 8.369055e-01 1.159959e+00 8.230504e-01 0.000000e+00 8.195317e-01 9.507549e-01 1.130705e+00 1.257136e+00 1.063620e+00 9.546343e-01 9.450609e-01 9.372104e-01 9.321768e-01 9.244398e-01 9.145918e-01 9.164333e-01 9.113164e-01 1.046530e+00 1.676121e+00 0.000000e+00 0.000000e+00 1.270584e+00 1.489541e+00 1.553594e+00 1.557803e+00 1.499836e+00 1.633203e+00 1.635612e+00 1.637737e+00 1.637184e+00 1.639467e+00
1.216934e+00 9.045352e-01 1.484319e+00 1.051290e+00 1.038565e+00 1.034275e+00 1.034633e+00 1.037796e+00 1.646560e+00 1.134566e+00 1.126732e+00 1.602333e+00 1.213684e+00 1.205813e+00 1.564988e+00 1.268989e+00 1.263315e+00 1.256460e+00 1.175715e+00 8.389519e-01 9.736949e-01 1.082835e+00 8.360724e-01 9.593335e-01 0.000000e+00 9.171148e-01 1.032437e+00 1.189804e+00 9.628088e-01 8.281301e-01 8.253466e-01 8.202003e-01 8.144436e-01 8.090292e-01 8.015540e-01 7.925593e-01 9.572967e-01 9.513865e-01 9.439274e-01 1.257560e+00 1.713388e+00 0.000000e+00 1.368659e+00 1.328264e+00 1.589110e+00 1.587929e+00 1.537477e+00 1.643005e+00 1.644526e+00 1.649920e+00 1.655054e+00 8.517858e-01
1.305389e+00 1.407097e+00 9.226103e-01 9.087655e-01 8.981399e-01 8.915685e-01 8.920141e-01 1.667786e+00 1.045643e+00 1.032251e+00 1.624626e+00 1.136555e+00 1.132032e+00 1.593851e+00 1.204369e+00 1.196910e+00 1.188572e+00 1.093207e+00 8.407909e-01 9.729570e-01 1.076412e+00 1.170306e+00 1.244173e+00 1.298248e+00 0.000000e+00 1.074272e+00 1.118965e+00 8.279174e-01 8.306221e-01 9.641819e-01 1.067180e+00 1.152581e+00 1.218335e+00 1.274037e+00 1.319755e+00 1.017259e+00 7.931666e-01 7.907346e-01 9.248787e-01 9.360035e-01 1.098022e+00 0.000000e+00 0.000000e+00 1.414238e+00 1.624191e+00 1.616380e+00 1.573295e+00 1.655823e+00 1.656813e+00 1.665349e+00 8.566606e-01 1.245856e+00
1.557081e+00 1.602331e+00 1.643220e+00 1.665599e+00 1.676513e+00 1.677053e+00 1.675692e+00 9.094529e-01 9.079670e-01 1.651297e+00 1.041512e+00 1.039329e+00 1.627931e+00 1.138106e+00 1.125397e+00 1.113272e+00 9.926874e-01 8.435878e-01 9.747956e-01 1.074679e+00 1.161692e+00 1.243288e+00 1.309461e+00 1.360284e+00 0.000000e+00 1.108614e+00 1.136079e+00 1.198267e+00 1.264369e+00 1.326725e+00 1.384266e+00 1.436383e+00 1.479779e+00 1.512662e+00 1.536314e+00 1.551296e+00 1.218062e+00 1.113922e+00 1.288977e+00 1.248284e+00 1.171230e+00 1.528148e+00 0.000000e+00 0.000000e+00 1.416607e+00 1.644725e+00 8.489762e-01 1.674617e+00 1.676173e+00 8.583485e-01 1.257504e+00 1.159692e+00
1.349171e+00 1.430807e+00 1.498476e+00 1.550858e+00 1.589856e+00 1.615162e+00 1.635118e+00 1.655045e+00 1.666066e+00 9.106109e-01 9.056281e-01 1.654109e+00 1.050894e+00 1.040646e+00 1.026049e+00 8.635375e-01 8.524678e-01 9.809573e-01 1.079461e+00 1.161430e+00 1.237818e+00 1.305410e+00 1.364953e+00 1.413689e+00 0.000000e+00 1.136537e+00 1.147593e+00 1.196526e+00 1.256426e+00 1.317988e+00 1.377314e+00 1.432830e+00 1.481591e+00 1.521103e+00 1.550112e+00 1.568399e+00 1.579651e+00 1.346100e+00 7.999905e-01 8.019723e-01 9.447768e-01 9.670099e-01 1.450678e+00 0.000000e+00 1.490848e+00 1.428929e+00 8.529730e-01 8.579380e-01 8.602894e-01 8.535743e-01 1.168189e+00 1.068666e+00
1.203048e+00 1.296509e+00 1.371421e+00 1.434330e+00 1.488418e+00 1.534436e+00 1.575052e+00 1.610932e+00 1.638696e+00 1.657375e+00 1.666721e+00 9.175293e-01 9.110077e-01 9.029914e-01 8.875469e-01 1.014383e+00 1.104849e+00 1.178124e+00 1.242846e+00 1.302381e+00 1.357854e+00 1.410334e+00 1.615662e+00 1.675843e+00 0.000000e+00 1.424276e+00 1.409032e+00 1.412614e+00 1.427222e+00 1.452741e+00 1.485247e+00 1.521301e+00 1.557305e+00 1.590649e+00 1.615779e+00 1.630842e+00 1.638223e+00 1.639451e+00 1.586527e+00 1.380468e+00 1.447740e+00 1.420438e+00 1.492132e+00 0.000000e+00 0.000000e+00 1.500187e+00 8.555403e-01 8.558529e-01 8.572322e-01 1.244754e+00 1.157562e+00 1.066493e+00
9.379721e-01 1.081044e+00 1.185070e+00 1.270690e+00 1.347096e+00 1.421763e+00 1.487220e+00 1.539363e+00 1.586785e+00 1.632759e+00 1.666015e+00 1.679455e+00 1.675709e+00 1.658235e+00 1.628606e+00 1.591331e+00 1.555330e+00 1.526998e+00 1.511791e+00 1.511091e+00 1.521251e+00 1.539569e+00 8.436706e-01 0.000000e+00 0.000000e+00 8.653923e-01 9.898033e-01 1.080234e+00 1.158690e+00 1.232976e+00 1.302165e+00 1.369535e+00 1.431779e+00 1.488865e+00 1.536695e+00 1.574846e+00 1.600171e+00 1.612970e+00 1.618314e+00 1.475296e+00 1.341523e+00 1.509727e+00 1.443715e+00 1.501642e+00 0.000000e+00 0.000000e+00 9.134041e-01 8.505002e-01 8.441213e-01 8.355618e-01 8.287732e-01 9.596672e-01
-9.999000e+03 -9.999000e+03 -9.999000e+03 -9.999000e+03 -9.999000e+03 -9.999000e+03 -9.999000e+03 9.132082e-01 9.192226e-01 9.374808e-01 9.457828e-01 9.383572e-01 1.080527e+00 1.173051e+00 1.243150e+00 1.298376e+00 1.342195e+00 1.376581e+00 1.410131e+00 1.446475e+00 1.483736e+00 1.521074e+00 1.547492e+00 0.000000e+00 1.080577e+00 9.879520e-01 1.038161e+00 1.100376e+00 1.160776e+00 1.223942e+00 1.285694e+00 1.348827e+00 1.411083e+00 1.470588e+00 1.525453e+00 1.573308e+00 1.606097e+00 1.621763e+00 1.628474e+00 1.628142e+00 1.418444e+00 1.314478e+00 1.551939e+00 1.434967e+00 1.507028e+00 0.000000e+00 0.000000e+00 7.751586e-01 8.303447e-01 8.251090e-01 8.225743e-01 8.230706e-01
-9.999000e+03 -9.999000e+03 -9.999000e+03 -9.999000e+03 -9.999000e+03 -9.999000e+03 -9.999000e+03 -9.999000e+03 -9.999000e+03 -9.999000e+03 1.099663e+00 1.096696e+00 9.180066e-01 8.935380e-01 1.027339e+00 1.131140e+00 1.210596e+00 1.271011e+00 1.326557e+00 1.383511e+00 1.436818e+00 1.486390e+00 1.519715e+00 0.000000e+00 1.076908e+00 9.893097e-01 1.041736e+00 1.102112e+00 1.160785e+00 1.132088e+00 1.309153e+00 1.352851e+00 1.408761e+00 1.468405e+00 1.526219e+00 1.578109e+00 1.617452e+00 1.640494e+00 1.650835e+00 1.649896e+00 1.642992e+00 1.328759e+00 1.358023e+00 1.662647e+00 1.445244e+00 1.532685e+00 0.000000e+00 0.000000e+00 8.240502e-01 8.173933e-01 -9.999000e+03 -9.999000e+03
