tests/data/reference/test_implicit_stream_rill_mfda/control/cinfil_m3.asc
ncols	123
nrows	77
xllcorner	-713746.79929998
yllcorner	-1061022.36961616
cellsize	10.0
NODATA_value	-9999
[rows 23 to 45 of 77, columns 0 to 51 of 123]
-9.999000e+03 -9.999000e+03 -9.999000e+03 -9.999000e+03 -9.999000e+03 -9.999000e+03 -9.999000e+03 -9.999000e+03 -9.999000e+03 -9.999000e+03 -9.999000e+03 -9.999000e+03 -9.999000e+03 -9.999000e+03 1.041165e+00 1.457355e+00 1.549996e+00 1.190892e+00 1.006424e+00 1.245824e+00 1.064181e+00 0.000000e+00 1.166735e+00 1.558961e+00 1.459724e+00 1.714803e+00 1.853303e+00 1.542517e+00 1.327871e+00 1.868482e+00 8.672148e-01 1.008174e+00 1.117480e+00 1.461870e+00 1.786525e+00 1.647493e+00 2.151334e+00 8.491605e-01 1.778042e+00 1.568370e+00 1.549840e+00 1.522589e+00 1.576991e+00 1.518842e+00 1.517479e+00 1.463851e+00 1.490502e+00 1.619870e+00 1.372220e+00 1.167500e+00 1.075256e+00 8.268057e-01
-9.999000e+03 -9.999000e+03 -9.999000e+03 -9.999000e+03 -9.999000e+03 -9.999000e+03 -9.999000e+03 -9.999000e+03 -9.999000e+03 -9.999000e+03 -9.999000e+03 -9.999000e+03 -9.999000e+03 -9.999000e+03 1.446901e+00 2.229001e+00 1.760162e+00 1.107199e+00 1.016375e+00 9.247034e-01 0.000000e+00 0.000000e+00 8.450490e-01 1.065978e+00 1.578681e+00 1.764990e+00 1.901514e+00 1.607812e+00 1.224060e+00 8.098954e-01 1.848820e+00 1.009401e+00 1.119955e+00 1.214845e+00 1.883050e+00 1.638176e+00 2.197709e+00 8.463535e-01 1.818010e+00 1.581612e+00 1.572844e+00 1.553786e+00 1.581670e+00 1.544911e+00 1.542728e+00 1.502422e+00 1.520270e+00 1.613277e+00 1.420981e+00 1.243786e+00 8.258258e-01 1.157889e+00
-9.999000e+03 -9.999000e+03 -9.999000e+03 -9.999000e+03 -9.999000e+03 -9.999000e+03 -9.999000e+03 -9.999000e+03 -9.999000e+03 -9.999000e+03 -9.999000e+03 -9.999000e+03 -9.999000e+03 -9.999000e+03 2.393747e+00 1.275984e+00 9.770064e-01 9.780675e-01 9.850727e-01 1.017729e+00 0.000000e+00 1.170817e+00 1.310465e+00 9.960231e-01 1.086017e+00 1.601669e+00 1.978446e+00 1.654860e+00 1.296071e+00 8.046932e-01 9.453029e-01 1.538552e+00 1.013812e+00 1.224330e+00 1.307045e+00 1.984774e+00 8.559622e-01 2.233478e+00 9.891481e-01 1.883366e+00 1.594162e+00 1.580138e+00 1.593306e+00 1.569380e+00 1.566299e+00 1.535217e+00 1.545067e+00 1.605585e+00 1.460986e+00 1.306092e+00 9.558295e-01 8.157491e-01
-9.999000e+03 -9.999000e+03 -9.999000e+03 -9.999000e+03 -9.999000e+03 -9.999000e+03 -9.999000e+03 -9.999000e+03 -9.999000e+03 -9.999000e+03 -9.999000e+03 -9.999000e+03 9.353856e-01 1.006726e+00 1.701037e+00 1.159880e+00 9.722716e-01 1.174061e+00 1.063445e+00 0.000000e+00 1.510099e+00 1.455089e+00 1.238931e+00 1.353121e+00 1.109234e+00 1.157282e+00 2.065204e+00 1.707376e+00 1.369691e+00 9.543974e-01 8.100099e-01 1.058268e+00 1.556880e+00 1.136729e+00 1.172160e+00 1.378231e+00 1.788334e+00 9.941243e-01 2.267883e+00 1.101440e+00 1.677542e+00 1.603741e+00 1.609695e+00 1.593292e+00 1.588142e+00 1.561911e+00 1.563810e+00 1.598728e+00 1.493112e+00 1.358564e+00 1.055002e+00 8.116684e-01
-9.999000e+03 -9.999000e+03 -9.999000e+03 -9.999000e+03 -9.999000e+03 -9.999000e+03 -9.999000e+03 -9.999000e+03 -9.999000e+03 -9.999000e+03 -9.999000e+03 -9.999000e+03 -9.999000e+03 9.439396e-01 1.180637e+00 1.166835e+00 1.106035e+00 1.098718e+00 0.000000e+00 1.657935e+00 1.504689e+00 1.504714e+00 1.643820e+00 1.745441e+00 1.841088e+00 1.924836e+00 2.003075e+00 2.176614e+00 1.765319e+00 1.443443e+00 1.075347e+00 9.609437e-01 1.168915e+00 1.583838e+00 1.237777e+00 1.252321e+00 1.244845e+00 1.498665e+00 1.103528e+00 2.293592e+00 1.641443e+00 1.625590e+00 1.628965e+00 1.616468e+00 1.607548e+00 1.582012e+00 1.575904e+00 1.592712e+00 1.517996e+00 1.403176e+00 1.137614e+00 9.424446e-01
-9.999000e+03 -9.999000e+03 -9.999000e+03 -9.999000e+03 -9.999000e+03 -9.999000e+03 -9.999000e+03 -9.999000e+03 -9.999000e+03 -9.999000e+03 -9.999000e+03 -9.999000e+03 -9.999000e+03 -9.999000e+03 -9.999000e+03 1.037056e+00 1.213543e+00 0.000000e+00 0.000000e+00 1.247235e+00 1.343476e+00 1.467632e+00 1.571460e+00 1.654870e+00 1.720480e+00 1.768580e+00 1.811280e+00 2.118820e+00 2.334287e+00 1.799749e+00 1.510856e+00 1.193812e+00 1.104017e+00 1.281213e+00 1.606225e+00 1.301927e+00 1.316920e+00 1.323499e+00 1.829795e+00 1.067924e+00 2.052119e+00 1.642571e+00 1.642544e+00 1.630940e+00 1.619022e+00 1.594380e+00 1.583521e+00 1.589591e+00 1.538529e+00 1.442314e+00 1.210032e+00 1.045784e+00
-9.999000e+03 -9.999000e+03 -9.999000e+03 -9.999000e+03 -9.999000e+03 -9.999000e+03 -9.999000e+03 -9.999000e+03 -9.999000e+03 -9.999000e+03 -9.999000e+03 -9.999000e+03 -9.999000e+03 -9.999000e+03 -9.999000e+03 -9.999000e+03 1.111875e+00 0.000000e+00 1.250026e+00 1.312789e+00 1.418757e+00 1.517000e+00 1.591714e+00 1.639429e+00 1.665043e+00 1.669165e+00 1.665735e+00 1.665574e+00 1.659246e+00 2.151444e+00 2.084268e+00 2.129659e+00 1.311161e+00 1.226102e+00 1.366101e+00 1.619408e+00 1.651406e+00 1.712065e+00 1.400722e+00 1.942132e+00 1.158971e+00 1.574208e+00 1.645961e+00 1.633744e+00 1.620876e+00 1.599285e+00 1.587922e+00 1.589388e+00 1.556022e+00 1.477261e+00 1.275697e+00 1.135867e+00
-9.999000e+03 -9.999000e+03 -9.999000e+03 -9.999000e+03 -9.999000e+03 -9.999000e+03 -9.999000e+03 -9.999000e+03 -9.999000e+03 -9.999000e+03 -9.999000e+03 -9.999000e+03 -9.999000e+03 -9.999000e+03 -9.999000e+03 -9.999000e+03 0.000000e+00 1.534679e+00 1.381984e+00 1.387585e+00 1.425407e+00 2.427661e+00 2.502800e+00 2.554570e+00 2.590325e+00 2.599533e+00 2.599533e+00 2.599533e+00 2.599533e+00 2.599533e+00 2.599533e+00 2.599533e+00 2.599533e+00 2.599533e+00 2.599533e+00 2.599533e+00 2.599533e+00 2.599533e+00 2.599533e+00 2.599533e+00 2.599533e+00 2.599533e+00 1.534038e+00 1.419066e+00 1.401648e+00 1.615868e+00 1.602054e+00 1.598890e+00 1.575544e+00 1.512107e+00 1.340394e+00 1.222113e+00
-9.999000e+03 -9.999000e+03 -9.999000e+03 -9.999000e+03 -9.999000e+03 -9.999000e+03 -9.999000e+03 -9.999000e+03 -9.999000e+03 -9.999000e+03 -9.999000e+03 -9.999000e+03 -9.999000e+03 -9.999000e+03 -9.999000e+03 0.000000e+00 1.562908e+00 1.425622e+00 2.295057e+00 2.004015e+00 2.325015e+00 1.461808e+00 1.612947e+00 1.726949e+00 1.814411e+00 1.910954e+00 1.995045e+00 2.074566e+00 2.145717e+00 2.203580e+00 2.263688e+00 2.333717e+00 2.413967e+00 2.510568e+00 2.586265e+00 2.599533e+00 2.599533e+00 2.480746e+00 2.379907e+00 2.343141e+00 2.331433e+00 2.320821e+00 2.599533e+00 2.599533e+00 2.599533e+00 1.477273e+00 1.492723e+00 1.623227e+00 1.600497e+00 1.550059e+00 1.408891e+00 1.311287e+00
-9.999000e+03 -9.999000e+03 -9.999000e+03 -9.999000e+03 -9.999000e+03 -9.999000e+03 -9.999000e+03 -9.999000e+03 -9.999000e+03 -9.999000e+03 -9.999000e+03 -9.999000e+03 -9.999000e+03 -9.999000e+03 0.000000e+00 0.000000e+00 2.205689e+00 2.217838e+00 1.621190e+00 2.766091e+00 1.375381e+00 1.389899e+00 1.406020e+00 1.460232e+00 1.572107e+00 1.396445e+00 1.418039e+00 1.590192e+00 1.586722e+00 1.379843e+00 1.434791e+00 1.720789e+00 1.850046e+00 1.974459e+00 2.079708e+00 2.160069e+00 1.075769e+00 1.121511e+00 1.320455e+00 1.263414e+00 1.214944e+00 1.210117e+00 1.396855e+00 1.512039e+00 1.622561e+00 2.599533e+00 2.599533e+00 2.599533e+00 1.426910e+00 1.482740e+00 1.497878e+00 1.415073e+00
-9.999000e+03 -9.999000e+03 -9.999000e+03 -9.999000e+03 -9.999000e+03 -9.999000e+03 -9.999000e+03 -9.999000e+03 -9.999000e+03 -9.999000e+03 -9.999000e+03 -9.999000e+03 -9.999000e+03 -9.999000e+03 0.000000e+00 2.360113e+00 1.711264e+00 1.597213e+00 2.744759e+00 1.483625e+00 1.529455e+00 1.573626e+00 1.401787e+00 1.593148e+00 1.565726e+00 1.637772e+00 1.593273e+00 1.576316e+00 1.695548e+00 1.800020e+00 1.894014e+00 1.454662e+00 1.538596e+00 1.576611e+00 1.862644e+00 1.042722e+00 1.151196e+00 1.491644e+00 1.420623e+00 1.351610e+00 1.334460e+00 1.258973e+00 1.145615e+00 1.142364e+00 1.171163e+00 1.297576e+00 1.403704e+00 1.505020e+00 2.599533e+00 2.599533e+00 2.599533e+00 1.430673e+00
-9.999000e+03 -9.999000e+03 -9.999000e+03 -9.999000e+03 -9.999000e+03 -9.999000e+03 -9.999000e+03 -9.999000e+03 -9.999000e+03 -9.999000e+03 -9.999000e+03 -9.999000e+03 -9.999000e+03 0.000000e+00 2.164373e+00 1.706937e+00 1.612498e+00 2.719225e+00 1.401473e+00 1.463935e+00 1.536843e+00 1.570381e+00 1.587557e+00 1.546175e+00 1.668046e+00 1.591656e+00 1.584700e+00 1.568566e+00 1.557739e+00 1.476927e+00 1.382910e+00 1.484036e+00 1.537035e+00 1.768809e+00 8.786432e-01 1.023362e+00 1.450026e+00 1.367210e+00 1.294486e+00 1.280293e+00 1.433805e+00 1.251695e+00 1.240573e+00 1.081393e+00 1.079262e+00 1.019975e+00 1.044411e+00 1.047243e+00 1.061335e+00 1.227115e+00 1.389290e+00 2.599533e+00
-9.999000e+03 -9.999000e+03 -9.999000e+03 -9.999000e+03 -9.999000e+03 -9.999000e+03 -9.999000e+03 -9.999000e+03 -9.999000e+03 -9.999000e+03 -9.999000e+03 -9.999000e+03 0.000000e+00 0.000000e+00 1.694567e+00 1.655936e+00 2.705784e+00 1.319957e+00 1.389906e+00 1.483314e+00 1.534261e+00 1.567627e+00 1.514283e+00 1.726402e+00 1.589813e+00 1.587700e+00 1.581337e+00 1.569728e+00 1.445998e+00 1.318945e+00 1.437446e+00 1.510739e+00 1.676670e+00 1.135681e+00 8.747939e-01 1.412460e+00 1.306746e+00 1.223856e+00 1.212571e+00 1.408128e+00 1.186927e+00 1.176628e+00 1.170081e+00 1.167670e+00 1.076058e+00 9.544718e-01 9.507362e-01 9.472833e-01 9.727730e-01 9.924162e-01 1.363304e+00 1.461297e+00
-9.999000e+03 -9.999000e+03 -9.999000e+03 -9.999000e+03 -9.999000e+03 -9.999000e+03 -9.999000e+03 -9.999000e+03 -9.999000e+03 -9.999000e+03 -9.999000e+03 -9.999000e+03 0.000000e+00 1.729584e+00 1.704917e+00 2.688233e+00 1.227238e+00 1.312147e+00 1.430752e+00 1.495564e+00 1.537919e+00 1.454702e+00 1.787905e+00 1.581700e+00 1.585033e+00 1.587401e+00 1.586667e+00 1.416177e+00 1.256681e+00 1.401810e+00 1.497555e+00 1.589102e+00 8.711926e-01 1.023364e+00 1.373176e+00 1.240736e+00 1.145474e+00 1.139976e+00 1.383751e+00 1.119719e+00 1.107509e+00 1.095278e+00 1.088773e+00 9.782512e-01 9.762735e-01 9.714073e-01 9.664721e-01 8.651443e-01 8.678359e-01 1.275995e+00 1.003813e+00 1.021005e+00
-9.999000e+03 -9.999000e+03 -9.999000e+03 -9.999000e+03 -9.999000e+03 -9.999000e+03 -9.999000e+03 -9.999000e+03 -9.999000e+03 -9.999000e+03 -9.999000e+03 0.000000e+00 1.983033e+00 1.757690e+00 2.679479e+00 1.110163e+00 1.224472e+00 1.380771e+00 1.466748e+00 1.521825e+00 1.379772e+00 1.836642e+00 1.563258e+00 1.572666e+00 1.583305e+00 1.591286e+00 1.374564e+00 1.182782e+00 1.359299e+00 1.485147e+00 1.357471e+00 1.465641e+00 8.883512e-01 1.331375e+00 1.158148e+00 1.045764e+00 1.045931e+00 1.350225e+00 1.039355e+00 1.031920e+00 1.017603e+00 9.977603e-01 8.431649e-01 8.446682e-01 8.429096e-01 8.382233e-01 8.345737e-01 8.317025e-01 1.435676e+00 8.900844e-01 8.963374e-01 8.995594e-01
-9.999000e+03 -9.999000e+03 -9.999000e+03 -9.999000e+03 -9.999000e+03 -9.999000e+03 -9.999000e+03 -9.999000e+03 -9.999000e+03 -9.999000e+03 0.000000e+00 0.000000e+00 1.787106e+00 2.678231e+00 9.733801e-01 1.125593e+00 1.334403e+00 1.447930e+00 1.525185e+00 1.304079e+00 1.865608e+00 1.554715e+00 1.563512e+00 1.577592e+00 1.589198e+00 1.303991e+00 1.076391e+00 1.294963e+00 1.449829e+00 1.305279e+00 1.305133e+00 1.301197e+00 1.292905e+00 1.055526e+00 8.950524e-01 9.065502e-01 1.292972e+00 9.133073e-01 9.118531e-01 9.077837e-01 8.889120e-01 8.604591e-01 9.944390e-01 1.105627e+00 1.196545e+00 1.270879e+00 1.334846e+00 1.390993e+00 8.422481e-01 8.503019e-01 8.505228e-01 7.752622e-01
-9.999000e+03 -9.999000e+03 -9.999000e+03 -9.999000e+03 -9.999000e+03 -9.999000e+03 -9.999000e+03 -9.999000e+03 -9.999000e+03 -9.999000e+03 0.000000e+00 1.833301e+00 2.646310e+00 1.183298e+00 1.002623e+00 1.289217e+00 1.437408e+00 1.544644e+00 1.221793e+00 1.875088e+00 1.561351e+00 1.565328e+00 1.578747e+00 1.585720e+00 1.215473e+00 9.228337e-01 1.205675e+00 1.392335e+00 1.216056e+00 1.230547e+00 1.235155e+00 1.234105e+00 9.331704e-01 9.068832e-01 1.057683e+00 1.193894e+00 9.270936e-01 1.096052e+00 1.216948e+00 1.303431e+00 8.925866e-01 8.628159e-01 9.985103e-01 1.112597e+00 1.206939e+00 1.284423e+00 1.348851e+00 1.402971e+00 1.453449e+00 1.503930e+00 1.544542e+00 1.570274e+00
-9.999000e+03 -9.999000e+03 -9.999000e+03 -9.999000e+03 -9.999000e+03 -9.999000e+03 -9.999000e+03 -9.999000e+03 -9.999000e+03 0.000000e+00 2.056970e+00 2.604660e+00 1.338460e+00 1.012848e+00 1.196756e+00 1.409406e+00 1.565540e+00 1.128032e+00 1.867386e+00 1.587352e+00 1.581918e+00 1.592391e+00 1.582920e+00 1.093605e+00 9.283557e-01 1.090589e+00 1.317489e+00 1.097289e+00 1.108964e+00 1.129974e+00 1.134868e+00 9.519190e-01 1.097751e+00 1.190036e+00 1.272480e+00 1.357543e+00 1.435251e+00 1.503013e+00 9.135010e-01 8.947001e-01 1.334886e+00 1.008474e+00 1.112761e+00 1.211140e+00 1.296947e+00 1.368723e+00 1.425318e+00 1.467532e+00 1.503859e+00 1.537751e+00 1.567344e+00 1.591634e+00
-9.999000e+03 -9.999000e+03 -9.999000e+03 -9.999000e+03 -9.999000e+03 -9.999000e+03 -9.999000e+03 -9.999000e+03 -9.999000e+03 0.000000e+00 2.484969e+00 1.522982e+00 1.209779e+00 1.020351e+00 1.323294e+00 1.553355e+00 9.908161e-01 1.843598e+00 1.622280e+00 1.613560e+00 1.628112e+00 1.585338e+00 9.337850e-01 9.263971e-01 1.089069e+00 1.220750e+00 9.379930e-01 9.414387e-01 9.532995e-01 9.769000e-01 9.754033e-01 1.113206e+00 1.206502e+00 1.276786e+00 1.340453e+00 1.402970e+00 1.461423e+00 9.062310e-01 1.531551e+00 1.033850e+00 1.017780e+00 1.366526e+00 1.406108e+00 1.452587e+00 1.496112e+00 1.531233e+00 1.557948e+00 1.576132e+00 1.589874e+00 1.600427e+00 2.849716e+00 2.804508e+00
-9.999000e+03 -9.999000e+03 -9.999000e+03 -9.999000e+03 -9.999000e+03 -9.999000e+03 -9.999000e+03 -9.999000e+03 0.000000e+00 2.002559e+00 2.405883e+00 1.419028e+00 1.026784e+00 1.200991e+00 1.497653e+00 1.555889e+00 1.774289e+00 1.648205e+00 1.648123e+00 1.688443e+00 1.589458e+00 1.103901e+00 1.219521e+00 1.307105e+00 1.386347e+00 2.193600e+00 2.275600e+00 2.351250e+00 2.434005e+00 2.532016e+00 2.605136e+00 2.641765e+00 2.670111e+00 2.694968e+00 2.720903e+00 2.748680e+00 2.774321e+00 2.789156e+00 2.746114e+00 2.369222e+00 1.911766e+00 1.963731e+00 2.023108e+00 2.085434e+00 2.140689e+00 2.184899e+00 2.226635e+00 2.268960e+00 2.308486e+00 2.871352e+00 1.689576e+00 1.689492e+00
-9.999000e+03 -9.999000e+03 -9.999000e+03 -9.999000e+03 -9.999000e+03 -9.999000e+03 -9.999000e+03 0.000000e+00 0.000000e+00 2.351784e+00 1.166219e+00 1.304816e+00 1.019348e+00 1.425102e+00 1.495381e+00 1.598988e+00 1.629382e+00 1.658687e+00 1.769821e+00 1.592581e+00 9.444443e-01 9.384958e-01 1.095916e+00 2.033277e+00 2.107361e+00 1.395409e+00 1.217713e+00 1.321825e+00 1.414741e+00 1.504422e+00 1.559202e+00 1.574021e+00 1.573736e+00 1.566175e+00 1.559740e+00 1.561485e+00 1.572904e+00 1.593259e+00 1.607746e+00 1.610024e+00 1.612335e+00 1.619034e+00 1.625970e+00 1.632648e+00 1.636102e+00 1.634698e+00 1.637038e+00 1.646605e+00 2.893930e+00 1.690624e+00 1.690366e+00 1.689315e+00
-9.999000e+03 -9.999000e+03 -9.999000e+03 -9.999000e+03 -9.999000e+03 -9.999000e+03 -9.999000e+03 0.000000e+00 1.114761e+00 2.304975e+00 9.948348e-01 1.172629e+00 1.311837e+00 1.414759e+00 1.548020e+00 1.587922e+00 1.625964e+00 1.840246e+00 1.581170e+00 1.576997e+00 1.721170e+00 1.843154e+00 1.951562e+00 1.315538e+00 1.312325e+00 1.083645e+00 9.227734e-01 1.086261e+00 1.215874e+00 1.330774e+00 1.411733e+00 1.457445e+00 1.490475e+00 1.516947e+00 1.539870e+00 1.562207e+00 2.878844e+00 2.928905e+00 2.973719e+00 3.010630e+00 3.048568e+00 3.091009e+00 2.939642e+00 2.913945e+00 3.035224e+00 3.313077e+00 3.049590e+00 2.946903e+00 1.675834e+00 1.685070e+00 1.688428e+00 1.691661e+00
-9.999000e+03 -9.999000e+03 -9.999000e+03 -9.999000e+03 -9.999000e+03 -9.999000e+03 -9.999000e+03 1.162610e+00 2.264406e+00 1.440344e+00 1.014694e+00 1.178663e+00 1.300972e+00 1.473969e+00 1.527341e+00 1.585364e+00 1.892695e+00 1.530546e+00 1.560320e+00 1.563394e+00 1.559756e+00 1.558628e+00 1.211981e+00 1.218594e+00 9.296791e-01 9.196362e-01 1.077625e+00 1.203406e+00 1.307822e+00 1.397578e+00 1.465706e+00 1.510411e+00 1.543493e+00 2.735162e+00 2.783164e+00 2.828837e+00 1.644210e+00 1.630212e+00 1.615933e+00 1.601679e+00 1.592119e+00 1.595916e+00 1.593795e+00 1.719983e+00 1.828884e+00 1.932026e+00 1.623039e+00 1.637984e+00 1.654629e+00 1.673334e+00 1.689018e+00 1.691875e+00
