tests/data/reference/test_implicit_stream_rill_mfda/control/cinfil_m3.asc
ncols	123
nrows	77
xllcorner	-713746.79929998
yllcorner	-1061022.36961616
cellsize	10.0
NODATA_value	-9999
[rows 46 to 68 of 77, columns 52 to 103 of 123]
1.682899e+00 1.541903e+00 1.543875e+00 1.534008e+00 1.520492e+00 1.149029e+00 1.148446e+00 1.146287e+00 1.145642e+00 1.482593e+00 1.231902e+00 2.819299e+00 1.622257e+00 1.211450e+00 1.118105e+00 1.115728e+00 1.347358e+00 1.090692e+00 1.079458e+00 1.075757e+00 1.069797e+00 1.059600e+00 1.057286e+00 1.068083e+00 1.503575e+00 0.000000e+00 9.394676e-01 7.785951e-01 9.175373e-01 1.023221e+00 1.125625e+00 0.000000e+00 0.000000e+00 0.000000e+00 1.390177e+00 1.626894e+00 1.596764e+00 8.471066e-01 8.403595e-01 8.392145e-01 8.401762e-01 8.429373e-01 8.472732e-01 8.541418e-01 8.603979e-01 8.659751e-01 8.719043e-01 1.375262e+00 1.581847e+00 1.598597e+00 1.560528e+00 1.580969e+00
1.482281e+00 1.502615e+00 1.509216e+00 1.495180e+00 1.048856e+00 1.049693e+00 1.047474e+00 1.041453e+00 1.448535e+00 1.152810e+00 2.785320e+00 1.648318e+00 1.134328e+00 1.024312e+00 1.025647e+00 1.311415e+00 1.017511e+00 9.990405e-01 9.880719e-01 9.847008e-01 9.772858e-01 9.653654e-01 9.593324e-01 1.474700e+00 8.333166e-01 0.000000e+00 9.486609e-01 9.039437e-01 9.800464e-01 1.055841e+00 1.132126e+00 1.211760e+00 1.315068e+00 0.000000e+00 0.000000e+00 1.671019e+00 1.632137e+00 8.546875e-01 8.433089e-01 8.399330e-01 8.408882e-01 8.444704e-01 8.475135e-01 8.511191e-01 8.540926e-01 8.572261e-01 8.617232e-01 1.415961e+00 1.579758e+00 1.588839e+00 1.560071e+00 1.568218e+00
1.415553e+00 1.440520e+00 1.450524e+00 9.124619e-01 9.058594e-01 9.069101e-01 9.055009e-01 1.410289e+00 1.048271e+00 2.739599e+00 1.666424e+00 1.031113e+00 8.812177e-01 8.847899e-01 1.240607e+00 8.886477e-01 8.821810e-01 8.681174e-01 8.605861e-01 8.587341e-01 8.524235e-01 8.420013e-01 1.457677e+00 9.609000e-01 1.061450e+00 0.000000e+00 1.140833e+00 1.068592e+00 1.148508e+00 1.209949e+00 1.269888e+00 1.334379e+00 1.418613e+00 8.743678e-01 0.000000e+00 1.484053e+00 1.669446e+00 8.639311e-01 8.486968e-01 8.417771e-01 8.414280e-01 8.454900e-01 8.477465e-01 8.490603e-01 8.493667e-01 8.503617e-01 8.538037e-01 1.447240e+00 1.573490e+00 1.578896e+00 1.559543e+00 1.563376e+00
1.335617e+00 1.357447e+00 9.224551e-01 1.070774e+00 1.182401e+00 1.276733e+00 1.356129e+00 9.112861e-01 2.689674e+00 1.671765e+00 8.936383e-01 8.859266e-01 1.030864e+00 1.146620e+00 8.884744e-01 1.036923e+00 1.144116e+00 1.223705e+00 1.291801e+00 1.354066e+00 1.405329e+00 1.444648e+00 8.453123e-01 8.305785e-01 1.571382e+00 0.000000e+00 1.152477e+00 1.010402e+00 9.867850e-01 1.069890e+00 1.142865e+00 1.215636e+00 1.299405e+00 1.505101e+00 0.000000e+00 0.000000e+00 1.703173e+00 8.735631e-01 8.563289e-01 8.457614e-01 8.427550e-01 8.455819e-01 8.471339e-01 8.473118e-01 8.457159e-01 8.449185e-01 8.476742e-01 1.471925e+00 1.564726e+00 1.568626e+00 1.559811e+00 1.566497e+00
1.245368e+00 2.218088e+00 2.301249e+00 2.375155e+00 2.441754e+00 2.502727e+00 2.560579e+00 2.630723e+00 1.664079e+00 9.018806e-01 1.045416e+00 1.152013e+00 1.240620e+00 1.319242e+00 1.385911e+00 1.440760e+00 1.482492e+00 1.511070e+00 1.534398e+00 1.555835e+00 1.573908e+00 1.588897e+00 1.593478e+00 1.585759e+00 1.931518e+00 0.000000e+00 8.711840e-01 8.297046e-01 8.598194e-01 9.560763e-01 1.037883e+00 1.114601e+00 1.198283e+00 1.434069e+00 1.582381e+00 0.000000e+00 1.490902e+00 8.802618e-01 8.627428e-01 8.504652e-01 8.454817e-01 8.463281e-01 8.467144e-01 8.466023e-01 9.819850e-01 9.788908e-01 8.426149e-01 1.491514e+00 1.557293e+00 1.560938e+00 1.560164e+00 1.571081e+00
2.127103e+00 1.572918e+00 1.720638e+00 1.816083e+00 1.924122e+00 2.073290e+00 2.181744e+00 1.634285e+00 1.585491e+00 1.607807e+00 1.621520e+00 1.631071e+00 1.635111e+00 1.636183e+00 1.634612e+00 1.630733e+00 1.758733e+00 1.804856e+00 1.840226e+00 1.871619e+00 1.902977e+00 1.937005e+00 1.957490e+00 1.956461e+00 1.494853e+00 0.000000e+00 8.329796e-01 9.589372e-01 1.054414e+00 9.936252e-01 1.071805e+00 1.143825e+00 1.220626e+00 1.312563e+00 1.553606e+00 0.000000e+00 0.000000e+00 8.178800e-01 8.664556e-01 8.542810e-01 8.485234e-01 8.477045e-01 8.465256e-01 8.464128e-01 1.088661e+00 1.083506e+00 8.389358e-01 1.506812e+00 1.552784e+00 1.556919e+00 1.559975e+00 1.572957e+00
1.524335e+00 1.526695e+00 8.896718e-01 1.587450e+00 1.834552e+00 1.683240e+00 1.586126e+00 1.539532e+00 1.611387e+00 1.626214e+00 1.636148e+00 1.648283e+00 1.656098e+00 1.658623e+00 1.657501e+00 1.653038e+00 8.781821e-01 1.007794e+00 1.105075e+00 1.186565e+00 1.267231e+00 1.357570e+00 1.430166e+00 1.474278e+00 8.535744e-01 0.000000e+00 8.971866e-01 1.015391e+00 1.104468e+00 1.176975e+00 1.078020e+00 1.154986e+00 1.230777e+00 1.311639e+00 1.400017e+00 1.661823e+00 0.000000e+00 9.518756e-01 8.664437e-01 8.577303e-01 8.533984e-01 8.523760e-01 8.494013e-01 9.848834e-01 1.176809e+00 1.170715e+00 9.727174e-01 1.519963e+00 1.550092e+00 1.554966e+00 1.560850e+00 1.573760e+00
1.479077e+00 1.474826e+00 1.526576e+00 1.751212e+00 1.658100e+00 1.535169e+00 1.481082e+00 1.573209e+00 1.644033e+00 1.719830e+00 1.782297e+00 1.846343e+00 1.905066e+00 1.955307e+00 1.993714e+00 2.017802e+00 2.020916e+00 1.998857e+00 1.952445e+00 1.875903e+00 1.781927e+00 1.714409e+00 1.787064e+00 1.828348e+00 1.857240e+00 0.000000e+00 1.502795e+00 1.427772e+00 1.389308e+00 1.370158e+00 1.376284e+00 1.206427e+00 1.268756e+00 1.329279e+00 1.383456e+00 1.732760e+00 0.000000e+00 0.000000e+00 7.910822e-01 8.595504e-01 8.597951e-01 8.608035e-01 9.955397e-01 1.094129e+00 1.251642e+00 1.244441e+00 1.075929e+00 1.532407e+00 1.549226e+00 1.554276e+00 1.563149e+00 1.573999e+00
1.423025e+00 1.555219e+00 1.650247e+00 1.620170e+00 1.473264e+00 1.417152e+00 1.523375e+00 1.621266e+00 1.499770e+00 1.622201e+00 1.622065e+00 1.629810e+00 1.643372e+00 1.662459e+00 1.677081e+00 1.682211e+00 1.676707e+00 1.660136e+00 1.638028e+00 1.613747e+00 1.603232e+00 1.622702e+00 8.877273e-01 8.644499e-01 9.882739e-01 0.000000e+00 9.245741e-01 1.029806e+00 1.112644e+00 9.972626e-01 1.053762e+00 1.357484e+00 1.221598e+00 1.286416e+00 1.320886e+00 1.794662e+00 8.059239e-01 0.000000e+00 7.811420e-01 7.843838e-01 8.577495e-01 8.592467e-01 1.102236e+00 1.180855e+00 1.314254e+00 1.307078e+00 1.161704e+00 1.545641e+00 1.552526e+00 1.556015e+00 1.565548e+00 1.574530e+00
1.527918e+00 1.402970e+00 1.582740e+00 1.386981e+00 1.338225e+00 1.464880e+00 1.584982e+00 1.449333e+00 1.621453e+00 8.764746e-01 1.638849e+00 1.732770e+00 1.820908e+00 1.929998e+00 2.033564e+00 2.116308e+00 2.185732e+00 2.243819e+00 2.294617e+00 2.340047e+00 2.394281e+00 2.470247e+00 2.529946e+00 2.557520e+00 0.000000e+00 0.000000e+00 8.225826e-01 9.453117e-01 1.038525e+00 1.115950e+00 1.187623e+00 1.257772e+00 1.320760e+00 1.181166e+00 1.257561e+00 1.563827e+00 1.859309e+00 0.000000e+00 7.713869e-01 7.756398e-01 8.483769e-01 9.867072e-01 1.179357e+00 1.247589e+00 1.365032e+00 1.360215e+00 1.235222e+00 1.560014e+00 1.560714e+00 1.560806e+00 1.567726e+00 1.575650e+00
1.343672e+00 1.569793e+00 1.291608e+00 1.235710e+00 1.393076e+00 1.541485e+00 1.383618e+00 1.605229e+00 1.427574e+00 1.560958e+00 1.415904e+00 1.409057e+00 1.544761e+00 1.601056e+00 1.475962e+00 1.609965e+00 1.687340e+00 1.747429e+00 1.795777e+00 1.834525e+00 1.873800e+00 1.919500e+00 1.945926e+00 1.942771e+00 0.000000e+00 1.023494e+00 9.460012e-01 1.010274e+00 1.086277e+00 1.158679e+00 1.224778e+00 1.284598e+00 1.338441e+00 1.386729e+00 1.235661e+00 1.409290e+00 1.703022e+00 0.000000e+00 0.000000e+00 7.588527e-01 8.703259e-01 1.077378e+00 1.241135e+00 1.303471e+00 1.408975e+00 1.406596e+00 1.298672e+00 1.574110e+00 1.572666e+00 1.570795e+00 1.574809e+00 1.581564e+00
1.566655e+00 1.204373e+00 1.125965e+00 1.305923e+00 1.487851e+00 1.309556e+00 1.586348e+00 1.366868e+00 1.364184e+00 1.363057e+00 1.358495e+00 1.349329e+00 1.582243e+00 1.410825e+00 1.417456e+00 1.580613e+00 1.645002e+00 1.724298e+00 1.523561e+00 1.644424e+00 1.987307e+00 2.070348e+00 2.127664e+00 2.165949e+00 0.000000e+00 1.186433e+00 9.669152e-01 1.018221e+00 1.097266e+00 1.173532e+00 1.238386e+00 1.290637e+00 1.338283e+00 1.383585e+00 1.225542e+00 1.298972e+00 1.382396e+00 1.616081e+00 0.000000e+00 8.587552e-01 9.491412e-01 1.147000e+00 1.292272e+00 1.351747e+00 1.448014e+00 1.447910e+00 1.353685e+00 1.586702e+00 1.587241e+00 1.586940e+00 1.589587e+00 1.595414e+00
1.103716e+00 1.015034e+00 1.226389e+00 1.433065e+00 1.226132e+00 1.563935e+00 1.303997e+00 1.300279e+00 1.296630e+00 1.295578e+00 1.291167e+00 1.586093e+00 1.344508e+00 1.350755e+00 1.573277e+00 1.401323e+00 1.394233e+00 1.544260e+00 1.422624e+00 1.543405e+00 1.616916e+00 1.679485e+00 1.732101e+00 1.774628e+00 0.000000e+00 1.054405e+00 9.571105e-01 1.023446e+00 1.105818e+00 1.183210e+00 9.884534e-01 9.513592e-01 9.196091e-01 9.197030e-01 9.074108e-01 8.551806e-01 8.654351e-01 1.624476e+00 0.000000e+00 0.000000e+00 1.022617e+00 1.054646e+00 1.339590e+00 1.396047e+00 1.483344e+00 1.485693e+00 1.404422e+00 1.599847e+00 1.602418e+00 1.603752e+00 1.604974e+00 1.609787e+00
8.582206e-01 1.135922e+00 1.386015e+00 1.141946e+00 1.536833e+00 1.228926e+00 1.230201e+00 1.226742e+00 1.222332e+00 1.218067e+00 1.598914e+00 1.284249e+00 1.282154e+00 1.569977e+00 1.345294e+00 1.341015e+00 1.543406e+00 1.378774e+00 1.371249e+00 1.364137e+00 1.464381e+00 1.539651e+00 1.330960e+00 1.264408e+00 0.000000e+00 9.817882e-01 1.017077e+00 9.908203e-01 9.210366e-01 9.947779e-01 1.140903e+00 8.146444e-01 8.090251e-01 1.028097e+00 1.023149e+00 7.262855e-01 7.470459e-01 8.191893e-01 1.642430e+00 0.000000e+00 0.000000e+00 1.129142e+00 1.193880e+00 1.438765e+00 1.516014e+00 1.520741e+00 1.452752e+00 1.614447e+00 1.617210e+00 1.618244e+00 1.616841e+00 1.620036e+00
1.005573e+00 1.315350e+00 1.051704e+00 1.510877e+00 1.142088e+00 1.141126e+00 1.141810e+00 1.141297e+00 1.136246e+00 1.614955e+00 1.213163e+00 1.211248e+00 1.578891e+00 1.279277e+00 1.275293e+00 1.547482e+00 1.328027e+00 1.321358e+00 1.313838e+00 1.243860e+00 8.368678e-01 8.365796e-01 1.158731e+00 8.227722e-01 0.000000e+00 8.189835e-01 9.495433e-01 1.131396e+00 1.258791e+00 1.061010e+00 9.536468e-01 9.440221e-01 9.361705e-01 9.311660e-01 9.239152e-01 9.142108e-01 9.160692e-01 9.094348e-01 1.046257e+00 1.674062e+00 0.000000e+00 0.000000e+00 1.268061e+00 1.484464e+00 1.548318e+00 1.552475e+00 1.495652e+00 1.627334e+00 1.629907e+00 1.632064e+00 1.631515e+00 1.633822e+00
1.214793e+00 9.034816e-01 1.479995e+00 1.049581e+00 1.037517e+00 1.033245e+00 1.033609e+00 1.036810e+00 1.640222e+00 1.132881e+00 1.125086e+00 1.596201e+00 1.211732e+00 1.204077e+00 1.559594e+00 1.266540e+00 1.260923e+00 1.254080e+00 1.174033e+00 8.384585e-01 9.729903e-01 1.080774e+00 8.357770e-01 9.583640e-01 0.000000e+00 9.188573e-01 1.033839e+00 1.191921e+00 9.618169e-01 8.278412e-01 8.250755e-01 8.198997e-01 8.141009e-01 8.086514e-01 8.015181e-01 7.925857e-01 9.750576e-01 9.416891e-01 9.032387e-01 1.236036e+00 1.711655e+00 0.000000e+00 1.365784e+00 1.325122e+00 1.582958e+00 1.581774e+00 1.532442e+00 1.637047e+00 1.638615e+00 1.644044e+00 1.649199e+00 8.513412e-01
1.302960e+00 1.403647e+00 9.216411e-01 9.077904e-01 8.974406e-01 8.911020e-01 8.915325e-01 1.661470e+00 1.044600e+00 1.031147e+00 1.618432e+00 1.134654e+00 1.130340e+00 1.587610e+00 1.202537e+00 1.194739e+00 1.186460e+00 1.089463e+00 8.403031e-01 9.722225e-01 1.076250e+00 1.168611e+00 1.242007e+00 1.295908e+00 0.000000e+00 1.074183e+00 1.121585e+00 8.276297e-01 8.303182e-01 9.632312e-01 1.064861e+00 1.148134e+00 1.216284e+00 1.271822e+00 1.317193e+00 1.021213e+00 7.931965e-01 7.907402e-01 9.243342e-01 9.358403e-01 1.097704e+00 0.000000e+00 0.000000e+00 1.410931e+00 1.618174e+00 1.610158e+00 1.567588e+00 1.649778e+00 1.650816e+00 1.659571e+00 8.562286e-01 1.243871e+00
1.551663e+00 1.596320e+00 1.637197e+00 1.659620e+00 1.670195e+00 1.670600e+00 1.669185e+00 9.084906e-01 9.069769e-01 1.644786e+00 1.040457e+00 1.038304e+00 1.621483e+00 1.135902e+00 1.123692e+00 1.111555e+00 9.916383e-01 8.431095e-01 9.740878e-01 1.074736e+00 1.161324e+00 1.241058e+00 1.307090e+00 1.357712e+00 0.000000e+00 1.108675e+00 1.138874e+00 1.201034e+00 1.266427e+00 1.328054e+00 1.384517e+00 1.435642e+00 1.477904e+00 1.510100e+00 1.533006e+00 1.547438e+00 1.227761e+00 1.145381e+00 1.297934e+00 1.265478e+00 1.133416e+00 1.438242e+00 0.000000e+00 0.000000e+00 1.413003e+00 1.638314e+00 8.485191e-01 1.668588e+00 1.670085e+00 8.579038e-01 1.255500e+00 1.158267e+00
1.346732e+00 1.427242e+00 1.494433e+00 1.545968e+00 1.583804e+00 1.608767e+00 1.628459e+00 1.648312e+00 1.659647e+00 9.096704e-01 9.045946e-01 1.647567e+00 1.049229e+00 1.039587e+00 1.024933e+00 8.630493e-01 8.520263e-01 9.801008e-01 1.077858e+00 1.161109e+00 1.234946e+00 1.303087e+00 1.361928e+00 1.410249e+00 0.000000e+00 1.136125e+00 1.148666e+00 1.199520e+00 1.258699e+00 1.319525e+00 1.377667e+00 1.432216e+00 1.479785e+00 1.518709e+00 1.546952e+00 1.564212e+00 1.575305e+00 1.339161e+00 7.999688e-01 8.019325e-01 9.438676e-01 9.665332e-01 1.371025e+00 0.000000e+00 1.486884e+00 1.425047e+00 8.525339e-01 8.574964e-01 8.598291e-01 8.531380e-01 1.166415e+00 1.066789e+00
1.201336e+00 1.294133e+00 1.368194e+00 1.430487e+00 1.483434e+00 1.529389e+00 1.569492e+00 1.604739e+00 1.632343e+00 1.650931e+00 1.660425e+00 9.166826e-01 9.100747e-01 9.019095e-01 8.872159e-01 1.013325e+00 1.104136e+00 1.176383e+00 1.240268e+00 1.299870e+00 1.355134e+00 1.406689e+00 1.611017e+00 1.671139e+00 0.000000e+00 1.418594e+00 1.406992e+00 1.414274e+00 1.430978e+00 1.457358e+00 1.489360e+00 1.524903e+00 1.559818e+00 1.591447e+00 1.615450e+00 1.629312e+00 1.635602e+00 1.635856e+00 1.576294e+00 1.292498e+00 1.349694e+00 1.407394e+00 1.485958e+00 0.000000e+00 0.000000e+00 1.496003e+00 8.551135e-01 8.554271e-01 8.567960e-01 1.242703e+00 1.154793e+00 1.063889e+00
9.364657e-01 1.078938e+00 1.183049e+00 1.268247e+00 1.344366e+00 1.417967e+00 1.482493e+00 1.534495e+00 1.580876e+00 1.626608e+00 1.659713e+00 1.672803e+00 1.668997e+00 1.651596e+00 1.622059e+00 1.585120e+00 1.550318e+00 1.522295e+00 1.507209e+00 1.506685e+00 1.516974e+00 1.535209e+00 8.431926e-01 0.000000e+00 0.000000e+00 8.668185e-01 9.904344e-01 1.079933e+00 1.157737e+00 1.231280e+00 1.300689e+00 1.367150e+00 1.428742e+00 1.484588e+00 1.532215e+00 1.569576e+00 1.594103e+00 1.606271e+00 1.611265e+00 1.464946e+00 1.336585e+00 1.500365e+00 1.439759e+00 1.497868e+00 0.000000e+00 0.000000e+00 9.125314e-01 8.500498e-01 8.436449e-01 8.352507e-01 8.284806e-01 9.586731e-01
-9.999000e+03 -9.999000e+03 -9.999000e+03 -9.999000e+03 -9.999000e+03 -9.999000e+03 -9.999000e+03 9.123169e-01 9.183362e-01 9.359753e-01 9.442659e-01 9.368502e-01 1.078500e+00 1.171025e+00 1.240467e+00 1.295686e+00 1.339234e+00 1.373005e+00 1.406126e+00 1.442213e+00 1.478891e+00 1.516290e+00 1.542525e+00 0.000000e+00 1.076562e+00 9.865625e-01 1.036999e+00 1.098393e+00 1.159839e+00 1.221679e+00 1.283463e+00 1.346463e+00 1.407864e+00 1.466967e+00 1.521169e+00 1.568130e+00 1.600338e+00 1.615577e+00 1.621693e+00 1.620989e+00 1.414298e+00 1.283214e+00 1.541151e+00 1.438162e+00 1.508419e+00 0.000000e+00 0.000000e+00 7.748700e-01 8.300426e-01 8.248395e-01 8.222923e-01 8.227925e-01
-9.999000e+03 -9.999000e+03 -9.999000e+03 -9.999000e+03 -9.999000e+03 -9.999000e+03 -9.999000e+03 -9.999000e+03 -9.999000e+03 -9.999000e+03 1.097305e+00 1.092541e+00 9.171494e-01 8.930043e-01 1.026260e+00 1.129548e+00 1.208873e+00 1.268609e+00 1.323864e+00 1.380185e+00 1.432930e+00 1.481584e+00 1.514892e+00 0.000000e+00 1.073217e+00 9.877883e-01 1.040542e+00 1.101103e+00 1.159833e+00 1.133300e+00 1.305321e+00 1.349513e+00 1.404874e+00 1.464407e+00 1.521684e+00 1.573107e+00 1.611586e+00 1.634095e+00 1.643922e+00 1.642623e+00 1.635438e+00 1.322934e+00 1.352402e+00 1.656350e+00 1.441385e+00 1.529084e+00 0.000000e+00 0.000000e+00 8.237801e-01 8.170716e-01 -9.999000e+03 -9.999000e+03
