tests/data/reference/test_implicit_stream_rill_mfda/control/cinfil_m3.asc
ncols	123
nrows	77
xllcorner	-713746.79929998
yllcorner	-1061022.36961616
cellsize	10.0
NODATA_value	-9999
[rows 46 to 68 of 77, columns 0 to 51 of 123]
-9.999000e+03 -9.999000e+03 -9.999000e+03 -9.999000e+03 -9.999000e+03 -9.999000e+03 0.000000e+00 2.238316e+00 1.342015e+00 1.330985e+00 1.022599e+00 1.181250e+00 1.385210e+00 1.450367e+00 1.535475e+00 1.918914e+00 1.468916e+00 1.526390e+00 1.560594e+00 1.565754e+00 1.561087e+00 1.099097e+00 1.098499e+00 1.102201e+00 1.221512e+00 1.304488e+00 1.378344e+00 1.451008e+00 1.510581e+00 1.554563e+00 1.590060e+00 2.643138e+00 2.699543e+00 1.643003e+00 1.640955e+00 1.631751e+00 1.618910e+00 1.605073e+00 1.591760e+00 1.578537e+00 1.582239e+00 1.574501e+00 1.579243e+00 1.578009e+00 1.582653e+00 1.594144e+00 1.605566e+00 1.617040e+00 1.632650e+00 1.661567e+00 1.677300e+00 1.686460e+00
-9.999000e+03 -9.999000e+03 -9.999000e+03 -9.999000e+03 -9.999000e+03 -9.999000e+03 2.421735e+00 1.773782e+00 1.191913e+00 1.176753e+00 9.999891e-01 1.284362e+00 1.362425e+00 1.480042e+00 1.906173e+00 1.373782e+00 1.462609e+00 1.530567e+00 1.565672e+00 1.568508e+00 9.527146e-01 9.432137e-01 9.385182e-01 9.389088e-01 1.096838e+00 1.202785e+00 1.295578e+00 2.387038e+00 2.457406e+00 2.516808e+00 2.577589e+00 1.602129e+00 1.608743e+00 1.614563e+00 1.611676e+00 1.605822e+00 1.597134e+00 1.585389e+00 1.572832e+00 1.579654e+00 1.562563e+00 1.566183e+00 1.561336e+00 1.562150e+00 1.566868e+00 1.575710e+00 1.585796e+00 1.595467e+00 1.619784e+00 1.633130e+00 1.653067e+00 1.658305e+00
-9.999000e+03 -9.999000e+03 -9.999000e+03 -9.999000e+03 -9.999000e+03 0.000000e+00 1.823412e+00 1.643010e+00 1.011673e+00 1.006782e+00 1.174261e+00 1.287371e+00 1.453022e+00 1.887866e+00 1.263964e+00 1.363091e+00 1.447993e+00 1.515532e+00 1.551498e+00 1.555795e+00 1.700418e+00 1.815433e+00 1.913969e+00 2.054271e+00 2.151777e+00 2.233919e+00 2.307964e+00 1.507439e+00 1.522648e+00 1.538795e+00 1.549185e+00 1.562571e+00 1.578402e+00 1.582321e+00 1.582310e+00 1.580019e+00 1.573849e+00 1.561698e+00 1.577470e+00 1.554629e+00 1.560744e+00 1.551583e+00 1.550086e+00 1.550592e+00 1.553162e+00 1.557906e+00 1.565327e+00 1.593877e+00 1.597616e+00 1.612028e+00 1.614301e+00 1.401022e+00
-9.999000e+03 -9.999000e+03 -9.999000e+03 -9.999000e+03 0.000000e+00 1.963457e+00 1.317455e+00 1.492192e+00 1.027306e+00 1.038677e+00 1.204013e+00 1.447524e+00 1.865163e+00 1.156850e+00 1.271677e+00 1.359157e+00 1.430440e+00 1.494332e+00 1.530607e+00 1.521664e+00 1.501664e+00 1.483233e+00 1.796128e+00 1.289262e+00 1.353883e+00 1.405615e+00 1.437871e+00 1.453723e+00 1.480276e+00 1.492426e+00 1.504671e+00 1.530746e+00 1.544139e+00 1.550988e+00 1.553586e+00 1.552511e+00 1.545895e+00 1.573421e+00 1.542049e+00 1.553789e+00 1.542259e+00 1.541025e+00 1.540823e+00 1.540519e+00 1.539724e+00 1.540413e+00 1.572624e+00 1.570399e+00 1.581866e+00 1.572839e+00 1.307284e+00 1.320651e+00
-9.999000e+03 -9.999000e+03 -9.999000e+03 -9.999000e+03 0.000000e+00 1.513077e+00 1.189219e+00 1.314612e+00 1.233942e+00 1.062179e+00 1.422900e+00 1.820065e+00 1.013997e+00 1.166238e+00 1.273818e+00 1.349901e+00 1.415206e+00 1.479711e+00 1.493657e+00 1.475189e+00 1.450212e+00 1.748611e+00 1.194408e+00 1.267342e+00 1.324614e+00 1.364072e+00 1.377876e+00 1.406337e+00 1.420094e+00 1.435129e+00 1.465156e+00 1.481784e+00 1.494106e+00 1.503062e+00 1.508197e+00 1.508687e+00 1.559876e+00 1.523066e+00 1.542641e+00 1.525558e+00 1.524812e+00 1.526965e+00 1.528068e+00 1.526276e+00 1.523673e+00 1.561309e+00 1.545633e+00 1.555523e+00 1.539700e+00 1.215271e+00 1.221042e+00 1.234114e+00
-9.999000e+03 -9.999000e+03 -9.999000e+03 0.000000e+00 2.030931e+00 1.426607e+00 1.046809e+00 1.244004e+00 1.074719e+00 1.364872e+00 1.697192e+00 1.469841e+00 1.031023e+00 1.177028e+00 1.272317e+00 1.342249e+00 1.406716e+00 1.435944e+00 1.438956e+00 1.418022e+00 1.688365e+00 1.079835e+00 1.178244e+00 1.247527e+00 1.290003e+00 1.301278e+00 1.335898e+00 1.344796e+00 1.357022e+00 1.396582e+00 1.414396e+00 1.426820e+00 1.436881e+00 1.444819e+00 1.449537e+00 1.527437e+00 1.486297e+00 1.524293e+00 1.503734e+00 1.500507e+00 1.501615e+00 1.506230e+00 1.507287e+00 1.505652e+00 1.557048e+00 1.528176e+00 1.531644e+00 1.505941e+00 1.121620e+00 1.121635e+00 1.125574e+00 1.135930e+00
-9.999000e+03 -9.999000e+03 -9.999000e+03 0.000000e+00 1.547227e+00 1.249551e+00 1.092582e+00 1.122910e+00 1.296730e+00 1.289846e+00 1.619517e+00 1.445393e+00 1.057902e+00 1.192104e+00 1.276014e+00 1.345847e+00 1.358886e+00 1.370274e+00 1.373475e+00 1.623333e+00 9.503356e-01 1.090245e+00 1.183507e+00 1.237505e+00 1.237499e+00 1.278773e+00 1.285446e+00 1.292194e+00 1.336217e+00 1.355291e+00 1.369503e+00 1.379941e+00 1.386197e+00 1.388207e+00 1.493595e+00 1.431785e+00 1.490225e+00 1.467203e+00 1.471043e+00 1.469366e+00 1.468905e+00 1.471305e+00 1.472838e+00 1.546715e+00 1.508270e+00 1.510583e+00 1.473087e+00 1.011578e+00 1.011620e+00 1.012809e+00 1.016244e+00 2.051046e+00
-9.999000e+03 -9.999000e+03 0.000000e+00 1.217933e+00 1.276883e+00 1.268785e+00 1.159948e+00 1.188634e+00 1.166089e+00 1.202205e+00 1.625507e+00 1.426070e+00 1.100940e+00 1.214031e+00 1.292300e+00 1.289973e+00 1.283450e+00 1.282519e+00 1.428938e+00 1.411773e+00 9.878749e-01 1.125390e+00 1.200913e+00 1.188698e+00 1.238329e+00 1.235487e+00 1.236954e+00 1.288181e+00 1.300380e+00 1.312306e+00 1.324313e+00 1.332683e+00 1.333628e+00 1.471379e+00 1.379818e+00 1.456075e+00 1.414230e+00 1.424354e+00 1.432246e+00 1.430045e+00 1.425000e+00 1.424152e+00 1.523798e+00 1.471936e+00 1.479338e+00 1.436142e+00 8.758512e-01 8.713254e-01 8.706467e-01 8.733990e-01 1.969325e+00 1.481671e+00
-9.999000e+03 -9.999000e+03 3.293694e+00 1.313862e+00 1.096189e+00 1.156877e+00 1.218542e+00 1.158788e+00 1.382809e+00 1.777097e+00 1.190350e+00 1.358591e+00 1.148246e+00 1.244038e+00 1.212578e+00 1.202881e+00 1.188128e+00 1.179124e+00 1.200949e+00 1.343768e+00 1.043633e+00 1.172187e+00 1.141832e+00 1.215642e+00 1.199160e+00 1.184769e+00 1.248581e+00 1.249277e+00 1.249378e+00 1.256195e+00 1.264946e+00 1.271434e+00 1.459843e+00 1.333231e+00 1.438982e+00 1.369477e+00 1.371549e+00 1.380423e+00 1.385942e+00 1.381091e+00 1.373630e+00 1.499204e+00 1.421697e+00 1.429453e+00 1.381345e+00 1.376926e+00 1.430088e+00 1.473570e+00 1.765385e+00 1.879478e+00 1.427920e+00 1.429903e+00
-9.999000e+03 0.000000e+00 3.178431e+00 1.401803e+00 1.111666e+00 1.275595e+00 1.143948e+00 1.145418e+00 -9.999000e+03 -9.999000e+03 -9.999000e+03 1.194382e+00 1.168836e+00 1.096510e+00 1.067381e+00 1.066254e+00 1.053127e+00 1.032661e+00 1.054002e+00 1.139429e+00 1.161030e+00 1.083316e+00 1.199899e+00 1.174772e+00 1.147882e+00 1.225668e+00 1.206663e+00 1.191811e+00 1.183634e+00 1.183186e+00 1.187128e+00 1.444600e+00 1.281911e+00 1.430413e+00 1.328139e+00 1.323788e+00 1.325216e+00 1.329886e+00 1.328317e+00 1.320213e+00 1.481523e+00 1.369168e+00 1.371475e+00 1.313192e+00 1.311653e+00 1.470246e+00 1.560339e+00 1.653874e+00 1.557841e+00 1.365610e+00 1.368034e+00 1.365130e+00
-9.999000e+03 0.000000e+00 1.555978e+00 1.113317e+00 1.172805e+00 1.164631e+00 -9.999000e+03 -9.999000e+03 -9.999000e+03 -9.999000e+03 -9.999000e+03 -9.999000e+03 1.151524e+00 1.107404e+00 1.276436e+00 1.393981e+00 1.066303e+00 1.228557e+00 1.382678e+00 1.619000e+00 1.199892e+00 1.191934e+00 1.126198e+00 1.067120e+00 1.201118e+00 1.162157e+00 1.131296e+00 1.107998e+00 1.097062e+00 1.091096e+00 1.424347e+00 1.208915e+00 1.422422e+00 1.278942e+00 1.269161e+00 1.263618e+00 1.262877e+00 1.264201e+00 1.258399e+00 1.463134e+00 1.310507e+00 1.308509e+00 1.235958e+00 1.236607e+00 1.428661e+00 1.301773e+00 1.295137e+00 1.539342e+00 1.292456e+00 1.297189e+00 1.296421e+00 1.499103e+00
0.000000e+00 2.056474e+00 1.287482e+00 1.168705e+00 1.292919e+00 1.108087e+00 -9.999000e+03 -9.999000e+03 -9.999000e+03 -9.999000e+03 -9.999000e+03 -9.999000e+03 -9.999000e+03 -9.999000e+03 -9.999000e+03 1.059463e+00 1.438972e+00 1.040518e+00 1.059083e+00 1.087955e+00 1.665082e+00 -9.999000e+03 -9.999000e+03 1.126367e+00 1.066095e+00 1.033152e+00 1.003366e+00 9.768405e-01 9.647600e-01 1.412138e+00 1.117341e+00 1.410077e+00 1.220668e+00 1.203868e+00 1.191883e+00 1.183707e+00 1.179511e+00 1.180183e+00 1.448712e+00 1.247361e+00 1.237479e+00 1.145974e+00 1.146538e+00 1.378542e+00 1.234002e+00 1.224913e+00 1.522159e+00 1.213810e+00 1.214349e+00 1.218834e+00 1.467022e+00 1.279314e+00
0.000000e+00 1.182416e+00 1.200763e+00 1.201813e+00 1.102019e+00 -9.999000e+03 -9.999000e+03 -9.999000e+03 -9.999000e+03 -9.999000e+03 -9.999000e+03 -9.999000e+03 -9.999000e+03 -9.999000e+03 -9.999000e+03 -9.999000e+03 -9.999000e+03 -9.999000e+03 -9.999000e+03 -9.999000e+03 -9.999000e+03 -9.999000e+03 -9.999000e+03 1.145221e+00 1.078650e+00 1.058518e+00 1.208381e+00 1.298595e+00 1.380657e+00 1.000799e+00 1.400238e+00 1.151901e+00 1.131075e+00 1.105472e+00 1.092537e+00 1.082185e+00 1.074631e+00 1.425373e+00 1.181226e+00 1.160299e+00 1.034924e+00 1.034260e+00 1.317769e+00 1.152651e+00 1.149518e+00 1.509524e+00 1.133566e+00 1.129630e+00 1.129743e+00 1.433379e+00 1.220579e+00 1.580059e+00
-9.999000e+03 1.092851e+00 1.107572e+00 1.059693e+00 -9.999000e+03 -9.999000e+03 -9.999000e+03 -9.999000e+03 -9.999000e+03 -9.999000e+03 -9.999000e+03 -9.999000e+03 -9.999000e+03 -9.999000e+03 -9.999000e+03 -9.999000e+03 -9.999000e+03 -9.999000e+03 -9.999000e+03 -9.999000e+03 -9.999000e+03 -9.999000e+03 -9.999000e+03 -9.999000e+03 -9.999000e+03 -9.999000e+03 1.032708e+00 1.010633e+00 1.190304e+00 1.358827e+00 1.050266e+00 1.028389e+00 9.960710e-01 9.608784e-01 9.461933e-01 9.427387e-01 1.390946e+00 1.089719e+00 1.073211e+00 8.998597e-01 8.907339e-01 1.247741e+00 1.039784e+00 1.041347e+00 1.489766e+00 1.037560e+00 1.034723e+00 1.032176e+00 1.389253e+00 1.150912e+00 1.603575e+00 1.000619e+00
-9.999000e+03 -9.999000e+03 -9.999000e+03 -9.999000e+03 -9.999000e+03 -9.999000e+03 -9.999000e+03 -9.999000e+03 -9.999000e+03 -9.999000e+03 -9.999000e+03 -9.999000e+03 -9.999000e+03 -9.999000e+03 -9.999000e+03 -9.999000e+03 -9.999000e+03 -9.999000e+03 -9.999000e+03 -9.999000e+03 -9.999000e+03 -9.999000e+03 -9.999000e+03 -9.999000e+03 -9.999000e+03 -9.999000e+03 -9.999000e+03 -9.999000e+03 1.022726e+00 1.248429e+00 1.074613e+00 1.054600e+00 1.013119e+00 1.139000e+00 1.242962e+00 1.346138e+00 9.595682e-01 9.416611e-01 9.252965e-01 1.065870e+00 1.168967e+00 8.984206e-01 8.958150e-01 1.452667e+00 8.937941e-01 8.934520e-01 8.947119e-01 1.336638e+00 1.045533e+00 1.610379e+00 8.814658e-01 8.612088e-01
-9.999000e+03 -9.999000e+03 -9.999000e+03 -9.999000e+03 -9.999000e+03 -9.999000e+03 -9.999000e+03 -9.999000e+03 -9.999000e+03 -9.999000e+03 -9.999000e+03 -9.999000e+03 -9.999000e+03 -9.999000e+03 -9.999000e+03 -9.999000e+03 -9.999000e+03 -9.999000e+03 -9.999000e+03 -9.999000e+03 -9.999000e+03 -9.999000e+03 -9.999000e+03 -9.999000e+03 -9.999000e+03 -9.999000e+03 -9.999000e+03 -9.999000e+03 -9.999000e+03 1.064478e+00 1.381149e+00 1.208612e+00 1.167898e+00 9.604072e-01 9.537303e-01 9.705378e-01 9.694469e-01 9.481846e-01 1.094512e+00 1.196001e+00 1.281112e+00 1.354641e+00 1.412727e+00 8.979250e-01 1.044923e+00 1.159419e+00 1.258667e+00 9.079882e-01 1.604249e+00 8.936981e-01 1.030152e+00 1.123875e+00
-9.999000e+03 -9.999000e+03 -9.999000e+03 -9.999000e+03 -9.999000e+03 -9.999000e+03 -9.999000e+03 -9.999000e+03 -9.999000e+03 -9.999000e+03 -9.999000e+03 -9.999000e+03 -9.999000e+03 -9.999000e+03 -9.999000e+03 -9.999000e+03 -9.999000e+03 -9.999000e+03 -9.999000e+03 -9.999000e+03 -9.999000e+03 -9.999000e+03 -9.999000e+03 -9.999000e+03 -9.999000e+03 -9.999000e+03 -9.999000e+03 -9.999000e+03 -9.999000e+03 -9.999000e+03 1.196738e+00 -9.999000e+03 -9.999000e+03 -9.999000e+03 -9.999000e+03 -9.999000e+03 -9.999000e+03 -9.999000e+03 9.338204e-01 1.087174e+00 1.202095e+00 1.301147e+00 1.373843e+00 1.422135e+00 1.462350e+00 1.499509e+00 1.539492e+00 1.587064e+00 9.143950e-01 1.044059e+00 1.142624e+00 1.222538e+00
-9.999000e+03 -9.999000e+03 -9.999000e+03 -9.999000e+03 -9.999000e+03 -9.999000e+03 -9.999000e+03 -9.999000e+03 -9.999000e+03 -9.999000e+03 -9.999000e+03 -9.999000e+03 -9.999000e+03 -9.999000e+03 -9.999000e+03 -9.999000e+03 -9.999000e+03 -9.999000e+03 -9.999000e+03 -9.999000e+03 -9.999000e+03 -9.999000e+03 -9.999000e+03 -9.999000e+03 -9.999000e+03 -9.999000e+03 -9.999000e+03 -9.999000e+03 -9.999000e+03 -9.999000e+03 -9.999000e+03 -9.999000e+03 -9.999000e+03 -9.999000e+03 -9.999000e+03 -9.999000e+03 -9.999000e+03 -9.999000e+03 -9.999000e+03 -9.999000e+03 -9.999000e+03 9.324708e-01 9.257104e-01 9.091476e-01 1.054850e+00 1.169583e+00 1.272770e+00 1.374877e+00 1.442252e+00 1.470928e+00 1.495826e+00 1.524211e+00
-9.999000e+03 -9.999000e+03 -9.999000e+03 -9.999000e+03 -9.999000e+03 -9.999000e+03 -9.999000e+03 -9.999000e+03 -9.999000e+03 -9.999000e+03 -9.999000e+03 -9.999000e+03 -9.999000e+03 -9.999000e+03 -9.999000e+03 -9.999000e+03 -9.999000e+03 -9.999000e+03 -9.999000e+03 -9.999000e+03 -9.999000e+03 -9.999000e+03 -9.999000e+03 -9.999000e+03 -9.999000e+03 -9.999000e+03 -9.999000e+03 -9.999000e+03 -9.999000e+03 -9.999000e+03 -9.999000e+03 -9.999000e+03 -9.999000e+03 -9.999000e+03 -9.999000e+03 -9.999000e+03 -9.999000e+03 -9.999000e+03 -9.999000e+03 -9.999000e+03 -9.999000e+03 -9.999000e+03 -9.999000e+03 -9.999000e+03 8.980693e-01 9.022883e-01 1.064990e+00 1.196011e+00 9.138143e-01 1.040131e+00 1.148249e+00 1.253630e+00
-9.999000e+03 -9.999000e+03 -9.999000e+03 -9.999000e+03 -9.999000e+03 -9.999000e+03 -9.999000e+03 -9.999000e+03 -9.999000e+03 -9.999000e+03 -9.999000e+03 -9.999000e+03 -9.999000e+03 -9.999000e+03 -9.999000e+03 -9.999000e+03 -9.999000e+03 -9.999000e+03 -9.999000e+03 -9.999000e+03 -9.999000e+03 -9.999000e+03 -9.999000e+03 -9.999000e+03 -9.999000e+03 -9.999000e+03 -9.999000e+03 -9.999000e+03 -9.999000e+03 -9.999000e+03 -9.999000e+03 -9.999000e+03 -9.999000e+03 -9.999000e+03 -9.999000e+03 -9.999000e+03 -9.999000e+03 -9.999000e+03 -9.999000e+03 -9.999000e+03 -9.999000e+03 -9.999000e+03 -9.999000e+03 -9.999000e+03 -9.999000e+03 -9.999000e+03 -9.999000e+03 -9.999000e+03 -9.999000e+03 -9.999000e+03 8.883975e-01 1.067525e+00
-9.999000e+03 -9.999000e+03 -9.999000e+03 -9.999000e+03 -9.999000e+03 -9.999000e+03 -9.999000e+03 -9.999000e+03 -9.999000e+03 -9.999000e+03 -9.999000e+03 -9.999000e+03 -9.999000e+03 -9.999000e+03 -9.999000e+03 -9.999000e+03 -9.999000e+03 -9.999000e+03 -9.999000e+03 -9.999000e+03 -9.999000e+03 -9.999000e+03 -9.999000e+03 -9.999000e+03 -9.999000e+03 -9.999000e+03 -9.999000e+03 -9.999000e+03 -9.999000e+03 -9.999000e+03 -9.999000e+03 -9.999000e+03 -9.999000e+03 -9.999000e+03 -9.999000e+03 -9.999000e+03 -9.999000e+03 -9.999000e+03 -9.999000e+03 -9.999000e+03 -9.999000e+03 -9.999000e+03 -9.999000e+03 -9.999000e+03 -9.999000e+03 -9.999000e+03 -9.999000e+03 -9.999000e+03 -9.999000e+03 -9.999000e+03 -9.999000e+03 9.228206e-01
-9.999000e+03 -9.999000e+03 -9.999000e+03 -9.999000e+03 -9.999000e+03 -9.999000e+03 -9.999000e+03 -9.999000e+03 -9.999000e+03 -9.999000e+03 -9.999000e+03 -9.999000e+03 -9.999000e+03 -9.999000e+03 -9.999000e+03 -9.999000e+03 -9.999000e+03 -9.999000e+03 -9.999000e+03 -9.999000e+03 -9.999000e+03 -9.999000e+03 -9.999000e+03 -9.999000e+03 -9.999000e+03 -9.999000e+03 -9.999000e+03 -9.999000e+03 -9.999000e+03 -9.999000e+03 -9.999000e+03 -9.999000e+03 -9.999000e+03 -9.999000e+03 -9.999000e+03 -9.999000e+03 -9.999000e+03 -9.999000e+03 -9.999000e+03 -9.999000e+03 -9.999000e+03 -9.999000e+03 -9.999000e+03 -9.999000e+03 -9.999000e+03 -9.999000e+03 -9.999000e+03 -9.999000e+03 -9.999000e+03 -9.999000e+03 -9.999000e+03 -9.999000e+03
-9.999000e+03 -9.999000e+03 -9.999000e+03 -9.999000e+03 -9.999000e+03 -9.999000e+03 -9.999000e+03 -9.999000e+03 -9.999000e+03 -9.999000e+03 -9.999000e+03 -9.999000e+03 -9.999000e+03 -9.999000e+03 -9.999000e+03 -9.999000e+03 -9.999000e+03 -9.999000e+03 -9.999000e+03 -9.999000e+03 -9.999000e+03 -9.999000e+03 -9.999000e+03 -9.999000e+03 -9.999000e+03 -9.999000e+03 -9.999000e+03 -9.999000e+03 -9.999000e+03 -9.999000e+03 -9.999000e+03 -9.999000e+03 -9.999000e+03 -9.999000e+03 -9.999000e+03 -9.999000e+03 -9.999000e+03 -9.999000e+03 -9.999000e+03 -9.999000e+03 -9.999000e+03 -9.999000e+03 -9.999000e+03 -9.999000e+03 -9.999000e+03 -9.999000e+03 -9.999000e+03 -9.999000e+03 -9.999000e+03 -9.999000e+03 -9.999000e+03 -9.999000e+03
