tests/data/reference/test_implicit_stream_rill_mfda/control/cinfil_m3.asc
ncols	123
nrows	77
xllcorner	-713746.79929998
yllcorner	-1061022.36961616
cellsize	10.0
NODATA_value	-9999
[rows 46 to 68 of 77, columns 52 to 103 of 123]
1.686933e+00 1.545514e+00 1.548412e+00 1.539597e+00 1.526547e+00 1.140205e+00 1.139600e+00 1.137381e+00 1.136576e+00 1.486370e+00 1.225649e+00 2.829063e+00 1.626216e+00 1.204405e+00 1.108192e+00 1.105873e+00 1.346362e+00 1.080497e+00 1.068630e+00 1.064461e+00 1.058299e+00 1.047876e+00 1.045093e+00 1.055624e+00 1.508312e+00 0.000000e+00 9.354227e-01 7.662912e-01 9.065647e-01 1.014111e+00 1.118598e+00 0.000000e+00 0.000000e+00 0.000000e+00 1.394690e+00 1.629352e+00 1.602255e+00 8.320595e-01 8.251037e-01 8.239215e-01 8.249144e-01 8.277632e-01 8.322309e-01 8.392863e-01 8.457591e-01 8.515345e-01 8.576623e-01 1.374251e+00 1.583744e+00 1.598422e+00 1.564128e+00 1.582936e+00
1.482835e+00 1.503724e+00 1.511260e+00 1.498096e+00 1.037703e+00 1.038420e+00 1.036175e+00 1.029997e+00 1.450931e+00 1.143977e+00 2.793419e+00 1.655494e+00 1.124813e+00 1.012090e+00 1.013534e+00 1.307611e+00 1.005320e+00 9.863806e-01 9.749006e-01 9.713112e-01 9.637002e-01 9.514875e-01 9.450795e-01 1.479540e+00 8.178201e-01 0.000000e+00 9.404095e-01 8.947611e-01 9.699465e-01 1.046816e+00 1.124526e+00 1.205886e+00 1.310300e+00 0.000000e+00 0.000000e+00 1.673367e+00 1.636797e+00 8.398455e-01 8.281465e-01 8.246634e-01 8.256494e-01 8.293439e-01 8.324780e-01 8.361837e-01 8.392359e-01 8.424698e-01 8.471331e-01 1.417230e+00 1.581053e+00 1.587786e+00 1.562191e+00 1.567598e+00
1.413514e+00 1.439020e+00 1.449829e+00 8.994976e-01 8.927020e-01 8.937851e-01 8.923324e-01 1.410463e+00 1.037081e+00 2.746195e+00 1.675908e+00 1.019251e+00 8.672566e-01 8.709261e-01 1.233893e+00 8.749091e-01 8.682467e-01 8.537505e-01 8.459543e-01 8.440338e-01 8.375231e-01 8.267978e-01 1.461604e+00 9.467583e-01 1.049054e+00 0.000000e+00 1.019471e+00 9.553598e-01 1.055423e+00 1.130937e+00 1.201926e+00 1.275626e+00 1.368004e+00 8.649142e-01 0.000000e+00 1.486679e+00 1.673364e+00 8.494192e-01 8.336948e-01 8.265665e-01 8.262063e-01 8.303948e-01 8.327176e-01 8.340684e-01 8.343834e-01 8.354057e-01 8.389395e-01 1.450295e+00 1.574457e+00 1.577637e+00 1.560339e+00 1.561270e+00
1.330981e+00 1.353314e+00 9.098068e-01 1.060204e+00 1.174475e+00 1.271592e+00 1.353673e+00 8.982886e-01 2.694986e+00 1.682212e+00 8.800783e-01 8.720918e-01 1.018867e+00 1.137150e+00 8.747296e-01 1.025056e+00 1.134831e+00 1.217040e+00 1.287620e+00 1.352133e+00 1.405553e+00 1.446734e+00 8.302117e-01 8.149834e-01 1.573227e+00 0.000000e+00 8.934485e-01 9.825765e-01 9.683680e-01 1.054084e+00 1.129730e+00 1.205008e+00 1.291212e+00 1.461620e+00 0.000000e+00 0.000000e+00 1.706649e+00 8.593740e-01 8.415391e-01 8.306744e-01 8.275752e-01 8.304895e-01 8.320876e-01 8.322706e-01 8.306275e-01 8.298058e-01 8.326433e-01 1.476077e+00 1.565458e+00 1.567563e+00 1.559673e+00 1.563877e+00
1.238115e+00 2.213440e+00 2.297429e+00 2.372560e+00 2.440794e+00 2.503961e+00 2.564584e+00 2.635169e+00 1.673989e+00 8.885978e-01 1.033976e+00 1.143050e+00 1.234276e+00 1.315522e+00 1.384667e+00 1.441860e+00 1.485674e+00 1.515851e+00 1.540073e+00 1.561567e+00 1.579040e+00 1.593083e+00 1.596755e+00 1.588423e+00 1.943624e+00 0.000000e+00 8.395975e-01 8.140770e-01 8.482224e-01 9.457463e-01 1.029168e+00 1.107492e+00 1.192826e+00 1.425752e+00 1.545258e+00 0.000000e+00 1.494634e+00 8.662738e-01 8.481890e-01 8.355121e-01 8.303862e-01 8.312583e-01 8.316560e-01 8.315406e-01 9.681840e-01 9.650004e-01 8.274308e-01 1.496080e+00 1.557580e+00 1.559992e+00 1.559561e+00 1.568733e+00
2.122042e+00 1.578330e+00 1.723139e+00 1.818873e+00 1.925516e+00 2.071233e+00 2.178714e+00 1.642611e+00 1.592427e+00 1.616326e+00 1.630470e+00 1.639035e+00 1.641133e+00 1.639789e+00 1.636159e+00 1.631005e+00 1.755969e+00 1.802305e+00 1.838052e+00 1.870149e+00 1.902747e+00 1.938651e+00 1.961972e+00 1.964599e+00 1.499552e+00 0.000000e+00 8.174712e-01 9.444709e-01 1.041832e+00 9.857654e-01 1.065214e+00 1.138691e+00 1.216883e+00 1.310248e+00 1.546112e+00 0.000000e+00 0.000000e+00 8.067464e-01 8.520316e-01 8.394289e-01 8.335165e-01 8.326745e-01 8.314617e-01 8.313455e-01 1.077079e+00 1.071816e+00 8.236338e-01 1.511231e+00 1.552488e+00 1.555945e+00 1.559295e+00 1.571380e+00
1.528308e+00 1.530860e+00 8.759705e-01 1.592660e+00 1.834125e+00 1.682600e+00 1.592174e+00 1.544262e+00 1.619065e+00 1.635092e+00 1.645009e+00 1.655704e+00 1.661229e+00 1.661471e+00 1.658648e+00 1.653362e+00 8.641343e-01 9.951526e-01 1.094623e+00 1.178376e+00 1.261343e+00 1.353952e+00 1.429186e+00 1.476166e+00 8.387041e-01 0.000000e+00 8.461974e-01 9.727574e-01 1.067997e+00 1.145882e+00 1.058066e+00 1.137777e+00 1.216366e+00 1.299862e+00 1.399346e+00 1.655024e+00 0.000000e+00 9.422293e-01 8.520193e-01 8.429928e-01 8.385236e-01 8.374742e-01 8.344189e-01 9.711633e-01 1.167699e+00 1.161419e+00 9.585983e-01 1.523668e+00 1.549231e+00 1.553901e+00 1.560290e+00 1.573083e+00
1.481341e+00 1.477056e+00 1.530567e+00 1.750267e+00 1.655819e+00 1.538306e+00 1.483078e+00 1.579101e+00 1.651263e+00 1.723273e+00 1.785541e+00 1.849846e+00 1.909469e+00 1.961253e+00 2.002078e+00 2.029443e+00 2.036627e+00 2.018803e+00 1.974705e+00 1.893347e+00 1.781854e+00 1.698174e+00 1.772815e+00 1.815966e+00 1.846537e+00 0.000000e+00 1.026556e+00 9.949403e-01 1.076439e+00 1.148034e+00 1.217150e+00 1.115698e+00 1.196629e+00 1.271034e+00 1.374335e+00 1.726534e+00 0.000000e+00 0.000000e+00 7.791489e-01 8.448803e-01 8.451340e-01 8.461796e-01 9.821044e-01 1.082638e+00 1.245130e+00 1.237655e+00 1.063931e+00 1.535314e+00 1.547964e+00 1.553137e+00 1.562766e+00 1.574108e+00
1.423096e+00 1.559601e+00 1.650105e+00 1.617440e+00 1.473246e+00 1.415957e+00 1.526983e+00 1.628166e+00 1.502586e+00 1.625554e+00 1.624319e+00 1.631175e+00 1.644178e+00 1.662764e+00 1.677371e+00 1.682886e+00 1.678104e+00 1.662131e+00 1.640124e+00 1.615050e+00 1.602709e+00 1.620098e+00 8.739553e-01 8.499562e-01 9.750317e-01 0.000000e+00 8.445300e-01 9.682677e-01 1.061420e+00 8.691721e-01 8.892423e-01 1.262703e+00 1.179352e+00 1.263309e+00 1.267148e+00 1.788341e+00 7.920317e-01 0.000000e+00 7.689203e-01 7.722633e-01 8.430126e-01 8.445653e-01 1.091136e+00 1.171945e+00 1.310343e+00 1.302888e+00 1.152074e+00 1.547632e+00 1.551083e+00 1.554872e+00 1.565333e+00 1.575113e+00
1.532528e+00 1.402423e+00 1.581015e+00 1.384007e+00 1.333776e+00 1.465826e+00 1.591152e+00 1.449870e+00 1.626180e+00 8.623763e-01 1.637422e+00 1.730253e+00 1.818524e+00 1.925803e+00 2.027845e+00 2.110349e+00 2.179992e+00 2.238660e+00 2.290136e+00 2.336369e+00 2.391360e+00 2.467921e+00 2.528874e+00 2.558347e+00 0.000000e+00 0.000000e+00 8.049770e-01 9.292375e-01 1.024436e+00 1.104127e+00 1.177993e+00 1.250455e+00 1.315772e+00 1.179982e+00 1.257480e+00 1.529544e+00 1.853032e+00 0.000000e+00 7.588314e-01 7.632349e-01 8.333659e-01 9.733333e-01 1.170860e+00 1.241352e+00 1.363645e+00 1.358471e+00 1.228091e+00 1.561372e+00 1.559302e+00 1.559757e+00 1.567624e+00 1.576327e+00
1.341328e+00 1.569829e+00 1.285937e+00 1.228228e+00 1.391300e+00 1.546368e+00 1.381739e+00 1.611614e+00 1.427821e+00 1.558623e+00 1.416260e+00 1.409347e+00 1.542175e+00 1.598346e+00 1.477253e+00 1.608687e+00 1.687114e+00 1.748720e+00 1.798949e+00 1.840169e+00 1.882371e+00 1.931723e+00 1.962640e+00 1.964482e+00 0.000000e+00 9.868690e-01 9.261123e-01 9.934844e-01 1.071787e+00 1.146430e+00 1.214973e+00 1.277226e+00 1.333527e+00 1.384216e+00 1.236235e+00 1.407351e+00 1.704756e+00 0.000000e+00 0.000000e+00 7.459421e-01 8.592617e-01 1.065986e+00 1.235137e+00 1.299757e+00 1.409848e+00 1.407136e+00 1.294024e+00 1.575031e+00 1.571445e+00 1.569859e+00 1.574635e+00 1.581971e+00
1.568841e+00 1.196026e+00 1.115652e+00 1.301446e+00 1.490968e+00 1.305321e+00 1.593822e+00 1.365009e+00 1.362398e+00 1.361198e+00 1.356568e+00 1.347226e+00 1.579800e+00 1.410240e+00 1.416967e+00 1.577713e+00 1.640697e+00 1.719055e+00 1.509642e+00 1.534267e+00 1.763899e+00 2.046659e+00 2.123502e+00 2.172934e+00 0.000000e+00 1.001513e+00 9.276478e-01 9.986727e-01 1.081779e+00 1.161066e+00 1.228658e+00 1.283728e+00 1.333959e+00 1.381586e+00 1.226510e+00 1.300639e+00 1.340897e+00 1.614316e+00 0.000000e+00 8.464479e-01 9.392842e-01 1.137760e+00 1.288671e+00 1.350355e+00 1.450904e+00 1.450469e+00 1.351510e+00 1.587598e+00 1.586451e+00 1.586203e+00 1.589328e+00 1.595275e+00
1.093008e+00 1.002160e+00 1.218990e+00 1.433887e+00 1.219610e+00 1.571284e+00 1.299767e+00 1.296070e+00 1.292377e+00 1.291246e+00 1.286699e+00 1.584055e+00 1.342053e+00 1.348091e+00 1.570495e+00 1.400790e+00 1.393531e+00 1.540585e+00 1.423247e+00 1.541122e+00 1.615389e+00 1.678943e+00 1.732961e+00 1.777344e+00 0.000000e+00 9.871316e-01 9.289789e-01 1.004497e+00 1.090505e+00 1.170842e+00 9.684503e-01 8.894581e-01 8.628805e-01 8.545048e-01 8.667956e-01 7.850919e-01 8.053056e-01 1.612261e+00 0.000000e+00 0.000000e+00 1.013990e+00 1.049548e+00 1.338024e+00 1.396711e+00 1.487734e+00 1.489861e+00 1.404549e+00 1.600792e+00 1.602086e+00 1.603295e+00 1.604658e+00 1.609311e+00
8.435013e-01 1.125514e+00 1.383896e+00 1.133103e+00 1.542801e+00 1.222365e+00 1.223461e+00 1.219959e+00 1.215535e+00 1.211175e+00 1.597601e+00 1.279629e+00 1.277286e+00 1.568220e+00 1.342720e+00 1.338222e+00 1.539989e+00 1.377672e+00 1.369958e+00 1.362591e+00 1.459555e+00 1.535165e+00 1.328621e+00 1.288789e+00 0.000000e+00 8.136521e-01 9.362634e-01 8.337424e-01 8.833785e-01 9.625742e-01 1.130690e+00 9.135038e-01 8.297004e-01 1.014568e+00 1.009385e+00 8.186602e-01 7.093286e-01 7.530648e-01 1.627463e+00 0.000000e+00 0.000000e+00 1.125071e+00 1.194752e+00 1.440995e+00 1.521415e+00 1.526059e+00 1.454881e+00 1.615629e+00 1.617546e+00 1.618349e+00 1.616830e+00 1.619654e+00
9.925418e-01 1.310404e+00 1.040425e+00 1.514383e+00 1.133295e+00 1.131952e+00 1.132449e+00 1.131904e+00 1.126914e+00 1.615038e+00 1.206274e+00 1.203974e+00 1.578487e+00 1.274662e+00 1.270394e+00 1.545198e+00 1.325070e+00 1.318100e+00 1.310267e+00 1.237369e+00 8.214950e-01 8.211969e-01 1.149228e+00 8.069051e-01 0.000000e+00 8.001406e-01 9.323178e-01 1.077710e+00 1.174849e+00 1.048473e+00 9.389698e-01 9.291205e-01 9.210287e-01 9.157816e-01 9.082527e-01 8.982080e-01 8.998747e-01 8.981060e-01 1.036426e+00 1.656173e+00 0.000000e+00 0.000000e+00 1.269482e+00 1.487949e+00 1.554203e+00 1.558605e+00 1.499513e+00 1.628766e+00 1.630817e+00 1.632674e+00 1.631765e+00 1.633694e+00
1.207407e+00 8.902498e-01 1.480426e+00 1.038615e+00 1.026017e+00 1.021483e+00 1.021740e+00 1.024992e+00 1.641861e+00 1.123813e+00 1.115556e+00 1.597192e+00 1.204828e+00 1.197081e+00 1.559284e+00 1.261755e+00 1.255742e+00 1.248467e+00 1.165162e+00 8.231402e-01 9.588641e-01 1.068820e+00 8.203666e-01 9.439481e-01 0.000000e+00 8.365981e-01 9.697656e-01 1.086585e+00 9.472963e-01 8.121438e-01 8.092737e-01 8.039605e-01 7.980018e-01 7.923849e-01 7.850074e-01 7.757471e-01 9.687335e-01 8.859211e-01 7.823650e-01 1.181833e+00 1.693458e+00 0.000000e+00 1.367450e+00 1.329168e+00 1.588898e+00 1.588221e+00 1.537859e+00 1.638821e+00 1.640261e+00 1.645363e+00 1.649953e+00 8.364118e-01
1.298485e+00 1.401381e+00 9.089648e-01 8.946915e-01 8.840112e-01 8.774525e-01 8.778985e-01 1.664484e+00 1.033272e+00 1.019540e+00 1.620698e+00 1.125507e+00 1.121069e+00 1.589132e+00 1.195838e+00 1.187600e+00 1.178718e+00 1.078295e+00 8.250455e-01 9.581288e-01 1.064251e+00 1.158989e+00 1.234958e+00 1.291608e+00 0.000000e+00 8.673833e-01 9.808456e-01 8.119244e-01 8.147134e-01 9.487881e-01 1.052390e+00 1.138049e+00 1.208618e+00 1.266621e+00 1.314410e+00 1.087493e+00 7.763743e-01 7.738609e-01 9.082500e-01 9.248754e-01 1.088820e+00 0.000000e+00 0.000000e+00 1.415070e+00 1.623812e+00 1.616541e+00 1.574050e+00 1.651672e+00 1.652847e+00 1.661346e+00 8.414351e-01 1.236728e+00
1.556799e+00 1.600098e+00 1.640078e+00 1.662558e+00 1.673742e+00 1.674715e+00 1.673178e+00 8.954123e-01 8.938538e-01 1.648177e+00 1.029064e+00 1.026757e+00 1.624305e+00 1.127030e+00 1.114432e+00 1.101768e+00 9.784328e-01 8.279409e-01 9.600825e-01 1.062814e+00 1.151701e+00 1.233833e+00 1.302499e+00 1.355697e+00 0.000000e+00 8.781620e-01 9.841278e-01 1.088020e+00 1.178000e+00 1.256640e+00 1.326190e+00 1.388111e+00 1.439681e+00 1.480046e+00 1.510247e+00 1.531059e+00 1.295781e+00 1.160686e+00 1.227003e+00 1.170999e+00 1.002200e+00 1.310243e+00 0.000000e+00 0.000000e+00 1.418100e+00 1.644356e+00 8.335121e-01 1.670399e+00 1.672218e+00 8.431727e-01 1.248098e+00 1.148588e+00
1.342952e+00 1.426439e+00 1.496480e+00 1.550634e+00 1.590464e+00 1.616506e+00 1.636070e+00 1.654658e+00 1.664251e+00 8.966265e-01 8.913978e-01 1.651286e+00 1.038179e+00 1.028183e+00 1.013124e+00 8.485063e-01 8.371152e-01 9.664208e-01 1.066231e+00 1.151697e+00 1.227901e+00 1.298396e+00 1.359651e+00 1.410304e+00 0.000000e+00 8.856670e-01 9.827949e-01 1.080903e+00 1.167342e+00 1.246576e+00 1.318539e+00 1.384283e+00 1.441344e+00 1.488527e+00 1.524172e+00 1.548030e+00 1.564680e+00 1.324907e+00 7.834019e-01 7.854364e-01 9.283573e-01 9.564495e-01 1.242095e+00 0.000000e+00 1.490643e+00 1.430349e+00 8.376363e-01 8.427502e-01 8.451693e-01 8.382564e-01 1.156457e+00 1.054520e+00
1.193301e+00 1.289423e+00 1.366586e+00 1.431483e+00 1.486506e+00 1.533881e+00 1.574774e+00 1.610217e+00 1.637660e+00 1.655831e+00 1.664674e+00 9.038317e-01 8.970425e-01 8.886276e-01 8.734252e-01 1.001022e+00 1.093884e+00 1.168307e+00 1.234272e+00 1.295920e+00 1.353092e+00 1.406477e+00 1.606684e+00 1.553468e+00 0.000000e+00 1.019055e+00 1.007683e+00 1.088097e+00 1.167268e+00 1.244178e+00 1.316345e+00 1.384127e+00 1.445244e+00 1.498583e+00 1.540954e+00 1.570598e+00 1.590747e+00 1.602902e+00 1.531036e+00 1.394092e+00 1.227877e+00 1.268164e+00 1.383293e+00 0.000000e+00 0.000000e+00 1.500736e+00 8.402819e-01 8.406036e-01 8.420236e-01 1.235037e+00 1.144732e+00 1.051670e+00
9.242728e-01 1.068777e+00 1.175378e+00 1.263167e+00 1.341747e+00 1.417552e+00 1.484200e+00 1.538105e+00 1.585920e+00 1.632480e+00 1.665954e+00 1.679058e+00 1.674659e+00 1.656011e+00 1.624688e+00 1.585678e+00 1.548893e+00 1.519461e+00 1.503546e+00 1.502633e+00 1.513042e+00 1.531859e+00 8.280265e-01 0.000000e+00 0.000000e+00 8.340059e-01 9.612347e-01 1.054556e+00 1.136098e+00 1.213391e+00 1.286368e+00 1.356436e+00 1.421484e+00 1.480726e+00 1.531643e+00 1.572116e+00 1.599528e+00 1.614097e+00 1.620788e+00 1.414322e+00 1.374820e+00 1.365104e+00 1.367710e+00 1.459221e+00 0.000000e+00 0.000000e+00 9.023714e-01 8.350853e-01 8.284929e-01 8.198220e-01 8.128072e-01 9.441514e-01
-9.999000e+03 -9.999000e+03 -9.999000e+03 -9.999000e+03 -9.999000e+03 -9.999000e+03 -9.999000e+03 8.993485e-01 9.055431e-01 9.237672e-01 9.322966e-01 9.246688e-01 1.068337e+00 1.163280e+00 1.235011e+00 1.292372e+00 1.337766e+00 1.373011e+00 1.407120e+00 1.443766e+00 1.480781e+00 1.518364e+00 1.545103e+00 0.000000e+00 1.007550e+00 9.469426e-01 1.011252e+00 1.078833e+00 1.144346e+00 1.209416e+00 1.274033e+00 1.339643e+00 1.403578e+00 1.465212e+00 1.521935e+00 1.571436e+00 1.606108e+00 1.623799e+00 1.631818e+00 1.632241e+00 1.382125e+00 1.285866e+00 1.291528e+00 1.345030e+00 1.459651e+00 0.000000e+00 0.000000e+00 7.624384e-01 8.144275e-01 8.090288e-01 8.064134e-01 8.069259e-01
-9.999000e+03 -9.999000e+03 -9.999000e+03 -9.999000e+03 -9.999000e+03 -9.999000e+03 -9.999000e+03 -9.999000e+03 -9.999000e+03 -9.999000e+03 1.087472e+00 1.082776e+00 9.043142e-01 8.794221e-01 1.014308e+00 1.119836e+00 1.201651e+00 1.263833e+00 1.321272e+00 1.379409e+00 1.433794e+00 1.483896e+00 1.518657e+00 0.000000e+00 1.007697e+00 9.497144e-01 1.015510e+00 1.082005e+00 1.144692e+00 1.034489e+00 1.284158e+00 1.352761e+00 1.413267e+00 1.473765e+00 1.531849e+00 1.584518e+00 1.624656e+00 1.648972e+00 1.660481e+00 1.660202e+00 1.652806e+00 1.395188e+00 1.236878e+00 1.485815e+00 1.354877e+00 1.480099e+00 0.000000e+00 0.000000e+00 8.079374e-01 8.010576e-01 -9.999000e+03 -9.999000e+03
