tests/data/reference/test_implicit_stream_rill_mfda/control/cinfil_m3.asc
ncols	123
nrows	77
xllcorner	-713746.79929998
yllcorner	-1061022.36961616
cellsize	10.0
NODATA_value	-9999
[rows 46 to 68 of 77, columns 52 to 103 of 123]
1.686571e+00 1.545061e+00 1.547877e+00 1.538960e+00 1.525854e+00 1.141272e+00 1.140668e+00 1.138454e+00 1.137668e+00 1.485966e+00 1.226626e+00 2.828271e+00 1.625763e+00 1.205434e+00 1.109366e+00 1.107046e+00 1.346694e+00 1.081769e+00 1.070011e+00 1.065909e+00 1.059785e+00 1.049417e+00 1.046668e+00 1.057193e+00 1.507762e+00 0.000000e+00 9.360488e-01 7.681146e-01 9.079589e-01 1.015397e+00 1.119749e+00 0.000000e+00 0.000000e+00 0.000000e+00 1.394128e+00 1.628868e+00 1.601665e+00 8.344436e-01 8.275349e-01 8.263603e-01 8.273468e-01 8.301778e-01 8.346138e-01 8.416218e-01 8.480526e-01 8.537905e-01 8.598773e-01 1.374562e+00 1.583600e+00 1.598512e+00 1.563777e+00 1.582794e+00
1.482804e+00 1.503600e+00 1.511033e+00 1.497796e+00 1.039160e+00 1.039882e+00 1.037646e+00 1.031491e+00 1.450736e+00 1.145047e+00 2.792944e+00 1.654651e+00 1.125943e+00 1.013683e+00 1.015118e+00 1.308403e+00 1.006927e+00 9.880473e-01 9.766208e-01 9.730485e-01 9.654642e-01 9.533288e-01 9.469741e-01 1.479033e+00 8.203008e-01 0.000000e+00 9.412032e-01 8.958194e-01 9.711528e-01 1.048147e+00 1.125626e+00 1.206595e+00 1.310759e+00 0.000000e+00 0.000000e+00 1.673013e+00 1.636339e+00 8.421774e-01 8.305587e-01 8.270974e-01 8.280771e-01 8.317476e-01 8.348594e-01 8.385419e-01 8.415718e-01 8.447852e-01 8.494165e-01 1.417198e+00 1.580967e+00 1.587966e+00 1.562019e+00 1.567760e+00
1.413921e+00 1.439320e+00 1.450020e+00 9.014468e-01 8.946929e-01 8.957686e-01 8.943257e-01 1.410584e+00 1.038541e+00 2.746013e+00 1.674801e+00 1.020802e+00 8.694099e-01 8.730543e-01 1.234940e+00 8.770131e-01 8.703935e-01 8.559911e-01 8.482464e-01 8.463396e-01 8.398717e-01 8.292184e-01 1.461232e+00 9.486368e-01 1.050636e+00 0.000000e+00 1.026992e+00 9.644055e-01 1.063331e+00 1.137501e+00 1.207316e+00 1.280055e+00 1.371833e+00 8.662387e-01 0.000000e+00 1.486461e+00 1.673019e+00 8.516882e-01 8.360685e-01 8.289885e-01 8.286305e-01 8.327907e-01 8.350975e-01 8.364397e-01 8.367528e-01 8.377687e-01 8.412776e-01 1.450009e+00 1.574409e+00 1.577828e+00 1.560322e+00 1.561590e+00
1.331898e+00 1.354141e+00 9.116922e-01 1.061564e+00 1.175491e+00 1.272525e+00 1.354222e+00 9.002454e-01 2.695055e+00 1.681025e+00 8.821483e-01 8.742128e-01 1.020430e+00 1.138277e+00 8.768346e-01 1.026592e+00 1.135942e+00 1.218045e+00 1.288462e+00 1.352588e+00 1.405661e+00 1.446566e+00 8.326089e-01 8.174832e-01 1.573075e+00 0.000000e+00 9.226771e-01 9.854053e-01 9.701681e-01 1.055888e+00 1.131117e+00 1.205924e+00 1.291766e+00 1.464869e+00 0.000000e+00 0.000000e+00 1.706369e+00 8.615785e-01 8.438604e-01 8.330682e-01 8.299909e-01 8.328847e-01 8.344715e-01 8.346533e-01 8.330217e-01 8.322060e-01 8.350237e-01 1.475635e+00 1.565436e+00 1.567735e+00 1.559761e+00 1.564239e+00
1.239236e+00 2.214454e+00 2.298429e+00 2.373462e+00 2.441525e+00 2.504441e+00 2.564722e+00 2.635413e+00 1.672902e+00 8.906143e-01 1.035461e+00 1.144130e+00 1.235282e+00 1.316307e+00 1.384997e+00 1.441820e+00 1.485340e+00 1.515307e+00 1.539416e+00 1.560937e+00 1.578494e+00 1.592666e+00 1.596447e+00 1.588176e+00 1.941985e+00 0.000000e+00 8.432697e-01 8.165837e-01 8.496973e-01 9.469700e-01 1.030485e+00 1.108642e+00 1.193534e+00 1.426701e+00 1.547927e+00 0.000000e+00 1.494367e+00 8.684330e-01 8.504657e-01 8.378744e-01 8.327821e-01 8.336477e-01 8.340426e-01 8.339280e-01 9.699565e-01 9.667854e-01 8.298474e-01 1.495578e+00 1.557608e+00 1.560144e+00 1.559698e+00 1.569057e+00
2.123336e+00 1.577716e+00 1.723149e+00 1.818902e+00 1.925986e+00 2.072538e+00 2.179874e+00 1.641723e+00 1.591643e+00 1.615374e+00 1.629469e+00 1.638148e+00 1.640473e+00 1.639419e+00 1.636030e+00 1.631016e+00 1.756655e+00 1.802838e+00 1.838474e+00 1.870457e+00 1.902925e+00 1.938619e+00 1.961552e+00 1.963618e+00 1.499053e+00 0.000000e+00 8.199542e-01 9.463874e-01 1.043443e+00 9.867971e-01 1.066362e+00 1.139491e+00 1.217311e+00 1.310467e+00 1.547177e+00 0.000000e+00 0.000000e+00 8.083203e-01 8.542845e-01 8.417635e-01 8.358913e-01 8.350546e-01 8.338496e-01 8.337343e-01 1.078537e+00 1.073300e+00 8.260744e-01 1.510755e+00 1.552573e+00 1.556104e+00 1.559435e+00 1.571604e+00
1.527812e+00 1.530336e+00 8.780676e-01 1.592077e+00 1.834511e+00 1.682756e+00 1.591509e+00 1.543668e+00 1.618230e+00 1.634105e+00 1.644021e+00 1.654892e+00 1.660674e+00 1.661186e+00 1.658558e+00 1.653363e+00 8.663066e-01 9.968097e-01 1.095896e+00 1.179458e+00 1.262382e+00 1.354687e+00 1.429430e+00 1.476006e+00 8.410440e-01 0.000000e+00 8.520194e-01 9.771141e-01 1.071575e+00 1.148789e+00 1.060299e+00 1.139485e+00 1.217544e+00 1.300694e+00 1.399557e+00 1.656087e+00 0.000000e+00 9.434731e-01 8.542723e-01 8.453050e-01 8.408648e-01 8.398232e-01 8.367880e-01 9.729269e-01 1.168840e+00 1.162571e+00 9.604268e-01 1.523272e+00 1.549383e+00 1.554063e+00 1.560411e+00 1.573201e+00
1.481109e+00 1.476831e+00 1.530057e+00 1.750605e+00 1.656169e+00 1.537905e+00 1.482881e+00 1.578424e+00 1.650492e+00 1.723079e+00 1.785415e+00 1.849722e+00 1.909266e+00 1.960860e+00 2.001358e+00 2.028242e+00 2.034778e+00 2.016194e+00 1.971532e+00 1.890545e+00 1.781387e+00 1.699931e+00 1.774762e+00 1.817572e+00 1.847884e+00 0.000000e+00 1.114790e+00 1.030883e+00 1.096769e+00 1.161735e+00 1.227197e+00 1.121709e+00 1.201170e+00 1.274520e+00 1.375040e+00 1.727476e+00 0.000000e+00 0.000000e+00 7.808921e-01 8.471802e-01 8.474321e-01 8.484700e-01 9.838341e-01 1.084067e+00 1.246200e+00 1.238730e+00 1.065455e+00 1.535026e+00 1.548166e+00 1.553313e+00 1.562860e+00 1.574134e+00
1.423205e+00 1.559123e+00 1.650142e+00 1.617830e+00 1.473302e+00 1.416251e+00 1.526526e+00 1.627428e+00 1.502272e+00 1.625222e+00 1.624125e+00 1.631079e+00 1.644150e+00 1.662784e+00 1.677382e+00 1.682828e+00 1.677949e+00 1.661870e+00 1.639851e+00 1.614871e+00 1.602770e+00 1.620444e+00 8.760650e-01 8.522219e-01 9.767582e-01 0.000000e+00 8.542239e-01 9.748700e-01 1.066651e+00 8.943227e-01 9.235633e-01 1.282029e+00 1.188911e+00 1.268890e+00 1.274624e+00 1.789271e+00 7.938179e-01 0.000000e+00 7.707283e-01 7.740492e-01 8.453248e-01 8.468675e-01 1.092492e+00 1.173078e+00 1.311156e+00 1.303750e+00 1.153236e+00 1.547470e+00 1.551305e+00 1.555056e+00 1.565404e+00 1.575080e+00
1.531968e+00 1.402630e+00 1.581264e+00 1.384585e+00 1.334665e+00 1.465764e+00 1.590460e+00 1.449892e+00 1.625690e+00 8.645598e-01 1.637610e+00 1.730733e+00 1.819154e+00 1.926964e+00 2.029443e+00 2.111950e+00 2.181305e+00 2.239852e+00 2.291251e+00 2.337375e+00 2.392302e+00 2.468869e+00 2.529675e+00 2.558827e+00 0.000000e+00 0.000000e+00 8.076098e-01 9.312982e-01 1.026166e+00 1.105444e+00 1.179221e+00 1.251622e+00 1.316697e+00 1.180155e+00 1.257360e+00 1.534172e+00 1.854015e+00 0.000000e+00 7.607029e-01 7.650790e-01 8.357416e-01 9.750696e-01 1.171952e+00 1.242369e+00 1.364012e+00 1.358892e+00 1.229194e+00 1.561294e+00 1.559522e+00 1.559925e+00 1.567683e+00 1.576281e+00
1.341870e+00 1.569881e+00 1.286993e+00 1.229349e+00 1.391695e+00 1.545749e+00 1.382159e+00 1.610917e+00 1.427900e+00 1.558661e+00 1.416339e+00 1.409443e+00 1.542233e+00 1.598698e+00 1.477132e+00 1.608670e+00 1.687244e+00 1.748793e+00 1.798858e+00 1.839815e+00 1.881697e+00 1.930653e+00 1.960937e+00 1.961975e+00 0.000000e+00 9.894704e-01 9.280680e-01 9.953633e-01 1.073406e+00 1.147793e+00 1.216292e+00 1.278427e+00 1.334335e+00 1.384632e+00 1.235979e+00 1.407728e+00 1.704967e+00 0.000000e+00 0.000000e+00 7.478978e-01 8.606691e-01 1.067443e+00 1.236109e+00 1.300544e+00 1.409858e+00 1.407192e+00 1.294948e+00 1.574999e+00 1.571634e+00 1.570018e+00 1.574696e+00 1.581968e+00
1.568658e+00 1.197162e+00 1.116861e+00 1.302332e+00 1.490618e+00 1.306186e+00 1.592988e+00 1.365448e+00 1.362829e+00 1.361642e+00 1.357023e+00 1.347714e+00 1.580108e+00 1.410437e+00 1.417152e+00 1.578086e+00 1.641198e+00 1.719782e+00 1.508437e+00 1.549292e+00 1.834653e+00 2.059093e+00 2.124527e+00 2.169722e+00 0.000000e+00 1.014636e+00 9.299148e-01 1.000620e+00 1.083387e+00 1.162448e+00 1.229956e+00 1.284837e+00 1.334659e+00 1.381920e+00 1.226222e+00 1.300313e+00 1.347758e+00 1.613921e+00 0.000000e+00 8.480871e-01 9.404625e-01 1.138869e+00 1.289443e+00 1.350733e+00 1.450617e+00 1.450222e+00 1.352000e+00 1.587574e+00 1.586592e+00 1.586334e+00 1.589411e+00 1.595337e+00
1.094322e+00 1.003823e+00 1.220085e+00 1.433908e+00 1.220611e+00 1.570469e+00 1.300625e+00 1.296918e+00 1.293226e+00 1.292115e+00 1.287590e+00 1.584318e+00 1.342597e+00 1.348661e+00 1.570857e+00 1.401002e+00 1.393775e+00 1.541063e+00 1.423287e+00 1.541122e+00 1.615541e+00 1.679149e+00 1.733093e+00 1.777307e+00 0.000000e+00 9.910276e-01 9.312350e-01 1.006448e+00 1.092083e+00 1.172223e+00 9.716226e-01 9.060876e-01 8.802112e-01 8.664070e-01 8.703448e-01 7.847971e-01 8.052677e-01 1.614389e+00 0.000000e+00 0.000000e+00 1.015252e+00 1.050573e+00 1.338440e+00 1.396764e+00 1.487221e+00 1.489369e+00 1.404665e+00 1.600754e+00 1.602169e+00 1.603392e+00 1.604740e+00 1.609416e+00
8.458104e-01 1.126738e+00 1.384354e+00 1.134171e+00 1.542129e+00 1.223378e+00 1.224491e+00 1.220987e+00 1.216549e+00 1.212197e+00 1.597776e+00 1.280538e+00 1.278223e+00 1.568467e+00 1.343287e+00 1.338839e+00 1.540444e+00 1.377984e+00 1.370307e+00 1.362980e+00 1.460198e+00 1.535607e+00 1.332071e+00 1.295002e+00 0.000000e+00 8.256055e-01 9.418788e-01 8.614874e-01 9.001754e-01 9.689434e-01 1.131888e+00 9.128087e-01 8.319099e-01 1.016306e+00 1.011152e+00 8.201339e-01 7.109222e-01 7.578058e-01 1.630731e+00 0.000000e+00 0.000000e+00 1.125826e+00 1.194623e+00 1.440782e+00 1.520745e+00 1.525386e+00 1.454673e+00 1.615565e+00 1.617563e+00 1.618391e+00 1.616884e+00 1.619746e+00
9.942344e-01 1.311384e+00 1.041883e+00 1.514014e+00 1.134365e+00 1.133061e+00 1.133572e+00 1.133029e+00 1.128027e+00 1.615020e+00 1.207292e+00 1.205036e+00 1.578561e+00 1.275557e+00 1.271316e+00 1.545520e+00 1.325721e+00 1.318810e+00 1.311029e+00 1.238413e+00 8.239517e-01 8.236558e-01 1.150375e+00 8.094600e-01 0.000000e+00 8.028776e-01 9.344301e-01 1.083305e+00 1.182856e+00 1.050067e+00 9.409221e-01 9.311305e-01 9.230889e-01 9.178803e-01 9.104031e-01 9.004278e-01 9.021078e-01 8.994617e-01 1.037812e+00 1.660621e+00 0.000000e+00 0.000000e+00 1.269198e+00 1.487531e+00 1.553490e+00 1.557883e+00 1.499038e+00 1.628661e+00 1.630758e+00 1.632654e+00 1.631790e+00 1.633767e+00
1.208484e+00 8.922565e-01 1.480428e+00 1.040058e+00 1.027524e+00 1.023020e+00 1.023285e+00 1.026524e+00 1.641647e+00 1.124900e+00 1.116694e+00 1.597112e+00 1.205846e+00 1.198091e+00 1.559368e+00 1.262641e+00 1.256664e+00 1.249440e+00 1.166279e+00 8.255845e-01 9.606917e-01 1.070330e+00 8.228315e-01 9.458599e-01 0.000000e+00 8.470046e-01 9.768678e-01 1.096978e+00 9.492063e-01 8.146643e-01 8.118122e-01 8.065366e-01 8.006182e-01 7.950378e-01 7.877108e-01 7.785132e-01 9.764432e-01 9.056486e-01 7.980507e-01 1.188977e+00 1.697945e+00 0.000000e+00 1.367336e+00 1.328572e+00 1.588249e+00 1.587509e+00 1.537170e+00 1.638673e+00 1.640121e+00 1.645267e+00 1.649938e+00 8.387685e-01
1.299388e+00 1.401837e+00 9.108551e-01 8.966696e-01 8.860571e-01 8.795393e-01 8.799822e-01 1.664132e+00 1.034752e+00 1.021072e+00 1.620451e+00 1.126605e+00 1.122179e+00 1.588965e+00 1.196813e+00 1.188615e+00 1.179769e+00 1.079697e+00 8.274770e-01 9.599568e-01 1.065774e+00 1.160165e+00 1.236060e+00 1.292473e+00 0.000000e+00 8.937955e-01 9.959315e-01 8.144463e-01 8.172152e-01 9.506862e-01 1.053968e+00 1.139237e+00 1.209738e+00 1.267576e+00 1.315046e+00 1.070060e+00 7.791358e-01 7.766415e-01 9.104425e-01 9.261327e-01 1.090210e+00 0.000000e+00 0.000000e+00 1.414693e+00 1.623241e+00 1.615869e+00 1.573314e+00 1.651509e+00 1.652663e+00 1.661196e+00 8.437570e-01 1.237860e+00
1.556207e+00 1.599711e+00 1.639835e+00 1.662308e+00 1.673409e+00 1.674285e+00 1.672736e+00 8.973861e-01 8.958370e-01 1.647805e+00 1.030557e+00 1.028265e+00 1.623983e+00 1.128101e+00 1.115543e+00 1.102948e+00 9.801497e-01 8.303543e-01 9.618934e-01 1.064335e+00 1.152863e+00 1.234968e+00 1.303419e+00 1.356159e+00 0.000000e+00 9.068172e-01 9.999164e-01 1.098710e+00 1.186147e+00 1.263233e+00 1.331396e+00 1.392051e+00 1.442582e+00 1.482073e+00 1.511530e+00 1.531722e+00 1.256184e+00 1.164584e+00 1.258467e+00 1.217123e+00 1.032092e+00 1.379880e+00 0.000000e+00 0.000000e+00 1.417653e+00 1.643748e+00 8.358869e-01 1.670248e+00 1.672028e+00 8.454838e-01 1.249303e+00 1.149752e+00
1.343730e+00 1.426672e+00 1.496262e+00 1.550071e+00 1.589732e+00 1.615658e+00 1.635237e+00 1.653981e+00 1.663768e+00 8.985931e-01 8.933975e-01 1.650879e+00 1.039629e+00 1.029679e+00 1.014685e+00 8.507810e-01 8.394668e-01 9.681871e-01 1.067721e+00 1.152840e+00 1.228997e+00 1.299336e+00 1.360150e+00 1.410422e+00 0.000000e+00 9.162750e-01 9.989559e-01 1.091753e+00 1.175503e+00 1.253135e+00 1.323759e+00 1.388215e+00 1.444229e+00 1.490527e+00 1.525419e+00 1.548688e+00 1.564858e+00 1.311273e+00 7.861165e-01 7.881371e-01 9.304218e-01 9.576415e-01 1.217046e+00 0.000000e+00 1.490350e+00 1.429890e+00 8.399841e-01 8.450639e-01 8.474671e-01 8.405996e-01 1.157661e+00 1.056077e+00
1.194338e+00 1.290310e+00 1.366990e+00 1.431466e+00 1.486171e+00 1.533328e+00 1.574188e+00 1.609642e+00 1.637118e+00 1.655334e+00 1.664240e+00 9.057538e-01 8.990067e-01 8.906440e-01 8.755381e-01 1.002645e+00 1.095136e+00 1.169360e+00 1.235253e+00 1.296748e+00 1.353560e+00 1.406633e+00 1.607102e+00 1.572754e+00 0.000000e+00 1.099929e+00 1.057796e+00 1.119628e+00 1.189377e+00 1.260719e+00 1.329055e+00 1.393895e+00 1.452772e+00 1.504314e+00 1.545236e+00 1.573741e+00 1.592876e+00 1.604177e+00 1.537564e+00 1.360368e+00 1.232109e+00 1.299880e+00 1.409021e+00 0.000000e+00 0.000000e+00 1.500371e+00 8.426110e-01 8.429308e-01 8.443419e-01 1.236231e+00 1.145928e+00 1.053230e+00
9.260713e-01 1.070088e+00 1.176375e+00 1.264072e+00 1.342340e+00 1.417734e+00 1.484037e+00 1.537664e+00 1.585378e+00 1.631875e+00 1.665315e+00 1.678392e+00 1.674026e+00 1.655505e+00 1.624383e+00 1.585624e+00 1.549109e+00 1.519907e+00 1.504079e+00 1.503166e+00 1.513527e+00 1.532245e+00 8.304395e-01 0.000000e+00 0.000000e+00 8.377742e-01 9.641824e-01 1.057083e+00 1.138092e+00 1.215242e+00 1.288007e+00 1.357533e+00 1.422061e+00 1.480830e+00 1.531313e+00 1.571530e+00 1.598671e+00 1.612985e+00 1.619503e+00 1.432535e+00 1.366334e+00 1.405088e+00 1.382818e+00 1.468065e+00 0.000000e+00 0.000000e+00 9.036044e-01 8.374503e-01 8.309029e-01 8.222902e-01 8.153233e-01 9.460743e-01
-9.999000e+03 -9.999000e+03 -9.999000e+03 -9.999000e+03 -9.999000e+03 -9.999000e+03 -9.999000e+03 9.012987e-01 9.074552e-01 9.255691e-01 9.340482e-01 9.264650e-01 1.069650e+00 1.164271e+00 1.235901e+00 1.293083e+00 1.338163e+00 1.373172e+00 1.407116e+00 1.443653e+00 1.480596e+00 1.518119e+00 1.544825e+00 0.000000e+00 1.011731e+00 9.498305e-01 1.013525e+00 1.080623e+00 1.145822e+00 1.210811e+00 1.275323e+00 1.340568e+00 1.404091e+00 1.465343e+00 1.521706e+00 1.570970e+00 1.605423e+00 1.622854e+00 1.630637e+00 1.630921e+00 1.388922e+00 1.308481e+00 1.348697e+00 1.363046e+00 1.468887e+00 0.000000e+00 0.000000e+00 7.642871e-01 8.169315e-01 8.115688e-01 8.089720e-01 8.094806e-01
-9.999000e+03 -9.999000e+03 -9.999000e+03 -9.999000e+03 -9.999000e+03 -9.999000e+03 -9.999000e+03 -9.999000e+03 -9.999000e+03 -9.999000e+03 1.088711e+00 1.084025e+00 9.062334e-01 8.814962e-01 1.015878e+00 1.120988e+00 1.202693e+00 1.264710e+00 1.321872e+00 1.379670e+00 1.433776e+00 1.483644e+00 1.518215e+00 0.000000e+00 1.011685e+00 9.525149e-01 1.017735e+00 1.083755e+00 1.146145e+00 1.058582e+00 1.290067e+00 1.352493e+00 1.410741e+00 1.470679e+00 1.528659e+00 1.581430e+00 1.621592e+00 1.645835e+00 1.657265e+00 1.656969e+00 1.649735e+00 1.352468e+00 1.246021e+00 1.533587e+00 1.384038e+00 1.501137e+00 0.000000e+00 0.000000e+00 8.104844e-01 8.036519e-01 -9.999000e+03 -9.999000e+03
