tests/data/reference/test_implicit_stream_rill_mfda/control/cinfil_m3.asc
ncols	123
nrows	77
xllcorner	-713746.79929998
yllcorner	-1061022.36961616
cellsize	10.0
NODATA_value	-9999
[rows 23 to 45 of 77, columns 0 to 51 of 123]
-9.999000e+03 -9.999000e+03 -9.999000e+03 -9.999000e+03 -9.999000e+03 -9.999000e+03 -9.999000e+03 -9.999000e+03 -9.999000e+03 -9.999000e+03 -9.999000e+03 -9.999000e+03 -9.999000e+03 -9.999000e+03 1.042278e+00 1.453978e+00 1.545118e+00 1.190294e+00 1.008111e+00 1.244781e+00 1.063114e+00 0.000000e+00 1.164694e+00 1.557606e+00 1.468570e+00 1.709036e+00 1.851192e+00 1.537534e+00 1.326425e+00 1.851689e+00 8.764424e-01 1.014518e+00 1.121329e+00 1.457362e+00 1.787551e+00 1.652320e+00 2.143614e+00 8.590242e-01 1.781708e+00 1.571563e+00 1.548934e+00 1.518760e+00 1.581047e+00 1.517768e+00 1.515944e+00 1.459543e+00 1.486338e+00 1.612447e+00 1.369531e+00 1.170353e+00 1.080449e+00 8.374785e-01
-9.999000e+03 -9.999000e+03 -9.999000e+03 -9.999000e+03 -9.999000e+03 -9.999000e+03 -9.999000e+03 -9.999000e+03 -9.999000e+03 -9.999000e+03 -9.999000e+03 -9.999000e+03 -9.999000e+03 -9.999000e+03 1.444150e+00 2.224578e+00 1.755817e+00 1.107562e+00 1.017892e+00 9.280136e-01 0.000000e+00 0.000000e+00 8.503425e-01 1.065850e+00 1.577072e+00 1.762268e+00 1.899736e+00 1.600064e+00 1.220641e+00 8.162013e-01 1.830498e+00 1.015705e+00 1.123770e+00 1.216434e+00 1.883732e+00 1.642378e+00 2.188321e+00 8.563184e-01 1.821795e+00 1.582924e+00 1.571337e+00 1.549895e+00 1.585067e+00 1.543599e+00 1.541072e+00 1.497705e+00 1.516124e+00 1.608889e+00 1.417198e+00 1.244606e+00 8.365339e-01 1.160865e+00
-9.999000e+03 -9.999000e+03 -9.999000e+03 -9.999000e+03 -9.999000e+03 -9.999000e+03 -9.999000e+03 -9.999000e+03 -9.999000e+03 -9.999000e+03 -9.999000e+03 -9.999000e+03 -9.999000e+03 -9.999000e+03 2.389688e+00 1.274524e+00 9.792320e-01 9.802733e-01 9.871455e-01 1.017103e+00 0.000000e+00 1.176360e+00 1.316834e+00 9.988680e-01 1.087513e+00 1.599679e+00 1.977441e+00 1.644280e+00 1.291868e+00 8.111577e-01 9.493306e-01 1.525727e+00 1.015575e+00 1.225810e+00 1.306544e+00 1.986014e+00 8.655799e-01 2.221986e+00 9.961425e-01 1.887126e+00 1.592141e+00 1.576199e+00 1.595374e+00 1.567715e+00 1.564387e+00 1.530250e+00 1.541001e+00 1.603923e+00 1.456316e+00 1.305058e+00 9.638523e-01 8.268385e-01
-9.999000e+03 -9.999000e+03 -9.999000e+03 -9.999000e+03 -9.999000e+03 -9.999000e+03 -9.999000e+03 -9.999000e+03 -9.999000e+03 -9.999000e+03 -9.999000e+03 -9.999000e+03 9.384614e-01 1.008408e+00 1.699969e+00 1.159717e+00 9.745886e-01 1.173552e+00 1.062384e+00 0.000000e+00 1.511527e+00 1.456640e+00 1.244741e+00 1.359800e+00 1.110155e+00 1.158510e+00 2.064779e+00 1.694008e+00 1.364873e+00 9.583020e-01 8.163124e-01 1.060348e+00 1.548871e+00 1.136731e+00 1.170472e+00 1.375834e+00 1.932776e+00 1.000897e+00 2.253760e+00 1.105852e+00 1.739067e+00 1.599820e+00 1.610391e+00 1.591224e+00 1.585913e+00 1.556858e+00 1.559843e+00 1.598701e+00 1.487774e+00 1.355900e+00 1.060670e+00 8.229086e-01
-9.999000e+03 -9.999000e+03 -9.999000e+03 -9.999000e+03 -9.999000e+03 -9.999000e+03 -9.999000e+03 -9.999000e+03 -9.999000e+03 -9.999000e+03 -9.999000e+03 -9.999000e+03 -9.999000e+03 9.468322e-01 1.180103e+00 1.166384e+00 1.106248e+00 1.097424e+00 0.000000e+00 1.657959e+00 1.503173e+00 1.502046e+00 1.643543e+00 1.745816e+00 1.842459e+00 1.926758e+00 2.005276e+00 2.176378e+00 1.749766e+00 1.438155e+00 1.077150e+00 9.646817e-01 1.169201e+00 1.580861e+00 1.236152e+00 1.249319e+00 1.240576e+00 1.577952e+00 1.107808e+00 2.276073e+00 1.713762e+00 1.621783e+00 1.628501e+00 1.614020e+00 1.605021e+00 1.577016e+00 1.572071e+00 1.593217e+00 1.512263e+00 1.399124e+00 1.141176e+00 9.509671e-01
-9.999000e+03 -9.999000e+03 -9.999000e+03 -9.999000e+03 -9.999000e+03 -9.999000e+03 -9.999000e+03 -9.999000e+03 -9.999000e+03 -9.999000e+03 -9.999000e+03 -9.999000e+03 -9.999000e+03 -9.999000e+03 -9.999000e+03 1.038234e+00 1.212084e+00 0.000000e+00 0.000000e+00 1.261251e+00 1.352482e+00 1.473229e+00 1.573972e+00 1.654369e+00 1.716903e+00 1.761821e+00 1.801233e+00 2.119158e+00 2.334126e+00 1.783308e+00 1.505203e+00 1.193708e+00 1.105437e+00 1.279808e+00 1.606120e+00 1.298828e+00 1.312719e+00 1.318468e+00 1.858643e+00 1.068383e+00 1.992146e+00 1.638959e+00 1.641186e+00 1.628157e+00 1.616233e+00 1.589585e+00 1.579904e+00 1.589938e+00 1.532700e+00 1.437166e+00 1.211650e+00 1.051880e+00
-9.999000e+03 -9.999000e+03 -9.999000e+03 -9.999000e+03 -9.999000e+03 -9.999000e+03 -9.999000e+03 -9.999000e+03 -9.999000e+03 -9.999000e+03 -9.999000e+03 -9.999000e+03 -9.999000e+03 -9.999000e+03 -9.999000e+03 -9.999000e+03 1.110516e+00 0.000000e+00 1.254569e+00 1.316989e+00 1.420570e+00 1.516176e+00 1.588326e+00 1.633691e+00 1.657372e+00 1.660384e+00 1.657376e+00 1.659565e+00 1.656267e+00 2.163595e+00 2.138115e+00 2.226743e+00 1.309285e+00 1.225486e+00 1.363135e+00 1.620180e+00 1.651885e+00 1.711856e+00 1.395096e+00 1.959354e+00 1.158028e+00 1.592003e+00 1.643993e+00 1.630736e+00 1.617951e+00 1.594863e+00 1.584629e+00 1.589359e+00 1.550442e+00 1.471376e+00 1.275544e+00 1.139734e+00
-9.999000e+03 -9.999000e+03 -9.999000e+03 -9.999000e+03 -9.999000e+03 -9.999000e+03 -9.999000e+03 -9.999000e+03 -9.999000e+03 -9.999000e+03 -9.999000e+03 -9.999000e+03 -9.999000e+03 -9.999000e+03 -9.999000e+03 -9.999000e+03 0.000000e+00 1.537014e+00 1.381419e+00 1.384976e+00 1.421739e+00 2.420417e+00 2.496325e+00 2.549713e+00 2.588643e+00 2.593294e+00 2.593294e+00 2.593294e+00 2.593294e+00 2.593294e+00 2.593294e+00 2.593294e+00 2.593294e+00 2.593294e+00 2.593294e+00 2.593294e+00 2.593294e+00 2.593294e+00 2.593294e+00 2.593294e+00 2.593294e+00 2.593294e+00 1.543441e+00 1.415664e+00 1.398327e+00 1.612161e+00 1.599345e+00 1.598588e+00 1.570535e+00 1.505860e+00 1.338629e+00 1.223876e+00
-9.999000e+03 -9.999000e+03 -9.999000e+03 -9.999000e+03 -9.999000e+03 -9.999000e+03 -9.999000e+03 -9.999000e+03 -9.999000e+03 -9.999000e+03 -9.999000e+03 -9.999000e+03 -9.999000e+03 -9.999000e+03 -9.999000e+03 0.000000e+00 1.569168e+00 1.426995e+00 2.301618e+00 2.006279e+00 2.316926e+00 1.456566e+00 1.608444e+00 1.723049e+00 1.810501e+00 1.907770e+00 1.992128e+00 2.071829e+00 2.142908e+00 2.200667e+00 2.260666e+00 2.330556e+00 2.410625e+00 2.507185e+00 2.585783e+00 2.593294e+00 2.593294e+00 2.482194e+00 2.399637e+00 2.380997e+00 2.368641e+00 2.344735e+00 2.593294e+00 2.593294e+00 2.593294e+00 1.474379e+00 1.490319e+00 1.622880e+00 1.596318e+00 1.543844e+00 1.405694e+00 1.311047e+00
-9.999000e+03 -9.999000e+03 -9.999000e+03 -9.999000e+03 -9.999000e+03 -9.999000e+03 -9.999000e+03 -9.999000e+03 -9.999000e+03 -9.999000e+03 -9.999000e+03 -9.999000e+03 -9.999000e+03 -9.999000e+03 0.000000e+00 0.000000e+00 2.218104e+00 2.226915e+00 1.621516e+00 2.755056e+00 1.370594e+00 1.385077e+00 1.402141e+00 1.457072e+00 1.569771e+00 1.392001e+00 1.418771e+00 1.589011e+00 1.585886e+00 1.378227e+00 1.433295e+00 1.720672e+00 1.850121e+00 1.974658e+00 2.079917e+00 2.160034e+00 1.076372e+00 1.120884e+00 1.316799e+00 1.258940e+00 1.211185e+00 1.206714e+00 1.393858e+00 1.509769e+00 1.620818e+00 2.593294e+00 2.593294e+00 2.593294e+00 1.425436e+00 1.478944e+00 1.493454e+00 1.412889e+00
-9.999000e+03 -9.999000e+03 -9.999000e+03 -9.999000e+03 -9.999000e+03 -9.999000e+03 -9.999000e+03 -9.999000e+03 -9.999000e+03 -9.999000e+03 -9.999000e+03 -9.999000e+03 -9.999000e+03 -9.999000e+03 0.000000e+00 2.374311e+00 1.702641e+00 1.596900e+00 2.735699e+00 1.479869e+00 1.525291e+00 1.570299e+00 1.398880e+00 1.591664e+00 1.560947e+00 1.641850e+00 1.591957e+00 1.575173e+00 1.695554e+00 1.800793e+00 1.894924e+00 1.451104e+00 1.534515e+00 1.574046e+00 1.859927e+00 1.048171e+00 1.154353e+00 1.488630e+00 1.417185e+00 1.349375e+00 1.332604e+00 1.254586e+00 1.143657e+00 1.140636e+00 1.169806e+00 1.296835e+00 1.403241e+00 1.504827e+00 2.593294e+00 2.593294e+00 2.593294e+00 1.425299e+00
-9.999000e+03 -9.999000e+03 -9.999000e+03 -9.999000e+03 -9.999000e+03 -9.999000e+03 -9.999000e+03 -9.999000e+03 -9.999000e+03 -9.999000e+03 -9.999000e+03 -9.999000e+03 -9.999000e+03 0.000000e+00 2.183531e+00 1.701524e+00 1.609244e+00 2.711394e+00 1.398958e+00 1.460628e+00 1.533829e+00 1.568520e+00 1.586738e+00 1.541513e+00 1.673156e+00 1.590532e+00 1.583598e+00 1.567662e+00 1.557136e+00 1.472502e+00 1.380225e+00 1.479771e+00 1.533427e+00 1.766423e+00 8.874821e-01 1.029279e+00 1.447100e+00 1.364851e+00 1.293678e+00 1.279779e+00 1.429293e+00 1.251858e+00 1.241051e+00 1.080897e+00 1.078823e+00 1.021195e+00 1.045966e+00 1.048881e+00 1.062968e+00 1.229160e+00 1.391312e+00 2.593294e+00
-9.999000e+03 -9.999000e+03 -9.999000e+03 -9.999000e+03 -9.999000e+03 -9.999000e+03 -9.999000e+03 -9.999000e+03 -9.999000e+03 -9.999000e+03 -9.999000e+03 -9.999000e+03 0.000000e+00 0.000000e+00 1.693855e+00 1.648493e+00 2.698635e+00 1.319036e+00 1.387744e+00 1.480551e+00 1.532521e+00 1.567444e+00 1.510242e+00 1.730145e+00 1.589261e+00 1.586981e+00 1.580623e+00 1.568950e+00 1.441650e+00 1.317430e+00 1.433293e+00 1.506105e+00 1.674650e+00 1.139017e+00 8.837600e-01 1.409668e+00 1.305743e+00 1.224731e+00 1.213630e+00 1.403687e+00 1.188526e+00 1.178530e+00 1.172330e+00 1.170165e+00 1.081000e+00 9.574313e-01 9.538096e-01 9.504875e-01 9.763179e-01 9.957069e-01 1.357806e+00 1.456706e+00
-9.999000e+03 -9.999000e+03 -9.999000e+03 -9.999000e+03 -9.999000e+03 -9.999000e+03 -9.999000e+03 -9.999000e+03 -9.999000e+03 -9.999000e+03 -9.999000e+03 -9.999000e+03 0.000000e+00 1.734002e+00 1.695818e+00 2.681389e+00 1.228269e+00 1.311404e+00 1.428205e+00 1.493497e+00 1.537892e+00 1.451537e+00 1.787309e+00 1.581895e+00 1.584958e+00 1.587191e+00 1.586004e+00 1.412511e+00 1.256702e+00 1.398349e+00 1.492458e+00 1.587699e+00 8.802804e-01 1.029146e+00 1.370653e+00 1.241381e+00 1.148336e+00 1.142895e+00 1.380082e+00 1.122965e+00 1.111017e+00 1.099171e+00 1.093107e+00 9.855317e-01 9.835820e-01 9.788541e-01 9.740858e-01 8.704218e-01 8.730805e-01 1.270662e+00 1.006622e+00 1.023505e+00
-9.999000e+03 -9.999000e+03 -9.999000e+03 -9.999000e+03 -9.999000e+03 -9.999000e+03 -9.999000e+03 -9.999000e+03 -9.999000e+03 -9.999000e+03 -9.999000e+03 0.000000e+00 1.992823e+00 1.751002e+00 2.672754e+00 1.113490e+00 1.225403e+00 1.378497e+00 1.463987e+00 1.521166e+00 1.377699e+00 1.831855e+00 1.564003e+00 1.573234e+00 1.583806e+00 1.590846e+00 1.372134e+00 1.184740e+00 1.357061e+00 1.480309e+00 1.355083e+00 1.464427e+00 8.968597e-01 1.329406e+00 1.160695e+00 1.050995e+00 1.051059e+00 1.347978e+00 1.044557e+00 1.037292e+00 1.023318e+00 1.004089e+00 8.532407e-01 8.546915e-01 8.529944e-01 8.484763e-01 8.449627e-01 8.421994e-01 1.431156e+00 8.947582e-01 9.008066e-01 9.039603e-01
-9.999000e+03 -9.999000e+03 -9.999000e+03 -9.999000e+03 -9.999000e+03 -9.999000e+03 -9.999000e+03 -9.999000e+03 -9.999000e+03 -9.999000e+03 0.000000e+00 0.000000e+00 1.784895e+00 2.671574e+00 9.792959e-01 1.128463e+00 1.332726e+00 1.444537e+00 1.523169e+00 1.303361e+00 1.859222e+00 1.555482e+00 1.564433e+00 1.578892e+00 1.588920e+00 1.303225e+00 1.080746e+00 1.294379e+00 1.445790e+00 1.304498e+00 1.304123e+00 1.300130e+00 1.291989e+00 1.060223e+00 9.033449e-01 9.144649e-01 1.292663e+00 9.210088e-01 9.196020e-01 9.156595e-01 8.974021e-01 8.699218e-01 1.001151e+00 1.109864e+00 1.198550e+00 1.270877e+00 1.333074e+00 1.387716e+00 8.523562e-01 8.601238e-01 8.603367e-01 7.826531e-01
-9.999000e+03 -9.999000e+03 -9.999000e+03 -9.999000e+03 -9.999000e+03 -9.999000e+03 -9.999000e+03 -9.999000e+03 -9.999000e+03 -9.999000e+03 0.000000e+00 1.836078e+00 2.639641e+00 1.185091e+00 1.007750e+00 1.288763e+00 1.434060e+00 1.541182e+00 1.222701e+00 1.868954e+00 1.561295e+00 1.565944e+00 1.580789e+00 1.585287e+00 1.216812e+00 9.302343e-01 1.207169e+00 1.389603e+00 1.217345e+00 1.231521e+00 1.235837e+00 1.234774e+00 9.402526e-01 9.147874e-01 1.062558e+00 1.195971e+00 9.343661e-01 1.099971e+00 1.218237e+00 1.302613e+00 9.009570e-01 8.721991e-01 1.005103e+00 1.116670e+00 1.208729e+00 1.284166e+00 1.346784e+00 1.399376e+00 1.448653e+00 1.498340e+00 1.538465e+00 1.563976e+00
-9.999000e+03 -9.999000e+03 -9.999000e+03 -9.999000e+03 -9.999000e+03 -9.999000e+03 -9.999000e+03 -9.999000e+03 -9.999000e+03 0.000000e+00 2.064738e+00 2.598022e+00 1.337409e+00 1.017711e+00 1.198286e+00 1.406947e+00 1.561271e+00 1.130919e+00 1.862103e+00 1.585824e+00 1.581461e+00 1.595104e+00 1.581747e+00 1.097529e+00 9.355883e-01 1.094609e+00 1.316564e+00 1.101106e+00 1.112524e+00 1.133046e+00 1.137706e+00 9.584428e-01 1.101461e+00 1.191628e+00 1.272320e+00 1.355867e+00 1.432240e+00 1.498871e+00 9.211963e-01 9.030036e-01 1.332469e+00 1.014532e+00 1.116618e+00 1.212884e+00 1.296697e+00 1.366645e+00 1.421626e+00 1.462515e+00 1.497945e+00 1.531449e+00 1.561182e+00 1.586012e+00
-9.999000e+03 -9.999000e+03 -9.999000e+03 -9.999000e+03 -9.999000e+03 -9.999000e+03 -9.999000e+03 -9.999000e+03 -9.999000e+03 0.000000e+00 2.477831e+00 1.519158e+00 1.211069e+00 1.025029e+00 1.322445e+00 1.548986e+00 9.962550e-01 1.839163e+00 1.619324e+00 1.611820e+00 1.631712e+00 1.582859e+00 9.408485e-01 9.336910e-01 1.093132e+00 1.222080e+00 9.449299e-01 9.482750e-01 9.597833e-01 9.827156e-01 9.812615e-01 1.116461e+00 1.207735e+00 1.276407e+00 1.338802e+00 1.400338e+00 1.458007e+00 9.141559e-01 1.526461e+00 1.039170e+00 1.023619e+00 1.363225e+00 1.402592e+00 1.449215e+00 1.492858e+00 1.527911e+00 1.554415e+00 1.572369e+00 1.586058e+00 1.596853e+00 2.818281e+00 2.791811e+00
-9.999000e+03 -9.999000e+03 -9.999000e+03 -9.999000e+03 -9.999000e+03 -9.999000e+03 -9.999000e+03 -9.999000e+03 0.000000e+00 2.011975e+00 2.398418e+00 1.416665e+00 1.031301e+00 1.202454e+00 1.493847e+00 1.551318e+00 1.770394e+00 1.644397e+00 1.645635e+00 1.693057e+00 1.585550e+00 1.107537e+00 1.220690e+00 1.306265e+00 1.383905e+00 2.192630e+00 2.274699e+00 2.350287e+00 2.432880e+00 2.530583e+00 2.603097e+00 2.638801e+00 2.666046e+00 2.689598e+00 2.713901e+00 2.739546e+00 2.762283e+00 2.773076e+00 2.726461e+00 2.413447e+00 1.928232e+00 1.967411e+00 2.023925e+00 2.084771e+00 2.138965e+00 2.182210e+00 2.222961e+00 2.264147e+00 2.302231e+00 2.835110e+00 1.687203e+00 1.686921e+00
-9.999000e+03 -9.999000e+03 -9.999000e+03 -9.999000e+03 -9.999000e+03 -9.999000e+03 -9.999000e+03 0.000000e+00 0.000000e+00 2.345209e+00 1.168390e+00 1.304398e+00 1.024051e+00 1.422611e+00 1.491527e+00 1.594393e+00 1.625171e+00 1.656083e+00 1.774085e+00 1.587788e+00 9.511907e-01 9.454178e-01 1.099759e+00 2.032066e+00 2.106233e+00 1.392761e+00 1.219149e+00 1.320943e+00 1.411928e+00 1.500082e+00 1.553738e+00 1.567969e+00 1.568012e+00 1.561758e+00 1.557183e+00 1.560533e+00 1.572765e+00 1.593176e+00 1.607207e+00 1.608883e+00 1.610807e+00 1.617510e+00 1.624758e+00 1.631851e+00 1.635574e+00 1.634221e+00 1.636529e+00 1.646107e+00 2.866467e+00 1.688665e+00 1.688117e+00 1.686749e+00
-9.999000e+03 -9.999000e+03 -9.999000e+03 -9.999000e+03 -9.999000e+03 -9.999000e+03 -9.999000e+03 0.000000e+00 1.117304e+00 2.299277e+00 1.000165e+00 1.174600e+00 1.311280e+00 1.412322e+00 1.543869e+00 1.583876e+00 1.623602e+00 1.841012e+00 1.576298e+00 1.572527e+00 1.718034e+00 1.841001e+00 1.950167e+00 1.314799e+00 1.311486e+00 1.087797e+00 9.301759e-01 1.090412e+00 1.217301e+00 1.329819e+00 1.408800e+00 1.453042e+00 1.485291e+00 1.511759e+00 1.535299e+00 1.558548e+00 2.874454e+00 2.924395e+00 2.969070e+00 3.005811e+00 3.043561e+00 3.085793e+00 2.871855e+00 2.845131e+00 2.948339e+00 3.282769e+00 3.037749e+00 2.934185e+00 1.674097e+00 1.683079e+00 1.686098e+00 1.689871e+00
-9.999000e+03 -9.999000e+03 -9.999000e+03 -9.999000e+03 -9.999000e+03 -9.999000e+03 -9.999000e+03 1.162016e+00 2.259629e+00 1.437551e+00 1.019510e+00 1.180541e+00 1.300539e+00 1.470815e+00 1.523925e+00 1.583513e+00 1.888625e+00 1.526217e+00 1.555722e+00 1.558991e+00 1.556048e+00 1.555927e+00 1.213454e+00 1.219994e+00 9.368700e-01 9.271356e-01 1.081982e+00 1.205095e+00 1.307215e+00 1.395030e+00 1.461602e+00 1.505224e+00 1.537859e+00 2.731015e+00 2.778947e+00 2.824542e+00 1.639392e+00 1.625700e+00 1.611768e+00 1.597860e+00 1.588618e+00 1.594214e+00 1.591338e+00 1.719093e+00 1.828699e+00 1.932379e+00 1.621151e+00 1.636001e+00 1.652496e+00 1.671010e+00 1.687645e+00 1.689600e+00
