tests/data/reference/test_implicit_stream_rill_mfda/control/cinfil_m3.asc
ncols	123
nrows	77
xllcorner	-713746.79929998
yllcorner	-1061022.36961616
cellsize	10.0
NODATA_value	-9999
[rows 23 to 45 of 77, columns 52 to 103 of 123]
9.742151e-01 1.238111e+00 1.300805e+00 1.400603e+00 1.439275e+00 1.511130e+00 1.481790e+00 1.422604e+00 1.428527e+00 1.380606e+00 1.323738e+00 1.325866e+00 1.328478e+00 1.334260e+00 1.346646e+00 1.615094e+00 1.886772e+00 1.942951e+00 1.486539e+00 1.467754e+00 1.311711e+00 1.229299e+00 1.136449e+00 1.233994e+00 8.902840e-01 1.049548e+00 3.179142e+00 2.065865e+00 1.669292e+00 1.269205e+00 1.155405e+00 1.040205e+00 9.059451e-01 9.360564e-01 -9.999000e+03 -9.999000e+03 -9.999000e+03 -9.999000e+03 -9.999000e+03 -9.999000e+03 -9.999000e+03 -9.999000e+03 -9.999000e+03 -9.999000e+03 -9.999000e+03 -9.999000e+03 -9.999000e+03 -9.999000e+03 -9.999000e+03 -9.999000e+03 -9.999000e+03 -9.999000e+03
9.686030e-01 1.071088e+00 1.299341e+00 1.357708e+00 1.444326e+00 1.478012e+00 1.536441e+00 1.520780e+00 1.472045e+00 1.475506e+00 1.433657e+00 1.383645e+00 1.387052e+00 1.395145e+00 1.408042e+00 1.425297e+00 1.979634e+00 1.979852e+00 1.511702e+00 1.484610e+00 1.356025e+00 1.285804e+00 1.210594e+00 1.288062e+00 1.020864e+00 1.148313e+00 9.036197e-01 3.235205e+00 2.152456e+00 1.783652e+00 1.422987e+00 1.154863e+00 1.046065e+00 1.069397e+00 9.464646e-01 -9.999000e+03 -9.999000e+03 -9.999000e+03 -9.999000e+03 -9.999000e+03 -9.999000e+03 -9.999000e+03 -9.999000e+03 -9.999000e+03 -9.999000e+03 -9.999000e+03 -9.999000e+03 -9.999000e+03 -9.999000e+03 -9.999000e+03 -9.999000e+03 -9.999000e+03
1.232183e+00 1.068100e+00 1.156350e+00 1.356490e+00 1.410519e+00 1.487393e+00 1.518994e+00 1.565311e+00 1.554094e+00 1.511546e+00 1.514349e+00 1.479363e+00 1.440753e+00 1.451310e+00 1.462311e+00 1.472893e+00 2.053783e+00 1.998111e+00 1.525936e+00 1.497713e+00 1.394532e+00 1.335788e+00 1.274510e+00 1.336903e+00 1.119290e+00 1.220572e+00 1.027427e+00 3.251478e+00 8.963852e-01 2.196324e+00 1.886097e+00 1.274027e+00 1.161337e+00 1.155016e+00 1.049966e+00 9.153386e-01 9.395751e-01 9.419372e-01 -9.999000e+03 -9.999000e+03 -9.999000e+03 -9.999000e+03 -9.999000e+03 -9.999000e+03 -9.999000e+03 -9.999000e+03 -9.999000e+03 -9.999000e+03 -9.999000e+03 -9.999000e+03 -9.999000e+03 -9.999000e+03
9.610709e-01 1.292959e+00 1.155564e+00 1.236168e+00 1.414433e+00 1.463796e+00 1.529127e+00 1.552708e+00 1.585802e+00 1.578607e+00 1.545574e+00 1.551485e+00 1.526570e+00 1.497036e+00 1.506529e+00 1.514898e+00 1.709651e+00 2.010096e+00 1.540746e+00 1.513889e+00 1.433709e+00 1.385719e+00 1.335651e+00 1.384592e+00 1.202250e+00 1.281230e+00 1.117882e+00 3.263276e+00 1.022054e+00 2.226984e+00 1.972235e+00 1.360793e+00 1.258239e+00 1.237684e+00 1.143969e+00 1.046601e+00 1.074530e+00 9.320914e-01 1.094116e+00 9.448819e-01 -9.999000e+03 -9.999000e+03 -9.999000e+03 -9.999000e+03 -9.999000e+03 -9.999000e+03 -9.999000e+03 -9.999000e+03 -9.999000e+03 -9.999000e+03 -9.999000e+03 -9.999000e+03
1.061329e+00 8.297773e-01 1.354329e+00 1.241562e+00 1.314648e+00 1.468526e+00 1.507434e+00 1.558093e+00 1.576717e+00 1.603547e+00 1.602157e+00 1.579231e+00 1.586175e+00 1.565500e+00 1.541037e+00 1.552954e+00 1.668574e+00 2.015241e+00 1.561167e+00 1.537051e+00 1.477357e+00 1.439611e+00 1.398321e+00 1.434023e+00 1.277268e+00 1.336316e+00 1.194552e+00 3.277118e+00 1.114220e+00 2.239730e+00 2.022776e+00 1.408175e+00 1.338680e+00 1.328576e+00 1.247563e+00 1.163664e+00 9.111438e-01 9.246568e-01 1.090733e+00 1.218174e+00 1.107062e+00 0.000000e+00 -9.999000e+03 -9.999000e+03 -9.999000e+03 -9.999000e+03 -9.999000e+03 -9.999000e+03 -9.999000e+03 -9.999000e+03 -9.999000e+03 -9.999000e+03
1.147637e+00 9.662872e-01 1.410301e+00 1.314977e+00 8.490440e-01 1.379448e+00 1.510217e+00 1.540360e+00 1.581740e+00 1.598029e+00 1.620371e+00 1.623499e+00 1.607702e+00 1.615190e+00 1.602479e+00 1.588521e+00 1.635860e+00 1.996148e+00 1.576332e+00 1.555391e+00 1.511688e+00 1.482794e+00 1.449704e+00 1.476272e+00 1.341748e+00 1.385072e+00 1.260977e+00 3.292764e+00 1.191743e+00 2.246355e+00 2.070322e+00 1.444379e+00 1.401375e+00 1.404151e+00 1.339124e+00 1.264858e+00 1.063305e+00 1.074409e+00 9.256226e-01 1.207545e+00 0.000000e+00 0.000000e+00 0.000000e+00 0.000000e+00 -9.999000e+03 -9.999000e+03 -9.999000e+03 -9.999000e+03 -9.999000e+03 -9.999000e+03 -9.999000e+03 -9.999000e+03
1.226615e+00 1.075851e+00 1.461611e+00 1.377822e+00 8.470316e-01 9.855512e-01 1.433342e+00 1.543615e+00 1.566671e+00 1.600594e+00 1.615458e+00 1.635766e+00 1.643365e+00 1.637725e+00 1.651513e+00 1.646589e+00 1.631604e+00 1.684361e+00 1.581952e+00 1.563823e+00 1.531631e+00 1.510543e+00 1.486007e+00 1.508266e+00 1.395998e+00 1.428090e+00 1.320240e+00 3.310834e+00 1.262142e+00 2.245719e+00 2.120216e+00 1.473878e+00 1.445435e+00 1.455873e+00 1.410726e+00 1.352942e+00 1.184909e+00 1.188330e+00 1.073612e+00 0.000000e+00 0.000000e+00 1.554514e+00 1.322230e+00 1.036971e+00 0.000000e+00 -9.999000e+03 -9.999000e+03 -9.999000e+03 -9.999000e+03 -9.999000e+03 -9.999000e+03 -9.999000e+03
1.304058e+00 1.173678e+00 1.510054e+00 1.433738e+00 9.840760e-01 8.463189e-01 1.089539e+00 1.475087e+00 1.569461e+00 1.591211e+00 1.621633e+00 1.638243e+00 1.659090e+00 1.672524e+00 1.673206e+00 1.681274e+00 1.668577e+00 1.645908e+00 1.646214e+00 1.566876e+00 1.545730e+00 1.532853e+00 1.516328e+00 1.534948e+00 1.442005e+00 1.465493e+00 1.373619e+00 3.329347e+00 1.324252e+00 2.221535e+00 2.164923e+00 1.493756e+00 1.475608e+00 1.489825e+00 8.959729e-01 9.060712e-01 1.274086e+00 1.272096e+00 0.000000e+00 0.000000e+00 1.066553e+00 1.614532e+00 1.410805e+00 1.172701e+00 1.023732e+00 0.000000e+00 -9.999000e+03 -9.999000e+03 -9.999000e+03 -9.999000e+03 -9.999000e+03 -9.999000e+03
1.384934e+00 1.266803e+00 1.556533e+00 1.484461e+00 1.090570e+00 9.816881e-01 8.415356e-01 1.170506e+00 1.514572e+00 1.601558e+00 1.624819e+00 1.654806e+00 1.672692e+00 1.689924e+00 1.695303e+00 1.686257e+00 1.682733e+00 1.665134e+00 1.622948e+00 1.566343e+00 1.556676e+00 1.552607e+00 1.543137e+00 1.557680e+00 1.480549e+00 1.497737e+00 1.422653e+00 3.345580e+00 1.379206e+00 2.145374e+00 2.203484e+00 1.505148e+00 1.494538e+00 8.695873e-01 8.816793e-01 8.926734e-01 1.333846e+00 0.000000e+00 0.000000e+00 9.573561e-01 1.181915e+00 1.704336e+00 1.521130e+00 1.306137e+00 1.176167e+00 9.991670e-01 1.019023e+00 -9.999000e+03 -9.999000e+03 -9.999000e+03 -9.999000e+03 -9.999000e+03
1.475535e+00 1.361679e+00 1.607163e+00 1.538233e+00 8.554484e-01 1.182570e+00 1.088441e+00 9.815564e-01 1.253424e+00 1.559359e+00 1.634868e+00 1.656583e+00 1.679599e+00 1.689620e+00 1.695408e+00 1.692444e+00 1.680896e+00 1.674112e+00 1.611757e+00 1.571074e+00 1.570404e+00 1.571983e+00 1.566352e+00 1.576012e+00 1.512736e+00 1.526156e+00 1.467814e+00 3.352480e+00 1.432002e+00 1.952758e+00 2.244313e+00 1.518472e+00 8.579188e-01 8.621474e-01 8.711586e-01 8.809197e-01 0.000000e+00 0.000000e+00 9.362831e-01 1.096789e+00 1.265666e+00 1.763374e+00 9.627357e-01 9.851679e-01 1.275028e+00 1.139023e+00 1.139260e+00 1.002315e+00 0.000000e+00 -9.999000e+03 -9.999000e+03 -9.999000e+03
1.536883e+00 1.564703e+00 1.450074e+00 1.657763e+00 1.591271e+00 1.005556e+00 1.268768e+00 1.187173e+00 1.097556e+00 1.326425e+00 1.591364e+00 1.651158e+00 1.664393e+00 1.678470e+00 1.683966e+00 1.686724e+00 1.684496e+00 1.676764e+00 1.673849e+00 1.605814e+00 1.590774e+00 1.593086e+00 1.586681e+00 1.590081e+00 1.539226e+00 1.551422e+00 1.509647e+00 3.352480e+00 1.485228e+00 1.702188e+00 2.290753e+00 8.587574e-01 8.610658e-01 8.621666e-01 0.000000e+00 0.000000e+00 0.000000e+00 8.824661e-01 1.073168e+00 1.195200e+00 1.328818e+00 9.101678e-01 9.237225e-01 1.105705e+00 1.338745e+00 1.261682e+00 1.273485e+00 9.852064e-01 1.001125e+00 0.000000e+00 -9.999000e+03 -9.999000e+03
2.587710e+00 2.587710e+00 1.417444e+00 1.326852e+00 1.693531e+00 1.628472e+00 1.113610e+00 1.337796e+00 1.263330e+00 1.182354e+00 1.379708e+00 1.607151e+00 1.651906e+00 1.660626e+00 1.671002e+00 1.676203e+00 1.680783e+00 1.682624e+00 1.681713e+00 1.419551e+00 1.616375e+00 1.618572e+00 1.609722e+00 1.607023e+00 1.567241e+00 1.579841e+00 1.553519e+00 3.349136e+00 1.536312e+00 1.633648e+00 2.334623e+00 8.604887e-01 8.607934e-01 0.000000e+00 0.000000e+00 9.313055e-01 8.739146e-01 1.021170e+00 1.173380e+00 1.271342e+00 8.902426e-01 8.968027e-01 9.055033e-01 1.194631e+00 1.383016e+00 1.337124e+00 9.654355e-01 9.636869e-01 9.624200e-01 1.303849e+00 1.009310e+00 0.000000e+00
1.563281e+00 1.643368e+00 2.587710e+00 1.483378e+00 1.395374e+00 1.456536e+00 1.405202e+00 1.051341e+00 1.201309e+00 1.147493e+00 1.089722e+00 1.222368e+00 1.371213e+00 1.397759e+00 1.404075e+00 1.413915e+00 1.423996e+00 1.434561e+00 1.444602e+00 1.453114e+00 1.461627e+00 1.422063e+00 1.410160e+00 1.400847e+00 1.602123e+00 1.616685e+00 1.603576e+00 3.239910e+00 1.585430e+00 1.637802e+00 2.371716e+00 8.596351e-01 0.000000e+00 0.000000e+00 9.055448e-01 1.068664e+00 1.015795e+00 1.126621e+00 1.253545e+00 8.744015e-01 8.810847e-01 8.892118e-01 8.979756e-01 9.099491e-01 1.414905e+00 1.378246e+00 9.295366e-01 1.091202e+00 1.096728e+00 1.346455e+00 9.639231e-01 1.303429e+00
8.121432e-01 9.446828e-01 1.051941e+00 2.587710e+00 2.587710e+00 2.587710e+00 2.587710e+00 1.453346e+00 1.140139e+00 1.277861e+00 1.231034e+00 1.179033e+00 1.299310e+00 1.431027e+00 1.546219e+00 1.470309e+00 1.482294e+00 1.493492e+00 1.504435e+00 1.514395e+00 8.261805e-01 1.498045e+00 1.568752e+00 1.461505e+00 1.409439e+00 1.427161e+00 1.652475e+00 3.140490e+00 1.627030e+00 1.652875e+00 2.396621e+00 0.000000e+00 0.000000e+00 8.597251e-01 1.044209e+00 1.173181e+00 1.123942e+00 1.214325e+00 1.322362e+00 8.695194e-01 8.747508e-01 8.831195e-01 8.916125e-01 9.018171e-01 1.443841e+00 1.417101e+00 1.075307e+00 1.192393e+00 1.197551e+00 1.417069e+00 1.095499e+00 1.341426e+00
1.019870e+00 1.101435e+00 1.179904e+00 1.268559e+00 1.339407e+00 1.383625e+00 1.425913e+00 2.587710e+00 2.587710e+00 2.587710e+00 2.587710e+00 2.587710e+00 2.587710e+00 2.587710e+00 2.587710e+00 2.587710e+00 2.587710e+00 1.570361e+00 1.566541e+00 1.564634e+00 1.559442e+00 9.507148e-01 1.537426e+00 1.509329e+00 1.480926e+00 1.505948e+00 1.463923e+00 3.032126e+00 1.656881e+00 1.664303e+00 0.000000e+00 0.000000e+00 8.533929e-01 8.572018e-01 1.147263e+00 1.256765e+00 1.212370e+00 1.290137e+00 1.383467e+00 8.679299e-01 8.713728e-01 8.787711e-01 8.862992e-01 8.953879e-01 9.066665e-01 9.181388e-01 1.198677e+00 1.290103e+00 1.287567e+00 1.475864e+00 1.187684e+00 1.405613e+00
9.128652e-01 1.008084e+00 1.097487e+00 2.189894e+00 2.181829e+00 2.167892e+00 2.154014e+00 2.146970e+00 2.144822e+00 2.149146e+00 2.157315e+00 2.169023e+00 2.183926e+00 2.201334e+00 2.219504e+00 2.234065e+00 2.236242e+00 2.587710e+00 2.587710e+00 1.632554e+00 1.617984e+00 1.596683e+00 1.572882e+00 1.564989e+00 1.549868e+00 1.574646e+00 1.537655e+00 2.348189e+00 1.676259e+00 0.000000e+00 0.000000e+00 8.538008e-01 8.518776e-01 8.556440e-01 1.231753e+00 1.326525e+00 1.285973e+00 1.353310e+00 8.641861e-01 8.640971e-01 8.667506e-01 8.738384e-01 8.815024e-01 8.895887e-01 8.992351e-01 9.112062e-01 9.221563e-01 1.371713e+00 1.366859e+00 1.530242e+00 1.273159e+00 1.467367e+00
1.581880e+00 2.742340e+00 2.720374e+00 1.618953e+00 1.602596e+00 1.581372e+00 1.564991e+00 1.553329e+00 1.531116e+00 1.524481e+00 1.522336e+00 1.310823e+00 1.270538e+00 1.281367e+00 1.295104e+00 1.310265e+00 1.492890e+00 1.621077e+00 1.736447e+00 2.587710e+00 2.587710e+00 2.587710e+00 2.587710e+00 1.620720e+00 1.620878e+00 1.632293e+00 1.592538e+00 2.281282e+00 0.000000e+00 0.000000e+00 8.611230e-01 9.915878e-01 8.510270e-01 8.549742e-01 1.303845e+00 1.385573e+00 1.347678e+00 1.404834e+00 8.587467e-01 8.583228e-01 8.605390e-01 8.674643e-01 8.766073e-01 8.852120e-01 8.914829e-01 8.993378e-01 9.111577e-01 1.433951e+00 1.435499e+00 1.583560e+00 1.363438e+00 1.533402e+00
2.770125e+00 1.654401e+00 1.637203e+00 1.621205e+00 1.603730e+00 1.585157e+00 1.568193e+00 1.530205e+00 1.516304e+00 1.506208e+00 1.502764e+00 1.415244e+00 1.418214e+00 1.423231e+00 1.430692e+00 1.307942e+00 1.277104e+00 2.385488e+00 2.488548e+00 2.579679e+00 2.587710e+00 2.475469e+00 2.587710e+00 2.587710e+00 1.726377e+00 1.706613e+00 1.645796e+00 8.229150e-01 0.000000e+00 8.399953e-01 1.005127e+00 1.098586e+00 8.488474e-01 9.912551e-01 1.364878e+00 1.436301e+00 1.400688e+00 1.448339e+00 8.545595e-01 8.542184e-01 8.566556e-01 8.627593e-01 8.720201e-01 8.823345e-01 8.876322e-01 8.914207e-01 9.004348e-01 9.117199e-01 1.484354e+00 1.618195e+00 1.435369e+00 1.585373e+00
1.675483e+00 1.661708e+00 1.648147e+00 1.636434e+00 1.624080e+00 1.607584e+00 1.552601e+00 1.534575e+00 1.518043e+00 1.507331e+00 1.381008e+00 1.378493e+00 1.376701e+00 1.376372e+00 1.488207e+00 1.415312e+00 2.840673e+00 1.521891e+00 1.242974e+00 1.235961e+00 1.250165e+00 0.000000e+00 0.000000e+00 0.000000e+00 2.587710e+00 2.196643e+00 1.741008e+00 0.000000e+00 0.000000e+00 9.986422e-01 1.010919e+00 1.191100e+00 8.460253e-01 1.091455e+00 1.415760e+00 1.479826e+00 1.446892e+00 8.535766e-01 8.512347e-01 8.506395e-01 8.540977e-01 8.603914e-01 8.688416e-01 8.800006e-01 8.863020e-01 8.876545e-01 8.917325e-01 8.989860e-01 1.513054e+00 1.629909e+00 1.482010e+00 1.616400e+00
1.678806e+00 1.669882e+00 1.660592e+00 1.654190e+00 1.645646e+00 1.576538e+00 1.558228e+00 1.540287e+00 1.525560e+00 1.355226e+00 1.347837e+00 1.342151e+00 1.337874e+00 1.479756e+00 1.374767e+00 2.467868e+00 1.508742e+00 1.374313e+00 1.330474e+00 1.338023e+00 1.260310e+00 1.176298e+00 1.215789e+00 0.000000e+00 0.000000e+00 0.000000e+00 2.482041e+00 0.000000e+00 8.789450e-01 1.146432e+00 1.138044e+00 1.131076e+00 9.925709e-01 1.182314e+00 1.462037e+00 1.516249e+00 1.485279e+00 8.512617e-01 8.491516e-01 8.472765e-01 8.500725e-01 8.572260e-01 8.661066e-01 8.776484e-01 8.849992e-01 8.866159e-01 8.885600e-01 1.042616e+00 1.533672e+00 1.631012e+00 1.516686e+00 1.631399e+00
1.685470e+00 1.680131e+00 1.675471e+00 1.671114e+00 1.589817e+00 1.576222e+00 1.559405e+00 1.545974e+00 1.333609e+00 1.322635e+00 1.311647e+00 1.304229e+00 1.483952e+00 1.344682e+00 2.465586e+00 1.521391e+00 1.333454e+00 1.272475e+00 1.267640e+00 1.408898e+00 1.270042e+00 1.109266e+00 1.122786e+00 1.170528e+00 1.194915e+00 0.000000e+00 0.000000e+00 0.000000e+00 2.234598e+00 1.044131e+00 1.351335e+00 1.248274e+00 1.125749e+00 1.276893e+00 1.508419e+00 1.546567e+00 1.515862e+00 8.480330e-01 8.473920e-01 8.451949e-01 8.463396e-01 8.529336e-01 8.627079e-01 8.753605e-01 8.838418e-01 8.870457e-01 8.892907e-01 1.154467e+00 1.550823e+00 1.626640e+00 1.543379e+00 1.633342e+00
1.689110e+00 1.688849e+00 1.685158e+00 1.583644e+00 1.576544e+00 1.563280e+00 1.549874e+00 1.294352e+00 1.290381e+00 1.279488e+00 1.268914e+00 1.491158e+00 1.316660e+00 2.503206e+00 1.550110e+00 1.299844e+00 1.228064e+00 1.218584e+00 1.382767e+00 1.206552e+00 1.206243e+00 1.207448e+00 1.060463e+00 1.081197e+00 1.120695e+00 1.430913e+00 0.000000e+00 0.000000e+00 0.000000e+00 0.000000e+00 2.016174e+00 1.368724e+00 1.107342e+00 1.357558e+00 1.548969e+00 1.573446e+00 1.542898e+00 8.454355e-01 8.441257e-01 8.428669e-01 8.434817e-01 8.482251e-01 8.569443e-01 8.692273e-01 8.782178e-01 8.831124e-01 8.867951e-01 1.245067e+00 1.564558e+00 1.617683e+00 1.557828e+00 1.622258e+00
1.692199e+00 1.692067e+00 1.567985e+00 1.561769e+00 1.551758e+00 1.539318e+00 1.228038e+00 1.229768e+00 1.228825e+00 1.223323e+00 1.495199e+00 1.282547e+00 2.842734e+00 1.587867e+00 1.262942e+00 1.182105e+00 1.173892e+00 1.366245e+00 1.151765e+00 1.147467e+00 1.144173e+00 1.138526e+00 1.140088e+00 1.019081e+00 1.032726e+00 0.000000e+00 0.000000e+00 9.266267e-01 1.030718e+00 0.000000e+00 0.000000e+00 0.000000e+00 1.205462e+00 1.230857e+00 1.578742e+00 1.597714e+00 1.568640e+00 8.444273e-01 8.407958e-01 8.401769e-01 8.409507e-01 8.440591e-01 8.503078e-01 8.601961e-01 8.685831e-01 8.748834e-01 8.806861e-01 1.318977e+00 1.576441e+00 1.608002e+00 1.560898e+00 1.601015e+00
