tests/data/reference/test_implicit_stream_rill_mfda/control/cinfil_m3.asc
ncols	123
nrows	77
xllcorner	-713746.79929998
yllcorner	-1061022.36961616
cellsize	10.0
NODATA_value	-9999
[rows 23 to 45 of 77, columns 52 to 103 of 123]
9.749288e-01 1.240802e+00 1.303268e+00 1.404413e+00 1.443288e+00 1.515693e+00 1.486660e+00 1.426323e+00 1.432217e+00 1.383676e+00 1.326116e+00 1.328263e+00 1.330930e+00 1.336797e+00 1.349158e+00 1.621348e+00 1.891662e+00 1.948477e+00 1.491696e+00 1.472227e+00 1.314508e+00 1.232277e+00 1.138763e+00 1.237243e+00 8.907217e-01 1.051224e+00 3.246364e+00 2.071644e+00 1.672520e+00 1.271230e+00 1.158005e+00 1.041223e+00 9.069540e-01 9.375620e-01 -9.999000e+03 -9.999000e+03 -9.999000e+03 -9.999000e+03 -9.999000e+03 -9.999000e+03 -9.999000e+03 -9.999000e+03 -9.999000e+03 -9.999000e+03 -9.999000e+03 -9.999000e+03 -9.999000e+03 -9.999000e+03 -9.999000e+03 -9.999000e+03 -9.999000e+03 -9.999000e+03
9.694345e-01 1.072000e+00 1.301756e+00 1.360433e+00 1.448448e+00 1.482743e+00 1.541070e+00 1.525551e+00 1.476282e+00 1.479934e+00 1.437397e+00 1.386723e+00 1.390168e+00 1.398594e+00 1.411401e+00 1.428815e+00 1.984512e+00 1.985924e+00 1.516780e+00 1.489971e+00 1.358994e+00 1.288461e+00 1.212502e+00 1.290758e+00 1.021978e+00 1.153103e+00 9.046708e-01 3.309019e+00 2.158562e+00 1.787282e+00 1.425580e+00 1.157710e+00 1.047065e+00 1.070909e+00 9.479672e-01 -9.999000e+03 -9.999000e+03 -9.999000e+03 -9.999000e+03 -9.999000e+03 -9.999000e+03 -9.999000e+03 -9.999000e+03 -9.999000e+03 -9.999000e+03 -9.999000e+03 -9.999000e+03 -9.999000e+03 -9.999000e+03 -9.999000e+03 -9.999000e+03 -9.999000e+03
1.234982e+00 1.069678e+00 1.158521e+00 1.359178e+00 1.414049e+00 1.492248e+00 1.523743e+00 1.570379e+00 1.559269e+00 1.516297e+00 1.519132e+00 1.484033e+00 1.444571e+00 1.455197e+00 1.466159e+00 1.476988e+00 2.058985e+00 2.005419e+00 1.531193e+00 1.502487e+00 1.398449e+00 1.338661e+00 1.277010e+00 1.339806e+00 1.120891e+00 1.222897e+00 1.028536e+00 3.309019e+00 8.970399e-01 2.206617e+00 1.889890e+00 1.276231e+00 1.162014e+00 1.157901e+00 1.051846e+00 9.161731e-01 9.410861e-01 9.434513e-01 -9.999000e+03 -9.999000e+03 -9.999000e+03 -9.999000e+03 -9.999000e+03 -9.999000e+03 -9.999000e+03 -9.999000e+03 -9.999000e+03 -9.999000e+03 -9.999000e+03 -9.999000e+03 -9.999000e+03 -9.999000e+03
9.620665e-01 1.295327e+00 1.158039e+00 1.238921e+00 1.417903e+00 1.467837e+00 1.534043e+00 1.557765e+00 1.591295e+00 1.583429e+00 1.550665e+00 1.556634e+00 1.531479e+00 1.501177e+00 1.511079e+00 1.519476e+00 1.714593e+00 2.018158e+00 1.545977e+00 1.518866e+00 1.437812e+00 1.389058e+00 1.338385e+00 1.387962e+00 1.203978e+00 1.283776e+00 1.119563e+00 3.309019e+00 1.023163e+00 2.238598e+00 1.976339e+00 1.363419e+00 1.260492e+00 1.240598e+00 1.147928e+00 1.047710e+00 1.074697e+00 9.335900e-01 1.097676e+00 9.463994e-01 -9.999000e+03 -9.999000e+03 -9.999000e+03 -9.999000e+03 -9.999000e+03 -9.999000e+03 -9.999000e+03 -9.999000e+03 -9.999000e+03 -9.999000e+03 -9.999000e+03 -9.999000e+03
1.063973e+00 8.300777e-01 1.356934e+00 1.243733e+00 1.316933e+00 1.472472e+00 1.512150e+00 1.563379e+00 1.581743e+00 1.609217e+00 1.608230e+00 1.584968e+00 1.592282e+00 1.571096e+00 1.545938e+00 1.557894e+00 1.666143e+00 2.024861e+00 1.566655e+00 1.542020e+00 1.482109e+00 1.443585e+00 1.401927e+00 1.437990e+00 1.279626e+00 1.339097e+00 1.196649e+00 3.309019e+00 1.115884e+00 2.252176e+00 2.027270e+00 1.411767e+00 1.341256e+00 1.331139e+00 1.249248e+00 1.165563e+00 9.120569e-01 9.257033e-01 1.095008e+00 1.220662e+00 1.108983e+00 0.000000e+00 -9.999000e+03 -9.999000e+03 -9.999000e+03 -9.999000e+03 -9.999000e+03 -9.999000e+03 -9.999000e+03 -9.999000e+03 -9.999000e+03 -9.999000e+03
1.151940e+00 9.671697e-01 1.413778e+00 1.317262e+00 8.494988e-01 1.382384e+00 1.514909e+00 1.545362e+00 1.587738e+00 1.604070e+00 1.626373e+00 1.629866e+00 1.614014e+00 1.621390e+00 1.608616e+00 1.594433e+00 1.639736e+00 2.007604e+00 1.581312e+00 1.560424e+00 1.516512e+00 1.487680e+00 1.453735e+00 1.480884e+00 1.344338e+00 1.388381e+00 1.263321e+00 3.309019e+00 1.193868e+00 2.260271e+00 2.075163e+00 1.448648e+00 1.405008e+00 1.407739e+00 1.341623e+00 1.267099e+00 1.066229e+00 1.074598e+00 9.266943e-01 1.209267e+00 0.000000e+00 0.000000e+00 0.000000e+00 0.000000e+00 -9.999000e+03 -9.999000e+03 -9.999000e+03 -9.999000e+03 -9.999000e+03 -9.999000e+03 -9.999000e+03 -9.999000e+03
1.228954e+00 1.075479e+00 1.465635e+00 1.380791e+00 8.474949e-01 9.865448e-01 1.436947e+00 1.548627e+00 1.572448e+00 1.606748e+00 1.621611e+00 1.641793e+00 1.649772e+00 1.644253e+00 1.658020e+00 1.653045e+00 1.637796e+00 1.688058e+00 1.587826e+00 1.569097e+00 1.536679e+00 1.515385e+00 1.490984e+00 1.513070e+00 1.399566e+00 1.432070e+00 1.322840e+00 3.309019e+00 1.264446e+00 2.261568e+00 2.126208e+00 1.478700e+00 1.449574e+00 1.459939e+00 1.414108e+00 1.355500e+00 1.186932e+00 1.190560e+00 1.074084e+00 0.000000e+00 0.000000e+00 1.555506e+00 1.322464e+00 1.038474e+00 0.000000e+00 -9.999000e+03 -9.999000e+03 -9.999000e+03 -9.999000e+03 -9.999000e+03 -9.999000e+03 -9.999000e+03
1.306223e+00 1.175182e+00 1.514719e+00 1.437344e+00 9.850099e-01 8.467850e-01 1.093252e+00 1.479479e+00 1.575105e+00 1.597362e+00 1.628085e+00 1.644606e+00 1.665126e+00 1.678966e+00 1.679829e+00 1.687945e+00 1.675216e+00 1.652557e+00 1.617350e+00 1.572328e+00 1.550863e+00 1.537971e+00 1.521244e+00 1.539998e+00 1.445979e+00 1.469738e+00 1.376933e+00 3.309019e+00 1.326808e+00 2.240536e+00 2.170816e+00 1.498545e+00 1.480390e+00 1.494557e+00 8.966127e-01 9.070778e-01 1.276476e+00 1.274510e+00 0.000000e+00 0.000000e+00 1.066943e+00 1.616597e+00 1.412467e+00 1.174963e+00 1.025290e+00 0.000000e+00 -9.999000e+03 -9.999000e+03 -9.999000e+03 -9.999000e+03 -9.999000e+03 -9.999000e+03
1.387706e+00 1.268759e+00 1.561651e+00 1.489243e+00 1.094475e+00 9.825462e-01 8.420194e-01 1.172263e+00 1.519364e+00 1.607786e+00 1.631234e+00 1.661139e+00 1.679127e+00 1.696170e+00 1.701736e+00 1.692912e+00 1.689514e+00 1.671921e+00 1.609865e+00 1.571832e+00 1.562134e+00 1.557894e+00 1.548366e+00 1.563072e+00 1.485420e+00 1.502377e+00 1.426521e+00 3.309019e+00 1.382461e+00 2.164360e+00 2.212862e+00 1.510519e+00 1.499205e+00 8.702649e-01 8.820738e-01 8.931953e-01 1.336592e+00 0.000000e+00 0.000000e+00 9.578604e-01 1.181708e+00 1.706755e+00 1.524007e+00 1.308824e+00 1.178284e+00 1.000706e+00 1.020592e+00 -9.999000e+03 -9.999000e+03 -9.999000e+03 -9.999000e+03 -9.999000e+03
1.479364e+00 1.364147e+00 1.613121e+00 1.543053e+00 8.558744e-01 1.184237e+00 1.091963e+00 9.823769e-01 1.255553e+00 1.564799e+00 1.641373e+00 1.663015e+00 1.686126e+00 1.696030e+00 1.701731e+00 1.698925e+00 1.687700e+00 1.681043e+00 1.613630e+00 1.576353e+00 1.575948e+00 1.577493e+00 1.572247e+00 1.581196e+00 1.517716e+00 1.531266e+00 1.471913e+00 3.309019e+00 1.435822e+00 1.973871e+00 2.254669e+00 1.523768e+00 8.583636e-01 8.626276e-01 8.718003e-01 8.813323e-01 0.000000e+00 0.000000e+00 9.364877e-01 1.098904e+00 1.266355e+00 1.766403e+00 9.642071e-01 9.866953e-01 1.277691e+00 1.142186e+00 1.142512e+00 1.003848e+00 0.000000e+00 -9.999000e+03 -9.999000e+03 -9.999000e+03
1.540801e+00 1.569339e+00 1.453521e+00 1.663892e+00 1.597101e+00 1.006526e+00 1.270872e+00 1.189034e+00 1.099639e+00 1.328745e+00 1.597489e+00 1.657830e+00 1.671007e+00 1.685039e+00 1.690451e+00 1.693069e+00 1.690995e+00 1.683592e+00 1.680697e+00 1.608379e+00 1.596728e+00 1.599171e+00 1.592876e+00 1.596190e+00 1.544495e+00 1.556616e+00 1.514449e+00 3.309019e+00 1.490146e+00 1.708287e+00 2.301414e+00 8.592089e-01 8.615366e-01 8.626470e-01 0.000000e+00 0.000000e+00 0.000000e+00 8.831916e-01 1.072975e+00 1.196844e+00 1.330069e+00 9.110990e-01 9.247449e-01 1.107577e+00 1.341677e+00 1.264164e+00 1.275977e+00 9.867350e-01 1.002660e+00 0.000000e+00 -9.999000e+03 -9.999000e+03
2.553933e+00 2.553933e+00 1.420511e+00 1.329546e+00 1.700141e+00 1.634689e+00 1.115200e+00 1.340268e+00 1.265446e+00 1.184039e+00 1.382812e+00 1.613693e+00 1.658639e+00 1.667183e+00 1.677579e+00 1.682798e+00 1.687242e+00 1.689165e+00 1.688394e+00 1.443557e+00 1.622168e+00 1.624581e+00 1.615966e+00 1.613260e+00 1.573111e+00 1.585878e+00 1.558627e+00 3.297878e+00 1.541149e+00 1.636449e+00 2.348043e+00 8.609545e-01 8.612618e-01 0.000000e+00 0.000000e+00 9.310465e-01 8.748354e-01 1.022630e+00 1.174449e+00 1.273390e+00 8.906789e-01 8.974699e-01 9.065203e-01 1.196919e+00 1.386530e+00 1.339947e+00 9.668588e-01 9.651414e-01 9.638970e-01 1.304006e+00 1.010817e+00 0.000000e+00
1.566429e+00 1.646692e+00 2.553933e+00 1.487138e+00 1.398491e+00 1.460897e+00 1.409001e+00 1.052081e+00 1.203077e+00 1.149057e+00 1.090541e+00 1.224622e+00 1.375224e+00 1.401757e+00 1.407935e+00 1.417686e+00 1.427858e+00 1.438342e+00 1.448616e+00 1.457009e+00 1.482604e+00 1.425623e+00 1.413727e+00 1.404339e+00 1.608280e+00 1.622531e+00 1.609481e+00 3.193716e+00 1.591227e+00 1.641654e+00 2.387303e+00 8.600938e-01 0.000000e+00 0.000000e+00 9.047478e-01 1.069159e+00 1.017151e+00 1.128540e+00 1.255254e+00 8.749682e-01 8.814934e-01 8.896120e-01 8.988345e-01 9.108845e-01 1.418893e+00 1.381782e+00 9.310301e-01 1.095690e+00 1.099346e+00 1.347350e+00 9.653735e-01 1.303599e+00
8.126281e-01 9.462413e-01 1.052750e+00 2.553933e+00 2.553933e+00 2.553933e+00 2.553933e+00 1.457637e+00 1.141491e+00 1.280223e+00 1.233042e+00 1.180557e+00 1.302255e+00 1.435151e+00 1.550162e+00 1.474389e+00 1.486377e+00 1.497502e+00 1.508499e+00 1.518520e+00 8.267651e-01 1.516234e+00 1.572312e+00 1.465400e+00 1.413005e+00 1.430735e+00 1.658617e+00 3.099127e+00 1.633078e+00 1.657496e+00 2.416416e+00 0.000000e+00 0.000000e+00 8.601845e-01 1.043660e+00 1.173801e+00 1.125841e+00 1.216819e+00 1.324419e+00 8.701986e-01 8.753094e-01 8.834793e-01 8.920969e-01 9.029006e-01 1.448155e+00 1.421312e+00 1.075042e+00 1.194620e+00 1.199673e+00 1.419130e+00 1.098575e+00 1.342353e+00
1.021165e+00 1.102242e+00 1.181387e+00 1.270673e+00 1.342054e+00 1.386698e+00 1.429533e+00 2.553933e+00 2.553933e+00 2.553933e+00 2.553933e+00 2.553933e+00 2.553933e+00 2.553933e+00 2.553933e+00 2.553933e+00 2.553933e+00 1.574459e+00 1.570583e+00 1.568717e+00 1.563557e+00 9.535593e-01 1.551226e+00 1.513363e+00 1.484920e+00 1.509864e+00 1.467862e+00 2.989665e+00 1.663173e+00 1.669436e+00 0.000000e+00 0.000000e+00 8.538280e-01 8.576411e-01 1.150173e+00 1.257997e+00 1.214687e+00 1.292905e+00 1.386328e+00 8.684459e-01 8.720096e-01 8.792349e-01 8.865987e-01 8.960067e-01 9.076623e-01 9.190203e-01 1.200584e+00 1.292595e+00 1.290109e+00 1.479056e+00 1.190075e+00 1.407817e+00
9.136759e-01 1.008873e+00 1.098243e+00 2.511665e+00 2.372851e+00 2.327389e+00 2.297996e+00 2.264259e+00 2.243241e+00 2.222761e+00 2.219759e+00 2.220287e+00 2.230816e+00 2.248849e+00 2.256681e+00 2.272968e+00 2.272766e+00 2.553933e+00 2.553933e+00 1.637035e+00 1.622339e+00 1.601216e+00 1.585754e+00 1.569117e+00 1.554023e+00 1.578880e+00 1.541903e+00 2.314811e+00 1.683029e+00 0.000000e+00 0.000000e+00 8.542339e-01 8.523198e-01 8.560715e-01 1.233459e+00 1.328152e+00 1.288756e+00 1.356299e+00 8.646849e-01 8.645950e-01 8.672660e-01 8.744181e-01 8.819011e-01 8.900021e-01 9.003646e-01 9.121182e-01 9.231387e-01 1.374963e+00 1.370109e+00 1.534254e+00 1.275668e+00 1.470240e+00
1.588114e+00 3.162060e+00 1.851297e+00 1.625249e+00 1.608771e+00 1.587517e+00 1.570410e+00 1.558253e+00 1.536385e+00 1.529462e+00 1.527094e+00 1.313807e+00 1.273326e+00 1.283725e+00 1.298020e+00 1.313075e+00 1.495746e+00 1.623933e+00 1.740410e+00 2.553933e+00 2.553933e+00 2.553933e+00 2.553933e+00 1.631464e+00 1.625384e+00 1.636972e+00 1.597222e+00 2.251177e+00 0.000000e+00 0.000000e+00 8.617884e-01 9.926384e-01 8.514731e-01 8.554017e-01 1.305395e+00 1.388077e+00 1.350663e+00 1.408877e+00 8.591982e-01 8.587709e-01 8.610053e-01 8.679777e-01 8.771223e-01 8.855212e-01 8.919628e-01 9.004655e-01 9.120706e-01 1.437794e+00 1.439330e+00 1.588934e+00 1.366627e+00 1.537392e+00
2.745038e+00 1.660926e+00 1.643835e+00 1.627763e+00 1.610188e+00 1.591507e+00 1.574109e+00 1.535982e+00 1.521781e+00 1.511524e+00 1.507928e+00 1.419381e+00 1.422469e+00 1.427355e+00 1.434680e+00 1.311011e+00 1.279712e+00 2.417145e+00 2.548457e+00 2.553933e+00 2.553933e+00 2.511023e+00 2.553933e+00 2.553933e+00 1.733250e+00 1.712454e+00 1.650836e+00 8.235009e-01 0.000000e+00 8.390100e-01 1.006300e+00 1.100311e+00 8.493030e-01 9.923169e-01 1.367338e+00 1.439639e+00 1.404728e+00 1.452828e+00 8.549890e-01 8.546496e-01 8.570907e-01 8.632449e-01 8.726420e-01 8.827132e-01 8.879776e-01 8.918984e-01 9.015430e-01 9.126224e-01 1.489339e+00 1.623987e+00 1.439128e+00 1.590702e+00
1.682104e+00 1.668177e+00 1.654773e+00 1.643055e+00 1.630695e+00 1.614157e+00 1.558726e+00 1.540507e+00 1.523682e+00 1.512826e+00 1.384751e+00 1.382220e+00 1.380377e+00 1.379985e+00 1.493357e+00 1.419308e+00 2.886830e+00 1.526176e+00 1.245374e+00 1.237991e+00 1.252151e+00 0.000000e+00 0.000000e+00 0.000000e+00 2.553933e+00 2.192158e+00 1.748522e+00 0.000000e+00 0.000000e+00 9.978374e-01 1.012023e+00 1.193093e+00 8.464926e-01 1.095548e+00 1.418814e+00 1.484240e+00 1.451348e+00 8.540108e-01 8.516798e-01 8.510873e-01 8.545294e-01 8.608564e-01 8.695362e-01 8.804352e-01 8.866016e-01 8.880006e-01 8.922212e-01 9.001199e-01 1.518031e+00 1.636383e+00 1.486848e+00 1.622185e+00
1.685331e+00 1.676414e+00 1.667032e+00 1.660713e+00 1.652350e+00 1.582490e+00 1.564558e+00 1.546233e+00 1.531399e+00 1.358285e+00 1.350957e+00 1.345227e+00 1.340931e+00 1.485201e+00 1.378508e+00 2.591294e+00 1.513349e+00 1.377899e+00 1.333263e+00 1.340774e+00 1.262980e+00 1.177906e+00 1.217568e+00 0.000000e+00 0.000000e+00 0.000000e+00 2.423085e+00 0.000000e+00 8.800359e-01 1.146775e+00 1.139260e+00 1.132146e+00 9.935575e-01 1.184009e+00 1.465806e+00 1.520902e+00 1.490695e+00 8.517067e-01 8.496059e-01 8.477388e-01 8.505229e-01 8.576655e-01 8.666234e-01 8.781389e-01 8.853135e-01 8.869262e-01 8.889376e-01 1.043601e+00 1.538960e+00 1.637798e+00 1.521601e+00 1.637888e+00
1.691722e+00 1.686621e+00 1.682089e+00 1.677888e+00 1.596502e+00 1.582055e+00 1.565656e+00 1.551825e+00 1.336487e+00 1.325471e+00 1.314495e+00 1.307107e+00 1.489674e+00 1.347784e+00 2.534018e+00 1.526132e+00 1.336508e+00 1.275052e+00 1.270160e+00 1.413186e+00 1.272419e+00 1.110173e+00 1.124014e+00 1.171811e+00 1.196200e+00 0.000000e+00 0.000000e+00 0.000000e+00 2.216050e+00 1.045378e+00 1.352718e+00 1.250082e+00 1.127117e+00 1.279059e+00 1.513002e+00 1.551644e+00 1.521153e+00 8.484921e-01 8.478537e-01 8.456655e-01 8.468057e-01 8.533709e-01 8.631931e-01 8.759047e-01 8.841842e-01 8.873709e-01 8.896937e-01 1.157461e+00 1.556192e+00 1.633454e+00 1.548636e+00 1.640174e+00
1.695377e+00 1.695217e+00 1.691736e+00 1.589984e+00 1.582092e+00 1.569472e+00 1.555639e+00 1.296859e+00 1.292921e+00 1.282062e+00 1.271391e+00 1.496278e+00 1.319516e+00 2.553369e+00 1.555220e+00 1.302581e+00 1.231014e+00 1.221166e+00 1.386595e+00 1.208217e+00 1.207810e+00 1.208981e+00 1.061179e+00 1.081831e+00 1.121659e+00 1.433500e+00 0.000000e+00 0.000000e+00 0.000000e+00 0.000000e+00 1.967923e+00 1.371245e+00 1.107971e+00 1.359941e+00 1.553900e+00 1.578863e+00 1.548441e+00 8.459051e-01 8.446003e-01 8.433461e-01 8.439586e-01 8.486834e-01 8.573817e-01 8.699132e-01 8.786948e-01 8.834724e-01 8.871116e-01 1.247146e+00 1.570340e+00 1.624082e+00 1.563464e+00 1.629185e+00
1.698422e+00 1.698511e+00 1.573547e+00 1.567385e+00 1.557201e+00 1.544845e+00 1.230806e+00 1.232608e+00 1.231602e+00 1.225819e+00 1.499835e+00 1.285150e+00 2.875220e+00 1.594241e+00 1.265425e+00 1.184038e+00 1.175804e+00 1.369890e+00 1.155927e+00 1.151995e+00 1.147928e+00 1.141114e+00 1.142924e+00 1.020271e+00 1.033299e+00 0.000000e+00 0.000000e+00 9.271049e-01 1.030216e+00 0.000000e+00 0.000000e+00 0.000000e+00 1.207175e+00 1.232876e+00 1.583826e+00 1.603932e+00 1.574640e+00 8.449007e-01 8.412820e-01 8.406651e-01 8.414364e-01 8.445340e-01 8.507571e-01 8.606595e-01 8.692836e-01 8.754388e-01 8.811044e-01 1.321509e+00 1.581570e+00 1.614244e+00 1.566658e+00 1.607662e+00
