tests/data/reference/test_implicit_stream_rill_mfda/control/cinfil_m3.asc
ncols	123
nrows	77
xllcorner	-713746.79929998
yllcorner	-1061022.36961616
cellsize	10.0
NODATA_value	-9999
[rows 23 to 45 of 77, columns 0 to 51 of 123]
-9.999000e+03 -9.999000e+03 -9.999000e+03 -9.999000e+03 -9.999000e+03 -9.999000e+03 -9.999000e+03 -9.999000e+03 -9.999000e+03 -9.999000e+03 -9.999000e+03 -9.999000e+03 -9.999000e+03 -9.999000e+03 1.041010e+00 1.457412e+00 1.550302e+00 1.190680e+00 1.006263e+00 1.245762e+00 1.064194e+00 0.000000e+00 1.166763e+00 1.558519e+00 1.458418e+00 1.715774e+00 1.853651e+00 1.543011e+00 1.327537e+00 1.870548e+00 8.673175e-01 1.007860e+00 1.117015e+00 1.461849e+00 1.785605e+00 1.646572e+00 2.151786e+00 8.492943e-01 1.777383e+00 1.567861e+00 1.549742e+00 1.522640e+00 1.576374e+00 1.518743e+00 1.517414e+00 1.463824e+00 1.490559e+00 1.620571e+00 1.371959e+00 1.166961e+00 1.074770e+00 8.269809e-01
-9.999000e+03 -9.999000e+03 -9.999000e+03 -9.999000e+03 -9.999000e+03 -9.999000e+03 -9.999000e+03 -9.999000e+03 -9.999000e+03 -9.999000e+03 -9.999000e+03 -9.999000e+03 -9.999000e+03 -9.999000e+03 1.446935e+00 2.229155e+00 1.760513e+00 1.106991e+00 1.016215e+00 9.245514e-01 0.000000e+00 0.000000e+00 8.449478e-01 1.065997e+00 1.578387e+00 1.765530e+00 1.901820e+00 1.608684e+00 1.223909e+00 8.098334e-01 1.851190e+00 1.009088e+00 1.119485e+00 1.214341e+00 1.882195e+00 1.637448e+00 2.198427e+00 8.464920e-01 1.817352e+00 1.581325e+00 1.572814e+00 1.553880e+00 1.581119e+00 1.544828e+00 1.542676e+00 1.502471e+00 1.520362e+00 1.613646e+00 1.420827e+00 1.243270e+00 8.260026e-01 1.157362e+00
-9.999000e+03 -9.999000e+03 -9.999000e+03 -9.999000e+03 -9.999000e+03 -9.999000e+03 -9.999000e+03 -9.999000e+03 -9.999000e+03 -9.999000e+03 -9.999000e+03 -9.999000e+03 -9.999000e+03 -9.999000e+03 2.393818e+00 1.275782e+00 9.768442e-01 9.779054e-01 9.849106e-01 1.017731e+00 0.000000e+00 1.170246e+00 1.309400e+00 9.956598e-01 1.085783e+00 1.601498e+00 1.978470e+00 1.656140e+00 1.296000e+00 8.046382e-01 9.449393e-01 1.540449e+00 1.013325e+00 1.223812e+00 1.306574e+00 1.984015e+00 8.560837e-01 2.234574e+00 9.888414e-01 1.882757e+00 1.594206e+00 1.580280e+00 1.592919e+00 1.569343e+00 1.566284e+00 1.535343e+00 1.545194e+00 1.605634e+00 1.460952e+00 1.305663e+00 9.555636e-01 8.159442e-01
-9.999000e+03 -9.999000e+03 -9.999000e+03 -9.999000e+03 -9.999000e+03 -9.999000e+03 -9.999000e+03 -9.999000e+03 -9.999000e+03 -9.999000e+03 -9.999000e+03 -9.999000e+03 9.352303e-01 1.006565e+00 1.700868e+00 1.159628e+00 9.721098e-01 1.173960e+00 1.063457e+00 0.000000e+00 1.509560e+00 1.454457e+00 1.238085e+00 1.352089e+00 1.108838e+00 1.156940e+00 2.065079e+00 1.709060e+00 1.369797e+00 9.540139e-01 8.099478e-01 1.057813e+00 1.557966e+00 1.136214e+00 1.171764e+00 1.377886e+00 1.789512e+00 9.938235e-01 2.269483e+00 1.100954e+00 1.678275e+00 1.603937e+00 1.609484e+00 1.593313e+00 1.588179e+00 1.562107e+00 1.563977e+00 1.598594e+00 1.493199e+00 1.358256e+00 1.054543e+00 8.118725e-01
-9.999000e+03 -9.999000e+03 -9.999000e+03 -9.999000e+03 -9.999000e+03 -9.999000e+03 -9.999000e+03 -9.999000e+03 -9.999000e+03 -9.999000e+03 -9.999000e+03 -9.999000e+03 -9.999000e+03 9.437820e-01 1.180450e+00 1.166698e+00 1.105901e+00 1.098740e+00 0.000000e+00 1.657713e+00 1.504585e+00 1.504828e+00 1.643714e+00 1.745240e+00 1.840684e+00 1.924299e+00 2.002444e+00 2.176146e+00 1.767292e+00 1.443735e+00 1.074883e+00 9.605614e-01 1.168461e+00 1.584113e+00 1.237349e+00 1.252027e+00 1.244761e+00 1.499269e+00 1.103056e+00 2.295890e+00 1.643216e+00 1.625836e+00 1.628910e+00 1.616571e+00 1.607660e+00 1.582268e+00 1.576111e+00 1.592540e+00 1.518191e+00 1.403003e+00 1.137083e+00 9.421876e-01
-9.999000e+03 -9.999000e+03 -9.999000e+03 -9.999000e+03 -9.999000e+03 -9.999000e+03 -9.999000e+03 -9.999000e+03 -9.999000e+03 -9.999000e+03 -9.999000e+03 -9.999000e+03 -9.999000e+03 -9.999000e+03 -9.999000e+03 1.036899e+00 1.213588e+00 0.000000e+00 0.000000e+00 1.245790e+00 1.342238e+00 1.466771e+00 1.571000e+00 1.654825e+00 1.720839e+00 1.769352e+00 1.812516e+00 2.118252e+00 2.332964e+00 1.801866e+00 1.511307e+00 1.193368e+00 1.103541e+00 1.280832e+00 1.606087e+00 1.301675e+00 1.316786e+00 1.323503e+00 1.829675e+00 1.067440e+00 2.057025e+00 1.642849e+00 1.642621e+00 1.631128e+00 1.619208e+00 1.594688e+00 1.583755e+00 1.589460e+00 1.538801e+00 1.442276e+00 1.209499e+00 1.045307e+00
-9.999000e+03 -9.999000e+03 -9.999000e+03 -9.999000e+03 -9.999000e+03 -9.999000e+03 -9.999000e+03 -9.999000e+03 -9.999000e+03 -9.999000e+03 -9.999000e+03 -9.999000e+03 -9.999000e+03 -9.999000e+03 -9.999000e+03 -9.999000e+03 1.111900e+00 0.000000e+00 1.249389e+00 1.312039e+00 1.418282e+00 1.516910e+00 1.592012e+00 1.640087e+00 1.665998e+00 1.670288e+00 1.666791e+00 1.666267e+00 1.659474e+00 2.152479e+00 2.080526e+00 2.115932e+00 1.310823e+00 1.225686e+00 1.365963e+00 1.619196e+00 1.651258e+00 1.711988e+00 1.400938e+00 1.941716e+00 1.158513e+00 1.575823e+00 1.646141e+00 1.634005e+00 1.621124e+00 1.599620e+00 1.588161e+00 1.589320e+00 1.556332e+00 1.477343e+00 1.275209e+00 1.135295e+00
-9.999000e+03 -9.999000e+03 -9.999000e+03 -9.999000e+03 -9.999000e+03 -9.999000e+03 -9.999000e+03 -9.999000e+03 -9.999000e+03 -9.999000e+03 -9.999000e+03 -9.999000e+03 -9.999000e+03 -9.999000e+03 -9.999000e+03 -9.999000e+03 0.000000e+00 1.534212e+00 1.381757e+00 1.387620e+00 1.425603e+00 2.428155e+00 2.503386e+00 2.556184e+00 2.591661e+00 2.593089e+00 2.593089e+00 2.593089e+00 2.593089e+00 2.593089e+00 2.593089e+00 2.593089e+00 2.593089e+00 2.593089e+00 2.593089e+00 2.593089e+00 2.593089e+00 2.593089e+00 2.593089e+00 2.593089e+00 2.593089e+00 2.593089e+00 1.537326e+00 1.419600e+00 1.402146e+00 1.616155e+00 1.602241e+00 1.598848e+00 1.575834e+00 1.512274e+00 1.339971e+00 1.221512e+00
-9.999000e+03 -9.999000e+03 -9.999000e+03 -9.999000e+03 -9.999000e+03 -9.999000e+03 -9.999000e+03 -9.999000e+03 -9.999000e+03 -9.999000e+03 -9.999000e+03 -9.999000e+03 -9.999000e+03 -9.999000e+03 -9.999000e+03 0.000000e+00 1.561931e+00 1.425330e+00 2.293968e+00 2.003494e+00 2.325763e+00 1.462216e+00 1.613444e+00 1.727464e+00 1.814852e+00 1.911231e+00 1.995237e+00 2.074730e+00 2.145757e+00 2.203545e+00 2.263572e+00 2.333492e+00 2.413625e+00 2.510317e+00 2.588424e+00 2.593089e+00 2.593089e+00 2.485015e+00 2.376764e+00 2.338019e+00 2.326493e+00 2.317792e+00 2.593089e+00 2.593089e+00 2.593089e+00 1.477730e+00 1.493145e+00 1.623176e+00 1.600725e+00 1.550265e+00 1.408544e+00 1.310703e+00
-9.999000e+03 -9.999000e+03 -9.999000e+03 -9.999000e+03 -9.999000e+03 -9.999000e+03 -9.999000e+03 -9.999000e+03 -9.999000e+03 -9.999000e+03 -9.999000e+03 -9.999000e+03 -9.999000e+03 -9.999000e+03 0.000000e+00 0.000000e+00 2.204135e+00 2.216531e+00 1.620983e+00 2.767873e+00 1.375567e+00 1.390208e+00 1.406398e+00 1.460598e+00 1.572495e+00 1.396869e+00 1.418070e+00 1.590278e+00 1.586769e+00 1.380070e+00 1.434996e+00 1.721045e+00 1.850056e+00 1.974277e+00 2.079446e+00 2.159645e+00 1.075281e+00 1.121073e+00 1.320590e+00 1.263480e+00 1.214874e+00 1.209998e+00 1.396666e+00 1.511872e+00 1.622408e+00 2.593089e+00 2.593089e+00 2.593089e+00 1.427190e+00 1.483090e+00 1.497584e+00 1.414531e+00
-9.999000e+03 -9.999000e+03 -9.999000e+03 -9.999000e+03 -9.999000e+03 -9.999000e+03 -9.999000e+03 -9.999000e+03 -9.999000e+03 -9.999000e+03 -9.999000e+03 -9.999000e+03 -9.999000e+03 -9.999000e+03 0.000000e+00 2.358124e+00 1.712022e+00 1.597085e+00 2.746059e+00 1.483529e+00 1.529470e+00 1.573721e+00 1.402068e+00 1.593212e+00 1.565990e+00 1.637242e+00 1.593363e+00 1.576407e+00 1.695355e+00 1.799784e+00 1.893748e+00 1.454520e+00 1.538645e+00 1.576644e+00 1.862276e+00 1.042367e+00 1.150704e+00 1.491624e+00 1.420491e+00 1.351352e+00 1.334191e+00 1.259141e+00 1.145358e+00 1.142072e+00 1.170774e+00 1.296817e+00 1.402971e+00 1.504362e+00 2.593089e+00 2.593089e+00 2.593089e+00 1.430751e+00
-9.999000e+03 -9.999000e+03 -9.999000e+03 -9.999000e+03 -9.999000e+03 -9.999000e+03 -9.999000e+03 -9.999000e+03 -9.999000e+03 -9.999000e+03 -9.999000e+03 -9.999000e+03 -9.999000e+03 0.000000e+00 2.162034e+00 1.707247e+00 1.612727e+00 2.720292e+00 1.401265e+00 1.463829e+00 1.536847e+00 1.570365e+00 1.587498e+00 1.546334e+00 1.667376e+00 1.591707e+00 1.584765e+00 1.568637e+00 1.557779e+00 1.477046e+00 1.382711e+00 1.484091e+00 1.537187e+00 1.768323e+00 8.787262e-01 1.023034e+00 1.449993e+00 1.366977e+00 1.294131e+00 1.279940e+00 1.433913e+00 1.251326e+00 1.240190e+00 1.081041e+00 1.078888e+00 1.019506e+00 1.043888e+00 1.046701e+00 1.060754e+00 1.226119e+00 1.388179e+00 2.593089e+00
-9.999000e+03 -9.999000e+03 -9.999000e+03 -9.999000e+03 -9.999000e+03 -9.999000e+03 -9.999000e+03 -9.999000e+03 -9.999000e+03 -9.999000e+03 -9.999000e+03 -9.999000e+03 0.000000e+00 0.000000e+00 1.694273e+00 1.656669e+00 2.706700e+00 1.319645e+00 1.389699e+00 1.483277e+00 1.534219e+00 1.567482e+00 1.514286e+00 1.725985e+00 1.589771e+00 1.587697e+00 1.581366e+00 1.569793e+00 1.446065e+00 1.318678e+00 1.437474e+00 1.510983e+00 1.676038e+00 1.135230e+00 8.748840e-01 1.412401e+00 1.306426e+00 1.223449e+00 1.212182e+00 1.408188e+00 1.186549e+00 1.176239e+00 1.169663e+00 1.167214e+00 1.075607e+00 9.540035e-01 9.502658e-01 9.468069e-01 9.722580e-01 9.918702e-01 1.363478e+00 1.461448e+00
-9.999000e+03 -9.999000e+03 -9.999000e+03 -9.999000e+03 -9.999000e+03 -9.999000e+03 -9.999000e+03 -9.999000e+03 -9.999000e+03 -9.999000e+03 -9.999000e+03 -9.999000e+03 0.000000e+00 1.728625e+00 1.705802e+00 2.689103e+00 1.226871e+00 1.311859e+00 1.430692e+00 1.495566e+00 1.537789e+00 1.454577e+00 1.788205e+00 1.581555e+00 1.584933e+00 1.587346e+00 1.586686e+00 1.416117e+00 1.256331e+00 1.401729e+00 1.497782e+00 1.588284e+00 8.712879e-01 1.023060e+00 1.373086e+00 1.240347e+00 1.145054e+00 1.139576e+00 1.383680e+00 1.119353e+00 1.107155e+00 1.094918e+00 1.088371e+00 9.779620e-01 9.759921e-01 9.711340e-01 9.662031e-01 8.647856e-01 8.674676e-01 1.276091e+00 1.003296e+00 1.020480e+00
-9.999000e+03 -9.999000e+03 -9.999000e+03 -9.999000e+03 -9.999000e+03 -9.999000e+03 -9.999000e+03 -9.999000e+03 -9.999000e+03 -9.999000e+03 -9.999000e+03 0.000000e+00 1.981590e+00 1.758210e+00 2.680318e+00 1.109864e+00 1.224155e+00 1.380689e+00 1.466823e+00 1.521806e+00 1.379560e+00 1.837539e+00 1.563075e+00 1.572502e+00 1.583167e+00 1.591260e+00 1.374342e+00 1.182379e+00 1.359071e+00 1.485243e+00 1.357285e+00 1.465020e+00 8.884191e-01 1.331243e+00 1.157753e+00 1.045431e+00 1.045618e+00 1.349975e+00 1.039065e+00 1.031641e+00 1.017345e+00 9.975106e-01 8.433098e-01 8.448103e-01 8.430550e-01 8.383768e-01 8.347343e-01 8.318677e-01 1.435580e+00 8.896937e-01 8.959486e-01 8.991664e-01
-9.999000e+03 -9.999000e+03 -9.999000e+03 -9.999000e+03 -9.999000e+03 -9.999000e+03 -9.999000e+03 -9.999000e+03 -9.999000e+03 -9.999000e+03 0.000000e+00 0.000000e+00 1.787013e+00 2.678970e+00 9.733396e-01 1.125320e+00 1.334269e+00 1.448041e+00 1.525337e+00 1.303798e+00 1.866607e+00 1.554571e+00 1.563340e+00 1.577382e+00 1.589145e+00 1.303651e+00 1.076058e+00 1.294612e+00 1.449767e+00 1.304944e+00 1.304839e+00 1.300942e+00 1.292670e+00 1.055242e+00 8.951098e-01 9.065909e-01 1.292556e+00 9.133385e-01 9.118862e-01 9.078224e-01 8.889792e-01 8.605732e-01 9.941452e-01 1.105155e+00 1.196037e+00 1.270421e+00 1.334485e+00 1.390752e+00 8.423946e-01 8.504338e-01 8.506544e-01 7.752504e-01
-9.999000e+03 -9.999000e+03 -9.999000e+03 -9.999000e+03 -9.999000e+03 -9.999000e+03 -9.999000e+03 -9.999000e+03 -9.999000e+03 -9.999000e+03 0.000000e+00 1.832552e+00 2.647039e+00 1.182990e+00 1.002556e+00 1.288965e+00 1.437438e+00 1.544917e+00 1.221477e+00 1.875896e+00 1.561353e+00 1.565237e+00 1.578490e+00 1.585682e+00 1.215063e+00 9.228516e-01 1.205269e+00 1.392117e+00 1.215656e+00 1.230153e+00 1.234801e+00 1.233778e+00 9.331748e-01 9.069234e-01 1.057351e+00 1.193425e+00 9.271060e-01 1.095698e+00 1.216536e+00 1.303095e+00 8.926478e-01 8.629252e-01 9.982127e-01 1.112119e+00 1.206429e+00 1.283970e+00 1.348507e+00 1.402765e+00 1.453376e+00 1.503971e+00 1.544700e+00 1.570553e+00
-9.999000e+03 -9.999000e+03 -9.999000e+03 -9.999000e+03 -9.999000e+03 -9.999000e+03 -9.999000e+03 -9.999000e+03 -9.999000e+03 0.000000e+00 2.055767e+00 2.605303e+00 1.338200e+00 1.012773e+00 1.196450e+00 1.409262e+00 1.565786e+00 1.127739e+00 1.867938e+00 1.587525e+00 1.581990e+00 1.592088e+00 1.582975e+00 1.093266e+00 9.283666e-01 1.090245e+00 1.317134e+00 1.096951e+00 1.108618e+00 1.129624e+00 1.134548e+00 9.519014e-01 1.097435e+00 1.189684e+00 1.272147e+00 1.357255e+00 1.435058e+00 1.502952e+00 9.135320e-01 8.947580e-01 1.334740e+00 1.008207e+00 1.112330e+00 1.210648e+00 1.296490e+00 1.368371e+00 1.425121e+00 1.467512e+00 1.503993e+00 1.537992e+00 1.567646e+00 1.591949e+00
-9.999000e+03 -9.999000e+03 -9.999000e+03 -9.999000e+03 -9.999000e+03 -9.999000e+03 -9.999000e+03 -9.999000e+03 -9.999000e+03 0.000000e+00 2.485710e+00 1.522934e+00 1.209474e+00 1.020271e+00 1.323024e+00 1.553485e+00 9.907593e-01 1.843922e+00 1.622574e+00 1.613770e+00 1.627696e+00 1.585531e+00 9.337887e-01 9.264103e-01 1.088723e+00 1.220320e+00 9.379915e-01 9.414330e-01 9.532801e-01 9.768557e-01 9.753607e-01 1.112907e+00 1.206170e+00 1.276502e+00 1.340230e+00 1.402812e+00 1.461343e+00 9.062723e-01 1.531697e+00 1.033570e+00 1.017499e+00 1.366487e+00 1.406093e+00 1.452558e+00 1.496085e+00 1.531249e+00 1.558037e+00 1.576308e+00 1.590112e+00 1.600695e+00 2.857530e+00 2.805001e+00
-9.999000e+03 -9.999000e+03 -9.999000e+03 -9.999000e+03 -9.999000e+03 -9.999000e+03 -9.999000e+03 -9.999000e+03 0.000000e+00 2.001161e+00 2.406676e+00 1.418825e+00 1.026700e+00 1.200682e+00 1.497642e+00 1.556010e+00 1.774399e+00 1.648519e+00 1.648377e+00 1.687861e+00 1.589769e+00 1.103565e+00 1.219134e+00 1.306782e+00 1.386122e+00 2.193600e+00 2.275490e+00 2.351065e+00 2.433757e+00 2.531725e+00 2.604948e+00 2.641770e+00 2.670306e+00 2.695420e+00 2.721690e+00 2.749934e+00 2.776303e+00 2.792369e+00 2.751519e+00 2.366215e+00 1.909126e+00 1.962743e+00 2.022620e+00 2.085214e+00 2.140609e+00 2.184921e+00 2.226782e+00 2.269273e+00 2.309041e+00 2.868288e+00 1.689812e+00 1.689771e+00
-9.999000e+03 -9.999000e+03 -9.999000e+03 -9.999000e+03 -9.999000e+03 -9.999000e+03 -9.999000e+03 0.000000e+00 0.000000e+00 2.352442e+00 1.165898e+00 1.304510e+00 1.019269e+00 1.424911e+00 1.495344e+00 1.599183e+00 1.629636e+00 1.658890e+00 1.769307e+00 1.592895e+00 9.444353e-01 9.384936e-01 1.095581e+00 2.033363e+00 2.107467e+00 1.395172e+00 1.217279e+00 1.321452e+00 1.414493e+00 1.504326e+00 1.559319e+00 1.574355e+00 1.574164e+00 1.566542e+00 1.559930e+00 1.561484e+00 1.572789e+00 1.593123e+00 1.607686e+00 1.610069e+00 1.612453e+00 1.619165e+00 1.626067e+00 1.632694e+00 1.636117e+00 1.634713e+00 1.637063e+00 1.646633e+00 2.878657e+00 1.690757e+00 1.690550e+00 1.689556e+00
-9.999000e+03 -9.999000e+03 -9.999000e+03 -9.999000e+03 -9.999000e+03 -9.999000e+03 -9.999000e+03 0.000000e+00 1.114674e+00 2.305516e+00 9.947744e-01 1.172331e+00 1.311534e+00 1.414546e+00 1.548065e+00 1.588036e+00 1.626065e+00 1.840316e+00 1.581358e+00 1.577270e+00 1.721238e+00 1.843211e+00 1.951612e+00 1.315170e+00 1.311970e+00 1.083312e+00 9.227914e-01 1.085913e+00 1.215441e+00 1.330387e+00 1.411505e+00 1.457428e+00 1.490616e+00 1.517168e+00 1.540091e+00 1.562375e+00 2.878559e+00 2.928558e+00 2.973344e+00 3.010272e+00 3.048203e+00 3.090612e+00 2.951720e+00 2.927622e+00 3.040428e+00 3.310884e+00 3.083353e+00 2.932470e+00 1.675896e+00 1.685173e+00 1.688585e+00 1.691806e+00
-9.999000e+03 -9.999000e+03 -9.999000e+03 -9.999000e+03 -9.999000e+03 -9.999000e+03 -9.999000e+03 1.162645e+00 2.264845e+00 1.440155e+00 1.014617e+00 1.178356e+00 1.300652e+00 1.473859e+00 1.527316e+00 1.585339e+00 1.893505e+00 1.530583e+00 1.560502e+00 1.563683e+00 1.560047e+00 1.558830e+00 1.211567e+00 1.218162e+00 9.296882e-01 9.196586e-01 1.077284e+00 1.202972e+00 1.307430e+00 1.397304e+00 1.465605e+00 1.510499e+00 1.543722e+00 2.735078e+00 2.783011e+00 2.828629e+00 1.644643e+00 1.630611e+00 1.616288e+00 1.601988e+00 1.592369e+00 1.596010e+00 1.593916e+00 1.719861e+00 1.828740e+00 1.931881e+00 1.623079e+00 1.638037e+00 1.654704e+00 1.673438e+00 1.689077e+00 1.692030e+00
