tests/data/reference/test_implicit_stream_rill_mfda/control/cinfil_m3.asc
ncols	123
nrows	77
xllcorner	-713746.79929998
yllcorner	-1061022.36961616
cellsize	10.0
NODATA_value	-9999
[rows 23 to 45 of 77, columns 52 to 103 of 123]
9.602428e-01 1.231676e+00 1.296879e+00 1.400655e+00 1.440310e+00 1.510052e+00 1.484151e+00 1.422932e+00 1.429029e+00 1.379097e+00 1.319910e+00 1.322156e+00 1.324928e+00 1.330856e+00 1.343337e+00 1.622810e+00 1.878637e+00 1.940648e+00 1.489781e+00 1.470395e+00 1.309005e+00 1.223597e+00 1.127489e+00 1.228442e+00 8.766048e-01 1.038439e+00 3.177866e+00 2.064914e+00 1.658908e+00 1.262007e+00 1.146071e+00 1.028690e+00 8.927904e-01 9.238509e-01 -9.999000e+03 -9.999000e+03 -9.999000e+03 -9.999000e+03 -9.999000e+03 -9.999000e+03 -9.999000e+03 -9.999000e+03 -9.999000e+03 -9.999000e+03 -9.999000e+03 -9.999000e+03 -9.999000e+03 -9.999000e+03 -9.999000e+03 -9.999000e+03 -9.999000e+03 -9.999000e+03
9.545020e-01 1.059149e+00 1.295211e+00 1.355861e+00 1.445722e+00 1.480190e+00 1.535856e+00 1.524016e+00 1.474350e+00 1.478135e+00 1.434583e+00 1.382357e+00 1.385862e+00 1.394002e+00 1.406906e+00 1.424342e+00 1.970702e+00 1.981801e+00 1.515383e+00 1.487188e+00 1.355024e+00 1.282050e+00 1.203804e+00 1.284482e+00 1.008767e+00 1.139511e+00 8.903922e-01 3.234595e+00 2.153828e+00 1.774169e+00 1.414362e+00 1.145803e+00 1.034717e+00 1.059023e+00 9.345535e-01 -9.999000e+03 -9.999000e+03 -9.999000e+03 -9.999000e+03 -9.999000e+03 -9.999000e+03 -9.999000e+03 -9.999000e+03 -9.999000e+03 -9.999000e+03 -9.999000e+03 -9.999000e+03 -9.999000e+03 -9.999000e+03 -9.999000e+03 -9.999000e+03 -9.999000e+03
1.225512e+00 1.055919e+00 1.146631e+00 1.354528e+00 1.410585e+00 1.489954e+00 1.521936e+00 1.565412e+00 1.558226e+00 1.515733e+00 1.518898e+00 1.482500e+00 1.441795e+00 1.452318e+00 1.463318e+00 1.474123e+00 1.766011e+00 2.005719e+00 1.529657e+00 1.499850e+00 1.394916e+00 1.333750e+00 1.269894e+00 1.334981e+00 1.109350e+00 1.214198e+00 1.015695e+00 3.252003e+00 8.829198e-01 2.201261e+00 1.876410e+00 1.267791e+00 1.152507e+00 1.146896e+00 1.039473e+00 9.024527e-01 9.274735e-01 9.299031e-01 -9.999000e+03 -9.999000e+03 -9.999000e+03 -9.999000e+03 -9.999000e+03 -9.999000e+03 -9.999000e+03 -9.999000e+03 -9.999000e+03 -9.999000e+03 -9.999000e+03 -9.999000e+03 -9.999000e+03 -9.999000e+03
9.466095e-01 1.288611e+00 1.145660e+00 1.228822e+00 1.414410e+00 1.465574e+00 1.532640e+00 1.556505e+00 1.586883e+00 1.583459e+00 1.551264e+00 1.557501e+00 1.531428e+00 1.500117e+00 1.509648e+00 1.518176e+00 1.735304e+00 2.024555e+00 1.544052e+00 1.515447e+00 1.434923e+00 1.385085e+00 1.333001e+00 1.384006e+00 1.194679e+00 1.277095e+00 1.108206e+00 3.264861e+00 1.010089e+00 2.236333e+00 1.963255e+00 1.357750e+00 1.252197e+00 1.231724e+00 1.135304e+00 1.035465e+00 1.064334e+00 9.197624e-01 1.084331e+00 9.329290e-01 -9.999000e+03 -9.999000e+03 -9.999000e+03 -9.999000e+03 -9.999000e+03 -9.999000e+03 -9.999000e+03 -9.999000e+03 -9.999000e+03 -9.999000e+03 -9.999000e+03 -9.999000e+03
1.048806e+00 8.141523e-01 1.352089e+00 1.234030e+00 1.309709e+00 1.470306e+00 1.510876e+00 1.562614e+00 1.581299e+00 1.605545e+00 1.607460e+00 1.585983e+00 1.593227e+00 1.571839e+00 1.546050e+00 1.558011e+00 1.720836e+00 2.037476e+00 1.563689e+00 1.537984e+00 1.479104e+00 1.440141e+00 1.397442e+00 1.434573e+00 1.272045e+00 1.334150e+00 1.187044e+00 3.039820e+00 1.104331e+00 2.254730e+00 2.015388e+00 1.408361e+00 1.335451e+00 1.324718e+00 1.241024e+00 1.154929e+00 8.981422e-01 9.120834e-01 1.080719e+00 1.211274e+00 1.097611e+00 0.000000e+00 -9.999000e+03 -9.999000e+03 -9.999000e+03 -9.999000e+03 -9.999000e+03 -9.999000e+03 -9.999000e+03 -9.999000e+03 -9.999000e+03 -9.999000e+03
1.137402e+00 9.518841e-01 1.410130e+00 1.310090e+00 8.340517e-01 1.377073e+00 1.513846e+00 1.545304e+00 1.587051e+00 1.603225e+00 1.623237e+00 1.629026e+00 1.615066e+00 1.622744e+00 1.609691e+00 1.594929e+00 1.638176e+00 2.025305e+00 1.578222e+00 1.556116e+00 1.514005e+00 1.484595e+00 1.450637e+00 1.477915e+00 1.338919e+00 1.384639e+00 1.255633e+00 3.016354e+00 1.184044e+00 2.268759e+00 2.064679e+00 1.447209e+00 1.400869e+00 1.402723e+00 1.335191e+00 1.258876e+00 1.052384e+00 1.063955e+00 9.130819e-01 1.200402e+00 0.000000e+00 0.000000e+00 0.000000e+00 0.000000e+00 -9.999000e+03 -9.999000e+03 -9.999000e+03 -9.999000e+03 -9.999000e+03 -9.999000e+03 -9.999000e+03 -9.999000e+03
1.218784e+00 1.063561e+00 1.463384e+00 1.375572e+00 8.319823e-01 9.719117e-01 1.433636e+00 1.548850e+00 1.572892e+00 1.606477e+00 1.621001e+00 1.639148e+00 1.648749e+00 1.645058e+00 1.658809e+00 1.654107e+00 1.639036e+00 1.748512e+00 1.583608e+00 1.564810e+00 1.534664e+00 1.513623e+00 1.488754e+00 1.510994e+00 1.395459e+00 1.429219e+00 1.316988e+00 3.112638e+00 1.256642e+00 2.278275e+00 2.116533e+00 1.478421e+00 1.447394e+00 1.456985e+00 1.409555e+00 1.349830e+00 1.176763e+00 1.180565e+00 1.063155e+00 0.000000e+00 0.000000e+00 1.528921e+00 1.298137e+00 1.027754e+00 0.000000e+00 -9.999000e+03 -9.999000e+03 -9.999000e+03 -9.999000e+03 -9.999000e+03 -9.999000e+03 -9.999000e+03
1.298645e+00 1.163900e+00 1.513568e+00 1.434139e+00 9.703540e-01 8.312488e-01 1.078083e+00 1.477965e+00 1.576102e+00 1.598253e+00 1.627660e+00 1.643604e+00 1.662511e+00 1.677247e+00 1.679904e+00 1.688089e+00 1.676352e+00 1.654490e+00 1.593691e+00 1.568242e+00 1.549314e+00 1.536980e+00 1.520574e+00 1.538593e+00 1.443545e+00 1.467831e+00 1.372366e+00 3.363485e+00 1.320907e+00 2.268542e+00 2.163643e+00 1.499040e+00 1.479527e+00 1.493219e+00 8.824934e-01 8.929204e-01 1.268909e+00 1.267115e+00 0.000000e+00 0.000000e+00 9.796952e-01 1.594069e+00 1.396523e+00 1.165812e+00 1.014159e+00 0.000000e+00 -9.999000e+03 -9.999000e+03 -9.999000e+03 -9.999000e+03 -9.999000e+03 -9.999000e+03
1.381987e+00 1.259703e+00 1.561556e+00 1.487346e+00 1.079059e+00 9.678950e-01 8.263174e-01 1.161515e+00 1.519649e+00 1.608886e+00 1.631901e+00 1.660220e+00 1.677337e+00 1.693007e+00 1.699417e+00 1.692523e+00 1.689380e+00 1.673170e+00 1.555530e+00 1.568061e+00 1.560594e+00 1.557365e+00 1.548442e+00 1.561979e+00 1.483937e+00 1.501125e+00 1.423205e+00 3.363485e+00 1.377994e+00 2.210527e+00 2.205147e+00 1.510361e+00 1.499648e+00 8.552701e-01 8.677311e-01 8.790797e-01 1.331501e+00 0.000000e+00 0.000000e+00 9.286171e-01 1.121390e+00 1.687916e+00 1.514194e+00 1.302063e+00 1.169169e+00 9.888761e-01 1.009312e+00 -9.999000e+03 -9.999000e+03 -9.999000e+03 -9.999000e+03 -9.999000e+03
1.475103e+00 1.357466e+00 1.613366e+00 1.543172e+00 8.406257e-01 1.173523e+00 1.076857e+00 9.676473e-01 1.246790e+00 1.566023e+00 1.642363e+00 1.663265e+00 1.684426e+00 1.693780e+00 1.698553e+00 1.696418e+00 1.686862e+00 1.680389e+00 1.552862e+00 1.572703e+00 1.574099e+00 1.576873e+00 1.572156e+00 1.580612e+00 1.517491e+00 1.530227e+00 1.469937e+00 3.363485e+00 1.432703e+00 1.997795e+00 2.249456e+00 1.522621e+00 8.431882e-01 8.475725e-01 8.568927e-01 8.669502e-01 0.000000e+00 0.000000e+00 9.056773e-01 1.072733e+00 1.219155e+00 1.751909e+00 9.513546e-01 9.744568e-01 1.270664e+00 1.130993e+00 1.131496e+00 9.921107e-01 0.000000e+00 -9.999000e+03 -9.999000e+03 -9.999000e+03
1.536740e+00 1.566960e+00 1.448935e+00 1.664891e+00 1.597879e+00 9.924318e-01 1.262349e+00 1.178033e+00 1.085956e+00 1.322264e+00 1.599234e+00 1.658578e+00 1.670823e+00 1.683021e+00 1.687947e+00 1.689915e+00 1.688185e+00 1.682031e+00 1.679114e+00 1.545089e+00 1.593750e+00 1.597527e+00 1.592361e+00 1.594691e+00 1.544882e+00 1.555862e+00 1.513185e+00 3.363485e+00 1.487575e+00 1.658683e+00 2.300226e+00 8.440580e-01 8.464516e-01 8.475924e-01 0.000000e+00 0.000000e+00 0.000000e+00 8.656466e-01 1.047109e+00 1.175820e+00 1.292689e+00 8.971382e-01 9.111175e-01 1.096838e+00 1.336673e+00 1.256393e+00 1.268340e+00 9.744965e-01 9.908882e-01 0.000000e+00 -9.999000e+03 -9.999000e+03
2.599533e+00 2.599533e+00 1.422374e+00 1.329269e+00 1.701608e+00 1.636522e+00 1.102977e+00 1.334204e+00 1.256994e+00 1.173459e+00 1.378262e+00 1.615764e+00 1.658938e+00 1.666482e+00 1.675130e+00 1.679900e+00 1.683844e+00 1.685860e+00 1.685836e+00 1.374481e+00 1.618382e+00 1.622105e+00 1.614670e+00 1.611008e+00 1.573115e+00 1.584263e+00 1.558006e+00 3.280356e+00 1.540105e+00 1.611262e+00 2.349821e+00 8.458532e-01 8.461692e-01 0.000000e+00 0.000000e+00 8.824391e-01 8.567287e-01 1.006670e+00 1.151905e+00 1.256284e+00 8.765620e-01 8.833516e-01 8.923349e-01 1.187906e+00 1.382602e+00 1.334595e+00 9.541368e-01 9.523350e-01 9.510292e-01 1.279227e+00 9.993016e-01 0.000000e+00
1.562705e+00 1.641585e+00 2.599533e+00 1.490281e+00 1.399868e+00 1.464508e+00 1.413417e+00 1.045493e+00 1.201420e+00 1.145404e+00 1.085438e+00 1.224063e+00 1.379177e+00 1.403849e+00 1.409283e+00 1.417965e+00 1.427673e+00 1.437802e+00 1.447625e+00 1.456288e+00 1.418480e+00 1.424991e+00 1.414152e+00 1.404258e+00 1.607531e+00 1.620720e+00 1.608670e+00 3.202819e+00 1.590441e+00 1.627428e+00 2.394560e+00 8.449681e-01 0.000000e+00 0.000000e+00 8.749731e-01 1.028480e+00 1.000887e+00 1.114850e+00 1.236454e+00 8.602388e-01 8.671198e-01 8.754938e-01 8.845644e-01 8.969133e-01 1.415596e+00 1.377980e+00 9.171261e-01 1.081715e+00 1.087308e+00 1.331077e+00 9.525785e-01 1.278810e+00
8.008619e-01 9.348026e-01 1.043929e+00 2.599533e+00 2.599533e+00 2.599533e+00 2.599533e+00 1.461786e+00 1.135820e+00 1.279259e+00 1.230262e+00 1.176093e+00 1.301914e+00 1.438026e+00 1.548462e+00 1.473446e+00 1.485164e+00 1.495944e+00 1.506575e+00 1.516450e+00 8.153228e-01 1.456287e+00 1.569444e+00 1.464305e+00 1.414094e+00 1.430873e+00 1.658083e+00 3.124334e+00 1.633129e+00 1.648376e+00 2.429975e+00 0.000000e+00 0.000000e+00 8.450614e-01 1.017799e+00 1.139631e+00 1.111852e+00 1.205471e+00 1.309402e+00 8.552001e-01 8.605990e-01 8.692109e-01 8.779814e-01 8.885323e-01 1.444982e+00 1.418148e+00 1.064950e+00 1.185243e+00 1.190600e+00 1.408089e+00 1.086079e+00 1.325980e+00
1.011512e+00 1.095000e+00 1.175301e+00 1.265734e+00 1.338548e+00 1.384944e+00 1.429247e+00 2.599533e+00 2.599533e+00 2.599533e+00 2.599533e+00 2.599533e+00 2.599533e+00 2.599533e+00 2.599533e+00 2.599533e+00 2.599533e+00 1.572021e+00 1.568025e+00 1.565991e+00 1.560886e+00 9.411773e-01 1.505472e+00 1.511949e+00 1.485037e+00 1.509382e+00 1.469485e+00 3.031535e+00 1.663949e+00 1.663511e+00 0.000000e+00 0.000000e+00 8.385179e-01 8.424445e-01 1.125186e+00 1.229031e+00 1.203250e+00 1.284160e+00 1.374365e+00 8.535567e-01 8.571138e-01 8.647404e-01 8.724750e-01 8.818883e-01 8.935342e-01 9.053387e-01 1.191073e+00 1.285387e+00 1.283039e+00 1.472739e+00 1.180605e+00 1.396469e+00
9.019667e-01 9.988821e-01 1.090062e+00 2.190119e+00 2.194415e+00 2.186599e+00 2.174428e+00 2.165245e+00 2.161461e+00 2.162816e+00 2.168280e+00 2.177139e+00 2.189698e+00 2.205490e+00 2.222443e+00 2.236208e+00 2.237906e+00 2.599533e+00 2.599533e+00 1.633579e+00 1.618995e+00 1.597948e+00 1.535253e+00 1.567499e+00 1.553787e+00 1.578286e+00 1.543483e+00 2.360918e+00 1.684047e+00 0.000000e+00 0.000000e+00 8.389365e-01 8.369626e-01 8.408286e-01 1.213921e+00 1.304153e+00 1.279837e+00 1.350060e+00 8.496832e-01 8.495910e-01 8.523368e-01 8.596579e-01 8.675492e-01 8.758844e-01 8.858665e-01 8.982064e-01 9.094978e-01 1.369573e+00 1.364756e+00 1.532279e+00 1.268326e+00 1.463928e+00
1.588397e+00 2.744929e+00 2.733526e+00 1.620455e+00 1.602546e+00 1.580292e+00 1.562937e+00 1.550323e+00 1.530617e+00 1.522740e+00 1.519956e+00 1.310102e+00 1.272524e+00 1.282955e+00 1.296414e+00 1.311442e+00 1.490290e+00 1.617069e+00 1.732060e+00 2.599533e+00 2.599533e+00 2.599533e+00 2.599533e+00 1.582737e+00 1.624904e+00 1.636549e+00 1.598931e+00 2.308122e+00 0.000000e+00 0.000000e+00 8.453918e-01 9.781954e-01 8.360892e-01 8.401392e-01 1.290098e+00 1.368295e+00 1.344310e+00 1.404234e+00 8.440469e-01 8.436073e-01 8.459054e-01 8.530750e-01 8.625130e-01 8.713591e-01 8.778472e-01 8.859727e-01 8.981565e-01 1.434295e+00 1.435678e+00 1.589687e+00 1.360839e+00 1.535022e+00
2.765409e+00 1.658723e+00 1.641047e+00 1.623925e+00 1.605471e+00 1.586011e+00 1.568260e+00 1.533691e+00 1.518075e+00 1.506675e+00 1.502746e+00 1.417204e+00 1.419696e+00 1.424205e+00 1.431291e+00 1.307918e+00 1.278522e+00 2.368929e+00 2.480345e+00 2.582212e+00 2.599533e+00 2.485680e+00 2.599533e+00 2.599533e+00 1.666231e+00 1.711523e+00 1.652742e+00 8.119513e-01 0.000000e+00 8.141936e-01 9.912322e-01 1.087376e+00 8.338495e-01 9.778890e-01 1.355074e+00 1.423667e+00 1.399913e+00 1.450006e+00 8.397143e-01 8.393649e-01 8.418780e-01 8.482060e-01 8.577819e-01 8.684044e-01 8.738567e-01 8.777827e-01 8.871054e-01 8.987347e-01 1.486695e+00 1.627180e+00 1.435158e+00 1.591176e+00
1.679975e+00 1.666371e+00 1.652323e+00 1.640163e+00 1.627091e+00 1.610253e+00 1.559625e+00 1.540052e+00 1.521742e+00 1.510050e+00 1.382599e+00 1.379722e+00 1.377447e+00 1.376743e+00 1.488939e+00 1.416420e+00 2.621411e+00 1.517262e+00 1.244193e+00 1.235376e+00 1.249258e+00 0.000000e+00 0.000000e+00 0.000000e+00 2.599533e+00 1.847152e+00 1.747253e+00 0.000000e+00 0.000000e+00 9.767451e-01 1.002518e+00 1.182455e+00 8.309463e-01 1.080215e+00 1.409592e+00 1.471426e+00 1.448359e+00 8.387064e-01 8.363024e-01 8.356911e-01 8.392410e-01 8.457524e-01 8.544995e-01 8.660051e-01 8.724779e-01 8.738798e-01 8.781058e-01 8.856090e-01 1.517099e+00 1.640240e+00 1.484213e+00 1.625331e+00
1.683132e+00 1.674143e+00 1.665117e+00 1.658404e+00 1.650086e+00 1.585771e+00 1.566686e+00 1.547092e+00 1.530955e+00 1.355594e+00 1.348113e+00 1.342035e+00 1.337425e+00 1.482549e+00 1.375693e+00 2.401701e+00 1.504897e+00 1.374653e+00 1.328134e+00 1.335113e+00 1.262782e+00 1.173992e+00 1.212872e+00 0.000000e+00 0.000000e+00 0.000000e+00 2.376885e+00 0.000000e+00 8.503592e-01 1.128508e+00 1.131770e+00 1.126891e+00 9.789981e-01 1.173438e+00 1.459129e+00 1.511456e+00 1.488633e+00 8.363302e-01 8.341623e-01 8.322343e-01 8.351086e-01 8.424697e-01 8.516705e-01 8.635850e-01 8.711408e-01 8.728032e-01 8.748183e-01 1.031061e+00 1.538597e+00 1.640885e+00 1.520712e+00 1.641892e+00
1.688701e+00 1.684255e+00 1.679825e+00 1.676298e+00 1.599635e+00 1.585981e+00 1.568233e+00 1.553335e+00 1.331964e+00 1.321075e+00 1.309954e+00 1.302302e+00 1.488256e+00 1.344707e+00 2.480954e+00 1.518437e+00 1.332817e+00 1.268904e+00 1.263687e+00 1.411983e+00 1.264913e+00 1.105638e+00 1.119035e+00 1.165979e+00 1.190444e+00 0.000000e+00 0.000000e+00 0.000000e+00 2.461668e+00 1.028971e+00 1.339100e+00 1.245801e+00 1.114709e+00 1.270528e+00 1.508231e+00 1.544766e+00 1.520634e+00 8.330123e-01 8.323530e-01 8.300907e-01 8.312702e-01 8.380466e-01 8.481528e-01 8.612276e-01 8.699529e-01 8.732488e-01 8.755755e-01 1.145428e+00 1.555632e+00 1.634332e+00 1.548464e+00 1.643604e+00
1.692341e+00 1.692540e+00 1.690176e+00 1.592529e+00 1.585939e+00 1.572653e+00 1.558244e+00 1.290312e+00 1.286444e+00 1.275547e+00 1.264848e+00 1.496125e+00 1.315073e+00 2.611884e+00 1.548660e+00 1.297491e+00 1.222792e+00 1.213090e+00 1.385554e+00 1.200005e+00 1.199209e+00 1.200175e+00 1.054997e+00 1.075435e+00 1.114492e+00 1.428330e+00 0.000000e+00 0.000000e+00 0.000000e+00 0.000000e+00 1.480597e+00 1.368290e+00 1.101758e+00 1.353924e+00 1.550918e+00 1.573883e+00 1.548524e+00 8.303386e-01 8.289886e-01 8.276906e-01 8.283246e-01 8.332098e-01 8.421775e-01 8.548983e-01 8.641710e-01 8.692037e-01 8.729890e-01 1.238781e+00 1.568586e+00 1.622335e+00 1.563152e+00 1.630560e+00
1.695133e+00 1.696547e+00 1.574644e+00 1.569381e+00 1.559950e+00 1.547353e+00 1.221680e+00 1.223406e+00 1.222368e+00 1.216764e+00 1.499872e+00 1.278787e+00 2.854365e+00 1.588752e+00 1.258440e+00 1.174555e+00 1.166358e+00 1.367628e+00 1.143441e+00 1.138521e+00 1.134945e+00 1.129101e+00 1.130203e+00 1.011402e+00 1.025229e+00 0.000000e+00 0.000000e+00 9.124969e-01 1.012598e+00 0.000000e+00 0.000000e+00 0.000000e+00 1.202162e+00 1.231095e+00 1.582468e+00 1.599598e+00 1.574499e+00 8.292995e-01 8.255539e-01 8.249151e-01 8.257138e-01 8.289200e-01 8.353504e-01 8.455499e-01 8.542322e-01 8.607357e-01 8.667101e-01 1.315397e+00 1.579250e+00 1.609749e+00 1.565698e+00 1.606243e+00
