tests/data/reference/test_implicit_stream_rill_mfda/control/cinfil_m3.asc
ncols	123
nrows	77
xllcorner	-713746.79929998
yllcorner	-1061022.36961616
cellsize	10.0
NODATA_value	-9999
[rows 23 to 45 of 77, columns 0 to 51 of 123]
-9.999000e+03 -9.999000e+03 -9.999000e+03 -9.999000e+03 -9.999000e+03 -9.999000e+03 -9.999000e+03 -9.999000e+03 -9.999000e+03 -9.999000e+03 -9.999000e+03 -9.999000e+03 -9.999000e+03 -9.999000e+03 1.006244e+00 1.399425e+00 1.483489e+00 1.148224e+00 9.746948e-01 1.188976e+00 1.004986e+00 0.000000e+00 1.095724e+00 1.513556e+00 1.451421e+00 1.574509e+00 1.753612e+00 1.492983e+00 1.279667e+00 1.718801e+00 8.506092e-01 9.860956e-01 1.089550e+00 1.392794e+00 1.728471e+00 1.514395e+00 2.060084e+00 8.337085e-01 1.660802e+00 1.468525e+00 1.459420e+00 1.440843e+00 1.464209e+00 1.432129e+00 1.431184e+00 1.394529e+00 1.412893e+00 1.494588e+00 1.318996e+00 1.137796e+00 1.051653e+00 8.128632e-01
-9.999000e+03 -9.999000e+03 -9.999000e+03 -9.999000e+03 -9.999000e+03 -9.999000e+03 -9.999000e+03 -9.999000e+03 -9.999000e+03 -9.999000e+03 -9.999000e+03 -9.999000e+03 -9.999000e+03 -9.999000e+03 1.379855e+00 2.147063e+00 1.689176e+00 1.069717e+00 9.837540e-01 8.999813e-01 0.000000e+00 0.000000e+00 8.264833e-01 1.007236e+00 1.531722e+00 1.657986e+00 1.802013e+00 1.545259e+00 1.176870e+00 7.938447e-01 1.663571e+00 9.871879e-01 1.091926e+00 1.180274e+00 1.825610e+00 1.519068e+00 2.092309e+00 8.310976e-01 1.706794e+00 1.482206e+00 1.479002e+00 1.466570e+00 1.477339e+00 1.456028e+00 1.453959e+00 1.426604e+00 1.437417e+00 1.489709e+00 1.360996e+00 1.207837e+00 8.119444e-01 1.128734e+00
-9.999000e+03 -9.999000e+03 -9.999000e+03 -9.999000e+03 -9.999000e+03 -9.999000e+03 -9.999000e+03 -9.999000e+03 -9.999000e+03 -9.999000e+03 -9.999000e+03 -9.999000e+03 -9.999000e+03 -9.999000e+03 2.311219e+00 1.227923e+00 9.478898e-01 9.488583e-01 9.552538e-01 9.655106e-01 0.000000e+00 1.142304e+00 1.289381e+00 9.717266e-01 1.039957e+00 1.552527e+00 1.881463e+00 1.576149e+00 1.243163e+00 7.889968e-01 9.247667e-01 1.381085e+00 9.885909e-01 1.189433e+00 1.264902e+00 1.923173e+00 8.400418e-01 2.108057e+00 9.688617e-01 1.779678e+00 1.496083e+00 1.487243e+00 1.491731e+00 1.477348e+00 1.474248e+00 1.452846e+00 1.457081e+00 1.487026e+00 1.393777e+00 1.263483e+00 9.379815e-01 8.025128e-01
-9.999000e+03 -9.999000e+03 -9.999000e+03 -9.999000e+03 -9.999000e+03 -9.999000e+03 -9.999000e+03 -9.999000e+03 -9.999000e+03 -9.999000e+03 -9.999000e+03 -9.999000e+03 9.097926e-01 9.749700e-01 1.651448e+00 1.120828e+00 9.435693e-01 1.125531e+00 1.004364e+00 0.000000e+00 1.475563e+00 1.419693e+00 1.218020e+00 1.334498e+00 1.078817e+00 1.114441e+00 1.973191e+00 1.607811e+00 1.310663e+00 9.336793e-01 7.939515e-01 1.032687e+00 1.406311e+00 1.105872e+00 1.135345e+00 1.327757e+00 1.997837e+00 9.731652e-01 2.110759e+00 1.075572e+00 1.857049e+00 1.505090e+00 1.507324e+00 1.497228e+00 1.492026e+00 1.473000e+00 1.470772e+00 1.484997e+00 1.418723e+00 1.308889e+00 1.032579e+00 7.987023e-01
-9.999000e+03 -9.999000e+03 -9.999000e+03 -9.999000e+03 -9.999000e+03 -9.999000e+03 -9.999000e+03 -9.999000e+03 -9.999000e+03 -9.999000e+03 -9.999000e+03 -9.999000e+03 -9.999000e+03 9.176390e-01 1.137410e+00 1.121629e+00 1.064743e+00 1.034003e+00 0.000000e+00 1.605031e+00 1.444275e+00 1.436419e+00 1.592045e+00 1.697147e+00 1.797524e+00 1.884075e+00 1.963853e+00 2.088849e+00 1.641118e+00 1.377874e+00 1.048971e+00 9.397242e-01 1.137438e+00 1.448585e+00 1.200545e+00 1.209485e+00 1.195491e+00 1.722262e+00 1.077083e+00 2.083191e+00 1.928670e+00 1.521191e+00 1.523680e+00 1.515547e+00 1.506799e+00 1.486623e+00 1.477807e+00 1.481960e+00 1.436434e+00 1.346204e+00 1.110201e+00 9.258728e-01
-9.999000e+03 -9.999000e+03 -9.999000e+03 -9.999000e+03 -9.999000e+03 -9.999000e+03 -9.999000e+03 -9.999000e+03 -9.999000e+03 -9.999000e+03 -9.999000e+03 -9.999000e+03 -9.999000e+03 -9.999000e+03 -9.999000e+03 1.002518e+00 1.128222e+00 0.000000e+00 0.000000e+00 1.248141e+00 1.335873e+00 1.452393e+00 1.547769e+00 1.621180e+00 1.674200e+00 1.706263e+00 1.726842e+00 2.073066e+00 2.266594e+00 1.651903e+00 1.438105e+00 1.160847e+00 1.076156e+00 1.242779e+00 1.483650e+00 1.257899e+00 1.267481e+00 1.268080e+00 1.812680e+00 1.039240e+00 2.131035e+00 1.532626e+00 1.532958e+00 1.524737e+00 1.513256e+00 1.492946e+00 1.480820e+00 1.480017e+00 1.450259e+00 1.378060e+00 1.177135e+00 1.024597e+00
-9.999000e+03 -9.999000e+03 -9.999000e+03 -9.999000e+03 -9.999000e+03 -9.999000e+03 -9.999000e+03 -9.999000e+03 -9.999000e+03 -9.999000e+03 -9.999000e+03 -9.999000e+03 -9.999000e+03 -9.999000e+03 -9.999000e+03 -9.999000e+03 1.044969e+00 0.000000e+00 1.212303e+00 1.283013e+00 1.384043e+00 1.472962e+00 1.535461e+00 1.568040e+00 1.575673e+00 1.560309e+00 1.539856e+00 1.532325e+00 1.528990e+00 2.363499e+00 2.450652e+00 2.535777e+00 1.270315e+00 1.190837e+00 1.319867e+00 1.503588e+00 1.551978e+00 1.627123e+00 1.339092e+00 1.891252e+00 1.125349e+00 1.569618e+00 1.531574e+00 1.521918e+00 1.510105e+00 1.492432e+00 1.481334e+00 1.479877e+00 1.461811e+00 1.405740e+00 1.236966e+00 1.109639e+00
-9.999000e+03 -9.999000e+03 -9.999000e+03 -9.999000e+03 -9.999000e+03 -9.999000e+03 -9.999000e+03 -9.999000e+03 -9.999000e+03 -9.999000e+03 -9.999000e+03 -9.999000e+03 -9.999000e+03 -9.999000e+03 -9.999000e+03 -9.999000e+03 0.000000e+00 1.499157e+00 1.335665e+00 1.330797e+00 1.359555e+00 2.239347e+00 2.319115e+00 2.372928e+00 2.425636e+00 2.471656e+00 2.514785e+00 2.545419e+00 2.545419e+00 2.545419e+00 2.545419e+00 2.545419e+00 2.545419e+00 2.545419e+00 2.545419e+00 2.545419e+00 2.545419e+00 2.545419e+00 2.545419e+00 2.545419e+00 2.545419e+00 2.545419e+00 1.534867e+00 1.326080e+00 1.309918e+00 1.505089e+00 1.492944e+00 1.489292e+00 1.476568e+00 1.433723e+00 1.295372e+00 1.190170e+00
-9.999000e+03 -9.999000e+03 -9.999000e+03 -9.999000e+03 -9.999000e+03 -9.999000e+03 -9.999000e+03 -9.999000e+03 -9.999000e+03 -9.999000e+03 -9.999000e+03 -9.999000e+03 -9.999000e+03 -9.999000e+03 -9.999000e+03 0.000000e+00 1.532310e+00 1.379850e+00 2.265973e+00 1.971277e+00 2.131409e+00 1.386499e+00 1.536030e+00 1.648050e+00 1.732470e+00 1.827870e+00 1.910613e+00 1.988881e+00 2.058385e+00 2.114400e+00 2.172631e+00 2.240786e+00 2.318588e+00 2.410009e+00 2.495537e+00 2.538044e+00 2.545419e+00 2.545419e+00 2.545419e+00 2.432276e+00 2.326304e+00 2.545419e+00 2.545419e+00 2.545419e+00 2.545419e+00 1.384135e+00 1.406926e+00 1.513826e+00 1.498039e+00 1.465322e+00 1.357079e+00 1.272734e+00
-9.999000e+03 -9.999000e+03 -9.999000e+03 -9.999000e+03 -9.999000e+03 -9.999000e+03 -9.999000e+03 -9.999000e+03 -9.999000e+03 -9.999000e+03 -9.999000e+03 -9.999000e+03 -9.999000e+03 -9.999000e+03 0.000000e+00 0.000000e+00 2.196764e+00 2.198321e+00 1.512727e+00 2.425887e+00 1.308721e+00 1.317081e+00 1.324981e+00 1.374729e+00 1.486674e+00 1.313379e+00 1.320604e+00 1.479067e+00 1.475708e+00 1.291420e+00 1.346460e+00 1.643484e+00 1.774431e+00 1.900335e+00 2.006468e+00 2.087708e+00 1.046612e+00 1.088513e+00 1.252644e+00 1.206086e+00 1.165647e+00 1.162403e+00 1.340907e+00 1.459193e+00 1.572008e+00 2.545419e+00 2.545419e+00 2.545419e+00 1.339389e+00 1.407783e+00 1.438393e+00 1.368678e+00
-9.999000e+03 -9.999000e+03 -9.999000e+03 -9.999000e+03 -9.999000e+03 -9.999000e+03 -9.999000e+03 -9.999000e+03 -9.999000e+03 -9.999000e+03 -9.999000e+03 -9.999000e+03 -9.999000e+03 -9.999000e+03 0.000000e+00 2.356918e+00 1.611534e+00 1.482866e+00 2.489555e+00 1.414019e+00 1.450829e+00 1.481513e+00 1.321367e+00 1.488866e+00 1.469846e+00 1.507880e+00 1.483525e+00 1.466674e+00 1.589419e+00 1.696494e+00 1.794896e+00 1.389511e+00 1.455067e+00 1.479933e+00 1.798532e+00 1.018245e+00 1.121042e+00 1.413821e+00 1.358491e+00 1.299438e+00 1.283757e+00 1.194582e+00 1.105804e+00 1.103749e+00 1.134351e+00 1.262407e+00 1.369197e+00 1.471150e+00 2.545419e+00 2.545419e+00 2.545419e+00 1.373552e+00
-9.999000e+03 -9.999000e+03 -9.999000e+03 -9.999000e+03 -9.999000e+03 -9.999000e+03 -9.999000e+03 -9.999000e+03 -9.999000e+03 -9.999000e+03 -9.999000e+03 -9.999000e+03 -9.999000e+03 0.000000e+00 2.171099e+00 1.631581e+00 1.486167e+00 2.502885e+00 1.342326e+00 1.395565e+00 1.452686e+00 1.476828e+00 1.487965e+00 1.459479e+00 1.522451e+00 1.484632e+00 1.476597e+00 1.459615e+00 1.448741e+00 1.397122e+00 1.325473e+00 1.406644e+00 1.442326e+00 1.707608e+00 8.611629e-01 9.999585e-01 1.377182e+00 1.312468e+00 1.249434e+00 1.236126e+00 1.359289e+00 1.210183e+00 1.200435e+00 1.048285e+00 1.047044e+00 9.939499e-01 1.019152e+00 1.022286e+00 1.036465e+00 1.203310e+00 1.365235e+00 2.545419e+00
-9.999000e+03 -9.999000e+03 -9.999000e+03 -9.999000e+03 -9.999000e+03 -9.999000e+03 -9.999000e+03 -9.999000e+03 -9.999000e+03 -9.999000e+03 -9.999000e+03 -9.999000e+03 0.000000e+00 0.000000e+00 1.642046e+00 1.522561e+00 2.509477e+00 1.270475e+00 1.331147e+00 1.406149e+00 1.445137e+00 1.470969e+00 1.437579e+00 1.556636e+00 1.486040e+00 1.482098e+00 1.473543e+00 1.459918e+00 1.372988e+00 1.268887e+00 1.366804e+00 1.419378e+00 1.618227e+00 1.105810e+00 8.576089e-01 1.344502e+00 1.259400e+00 1.185678e+00 1.174693e+00 1.339481e+00 1.150832e+00 1.141661e+00 1.136519e+00 1.135547e+00 1.051511e+00 9.328833e-01 9.294676e-01 9.263969e-01 9.526017e-01 9.716682e-01 1.300947e+00 1.400017e+00
-9.999000e+03 -9.999000e+03 -9.999000e+03 -9.999000e+03 -9.999000e+03 -9.999000e+03 -9.999000e+03 -9.999000e+03 -9.999000e+03 -9.999000e+03 -9.999000e+03 -9.999000e+03 0.000000e+00 1.695331e+00 1.584345e+00 2.503906e+00 1.186669e+00 1.262073e+00 1.359906e+00 1.409060e+00 1.440786e+00 1.387817e+00 1.595355e+00 1.480067e+00 1.481629e+00 1.481216e+00 1.477614e+00 1.351289e+00 1.213955e+00 1.338855e+00 1.412351e+00 1.534470e+00 8.542827e-01 9.994098e-01 1.310408e+00 1.200452e+00 1.113838e+00 1.108259e+00 1.322660e+00 1.088839e+00 1.077509e+00 1.066473e+00 1.061678e+00 9.586415e-01 9.566988e-01 9.521086e-01 9.475794e-01 8.484600e-01 8.511286e-01 1.218390e+00 9.816327e-01 9.978588e-01
-9.999000e+03 -9.999000e+03 -9.999000e+03 -9.999000e+03 -9.999000e+03 -9.999000e+03 -9.999000e+03 -9.999000e+03 -9.999000e+03 -9.999000e+03 -9.999000e+03 0.000000e+00 1.964132e+00 1.664564e+00 2.502988e+00 1.077741e+00 1.182423e+00 1.315812e+00 1.382414e+00 1.421098e+00 1.321841e+00 1.643178e+00 1.460716e+00 1.469540e+00 1.477763e+00 1.483222e+00 1.318452e+00 1.147354e+00 1.304793e+00 1.408294e+00 1.301646e+00 1.413596e+00 8.700086e-01 1.274566e+00 1.124570e+00 1.020446e+00 1.020148e+00 1.297808e+00 1.013700e+00 1.006603e+00 9.932253e-01 9.751762e-01 8.281344e-01 8.295314e-01 8.278972e-01 8.235440e-01 8.201562e-01 8.174580e-01 1.373285e+00 8.720479e-01 8.777101e-01 8.807698e-01
-9.999000e+03 -9.999000e+03 -9.999000e+03 -9.999000e+03 -9.999000e+03 -9.999000e+03 -9.999000e+03 -9.999000e+03 -9.999000e+03 -9.999000e+03 0.000000e+00 0.000000e+00 1.721747e+00 2.507783e+00 9.479076e-01 1.090835e+00 1.276331e+00 1.367352e+00 1.420527e+00 1.254527e+00 1.693851e+00 1.447497e+00 1.457327e+00 1.470289e+00 1.481473e+00 1.257090e+00 1.048230e+00 1.249147e+00 1.382562e+00 1.258076e+00 1.256532e+00 1.251408e+00 1.242866e+00 1.028078e+00 8.761333e-01 8.867355e-01 1.249575e+00 8.929144e-01 8.915846e-01 8.878633e-01 8.705155e-01 8.442369e-01 9.732507e-01 1.078967e+00 1.163604e+00 1.231105e+00 1.287868e+00 1.336446e+00 8.272825e-01 8.347707e-01 8.349763e-01 7.615281e-01
-9.999000e+03 -9.999000e+03 -9.999000e+03 -9.999000e+03 -9.999000e+03 -9.999000e+03 -9.999000e+03 -9.999000e+03 -9.999000e+03 -9.999000e+03 0.000000e+00 1.789763e+00 2.481053e+00 1.144061e+00 9.745349e-01 1.239117e+00 1.363823e+00 1.440031e+00 1.180001e+00 1.729922e+00 1.446653e+00 1.452637e+00 1.465820e+00 1.477034e+00 1.177390e+00 9.016260e-01 1.168363e+00 1.335069e+00 1.177629e+00 1.190733e+00 1.193618e+00 1.191702e+00 9.110864e-01 8.870400e-01 1.031186e+00 1.159445e+00 9.055236e-01 1.066502e+00 1.178846e+00 1.256484e+00 8.738354e-01 8.464368e-01 9.770151e-01 1.085414e+00 1.173205e+00 1.243580e+00 1.300363e+00 1.346405e+00 1.388780e+00 1.430921e+00 1.463293e+00 1.480827e+00
-9.999000e+03 -9.999000e+03 -9.999000e+03 -9.999000e+03 -9.999000e+03 -9.999000e+03 -9.999000e+03 -9.999000e+03 -9.999000e+03 0.000000e+00 2.030202e+00 2.444434e+00 1.284403e+00 9.838246e-01 1.156178e+00 1.345508e+00 1.466866e+00 1.093650e+00 1.743660e+00 1.466665e+00 1.461640e+00 1.469337e+00 1.472137e+00 1.063916e+00 9.066787e-01 1.061309e+00 1.270140e+00 1.067198e+00 1.078025e+00 1.097136e+00 1.100677e+00 9.283381e-01 1.067008e+00 1.152372e+00 1.227571e+00 1.304688e+00 1.373470e+00 1.431391e+00 8.930915e-01 8.758033e-01 1.279684e+00 9.852496e-01 1.084280e+00 1.176408e+00 1.255063e+00 1.318742e+00 1.366860e+00 1.400010e+00 1.427392e+00 1.452770e+00 1.474816e+00 1.492710e+00
-9.999000e+03 -9.999000e+03 -9.999000e+03 -9.999000e+03 -9.999000e+03 -9.999000e+03 -9.999000e+03 -9.999000e+03 -9.999000e+03 0.000000e+00 2.328129e+00 1.446801e+00 1.167901e+00 9.905953e-01 1.270937e+00 1.464921e+00 9.638025e-01 1.735015e+00 1.501647e+00 1.489771e+00 1.491208e+00 1.473167e+00 9.116494e-01 9.048861e-01 1.059964e+00 1.182883e+00 9.155049e-01 9.186640e-01 9.295957e-01 9.511228e-01 9.497556e-01 1.080489e+00 1.166654e+00 1.229813e+00 1.286326e+00 1.341468e+00 1.392255e+00 8.864436e-01 1.449588e+00 1.008394e+00 9.939187e-01 1.304207e+00 1.338091e+00 1.379955e+00 1.418834e+00 1.448597e+00 1.469194e+00 1.480692e+00 1.488033e+00 1.493203e+00 2.805070e+00 2.768265e+00
-9.999000e+03 -9.999000e+03 -9.999000e+03 -9.999000e+03 -9.999000e+03 -9.999000e+03 -9.999000e+03 -9.999000e+03 0.000000e+00 1.982329e+00 2.251014e+00 1.357167e+00 9.963519e-01 1.160135e+00 1.421771e+00 1.468792e+00 1.676152e+00 1.534124e+00 1.527707e+00 1.534385e+00 1.479359e+00 1.073133e+00 1.180387e+00 1.259254e+00 1.329314e+00 2.086671e+00 2.169038e+00 2.244960e+00 2.327276e+00 2.423197e+00 2.492001e+00 2.521647e+00 2.539889e+00 2.549243e+00 2.549100e+00 2.523219e+00 2.371972e+00 1.745107e+00 1.673605e+00 1.744317e+00 1.806915e+00 1.867883e+00 1.928230e+00 1.989328e+00 2.041838e+00 2.081722e+00 2.116699e+00 2.149984e+00 2.174409e+00 2.866693e+00 1.568897e+00 1.565647e+00
-9.999000e+03 -9.999000e+03 -9.999000e+03 -9.999000e+03 -9.999000e+03 -9.999000e+03 -9.999000e+03 0.000000e+00 0.000000e+00 2.209594e+00 1.129060e+00 1.255393e+00 9.896983e-01 1.362274e+00 1.421353e+00 1.503360e+00 1.525799e+00 1.546274e+00 1.594051e+00 1.489573e+00 9.214214e-01 9.159657e-01 1.065884e+00 1.927848e+00 2.000630e+00 1.338490e+00 1.180177e+00 1.274672e+00 1.356861e+00 1.434540e+00 1.476646e+00 1.479151e+00 1.468905e+00 1.456093e+00 1.449919e+00 1.454957e+00 1.469453e+00 1.490606e+00 1.503333e+00 1.502039e+00 1.500485e+00 1.504331e+00 1.509978e+00 1.516462e+00 1.519770e+00 1.517648e+00 1.519017e+00 1.527749e+00 3.240808e+00 1.577168e+00 1.574139e+00 1.569767e+00
-9.999000e+03 -9.999000e+03 -9.999000e+03 -9.999000e+03 -9.999000e+03 -9.999000e+03 -9.999000e+03 0.000000e+00 1.065982e+00 2.172365e+00 9.674553e-01 1.134104e+00 1.261729e+00 1.353847e+00 1.465363e+00 1.496546e+00 1.523078e+00 1.641312e+00 1.489020e+00 1.476545e+00 1.618700e+00 1.739838e+00 1.847851e+00 1.268614e+00 1.265355e+00 1.054742e+00 9.015708e-01 1.057480e+00 1.178467e+00 1.283375e+00 1.353568e+00 1.388475e+00 1.411396e+00 1.429473e+00 1.446324e+00 1.464454e+00 2.759607e+00 2.808188e+00 2.851466e+00 2.886764e+00 2.921423e+00 2.962201e+00 3.000492e+00 3.036306e+00 3.064967e+00 3.109575e+00 3.156941e+00 3.205586e+00 1.567546e+00 1.574976e+00 1.575921e+00 1.574992e+00
-9.999000e+03 -9.999000e+03 -9.999000e+03 -9.999000e+03 -9.999000e+03 -9.999000e+03 -9.999000e+03 1.088172e+00 2.139467e+00 1.376592e+00 9.854956e-01 1.139842e+00 1.252548e+00 1.404075e+00 1.448129e+00 1.491137e+00 1.687598e+00 1.451019e+00 1.469764e+00 1.463533e+00 1.454450e+00 1.452127e+00 1.174278e+00 1.180913e+00 9.078900e-01 8.987016e-01 1.049515e+00 1.167116e+00 1.262349e+00 1.341945e+00 1.399263e+00 1.433067e+00 1.455793e+00 2.619598e+00 2.666453e+00 2.710874e+00 1.529137e+00 1.515618e+00 1.502465e+00 1.490077e+00 1.483061e+00 1.486682e+00 1.487777e+00 1.617390e+00 1.728866e+00 1.833926e+00 1.518833e+00 1.532975e+00 1.548674e+00 1.565898e+00 1.577990e+00 1.578488e+00
