tests/data/reference/test_implicit_stream_rill_mfda/control/cinfil_m3.asc
ncols	123
nrows	77
xllcorner	-713746.79929998
yllcorner	-1061022.36961616
cellsize	10.0
NODATA_value	-9999
[rows 46 to 68 of 77, columns 52 to 103 of 123]
1.685147e+00 1.543261e+00 1.545854e+00 1.536742e+00 1.523603e+00 1.143772e+00 1.143173e+00 1.140988e+00 1.140252e+00 1.484483e+00 1.228012e+00 2.822223e+00 1.625094e+00 1.207106e+00 1.112245e+00 1.109916e+00 1.346609e+00 1.084788e+00 1.073255e+00 1.069233e+00 1.063148e+00 1.052827e+00 1.050186e+00 1.060783e+00 1.506112e+00 0.000000e+00 9.371503e-01 7.712894e-01 9.106957e-01 1.017104e+00 1.120447e+00 0.000000e+00 0.000000e+00 0.000000e+00 1.390497e+00 1.627224e+00 1.599767e+00 8.386419e-01 8.317895e-01 8.306236e-01 8.316029e-01 8.344142e-01 8.388106e-01 8.457603e-01 8.521426e-01 8.578290e-01 8.638704e-01 1.374376e+00 1.583007e+00 1.598881e+00 1.562760e+00 1.582740e+00
1.481905e+00 1.502500e+00 1.509695e+00 1.496297e+00 1.042374e+00 1.043121e+00 1.040889e+00 1.034771e+00 1.449653e+00 1.147535e+00 2.787518e+00 1.652879e+00 1.128690e+00 1.017167e+00 1.018575e+00 1.308815e+00 1.010328e+00 9.915191e-01 9.802570e-01 9.767627e-01 9.692429e-01 9.572152e-01 9.509398e-01 1.477334e+00 8.246128e-01 0.000000e+00 9.426367e-01 8.978049e-01 9.732259e-01 1.049473e+00 1.126481e+00 1.206704e+00 1.310022e+00 0.000000e+00 0.000000e+00 1.671666e+00 1.634728e+00 8.463119e-01 8.347927e-01 8.313552e-01 8.323278e-01 8.359705e-01 8.390540e-01 8.427036e-01 8.457106e-01 8.489016e-01 8.534942e-01 1.416362e+00 1.580586e+00 1.588475e+00 1.561479e+00 1.568384e+00
1.413842e+00 1.439002e+00 1.449545e+00 9.050921e-01 8.984017e-01 8.994670e-01 8.980381e-01 1.410030e+00 1.041763e+00 2.741074e+00 1.672152e+00 1.024185e+00 8.733220e-01 8.769383e-01 1.236368e+00 8.808690e-01 8.742975e-01 8.600122e-01 8.523346e-01 8.504454e-01 8.440230e-01 8.334611e-01 1.459720e+00 9.525770e-01 1.054205e+00 0.000000e+00 1.051737e+00 9.890292e-01 1.081629e+00 1.151953e+00 1.218666e+00 1.288759e+00 1.378537e+00 8.686341e-01 0.000000e+00 1.483405e+00 1.671701e+00 8.557454e-01 8.402522e-01 8.332328e-01 8.328773e-01 8.370040e-01 8.392899e-01 8.406201e-01 8.409304e-01 8.419373e-01 8.454185e-01 1.448748e+00 1.574173e+00 1.578305e+00 1.560165e+00 1.562464e+00
1.332499e+00 1.354601e+00 9.152613e-01 1.064618e+00 1.177616e+00 1.273413e+00 1.354414e+00 9.039011e-01 2.690465e+00 1.677857e+00 8.859593e-01 8.780884e-01 1.023853e+00 1.140974e+00 8.806917e-01 1.029976e+00 1.138597e+00 1.219568e+00 1.288965e+00 1.352711e+00 1.405100e+00 1.445490e+00 8.368239e-01 8.218197e-01 1.572637e+00 0.000000e+00 1.011480e+00 9.907640e-01 9.732206e-01 1.057627e+00 1.132297e+00 1.206204e+00 1.291056e+00 1.469757e+00 0.000000e+00 0.000000e+00 1.705153e+00 8.655600e-01 8.479831e-01 8.372790e-01 8.342285e-01 8.370971e-01 8.386696e-01 8.388497e-01 8.372329e-01 8.364247e-01 8.392168e-01 1.474080e+00 1.565341e+00 1.568168e+00 1.559839e+00 1.565042e+00
1.240770e+00 2.213059e+00 2.296663e+00 2.371214e+00 2.438672e+00 2.500825e+00 2.560256e+00 2.630984e+00 1.669684e+00 8.943578e-01 1.038739e+00 1.146658e+00 1.236623e+00 1.316743e+00 1.384836e+00 1.440951e+00 1.483912e+00 1.513486e+00 1.537416e+00 1.558936e+00 1.576739e+00 1.591359e+00 1.595440e+00 1.587408e+00 1.938467e+00 0.000000e+00 8.493028e-01 8.209281e-01 8.525877e-01 9.493995e-01 1.031882e+00 1.109368e+00 1.193557e+00 1.426140e+00 1.550876e+00 0.000000e+00 1.491263e+00 8.723538e-01 8.545340e-01 8.420420e-01 8.369955e-01 8.378533e-01 8.382446e-01 8.381310e-01 9.737869e-01 9.706419e-01 8.340858e-01 1.493963e+00 1.557655e+00 1.560530e+00 1.559872e+00 1.569645e+00
2.122642e+00 1.575429e+00 1.721666e+00 1.817276e+00 1.924609e+00 2.071681e+00 2.178865e+00 1.638750e+00 1.588952e+00 1.612502e+00 1.626704e+00 1.635815e+00 1.638863e+00 1.638565e+00 1.635771e+00 1.631098e+00 1.757706e+00 1.803418e+00 1.838716e+00 1.870382e+00 1.902257e+00 1.937259e+00 1.959540e+00 1.960804e+00 1.497159e+00 0.000000e+00 8.242692e-01 9.504138e-01 1.047073e+00 9.881915e-01 1.066792e+00 1.139670e+00 1.216728e+00 1.309029e+00 1.545972e+00 0.000000e+00 0.000000e+00 8.111462e-01 8.583187e-01 8.459010e-01 8.400766e-01 8.392474e-01 8.380533e-01 8.379390e-01 1.081916e+00 1.076711e+00 8.303398e-01 1.509264e+00 1.552763e+00 1.556444e+00 1.559605e+00 1.571933e+00
1.526076e+00 1.528544e+00 8.819149e-01 1.589824e+00 1.833693e+00 1.682603e+00 1.588932e+00 1.541632e+00 1.615518e+00 1.631216e+00 1.641362e+00 1.652816e+00 1.659327e+00 1.660547e+00 1.658404e+00 1.653434e+00 8.702463e-01 1.000261e+00 1.099021e+00 1.181589e+00 1.263427e+00 1.355070e+00 1.429031e+00 1.474808e+00 8.451867e-01 0.000000e+00 8.622566e-01 9.852802e-01 1.078663e+00 1.154452e+00 1.062155e+00 1.140951e+00 1.218098e+00 1.300256e+00 1.397671e+00 1.654089e+00 0.000000e+00 9.458169e-01 8.583066e-01 8.494179e-01 8.450087e-01 8.439749e-01 8.409653e-01 9.767237e-01 1.171273e+00 1.165081e+00 9.643430e-01 1.522022e+00 1.549685e+00 1.554395e+00 1.560519e+00 1.573270e+00
1.479856e+00 1.475601e+00 1.528308e+00 1.750010e+00 1.656518e+00 1.536224e+00 1.481637e+00 1.575948e+00 1.648138e+00 1.721569e+00 1.783875e+00 1.848022e+00 1.907051e+00 1.957905e+00 1.997896e+00 2.024008e+00 2.029672e+00 2.010466e+00 1.966218e+00 1.888516e+00 1.785150e+00 1.707393e+00 1.779779e+00 1.821180e+00 1.850592e+00 0.000000e+00 1.315214e+00 1.180259e+00 1.169874e+00 1.204603e+00 1.255234e+00 1.135630e+00 1.211411e+00 1.281827e+00 1.374074e+00 1.724997e+00 0.000000e+00 0.000000e+00 7.839586e-01 8.512782e-01 8.515277e-01 8.525563e-01 9.875183e-01 1.087428e+00 1.247484e+00 1.240099e+00 1.068924e+00 1.534053e+00 1.548543e+00 1.553627e+00 1.562892e+00 1.573998e+00
1.422630e+00 1.557461e+00 1.649344e+00 1.618499e+00 1.472558e+00 1.415933e+00 1.524810e+00 1.625022e+00 1.500858e+00 1.624268e+00 1.623544e+00 1.630739e+00 1.643981e+00 1.662658e+00 1.677263e+00 1.682557e+00 1.677551e+00 1.661353e+00 1.639469e+00 1.614837e+00 1.603262e+00 1.621427e+00 8.799274e-01 8.562744e-01 9.804131e-01 0.000000e+00 8.732123e-01 9.878590e-01 1.077170e+00 8.912168e-01 9.267497e-01 1.291341e+00 1.192924e+00 1.271252e+00 1.281058e+00 1.786433e+00 7.969863e-01 0.000000e+00 7.738795e-01 7.771746e-01 8.494375e-01 8.509683e-01 1.095771e+00 1.175435e+00 1.311558e+00 1.304177e+00 1.155884e+00 1.546730e+00 1.551670e+00 1.555322e+00 1.565377e+00 1.574836e+00
1.530283e+00 1.402261e+00 1.581783e+00 1.384848e+00 1.335226e+00 1.464817e+00 1.588026e+00 1.449188e+00 1.624307e+00 8.685152e-01 1.636723e+00 1.730275e+00 1.818603e+00 1.926702e+00 2.029352e+00 2.111804e+00 2.180600e+00 2.238596e+00 2.289727e+00 2.335497e+00 2.390077e+00 2.466395e+00 2.526678e+00 2.555111e+00 0.000000e+00 0.000000e+00 8.121867e-01 9.355580e-01 1.030022e+00 1.108742e+00 1.181561e+00 1.252955e+00 1.317315e+00 1.178737e+00 1.255357e+00 1.539574e+00 1.850925e+00 0.000000e+00 7.639401e-01 7.682825e-01 8.399283e-01 9.787688e-01 1.174200e+00 1.243604e+00 1.363922e+00 1.358945e+00 1.230722e+00 1.560691e+00 1.559778e+00 1.560114e+00 1.567621e+00 1.576034e+00
1.342068e+00 1.570038e+00 1.287827e+00 1.231017e+00 1.391685e+00 1.543737e+00 1.382215e+00 1.608920e+00 1.427283e+00 1.558181e+00 1.415708e+00 1.408840e+00 1.541919e+00 1.599452e+00 1.476144e+00 1.607740e+00 1.686163e+00 1.747317e+00 1.796834e+00 1.837165e+00 1.878221e+00 1.925951e+00 1.955094e+00 1.955142e+00 0.000000e+00 9.970766e-01 9.323597e-01 9.992816e-01 1.077261e+00 1.150841e+00 1.218350e+00 1.279522e+00 1.335016e+00 1.384592e+00 1.233763e+00 1.405697e+00 1.700277e+00 0.000000e+00 0.000000e+00 7.512473e-01 8.634192e-01 1.070788e+00 1.237320e+00 1.300866e+00 1.409059e+00 1.406487e+00 1.295463e+00 1.574484e+00 1.571745e+00 1.570089e+00 1.574619e+00 1.581804e+00
1.568299e+00 1.199250e+00 1.119908e+00 1.302850e+00 1.489136e+00 1.306665e+00 1.590581e+00 1.365537e+00 1.362916e+00 1.361746e+00 1.357146e+00 1.347889e+00 1.580932e+00 1.410042e+00 1.416716e+00 1.578861e+00 1.641833e+00 1.720407e+00 1.505227e+00 1.571908e+00 1.951274e+00 2.048685e+00 2.116539e+00 2.162003e+00 0.000000e+00 1.060530e+00 9.371987e-01 1.004953e+00 1.087313e+00 1.165416e+00 1.231863e+00 1.285772e+00 1.335224e+00 1.381758e+00 1.223968e+00 1.297562e+00 1.355433e+00 1.608616e+00 0.000000e+00 8.512164e-01 9.428005e-01 1.141474e+00 1.289778e+00 1.350739e+00 1.449310e+00 1.448979e+00 1.352173e+00 1.587143e+00 1.586604e+00 1.586350e+00 1.589376e+00 1.595337e+00
1.097508e+00 1.007378e+00 1.221794e+00 1.433101e+00 1.222078e+00 1.567868e+00 1.301114e+00 1.297403e+00 1.293724e+00 1.292626e+00 1.288160e+00 1.585124e+00 1.342844e+00 1.348923e+00 1.571731e+00 1.400624e+00 1.393456e+00 1.542120e+00 1.422626e+00 1.540764e+00 1.614663e+00 1.678161e+00 1.731740e+00 1.775437e+00 0.000000e+00 1.006124e+00 9.369571e-01 1.010772e+00 1.095911e+00 1.175071e+00 9.711197e-01 9.251685e-01 8.946760e-01 8.825046e-01 8.774395e-01 7.989793e-01 8.164275e-01 1.615844e+00 0.000000e+00 0.000000e+00 1.016720e+00 1.050557e+00 1.338516e+00 1.396082e+00 1.485450e+00 1.487625e+00 1.404070e+00 1.600299e+00 1.602023e+00 1.603295e+00 1.604642e+00 1.609398e+00
8.499200e-01 1.129837e+00 1.384406e+00 1.136694e+00 1.539910e+00 1.224845e+00 1.225997e+00 1.222522e+00 1.218111e+00 1.213797e+00 1.598465e+00 1.281199e+00 1.278955e+00 1.569236e+00 1.343537e+00 1.339131e+00 1.541598e+00 1.377821e+00 1.370164e+00 1.362977e+00 1.460581e+00 1.535677e+00 1.318163e+00 1.302301e+00 0.000000e+00 8.685261e-01 9.580012e-01 8.671035e-01 9.018052e-01 9.670393e-01 1.134793e+00 8.801828e-01 8.333744e-01 1.020145e+00 1.015023e+00 7.911787e-01 7.277389e-01 7.711044e-01 1.632843e+00 0.000000e+00 0.000000e+00 1.125605e+00 1.192710e+00 1.439602e+00 1.518695e+00 1.523318e+00 1.453481e+00 1.615053e+00 1.617257e+00 1.618164e+00 1.616730e+00 1.619748e+00
9.977842e-01 1.312024e+00 1.045124e+00 1.512399e+00 1.136879e+00 1.135693e+00 1.136255e+00 1.135723e+00 1.130718e+00 1.615326e+00 1.208913e+00 1.206770e+00 1.578978e+00 1.276247e+00 1.272111e+00 1.546549e+00 1.326041e+00 1.319190e+00 1.311391e+00 1.239720e+00 8.282335e-01 8.279400e-01 1.152990e+00 8.138554e-01 0.000000e+00 8.075730e-01 9.388088e-01 1.094434e+00 1.200371e+00 1.053673e+00 9.450049e-01 9.352755e-01 9.273103e-01 9.221479e-01 9.147443e-01 9.048455e-01 9.065829e-01 9.022455e-01 1.039430e+00 1.663703e+00 0.000000e+00 0.000000e+00 1.266853e+00 1.485985e+00 1.551270e+00 1.555550e+00 1.497308e+00 1.628069e+00 1.630245e+00 1.632221e+00 1.631506e+00 1.633600e+00
1.210225e+00 8.959877e-01 1.479600e+00 1.043222e+00 1.030812e+00 1.026376e+00 1.026669e+00 1.029895e+00 1.641457e+00 1.127520e+00 1.119454e+00 1.597137e+00 1.207479e+00 1.199798e+00 1.559947e+00 1.263452e+00 1.257598e+00 1.250512e+00 1.168667e+00 8.298537e-01 9.646094e-01 1.073801e+00 8.271218e-01 9.498741e-01 0.000000e+00 8.668041e-01 9.905780e-01 1.120978e+00 9.532496e-01 8.190256e-01 8.161914e-01 8.109545e-01 8.050898e-01 7.995494e-01 7.922809e-01 7.831543e-01 9.676770e-01 9.217087e-01 8.192472e-01 1.193487e+00 1.700655e+00 0.000000e+00 1.364766e+00 1.325116e+00 1.585985e+00 1.585107e+00 1.535019e+00 1.638006e+00 1.639465e+00 1.644722e+00 1.649569e+00 8.429283e-01
1.299916e+00 1.401941e+00 9.144317e-01 9.003594e-01 8.898344e-01 8.833734e-01 8.838124e-01 1.663427e+00 1.038003e+00 1.024386e+00 1.620041e+00 1.129245e+00 1.124860e+00 1.588884e+00 1.198451e+00 1.190405e+00 1.181748e+00 1.083005e+00 8.317321e-01 9.638668e-01 1.069243e+00 1.162787e+00 1.237512e+00 1.292942e+00 0.000000e+00 9.633185e-01 1.031671e+00 8.188088e-01 8.215541e-01 9.547105e-01 1.057552e+00 1.142077e+00 1.211504e+00 1.268423e+00 1.315265e+00 1.029118e+00 7.837728e-01 7.812953e-01 9.149030e-01 9.287829e-01 1.091307e+00 0.000000e+00 0.000000e+00 1.411425e+00 1.621273e+00 1.613682e+00 1.570737e+00 1.650873e+00 1.651954e+00 1.660490e+00 8.478804e-01 1.239316e+00
1.554404e+00 1.598267e+00 1.638719e+00 1.661216e+00 1.672256e+00 1.673059e+00 1.671669e+00 9.010690e-01 8.995348e-01 1.646990e+00 1.033824e+00 1.031565e+00 1.623396e+00 1.130655e+00 1.118229e+00 1.105806e+00 9.837848e-01 8.345897e-01 9.657731e-01 1.067786e+00 1.155512e+00 1.236467e+00 1.303935e+00 1.356275e+00 0.000000e+00 9.868276e-01 1.039145e+00 1.124199e+00 1.204385e+00 1.276605e+00 1.341632e+00 1.399661e+00 1.448037e+00 1.485651e+00 1.513558e+00 1.532497e+00 1.232653e+00 1.148598e+00 1.270232e+00 1.228497e+00 1.039056e+00 1.384596e+00 0.000000e+00 0.000000e+00 1.414193e+00 1.641740e+00 8.400723e-01 1.669635e+00 1.671327e+00 8.495955e-01 1.250774e+00 1.152431e+00
1.344161e+00 1.426272e+00 1.495005e+00 1.548085e+00 1.587207e+00 1.613082e+00 1.632869e+00 1.652136e+00 1.662468e+00 9.022645e-01 8.971189e-01 1.649915e+00 1.042818e+00 1.032948e+00 1.018055e+00 8.548464e-01 8.436212e-01 9.720003e-01 1.071104e+00 1.155429e+00 1.230506e+00 1.299856e+00 1.360333e+00 1.409809e+00 0.000000e+00 1.004878e+00 1.040686e+00 1.118176e+00 1.194214e+00 1.266776e+00 1.334042e+00 1.395866e+00 1.449714e+00 1.494088e+00 1.527404e+00 1.549320e+00 1.564425e+00 1.285034e+00 7.907012e-01 7.927034e-01 9.347156e-01 9.599414e-01 1.224109e+00 0.000000e+00 1.487231e+00 1.426406e+00 8.441346e-01 8.491784e-01 8.515624e-01 8.447455e-01 1.160395e+00 1.059606e+00
1.196427e+00 1.290976e+00 1.366985e+00 1.430668e+00 1.484780e+00 1.531550e+00 1.572122e+00 1.607710e+00 1.635363e+00 1.653816e+00 1.662976e+00 9.093705e-01 9.026741e-01 8.943872e-01 8.794042e-01 1.006045e+00 1.098177e+00 1.171509e+00 1.236471e+00 1.297139e+00 1.353735e+00 1.406157e+00 1.607356e+00 1.605277e+00 0.000000e+00 1.269755e+00 1.210449e+00 1.217086e+00 1.254482e+00 1.306557e+00 1.362901e+00 1.419250e+00 1.471889e+00 1.518605e+00 1.555658e+00 1.580991e+00 1.597747e+00 1.607005e+00 1.537053e+00 1.322207e+00 1.243195e+00 1.315224e+00 1.413962e+00 0.000000e+00 0.000000e+00 1.497158e+00 8.467424e-01 8.470599e-01 8.484613e-01 1.237832e+00 1.148730e+00 1.056749e+00
9.295249e-01 1.073039e+00 1.178420e+00 1.264999e+00 1.342588e+00 1.417319e+00 1.482970e+00 1.536052e+00 1.583280e+00 1.629781e+00 1.663231e+00 1.676483e+00 1.672433e+00 1.654419e+00 1.623982e+00 1.585892e+00 1.550107e+00 1.521138e+00 1.505363e+00 1.504378e+00 1.514545e+00 1.532970e+00 8.346743e-01 0.000000e+00 0.000000e+00 8.439255e-01 9.698260e-01 1.062158e+00 1.142268e+00 1.218174e+00 1.289712e+00 1.358741e+00 1.422306e+00 1.480174e+00 1.529831e+00 1.569141e+00 1.595839e+00 1.609696e+00 1.616086e+00 1.417854e+00 1.327404e+00 1.422543e+00 1.393764e+00 1.473761e+00 0.000000e+00 0.000000e+00 9.060913e-01 8.416217e-01 8.351335e-01 8.265851e-01 8.196789e-01 9.501148e-01
-9.999000e+03 -9.999000e+03 -9.999000e+03 -9.999000e+03 -9.999000e+03 -9.999000e+03 -9.999000e+03 9.049451e-01 9.110612e-01 9.290270e-01 9.374358e-01 9.299153e-01 1.072600e+00 1.166392e+00 1.237041e+00 1.293431e+00 1.338288e+00 1.372799e+00 1.406456e+00 1.442821e+00 1.479642e+00 1.517079e+00 1.543642e+00 0.000000e+00 1.025317e+00 9.570374e-01 1.018710e+00 1.084847e+00 1.149168e+00 1.213125e+00 1.276668e+00 1.341469e+00 1.404272e+00 1.464788e+00 1.520432e+00 1.568860e+00 1.602835e+00 1.619811e+00 1.627200e+00 1.627425e+00 1.349876e+00 1.300277e+00 1.377907e+00 1.374577e+00 1.474078e+00 0.000000e+00 0.000000e+00 7.674989e-01 8.212729e-01 8.159496e-01 8.133709e-01 8.138759e-01
-9.999000e+03 -9.999000e+03 -9.999000e+03 -9.999000e+03 -9.999000e+03 -9.999000e+03 -9.999000e+03 -9.999000e+03 -9.999000e+03 -9.999000e+03 1.091565e+00 1.086874e+00 9.098471e-01 8.853129e-01 1.019288e+00 1.123791e+00 1.204431e+00 1.265518e+00 1.322114e+00 1.379406e+00 1.432991e+00 1.482413e+00 1.516592e+00 0.000000e+00 1.024492e+00 9.594520e-01 1.022802e+00 1.087893e+00 1.149408e+00 1.058401e+00 1.293744e+00 1.354305e+00 1.411181e+00 1.470240e+00 1.527446e+00 1.579305e+00 1.619039e+00 1.642652e+00 1.653614e+00 1.653059e+00 1.645964e+00 1.307797e+00 1.250705e+00 1.556791e+00 1.388839e+00 1.503341e+00 0.000000e+00 0.000000e+00 8.148727e-01 8.080958e-01 -9.999000e+03 -9.999000e+03
