tests/data/reference/test_implicit_stream_rill_mfda/control/cinfil_m3.asc
ncols	123
nrows	77
xllcorner	-713746.79929998
yllcorner	-1061022.36961616
cellsize	10.0
NODATA_value	-9999
[rows 46 to 68 of 77, columns 0 to 51 of 123]
-9.999000e+03 -9.999000e+03 -9.999000e+03 -9.999000e+03 -9.999000e+03 -9.999000e+03 0.000000e+00 2.226295e+00 1.335101e+00 1.323937e+00 1.016284e+00 1.174014e+00 1.378310e+00 1.443561e+00 1.529011e+00 1.916868e+00 1.462115e+00 1.520008e+00 1.554769e+00 1.560332e+00 1.555929e+00 1.090769e+00 1.089769e+00 1.095612e+00 1.213757e+00 1.297368e+00 1.371296e+00 1.444104e+00 1.503970e+00 1.548565e+00 1.583889e+00 2.625075e+00 2.683105e+00 1.637246e+00 1.635338e+00 1.626191e+00 1.613511e+00 1.599614e+00 1.586289e+00 1.573593e+00 1.577326e+00 1.568948e+00 1.573819e+00 1.572456e+00 1.577309e+00 1.587815e+00 1.599197e+00 1.610731e+00 1.626243e+00 1.655080e+00 1.670860e+00 1.680247e+00
-9.999000e+03 -9.999000e+03 -9.999000e+03 -9.999000e+03 -9.999000e+03 -9.999000e+03 2.404579e+00 1.765845e+00 1.184333e+00 1.169530e+00 9.936487e-01 1.277298e+00 1.356027e+00 1.473704e+00 1.902864e+00 1.366597e+00 1.455703e+00 1.524029e+00 1.559449e+00 1.562721e+00 9.463720e-01 9.368506e-01 9.321743e-01 9.325639e-01 1.087121e+00 1.195486e+00 1.288294e+00 2.371499e+00 2.441715e+00 2.500523e+00 2.559474e+00 1.595532e+00 1.602299e+00 1.608358e+00 1.605633e+00 1.599964e+00 1.591414e+00 1.579807e+00 1.567314e+00 1.574520e+00 1.557200e+00 1.560619e+00 1.555864e+00 1.556578e+00 1.561103e+00 1.569919e+00 1.579510e+00 1.589251e+00 1.613509e+00 1.626831e+00 1.646779e+00 1.652088e+00
-9.999000e+03 -9.999000e+03 -9.999000e+03 -9.999000e+03 -9.999000e+03 0.000000e+00 1.818245e+00 1.634107e+00 1.005374e+00 1.000457e+00 1.167126e+00 1.280531e+00 1.447040e+00 1.882623e+00 1.256783e+00 1.356442e+00 1.441188e+00 1.508796e+00 1.545305e+00 1.550084e+00 1.692777e+00 1.806544e+00 1.904569e+00 2.044105e+00 2.140714e+00 2.220410e+00 2.293498e+00 1.500353e+00 1.515740e+00 1.532045e+00 1.542569e+00 1.555930e+00 1.572123e+00 1.576521e+00 1.576710e+00 1.574410e+00 1.567914e+00 1.556029e+00 1.571921e+00 1.549177e+00 1.555144e+00 1.546167e+00 1.544664e+00 1.545146e+00 1.547694e+00 1.552390e+00 1.559559e+00 1.587630e+00 1.591553e+00 1.605895e+00 1.608035e+00 1.393164e+00
-9.999000e+03 -9.999000e+03 -9.999000e+03 -9.999000e+03 0.000000e+00 1.957547e+00 1.310538e+00 1.483508e+00 1.021017e+00 1.032451e+00 1.197191e+00 1.441409e+00 1.858189e+00 1.148034e+00 1.264589e+00 1.352609e+00 1.423613e+00 1.487491e+00 1.524329e+00 1.515679e+00 1.495967e+00 1.476866e+00 1.790322e+00 1.281903e+00 1.346891e+00 1.398198e+00 1.430715e+00 1.446498e+00 1.472932e+00 1.484959e+00 1.497483e+00 1.523833e+00 1.537431e+00 1.544474e+00 1.547250e+00 1.546286e+00 1.539749e+00 1.567179e+00 1.536193e+00 1.547965e+00 1.536559e+00 1.535365e+00 1.535200e+00 1.534918e+00 1.534125e+00 1.534818e+00 1.566657e+00 1.564594e+00 1.576666e+00 1.566793e+00 1.299630e+00 1.313005e+00
-9.999000e+03 -9.999000e+03 -9.999000e+03 -9.999000e+03 0.000000e+00 1.505994e+00 1.181898e+00 1.308100e+00 1.226213e+00 1.054317e+00 1.416383e+00 1.811716e+00 1.007710e+00 1.158840e+00 1.266814e+00 1.343411e+00 1.408537e+00 1.472897e+00 1.486981e+00 1.469079e+00 1.444014e+00 1.741584e+00 1.186768e+00 1.259968e+00 1.317625e+00 1.357106e+00 1.370618e+00 1.399011e+00 1.412893e+00 1.427916e+00 1.458099e+00 1.474568e+00 1.487034e+00 1.496324e+00 1.501414e+00 1.501963e+00 1.553498e+00 1.516727e+00 1.536409e+00 1.519535e+00 1.518881e+00 1.521086e+00 1.522208e+00 1.520422e+00 1.517842e+00 1.555549e+00 1.540116e+00 1.550067e+00 1.533885e+00 1.207424e+00 1.212870e+00 1.225465e+00
-9.999000e+03 -9.999000e+03 -9.999000e+03 0.000000e+00 2.025126e+00 1.418703e+00 1.040675e+00 1.236935e+00 1.070005e+00 1.358414e+00 1.689646e+00 1.463857e+00 1.024753e+00 1.170054e+00 1.265461e+00 1.335809e+00 1.399928e+00 1.429258e+00 1.432320e+00 1.411663e+00 1.679847e+00 1.072318e+00 1.171033e+00 1.240566e+00 1.283090e+00 1.294290e+00 1.329115e+00 1.338034e+00 1.350243e+00 1.389435e+00 1.407464e+00 1.419859e+00 1.430079e+00 1.438045e+00 1.442727e+00 1.521034e+00 1.479254e+00 1.517709e+00 1.497168e+00 1.494613e+00 1.495673e+00 1.499920e+00 1.500948e+00 1.499301e+00 1.551107e+00 1.522333e+00 1.525831e+00 1.499801e+00 1.113867e+00 1.113873e+00 1.117815e+00 1.128057e+00
-9.999000e+03 -9.999000e+03 -9.999000e+03 0.000000e+00 1.539259e+00 1.243699e+00 1.083731e+00 1.116245e+00 1.290214e+00 1.283231e+00 1.612741e+00 1.439312e+00 1.050474e+00 1.184926e+00 1.269312e+00 1.339572e+00 1.352544e+00 1.363398e+00 1.366553e+00 1.613786e+00 9.439778e-01 1.081288e+00 1.176479e+00 1.229795e+00 1.229654e+00 1.271951e+00 1.278522e+00 1.285227e+00 1.329554e+00 1.348696e+00 1.362511e+00 1.373003e+00 1.379441e+00 1.381515e+00 1.487096e+00 1.425109e+00 1.483118e+00 1.460598e+00 1.464572e+00 1.463031e+00 1.462623e+00 1.464968e+00 1.466418e+00 1.540511e+00 1.501852e+00 1.504315e+00 1.466804e+00 1.004589e+00 1.004619e+00 1.005805e+00 1.009243e+00 2.038658e+00
-9.999000e+03 -9.999000e+03 0.000000e+00 1.211675e+00 1.270204e+00 1.262269e+00 1.153870e+00 1.181835e+00 1.159210e+00 1.195790e+00 1.619553e+00 1.419652e+00 1.094457e+00 1.207328e+00 1.285788e+00 1.283223e+00 1.276604e+00 1.275574e+00 1.420197e+00 1.404850e+00 9.815245e-01 1.118429e+00 1.194258e+00 1.181589e+00 1.230769e+00 1.227884e+00 1.229105e+00 1.281477e+00 1.293616e+00 1.305411e+00 1.317391e+00 1.325755e+00 1.326770e+00 1.465389e+00 1.373156e+00 1.449716e+00 1.407649e+00 1.417507e+00 1.425501e+00 1.423395e+00 1.418291e+00 1.417314e+00 1.517567e+00 1.465420e+00 1.472517e+00 1.429243e+00 8.706097e-01 8.659936e-01 8.653014e-01 8.681085e-01 1.957318e+00 1.474622e+00
-9.999000e+03 -9.999000e+03 3.342181e+00 1.307090e+00 1.086880e+00 1.148703e+00 1.211754e+00 1.151919e+00 1.376150e+00 1.771050e+00 1.183487e+00 1.352391e+00 1.139462e+00 1.237132e+00 1.205783e+00 1.196034e+00 1.180921e+00 1.172193e+00 1.193865e+00 1.336418e+00 1.037448e+00 1.165470e+00 1.133928e+00 1.208950e+00 1.192450e+00 1.177860e+00 1.242239e+00 1.242952e+00 1.242943e+00 1.248938e+00 1.257633e+00 1.264113e+00 1.453737e+00 1.326615e+00 1.432837e+00 1.362801e+00 1.364750e+00 1.373549e+00 1.379139e+00 1.374244e+00 1.366706e+00 1.493420e+00 1.414726e+00 1.422470e+00 1.374114e+00 1.369691e+00 1.423161e+00 1.467193e+00 1.754193e+00 1.867491e+00 1.420709e+00 1.422738e+00
-9.999000e+03 0.000000e+00 3.113458e+00 1.394146e+00 1.104924e+00 1.269246e+00 1.135897e+00 1.137117e+00 -9.999000e+03 -9.999000e+03 -9.999000e+03 1.187684e+00 1.162040e+00 1.087392e+00 1.059746e+00 1.058252e+00 1.046182e+00 1.026397e+00 1.046968e+00 1.132149e+00 1.155690e+00 1.075904e+00 1.193358e+00 1.167996e+00 1.138857e+00 1.218658e+00 1.200180e+00 1.184461e+00 1.176448e+00 1.175886e+00 1.179591e+00 1.438550e+00 1.274793e+00 1.424383e+00 1.321575e+00 1.317070e+00 1.318375e+00 1.322958e+00 1.321380e+00 1.313275e+00 1.475311e+00 1.362152e+00 1.364325e+00 1.305827e+00 1.304291e+00 1.463886e+00 1.551803e+00 1.643694e+00 1.552111e+00 1.358126e+00 1.360565e+00 1.357702e+00
-9.999000e+03 0.000000e+00 1.548433e+00 1.106587e+00 1.166128e+00 1.158254e+00 -9.999000e+03 -9.999000e+03 -9.999000e+03 -9.999000e+03 -9.999000e+03 -9.999000e+03 1.142181e+00 1.100853e+00 1.269589e+00 1.387125e+00 1.058317e+00 1.221019e+00 1.375698e+00 1.611775e+00 1.193371e+00 1.185047e+00 1.119551e+00 1.059400e+00 1.194416e+00 1.156240e+00 1.124285e+00 1.100759e+00 1.087667e+00 1.081879e+00 1.418262e+00 1.202035e+00 1.416378e+00 1.272057e+00 1.262127e+00 1.256436e+00 1.255549e+00 1.256798e+00 1.250989e+00 1.457271e+00 1.303519e+00 1.301318e+00 1.227491e+00 1.228097e+00 1.421823e+00 1.294509e+00 1.287840e+00 1.533682e+00 1.284988e+00 1.289683e+00 1.288966e+00 1.493382e+00
0.000000e+00 2.045278e+00 1.280961e+00 1.161905e+00 1.286657e+00 1.101320e+00 -9.999000e+03 -9.999000e+03 -9.999000e+03 -9.999000e+03 -9.999000e+03 -9.999000e+03 -9.999000e+03 -9.999000e+03 -9.999000e+03 1.051876e+00 1.432715e+00 1.034308e+00 1.051535e+00 1.079823e+00 1.658603e+00 -9.999000e+03 -9.999000e+03 1.119720e+00 1.058041e+00 1.026890e+00 9.970312e-01 9.707128e-01 9.584582e-01 1.405807e+00 1.110134e+00 1.404069e+00 1.213306e+00 1.197006e+00 1.184323e+00 1.176324e+00 1.172219e+00 1.172840e+00 1.442645e+00 1.240243e+00 1.229230e+00 1.136528e+00 1.136967e+00 1.371472e+00 1.225689e+00 1.217053e+00 1.516541e+00 1.206306e+00 1.206751e+00 1.210897e+00 1.460870e+00 1.272080e+00
0.000000e+00 1.175847e+00 1.194282e+00 1.195380e+00 1.096178e+00 -9.999000e+03 -9.999000e+03 -9.999000e+03 -9.999000e+03 -9.999000e+03 -9.999000e+03 -9.999000e+03 -9.999000e+03 -9.999000e+03 -9.999000e+03 -9.999000e+03 -9.999000e+03 -9.999000e+03 -9.999000e+03 -9.999000e+03 -9.999000e+03 -9.999000e+03 -9.999000e+03 1.136953e+00 1.072036e+00 1.051028e+00 1.201713e+00 1.291794e+00 1.373884e+00 9.944615e-01 1.393627e+00 1.142115e+00 1.124044e+00 1.099024e+00 1.083080e+00 1.074273e+00 1.068780e+00 1.419020e+00 1.173938e+00 1.153535e+00 1.028003e+00 1.027290e+00 1.310685e+00 1.142059e+00 1.139491e+00 1.503603e+00 1.126025e+00 1.122071e+00 1.122164e+00 1.426824e+00 1.212755e+00 1.575464e+00
-9.999000e+03 1.083958e+00 1.100968e+00 1.052083e+00 -9.999000e+03 -9.999000e+03 -9.999000e+03 -9.999000e+03 -9.999000e+03 -9.999000e+03 -9.999000e+03 -9.999000e+03 -9.999000e+03 -9.999000e+03 -9.999000e+03 -9.999000e+03 -9.999000e+03 -9.999000e+03 -9.999000e+03 -9.999000e+03 -9.999000e+03 -9.999000e+03 -9.999000e+03 -9.999000e+03 -9.999000e+03 -9.999000e+03 1.026444e+00 1.004328e+00 1.182756e+00 1.351931e+00 1.043609e+00 1.022105e+00 9.897176e-01 9.545037e-01 9.398138e-01 9.363781e-01 1.384453e+00 1.080704e+00 1.066767e+00 8.939445e-01 8.855224e-01 1.240482e+00 1.032874e+00 1.034423e+00 1.483087e+00 1.030611e+00 1.027764e+00 1.025228e+00 1.382465e+00 1.140700e+00 1.598014e+00 9.936722e-01
-9.999000e+03 -9.999000e+03 -9.999000e+03 -9.999000e+03 -9.999000e+03 -9.999000e+03 -9.999000e+03 -9.999000e+03 -9.999000e+03 -9.999000e+03 -9.999000e+03 -9.999000e+03 -9.999000e+03 -9.999000e+03 -9.999000e+03 -9.999000e+03 -9.999000e+03 -9.999000e+03 -9.999000e+03 -9.999000e+03 -9.999000e+03 -9.999000e+03 -9.999000e+03 -9.999000e+03 -9.999000e+03 -9.999000e+03 -9.999000e+03 -9.999000e+03 1.016412e+00 1.241478e+00 1.069488e+00 1.047506e+00 1.006827e+00 1.131270e+00 1.235400e+00 1.339263e+00 9.532374e-01 9.353061e-01 9.194282e-01 1.057042e+00 1.161244e+00 8.929108e-01 8.904315e-01 1.446190e+00 8.884826e-01 8.881527e-01 8.893678e-01 1.329443e+00 1.038658e+00 1.604476e+00 8.763227e-01 8.560878e-01
-9.999000e+03 -9.999000e+03 -9.999000e+03 -9.999000e+03 -9.999000e+03 -9.999000e+03 -9.999000e+03 -9.999000e+03 -9.999000e+03 -9.999000e+03 -9.999000e+03 -9.999000e+03 -9.999000e+03 -9.999000e+03 -9.999000e+03 -9.999000e+03 -9.999000e+03 -9.999000e+03 -9.999000e+03 -9.999000e+03 -9.999000e+03 -9.999000e+03 -9.999000e+03 -9.999000e+03 -9.999000e+03 -9.999000e+03 -9.999000e+03 -9.999000e+03 -9.999000e+03 1.056380e+00 1.374199e+00 1.202013e+00 1.160660e+00 9.540237e-01 9.473940e-01 9.643449e-01 9.632333e-01 9.418125e-01 1.084654e+00 1.188421e+00 1.273805e+00 1.347862e+00 1.405874e+00 8.924699e-01 1.038023e+00 1.151785e+00 1.250985e+00 9.022052e-01 1.598109e+00 8.883901e-01 1.023195e+00 1.116299e+00
-9.999000e+03 -9.999000e+03 -9.999000e+03 -9.999000e+03 -9.999000e+03 -9.999000e+03 -9.999000e+03 -9.999000e+03 -9.999000e+03 -9.999000e+03 -9.999000e+03 -9.999000e+03 -9.999000e+03 -9.999000e+03 -9.999000e+03 -9.999000e+03 -9.999000e+03 -9.999000e+03 -9.999000e+03 -9.999000e+03 -9.999000e+03 -9.999000e+03 -9.999000e+03 -9.999000e+03 -9.999000e+03 -9.999000e+03 -9.999000e+03 -9.999000e+03 -9.999000e+03 -9.999000e+03 1.189605e+00 -9.999000e+03 -9.999000e+03 -9.999000e+03 -9.999000e+03 -9.999000e+03 -9.999000e+03 -9.999000e+03 9.274877e-01 1.078425e+00 1.194705e+00 1.293817e+00 1.366690e+00 1.415336e+00 1.456052e+00 1.493744e+00 1.533486e+00 1.580449e+00 9.086984e-01 1.037211e+00 1.133881e+00 1.214828e+00
-9.999000e+03 -9.999000e+03 -9.999000e+03 -9.999000e+03 -9.999000e+03 -9.999000e+03 -9.999000e+03 -9.999000e+03 -9.999000e+03 -9.999000e+03 -9.999000e+03 -9.999000e+03 -9.999000e+03 -9.999000e+03 -9.999000e+03 -9.999000e+03 -9.999000e+03 -9.999000e+03 -9.999000e+03 -9.999000e+03 -9.999000e+03 -9.999000e+03 -9.999000e+03 -9.999000e+03 -9.999000e+03 -9.999000e+03 -9.999000e+03 -9.999000e+03 -9.999000e+03 -9.999000e+03 -9.999000e+03 -9.999000e+03 -9.999000e+03 -9.999000e+03 -9.999000e+03 -9.999000e+03 -9.999000e+03 -9.999000e+03 -9.999000e+03 -9.999000e+03 -9.999000e+03 9.261414e-01 9.198317e-01 9.033835e-01 1.046998e+00 1.161779e+00 1.265158e+00 1.367264e+00 1.435156e+00 1.464780e+00 1.490057e+00 1.518638e+00
-9.999000e+03 -9.999000e+03 -9.999000e+03 -9.999000e+03 -9.999000e+03 -9.999000e+03 -9.999000e+03 -9.999000e+03 -9.999000e+03 -9.999000e+03 -9.999000e+03 -9.999000e+03 -9.999000e+03 -9.999000e+03 -9.999000e+03 -9.999000e+03 -9.999000e+03 -9.999000e+03 -9.999000e+03 -9.999000e+03 -9.999000e+03 -9.999000e+03 -9.999000e+03 -9.999000e+03 -9.999000e+03 -9.999000e+03 -9.999000e+03 -9.999000e+03 -9.999000e+03 -9.999000e+03 -9.999000e+03 -9.999000e+03 -9.999000e+03 -9.999000e+03 -9.999000e+03 -9.999000e+03 -9.999000e+03 -9.999000e+03 -9.999000e+03 -9.999000e+03 -9.999000e+03 -9.999000e+03 -9.999000e+03 -9.999000e+03 8.926039e-01 8.964126e-01 1.056058e+00 1.188150e+00 9.081105e-01 1.033270e+00 1.138471e+00 1.245845e+00
-9.999000e+03 -9.999000e+03 -9.999000e+03 -9.999000e+03 -9.999000e+03 -9.999000e+03 -9.999000e+03 -9.999000e+03 -9.999000e+03 -9.999000e+03 -9.999000e+03 -9.999000e+03 -9.999000e+03 -9.999000e+03 -9.999000e+03 -9.999000e+03 -9.999000e+03 -9.999000e+03 -9.999000e+03 -9.999000e+03 -9.999000e+03 -9.999000e+03 -9.999000e+03 -9.999000e+03 -9.999000e+03 -9.999000e+03 -9.999000e+03 -9.999000e+03 -9.999000e+03 -9.999000e+03 -9.999000e+03 -9.999000e+03 -9.999000e+03 -9.999000e+03 -9.999000e+03 -9.999000e+03 -9.999000e+03 -9.999000e+03 -9.999000e+03 -9.999000e+03 -9.999000e+03 -9.999000e+03 -9.999000e+03 -9.999000e+03 -9.999000e+03 -9.999000e+03 -9.999000e+03 -9.999000e+03 -9.999000e+03 -9.999000e+03 8.832608e-01 1.059065e+00
-9.999000e+03 -9.999000e+03 -9.999000e+03 -9.999000e+03 -9.999000e+03 -9.999000e+03 -9.999000e+03 -9.999000e+03 -9.999000e+03 -9.999000e+03 -9.999000e+03 -9.999000e+03 -9.999000e+03 -9.999000e+03 -9.999000e+03 -9.999000e+03 -9.999000e+03 -9.999000e+03 -9.999000e+03 -9.999000e+03 -9.999000e+03 -9.999000e+03 -9.999000e+03 -9.999000e+03 -9.999000e+03 -9.999000e+03 -9.999000e+03 -9.999000e+03 -9.999000e+03 -9.999000e+03 -9.999000e+03 -9.999000e+03 -9.999000e+03 -9.999000e+03 -9.999000e+03 -9.999000e+03 -9.999000e+03 -9.999000e+03 -9.999000e+03 -9.999000e+03 -9.999000e+03 -9.999000e+03 -9.999000e+03 -9.999000e+03 -9.999000e+03 -9.999000e+03 -9.999000e+03 -9.999000e+03 -9.999000e+03 -9.999000e+03 -9.999000e+03 9.170091e-01
-9.999000e+03 -9.999000e+03 -9.999000e+03 -9.999000e+03 -9.999000e+03 -9.999000e+03 -9.999000e+03 -9.999000e+03 -9.999000e+03 -9.999000e+03 -9.999000e+03 -9.999000e+03 -9.999000e+03 -9.999000e+03 -9.999000e+03 -9.999000e+03 -9.999000e+03 -9.999000e+03 -9.999000e+03 -9.999000e+03 -9.999000e+03 -9.999000e+03 -9.999000e+03 -9.999000e+03 -9.999000e+03 -9.999000e+03 -9.999000e+03 -9.999000e+03 -9.999000e+03 -9.999000e+03 -9.999000e+03 -9.999000e+03 -9.999000e+03 -9.999000e+03 -9.999000e+03 -9.999000e+03 -9.999000e+03 -9.999000e+03 -9.999000e+03 -9.999000e+03 -9.999000e+03 -9.999000e+03 -9.999000e+03 -9.999000e+03 -9.999000e+03 -9.999000e+03 -9.999000e+03 -9.999000e+03 -9.999000e+03 -9.999000e+03 -9.999000e+03 -9.999000e+03
-9.999000e+03 -9.999000e+03 -9.999000e+03 -9.999000e+03 -9.999000e+03 -9.999000e+03 -9.999000e+03 -9.999000e+03 -9.999000e+03 -9.999000e+03 -9.999000e+03 -9.999000e+03 -9.999000e+03 -9.999000e+03 -9.999000e+03 -9.999000e+03 -9.999000e+03 -9.999000e+03 -9.999000e+03 -9.999000e+03 -9.999000e+03 -9.999000e+03 -9.999000e+03 -9.999000e+03 -9.999000e+03 -9.999000e+03 -9.999000e+03 -9.999000e+03 -9.999000e+03 -9.999000e+03 -9.999000e+03 -9.999000e+03 -9.999000e+03 -9.999000e+03 -9.999000e+03 -9.999000e+03 -9.999000e+03 -9.999000e+03 -9.999000e+03 -9.999000e+03 -9.999000e+03 -9.999000e+03 -9.999000e+03 -9.999000e+03 -9.999000e+03 -9.999000e+03 -9.999000e+03 -9.999000e+03 -9.999000e+03 -9.999000e+03 -9.999000e+03 -9.999000e+03
