tests/data/reference/test_implicit_stream_rill_mfda/control/cinfil_m3.asc
ncols	123
nrows	77
xllcorner	-713746.79929998
yllcorner	-1061022.36961616
cellsize	10.0
NODATA_value	-9999
[rows 46 to 68 of 77, columns 52 to 103 of 123]
1.687195e+00 1.545473e+00 1.548453e+00 1.539744e+00 1.526753e+00 1.139782e+00 1.139175e+00 1.136956e+00 1.136140e+00 1.486489e+00 1.225227e+00 2.829524e+00 1.626455e+00 1.203960e+00 1.107757e+00 1.105449e+00 1.346146e+00 1.080121e+00 1.068239e+00 1.064043e+00 1.057882e+00 1.047471e+00 1.044662e+00 1.055141e+00 1.508540e+00 0.000000e+00 9.354207e-01 7.662934e-01 9.061863e-01 1.013612e+00 1.118069e+00 0.000000e+00 0.000000e+00 0.000000e+00 1.394994e+00 1.629320e+00 1.602544e+00 8.322241e-01 8.252816e-01 8.241013e-01 8.250927e-01 8.279368e-01 8.323952e-01 8.394373e-01 8.458989e-01 8.516644e-01 8.577812e-01 1.374003e+00 1.583851e+00 1.598379e+00 1.564370e+00 1.583071e+00
1.482564e+00 1.503475e+00 1.511088e+00 1.498025e+00 1.037392e+00 1.038096e+00 1.035857e+00 1.029687e+00 1.450929e+00 1.143545e+00 2.793715e+00 1.655981e+00 1.124367e+00 1.011771e+00 1.013220e+00 1.307214e+00 1.005029e+00 9.861187e-01 9.746397e-01 9.710442e-01 9.634478e-01 9.512549e-01 9.448434e-01 1.479770e+00 8.180120e-01 0.000000e+00 9.401440e-01 8.945796e-01 9.695262e-01 1.046317e+00 1.124008e+00 1.205389e+00 1.309826e+00 0.000000e+00 0.000000e+00 1.673402e+00 1.637066e+00 8.399957e-01 8.283193e-01 8.248420e-01 8.258264e-01 8.295142e-01 8.326420e-01 8.363415e-01 8.393870e-01 8.426159e-01 8.472699e-01 1.417138e+00 1.581134e+00 1.587692e+00 1.562332e+00 1.567539e+00
1.413094e+00 1.438612e+00 1.449477e+00 8.995485e-01 8.927630e-01 8.938441e-01 8.923940e-01 1.410297e+00 1.036769e+00 2.746402e+00 1.676572e+00 1.018942e+00 8.673592e-01 8.710218e-01 1.233406e+00 8.749990e-01 8.683474e-01 8.538760e-01 8.460937e-01 8.441772e-01 8.376780e-01 8.269730e-01 1.461741e+00 9.465237e-01 1.048596e+00 0.000000e+00 1.015782e+00 9.525653e-01 1.052773e+00 1.128413e+00 1.199519e+00 1.273344e+00 1.365951e+00 8.647959e-01 0.000000e+00 1.487123e+00 1.673605e+00 8.495525e-01 8.338568e-01 8.267420e-01 8.263824e-01 8.305627e-01 8.328812e-01 8.342298e-01 8.345443e-01 8.355649e-01 8.390913e-01 1.450344e+00 1.574529e+00 1.577551e+00 1.560385e+00 1.561100e+00
1.330466e+00 1.352805e+00 9.098425e-01 1.059873e+00 1.174044e+00 1.271176e+00 1.353349e+00 8.983415e-01 2.695145e+00 1.682926e+00 8.801593e-01 8.721859e-01 1.018544e+00 1.136672e+00 8.748197e-01 1.024726e+00 1.134372e+00 1.216592e+00 1.287234e+00 1.351835e+00 1.405373e+00 1.446692e+00 8.303800e-01 8.151804e-01 1.573366e+00 0.000000e+00 8.712940e-01 9.810670e-01 9.669554e-01 1.052679e+00 1.128396e+00 1.203771e+00 1.290084e+00 1.459921e+00 0.000000e+00 0.000000e+00 1.706884e+00 8.594901e-01 8.416867e-01 8.308417e-01 8.277491e-01 8.306572e-01 8.322522e-01 8.324349e-01 8.307949e-01 8.299750e-01 8.328070e-01 1.476235e+00 1.565524e+00 1.567502e+00 1.559653e+00 1.563670e+00
1.237568e+00 2.213141e+00 2.297120e+00 2.372295e+00 2.440620e+00 2.503929e+00 2.564752e+00 2.635371e+00 1.674612e+00 8.886654e-01 1.033653e+00 1.142605e+00 1.233826e+00 1.315132e+00 1.384388e+00 1.441726e+00 1.485698e+00 1.516027e+00 1.540352e+00 1.561883e+00 1.579338e+00 1.593328e+00 1.596955e+00 1.588599e+00 1.944721e+00 0.000000e+00 8.384976e-01 8.142761e-01 8.478663e-01 9.452361e-01 1.028603e+00 1.106923e+00 1.192274e+00 1.424784e+00 1.543884e+00 0.000000e+00 1.495222e+00 8.663780e-01 8.483243e-01 8.356711e-01 8.305542e-01 8.314243e-01 8.318212e-01 8.317060e-01 9.678970e-01 9.647193e-01 8.276049e-01 1.496299e+00 1.557622e+00 1.559946e+00 1.559511e+00 1.568552e+00
2.121795e+00 1.578513e+00 1.723110e+00 1.819019e+00 1.925713e+00 2.071389e+00 2.178796e+00 1.643032e+00 1.592689e+00 1.616799e+00 1.631039e+00 1.639572e+00 1.641537e+00 1.640010e+00 1.636228e+00 1.630986e+00 1.755829e+00 1.802170e+00 1.837953e+00 1.870115e+00 1.902826e+00 1.938905e+00 1.962468e+00 1.965388e+00 1.499670e+00 0.000000e+00 8.176637e-01 9.442198e-01 1.041377e+00 9.852610e-01 1.064670e+00 1.138160e+00 1.216382e+00 1.309795e+00 1.545426e+00 0.000000e+00 0.000000e+00 8.066887e-01 8.521606e-01 8.395797e-01 8.336788e-01 8.328381e-01 8.316272e-01 8.315113e-01 1.076592e+00 1.071335e+00 8.238139e-01 1.511466e+00 1.552487e+00 1.555897e+00 1.559245e+00 1.571264e+00
1.528370e+00 1.530933e+00 8.760583e-01 1.592812e+00 1.834021e+00 1.682545e+00 1.592329e+00 1.544317e+00 1.619440e+00 1.635639e+00 1.645604e+00 1.656218e+00 1.661575e+00 1.661637e+00 1.658684e+00 1.653344e+00 8.642417e-01 9.948642e-01 1.094181e+00 1.177891e+00 1.260859e+00 1.353491e+00 1.428847e+00 1.476037e+00 8.388565e-01 0.000000e+00 8.444720e-01 9.706916e-01 1.065828e+00 1.143736e+00 1.056415e+00 1.136169e+00 1.214851e+00 1.298470e+00 1.399152e+00 1.654547e+00 0.000000e+00 9.418642e-01 8.521483e-01 8.431380e-01 8.386763e-01 8.376293e-01 8.345797e-01 9.708705e-01 1.167152e+00 1.160872e+00 9.583226e-01 1.523876e+00 1.549185e+00 1.553843e+00 1.560253e+00 1.573041e+00
1.481265e+00 1.476982e+00 1.530624e+00 1.750029e+00 1.655621e+00 1.538216e+00 1.482925e+00 1.579270e+00 1.651720e+00 1.723396e+00 1.785710e+00 1.850105e+00 1.909846e+00 1.961790e+00 2.002835e+00 2.030483e+00 2.038005e+00 2.020515e+00 1.976548e+00 1.894548e+00 1.781100e+00 1.696094e+00 1.771566e+00 1.814946e+00 1.845697e+00 0.000000e+00 9.288215e-01 9.853736e-01 1.072227e+00 1.144810e+00 1.214306e+00 1.113661e+00 1.194705e+00 1.269265e+00 1.373238e+00 1.726177e+00 0.000000e+00 0.000000e+00 7.791305e-01 8.450220e-01 8.452752e-01 8.463185e-01 9.817918e-01 1.082145e+00 1.244607e+00 1.237128e+00 1.063451e+00 1.535470e+00 1.547883e+00 1.553069e+00 1.562743e+00 1.574130e+00
1.422876e+00 1.559809e+00 1.649798e+00 1.617185e+00 1.472930e+00 1.415601e+00 1.526957e+00 1.628544e+00 1.502559e+00 1.625755e+00 1.624446e+00 1.631249e+00 1.644219e+00 1.662781e+00 1.677389e+00 1.682937e+00 1.678206e+00 1.662285e+00 1.640290e+00 1.615164e+00 1.602681e+00 1.619880e+00 8.740466e-01 8.500887e-01 9.747633e-01 0.000000e+00 8.422492e-01 9.659045e-01 1.058964e+00 8.742821e-01 8.845544e-01 1.258649e+00 1.176760e+00 1.261100e+00 1.265809e+00 1.787951e+00 7.918465e-01 0.000000e+00 7.689189e-01 7.722556e-01 8.431579e-01 8.447077e-01 1.090647e+00 1.171404e+00 1.309904e+00 1.302438e+00 1.151524e+00 1.547728e+00 1.550977e+00 1.554798e+00 1.565323e+00 1.575173e+00
1.532726e+00 1.402199e+00 1.580861e+00 1.383550e+00 1.333266e+00 1.465607e+00 1.591400e+00 1.449675e+00 1.626476e+00 8.624863e-01 1.636913e+00 1.729739e+00 1.818139e+00 1.925406e+00 2.027490e+00 2.110047e+00 2.179648e+00 2.238299e+00 2.289785e+00 2.336047e+00 2.391047e+00 2.467580e+00 2.528601e+00 2.558242e+00 0.000000e+00 0.000000e+00 8.051293e-01 9.289467e-01 1.023935e+00 1.103535e+00 1.177370e+00 1.249838e+00 1.315218e+00 1.179679e+00 1.257193e+00 1.528517e+00 1.852594e+00 0.000000e+00 7.588469e-01 7.632431e-01 8.335284e-01 9.730589e-01 1.170354e+00 1.240858e+00 1.363331e+00 1.358134e+00 1.227551e+00 1.561419e+00 1.559190e+00 1.559681e+00 1.567625e+00 1.576394e+00
1.341021e+00 1.569831e+00 1.285422e+00 1.227673e+00 1.390923e+00 1.546485e+00 1.381417e+00 1.612021e+00 1.427635e+00 1.558003e+00 1.416083e+00 1.409171e+00 1.541530e+00 1.598124e+00 1.477108e+00 1.608128e+00 1.686776e+00 1.748602e+00 1.799046e+00 1.840502e+00 1.882992e+00 1.932706e+00 1.964032e+00 1.966298e+00 0.000000e+00 9.857647e-01 9.259843e-01 9.931063e-01 1.071251e+00 1.145815e+00 1.214348e+00 1.276642e+00 1.333025e+00 1.383824e+00 1.236081e+00 1.406966e+00 1.705184e+00 0.000000e+00 0.000000e+00 7.459814e-01 8.589128e-01 1.065552e+00 1.234680e+00 1.299353e+00 1.409675e+00 1.406932e+00 1.293552e+00 1.575053e+00 1.571341e+00 1.569783e+00 1.574624e+00 1.582005e+00
1.569021e+00 1.195488e+00 1.115158e+00 1.300988e+00 1.490946e+00 1.304913e+00 1.594267e+00 1.364717e+00 1.362100e+00 1.360891e+00 1.356261e+00 1.346922e+00 1.579622e+00 1.409999e+00 1.416712e+00 1.577483e+00 1.640144e+00 1.718418e+00 1.515122e+00 1.533015e+00 1.769798e+00 2.047088e+00 2.123199e+00 2.172298e+00 0.000000e+00 9.892215e-01 9.270286e-01 9.982447e-01 1.081212e+00 1.160431e+00 1.228036e+00 1.283184e+00 1.333513e+00 1.381252e+00 1.226405e+00 1.300543e+00 1.341303e+00 1.613999e+00 0.000000e+00 8.461524e-01 9.388274e-01 1.137286e+00 1.288300e+00 1.350064e+00 1.450869e+00 1.450403e+00 1.351142e+00 1.587618e+00 1.586367e+00 1.586124e+00 1.589288e+00 1.595251e+00
1.092556e+00 1.001820e+00 1.218463e+00 1.433716e+00 1.219178e+00 1.571671e+00 1.299378e+00 1.295679e+00 1.291982e+00 1.290843e+00 1.286292e+00 1.583904e+00 1.341737e+00 1.347743e+00 1.570284e+00 1.400564e+00 1.393297e+00 1.540318e+00 1.423116e+00 1.540533e+00 1.614865e+00 1.678616e+00 1.732820e+00 1.777399e+00 0.000000e+00 9.844329e-01 9.286812e-01 1.004067e+00 1.089925e+00 1.170201e+00 9.690307e-01 8.788080e-01 8.586015e-01 8.509017e-01 8.672695e-01 7.818840e-01 8.024997e-01 1.612065e+00 0.000000e+00 0.000000e+00 1.013474e+00 1.049136e+00 1.337743e+00 1.396536e+00 1.487824e+00 1.489922e+00 1.404302e+00 1.600832e+00 1.602047e+00 1.603245e+00 1.604620e+00 1.609261e+00
8.436457e-01 1.124983e+00 1.383534e+00 1.132692e+00 1.543045e+00 1.221933e+00 1.223003e+00 1.219500e+00 1.215082e+00 1.210725e+00 1.597493e+00 1.279233e+00 1.276869e+00 1.568102e+00 1.342391e+00 1.337881e+00 1.539745e+00 1.377436e+00 1.369707e+00 1.362318e+00 1.458817e+00 1.534397e+00 1.335964e+00 1.283575e+00 0.000000e+00 8.091684e-01 9.356239e-01 8.314169e-01 8.842012e-01 9.670339e-01 1.130145e+00 9.264441e-01 8.257157e-01 1.014130e+00 1.008947e+00 8.306676e-01 7.015295e-01 7.487078e-01 1.627418e+00 0.000000e+00 0.000000e+00 1.124637e+00 1.194652e+00 1.440927e+00 1.521605e+00 1.526230e+00 1.454761e+00 1.615693e+00 1.617558e+00 1.618342e+00 1.616815e+00 1.619609e+00
9.922263e-01 1.309915e+00 1.040094e+00 1.514409e+00 1.132896e+00 1.131518e+00 1.131996e+00 1.131447e+00 1.126473e+00 1.615026e+00 1.205845e+00 1.203517e+00 1.578474e+00 1.274274e+00 1.269991e+00 1.545050e+00 1.324749e+00 1.317759e+00 1.309901e+00 1.236877e+00 8.216801e-01 8.213827e-01 1.148695e+00 8.071177e-01 0.000000e+00 8.002395e-01 9.319529e-01 1.075036e+00 1.171910e+00 1.048001e+00 9.387222e-01 9.288962e-01 9.208169e-01 9.155735e-01 9.080572e-01 8.980305e-01 8.996752e-01 8.975689e-01 1.035697e+00 1.656334e+00 0.000000e+00 0.000000e+00 1.269372e+00 1.487963e+00 1.554455e+00 1.558860e+00 1.499529e+00 1.628863e+00 1.630885e+00 1.632716e+00 1.631778e+00 1.633675e+00
1.206926e+00 8.903150e-01 1.480189e+00 1.038319e+00 1.025720e+00 1.021175e+00 1.021421e+00 1.024668e+00 1.641970e+00 1.123411e+00 1.115142e+00 1.597260e+00 1.204402e+00 1.196658e+00 1.559299e+00 1.261388e+00 1.255347e+00 1.248044e+00 1.164647e+00 8.233215e-01 9.585867e-01 1.068327e+00 8.205541e-01 9.437031e-01 0.000000e+00 8.342757e-01 9.672394e-01 1.083560e+00 9.470261e-01 8.123471e-01 8.094818e-01 8.041795e-01 7.982320e-01 7.926250e-01 7.852619e-01 7.760189e-01 9.651987e-01 8.771199e-01 7.781047e-01 1.178887e+00 1.693737e+00 0.000000e+00 1.367414e+00 1.329339e+00 1.589168e+00 1.588530e+00 1.538007e+00 1.638949e+00 1.640384e+00 1.645460e+00 1.650006e+00 8.365691e-01
1.298072e+00 1.400994e+00 9.090013e-01 8.947495e-01 8.840860e-01 8.775375e-01 8.779826e-01 1.664714e+00 1.032963e+00 1.019254e+00 1.620836e+00 1.125094e+00 1.120656e+00 1.589257e+00 1.195450e+00 1.187190e+00 1.178280e+00 1.077844e+00 8.252235e-01 9.578563e-01 1.063771e+00 1.158422e+00 1.234413e+00 1.291166e+00 0.000000e+00 8.547795e-01 9.775788e-01 8.121281e-01 8.149110e-01 9.485203e-01 1.051911e+00 1.137496e+00 1.208076e+00 1.266148e+00 1.314041e+00 1.107357e+00 7.766447e-01 7.741370e-01 9.080213e-01 9.242923e-01 1.088062e+00 0.000000e+00 0.000000e+00 1.415391e+00 1.624111e+00 1.616896e+00 1.574307e+00 1.651817e+00 1.653010e+00 1.661492e+00 8.415829e-01 1.236175e+00
1.557061e+00 1.600262e+00 1.640215e+00 1.662730e+00 1.673977e+00 1.675016e+00 1.673484e+00 8.954693e-01 8.939128e-01 1.648385e+00 1.028764e+00 1.026453e+00 1.624502e+00 1.126639e+00 1.114042e+00 1.101368e+00 9.781534e-01 8.281141e-01 9.598099e-01 1.062344e+00 1.151155e+00 1.233279e+00 1.302015e+00 1.355340e+00 0.000000e+00 8.615172e-01 9.806696e-01 1.084969e+00 1.175067e+00 1.253844e+00 1.323580e+00 1.385734e+00 1.437585e+00 1.478273e+00 1.508816e+00 1.529976e+00 1.317373e+00 1.157282e+00 1.206512e+00 1.163798e+00 9.984211e-01 1.303824e+00 0.000000e+00 0.000000e+00 1.418670e+00 1.644726e+00 8.336744e-01 1.670546e+00 1.672397e+00 8.433176e-01 1.247500e+00 1.148045e+00
1.342518e+00 1.426141e+00 1.496367e+00 1.550730e+00 1.590753e+00 1.616954e+00 1.636564e+00 1.655084e+00 1.664557e+00 8.966818e-01 8.914612e-01 1.651540e+00 1.037874e+00 1.027885e+00 1.012841e+00 8.486410e-01 8.372711e-01 9.661496e-01 1.065774e+00 1.151171e+00 1.227375e+00 1.297921e+00 1.359273e+00 1.410061e+00 0.000000e+00 8.653939e-01 9.792145e-01 1.077866e+00 1.164454e+00 1.243823e+00 1.315963e+00 1.381930e+00 1.439263e+00 1.486757e+00 1.522745e+00 1.546962e+00 1.563950e+00 1.348143e+00 7.836594e-01 7.856902e-01 9.280927e-01 9.558496e-01 1.240312e+00 0.000000e+00 1.491163e+00 1.430975e+00 8.377911e-01 8.428958e-01 8.453103e-01 8.384097e-01 1.155870e+00 1.054056e+00
1.192797e+00 1.288992e+00 1.366289e+00 1.431342e+00 1.486517e+00 1.534019e+00 1.575003e+00 1.610506e+00 1.637988e+00 1.656156e+00 1.664966e+00 9.038762e-01 8.970973e-01 8.886952e-01 8.735173e-01 1.000737e+00 1.093465e+00 1.167858e+00 1.233841e+00 1.295536e+00 1.352779e+00 1.406253e+00 1.606063e+00 1.557080e+00 0.000000e+00 9.342981e-01 9.959862e-01 1.082772e+00 1.163170e+00 1.240532e+00 1.312997e+00 1.381059e+00 1.442483e+00 1.496162e+00 1.538910e+00 1.568958e+00 1.589513e+00 1.602064e+00 1.532086e+00 1.419382e+00 1.224144e+00 1.258199e+00 1.378391e+00 0.000000e+00 0.000000e+00 1.501336e+00 8.404314e-01 8.407527e-01 8.421704e-01 1.234443e+00 1.144173e+00 1.051216e+00
9.242883e-01 1.068457e+00 1.174974e+00 1.262783e+00 1.341434e+00 1.417336e+00 1.484114e+00 1.538169e+00 1.586116e+00 1.632799e+00 1.666361e+00 1.679491e+00 1.675059e+00 1.656318e+00 1.624862e+00 1.585721e+00 1.548823e+00 1.519290e+00 1.503311e+00 1.502363e+00 1.512767e+00 1.531602e+00 8.281996e-01 0.000000e+00 0.000000e+00 8.328803e-01 9.597364e-01 1.052940e+00 1.134467e+00 1.211804e+00 1.284881e+00 1.355091e+00 1.420325e+00 1.479789e+00 1.530960e+00 1.571711e+00 1.599421e+00 1.614285e+00 1.621196e+00 1.423234e+00 1.372614e+00 1.362981e+00 1.366412e+00 1.458686e+00 0.000000e+00 0.000000e+00 9.019592e-01 8.352451e-01 8.286650e-01 8.200106e-01 8.130091e-01 9.438968e-01
-9.999000e+03 -9.999000e+03 -9.999000e+03 -9.999000e+03 -9.999000e+03 -9.999000e+03 -9.999000e+03 8.993997e-01 9.055854e-01 9.237837e-01 9.323019e-01 9.246839e-01 1.068018e+00 1.162895e+00 1.234655e+00 1.292085e+00 1.337569e+00 1.372908e+00 1.407081e+00 1.443759e+00 1.480793e+00 1.518389e+00 1.545180e+00 0.000000e+00 1.005507e+00 9.462384e-01 1.010580e+00 1.078136e+00 1.143639e+00 1.208721e+00 1.273375e+00 1.339044e+00 1.403071e+00 1.464827e+00 1.521704e+00 1.571389e+00 1.606296e+00 1.624244e+00 1.632468e+00 1.633028e+00 1.408399e+00 1.270665e+00 1.286274e+00 1.343097e+00 1.458572e+00 0.000000e+00 0.000000e+00 7.624478e-01 8.146258e-01 8.092372e-01 8.066271e-01 8.071384e-01
-9.999000e+03 -9.999000e+03 -9.999000e+03 -9.999000e+03 -9.999000e+03 -9.999000e+03 -9.999000e+03 -9.999000e+03 -9.999000e+03 -9.999000e+03 1.087125e+00 1.082448e+00 9.043581e-01 8.795041e-01 1.014007e+00 1.119390e+00 1.201196e+00 1.263443e+00 1.320962e+00 1.379174e+00 1.433647e+00 1.483848e+00 1.518739e+00 0.000000e+00 1.005767e+00 9.490256e-01 1.014838e+00 1.081315e+00 1.144003e+00 1.033212e+00 1.281592e+00 1.351725e+00 1.412888e+00 1.473646e+00 1.531885e+00 1.584715e+00 1.625094e+00 1.649665e+00 1.661395e+00 1.661283e+00 1.653953e+00 1.425850e+00 1.236833e+00 1.470222e+00 1.349750e+00 1.477113e+00 0.000000e+00 0.000000e+00 8.081475e-01 8.012814e-01 -9.999000e+03 -9.999000e+03
