tests/data/reference/test_implicit_stream_rill_mfda/control/cinfil_m3.asc
ncols	123
nrows	77
xllcorner	-713746.79929998
yllcorner	-1061022.36961616
cellsize	10.0
NODATA_value	-9999
[rows 23 to 45 of 77, columns 52 to 103 of 123]
9.599724e-01 1.231199e+00 1.296480e+00 1.400482e+00 1.440220e+00 1.509930e+00 1.484145e+00 1.422705e+00 1.428803e+00 1.378753e+00 1.319466e+00 1.321720e+00 1.324503e+00 1.330437e+00 1.342907e+00 1.623210e+00 1.877616e+00 1.940231e+00 1.489886e+00 1.470508e+00 1.308752e+00 1.223245e+00 1.127089e+00 1.228098e+00 8.766915e-01 1.038130e+00 3.176572e+00 2.064683e+00 1.657487e+00 1.261430e+00 1.145585e+00 1.028380e+00 8.928511e-01 9.238671e-01 -9.999000e+03 -9.999000e+03 -9.999000e+03 -9.999000e+03 -9.999000e+03 -9.999000e+03 -9.999000e+03 -9.999000e+03 -9.999000e+03 -9.999000e+03 -9.999000e+03 -9.999000e+03 -9.999000e+03 -9.999000e+03 -9.999000e+03 -9.999000e+03 -9.999000e+03 -9.999000e+03
9.542406e-01 1.058690e+00 1.294791e+00 1.355540e+00 1.445634e+00 1.480177e+00 1.535760e+00 1.524080e+00 1.474253e+00 1.478056e+00 1.434378e+00 1.382027e+00 1.385537e+00 1.393674e+00 1.406570e+00 1.424003e+00 1.969739e+00 1.981779e+00 1.515548e+00 1.487314e+00 1.354859e+00 1.281749e+00 1.203394e+00 1.284196e+00 1.008472e+00 1.139093e+00 8.904573e-01 3.233393e+00 2.153739e+00 1.772855e+00 1.413382e+00 1.145345e+00 1.034401e+00 1.058718e+00 9.345564e-01 -9.999000e+03 -9.999000e+03 -9.999000e+03 -9.999000e+03 -9.999000e+03 -9.999000e+03 -9.999000e+03 -9.999000e+03 -9.999000e+03 -9.999000e+03 -9.999000e+03 -9.999000e+03 -9.999000e+03 -9.999000e+03 -9.999000e+03 -9.999000e+03 -9.999000e+03
1.225018e+00 1.055455e+00 1.146092e+00 1.354192e+00 1.410364e+00 1.489943e+00 1.521980e+00 1.565353e+00 1.558367e+00 1.515787e+00 1.518976e+00 1.482452e+00 1.441594e+00 1.452105e+00 1.463103e+00 1.473921e+00 1.767335e+00 2.006200e+00 1.529858e+00 1.499965e+00 1.394832e+00 1.333515e+00 1.269523e+00 1.334760e+00 1.108913e+00 1.213793e+00 1.015409e+00 3.251194e+00 8.829966e-01 2.201455e+00 1.875167e+00 1.267281e+00 1.152050e+00 1.146523e+00 1.039218e+00 9.024990e-01 9.274854e-01 9.299119e-01 -9.999000e+03 -9.999000e+03 -9.999000e+03 -9.999000e+03 -9.999000e+03 -9.999000e+03 -9.999000e+03 -9.999000e+03 -9.999000e+03 -9.999000e+03 -9.999000e+03 -9.999000e+03 -9.999000e+03 -9.999000e+03
9.463493e-01 1.288176e+00 1.145108e+00 1.228266e+00 1.414163e+00 1.465451e+00 1.532705e+00 1.556624e+00 1.586904e+00 1.583685e+00 1.551459e+00 1.557713e+00 1.531516e+00 1.500051e+00 1.509583e+00 1.518126e+00 1.737938e+00 2.025672e+00 1.544237e+00 1.515520e+00 1.434892e+00 1.384911e+00 1.332689e+00 1.383846e+00 1.194209e+00 1.276748e+00 1.107799e+00 3.264387e+00 1.009802e+00 2.236903e+00 1.962155e+00 1.357348e+00 1.251735e+00 1.231330e+00 1.134921e+00 1.035164e+00 1.064026e+00 9.197846e-01 1.083997e+00 9.329337e-01 -9.999000e+03 -9.999000e+03 -9.999000e+03 -9.999000e+03 -9.999000e+03 -9.999000e+03 -9.999000e+03 -9.999000e+03 -9.999000e+03 -9.999000e+03 -9.999000e+03 -9.999000e+03
1.048335e+00 8.143512e-01 1.351725e+00 1.233448e+00 1.309186e+00 1.470169e+00 1.510878e+00 1.562780e+00 1.581506e+00 1.605645e+00 1.607741e+00 1.586286e+00 1.593547e+00 1.572066e+00 1.546146e+00 1.558111e+00 1.722107e+00 2.039330e+00 1.563820e+00 1.538004e+00 1.479099e+00 1.440017e+00 1.397195e+00 1.434465e+00 1.271602e+00 1.333877e+00 1.186604e+00 3.032392e+00 1.103914e+00 2.255809e+00 2.014447e+00 1.408171e+00 1.335072e+00 1.324329e+00 1.240569e+00 1.154476e+00 8.981954e-01 9.121162e-01 1.080374e+00 1.210849e+00 1.097265e+00 0.000000e+00 -9.999000e+03 -9.999000e+03 -9.999000e+03 -9.999000e+03 -9.999000e+03 -9.999000e+03 -9.999000e+03 -9.999000e+03 -9.999000e+03 -9.999000e+03
1.136840e+00 9.516078e-01 1.409867e+00 1.309566e+00 8.342131e-01 1.376656e+00 1.513853e+00 1.545448e+00 1.587305e+00 1.603499e+00 1.623406e+00 1.629344e+00 1.615452e+00 1.623144e+00 1.610024e+00 1.595151e+00 1.640953e+00 2.027805e+00 1.578317e+00 1.556127e+00 1.514051e+00 1.484559e+00 1.450502e+00 1.477880e+00 1.338559e+00 1.384454e+00 1.255220e+00 2.979631e+00 1.183594e+00 2.270508e+00 2.063894e+00 1.447213e+00 1.400634e+00 1.402431e+00 1.334776e+00 1.258412e+00 1.052046e+00 1.063622e+00 9.131134e-01 1.199978e+00 0.000000e+00 0.000000e+00 0.000000e+00 0.000000e+00 -9.999000e+03 -9.999000e+03 -9.999000e+03 -9.999000e+03 -9.999000e+03 -9.999000e+03 -9.999000e+03 -9.999000e+03
1.218206e+00 1.063059e+00 1.463239e+00 1.375162e+00 8.321471e-01 9.716216e-01 1.433371e+00 1.549005e+00 1.573165e+00 1.606805e+00 1.621327e+00 1.639368e+00 1.649077e+00 1.645470e+00 1.659212e+00 1.654481e+00 1.639375e+00 1.752849e+00 1.583701e+00 1.564852e+00 1.534789e+00 1.513704e+00 1.488761e+00 1.511051e+00 1.395217e+00 1.429130e+00 1.316639e+00 3.049309e+00 1.256209e+00 2.280958e+00 2.115875e+00 1.478578e+00 1.447332e+00 1.456861e+00 1.409272e+00 1.349444e+00 1.176303e+00 1.180133e+00 1.062825e+00 0.000000e+00 0.000000e+00 1.527142e+00 1.296997e+00 1.027669e+00 0.000000e+00 -9.999000e+03 -9.999000e+03 -9.999000e+03 -9.999000e+03 -9.999000e+03 -9.999000e+03 -9.999000e+03
1.298096e+00 1.163304e+00 1.513549e+00 1.433875e+00 9.700637e-01 8.314147e-01 1.077605e+00 1.477886e+00 1.576399e+00 1.598622e+00 1.628017e+00 1.643931e+00 1.662730e+00 1.677526e+00 1.680285e+00 1.688491e+00 1.676805e+00 1.654986e+00 1.589406e+00 1.568329e+00 1.549503e+00 1.537160e+00 1.520713e+00 1.538736e+00 1.443439e+00 1.467834e+00 1.372104e+00 3.356297e+00 1.320539e+00 2.272581e+00 2.163155e+00 1.499297e+00 1.479633e+00 1.493283e+00 8.825709e-01 8.929809e-01 1.268490e+00 1.266725e+00 0.000000e+00 0.000000e+00 9.764949e-01 1.592501e+00 1.395635e+00 1.165537e+00 1.014084e+00 0.000000e+00 -9.999000e+03 -9.999000e+03 -9.999000e+03 -9.999000e+03 -9.999000e+03 -9.999000e+03
1.381500e+00 1.259097e+00 1.561662e+00 1.487248e+00 1.078574e+00 9.676102e-01 8.264933e-01 1.160992e+00 1.519744e+00 1.609263e+00 1.632293e+00 1.660534e+00 1.677603e+00 1.693199e+00 1.699679e+00 1.692926e+00 1.689820e+00 1.673709e+00 1.552312e+00 1.568187e+00 1.560826e+00 1.557618e+00 1.548684e+00 1.562192e+00 1.483969e+00 1.501216e+00 1.423045e+00 3.359801e+00 1.377722e+00 2.216247e+00 2.204879e+00 1.510651e+00 1.499886e+00 8.553926e-01 8.678328e-01 8.791621e-01 1.331209e+00 0.000000e+00 0.000000e+00 9.274107e-01 1.119028e+00 1.686515e+00 1.513596e+00 1.301754e+00 1.168872e+00 9.888211e-01 1.009240e+00 -9.999000e+03 -9.999000e+03 -9.999000e+03 -9.999000e+03 -9.999000e+03
1.474704e+00 1.356909e+00 1.613575e+00 1.543225e+00 8.407747e-01 1.172969e+00 1.076371e+00 9.673537e-01 1.246257e+00 1.566251e+00 1.642777e+00 1.663650e+00 1.684717e+00 1.694047e+00 1.698774e+00 1.696690e+00 1.687269e+00 1.680828e+00 1.550714e+00 1.572824e+00 1.574327e+00 1.577155e+00 1.572464e+00 1.580873e+00 1.517648e+00 1.530386e+00 1.469882e+00 3.359801e+00 1.432534e+00 2.000006e+00 2.249449e+00 1.522861e+00 8.433331e-01 8.477087e-01 8.570127e-01 8.670533e-01 0.000000e+00 0.000000e+00 9.044689e-01 1.071279e+00 1.217015e+00 1.750878e+00 9.513376e-01 9.744153e-01 1.270379e+00 1.130695e+00 1.131227e+00 9.920525e-01 0.000000e+00 -9.999000e+03 -9.999000e+03 -9.999000e+03
1.536292e+00 1.566716e+00 1.448506e+00 1.665197e+00 1.598078e+00 9.921069e-01 1.261801e+00 1.177460e+00 1.085443e+00 1.321792e+00 1.599602e+00 1.659036e+00 1.671234e+00 1.683328e+00 1.688224e+00 1.690154e+00 1.688453e+00 1.682404e+00 1.679492e+00 1.542317e+00 1.593922e+00 1.597786e+00 1.592689e+00 1.594970e+00 1.545138e+00 1.556071e+00 1.513235e+00 3.359801e+00 1.487509e+00 1.652266e+00 2.300552e+00 8.442013e-01 8.465899e-01 8.477285e-01 0.000000e+00 0.000000e+00 0.000000e+00 8.655920e-01 1.045615e+00 1.174378e+00 1.290807e+00 8.971928e-01 9.111515e-01 1.096558e+00 1.336482e+00 1.256041e+00 1.267989e+00 9.744550e-01 9.908313e-01 0.000000e+00 -9.999000e+03 -9.999000e+03
2.597724e+00 2.597724e+00 1.422543e+00 1.329162e+00 1.702054e+00 1.636885e+00 1.102489e+00 1.333750e+00 1.256461e+00 1.172912e+00 1.377929e+00 1.616256e+00 1.659415e+00 1.666889e+00 1.675423e+00 1.680166e+00 1.684077e+00 1.686099e+00 1.686130e+00 1.372622e+00 1.618473e+00 1.622298e+00 1.614958e+00 1.611253e+00 1.573413e+00 1.584480e+00 1.558137e+00 3.267055e+00 1.540147e+00 1.609356e+00 2.350611e+00 8.459928e-01 8.463081e-01 0.000000e+00 0.000000e+00 8.806633e-01 8.566851e-01 1.006217e+00 1.150384e+00 1.254968e+00 8.766488e-01 8.834276e-01 8.923966e-01 1.187570e+00 1.382511e+00 1.334345e+00 9.541162e-01 9.523168e-01 9.510125e-01 1.278098e+00 9.992373e-01 0.000000e+00
1.562650e+00 1.641485e+00 2.597724e+00 1.490744e+00 1.399962e+00 1.465282e+00 1.414041e+00 1.045036e+00 1.201228e+00 1.145085e+00 1.085023e+00 1.223998e+00 1.379786e+00 1.404431e+00 1.409819e+00 1.418444e+00 1.428141e+00 1.438254e+00 1.448064e+00 1.456732e+00 1.416925e+00 1.425285e+00 1.414503e+00 1.404571e+00 1.607807e+00 1.620906e+00 1.608855e+00 3.195442e+00 1.590588e+00 1.626628e+00 2.396000e+00 8.451096e-01 0.000000e+00 0.000000e+00 8.737934e-01 1.026375e+00 1.000425e+00 1.114260e+00 1.235027e+00 8.603533e-01 8.672227e-01 8.755826e-01 8.846382e-01 8.969683e-01 1.415583e+00 1.377877e+00 9.171515e-01 1.081421e+00 1.087004e+00 1.330216e+00 9.525600e-01 1.277682e+00
8.008119e-01 9.344385e-01 1.043467e+00 2.597724e+00 2.597724e+00 2.597724e+00 2.597724e+00 1.462505e+00 1.135357e+00 1.279114e+00 1.229962e+00 1.175669e+00 1.301870e+00 1.438635e+00 1.548949e+00 1.473864e+00 1.485577e+00 1.496340e+00 1.506949e+00 1.516811e+00 8.152540e-01 1.455008e+00 1.569779e+00 1.464639e+00 1.414464e+00 1.431212e+00 1.658320e+00 3.119201e+00 1.633389e+00 1.648049e+00 2.432333e+00 0.000000e+00 0.000000e+00 8.452027e-01 1.016273e+00 1.137466e+00 1.111243e+00 1.204866e+00 1.308134e+00 8.553227e-01 8.607128e-01 8.693098e-01 8.780653e-01 8.886000e-01 1.445006e+00 1.418133e+00 1.064625e+00 1.184867e+00 1.190226e+00 1.407459e+00 1.085780e+00 1.325124e+00
1.011006e+00 1.094508e+00 1.174853e+00 1.265343e+00 1.338283e+00 1.384885e+00 1.429422e+00 2.597724e+00 2.597724e+00 2.597724e+00 2.597724e+00 2.597724e+00 2.597724e+00 2.597724e+00 2.597724e+00 2.597724e+00 2.597724e+00 1.572387e+00 1.568371e+00 1.566310e+00 1.561187e+00 9.408278e-01 1.504780e+00 1.512294e+00 1.485465e+00 1.509798e+00 1.470018e+00 3.028970e+00 1.664329e+00 1.663471e+00 0.000000e+00 0.000000e+00 8.386707e-01 8.425907e-01 1.123586e+00 1.226948e+00 1.202628e+00 1.283615e+00 1.373295e+00 8.536825e-01 8.572335e-01 8.648469e-01 8.725685e-01 8.819667e-01 8.935935e-01 9.053812e-01 1.190630e+00 1.285008e+00 1.282681e+00 1.472405e+00 1.180246e+00 1.395845e+00
9.016100e-01 9.984092e-01 1.089553e+00 2.191649e+00 2.197783e+00 2.190029e+00 2.176465e+00 2.166370e+00 2.162277e+00 2.163193e+00 2.168056e+00 2.176253e+00 2.188142e+00 2.203283e+00 2.219792e+00 2.233314e+00 2.235037e+00 2.597724e+00 2.597724e+00 1.633896e+00 1.619287e+00 1.598223e+00 1.534456e+00 1.567869e+00 1.554256e+00 1.578769e+00 1.544112e+00 2.359198e+00 1.684532e+00 0.000000e+00 0.000000e+00 8.390883e-01 8.371187e-01 8.409773e-01 1.212376e+00 1.302238e+00 1.279281e+00 1.349630e+00 8.498161e-01 8.497241e-01 8.524652e-01 8.597735e-01 8.676513e-01 8.759725e-01 8.859378e-01 8.982595e-01 9.095338e-01 1.369280e+00 1.364474e+00 1.532266e+00 1.267970e+00 1.463578e+00
1.588758e+00 2.743115e+00 2.736424e+00 1.620605e+00 1.602571e+00 1.580230e+00 1.562798e+00 1.550102e+00 1.530548e+00 1.522573e+00 1.519743e+00 1.310052e+00 1.272559e+00 1.282950e+00 1.296368e+00 1.311367e+00 1.490030e+00 1.616896e+00 1.731848e+00 2.597724e+00 2.597724e+00 2.597724e+00 2.597724e+00 1.582356e+00 1.625434e+00 1.637108e+00 1.599637e+00 2.307386e+00 0.000000e+00 0.000000e+00 8.454738e-01 9.778995e-01 8.362471e-01 8.402890e-01 1.288687e+00 1.366604e+00 1.343870e+00 1.403952e+00 8.441903e-01 8.437515e-01 8.460449e-01 8.532019e-01 8.626228e-01 8.714542e-01 8.779314e-01 8.860437e-01 8.982097e-01 1.434145e+00 1.435515e+00 1.589972e+00 1.360520e+00 1.534963e+00
2.757404e+00 1.659110e+00 1.641401e+00 1.624196e+00 1.605664e+00 1.586133e+00 1.568311e+00 1.533954e+00 1.518204e+00 1.506700e+00 1.502736e+00 1.417226e+00 1.419675e+00 1.424135e+00 1.431176e+00 1.307910e+00 1.278504e+00 2.361009e+00 2.475123e+00 2.583426e+00 2.597724e+00 2.490955e+00 2.597724e+00 2.597724e+00 1.666498e+00 1.712101e+00 1.653506e+00 8.118870e-01 0.000000e+00 8.129989e-01 9.908662e-01 1.086893e+00 8.340113e-01 9.775956e-01 1.353851e+00 1.422240e+00 1.399615e+00 1.449883e+00 8.398648e-01 8.395158e-01 8.420250e-01 8.483413e-01 8.579006e-01 8.685048e-01 8.739481e-01 8.778670e-01 8.871751e-01 8.987869e-01 1.486689e+00 1.627726e+00 1.434960e+00 1.591429e+00
1.680338e+00 1.666767e+00 1.652707e+00 1.640507e+00 1.627380e+00 1.610519e+00 1.560153e+00 1.540462e+00 1.522019e+00 1.510250e+00 1.382604e+00 1.379699e+00 1.377387e+00 1.376649e+00 1.488986e+00 1.416378e+00 2.600972e+00 1.516929e+00 1.244135e+00 1.235133e+00 1.248977e+00 0.000000e+00 0.000000e+00 0.000000e+00 2.597724e+00 1.842597e+00 1.747925e+00 0.000000e+00 0.000000e+00 9.752659e-01 1.001961e+00 1.181911e+00 8.311130e-01 1.079751e+00 1.408597e+00 1.470283e+00 1.448212e+00 8.388588e-01 8.364599e-01 8.358499e-01 8.393921e-01 8.458922e-01 8.546234e-01 8.661097e-01 8.725714e-01 8.739712e-01 8.781894e-01 8.856808e-01 1.517252e+00 1.640962e+00 1.484192e+00 1.625871e+00
1.683466e+00 1.674498e+00 1.665504e+00 1.658775e+00 1.650473e+00 1.586426e+00 1.567293e+00 1.547583e+00 1.531343e+00 1.355516e+00 1.348031e+00 1.341927e+00 1.337292e+00 1.482755e+00 1.375656e+00 2.389043e+00 1.504641e+00 1.374541e+00 1.327837e+00 1.334759e+00 1.262866e+00 1.173651e+00 1.212431e+00 0.000000e+00 0.000000e+00 0.000000e+00 2.094364e+00 0.000000e+00 8.493732e-01 1.126988e+00 1.131175e+00 1.126429e+00 9.786864e-01 1.172902e+00 1.458368e+00 1.510600e+00 1.488636e+00 8.364877e-01 8.343235e-01 8.323987e-01 8.352684e-01 8.426158e-01 8.518002e-01 8.636933e-01 8.712362e-01 8.728962e-01 8.749083e-01 1.030738e+00 1.538853e+00 1.641618e+00 1.520851e+00 1.642619e+00
1.688948e+00 1.684571e+00 1.680168e+00 1.676703e+00 1.600257e+00 1.586622e+00 1.568822e+00 1.553822e+00 1.331736e+00 1.320870e+00 1.309753e+00 1.302089e+00 1.488555e+00 1.344612e+00 2.474480e+00 1.518246e+00 1.332663e+00 1.268602e+00 1.263365e+00 1.412095e+00 1.264497e+00 1.105267e+00 1.118623e+00 1.165450e+00 1.189888e+00 0.000000e+00 0.000000e+00 0.000000e+00 2.344498e+00 1.028320e+00 1.337764e+00 1.245349e+00 1.114159e+00 1.269970e+00 1.507692e+00 1.544183e+00 1.520775e+00 8.331754e-01 8.325172e-01 8.302593e-01 8.314361e-01 8.382004e-01 8.482882e-01 8.613401e-01 8.700502e-01 8.733412e-01 8.756642e-01 1.144971e+00 1.555913e+00 1.634913e+00 1.548715e+00 1.644364e+00
1.692557e+00 1.692801e+00 1.690538e+00 1.593008e+00 1.586476e+00 1.573208e+00 1.558746e+00 1.289951e+00 1.286093e+00 1.275216e+00 1.264525e+00 1.496436e+00 1.314875e+00 2.636621e+00 1.548568e+00 1.297245e+00 1.222435e+00 1.212740e+00 1.385641e+00 1.199602e+00 1.198765e+00 1.199703e+00 1.054547e+00 1.074926e+00 1.113905e+00 1.427734e+00 0.000000e+00 0.000000e+00 0.000000e+00 0.000000e+00 1.476070e+00 1.367933e+00 1.101220e+00 1.353447e+00 1.550596e+00 1.573533e+00 1.548762e+00 8.305067e-01 8.291596e-01 8.278643e-01 8.284970e-01 8.333726e-01 8.423241e-01 8.550213e-01 8.642784e-01 8.693025e-01 8.730817e-01 1.238322e+00 1.568828e+00 1.622677e+00 1.563463e+00 1.631197e+00
1.695302e+00 1.696830e+00 1.574890e+00 1.569716e+00 1.560352e+00 1.547761e+00 1.221260e+00 1.222978e+00 1.221936e+00 1.216334e+00 1.500109e+00 1.278465e+00 2.854708e+00 1.588813e+00 1.258081e+00 1.174132e+00 1.165955e+00 1.367592e+00 1.143036e+00 1.138078e+00 1.134481e+00 1.128633e+00 1.129698e+00 1.010865e+00 1.024671e+00 0.000000e+00 0.000000e+00 9.118915e-01 1.011385e+00 0.000000e+00 0.000000e+00 0.000000e+00 1.201690e+00 1.230889e+00 1.582353e+00 1.599428e+00 1.574786e+00 8.294699e-01 8.257311e-01 8.250934e-01 8.258908e-01 8.290912e-01 8.355097e-01 8.456901e-01 8.543566e-01 8.608492e-01 8.668136e-01 1.315017e+00 1.579417e+00 1.609861e+00 1.566008e+00 1.606650e+00
