tests/data/reference/test_implicit_stream_rill_mfda/control/cinfil_m3.asc
ncols	123
nrows	77
xllcorner	-713746.79929998
yllcorner	-1061022.36961616
cellsize	10.0
NODATA_value	-9999
[rows 23 to 45 of 77, columns 52 to 103 of 123]
9.776371e-01 1.244739e+00 1.307963e+00 1.408953e+00 1.448122e+00 1.520051e+00 1.490946e+00 1.431029e+00 1.436994e+00 1.388572e+00 1.330966e+00 1.333098e+00 1.335735e+00 1.341561e+00 1.354048e+00 1.627703e+00 1.898901e+00 1.956002e+00 1.495899e+00 1.476663e+00 1.319235e+00 1.236447e+00 1.142417e+00 1.241011e+00 8.935799e-01 1.053880e+00 3.263369e+00 2.079181e+00 1.681873e+00 1.275855e+00 1.161749e+00 1.044348e+00 9.092510e-01 9.395386e-01 -9.999000e+03 -9.999000e+03 -9.999000e+03 -9.999000e+03 -9.999000e+03 -9.999000e+03 -9.999000e+03 -9.999000e+03 -9.999000e+03 -9.999000e+03 -9.999000e+03 -9.999000e+03 -9.999000e+03 -9.999000e+03 -9.999000e+03 -9.999000e+03 -9.999000e+03 -9.999000e+03
9.719482e-01 1.076877e+00 1.306449e+00 1.365247e+00 1.453212e+00 1.487115e+00 1.545579e+00 1.530073e+00 1.480704e+00 1.484327e+00 1.442280e+00 1.391670e+00 1.395149e+00 1.403174e+00 1.416294e+00 1.433542e+00 1.991827e+00 1.993600e+00 1.521248e+00 1.494022e+00 1.363761e+00 1.293169e+00 1.217058e+00 1.295440e+00 1.024414e+00 1.154906e+00 9.069191e-01 3.338455e+00 2.167146e+00 1.794442e+00 1.430335e+00 1.161279e+00 1.050553e+00 1.075262e+00 9.501934e-01 -9.999000e+03 -9.999000e+03 -9.999000e+03 -9.999000e+03 -9.999000e+03 -9.999000e+03 -9.999000e+03 -9.999000e+03 -9.999000e+03 -9.999000e+03 -9.999000e+03 -9.999000e+03 -9.999000e+03 -9.999000e+03 -9.999000e+03 -9.999000e+03 -9.999000e+03
1.238948e+00 1.073433e+00 1.162553e+00 1.364000e+00 1.418937e+00 1.496624e+00 1.528300e+00 1.575122e+00 1.564530e+00 1.521009e+00 1.523799e+00 1.488459e+00 1.449501e+00 1.459877e+00 1.470898e+00 1.481448e+00 2.065935e+00 2.012709e+00 1.535390e+00 1.507003e+00 1.402926e+00 1.343409e+00 1.281539e+00 1.344545e+00 1.125042e+00 1.226885e+00 1.030998e+00 3.338455e+00 8.996767e-01 2.212040e+00 1.897548e+00 1.280826e+00 1.167676e+00 1.161594e+00 1.054340e+00 9.188331e-01 9.430706e-01 9.454489e-01 -9.999000e+03 -9.999000e+03 -9.999000e+03 -9.999000e+03 -9.999000e+03 -9.999000e+03 -9.999000e+03 -9.999000e+03 -9.999000e+03 -9.999000e+03 -9.999000e+03 -9.999000e+03 -9.999000e+03 -9.999000e+03
9.644497e-01 1.300086e+00 1.161762e+00 1.242770e+00 1.422837e+00 1.472531e+00 1.538539e+00 1.563102e+00 1.596352e+00 1.589771e+00 1.556137e+00 1.562043e+00 1.535971e+00 1.506183e+00 1.515684e+00 1.524147e+00 1.720648e+00 2.025736e+00 1.551320e+00 1.523238e+00 1.442579e+00 1.394021e+00 1.343183e+00 1.392895e+00 1.208830e+00 1.288429e+00 1.122872e+00 3.338455e+00 1.025614e+00 2.243630e+00 1.984047e+00 1.368168e+00 1.265266e+00 1.244536e+00 1.149731e+00 1.051162e+00 1.081145e+00 9.355594e-01 1.098918e+00 9.486141e-01 -9.999000e+03 -9.999000e+03 -9.999000e+03 -9.999000e+03 -9.999000e+03 -9.999000e+03 -9.999000e+03 -9.999000e+03 -9.999000e+03 -9.999000e+03 -9.999000e+03 -9.999000e+03
1.065340e+00 8.326021e-01 1.361749e+00 1.247962e+00 1.321781e+00 1.477115e+00 1.516741e+00 1.568525e+00 1.587327e+00 1.614409e+00 1.613443e+00 1.590513e+00 1.597424e+00 1.576044e+00 1.551579e+00 1.563344e+00 1.682260e+00 2.032203e+00 1.571496e+00 1.546795e+00 1.486399e+00 1.448447e+00 1.406434e+00 1.442808e+00 1.284167e+00 1.343895e+00 1.201131e+00 3.338455e+00 1.118992e+00 2.257134e+00 2.034836e+00 1.416611e+00 1.346063e+00 1.335935e+00 1.254036e+00 1.170059e+00 9.144649e-01 9.281229e-01 1.095600e+00 1.224314e+00 1.111710e+00 0.000000e+00 -9.999000e+03 -9.999000e+03 -9.999000e+03 -9.999000e+03 -9.999000e+03 -9.999000e+03 -9.999000e+03 -9.999000e+03 -9.999000e+03 -9.999000e+03
1.153942e+00 9.696212e-01 1.418658e+00 1.322148e+00 8.517839e-01 1.387281e+00 1.519566e+00 1.550917e+00 1.592919e+00 1.609234e+00 1.632275e+00 1.635549e+00 1.619988e+00 1.627790e+00 1.613887e+00 1.599514e+00 1.612485e+00 2.014409e+00 1.586659e+00 1.565456e+00 1.521058e+00 1.491818e+00 1.458376e+00 1.485210e+00 1.349216e+00 1.393348e+00 1.267974e+00 3.338455e+00 1.198286e+00 2.265156e+00 2.082712e+00 1.453427e+00 1.409786e+00 1.412494e+00 1.346473e+00 1.271820e+00 1.068243e+00 1.080978e+00 9.290875e-01 1.214091e+00 0.000000e+00 0.000000e+00 0.000000e+00 0.000000e+00 -9.999000e+03 -9.999000e+03 -9.999000e+03 -9.999000e+03 -9.999000e+03 -9.999000e+03 -9.999000e+03 -9.999000e+03
1.233030e+00 1.082275e+00 1.470377e+00 1.385663e+00 8.497701e-01 9.889406e-01 1.441843e+00 1.554139e+00 1.577266e+00 1.611945e+00 1.627910e+00 1.647552e+00 1.655467e+00 1.650041e+00 1.663663e+00 1.658760e+00 1.643769e+00 1.687916e+00 1.592821e+00 1.573965e+00 1.541086e+00 1.519893e+00 1.495226e+00 1.517585e+00 1.404101e+00 1.436821e+00 1.327653e+00 3.338455e+00 1.269210e+00 2.266353e+00 2.134000e+00 1.483038e+00 1.454317e+00 1.464573e+00 1.419012e+00 1.360325e+00 1.191449e+00 1.194935e+00 1.080066e+00 0.000000e+00 0.000000e+00 1.560762e+00 1.327621e+00 1.041278e+00 0.000000e+00 -9.999000e+03 -9.999000e+03 -9.999000e+03 -9.999000e+03 -9.999000e+03 -9.999000e+03 -9.999000e+03
1.310904e+00 1.180011e+00 1.519349e+00 1.442236e+00 9.874591e-01 8.490570e-01 1.093687e+00 1.483900e+00 1.580131e+00 1.602486e+00 1.633901e+00 1.650352e+00 1.671463e+00 1.688889e+00 1.689206e+00 1.692038e+00 1.685227e+00 1.658319e+00 1.622446e+00 1.577067e+00 1.556218e+00 1.542444e+00 1.525794e+00 1.544542e+00 1.450882e+00 1.474279e+00 1.381611e+00 3.338455e+00 1.331610e+00 2.244935e+00 2.179664e+00 1.503355e+00 1.484753e+00 1.499080e+00 8.992646e-01 9.093775e-01 1.281034e+00 1.279106e+00 0.000000e+00 0.000000e+00 1.069932e+00 1.623173e+00 1.417546e+00 1.179717e+00 1.027606e+00 0.000000e+00 -9.999000e+03 -9.999000e+03 -9.999000e+03 -9.999000e+03 -9.999000e+03 -9.999000e+03
1.392736e+00 1.273445e+00 1.566895e+00 1.493558e+00 1.095035e+00 9.850702e-01 8.442718e-01 1.176878e+00 1.524048e+00 1.613018e+00 1.636880e+00 1.666706e+00 1.688934e+00 1.702813e+00 1.708971e+00 1.699407e+00 1.694459e+00 1.680664e+00 1.584407e+00 1.576584e+00 1.567214e+00 1.563161e+00 1.553802e+00 1.568136e+00 1.489847e+00 1.507112e+00 1.431169e+00 3.338455e+00 1.387319e+00 2.171741e+00 2.218496e+00 1.514877e+00 1.504089e+00 8.735013e-01 8.848984e-01 8.959672e-01 1.341383e+00 0.000000e+00 0.000000e+00 9.602425e-01 1.187067e+00 1.714401e+00 1.528859e+00 1.313448e+00 1.183076e+00 1.002999e+00 1.022895e+00 -9.999000e+03 -9.999000e+03 -9.999000e+03 -9.999000e+03 -9.999000e+03
1.483900e+00 1.368802e+00 1.619080e+00 1.548702e+00 8.586668e-01 1.188864e+00 1.092220e+00 9.849221e-01 1.260055e+00 1.569916e+00 1.647183e+00 1.668810e+00 1.691373e+00 1.702742e+00 1.708954e+00 1.705925e+00 1.691776e+00 1.689419e+00 1.600723e+00 1.581305e+00 1.580934e+00 1.582638e+00 1.577016e+00 1.586635e+00 1.522295e+00 1.535655e+00 1.476493e+00 3.338455e+00 1.440660e+00 1.975894e+00 2.259818e+00 1.528080e+00 8.612581e-01 8.656956e-01 8.749584e-01 8.840659e-01 0.000000e+00 0.000000e+00 9.385387e-01 1.100900e+00 1.271487e+00 1.774088e+00 9.665194e-01 9.889811e-01 1.282173e+00 1.145130e+00 1.145402e+00 1.006150e+00 0.000000e+00 -9.999000e+03 -9.999000e+03 -9.999000e+03
1.545845e+00 1.574558e+00 1.458288e+00 1.670078e+00 1.602165e+00 1.009041e+00 1.275521e+00 1.193433e+00 1.101968e+00 1.333606e+00 1.602638e+00 1.663430e+00 1.679432e+00 1.690834e+00 1.696223e+00 1.699495e+00 1.697199e+00 1.690286e+00 1.689281e+00 1.580133e+00 1.601654e+00 1.604178e+00 1.597932e+00 1.601191e+00 1.549957e+00 1.561958e+00 1.519051e+00 3.338455e+00 1.494363e+00 1.711845e+00 2.309359e+00 8.621380e-01 8.645604e-01 8.657157e-01 0.000000e+00 0.000000e+00 0.000000e+00 8.861750e-01 1.078444e+00 1.201400e+00 1.335196e+00 9.134862e-01 9.271898e-01 1.110393e+00 1.346447e+00 1.268767e+00 1.280512e+00 9.890196e-01 1.004959e+00 0.000000e+00 -9.999000e+03 -9.999000e+03
2.576964e+00 2.576964e+00 1.426852e+00 1.334995e+00 1.707431e+00 1.640275e+00 1.118248e+00 1.345090e+00 1.270192e+00 1.188703e+00 1.387716e+00 1.619620e+00 1.664238e+00 1.674240e+00 1.687961e+00 1.690010e+00 1.691562e+00 1.693356e+00 1.691952e+00 1.507690e+00 1.628382e+00 1.630790e+00 1.621904e+00 1.618985e+00 1.577877e+00 1.590983e+00 1.563923e+00 3.318483e+00 1.546039e+00 1.640279e+00 2.353129e+00 8.639547e-01 8.642745e-01 0.000000e+00 0.000000e+00 9.333327e-01 8.778486e-01 1.025068e+00 1.179269e+00 1.278038e+00 8.935386e-01 9.000940e-01 9.088080e-01 1.201438e+00 1.391379e+00 1.344696e+00 9.691995e-01 9.674636e-01 9.662060e-01 1.309069e+00 1.013182e+00 0.000000e+00
1.573023e+00 1.652995e+00 2.576964e+00 1.493634e+00 1.406441e+00 1.466795e+00 1.415383e+00 1.056081e+00 1.207360e+00 1.153273e+00 1.094879e+00 1.228946e+00 1.381717e+00 1.407973e+00 1.414087e+00 1.423649e+00 1.433774e+00 1.444242e+00 1.454252e+00 1.462750e+00 1.534543e+00 1.431641e+00 1.419857e+00 1.409260e+00 1.613421e+00 1.628921e+00 1.614878e+00 3.214549e+00 1.596306e+00 1.646865e+00 2.392089e+00 8.630589e-01 0.000000e+00 0.000000e+00 9.070608e-01 1.072925e+00 1.019672e+00 1.132820e+00 1.259748e+00 8.779661e-01 8.842468e-01 8.925088e-01 9.012664e-01 9.132669e-01 1.423638e+00 1.386576e+00 9.329974e-01 1.096147e+00 1.101515e+00 1.352435e+00 9.676982e-01 1.308650e+00
8.147744e-01 9.489426e-01 1.056727e+00 2.576964e+00 2.576964e+00 2.576964e+00 2.576964e+00 1.463720e+00 1.145657e+00 1.285075e+00 1.237326e+00 1.185016e+00 1.307037e+00 1.441296e+00 1.556445e+00 1.480396e+00 1.492346e+00 1.503506e+00 1.514529e+00 1.524539e+00 8.288589e-01 1.555497e+00 1.578716e+00 1.471217e+00 1.419189e+00 1.436848e+00 1.664278e+00 3.118598e+00 1.638680e+00 1.662824e+00 2.418917e+00 0.000000e+00 0.000000e+00 8.631534e-01 1.047018e+00 1.178686e+00 1.130094e+00 1.220884e+00 1.329300e+00 8.734362e-01 8.782901e-01 8.864572e-01 8.949071e-01 9.051117e-01 1.452892e+00 1.425831e+00 1.082014e+00 1.199102e+00 1.204314e+00 1.424177e+00 1.100318e+00 1.347406e+00
1.024511e+00 1.106468e+00 1.185783e+00 1.275404e+00 1.347209e+00 1.392790e+00 1.435679e+00 2.576964e+00 2.576964e+00 2.576964e+00 2.576964e+00 2.576964e+00 2.576964e+00 2.576964e+00 2.576964e+00 2.576964e+00 2.576964e+00 1.580735e+00 1.576897e+00 1.574998e+00 1.569710e+00 9.549800e-01 1.579175e+00 1.519612e+00 1.491003e+00 1.516164e+00 1.474033e+00 3.013927e+00 1.669120e+00 1.677221e+00 0.000000e+00 0.000000e+00 8.565373e-01 8.605059e-01 1.151561e+00 1.262724e+00 1.218976e+00 1.297721e+00 1.391260e+00 8.717667e-01 8.751570e-01 8.820201e-01 8.895997e-01 8.986799e-01 9.099745e-01 9.216147e-01 1.205302e+00 1.297397e+00 1.294838e+00 1.483665e+00 1.194432e+00 1.412759e+00
9.161027e-01 1.012305e+00 1.102473e+00 2.488621e+00 2.454625e+00 2.348152e+00 2.318613e+00 2.285624e+00 2.270082e+00 2.254619e+00 2.247347e+00 2.246932e+00 2.253148e+00 2.263380e+00 2.276257e+00 2.279989e+00 2.280043e+00 2.576964e+00 2.576964e+00 1.642907e+00 1.628365e+00 1.607131e+00 1.609261e+00 1.575559e+00 1.560551e+00 1.585251e+00 1.548224e+00 2.336727e+00 1.690317e+00 0.000000e+00 0.000000e+00 8.569598e-01 8.549673e-01 8.588719e-01 1.237628e+00 1.333073e+00 1.293522e+00 1.361115e+00 8.678357e-01 8.677422e-01 8.705282e-01 8.774437e-01 8.847046e-01 8.928853e-01 9.025256e-01 9.145274e-01 9.256258e-01 1.379343e+00 1.374458e+00 1.538943e+00 1.280231e+00 1.475019e+00
1.593265e+00 2.588577e+00 2.563872e+00 1.631041e+00 1.613382e+00 1.592020e+00 1.574851e+00 1.563116e+00 1.540318e+00 1.533376e+00 1.531124e+00 1.319126e+00 1.278049e+00 1.288820e+00 1.302772e+00 1.318719e+00 1.501794e+00 1.630127e+00 1.746594e+00 2.576964e+00 2.576964e+00 2.576964e+00 2.576964e+00 1.650173e+00 1.631645e+00 1.643077e+00 1.603550e+00 2.271358e+00 0.000000e+00 0.000000e+00 8.648253e-01 9.950155e-01 8.538422e-01 8.581750e-01 1.310071e+00 1.393110e+00 1.355543e+00 1.413646e+00 8.621268e-01 8.616821e-01 8.640075e-01 8.712777e-01 8.800124e-01 8.885248e-01 8.947777e-01 9.026283e-01 9.144788e-01 1.442596e+00 1.444159e+00 1.594168e+00 1.370989e+00 1.542159e+00
2.860969e+00 1.666238e+00 1.649294e+00 1.633267e+00 1.614879e+00 1.596044e+00 1.578423e+00 1.540051e+00 1.525748e+00 1.515455e+00 1.511894e+00 1.424107e+00 1.427002e+00 1.431952e+00 1.439438e+00 1.316254e+00 1.284518e+00 2.424877e+00 2.563818e+00 2.576964e+00 2.576964e+00 2.526131e+00 2.576964e+00 2.576964e+00 1.747853e+00 1.718280e+00 1.657071e+00 8.255924e-01 0.000000e+00 8.412398e-01 1.008840e+00 1.103012e+00 8.515871e-01 9.946968e-01 1.371783e+00 1.444583e+00 1.409324e+00 1.457498e+00 8.577455e-01 8.573923e-01 8.599330e-01 8.663378e-01 8.757573e-01 8.856165e-01 8.909310e-01 8.947155e-01 9.037259e-01 9.150435e-01 1.493556e+00 1.630519e+00 1.443979e+00 1.595924e+00
1.689770e+00 1.675320e+00 1.660068e+00 1.648517e+00 1.635976e+00 1.619613e+00 1.563848e+00 1.544773e+00 1.527726e+00 1.516860e+00 1.389574e+00 1.386976e+00 1.385136e+00 1.384780e+00 1.497429e+00 1.424021e+00 2.884375e+00 1.530170e+00 1.249598e+00 1.242398e+00 1.256639e+00 0.000000e+00 0.000000e+00 0.000000e+00 2.576964e+00 2.263189e+00 1.753440e+00 0.000000e+00 0.000000e+00 1.002118e+00 1.015540e+00 1.197477e+00 8.487633e-01 1.096095e+00 1.423726e+00 1.488688e+00 1.456050e+00 8.567276e-01 8.540979e-01 8.534192e-01 8.572672e-01 8.638526e-01 8.727243e-01 8.831611e-01 8.896025e-01 8.909532e-01 8.950271e-01 9.022765e-01 1.522546e+00 1.642084e+00 1.491073e+00 1.628732e+00
1.690921e+00 1.686308e+00 1.673781e+00 1.666030e+00 1.657720e+00 1.588138e+00 1.569557e+00 1.551570e+00 1.535433e+00 1.363102e+00 1.355776e+00 1.350039e+00 1.345730e+00 1.489199e+00 1.383216e+00 2.520050e+00 1.517215e+00 1.382715e+00 1.338047e+00 1.345547e+00 1.267977e+00 1.182392e+00 1.221836e+00 0.000000e+00 0.000000e+00 0.000000e+00 2.447987e+00 0.000000e+00 8.821130e-01 1.150779e+00 1.143601e+00 1.136581e+00 9.959512e-01 1.188648e+00 1.470555e+00 1.525517e+00 1.494925e+00 8.541312e-01 8.518916e-01 8.500152e-01 8.528315e-01 8.605313e-01 8.698520e-01 8.809784e-01 8.883145e-01 8.899159e-01 8.918577e-01 1.046889e+00 1.543404e+00 1.643553e+00 1.526115e+00 1.643799e+00
1.698044e+00 1.691381e+00 1.689777e+00 1.688295e+00 1.601564e+00 1.587658e+00 1.570667e+00 1.557146e+00 1.341236e+00 1.330260e+00 1.319278e+00 1.311715e+00 1.493648e+00 1.352581e+00 2.528005e+00 1.530059e+00 1.341255e+00 1.279601e+00 1.274830e+00 1.417911e+00 1.276999e+00 1.114530e+00 1.128050e+00 1.176183e+00 1.200520e+00 0.000000e+00 0.000000e+00 0.000000e+00 2.205975e+00 1.049424e+00 1.360555e+00 1.254418e+00 1.131399e+00 1.283618e+00 1.517585e+00 1.557087e+00 1.525701e+00 8.507722e-01 8.501307e-01 8.479325e-01 8.490778e-01 8.560615e-01 8.662839e-01 8.788556e-01 8.871710e-01 8.903453e-01 8.925876e-01 1.160883e+00 1.561455e+00 1.638665e+00 1.554043e+00 1.645925e+00
1.702076e+00 1.701886e+00 1.698088e+00 1.595200e+00 1.587786e+00 1.574439e+00 1.560932e+00 1.301600e+00 1.297695e+00 1.286632e+00 1.276035e+00 1.500831e+00 1.324314e+00 2.543071e+00 1.560194e+00 1.307215e+00 1.235105e+00 1.224861e+00 1.391429e+00 1.213269e+00 1.212856e+00 1.213939e+00 1.065439e+00 1.086171e+00 1.125596e+00 1.439760e+00 0.000000e+00 0.000000e+00 0.000000e+00 0.000000e+00 1.975460e+00 1.377442e+00 1.112304e+00 1.364800e+00 1.559346e+00 1.584128e+00 1.553870e+00 8.481732e-01 8.468627e-01 8.456035e-01 8.462185e-01 8.509644e-01 8.602359e-01 8.731293e-01 8.815067e-01 8.864502e-01 8.900949e-01 1.251623e+00 1.575148e+00 1.630162e+00 1.568516e+00 1.634732e+00
1.705390e+00 1.705520e+00 1.578551e+00 1.572502e+00 1.562607e+00 1.550332e+00 1.234914e+00 1.236763e+00 1.235719e+00 1.229785e+00 1.504710e+00 1.289779e+00 2.887355e+00 1.598806e+00 1.270129e+00 1.188672e+00 1.180578e+00 1.374220e+00 1.158257e+00 1.153991e+00 1.149783e+00 1.144314e+00 1.145722e+00 1.023633e+00 1.037192e+00 0.000000e+00 0.000000e+00 9.298014e-01 1.034336e+00 0.000000e+00 0.000000e+00 0.000000e+00 1.211244e+00 1.237273e+00 1.589965e+00 1.609058e+00 1.579537e+00 8.471645e-01 8.435318e-01 8.429128e-01 8.436868e-01 8.467961e-01 8.530742e-01 8.636477e-01 8.724527e-01 8.784131e-01 8.838099e-01 1.326379e+00 1.586943e+00 1.619802e+00 1.571620e+00 1.612444e+00
