tests/data/reference/test_implicit_stream_rill_mfda/control/cinfil_m3.asc
ncols	123
nrows	77
xllcorner	-713746.79929998
yllcorner	-1061022.36961616
cellsize	10.0
NODATA_value	-9999
[rows 23 to 45 of 77, columns 0 to 51 of 123]
-9.999000e+03 -9.999000e+03 -9.999000e+03 -9.999000e+03 -9.999000e+03 -9.999000e+03 -9.999000e+03 -9.999000e+03 -9.999000e+03 -9.999000e+03 -9.999000e+03 -9.999000e+03 -9.999000e+03 -9.999000e+03 1.040940e+00 1.457665e+00 1.550457e+00 1.190798e+00 1.006177e+00 1.245804e+00 1.064137e+00 0.000000e+00 1.166802e+00 1.558984e+00 1.459008e+00 1.715604e+00 1.853841e+00 1.543150e+00 1.327614e+00 1.870172e+00 8.672251e-01 1.007761e+00 1.116912e+00 1.462022e+00 1.786311e+00 1.646652e+00 2.152080e+00 8.492033e-01 1.777594e+00 1.567962e+00 1.549868e+00 1.522803e+00 1.576404e+00 1.518858e+00 1.517528e+00 1.464004e+00 1.490705e+00 1.620460e+00 1.372103e+00 1.166856e+00 1.074668e+00 8.268920e-01
-9.999000e+03 -9.999000e+03 -9.999000e+03 -9.999000e+03 -9.999000e+03 -9.999000e+03 -9.999000e+03 -9.999000e+03 -9.999000e+03 -9.999000e+03 -9.999000e+03 -9.999000e+03 -9.999000e+03 -9.999000e+03 1.447146e+00 2.229627e+00 1.760723e+00 1.107009e+00 1.016133e+00 9.244620e-01 0.000000e+00 0.000000e+00 8.448604e-01 1.065858e+00 1.578766e+00 1.765544e+00 1.902008e+00 1.608724e+00 1.224253e+00 8.097477e-01 1.850637e+00 1.008989e+00 1.119382e+00 1.214244e+00 1.882924e+00 1.637550e+00 2.198662e+00 8.464013e-01 1.817588e+00 1.581433e+00 1.572941e+00 1.554038e+00 1.581213e+00 1.544964e+00 1.542808e+00 1.502655e+00 1.520506e+00 1.613561e+00 1.421006e+00 1.243213e+00 8.259139e-01 1.157257e+00
-9.999000e+03 -9.999000e+03 -9.999000e+03 -9.999000e+03 -9.999000e+03 -9.999000e+03 -9.999000e+03 -9.999000e+03 -9.999000e+03 -9.999000e+03 -9.999000e+03 -9.999000e+03 -9.999000e+03 -9.999000e+03 2.394283e+00 1.275982e+00 9.767550e-01 9.778162e-01 9.848214e-01 1.017650e+00 0.000000e+00 1.170239e+00 1.309834e+00 9.955689e-01 1.085772e+00 1.601809e+00 1.978916e+00 1.656057e+00 1.296357e+00 8.045527e-01 9.448497e-01 1.539935e+00 1.013245e+00 1.223723e+00 1.306638e+00 1.984669e+00 8.559921e-01 2.234683e+00 9.887435e-01 1.883048e+00 1.594323e+00 1.580421e+00 1.593033e+00 1.569484e+00 1.566416e+00 1.535514e+00 1.545323e+00 1.605596e+00 1.461136e+00 1.305728e+00 9.554676e-01 8.158566e-01
-9.999000e+03 -9.999000e+03 -9.999000e+03 -9.999000e+03 -9.999000e+03 -9.999000e+03 -9.999000e+03 -9.999000e+03 -9.999000e+03 -9.999000e+03 -9.999000e+03 -9.999000e+03 9.351408e-01 1.006479e+00 1.701329e+00 1.159713e+00 9.720205e-01 1.173971e+00 1.063399e+00 0.000000e+00 1.509957e+00 1.454894e+00 1.238353e+00 1.352512e+00 1.108914e+00 1.157067e+00 2.065642e+00 1.708852e+00 1.370076e+00 9.539241e-01 8.098621e-01 1.057797e+00 1.557651e+00 1.136378e+00 1.172048e+00 1.378047e+00 1.789817e+00 9.937252e-01 2.269414e+00 1.100851e+00 1.678383e+00 1.604050e+00 1.609594e+00 1.593447e+00 1.588307e+00 1.562252e+00 1.564082e+00 1.598593e+00 1.493367e+00 1.358386e+00 1.054442e+00 8.117853e-01
-9.999000e+03 -9.999000e+03 -9.999000e+03 -9.999000e+03 -9.999000e+03 -9.999000e+03 -9.999000e+03 -9.999000e+03 -9.999000e+03 -9.999000e+03 -9.999000e+03 -9.999000e+03 -9.999000e+03 9.436926e-01 1.180546e+00 1.166741e+00 1.105871e+00 1.098700e+00 0.000000e+00 1.658059e+00 1.504844e+00 1.504964e+00 1.643934e+00 1.745549e+00 1.841165e+00 1.924901e+00 2.003146e+00 2.176695e+00 1.766999e+00 1.443921e+00 1.074896e+00 9.604715e-01 1.168670e+00 1.584023e+00 1.237669e+00 1.252378e+00 1.245129e+00 1.499035e+00 1.102953e+00 2.295531e+00 1.642719e+00 1.625912e+00 1.629002e+00 1.616678e+00 1.607756e+00 1.582378e+00 1.576184e+00 1.592553e+00 1.518328e+00 1.403167e+00 1.136978e+00 9.420928e-01
-9.999000e+03 -9.999000e+03 -9.999000e+03 -9.999000e+03 -9.999000e+03 -9.999000e+03 -9.999000e+03 -9.999000e+03 -9.999000e+03 -9.999000e+03 -9.999000e+03 -9.999000e+03 -9.999000e+03 -9.999000e+03 -9.999000e+03 1.036827e+00 1.213590e+00 0.000000e+00 0.000000e+00 1.246032e+00 1.342708e+00 1.467194e+00 1.571334e+00 1.655053e+00 1.720976e+00 1.769393e+00 1.812411e+00 2.119022e+00 2.333600e+00 1.801462e+00 1.511412e+00 1.193612e+00 1.103603e+00 1.281196e+00 1.606130e+00 1.302009e+00 1.317135e+00 1.323883e+00 1.829909e+00 1.067451e+00 2.054262e+00 1.642893e+00 1.642683e+00 1.631193e+00 1.619265e+00 1.594750e+00 1.583795e+00 1.589478e+00 1.538909e+00 1.442451e+00 1.209398e+00 1.045207e+00
-9.999000e+03 -9.999000e+03 -9.999000e+03 -9.999000e+03 -9.999000e+03 -9.999000e+03 -9.999000e+03 -9.999000e+03 -9.999000e+03 -9.999000e+03 -9.999000e+03 -9.999000e+03 -9.999000e+03 -9.999000e+03 -9.999000e+03 -9.999000e+03 1.111867e+00 0.000000e+00 1.249549e+00 1.312358e+00 1.418590e+00 1.517129e+00 1.592122e+00 1.640081e+00 1.665880e+00 1.670084e+00 1.666557e+00 1.666094e+00 1.659411e+00 2.153174e+00 2.081776e+00 2.116969e+00 1.311203e+00 1.225965e+00 1.366284e+00 1.619276e+00 1.651389e+00 1.712189e+00 1.401205e+00 1.942299e+00 1.158728e+00 1.576504e+00 1.646162e+00 1.634021e+00 1.621136e+00 1.599636e+00 1.588176e+00 1.589337e+00 1.556416e+00 1.477518e+00 1.275229e+00 1.135191e+00
-9.999000e+03 -9.999000e+03 -9.999000e+03 -9.999000e+03 -9.999000e+03 -9.999000e+03 -9.999000e+03 -9.999000e+03 -9.999000e+03 -9.999000e+03 -9.999000e+03 -9.999000e+03 -9.999000e+03 -9.999000e+03 -9.999000e+03 -9.999000e+03 0.000000e+00 1.534482e+00 1.381925e+00 1.387710e+00 1.425658e+00 2.427914e+00 2.503212e+00 2.554443e+00 2.588173e+00 2.594607e+00 2.594607e+00 2.594607e+00 2.594607e+00 2.594607e+00 2.594607e+00 2.594607e+00 2.594607e+00 2.594607e+00 2.594607e+00 2.594607e+00 2.594607e+00 2.594607e+00 2.594607e+00 2.594607e+00 2.594607e+00 2.594607e+00 1.536408e+00 1.419611e+00 1.402172e+00 1.616177e+00 1.602271e+00 1.598886e+00 1.575914e+00 1.512452e+00 1.340107e+00 1.221423e+00
-9.999000e+03 -9.999000e+03 -9.999000e+03 -9.999000e+03 -9.999000e+03 -9.999000e+03 -9.999000e+03 -9.999000e+03 -9.999000e+03 -9.999000e+03 -9.999000e+03 -9.999000e+03 -9.999000e+03 -9.999000e+03 -9.999000e+03 0.000000e+00 1.562172e+00 1.425229e+00 2.294639e+00 2.004205e+00 2.325439e+00 1.462390e+00 1.613574e+00 1.727595e+00 1.815084e+00 1.911624e+00 1.995725e+00 2.075243e+00 2.146216e+00 2.203962e+00 2.263953e+00 2.333837e+00 2.413950e+00 2.510625e+00 2.584960e+00 2.594607e+00 2.594607e+00 2.481925e+00 2.377138e+00 2.337668e+00 2.325967e+00 2.317293e+00 2.594607e+00 2.594607e+00 2.594607e+00 1.477767e+00 1.493243e+00 1.623253e+00 1.600817e+00 1.550454e+00 1.408783e+00 1.310801e+00
-9.999000e+03 -9.999000e+03 -9.999000e+03 -9.999000e+03 -9.999000e+03 -9.999000e+03 -9.999000e+03 -9.999000e+03 -9.999000e+03 -9.999000e+03 -9.999000e+03 -9.999000e+03 -9.999000e+03 -9.999000e+03 0.000000e+00 0.000000e+00 2.204655e+00 2.217159e+00 1.621047e+00 2.767402e+00 1.375897e+00 1.390460e+00 1.406549e+00 1.460692e+00 1.572588e+00 1.397013e+00 1.418124e+00 1.590271e+00 1.586760e+00 1.380163e+00 1.435084e+00 1.721201e+00 1.850477e+00 1.974913e+00 2.080168e+00 2.160331e+00 1.075282e+00 1.121196e+00 1.320893e+00 1.263811e+00 1.215194e+00 1.210332e+00 1.397217e+00 1.512383e+00 1.622902e+00 2.594607e+00 2.594607e+00 2.594607e+00 1.427272e+00 1.483346e+00 1.497957e+00 1.414826e+00
-9.999000e+03 -9.999000e+03 -9.999000e+03 -9.999000e+03 -9.999000e+03 -9.999000e+03 -9.999000e+03 -9.999000e+03 -9.999000e+03 -9.999000e+03 -9.999000e+03 -9.999000e+03 -9.999000e+03 -9.999000e+03 0.000000e+00 2.359023e+00 1.711918e+00 1.597050e+00 2.745872e+00 1.483742e+00 1.529674e+00 1.573857e+00 1.402231e+00 1.593255e+00 1.566063e+00 1.637276e+00 1.593369e+00 1.576384e+00 1.695605e+00 1.800073e+00 1.894092e+00 1.454733e+00 1.538834e+00 1.576773e+00 1.862797e+00 1.042267e+00 1.150601e+00 1.491775e+00 1.420650e+00 1.351455e+00 1.334273e+00 1.259405e+00 1.145602e+00 1.142316e+00 1.171035e+00 1.297500e+00 1.403663e+00 1.505010e+00 2.594607e+00 2.594607e+00 2.594607e+00 1.431229e+00
-9.999000e+03 -9.999000e+03 -9.999000e+03 -9.999000e+03 -9.999000e+03 -9.999000e+03 -9.999000e+03 -9.999000e+03 -9.999000e+03 -9.999000e+03 -9.999000e+03 -9.999000e+03 -9.999000e+03 0.000000e+00 2.162736e+00 1.707271e+00 1.612575e+00 2.720257e+00 1.401410e+00 1.464016e+00 1.537014e+00 1.570493e+00 1.587593e+00 1.546465e+00 1.667409e+00 1.591729e+00 1.584768e+00 1.568606e+00 1.557739e+00 1.477142e+00 1.382843e+00 1.484236e+00 1.537258e+00 1.768901e+00 8.786328e-01 1.022935e+00 1.450113e+00 1.367096e+00 1.294163e+00 1.279950e+00 1.433983e+00 1.251285e+00 1.240131e+00 1.081112e+00 1.078953e+00 1.019437e+00 1.043861e+00 1.046679e+00 1.060758e+00 1.226630e+00 1.388939e+00 2.594607e+00
-9.999000e+03 -9.999000e+03 -9.999000e+03 -9.999000e+03 -9.999000e+03 -9.999000e+03 -9.999000e+03 -9.999000e+03 -9.999000e+03 -9.999000e+03 -9.999000e+03 -9.999000e+03 0.000000e+00 0.000000e+00 1.694442e+00 1.656433e+00 2.706750e+00 1.319696e+00 1.389828e+00 1.483419e+00 1.534337e+00 1.567589e+00 1.514479e+00 1.725946e+00 1.589828e+00 1.587731e+00 1.581366e+00 1.569752e+00 1.446157e+00 1.318730e+00 1.437579e+00 1.511018e+00 1.676703e+00 1.135127e+00 8.747909e-01 1.412499e+00 1.306469e+00 1.223361e+00 1.212085e+00 1.408250e+00 1.186446e+00 1.176136e+00 1.169560e+00 1.167110e+00 1.075505e+00 9.539128e-01 9.501752e-01 9.467164e-01 9.721680e-01 9.917790e-01 1.363822e+00 1.461771e+00
-9.999000e+03 -9.999000e+03 -9.999000e+03 -9.999000e+03 -9.999000e+03 -9.999000e+03 -9.999000e+03 -9.999000e+03 -9.999000e+03 -9.999000e+03 -9.999000e+03 -9.999000e+03 0.000000e+00 1.729000e+00 1.705601e+00 2.689199e+00 1.226786e+00 1.311897e+00 1.430798e+00 1.495640e+00 1.537843e+00 1.454763e+00 1.788009e+00 1.581635e+00 1.584997e+00 1.587382e+00 1.586688e+00 1.416226e+00 1.256287e+00 1.401832e+00 1.497836e+00 1.589050e+00 8.711951e-01 1.022960e+00 1.373156e+00 1.240280e+00 1.144951e+00 1.139474e+00 1.383755e+00 1.119251e+00 1.107052e+00 1.094816e+00 1.088269e+00 9.778647e-01 9.758947e-01 9.710370e-01 9.661064e-01 8.646986e-01 8.673805e-01 1.276458e+00 1.003209e+00 1.020409e+00
-9.999000e+03 -9.999000e+03 -9.999000e+03 -9.999000e+03 -9.999000e+03 -9.999000e+03 -9.999000e+03 -9.999000e+03 -9.999000e+03 -9.999000e+03 -9.999000e+03 0.000000e+00 1.982103e+00 1.758167e+00 2.680460e+00 1.109764e+00 1.224068e+00 1.380751e+00 1.466860e+00 1.521794e+00 1.379678e+00 1.837265e+00 1.563123e+00 1.572555e+00 1.583213e+00 1.591284e+00 1.374455e+00 1.182277e+00 1.359164e+00 1.485367e+00 1.357358e+00 1.465484e+00 8.883251e-01 1.331270e+00 1.157651e+00 1.045331e+00 1.045518e+00 1.350054e+00 1.038965e+00 1.031542e+00 1.017246e+00 9.974119e-01 8.432194e-01 8.447198e-01 8.429646e-01 8.382868e-01 8.346447e-01 8.317784e-01 1.435758e+00 8.896056e-01 8.958602e-01 8.990780e-01
-9.999000e+03 -9.999000e+03 -9.999000e+03 -9.999000e+03 -9.999000e+03 -9.999000e+03 -9.999000e+03 -9.999000e+03 -9.999000e+03 -9.999000e+03 0.000000e+00 0.000000e+00 1.787167e+00 2.679172e+00 9.732418e-01 1.125220e+00 1.334289e+00 1.448062e+00 1.525275e+00 1.303824e+00 1.866401e+00 1.554566e+00 1.563357e+00 1.577412e+00 1.589174e+00 1.303681e+00 1.075957e+00 1.294629e+00 1.449925e+00 1.304976e+00 1.304863e+00 1.300956e+00 1.292670e+00 1.055141e+00 8.950154e-01 9.064958e-01 1.292570e+00 9.132430e-01 9.117907e-01 9.077271e-01 8.888852e-01 8.604813e-01 9.940469e-01 1.105052e+00 1.195931e+00 1.270417e+00 1.334586e+00 1.390915e+00 8.423042e-01 8.503428e-01 8.505633e-01 7.751670e-01
-9.999000e+03 -9.999000e+03 -9.999000e+03 -9.999000e+03 -9.999000e+03 -9.999000e+03 -9.999000e+03 -9.999000e+03 -9.999000e+03 -9.999000e+03 0.000000e+00 1.832916e+00 2.647303e+00 1.182891e+00 1.002458e+00 1.288951e+00 1.437501e+00 1.544866e+00 1.221388e+00 1.875817e+00 1.561280e+00 1.565199e+00 1.578487e+00 1.585700e+00 1.214967e+00 9.227556e-01 1.205168e+00 1.392251e+00 1.215561e+00 1.230068e+00 1.234722e+00 1.233699e+00 9.330783e-01 9.068283e-01 1.057250e+00 1.193322e+00 9.270098e-01 1.095597e+00 1.216441e+00 1.303124e+00 8.925535e-01 8.628331e-01 9.981142e-01 1.112017e+00 1.206326e+00 1.283991e+00 1.348625e+00 1.402932e+00 1.453572e+00 1.504189e+00 1.544901e+00 1.570698e+00
-9.999000e+03 -9.999000e+03 -9.999000e+03 -9.999000e+03 -9.999000e+03 -9.999000e+03 -9.999000e+03 -9.999000e+03 -9.999000e+03 0.000000e+00 2.056249e+00 2.605686e+00 1.338248e+00 1.012675e+00 1.196351e+00 1.409376e+00 1.565830e+00 1.127639e+00 1.867988e+00 1.587436e+00 1.581907e+00 1.592058e+00 1.582965e+00 1.093165e+00 9.282703e-01 1.090144e+00 1.317185e+00 1.096850e+00 1.108517e+00 1.129523e+00 1.134448e+00 9.518042e-01 1.097334e+00 1.189583e+00 1.272128e+00 1.357370e+00 1.435253e+00 1.503177e+00 9.134365e-01 8.946636e-01 1.334766e+00 1.008108e+00 1.112228e+00 1.210549e+00 1.296534e+00 1.368521e+00 1.425310e+00 1.467694e+00 1.504158e+00 1.538141e+00 1.567772e+00 1.592049e+00
-9.999000e+03 -9.999000e+03 -9.999000e+03 -9.999000e+03 -9.999000e+03 -9.999000e+03 -9.999000e+03 -9.999000e+03 -9.999000e+03 0.000000e+00 2.486000e+00 1.523150e+00 1.209379e+00 1.020173e+00 1.323053e+00 1.553624e+00 9.906613e-01 1.844087e+00 1.622521e+00 1.613697e+00 1.627678e+00 1.585502e+00 9.336922e-01 9.263141e-01 1.088623e+00 1.220227e+00 9.378949e-01 9.413362e-01 9.531829e-01 9.767579e-01 9.752630e-01 1.112807e+00 1.206071e+00 1.276490e+00 1.340301e+00 1.402949e+00 1.461519e+00 9.061771e-01 1.531841e+00 1.033470e+00 1.017400e+00 1.366534e+00 1.406184e+00 1.452700e+00 1.496251e+00 1.531411e+00 1.558174e+00 1.576405e+00 1.590174e+00 1.600720e+00 2.856638e+00 2.805384e+00
-9.999000e+03 -9.999000e+03 -9.999000e+03 -9.999000e+03 -9.999000e+03 -9.999000e+03 -9.999000e+03 -9.999000e+03 0.000000e+00 2.001667e+00 2.406897e+00 1.418976e+00 1.026602e+00 1.200583e+00 1.497805e+00 1.556166e+00 1.774689e+00 1.648539e+00 1.648356e+00 1.687884e+00 1.589750e+00 1.103464e+00 1.219042e+00 1.306814e+00 1.386255e+00 2.193942e+00 2.275969e+00 2.351652e+00 2.434454e+00 2.532532e+00 2.605733e+00 2.642426e+00 2.670844e+00 2.695817e+00 2.721904e+00 2.749887e+00 2.775837e+00 2.791149e+00 2.748708e+00 2.363352e+00 1.910403e+00 1.963352e+00 2.023048e+00 2.085550e+00 2.140930e+00 2.185245e+00 2.227093e+00 2.269555e+00 2.309253e+00 2.867431e+00 1.689822e+00 1.689761e+00
-9.999000e+03 -9.999000e+03 -9.999000e+03 -9.999000e+03 -9.999000e+03 -9.999000e+03 -9.999000e+03 0.000000e+00 0.000000e+00 2.352679e+00 1.165798e+00 1.304513e+00 1.019171e+00 1.425065e+00 1.495523e+00 1.599323e+00 1.629728e+00 1.658939e+00 1.769309e+00 1.592938e+00 9.443384e-01 9.383969e-01 1.095480e+00 2.033586e+00 2.107684e+00 1.395320e+00 1.217185e+00 1.321512e+00 1.414671e+00 1.504572e+00 1.559520e+00 1.574435e+00 1.574153e+00 1.566487e+00 1.559885e+00 1.561485e+00 1.572840e+00 1.593214e+00 1.607762e+00 1.610106e+00 1.612462e+00 1.619169e+00 1.626073e+00 1.632708e+00 1.636134e+00 1.634723e+00 1.637072e+00 1.646647e+00 2.879084e+00 1.690821e+00 1.690590e+00 1.689572e+00
-9.999000e+03 -9.999000e+03 -9.999000e+03 -9.999000e+03 -9.999000e+03 -9.999000e+03 -9.999000e+03 0.000000e+00 1.114590e+00 2.305750e+00 9.946764e-01 1.172232e+00 1.311547e+00 1.414697e+00 1.548258e+00 1.588208e+00 1.626168e+00 1.840173e+00 1.581505e+00 1.577321e+00 1.721494e+00 1.843468e+00 1.951867e+00 1.315219e+00 1.312012e+00 1.083211e+00 9.226954e-01 1.085813e+00 1.215346e+00 1.330463e+00 1.411667e+00 1.457570e+00 1.490726e+00 1.517252e+00 1.540160e+00 1.562446e+00 2.879273e+00 2.929263e+00 2.974037e+00 3.010949e+00 3.048859e+00 3.091256e+00 2.949571e+00 2.925886e+00 3.037711e+00 3.308923e+00 3.077259e+00 2.937491e+00 1.675997e+00 1.685261e+00 1.688651e+00 1.691850e+00
-9.999000e+03 -9.999000e+03 -9.999000e+03 -9.999000e+03 -9.999000e+03 -9.999000e+03 -9.999000e+03 1.162567e+00 2.265071e+00 1.440325e+00 1.014519e+00 1.178257e+00 1.300650e+00 1.474048e+00 1.527514e+00 1.585491e+00 1.893231e+00 1.530769e+00 1.560622e+00 1.563708e+00 1.560023e+00 1.558810e+00 1.211470e+00 1.218069e+00 9.295919e-01 9.195627e-01 1.077183e+00 1.202870e+00 1.307470e+00 1.397467e+00 1.465801e+00 1.510662e+00 1.543843e+00 2.735803e+00 2.783734e+00 2.829348e+00 1.644643e+00 1.630606e+00 1.616282e+00 1.601986e+00 1.592388e+00 1.596047e+00 1.593977e+00 1.720132e+00 1.829036e+00 1.932184e+00 1.623183e+00 1.638146e+00 1.654813e+00 1.673545e+00 1.689166e+00 1.692094e+00
