tests/data/reference/test_implicit_stream_rill_mfda/control/cinfil_m3.asc
ncols	123
nrows	77
xllcorner	-713746.79929998
yllcorner	-1061022.36961616
cellsize	10.0
NODATA_value	-9999
[rows 23 to 45 of 77, columns 0 to 51 of 123]
-9.999000e+03 -9.999000e+03 -9.999000e+03 -9.999000e+03 -9.999000e+03 -9.999000e+03 -9.999000e+03 -9.999000e+03 -9.999000e+03 -9.999000e+03 -9.999000e+03 -9.999000e+03 -9.999000e+03 -9.999000e+03 1.043130e+00 1.459888e+00 1.555038e+00 1.200237e+00 1.017590e+00 1.254204e+00 1.071963e+00 0.000000e+00 1.173819e+00 1.572250e+00 1.486651e+00 1.717110e+00 1.863765e+00 1.549136e+00 1.338251e+00 1.860269e+00 8.843480e-01 1.023992e+00 1.133281e+00 1.468595e+00 1.806258e+00 1.665202e+00 2.159920e+00 8.673056e-01 1.796921e+00 1.583704e+00 1.560531e+00 1.529536e+00 1.593383e+00 1.528602e+00 1.526753e+00 1.470748e+00 1.497283e+00 1.622961e+00 1.381266e+00 1.182919e+00 1.090664e+00 8.447453e-01
-9.999000e+03 -9.999000e+03 -9.999000e+03 -9.999000e+03 -9.999000e+03 -9.999000e+03 -9.999000e+03 -9.999000e+03 -9.999000e+03 -9.999000e+03 -9.999000e+03 -9.999000e+03 -9.999000e+03 -9.999000e+03 2.404921e+00 2.167511e+00 1.760789e+00 1.117100e+00 1.027313e+00 9.372067e-01 0.000000e+00 0.000000e+00 8.577619e-01 1.074288e+00 1.591686e+00 1.773807e+00 1.912887e+00 1.610643e+00 1.230314e+00 8.236024e-01 1.837715e+00 1.025170e+00 1.135768e+00 1.228427e+00 1.903529e+00 1.655672e+00 2.203824e+00 8.644610e-01 1.837699e+00 1.595119e+00 1.582620e+00 1.561309e+00 1.597553e+00 1.555297e+00 1.552740e+00 1.508725e+00 1.526816e+00 1.619986e+00 1.428858e+00 1.256781e+00 8.437953e-01 1.173315e+00
-9.999000e+03 -9.999000e+03 -9.999000e+03 -9.999000e+03 -9.999000e+03 -9.999000e+03 -9.999000e+03 -9.999000e+03 -9.999000e+03 -9.999000e+03 -9.999000e+03 -9.999000e+03 -9.999000e+03 -9.999000e+03 1.280377e+00 1.262787e+00 9.860144e-01 9.898091e-01 9.967210e-01 1.025971e+00 0.000000e+00 1.188293e+00 1.332035e+00 1.008686e+00 1.097062e+00 1.613898e+00 1.992747e+00 1.653459e+00 1.302138e+00 8.185744e-01 9.596579e-01 1.531538e+00 1.025769e+00 1.238357e+00 1.318901e+00 2.006672e+00 8.741227e-01 2.235759e+00 1.005688e+00 1.904116e+00 1.603540e+00 1.587326e+00 1.607662e+00 1.579060e+00 1.575666e+00 1.540969e+00 1.552399e+00 1.615190e+00 1.467656e+00 1.317224e+00 9.732668e-01 8.341263e-01
-9.999000e+03 -9.999000e+03 -9.999000e+03 -9.999000e+03 -9.999000e+03 -9.999000e+03 -9.999000e+03 -9.999000e+03 -9.999000e+03 -9.999000e+03 -9.999000e+03 -9.999000e+03 9.461271e-01 1.005483e+00 1.668116e+00 1.158719e+00 9.827734e-01 1.183201e+00 1.071225e+00 0.000000e+00 1.527727e+00 1.471656e+00 1.258022e+00 1.376150e+00 1.120412e+00 1.168849e+00 2.083258e+00 1.702525e+00 1.376243e+00 9.685633e-01 8.237132e-01 1.070869e+00 1.556702e+00 1.147444e+00 1.180946e+00 1.388069e+00 2.083695e+00 1.010447e+00 2.264927e+00 1.116708e+00 1.752252e+00 1.611092e+00 1.623308e+00 1.602752e+00 1.597471e+00 1.567946e+00 1.570786e+00 1.610027e+00 1.498737e+00 1.367576e+00 1.072355e+00 8.302321e-01
-9.999000e+03 -9.999000e+03 -9.999000e+03 -9.999000e+03 -9.999000e+03 -9.999000e+03 -9.999000e+03 -9.999000e+03 -9.999000e+03 -9.999000e+03 -9.999000e+03 -9.999000e+03 -9.999000e+03 9.540997e-01 1.186000e+00 1.173435e+00 1.115550e+00 1.106060e+00 0.000000e+00 1.673080e+00 1.515959e+00 1.514404e+00 1.658582e+00 1.762466e+00 1.860838e+00 1.945964e+00 2.026578e+00 2.205783e+00 1.757549e+00 1.449420e+00 1.087726e+00 9.750769e-01 1.180192e+00 1.590667e+00 1.246859e+00 1.260275e+00 1.249950e+00 1.594801e+00 1.118693e+00 2.283920e+00 1.673001e+00 1.633629e+00 1.640495e+00 1.626426e+00 1.617084e+00 1.587950e+00 1.582780e+00 1.604578e+00 1.522798e+00 1.410936e+00 1.153792e+00 9.604225e-01
-9.999000e+03 -9.999000e+03 -9.999000e+03 -9.999000e+03 -9.999000e+03 -9.999000e+03 -9.999000e+03 -9.999000e+03 -9.999000e+03 -9.999000e+03 -9.999000e+03 -9.999000e+03 -9.999000e+03 -9.999000e+03 -9.999000e+03 1.047743e+00 1.220720e+00 0.000000e+00 0.000000e+00 1.277179e+00 1.367888e+00 1.489392e+00 1.589481e+00 1.668469e+00 1.730650e+00 1.773834e+00 1.811364e+00 2.147326e+00 2.373614e+00 1.790428e+00 1.516535e+00 1.204449e+00 1.115986e+00 1.291663e+00 1.616988e+00 1.310149e+00 1.323930e+00 1.328770e+00 1.879532e+00 1.078519e+00 1.876649e+00 1.650445e+00 1.653021e+00 1.639513e+00 1.628328e+00 1.600405e+00 1.590935e+00 1.601239e+00 1.542865e+00 1.448632e+00 1.223577e+00 1.061498e+00
-9.999000e+03 -9.999000e+03 -9.999000e+03 -9.999000e+03 -9.999000e+03 -9.999000e+03 -9.999000e+03 -9.999000e+03 -9.999000e+03 -9.999000e+03 -9.999000e+03 -9.999000e+03 -9.999000e+03 -9.999000e+03 -9.999000e+03 -9.999000e+03 1.119102e+00 0.000000e+00 1.266817e+00 1.330871e+00 1.434917e+00 1.529771e+00 1.601025e+00 1.645052e+00 1.667468e+00 1.669366e+00 1.666256e+00 1.669035e+00 1.666857e+00 2.236065e+00 2.232541e+00 2.353561e+00 1.321762e+00 1.236380e+00 1.375538e+00 1.631351e+00 1.663951e+00 1.725986e+00 1.407220e+00 1.974677e+00 1.168628e+00 1.644604e+00 1.655406e+00 1.641883e+00 1.629771e+00 1.605450e+00 1.595420e+00 1.600554e+00 1.561156e+00 1.482158e+00 1.287883e+00 1.151571e+00
-9.999000e+03 -9.999000e+03 -9.999000e+03 -9.999000e+03 -9.999000e+03 -9.999000e+03 -9.999000e+03 -9.999000e+03 -9.999000e+03 -9.999000e+03 -9.999000e+03 -9.999000e+03 -9.999000e+03 -9.999000e+03 -9.999000e+03 -9.999000e+03 0.000000e+00 1.553098e+00 1.393407e+00 1.398254e+00 1.433578e+00 2.462584e+00 2.569970e+00 2.576964e+00 2.576964e+00 2.576964e+00 2.576964e+00 2.576964e+00 2.576964e+00 2.576964e+00 2.576964e+00 2.576964e+00 2.576964e+00 2.576964e+00 2.576964e+00 2.576964e+00 2.576964e+00 2.576964e+00 2.576964e+00 2.576964e+00 2.576964e+00 2.576964e+00 1.615558e+00 1.424990e+00 1.407896e+00 1.623806e+00 1.610227e+00 1.609880e+00 1.581121e+00 1.516624e+00 1.350825e+00 1.236747e+00
-9.999000e+03 -9.999000e+03 -9.999000e+03 -9.999000e+03 -9.999000e+03 -9.999000e+03 -9.999000e+03 -9.999000e+03 -9.999000e+03 -9.999000e+03 -9.999000e+03 -9.999000e+03 -9.999000e+03 -9.999000e+03 -9.999000e+03 0.000000e+00 1.586713e+00 1.439748e+00 2.326217e+00 2.026172e+00 2.342418e+00 1.467085e+00 1.620391e+00 1.736709e+00 1.824849e+00 1.922873e+00 2.008412e+00 2.092372e+00 2.170432e+00 2.226489e+00 2.292909e+00 2.369570e+00 2.460469e+00 2.576964e+00 2.576964e+00 2.576964e+00 2.576964e+00 2.541372e+00 2.508883e+00 2.491457e+00 2.445633e+00 2.361378e+00 2.576964e+00 2.576964e+00 2.576964e+00 1.484415e+00 1.501468e+00 1.635043e+00 1.607431e+00 1.555323e+00 1.418110e+00 1.323782e+00
-9.999000e+03 -9.999000e+03 -9.999000e+03 -9.999000e+03 -9.999000e+03 -9.999000e+03 -9.999000e+03 -9.999000e+03 -9.999000e+03 -9.999000e+03 -9.999000e+03 -9.999000e+03 -9.999000e+03 -9.999000e+03 0.000000e+00 0.000000e+00 2.244166e+00 2.251855e+00 1.634286e+00 2.779353e+00 1.381838e+00 1.396058e+00 1.411917e+00 1.467155e+00 1.581361e+00 1.404211e+00 1.428933e+00 1.599851e+00 1.596863e+00 1.387574e+00 1.443573e+00 1.735532e+00 1.865997e+00 1.992418e+00 2.101692e+00 2.189635e+00 1.086663e+00 1.131029e+00 1.326494e+00 1.268500e+00 1.220578e+00 1.216228e+00 1.407256e+00 1.523836e+00 1.635786e+00 2.576964e+00 2.576964e+00 2.576964e+00 1.435730e+00 1.490485e+00 1.505923e+00 1.425944e+00
-9.999000e+03 -9.999000e+03 -9.999000e+03 -9.999000e+03 -9.999000e+03 -9.999000e+03 -9.999000e+03 -9.999000e+03 -9.999000e+03 -9.999000e+03 -9.999000e+03 -9.999000e+03 -9.999000e+03 -9.999000e+03 0.000000e+00 2.404414e+00 1.714259e+00 1.608552e+00 2.758533e+00 1.491288e+00 1.536221e+00 1.581398e+00 1.408548e+00 1.602761e+00 1.571554e+00 1.653887e+00 1.602806e+00 1.585585e+00 1.710333e+00 1.816035e+00 1.911791e+00 1.462621e+00 1.545552e+00 1.585228e+00 1.877804e+00 1.057868e+00 1.166702e+00 1.499713e+00 1.428725e+00 1.360923e+00 1.344222e+00 1.263745e+00 1.153603e+00 1.150538e+00 1.180308e+00 1.309962e+00 1.418196e+00 1.520824e+00 2.576964e+00 2.576964e+00 2.576964e+00 1.437246e+00
-9.999000e+03 -9.999000e+03 -9.999000e+03 -9.999000e+03 -9.999000e+03 -9.999000e+03 -9.999000e+03 -9.999000e+03 -9.999000e+03 -9.999000e+03 -9.999000e+03 -9.999000e+03 -9.999000e+03 0.000000e+00 2.213604e+00 1.714746e+00 1.620792e+00 2.734328e+00 1.410814e+00 1.471952e+00 1.544728e+00 1.579787e+00 1.598342e+00 1.552819e+00 1.688996e+00 1.601555e+00 1.594659e+00 1.578092e+00 1.567681e+00 1.482909e+00 1.391956e+00 1.490684e+00 1.543635e+00 1.783835e+00 8.955458e-01 1.039100e+00 1.458156e+00 1.376287e+00 1.305572e+00 1.291759e+00 1.439996e+00 1.263933e+00 1.252776e+00 1.090783e+00 1.088703e+00 1.031059e+00 1.056391e+00 1.059414e+00 1.073658e+00 1.242135e+00 1.407699e+00 2.576964e+00
-9.999000e+03 -9.999000e+03 -9.999000e+03 -9.999000e+03 -9.999000e+03 -9.999000e+03 -9.999000e+03 -9.999000e+03 -9.999000e+03 -9.999000e+03 -9.999000e+03 -9.999000e+03 0.000000e+00 0.000000e+00 1.709856e+00 1.658499e+00 2.726492e+00 1.330794e+00 1.399392e+00 1.491534e+00 1.543293e+00 1.578843e+00 1.521341e+00 1.743152e+00 1.600623e+00 1.598225e+00 1.591822e+00 1.579362e+00 1.452577e+00 1.329068e+00 1.444305e+00 1.516058e+00 1.690970e+00 1.150564e+00 8.918342e-01 1.420866e+00 1.317550e+00 1.237041e+00 1.225060e+00 1.414551e+00 1.200545e+00 1.190603e+00 1.184538e+00 1.182497e+00 1.090983e+00 9.676529e-01 9.640976e-01 9.608483e-01 9.868381e-01 1.006056e+00 1.367781e+00 1.468779e+00
-9.999000e+03 -9.999000e+03 -9.999000e+03 -9.999000e+03 -9.999000e+03 -9.999000e+03 -9.999000e+03 -9.999000e+03 -9.999000e+03 -9.999000e+03 -9.999000e+03 -9.999000e+03 0.000000e+00 1.753021e+00 1.707047e+00 2.706010e+00 1.240121e+00 1.323112e+00 1.439368e+00 1.504151e+00 1.549405e+00 1.462905e+00 1.796524e+00 1.593683e+00 1.596519e+00 1.598527e+00 1.597088e+00 1.423741e+00 1.268541e+00 1.409704e+00 1.502620e+00 1.603238e+00 8.883644e-01 1.038885e+00 1.381910e+00 1.253107e+00 1.160568e+00 1.155172e+00 1.391264e+00 1.134571e+00 1.121594e+00 1.109350e+00 1.103623e+00 9.950066e-01 9.930417e-01 9.883002e-01 9.835447e-01 8.789379e-01 8.812974e-01 1.280044e+00 1.017007e+00 1.033741e+00
-9.999000e+03 -9.999000e+03 -9.999000e+03 -9.999000e+03 -9.999000e+03 -9.999000e+03 -9.999000e+03 -9.999000e+03 -9.999000e+03 -9.999000e+03 -9.999000e+03 0.000000e+00 2.016104e+00 1.763856e+00 2.699432e+00 1.124779e+00 1.237399e+00 1.389662e+00 1.474213e+00 1.531155e+00 1.389434e+00 1.840413e+00 1.575264e+00 1.584461e+00 1.595398e+00 1.601994e+00 1.383896e+00 1.196827e+00 1.368406e+00 1.491024e+00 1.366266e+00 1.477755e+00 9.049358e-01 1.340474e+00 1.172799e+00 1.060261e+00 1.060259e+00 1.359432e+00 1.054522e+00 1.047353e+00 1.032597e+00 1.013437e+00 8.612345e-01 8.627555e-01 8.609763e-01 8.562399e-01 8.522945e-01 8.494980e-01 1.442739e+00 9.041412e-01 9.095630e-01 9.129620e-01
-9.999000e+03 -9.999000e+03 -9.999000e+03 -9.999000e+03 -9.999000e+03 -9.999000e+03 -9.999000e+03 -9.999000e+03 -9.999000e+03 -9.999000e+03 0.000000e+00 0.000000e+00 1.800375e+00 2.698113e+00 9.879370e-01 1.139871e+00 1.343738e+00 1.454941e+00 1.532601e+00 1.314970e+00 1.868652e+00 1.566520e+00 1.575524e+00 1.590656e+00 1.600177e+00 1.315043e+00 1.090482e+00 1.306237e+00 1.457068e+00 1.316320e+00 1.315761e+00 1.311587e+00 1.303459e+00 1.071189e+00 9.114532e-01 9.227827e-01 1.304748e+00 9.293054e-01 9.279004e-01 9.239722e-01 9.054807e-01 8.781643e-01 1.010670e+00 1.120832e+00 1.210928e+00 1.282987e+00 1.345013e+00 1.399566e+00 8.603073e-01 8.684633e-01 8.686874e-01 7.897603e-01
-9.999000e+03 -9.999000e+03 -9.999000e+03 -9.999000e+03 -9.999000e+03 -9.999000e+03 -9.999000e+03 -9.999000e+03 -9.999000e+03 -9.999000e+03 0.000000e+00 1.854407e+00 2.659652e+00 1.196918e+00 1.016402e+00 1.300308e+00 1.444910e+00 1.551576e+00 1.234512e+00 1.880023e+00 1.571676e+00 1.576576e+00 1.592412e+00 1.596547e+00 1.228502e+00 9.385482e-01 1.218902e+00 1.401270e+00 1.229043e+00 1.243472e+00 1.247559e+00 1.246443e+00 9.488487e-01 9.231038e-01 1.074034e+00 1.208272e+00 9.426999e-01 1.110202e+00 1.230037e+00 1.314403e+00 9.090528e-01 8.802852e-01 1.014600e+00 1.128616e+00 1.220710e+00 1.296424e+00 1.358605e+00 1.411264e+00 1.459994e+00 1.509480e+00 1.550169e+00 1.574881e+00
-9.999000e+03 -9.999000e+03 -9.999000e+03 -9.999000e+03 -9.999000e+03 -9.999000e+03 -9.999000e+03 -9.999000e+03 -9.999000e+03 0.000000e+00 2.087807e+00 2.614157e+00 1.348893e+00 1.026331e+00 1.210043e+00 1.418453e+00 1.571836e+00 1.142297e+00 1.874761e+00 1.596129e+00 1.592050e+00 1.606230e+00 1.592820e+00 1.107750e+00 9.439314e-01 1.104928e+00 1.328494e+00 1.111324e+00 1.123338e+00 1.144568e+00 1.148948e+00 9.670629e-01 1.111617e+00 1.203554e+00 1.284072e+00 1.367473e+00 1.444110e+00 1.510237e+00 9.294926e-01 9.111100e-01 1.343572e+00 1.023864e+00 1.128415e+00 1.224640e+00 1.308914e+00 1.378516e+00 1.433388e+00 1.473563e+00 1.508683e+00 1.541830e+00 1.571952e+00 1.597088e+00
-9.999000e+03 -9.999000e+03 -9.999000e+03 -9.999000e+03 -9.999000e+03 -9.999000e+03 -9.999000e+03 -9.999000e+03 -9.999000e+03 0.000000e+00 2.493833e+00 1.530311e+00 1.222307e+00 1.033633e+00 1.334006e+00 1.560294e+00 1.004889e+00 1.853029e+00 1.630584e+00 1.622871e+00 1.643062e+00 1.593599e+00 9.494463e-01 9.420205e-01 1.103503e+00 1.234214e+00 9.535385e-01 9.568925e-01 9.683928e-01 9.913510e-01 9.898991e-01 1.127849e+00 1.219227e+00 1.288044e+00 1.350235e+00 1.412011e+00 1.469323e+00 9.224749e-01 1.536927e+00 1.049328e+00 1.032975e+00 1.373892e+00 1.413737e+00 1.460280e+00 1.504026e+00 1.538780e+00 1.565701e+00 1.583208e+00 1.596990e+00 1.607568e+00 2.681302e+00 2.802576e+00
-9.999000e+03 -9.999000e+03 -9.999000e+03 -9.999000e+03 -9.999000e+03 -9.999000e+03 -9.999000e+03 -9.999000e+03 0.000000e+00 2.035154e+00 2.413853e+00 1.428394e+00 1.040283e+00 1.214100e+00 1.504891e+00 1.562685e+00 1.784876e+00 1.655592e+00 1.656595e+00 1.705130e+00 1.596087e+00 1.117994e+00 1.232585e+00 1.318062e+00 1.395715e+00 2.210794e+00 2.293301e+00 2.370136e+00 2.453533e+00 2.552620e+00 2.627866e+00 2.663697e+00 2.693677e+00 2.717441e+00 2.741470e+00 2.766137e+00 2.785375e+00 2.789511e+00 2.720718e+00 2.353089e+00 1.950968e+00 1.986896e+00 2.042230e+00 2.101386e+00 2.156797e+00 2.200080e+00 2.240192e+00 2.280414e+00 2.318184e+00 3.044976e+00 1.699041e+00 1.698490e+00
-9.999000e+03 -9.999000e+03 -9.999000e+03 -9.999000e+03 -9.999000e+03 -9.999000e+03 -9.999000e+03 0.000000e+00 0.000000e+00 2.361018e+00 1.180418e+00 1.316091e+00 1.032657e+00 1.434261e+00 1.502733e+00 1.605650e+00 1.636739e+00 1.667388e+00 1.785432e+00 1.598535e+00 9.598209e-01 9.540277e-01 1.109919e+00 2.048485e+00 2.123785e+00 1.404455e+00 1.231077e+00 1.332918e+00 1.423887e+00 1.511609e+00 1.565260e+00 1.578500e+00 1.577992e+00 1.571706e+00 1.567533e+00 1.571351e+00 1.583922e+00 1.604824e+00 1.619565e+00 1.620897e+00 1.622582e+00 1.629423e+00 1.636202e+00 1.643564e+00 1.647282e+00 1.645887e+00 1.648120e+00 1.657625e+00 2.670868e+00 1.701289e+00 1.700398e+00 1.698602e+00
-9.999000e+03 -9.999000e+03 -9.999000e+03 -9.999000e+03 -9.999000e+03 -9.999000e+03 -9.999000e+03 0.000000e+00 1.127644e+00 2.316500e+00 1.008854e+00 1.186455e+00 1.323030e+00 1.424117e+00 1.555629e+00 1.595505e+00 1.635575e+00 1.850658e+00 1.587309e+00 1.582985e+00 1.733971e+00 1.856194e+00 1.966632e+00 1.326805e+00 1.323422e+00 1.098266e+00 9.384895e-01 1.100870e+00 1.229095e+00 1.341823e+00 1.420691e+00 1.464067e+00 1.495888e+00 1.521985e+00 1.545477e+00 1.569378e+00 2.919260e+00 2.971965e+00 3.020037e+00 3.059170e+00 3.102872e+00 3.154424e+00 3.040040e+00 2.894212e+00 3.119021e+00 3.338455e+00 3.023367e+00 3.137364e+00 1.689421e+00 1.694196e+00 1.698500e+00 1.702388e+00
-9.999000e+03 -9.999000e+03 -9.999000e+03 -9.999000e+03 -9.999000e+03 -9.999000e+03 -9.999000e+03 1.172263e+00 2.275896e+00 1.449377e+00 1.028126e+00 1.192393e+00 1.312228e+00 1.482029e+00 1.534891e+00 1.595308e+00 1.897280e+00 1.537035e+00 1.566734e+00 1.569410e+00 1.566272e+00 1.566299e+00 1.224930e+00 1.231976e+00 9.452279e-01 9.354366e-01 1.091536e+00 1.216993e+00 1.319269e+00 1.406856e+00 1.472915e+00 1.516015e+00 1.549055e+00 2.764638e+00 2.816280e+00 2.862588e+00 1.650346e+00 1.636604e+00 1.623130e+00 1.608400e+00 1.599304e+00 1.605157e+00 1.602364e+00 1.736056e+00 1.844701e+00 1.949822e+00 1.633488e+00 1.648205e+00 1.664490e+00 1.688050e+00 1.700544e+00 1.702325e+00
