tests/data/reference/test_implicit_stream_rill_mfda/control/cinfil_m3.asc
ncols	123
nrows	77
xllcorner	-713746.79929998
yllcorner	-1061022.36961616
cellsize	10.0
NODATA_value	-9999
[rows 23 to 45 of 77, columns 0 to 51 of 123]
-9.999000e+03 -9.999000e+03 -9.999000e+03 -9.999000e+03 -9.999000e+03 -9.999000e+03 -9.999000e+03 -9.999000e+03 -9.999000e+03 -9.999000e+03 -9.999000e+03 -9.999000e+03 -9.999000e+03 -9.999000e+03 1.042899e+00 1.455461e+00 1.546946e+00 1.191360e+00 1.008508e+00 1.245925e+00 1.064724e+00 0.000000e+00 1.166444e+00 1.557242e+00 1.464694e+00 1.707325e+00 1.847093e+00 1.538494e+00 1.328824e+00 1.858647e+00 8.732809e-01 1.013247e+00 1.121576e+00 1.460526e+00 1.789245e+00 1.651893e+00 2.146811e+00 8.554907e-01 1.781369e+00 1.570850e+00 1.549841e+00 1.521219e+00 1.580162e+00 1.518929e+00 1.517332e+00 1.462595e+00 1.489114e+00 1.615976e+00 1.372396e+00 1.171059e+00 1.080111e+00 8.334688e-01
-9.999000e+03 -9.999000e+03 -9.999000e+03 -9.999000e+03 -9.999000e+03 -9.999000e+03 -9.999000e+03 -9.999000e+03 -9.999000e+03 -9.999000e+03 -9.999000e+03 -9.999000e+03 -9.999000e+03 -9.999000e+03 1.445365e+00 2.223088e+00 1.756356e+00 1.108438e+00 1.018352e+00 9.277014e-01 0.000000e+00 0.000000e+00 8.490016e-01 1.066896e+00 1.577203e+00 1.760113e+00 1.895739e+00 1.601732e+00 1.222236e+00 8.142565e-01 1.837912e+00 1.014468e+00 1.124034e+00 1.217636e+00 1.885985e+00 1.641674e+00 2.191483e+00 8.527273e-01 1.821072e+00 1.582850e+00 1.572368e+00 1.552200e+00 1.584349e+00 1.544750e+00 1.542395e+00 1.500730e+00 1.518738e+00 1.611222e+00 1.420313e+00 1.246141e+00 8.325019e-01 1.161514e+00
-9.999000e+03 -9.999000e+03 -9.999000e+03 -9.999000e+03 -9.999000e+03 -9.999000e+03 -9.999000e+03 -9.999000e+03 -9.999000e+03 -9.999000e+03 -9.999000e+03 -9.999000e+03 -9.999000e+03 -9.999000e+03 2.386480e+00 1.275622e+00 9.794119e-01 9.804622e-01 9.873869e-01 1.018647e+00 0.000000e+00 1.174435e+00 1.313468e+00 9.988406e-01 1.087887e+00 1.599850e+00 1.974150e+00 1.646989e+00 1.293503e+00 8.091188e-01 9.488437e-01 1.529276e+00 1.016023e+00 1.227064e+00 1.308549e+00 1.988069e+00 8.621927e-01 2.225242e+00 9.944137e-01 1.887140e+00 1.593448e+00 1.578361e+00 1.595086e+00 1.568858e+00 1.565660e+00 1.533189e+00 1.543438e+00 1.605206e+00 1.459589e+00 1.307299e+00 9.615884e-01 8.225729e-01
-9.999000e+03 -9.999000e+03 -9.999000e+03 -9.999000e+03 -9.999000e+03 -9.999000e+03 -9.999000e+03 -9.999000e+03 -9.999000e+03 -9.999000e+03 -9.999000e+03 -9.999000e+03 9.382611e-01 1.008806e+00 1.699623e+00 1.160705e+00 9.747261e-01 1.174656e+00 1.063992e+00 0.000000e+00 1.510430e+00 1.455678e+00 1.242629e+00 1.357094e+00 1.110836e+00 1.158752e+00 2.061487e+00 1.697419e+00 1.366855e+00 9.578738e-01 8.143693e-01 1.060538e+00 1.551221e+00 1.137771e+00 1.171872e+00 1.378686e+00 1.848669e+00 9.992930e-01 2.257357e+00 1.105941e+00 1.679302e+00 1.602003e+00 1.610504e+00 1.592581e+00 1.587313e+00 1.559646e+00 1.562087e+00 1.599319e+00 1.491139e+00 1.358938e+00 1.060060e+00 8.185559e-01
-9.999000e+03 -9.999000e+03 -9.999000e+03 -9.999000e+03 -9.999000e+03 -9.999000e+03 -9.999000e+03 -9.999000e+03 -9.999000e+03 -9.999000e+03 -9.999000e+03 -9.999000e+03 -9.999000e+03 9.467146e-01 1.181195e+00 1.167452e+00 1.107180e+00 1.099052e+00 0.000000e+00 1.656777e+00 1.503414e+00 1.503095e+00 1.643664e+00 1.744912e+00 1.840850e+00 1.924626e+00 2.002681e+00 2.172970e+00 1.753760e+00 1.440277e+00 1.077466e+00 9.643327e-01 1.170039e+00 1.581764e+00 1.237362e+00 1.250849e+00 1.242292e+00 1.544473e+00 1.107934e+00 2.279825e+00 1.646058e+00 1.623837e+00 1.629042e+00 1.615445e+00 1.606495e+00 1.579669e+00 1.574188e+00 1.593562e+00 1.515631e+00 1.402478e+00 1.141559e+00 9.484482e-01
-9.999000e+03 -9.999000e+03 -9.999000e+03 -9.999000e+03 -9.999000e+03 -9.999000e+03 -9.999000e+03 -9.999000e+03 -9.999000e+03 -9.999000e+03 -9.999000e+03 -9.999000e+03 -9.999000e+03 -9.999000e+03 -9.999000e+03 1.038819e+00 1.213380e+00 0.000000e+00 0.000000e+00 1.254505e+00 1.348445e+00 1.470753e+00 1.572342e+00 1.653696e+00 1.716879e+00 1.762658e+00 1.803368e+00 2.117395e+00 2.331606e+00 1.787944e+00 1.507275e+00 1.194585e+00 1.105932e+00 1.280676e+00 1.605907e+00 1.300341e+00 1.314556e+00 1.320349e+00 1.852354e+00 1.069164e+00 1.942688e+00 1.640795e+00 1.641983e+00 1.629618e+00 1.617752e+00 1.592160e+00 1.581898e+00 1.590244e+00 1.535959e+00 1.440778e+00 1.212884e+00 1.051043e+00
-9.999000e+03 -9.999000e+03 -9.999000e+03 -9.999000e+03 -9.999000e+03 -9.999000e+03 -9.999000e+03 -9.999000e+03 -9.999000e+03 -9.999000e+03 -9.999000e+03 -9.999000e+03 -9.999000e+03 -9.999000e+03 -9.999000e+03 -9.999000e+03 1.112118e+00 0.000000e+00 1.252584e+00 1.315322e+00 1.419880e+00 1.516404e+00 1.589079e+00 1.635246e+00 1.659639e+00 1.663269e+00 1.660616e+00 1.662482e+00 1.658340e+00 2.149561e+00 2.115157e+00 2.198510e+00 1.310301e+00 1.226370e+00 1.364666e+00 1.619372e+00 1.651459e+00 1.711547e+00 1.397382e+00 1.956423e+00 1.159379e+00 1.612929e+00 1.644933e+00 1.632170e+00 1.619414e+00 1.597148e+00 1.586456e+00 1.589780e+00 1.553467e+00 1.475112e+00 1.277463e+00 1.140015e+00
-9.999000e+03 -9.999000e+03 -9.999000e+03 -9.999000e+03 -9.999000e+03 -9.999000e+03 -9.999000e+03 -9.999000e+03 -9.999000e+03 -9.999000e+03 -9.999000e+03 -9.999000e+03 -9.999000e+03 -9.999000e+03 -9.999000e+03 -9.999000e+03 0.000000e+00 1.535489e+00 1.381882e+00 1.386759e+00 1.423972e+00 2.414189e+00 2.468751e+00 2.468751e+00 2.468751e+00 2.468751e+00 2.468751e+00 2.468751e+00 2.468751e+00 2.468751e+00 2.468751e+00 2.468751e+00 2.468751e+00 2.468751e+00 2.468751e+00 2.468751e+00 2.468751e+00 2.468751e+00 2.468751e+00 2.468751e+00 2.468751e+00 2.468751e+00 1.554297e+00 1.415911e+00 1.398544e+00 1.614148e+00 1.600927e+00 1.599109e+00 1.573178e+00 1.509555e+00 1.341354e+00 1.225080e+00
-9.999000e+03 -9.999000e+03 -9.999000e+03 -9.999000e+03 -9.999000e+03 -9.999000e+03 -9.999000e+03 -9.999000e+03 -9.999000e+03 -9.999000e+03 -9.999000e+03 -9.999000e+03 -9.999000e+03 -9.999000e+03 -9.999000e+03 0.000000e+00 1.567450e+00 1.428162e+00 2.299729e+00 2.001852e+00 2.311793e+00 1.458147e+00 1.609612e+00 1.723439e+00 1.809957e+00 1.906890e+00 1.990850e+00 2.070111e+00 2.140831e+00 2.198180e+00 2.257822e+00 2.327357e+00 2.406288e+00 2.468751e+00 2.468751e+00 2.468751e+00 2.468751e+00 2.440755e+00 2.389417e+00 2.368317e+00 2.354203e+00 2.332389e+00 2.468751e+00 2.468751e+00 2.468751e+00 1.474579e+00 1.491103e+00 1.623447e+00 1.598679e+00 1.547316e+00 1.408779e+00 1.313071e+00
-9.999000e+03 -9.999000e+03 -9.999000e+03 -9.999000e+03 -9.999000e+03 -9.999000e+03 -9.999000e+03 -9.999000e+03 -9.999000e+03 -9.999000e+03 -9.999000e+03 -9.999000e+03 -9.999000e+03 -9.999000e+03 0.000000e+00 0.000000e+00 2.212003e+00 2.223791e+00 1.622376e+00 2.754198e+00 1.371890e+00 1.386263e+00 1.402848e+00 1.457468e+00 1.569867e+00 1.392973e+00 1.417359e+00 1.589822e+00 1.586586e+00 1.377900e+00 1.433049e+00 1.719067e+00 1.847732e+00 1.972040e+00 2.076952e+00 2.156830e+00 1.077170e+00 1.122053e+00 1.317455e+00 1.260389e+00 1.212848e+00 1.208293e+00 1.395022e+00 1.510933e+00 1.621238e+00 2.468751e+00 2.468751e+00 2.468751e+00 1.424978e+00 1.480381e+00 1.496714e+00 1.415711e+00
-9.999000e+03 -9.999000e+03 -9.999000e+03 -9.999000e+03 -9.999000e+03 -9.999000e+03 -9.999000e+03 -9.999000e+03 -9.999000e+03 -9.999000e+03 -9.999000e+03 -9.999000e+03 -9.999000e+03 -9.999000e+03 0.000000e+00 2.368349e+00 1.707688e+00 1.598454e+00 2.735186e+00 1.482612e+00 1.527924e+00 1.572203e+00 1.399164e+00 1.592658e+00 1.563524e+00 1.640413e+00 1.592840e+00 1.576013e+00 1.696584e+00 1.801981e+00 1.896093e+00 1.453937e+00 1.537043e+00 1.575646e+00 1.862921e+00 1.047472e+00 1.154884e+00 1.490857e+00 1.420083e+00 1.352137e+00 1.335189e+00 1.255909e+00 1.145150e+00 1.142066e+00 1.171112e+00 1.297262e+00 1.403879e+00 1.505521e+00 2.468751e+00 2.468751e+00 2.468751e+00 1.427028e+00
-9.999000e+03 -9.999000e+03 -9.999000e+03 -9.999000e+03 -9.999000e+03 -9.999000e+03 -9.999000e+03 -9.999000e+03 -9.999000e+03 -9.999000e+03 -9.999000e+03 -9.999000e+03 -9.999000e+03 0.000000e+00 2.173406e+00 1.705137e+00 1.612314e+00 2.710961e+00 1.401516e+00 1.463222e+00 1.535829e+00 1.569783e+00 1.587513e+00 1.544217e+00 1.671101e+00 1.591345e+00 1.584397e+00 1.568443e+00 1.557888e+00 1.475415e+00 1.382953e+00 1.482630e+00 1.535660e+00 1.769055e+00 8.845456e-01 1.028293e+00 1.449517e+00 1.367536e+00 1.295706e+00 1.281707e+00 1.432435e+00 1.253549e+00 1.242597e+00 1.081978e+00 1.079885e+00 1.021776e+00 1.046483e+00 1.049333e+00 1.063376e+00 1.229089e+00 1.390865e+00 2.468751e+00
-9.999000e+03 -9.999000e+03 -9.999000e+03 -9.999000e+03 -9.999000e+03 -9.999000e+03 -9.999000e+03 -9.999000e+03 -9.999000e+03 -9.999000e+03 -9.999000e+03 -9.999000e+03 0.000000e+00 0.000000e+00 1.695234e+00 1.653275e+00 2.698279e+00 1.321112e+00 1.390193e+00 1.482693e+00 1.533930e+00 1.567988e+00 1.512897e+00 1.728286e+00 1.589892e+00 1.587652e+00 1.581262e+00 1.569656e+00 1.444708e+00 1.319810e+00 1.436307e+00 1.508900e+00 1.676925e+00 1.139439e+00 8.807553e-01 1.412137e+00 1.307832e+00 1.226163e+00 1.214978e+00 1.406937e+00 1.189639e+00 1.179529e+00 1.173189e+00 1.170954e+00 1.080791e+00 9.574967e-01 9.538236e-01 9.504289e-01 9.760464e-01 9.955357e-01 1.359830e+00 1.458555e+00
-9.999000e+03 -9.999000e+03 -9.999000e+03 -9.999000e+03 -9.999000e+03 -9.999000e+03 -9.999000e+03 -9.999000e+03 -9.999000e+03 -9.999000e+03 -9.999000e+03 -9.999000e+03 0.000000e+00 1.732567e+00 1.700931e+00 2.681088e+00 1.229568e+00 1.313324e+00 1.430471e+00 1.495205e+00 1.538525e+00 1.454134e+00 1.786543e+00 1.582248e+00 1.585413e+00 1.587663e+00 1.586622e+00 1.415453e+00 1.258430e+00 1.401261e+00 1.495557e+00 1.589433e+00 8.772011e-01 1.028214e+00 1.373163e+00 1.242847e+00 1.148943e+00 1.143450e+00 1.383169e+00 1.123354e+00 1.111274e+00 1.099244e+00 1.093131e+00 9.836391e-01 9.816734e-01 9.768783e-01 9.720430e-01 8.692430e-01 8.719296e-01 1.272347e+00 1.006633e+00 1.023617e+00
-9.999000e+03 -9.999000e+03 -9.999000e+03 -9.999000e+03 -9.999000e+03 -9.999000e+03 -9.999000e+03 -9.999000e+03 -9.999000e+03 -9.999000e+03 -9.999000e+03 0.000000e+00 1.988144e+00 1.754924e+00 2.672534e+00 1.113823e+00 1.226701e+00 1.380842e+00 1.466100e+00 1.522126e+00 1.380184e+00 1.832401e+00 1.564191e+00 1.573460e+00 1.584019e+00 1.591418e+00 1.374839e+00 1.185713e+00 1.359726e+00 1.483439e+00 1.357767e+00 1.466646e+00 8.941144e-01 1.331877e+00 1.161401e+00 1.050391e+00 1.050488e+00 1.350707e+00 1.043934e+00 1.036566e+00 1.022378e+00 1.002691e+00 8.495878e-01 8.510695e-01 8.493358e-01 8.447129e-01 8.411178e-01 8.382904e-01 1.434525e+00 8.939085e-01 9.000607e-01 9.032505e-01
-9.999000e+03 -9.999000e+03 -9.999000e+03 -9.999000e+03 -9.999000e+03 -9.999000e+03 -9.999000e+03 -9.999000e+03 -9.999000e+03 -9.999000e+03 0.000000e+00 0.000000e+00 1.786762e+00 2.671663e+00 9.779486e-01 1.128970e+00 1.335001e+00 1.447045e+00 1.524689e+00 1.305243e+00 1.860654e+00 1.555737e+00 1.564572e+00 1.578797e+00 1.589464e+00 1.305208e+00 1.080593e+00 1.296285e+00 1.448843e+00 1.306484e+00 1.306184e+00 1.302174e+00 1.293941e+00 1.059863e+00 9.007146e-01 9.120545e-01 1.294505e+00 9.187110e-01 9.172778e-01 9.132689e-01 8.946678e-01 8.666290e-01 9.995720e-01 1.110005e+00 1.199596e+00 1.272715e+00 1.335716e+00 1.390783e+00 8.486828e-01 8.566149e-01 8.568325e-01 7.801319e-01
-9.999000e+03 -9.999000e+03 -9.999000e+03 -9.999000e+03 -9.999000e+03 -9.999000e+03 -9.999000e+03 -9.999000e+03 -9.999000e+03 -9.999000e+03 0.000000e+00 1.835578e+00 2.640062e+00 1.186044e+00 1.006840e+00 1.290507e+00 1.436636e+00 1.543278e+00 1.224020e+00 1.870706e+00 1.561826e+00 1.566186e+00 1.580348e+00 1.585926e+00 1.218033e+00 9.281073e-01 1.208331e+00 1.392342e+00 1.218580e+00 1.232877e+00 1.237275e+00 1.236197e+00 9.382977e-01 9.123824e-01 1.062138e+00 1.196929e+00 9.323060e-01 1.100033e+00 1.219486e+00 1.304618e+00 8.982881e-01 8.689479e-01 1.003613e+00 1.116877e+00 1.209867e+00 1.286053e+00 1.349557e+00 1.402520e+00 1.452103e+00 1.501838e+00 1.541932e+00 1.567315e+00
-9.999000e+03 -9.999000e+03 -9.999000e+03 -9.999000e+03 -9.999000e+03 -9.999000e+03 -9.999000e+03 -9.999000e+03 -9.999000e+03 0.000000e+00 2.061313e+00 2.598953e+00 1.339434e+00 1.016993e+00 1.199338e+00 1.409360e+00 1.563634e+00 1.131460e+00 1.864151e+00 1.586719e+00 1.581951e+00 1.594319e+00 1.582695e+00 1.097572e+00 9.335505e-01 1.094621e+00 1.318696e+00 1.101209e+00 1.112766e+00 1.133523e+00 1.138288e+00 9.567897e-01 1.101605e+00 1.192714e+00 1.274070e+00 1.358276e+00 1.434907e+00 1.501695e+00 9.189019e-01 9.003679e-01 1.335190e+00 1.013373e+00 1.116822e+00 1.214001e+00 1.298541e+00 1.369356e+00 1.424725e+00 1.465926e+00 1.501518e+00 1.534975e+00 1.564436e+00 1.588999e+00
-9.999000e+03 -9.999000e+03 -9.999000e+03 -9.999000e+03 -9.999000e+03 -9.999000e+03 -9.999000e+03 -9.999000e+03 -9.999000e+03 0.000000e+00 2.479022e+00 1.521723e+00 1.212207e+00 1.024410e+00 1.324402e+00 1.551530e+00 9.951527e-01 1.841501e+00 1.620704e+00 1.612615e+00 1.630335e+00 1.584334e+00 9.389041e-01 9.316192e-01 1.093129e+00 1.223317e+00 9.430561e-01 9.464516e-01 9.581498e-01 9.814172e-01 9.799423e-01 1.116833e+00 1.208942e+00 1.278198e+00 1.341165e+00 1.402890e+00 1.460639e+00 9.117396e-01 1.529467e+00 1.038471e+00 1.022636e+00 1.366097e+00 1.405435e+00 1.451859e+00 1.495222e+00 1.530117e+00 1.556532e+00 1.574446e+00 1.588137e+00 1.598760e+00 2.835464e+00 2.805823e+00
-9.999000e+03 -9.999000e+03 -9.999000e+03 -9.999000e+03 -9.999000e+03 -9.999000e+03 -9.999000e+03 -9.999000e+03 0.000000e+00 2.007453e+00 2.399782e+00 1.419129e+00 1.030772e+00 1.203536e+00 1.496476e+00 1.553969e+00 1.773076e+00 1.646269e+00 1.646745e+00 1.690989e+00 1.587618e+00 1.107742e+00 1.221964e+00 1.308268e+00 1.386568e+00 2.192751e+00 2.274600e+00 2.350247e+00 2.432869e+00 2.530597e+00 2.602955e+00 2.638407e+00 2.665458e+00 2.688850e+00 2.712928e+00 2.738190e+00 2.760037e+00 2.768764e+00 2.717367e+00 2.394312e+00 1.928694e+00 1.967818e+00 2.024723e+00 2.085785e+00 2.139729e+00 2.182874e+00 2.223542e+00 2.264960e+00 2.303144e+00 2.881001e+00 1.688145e+00 1.687923e+00
-9.999000e+03 -9.999000e+03 -9.999000e+03 -9.999000e+03 -9.999000e+03 -9.999000e+03 -9.999000e+03 0.000000e+00 0.000000e+00 2.346553e+00 1.169258e+00 1.306153e+00 1.023419e+00 1.425085e+00 1.494224e+00 1.596852e+00 1.627379e+00 1.657397e+00 1.771872e+00 1.590314e+00 9.494149e-01 9.435514e-01 1.099842e+00 2.033367e+00 2.107077e+00 1.395504e+00 1.220345e+00 1.323065e+00 1.414652e+00 1.503054e+00 1.556841e+00 1.571142e+00 1.570987e+00 1.564187e+00 1.558862e+00 1.561518e+00 1.573345e+00 1.593727e+00 1.607800e+00 1.609649e+00 1.611702e+00 1.618419e+00 1.625504e+00 1.632416e+00 1.636019e+00 1.634612e+00 1.636941e+00 1.646547e+00 2.915342e+00 1.689624e+00 1.689118e+00 1.687821e+00
-9.999000e+03 -9.999000e+03 -9.999000e+03 -9.999000e+03 -9.999000e+03 -9.999000e+03 -9.999000e+03 0.000000e+00 1.117551e+00 2.300571e+00 9.991268e-01 1.175465e+00 1.313115e+00 1.414859e+00 1.546398e+00 1.586103e+00 1.624978e+00 1.839724e+00 1.578918e+00 1.574916e+00 1.720353e+00 1.843340e+00 1.951913e+00 1.316834e+00 1.313544e+00 1.087749e+00 9.280479e-01 1.090372e+00 1.218498e+00 1.331983e+00 1.411571e+00 1.456163e+00 1.488533e+00 1.514830e+00 1.537967e+00 1.560688e+00 2.875283e+00 2.925230e+00 2.969889e+00 3.006379e+00 3.044050e+00 3.085807e+00 2.910834e+00 2.886375e+00 3.023308e+00 3.195762e+00 2.953589e+00 2.948229e+00 1.675261e+00 1.684243e+00 1.687255e+00 1.690635e+00
-9.999000e+03 -9.999000e+03 -9.999000e+03 -9.999000e+03 -9.999000e+03 -9.999000e+03 -9.999000e+03 1.163630e+00 2.260965e+00 1.440086e+00 1.018820e+00 1.181467e+00 1.302334e+00 1.473297e+00 1.526210e+00 1.584720e+00 1.888860e+00 1.528921e+00 1.558299e+00 1.561394e+00 1.558139e+00 1.557579e+00 1.214612e+00 1.221201e+00 9.348556e-01 9.249526e-01 1.081832e+00 1.206197e+00 1.309177e+00 1.397774e+00 1.464632e+00 1.508438e+00 1.541039e+00 2.731797e+00 2.779749e+00 2.825330e+00 1.641672e+00 1.627900e+00 1.613890e+00 1.599895e+00 1.590592e+00 1.595372e+00 1.592883e+00 1.720806e+00 1.830772e+00 1.934168e+00 1.622458e+00 1.637323e+00 1.653894e+00 1.672476e+00 1.688509e+00 1.690753e+00
