tests/data/reference/test_implicit_stream_rill_mfda/control/cinfil_m3.asc
ncols	123
nrows	77
xllcorner	-713746.79929998
yllcorner	-1061022.36961616
cellsize	10.0
NODATA_value	-9999
[rows 46 to 68 of 77, columns 0 to 51 of 123]
-9.999000e+03 -9.999000e+03 -9.999000e+03 -9.999000e+03 -9.999000e+03 -9.999000e+03 0.000000e+00 2.230855e+00 1.335713e+00 1.324268e+00 1.011212e+00 1.171480e+00 1.379945e+00 1.446136e+00 1.530550e+00 1.924262e+00 1.465314e+00 1.524222e+00 1.559413e+00 1.564899e+00 1.559891e+00 1.086332e+00 1.085223e+00 1.091133e+00 1.211841e+00 1.297761e+00 1.373558e+00 1.447811e+00 1.508750e+00 1.554030e+00 1.589568e+00 2.629890e+00 2.687880e+00 1.643342e+00 1.640987e+00 1.631819e+00 1.619077e+00 1.605031e+00 1.591473e+00 1.578517e+00 1.579854e+00 1.572608e+00 1.576238e+00 1.575381e+00 1.580107e+00 1.590539e+00 1.601981e+00 1.613667e+00 1.629338e+00 1.656559e+00 1.673486e+00 1.683099e+00
-9.999000e+03 -9.999000e+03 -9.999000e+03 -9.999000e+03 -9.999000e+03 -9.999000e+03 2.407510e+00 1.770387e+00 1.182050e+00 1.166959e+00 9.879851e-01 1.276986e+00 1.357442e+00 1.475321e+00 1.910176e+00 1.367978e+00 1.458645e+00 1.527846e+00 1.563602e+00 1.566851e+00 9.393788e-01 9.295719e-01 9.247532e-01 9.251544e-01 1.082480e+00 1.193242e+00 1.288278e+00 2.376217e+00 2.446517e+00 2.505404e+00 2.564346e+00 1.600478e+00 1.607704e+00 1.613453e+00 1.610980e+00 1.605508e+00 1.597032e+00 1.585392e+00 1.572779e+00 1.577287e+00 1.561572e+00 1.563468e+00 1.559549e+00 1.560199e+00 1.564660e+00 1.573503e+00 1.583224e+00 1.593143e+00 1.615309e+00 1.630153e+00 1.650214e+00 1.656693e+00
-9.999000e+03 -9.999000e+03 -9.999000e+03 -9.999000e+03 -9.999000e+03 0.000000e+00 1.825279e+00 1.636332e+00 1.000021e+00 9.949759e-01 1.164707e+00 1.280536e+00 1.449014e+00 1.888343e+00 1.256053e+00 1.357785e+00 1.443830e+00 1.512050e+00 1.548894e+00 1.553650e+00 1.695705e+00 1.809055e+00 1.906808e+00 2.047716e+00 2.144751e+00 2.224783e+00 2.298103e+00 1.503278e+00 1.519264e+00 1.535421e+00 1.546377e+00 1.560260e+00 1.576251e+00 1.581130e+00 1.581744e+00 1.579733e+00 1.573374e+00 1.561514e+00 1.574520e+00 1.553789e+00 1.557966e+00 1.550271e+00 1.548862e+00 1.549389e+00 1.552018e+00 1.556848e+00 1.564203e+00 1.589745e+00 1.595742e+00 1.610287e+00 1.613429e+00 1.395195e+00
-9.999000e+03 -9.999000e+03 -9.999000e+03 -9.999000e+03 0.000000e+00 1.964853e+00 1.310751e+00 1.484361e+00 1.016063e+00 1.027780e+00 1.195381e+00 1.443452e+00 1.862114e+00 1.145136e+00 1.264053e+00 1.353837e+00 1.425770e+00 1.490183e+00 1.527378e+00 1.519347e+00 1.499634e+00 1.480212e+00 1.798686e+00 1.281571e+00 1.347890e+00 1.399826e+00 1.432310e+00 1.448691e+00 1.475000e+00 1.487475e+00 1.500572e+00 1.526805e+00 1.541053e+00 1.548698e+00 1.551939e+00 1.551251e+00 1.544803e+00 1.569351e+00 1.540672e+00 1.550404e+00 1.540675e+00 1.539762e+00 1.539808e+00 1.539689e+00 1.539047e+00 1.539937e+00 1.568938e+00 1.569494e+00 1.581915e+00 1.572895e+00 1.299446e+00 1.312970e+00
-9.999000e+03 -9.999000e+03 -9.999000e+03 -9.999000e+03 0.000000e+00 1.508915e+00 1.179772e+00 1.308533e+00 1.224937e+00 1.050161e+00 1.418079e+00 1.814205e+00 1.002416e+00 1.156237e+00 1.266373e+00 1.344328e+00 1.410228e+00 1.475153e+00 1.490101e+00 1.472489e+00 1.447300e+00 1.747352e+00 1.184200e+00 1.259140e+00 1.317919e+00 1.357492e+00 1.371547e+00 1.399902e+00 1.414195e+00 1.429776e+00 1.459984e+00 1.477233e+00 1.490393e+00 1.500253e+00 1.505720e+00 1.506397e+00 1.555220e+00 1.520820e+00 1.538269e+00 1.523395e+00 1.523172e+00 1.525750e+00 1.527112e+00 1.525447e+00 1.523013e+00 1.557772e+00 1.545379e+00 1.555829e+00 1.540262e+00 1.204964e+00 1.210443e+00 1.223196e+00
-9.999000e+03 -9.999000e+03 -9.999000e+03 0.000000e+00 2.032080e+00 1.419069e+00 1.036200e+00 1.235964e+00 1.066204e+00 1.359385e+00 1.692022e+00 1.465515e+00 1.019890e+00 1.167780e+00 1.265029e+00 1.336482e+00 1.401392e+00 1.431511e+00 1.434906e+00 1.414312e+00 1.683308e+00 1.067503e+00 1.168448e+00 1.239648e+00 1.282583e+00 1.294157e+00 1.329076e+00 1.338352e+00 1.351045e+00 1.390413e+00 1.409250e+00 1.422335e+00 1.433161e+00 1.441555e+00 1.446391e+00 1.522552e+00 1.482880e+00 1.519020e+00 1.500562e+00 1.498532e+00 1.500119e+00 1.504682e+00 1.505780e+00 1.504156e+00 1.553116e+00 1.527481e+00 1.531593e+00 1.505913e+00 1.109164e+00 1.109153e+00 1.113163e+00 1.123594e+00
-9.999000e+03 -9.999000e+03 -9.999000e+03 0.000000e+00 1.540805e+00 1.242894e+00 1.080228e+00 1.113404e+00 1.290091e+00 1.283004e+00 1.615121e+00 1.441186e+00 1.046231e+00 1.183083e+00 1.268968e+00 1.340301e+00 1.353781e+00 1.364784e+00 1.367957e+00 1.615308e+00 9.369149e-01 1.076998e+00 1.174456e+00 1.228631e+00 1.228622e+00 1.271275e+00 1.278057e+00 1.285085e+00 1.329830e+00 1.349659e+00 1.363992e+00 1.374999e+00 1.381869e+00 1.384147e+00 1.488688e+00 1.428237e+00 1.484162e+00 1.463497e+00 1.467913e+00 1.466980e+00 1.467000e+00 1.469394e+00 1.470734e+00 1.542402e+00 1.506516e+00 1.509565e+00 1.472077e+00 9.975656e-01 9.975312e-01 9.987319e-01 1.002276e+00 2.040357e+00
-9.999000e+03 -9.999000e+03 0.000000e+00 1.212475e+00 1.269781e+00 1.261754e+00 1.151722e+00 1.180150e+00 1.157153e+00 1.194319e+00 1.622693e+00 1.421377e+00 1.091181e+00 1.205957e+00 1.285773e+00 1.283230e+00 1.276536e+00 1.275330e+00 1.419774e+00 1.406856e+00 9.755333e-01 1.115219e+00 1.192603e+00 1.179728e+00 1.229715e+00 1.226858e+00 1.228101e+00 1.281279e+00 1.293841e+00 1.305826e+00 1.318076e+00 1.326759e+00 1.327980e+00 1.467252e+00 1.375570e+00 1.450907e+00 1.410101e+00 1.420189e+00 1.428655e+00 1.427004e+00 1.422019e+00 1.420881e+00 1.519645e+00 1.469399e+00 1.476897e+00 1.433199e+00 8.611918e-01 8.564201e-01 8.557040e-01 8.586072e-01 1.958863e+00 1.479401e+00
-9.999000e+03 -9.999000e+03 3.340411e+00 1.307114e+00 1.083445e+00 1.146464e+00 1.210518e+00 1.149737e+00 1.377148e+00 1.775242e+00 1.181828e+00 1.353074e+00 1.137058e+00 1.236241e+00 1.204243e+00 1.194229e+00 1.178865e+00 1.169931e+00 1.191865e+00 1.335759e+00 1.032896e+00 1.163503e+00 1.131194e+00 1.207627e+00 1.190989e+00 1.176104e+00 1.241733e+00 1.242470e+00 1.242258e+00 1.248185e+00 1.256957e+00 1.263555e+00 1.455981e+00 1.327956e+00 1.434491e+00 1.364642e+00 1.366653e+00 1.375713e+00 1.381624e+00 1.376848e+00 1.369197e+00 1.495984e+00 1.417856e+00 1.425767e+00 1.376434e+00 1.372053e+00 1.427132e+00 1.472401e+00 1.756124e+00 1.869004e+00 1.424083e+00 1.426213e+00
-9.999000e+03 0.000000e+00 3.112977e+00 1.394600e+00 1.101861e+00 1.268752e+00 1.133429e+00 1.134671e+00 -9.999000e+03 -9.999000e+03 -9.999000e+03 1.186089e+00 1.160031e+00 1.083967e+00 1.055717e+00 1.054188e+00 1.041839e+00 1.021576e+00 1.042644e+00 1.129611e+00 1.153572e+00 1.072234e+00 1.191846e+00 1.165976e+00 1.136116e+00 1.217761e+00 1.198866e+00 1.182626e+00 1.174223e+00 1.173463e+00 1.177113e+00 1.441271e+00 1.274682e+00 1.426779e+00 1.322573e+00 1.317951e+00 1.319305e+00 1.324022e+00 1.322502e+00 1.314318e+00 1.478499e+00 1.364217e+00 1.366321e+00 1.306232e+00 1.304742e+00 1.468575e+00 1.554964e+00 1.645870e+00 1.555491e+00 1.359863e+00 1.362346e+00 1.359531e+00
-9.999000e+03 0.000000e+00 1.550464e+00 1.103557e+00 1.164188e+00 1.156180e+00 -9.999000e+03 -9.999000e+03 -9.999000e+03 -9.999000e+03 -9.999000e+03 -9.999000e+03 1.139825e+00 1.097707e+00 1.269080e+00 1.388681e+00 1.054255e+00 1.219614e+00 1.376966e+00 1.615942e+00 1.191864e+00 1.183411e+00 1.116775e+00 1.055362e+00 1.192802e+00 1.153777e+00 1.121104e+00 1.096948e+00 1.083395e+00 1.077385e+00 1.421305e+00 1.200201e+00 1.419573e+00 1.271984e+00 1.261784e+00 1.255885e+00 1.254909e+00 1.256090e+00 1.250234e+00 1.461028e+00 1.304297e+00 1.301792e+00 1.225735e+00 1.226360e+00 1.425553e+00 1.294949e+00 1.288118e+00 1.537938e+00 1.284917e+00 1.289571e+00 1.288904e+00 1.499230e+00
0.000000e+00 2.043415e+00 1.280710e+00 1.159894e+00 1.286354e+00 1.098183e+00 -9.999000e+03 -9.999000e+03 -9.999000e+03 -9.999000e+03 -9.999000e+03 -9.999000e+03 -9.999000e+03 -9.999000e+03 -9.999000e+03 1.047666e+00 1.435313e+00 1.029682e+00 1.047316e+00 1.076238e+00 1.663349e+00 -9.999000e+03 -9.999000e+03 1.116948e+00 1.053972e+00 1.022081e+00 9.914586e-01 9.644235e-01 9.518200e-01 1.408513e+00 1.106472e+00 1.407617e+00 1.211959e+00 1.195291e+00 1.182152e+00 1.173834e+00 1.169528e+00 1.170065e+00 1.446568e+00 1.239476e+00 1.228004e+00 1.132585e+00 1.132992e+00 1.373897e+00 1.224074e+00 1.215364e+00 1.521480e+00 1.204297e+00 1.204642e+00 1.208782e+00 1.466336e+00 1.272237e+00
0.000000e+00 1.174066e+00 1.192789e+00 1.193903e+00 1.092936e+00 -9.999000e+03 -9.999000e+03 -9.999000e+03 -9.999000e+03 -9.999000e+03 -9.999000e+03 -9.999000e+03 -9.999000e+03 -9.999000e+03 -9.999000e+03 -9.999000e+03 -9.999000e+03 -9.999000e+03 -9.999000e+03 -9.999000e+03 -9.999000e+03 -9.999000e+03 -9.999000e+03 1.134504e+00 1.068281e+00 1.046798e+00 1.199959e+00 1.291980e+00 1.375577e+00 9.888188e-01 1.396407e+00 1.139337e+00 1.120827e+00 1.095119e+00 1.078570e+00 1.069454e+00 1.063819e+00 1.422574e+00 1.171380e+00 1.150532e+00 1.021758e+00 1.020927e+00 1.311522e+00 1.138254e+00 1.135683e+00 1.508771e+00 1.122000e+00 1.117957e+00 1.118009e+00 1.431294e+00 1.211086e+00 1.578504e+00
-9.999000e+03 1.080460e+00 1.097825e+00 1.047877e+00 -9.999000e+03 -9.999000e+03 -9.999000e+03 -9.999000e+03 -9.999000e+03 -9.999000e+03 -9.999000e+03 -9.999000e+03 -9.999000e+03 -9.999000e+03 -9.999000e+03 -9.999000e+03 -9.999000e+03 -9.999000e+03 -9.999000e+03 -9.999000e+03 -9.999000e+03 -9.999000e+03 -9.999000e+03 -9.999000e+03 -9.999000e+03 -9.999000e+03 1.021624e+00 9.989488e-01 1.180440e+00 1.352730e+00 1.039206e+00 1.017178e+00 9.839511e-01 9.477503e-01 9.326261e-01 9.290848e-01 1.386973e+00 1.076141e+00 1.061760e+00 8.853137e-01 8.766105e-01 1.239428e+00 1.026717e+00 1.028270e+00 1.488005e+00 1.024357e+00 1.021447e+00 1.018870e+00 1.385440e+00 1.137014e+00 1.601667e+00 9.864971e-01
-9.999000e+03 -9.999000e+03 -9.999000e+03 -9.999000e+03 -9.999000e+03 -9.999000e+03 -9.999000e+03 -9.999000e+03 -9.999000e+03 -9.999000e+03 -9.999000e+03 -9.999000e+03 -9.999000e+03 -9.999000e+03 -9.999000e+03 -9.999000e+03 -9.999000e+03 -9.999000e+03 -9.999000e+03 -9.999000e+03 -9.999000e+03 -9.999000e+03 -9.999000e+03 -9.999000e+03 -9.999000e+03 -9.999000e+03 -9.999000e+03 -9.999000e+03 1.011343e+00 1.240231e+00 1.065675e+00 1.043194e+00 1.001512e+00 1.128072e+00 1.234213e+00 1.340107e+00 9.464463e-01 9.279793e-01 9.116113e-01 1.051676e+00 1.158129e+00 8.842453e-01 8.816820e-01 1.450452e+00 8.796662e-01 8.793249e-01 8.805819e-01 1.330464e+00 1.032728e+00 1.608523e+00 8.671012e-01 8.461630e-01
-9.999000e+03 -9.999000e+03 -9.999000e+03 -9.999000e+03 -9.999000e+03 -9.999000e+03 -9.999000e+03 -9.999000e+03 -9.999000e+03 -9.999000e+03 -9.999000e+03 -9.999000e+03 -9.999000e+03 -9.999000e+03 -9.999000e+03 -9.999000e+03 -9.999000e+03 -9.999000e+03 -9.999000e+03 -9.999000e+03 -9.999000e+03 -9.999000e+03 -9.999000e+03 -9.999000e+03 -9.999000e+03 -9.999000e+03 -9.999000e+03 -9.999000e+03 -9.999000e+03 1.052273e+00 1.375748e+00 1.200345e+00 1.158215e+00 9.472561e-01 9.404302e-01 9.578713e-01 9.567293e-01 9.346852e-01 1.080051e+00 1.186071e+00 1.273534e+00 1.349449e+00 1.408984e+00 8.837896e-01 1.031963e+00 1.148184e+00 1.249734e+00 8.938407e-01 1.602474e+00 8.795705e-01 1.016785e+00 1.112040e+00
-9.999000e+03 -9.999000e+03 -9.999000e+03 -9.999000e+03 -9.999000e+03 -9.999000e+03 -9.999000e+03 -9.999000e+03 -9.999000e+03 -9.999000e+03 -9.999000e+03 -9.999000e+03 -9.999000e+03 -9.999000e+03 -9.999000e+03 -9.999000e+03 -9.999000e+03 -9.999000e+03 -9.999000e+03 -9.999000e+03 -9.999000e+03 -9.999000e+03 -9.999000e+03 -9.999000e+03 -9.999000e+03 -9.999000e+03 -9.999000e+03 -9.999000e+03 -9.999000e+03 -9.999000e+03 1.187682e+00 -9.999000e+03 -9.999000e+03 -9.999000e+03 -9.999000e+03 -9.999000e+03 -9.999000e+03 -9.999000e+03 9.199257e-01 1.073563e+00 1.192309e+00 1.293788e+00 1.368753e+00 1.419038e+00 1.460823e+00 1.498962e+00 1.538590e+00 1.585099e+00 9.005458e-01 1.031329e+00 1.130113e+00 1.213009e+00
-9.999000e+03 -9.999000e+03 -9.999000e+03 -9.999000e+03 -9.999000e+03 -9.999000e+03 -9.999000e+03 -9.999000e+03 -9.999000e+03 -9.999000e+03 -9.999000e+03 -9.999000e+03 -9.999000e+03 -9.999000e+03 -9.999000e+03 -9.999000e+03 -9.999000e+03 -9.999000e+03 -9.999000e+03 -9.999000e+03 -9.999000e+03 -9.999000e+03 -9.999000e+03 -9.999000e+03 -9.999000e+03 -9.999000e+03 -9.999000e+03 -9.999000e+03 -9.999000e+03 -9.999000e+03 -9.999000e+03 -9.999000e+03 -9.999000e+03 -9.999000e+03 -9.999000e+03 -9.999000e+03 -9.999000e+03 -9.999000e+03 -9.999000e+03 -9.999000e+03 -9.999000e+03 9.185378e-01 9.120279e-01 8.950552e-01 1.041255e+00 1.158466e+00 1.264223e+00 1.368704e+00 1.438716e+00 1.470089e+00 1.496421e+00 1.525106e+00
-9.999000e+03 -9.999000e+03 -9.999000e+03 -9.999000e+03 -9.999000e+03 -9.999000e+03 -9.999000e+03 -9.999000e+03 -9.999000e+03 -9.999000e+03 -9.999000e+03 -9.999000e+03 -9.999000e+03 -9.999000e+03 -9.999000e+03 -9.999000e+03 -9.999000e+03 -9.999000e+03 -9.999000e+03 -9.999000e+03 -9.999000e+03 -9.999000e+03 -9.999000e+03 -9.999000e+03 -9.999000e+03 -9.999000e+03 -9.999000e+03 -9.999000e+03 -9.999000e+03 -9.999000e+03 -9.999000e+03 -9.999000e+03 -9.999000e+03 -9.999000e+03 -9.999000e+03 -9.999000e+03 -9.999000e+03 -9.999000e+03 -9.999000e+03 -9.999000e+03 -9.999000e+03 -9.999000e+03 -9.999000e+03 -9.999000e+03 8.839282e-01 8.878634e-01 1.050412e+00 1.185271e+00 8.999388e-01 1.027305e+00 1.134675e+00 1.244253e+00
-9.999000e+03 -9.999000e+03 -9.999000e+03 -9.999000e+03 -9.999000e+03 -9.999000e+03 -9.999000e+03 -9.999000e+03 -9.999000e+03 -9.999000e+03 -9.999000e+03 -9.999000e+03 -9.999000e+03 -9.999000e+03 -9.999000e+03 -9.999000e+03 -9.999000e+03 -9.999000e+03 -9.999000e+03 -9.999000e+03 -9.999000e+03 -9.999000e+03 -9.999000e+03 -9.999000e+03 -9.999000e+03 -9.999000e+03 -9.999000e+03 -9.999000e+03 -9.999000e+03 -9.999000e+03 -9.999000e+03 -9.999000e+03 -9.999000e+03 -9.999000e+03 -9.999000e+03 -9.999000e+03 -9.999000e+03 -9.999000e+03 -9.999000e+03 -9.999000e+03 -9.999000e+03 -9.999000e+03 -9.999000e+03 -9.999000e+03 -9.999000e+03 -9.999000e+03 -9.999000e+03 -9.999000e+03 -9.999000e+03 -9.999000e+03 8.742752e-01 1.053336e+00
-9.999000e+03 -9.999000e+03 -9.999000e+03 -9.999000e+03 -9.999000e+03 -9.999000e+03 -9.999000e+03 -9.999000e+03 -9.999000e+03 -9.999000e+03 -9.999000e+03 -9.999000e+03 -9.999000e+03 -9.999000e+03 -9.999000e+03 -9.999000e+03 -9.999000e+03 -9.999000e+03 -9.999000e+03 -9.999000e+03 -9.999000e+03 -9.999000e+03 -9.999000e+03 -9.999000e+03 -9.999000e+03 -9.999000e+03 -9.999000e+03 -9.999000e+03 -9.999000e+03 -9.999000e+03 -9.999000e+03 -9.999000e+03 -9.999000e+03 -9.999000e+03 -9.999000e+03 -9.999000e+03 -9.999000e+03 -9.999000e+03 -9.999000e+03 -9.999000e+03 -9.999000e+03 -9.999000e+03 -9.999000e+03 -9.999000e+03 -9.999000e+03 -9.999000e+03 -9.999000e+03 -9.999000e+03 -9.999000e+03 -9.999000e+03 -9.999000e+03 9.091179e-01
-9.999000e+03 -9.999000e+03 -9.999000e+03 -9.999000e+03 -9.999000e+03 -9.999000e+03 -9.999000e+03 -9.999000e+03 -9.999000e+03 -9.999000e+03 -9.999000e+03 -9.999000e+03 -9.999000e+03 -9.999000e+03 -9.999000e+03 -9.999000e+03 -9.999000e+03 -9.999000e+03 -9.999000e+03 -9.999000e+03 -9.999000e+03 -9.999000e+03 -9.999000e+03 -9.999000e+03 -9.999000e+03 -9.999000e+03 -9.999000e+03 -9.999000e+03 -9.999000e+03 -9.999000e+03 -9.999000e+03 -9.999000e+03 -9.999000e+03 -9.999000e+03 -9.999000e+03 -9.999000e+03 -9.999000e+03 -9.999000e+03 -9.999000e+03 -9.999000e+03 -9.999000e+03 -9.999000e+03 -9.999000e+03 -9.999000e+03 -9.999000e+03 -9.999000e+03 -9.999000e+03 -9.999000e+03 -9.999000e+03 -9.999000e+03 -9.999000e+03 -9.999000e+03
-9.999000e+03 -9.999000e+03 -9.999000e+03 -9.999000e+03 -9.999000e+03 -9.999000e+03 -9.999000e+03 -9.999000e+03 -9.999000e+03 -9.999000e+03 -9.999000e+03 -9.999000e+03 -9.999000e+03 -9.999000e+03 -9.999000e+03 -9.999000e+03 -9.999000e+03 -9.999000e+03 -9.999000e+03 -9.999000e+03 -9.999000e+03 -9.999000e+03 -9.999000e+03 -9.999000e+03 -9.999000e+03 -9.999000e+03 -9.999000e+03 -9.999000e+03 -9.999000e+03 -9.999000e+03 -9.999000e+03 -9.999000e+03 -9.999000e+03 -9.999000e+03 -9.999000e+03 -9.999000e+03 -9.999000e+03 -9.999000e+03 -9.999000e+03 -9.999000e+03 -9.999000e+03 -9.999000e+03 -9.999000e+03 -9.999000e+03 -9.999000e+03 -9.999000e+03 -9.999000e+03 -9.999000e+03 -9.999000e+03 -9.999000e+03 -9.999000e+03 -9.999000e+03
