tests/data/reference/test_implicit_stream_rill_mfda/control/cinfil_m3.asc
ncols	123
nrows	77
xllcorner	-713746.79929998
yllcorner	-1061022.36961616
cellsize	10.0
NODATA_value	-9999
[rows 23 to 45 of 77, columns 52 to 103 of 123]
9.681111e-01 1.232528e+00 1.295944e+00 1.397339e+00 1.436535e+00 1.509067e+00 1.479702e+00 1.419086e+00 1.425043e+00 1.376332e+00 1.318716e+00 1.320884e+00 1.323573e+00 1.329427e+00 1.341832e+00 1.615659e+00 1.879787e+00 1.939721e+00 1.485138e+00 1.466396e+00 1.307666e+00 1.224333e+00 1.130734e+00 1.229094e+00 8.855106e-01 1.043777e+00 3.175075e+00 2.061133e+00 1.660259e+00 1.263232e+00 1.149325e+00 1.034332e+00 9.011541e-01 9.312204e-01 -9.999000e+03 -9.999000e+03 -9.999000e+03 -9.999000e+03 -9.999000e+03 -9.999000e+03 -9.999000e+03 -9.999000e+03 -9.999000e+03 -9.999000e+03 -9.999000e+03 -9.999000e+03 -9.999000e+03 -9.999000e+03 -9.999000e+03 -9.999000e+03 -9.999000e+03 -9.999000e+03
9.625397e-01 1.064673e+00 1.294349e+00 1.353478e+00 1.441615e+00 1.475890e+00 1.534553e+00 1.519170e+00 1.469354e+00 1.472926e+00 1.430320e+00 1.379464e+00 1.382937e+00 1.391045e+00 1.403892e+00 1.421216e+00 1.971630e+00 1.978626e+00 1.510801e+00 1.483538e+00 1.352602e+00 1.281373e+00 1.205197e+00 1.283727e+00 1.014986e+00 1.142557e+00 8.988338e-01 3.231652e+00 2.148936e+00 1.774811e+00 1.415576e+00 1.148926e+00 1.040213e+00 1.063725e+00 9.415937e-01 -9.999000e+03 -9.999000e+03 -9.999000e+03 -9.999000e+03 -9.999000e+03 -9.999000e+03 -9.999000e+03 -9.999000e+03 -9.999000e+03 -9.999000e+03 -9.999000e+03 -9.999000e+03 -9.999000e+03 -9.999000e+03 -9.999000e+03 -9.999000e+03 -9.999000e+03
1.226510e+00 1.061597e+00 1.150015e+00 1.352172e+00 1.406965e+00 1.485260e+00 1.517289e+00 1.563702e+00 1.553125e+00 1.509785e+00 1.512711e+00 1.476977e+00 1.437449e+00 1.447986e+00 1.458975e+00 1.469695e+00 1.979060e+00 1.999790e+00 1.525392e+00 1.496701e+00 1.391748e+00 1.331920e+00 1.269670e+00 1.333116e+00 1.113273e+00 1.215292e+00 1.021622e+00 3.248967e+00 8.916122e-01 2.194823e+00 1.876851e+00 1.268471e+00 1.155450e+00 1.149522e+00 1.044484e+00 9.104985e-01 9.347340e-01 9.370870e-01 -9.999000e+03 -9.999000e+03 -9.999000e+03 -9.999000e+03 -9.999000e+03 -9.999000e+03 -9.999000e+03 -9.999000e+03 -9.999000e+03 -9.999000e+03 -9.999000e+03 -9.999000e+03 -9.999000e+03 -9.999000e+03
9.549710e-01 1.287863e+00 1.149165e+00 1.230213e+00 1.410785e+00 1.460951e+00 1.527551e+00 1.551606e+00 1.584675e+00 1.578208e+00 1.544641e+00 1.550665e+00 1.525001e+00 1.494593e+00 1.504124e+00 1.512610e+00 1.799942e+00 2.015432e+00 1.540354e+00 1.512854e+00 1.431329e+00 1.382351e+00 1.331382e+00 1.381289e+00 1.196536e+00 1.276543e+00 1.112004e+00 3.261681e+00 1.016212e+00 2.228011e+00 1.963181e+00 1.356194e+00 1.252856e+00 1.232541e+00 1.138366e+00 1.040855e+00 1.068900e+00 9.272579e-01 1.088467e+00 9.400186e-01 -9.999000e+03 -9.999000e+03 -9.999000e+03 -9.999000e+03 -9.999000e+03 -9.999000e+03 -9.999000e+03 -9.999000e+03 -9.999000e+03 -9.999000e+03 -9.999000e+03 -9.999000e+03
1.054776e+00 8.253028e-01 1.349814e+00 1.235475e+00 1.309208e+00 1.465601e+00 1.505412e+00 1.557208e+00 1.576208e+00 1.602898e+00 1.602248e+00 1.579051e+00 1.586112e+00 1.564814e+00 1.539584e+00 1.551535e+00 1.685096e+00 2.024991e+00 1.560685e+00 1.535885e+00 1.475331e+00 1.436726e+00 1.394632e+00 1.431226e+00 1.272056e+00 1.332245e+00 1.188945e+00 3.204028e+00 1.108277e+00 2.244040e+00 2.014516e+00 1.404860e+00 1.334093e+00 1.323860e+00 1.242121e+00 1.157822e+00 9.063309e-01 9.198248e-01 1.085012e+00 1.212781e+00 1.101459e+00 0.000000e+00 -9.999000e+03 -9.999000e+03 -9.999000e+03 -9.999000e+03 -9.999000e+03 -9.999000e+03 -9.999000e+03 -9.999000e+03 -9.999000e+03 -9.999000e+03
1.141161e+00 9.601409e-01 1.406531e+00 1.309573e+00 8.444602e-01 1.374791e+00 1.508214e+00 1.539176e+00 1.581488e+00 1.598103e+00 1.620271e+00 1.624036e+00 1.608149e+00 1.615727e+00 1.602463e+00 1.587883e+00 1.607255e+00 2.010394e+00 1.575797e+00 1.554265e+00 1.510107e+00 1.480586e+00 1.446779e+00 1.474045e+00 1.337251e+00 1.381631e+00 1.255842e+00 3.135880e+00 1.186062e+00 2.255072e+00 2.062918e+00 1.442254e+00 1.397785e+00 1.400279e+00 1.334342e+00 1.259478e+00 1.057449e+00 1.068656e+00 9.207908e-01 1.202089e+00 0.000000e+00 0.000000e+00 0.000000e+00 0.000000e+00 -9.999000e+03 -9.999000e+03 -9.999000e+03 -9.999000e+03 -9.999000e+03 -9.999000e+03 -9.999000e+03 -9.999000e+03
1.220484e+00 1.069243e+00 1.458648e+00 1.373217e+00 8.424687e-01 9.794540e-01 1.429696e+00 1.542477e+00 1.566316e+00 1.600914e+00 1.615999e+00 1.636018e+00 1.644162e+00 1.638568e+00 1.652343e+00 1.647131e+00 1.631745e+00 1.708889e+00 1.581567e+00 1.562969e+00 1.530616e+00 1.509077e+00 1.483984e+00 1.506683e+00 1.392327e+00 1.425361e+00 1.315697e+00 3.348117e+00 1.256913e+00 2.260613e+00 2.113767e+00 1.472644e+00 1.442920e+00 1.453083e+00 1.406897e+00 1.348360e+00 1.179136e+00 1.182720e+00 1.067864e+00 0.000000e+00 0.000000e+00 1.541199e+00 1.311395e+00 1.032247e+00 0.000000e+00 -9.999000e+03 -9.999000e+03 -9.999000e+03 -9.999000e+03 -9.999000e+03 -9.999000e+03 -9.999000e+03
1.298418e+00 1.167167e+00 1.507890e+00 1.430098e+00 9.779528e-01 8.417630e-01 1.083137e+00 1.472536e+00 1.569225e+00 1.591537e+00 1.622372e+00 1.638992e+00 1.659517e+00 1.673324e+00 1.674209e+00 1.682378e+00 1.669738e+00 1.647111e+00 1.620669e+00 1.566314e+00 1.545213e+00 1.532071e+00 1.515127e+00 1.533980e+00 1.439187e+00 1.463343e+00 1.369760e+00 3.357677e+00 1.319609e+00 2.245685e+00 2.159686e+00 1.493123e+00 1.474101e+00 1.488145e+00 8.912005e-01 9.012800e-01 1.269007e+00 1.267140e+00 0.000000e+00 0.000000e+00 1.042582e+00 1.603107e+00 1.402566e+00 1.167846e+00 1.018990e+00 0.000000e+00 -9.999000e+03 -9.999000e+03 -9.999000e+03 -9.999000e+03 -9.999000e+03 -9.999000e+03
1.379935e+00 1.260699e+00 1.555153e+00 1.481845e+00 1.084138e+00 9.755571e-01 8.370077e-01 1.164366e+00 1.513028e+00 1.601907e+00 1.625490e+00 1.655543e+00 1.673408e+00 1.690385e+00 1.696157e+00 1.687574e+00 1.684346e+00 1.667027e+00 1.587678e+00 1.566053e+00 1.556588e+00 1.552363e+00 1.542653e+00 1.557248e+00 1.478633e+00 1.496253e+00 1.419493e+00 3.357677e+00 1.375314e+00 2.182849e+00 2.199795e+00 1.504909e+00 1.493804e+00 8.649121e-01 8.769403e-01 8.879047e-01 1.329718e+00 0.000000e+00 0.000000e+00 9.514332e-01 1.168480e+00 1.694325e+00 1.515087e+00 1.301776e+00 1.171203e+00 9.943682e-01 1.014266e+00 -9.999000e+03 -9.999000e+03 -9.999000e+03 -9.999000e+03 -9.999000e+03
1.471339e+00 1.356277e+00 1.606515e+00 1.536530e+00 8.507913e-01 1.176293e+00 1.082010e+00 9.753805e-01 1.247642e+00 1.558644e+00 1.635689e+00 1.657484e+00 1.680459e+00 1.690463e+00 1.696196e+00 1.693635e+00 1.682632e+00 1.676118e+00 1.582817e+00 1.570807e+00 1.570441e+00 1.572084e+00 1.566404e+00 1.575984e+00 1.511585e+00 1.525184e+00 1.465341e+00 3.357677e+00 1.428851e+00 1.991497e+00 2.242460e+00 1.518127e+00 8.532632e-01 8.574945e-01 8.664780e-01 8.761872e-01 0.000000e+00 0.000000e+00 9.303287e-01 1.090246e+00 1.256336e+00 1.755318e+00 9.578949e-01 9.803420e-01 1.270647e+00 1.133834e+00 1.134222e+00 9.975140e-01 0.000000e+00 -9.999000e+03 -9.999000e+03 -9.999000e+03
1.532606e+00 1.561539e+00 1.445651e+00 1.657832e+00 1.590462e+00 9.994158e-01 1.262983e+00 1.180830e+00 1.091005e+00 1.321247e+00 1.591493e+00 1.652429e+00 1.665718e+00 1.679639e+00 1.685124e+00 1.687824e+00 1.685875e+00 1.678634e+00 1.675797e+00 1.580669e+00 1.590708e+00 1.593303e+00 1.587021e+00 1.590406e+00 1.538737e+00 1.550874e+00 1.507936e+00 3.357677e+00 1.482786e+00 1.694149e+00 2.291226e+00 8.541025e-01 8.564132e-01 8.575136e-01 0.000000e+00 0.000000e+00 0.000000e+00 8.775760e-01 1.066437e+00 1.189119e+00 1.322047e+00 9.053606e-01 9.188904e-01 1.100412e+00 1.335183e+00 1.256876e+00 1.268723e+00 9.803807e-01 9.963251e-01 0.000000e+00 -9.999000e+03 -9.999000e+03
2.593294e+00 2.593294e+00 1.415818e+00 1.324070e+00 1.694501e+00 1.628626e+00 1.107336e+00 1.332852e+00 1.257631e+00 1.176150e+00 1.375515e+00 1.608037e+00 1.653535e+00 1.662178e+00 1.672359e+00 1.677584e+00 1.682063e+00 1.684050e+00 1.683368e+00 1.397414e+00 1.616052e+00 1.618651e+00 1.610101e+00 1.607326e+00 1.567160e+00 1.579570e+00 1.552374e+00 3.320352e+00 1.534602e+00 1.623864e+00 2.338274e+00 8.558354e-01 8.561405e-01 0.000000e+00 0.000000e+00 9.229605e-01 8.690765e-01 1.015091e+00 1.166941e+00 1.265962e+00 8.854692e-01 8.920291e-01 9.007134e-01 1.189558e+00 1.380163e+00 1.333225e+00 9.605964e-01 9.588467e-01 9.575789e-01 1.292964e+00 1.004514e+00 0.000000e+00
1.559291e+00 1.638832e+00 2.593294e+00 1.482803e+00 1.393561e+00 1.457872e+00 1.405977e+00 1.046102e+00 1.197850e+00 1.143270e+00 1.084850e+00 1.219598e+00 1.372275e+00 1.399084e+00 1.405289e+00 1.414940e+00 1.424946e+00 1.435436e+00 1.445400e+00 1.453908e+00 1.440897e+00 1.421718e+00 1.410124e+00 1.400763e+00 1.602158e+00 1.616509e+00 1.602922e+00 3.222959e+00 1.584459e+00 1.632368e+00 2.379729e+00 8.549810e-01 0.000000e+00 0.000000e+00 8.996949e-01 1.060664e+00 1.009632e+00 1.120392e+00 1.247767e+00 8.697090e-01 8.763508e-01 8.844365e-01 8.932002e-01 9.051433e-01 1.412678e+00 1.375314e+00 9.247042e-01 1.085739e+00 1.091229e+00 1.338132e+00 9.590832e-01 1.292549e+00
8.074451e-01 9.391033e-01 1.046309e+00 2.593294e+00 2.593294e+00 2.593294e+00 2.593294e+00 1.454524e+00 1.135135e+00 1.274808e+00 1.227111e+00 1.174364e+00 1.296800e+00 1.431877e+00 1.545492e+00 1.470947e+00 1.482908e+00 1.494003e+00 1.504847e+00 1.514726e+00 8.214694e-01 1.477656e+00 1.566908e+00 1.461257e+00 1.409331e+00 1.426827e+00 1.652392e+00 3.136399e+00 1.626850e+00 1.649832e+00 2.410751e+00 0.000000e+00 0.000000e+00 8.550710e-01 1.037291e+00 1.165838e+00 1.117627e+00 1.208499e+00 1.317403e+00 8.648445e-01 8.700570e-01 8.783679e-01 8.868417e-01 8.970348e-01 1.441972e+00 1.414826e+00 1.069592e+00 1.187108e+00 1.192325e+00 1.410562e+00 1.090014e+00 1.333116e+00
1.014075e+00 1.095975e+00 1.174853e+00 1.263993e+00 1.335571e+00 1.380775e+00 1.424020e+00 2.593294e+00 2.593294e+00 2.593294e+00 2.593294e+00 2.593294e+00 2.593294e+00 2.593294e+00 2.593294e+00 2.593294e+00 2.593294e+00 1.570370e+00 1.566581e+00 1.564704e+00 1.559573e+00 9.452263e-01 1.520175e+00 1.509146e+00 1.480748e+00 1.505623e+00 1.464045e+00 3.037391e+00 1.657552e+00 1.662937e+00 0.000000e+00 0.000000e+00 8.487600e-01 8.525457e-01 1.140456e+00 1.250268e+00 1.206453e+00 1.284965e+00 1.379422e+00 8.632602e-01 8.666914e-01 8.740559e-01 8.815192e-01 8.906163e-01 9.018740e-01 9.132919e-01 1.193081e+00 1.285284e+00 1.282846e+00 1.471258e+00 1.182463e+00 1.399094e+00
9.071470e-01 1.002255e+00 1.091797e+00 2.179690e+00 2.189967e+00 2.188910e+00 2.182034e+00 2.173631e+00 2.167431e+00 2.165985e+00 2.169253e+00 2.176216e+00 2.187389e+00 2.201838e+00 2.217816e+00 2.230825e+00 2.232041e+00 2.593294e+00 2.593294e+00 1.632425e+00 1.617945e+00 1.596824e+00 1.552802e+00 1.564849e+00 1.549818e+00 1.574616e+00 1.538175e+00 2.360548e+00 1.677767e+00 0.000000e+00 0.000000e+00 8.491630e-01 8.472624e-01 8.509870e-01 1.225497e+00 1.321010e+00 1.280764e+00 1.348897e+00 8.595277e-01 8.594389e-01 8.620846e-01 8.691480e-01 8.767650e-01 8.848141e-01 8.944576e-01 9.063929e-01 9.173202e-01 1.367707e+00 1.362894e+00 1.527463e+00 1.268379e+00 1.462628e+00
1.582202e+00 2.726785e+00 2.713927e+00 1.620012e+00 1.602988e+00 1.581373e+00 1.564536e+00 1.552388e+00 1.530404e+00 1.523141e+00 1.520554e+00 1.309173e+00 1.268406e+00 1.279004e+00 1.292572e+00 1.307605e+00 1.488680e+00 1.615807e+00 1.730890e+00 2.593294e+00 2.593294e+00 2.593294e+00 2.593294e+00 1.598968e+00 1.621091e+00 1.632790e+00 1.593647e+00 2.303660e+00 0.000000e+00 0.000000e+00 8.564206e-01 9.855292e-01 8.464215e-01 8.503222e-01 1.298365e+00 1.381211e+00 1.343249e+00 1.401390e+00 8.540918e-01 8.536676e-01 8.558858e-01 8.627960e-01 8.719062e-01 8.804413e-01 8.867118e-01 8.945601e-01 9.063447e-01 1.430942e+00 1.432419e+00 1.582406e+00 1.359268e+00 1.530420e+00
2.751596e+00 1.656406e+00 1.639134e+00 1.622775e+00 1.604954e+00 1.586085e+00 1.568823e+00 1.531045e+00 1.516415e+00 1.505731e+00 1.501943e+00 1.413069e+00 1.415795e+00 1.420548e+00 1.427782e+00 1.306236e+00 1.274694e+00 2.374884e+00 2.480264e+00 2.581399e+00 2.593294e+00 2.482873e+00 2.593294e+00 2.593294e+00 1.689301e+00 1.707671e+00 1.647531e+00 8.181973e-01 0.000000e+00 8.341874e-01 9.989749e-01 1.092184e+00 8.442657e-01 9.852156e-01 1.360363e+00 1.433039e+00 1.397145e+00 1.445794e+00 8.499125e-01 8.495756e-01 8.519992e-01 8.581047e-01 8.673364e-01 8.775898e-01 8.828543e-01 8.866495e-01 8.956551e-01 9.069035e-01 1.482339e+00 1.618482e+00 1.432100e+00 1.584065e+00
1.677281e+00 1.663708e+00 1.650131e+00 1.638339e+00 1.625796e+00 1.609220e+00 1.554457e+00 1.535881e+00 1.518637e+00 1.507508e+00 1.378599e+00 1.375897e+00 1.373889e+00 1.373372e+00 1.487159e+00 1.412739e+00 2.687003e+00 1.519318e+00 1.240226e+00 1.232255e+00 1.246289e+00 0.000000e+00 0.000000e+00 0.000000e+00 2.593294e+00 1.928251e+00 1.743106e+00 0.000000e+00 0.000000e+00 9.922172e-01 1.005184e+00 1.184969e+00 8.414721e-01 1.085123e+00 1.412240e+00 1.477664e+00 1.444222e+00 8.489415e-01 8.466268e-01 8.460383e-01 8.494563e-01 8.557380e-01 8.641690e-01 8.752756e-01 8.815220e-01 8.828766e-01 8.869619e-01 8.942089e-01 1.512025e+00 1.631251e+00 1.479904e+00 1.616645e+00
1.680352e+00 1.671646e+00 1.662576e+00 1.656159e+00 1.647787e+00 1.578670e+00 1.560209e+00 1.541684e+00 1.526431e+00 1.352252e+00 1.344850e+00 1.338986e+00 1.334558e+00 1.479412e+00 1.372083e+00 2.424727e+00 1.506945e+00 1.371221e+00 1.326224e+00 1.333519e+00 1.258386e+00 1.171982e+00 1.211065e+00 0.000000e+00 0.000000e+00 0.000000e+00 2.330441e+00 0.000000e+00 8.656433e-01 1.140297e+00 1.132468e+00 1.126064e+00 9.864016e-01 1.176125e+00 1.459496e+00 1.515010e+00 1.483478e+00 8.466536e-01 8.445667e-01 8.427112e-01 8.454776e-01 8.525699e-01 8.614426e-01 8.729419e-01 8.802304e-01 8.818364e-01 8.837836e-01 1.036704e+00 1.533360e+00 1.632858e+00 1.515569e+00 1.632764e+00
1.686472e+00 1.681622e+00 1.677218e+00 1.673232e+00 1.591586e+00 1.578084e+00 1.561015e+00 1.547073e+00 1.329797e+00 1.318871e+00 1.307874e+00 1.300382e+00 1.483961e+00 1.341597e+00 2.468626e+00 1.520260e+00 1.330021e+00 1.267936e+00 1.262974e+00 1.407149e+00 1.264871e+00 1.104612e+00 1.117992e+00 1.165239e+00 1.189564e+00 0.000000e+00 0.000000e+00 0.000000e+00 2.031160e+00 1.037330e+00 1.344253e+00 1.243616e+00 1.119153e+00 1.271121e+00 1.506755e+00 1.546136e+00 1.514827e+00 8.434599e-01 8.428254e-01 8.406466e-01 8.417836e-01 8.483061e-01 8.580535e-01 8.706643e-01 8.790837e-01 8.822669e-01 8.845155e-01 1.148525e+00 1.550833e+00 1.628303e+00 1.543047e+00 1.635294e+00
1.689897e+00 1.689964e+00 1.686775e+00 1.584486e+00 1.577675e+00 1.564553e+00 1.550810e+00 1.289628e+00 1.285718e+00 1.274882e+00 1.264275e+00 1.491042e+00 1.312926e+00 2.572140e+00 1.549815e+00 1.295746e+00 1.223112e+00 1.213577e+00 1.380754e+00 1.201218e+00 1.200681e+00 1.201738e+00 1.055285e+00 1.075786e+00 1.114992e+00 1.425688e+00 0.000000e+00 0.000000e+00 0.000000e+00 0.000000e+00 1.562467e+00 1.364718e+00 1.101907e+00 1.352506e+00 1.548043e+00 1.573622e+00 1.542492e+00 8.408858e-01 8.395834e-01 8.383317e-01 8.389430e-01 8.436500e-01 8.522881e-01 8.645533e-01 8.735069e-01 8.783609e-01 8.820158e-01 1.239645e+00 1.564643e+00 1.618717e+00 1.558012e+00 1.624153e+00
1.692646e+00 1.693022e+00 1.567479e+00 1.561752e+00 1.552067e+00 1.539685e+00 1.222717e+00 1.224417e+00 1.223441e+00 1.217929e+00 1.494529e+00 1.278014e+00 2.845815e+00 1.588570e+00 1.258152e+00 1.176498e+00 1.168379e+00 1.363582e+00 1.146090e+00 1.141579e+00 1.138176e+00 1.132503e+00 1.133854e+00 1.013301e+00 1.026943e+00 0.000000e+00 0.000000e+00 9.218557e-01 1.024686e+00 0.000000e+00 0.000000e+00 0.000000e+00 1.200624e+00 1.227416e+00 1.578619e+00 1.598266e+00 1.568652e+00 8.398833e-01 8.362719e-01 8.356563e-01 8.364260e-01 8.395173e-01 8.457103e-01 8.555426e-01 8.639113e-01 8.701890e-01 8.759555e-01 1.314314e+00 1.576306e+00 1.608211e+00 1.561301e+00 1.602292e+00
