tests/data/reference/test_implicit_stream_rill_mfda/control/cinfil_m3.asc
ncols	123
nrows	77
xllcorner	-713746.79929998
yllcorner	-1061022.36961616
cellsize	10.0
NODATA_value	-9999
[rows 23 to 45 of 77, columns 52 to 103 of 123]
9.620505e-01 1.232699e+00 1.297702e+00 1.400785e+00 1.440261e+00 1.510224e+00 1.483905e+00 1.422996e+00 1.429066e+00 1.379463e+00 1.320701e+00 1.322927e+00 1.325678e+00 1.331583e+00 1.344035e+00 1.621964e+00 1.880027e+00 1.941316e+00 1.489437e+00 1.470154e+00 1.309619e+00 1.224505e+00 1.128570e+00 1.229331e+00 8.786976e-01 1.039892e+00 3.178452e+00 2.065696e+00 1.660312e+00 1.263188e+00 1.147191e+00 1.030191e+00 8.947806e-01 9.256522e-01 -9.999000e+03 -9.999000e+03 -9.999000e+03 -9.999000e+03 -9.999000e+03 -9.999000e+03 -9.999000e+03 -9.999000e+03 -9.999000e+03 -9.999000e+03 -9.999000e+03 -9.999000e+03 -9.999000e+03 -9.999000e+03 -9.999000e+03 -9.999000e+03 -9.999000e+03 -9.999000e+03
9.563460e-01 1.060679e+00 1.296062e+00 1.356300e+00 1.445624e+00 1.479973e+00 1.535937e+00 1.523614e+00 1.474102e+00 1.477848e+00 1.434561e+00 1.382690e+00 1.386180e+00 1.394303e+00 1.407182e+00 1.424578e+00 1.972512e+00 1.981953e+00 1.514983e+00 1.486957e+00 1.355333e+00 1.282824e+00 1.204808e+00 1.285231e+00 1.010359e+00 1.140577e+00 8.923981e-01 3.234785e+00 2.154192e+00 1.775717e+00 1.415747e+00 1.146899e+00 1.036194e+00 1.060373e+00 9.362924e-01 -9.999000e+03 -9.999000e+03 -9.999000e+03 -9.999000e+03 -9.999000e+03 -9.999000e+03 -9.999000e+03 -9.999000e+03 -9.999000e+03 -9.999000e+03 -9.999000e+03 -9.999000e+03 -9.999000e+03 -9.999000e+03 -9.999000e+03 -9.999000e+03 -9.999000e+03
1.226548e+00 1.057469e+00 1.147799e+00 1.354986e+00 1.410695e+00 1.489664e+00 1.521571e+00 1.565451e+00 1.557761e+00 1.515224e+00 1.518340e+00 1.482148e+00 1.441743e+00 1.452255e+00 1.463236e+00 1.474012e+00 1.782205e+00 2.005116e+00 1.529259e+00 1.499668e+00 1.395010e+00 1.334229e+00 1.270768e+00 1.335441e+00 1.110530e+00 1.215166e+00 1.017243e+00 3.251483e+00 8.849729e-01 2.201087e+00 1.878142e+00 1.268863e+00 1.153581e+00 1.147910e+00 1.040882e+00 9.043829e-01 9.292538e-01 9.316698e-01 -9.999000e+03 -9.999000e+03 -9.999000e+03 -9.999000e+03 -9.999000e+03 -9.999000e+03 -9.999000e+03 -9.999000e+03 -9.999000e+03 -9.999000e+03 -9.999000e+03 -9.999000e+03 -9.999000e+03 -9.999000e+03
9.485178e-01 1.289496e+00 1.146845e+00 1.229956e+00 1.414523e+00 1.465396e+00 1.532189e+00 1.556075e+00 1.586820e+00 1.582955e+00 1.550573e+00 1.556779e+00 1.530794e+00 1.499736e+00 1.509254e+00 1.517763e+00 1.768922e+00 2.023022e+00 1.543729e+00 1.515325e+00 1.434864e+00 1.385314e+00 1.333599e+00 1.384229e+00 1.195750e+00 1.277925e+00 1.109363e+00 3.263587e+00 1.011667e+00 2.235621e+00 1.965013e+00 1.358389e+00 1.253205e+00 1.232685e+00 1.136368e+00 1.036928e+00 1.065660e+00 9.215886e-01 1.085575e+00 9.346770e-01 -9.999000e+03 -9.999000e+03 -9.999000e+03 -9.999000e+03 -9.999000e+03 -9.999000e+03 -9.999000e+03 -9.999000e+03 -9.999000e+03 -9.999000e+03 -9.999000e+03 -9.999000e+03
1.050398e+00 8.166584e-01 1.352585e+00 1.235204e+00 1.310689e+00 1.470119e+00 1.510456e+00 1.562118e+00 1.580821e+00 1.605374e+00 1.606919e+00 1.585239e+00 1.592443e+00 1.571106e+00 1.545416e+00 1.557385e+00 1.712607e+00 2.034793e+00 1.563458e+00 1.537906e+00 1.478935e+00 1.440156e+00 1.397698e+00 1.434597e+00 1.273015e+00 1.334656e+00 1.188096e+00 3.062972e+00 1.105515e+00 2.253272e+00 2.016967e+00 1.408493e+00 1.336145e+00 1.325525e+00 1.242081e+00 1.155998e+00 9.000999e-01 9.139555e-01 1.081989e+00 1.212247e+00 1.098799e+00 0.000000e+00 -9.999000e+03 -9.999000e+03 -9.999000e+03 -9.999000e+03 -9.999000e+03 -9.999000e+03 -9.999000e+03 -9.999000e+03 -9.999000e+03 -9.999000e+03
1.138602e+00 9.537680e-01 1.410271e+00 1.311053e+00 8.364231e-01 1.377561e+00 1.513404e+00 1.544705e+00 1.586498e+00 1.602702e+00 1.622981e+00 1.628475e+00 1.614269e+00 1.621929e+00 1.608896e+00 1.594215e+00 1.626139e+00 2.021396e+00 1.578067e+00 1.556097e+00 1.513751e+00 1.484424e+00 1.450601e+00 1.477768e+00 1.339536e+00 1.384845e+00 1.256576e+00 3.044780e+00 1.185103e+00 2.266311e+00 2.066090e+00 1.446964e+00 1.401088e+00 1.403066e+00 1.336002e+00 1.259893e+00 1.053787e+00 1.065298e+00 9.149483e-01 1.201379e+00 0.000000e+00 0.000000e+00 0.000000e+00 0.000000e+00 -9.999000e+03 -9.999000e+03 -9.999000e+03 -9.999000e+03 -9.999000e+03 -9.999000e+03 -9.999000e+03 -9.999000e+03
1.219961e+00 1.065102e+00 1.463212e+00 1.376046e+00 8.343669e-01 9.736687e-01 1.433702e+00 1.548216e+00 1.572208e+00 1.605868e+00 1.620442e+00 1.638818e+00 1.648212e+00 1.644286e+00 1.658051e+00 1.653328e+00 1.638248e+00 1.721773e+00 1.583492e+00 1.564760e+00 1.534337e+00 1.513294e+00 1.488471e+00 1.510701e+00 1.395680e+00 1.429184e+00 1.317698e+00 3.227935e+00 1.257613e+00 2.274399e+00 2.117621e+00 1.477930e+00 1.447248e+00 1.456943e+00 1.409855e+00 1.350492e+00 1.177797e+00 1.181570e+00 1.064500e+00 0.000000e+00 0.000000e+00 1.532027e+00 1.301212e+00 1.029054e+00 0.000000e+00 -9.999000e+03 -9.999000e+03 -9.999000e+03 -9.999000e+03 -9.999000e+03 -9.999000e+03 -9.999000e+03
1.299683e+00 1.165094e+00 1.513125e+00 1.434184e+00 9.721180e-01 8.336382e-01 1.079520e+00 1.477662e+00 1.575370e+00 1.597500e+00 1.627054e+00 1.643074e+00 1.662184e+00 1.676805e+00 1.679237e+00 1.687395e+00 1.675523e+00 1.653549e+00 1.612493e+00 1.568157e+00 1.548962e+00 1.536518e+00 1.520088e+00 1.538181e+00 1.443440e+00 1.467602e+00 1.372705e+00 3.328596e+00 1.321626e+00 2.262470e+00 2.164355e+00 1.498445e+00 1.479118e+00 1.492870e+00 8.845490e-01 8.949097e-01 1.269834e+00 1.268011e+00 0.000000e+00 0.000000e+00 9.876484e-01 1.596598e+00 1.398490e+00 1.166719e+00 1.015519e+00 0.000000e+00 -9.999000e+03 -9.999000e+03 -9.999000e+03 -9.999000e+03 -9.999000e+03 -9.999000e+03
1.382547e+00 1.260881e+00 1.560934e+00 1.487016e+00 1.080502e+00 9.696678e-01 8.287409e-01 1.162641e+00 1.519026e+00 1.608102e+00 1.631159e+00 1.659695e+00 1.676913e+00 1.692740e+00 1.699026e+00 1.691865e+00 1.688656e+00 1.672267e+00 1.568084e+00 1.567927e+00 1.560215e+00 1.556871e+00 1.547835e+00 1.561534e+00 1.483570e+00 1.500752e+00 1.423246e+00 3.328596e+00 1.378324e+00 2.201241e+00 2.205465e+00 1.509793e+00 1.499086e+00 8.575000e-01 8.698814e-01 8.811559e-01 1.332048e+00 0.000000e+00 0.000000e+00 9.315032e-01 1.126481e+00 1.690114e+00 1.515117e+00 1.302864e+00 1.170082e+00 9.903442e-01 1.010693e+00 -9.999000e+03 -9.999000e+03 -9.999000e+03 -9.999000e+03 -9.999000e+03
1.475178e+00 1.358279e+00 1.612704e+00 1.542524e+00 8.429527e-01 1.174669e+00 1.078316e+00 9.694291e-01 1.247884e+00 1.565214e+00 1.641578e+00 1.662583e+00 1.683961e+00 1.693370e+00 1.698216e+00 1.695986e+00 1.686199e+00 1.679695e+00 1.559740e+00 1.572571e+00 1.573739e+00 1.576363e+00 1.571532e+00 1.580141e+00 1.516929e+00 1.529746e+00 1.469722e+00 3.328596e+00 1.432713e+00 1.989778e+00 2.249423e+00 1.522173e+00 8.454992e-01 8.498531e-01 8.591124e-01 8.691053e-01 0.000000e+00 0.000000e+00 9.087728e-01 1.074909e+00 1.223005e+00 1.753608e+00 9.529969e-01 9.759812e-01 1.271460e+00 1.132014e+00 1.132489e+00 9.935671e-01 0.000000e+00 -9.999000e+03 -9.999000e+03 -9.999000e+03
1.536673e+00 1.566623e+00 1.449162e+00 1.664174e+00 1.597128e+00 9.941338e-01 1.263452e+00 1.179196e+00 1.087393e+00 1.323101e+00 1.598348e+00 1.657780e+00 1.670131e+00 1.682530e+00 1.687500e+00 1.689540e+00 1.687766e+00 1.681465e+00 1.678555e+00 1.554198e+00 1.593474e+00 1.597086e+00 1.591755e+00 1.594228e+00 1.544218e+00 1.555384e+00 1.512763e+00 3.328596e+00 1.487309e+00 1.663706e+00 2.299711e+00 8.463636e-01 8.487400e-01 8.498729e-01 0.000000e+00 0.000000e+00 0.000000e+00 8.679484e-01 1.049477e+00 1.177521e+00 1.295635e+00 8.991018e-01 9.129952e-01 1.097987e+00 1.337159e+00 1.257288e+00 1.269242e+00 9.760208e-01 9.923504e-01 0.000000e+00 -9.999000e+03 -9.999000e+03
2.572791e+00 2.572791e+00 1.421929e+00 1.328871e+00 1.700784e+00 1.635636e+00 1.104240e+00 1.334945e+00 1.258061e+00 1.174596e+00 1.378628e+00 1.614789e+00 1.658161e+00 1.665840e+00 1.674675e+00 1.679499e+00 1.683497e+00 1.685513e+00 1.685409e+00 1.383810e+00 1.618223e+00 1.621770e+00 1.614169e+00 1.610620e+00 1.572469e+00 1.583814e+00 1.557463e+00 3.256408e+00 1.539610e+00 1.613400e+00 2.348631e+00 8.481460e-01 8.484597e-01 0.000000e+00 0.000000e+00 8.877024e-01 8.590939e-01 1.008389e+00 1.153724e+00 1.257742e+00 8.786551e-01 8.854020e-01 8.943283e-01 1.188850e+00 1.382809e+00 1.335169e+00 9.557625e-01 9.539719e-01 9.526733e-01 1.282303e+00 1.000727e+00 0.000000e+00
1.563059e+00 1.642128e+00 2.572791e+00 1.489637e+00 1.399424e+00 1.463706e+00 1.412558e+00 1.046523e+00 1.201411e+00 1.145910e+00 1.086376e+00 1.223775e+00 1.378313e+00 1.403219e+00 1.408752e+00 1.417569e+00 1.427320e+00 1.437507e+00 1.447368e+00 1.456035e+00 1.428363e+00 1.424795e+00 1.413825e+00 1.403981e+00 1.606964e+00 1.620340e+00 1.608138e+00 3.174384e+00 1.589891e+00 1.628401e+00 2.392404e+00 8.472674e-01 0.000000e+00 0.000000e+00 8.783555e-01 1.032366e+00 1.002644e+00 1.116115e+00 1.238060e+00 8.624377e-01 8.692739e-01 8.775942e-01 8.866065e-01 8.988782e-01 1.415637e+00 1.378182e+00 9.189674e-01 1.082950e+00 1.088524e+00 1.333246e+00 9.542141e-01 1.281891e+00
8.024735e-01 9.360612e-01 1.045191e+00 2.572791e+00 2.572791e+00 2.572791e+00 2.572791e+00 1.460908e+00 1.136576e+00 1.279012e+00 1.230344e+00 1.176576e+00 1.301536e+00 1.437332e+00 1.548678e+00 1.473197e+00 1.484940e+00 1.495756e+00 1.506423e+00 1.516316e+00 8.168553e-01 1.466399e+00 1.569836e+00 1.464113e+00 1.413692e+00 1.430605e+00 1.657543e+00 3.093556e+00 1.632502e+00 1.648784e+00 2.426387e+00 0.000000e+00 0.000000e+00 8.473600e-01 1.020407e+00 1.142646e+00 1.113143e+00 1.206611e+00 1.310667e+00 8.574304e-01 8.627953e-01 8.713509e-01 8.800645e-01 8.905492e-01 1.444942e+00 1.418140e+00 1.066285e+00 1.186210e+00 1.191562e+00 1.409389e+00 1.087298e+00 1.328157e+00
1.012661e+00 1.096072e+00 1.175951e+00 1.265999e+00 1.338712e+00 1.384903e+00 1.429008e+00 2.572791e+00 2.572791e+00 2.572791e+00 2.572791e+00 2.572791e+00 2.572791e+00 2.572791e+00 2.572791e+00 2.572791e+00 2.572791e+00 1.571995e+00 1.567976e+00 1.565933e+00 1.560798e+00 9.424086e-01 1.513161e+00 1.511777e+00 1.484724e+00 1.509168e+00 1.469026e+00 3.000820e+00 1.663225e+00 1.663547e+00 0.000000e+00 0.000000e+00 8.408592e-01 8.447602e-01 1.127189e+00 1.231656e+00 1.204411e+00 1.285150e+00 1.375087e+00 8.557986e-01 8.593321e-01 8.669090e-01 8.745936e-01 8.839475e-01 8.955193e-01 9.072520e-01 1.192080e+00 1.286296e+00 1.283913e+00 1.473254e+00 1.181562e+00 1.397801e+00
9.033654e-01 1.000152e+00 1.091300e+00 2.187983e+00 2.191746e+00 2.183501e+00 2.171124e+00 2.162197e+00 2.158891e+00 2.160763e+00 2.166889e+00 2.176323e+00 2.189352e+00 2.205475e+00 2.222619e+00 2.236494e+00 2.238283e+00 2.572791e+00 2.572791e+00 1.633574e+00 1.618968e+00 1.597860e+00 1.545011e+00 1.567352e+00 1.553517e+00 1.578049e+00 1.542992e+00 2.331224e+00 1.683230e+00 0.000000e+00 0.000000e+00 8.412746e-01 8.393153e-01 8.431544e-01 1.215702e+00 1.306300e+00 1.280838e+00 1.350614e+00 8.519505e-01 8.518589e-01 8.545875e-01 8.618607e-01 8.697008e-01 8.779821e-01 8.878996e-01 9.001637e-01 9.113849e-01 1.370055e+00 1.365233e+00 1.532093e+00 1.269215e+00 1.464483e+00
1.587688e+00 2.744369e+00 2.733037e+00 1.620263e+00 1.602539e+00 1.580439e+00 1.563218e+00 1.550734e+00 1.530787e+00 1.523033e+00 1.520295e+00 1.310117e+00 1.272074e+00 1.282556e+00 1.296061e+00 1.311127e+00 1.490962e+00 1.618109e+00 1.732992e+00 2.572791e+00 2.572791e+00 2.572791e+00 2.572791e+00 1.592983e+00 1.624622e+00 1.636210e+00 1.598333e+00 2.278965e+00 0.000000e+00 0.000000e+00 8.477372e-01 9.799292e-01 8.384480e-01 8.424693e-01 1.291600e+00 1.369746e+00 1.344882e+00 1.404386e+00 8.463527e-01 8.459157e-01 8.481978e-01 8.553205e-01 8.646956e-01 8.734846e-01 8.799312e-01 8.880050e-01 9.001141e-01 1.434368e+00 1.435764e+00 1.589062e+00 1.361413e+00 1.534870e+00
2.764690e+00 1.658178e+00 1.640559e+00 1.623565e+00 1.605228e+00 1.585891e+00 1.568268e+00 1.533392e+00 1.518026e+00 1.506778e+00 1.502878e+00 1.417051e+00 1.419593e+00 1.424159e+00 1.431280e+00 1.307814e+00 1.278149e+00 2.374230e+00 2.483285e+00 2.572190e+00 2.572791e+00 2.479462e+00 2.572791e+00 2.572791e+00 1.679567e+00 1.710984e+00 1.652048e+00 8.134976e-01 0.000000e+00 8.167677e-01 9.929674e-01 1.088758e+00 8.362223e-01 9.796217e-01 1.356015e+00 1.424525e+00 1.400082e+00 1.449827e+00 8.420471e-01 8.416999e-01 8.441971e-01 8.504826e-01 8.599962e-01 8.705500e-01 8.759670e-01 8.798672e-01 8.891309e-01 9.006889e-01 1.486472e+00 1.626237e+00 1.435300e+00 1.590591e+00
1.679460e+00 1.665814e+00 1.651805e+00 1.639692e+00 1.626702e+00 1.609903e+00 1.558850e+00 1.539493e+00 1.521446e+00 1.509902e+00 1.382541e+00 1.379701e+00 1.377488e+00 1.376834e+00 1.488934e+00 1.416365e+00 2.654570e+00 1.517810e+00 1.243866e+00 1.235345e+00 1.249235e+00 0.000000e+00 0.000000e+00 0.000000e+00 2.572791e+00 1.872582e+00 1.746413e+00 0.000000e+00 0.000000e+00 9.788004e-01 1.003581e+00 1.183584e+00 8.333381e-01 1.081618e+00 1.410037e+00 1.471784e+00 1.448195e+00 8.410463e-01 8.386599e-01 8.380524e-01 8.415769e-01 8.480459e-01 8.567347e-01 8.681660e-01 8.745966e-01 8.759899e-01 8.801880e-01 8.876439e-01 1.516659e+00 1.639107e+00 1.484016e+00 1.624398e+00
1.682655e+00 1.673637e+00 1.664575e+00 1.657881e+00 1.649541e+00 1.584707e+00 1.565724e+00 1.546347e+00 1.530412e+00 1.355726e+00 1.348260e+00 1.342232e+00 1.337672e+00 1.482335e+00 1.375717e+00 2.423836e+00 1.505452e+00 1.374752e+00 1.328692e+00 1.335762e+00 1.262259e+00 1.174447e+00 1.213271e+00 0.000000e+00 0.000000e+00 0.000000e+00 2.458190e+00 0.000000e+00 8.527683e-01 1.130332e+00 1.132757e+00 1.127775e+00 9.807428e-01 1.174568e+00 1.459152e+00 1.511411e+00 1.488209e+00 8.386875e-01 8.365330e-01 8.346172e-01 8.374735e-01 8.447851e-01 8.539257e-01 8.657608e-01 8.732676e-01 8.749199e-01 8.769228e-01 1.032560e+00 1.538049e+00 1.639792e+00 1.520263e+00 1.640745e+00
1.688342e+00 1.683791e+00 1.679324e+00 1.675704e+00 1.598531e+00 1.584866e+00 1.567222e+00 1.552507e+00 1.332393e+00 1.321491e+00 1.310397e+00 1.302802e+00 1.487871e+00 1.344884e+00 2.473419e+00 1.518919e+00 1.333098e+00 1.269630e+00 1.264468e+00 1.411691e+00 1.265873e+00 1.106502e+00 1.119898e+00 1.166707e+00 1.191100e+00 0.000000e+00 0.000000e+00 0.000000e+00 2.569100e+00 1.030368e+00 1.340150e+00 1.246087e+00 1.116015e+00 1.271651e+00 1.507909e+00 1.544438e+00 1.520026e+00 8.353903e-01 8.347352e-01 8.324888e-01 8.336595e-01 8.403913e-01 8.504298e-01 8.634195e-01 8.720876e-01 8.753628e-01 8.776754e-01 1.146519e+00 1.555123e+00 1.633494e+00 1.547893e+00 1.642465e+00
1.692013e+00 1.692152e+00 1.689626e+00 1.591541e+00 1.584884e+00 1.571593e+00 1.557289e+00 1.291135e+00 1.287247e+00 1.276333e+00 1.265612e+00 1.495638e+00 1.315497e+00 2.580588e+00 1.548897e+00 1.298056e+00 1.223643e+00 1.213947e+00 1.385340e+00 1.200983e+00 1.200244e+00 1.201237e+00 1.056085e+00 1.076571e+00 1.115554e+00 1.428732e+00 0.000000e+00 0.000000e+00 0.000000e+00 0.000000e+00 1.515325e+00 1.368420e+00 1.102804e+00 1.354644e+00 1.550366e+00 1.573429e+00 1.547833e+00 8.327349e-01 8.313949e-01 8.301056e-01 8.307357e-01 8.355866e-01 8.444948e-01 8.571306e-01 8.663431e-01 8.713437e-01 8.751046e-01 1.239786e+00 1.568177e+00 1.621863e+00 1.562583e+00 1.629640e+00
1.694870e+00 1.696106e+00 1.573909e+00 1.568543e+00 1.559034e+00 1.546435e+00 1.222666e+00 1.224394e+00 1.223366e+00 1.217760e+00 1.499376e+00 1.279554e+00 2.853242e+00 1.588676e+00 1.259261e+00 1.175580e+00 1.167366e+00 1.367627e+00 1.144470e+00 1.139605e+00 1.136054e+00 1.130225e+00 1.131374e+00 1.012480e+00 1.026329e+00 0.000000e+00 0.000000e+00 9.139690e-01 1.014509e+00 0.000000e+00 0.000000e+00 0.000000e+00 1.202648e+00 1.231006e+00 1.581836e+00 1.599083e+00 1.573836e+00 8.317035e-01 8.279823e-01 8.273475e-01 8.281412e-01 8.313268e-01 8.377138e-01 8.478449e-01 8.564693e-01 8.629310e-01 8.688666e-01 1.316158e+00 1.578983e+00 1.609618e+00 1.565198e+00 1.605688e+00
