tests/data/reference/test_implicit_stream_rill_mfda/control/cinfil_m3.asc
ncols	123
nrows	77
xllcorner	-713746.79929998
yllcorner	-1061022.36961616
cellsize	10.0
NODATA_value	-9999
[rows 46 to 68 of 77, columns 52 to 103 of 123]
1.683190e+00 1.539783e+00 1.542202e+00 1.532894e+00 1.519661e+00 1.143253e+00 1.142654e+00 1.140490e+00 1.139794e+00 1.481220e+00 1.226610e+00 2.821169e+00 1.623996e+00 1.205878e+00 1.112093e+00 1.109767e+00 1.343667e+00 1.084822e+00 1.073442e+00 1.069576e+00 1.063569e+00 1.053432e+00 1.050930e+00 1.061478e+00 1.502917e+00 0.000000e+00 9.359830e-01 7.739761e-01 9.117507e-01 1.017291e+00 1.119946e+00 0.000000e+00 0.000000e+00 0.000000e+00 1.390178e+00 1.627499e+00 1.596955e+00 8.425430e-01 8.358380e-01 8.346989e-01 8.356556e-01 8.384017e-01 8.427079e-01 8.494999e-01 8.557445e-01 8.613115e-01 8.672210e-01 1.371507e+00 1.581629e+00 1.598188e+00 1.560801e+00 1.581339e+00
1.478773e+00 1.499304e+00 1.506354e+00 1.492781e+00 1.043070e+00 1.043833e+00 1.041628e+00 1.035595e+00 1.446403e+00 1.146985e+00 2.786162e+00 1.650903e+00 1.128362e+00 1.018333e+00 1.019709e+00 1.306653e+00 1.011637e+00 9.931897e-01 9.821360e-01 9.787201e-01 9.713025e-01 9.594539e-01 9.533356e-01 1.473864e+00 8.288296e-01 0.000000e+00 9.450395e-01 9.000802e-01 9.748727e-01 1.050488e+00 1.126805e+00 1.206760e+00 1.310082e+00 0.000000e+00 0.000000e+00 1.671454e+00 1.632294e+00 8.500390e-01 8.387713e-01 8.354137e-01 8.363639e-01 8.399262e-01 8.429457e-01 8.465125e-01 8.494513e-01 8.525700e-01 8.570713e-01 1.413162e+00 1.579476e+00 1.588094e+00 1.559995e+00 1.567650e+00
1.411034e+00 1.436148e+00 1.446532e+00 9.076409e-01 9.010687e-01 9.021170e-01 9.007109e-01 1.407098e+00 1.042471e+00 2.739547e+00 1.669267e+00 1.025207e+00 8.764827e-01 8.800231e-01 1.234973e+00 8.838714e-01 8.774377e-01 8.634470e-01 8.559330e-01 8.540792e-01 8.478020e-01 8.374709e-01 1.456248e+00 9.549243e-01 1.054960e+00 0.000000e+00 1.096667e+00 1.026219e+00 1.117630e+00 1.186301e+00 1.251420e+00 1.319839e+00 1.407178e+00 8.696752e-01 0.000000e+00 1.484047e+00 1.669634e+00 8.592734e-01 8.441167e-01 8.372479e-01 8.369007e-01 8.409400e-01 8.431763e-01 8.444763e-01 8.447795e-01 8.457636e-01 8.491659e-01 1.445317e+00 1.573196e+00 1.577995e+00 1.559073e+00 1.562118e+00
1.330307e+00 1.352257e+00 9.176199e-01 1.064999e+00 1.176762e+00 1.271693e+00 1.351879e+00 9.064724e-01 2.688895e+00 1.674281e+00 8.888689e-01 8.811491e-01 1.024917e+00 1.140560e+00 8.836978e-01 1.030936e+00 1.138173e+00 1.218226e+00 1.286960e+00 1.349909e+00 1.402042e+00 1.442199e+00 8.407633e-01 8.261033e-01 1.571448e+00 0.000000e+00 1.040832e+00 1.003284e+00 9.804206e-01 1.063716e+00 1.137168e+00 1.210406e+00 1.294702e+00 1.496224e+00 0.000000e+00 0.000000e+00 1.703489e+00 8.688738e-01 8.516723e-01 8.412097e-01 8.382204e-01 8.410313e-01 8.425700e-01 8.427460e-01 8.411645e-01 8.403717e-01 8.431048e-01 1.470671e+00 1.564435e+00 1.567760e+00 1.559017e+00 1.564869e+00
1.239457e+00 2.211595e+00 2.295229e+00 2.369851e+00 2.437409e+00 2.499719e+00 2.559262e+00 2.629548e+00 1.665657e+00 8.970982e-01 1.039531e+00 1.146127e+00 1.235190e+00 1.314534e+00 1.382011e+00 1.437825e+00 1.480573e+00 1.510060e+00 1.534079e+00 1.555905e+00 1.574116e+00 1.589115e+00 1.593665e+00 1.585996e+00 1.938590e+00 0.000000e+00 8.654956e-01 8.252302e-01 8.540815e-01 9.499427e-01 1.031839e+00 1.108746e+00 1.192732e+00 1.427780e+00 1.575787e+00 0.000000e+00 1.491206e+00 8.755348e-01 8.580883e-01 8.458659e-01 8.409317e-01 8.417722e-01 8.421547e-01 8.420437e-01 9.758472e-01 9.727478e-01 8.380812e-01 1.490708e+00 1.556815e+00 1.560032e+00 1.559183e+00 1.569416e+00
2.120394e+00 1.572129e+00 1.717932e+00 1.813622e+00 1.920791e+00 2.068083e+00 2.176083e+00 1.634641e+00 1.585109e+00 1.608590e+00 1.623079e+00 1.632811e+00 1.636637e+00 1.637137e+00 1.634973e+00 1.630668e+00 1.756831e+00 1.803102e+00 1.838682e+00 1.870448e+00 1.902502e+00 1.937559e+00 1.959691e+00 1.960908e+00 1.493408e+00 0.000000e+00 8.284942e-01 9.528642e-01 1.047916e+00 9.879276e-01 1.066149e+00 1.138451e+00 1.215526e+00 1.307834e+00 1.547273e+00 0.000000e+00 0.000000e+00 8.131474e-01 8.617905e-01 8.496374e-01 8.439451e-01 8.431348e-01 8.419677e-01 8.418560e-01 1.082226e+00 1.077089e+00 8.344217e-01 1.506302e+00 1.552052e+00 1.555921e+00 1.558944e+00 1.571532e+00
1.522702e+00 1.525134e+00 8.848973e-01 1.586529e+00 1.831108e+00 1.682138e+00 1.585174e+00 1.537928e+00 1.611632e+00 1.627512e+00 1.638048e+00 1.650166e+00 1.657520e+00 1.659490e+00 1.657873e+00 1.653176e+00 8.734715e-01 1.001806e+00 1.098984e+00 1.180666e+00 1.261757e+00 1.352602e+00 1.426132e+00 1.471477e+00 8.489393e-01 0.000000e+00 8.889262e-01 1.007313e+00 1.096740e+00 1.169803e+00 1.072435e+00 1.149621e+00 1.225861e+00 1.307164e+00 1.395861e+00 1.655441e+00 0.000000e+00 9.463404e-01 8.617786e-01 8.530746e-01 8.487654e-01 8.477550e-01 8.448137e-01 9.787520e-01 1.170568e+00 1.164447e+00 9.665835e-01 1.519440e+00 1.549084e+00 1.553868e+00 1.559840e+00 1.572668e+00
1.476576e+00 1.472316e+00 1.524930e+00 1.747453e+00 1.656269e+00 1.532783e+00 1.478218e+00 1.572298e+00 1.645022e+00 1.718429e+00 1.780892e+00 1.845196e+00 1.904609e+00 1.955907e+00 1.995939e+00 2.022225e+00 2.028174e+00 2.009400e+00 1.965879e+00 1.889477e+00 1.789144e+00 1.712544e+00 1.781734e+00 1.823130e+00 1.852361e+00 0.000000e+00 1.306083e+00 1.222925e+00 1.234963e+00 1.267694e+00 1.311127e+00 1.173289e+00 1.244675e+00 1.311289e+00 1.379619e+00 1.726228e+00 0.000000e+00 0.000000e+00 7.864135e-01 8.548962e-01 8.551411e-01 8.561505e-01 9.893979e-01 1.087651e+00 1.245922e+00 1.238632e+00 1.069449e+00 1.531882e+00 1.548009e+00 1.553094e+00 1.562184e+00 1.573226e+00
1.419580e+00 1.554727e+00 1.646959e+00 1.618290e+00 1.469500e+00 1.412991e+00 1.521265e+00 1.621592e+00 1.497613e+00 1.622701e+00 1.622394e+00 1.629881e+00 1.643301e+00 1.662172e+00 1.676853e+00 1.682237e+00 1.677209e+00 1.661039e+00 1.639129e+00 1.614595e+00 1.603210e+00 1.621575e+00 8.829495e-01 8.597908e-01 9.823066e-01 0.000000e+00 9.081585e-01 1.018490e+00 1.103180e+00 1.002963e+00 1.049805e+00 1.342686e+00 1.213524e+00 1.280222e+00 1.310234e+00 1.787968e+00 8.011071e-01 0.000000e+00 7.765166e-01 7.797486e-01 8.530938e-01 8.545922e-01 1.095845e+00 1.174666e+00 1.309251e+00 1.302004e+00 1.155356e+00 1.544930e+00 1.551176e+00 1.554778e+00 1.564640e+00 1.573968e+00
1.527180e+00 1.399401e+00 1.581483e+00 1.382158e+00 1.332959e+00 1.461543e+00 1.584567e+00 1.446137e+00 1.622106e+00 8.717741e-01 1.634169e+00 1.727236e+00 1.815352e+00 1.923219e+00 2.026030e+00 2.108741e+00 2.178338e+00 2.236817e+00 2.288029e+00 2.333936e+00 2.388617e+00 2.464896e+00 2.525346e+00 2.554096e+00 0.000000e+00 0.000000e+00 8.177892e-01 9.391738e-01 1.031911e+00 1.109398e+00 1.181231e+00 1.251797e+00 1.315330e+00 1.177198e+00 1.253826e+00 1.552279e+00 1.852624e+00 0.000000e+00 7.667625e-01 7.710225e-01 8.438002e-01 9.807142e-01 1.173345e+00 1.242017e+00 1.360882e+00 1.355914e+00 1.229334e+00 1.559233e+00 1.559288e+00 1.559552e+00 1.566862e+00 1.575154e+00
1.339456e+00 1.569344e+00 1.286102e+00 1.229759e+00 1.388712e+00 1.540219e+00 1.379452e+00 1.606094e+00 1.424330e+00 1.555873e+00 1.412640e+00 1.405764e+00 1.539503e+00 1.599414e+00 1.473104e+00 1.605288e+00 1.683187e+00 1.744110e+00 1.793479e+00 1.833625e+00 1.874525e+00 1.922316e+00 1.951426e+00 1.951440e+00 0.000000e+00 1.006665e+00 9.400321e-01 1.004275e+00 1.080026e+00 1.152366e+00 1.218784e+00 1.279049e+00 1.333510e+00 1.382501e+00 1.232619e+00 1.404204e+00 1.702058e+00 0.000000e+00 0.000000e+00 7.543131e-01 8.646759e-01 1.071135e+00 1.235677e+00 1.298603e+00 1.405662e+00 1.403142e+00 1.293392e+00 1.573239e+00 1.571221e+00 1.569514e+00 1.573875e+00 1.580992e+00
1.567107e+00 1.198310e+00 1.119673e+00 1.300789e+00 1.485692e+00 1.304661e+00 1.587193e+00 1.362840e+00 1.360141e+00 1.358949e+00 1.354350e+00 1.345148e+00 1.581002e+00 1.407172e+00 1.413808e+00 1.578867e+00 1.641026e+00 1.718934e+00 1.533290e+00 1.629268e+00 1.966303e+00 2.056564e+00 2.118811e+00 2.160304e+00 0.000000e+00 1.060173e+00 9.465731e-01 1.010593e+00 1.090408e+00 1.167072e+00 1.232344e+00 1.285311e+00 1.333643e+00 1.379610e+00 1.222754e+00 1.296293e+00 1.377216e+00 1.613092e+00 0.000000e+00 8.530791e-01 9.432832e-01 1.140959e+00 1.287548e+00 1.347641e+00 1.445601e+00 1.445314e+00 1.349201e+00 1.585954e+00 1.585946e+00 1.585689e+00 1.588625e+00 1.594588e+00
1.097519e+00 1.008889e+00 1.220526e+00 1.429944e+00 1.220729e+00 1.564304e+00 1.299175e+00 1.295426e+00 1.291739e+00 1.290644e+00 1.286224e+00 1.585252e+00 1.340257e+00 1.346341e+00 1.571754e+00 1.397751e+00 1.390590e+00 1.542165e+00 1.419648e+00 1.538427e+00 1.612294e+00 1.675352e+00 1.728714e+00 1.772245e+00 0.000000e+00 1.018168e+00 9.468408e-01 1.016603e+00 1.099216e+00 1.176795e+00 1.000168e+00 9.448917e-01 9.038714e-01 8.867519e-01 8.811765e-01 8.101809e-01 8.327972e-01 1.614104e+00 0.000000e+00 0.000000e+00 1.016700e+00 1.049657e+00 1.335499e+00 1.392727e+00 1.481661e+00 1.483860e+00 1.400778e+00 1.599167e+00 1.601263e+00 1.602571e+00 1.603945e+00 1.608813e+00
8.535653e-01 1.129551e+00 1.381677e+00 1.136202e+00 1.536297e+00 1.223532e+00 1.224692e+00 1.221212e+00 1.216810e+00 1.212526e+00 1.598538e+00 1.279343e+00 1.277141e+00 1.569116e+00 1.340976e+00 1.336610e+00 1.541668e+00 1.375077e+00 1.367443e+00 1.360172e+00 1.458308e+00 1.533632e+00 1.342301e+00 1.326962e+00 0.000000e+00 9.043695e-01 9.876968e-01 9.906356e-01 9.715887e-01 1.021650e+00 1.134486e+00 8.794609e-01 8.334128e-01 1.021519e+00 1.016535e+00 7.924310e-01 7.292916e-01 8.017981e-01 1.630937e+00 0.000000e+00 0.000000e+00 1.124231e+00 1.190811e+00 1.436058e+00 1.514941e+00 1.519545e+00 1.449885e+00 1.613957e+00 1.616395e+00 1.617362e+00 1.616006e+00 1.619144e+00
9.994569e-01 1.310088e+00 1.045819e+00 1.509054e+00 1.136399e+00 1.135284e+00 1.135858e+00 1.135328e+00 1.130352e+00 1.615292e+00 1.207680e+00 1.205634e+00 1.578730e+00 1.274397e+00 1.270270e+00 1.546429e+00 1.323645e+00 1.316842e+00 1.309184e+00 1.238220e+00 8.323641e-01 8.320774e-01 1.152446e+00 8.183227e-01 0.000000e+00 8.144693e-01 9.432782e-01 1.121658e+00 1.239609e+00 1.054453e+00 9.475669e-01 9.379925e-01 9.301663e-01 9.251239e-01 9.178730e-01 9.081744e-01 9.099457e-01 9.031633e-01 1.039512e+00 1.660966e+00 0.000000e+00 0.000000e+00 1.265129e+00 1.482403e+00 1.547712e+00 1.551933e+00 1.493564e+00 1.627010e+00 1.629345e+00 1.631402e+00 1.630778e+00 1.633023e+00
1.209070e+00 8.986960e-01 1.476660e+00 1.043873e+00 1.031675e+00 1.027350e+00 1.027666e+00 1.030839e+00 1.641154e+00 1.127128e+00 1.119189e+00 1.596669e+00 1.206253e+00 1.198631e+00 1.559584e+00 1.261645e+00 1.255882e+00 1.248882e+00 1.167939e+00 8.339468e-01 9.668486e-01 1.074264e+00 8.312787e-01 9.523178e-01 0.000000e+00 9.028129e-01 1.022417e+00 1.164620e+00 9.556932e-01 8.233667e-01 8.206018e-01 8.154925e-01 8.097687e-01 8.043601e-01 7.972749e-01 7.883740e-01 1.026881e+00 9.976611e-01 8.614771e-01 1.208418e+00 1.698003e+00 0.000000e+00 1.362845e+00 1.323509e+00 1.582727e+00 1.581686e+00 1.531221e+00 1.636996e+00 1.638505e+00 1.643795e+00 1.648748e+00 8.467321e-01
1.298000e+00 1.399254e+00 9.168035e-01 9.029952e-01 8.926660e-01 8.863302e-01 8.867615e-01 1.662765e+00 1.038772e+00 1.025351e+00 1.619341e+00 1.128872e+00 1.124528e+00 1.588386e+00 1.197242e+00 1.189315e+00 1.180791e+00 1.083193e+00 8.357819e-01 9.661070e-01 1.069766e+00 1.162221e+00 1.236090e+00 1.290824e+00 0.000000e+00 9.993616e-01 1.078664e+00 8.231553e-01 8.258438e-01 9.571091e-01 1.058272e+00 1.141726e+00 1.210271e+00 1.266448e+00 1.312602e+00 1.058207e+00 7.889765e-01 7.865632e-01 9.181477e-01 9.294263e-01 1.091022e+00 0.000000e+00 0.000000e+00 1.409446e+00 1.618160e+00 1.610416e+00 1.567052e+00 1.649869e+00 1.650943e+00 1.659564e+00 8.515720e-01 1.237927e+00
1.551460e+00 1.595902e+00 1.636761e+00 1.659594e+00 1.670814e+00 1.671806e+00 1.670640e+00 9.036928e-01 9.021836e-01 1.645862e+00 1.034639e+00 1.032435e+00 1.622626e+00 1.130222e+00 1.117938e+00 1.105684e+00 9.856430e-01 8.385730e-01 9.679733e-01 1.068303e+00 1.154990e+00 1.235082e+00 1.301855e+00 1.353294e+00 0.000000e+00 1.020236e+00 1.087359e+00 1.169190e+00 1.244676e+00 1.312333e+00 1.372885e+00 1.427058e+00 1.471809e+00 1.506080e+00 1.530781e+00 1.546662e+00 1.272367e+00 1.233611e+00 1.339938e+00 1.280135e+00 1.079028e+00 1.405651e+00 0.000000e+00 0.000000e+00 1.412965e+00 1.638818e+00 8.439409e-01 1.668720e+00 1.670342e+00 8.532482e-01 1.249409e+00 1.151947e+00
1.341879e+00 1.423428e+00 1.491796e+00 1.544642e+00 1.583674e+00 1.609567e+00 1.629755e+00 1.649648e+00 1.660741e+00 9.048661e-01 8.998067e-01 1.648778e+00 1.043496e+00 1.033772e+00 1.019125e+00 8.583939e-01 8.474094e-01 9.740486e-01 1.071529e+00 1.154873e+00 1.229128e+00 1.297818e+00 1.357429e+00 1.406577e+00 0.000000e+00 1.035945e+00 1.089746e+00 1.164029e+00 1.235080e+00 1.302738e+00 1.365311e+00 1.423078e+00 1.473188e+00 1.514201e+00 1.544332e+00 1.563270e+00 1.575576e+00 1.364516e+00 7.957350e-01 7.976867e-01 9.375795e-01 9.602227e-01 1.321660e+00 0.000000e+00 1.486161e+00 1.425374e+00 8.479111e-01 8.528406e-01 8.551751e-01 8.485081e-01 1.159945e+00 1.060265e+00
1.195471e+00 1.289082e+00 1.364186e+00 1.427509e+00 1.481444e+00 1.528250e+00 1.569060e+00 1.604825e+00 1.632856e+00 1.651760e+00 1.661415e+00 9.118331e-01 9.052681e-01 8.971270e-01 8.824373e-01 1.007449e+00 1.098132e+00 1.170639e+00 1.234908e+00 1.295063e+00 1.350912e+00 1.403147e+00 1.606503e+00 1.666667e+00 0.000000e+00 1.264682e+00 1.249767e+00 1.283310e+00 1.329217e+00 1.381048e+00 1.433138e+00 1.483969e+00 1.530347e+00 1.570595e+00 1.601192e+00 1.620146e+00 1.630440e+00 1.633630e+00 1.581243e+00 1.350561e+00 1.349494e+00 1.381236e+00 1.470349e+00 0.000000e+00 0.000000e+00 1.496266e+00 8.504597e-01 8.507700e-01 8.521396e-01 1.236569e+00 1.148336e+00 1.057428e+00
9.316294e-01 1.073276e+00 1.177527e+00 1.263307e+00 1.340168e+00 1.414535e+00 1.479994e+00 1.532995e+00 1.580290e+00 1.626775e+00 1.660554e+00 1.674246e+00 1.670748e+00 1.653303e+00 1.623351e+00 1.585661e+00 1.549935e+00 1.521111e+00 1.505404e+00 1.504386e+00 1.514447e+00 1.532725e+00 8.386556e-01 0.000000e+00 0.000000e+00 8.610917e-01 9.833835e-01 1.072721e+00 1.150711e+00 1.224743e+00 1.294696e+00 1.361953e+00 1.424394e+00 1.481239e+00 1.529974e+00 1.568524e+00 1.594301e+00 1.607612e+00 1.613581e+00 1.478241e+00 1.375614e+00 1.488163e+00 1.424016e+00 1.489170e+00 0.000000e+00 0.000000e+00 9.068032e-01 8.454551e-01 8.391054e-01 8.307548e-01 8.240061e-01 9.525829e-01
-9.999000e+03 -9.999000e+03 -9.999000e+03 -9.999000e+03 -9.999000e+03 -9.999000e+03 -9.999000e+03 9.074968e-01 9.134898e-01 9.311393e-01 9.394056e-01 9.320136e-01 1.072842e+00 1.165577e+00 1.235500e+00 1.291386e+00 1.335614e+00 1.369999e+00 1.403576e+00 1.440005e+00 1.476976e+00 1.514606e+00 1.541300e+00 0.000000e+00 1.052826e+00 9.765232e-01 1.029998e+00 1.091967e+00 1.153664e+00 1.215771e+00 1.277899e+00 1.341353e+00 1.403341e+00 1.463207e+00 1.518311e+00 1.566349e+00 1.599696e+00 1.616279e+00 1.623544e+00 1.623756e+00 1.430129e+00 1.340742e+00 1.520262e+00 1.418037e+00 1.496713e+00 0.000000e+00 0.000000e+00 7.702513e-01 8.255682e-01 8.203659e-01 8.178500e-01 8.183427e-01
-9.999000e+03 -9.999000e+03 -9.999000e+03 -9.999000e+03 -9.999000e+03 -9.999000e+03 -9.999000e+03 -9.999000e+03 -9.999000e+03 -9.999000e+03 1.091590e+00 1.086928e+00 9.123001e-01 8.882356e-01 1.020374e+00 1.123527e+00 1.203266e+00 1.263634e+00 1.319562e+00 1.376478e+00 1.429887e+00 1.479218e+00 1.513337e+00 0.000000e+00 1.051151e+00 9.782330e-01 1.033664e+00 1.094750e+00 1.153732e+00 1.134629e+00 1.294228e+00 1.343400e+00 1.400035e+00 1.460323e+00 1.518472e+00 1.570914e+00 1.610591e+00 1.634404e+00 1.645596e+00 1.645461e+00 1.639029e+00 1.361613e+00 1.363123e+00 1.634220e+00 1.431950e+00 1.522735e+00 0.000000e+00 0.000000e+00 8.193152e-01 8.127034e-01 -9.999000e+03 -9.999000e+03
