tests/data/reference/test_implicit_stream_rill_mfda/control/cinfil_m3.asc
ncols	123
nrows	77
xllcorner	-713746.79929998
yllcorner	-1061022.36961616
cellsize	10.0
NODATA_value	-9999
[rows 23 to 45 of 77, columns 0 to 51 of 123]
-9.999000e+03 -9.999000e+03 -9.999000e+03 -9.999000e+03 -9.999000e+03 -9.999000e+03 -9.999000e+03 -9.999000e+03 -9.999000e+03 -9.999000e+03 -9.999000e+03 -9.999000e+03 -9.999000e+03 -9.999000e+03 1.041885e+00 1.456229e+00 1.548125e+00 1.191008e+00 1.007361e+00 1.245636e+00 1.064164e+00 0.000000e+00 1.166295e+00 1.558585e+00 1.463803e+00 1.710871e+00 1.851023e+00 1.540273e+00 1.328135e+00 1.861323e+00 8.712143e-01 1.011209e+00 1.119732e+00 1.460751e+00 1.788505e+00 1.650283e+00 2.148802e+00 8.534246e-01 1.780272e+00 1.569970e+00 1.549786e+00 1.521485e+00 1.579044e+00 1.518766e+00 1.517235e+00 1.462820e+00 1.489385e+00 1.616899e+00 1.371982e+00 1.169455e+00 1.077983e+00 8.314583e-01
-9.999000e+03 -9.999000e+03 -9.999000e+03 -9.999000e+03 -9.999000e+03 -9.999000e+03 -9.999000e+03 -9.999000e+03 -9.999000e+03 -9.999000e+03 -9.999000e+03 -9.999000e+03 -9.999000e+03 -9.999000e+03 1.445971e+00 2.226788e+00 1.758364e+00 1.107675e+00 1.017248e+00 9.262324e-01 0.000000e+00 0.000000e+00 8.472853e-01 1.066163e+00 1.578197e+00 1.762772e+00 1.899386e+00 1.604243e+00 1.222905e+00 8.124960e-01 1.840844e+00 1.012420e+00 1.122198e+00 1.216334e+00 1.884985e+00 1.640456e+00 2.194189e+00 8.506608e-01 1.820201e+00 1.582373e+00 1.572518e+00 1.552619e+00 1.583412e+00 1.544734e+00 1.542418e+00 1.501095e+00 1.519031e+00 1.611640e+00 1.420249e+00 1.245003e+00 8.304960e-01 1.159872e+00
-9.999000e+03 -9.999000e+03 -9.999000e+03 -9.999000e+03 -9.999000e+03 -9.999000e+03 -9.999000e+03 -9.999000e+03 -9.999000e+03 -9.999000e+03 -9.999000e+03 -9.999000e+03 -9.999000e+03 -9.999000e+03 2.391606e+00 1.275709e+00 9.781405e-01 9.791943e-01 9.861517e-01 1.017911e+00 0.000000e+00 1.173088e+00 1.313178e+00 9.975238e-01 1.086910e+00 1.600915e+00 1.976916e+00 1.649909e+00 1.294435e+00 8.073510e-01 9.472345e-01 1.532266e+00 1.014937e+00 1.225791e+00 1.307760e+00 1.987101e+00 8.601285e-01 2.228679e+00 9.923898e-01 1.885789e+00 1.593570e+00 1.578897e+00 1.594424e+00 1.569023e+00 1.565852e+00 1.533658e+00 1.543822e+00 1.605158e+00 1.459832e+00 1.306568e+00 9.593672e-01 8.206004e-01
-9.999000e+03 -9.999000e+03 -9.999000e+03 -9.999000e+03 -9.999000e+03 -9.999000e+03 -9.999000e+03 -9.999000e+03 -9.999000e+03 -9.999000e+03 -9.999000e+03 -9.999000e+03 9.368292e-01 1.007660e+00 1.700976e+00 1.160189e+00 9.734405e-01 1.174130e+00 1.063430e+00 0.000000e+00 1.510886e+00 1.455987e+00 1.241504e+00 1.356035e+00 1.110038e+00 1.158109e+00 2.064063e+00 1.701053e+00 1.367814e+00 9.562945e-01 8.126092e-01 1.059541e+00 1.553033e+00 1.137216e+00 1.171906e+00 1.378160e+00 1.823843e+00 9.972934e-01 2.261471e+00 1.103904e+00 1.689626e+00 1.602443e+00 1.610194e+00 1.592728e+00 1.587527e+00 1.560268e+00 1.562552e+00 1.599009e+00 1.491566e+00 1.358367e+00 1.057888e+00 8.165939e-01
-9.999000e+03 -9.999000e+03 -9.999000e+03 -9.999000e+03 -9.999000e+03 -9.999000e+03 -9.999000e+03 -9.999000e+03 -9.999000e+03 -9.999000e+03 -9.999000e+03 -9.999000e+03 -9.999000e+03 9.453158e-01 1.180759e+00 1.166953e+00 1.106404e+00 1.098585e+00 0.000000e+00 1.657992e+00 1.504036e+00 1.503591e+00 1.643996e+00 1.745845e+00 1.841915e+00 1.925825e+00 2.004082e+00 2.175965e+00 1.757888e+00 1.441395e+00 1.076522e+00 9.627819e-01 1.169515e+00 1.582457e+00 1.237516e+00 1.251387e+00 1.243235e+00 1.528216e+00 1.105932e+00 2.285030e+00 1.674529e+00 1.624267e+00 1.628935e+00 1.615704e+00 1.606745e+00 1.580316e+00 1.574641e+00 1.593170e+00 1.516132e+00 1.402360e+00 1.139802e+00 9.461291e-01
-9.999000e+03 -9.999000e+03 -9.999000e+03 -9.999000e+03 -9.999000e+03 -9.999000e+03 -9.999000e+03 -9.999000e+03 -9.999000e+03 -9.999000e+03 -9.999000e+03 -9.999000e+03 -9.999000e+03 -9.999000e+03 -9.999000e+03 1.037800e+00 1.213218e+00 0.000000e+00 0.000000e+00 1.252717e+00 1.347197e+00 1.470167e+00 1.572593e+00 1.654594e+00 1.718741e+00 1.765308e+00 1.806453e+00 2.119226e+00 2.334990e+00 1.791874e+00 1.508491e+00 1.194258e+00 1.105060e+00 1.280993e+00 1.606127e+00 1.300913e+00 1.315387e+00 1.321508e+00 1.844760e+00 1.068559e+00 2.003925e+00 1.641267e+00 1.642081e+00 1.629963e+00 1.618053e+00 1.592692e+00 1.582282e+00 1.589947e+00 1.536562e+00 1.440998e+00 1.211539e+00 1.048814e+00
-9.999000e+03 -9.999000e+03 -9.999000e+03 -9.999000e+03 -9.999000e+03 -9.999000e+03 -9.999000e+03 -9.999000e+03 -9.999000e+03 -9.999000e+03 -9.999000e+03 -9.999000e+03 -9.999000e+03 -9.999000e+03 -9.999000e+03 -9.999000e+03 1.111705e+00 0.000000e+00 1.251901e+00 1.314616e+00 1.419709e+00 1.516767e+00 1.590260e+00 1.636833e+00 1.661524e+00 1.665159e+00 1.662039e+00 1.663136e+00 1.658311e+00 2.150539e+00 2.100130e+00 2.171420e+00 1.310705e+00 1.226303e+00 1.365169e+00 1.619596e+00 1.651592e+00 1.712126e+00 1.398557e+00 1.952443e+00 1.159058e+00 1.596238e+00 1.645179e+00 1.632596e+00 1.619781e+00 1.597685e+00 1.586782e+00 1.589543e+00 1.554104e+00 1.475569e+00 1.276544e+00 1.138194e+00
-9.999000e+03 -9.999000e+03 -9.999000e+03 -9.999000e+03 -9.999000e+03 -9.999000e+03 -9.999000e+03 -9.999000e+03 -9.999000e+03 -9.999000e+03 -9.999000e+03 -9.999000e+03 -9.999000e+03 -9.999000e+03 -9.999000e+03 -9.999000e+03 0.000000e+00 1.535634e+00 1.381784e+00 1.386728e+00 1.424176e+00 2.422771e+00 2.497268e+00 2.541684e+00 2.549110e+00 2.549110e+00 2.549110e+00 2.549110e+00 2.549110e+00 2.549110e+00 2.549110e+00 2.549110e+00 2.549110e+00 2.549110e+00 2.549110e+00 2.549110e+00 2.549110e+00 2.549110e+00 2.549110e+00 2.549110e+00 2.549110e+00 2.549110e+00 1.538495e+00 1.417234e+00 1.399843e+00 1.614551e+00 1.601140e+00 1.598925e+00 1.573831e+00 1.510108e+00 1.340618e+00 1.223726e+00
-9.999000e+03 -9.999000e+03 -9.999000e+03 -9.999000e+03 -9.999000e+03 -9.999000e+03 -9.999000e+03 -9.999000e+03 -9.999000e+03 -9.999000e+03 -9.999000e+03 -9.999000e+03 -9.999000e+03 -9.999000e+03 -9.999000e+03 0.000000e+00 1.566079e+00 1.426778e+00 2.298753e+00 2.004305e+00 2.319503e+00 1.459514e+00 1.611038e+00 1.725208e+00 1.812459e+00 1.909284e+00 1.993367e+00 2.072914e+00 2.144185e+00 2.201839e+00 2.262022e+00 2.332094e+00 2.412352e+00 2.507339e+00 2.549110e+00 2.549110e+00 2.549110e+00 2.468257e+00 2.387407e+00 2.358650e+00 2.345460e+00 2.328927e+00 2.549110e+00 2.549110e+00 2.549110e+00 1.475659e+00 1.491752e+00 1.623257e+00 1.599098e+00 1.547993e+00 1.408547e+00 1.312188e+00
-9.999000e+03 -9.999000e+03 -9.999000e+03 -9.999000e+03 -9.999000e+03 -9.999000e+03 -9.999000e+03 -9.999000e+03 -9.999000e+03 -9.999000e+03 -9.999000e+03 -9.999000e+03 -9.999000e+03 -9.999000e+03 0.000000e+00 0.000000e+00 2.211237e+00 2.222510e+00 1.621820e+00 2.759298e+00 1.373274e+00 1.387716e+00 1.404114e+00 1.458573e+00 1.570952e+00 1.394302e+00 1.417884e+00 1.589830e+00 1.586519e+00 1.378748e+00 1.433819e+00 1.720591e+00 1.849866e+00 1.974239e+00 2.079490e+00 2.159892e+00 1.076466e+00 1.121699e+00 1.318665e+00 1.261534e+00 1.213603e+00 1.208968e+00 1.395925e+00 1.511611e+00 1.622359e+00 2.549110e+00 2.549110e+00 2.549110e+00 1.425966e+00 1.481340e+00 1.497027e+00 1.415261e+00
-9.999000e+03 -9.999000e+03 -9.999000e+03 -9.999000e+03 -9.999000e+03 -9.999000e+03 -9.999000e+03 -9.999000e+03 -9.999000e+03 -9.999000e+03 -9.999000e+03 -9.999000e+03 -9.999000e+03 -9.999000e+03 0.000000e+00 2.366920e+00 1.708261e+00 1.597748e+00 2.739488e+00 1.482820e+00 1.528282e+00 1.572624e+00 1.400275e+00 1.592707e+00 1.564091e+00 1.639561e+00 1.592855e+00 1.575974e+00 1.696085e+00 1.801180e+00 1.895291e+00 1.453999e+00 1.537388e+00 1.575924e+00 1.862819e+00 1.045463e+00 1.153227e+00 1.490987e+00 1.419991e+00 1.351527e+00 1.334524e+00 1.257018e+00 1.145151e+00 1.142017e+00 1.171051e+00 1.297821e+00 1.404299e+00 1.505785e+00 2.549110e+00 2.549110e+00 2.549110e+00 1.428588e+00
-9.999000e+03 -9.999000e+03 -9.999000e+03 -9.999000e+03 -9.999000e+03 -9.999000e+03 -9.999000e+03 -9.999000e+03 -9.999000e+03 -9.999000e+03 -9.999000e+03 -9.999000e+03 -9.999000e+03 0.000000e+00 2.172360e+00 1.705240e+00 1.611898e+00 2.714833e+00 1.401238e+00 1.463309e+00 1.536036e+00 1.569952e+00 1.587470e+00 1.544688e+00 1.670018e+00 1.591336e+00 1.584381e+00 1.568323e+00 1.557643e+00 1.475681e+00 1.382614e+00 1.482907e+00 1.535902e+00 1.769209e+00 8.824822e-01 1.026255e+00 1.449454e+00 1.367061e+00 1.294998e+00 1.280910e+00 1.432558e+00 1.252572e+00 1.241578e+00 1.081572e+00 1.079475e+00 1.020881e+00 1.045476e+00 1.048354e+00 1.062472e+00 1.228718e+00 1.390946e+00 2.549110e+00
-9.999000e+03 -9.999000e+03 -9.999000e+03 -9.999000e+03 -9.999000e+03 -9.999000e+03 -9.999000e+03 -9.999000e+03 -9.999000e+03 -9.999000e+03 -9.999000e+03 -9.999000e+03 0.000000e+00 0.000000e+00 1.694715e+00 1.653397e+00 2.701952e+00 1.320392e+00 1.389796e+00 1.482768e+00 1.533915e+00 1.567853e+00 1.513204e+00 1.727664e+00 1.589774e+00 1.587569e+00 1.581177e+00 1.569530e+00 1.444836e+00 1.319126e+00 1.436396e+00 1.509219e+00 1.676897e+00 1.137749e+00 8.786880e-01 1.411974e+00 1.307157e+00 1.225008e+00 1.213778e+00 1.406951e+00 1.188326e+00 1.178144e+00 1.171748e+00 1.169449e+00 1.078676e+00 9.560138e-01 9.523289e-01 9.489233e-01 9.745570e-01 9.941281e-01 1.361017e+00 1.459702e+00
-9.999000e+03 -9.999000e+03 -9.999000e+03 -9.999000e+03 -9.999000e+03 -9.999000e+03 -9.999000e+03 -9.999000e+03 -9.999000e+03 -9.999000e+03 -9.999000e+03 -9.999000e+03 0.000000e+00 1.731753e+00 1.701547e+00 2.684542e+00 1.228429e+00 1.312628e+00 1.430337e+00 1.495148e+00 1.538213e+00 1.454149e+00 1.786996e+00 1.582017e+00 1.585207e+00 1.587479e+00 1.586542e+00 1.415386e+00 1.257482e+00 1.401117e+00 1.495920e+00 1.589627e+00 8.751397e-01 1.026203e+00 1.372828e+00 1.241800e+00 1.147352e+00 1.141861e+00 1.382972e+00 1.121691e+00 1.109569e+00 1.097486e+00 1.091168e+00 9.815866e-01 9.796174e-01 9.747867e-01 9.699035e-01 8.674083e-01 8.700860e-01 1.273741e+00 1.005332e+00 1.022423e+00
-9.999000e+03 -9.999000e+03 -9.999000e+03 -9.999000e+03 -9.999000e+03 -9.999000e+03 -9.999000e+03 -9.999000e+03 -9.999000e+03 -9.999000e+03 -9.999000e+03 0.000000e+00 1.987366e+00 1.755331e+00 2.675893e+00 1.112128e+00 1.225585e+00 1.380489e+00 1.466080e+00 1.521842e+00 1.379698e+00 1.833819e+00 1.563812e+00 1.573132e+00 1.583697e+00 1.591272e+00 1.374371e+00 1.184327e+00 1.359183e+00 1.483767e+00 1.357260e+00 1.466300e+00 8.920652e-01 1.331268e+00 1.159904e+00 1.048422e+00 1.048543e+00 1.350117e+00 1.041988e+00 1.034604e+00 1.020397e+00 1.000766e+00 8.475251e-01 8.490033e-01 8.472740e-01 8.426690e-01 8.390862e-01 8.362673e-01 1.434628e+00 8.921676e-01 8.983526e-01 9.015540e-01
-9.999000e+03 -9.999000e+03 -9.999000e+03 -9.999000e+03 -9.999000e+03 -9.999000e+03 -9.999000e+03 -9.999000e+03 -9.999000e+03 -9.999000e+03 0.000000e+00 0.000000e+00 1.786639e+00 2.674891e+00 9.761197e-01 1.127374e+00 1.334390e+00 1.447020e+00 1.524599e+00 1.304563e+00 1.862309e+00 1.555252e+00 1.564113e+00 1.578311e+00 1.589275e+00 1.304502e+00 1.078743e+00 1.295550e+00 1.448905e+00 1.305781e+00 1.305512e+00 1.301526e+00 1.293268e+00 1.057974e+00 8.986762e-01 9.100318e-01 1.293710e+00 9.167069e-01 9.152694e-01 9.112494e-01 8.926183e-01 8.645551e-01 9.975918e-01 1.108019e+00 1.198179e+00 1.271756e+00 1.335009e+00 1.390518e+00 8.466237e-01 8.545492e-01 8.547669e-01 7.782637e-01
-9.999000e+03 -9.999000e+03 -9.999000e+03 -9.999000e+03 -9.999000e+03 -9.999000e+03 -9.999000e+03 -9.999000e+03 -9.999000e+03 -9.999000e+03 0.000000e+00 1.834923e+00 2.643010e+00 1.184714e+00 1.005080e+00 1.289763e+00 1.436612e+00 1.543450e+00 1.222892e+00 1.872248e+00 1.561478e+00 1.565748e+00 1.579739e+00 1.585750e+00 1.216806e+00 9.261205e-01 1.207057e+00 1.392028e+00 1.217361e+00 1.231736e+00 1.236198e+00 1.235127e+00 9.363421e-01 9.103606e-01 1.060220e+00 1.195534e+00 9.303308e-01 1.098264e+00 1.218261e+00 1.303919e+00 8.962425e-01 8.668760e-01 1.001623e+00 1.114947e+00 1.208495e+00 1.285208e+00 1.348893e+00 1.402351e+00 1.452283e+00 1.502317e+00 1.542561e+00 1.568131e+00
-9.999000e+03 -9.999000e+03 -9.999000e+03 -9.999000e+03 -9.999000e+03 -9.999000e+03 -9.999000e+03 -9.999000e+03 -9.999000e+03 0.000000e+00 2.060639e+00 2.601436e+00 1.338795e+00 1.015212e+00 1.198075e+00 1.409113e+00 1.564086e+00 1.129835e+00 1.865258e+00 1.586793e+00 1.581798e+00 1.593575e+00 1.582631e+00 1.095806e+00 9.315790e-01 1.092830e+00 1.317959e+00 1.099456e+00 1.111042e+00 1.131883e+00 1.136670e+00 9.548829e-01 1.099867e+00 1.191408e+00 1.273211e+00 1.357691e+00 1.434822e+00 1.502003e+00 9.168984e-01 8.983284e-01 1.334620e+00 1.011398e+00 1.115009e+00 1.212681e+00 1.297749e+00 1.368776e+00 1.424653e+00 1.466233e+00 1.502028e+00 1.535621e+00 1.565221e+00 1.589672e+00
-9.999000e+03 -9.999000e+03 -9.999000e+03 -9.999000e+03 -9.999000e+03 -9.999000e+03 -9.999000e+03 -9.999000e+03 -9.999000e+03 0.000000e+00 2.481618e+00 1.522026e+00 1.211008e+00 1.022647e+00 1.323710e+00 1.551968e+00 9.933862e-01 1.842185e+00 1.621106e+00 1.612841e+00 1.629540e+00 1.584493e+00 9.369494e-01 9.296420e-01 1.091327e+00 1.222094e+00 9.411075e-01 9.445144e-01 9.562478e-01 9.796069e-01 9.781239e-01 1.115147e+00 1.207731e+00 1.277395e+00 1.340548e+00 1.402648e+00 1.460737e+00 9.097168e-01 1.529941e+00 1.036514e+00 1.020629e+00 1.365854e+00 1.405336e+00 1.451873e+00 1.495377e+00 1.530332e+00 1.556906e+00 1.574917e+00 1.588556e+00 1.599152e+00 2.836315e+00 2.808024e+00
-9.999000e+03 -9.999000e+03 -9.999000e+03 -9.999000e+03 -9.999000e+03 -9.999000e+03 -9.999000e+03 -9.999000e+03 0.000000e+00 2.006738e+00 2.402461e+00 1.418830e+00 1.029024e+00 1.202291e+00 1.496707e+00 1.554440e+00 1.773404e+00 1.646765e+00 1.647115e+00 1.690110e+00 1.588035e+00 1.105997e+00 1.220774e+00 1.307576e+00 1.386158e+00 2.193766e+00 2.275789e+00 2.351415e+00 2.434092e+00 2.531927e+00 2.604624e+00 2.640768e+00 2.668441e+00 2.692460e+00 2.717265e+00 2.743414e+00 2.766735e+00 2.777934e+00 2.729206e+00 2.378306e+00 1.920357e+00 1.966466e+00 2.024378e+00 2.085925e+00 2.140614e+00 2.184278e+00 2.225438e+00 2.267112e+00 2.305766e+00 2.880715e+00 1.688593e+00 1.688397e+00
-9.999000e+03 -9.999000e+03 -9.999000e+03 -9.999000e+03 -9.999000e+03 -9.999000e+03 -9.999000e+03 0.000000e+00 0.000000e+00 2.348919e+00 1.167780e+00 1.305427e+00 1.021653e+00 1.424846e+00 1.494452e+00 1.597447e+00 1.627904e+00 1.657733e+00 1.771277e+00 1.590866e+00 9.474884e-01 9.416044e-01 1.098090e+00 2.033489e+00 2.107491e+00 1.395152e+00 1.219099e+00 1.322323e+00 1.414436e+00 1.503379e+00 1.557461e+00 1.571894e+00 1.571628e+00 1.564563e+00 1.558921e+00 1.561359e+00 1.573130e+00 1.593483e+00 1.607737e+00 1.609697e+00 1.611807e+00 1.618490e+00 1.625562e+00 1.632417e+00 1.635983e+00 1.634583e+00 1.636902e+00 1.646466e+00 2.913168e+00 1.690025e+00 1.689559e+00 1.688301e+00
-9.999000e+03 -9.999000e+03 -9.999000e+03 -9.999000e+03 -9.999000e+03 -9.999000e+03 -9.999000e+03 0.000000e+00 1.116211e+00 2.302631e+00 9.973679e-01 1.174104e+00 1.312395e+00 1.414546e+00 1.546796e+00 1.586651e+00 1.625218e+00 1.839921e+00 1.579561e+00 1.575441e+00 1.720491e+00 1.843080e+00 1.951832e+00 1.316090e+00 1.312824e+00 1.085929e+00 9.260609e-01 1.088551e+00 1.217254e+00 1.331261e+00 1.411360e+00 1.456347e+00 1.488913e+00 1.515242e+00 1.538361e+00 1.561048e+00 2.877943e+00 2.928082e+00 2.972886e+00 3.009738e+00 3.047616e+00 3.090014e+00 2.905649e+00 2.882183e+00 3.012810e+00 3.297448e+00 2.966479e+00 2.946195e+00 1.675342e+00 1.684480e+00 1.687687e+00 1.691004e+00
-9.999000e+03 -9.999000e+03 -9.999000e+03 -9.999000e+03 -9.999000e+03 -9.999000e+03 -9.999000e+03 1.162929e+00 2.262610e+00 1.439976e+00 1.017040e+00 1.180108e+00 1.301589e+00 1.473390e+00 1.526475e+00 1.584925e+00 1.890085e+00 1.529297e+00 1.558826e+00 1.561858e+00 1.558446e+00 1.557725e+00 1.213365e+00 1.219964e+00 9.328880e-01 9.229625e-01 1.079979e+00 1.204883e+00 1.308436e+00 1.397392e+00 1.464798e+00 1.508861e+00 1.541605e+00 2.734118e+00 2.781991e+00 2.827813e+00 1.642340e+00 1.628490e+00 1.614379e+00 1.600297e+00 1.590897e+00 1.595396e+00 1.593028e+00 1.720358e+00 1.829825e+00 1.933309e+00 1.622541e+00 1.637444e+00 1.654025e+00 1.672625e+00 1.688682e+00 1.691189e+00
