tests/data/reference/test_implicit_stream_rill_mfda/control/cinfil_m3.asc
ncols	123
nrows	77
xllcorner	-713746.79929998
yllcorner	-1061022.36961616
cellsize	10.0
NODATA_value	-9999
[rows 46 to 68 of 77, columns 52 to 103 of 123]
1.687266e+00 1.545767e+00 1.548707e+00 1.539932e+00 1.526905e+00 1.139679e+00 1.139072e+00 1.136853e+00 1.136037e+00 1.486619e+00 1.225142e+00 2.829903e+00 1.626342e+00 1.203857e+00 1.107654e+00 1.105347e+00 1.346216e+00 1.080019e+00 1.068137e+00 1.063941e+00 1.057781e+00 1.047370e+00 1.044561e+00 1.055040e+00 1.508642e+00 0.000000e+00 9.353218e-01 7.662107e-01 9.060984e-01 1.013535e+00 1.118206e+00 0.000000e+00 0.000000e+00 0.000000e+00 1.395184e+00 1.629453e+00 1.602651e+00 8.321348e-01 8.251930e-01 8.240128e-01 8.250041e-01 8.278478e-01 8.323059e-01 8.393472e-01 8.458082e-01 8.515733e-01 8.576895e-01 1.374132e+00 1.583874e+00 1.598350e+00 1.564351e+00 1.582967e+00
1.482869e+00 1.503800e+00 1.511383e+00 1.498252e+00 1.037292e+00 1.037996e+00 1.035758e+00 1.029588e+00 1.451069e+00 1.143442e+00 2.794204e+00 1.655867e+00 1.124264e+00 1.011672e+00 1.013120e+00 1.307266e+00 1.004930e+00 9.860206e-01 9.745423e-01 9.709471e-01 9.633510e-01 9.511589e-01 9.447481e-01 1.479846e+00 8.179241e-01 0.000000e+00 9.400833e-01 8.945136e-01 9.694542e-01 1.046309e+00 1.124162e+00 1.205676e+00 1.310258e+00 0.000000e+00 0.000000e+00 1.673514e+00 1.637158e+00 8.399056e-01 8.282304e-01 8.247534e-01 8.257377e-01 8.294252e-01 8.325526e-01 8.362518e-01 8.392969e-01 8.425255e-01 8.471791e-01 1.417277e+00 1.581136e+00 1.587676e+00 1.562315e+00 1.567478e+00
1.413337e+00 1.438891e+00 1.449747e+00 8.994538e-01 8.926687e-01 8.937497e-01 8.922997e-01 1.410445e+00 1.036669e+00 2.746990e+00 1.676483e+00 1.018842e+00 8.672667e-01 8.709291e-01 1.233329e+00 8.749059e-01 8.682549e-01 8.537846e-01 8.460030e-01 8.440867e-01 8.375882e-01 8.268842e-01 1.461833e+00 9.464282e-01 1.048496e+00 0.000000e+00 1.016099e+00 9.528252e-01 1.053126e+00 1.128943e+00 1.200168e+00 1.274085e+00 1.366693e+00 8.647077e-01 0.000000e+00 1.487154e+00 1.673684e+00 8.494615e-01 8.337673e-01 8.266533e-01 8.262937e-01 8.304735e-01 8.327918e-01 8.341403e-01 8.344547e-01 8.354753e-01 8.390012e-01 1.450472e+00 1.574513e+00 1.577533e+00 1.560378e+00 1.561091e+00
1.330576e+00 1.352954e+00 9.097471e-01 1.059773e+00 1.173942e+00 1.271153e+00 1.353462e+00 8.982469e-01 2.695810e+00 1.682895e+00 8.800658e-01 8.720930e-01 1.018445e+00 1.136569e+00 8.747267e-01 1.024626e+00 1.134268e+00 1.216497e+00 1.287257e+00 1.351952e+00 1.405534e+00 1.446856e+00 8.302909e-01 8.150928e-01 1.573308e+00 0.000000e+00 8.722597e-01 9.811943e-01 9.670217e-01 1.052819e+00 1.128704e+00 1.204200e+00 1.290628e+00 1.460535e+00 0.000000e+00 0.000000e+00 1.706946e+00 8.593983e-01 8.415965e-01 8.307525e-01 8.276602e-01 8.305680e-01 8.321629e-01 8.323455e-01 8.307057e-01 8.298859e-01 8.327177e-01 1.476342e+00 1.565493e+00 1.567482e+00 1.559660e+00 1.563704e+00
1.237494e+00 2.213747e+00 2.297799e+00 2.373006e+00 2.441333e+00 2.504619e+00 2.565389e+00 2.636069e+00 1.674671e+00 8.885714e-01 1.033553e+00 1.142502e+00 1.233750e+00 1.315200e+00 1.384544e+00 1.441917e+00 1.485881e+00 1.516170e+00 1.540458e+00 1.561964e+00 1.579398e+00 1.593375e+00 1.596974e+00 1.588578e+00 1.944432e+00 0.000000e+00 8.386693e-01 8.141886e-01 8.477803e-01 9.451469e-01 1.028552e+00 1.107060e+00 1.192578e+00 1.425446e+00 1.544385e+00 0.000000e+00 1.495197e+00 8.662856e-01 8.482334e-01 8.355814e-01 8.304650e-01 8.313350e-01 8.317319e-01 8.316167e-01 9.678004e-01 9.646229e-01 8.275160e-01 1.496383e+00 1.557591e+00 1.559929e+00 1.559527e+00 1.568605e+00
2.122298e+00 1.578736e+00 1.723582e+00 1.819368e+00 1.926036e+00 2.071701e+00 2.179184e+00 1.643202e+00 1.592902e+00 1.616896e+00 1.631053e+00 1.639539e+00 1.641489e+00 1.639974e+00 1.636210e+00 1.630981e+00 1.755946e+00 1.802299e+00 1.838077e+00 1.870224e+00 1.902904e+00 1.938932e+00 1.962414e+00 1.965230e+00 1.499828e+00 0.000000e+00 8.175759e-01 9.441247e-01 1.041277e+00 9.851687e-01 1.064708e+00 1.138367e+00 1.216728e+00 1.310269e+00 1.545956e+00 0.000000e+00 0.000000e+00 8.066032e-01 8.520694e-01 8.394897e-01 8.335893e-01 8.327487e-01 8.315379e-01 8.314220e-01 1.076490e+00 1.071234e+00 8.237254e-01 1.511529e+00 1.552467e+00 1.555891e+00 1.559264e+00 1.571310e+00
1.528595e+00 1.531159e+00 8.759652e-01 1.593071e+00 1.834412e+00 1.682657e+00 1.592597e+00 1.544575e+00 1.619602e+00 1.635688e+00 1.645586e+00 1.656173e+00 1.661532e+00 1.661611e+00 1.658676e+00 1.653340e+00 8.641495e-01 9.947658e-01 1.094079e+00 1.177786e+00 1.260834e+00 1.353653e+00 1.429094e+00 1.476268e+00 8.387665e-01 0.000000e+00 8.448025e-01 9.709654e-01 1.066060e+00 1.143933e+00 1.056647e+00 1.136592e+00 1.215397e+00 1.299110e+00 1.399535e+00 1.654991e+00 0.000000e+00 9.417747e-01 8.520571e-01 8.430476e-01 8.385863e-01 8.375394e-01 8.344902e-01 9.707737e-01 1.167047e+00 1.160767e+00 9.582266e-01 1.523927e+00 1.549181e+00 1.553846e+00 1.560274e+00 1.573075e+00
1.481492e+00 1.477203e+00 1.530859e+00 1.750502e+00 1.655764e+00 1.538522e+00 1.483179e+00 1.579512e+00 1.651775e+00 1.723707e+00 1.785979e+00 1.850314e+00 1.909994e+00 1.961866e+00 2.002820e+00 2.030350e+00 2.037721e+00 2.020054e+00 1.975933e+00 1.893967e+00 1.780964e+00 1.696361e+00 1.771868e+00 1.815240e+00 1.845978e+00 0.000000e+00 9.395584e-01 9.858512e-01 1.072647e+00 1.145181e+00 1.214644e+00 1.114183e+00 1.195345e+00 1.269970e+00 1.373787e+00 1.726614e+00 0.000000e+00 0.000000e+00 7.790468e-01 8.449314e-01 8.451846e-01 8.462278e-01 9.816944e-01 1.082043e+00 1.244552e+00 1.237061e+00 1.063350e+00 1.535521e+00 1.547892e+00 1.553082e+00 1.562769e+00 1.574151e+00
1.423077e+00 1.559925e+00 1.650333e+00 1.617323e+00 1.473238e+00 1.415819e+00 1.527225e+00 1.628670e+00 1.502785e+00 1.625754e+00 1.624441e+00 1.631256e+00 1.644241e+00 1.662817e+00 1.677427e+00 1.682959e+00 1.678204e+00 1.662244e+00 1.640217e+00 1.615071e+00 1.602620e+00 1.619917e+00 8.739536e-01 8.499977e-01 9.746660e-01 0.000000e+00 8.426648e-01 9.662626e-01 1.059276e+00 8.748656e-01 8.853395e-01 1.259147e+00 1.177553e+00 1.261955e+00 1.267001e+00 1.788469e+00 7.917852e-01 0.000000e+00 7.688360e-01 7.721724e-01 8.430675e-01 8.446171e-01 1.090545e+00 1.171298e+00 1.309978e+00 1.302501e+00 1.151420e+00 1.547786e+00 1.551008e+00 1.554823e+00 1.565348e+00 1.575184e+00
1.532857e+00 1.402375e+00 1.580910e+00 1.383758e+00 1.333380e+00 1.465871e+00 1.591603e+00 1.449901e+00 1.626492e+00 8.623942e-01 1.637540e+00 1.730415e+00 1.818738e+00 1.926039e+00 2.028084e+00 2.110604e+00 2.180272e+00 2.238968e+00 2.290479e+00 2.336752e+00 2.391793e+00 2.468414e+00 2.529436e+00 2.558982e+00 0.000000e+00 0.000000e+00 8.050534e-01 9.288609e-01 1.023842e+00 1.103437e+00 1.177268e+00 1.249806e+00 1.315327e+00 1.180031e+00 1.257637e+00 1.528978e+00 1.853199e+00 0.000000e+00 7.587648e-01 7.631607e-01 8.334390e-01 9.729617e-01 1.170248e+00 1.240798e+00 1.363470e+00 1.358272e+00 1.227470e+00 1.561490e+00 1.559246e+00 1.559719e+00 1.567648e+00 1.576401e+00
1.341131e+00 1.569814e+00 1.285447e+00 1.227588e+00 1.391124e+00 1.546718e+00 1.381584e+00 1.612047e+00 1.427829e+00 1.558668e+00 1.416256e+00 1.409335e+00 1.542192e+00 1.598204e+00 1.477362e+00 1.608836e+00 1.687345e+00 1.749046e+00 1.799390e+00 1.840749e+00 1.883131e+00 1.932715e+00 1.963884e+00 1.965974e+00 0.000000e+00 9.858531e-01 9.259263e-01 9.930356e-01 1.071171e+00 1.145730e+00 1.214269e+00 1.276684e+00 1.333160e+00 1.384018e+00 1.236502e+00 1.407641e+00 1.704894e+00 0.000000e+00 0.000000e+00 7.459005e-01 8.588260e-01 1.065450e+00 1.234610e+00 1.299403e+00 1.409849e+00 1.407112e+00 1.293602e+00 1.575132e+00 1.571418e+00 1.569845e+00 1.574663e+00 1.582027e+00
1.568948e+00 1.195383e+00 1.115055e+00 1.301038e+00 1.491169e+00 1.304970e+00 1.594329e+00 1.364847e+00 1.362230e+00 1.361024e+00 1.356385e+00 1.347029e+00 1.579624e+00 1.410194e+00 1.416920e+00 1.577546e+00 1.640625e+00 1.719051e+00 1.509769e+00 1.535820e+00 1.769422e+00 2.047808e+00 2.123923e+00 2.173034e+00 0.000000e+00 9.912691e-01 9.269734e-01 9.981753e-01 1.081133e+00 1.160345e+00 1.227975e+00 1.283232e+00 1.333635e+00 1.381430e+00 1.226793e+00 1.300997e+00 1.341934e+00 1.614435e+00 0.000000e+00 8.460673e-01 9.387379e-01 1.137181e+00 1.288330e+00 1.350180e+00 1.451056e+00 1.450602e+00 1.351278e+00 1.587698e+00 1.586462e+00 1.586214e+00 1.589361e+00 1.595307e+00
1.092453e+00 1.001722e+00 1.218370e+00 1.433900e+00 1.219087e+00 1.571777e+00 1.299422e+00 1.295715e+00 1.292012e+00 1.290875e+00 1.286315e+00 1.583874e+00 1.341841e+00 1.347866e+00 1.570310e+00 1.400734e+00 1.393457e+00 1.540356e+00 1.423283e+00 1.541177e+00 1.615508e+00 1.679138e+00 1.733245e+00 1.777737e+00 0.000000e+00 9.844973e-01 9.286279e-01 1.003998e+00 1.089847e+00 1.170117e+00 9.690413e-01 8.792891e-01 8.592735e-01 8.515007e-01 8.674714e-01 7.818665e-01 8.024906e-01 1.612356e+00 0.000000e+00 0.000000e+00 1.013400e+00 1.049130e+00 1.337842e+00 1.396696e+00 1.488010e+00 1.490124e+00 1.404495e+00 1.600904e+00 1.602138e+00 1.603339e+00 1.604697e+00 1.609329e+00
8.435552e-01 1.124880e+00 1.383705e+00 1.132589e+00 1.543190e+00 1.221844e+00 1.222915e+00 1.219408e+00 1.214985e+00 1.210626e+00 1.597449e+00 1.279244e+00 1.276877e+00 1.568068e+00 1.342503e+00 1.337988e+00 1.539747e+00 1.377574e+00 1.369839e+00 1.362446e+00 1.459344e+00 1.535000e+00 1.328827e+00 1.289239e+00 0.000000e+00 8.091573e-01 9.355852e-01 8.323112e-01 8.848536e-01 9.674343e-01 1.130041e+00 9.263315e-01 8.256090e-01 1.014032e+00 1.008849e+00 8.305672e-01 7.014415e-01 7.490882e-01 1.627643e+00 0.000000e+00 0.000000e+00 1.124820e+00 1.194980e+00 1.441117e+00 1.521782e+00 1.526426e+00 1.454991e+00 1.615761e+00 1.617639e+00 1.618424e+00 1.616886e+00 1.619675e+00
9.921282e-01 1.309988e+00 1.039994e+00 1.514611e+00 1.132793e+00 1.131415e+00 1.131893e+00 1.131344e+00 1.126370e+00 1.614962e+00 1.205743e+00 1.203414e+00 1.578399e+00 1.274276e+00 1.269986e+00 1.544998e+00 1.324833e+00 1.317835e+00 1.309968e+00 1.236810e+00 8.215919e-01 8.212945e-01 1.148590e+00 8.070310e-01 0.000000e+00 8.001761e-01 9.318773e-01 1.075391e+00 1.172289e+00 1.047900e+00 9.386275e-01 9.288022e-01 9.207235e-01 9.154807e-01 9.079650e-01 8.979393e-01 8.995842e-01 8.974812e-01 1.035653e+00 1.656467e+00 0.000000e+00 0.000000e+00 1.269773e+00 1.488186e+00 1.554624e+00 1.559038e+00 1.499767e+00 1.628918e+00 1.630950e+00 1.632786e+00 1.631846e+00 1.633741e+00
1.206824e+00 8.902209e-01 1.480471e+00 1.038219e+00 1.025620e+00 1.021076e+00 1.021322e+00 1.024568e+00 1.641905e+00 1.123308e+00 1.115040e+00 1.597182e+00 1.204300e+00 1.196553e+00 1.559178e+00 1.261368e+00 1.255314e+00 1.247997e+00 1.164542e+00 8.232331e-01 9.584906e-01 1.068226e+00 8.204660e-01 9.436080e-01 0.000000e+00 8.347364e-01 9.676420e-01 1.083981e+00 9.469310e-01 8.122599e-01 8.093949e-01 8.040932e-01 7.981463e-01 7.925401e-01 7.851778e-01 7.759360e-01 9.655052e-01 8.770322e-01 7.780375e-01 1.179530e+00 1.693842e+00 0.000000e+00 1.367823e+00 1.329733e+00 1.589339e+00 1.588688e+00 1.538228e+00 1.638988e+00 1.640425e+00 1.645513e+00 1.650069e+00 8.364793e-01
1.298118e+00 1.401218e+00 9.089060e-01 8.946550e-01 8.839923e-01 8.774442e-01 8.778893e-01 1.664656e+00 1.032863e+00 1.019154e+00 1.620769e+00 1.124991e+00 1.120554e+00 1.589144e+00 1.195345e+00 1.187086e+00 1.178176e+00 1.077742e+00 8.251349e-01 9.577603e-01 1.063670e+00 1.158317e+00 1.234342e+00 1.291205e+00 0.000000e+00 8.552822e-01 9.780486e-01 8.120409e-01 8.148235e-01 9.484251e-01 1.051811e+00 1.137391e+00 1.207973e+00 1.266148e+00 1.314115e+00 1.106512e+00 7.765618e-01 7.740544e-01 9.079298e-01 9.242038e-01 1.088116e+00 0.000000e+00 0.000000e+00 1.415669e+00 1.624248e+00 1.617012e+00 1.574511e+00 1.651848e+00 1.653039e+00 1.661529e+00 8.414926e-01 1.236106e+00
1.557161e+00 1.600399e+00 1.640332e+00 1.662804e+00 1.674007e+00 1.674999e+00 1.673437e+00 8.953748e-01 8.938184e-01 1.648346e+00 1.028664e+00 1.026353e+00 1.624427e+00 1.126536e+00 1.113939e+00 1.101266e+00 9.780559e-01 8.280252e-01 9.597138e-01 1.062243e+00 1.151050e+00 1.233207e+00 1.302080e+00 1.355474e+00 0.000000e+00 8.620539e-01 9.811333e-01 1.085384e+00 1.175439e+00 1.254255e+00 1.324106e+00 1.386317e+00 1.438176e+00 1.478824e+00 1.509298e+00 1.530366e+00 1.297820e+00 1.171850e+00 1.226526e+00 1.168558e+00 9.986523e-01 1.307525e+00 0.000000e+00 0.000000e+00 1.418750e+00 1.644807e+00 8.335850e-01 1.670575e+00 1.672421e+00 8.432272e-01 1.247449e+00 1.147940e+00
1.342637e+00 1.426361e+00 1.496621e+00 1.550961e+00 1.590927e+00 1.617035e+00 1.636582e+00 1.655077e+00 1.664542e+00 8.965873e-01 8.913670e-01 1.651500e+00 1.037774e+00 1.027785e+00 1.012742e+00 8.485502e-01 8.371813e-01 9.660529e-01 1.065672e+00 1.151067e+00 1.227294e+00 1.297982e+00 1.359425e+00 1.410256e+00 0.000000e+00 8.660253e-01 9.796708e-01 1.078273e+00 1.164816e+00 1.244202e+00 1.316468e+00 1.382506e+00 1.439860e+00 1.487332e+00 1.523256e+00 1.547377e+00 1.564263e+00 1.324704e+00 7.835756e-01 7.856061e-01 9.279995e-01 9.557599e-01 1.240331e+00 0.000000e+00 1.491238e+00 1.431002e+00 8.377012e-01 8.428054e-01 8.452198e-01 8.383198e-01 1.155766e+00 1.053955e+00
1.192693e+00 1.289001e+00 1.366410e+00 1.431516e+00 1.486703e+00 1.534196e+00 1.575157e+00 1.610621e+00 1.638048e+00 1.656177e+00 1.664961e+00 9.037812e-01 8.970027e-01 8.886012e-01 8.734243e-01 1.000638e+00 1.093363e+00 1.167754e+00 1.233771e+00 1.295583e+00 1.352909e+00 1.406439e+00 1.606646e+00 1.555879e+00 0.000000e+00 9.400625e-01 9.966518e-01 1.083389e+00 1.163735e+00 1.241099e+00 1.313680e+00 1.381811e+00 1.443256e+00 1.496916e+00 1.539600e+00 1.569544e+00 1.589975e+00 1.602383e+00 1.530889e+00 1.393981e+00 1.239287e+00 1.264818e+00 1.381179e+00 0.000000e+00 0.000000e+00 1.501363e+00 8.403413e-01 8.406625e-01 8.420801e-01 1.234372e+00 1.144069e+00 1.051115e+00
9.241923e-01 1.068356e+00 1.174871e+00 1.262748e+00 1.341529e+00 1.417521e+00 1.484336e+00 1.538382e+00 1.586306e+00 1.632931e+00 1.666421e+00 1.679491e+00 1.675014e+00 1.656246e+00 1.624771e+00 1.585605e+00 1.548699e+00 1.519198e+00 1.503268e+00 1.502377e+00 1.512832e+00 1.531711e+00 8.281107e-01 0.000000e+00 0.000000e+00 8.330606e-01 9.598720e-01 1.053044e+00 1.134544e+00 1.211867e+00 1.285074e+00 1.355401e+00 1.420707e+00 1.480204e+00 1.531365e+00 1.572069e+00 1.599687e+00 1.614427e+00 1.621238e+00 1.414838e+00 1.375429e+00 1.365303e+00 1.368272e+00 1.459683e+00 0.000000e+00 0.000000e+00 9.018708e-01 8.351554e-01 8.285760e-01 8.199225e-01 8.129218e-01 9.438018e-01
-9.999000e+03 -9.999000e+03 -9.999000e+03 -9.999000e+03 -9.999000e+03 -9.999000e+03 -9.999000e+03 8.993049e-01 9.054903e-01 9.236876e-01 9.322055e-01 9.245878e-01 1.067918e+00 1.162792e+00 1.234581e+00 1.292103e+00 1.337634e+00 1.372991e+00 1.407185e+00 1.443893e+00 1.480949e+00 1.518565e+00 1.545334e+00 0.000000e+00 1.005598e+00 9.462583e-01 1.010554e+00 1.078087e+00 1.143575e+00 1.208652e+00 1.273424e+00 1.339212e+00 1.403327e+00 1.465143e+00 1.522047e+00 1.571721e+00 1.606554e+00 1.624383e+00 1.632505e+00 1.632979e+00 1.382888e+00 1.286523e+00 1.291395e+00 1.345346e+00 1.459887e+00 0.000000e+00 0.000000e+00 7.623655e-01 8.145383e-01 8.091503e-01 8.065405e-01 8.070518e-01
-9.999000e+03 -9.999000e+03 -9.999000e+03 -9.999000e+03 -9.999000e+03 -9.999000e+03 -9.999000e+03 -9.999000e+03 -9.999000e+03 -9.999000e+03 1.087024e+00 1.082348e+00 9.042631e-01 8.794107e-01 1.013908e+00 1.119287e+00 1.201091e+00 1.263426e+00 1.321035e+00 1.379324e+00 1.433845e+00 1.484070e+00 1.518932e+00 0.000000e+00 1.005850e+00 9.490429e-01 1.014811e+00 1.081265e+00 1.143938e+00 1.033783e+00 1.281855e+00 1.351941e+00 1.413072e+00 1.473863e+00 1.532139e+00 1.584981e+00 1.625283e+00 1.649748e+00 1.661380e+00 1.661176e+00 1.653771e+00 1.396117e+00 1.250518e+00 1.480685e+00 1.352592e+00 1.478662e+00 0.000000e+00 0.000000e+00 8.080607e-01 8.011954e-01 -9.999000e+03 -9.999000e+03
