tests/data/reference/test_implicit_stream_rill_mfda/control/cinfil_m3.asc
ncols	123
nrows	77
xllcorner	-713746.79929998
yllcorner	-1061022.36961616
cellsize	10.0
NODATA_value	-9999
[rows 46 to 68 of 77, columns 0 to 51 of 123]
-9.999000e+03 -9.999000e+03 -9.999000e+03 -9.999000e+03 -9.999000e+03 -9.999000e+03 0.000000e+00 2.226834e+00 1.339325e+00 1.328352e+00 1.021034e+00 1.179165e+00 1.381911e+00 1.446312e+00 1.530769e+00 1.910296e+00 1.464956e+00 1.521705e+00 1.555421e+00 1.560241e+00 1.555634e+00 1.096346e+00 1.095429e+00 1.101307e+00 1.219104e+00 1.301929e+00 1.374975e+00 1.446954e+00 1.505874e+00 1.549539e+00 1.584023e+00 2.627727e+00 2.685863e+00 1.636788e+00 1.634714e+00 1.625390e+00 1.612602e+00 1.598717e+00 1.585454e+00 1.572969e+00 1.577249e+00 1.568820e+00 1.574128e+00 1.572705e+00 1.577695e+00 1.588291e+00 1.599689e+00 1.611172e+00 1.626694e+00 1.655905e+00 1.671217e+00 1.680334e+00
-9.999000e+03 -9.999000e+03 -9.999000e+03 -9.999000e+03 -9.999000e+03 -9.999000e+03 2.406372e+00 1.768326e+00 1.189360e+00 1.174616e+00 9.984486e-01 1.281678e+00 1.359439e+00 1.475400e+00 1.898470e+00 1.370485e+00 1.458565e+00 1.525928e+00 1.560481e+00 1.563037e+00 9.512323e-01 9.416998e-01 9.370110e-01 9.374010e-01 1.092809e+00 1.200867e+00 1.293072e+00 2.374082e+00 2.444239e+00 2.502945e+00 2.561948e+00 1.596481e+00 1.602976e+00 1.608697e+00 1.605670e+00 1.599772e+00 1.591044e+00 1.579412e+00 1.566950e+00 1.574559e+00 1.557018e+00 1.560794e+00 1.555892e+00 1.556687e+00 1.561281e+00 1.570153e+00 1.579791e+00 1.589514e+00 1.614133e+00 1.627102e+00 1.646929e+00 1.652126e+00
-9.999000e+03 -9.999000e+03 -9.999000e+03 -9.999000e+03 -9.999000e+03 0.000000e+00 1.816257e+00 1.638309e+00 1.010166e+00 1.005260e+00 1.171980e+00 1.284573e+00 1.448614e+00 1.880918e+00 1.261390e+00 1.360159e+00 1.444040e+00 1.510937e+00 1.546687e+00 1.550808e+00 1.694981e+00 1.809628e+00 1.908230e+00 2.047821e+00 2.144032e+00 2.223336e+00 2.296155e+00 1.503041e+00 1.518238e+00 1.534265e+00 1.544597e+00 1.557714e+00 1.573580e+00 1.577604e+00 1.577456e+00 1.574919e+00 1.568241e+00 1.556307e+00 1.572355e+00 1.549409e+00 1.555571e+00 1.546372e+00 1.544836e+00 1.545317e+00 1.547880e+00 1.552575e+00 1.559754e+00 1.588155e+00 1.591621e+00 1.605855e+00 1.608165e+00 1.397728e+00
-9.999000e+03 -9.999000e+03 -9.999000e+03 -9.999000e+03 0.000000e+00 1.955887e+00 1.314724e+00 1.488136e+00 1.025753e+00 1.037175e+00 1.201849e+00 1.443301e+00 1.858901e+00 1.153123e+00 1.269090e+00 1.356254e+00 1.426553e+00 1.489809e+00 1.525908e+00 1.516779e+00 1.497116e+00 1.478339e+00 1.789590e+00 1.286804e+00 1.351208e+00 1.401969e+00 1.434224e+00 1.449864e+00 1.476096e+00 1.487969e+00 1.500283e+00 1.526303e+00 1.539541e+00 1.546269e+00 1.548775e+00 1.547618e+00 1.540942e+00 1.568165e+00 1.536966e+00 1.548941e+00 1.537131e+00 1.535831e+00 1.535580e+00 1.535248e+00 1.534423e+00 1.535105e+00 1.567133e+00 1.564650e+00 1.576608e+00 1.567000e+00 1.304949e+00 1.318375e+00
-9.999000e+03 -9.999000e+03 -9.999000e+03 -9.999000e+03 0.000000e+00 1.508754e+00 1.186696e+00 1.311650e+00 1.230679e+00 1.058945e+00 1.418820e+00 1.814245e+00 1.012490e+00 1.163782e+00 1.271146e+00 1.346978e+00 1.411547e+00 1.475294e+00 1.488943e+00 1.470830e+00 1.445857e+00 1.743277e+00 1.192249e+00 1.264871e+00 1.321907e+00 1.361122e+00 1.374557e+00 1.402721e+00 1.416568e+00 1.431446e+00 1.461281e+00 1.477382e+00 1.489617e+00 1.498652e+00 1.503538e+00 1.504021e+00 1.555035e+00 1.518307e+00 1.537901e+00 1.520740e+00 1.519902e+00 1.521992e+00 1.523051e+00 1.521260e+00 1.518643e+00 1.556199e+00 1.540360e+00 1.550210e+00 1.534458e+00 1.213336e+00 1.218805e+00 1.231396e+00
-9.999000e+03 -9.999000e+03 -9.999000e+03 0.000000e+00 2.023115e+00 1.423185e+00 1.045355e+00 1.241095e+00 1.074573e+00 1.361396e+00 1.691757e+00 1.465549e+00 1.029480e+00 1.174797e+00 1.269574e+00 1.339279e+00 1.402809e+00 1.432007e+00 1.434992e+00 1.414234e+00 1.683549e+00 1.077853e+00 1.176252e+00 1.245090e+00 1.287209e+00 1.298562e+00 1.333068e+00 1.341987e+00 1.354224e+00 1.392994e+00 1.410787e+00 1.422961e+00 1.432982e+00 1.440791e+00 1.445428e+00 1.522813e+00 1.481479e+00 1.519786e+00 1.499020e+00 1.496229e+00 1.497103e+00 1.501310e+00 1.502385e+00 1.500786e+00 1.552152e+00 1.523187e+00 1.526451e+00 1.500962e+00 1.120049e+00 1.120077e+00 1.124060e+00 1.134288e+00
-9.999000e+03 -9.999000e+03 -9.999000e+03 0.000000e+00 1.543134e+00 1.247612e+00 1.088237e+00 1.120594e+00 1.293787e+00 1.286949e+00 1.613951e+00 1.441127e+00 1.055115e+00 1.189350e+00 1.273151e+00 1.342824e+00 1.355903e+00 1.366860e+00 1.370076e+00 1.619127e+00 9.488464e-01 1.086548e+00 1.181180e+00 1.233925e+00 1.233976e+00 1.275938e+00 1.282634e+00 1.289425e+00 1.333302e+00 1.352375e+00 1.366151e+00 1.376527e+00 1.382854e+00 1.384856e+00 1.488797e+00 1.427775e+00 1.485318e+00 1.463042e+00 1.466927e+00 1.465139e+00 1.464620e+00 1.467073e+00 1.468665e+00 1.541857e+00 1.503459e+00 1.505735e+00 1.468857e+00 1.010606e+00 1.010677e+00 1.011869e+00 1.015281e+00 2.045571e+00
-9.999000e+03 -9.999000e+03 0.000000e+00 1.213458e+00 1.274037e+00 1.265840e+00 1.158008e+00 1.185797e+00 1.163310e+00 1.199651e+00 1.619717e+00 1.421969e+00 1.098923e+00 1.211457e+00 1.289324e+00 1.287114e+00 1.280647e+00 1.279752e+00 1.425859e+00 1.408204e+00 9.863476e-01 1.123312e+00 1.198417e+00 1.186104e+00 1.234653e+00 1.231991e+00 1.233444e+00 1.285276e+00 1.297578e+00 1.309518e+00 1.321596e+00 1.329939e+00 1.330839e+00 1.467055e+00 1.376277e+00 1.451740e+00 1.410458e+00 1.420383e+00 1.428297e+00 1.426018e+00 1.420943e+00 1.420156e+00 1.518995e+00 1.467833e+00 1.474867e+00 1.432317e+00 8.753057e-01 8.706725e-01 8.699779e-01 8.727951e-01 1.964399e+00 1.477187e+00
-9.999000e+03 -9.999000e+03 3.336984e+00 1.311092e+00 1.091377e+00 1.152874e+00 1.215512e+00 1.156071e+00 1.379372e+00 1.770808e+00 1.187437e+00 1.355599e+00 1.143678e+00 1.241046e+00 1.210212e+00 1.200648e+00 1.185599e+00 1.176964e+00 1.198721e+00 1.341362e+00 1.042144e+00 1.169574e+00 1.138533e+00 1.212889e+00 1.196575e+00 1.182329e+00 1.246029e+00 1.247055e+00 1.247356e+00 1.253581e+00 1.262417e+00 1.268955e+00 1.455362e+00 1.330372e+00 1.434707e+00 1.365933e+00 1.368062e+00 1.376973e+00 1.382587e+00 1.377649e+00 1.370211e+00 1.494773e+00 1.417761e+00 1.425623e+00 1.378171e+00 1.373713e+00 1.426242e+00 1.469366e+00 1.760918e+00 1.874696e+00 1.424218e+00 1.426204e+00
-9.999000e+03 0.000000e+00 3.120698e+00 1.398384e+00 1.109328e+00 1.272582e+00 1.140133e+00 1.141346e+00 -9.999000e+03 -9.999000e+03 -9.999000e+03 1.191602e+00 1.166121e+00 1.091887e+00 1.064365e+00 1.062873e+00 1.050840e+00 1.031123e+00 1.051623e+00 1.136407e+00 1.159814e+00 1.080444e+00 1.197270e+00 1.172290e+00 1.143560e+00 1.222578e+00 1.204504e+00 1.189140e+00 1.181450e+00 1.181086e+00 1.184927e+00 1.440230e+00 1.279228e+00 1.426050e+00 1.325257e+00 1.320925e+00 1.322445e+00 1.327172e+00 1.325625e+00 1.317514e+00 1.476569e+00 1.365825e+00 1.368211e+00 1.310704e+00 1.309160e+00 1.466028e+00 1.556021e+00 1.649385e+00 1.552605e+00 1.362498e+00 1.364905e+00 1.362001e+00
-9.999000e+03 0.000000e+00 1.551777e+00 1.110982e+00 1.170183e+00 1.162360e+00 -9.999000e+03 -9.999000e+03 -9.999000e+03 -9.999000e+03 -9.999000e+03 -9.999000e+03 1.146381e+00 1.105279e+00 1.273702e+00 1.390260e+00 1.062938e+00 1.225574e+00 1.379372e+00 1.613601e+00 1.197249e+00 1.188984e+00 1.123889e+00 1.064019e+00 1.198659e+00 1.160949e+00 1.129244e+00 1.105920e+00 1.093025e+00 1.087331e+00 1.419994e+00 1.207009e+00 1.417962e+00 1.276185e+00 1.266508e+00 1.261048e+00 1.260356e+00 1.261746e+00 1.255929e+00 1.458529e+00 1.307762e+00 1.305880e+00 1.233048e+00 1.233677e+00 1.424723e+00 1.299301e+00 1.292677e+00 1.534024e+00 1.290000e+00 1.294782e+00 1.294031e+00 1.494503e+00
0.000000e+00 2.052055e+00 1.284523e+00 1.165987e+00 1.289853e+00 1.105743e+00 -9.999000e+03 -9.999000e+03 -9.999000e+03 -9.999000e+03 -9.999000e+03 -9.999000e+03 -9.999000e+03 -9.999000e+03 -9.999000e+03 1.056513e+00 1.434839e+00 1.039022e+00 1.056173e+00 1.084346e+00 1.659374e+00 -9.999000e+03 -9.999000e+03 1.124058e+00 1.062663e+00 1.031616e+00 1.001831e+00 9.755656e-01 9.632986e-01 1.408177e+00 1.115324e+00 1.405868e+00 1.217858e+00 1.201727e+00 1.189377e+00 1.181646e+00 1.177653e+00 1.178347e+00 1.444248e+00 1.245035e+00 1.234281e+00 1.142468e+00 1.142954e+00 1.375189e+00 1.231137e+00 1.222475e+00 1.516964e+00 1.211869e+00 1.212367e+00 1.216536e+00 1.462607e+00 1.276789e+00
0.000000e+00 1.179845e+00 1.198154e+00 1.199244e+00 1.100632e+00 -9.999000e+03 -9.999000e+03 -9.999000e+03 -9.999000e+03 -9.999000e+03 -9.999000e+03 -9.999000e+03 -9.999000e+03 -9.999000e+03 -9.999000e+03 -9.999000e+03 -9.999000e+03 -9.999000e+03 -9.999000e+03 -9.999000e+03 -9.999000e+03 -9.999000e+03 -9.999000e+03 1.141183e+00 1.076595e+00 1.055667e+00 1.206386e+00 1.295810e+00 1.377163e+00 9.992602e-01 1.396350e+00 1.146937e+00 1.129045e+00 1.104248e+00 1.088566e+00 1.079849e+00 1.074392e+00 1.421198e+00 1.179270e+00 1.158994e+00 1.033893e+00 1.033233e+00 1.315139e+00 1.147973e+00 1.145389e+00 1.504437e+00 1.131903e+00 1.127993e+00 1.128121e+00 1.429392e+00 1.218095e+00 1.574522e+00
-9.999000e+03 1.088463e+00 1.105393e+00 1.056719e+00 -9.999000e+03 -9.999000e+03 -9.999000e+03 -9.999000e+03 -9.999000e+03 -9.999000e+03 -9.999000e+03 -9.999000e+03 -9.999000e+03 -9.999000e+03 -9.999000e+03 -9.999000e+03 -9.999000e+03 -9.999000e+03 -9.999000e+03 -9.999000e+03 -9.999000e+03 -9.999000e+03 -9.999000e+03 -9.999000e+03 -9.999000e+03 -9.999000e+03 1.031170e+00 1.009126e+00 1.187796e+00 1.356147e+00 1.048277e+00 1.026839e+00 9.945241e-01 9.593474e-01 9.446760e-01 9.412254e-01 1.387493e+00 1.086195e+00 1.072395e+00 8.987212e-01 8.902958e-01 1.245620e+00 1.038800e+00 1.040368e+00 1.484581e+00 1.036570e+00 1.033698e+00 1.031131e+00 1.386045e+00 1.146526e+00 1.597244e+00 9.995414e-01
-9.999000e+03 -9.999000e+03 -9.999000e+03 -9.999000e+03 -9.999000e+03 -9.999000e+03 -9.999000e+03 -9.999000e+03 -9.999000e+03 -9.999000e+03 -9.999000e+03 -9.999000e+03 -9.999000e+03 -9.999000e+03 -9.999000e+03 -9.999000e+03 -9.999000e+03 -9.999000e+03 -9.999000e+03 -9.999000e+03 -9.999000e+03 -9.999000e+03 -9.999000e+03 -9.999000e+03 -9.999000e+03 -9.999000e+03 -9.999000e+03 -9.999000e+03 1.021161e+00 1.246260e+00 1.074059e+00 1.052158e+00 1.011612e+00 1.136357e+00 1.240200e+00 1.343397e+00 9.580824e-01 9.401493e-01 9.242602e-01 1.062784e+00 1.166880e+00 8.976857e-01 8.952028e-01 1.448388e+00 8.932516e-01 8.929213e-01 8.941378e-01 1.334070e+00 1.044500e+00 1.604137e+00 8.810564e-01 8.607408e-01
-9.999000e+03 -9.999000e+03 -9.999000e+03 -9.999000e+03 -9.999000e+03 -9.999000e+03 -9.999000e+03 -9.999000e+03 -9.999000e+03 -9.999000e+03 -9.999000e+03 -9.999000e+03 -9.999000e+03 -9.999000e+03 -9.999000e+03 -9.999000e+03 -9.999000e+03 -9.999000e+03 -9.999000e+03 -9.999000e+03 -9.999000e+03 -9.999000e+03 -9.999000e+03 -9.999000e+03 -9.999000e+03 -9.999000e+03 -9.999000e+03 -9.999000e+03 -9.999000e+03 1.061004e+00 1.377805e+00 1.206560e+00 1.165438e+00 9.588679e-01 9.522505e-01 9.691822e-01 9.680711e-01 9.466845e-01 1.090226e+00 1.193780e+00 1.278592e+00 1.351918e+00 1.409034e+00 8.972442e-01 1.043948e+00 1.157727e+00 1.256419e+00 9.069986e-01 1.598244e+00 8.931590e-01 1.029092e+00 1.122246e+00
-9.999000e+03 -9.999000e+03 -9.999000e+03 -9.999000e+03 -9.999000e+03 -9.999000e+03 -9.999000e+03 -9.999000e+03 -9.999000e+03 -9.999000e+03 -9.999000e+03 -9.999000e+03 -9.999000e+03 -9.999000e+03 -9.999000e+03 -9.999000e+03 -9.999000e+03 -9.999000e+03 -9.999000e+03 -9.999000e+03 -9.999000e+03 -9.999000e+03 -9.999000e+03 -9.999000e+03 -9.999000e+03 -9.999000e+03 -9.999000e+03 -9.999000e+03 -9.999000e+03 -9.999000e+03 1.194266e+00 -9.999000e+03 -9.999000e+03 -9.999000e+03 -9.999000e+03 -9.999000e+03 -9.999000e+03 -9.999000e+03 9.323213e-01 1.084129e+00 1.200207e+00 1.298700e+00 1.370551e+00 1.418149e+00 1.457962e+00 1.495039e+00 1.534346e+00 1.581143e+00 9.135263e-01 1.042979e+00 1.139651e+00 1.220252e+00
-9.999000e+03 -9.999000e+03 -9.999000e+03 -9.999000e+03 -9.999000e+03 -9.999000e+03 -9.999000e+03 -9.999000e+03 -9.999000e+03 -9.999000e+03 -9.999000e+03 -9.999000e+03 -9.999000e+03 -9.999000e+03 -9.999000e+03 -9.999000e+03 -9.999000e+03 -9.999000e+03 -9.999000e+03 -9.999000e+03 -9.999000e+03 -9.999000e+03 -9.999000e+03 -9.999000e+03 -9.999000e+03 -9.999000e+03 -9.999000e+03 -9.999000e+03 -9.999000e+03 -9.999000e+03 -9.999000e+03 -9.999000e+03 -9.999000e+03 -9.999000e+03 -9.999000e+03 -9.999000e+03 -9.999000e+03 -9.999000e+03 -9.999000e+03 -9.999000e+03 -9.999000e+03 9.309744e-01 9.246636e-01 9.081797e-01 1.052845e+00 1.167604e+00 1.270522e+00 1.371797e+00 1.438517e+00 1.466684e+00 1.490895e+00 1.518939e+00
-9.999000e+03 -9.999000e+03 -9.999000e+03 -9.999000e+03 -9.999000e+03 -9.999000e+03 -9.999000e+03 -9.999000e+03 -9.999000e+03 -9.999000e+03 -9.999000e+03 -9.999000e+03 -9.999000e+03 -9.999000e+03 -9.999000e+03 -9.999000e+03 -9.999000e+03 -9.999000e+03 -9.999000e+03 -9.999000e+03 -9.999000e+03 -9.999000e+03 -9.999000e+03 -9.999000e+03 -9.999000e+03 -9.999000e+03 -9.999000e+03 -9.999000e+03 -9.999000e+03 -9.999000e+03 -9.999000e+03 -9.999000e+03 -9.999000e+03 -9.999000e+03 -9.999000e+03 -9.999000e+03 -9.999000e+03 -9.999000e+03 -9.999000e+03 -9.999000e+03 -9.999000e+03 -9.999000e+03 -9.999000e+03 -9.999000e+03 8.973784e-01 9.011937e-01 1.061999e+00 1.193985e+00 9.129346e-01 1.039050e+00 1.144296e+00 1.251415e+00
-9.999000e+03 -9.999000e+03 -9.999000e+03 -9.999000e+03 -9.999000e+03 -9.999000e+03 -9.999000e+03 -9.999000e+03 -9.999000e+03 -9.999000e+03 -9.999000e+03 -9.999000e+03 -9.999000e+03 -9.999000e+03 -9.999000e+03 -9.999000e+03 -9.999000e+03 -9.999000e+03 -9.999000e+03 -9.999000e+03 -9.999000e+03 -9.999000e+03 -9.999000e+03 -9.999000e+03 -9.999000e+03 -9.999000e+03 -9.999000e+03 -9.999000e+03 -9.999000e+03 -9.999000e+03 -9.999000e+03 -9.999000e+03 -9.999000e+03 -9.999000e+03 -9.999000e+03 -9.999000e+03 -9.999000e+03 -9.999000e+03 -9.999000e+03 -9.999000e+03 -9.999000e+03 -9.999000e+03 -9.999000e+03 -9.999000e+03 -9.999000e+03 -9.999000e+03 -9.999000e+03 -9.999000e+03 -9.999000e+03 -9.999000e+03 8.880381e-01 1.065116e+00
-9.999000e+03 -9.999000e+03 -9.999000e+03 -9.999000e+03 -9.999000e+03 -9.999000e+03 -9.999000e+03 -9.999000e+03 -9.999000e+03 -9.999000e+03 -9.999000e+03 -9.999000e+03 -9.999000e+03 -9.999000e+03 -9.999000e+03 -9.999000e+03 -9.999000e+03 -9.999000e+03 -9.999000e+03 -9.999000e+03 -9.999000e+03 -9.999000e+03 -9.999000e+03 -9.999000e+03 -9.999000e+03 -9.999000e+03 -9.999000e+03 -9.999000e+03 -9.999000e+03 -9.999000e+03 -9.999000e+03 -9.999000e+03 -9.999000e+03 -9.999000e+03 -9.999000e+03 -9.999000e+03 -9.999000e+03 -9.999000e+03 -9.999000e+03 -9.999000e+03 -9.999000e+03 -9.999000e+03 -9.999000e+03 -9.999000e+03 -9.999000e+03 -9.999000e+03 -9.999000e+03 -9.999000e+03 -9.999000e+03 -9.999000e+03 -9.999000e+03 9.218461e-01
-9.999000e+03 -9.999000e+03 -9.999000e+03 -9.999000e+03 -9.999000e+03 -9.999000e+03 -9.999000e+03 -9.999000e+03 -9.999000e+03 -9.999000e+03 -9.999000e+03 -9.999000e+03 -9.999000e+03 -9.999000e+03 -9.999000e+03 -9.999000e+03 -9.999000e+03 -9.999000e+03 -9.999000e+03 -9.999000e+03 -9.999000e+03 -9.999000e+03 -9.999000e+03 -9.999000e+03 -9.999000e+03 -9.999000e+03 -9.999000e+03 -9.999000e+03 -9.999000e+03 -9.999000e+03 -9.999000e+03 -9.999000e+03 -9.999000e+03 -9.999000e+03 -9.999000e+03 -9.999000e+03 -9.999000e+03 -9.999000e+03 -9.999000e+03 -9.999000e+03 -9.999000e+03 -9.999000e+03 -9.999000e+03 -9.999000e+03 -9.999000e+03 -9.999000e+03 -9.999000e+03 -9.999000e+03 -9.999000e+03 -9.999000e+03 -9.999000e+03 -9.999000e+03
-9.999000e+03 -9.999000e+03 -9.999000e+03 -9.999000e+03 -9.999000e+03 -9.999000e+03 -9.999000e+03 -9.999000e+03 -9.999000e+03 -9.999000e+03 -9.999000e+03 -9.999000e+03 -9.999000e+03 -9.999000e+03 -9.999000e+03 -9.999000e+03 -9.999000e+03 -9.999000e+03 -9.999000e+03 -9.999000e+03 -9.999000e+03 -9.999000e+03 -9.999000e+03 -9.999000e+03 -9.999000e+03 -9.999000e+03 -9.999000e+03 -9.999000e+03 -9.999000e+03 -9.999000e+03 -9.999000e+03 -9.999000e+03 -9.999000e+03 -9.999000e+03 -9.999000e+03 -9.999000e+03 -9.999000e+03 -9.999000e+03 -9.999000e+03 -9.999000e+03 -9.999000e+03 -9.999000e+03 -9.999000e+03 -9.999000e+03 -9.999000e+03 -9.999000e+03 -9.999000e+03 -9.999000e+03 -9.999000e+03 -9.999000e+03 -9.999000e+03 -9.999000e+03
