tests/data/reference/test_implicit_stream_rill_mfda/control/cinfil_m3.asc
ncols	123
nrows	77
xllcorner	-713746.79929998
yllcorner	-1061022.36961616
cellsize	10.0
NODATA_value	-9999
[rows 23 to 45 of 77, columns 52 to 103 of 123]
9.420263e-01 1.195598e+00 1.253800e+00 1.342147e+00 1.375048e+00 1.425785e+00 1.412615e+00 1.366200e+00 1.372015e+00 1.329218e+00 1.276787e+00 1.278500e+00 1.280646e+00 1.285911e+00 1.297726e+00 1.522034e+00 1.804201e+00 1.844300e+00 1.410859e+00 1.390146e+00 1.259042e+00 1.183560e+00 1.096855e+00 1.187691e+00 8.592808e-01 1.013325e+00 3.060531e+00 1.993069e+00 1.620650e+00 1.225700e+00 1.116163e+00 1.004358e+00 8.740194e-01 9.025562e-01 -9.999000e+03 -9.999000e+03 -9.999000e+03 -9.999000e+03 -9.999000e+03 -9.999000e+03 -9.999000e+03 -9.999000e+03 -9.999000e+03 -9.999000e+03 -9.999000e+03 -9.999000e+03 -9.999000e+03 -9.999000e+03 -9.999000e+03 -9.999000e+03 -9.999000e+03 -9.999000e+03
9.366688e-01 1.036329e+00 1.252907e+00 1.306229e+00 1.380905e+00 1.408865e+00 1.449270e+00 1.445972e+00 1.409830e+00 1.413097e+00 1.376716e+00 1.331742e+00 1.334710e+00 1.342160e+00 1.354345e+00 1.370664e+00 1.899951e+00 1.874469e+00 1.429756e+00 1.402174e+00 1.298426e+00 1.235866e+00 1.167283e+00 1.237533e+00 9.862156e-01 1.108348e+00 8.718531e-01 3.116723e+00 2.073682e+00 1.733032e+00 1.377580e+00 1.115168e+00 1.010077e+00 1.031769e+00 9.123535e-01 -9.999000e+03 -9.999000e+03 -9.999000e+03 -9.999000e+03 -9.999000e+03 -9.999000e+03 -9.999000e+03 -9.999000e+03 -9.999000e+03 -9.999000e+03 -9.999000e+03 -9.999000e+03 -9.999000e+03 -9.999000e+03 -9.999000e+03 -9.999000e+03 -9.999000e+03
1.190459e+00 1.033510e+00 1.118608e+00 1.305647e+00 1.354116e+00 1.418642e+00 1.444443e+00 1.475541e+00 1.473540e+00 1.443046e+00 1.445343e+00 1.416318e+00 1.383155e+00 1.393097e+00 1.403303e+00 1.413073e+00 1.975622e+00 1.879549e+00 1.438412e+00 1.411470e+00 1.331998e+00 1.281439e+00 1.227199e+00 1.281961e+00 1.081379e+00 1.176700e+00 9.921391e-01 3.134650e+00 8.650952e-01 2.109594e+00 1.834055e+00 1.229121e+00 1.121242e+00 1.113762e+00 1.012902e+00 8.829871e-01 9.058712e-01 9.080950e-01 -9.999000e+03 -9.999000e+03 -9.999000e+03 -9.999000e+03 -9.999000e+03 -9.999000e+03 -9.999000e+03 -9.999000e+03 -9.999000e+03 -9.999000e+03 -9.999000e+03 -9.999000e+03 -9.999000e+03 -9.999000e+03
9.296592e-01 1.247362e+00 1.118067e+00 1.195091e+00 1.358638e+00 1.401874e+00 1.454625e+00 1.472555e+00 1.492748e+00 1.491973e+00 1.470073e+00 1.475226e+00 1.456460e+00 1.432959e+00 1.441791e+00 1.449275e+00 2.047265e+00 1.868264e+00 1.448417e+00 1.424579e+00 1.366046e+00 1.326610e+00 1.283842e+00 1.324911e+00 1.160779e+00 1.233170e+00 1.079585e+00 3.146052e+00 9.871891e-01 2.128514e+00 1.918702e+00 1.309803e+00 1.213396e+00 1.192302e+00 1.103437e+00 1.010398e+00 1.036648e+00 8.988170e-01 1.055375e+00 9.108653e-01 -9.999000e+03 -9.999000e+03 -9.999000e+03 -9.999000e+03 -9.999000e+03 -9.999000e+03 -9.999000e+03 -9.999000e+03 -9.999000e+03 -9.999000e+03 -9.999000e+03 -9.999000e+03
1.027243e+00 8.010217e-01 1.304320e+00 1.200592e+00 1.269474e+00 1.407120e+00 1.439689e+00 1.477664e+00 1.490646e+00 1.506498e+00 1.509225e+00 1.496259e+00 1.502295e+00 1.487994e+00 1.469941e+00 1.480775e+00 2.121762e+00 1.834973e+00 1.464933e+00 1.445278e+00 1.404600e+00 1.375346e+00 1.341379e+00 1.369400e+00 1.231556e+00 1.283657e+00 1.152819e+00 3.158819e+00 1.076312e+00 2.122846e+00 1.967456e+00 1.350721e+00 1.288263e+00 1.278028e+00 1.202532e+00 1.123294e+00 8.790276e-01 8.917952e-01 1.052409e+00 1.173986e+00 1.067723e+00 0.000000e+00 -9.999000e+03 -9.999000e+03 -9.999000e+03 -9.999000e+03 -9.999000e+03 -9.999000e+03 -9.999000e+03 -9.999000e+03 -9.999000e+03 -9.999000e+03
1.110788e+00 9.347470e-01 1.355473e+00 1.270012e+00 8.196716e-01 1.329621e+00 1.442909e+00 1.466108e+00 1.494965e+00 1.505808e+00 1.518914e+00 1.524340e+00 1.517057e+00 1.523521e+00 1.516977e+00 1.509323e+00 2.196252e+00 1.763527e+00 1.476974e+00 1.461234e+00 1.433874e+00 1.413206e+00 1.387288e+00 1.406410e+00 1.291412e+00 1.327495e+00 1.215472e+00 3.176703e+00 1.150394e+00 2.097436e+00 2.012767e+00 1.379778e+00 1.344709e+00 1.347656e+00 1.288796e+00 1.219580e+00 1.026542e+00 1.036919e+00 8.927083e-01 1.164096e+00 0.000000e+00 0.000000e+00 0.000000e+00 0.000000e+00 -9.999000e+03 -9.999000e+03 -9.999000e+03 -9.999000e+03 -9.999000e+03 -9.999000e+03 -9.999000e+03 -9.999000e+03
1.186516e+00 1.041453e+00 1.401316e+00 1.328149e+00 8.177209e-01 9.529676e-01 1.378155e+00 1.469574e+00 1.485413e+00 1.507174e+00 1.516911e+00 1.529506e+00 1.537993e+00 1.539506e+00 1.552017e+00 1.552804e+00 1.543744e+00 1.867345e+00 1.480015e+00 1.467257e+00 1.448658e+00 1.435136e+00 1.417531e+00 1.432884e+00 1.340409e+00 1.365295e+00 1.270485e+00 3.189113e+00 1.217023e+00 2.030524e+00 2.059689e+00 1.401752e+00 1.382085e+00 1.392819e+00 1.354183e+00 1.301767e+00 1.143526e+00 1.146192e+00 1.036121e+00 0.000000e+00 0.000000e+00 1.518561e+00 1.291340e+00 9.972196e-01 0.000000e+00 -9.999000e+03 -9.999000e+03 -9.999000e+03 -9.999000e+03 -9.999000e+03 -9.999000e+03 -9.999000e+03
1.259987e+00 1.136013e+00 1.443808e+00 1.378595e+00 9.515703e-01 8.170318e-01 1.054021e+00 1.413919e+00 1.488138e+00 1.502562e+00 1.521631e+00 1.533495e+00 1.548076e+00 1.561391e+00 1.567616e+00 1.574408e+00 1.566464e+00 1.549302e+00 1.825097e+00 1.467566e+00 1.457382e+00 1.451333e+00 1.441273e+00 1.453700e+00 1.380657e+00 1.397101e+00 1.319095e+00 3.208715e+00 1.274798e+00 1.855541e+00 2.100491e+00 1.414700e+00 1.405067e+00 1.419469e+00 8.647055e-01 8.741369e-01 1.227559e+00 1.224907e+00 0.000000e+00 0.000000e+00 1.009312e+00 1.577309e+00 1.374313e+00 1.127175e+00 9.850118e-01 0.000000e+00 -9.999000e+03 -9.999000e+03 -9.999000e+03 -9.999000e+03 -9.999000e+03 -9.999000e+03
1.336176e+00 1.225119e+00 1.483388e+00 1.423122e+00 1.055102e+00 9.492505e-01 8.124053e-01 1.131932e+00 1.446435e+00 1.512401e+00 1.528554e+00 1.548433e+00 1.562188e+00 1.574560e+00 1.579290e+00 1.574179e+00 1.569011e+00 1.555141e+00 1.803605e+00 1.464276e+00 1.463165e+00 1.464796e+00 1.461138e+00 1.470408e+00 1.412990e+00 1.423765e+00 1.363135e+00 3.171655e+00 1.324938e+00 1.587146e+00 2.134168e+00 1.420089e+00 1.416924e+00 8.393965e-01 8.510860e-01 8.615662e-01 1.281834e+00 0.000000e+00 0.000000e+00 9.184268e-01 1.122523e+00 1.664664e+00 1.476453e+00 1.252881e+00 1.130910e+00 9.620394e-01 9.806131e-01 -9.999000e+03 -9.999000e+03 -9.999000e+03 -9.999000e+03 -9.999000e+03
1.420926e+00 1.314944e+00 1.526433e+00 1.469676e+00 8.257750e-01 1.143724e+00 1.053120e+00 9.492506e-01 1.210982e+00 1.483456e+00 1.537938e+00 1.553214e+00 1.567702e+00 1.574411e+00 1.576157e+00 1.571804e+00 1.562541e+00 1.553940e+00 1.770972e+00 1.466664e+00 1.472184e+00 1.478196e+00 1.477543e+00 1.482712e+00 1.438475e+00 1.446387e+00 1.402553e+00 3.031108e+00 1.372400e+00 1.484382e+00 2.167610e+00 1.428657e+00 8.281561e-01 8.322309e-01 8.409096e-01 8.503647e-01 0.000000e+00 0.000000e+00 8.976784e-01 1.054904e+00 1.203662e+00 1.720002e+00 9.278238e-01 9.488911e-01 1.223410e+00 1.096508e+00 1.096048e+00 9.649790e-01 0.000000e+00 -9.999000e+03 -9.999000e+03 -9.999000e+03
1.480509e+00 1.502783e+00 1.397345e+00 1.568469e+00 1.514543e+00 9.722296e-01 1.225930e+00 1.148340e+00 1.062071e+00 1.279666e+00 1.507515e+00 1.547043e+00 1.554818e+00 1.561868e+00 1.564240e+00 1.563382e+00 1.559397e+00 1.552689e+00 1.547645e+00 1.757995e+00 1.488772e+00 1.494091e+00 1.491496e+00 1.491421e+00 1.458183e+00 1.465842e+00 1.438452e+00 2.918531e+00 1.419667e+00 1.481110e+00 2.203210e+00 8.289643e-01 8.311888e-01 8.322494e-01 0.000000e+00 0.000000e+00 0.000000e+00 8.508656e-01 1.032021e+00 1.150030e+00 1.263609e+00 8.780872e-01 8.909119e-01 1.065149e+00 1.280895e+00 1.212779e+00 1.223554e+00 9.489274e-01 9.638680e-01 0.000000e+00 -9.999000e+03 -9.999000e+03
2.545419e+00 2.545419e+00 1.360153e+00 1.277695e+00 1.595340e+00 1.543130e+00 1.077048e+00 1.290412e+00 1.220679e+00 1.143565e+00 1.328246e+00 1.515334e+00 1.541211e+00 1.545357e+00 1.550094e+00 1.552440e+00 1.553713e+00 1.553550e+00 1.552733e+00 1.517321e+00 1.511612e+00 1.515214e+00 1.508946e+00 1.503540e+00 1.479512e+00 1.488603e+00 1.475665e+00 2.797659e+00 1.464084e+00 1.499639e+00 2.229330e+00 8.306327e-01 8.309263e-01 0.000000e+00 0.000000e+00 8.887019e-01 8.425186e-01 9.861325e-01 1.129487e+00 1.222191e+00 8.592413e-01 8.654899e-01 8.736081e-01 1.149821e+00 1.318944e+00 1.281711e+00 9.303584e-01 9.287171e-01 9.275273e-01 1.273660e+00 9.715162e-01 0.000000e+00
1.504921e+00 1.585716e+00 2.545419e+00 1.419610e+00 1.340798e+00 1.371527e+00 1.330211e+00 1.017590e+00 1.158175e+00 1.108553e+00 1.054281e+00 1.175950e+00 1.292331e+00 1.305970e+00 1.309305e+00 1.315538e+00 1.323524e+00 1.331996e+00 1.340929e+00 1.349626e+00 1.524960e+00 1.337354e+00 1.326599e+00 1.315851e+00 1.508017e+00 1.520051e+00 1.518603e+00 2.641078e+00 1.505844e+00 1.523202e+00 2.234895e+00 8.298102e-01 0.000000e+00 0.000000e+00 8.693157e-01 1.023824e+00 9.810754e-01 1.088346e+00 1.206080e+00 8.440313e-01 8.505214e-01 8.582551e-01 8.665861e-01 8.778766e-01 1.345261e+00 1.316307e+00 8.964057e-01 1.051928e+00 1.057228e+00 1.311943e+00 9.289389e-01 1.273212e+00
7.854342e-01 9.151410e-01 1.019419e+00 2.545419e+00 2.545419e+00 2.545419e+00 2.545419e+00 1.372455e+00 1.103458e+00 1.230769e+00 1.188619e+00 1.140512e+00 1.248760e+00 1.347478e+00 1.451627e+00 1.369779e+00 1.379974e+00 1.389528e+00 1.399832e+00 1.410284e+00 7.989132e-01 1.557089e+00 1.483839e+00 1.374345e+00 1.330137e+00 1.346268e+00 1.559905e+00 2.231937e+00 1.539428e+00 1.542795e+00 2.195767e+00 0.000000e+00 0.000000e+00 8.298969e-01 1.005384e+00 1.126136e+00 1.086055e+00 1.172406e+00 1.270725e+00 8.393312e-01 8.443674e-01 8.524527e-01 8.605517e-01 8.701723e-01 1.369121e+00 1.349001e+00 1.037661e+00 1.148666e+00 1.153531e+00 1.376990e+00 1.056011e+00 1.307081e+00
9.885133e-01 1.067433e+00 1.142768e+00 1.227828e+00 1.294628e+00 1.334485e+00 1.371622e+00 2.545419e+00 2.545419e+00 2.545419e+00 2.545419e+00 2.545419e+00 2.545419e+00 2.545419e+00 2.545419e+00 2.545419e+00 2.545419e+00 1.466942e+00 1.461912e+00 1.459610e+00 1.454921e+00 9.206221e-01 1.588792e+00 1.419959e+00 1.398121e+00 1.421577e+00 1.384033e+00 1.617811e+00 1.560530e+00 1.553226e+00 0.000000e+00 0.000000e+00 8.238174e-01 8.274650e-01 1.106182e+00 1.206684e+00 1.170832e+00 1.243982e+00 1.326921e+00 8.378004e-01 8.411158e-01 8.482355e-01 8.554673e-01 8.641524e-01 8.747110e-01 8.856275e-01 1.156078e+00 1.240990e+00 1.238202e+00 1.428428e+00 1.143975e+00 1.365890e+00
8.846120e-01 9.776012e-01 1.064392e+00 2.184309e+00 2.118443e+00 2.117733e+00 2.126928e+00 2.140556e+00 2.154926e+00 2.170243e+00 2.186495e+00 2.204272e+00 2.225110e+00 2.253401e+00 2.284586e+00 2.333394e+00 2.408587e+00 2.545419e+00 2.545419e+00 1.527118e+00 1.512202e+00 1.491243e+00 1.630659e+00 1.472666e+00 1.463114e+00 1.486041e+00 1.451976e+00 1.390788e+00 1.570744e+00 0.000000e+00 0.000000e+00 8.242058e-01 8.223737e-01 8.259635e-01 1.187511e+00 1.272722e+00 1.240278e+00 1.302215e+00 8.341949e-01 8.341091e-01 8.366648e-01 8.434892e-01 8.509181e-01 8.586157e-01 8.677625e-01 8.790877e-01 8.894305e-01 1.316229e+00 1.311316e+00 1.473290e+00 1.224543e+00 1.420468e+00
1.491123e+00 2.673055e+00 2.615503e+00 1.486993e+00 1.472883e+00 1.454399e+00 1.440717e+00 1.431802e+00 1.421956e+00 1.419381e+00 1.421043e+00 1.231917e+00 1.212894e+00 1.224273e+00 1.238664e+00 1.254293e+00 1.427744e+00 1.557163e+00 1.672558e+00 2.545419e+00 2.545419e+00 2.545419e+00 2.545419e+00 1.725872e+00 1.529254e+00 1.538414e+00 1.500560e+00 1.435240e+00 0.000000e+00 0.000000e+00 8.308038e-01 9.587679e-01 8.215630e-01 8.253229e-01 1.255721e+00 1.327346e+00 1.297151e+00 1.348258e+00 8.289541e-01 8.285455e-01 8.306812e-01 8.373520e-01 8.461538e-01 8.544365e-01 8.604277e-01 8.678585e-01 8.790410e-01 1.371620e+00 1.373068e+00 1.514870e+00 1.308817e+00 1.477051e+00
2.722948e+00 1.522432e+00 1.504271e+00 1.487863e+00 1.471378e+00 1.454137e+00 1.438740e+00 1.417737e+00 1.407082e+00 1.401067e+00 1.400742e+00 1.348134e+00 1.351916e+00 1.357989e+00 1.366298e+00 1.234047e+00 1.220569e+00 2.253542e+00 2.325851e+00 2.406640e+00 2.472022e+00 2.267862e+00 2.420263e+00 2.545419e+00 2.235279e+00 1.605519e+00 1.546018e+00 7.957636e-01 0.000000e+00 8.077042e-01 9.713973e-01 1.062586e+00 8.194839e-01 9.584264e-01 1.312192e+00 1.372847e+00 1.344720e+00 1.385838e+00 8.249282e-01 8.246035e-01 8.269386e-01 8.328204e-01 8.417390e-01 8.517079e-01 8.567434e-01 8.603682e-01 8.688825e-01 8.795825e-01 1.414474e+00 1.536734e+00 1.373968e+00 1.517647e+00
1.548781e+00 1.532383e+00 1.516021e+00 1.503242e+00 1.490485e+00 1.474050e+00 1.440831e+00 1.424364e+00 1.411089e+00 1.403755e+00 1.318320e+00 1.316373e+00 1.315493e+00 1.316073e+00 1.394792e+00 1.349516e+00 2.737317e+00 1.420342e+00 1.191363e+00 1.189754e+00 1.204219e+00 0.000000e+00 0.000000e+00 0.000000e+00 2.545419e+00 2.424095e+00 1.631266e+00 0.000000e+00 0.000000e+00 9.638730e-01 9.792479e-01 1.151671e+00 8.167480e-01 1.055629e+00 1.357991e+00 1.410627e+00 1.385077e+00 8.239924e-01 8.217610e-01 8.211935e-01 8.244885e-01 8.305390e-01 8.386785e-01 8.494186e-01 8.554700e-01 8.567647e-01 8.606665e-01 8.675299e-01 1.435222e+00 1.535555e+00 1.413208e+00 1.536013e+00
1.555839e+00 1.542844e+00 1.530986e+00 1.522469e+00 1.512794e+00 1.469950e+00 1.451216e+00 1.434752e+00 1.422939e+00 1.297425e+00 1.290442e+00 1.285448e+00 1.281981e+00 1.386928e+00 1.313069e+00 2.715423e+00 1.401062e+00 1.315244e+00 1.278775e+00 1.286741e+00 1.201569e+00 1.135101e+00 1.175321e+00 0.000000e+00 0.000000e+00 0.000000e+00 2.469525e+00 0.000000e+00 8.408780e-01 1.108042e+00 1.102681e+00 1.094416e+00 9.598755e-01 1.143154e+00 1.398268e+00 1.440629e+00 1.417053e+00 8.217868e-01 8.197742e-01 8.179578e-01 8.206528e-01 8.274884e-01 8.360446e-01 8.471556e-01 8.542348e-01 8.557705e-01 8.576314e-01 1.006850e+00 1.448086e+00 1.525105e+00 1.439705e+00 1.537770e+00
1.564717e+00 1.556729e+00 1.549117e+00 1.543155e+00 1.491911e+00 1.476385e+00 1.459015e+00 1.447273e+00 1.280517e+00 1.269829e+00 1.259368e+00 1.252600e+00 1.393594e+00 1.287432e+00 2.705288e+00 1.406757e+00 1.278868e+00 1.224601e+00 1.220223e+00 1.340273e+00 1.224071e+00 1.071690e+00 1.085458e+00 1.133466e+00 1.157560e+00 0.000000e+00 0.000000e+00 0.000000e+00 2.314991e+00 1.006634e+00 1.311984e+00 1.207655e+00 1.089220e+00 1.233598e+00 1.438202e+00 1.464229e+00 1.440925e+00 8.186892e-01 8.180694e-01 8.159450e-01 8.170519e-01 8.233799e-01 8.327709e-01 8.449541e-01 8.531378e-01 8.561820e-01 8.583305e-01 1.114817e+00 1.458280e+00 1.512312e+00 1.458203e+00 1.527720e+00
1.572333e+00 1.568896e+00 1.564118e+00 1.496413e+00 1.486674e+00 1.471434e+00 1.457959e+00 1.245873e+00 1.242036e+00 1.231480e+00 1.221436e+00 1.405172e+00 1.263854e+00 2.700790e+00 1.428545e+00 1.249435e+00 1.183791e+00 1.174475e+00 1.318854e+00 1.163929e+00 1.164457e+00 1.166192e+00 1.026233e+00 1.046944e+00 1.086541e+00 1.386381e+00 0.000000e+00 0.000000e+00 0.000000e+00 0.000000e+00 1.855981e+00 1.323091e+00 1.072585e+00 1.309311e+00 1.471696e+00 1.484375e+00 1.461112e+00 8.161777e-01 8.149108e-01 8.136932e-01 8.142879e-01 8.188749e-01 8.272169e-01 8.390499e-01 8.477033e-01 8.524460e-01 8.559420e-01 1.200968e+00 1.466737e+00 1.499454e+00 1.465270e+00 1.507824e+00
1.578517e+00 1.578614e+00 1.491333e+00 1.482902e+00 1.470355e+00 1.456587e+00 1.184058e+00 1.185867e+00 1.185030e+00 1.179845e+00 1.415080e+00 1.234110e+00 2.695478e+00 1.460777e+00 1.216680e+00 1.141082e+00 1.133040e+00 1.307754e+00 1.111950e+00 1.108535e+00 1.105926e+00 1.100743e+00 1.102649e+00 9.875322e-01 1.001076e+00 0.000000e+00 0.000000e+00 8.861292e-01 9.911181e-01 0.000000e+00 0.000000e+00 0.000000e+00 1.166897e+00 1.186687e+00 1.494266e+00 1.502205e+00 1.480225e+00 8.152025e-01 8.116894e-01 8.110906e-01 8.118394e-01 8.148465e-01 8.208772e-01 8.303508e-01 8.384295e-01 8.444950e-01 8.501428e-01 1.269808e+00 1.474807e+00 1.489517e+00 1.462347e+00 1.482372e+00
