tests/data/reference/test_implicit_stream_rill_mfda/control/cinfil_m3.asc
ncols	123
nrows	77
xllcorner	-713746.79929998
yllcorner	-1061022.36961616
cellsize	10.0
NODATA_value	-9999
[rows 46 to 68 of 77, columns 0 to 51 of 123]
-9.999000e+03 -9.999000e+03 -9.999000e+03 -9.999000e+03 -9.999000e+03 -9.999000e+03 0.000000e+00 2.228808e+00 1.336436e+00 1.325138e+00 1.013762e+00 1.173465e+00 1.380113e+00 1.445757e+00 1.530249e+00 1.919921e+00 1.464729e+00 1.522913e+00 1.557733e+00 1.563121e+00 1.558328e+00 1.088982e+00 1.087928e+00 1.093832e+00 1.213712e+00 1.298613e+00 1.373519e+00 1.447035e+00 1.507305e+00 1.552060e+00 1.587384e+00 2.627844e+00 2.686170e+00 1.640837e+00 1.638615e+00 1.629448e+00 1.616730e+00 1.602764e+00 1.589330e+00 1.576519e+00 1.578865e+00 1.571195e+00 1.575353e+00 1.574317e+00 1.579116e+00 1.589599e+00 1.601016e+00 1.612635e+00 1.628231e+00 1.656091e+00 1.672514e+00 1.682022e+00
-9.999000e+03 -9.999000e+03 -9.999000e+03 -9.999000e+03 -9.999000e+03 -9.999000e+03 2.405929e+00 1.769183e+00 1.183927e+00 1.168934e+00 9.907325e-01 1.278056e+00 1.357641e+00 1.475073e+00 1.906257e+00 1.368316e+00 1.458161e+00 1.526728e+00 1.562154e+00 1.565303e+00 9.425764e-01 9.328682e-01 9.280970e-01 9.284940e-01 1.085226e+00 1.195214e+00 1.289340e+00 2.374359e+00 2.444534e+00 2.503310e+00 2.562220e+00 1.598681e+00 1.605676e+00 1.611483e+00 1.608869e+00 1.603295e+00 1.594772e+00 1.583149e+00 1.570603e+00 1.576211e+00 1.559874e+00 1.562390e+00 1.558151e+00 1.558847e+00 1.563350e+00 1.572196e+00 1.581859e+00 1.591694e+00 1.614708e+00 1.628924e+00 1.648921e+00 1.654907e+00
-9.999000e+03 -9.999000e+03 -9.999000e+03 -9.999000e+03 -9.999000e+03 0.000000e+00 1.822153e+00 1.636238e+00 1.002664e+00 9.976646e-01 1.166561e+00 1.281392e+00 1.448601e+00 1.885610e+00 1.257331e+00 1.358096e+00 1.443455e+00 1.511226e+00 1.547717e+00 1.552390e+00 1.694968e+00 1.808702e+00 1.906599e+00 2.046940e+00 2.143612e+00 2.223307e+00 2.296396e+00 1.502700e+00 1.518374e+00 1.534474e+00 1.545223e+00 1.558861e+00 1.574875e+00 1.579504e+00 1.579899e+00 1.577745e+00 1.571312e+00 1.559443e+00 1.573580e+00 1.552050e+00 1.556940e+00 1.548727e+00 1.547285e+00 1.547802e+00 1.550401e+00 1.555174e+00 1.562455e+00 1.589013e+00 1.594138e+00 1.608588e+00 1.611352e+00 1.395455e+00
-9.999000e+03 -9.999000e+03 -9.999000e+03 -9.999000e+03 0.000000e+00 1.961611e+00 1.311596e+00 1.485061e+00 1.018571e+00 1.030193e+00 1.197000e+00 1.443077e+00 1.860620e+00 1.147193e+00 1.265221e+00 1.354163e+00 1.425586e+00 1.489644e+00 1.526459e+00 1.518129e+00 1.498459e+00 1.479264e+00 1.795268e+00 1.282783e+00 1.348463e+00 1.400039e+00 1.432453e+00 1.448588e+00 1.474889e+00 1.487149e+00 1.499964e+00 1.526083e+00 1.539985e+00 1.547339e+00 1.550354e+00 1.549530e+00 1.543036e+00 1.568674e+00 1.539083e+00 1.549616e+00 1.539193e+00 1.538154e+00 1.538112e+00 1.537928e+00 1.537223e+00 1.538025e+00 1.568143e+00 1.567608e+00 1.579872e+00 1.570556e+00 1.300715e+00 1.314197e+00
-9.999000e+03 -9.999000e+03 -9.999000e+03 -9.999000e+03 0.000000e+00 1.508395e+00 1.181518e+00 1.309114e+00 1.226344e+00 1.052396e+00 1.417948e+00 1.813738e+00 1.005039e+00 1.158167e+00 1.267461e+00 1.344749e+00 1.410224e+00 1.474804e+00 1.489324e+00 1.471580e+00 1.446453e+00 1.745545e+00 1.186307e+00 1.260527e+00 1.318735e+00 1.358203e+00 1.372056e+00 1.400354e+00 1.414492e+00 1.429845e+00 1.459947e+00 1.476837e+00 1.489658e+00 1.499230e+00 1.504501e+00 1.505112e+00 1.554815e+00 1.519505e+00 1.537808e+00 1.522103e+00 1.521678e+00 1.524089e+00 1.525350e+00 1.523642e+00 1.521151e+00 1.557049e+00 1.543399e+00 1.553614e+00 1.537861e+00 1.207165e+00 1.212650e+00 1.225364e+00
-9.999000e+03 -9.999000e+03 -9.999000e+03 0.000000e+00 2.028877e+00 1.419958e+00 1.038545e+00 1.237174e+00 1.068317e+00 1.359640e+00 1.691530e+00 1.465246e+00 1.022367e+00 1.169548e+00 1.266046e+00 1.336959e+00 1.401445e+00 1.431252e+00 1.434502e+00 1.413865e+00 1.682635e+00 1.070260e+00 1.170466e+00 1.240945e+00 1.283625e+00 1.295104e+00 1.329919e+00 1.339070e+00 1.351588e+00 1.390797e+00 1.409286e+00 1.422069e+00 1.432626e+00 1.440832e+00 1.445597e+00 1.522264e+00 1.481978e+00 1.518862e+00 1.499626e+00 1.497350e+00 1.498699e+00 1.503126e+00 1.504202e+00 1.502577e+00 1.552542e+00 1.525626e+00 1.529458e+00 1.503785e+00 1.112100e+00 1.112097e+00 1.116097e+00 1.126478e+00
-9.999000e+03 -9.999000e+03 -9.999000e+03 0.000000e+00 1.540999e+00 1.243982e+00 1.082236e+00 1.115177e+00 1.290871e+00 1.283860e+00 1.614508e+00 1.440860e+00 1.048495e+00 1.184625e+00 1.269880e+00 1.340699e+00 1.354024e+00 1.365006e+00 1.368190e+00 1.615729e+00 9.401377e-01 1.079500e+00 1.176129e+00 1.229890e+00 1.229901e+00 1.272336e+00 1.279083e+00 1.286023e+00 1.330511e+00 1.350080e+00 1.364216e+00 1.375011e+00 1.381692e+00 1.383881e+00 1.488441e+00 1.427634e+00 1.484232e+00 1.462930e+00 1.467155e+00 1.465934e+00 1.465774e+00 1.468179e+00 1.469595e+00 1.541933e+00 1.505034e+00 1.507810e+00 1.470538e+00 1.001086e+00 1.001074e+00 1.002272e+00 1.005784e+00 2.041012e+00
-9.999000e+03 -9.999000e+03 0.000000e+00 1.212648e+00 1.270732e+00 1.262647e+00 1.153236e+00 1.181486e+00 1.158634e+00 1.195570e+00 1.621548e+00 1.421217e+00 1.093109e+00 1.207266e+00 1.286499e+00 1.284045e+00 1.277416e+00 1.276318e+00 1.421256e+00 1.406853e+00 9.783920e-01 1.117283e+00 1.194008e+00 1.181289e+00 1.230869e+00 1.228060e+00 1.229376e+00 1.282130e+00 1.294577e+00 1.306547e+00 1.318727e+00 1.327288e+00 1.328417e+00 1.466911e+00 1.375331e+00 1.450910e+00 1.409768e+00 1.419794e+00 1.428075e+00 1.426221e+00 1.421189e+00 1.420150e+00 1.519114e+00 1.468422e+00 1.475754e+00 1.432385e+00 8.652562e-01 8.605504e-01 8.598445e-01 8.627067e-01 1.959725e+00 1.478159e+00
-9.999000e+03 -9.999000e+03 3.283066e+00 1.307990e+00 1.085431e+00 1.148013e+00 1.211673e+00 1.151264e+00 1.377487e+00 1.773545e+00 1.183153e+00 1.353497e+00 1.138668e+00 1.237346e+00 1.205704e+00 1.195833e+00 1.180548e+00 1.171706e+00 1.193605e+00 1.337159e+00 1.035267e+00 1.164963e+00 1.133031e+00 1.208857e+00 1.192314e+00 1.177608e+00 1.242665e+00 1.243484e+00 1.243442e+00 1.249470e+00 1.258258e+00 1.264824e+00 1.455497e+00 1.328256e+00 1.434279e+00 1.364619e+00 1.366646e+00 1.375639e+00 1.381438e+00 1.376613e+00 1.369019e+00 1.495288e+00 1.417332e+00 1.425214e+00 1.376455e+00 1.372057e+00 1.426310e+00 1.470907e+00 1.756858e+00 1.870005e+00 1.423585e+00 1.425672e+00
-9.999000e+03 0.000000e+00 3.112854e+00 1.395410e+00 1.103711e+00 1.269580e+00 1.135063e+00 1.136297e+00 -9.999000e+03 -9.999000e+03 -9.999000e+03 1.187391e+00 1.161493e+00 1.085949e+00 1.057911e+00 1.056394e+00 1.044139e+00 1.024039e+00 1.044938e+00 1.131271e+00 1.155075e+00 1.074301e+00 1.193125e+00 1.167518e+00 1.137994e+00 1.218855e+00 1.200212e+00 1.184239e+00 1.176049e+00 1.175420e+00 1.179130e+00 1.440606e+00 1.275678e+00 1.426247e+00 1.322969e+00 1.318444e+00 1.319830e+00 1.324534e+00 1.322998e+00 1.314851e+00 1.477579e+00 1.364236e+00 1.366418e+00 1.307161e+00 1.305650e+00 1.467266e+00 1.554516e+00 1.646091e+00 1.554308e+00 1.360176e+00 1.362641e+00 1.359797e+00
-9.999000e+03 0.000000e+00 1.550381e+00 1.105394e+00 1.165623e+00 1.157667e+00 -9.999000e+03 -9.999000e+03 -9.999000e+03 -9.999000e+03 -9.999000e+03 -9.999000e+03 1.141417e+00 1.099590e+00 1.270145e+00 1.388776e+00 1.056460e+00 1.221088e+00 1.377302e+00 1.614666e+00 1.193130e+00 1.184727e+00 1.118523e+00 1.057559e+00 1.194223e+00 1.155580e+00 1.123186e+00 1.099284e+00 1.085928e+00 1.080010e+00 1.420529e+00 1.201927e+00 1.418713e+00 1.272881e+00 1.262838e+00 1.257088e+00 1.256201e+00 1.257442e+00 1.251598e+00 1.459887e+00 1.304926e+00 1.302611e+00 1.227613e+00 1.228237e+00 1.424778e+00 1.295829e+00 1.289072e+00 1.536386e+00 1.286060e+00 1.290749e+00 1.290051e+00 1.497212e+00
0.000000e+00 2.044619e+00 1.281523e+00 1.161357e+00 1.287091e+00 1.100062e+00 -9.999000e+03 -9.999000e+03 -9.999000e+03 -9.999000e+03 -9.999000e+03 -9.999000e+03 -9.999000e+03 -9.999000e+03 -9.999000e+03 1.049919e+00 1.434786e+00 1.032079e+00 1.049572e+00 1.078275e+00 1.661636e+00 -9.999000e+03 -9.999000e+03 1.118695e+00 1.056180e+00 1.024541e+00 9.941771e-01 9.673853e-01 9.548985e-01 1.407996e+00 1.108772e+00 1.406667e+00 1.213396e+00 1.196896e+00 1.183991e+00 1.175847e+00 1.171639e+00 1.172233e+00 1.445430e+00 1.240788e+00 1.229560e+00 1.135226e+00 1.135656e+00 1.373798e+00 1.225869e+00 1.217171e+00 1.519657e+00 1.206238e+00 1.206639e+00 1.210798e+00 1.464644e+00 1.273204e+00
0.000000e+00 1.175440e+00 1.194049e+00 1.195157e+00 1.094852e+00 -9.999000e+03 -9.999000e+03 -9.999000e+03 -9.999000e+03 -9.999000e+03 -9.999000e+03 -9.999000e+03 -9.999000e+03 -9.999000e+03 -9.999000e+03 -9.999000e+03 -9.999000e+03 -9.999000e+03 -9.999000e+03 -9.999000e+03 -9.999000e+03 -9.999000e+03 -9.999000e+03 1.136131e+00 1.070379e+00 1.049057e+00 1.201570e+00 1.292763e+00 1.375648e+00 9.915590e-01 1.395964e+00 1.141265e+00 1.122934e+00 1.097500e+00 1.081209e+00 1.072220e+00 1.066634e+00 1.421702e+00 1.173421e+00 1.152732e+00 1.025021e+00 1.024245e+00 1.312187e+00 1.140849e+00 1.138269e+00 1.506945e+00 1.124632e+00 1.120620e+00 1.120698e+00 1.430172e+00 1.212854e+00 1.577222e+00
-9.999000e+03 1.082466e+00 1.099706e+00 1.050129e+00 -9.999000e+03 -9.999000e+03 -9.999000e+03 -9.999000e+03 -9.999000e+03 -9.999000e+03 -9.999000e+03 -9.999000e+03 -9.999000e+03 -9.999000e+03 -9.999000e+03 -9.999000e+03 -9.999000e+03 -9.999000e+03 -9.999000e+03 -9.999000e+03 -9.999000e+03 -9.999000e+03 -9.999000e+03 -9.999000e+03 -9.999000e+03 -9.999000e+03 1.024087e+00 1.001601e+00 1.182330e+00 1.353387e+00 1.041528e+00 1.019677e+00 9.867343e-01 9.508706e-01 9.358949e-01 9.323856e-01 1.386685e+00 1.078799e+00 1.064591e+00 8.890893e-01 8.804847e-01 1.240939e+00 1.029961e+00 1.031520e+00 1.486455e+00 1.027643e+00 1.024749e+00 1.022175e+00 1.385107e+00 1.139539e+00 1.600160e+00 9.900350e-01
-9.999000e+03 -9.999000e+03 -9.999000e+03 -9.999000e+03 -9.999000e+03 -9.999000e+03 -9.999000e+03 -9.999000e+03 -9.999000e+03 -9.999000e+03 -9.999000e+03 -9.999000e+03 -9.999000e+03 -9.999000e+03 -9.999000e+03 -9.999000e+03 -9.999000e+03 -9.999000e+03 -9.999000e+03 -9.999000e+03 -9.999000e+03 -9.999000e+03 -9.999000e+03 -9.999000e+03 -9.999000e+03 -9.999000e+03 -9.999000e+03 -9.999000e+03 1.013891e+00 1.241734e+00 1.067792e+00 1.045483e+00 1.004142e+00 1.130217e+00 1.235682e+00 1.340705e+00 9.495777e-01 9.312908e-01 9.150918e-01 1.054647e+00 1.160435e+00 8.880318e-01 8.854961e-01 1.449326e+00 8.835034e-01 8.831661e-01 8.844085e-01 1.331110e+00 1.035888e+00 1.606907e+00 8.710919e-01 8.504259e-01
-9.999000e+03 -9.999000e+03 -9.999000e+03 -9.999000e+03 -9.999000e+03 -9.999000e+03 -9.999000e+03 -9.999000e+03 -9.999000e+03 -9.999000e+03 -9.999000e+03 -9.999000e+03 -9.999000e+03 -9.999000e+03 -9.999000e+03 -9.999000e+03 -9.999000e+03 -9.999000e+03 -9.999000e+03 -9.999000e+03 -9.999000e+03 -9.999000e+03 -9.999000e+03 -9.999000e+03 -9.999000e+03 -9.999000e+03 -9.999000e+03 -9.999000e+03 -9.999000e+03 1.054492e+00 1.375969e+00 1.201888e+00 1.160042e+00 9.503806e-01 9.436171e-01 9.608916e-01 9.597602e-01 9.379317e-01 1.082754e+00 1.188070e+00 1.274687e+00 1.349737e+00 1.408501e+00 8.875809e-01 1.035181e+00 1.150721e+00 1.251421e+00 8.975148e-01 1.600817e+00 8.834088e-01 1.020105e+00 1.114759e+00
-9.999000e+03 -9.999000e+03 -9.999000e+03 -9.999000e+03 -9.999000e+03 -9.999000e+03 -9.999000e+03 -9.999000e+03 -9.999000e+03 -9.999000e+03 -9.999000e+03 -9.999000e+03 -9.999000e+03 -9.999000e+03 -9.999000e+03 -9.999000e+03 -9.999000e+03 -9.999000e+03 -9.999000e+03 -9.999000e+03 -9.999000e+03 -9.999000e+03 -9.999000e+03 -9.999000e+03 -9.999000e+03 -9.999000e+03 -9.999000e+03 -9.999000e+03 -9.999000e+03 -9.999000e+03 1.189331e+00 -9.999000e+03 -9.999000e+03 -9.999000e+03 -9.999000e+03 -9.999000e+03 -9.999000e+03 -9.999000e+03 9.233214e-01 1.076376e+00 1.194368e+00 1.294880e+00 1.368836e+00 1.418258e+00 1.459440e+00 1.497227e+00 1.536747e+00 1.583411e+00 9.041491e-01 1.034454e+00 1.132648e+00 1.214862e+00
-9.999000e+03 -9.999000e+03 -9.999000e+03 -9.999000e+03 -9.999000e+03 -9.999000e+03 -9.999000e+03 -9.999000e+03 -9.999000e+03 -9.999000e+03 -9.999000e+03 -9.999000e+03 -9.999000e+03 -9.999000e+03 -9.999000e+03 -9.999000e+03 -9.999000e+03 -9.999000e+03 -9.999000e+03 -9.999000e+03 -9.999000e+03 -9.999000e+03 -9.999000e+03 -9.999000e+03 -9.999000e+03 -9.999000e+03 -9.999000e+03 -9.999000e+03 -9.999000e+03 -9.999000e+03 -9.999000e+03 -9.999000e+03 -9.999000e+03 -9.999000e+03 -9.999000e+03 -9.999000e+03 -9.999000e+03 -9.999000e+03 -9.999000e+03 -9.999000e+03 -9.999000e+03 9.219491e-01 9.155040e-01 8.987156e-01 1.044368e+00 1.160890e+00 1.265766e+00 1.369185e+00 1.438117e+00 1.468512e+00 1.494162e+00 1.522635e+00
-9.999000e+03 -9.999000e+03 -9.999000e+03 -9.999000e+03 -9.999000e+03 -9.999000e+03 -9.999000e+03 -9.999000e+03 -9.999000e+03 -9.999000e+03 -9.999000e+03 -9.999000e+03 -9.999000e+03 -9.999000e+03 -9.999000e+03 -9.999000e+03 -9.999000e+03 -9.999000e+03 -9.999000e+03 -9.999000e+03 -9.999000e+03 -9.999000e+03 -9.999000e+03 -9.999000e+03 -9.999000e+03 -9.999000e+03 -9.999000e+03 -9.999000e+03 -9.999000e+03 -9.999000e+03 -9.999000e+03 -9.999000e+03 -9.999000e+03 -9.999000e+03 -9.999000e+03 -9.999000e+03 -9.999000e+03 -9.999000e+03 -9.999000e+03 -9.999000e+03 -9.999000e+03 -9.999000e+03 -9.999000e+03 -9.999000e+03 8.877180e-01 8.916093e-01 1.053514e+00 1.187585e+00 9.035480e-01 1.030456e+00 1.137244e+00 1.246101e+00
-9.999000e+03 -9.999000e+03 -9.999000e+03 -9.999000e+03 -9.999000e+03 -9.999000e+03 -9.999000e+03 -9.999000e+03 -9.999000e+03 -9.999000e+03 -9.999000e+03 -9.999000e+03 -9.999000e+03 -9.999000e+03 -9.999000e+03 -9.999000e+03 -9.999000e+03 -9.999000e+03 -9.999000e+03 -9.999000e+03 -9.999000e+03 -9.999000e+03 -9.999000e+03 -9.999000e+03 -9.999000e+03 -9.999000e+03 -9.999000e+03 -9.999000e+03 -9.999000e+03 -9.999000e+03 -9.999000e+03 -9.999000e+03 -9.999000e+03 -9.999000e+03 -9.999000e+03 -9.999000e+03 -9.999000e+03 -9.999000e+03 -9.999000e+03 -9.999000e+03 -9.999000e+03 -9.999000e+03 -9.999000e+03 -9.999000e+03 -9.999000e+03 -9.999000e+03 -9.999000e+03 -9.999000e+03 -9.999000e+03 -9.999000e+03 8.781790e-01 1.056496e+00
-9.999000e+03 -9.999000e+03 -9.999000e+03 -9.999000e+03 -9.999000e+03 -9.999000e+03 -9.999000e+03 -9.999000e+03 -9.999000e+03 -9.999000e+03 -9.999000e+03 -9.999000e+03 -9.999000e+03 -9.999000e+03 -9.999000e+03 -9.999000e+03 -9.999000e+03 -9.999000e+03 -9.999000e+03 -9.999000e+03 -9.999000e+03 -9.999000e+03 -9.999000e+03 -9.999000e+03 -9.999000e+03 -9.999000e+03 -9.999000e+03 -9.999000e+03 -9.999000e+03 -9.999000e+03 -9.999000e+03 -9.999000e+03 -9.999000e+03 -9.999000e+03 -9.999000e+03 -9.999000e+03 -9.999000e+03 -9.999000e+03 -9.999000e+03 -9.999000e+03 -9.999000e+03 -9.999000e+03 -9.999000e+03 -9.999000e+03 -9.999000e+03 -9.999000e+03 -9.999000e+03 -9.999000e+03 -9.999000e+03 -9.999000e+03 -9.999000e+03 9.126248e-01
-9.999000e+03 -9.999000e+03 -9.999000e+03 -9.999000e+03 -9.999000e+03 -9.999000e+03 -9.999000e+03 -9.999000e+03 -9.999000e+03 -9.999000e+03 -9.999000e+03 -9.999000e+03 -9.999000e+03 -9.999000e+03 -9.999000e+03 -9.999000e+03 -9.999000e+03 -9.999000e+03 -9.999000e+03 -9.999000e+03 -9.999000e+03 -9.999000e+03 -9.999000e+03 -9.999000e+03 -9.999000e+03 -9.999000e+03 -9.999000e+03 -9.999000e+03 -9.999000e+03 -9.999000e+03 -9.999000e+03 -9.999000e+03 -9.999000e+03 -9.999000e+03 -9.999000e+03 -9.999000e+03 -9.999000e+03 -9.999000e+03 -9.999000e+03 -9.999000e+03 -9.999000e+03 -9.999000e+03 -9.999000e+03 -9.999000e+03 -9.999000e+03 -9.999000e+03 -9.999000e+03 -9.999000e+03 -9.999000e+03 -9.999000e+03 -9.999000e+03 -9.999000e+03
-9.999000e+03 -9.999000e+03 -9.999000e+03 -9.999000e+03 -9.999000e+03 -9.999000e+03 -9.999000e+03 -9.999000e+03 -9.999000e+03 -9.999000e+03 -9.999000e+03 -9.999000e+03 -9.999000e+03 -9.999000e+03 -9.999000e+03 -9.999000e+03 -9.999000e+03 -9.999000e+03 -9.999000e+03 -9.999000e+03 -9.999000e+03 -9.999000e+03 -9.999000e+03 -9.999000e+03 -9.999000e+03 -9.999000e+03 -9.999000e+03 -9.999000e+03 -9.999000e+03 -9.999000e+03 -9.999000e+03 -9.999000e+03 -9.999000e+03 -9.999000e+03 -9.999000e+03 -9.999000e+03 -9.999000e+03 -9.999000e+03 -9.999000e+03 -9.999000e+03 -9.999000e+03 -9.999000e+03 -9.999000e+03 -9.999000e+03 -9.999000e+03 -9.999000e+03 -9.999000e+03 -9.999000e+03 -9.999000e+03 -9.999000e+03 -9.999000e+03 -9.999000e+03
