tests/data/reference/test_implicit_stream_rill_mfda/control/cinfil_m3.asc
ncols	123
nrows	77
xllcorner	-713746.79929998
yllcorner	-1061022.36961616
cellsize	10.0
NODATA_value	-9999
[rows 46 to 68 of 77, columns 0 to 51 of 123]
-9.999000e+03 -9.999000e+03 -9.999000e+03 -9.999000e+03 -9.999000e+03 -9.999000e+03 0.000000e+00 2.242739e+00 1.346818e+00 1.335757e+00 1.024908e+00 1.186014e+00 1.390064e+00 1.455047e+00 1.539797e+00 1.926087e+00 1.473517e+00 1.530877e+00 1.565839e+00 1.570823e+00 1.566237e+00 1.101129e+00 1.100191e+00 1.105933e+00 1.225255e+00 1.309160e+00 1.383127e+00 1.455695e+00 1.515099e+00 1.559995e+00 1.595157e+00 2.652295e+00 2.712364e+00 1.648856e+00 1.646797e+00 1.637309e+00 1.625029e+00 1.610111e+00 1.596791e+00 1.583736e+00 1.587716e+00 1.579350e+00 1.584401e+00 1.583087e+00 1.588467e+00 1.599069e+00 1.610563e+00 1.623013e+00 1.638083e+00 1.667052e+00 1.687735e+00 1.691477e+00
-9.999000e+03 -9.999000e+03 -9.999000e+03 -9.999000e+03 -9.999000e+03 -9.999000e+03 2.424167e+00 1.781035e+00 1.196228e+00 1.181524e+00 1.002279e+00 1.288956e+00 1.367123e+00 1.484166e+00 1.913705e+00 1.378112e+00 1.467301e+00 1.535044e+00 1.570738e+00 1.573458e+00 9.549844e-01 9.452081e-01 9.404968e-01 9.408882e-01 1.097641e+00 1.207568e+00 1.300316e+00 2.391261e+00 2.461644e+00 2.520046e+00 2.582115e+00 1.607249e+00 1.614010e+00 1.620567e+00 1.617541e+00 1.610992e+00 1.602201e+00 1.590750e+00 1.577677e+00 1.584904e+00 1.567641e+00 1.571128e+00 1.566392e+00 1.567161e+00 1.571725e+00 1.580605e+00 1.590828e+00 1.600428e+00 1.625857e+00 1.638515e+00 1.658641e+00 1.663878e+00
-9.999000e+03 -9.999000e+03 -9.999000e+03 -9.999000e+03 -9.999000e+03 0.000000e+00 1.830187e+00 1.649036e+00 1.014037e+00 1.009145e+00 1.178980e+00 1.292007e+00 1.457435e+00 1.895382e+00 1.268499e+00 1.367787e+00 1.452826e+00 1.520007e+00 1.556946e+00 1.561137e+00 1.707578e+00 1.821906e+00 1.921267e+00 2.061220e+00 2.158474e+00 2.238718e+00 2.314294e+00 1.511949e+00 1.527241e+00 1.543437e+00 1.554740e+00 1.567857e+00 1.583699e+00 1.588082e+00 1.588100e+00 1.585426e+00 1.578792e+00 1.566870e+00 1.582604e+00 1.559921e+00 1.565864e+00 1.556865e+00 1.555376e+00 1.555871e+00 1.558412e+00 1.563091e+00 1.570238e+00 1.598800e+00 1.602580e+00 1.617757e+00 1.620181e+00 1.405573e+00
-9.999000e+03 -9.999000e+03 -9.999000e+03 -9.999000e+03 0.000000e+00 1.970820e+00 1.322256e+00 1.496577e+00 1.029629e+00 1.041493e+00 1.208818e+00 1.452236e+00 1.872388e+00 1.159934e+00 1.276275e+00 1.363900e+00 1.435054e+00 1.498815e+00 1.535005e+00 1.526082e+00 1.506399e+00 1.487466e+00 1.803291e+00 1.294041e+00 1.358690e+00 1.410318e+00 1.442691e+00 1.458331e+00 1.484643e+00 1.496828e+00 1.509177e+00 1.535240e+00 1.549728e+00 1.556506e+00 1.559084e+00 1.557986e+00 1.551413e+00 1.578262e+00 1.547062e+00 1.559055e+00 1.547335e+00 1.545595e+00 1.545338e+00 1.544996e+00 1.544180e+00 1.544887e+00 1.577339e+00 1.575170e+00 1.587341e+00 1.577587e+00 1.311952e+00 1.325500e+00
-9.999000e+03 -9.999000e+03 -9.999000e+03 -9.999000e+03 0.000000e+00 1.517607e+00 1.193614e+00 1.319301e+00 1.237906e+00 1.062339e+00 1.427392e+00 1.826784e+00 1.016361e+00 1.170554e+00 1.278344e+00 1.354689e+00 1.420012e+00 1.483985e+00 1.498025e+00 1.479548e+00 1.454842e+00 1.756134e+00 1.198898e+00 1.271972e+00 1.329424e+00 1.368632e+00 1.382625e+00 1.411046e+00 1.424860e+00 1.439922e+00 1.469818e+00 1.486164e+00 1.498612e+00 1.507723e+00 1.512714e+00 1.513211e+00 1.565005e+00 1.527552e+00 1.548015e+00 1.530017e+00 1.529277e+00 1.531411e+00 1.532491e+00 1.530715e+00 1.528150e+00 1.566424e+00 1.551057e+00 1.560860e+00 1.544283e+00 1.219471e+00 1.224718e+00 1.238116e+00
-9.999000e+03 -9.999000e+03 -9.999000e+03 0.000000e+00 2.038063e+00 1.431229e+00 1.050147e+00 1.248111e+00 1.081544e+00 1.369149e+00 1.704229e+00 1.474212e+00 1.033358e+00 1.181784e+00 1.276873e+00 1.346983e+00 1.411307e+00 1.440666e+00 1.443706e+00 1.422827e+00 1.693023e+00 1.084289e+00 1.183019e+00 1.251952e+00 1.294647e+00 1.305898e+00 1.340626e+00 1.349573e+00 1.361762e+00 1.401119e+00 1.419198e+00 1.431457e+00 1.441660e+00 1.449667e+00 1.454290e+00 1.531752e+00 1.490530e+00 1.528650e+00 1.508161e+00 1.505459e+00 1.506417e+00 1.510675e+00 1.511756e+00 1.510134e+00 1.562266e+00 1.532617e+00 1.535991e+00 1.510448e+00 1.125769e+00 1.125788e+00 1.129798e+00 1.140188e+00
-9.999000e+03 -9.999000e+03 -9.999000e+03 0.000000e+00 1.552854e+00 1.254639e+00 1.092695e+00 1.126962e+00 1.301360e+00 1.294490e+00 1.625686e+00 1.450038e+00 1.059020e+00 1.196403e+00 1.280487e+00 1.350557e+00 1.363594e+00 1.374586e+00 1.377810e+00 1.630030e+00 9.525839e-01 1.090662e+00 1.188150e+00 1.241175e+00 1.241201e+00 1.283197e+00 1.290007e+00 1.296803e+00 1.340903e+00 1.360056e+00 1.373857e+00 1.384702e+00 1.391100e+00 1.393148e+00 1.497839e+00 1.436441e+00 1.494203e+00 1.471792e+00 1.475587e+00 1.473893e+00 1.473454e+00 1.475853e+00 1.477377e+00 1.552021e+00 1.512771e+00 1.515103e+00 1.477604e+00 1.014098e+00 1.014162e+00 1.015351e+00 1.018765e+00 2.058113e+00
-9.999000e+03 -9.999000e+03 0.000000e+00 1.221803e+00 1.281355e+00 1.273314e+00 1.165083e+00 1.193033e+00 1.170407e+00 1.206910e+00 1.631838e+00 1.430561e+00 1.103955e+00 1.218326e+00 1.296865e+00 1.294626e+00 1.288004e+00 1.287071e+00 1.433643e+00 1.416549e+00 9.901616e-01 1.129513e+00 1.205600e+00 1.193134e+00 1.241963e+00 1.239256e+00 1.240683e+00 1.292836e+00 1.305045e+00 1.317016e+00 1.329120e+00 1.337434e+00 1.338399e+00 1.475694e+00 1.384590e+00 1.460371e+00 1.419007e+00 1.428937e+00 1.436935e+00 1.434718e+00 1.429604e+00 1.428750e+00 1.528145e+00 1.476511e+00 1.483699e+00 1.440973e+00 8.788048e-01 8.745076e-01 8.738636e-01 8.764760e-01 1.976798e+00 1.486090e+00
-9.999000e+03 -9.999000e+03 3.322881e+00 1.316759e+00 1.096582e+00 1.160014e+00 1.222333e+00 1.163168e+00 1.387550e+00 1.784211e+00 1.194674e+00 1.363286e+00 1.149934e+00 1.248163e+00 1.217012e+00 1.207641e+00 1.192560e+00 1.183921e+00 1.205621e+00 1.348546e+00 1.046750e+00 1.176817e+00 1.144823e+00 1.219754e+00 1.203762e+00 1.189383e+00 1.253071e+00 1.253988e+00 1.254239e+00 1.260659e+00 1.269619e+00 1.276043e+00 1.464222e+00 1.338010e+00 1.443531e+00 1.373781e+00 1.375864e+00 1.385188e+00 1.390832e+00 1.385895e+00 1.377985e+00 1.503944e+00 1.426300e+00 1.434145e+00 1.386208e+00 1.381679e+00 1.434784e+00 1.478075e+00 1.772405e+00 1.886661e+00 1.432648e+00 1.434648e+00
-9.999000e+03 0.000000e+00 3.248228e+00 1.404995e+00 1.114428e+00 1.280020e+00 1.146503e+00 1.147677e+00 -9.999000e+03 -9.999000e+03 -9.999000e+03 1.198845e+00 1.173287e+00 1.097080e+00 1.069872e+00 1.068173e+00 1.055272e+00 1.035023e+00 1.055959e+00 1.142895e+00 1.166868e+00 1.086338e+00 1.204522e+00 1.179511e+00 1.149657e+00 1.229552e+00 1.211622e+00 1.196110e+00 1.188285e+00 1.187845e+00 1.191606e+00 1.449264e+00 1.286441e+00 1.434889e+00 1.332919e+00 1.328558e+00 1.329986e+00 1.334652e+00 1.333090e+00 1.324973e+00 1.485660e+00 1.373550e+00 1.375893e+00 1.317924e+00 1.316351e+00 1.474809e+00 1.565751e+00 1.659691e+00 1.562988e+00 1.369955e+00 1.372412e+00 1.369490e+00
-9.999000e+03 0.000000e+00 1.561559e+00 1.116153e+00 1.177450e+00 1.169434e+00 -9.999000e+03 -9.999000e+03 -9.999000e+03 -9.999000e+03 -9.999000e+03 -9.999000e+03 1.153195e+00 1.110206e+00 1.280901e+00 1.398514e+00 1.068248e+00 1.232509e+00 1.387464e+00 1.625335e+00 1.204503e+00 1.196223e+00 1.130308e+00 1.069479e+00 1.205794e+00 1.167750e+00 1.135506e+00 1.110631e+00 1.097947e+00 1.091190e+00 1.428826e+00 1.213762e+00 1.426844e+00 1.283457e+00 1.273759e+00 1.268204e+00 1.267487e+00 1.268848e+00 1.262984e+00 1.467678e+00 1.315189e+00 1.313138e+00 1.239724e+00 1.240427e+00 1.433317e+00 1.306451e+00 1.299931e+00 1.543705e+00 1.297209e+00 1.301936e+00 1.301198e+00 1.503976e+00
0.000000e+00 2.064189e+00 1.292075e+00 1.173150e+00 1.297523e+00 1.110690e+00 -9.999000e+03 -9.999000e+03 -9.999000e+03 -9.999000e+03 -9.999000e+03 -9.999000e+03 -9.999000e+03 -9.999000e+03 -9.999000e+03 1.060245e+00 1.443662e+00 1.043447e+00 1.059947e+00 1.089168e+00 1.671721e+00 -9.999000e+03 -9.999000e+03 1.130480e+00 1.067934e+00 1.035530e+00 1.005667e+00 9.793869e-01 9.670782e-01 1.416834e+00 1.120423e+00 1.414702e+00 1.224338e+00 1.208709e+00 1.196183e+00 1.188344e+00 1.184346e+00 1.185020e+00 1.453370e+00 1.251787e+00 1.241258e+00 1.148159e+00 1.148611e+00 1.383315e+00 1.238058e+00 1.228859e+00 1.526544e+00 1.218212e+00 1.218671e+00 1.222670e+00 1.471598e+00 1.283884e+00
0.000000e+00 1.187085e+00 1.205409e+00 1.206502e+00 1.105629e+00 -9.999000e+03 -9.999000e+03 -9.999000e+03 -9.999000e+03 -9.999000e+03 -9.999000e+03 -9.999000e+03 -9.999000e+03 -9.999000e+03 -9.999000e+03 -9.999000e+03 -9.999000e+03 -9.999000e+03 -9.999000e+03 -9.999000e+03 -9.999000e+03 -9.999000e+03 -9.999000e+03 1.147519e+00 1.083547e+00 1.059504e+00 1.213267e+00 1.303243e+00 1.385388e+00 1.003092e+00 1.404648e+00 1.153838e+00 1.135299e+00 1.108940e+00 1.092797e+00 1.085722e+00 1.080991e+00 1.429960e+00 1.185978e+00 1.165527e+00 1.037698e+00 1.036993e+00 1.322621e+00 1.154533e+00 1.151009e+00 1.513910e+00 1.137872e+00 1.133858e+00 1.133976e+00 1.438183e+00 1.224275e+00 1.585178e+00
-9.999000e+03 1.092998e+00 1.110326e+00 1.060426e+00 -9.999000e+03 -9.999000e+03 -9.999000e+03 -9.999000e+03 -9.999000e+03 -9.999000e+03 -9.999000e+03 -9.999000e+03 -9.999000e+03 -9.999000e+03 -9.999000e+03 -9.999000e+03 -9.999000e+03 -9.999000e+03 -9.999000e+03 -9.999000e+03 -9.999000e+03 -9.999000e+03 -9.999000e+03 -9.999000e+03 -9.999000e+03 -9.999000e+03 1.035071e+00 1.012997e+00 1.194662e+00 1.363611e+00 1.053026e+00 1.030715e+00 9.983480e-01 9.631521e-01 9.484087e-01 9.447286e-01 1.395823e+00 1.090360e+00 1.078702e+00 9.020118e-01 8.935916e-01 1.252252e+00 1.042851e+00 1.044505e+00 1.493932e+00 1.040490e+00 1.037485e+00 1.034701e+00 1.394261e+00 1.152293e+00 1.608458e+00 1.003041e+00
-9.999000e+03 -9.999000e+03 -9.999000e+03 -9.999000e+03 -9.999000e+03 -9.999000e+03 -9.999000e+03 -9.999000e+03 -9.999000e+03 -9.999000e+03 -9.999000e+03 -9.999000e+03 -9.999000e+03 -9.999000e+03 -9.999000e+03 -9.999000e+03 -9.999000e+03 -9.999000e+03 -9.999000e+03 -9.999000e+03 -9.999000e+03 -9.999000e+03 -9.999000e+03 -9.999000e+03 -9.999000e+03 -9.999000e+03 -9.999000e+03 -9.999000e+03 1.025034e+00 1.252955e+00 1.080954e+00 1.056428e+00 1.015483e+00 1.142587e+00 1.247046e+00 1.350950e+00 9.618786e-01 9.436470e-01 9.277268e-01 1.067715e+00 1.173431e+00 9.009767e-01 8.984949e-01 1.457298e+00 8.965450e-01 8.962149e-01 8.974306e-01 1.341429e+00 1.048898e+00 1.616042e+00 8.842158e-01 8.642193e-01
-9.999000e+03 -9.999000e+03 -9.999000e+03 -9.999000e+03 -9.999000e+03 -9.999000e+03 -9.999000e+03 -9.999000e+03 -9.999000e+03 -9.999000e+03 -9.999000e+03 -9.999000e+03 -9.999000e+03 -9.999000e+03 -9.999000e+03 -9.999000e+03 -9.999000e+03 -9.999000e+03 -9.999000e+03 -9.999000e+03 -9.999000e+03 -9.999000e+03 -9.999000e+03 -9.999000e+03 -9.999000e+03 -9.999000e+03 -9.999000e+03 -9.999000e+03 -9.999000e+03 1.065816e+00 1.385918e+00 1.213484e+00 1.172301e+00 9.626694e-01 9.560091e-01 9.729196e-01 9.718163e-01 9.504128e-01 1.094966e+00 1.200463e+00 1.285691e+00 1.359489e+00 1.417532e+00 9.005353e-01 1.048296e+00 1.164097e+00 1.263343e+00 9.103075e-01 1.609335e+00 8.964524e-01 1.032646e+00 1.128027e+00
-9.999000e+03 -9.999000e+03 -9.999000e+03 -9.999000e+03 -9.999000e+03 -9.999000e+03 -9.999000e+03 -9.999000e+03 -9.999000e+03 -9.999000e+03 -9.999000e+03 -9.999000e+03 -9.999000e+03 -9.999000e+03 -9.999000e+03 -9.999000e+03 -9.999000e+03 -9.999000e+03 -9.999000e+03 -9.999000e+03 -9.999000e+03 -9.999000e+03 -9.999000e+03 -9.999000e+03 -9.999000e+03 -9.999000e+03 -9.999000e+03 -9.999000e+03 -9.999000e+03 -9.999000e+03 1.201229e+00 -9.999000e+03 -9.999000e+03 -9.999000e+03 -9.999000e+03 -9.999000e+03 -9.999000e+03 -9.999000e+03 9.357901e-01 1.088805e+00 1.206853e+00 1.305840e+00 1.378237e+00 1.426729e+00 1.467041e+00 1.504403e+00 1.544028e+00 1.592081e+00 9.170407e-01 1.047311e+00 1.145497e+00 1.226470e+00
-9.999000e+03 -9.999000e+03 -9.999000e+03 -9.999000e+03 -9.999000e+03 -9.999000e+03 -9.999000e+03 -9.999000e+03 -9.999000e+03 -9.999000e+03 -9.999000e+03 -9.999000e+03 -9.999000e+03 -9.999000e+03 -9.999000e+03 -9.999000e+03 -9.999000e+03 -9.999000e+03 -9.999000e+03 -9.999000e+03 -9.999000e+03 -9.999000e+03 -9.999000e+03 -9.999000e+03 -9.999000e+03 -9.999000e+03 -9.999000e+03 -9.999000e+03 -9.999000e+03 -9.999000e+03 -9.999000e+03 -9.999000e+03 -9.999000e+03 -9.999000e+03 -9.999000e+03 -9.999000e+03 -9.999000e+03 -9.999000e+03 -9.999000e+03 -9.999000e+03 -9.999000e+03 9.344385e-01 9.281297e-01 9.114921e-01 1.056749e+00 1.174091e+00 1.277402e+00 1.379304e+00 1.447121e+00 1.475511e+00 1.500446e+00 1.528652e+00
-9.999000e+03 -9.999000e+03 -9.999000e+03 -9.999000e+03 -9.999000e+03 -9.999000e+03 -9.999000e+03 -9.999000e+03 -9.999000e+03 -9.999000e+03 -9.999000e+03 -9.999000e+03 -9.999000e+03 -9.999000e+03 -9.999000e+03 -9.999000e+03 -9.999000e+03 -9.999000e+03 -9.999000e+03 -9.999000e+03 -9.999000e+03 -9.999000e+03 -9.999000e+03 -9.999000e+03 -9.999000e+03 -9.999000e+03 -9.999000e+03 -9.999000e+03 -9.999000e+03 -9.999000e+03 -9.999000e+03 -9.999000e+03 -9.999000e+03 -9.999000e+03 -9.999000e+03 -9.999000e+03 -9.999000e+03 -9.999000e+03 -9.999000e+03 -9.999000e+03 -9.999000e+03 -9.999000e+03 -9.999000e+03 -9.999000e+03 9.006695e-01 9.044867e-01 1.066741e+00 1.200503e+00 9.164553e-01 1.043148e+00 1.149980e+00 1.258010e+00
-9.999000e+03 -9.999000e+03 -9.999000e+03 -9.999000e+03 -9.999000e+03 -9.999000e+03 -9.999000e+03 -9.999000e+03 -9.999000e+03 -9.999000e+03 -9.999000e+03 -9.999000e+03 -9.999000e+03 -9.999000e+03 -9.999000e+03 -9.999000e+03 -9.999000e+03 -9.999000e+03 -9.999000e+03 -9.999000e+03 -9.999000e+03 -9.999000e+03 -9.999000e+03 -9.999000e+03 -9.999000e+03 -9.999000e+03 -9.999000e+03 -9.999000e+03 -9.999000e+03 -9.999000e+03 -9.999000e+03 -9.999000e+03 -9.999000e+03 -9.999000e+03 -9.999000e+03 -9.999000e+03 -9.999000e+03 -9.999000e+03 -9.999000e+03 -9.999000e+03 -9.999000e+03 -9.999000e+03 -9.999000e+03 -9.999000e+03 -9.999000e+03 -9.999000e+03 -9.999000e+03 -9.999000e+03 -9.999000e+03 -9.999000e+03 8.913364e-01 1.070250e+00
-9.999000e+03 -9.999000e+03 -9.999000e+03 -9.999000e+03 -9.999000e+03 -9.999000e+03 -9.999000e+03 -9.999000e+03 -9.999000e+03 -9.999000e+03 -9.999000e+03 -9.999000e+03 -9.999000e+03 -9.999000e+03 -9.999000e+03 -9.999000e+03 -9.999000e+03 -9.999000e+03 -9.999000e+03 -9.999000e+03 -9.999000e+03 -9.999000e+03 -9.999000e+03 -9.999000e+03 -9.999000e+03 -9.999000e+03 -9.999000e+03 -9.999000e+03 -9.999000e+03 -9.999000e+03 -9.999000e+03 -9.999000e+03 -9.999000e+03 -9.999000e+03 -9.999000e+03 -9.999000e+03 -9.999000e+03 -9.999000e+03 -9.999000e+03 -9.999000e+03 -9.999000e+03 -9.999000e+03 -9.999000e+03 -9.999000e+03 -9.999000e+03 -9.999000e+03 -9.999000e+03 -9.999000e+03 -9.999000e+03 -9.999000e+03 -9.999000e+03 9.253160e-01
-9.999000e+03 -9.999000e+03 -9.999000e+03 -9.999000e+03 -9.999000e+03 -9.999000e+03 -9.999000e+03 -9.999000e+03 -9.999000e+03 -9.999000e+03 -9.999000e+03 -9.999000e+03 -9.999000e+03 -9.999000e+03 -9.999000e+03 -9.999000e+03 -9.999000e+03 -9.999000e+03 -9.999000e+03 -9.999000e+03 -9.999000e+03 -9.999000e+03 -9.999000e+03 -9.999000e+03 -9.999000e+03 -9.999000e+03 -9.999000e+03 -9.999000e+03 -9.999000e+03 -9.999000e+03 -9.999000e+03 -9.999000e+03 -9.999000e+03 -9.999000e+03 -9.999000e+03 -9.999000e+03 -9.999000e+03 -9.999000e+03 -9.999000e+03 -9.999000e+03 -9.999000e+03 -9.999000e+03 -9.999000e+03 -9.999000e+03 -9.999000e+03 -9.999000e+03 -9.999000e+03 -9.999000e+03 -9.999000e+03 -9.999000e+03 -9.999000e+03 -9.999000e+03
-9.999000e+03 -9.999000e+03 -9.999000e+03 -9.999000e+03 -9.999000e+03 -9.999000e+03 -9.999000e+03 -9.999000e+03 -9.999000e+03 -9.999000e+03 -9.999000e+03 -9.999000e+03 -9.999000e+03 -9.999000e+03 -9.999000e+03 -9.999000e+03 -9.999000e+03 -9.999000e+03 -9.999000e+03 -9.999000e+03 -9.999000e+03 -9.999000e+03 -9.999000e+03 -9.999000e+03 -9.999000e+03 -9.999000e+03 -9.999000e+03 -9.999000e+03 -9.999000e+03 -9.999000e+03 -9.999000e+03 -9.999000e+03 -9.999000e+03 -9.999000e+03 -9.999000e+03 -9.999000e+03 -9.999000e+03 -9.999000e+03 -9.999000e+03 -9.999000e+03 -9.999000e+03 -9.999000e+03 -9.999000e+03 -9.999000e+03 -9.999000e+03 -9.999000e+03 -9.999000e+03 -9.999000e+03 -9.999000e+03 -9.999000e+03 -9.999000e+03 -9.999000e+03
