tests/data/reference/test_implicit_stream_rill_mfda/control/cinfil_m3.asc
ncols	123
nrows	77
xllcorner	-713746.79929998
yllcorner	-1061022.36961616
cellsize	10.0
NODATA_value	-9999
[rows 46 to 68 of 77, columns 0 to 51 of 123]
-9.999000e+03 -9.999000e+03 -9.999000e+03 -9.999000e+03 -9.999000e+03 -9.999000e+03 0.000000e+00 2.227268e+00 1.337119e+00 1.325870e+00 1.015537e+00 1.174931e+00 1.380601e+00 1.445864e+00 1.530297e+00 1.918128e+00 1.464673e+00 1.522591e+00 1.557240e+00 1.562665e+00 1.558010e+00 1.090780e+00 1.089745e+00 1.095619e+00 1.214959e+00 1.299332e+00 1.374013e+00 1.447023e+00 1.506943e+00 1.551504e+00 1.586691e+00 2.625944e+00 2.683982e+00 1.640077e+00 1.637903e+00 1.628752e+00 1.616060e+00 1.602108e+00 1.588781e+00 1.576007e+00 1.578696e+00 1.570843e+00 1.575168e+00 1.574047e+00 1.578861e+00 1.589387e+00 1.600817e+00 1.612411e+00 1.627966e+00 1.656071e+00 1.672352e+00 1.681714e+00
-9.999000e+03 -9.999000e+03 -9.999000e+03 -9.999000e+03 -9.999000e+03 -9.999000e+03 2.403990e+00 1.768541e+00 1.185329e+00 1.170406e+00 9.925060e-01 1.278897e+00 1.358194e+00 1.475227e+00 1.904539e+00 1.368826e+00 1.458162e+00 1.526429e+00 1.561699e+00 1.564861e+00 9.445201e-01 9.348358e-01 9.300785e-01 9.304744e-01 1.087051e+00 1.196550e+00 1.290123e+00 2.372771e+00 2.442830e+00 2.501475e+00 2.560374e+00 1.598027e+00 1.604985e+00 1.610870e+00 1.608231e+00 1.602647e+00 1.594155e+00 1.582513e+00 1.569987e+00 1.575996e+00 1.559438e+00 1.562171e+00 1.557821e+00 1.558524e+00 1.563015e+00 1.571811e+00 1.581446e+00 1.591311e+00 1.614625e+00 1.628614e+00 1.648659e+00 1.654461e+00
-9.999000e+03 -9.999000e+03 -9.999000e+03 -9.999000e+03 -9.999000e+03 0.000000e+00 1.820641e+00 1.635922e+00 1.004423e+00 9.994234e-01 1.167932e+00 1.282179e+00 1.448837e+00 1.884313e+00 1.258294e+00 1.358649e+00 1.443543e+00 1.511021e+00 1.547411e+00 1.552066e+00 1.694705e+00 1.808738e+00 1.906664e+00 2.046903e+00 2.143043e+00 2.221926e+00 2.294897e+00 1.502533e+00 1.518117e+00 1.534207e+00 1.544872e+00 1.558368e+00 1.574308e+00 1.578880e+00 1.579242e+00 1.577064e+00 1.570643e+00 1.558832e+00 1.573367e+00 1.551596e+00 1.556729e+00 1.548361e+00 1.546920e+00 1.547437e+00 1.550016e+00 1.554745e+00 1.561943e+00 1.588893e+00 1.593740e+00 1.608157e+00 1.610783e+00 1.395979e+00
-9.999000e+03 -9.999000e+03 -9.999000e+03 -9.999000e+03 0.000000e+00 1.960099e+00 1.312312e+00 1.485281e+00 1.020346e+00 1.031939e+00 1.198227e+00 1.443257e+00 1.859949e+00 1.148721e+00 1.266153e+00 1.354740e+00 1.425797e+00 1.489556e+00 1.526292e+00 1.517919e+00 1.498289e+00 1.479155e+00 1.793980e+00 1.283633e+00 1.349117e+00 1.400409e+00 1.432695e+00 1.448741e+00 1.474895e+00 1.487068e+00 1.499786e+00 1.525885e+00 1.539684e+00 1.546940e+00 1.549880e+00 1.549035e+00 1.542565e+00 1.568487e+00 1.538691e+00 1.549471e+00 1.538845e+00 1.537774e+00 1.537710e+00 1.537512e+00 1.536792e+00 1.537565e+00 1.567979e+00 1.567037e+00 1.579229e+00 1.569807e+00 1.301518e+00 1.315037e+00
-9.999000e+03 -9.999000e+03 -9.999000e+03 -9.999000e+03 0.000000e+00 1.508247e+00 1.182829e+00 1.309792e+00 1.227437e+00 1.054074e+00 1.418245e+00 1.813478e+00 1.006799e+00 1.159580e+00 1.268376e+00 1.345369e+00 1.410532e+00 1.474816e+00 1.489199e+00 1.471480e+00 1.446477e+00 1.744668e+00 1.187695e+00 1.261488e+00 1.319492e+00 1.358911e+00 1.372686e+00 1.400797e+00 1.414832e+00 1.430063e+00 1.460033e+00 1.476763e+00 1.489467e+00 1.498956e+00 1.504180e+00 1.504779e+00 1.554736e+00 1.519232e+00 1.537777e+00 1.521851e+00 1.521375e+00 1.523733e+00 1.524969e+00 1.523254e+00 1.520749e+00 1.556936e+00 1.542889e+00 1.553002e+00 1.537254e+00 1.208547e+00 1.214014e+00 1.226679e+00
-9.999000e+03 -9.999000e+03 -9.999000e+03 0.000000e+00 2.027245e+00 1.420451e+00 1.040265e+00 1.238181e+00 1.069936e+00 1.360214e+00 1.691246e+00 1.465432e+00 1.024130e+00 1.170883e+00 1.266950e+00 1.337629e+00 1.401807e+00 1.431425e+00 1.434623e+00 1.414045e+00 1.682245e+00 1.072102e+00 1.171861e+00 1.241925e+00 1.284441e+00 1.295840e+00 1.330713e+00 1.339826e+00 1.352289e+00 1.391269e+00 1.409586e+00 1.422258e+00 1.432682e+00 1.440805e+00 1.445561e+00 1.522351e+00 1.481793e+00 1.518976e+00 1.499455e+00 1.497126e+00 1.498407e+00 1.502786e+00 1.503858e+00 1.502240e+00 1.552464e+00 1.525207e+00 1.528942e+00 1.503293e+00 1.114045e+00 1.114049e+00 1.118032e+00 1.128358e+00
-9.999000e+03 -9.999000e+03 -9.999000e+03 0.000000e+00 1.540970e+00 1.244946e+00 1.083817e+00 1.116635e+00 1.291640e+00 1.284663e+00 1.614266e+00 1.441078e+00 1.050188e+00 1.185866e+00 1.270766e+00 1.341372e+00 1.354610e+00 1.365521e+00 1.368690e+00 1.615445e+00 9.420889e-01 1.081301e+00 1.177417e+00 1.230931e+00 1.230933e+00 1.273229e+00 1.279915e+00 1.286788e+00 1.331284e+00 1.350770e+00 1.364776e+00 1.375425e+00 1.382046e+00 1.384198e+00 1.488581e+00 1.427698e+00 1.484426e+00 1.462887e+00 1.467042e+00 1.465765e+00 1.465553e+00 1.467935e+00 1.469358e+00 1.541908e+00 1.504703e+00 1.507409e+00 1.470203e+00 1.003078e+00 1.003086e+00 1.004292e+00 1.007807e+00 2.041299e+00
-9.999000e+03 -9.999000e+03 0.000000e+00 1.213162e+00 1.271623e+00 1.263553e+00 1.154556e+00 1.182705e+00 1.159932e+00 1.196732e+00 1.621092e+00 1.421516e+00 1.094639e+00 1.208393e+00 1.287259e+00 1.284814e+00 1.278226e+00 1.277150e+00 1.421857e+00 1.407156e+00 9.802090e-01 1.118819e+00 1.195193e+00 1.182538e+00 1.231898e+00 1.229091e+00 1.230406e+00 1.282920e+00 1.295276e+00 1.307228e+00 1.319449e+00 1.327977e+00 1.329083e+00 1.467066e+00 1.375686e+00 1.451245e+00 1.409973e+00 1.419954e+00 1.428134e+00 1.426251e+00 1.421236e+00 1.420224e+00 1.519150e+00 1.468228e+00 1.475496e+00 1.432377e+00 8.673295e-01 8.626156e-01 8.619080e-01 8.647777e-01 1.959977e+00 1.477856e+00
-9.999000e+03 -9.999000e+03 3.180277e+00 1.308729e+00 1.086999e+00 1.149354e+00 1.212774e+00 1.152592e+00 1.377988e+00 1.772722e+00 1.184368e+00 1.354086e+00 1.140044e+00 1.238336e+00 1.206868e+00 1.197058e+00 1.181840e+00 1.173036e+00 1.194886e+00 1.337972e+00 1.036998e+00 1.166244e+00 1.134468e+00 1.209972e+00 1.193486e+00 1.178857e+00 1.243591e+00 1.244415e+00 1.244402e+00 1.250446e+00 1.259209e+00 1.265769e+00 1.455623e+00 1.328903e+00 1.434568e+00 1.365037e+00 1.367052e+00 1.376032e+00 1.381792e+00 1.376966e+00 1.369417e+00 1.495299e+00 1.417462e+00 1.425305e+00 1.376960e+00 1.372564e+00 1.426334e+00 1.470580e+00 1.757121e+00 1.870963e+00 1.423705e+00 1.425761e+00
-9.999000e+03 0.000000e+00 3.107684e+00 1.395934e+00 1.105218e+00 1.270505e+00 1.136453e+00 1.137681e+00 -9.999000e+03 -9.999000e+03 -9.999000e+03 1.188583e+00 1.162782e+00 1.087516e+00 1.059571e+00 1.058059e+00 1.045845e+00 1.025798e+00 1.046642e+00 1.132673e+00 1.156388e+00 1.075910e+00 1.194298e+00 1.168800e+00 1.139434e+00 1.219902e+00 1.201357e+00 1.185496e+00 1.177390e+00 1.176796e+00 1.180513e+00 1.440700e+00 1.276504e+00 1.426460e+00 1.323655e+00 1.319139e+00 1.320533e+00 1.325223e+00 1.323694e+00 1.315525e+00 1.477522e+00 1.364756e+00 1.366952e+00 1.307896e+00 1.306380e+00 1.467005e+00 1.554265e+00 1.646030e+00 1.554049e+00 1.360806e+00 1.363261e+00 1.360424e+00
-9.999000e+03 0.000000e+00 1.550258e+00 1.106894e+00 1.166897e+00 1.158969e+00 -9.999000e+03 -9.999000e+03 -9.999000e+03 -9.999000e+03 -9.999000e+03 -9.999000e+03 1.142781e+00 1.101096e+00 1.271063e+00 1.389210e+00 1.058125e+00 1.222216e+00 1.377798e+00 1.614076e+00 1.194301e+00 1.185935e+00 1.119973e+00 1.059221e+00 1.195407e+00 1.156959e+00 1.124726e+00 1.100996e+00 1.087712e+00 1.081820e+00 1.420662e+00 1.203158e+00 1.418842e+00 1.273710e+00 1.263731e+00 1.258027e+00 1.257165e+00 1.258419e+00 1.252604e+00 1.459802e+00 1.305576e+00 1.303301e+00 1.228819e+00 1.229444e+00 1.424822e+00 1.296551e+00 1.289829e+00 1.536065e+00 1.286866e+00 1.291544e+00 1.290846e+00 1.496763e+00
0.000000e+00 2.044244e+00 1.282337e+00 1.162647e+00 1.287912e+00 1.101569e+00 -9.999000e+03 -9.999000e+03 -9.999000e+03 -9.999000e+03 -9.999000e+03 -9.999000e+03 -9.999000e+03 -9.999000e+03 -9.999000e+03 1.051606e+00 1.434917e+00 1.033819e+00 1.051261e+00 1.079870e+00 1.660986e+00 -9.999000e+03 -9.999000e+03 1.120145e+00 1.057845e+00 1.026298e+00 9.959416e-01 9.692434e-01 9.568053e-01 1.408193e+00 1.110473e+00 1.406777e+00 1.214521e+00 1.198109e+00 1.185315e+00 1.177238e+00 1.173066e+00 1.173673e+00 1.445371e+00 1.241789e+00 1.230665e+00 1.136931e+00 1.137370e+00 1.374241e+00 1.227068e+00 1.218396e+00 1.519303e+00 1.207535e+00 1.207944e+00 1.212091e+00 1.464310e+00 1.274044e+00
0.000000e+00 1.176676e+00 1.195217e+00 1.196320e+00 1.096369e+00 -9.999000e+03 -9.999000e+03 -9.999000e+03 -9.999000e+03 -9.999000e+03 -9.999000e+03 -9.999000e+03 -9.999000e+03 -9.999000e+03 -9.999000e+03 -9.999000e+03 -9.999000e+03 -9.999000e+03 -9.999000e+03 -9.999000e+03 -9.999000e+03 -9.999000e+03 -9.999000e+03 1.137517e+00 1.071994e+00 1.050748e+00 1.202778e+00 1.293494e+00 1.376147e+00 9.933303e-01 1.396214e+00 1.142713e+00 1.124481e+00 1.099222e+00 1.083025e+00 1.074076e+00 1.068497e+00 1.421764e+00 1.174818e+00 1.154238e+00 1.027043e+00 1.026282e+00 1.312877e+00 1.142513e+00 1.139941e+00 1.506569e+00 1.126361e+00 1.122370e+00 1.122452e+00 1.430104e+00 1.214081e+00 1.576949e+00
-9.999000e+03 1.084046e+00 1.101213e+00 1.051816e+00 -9.999000e+03 -9.999000e+03 -9.999000e+03 -9.999000e+03 -9.999000e+03 -9.999000e+03 -9.999000e+03 -9.999000e+03 -9.999000e+03 -9.999000e+03 -9.999000e+03 -9.999000e+03 -9.999000e+03 -9.999000e+03 -9.999000e+03 -9.999000e+03 -9.999000e+03 -9.999000e+03 -9.999000e+03 -9.999000e+03 -9.999000e+03 -9.999000e+03 1.025846e+00 1.003360e+00 1.183742e+00 1.354010e+00 1.043238e+00 1.021449e+00 9.885191e-01 9.527844e-01 9.378512e-01 9.343547e-01 1.386978e+00 1.080623e+00 1.066463e+00 8.911393e-01 8.825512e-01 1.241990e+00 1.031987e+00 1.033547e+00 1.486122e+00 1.029673e+00 1.026780e+00 1.024209e+00 1.385405e+00 1.141185e+00 1.599775e+00 9.920030e-01
-9.999000e+03 -9.999000e+03 -9.999000e+03 -9.999000e+03 -9.999000e+03 -9.999000e+03 -9.999000e+03 -9.999000e+03 -9.999000e+03 -9.999000e+03 -9.999000e+03 -9.999000e+03 -9.999000e+03 -9.999000e+03 -9.999000e+03 -9.999000e+03 -9.999000e+03 -9.999000e+03 -9.999000e+03 -9.999000e+03 -9.999000e+03 -9.999000e+03 -9.999000e+03 -9.999000e+03 -9.999000e+03 -9.999000e+03 -9.999000e+03 -9.999000e+03 1.015667e+00 1.242815e+00 1.069413e+00 1.047186e+00 1.005901e+00 1.131805e+00 1.236751e+00 1.341356e+00 9.514965e-01 9.332631e-01 9.171007e-01 1.056570e+00 1.161958e+00 8.900843e-01 8.875539e-01 1.449240e+00 8.855650e-01 8.852283e-01 8.864684e-01 1.331825e+00 1.037879e+00 1.606463e+00 8.731586e-01 8.524924e-01
-9.999000e+03 -9.999000e+03 -9.999000e+03 -9.999000e+03 -9.999000e+03 -9.999000e+03 -9.999000e+03 -9.999000e+03 -9.999000e+03 -9.999000e+03 -9.999000e+03 -9.999000e+03 -9.999000e+03 -9.999000e+03 -9.999000e+03 -9.999000e+03 -9.999000e+03 -9.999000e+03 -9.999000e+03 -9.999000e+03 -9.999000e+03 -9.999000e+03 -9.999000e+03 -9.999000e+03 -9.999000e+03 -9.999000e+03 -9.999000e+03 -9.999000e+03 -9.999000e+03 1.056163e+00 1.376456e+00 1.203077e+00 1.161414e+00 9.522963e-01 9.455574e-01 9.627692e-01 9.616438e-01 9.398850e-01 1.084578e+00 1.189424e+00 1.275556e+00 1.350343e+00 1.408670e+00 8.896343e-01 1.037198e+00 1.152349e+00 1.252509e+00 8.995567e-01 1.600361e+00 8.854706e-01 1.022145e+00 1.116523e+00
-9.999000e+03 -9.999000e+03 -9.999000e+03 -9.999000e+03 -9.999000e+03 -9.999000e+03 -9.999000e+03 -9.999000e+03 -9.999000e+03 -9.999000e+03 -9.999000e+03 -9.999000e+03 -9.999000e+03 -9.999000e+03 -9.999000e+03 -9.999000e+03 -9.999000e+03 -9.999000e+03 -9.999000e+03 -9.999000e+03 -9.999000e+03 -9.999000e+03 -9.999000e+03 -9.999000e+03 -9.999000e+03 -9.999000e+03 -9.999000e+03 -9.999000e+03 -9.999000e+03 -9.999000e+03 1.190585e+00 -9.999000e+03 -9.999000e+03 -9.999000e+03 -9.999000e+03 -9.999000e+03 -9.999000e+03 -9.999000e+03 9.253114e-01 1.078239e+00 1.195723e+00 1.295654e+00 1.369349e+00 1.418335e+00 1.459211e+00 1.496847e+00 1.536311e+00 1.582841e+00 9.061714e-01 1.036440e+00 1.134312e+00 1.216091e+00
-9.999000e+03 -9.999000e+03 -9.999000e+03 -9.999000e+03 -9.999000e+03 -9.999000e+03 -9.999000e+03 -9.999000e+03 -9.999000e+03 -9.999000e+03 -9.999000e+03 -9.999000e+03 -9.999000e+03 -9.999000e+03 -9.999000e+03 -9.999000e+03 -9.999000e+03 -9.999000e+03 -9.999000e+03 -9.999000e+03 -9.999000e+03 -9.999000e+03 -9.999000e+03 -9.999000e+03 -9.999000e+03 -9.999000e+03 -9.999000e+03 -9.999000e+03 -9.999000e+03 -9.999000e+03 -9.999000e+03 -9.999000e+03 -9.999000e+03 -9.999000e+03 -9.999000e+03 -9.999000e+03 -9.999000e+03 -9.999000e+03 -9.999000e+03 -9.999000e+03 -9.999000e+03 9.239398e-01 9.175117e-01 9.007539e-01 1.046346e+00 1.162448e+00 1.266790e+00 1.369755e+00 1.438144e+00 1.468199e+00 1.493665e+00 1.522081e+00
-9.999000e+03 -9.999000e+03 -9.999000e+03 -9.999000e+03 -9.999000e+03 -9.999000e+03 -9.999000e+03 -9.999000e+03 -9.999000e+03 -9.999000e+03 -9.999000e+03 -9.999000e+03 -9.999000e+03 -9.999000e+03 -9.999000e+03 -9.999000e+03 -9.999000e+03 -9.999000e+03 -9.999000e+03 -9.999000e+03 -9.999000e+03 -9.999000e+03 -9.999000e+03 -9.999000e+03 -9.999000e+03 -9.999000e+03 -9.999000e+03 -9.999000e+03 -9.999000e+03 -9.999000e+03 -9.999000e+03 -9.999000e+03 -9.999000e+03 -9.999000e+03 -9.999000e+03 -9.999000e+03 -9.999000e+03 -9.999000e+03 -9.999000e+03 -9.999000e+03 -9.999000e+03 -9.999000e+03 -9.999000e+03 -9.999000e+03 8.897711e-01 8.936581e-01 1.055485e+00 1.189043e+00 9.055714e-01 1.032450e+00 1.138904e+00 1.247227e+00
-9.999000e+03 -9.999000e+03 -9.999000e+03 -9.999000e+03 -9.999000e+03 -9.999000e+03 -9.999000e+03 -9.999000e+03 -9.999000e+03 -9.999000e+03 -9.999000e+03 -9.999000e+03 -9.999000e+03 -9.999000e+03 -9.999000e+03 -9.999000e+03 -9.999000e+03 -9.999000e+03 -9.999000e+03 -9.999000e+03 -9.999000e+03 -9.999000e+03 -9.999000e+03 -9.999000e+03 -9.999000e+03 -9.999000e+03 -9.999000e+03 -9.999000e+03 -9.999000e+03 -9.999000e+03 -9.999000e+03 -9.999000e+03 -9.999000e+03 -9.999000e+03 -9.999000e+03 -9.999000e+03 -9.999000e+03 -9.999000e+03 -9.999000e+03 -9.999000e+03 -9.999000e+03 -9.999000e+03 -9.999000e+03 -9.999000e+03 -9.999000e+03 -9.999000e+03 -9.999000e+03 -9.999000e+03 -9.999000e+03 -9.999000e+03 8.802453e-01 1.058486e+00
-9.999000e+03 -9.999000e+03 -9.999000e+03 -9.999000e+03 -9.999000e+03 -9.999000e+03 -9.999000e+03 -9.999000e+03 -9.999000e+03 -9.999000e+03 -9.999000e+03 -9.999000e+03 -9.999000e+03 -9.999000e+03 -9.999000e+03 -9.999000e+03 -9.999000e+03 -9.999000e+03 -9.999000e+03 -9.999000e+03 -9.999000e+03 -9.999000e+03 -9.999000e+03 -9.999000e+03 -9.999000e+03 -9.999000e+03 -9.999000e+03 -9.999000e+03 -9.999000e+03 -9.999000e+03 -9.999000e+03 -9.999000e+03 -9.999000e+03 -9.999000e+03 -9.999000e+03 -9.999000e+03 -9.999000e+03 -9.999000e+03 -9.999000e+03 -9.999000e+03 -9.999000e+03 -9.999000e+03 -9.999000e+03 -9.999000e+03 -9.999000e+03 -9.999000e+03 -9.999000e+03 -9.999000e+03 -9.999000e+03 -9.999000e+03 -9.999000e+03 9.146407e-01
-9.999000e+03 -9.999000e+03 -9.999000e+03 -9.999000e+03 -9.999000e+03 -9.999000e+03 -9.999000e+03 -9.999000e+03 -9.999000e+03 -9.999000e+03 -9.999000e+03 -9.999000e+03 -9.999000e+03 -9.999000e+03 -9.999000e+03 -9.999000e+03 -9.999000e+03 -9.999000e+03 -9.999000e+03 -9.999000e+03 -9.999000e+03 -9.999000e+03 -9.999000e+03 -9.999000e+03 -9.999000e+03 -9.999000e+03 -9.999000e+03 -9.999000e+03 -9.999000e+03 -9.999000e+03 -9.999000e+03 -9.999000e+03 -9.999000e+03 -9.999000e+03 -9.999000e+03 -9.999000e+03 -9.999000e+03 -9.999000e+03 -9.999000e+03 -9.999000e+03 -9.999000e+03 -9.999000e+03 -9.999000e+03 -9.999000e+03 -9.999000e+03 -9.999000e+03 -9.999000e+03 -9.999000e+03 -9.999000e+03 -9.999000e+03 -9.999000e+03 -9.999000e+03
-9.999000e+03 -9.999000e+03 -9.999000e+03 -9.999000e+03 -9.999000e+03 -9.999000e+03 -9.999000e+03 -9.999000e+03 -9.999000e+03 -9.999000e+03 -9.999000e+03 -9.999000e+03 -9.999000e+03 -9.999000e+03 -9.999000e+03 -9.999000e+03 -9.999000e+03 -9.999000e+03 -9.999000e+03 -9.999000e+03 -9.999000e+03 -9.999000e+03 -9.999000e+03 -9.999000e+03 -9.999000e+03 -9.999000e+03 -9.999000e+03 -9.999000e+03 -9.999000e+03 -9.999000e+03 -9.999000e+03 -9.999000e+03 -9.999000e+03 -9.999000e+03 -9.999000e+03 -9.999000e+03 -9.999000e+03 -9.999000e+03 -9.999000e+03 -9.999000e+03 -9.999000e+03 -9.999000e+03 -9.999000e+03 -9.999000e+03 -9.999000e+03 -9.999000e+03 -9.999000e+03 -9.999000e+03 -9.999000e+03 -9.999000e+03 -9.999000e+03 -9.999000e+03
