tests/data/reference/test_implicit_stream_rill_mfda/control/cinfil_m3.asc
ncols	123
nrows	77
xllcorner	-713746.79929998
yllcorner	-1061022.36961616
cellsize	10.0
NODATA_value	-9999
[rows 23 to 45 of 77, columns 0 to 51 of 123]
-9.999000e+03 -9.999000e+03 -9.999000e+03 -9.999000e+03 -9.999000e+03 -9.999000e+03 -9.999000e+03 -9.999000e+03 -9.999000e+03 -9.999000e+03 -9.999000e+03 -9.999000e+03 -9.999000e+03 -9.999000e+03 1.041010e+00 1.457330e+00 1.550225e+00 1.190680e+00 1.006263e+00 1.245762e+00 1.064194e+00 0.000000e+00 1.166763e+00 1.558450e+00 1.458281e+00 1.715724e+00 1.853595e+00 1.542911e+00 1.327537e+00 1.870553e+00 8.673175e-01 1.007860e+00 1.117015e+00 1.461849e+00 1.785408e+00 1.646638e+00 2.151612e+00 8.492943e-01 1.777287e+00 1.567861e+00 1.549742e+00 1.522640e+00 1.576373e+00 1.518743e+00 1.517414e+00 1.463824e+00 1.490559e+00 1.620574e+00 1.371959e+00 1.166961e+00 1.074770e+00 8.269809e-01
-9.999000e+03 -9.999000e+03 -9.999000e+03 -9.999000e+03 -9.999000e+03 -9.999000e+03 -9.999000e+03 -9.999000e+03 -9.999000e+03 -9.999000e+03 -9.999000e+03 -9.999000e+03 -9.999000e+03 -9.999000e+03 1.446898e+00 2.228938e+00 1.760398e+00 1.106991e+00 1.016215e+00 9.245514e-01 0.000000e+00 0.000000e+00 8.449478e-01 1.065997e+00 1.578313e+00 1.765466e+00 1.901768e+00 1.608607e+00 1.223909e+00 8.098334e-01 1.851239e+00 1.009088e+00 1.119485e+00 1.214341e+00 1.881995e+00 1.637462e+00 2.198282e+00 8.464920e-01 1.817275e+00 1.581325e+00 1.572814e+00 1.553880e+00 1.581119e+00 1.544828e+00 1.542676e+00 1.502471e+00 1.520362e+00 1.613655e+00 1.420827e+00 1.243270e+00 8.260026e-01 1.157362e+00
-9.999000e+03 -9.999000e+03 -9.999000e+03 -9.999000e+03 -9.999000e+03 -9.999000e+03 -9.999000e+03 -9.999000e+03 -9.999000e+03 -9.999000e+03 -9.999000e+03 -9.999000e+03 -9.999000e+03 -9.999000e+03 2.393564e+00 1.275782e+00 9.768442e-01 9.779054e-01 9.849106e-01 1.017731e+00 0.000000e+00 1.170265e+00 1.309445e+00 9.956598e-01 1.085783e+00 1.601430e+00 1.978405e+00 1.656070e+00 1.296000e+00 8.046382e-01 9.449393e-01 1.540497e+00 1.013325e+00 1.223812e+00 1.306574e+00 1.983794e+00 8.560837e-01 2.234463e+00 9.888414e-01 1.882612e+00 1.594204e+00 1.580281e+00 1.592917e+00 1.569343e+00 1.566284e+00 1.535343e+00 1.545194e+00 1.605643e+00 1.460952e+00 1.305663e+00 9.555636e-01 8.159442e-01
-9.999000e+03 -9.999000e+03 -9.999000e+03 -9.999000e+03 -9.999000e+03 -9.999000e+03 -9.999000e+03 -9.999000e+03 -9.999000e+03 -9.999000e+03 -9.999000e+03 -9.999000e+03 9.352303e-01 1.006565e+00 1.700721e+00 1.159628e+00 9.721098e-01 1.173960e+00 1.063457e+00 0.000000e+00 1.509504e+00 1.454412e+00 1.238085e+00 1.352036e+00 1.108838e+00 1.156940e+00 2.064956e+00 1.708979e+00 1.369705e+00 9.540139e-01 8.099478e-01 1.057813e+00 1.557997e+00 1.136214e+00 1.171764e+00 1.377886e+00 1.789517e+00 9.938235e-01 2.269415e+00 1.100954e+00 1.679943e+00 1.603928e+00 1.609471e+00 1.593311e+00 1.588180e+00 1.562107e+00 1.563977e+00 1.598600e+00 1.493199e+00 1.358256e+00 1.054543e+00 8.118725e-01
-9.999000e+03 -9.999000e+03 -9.999000e+03 -9.999000e+03 -9.999000e+03 -9.999000e+03 -9.999000e+03 -9.999000e+03 -9.999000e+03 -9.999000e+03 -9.999000e+03 -9.999000e+03 -9.999000e+03 9.437820e-01 1.180450e+00 1.166698e+00 1.105901e+00 1.098740e+00 0.000000e+00 1.657639e+00 1.504539e+00 1.504798e+00 1.643644e+00 1.745080e+00 1.840515e+00 1.924129e+00 2.002278e+00 2.175824e+00 1.767263e+00 1.443649e+00 1.074883e+00 9.605614e-01 1.168461e+00 1.584119e+00 1.237349e+00 1.252027e+00 1.244761e+00 1.499247e+00 1.103056e+00 2.295884e+00 1.641153e+00 1.625810e+00 1.628884e+00 1.616551e+00 1.607646e+00 1.582269e+00 1.576111e+00 1.592544e+00 1.518191e+00 1.403003e+00 1.137083e+00 9.421876e-01
-9.999000e+03 -9.999000e+03 -9.999000e+03 -9.999000e+03 -9.999000e+03 -9.999000e+03 -9.999000e+03 -9.999000e+03 -9.999000e+03 -9.999000e+03 -9.999000e+03 -9.999000e+03 -9.999000e+03 -9.999000e+03 -9.999000e+03 1.036899e+00 1.213588e+00 0.000000e+00 0.000000e+00 1.245842e+00 1.342205e+00 1.466655e+00 1.570907e+00 1.654736e+00 1.720724e+00 1.769275e+00 1.812479e+00 2.117998e+00 2.332427e+00 1.801883e+00 1.511242e+00 1.193368e+00 1.103541e+00 1.280832e+00 1.606077e+00 1.301672e+00 1.316770e+00 1.323480e+00 1.829436e+00 1.067440e+00 2.059938e+00 1.642820e+00 1.642597e+00 1.631106e+00 1.619194e+00 1.594685e+00 1.583755e+00 1.589462e+00 1.538801e+00 1.442276e+00 1.209499e+00 1.045307e+00
-9.999000e+03 -9.999000e+03 -9.999000e+03 -9.999000e+03 -9.999000e+03 -9.999000e+03 -9.999000e+03 -9.999000e+03 -9.999000e+03 -9.999000e+03 -9.999000e+03 -9.999000e+03 -9.999000e+03 -9.999000e+03 -9.999000e+03 -9.999000e+03 1.111900e+00 0.000000e+00 1.249416e+00 1.312032e+00 1.418184e+00 1.516832e+00 1.591955e+00 1.640046e+00 1.665962e+00 1.670286e+00 1.666813e+00 1.666289e+00 1.659490e+00 2.152653e+00 2.080424e+00 2.114566e+00 1.310816e+00 1.225686e+00 1.365888e+00 1.619179e+00 1.651181e+00 1.711818e+00 1.400825e+00 1.941504e+00 1.158513e+00 1.573410e+00 1.646132e+00 1.633997e+00 1.621119e+00 1.599617e+00 1.588162e+00 1.589320e+00 1.556332e+00 1.477343e+00 1.275209e+00 1.135295e+00
-9.999000e+03 -9.999000e+03 -9.999000e+03 -9.999000e+03 -9.999000e+03 -9.999000e+03 -9.999000e+03 -9.999000e+03 -9.999000e+03 -9.999000e+03 -9.999000e+03 -9.999000e+03 -9.999000e+03 -9.999000e+03 -9.999000e+03 -9.999000e+03 0.000000e+00 1.534171e+00 1.381755e+00 1.387602e+00 1.425569e+00 2.428002e+00 2.503243e+00 2.556186e+00 2.596006e+00 2.597724e+00 2.597724e+00 2.597724e+00 2.597724e+00 2.597724e+00 2.597724e+00 2.597724e+00 2.597724e+00 2.597724e+00 2.597724e+00 2.597724e+00 2.597724e+00 2.597724e+00 2.597724e+00 2.597724e+00 2.597724e+00 2.597724e+00 1.537123e+00 1.419463e+00 1.402008e+00 1.616138e+00 1.602232e+00 1.598842e+00 1.575834e+00 1.512274e+00 1.339971e+00 1.221512e+00
-9.999000e+03 -9.999000e+03 -9.999000e+03 -9.999000e+03 -9.999000e+03 -9.999000e+03 -9.999000e+03 -9.999000e+03 -9.999000e+03 -9.999000e+03 -9.999000e+03 -9.999000e+03 -9.999000e+03 -9.999000e+03 -9.999000e+03 0.000000e+00 1.561948e+00 1.425330e+00 2.293780e+00 2.003357e+00 2.325543e+00 1.462138e+00 1.613351e+00 1.727300e+00 1.814706e+00 1.911074e+00 1.995089e+00 2.074542e+00 2.145474e+00 2.203213e+00 2.263240e+00 2.333181e+00 2.413334e+00 2.510008e+00 2.591220e+00 2.597724e+00 2.597724e+00 2.486973e+00 2.375960e+00 2.337591e+00 2.326258e+00 2.317805e+00 2.597724e+00 2.597724e+00 2.597724e+00 1.477647e+00 1.492888e+00 1.623150e+00 1.600718e+00 1.550265e+00 1.408544e+00 1.310703e+00
-9.999000e+03 -9.999000e+03 -9.999000e+03 -9.999000e+03 -9.999000e+03 -9.999000e+03 -9.999000e+03 -9.999000e+03 -9.999000e+03 -9.999000e+03 -9.999000e+03 -9.999000e+03 -9.999000e+03 -9.999000e+03 0.000000e+00 0.000000e+00 2.204035e+00 2.216362e+00 1.620968e+00 2.767904e+00 1.375498e+00 1.390121e+00 1.406291e+00 1.460534e+00 1.572371e+00 1.396765e+00 1.417975e+00 1.590279e+00 1.586770e+00 1.379969e+00 1.434930e+00 1.720858e+00 1.849854e+00 1.974087e+00 2.079213e+00 2.159294e+00 1.075281e+00 1.121073e+00 1.320571e+00 1.263480e+00 1.214874e+00 1.209998e+00 1.396520e+00 1.511714e+00 1.622264e+00 2.597724e+00 2.597724e+00 2.597724e+00 1.427037e+00 1.482838e+00 1.497584e+00 1.414531e+00
-9.999000e+03 -9.999000e+03 -9.999000e+03 -9.999000e+03 -9.999000e+03 -9.999000e+03 -9.999000e+03 -9.999000e+03 -9.999000e+03 -9.999000e+03 -9.999000e+03 -9.999000e+03 -9.999000e+03 -9.999000e+03 0.000000e+00 2.357934e+00 1.712015e+00 1.597094e+00 2.746014e+00 1.483529e+00 1.529470e+00 1.573721e+00 1.401965e+00 1.593210e+00 1.565990e+00 1.637284e+00 1.593362e+00 1.576406e+00 1.695201e+00 1.799592e+00 1.893577e+00 1.454520e+00 1.538645e+00 1.576644e+00 1.862133e+00 1.042367e+00 1.150704e+00 1.491624e+00 1.420491e+00 1.351352e+00 1.334191e+00 1.259141e+00 1.145358e+00 1.142072e+00 1.170774e+00 1.296816e+00 1.402815e+00 1.504213e+00 2.597724e+00 2.597724e+00 2.597724e+00 1.430618e+00
-9.999000e+03 -9.999000e+03 -9.999000e+03 -9.999000e+03 -9.999000e+03 -9.999000e+03 -9.999000e+03 -9.999000e+03 -9.999000e+03 -9.999000e+03 -9.999000e+03 -9.999000e+03 -9.999000e+03 0.000000e+00 2.162052e+00 1.707228e+00 1.612772e+00 2.720233e+00 1.401265e+00 1.463829e+00 1.536847e+00 1.570365e+00 1.587499e+00 1.546334e+00 1.667444e+00 1.591706e+00 1.584765e+00 1.568637e+00 1.557779e+00 1.477046e+00 1.382711e+00 1.484091e+00 1.537187e+00 1.768163e+00 8.787262e-01 1.023034e+00 1.449993e+00 1.366977e+00 1.294131e+00 1.279940e+00 1.433913e+00 1.251326e+00 1.240190e+00 1.081041e+00 1.078888e+00 1.019506e+00 1.043888e+00 1.046701e+00 1.060754e+00 1.226119e+00 1.388073e+00 2.597724e+00
-9.999000e+03 -9.999000e+03 -9.999000e+03 -9.999000e+03 -9.999000e+03 -9.999000e+03 -9.999000e+03 -9.999000e+03 -9.999000e+03 -9.999000e+03 -9.999000e+03 -9.999000e+03 0.000000e+00 0.000000e+00 1.694277e+00 1.656734e+00 2.706618e+00 1.319645e+00 1.389699e+00 1.483277e+00 1.534219e+00 1.567482e+00 1.514286e+00 1.726044e+00 1.589771e+00 1.587698e+00 1.581365e+00 1.569792e+00 1.446065e+00 1.318678e+00 1.437474e+00 1.510983e+00 1.675912e+00 1.135230e+00 8.748840e-01 1.412401e+00 1.306426e+00 1.223449e+00 1.212182e+00 1.408188e+00 1.186549e+00 1.176239e+00 1.169663e+00 1.167214e+00 1.075607e+00 9.540035e-01 9.502658e-01 9.468069e-01 9.722580e-01 9.918702e-01 1.363387e+00 1.461329e+00
-9.999000e+03 -9.999000e+03 -9.999000e+03 -9.999000e+03 -9.999000e+03 -9.999000e+03 -9.999000e+03 -9.999000e+03 -9.999000e+03 -9.999000e+03 -9.999000e+03 -9.999000e+03 0.000000e+00 1.728615e+00 1.705843e+00 2.689026e+00 1.226871e+00 1.311859e+00 1.430692e+00 1.495566e+00 1.537789e+00 1.454577e+00 1.788265e+00 1.581555e+00 1.584934e+00 1.587346e+00 1.586686e+00 1.416117e+00 1.256331e+00 1.401729e+00 1.497782e+00 1.588285e+00 8.712879e-01 1.023060e+00 1.373086e+00 1.240347e+00 1.145054e+00 1.139576e+00 1.383680e+00 1.119353e+00 1.107155e+00 1.094918e+00 1.088371e+00 9.779620e-01 9.759921e-01 9.711340e-01 9.662031e-01 8.647856e-01 8.674676e-01 1.276091e+00 1.003296e+00 1.020480e+00
-9.999000e+03 -9.999000e+03 -9.999000e+03 -9.999000e+03 -9.999000e+03 -9.999000e+03 -9.999000e+03 -9.999000e+03 -9.999000e+03 -9.999000e+03 -9.999000e+03 0.000000e+00 1.981582e+00 1.758214e+00 2.680241e+00 1.109864e+00 1.224155e+00 1.380689e+00 1.466823e+00 1.521806e+00 1.379560e+00 1.837585e+00 1.563075e+00 1.572502e+00 1.583167e+00 1.591260e+00 1.374342e+00 1.182379e+00 1.359071e+00 1.485243e+00 1.357285e+00 1.465020e+00 8.884191e-01 1.331243e+00 1.157753e+00 1.045431e+00 1.045618e+00 1.349975e+00 1.039065e+00 1.031641e+00 1.017345e+00 9.975106e-01 8.433098e-01 8.448103e-01 8.430550e-01 8.383768e-01 8.347343e-01 8.318677e-01 1.435580e+00 8.896937e-01 8.959486e-01 8.991664e-01
-9.999000e+03 -9.999000e+03 -9.999000e+03 -9.999000e+03 -9.999000e+03 -9.999000e+03 -9.999000e+03 -9.999000e+03 -9.999000e+03 -9.999000e+03 0.000000e+00 0.000000e+00 1.786996e+00 2.678853e+00 9.733396e-01 1.125320e+00 1.334269e+00 1.448041e+00 1.525337e+00 1.303798e+00 1.866626e+00 1.554571e+00 1.563340e+00 1.577382e+00 1.589145e+00 1.303651e+00 1.076058e+00 1.294612e+00 1.449767e+00 1.304944e+00 1.304839e+00 1.300942e+00 1.292670e+00 1.055242e+00 8.951098e-01 9.065909e-01 1.292556e+00 9.133385e-01 9.118862e-01 9.078224e-01 8.889792e-01 8.605732e-01 9.941452e-01 1.105155e+00 1.196037e+00 1.270421e+00 1.334485e+00 1.390752e+00 8.423946e-01 8.504338e-01 8.506544e-01 7.752504e-01
-9.999000e+03 -9.999000e+03 -9.999000e+03 -9.999000e+03 -9.999000e+03 -9.999000e+03 -9.999000e+03 -9.999000e+03 -9.999000e+03 -9.999000e+03 0.000000e+00 1.832506e+00 2.646926e+00 1.182990e+00 1.002556e+00 1.288965e+00 1.437438e+00 1.544917e+00 1.221477e+00 1.875880e+00 1.561352e+00 1.565237e+00 1.578490e+00 1.585683e+00 1.215063e+00 9.228516e-01 1.205269e+00 1.392117e+00 1.215656e+00 1.230153e+00 1.234801e+00 1.233778e+00 9.331748e-01 9.069234e-01 1.057351e+00 1.193425e+00 9.271060e-01 1.095698e+00 1.216536e+00 1.303095e+00 8.926478e-01 8.629252e-01 9.982127e-01 1.112119e+00 1.206429e+00 1.283970e+00 1.348507e+00 1.402765e+00 1.453376e+00 1.503971e+00 1.544700e+00 1.570553e+00
-9.999000e+03 -9.999000e+03 -9.999000e+03 -9.999000e+03 -9.999000e+03 -9.999000e+03 -9.999000e+03 -9.999000e+03 -9.999000e+03 0.000000e+00 2.055726e+00 2.605213e+00 1.338200e+00 1.012773e+00 1.196450e+00 1.409262e+00 1.565786e+00 1.127739e+00 1.867887e+00 1.587544e+00 1.582002e+00 1.592110e+00 1.582975e+00 1.093266e+00 9.283666e-01 1.090245e+00 1.317134e+00 1.096951e+00 1.108618e+00 1.129624e+00 1.134548e+00 9.519014e-01 1.097435e+00 1.189684e+00 1.272147e+00 1.357255e+00 1.435058e+00 1.502952e+00 9.135320e-01 8.947580e-01 1.334740e+00 1.008207e+00 1.112330e+00 1.210648e+00 1.296490e+00 1.368371e+00 1.425121e+00 1.467512e+00 1.503993e+00 1.537992e+00 1.567646e+00 1.591948e+00
-9.999000e+03 -9.999000e+03 -9.999000e+03 -9.999000e+03 -9.999000e+03 -9.999000e+03 -9.999000e+03 -9.999000e+03 -9.999000e+03 0.000000e+00 2.485630e+00 1.522934e+00 1.209474e+00 1.020271e+00 1.323024e+00 1.553485e+00 9.907593e-01 1.843828e+00 1.622596e+00 1.613800e+00 1.627765e+00 1.585531e+00 9.337887e-01 9.264103e-01 1.088723e+00 1.220320e+00 9.379915e-01 9.414330e-01 9.532801e-01 9.768557e-01 9.753607e-01 1.112907e+00 1.206170e+00 1.276502e+00 1.340230e+00 1.402812e+00 1.461343e+00 9.062723e-01 1.531697e+00 1.033570e+00 1.017499e+00 1.366487e+00 1.406093e+00 1.452558e+00 1.496085e+00 1.531249e+00 1.558037e+00 1.576308e+00 1.590113e+00 1.600688e+00 2.856829e+00 2.805696e+00
-9.999000e+03 -9.999000e+03 -9.999000e+03 -9.999000e+03 -9.999000e+03 -9.999000e+03 -9.999000e+03 -9.999000e+03 0.000000e+00 2.001151e+00 2.406592e+00 1.418825e+00 1.026700e+00 1.200682e+00 1.497642e+00 1.556010e+00 1.774230e+00 1.648500e+00 1.648384e+00 1.687922e+00 1.589771e+00 1.103565e+00 1.219134e+00 1.306782e+00 1.386122e+00 2.193414e+00 2.275315e+00 2.350893e+00 2.433587e+00 2.531559e+00 2.604765e+00 2.641568e+00 2.670109e+00 2.695237e+00 2.721526e+00 2.749809e+00 2.776270e+00 2.792564e+00 2.752346e+00 2.367716e+00 1.908875e+00 1.962604e+00 2.022511e+00 2.085068e+00 2.140443e+00 2.184780e+00 2.226656e+00 2.269162e+00 2.308951e+00 2.867799e+00 1.689804e+00 1.689767e+00
-9.999000e+03 -9.999000e+03 -9.999000e+03 -9.999000e+03 -9.999000e+03 -9.999000e+03 -9.999000e+03 0.000000e+00 0.000000e+00 2.352343e+00 1.165898e+00 1.304510e+00 1.019269e+00 1.424911e+00 1.495344e+00 1.599180e+00 1.629615e+00 1.658858e+00 1.769352e+00 1.592894e+00 9.444353e-01 9.384936e-01 1.095581e+00 2.033228e+00 2.107283e+00 1.395172e+00 1.217279e+00 1.321452e+00 1.414493e+00 1.504326e+00 1.559319e+00 1.574355e+00 1.574164e+00 1.566542e+00 1.559930e+00 1.561484e+00 1.572789e+00 1.593122e+00 1.607677e+00 1.610067e+00 1.612450e+00 1.619158e+00 1.626059e+00 1.632685e+00 1.636111e+00 1.634714e+00 1.637060e+00 1.646619e+00 2.878073e+00 1.690724e+00 1.690529e+00 1.689546e+00
-9.999000e+03 -9.999000e+03 -9.999000e+03 -9.999000e+03 -9.999000e+03 -9.999000e+03 -9.999000e+03 0.000000e+00 1.114674e+00 2.305406e+00 9.947744e-01 1.172331e+00 1.311534e+00 1.414546e+00 1.548065e+00 1.588036e+00 1.626047e+00 1.840367e+00 1.581358e+00 1.577270e+00 1.721084e+00 1.843037e+00 1.951446e+00 1.315170e+00 1.311970e+00 1.083312e+00 9.227914e-01 1.085913e+00 1.215441e+00 1.330387e+00 1.411505e+00 1.457428e+00 1.490616e+00 1.517168e+00 1.540091e+00 1.562375e+00 2.878122e+00 2.928122e+00 2.972912e+00 3.009846e+00 3.047781e+00 3.090193e+00 2.951397e+00 2.927375e+00 3.040190e+00 3.310635e+00 3.084104e+00 2.931416e+00 1.675828e+00 1.685114e+00 1.688549e+00 1.691790e+00
-9.999000e+03 -9.999000e+03 -9.999000e+03 -9.999000e+03 -9.999000e+03 -9.999000e+03 -9.999000e+03 1.162645e+00 2.264726e+00 1.440155e+00 1.014617e+00 1.178356e+00 1.300652e+00 1.473859e+00 1.527316e+00 1.585340e+00 1.893554e+00 1.530583e+00 1.560502e+00 1.563683e+00 1.560047e+00 1.558830e+00 1.211567e+00 1.218162e+00 9.296882e-01 9.196586e-01 1.077284e+00 1.202972e+00 1.307430e+00 1.397304e+00 1.465605e+00 1.510499e+00 1.543722e+00 2.734732e+00 2.782617e+00 2.828196e+00 1.644624e+00 1.630597e+00 1.616278e+00 1.601982e+00 1.592368e+00 1.596008e+00 1.593914e+00 1.719651e+00 1.828518e+00 1.931666e+00 1.623052e+00 1.637998e+00 1.654649e+00 1.673366e+00 1.689016e+00 1.691991e+00
