tests/data/reference/test_implicit_stream_rill_mfda/control/cinfil_m3.asc
ncols	123
nrows	77
xllcorner	-713746.79929998
yllcorner	-1061022.36961616
cellsize	10.0
NODATA_value	-9999
[rows 23 to 45 of 77, columns 0 to 51 of 123]
-9.999000e+03 -9.999000e+03 -9.999000e+03 -9.999000e+03 -9.999000e+03 -9.999000e+03 -9.999000e+03 -9.999000e+03 -9.999000e+03 -9.999000e+03 -9.999000e+03 -9.999000e+03 -9.999000e+03 -9.999000e+03 1.047849e+00 1.460270e+00 1.550834e+00 1.196275e+00 1.014159e+00 1.250403e+00 1.068123e+00 0.000000e+00 1.169875e+00 1.565410e+00 1.480103e+00 1.711024e+00 1.859026e+00 1.542274e+00 1.333478e+00 1.852821e+00 8.815836e-01 1.021564e+00 1.128993e+00 1.463886e+00 1.799548e+00 1.660497e+00 2.152765e+00 8.641753e-01 1.790660e+00 1.578763e+00 1.555294e+00 1.525076e+00 1.588863e+00 1.524243e+00 1.522371e+00 1.466086e+00 1.492979e+00 1.617127e+00 1.376711e+00 1.178125e+00 1.090113e+00 8.424911e-01
-9.999000e+03 -9.999000e+03 -9.999000e+03 -9.999000e+03 -9.999000e+03 -9.999000e+03 -9.999000e+03 -9.999000e+03 -9.999000e+03 -9.999000e+03 -9.999000e+03 -9.999000e+03 -9.999000e+03 -9.999000e+03 1.450154e+00 2.249264e+00 1.765142e+00 1.113088e+00 1.023851e+00 9.336594e-01 0.000000e+00 0.000000e+00 8.556521e-01 1.070534e+00 1.584828e+00 1.769198e+00 1.911357e+00 1.604059e+00 1.226023e+00 8.214543e-01 1.830731e+00 1.022740e+00 1.131442e+00 1.224512e+00 1.896391e+00 1.650507e+00 2.196885e+00 8.614411e-01 1.831029e+00 1.590252e+00 1.577538e+00 1.555975e+00 1.592874e+00 1.550006e+00 1.547421e+00 1.504254e+00 1.522342e+00 1.614415e+00 1.424237e+00 1.252481e+00 8.415446e-01 1.168880e+00
-9.999000e+03 -9.999000e+03 -9.999000e+03 -9.999000e+03 -9.999000e+03 -9.999000e+03 -9.999000e+03 -9.999000e+03 -9.999000e+03 -9.999000e+03 -9.999000e+03 -9.999000e+03 -9.999000e+03 -9.999000e+03 2.429491e+00 1.280622e+00 9.851179e-01 9.860873e-01 9.926885e-01 1.022377e+00 0.000000e+00 1.183883e+00 1.326981e+00 1.005251e+00 1.093115e+00 1.607474e+00 1.986758e+00 1.646777e+00 1.297435e+00 8.162870e-01 9.572215e-01 1.525539e+00 1.022282e+00 1.234367e+00 1.314086e+00 1.999585e+00 8.709198e-01 2.230472e+00 1.003208e+00 1.897370e+00 1.598533e+00 1.581805e+00 1.602857e+00 1.574250e+00 1.570911e+00 1.536433e+00 1.547001e+00 1.610199e+00 1.462922e+00 1.312443e+00 9.707287e-01 8.316272e-01
-9.999000e+03 -9.999000e+03 -9.999000e+03 -9.999000e+03 -9.999000e+03 -9.999000e+03 -9.999000e+03 -9.999000e+03 -9.999000e+03 -9.999000e+03 -9.999000e+03 -9.999000e+03 9.447143e-01 1.014469e+00 1.709508e+00 1.165861e+00 9.803267e-01 1.179161e+00 1.067398e+00 0.000000e+00 1.521023e+00 1.465295e+00 1.253396e+00 1.369823e+00 1.116236e+00 1.164858e+00 2.076172e+00 1.696131e+00 1.370177e+00 9.647848e-01 8.215682e-01 1.066724e+00 1.550767e+00 1.143366e+00 1.176519e+00 1.383162e+00 2.076717e+00 1.007897e+00 2.259943e+00 1.113732e+00 1.808436e+00 1.605964e+00 1.617457e+00 1.597742e+00 1.592441e+00 1.562835e+00 1.565828e+00 1.605348e+00 1.494250e+00 1.362769e+00 1.068967e+00 8.276692e-01
-9.999000e+03 -9.999000e+03 -9.999000e+03 -9.999000e+03 -9.999000e+03 -9.999000e+03 -9.999000e+03 -9.999000e+03 -9.999000e+03 -9.999000e+03 -9.999000e+03 -9.999000e+03 -9.999000e+03 9.548232e-01 1.186059e+00 1.172094e+00 1.111507e+00 1.102209e+00 0.000000e+00 1.666672e+00 1.509556e+00 1.507958e+00 1.652238e+00 1.757671e+00 1.856372e+00 1.941693e+00 2.022106e+00 2.195699e+00 1.752782e+00 1.443420e+00 1.083504e+00 9.710002e-01 1.175888e+00 1.584941e+00 1.242644e+00 1.255205e+00 1.245670e+00 1.585722e+00 1.115616e+00 2.278876e+00 1.724249e+00 1.627810e+00 1.635194e+00 1.620232e+00 1.611342e+00 1.582268e+00 1.577614e+00 1.599889e+00 1.518239e+00 1.406154e+00 1.151833e+00 9.580510e-01
-9.999000e+03 -9.999000e+03 -9.999000e+03 -9.999000e+03 -9.999000e+03 -9.999000e+03 -9.999000e+03 -9.999000e+03 -9.999000e+03 -9.999000e+03 -9.999000e+03 -9.999000e+03 -9.999000e+03 -9.999000e+03 -9.999000e+03 1.043823e+00 1.217228e+00 0.000000e+00 0.000000e+00 1.272330e+00 1.362877e+00 1.482914e+00 1.582601e+00 1.661531e+00 1.722607e+00 1.768836e+00 1.806656e+00 2.141081e+00 2.362475e+00 1.786295e+00 1.510192e+00 1.200300e+00 1.111755e+00 1.286932e+00 1.611363e+00 1.305265e+00 1.318614e+00 1.323799e+00 1.871232e+00 1.074413e+00 1.890706e+00 1.644711e+00 1.647409e+00 1.634169e+00 1.622087e+00 1.595355e+00 1.585857e+00 1.596515e+00 1.538395e+00 1.443779e+00 1.219801e+00 1.060773e+00
-9.999000e+03 -9.999000e+03 -9.999000e+03 -9.999000e+03 -9.999000e+03 -9.999000e+03 -9.999000e+03 -9.999000e+03 -9.999000e+03 -9.999000e+03 -9.999000e+03 -9.999000e+03 -9.999000e+03 -9.999000e+03 -9.999000e+03 -9.999000e+03 1.115611e+00 0.000000e+00 1.262497e+00 1.325630e+00 1.428598e+00 1.523330e+00 1.594375e+00 1.638742e+00 1.660990e+00 1.663135e+00 1.660337e+00 1.663347e+00 1.661360e+00 2.223052e+00 2.220954e+00 2.334503e+00 1.316082e+00 1.232222e+00 1.369514e+00 1.625687e+00 1.658203e+00 1.718411e+00 1.400183e+00 1.970515e+00 1.164387e+00 1.647748e+00 1.649775e+00 1.636374e+00 1.623435e+00 1.600450e+00 1.590414e+00 1.595789e+00 1.555873e+00 1.477792e+00 1.283218e+00 1.150247e+00
-9.999000e+03 -9.999000e+03 -9.999000e+03 -9.999000e+03 -9.999000e+03 -9.999000e+03 -9.999000e+03 -9.999000e+03 -9.999000e+03 -9.999000e+03 -9.999000e+03 -9.999000e+03 -9.999000e+03 -9.999000e+03 -9.999000e+03 -9.999000e+03 0.000000e+00 1.546143e+00 1.387928e+00 1.390975e+00 1.427531e+00 2.452278e+00 2.553209e+00 2.553933e+00 2.553933e+00 2.553933e+00 2.553933e+00 2.553933e+00 2.553933e+00 2.553933e+00 2.553933e+00 2.553933e+00 2.553933e+00 2.553933e+00 2.553933e+00 2.553933e+00 2.553933e+00 2.553933e+00 2.553933e+00 2.553933e+00 2.553933e+00 2.553933e+00 1.623023e+00 1.419051e+00 1.401625e+00 1.617845e+00 1.605252e+00 1.605034e+00 1.576118e+00 1.512066e+00 1.345917e+00 1.232574e+00
-9.999000e+03 -9.999000e+03 -9.999000e+03 -9.999000e+03 -9.999000e+03 -9.999000e+03 -9.999000e+03 -9.999000e+03 -9.999000e+03 -9.999000e+03 -9.999000e+03 -9.999000e+03 -9.999000e+03 -9.999000e+03 -9.999000e+03 0.000000e+00 1.580671e+00 1.434868e+00 2.321398e+00 2.021103e+00 2.330034e+00 1.461176e+00 1.613906e+00 1.731242e+00 1.818371e+00 1.918469e+00 2.004910e+00 2.082626e+00 2.159907e+00 2.220053e+00 2.281849e+00 2.359130e+00 2.450644e+00 2.553933e+00 2.553933e+00 2.553933e+00 2.553933e+00 2.523034e+00 2.491531e+00 2.477431e+00 2.438292e+00 2.356554e+00 2.553933e+00 2.553933e+00 2.553933e+00 1.478408e+00 1.495539e+00 1.629540e+00 1.602401e+00 1.549885e+00 1.413222e+00 1.318938e+00
-9.999000e+03 -9.999000e+03 -9.999000e+03 -9.999000e+03 -9.999000e+03 -9.999000e+03 -9.999000e+03 -9.999000e+03 -9.999000e+03 -9.999000e+03 -9.999000e+03 -9.999000e+03 -9.999000e+03 -9.999000e+03 0.000000e+00 0.000000e+00 2.238268e+00 2.246699e+00 1.628787e+00 2.770163e+00 1.375267e+00 1.389268e+00 1.405906e+00 1.461334e+00 1.574967e+00 1.395679e+00 1.423172e+00 1.595050e+00 1.592042e+00 1.382134e+00 1.437550e+00 1.729539e+00 1.861450e+00 1.986637e+00 2.093525e+00 2.180590e+00 1.082426e+00 1.126952e+00 1.321401e+00 1.263450e+00 1.216383e+00 1.212191e+00 1.400374e+00 1.517538e+00 1.629497e+00 2.553933e+00 2.553933e+00 2.553933e+00 1.429772e+00 1.484597e+00 1.500816e+00 1.421248e+00
-9.999000e+03 -9.999000e+03 -9.999000e+03 -9.999000e+03 -9.999000e+03 -9.999000e+03 -9.999000e+03 -9.999000e+03 -9.999000e+03 -9.999000e+03 -9.999000e+03 -9.999000e+03 -9.999000e+03 -9.999000e+03 0.000000e+00 2.399704e+00 1.706976e+00 1.603967e+00 2.750663e+00 1.487098e+00 1.531803e+00 1.576368e+00 1.402892e+00 1.597852e+00 1.566576e+00 1.648758e+00 1.597981e+00 1.580381e+00 1.703087e+00 1.809509e+00 1.904693e+00 1.458078e+00 1.540912e+00 1.580067e+00 1.870476e+00 1.056228e+00 1.161023e+00 1.495203e+00 1.424103e+00 1.356105e+00 1.339442e+00 1.258782e+00 1.149317e+00 1.146387e+00 1.175931e+00 1.305043e+00 1.411880e+00 1.514338e+00 2.553933e+00 2.553933e+00 2.553933e+00 1.430922e+00
-9.999000e+03 -9.999000e+03 -9.999000e+03 -9.999000e+03 -9.999000e+03 -9.999000e+03 -9.999000e+03 -9.999000e+03 -9.999000e+03 -9.999000e+03 -9.999000e+03 -9.999000e+03 -9.999000e+03 0.000000e+00 2.203413e+00 1.707349e+00 1.615331e+00 2.731547e+00 1.406122e+00 1.467316e+00 1.540211e+00 1.574925e+00 1.593399e+00 1.547381e+00 1.679630e+00 1.596708e+00 1.589757e+00 1.573385e+00 1.562750e+00 1.478639e+00 1.387072e+00 1.486493e+00 1.539281e+00 1.776611e+00 8.927586e-01 1.036253e+00 1.453607e+00 1.371889e+00 1.300889e+00 1.287031e+00 1.435309e+00 1.259243e+00 1.248268e+00 1.086468e+00 1.084450e+00 1.027207e+00 1.052331e+00 1.055311e+00 1.069478e+00 1.237825e+00 1.401111e+00 2.553933e+00
-9.999000e+03 -9.999000e+03 -9.999000e+03 -9.999000e+03 -9.999000e+03 -9.999000e+03 -9.999000e+03 -9.999000e+03 -9.999000e+03 -9.999000e+03 -9.999000e+03 -9.999000e+03 0.000000e+00 0.000000e+00 1.701696e+00 1.653072e+00 2.715064e+00 1.326017e+00 1.394834e+00 1.487502e+00 1.538891e+00 1.574142e+00 1.516788e+00 1.735167e+00 1.595743e+00 1.593342e+00 1.586906e+00 1.574597e+00 1.447756e+00 1.324285e+00 1.439562e+00 1.511730e+00 1.684623e+00 1.148982e+00 8.889132e-01 1.416099e+00 1.312796e+00 1.232862e+00 1.221315e+00 1.409858e+00 1.196052e+00 1.186081e+00 1.179697e+00 1.177702e+00 1.090606e+00 9.632958e-01 9.599019e-01 9.579282e-01 9.829935e-01 1.002258e+00 1.362765e+00 1.462868e+00
-9.999000e+03 -9.999000e+03 -9.999000e+03 -9.999000e+03 -9.999000e+03 -9.999000e+03 -9.999000e+03 -9.999000e+03 -9.999000e+03 -9.999000e+03 -9.999000e+03 -9.999000e+03 0.000000e+00 1.744053e+00 1.699782e+00 2.697177e+00 1.236486e+00 1.318338e+00 1.434684e+00 1.499390e+00 1.544217e+00 1.458383e+00 1.790362e+00 1.588772e+00 1.591631e+00 1.593677e+00 1.592254e+00 1.418950e+00 1.263965e+00 1.405033e+00 1.497916e+00 1.597950e+00 8.853628e-01 1.036058e+00 1.377170e+00 1.248530e+00 1.157279e+00 1.153453e+00 1.386398e+00 1.130313e+00 1.118407e+00 1.106109e+00 1.100748e+00 9.926142e-01 9.906559e-01 9.858688e-01 9.809882e-01 8.767392e-01 8.797232e-01 1.275386e+00 1.013486e+00 1.029500e+00
-9.999000e+03 -9.999000e+03 -9.999000e+03 -9.999000e+03 -9.999000e+03 -9.999000e+03 -9.999000e+03 -9.999000e+03 -9.999000e+03 -9.999000e+03 -9.999000e+03 0.000000e+00 2.007641e+00 1.756244e+00 2.685576e+00 1.120749e+00 1.233297e+00 1.384853e+00 1.469824e+00 1.527068e+00 1.384564e+00 1.833749e+00 1.570607e+00 1.579369e+00 1.590541e+00 1.597199e+00 1.379103e+00 1.192501e+00 1.363743e+00 1.486836e+00 1.361495e+00 1.473085e+00 9.027283e-01 1.335757e+00 1.168370e+00 1.059313e+00 1.059322e+00 1.354603e+00 1.052022e+00 1.044084e+00 1.030155e+00 1.010946e+00 8.583409e-01 8.598022e-01 8.580929e-01 8.535423e-01 8.500046e-01 8.472240e-01 1.437863e+00 9.017037e-01 9.088374e-01 9.115649e-01
-9.999000e+03 -9.999000e+03 -9.999000e+03 -9.999000e+03 -9.999000e+03 -9.999000e+03 -9.999000e+03 -9.999000e+03 -9.999000e+03 -9.999000e+03 0.000000e+00 0.000000e+00 1.792760e+00 2.683864e+00 9.856224e-01 1.135642e+00 1.339026e+00 1.450410e+00 1.528529e+00 1.310316e+00 1.861608e+00 1.561630e+00 1.570908e+00 1.585817e+00 1.595365e+00 1.310346e+00 1.089924e+00 1.301558e+00 1.452415e+00 1.311601e+00 1.311093e+00 1.306969e+00 1.298780e+00 1.068218e+00 9.091096e-01 9.202194e-01 1.300043e+00 9.269180e-01 9.254748e-01 9.214406e-01 9.032620e-01 8.751769e-01 1.008141e+00 1.117657e+00 1.206001e+00 1.278469e+00 1.340174e+00 1.394911e+00 8.574502e-01 8.652883e-01 8.655037e-01 7.879598e-01
-9.999000e+03 -9.999000e+03 -9.999000e+03 -9.999000e+03 -9.999000e+03 -9.999000e+03 -9.999000e+03 -9.999000e+03 -9.999000e+03 -9.999000e+03 0.000000e+00 1.846569e+00 2.651664e+00 1.192565e+00 1.014037e+00 1.295625e+00 1.440193e+00 1.546246e+00 1.230455e+00 1.872884e+00 1.566968e+00 1.572050e+00 1.587740e+00 1.591706e+00 1.224601e+00 9.365736e-01 1.214633e+00 1.396734e+00 1.225134e+00 1.239693e+00 1.243423e+00 1.242401e+00 9.466348e-01 9.205491e-01 1.070076e+00 1.203435e+00 9.407164e-01 1.107291e+00 1.226101e+00 1.309725e+00 9.067600e-01 8.774094e-01 1.012090e+00 1.124420e+00 1.216648e+00 1.291695e+00 1.353768e+00 1.406533e+00 1.455405e+00 1.504964e+00 1.544591e+00 1.569975e+00
-9.999000e+03 -9.999000e+03 -9.999000e+03 -9.999000e+03 -9.999000e+03 -9.999000e+03 -9.999000e+03 -9.999000e+03 -9.999000e+03 0.000000e+00 2.079763e+00 2.612861e+00 1.344109e+00 1.024018e+00 1.205190e+00 1.413663e+00 1.566850e+00 1.138649e+00 1.867632e+00 1.591370e+00 1.587325e+00 1.601783e+00 1.587941e+00 1.103660e+00 9.419447e-01 1.101560e+00 1.323674e+00 1.108604e+00 1.119946e+00 1.141432e+00 1.146919e+00 9.647450e-01 1.108882e+00 1.198937e+00 1.279525e+00 1.362702e+00 1.439261e+00 1.505725e+00 9.271103e-01 9.087737e-01 1.338786e+00 1.021459e+00 1.124214e+00 1.220965e+00 1.304210e+00 1.374065e+00 1.428683e+00 1.468939e+00 1.504180e+00 1.537277e+00 1.566993e+00 1.592022e+00
-9.999000e+03 -9.999000e+03 -9.999000e+03 -9.999000e+03 -9.999000e+03 -9.999000e+03 -9.999000e+03 -9.999000e+03 -9.999000e+03 0.000000e+00 2.490099e+00 1.525783e+00 1.218488e+00 1.031297e+00 1.329252e+00 1.554875e+00 1.002590e+00 1.846030e+00 1.624420e+00 1.617096e+00 1.638109e+00 1.588696e+00 9.472271e-01 9.400385e-01 1.100633e+00 1.230187e+00 9.512815e-01 9.546061e-01 9.660607e-01 9.890251e-01 9.876210e-01 1.123698e+00 1.215016e+00 1.283460e+00 1.345420e+00 1.407336e+00 1.464686e+00 9.199035e-01 1.532498e+00 1.045946e+00 1.030519e+00 1.369549e+00 1.409079e+00 1.455815e+00 1.499167e+00 1.534352e+00 1.560518e+00 1.577991e+00 1.591946e+00 1.602571e+00 2.578759e+00 2.967769e+00
-9.999000e+03 -9.999000e+03 -9.999000e+03 -9.999000e+03 -9.999000e+03 -9.999000e+03 -9.999000e+03 -9.999000e+03 0.000000e+00 2.027160e+00 2.410819e+00 1.423773e+00 1.037535e+00 1.209308e+00 1.499905e+00 1.557266e+00 1.777858e+00 1.649923e+00 1.650995e+00 1.699023e+00 1.591134e+00 1.114960e+00 1.228604e+00 1.313324e+00 1.390787e+00 2.205899e+00 2.287266e+00 2.364314e+00 2.449358e+00 2.549245e+00 2.621291e+00 2.653370e+00 2.677622e+00 2.701770e+00 2.736053e+00 2.753851e+00 2.777668e+00 2.781300e+00 2.712774e+00 2.369621e+00 1.947841e+00 1.980344e+00 2.035318e+00 2.095396e+00 2.150121e+00 2.193078e+00 2.235427e+00 2.275608e+00 2.313275e+00 3.007428e+00 1.692607e+00 1.692125e+00
-9.999000e+03 -9.999000e+03 -9.999000e+03 -9.999000e+03 -9.999000e+03 -9.999000e+03 -9.999000e+03 0.000000e+00 0.000000e+00 2.356511e+00 1.175646e+00 1.311419e+00 1.030324e+00 1.429620e+00 1.497886e+00 1.600610e+00 1.631122e+00 1.661838e+00 1.779222e+00 1.593498e+00 9.575100e-01 9.517663e-01 1.106890e+00 2.041442e+00 2.116500e+00 1.399985e+00 1.227139e+00 1.328097e+00 1.419026e+00 1.507044e+00 1.559905e+00 1.573533e+00 1.573139e+00 1.566804e+00 1.562580e+00 1.566557e+00 1.578866e+00 1.599954e+00 1.613887e+00 1.615148e+00 1.616754e+00 1.623229e+00 1.630769e+00 1.637967e+00 1.641731e+00 1.640310e+00 1.642575e+00 1.652177e+00 2.720110e+00 1.694656e+00 1.693847e+00 1.692203e+00
-9.999000e+03 -9.999000e+03 -9.999000e+03 -9.999000e+03 -9.999000e+03 -9.999000e+03 -9.999000e+03 0.000000e+00 1.123630e+00 2.311231e+00 1.006492e+00 1.181719e+00 1.318242e+00 1.419281e+00 1.550113e+00 1.590420e+00 1.629906e+00 1.844568e+00 1.581763e+00 1.577806e+00 1.725110e+00 1.849453e+00 1.959320e+00 1.321959e+00 1.318612e+00 1.097254e+00 9.365150e-01 1.098920e+00 1.225191e+00 1.337019e+00 1.415762e+00 1.459479e+00 1.491687e+00 1.517537e+00 1.540994e+00 1.564445e+00 2.899771e+00 2.961413e+00 3.002328e+00 3.043670e+00 3.090257e+00 3.139680e+00 3.007136e+00 2.862936e+00 3.070750e+00 3.309019e+00 2.990413e+00 3.152155e+00 1.680652e+00 1.689399e+00 1.692106e+00 1.695670e+00
-9.999000e+03 -9.999000e+03 -9.999000e+03 -9.999000e+03 -9.999000e+03 -9.999000e+03 -9.999000e+03 1.167797e+00 2.271323e+00 1.444531e+00 1.025808e+00 1.187922e+00 1.307605e+00 1.477673e+00 1.530436e+00 1.590327e+00 1.890446e+00 1.532603e+00 1.561538e+00 1.564321e+00 1.561156e+00 1.561250e+00 1.221239e+00 1.228012e+00 9.432332e-01 9.334674e-01 1.091402e+00 1.212516e+00 1.314505e+00 1.402390e+00 1.468285e+00 1.511513e+00 1.543579e+00 2.753257e+00 2.806845e+00 2.848398e+00 1.644628e+00 1.631081e+00 1.617228e+00 1.603454e+00 1.594392e+00 1.600283e+00 1.597482e+00 1.726889e+00 1.838047e+00 1.942598e+00 1.627713e+00 1.642537e+00 1.658979e+00 1.677519e+00 1.694041e+00 1.695618e+00
