tests/data/reference/test_implicit_stream_rill_mfda/control/cinfil_m3.asc
ncols	123
nrows	77
xllcorner	-713746.79929998
yllcorner	-1061022.36961616
cellsize	10.0
NODATA_value	-9999
[rows 23 to 45 of 77, columns 52 to 103 of 123]
9.659233e-01 1.234044e+00 1.298080e+00 1.400296e+00 1.439460e+00 1.510240e+00 1.482712e+00 1.422330e+00 1.428314e+00 1.379315e+00 1.321150e+00 1.323343e+00 1.326060e+00 1.331946e+00 1.344376e+00 1.619424e+00 1.881281e+00 1.940490e+00 1.488130e+00 1.469120e+00 1.309868e+00 1.225779e+00 1.131151e+00 1.230549e+00 8.825392e-01 1.043096e+00 3.167610e+00 2.063923e+00 1.661321e+00 1.264592e+00 1.149817e+00 1.033484e+00 8.984886e-01 9.291093e-01 -9.999000e+03 -9.999000e+03 -9.999000e+03 -9.999000e+03 -9.999000e+03 -9.999000e+03 -9.999000e+03 -9.999000e+03 -9.999000e+03 -9.999000e+03 -9.999000e+03 -9.999000e+03 -9.999000e+03 -9.999000e+03 -9.999000e+03 -9.999000e+03 -9.999000e+03 -9.999000e+03
9.602684e-01 1.064137e+00 1.296471e+00 1.356412e+00 1.444713e+00 1.478848e+00 1.535743e+00 1.522141e+00 1.472818e+00 1.476467e+00 1.433687e+00 1.382483e+00 1.385944e+00 1.394048e+00 1.406874e+00 1.424201e+00 1.973479e+00 1.979986e+00 1.513610e+00 1.486008e+00 1.355292e+00 1.283314e+00 1.206421e+00 1.285680e+00 1.013769e+00 1.143073e+00 8.961283e-01 3.195762e+00 2.151425e+00 1.776653e+00 1.417082e+00 1.149445e+00 1.039449e+00 1.063374e+00 9.396623e-01 -9.999000e+03 -9.999000e+03 -9.999000e+03 -9.999000e+03 -9.999000e+03 -9.999000e+03 -9.999000e+03 -9.999000e+03 -9.999000e+03 -9.999000e+03 -9.999000e+03 -9.999000e+03 -9.999000e+03 -9.999000e+03 -9.999000e+03 -9.999000e+03 -9.999000e+03
1.227982e+00 1.060984e+00 1.150492e+00 1.355118e+00 1.410113e+00 1.488381e+00 1.520187e+00 1.564890e+00 1.555990e+00 1.513415e+00 1.516430e+00 1.480635e+00 1.440823e+00 1.451366e+00 1.462270e+00 1.472977e+00 1.835502e+00 2.001668e+00 1.527954e+00 1.498875e+00 1.394536e+00 1.334451e+00 1.271527e+00 1.335653e+00 1.113445e+00 1.216636e+00 1.020590e+00 3.195762e+00 8.887589e-01 2.197115e+00 1.879140e+00 1.270035e+00 1.156044e+00 1.150186e+00 1.043930e+00 9.080085e-01 9.326806e-01 9.350765e-01 -9.999000e+03 -9.999000e+03 -9.999000e+03 -9.999000e+03 -9.999000e+03 -9.999000e+03 -9.999000e+03 -9.999000e+03 -9.999000e+03 -9.999000e+03 -9.999000e+03 -9.999000e+03 -9.999000e+03 -9.999000e+03
9.525443e-01 1.289966e+00 1.149594e+00 1.231533e+00 1.413953e+00 1.464278e+00 1.530615e+00 1.554400e+00 1.586054e+00 1.580990e+00 1.548324e+00 1.554407e+00 1.528772e+00 1.498190e+00 1.507674e+00 1.516133e+00 1.736613e+00 2.017884e+00 1.542586e+00 1.514709e+00 1.434116e+00 1.385052e+00 1.333879e+00 1.383970e+00 1.197614e+00 1.278504e+00 1.112180e+00 3.195762e+00 1.015057e+00 2.230355e+00 1.965200e+00 1.358675e+00 1.254397e+00 1.233966e+00 1.138842e+00 1.040136e+00 1.068614e+00 9.250773e-01 1.088428e+00 9.380596e-01 -9.999000e+03 -9.999000e+03 -9.999000e+03 -9.999000e+03 -9.999000e+03 -9.999000e+03 -9.999000e+03 -9.999000e+03 -9.999000e+03 -9.999000e+03 -9.999000e+03 -9.999000e+03
1.054001e+00 8.210022e-01 1.352759e+00 1.236778e+00 1.311292e+00 1.468969e+00 1.508852e+00 1.560194e+00 1.578920e+00 1.604430e+00 1.605028e+00 1.582642e+00 1.589818e+00 1.568546e+00 1.543307e+00 1.555190e+00 1.685405e+00 2.027872e+00 1.562492e+00 1.537425e+00 1.478004e+00 1.439498e+00 1.397421e+00 1.433968e+00 1.273853e+00 1.334854e+00 1.189978e+00 3.195762e+00 1.108416e+00 2.246553e+00 2.016708e+00 1.407904e+00 1.336489e+00 1.325996e+00 1.243425e+00 1.158430e+00 9.037570e-01 9.175047e-01 1.084897e+00 1.213940e+00 1.101557e+00 0.000000e+00 -9.999000e+03 -9.999000e+03 -9.999000e+03 -9.999000e+03 -9.999000e+03 -9.999000e+03 -9.999000e+03 -9.999000e+03 -9.999000e+03 -9.999000e+03
1.141485e+00 9.577820e-01 1.409727e+00 1.311665e+00 8.406037e-01 1.377676e+00 1.511733e+00 1.542680e+00 1.584434e+00 1.600849e+00 1.621900e+00 1.626630e+00 1.611747e+00 1.619368e+00 1.606268e+00 1.591632e+00 1.638471e+00 2.013382e+00 1.577304e+00 1.555600e+00 1.512655e+00 1.483398e+00 1.449819e+00 1.476806e+00 1.339828e+00 1.384502e+00 1.257546e+00 3.155000e+00 1.187053e+00 2.257812e+00 2.065319e+00 1.445711e+00 1.400693e+00 1.402908e+00 1.336496e+00 1.261023e+00 1.056936e+00 1.068319e+00 9.184888e-01 1.203183e+00 0.000000e+00 0.000000e+00 0.000000e+00 0.000000e+00 -9.999000e+03 -9.999000e+03 -9.999000e+03 -9.999000e+03 -9.999000e+03 -9.999000e+03 -9.999000e+03 -9.999000e+03
1.221711e+00 1.068639e+00 1.462079e+00 1.376134e+00 8.385659e-01 9.774448e-01 1.432970e+00 1.546085e+00 1.569771e+00 1.603829e+00 1.618595e+00 1.637581e+00 1.646494e+00 1.641893e+00 1.655636e+00 1.650793e+00 1.635554e+00 1.690731e+00 1.582892e+00 1.564232e+00 1.533083e+00 1.511935e+00 1.487144e+00 1.509445e+00 1.395301e+00 1.428387e+00 1.318057e+00 3.195762e+00 1.258605e+00 2.263474e+00 2.116081e+00 1.476234e+00 1.446197e+00 1.456047e+00 1.409589e+00 1.350792e+00 1.179979e+00 1.183635e+00 1.067522e+00 0.000000e+00 0.000000e+00 1.536559e+00 1.306563e+00 1.031731e+00 0.000000e+00 -9.999000e+03 -9.999000e+03 -9.999000e+03 -9.999000e+03 -9.999000e+03 -9.999000e+03 -9.999000e+03
1.300347e+00 1.167733e+00 1.511462e+00 1.433418e+00 9.759202e-01 8.378439e-01 1.082880e+00 1.476200e+00 1.572809e+00 1.595064e+00 1.625099e+00 1.641324e+00 1.661033e+00 1.675319e+00 1.677113e+00 1.685212e+00 1.672984e+00 1.650721e+00 1.634893e+00 1.567589e+00 1.547599e+00 1.534916e+00 1.518376e+00 1.536697e+00 1.442446e+00 1.466441e+00 1.372564e+00 3.195762e+00 1.322006e+00 2.248582e+00 2.161976e+00 1.496621e+00 1.477555e+00 1.491384e+00 8.883388e-01 8.986165e-01 1.270769e+00 1.268912e+00 0.000000e+00 0.000000e+00 1.007353e+00 1.600352e+00 1.401538e+00 1.168657e+00 1.018292e+00 0.000000e+00 -9.999000e+03 -9.999000e+03 -9.999000e+03 -9.999000e+03 -9.999000e+03 -9.999000e+03
1.382819e+00 1.262201e+00 1.558728e+00 1.485523e+00 1.083869e+00 9.734980e-01 8.329869e-01 1.165074e+00 1.516953e+00 1.605549e+00 1.628791e+00 1.657951e+00 1.675467e+00 1.691729e+00 1.697736e+00 1.689875e+00 1.686595e+00 1.669753e+00 1.601704e+00 1.567345e+00 1.558823e+00 1.555098e+00 1.545866e+00 1.559841e+00 1.482073e+00 1.499333e+00 1.422569e+00 3.195762e+00 1.378153e+00 2.185707e+00 2.202101e+00 1.508105e+00 1.497276e+00 8.615100e-01 8.737895e-01 8.849756e-01 1.332257e+00 0.000000e+00 0.000000e+00 9.366652e-01 1.138154e+00 1.692856e+00 1.516036e+00 1.303464e+00 1.172039e+00 9.932356e-01 1.013478e+00 -9.999000e+03 -9.999000e+03 -9.999000e+03 -9.999000e+03 -9.999000e+03
1.474495e+00 1.358767e+00 1.610192e+00 1.540388e+00 8.470817e-01 1.177053e+00 1.081696e+00 9.732882e-01 1.249177e+00 1.562583e+00 1.639110e+00 1.660410e+00 1.682439e+00 1.692020e+00 1.697206e+00 1.694755e+00 1.684438e+00 1.677927e+00 1.584732e+00 1.572024e+00 1.572442e+00 1.574595e+00 1.569398e+00 1.578433e+00 1.515076e+00 1.528157e+00 1.468550e+00 3.195762e+00 1.431952e+00 1.990582e+00 2.245041e+00 1.520841e+00 8.496109e-01 8.539269e-01 8.631108e-01 8.730201e-01 0.000000e+00 0.000000e+00 9.142094e-01 1.079340e+00 1.230791e+00 1.755079e+00 9.562328e-01 9.790095e-01 1.272291e+00 1.134405e+00 1.134764e+00 9.964323e-01 0.000000e+00 -9.999000e+03 -9.999000e+03 -9.999000e+03
1.535701e+00 1.564910e+00 1.448747e+00 1.661578e+00 1.594416e+00 9.977143e-01 1.264612e+00 1.181587e+00 1.090769e+00 1.323606e+00 1.595521e+00 1.655421e+00 1.668124e+00 1.681120e+00 1.686271e+00 1.688543e+00 1.686729e+00 1.680071e+00 1.677230e+00 1.575037e+00 1.592498e+00 1.595621e+00 1.589849e+00 1.592735e+00 1.542150e+00 1.553662e+00 1.511195e+00 3.195762e+00 1.486033e+00 1.686244e+00 2.294215e+00 8.504692e-01 8.528238e-01 8.539464e-01 0.000000e+00 0.000000e+00 0.000000e+00 8.721230e-01 1.054229e+00 1.180786e+00 1.300799e+00 9.027683e-01 9.165528e-01 1.100608e+00 1.337402e+00 1.258363e+00 1.270253e+00 9.790487e-01 9.952239e-01 0.000000e+00 -9.999000e+03 -9.999000e+03
2.468751e+00 2.468751e+00 1.418057e+00 1.325779e+00 1.698050e+00 1.632710e+00 1.107443e+00 1.335369e+00 1.259245e+00 1.176932e+00 1.378472e+00 1.611898e+00 1.656020e+00 1.664084e+00 1.673526e+00 1.678512e+00 1.682717e+00 1.684757e+00 1.684439e+00 1.398755e+00 1.617488e+00 1.620597e+00 1.612536e+00 1.609287e+00 1.570278e+00 1.582079e+00 1.555530e+00 3.160058e+00 1.537873e+00 1.620236e+00 2.341592e+00 8.522352e-01 8.525460e-01 0.000000e+00 0.000000e+00 8.972521e-01 8.633505e-01 1.012057e+00 1.157455e+00 1.259685e+00 8.824971e-01 8.891844e-01 8.980406e-01 1.190595e+00 1.382601e+00 1.335451e+00 9.589735e-01 9.572001e-01 9.559117e-01 1.287839e+00 1.003549e+00 0.000000e+00
1.560356e+00 1.639408e+00 2.468751e+00 1.485309e+00 1.395969e+00 1.459277e+00 1.408128e+00 1.046909e+00 1.199646e+00 1.144934e+00 1.086062e+00 1.221483e+00 1.374183e+00 1.399741e+00 1.405561e+00 1.414711e+00 1.424569e+00 1.434926e+00 1.444849e+00 1.453507e+00 1.441795e+00 1.422048e+00 1.410841e+00 1.401213e+00 1.605059e+00 1.618907e+00 1.606015e+00 3.071160e+00 1.587675e+00 1.630984e+00 2.383325e+00 8.513646e-01 0.000000e+00 0.000000e+00 8.840841e-01 1.039929e+00 1.006348e+00 1.119235e+00 1.240410e+00 8.664122e-01 8.731873e-01 8.814458e-01 8.903796e-01 9.025469e-01 1.415146e+00 1.377904e+00 9.224756e-01 1.085723e+00 1.091273e+00 1.336666e+00 9.574405e-01 1.287438e+00
8.053510e-01 9.384893e-01 1.046443e+00 2.468751e+00 2.468751e+00 2.468751e+00 2.468751e+00 1.456585e+00 1.136440e+00 1.276575e+00 1.228795e+00 1.175845e+00 1.298694e+00 1.433620e+00 1.546149e+00 1.470741e+00 1.482565e+00 1.493501e+00 1.504206e+00 1.514031e+00 8.195963e-01 1.479606e+00 1.567288e+00 1.461539e+00 1.410434e+00 1.427537e+00 1.655462e+00 2.981198e+00 1.630197e+00 1.649635e+00 2.414530e+00 0.000000e+00 0.000000e+00 8.514563e-01 1.025501e+00 1.148682e+00 1.116378e+00 1.208530e+00 1.311929e+00 8.614409e-01 8.667666e-01 8.752476e-01 8.838939e-01 8.942931e-01 1.444346e+00 1.417514e+00 1.069279e+00 1.188087e+00 1.193361e+00 1.411089e+00 1.090049e+00 1.331604e+00
1.014178e+00 1.096703e+00 1.175899e+00 1.265079e+00 1.337098e+00 1.382749e+00 1.426357e+00 2.468751e+00 2.468751e+00 2.468751e+00 2.468751e+00 2.468751e+00 2.468751e+00 2.468751e+00 2.468751e+00 2.468751e+00 2.468751e+00 1.569502e+00 1.565486e+00 1.563504e+00 1.558372e+00 9.447404e-01 1.522237e+00 1.509233e+00 1.481631e+00 1.506181e+00 1.465280e+00 2.886338e+00 1.660761e+00 1.663336e+00 0.000000e+00 0.000000e+00 8.450032e-01 8.488767e-01 1.131422e+00 1.235896e+00 1.206401e+00 1.285929e+00 1.375702e+00 8.598212e-01 8.633290e-01 8.708433e-01 8.784664e-01 8.877426e-01 8.992201e-01 9.108593e-01 1.194057e+00 1.286997e+00 1.284592e+00 1.473392e+00 1.183438e+00 1.399573e+00
9.060980e-01 1.001991e+00 1.092184e+00 2.190737e+00 2.184751e+00 2.172838e+00 2.159261e+00 2.151058e+00 2.148432e+00 2.151617e+00 2.158611e+00 2.169532e+00 2.183263e+00 2.200211e+00 2.217863e+00 2.232121e+00 2.233802e+00 2.468751e+00 2.468751e+00 1.631226e+00 1.616693e+00 1.595623e+00 1.554331e+00 1.564468e+00 1.550148e+00 1.574558e+00 1.539013e+00 2.243029e+00 1.680730e+00 0.000000e+00 0.000000e+00 8.454156e-01 8.434708e-01 8.472819e-01 1.218559e+00 1.309064e+00 1.281672e+00 1.350901e+00 8.560055e-01 8.559147e-01 8.586194e-01 8.658406e-01 8.736103e-01 8.818302e-01 8.916629e-01 9.038202e-01 9.149568e-01 1.370194e+00 1.365371e+00 1.530862e+00 1.270092e+00 1.464710e+00
1.585443e+00 2.746195e+00 2.726888e+00 1.620319e+00 1.603005e+00 1.581276e+00 1.564414e+00 1.552222e+00 1.531278e+00 1.523780e+00 1.521098e+00 1.308578e+00 1.269537e+00 1.280012e+00 1.293541e+00 1.308545e+00 1.489603e+00 1.616157e+00 1.730475e+00 2.468751e+00 2.468751e+00 2.468751e+00 2.468751e+00 1.603174e+00 1.621117e+00 1.632628e+00 1.594062e+00 2.187462e+00 0.000000e+00 0.000000e+00 8.519194e-01 9.836191e-01 8.426105e-01 8.466017e-01 1.293153e+00 1.371624e+00 1.345182e+00 1.403897e+00 8.504583e-01 8.500246e-01 8.522865e-01 8.593467e-01 8.686497e-01 8.773654e-01 8.837618e-01 8.917675e-01 9.037711e-01 1.433746e+00 1.435180e+00 1.586668e+00 1.361639e+00 1.533726e+00
2.775001e+00 1.657146e+00 1.639793e+00 1.623204e+00 1.605207e+00 1.586182e+00 1.568923e+00 1.532941e+00 1.517951e+00 1.506993e+00 1.503130e+00 1.416164e+00 1.418812e+00 1.423484e+00 1.430647e+00 1.305951e+00 1.275676e+00 2.384747e+00 2.467844e+00 2.468751e+00 2.468751e+00 2.441852e+00 2.468751e+00 2.468751e+00 1.692371e+00 1.707080e+00 1.647807e+00 8.162799e-01 0.000000e+00 8.210704e-01 9.965988e-01 1.092067e+00 8.404046e-01 9.833065e-01 1.356974e+00 1.425300e+00 1.399626e+00 1.448752e+00 8.461825e-01 8.458378e-01 8.483175e-01 8.545507e-01 8.639884e-01 8.744529e-01 8.798301e-01 8.836984e-01 8.928850e-01 9.043404e-01 1.485299e+00 1.623381e+00 1.434795e+00 1.588261e+00
1.678248e+00 1.664607e+00 1.650841e+00 1.638971e+00 1.626256e+00 1.609585e+00 1.557262e+00 1.538412e+00 1.520771e+00 1.509425e+00 1.381780e+00 1.379025e+00 1.376935e+00 1.376365e+00 1.488756e+00 1.415668e+00 2.737072e+00 1.519146e+00 1.241674e+00 1.233626e+00 1.247507e+00 0.000000e+00 0.000000e+00 0.000000e+00 2.468751e+00 1.925415e+00 1.742200e+00 0.000000e+00 0.000000e+00 9.822301e-01 1.005149e+00 1.185827e+00 8.375464e-01 1.084941e+00 1.410039e+00 1.471644e+00 1.447144e+00 8.451889e-01 8.428205e-01 8.422184e-01 8.457157e-01 8.521360e-01 8.607503e-01 8.720891e-01 8.784693e-01 8.798529e-01 8.840163e-01 8.914091e-01 1.515078e+00 1.636068e+00 1.482864e+00 1.621532e+00
1.681402e+00 1.672496e+00 1.663414e+00 1.656889e+00 1.648575e+00 1.582077e+00 1.563529e+00 1.544714e+00 1.529119e+00 1.355258e+00 1.347851e+00 1.342006e+00 1.337568e+00 1.481606e+00 1.375130e+00 2.446588e+00 1.506837e+00 1.374272e+00 1.328883e+00 1.336059e+00 1.259725e+00 1.173416e+00 1.212312e+00 0.000000e+00 0.000000e+00 0.000000e+00 2.454427e+00 0.000000e+00 8.588424e-01 1.132112e+00 1.133087e+00 1.127319e+00 9.844673e-01 1.176911e+00 1.458393e+00 1.510527e+00 1.486634e+00 8.428479e-01 8.407126e-01 8.388140e-01 8.416447e-01 8.489015e-01 8.579630e-01 8.697053e-01 8.771500e-01 8.787904e-01 8.807794e-01 1.035869e+00 1.536320e+00 1.637146e+00 1.518652e+00 1.637641e+00
1.687296e+00 1.682594e+00 1.678153e+00 1.674390e+00 1.595541e+00 1.581969e+00 1.564695e+00 1.550420e+00 1.332527e+00 1.321608e+00 1.310439e+00 1.302836e+00 1.486653e+00 1.344579e+00 2.452330e+00 1.520266e+00 1.333037e+00 1.270135e+00 1.265056e+00 1.410540e+00 1.266705e+00 1.105919e+00 1.119285e+00 1.166460e+00 1.190718e+00 0.000000e+00 0.000000e+00 0.000000e+00 2.218260e+00 1.032697e+00 1.340283e+00 1.244902e+00 1.119266e+00 1.272755e+00 1.506521e+00 1.543014e+00 1.518107e+00 8.395801e-01 8.389309e-01 8.367049e-01 8.378649e-01 8.445388e-01 8.544983e-01 8.673851e-01 8.759787e-01 8.792301e-01 8.815262e-01 1.149059e+00 1.553484e+00 1.631651e+00 1.546062e+00 1.639695e+00
1.690915e+00 1.690980e+00 1.688112e+00 1.588571e+00 1.581812e+00 1.568614e+00 1.554660e+00 1.291607e+00 1.287724e+00 1.276889e+00 1.266281e+00 1.494083e+00 1.315567e+00 2.497605e+00 1.549993e+00 1.298147e+00 1.224788e+00 1.215180e+00 1.384254e+00 1.202531e+00 1.201911e+00 1.202950e+00 1.056101e+00 1.076579e+00 1.115877e+00 1.426878e+00 0.000000e+00 0.000000e+00 0.000000e+00 0.000000e+00 1.870438e+00 1.366304e+00 1.102892e+00 1.355051e+00 1.548491e+00 1.571591e+00 1.545730e+00 8.369488e-01 8.356210e-01 8.343425e-01 8.349679e-01 8.397746e-01 8.486132e-01 8.611432e-01 8.702825e-01 8.752404e-01 8.789737e-01 1.241083e+00 1.566832e+00 1.620987e+00 1.560769e+00 1.627633e+00
1.693831e+00 1.694637e+00 1.571279e+00 1.565751e+00 1.556194e+00 1.543765e+00 1.224094e+00 1.225810e+00 1.224810e+00 1.219261e+00 1.497738e+00 1.280055e+00 2.846456e+00 1.588962e+00 1.260044e+00 1.177526e+00 1.169353e+00 1.366852e+00 1.146797e+00 1.142127e+00 1.138671e+00 1.132919e+00 1.134192e+00 1.013653e+00 1.027342e+00 0.000000e+00 0.000000e+00 9.165377e-01 1.017160e+00 0.000000e+00 0.000000e+00 0.000000e+00 1.201965e+00 1.229067e+00 1.579565e+00 1.597306e+00 1.571639e+00 8.359268e-01 8.322337e-01 8.316035e-01 8.323915e-01 8.355535e-01 8.418828e-01 8.519368e-01 8.604868e-01 8.669011e-01 8.727836e-01 1.316566e+00 1.578055e+00 1.609477e+00 1.563711e+00 1.604667e+00
