tests/data/reference/test_implicit_stream_rill_mfda/control/cinfil_m3.asc
ncols	123
nrows	77
xllcorner	-713746.79929998
yllcorner	-1061022.36961616
cellsize	10.0
NODATA_value	-9999
[rows 46 to 68 of 77, columns 52 to 103 of 123]
1.576204e+00 1.474614e+00 1.474919e+00 1.462964e+00 1.447671e+00 1.109090e+00 1.108645e+00 1.106616e+00 1.106221e+00 1.409114e+00 1.187809e+00 2.680114e+00 1.492594e+00 1.169018e+00 1.080347e+00 1.077944e+00 1.294141e+00 1.053577e+00 1.043254e+00 1.040114e+00 1.034478e+00 1.024785e+00 1.022843e+00 1.033637e+00 1.421907e+00 0.000000e+00 8.943913e-01 7.531840e-01 8.893485e-01 9.924302e-01 1.091884e+00 0.000000e+00 0.000000e+00 0.000000e+00 1.316866e+00 1.525393e+00 1.502134e+00 8.177935e-01 8.112673e-01 8.101593e-01 8.110899e-01 8.137613e-01 8.179546e-01 8.245305e-01 8.305452e-01 8.359180e-01 8.416275e-01 1.320393e+00 1.477748e+00 1.482082e+00 1.457893e+00 1.462647e+00
1.423307e+00 1.442322e+00 1.447147e+00 1.431513e+00 1.012673e+00 1.013641e+00 1.011440e+00 1.005551e+00 1.382261e+00 1.112771e+00 2.654056e+00 1.520705e+00 1.095722e+00 9.897029e-01 9.909086e-01 1.263283e+00 9.829838e-01 9.652037e-01 9.549719e-01 9.518824e-01 9.446726e-01 9.332969e-01 9.276968e-01 1.398693e+00 8.044496e-01 0.000000e+00 9.011442e-01 8.631198e-01 9.424851e-01 1.018383e+00 1.093423e+00 1.170997e+00 1.270951e+00 0.000000e+00 0.000000e+00 1.563923e+00 1.531828e+00 8.250500e-01 8.141208e-01 8.108546e-01 8.117789e-01 8.152443e-01 8.181869e-01 8.216508e-01 8.244837e-01 8.274885e-01 8.318222e-01 1.355222e+00 1.473869e+00 1.474831e+00 1.455364e+00 1.453216e+00
1.362942e+00 1.386466e+00 1.394876e+00 8.802866e-01 8.739397e-01 8.749460e-01 8.736058e-01 1.350822e+00 1.012124e+00 2.615871e+00 1.545742e+00 9.958902e-01 8.506478e-01 8.540365e-01 1.197339e+00 8.577152e-01 8.515623e-01 8.379809e-01 8.307266e-01 8.289419e-01 8.228940e-01 8.128558e-01 1.387934e+00 9.291266e-01 1.027087e+00 0.000000e+00 1.035747e+00 9.985972e-01 1.081883e+00 1.144572e+00 1.204505e+00 1.267837e+00 1.350003e+00 8.448953e-01 0.000000e+00 1.395435e+00 1.563843e+00 8.339492e-01 8.193402e-01 8.126389e-01 8.123011e-01 8.162304e-01 8.184121e-01 8.196871e-01 8.199795e-01 8.209286e-01 8.242086e-01 1.380202e+00 1.466318e+00 1.467061e+00 1.454347e+00 1.452685e+00
1.288467e+00 1.309020e+00 8.897131e-01 1.033455e+00 1.140624e+00 1.229752e+00 1.303182e+00 8.791647e-01 2.572965e+00 1.561452e+00 8.624888e-01 8.551134e-01 9.958558e-01 1.107859e+00 8.575494e-01 1.001550e+00 1.105264e+00 1.180703e+00 1.244320e+00 1.301500e+00 1.347249e+00 1.380776e+00 8.160585e-01 8.017978e-01 1.463304e+00 0.000000e+00 1.061116e+00 9.734979e-01 9.541005e-01 1.035340e+00 1.106238e+00 1.176489e+00 1.257115e+00 1.433441e+00 0.000000e+00 0.000000e+00 1.592320e+00 8.432243e-01 8.266237e-01 8.164928e-01 8.135850e-01 8.163192e-01 8.178199e-01 8.179919e-01 8.164488e-01 8.156776e-01 8.183423e-01 1.398553e+00 1.456864e+00 1.458600e+00 1.455016e+00 1.459561e+00
1.202948e+00 2.141257e+00 2.221802e+00 2.292630e+00 2.354750e+00 2.409833e+00 2.458635e+00 2.521012e+00 1.565663e+00 8.702315e-01 1.009534e+00 1.112303e+00 1.196538e+00 1.270129e+00 1.331054e+00 1.379457e+00 1.414316e+00 1.435494e+00 1.451442e+00 1.465929e+00 1.478033e+00 1.488342e+00 1.489279e+00 1.478752e+00 1.748489e+00 0.000000e+00 8.363262e-01 8.009514e-01 8.329213e-01 9.273838e-01 1.007317e+00 1.081666e+00 1.162808e+00 1.392082e+00 1.506536e+00 0.000000e+00 1.398928e+00 8.496660e-01 8.328045e-01 8.210273e-01 8.162223e-01 8.170408e-01 8.174143e-01 8.173059e-01 9.495577e-01 9.465492e-01 8.134495e-01 1.412345e+00 1.449498e+00 1.452471e+00 1.456010e+00 1.466582e+00
2.051940e+00 1.493169e+00 1.639295e+00 1.730636e+00 1.836458e+00 1.985821e+00 2.092111e+00 1.548108e+00 1.505366e+00 1.517282e+00 1.520661e+00 1.521216e+00 1.519105e+00 1.517076e+00 1.514754e+00 1.511297e+00 1.638319e+00 1.684805e+00 1.719760e+00 1.749535e+00 1.777447e+00 1.804509e+00 1.813901e+00 1.796353e+00 1.426559e+00 0.000000e+00 8.041233e-01 9.275497e-01 1.020530e+00 9.629036e-01 1.038983e+00 1.108802e+00 1.182920e+00 1.271615e+00 1.510104e+00 0.000000e+00 0.000000e+00 7.909088e-01 8.363807e-01 8.246630e-01 8.191747e-01 8.183716e-01 8.172317e-01 8.171227e-01 1.053337e+00 1.048435e+00 8.098896e-01 1.422488e+00 1.445854e+00 1.449916e+00 1.456302e+00 1.469441e+00
1.452716e+00 1.454737e+00 8.586951e-01 1.507405e+00 1.750789e+00 1.575015e+00 1.511210e+00 1.469451e+00 1.525068e+00 1.529470e+00 1.529304e+00 1.533159e+00 1.535788e+00 1.536038e+00 1.534321e+00 1.529892e+00 8.476689e-01 9.737499e-01 1.068145e+00 1.146220e+00 1.222960e+00 1.308312e+00 1.375310e+00 1.413143e+00 8.239902e-01 0.000000e+00 8.563260e-01 9.728245e-01 1.060837e+00 1.131810e+00 1.038782e+00 1.113903e+00 1.187481e+00 1.265564e+00 1.355402e+00 1.616229e+00 0.000000e+00 9.219691e-01 8.363692e-01 8.279745e-01 8.238226e-01 8.228487e-01 8.200125e-01 9.523784e-01 1.138224e+00 1.132448e+00 9.407263e-01 1.431332e+00 1.444585e+00 1.449395e+00 1.457372e+00 1.470041e+00
1.414666e+00 1.410488e+00 1.454831e+00 1.670017e+00 1.552307e+00 1.469910e+00 1.419941e+00 1.497021e+00 1.543479e+00 1.626313e+00 1.687256e+00 1.747519e+00 1.800859e+00 1.843258e+00 1.870007e+00 1.876746e+00 1.854197e+00 1.795690e+00 1.704627e+00 1.599665e+00 1.528714e+00 1.518775e+00 1.647377e+00 1.699696e+00 1.735387e+00 0.000000e+00 1.375070e+00 1.281301e+00 1.243265e+00 1.240499e+00 1.264107e+00 1.126512e+00 1.193674e+00 1.256831e+00 1.334281e+00 1.685478e+00 0.000000e+00 0.000000e+00 7.651503e-01 8.297286e-01 8.299643e-01 8.309360e-01 9.626650e-01 1.058539e+00 1.209321e+00 1.202491e+00 1.041250e+00 1.440556e+00 1.445300e+00 1.450004e+00 1.459612e+00 1.469361e+00
1.365234e+00 1.467312e+00 1.569505e+00 1.514020e+00 1.415992e+00 1.363568e+00 1.456304e+00 1.529613e+00 1.432170e+00 1.511329e+00 1.508615e+00 1.514409e+00 1.526777e+00 1.544822e+00 1.558215e+00 1.561312e+00 1.553163e+00 1.533456e+00 1.509195e+00 1.484990e+00 1.477633e+00 1.502651e+00 8.568344e-01 8.344490e-01 9.552749e-01 0.000000e+00 8.794088e-01 9.825594e-01 1.064434e+00 1.130860e+00 1.193779e+00 1.259300e+00 1.138251e+00 1.204351e+00 1.377343e+00 1.746370e+00 7.786919e-01 0.000000e+00 7.556276e-01 7.587357e-01 8.279930e-01 8.294359e-01 1.066187e+00 1.142004e+00 1.267764e+00 1.261168e+00 1.123919e+00 1.451105e+00 1.449975e+00 1.452775e+00 1.461790e+00 1.468731e+00
1.445823e+00 1.345338e+00 1.473968e+00 1.336428e+00 1.291026e+00 1.405672e+00 1.502190e+00 1.388973e+00 1.514040e+00 8.460262e-01 1.575228e+00 1.667520e+00 1.753592e+00 1.862388e+00 1.962749e+00 2.043268e+00 2.110818e+00 2.167372e+00 2.216700e+00 2.260384e+00 2.312583e+00 2.385826e+00 2.442352e+00 2.465977e+00 0.000000e+00 0.000000e+00 7.931954e-01 9.139591e-01 1.005022e+00 1.080350e+00 1.149295e+00 1.216470e+00 1.275874e+00 1.140815e+00 1.214172e+00 1.472598e+00 1.809839e+00 0.000000e+00 7.462597e-01 7.503467e-01 8.190217e-01 9.538858e-01 1.140064e+00 1.205081e+00 1.313763e+00 1.309706e+00 1.194064e+00 1.463468e+00 1.459073e+00 1.458220e+00 1.463670e+00 1.468909e+00
1.291281e+00 1.457883e+00 1.246706e+00 1.194061e+00 1.340730e+00 1.467269e+00 1.329629e+00 1.502761e+00 1.367810e+00 1.500234e+00 1.357332e+00 1.350886e+00 1.485605e+00 1.490858e+00 1.412390e+00 1.545326e+00 1.619402e+00 1.675465e+00 1.718753e+00 1.750632e+00 1.780389e+00 1.811965e+00 1.819040e+00 1.789961e+00 0.000000e+00 9.559948e-01 8.972901e-01 9.679180e-01 1.045114e+00 1.116588e+00 1.181061e+00 1.238376e+00 1.289077e+00 1.333661e+00 1.188651e+00 1.362332e+00 1.651819e+00 0.000000e+00 0.000000e+00 7.342001e-01 8.428612e-01 1.041942e+00 1.198233e+00 1.256891e+00 1.352620e+00 1.351077e+00 1.253586e+00 1.475637e+00 1.471312e+00 1.468439e+00 1.470425e+00 1.474350e+00
1.453234e+00 1.163878e+00 1.088696e+00 1.259551e+00 1.421761e+00 1.261064e+00 1.490860e+00 1.312944e+00 1.310836e+00 1.310120e+00 1.305939e+00 1.297256e+00 1.468548e+00 1.353373e+00 1.360429e+00 1.473901e+00 1.555478e+00 1.642948e+00 1.735108e+00 1.808061e+00 1.874779e+00 1.941115e+00 1.997255e+00 2.038491e+00 0.000000e+00 1.043269e+00 9.038534e-01 9.737821e-01 1.054914e+00 1.130699e+00 1.193623e+00 1.243374e+00 1.287752e+00 1.329274e+00 1.177687e+00 1.247840e+00 1.498237e+00 1.611550e+00 0.000000e+00 8.321289e-01 9.201319e-01 1.108813e+00 1.245564e+00 1.300705e+00 1.386107e+00 1.386947e+00 1.304281e+00 1.486361e+00 1.485492e+00 1.484289e+00 1.484838e+00 1.488105e+00
1.066909e+00 9.813750e-01 1.184909e+00 1.374290e+00 1.182421e+00 1.477181e+00 1.255327e+00 1.252201e+00 1.248972e+00 1.248167e+00 1.244028e+00 1.468083e+00 1.292527e+00 1.299299e+00 1.462892e+00 1.344208e+00 1.337943e+00 1.441101e+00 1.361648e+00 1.481911e+00 1.552933e+00 1.612392e+00 1.661347e+00 1.699055e+00 0.000000e+00 9.755898e-01 9.037291e-01 9.794504e-01 1.063191e+00 1.139742e+00 9.375031e-01 9.142308e-01 8.998658e-01 8.976849e-01 9.030919e-01 8.682190e-01 8.891016e-01 1.675351e+00 0.000000e+00 0.000000e+00 9.918171e-01 1.020241e+00 1.288541e+00 1.340047e+00 1.415385e+00 1.418682e+00 1.350065e+00 1.497421e+00 1.499633e+00 1.500336e+00 1.499659e+00 1.502457e+00
8.284470e-01 1.098643e+00 1.333456e+00 1.102352e+00 1.459525e+00 1.184886e+00 1.186765e+00 1.183659e+00 1.179453e+00 1.175319e+00 1.476295e+00 1.236996e+00 1.235571e+00 1.454769e+00 1.293452e+00 1.289791e+00 1.435314e+00 1.322731e+00 1.316308e+00 1.310569e+00 1.411742e+00 1.485445e+00 1.545798e+00 1.201995e+00 0.000000e+00 9.064216e-01 9.542575e-01 1.113372e+00 8.955045e-01 9.359161e-01 1.104289e+00 8.177573e-01 8.094976e-01 9.953185e-01 9.906990e-01 6.990669e-01 7.231152e-01 8.969061e-01 1.705791e+00 0.000000e+00 0.000000e+00 1.092402e+00 1.148336e+00 1.377467e+00 1.441797e+00 1.447397e+00 1.392935e+00 1.509639e+00 1.512736e+00 1.513467e+00 1.510569e+00 1.512269e+00
9.721011e-01 1.268327e+00 1.015623e+00 1.442484e+00 1.102159e+00 1.101919e+00 1.102909e+00 1.102540e+00 1.097524e+00 1.488318e+00 1.170087e+00 1.168834e+00 1.459115e+00 1.232177e+00 1.228625e+00 1.433052e+00 1.276680e+00 1.271085e+00 1.264798e+00 1.201172e+00 8.078880e-01 8.076091e-01 1.120869e+00 7.942569e-01 0.000000e+00 7.892219e-01 9.175591e-01 1.082847e+00 1.194047e+00 1.026994e+00 9.224387e-01 9.130954e-01 9.055667e-01 9.008162e-01 8.939107e-01 8.846817e-01 8.866597e-01 8.821410e-01 1.016572e+00 1.733788e+00 0.000000e+00 0.000000e+00 1.219307e+00 1.417637e+00 1.467787e+00 1.472716e+00 1.429783e+00 1.519973e+00 1.523093e+00 1.525254e+00 1.523711e+00 1.524988e+00
1.172642e+00 8.717243e-01 1.419139e+00 1.013173e+00 1.001644e+00 9.978189e-01 9.983310e-01 1.001361e+00 1.511350e+00 1.093610e+00 1.086397e+00 1.473762e+00 1.168736e+00 1.161596e+00 1.439290e+00 1.219474e+00 1.214856e+00 1.209127e+00 1.134980e+00 8.094276e-01 9.410024e-01 1.046019e+00 8.068321e-01 9.269223e-01 0.000000e+00 8.742094e-01 9.866809e-01 1.127204e+00 9.304740e-01 7.991462e-01 7.964667e-01 7.915116e-01 7.859187e-01 7.806265e-01 7.736848e-01 7.649735e-01 9.483971e-01 9.193266e-01 8.873299e-01 1.223399e+00 1.758645e+00 0.000000e+00 1.313203e+00 1.266173e+00 1.496279e+00 1.495486e+00 1.460178e+00 1.527002e+00 1.529007e+00 1.534529e+00 1.539205e+00 8.218625e-01
1.254889e+00 1.349613e+00 8.889429e-01 8.757953e-01 8.660861e-01 8.600634e-01 8.604752e-01 1.533000e+00 1.008576e+00 9.956031e-01 1.495776e+00 1.095455e+00 1.091413e+00 1.463930e+00 1.159402e+00 1.152459e+00 1.145077e+00 1.053525e+00 8.112128e-01 9.402120e-01 1.041547e+00 1.130739e+00 1.200520e+00 1.250670e+00 0.000000e+00 1.009676e+00 1.056279e+00 7.989414e-01 8.015456e-01 9.317761e-01 1.030654e+00 1.111206e+00 1.176173e+00 1.228298e+00 1.269938e+00 1.302323e+00 7.655625e-01 7.632028e-01 8.947043e-01 9.080502e-01 1.066724e+00 0.000000e+00 0.000000e+00 1.347911e+00 1.525446e+00 1.517410e+00 1.488339e+00 1.536861e+00 1.537965e+00 1.546782e+00 8.265271e-01 1.202242e+00
1.462003e+00 1.501219e+00 1.537093e+00 1.554059e+00 1.558177e+00 1.551743e+00 1.544214e+00 8.764705e-01 8.750105e-01 1.524107e+00 1.004474e+00 1.002474e+00 1.497861e+00 1.096234e+00 1.084774e+00 1.073522e+00 9.585804e-01 8.139279e-01 9.419385e-01 1.039965e+00 1.123471e+00 1.199690e+00 1.261812e+00 1.307951e+00 0.000000e+00 1.037363e+00 1.068044e+00 1.132602e+00 1.198943e+00 1.260393e+00 1.315404e+00 1.364293e+00 1.403166e+00 1.431209e+00 1.449197e+00 1.458082e+00 1.461297e+00 1.179366e+00 1.202081e+00 1.134132e+00 1.097415e+00 1.405640e+00 0.000000e+00 0.000000e+00 1.334655e+00 1.539344e+00 8.191706e-01 1.552902e+00 1.553983e+00 8.281417e-01 1.213966e+00 1.120418e+00
1.296915e+00 1.370700e+00 1.429961e+00 1.472476e+00 1.500280e+00 1.514880e+00 1.524921e+00 1.536800e+00 1.542526e+00 8.776079e-01 8.727616e-01 1.526925e+00 1.012958e+00 1.003609e+00 9.898025e-01 8.330997e-01 8.225155e-01 9.475767e-01 1.042750e+00 1.122889e+00 1.193403e+00 1.257574e+00 1.311945e+00 1.355402e+00 0.000000e+00 1.058025e+00 1.072715e+00 1.128129e+00 1.189717e+00 1.251161e+00 1.308556e+00 1.361297e+00 1.405820e+00 1.440799e+00 1.464121e+00 1.475782e+00 1.480543e+00 1.480386e+00 7.721727e-01 7.740892e-01 9.134236e-01 9.378500e-01 1.507037e+00 0.000000e+00 1.404737e+00 1.341958e+00 8.229991e-01 8.277491e-01 8.299971e-01 8.235747e-01 1.128872e+00 1.032213e+00
1.159950e+00 1.246968e+00 1.314435e+00 1.369617e+00 1.414752e+00 1.452315e+00 1.483925e+00 1.510750e+00 1.530400e+00 1.541629e+00 1.544700e+00 8.842489e-01 8.779976e-01 8.702585e-01 8.563449e-01 9.789410e-01 1.066870e+00 1.136017e+00 1.196367e+00 1.252163e+00 1.303164e+00 1.349925e+00 1.530739e+00 1.592320e+00 0.000000e+00 1.324569e+00 1.298036e+00 1.298084e+00 1.312029e+00 1.338784e+00 1.372739e+00 1.410629e+00 1.447211e+00 1.479344e+00 1.502633e+00 1.514475e+00 1.517873e+00 1.514515e+00 1.506518e+00 1.496069e+00 1.491806e+00 1.280710e+00 1.343663e+00 0.000000e+00 0.000000e+00 1.409080e+00 8.254555e-01 8.257545e-01 8.270739e-01 1.201811e+00 1.117353e+00 1.029355e+00
9.029420e-01 1.040996e+00 1.140638e+00 1.220961e+00 1.291453e+00 1.358596e+00 1.415783e+00 1.459566e+00 1.496917e+00 1.532925e+00 1.556264e+00 1.560074e+00 1.548314e+00 1.525380e+00 1.494037e+00 1.459430e+00 1.430212e+00 1.409306e+00 1.401172e+00 1.406446e+00 1.420815e+00 1.441339e+00 8.140083e-01 0.000000e+00 0.000000e+00 8.317072e-01 9.538671e-01 1.041992e+00 1.117820e+00 1.189117e+00 1.255359e+00 1.318088e+00 1.375358e+00 1.425989e+00 1.467535e+00 1.497828e+00 1.514388e+00 1.517834e+00 1.513586e+00 1.504092e+00 1.494415e+00 1.490147e+00 1.278212e+00 1.342506e+00 0.000000e+00 0.000000e+00 8.838086e-01 8.206311e-01 8.144458e-01 8.063224e-01 7.997656e-01 9.273547e-01
-9.999000e+03 -9.999000e+03 -9.999000e+03 -9.999000e+03 -9.999000e+03 -9.999000e+03 -9.999000e+03 8.801526e-01 8.858145e-01 9.024797e-01 9.102860e-01 9.033044e-01 1.040562e+00 1.129038e+00 1.194202e+00 1.245038e+00 1.283974e+00 1.312988e+00 1.341468e+00 1.372977e+00 1.405164e+00 1.438063e+00 1.459706e+00 0.000000e+00 9.964738e-01 9.255717e-01 9.875209e-01 1.052287e+00 1.114343e+00 1.175351e+00 1.235294e+00 1.295573e+00 1.353434e+00 1.408181e+00 1.457136e+00 1.497922e+00 1.522816e+00 1.529919e+00 1.526829e+00 1.516335e+00 1.502429e+00 1.488668e+00 1.484143e+00 1.278995e+00 1.357705e+00 0.000000e+00 0.000000e+00 7.496072e-01 8.012787e-01 7.962380e-01 7.937985e-01 7.942763e-01
-9.999000e+03 -9.999000e+03 -9.999000e+03 -9.999000e+03 -9.999000e+03 -9.999000e+03 -9.999000e+03 -9.999000e+03 -9.999000e+03 -9.999000e+03 1.058575e+00 1.053816e+00 8.846903e-01 8.618826e-01 9.912870e-01 1.091164e+00 1.166797e+00 1.222509e+00 1.273352e+00 1.324694e+00 1.372164e+00 1.415124e+00 1.442273e+00 0.000000e+00 9.946337e-01 9.276004e-01 9.911969e-01 1.054969e+00 1.114233e+00 1.170573e+00 1.226600e+00 1.284908e+00 1.343012e+00 1.400860e+00 1.454401e+00 1.500523e+00 1.532374e+00 1.547043e+00 1.547829e+00 1.536453e+00 1.519113e+00 1.499695e+00 1.485648e+00 1.485032e+00 1.290458e+00 1.382312e+00 0.000000e+00 0.000000e+00 7.952193e-01 7.888050e-01 -9.999000e+03 -9.999000e+03
