tests/data/reference/test_implicit_stream_rill_mfda/control/cinfil_m3.asc
ncols	123
nrows	77
xllcorner	-713746.79929998
yllcorner	-1061022.36961616
cellsize	10.0
NODATA_value	-9999
[rows 46 to 68 of 77, columns 0 to 51 of 123]
-9.999000e+03 -9.999000e+03 -9.999000e+03 -9.999000e+03 -9.999000e+03 -9.999000e+03 0.000000e+00 2.107085e+00 1.284455e+00 1.274796e+00 9.824960e-01 1.134648e+00 1.321913e+00 1.377855e+00 1.442543e+00 1.738336e+00 1.398309e+00 1.445220e+00 1.469276e+00 1.466320e+00 1.456417e+00 1.057231e+00 1.056631e+00 1.062392e+00 1.174765e+00 1.251808e+00 1.318215e+00 1.382941e+00 1.433758e+00 1.468762e+00 1.494230e+00 2.515785e+00 2.572735e+00 1.541653e+00 1.535902e+00 1.524951e+00 1.511179e+00 1.496853e+00 1.483866e+00 1.472446e+00 1.471413e+00 1.467990e+00 1.471223e+00 1.471801e+00 1.477134e+00 1.487739e+00 1.498864e+00 1.510086e+00 1.525232e+00 1.548818e+00 1.564589e+00 1.571764e+00
-9.999000e+03 -9.999000e+03 -9.999000e+03 -9.999000e+03 -9.999000e+03 -9.999000e+03 2.281254e+00 1.688954e+00 1.143886e+00 1.130129e+00 9.613681e-01 1.229591e+00 1.298793e+00 1.390565e+00 1.755997e+00 1.312966e+00 1.391719e+00 1.449512e+00 1.475622e+00 1.471332e+00 9.168670e-01 9.078716e-01 9.034559e-01 9.038234e-01 1.054248e+00 1.157471e+00 1.244054e+00 2.268324e+00 2.336529e+00 2.393670e+00 2.451319e+00 1.512829e+00 1.517854e+00 1.519394e+00 1.514243e+00 1.506883e+00 1.497173e+00 1.485026e+00 1.472938e+00 1.472107e+00 1.460714e+00 1.460759e+00 1.458302e+00 1.459266e+00 1.463874e+00 1.472648e+00 1.482242e+00 1.491950e+00 1.509310e+00 1.524631e+00 1.542937e+00 1.551663e+00
-9.999000e+03 -9.999000e+03 -9.999000e+03 -9.999000e+03 -9.999000e+03 0.000000e+00 1.694750e+00 1.569985e+00 9.723188e-01 9.677279e-01 1.126481e+00 1.230477e+00 1.366598e+00 1.762039e+00 1.211620e+00 1.302111e+00 1.377157e+00 1.435596e+00 1.463657e+00 1.461016e+00 1.603148e+00 1.716701e+00 1.814522e+00 1.952072e+00 2.045527e+00 2.121888e+00 2.192631e+00 1.432954e+00 1.447381e+00 1.460009e+00 1.469546e+00 1.481526e+00 1.492850e+00 1.494771e+00 1.493047e+00 1.489216e+00 1.481755e+00 1.469807e+00 1.474137e+00 1.458819e+00 1.459390e+00 1.453307e+00 1.451677e+00 1.452009e+00 1.454509e+00 1.459416e+00 1.466847e+00 1.485556e+00 1.493323e+00 1.506408e+00 1.513742e+00 1.345822e+00
-9.999000e+03 -9.999000e+03 -9.999000e+03 -9.999000e+03 0.000000e+00 1.830341e+00 1.260229e+00 1.426058e+00 9.869148e-01 9.974073e-01 1.153859e+00 1.365180e+00 1.754774e+00 1.109448e+00 1.218114e+00 1.297373e+00 1.359915e+00 1.415490e+00 1.443894e+00 1.433088e+00 1.414610e+00 1.398440e+00 1.698418e+00 1.238500e+00 1.297498e+00 1.342468e+00 1.370387e+00 1.385937e+00 1.408385e+00 1.419869e+00 1.431574e+00 1.452788e+00 1.464191e+00 1.469551e+00 1.470831e+00 1.468774e+00 1.461852e+00 1.474180e+00 1.452752e+00 1.456910e+00 1.449532e+00 1.447951e+00 1.447403e+00 1.447081e+00 1.446686e+00 1.447818e+00 1.467327e+00 1.471462e+00 1.482415e+00 1.479069e+00 1.258975e+00 1.272079e+00
-9.999000e+03 -9.999000e+03 -9.999000e+03 -9.999000e+03 0.000000e+00 1.439053e+00 1.140083e+00 1.252794e+00 1.180342e+00 1.017721e+00 1.346150e+00 1.718768e+00 9.744969e-01 1.118925e+00 1.218945e+00 1.287296e+00 1.344581e+00 1.400608e+00 1.412877e+00 1.395211e+00 1.371997e+00 1.665717e+00 1.149305e+00 1.216699e+00 1.267769e+00 1.302174e+00 1.315976e+00 1.340111e+00 1.354044e+00 1.368866e+00 1.393603e+00 1.408510e+00 1.419761e+00 1.427839e+00 1.431937e+00 1.432061e+00 1.464636e+00 1.440311e+00 1.449830e+00 1.438823e+00 1.437735e+00 1.439449e+00 1.440547e+00 1.439331e+00 1.437447e+00 1.459503e+00 1.453180e+00 1.462275e+00 1.453479e+00 1.172064e+00 1.177507e+00 1.189778e+00
-9.999000e+03 -9.999000e+03 -9.999000e+03 0.000000e+00 1.890435e+00 1.363434e+00 1.005011e+00 1.188232e+00 1.032127e+00 1.295383e+00 1.598735e+00 1.381683e+00 9.903420e-01 1.128464e+00 1.215730e+00 1.278376e+00 1.334623e+00 1.363567e+00 1.366741e+00 1.346946e+00 1.615230e+00 1.039613e+00 1.132680e+00 1.195237e+00 1.231815e+00 1.244431e+00 1.274240e+00 1.283769e+00 1.296560e+00 1.329917e+00 1.347149e+00 1.359173e+00 1.368698e+00 1.375942e+00 1.380258e+00 1.435191e+00 1.409451e+00 1.434726e+00 1.422636e+00 1.419968e+00 1.420612e+00 1.424825e+00 1.426523e+00 1.425817e+00 1.458498e+00 1.442509e+00 1.445521e+00 1.427281e+00 1.082732e+00 1.082856e+00 1.086687e+00 1.096517e+00
-9.999000e+03 -9.999000e+03 -9.999000e+03 0.000000e+00 1.474452e+00 1.192796e+00 1.044786e+00 1.074514e+00 1.234426e+00 1.229079e+00 1.516532e+00 1.361405e+00 1.014190e+00 1.140551e+00 1.217122e+00 1.279735e+00 1.294400e+00 1.306027e+00 1.309686e+00 1.556857e+00 9.146057e-01 1.046793e+00 1.134832e+00 1.180953e+00 1.183246e+00 1.219655e+00 1.227579e+00 1.235661e+00 1.273627e+00 1.293110e+00 1.307397e+00 1.317816e+00 1.324052e+00 1.325901e+00 1.403289e+00 1.361537e+00 1.402339e+00 1.391842e+00 1.396181e+00 1.394616e+00 1.394283e+00 1.397248e+00 1.399720e+00 1.450992e+00 1.429175e+00 1.431744e+00 1.402252e+00 9.765742e-01 9.767772e-01 9.779588e-01 9.812048e-01 1.971984e+00
-9.999000e+03 -9.999000e+03 0.000000e+00 1.128236e+00 1.217562e+00 1.207360e+00 1.108611e+00 1.133800e+00 1.113409e+00 1.146286e+00 1.515549e+00 1.348111e+00 1.054586e+00 1.159566e+00 1.230580e+00 1.231666e+00 1.226647e+00 1.226515e+00 1.372504e+00 1.346417e+00 9.500029e-01 1.080038e+00 1.147157e+00 1.138122e+00 1.179983e+00 1.179334e+00 1.182894e+00 1.228157e+00 1.241979e+00 1.255271e+00 1.268063e+00 1.276648e+00 1.277548e+00 1.383532e+00 1.315291e+00 1.370109e+00 1.344074e+00 1.355112e+00 1.363681e+00 1.361918e+00 1.357412e+00 1.357395e+00 1.430527e+00 1.399623e+00 1.407507e+00 1.372424e+00 8.449014e-01 8.404415e-01 8.397727e-01 8.424850e-01 1.892340e+00 1.412959e+00
-9.999000e+03 -9.999000e+03 3.285636e+00 1.254482e+00 1.047666e+00 1.103964e+00 1.160529e+00 1.106857e+00 1.314023e+00 1.659048e+00 1.135279e+00 1.290820e+00 1.095583e+00 1.186336e+00 1.160442e+00 1.152536e+00 1.138389e+00 1.130685e+00 1.151959e+00 1.288033e+00 1.001989e+00 1.119457e+00 1.093113e+00 1.159301e+00 1.145878e+00 1.134606e+00 1.191071e+00 1.194765e+00 1.197134e+00 1.204687e+00 1.214173e+00 1.220815e+00 1.374051e+00 1.274719e+00 1.354117e+00 1.304312e+00 1.307838e+00 1.317777e+00 1.324195e+00 1.319788e+00 1.313040e+00 1.408692e+00 1.355539e+00 1.364600e+00 1.324441e+00 1.320149e+00 1.366696e+00 1.403099e+00 1.695670e+00 1.804512e+00 1.366490e+00 1.368394e+00
-9.999000e+03 0.000000e+00 3.032579e+00 1.338795e+00 1.064147e+00 1.211380e+00 1.092349e+00 1.093456e+00 -9.999000e+03 -9.999000e+03 -9.999000e+03 1.139036e+00 1.115951e+00 1.048133e+00 1.022709e+00 1.021337e+00 1.010187e+00 9.918515e-01 1.010925e+00 1.088947e+00 1.110246e+00 1.037572e+00 1.144463e+00 1.123445e+00 1.098530e+00 1.169686e+00 1.155356e+00 1.142534e+00 1.136663e+00 1.137395e+00 1.141551e+00 1.361896e+00 1.228483e+00 1.346968e+00 1.267988e+00 1.265385e+00 1.268509e+00 1.274324e+00 1.273355e+00 1.265767e+00 1.393420e+00 1.308942e+00 1.312799e+00 1.262534e+00 1.261152e+00 1.397841e+00 1.490269e+00 1.585152e+00 1.457335e+00 1.310423e+00 1.312853e+00 1.309950e+00
-9.999000e+03 0.000000e+00 1.479803e+00 1.065668e+00 1.119629e+00 1.112550e+00 -9.999000e+03 -9.999000e+03 -9.999000e+03 -9.999000e+03 -9.999000e+03 -9.999000e+03 1.098048e+00 1.060423e+00 1.219260e+00 1.325581e+00 1.021397e+00 1.175999e+00 1.318934e+00 1.532329e+00 1.144124e+00 1.136675e+00 1.077518e+00 1.022391e+00 1.148330e+00 1.115036e+00 1.086050e+00 1.064801e+00 1.053328e+00 1.048251e+00 1.345872e+00 1.161084e+00 1.341775e+00 1.223284e+00 1.215396e+00 1.211884e+00 1.212587e+00 1.214588e+00 1.209137e+00 1.379307e+00 1.255938e+00 1.255641e+00 1.189781e+00 1.190557e+00 1.362955e+00 1.251137e+00 1.244972e+00 1.442619e+00 1.243133e+00 1.247994e+00 1.247214e+00 1.418777e+00
0.000000e+00 1.982021e+00 1.225368e+00 1.115830e+00 1.226642e+00 1.060849e+00 -9.999000e+03 -9.999000e+03 -9.999000e+03 -9.999000e+03 -9.999000e+03 -9.999000e+03 -9.999000e+03 -9.999000e+03 -9.999000e+03 1.015480e+00 1.361634e+00 9.991102e-01 1.015157e+00 1.041189e+00 1.567650e+00 -9.999000e+03 -9.999000e+03 1.077672e+00 1.021143e+00 9.923041e-01 9.645279e-01 9.398521e-01 9.283525e-01 1.339613e+00 1.073932e+00 1.334804e+00 1.169115e+00 1.154833e+00 1.144562e+00 1.138442e+00 1.135227e+00 1.136167e+00 1.370037e+00 1.197800e+00 1.188715e+00 1.103514e+00 1.104181e+00 1.319168e+00 1.187687e+00 1.179243e+00 1.430461e+00 1.169353e+00 1.170028e+00 1.174150e+00 1.393581e+00 1.229160e+00
0.000000e+00 1.128412e+00 1.144938e+00 1.145920e+00 1.056156e+00 -9.999000e+03 -9.999000e+03 -9.999000e+03 -9.999000e+03 -9.999000e+03 -9.999000e+03 -9.999000e+03 -9.999000e+03 -9.999000e+03 -9.999000e+03 -9.999000e+03 -9.999000e+03 -9.999000e+03 -9.999000e+03 -9.999000e+03 -9.999000e+03 -9.999000e+03 -9.999000e+03 1.093307e+00 1.034002e+00 1.014693e+00 1.158255e+00 1.241057e+00 1.315052e+00 9.621264e-01 1.332387e+00 1.102320e+00 1.086016e+00 1.063419e+00 1.049547e+00 1.041664e+00 1.036471e+00 1.353080e+00 1.136257e+00 1.117425e+00 9.984046e-01 9.979955e-01 1.264686e+00 1.108718e+00 1.106236e+00 1.423898e+00 1.093241e+00 1.089484e+00 1.089637e+00 1.367116e+00 1.174582e+00 1.462578e+00
-9.999000e+03 1.044994e+00 1.060528e+00 1.015670e+00 -9.999000e+03 -9.999000e+03 -9.999000e+03 -9.999000e+03 -9.999000e+03 -9.999000e+03 -9.999000e+03 -9.999000e+03 -9.999000e+03 -9.999000e+03 -9.999000e+03 -9.999000e+03 -9.999000e+03 -9.999000e+03 -9.999000e+03 -9.999000e+03 -9.999000e+03 -9.999000e+03 -9.999000e+03 -9.999000e+03 -9.999000e+03 -9.999000e+03 9.918948e-01 9.713429e-01 1.142446e+00 1.300481e+00 1.007770e+00 9.879137e-01 9.576983e-01 9.245569e-01 9.106717e-01 9.074251e-01 1.326005e+00 1.047330e+00 1.034565e+00 8.672826e-01 8.592921e-01 1.200074e+00 1.003128e+00 1.004735e+00 1.410599e+00 1.001088e+00 9.983679e-01 9.958939e-01 1.330251e+00 1.106942e+00 1.489486e+00 9.657084e-01
-9.999000e+03 -9.999000e+03 -9.999000e+03 -9.999000e+03 -9.999000e+03 -9.999000e+03 -9.999000e+03 -9.999000e+03 -9.999000e+03 -9.999000e+03 -9.999000e+03 -9.999000e+03 -9.999000e+03 -9.999000e+03 -9.999000e+03 -9.999000e+03 -9.999000e+03 -9.999000e+03 -9.999000e+03 -9.999000e+03 -9.999000e+03 -9.999000e+03 -9.999000e+03 -9.999000e+03 -9.999000e+03 -9.999000e+03 -9.999000e+03 -9.999000e+03 9.826148e-01 1.196989e+00 1.031650e+00 1.011430e+00 9.736747e-01 1.093552e+00 1.191953e+00 1.288440e+00 9.233584e-01 9.064120e-01 8.914203e-01 1.025739e+00 1.125787e+00 8.663152e-01 8.639774e-01 1.381304e+00 8.621191e-01 8.618033e-01 8.629663e-01 1.284135e+00 1.008512e+00 1.501995e+00 8.504945e-01 8.308757e-01
-9.999000e+03 -9.999000e+03 -9.999000e+03 -9.999000e+03 -9.999000e+03 -9.999000e+03 -9.999000e+03 -9.999000e+03 -9.999000e+03 -9.999000e+03 -9.999000e+03 -9.999000e+03 -9.999000e+03 -9.999000e+03 -9.999000e+03 -9.999000e+03 -9.999000e+03 -9.999000e+03 -9.999000e+03 -9.999000e+03 -9.999000e+03 -9.999000e+03 -9.999000e+03 -9.999000e+03 -9.999000e+03 -9.999000e+03 -9.999000e+03 -9.999000e+03 -9.999000e+03 1.019617e+00 1.317767e+00 1.157730e+00 1.119669e+00 9.241027e-01 9.178320e-01 9.338728e-01 9.328309e-01 9.125602e-01 1.051549e+00 1.150453e+00 1.230119e+00 1.297670e+00 1.348462e+00 8.659026e-01 1.008202e+00 1.117977e+00 1.211955e+00 8.750314e-01 1.502309e+00 8.620305e-01 9.939803e-01 1.083995e+00
-9.999000e+03 -9.999000e+03 -9.999000e+03 -9.999000e+03 -9.999000e+03 -9.999000e+03 -9.999000e+03 -9.999000e+03 -9.999000e+03 -9.999000e+03 -9.999000e+03 -9.999000e+03 -9.999000e+03 -9.999000e+03 -9.999000e+03 -9.999000e+03 -9.999000e+03 -9.999000e+03 -9.999000e+03 -9.999000e+03 -9.999000e+03 -9.999000e+03 -9.999000e+03 -9.999000e+03 -9.999000e+03 -9.999000e+03 -9.999000e+03 -9.999000e+03 -9.999000e+03 -9.999000e+03 1.146636e+00 -9.999000e+03 -9.999000e+03 -9.999000e+03 -9.999000e+03 -9.999000e+03 -9.999000e+03 -9.999000e+03 8.990340e-01 1.046104e+00 1.157196e+00 1.249895e+00 1.315294e+00 1.356257e+00 1.388881e+00 1.418758e+00 1.451227e+00 1.491387e+00 8.812842e-01 1.006870e+00 1.100178e+00 1.176785e+00
-9.999000e+03 -9.999000e+03 -9.999000e+03 -9.999000e+03 -9.999000e+03 -9.999000e+03 -9.999000e+03 -9.999000e+03 -9.999000e+03 -9.999000e+03 -9.999000e+03 -9.999000e+03 -9.999000e+03 -9.999000e+03 -9.999000e+03 -9.999000e+03 -9.999000e+03 -9.999000e+03 -9.999000e+03 -9.999000e+03 -9.999000e+03 -9.999000e+03 -9.999000e+03 -9.999000e+03 -9.999000e+03 -9.999000e+03 -9.999000e+03 -9.999000e+03 -9.999000e+03 -9.999000e+03 -9.999000e+03 -9.999000e+03 -9.999000e+03 -9.999000e+03 -9.999000e+03 -9.999000e+03 -9.999000e+03 -9.999000e+03 -9.999000e+03 -9.999000e+03 -9.999000e+03 8.977629e-01 8.918017e-01 8.761707e-01 1.016609e+00 1.127108e+00 1.224891e+00 1.319734e+00 1.379396e+00 1.399924e+00 1.415996e+00 1.435989e+00
-9.999000e+03 -9.999000e+03 -9.999000e+03 -9.999000e+03 -9.999000e+03 -9.999000e+03 -9.999000e+03 -9.999000e+03 -9.999000e+03 -9.999000e+03 -9.999000e+03 -9.999000e+03 -9.999000e+03 -9.999000e+03 -9.999000e+03 -9.999000e+03 -9.999000e+03 -9.999000e+03 -9.999000e+03 -9.999000e+03 -9.999000e+03 -9.999000e+03 -9.999000e+03 -9.999000e+03 -9.999000e+03 -9.999000e+03 -9.999000e+03 -9.999000e+03 -9.999000e+03 -9.999000e+03 -9.999000e+03 -9.999000e+03 -9.999000e+03 -9.999000e+03 -9.999000e+03 -9.999000e+03 -9.999000e+03 -9.999000e+03 -9.999000e+03 -9.999000e+03 -9.999000e+03 -9.999000e+03 -9.999000e+03 -9.999000e+03 8.660280e-01 8.695907e-01 1.025524e+00 1.152588e+00 8.807277e-01 1.003017e+00 1.104841e+00 1.207204e+00
-9.999000e+03 -9.999000e+03 -9.999000e+03 -9.999000e+03 -9.999000e+03 -9.999000e+03 -9.999000e+03 -9.999000e+03 -9.999000e+03 -9.999000e+03 -9.999000e+03 -9.999000e+03 -9.999000e+03 -9.999000e+03 -9.999000e+03 -9.999000e+03 -9.999000e+03 -9.999000e+03 -9.999000e+03 -9.999000e+03 -9.999000e+03 -9.999000e+03 -9.999000e+03 -9.999000e+03 -9.999000e+03 -9.999000e+03 -9.999000e+03 -9.999000e+03 -9.999000e+03 -9.999000e+03 -9.999000e+03 -9.999000e+03 -9.999000e+03 -9.999000e+03 -9.999000e+03 -9.999000e+03 -9.999000e+03 -9.999000e+03 -9.999000e+03 -9.999000e+03 -9.999000e+03 -9.999000e+03 -9.999000e+03 -9.999000e+03 -9.999000e+03 -9.999000e+03 -9.999000e+03 -9.999000e+03 -9.999000e+03 -9.999000e+03 8.571319e-01 1.028841e+00
-9.999000e+03 -9.999000e+03 -9.999000e+03 -9.999000e+03 -9.999000e+03 -9.999000e+03 -9.999000e+03 -9.999000e+03 -9.999000e+03 -9.999000e+03 -9.999000e+03 -9.999000e+03 -9.999000e+03 -9.999000e+03 -9.999000e+03 -9.999000e+03 -9.999000e+03 -9.999000e+03 -9.999000e+03 -9.999000e+03 -9.999000e+03 -9.999000e+03 -9.999000e+03 -9.999000e+03 -9.999000e+03 -9.999000e+03 -9.999000e+03 -9.999000e+03 -9.999000e+03 -9.999000e+03 -9.999000e+03 -9.999000e+03 -9.999000e+03 -9.999000e+03 -9.999000e+03 -9.999000e+03 -9.999000e+03 -9.999000e+03 -9.999000e+03 -9.999000e+03 -9.999000e+03 -9.999000e+03 -9.999000e+03 -9.999000e+03 -9.999000e+03 -9.999000e+03 -9.999000e+03 -9.999000e+03 -9.999000e+03 -9.999000e+03 -9.999000e+03 8.891370e-01
-9.999000e+03 -9.999000e+03 -9.999000e+03 -9.999000e+03 -9.999000e+03 -9.999000e+03 -9.999000e+03 -9.999000e+03 -9.999000e+03 -9.999000e+03 -9.999000e+03 -9.999000e+03 -9.999000e+03 -9.999000e+03 -9.999000e+03 -9.999000e+03 -9.999000e+03 -9.999000e+03 -9.999000e+03 -9.999000e+03 -9.999000e+03 -9.999000e+03 -9.999000e+03 -9.999000e+03 -9.999000e+03 -9.999000e+03 -9.999000e+03 -9.999000e+03 -9.999000e+03 -9.999000e+03 -9.999000e+03 -9.999000e+03 -9.999000e+03 -9.999000e+03 -9.999000e+03 -9.999000e+03 -9.999000e+03 -9.999000e+03 -9.999000e+03 -9.999000e+03 -9.999000e+03 -9.999000e+03 -9.999000e+03 -9.999000e+03 -9.999000e+03 -9.999000e+03 -9.999000e+03 -9.999000e+03 -9.999000e+03 -9.999000e+03 -9.999000e+03 -9.999000e+03
-9.999000e+03 -9.999000e+03 -9.999000e+03 -9.999000e+03 -9.999000e+03 -9.999000e+03 -9.999000e+03 -9.999000e+03 -9.999000e+03 -9.999000e+03 -9.999000e+03 -9.999000e+03 -9.999000e+03 -9.999000e+03 -9.999000e+03 -9.999000e+03 -9.999000e+03 -9.999000e+03 -9.999000e+03 -9.999000e+03 -9.999000e+03 -9.999000e+03 -9.999000e+03 -9.999000e+03 -9.999000e+03 -9.999000e+03 -9.999000e+03 -9.999000e+03 -9.999000e+03 -9.999000e+03 -9.999000e+03 -9.999000e+03 -9.999000e+03 -9.999000e+03 -9.999000e+03 -9.999000e+03 -9.999000e+03 -9.999000e+03 -9.999000e+03 -9.999000e+03 -9.999000e+03 -9.999000e+03 -9.999000e+03 -9.999000e+03 -9.999000e+03 -9.999000e+03 -9.999000e+03 -9.999000e+03 -9.999000e+03 -9.999000e+03 -9.999000e+03 -9.999000e+03
