tests/data/reference/test_implicit_stream_rill_mfda/control/cinfil_m3.asc
ncols	123
nrows	77
xllcorner	-713746.79929998
yllcorner	-1061022.36961616
cellsize	10.0
NODATA_value	-9999
[rows 46 to 68 of 77, columns 52 to 103 of 123]
1.685655e+00 1.543825e+00 1.546495e+00 1.537425e+00 1.524256e+00 1.142150e+00 1.141545e+00 1.139348e+00 1.138595e+00 1.484865e+00 1.226845e+00 2.825807e+00 1.625331e+00 1.205801e+00 1.110437e+00 1.108107e+00 1.346063e+00 1.082855e+00 1.071185e+00 1.067131e+00 1.061024e+00 1.050683e+00 1.048021e+00 1.058594e+00 1.506552e+00 0.000000e+00 9.360803e-01 7.694033e-01 9.089224e-01 1.015811e+00 1.119634e+00 0.000000e+00 0.000000e+00 0.000000e+00 1.392104e+00 1.627888e+00 1.600379e+00 8.366178e-01 8.297868e-01 8.286259e-01 8.296010e-01 8.323987e-01 8.367861e-01 8.437125e-01 8.500761e-01 8.557641e-01 8.618019e-01 1.373968e+00 1.583117e+00 1.598600e+00 1.563002e+00 1.582596e+00
1.482103e+00 1.502800e+00 1.510067e+00 1.496686e+00 1.040401e+00 1.041142e+00 1.038906e+00 1.032772e+00 1.449779e+00 1.145918e+00 2.790550e+00 1.653597e+00 1.126953e+00 1.015088e+00 1.016503e+00 1.308095e+00 1.008335e+00 9.895525e-01 9.782149e-01 9.746822e-01 9.671400e-01 9.550328e-01 9.487008e-01 1.477763e+00 8.226342e-01 0.000000e+00 9.415355e-01 8.963830e-01 9.718502e-01 1.048396e+00 1.125660e+00 1.206514e+00 1.310301e+00 0.000000e+00 0.000000e+00 1.672114e+00 1.635223e+00 8.442620e-01 8.327751e-01 8.293544e-01 8.303227e-01 8.339511e-01 8.370287e-01 8.406667e-01 8.436630e-01 8.468417e-01 8.514277e-01 1.416334e+00 1.580616e+00 1.588143e+00 1.561530e+00 1.567932e+00
1.413487e+00 1.438840e+00 1.449442e+00 9.030678e-01 8.963563e-01 8.974248e-01 8.959917e-01 1.409884e+00 1.039788e+00 2.743802e+00 1.673158e+00 1.022150e+00 8.712556e-01 8.748772e-01 1.235183e+00 8.788016e-01 8.722326e-01 8.579491e-01 8.502681e-01 8.483794e-01 8.419816e-01 8.314506e-01 1.460032e+00 9.503597e-01 1.052019e+00 0.000000e+00 1.041011e+00 9.769442e-01 1.073896e+00 1.146719e+00 1.215352e+00 1.286807e+00 1.377378e+00 8.669591e-01 0.000000e+00 1.484930e+00 1.672062e+00 8.536794e-01 8.382233e-01 8.312234e-01 8.308697e-01 8.349831e-01 8.372639e-01 8.385901e-01 8.388993e-01 8.399030e-01 8.433720e-01 1.448941e+00 1.574132e+00 1.577978e+00 1.560064e+00 1.561920e+00
1.331677e+00 1.353867e+00 9.132472e-01 1.062714e+00 1.176161e+00 1.272482e+00 1.353802e+00 9.018731e-01 2.693050e+00 1.679054e+00 8.838984e-01 8.760256e-01 1.021796e+00 1.139262e+00 8.786246e-01 1.027936e+00 1.136898e+00 1.218334e+00 1.288206e+00 1.352085e+00 1.404941e+00 1.445631e+00 8.348033e-01 8.198488e-01 1.572680e+00 0.000000e+00 9.649476e-01 9.884415e-01 9.715987e-01 1.056581e+00 1.131521e+00 1.206126e+00 1.291493e+00 1.469294e+00 0.000000e+00 0.000000e+00 1.705701e+00 8.634868e-01 8.459267e-01 8.352577e-01 8.322141e-01 8.350761e-01 8.366454e-01 8.368250e-01 8.352117e-01 8.344046e-01 8.371910e-01 1.474469e+00 1.565204e+00 1.567820e+00 1.559649e+00 1.564562e+00
1.239549e+00 2.213929e+00 2.297653e+00 2.372404e+00 2.440159e+00 2.502733e+00 2.562616e+00 2.633172e+00 1.670793e+00 8.923084e-01 1.036737e+00 1.145026e+00 1.235478e+00 1.316001e+00 1.384448e+00 1.441019e+00 1.484284e+00 1.513989e+00 1.538033e+00 1.559611e+00 1.577330e+00 1.591731e+00 1.595722e+00 1.587626e+00 1.940391e+00 0.000000e+00 8.469539e-01 8.189588e-01 8.506431e-01 9.477476e-01 1.030668e+00 1.108476e+00 1.193308e+00 1.426418e+00 1.551306e+00 0.000000e+00 1.492709e+00 8.702859e-01 8.524676e-01 8.400074e-01 8.349747e-01 8.358312e-01 8.362216e-01 8.361084e-01 9.716155e-01 9.684618e-01 8.320722e-01 1.494367e+00 1.557444e+00 1.560188e+00 1.559646e+00 1.569271e+00
2.122730e+00 1.576291e+00 1.721991e+00 1.817653e+00 1.924688e+00 2.071299e+00 2.178994e+00 1.639761e+00 1.589921e+00 1.613496e+00 1.627656e+00 1.636623e+00 1.639412e+00 1.638827e+00 1.635806e+00 1.630999e+00 1.757006e+00 1.803060e+00 1.838588e+00 1.870440e+00 1.902689e+00 1.938089e+00 1.960660e+00 1.962345e+00 1.497662e+00 0.000000e+00 8.222916e-01 9.481238e-01 1.044850e+00 9.870367e-01 1.066059e+00 1.139088e+00 1.216817e+00 1.309569e+00 1.546498e+00 0.000000e+00 0.000000e+00 8.093837e-01 8.562541e-01 8.438526e-01 8.380482e-01 8.372216e-01 8.360309e-01 8.359169e-01 1.079792e+00 1.074569e+00 8.283433e-01 1.509629e+00 1.552494e+00 1.556116e+00 1.559380e+00 1.571669e+00
1.526582e+00 1.529080e+00 8.798475e-01 1.590662e+00 1.833834e+00 1.682604e+00 1.589873e+00 1.542268e+00 1.616431e+00 1.632238e+00 1.642303e+00 1.653532e+00 1.659791e+00 1.660756e+00 1.658433e+00 1.653372e+00 8.681758e-01 9.982862e-01 1.097043e+00 1.180094e+00 1.262402e+00 1.354370e+00 1.428886e+00 1.475081e+00 8.431410e-01 0.000000e+00 8.591051e-01 9.826857e-01 1.076093e+00 1.152472e+00 1.061517e+00 1.140462e+00 1.218287e+00 1.300891e+00 1.398338e+00 1.655048e+00 0.000000e+00 9.441893e-01 8.562420e-01 8.473559e-01 8.429637e-01 8.419336e-01 8.389342e-01 9.745690e-01 1.169660e+00 1.163434e+00 9.621225e-01 1.522306e+00 1.549386e+00 1.554083e+00 1.560322e+00 1.573107e+00
1.480180e+00 1.475910e+00 1.528831e+00 1.750203e+00 1.656269e+00 1.536740e+00 1.481942e+00 1.576863e+00 1.648939e+00 1.722045e+00 1.784332e+00 1.848540e+00 1.907924e+00 1.959292e+00 1.999506e+00 2.026050e+00 2.032242e+00 2.013468e+00 1.969093e+00 1.889773e+00 1.783988e+00 1.704333e+00 1.777351e+00 1.819566e+00 1.849442e+00 0.000000e+00 1.233075e+00 1.084802e+00 1.126064e+00 1.183233e+00 1.243534e+00 1.130710e+00 1.208616e+00 1.280382e+00 1.374781e+00 1.726376e+00 0.000000e+00 0.000000e+00 7.821019e-01 8.492119e-01 8.494614e-01 8.504898e-01 9.854254e-01 1.085318e+00 1.246339e+00 1.238928e+00 1.066768e+00 1.534277e+00 1.548215e+00 1.553330e+00 1.562733e+00 1.573914e+00
1.422519e+00 1.558007e+00 1.649596e+00 1.618087e+00 1.472678e+00 1.415689e+00 1.525313e+00 1.625826e+00 1.501254e+00 1.624567e+00 1.623689e+00 1.630791e+00 1.643944e+00 1.662618e+00 1.677248e+00 1.682674e+00 1.677682e+00 1.661587e+00 1.639638e+00 1.614805e+00 1.602957e+00 1.620876e+00 8.778616e-01 8.542086e-01 9.783635e-01 0.000000e+00 8.666202e-01 9.842471e-01 1.074081e+00 8.908702e-01 9.281890e-01 1.289307e+00 1.192491e+00 1.271450e+00 1.282941e+00 1.788116e+00 7.951323e-01 0.000000e+00 7.720018e-01 7.753042e-01 8.473754e-01 8.489022e-01 1.093694e+00 1.173846e+00 1.310808e+00 1.303442e+00 1.154181e+00 1.546876e+00 1.551361e+00 1.555058e+00 1.565247e+00 1.574796e+00
1.530769e+00 1.402033e+00 1.581455e+00 1.384239e+00 1.334410e+00 1.464975e+00 1.588913e+00 1.449193e+00 1.624729e+00 8.664429e-01 1.637063e+00 1.730368e+00 1.818581e+00 1.926344e+00 2.028818e+00 2.111332e+00 2.180841e+00 2.239279e+00 2.290520e+00 2.336487e+00 2.391237e+00 2.467602e+00 2.528179e+00 2.557117e+00 0.000000e+00 0.000000e+00 8.101854e-01 9.331679e-01 1.027743e+00 1.106755e+00 1.179972e+00 1.251793e+00 1.316451e+00 1.179123e+00 1.256166e+00 1.537936e+00 1.852700e+00 0.000000e+00 7.620462e-01 7.663876e-01 8.379004e-01 9.766954e-01 1.172651e+00 1.242481e+00 1.363409e+00 1.358334e+00 1.229471e+00 1.560826e+00 1.559555e+00 1.559907e+00 1.567508e+00 1.575997e+00
1.341422e+00 1.569824e+00 1.286932e+00 1.229729e+00 1.391187e+00 1.544387e+00 1.381698e+00 1.609586e+00 1.427226e+00 1.558554e+00 1.415609e+00 1.408705e+00 1.542192e+00 1.599002e+00 1.476388e+00 1.608231e+00 1.686472e+00 1.747887e+00 1.797533e+00 1.838111e+00 1.879552e+00 1.927973e+00 1.957733e+00 1.958301e+00 0.000000e+00 9.931378e-01 9.301772e-01 9.973387e-01 1.075090e+00 1.149110e+00 1.216995e+00 1.278557e+00 1.334185e+00 1.384212e+00 1.234777e+00 1.406562e+00 1.702483e+00 0.000000e+00 0.000000e+00 7.493302e-01 8.615658e-01 1.068677e+00 1.236188e+00 1.300170e+00 1.408988e+00 1.406367e+00 1.294680e+00 1.574602e+00 1.571599e+00 1.569946e+00 1.574532e+00 1.581736e+00
1.568258e+00 1.197796e+00 1.117980e+00 1.302086e+00 1.489558e+00 1.305937e+00 1.591391e+00 1.364978e+00 1.362340e+00 1.361154e+00 1.356534e+00 1.347235e+00 1.580460e+00 1.409849e+00 1.416555e+00 1.578423e+00 1.641503e+00 1.720158e+00 1.514584e+00 1.574326e+00 1.942918e+00 2.043676e+00 2.114173e+00 2.161651e+00 0.000000e+00 1.037625e+00 9.328591e-01 1.002694e+00 1.085132e+00 1.163706e+00 1.230574e+00 1.284890e+00 1.334423e+00 1.381412e+00 1.224981e+00 1.298777e+00 1.355323e+00 1.612912e+00 0.000000e+00 8.492796e-01 9.411910e-01 1.139782e+00 1.289071e+00 1.350116e+00 1.449526e+00 1.449174e+00 1.351485e+00 1.587197e+00 1.586483e+00 1.586230e+00 1.589251e+00 1.595187e+00
1.095499e+00 1.005312e+00 1.220459e+00 1.433102e+00 1.220875e+00 1.568797e+00 1.300392e+00 1.296669e+00 1.292978e+00 1.291866e+00 1.287375e+00 1.584681e+00 1.342181e+00 1.348264e+00 1.571234e+00 1.400395e+00 1.393176e+00 1.541512e+00 1.422564e+00 1.541066e+00 1.615091e+00 1.678360e+00 1.732298e+00 1.776093e+00 0.000000e+00 9.977898e-01 9.338773e-01 1.008576e+00 1.093842e+00 1.173441e+00 9.712130e-01 9.209144e-01 8.892421e-01 8.756266e-01 8.717743e-01 7.937309e-01 8.108237e-01 1.613778e+00 0.000000e+00 0.000000e+00 1.015482e+00 1.049995e+00 1.337849e+00 1.395929e+00 1.485950e+00 1.488124e+00 1.403904e+00 1.600364e+00 1.601963e+00 1.603215e+00 1.604573e+00 1.609312e+00
8.478558e-01 1.127878e+00 1.383909e+00 1.135050e+00 1.540610e+00 1.223653e+00 1.224787e+00 1.221290e+00 1.216868e+00 1.212528e+00 1.598077e+00 1.280366e+00 1.278087e+00 1.568753e+00 1.342879e+00 1.338440e+00 1.540926e+00 1.377442e+00 1.369772e+00 1.362457e+00 1.460340e+00 1.535647e+00 1.323518e+00 1.305967e+00 0.000000e+00 8.426915e-01 9.512189e-01 8.664236e-01 9.009430e-01 9.663307e-01 1.132970e+00 8.939581e-01 8.402693e-01 1.017874e+00 1.012760e+00 8.165206e-01 7.143904e-01 7.643098e-01 1.630325e+00 0.000000e+00 0.000000e+00 1.125185e+00 1.193392e+00 1.439784e+00 1.519288e+00 1.523925e+00 1.453696e+00 1.615146e+00 1.617261e+00 1.618136e+00 1.616683e+00 1.619632e+00
9.957628e-01 1.311215e+00 1.043139e+00 1.512829e+00 1.135244e+00 1.134010e+00 1.134545e+00 1.134005e+00 1.129007e+00 1.615162e+00 1.207641e+00 1.205457e+00 1.578689e+00 1.275398e+00 1.271194e+00 1.545896e+00 1.325340e+00 1.318447e+00 1.310694e+00 1.238577e+00 8.262431e-01 8.259503e-01 1.151287e+00 8.119176e-01 0.000000e+00 8.056286e-01 9.363962e-01 1.091358e+00 1.195368e+00 1.051451e+00 9.426794e-01 9.329216e-01 9.249134e-01 9.197349e-01 9.122845e-01 9.023602e-01 9.040525e-01 9.004022e-01 1.038175e+00 1.660354e+00 0.000000e+00 0.000000e+00 1.267825e+00 1.486427e+00 1.552019e+00 1.556359e+00 1.497810e+00 1.628211e+00 1.630367e+00 1.632314e+00 1.631529e+00 1.633590e+00
1.208903e+00 8.939376e-01 1.479770e+00 1.041272e+00 1.028813e+00 1.024351e+00 1.024635e+00 1.027862e+00 1.641553e+00 1.125837e+00 1.117709e+00 1.597037e+00 1.206197e+00 1.198490e+00 1.559508e+00 1.262530e+00 1.256628e+00 1.249479e+00 1.167074e+00 8.278587e-01 9.623876e-01 1.071644e+00 8.251350e-01 9.475955e-01 0.000000e+00 8.603195e-01 9.869466e-01 1.112846e+00 9.509479e-01 8.170607e-01 8.142426e-01 8.090270e-01 8.031784e-01 7.976653e-01 7.904258e-01 7.813418e-01 9.696324e-01 9.198007e-01 8.138984e-01 1.191570e+00 1.698037e+00 0.000000e+00 1.365738e+00 1.326653e+00 1.586809e+00 1.585973e+00 1.535692e+00 1.638191e+00 1.639649e+00 1.644840e+00 1.649596e+00 8.408906e-01
1.299169e+00 1.401462e+00 9.124152e-01 8.983199e-01 8.877814e-01 8.813081e-01 8.817478e-01 1.663716e+00 1.036014e+00 1.022382e+00 1.620180e+00 1.127561e+00 1.123150e+00 1.588846e+00 1.197163e+00 1.189061e+00 1.180326e+00 1.080903e+00 8.297296e-01 9.616524e-01 1.067090e+00 1.161098e+00 1.236296e+00 1.292179e+00 0.000000e+00 9.259429e-01 1.016242e+00 8.168453e-01 8.195837e-01 9.524177e-01 1.055349e+00 1.140287e+00 1.210136e+00 1.267434e+00 1.314560e+00 1.035757e+00 7.819565e-01 7.794919e-01 9.123532e-01 9.270289e-01 1.090253e+00 0.000000e+00 0.000000e+00 1.412812e+00 1.621876e+00 1.614395e+00 1.571686e+00 1.651025e+00 1.652139e+00 1.660687e+00 8.458245e-01 1.238110e+00
1.554987e+00 1.598749e+00 1.639043e+00 1.661558e+00 1.672655e+00 1.673531e+00 1.672084e+00 8.990317e-01 8.974927e-01 1.647299e+00 1.031829e+00 1.029560e+00 1.623614e+00 1.129004e+00 1.116519e+00 1.104005e+00 9.817495e-01 8.325732e-01 9.635857e-01 1.065635e+00 1.153812e+00 1.235232e+00 1.303169e+00 1.355625e+00 0.000000e+00 9.434757e-01 1.020860e+00 1.114943e+00 1.198845e+00 1.273129e+00 1.339239e+00 1.398323e+00 1.447453e+00 1.485683e+00 1.513947e+00 1.533204e+00 1.238254e+00 1.152863e+00 1.269803e+00 1.225918e+00 1.035865e+00 1.384538e+00 0.000000e+00 0.000000e+00 1.415744e+00 1.642388e+00 8.380439e-01 1.669776e+00 1.671494e+00 8.475327e-01 1.249571e+00 1.150723e+00
1.343442e+00 1.426109e+00 1.495349e+00 1.548729e+00 1.588116e+00 1.613964e+00 1.633679e+00 1.652750e+00 1.662912e+00 9.002310e-01 8.950699e-01 1.650290e+00 1.040856e+00 1.030952e+00 1.016027e+00 8.527801e-01 8.415812e-01 9.698546e-01 1.068984e+00 1.153752e+00 1.229270e+00 1.299085e+00 1.359673e+00 1.409669e+00 0.000000e+00 9.571920e-01 1.020266e+00 1.108120e+00 1.188310e+00 1.263055e+00 1.331545e+00 1.394422e+00 1.449059e+00 1.494090e+00 1.527785e+00 1.550094e+00 1.565447e+00 1.291083e+00 7.888515e-01 7.908468e-01 9.322455e-01 9.583351e-01 1.223573e+00 0.000000e+00 1.488550e+00 1.428007e+00 8.420928e-01 8.471173e-01 8.494961e-01 8.427015e-01 1.158678e+00 1.057440e+00
1.194984e+00 1.290154e+00 1.366463e+00 1.430661e+00 1.485139e+00 1.532078e+00 1.572859e+00 1.608341e+00 1.635940e+00 1.654328e+00 1.663415e+00 9.073489e-01 9.006420e-01 8.923378e-01 8.773393e-01 1.004070e+00 1.096253e+00 1.170014e+00 1.235360e+00 1.296441e+00 1.353081e+00 1.405977e+00 1.607349e+00 1.610284e+00 0.000000e+00 1.197372e+00 1.121005e+00 1.163292e+00 1.223887e+00 1.288430e+00 1.351492e+00 1.412198e+00 1.467611e+00 1.516080e+00 1.554445e+00 1.580701e+00 1.597929e+00 1.607630e+00 1.539227e+00 1.331014e+00 1.241380e+00 1.311695e+00 1.413284e+00 0.000000e+00 0.000000e+00 1.498508e+00 8.446909e-01 8.450072e-01 8.464030e-01 1.236570e+00 1.146969e+00 1.054585e+00
9.275419e-01 1.071178e+00 1.176992e+00 1.264044e+00 1.341949e+00 1.417148e+00 1.483237e+00 1.536542e+00 1.584054e+00 1.630477e+00 1.663936e+00 1.677185e+00 1.673052e+00 1.654881e+00 1.624121e+00 1.585712e+00 1.549446e+00 1.520353e+00 1.504599e+00 1.503653e+00 1.513924e+00 1.532529e+00 8.326573e-01 0.000000e+00 0.000000e+00 8.415898e-01 9.673865e-01 1.059717e+00 1.140298e+00 1.216664e+00 1.288722e+00 1.357899e+00 1.422064e+00 1.480460e+00 1.530402e+00 1.570152e+00 1.596911e+00 1.610961e+00 1.617366e+00 1.422490e+00 1.333383e+00 1.418710e+00 1.392390e+00 1.473158e+00 0.000000e+00 0.000000e+00 9.043716e-01 8.395884e-01 8.331153e-01 8.246001e-01 8.177120e-01 9.478137e-01
-9.999000e+03 -9.999000e+03 -9.999000e+03 -9.999000e+03 -9.999000e+03 -9.999000e+03 -9.999000e+03 9.029204e-01 9.090379e-01 9.270426e-01 9.354781e-01 9.279333e-01 1.070740e+00 1.164927e+00 1.235988e+00 1.292761e+00 1.337658e+00 1.372512e+00 1.406362e+00 1.442904e+00 1.479860e+00 1.517320e+00 1.543993e+00 0.000000e+00 1.018772e+00 9.539597e-01 1.016380e+00 1.082824e+00 1.147454e+00 1.211764e+00 1.275687e+00 1.340630e+00 1.403914e+00 1.464906e+00 1.520838e+00 1.569701e+00 1.603768e+00 1.620887e+00 1.628490e+00 1.628727e+00 1.360847e+00 1.308770e+00 1.372050e+00 1.371810e+00 1.472192e+00 0.000000e+00 0.000000e+00 7.656020e-01 8.193030e-01 8.140021e-01 8.114348e-01 8.119380e-01
-9.999000e+03 -9.999000e+03 -9.999000e+03 -9.999000e+03 -9.999000e+03 -9.999000e+03 -9.999000e+03 -9.999000e+03 -9.999000e+03 -9.999000e+03 1.089750e+00 1.085054e+00 9.078250e-01 8.832509e-01 1.017243e+00 1.122027e+00 1.203111e+00 1.264579e+00 1.321420e+00 1.379061e+00 1.433017e+00 1.482744e+00 1.517036e+00 0.000000e+00 1.018328e+00 9.564809e-01 1.020501e+00 1.085898e+00 1.147714e+00 1.056310e+00 1.293818e+00 1.353813e+00 1.410906e+00 1.470298e+00 1.527735e+00 1.580059e+00 1.619804e+00 1.643705e+00 1.654880e+00 1.654475e+00 1.647329e+00 1.317392e+00 1.251852e+00 1.551084e+00 1.387820e+00 1.502632e+00 0.000000e+00 0.000000e+00 8.129306e-01 8.061772e-01 -9.999000e+03 -9.999000e+03
