tests/data/reference/test_implicit_stream_rill_mfda/control/cinfil_m3.asc
ncols	123
nrows	77
xllcorner	-713746.79929998
yllcorner	-1061022.36961616
cellsize	10.0
NODATA_value	-9999
[rows 46 to 68 of 77, columns 52 to 103 of 123]
1.693880e+00 1.552163e+00 1.554244e+00 1.543601e+00 1.530040e+00 1.155600e+00 1.155023e+00 1.151850e+00 1.151263e+00 1.491830e+00 1.238821e+00 2.853105e+00 1.634543e+00 1.217804e+00 1.123093e+00 1.120542e+00 1.355050e+00 1.095401e+00 1.085326e+00 1.082338e+00 1.075496e+00 1.062545e+00 1.060524e+00 1.073408e+00 1.513198e+00 0.000000e+00 9.453558e-01 7.810393e-01 9.206621e-01 1.027734e+00 1.130682e+00 0.000000e+00 0.000000e+00 0.000000e+00 1.401784e+00 1.638690e+00 1.608189e+00 8.498452e-01 8.430955e-01 8.419503e-01 8.429121e-01 8.456739e-01 8.500119e-01 8.573129e-01 8.638594e-01 8.697140e-01 8.756499e-01 1.383362e+00 1.592785e+00 1.609231e+00 1.571139e+00 1.592002e+00
1.490980e+00 1.511472e+00 1.518217e+00 1.504229e+00 1.053264e+00 1.053985e+00 1.052042e+00 1.045672e+00 1.457476e+00 1.159289e+00 2.822836e+00 1.660843e+00 1.140272e+00 1.027808e+00 1.029173e+00 1.318718e+00 1.021060e+00 1.002546e+00 9.915402e-01 9.881579e-01 9.807455e-01 9.687822e-01 9.627401e-01 1.483986e+00 8.361067e-01 0.000000e+00 9.550699e-01 9.076751e-01 9.852435e-01 1.061111e+00 1.137794e+00 1.217924e+00 1.323042e+00 0.000000e+00 0.000000e+00 1.687975e+00 1.644283e+00 8.578781e-01 8.460457e-01 8.426689e-01 8.436243e-01 8.472076e-01 8.502524e-01 8.539556e-01 8.572620e-01 8.605315e-01 8.652503e-01 1.424561e+00 1.590644e+00 1.599249e+00 1.570498e+00 1.578245e+00
1.423642e+00 1.448894e+00 1.458846e+00 9.158084e-01 9.091650e-01 9.102188e-01 9.088055e-01 1.418777e+00 1.052748e+00 2.774346e+00 1.682755e+00 1.034682e+00 8.843926e-01 8.881078e-01 1.247142e+00 8.919453e-01 8.854483e-01 8.719636e-01 8.640570e-01 8.621135e-01 8.555331e-01 8.447376e-01 1.466915e+00 9.643171e-01 1.065658e+00 0.000000e+00 1.144377e+00 1.070110e+00 1.150720e+00 1.212931e+00 1.274061e+00 1.339793e+00 1.425491e+00 8.777066e-01 0.000000e+00 1.494074e+00 1.685863e+00 8.675679e-01 8.514364e-01 8.445133e-01 8.441641e-01 8.482277e-01 8.504855e-01 8.518002e-01 8.521069e-01 8.531298e-01 8.569628e-01 1.456296e+00 1.583693e+00 1.589383e+00 1.569780e+00 1.573153e+00
1.342745e+00 1.364635e+00 9.259242e-01 1.076812e+00 1.189007e+00 1.283713e+00 1.363622e+00 9.146076e-01 2.718600e+00 1.688818e+00 8.969314e-01 8.892306e-01 1.034408e+00 1.152305e+00 8.917722e-01 1.040850e+00 1.149766e+00 1.230160e+00 1.299058e+00 1.361585e+00 1.413845e+00 1.453614e+00 8.480499e-01 8.333953e-01 1.581765e+00 0.000000e+00 1.155978e+00 1.012062e+00 9.901555e-01 1.073668e+00 1.147379e+00 1.220818e+00 1.305882e+00 1.512943e+00 0.000000e+00 0.000000e+00 1.716041e+00 8.771884e-01 8.595903e-01 8.484992e-01 8.454915e-01 8.483197e-01 8.498726e-01 8.500505e-01 8.484537e-01 8.476559e-01 8.504132e-01 1.480983e+00 1.574880e+00 1.578460e+00 1.569891e+00 1.576130e+00
1.251695e+00 2.232530e+00 2.317340e+00 2.391605e+00 2.458684e+00 2.519603e+00 2.581042e+00 2.654489e+00 1.679295e+00 9.051754e-01 1.049857e+00 1.158492e+00 1.247261e+00 1.326635e+00 1.394023e+00 1.449591e+00 1.491626e+00 1.520653e+00 1.544221e+00 1.566523e+00 1.584646e+00 1.600020e+00 1.604522e+00 1.596792e+00 1.947293e+00 0.000000e+00 8.729400e-01 8.325302e-01 8.622032e-01 9.604995e-01 1.042659e+00 1.119475e+00 1.203772e+00 1.441925e+00 1.591014e+00 0.000000e+00 1.500987e+00 8.834035e-01 8.663205e-01 8.532373e-01 8.482194e-01 8.490663e-01 8.494528e-01 8.493406e-01 9.853647e-01 9.822703e-01 8.453514e-01 1.501074e+00 1.567406e+00 1.570803e+00 1.570144e+00 1.580714e+00
2.140712e+00 1.583399e+00 1.735222e+00 1.828838e+00 1.937573e+00 2.086543e+00 2.196323e+00 1.646481e+00 1.596591e+00 1.620225e+00 1.634153e+00 1.643666e+00 1.647524e+00 1.648297e+00 1.646434e+00 1.642118e+00 1.770987e+00 1.817145e+00 1.852967e+00 1.884793e+00 1.916550e+00 1.951075e+00 1.971999e+00 1.971571e+00 1.504203e+00 0.000000e+00 8.357731e-01 9.623206e-01 1.057968e+00 9.981417e-01 1.076569e+00 1.149206e+00 1.226532e+00 1.320491e+00 1.562269e+00 0.000000e+00 0.000000e+00 8.205578e-01 8.702184e-01 8.574571e-01 8.512629e-01 8.504435e-01 8.492638e-01 8.491510e-01 1.092510e+00 1.088206e+00 8.416739e-01 1.516456e+00 1.562831e+00 1.566795e+00 1.569916e+00 1.582680e+00
1.533641e+00 1.536050e+00 8.929683e-01 1.598345e+00 1.847345e+00 1.692960e+00 1.597020e+00 1.549978e+00 1.623749e+00 1.638405e+00 1.648788e+00 1.660724e+00 1.668249e+00 1.671071e+00 1.669236e+00 1.664436e+00 8.814735e-01 1.011294e+00 1.109457e+00 1.193021e+00 1.274136e+00 1.364861e+00 1.438515e+00 1.482934e+00 8.567252e-01 0.000000e+00 8.987960e-01 1.017388e+00 1.107497e+00 1.182228e+00 1.082301e+00 1.160008e+00 1.236347e+00 1.319130e+00 1.408445e+00 1.670394e+00 0.000000e+00 9.567300e-01 8.702060e-01 8.610605e-01 8.565430e-01 8.554838e-01 8.521414e-01 9.882640e-01 1.183153e+00 1.177052e+00 9.760541e-01 1.529479e+00 1.560065e+00 1.564840e+00 1.570779e+00 1.583600e+00
1.488081e+00 1.483643e+00 1.535927e+00 1.763426e+00 1.669033e+00 1.544476e+00 1.490067e+00 1.583685e+00 1.656331e+00 1.734752e+00 1.795308e+00 1.859945e+00 1.919218e+00 1.969945e+00 2.008801e+00 2.033442e+00 2.037274e+00 2.016028e+00 1.970221e+00 1.892951e+00 1.795993e+00 1.724773e+00 1.797734e+00 1.839560e+00 1.868765e+00 0.000000e+00 1.508898e+00 1.430119e+00 1.388942e+00 1.368851e+00 1.376053e+00 1.207544e+00 1.271730e+00 1.333790e+00 1.391391e+00 1.742614e+00 0.000000e+00 0.000000e+00 7.937260e-01 8.629701e-01 8.632268e-01 8.642850e-01 9.989343e-01 1.098652e+00 1.258177e+00 1.250838e+00 1.082393e+00 1.542014e+00 1.559133e+00 1.564144e+00 1.573076e+00 1.583953e+00
1.431473e+00 1.565763e+00 1.661110e+00 1.631398e+00 1.481624e+00 1.425346e+00 1.532581e+00 1.633531e+00 1.508928e+00 1.634240e+00 1.633967e+00 1.641198e+00 1.654892e+00 1.675533e+00 1.690197e+00 1.691901e+00 1.690016e+00 1.672596e+00 1.649791e+00 1.625661e+00 1.613896e+00 1.633827e+00 8.910260e-01 8.681126e-01 9.917365e-01 0.000000e+00 9.262895e-01 1.031681e+00 1.115641e+00 1.021452e+00 1.109568e+00 1.344266e+00 1.211507e+00 1.282372e+00 1.325820e+00 1.804780e+00 8.089023e-01 0.000000e+00 7.835845e-01 7.868361e-01 8.610805e-01 8.626514e-01 1.106572e+00 1.187213e+00 1.321524e+00 1.314195e+00 1.167821e+00 1.556007e+00 1.562372e+00 1.565868e+00 1.575484e+00 1.584565e+00
1.537552e+00 1.411393e+00 1.593139e+00 1.394823e+00 1.345383e+00 1.473379e+00 1.596070e+00 1.457956e+00 1.633687e+00 8.798893e-01 1.649489e+00 1.744658e+00 1.833131e+00 1.942509e+00 2.045928e+00 2.129919e+00 2.199697e+00 2.257912e+00 2.311557e+00 2.355666e+00 2.410467e+00 2.487006e+00 2.548057e+00 2.577229e+00 0.000000e+00 0.000000e+00 8.256902e-01 9.488088e-01 1.042545e+00 1.120766e+00 1.194063e+00 1.264786e+00 1.328072e+00 1.187429e+00 1.264823e+00 1.568967e+00 1.870182e+00 0.000000e+00 7.738449e-01 7.780890e-01 8.511163e-01 9.901610e-01 1.185794e+00 1.254016e+00 1.372572e+00 1.367700e+00 1.241866e+00 1.570247e+00 1.570497e+00 1.570638e+00 1.577683e+00 1.585722e+00
1.351263e+00 1.579903e+00 1.298613e+00 1.242271e+00 1.401036e+00 1.552026e+00 1.391655e+00 1.617469e+00 1.436093e+00 1.570373e+00 1.424390e+00 1.417538e+00 1.554304e+00 1.611187e+00 1.484766e+00 1.620804e+00 1.698957e+00 1.759863e+00 1.808632e+00 1.848139e+00 1.888212e+00 1.934615e+00 1.962009e+00 1.959689e+00 0.000000e+00 1.027761e+00 9.500513e-01 1.014060e+00 1.090383e+00 1.164878e+00 1.231211e+00 1.291571e+00 1.345719e+00 1.394733e+00 1.242210e+00 1.417690e+00 1.712538e+00 0.000000e+00 0.000000e+00 7.611886e-01 8.733491e-01 1.083778e+00 1.247726e+00 1.310591e+00 1.417439e+00 1.415048e+00 1.305660e+00 1.584288e+00 1.582442e+00 1.580613e+00 1.584762e+00 1.592203e+00
1.577076e+00 1.210800e+00 1.131706e+00 1.312971e+00 1.497038e+00 1.316781e+00 1.597801e+00 1.374493e+00 1.371789e+00 1.370633e+00 1.366030e+00 1.356870e+00 1.592496e+00 1.419175e+00 1.425827e+00 1.590801e+00 1.655393e+00 1.738775e+00 1.540607e+00 1.692000e+00 2.001884e+00 2.083748e+00 2.140964e+00 2.179608e+00 0.000000e+00 1.180775e+00 9.673900e-01 1.021439e+00 1.101650e+00 1.179939e+00 1.244868e+00 1.297735e+00 1.345619e+00 1.391631e+00 1.232138e+00 1.306595e+00 1.394032e+00 1.625043e+00 0.000000e+00 8.611856e-01 9.530714e-01 1.153016e+00 1.299580e+00 1.359333e+00 1.456955e+00 1.456785e+00 1.361130e+00 1.597364e+00 1.597565e+00 1.597275e+00 1.599987e+00 1.605870e+00
1.108083e+00 1.018494e+00 1.232894e+00 1.441709e+00 1.232809e+00 1.574694e+00 1.311126e+00 1.307401e+00 1.303787e+00 1.302756e+00 1.298416e+00 1.596400e+00 1.352051e+00 1.358231e+00 1.582912e+00 1.409696e+00 1.402369e+00 1.553816e+00 1.431218e+00 1.553010e+00 1.627885e+00 1.690896e+00 1.744632e+00 1.787442e+00 0.000000e+00 1.057453e+00 9.603153e-01 1.027004e+00 1.110127e+00 1.189514e+00 9.922943e-01 9.487991e-01 9.178109e-01 9.261690e-01 8.845913e-01 8.624992e-01 8.716682e-01 1.633024e+00 0.000000e+00 0.000000e+00 1.027150e+00 1.059586e+00 1.347173e+00 1.404293e+00 1.492636e+00 1.495049e+00 1.412840e+00 1.610543e+00 1.612886e+00 1.614283e+00 1.616152e+00 1.621157e+00
8.615748e-01 1.141722e+00 1.393983e+00 1.147716e+00 1.547105e+00 1.235826e+00 1.237152e+00 1.233411e+00 1.228663e+00 1.224173e+00 1.609391e+00 1.291451e+00 1.289259e+00 1.579789e+00 1.352843e+00 1.348523e+00 1.553091e+00 1.386958e+00 1.378978e+00 1.371744e+00 1.472273e+00 1.548957e+00 1.325676e+00 1.268033e+00 0.000000e+00 9.808037e-01 1.017012e+00 9.890976e-01 9.228236e-01 9.936898e-01 1.146442e+00 8.176020e-01 8.116055e-01 1.031404e+00 1.026433e+00 7.281933e-01 7.493636e-01 8.193528e-01 1.650626e+00 0.000000e+00 0.000000e+00 1.134689e+00 1.200206e+00 1.447653e+00 1.525602e+00 1.530245e+00 1.461418e+00 1.626240e+00 1.628923e+00 1.629971e+00 1.628531e+00 1.631609e+00
1.009067e+00 1.322573e+00 1.055742e+00 1.520146e+00 1.147878e+00 1.146907e+00 1.147516e+00 1.147014e+00 1.142165e+00 1.626791e+00 1.219485e+00 1.217605e+00 1.589589e+00 1.286373e+00 1.282227e+00 1.557337e+00 1.335498e+00 1.328780e+00 1.321235e+00 1.250321e+00 8.396246e-01 8.393391e-01 1.164891e+00 8.256929e-01 0.000000e+00 8.217185e-01 9.530587e-01 1.135384e+00 1.262977e+00 1.064646e+00 9.569912e-01 9.473614e-01 9.392285e-01 9.341720e-01 9.268998e-01 9.172530e-01 9.190504e-01 9.125468e-01 1.050568e+00 1.681389e+00 0.000000e+00 0.000000e+00 1.275367e+00 1.493802e+00 1.558971e+00 1.563145e+00 1.504870e+00 1.638551e+00 1.641029e+00 1.643473e+00 1.642815e+00 1.645152e+00
1.220950e+00 9.067806e-01 1.488785e+00 1.053940e+00 1.041513e+00 1.037018e+00 1.037388e+00 1.040738e+00 1.651985e+00 1.138906e+00 1.130908e+00 1.607021e+00 1.218112e+00 1.210772e+00 1.569699e+00 1.273624e+00 1.267962e+00 1.260993e+00 1.180485e+00 8.412008e-01 9.763299e-01 1.086171e+00 8.385440e-01 9.617500e-01 0.000000e+00 9.205074e-01 1.035575e+00 1.195473e+00 9.651813e-01 8.306857e-01 8.279488e-01 8.224436e-01 8.160765e-01 8.101060e-01 8.035106e-01 7.952650e-01 9.237918e-01 9.649154e-01 9.288461e-01 1.255396e+00 1.719465e+00 0.000000e+00 1.374630e+00 1.333568e+00 1.594190e+00 1.593084e+00 1.542133e+00 1.648651e+00 1.650161e+00 1.655503e+00 1.660498e+00 8.542291e-01
1.310076e+00 1.411866e+00 9.251113e-01 9.111017e-01 9.007316e-01 8.943971e-01 8.948272e-01 1.674755e+00 1.049007e+00 1.034740e+00 1.630684e+00 1.140661e+00 1.136303e+00 1.598510e+00 1.209307e+00 1.201422e+00 1.193002e+00 1.093637e+00 8.430391e-01 9.755565e-01 1.082762e+00 1.174869e+00 1.248425e+00 1.303018e+00 0.000000e+00 1.078585e+00 1.123752e+00 8.304764e-01 8.331376e-01 9.665903e-01 1.069725e+00 1.154469e+00 1.222281e+00 1.278673e+00 1.324598e+00 1.027450e+00 7.958223e-01 7.935901e-01 9.272525e-01 9.398140e-01 1.102271e+00 0.000000e+00 0.000000e+00 1.420491e+00 1.630593e+00 1.622462e+00 1.578164e+00 1.661279e+00 1.662289e+00 1.671786e+00 8.594852e-01 1.250268e+00
1.562337e+00 1.607324e+00 1.648952e+00 1.672189e+00 1.686702e+00 1.687311e+00 1.685382e+00 9.118039e-01 9.102857e-01 1.656805e+00 1.044626e+00 1.042339e+00 1.633539e+00 1.141893e+00 1.129562e+00 1.116230e+00 9.950997e-01 8.458462e-01 9.775070e-01 1.081049e+00 1.167457e+00 1.247503e+00 1.314157e+00 1.365148e+00 0.000000e+00 1.111939e+00 1.141403e+00 1.204276e+00 1.270373e+00 1.332613e+00 1.390068e+00 1.441997e+00 1.484785e+00 1.517744e+00 1.541214e+00 1.556998e+00 1.233390e+00 1.141613e+00 1.303740e+00 1.246199e+00 1.188210e+00 1.530223e+00 0.000000e+00 0.000000e+00 1.422769e+00 1.650494e+00 8.512586e-01 1.684132e+00 1.686204e+00 8.612424e-01 1.262151e+00 1.164459e+00
1.354080e+00 1.435545e+00 1.503423e+00 1.556435e+00 1.595005e+00 1.621168e+00 1.640532e+00 1.660545e+00 1.672701e+00 9.129873e-01 9.078967e-01 1.659534e+00 1.053624e+00 1.043706e+00 1.028500e+00 8.666422e-01 8.551214e-01 9.835105e-01 1.084108e+00 1.167274e+00 1.241631e+00 1.310058e+00 1.369374e+00 1.418601e+00 0.000000e+00 1.140348e+00 1.150515e+00 1.202435e+00 1.262338e+00 1.323928e+00 1.383036e+00 1.438388e+00 1.486612e+00 1.526229e+00 1.555977e+00 1.573692e+00 1.585279e+00 1.356200e+00 8.020787e-01 8.038937e-01 9.470620e-01 9.709407e-01 1.457402e+00 0.000000e+00 1.497102e+00 1.434997e+00 8.556474e-01 8.608151e-01 8.632625e-01 8.562733e-01 1.172617e+00 1.071937e+00
1.207874e+00 1.301257e+00 1.375799e+00 1.439129e+00 1.492492e+00 1.538890e+00 1.580035e+00 1.616710e+00 1.644469e+00 1.662904e+00 1.673631e+00 9.201620e-01 9.133929e-01 9.052044e-01 8.905152e-01 1.016874e+00 1.108564e+00 1.182950e+00 1.246915e+00 1.307064e+00 1.362682e+00 1.415135e+00 1.621442e+00 1.686014e+00 0.000000e+00 1.426200e+00 1.412284e+00 1.417907e+00 1.433741e+00 1.459866e+00 1.492252e+00 1.528549e+00 1.565080e+00 1.597873e+00 1.623667e+00 1.637814e+00 1.645143e+00 1.646010e+00 1.587381e+00 1.287077e+00 1.416525e+00 1.410646e+00 1.486552e+00 0.000000e+00 0.000000e+00 1.506302e+00 8.583192e-01 8.586445e-01 8.600802e-01 1.249060e+00 1.160971e+00 1.068668e+00
9.399494e-01 1.085039e+00 1.189678e+00 1.275311e+00 1.351931e+00 1.426381e+00 1.491451e+00 1.543982e+00 1.591905e+00 1.638323e+00 1.672827e+00 1.689016e+00 1.685503e+00 1.663591e+00 1.634092e+00 1.595953e+00 1.560329e+00 1.530941e+00 1.515680e+00 1.515075e+00 1.525400e+00 1.543825e+00 8.459293e-01 0.000000e+00 0.000000e+00 8.686173e-01 9.923173e-01 1.084679e+00 1.162839e+00 1.237257e+00 1.306896e+00 1.374010e+00 1.436640e+00 1.493237e+00 1.541392e+00 1.579930e+00 1.605458e+00 1.618931e+00 1.624483e+00 1.479109e+00 1.343485e+00 1.515875e+00 1.448739e+00 1.507404e+00 0.000000e+00 0.000000e+00 9.157703e-01 8.528080e-01 8.463818e-01 8.380225e-01 8.313185e-01 9.620499e-01
-9.999000e+03 -9.999000e+03 -9.999000e+03 -9.999000e+03 -9.999000e+03 -9.999000e+03 -9.999000e+03 9.156493e-01 9.218117e-01 9.394572e-01 9.479994e-01 9.403354e-01 1.084721e+00 1.177742e+00 1.247267e+00 1.303084e+00 1.346968e+00 1.381095e+00 1.414809e+00 1.451283e+00 1.488065e+00 1.525581e+00 1.552905e+00 0.000000e+00 1.081868e+00 9.905633e-01 1.041238e+00 1.103043e+00 1.166185e+00 1.227959e+00 1.290453e+00 1.353770e+00 1.415920e+00 1.475283e+00 1.530163e+00 1.578295e+00 1.611453e+00 1.628256e+00 1.634424e+00 1.634019e+00 1.431365e+00 1.287587e+00 1.554512e+00 1.445495e+00 1.515743e+00 0.000000e+00 0.000000e+00 7.773206e-01 8.328648e-01 8.277153e-01 8.252250e-01 8.257127e-01
-9.999000e+03 -9.999000e+03 -9.999000e+03 -9.999000e+03 -9.999000e+03 -9.999000e+03 -9.999000e+03 -9.999000e+03 -9.999000e+03 -9.999000e+03 1.102013e+00 1.097403e+00 9.206271e-01 8.962978e-01 1.029813e+00 1.135425e+00 1.215338e+00 1.275627e+00 1.331373e+00 1.388372e+00 1.441651e+00 1.490684e+00 1.524295e+00 0.000000e+00 1.077838e+00 9.918672e-01 1.045019e+00 1.105718e+00 1.166207e+00 1.135947e+00 1.312610e+00 1.357487e+00 1.413469e+00 1.473092e+00 1.530899e+00 1.583440e+00 1.623779e+00 1.646517e+00 1.656713e+00 1.655777e+00 1.648825e+00 1.330388e+00 1.365963e+00 1.666368e+00 1.449721e+00 1.538080e+00 0.000000e+00 0.000000e+00 8.266753e-01 8.193396e-01 -9.999000e+03 -9.999000e+03
