tests/data/reference/test_implicit_stream_rill_mfda/control/cinfil_m3.asc
ncols	123
nrows	77
xllcorner	-713746.79929998
yllcorner	-1061022.36961616
cellsize	10.0
NODATA_value	-9999
[rows 23 to 45 of 77, columns 0 to 51 of 123]
-9.999000e+03 -9.999000e+03 -9.999000e+03 -9.999000e+03 -9.999000e+03 -9.999000e+03 -9.999000e+03 -9.999000e+03 -9.999000e+03 -9.999000e+03 -9.999000e+03 -9.999000e+03 -9.999000e+03 -9.999000e+03 1.041954e+00 1.457427e+00 1.549834e+00 1.191460e+00 1.007276e+00 1.246138e+00 1.064543e+00 0.000000e+00 1.166869e+00 1.559458e+00 1.462351e+00 1.713390e+00 1.852750e+00 1.542579e+00 1.328525e+00 1.865675e+00 8.693684e-01 1.009783e+00 1.118661e+00 1.461658e+00 1.787909e+00 1.648407e+00 2.150986e+00 8.514311e-01 1.779091e+00 1.569113e+00 1.549969e+00 1.522323e+00 1.577823e+00 1.518969e+00 1.517543e+00 1.463664e+00 1.490240e+00 1.618671e+00 1.372547e+00 1.168636e+00 1.076723e+00 8.292262e-01
-9.999000e+03 -9.999000e+03 -9.999000e+03 -9.999000e+03 -9.999000e+03 -9.999000e+03 -9.999000e+03 -9.999000e+03 -9.999000e+03 -9.999000e+03 -9.999000e+03 -9.999000e+03 -9.999000e+03 -9.999000e+03 1.446913e+00 2.228796e+00 1.760087e+00 1.107964e+00 1.017208e+00 9.257621e-01 0.000000e+00 0.000000e+00 8.464635e-01 1.066442e+00 1.579278e+00 1.764509e+00 1.901099e+00 1.607276e+00 1.224012e+00 8.114516e-01 1.845290e+00 1.011003e+00 1.121130e+00 1.215927e+00 1.884638e+00 1.639047e+00 2.196814e+00 8.486426e-01 1.819087e+00 1.582038e+00 1.572878e+00 1.553485e+00 1.582450e+00 1.544982e+00 1.542752e+00 1.502082e+00 1.519950e+00 1.612607e+00 1.421013e+00 1.244851e+00 8.282524e-01 1.159021e+00
-9.999000e+03 -9.999000e+03 -9.999000e+03 -9.999000e+03 -9.999000e+03 -9.999000e+03 -9.999000e+03 -9.999000e+03 -9.999000e+03 -9.999000e+03 -9.999000e+03 -9.999000e+03 -9.999000e+03 -9.999000e+03 2.393368e+00 1.276355e+00 9.779210e-01 9.789793e-01 9.859695e-01 1.018175e+00 0.000000e+00 1.172437e+00 1.312183e+00 9.971297e-01 1.086834e+00 1.602171e+00 1.978581e+00 1.653638e+00 1.295860e+00 8.062797e-01 9.465358e-01 1.535970e+00 1.014813e+00 1.225426e+00 1.307977e+00 1.986814e+00 8.581877e-01 2.232003e+00 9.908493e-01 1.884848e+00 1.594088e+00 1.579822e+00 1.593865e+00 1.569411e+00 1.566285e+00 1.534758e+00 1.544727e+00 1.605420e+00 1.460772e+00 1.306910e+00 9.576682e-01 8.182430e-01
-9.999000e+03 -9.999000e+03 -9.999000e+03 -9.999000e+03 -9.999000e+03 -9.999000e+03 -9.999000e+03 -9.999000e+03 -9.999000e+03 -9.999000e+03 -9.999000e+03 -9.999000e+03 9.364095e-01 1.007577e+00 1.701789e+00 1.160589e+00 9.731966e-01 1.174542e+00 1.063808e+00 0.000000e+00 1.511174e+00 1.456110e+00 1.240611e+00 1.355125e+00 1.110248e+00 1.158078e+00 2.065664e+00 1.705327e+00 1.369473e+00 9.556228e-01 8.115655e-01 1.059515e+00 1.555240e+00 1.137620e+00 1.172764e+00 1.378656e+00 1.802915e+00 9.957970e-01 2.265607e+00 1.102719e+00 1.675807e+00 1.603395e+00 1.610027e+00 1.593236e+00 1.588064e+00 1.561440e+00 1.563475e+00 1.598884e+00 1.492702e+00 1.358950e+00 1.056553e+00 8.141918e-01
-9.999000e+03 -9.999000e+03 -9.999000e+03 -9.999000e+03 -9.999000e+03 -9.999000e+03 -9.999000e+03 -9.999000e+03 -9.999000e+03 -9.999000e+03 -9.999000e+03 -9.999000e+03 -9.999000e+03 9.449385e-01 1.181185e+00 1.167347e+00 1.106683e+00 1.099009e+00 0.000000e+00 1.658658e+00 1.504855e+00 1.504804e+00 1.644926e+00 1.746532e+00 1.842476e+00 1.926402e+00 2.004722e+00 2.177036e+00 1.762538e+00 1.443163e+00 1.076562e+00 9.621546e-01 1.169734e+00 1.583309e+00 1.238132e+00 1.252419e+00 1.244561e+00 1.518622e+00 1.104776e+00 2.290169e+00 1.656400e+00 1.625224e+00 1.629082e+00 1.616329e+00 1.607388e+00 1.581512e+00 1.575554e+00 1.592957e+00 1.517444e+00 1.403212e+00 1.138782e+00 9.443809e-01
-9.999000e+03 -9.999000e+03 -9.999000e+03 -9.999000e+03 -9.999000e+03 -9.999000e+03 -9.999000e+03 -9.999000e+03 -9.999000e+03 -9.999000e+03 -9.999000e+03 -9.999000e+03 -9.999000e+03 -9.999000e+03 -9.999000e+03 1.037851e+00 1.213632e+00 0.000000e+00 0.000000e+00 1.250383e+00 1.345863e+00 1.469611e+00 1.572963e+00 1.655806e+00 1.720618e+00 1.767917e+00 1.809830e+00 2.120175e+00 2.334820e+00 1.796586e+00 1.510472e+00 1.194517e+00 1.105176e+00 1.281556e+00 1.606317e+00 1.302006e+00 1.316834e+00 1.323180e+00 1.840531e+00 1.068989e+00 2.016563e+00 1.642176e+00 1.642472e+00 1.630687e+00 1.618764e+00 1.593855e+00 1.583166e+00 1.589807e+00 1.537898e+00 1.442063e+00 1.211149e+00 1.047394e+00
-9.999000e+03 -9.999000e+03 -9.999000e+03 -9.999000e+03 -9.999000e+03 -9.999000e+03 -9.999000e+03 -9.999000e+03 -9.999000e+03 -9.999000e+03 -9.999000e+03 -9.999000e+03 -9.999000e+03 -9.999000e+03 -9.999000e+03 -9.999000e+03 1.112139e+00 0.000000e+00 1.251328e+00 1.314193e+00 1.419877e+00 1.517695e+00 1.591881e+00 1.639015e+00 1.664057e+00 1.667765e+00 1.664279e+00 1.664529e+00 1.658804e+00 2.152790e+00 2.091848e+00 2.147163e+00 1.311441e+00 1.226661e+00 1.366282e+00 1.619662e+00 1.651935e+00 1.712720e+00 1.400395e+00 1.950170e+00 1.159621e+00 1.595774e+00 1.645722e+00 1.633378e+00 1.620532e+00 1.598764e+00 1.587571e+00 1.589527e+00 1.555421e+00 1.476793e+00 1.276703e+00 1.137083e+00
-9.999000e+03 -9.999000e+03 -9.999000e+03 -9.999000e+03 -9.999000e+03 -9.999000e+03 -9.999000e+03 -9.999000e+03 -9.999000e+03 -9.999000e+03 -9.999000e+03 -9.999000e+03 -9.999000e+03 -9.999000e+03 -9.999000e+03 -9.999000e+03 0.000000e+00 1.535865e+00 1.382477e+00 1.387799e+00 1.425405e+00 2.425105e+00 2.500358e+00 2.549863e+00 2.572791e+00 2.572791e+00 2.572791e+00 2.572791e+00 2.572791e+00 2.572791e+00 2.572791e+00 2.572791e+00 2.572791e+00 2.572791e+00 2.572791e+00 2.572791e+00 2.572791e+00 2.572791e+00 2.572791e+00 2.572791e+00 2.572791e+00 2.572791e+00 1.537317e+00 1.418765e+00 1.401352e+00 1.615453e+00 1.601797e+00 1.598992e+00 1.575002e+00 1.511490e+00 1.341028e+00 1.223311e+00
-9.999000e+03 -9.999000e+03 -9.999000e+03 -9.999000e+03 -9.999000e+03 -9.999000e+03 -9.999000e+03 -9.999000e+03 -9.999000e+03 -9.999000e+03 -9.999000e+03 -9.999000e+03 -9.999000e+03 -9.999000e+03 -9.999000e+03 0.000000e+00 1.564831e+00 1.426751e+00 2.297854e+00 2.005486e+00 2.321874e+00 1.461395e+00 1.613021e+00 1.727121e+00 1.814357e+00 1.911180e+00 1.995349e+00 2.074901e+00 2.145860e+00 2.203541e+00 2.263470e+00 2.333283e+00 2.413739e+00 2.509984e+00 2.572791e+00 2.572791e+00 2.572791e+00 2.473225e+00 2.382225e+00 2.349545e+00 2.338056e+00 2.326343e+00 2.572791e+00 2.572791e+00 2.572791e+00 1.477103e+00 1.493116e+00 1.623350e+00 1.600088e+00 1.549383e+00 1.409136e+00 1.312346e+00
-9.999000e+03 -9.999000e+03 -9.999000e+03 -9.999000e+03 -9.999000e+03 -9.999000e+03 -9.999000e+03 -9.999000e+03 -9.999000e+03 -9.999000e+03 -9.999000e+03 -9.999000e+03 -9.999000e+03 -9.999000e+03 0.000000e+00 0.000000e+00 2.209077e+00 2.221008e+00 1.621533e+00 2.762577e+00 1.374972e+00 1.389491e+00 1.405720e+00 1.460009e+00 1.572378e+00 1.396035e+00 1.418295e+00 1.590112e+00 1.586704e+00 1.379793e+00 1.434796e+00 1.721779e+00 1.850925e+00 1.975485e+00 2.080771e+00 2.160954e+00 1.076731e+00 1.122386e+00 1.320126e+00 1.262971e+00 1.214792e+00 1.210057e+00 1.397043e+00 1.512658e+00 1.623485e+00 2.572791e+00 2.572791e+00 2.572791e+00 1.426994e+00 1.482994e+00 1.497745e+00 1.415585e+00
-9.999000e+03 -9.999000e+03 -9.999000e+03 -9.999000e+03 -9.999000e+03 -9.999000e+03 -9.999000e+03 -9.999000e+03 -9.999000e+03 -9.999000e+03 -9.999000e+03 -9.999000e+03 -9.999000e+03 -9.999000e+03 0.000000e+00 2.364274e+00 1.710352e+00 1.597451e+00 2.742255e+00 1.483523e+00 1.529161e+00 1.573399e+00 1.401637e+00 1.593089e+00 1.565234e+00 1.638362e+00 1.593188e+00 1.576248e+00 1.696049e+00 1.800956e+00 1.895130e+00 1.454646e+00 1.538255e+00 1.576477e+00 1.863435e+00 1.044186e+00 1.152305e+00 1.491560e+00 1.420682e+00 1.352032e+00 1.334967e+00 1.258456e+00 1.146118e+00 1.142951e+00 1.171699e+00 1.298072e+00 1.404599e+00 1.506201e+00 2.572791e+00 2.572791e+00 2.572791e+00 1.430415e+00
-9.999000e+03 -9.999000e+03 -9.999000e+03 -9.999000e+03 -9.999000e+03 -9.999000e+03 -9.999000e+03 -9.999000e+03 -9.999000e+03 -9.999000e+03 -9.999000e+03 -9.999000e+03 -9.999000e+03 0.000000e+00 2.168872e+00 1.706748e+00 1.612198e+00 2.717295e+00 1.401745e+00 1.463928e+00 1.536676e+00 1.570372e+00 1.587658e+00 1.545754e+00 1.668615e+00 1.591624e+00 1.584660e+00 1.568543e+00 1.557771e+00 1.476615e+00 1.383172e+00 1.483758e+00 1.536697e+00 1.769492e+00 8.807220e-01 1.024903e+00 1.450026e+00 1.367570e+00 1.295288e+00 1.281139e+00 1.433539e+00 1.252601e+00 1.241511e+00 1.082326e+00 1.080214e+00 1.020990e+00 1.045578e+00 1.048440e+00 1.062587e+00 1.228343e+00 1.390649e+00 2.572791e+00
-9.999000e+03 -9.999000e+03 -9.999000e+03 -9.999000e+03 -9.999000e+03 -9.999000e+03 -9.999000e+03 -9.999000e+03 -9.999000e+03 -9.999000e+03 -9.999000e+03 -9.999000e+03 0.000000e+00 0.000000e+00 1.695246e+00 1.654905e+00 2.704183e+00 1.320677e+00 1.390239e+00 1.483282e+00 1.534259e+00 1.567854e+00 1.514044e+00 1.726477e+00 1.589906e+00 1.587745e+00 1.581355e+00 1.569718e+00 1.445785e+00 1.319541e+00 1.437287e+00 1.510294e+00 1.677203e+00 1.136794e+00 8.768986e-01 1.412545e+00 1.307476e+00 1.224807e+00 1.213525e+00 1.407950e+00 1.187911e+00 1.177646e+00 1.171121e+00 1.168744e+00 1.077468e+00 9.555415e-01 9.518266e-01 9.483888e-01 9.739583e-01 9.936160e-01 1.362913e+00 1.461270e+00
-9.999000e+03 -9.999000e+03 -9.999000e+03 -9.999000e+03 -9.999000e+03 -9.999000e+03 -9.999000e+03 -9.999000e+03 -9.999000e+03 -9.999000e+03 -9.999000e+03 -9.999000e+03 0.000000e+00 1.731022e+00 1.703688e+00 2.686802e+00 1.228177e+00 1.312877e+00 1.430838e+00 1.495556e+00 1.538145e+00 1.454737e+00 1.787023e+00 1.581946e+00 1.585214e+00 1.587521e+00 1.586693e+00 1.416175e+00 1.257528e+00 1.401867e+00 1.497101e+00 1.589474e+00 8.733191e-01 1.024888e+00 1.373373e+00 1.241680e+00 1.146525e+00 1.141021e+00 1.383799e+00 1.120792e+00 1.108614e+00 1.096463e+00 1.090044e+00 9.799767e-01 9.780038e-01 9.731492e-01 9.682369e-01 8.665284e-01 8.692135e-01 1.275400e+00 1.004973e+00 1.022173e+00
-9.999000e+03 -9.999000e+03 -9.999000e+03 -9.999000e+03 -9.999000e+03 -9.999000e+03 -9.999000e+03 -9.999000e+03 -9.999000e+03 -9.999000e+03 -9.999000e+03 0.000000e+00 1.985745e+00 1.757110e+00 2.678175e+00 1.111264e+00 1.225369e+00 1.380981e+00 1.466665e+00 1.521951e+00 1.380133e+00 1.835098e+00 1.563577e+00 1.572954e+00 1.583556e+00 1.591366e+00 1.374896e+00 1.183760e+00 1.359683e+00 1.484806e+00 1.357803e+00 1.466170e+00 8.903692e-01 1.331738e+00 1.159167e+00 1.047196e+00 1.047348e+00 1.350635e+00 1.040789e+00 1.033384e+00 1.019123e+00 9.993729e-01 8.454760e-01 8.469696e-01 8.452223e-01 8.405668e-01 8.369419e-01 8.340889e-01 1.435556e+00 8.913636e-01 8.975819e-01 9.007913e-01
-9.999000e+03 -9.999000e+03 -9.999000e+03 -9.999000e+03 -9.999000e+03 -9.999000e+03 -9.999000e+03 -9.999000e+03 -9.999000e+03 -9.999000e+03 0.000000e+00 0.000000e+00 1.787473e+00 2.677065e+00 9.749081e-01 1.126602e+00 1.334794e+00 1.447794e+00 1.525068e+00 1.304810e+00 1.864099e+00 1.555004e+00 1.563829e+00 1.577947e+00 1.589313e+00 1.304760e+00 1.077674e+00 1.295769e+00 1.449730e+00 1.306044e+00 1.305822e+00 1.301843e+00 1.293555e+00 1.056879e+00 8.970283e-01 9.084565e-01 1.293861e+00 9.151724e-01 9.137265e-01 9.096819e-01 8.909267e-01 8.626564e-01 9.961029e-01 1.106866e+00 1.197648e+00 1.271846e+00 1.335452e+00 1.391197e+00 8.445650e-01 8.525654e-01 8.527850e-01 7.770306e-01
-9.999000e+03 -9.999000e+03 -9.999000e+03 -9.999000e+03 -9.999000e+03 -9.999000e+03 -9.999000e+03 -9.999000e+03 -9.999000e+03 -9.999000e+03 0.000000e+00 1.834550e+00 2.645287e+00 1.184191e+00 1.004033e+00 1.289930e+00 1.437357e+00 1.544278e+00 1.222681e+00 1.873968e+00 1.561431e+00 1.565532e+00 1.579166e+00 1.585808e+00 1.216432e+00 9.246417e-01 1.206638e+00 1.392600e+00 1.217012e+00 1.231491e+00 1.236044e+00 1.234981e+00 9.349170e-01 9.087874e-01 1.059055e+00 1.194916e+00 9.288760e-01 1.097252e+00 1.217907e+00 1.304187e+00 8.945782e-01 8.649965e-01 1.000159e+00 1.113809e+00 1.208041e+00 1.285371e+00 1.349365e+00 1.403091e+00 1.453246e+00 1.503474e+00 1.543923e+00 1.569609e+00
-9.999000e+03 -9.999000e+03 -9.999000e+03 -9.999000e+03 -9.999000e+03 -9.999000e+03 -9.999000e+03 -9.999000e+03 -9.999000e+03 0.000000e+00 2.059450e+00 2.603839e+00 1.339085e+00 1.014213e+00 1.197623e+00 1.409623e+00 1.565102e+00 1.129052e+00 1.866715e+00 1.587120e+00 1.581862e+00 1.592803e+00 1.582872e+00 1.094810e+00 9.301311e-01 1.091810e+00 1.318239e+00 1.098473e+00 1.110099e+00 1.131047e+00 1.135902e+00 9.535582e-01 1.098923e+00 1.190982e+00 1.273322e+00 1.358074e+00 1.435390e+00 1.502815e+00 9.153650e-01 8.966782e-01 1.335205e+00 1.010045e+00 1.113935e+00 1.212241e+00 1.297910e+00 1.369213e+00 1.425391e+00 1.467264e+00 1.503330e+00 1.537057e+00 1.566664e+00 1.591005e+00
-9.999000e+03 -9.999000e+03 -9.999000e+03 -9.999000e+03 -9.999000e+03 -9.999000e+03 -9.999000e+03 -9.999000e+03 -9.999000e+03 0.000000e+00 2.483981e+00 1.522788e+00 1.210623e+00 1.021684e+00 1.323964e+00 1.552964e+00 9.922786e-01 1.843353e+00 1.621818e+00 1.613245e+00 1.628507e+00 1.585068e+00 9.355281e-01 9.281834e-01 1.090299e+00 1.221722e+00 9.397124e-01 9.431377e-01 9.549306e-01 9.784140e-01 9.769247e-01 1.114294e+00 1.207423e+00 1.277567e+00 1.340939e+00 1.403174e+00 1.461384e+00 9.081392e-01 1.531102e+00 1.035304e+00 1.019317e+00 1.366604e+00 1.406073e+00 1.452511e+00 1.495992e+00 1.531041e+00 1.557718e+00 1.575816e+00 1.589493e+00 1.600034e+00 2.851573e+00 2.803579e+00
-9.999000e+03 -9.999000e+03 -9.999000e+03 -9.999000e+03 -9.999000e+03 -9.999000e+03 -9.999000e+03 -9.999000e+03 0.000000e+00 2.005219e+00 2.404805e+00 1.419298e+00 1.028089e+00 1.201854e+00 1.497484e+00 1.555479e+00 1.774322e+00 1.647728e+00 1.647747e+00 1.688807e+00 1.588975e+00 1.105051e+00 1.220472e+00 1.307848e+00 1.386663e+00 2.194126e+00 2.276221e+00 2.351954e+00 2.434772e+00 2.532830e+00 2.605797e+00 2.642054e+00 2.669972e+00 2.694336e+00 2.719632e+00 2.746500e+00 2.770723e+00 2.783036e+00 2.734954e+00 2.358769e+00 1.915405e+00 1.965306e+00 2.024212e+00 2.086274e+00 2.141179e+00 2.185078e+00 2.226587e+00 2.268637e+00 2.307762e+00 2.880513e+00 1.689240e+00 1.689095e+00
-9.999000e+03 -9.999000e+03 -9.999000e+03 -9.999000e+03 -9.999000e+03 -9.999000e+03 -9.999000e+03 0.000000e+00 0.000000e+00 2.350991e+00 1.167159e+00 1.305593e+00 1.020685e+00 1.425335e+00 1.495225e+00 1.598551e+00 1.628949e+00 1.658424e+00 1.769930e+00 1.592028e+00 9.461267e-01 9.402121e-01 1.097107e+00 2.034068e+00 2.108054e+00 1.395695e+00 1.218694e+00 1.322592e+00 1.414984e+00 1.504216e+00 1.558697e+00 1.573343e+00 1.573015e+00 1.565612e+00 1.559485e+00 1.561519e+00 1.573098e+00 1.593472e+00 1.607863e+00 1.609991e+00 1.612202e+00 1.618881e+00 1.625863e+00 1.632604e+00 1.636104e+00 1.634690e+00 1.637027e+00 1.646595e+00 2.907189e+00 1.690472e+00 1.690118e+00 1.688972e+00
-9.999000e+03 -9.999000e+03 -9.999000e+03 -9.999000e+03 -9.999000e+03 -9.999000e+03 -9.999000e+03 0.000000e+00 1.115616e+00 2.304451e+00 9.962792e-01 1.173538e+00 1.312588e+00 1.415032e+00 1.547703e+00 1.587591e+00 1.625819e+00 1.839534e+00 1.580705e+00 1.576517e+00 1.721220e+00 1.843639e+00 1.952371e+00 1.316334e+00 1.313087e+00 1.084892e+00 9.245817e-01 1.087505e+00 1.216847e+00 1.331543e+00 1.411954e+00 1.457274e+00 1.490056e+00 1.516435e+00 1.539400e+00 1.561880e+00 2.879012e+00 2.929027e+00 2.973775e+00 3.010680e+00 3.048720e+00 3.091260e+00 2.937892e+00 2.914170e+00 3.029786e+00 3.311810e+00 3.021201e+00 2.950921e+00 1.675810e+00 1.684981e+00 1.688231e+00 1.691467e+00
-9.999000e+03 -9.999000e+03 -9.999000e+03 -9.999000e+03 -9.999000e+03 -9.999000e+03 -9.999000e+03 1.162927e+00 2.264189e+00 1.440517e+00 1.016051e+00 1.179566e+00 1.301754e+00 1.473973e+00 1.527164e+00 1.585347e+00 1.891142e+00 1.530232e+00 1.559892e+00 1.562922e+00 1.559344e+00 1.558366e+00 1.212949e+00 1.219571e+00 9.314472e-01 9.214630e-01 1.078906e+00 1.204393e+00 1.308654e+00 1.397904e+00 1.465603e+00 1.509998e+00 1.542908e+00 2.735426e+00 2.783397e+00 2.829041e+00 1.643559e+00 1.629614e+00 1.615401e+00 1.601217e+00 1.591731e+00 1.595805e+00 1.593602e+00 1.720506e+00 1.829869e+00 1.933383e+00 1.622990e+00 1.637931e+00 1.654560e+00 1.673240e+00 1.689012e+00 1.691693e+00
