tests/data/reference/test_implicit_stream_rill_mfda/control/cinfil_m3.asc
ncols	123
nrows	77
xllcorner	-713746.79929998
yllcorner	-1061022.36961616
cellsize	10.0
NODATA_value	-9999
[rows 46 to 68 of 77, columns 0 to 51 of 123]
-9.999000e+03 -9.999000e+03 -9.999000e+03 -9.999000e+03 -9.999000e+03 -9.999000e+03 0.000000e+00 2.230187e+00 1.336693e+00 1.325346e+00 1.012756e+00 1.172857e+00 1.380490e+00 1.446228e+00 1.530528e+00 1.921796e+00 1.465311e+00 1.523769e+00 1.558748e+00 1.564155e+00 1.559227e+00 1.087981e+00 1.086899e+00 1.092805e+00 1.213316e+00 1.298862e+00 1.374030e+00 1.447740e+00 1.508243e+00 1.553229e+00 1.588644e+00 2.629458e+00 2.687486e+00 1.642254e+00 1.639940e+00 1.630750e+00 1.618012e+00 1.603995e+00 1.590499e+00 1.577622e+00 1.579443e+00 1.572010e+00 1.575892e+00 1.574953e+00 1.579723e+00 1.590186e+00 1.601617e+00 1.613271e+00 1.628915e+00 1.656454e+00 1.673148e+00 1.682675e+00
-9.999000e+03 -9.999000e+03 -9.999000e+03 -9.999000e+03 -9.999000e+03 -9.999000e+03 2.407128e+00 1.770140e+00 1.183381e+00 1.168318e+00 9.896077e-01 1.278125e+00 1.357987e+00 1.475373e+00 1.908140e+00 1.368681e+00 1.458689e+00 1.527463e+00 1.563042e+00 1.566232e+00 9.411894e-01 9.314272e-01 9.266296e-01 9.270288e-01 1.084175e+00 1.194721e+00 1.289507e+00 2.375779e+00 2.446036e+00 2.504883e+00 2.563835e+00 1.599788e+00 1.606898e+00 1.612656e+00 1.610098e+00 1.604560e+00 1.596056e+00 1.584418e+00 1.571840e+00 1.576853e+00 1.560850e+00 1.563037e+00 1.558972e+00 1.559645e+00 1.564129e+00 1.572974e+00 1.582664e+00 1.592547e+00 1.615113e+00 1.629659e+00 1.649702e+00 1.655954e+00
-9.999000e+03 -9.999000e+03 -9.999000e+03 -9.999000e+03 -9.999000e+03 0.000000e+00 1.823579e+00 1.636603e+00 1.001605e+00 9.965777e-01 1.165989e+00 1.281518e+00 1.449041e+00 1.887063e+00 1.257282e+00 1.358449e+00 1.443942e+00 1.511818e+00 1.548466e+00 1.553175e+00 1.695550e+00 1.809195e+00 1.907144e+00 2.048154e+00 2.144825e+00 2.224478e+00 2.297701e+00 1.503196e+00 1.519023e+00 1.535137e+00 1.545992e+00 1.559755e+00 1.575755e+00 1.580513e+00 1.581016e+00 1.578925e+00 1.572526e+00 1.560655e+00 1.574174e+00 1.553079e+00 1.557592e+00 1.549641e+00 1.548212e+00 1.548735e+00 1.551352e+00 1.556158e+00 1.563466e+00 1.589482e+00 1.595062e+00 1.609561e+00 1.612545e+00 1.395871e+00
-9.999000e+03 -9.999000e+03 -9.999000e+03 -9.999000e+03 0.000000e+00 1.963343e+00 1.311778e+00 1.485040e+00 1.017589e+00 1.029263e+00 1.196591e+00 1.443509e+00 1.861566e+00 1.146500e+00 1.265230e+00 1.354494e+00 1.425996e+00 1.490106e+00 1.527089e+00 1.518926e+00 1.499241e+00 1.479929e+00 1.797269e+00 1.282887e+00 1.348772e+00 1.400344e+00 1.432702e+00 1.448939e+00 1.475170e+00 1.487530e+00 1.500482e+00 1.526623e+00 1.540697e+00 1.548195e+00 1.551325e+00 1.550570e+00 1.544105e+00 1.569159e+00 1.540051e+00 1.550167e+00 1.540090e+00 1.539108e+00 1.539112e+00 1.538965e+00 1.538292e+00 1.539135e+00 1.568663e+00 1.568692e+00 1.581027e+00 1.571887e+00 1.300873e+00 1.314380e+00
-9.999000e+03 -9.999000e+03 -9.999000e+03 -9.999000e+03 0.000000e+00 1.508943e+00 1.181023e+00 1.309309e+00 1.226085e+00 1.051560e+00 1.418298e+00 1.814211e+00 1.003992e+00 1.157544e+00 1.267487e+00 1.345017e+00 1.410552e+00 1.475179e+00 1.489915e+00 1.472265e+00 1.447139e+00 1.746773e+00 1.185710e+00 1.260490e+00 1.318934e+00 1.358304e+00 1.372252e+00 1.400489e+00 1.414684e+00 1.430134e+00 1.460205e+00 1.477246e+00 1.490224e+00 1.499934e+00 1.505303e+00 1.505950e+00 1.555153e+00 1.520357e+00 1.538190e+00 1.522941e+00 1.522613e+00 1.525097e+00 1.526408e+00 1.524734e+00 1.522282e+00 1.557551e+00 1.544552e+00 1.554884e+00 1.539230e+00 1.206692e+00 1.212188e+00 1.224960e+00
-9.999000e+03 -9.999000e+03 -9.999000e+03 0.000000e+00 2.030592e+00 1.420036e+00 1.037651e+00 1.237025e+00 1.067543e+00 1.359886e+00 1.691964e+00 1.465582e+00 1.021402e+00 1.169018e+00 1.266066e+00 1.337172e+00 1.401736e+00 1.431676e+00 1.435007e+00 1.414426e+00 1.683354e+00 1.069203e+00 1.169864e+00 1.240851e+00 1.283656e+00 1.295229e+00 1.329979e+00 1.339188e+00 1.351797e+00 1.390968e+00 1.409609e+00 1.422533e+00 1.433211e+00 1.441495e+00 1.446286e+00 1.522555e+00 1.482629e+00 1.519101e+00 1.500290e+00 1.498153e+00 1.499613e+00 1.504098e+00 1.505193e+00 1.503585e+00 1.552975e+00 1.526749e+00 1.530712e+00 1.505082e+00 1.110958e+00 1.110953e+00 1.114963e+00 1.125381e+00
-9.999000e+03 -9.999000e+03 -9.999000e+03 0.000000e+00 1.541151e+00 1.243870e+00 1.081514e+00 1.114568e+00 1.290935e+00 1.283908e+00 1.614995e+00 1.441268e+00 1.047645e+00 1.184229e+00 1.269902e+00 1.340903e+00 1.354334e+00 1.365342e+00 1.368530e+00 1.615747e+00 9.387369e-01 1.078570e+00 1.175711e+00 1.229701e+00 1.229758e+00 1.272300e+00 1.279120e+00 1.286143e+00 1.330617e+00 1.350318e+00 1.364555e+00 1.375452e+00 1.382223e+00 1.384450e+00 1.488737e+00 1.428234e+00 1.484357e+00 1.463430e+00 1.467761e+00 1.466707e+00 1.466633e+00 1.469017e+00 1.470397e+00 1.542305e+00 1.505992e+00 1.508919e+00 1.471588e+00 9.996164e-01 9.995981e-01 1.000799e+00 1.004328e+00 2.041568e+00
-9.999000e+03 -9.999000e+03 0.000000e+00 1.212730e+00 1.270727e+00 1.262598e+00 1.152775e+00 1.181131e+00 1.158192e+00 1.195266e+00 1.622225e+00 1.421586e+00 1.092426e+00 1.207008e+00 1.286588e+00 1.284165e+00 1.277524e+00 1.276394e+00 1.421192e+00 1.407288e+00 9.771941e-01 1.116539e+00 1.193681e+00 1.180912e+00 1.230690e+00 1.227901e+00 1.229240e+00 1.282204e+00 1.294760e+00 1.306779e+00 1.319004e+00 1.327628e+00 1.328788e+00 1.467284e+00 1.375863e+00 1.451119e+00 1.410253e+00 1.420308e+00 1.428684e+00 1.426950e+00 1.421952e+00 1.420864e+00 1.519534e+00 1.469152e+00 1.476574e+00 1.433170e+00 8.633634e-01 8.586137e-01 8.579009e-01 8.607909e-01 1.960102e+00 1.479054e+00
-9.999000e+03 -9.999000e+03 3.313106e+00 1.308078e+00 1.084719e+00 1.147533e+00 1.211425e+00 1.150796e+00 1.377779e+00 1.774420e+00 1.182804e+00 1.353725e+00 1.138152e+00 1.237211e+00 1.205388e+00 1.195429e+00 1.180080e+00 1.171177e+00 1.193138e+00 1.337101e+00 1.034360e+00 1.164547e+00 1.132414e+00 1.208601e+00 1.192031e+00 1.177255e+00 1.242617e+00 1.243470e+00 1.243400e+00 1.249429e+00 1.258248e+00 1.264852e+00 1.455950e+00 1.328632e+00 1.434623e+00 1.365037e+00 1.367076e+00 1.376114e+00 1.381978e+00 1.377189e+00 1.369582e+00 1.495809e+00 1.417950e+00 1.425852e+00 1.376972e+00 1.372587e+00 1.427110e+00 1.471926e+00 1.756890e+00 1.870199e+00 1.424242e+00 1.426346e+00
-9.999000e+03 0.000000e+00 3.113754e+00 1.395585e+00 1.103064e+00 1.269513e+00 1.134534e+00 1.135772e+00 -9.999000e+03 -9.999000e+03 -9.999000e+03 1.187056e+00 1.161064e+00 1.085239e+00 1.057095e+00 1.055572e+00 1.043269e+00 1.023081e+00 1.044072e+00 1.130726e+00 1.154621e+00 1.073550e+00 1.192816e+00 1.167090e+00 1.137363e+00 1.218708e+00 1.199971e+00 1.183867e+00 1.175567e+00 1.174872e+00 1.178561e+00 1.441168e+00 1.275811e+00 1.426761e+00 1.323275e+00 1.318742e+00 1.320157e+00 1.324892e+00 1.323374e+00 1.315216e+00 1.478221e+00 1.364706e+00 1.366878e+00 1.307432e+00 1.305933e+00 1.468179e+00 1.554850e+00 1.646251e+00 1.555032e+00 1.360596e+00 1.363068e+00 1.360238e+00
-9.999000e+03 0.000000e+00 1.550704e+00 1.104754e+00 1.165210e+00 1.157222e+00 -9.999000e+03 -9.999000e+03 -9.999000e+03 -9.999000e+03 -9.999000e+03 -9.999000e+03 1.140911e+00 1.098927e+00 1.270115e+00 1.389141e+00 1.055639e+00 1.220792e+00 1.377648e+00 1.615459e+00 1.192817e+00 1.184383e+00 1.117930e+00 1.056742e+00 1.193900e+00 1.155010e+00 1.122442e+00 1.098414e+00 1.084992e+00 1.079025e+00 1.421207e+00 1.201563e+00 1.419413e+00 1.272997e+00 1.262897e+00 1.257100e+00 1.256196e+00 1.257429e+00 1.251568e+00 1.460680e+00 1.305251e+00 1.302887e+00 1.227325e+00 1.227955e+00 1.425528e+00 1.296112e+00 1.289326e+00 1.537290e+00 1.286240e+00 1.290922e+00 1.290235e+00 1.498426e+00
0.000000e+00 2.044749e+00 1.281553e+00 1.160927e+00 1.287070e+00 1.099401e+00 -9.999000e+03 -9.999000e+03 -9.999000e+03 -9.999000e+03 -9.999000e+03 -9.999000e+03 -9.999000e+03 -9.999000e+03 -9.999000e+03 1.049074e+00 1.435338e+00 1.031158e+00 1.048726e+00 1.077539e+00 1.662699e+00 -9.999000e+03 -9.999000e+03 1.118103e+00 1.055357e+00 1.023585e+00 9.930730e-01 9.661188e-01 9.535740e-01 1.408590e+00 1.107923e+00 1.407475e+00 1.213165e+00 1.196563e+00 1.183519e+00 1.175273e+00 1.171004e+00 1.171569e+00 1.446257e+00 1.240738e+00 1.229394e+00 1.134259e+00 1.134681e+00 1.374335e+00 1.225617e+00 1.216887e+00 1.520743e+00 1.205873e+00 1.206246e+00 1.210405e+00 1.465759e+00 1.273413e+00
0.000000e+00 1.175062e+00 1.193740e+00 1.194851e+00 1.094174e+00 -9.999000e+03 -9.999000e+03 -9.999000e+03 -9.999000e+03 -9.999000e+03 -9.999000e+03 -9.999000e+03 -9.999000e+03 -9.999000e+03 -9.999000e+03 -9.999000e+03 -9.999000e+03 -9.999000e+03 -9.999000e+03 -9.999000e+03 -9.999000e+03 -9.999000e+03 -9.999000e+03 1.135605e+00 1.069612e+00 1.048209e+00 1.201172e+00 1.292932e+00 1.376034e+00 9.904398e-01 1.396598e+00 1.140615e+00 1.122178e+00 1.096621e+00 1.080218e+00 1.071162e+00 1.065549e+00 1.422462e+00 1.172823e+00 1.152008e+00 1.023696e+00 1.022893e+00 1.312529e+00 1.139910e+00 1.137331e+00 1.508060e+00 1.123650e+00 1.119619e+00 1.119683e+00 1.431095e+00 1.212570e+00 1.577904e+00
-9.999000e+03 1.081745e+00 1.099044e+00 1.049285e+00 -9.999000e+03 -9.999000e+03 -9.999000e+03 -9.999000e+03 -9.999000e+03 -9.999000e+03 -9.999000e+03 -9.999000e+03 -9.999000e+03 -9.999000e+03 -9.999000e+03 -9.999000e+03 -9.999000e+03 -9.999000e+03 -9.999000e+03 -9.999000e+03 -9.999000e+03 -9.999000e+03 -9.999000e+03 -9.999000e+03 -9.999000e+03 -9.999000e+03 1.023129e+00 1.000537e+00 1.181776e+00 1.353674e+00 1.040645e+00 1.018700e+00 9.855835e-01 9.495226e-01 9.344669e-01 9.309421e-01 1.387251e+00 1.077797e+00 1.063497e+00 8.873720e-01 8.787097e-01 1.240828e+00 1.028650e+00 1.030208e+00 1.487447e+00 1.026309e+00 1.023405e+00 1.020828e+00 1.385764e+00 1.138630e+00 1.600982e+00 9.885287e-01
-9.999000e+03 -9.999000e+03 -9.999000e+03 -9.999000e+03 -9.999000e+03 -9.999000e+03 -9.999000e+03 -9.999000e+03 -9.999000e+03 -9.999000e+03 -9.999000e+03 -9.999000e+03 -9.999000e+03 -9.999000e+03 -9.999000e+03 -9.999000e+03 -9.999000e+03 -9.999000e+03 -9.999000e+03 -9.999000e+03 -9.999000e+03 -9.999000e+03 -9.999000e+03 -9.999000e+03 -9.999000e+03 -9.999000e+03 -9.999000e+03 -9.999000e+03 1.012886e+00 1.241463e+00 1.067016e+00 1.044620e+00 1.003090e+00 1.129454e+00 1.235513e+00 1.341001e+00 9.482249e-01 9.298414e-01 9.135479e-01 1.053480e+00 1.159680e+00 8.863089e-01 8.837572e-01 1.450190e+00 8.817506e-01 8.814108e-01 8.826620e-01 1.331464e+00 1.034621e+00 1.607826e+00 8.692450e-01 8.484055e-01
-9.999000e+03 -9.999000e+03 -9.999000e+03 -9.999000e+03 -9.999000e+03 -9.999000e+03 -9.999000e+03 -9.999000e+03 -9.999000e+03 -9.999000e+03 -9.999000e+03 -9.999000e+03 -9.999000e+03 -9.999000e+03 -9.999000e+03 -9.999000e+03 -9.999000e+03 -9.999000e+03 -9.999000e+03 -9.999000e+03 -9.999000e+03 -9.999000e+03 -9.999000e+03 -9.999000e+03 -9.999000e+03 -9.999000e+03 -9.999000e+03 -9.999000e+03 -9.999000e+03 1.053664e+00 1.376364e+00 1.201522e+00 1.159469e+00 9.490308e-01 9.422357e-01 9.595958e-01 9.584594e-01 9.365168e-01 1.081728e+00 1.187537e+00 1.274793e+00 1.350153e+00 1.409142e+00 8.858554e-01 1.033887e+00 1.149835e+00 1.251282e+00 8.958592e-01 1.601778e+00 8.816553e-01 1.018749e+00 1.113716e+00
-9.999000e+03 -9.999000e+03 -9.999000e+03 -9.999000e+03 -9.999000e+03 -9.999000e+03 -9.999000e+03 -9.999000e+03 -9.999000e+03 -9.999000e+03 -9.999000e+03 -9.999000e+03 -9.999000e+03 -9.999000e+03 -9.999000e+03 -9.999000e+03 -9.999000e+03 -9.999000e+03 -9.999000e+03 -9.999000e+03 -9.999000e+03 -9.999000e+03 -9.999000e+03 -9.999000e+03 -9.999000e+03 -9.999000e+03 -9.999000e+03 -9.999000e+03 -9.999000e+03 -9.999000e+03 1.188894e+00 -9.999000e+03 -9.999000e+03 -9.999000e+03 -9.999000e+03 -9.999000e+03 -9.999000e+03 -9.999000e+03 9.218244e-01 1.075295e+00 1.193825e+00 1.295046e+00 1.369318e+00 1.419033e+00 1.460406e+00 1.498296e+00 1.537821e+00 1.584415e+00 9.025335e-01 1.033204e+00 1.131721e+00 1.214542e+00
-9.999000e+03 -9.999000e+03 -9.999000e+03 -9.999000e+03 -9.999000e+03 -9.999000e+03 -9.999000e+03 -9.999000e+03 -9.999000e+03 -9.999000e+03 -9.999000e+03 -9.999000e+03 -9.999000e+03 -9.999000e+03 -9.999000e+03 -9.999000e+03 -9.999000e+03 -9.999000e+03 -9.999000e+03 -9.999000e+03 -9.999000e+03 -9.999000e+03 -9.999000e+03 -9.999000e+03 -9.999000e+03 -9.999000e+03 -9.999000e+03 -9.999000e+03 -9.999000e+03 -9.999000e+03 -9.999000e+03 -9.999000e+03 -9.999000e+03 -9.999000e+03 -9.999000e+03 -9.999000e+03 -9.999000e+03 -9.999000e+03 -9.999000e+03 -9.999000e+03 -9.999000e+03 9.204427e-01 9.139626e-01 8.970680e-01 1.043128e+00 1.160080e+00 1.265722e+00 1.369558e+00 1.438818e+00 1.469618e+00 1.495540e+00 1.524046e+00
-9.999000e+03 -9.999000e+03 -9.999000e+03 -9.999000e+03 -9.999000e+03 -9.999000e+03 -9.999000e+03 -9.999000e+03 -9.999000e+03 -9.999000e+03 -9.999000e+03 -9.999000e+03 -9.999000e+03 -9.999000e+03 -9.999000e+03 -9.999000e+03 -9.999000e+03 -9.999000e+03 -9.999000e+03 -9.999000e+03 -9.999000e+03 -9.999000e+03 -9.999000e+03 -9.999000e+03 -9.999000e+03 -9.999000e+03 -9.999000e+03 -9.999000e+03 -9.999000e+03 -9.999000e+03 -9.999000e+03 -9.999000e+03 -9.999000e+03 -9.999000e+03 -9.999000e+03 -9.999000e+03 -9.999000e+03 -9.999000e+03 -9.999000e+03 -9.999000e+03 -9.999000e+03 -9.999000e+03 -9.999000e+03 -9.999000e+03 8.859933e-01 8.899096e-01 1.052286e+00 1.186898e+00 9.019294e-01 1.029190e+00 1.136308e+00 1.245875e+00
-9.999000e+03 -9.999000e+03 -9.999000e+03 -9.999000e+03 -9.999000e+03 -9.999000e+03 -9.999000e+03 -9.999000e+03 -9.999000e+03 -9.999000e+03 -9.999000e+03 -9.999000e+03 -9.999000e+03 -9.999000e+03 -9.999000e+03 -9.999000e+03 -9.999000e+03 -9.999000e+03 -9.999000e+03 -9.999000e+03 -9.999000e+03 -9.999000e+03 -9.999000e+03 -9.999000e+03 -9.999000e+03 -9.999000e+03 -9.999000e+03 -9.999000e+03 -9.999000e+03 -9.999000e+03 -9.999000e+03 -9.999000e+03 -9.999000e+03 -9.999000e+03 -9.999000e+03 -9.999000e+03 -9.999000e+03 -9.999000e+03 -9.999000e+03 -9.999000e+03 -9.999000e+03 -9.999000e+03 -9.999000e+03 -9.999000e+03 -9.999000e+03 -9.999000e+03 -9.999000e+03 -9.999000e+03 -9.999000e+03 -9.999000e+03 8.763851e-01 1.055241e+00
-9.999000e+03 -9.999000e+03 -9.999000e+03 -9.999000e+03 -9.999000e+03 -9.999000e+03 -9.999000e+03 -9.999000e+03 -9.999000e+03 -9.999000e+03 -9.999000e+03 -9.999000e+03 -9.999000e+03 -9.999000e+03 -9.999000e+03 -9.999000e+03 -9.999000e+03 -9.999000e+03 -9.999000e+03 -9.999000e+03 -9.999000e+03 -9.999000e+03 -9.999000e+03 -9.999000e+03 -9.999000e+03 -9.999000e+03 -9.999000e+03 -9.999000e+03 -9.999000e+03 -9.999000e+03 -9.999000e+03 -9.999000e+03 -9.999000e+03 -9.999000e+03 -9.999000e+03 -9.999000e+03 -9.999000e+03 -9.999000e+03 -9.999000e+03 -9.999000e+03 -9.999000e+03 -9.999000e+03 -9.999000e+03 -9.999000e+03 -9.999000e+03 -9.999000e+03 -9.999000e+03 -9.999000e+03 -9.999000e+03 -9.999000e+03 -9.999000e+03 9.110660e-01
-9.999000e+03 -9.999000e+03 -9.999000e+03 -9.999000e+03 -9.999000e+03 -9.999000e+03 -9.999000e+03 -9.999000e+03 -9.999000e+03 -9.999000e+03 -9.999000e+03 -9.999000e+03 -9.999000e+03 -9.999000e+03 -9.999000e+03 -9.999000e+03 -9.999000e+03 -9.999000e+03 -9.999000e+03 -9.999000e+03 -9.999000e+03 -9.999000e+03 -9.999000e+03 -9.999000e+03 -9.999000e+03 -9.999000e+03 -9.999000e+03 -9.999000e+03 -9.999000e+03 -9.999000e+03 -9.999000e+03 -9.999000e+03 -9.999000e+03 -9.999000e+03 -9.999000e+03 -9.999000e+03 -9.999000e+03 -9.999000e+03 -9.999000e+03 -9.999000e+03 -9.999000e+03 -9.999000e+03 -9.999000e+03 -9.999000e+03 -9.999000e+03 -9.999000e+03 -9.999000e+03 -9.999000e+03 -9.999000e+03 -9.999000e+03 -9.999000e+03 -9.999000e+03
-9.999000e+03 -9.999000e+03 -9.999000e+03 -9.999000e+03 -9.999000e+03 -9.999000e+03 -9.999000e+03 -9.999000e+03 -9.999000e+03 -9.999000e+03 -9.999000e+03 -9.999000e+03 -9.999000e+03 -9.999000e+03 -9.999000e+03 -9.999000e+03 -9.999000e+03 -9.999000e+03 -9.999000e+03 -9.999000e+03 -9.999000e+03 -9.999000e+03 -9.999000e+03 -9.999000e+03 -9.999000e+03 -9.999000e+03 -9.999000e+03 -9.999000e+03 -9.999000e+03 -9.999000e+03 -9.999000e+03 -9.999000e+03 -9.999000e+03 -9.999000e+03 -9.999000e+03 -9.999000e+03 -9.999000e+03 -9.999000e+03 -9.999000e+03 -9.999000e+03 -9.999000e+03 -9.999000e+03 -9.999000e+03 -9.999000e+03 -9.999000e+03 -9.999000e+03 -9.999000e+03 -9.999000e+03 -9.999000e+03 -9.999000e+03 -9.999000e+03 -9.999000e+03
