tests/data/reference/test_implicit_stream_rill_mfda/control/cinfil_m3.asc
ncols	123
nrows	77
xllcorner	-713746.79929998
yllcorner	-1061022.36961616
cellsize	10.0
NODATA_value	-9999
[rows 23 to 45 of 77, columns 0 to 51 of 123]
-9.999000e+03 -9.999000e+03 -9.999000e+03 -9.999000e+03 -9.999000e+03 -9.999000e+03 -9.999000e+03 -9.999000e+03 -9.999000e+03 -9.999000e+03 -9.999000e+03 -9.999000e+03 -9.999000e+03 -9.999000e+03 1.046325e+00 1.456670e+00 1.546910e+00 1.194150e+00 1.012330e+00 1.247497e+00 1.065688e+00 0.000000e+00 1.166687e+00 1.563086e+00 1.479787e+00 1.705180e+00 1.851665e+00 1.539512e+00 1.330831e+00 1.843799e+00 8.811771e-01 1.020500e+00 1.127473e+00 1.459613e+00 1.795464e+00 1.655054e+00 2.144719e+00 8.636812e-01 1.784918e+00 1.574816e+00 1.550776e+00 1.520280e+00 1.583525e+00 1.519687e+00 1.517704e+00 1.461857e+00 1.488012e+00 1.609877e+00 1.373398e+00 1.176561e+00 1.086879e+00 8.420089e-01
-9.999000e+03 -9.999000e+03 -9.999000e+03 -9.999000e+03 -9.999000e+03 -9.999000e+03 -9.999000e+03 -9.999000e+03 -9.999000e+03 -9.999000e+03 -9.999000e+03 -9.999000e+03 -9.999000e+03 -9.999000e+03 1.446290e+00 2.227041e+00 1.758209e+00 1.111662e+00 1.022067e+00 9.325814e-01 0.000000e+00 0.000000e+00 8.550538e-01 1.068308e+00 1.582306e+00 1.762215e+00 1.900246e+00 1.600032e+00 1.223821e+00 8.209252e-01 1.820625e+00 1.021674e+00 1.129913e+00 1.222197e+00 1.892169e+00 1.645454e+00 2.187380e+00 8.609712e-01 1.825515e+00 1.585343e+00 1.572729e+00 1.550971e+00 1.587927e+00 1.545346e+00 1.542682e+00 1.499426e+00 1.517433e+00 1.607450e+00 1.420343e+00 1.250299e+00 8.410592e-01 1.167050e+00
-9.999000e+03 -9.999000e+03 -9.999000e+03 -9.999000e+03 -9.999000e+03 -9.999000e+03 -9.999000e+03 -9.999000e+03 -9.999000e+03 -9.999000e+03 -9.999000e+03 -9.999000e+03 -9.999000e+03 -9.999000e+03 2.392123e+00 1.278078e+00 9.835939e-01 9.846287e-01 9.914657e-01 1.020031e+00 0.000000e+00 1.182890e+00 1.325932e+00 1.004200e+00 1.091467e+00 1.604363e+00 1.979362e+00 1.641974e+00 1.294487e+00 8.158762e-01 9.548672e-01 1.518984e+00 1.021123e+00 1.231611e+00 1.311734e+00 1.995016e+00 8.702574e-01 2.218274e+00 1.002220e+00 1.892154e+00 1.593046e+00 1.576855e+00 1.597923e+00 1.569145e+00 1.565710e+00 1.531405e+00 1.541919e+00 1.603703e+00 1.458687e+00 1.310025e+00 9.699348e-01 8.313167e-01
-9.999000e+03 -9.999000e+03 -9.999000e+03 -9.999000e+03 -9.999000e+03 -9.999000e+03 -9.999000e+03 -9.999000e+03 -9.999000e+03 -9.999000e+03 -9.999000e+03 -9.999000e+03 9.429818e-01 1.012624e+00 1.705472e+00 1.163867e+00 9.789788e-01 1.176767e+00 1.064963e+00 0.000000e+00 1.518278e+00 1.463347e+00 1.252449e+00 1.368920e+00 1.115225e+00 1.162913e+00 2.067727e+00 1.689414e+00 1.366954e+00 9.638772e-01 8.210359e-01 1.065886e+00 1.544640e+00 1.142039e+00 1.175039e+00 1.380105e+00 2.071871e+00 1.006955e+00 2.246456e+00 1.112146e+00 1.732957e+00 1.600047e+00 1.612327e+00 1.592270e+00 1.586881e+00 1.557477e+00 1.560388e+00 1.599282e+00 1.489402e+00 1.360060e+00 1.067159e+00 8.273830e-01
-9.999000e+03 -9.999000e+03 -9.999000e+03 -9.999000e+03 -9.999000e+03 -9.999000e+03 -9.999000e+03 -9.999000e+03 -9.999000e+03 -9.999000e+03 -9.999000e+03 -9.999000e+03 -9.999000e+03 9.513244e-01 1.183844e+00 1.169865e+00 1.109907e+00 1.099727e+00 0.000000e+00 1.663433e+00 1.506326e+00 1.504269e+00 1.649198e+00 1.752319e+00 1.850116e+00 1.934983e+00 2.013831e+00 2.180323e+00 1.743233e+00 1.439646e+00 1.082669e+00 9.702231e-01 1.174396e+00 1.579518e+00 1.240831e+00 1.253139e+00 1.243373e+00 1.590099e+00 1.113996e+00 2.263889e+00 1.673360e+00 1.621638e+00 1.629813e+00 1.614635e+00 1.605585e+00 1.577155e+00 1.572266e+00 1.594136e+00 1.513163e+00 1.402405e+00 1.147464e+00 9.570616e-01
-9.999000e+03 -9.999000e+03 -9.999000e+03 -9.999000e+03 -9.999000e+03 -9.999000e+03 -9.999000e+03 -9.999000e+03 -9.999000e+03 -9.999000e+03 -9.999000e+03 -9.999000e+03 -9.999000e+03 -9.999000e+03 -9.999000e+03 1.042297e+00 1.213444e+00 0.000000e+00 0.000000e+00 1.273030e+00 1.362583e+00 1.481950e+00 1.581053e+00 1.659483e+00 1.719722e+00 1.762013e+00 1.798582e+00 2.126858e+00 2.341097e+00 1.775472e+00 1.506033e+00 1.198795e+00 1.110944e+00 1.284368e+00 1.606505e+00 1.302507e+00 1.315708e+00 1.320791e+00 1.871581e+00 1.073689e+00 1.893082e+00 1.638514e+00 1.641722e+00 1.628252e+00 1.616261e+00 1.589219e+00 1.579782e+00 1.590906e+00 1.533066e+00 1.439690e+00 1.217611e+00 1.058460e+00
-9.999000e+03 -9.999000e+03 -9.999000e+03 -9.999000e+03 -9.999000e+03 -9.999000e+03 -9.999000e+03 -9.999000e+03 -9.999000e+03 -9.999000e+03 -9.999000e+03 -9.999000e+03 -9.999000e+03 -9.999000e+03 -9.999000e+03 -9.999000e+03 1.112709e+00 0.000000e+00 1.261052e+00 1.323971e+00 1.426536e+00 1.520576e+00 1.590807e+00 1.634097e+00 1.655769e+00 1.657184e+00 1.653628e+00 1.656772e+00 1.655078e+00 2.236408e+00 2.238537e+00 2.362713e+00 1.313591e+00 1.230320e+00 1.366706e+00 1.621116e+00 1.654019e+00 1.715325e+00 1.396841e+00 1.966349e+00 1.162941e+00 1.618203e+00 1.643870e+00 1.630250e+00 1.617523e+00 1.594197e+00 1.584324e+00 1.590213e+00 1.550469e+00 1.473115e+00 1.280941e+00 1.146271e+00
-9.999000e+03 -9.999000e+03 -9.999000e+03 -9.999000e+03 -9.999000e+03 -9.999000e+03 -9.999000e+03 -9.999000e+03 -9.999000e+03 -9.999000e+03 -9.999000e+03 -9.999000e+03 -9.999000e+03 -9.999000e+03 -9.999000e+03 -9.999000e+03 0.000000e+00 1.543663e+00 1.385471e+00 1.387904e+00 1.423898e+00 2.414476e+00 2.490755e+00 2.543243e+00 2.579417e+00 2.587710e+00 2.587710e+00 2.587710e+00 2.587710e+00 2.587710e+00 2.587710e+00 2.587710e+00 2.587710e+00 2.587710e+00 2.587710e+00 2.587710e+00 2.587710e+00 2.587710e+00 2.587710e+00 2.587710e+00 2.587710e+00 2.587710e+00 1.562926e+00 1.415384e+00 1.398149e+00 1.611603e+00 1.599222e+00 1.599462e+00 1.570402e+00 1.507052e+00 1.343446e+00 1.230106e+00
-9.999000e+03 -9.999000e+03 -9.999000e+03 -9.999000e+03 -9.999000e+03 -9.999000e+03 -9.999000e+03 -9.999000e+03 -9.999000e+03 -9.999000e+03 -9.999000e+03 -9.999000e+03 -9.999000e+03 -9.999000e+03 -9.999000e+03 0.000000e+00 1.578120e+00 1.432139e+00 2.313361e+00 2.014362e+00 2.309859e+00 1.457217e+00 1.610158e+00 1.725288e+00 1.812469e+00 1.910428e+00 1.994960e+00 2.074774e+00 2.145875e+00 2.203442e+00 2.263299e+00 2.333082e+00 2.413020e+00 2.508926e+00 2.580579e+00 2.587710e+00 2.587710e+00 2.499047e+00 2.468486e+00 2.443603e+00 2.390061e+00 2.318088e+00 2.587710e+00 2.587710e+00 2.587710e+00 1.474546e+00 1.492143e+00 1.623889e+00 1.596308e+00 1.544689e+00 1.409928e+00 1.316800e+00
-9.999000e+03 -9.999000e+03 -9.999000e+03 -9.999000e+03 -9.999000e+03 -9.999000e+03 -9.999000e+03 -9.999000e+03 -9.999000e+03 -9.999000e+03 -9.999000e+03 -9.999000e+03 -9.999000e+03 -9.999000e+03 0.000000e+00 0.000000e+00 2.232395e+00 2.239858e+00 1.623399e+00 2.741013e+00 1.372043e+00 1.385944e+00 1.402598e+00 1.457438e+00 1.571398e+00 1.392167e+00 1.420096e+00 1.589238e+00 1.586253e+00 1.378910e+00 1.434137e+00 1.725141e+00 1.855145e+00 1.980139e+00 2.085638e+00 2.166012e+00 1.081682e+00 1.125768e+00 1.318220e+00 1.260946e+00 1.213975e+00 1.209796e+00 1.397756e+00 1.514841e+00 1.626784e+00 2.587710e+00 2.587710e+00 2.587710e+00 1.426582e+00 1.481334e+00 1.497091e+00 1.418040e+00
-9.999000e+03 -9.999000e+03 -9.999000e+03 -9.999000e+03 -9.999000e+03 -9.999000e+03 -9.999000e+03 -9.999000e+03 -9.999000e+03 -9.999000e+03 -9.999000e+03 -9.999000e+03 -9.999000e+03 -9.999000e+03 0.000000e+00 2.391177e+00 1.701826e+00 1.598427e+00 2.726048e+00 1.482373e+00 1.526988e+00 1.571184e+00 1.399709e+00 1.592237e+00 1.560990e+00 1.643379e+00 1.592242e+00 1.575476e+00 1.697814e+00 1.804321e+00 1.899356e+00 1.453987e+00 1.535973e+00 1.575054e+00 1.865433e+00 1.054150e+00 1.160404e+00 1.490600e+00 1.420169e+00 1.353294e+00 1.336650e+00 1.256003e+00 1.147604e+00 1.144754e+00 1.174378e+00 1.303010e+00 1.410178e+00 1.512431e+00 2.587710e+00 2.587710e+00 2.587710e+00 1.428067e+00
-9.999000e+03 -9.999000e+03 -9.999000e+03 -9.999000e+03 -9.999000e+03 -9.999000e+03 -9.999000e+03 -9.999000e+03 -9.999000e+03 -9.999000e+03 -9.999000e+03 -9.999000e+03 -9.999000e+03 0.000000e+00 2.202419e+00 1.703043e+00 1.609320e+00 2.704233e+00 1.402358e+00 1.463264e+00 1.535406e+00 1.569801e+00 1.587972e+00 1.542331e+00 1.673864e+00 1.591076e+00 1.584049e+00 1.568047e+00 1.557621e+00 1.473828e+00 1.383719e+00 1.481432e+00 1.534037e+00 1.771986e+00 8.922516e-01 1.035249e+00 1.449307e+00 1.368561e+00 1.298367e+00 1.284480e+00 1.430897e+00 1.256792e+00 1.246102e+00 1.085510e+00 1.083539e+00 1.026608e+00 1.051638e+00 1.054614e+00 1.068869e+00 1.236819e+00 1.399925e+00 2.587710e+00
-9.999000e+03 -9.999000e+03 -9.999000e+03 -9.999000e+03 -9.999000e+03 -9.999000e+03 -9.999000e+03 -9.999000e+03 -9.999000e+03 -9.999000e+03 -9.999000e+03 -9.999000e+03 0.000000e+00 0.000000e+00 1.698380e+00 1.646640e+00 2.693127e+00 1.323348e+00 1.391201e+00 1.482600e+00 1.534085e+00 1.569148e+00 1.512079e+00 1.728488e+00 1.590294e+00 1.587797e+00 1.581258e+00 1.569303e+00 1.443416e+00 1.321528e+00 1.435342e+00 1.506442e+00 1.680249e+00 1.144941e+00 8.885365e-01 1.412242e+00 1.310138e+00 1.229943e+00 1.218847e+00 1.405649e+00 1.193799e+00 1.183976e+00 1.177927e+00 1.175933e+00 1.087274e+00 9.631147e-01 9.595326e-01 9.562457e-01 9.823523e-01 1.001831e+00 1.359570e+00 1.459450e+00
-9.999000e+03 -9.999000e+03 -9.999000e+03 -9.999000e+03 -9.999000e+03 -9.999000e+03 -9.999000e+03 -9.999000e+03 -9.999000e+03 -9.999000e+03 -9.999000e+03 -9.999000e+03 0.000000e+00 1.741690e+00 1.693611e+00 2.676731e+00 1.233295e+00 1.315615e+00 1.430605e+00 1.495035e+00 1.539474e+00 1.454277e+00 1.782296e+00 1.583432e+00 1.586222e+00 1.588221e+00 1.586560e+00 1.415095e+00 1.261480e+00 1.401090e+00 1.493139e+00 1.593719e+00 8.850497e-01 1.035023e+00 1.373530e+00 1.246472e+00 1.154098e+00 1.148551e+00 1.382856e+00 1.128585e+00 1.116613e+00 1.104877e+00 1.099067e+00 9.915546e-01 9.895881e-01 9.848487e-01 9.801223e-01 8.760703e-01 8.787736e-01 1.272513e+00 1.012510e+00 1.029374e+00
-9.999000e+03 -9.999000e+03 -9.999000e+03 -9.999000e+03 -9.999000e+03 -9.999000e+03 -9.999000e+03 -9.999000e+03 -9.999000e+03 -9.999000e+03 -9.999000e+03 0.000000e+00 2.005373e+00 1.751059e+00 2.668728e+00 1.118797e+00 1.230188e+00 1.381285e+00 1.465355e+00 1.522177e+00 1.381242e+00 1.825110e+00 1.565612e+00 1.574789e+00 1.585205e+00 1.591597e+00 1.375733e+00 1.190187e+00 1.360737e+00 1.481777e+00 1.358570e+00 1.469843e+00 9.016416e-01 1.332684e+00 1.166202e+00 1.056854e+00 1.056798e+00 1.351803e+00 1.050239e+00 1.042976e+00 1.028960e+00 1.009859e+00 8.578963e-01 8.593459e-01 8.576501e-01 8.531058e-01 8.495519e-01 8.467596e-01 1.433952e+00 9.004187e-01 9.064544e-01 9.096289e-01
-9.999000e+03 -9.999000e+03 -9.999000e+03 -9.999000e+03 -9.999000e+03 -9.999000e+03 -9.999000e+03 -9.999000e+03 -9.999000e+03 -9.999000e+03 0.000000e+00 0.000000e+00 1.788402e+00 2.668226e+00 9.841245e-01 1.133548e+00 1.335973e+00 1.445844e+00 1.523345e+00 1.307577e+00 1.853317e+00 1.556708e+00 1.565840e+00 1.580525e+00 1.589760e+00 1.307738e+00 1.086431e+00 1.298992e+00 1.448255e+00 1.308983e+00 1.308372e+00 1.304186e+00 1.295996e+00 1.065797e+00 9.081409e-01 9.193088e-01 1.297642e+00 9.258407e-01 9.244340e-01 9.205002e-01 9.021851e-01 8.746152e-01 1.007174e+00 1.116042e+00 1.204444e+00 1.276154e+00 1.337570e+00 1.391395e+00 8.570124e-01 8.647839e-01 8.649974e-01 7.872984e-01
-9.999000e+03 -9.999000e+03 -9.999000e+03 -9.999000e+03 -9.999000e+03 -9.999000e+03 -9.999000e+03 -9.999000e+03 -9.999000e+03 -9.999000e+03 0.000000e+00 1.843117e+00 2.636703e+00 1.190040e+00 1.012531e+00 1.292867e+00 1.435948e+00 1.540859e+00 1.227488e+00 1.865181e+00 1.561588e+00 1.566706e+00 1.582391e+00 1.585996e+00 1.222108e+00 9.350696e-01 1.212517e+00 1.393103e+00 1.222595e+00 1.236676e+00 1.240771e+00 1.239576e+00 9.451169e-01 9.196305e-01 1.068350e+00 1.201663e+00 9.392059e-01 1.105639e+00 1.223542e+00 1.307109e+00 9.057474e-01 8.769013e-01 1.011106e+00 1.122874e+00 1.214591e+00 1.289330e+00 1.351154e+00 1.402803e+00 1.451247e+00 1.500195e+00 1.539535e+00 1.564273e+00
-9.999000e+03 -9.999000e+03 -9.999000e+03 -9.999000e+03 -9.999000e+03 -9.999000e+03 -9.999000e+03 -9.999000e+03 -9.999000e+03 0.000000e+00 2.076272e+00 2.595596e+00 1.341310e+00 1.022457e+00 1.203143e+00 1.409933e+00 1.561268e+00 1.136093e+00 1.860516e+00 1.585123e+00 1.581229e+00 1.596336e+00 1.582008e+00 1.103127e+00 9.404326e-01 1.100275e+00 1.321104e+00 1.106669e+00 1.118074e+00 1.138504e+00 1.142979e+00 9.632833e-01 1.106934e+00 1.196765e+00 1.276957e+00 1.359913e+00 1.435480e+00 1.501128e+00 9.260281e-01 9.077987e-01 1.335812e+00 1.020287e+00 1.122616e+00 1.218637e+00 1.301876e+00 1.370943e+00 1.424928e+00 1.464785e+00 1.499234e+00 1.532046e+00 1.561295e+00 1.585829e+00
-9.999000e+03 -9.999000e+03 -9.999000e+03 -9.999000e+03 -9.999000e+03 -9.999000e+03 -9.999000e+03 -9.999000e+03 -9.999000e+03 0.000000e+00 2.475052e+00 1.521211e+00 1.215843e+00 1.029756e+00 1.326494e+00 1.549854e+00 1.001055e+00 1.839502e+00 1.618153e+00 1.610846e+00 1.632503e+00 1.582532e+00 9.457158e-01 9.385290e-01 1.098822e+00 1.227445e+00 9.497952e-01 9.531284e-01 9.646228e-01 9.875361e-01 9.860853e-01 1.121766e+00 1.212701e+00 1.280741e+00 1.342554e+00 1.403500e+00 1.460521e+00 9.190006e-01 1.527489e+00 1.044839e+00 1.029396e+00 1.365882e+00 1.404975e+00 1.451466e+00 1.494911e+00 1.529477e+00 1.555430e+00 1.572777e+00 1.585944e+00 1.596480e+00 2.835250e+00 2.805595e+00
-9.999000e+03 -9.999000e+03 -9.999000e+03 -9.999000e+03 -9.999000e+03 -9.999000e+03 -9.999000e+03 -9.999000e+03 0.000000e+00 2.024361e+00 2.395393e+00 1.419949e+00 1.036025e+00 1.207313e+00 1.495770e+00 1.552252e+00 1.772042e+00 1.643589e+00 1.644713e+00 1.693136e+00 1.584851e+00 1.113065e+00 1.225860e+00 1.310677e+00 1.387486e+00 2.195834e+00 2.278197e+00 2.353955e+00 2.436644e+00 2.534257e+00 2.606085e+00 2.640580e+00 2.666282e+00 2.687850e+00 2.709510e+00 2.731338e+00 2.747993e+00 2.747608e+00 2.676343e+00 2.323349e+00 1.944105e+00 1.976191e+00 2.030318e+00 2.089845e+00 2.143019e+00 2.185215e+00 2.224724e+00 2.264495e+00 2.300570e+00 2.881253e+00 1.686377e+00 1.685784e+00
-9.999000e+03 -9.999000e+03 -9.999000e+03 -9.999000e+03 -9.999000e+03 -9.999000e+03 -9.999000e+03 0.000000e+00 0.000000e+00 2.343373e+00 1.173481e+00 1.308717e+00 1.028780e+00 1.425799e+00 1.493623e+00 1.594703e+00 1.625027e+00 1.655878e+00 1.772573e+00 1.587339e+00 9.560381e-01 9.502814e-01 1.105319e+00 2.035121e+00 2.109217e+00 1.396359e+00 1.224553e+00 1.325570e+00 1.415491e+00 1.502528e+00 1.554843e+00 1.567751e+00 1.567077e+00 1.560869e+00 1.556977e+00 1.561167e+00 1.573998e+00 1.594520e+00 1.608273e+00 1.609375e+00 1.610880e+00 1.617446e+00 1.624789e+00 1.632052e+00 1.635823e+00 1.634415e+00 1.636666e+00 1.646262e+00 2.917134e+00 1.688668e+00 1.687701e+00 1.685929e+00
-9.999000e+03 -9.999000e+03 -9.999000e+03 -9.999000e+03 -9.999000e+03 -9.999000e+03 -9.999000e+03 0.000000e+00 1.121130e+00 2.298452e+00 1.004968e+00 1.179561e+00 1.315537e+00 1.415680e+00 1.545289e+00 1.584675e+00 1.624114e+00 1.836459e+00 1.576790e+00 1.572369e+00 1.719423e+00 1.843435e+00 1.953332e+00 1.319405e+00 1.316038e+00 1.093445e+00 9.350111e-01 1.096138e+00 1.222693e+00 1.334462e+00 1.412294e+00 1.455207e+00 1.486487e+00 1.512355e+00 1.535682e+00 1.558960e+00 2.877341e+00 2.927289e+00 2.971870e+00 3.008386e+00 3.045943e+00 3.088067e+00 2.901062e+00 2.882250e+00 3.023137e+00 3.313318e+00 2.957640e+00 2.949776e+00 1.674686e+00 1.683426e+00 1.686049e+00 1.689630e+00
-9.999000e+03 -9.999000e+03 -9.999000e+03 -9.999000e+03 -9.999000e+03 -9.999000e+03 -9.999000e+03 1.164281e+00 2.259819e+00 1.440663e+00 1.024251e+00 1.185520e+00 1.304947e+00 1.473367e+00 1.525790e+00 1.584812e+00 1.881681e+00 1.527757e+00 1.556270e+00 1.558773e+00 1.555631e+00 1.555817e+00 1.218779e+00 1.225370e+00 9.417194e-01 9.319690e-01 1.087694e+00 1.210608e+00 1.311962e+00 1.398812e+00 1.464248e+00 1.506647e+00 1.538373e+00 2.733781e+00 2.781773e+00 2.827387e+00 1.638109e+00 1.624558e+00 1.610814e+00 1.597157e+00 1.588205e+00 1.594454e+00 1.591577e+00 1.721516e+00 1.832393e+00 1.937044e+00 1.621865e+00 1.636666e+00 1.653112e+00 1.671488e+00 1.688184e+00 1.689536e+00
