tests/data/reference/test_implicit_stream_rill_mfda/control/cinfil_m3.asc
ncols	123
nrows	77
xllcorner	-713746.79929998
yllcorner	-1061022.36961616
cellsize	10.0
NODATA_value	-9999
[rows 23 to 45 of 77, columns 52 to 103 of 123]
9.637415e-01 1.232871e+00 1.297376e+00 1.400121e+00 1.439527e+00 1.510057e+00 1.483028e+00 1.422247e+00 1.428292e+00 1.378890e+00 1.320349e+00 1.322561e+00 1.325296e+00 1.331197e+00 1.343668e+00 1.620237e+00 1.880594e+00 1.940989e+00 1.488452e+00 1.469302e+00 1.309236e+00 1.224661e+00 1.129496e+00 1.229470e+00 8.804727e-01 1.041126e+00 3.177687e+00 2.064497e+00 1.660944e+00 1.263445e+00 1.148138e+00 1.031480e+00 8.964434e-01 9.271251e-01 -9.999000e+03 -9.999000e+03 -9.999000e+03 -9.999000e+03 -9.999000e+03 -9.999000e+03 -9.999000e+03 -9.999000e+03 -9.999000e+03 -9.999000e+03 -9.999000e+03 -9.999000e+03 -9.999000e+03 -9.999000e+03 -9.999000e+03 -9.999000e+03 -9.999000e+03 -9.999000e+03
9.580471e-01 1.061978e+00 1.295747e+00 1.355782e+00 1.444816e+00 1.479137e+00 1.535690e+00 1.522551e+00 1.473144e+00 1.476827e+00 1.433725e+00 1.382096e+00 1.385591e+00 1.393721e+00 1.406613e+00 1.424014e+00 1.972827e+00 1.980936e+00 1.513944e+00 1.486149e+00 1.354788e+00 1.282565e+00 1.205148e+00 1.284955e+00 1.011756e+00 1.141451e+00 8.940781e-01 3.232854e+00 2.152750e+00 1.776229e+00 1.416207e+00 1.147807e+00 1.037460e+00 1.061488e+00 9.377087e-01 -9.999000e+03 -9.999000e+03 -9.999000e+03 -9.999000e+03 -9.999000e+03 -9.999000e+03 -9.999000e+03 -9.999000e+03 -9.999000e+03 -9.999000e+03 -9.999000e+03 -9.999000e+03 -9.999000e+03 -9.999000e+03 -9.999000e+03 -9.999000e+03 -9.999000e+03
1.226760e+00 1.058812e+00 1.148772e+00 1.354469e+00 1.409978e+00 1.488741e+00 1.520563e+00 1.565066e+00 1.556611e+00 1.513927e+00 1.516973e+00 1.481048e+00 1.440909e+00 1.451445e+00 1.462449e+00 1.473213e+00 1.812394e+00 2.003308e+00 1.528283e+00 1.498967e+00 1.394336e+00 1.333794e+00 1.270630e+00 1.334999e+00 1.111610e+00 1.215430e+00 1.018573e+00 3.248834e+00 8.867036e-01 2.199215e+00 1.878433e+00 1.268969e+00 1.154444e+00 1.148657e+00 1.042016e+00 9.059881e-01 9.307065e-01 9.331096e-01 -9.999000e+03 -9.999000e+03 -9.999000e+03 -9.999000e+03 -9.999000e+03 -9.999000e+03 -9.999000e+03 -9.999000e+03 -9.999000e+03 -9.999000e+03 -9.999000e+03 -9.999000e+03 -9.999000e+03 -9.999000e+03
9.502539e-01 1.289201e+00 1.147852e+00 1.230277e+00 1.413829e+00 1.464528e+00 1.531089e+00 1.554977e+00 1.586287e+00 1.581708e+00 1.549074e+00 1.555220e+00 1.529385e+00 1.498641e+00 1.508141e+00 1.516604e+00 1.785321e+00 2.020296e+00 1.542879e+00 1.514750e+00 1.434137e+00 1.384754e+00 1.333192e+00 1.383667e+00 1.196235e+00 1.277688e+00 1.110409e+00 3.259895e+00 1.013040e+00 2.233135e+00 1.965030e+00 1.358034e+00 1.253324e+00 1.232859e+00 1.137235e+00 1.038162e+00 1.066750e+00 9.230872e-01 1.086609e+00 9.361037e-01 -9.999000e+03 -9.999000e+03 -9.999000e+03 -9.999000e+03 -9.999000e+03 -9.999000e+03 -9.999000e+03 -9.999000e+03 -9.999000e+03 -9.999000e+03 -9.999000e+03 -9.999000e+03
1.051786e+00 8.190328e-01 1.352080e+00 1.235522e+00 1.310465e+00 1.469245e+00 1.509314e+00 1.560878e+00 1.579624e+00 1.604699e+00 1.605654e+00 1.583593e+00 1.590756e+00 1.569482e+00 1.543985e+00 1.555936e+00 1.709694e+00 2.031151e+00 1.562776e+00 1.537471e+00 1.478219e+00 1.439513e+00 1.397150e+00 1.433953e+00 1.272926e+00 1.334200e+00 1.188600e+00 3.132641e+00 1.106585e+00 2.250060e+00 2.016696e+00 1.407745e+00 1.335784e+00 1.325251e+00 1.242319e+00 1.156850e+00 9.017284e-01 9.154970e-01 1.083055e+00 1.212675e+00 1.099791e+00 0.000000e+00 -9.999000e+03 -9.999000e+03 -9.999000e+03 -9.999000e+03 -9.999000e+03 -9.999000e+03 -9.999000e+03 -9.999000e+03 -9.999000e+03 -9.999000e+03
1.139685e+00 9.554877e-01 1.409568e+00 1.310838e+00 8.385737e-01 1.377105e+00 1.512200e+00 1.543328e+00 1.585168e+00 1.601461e+00 1.622206e+00 1.627242e+00 1.612597e+00 1.620219e+00 1.607164e+00 1.592557e+00 1.623710e+00 2.017221e+00 1.577513e+00 1.555689e+00 1.512911e+00 1.483650e+00 1.449862e+00 1.477030e+00 1.339126e+00 1.384218e+00 1.256557e+00 3.089070e+00 1.185645e+00 2.262203e+00 2.065490e+00 1.445899e+00 1.400460e+00 1.402598e+00 1.335748e+00 1.259988e+00 1.054989e+00 1.066430e+00 9.164840e-01 1.201868e+00 0.000000e+00 0.000000e+00 0.000000e+00 0.000000e+00 -9.999000e+03 -9.999000e+03 -9.999000e+03 -9.999000e+03 -9.999000e+03 -9.999000e+03 -9.999000e+03 -9.999000e+03
1.220359e+00 1.066463e+00 1.462315e+00 1.375570e+00 8.365420e-01 9.753071e-01 1.432944e+00 1.546783e+00 1.570659e+00 1.604510e+00 1.619199e+00 1.638000e+00 1.647050e+00 1.642684e+00 1.656440e+00 1.651599e+00 1.636464e+00 1.714441e+00 1.583014e+00 1.564341e+00 1.533432e+00 1.512282e+00 1.487490e+00 1.509760e+00 1.395040e+00 1.428406e+00 1.317326e+00 3.298555e+00 1.257606e+00 2.269137e+00 2.116793e+00 1.476677e+00 1.446317e+00 1.456178e+00 1.409340e+00 1.350129e+00 1.178496e+00 1.182204e+00 1.065632e+00 0.000000e+00 0.000000e+00 1.534753e+00 1.303763e+00 1.029985e+00 0.000000e+00 -9.999000e+03 -9.999000e+03 -9.999000e+03 -9.999000e+03 -9.999000e+03 -9.999000e+03 -9.999000e+03
1.299518e+00 1.166036e+00 1.511948e+00 1.433408e+00 9.737642e-01 8.358218e-01 1.080761e+00 1.476579e+00 1.573745e+00 1.595872e+00 1.625740e+00 1.641915e+00 1.661372e+00 1.675785e+00 1.677790e+00 1.686003e+00 1.673861e+00 1.651722e+00 1.615448e+00 1.567690e+00 1.547998e+00 1.535396e+00 1.518852e+00 1.537136e+00 1.442569e+00 1.466699e+00 1.372159e+00 3.298555e+00 1.321255e+00 2.255787e+00 2.163238e+00 1.497096e+00 1.477953e+00 1.491775e+00 8.862826e-01 8.965717e-01 1.269796e+00 1.267952e+00 0.000000e+00 0.000000e+00 9.986950e-01 1.598612e+00 1.399686e+00 1.167289e+00 1.016511e+00 0.000000e+00 -9.999000e+03 -9.999000e+03 -9.999000e+03 -9.999000e+03 -9.999000e+03 -9.999000e+03
1.382166e+00 1.261053e+00 1.559511e+00 1.485936e+00 1.081750e+00 9.713275e-01 8.309787e-01 1.163450e+00 1.517551e+00 1.606402e+00 1.629588e+00 1.658500e+00 1.675881e+00 1.692140e+00 1.698339e+00 1.690720e+00 1.687423e+00 1.670742e+00 1.574458e+00 1.567436e+00 1.559259e+00 1.555680e+00 1.546508e+00 1.560425e+00 1.482477e+00 1.499703e+00 1.422505e+00 3.298555e+00 1.377767e+00 2.193588e+00 2.203966e+00 1.508531e+00 1.497748e+00 8.594475e-01 8.717237e-01 8.829129e-01 1.331601e+00 0.000000e+00 0.000000e+00 9.344114e-01 1.134024e+00 1.691436e+00 1.515356e+00 1.302729e+00 1.170664e+00 9.914641e-01 1.011711e+00 -9.999000e+03 -9.999000e+03 -9.999000e+03 -9.999000e+03 -9.999000e+03
1.474608e+00 1.358007e+00 1.611071e+00 1.541067e+00 8.450289e-01 1.175459e+00 1.079573e+00 9.710940e-01 1.248036e+00 1.563531e+00 1.639931e+00 1.661118e+00 1.682979e+00 1.692643e+00 1.697649e+00 1.695296e+00 1.685114e+00 1.678582e+00 1.565819e+00 1.572116e+00 1.572862e+00 1.575225e+00 1.570160e+00 1.579026e+00 1.515597e+00 1.528611e+00 1.468836e+00 3.298555e+00 1.431965e+00 1.990518e+00 2.247359e+00 1.521141e+00 8.475480e-01 8.518604e-01 8.610443e-01 8.709532e-01 0.000000e+00 0.000000e+00 9.118884e-01 1.077226e+00 1.228390e+00 1.754210e+00 9.543249e-01 9.771862e-01 1.271402e+00 1.132784e+00 1.133220e+00 9.946691e-01 0.000000e+00 -9.999000e+03 -9.999000e+03 -9.999000e+03
1.536029e+00 1.565532e+00 1.448617e+00 1.662402e+00 1.595397e+00 9.956677e-01 1.263524e+00 1.179994e+00 1.088654e+00 1.322792e+00 1.596497e+00 1.656250e+00 1.668862e+00 1.681684e+00 1.686746e+00 1.688935e+00 1.687102e+00 1.680594e+00 1.677732e+00 1.560746e+00 1.592741e+00 1.596060e+00 1.590476e+00 1.593186e+00 1.542810e+00 1.554230e+00 1.511636e+00 3.298555e+00 1.486391e+00 1.675646e+00 2.296998e+00 8.484032e-01 8.507573e-01 8.518799e-01 0.000000e+00 0.000000e+00 0.000000e+00 8.700133e-01 1.052013e+00 1.179180e+00 1.299401e+00 9.007365e-01 9.145423e-01 1.098881e+00 1.336787e+00 1.257373e+00 1.269286e+00 9.772256e-01 9.934576e-01 0.000000e+00 -9.999000e+03 -9.999000e+03
2.549110e+00 2.549110e+00 1.419721e+00 1.327181e+00 1.699131e+00 1.633721e+00 1.105409e+00 1.334594e+00 1.258154e+00 1.175348e+00 1.378053e+00 1.612922e+00 1.656834e+00 1.664785e+00 1.673964e+00 1.678866e+00 1.682990e+00 1.685036e+00 1.684827e+00 1.387251e+00 1.617670e+00 1.620937e+00 1.613066e+00 1.609719e+00 1.571070e+00 1.582705e+00 1.556198e+00 3.244188e+00 1.538420e+00 1.617105e+00 2.345108e+00 8.501687e-01 8.504795e-01 0.000000e+00 0.000000e+00 8.941161e-01 8.612415e-01 1.009989e+00 1.155683e+00 1.258596e+00 8.804305e-01 8.871300e-01 8.959942e-01 1.189294e+00 1.382274e+00 1.334809e+00 9.570757e-01 9.552942e-01 9.540031e-01 1.284960e+00 1.001790e+00 0.000000e+00
1.561605e+00 1.640719e+00 2.549110e+00 1.487102e+00 1.397406e+00 1.461288e+00 1.410073e+00 1.046153e+00 1.200270e+00 1.144904e+00 1.085604e+00 1.222421e+00 1.375947e+00 1.401425e+00 1.407172e+00 1.416219e+00 1.426027e+00 1.436267e+00 1.446152e+00 1.454790e+00 1.431639e+00 1.423335e+00 1.412181e+00 1.402470e+00 1.605680e+00 1.619325e+00 1.606777e+00 3.153022e+00 1.588508e+00 1.629741e+00 2.387871e+00 8.492983e-01 0.000000e+00 0.000000e+00 8.817198e-01 1.037339e+00 1.004286e+00 1.117343e+00 1.239164e+00 8.643382e-01 8.711206e-01 8.793777e-01 8.883278e-01 9.005143e-01 1.415010e+00 1.377584e+00 9.204836e-01 1.083928e+00 1.089490e+00 1.334554e+00 9.555349e-01 1.284553e+00
8.035615e-01 9.368375e-01 1.045313e+00 2.549110e+00 2.549110e+00 2.549110e+00 2.549110e+00 1.458406e+00 1.136007e+00 1.277574e+00 1.229332e+00 1.175853e+00 1.299882e+00 1.435163e+00 1.547021e+00 1.471855e+00 1.483643e+00 1.494523e+00 1.505242e+00 1.515145e+00 8.178624e-01 1.469181e+00 1.568277e+00 1.462675e+00 1.411872e+00 1.428939e+00 1.656126e+00 3.069171e+00 1.630971e+00 1.649115e+00 2.420572e+00 0.000000e+00 0.000000e+00 8.493900e-01 1.023177e+00 1.146624e+00 1.114423e+00 1.207156e+00 1.311124e+00 8.593785e-01 8.646929e-01 8.731842e-01 8.818294e-01 8.922438e-01 1.444308e+00 1.417430e+00 1.067397e+00 1.186740e+00 1.192043e+00 1.409870e+00 1.088265e+00 1.329480e+00
1.012936e+00 1.095836e+00 1.175576e+00 1.265361e+00 1.337598e+00 1.383540e+00 1.427297e+00 2.549110e+00 2.549110e+00 2.549110e+00 2.549110e+00 2.549110e+00 2.549110e+00 2.549110e+00 2.549110e+00 2.549110e+00 2.549110e+00 1.570769e+00 1.566809e+00 1.564826e+00 1.559723e+00 9.431106e-01 1.514563e+00 1.510366e+00 1.482956e+00 1.507479e+00 1.466988e+00 2.971759e+00 1.661599e+00 1.663316e+00 0.000000e+00 0.000000e+00 8.429582e-01 8.468168e-01 1.129448e+00 1.234442e+00 1.204988e+00 1.285072e+00 1.375184e+00 8.577579e-01 8.612619e-01 8.687734e-01 8.764031e-01 8.856851e-01 8.971772e-01 9.088361e-01 1.192670e+00 1.286180e+00 1.283781e+00 1.472982e+00 1.182081e+00 1.398292e+00
9.043156e-01 1.000632e+00 1.091234e+00 2.186698e+00 2.189361e+00 2.182272e+00 2.170895e+00 2.162385e+00 2.158483e+00 2.159679e+00 2.165359e+00 2.174893e+00 2.187925e+00 2.204228e+00 2.221515e+00 2.235478e+00 2.236681e+00 2.549110e+00 2.549110e+00 1.632461e+00 1.617913e+00 1.596835e+00 1.546567e+00 1.565924e+00 1.551752e+00 1.576305e+00 1.540853e+00 2.312948e+00 1.681658e+00 0.000000e+00 0.000000e+00 8.433691e-01 8.414313e-01 8.452283e-01 1.217104e+00 1.308149e+00 1.280774e+00 1.350223e+00 8.539395e-01 8.538487e-01 8.565550e-01 8.637663e-01 8.715443e-01 8.797627e-01 8.896141e-01 9.017918e-01 9.129418e-01 1.369653e+00 1.364826e+00 1.531037e+00 1.269155e+00 1.464247e+00
1.586212e+00 2.751831e+00 2.733074e+00 1.620223e+00 1.602749e+00 1.580813e+00 1.563720e+00 1.551357e+00 1.530852e+00 1.523258e+00 1.520557e+00 1.309342e+00 1.270777e+00 1.281293e+00 1.294802e+00 1.309843e+00 1.490021e+00 1.616970e+00 1.731859e+00 2.549110e+00 2.549110e+00 2.549110e+00 2.549110e+00 1.593820e+00 1.622819e+00 1.634395e+00 1.596151e+00 2.256780e+00 0.000000e+00 0.000000e+00 8.498391e-01 9.815421e-01 8.405739e-01 8.445507e-01 1.292252e+00 1.371011e+00 1.344500e+00 1.403714e+00 8.483923e-01 8.479601e-01 8.502201e-01 8.572829e-01 8.665775e-01 8.753037e-01 8.816971e-01 8.897190e-01 9.017426e-01 1.433702e+00 1.435133e+00 1.587404e+00 1.361053e+00 1.533898e+00
2.776904e+00 1.657601e+00 1.640140e+00 1.623337e+00 1.605183e+00 1.586006e+00 1.568514e+00 1.532830e+00 1.517693e+00 1.506646e+00 1.502769e+00 1.416194e+00 1.418811e+00 1.423457e+00 1.430641e+00 1.306870e+00 1.276916e+00 2.379134e+00 2.484155e+00 2.549110e+00 2.549110e+00 2.473316e+00 2.549110e+00 2.549110e+00 1.680333e+00 1.709185e+00 1.649853e+00 8.145279e-01 0.000000e+00 8.190955e-01 9.945615e-01 1.089970e+00 8.383752e-01 9.812356e-01 1.356262e+00 1.425224e+00 1.399417e+00 1.448897e+00 8.441331e-01 8.437897e-01 8.462599e-01 8.524843e-01 8.619196e-01 8.723882e-01 8.777645e-01 8.816336e-01 8.908368e-01 9.023139e-01 1.485587e+00 1.624224e+00 1.434718e+00 1.588974e+00
1.678683e+00 1.665095e+00 1.651268e+00 1.639291e+00 1.626444e+00 1.609732e+00 1.557645e+00 1.538537e+00 1.520733e+00 1.509334e+00 1.381648e+00 1.378862e+00 1.376717e+00 1.376116e+00 1.488584e+00 1.415635e+00 2.681692e+00 1.518391e+00 1.242671e+00 1.234382e+00 1.248319e+00 0.000000e+00 0.000000e+00 0.000000e+00 2.549110e+00 1.883652e+00 1.744615e+00 0.000000e+00 0.000000e+00 9.805160e-01 1.003867e+00 1.184291e+00 8.355248e-01 1.082831e+00 1.409881e+00 1.471991e+00 1.447280e+00 8.431433e-01 8.407832e-01 8.401832e-01 8.436680e-01 8.500696e-01 8.586878e-01 8.700209e-01 8.764060e-01 8.777872e-01 8.819520e-01 8.893597e-01 1.515499e+00 1.637047e+00 1.483141e+00 1.622382e+00
1.681872e+00 1.672903e+00 1.663883e+00 1.657327e+00 1.649008e+00 1.582991e+00 1.564184e+00 1.545085e+00 1.529356e+00 1.354944e+00 1.347501e+00 1.341527e+00 1.337002e+00 1.481615e+00 1.374920e+00 2.429837e+00 1.506029e+00 1.374022e+00 1.328216e+00 1.335365e+00 1.260915e+00 1.173576e+00 1.212619e+00 0.000000e+00 0.000000e+00 0.000000e+00 2.490614e+00 0.000000e+00 8.554645e-01 1.131185e+00 1.132434e+00 1.127016e+00 9.823520e-01 1.175335e+00 1.458651e+00 1.511085e+00 1.487073e+00 8.408105e-01 8.386822e-01 8.367894e-01 8.396113e-01 8.468415e-01 8.558982e-01 8.676342e-01 8.750887e-01 8.767265e-01 8.787121e-01 1.033851e+00 1.536834e+00 1.638000e+00 1.519091e+00 1.638646e+00
1.687707e+00 1.683032e+00 1.678556e+00 1.674850e+00 1.596554e+00 1.582947e+00 1.565493e+00 1.551028e+00 1.331872e+00 1.320942e+00 1.309866e+00 1.302289e+00 1.486849e+00 1.344164e+00 2.473186e+00 1.519416e+00 1.332441e+00 1.269309e+00 1.264202e+00 1.410639e+00 1.265756e+00 1.105627e+00 1.119044e+00 1.166209e+00 1.190635e+00 0.000000e+00 0.000000e+00 0.000000e+00 2.113077e+00 1.031202e+00 1.340552e+00 1.245323e+00 1.117220e+00 1.271705e+00 1.507062e+00 1.543755e+00 1.518655e+00 8.375532e-01 8.369060e-01 8.346844e-01 8.358428e-01 8.424955e-01 8.524319e-01 8.653118e-01 8.739167e-01 8.771655e-01 8.794583e-01 1.147419e+00 1.553987e+00 1.632218e+00 1.546641e+00 1.640599e+00
1.691378e+00 1.691448e+00 1.688693e+00 1.589583e+00 1.582872e+00 1.569633e+00 1.555506e+00 1.290875e+00 1.286980e+00 1.276083e+00 1.265400e+00 1.494434e+00 1.314964e+00 2.564623e+00 1.549289e+00 1.297560e+00 1.223692e+00 1.214047e+00 1.384241e+00 1.201277e+00 1.200607e+00 1.201629e+00 1.055540e+00 1.076050e+00 1.115221e+00 1.427822e+00 0.000000e+00 0.000000e+00 0.000000e+00 0.000000e+00 1.566144e+00 1.367144e+00 1.102303e+00 1.354319e+00 1.549229e+00 1.572511e+00 1.546415e+00 8.349279e-01 8.336021e-01 8.323274e-01 8.329500e-01 8.377471e-01 8.465543e-01 8.590812e-01 8.682120e-01 8.731771e-01 8.769096e-01 1.239972e+00 1.567254e+00 1.621178e+00 1.561361e+00 1.628274e+00
1.694326e+00 1.695289e+00 1.572224e+00 1.566719e+00 1.557147e+00 1.544625e+00 1.222904e+00 1.224626e+00 1.223616e+00 1.218043e+00 1.498146e+00 1.279273e+00 2.850584e+00 1.588768e+00 1.259132e+00 1.176095e+00 1.167907e+00 1.366682e+00 1.145227e+00 1.140478e+00 1.136977e+00 1.131199e+00 1.132427e+00 1.012616e+00 1.026378e+00 0.000000e+00 0.000000e+00 9.150090e-01 1.015774e+00 0.000000e+00 0.000000e+00 0.000000e+00 1.202024e+00 1.229854e+00 1.580499e+00 1.598063e+00 1.572428e+00 8.339074e-01 8.302290e-01 8.296016e-01 8.303860e-01 8.335347e-01 8.398487e-01 8.498704e-01 8.584241e-01 8.648274e-01 8.707163e-01 1.315831e+00 1.578309e+00 1.609423e+00 1.564152e+00 1.604935e+00
