tests/data/reference/test_implicit_stream_rill_mfda/control/cinfil_m3.asc
ncols	123
nrows	77
xllcorner	-713746.79929998
yllcorner	-1061022.36961616
cellsize	10.0
NODATA_value	-9999
[rows 46 to 68 of 77, columns 0 to 51 of 123]
-9.999000e+03 -9.999000e+03 -9.999000e+03 -9.999000e+03 -9.999000e+03 -9.999000e+03 0.000000e+00 2.230280e+00 1.335986e+00 1.324578e+00 1.011384e+00 1.171915e+00 1.380060e+00 1.446104e+00 1.530490e+00 1.923421e+00 1.465261e+00 1.524022e+00 1.559129e+00 1.564596e+00 1.559624e+00 1.086754e+00 1.085659e+00 1.091584e+00 1.212355e+00 1.298082e+00 1.373677e+00 1.447752e+00 1.508543e+00 1.553714e+00 1.589188e+00 2.629069e+00 2.687173e+00 1.642868e+00 1.640534e+00 1.631373e+00 1.618646e+00 1.604624e+00 1.591093e+00 1.578167e+00 1.579673e+00 1.572355e+00 1.576069e+00 1.575183e+00 1.579921e+00 1.590355e+00 1.601788e+00 1.613458e+00 1.629107e+00 1.656429e+00 1.673269e+00 1.682862e+00
-9.999000e+03 -9.999000e+03 -9.999000e+03 -9.999000e+03 -9.999000e+03 -9.999000e+03 2.406997e+00 1.770088e+00 1.182473e+00 1.167380e+00 9.881376e-01 1.277308e+00 1.357555e+00 1.475284e+00 1.909371e+00 1.368140e+00 1.458603e+00 1.527663e+00 1.563347e+00 1.566578e+00 9.394793e-01 9.296590e-01 9.248343e-01 9.252359e-01 1.082920e+00 1.193751e+00 1.288645e+00 2.375506e+00 2.445770e+00 2.504625e+00 2.563542e+00 1.600141e+00 1.607330e+00 1.613079e+00 1.610586e+00 1.605104e+00 1.596628e+00 1.585000e+00 1.572404e+00 1.577090e+00 1.561273e+00 1.563270e+00 1.559300e+00 1.559960e+00 1.564427e+00 1.573264e+00 1.582969e+00 1.592870e+00 1.615173e+00 1.629902e+00 1.649948e+00 1.656340e+00
-9.999000e+03 -9.999000e+03 -9.999000e+03 -9.999000e+03 -9.999000e+03 0.000000e+00 1.824625e+00 1.636306e+00 1.000185e+00 9.951346e-01 1.165080e+00 1.280794e+00 1.448968e+00 1.887729e+00 1.256428e+00 1.357936e+00 1.443806e+00 1.511911e+00 1.548686e+00 1.553427e+00 1.695436e+00 1.808759e+00 1.906485e+00 2.047212e+00 2.144183e+00 2.224161e+00 2.297435e+00 1.503183e+00 1.519122e+00 1.535259e+00 1.546180e+00 1.560020e+00 1.575993e+00 1.580833e+00 1.581416e+00 1.579385e+00 1.573019e+00 1.561164e+00 1.574345e+00 1.553490e+00 1.557779e+00 1.550002e+00 1.548588e+00 1.549116e+00 1.551741e+00 1.556556e+00 1.563893e+00 1.589594e+00 1.595442e+00 1.609967e+00 1.613047e+00 1.395397e+00
-9.999000e+03 -9.999000e+03 -9.999000e+03 -9.999000e+03 0.000000e+00 1.964069e+00 1.311027e+00 1.484485e+00 1.016238e+00 1.027963e+00 1.195745e+00 1.443411e+00 1.861698e+00 1.145529e+00 1.264398e+00 1.353980e+00 1.425776e+00 1.490092e+00 1.527219e+00 1.519151e+00 1.499451e+00 1.480065e+00 1.797997e+00 1.281969e+00 1.348112e+00 1.399927e+00 1.432361e+00 1.448704e+00 1.474981e+00 1.487422e+00 1.500477e+00 1.526677e+00 1.540869e+00 1.548468e+00 1.551676e+00 1.550969e+00 1.544520e+00 1.569219e+00 1.540407e+00 1.550259e+00 1.540419e+00 1.539487e+00 1.539522e+00 1.539396e+00 1.538745e+00 1.539619e+00 1.568788e+00 1.569158e+00 1.581549e+00 1.572496e+00 1.299888e+00 1.313405e+00
-9.999000e+03 -9.999000e+03 -9.999000e+03 -9.999000e+03 0.000000e+00 1.508871e+00 1.180144e+00 1.308708e+00 1.225285e+00 1.050357e+00 1.418085e+00 1.813944e+00 1.002581e+00 1.156614e+00 1.266685e+00 1.344473e+00 1.410261e+00 1.475093e+00 1.489979e+00 1.472359e+00 1.447194e+00 1.746950e+00 1.184715e+00 1.259549e+00 1.318159e+00 1.357666e+00 1.371696e+00 1.400009e+00 1.414277e+00 1.429822e+00 1.459981e+00 1.477171e+00 1.490278e+00 1.500094e+00 1.505534e+00 1.506203e+00 1.555132e+00 1.520610e+00 1.538182e+00 1.523186e+00 1.522930e+00 1.525483e+00 1.526830e+00 1.525163e+00 1.522722e+00 1.557642e+00 1.545047e+00 1.555453e+00 1.539884e+00 1.205582e+00 1.211072e+00 1.223831e+00
-9.999000e+03 -9.999000e+03 -9.999000e+03 0.000000e+00 2.031261e+00 1.419311e+00 1.036388e+00 1.236255e+00 1.066407e+00 1.359477e+00 1.691873e+00 1.465483e+00 1.020068e+00 1.168130e+00 1.265300e+00 1.336624e+00 1.401432e+00 1.431500e+00 1.434879e+00 1.414294e+00 1.683156e+00 1.067902e+00 1.168892e+00 1.239992e+00 1.282829e+00 1.294409e+00 1.329271e+00 1.338534e+00 1.351209e+00 1.390513e+00 1.409295e+00 1.422337e+00 1.433126e+00 1.441490e+00 1.446312e+00 1.522499e+00 1.482743e+00 1.518988e+00 1.500410e+00 1.498349e+00 1.499900e+00 1.504442e+00 1.505540e+00 1.503921e+00 1.553012e+00 1.527188e+00 1.531256e+00 1.505609e+00 1.109739e+00 1.109733e+00 1.113750e+00 1.124193e+00
-9.999000e+03 -9.999000e+03 -9.999000e+03 0.000000e+00 1.540810e+00 1.243144e+00 1.080436e+00 1.113620e+00 1.290289e+00 1.283228e+00 1.615030e+00 1.441157e+00 1.046425e+00 1.183389e+00 1.269192e+00 1.340420e+00 1.353891e+00 1.364897e+00 1.368075e+00 1.615350e+00 9.370116e-01 1.077349e+00 1.174805e+00 1.228903e+00 1.228934e+00 1.271510e+00 1.278303e+00 1.285337e+00 1.329999e+00 1.349796e+00 1.364109e+00 1.375091e+00 1.381938e+00 1.384204e+00 1.488650e+00 1.428184e+00 1.484170e+00 1.463413e+00 1.467805e+00 1.466839e+00 1.466834e+00 1.469228e+00 1.470580e+00 1.542315e+00 1.506293e+00 1.509307e+00 1.471891e+00 9.979637e-01 9.979376e-01 9.991425e-01 1.002689e+00 2.040144e+00
-9.999000e+03 -9.999000e+03 0.000000e+00 1.212505e+00 1.270024e+00 1.261949e+00 1.151940e+00 1.180365e+00 1.157371e+00 1.194532e+00 1.622528e+00 1.421384e+00 1.091392e+00 1.206226e+00 1.285956e+00 1.283462e+00 1.276794e+00 1.275616e+00 1.420149e+00 1.406963e+00 9.756739e-01 1.115536e+00 1.192867e+00 1.180042e+00 1.229950e+00 1.227125e+00 1.228417e+00 1.281483e+00 1.294049e+00 1.306051e+00 1.318305e+00 1.326980e+00 1.328192e+00 1.467208e+00 1.375614e+00 1.450922e+00 1.410088e+00 1.420169e+00 1.428614e+00 1.426945e+00 1.421959e+00 1.420837e+00 1.519558e+00 1.469271e+00 1.476750e+00 1.433168e+00 8.611712e-01 8.563908e-01 8.556736e-01 8.585816e-01 1.958682e+00 1.479261e+00
-9.999000e+03 -9.999000e+03 3.347996e+00 1.307395e+00 1.083654e+00 1.146682e+00 1.210726e+00 1.149954e+00 1.377290e+00 1.774868e+00 1.182042e+00 1.353212e+00 1.137276e+00 1.236486e+00 1.204568e+00 1.194585e+00 1.179213e+00 1.170289e+00 1.192265e+00 1.336175e+00 1.033083e+00 1.163729e+00 1.131478e+00 1.207859e+00 1.191247e+00 1.176406e+00 1.241947e+00 1.242731e+00 1.242582e+00 1.248554e+00 1.257351e+00 1.263952e+00 1.455917e+00 1.328122e+00 1.434484e+00 1.364709e+00 1.366732e+00 1.375790e+00 1.381696e+00 1.376922e+00 1.369285e+00 1.495878e+00 1.417839e+00 1.425755e+00 1.376585e+00 1.372208e+00 1.427106e+00 1.472220e+00 1.756025e+00 1.868858e+00 1.424109e+00 1.426234e+00
-9.999000e+03 0.000000e+00 3.113099e+00 1.394859e+00 1.102075e+00 1.268926e+00 1.133647e+00 1.134888e+00 -9.999000e+03 -9.999000e+03 -9.999000e+03 1.186303e+00 1.160248e+00 1.084177e+00 1.055915e+00 1.054386e+00 1.042031e+00 1.021755e+00 1.042836e+00 1.129828e+00 1.153790e+00 1.072439e+00 1.192066e+00 1.166240e+00 1.136427e+00 1.217998e+00 1.199172e+00 1.182981e+00 1.174627e+00 1.173909e+00 1.177587e+00 1.441185e+00 1.274993e+00 1.426727e+00 1.322730e+00 1.318137e+00 1.319515e+00 1.324248e+00 1.322736e+00 1.314561e+00 1.478358e+00 1.364329e+00 1.366459e+00 1.306587e+00 1.305097e+00 1.468409e+00 1.554869e+00 1.645820e+00 1.555284e+00 1.360070e+00 1.362554e+00 1.359735e+00
-9.999000e+03 0.000000e+00 1.550450e+00 1.103772e+00 1.164405e+00 1.156398e+00 -9.999000e+03 -9.999000e+03 -9.999000e+03 -9.999000e+03 -9.999000e+03 -9.999000e+03 1.140043e+00 1.097920e+00 1.269374e+00 1.388763e+00 1.054453e+00 1.219977e+00 1.377120e+00 1.615700e+00 1.192077e+00 1.183625e+00 1.116991e+00 1.055561e+00 1.193085e+00 1.154106e+00 1.121444e+00 1.097303e+00 1.083772e+00 1.077774e+00 1.421222e+00 1.200630e+00 1.419480e+00 1.272244e+00 1.262088e+00 1.256244e+00 1.255309e+00 1.256514e+00 1.250662e+00 1.460866e+00 1.304546e+00 1.302090e+00 1.226289e+00 1.226920e+00 1.425511e+00 1.295294e+00 1.288477e+00 1.537680e+00 1.285317e+00 1.289978e+00 1.289305e+00 1.498933e+00
0.000000e+00 2.043595e+00 1.280906e+00 1.160111e+00 1.286514e+00 1.098396e+00 -9.999000e+03 -9.999000e+03 -9.999000e+03 -9.999000e+03 -9.999000e+03 -9.999000e+03 -9.999000e+03 -9.999000e+03 -9.999000e+03 1.047860e+00 1.435266e+00 1.029867e+00 1.047511e+00 1.076445e+00 1.663028e+00 -9.999000e+03 -9.999000e+03 1.117164e+00 1.054170e+00 1.022261e+00 9.916143e-01 9.645527e-01 9.519349e-01 1.408485e+00 1.106843e+00 1.407536e+00 1.212311e+00 1.195669e+00 1.182578e+00 1.174301e+00 1.170018e+00 1.170570e+00 1.446420e+00 1.239875e+00 1.228460e+00 1.133139e+00 1.133558e+00 1.374006e+00 1.224610e+00 1.215894e+00 1.521190e+00 1.204844e+00 1.205202e+00 1.209351e+00 1.466121e+00 1.272591e+00
0.000000e+00 1.174281e+00 1.193002e+00 1.194116e+00 1.093148e+00 -9.999000e+03 -9.999000e+03 -9.999000e+03 -9.999000e+03 -9.999000e+03 -9.999000e+03 -9.999000e+03 -9.999000e+03 -9.999000e+03 -9.999000e+03 -9.999000e+03 -9.999000e+03 -9.999000e+03 -9.999000e+03 -9.999000e+03 -9.999000e+03 -9.999000e+03 -9.999000e+03 1.134722e+00 1.068485e+00 1.046992e+00 1.200330e+00 1.292226e+00 1.375663e+00 9.889719e-01 1.396434e+00 1.139673e+00 1.121173e+00 1.095482e+00 1.078967e+00 1.069863e+00 1.064225e+00 1.422493e+00 1.171849e+00 1.151006e+00 1.022163e+00 1.021346e+00 1.311801e+00 1.138811e+00 1.136234e+00 1.508492e+00 1.122532e+00 1.118487e+00 1.118544e+00 1.431209e+00 1.211596e+00 1.578297e+00
-9.999000e+03 1.080668e+00 1.098037e+00 1.048072e+00 -9.999000e+03 -9.999000e+03 -9.999000e+03 -9.999000e+03 -9.999000e+03 -9.999000e+03 -9.999000e+03 -9.999000e+03 -9.999000e+03 -9.999000e+03 -9.999000e+03 -9.999000e+03 -9.999000e+03 -9.999000e+03 -9.999000e+03 -9.999000e+03 -9.999000e+03 -9.999000e+03 -9.999000e+03 -9.999000e+03 -9.999000e+03 -9.999000e+03 1.021803e+00 9.991109e-01 1.180865e+00 1.352991e+00 1.039396e+00 1.017354e+00 9.841001e-01 9.478608e-01 9.327177e-01 9.291712e-01 1.387018e+00 1.076536e+00 1.062164e+00 8.853352e-01 8.766171e-01 1.239894e+00 1.027134e+00 1.028694e+00 1.487780e+00 1.024778e+00 1.021862e+00 1.019278e+00 1.385529e+00 1.137548e+00 1.601402e+00 9.868605e-01
-9.999000e+03 -9.999000e+03 -9.999000e+03 -9.999000e+03 -9.999000e+03 -9.999000e+03 -9.999000e+03 -9.999000e+03 -9.999000e+03 -9.999000e+03 -9.999000e+03 -9.999000e+03 -9.999000e+03 -9.999000e+03 -9.999000e+03 -9.999000e+03 -9.999000e+03 -9.999000e+03 -9.999000e+03 -9.999000e+03 -9.999000e+03 -9.999000e+03 -9.999000e+03 -9.999000e+03 -9.999000e+03 -9.999000e+03 -9.999000e+03 -9.999000e+03 1.011514e+00 1.240647e+00 1.065878e+00 1.043386e+00 1.001676e+00 1.128448e+00 1.234617e+00 1.340328e+00 9.465552e-01 9.280643e-01 9.116734e-01 1.052092e+00 1.158650e+00 8.842647e-01 8.816969e-01 1.450328e+00 8.796781e-01 8.793363e-01 8.805951e-01 1.330758e+00 1.033139e+00 1.608233e+00 8.670908e-01 8.461147e-01
-9.999000e+03 -9.999000e+03 -9.999000e+03 -9.999000e+03 -9.999000e+03 -9.999000e+03 -9.999000e+03 -9.999000e+03 -9.999000e+03 -9.999000e+03 -9.999000e+03 -9.999000e+03 -9.999000e+03 -9.999000e+03 -9.999000e+03 -9.999000e+03 -9.999000e+03 -9.999000e+03 -9.999000e+03 -9.999000e+03 -9.999000e+03 -9.999000e+03 -9.999000e+03 -9.999000e+03 -9.999000e+03 -9.999000e+03 -9.999000e+03 -9.999000e+03 -9.999000e+03 1.052470e+00 1.375898e+00 1.200692e+00 1.158562e+00 9.473662e-01 9.405316e-01 9.579931e-01 9.568500e-01 9.347791e-01 1.080472e+00 1.186566e+00 1.273916e+00 1.349634e+00 1.408997e+00 8.838082e-01 1.032391e+00 1.148750e+00 1.250263e+00 8.938762e-01 1.602173e+00 8.795822e-01 1.017191e+00 1.112567e+00
-9.999000e+03 -9.999000e+03 -9.999000e+03 -9.999000e+03 -9.999000e+03 -9.999000e+03 -9.999000e+03 -9.999000e+03 -9.999000e+03 -9.999000e+03 -9.999000e+03 -9.999000e+03 -9.999000e+03 -9.999000e+03 -9.999000e+03 -9.999000e+03 -9.999000e+03 -9.999000e+03 -9.999000e+03 -9.999000e+03 -9.999000e+03 -9.999000e+03 -9.999000e+03 -9.999000e+03 -9.999000e+03 -9.999000e+03 -9.999000e+03 -9.999000e+03 -9.999000e+03 -9.999000e+03 1.188037e+00 -9.999000e+03 -9.999000e+03 -9.999000e+03 -9.999000e+03 -9.999000e+03 -9.999000e+03 -9.999000e+03 9.199996e-01 1.073999e+00 1.192837e+00 1.294168e+00 1.368905e+00 1.419009e+00 1.460654e+00 1.498705e+00 1.538295e+00 1.584794e+00 9.005916e-01 1.031726e+00 1.130630e+00 1.213536e+00
-9.999000e+03 -9.999000e+03 -9.999000e+03 -9.999000e+03 -9.999000e+03 -9.999000e+03 -9.999000e+03 -9.999000e+03 -9.999000e+03 -9.999000e+03 -9.999000e+03 -9.999000e+03 -9.999000e+03 -9.999000e+03 -9.999000e+03 -9.999000e+03 -9.999000e+03 -9.999000e+03 -9.999000e+03 -9.999000e+03 -9.999000e+03 -9.999000e+03 -9.999000e+03 -9.999000e+03 -9.999000e+03 -9.999000e+03 -9.999000e+03 -9.999000e+03 -9.999000e+03 -9.999000e+03 -9.999000e+03 -9.999000e+03 -9.999000e+03 -9.999000e+03 -9.999000e+03 -9.999000e+03 -9.999000e+03 -9.999000e+03 -9.999000e+03 -9.999000e+03 -9.999000e+03 9.186100e-01 9.120905e-01 8.950923e-01 1.041680e+00 1.159022e+00 1.264721e+00 1.368946e+00 1.438728e+00 1.469913e+00 1.496105e+00 1.524726e+00
-9.999000e+03 -9.999000e+03 -9.999000e+03 -9.999000e+03 -9.999000e+03 -9.999000e+03 -9.999000e+03 -9.999000e+03 -9.999000e+03 -9.999000e+03 -9.999000e+03 -9.999000e+03 -9.999000e+03 -9.999000e+03 -9.999000e+03 -9.999000e+03 -9.999000e+03 -9.999000e+03 -9.999000e+03 -9.999000e+03 -9.999000e+03 -9.999000e+03 -9.999000e+03 -9.999000e+03 -9.999000e+03 -9.999000e+03 -9.999000e+03 -9.999000e+03 -9.999000e+03 -9.999000e+03 -9.999000e+03 -9.999000e+03 -9.999000e+03 -9.999000e+03 -9.999000e+03 -9.999000e+03 -9.999000e+03 -9.999000e+03 -9.999000e+03 -9.999000e+03 -9.999000e+03 -9.999000e+03 -9.999000e+03 -9.999000e+03 8.839470e-01 8.878888e-01 1.050865e+00 1.185860e+00 8.999834e-01 1.027696e+00 1.135210e+00 1.244805e+00
-9.999000e+03 -9.999000e+03 -9.999000e+03 -9.999000e+03 -9.999000e+03 -9.999000e+03 -9.999000e+03 -9.999000e+03 -9.999000e+03 -9.999000e+03 -9.999000e+03 -9.999000e+03 -9.999000e+03 -9.999000e+03 -9.999000e+03 -9.999000e+03 -9.999000e+03 -9.999000e+03 -9.999000e+03 -9.999000e+03 -9.999000e+03 -9.999000e+03 -9.999000e+03 -9.999000e+03 -9.999000e+03 -9.999000e+03 -9.999000e+03 -9.999000e+03 -9.999000e+03 -9.999000e+03 -9.999000e+03 -9.999000e+03 -9.999000e+03 -9.999000e+03 -9.999000e+03 -9.999000e+03 -9.999000e+03 -9.999000e+03 -9.999000e+03 -9.999000e+03 -9.999000e+03 -9.999000e+03 -9.999000e+03 -9.999000e+03 -9.999000e+03 -9.999000e+03 -9.999000e+03 -9.999000e+03 -9.999000e+03 -9.999000e+03 8.742774e-01 1.053817e+00
-9.999000e+03 -9.999000e+03 -9.999000e+03 -9.999000e+03 -9.999000e+03 -9.999000e+03 -9.999000e+03 -9.999000e+03 -9.999000e+03 -9.999000e+03 -9.999000e+03 -9.999000e+03 -9.999000e+03 -9.999000e+03 -9.999000e+03 -9.999000e+03 -9.999000e+03 -9.999000e+03 -9.999000e+03 -9.999000e+03 -9.999000e+03 -9.999000e+03 -9.999000e+03 -9.999000e+03 -9.999000e+03 -9.999000e+03 -9.999000e+03 -9.999000e+03 -9.999000e+03 -9.999000e+03 -9.999000e+03 -9.999000e+03 -9.999000e+03 -9.999000e+03 -9.999000e+03 -9.999000e+03 -9.999000e+03 -9.999000e+03 -9.999000e+03 -9.999000e+03 -9.999000e+03 -9.999000e+03 -9.999000e+03 -9.999000e+03 -9.999000e+03 -9.999000e+03 -9.999000e+03 -9.999000e+03 -9.999000e+03 -9.999000e+03 -9.999000e+03 9.091769e-01
-9.999000e+03 -9.999000e+03 -9.999000e+03 -9.999000e+03 -9.999000e+03 -9.999000e+03 -9.999000e+03 -9.999000e+03 -9.999000e+03 -9.999000e+03 -9.999000e+03 -9.999000e+03 -9.999000e+03 -9.999000e+03 -9.999000e+03 -9.999000e+03 -9.999000e+03 -9.999000e+03 -9.999000e+03 -9.999000e+03 -9.999000e+03 -9.999000e+03 -9.999000e+03 -9.999000e+03 -9.999000e+03 -9.999000e+03 -9.999000e+03 -9.999000e+03 -9.999000e+03 -9.999000e+03 -9.999000e+03 -9.999000e+03 -9.999000e+03 -9.999000e+03 -9.999000e+03 -9.999000e+03 -9.999000e+03 -9.999000e+03 -9.999000e+03 -9.999000e+03 -9.999000e+03 -9.999000e+03 -9.999000e+03 -9.999000e+03 -9.999000e+03 -9.999000e+03 -9.999000e+03 -9.999000e+03 -9.999000e+03 -9.999000e+03 -9.999000e+03 -9.999000e+03
-9.999000e+03 -9.999000e+03 -9.999000e+03 -9.999000e+03 -9.999000e+03 -9.999000e+03 -9.999000e+03 -9.999000e+03 -9.999000e+03 -9.999000e+03 -9.999000e+03 -9.999000e+03 -9.999000e+03 -9.999000e+03 -9.999000e+03 -9.999000e+03 -9.999000e+03 -9.999000e+03 -9.999000e+03 -9.999000e+03 -9.999000e+03 -9.999000e+03 -9.999000e+03 -9.999000e+03 -9.999000e+03 -9.999000e+03 -9.999000e+03 -9.999000e+03 -9.999000e+03 -9.999000e+03 -9.999000e+03 -9.999000e+03 -9.999000e+03 -9.999000e+03 -9.999000e+03 -9.999000e+03 -9.999000e+03 -9.999000e+03 -9.999000e+03 -9.999000e+03 -9.999000e+03 -9.999000e+03 -9.999000e+03 -9.999000e+03 -9.999000e+03 -9.999000e+03 -9.999000e+03 -9.999000e+03 -9.999000e+03 -9.999000e+03 -9.999000e+03 -9.999000e+03
