tests/data/reference/test_implicit_stream_rill_mfda/control/csheetvout_m3.asc
ncols	123
nrows	77
xllcorner	-713746.79929998
yllcorner	-1061022.36961616
cellsize	10.0
NODATA_value	-9999
[rows 23 to 45 of 77, columns 0 to 51 of 123]
-9.999000e+03 -9.999000e+03 -9.999000e+03 -9.999000e+03 -9.999000e+03 -9.999000e+03 -9.999000e+03 -9.999000e+03 -9.999000e+03 -9.999000e+03 -9.999000e+03 -9.999000e+03 -9.999000e+03 -9.999000e+03 6.266699e-01 1.961613e+00 2.254683e+00 1.137173e+00 6.616334e-01 4.210875e-01 3.256119e-01 2.588703e+00 5.677361e-01 6.235475e+00 7.822010e+00 4.351414e+00 8.483819e+00 4.976573e+00 2.621043e+00 4.238268e+00 7.988455e-01 1.455028e+00 2.001137e+00 3.430195e+00 1.320637e+01 3.903049e+00 8.884973e+00 8.171707e-01 8.245442e+00 3.968083e+00 3.985000e+00 3.969791e+00 4.061631e+00 3.985225e+00 3.972317e+00 3.825219e+00 3.859117e+00 4.115146e+00 3.512464e+00 2.602305e+00 2.120408e+00 8.399018e-01
-9.999000e+03 -9.999000e+03 -9.999000e+03 -9.999000e+03 -9.999000e+03 -9.999000e+03 -9.999000e+03 -9.999000e+03 -9.999000e+03 -9.999000e+03 -9.999000e+03 -9.999000e+03 -9.999000e+03 -9.999000e+03 8.453124e-01 5.459264e+00 4.058926e+00 1.211487e+00 6.516159e-01 7.440001e-01 2.305046e+00 4.787333e+00 8.245293e-01 1.170422e+00 6.322428e+00 1.207282e+01 8.249845e+00 5.035221e+00 3.063672e+00 8.601863e-01 4.049473e+00 1.452485e+00 1.998101e+00 2.449269e+00 1.641411e+01 3.928085e+00 8.350553e+00 8.200226e-01 8.904301e+00 4.049287e+00 4.074706e+00 4.078420e+00 4.143000e+00 4.102879e+00 4.092139e+00 3.985272e+00 4.001304e+00 4.164057e+00 3.754210e+00 3.021615e+00 8.408996e-01 2.625740e+00
-9.999000e+03 -9.999000e+03 -9.999000e+03 -9.999000e+03 -9.999000e+03 -9.999000e+03 -9.999000e+03 -9.999000e+03 -9.999000e+03 -9.999000e+03 -9.999000e+03 -9.999000e+03 -9.999000e+03 -9.999000e+03 4.421239e+00 1.081087e+00 6.912617e-01 6.901926e-01 6.831353e-01 3.724328e-01 3.000909e+00 2.742259e+00 5.062640e+00 1.495137e+00 1.751323e+00 6.388130e+00 2.001002e+01 5.046249e+00 3.434021e+00 8.654709e-01 1.581651e+00 4.175715e+00 2.105621e+00 2.436672e+00 2.805076e+00 2.001889e+01 8.102641e-01 7.779747e+00 1.493842e+00 1.273009e+01 4.143030e+00 4.160686e+00 4.212620e+00 4.196065e+00 4.188391e+00 4.112484e+00 4.118693e+00 4.221021e+00 3.955884e+00 3.378608e+00 1.548163e+00 8.511654e-01
-9.999000e+03 -9.999000e+03 -9.999000e+03 -9.999000e+03 -9.999000e+03 -9.999000e+03 -9.999000e+03 -9.999000e+03 -9.999000e+03 -9.999000e+03 -9.999000e+03 -9.999000e+03 7.332216e-01 6.613297e-01 4.065566e+00 1.202569e+00 6.960324e-01 4.931142e-01 3.263538e-01 2.566922e+00 2.282045e+00 5.431084e+00 3.168616e+00 5.374802e+00 2.052534e+00 2.260551e+00 2.599930e+01 5.003846e+00 3.730336e+00 1.577618e+00 8.600700e-01 2.189963e+00 4.283807e+00 2.635305e+00 2.931191e+00 3.089779e+00 1.772726e+01 1.479203e+00 7.173402e+00 2.055409e+00 1.444373e+01 4.219277e+00 4.265653e+00 4.265262e+00 4.262747e+00 4.212958e+00 4.217345e+00 4.285070e+00 4.125333e+00 3.683009e+00 2.156286e+00 8.553246e-01
-9.999000e+03 -9.999000e+03 -9.999000e+03 -9.999000e+03 -9.999000e+03 -9.999000e+03 -9.999000e+03 -9.999000e+03 -9.999000e+03 -9.999000e+03 -9.999000e+03 -9.999000e+03 -9.999000e+03 7.245935e-01 1.116821e+00 1.061635e+00 5.614456e-01 2.908404e-01 2.666121e+00 2.571108e+00 2.734587e+00 2.896003e+00 8.346316e+00 1.143460e+01 1.663433e+01 1.842847e+01 2.035266e+01 2.549367e+01 4.902786e+00 3.952863e+00 2.168790e+00 1.565671e+00 2.687415e+00 4.365668e+00 3.064017e+00 3.345599e+00 3.511799e+00 1.595898e+01 2.038712e+00 6.539842e+00 1.366434e+01 4.255953e+00 4.299239e+00 4.311199e+00 4.317640e+00 4.293301e+00 4.303908e+00 4.355214e+00 4.269806e+00 3.942653e+00 2.681834e+00 1.575903e+00
-9.999000e+03 -9.999000e+03 -9.999000e+03 -9.999000e+03 -9.999000e+03 -9.999000e+03 -9.999000e+03 -9.999000e+03 -9.999000e+03 -9.999000e+03 -9.999000e+03 -9.999000e+03 -9.999000e+03 -9.999000e+03 -9.999000e+03 6.308045e-01 1.754212e-01 1.881119e+00 3.753851e+00 4.106105e+00 4.428540e+00 4.628292e+00 4.724281e+00 4.736718e+00 4.683224e+00 4.581026e+00 4.435168e+00 2.433740e+01 4.917043e+01 4.767070e+00 4.108053e+00 2.641297e+00 2.127903e+00 3.072413e+00 4.425948e+00 3.428825e+00 3.695160e+00 3.854386e+00 1.990887e+01 2.637763e+00 1.464791e+01 4.275664e+00 4.319228e+00 4.342721e+00 4.361097e+00 4.361280e+00 4.382813e+00 4.428389e+00 4.393622e+00 4.162984e+00 3.134920e+00 2.193151e+00
-9.999000e+03 -9.999000e+03 -9.999000e+03 -9.999000e+03 -9.999000e+03 -9.999000e+03 -9.999000e+03 -9.999000e+03 -9.999000e+03 -9.999000e+03 -9.999000e+03 -9.999000e+03 -9.999000e+03 -9.999000e+03 -9.999000e+03 -9.999000e+03 2.776012e-01 2.333662e+00 2.702030e+00 3.055171e+00 3.303219e+00 3.452930e+00 3.527764e+00 3.554540e+00 3.555229e+00 3.551365e+00 3.550622e+00 3.550204e+00 3.556787e+00 4.452115e+01 4.539647e+01 5.136315e+01 2.996327e+00 2.568176e+00 3.372718e+00 4.473326e+00 7.914122e+00 1.156085e+01 4.119563e+00 1.963629e+01 3.145490e+00 1.206907e+01 4.335814e+00 4.371487e+00 4.402728e+00 4.424366e+00 4.457287e+00 4.501655e+00 4.499861e+00 4.348208e+00 3.522250e+00 2.720342e+00
-9.999000e+03 -9.999000e+03 -9.999000e+03 -9.999000e+03 -9.999000e+03 -9.999000e+03 -9.999000e+03 -9.999000e+03 -9.999000e+03 -9.999000e+03 -9.999000e+03 -9.999000e+03 -9.999000e+03 -9.999000e+03 -9.999000e+03 -9.999000e+03 1.881818e+00 1.593760e+00 1.879768e+00 2.158476e+00 2.399203e+00 2.447128e+01 2.363890e+01 2.275375e+01 2.182598e+01 2.086246e+01 1.985822e+01 1.880006e+01 1.769198e+01 1.654737e+01 1.535621e+01 1.410267e+01 6.450309e+01 7.512500e+01 7.552595e+01 5.670798e+01 4.792121e+01 4.326857e+01 4.282960e+01 3.940192e+01 3.531197e+01 3.867693e+01 1.619779e+01 4.618394e+00 4.667158e+00 4.470504e+00 4.517370e+00 4.565179e+00 4.586459e+00 4.498386e+00 3.844687e+00 3.161181e+00
-9.999000e+03 -9.999000e+03 -9.999000e+03 -9.999000e+03 -9.999000e+03 -9.999000e+03 -9.999000e+03 -9.999000e+03 -9.999000e+03 -9.999000e+03 -9.999000e+03 -9.999000e+03 -9.999000e+03 -9.999000e+03 -9.999000e+03 1.881834e+00 1.562214e+00 1.801091e+00 1.557143e+01 1.782397e+01 2.283236e+01 2.958420e+00 5.879582e+00 8.798228e+00 8.651686e+00 1.455022e+01 1.735280e+01 2.015335e+01 1.967803e+01 1.914490e+01 1.855153e+01 1.788815e+01 1.714455e+01 1.630394e+01 1.537999e+01 1.440225e+01 4.606268e+01 4.016638e+01 3.145553e+01 2.628021e+01 2.776796e+01 3.690856e+01 4.879046e+01 4.669862e+01 4.033540e+01 4.855448e+00 9.157440e+00 4.604189e+00 4.648046e+00 4.610447e+00 4.098400e+00 3.512675e+00
-9.999000e+03 -9.999000e+03 -9.999000e+03 -9.999000e+03 -9.999000e+03 -9.999000e+03 -9.999000e+03 -9.999000e+03 -9.999000e+03 -9.999000e+03 -9.999000e+03 -9.999000e+03 -9.999000e+03 -9.999000e+03 1.880642e+00 3.752569e+00 1.215335e+01 1.440208e+01 2.588048e+00 5.667178e+00 2.754103e+00 2.869818e+00 2.980601e+00 3.193976e+00 6.143291e+00 3.130954e+00 3.208082e+00 3.032596e+00 3.108451e+00 3.394993e+00 3.626379e+00 1.531751e+01 1.818128e+01 2.110068e+01 2.397813e+01 3.267438e+01 1.998188e+00 2.487783e+00 3.616323e+00 3.564491e+00 3.476629e+00 3.517897e+00 7.468964e+00 1.094772e+01 1.436248e+01 3.723273e+01 3.678352e+01 3.223664e+01 4.843470e+00 9.437796e+00 4.262724e+00 3.760116e+00
-9.999000e+03 -9.999000e+03 -9.999000e+03 -9.999000e+03 -9.999000e+03 -9.999000e+03 -9.999000e+03 -9.999000e+03 -9.999000e+03 -9.999000e+03 -9.999000e+03 -9.999000e+03 -9.999000e+03 -9.999000e+03 1.881514e+00 9.006828e+00 2.805154e+00 2.546674e+00 6.775822e+00 2.463334e+00 2.593537e+00 2.720433e+00 2.987962e+00 2.857518e+00 2.861425e+00 2.959555e+00 2.960225e+00 3.021557e+00 5.989420e+00 8.935768e+00 1.174656e+01 3.047560e+00 3.226573e+00 3.288815e+00 9.186097e+00 1.407353e+00 1.942451e+00 3.270247e+00 3.161125e+00 3.024674e+00 3.061281e+00 3.686116e+00 3.328761e+00 3.374569e+00 3.545777e+00 7.010544e+00 1.001125e+01 1.301243e+01 3.146666e+01 4.527148e+01 5.362023e+01 4.497634e+00
-9.999000e+03 -9.999000e+03 -9.999000e+03 -9.999000e+03 -9.999000e+03 -9.999000e+03 -9.999000e+03 -9.999000e+03 -9.999000e+03 -9.999000e+03 -9.999000e+03 -9.999000e+03 -9.999000e+03 3.751286e+00 8.242774e+00 2.854572e+00 2.481262e+00 7.861012e+00 2.284469e+00 2.460541e+00 2.631561e+00 2.723456e+00 2.788003e+00 2.764746e+00 2.934291e+00 2.890980e+00 2.935250e+00 3.003709e+00 3.086433e+00 3.044559e+00 2.839769e+00 3.102915e+00 3.203178e+00 9.385315e+00 7.872602e-01 1.430780e+00 3.099412e+00 2.919052e+00 2.713363e+00 2.732775e+00 3.278456e+00 2.807372e+00 2.850033e+00 3.050690e+00 3.100591e+00 2.742632e+00 2.843935e+00 2.851376e+00 2.850062e+00 5.612800e+00 8.194017e+00 6.065858e+01
-9.999000e+03 -9.999000e+03 -9.999000e+03 -9.999000e+03 -9.999000e+03 -9.999000e+03 -9.999000e+03 -9.999000e+03 -9.999000e+03 -9.999000e+03 -9.999000e+03 -9.999000e+03 1.880374e+00 5.617081e+00 2.899261e+00 2.431443e+00 8.919142e+00 2.023210e+00 2.261910e+00 2.505958e+00 2.631306e+00 2.712877e+00 2.648361e+00 2.939073e+00 2.820004e+00 2.857317e+00 2.909575e+00 2.981547e+00 2.859035e+00 2.559991e+00 2.924625e+00 3.078000e+00 7.549928e+00 1.944562e+00 7.911607e-01 2.886828e+00 2.623449e+00 2.344892e+00 2.350102e+00 3.049746e+00 2.396075e+00 2.427575e+00 2.464801e+00 2.512507e+00 2.095211e+00 2.221565e+00 2.231979e+00 2.245105e+00 2.328235e+00 2.308411e+00 4.410343e+00 6.874707e+00
-9.999000e+03 -9.999000e+03 -9.999000e+03 -9.999000e+03 -9.999000e+03 -9.999000e+03 -9.999000e+03 -9.999000e+03 -9.999000e+03 -9.999000e+03 -9.999000e+03 -9.999000e+03 3.749588e+00 2.930899e+00 2.425671e+00 9.963006e+00 1.680261e+00 1.989066e+00 2.326746e+00 2.503073e+00 2.617906e+00 2.500114e+00 3.002707e+00 2.747096e+00 2.782316e+00 2.828192e+00 2.888504e+00 2.642342e+00 2.215971e+00 2.699413e+00 2.926350e+00 6.771954e+00 7.948124e-01 1.417235e+00 2.636612e+00 2.267182e+00 1.905607e+00 1.899483e+00 2.795103e+00 1.919786e+00 1.941031e+00 1.971780e+00 2.017050e+00 1.508081e+00 1.508588e+00 1.515285e+00 1.524974e+00 1.634350e+00 1.634470e+00 4.108090e+00 2.264121e+00 2.232353e+00
-9.999000e+03 -9.999000e+03 -9.999000e+03 -9.999000e+03 -9.999000e+03 -9.999000e+03 -9.999000e+03 -9.999000e+03 -9.999000e+03 -9.999000e+03 -9.999000e+03 1.878612e+00 2.995503e+00 2.468794e+00 1.098878e+01 1.244550e+00 1.638327e+00 2.094877e+00 2.336118e+00 2.493215e+00 2.292252e+00 3.128755e+00 2.666134e+00 2.704672e+00 2.752900e+00 2.812488e+00 2.395640e+00 1.809499e+00 2.438345e+00 2.761262e+00 2.403130e+00 4.297541e+00 7.774253e-01 2.347044e+00 1.844854e+00 1.387881e+00 1.376222e+00 2.515850e+00 1.376119e+00 1.385093e+00 1.403654e+00 1.442613e+00 8.232621e-01 8.217345e-01 8.235216e-01 8.282861e-01 8.319972e-01 8.349190e-01 3.717511e+00 1.601278e+00 1.586877e+00 1.583379e+00
-9.999000e+03 -9.999000e+03 -9.999000e+03 -9.999000e+03 -9.999000e+03 -9.999000e+03 -9.999000e+03 -9.999000e+03 -9.999000e+03 -9.999000e+03 1.877865e+00 3.745183e+00 2.564296e+00 1.200529e+01 6.915139e-01 1.199738e+00 1.812865e+00 2.140311e+00 2.352447e+00 2.009270e+00 3.304061e+00 2.566677e+00 2.614619e+00 2.673479e+00 2.741116e+00 2.107348e+00 1.329173e+00 2.134700e+00 2.583771e+00 2.097555e+00 2.068092e+00 2.034517e+00 2.015370e+00 1.339916e+00 7.706406e-01 7.590055e-01 2.202958e+00 7.521714e-01 7.536421e-01 7.577581e-01 7.768572e-01 8.056994e-01 1.474394e+00 2.031766e+00 2.498300e+00 2.890503e+00 3.218618e+00 3.490440e+00 8.241940e-01 8.160111e-01 8.157867e-01 8.954154e-01
-9.999000e+03 -9.999000e+03 -9.999000e+03 -9.999000e+03 -9.999000e+03 -9.999000e+03 -9.999000e+03 -9.999000e+03 -9.999000e+03 -9.999000e+03 1.876572e+00 2.688518e+00 1.189080e+01 1.131388e+00 6.620379e-01 1.484184e+00 1.925492e+00 2.215045e+00 1.650426e+00 3.508171e+00 2.458705e+00 2.515394e+00 2.588273e+00 2.667653e+00 1.748342e+00 7.425412e-01 1.766680e+00 2.370912e+00 1.739859e+00 1.710130e+00 1.672610e+00 1.645127e+00 7.320971e-01 7.586687e-01 1.364012e+00 1.832934e+00 7.382362e-01 1.305073e+00 1.751115e+00 2.110698e+00 7.731368e-01 8.033087e-01 1.467913e+00 2.018287e+00 2.474391e+00 2.853014e+00 3.167121e+00 3.426971e+00 3.636110e+00 3.794549e+00 3.912383e+00 4.004522e+00
-9.999000e+03 -9.999000e+03 -9.999000e+03 -9.999000e+03 -9.999000e+03 -9.999000e+03 -9.999000e+03 -9.999000e+03 -9.999000e+03 1.876721e+00 2.857606e+00 1.146015e+01 1.415160e+00 6.517377e-01 1.110337e+00 1.700023e+00 2.097059e+00 1.209092e+00 3.721266e+00 2.357409e+00 2.418054e+00 2.504197e+00 2.590767e+00 1.300850e+00 7.369609e-01 1.309322e+00 2.100413e+00 1.292927e+00 1.277706e+00 1.244665e+00 1.216125e+00 7.131656e-01 1.278534e+00 1.751705e+00 2.142200e+00 2.447375e+00 2.674763e+00 2.834285e+00 7.519755e-01 7.709972e-01 2.439104e+00 1.428084e+00 1.978368e+00 2.430145e+00 2.796131e+00 3.090308e+00 3.327817e+00 3.522998e+00 3.681604e+00 3.806114e+00 3.900966e+00 3.971538e+00
-9.999000e+03 -9.999000e+03 -9.999000e+03 -9.999000e+03 -9.999000e+03 -9.999000e+03 -9.999000e+03 -9.999000e+03 -9.999000e+03 1.878396e+00 1.052170e+01 1.881383e+00 1.090797e+00 6.441813e-01 1.446658e+00 2.000080e+00 6.739355e-01 3.926075e+00 2.282185e+00 2.337378e+00 2.433700e+00 2.511153e+00 7.314761e-01 7.389402e-01 1.312815e+00 1.754952e+00 7.272259e-01 7.237462e-01 7.117725e-01 6.879648e-01 6.894737e-01 1.239457e+00 1.696112e+00 2.082396e+00 2.404809e+00 2.664515e+00 2.865664e+00 7.593283e-01 2.965433e+00 1.381494e+00 1.416545e+00 2.735414e+00 2.991835e+00 3.201676e+00 3.368074e+00 3.499410e+00 3.604003e+00 3.690354e+00 3.762849e+00 3.824729e+00 3.271906e+01 3.477881e+01
-9.999000e+03 -9.999000e+03 -9.999000e+03 -9.999000e+03 -9.999000e+03 -9.999000e+03 -9.999000e+03 -9.999000e+03 3.747841e+00 2.970777e+00 8.373276e+00 1.741912e+00 6.377036e-01 1.107079e+00 1.891014e+00 2.051126e+00 4.106844e+00 2.241921e+00 2.288356e+00 2.398790e+00 2.434081e+00 1.279806e+00 1.723295e+00 2.079162e+00 2.355568e+00 1.362508e+01 1.538665e+01 1.470050e+01 1.393197e+01 1.306574e+01 1.212641e+01 1.114987e+01 1.014396e+01 9.111801e+00 8.051602e+00 6.960307e+00 5.839162e+00 7.564825e+00 7.229104e+00 9.486414e+00 1.061880e+01 1.173241e+01 1.137330e+01 1.095187e+01 1.047525e+01 9.954384e+00 9.391543e+00 8.786064e+00 8.140612e+00 3.874984e+01 3.882115e+00 3.867709e+00
-9.999000e+03 -9.999000e+03 -9.999000e+03 -9.999000e+03 -9.999000e+03 -9.999000e+03 -9.999000e+03 1.877713e+00 3.745724e+00 7.951901e+00 1.166605e+00 1.498281e+00 6.451908e-01 1.726052e+00 1.944594e+00 2.169265e+00 2.227832e+00 2.273969e+00 2.424031e+00 2.361152e+00 7.207112e-01 7.267182e-01 1.293809e+00 1.014759e+01 1.180177e+01 2.375269e+00 1.760142e+00 2.101215e+00 2.349178e+00 2.507224e+00 2.610527e+00 2.699023e+00 2.787624e+00 2.883769e+00 2.986440e+00 3.087481e+00 3.177183e+00 3.246522e+00 3.301453e+00 3.354126e+00 3.404284e+00 3.447610e+00 3.484054e+00 3.513892e+00 3.540367e+00 3.568298e+00 3.593767e+00 3.609571e+00 5.303254e+01 3.909120e+00 3.894787e+00 3.874130e+00
-9.999000e+03 -9.999000e+03 -9.999000e+03 -9.999000e+03 -9.999000e+03 -9.999000e+03 -9.999000e+03 1.876146e+00 7.723691e-01 7.870100e+00 6.698855e-01 1.140279e+00 1.488499e+00 1.777383e+00 2.105900e+00 2.194910e+00 2.270329e+00 2.530999e+00 2.291291e+00 2.384495e+00 4.697891e+00 6.971274e+00 9.225905e+00 2.100337e+00 2.107923e+00 1.315007e+00 7.426022e-01 1.319271e+00 1.766305e+00 2.098328e+00 2.349429e+00 2.554789e+00 2.726871e+00 2.872319e+00 2.994791e+00 3.094935e+00 3.869803e+01 4.086311e+01 4.303598e+01 4.522075e+01 4.741713e+01 4.962386e+01 5.040410e+01 4.754949e+01 4.761676e+01 4.775823e+01 5.044831e+01 5.793336e+01 3.937103e+00 3.922484e+00 3.900891e+00 3.875496e+00
-9.999000e+03 -9.999000e+03 -9.999000e+03 -9.999000e+03 -9.999000e+03 -9.999000e+03 -9.999000e+03 2.228828e-01 6.788062e+00 1.725580e+00 6.498789e-01 1.137518e+00 1.529476e+00 1.991470e+00 2.120433e+00 2.233846e+00 2.709187e+00 2.210113e+00 2.299092e+00 2.374332e+00 2.456057e+00 2.545270e+00 1.753000e+00 1.757264e+00 7.356238e-01 7.457730e-01 1.331124e+00 1.790649e+00 2.145716e+00 2.410896e+00 2.607868e+00 2.760044e+00 2.878944e+00 3.241444e+01 3.461436e+01 3.681673e+01 3.428512e+00 3.481010e+00 3.529979e+00 3.579731e+00 3.632561e+00 3.695328e+00 3.751620e+00 7.438532e+00 1.107621e+01 1.466603e+01 3.941227e+00 3.950569e+00 3.945079e+00 3.926666e+00 3.904403e+00 3.875572e+00
