tests/data/reference/test_implicit_stream_rill_mfda/control/csheetvout_m3.asc
ncols	123
nrows	77
xllcorner	-713746.79929998
yllcorner	-1061022.36961616
cellsize	10.0
NODATA_value	-9999
[rows 46 to 68 of 77, columns 52 to 103 of 123]
3.850145e+00 3.407902e+00 3.351839e+00 3.292792e+00 3.254556e+00 1.914522e+00 1.921228e+00 1.924628e+00 1.933056e+00 3.187976e+00 2.350018e+00 2.614030e+01 3.568243e+00 2.426733e+00 2.004776e+00 2.002014e+00 3.065312e+00 2.031965e+00 2.069548e+00 2.099729e+00 2.117378e+00 2.137480e+00 2.158973e+00 2.165368e+00 4.100797e+00 0.000000e+00 4.555805e-01 9.045614e-01 1.664535e+00 2.317069e+00 2.864898e+00 0.000000e+00 0.000000e+00 0.000000e+00 4.490767e+00 4.298170e+00 4.276402e+00 8.345556e-01 8.416351e-01 8.428392e-01 8.418278e-01 8.389269e-01 8.343812e-01 8.272058e-01 8.206263e-01 8.147591e-01 8.085379e-01 2.990280e+00 3.474986e+00 3.467345e+00 3.424684e+00 3.468811e+00
3.290793e+00 3.237461e+00 3.169559e+00 3.118480e+00 1.391590e+00 1.397655e+00 1.398844e+00 1.406545e+00 3.011856e+00 1.912536e+00 2.730472e+01 3.531995e+00 1.967953e+00 1.449720e+00 1.444593e+00 2.748425e+00 1.448935e+00 1.474792e+00 1.500916e+00 1.512344e+00 1.521993e+00 1.540909e+00 1.558130e+00 3.947045e+00 8.490540e-01 0.000000e+00 4.689060e-01 1.244371e+00 1.941086e+00 2.561069e+00 3.103163e+00 3.563699e+00 3.977066e+00 0.000000e+00 0.000000e+00 4.286966e+00 4.301641e+00 8.266370e-01 8.385368e-01 8.420835e-01 8.410793e-01 8.373183e-01 8.341297e-01 8.303596e-01 8.272570e-01 8.239687e-01 8.192308e-01 3.235886e+00 3.556583e+00 3.542329e+00 3.524980e+00 3.563864e+00
3.078589e+00 3.018044e+00 2.953649e+00 7.661413e-01 7.730200e-01 7.719239e-01 7.733941e-01 2.800055e+00 1.393427e+00 2.843272e+01 3.525286e+00 1.429662e+00 7.988031e-01 7.950826e-01 2.392975e+00 7.910439e-01 7.977992e-01 8.125094e-01 8.204280e-01 8.223790e-01 8.289979e-01 8.399098e-01 3.764162e+00 1.553016e+00 2.166963e+00 0.000000e+00 4.395450e-01 2.453193e+00 1.000000e+20 3.604511e+00 4.071176e+00 4.463774e+00 4.763454e+00 8.044156e-01 0.000000e+00 4.466521e+00 4.290415e+00 8.169079e-01 8.328915e-01 8.401454e-01 8.405122e-01 8.362493e-01 8.338859e-01 8.325114e-01 8.321909e-01 8.311508e-01 8.275582e-01 3.448260e+00 3.644790e+00 3.627484e+00 3.627226e+00 3.665327e+00
2.794448e+00 2.740734e+00 7.557119e-01 1.358543e+00 1.847097e+00 2.238454e+00 2.547643e+00 7.673646e-01 2.951268e+01 3.539182e+00 7.858057e-01 7.939005e-01 1.438029e+00 1.963848e+00 7.912259e-01 1.429130e+00 1.957383e+00 2.403509e+00 2.778908e+00 3.089619e+00 3.346853e+00 3.562839e+00 8.364356e-01 8.519455e-01 4.977466e+00 0.000000e+00 1.302482e+00 1.839538e+00 2.539294e+00 3.153023e+00 3.690829e+00 4.153032e+00 4.528597e+00 4.969716e+00 0.000000e+00 0.000000e+00 4.246041e+00 8.068004e-01 8.249148e-01 8.359649e-01 8.391183e-01 8.361530e-01 8.345270e-01 8.343408e-01 8.360126e-01 8.368485e-01 8.339615e-01 3.634712e+00 3.741998e+00 3.722704e+00 3.730203e+00 3.764191e+00
2.431346e+00 1.414874e+01 1.351699e+01 1.281022e+01 1.203508e+01 1.119640e+01 1.029637e+01 3.054078e+01 3.559365e+00 7.771755e-01 1.406251e+00 1.926279e+00 2.355033e+00 2.702418e+00 2.980576e+00 3.201429e+00 3.378369e+00 3.525041e+00 3.647308e+00 3.747963e+00 3.831165e+00 3.900385e+00 3.966141e+00 4.040405e+00 5.222589e+00 0.000000e+00 1.160068e+00 8.528691e-01 1.672078e+00 2.393179e+00 3.030764e+00 3.589885e+00 4.063342e+00 8.828409e+00 5.092525e+00 0.000000e+00 4.417736e+00 7.998001e-01 8.181578e-01 8.310426e-01 8.362580e-01 8.353710e-01 8.349663e-01 8.350838e-01 1.530816e+00 1.534870e+00 8.392653e-01 3.801076e+00 3.847050e+00 3.825431e+00 3.833342e+00 3.858249e+00
1.469688e+01 3.743704e+00 7.332545e+00 7.963068e+00 1.142837e+01 1.789379e+01 2.121549e+01 3.571342e+00 3.409029e+00 3.454962e+00 3.486564e+00 3.509547e+00 3.530568e+00 3.553109e+00 3.579458e+00 3.611078e+00 7.143914e+00 7.004807e+00 6.829897e+00 6.622742e+00 6.382795e+00 6.106687e+00 5.807111e+00 5.504586e+00 3.817181e+00 0.000000e+00 8.494096e-01 1.568052e+00 2.189350e+00 2.871147e+00 3.472683e+00 4.000558e+00 4.449940e+00 4.805621e+00 8.949598e+00 0.000000e+00 0.000000e+00 8.633848e-01 8.142544e-01 8.270607e-01 8.330729e-01 8.339298e-01 8.351641e-01 8.352823e-01 2.116748e+00 2.126084e+00 8.431324e-01 3.952265e+00 3.957188e+00 3.932159e+00 3.936767e+00 3.949680e+00
3.659841e+00 3.652858e+00 7.899684e-01 3.730568e+00 6.874662e+00 3.837716e+00 3.551907e+00 3.339198e+00 3.563673e+00 3.590804e+00 3.607805e+00 3.614035e+00 3.614962e+00 3.615881e+00 3.619777e+00 3.629038e+00 8.019708e-01 1.470001e+00 2.038534e+00 2.523277e+00 2.924829e+00 3.233502e+00 3.467121e+00 3.653874e+00 8.277974e-01 0.000000e+00 1.240770e+00 1.930898e+00 2.527718e+00 3.046677e+00 3.657283e+00 4.187089e+00 4.638037e+00 5.005234e+00 5.072472e+00 9.009417e+00 0.000000e+00 1.587915e+00 8.142669e-01 8.234370e-01 8.279809e-01 8.290475e-01 8.321548e-01 1.527074e+00 2.612141e+00 2.627759e+00 1.547534e+00 4.091015e+00 4.070640e+00 4.040948e+00 4.039156e+00 4.039324e+00
3.521302e+00 3.529360e+00 3.661150e+00 7.045602e+00 3.857610e+00 3.481703e+00 3.221058e+00 3.520555e+00 3.702156e+00 7.021376e+00 6.898600e+00 6.711476e+00 6.464739e+00 6.166124e+00 5.826435e+00 5.458942e+00 5.083690e+00 4.725574e+00 4.410940e+00 4.178002e+00 4.058422e+00 4.024052e+00 7.857753e+00 8.494579e+00 8.312013e+00 0.000000e+00 1.330297e+00 2.005710e+00 2.596154e+00 3.114091e+00 3.562318e+00 4.115397e+00 4.586583e+00 4.983231e+00 5.298098e+00 1.402071e+01 0.000000e+00 0.000000e+00 8.914563e-01 8.215189e-01 8.212612e-01 8.201992e-01 1.512901e+00 2.107420e+00 3.030094e+00 3.053204e+00 2.146647e+00 4.218132e+00 4.185397e+00 4.150524e+00 4.139028e+00 4.127855e+00
3.343806e+00 3.773139e+00 7.133195e+00 3.850799e+00 3.357348e+00 3.041438e+00 3.437327e+00 3.691244e+00 3.383030e+00 3.737109e+00 3.775281e+00 3.806471e+00 3.824663e+00 3.824291e+00 3.809445e+00 3.789157e+00 3.773649e+00 3.774112e+00 3.796529e+00 3.844040e+00 3.903746e+00 3.945925e+00 7.920110e-01 8.163623e-01 1.504570e+00 0.000000e+00 1.287216e+00 1.982043e+00 2.585744e+00 2.278579e+00 2.642529e+00 4.555795e+00 5.045792e+00 5.450836e+00 9.578320e+00 1.919572e+01 1.900000e+21 0.000000e+00 9.018795e-01 8.984723e-01 8.234168e-01 8.218390e-01 2.084827e+00 2.598603e+00 3.382795e+00 3.413362e+00 2.657683e+00 4.332953e+00 4.296998e+00 4.258341e+00 4.236330e+00 4.215307e+00
3.670407e+00 3.351200e+00 3.805819e+00 3.167954e+00 2.794521e+00 3.301766e+00 3.657264e+00 3.223003e+00 3.700124e+00 8.037548e-01 7.220672e+00 1.046589e+01 1.031079e+01 1.660846e+01 2.006284e+01 1.961802e+01 1.910388e+01 1.853116e+01 1.790694e+01 1.723642e+01 1.651078e+01 1.570867e+01 1.484588e+01 1.395330e+01 0.000000e+00 0.000000e+00 8.762172e-01 2.240000e+22 2.380000e+22 2.380000e+22 3.293109e+00 3.705636e+00 4.052872e+00 4.540196e+00 4.948793e+00 1.096740e+01 1.992443e+01 0.000000e+00 9.121729e-01 9.076784e-01 8.332262e-01 1.511676e+00 2.577234e+00 3.020458e+00 3.682128e+00 3.717844e+00 3.092694e+00 4.434051e+00 4.400325e+00 4.361234e+00 4.331337e+00 4.301514e+00
3.090908e+00 3.724288e+00 2.889318e+00 2.465500e+00 3.104918e+00 3.586178e+00 3.010207e+00 3.664082e+00 3.247609e+00 6.394811e+00 3.315976e+00 3.340019e+00 6.563259e+00 3.820870e+00 3.538213e+00 6.957489e+00 6.933430e+00 6.847831e+00 6.711910e+00 6.534579e+00 6.314620e+00 6.044783e+00 5.743767e+00 5.440434e+00 0.000000e+00 4.232839e-01 1.163949e+00 1.000000e+20 1.000000e+20 2.941665e+00 3.389839e+00 3.775730e+00 4.105247e+00 4.383972e+00 4.814534e+00 1.001683e+01 1.788459e+01 0.000000e+00 0.000000e+00 9.253412e-01 1.641560e+00 2.108938e+00 3.005306e+00 3.383789e+00 3.935077e+00 3.973506e+00 3.461718e+00 4.521535e+00 4.491478e+00 4.453938e+00 4.419220e+00 4.381998e+00
3.631728e+00 2.512310e+00 2.030901e+00 2.833587e+00 3.470288e+00 2.729164e+00 3.613592e+00 3.012776e+00 3.046300e+00 3.069449e+00 3.086558e+00 3.106210e+00 3.756752e+00 3.352971e+00 3.368435e+00 3.807699e+00 7.195990e+00 1.054189e+01 1.176799e+01 1.187596e+01 1.367965e+01 1.416236e+01 1.370387e+01 1.319596e+01 0.000000e+00 4.260362e-01 1.165636e+00 1.830080e+00 1.000000e+20 2.913407e+00 3.347970e+00 3.727500e+00 4.056606e+00 4.337884e+00 4.778282e+00 5.143467e+00 1.337775e+01 1.800899e+01 0.000000e+00 1.746208e+00 2.369546e+00 2.634484e+00 3.379738e+00 3.696373e+00 4.146788e+00 4.185667e+00 3.773159e+00 4.596479e+00 4.567592e+00 4.530219e+00 4.492310e+00 4.449121e+00
2.045465e+00 1.483501e+00 2.472049e+00 3.298839e+00 2.371667e+00 3.545355e+00 2.714907e+00 2.745859e+00 2.767845e+00 2.780251e+00 2.790481e+00 3.673836e+00 3.100620e+00 3.122744e+00 3.722637e+00 3.369618e+00 3.405499e+00 3.832936e+00 3.654117e+00 7.245115e+00 7.292725e+00 7.276791e+00 7.206859e+00 7.092518e+00 0.000000e+00 4.274777e-01 1.165382e+00 1.000000e+20 2.396474e+00 2.888749e+00 2.461144e+00 2.148386e+00 2.230739e+00 2.115202e+00 2.419233e+00 3.136921e+00 4.678215e+00 9.583071e+00 0.000000e+00 0.000000e+00 3.022358e+00 3.252408e+00 3.704611e+00 3.962410e+00 4.321509e+00 4.358269e+00 4.031377e+00 4.658180e+00 4.628059e+00 4.589458e+00 4.550172e+00 4.502345e+00
8.229201e-01 2.027881e+00 3.069789e+00 1.928264e+00 3.454534e+00 2.351734e+00 2.378891e+00 2.397193e+00 2.408536e+00 2.414216e+00 3.595114e+00 2.779755e+00 2.808019e+00 3.630462e+00 3.107625e+00 3.136184e+00 3.710627e+00 3.414625e+00 3.473134e+00 3.540831e+00 6.751320e+00 7.720375e+00 6.917474e+00 3.863297e+00 0.000000e+00 9.010678e-01 1.628135e+00 2.921079e+00 2.572963e+00 2.615811e+00 2.717838e+00 1.940629e+00 1.702890e+00 2.253968e+00 2.270437e+00 1.516888e+00 2.228176e+00 5.008462e+00 1.117293e+01 0.000000e+00 0.000000e+00 3.793867e+00 4.176817e+00 4.183977e+00 4.462409e+00 4.494529e+00 4.239076e+00 4.704978e+00 4.673032e+00 4.633677e+00 4.595946e+00 4.545345e+00
1.490640e+00 2.790714e+00 1.398078e+00 3.334884e+00 1.911121e+00 1.939340e+00 1.954057e+00 1.960923e+00 1.962289e+00 3.530055e+00 2.396414e+00 2.422274e+00 3.536016e+00 2.787539e+00 2.811564e+00 3.587803e+00 3.129442e+00 3.180205e+00 3.240517e+00 3.011077e+00 8.453097e-01 8.456133e-01 2.655957e+00 8.601842e-01 0.000000e+00 8.881417e-01 1.618847e+00 2.616757e+00 3.106312e+00 2.185335e+00 1.578967e+00 1.591864e+00 1.605415e+00 1.616711e+00 1.630000e+00 1.647621e+00 1.655143e+00 2.424155e+00 3.053431e+00 1.491747e+01 0.000000e+00 0.000000e+00 4.573253e+00 4.358363e+00 4.570392e+00 4.598156e+00 4.402046e+00 4.738657e+00 4.704718e+00 4.663515e+00 4.626668e+00 4.574170e+00
2.438431e+00 7.755024e-01 3.186342e+00 1.381207e+00 1.408215e+00 1.423474e+00 1.429766e+00 1.426029e+00 3.482355e+00 1.939630e+00 1.963242e+00 3.451884e+00 2.399193e+00 2.419018e+00 3.470367e+00 2.791673e+00 2.835405e+00 2.887831e+00 2.585327e+00 8.436348e-01 1.547757e+00 2.141908e+00 8.464589e-01 1.565696e+00 0.000000e+00 1.336412e+00 2.029424e+00 2.615684e+00 1.570711e+00 8.548397e-01 8.577676e-01 8.631887e-01 8.692739e-01 8.750152e-01 8.825620e-01 8.920476e-01 1.442551e+00 1.505011e+00 3.138107e+00 8.200329e+00 2.009117e+01 0.000000e+00 4.871211e+00 4.695320e+00 4.643571e+00 4.672095e+00 4.526569e+00 4.762291e+00 4.726949e+00 4.680617e+00 4.639114e+00 8.301277e-01
2.742958e+00 3.004057e+00 7.565639e-01 7.710059e-01 7.818209e-01 7.884668e-01 7.880149e-01 3.461592e+00 1.400153e+00 1.415609e+00 3.386503e+00 1.940892e+00 1.952925e+00 3.366967e+00 2.390443e+00 2.428149e+00 2.473275e+00 2.087407e+00 8.416944e-01 1.546603e+00 2.145375e+00 2.649389e+00 3.077586e+00 3.449209e+00 0.000000e+00 1.354107e+00 2.036854e+00 8.550634e-01 8.522206e-01 1.566410e+00 2.177073e+00 2.702168e+00 3.156749e+00 3.553311e+00 3.902012e+00 2.046646e+00 8.914048e-01 8.939806e-01 1.648463e+00 2.390318e+00 2.967081e+00 0.000000e+00 0.000000e+00 4.945973e+00 4.681842e+00 4.717652e+00 4.614719e+00 4.772940e+00 4.736408e+00 4.681579e+00 8.250206e-01 3.067600e+00
3.414191e+00 3.476188e+00 3.498416e+00 3.498352e+00 3.487050e+00 3.474691e+00 3.463741e+00 7.702761e-01 7.718542e-01 3.344505e+00 1.403199e+00 1.410756e+00 3.293383e+00 1.923045e+00 1.952576e+00 1.988850e+00 1.502565e+00 8.387461e-01 1.541728e+00 2.141993e+00 2.653368e+00 3.082530e+00 3.443083e+00 3.750457e+00 0.000000e+00 1.341901e+00 2.021671e+00 2.599128e+00 3.086552e+00 3.495219e+00 3.834157e+00 4.110943e+00 4.335958e+00 4.520369e+00 4.674284e+00 4.807074e+00 2.342903e+00 1.638803e+00 1.714935e+00 1.998686e+00 4.494224e+00 1.344195e+01 0.000000e+00 0.000000e+00 4.929956e+00 4.735369e+00 8.330774e-01 4.764759e+00 4.726355e+00 8.232541e-01 3.068080e+00 2.653461e+00
2.666925e+00 2.903245e+00 3.069375e+00 3.181202e+00 3.253029e+00 3.298693e+00 3.324677e+00 3.332058e+00 3.330054e+00 7.690470e-01 7.743401e-01 3.255075e+00 1.386778e+00 1.403674e+00 1.427327e+00 8.178354e-01 8.294125e-01 1.526132e+00 2.123027e+00 2.634439e+00 3.069597e+00 3.434153e+00 3.737421e+00 3.989980e+00 0.000000e+00 1.332498e+00 2.013846e+00 2.598509e+00 3.096575e+00 3.515207e+00 3.861702e+00 4.142229e+00 4.365489e+00 4.541328e+00 4.681275e+00 4.797092e+00 4.895869e+00 3.120801e+00 8.842055e-01 8.821227e-01 1.616411e+00 2.326525e+00 1.187637e+01 0.000000e+00 5.167902e+00 4.971197e+00 8.288827e-01 8.236836e-01 8.212254e-01 8.282525e-01 2.664021e+00 2.157630e+00
1.870055e+00 2.243693e+00 2.540010e+00 2.771236e+00 2.947263e+00 3.075760e+00 3.163253e+00 3.215238e+00 3.239789e+00 3.246208e+00 3.243833e+00 7.617558e-01 7.686258e-01 7.771452e-01 7.925484e-01 1.454773e+00 2.024132e+00 2.519048e+00 2.947868e+00 3.314889e+00 3.624631e+00 3.880872e+00 8.076985e+00 8.477933e+00 0.000000e+00 1.436724e+00 2.101346e+00 2.681187e+00 3.180566e+00 3.602451e+00 3.951864e+00 4.233208e+00 4.453178e+00 4.619523e+00 4.743226e+00 4.836997e+00 4.910217e+00 4.970879e+00 4.747988e+00 2.390785e+00 3.388495e+00 6.191331e+00 6.478575e+00 0.000000e+00 0.000000e+00 5.136249e+00 8.261932e-01 8.258660e-01 8.244223e-01 3.104141e+00 2.676284e+00 2.158051e+00
7.410873e-01 1.335423e+00 1.823136e+00 2.222976e+00 2.544079e+00 2.789179e+00 2.967536e+00 3.091896e+00 3.168257e+00 3.197889e+00 3.194078e+00 3.177254e+00 3.164882e+00 3.171255e+00 3.209149e+00 3.286263e+00 3.400261e+00 3.543754e+00 3.703090e+00 3.863249e+00 4.012968e+00 4.143826e+00 8.386589e-01 0.000000e+00 0.000000e+00 1.192816e+00 1.893730e+00 2.503470e+00 3.031595e+00 3.482225e+00 3.859737e+00 4.167004e+00 4.409073e+00 4.591717e+00 4.723265e+00 4.814153e+00 4.877459e+00 4.926006e+00 4.967573e+00 3.966105e+00 2.821434e+00 4.855974e+00 6.096696e+00 6.304024e+00 0.000000e+00 0.000000e+00 1.590745e+00 8.314768e-01 8.381843e-01 8.470138e-01 8.541634e-01 1.570855e+00
-9.999000e+03 -9.999000e+03 -9.999000e+03 -9.999000e+03 -9.999000e+03 -9.999000e+03 -9.999000e+03 7.662921e-01 7.600241e-01 7.415980e-01 7.329799e-01 7.406870e-01 1.335471e+00 1.835407e+00 2.263557e+00 2.634242e+00 2.959445e+00 3.249321e+00 3.504873e+00 3.723603e+00 3.905272e+00 4.049317e+00 4.166781e+00 0.000000e+00 4.474689e-01 1.167599e+00 1.819856e+00 2.404542e+00 2.923560e+00 3.377339e+00 3.766372e+00 4.089650e+00 4.348918e+00 4.546443e+00 4.687147e+00 4.778236e+00 4.834628e+00 4.873271e+00 4.903638e+00 4.933370e+00 3.334519e+00 2.428259e+00 4.722808e+00 6.278951e+00 6.486176e+00 0.000000e+00 0.000000e+00 9.084913e-01 8.525119e-01 8.580176e-01 8.606858e-01 8.601630e-01
-9.999000e+03 -9.999000e+03 -9.999000e+03 -9.999000e+03 -9.999000e+03 -9.999000e+03 -9.999000e+03 -9.999000e+03 -9.999000e+03 -9.999000e+03 1.317056e+00 1.313267e+00 7.612676e-01 7.864706e-01 1.435323e+00 1.978578e+00 2.440084e+00 2.839422e+00 3.181081e+00 3.464363e+00 3.693178e+00 3.871799e+00 4.015745e+00 0.000000e+00 4.463386e-01 1.163619e+00 1.811603e+00 2.393144e+00 2.911864e+00 2.906818e+00 3.922104e+00 4.232688e+00 4.482094e+00 4.670728e+00 4.801191e+00 4.878903e+00 4.916446e+00 4.929603e+00 4.931069e+00 4.932648e+00 4.941419e+00 2.550823e+00 3.148914e+00 5.795756e+00 6.112318e+00 6.301050e+00 0.000000e+00 0.000000e+00 8.591314e-01 8.661533e-01 -9.999000e+03 -9.999000e+03
