tests/data/reference/test_implicit_stream_rill_mfda/control/csheetvout_m3.asc
ncols	123
nrows	77
xllcorner	-713746.79929998
yllcorner	-1061022.36961616
cellsize	10.0
NODATA_value	-9999
[rows 46 to 68 of 77, columns 52 to 103 of 123]
3.932538e+00 3.471182e+00 3.414764e+00 3.356693e+00 3.320016e+00 1.961762e+00 1.968547e+00 1.972143e+00 1.980746e+00 3.256279e+00 2.403579e+00 2.651763e+01 3.657037e+00 2.482492e+00 2.055096e+00 2.052465e+00 3.130398e+00 2.084554e+00 2.123525e+00 2.154400e+00 2.172689e+00 2.193852e+00 2.215929e+00 2.221677e+00 4.192007e+00 0.000000e+00 4.694111e-01 9.331610e-01 1.711629e+00 2.375046e+00 2.928671e+00 0.000000e+00 0.000000e+00 0.000000e+00 4.583404e+00 4.392737e+00 4.369069e+00 8.608965e-01 8.682705e-01 8.695244e-01 8.684712e-01 8.654501e-01 8.607151e-01 8.532516e-01 8.464034e-01 8.402894e-01 8.338055e-01 3.052446e+00 3.555556e+00 3.550934e+00 3.505216e+00 3.554552e+00
3.351763e+00 3.296424e+00 3.227660e+00 3.177778e+00 1.429717e+00 1.435864e+00 1.437170e+00 1.445275e+00 3.075359e+00 1.959519e+00 2.770285e+01 3.617346e+00 2.016789e+00 1.490028e+00 1.484739e+00 2.806389e+00 1.489514e+00 1.516698e+00 1.543845e+00 1.555668e+00 1.565843e+00 1.585694e+00 1.603563e+00 4.034450e+00 8.759992e-01 0.000000e+00 4.847733e-01 1.283662e+00 1.996542e+00 2.627113e+00 3.176011e+00 3.640515e+00 4.071766e+00 0.000000e+00 0.000000e+00 4.379882e+00 4.394555e+00 8.526599e-01 8.650437e-01 8.687374e-01 8.676917e-01 8.637742e-01 8.604534e-01 8.565322e-01 8.533049e-01 8.498831e-01 8.449501e-01 3.303609e+00 3.640013e+00 3.627553e+00 3.608699e+00 3.651522e+00
3.137024e+00 3.074089e+00 3.008565e+00 7.896348e-01 7.968028e-01 7.956612e-01 7.971924e-01 2.858229e+00 1.431615e+00 2.884465e+01 3.606632e+00 1.469279e+00 8.236647e-01 8.197838e-01 2.446060e+00 8.155800e-01 8.226175e-01 8.379424e-01 8.461970e-01 8.482285e-01 8.551157e-01 8.664738e-01 3.845091e+00 1.598262e+00 2.223755e+00 0.000000e+00 4.766737e-01 2.675430e+00 3.273637e+00 3.798774e+00 4.255106e+00 4.638267e+00 4.927064e+00 8.286043e-01 0.000000e+00 4.560899e+00 4.382588e+00 8.425295e-01 8.591655e-01 8.667191e-01 8.671011e-01 8.626602e-01 8.601998e-01 8.587701e-01 8.584368e-01 8.573552e-01 8.536182e-01 3.521690e+00 3.731350e+00 3.714727e+00 3.713526e+00 3.754070e+00
2.850427e+00 2.794658e+00 7.787734e-01 1.395156e+00 1.891466e+00 2.287840e+00 2.601064e+00 7.909104e-01 2.993395e+01 3.616076e+00 8.101239e-01 8.185534e-01 1.477823e+00 2.011817e+00 8.157695e-01 1.468490e+00 2.005398e+00 2.458037e+00 2.838992e+00 3.154374e+00 3.416053e+00 3.636788e+00 8.628543e-01 8.790102e-01 5.098594e+00 0.000000e+00 1.495127e+00 1.913547e+00 2.621001e+00 3.239763e+00 3.781999e+00 4.247362e+00 4.623695e+00 5.123527e+00 0.000000e+00 0.000000e+00 4.337312e+00 8.319970e-01 8.508678e-01 8.623638e-01 8.656494e-01 8.625598e-01 8.608667e-01 8.606730e-01 8.624134e-01 8.632845e-01 8.602784e-01 3.713647e+00 3.831831e+00 3.812384e+00 3.818723e+00 3.853542e+00
2.484334e+00 1.434280e+01 1.369540e+01 1.297178e+01 1.218669e+01 1.134631e+01 1.044769e+01 3.097782e+01 3.631849e+00 8.011291e-01 1.444808e+00 1.973444e+00 2.407945e+00 2.759649e+00 3.041688e+00 3.266396e+00 3.447517e+00 3.598981e+00 3.725891e+00 3.830398e+00 3.916742e+00 3.988492e+00 4.057135e+00 4.135273e+00 5.353986e+00 0.000000e+00 1.219049e+00 8.799725e-01 1.720478e+00 2.455719e+00 3.102775e+00 3.668341e+00 4.145114e+00 8.983112e+00 5.239054e+00 0.000000e+00 4.512709e+00 8.247041e-01 8.438321e-01 8.572427e-01 8.626693e-01 8.617448e-01 8.613237e-01 8.614458e-01 1.574664e+00 1.578939e+00 8.658026e-01 3.885196e+00 3.939904e+00 3.917601e+00 3.924009e+00 3.948499e+00
1.489861e+01 3.818830e+00 7.462225e+00 8.097622e+00 1.160820e+01 1.815407e+01 2.152980e+01 3.640563e+00 3.475910e+00 3.526245e+00 3.562349e+00 3.588932e+00 3.612576e+00 3.636800e+00 3.664247e+00 3.696806e+00 7.299744e+00 7.149242e+00 6.969503e+00 6.760089e+00 6.517452e+00 6.237534e+00 5.935278e+00 5.632880e+00 3.893944e+00 0.000000e+00 8.763695e-01 1.613733e+00 2.246886e+00 2.939481e+00 3.549437e+00 4.083773e+00 4.536938e+00 4.893187e+00 9.088304e+00 0.000000e+00 0.000000e+00 8.901612e-01 8.397630e-01 8.531006e-01 8.593542e-01 8.602455e-01 8.615294e-01 8.616524e-01 2.170685e+00 2.180529e+00 8.698296e-01 4.041164e+00 4.052596e+00 4.026584e+00 4.029716e+00 4.041634e+00
3.732879e+00 3.725695e+00 8.144601e-01 3.804269e+00 6.985107e+00 3.920758e+00 3.618683e+00 3.403053e+00 3.634971e+00 3.666608e+00 3.687830e+00 3.696616e+00 3.698960e+00 3.700715e+00 3.705168e+00 3.715019e+00 8.269666e-01 1.511428e+00 2.090268e+00 2.581970e+00 2.987951e+00 3.298211e+00 3.533469e+00 3.724173e+00 8.538670e-01 0.000000e+00 1.332155e+00 2.033629e+00 2.632363e+00 3.150500e+00 3.764367e+00 4.296745e+00 4.748650e+00 5.115049e+00 5.160578e+00 9.166039e+00 0.000000e+00 1.631785e+00 8.397760e-01 8.493298e-01 8.540579e-01 8.551673e-01 8.583993e-01 1.570715e+00 2.672235e+00 2.688565e+00 1.592156e+00 4.184139e+00 4.168302e+00 4.137480e+00 4.134385e+00 4.133540e+00
3.591197e+00 3.599757e+00 3.734071e+00 7.162535e+00 3.941527e+00 3.545610e+00 3.282104e+00 3.588755e+00 3.781044e+00 7.153558e+00 7.021242e+00 6.830229e+00 6.581919e+00 6.281831e+00 5.940900e+00 5.573477e+00 5.200437e+00 4.846458e+00 4.536193e+00 4.304903e+00 4.179255e+00 4.132911e+00 8.034947e+00 8.673490e+00 8.475873e+00 0.000000e+00 1.687704e+00 2.286242e+00 2.834221e+00 3.321210e+00 3.746098e+00 4.288341e+00 4.750224e+00 5.138969e+00 5.407605e+00 1.425102e+01 0.000000e+00 0.000000e+00 9.194786e-01 8.473330e-01 8.470646e-01 8.459586e-01 1.555772e+00 2.160826e+00 3.094884e+00 3.118860e+00 2.201933e+00 4.314730e+00 4.285169e+00 4.249156e+00 4.236408e+00 4.224578e+00
3.410953e+00 3.855165e+00 7.266335e+00 3.937442e+00 3.419161e+00 3.099487e+00 3.502732e+00 3.767296e+00 3.450228e+00 3.823245e+00 3.863593e+00 3.895539e+00 3.913308e+00 3.911790e+00 3.896176e+00 3.876072e+00 3.861811e+00 3.864544e+00 3.889713e+00 3.939970e+00 4.000515e+00 4.039795e+00 8.165867e-01 8.419608e-01 1.547569e+00 0.000000e+00 1.414704e+00 2.114940e+00 2.715818e+00 2.497131e+00 2.824242e+00 4.624111e+00 5.099536e+00 5.498307e+00 9.810780e+00 1.951117e+01 9.468898e-01 0.000000e+00 9.303593e-01 9.268002e-01 8.493088e-01 8.476662e-01 2.137291e+00 2.658170e+00 3.452140e+00 3.483586e+00 2.719565e+00 4.432226e+00 4.398519e+00 4.358945e+00 4.335831e+00 4.314494e+00
3.749629e+00 3.420557e+00 3.895338e+00 3.229301e+00 2.850232e+00 3.364626e+00 3.730956e+00 3.287043e+00 3.783747e+00 8.288253e-01 7.341899e+00 1.062580e+01 1.045112e+01 1.682795e+01 2.033352e+01 1.987048e+01 1.935363e+01 1.878015e+01 1.814827e+01 1.746164e+01 1.671563e+01 1.589744e+01 1.503077e+01 1.414341e+01 0.000000e+00 0.000000e+00 9.050714e-01 1.658371e+00 2.309454e+00 2.876575e+00 3.367089e+00 3.783158e+00 4.133342e+00 4.627194e+00 5.040746e+00 1.111645e+01 2.024991e+01 0.000000e+00 9.411000e-01 9.364140e-01 8.595136e-01 1.554898e+00 2.636714e+00 3.085561e+00 3.756420e+00 3.792761e+00 3.159489e+00 4.535258e+00 4.503050e+00 4.463523e+00 4.432990e+00 4.402957e+00
3.156860e+00 3.814361e+00 2.949634e+00 2.519491e+00 3.165791e+00 3.657561e+00 3.071608e+00 3.745825e+00 3.313921e+00 6.508371e+00 3.383851e+00 3.408731e+00 6.680727e+00 3.909969e+00 3.608376e+00 7.078013e+00 7.042185e+00 6.953405e+00 6.818346e+00 6.642403e+00 6.422928e+00 6.152938e+00 5.854254e+00 5.557159e+00 0.000000e+00 4.408701e-01 1.203172e+00 1.889248e+00 2.491065e+00 3.014176e+00 3.466685e+00 3.856213e+00 4.189266e+00 4.471592e+00 4.907426e+00 1.018273e+01 1.820656e+01 0.000000e+00 0.000000e+00 9.548420e-01 1.688747e+00 2.163574e+00 3.071195e+00 3.454473e+00 4.014371e+00 4.053085e+00 3.533007e+00 4.624275e+00 4.594970e+00 4.557307e+00 4.522412e+00 4.484921e+00
3.720880e+00 2.569455e+00 2.080971e+00 2.892296e+00 3.539417e+00 2.787524e+00 3.692612e+00 3.075699e+00 3.109728e+00 3.133152e+00 3.150749e+00 3.171339e+00 3.847205e+00 3.421504e+00 3.436198e+00 3.896735e+00 7.336703e+00 1.072262e+01 1.224190e+01 1.244989e+01 1.455082e+01 1.417467e+01 1.372363e+01 1.321965e+01 0.000000e+00 4.459450e-01 1.205440e+00 1.885681e+00 2.476669e+00 2.984281e+00 3.423012e+00 3.807068e+00 4.140855e+00 4.426435e+00 4.873068e+00 5.242580e+00 1.383504e+01 1.833882e+01 0.000000e+00 1.798025e+00 2.432298e+00 2.697666e+00 3.451929e+00 3.772572e+00 4.230777e+00 4.269627e+00 3.848912e+00 4.700660e+00 4.671552e+00 4.633816e+00 4.595864e+00 4.552245e+00
2.097488e+00 1.524913e+00 2.526587e+00 3.364552e+00 2.425975e+00 3.620861e+00 2.773557e+00 2.804905e+00 2.827357e+00 2.839993e+00 2.850702e+00 3.763632e+00 3.166179e+00 3.187742e+00 3.811612e+00 3.439060e+00 3.475780e+00 3.924061e+00 3.730423e+00 7.378859e+00 7.412945e+00 7.390968e+00 7.320208e+00 7.207016e+00 0.000000e+00 4.471148e-01 1.205438e+00 1.879311e+00 2.461012e+00 2.958513e+00 2.552608e+00 2.274430e+00 2.415352e+00 2.163830e+00 2.412260e+00 3.295204e+00 4.952699e+00 1.007430e+01 0.000000e+00 0.000000e+00 3.096303e+00 3.325369e+00 3.782565e+00 4.043627e+00 4.409739e+00 4.446173e+00 4.111253e+00 4.763587e+00 4.732465e+00 4.693091e+00 4.653727e+00 4.605286e+00
8.487918e-01 2.077383e+00 3.130811e+00 1.976051e+00 3.525655e+00 2.405695e+00 2.432849e+00 2.451476e+00 2.463225e+00 2.469377e+00 3.683797e+00 2.840617e+00 2.869076e+00 3.719323e+00 3.173238e+00 3.202318e+00 3.800776e+00 3.486610e+00 3.546163e+00 3.614906e+00 6.876259e+00 7.853682e+00 7.165366e+00 4.050980e+00 0.000000e+00 9.723230e-01 1.707024e+00 3.178594e+00 2.657705e+00 2.717128e+00 2.782192e+00 2.014001e+00 1.743453e+00 2.314595e+00 2.331707e+00 1.538486e+00 2.283145e+00 5.319379e+00 1.173381e+01 0.000000e+00 0.000000e+00 3.874624e+00 4.262327e+00 4.269363e+00 4.554438e+00 4.585981e+00 4.322405e+00 4.811192e+00 4.777954e+00 4.737682e+00 4.699943e+00 4.648646e+00
1.532599e+00 2.848783e+00 1.436214e+00 3.400483e+00 1.958794e+00 1.987426e+00 2.002256e+00 2.009198e+00 2.010873e+00 3.617366e+00 2.451986e+00 2.478187e+00 3.623730e+00 2.848883e+00 2.873492e+00 3.677145e+00 3.196976e+00 3.248557e+00 3.309818e+00 3.076752e+00 8.720988e-01 8.724151e-01 2.717970e+00 8.875883e-01 0.000000e+00 9.187333e-01 1.668341e+00 2.756197e+00 3.274961e+00 2.242269e+00 1.625133e+00 1.638742e+00 1.652950e+00 1.664729e+00 1.678656e+00 1.697118e+00 1.704758e+00 2.488583e+00 3.122190e+00 1.574731e+01 0.000000e+00 0.000000e+00 4.664027e+00 4.446489e+00 4.665494e+00 4.692806e+00 4.488546e+00 4.845609e+00 4.810397e+00 4.768094e+00 4.730961e+00 4.677649e+00
2.494180e+00 7.993876e-01 3.247081e+00 1.419107e+00 1.447140e+00 1.462876e+00 1.469277e+00 1.465333e+00 3.567329e+00 1.988197e+00 2.012686e+00 3.537543e+00 2.454838e+00 2.475443e+00 3.558207e+00 2.854405e+00 2.898868e+00 2.952163e+00 2.645623e+00 8.703530e-01 1.592372e+00 2.196785e+00 8.732963e-01 1.611347e+00 0.000000e+00 1.477617e+00 2.174773e+00 2.802595e+00 1.616327e+00 8.820252e-01 8.850732e-01 8.907163e-01 8.970465e-01 9.030160e-01 9.108579e-01 9.207043e-01 1.497178e+00 1.528549e+00 3.301388e+00 8.298147e+00 2.138664e+01 0.000000e+00 4.962715e+00 4.786664e+00 4.740609e+00 4.769536e+00 4.616396e+00 4.870209e+00 4.833788e+00 4.785902e+00 4.743191e+00 8.562910e-01
2.801946e+00 3.063719e+00 7.796606e-01 7.947050e-01 8.059697e-01 8.128962e-01 8.124256e-01 3.544549e+00 1.438627e+00 1.454947e+00 3.469210e+00 1.989392e+00 2.001839e+00 3.451510e+00 2.446809e+00 2.485506e+00 2.531711e+00 2.140903e+00 8.683322e-01 1.591225e+00 2.200638e+00 2.710616e+00 3.143483e+00 3.520579e+00 0.000000e+00 1.575874e+00 2.243153e+00 8.822582e-01 8.792968e-01 1.611868e+00 2.233617e+00 2.765697e+00 3.225845e+00 3.627965e+00 3.982620e+00 2.220140e+00 9.200378e-01 9.227101e-01 1.697580e+00 2.451984e+00 3.029734e+00 0.000000e+00 0.000000e+00 5.040099e+00 4.779867e+00 4.817240e+00 4.707557e+00 4.881342e+00 4.843927e+00 4.787068e+00 8.509778e-01 3.133589e+00
3.489269e+00 3.551580e+00 3.573547e+00 3.574458e+00 3.564913e+00 3.554686e+00 3.545363e+00 7.939447e-01 7.955887e-01 3.423520e+00 1.441905e+00 1.449698e+00 3.373832e+00 1.971224e+00 2.001929e+00 2.039513e+00 1.545373e+00 8.652617e-01 1.586158e+00 2.197310e+00 2.715318e+00 3.148767e+00 3.513262e+00 3.825453e+00 0.000000e+00 1.565122e+00 2.227605e+00 2.785058e+00 3.253832e+00 3.647397e+00 3.974709e+00 4.242461e+00 4.460717e+00 4.640604e+00 4.792202e+00 4.924706e+00 2.573028e+00 1.729208e+00 1.724324e+00 2.017287e+00 4.745146e+00 1.382859e+01 0.000000e+00 0.000000e+00 5.032215e+00 4.836311e+00 8.593588e-01 4.872605e+00 4.833371e+00 8.491395e-01 3.133012e+00 2.715862e+00
2.721521e+00 2.960125e+00 3.128719e+00 3.243617e+00 3.318968e+00 3.368426e+00 3.397631e+00 3.406893e+00 3.406264e+00 7.926638e-01 7.981774e-01 3.331855e+00 1.424796e+00 1.442426e+00 1.467159e+00 8.434962e-01 8.555470e-01 1.569955e+00 2.177850e+00 2.696297e+00 3.136482e+00 3.505003e+00 3.812057e+00 4.068798e+00 0.000000e+00 1.555168e+00 2.218438e+00 2.783508e+00 3.263572e+00 3.667333e+00 4.002038e+00 4.273179e+00 4.489134e+00 4.659713e+00 4.796719e+00 4.911913e+00 5.011744e+00 3.428891e+00 9.125639e-01 9.104018e-01 1.663909e+00 2.384633e+00 1.266792e+01 0.000000e+00 5.302997e+00 5.076603e+00 8.549959e-01 8.495865e-01 8.470273e-01 8.543403e-01 2.725750e+00 2.213844e+00
1.913448e+00 2.291641e+00 2.592456e+00 2.827863e+00 3.007597e+00 3.139370e+00 3.229661e+00 3.283878e+00 3.310321e+00 3.318490e+00 3.317809e+00 7.850655e-01 7.922249e-01 8.010977e-01 8.171461e-01 1.495652e+00 2.075748e+00 2.578645e+00 3.013879e+00 3.386105e+00 3.700172e+00 3.960046e+00 8.233520e+00 8.877376e+00 0.000000e+00 1.978856e+00 2.540668e+00 3.050147e+00 3.494353e+00 3.872230e+00 4.186267e+00 4.438791e+00 4.635229e+00 4.782679e+00 4.891935e+00 4.975525e+00 5.042183e+00 5.099222e+00 4.903547e+00 2.613940e+00 3.688088e+00 6.346679e+00 6.597077e+00 0.000000e+00 0.000000e+00 5.245460e+00 8.521981e-01 8.518576e-01 8.503552e-01 3.170351e+00 2.739200e+00 2.214465e+00
7.635421e-01 1.371280e+00 1.867214e+00 2.272907e+00 2.598470e+00 2.846660e+00 3.027480e+00 3.154503e+00 3.233260e+00 3.264412e+00 3.262217e+00 3.247768e+00 3.238212e+00 3.247504e+00 3.288647e+00 3.369340e+00 3.486830e+00 3.633619e+00 3.795560e+00 3.957301e+00 4.107812e+00 4.238968e+00 8.651709e-01 0.000000e+00 0.000000e+00 1.254275e+00 1.971782e+00 2.588216e+00 3.118832e+00 3.570400e+00 3.948416e+00 4.255950e+00 4.498318e+00 4.681435e+00 4.814188e+00 4.907374e+00 4.974427e+00 5.028219e+00 5.075784e+00 4.235999e+00 3.053432e+00 5.068975e+00 6.177005e+00 6.370773e+00 0.000000e+00 0.000000e+00 1.634831e+00 8.576942e-01 8.646764e-01 8.738744e-01 8.813208e-01 1.616614e+00
-9.999000e+03 -9.999000e+03 -9.999000e+03 -9.999000e+03 -9.999000e+03 -9.999000e+03 -9.999000e+03 7.897921e-01 7.832632e-01 7.640737e-01 7.550961e-01 7.631254e-01 1.371347e+00 1.880336e+00 2.315897e+00 2.693326e+00 3.025030e+00 3.321344e+00 3.582501e+00 3.805347e+00 3.989889e+00 4.135932e+00 4.256019e+00 0.000000e+00 4.749717e-01 1.212173e+00 1.878318e+00 2.472815e+00 2.998634e+00 3.457015e+00 3.849101e+00 4.174195e+00 4.434568e+00 4.632824e+00 4.774448e+00 4.867104e+00 4.926556e+00 4.970249e+00 5.006837e+00 5.043193e+00 3.681409e+00 2.599885e+00 5.123950e+00 6.298234e+00 6.491267e+00 0.000000e+00 0.000000e+00 9.372618e-01 8.796003e-01 8.853333e-01 8.881106e-01 8.875662e-01
-9.999000e+03 -9.999000e+03 -9.999000e+03 -9.999000e+03 -9.999000e+03 -9.999000e+03 -9.999000e+03 -9.999000e+03 -9.999000e+03 -9.999000e+03 1.351863e+00 1.348187e+00 7.845574e-01 8.108168e-01 1.475258e+00 2.027889e+00 2.496167e+00 2.901908e+00 3.249257e+00 3.536815e+00 3.768886e+00 3.950172e+00 4.097785e+00 0.000000e+00 4.732333e-01 1.207682e+00 1.869437e+00 2.460812e+00 2.986661e+00 3.076805e+00 3.977703e+00 4.289178e+00 4.542419e+00 4.734830e+00 4.868933e+00 4.950584e+00 4.993156e+00 5.012984e+00 5.022489e+00 5.033041e+00 5.050689e+00 2.816586e+00 3.471165e+00 5.929976e+00 6.206833e+00 6.369544e+00 0.000000e+00 0.000000e+00 8.864925e-01 8.938003e-01 -9.999000e+03 -9.999000e+03
