tests/data/reference/test_implicit_stream_rill_mfda/control/csheetvout_m3.asc
ncols	123
nrows	77
xllcorner	-713746.79929998
yllcorner	-1061022.36961616
cellsize	10.0
NODATA_value	-9999
[rows 46 to 68 of 77, columns 0 to 51 of 123]
-9.999000e+03 -9.999000e+03 -9.999000e+03 -9.999000e+03 -9.999000e+03 -9.999000e+03 1.878893e+00 5.938017e+00 1.477351e+00 1.509049e+00 6.546384e-01 1.171232e+00 1.810122e+00 1.993521e+00 2.166014e+00 2.951760e+00 2.086767e+00 2.206087e+00 2.284652e+00 2.363096e+00 2.451658e+00 1.305487e+00 1.316420e+00 1.315303e+00 1.768438e+00 2.135466e+00 2.426186e+00 2.642162e+00 2.796850e+00 2.905991e+00 2.979432e+00 2.842173e+01 3.065741e+01 3.331910e+00 3.380061e+00 3.424600e+00 3.463321e+00 3.498210e+00 3.533874e+00 3.577381e+00 3.644492e+00 3.698843e+00 3.763801e+00 3.823298e+00 3.878314e+00 3.918923e+00 3.943403e+00 3.954701e+00 3.955032e+00 3.948441e+00 3.922100e+00 3.897883e+00
-9.999000e+03 -9.999000e+03 -9.999000e+03 -9.999000e+03 -9.999000e+03 -9.999000e+03 3.388093e+00 3.122738e+00 1.148548e+00 1.168764e+00 6.780055e-01 1.525806e+00 1.775834e+00 2.033249e+00 3.213532e+00 1.888300e+00 2.066937e+00 2.180887e+00 2.264808e+00 2.348317e+00 7.269504e-01 7.368366e-01 7.416948e-01 7.412905e-01 1.323599e+00 1.795382e+00 2.171894e+00 1.976035e+01 2.196816e+01 2.418431e+01 2.642504e+01 3.277049e+00 3.312607e+00 3.358348e+00 3.393605e+00 3.419458e+00 3.440199e+00 3.462229e+00 3.492687e+00 3.561233e+00 3.608247e+00 3.676911e+00 3.735504e+00 3.795290e+00 3.846387e+00 3.882318e+00 3.905336e+00 3.921452e+00 3.942397e+00 3.933047e+00 3.918478e+00 3.891485e+00
-9.999000e+03 -9.999000e+03 -9.999000e+03 -9.999000e+03 -9.999000e+03 1.877168e+00 2.637812e+00 3.231416e+00 6.658949e-01 6.709713e-01 1.138132e+00 1.468987e+00 1.844999e+00 3.462144e+00 1.591930e+00 1.861796e+00 2.045387e+00 2.165273e+00 2.252031e+00 2.332950e+00 4.582883e+00 6.787517e+00 8.974114e+00 1.261125e+01 1.431484e+01 1.624415e+01 1.831081e+01 3.002231e+00 3.071093e+00 3.156322e+00 3.214808e+00 3.257599e+00 3.309104e+00 3.341832e+00 3.362134e+00 3.374299e+00 3.384596e+00 3.402377e+00 3.475510e+00 3.506604e+00 3.577215e+00 3.631812e+00 3.692260e+00 3.747871e+00 3.792693e+00 3.825427e+00 3.851440e+00 3.894738e+00 3.900278e+00 3.905933e+00 3.885421e+00 3.123812e+00
-9.999000e+03 -9.999000e+03 -9.999000e+03 -9.999000e+03 4.976981e+00 1.332383e+00 1.468336e+00 2.555035e+00 6.497595e-01 6.379763e-01 1.084862e+00 1.630270e+00 3.689983e+00 1.183229e+00 1.555212e+00 1.825358e+00 2.013880e+00 2.137706e+00 2.223417e+00 2.283829e+00 2.352049e+00 2.432571e+00 4.026846e+00 2.190912e+00 2.497463e+00 2.709345e+00 2.842011e+00 2.926981e+00 3.028477e+00 3.098021e+00 3.154820e+00 3.222402e+00 3.259994e+00 3.280875e+00 3.290987e+00 3.294866e+00 3.300720e+00 3.387047e+00 3.397238e+00 3.472089e+00 3.518832e+00 3.577814e+00 3.633968e+00 3.681478e+00 3.719090e+00 3.752477e+00 3.821489e+00 3.832860e+00 3.853118e+00 3.835825e+00 2.854635e+00 2.840422e+00
-9.999000e+03 -9.999000e+03 -9.999000e+03 -9.999000e+03 3.113150e+00 1.920103e+00 1.114551e+00 1.336589e+00 1.039081e+00 6.154749e-01 1.409930e+00 3.891329e+00 6.634859e-01 1.154555e+00 1.514840e+00 1.775699e+00 1.964316e+00 2.087437e+00 2.139785e+00 2.188214e+00 2.249200e+00 4.165007e+00 1.807640e+00 2.180846e+00 2.444963e+00 2.610281e+00 2.711742e+00 2.839739e+00 2.921827e+00 2.991818e+00 3.085853e+00 3.137797e+00 3.166352e+00 3.179696e+00 3.182862e+00 3.182230e+00 3.293293e+00 3.274634e+00 3.359398e+00 3.396303e+00 3.454291e+00 3.510413e+00 3.557818e+00 3.594842e+00 3.629167e+00 3.727442e+00 3.739210e+00 3.771838e+00 3.745468e+00 2.489175e+00 2.488503e+00 2.471198e+00
-9.999000e+03 -9.999000e+03 -9.999000e+03 1.877623e+00 1.238833e+00 1.765256e+00 6.295104e-01 9.806279e-01 5.993491e-01 1.164085e+00 2.590944e+00 1.453296e+00 6.459110e-01 1.116539e+00 1.455672e+00 1.710530e+00 1.898944e+00 1.966308e+00 1.997045e+00 2.032761e+00 4.251933e+00 1.326890e+00 1.775202e+00 2.098377e+00 2.303462e+00 2.418980e+00 2.575491e+00 2.671952e+00 2.757596e+00 2.882032e+00 2.951374e+00 2.993214e+00 3.016491e+00 3.025137e+00 3.025151e+00 3.185312e+00 3.131999e+00 3.234388e+00 3.256343e+00 3.314150e+00 3.372800e+00 3.421481e+00 3.456844e+00 3.488779e+00 3.622122e+00 3.621382e+00 3.664495e+00 3.622470e+00 2.028970e+00 2.033802e+00 2.029286e+00 2.012342e+00
-9.999000e+03 -9.999000e+03 -9.999000e+03 1.876111e+00 1.893280e+00 9.351947e-01 5.852545e-01 5.519144e-01 8.592445e-01 8.894593e-01 1.731040e+00 1.255168e+00 6.194255e-01 1.056060e+00 1.382666e+00 1.636307e+00 1.733927e+00 1.768046e+00 1.783052e+00 4.272791e+00 7.294343e-01 1.278673e+00 1.673296e+00 1.921514e+00 2.048614e+00 2.240176e+00 2.345897e+00 2.444276e+00 2.608294e+00 2.696553e+00 2.751581e+00 2.785799e+00 2.802927e+00 2.807798e+00 3.044529e+00 2.951254e+00 3.090000e+00 3.093321e+00 3.149136e+00 3.209465e+00 3.262713e+00 3.299101e+00 3.329400e+00 3.512032e+00 3.485510e+00 3.532805e+00 3.465047e+00 1.473048e+00 1.477848e+00 1.477352e+00 1.470879e+00 1.521847e+01
-9.999000e+03 -9.999000e+03 7.105702e+00 1.734990e-01 9.134726e-01 8.571992e-01 5.134128e-01 4.848488e-01 5.079556e-01 4.706110e-01 1.212612e+00 1.032569e+00 5.742466e-01 9.870218e-01 1.312308e+00 1.423417e+00 1.468578e+00 1.486734e+00 2.480207e+00 1.744477e+00 6.905374e-01 1.182747e+00 1.485400e+00 1.612469e+00 1.846914e+00 1.959405e+00 2.064764e+00 2.273735e+00 2.381869e+00 2.451246e+00 2.496515e+00 2.520575e+00 2.527789e+00 2.869724e+00 2.715634e+00 2.910637e+00 2.893116e+00 2.953336e+00 3.012743e+00 3.066087e+00 3.104896e+00 3.136490e+00 3.391159e+00 3.328549e+00 3.378943e+00 3.273546e+00 8.059089e-01 8.107411e-01 8.114662e-01 8.085263e-01 1.560290e+01 3.540170e+00
-9.999000e+03 -9.999000e+03 5.324622e+00 9.392723e-01 5.820211e-01 5.186955e-01 4.543359e-01 5.154075e-01 8.023655e-01 6.891257e-01 4.831630e-01 7.900236e-01 5.281466e-01 9.335320e-01 1.042037e+00 1.080447e+00 1.097417e+00 1.118782e+00 1.117072e+00 1.486983e+00 6.328321e-01 1.013120e+00 1.127234e+00 1.411885e+00 1.521535e+00 1.628147e+00 1.890512e+00 2.011195e+00 2.092538e+00 2.150031e+00 2.182761e+00 2.191187e+00 2.673285e+00 2.427044e+00 2.697829e+00 2.639255e+00 2.709609e+00 2.777504e+00 2.829195e+00 2.863019e+00 2.893466e+00 3.247404e+00 3.134298e+00 3.192245e+00 3.042877e+00 3.057312e+00 3.294070e+00 3.485223e+00 1.243115e+01 1.589988e+01 3.356036e+00 3.353707e+00
-9.999000e+03 1.868538e+00 5.556082e+00 1.333776e+00 5.635140e-01 3.958322e-01 5.317930e-01 5.305456e-01 -9.999000e+03 -9.999000e+03 -9.999000e+03 4.788808e-01 5.050638e-01 5.814959e-01 6.098905e-01 6.114267e-01 6.238409e-01 6.442155e-01 6.230316e-01 5.356300e-01 5.115533e-01 5.932882e-01 9.546636e-01 1.047570e+00 1.139206e+00 1.467538e+00 1.588944e+00 1.670050e+00 1.733442e+00 1.774920e+00 1.789916e+00 2.465489e+00 2.090497e+00 2.468468e+00 2.339657e+00 2.412011e+00 2.488992e+00 2.546605e+00 2.575651e+00 2.598416e+00 3.079813e+00 2.888161e+00 2.954073e+00 2.754980e+00 2.765026e+00 3.377581e+00 6.243443e+00 9.038759e+00 3.675534e+00 3.116106e+00 3.115959e+00 3.116567e+00
-9.999000e+03 5.363873e+00 1.474033e+00 5.618092e-01 5.008869e-01 5.089332e-01 -9.999000e+03 -9.999000e+03 -9.999000e+03 -9.999000e+03 -9.999000e+03 -9.999000e+03 5.253667e-01 5.676883e-01 9.631355e-01 1.238621e+00 6.113595e-01 1.056417e+00 1.343726e+00 1.390711e+00 4.730781e-01 4.815722e-01 5.485272e-01 6.102464e-01 1.020430e+00 1.122847e+00 1.187671e+00 1.242652e+00 1.283364e+00 1.302029e+00 2.243011e+00 1.700429e+00 2.231336e+00 1.997769e+00 2.065444e+00 2.143746e+00 2.206055e+00 2.233531e+00 2.248104e+00 2.894683e+00 2.588079e+00 2.656032e+00 2.396402e+00 2.404944e+00 3.182533e+00 2.758372e+00 2.777528e+00 3.567709e+00 2.811495e+00 2.813806e+00 2.811627e+00 3.555006e+00
1.877756e+00 1.624394e+00 8.559691e-01 5.052013e-01 3.781489e-01 5.672099e-01 -9.999000e+03 -9.999000e+03 -9.999000e+03 -9.999000e+03 -9.999000e+03 -9.999000e+03 -9.999000e+03 -9.999000e+03 -9.999000e+03 6.179835e-01 1.467174e+00 6.360637e-01 6.183347e-01 5.892640e-01 1.863042e+00 -9.999000e+03 -9.999000e+03 5.483534e-01 6.116436e-01 6.437071e-01 6.745101e-01 7.017222e-01 7.144158e-01 2.000435e+00 1.235719e+00 1.987055e+00 1.605075e+00 1.662507e+00 1.734835e+00 1.796118e+00 1.824752e+00 1.833401e+00 2.691971e+00 2.227781e+00 2.293148e+00 1.957059e+00 1.966212e+00 2.944171e+00 2.388508e+00 2.400853e+00 3.442312e+00 2.431590e+00 2.438537e+00 2.435643e+00 3.390763e+00 2.779740e+00
1.873913e+00 4.909622e-01 4.721489e-01 4.710292e-01 5.724828e-01 -9.999000e+03 -9.999000e+03 -9.999000e+03 -9.999000e+03 -9.999000e+03 -9.999000e+03 -9.999000e+03 -9.999000e+03 -9.999000e+03 -9.999000e+03 -9.999000e+03 -9.999000e+03 -9.999000e+03 -9.999000e+03 -9.999000e+03 -9.999000e+03 -9.999000e+03 -9.999000e+03 5.307131e-01 5.972616e-01 6.188561e-01 1.083638e+00 1.456283e+00 1.744916e+00 6.771666e-01 1.730746e+00 1.152171e+00 1.192864e+00 1.252012e+00 1.304912e+00 1.329220e+00 1.338434e+00 2.474786e+00 1.802325e+00 1.856223e+00 1.424557e+00 1.434094e+00 2.653792e+00 1.947478e+00 1.951088e+00 3.300341e+00 1.970789e+00 1.978106e+00 1.979362e+00 3.193506e+00 2.387138e+00 3.553215e+00
-9.999000e+03 5.850212e-01 5.675703e-01 6.177707e-01 -9.999000e+03 -9.999000e+03 -9.999000e+03 -9.999000e+03 -9.999000e+03 -9.999000e+03 -9.999000e+03 -9.999000e+03 -9.999000e+03 -9.999000e+03 -9.999000e+03 -9.999000e+03 -9.999000e+03 -9.999000e+03 -9.999000e+03 -9.999000e+03 -9.999000e+03 -9.999000e+03 -9.999000e+03 -9.999000e+03 -9.999000e+03 -9.999000e+03 6.441668e-01 6.669741e-01 1.151240e+00 1.462962e+00 6.264886e-01 6.486379e-01 6.820648e-01 7.185152e-01 7.337570e-01 7.373278e-01 2.233521e+00 1.308660e+00 1.341612e+00 7.815082e-01 7.903072e-01 2.300654e+00 1.420630e+00 1.421629e+00 3.145598e+00 1.427584e+00 1.430857e+00 1.432197e+00 2.961039e+00 1.933095e+00 3.468476e+00 1.478315e+00
-9.999000e+03 -9.999000e+03 -9.999000e+03 -9.999000e+03 -9.999000e+03 -9.999000e+03 -9.999000e+03 -9.999000e+03 -9.999000e+03 -9.999000e+03 -9.999000e+03 -9.999000e+03 -9.999000e+03 -9.999000e+03 -9.999000e+03 -9.999000e+03 -9.999000e+03 -9.999000e+03 -9.999000e+03 -9.999000e+03 -9.999000e+03 -9.999000e+03 -9.999000e+03 -9.999000e+03 -9.999000e+03 -9.999000e+03 -9.999000e+03 -9.999000e+03 6.545071e-01 1.078778e+00 5.998806e-01 6.224785e-01 6.643957e-01 1.201285e+00 1.631871e+00 1.956248e+00 7.198290e-01 7.384423e-01 7.549522e-01 1.368135e+00 1.875087e+00 7.825884e-01 7.851797e-01 2.970117e+00 7.872172e-01 7.875623e-01 7.862917e-01 2.682239e+00 1.404984e+00 3.407146e+00 7.999275e-01 8.211351e-01
-9.999000e+03 -9.999000e+03 -9.999000e+03 -9.999000e+03 -9.999000e+03 -9.999000e+03 -9.999000e+03 -9.999000e+03 -9.999000e+03 -9.999000e+03 -9.999000e+03 -9.999000e+03 -9.999000e+03 -9.999000e+03 -9.999000e+03 -9.999000e+03 -9.999000e+03 -9.999000e+03 -9.999000e+03 -9.999000e+03 -9.999000e+03 -9.999000e+03 -9.999000e+03 -9.999000e+03 -9.999000e+03 -9.999000e+03 -9.999000e+03 -9.999000e+03 -9.999000e+03 6.133518e-01 1.367382e+00 1.064309e+00 1.129196e+00 7.190129e-01 7.258912e-01 7.083207e-01 7.094707e-01 7.316817e-01 1.316501e+00 1.795450e+00 2.186743e+00 2.501749e+00 2.756822e+00 7.830491e-01 1.415803e+00 1.932708e+00 2.347988e+00 7.728926e-01 3.352771e+00 7.873140e-01 1.435309e+00 1.988468e+00
-9.999000e+03 -9.999000e+03 -9.999000e+03 -9.999000e+03 -9.999000e+03 -9.999000e+03 -9.999000e+03 -9.999000e+03 -9.999000e+03 -9.999000e+03 -9.999000e+03 -9.999000e+03 -9.999000e+03 -9.999000e+03 -9.999000e+03 -9.999000e+03 -9.999000e+03 -9.999000e+03 -9.999000e+03 -9.999000e+03 -9.999000e+03 -9.999000e+03 -9.999000e+03 -9.999000e+03 -9.999000e+03 -9.999000e+03 -9.999000e+03 -9.999000e+03 -9.999000e+03 -9.999000e+03 1.090480e+00 -9.999000e+03 -9.999000e+03 -9.999000e+03 -9.999000e+03 -9.999000e+03 -9.999000e+03 -9.999000e+03 7.465642e-01 1.337798e+00 1.810490e+00 2.181512e+00 2.477163e+00 2.722078e+00 2.924867e+00 3.089376e+00 3.214128e+00 3.292145e+00 7.661212e-01 1.399688e+00 1.934707e+00 2.386750e+00
-9.999000e+03 -9.999000e+03 -9.999000e+03 -9.999000e+03 -9.999000e+03 -9.999000e+03 -9.999000e+03 -9.999000e+03 -9.999000e+03 -9.999000e+03 -9.999000e+03 -9.999000e+03 -9.999000e+03 -9.999000e+03 -9.999000e+03 -9.999000e+03 -9.999000e+03 -9.999000e+03 -9.999000e+03 -9.999000e+03 -9.999000e+03 -9.999000e+03 -9.999000e+03 -9.999000e+03 -9.999000e+03 -9.999000e+03 -9.999000e+03 -9.999000e+03 -9.999000e+03 -9.999000e+03 -9.999000e+03 -9.999000e+03 -9.999000e+03 -9.999000e+03 -9.999000e+03 -9.999000e+03 -9.999000e+03 -9.999000e+03 -9.999000e+03 -9.999000e+03 -9.999000e+03 7.479639e-01 7.545320e-01 7.716662e-01 1.395184e+00 1.901780e+00 2.302505e+00 2.598316e+00 2.823579e+00 3.017073e+00 3.183961e+00 3.322208e+00
-9.999000e+03 -9.999000e+03 -9.999000e+03 -9.999000e+03 -9.999000e+03 -9.999000e+03 -9.999000e+03 -9.999000e+03 -9.999000e+03 -9.999000e+03 -9.999000e+03 -9.999000e+03 -9.999000e+03 -9.999000e+03 -9.999000e+03 -9.999000e+03 -9.999000e+03 -9.999000e+03 -9.999000e+03 -9.999000e+03 -9.999000e+03 -9.999000e+03 -9.999000e+03 -9.999000e+03 -9.999000e+03 -9.999000e+03 -9.999000e+03 -9.999000e+03 -9.999000e+03 -9.999000e+03 -9.999000e+03 -9.999000e+03 -9.999000e+03 -9.999000e+03 -9.999000e+03 -9.999000e+03 -9.999000e+03 -9.999000e+03 -9.999000e+03 -9.999000e+03 -9.999000e+03 -9.999000e+03 -9.999000e+03 -9.999000e+03 7.829090e-01 7.789319e-01 1.393162e+00 1.872906e+00 7.667344e-01 1.404348e+00 1.934740e+00 2.355436e+00
-9.999000e+03 -9.999000e+03 -9.999000e+03 -9.999000e+03 -9.999000e+03 -9.999000e+03 -9.999000e+03 -9.999000e+03 -9.999000e+03 -9.999000e+03 -9.999000e+03 -9.999000e+03 -9.999000e+03 -9.999000e+03 -9.999000e+03 -9.999000e+03 -9.999000e+03 -9.999000e+03 -9.999000e+03 -9.999000e+03 -9.999000e+03 -9.999000e+03 -9.999000e+03 -9.999000e+03 -9.999000e+03 -9.999000e+03 -9.999000e+03 -9.999000e+03 -9.999000e+03 -9.999000e+03 -9.999000e+03 -9.999000e+03 -9.999000e+03 -9.999000e+03 -9.999000e+03 -9.999000e+03 -9.999000e+03 -9.999000e+03 -9.999000e+03 -9.999000e+03 -9.999000e+03 -9.999000e+03 -9.999000e+03 -9.999000e+03 -9.999000e+03 -9.999000e+03 -9.999000e+03 -9.999000e+03 -9.999000e+03 -9.999000e+03 7.926693e-01 1.403810e+00
-9.999000e+03 -9.999000e+03 -9.999000e+03 -9.999000e+03 -9.999000e+03 -9.999000e+03 -9.999000e+03 -9.999000e+03 -9.999000e+03 -9.999000e+03 -9.999000e+03 -9.999000e+03 -9.999000e+03 -9.999000e+03 -9.999000e+03 -9.999000e+03 -9.999000e+03 -9.999000e+03 -9.999000e+03 -9.999000e+03 -9.999000e+03 -9.999000e+03 -9.999000e+03 -9.999000e+03 -9.999000e+03 -9.999000e+03 -9.999000e+03 -9.999000e+03 -9.999000e+03 -9.999000e+03 -9.999000e+03 -9.999000e+03 -9.999000e+03 -9.999000e+03 -9.999000e+03 -9.999000e+03 -9.999000e+03 -9.999000e+03 -9.999000e+03 -9.999000e+03 -9.999000e+03 -9.999000e+03 -9.999000e+03 -9.999000e+03 -9.999000e+03 -9.999000e+03 -9.999000e+03 -9.999000e+03 -9.999000e+03 -9.999000e+03 -9.999000e+03 7.574679e-01
-9.999000e+03 -9.999000e+03 -9.999000e+03 -9.999000e+03 -9.999000e+03 -9.999000e+03 -9.999000e+03 -9.999000e+03 -9.999000e+03 -9.999000e+03 -9.999000e+03 -9.999000e+03 -9.999000e+03 -9.999000e+03 -9.999000e+03 -9.999000e+03 -9.999000e+03 -9.999000e+03 -9.999000e+03 -9.999000e+03 -9.999000e+03 -9.999000e+03 -9.999000e+03 -9.999000e+03 -9.999000e+03 -9.999000e+03 -9.999000e+03 -9.999000e+03 -9.999000e+03 -9.999000e+03 -9.999000e+03 -9.999000e+03 -9.999000e+03 -9.999000e+03 -9.999000e+03 -9.999000e+03 -9.999000e+03 -9.999000e+03 -9.999000e+03 -9.999000e+03 -9.999000e+03 -9.999000e+03 -9.999000e+03 -9.999000e+03 -9.999000e+03 -9.999000e+03 -9.999000e+03 -9.999000e+03 -9.999000e+03 -9.999000e+03 -9.999000e+03 -9.999000e+03
-9.999000e+03 -9.999000e+03 -9.999000e+03 -9.999000e+03 -9.999000e+03 -9.999000e+03 -9.999000e+03 -9.999000e+03 -9.999000e+03 -9.999000e+03 -9.999000e+03 -9.999000e+03 -9.999000e+03 -9.999000e+03 -9.999000e+03 -9.999000e+03 -9.999000e+03 -9.999000e+03 -9.999000e+03 -9.999000e+03 -9.999000e+03 -9.999000e+03 -9.999000e+03 -9.999000e+03 -9.999000e+03 -9.999000e+03 -9.999000e+03 -9.999000e+03 -9.999000e+03 -9.999000e+03 -9.999000e+03 -9.999000e+03 -9.999000e+03 -9.999000e+03 -9.999000e+03 -9.999000e+03 -9.999000e+03 -9.999000e+03 -9.999000e+03 -9.999000e+03 -9.999000e+03 -9.999000e+03 -9.999000e+03 -9.999000e+03 -9.999000e+03 -9.999000e+03 -9.999000e+03 -9.999000e+03 -9.999000e+03 -9.999000e+03 -9.999000e+03 -9.999000e+03
