tests/data/reference/test_implicit_stream_rill_mfda/control/csheetvout_m3.asc
ncols	123
nrows	77
xllcorner	-713746.79929998
yllcorner	-1061022.36961616
cellsize	10.0
NODATA_value	-9999
[rows 23 to 45 of 77, columns 52 to 103 of 123]
1.584610e+00 3.086636e+00 3.424740e+00 3.871847e+00 4.034642e+00 4.247748e+00 4.220190e+00 3.987449e+00 3.982557e+00 3.735144e+00 3.426621e+00 3.407242e+00 3.383858e+00 3.355950e+00 3.320653e+00 4.184221e+00 1.441609e+01 6.389256e+00 3.148325e+00 3.049015e+00 2.608307e+00 2.331904e+00 1.972436e+00 2.306054e+00 8.137907e-01 1.427493e+00 3.298709e+01 9.106128e+00 8.759798e+00 2.432392e+00 1.994561e+00 1.448266e+00 7.967097e-01 7.639858e-01 -9.999000e+03 -9.999000e+03 -9.999000e+03 -9.999000e+03 -9.999000e+03 -9.999000e+03 -9.999000e+03 -9.999000e+03 -9.999000e+03 -9.999000e+03 -9.999000e+03 -9.999000e+03 -9.999000e+03 -9.999000e+03 -9.999000e+03 -9.999000e+03 -9.999000e+03 -9.999000e+03
1.593356e+00 2.199819e+00 3.459482e+00 3.736029e+00 4.092257e+00 4.220057e+00 4.375746e+00 4.361040e+00 4.178676e+00 4.170378e+00 3.966931e+00 3.710896e+00 3.687766e+00 3.655530e+00 3.613806e+00 3.560351e+00 1.825307e+01 6.066640e+00 3.299583e+00 3.229198e+00 2.922416e+00 2.719657e+00 2.439227e+00 2.691579e+00 1.484077e+00 1.960348e+00 7.992375e-01 3.142404e+01 8.608122e+00 8.628360e+00 4.656645e+00 1.973633e+00 1.439746e+00 1.382131e+00 7.527233e-01 -9.999000e+03 -9.999000e+03 -9.999000e+03 -9.999000e+03 -9.999000e+03 -9.999000e+03 -9.999000e+03 -9.999000e+03 -9.999000e+03 -9.999000e+03 -9.999000e+03 -9.999000e+03 -9.999000e+03 -9.999000e+03 -9.999000e+03 -9.999000e+03 -9.999000e+03
3.130441e+00 2.211726e+00 2.723184e+00 3.772035e+00 3.991707e+00 4.267446e+00 4.362672e+00 4.473475e+00 4.467613e+00 4.328907e+00 4.317639e+00 4.150595e+00 3.934877e+00 3.900258e+00 3.856496e+00 3.804053e+00 2.009365e+01 5.722861e+00 3.436917e+00 3.396310e+00 3.195874e+00 3.054713e+00 2.838480e+00 3.025516e+00 2.047781e+00 2.416659e+00 1.462602e+00 2.984556e+01 8.071226e-01 8.065526e+00 1.303665e+01 2.371720e+00 1.958216e+00 1.908333e+00 1.392166e+00 7.865178e-01 7.601733e-01 7.576159e-01 -9.999000e+03 -9.999000e+03 -9.999000e+03 -9.999000e+03 -9.999000e+03 -9.999000e+03 -9.999000e+03 -9.999000e+03 -9.999000e+03 -9.999000e+03 -9.999000e+03 -9.999000e+03 -9.999000e+03 -9.999000e+03
1.613170e+00 3.509978e+00 2.735786e+00 3.161680e+00 4.023265e+00 4.191128e+00 4.399292e+00 4.470853e+00 4.550552e+00 4.549501e+00 4.443656e+00 4.425734e+00 4.284240e+00 4.099419e+00 4.055229e+00 4.003212e+00 1.800960e+01 5.362381e+00 3.558969e+00 3.546736e+00 3.427962e+00 3.336962e+00 3.173153e+00 3.309058e+00 2.522864e+00 2.809034e+00 2.028095e+00 2.824870e+01 1.476228e+00 7.492003e+00 1.272385e+01 2.679848e+00 2.373834e+00 2.346213e+00 1.929900e+00 1.429110e+00 1.372771e+00 7.682862e-01 1.348966e+00 7.544306e-01 -9.999000e+03 -9.999000e+03 -9.999000e+03 -9.999000e+03 -9.999000e+03 -9.999000e+03 -9.999000e+03 -9.999000e+03 -9.999000e+03 -9.999000e+03 -9.999000e+03 -9.999000e+03
2.238750e+00 8.798925e-01 3.824510e+00 3.168273e+00 3.517453e+00 4.217789e+00 4.345460e+00 4.502116e+00 4.554983e+00 4.609274e+00 4.606917e+00 4.522869e+00 4.497435e+00 4.377491e+00 4.218596e+00 4.162217e+00 1.911888e+01 4.989663e+00 3.659811e+00 3.673119e+00 3.614047e+00 3.562250e+00 3.441623e+00 3.540422e+00 2.918675e+00 3.143276e+00 2.511625e+00 2.576693e+01 2.045552e+00 6.903900e+00 1.237187e+01 2.939916e+00 2.705246e+00 2.687572e+00 2.356557e+00 1.945089e+00 7.910648e-01 7.763745e-01 1.363130e+00 1.807145e+00 1.331747e+00 1.934742e+00 -9.999000e+03 -9.999000e+03 -9.999000e+03 -9.999000e+03 -9.999000e+03 -9.999000e+03 -9.999000e+03 -9.999000e+03 -9.999000e+03 -9.999000e+03
2.771222e+00 1.609092e+00 4.080224e+00 3.524076e+00 8.587878e-01 3.806088e+00 4.369511e+00 4.466213e+00 4.580752e+00 4.616996e+00 4.650042e+00 4.642182e+00 4.572663e+00 4.539428e+00 4.432401e+00 4.287850e+00 2.028712e+01 4.629442e+00 3.745979e+00 3.781396e+00 3.765325e+00 3.743069e+00 3.656776e+00 3.728058e+00 3.246950e+00 3.426250e+00 2.924959e+00 2.335626e+01 2.532006e+00 6.301990e+00 1.196975e+01 3.161464e+00 2.971386e+00 2.950261e+00 2.687021e+00 2.353619e+00 1.415380e+00 1.388831e+00 7.753224e-01 1.832712e+00 0.000000e+00 5.188405e+00 1.932360e+00 1.929921e+00 -9.999000e+03 -9.999000e+03 -9.999000e+03 -9.999000e+03 -9.999000e+03 -9.999000e+03 -9.999000e+03 -9.999000e+03
3.219788e+00 2.218740e+00 4.282188e+00 3.814640e+00 8.609782e-01 1.567148e+00 4.038683e+00 4.486829e+00 4.559641e+00 4.639851e+00 4.660944e+00 4.674570e+00 4.657122e+00 4.591411e+00 4.543635e+00 4.441149e+00 4.312528e+00 1.928458e+01 3.827531e+00 3.881982e+00 3.897138e+00 3.896096e+00 3.834723e+00 3.883116e+00 3.518547e+00 3.664043e+00 3.275953e+00 2.356536e+01 2.943891e+00 5.687766e+00 1.150950e+01 3.351193e+00 3.191669e+00 3.159847e+00 2.943351e+00 2.669843e+00 1.908683e+00 1.878800e+00 1.388670e+00 0.000000e+00 0.000000e+00 5.245733e+00 2.261100e+00 6.550157e-01 1.927103e+00 -9.999000e+03 -9.999000e+03 -9.999000e+03 -9.999000e+03 -9.999000e+03 -9.999000e+03 -9.999000e+03
3.586736e+00 2.723037e+00 4.433469e+00 4.046598e+00 1.570940e+00 8.617549e-01 2.162337e+00 4.227638e+00 4.577171e+00 4.627098e+00 4.676579e+00 4.680730e+00 4.674200e+00 4.641737e+00 4.573835e+00 4.518441e+00 4.429382e+00 4.324343e+00 1.461465e+01 3.979685e+00 4.014550e+00 4.025918e+00 3.980935e+00 4.010610e+00 3.741899e+00 3.862814e+00 3.570847e+00 2.173525e+01 3.290570e+00 5.080793e+00 1.099901e+01 3.520145e+00 3.380228e+00 3.334199e+00 8.075730e-01 7.965726e-01 2.308034e+00 2.280505e+00 0.000000e+00 0.000000e+00 1.078799e+00 5.279768e+00 2.518259e+00 1.163078e+00 6.692317e-01 1.925957e+00 -9.999000e+03 -9.999000e+03 -9.999000e+03 -9.999000e+03 -9.999000e+03 -9.999000e+03
3.868539e+00 3.128718e+00 4.536281e+00 4.224939e+00 2.164937e+00 1.574343e+00 8.669833e-01 2.670909e+00 4.374431e+00 4.633019e+00 4.658637e+00 4.678203e+00 4.664504e+00 4.641806e+00 4.604090e+00 4.545336e+00 4.494556e+00 4.423307e+00 1.248887e+01 4.077729e+00 4.120317e+00 4.134784e+00 4.098771e+00 4.114387e+00 3.924676e+00 4.027985e+00 3.814196e+00 1.986576e+01 3.579614e+00 4.533570e+00 1.045023e+01 3.677755e+00 3.548945e+00 8.363334e-01 8.231629e-01 8.111785e-01 2.645405e+00 0.000000e+00 0.000000e+00 1.040688e+00 1.620289e+00 5.236898e+00 2.662277e+00 1.528924e+00 1.173351e+00 6.957028e-01 6.743007e-01 -9.999000e+03 -9.999000e+03 -9.999000e+03 -9.999000e+03 -9.999000e+03
4.054871e+00 3.434684e+00 4.585986e+00 4.346149e+00 8.518342e-01 2.660244e+00 2.170597e+00 1.579638e+00 3.091206e+00 4.473103e+00 4.653996e+00 4.657965e+00 4.655832e+00 4.633156e+00 4.606486e+00 4.572179e+00 4.524392e+00 4.480522e+00 1.248410e+01 4.170016e+00 4.211371e+00 4.223199e+00 4.192332e+00 4.199247e+00 4.073760e+00 4.163723e+00 4.010122e+00 1.799500e+01 3.813005e+00 4.194119e+00 9.863032e+00 3.821919e+00 8.491230e-01 8.444849e-01 8.346188e-01 8.239887e-01 0.000000e+00 0.000000e+00 1.092984e+00 1.641553e+00 2.062292e+00 5.145001e+00 7.350660e-01 7.108185e-01 1.572664e+00 1.239426e+00 1.218121e+00 6.923123e-01 1.926542e+00 -9.999000e+03 -9.999000e+03 -9.999000e+03
3.949879e+00 4.148821e+00 3.648675e+00 4.583424e+00 4.411752e+00 1.538311e+00 3.064300e+00 2.660700e+00 2.165843e+00 3.435069e+00 4.539062e+00 4.660086e+00 4.652101e+00 4.637716e+00 4.610395e+00 4.581710e+00 4.549064e+00 4.507411e+00 4.465614e+00 1.557997e+01 4.281037e+00 4.289813e+00 4.265109e+00 4.269773e+00 4.195270e+00 4.273387e+00 4.162247e+00 1.617028e+01 3.990236e+00 4.177371e+00 9.229062e+00 8.482029e-01 8.456709e-01 8.444638e-01 0.000000e+00 0.000000e+00 0.000000e+00 8.634590e-01 1.720425e+00 2.133944e+00 2.432113e+00 7.921240e-01 7.773924e-01 1.290351e+00 1.905345e+00 1.652065e+00 1.618140e+00 7.107768e-01 6.935937e-01 1.930762e+00 -9.999000e+03 -9.999000e+03
6.648166e+01 4.679510e+01 4.395802e+00 3.989152e+00 4.545305e+00 4.439839e+00 2.107588e+00 3.396613e+00 3.071021e+00 2.661672e+00 3.724042e+00 4.590038e+00 4.667392e+00 4.651775e+00 4.628191e+00 4.595703e+00 4.562231e+00 4.526648e+00 4.484197e+00 1.703255e+01 4.324720e+00 4.330495e+00 4.314332e+00 4.322869e+00 4.287410e+00 4.353403e+00 4.268489e+00 1.440613e+01 4.114226e+00 4.221878e+00 8.545881e+00 8.463039e-01 8.459696e-01 0.000000e+00 0.000000e+00 1.239120e+00 8.749087e-01 1.535349e+00 2.236717e+00 2.544804e+00 8.138358e-01 8.066665e-01 7.971897e-01 1.774591e+00 2.191786e+00 1.986076e+00 7.321455e-01 7.340368e-01 7.354076e-01 2.284222e+00 6.847825e-01 1.931030e+00
9.358675e+00 9.372703e+00 3.152121e+01 4.578983e+00 4.262227e+00 4.755018e+00 4.700904e+00 2.738783e+00 3.869811e+00 3.600780e+00 3.252196e+00 4.175255e+00 4.886472e+00 4.938697e+00 4.917152e+00 4.883881e+00 4.840503e+00 4.795555e+00 4.748836e+00 4.696711e+00 2.199915e+01 4.574250e+00 4.569706e+00 4.588421e+00 4.343204e+00 4.395009e+00 4.322428e+00 1.268674e+01 4.187354e+00 4.253761e+00 7.814256e+00 8.472401e-01 0.000000e+00 0.000000e+00 1.151989e+00 1.881864e+00 1.552684e+00 2.092386e+00 2.666801e+00 8.310833e-01 8.238093e-01 8.149630e-01 8.053854e-01 7.923612e-01 2.444857e+00 2.277645e+00 7.710601e-01 1.328945e+00 1.324314e+00 2.610666e+00 7.337812e-01 2.284243e+00
8.964091e-01 1.645805e+00 2.278807e+00 2.856742e+01 2.791441e+01 2.338160e+01 2.209438e+01 4.913348e+00 3.276701e+00 4.262884e+00 4.042580e+00 3.748424e+00 4.544958e+00 5.120062e+00 9.955998e+00 5.079614e+00 5.024000e+00 4.967986e+00 4.910507e+00 4.848595e+00 8.810692e-01 2.406652e+01 9.224973e+00 4.794107e+00 4.598594e+00 4.632785e+00 4.326323e+00 1.099910e+01 4.217932e+00 4.266619e+00 7.040984e+00 0.000000e+00 0.000000e+00 8.471414e-01 1.809722e+00 2.406317e+00 2.112513e+00 2.555608e+00 3.023720e+00 8.364074e-01 8.307027e-01 8.215977e-01 8.123382e-01 8.011982e-01 2.667593e+00 2.527903e+00 1.382637e+00 1.815131e+00 1.805025e+00 2.864066e+00 1.324047e+00 2.616212e+00
2.293936e+00 2.874269e+00 3.371778e+00 3.775510e+00 4.107141e+00 4.395182e+00 4.639007e+00 2.711791e+01 3.074355e+01 3.538838e+01 3.878525e+01 4.140145e+01 4.650778e+01 5.405393e+01 6.212270e+01 6.960201e+01 6.841066e+01 5.116333e+00 5.065955e+00 5.012030e+00 4.957063e+00 1.624208e+00 1.979816e+01 4.952742e+00 4.783513e+00 4.792569e+00 4.526652e+00 9.355003e+00 4.218393e+00 4.265946e+00 0.000000e+00 0.000000e+00 8.540638e-01 8.499098e-01 2.352725e+00 2.840073e+00 2.577807e+00 2.938836e+00 3.315400e+00 8.381478e-01 8.343851e-01 8.263257e-01 8.181490e-01 8.082121e-01 7.959258e-01 7.834785e-01 1.861381e+00 2.197476e+00 2.190320e+00 3.056346e+00 1.815474e+00 2.881857e+00
1.707496e+00 2.387555e+00 2.971563e+00 3.040277e+01 3.186678e+01 2.539278e+01 2.330353e+01 2.455700e+01 2.614868e+01 2.819948e+01 3.005899e+01 3.133812e+01 3.347184e+01 3.770568e+01 4.383179e+01 5.225454e+01 6.077983e+01 5.916988e+01 5.864580e+01 5.098885e+00 5.060715e+00 5.028468e+00 2.459507e+01 5.054158e+00 4.899223e+00 4.883818e+00 4.654074e+00 8.249552e+00 4.199224e+00 0.000000e+00 0.000000e+00 8.536214e-01 8.557084e-01 8.516195e-01 2.804571e+00 3.199530e+00 2.965571e+00 3.255964e+00 8.422499e-01 8.423476e-01 8.394397e-01 8.316970e-01 8.233552e-01 8.145509e-01 8.040099e-01 7.909971e-01 7.790990e-01 2.494393e+00 2.492348e+00 3.189702e+00 2.216052e+00 3.082762e+00
4.166148e+00 2.329366e+01 2.326468e+01 4.010536e+00 4.045164e+00 4.083858e+00 4.118959e+00 4.148760e+00 4.168787e+00 4.200094e+00 4.233028e+00 4.485160e+00 4.376467e+00 4.392115e+00 4.407069e+00 4.420725e+00 9.075270e+00 1.349927e+01 1.342042e+01 6.572557e+01 6.484806e+01 4.898209e+01 5.144557e+01 3.978976e+01 4.942752e+00 4.916871e+00 4.726580e+00 7.096257e+00 0.000000e+00 0.000000e+00 8.588510e-01 1.555381e+00 8.566322e-01 8.523491e-01 3.180134e+00 3.495597e+00 3.288694e+00 3.519020e+00 8.482146e-01 8.486797e-01 8.462487e-01 8.386579e-01 8.286808e-01 8.193268e-01 8.124798e-01 8.038977e-01 7.910497e-01 2.726648e+00 2.722628e+00 3.264868e+00 2.521128e+00 3.212235e+00
3.041770e+01 3.948023e+00 3.966869e+00 3.983824e+00 3.999726e+00 4.017670e+00 4.035609e+00 4.035538e+00 4.059820e+00 4.090723e+00 4.126322e+00 3.979789e+00 4.007004e+00 4.036604e+00 4.066345e+00 4.503557e+00 4.410604e+00 2.107510e+01 2.454433e+01 2.789243e+01 3.097879e+01 5.688970e+00 2.877304e+01 9.666319e+01 6.682751e+01 4.872512e+00 4.743947e+00 8.846433e-01 0.000000e+00 1.223880e+00 1.546720e+00 2.140835e+00 8.590017e-01 1.554485e+00 3.491074e+00 3.736575e+00 3.555992e+00 3.736138e+00 8.527986e-01 8.531684e-01 8.505092e-01 8.438141e-01 8.336791e-01 8.224507e-01 8.166907e-01 8.125478e-01 8.027025e-01 7.904397e-01 2.902285e+00 3.303292e+00 2.751532e+00 3.285983e+00
3.941358e+00 3.942357e+00 3.942261e+00 3.939164e+00 3.936868e+00 3.936976e+00 3.901131e+00 3.910437e+00 3.930630e+00 3.962979e+00 3.729639e+00 3.760250e+00 3.795338e+00 3.833233e+00 4.142790e+00 4.020795e+00 2.096962e+01 4.305735e+00 4.324635e+00 4.173786e+00 4.171060e+00 0.000000e+00 0.000000e+00 0.000000e+00 1.378964e+02 7.976355e+01 4.794559e+00 0.000000e+00 0.000000e+00 1.925342e+00 2.221067e+00 2.627092e+00 8.620755e-01 2.147779e+00 3.747786e+00 3.929801e+00 3.774448e+00 8.538645e-01 8.564066e-01 8.570532e-01 8.532994e-01 8.464105e-01 8.371491e-01 8.249882e-01 8.181459e-01 8.166663e-01 8.122070e-01 8.042819e-01 3.052472e+00 3.330039e+00 2.933967e+00 3.326766e+00
3.943343e+00 3.929143e+00 3.913877e+00 3.898039e+00 3.880328e+00 3.791406e+00 3.781343e+00 3.783405e+00 3.804305e+00 3.442181e+00 3.470637e+00 3.504084e+00 3.541831e+00 3.966044e+00 3.770833e+00 1.637788e+01 4.161100e+00 3.899141e+00 3.742136e+00 3.754463e+00 4.384106e+00 3.984300e+00 4.152214e+00 0.000000e+00 0.000000e+00 0.000000e+00 1.536415e+01 0.000000e+00 8.907588e-01 2.464771e+00 2.760284e+00 3.171977e+00 1.562660e+00 2.643450e+00 3.954522e+00 4.083177e+00 3.952435e+00 8.563772e-01 8.586708e-01 8.607114e-01 8.576694e-01 8.498832e-01 8.401453e-01 8.275474e-01 8.195572e-01 8.178025e-01 8.156759e-01 1.450977e+00 3.180986e+00 3.356071e+00 3.080124e+00 3.351695e+00
3.937843e+00 3.913379e+00 3.891015e+00 3.864636e+00 3.708155e+00 3.678650e+00 3.661162e+00 3.665660e+00 3.126361e+00 3.147537e+00 3.175479e+00 3.209001e+00 3.780186e+00 3.477224e+00 1.587320e+01 4.001009e+00 3.605737e+00 3.403067e+00 3.424166e+00 3.977167e+00 3.488301e+00 3.697123e+00 3.714659e+00 3.839306e+00 3.809478e+00 0.000000e+00 0.000000e+00 0.000000e+00 1.581912e+01 1.539800e+00 5.530340e+00 3.594541e+00 2.118208e+00 3.038472e+00 4.111080e+00 4.203415e+00 4.098498e+00 8.598879e-01 8.605857e-01 8.629825e-01 8.617323e-01 8.545622e-01 8.438704e-01 8.300386e-01 8.208129e-01 8.173322e-01 8.148768e-01 1.976836e+00 3.291659e+00 3.387711e+00 3.198171e+00 3.374990e+00
3.932434e+00 3.905501e+00 3.875517e+00 3.639839e+00 3.596270e+00 3.560921e+00 3.550650e+00 2.788293e+00 2.797573e+00 2.814064e+00 2.840084e+00 3.598734e+00 3.151123e+00 1.852476e+01 3.852916e+00 3.268138e+00 3.001336e+00 3.017726e+00 3.720487e+00 3.085195e+00 3.128532e+00 3.161303e+00 3.336369e+00 3.331993e+00 3.436981e+00 2.794730e+00 0.000000e+00 0.000000e+00 0.000000e+00 0.000000e+00 7.316334e+00 3.893057e+00 2.687722e+00 3.349536e+00 4.224775e+00 4.294319e+00 4.216244e+00 8.627197e-01 8.641509e-01 8.655270e-01 8.648549e-01 8.596788e-01 8.501923e-01 8.367267e-01 8.269278e-01 8.216053e-01 8.176065e-01 2.406536e+00 3.388641e+00 3.430501e+00 3.301664e+00 3.411268e+00
3.933230e+00 3.900235e+00 3.564232e+00 3.514127e+00 3.465514e+00 3.441009e+00 2.409908e+00 2.414763e+00 2.419303e+00 2.433903e+00 3.424941e+00 2.795130e+00 2.530475e+01 3.734583e+00 2.894557e+00 2.552355e+00 2.558656e+00 3.434651e+00 2.614084e+00 2.657270e+00 2.691560e+00 2.715785e+00 2.734737e+00 2.880174e+00 2.871022e+00 0.000000e+00 0.000000e+00 1.615380e+00 2.280226e+00 0.000000e+00 0.000000e+00 0.000000e+00 3.157135e+00 3.791190e+00 4.307554e+00 4.359105e+00 4.307193e+00 8.638213e-01 8.677929e-01 8.684704e-01 8.676233e-01 8.642236e-01 8.574137e-01 8.466247e-01 8.374323e-01 8.305583e-01 8.242427e-01 2.758791e+00 3.474305e+00 3.485183e+00 3.402893e+00 3.471742e+00
