tests/data/reference/test_implicit_stream_rill_mfda/control/csheetvout_m3.asc
ncols	123
nrows	77
xllcorner	-713746.79929998
yllcorner	-1061022.36961616
cellsize	10.0
NODATA_value	-9999
[rows 46 to 68 of 77, columns 52 to 103 of 123]
4.075524e+00 3.562332e+00 3.506236e+00 3.445330e+00 3.404374e+00 1.971204e+00 1.977999e+00 1.981517e+00 1.990111e+00 3.328795e+00 2.420536e+00 2.861416e+01 3.771416e+00 2.498421e+00 2.063735e+00 2.061014e+00 3.170085e+00 2.092346e+00 2.131016e+00 2.161825e+00 2.179951e+00 2.200813e+00 2.222828e+00 2.228931e+00 4.291370e+00 0.000000e+00 4.719581e-01 9.346476e-01 1.717942e+00 2.390835e+00 2.963585e+00 0.000000e+00 0.000000e+00 0.000000e+00 4.742987e+00 4.534576e+00 4.502052e+00 8.615351e-01 8.688393e-01 8.700827e-01 8.690384e-01 8.660411e-01 8.613553e-01 8.539498e-01 8.471513e-01 8.410945e-01 8.346617e-01 3.095924e+00 3.659319e+00 3.657083e+00 3.602519e+00 3.656272e+00
3.422876e+00 3.371242e+00 3.303686e+00 3.250838e+00 1.433971e+00 1.440143e+00 1.441404e+00 1.449395e+00 3.135891e+00 1.969093e+00 2.979796e+01 3.738105e+00 2.025861e+00 1.493869e+00 1.488602e+00 2.835514e+00 1.493294e+00 1.520237e+00 1.547197e+00 1.558955e+00 1.569019e+00 1.588706e+00 1.606511e+00 4.122888e+00 8.764913e-01 0.000000e+00 4.875112e-01 1.288272e+00 2.007188e+00 2.648506e+00 3.216057e+00 3.707539e+00 4.179532e+00 0.000000e+00 0.000000e+00 4.533127e+00 4.538193e+00 8.533621e-01 8.656379e-01 8.693024e-01 8.682653e-01 8.643825e-01 8.610959e-01 8.572066e-01 8.540027e-01 8.506033e-01 8.457115e-01 3.360540e+00 3.745789e+00 3.733853e+00 3.708113e+00 3.752474e+00
3.188080e+00 3.129075e+00 3.065134e+00 7.908013e-01 7.979195e-01 7.967858e-01 7.983064e-01 2.905914e+00 1.435859e+00 3.092224e+01 3.733176e+00 1.473231e+00 8.246008e-01 8.207522e-01 2.463854e+00 8.165698e-01 8.235626e-01 8.387696e-01 8.469467e-01 8.489593e-01 8.558007e-01 8.670569e-01 3.924738e+00 1.601232e+00 2.230804e+00 0.000000e+00 4.821589e-01 2.713181e+00 3.321509e+00 3.865393e+00 4.347070e+00 4.761770e+00 5.090654e+00 8.310668e-01 0.000000e+00 4.747644e+00 4.536631e+00 8.433136e-01 8.598189e-01 8.673004e-01 8.676793e-01 8.632809e-01 8.608445e-01 8.594268e-01 8.590962e-01 8.580232e-01 8.543139e-01 3.590937e+00 3.837993e+00 3.821294e+00 3.815370e+00 3.856720e+00
2.882749e+00 2.829631e+00 7.799985e-01 1.399796e+00 1.902009e+00 2.307652e+00 2.634536e+00 7.920680e-01 3.198466e+01 3.746200e+00 8.111547e-01 8.195284e-01 1.481780e+00 2.021319e+00 8.167584e-01 1.472553e+00 2.014798e+00 2.474718e+00 2.865753e+00 3.194807e+00 3.471713e+00 3.706991e+00 8.634728e-01 8.794689e-01 5.224025e+00 0.000000e+00 1.528687e+00 1.917593e+00 2.634301e+00 3.267084e+00 3.830727e+00 4.325108e+00 4.738900e+00 5.328477e+00 0.000000e+00 0.000000e+00 4.499927e+00 8.328630e-01 8.515818e-01 8.629878e-01 8.662389e-01 8.631816e-01 8.615056e-01 8.613136e-01 8.630369e-01 8.638983e-01 8.609224e-01 3.793775e+00 3.938670e+00 3.919176e+00 3.923447e+00 3.960116e+00
2.502617e+00 1.533127e+01 1.474922e+01 1.404952e+01 1.322192e+01 1.226681e+01 1.119827e+01 3.299011e+01 3.761482e+00 8.022219e-01 1.449009e+00 1.983042e+00 2.425530e+00 2.789259e+00 3.086739e+00 3.327787e+00 3.523816e+00 3.687147e+00 3.823634e+00 3.936365e+00 4.029682e+00 4.107271e+00 4.179360e+00 4.257835e+00 5.607569e+00 0.000000e+00 1.219927e+00 8.804195e-01 1.724795e+00 2.466945e+00 3.125265e+00 3.709897e+00 4.216010e+00 9.258112e+00 5.480548e+00 0.000000e+00 4.702596e+00 8.256314e-01 8.446040e-01 8.579116e-01 8.632899e-01 8.623756e-01 8.619585e-01 8.620796e-01 1.577907e+00 1.582139e+00 8.663909e-01 3.974688e+00 4.047247e+00 4.025155e+00 4.031828e+00 4.059661e+00
1.580684e+01 3.928839e+00 7.723850e+00 8.412146e+00 1.211527e+01 1.909054e+01 2.274160e+01 3.762872e+00 3.579934e+00 3.638460e+00 3.678424e+00 3.706688e+00 3.730821e+00 3.755327e+00 3.783065e+00 3.815800e+00 7.575219e+00 7.447638e+00 7.283782e+00 7.084229e+00 6.846355e+00 6.564766e+00 6.249282e+00 5.921105e+00 3.985432e+00 0.000000e+00 8.768576e-01 1.616675e+00 2.253756e+00 2.955832e+00 3.580716e+00 4.137997e+00 4.622843e+00 5.020702e+00 9.454773e+00 0.000000e+00 0.000000e+00 8.920017e-01 8.405730e-01 8.537999e-01 8.600060e-01 8.608897e-01 8.621624e-01 8.622842e-01 2.178582e+00 2.188265e+00 8.703853e-01 4.138632e+00 4.161375e+00 4.135856e+00 4.140564e+00 4.156711e+00
3.826839e+00 3.820126e+00 8.154576e-01 3.917029e+00 7.294224e+00 4.063290e+00 3.727108e+00 3.492250e+00 3.751078e+00 3.788102e+00 3.811193e+00 3.821268e+00 3.824451e+00 3.826583e+00 3.831003e+00 3.840239e+00 8.278747e-01 1.515108e+00 2.098550e+00 2.596729e+00 3.012566e+00 3.339922e+00 3.595533e+00 3.803712e+00 8.545609e-01 0.000000e+00 1.333758e+00 2.038151e+00 2.642170e+00 3.167174e+00 3.796848e+00 4.353905e+00 4.838949e+00 5.245928e+00 5.333232e+00 9.631259e+00 0.000000e+00 1.639124e+00 8.405859e-01 8.500533e-01 8.547505e-01 8.558520e-01 8.590590e-01 1.574013e+00 2.686811e+00 2.702835e+00 1.595276e+00 4.288667e+00 4.279362e+00 4.249222e+00 4.248416e+00 4.251828e+00
3.668891e+00 3.676541e+00 3.828360e+00 7.428670e+00 4.075971e+00 3.636590e+00 3.353010e+00 3.692609e+00 3.909906e+00 7.405953e+00 7.307729e+00 7.143701e+00 6.914281e+00 6.623023e+00 6.276488e+00 5.886952e+00 5.477700e+00 5.080598e+00 4.729402e+00 4.465790e+00 4.321424e+00 4.268971e+00 8.333847e+00 9.007189e+00 8.836460e+00 0.000000e+00 1.884112e+00 2.385741e+00 2.895278e+00 3.368902e+00 3.792256e+00 4.355269e+00 4.846624e+00 5.270267e+00 5.580753e+00 1.500516e+01 0.000000e+00 0.000000e+00 9.210800e-01 8.480721e-01 8.478062e-01 8.467106e-01 1.559271e+00 2.168896e+00 3.118654e+00 3.142051e+00 2.209458e+00 4.425982e+00 4.399221e+00 4.363867e+00 4.353904e+00 4.345527e+00
3.470209e+00 3.961124e+00 7.480031e+00 4.060026e+00 3.489142e+00 3.151131e+00 3.589944e+00 3.889548e+00 3.530483e+00 3.945757e+00 3.986985e+00 4.021139e+00 4.042521e+00 4.045824e+00 4.034060e+00 4.015325e+00 3.999313e+00 3.997391e+00 4.016510e+00 4.060830e+00 4.119363e+00 4.164288e+00 8.175716e-01 8.427502e-01 1.550926e+00 0.000000e+00 1.418863e+00 2.121075e+00 2.726682e+00 2.498840e+00 2.827083e+00 4.677065e+00 5.197463e+00 5.639265e+00 1.008693e+01 2.057776e+01 9.486821e-01 0.000000e+00 9.318726e-01 9.283429e-01 8.500325e-01 8.484022e-01 2.145602e+00 2.672948e+00 3.488356e+00 3.518872e+00 2.733438e+00 4.550288e+00 4.516670e+00 4.477282e+00 4.456836e+00 4.437902e+00
3.845217e+00 3.475272e+00 4.006749e+00 3.275831e+00 2.883000e+00 3.432550e+00 3.841970e+00 3.350197e+00 3.904477e+00 8.297175e-01 7.547023e+00 1.096796e+01 1.086561e+01 1.751798e+01 2.128295e+01 2.094404e+01 2.053110e+01 2.004385e+01 1.948614e+01 1.885866e+01 1.814280e+01 1.729822e+01 1.632604e+01 1.526871e+01 0.000000e+00 0.000000e+00 9.054395e-01 1.661200e+00 2.315986e+00 2.888637e+00 3.386472e+00 3.812924e+00 4.177586e+00 4.702772e+00 5.153150e+00 1.158185e+01 2.144685e+01 0.000000e+00 9.425218e-01 9.378699e-01 8.601641e-01 1.558225e+00 2.651355e+00 3.108955e+00 3.807229e+00 3.842772e+00 3.182025e+00 4.660476e+00 4.626664e+00 4.586292e+00 4.557427e+00 4.528902e+00
3.195235e+00 3.920021e+00 2.976943e+00 2.537252e+00 3.213168e+00 3.753941e+00 3.116295e+00 3.861703e+00 3.372714e+00 6.662379e+00 3.441401e+00 3.465189e+00 6.830621e+00 4.026746e+00 3.684625e+00 7.269936e+00 7.282691e+00 7.232148e+00 7.124743e+00 6.965839e+00 6.753126e+00 6.478987e+00 6.160864e+00 5.831292e+00 0.000000e+00 4.428397e-01 1.205444e+00 1.893947e+00 2.500031e+00 3.029292e+00 3.490197e+00 3.890852e+00 4.238482e+00 4.537813e+00 5.010424e+00 1.048985e+01 1.909658e+01 0.000000e+00 0.000000e+00 9.561346e-01 1.693325e+00 2.171082e+00 3.093863e+00 3.489064e+00 4.080921e+00 4.119367e+00 3.567267e+00 4.756611e+00 4.725127e+00 4.685790e+00 4.651324e+00 4.614567e+00
3.824055e+00 2.585210e+00 2.089961e+00 2.921287e+00 3.618470e+00 2.815966e+00 3.802760e+00 3.117594e+00 3.151516e+00 3.174924e+00 3.191959e+00 3.211181e+00 3.957426e+00 3.477779e+00 3.494193e+00 4.008467e+00 7.549822e+00 1.106438e+01 1.258483e+01 1.295440e+01 1.528976e+01 1.496268e+01 1.455985e+01 1.409725e+01 0.000000e+00 4.506945e-01 1.208166e+00 1.890625e+00 2.486085e+00 3.000258e+00 3.447723e+00 3.842560e+00 4.189824e+00 4.491376e+00 4.972271e+00 5.379547e+00 1.428290e+01 1.945286e+01 0.000000e+00 1.802647e+00 2.443119e+00 2.710642e+00 3.484713e+00 3.820631e+00 4.313319e+00 4.352632e+00 3.897959e+00 4.839560e+00 4.808902e+00 4.769568e+00 4.731155e+00 4.687673e+00
2.105715e+00 1.528693e+00 2.543831e+00 3.426168e+00 2.442589e+00 3.723866e+00 2.801263e+00 2.832474e+00 2.854634e+00 2.867183e+00 2.877389e+00 3.872219e+00 3.204991e+00 3.227698e+00 3.918192e+00 3.493842e+00 3.529572e+00 4.026508e+00 3.796069e+00 7.546444e+00 7.627850e+00 7.647703e+00 7.611431e+00 7.524307e+00 0.000000e+00 4.503460e-01 1.208040e+00 1.884297e+00 2.470713e+00 2.975031e+00 2.545250e+00 2.263320e+00 2.399045e+00 2.162263e+00 2.404726e+00 3.262748e+00 4.945232e+00 1.015460e+01 0.000000e+00 0.000000e+00 3.117073e+00 3.351832e+00 3.828051e+00 4.107016e+00 4.507804e+00 4.545596e+00 4.177479e+00 4.908755e+00 4.876991e+00 4.836421e+00 4.795931e+00 4.747219e+00
8.495186e-01 2.086685e+00 3.176788e+00 1.985288e+00 3.619487e+00 2.422368e+00 2.449781e+00 2.468298e+00 2.479825e+00 2.485687e+00 3.793047e+00 2.866317e+00 2.894739e+00 3.822267e+00 3.212103e+00 3.240702e+00 3.899004e+00 3.537107e+00 3.595786e+00 3.663769e+00 6.992534e+00 8.018265e+00 7.246887e+00 4.054252e+00 0.000000e+00 9.300000e+21 9.300000e+21 3.184519e+00 2.648234e+00 2.707524e+00 2.795143e+00 2.009801e+00 1.743479e+00 2.320706e+00 2.337722e+00 1.538471e+00 2.280058e+00 5.329690e+00 1.181032e+01 0.000000e+00 0.000000e+00 3.922350e+00 4.337700e+00 4.349346e+00 4.667035e+00 4.700826e+00 4.407267e+00 4.962578e+00 4.929183e+00 4.887809e+00 4.848171e+00 4.796091e+00
1.536260e+00 2.878223e+00 1.440529e+00 3.483597e+00 1.967951e+00 1.996631e+00 2.011537e+00 2.018491e+00 2.020012e+00 3.728904e+00 2.467825e+00 2.494003e+00 3.726343e+00 2.874072e+00 2.898332e+00 3.772753e+00 3.233074e+00 3.284026e+00 3.344669e+00 3.099629e+00 8.726318e-01 8.729449e-01 2.731707e+00 8.879618e-01 0.000000e+00 9.190603e-01 1.671248e+00 2.768027e+00 3.301513e+00 2.249365e+00 1.627999e+00 1.641490e+00 1.655583e+00 1.667300e+00 1.681111e+00 1.699430e+00 1.707089e+00 2.497018e+00 3.144578e+00 1.584434e+01 0.000000e+00 0.000000e+00 4.773463e+00 4.544609e+00 4.791782e+00 4.821563e+00 4.591704e+00 5.002437e+00 4.967240e+00 4.924183e+00 4.885193e+00 4.830782e+00
2.510307e+00 8.004880e-01 3.315957e+00 1.423359e+00 1.451187e+00 1.466865e+00 1.473279e+00 1.469390e+00 3.683575e+00 1.997141e+00 2.021408e+00 3.642503e+00 2.470615e+00 2.490827e+00 3.654064e+00 2.878143e+00 2.922301e+00 2.975224e+00 2.659897e+00 8.709038e-01 1.595496e+00 2.204463e+00 8.738169e-01 1.614282e+00 0.000000e+00 1.481682e+00 2.181056e+00 2.823925e+00 1.619308e+00 8.824479e-01 8.854701e-01 8.910566e-01 8.973151e-01 9.032277e-01 9.109876e-01 9.207355e-01 1.494462e+00 1.528492e+00 3.294256e+00 8.431644e+00 2.151052e+01 0.000000e+00 5.115490e+00 4.924994e+00 4.880473e+00 4.910666e+00 4.736053e+00 5.031188e+00 4.994543e+00 4.946702e+00 4.903501e+00 8.569672e-01
2.829631e+00 3.111244e+00 7.808802e-01 7.958363e-01 8.070325e-01 8.139057e-01 8.134387e-01 3.665288e+00 1.442803e+00 1.458884e+00 3.578493e+00 1.998391e+00 2.010728e+00 3.551908e+00 2.461956e+00 2.500319e+00 2.546216e+00 2.148767e+00 8.689006e-01 1.594337e+00 2.208168e+00 2.724824e+00 3.166597e+00 3.554520e+00 0.000000e+00 1.606699e+00 2.264233e+00 8.826790e-01 8.797521e-01 1.614863e+00 2.240827e+00 2.778983e+00 3.247011e+00 3.658860e+00 4.025427e+00 2.221880e+00 9.200748e-01 9.227215e-01 1.700021e+00 2.461534e+00 3.058387e+00 0.000000e+00 0.000000e+00 5.218263e+00 4.932534e+00 4.969247e+00 4.842225e+00 5.046375e+00 5.008369e+00 4.952403e+00 8.516911e-01 3.156688e+00
3.583816e+00 3.658246e+00 3.691469e+00 3.699139e+00 3.692021e+00 3.680677e+00 3.669051e+00 7.950812e-01 7.967138e-01 3.538032e+00 1.446001e+00 1.453761e+00 3.480661e+00 1.980220e+00 2.010592e+00 2.047858e+00 1.548797e+00 8.658541e-01 1.589296e+00 2.204784e+00 2.729137e+00 3.171722e+00 3.548716e+00 3.875360e+00 0.000000e+00 1.601569e+00 2.251438e+00 2.807872e+00 3.281389e+00 3.684102e+00 4.025546e+00 4.310955e+00 4.547693e+00 4.744649e+00 4.910434e+00 5.053530e+00 2.578361e+00 1.725239e+00 1.724018e+00 2.015800e+00 4.740756e+00 1.418512e+01 0.000000e+00 0.000000e+00 5.217110e+00 4.997979e+00 8.600106e-01 5.042579e+00 5.002476e+00 8.498642e-01 3.157106e+00 2.729469e+00
2.754444e+00 3.011711e+00 3.199405e+00 3.330592e+00 3.418166e+00 3.475231e+00 3.509117e+00 3.522017e+00 3.523353e+00 7.938092e-01 7.992847e-01 3.444083e+00 1.429052e+00 1.446505e+00 1.470988e+00 8.442712e-01 8.562288e-01 1.573165e+00 2.185395e+00 2.710029e+00 3.158819e+00 3.539636e+00 3.862383e+00 4.136131e+00 0.000000e+00 1.595401e+00 2.243765e+00 2.806689e+00 3.290630e+00 3.702882e+00 4.051494e+00 4.340861e+00 4.576713e+00 4.766488e+00 4.919666e+00 5.046741e+00 5.154747e+00 3.453900e+00 9.126748e-01 9.105365e-01 1.666637e+00 2.395592e+00 1.299303e+01 0.000000e+00 5.528844e+00 5.267785e+00 8.556818e-01 8.503085e-01 8.477693e-01 8.550309e-01 2.739837e+00 2.221059e+00
1.924930e+00 2.313305e+00 2.627905e+00 2.878856e+00 3.073994e+00 3.219738e+00 3.322043e+00 3.386033e+00 3.419538e+00 3.431875e+00 3.432727e+00 7.862577e-01 7.933734e-01 8.021906e-01 8.181283e-01 1.499389e+00 2.083958e+00 2.592794e+00 3.036007e+00 3.419344e+00 3.747812e+00 4.024539e+00 8.456478e+00 9.132890e+00 0.000000e+00 2.212197e+00 2.685903e+00 3.147111e+00 3.569666e+00 3.942253e+00 4.261738e+00 4.527078e+00 4.740191e+00 4.905284e+00 5.030263e+00 5.125706e+00 5.199825e+00 5.260486e+00 5.045325e+00 2.620574e+00 3.715857e+00 6.558871e+00 6.865147e+00 0.000000e+00 0.000000e+00 5.463717e+00 8.529034e-01 8.525652e-01 8.510724e-01 3.193503e+00 2.752686e+00 2.221594e+00
7.648474e-01 1.376053e+00 1.877690e+00 2.291883e+00 2.630189e+00 2.894972e+00 3.093399e+00 3.236148e+00 3.328453e+00 3.371066e+00 3.376234e+00 3.363875e+00 3.352245e+00 3.356922e+00 3.391890e+00 3.466118e+00 3.578408e+00 3.722248e+00 3.884385e+00 4.049878e+00 4.207097e+00 4.347209e+00 8.657639e-01 0.000000e+00 0.000000e+00 1.255069e+00 1.975509e+00 2.596980e+00 3.134390e+00 3.594909e+00 3.985677e+00 4.311216e+00 4.575261e+00 4.781541e+00 4.936218e+00 5.047969e+00 5.128171e+00 5.189105e+00 5.239074e+00 4.322645e+00 3.068224e+00 5.193222e+00 6.408149e+00 6.628326e+00 0.000000e+00 0.000000e+00 1.640548e+00 8.583595e-01 8.652747e-01 8.743889e-01 8.817515e-01 1.619551e+00
-9.999000e+03 -9.999000e+03 -9.999000e+03 -9.999000e+03 -9.999000e+03 -9.999000e+03 -9.999000e+03 7.909575e-01 7.844624e-01 7.653760e-01 7.564489e-01 7.644329e-01 1.376111e+00 1.890375e+00 2.332987e+00 2.719527e+00 3.061790e+00 3.369073e+00 3.642047e+00 3.878102e+00 4.076705e+00 4.237161e+00 4.369223e+00 0.000000e+00 4.786483e-01 1.215137e+00 1.883516e+00 2.482165e+00 3.013635e+00 3.479934e+00 3.883123e+00 4.224373e+00 4.505097e+00 4.726304e+00 4.891148e+00 5.005119e+00 5.080716e+00 5.133413e+00 5.173261e+00 5.208519e+00 3.725615e+00 2.605949e+00 5.235347e+00 6.526854e+00 6.760372e+00 0.000000e+00 0.000000e+00 9.387097e-01 8.800519e-01 8.857279e-01 8.884786e-01 8.879399e-01
-9.999000e+03 -9.999000e+03 -9.999000e+03 -9.999000e+03 -9.999000e+03 -9.999000e+03 -9.999000e+03 -9.999000e+03 -9.999000e+03 -9.999000e+03 1.356973e+00 1.353200e+00 7.857516e-01 8.118423e-01 1.479121e+00 2.036815e+00 2.511981e+00 2.926335e+00 3.285346e+00 3.588105e+00 3.837364e+00 4.036401e+00 4.198728e+00 0.000000e+00 4.767593e-01 1.210630e+00 1.874714e+00 2.470252e+00 3.001631e+00 3.088010e+00 4.016450e+00 4.344111e+00 4.616753e+00 4.831826e+00 4.989765e+00 5.094150e+00 5.154820e+00 5.185835e+00 5.199537e+00 5.208198e+00 5.220281e+00 2.828203e+00 3.495017e+00 6.129096e+00 6.451158e+00 6.649378e+00 0.000000e+00 0.000000e+00 8.868767e-01 8.941070e-01 -9.999000e+03 -9.999000e+03
