tests/data/reference/test_implicit_stream_rill_mfda/control/csheetvout_m3.asc
ncols	123
nrows	77
xllcorner	-713746.79929998
yllcorner	-1061022.36961616
cellsize	10.0
NODATA_value	-9999
[rows 46 to 68 of 77, columns 0 to 51 of 123]
-9.999000e+03 -9.999000e+03 -9.999000e+03 -9.999000e+03 -9.999000e+03 -9.999000e+03 1.930839e+00 6.013865e+00 1.504097e+00 1.536527e+00 6.721345e-01 1.196899e+00 1.842283e+00 2.028272e+00 2.205166e+00 3.010584e+00 2.121033e+00 2.242684e+00 2.324076e+00 2.406279e+00 2.498308e+00 1.336648e+00 1.347800e+00 1.346399e+00 1.803759e+00 2.174254e+00 2.467938e+00 2.685816e+00 2.842467e+00 2.954255e+00 3.030325e+00 2.876239e+01 3.103293e+01 3.387471e+00 3.438182e+00 3.484859e+00 3.525616e+00 3.562394e+00 3.599641e+00 3.644436e+00 3.714274e+00 3.768326e+00 3.834650e+00 3.894528e+00 3.949899e+00 3.990214e+00 4.014137e+00 4.024679e+00 4.023846e+00 4.017071e+00 3.989143e+00 3.964910e+00
-9.999000e+03 -9.999000e+03 -9.999000e+03 -9.999000e+03 -9.999000e+03 -9.999000e+03 3.435624e+00 3.159632e+00 1.173521e+00 1.194577e+00 6.964769e-01 1.555734e+00 1.809092e+00 2.072230e+00 3.272658e+00 1.921540e+00 2.101469e+00 2.216825e+00 2.303125e+00 2.390293e+00 7.475474e-01 7.578728e-01 7.629511e-01 7.625284e-01 1.355215e+00 1.832123e+00 2.211531e+00 1.998314e+01 2.221671e+01 2.446125e+01 2.673307e+01 3.329472e+00 3.365837e+00 3.413967e+00 3.451052e+00 3.478477e+00 3.500739e+00 3.524320e+00 3.556195e+00 3.628682e+00 3.675542e+00 3.746512e+00 3.805570e+00 3.866246e+00 3.917847e+00 3.953603e+00 3.976023e+00 3.991393e+00 4.013428e+00 4.001923e+00 3.986188e+00 3.956889e+00
-9.999000e+03 -9.999000e+03 -9.999000e+03 -9.999000e+03 -9.999000e+03 1.928559e+00 2.675895e+00 3.272814e+00 6.838585e-01 6.891443e-01 1.163637e+00 1.498310e+00 1.881184e+00 3.519176e+00 1.623457e+00 1.895504e+00 2.080548e+00 2.201489e+00 2.290306e+00 2.374697e+00 4.652059e+00 6.878693e+00 9.086421e+00 1.275975e+01 1.448097e+01 1.642976e+01 1.851797e+01 3.050539e+00 3.119646e+00 3.206785e+00 3.265822e+00 3.308851e+00 3.362318e+00 3.396332e+00 3.417762e+00 3.430969e+00 3.442399e+00 3.461587e+00 3.539792e+00 3.570263e+00 3.643965e+00 3.699018e+00 3.760656e+00 3.817291e+00 3.862774e+00 3.895572e+00 3.921180e+00 3.966649e+00 3.970041e+00 3.974963e+00 3.951572e+00 3.171279e+00
-9.999000e+03 -9.999000e+03 -9.999000e+03 -9.999000e+03 5.095316e+00 1.349420e+00 1.496181e+00 2.594167e+00 6.670577e-01 6.547965e-01 1.108543e+00 1.661528e+00 3.743329e+00 1.210103e+00 1.586038e+00 1.859037e+00 2.049585e+00 2.174424e+00 2.262089e+00 2.324742e+00 2.395095e+00 2.477390e+00 4.083289e+00 2.231056e+00 2.540934e+00 2.755602e+00 2.890165e+00 2.975236e+00 3.078224e+00 3.148066e+00 3.205012e+00 3.274182e+00 3.312277e+00 3.333642e+00 3.344322e+00 3.348811e+00 3.355489e+00 3.447909e+00 3.456819e+00 3.535521e+00 3.582345e+00 3.642567e+00 3.699790e+00 3.748211e+00 3.786495e+00 3.820267e+00 3.893190e+00 3.902000e+00 3.921738e+00 3.901806e+00 2.902765e+00 2.887153e+00
-9.999000e+03 -9.999000e+03 -9.999000e+03 -9.999000e+03 3.180649e+00 1.950073e+00 1.139179e+00 1.363396e+00 1.061174e+00 6.314058e-01 1.436766e+00 3.944384e+00 6.813490e-01 1.180603e+00 1.545222e+00 1.809410e+00 2.000196e+00 2.124275e+00 2.177180e+00 2.227484e+00 2.290700e+00 4.217090e+00 1.845165e+00 2.222794e+00 2.490613e+00 2.658326e+00 2.760039e+00 2.890086e+00 2.972330e+00 3.042141e+00 3.137913e+00 3.189993e+00 3.218468e+00 3.231749e+00 3.234934e+00 3.234388e+00 3.351759e+00 3.330343e+00 3.419614e+00 3.456110e+00 3.515420e+00 3.572461e+00 3.620474e+00 3.658052e+00 3.692973e+00 3.796990e+00 3.806221e+00 3.838766e+00 3.809527e+00 2.536787e+00 2.535592e+00 2.517034e+00
-9.999000e+03 -9.999000e+03 -9.999000e+03 1.929183e+00 1.254672e+00 1.794958e+00 6.459924e-01 1.001639e+00 6.146599e-01 1.187065e+00 2.629117e+00 1.481377e+00 6.630516e-01 1.141648e+00 1.485558e+00 1.743946e+00 1.934632e+00 2.001499e+00 2.032456e+00 2.069755e+00 4.300425e+00 1.359258e+00 1.813580e+00 2.141413e+00 2.350150e+00 2.466280e+00 2.625322e+00 2.722427e+00 2.808151e+00 2.934382e+00 3.003547e+00 3.045084e+00 3.068091e+00 3.076479e+00 3.076245e+00 3.243326e+00 3.185438e+00 3.292331e+00 3.312614e+00 3.371743e+00 3.431564e+00 3.480627e+00 3.516048e+00 3.548184e+00 3.688404e+00 3.684387e+00 3.728149e+00 3.683542e+00 2.073887e+00 2.078736e+00 2.073852e+00 2.055946e+00
-9.999000e+03 -9.999000e+03 -9.999000e+03 1.927062e+00 1.921815e+00 9.554022e-01 6.000361e-01 5.654873e-01 8.771564e-01 9.079535e-01 1.760082e+00 1.279607e+00 6.355113e-01 1.079819e+00 1.411562e+00 1.668795e+00 1.766951e+00 1.800794e+00 1.815671e+00 4.323520e+00 7.501402e-01 1.309879e+00 1.710365e+00 1.963239e+00 2.091981e+00 2.286975e+00 2.393681e+00 2.492635e+00 2.659198e+00 2.747113e+00 2.801446e+00 2.835113e+00 2.851991e+00 2.856898e+00 3.101986e+00 3.003433e+00 3.147404e+00 3.147418e+00 3.203507e+00 3.264957e+00 3.319135e+00 3.355572e+00 3.385620e+00 3.575803e+00 3.544259e+00 3.591995e+00 3.521964e+00 1.511422e+00 1.516319e+00 1.515754e+00 1.508975e+00 1.535650e+01
-9.999000e+03 -9.999000e+03 7.213722e+00 1.775433e-01 9.326327e-01 8.757935e-01 5.256701e-01 4.961802e-01 5.200313e-01 4.814966e-01 1.233776e+00 1.052287e+00 5.886233e-01 1.009077e+00 1.339699e+00 1.452179e+00 1.498088e+00 1.516431e+00 2.518636e+00 1.774329e+00 7.095414e-01 1.210885e+00 1.519144e+00 1.648575e+00 1.887665e+00 2.001980e+00 2.108461e+00 2.320863e+00 2.429300e+00 2.498148e+00 2.542614e+00 2.566069e+00 2.573246e+00 2.924904e+00 2.765160e+00 2.967078e+00 2.945884e+00 3.005680e+00 3.064935e+00 3.119080e+00 3.158727e+00 3.190448e+00 3.453672e+00 3.384404e+00 3.434391e+00 3.326272e+00 8.300983e-01 8.351491e-01 8.359070e-01 8.328342e-01 1.573640e+01 3.595764e+00
-9.999000e+03 -9.999000e+03 5.390819e+00 9.577414e-01 5.966813e-01 5.311285e-01 4.647239e-01 5.277312e-01 8.175975e-01 6.998133e-01 4.944409e-01 8.055950e-01 5.408984e-01 9.539143e-01 1.064866e+00 1.104114e+00 1.121862e+00 1.143835e+00 1.141283e+00 1.514017e+00 6.494472e-01 1.037003e+00 1.153952e+00 1.443891e+00 1.555967e+00 1.664685e+00 1.931539e+00 2.053481e+00 2.135412e+00 2.192768e+00 2.224940e+00 2.232838e+00 2.724809e+00 2.472239e+00 2.751169e+00 2.688797e+00 2.759415e+00 2.826972e+00 2.878485e+00 2.912971e+00 2.944259e+00 3.308419e+00 3.188066e+00 3.245332e+00 3.092684e+00 3.107627e+00 3.347544e+00 3.542184e+00 1.255392e+01 1.605123e+01 3.409306e+00 3.406777e+00
-9.999000e+03 1.915643e+00 5.625439e+00 1.357112e+00 5.775010e-01 4.045329e-01 5.446693e-01 5.433792e-01 -9.999000e+03 -9.999000e+03 -9.999000e+03 4.900228e-01 5.170455e-01 5.961370e-01 6.256042e-01 6.271991e-01 6.400987e-01 6.612867e-01 6.392579e-01 5.486365e-01 5.237487e-01 6.083701e-01 9.767175e-01 1.071846e+00 1.165878e+00 1.499975e+00 1.623736e+00 1.706576e+00 1.771063e+00 1.812920e+00 1.827783e+00 2.513216e+00 2.130864e+00 2.517452e+00 2.384643e+00 2.457779e+00 2.535055e+00 2.592513e+00 2.621738e+00 2.645341e+00 3.138176e+00 2.939224e+00 3.004876e+00 2.802560e+00 2.812754e+00 3.434426e+00 6.331256e+00 9.143580e+00 3.743373e+00 3.167535e+00 3.166996e+00 3.167950e+00
-9.999000e+03 5.479912e+00 1.496582e+00 5.757357e-01 5.127330e-01 5.210413e-01 -9.999000e+03 -9.999000e+03 -9.999000e+03 -9.999000e+03 -9.999000e+03 -9.999000e+03 5.380237e-01 5.818245e-01 9.829370e-01 1.261476e+00 6.271293e-01 1.078901e+00 1.367840e+00 1.411334e+00 4.840403e-01 4.927997e-01 5.619821e-01 6.259737e-01 1.043378e+00 1.148586e+00 1.215619e+00 1.272417e+00 1.314331e+00 1.333556e+00 2.286351e+00 1.736086e+00 2.275315e+00 2.037767e+00 2.106642e+00 2.185818e+00 2.248490e+00 2.275946e+00 2.291001e+00 2.949518e+00 2.635989e+00 2.704221e+00 2.441824e+00 2.450301e+00 3.236047e+00 2.807181e+00 2.827140e+00 3.633857e+00 2.861439e+00 2.863210e+00 2.860995e+00 3.616688e+00
1.929362e+00 1.646600e+00 8.740693e-01 5.171875e-01 3.863679e-01 5.813288e-01 -9.999000e+03 -9.999000e+03 -9.999000e+03 -9.999000e+03 -9.999000e+03 -9.999000e+03 -9.999000e+03 -9.999000e+03 -9.999000e+03 6.340128e-01 1.494450e+00 6.528081e-01 6.343778e-01 6.041958e-01 1.891730e+00 -9.999000e+03 -9.999000e+03 5.618023e-01 6.274243e-01 6.607575e-01 6.928327e-01 7.212073e-01 7.344569e-01 2.037754e+00 1.264961e+00 2.025244e+00 1.639220e+00 1.698167e+00 1.771941e+00 1.834238e+00 1.863375e+00 1.872067e+00 2.742017e+00 2.271567e+00 2.338222e+00 1.999481e+00 2.008644e+00 2.994459e+00 2.434027e+00 2.447222e+00 3.505522e+00 2.479202e+00 2.486171e+00 2.482868e+00 3.448784e+00 2.831035e+00
1.923800e+00 5.024875e-01 4.830822e-01 4.819277e-01 5.867949e-01 -9.999000e+03 -9.999000e+03 -9.999000e+03 -9.999000e+03 -9.999000e+03 -9.999000e+03 -9.999000e+03 -9.999000e+03 -9.999000e+03 -9.999000e+03 -9.999000e+03 -9.999000e+03 -9.999000e+03 -9.999000e+03 -9.999000e+03 -9.999000e+03 -9.999000e+03 -9.999000e+03 5.435525e-01 6.124919e-01 6.349196e-01 1.107137e+00 1.484948e+00 1.777003e+00 6.956024e-01 1.761932e+00 1.178877e+00 1.220894e+00 1.281993e+00 1.336425e+00 1.361533e+00 1.371162e+00 2.519862e+00 1.840662e+00 1.896444e+00 1.460797e+00 1.470551e+00 2.701046e+00 1.989354e+00 1.993161e+00 3.359183e+00 2.014070e+00 2.021779e+00 2.023069e+00 3.247027e+00 2.433899e+00 3.624229e+00
-9.999000e+03 5.997940e-01 5.817022e-01 6.337916e-01 -9.999000e+03 -9.999000e+03 -9.999000e+03 -9.999000e+03 -9.999000e+03 -9.999000e+03 -9.999000e+03 -9.999000e+03 -9.999000e+03 -9.999000e+03 -9.999000e+03 -9.999000e+03 -9.999000e+03 -9.999000e+03 -9.999000e+03 -9.999000e+03 -9.999000e+03 -9.999000e+03 -9.999000e+03 -9.999000e+03 -9.999000e+03 -9.999000e+03 6.612361e-01 6.849821e-01 1.176309e+00 1.488861e+00 6.428495e-01 6.658902e-01 7.007082e-01 7.387343e-01 7.546528e-01 7.583863e-01 2.273458e+00 1.340346e+00 1.374490e+00 8.045711e-01 8.137778e-01 2.344625e+00 1.456554e+00 1.457497e+00 3.200168e+00 1.463751e+00 1.467228e+00 1.468724e+00 3.010175e+00 1.974947e+00 3.534576e+00 1.517357e+00
-9.999000e+03 -9.999000e+03 -9.999000e+03 -9.999000e+03 -9.999000e+03 -9.999000e+03 -9.999000e+03 -9.999000e+03 -9.999000e+03 -9.999000e+03 -9.999000e+03 -9.999000e+03 -9.999000e+03 -9.999000e+03 -9.999000e+03 -9.999000e+03 -9.999000e+03 -9.999000e+03 -9.999000e+03 -9.999000e+03 -9.999000e+03 -9.999000e+03 -9.999000e+03 -9.999000e+03 -9.999000e+03 -9.999000e+03 -9.999000e+03 -9.999000e+03 6.719979e-01 1.100849e+00 6.152118e-01 6.386833e-01 6.822968e-01 1.229112e+00 1.664936e+00 1.991455e+00 7.401076e-01 7.595514e-01 7.768066e-01 1.401926e+00 1.914906e+00 8.057019e-01 8.084143e-01 3.021061e+00 8.105465e-01 8.109075e-01 8.095780e-01 2.727477e+00 1.440333e+00 3.469291e+00 8.238401e-01 8.460273e-01
-9.999000e+03 -9.999000e+03 -9.999000e+03 -9.999000e+03 -9.999000e+03 -9.999000e+03 -9.999000e+03 -9.999000e+03 -9.999000e+03 -9.999000e+03 -9.999000e+03 -9.999000e+03 -9.999000e+03 -9.999000e+03 -9.999000e+03 -9.999000e+03 -9.999000e+03 -9.999000e+03 -9.999000e+03 -9.999000e+03 -9.999000e+03 -9.999000e+03 -9.999000e+03 -9.999000e+03 -9.999000e+03 -9.999000e+03 -9.999000e+03 -9.999000e+03 -9.999000e+03 6.291995e-01 1.391727e+00 1.087554e+00 1.154840e+00 7.392548e-01 7.464411e-01 7.280957e-01 7.292964e-01 7.524862e-01 1.348121e+00 1.832701e+00 2.227580e+00 2.545428e+00 2.803689e+00 8.061842e-01 1.451384e+00 1.973702e+00 2.391119e+00 7.955651e-01 3.411460e+00 8.106478e-01 1.471998e+00 2.032718e+00
-9.999000e+03 -9.999000e+03 -9.999000e+03 -9.999000e+03 -9.999000e+03 -9.999000e+03 -9.999000e+03 -9.999000e+03 -9.999000e+03 -9.999000e+03 -9.999000e+03 -9.999000e+03 -9.999000e+03 -9.999000e+03 -9.999000e+03 -9.999000e+03 -9.999000e+03 -9.999000e+03 -9.999000e+03 -9.999000e+03 -9.999000e+03 -9.999000e+03 -9.999000e+03 -9.999000e+03 -9.999000e+03 -9.999000e+03 -9.999000e+03 -9.999000e+03 -9.999000e+03 -9.999000e+03 1.114509e+00 -9.999000e+03 -9.999000e+03 -9.999000e+03 -9.999000e+03 -9.999000e+03 -9.999000e+03 -9.999000e+03 7.680367e-01 1.370056e+00 1.847420e+00 2.220701e+00 2.519169e+00 2.768304e+00 2.975288e+00 3.143116e+00 3.269884e+00 3.348319e+00 7.884805e-01 1.435015e+00 1.977121e+00 2.433414e+00
-9.999000e+03 -9.999000e+03 -9.999000e+03 -9.999000e+03 -9.999000e+03 -9.999000e+03 -9.999000e+03 -9.999000e+03 -9.999000e+03 -9.999000e+03 -9.999000e+03 -9.999000e+03 -9.999000e+03 -9.999000e+03 -9.999000e+03 -9.999000e+03 -9.999000e+03 -9.999000e+03 -9.999000e+03 -9.999000e+03 -9.999000e+03 -9.999000e+03 -9.999000e+03 -9.999000e+03 -9.999000e+03 -9.999000e+03 -9.999000e+03 -9.999000e+03 -9.999000e+03 -9.999000e+03 -9.999000e+03 -9.999000e+03 -9.999000e+03 -9.999000e+03 -9.999000e+03 -9.999000e+03 -9.999000e+03 -9.999000e+03 -9.999000e+03 -9.999000e+03 -9.999000e+03 7.694987e-01 7.763670e-01 7.942823e-01 1.429942e+00 1.941778e+00 2.344317e+00 2.640205e+00 2.867658e+00 3.066738e+00 3.239269e+00 3.381299e+00
-9.999000e+03 -9.999000e+03 -9.999000e+03 -9.999000e+03 -9.999000e+03 -9.999000e+03 -9.999000e+03 -9.999000e+03 -9.999000e+03 -9.999000e+03 -9.999000e+03 -9.999000e+03 -9.999000e+03 -9.999000e+03 -9.999000e+03 -9.999000e+03 -9.999000e+03 -9.999000e+03 -9.999000e+03 -9.999000e+03 -9.999000e+03 -9.999000e+03 -9.999000e+03 -9.999000e+03 -9.999000e+03 -9.999000e+03 -9.999000e+03 -9.999000e+03 -9.999000e+03 -9.999000e+03 -9.999000e+03 -9.999000e+03 -9.999000e+03 -9.999000e+03 -9.999000e+03 -9.999000e+03 -9.999000e+03 -9.999000e+03 -9.999000e+03 -9.999000e+03 -9.999000e+03 -9.999000e+03 -9.999000e+03 -9.999000e+03 8.060376e-01 8.018766e-01 1.427443e+00 1.910741e+00 7.891222e-01 1.439955e+00 1.976846e+00 2.399196e+00
-9.999000e+03 -9.999000e+03 -9.999000e+03 -9.999000e+03 -9.999000e+03 -9.999000e+03 -9.999000e+03 -9.999000e+03 -9.999000e+03 -9.999000e+03 -9.999000e+03 -9.999000e+03 -9.999000e+03 -9.999000e+03 -9.999000e+03 -9.999000e+03 -9.999000e+03 -9.999000e+03 -9.999000e+03 -9.999000e+03 -9.999000e+03 -9.999000e+03 -9.999000e+03 -9.999000e+03 -9.999000e+03 -9.999000e+03 -9.999000e+03 -9.999000e+03 -9.999000e+03 -9.999000e+03 -9.999000e+03 -9.999000e+03 -9.999000e+03 -9.999000e+03 -9.999000e+03 -9.999000e+03 -9.999000e+03 -9.999000e+03 -9.999000e+03 -9.999000e+03 -9.999000e+03 -9.999000e+03 -9.999000e+03 -9.999000e+03 -9.999000e+03 -9.999000e+03 -9.999000e+03 -9.999000e+03 -9.999000e+03 -9.999000e+03 8.162467e-01 1.438144e+00
-9.999000e+03 -9.999000e+03 -9.999000e+03 -9.999000e+03 -9.999000e+03 -9.999000e+03 -9.999000e+03 -9.999000e+03 -9.999000e+03 -9.999000e+03 -9.999000e+03 -9.999000e+03 -9.999000e+03 -9.999000e+03 -9.999000e+03 -9.999000e+03 -9.999000e+03 -9.999000e+03 -9.999000e+03 -9.999000e+03 -9.999000e+03 -9.999000e+03 -9.999000e+03 -9.999000e+03 -9.999000e+03 -9.999000e+03 -9.999000e+03 -9.999000e+03 -9.999000e+03 -9.999000e+03 -9.999000e+03 -9.999000e+03 -9.999000e+03 -9.999000e+03 -9.999000e+03 -9.999000e+03 -9.999000e+03 -9.999000e+03 -9.999000e+03 -9.999000e+03 -9.999000e+03 -9.999000e+03 -9.999000e+03 -9.999000e+03 -9.999000e+03 -9.999000e+03 -9.999000e+03 -9.999000e+03 -9.999000e+03 -9.999000e+03 -9.999000e+03 7.794371e-01
-9.999000e+03 -9.999000e+03 -9.999000e+03 -9.999000e+03 -9.999000e+03 -9.999000e+03 -9.999000e+03 -9.999000e+03 -9.999000e+03 -9.999000e+03 -9.999000e+03 -9.999000e+03 -9.999000e+03 -9.999000e+03 -9.999000e+03 -9.999000e+03 -9.999000e+03 -9.999000e+03 -9.999000e+03 -9.999000e+03 -9.999000e+03 -9.999000e+03 -9.999000e+03 -9.999000e+03 -9.999000e+03 -9.999000e+03 -9.999000e+03 -9.999000e+03 -9.999000e+03 -9.999000e+03 -9.999000e+03 -9.999000e+03 -9.999000e+03 -9.999000e+03 -9.999000e+03 -9.999000e+03 -9.999000e+03 -9.999000e+03 -9.999000e+03 -9.999000e+03 -9.999000e+03 -9.999000e+03 -9.999000e+03 -9.999000e+03 -9.999000e+03 -9.999000e+03 -9.999000e+03 -9.999000e+03 -9.999000e+03 -9.999000e+03 -9.999000e+03 -9.999000e+03
-9.999000e+03 -9.999000e+03 -9.999000e+03 -9.999000e+03 -9.999000e+03 -9.999000e+03 -9.999000e+03 -9.999000e+03 -9.999000e+03 -9.999000e+03 -9.999000e+03 -9.999000e+03 -9.999000e+03 -9.999000e+03 -9.999000e+03 -9.999000e+03 -9.999000e+03 -9.999000e+03 -9.999000e+03 -9.999000e+03 -9.999000e+03 -9.999000e+03 -9.999000e+03 -9.999000e+03 -9.999000e+03 -9.999000e+03 -9.999000e+03 -9.999000e+03 -9.999000e+03 -9.999000e+03 -9.999000e+03 -9.999000e+03 -9.999000e+03 -9.999000e+03 -9.999000e+03 -9.999000e+03 -9.999000e+03 -9.999000e+03 -9.999000e+03 -9.999000e+03 -9.999000e+03 -9.999000e+03 -9.999000e+03 -9.999000e+03 -9.999000e+03 -9.999000e+03 -9.999000e+03 -9.999000e+03 -9.999000e+03 -9.999000e+03 -9.999000e+03 -9.999000e+03
