tests/data/reference/test_implicit_stream_rill_mfda/control/csheetvout_m3.asc
ncols	123
nrows	77
xllcorner	-713746.79929998
yllcorner	-1061022.36961616
cellsize	10.0
NODATA_value	-9999
[rows 46 to 68 of 77, columns 0 to 51 of 123]
-9.999000e+03 -9.999000e+03 -9.999000e+03 -9.999000e+03 -9.999000e+03 -9.999000e+03 1.941513e+00 6.362379e+00 1.521757e+00 1.553574e+00 6.739053e-01 1.203465e+00 1.869115e+00 2.066977e+00 2.260958e+00 3.150786e+00 2.164053e+00 2.298398e+00 2.388415e+00 2.474113e+00 2.567438e+00 1.341707e+00 1.352866e+00 1.351583e+00 1.815649e+00 2.195858e+00 2.502927e+00 2.737188e+00 2.909712e+00 3.034379e+00 3.120422e+00 3.074601e+01 3.323597e+01 3.501500e+00 3.553254e+00 3.599035e+00 3.637817e+00 3.672097e+00 3.706829e+00 3.749484e+00 3.821371e+00 3.874935e+00 3.943957e+00 4.005252e+00 4.063401e+00 4.107579e+00 4.135408e+00 4.149617e+00 4.153042e+00 4.153262e+00 4.129108e+00 4.107314e+00
-9.999000e+03 -9.999000e+03 -9.999000e+03 -9.999000e+03 -9.999000e+03 -9.999000e+03 3.625254e+00 3.284931e+00 1.180270e+00 1.201017e+00 6.981508e-01 1.569695e+00 1.833243e+00 2.116928e+00 3.432061e+00 1.947913e+00 2.143077e+00 2.272070e+00 2.367230e+00 2.457878e+00 7.489291e-01 7.592099e-01 7.642597e-01 7.638394e-01 1.360245e+00 1.843257e+00 2.232415e+00 2.116570e+01 2.358765e+01 2.602737e+01 2.850347e+01 3.431072e+00 3.470589e+00 3.521971e+00 3.559673e+00 3.586550e+00 3.607321e+00 3.628660e+00 3.658046e+00 3.733436e+00 3.777430e+00 3.850710e+00 3.910153e+00 3.972556e+00 4.026647e+00 4.065595e+00 4.091158e+00 4.109671e+00 4.138477e+00 4.130579e+00 4.119675e+00 4.091650e+00
-9.999000e+03 -9.999000e+03 -9.999000e+03 -9.999000e+03 -9.999000e+03 1.941366e+00 2.779491e+00 3.365316e+00 6.855979e-01 6.908622e-01 1.169889e+00 1.512127e+00 1.918501e+00 3.692848e+00 1.636614e+00 1.920597e+00 2.119841e+00 2.253834e+00 2.351460e+00 2.439422e+00 4.812119e+00 7.150839e+00 9.482817e+00 1.342697e+01 1.525754e+01 1.733379e+01 1.957034e+01 3.121214e+00 3.195484e+00 3.289018e+00 3.352244e+00 3.399741e+00 3.459164e+00 3.495708e+00 3.518110e+00 3.531286e+00 3.541556e+00 3.558392e+00 3.641962e+00 3.667765e+00 3.744464e+00 3.798816e+00 3.861629e+00 3.919860e+00 3.967143e+00 4.001885e+00 4.029917e+00 4.083416e+00 4.088513e+00 4.097594e+00 4.074340e+00 3.219359e+00
-9.999000e+03 -9.999000e+03 -9.999000e+03 -9.999000e+03 5.214390e+00 1.420182e+00 1.511962e+00 2.645432e+00 6.688531e-01 6.566726e-01 1.115369e+00 1.693757e+00 3.919216e+00 1.216054e+00 1.599409e+00 1.883311e+00 2.085943e+00 2.222888e+00 2.319116e+00 2.382377e+00 2.451004e+00 2.531589e+00 4.267663e+00 2.251410e+00 2.572779e+00 2.799150e+00 2.942413e+00 3.032217e+00 3.143050e+00 3.217173e+00 3.278440e+00 3.355670e+00 3.398216e+00 3.422185e+00 3.434174e+00 3.438853e+00 3.444456e+00 3.546092e+00 3.548133e+00 3.631468e+00 3.676788e+00 3.738181e+00 3.796910e+00 3.846656e+00 3.885776e+00 3.920513e+00 4.002998e+00 4.011774e+00 4.035322e+00 4.012444e+00 2.931451e+00 2.917393e+00
-9.999000e+03 -9.999000e+03 -9.999000e+03 -9.999000e+03 3.273935e+00 1.995541e+00 1.145717e+00 1.377957e+00 1.068647e+00 6.334443e-01 1.461918e+00 4.104458e+00 6.830975e-01 1.186715e+00 1.558451e+00 1.832144e+00 2.033741e+00 2.169495e+00 2.226107e+00 2.275076e+00 2.335530e+00 4.391356e+00 1.855924e+00 2.241052e+00 2.517917e+00 2.693569e+00 2.798839e+00 2.936183e+00 3.022318e+00 3.096301e+00 3.200805e+00 3.257857e+00 3.289912e+00 3.305764e+00 3.310386e+00 3.310154e+00 3.442920e+00 3.412828e+00 3.509292e+00 3.543015e+00 3.603551e+00 3.662444e+00 3.712107e+00 3.750423e+00 3.785712e+00 3.901830e+00 3.907669e+00 3.943450e+00 3.908855e+00 2.553067e+00 2.552235e+00 2.534453e+00
-9.999000e+03 -9.999000e+03 -9.999000e+03 1.941415e+00 1.323883e+00 1.823512e+00 6.479318e-01 1.009122e+00 6.168120e-01 1.203272e+00 2.716897e+00 1.512397e+00 6.648752e-01 1.147889e+00 1.498275e+00 1.765196e+00 1.966138e+00 2.037881e+00 2.069967e+00 2.105353e+00 4.452138e+00 1.363987e+00 1.823522e+00 2.157660e+00 2.372180e+00 2.490601e+00 2.656111e+00 2.755688e+00 2.844351e+00 2.979614e+00 3.053527e+00 3.098435e+00 3.124086e+00 3.134333e+00 3.135008e+00 3.323796e+00 3.254887e+00 3.373389e+00 3.389852e+00 3.450141e+00 3.511539e+00 3.562568e+00 3.599150e+00 3.631852e+00 3.788925e+00 3.778115e+00 3.823995e+00 3.770817e+00 2.082632e+00 2.087503e+00 2.082740e+00 2.065132e+00
-9.999000e+03 -9.999000e+03 -9.999000e+03 1.941217e+00 1.966751e+00 9.628185e-01 6.022837e-01 5.679465e-01 8.857294e-01 9.164776e-01 1.811755e+00 1.304252e+00 6.375202e-01 1.086174e+00 1.423960e+00 1.689620e+00 1.790238e+00 1.825538e+00 1.840916e+00 4.442029e+00 7.515088e-01 1.314678e+00 1.720053e+00 1.977563e+00 2.107164e+00 2.307328e+00 2.415603e+00 2.516194e+00 2.690601e+00 2.782520e+00 2.839888e+00 2.875937e+00 2.894313e+00 2.899664e+00 3.171843e+00 3.057383e+00 3.216983e+00 3.211764e+00 3.270228e+00 3.333073e+00 3.388243e+00 3.425644e+00 3.456539e+00 3.669921e+00 3.628372e+00 3.678281e+00 3.596574e+00 1.515138e+00 1.520041e+00 1.519490e+00 1.512747e+00 1.618280e+01
-9.999000e+03 -9.999000e+03 7.558534e+00 1.790228e-01 9.408209e-01 8.832674e-01 5.283749e-01 4.990836e-01 5.227752e-01 4.845017e-01 1.270143e+00 1.070960e+00 5.909417e-01 1.015694e+00 1.352560e+00 1.465804e+00 1.511637e+00 1.530010e+00 2.557205e+00 1.803486e+00 7.111248e-01 1.216164e+00 1.528534e+00 1.658158e+00 1.901541e+00 2.016443e+00 2.123700e+00 2.342551e+00 2.453345e+00 2.524203e+00 2.570566e+00 2.595461e+00 2.602957e+00 2.986564e+00 2.805285e+00 3.026062e+00 2.995435e+00 3.058028e+00 3.120070e+00 3.175026e+00 3.214240e+00 3.246013e+00 3.538831e+00 3.454981e+00 3.507868e+00 3.386722e+00 8.309798e-01 8.359976e-01 8.367510e-01 8.336958e-01 1.647238e+01 3.673014e+00
-9.999000e+03 -9.999000e+03 5.738048e+00 9.676221e-01 5.989516e-01 5.337955e-01 4.678543e-01 5.304216e-01 8.293381e-01 7.272146e-01 4.973564e-01 8.161521e-01 5.435021e-01 9.611090e-01 1.071735e+00 1.110886e+00 1.128301e+00 1.150142e+00 1.148153e+00 1.531067e+00 6.513614e-01 1.042630e+00 1.159349e+00 1.453476e+00 1.565503e+00 1.674209e+00 1.946501e+00 2.069353e+00 2.151826e+00 2.209989e+00 2.243074e+00 2.251579e+00 2.779946e+00 2.500990e+00 2.802799e+00 2.726148e+00 2.797927e+00 2.867804e+00 2.921057e+00 2.955206e+00 2.985486e+00 3.384573e+00 3.242909e+00 3.302667e+00 3.136844e+00 3.151223e+00 3.407016e+00 3.616955e+00 1.297145e+01 1.668480e+01 3.468739e+00 3.466696e+00
-9.999000e+03 1.938792e+00 5.960220e+00 1.377019e+00 5.798866e-01 4.081226e-01 5.472476e-01 5.459661e-01 -9.999000e+03 -9.999000e+03 -9.999000e+03 4.929692e-01 5.198076e-01 5.984103e-01 6.276817e-01 6.292673e-01 6.420761e-01 6.631230e-01 6.412401e-01 5.511920e-01 5.264669e-01 6.105612e-01 9.827412e-01 1.077717e+00 1.171441e+00 1.510385e+00 1.634028e+00 1.716598e+00 1.781050e+00 1.823078e+00 1.838162e+00 2.561366e+00 2.149854e+00 2.563275e+00 2.411752e+00 2.484998e+00 2.563171e+00 2.621800e+00 2.651156e+00 2.673920e+00 3.206508e+00 2.979377e+00 3.046160e+00 2.831412e+00 2.841533e+00 3.506147e+00 6.477445e+00 9.388337e+00 3.844810e+00 3.209360e+00 3.209354e+00 3.209850e+00
-9.999000e+03 5.608607e+00 1.532612e+00 5.781320e-01 5.155244e-01 5.237785e-01 -9.999000e+03 -9.999000e+03 -9.999000e+03 -9.999000e+03 -9.999000e+03 -9.999000e+03 5.406471e-01 5.841873e-01 9.914350e-01 1.280701e+00 6.291979e-01 1.086299e+00 1.387299e+00 1.453340e+00 4.870263e-01 4.957268e-01 5.644586e-01 6.280491e-01 1.049807e+00 1.154505e+00 1.221041e+00 1.277531e+00 1.319279e+00 1.338424e+00 2.327169e+00 1.747043e+00 2.315511e+00 2.055815e+00 2.124332e+00 2.203616e+00 2.266647e+00 2.294383e+00 2.309102e+00 3.010230e+00 2.663154e+00 2.731618e+00 2.459027e+00 2.467611e+00 3.293429e+00 2.834680e+00 2.853880e+00 3.728085e+00 2.887969e+00 2.890321e+00 2.888072e+00 3.700397e+00
1.941428e+00 1.714299e+00 8.822375e-01 5.199487e-01 3.901221e-01 5.836945e-01 -9.999000e+03 -9.999000e+03 -9.999000e+03 -9.999000e+03 -9.999000e+03 -9.999000e+03 -9.999000e+03 -9.999000e+03 -9.999000e+03 6.360325e-01 1.522421e+00 6.546983e-01 6.363948e-01 6.064151e-01 1.953611e+00 -9.999000e+03 -9.999000e+03 5.642798e-01 6.294912e-01 6.625976e-01 6.945301e-01 7.227160e-01 7.358972e-01 2.072167e+00 1.270247e+00 2.059451e+00 1.650203e+00 1.708695e+00 1.782269e+00 1.844516e+00 1.873614e+00 1.882359e+00 2.795528e+00 2.288737e+00 2.354951e+00 2.008778e+00 2.017998e+00 3.037038e+00 2.451094e+00 2.463761e+00 3.592869e+00 2.495121e+00 2.502135e+00 2.499090e+00 3.520457e+00 2.855908e+00
1.940746e+00 5.053479e-01 4.860754e-01 4.849296e-01 5.891252e-01 -9.999000e+03 -9.999000e+03 -9.999000e+03 -9.999000e+03 -9.999000e+03 -9.999000e+03 -9.999000e+03 -9.999000e+03 -9.999000e+03 -9.999000e+03 -9.999000e+03 -9.999000e+03 -9.999000e+03 -9.999000e+03 -9.999000e+03 -9.999000e+03 -9.999000e+03 -9.999000e+03 5.461382e-01 6.146595e-01 6.369328e-01 1.114091e+00 1.499436e+00 1.802671e+00 6.972819e-01 1.790065e+00 1.184570e+00 1.226328e+00 1.287096e+00 1.341327e+00 1.366305e+00 1.375838e+00 2.564673e+00 1.850872e+00 1.906050e+00 1.464796e+00 1.474547e+00 2.729708e+00 1.998841e+00 2.002569e+00 3.439824e+00 2.023064e+00 2.030653e+00 2.031943e+00 3.306074e+00 2.450062e+00 3.728463e+00
-9.999000e+03 6.020433e-01 5.840658e-01 6.358129e-01 -9.999000e+03 -9.999000e+03 -9.999000e+03 -9.999000e+03 -9.999000e+03 -9.999000e+03 -9.999000e+03 -9.999000e+03 -9.999000e+03 -9.999000e+03 -9.999000e+03 -9.999000e+03 -9.999000e+03 -9.999000e+03 -9.999000e+03 -9.999000e+03 -9.999000e+03 -9.999000e+03 -9.999000e+03 -9.999000e+03 -9.999000e+03 -9.999000e+03 6.630727e-01 6.867172e-01 1.183025e+00 1.507637e+00 6.448110e-01 6.676938e-01 7.023546e-01 7.401622e-01 7.560078e-01 7.597206e-01 2.308259e+00 1.345205e+00 1.379129e+00 8.056447e-01 8.147805e-01 2.362258e+00 1.460636e+00 1.461610e+00 3.271754e+00 1.467802e+00 1.471230e+00 1.472676e+00 3.055359e+00 1.984332e+00 3.642580e+00 1.520905e+00
-9.999000e+03 -9.999000e+03 -9.999000e+03 -9.999000e+03 -9.999000e+03 -9.999000e+03 -9.999000e+03 -9.999000e+03 -9.999000e+03 -9.999000e+03 -9.999000e+03 -9.999000e+03 -9.999000e+03 -9.999000e+03 -9.999000e+03 -9.999000e+03 -9.999000e+03 -9.999000e+03 -9.999000e+03 -9.999000e+03 -9.999000e+03 -9.999000e+03 -9.999000e+03 -9.999000e+03 -9.999000e+03 -9.999000e+03 -9.999000e+03 -9.999000e+03 6.737688e-01 1.108998e+00 6.173600e-01 6.406696e-01 6.840420e-01 1.234738e+00 1.677159e+00 2.015552e+00 7.415282e-01 7.608791e-01 7.780439e-01 1.406419e+00 1.924891e+00 8.067668e-01 8.094583e-01 3.080407e+00 8.115741e-01 8.119323e-01 8.106130e-01 2.758955e+00 1.444510e+00 3.577482e+00 8.247747e-01 8.467787e-01
-9.999000e+03 -9.999000e+03 -9.999000e+03 -9.999000e+03 -9.999000e+03 -9.999000e+03 -9.999000e+03 -9.999000e+03 -9.999000e+03 -9.999000e+03 -9.999000e+03 -9.999000e+03 -9.999000e+03 -9.999000e+03 -9.999000e+03 -9.999000e+03 -9.999000e+03 -9.999000e+03 -9.999000e+03 -9.999000e+03 -9.999000e+03 -9.999000e+03 -9.999000e+03 -9.999000e+03 -9.999000e+03 -9.999000e+03 -9.999000e+03 -9.999000e+03 -9.999000e+03 6.312542e-01 1.411520e+00 1.094426e+00 1.160895e+00 7.406800e-01 7.478285e-01 7.295687e-01 7.307628e-01 7.538481e-01 1.353083e+00 1.843508e+00 2.247186e+00 2.577750e+00 2.850179e+00 8.072454e-01 1.455563e+00 1.983520e+00 2.409797e+00 7.966904e-01 3.516290e+00 8.116746e-01 1.475913e+00 2.041428e+00
-9.999000e+03 -9.999000e+03 -9.999000e+03 -9.999000e+03 -9.999000e+03 -9.999000e+03 -9.999000e+03 -9.999000e+03 -9.999000e+03 -9.999000e+03 -9.999000e+03 -9.999000e+03 -9.999000e+03 -9.999000e+03 -9.999000e+03 -9.999000e+03 -9.999000e+03 -9.999000e+03 -9.999000e+03 -9.999000e+03 -9.999000e+03 -9.999000e+03 -9.999000e+03 -9.999000e+03 -9.999000e+03 -9.999000e+03 -9.999000e+03 -9.999000e+03 -9.999000e+03 -9.999000e+03 1.121149e+00 -9.999000e+03 -9.999000e+03 -9.999000e+03 -9.999000e+03 -9.999000e+03 -9.999000e+03 -9.999000e+03 7.693212e-01 1.374930e+00 1.858569e+00 2.242182e+00 2.554104e+00 2.816353e+00 3.035903e+00 3.215792e+00 3.354573e+00 3.445879e+00 7.896550e-01 1.439154e+00 1.986245e+00 2.449666e+00
-9.999000e+03 -9.999000e+03 -9.999000e+03 -9.999000e+03 -9.999000e+03 -9.999000e+03 -9.999000e+03 -9.999000e+03 -9.999000e+03 -9.999000e+03 -9.999000e+03 -9.999000e+03 -9.999000e+03 -9.999000e+03 -9.999000e+03 -9.999000e+03 -9.999000e+03 -9.999000e+03 -9.999000e+03 -9.999000e+03 -9.999000e+03 -9.999000e+03 -9.999000e+03 -9.999000e+03 -9.999000e+03 -9.999000e+03 -9.999000e+03 -9.999000e+03 -9.999000e+03 -9.999000e+03 -9.999000e+03 -9.999000e+03 -9.999000e+03 -9.999000e+03 -9.999000e+03 -9.999000e+03 -9.999000e+03 -9.999000e+03 -9.999000e+03 -9.999000e+03 -9.999000e+03 7.707780e-01 7.776072e-01 7.954165e-01 1.434269e+00 1.951883e+00 2.363870e+00 2.676058e+00 2.920591e+00 3.131698e+00 3.314108e+00 3.465752e+00
-9.999000e+03 -9.999000e+03 -9.999000e+03 -9.999000e+03 -9.999000e+03 -9.999000e+03 -9.999000e+03 -9.999000e+03 -9.999000e+03 -9.999000e+03 -9.999000e+03 -9.999000e+03 -9.999000e+03 -9.999000e+03 -9.999000e+03 -9.999000e+03 -9.999000e+03 -9.999000e+03 -9.999000e+03 -9.999000e+03 -9.999000e+03 -9.999000e+03 -9.999000e+03 -9.999000e+03 -9.999000e+03 -9.999000e+03 -9.999000e+03 -9.999000e+03 -9.999000e+03 -9.999000e+03 -9.999000e+03 -9.999000e+03 -9.999000e+03 -9.999000e+03 -9.999000e+03 -9.999000e+03 -9.999000e+03 -9.999000e+03 -9.999000e+03 -9.999000e+03 -9.999000e+03 -9.999000e+03 -9.999000e+03 -9.999000e+03 8.070999e-01 8.029659e-01 1.431958e+00 1.921860e+00 7.902922e-01 1.444020e+00 1.986132e+00 2.417422e+00
-9.999000e+03 -9.999000e+03 -9.999000e+03 -9.999000e+03 -9.999000e+03 -9.999000e+03 -9.999000e+03 -9.999000e+03 -9.999000e+03 -9.999000e+03 -9.999000e+03 -9.999000e+03 -9.999000e+03 -9.999000e+03 -9.999000e+03 -9.999000e+03 -9.999000e+03 -9.999000e+03 -9.999000e+03 -9.999000e+03 -9.999000e+03 -9.999000e+03 -9.999000e+03 -9.999000e+03 -9.999000e+03 -9.999000e+03 -9.999000e+03 -9.999000e+03 -9.999000e+03 -9.999000e+03 -9.999000e+03 -9.999000e+03 -9.999000e+03 -9.999000e+03 -9.999000e+03 -9.999000e+03 -9.999000e+03 -9.999000e+03 -9.999000e+03 -9.999000e+03 -9.999000e+03 -9.999000e+03 -9.999000e+03 -9.999000e+03 -9.999000e+03 -9.999000e+03 -9.999000e+03 -9.999000e+03 -9.999000e+03 -9.999000e+03 8.172334e-01 1.442736e+00
-9.999000e+03 -9.999000e+03 -9.999000e+03 -9.999000e+03 -9.999000e+03 -9.999000e+03 -9.999000e+03 -9.999000e+03 -9.999000e+03 -9.999000e+03 -9.999000e+03 -9.999000e+03 -9.999000e+03 -9.999000e+03 -9.999000e+03 -9.999000e+03 -9.999000e+03 -9.999000e+03 -9.999000e+03 -9.999000e+03 -9.999000e+03 -9.999000e+03 -9.999000e+03 -9.999000e+03 -9.999000e+03 -9.999000e+03 -9.999000e+03 -9.999000e+03 -9.999000e+03 -9.999000e+03 -9.999000e+03 -9.999000e+03 -9.999000e+03 -9.999000e+03 -9.999000e+03 -9.999000e+03 -9.999000e+03 -9.999000e+03 -9.999000e+03 -9.999000e+03 -9.999000e+03 -9.999000e+03 -9.999000e+03 -9.999000e+03 -9.999000e+03 -9.999000e+03 -9.999000e+03 -9.999000e+03 -9.999000e+03 -9.999000e+03 -9.999000e+03 7.806581e-01
-9.999000e+03 -9.999000e+03 -9.999000e+03 -9.999000e+03 -9.999000e+03 -9.999000e+03 -9.999000e+03 -9.999000e+03 -9.999000e+03 -9.999000e+03 -9.999000e+03 -9.999000e+03 -9.999000e+03 -9.999000e+03 -9.999000e+03 -9.999000e+03 -9.999000e+03 -9.999000e+03 -9.999000e+03 -9.999000e+03 -9.999000e+03 -9.999000e+03 -9.999000e+03 -9.999000e+03 -9.999000e+03 -9.999000e+03 -9.999000e+03 -9.999000e+03 -9.999000e+03 -9.999000e+03 -9.999000e+03 -9.999000e+03 -9.999000e+03 -9.999000e+03 -9.999000e+03 -9.999000e+03 -9.999000e+03 -9.999000e+03 -9.999000e+03 -9.999000e+03 -9.999000e+03 -9.999000e+03 -9.999000e+03 -9.999000e+03 -9.999000e+03 -9.999000e+03 -9.999000e+03 -9.999000e+03 -9.999000e+03 -9.999000e+03 -9.999000e+03 -9.999000e+03
-9.999000e+03 -9.999000e+03 -9.999000e+03 -9.999000e+03 -9.999000e+03 -9.999000e+03 -9.999000e+03 -9.999000e+03 -9.999000e+03 -9.999000e+03 -9.999000e+03 -9.999000e+03 -9.999000e+03 -9.999000e+03 -9.999000e+03 -9.999000e+03 -9.999000e+03 -9.999000e+03 -9.999000e+03 -9.999000e+03 -9.999000e+03 -9.999000e+03 -9.999000e+03 -9.999000e+03 -9.999000e+03 -9.999000e+03 -9.999000e+03 -9.999000e+03 -9.999000e+03 -9.999000e+03 -9.999000e+03 -9.999000e+03 -9.999000e+03 -9.999000e+03 -9.999000e+03 -9.999000e+03 -9.999000e+03 -9.999000e+03 -9.999000e+03 -9.999000e+03 -9.999000e+03 -9.999000e+03 -9.999000e+03 -9.999000e+03 -9.999000e+03 -9.999000e+03 -9.999000e+03 -9.999000e+03 -9.999000e+03 -9.999000e+03 -9.999000e+03 -9.999000e+03
