tests/data/reference/test_implicit_stream_rill_mfda/control/csheetvout_m3.asc
ncols	123
nrows	77
xllcorner	-713746.79929998
yllcorner	-1061022.36961616
cellsize	10.0
NODATA_value	-9999
[rows 23 to 45 of 77, columns 0 to 51 of 123]
-9.999000e+03 -9.999000e+03 -9.999000e+03 -9.999000e+03 -9.999000e+03 -9.999000e+03 -9.999000e+03 -9.999000e+03 -9.999000e+03 -9.999000e+03 -9.999000e+03 -9.999000e+03 -9.999000e+03 -9.999000e+03 6.489428e-01 2.073277e+00 2.396791e+00 1.184482e+00 6.845074e-01 4.411743e-01 3.387083e-01 2.673370e+00 5.941673e-01 6.552229e+00 8.164666e+00 4.687720e+00 9.204497e+00 5.288716e+00 2.707543e+00 4.512315e+00 8.246446e-01 1.499421e+00 2.059761e+00 3.573147e+00 1.384282e+01 4.129373e+00 9.627213e+00 8.435849e-01 8.725932e+00 4.175176e+00 4.183829e+00 4.155900e+00 4.278046e+00 4.175786e+00 4.161617e+00 3.985493e+00 4.031424e+00 4.341306e+00 3.636070e+00 2.676936e+00 2.182368e+00 8.670487e-01
-9.999000e+03 -9.999000e+03 -9.999000e+03 -9.999000e+03 -9.999000e+03 -9.999000e+03 -9.999000e+03 -9.999000e+03 -9.999000e+03 -9.999000e+03 -9.999000e+03 -9.999000e+03 -9.999000e+03 -9.999000e+03 8.933160e-01 5.925219e+00 4.327179e+00 1.257043e+00 6.743011e-01 7.688610e-01 2.386463e+00 4.957320e+00 8.518136e-01 1.215607e+00 6.677528e+00 1.282457e+01 8.995729e+00 5.376110e+00 3.187084e+00 8.886871e-01 4.309527e+00 1.496784e+00 2.056608e+00 2.521049e+00 1.727520e+01 4.152913e+00 9.052691e+00 8.465284e-01 9.421624e+00 4.262879e+00 4.284178e+00 4.278991e+00 4.363022e+00 4.305256e+00 4.293388e+00 4.163635e+00 4.188892e+00 4.393087e+00 3.897944e+00 3.110132e+00 8.680797e-01 2.700867e+00
-9.999000e+03 -9.999000e+03 -9.999000e+03 -9.999000e+03 -9.999000e+03 -9.999000e+03 -9.999000e+03 -9.999000e+03 -9.999000e+03 -9.999000e+03 -9.999000e+03 -9.999000e+03 -9.999000e+03 -9.999000e+03 4.798483e+00 1.130550e+00 7.147608e-01 7.136671e-01 7.064480e-01 3.865346e-01 3.101299e+00 2.848375e+00 5.269737e+00 1.544116e+00 1.818013e+00 6.781935e+00 2.159397e+01 5.399020e+00 3.593668e+00 8.941619e-01 1.632695e+00 4.449332e+00 2.170150e+00 2.508186e+00 2.892651e+00 2.120402e+01 8.364479e-01 8.412903e+00 1.539620e+00 1.349227e+01 4.362183e+00 4.374127e+00 4.438238e+00 4.409930e+00 4.401114e+00 4.307337e+00 4.320000e+00 4.452480e+00 4.119304e+00 3.483953e+00 1.595997e+00 8.786659e-01
-9.999000e+03 -9.999000e+03 -9.999000e+03 -9.999000e+03 -9.999000e+03 -9.999000e+03 -9.999000e+03 -9.999000e+03 -9.999000e+03 -9.999000e+03 -9.999000e+03 -9.999000e+03 7.577767e-01 6.841979e-01 4.304817e+00 1.250022e+00 7.196417e-01 5.142155e-01 3.394660e-01 2.651681e+00 2.399816e+00 5.689716e+00 3.298067e+00 5.609877e+00 2.125212e+00 2.351629e+00 2.809456e+01 5.359154e+00 3.925805e+00 1.628471e+00 8.885665e-01 2.262521e+00 4.572355e+00 2.726199e+00 3.034505e+00 3.196785e+00 1.967101e+01 1.524534e+00 7.720399e+00 2.115402e+00 1.567237e+01 4.443680e+00 4.497921e+00 4.489794e+00 4.486010e+00 4.422288e+00 4.430567e+00 4.518919e+00 4.307072e+00 3.807647e+00 2.219610e+00 8.829486e-01
-9.999000e+03 -9.999000e+03 -9.999000e+03 -9.999000e+03 -9.999000e+03 -9.999000e+03 -9.999000e+03 -9.999000e+03 -9.999000e+03 -9.999000e+03 -9.999000e+03 -9.999000e+03 -9.999000e+03 7.489147e-01 1.163207e+00 1.105915e+00 5.831025e-01 3.032095e-01 2.765152e+00 2.722429e+00 2.898596e+00 3.077542e+00 8.841242e+00 1.214171e+01 1.769668e+01 1.970474e+01 2.187105e+01 2.771604e+01 5.259129e+00 4.181921e+00 2.241564e+00 1.616216e+00 2.788116e+00 4.670279e+00 3.188636e+00 3.484956e+00 3.658064e+00 1.778918e+01 2.098401e+00 7.002103e+00 1.488649e+01 4.489477e+00 4.538233e+00 4.545280e+00 4.550121e+00 4.514791e+00 4.526995e+00 4.591563e+00 4.467860e+00 4.087724e+00 2.758500e+00 1.624764e+00
-9.999000e+03 -9.999000e+03 -9.999000e+03 -9.999000e+03 -9.999000e+03 -9.999000e+03 -9.999000e+03 -9.999000e+03 -9.999000e+03 -9.999000e+03 -9.999000e+03 -9.999000e+03 -9.999000e+03 -9.999000e+03 -9.999000e+03 6.531376e-01 1.845488e-01 1.941642e+00 3.882897e+00 4.264432e+00 4.616248e+00 4.862855e+00 5.011487e+00 5.066602e+00 5.035996e+00 4.935512e+00 4.777892e+00 2.635397e+01 5.363479e+01 5.125686e+00 4.366448e+00 2.743634e+00 2.201253e+00 3.208240e+00 4.744752e+00 3.588101e+00 3.870990e+00 4.039739e+00 2.140236e+01 2.719660e+00 1.612234e+01 4.516252e+00 4.563750e+00 4.584178e+00 4.600730e+00 4.592247e+00 4.613875e+00 4.667677e+00 4.605939e+00 4.328450e+00 3.225076e+00 2.257457e+00
-9.999000e+03 -9.999000e+03 -9.999000e+03 -9.999000e+03 -9.999000e+03 -9.999000e+03 -9.999000e+03 -9.999000e+03 -9.999000e+03 -9.999000e+03 -9.999000e+03 -9.999000e+03 -9.999000e+03 -9.999000e+03 -9.999000e+03 -9.999000e+03 2.896810e-01 2.419923e+00 2.813722e+00 3.193094e+00 3.476904e+00 3.663212e+00 3.766586e+00 3.809059e+00 3.814701e+00 3.810127e+00 3.808523e+00 3.810091e+00 3.819846e+00 5.110450e+01 5.217486e+01 5.916475e+01 3.134893e+00 2.672592e+00 3.545055e+00 4.802190e+00 8.440919e+00 1.232946e+01 4.342731e+00 2.123815e+01 3.257193e+00 1.298999e+01 4.583864e+00 4.617680e+00 4.647229e+00 4.662402e+00 4.694772e+00 4.744310e+00 4.724506e+00 4.533225e+00 3.627743e+00 2.797497e+00
-9.999000e+03 -9.999000e+03 -9.999000e+03 -9.999000e+03 -9.999000e+03 -9.999000e+03 -9.999000e+03 -9.999000e+03 -9.999000e+03 -9.999000e+03 -9.999000e+03 -9.999000e+03 -9.999000e+03 -9.999000e+03 -9.999000e+03 -9.999000e+03 1.941675e+00 1.679557e+00 1.979659e+00 2.278021e+00 2.539115e+00 2.664080e+01 2.588462e+01 2.501494e+01 2.402353e+01 2.290949e+01 2.167243e+01 2.032611e+01 1.894760e+01 1.760296e+01 1.626465e+01 1.487628e+01 7.434624e+01 8.145003e+01 8.229449e+01 6.428349e+01 5.456064e+01 4.948369e+01 4.812034e+01 4.388584e+01 3.882005e+01 4.247057e+01 1.764824e+01 4.894249e+00 4.941000e+00 4.715309e+00 4.761319e+00 4.812378e+00 4.822271e+00 4.701933e+00 3.969078e+00 3.251204e+00
-9.999000e+03 -9.999000e+03 -9.999000e+03 -9.999000e+03 -9.999000e+03 -9.999000e+03 -9.999000e+03 -9.999000e+03 -9.999000e+03 -9.999000e+03 -9.999000e+03 -9.999000e+03 -9.999000e+03 -9.999000e+03 -9.999000e+03 1.941676e+00 1.629586e+00 1.872213e+00 1.662944e+01 1.917573e+01 2.474912e+01 3.135219e+00 6.266015e+00 9.424024e+00 9.337021e+00 1.572099e+01 1.879414e+01 2.188407e+01 2.148797e+01 2.100555e+01 2.042525e+01 1.972305e+01 1.887152e+01 1.784866e+01 1.670235e+01 1.551815e+01 4.996472e+01 4.544276e+01 3.546022e+01 2.945035e+01 3.101826e+01 4.125331e+01 5.294273e+01 5.130819e+01 4.426019e+01 5.158240e+00 9.701412e+00 4.857754e+00 4.894297e+00 4.831555e+00 4.245125e+00 3.619030e+00
-9.999000e+03 -9.999000e+03 -9.999000e+03 -9.999000e+03 -9.999000e+03 -9.999000e+03 -9.999000e+03 -9.999000e+03 -9.999000e+03 -9.999000e+03 -9.999000e+03 -9.999000e+03 -9.999000e+03 -9.999000e+03 1.941624e+00 3.883042e+00 1.286025e+01 1.532008e+01 2.730865e+00 6.113457e+00 2.898545e+00 3.026996e+00 3.151816e+00 3.391149e+00 6.540194e+00 3.308677e+00 3.402123e+00 3.196049e+00 3.275412e+00 3.589140e+00 3.845513e+00 1.636113e+01 1.949114e+01 2.273132e+01 2.595287e+01 3.536115e+01 2.061923e+00 2.570235e+00 3.799048e+00 3.724510e+00 3.617482e+00 3.658162e+00 7.837683e+00 1.151196e+01 1.514953e+01 4.059556e+01 4.001800e+01 3.481510e+01 5.130862e+00 9.971062e+00 4.435881e+00 3.889775e+00
-9.999000e+03 -9.999000e+03 -9.999000e+03 -9.999000e+03 -9.999000e+03 -9.999000e+03 -9.999000e+03 -9.999000e+03 -9.999000e+03 -9.999000e+03 -9.999000e+03 -9.999000e+03 -9.999000e+03 -9.999000e+03 1.941660e+00 9.543369e+00 2.968882e+00 2.684658e+00 7.335947e+00 2.568325e+00 2.713821e+00 2.858963e+00 3.159338e+00 3.010943e+00 3.006885e+00 3.130559e+00 3.120057e+00 3.182216e+00 6.327007e+00 9.464233e+00 1.245581e+01 3.171361e+00 3.379931e+00 3.457482e+00 9.685363e+00 1.449946e+00 1.999261e+00 3.417220e+00 3.283834e+00 3.128933e+00 3.164735e+00 3.856376e+00 3.446788e+00 3.492710e+00 3.676127e+00 7.291226e+00 1.043840e+01 1.361126e+01 3.376351e+01 4.899277e+01 5.888364e+01 4.729299e+00
-9.999000e+03 -9.999000e+03 -9.999000e+03 -9.999000e+03 -9.999000e+03 -9.999000e+03 -9.999000e+03 -9.999000e+03 -9.999000e+03 -9.999000e+03 -9.999000e+03 -9.999000e+03 -9.999000e+03 3.883195e+00 8.637452e+00 3.017409e+00 2.617943e+00 8.554310e+00 2.370146e+00 2.563250e+00 2.757684e+00 2.862596e+00 2.935416e+00 2.899235e+00 3.110043e+00 3.046586e+00 3.092398e+00 3.162276e+00 3.247400e+00 3.179484e+00 2.943564e+00 3.239904e+00 3.360487e+00 9.834755e+00 8.126587e-01 1.474277e+00 3.230607e+00 3.022709e+00 2.799709e+00 2.818885e+00 3.414790e+00 2.893952e+00 2.937108e+00 3.149054e+00 3.199375e+00 2.825186e+00 2.932839e+00 2.940415e+00 2.939471e+00 5.810317e+00 8.522154e+00 6.733059e+01
-9.999000e+03 -9.999000e+03 -9.999000e+03 -9.999000e+03 -9.999000e+03 -9.999000e+03 -9.999000e+03 -9.999000e+03 -9.999000e+03 -9.999000e+03 -9.999000e+03 -9.999000e+03 1.941615e+00 5.826188e+00 3.057871e+00 2.570253e+00 9.739097e+00 2.090652e+00 2.346059e+00 2.617315e+00 2.759422e+00 2.852345e+00 2.768700e+00 3.123910e+00 2.970771e+00 3.010228e+00 3.064910e+00 3.139446e+00 2.978837e+00 2.645313e+00 3.044893e+00 3.224344e+00 7.900666e+00 2.001827e+00 8.166908e-01 3.002091e+00 2.708941e+00 2.415409e+00 2.420831e+00 3.170323e+00 2.467893e+00 2.500090e+00 2.537978e+00 2.586252e+00 2.156740e+00 2.288819e+00 2.299512e+00 2.312951e+00 2.400354e+00 2.379913e+00 4.636750e+00 7.220120e+00
-9.999000e+03 -9.999000e+03 -9.999000e+03 -9.999000e+03 -9.999000e+03 -9.999000e+03 -9.999000e+03 -9.999000e+03 -9.999000e+03 -9.999000e+03 -9.999000e+03 -9.999000e+03 3.883277e+00 3.084047e+00 2.569359e+00 1.088361e+01 1.732127e+00 2.055614e+00 2.422620e+00 2.619478e+00 2.748623e+00 2.602891e+00 3.199733e+00 2.891986e+00 2.930124e+00 2.979578e+00 3.043681e+00 2.745929e+00 2.284772e+00 2.802810e+00 3.061309e+00 7.058955e+00 8.204725e-01 1.460453e+00 2.735613e+00 2.336567e+00 1.961981e+00 1.955940e+00 2.899106e+00 1.977155e+00 1.999132e+00 2.030800e+00 2.077028e+00 1.554436e+00 1.555001e+00 1.561958e+00 1.571980e+00 1.685834e+00 1.685901e+00 4.293784e+00 2.334796e+00 2.302518e+00
-9.999000e+03 -9.999000e+03 -9.999000e+03 -9.999000e+03 -9.999000e+03 -9.999000e+03 -9.999000e+03 -9.999000e+03 -9.999000e+03 -9.999000e+03 -9.999000e+03 1.941567e+00 3.150932e+00 2.619259e+00 1.197595e+01 1.282673e+00 1.689514e+00 2.175068e+00 2.440956e+00 2.616541e+00 2.376371e+00 3.341106e+00 2.804346e+00 2.846509e+00 2.899510e+00 2.963922e+00 2.481737e+00 1.863715e+00 2.524168e+00 2.883074e+00 2.488362e+00 4.459636e+00 8.024807e-01 2.429625e+00 1.900114e+00 1.430016e+00 1.418118e+00 2.602376e+00 1.418154e+00 1.427472e+00 1.446734e+00 1.487080e+00 8.498724e-01 8.482944e-01 8.501408e-01 8.550656e-01 8.588964e-01 8.619097e-01 3.863178e+00 1.651534e+00 1.636696e+00 1.633064e+00
-9.999000e+03 -9.999000e+03 -9.999000e+03 -9.999000e+03 -9.999000e+03 -9.999000e+03 -9.999000e+03 -9.999000e+03 -9.999000e+03 -9.999000e+03 1.941543e+00 3.883274e+00 2.718557e+00 1.302813e+01 7.135123e-01 1.236750e+00 1.877383e+00 2.233417e+00 2.470033e+00 2.075986e+00 3.534616e+00 2.699425e+00 2.750979e+00 2.815390e+00 2.888210e+00 2.175652e+00 1.369534e+00 2.203129e+00 2.689227e+00 2.165757e+00 2.135929e+00 2.101773e+00 2.082004e+00 1.380897e+00 7.954583e-01 7.834066e-01 2.272146e+00 7.763330e-01 7.778558e-01 7.821159e-01 8.018921e-01 8.317257e-01 1.519613e+00 2.091304e+00 2.570929e+00 2.977931e+00 3.323995e+00 3.615874e+00 8.508364e-01 8.423876e-01 8.421559e-01 9.251764e-01
-9.999000e+03 -9.999000e+03 -9.999000e+03 -9.999000e+03 -9.999000e+03 -9.999000e+03 -9.999000e+03 -9.999000e+03 -9.999000e+03 -9.999000e+03 1.941482e+00 2.841264e+00 1.288700e+01 1.166489e+00 6.830539e-01 1.533350e+00 2.006093e+00 2.327869e+00 1.701834e+00 3.756003e+00 2.588051e+00 2.647862e+00 2.726704e+00 2.810256e+00 1.801294e+00 7.663524e-01 1.819972e+00 2.457878e+00 1.792681e+00 1.762435e+00 1.724339e+00 1.696427e+00 7.555336e-01 7.830581e-01 1.405422e+00 1.887345e+00 7.618951e-01 1.344607e+00 1.804087e+00 2.179065e+00 7.980403e-01 8.292569e-01 1.512879e+00 2.077380e+00 2.546542e+00 2.940362e+00 3.272895e+00 3.552888e+00 3.782614e+00 3.961237e+00 4.097226e+00 4.204422e+00
-9.999000e+03 -9.999000e+03 -9.999000e+03 -9.999000e+03 -9.999000e+03 -9.999000e+03 -9.999000e+03 -9.999000e+03 -9.999000e+03 1.941491e+00 3.011355e+00 1.239267e+01 1.464342e+00 6.723749e-01 1.144966e+00 1.766018e+00 2.204366e+00 1.246249e+00 3.978918e+00 2.485696e+00 2.548804e+00 2.641475e+00 2.729033e+00 1.340345e+00 7.605741e-01 1.349035e+00 2.169002e+00 1.332202e+00 1.316485e+00 1.282470e+00 1.253322e+00 7.359138e-01 1.317522e+00 1.804952e+00 2.210170e+00 2.532810e+00 2.779717e+00 2.958728e+00 7.761301e-01 7.958273e-01 2.523779e+00 1.471912e+00 2.036913e+00 2.501823e+00 2.883184e+00 3.196349e+00 3.454349e+00 3.669279e+00 3.846102e+00 3.986925e+00 4.095941e+00 4.178385e+00
-9.999000e+03 -9.999000e+03 -9.999000e+03 -9.999000e+03 -9.999000e+03 -9.999000e+03 -9.999000e+03 -9.999000e+03 -9.999000e+03 1.941561e+00 1.133867e+01 1.966753e+00 1.125018e+00 6.645812e-01 1.495960e+00 2.098077e+00 6.953613e-01 4.181738e+00 2.410566e+00 2.468455e+00 2.573656e+00 2.645512e+00 7.548897e-01 7.626241e-01 1.352622e+00 1.807966e+00 7.504827e-01 7.468798e-01 7.344708e-01 7.098490e-01 7.114065e-01 1.277431e+00 1.748339e+00 2.149539e+00 2.488601e+00 2.766291e+00 2.985708e+00 7.837407e-01 3.105447e+00 1.423759e+00 1.459880e+00 2.836773e+00 3.109940e+00 3.336625e+00 3.519399e+00 3.665824e+00 3.783594e+00 3.880803e+00 3.961941e+00 4.030690e+00 3.541316e+01 3.775416e+01
-9.999000e+03 -9.999000e+03 -9.999000e+03 -9.999000e+03 -9.999000e+03 -9.999000e+03 -9.999000e+03 -9.999000e+03 3.883317e+00 3.126686e+00 9.024960e+00 1.809195e+00 6.578980e-01 1.141633e+00 1.975066e+00 2.151316e+00 4.347072e+00 2.369345e+00 2.420312e+00 2.546060e+00 2.564376e+00 1.318710e+00 1.775847e+00 2.147157e+00 2.441654e+00 1.456898e+01 1.649305e+01 1.587703e+01 1.516206e+01 1.431518e+01 1.333426e+01 1.224836e+01 1.107785e+01 9.854278e+00 8.619588e+00 7.405042e+00 6.204495e+00 8.017036e+00 7.689059e+00 1.006486e+01 1.125094e+01 1.243496e+01 1.211116e+01 1.173003e+01 1.128663e+01 1.078240e+01 1.021357e+01 9.572316e+00 8.858861e+00 4.208821e+01 4.116274e+00 4.101415e+00
-9.999000e+03 -9.999000e+03 -9.999000e+03 -9.999000e+03 -9.999000e+03 -9.999000e+03 -9.999000e+03 1.941538e+00 3.883125e+00 8.576563e+00 1.202524e+00 1.548006e+00 6.656224e-01 1.793401e+00 2.030020e+00 2.282527e+00 2.349912e+00 2.404505e+00 2.583159e+00 2.486146e+00 7.437361e-01 7.499571e-01 1.333125e+00 1.082570e+01 1.259566e+01 2.462418e+00 1.813260e+00 2.169929e+00 2.437202e+00 2.615764e+00 2.736311e+00 2.836553e+00 2.932798e+00 3.034176e+00 3.141376e+00 3.247510e+00 3.343346e+00 3.419680e+00 3.481059e+00 3.538461e+00 3.592380e+00 3.639152e+00 3.678879e+00 3.711916e+00 3.741142e+00 3.771070e+00 3.798425e+00 3.816464e+00 5.793066e+01 4.142025e+00 4.128256e+00 4.107346e+00
-9.999000e+03 -9.999000e+03 -9.999000e+03 -9.999000e+03 -9.999000e+03 -9.999000e+03 -9.999000e+03 1.941454e+00 7.976927e-01 8.467191e+00 6.911746e-01 1.175623e+00 1.538231e+00 1.845304e+00 2.206602e+00 2.307284e+00 2.394954e+00 2.704502e+00 2.407779e+00 2.508243e+00 4.965151e+00 7.396909e+00 9.826141e+00 2.168803e+00 2.176453e+00 1.354957e+00 7.664155e-01 1.359253e+00 1.819513e+00 2.167349e+00 2.437406e+00 2.660705e+00 2.848652e+00 3.007673e+00 3.141747e+00 3.252098e+00 4.219176e+01 4.456519e+01 4.693162e+01 4.929551e+01 5.165988e+01 5.402738e+01 5.459808e+01 5.161509e+01 5.182384e+01 5.221834e+01 5.488050e+01 6.310821e+01 4.164736e+00 4.152432e+00 4.132154e+00 4.108445e+00
-9.999000e+03 -9.999000e+03 -9.999000e+03 -9.999000e+03 -9.999000e+03 -9.999000e+03 -9.999000e+03 2.306980e-01 7.299290e+00 1.793947e+00 6.704575e-01 1.172768e+00 1.579705e+00 2.075814e+00 2.218894e+00 2.349563e+00 2.899646e+00 2.312937e+00 2.413577e+00 2.496121e+00 2.582964e+00 2.676819e+00 1.806060e+00 1.810330e+00 7.591889e-01 7.697022e-01 1.371502e+00 1.844319e+00 2.214610e+00 2.498711e+00 2.715254e+00 2.884791e+00 3.018151e+00 3.525177e+01 3.769181e+01 4.012458e+01 3.622397e+00 3.675129e+00 3.723838e+00 3.773165e+00 3.826190e+00 3.893585e+00 3.951036e+00 7.858821e+00 1.173288e+01 1.557937e+01 4.156113e+00 4.169291e+00 4.167143e+00 4.151966e+00 4.134276e+00 4.105864e+00
