tests/data/reference/test_implicit_stream_rill_mfda/control/csheetvout_m3.asc
ncols	123
nrows	77
xllcorner	-713746.79929998
yllcorner	-1061022.36961616
cellsize	10.0
NODATA_value	-9999
[rows 46 to 68 of 77, columns 52 to 103 of 123]
3.866712e+00 3.421869e+00 3.365368e+00 3.305827e+00 3.267339e+00 1.920220e+00 1.926940e+00 1.930324e+00 1.938759e+00 3.200847e+00 2.358192e+00 2.610642e+01 3.584033e+00 2.434914e+00 2.010332e+00 2.007538e+00 3.077261e+00 2.037256e+00 2.074751e+00 2.104924e+00 2.122526e+00 2.142524e+00 2.163996e+00 2.170517e+00 4.117460e+00 0.000000e+00 4.570918e-01 9.056709e-01 1.668217e+00 2.324084e+00 2.875445e+00 0.000000e+00 0.000000e+00 0.000000e+00 4.510034e+00 4.317101e+00 4.294411e+00 8.353674e-01 8.424184e-01 8.436172e-01 8.426103e-01 8.397218e-01 8.351937e-01 8.280471e-01 8.214950e-01 8.156520e-01 8.094556e-01 3.002203e+00 3.490053e+00 3.482763e+00 3.439244e+00 3.484049e+00
3.304593e+00 3.251054e+00 3.182729e+00 3.131194e+00 1.394774e+00 1.400850e+00 1.402024e+00 1.409686e+00 3.023990e+00 1.918269e+00 2.728985e+01 3.547290e+00 1.973610e+00 1.452756e+00 1.447637e+00 2.758976e+00 1.451921e+00 1.477644e+00 1.503686e+00 1.515085e+00 1.524677e+00 1.543497e+00 1.560664e+00 3.962731e+00 8.498074e-01 0.000000e+00 4.711006e-01 1.247767e+00 1.946893e+00 2.569845e+00 3.115044e+00 3.578411e+00 3.996987e+00 0.000000e+00 0.000000e+00 4.306003e+00 4.320134e+00 8.274810e-01 8.393333e-01 8.428648e-01 8.418650e-01 8.381195e-01 8.349433e-01 8.311892e-01 8.280982e-01 8.248241e-01 8.201046e-01 3.248840e+00 3.571972e+00 3.557994e+00 3.540163e+00 3.579639e+00
3.091387e+00 3.030729e+00 2.966043e+00 7.672243e-01 7.740768e-01 7.729845e-01 7.744496e-01 2.811370e+00 1.396609e+00 2.844145e+01 3.540054e+00 1.432741e+00 7.997600e-01 7.960535e-01 2.401403e+00 7.920315e-01 7.987598e-01 8.134108e-01 8.212974e-01 8.232410e-01 8.298327e-01 8.407005e-01 3.779155e+00 1.555564e+00 2.172039e+00 0.000000e+00 4.441815e-01 2.484041e+00 3.099597e+00 3.639473e+00 4.107218e+00 4.499958e+00 4.798942e+00 8.060059e-01 0.000000e+00 4.486034e+00 4.309099e+00 8.177917e-01 8.337105e-01 8.409351e-01 8.413003e-01 8.370544e-01 8.347006e-01 8.333320e-01 8.330129e-01 8.319772e-01 8.283983e-01 3.462036e+00 3.660495e+00 3.643395e+00 3.642988e+00 3.681605e+00
2.805492e+00 2.751766e+00 7.568331e-01 1.361854e+00 1.852965e+00 2.246705e+00 2.557750e+00 7.684432e-01 2.954378e+01 3.553504e+00 7.868133e-01 7.948763e-01 1.441109e+00 1.969626e+00 7.922128e-01 1.432251e+00 1.963127e+00 2.411770e+00 2.789341e+00 3.101801e+00 3.360325e+00 3.577229e+00 8.372400e-01 8.526869e-01 4.997400e+00 0.000000e+00 1.327276e+00 1.851639e+00 2.554377e+00 3.171134e+00 3.711610e+00 4.175885e+00 4.552836e+00 5.003323e+00 0.000000e+00 0.000000e+00 4.264486e+00 8.077253e-01 8.257662e-01 8.367711e-01 8.399124e-01 8.369584e-01 8.353389e-01 8.351535e-01 8.368185e-01 8.376514e-01 8.347758e-01 3.649281e+00 3.758094e+00 3.738916e+00 3.746476e+00 3.780906e+00
2.439953e+00 1.417570e+01 1.352485e+01 1.280504e+01 1.202198e+01 1.117841e+01 1.027542e+01 3.059000e+01 3.573435e+00 7.782166e-01 1.409421e+00 1.932037e+00 2.363323e+00 2.712854e+00 2.992584e+00 3.214473e+00 3.392082e+00 3.539267e+00 3.662090e+00 3.763404e+00 3.847281e+00 3.917087e+00 3.983243e+00 4.057758e+00 5.241307e+00 0.000000e+00 1.171093e+00 8.536072e-01 1.675118e+00 2.399351e+00 3.040469e+00 3.603112e+00 4.079791e+00 8.872945e+00 5.123110e+00 0.000000e+00 4.436304e+00 8.007529e-01 8.190363e-01 8.318695e-01 8.370631e-01 8.361793e-01 8.357763e-01 8.358932e-01 1.533532e+00 1.537561e+00 8.400588e-01 3.816478e+00 3.863644e+00 3.842038e+00 3.850055e+00 3.875282e+00
1.474506e+01 3.758970e+00 7.364064e+00 7.996834e+00 1.147792e+01 1.796906e+01 2.129905e+01 3.585350e+00 3.422640e+00 3.468739e+00 3.500712e+00 3.524252e+00 3.545842e+00 3.568817e+00 3.595417e+00 3.627155e+00 7.177061e+00 7.037783e+00 6.861124e+00 6.650738e+00 6.406989e+00 6.127649e+00 5.826077e+00 5.522847e+00 3.832303e+00 0.000000e+00 8.501615e-01 1.570578e+00 2.194368e+00 2.879805e+00 3.484944e+00 4.016121e+00 4.468336e+00 4.826169e+00 8.994629e+00 0.000000e+00 0.000000e+00 8.647081e-01 8.151492e-01 8.279027e-01 8.338911e-01 8.347443e-01 8.359732e-01 8.360909e-01 2.122114e+00 2.131399e+00 8.439091e-01 3.968520e+00 3.974360e+00 3.949249e+00 3.953871e+00 3.966919e+00
3.674762e+00 3.667730e+00 7.909600e-01 3.745909e+00 6.904916e+00 3.854472e+00 3.566039e+00 3.352681e+00 3.577904e+00 3.605193e+00 3.622596e+00 3.629418e+00 3.630861e+00 3.632045e+00 3.635979e+00 3.645182e+00 8.029145e-01 1.472917e+00 2.043988e+00 2.531412e+00 2.935541e+00 3.246471e+00 3.481531e+00 3.668862e+00 8.286366e-01 0.000000e+00 1.258369e+00 1.948938e+00 2.547023e+00 3.067566e+00 3.680975e+00 4.213181e+00 4.665912e+00 5.034106e+00 5.093876e+00 9.053883e+00 0.000000e+00 1.591880e+00 8.151617e-01 8.242947e-01 8.288195e-01 8.298821e-01 8.329769e-01 1.529813e+00 2.620385e+00 2.635951e+00 1.550174e+00 4.108100e+00 4.088391e+00 4.058552e+00 4.056650e+00 4.056760e+00
3.535714e+00 3.543789e+00 3.676105e+00 7.078294e+00 3.875015e+00 3.496029e+00 3.234292e+00 3.534717e+00 3.717469e+00 7.051763e+00 6.928777e+00 6.739506e+00 6.488840e+00 6.185802e+00 5.842674e+00 5.473446e+00 5.098190e+00 4.741566e+00 4.429502e+00 4.199131e+00 4.080339e+00 4.045186e+00 7.897917e+00 8.536457e+00 8.352958e+00 0.000000e+00 1.364675e+00 2.032941e+00 2.622569e+00 3.140974e+00 3.589978e+00 4.145186e+00 4.617877e+00 5.015201e+00 5.326899e+00 1.408005e+01 0.000000e+00 0.000000e+00 8.926357e-01 8.223843e-01 8.221275e-01 8.210694e-01 1.515724e+00 2.112838e+00 3.041003e+00 3.064087e+00 2.151892e+00 4.235991e+00 4.203681e+00 4.168619e+00 4.156939e+00 4.145568e+00
3.357448e+00 3.788980e+00 7.165126e+00 3.868362e+00 3.371465e+00 3.054007e+00 3.451390e+00 3.706413e+00 3.396903e+00 3.753419e+00 3.791726e+00 3.823138e+00 3.841600e+00 3.841387e+00 3.826434e+00 3.805841e+00 3.790049e+00 3.790423e+00 3.813024e+00 3.860943e+00 3.921243e+00 3.964089e+00 7.929946e-01 8.172485e-01 1.507341e+00 0.000000e+00 1.308626e+00 2.003587e+00 2.608270e+00 2.293195e+00 2.657577e+00 4.589752e+00 5.080673e+00 5.485773e+00 9.627551e+00 1.927666e+01 9.183700e-01 0.000000e+00 9.030041e-01 8.996142e-01 8.242746e-01 8.227031e-01 2.090319e+00 2.606876e+00 3.395861e+00 3.426464e+00 2.665812e+00 4.351500e+00 4.315770e+00 4.276896e+00 4.254674e+00 4.233413e+00
3.685551e+00 3.364770e+00 3.822976e+00 3.180943e+00 2.805588e+00 3.315431e+00 3.672191e+00 3.236297e+00 3.716203e+00 8.046910e-01 7.252276e+00 1.051383e+01 1.035882e+01 1.668563e+01 2.015461e+01 1.970132e+01 1.917164e+01 1.857697e+01 1.792866e+01 1.723813e+01 1.649923e+01 1.568905e+01 1.482107e+01 1.392479e+01 0.000000e+00 0.000000e+00 8.773401e-01 1.612897e+00 2.254043e+00 2.815948e+00 3.304000e+00 3.719321e+00 4.068892e+00 4.558907e+00 4.969530e+00 1.103563e+01 1.999853e+01 0.000000e+00 9.132420e-01 9.087720e-01 8.340437e-01 1.514433e+00 2.585439e+00 3.031276e+00 3.696759e+00 3.732603e+00 3.103570e+00 4.453188e+00 4.419557e+00 4.380229e+00 4.350112e+00 4.320099e+00
3.102995e+00 3.740756e+00 2.900248e+00 2.474099e+00 3.117561e+00 3.600739e+00 3.022383e+00 3.679626e+00 3.260856e+00 6.422908e+00 3.329398e+00 3.353486e+00 6.591933e+00 3.838027e+00 3.552874e+00 6.988186e+00 6.964630e+00 6.877200e+00 6.737434e+00 6.555586e+00 6.331943e+00 6.060084e+00 5.758690e+00 5.456259e+00 0.000000e+00 4.254095e-01 1.166661e+00 1.837970e+00 2.431638e+00 2.951054e+00 3.401951e+00 3.790276e+00 4.121749e+00 4.401899e+00 4.834535e+00 1.006120e+01 1.792649e+01 0.000000e+00 0.000000e+00 9.263395e-01 1.644713e+00 2.114166e+00 3.015952e+00 3.396679e+00 3.950818e+00 3.989445e+00 3.474909e+00 4.541136e+00 4.511126e+00 4.473370e+00 4.438447e+00 4.401116e+00
3.647358e+00 2.520640e+00 2.036587e+00 2.844439e+00 3.484345e+00 2.739604e+00 3.628405e+00 3.024794e+00 3.058414e+00 3.081648e+00 3.098788e+00 3.118440e+00 3.773483e+00 3.366612e+00 3.382205e+00 3.824730e+00 7.228791e+00 1.059137e+01 1.180881e+01 1.191404e+01 1.371041e+01 1.423115e+01 1.375713e+01 1.323247e+01 0.000000e+00 4.287261e-01 1.168432e+00 1.834516e+00 2.418198e+00 2.922990e+00 3.360203e+00 3.741953e+00 4.072808e+00 4.355428e+00 4.797888e+00 5.164819e+00 1.342124e+01 1.805560e+01 0.000000e+00 1.749294e+00 2.375594e+00 2.642341e+00 3.392425e+00 3.710869e+00 4.163372e+00 4.202471e+00 3.788114e+00 4.616414e+00 4.587582e+00 4.550071e+00 4.512007e+00 4.468764e+00
2.050903e+00 1.486473e+00 2.480583e+00 3.312270e+00 2.379832e+00 3.559457e+00 2.725238e+00 2.756277e+00 2.778302e+00 2.790740e+00 2.800960e+00 3.690190e+00 3.112800e+00 3.135101e+00 3.739328e+00 3.383250e+00 3.419236e+00 3.849956e+00 3.668926e+00 7.276587e+00 7.325859e+00 7.309801e+00 7.237518e+00 7.119155e+00 0.000000e+00 4.298548e-01 1.168206e+00 1.828444e+00 2.403422e+00 2.898446e+00 2.479429e+00 2.167925e+00 2.242259e+00 2.107713e+00 2.400149e+00 3.149207e+00 4.692238e+00 9.640061e+00 0.000000e+00 0.000000e+00 3.031720e+00 3.263749e+00 3.718985e+00 3.978165e+00 4.338823e+00 4.375775e+00 4.047608e+00 4.678361e+00 4.648282e+00 4.609617e+00 4.570232e+00 4.522350e+00
8.237800e-01 2.033652e+00 3.082295e+00 1.933929e+00 3.468200e+00 2.359863e+00 2.387137e+00 2.405467e+00 2.416796e+00 2.422435e+00 3.611130e+00 2.790108e+00 2.818476e+00 3.646622e+00 3.119840e+00 3.148489e+00 3.727153e+00 3.428279e+00 3.486967e+00 3.554885e+00 6.780100e+00 7.753881e+00 6.940525e+00 3.866501e+00 0.000000e+00 9.041345e-01 1.632580e+00 2.948290e+00 2.589623e+00 2.633772e+00 2.725784e+00 1.951256e+00 1.712957e+00 2.258682e+00 2.275093e+00 1.518857e+00 2.241757e+00 5.037326e+00 1.124155e+01 0.000000e+00 0.000000e+00 3.808420e+00 4.193579e+00 4.200771e+00 4.480420e+00 4.512668e+00 4.256223e+00 4.725363e+00 4.693379e+00 4.653970e+00 4.616173e+00 4.565463e+00
1.493541e+00 2.801498e+00 1.401288e+00 3.348448e+00 1.916737e+00 1.945006e+00 1.959762e+00 1.966641e+00 1.967961e+00 3.545786e+00 2.404501e+00 2.430421e+00 3.551585e+00 2.797860e+00 2.821924e+00 3.603672e+00 3.141558e+00 3.192472e+00 3.252958e+00 3.021792e+00 8.460785e-01 8.463809e-01 2.664053e+00 8.608927e-01 0.000000e+00 8.896984e-01 1.622042e+00 2.641853e+00 3.134671e+00 2.190432e+00 1.581446e+00 1.594262e+00 1.607744e+00 1.618992e+00 1.632214e+00 1.649747e+00 1.657273e+00 2.429532e+00 3.063324e+00 1.499846e+01 0.000000e+00 0.000000e+00 4.592094e+00 4.376077e+00 4.589081e+00 4.616875e+00 4.419844e+00 4.759199e+00 4.725102e+00 4.683807e+00 4.646925e+00 4.594255e+00
2.446672e+00 7.765502e-01 3.199723e+00 1.384388e+00 1.411329e+00 1.426565e+00 1.432862e+00 1.429148e+00 3.497888e+00 1.945219e+00 1.968785e+00 3.466927e+00 2.407278e+00 2.427071e+00 3.485538e+00 2.801832e+00 2.845668e+00 2.898211e+00 2.593452e+00 8.444097e-01 1.550399e+00 2.147204e+00 8.472233e-01 1.568219e+00 0.000000e+00 1.360364e+00 2.053445e+00 2.642913e+00 1.573256e+00 8.555703e-01 8.584858e-01 8.638860e-01 8.699468e-01 8.756649e-01 8.831828e-01 8.926325e-01 1.449401e+00 1.512117e+00 3.155211e+00 8.253806e+00 2.019485e+01 0.000000e+00 4.891810e+00 4.714845e+00 4.662882e+00 4.691330e+00 4.544838e+00 4.782939e+00 4.747328e+00 4.700851e+00 4.659341e+00 8.309582e-01
2.753386e+00 3.016423e+00 7.576817e-01 7.720703e-01 7.828442e-01 7.894638e-01 7.890135e-01 3.476869e+00 1.403314e+00 1.418680e+00 3.401223e+00 1.946496e+00 1.958511e+00 3.381598e+00 2.398383e+00 2.436104e+00 2.481254e+00 2.092748e+00 8.424774e-01 1.549240e+00 2.150620e+00 2.657593e+00 3.088528e+00 3.462314e+00 0.000000e+00 1.381248e+00 2.063356e+00 8.557932e-01 8.529611e-01 1.568969e+00 2.182208e+00 2.710191e+00 3.167535e+00 3.566457e+00 3.917020e+00 2.053556e+00 8.919920e-01 8.945592e-01 1.650660e+00 2.396077e+00 2.977667e+00 0.000000e+00 0.000000e+00 4.966603e+00 4.701610e+00 4.737316e+00 4.633381e+00 4.793695e+00 4.756849e+00 4.701802e+00 8.258715e-01 3.078506e+00
3.428447e+00 3.491209e+00 3.513712e+00 3.513448e+00 3.501845e+00 3.489400e+00 3.478671e+00 7.713434e-01 7.729151e-01 3.359142e+00 1.406330e+00 1.413878e+00 3.307663e+00 1.928627e+00 1.958089e+00 1.994295e+00 1.505361e+00 8.395417e-01 1.544381e+00 2.147220e+00 2.661476e+00 3.093454e+00 3.456340e+00 3.765374e+00 0.000000e+00 1.368801e+00 2.047737e+00 2.625859e+00 3.114411e+00 3.524000e+00 3.863238e+00 4.139583e+00 4.363539e+00 4.546572e+00 4.699116e+00 4.830794e+00 2.352598e+00 1.645004e+00 1.715972e+00 2.014214e+00 4.513261e+00 1.355840e+01 0.000000e+00 0.000000e+00 4.950792e+00 4.755345e+00 8.338956e-01 4.785633e+00 4.746947e+00 8.241126e-01 3.079151e+00 2.661509e+00
2.677523e+00 2.915251e+00 3.082048e+00 3.194112e+00 3.266098e+00 3.312037e+00 3.338456e+00 3.346312e+00 3.344616e+00 7.701191e-01 7.753922e-01 3.269157e+00 1.389961e+00 1.406800e+00 1.430358e+00 8.187153e-01 8.302457e-01 1.528836e+00 2.128272e+00 2.642499e+00 3.080378e+00 3.447296e+00 3.752361e+00 4.006127e+00 0.000000e+00 1.359135e+00 2.039486e+00 2.624718e+00 3.123876e+00 3.543523e+00 3.890511e+00 4.170821e+00 4.393197e+00 4.567723e+00 4.706236e+00 4.820779e+00 4.918661e+00 3.134157e+00 8.848200e-01 8.827453e-01 1.618785e+00 2.332699e+00 1.196082e+01 0.000000e+00 5.194224e+00 4.992180e+00 8.297180e-01 8.245403e-01 8.220918e-01 8.290900e-01 2.672206e+00 2.162766e+00
1.876167e+00 2.252146e+00 2.550136e+00 2.782475e+00 2.959265e+00 3.088342e+00 3.176310e+00 3.228672e+00 3.253487e+00 3.260070e+00 3.257817e+00 7.628551e-01 7.696996e-01 7.781865e-01 7.935299e-01 1.457728e+00 2.029554e+00 2.527030e+00 2.958273e+00 3.327443e+00 3.638962e+00 3.896581e+00 8.113297e+00 8.500166e+00 0.000000e+00 1.482519e+00 2.137959e+00 2.715994e+00 3.215198e+00 3.637239e+00 3.986482e+00 4.267030e+00 4.485541e+00 4.649950e+00 4.771527e+00 4.863279e+00 4.934856e+00 4.994406e+00 4.768384e+00 2.400289e+00 3.400008e+00 6.234959e+00 6.519240e+00 0.000000e+00 0.000000e+00 5.157659e+00 8.270391e-01 8.267133e-01 8.252758e-01 3.115162e+00 2.684329e+00 2.163155e+00
7.422604e-01 1.338766e+00 1.828945e+00 2.231079e+00 2.554066e+00 2.800568e+00 2.979809e+00 3.104642e+00 3.181282e+00 3.211126e+00 3.207429e+00 3.190651e+00 3.178393e+00 3.185014e+00 3.223244e+00 3.300737e+00 3.415180e+00 3.559200e+00 3.719183e+00 3.880087e+00 4.030549e+00 4.162036e+00 8.394549e-01 0.000000e+00 0.000000e+00 1.204511e+00 1.906313e+00 2.517748e+00 3.047989e+00 3.500796e+00 3.880170e+00 4.188726e+00 4.431386e+00 4.613976e+00 4.745017e+00 4.835206e+00 4.897878e+00 4.946060e+00 4.987676e+00 3.983634e+00 2.833276e+00 4.875602e+00 6.125996e+00 6.334028e+00 0.000000e+00 0.000000e+00 1.594297e+00 8.323018e-01 8.389821e-01 8.477759e-01 8.548966e-01 1.573377e+00
-9.999000e+03 -9.999000e+03 -9.999000e+03 -9.999000e+03 -9.999000e+03 -9.999000e+03 -9.999000e+03 7.673746e-01 7.611301e-01 7.427695e-01 7.341809e-01 7.418616e-01 1.338811e+00 1.841136e+00 2.271510e+00 2.644106e+00 2.970889e+00 3.262080e+00 3.518834e+00 3.738721e+00 3.921442e+00 4.066350e+00 4.184355e+00 0.000000e+00 4.513734e-01 1.171613e+00 1.825253e+00 2.411968e+00 2.933378e+00 3.389670e+00 3.781101e+00 4.106457e+00 4.367282e+00 4.565747e+00 4.706788e+00 4.797755e+00 4.853785e+00 4.892102e+00 4.922459e+00 4.952637e+00 3.350774e+00 2.438073e+00 4.744214e+00 6.310624e+00 6.518053e+00 0.000000e+00 0.000000e+00 9.095804e-01 8.532513e-01 8.587347e-01 8.613925e-01 8.608716e-01
-9.999000e+03 -9.999000e+03 -9.999000e+03 -9.999000e+03 -9.999000e+03 -9.999000e+03 -9.999000e+03 -9.999000e+03 -9.999000e+03 -9.999000e+03 1.320500e+00 1.316674e+00 7.623688e-01 7.874756e-01 1.438368e+00 1.984200e+00 2.448273e+00 2.849819e+00 3.193330e+00 3.478166e+00 3.708207e+00 3.887722e+00 4.032202e+00 0.000000e+00 4.501839e-01 1.167612e+00 1.817005e+00 2.400572e+00 2.921637e+00 2.927015e+00 3.934743e+00 4.246991e+00 4.498197e+00 4.688160e+00 4.819282e+00 4.897071e+00 4.934344e+00 4.947208e+00 4.948669e+00 4.950710e+00 4.960439e+00 2.562935e+00 3.162011e+00 5.836146e+00 6.149933e+00 6.336335e+00 0.000000e+00 0.000000e+00 8.598436e-01 8.668380e-01 -9.999000e+03 -9.999000e+03
