tests/data/reference/test_implicit_stream_rill_mfda/control/csheetvout_m3.asc
ncols	123
nrows	77
xllcorner	-713746.79929998
yllcorner	-1061022.36961616
cellsize	10.0
NODATA_value	-9999
[rows 23 to 45 of 77, columns 52 to 103 of 123]
1.521678e+00 2.992992e+00 3.328073e+00 3.776928e+00 3.942015e+00 4.167483e+00 4.128847e+00 3.888874e+00 3.884326e+00 3.637026e+00 3.330805e+00 3.312360e+00 3.290133e+00 3.263742e+00 3.230585e+00 4.110136e+00 1.416060e+01 6.285776e+00 3.082253e+00 2.985079e+00 2.538254e+00 2.262785e+00 1.907042e+00 2.238235e+00 7.805153e-01 1.375748e+00 3.242718e+01 8.940172e+00 8.560451e+00 2.360181e+00 1.928534e+00 1.395120e+00 7.646356e-01 7.341670e-01 -9.999000e+03 -9.999000e+03 -9.999000e+03 -9.999000e+03 -9.999000e+03 -9.999000e+03 -9.999000e+03 -9.999000e+03 -9.999000e+03 -9.999000e+03 -9.999000e+03 -9.999000e+03 -9.999000e+03 -9.999000e+03 -9.999000e+03 -9.999000e+03 -9.999000e+03 -9.999000e+03
1.529749e+00 2.119685e+00 3.361186e+00 3.637071e+00 3.997814e+00 4.128638e+00 4.295404e+00 4.272115e+00 4.082003e+00 4.073935e+00 3.869223e+00 3.613856e+00 3.591919e+00 3.561487e+00 3.522149e+00 3.471656e+00 1.795794e+01 5.969776e+00 3.234103e+00 3.164233e+00 2.848383e+00 2.644154e+00 2.364583e+00 2.617281e+00 1.428424e+00 1.895925e+00 7.669897e-01 3.085788e+01 8.453576e+00 8.448056e+00 4.532373e+00 1.908698e+00 1.387203e+00 1.333343e+00 7.236687e-01 -9.999000e+03 -9.999000e+03 -9.999000e+03 -9.999000e+03 -9.999000e+03 -9.999000e+03 -9.999000e+03 -9.999000e+03 -9.999000e+03 -9.999000e+03 -9.999000e+03 -9.999000e+03 -9.999000e+03 -9.999000e+03 -9.999000e+03 -9.999000e+03 -9.999000e+03
3.034387e+00 2.130762e+00 2.632202e+00 3.671511e+00 3.892582e+00 4.174994e+00 4.273745e+00 4.394116e+00 4.381503e+00 4.234803e+00 4.223800e+00 4.054788e+00 3.838848e+00 3.806257e+00 3.764836e+00 3.714876e+00 2.080327e+01 5.632760e+00 3.371434e+00 3.330216e+00 3.119311e+00 2.974906e+00 2.757579e+00 2.946838e+00 1.977860e+00 2.343428e+00 1.408379e+00 2.927194e+01 7.743192e-01 7.921614e+00 1.276290e+01 2.302439e+00 1.894265e+00 1.846735e+00 1.342470e+00 7.551594e-01 7.306104e-01 7.282290e-01 -9.999000e+03 -9.999000e+03 -9.999000e+03 -9.999000e+03 -9.999000e+03 -9.999000e+03 -9.999000e+03 -9.999000e+03 -9.999000e+03 -9.999000e+03 -9.999000e+03 -9.999000e+03 -9.999000e+03 -9.999000e+03
1.548089e+00 3.409081e+00 2.644091e+00 3.064410e+00 3.923105e+00 4.094012e+00 4.309866e+00 4.384667e+00 4.472055e+00 4.465912e+00 4.352718e+00 4.335607e+00 4.192173e+00 4.006630e+00 3.964591e+00 3.914760e+00 1.839187e+01 5.279934e+00 3.493666e+00 3.479930e+00 3.350528e+00 3.255087e+00 3.088730e+00 3.228110e+00 2.443943e+00 2.729599e+00 1.959204e+00 2.767313e+01 1.421084e+00 7.356413e+00 1.246231e+01 2.608790e+00 2.303909e+00 2.276782e+00 1.866846e+00 1.377216e+00 1.324594e+00 7.381790e-01 1.302452e+00 7.252623e-01 -9.999000e+03 -9.999000e+03 -9.999000e+03 -9.999000e+03 -9.999000e+03 -9.999000e+03 -9.999000e+03 -9.999000e+03 -9.999000e+03 -9.999000e+03 -9.999000e+03 -9.999000e+03
2.155901e+00 8.418536e-01 3.721668e+00 3.070934e+00 3.417524e+00 4.119919e+00 4.251135e+00 4.415302e+00 4.471101e+00 4.531733e+00 4.526166e+00 4.436107e+00 4.411935e+00 4.289861e+00 4.129593e+00 4.075566e+00 1.937277e+01 4.917390e+00 3.595432e+00 3.606493e+00 3.537611e+00 3.480752e+00 3.356500e+00 3.459334e+00 2.834416e+00 3.059969e+00 2.432950e+00 2.568222e+01 1.975611e+00 6.775287e+00 1.211080e+01 2.866797e+00 2.632352e+00 2.615233e+00 2.287043e+00 1.881868e+00 7.593850e-01 7.457078e-01 1.315769e+00 1.752157e+00 1.286392e+00 1.881306e+00 -9.999000e+03 -9.999000e+03 -9.999000e+03 -9.999000e+03 -9.999000e+03 -9.999000e+03 -9.999000e+03 -9.999000e+03 -9.999000e+03 -9.999000e+03
2.677254e+00 1.544346e+00 3.977592e+00 3.423831e+00 8.222926e-01 3.705251e+00 4.274301e+00 4.374596e+00 4.496416e+00 4.535551e+00 4.573979e+00 4.564612e+00 4.490447e+00 4.458699e+00 4.349831e+00 4.204057e+00 2.044753e+01 4.569540e+00 3.682213e+00 3.714815e+00 3.690083e+00 3.662731e+00 3.572273e+00 3.647834e+00 3.159723e+00 3.340935e+00 2.839745e+00 2.326251e+01 2.452232e+00 6.182960e+00 1.171068e+01 3.087289e+00 2.897181e+00 2.877435e+00 2.615110e+00 2.284841e+00 1.364570e+00 1.339741e+00 7.447292e-01 1.776249e+00 0.000000e+00 5.037652e+00 1.878550e+00 1.876149e+00 -9.999000e+03 -9.999000e+03 -9.999000e+03 -9.999000e+03 -9.999000e+03 -9.999000e+03 -9.999000e+03 -9.999000e+03
3.119210e+00 2.137536e+00 4.181406e+00 3.713145e+00 8.243240e-01 1.505543e+00 3.938131e+00 4.394438e+00 4.470895e+00 4.558086e+00 4.582101e+00 4.600460e+00 4.582906e+00 4.514251e+00 4.468622e+00 4.364945e+00 4.234710e+00 1.937393e+01 3.763356e+00 3.814578e+00 3.822218e+00 3.816392e+00 3.750987e+00 3.803793e+00 3.429988e+00 3.578159e+00 3.186638e+00 2.296821e+01 2.857890e+00 5.584930e+00 1.125953e+01 3.277309e+00 3.116973e+00 3.087032e+00 2.870768e+00 2.598940e+00 1.847910e+00 1.819598e+00 1.339578e+00 0.000000e+00 0.000000e+00 5.095596e+00 2.188525e+00 6.321535e-01 1.873684e+00 -9.999000e+03 -9.999000e+03 -9.999000e+03 -9.999000e+03 -9.999000e+03 -9.999000e+03 -9.999000e+03
3.483121e+00 2.632729e+00 4.335950e+00 3.945559e+00 1.509059e+00 8.250440e-01 2.084986e+00 4.128255e+00 4.487837e+00 4.541868e+00 4.598136e+00 4.605452e+00 4.603231e+00 4.571817e+00 4.502303e+00 4.448670e+00 4.357871e+00 4.250437e+00 1.457478e+01 3.910997e+00 3.939705e+00 3.946980e+00 3.898486e+00 3.932421e+00 3.653396e+00 3.777402e+00 3.479438e+00 2.125652e+01 3.200846e+00 5.001852e+00 1.076250e+01 3.446889e+00 3.305610e+00 3.261633e+00 7.747372e-01 7.645079e-01 2.241530e+00 2.215130e+00 0.000000e+00 0.000000e+00 1.212054e+00 5.153783e+00 2.447881e+00 1.127187e+00 6.455150e-01 1.872738e+00 -9.999000e+03 -9.999000e+03 -9.999000e+03 -9.999000e+03 -9.999000e+03 -9.999000e+03
3.765389e+00 3.034318e+00 4.443199e+00 4.126198e+00 2.087455e+00 1.512204e+00 8.298965e-01 2.583288e+00 4.277743e+00 4.548265e+00 4.578613e+00 4.604752e+00 4.594195e+00 4.575069e+00 4.538099e+00 4.477438e+00 4.427219e+00 4.353814e+00 1.236738e+01 4.007660e+00 4.045756e+00 4.057198e+00 4.018394e+00 4.037749e+00 3.837359e+00 3.943730e+00 3.722471e+00 1.952991e+01 3.488090e+00 4.481626e+00 1.022539e+01 3.604716e+00 3.474564e+00 8.014573e-01 7.892237e-01 7.780838e-01 2.574596e+00 0.000000e+00 0.000000e+00 1.062923e+00 1.704599e+00 5.122139e+00 2.595301e+00 1.487873e+00 1.137064e+00 6.703483e-01 6.502772e-01 -9.999000e+03 -9.999000e+03 -9.999000e+03 -9.999000e+03 -9.999000e+03
3.956117e+00 3.340228e+00 4.498956e+00 4.251988e+00 8.158379e-01 2.573638e+00 2.092713e+00 1.517130e+00 2.998003e+00 4.381400e+00 4.574895e+00 4.583472e+00 4.586736e+00 4.566333e+00 4.541655e+00 4.507354e+00 4.457692e+00 4.413928e+00 1.234550e+01 4.099373e+00 4.137808e+00 4.147615e+00 4.114526e+00 4.124340e+00 3.988366e+00 4.081107e+00 3.919633e+00 1.778272e+01 3.721711e+00 4.152619e+00 9.645462e+00 3.749167e+00 8.133190e-01 8.090089e-01 7.998639e-01 7.899894e-01 0.000000e+00 0.000000e+00 1.122754e+00 1.633609e+00 2.111012e+00 5.029665e+00 7.071838e-01 6.845064e-01 1.529158e+00 1.199366e+00 1.179077e+00 6.671741e-01 1.873217e+00 -9.999000e+03 -9.999000e+03 -9.999000e+03
3.857529e+00 4.056764e+00 3.556859e+00 4.503414e+00 4.323844e+00 1.478915e+00 2.973035e+00 2.574237e+00 2.088492e+00 3.339209e+00 4.452466e+00 4.585128e+00 4.580559e+00 4.570004e+00 4.544137e+00 4.516702e+00 4.484220e+00 4.441652e+00 4.400544e+00 1.546798e+01 4.209453e+00 4.216740e+00 4.190023e+00 4.196512e+00 4.112214e+00 4.192773e+00 4.074176e+00 1.600749e+01 3.901311e+00 4.120825e+00 9.016603e+00 8.124639e-01 8.101102e-01 8.089894e-01 0.000000e+00 0.000000e+00 0.000000e+00 8.365041e-01 1.716809e+00 2.107177e+00 2.451720e+00 7.603690e-01 7.466545e-01 1.247138e+00 1.856769e+00 1.605015e+00 1.572764e+00 6.844674e-01 6.683737e-01 1.876940e+00 -9.999000e+03 -9.999000e+03
6.665531e+01 4.723501e+01 4.307285e+00 3.899173e+00 4.471435e+00 4.357783e+00 2.034153e+00 3.302747e+00 2.979206e+00 2.574996e+00 3.626393e+00 4.507189e+00 4.594421e+00 4.581212e+00 4.560429e+00 4.529260e+00 4.497217e+00 4.462615e+00 4.420595e+00 1.698305e+01 4.255733e+00 4.260442e+00 4.242327e+00 4.251630e+00 4.207497e+00 4.275607e+00 4.184173e+00 1.423332e+01 4.029098e+00 4.159353e+00 8.340748e+00 8.106987e-01 8.103879e-01 0.000000e+00 0.000000e+00 1.328839e+00 8.477792e-01 1.484069e+00 2.212502e+00 2.503917e+00 7.805573e-01 7.738960e-01 7.650827e-01 1.720415e+00 2.139390e+00 1.934534e+00 7.044532e-01 7.062216e-01 7.075032e-01 2.209825e+00 6.601125e-01 1.877200e+00
9.173545e+00 9.200884e+00 3.201817e+01 4.490933e+00 4.172042e+00 4.680398e+00 4.618719e+00 2.654981e+00 3.771874e+00 3.502939e+00 3.157167e+00 4.073860e+00 4.801998e+00 4.862380e+00 4.842892e+00 4.812322e+00 4.770950e+00 4.728241e+00 4.683520e+00 4.632889e+00 2.203947e+01 4.504946e+00 4.498477e+00 4.517199e+00 4.267625e+00 4.321349e+00 4.243499e+00 1.250990e+01 4.107019e+00 4.189417e+00 7.623492e+00 8.115690e-01 0.000000e+00 0.000000e+00 1.176295e+00 1.927337e+00 1.500723e+00 2.026278e+00 2.627385e+00 7.965769e-01 7.898230e-01 7.816063e-01 7.727071e-01 7.605894e-01 2.389479e+00 2.222096e+00 7.407652e-01 1.283459e+00 1.279176e+00 2.533860e+00 7.059827e-01 2.209840e+00
8.627424e-01 1.590043e+00 2.209896e+00 2.893507e+01 2.819139e+01 2.354222e+01 2.216185e+01 4.830443e+00 3.185950e+00 4.163044e+00 3.941723e+00 3.648663e+00 4.442829e+00 5.035768e+00 9.820162e+00 5.006958e+00 4.953674e+00 4.899967e+00 4.844506e+00 4.784090e+00 8.484700e-01 2.426823e+01 9.098722e+00 4.721982e+00 4.524602e+00 4.560741e+00 4.253421e+00 1.082413e+01 4.142629e+00 4.202101e+00 6.875280e+00 0.000000e+00 0.000000e+00 8.114772e-01 1.798782e+00 2.423993e+00 2.045652e+00 2.480346e+00 2.972575e+00 8.015261e-01 7.962229e-01 7.877727e-01 7.791634e-01 7.688152e-01 2.610184e+00 2.469949e+00 1.333918e+00 1.759053e+00 1.749567e+00 2.786066e+00 1.278901e+00 2.538948e+00
2.221041e+00 2.791426e+00 3.282675e+00 3.684457e+00 4.015037e+00 4.300795e+00 4.543048e+00 2.713978e+01 3.071227e+01 3.530057e+01 3.867862e+01 4.126741e+01 4.631840e+01 5.384154e+01 6.187224e+01 6.924670e+01 6.802983e+01 5.048566e+00 4.998948e+00 4.945645e+00 4.890691e+00 1.569818e+00 1.988911e+01 4.879000e+00 4.709838e+00 4.721040e+00 4.455635e+00 9.192584e+00 4.147636e+00 4.201775e+00 0.000000e+00 0.000000e+00 8.179084e-01 8.140501e-01 2.320878e+00 2.836322e+00 2.501765e+00 2.857925e+00 3.255697e+00 8.031386e-01 7.996467e-01 7.921562e-01 7.845702e-01 7.753303e-01 7.639054e-01 7.523278e-01 1.803300e+00 2.136236e+00 2.129278e+00 2.977495e+00 1.759252e+00 2.802685e+00
1.647342e+00 2.311397e+00 2.885658e+00 2.976208e+01 3.136737e+01 2.532574e+01 2.330619e+01 2.459065e+01 2.622807e+01 2.829017e+01 3.016128e+01 3.142356e+01 3.352712e+01 3.774620e+01 4.383995e+01 5.217925e+01 6.063684e+01 5.885737e+01 5.826310e+01 5.032437e+00 4.993722e+00 4.960061e+00 2.473384e+01 4.980036e+00 4.825940e+00 4.812432e+00 4.583560e+00 8.135451e+00 4.132461e+00 0.000000e+00 0.000000e+00 8.174976e-01 8.194352e-01 8.156384e-01 2.757968e+00 3.177908e+00 2.883586e+00 3.171618e+00 8.069383e-01 8.070288e-01 8.043352e-01 7.971476e-01 7.894020e-01 7.812227e-01 7.714308e-01 7.593221e-01 7.482454e-01 2.431050e+00 2.428903e+00 3.112574e+00 2.153456e+00 3.002681e+00
4.090044e+00 2.287048e+01 2.281970e+01 3.950800e+00 3.983810e+00 4.019982e+00 4.052852e+00 4.080992e+00 4.096748e+00 4.126604e+00 4.158259e+00 4.407958e+00 4.285393e+00 4.301518e+00 4.316979e+00 4.331195e+00 8.927815e+00 1.329244e+01 1.322736e+01 6.524301e+01 6.428981e+01 4.847656e+01 5.085581e+01 4.000533e+01 4.870733e+00 4.845750e+00 4.656117e+00 7.069608e+00 0.000000e+00 0.000000e+00 8.262508e-01 1.494664e+00 8.202925e-01 8.163160e-01 3.122172e+00 3.459286e+00 3.202940e+00 3.432853e+00 8.124748e-01 8.129070e-01 8.106473e-01 8.036110e-01 7.943422e-01 7.856655e-01 7.792952e-01 7.713267e-01 7.593710e-01 2.662713e+00 2.658999e+00 3.192593e+00 2.456554e+00 3.134671e+00
2.987446e+01 3.890526e+00 3.908306e+00 3.924297e+00 3.938815e+00 3.954973e+00 3.971099e+00 3.964943e+00 3.987610e+00 4.016738e+00 4.050918e+00 3.887661e+00 3.914483e+00 3.943613e+00 3.972933e+00 4.424034e+00 4.319101e+00 2.075725e+01 2.416859e+01 2.747375e+01 3.054366e+01 5.824669e+00 2.844911e+01 9.517279e+01 6.679646e+01 4.803857e+00 4.674631e+00 8.517983e-01 0.000000e+00 1.256723e+00 1.489865e+00 2.065022e+00 8.224910e-01 1.493825e+00 3.424393e+00 3.688820e+00 3.468383e+00 3.649667e+00 8.167336e-01 8.170770e-01 8.146070e-01 8.083874e-01 7.989905e-01 7.885635e-01 7.832137e-01 7.793585e-01 7.702153e-01 7.588043e-01 2.839293e+00 3.236687e+00 2.686977e+00 3.213117e+00
3.884176e+00 3.884703e+00 3.884351e+00 3.880931e+00 3.878112e+00 3.877049e+00 3.833226e+00 3.841334e+00 3.859882e+00 3.890384e+00 3.638328e+00 3.667940e+00 3.701913e+00 3.738577e+00 4.064062e+00 3.927709e+00 2.075359e+01 4.230181e+00 4.227712e+00 4.075478e+00 4.073955e+00 0.000000e+00 0.000000e+00 0.000000e+00 1.363341e+02 7.968762e+01 4.727141e+00 0.000000e+00 0.000000e+00 1.927674e+00 2.151035e+00 2.542530e+00 8.253407e-01 2.071361e+00 3.674759e+00 3.873718e+00 3.686728e+00 8.177233e-01 8.200832e-01 8.206832e-01 8.171986e-01 8.107978e-01 8.022136e-01 7.909160e-01 7.845673e-01 7.831911e-01 7.790412e-01 7.716832e-01 2.990004e+00 3.268155e+00 2.869765e+00 3.259107e+00
3.885677e+00 3.871771e+00 3.856575e+00 3.841108e+00 3.823326e+00 3.724742e+00 3.714317e+00 3.715626e+00 3.735071e+00 3.354245e+00 3.381250e+00 3.413253e+00 3.449451e+00 3.888814e+00 3.678122e+00 1.627078e+01 4.087333e+00 3.801797e+00 3.641925e+00 3.654432e+00 4.292210e+00 3.881838e+00 4.047750e+00 0.000000e+00 0.000000e+00 0.000000e+00 1.549814e+01 0.000000e+00 8.852706e-01 2.452995e+00 2.684350e+00 3.082813e+00 1.501454e+00 2.557704e+00 3.877794e+00 4.021276e+00 3.865840e+00 8.200559e-01 8.221841e-01 8.240767e-01 8.212550e-01 8.140254e-01 8.049888e-01 7.932890e-01 7.858798e-01 7.842479e-01 7.822696e-01 1.397700e+00 3.119307e+00 3.297960e+00 3.016849e+00 3.289002e+00
3.880651e+00 3.856385e+00 3.834536e+00 3.808326e+00 3.640496e+00 3.611570e+00 3.594339e+00 3.598451e+00 3.043440e+00 3.063182e+00 3.089452e+00 3.121271e+00 3.705520e+00 3.387570e+00 1.579821e+01 3.931751e+00 3.510572e+00 3.305889e+00 3.325918e+00 3.884489e+00 3.387665e+00 3.593467e+00 3.611038e+00 3.736035e+00 3.708949e+00 0.000000e+00 0.000000e+00 0.000000e+00 1.657978e+01 1.513830e+00 5.455511e+00 3.504876e+00 2.044444e+00 2.948811e+00 4.033453e+00 4.137702e+00 4.013629e+00 8.233130e-01 8.239601e-01 8.261830e-01 8.250230e-01 8.183711e-01 8.084396e-01 7.956053e-01 7.870452e-01 7.838105e-01 7.815260e-01 1.911733e+00 3.231064e+00 3.332265e+00 3.136411e+00 3.316373e+00
3.875275e+00 3.849005e+00 3.818858e+00 3.569394e+00 3.526890e+00 3.492553e+00 3.482706e+00 2.710292e+00 2.718994e+00 2.734310e+00 2.758733e+00 3.526610e+00 3.066313e+00 1.842455e+01 3.789242e+00 3.177821e+00 2.911087e+00 2.926289e+00 3.629178e+00 2.990175e+00 3.031475e+00 3.062704e+00 3.235917e+00 3.232980e+00 3.338390e+00 2.728979e+00 0.000000e+00 0.000000e+00 0.000000e+00 0.000000e+00 7.243162e+00 3.805810e+00 2.608754e+00 3.258725e+00 4.147885e+00 4.226594e+00 4.133691e+00 8.259389e-01 8.272678e-01 8.285452e-01 8.279213e-01 8.231190e-01 8.143126e-01 8.018224e-01 7.927144e-01 7.877798e-01 7.840656e-01 2.334658e+00 3.328998e+00 3.376171e+00 3.241076e+00 3.354943e+00
3.876197e+00 3.842838e+00 3.491146e+00 3.441927e+00 3.394467e+00 3.370854e+00 2.337266e+00 2.341953e+00 2.346255e+00 2.359987e+00 3.354647e+00 2.716275e+00 2.496808e+01 3.676097e+00 2.810622e+00 2.471210e+00 2.476879e+00 3.347068e+00 2.528626e+00 2.569421e+00 2.601800e+00 2.624502e+00 2.642452e+00 2.787546e+00 2.779569e+00 0.000000e+00 0.000000e+00 1.646198e+00 2.284265e+00 0.000000e+00 0.000000e+00 0.000000e+00 3.074357e+00 3.698074e+00 4.231857e+00 4.290813e+00 4.227526e+00 8.269618e-01 8.306477e-01 8.312762e-01 8.304904e-01 8.273353e-01 8.210177e-01 8.109969e-01 8.024759e-01 7.960887e-01 7.902248e-01 2.682941e+00 3.415260e+00 3.430578e+00 3.342511e+00 3.415431e+00
