tests/data/reference/test_implicit_stream_rill_mfda/control/csheetvout_m3.asc
ncols	123
nrows	77
xllcorner	-713746.79929998
yllcorner	-1061022.36961616
cellsize	10.0
NODATA_value	-9999
[rows 23 to 45 of 77, columns 52 to 103 of 123]
1.542875e+00 3.031065e+00 3.366440e+00 3.807383e+00 3.967403e+00 4.171825e+00 4.151173e+00 3.925979e+00 3.921897e+00 3.677574e+00 3.371444e+00 3.352155e+00 3.328958e+00 3.301647e+00 3.267705e+00 4.115642e+00 1.428817e+01 6.302882e+00 3.094026e+00 2.993891e+00 2.560836e+00 2.286447e+00 1.929825e+00 2.261175e+00 7.903195e-01 1.392625e+00 3.247282e+01 9.011322e+00 8.685369e+00 2.389947e+00 1.953144e+00 1.412563e+00 7.739877e-01 7.426853e-01 -9.999000e+03 -9.999000e+03 -9.999000e+03 -9.999000e+03 -9.999000e+03 -9.999000e+03 -9.999000e+03 -9.999000e+03 -9.999000e+03 -9.999000e+03 -9.999000e+03 -9.999000e+03 -9.999000e+03 -9.999000e+03 -9.999000e+03 -9.999000e+03 -9.999000e+03 -9.999000e+03
1.551143e+00 2.149397e+00 3.401009e+00 3.675118e+00 4.025340e+00 4.150648e+00 4.299122e+00 4.290212e+00 4.115023e+00 4.107096e+00 3.906763e+00 3.653503e+00 3.630688e+00 3.599281e+00 3.558982e+00 3.507529e+00 1.809430e+01 5.979167e+00 3.241869e+00 3.170135e+00 2.870188e+00 2.669423e+00 2.391601e+00 2.641683e+00 1.446757e+00 1.918766e+00 7.764065e-01 3.090173e+01 8.509959e+00 8.576485e+00 4.593853e+00 1.932369e+00 1.404484e+00 1.348985e+00 7.319088e-01 -9.999000e+03 -9.999000e+03 -9.999000e+03 -9.999000e+03 -9.999000e+03 -9.999000e+03 -9.999000e+03 -9.999000e+03 -9.999000e+03 -9.999000e+03 -9.999000e+03 -9.999000e+03 -9.999000e+03 -9.999000e+03 -9.999000e+03 -9.999000e+03 -9.999000e+03
3.074152e+00 2.160847e+00 2.668698e+00 3.711086e+00 3.928572e+00 4.198711e+00 4.291797e+00 4.396616e+00 4.394848e+00 4.262311e+00 4.251134e+00 4.087504e+00 3.875415e+00 3.842006e+00 3.799572e+00 3.748438e+00 1.930704e+01 5.633567e+00 3.375383e+00 3.333675e+00 3.139302e+00 3.000282e+00 2.786941e+00 2.971268e+00 2.003092e+00 2.370156e+00 1.426008e+00 2.931423e+01 7.839455e-01 7.965344e+00 1.295578e+01 2.330054e+00 1.917590e+00 1.867726e+00 1.357922e+00 7.642451e-01 7.390372e-01 7.365908e-01 -9.999000e+03 -9.999000e+03 -9.999000e+03 -9.999000e+03 -9.999000e+03 -9.999000e+03 -9.999000e+03 -9.999000e+03 -9.999000e+03 -9.999000e+03 -9.999000e+03 -9.999000e+03 -9.999000e+03 -9.999000e+03
1.570135e+00 3.450775e+00 2.681139e+00 3.105691e+00 3.960682e+00 4.126505e+00 4.329088e+00 4.398199e+00 4.472546e+00 4.474093e+00 4.373748e+00 4.356256e+00 4.218861e+00 4.038427e+00 3.995493e+00 3.944481e+00 1.740881e+01 5.270434e+00 3.494382e+00 3.481520e+00 3.368108e+00 3.279371e+00 3.118671e+00 3.251435e+00 2.474133e+00 2.758219e+00 1.983485e+00 2.771387e+01 1.439117e+00 7.388694e+00 1.265085e+01 2.637260e+00 2.330915e+00 2.301371e+00 1.888144e+00 1.394068e+00 1.340023e+00 7.468031e-01 1.317509e+00 7.335442e-01 -9.999000e+03 -9.999000e+03 -9.999000e+03 -9.999000e+03 -9.999000e+03 -9.999000e+03 -9.999000e+03 -9.999000e+03 -9.999000e+03 -9.999000e+03 -9.999000e+03 -9.999000e+03
2.186944e+00 8.535307e-01 3.763318e+00 3.112942e+00 3.461331e+00 4.153896e+00 4.278793e+00 4.429335e+00 4.479617e+00 4.529578e+00 4.529114e+00 4.450253e+00 4.425528e+00 4.309661e+00 4.155183e+00 4.100147e+00 1.854220e+01 4.895155e+00 3.593679e+00 3.606717e+00 3.552467e+00 3.502999e+00 3.385420e+00 3.480666e+00 2.867466e+00 3.088726e+00 2.462111e+00 2.414025e+01 2.000476e+00 6.795626e+00 1.228787e+01 2.893056e+00 2.660417e+00 2.641566e+00 2.312506e+00 1.904702e+00 7.685908e-01 7.545391e-01 1.331288e+00 1.771689e+00 1.301147e+00 1.882501e+00 -9.999000e+03 -9.999000e+03 -9.999000e+03 -9.999000e+03 -9.999000e+03 -9.999000e+03 -9.999000e+03 -9.999000e+03 -9.999000e+03 -9.999000e+03
2.715541e+00 1.566404e+00 4.017306e+00 3.468297e+00 8.333489e-01 3.748983e+00 4.303177e+00 4.396322e+00 4.504868e+00 4.538883e+00 4.568789e+00 4.562522e+00 4.497663e+00 4.465246e+00 4.362382e+00 4.222605e+00 1.974349e+01 4.532516e+00 3.678474e+00 3.713743e+00 3.701778e+00 3.681902e+00 3.598544e+00 3.666279e+00 3.193397e+00 3.368301e+00 2.871873e+00 2.178534e+01 2.482140e+00 6.189464e+00 1.187156e+01 3.109297e+00 2.923770e+00 2.903213e+00 2.642352e+00 2.311312e+00 1.381379e+00 1.355809e+00 7.535331e-01 1.796411e+00 0.000000e+00 5.057408e+00 1.880170e+00 1.878177e+00 -9.999000e+03 -9.999000e+03 -9.999000e+03 -9.999000e+03 -9.999000e+03 -9.999000e+03 -9.999000e+03 -9.999000e+03
3.162688e+00 2.168450e+00 4.217483e+00 3.757399e+00 8.354456e-01 1.526358e+00 3.979247e+00 4.417054e+00 4.486000e+00 4.560869e+00 4.580344e+00 4.592081e+00 4.576191e+00 4.514961e+00 4.468673e+00 4.370434e+00 4.245756e+00 1.880408e+01 3.757829e+00 3.811970e+00 3.830237e+00 3.831482e+00 3.773128e+00 3.818513e+00 3.462164e+00 3.602894e+00 3.219815e+00 2.166225e+01 2.890910e+00 5.574291e+00 1.140399e+01 3.294080e+00 3.140002e+00 3.109925e+00 2.897089e+00 2.626361e+00 1.870211e+00 1.840813e+00 1.355613e+00 0.000000e+00 0.000000e+00 5.136337e+00 2.208287e+00 6.381871e-01 1.876139e+00 -9.999000e+03 -9.999000e+03 -9.999000e+03 -9.999000e+03 -9.999000e+03 -9.999000e+03 -9.999000e+03
3.529515e+00 2.670563e+00 4.366955e+00 3.987089e+00 1.529993e+00 8.361890e-01 2.113959e+00 4.164532e+00 4.503473e+00 4.550185e+00 4.595614e+00 4.599116e+00 4.591903e+00 4.561203e+00 4.497269e+00 4.442811e+00 4.356363e+00 4.253589e+00 1.428757e+01 3.906640e+00 3.943823e+00 3.957394e+00 3.915504e+00 3.942860e+00 3.682277e+00 3.798548e+00 3.511850e+00 2.182192e+01 3.234961e+00 4.969149e+00 1.089393e+01 3.458275e+00 3.323742e+00 3.279882e+00 7.843758e-01 7.738565e-01 2.266722e+00 2.239046e+00 0.000000e+00 0.000000e+00 1.008303e+00 5.211780e+00 2.478274e+00 1.137608e+00 6.518486e-01 1.875354e+00 -9.999000e+03 -9.999000e+03 -9.999000e+03 -9.999000e+03 -9.999000e+03 -9.999000e+03
3.812253e+00 3.076711e+00 4.468025e+00 4.162897e+00 2.116604e+00 1.533204e+00 8.411877e-01 2.618419e+00 4.307624e+00 4.556896e+00 4.580611e+00 4.597717e+00 4.584079e+00 4.561165e+00 4.524079e+00 4.467086e+00 4.415782e+00 4.345533e+00 1.223722e+01 4.001494e+00 4.046082e+00 4.062819e+00 4.029851e+00 4.043680e+00 3.861594e+00 3.960647e+00 3.752533e+00 2.004499e+01 3.521357e+00 4.422059e+00 1.034699e+01 3.611202e+00 3.487251e+00 8.118742e-01 7.992807e-01 7.878212e-01 2.600054e+00 0.000000e+00 0.000000e+00 1.002971e+00 1.551868e+00 5.190350e+00 2.628854e+00 1.500419e+00 1.147880e+00 6.772629e-01 6.567201e-01 -9.999000e+03 -9.999000e+03 -9.999000e+03 -9.999000e+03 -9.999000e+03
4.000892e+00 3.384401e+00 4.516903e+00 4.282349e+00 8.266910e-01 2.609020e+00 2.122001e+00 1.538373e+00 3.037264e+00 4.404071e+00 4.576912e+00 4.579777e+00 4.575746e+00 4.552748e+00 4.525047e+00 4.490040e+00 4.442515e+00 4.397631e+00 1.224885e+01 4.091694e+00 4.134838e+00 4.148745e+00 4.120470e+00 4.125840e+00 4.007114e+00 4.093453e+00 3.946048e+00 1.823936e+01 3.752455e+00 4.087529e+00 9.758414e+00 3.751810e+00 8.240969e-01 8.196600e-01 8.102337e-01 8.000695e-01 0.000000e+00 0.000000e+00 1.052274e+00 1.594831e+00 1.998472e+00 5.099655e+00 7.149996e-01 6.917614e-01 1.542263e+00 1.211567e+00 1.190565e+00 6.740111e-01 1.875752e+00 -9.999000e+03 -9.999000e+03 -9.999000e+03
3.902489e+00 4.096632e+00 3.599601e+00 4.514012e+00 4.346820e+00 1.499132e+00 3.012354e+00 2.609885e+00 2.118048e+00 3.380207e+00 4.467427e+00 4.580885e+00 4.571518e+00 4.555228e+00 4.527193e+00 4.497403e+00 4.464036e+00 4.422643e+00 4.380702e+00 1.529449e+01 4.203951e+00 4.214020e+00 4.190885e+00 4.193925e+00 4.125120e+00 4.200490e+00 4.095957e+00 1.641280e+01 3.928178e+00 4.091906e+00 9.120306e+00 8.232166e-01 8.207942e-01 8.196399e-01 0.000000e+00 0.000000e+00 0.000000e+00 8.373889e-01 1.669506e+00 2.084916e+00 2.371009e+00 7.696031e-01 7.555124e-01 1.260316e+00 1.870182e+00 1.620331e+00 1.587273e+00 6.917214e-01 6.752401e-01 1.878832e+00 -9.999000e+03 -9.999000e+03
6.488162e+01 4.547861e+01 4.340716e+00 3.938158e+00 4.474282e+00 4.372551e+00 2.061903e+00 3.343290e+00 3.018686e+00 2.610643e+00 3.666519e+00 4.514263e+00 4.584458e+00 4.567422e+00 4.542348e+00 4.509452e+00 4.475685e+00 4.440356e+00 4.399094e+00 1.673394e+01 4.248387e+00 4.254628e+00 4.238897e+00 4.245615e+00 4.214758e+00 4.278958e+00 4.200708e+00 1.464285e+01 4.050978e+00 4.143528e+00 8.433117e+00 8.213997e-01 8.210800e-01 0.000000e+00 0.000000e+00 1.173763e+00 8.483117e-01 1.495781e+00 2.183598e+00 2.494225e+00 7.903627e-01 7.835098e-01 7.744470e-01 1.737825e+00 2.151738e+00 1.950482e+00 7.122003e-01 7.140131e-01 7.153270e-01 2.229936e+00 6.667824e-01 1.879047e+00
9.249402e+00 9.275964e+00 3.065351e+01 4.515964e+00 4.204829e+00 4.676551e+00 4.626314e+00 2.687380e+00 3.811372e+00 3.543592e+00 3.196100e+00 4.111477e+00 4.802779e+00 4.848183e+00 4.825603e+00 4.791746e+00 4.749068e+00 4.705177e+00 4.660075e+00 4.610212e+00 2.164252e+01 4.496980e+00 4.492166e+00 4.508891e+00 4.269858e+00 4.320795e+00 4.254486e+00 1.291160e+01 4.123065e+00 4.178711e+00 7.701210e+00 8.222954e-01 0.000000e+00 0.000000e+00 1.107723e+00 1.809215e+00 1.512410e+00 2.046668e+00 2.612972e+00 8.068512e-01 7.998981e-01 7.914412e-01 7.822860e-01 7.698299e-01 2.400018e+00 2.236732e+00 7.494587e-01 1.297670e+00 1.293361e+00 2.565421e+00 7.137682e-01 2.229945e+00
8.706579e-01 1.605241e+00 2.231191e+00 2.778371e+01 2.714768e+01 2.278427e+01 2.155476e+01 4.830936e+00 3.221368e+00 4.199923e+00 3.981877e+00 3.689319e+00 4.476922e+00 5.031254e+00 9.788418e+00 4.984836e+00 4.930529e+00 4.875955e+00 4.820262e+00 4.760482e+00 8.560411e-01 2.368938e+01 9.084074e+00 4.711389e+00 4.523175e+00 4.557135e+00 4.258601e+00 1.121464e+01 4.152187e+00 4.192694e+00 6.933734e+00 0.000000e+00 0.000000e+00 8.222010e-01 1.753748e+00 2.335741e+00 2.066305e+00 2.506989e+00 2.968770e+00 8.119450e-01 8.064871e-01 7.977858e-01 7.889299e-01 7.782827e-01 2.618714e+00 2.482378e+00 1.349762e+00 1.777883e+00 1.768219e+00 2.822946e+00 1.293043e+00 2.570546e+00
2.245424e+00 2.820524e+00 3.314670e+00 3.717471e+00 4.046722e+00 4.328889e+00 4.566053e+00 2.638220e+01 2.987774e+01 3.434922e+01 3.759148e+01 4.008737e+01 4.500037e+01 5.226630e+01 6.004447e+01 6.728026e+01 6.612495e+01 5.024637e+00 4.974121e+00 4.920444e+00 4.865766e+00 1.584368e+00 1.950060e+01 4.865766e+00 4.704588e+00 4.713913e+00 4.455707e+00 9.566203e+00 4.150323e+00 4.191403e+00 0.000000e+00 0.000000e+00 8.288252e-01 8.248497e-01 2.294622e+00 2.772833e+00 2.528901e+00 2.888216e+00 3.258861e+00 8.136068e-01 8.100101e-01 8.023021e-01 7.944894e-01 7.849865e-01 7.732375e-01 7.613361e-01 1.824203e+00 2.157624e+00 2.150304e+00 3.014055e+00 1.777928e+00 2.839754e+00
1.663906e+00 2.334993e+00 2.914931e+00 3.004320e+01 3.138465e+01 2.497233e+01 2.290043e+01 2.411233e+01 2.566483e+01 2.764879e+01 2.943214e+01 3.063370e+01 3.268584e+01 3.679065e+01 4.275078e+01 5.098701e+01 5.931838e+01 5.694877e+01 5.643325e+01 5.006032e+00 4.966971e+00 4.933449e+00 2.422393e+01 4.963924e+00 4.816476e+00 4.801039e+00 4.577935e+00 8.483982e+00 4.128313e+00 0.000000e+00 0.000000e+00 8.284014e-01 8.304004e-01 8.264855e-01 2.746788e+00 3.134141e+00 2.914509e+00 3.202914e+00 8.175247e-01 8.176179e-01 8.148405e-01 8.074383e-01 7.994644e-01 7.910468e-01 7.809722e-01 7.685261e-01 7.571446e-01 2.452626e+00 2.450102e+00 3.144446e+00 2.174764e+00 3.039750e+00
4.095106e+00 2.300785e+01 2.299259e+01 3.930097e+00 3.963788e+00 4.000817e+00 4.034606e+00 4.063863e+00 4.085673e+00 4.117511e+00 4.151255e+00 4.401977e+00 4.304200e+00 4.321526e+00 4.338519e+00 4.354259e+00 8.952300e+00 1.334079e+01 1.327377e+01 6.325350e+01 6.239441e+01 4.717529e+01 4.956198e+01 3.908835e+01 4.856616e+00 4.829490e+00 4.644367e+00 7.370896e+00 0.000000e+00 0.000000e+00 8.331729e-01 1.515152e+00 8.312850e-01 8.271836e-01 3.122233e+00 3.430448e+00 3.234992e+00 3.462774e+00 8.232278e-01 8.236727e-01 8.213469e-01 8.140939e-01 8.045528e-01 7.956163e-01 7.890654e-01 7.808651e-01 7.685764e-01 2.682226e+00 2.678313e+00 3.216981e+00 2.478524e+00 3.167419e+00
3.002388e+01 3.870322e+00 3.887543e+00 3.903209e+00 3.917917e+00 3.934382e+00 3.950996e+00 3.953016e+00 3.976934e+00 4.007876e+00 4.043620e+00 3.908107e+00 3.935886e+00 3.966408e+00 3.997263e+00 4.422707e+00 4.339624e+00 2.073940e+01 2.415454e+01 2.749568e+01 3.060550e+01 5.499985e+00 2.847966e+01 9.353059e+01 6.497829e+01 4.782537e+00 4.656818e+00 8.594477e-01 0.000000e+00 1.177477e+00 1.506879e+00 2.093458e+00 8.335537e-01 1.514261e+00 3.431926e+00 3.670610e+00 3.499194e+00 3.676310e+00 8.276138e-01 8.279676e-01 8.254232e-01 8.190191e-01 8.093347e-01 7.986006e-01 7.930941e-01 7.891304e-01 7.797222e-01 7.679934e-01 2.854989e+00 3.252093e+00 2.707357e+00 3.238507e+00
3.866300e+00 3.865685e+00 3.864076e+00 3.860167e+00 3.857071e+00 3.855934e+00 3.823345e+00 3.831591e+00 3.851150e+00 3.883000e+00 3.661627e+00 3.691818e+00 3.726817e+00 3.764764e+00 4.062084e+00 3.949503e+00 2.013213e+01 4.222918e+00 4.254835e+00 4.110587e+00 4.110174e+00 0.000000e+00 0.000000e+00 0.000000e+00 1.334915e+02 7.702220e+01 4.700426e+00 0.000000e+00 0.000000e+00 1.868805e+00 2.174927e+00 2.576904e+00 8.364955e-01 2.099756e+00 3.686350e+00 3.862473e+00 3.714407e+00 8.286343e-01 8.310690e-01 8.316881e-01 8.280930e-01 8.215018e-01 8.126534e-01 8.010243e-01 7.944864e-01 7.930708e-01 7.888043e-01 7.812320e-01 3.000969e+00 3.274305e+00 2.886542e+00 3.275413e+00
3.869486e+00 3.853660e+00 3.837457e+00 3.821136e+00 3.803007e+00 3.719692e+00 3.708275e+00 3.709462e+00 3.729672e+00 3.380398e+00 3.407655e+00 3.440272e+00 3.477456e+00 3.887530e+00 3.702124e+00 1.581684e+01 4.076746e+00 3.830210e+00 3.676805e+00 3.690174e+00 4.309424e+00 3.921286e+00 4.089503e+00 0.000000e+00 0.000000e+00 0.000000e+00 1.412890e+01 0.000000e+00 8.621716e-01 2.410454e+00 2.713253e+00 3.120597e+00 1.522318e+00 2.592184e+00 3.890621e+00 4.013999e+00 3.888996e+00 8.310408e-01 8.332369e-01 8.351903e-01 8.322782e-01 8.248242e-01 8.155144e-01 8.034695e-01 7.958368e-01 7.941579e-01 7.921232e-01 1.415339e+00 3.125315e+00 3.295990e+00 3.028817e+00 3.295882e+00
3.865416e+00 3.840017e+00 3.816875e+00 3.790279e+00 3.642406e+00 3.611721e+00 3.593181e+00 3.597183e+00 3.071691e+00 3.091520e+00 3.118043e+00 3.150547e+00 3.706624e+00 3.413821e+00 1.534586e+01 3.918189e+00 3.540836e+00 3.340418e+00 3.360732e+00 3.903569e+00 3.425369e+00 3.633305e+00 3.652773e+00 3.778801e+00 3.752862e+00 0.000000e+00 0.000000e+00 0.000000e+00 8.516813e+00 1.502508e+00 5.453607e+00 3.543859e+00 2.073223e+00 2.987254e+00 4.045375e+00 4.132049e+00 4.031375e+00 8.344020e-01 8.350700e-01 8.373626e-01 8.361673e-01 8.293025e-01 8.190729e-01 8.058518e-01 7.970364e-01 7.937079e-01 7.913587e-01 1.935563e+00 3.232643e+00 3.324400e+00 3.143218e+00 3.314849e+00
3.862111e+00 3.834390e+00 3.804187e+00 3.579444e+00 3.534839e+00 3.498315e+00 3.487302e+00 2.738920e+00 2.747819e+00 2.763234e+00 2.788096e+00 3.531516e+00 3.094244e+00 1.792788e+01 3.773219e+00 3.209252e+00 2.944310e+00 2.959417e+00 3.651957e+00 3.025114e+00 3.068502e+00 3.101410e+00 3.275174e+00 3.273533e+00 3.379299e+00 2.767978e+00 0.000000e+00 0.000000e+00 0.000000e+00 0.000000e+00 7.160722e+00 3.843050e+00 2.642320e+00 3.298407e+00 4.157262e+00 4.220880e+00 4.145708e+00 8.371113e-01 8.384797e-01 8.397954e-01 8.391527e-01 8.342018e-01 8.251200e-01 8.122501e-01 8.028774e-01 7.977932e-01 7.939703e-01 2.362364e+00 3.327068e+00 3.364968e+00 3.243000e+00 3.347102e+00
3.864848e+00 3.832215e+00 3.509653e+00 3.458373e+00 3.408295e+00 3.382631e+00 2.364101e+00 2.369087e+00 2.373513e+00 2.387626e+00 3.364278e+00 2.744613e+00 2.490470e+01 3.658493e+00 2.841859e+00 2.501593e+00 2.507010e+00 3.373747e+00 2.559562e+00 2.602029e+00 2.635880e+00 2.659325e+00 2.678119e+00 2.823497e+00 2.816335e+00 0.000000e+00 0.000000e+00 1.558013e+00 2.213150e+00 0.000000e+00 0.000000e+00 0.000000e+00 3.109854e+00 3.736561e+00 4.237472e+00 4.283939e+00 4.233984e+00 8.381645e-01 8.419618e-01 8.426096e-01 8.417996e-01 8.385492e-01 8.320333e-01 8.217067e-01 8.129237e-01 8.063490e-01 8.003121e-01 2.712032e+00 3.410814e+00 3.418188e+00 3.340320e+00 3.403876e+00
