tests/data/reference/test_implicit_stream_rill_mfda/control/csheetvout_m3.asc
ncols	123
nrows	77
xllcorner	-713746.79929998
yllcorner	-1061022.36961616
cellsize	10.0
NODATA_value	-9999
[rows 23 to 45 of 77, columns 0 to 51 of 123]
-9.999000e+03 -9.999000e+03 -9.999000e+03 -9.999000e+03 -9.999000e+03 -9.999000e+03 -9.999000e+03 -9.999000e+03 -9.999000e+03 -9.999000e+03 -9.999000e+03 -9.999000e+03 -9.999000e+03 -9.999000e+03 6.437677e-01 2.000119e+00 2.297602e+00 1.164309e+00 6.800207e-01 4.315662e-01 3.348436e-01 2.658648e+00 5.826223e-01 6.365615e+00 7.935100e+00 4.448326e+00 8.646633e+00 5.042865e+00 2.676936e+00 4.321623e+00 8.237088e-01 1.495601e+00 2.050829e+00 3.501929e+00 1.339215e+01 3.999789e+00 8.996316e+00 8.428034e-01 8.421817e+00 4.060664e+00 4.074122e+00 4.055095e+00 4.160756e+00 4.075453e+00 4.061964e+00 3.905507e+00 3.942615e+00 4.211347e+00 3.585630e+00 2.662436e+00 2.174526e+00 8.664654e-01
-9.999000e+03 -9.999000e+03 -9.999000e+03 -9.999000e+03 -9.999000e+03 -9.999000e+03 -9.999000e+03 -9.999000e+03 -9.999000e+03 -9.999000e+03 -9.999000e+03 -9.999000e+03 -9.999000e+03 -9.999000e+03 8.635146e-01 5.548433e+00 4.131875e+00 1.242443e+00 6.696278e-01 7.656334e-01 2.367018e+00 4.920702e+00 8.495932e-01 1.204471e+00 6.437328e+00 1.226433e+01 8.412522e+00 5.108243e+00 3.125687e+00 8.868224e-01 4.141486e+00 1.492958e+00 2.047601e+00 2.504308e+00 1.663271e+01 4.021855e+00 8.460492e+00 8.457747e-01 9.084184e+00 4.141893e+00 4.165057e+00 4.165904e+00 4.240445e+00 4.194132e+00 4.183157e+00 4.068648e+00 4.087821e+00 4.263279e+00 3.831444e+00 3.086550e+00 8.675046e-01 2.686780e+00
-9.999000e+03 -9.999000e+03 -9.999000e+03 -9.999000e+03 -9.999000e+03 -9.999000e+03 -9.999000e+03 -9.999000e+03 -9.999000e+03 -9.999000e+03 -9.999000e+03 -9.999000e+03 -9.999000e+03 -9.999000e+03 4.490678e+00 1.105263e+00 7.107845e-01 7.096737e-01 7.023426e-01 3.832256e-01 3.081283e+00 2.821110e+00 5.198978e+00 1.534882e+00 1.799145e+00 6.498947e+00 2.034586e+01 5.128043e+00 3.502902e+00 8.923420e-01 1.625258e+00 4.278151e+00 2.156408e+00 2.490870e+00 2.863337e+00 2.029384e+01 8.356021e-01 7.892698e+00 1.536015e+00 1.296936e+01 4.234681e+00 4.250358e+00 4.309178e+00 4.288441e+00 4.280792e+00 4.198947e+00 4.208176e+00 4.322012e+00 4.037292e+00 3.448413e+00 1.592918e+00 8.781976e-01
-9.999000e+03 -9.999000e+03 -9.999000e+03 -9.999000e+03 -9.999000e+03 -9.999000e+03 -9.999000e+03 -9.999000e+03 -9.999000e+03 -9.999000e+03 -9.999000e+03 -9.999000e+03 7.544143e-01 6.797057e-01 4.135506e+00 1.231594e+00 7.157402e-01 5.057332e-01 3.356095e-01 2.636187e+00 2.331426e+00 5.554684e+00 3.239058e+00 5.485530e+00 2.101094e+00 2.316541e+00 2.641999e+01 5.094242e+00 3.804642e+00 1.620720e+00 8.867011e-01 2.243352e+00 4.392355e+00 2.691646e+00 2.989615e+00 3.151567e+00 1.844315e+01 1.520859e+00 7.291110e+00 2.106838e+00 1.507410e+01 4.310954e+00 4.361871e+00 4.358764e+00 4.356588e+00 4.302593e+00 4.309955e+00 4.387289e+00 4.211157e+00 3.757932e+00 2.212367e+00 8.825301e-01
-9.999000e+03 -9.999000e+03 -9.999000e+03 -9.999000e+03 -9.999000e+03 -9.999000e+03 -9.999000e+03 -9.999000e+03 -9.999000e+03 -9.999000e+03 -9.999000e+03 -9.999000e+03 -9.999000e+03 7.454378e-01 1.143968e+00 1.088352e+00 5.762715e-01 2.989688e-01 2.736971e+00 2.625269e+00 2.792594e+00 2.959159e+00 8.501710e+00 1.162250e+01 1.688814e+01 1.870357e+01 2.066069e+01 2.589957e+01 5.000264e+00 4.031584e+00 2.220699e+00 1.608245e+00 2.745896e+00 4.475448e+00 3.124618e+00 3.410214e+00 3.580441e+00 1.654395e+01 2.089819e+00 6.662178e+00 1.439394e+01 4.349243e+00 4.395313e+00 4.405685e+00 4.412976e+00 4.386248e+00 4.399925e+00 4.458793e+00 4.360290e+00 4.022776e+00 2.745336e+00 1.621851e+00
-9.999000e+03 -9.999000e+03 -9.999000e+03 -9.999000e+03 -9.999000e+03 -9.999000e+03 -9.999000e+03 -9.999000e+03 -9.999000e+03 -9.999000e+03 -9.999000e+03 -9.999000e+03 -9.999000e+03 -9.999000e+03 -9.999000e+03 6.480515e-01 1.801517e-01 1.934586e+00 3.863621e+00 4.215594e+00 4.512858e+00 4.699916e+00 4.795375e+00 4.809946e+00 4.758974e+00 4.661021e+00 4.520534e+00 2.470556e+01 4.991905e+01 4.871825e+00 4.191144e+00 2.697446e+00 2.177507e+00 3.133322e+00 4.535839e+00 3.495836e+00 3.766748e+00 3.929119e+00 2.011102e+01 2.696249e+00 1.555454e+01 4.370469e+00 4.415956e+00 4.438864e+00 4.458531e+00 4.457797e+00 4.482292e+00 4.533443e+00 4.488615e+00 4.248071e+00 3.203956e+00 2.250447e+00
-9.999000e+03 -9.999000e+03 -9.999000e+03 -9.999000e+03 -9.999000e+03 -9.999000e+03 -9.999000e+03 -9.999000e+03 -9.999000e+03 -9.999000e+03 -9.999000e+03 -9.999000e+03 -9.999000e+03 -9.999000e+03 -9.999000e+03 -9.999000e+03 2.853205e-01 2.397507e+00 2.774822e+00 3.119530e+00 3.364057e+00 3.515421e+00 3.593963e+00 3.625858e+00 3.632772e+00 3.635726e+00 3.640344e+00 3.642141e+00 3.649327e+00 4.662177e+01 4.747511e+01 5.379804e+01 3.054655e+00 2.621384e+00 3.437402e+00 4.584230e+00 8.078194e+00 1.177223e+01 4.199014e+00 1.982046e+01 3.210382e+00 1.266466e+01 4.434470e+00 4.470478e+00 4.503192e+00 4.524721e+00 4.560037e+00 4.608149e+00 4.598886e+00 4.437825e+00 3.595900e+00 2.784277e+00
-9.999000e+03 -9.999000e+03 -9.999000e+03 -9.999000e+03 -9.999000e+03 -9.999000e+03 -9.999000e+03 -9.999000e+03 -9.999000e+03 -9.999000e+03 -9.999000e+03 -9.999000e+03 -9.999000e+03 -9.999000e+03 -9.999000e+03 -9.999000e+03 1.935146e+00 1.628227e+00 1.920390e+00 2.206005e+00 2.452393e+00 2.486242e+01 2.402015e+01 2.312747e+01 2.219461e+01 2.123254e+01 2.023382e+01 1.917579e+01 1.805427e+01 1.687902e+01 1.563904e+01 1.432974e+01 6.788123e+01 7.610917e+01 7.710390e+01 5.906389e+01 5.001643e+01 4.529088e+01 4.449537e+01 4.079672e+01 3.623848e+01 3.968215e+01 1.688096e+01 4.721560e+00 4.772284e+00 4.572561e+00 4.621534e+00 4.672021e+00 4.688327e+00 4.591677e+00 3.921917e+00 3.228870e+00
-9.999000e+03 -9.999000e+03 -9.999000e+03 -9.999000e+03 -9.999000e+03 -9.999000e+03 -9.999000e+03 -9.999000e+03 -9.999000e+03 -9.999000e+03 -9.999000e+03 -9.999000e+03 -9.999000e+03 -9.999000e+03 -9.999000e+03 1.935159e+00 1.596768e+00 1.839502e+00 1.578343e+01 1.806887e+01 2.318966e+01 3.018209e+00 5.989540e+00 8.957829e+00 8.808224e+00 1.481284e+01 1.766190e+01 2.051579e+01 2.003137e+01 1.949557e+01 1.889697e+01 1.822654e+01 1.747976e+01 1.663983e+01 1.571394e+01 1.472394e+01 4.682895e+01 4.175215e+01 3.263625e+01 2.718192e+01 2.864776e+01 3.805154e+01 4.954215e+01 4.769723e+01 4.116525e+01 4.962622e+00 9.345604e+00 4.709319e+00 4.751024e+00 4.706084e+00 4.177602e+00 3.581912e+00
-9.999000e+03 -9.999000e+03 -9.999000e+03 -9.999000e+03 -9.999000e+03 -9.999000e+03 -9.999000e+03 -9.999000e+03 -9.999000e+03 -9.999000e+03 -9.999000e+03 -9.999000e+03 -9.999000e+03 -9.999000e+03 1.934188e+00 3.862352e+00 1.237270e+01 1.462368e+01 2.647464e+00 5.797348e+00 2.808336e+00 2.928095e+00 3.044330e+00 3.264378e+00 6.268806e+00 3.198716e+00 3.284207e+00 3.104342e+00 3.182286e+00 3.473390e+00 3.709214e+00 1.558356e+01 1.848155e+01 2.144114e+01 2.436376e+01 3.315124e+01 2.043662e+00 2.540602e+00 3.693297e+00 3.638380e+00 3.548751e+00 3.590786e+00 7.609091e+00 1.112954e+01 1.457926e+01 3.778817e+01 3.730339e+01 3.247678e+01 4.949164e+00 9.616433e+00 4.340399e+00 3.828110e+00
-9.999000e+03 -9.999000e+03 -9.999000e+03 -9.999000e+03 -9.999000e+03 -9.999000e+03 -9.999000e+03 -9.999000e+03 -9.999000e+03 -9.999000e+03 -9.999000e+03 -9.999000e+03 -9.999000e+03 -9.999000e+03 1.934906e+00 9.141626e+00 2.861434e+00 2.607596e+00 6.919152e+00 2.513867e+00 2.647187e+00 2.779361e+00 3.052556e+00 2.922967e+00 2.924599e+00 3.032847e+00 3.029684e+00 3.093594e+00 6.118520e+00 9.113419e+00 1.195898e+01 3.110539e+00 3.295104e+00 3.361924e+00 9.306316e+00 1.445573e+00 1.989295e+00 3.341722e+00 3.227749e+00 3.089184e+00 3.127558e+00 3.767935e+00 3.400141e+00 3.446567e+00 3.620214e+00 7.137904e+00 1.017140e+01 1.320063e+01 3.164154e+01 4.583730e+01 5.468981e+01 4.571051e+00
-9.999000e+03 -9.999000e+03 -9.999000e+03 -9.999000e+03 -9.999000e+03 -9.999000e+03 -9.999000e+03 -9.999000e+03 -9.999000e+03 -9.999000e+03 -9.999000e+03 -9.999000e+03 -9.999000e+03 3.861097e+00 8.419743e+00 2.907527e+00 2.541888e+00 8.014336e+00 2.332893e+00 2.512118e+00 2.688310e+00 2.783753e+00 2.850925e+00 2.823742e+00 3.008989e+00 2.958211e+00 3.004273e+00 3.075721e+00 3.161274e+00 3.112266e+00 2.900659e+00 3.170339e+00 3.276211e+00 9.524062e+00 8.116395e-01 1.470242e+00 3.168342e+00 2.981501e+00 2.772651e+00 2.793461e+00 3.352742e+00 2.871145e+00 2.915073e+00 3.119124e+00 3.169340e+00 2.806400e+00 2.910122e+00 2.917372e+00 2.914758e+00 5.718999e+00 8.320651e+00 6.223157e+01
-9.999000e+03 -9.999000e+03 -9.999000e+03 -9.999000e+03 -9.999000e+03 -9.999000e+03 -9.999000e+03 -9.999000e+03 -9.999000e+03 -9.999000e+03 -9.999000e+03 -9.999000e+03 1.933958e+00 5.779965e+00 2.950267e+00 2.489862e+00 9.080026e+00 2.067872e+00 2.310787e+00 2.561051e+00 2.690412e+00 2.774592e+00 2.703455e+00 3.015559e+00 2.884863e+00 2.923667e+00 2.978207e+00 3.053247e+00 2.922038e+00 2.616450e+00 2.988806e+00 3.148476e+00 7.669356e+00 1.992461e+00 8.157016e-01 2.951873e+00 2.681050e+00 2.398610e+00 2.404790e+00 3.118009e+00 2.453294e+00 2.485961e+00 2.524044e+00 2.572201e+00 2.148925e+00 2.278151e+00 2.289025e+00 2.302606e+00 2.387784e+00 2.366179e+00 4.496406e+00 7.000781e+00
-9.999000e+03 -9.999000e+03 -9.999000e+03 -9.999000e+03 -9.999000e+03 -9.999000e+03 -9.999000e+03 -9.999000e+03 -9.999000e+03 -9.999000e+03 -9.999000e+03 -9.999000e+03 3.858666e+00 2.980975e+00 2.479856e+00 1.013243e+01 1.719965e+00 2.033920e+00 2.379165e+00 2.560742e+00 2.679354e+00 2.552672e+00 3.081935e+00 2.810320e+00 2.846599e+00 2.894173e+00 2.956686e+00 2.699352e+00 2.266317e+00 2.757970e+00 2.991622e+00 6.885802e+00 8.195025e-01 1.456437e+00 2.696789e+00 2.319060e+00 1.952362e+00 1.946560e+00 2.855982e+00 1.968435e+00 1.990749e+00 2.022731e+00 2.069035e+00 1.551011e+00 1.551616e+00 1.558666e+00 1.568770e+00 1.681100e+00 1.681095e+00 4.190382e+00 2.320360e+00 2.286986e+00
-9.999000e+03 -9.999000e+03 -9.999000e+03 -9.999000e+03 -9.999000e+03 -9.999000e+03 -9.999000e+03 -9.999000e+03 -9.999000e+03 -9.999000e+03 -9.999000e+03 1.932341e+00 3.052219e+00 2.517330e+00 1.116739e+01 1.277281e+00 1.677723e+00 2.143064e+00 2.390866e+00 2.553492e+00 2.342128e+00 3.209211e+00 2.728888e+00 2.767944e+00 2.817340e+00 2.878369e+00 2.446801e+00 1.852972e+00 2.490873e+00 2.820365e+00 2.455591e+00 4.379615e+00 8.013891e-01 2.401086e+00 1.890267e+00 1.425613e+00 1.413734e+00 2.569383e+00 1.413898e+00 1.423350e+00 1.442857e+00 1.483399e+00 8.491477e-01 8.475574e-01 8.494178e-01 8.543753e-01 8.582354e-01 8.612744e-01 3.793260e+00 1.646149e+00 1.631157e+00 1.627437e+00
-9.999000e+03 -9.999000e+03 -9.999000e+03 -9.999000e+03 -9.999000e+03 -9.999000e+03 -9.999000e+03 -9.999000e+03 -9.999000e+03 -9.999000e+03 1.931596e+00 3.852999e+00 2.609540e+00 1.219669e+01 7.119482e-01 1.231179e+00 1.854962e+00 2.190234e+00 2.409876e+00 2.054854e+00 3.383312e+00 2.628751e+00 2.677118e+00 2.736971e+00 2.805367e+00 2.153647e+00 1.364623e+00 2.181812e+00 2.637871e+00 2.143719e+00 2.114068e+00 2.080573e+00 2.061776e+00 1.376389e+00 7.943244e-01 7.822028e-01 2.250502e+00 7.750848e-01 7.766172e-01 7.809040e-01 8.007978e-01 8.308505e-01 1.515939e+00 2.082678e+00 2.555145e+00 2.952350e+00 3.285211e+00 3.561512e+00 8.501176e-01 8.415948e-01 8.413608e-01 9.236116e-01
-9.999000e+03 -9.999000e+03 -9.999000e+03 -9.999000e+03 -9.999000e+03 -9.999000e+03 -9.999000e+03 -9.999000e+03 -9.999000e+03 -9.999000e+03 1.930225e+00 2.733760e+00 1.207800e+01 1.159781e+00 6.813052e-01 1.518782e+00 1.968846e+00 2.267740e+00 1.690088e+00 3.585125e+00 2.519472e+00 2.576935e+00 2.651126e+00 2.730554e+00 1.789332e+00 7.650556e-01 1.808389e+00 2.420645e+00 1.780732e+00 1.749912e+00 1.711765e+00 1.684080e+00 7.541770e-01 7.818521e-01 1.400823e+00 1.876039e+00 7.605732e-01 1.339343e+00 1.792029e+00 2.157068e+00 7.969245e-01 8.283607e-01 1.509159e+00 2.068556e+00 2.530194e+00 2.913421e+00 3.232127e+00 3.496619e+00 3.709781e+00 3.871104e+00 3.991907e+00 4.087996e+00
-9.999000e+03 -9.999000e+03 -9.999000e+03 -9.999000e+03 -9.999000e+03 -9.999000e+03 -9.999000e+03 -9.999000e+03 -9.999000e+03 1.930387e+00 2.913496e+00 1.163809e+01 1.446940e+00 6.706034e-01 1.137980e+00 1.737143e+00 2.144123e+00 1.240592e+00 3.795907e+00 2.415510e+00 2.477970e+00 2.566679e+00 2.652335e+00 1.335143e+00 7.592447e-01 1.343877e+00 2.145753e+00 1.326942e+00 1.311027e+00 1.276670e+00 1.247495e+00 7.344735e-01 1.312290e+00 1.794172e+00 2.190968e+00 2.500010e+00 2.730013e+00 2.891711e+00 7.748807e-01 7.946960e-01 2.493614e+00 1.468126e+00 2.028239e+00 2.485491e+00 2.855200e+00 3.152943e+00 3.394543e+00 3.594464e+00 3.757682e+00 3.886096e+00 3.984208e+00 4.057622e+00
-9.999000e+03 -9.999000e+03 -9.999000e+03 -9.999000e+03 -9.999000e+03 -9.999000e+03 -9.999000e+03 -9.999000e+03 -9.999000e+03 1.932129e+00 1.068728e+01 1.919854e+00 1.117743e+00 6.627554e-01 1.479390e+00 2.042840e+00 6.936693e-01 3.999173e+00 2.336414e+00 2.394359e+00 2.495723e+00 2.570727e+00 7.535310e-01 7.613063e-01 1.347488e+00 1.795721e+00 7.491090e-01 7.454874e-01 7.330244e-01 7.082550e-01 7.098254e-01 1.271990e+00 1.737084e+00 2.130367e+00 2.458431e+00 2.722243e+00 2.926395e+00 7.825389e-01 3.027510e+00 1.419604e+00 1.455977e+00 2.797617e+00 3.059440e+00 3.272287e+00 3.440772e+00 3.574502e+00 3.681952e+00 3.771559e+00 3.847209e+00 3.911838e+00 3.309195e+01 3.525679e+01
-9.999000e+03 -9.999000e+03 -9.999000e+03 -9.999000e+03 -9.999000e+03 -9.999000e+03 -9.999000e+03 -9.999000e+03 3.856461e+00 3.027007e+00 8.510944e+00 1.778896e+00 6.560288e-01 1.134540e+00 1.930831e+00 2.094371e+00 4.183434e+00 2.292152e+00 2.341581e+00 2.460685e+00 2.490700e+00 1.313354e+00 1.763815e+00 2.125095e+00 2.405627e+00 1.384065e+01 1.561986e+01 1.491723e+01 1.413758e+01 1.325545e+01 1.230083e+01 1.131692e+01 1.030931e+01 9.274905e+00 8.205414e+00 7.094043e+00 5.947567e+00 7.706627e+00 7.388857e+00 9.670495e+00 1.080485e+01 1.192706e+01 1.154823e+01 1.111846e+01 1.063721e+01 1.011041e+01 9.539757e+00 8.927406e+00 8.278596e+00 3.918778e+01 3.970037e+00 3.956409e+00
-9.999000e+03 -9.999000e+03 -9.999000e+03 -9.999000e+03 -9.999000e+03 -9.999000e+03 -9.999000e+03 1.931440e+00 3.853425e+00 8.081240e+00 1.196108e+00 1.532346e+00 6.638042e-01 1.762632e+00 1.985055e+00 2.215276e+00 2.275923e+00 2.324493e+00 2.487168e+00 2.413677e+00 7.423272e-01 7.485807e-01 1.327893e+00 1.032501e+01 1.199797e+01 2.424802e+00 1.801154e+00 2.146271e+00 2.397172e+00 2.556857e+00 2.663161e+00 2.756921e+00 2.851149e+00 2.952131e+00 3.058169e+00 3.160994e+00 3.251368e+00 3.320713e+00 3.376376e+00 3.431180e+00 3.483531e+00 3.528179e+00 3.565369e+00 3.595680e+00 3.622801e+00 3.651855e+00 3.678085e+00 3.693737e+00 5.383458e+01 3.994755e+00 3.981182e+00 3.961411e+00
-9.999000e+03 -9.999000e+03 -9.999000e+03 -9.999000e+03 -9.999000e+03 -9.999000e+03 -9.999000e+03 1.929752e+00 7.942311e-01 7.994808e+00 6.894581e-01 1.169155e+00 1.522158e+00 1.814945e+00 2.149618e+00 2.241118e+00 2.320071e+00 2.597783e+00 2.339704e+00 2.437840e+00 4.792666e+00 7.102644e+00 9.392737e+00 2.145818e+00 2.153631e+00 1.349924e+00 7.651191e-01 1.354162e+00 1.807446e+00 2.142830e+00 2.397600e+00 2.608172e+00 2.785597e+00 2.935715e+00 3.061896e+00 3.164665e+00 3.925266e+01 4.145762e+01 4.367298e+01 4.590250e+01 4.814425e+01 5.039541e+01 5.079969e+01 4.794135e+01 4.808365e+01 4.864488e+01 5.095413e+01 5.872345e+01 4.022201e+00 4.007294e+00 3.985887e+00 3.961708e+00
-9.999000e+03 -9.999000e+03 -9.999000e+03 -9.999000e+03 -9.999000e+03 -9.999000e+03 -9.999000e+03 2.291978e-01 6.896616e+00 1.761452e+00 6.686732e-01 1.166157e+00 1.564023e+00 2.033147e+00 2.164907e+00 2.282701e+00 2.778981e+00 2.255827e+00 2.348500e+00 2.428141e+00 2.513735e+00 2.605690e+00 1.794266e+00 1.798192e+00 7.578517e-01 7.684190e-01 1.366559e+00 1.832744e+00 2.191994e+00 2.460393e+00 2.660771e+00 2.817176e+00 2.940358e+00 3.286711e+01 3.510046e+01 3.733875e+01 3.505493e+00 3.560187e+00 3.611109e+00 3.662581e+00 3.716555e+00 3.781270e+00 3.837476e+00 7.592784e+00 1.128743e+01 1.492849e+01 4.028526e+00 4.037175e+00 4.030658e+00 4.010998e+00 3.989112e+00 3.960070e+00
