tests/data/reference/test_implicit_stream_rill_mfda/control/csheetvout_m3.asc
ncols	123
nrows	77
xllcorner	-713746.79929998
yllcorner	-1061022.36961616
cellsize	10.0
NODATA_value	-9999
[rows 23 to 45 of 77, columns 52 to 103 of 123]
1.540220e+00 3.020398e+00 3.353702e+00 3.792164e+00 3.951321e+00 4.154016e+00 4.134200e+00 3.910080e+00 3.905985e+00 3.662812e+00 3.358356e+00 3.339137e+00 3.316015e+00 3.288750e+00 3.254800e+00 4.098705e+00 1.421504e+01 6.283121e+00 3.081450e+00 2.981741e+00 2.551152e+00 2.278566e+00 1.924239e+00 2.253328e+00 7.893256e-01 1.389437e+00 3.255688e+01 8.989151e+00 8.642812e+00 2.381268e+00 1.947314e+00 1.409429e+00 7.729306e-01 7.415136e-01 -9.999000e+03 -9.999000e+03 -9.999000e+03 -9.999000e+03 -9.999000e+03 -9.999000e+03 -9.999000e+03 -9.999000e+03 -9.999000e+03 -9.999000e+03 -9.999000e+03 -9.999000e+03 -9.999000e+03 -9.999000e+03 -9.999000e+03 -9.999000e+03 -9.999000e+03 -9.999000e+03
1.548535e+00 2.144211e+00 3.388151e+00 3.660638e+00 4.009031e+00 4.133656e+00 4.280731e+00 4.272559e+00 4.098310e+00 4.090464e+00 3.890951e+00 3.638844e+00 3.616096e+00 3.584740e+00 3.544481e+00 3.493085e+00 1.800432e+01 5.964575e+00 3.228553e+00 3.157119e+00 2.859023e+00 2.659559e+00 2.383583e+00 2.631905e+00 1.443749e+00 1.913077e+00 7.753581e-01 3.099036e+01 8.499464e+00 8.532658e+00 4.574438e+00 1.926588e+00 1.401312e+00 1.345698e+00 7.306997e-01 -9.999000e+03 -9.999000e+03 -9.999000e+03 -9.999000e+03 -9.999000e+03 -9.999000e+03 -9.999000e+03 -9.999000e+03 -9.999000e+03 -9.999000e+03 -9.999000e+03 -9.999000e+03 -9.999000e+03 -9.999000e+03 -9.999000e+03 -9.999000e+03 -9.999000e+03
3.063426e+00 2.155692e+00 2.660651e+00 3.696456e+00 3.912750e+00 4.181528e+00 4.274073e+00 4.377792e+00 4.376706e+00 4.245108e+00 4.234064e+00 4.071041e+00 3.859691e+00 3.826316e+00 3.783961e+00 3.732982e+00 1.924438e+01 5.621596e+00 3.361417e+00 3.319838e+00 3.126867e+00 2.988715e+00 2.776725e+00 2.959818e+00 1.997546e+00 2.362080e+00 1.422961e+00 2.940534e+01 7.829263e-01 7.962326e+00 1.289204e+01 2.321521e+00 1.911774e+00 1.862088e+00 1.354766e+00 7.631512e-01 7.378524e-01 7.353975e-01 -9.999000e+03 -9.999000e+03 -9.999000e+03 -9.999000e+03 -9.999000e+03 -9.999000e+03 -9.999000e+03 -9.999000e+03 -9.999000e+03 -9.999000e+03 -9.999000e+03 -9.999000e+03 -9.999000e+03 -9.999000e+03
1.567594e+00 3.437807e+00 2.673078e+00 3.094806e+00 3.944671e+00 4.109680e+00 4.311247e+00 4.379977e+00 4.453502e+00 4.455638e+00 4.356205e+00 4.338822e+00 4.201912e+00 4.022015e+00 3.979190e+00 3.928369e+00 1.736181e+01 5.258782e+00 3.479766e+00 3.466886e+00 3.354522e+00 3.266337e+00 3.106571e+00 3.238533e+00 2.465956e+00 2.748045e+00 1.977991e+00 2.780583e+01 1.436103e+00 7.389388e+00 1.259367e+01 2.626718e+00 2.322539e+00 2.293347e+00 1.882587e+00 1.390900e+00 1.336710e+00 7.456454e-01 1.314091e+00 7.323409e-01 -9.999000e+03 -9.999000e+03 -9.999000e+03 -9.999000e+03 -9.999000e+03 -9.999000e+03 -9.999000e+03 -9.999000e+03 -9.999000e+03 -9.999000e+03 -9.999000e+03 -9.999000e+03
2.181848e+00 8.527923e-01 3.748484e+00 3.101948e+00 3.447944e+00 4.136918e+00 4.261337e+00 4.411110e+00 4.461113e+00 4.510433e+00 4.510399e+00 4.432360e+00 4.407716e+00 4.292348e+00 4.138416e+00 4.083590e+00 1.850143e+01 4.881851e+00 3.578398e+00 3.591329e+00 3.537838e+00 3.488711e+00 3.371778e+00 3.466518e+00 2.856883e+00 3.076784e+00 2.454077e+00 2.377519e+01 1.994992e+00 6.797144e+00 1.224349e+01 2.881413e+00 2.650004e+00 2.631329e+00 2.304336e+00 1.898898e+00 7.675127e-01 7.534092e-01 1.327874e+00 1.765729e+00 1.297666e+00 1.881311e+00 -9.999000e+03 -9.999000e+03 -9.999000e+03 -9.999000e+03 -9.999000e+03 -9.999000e+03 -9.999000e+03 -9.999000e+03 -9.999000e+03 -9.999000e+03
2.707523e+00 1.563820e+00 4.001072e+00 3.454853e+00 8.325284e-01 3.733806e+00 4.285661e+00 4.378525e+00 4.486407e+00 4.520168e+00 4.549544e+00 4.543537e+00 4.479396e+00 4.447063e+00 4.344758e+00 4.205613e+00 1.970752e+01 4.516070e+00 3.662659e+00 3.697789e+00 3.686367e+00 3.666718e+00 3.583828e+00 3.651183e+00 3.180884e+00 3.354927e+00 2.861495e+00 2.142267e+01 2.474082e+00 6.189415e+00 1.184379e+01 3.096946e+00 2.911984e+00 2.891380e+00 2.631970e+00 2.302937e+00 1.378102e+00 1.352478e+00 7.523994e-01 1.790465e+00 0.000000e+00 5.049233e+00 1.878632e+00 1.876298e+00 -9.999000e+03 -9.999000e+03 -9.999000e+03 -9.999000e+03 -9.999000e+03 -9.999000e+03 -9.999000e+03 -9.999000e+03
3.151758e+00 2.163196e+00 4.200296e+00 3.742221e+00 8.346342e-01 1.523613e+00 3.963011e+00 4.399269e+00 4.467975e+00 4.542186e+00 4.561390e+00 4.572676e+00 4.556917e+00 4.496299e+00 4.450117e+00 4.352523e+00 4.228636e+00 1.877580e+01 3.741667e+00 3.795670e+00 3.814329e+00 3.815752e+00 3.757765e+00 3.802774e+00 3.448259e+00 3.588381e+00 3.207446e+00 2.118237e+01 2.880443e+00 5.570172e+00 1.139212e+01 3.281031e+00 3.127363e+00 3.097199e+00 2.885254e+00 2.615953e+00 1.864276e+00 1.834921e+00 1.352288e+00 0.000000e+00 0.000000e+00 5.121074e+00 2.202976e+00 6.367273e-01 1.873901e+00 -9.999000e+03 -9.999000e+03 -9.999000e+03 -9.999000e+03 -9.999000e+03 -9.999000e+03 -9.999000e+03
3.515991e+00 2.662253e+00 4.349181e+00 3.970857e+00 1.527261e+00 8.353807e-01 2.108590e+00 4.147784e+00 4.485494e+00 4.531863e+00 4.576590e+00 4.579803e+00 4.572234e+00 4.541633e+00 4.478286e+00 4.424073e+00 4.338388e+00 4.236487e+00 1.427560e+01 3.890074e+00 3.927525e+00 3.941251e+00 3.899679e+00 3.926646e+00 3.667415e+00 3.783133e+00 3.497901e+00 2.202642e+01 3.222469e+00 4.958073e+00 1.089328e+01 3.444438e+00 3.310468e+00 3.266661e+00 7.833583e-01 7.727990e-01 2.258413e+00 2.230868e+00 0.000000e+00 0.000000e+00 9.951719e-01 5.189882e+00 2.469272e+00 1.134071e+00 6.504167e-01 1.872981e+00 -9.999000e+03 -9.999000e+03 -9.999000e+03 -9.999000e+03 -9.999000e+03 -9.999000e+03
3.796695e+00 3.065444e+00 4.449921e+00 4.146093e+00 2.111221e+00 1.530489e+00 8.403991e-01 2.610266e+00 4.290557e+00 4.538568e+00 4.561806e+00 4.578217e+00 4.564357e+00 4.541290e+00 4.504431e+00 4.448089e+00 4.397152e+00 4.327645e+00 1.223268e+01 3.984603e+00 4.029337e+00 4.046213e+00 4.013555e+00 4.027030e+00 3.846042e+00 3.944498e+00 3.737382e+00 2.023514e+01 3.507305e+00 4.401330e+00 1.035274e+01 3.596521e+00 3.473340e+00 8.109668e-01 7.983220e-01 7.868177e-01 2.589988e+00 0.000000e+00 0.000000e+00 9.946187e-01 1.538137e+00 5.166066e+00 2.618183e+00 1.494780e+00 1.144297e+00 6.758907e-01 6.552988e-01 -9.999000e+03 -9.999000e+03 -9.999000e+03 -9.999000e+03 -9.999000e+03
3.984058e+00 3.370723e+00 4.498619e+00 4.265189e+00 8.258436e-01 2.600728e+00 2.116638e+00 1.535662e+00 3.026366e+00 4.386607e+00 4.558109e+00 4.560499e+00 4.555959e+00 4.532937e+00 4.505312e+00 4.470628e+00 4.423696e+00 4.379137e+00 1.224644e+01 4.074299e+00 4.117503e+00 4.131559e+00 4.103628e+00 4.108732e+00 3.990985e+00 4.076674e+00 3.930003e+00 1.839244e+01 3.737243e+00 4.061392e+00 9.767469e+00 3.736239e+00 8.232384e-01 8.187842e-01 8.093193e-01 7.991139e-01 0.000000e+00 0.000000e+00 1.043111e+00 1.585083e+00 1.983878e+00 5.078197e+00 7.137353e-01 6.904281e-01 1.536658e+00 1.208048e+00 1.187093e+00 6.726310e-01 1.873448e+00 -9.999000e+03 -9.999000e+03 -9.999000e+03
3.885730e+00 4.079529e+00 3.584499e+00 4.495713e+00 4.329429e+00 1.496232e+00 3.001308e+00 2.601534e+00 2.112587e+00 3.367028e+00 4.449563e+00 4.561735e+00 4.552073e+00 4.535537e+00 4.507632e+00 4.478012e+00 4.444899e+00 4.403878e+00 4.362057e+00 1.529052e+01 4.185935e+00 4.196202e+00 4.173456e+00 4.176340e+00 4.108432e+00 4.183144e+00 4.079248e+00 1.653969e+01 3.912120e+00 4.071047e+00 9.130866e+00 8.223545e-01 8.199229e-01 8.187640e-01 0.000000e+00 0.000000e+00 0.000000e+00 8.355745e-01 1.659035e+00 2.073396e+00 2.355826e+00 7.685289e-01 7.543862e-01 1.256914e+00 1.862970e+00 1.614533e+00 1.581516e+00 6.903879e-01 6.738628e-01 1.877067e+00 -9.999000e+03 -9.999000e+03
6.461922e+01 4.514506e+01 4.323473e+00 3.921720e+00 4.456229e+00 4.355109e+00 2.056318e+00 3.330123e+00 3.007673e+00 2.602329e+00 3.651798e+00 4.496068e+00 4.565148e+00 4.548012e+00 4.522888e+00 4.490160e+00 4.456503e+00 4.421240e+00 4.380066e+00 1.673064e+01 4.229793e+00 4.236257e+00 4.220903e+00 4.227532e+00 4.197463e+00 4.261067e+00 4.183481e+00 1.476289e+01 4.034362e+00 4.124083e+00 8.443868e+00 8.205307e-01 8.202098e-01 0.000000e+00 0.000000e+00 1.158406e+00 8.464834e-01 1.492021e+00 2.171291e+00 2.481131e+00 7.893690e-01 7.824890e-01 7.733916e-01 1.732178e+00 2.143244e+00 1.942932e+00 7.109277e-01 7.127458e-01 7.140638e-01 2.224763e+00 6.653845e-01 1.877320e+00
9.206789e+00 9.232569e+00 3.036224e+01 4.499587e+00 4.188272e+00 4.658177e+00 4.608135e+00 2.678209e+00 3.795867e+00 3.529587e+00 3.184323e+00 4.094861e+00 4.783406e+00 4.827891e+00 4.805319e+00 4.771470e+00 4.728886e+00 4.684980e+00 4.639792e+00 4.589881e+00 2.162058e+01 4.477374e+00 4.472815e+00 4.489400e+00 4.251941e+00 4.302412e+00 4.236875e+00 1.301973e+01 4.106154e+00 4.159886e+00 7.710649e+00 8.214298e-01 0.000000e+00 0.000000e+00 1.097603e+00 1.793084e+00 1.508643e+00 2.040362e+00 2.598914e+00 8.059229e-01 7.989418e-01 7.904514e-01 7.812607e-01 7.687566e-01 2.390427e+00 2.227931e+00 7.483109e-01 1.294301e+00 1.289961e+00 2.556724e+00 7.125001e-01 2.224776e+00
8.693645e-01 1.601331e+00 2.224027e+00 2.751829e+01 2.688409e+01 2.256297e+01 2.135173e+01 4.812175e+00 3.208956e+00 4.182732e+00 3.965522e+00 3.674515e+00 4.458761e+00 5.010676e+00 9.745888e+00 4.963519e+00 4.909301e+00 4.854749e+00 4.799077e+00 4.739421e+00 8.546752e-01 2.365263e+01 9.043895e+00 4.691110e+00 4.503923e+00 4.537625e+00 4.240869e+00 1.131079e+01 4.135224e+00 4.174354e+00 6.939604e+00 0.000000e+00 0.000000e+00 8.213350e-01 1.742419e+00 2.318134e+00 2.059956e+00 2.498064e+00 2.953373e+00 8.110380e-01 8.055575e-01 7.968216e-01 7.879310e-01 7.772418e-01 2.608097e+00 2.472477e+00 1.346432e+00 1.772136e+00 1.762452e+00 2.812034e+00 1.289652e+00 2.561886e+00
2.238576e+00 2.810429e+00 3.301679e+00 3.702111e+00 4.029979e+00 4.311676e+00 4.548706e+00 2.613465e+01 2.960117e+01 3.403804e+01 3.723541e+01 3.969772e+01 4.456187e+01 5.174958e+01 5.944774e+01 6.658729e+01 6.543299e+01 5.002807e+00 4.952496e+00 4.899100e+00 4.844820e+00 1.580422e+00 1.944185e+01 4.845353e+00 4.684839e+00 4.694237e+00 4.437505e+00 9.651739e+00 4.133455e+00 4.173494e+00 0.000000e+00 0.000000e+00 8.279866e-01 8.239944e-01 2.281395e+00 2.753785e+00 2.519893e+00 2.876993e+00 3.242623e+00 8.127062e-01 8.090948e-01 8.013558e-01 7.935119e-01 7.839714e-01 7.721779e-01 7.602310e-01 1.818265e+00 2.149595e+00 2.142328e+00 3.002315e+00 1.772221e+00 2.828871e+00
1.660269e+00 2.328172e+00 2.904677e+00 3.001218e+01 3.141279e+01 2.495657e+01 2.285363e+01 2.404282e+01 2.557241e+01 2.753517e+01 2.929666e+01 3.047821e+01 3.250808e+01 3.658980e+01 4.252496e+01 5.073092e+01 5.906276e+01 5.620926e+01 5.571769e+01 4.985138e+00 4.946359e+00 4.913186e+00 2.415144e+01 4.943859e+00 4.797057e+00 4.782086e+00 4.560062e+00 8.563193e+00 4.111529e+00 0.000000e+00 0.000000e+00 8.275613e-01 8.295677e-01 8.256372e-01 2.731607e+00 3.114143e+00 2.903199e+00 3.189953e+00 8.166397e-01 8.167333e-01 8.139445e-01 8.065123e-01 7.985064e-01 7.900556e-01 7.799423e-01 7.674478e-01 7.560246e-01 2.442837e+00 2.440372e+00 3.132592e+00 2.166833e+00 3.027917e+00
4.078416e+00 2.295045e+01 2.294242e+01 3.912540e+00 3.945958e+00 3.982888e+00 4.016620e+00 4.045763e+00 4.067783e+00 4.099456e+00 4.133071e+00 4.382556e+00 4.286238e+00 4.303285e+00 4.320017e+00 4.335535e+00 8.910646e+00 1.327796e+01 1.321417e+01 6.244264e+01 6.161539e+01 4.661729e+01 4.899676e+01 3.896704e+01 4.838183e+00 4.811714e+00 4.627196e+00 7.456495e+00 0.000000e+00 0.000000e+00 8.319696e-01 1.512359e+00 8.304557e-01 8.263383e-01 3.105489e+00 3.410126e+00 3.221933e+00 3.448626e+00 8.223657e-01 8.228124e-01 8.204777e-01 8.131951e-01 8.036161e-01 7.946435e-01 7.880670e-01 7.798348e-01 7.674982e-01 2.671297e+00 2.667372e+00 3.205045e+00 2.468680e+00 3.155364e+00
2.997812e+01 3.853677e+00 3.870638e+00 3.886027e+00 3.900578e+00 3.917002e+00 3.933584e+00 3.936121e+00 3.959894e+00 3.990737e+00 4.026398e+00 3.892660e+00 3.920198e+00 3.950449e+00 3.981036e+00 4.403285e+00 4.321311e+00 2.080885e+01 2.420166e+01 2.751717e+01 3.059897e+01 5.484691e+00 2.847723e+01 9.231800e+01 6.481761e+01 4.766130e+00 4.640297e+00 8.580982e-01 0.000000e+00 1.166644e+00 2.900000e+21 2.088009e+00 8.327340e-01 1.511469e+00 3.414221e+00 3.650460e+00 3.484905e+00 3.661352e+00 8.267704e-01 8.271259e-01 8.245703e-01 8.181405e-01 8.084165e-01 7.976393e-01 7.921109e-01 7.881323e-01 7.786871e-01 7.669132e-01 2.843317e+00 3.239894e+00 2.696243e+00 3.226446e+00
3.850042e+00 3.849304e+00 3.847502e+00 3.843405e+00 3.840189e+00 3.839023e+00 3.807312e+00 3.815407e+00 3.834851e+00 3.866657e+00 3.647485e+00 3.677534e+00 3.712336e+00 3.750074e+00 4.044990e+00 3.933731e+00 1.998057e+01 4.204346e+00 4.237290e+00 4.093376e+00 4.092697e+00 0.000000e+00 0.000000e+00 0.000000e+00 1.320833e+02 7.689118e+01 4.685065e+00 0.000000e+00 0.000000e+00 1.855709e+00 2.100000e+21 2.568576e+00 8.356883e-01 2.094379e+00 3.668230e+00 3.842738e+00 3.699260e+00 8.277951e-01 8.302389e-01 8.308605e-01 8.272518e-01 8.206331e-01 8.117492e-01 8.000726e-01 7.935090e-01 7.920875e-01 7.878050e-01 7.802030e-01 2.988800e+00 3.261652e+00 2.874742e+00 3.263210e+00
3.853351e+00 3.837503e+00 3.821217e+00 3.804770e+00 3.786599e+00 3.704525e+00 3.692972e+00 3.693977e+00 3.714087e+00 3.367407e+00 3.394646e+00 3.427173e+00 3.464225e+00 3.871569e+00 3.687782e+00 1.572812e+01 4.059108e+00 3.815286e+00 3.662703e+00 3.675863e+00 4.291627e+00 3.905382e+00 4.072500e+00 0.000000e+00 0.000000e+00 0.000000e+00 1.359864e+01 0.000000e+00 8.590935e-01 2.394349e+00 2.702693e+00 3.108492e+00 1.519519e+00 2.583946e+00 3.872394e+00 3.994707e+00 3.873214e+00 8.302106e-01 8.324159e-01 8.343777e-01 8.314530e-01 8.239688e-01 8.146210e-01 8.025281e-01 7.948650e-01 7.931791e-01 7.911360e-01 1.412186e+00 3.112610e+00 3.282696e+00 3.016543e+00 3.283251e+00
3.849255e+00 3.823971e+00 3.800825e+00 3.774292e+00 3.628035e+00 3.597309e+00 3.578589e+00 3.582380e+00 3.059867e+00 3.079760e+00 3.106314e+00 3.138779e+00 3.691618e+00 3.400803e+00 1.525923e+01 3.901223e+00 3.527381e+00 3.328279e+00 3.348589e+00 3.888387e+00 3.412880e+00 3.619581e+00 3.638725e+00 3.763625e+00 3.737347e+00 0.000000e+00 0.000000e+00 0.000000e+00 3.337363e+00 1.496670e+00 5.421703e+00 3.528823e+00 2.067505e+00 2.976203e+00 4.027116e+00 4.113086e+00 4.015056e+00 8.335860e-01 8.342569e-01 8.365587e-01 8.353590e-01 8.284657e-01 8.181945e-01 8.049198e-01 7.960695e-01 7.927272e-01 7.903686e-01 1.929774e+00 3.219287e+00 3.310391e+00 3.130437e+00 3.301552e+00
3.845822e+00 3.818263e+00 3.788314e+00 3.565604e+00 3.521166e+00 3.484610e+00 3.473384e+00 2.728660e+00 2.737571e+00 2.753051e+00 2.777949e+00 3.517303e+00 3.082561e+00 1.783455e+01 3.756700e+00 3.197272e+00 2.934143e+00 2.949350e+00 3.638023e+00 3.015016e+00 3.058247e+00 3.091025e+00 3.263715e+00 3.261701e+00 3.366494e+00 2.754611e+00 0.000000e+00 0.000000e+00 0.000000e+00 0.000000e+00 7.116157e+00 3.826554e+00 2.632501e+00 3.285178e+00 4.138995e+00 4.202067e+00 4.128848e+00 8.363064e-01 8.376799e-01 8.390008e-01 8.383556e-01 8.333850e-01 8.242658e-01 8.113445e-01 8.019335e-01 7.968290e-01 7.929907e-01 2.354022e+00 3.313037e+00 3.350337e+00 3.229651e+00 3.333078e+00
3.848295e+00 3.816067e+00 3.495879e+00 3.445005e+00 3.395179e+00 3.369468e+00 2.355957e+00 2.360907e+00 2.365330e+00 2.379454e+00 3.350735e+00 2.734474e+00 2.494977e+01 3.642309e+00 2.831572e+00 2.493590e+00 2.499104e+00 3.360800e+00 2.551851e+00 2.594278e+00 2.628087e+00 2.651565e+00 2.670317e+00 2.814561e+00 2.807156e+00 0.000000e+00 0.000000e+00 1.544062e+00 2.196831e+00 0.000000e+00 0.000000e+00 0.000000e+00 3.097038e+00 3.721050e+00 4.219233e+00 4.265124e+00 4.216550e+00 8.373636e-01 8.411765e-01 8.418271e-01 8.410137e-01 8.377497e-01 8.312071e-01 8.208388e-01 8.120205e-01 8.054188e-01 7.993575e-01 2.701603e+00 3.396187e+00 3.403094e+00 3.326378e+00 3.389208e+00
