tests/data/reference/test_implicit_stream_rill_mfda/control/cvin_m3.asc
ncols	123
nrows	77
xllcorner	-713746.79929998
yllcorner	-1061022.36961616
cellsize	10.0
NODATA_value	-9999
[rows 23 to 45 of 77, columns 52 to 103 of 123]
8.644403e-01 2.663429e+00 3.075911e+00 3.652077e+00 3.868833e+00 4.185207e+00 4.115590e+00 3.795274e+00 3.797802e+00 3.484769e+00 3.103688e+00 3.086636e+00 3.066177e+00 3.044743e+00 3.023221e+00 4.264102e+00 1.508262e+01 6.995753e+00 3.030459e+00 2.907415e+00 2.265632e+00 1.894214e+00 1.430903e+00 1.873359e+00 0.000000e+00 7.893241e-01 3.739985e+01 1.001210e+01 8.931206e+00 2.039117e+00 1.474060e+00 7.999430e-01 0.000000e+00 0.000000e+00 -9.999000e+03 -9.999000e+03 -9.999000e+03 -9.999000e+03 -9.999000e+03 -9.999000e+03 -9.999000e+03 -9.999000e+03 -9.999000e+03 -9.999000e+03 -9.999000e+03 -9.999000e+03 -9.999000e+03 -9.999000e+03 -9.999000e+03 -9.999000e+03 -9.999000e+03 -9.999000e+03
8.670487e-01 1.587750e+00 3.109072e+00 3.458541e+00 3.933728e+00 4.110414e+00 4.349938e+00 4.312976e+00 4.056587e+00 4.053282e+00 3.788940e+00 3.464088e+00 3.444862e+00 3.421714e+00 3.394526e+00 3.360952e+00 1.924996e+01 6.734402e+00 3.219169e+00 3.113726e+00 2.635889e+00 2.348270e+00 1.981441e+00 2.322616e+00 8.147933e-01 1.431758e+00 0.000000e+00 3.565758e+01 9.659325e+00 8.977646e+00 4.456387e+00 1.452365e+00 7.978271e-01 7.652886e-01 0.000000e+00 -9.999000e+03 -9.999000e+03 -9.999000e+03 -9.999000e+03 -9.999000e+03 -9.999000e+03 -9.999000e+03 -9.999000e+03 -9.999000e+03 -9.999000e+03 -9.999000e+03 -9.999000e+03 -9.999000e+03 -9.999000e+03 -9.999000e+03 -9.999000e+03 -9.999000e+03
2.700867e+00 1.596414e+00 2.207173e+00 3.493264e+00 3.784622e+00 4.170502e+00 4.311619e+00 4.489031e+00 4.469586e+00 4.266723e+00 4.259595e+00 4.038996e+00 3.765079e+00 3.742390e+00 3.711380e+00 3.671790e+00 2.265409e+01 6.415207e+00 3.380179e+00 3.301677e+00 2.960974e+00 2.744760e+00 2.454844e+00 2.716771e+00 1.487886e+00 1.969757e+00 8.003384e-01 3.375825e+01 0.000000e+00 9.196553e+00 1.365078e+01 1.983317e+00 1.443954e+00 1.386720e+00 7.540846e-01 0.000000e+00 0.000000e+00 0.000000e+00 -9.999000e+03 -9.999000e+03 -9.999000e+03 -9.999000e+03 -9.999000e+03 -9.999000e+03 -9.999000e+03 -9.999000e+03 -9.999000e+03 -9.999000e+03 -9.999000e+03 -9.999000e+03 -9.999000e+03 -9.999000e+03
8.786659e-01 3.152579e+00 2.218989e+00 2.736736e+00 3.820742e+00 4.057648e+00 4.362727e+00 4.470442e+00 4.598654e+00 4.590292e+00 4.434058e+00 4.423606e+00 4.240795e+00 4.008125e+00 3.975369e+00 3.933639e+00 2.648043e+01 6.052159e+00 3.524615e+00 3.475638e+00 3.246303e+00 3.091001e+00 2.863052e+00 3.061708e+00 2.056423e+00 2.432894e+00 1.466474e+00 3.178362e+01 8.081765e-01 8.647828e+00 1.351887e+01 2.391636e+00 1.968118e+00 1.917824e+00 1.396380e+00 7.877041e-01 7.614975e-01 0.000000e+00 7.589544e-01 0.000000e+00 -9.999000e+03 -9.999000e+03 -9.999000e+03 -9.999000e+03 -9.999000e+03 -9.999000e+03 -9.999000e+03 -9.999000e+03 -9.999000e+03 -9.999000e+03 -9.999000e+03 -9.999000e+03
1.616142e+00 0.000000e+00 3.543143e+00 2.749333e+00 3.184231e+00 4.090446e+00 4.276472e+00 4.511325e+00 4.593036e+00 4.685566e+00 4.683407e+00 4.563653e+00 4.546979e+00 4.392666e+00 4.193063e+00 4.150799e+00 3.067078e+01 5.654389e+00 3.653112e+00 3.633309e+00 3.491401e+00 3.387030e+00 3.210389e+00 3.358568e+00 2.538334e+00 2.834244e+00 2.036625e+00 2.976874e+01 1.480038e+00 8.025298e+00 1.330884e+01 2.714722e+00 2.392563e+00 2.363195e+00 1.938999e+00 1.433317e+00 0.000000e+00 0.000000e+00 7.695698e-01 1.354009e+00 7.557864e-01 0.000000e+00 -9.999000e+03 -9.999000e+03 -9.999000e+03 -9.999000e+03 -9.999000e+03 -9.999000e+03 -9.999000e+03 -9.999000e+03 -9.999000e+03 -9.999000e+03
2.245843e+00 8.803405e-01 3.873131e+00 3.191322e+00 0.000000e+00 3.553866e+00 4.305001e+00 4.449073e+00 4.627637e+00 4.688482e+00 4.752285e+00 4.750156e+00 4.656298e+00 4.632243e+00 4.501827e+00 4.330184e+00 3.511042e+01 5.236662e+00 3.761253e+00 3.768322e+00 3.692097e+00 3.628774e+00 3.495440e+00 3.605381e+00 2.944065e+00 3.180493e+00 2.526541e+00 2.780537e+01 2.054008e+00 7.353413e+00 1.303578e+01 2.988648e+00 2.737133e+00 2.717544e+00 2.374204e+00 1.955027e+00 7.922213e-01 7.776146e-01 0.000000e+00 1.368131e+00 1.818975e+00 3.278677e+00 0.000000e+00 0.000000e+00 -9.999000e+03 -9.999000e+03 -9.999000e+03 -9.999000e+03 -9.999000e+03 -9.999000e+03 -9.999000e+03 -9.999000e+03
2.784476e+00 1.612118e+00 4.147190e+00 3.560751e+00 0.000000e+00 8.594444e-01 3.860125e+00 4.474834e+00 4.584998e+00 4.717003e+00 4.759465e+00 4.799663e+00 4.793013e+00 4.716885e+00 4.684934e+00 4.570473e+00 4.416588e+00 4.017229e+01 3.853871e+00 3.884611e+00 3.856635e+00 3.825451e+00 3.727790e+00 3.808365e+00 3.285993e+00 3.477484e+00 2.948597e+00 2.603055e+01 2.546850e+00 6.652477e+00 1.269852e+01 3.222854e+00 3.018688e+00 2.997233e+00 2.718495e+00 2.372739e+00 1.419906e+00 1.393539e+00 7.765690e-01 0.000000e+00 1.844160e+00 5.222686e+00 1.941568e+00 0.000000e+00 0.000000e+00 -9.999000e+03 -9.999000e+03 -9.999000e+03 -9.999000e+03 -9.999000e+03 -9.999000e+03 -9.999000e+03
3.241778e+00 2.226287e+00 4.368736e+00 3.868543e+00 8.616161e-01 0.000000e+00 1.570458e+00 4.111681e+00 4.607404e+00 4.690644e+00 4.784101e+00 4.810124e+00 4.829519e+00 4.814051e+00 4.745059e+00 4.699545e+00 4.592442e+00 4.455769e+00 4.429181e+01 3.990962e+00 3.998291e+00 3.991071e+00 3.920715e+00 3.976737e+00 3.573342e+00 3.730070e+00 3.311550e+00 2.416504e+01 2.967750e+00 5.948479e+00 1.229206e+01 3.423943e+00 3.253380e+00 3.222893e+00 0.000000e+00 0.000000e+00 1.919394e+00 1.889551e+00 1.393361e+00 0.000000e+00 0.000000e+00 5.313214e+00 2.277465e+00 6.568905e-01 0.000000e+00 0.000000e+00 -9.999000e+03 -9.999000e+03 -9.999000e+03 -9.999000e+03 -9.999000e+03 -9.999000e+03
3.621999e+00 2.737596e+00 4.539679e+00 4.119737e+00 1.574223e+00 8.623857e-01 0.000000e+00 2.170253e+00 4.318419e+00 4.709828e+00 4.768058e+00 4.827835e+00 4.836578e+00 4.835184e+00 4.805633e+00 4.736552e+00 4.682140e+00 4.587810e+00 4.912703e+01 4.092482e+00 4.123090e+00 4.131096e+00 4.079839e+00 4.115571e+00 3.812880e+00 3.943350e+00 3.621187e+00 2.233778e+01 3.326923e+00 5.278631e+00 1.181112e+01 3.601958e+00 3.454005e+00 0.000000e+00 0.000000e+00 0.000000e+00 2.327797e+00 2.299915e+00 0.000000e+00 0.000000e+00 1.086140e+00 5.397980e+00 2.554773e+00 1.169347e+00 6.710122e-01 0.000000e+00 0.000000e+00 -9.999000e+03 -9.999000e+03 -9.999000e+03 -9.999000e+03 -9.999000e+03
3.923837e+00 3.154159e+00 4.661273e+00 4.317842e+00 0.000000e+00 2.172892e+00 1.577580e+00 8.675625e-01 2.685121e+00 4.482049e+00 4.777110e+00 4.810036e+00 4.838118e+00 4.828692e+00 4.809990e+00 4.773415e+00 4.711847e+00 4.658988e+00 5.406387e+01 4.192914e+00 4.234644e+00 4.248531e+00 4.208782e+00 4.228942e+00 4.011006e+00 4.121980e+00 3.880915e+00 2.049270e+01 3.631269e+00 4.694074e+00 1.125128e+01 3.766297e+00 0.000000e+00 0.000000e+00 0.000000e+00 0.000000e+00 2.676384e+00 0.000000e+00 0.000000e+00 1.042315e+00 1.630438e+00 5.403799e+00 0.000000e+00 0.000000e+00 1.179748e+00 6.973817e-01 6.760698e-01 0.000000e+00 0.000000e+00 -9.999000e+03 -9.999000e+03 -9.999000e+03
3.889775e+00 4.137309e+00 3.478513e+00 4.729482e+00 4.459408e+00 8.525420e-01 2.675096e+00 2.178484e+00 1.582875e+00 3.115006e+00 4.597772e+00 4.808594e+00 4.818604e+00 4.822459e+00 4.802217e+00 4.776572e+00 4.740864e+00 4.688900e+00 4.641194e+00 5.876136e+01 4.331461e+00 4.344688e+00 4.311748e+00 4.321561e+00 4.173685e+00 4.269797e+00 4.093795e+00 1.862370e+01 3.882012e+00 4.329231e+00 1.060559e+01 0.000000e+00 0.000000e+00 0.000000e+00 0.000000e+00 8.249221e-01 0.000000e+00 0.000000e+00 1.094455e+00 1.647434e+00 2.078581e+00 0.000000e+00 0.000000e+00 7.123916e-01 1.586359e+00 1.245139e+00 1.223766e+00 0.000000e+00 0.000000e+00 0.000000e+00 -9.999000e+03 -9.999000e+03
2.896939e+02 2.925974e+02 4.261101e+00 3.716589e+00 4.743485e+00 4.544566e+00 1.541977e+00 3.089602e+00 2.675804e+00 2.174023e+00 3.472903e+00 4.677089e+00 4.820453e+00 4.816021e+00 4.804855e+00 4.778232e+00 4.748951e+00 4.714013e+00 4.668332e+00 6.361753e+01 4.408112e+00 4.418762e+00 4.392307e+00 4.397996e+00 4.306637e+00 4.390126e+00 4.262448e+00 1.665863e+01 4.078096e+00 4.302859e+00 9.869607e+00 0.000000e+00 0.000000e+00 0.000000e+00 0.000000e+00 0.000000e+00 0.000000e+00 8.644373e-01 1.725799e+00 2.146269e+00 0.000000e+00 0.000000e+00 0.000000e+00 1.295506e+00 1.928441e+00 1.665378e+00 0.000000e+00 0.000000e+00 0.000000e+00 1.941510e+00 0.000000e+00 0.000000e+00
9.522638e+00 9.685746e+00 3.013217e+02 4.555698e+00 4.101495e+00 4.716194e+00 4.587104e+00 2.116223e+00 3.436329e+00 3.095908e+00 2.676579e+00 3.777735e+00 4.735802e+00 4.828420e+00 4.814560e+00 4.792459e+00 4.759907e+00 4.725609e+00 4.688219e+00 4.643110e+00 6.856343e+01 4.467559e+00 4.449115e+00 4.456936e+00 4.409519e+00 4.480768e+00 4.385037e+00 1.458911e+01 4.220776e+00 4.351380e+00 9.059352e+00 0.000000e+00 0.000000e+00 0.000000e+00 0.000000e+00 1.241097e+00 8.758110e-01 1.539334e+00 2.248351e+00 0.000000e+00 0.000000e+00 0.000000e+00 0.000000e+00 0.000000e+00 2.224769e+00 2.009737e+00 0.000000e+00 7.354782e-01 7.368454e-01 2.299249e+00 0.000000e+00 1.941522e+00
0.000000e+00 8.981915e-01 1.652919e+00 3.025675e+02 3.062646e+02 3.095720e+02 3.134460e+02 4.875195e+00 2.759916e+00 3.939879e+00 3.650130e+00 3.284045e+00 4.259947e+00 5.054378e+00 1.021296e+01 5.064091e+00 5.021412e+00 4.976791e+00 4.930059e+00 4.877454e+00 0.000000e+00 6.896807e+01 9.476548e+00 4.750506e+00 4.476650e+00 4.534050e+00 4.455849e+00 1.266257e+01 4.311540e+00 4.391151e+00 8.208069e+00 0.000000e+00 0.000000e+00 0.000000e+00 1.153196e+00 1.887499e+00 1.556621e+00 2.101539e+00 2.686875e+00 0.000000e+00 0.000000e+00 0.000000e+00 0.000000e+00 0.000000e+00 2.487236e+00 2.311211e+00 7.723334e-01 1.333887e+00 1.329355e+00 2.640165e+00 7.352237e-01 2.299274e+00
1.633064e+00 2.308838e+00 2.904739e+00 3.425920e+00 3.861872e+00 4.226994e+00 4.542903e+00 3.171646e+02 3.211870e+02 3.235411e+02 3.271775e+02 3.303392e+02 3.328284e+02 3.360258e+02 3.397586e+02 3.486652e+02 3.523481e+02 5.223746e+00 5.168397e+00 5.111765e+00 5.050603e+00 8.830010e-01 7.896322e+01 4.981090e+00 4.764344e+00 4.805371e+00 4.475039e+00 1.088182e+01 4.356562e+00 4.411467e+00 7.349952e+00 0.000000e+00 0.000000e+00 0.000000e+00 1.814381e+00 2.418518e+00 2.121648e+00 2.572158e+00 3.055655e+00 0.000000e+00 0.000000e+00 0.000000e+00 0.000000e+00 0.000000e+00 0.000000e+00 0.000000e+00 1.387354e+00 1.825785e+00 1.815865e+00 2.911015e+00 1.329063e+00 2.645182e+00
9.251764e-01 1.713673e+00 2.402246e+00 9.788477e+01 1.015961e+02 1.053077e+02 1.091098e+02 1.129841e+02 1.168651e+02 1.207553e+02 1.246674e+02 1.286139e+02 1.328537e+02 1.370312e+02 1.411071e+02 1.451010e+02 1.445364e+02 4.944550e+02 4.981571e+02 5.290675e+00 5.235173e+00 5.178003e+00 8.099878e+01 5.160722e+00 4.977368e+00 4.994566e+00 4.709177e+00 9.155431e+00 4.366581e+00 4.415558e+00 0.000000e+00 0.000000e+00 0.000000e+00 0.000000e+00 2.363555e+00 2.861176e+00 2.594344e+00 2.966060e+00 0.000000e+00 0.000000e+00 0.000000e+00 0.000000e+00 0.000000e+00 0.000000e+00 0.000000e+00 0.000000e+00 0.000000e+00 2.217865e+00 2.210469e+00 3.120909e+00 1.825938e+00 2.927164e+00
4.204422e+00 9.286612e+01 9.587450e+01 4.094887e+00 4.107230e+00 4.118728e+00 4.132163e+00 4.145683e+00 4.137245e+00 4.158048e+00 4.186864e+00 4.222300e+00 4.048233e+00 4.076358e+00 4.107426e+00 4.139262e+00 9.164075e+00 1.392076e+01 1.406421e+01 5.104675e+02 5.141346e+02 5.175675e+02 5.209393e+02 8.679036e+01 5.118864e+00 5.111486e+00 4.862640e+00 8.055413e+00 4.352000e+00 0.000000e+00 0.000000e+00 8.543170e-01 0.000000e+00 0.000000e+00 2.823722e+00 3.232905e+00 2.992488e+00 3.297313e+00 0.000000e+00 0.000000e+00 0.000000e+00 0.000000e+00 0.000000e+00 0.000000e+00 0.000000e+00 0.000000e+00 0.000000e+00 2.528948e+00 2.526191e+00 3.271196e+00 2.235042e+00 3.145830e+00
8.964047e+01 4.081296e+00 4.077867e+00 4.073051e+00 4.065980e+00 4.059957e+00 4.055508e+00 4.006857e+00 4.011078e+00 4.027244e+00 4.057576e+00 3.785562e+00 3.815703e+00 3.850608e+00 3.888740e+00 4.235276e+00 4.089509e+00 2.335966e+01 2.672364e+01 3.007209e+01 3.329053e+01 3.225562e+01 3.158740e+01 5.494206e+02 9.214099e+01 5.163597e+00 4.953668e+00 0.000000e+00 6.967848e+00 0.000000e+00 8.596191e-01 1.558809e+00 0.000000e+00 8.530534e-01 3.210746e+00 3.544466e+00 3.329381e+00 3.576031e+00 0.000000e+00 0.000000e+00 0.000000e+00 0.000000e+00 0.000000e+00 0.000000e+00 0.000000e+00 0.000000e+00 0.000000e+00 0.000000e+00 2.772494e+00 3.361926e+00 2.554536e+00 3.294338e+00
4.101415e+00 4.085365e+00 4.067317e+00 4.048212e+00 4.029300e+00 4.008247e+00 3.902012e+00 3.886238e+00 3.883221e+00 3.900917e+00 3.488096e+00 3.515180e+00 3.547612e+00 3.584763e+00 4.053360e+00 3.825508e+00 2.471548e+01 4.258513e+00 3.954926e+00 3.784768e+00 3.798307e+00 8.743003e+00 4.045273e+00 4.227292e+00 5.468649e+02 9.255559e+01 5.134881e+00 4.983546e+00 8.865306e-01 1.226238e+00 1.550444e+00 2.149010e+00 0.000000e+00 1.557908e+00 3.536616e+00 3.802512e+00 3.612483e+00 0.000000e+00 0.000000e+00 0.000000e+00 0.000000e+00 0.000000e+00 0.000000e+00 0.000000e+00 0.000000e+00 0.000000e+00 0.000000e+00 0.000000e+00 2.966692e+00 3.410573e+00 2.801683e+00 3.384127e+00
4.107346e+00 4.082089e+00 4.054722e+00 4.029526e+00 4.000469e+00 3.820991e+00 3.786528e+00 3.763555e+00 3.764422e+00 3.163338e+00 3.182953e+00 3.209356e+00 3.241914e+00 3.865450e+00 3.521057e+00 2.560817e+01 4.098249e+00 3.648461e+00 3.432423e+00 3.452893e+00 4.044320e+00 3.517605e+00 3.737441e+00 3.757712e+00 3.895388e+00 5.445106e+02 9.261078e+01 1.387091e+02 0.000000e+00 1.935481e+00 2.234427e+00 2.642332e+00 8.627027e-01 2.155738e+00 3.809920e+00 4.012787e+00 3.847316e+00 0.000000e+00 0.000000e+00 0.000000e+00 0.000000e+00 0.000000e+00 0.000000e+00 0.000000e+00 0.000000e+00 0.000000e+00 0.000000e+00 8.053578e-01 3.127641e+00 3.440960e+00 2.998639e+00 3.434768e+00
4.108445e+00 4.077983e+00 4.049506e+00 4.017419e+00 3.750093e+00 3.702900e+00 3.662453e+00 3.647905e+00 2.814980e+00 2.823902e+00 2.839239e+00 2.864244e+00 3.682352e+00 3.185533e+00 2.647210e+01 3.954114e+00 3.300841e+00 3.022379e+00 3.037979e+00 3.777186e+00 3.104670e+00 3.148218e+00 3.181259e+00 3.363501e+00 3.362054e+00 7.347603e+00 2.879145e+00 0.000000e+00 0.000000e+00 8.939208e-01 5.289802e+00 3.210001e+00 1.566109e+00 2.658200e+00 4.033984e+00 4.181705e+00 4.040719e+00 0.000000e+00 0.000000e+00 0.000000e+00 0.000000e+00 0.000000e+00 0.000000e+00 0.000000e+00 0.000000e+00 0.000000e+00 0.000000e+00 1.455129e+00 3.264197e+00 3.466784e+00 3.156620e+00 3.463774e+00
4.105864e+00 4.079080e+00 4.045406e+00 3.667682e+00 3.615065e+00 3.562208e+00 3.533304e+00 2.426607e+00 2.431610e+00 2.436095e+00 2.450412e+00 3.505191e+00 2.820543e+00 2.736993e+01 3.842303e+00 2.918393e+00 2.566770e+00 2.572624e+00 3.483064e+00 2.626969e+00 2.670079e+00 2.704342e+00 2.728363e+00 2.747400e+00 2.898323e+00 2.890474e+00 0.000000e+00 0.000000e+00 0.000000e+00 4.242511e+01 7.215764e+00 3.668346e+00 2.127248e+00 3.064433e+00 4.208348e+00 4.315207e+00 4.200051e+00 0.000000e+00 0.000000e+00 0.000000e+00 0.000000e+00 0.000000e+00 0.000000e+00 0.000000e+00 0.000000e+00 0.000000e+00 0.000000e+00 1.986530e+00 3.381347e+00 3.496850e+00 3.283963e+00 3.486946e+00
4.107314e+00 4.075524e+00 3.562332e+00 3.506236e+00 3.445330e+00 3.404374e+00 1.971204e+00 1.977999e+00 1.981517e+00 1.990111e+00 3.328795e+00 2.420536e+00 2.861416e+01 3.771416e+00 2.498421e+00 2.063735e+00 2.061014e+00 3.170085e+00 2.092346e+00 2.131016e+00 2.161825e+00 2.179951e+00 2.200813e+00 2.222828e+00 2.228931e+00 4.291370e+00 0.000000e+00 4.719581e-01 1.621007e+00 2.294970e+00 0.000000e+00 1.185708e+01 2.715447e+00 3.392125e+00 4.338207e+00 4.417433e+00 4.329229e+00 0.000000e+00 0.000000e+00 0.000000e+00 0.000000e+00 0.000000e+00 0.000000e+00 0.000000e+00 0.000000e+00 0.000000e+00 0.000000e+00 2.424456e+00 3.483815e+00 3.537870e+00 3.393634e+00 3.520362e+00
