tests/data/reference/test_implicit_stream_rill_mfda/control/cvin_m3.asc
ncols	123
nrows	77
xllcorner	-713746.79929998
yllcorner	-1061022.36961616
cellsize	10.0
NODATA_value	-9999
[rows 23 to 45 of 77, columns 52 to 103 of 123]
8.381754e-01 2.596998e+00 2.998179e+00 3.544033e+00 3.744004e+00 4.018494e+00 3.971950e+00 3.684971e+00 3.687028e+00 3.392172e+00 3.026229e+00 3.009262e+00 2.988880e+00 2.967534e+00 2.946143e+00 4.075905e+00 1.450285e+01 6.586972e+00 2.920504e+00 2.800791e+00 2.205012e+00 1.844634e+00 1.391660e+00 1.824217e+00 0.000000e+00 7.658028e-01 3.399060e+01 9.424621e+00 8.677972e+00 1.986412e+00 1.433598e+00 7.760265e-01 0.000000e+00 0.000000e+00 -9.999000e+03 -9.999000e+03 -9.999000e+03 -9.999000e+03 -9.999000e+03 -9.999000e+03 -9.999000e+03 -9.999000e+03 -9.999000e+03 -9.999000e+03 -9.999000e+03 -9.999000e+03 -9.999000e+03 -9.999000e+03 -9.999000e+03 -9.999000e+03 -9.999000e+03 -9.999000e+03
8.406926e-01 1.542875e+00 3.031065e+00 3.366440e+00 3.807383e+00 3.967403e+00 4.171825e+00 4.151173e+00 3.925979e+00 3.921897e+00 3.677574e+00 3.371444e+00 3.352155e+00 3.328958e+00 3.301647e+00 3.267705e+00 1.840382e+01 6.302882e+00 3.094026e+00 2.993891e+00 2.560836e+00 2.286447e+00 1.929825e+00 2.261175e+00 7.903195e-01 1.392625e+00 0.000000e+00 3.247282e+01 9.011322e+00 8.685369e+00 4.343091e+00 1.412563e+00 7.739877e-01 7.426853e-01 0.000000e+00 -9.999000e+03 -9.999000e+03 -9.999000e+03 -9.999000e+03 -9.999000e+03 -9.999000e+03 -9.999000e+03 -9.999000e+03 -9.999000e+03 -9.999000e+03 -9.999000e+03 -9.999000e+03 -9.999000e+03 -9.999000e+03 -9.999000e+03 -9.999000e+03 -9.999000e+03
2.633884e+00 1.551143e+00 2.149397e+00 3.401009e+00 3.675118e+00 4.025340e+00 4.150648e+00 4.299122e+00 4.290212e+00 4.115023e+00 4.107096e+00 3.906763e+00 3.653503e+00 3.630688e+00 3.599281e+00 3.558982e+00 2.160183e+01 5.979167e+00 3.241869e+00 3.170135e+00 2.870188e+00 2.669423e+00 2.391601e+00 2.641683e+00 1.446757e+00 1.918766e+00 7.764065e-01 3.090173e+01 0.000000e+00 8.509959e+00 1.317034e+01 1.932369e+00 1.404484e+00 1.348985e+00 7.319088e-01 0.000000e+00 0.000000e+00 0.000000e+00 -9.999000e+03 -9.999000e+03 -9.999000e+03 -9.999000e+03 -9.999000e+03 -9.999000e+03 -9.999000e+03 -9.999000e+03 -9.999000e+03 -9.999000e+03 -9.999000e+03 -9.999000e+03 -9.999000e+03 -9.999000e+03
8.519096e-01 3.074152e+00 2.160847e+00 2.668698e+00 3.711086e+00 3.928572e+00 4.198711e+00 4.291797e+00 4.396616e+00 4.394848e+00 4.262311e+00 4.251134e+00 4.087504e+00 3.875415e+00 3.842006e+00 3.799572e+00 2.524375e+01 5.633567e+00 3.375383e+00 3.333675e+00 3.139302e+00 3.000282e+00 2.786941e+00 2.971268e+00 2.003092e+00 2.370156e+00 1.426008e+00 2.931423e+01 7.839455e-01 7.965344e+00 1.295578e+01 2.330054e+00 1.917590e+00 1.867726e+00 1.357922e+00 7.642451e-01 7.390372e-01 0.000000e+00 7.365908e-01 0.000000e+00 -9.999000e+03 -9.999000e+03 -9.999000e+03 -9.999000e+03 -9.999000e+03 -9.999000e+03 -9.999000e+03 -9.999000e+03 -9.999000e+03 -9.999000e+03 -9.999000e+03 -9.999000e+03
1.570135e+00 0.000000e+00 3.450775e+00 2.681139e+00 3.105691e+00 3.960682e+00 4.126505e+00 4.329088e+00 4.398199e+00 4.472546e+00 4.474093e+00 4.373748e+00 4.356256e+00 4.218861e+00 4.038427e+00 3.995493e+00 2.911106e+01 5.270434e+00 3.494382e+00 3.481520e+00 3.368108e+00 3.279371e+00 3.118671e+00 3.251435e+00 2.474133e+00 2.758219e+00 1.983485e+00 2.771387e+01 1.439117e+00 7.388694e+00 1.265085e+01 2.637260e+00 2.330915e+00 2.301371e+00 1.888144e+00 1.394068e+00 0.000000e+00 0.000000e+00 7.468031e-01 1.317509e+00 7.335442e-01 0.000000e+00 -9.999000e+03 -9.999000e+03 -9.999000e+03 -9.999000e+03 -9.999000e+03 -9.999000e+03 -9.999000e+03 -9.999000e+03 -9.999000e+03 -9.999000e+03
2.186944e+00 8.535307e-01 3.763318e+00 3.112942e+00 0.000000e+00 3.461331e+00 4.153896e+00 4.278793e+00 4.429335e+00 4.479617e+00 4.529578e+00 4.529114e+00 4.450253e+00 4.425528e+00 4.309661e+00 4.155183e+00 3.314749e+01 4.895155e+00 3.593679e+00 3.606717e+00 3.552467e+00 3.502999e+00 3.385420e+00 3.480666e+00 2.867466e+00 3.088726e+00 2.462111e+00 2.633955e+01 2.000476e+00 6.795626e+00 1.228787e+01 2.893056e+00 2.660417e+00 2.641566e+00 2.312506e+00 1.904702e+00 7.685908e-01 7.545391e-01 0.000000e+00 1.331288e+00 1.771689e+00 3.183648e+00 0.000000e+00 0.000000e+00 -9.999000e+03 -9.999000e+03 -9.999000e+03 -9.999000e+03 -9.999000e+03 -9.999000e+03 -9.999000e+03 -9.999000e+03
2.715541e+00 1.566404e+00 4.017306e+00 3.468297e+00 0.000000e+00 8.333489e-01 3.748983e+00 4.303177e+00 4.396322e+00 4.504868e+00 4.538883e+00 4.568789e+00 4.562522e+00 4.497663e+00 4.465246e+00 4.362382e+00 4.222605e+00 3.769846e+01 3.678474e+00 3.713743e+00 3.701778e+00 3.681902e+00 3.598544e+00 3.666279e+00 3.193397e+00 3.368301e+00 2.871873e+00 2.498988e+01 2.482140e+00 6.189464e+00 1.187156e+01 3.109297e+00 2.923770e+00 2.903213e+00 2.642352e+00 2.311312e+00 1.381379e+00 1.355809e+00 7.535331e-01 0.000000e+00 1.796411e+00 5.057408e+00 1.880170e+00 0.000000e+00 0.000000e+00 -9.999000e+03 -9.999000e+03 -9.999000e+03 -9.999000e+03 -9.999000e+03 -9.999000e+03 -9.999000e+03
3.162688e+00 2.168450e+00 4.217483e+00 3.757399e+00 8.354456e-01 0.000000e+00 1.526358e+00 3.979247e+00 4.417054e+00 4.486000e+00 4.560869e+00 4.580344e+00 4.592081e+00 4.576191e+00 4.514961e+00 4.468673e+00 4.370434e+00 4.245756e+00 4.136452e+01 3.811970e+00 3.830237e+00 3.831482e+00 3.773128e+00 3.818513e+00 3.462164e+00 3.602894e+00 3.219815e+00 2.354311e+01 2.890910e+00 5.574291e+00 1.140399e+01 3.294080e+00 3.140002e+00 3.109925e+00 0.000000e+00 0.000000e+00 1.870211e+00 1.840813e+00 1.355613e+00 0.000000e+00 0.000000e+00 5.136337e+00 2.208287e+00 6.381871e-01 0.000000e+00 0.000000e+00 -9.999000e+03 -9.999000e+03 -9.999000e+03 -9.999000e+03 -9.999000e+03 -9.999000e+03
3.529515e+00 2.670563e+00 4.366955e+00 3.987089e+00 1.529993e+00 8.361890e-01 0.000000e+00 2.113959e+00 4.164532e+00 4.503473e+00 4.550185e+00 4.595614e+00 4.599116e+00 4.591903e+00 4.561203e+00 4.497269e+00 4.442811e+00 4.356363e+00 4.568120e+01 3.906640e+00 3.943823e+00 3.957394e+00 3.915504e+00 3.942860e+00 3.682277e+00 3.798548e+00 3.511850e+00 2.182192e+01 3.234961e+00 4.969149e+00 1.089393e+01 3.458275e+00 3.323742e+00 0.000000e+00 0.000000e+00 0.000000e+00 2.266722e+00 2.239046e+00 0.000000e+00 0.000000e+00 1.008303e+00 5.211780e+00 2.478274e+00 1.137608e+00 6.518486e-01 0.000000e+00 0.000000e+00 -9.999000e+03 -9.999000e+03 -9.999000e+03 -9.999000e+03 -9.999000e+03
3.812253e+00 3.076711e+00 4.468025e+00 4.162897e+00 0.000000e+00 2.116604e+00 1.533204e+00 8.411877e-01 2.618419e+00 4.307624e+00 4.556896e+00 4.580611e+00 4.597717e+00 4.584079e+00 4.561165e+00 4.524079e+00 4.467086e+00 4.415782e+00 5.012763e+01 4.001494e+00 4.046082e+00 4.062819e+00 4.029851e+00 4.043680e+00 3.861594e+00 3.960647e+00 3.752533e+00 2.004499e+01 3.521357e+00 4.422059e+00 1.034699e+01 3.611202e+00 0.000000e+00 0.000000e+00 0.000000e+00 0.000000e+00 2.600054e+00 0.000000e+00 0.000000e+00 1.002971e+00 1.551868e+00 5.190350e+00 0.000000e+00 0.000000e+00 1.147880e+00 6.772629e-01 6.567201e-01 0.000000e+00 0.000000e+00 -9.999000e+03 -9.999000e+03 -9.999000e+03
3.775911e+00 4.000892e+00 3.384401e+00 4.516903e+00 4.282349e+00 8.266910e-01 2.609020e+00 2.122001e+00 1.538373e+00 3.037264e+00 4.404071e+00 4.576912e+00 4.579777e+00 4.575746e+00 4.552748e+00 4.525047e+00 4.490040e+00 4.442515e+00 4.397631e+00 5.432231e+01 4.134838e+00 4.148745e+00 4.120470e+00 4.125840e+00 4.007114e+00 4.093453e+00 3.946048e+00 1.823936e+01 3.752455e+00 4.087529e+00 9.758414e+00 0.000000e+00 0.000000e+00 0.000000e+00 0.000000e+00 8.000695e-01 0.000000e+00 0.000000e+00 1.052274e+00 1.594831e+00 1.998472e+00 0.000000e+00 0.000000e+00 6.917614e-01 1.542263e+00 1.211567e+00 1.190565e+00 0.000000e+00 0.000000e+00 0.000000e+00 -9.999000e+03 -9.999000e+03
2.683882e+02 2.710668e+02 4.096632e+00 3.599601e+00 4.514012e+00 4.346820e+00 1.499132e+00 3.012354e+00 2.609885e+00 2.118048e+00 3.380207e+00 4.467427e+00 4.580885e+00 4.571518e+00 4.555228e+00 4.527193e+00 4.497403e+00 4.464036e+00 4.422643e+00 5.881359e+01 4.203951e+00 4.214020e+00 4.190885e+00 4.193925e+00 4.125120e+00 4.200490e+00 4.095957e+00 1.641280e+01 3.928178e+00 4.091906e+00 9.120306e+00 0.000000e+00 0.000000e+00 0.000000e+00 0.000000e+00 0.000000e+00 0.000000e+00 8.373889e-01 1.669506e+00 2.084916e+00 0.000000e+00 0.000000e+00 0.000000e+00 1.260316e+00 1.870182e+00 1.620331e+00 0.000000e+00 0.000000e+00 0.000000e+00 1.878832e+00 0.000000e+00 0.000000e+00
9.143794e+00 9.249402e+00 2.790753e+02 4.340716e+00 3.938158e+00 4.474282e+00 4.372551e+00 2.061903e+00 3.343290e+00 3.018686e+00 2.610643e+00 3.666519e+00 4.514263e+00 4.584458e+00 4.567422e+00 4.542348e+00 4.509452e+00 4.475685e+00 4.440356e+00 4.399094e+00 6.334637e+01 4.254628e+00 4.238897e+00 4.245615e+00 4.214758e+00 4.278958e+00 4.200708e+00 1.464285e+01 4.050978e+00 4.143528e+00 8.433117e+00 0.000000e+00 0.000000e+00 0.000000e+00 0.000000e+00 1.173763e+00 8.483117e-01 1.495781e+00 2.183598e+00 0.000000e+00 0.000000e+00 0.000000e+00 0.000000e+00 0.000000e+00 2.151738e+00 1.950482e+00 0.000000e+00 7.140131e-01 7.153270e-01 2.229936e+00 0.000000e+00 1.879047e+00
0.000000e+00 8.706579e-01 1.605241e+00 2.800824e+02 2.833762e+02 2.863389e+02 2.897840e+02 4.626314e+00 2.687380e+00 3.811372e+00 3.543592e+00 3.196100e+00 4.111477e+00 4.802779e+00 9.673786e+00 4.791746e+00 4.749068e+00 4.705177e+00 4.660075e+00 4.610212e+00 0.000000e+00 6.358344e+01 8.989146e+00 4.508891e+00 4.269858e+00 4.320795e+00 4.254486e+00 1.291160e+01 4.123065e+00 4.178711e+00 7.701210e+00 0.000000e+00 0.000000e+00 0.000000e+00 1.107723e+00 1.809215e+00 1.512410e+00 2.046668e+00 2.612972e+00 0.000000e+00 0.000000e+00 0.000000e+00 0.000000e+00 0.000000e+00 2.400018e+00 2.236732e+00 7.494587e-01 1.297670e+00 1.293361e+00 2.565421e+00 7.137682e-01 2.229945e+00
1.586904e+00 2.245424e+00 2.820524e+00 3.314670e+00 3.717471e+00 4.046722e+00 4.328889e+00 2.931200e+02 2.967507e+02 2.987638e+02 3.017447e+02 3.044964e+02 3.069474e+02 3.101702e+02 3.139169e+02 3.223798e+02 3.259998e+02 4.930529e+00 4.875955e+00 4.820262e+00 4.760482e+00 8.560411e-01 7.286408e+01 4.711389e+00 4.523175e+00 4.557135e+00 4.258601e+00 1.121464e+01 4.152187e+00 4.192694e+00 6.933734e+00 0.000000e+00 0.000000e+00 0.000000e+00 1.753748e+00 2.335741e+00 2.066305e+00 2.506989e+00 2.968770e+00 0.000000e+00 0.000000e+00 0.000000e+00 0.000000e+00 0.000000e+00 0.000000e+00 0.000000e+00 1.349762e+00 1.777883e+00 1.768219e+00 2.822946e+00 1.293043e+00 2.570546e+00
8.965742e-01 1.663906e+00 2.334993e+00 9.000725e+01 9.340049e+01 9.682156e+01 1.002868e+02 1.037966e+02 1.073433e+02 1.109139e+02 1.145131e+02 1.181389e+02 1.220051e+02 1.257592e+02 1.295130e+02 1.332638e+02 1.326569e+02 4.566518e+02 4.602989e+02 4.974121e+00 4.920444e+00 4.865766e+00 7.458878e+01 4.865766e+00 4.704588e+00 4.713913e+00 4.455707e+00 9.566203e+00 4.150323e+00 4.191403e+00 0.000000e+00 0.000000e+00 0.000000e+00 0.000000e+00 2.294622e+00 2.772833e+00 2.528901e+00 2.888216e+00 0.000000e+00 0.000000e+00 0.000000e+00 0.000000e+00 0.000000e+00 0.000000e+00 0.000000e+00 0.000000e+00 0.000000e+00 2.157624e+00 2.150304e+00 3.014055e+00 1.777928e+00 2.839754e+00
4.020877e+00 8.540381e+01 8.817754e+01 3.887543e+00 3.903209e+00 3.917917e+00 3.934382e+00 3.950996e+00 3.953016e+00 3.976934e+00 4.007876e+00 4.043620e+00 3.908107e+00 3.935886e+00 3.966408e+00 3.997263e+00 8.776966e+00 1.329192e+01 1.334079e+01 4.721170e+02 4.757628e+02 4.792901e+02 4.827684e+02 7.965265e+01 4.816476e+00 4.801039e+00 4.577935e+00 8.483982e+00 4.128313e+00 0.000000e+00 0.000000e+00 8.284014e-01 0.000000e+00 0.000000e+00 2.746788e+00 3.134141e+00 2.914509e+00 3.202914e+00 0.000000e+00 0.000000e+00 0.000000e+00 0.000000e+00 0.000000e+00 0.000000e+00 0.000000e+00 0.000000e+00 0.000000e+00 2.452626e+00 2.450102e+00 3.144446e+00 2.174764e+00 3.039750e+00
8.242590e+01 3.866300e+00 3.865685e+00 3.864076e+00 3.860167e+00 3.857071e+00 3.855934e+00 3.823345e+00 3.831591e+00 3.851150e+00 3.883000e+00 3.661627e+00 3.691818e+00 3.726817e+00 3.764764e+00 4.062084e+00 3.949503e+00 2.143527e+01 2.496232e+01 2.840937e+01 3.160627e+01 3.060550e+01 2.948899e+01 5.097308e+02 8.453177e+01 4.829490e+00 4.644367e+00 0.000000e+00 7.370896e+00 0.000000e+00 8.331729e-01 1.515152e+00 0.000000e+00 8.271836e-01 3.122233e+00 3.430448e+00 3.234992e+00 3.462774e+00 0.000000e+00 0.000000e+00 0.000000e+00 0.000000e+00 0.000000e+00 0.000000e+00 0.000000e+00 0.000000e+00 0.000000e+00 0.000000e+00 2.678313e+00 3.216981e+00 2.478524e+00 3.167419e+00
3.883926e+00 3.869486e+00 3.853660e+00 3.837457e+00 3.821136e+00 3.803007e+00 3.719692e+00 3.708275e+00 3.709462e+00 3.729672e+00 3.380398e+00 3.407655e+00 3.440272e+00 3.477456e+00 3.887530e+00 3.702124e+00 2.238727e+01 4.076746e+00 3.830210e+00 3.676805e+00 3.690174e+00 8.419599e+00 3.921286e+00 4.089503e+00 5.081043e+02 8.445500e+01 4.782537e+00 4.656818e+00 8.594477e-01 1.177477e+00 1.506879e+00 2.093458e+00 0.000000e+00 1.514261e+00 3.431926e+00 3.670610e+00 3.499194e+00 0.000000e+00 0.000000e+00 0.000000e+00 0.000000e+00 0.000000e+00 0.000000e+00 0.000000e+00 0.000000e+00 0.000000e+00 0.000000e+00 0.000000e+00 2.854989e+00 3.252093e+00 2.707357e+00 3.238507e+00
3.890453e+00 3.865416e+00 3.840017e+00 3.816875e+00 3.790279e+00 3.642406e+00 3.611721e+00 3.593181e+00 3.597183e+00 3.071691e+00 3.091520e+00 3.118043e+00 3.150547e+00 3.706624e+00 3.413821e+00 2.312661e+01 3.918189e+00 3.540836e+00 3.340418e+00 3.360732e+00 3.903569e+00 3.425369e+00 3.633305e+00 3.652773e+00 3.778801e+00 5.066240e+02 8.421186e+01 9.460213e+01 0.000000e+00 1.868805e+00 2.174927e+00 2.576904e+00 8.364955e-01 2.099756e+00 3.686350e+00 3.862473e+00 3.714407e+00 0.000000e+00 0.000000e+00 0.000000e+00 0.000000e+00 0.000000e+00 0.000000e+00 0.000000e+00 0.000000e+00 0.000000e+00 0.000000e+00 7.812320e-01 3.000969e+00 3.274305e+00 2.886542e+00 3.275413e+00
3.892104e+00 3.862111e+00 3.834390e+00 3.804187e+00 3.579444e+00 3.534839e+00 3.498315e+00 3.487302e+00 2.738920e+00 2.747819e+00 2.763234e+00 2.788096e+00 3.531516e+00 3.094244e+00 2.394730e+01 3.773219e+00 3.209252e+00 2.944310e+00 2.959417e+00 3.651957e+00 3.025114e+00 3.068502e+00 3.101410e+00 3.275174e+00 3.273533e+00 7.132160e+00 2.767978e+00 0.000000e+00 0.000000e+00 8.621716e-01 5.123707e+00 3.120597e+00 1.522318e+00 2.592184e+00 3.890621e+00 4.013999e+00 3.888996e+00 0.000000e+00 0.000000e+00 0.000000e+00 0.000000e+00 0.000000e+00 0.000000e+00 0.000000e+00 0.000000e+00 0.000000e+00 0.000000e+00 1.415339e+00 3.125315e+00 3.295990e+00 3.028817e+00 3.295882e+00
3.892407e+00 3.864848e+00 3.832215e+00 3.509653e+00 3.458373e+00 3.408295e+00 3.382631e+00 2.364101e+00 2.369087e+00 2.373513e+00 2.387626e+00 3.364278e+00 2.744613e+00 2.490470e+01 3.658493e+00 2.841859e+00 2.501593e+00 2.507010e+00 3.373747e+00 2.559562e+00 2.602029e+00 2.635880e+00 2.659325e+00 2.678119e+00 2.823497e+00 2.816335e+00 0.000000e+00 0.000000e+00 0.000000e+00 8.516813e+00 6.956115e+00 3.543859e+00 2.073223e+00 2.987254e+00 4.045375e+00 4.132049e+00 4.031375e+00 0.000000e+00 0.000000e+00 0.000000e+00 0.000000e+00 0.000000e+00 0.000000e+00 0.000000e+00 0.000000e+00 0.000000e+00 0.000000e+00 1.935563e+00 3.232643e+00 3.324400e+00 3.143218e+00 3.314849e+00
3.897883e+00 3.866712e+00 3.421869e+00 3.365368e+00 3.305827e+00 3.267339e+00 1.920220e+00 1.926940e+00 1.930324e+00 1.938759e+00 3.200847e+00 2.358192e+00 2.610642e+01 3.584033e+00 2.434914e+00 2.010332e+00 2.007538e+00 3.077261e+00 2.037256e+00 2.074751e+00 2.104924e+00 2.122526e+00 2.142524e+00 2.163996e+00 2.170517e+00 4.117460e+00 0.000000e+00 4.570918e-01 1.558013e+00 2.213150e+00 0.000000e+00 1.100377e+01 2.642320e+00 3.298407e+00 4.157262e+00 4.220880e+00 4.145708e+00 0.000000e+00 0.000000e+00 0.000000e+00 0.000000e+00 0.000000e+00 0.000000e+00 0.000000e+00 0.000000e+00 0.000000e+00 0.000000e+00 2.362364e+00 3.327068e+00 3.364968e+00 3.243000e+00 3.347102e+00
