tests/data/reference/test_implicit_stream_rill_mfda/control/cvin_m3.asc
ncols	123
nrows	77
xllcorner	-713746.79929998
yllcorner	-1061022.36961616
cellsize	10.0
NODATA_value	-9999
[rows 46 to 68 of 77, columns 0 to 51 of 123]
-9.999000e+03 -9.999000e+03 -9.999000e+03 -9.999000e+03 -9.999000e+03 -9.999000e+03 0.000000e+00 5.319905e+00 1.048048e+00 1.069321e+00 0.000000e+00 6.405651e-01 1.366153e+00 1.565632e+00 1.755379e+00 2.512631e+00 1.662051e+00 1.788572e+00 1.862139e+00 1.919017e+00 1.987625e+00 6.929833e-01 7.036744e-01 7.089340e-01 1.220940e+00 1.602800e+00 1.902183e+00 2.130367e+00 2.288569e+00 2.394353e+00 2.465513e+00 2.292488e+01 2.455278e+01 2.780360e+00 2.815040e+00 2.845582e+00 2.870350e+00 2.892745e+00 2.918460e+00 2.952465e+00 3.011073e+00 3.059672e+00 3.118569e+00 3.170806e+00 3.221673e+00 3.262745e+00 3.288217e+00 3.301803e+00 3.308863e+00 3.313631e+00 3.295482e+00 3.270507e+00
-9.999000e+03 -9.999000e+03 -9.999000e+03 -9.999000e+03 -9.999000e+03 -9.999000e+03 4.054397e+00 2.747858e+00 6.277439e-01 6.331143e-01 0.000000e+00 1.041133e+00 1.313959e+00 1.599968e+00 2.734817e+00 1.430785e+00 1.641270e+00 1.774656e+00 1.854923e+00 1.914432e+00 0.000000e+00 0.000000e+00 0.000000e+00 0.000000e+00 7.084960e-01 1.230417e+00 1.632542e+00 1.638183e+01 1.808976e+01 1.977655e+01 2.147122e+01 2.732750e+00 2.761459e+00 2.796017e+00 2.819866e+00 2.835921e+00 2.847004e+00 2.859042e+00 2.880589e+00 2.938540e+00 2.975837e+00 3.035399e+00 3.085974e+00 3.138646e+00 3.185880e+00 3.222642e+00 3.247934e+00 3.265967e+00 3.289288e+00 3.288538e+00 3.283808e+00 3.263765e+00
-9.999000e+03 -9.999000e+03 -9.999000e+03 -9.999000e+03 -9.999000e+03 0.000000e+00 2.316823e+00 2.826249e+00 0.000000e+00 0.000000e+00 5.983583e-01 9.868307e-01 1.414811e+00 2.961397e+00 1.086473e+00 1.395683e+00 1.610436e+00 1.753336e+00 1.839042e+00 1.898175e+00 3.932390e+00 5.839389e+00 7.681314e+00 1.055294e+01 1.198772e+01 1.356764e+01 1.522896e+01 2.471205e+00 2.536754e+00 2.612533e+00 2.665595e+00 2.706948e+00 2.751757e+00 2.775729e+00 2.788534e+00 2.794564e+00 2.797578e+00 2.805288e+00 2.867403e+00 2.889442e+00 2.949763e+00 2.994281e+00 3.045462e+00 3.093263e+00 3.133451e+00 3.165619e+00 3.193594e+00 3.238078e+00 3.246120e+00 3.255596e+00 3.245067e+00 2.541399e+00
-9.999000e+03 -9.999000e+03 -9.999000e+03 -9.999000e+03 2.840002e+00 1.646560e+00 1.016779e+00 2.129702e+00 0.000000e+00 0.000000e+00 5.748705e-01 1.229673e+00 3.192164e+00 6.251964e-01 1.057837e+00 1.358815e+00 1.569680e+00 1.715455e+00 1.801220e+00 1.839778e+00 1.886786e+00 1.949003e+00 3.405331e+00 1.646916e+00 1.957864e+00 2.171594e+00 2.302621e+00 2.385061e+00 2.485043e+00 2.549863e+00 2.602897e+00 2.669814e+00 2.705186e+00 2.722482e+00 2.728486e+00 2.727990e+00 2.726656e+00 2.798748e+00 2.797387e+00 2.861707e+00 2.899065e+00 2.948987e+00 2.995889e+00 3.035130e+00 3.066839e+00 3.096832e+00 3.163246e+00 3.178229e+00 3.200267e+00 3.186681e+00 2.256646e+00 2.254095e+00
-9.999000e+03 -9.999000e+03 -9.999000e+03 -9.999000e+03 9.299746e-01 1.548427e+00 5.895051e-01 8.851193e-01 5.581736e-01 0.000000e+00 1.026539e+00 3.423749e+00 0.000000e+00 6.066706e-01 1.020604e+00 1.306112e+00 1.514533e+00 1.661252e+00 1.710217e+00 1.735112e+00 1.771990e+00 3.538511e+00 1.236293e+00 1.621493e+00 1.890863e+00 2.060257e+00 2.158316e+00 2.283957e+00 2.364681e+00 2.434081e+00 2.526270e+00 2.576784e+00 2.605699e+00 2.619965e+00 2.623229e+00 2.621171e+00 2.725366e+00 2.696623e+00 2.768357e+00 2.793182e+00 2.842493e+00 2.892074e+00 2.931902e+00 2.961177e+00 2.988417e+00 3.077228e+00 3.087026e+00 3.120864e+00 3.099818e+00 1.875240e+00 1.879711e+00 1.874261e+00
-9.999000e+03 -9.999000e+03 -9.999000e+03 0.000000e+00 1.626593e+00 1.386549e+00 0.000000e+00 5.095477e-01 0.000000e+00 7.678388e-01 2.259045e+00 1.090011e+00 0.000000e+00 5.789771e-01 9.623958e-01 1.239805e+00 1.447939e+00 1.529905e+00 1.556988e+00 1.569227e+00 3.631032e+00 6.956679e-01 1.188631e+00 1.526363e+00 1.735977e+00 1.849999e+00 2.008290e+00 2.099924e+00 2.184183e+00 2.312407e+00 2.380848e+00 2.421668e+00 2.445596e+00 2.456733e+00 2.459959e+00 2.621461e+00 2.566670e+00 2.663747e+00 2.673828e+00 2.718196e+00 2.768961e+00 2.814835e+00 2.845767e+00 2.871117e+00 2.992025e+00 2.984183e+00 3.021217e+00 2.982966e+00 1.391532e+00 1.396290e+00 1.395573e+00 1.388494e+00
-9.999000e+03 -9.999000e+03 -9.999000e+03 0.000000e+00 1.589372e+00 4.706893e-01 0.000000e+00 0.000000e+00 4.421893e-01 4.652268e-01 1.452227e+00 9.000525e-01 0.000000e+00 5.323445e-01 8.956566e-01 1.173094e+00 1.272708e+00 1.314566e+00 1.331382e+00 3.701759e+00 0.000000e+00 6.539057e-01 1.091431e+00 1.351275e+00 1.469703e+00 1.668606e+00 1.770723e+00 1.864908e+00 2.034404e+00 2.125085e+00 2.181422e+00 2.215911e+00 2.232860e+00 2.238051e+00 2.480459e+00 2.383981e+00 2.524748e+00 2.525115e+00 2.572425e+00 2.618808e+00 2.664550e+00 2.700709e+00 2.729426e+00 2.902593e+00 2.871005e+00 2.909007e+00 2.839767e+00 7.793059e-01 7.846972e-01 7.855061e-01 7.822263e-01 1.268771e+01
-9.999000e+03 -9.999000e+03 4.086323e+00 0.000000e+00 4.759854e-01 4.120611e-01 0.000000e+00 0.000000e+00 0.000000e+00 0.000000e+00 1.005514e+00 6.980905e-01 0.000000e+00 4.855040e-01 8.424357e-01 9.460548e-01 9.829468e-01 1.001092e+00 2.039507e+00 1.323337e+00 0.000000e+00 5.929768e-01 9.267467e-01 1.037069e+00 1.280950e+00 1.384155e+00 1.484667e+00 1.703690e+00 1.811369e+00 1.884351e+00 1.933826e+00 1.959915e+00 1.964899e+00 2.315707e+00 2.149295e+00 2.347300e+00 2.322493e+00 2.383087e+00 2.438141e+00 2.479944e+00 2.511238e+00 2.541722e+00 2.791826e+00 2.729408e+00 2.775113e+00 2.668555e+00 0.000000e+00 0.000000e+00 0.000000e+00 0.000000e+00 1.313407e+01 2.917087e+00
-9.999000e+03 -9.999000e+03 6.747855e+00 5.403102e-01 0.000000e+00 0.000000e+00 0.000000e+00 0.000000e+00 4.726881e-01 7.063936e-01 0.000000e+00 4.362765e-01 0.000000e+00 4.623354e-01 5.397716e-01 5.690809e-01 5.706729e-01 5.835842e-01 6.048934e-01 1.075798e+00 0.000000e+00 4.688271e-01 5.519135e-01 8.687617e-01 9.576358e-01 1.047170e+00 1.328270e+00 1.442706e+00 1.520948e+00 1.581272e+00 1.619507e+00 1.632326e+00 2.141297e+00 1.870694e+00 2.150598e+00 2.075220e+00 2.140918e+00 2.208166e+00 2.256808e+00 2.282579e+00 2.306119e+00 2.656052e+00 2.540494e+00 2.596832e+00 2.448724e+00 2.458009e+00 2.683045e+00 2.860698e+00 1.069765e+01 1.354175e+01 2.742081e+00 2.740154e+00
-9.999000e+03 0.000000e+00 6.978252e+00 9.795363e-01 0.000000e+00 0.000000e+00 0.000000e+00 0.000000e+00 -9.999000e+03 -9.999000e+03 -9.999000e+03 0.000000e+00 0.000000e+00 0.000000e+00 0.000000e+00 0.000000e+00 0.000000e+00 0.000000e+00 0.000000e+00 0.000000e+00 0.000000e+00 0.000000e+00 4.389417e-01 5.061118e-01 5.694497e-01 9.282305e-01 1.028871e+00 1.094910e+00 1.150879e+00 1.191859e+00 1.210702e+00 1.953652e+00 1.543919e+00 1.945652e+00 1.789038e+00 1.853070e+00 1.925110e+00 1.981193e+00 2.005458e+00 2.020304e+00 2.503063e+00 2.302087e+00 2.363723e+00 2.163866e+00 2.171222e+00 2.765964e+00 5.368222e+00 7.838302e+00 3.041168e+00 2.509343e+00 2.509506e+00 2.507282e+00
-9.999000e+03 3.336594e+00 1.228658e+00 0.000000e+00 0.000000e+00 0.000000e+00 -9.999000e+03 -9.999000e+03 -9.999000e+03 -9.999000e+03 -9.999000e+03 -9.999000e+03 0.000000e+00 0.000000e+00 5.256370e-01 8.644505e-01 0.000000e+00 5.706032e-01 9.568889e-01 1.182038e+00 0.000000e+00 0.000000e+00 0.000000e+00 0.000000e+00 5.059355e-01 5.708978e-01 6.043607e-01 6.368616e-01 6.658637e-01 6.794597e-01 1.745767e+00 1.142551e+00 1.734365e+00 1.454029e+00 1.510656e+00 1.580383e+00 1.638789e+00 1.666384e+00 1.674379e+00 2.332897e+00 2.005860e+00 2.069507e+00 1.800427e+00 1.808759e+00 2.583907e+00 2.156853e+00 2.171194e+00 2.940916e+00 2.203928e+00 2.210431e+00 2.206373e+00 2.923703e+00
0.000000e+00 2.357317e+00 4.296190e-01 0.000000e+00 0.000000e+00 0.000000e+00 -9.999000e+03 -9.999000e+03 -9.999000e+03 -9.999000e+03 -9.999000e+03 -9.999000e+03 -9.999000e+03 -9.999000e+03 -9.999000e+03 0.000000e+00 1.086500e+00 0.000000e+00 0.000000e+00 0.000000e+00 1.603451e+00 -9.999000e+03 -9.999000e+03 0.000000e+00 0.000000e+00 0.000000e+00 0.000000e+00 0.000000e+00 0.000000e+00 1.533277e+00 6.396760e-01 1.513175e+00 1.058562e+00 1.099800e+00 1.160031e+00 1.213230e+00 1.238154e+00 1.248051e+00 2.153210e+00 1.645213e+00 1.700840e+00 1.339325e+00 1.348812e+00 2.356685e+00 1.789682e+00 1.793636e+00 2.825059e+00 1.816034e+00 1.824153e+00 1.825455e+00 2.770959e+00 2.160371e+00
0.000000e+00 0.000000e+00 0.000000e+00 0.000000e+00 0.000000e+00 -9.999000e+03 -9.999000e+03 -9.999000e+03 -9.999000e+03 -9.999000e+03 -9.999000e+03 -9.999000e+03 -9.999000e+03 -9.999000e+03 -9.999000e+03 -9.999000e+03 -9.999000e+03 -9.999000e+03 -9.999000e+03 -9.999000e+03 -9.999000e+03 -9.999000e+03 -9.999000e+03 0.000000e+00 0.000000e+00 0.000000e+00 5.783831e-01 9.849706e-01 1.299903e+00 0.000000e+00 1.293193e+00 5.863486e-01 6.095311e-01 6.448703e-01 6.838680e-01 7.003431e-01 7.042059e-01 1.955743e+00 1.217250e+00 1.251490e+00 7.523241e-01 7.620162e-01 2.071587e+00 1.334556e+00 1.335243e+00 2.703023e+00 1.341798e+00 1.345544e+00 1.347336e+00 2.590990e+00 1.776495e+00 2.917256e+00
-9.999000e+03 0.000000e+00 0.000000e+00 0.000000e+00 -9.999000e+03 -9.999000e+03 -9.999000e+03 -9.999000e+03 -9.999000e+03 -9.999000e+03 -9.999000e+03 -9.999000e+03 -9.999000e+03 -9.999000e+03 -9.999000e+03 -9.999000e+03 -9.999000e+03 -9.999000e+03 -9.999000e+03 -9.999000e+03 -9.999000e+03 -9.999000e+03 -9.999000e+03 -9.999000e+03 -9.999000e+03 -9.999000e+03 0.000000e+00 0.000000e+00 6.288850e-01 1.050813e+00 0.000000e+00 0.000000e+00 0.000000e+00 0.000000e+00 0.000000e+00 0.000000e+00 1.730586e+00 6.852873e-01 7.054121e-01 0.000000e+00 0.000000e+00 1.716331e+00 7.535100e-01 7.563623e-01 2.569279e+00 7.586090e-01 7.589895e-01 7.575883e-01 2.373198e+00 1.318167e+00 2.860653e+00 7.726335e-01
-9.999000e+03 -9.999000e+03 -9.999000e+03 -9.999000e+03 -9.999000e+03 -9.999000e+03 -9.999000e+03 -9.999000e+03 -9.999000e+03 -9.999000e+03 -9.999000e+03 -9.999000e+03 -9.999000e+03 -9.999000e+03 -9.999000e+03 -9.999000e+03 -9.999000e+03 -9.999000e+03 -9.999000e+03 -9.999000e+03 -9.999000e+03 -9.999000e+03 -9.999000e+03 -9.999000e+03 -9.999000e+03 -9.999000e+03 -9.999000e+03 -9.999000e+03 0.000000e+00 6.157110e-01 0.000000e+00 0.000000e+00 0.000000e+00 6.261584e-01 1.106354e+00 1.472597e+00 0.000000e+00 0.000000e+00 0.000000e+00 7.233078e-01 1.278907e+00 0.000000e+00 0.000000e+00 2.403981e+00 0.000000e+00 0.000000e+00 0.000000e+00 2.111059e+00 7.428720e-01 2.819076e+00 0.000000e+00 0.000000e+00
-9.999000e+03 -9.999000e+03 -9.999000e+03 -9.999000e+03 -9.999000e+03 -9.999000e+03 -9.999000e+03 -9.999000e+03 -9.999000e+03 -9.999000e+03 -9.999000e+03 -9.999000e+03 -9.999000e+03 -9.999000e+03 -9.999000e+03 -9.999000e+03 -9.999000e+03 -9.999000e+03 -9.999000e+03 -9.999000e+03 -9.999000e+03 -9.999000e+03 -9.999000e+03 -9.999000e+03 -9.999000e+03 -9.999000e+03 -9.999000e+03 -9.999000e+03 -9.999000e+03 0.000000e+00 9.746104e-01 5.587229e-01 5.821624e-01 0.000000e+00 0.000000e+00 0.000000e+00 0.000000e+00 0.000000e+00 6.980981e-01 1.224039e+00 1.634704e+00 1.957042e+00 2.206671e+00 0.000000e+00 7.540160e-01 1.328859e+00 1.772965e+00 0.000000e+00 2.780749e+00 0.000000e+00 7.587157e-01 1.350771e+00
-9.999000e+03 -9.999000e+03 -9.999000e+03 -9.999000e+03 -9.999000e+03 -9.999000e+03 -9.999000e+03 -9.999000e+03 -9.999000e+03 -9.999000e+03 -9.999000e+03 -9.999000e+03 -9.999000e+03 -9.999000e+03 -9.999000e+03 -9.999000e+03 -9.999000e+03 -9.999000e+03 -9.999000e+03 -9.999000e+03 -9.999000e+03 -9.999000e+03 -9.999000e+03 -9.999000e+03 -9.999000e+03 -9.999000e+03 -9.999000e+03 -9.999000e+03 -9.999000e+03 -9.999000e+03 5.726689e-01 -9.999000e+03 -9.999000e+03 -9.999000e+03 -9.999000e+03 -9.999000e+03 -9.999000e+03 -9.999000e+03 0.000000e+00 7.142085e-01 1.245636e+00 1.646931e+00 1.945452e+00 2.176534e+00 2.368101e+00 2.525440e+00 2.649875e+00 2.737815e+00 0.000000e+00 7.354568e-01 1.313291e+00 1.780103e+00
-9.999000e+03 -9.999000e+03 -9.999000e+03 -9.999000e+03 -9.999000e+03 -9.999000e+03 -9.999000e+03 -9.999000e+03 -9.999000e+03 -9.999000e+03 -9.999000e+03 -9.999000e+03 -9.999000e+03 -9.999000e+03 -9.999000e+03 -9.999000e+03 -9.999000e+03 -9.999000e+03 -9.999000e+03 -9.999000e+03 -9.999000e+03 -9.999000e+03 -9.999000e+03 -9.999000e+03 -9.999000e+03 -9.999000e+03 -9.999000e+03 -9.999000e+03 -9.999000e+03 -9.999000e+03 -9.999000e+03 -9.999000e+03 -9.999000e+03 -9.999000e+03 -9.999000e+03 -9.999000e+03 -9.999000e+03 -9.999000e+03 -9.999000e+03 -9.999000e+03 -9.999000e+03 0.000000e+00 0.000000e+00 0.000000e+00 7.415275e-01 1.307023e+00 1.741169e+00 2.064890e+00 2.284789e+00 2.447510e+00 2.596745e+00 2.728806e+00
-9.999000e+03 -9.999000e+03 -9.999000e+03 -9.999000e+03 -9.999000e+03 -9.999000e+03 -9.999000e+03 -9.999000e+03 -9.999000e+03 -9.999000e+03 -9.999000e+03 -9.999000e+03 -9.999000e+03 -9.999000e+03 -9.999000e+03 -9.999000e+03 -9.999000e+03 -9.999000e+03 -9.999000e+03 -9.999000e+03 -9.999000e+03 -9.999000e+03 -9.999000e+03 -9.999000e+03 -9.999000e+03 -9.999000e+03 -9.999000e+03 -9.999000e+03 -9.999000e+03 -9.999000e+03 -9.999000e+03 -9.999000e+03 -9.999000e+03 -9.999000e+03 -9.999000e+03 -9.999000e+03 -9.999000e+03 -9.999000e+03 -9.999000e+03 -9.999000e+03 -9.999000e+03 -9.999000e+03 -9.999000e+03 -9.999000e+03 0.000000e+00 0.000000e+00 7.494955e-01 1.303423e+00 0.000000e+00 7.361249e-01 1.318591e+00 1.779028e+00
-9.999000e+03 -9.999000e+03 -9.999000e+03 -9.999000e+03 -9.999000e+03 -9.999000e+03 -9.999000e+03 -9.999000e+03 -9.999000e+03 -9.999000e+03 -9.999000e+03 -9.999000e+03 -9.999000e+03 -9.999000e+03 -9.999000e+03 -9.999000e+03 -9.999000e+03 -9.999000e+03 -9.999000e+03 -9.999000e+03 -9.999000e+03 -9.999000e+03 -9.999000e+03 -9.999000e+03 -9.999000e+03 -9.999000e+03 -9.999000e+03 -9.999000e+03 -9.999000e+03 -9.999000e+03 -9.999000e+03 -9.999000e+03 -9.999000e+03 -9.999000e+03 -9.999000e+03 -9.999000e+03 -9.999000e+03 -9.999000e+03 -9.999000e+03 -9.999000e+03 -9.999000e+03 -9.999000e+03 -9.999000e+03 -9.999000e+03 -9.999000e+03 -9.999000e+03 -9.999000e+03 -9.999000e+03 -9.999000e+03 -9.999000e+03 0.000000e+00 7.646215e-01
-9.999000e+03 -9.999000e+03 -9.999000e+03 -9.999000e+03 -9.999000e+03 -9.999000e+03 -9.999000e+03 -9.999000e+03 -9.999000e+03 -9.999000e+03 -9.999000e+03 -9.999000e+03 -9.999000e+03 -9.999000e+03 -9.999000e+03 -9.999000e+03 -9.999000e+03 -9.999000e+03 -9.999000e+03 -9.999000e+03 -9.999000e+03 -9.999000e+03 -9.999000e+03 -9.999000e+03 -9.999000e+03 -9.999000e+03 -9.999000e+03 -9.999000e+03 -9.999000e+03 -9.999000e+03 -9.999000e+03 -9.999000e+03 -9.999000e+03 -9.999000e+03 -9.999000e+03 -9.999000e+03 -9.999000e+03 -9.999000e+03 -9.999000e+03 -9.999000e+03 -9.999000e+03 -9.999000e+03 -9.999000e+03 -9.999000e+03 -9.999000e+03 -9.999000e+03 -9.999000e+03 -9.999000e+03 -9.999000e+03 -9.999000e+03 -9.999000e+03 0.000000e+00
-9.999000e+03 -9.999000e+03 -9.999000e+03 -9.999000e+03 -9.999000e+03 -9.999000e+03 -9.999000e+03 -9.999000e+03 -9.999000e+03 -9.999000e+03 -9.999000e+03 -9.999000e+03 -9.999000e+03 -9.999000e+03 -9.999000e+03 -9.999000e+03 -9.999000e+03 -9.999000e+03 -9.999000e+03 -9.999000e+03 -9.999000e+03 -9.999000e+03 -9.999000e+03 -9.999000e+03 -9.999000e+03 -9.999000e+03 -9.999000e+03 -9.999000e+03 -9.999000e+03 -9.999000e+03 -9.999000e+03 -9.999000e+03 -9.999000e+03 -9.999000e+03 -9.999000e+03 -9.999000e+03 -9.999000e+03 -9.999000e+03 -9.999000e+03 -9.999000e+03 -9.999000e+03 -9.999000e+03 -9.999000e+03 -9.999000e+03 -9.999000e+03 -9.999000e+03 -9.999000e+03 -9.999000e+03 -9.999000e+03 -9.999000e+03 -9.999000e+03 -9.999000e+03
-9.999000e+03 -9.999000e+03 -9.999000e+03 -9.999000e+03 -9.999000e+03 -9.999000e+03 -9.999000e+03 -9.999000e+03 -9.999000e+03 -9.999000e+03 -9.999000e+03 -9.999000e+03 -9.999000e+03 -9.999000e+03 -9.999000e+03 -9.999000e+03 -9.999000e+03 -9.999000e+03 -9.999000e+03 -9.999000e+03 -9.999000e+03 -9.999000e+03 -9.999000e+03 -9.999000e+03 -9.999000e+03 -9.999000e+03 -9.999000e+03 -9.999000e+03 -9.999000e+03 -9.999000e+03 -9.999000e+03 -9.999000e+03 -9.999000e+03 -9.999000e+03 -9.999000e+03 -9.999000e+03 -9.999000e+03 -9.999000e+03 -9.999000e+03 -9.999000e+03 -9.999000e+03 -9.999000e+03 -9.999000e+03 -9.999000e+03 -9.999000e+03 -9.999000e+03 -9.999000e+03 -9.999000e+03 -9.999000e+03 -9.999000e+03 -9.999000e+03 -9.999000e+03
