tests/data/reference/test_implicit_stream_rill_mfda/control/cvin_m3.asc
ncols	123
nrows	77
xllcorner	-713746.79929998
yllcorner	-1061022.36961616
cellsize	10.0
NODATA_value	-9999
[rows 23 to 45 of 77, columns 52 to 103 of 123]
8.379586e-01 2.623091e+00 3.031077e+00 3.589764e+00 3.796444e+00 4.097777e+00 4.028941e+00 3.726973e+00 3.728290e+00 3.428511e+00 3.057975e+00 3.041126e+00 3.020938e+00 2.999829e+00 2.978658e+00 4.140312e+00 1.470804e+01 6.655230e+00 2.964879e+00 2.846645e+00 2.233339e+00 1.865782e+00 1.402996e+00 1.845580e+00 0.000000e+00 7.688267e-01 3.418073e+01 9.449415e+00 8.772647e+00 2.006083e+00 1.443895e+00 7.786328e-01 0.000000e+00 0.000000e+00 -9.999000e+03 -9.999000e+03 -9.999000e+03 -9.999000e+03 -9.999000e+03 -9.999000e+03 -9.999000e+03 -9.999000e+03 -9.999000e+03 -9.999000e+03 -9.999000e+03 -9.999000e+03 -9.999000e+03 -9.999000e+03 -9.999000e+03 -9.999000e+03 -9.999000e+03 -9.999000e+03
8.403385e-01 1.549192e+00 3.063558e+00 3.404737e+00 3.858558e+00 4.025152e+00 4.252974e+00 4.213173e+00 3.972227e+00 3.967182e+00 3.717718e+00 3.407694e+00 3.388683e+00 3.365802e+00 3.338689e+00 3.304754e+00 1.864826e+01 6.362349e+00 3.144851e+00 3.046424e+00 2.595378e+00 2.314920e+00 1.950155e+00 2.289758e+00 7.923418e-01 1.403971e+00 0.000000e+00 3.267990e+01 9.019810e+00 8.765366e+00 4.390200e+00 1.423420e+00 7.766812e-01 7.465385e-01 0.000000e+00 -9.999000e+03 -9.999000e+03 -9.999000e+03 -9.999000e+03 -9.999000e+03 -9.999000e+03 -9.999000e+03 -9.999000e+03 -9.999000e+03 -9.999000e+03 -9.999000e+03 -9.999000e+03 -9.999000e+03 -9.999000e+03 -9.999000e+03 -9.999000e+03 -9.999000e+03
2.659361e+00 1.557071e+00 2.165926e+00 3.438904e+00 3.718482e+00 4.081796e+00 4.213370e+00 4.381700e+00 4.356969e+00 4.165739e+00 4.156907e+00 3.951065e+00 3.693784e+00 3.671295e+00 3.640133e+00 3.599718e+00 2.184147e+01 6.038403e+00 3.298852e+00 3.228945e+00 2.910955e+00 2.704415e+00 2.419548e+00 2.676739e+00 1.456589e+00 1.939249e+00 7.789963e-01 3.113090e+01 0.000000e+00 8.515512e+00 1.326086e+01 1.952689e+00 1.415543e+00 1.361317e+00 7.361277e-01 0.000000e+00 0.000000e+00 0.000000e+00 -9.999000e+03 -9.999000e+03 -9.999000e+03 -9.999000e+03 -9.999000e+03 -9.999000e+03 -9.999000e+03 -9.999000e+03 -9.999000e+03 -9.999000e+03 -9.999000e+03 -9.999000e+03 -9.999000e+03 -9.999000e+03
8.509973e-01 3.106095e+00 2.177122e+00 2.694008e+00 3.753935e+00 3.976757e+00 4.260174e+00 4.359068e+00 4.480386e+00 4.466142e+00 4.318210e+00 4.306502e+00 4.136839e+00 3.919913e+00 3.886535e+00 3.843886e+00 2.519483e+01 5.698998e+00 3.438258e+00 3.398059e+00 3.186385e+00 3.041342e+00 2.821263e+00 3.012492e+00 2.022476e+00 2.397910e+00 1.436445e+00 2.955684e+01 7.862146e-01 7.975135e+00 1.300524e+01 2.357156e+00 1.938002e+00 1.888701e+00 1.369936e+00 7.673281e-01 7.430195e-01 0.000000e+00 7.406569e-01 0.000000e+00 -9.999000e+03 -9.999000e+03 -9.999000e+03 -9.999000e+03 -9.999000e+03 -9.999000e+03 -9.999000e+03 -9.999000e+03 -9.999000e+03 -9.999000e+03 -9.999000e+03 -9.999000e+03
1.575168e+00 0.000000e+00 3.488221e+00 2.706313e+00 3.137714e+00 4.008073e+00 4.179225e+00 4.395062e+00 4.469621e+00 4.557644e+00 4.550055e+00 4.435736e+00 4.418076e+00 4.273981e+00 4.087419e+00 4.043962e+00 2.907938e+01 5.348258e+00 3.562843e+00 3.550688e+00 3.421306e+00 3.326155e+00 3.158531e+00 3.298520e+00 2.501327e+00 2.792286e+00 2.003146e+00 2.796258e+01 1.449162e+00 7.407988e+00 1.264571e+01 2.668199e+00 2.358194e+00 2.329699e+00 1.909039e+00 1.405357e+00 0.000000e+00 0.000000e+00 7.505032e-01 1.330486e+00 7.377113e-01 0.000000e+00 -9.999000e+03 -9.999000e+03 -9.999000e+03 -9.999000e+03 -9.999000e+03 -9.999000e+03 -9.999000e+03 -9.999000e+03 -9.999000e+03 -9.999000e+03
2.202576e+00 8.525393e-01 3.805707e+00 3.144735e+00 0.000000e+00 3.497875e+00 4.205453e+00 4.335974e+00 4.499783e+00 4.555373e+00 4.616926e+00 4.610447e+00 4.519001e+00 4.494292e+00 4.371016e+00 4.209153e+00 3.314315e+01 4.990774e+00 3.666615e+00 3.679388e+00 3.610912e+00 3.554774e+00 3.430068e+00 3.532975e+00 2.900699e+00 3.128641e+00 2.489627e+00 2.634602e+01 2.019878e+00 6.828626e+00 1.223766e+01 2.928032e+00 2.692487e+00 2.675453e+00 2.340802e+00 1.925290e+00 7.715052e-01 7.579650e-01 0.000000e+00 1.344037e+00 1.793043e+00 3.227481e+00 0.000000e+00 0.000000e+00 -9.999000e+03 -9.999000e+03 -9.999000e+03 -9.999000e+03 -9.999000e+03 -9.999000e+03 -9.999000e+03 -9.999000e+03
2.740201e+00 1.571665e+00 4.064082e+00 3.504261e+00 0.000000e+00 8.333872e-01 3.788490e+00 4.359023e+00 4.458557e+00 4.580363e+00 4.619852e+00 4.659216e+00 4.649273e+00 4.573634e+00 4.541051e+00 4.430274e+00 4.282084e+00 3.776633e+01 3.754527e+00 3.788740e+00 3.764521e+00 3.737912e+00 3.647346e+00 3.723067e+00 3.231448e+00 3.413827e+00 2.905903e+00 2.470130e+01 2.509447e+00 6.240500e+00 1.179766e+01 3.150471e+00 2.960150e+00 2.940777e+00 2.675360e+00 2.338708e+00 1.393083e+00 1.368016e+00 7.569915e-01 0.000000e+00 1.817644e+00 5.097393e+00 1.905519e+00 0.000000e+00 0.000000e+00 -9.999000e+03 -9.999000e+03 -9.999000e+03 -9.999000e+03 -9.999000e+03 -9.999000e+03 -9.999000e+03
3.194072e+00 2.184578e+00 4.268404e+00 3.796301e+00 8.353751e-01 0.000000e+00 1.533382e+00 4.021694e+00 4.478152e+00 4.554452e+00 4.642488e+00 4.667001e+00 4.686144e+00 4.667944e+00 4.597525e+00 4.550734e+00 4.444545e+00 4.311374e+00 4.164075e+01 3.889175e+00 3.897207e+00 3.891946e+00 3.826518e+00 3.879724e+00 3.504668e+00 3.653945e+00 3.259324e+00 2.301777e+01 2.924706e+00 5.648306e+00 1.132463e+01 3.343261e+00 3.181553e+00 3.151114e+00 0.000000e+00 0.000000e+00 1.890996e+00 1.861847e+00 1.367826e+00 0.000000e+00 0.000000e+00 5.206750e+00 2.232917e+00 6.446206e-01 0.000000e+00 0.000000e+00 -9.999000e+03 -9.999000e+03 -9.999000e+03 -9.999000e+03 -9.999000e+03 -9.999000e+03
3.565496e+00 2.695567e+00 4.422214e+00 4.029230e+00 1.536875e+00 8.360793e-01 0.000000e+00 2.131381e+00 4.211324e+00 4.571224e+00 4.625934e+00 4.683526e+00 4.691284e+00 4.689319e+00 4.656845e+00 4.585024e+00 4.529671e+00 4.436017e+00 4.576090e+01 3.986794e+00 4.015853e+00 4.023381e+00 3.974654e+00 4.009018e+00 3.729707e+00 3.855162e+00 3.556335e+00 2.128510e+01 3.274008e+00 5.073445e+00 1.081828e+01 3.515978e+00 3.372019e+00 0.000000e+00 0.000000e+00 0.000000e+00 2.293890e+00 2.266590e+00 0.000000e+00 0.000000e+00 1.243986e+00 5.286073e+00 2.508930e+00 1.152350e+00 6.580424e-01 0.000000e+00 0.000000e+00 -9.999000e+03 -9.999000e+03 -9.999000e+03 -9.999000e+03 -9.999000e+03
3.850911e+00 3.107521e+00 4.527935e+00 4.209369e+00 0.000000e+00 2.133989e+00 1.539952e+00 8.408064e-01 2.644106e+00 4.360690e+00 4.632333e+00 4.663719e+00 4.690986e+00 4.680229e+00 4.660530e+00 4.621881e+00 4.558626e+00 4.506675e+00 5.005972e+01 4.085518e+00 4.123870e+00 4.135175e+00 4.095751e+00 4.115309e+00 3.914822e+00 4.022934e+00 3.801879e+00 1.950723e+01 3.565059e+00 4.568186e+00 1.027874e+01 3.677071e+00 0.000000e+00 0.000000e+00 0.000000e+00 0.000000e+00 2.632497e+00 0.000000e+00 0.000000e+00 1.074990e+00 1.747742e+00 5.233732e+00 0.000000e+00 0.000000e+00 1.162573e+00 6.829543e-01 6.628143e-01 0.000000e+00 0.000000e+00 -9.999000e+03 -9.999000e+03 -9.999000e+03
3.812484e+00 4.040276e+00 3.417971e+00 4.581831e+00 4.334080e+00 8.270621e-01 2.634770e+00 2.139264e+00 1.544918e+00 3.069345e+00 4.464442e+00 4.659576e+00 4.668634e+00 4.672120e+00 4.650780e+00 4.624981e+00 4.589241e+00 4.537821e+00 4.493307e+00 5.422372e+01 4.218309e+00 4.227462e+00 4.193293e+00 4.203086e+00 4.066901e+00 4.161508e+00 4.000357e+00 1.772123e+01 3.800751e+00 4.256254e+00 9.700219e+00 0.000000e+00 0.000000e+00 0.000000e+00 0.000000e+00 8.016717e-01 0.000000e+00 0.000000e+00 1.131015e+00 1.671362e+00 2.159100e+00 0.000000e+00 0.000000e+00 6.971017e-01 1.564025e+00 1.225837e+00 1.204986e+00 0.000000e+00 0.000000e+00 0.000000e+00 -9.999000e+03 -9.999000e+03
2.697247e+02 2.722630e+02 4.135285e+00 3.633891e+00 4.583878e+00 4.404110e+00 1.507304e+00 3.043985e+00 2.635631e+00 2.135432e+00 3.416789e+00 4.535278e+00 4.669436e+00 4.664551e+00 4.653531e+00 4.626648e+00 4.598535e+00 4.565642e+00 4.522684e+00 5.840878e+01 4.291898e+00 4.298161e+00 4.270091e+00 4.276651e+00 4.191915e+00 4.274198e+00 4.155367e+00 1.595287e+01 3.981018e+00 4.214427e+00 9.074430e+00 0.000000e+00 0.000000e+00 0.000000e+00 0.000000e+00 0.000000e+00 0.000000e+00 8.524757e-01 1.754676e+00 2.156663e+00 0.000000e+00 0.000000e+00 0.000000e+00 1.274022e+00 1.897994e+00 1.642101e+00 0.000000e+00 0.000000e+00 0.000000e+00 1.902125e+00 0.000000e+00 0.000000e+00
9.281842e+00 9.389848e+00 2.802610e+02 4.384622e+00 3.977115e+00 4.549044e+00 4.436033e+00 2.080309e+00 3.378788e+00 3.050138e+00 2.636163e+00 3.706664e+00 4.589897e+00 4.678420e+00 4.664649e+00 4.643377e+00 4.611623e+00 4.579629e+00 4.545472e+00 4.503860e+00 6.419765e+01 4.342502e+00 4.323469e+00 4.333148e+00 4.288368e+00 4.357736e+00 4.265036e+00 1.417342e+01 4.108083e+00 4.246067e+00 8.400367e+00 0.000000e+00 0.000000e+00 0.000000e+00 0.000000e+00 1.333631e+00 8.637288e-01 1.517718e+00 2.263093e+00 0.000000e+00 0.000000e+00 0.000000e+00 0.000000e+00 0.000000e+00 2.185591e+00 1.977926e+00 0.000000e+00 7.187595e-01 7.200323e-01 2.253229e+00 0.000000e+00 1.902625e+00
0.000000e+00 8.773091e-01 1.624446e+00 2.812492e+02 2.846126e+02 2.877079e+02 2.913247e+02 4.702070e+00 2.718967e+00 3.855066e+00 3.584233e+00 3.232829e+00 4.160419e+00 4.891809e+00 9.888216e+00 4.903531e+00 4.862026e+00 4.819510e+00 4.775076e+00 4.724265e+00 0.000000e+00 6.397677e+01 9.178574e+00 4.605741e+00 4.349242e+00 4.403674e+00 4.323237e+00 1.244793e+01 4.184186e+00 4.271897e+00 7.681946e+00 0.000000e+00 0.000000e+00 0.000000e+00 1.172727e+00 1.971328e+00 1.534694e+00 2.075935e+00 2.688372e+00 0.000000e+00 0.000000e+00 0.000000e+00 0.000000e+00 0.000000e+00 2.440077e+00 2.270074e+00 7.530576e-01 1.310919e+00 1.306676e+00 2.595971e+00 7.185222e-01 2.253326e+00
1.601270e+00 2.274162e+00 2.859899e+00 3.361916e+00 3.770001e+00 4.103043e+00 4.390071e+00 2.948322e+02 2.986603e+02 3.007834e+02 3.038561e+02 3.066964e+02 3.092022e+02 3.125234e+02 3.164044e+02 3.251614e+02 3.289345e+02 5.052177e+00 4.997676e+00 4.941146e+00 4.879064e+00 8.632510e-01 7.338580e+01 4.814505e+00 4.611871e+00 4.647972e+00 4.330896e+00 1.073420e+01 4.217859e+00 4.281308e+00 6.930268e+00 0.000000e+00 0.000000e+00 0.000000e+00 1.836019e+00 2.479656e+00 2.095996e+00 2.542028e+00 3.039939e+00 0.000000e+00 0.000000e+00 0.000000e+00 0.000000e+00 0.000000e+00 0.000000e+00 0.000000e+00 1.362074e+00 1.799463e+00 1.789822e+00 2.850330e+00 1.306361e+00 2.601292e+00
9.020801e-01 1.681370e+00 2.366225e+00 9.184448e+01 9.588921e+01 9.931043e+01 1.026920e+02 1.061892e+02 1.096979e+02 1.132694e+02 1.169006e+02 1.205447e+02 1.244735e+02 1.282958e+02 1.320711e+02 1.358933e+02 1.353602e+02 4.626045e+02 4.663719e+02 5.098927e+00 5.043675e+00 4.986410e+00 7.509447e+01 4.973601e+00 4.799564e+00 4.809610e+00 4.536321e+00 9.043569e+00 4.221220e+00 4.278798e+00 0.000000e+00 0.000000e+00 0.000000e+00 0.000000e+00 2.372128e+00 2.902105e+00 2.564294e+00 2.927293e+00 0.000000e+00 0.000000e+00 0.000000e+00 0.000000e+00 0.000000e+00 0.000000e+00 0.000000e+00 0.000000e+00 0.000000e+00 2.185722e+00 2.178418e+00 3.039426e+00 1.799527e+00 2.867718e+00
4.085587e+00 8.648537e+01 9.053110e+01 3.984135e+00 4.001972e+00 4.017738e+00 4.034655e+00 4.051989e+00 4.046174e+00 4.070376e+00 4.100592e+00 4.135641e+00 3.970569e+00 3.998560e+00 4.028711e+00 4.058893e+00 8.941676e+00 1.353100e+01 1.356796e+01 4.782875e+02 4.819856e+02 4.859193e+02 4.896411e+02 8.036306e+01 4.916257e+00 4.900549e+00 4.665346e+00 7.916984e+00 4.205322e+00 0.000000e+00 0.000000e+00 8.286897e-01 0.000000e+00 0.000000e+00 2.821536e+00 3.249490e+00 2.953806e+00 3.245193e+00 0.000000e+00 0.000000e+00 0.000000e+00 0.000000e+00 0.000000e+00 0.000000e+00 0.000000e+00 0.000000e+00 0.000000e+00 2.485374e+00 2.483164e+00 3.172507e+00 2.203159e+00 3.065879e+00
8.369795e+01 3.955344e+00 3.957226e+00 3.958404e+00 3.956276e+00 3.954233e+00 3.953811e+00 3.909247e+00 3.918950e+00 3.938705e+00 3.969976e+00 3.715790e+00 3.746765e+00 3.782149e+00 3.820075e+00 4.149644e+00 4.012299e+00 2.152091e+01 2.512614e+01 2.864303e+01 3.188904e+01 3.084482e+01 2.962004e+01 5.167765e+02 8.537719e+01 4.933391e+00 4.739017e+00 0.000000e+00 6.810289e+00 0.000000e+00 8.398610e-01 1.522627e+00 0.000000e+00 8.275311e-01 3.193307e+00 3.533678e+00 3.277519e+00 3.508583e+00 0.000000e+00 0.000000e+00 0.000000e+00 0.000000e+00 0.000000e+00 0.000000e+00 0.000000e+00 0.000000e+00 0.000000e+00 0.000000e+00 2.715616e+00 3.251432e+00 2.511918e+00 3.195641e+00
3.968246e+00 3.955653e+00 3.942648e+00 3.928416e+00 3.913791e+00 3.896516e+00 3.796070e+00 3.787067e+00 3.789785e+00 3.809996e+00 3.426475e+00 3.454411e+00 3.487690e+00 3.525182e+00 3.969120e+00 3.757556e+00 2.316365e+01 4.173595e+00 3.884757e+00 3.724424e+00 3.738050e+00 8.550694e+00 3.972538e+00 4.142773e+00 5.155828e+02 8.520605e+01 4.891155e+00 4.759507e+00 8.665407e-01 1.260229e+00 1.520909e+00 2.111292e+00 0.000000e+00 1.521763e+00 3.499543e+00 3.764729e+00 3.545307e+00 0.000000e+00 0.000000e+00 0.000000e+00 0.000000e+00 0.000000e+00 0.000000e+00 0.000000e+00 0.000000e+00 0.000000e+00 0.000000e+00 0.000000e+00 2.896902e+00 3.295395e+00 2.744466e+00 3.272256e+00
3.972427e+00 3.949732e+00 3.925729e+00 3.904392e+00 3.878424e+00 3.707933e+00 3.679958e+00 3.664214e+00 3.669470e+00 3.111059e+00 3.131128e+00 3.158058e+00 3.190844e+00 3.780454e+00 3.461298e+00 2.377921e+01 4.013412e+00 3.587803e+00 3.381169e+00 3.402022e+00 3.966854e+00 3.466576e+00 3.678793e+00 3.697405e+00 3.826710e+00 5.142780e+02 8.459701e+01 1.448309e+02 0.000000e+00 1.971941e+00 2.204369e+00 2.602920e+00 8.363693e-01 2.117459e+00 3.752043e+00 3.950643e+00 3.764931e+00 0.000000e+00 0.000000e+00 0.000000e+00 0.000000e+00 0.000000e+00 0.000000e+00 0.000000e+00 0.000000e+00 0.000000e+00 0.000000e+00 7.836095e-01 3.048754e+00 3.327701e+00 2.927893e+00 3.317806e+00
3.973918e+00 3.944006e+00 3.917619e+00 3.886984e+00 3.633740e+00 3.591510e+00 3.558403e+00 3.549984e+00 2.772643e+00 2.781441e+00 2.796904e+00 2.821825e+00 3.596915e+00 3.134359e+00 2.448068e+01 3.866606e+00 3.249110e+00 2.978115e+00 2.993474e+00 3.705465e+00 3.059485e+00 3.102290e+00 3.134605e+00 3.313816e+00 3.312032e+00 7.219817e+00 2.794795e+00 0.000000e+00 0.000000e+00 9.112349e-01 5.264314e+00 3.157371e+00 1.529543e+00 2.618232e+00 3.956446e+00 4.099122e+00 3.944902e+00 0.000000e+00 0.000000e+00 0.000000e+00 0.000000e+00 0.000000e+00 0.000000e+00 0.000000e+00 0.000000e+00 0.000000e+00 0.000000e+00 1.426139e+00 3.180024e+00 3.359470e+00 3.075932e+00 3.348693e+00
3.972930e+00 3.945707e+00 3.911051e+00 3.554582e+00 3.504259e+00 3.456928e+00 3.434665e+00 2.391830e+00 2.396706e+00 2.401148e+00 2.415147e+00 3.421522e+00 2.778313e+00 2.508477e+01 3.749845e+00 2.875378e+00 2.528525e+00 2.533982e+00 3.418179e+00 2.586428e+00 2.628490e+00 2.661793e+00 2.684870e+00 2.703570e+00 2.854852e+00 2.847442e+00 0.000000e+00 0.000000e+00 0.000000e+00 6.113244e+01 1.500000e+21 3.585936e+00 2.091511e+00 3.019252e+00 4.112943e+00 4.216506e+00 4.093437e+00 0.000000e+00 0.000000e+00 0.000000e+00 0.000000e+00 0.000000e+00 0.000000e+00 0.000000e+00 0.000000e+00 0.000000e+00 0.000000e+00 1.955811e+00 3.294201e+00 3.396223e+00 3.197086e+00 3.378112e+00
3.978276e+00 3.943379e+00 3.460975e+00 3.403669e+00 3.345056e+00 3.309329e+00 1.940688e+00 1.947297e+00 1.950650e+00 1.959013e+00 3.250590e+00 2.385849e+00 2.627363e+01 3.672540e+00 2.462195e+00 2.029561e+00 2.026800e+00 3.114632e+00 2.055993e+00 2.092756e+00 2.122326e+00 2.139583e+00 2.159092e+00 2.180070e+00 2.186578e+00 4.190350e+00 0.000000e+00 4.660260e-01 1.653780e+00 2.337781e+00 0.000000e+00 1.292263e+01 2.673237e+00 3.333734e+00 4.227496e+00 4.306397e+00 4.214430e+00 0.000000e+00 0.000000e+00 0.000000e+00 0.000000e+00 0.000000e+00 0.000000e+00 0.000000e+00 0.000000e+00 0.000000e+00 0.000000e+00 2.389614e+00 3.394391e+00 3.442345e+00 3.303734e+00 3.419213e+00
