tests/data/reference/test_implicit_stream_rill_mfda/control/cvin_m3.asc
ncols	123
nrows	77
xllcorner	-713746.79929998
yllcorner	-1061022.36961616
cellsize	10.0
NODATA_value	-9999
[rows 23 to 45 of 77, columns 0 to 51 of 123]
-9.999000e+03 -9.999000e+03 -9.999000e+03 -9.999000e+03 -9.999000e+03 -9.999000e+03 -9.999000e+03 -9.999000e+03 -9.999000e+03 -9.999000e+03 -9.999000e+03 -9.999000e+03 -9.999000e+03 -9.999000e+03 0.000000e+00 1.789952e+00 2.180119e+00 6.744865e-01 0.000000e+00 0.000000e+00 0.000000e+00 7.171837e-01 3.552082e-01 6.306096e+00 7.789180e+00 4.495089e+00 8.846404e+00 4.865314e+00 2.321708e+00 4.495831e+00 0.000000e+00 8.026707e-01 1.468067e+00 3.286632e+00 1.356279e+01 4.016833e+00 9.378723e+00 0.000000e+00 8.600937e+00 3.983990e+00 3.966955e+00 3.910062e+00 4.099034e+00 3.934881e+00 3.918666e+00 3.692613e+00 3.761302e+00 4.169508e+00 3.273568e+00 2.129542e+00 1.542014e+00 0.000000e+00
-9.999000e+03 -9.999000e+03 -9.999000e+03 -9.999000e+03 -9.999000e+03 -9.999000e+03 -9.999000e+03 -9.999000e+03 -9.999000e+03 -9.999000e+03 -9.999000e+03 -9.999000e+03 -9.999000e+03 -9.999000e+03 6.395762e-01 6.143970e+00 4.239129e+00 6.645064e-01 0.000000e+00 0.000000e+00 4.317187e-01 2.975841e+00 0.000000e+00 5.845222e-01 6.354959e+00 1.244673e+01 8.642537e+00 4.992634e+00 2.664069e+00 0.000000e+00 4.311596e+00 8.014165e-01 1.467555e+00 2.026100e+00 1.691099e+01 4.024564e+00 8.891849e+00 0.000000e+00 9.298673e+00 4.074443e+00 4.081076e+00 4.054910e+00 4.180981e+00 4.081501e+00 4.067146e+00 3.897769e+00 3.939727e+00 4.223450e+00 3.570883e+00 2.636387e+00 0.000000e+00 2.142927e+00
-9.999000e+03 -9.999000e+03 -9.999000e+03 -9.999000e+03 -9.999000e+03 -9.999000e+03 -9.999000e+03 -9.999000e+03 -9.999000e+03 -9.999000e+03 -9.999000e+03 -9.999000e+03 -9.999000e+03 -9.999000e+03 5.255752e+00 7.039238e-01 0.000000e+00 0.000000e+00 0.000000e+00 0.000000e+00 1.138247e+00 2.355137e+00 4.857673e+00 8.343085e-01 1.199261e+00 6.456230e+00 2.072705e+01 5.062195e+00 3.118087e+00 0.000000e+00 8.685428e-01 4.148711e+00 1.465106e+00 2.023127e+00 2.484529e+00 2.069742e+01 0.000000e+00 8.364782e+00 8.215337e-01 1.328868e+01 4.172352e+00 4.167861e+00 4.257916e+00 4.201129e+00 4.189459e+00 4.063748e+00 4.087538e+00 4.279607e+00 3.818810e+00 3.064496e+00 8.412774e-01 0.000000e+00
-9.999000e+03 -9.999000e+03 -9.999000e+03 -9.999000e+03 -9.999000e+03 -9.999000e+03 -9.999000e+03 -9.999000e+03 -9.999000e+03 -9.999000e+03 -9.999000e+03 -9.999000e+03 0.000000e+00 0.000000e+00 4.193810e+00 7.086569e-01 0.000000e+00 0.000000e+00 0.000000e+00 6.958657e-01 2.618777e+00 5.396607e+00 2.791363e+00 5.157191e+00 1.520643e+00 1.793219e+00 2.689257e+01 5.090669e+00 3.497526e+00 8.735962e-01 0.000000e+00 1.605337e+00 4.299691e+00 2.137397e+00 2.472013e+00 2.847951e+00 2.032705e+01 8.122438e-01 7.806483e+00 1.504942e+00 1.729741e+01 4.254072e+00 4.324046e+00 4.295743e+00 4.287655e+00 4.196573e+00 4.209937e+00 4.339485e+00 4.026648e+00 3.428417e+00 1.556737e+00 0.000000e+00
-9.999000e+03 -9.999000e+03 -9.999000e+03 -9.999000e+03 -9.999000e+03 -9.999000e+03 -9.999000e+03 -9.999000e+03 -9.999000e+03 -9.999000e+03 -9.999000e+03 -9.999000e+03 -9.999000e+03 0.000000e+00 6.437155e-01 5.740324e-01 0.000000e+00 0.000000e+00 8.042635e-01 3.056425e+00 2.633763e+00 2.798466e+00 8.514344e+00 1.179310e+01 1.720266e+01 1.907716e+01 2.106508e+01 2.644561e+01 5.070463e+00 3.802939e+00 1.601497e+00 8.684314e-01 2.229646e+00 4.423015e+00 2.681020e+00 2.979263e+00 3.138033e+00 1.986036e+01 1.490841e+00 7.217711e+00 1.937974e+01 4.316820e+00 4.375118e+00 4.366542e+00 4.364018e+00 4.302569e+00 4.313374e+00 4.403985e+00 4.202697e+00 3.739060e+00 2.177689e+00 8.549364e-01
-9.999000e+03 -9.999000e+03 -9.999000e+03 -9.999000e+03 -9.999000e+03 -9.999000e+03 -9.999000e+03 -9.999000e+03 -9.999000e+03 -9.999000e+03 -9.999000e+03 -9.999000e+03 -9.999000e+03 -9.999000e+03 -9.999000e+03 0.000000e+00 0.000000e+00 0.000000e+00 1.912498e+00 3.790115e+00 4.174142e+00 4.520751e+00 4.703378e+00 4.776419e+00 4.776183e+00 4.722098e+00 4.628541e+00 2.515591e+01 5.050915e+01 4.992586e+00 4.033888e+00 2.208556e+00 1.589863e+00 2.738983e+00 4.510251e+00 3.118143e+00 3.401446e+00 3.570191e+00 1.988883e+01 2.063001e+00 2.614012e+01 4.357613e+00 4.408249e+00 4.414617e+00 4.421510e+00 4.388588e+00 4.404907e+00 4.474032e+00 4.354465e+00 4.005295e+00 2.714848e+00 1.583044e+00
-9.999000e+03 -9.999000e+03 -9.999000e+03 -9.999000e+03 -9.999000e+03 -9.999000e+03 -9.999000e+03 -9.999000e+03 -9.999000e+03 -9.999000e+03 -9.999000e+03 -9.999000e+03 -9.999000e+03 -9.999000e+03 -9.999000e+03 -9.999000e+03 0.000000e+00 4.669483e-01 2.378297e+00 2.758091e+00 3.127483e+00 3.371089e+00 3.514488e+00 3.588883e+00 3.622023e+00 3.634260e+00 3.644815e+00 3.658140e+00 3.667107e+00 5.342793e+01 5.771456e+01 6.133535e+01 2.691986e+00 2.167807e+00 3.130588e+00 4.569577e+00 8.103852e+00 1.187474e+01 3.922124e+00 1.963775e+01 2.679121e+00 3.058198e+01 4.428974e+00 4.448770e+00 4.468037e+00 4.462652e+00 4.489089e+00 4.547782e+00 4.486116e+00 4.232871e+00 3.177544e+00 2.213546e+00
-9.999000e+03 -9.999000e+03 -9.999000e+03 -9.999000e+03 -9.999000e+03 -9.999000e+03 -9.999000e+03 -9.999000e+03 -9.999000e+03 -9.999000e+03 -9.999000e+03 -9.999000e+03 -9.999000e+03 -9.999000e+03 -9.999000e+03 -9.999000e+03 0.000000e+00 1.914814e+00 1.629201e+00 1.920015e+00 2.206471e+00 2.554507e+01 2.475087e+01 2.389364e+01 2.300714e+01 2.209496e+01 2.115308e+01 2.016960e+01 1.912447e+01 1.801669e+01 1.686031e+01 1.564787e+01 7.504198e+01 7.683622e+01 7.792434e+01 7.971424e+01 7.875011e+01 7.780798e+01 8.866626e+01 9.191755e+01 1.102775e+02 1.124159e+02 3.495955e+01 4.481023e+00 4.513524e+00 4.532042e+00 4.569110e+00 4.622546e+00 4.600247e+00 4.425964e+00 3.572709e+00 2.752824e+00
-9.999000e+03 -9.999000e+03 -9.999000e+03 -9.999000e+03 -9.999000e+03 -9.999000e+03 -9.999000e+03 -9.999000e+03 -9.999000e+03 -9.999000e+03 -9.999000e+03 -9.999000e+03 -9.999000e+03 -9.999000e+03 -9.999000e+03 0.000000e+00 1.914872e+00 1.591286e+00 1.644169e+01 1.840915e+01 2.379015e+01 2.809099e+00 5.951965e+00 9.057823e+00 8.988366e+00 1.512318e+01 1.806183e+01 2.100754e+01 2.056689e+01 2.004836e+01 1.948248e+01 1.887566e+01 1.821447e+01 1.748214e+01 1.665854e+01 1.574855e+01 4.786878e+01 4.881450e+01 5.049374e+01 5.339085e+01 5.619583e+01 5.897072e+01 1.696928e+02 2.033725e+02 2.068433e+02 4.789756e+00 9.218753e+00 4.688055e+00 4.694077e+00 4.584233e+00 3.901624e+00 3.203395e+00
-9.999000e+03 -9.999000e+03 -9.999000e+03 -9.999000e+03 -9.999000e+03 -9.999000e+03 -9.999000e+03 -9.999000e+03 -9.999000e+03 -9.999000e+03 -9.999000e+03 -9.999000e+03 -9.999000e+03 -9.999000e+03 0.000000e+00 1.911005e+00 1.295202e+01 1.518072e+01 2.617600e+00 6.887259e+00 2.509772e+00 2.645264e+00 2.781972e+00 3.061363e+00 6.203957e+00 2.925665e+00 3.049227e+00 3.038183e+00 3.113742e+00 3.192380e+00 3.488060e+00 1.576629e+01 1.878760e+01 2.185175e+01 2.485113e+01 3.367007e+01 1.421571e+00 1.968368e+00 3.341199e+00 3.218477e+00 3.075793e+00 3.113257e+00 7.349694e+00 1.101496e+01 1.460385e+01 2.202595e+02 2.241307e+02 2.323259e+02 4.728179e+00 9.465074e+00 4.160536e+00 3.561768e+00
-9.999000e+03 -9.999000e+03 -9.999000e+03 -9.999000e+03 -9.999000e+03 -9.999000e+03 -9.999000e+03 -9.999000e+03 -9.999000e+03 -9.999000e+03 -9.999000e+03 -9.999000e+03 -9.999000e+03 -9.999000e+03 0.000000e+00 1.033214e+01 2.890438e+00 2.551201e+00 7.967322e+00 2.326059e+00 2.507959e+00 2.689821e+00 2.788796e+00 2.857808e+00 2.822554e+00 3.028493e+00 2.965752e+00 3.012085e+00 6.185646e+00 9.323193e+00 1.228923e+01 2.890752e+00 3.167485e+00 3.280787e+00 9.523929e+00 7.903670e-01 1.444197e+00 3.165216e+00 2.970011e+00 2.757377e+00 2.777307e+00 3.346133e+00 2.852550e+00 2.895264e+00 3.101924e+00 6.760475e+00 9.921877e+00 1.308064e+01 2.472716e+02 2.511370e+02 2.595530e+02 4.327956e+00
-9.999000e+03 -9.999000e+03 -9.999000e+03 -9.999000e+03 -9.999000e+03 -9.999000e+03 -9.999000e+03 -9.999000e+03 -9.999000e+03 -9.999000e+03 -9.999000e+03 -9.999000e+03 -9.999000e+03 1.910195e+00 9.449935e+00 2.930995e+00 2.495418e+00 9.022147e+00 2.058672e+00 2.304150e+00 2.560516e+00 2.694716e+00 2.782142e+00 2.700965e+00 3.039883e+00 2.892513e+00 2.931399e+00 2.986175e+00 3.061368e+00 2.915589e+00 2.603817e+00 2.981855e+00 3.148659e+00 9.636804e+00 0.000000e+00 7.940947e-01 2.946337e+00 2.667480e+00 2.380715e+00 2.386071e+00 3.107963e+00 2.432036e+00 2.463457e+00 2.500501e+00 2.547750e+00 2.118185e+00 2.250959e+00 2.261161e+00 2.274032e+00 5.258083e+00 8.057012e+00 2.665080e+02
-9.999000e+03 -9.999000e+03 -9.999000e+03 -9.999000e+03 -9.999000e+03 -9.999000e+03 -9.999000e+03 -9.999000e+03 -9.999000e+03 -9.999000e+03 -9.999000e+03 -9.999000e+03 0.000000e+00 3.784769e+00 2.970175e+00 2.477305e+00 1.006698e+01 1.707894e+00 2.024890e+00 2.376113e+00 2.563250e+00 2.686641e+00 2.548190e+00 3.107890e+00 2.818742e+00 2.854850e+00 2.902628e+00 2.965235e+00 2.691207e+00 2.251934e+00 2.748967e+00 2.988556e+00 7.687870e+00 1.430978e+00 0.000000e+00 2.688731e+00 2.303445e+00 1.931831e+00 1.925764e+00 2.844382e+00 1.945661e+00 1.966555e+00 1.996777e+00 2.041440e+00 1.518499e+00 1.518947e+00 1.525351e+00 1.534626e+00 1.649905e+00 1.650094e+00 4.182350e+00 6.794518e+00
-9.999000e+03 -9.999000e+03 -9.999000e+03 -9.999000e+03 -9.999000e+03 -9.999000e+03 -9.999000e+03 -9.999000e+03 -9.999000e+03 -9.999000e+03 -9.999000e+03 -9.999000e+03 1.905472e+00 3.051518e+00 2.507297e+00 1.110262e+01 1.261924e+00 1.666030e+00 2.137499e+00 2.390912e+00 2.559779e+00 2.334969e+00 3.230841e+00 2.737755e+00 2.776676e+00 2.826276e+00 2.887127e+00 2.437746e+00 1.836559e+00 2.480829e+00 2.815490e+00 6.820190e+00 0.000000e+00 7.809656e-01 2.390983e+00 1.871697e+00 1.402572e+00 1.391145e+00 2.557673e+00 1.390924e+00 1.399626e+00 1.417597e+00 1.455326e+00 8.246129e-01 8.231616e-01 8.248592e-01 8.293759e-01 8.328855e-01 8.356438e-01 3.779970e+00 1.618450e+00 1.604610e+00
-9.999000e+03 -9.999000e+03 -9.999000e+03 -9.999000e+03 -9.999000e+03 -9.999000e+03 -9.999000e+03 -9.999000e+03 -9.999000e+03 -9.999000e+03 -9.999000e+03 0.000000e+00 3.781334e+00 2.597254e+00 1.213890e+01 6.981604e-01 1.217514e+00 1.847762e+00 2.187810e+00 2.414580e+00 2.045189e+00 3.396605e+00 2.637862e+00 2.686437e+00 2.746699e+00 2.814292e+00 2.142721e+00 1.345261e+00 2.170261e+00 2.631120e+00 2.132981e+00 4.173475e+00 0.000000e+00 2.051216e+00 1.355589e+00 7.744950e-01 7.633498e-01 2.238188e+00 7.567717e-01 7.581894e-01 7.621509e-01 7.804246e-01 0.000000e+00 0.000000e+00 0.000000e+00 0.000000e+00 0.000000e+00 0.000000e+00 3.546496e+00 8.254974e-01 8.177119e-01 8.174978e-01
-9.999000e+03 -9.999000e+03 -9.999000e+03 -9.999000e+03 -9.999000e+03 -9.999000e+03 -9.999000e+03 -9.999000e+03 -9.999000e+03 -9.999000e+03 0.000000e+00 1.901193e+00 2.729354e+00 1.317613e+01 0.000000e+00 6.694212e-01 1.511264e+00 1.965245e+00 2.270778e+00 1.678069e+00 3.590686e+00 2.528184e+00 2.586483e+00 2.661978e+00 2.739583e+00 1.775681e+00 7.475252e-01 1.793959e+00 2.412132e+00 1.767231e+00 1.737555e+00 1.700048e+00 1.672690e+00 7.374761e-01 0.000000e+00 0.000000e+00 1.859924e+00 0.000000e+00 0.000000e+00 0.000000e+00 0.000000e+00 0.000000e+00 8.079224e-01 1.486185e+00 2.056200e+00 2.533309e+00 2.933636e+00 3.268460e+00 0.000000e+00 0.000000e+00 0.000000e+00 0.000000e+00
-9.999000e+03 -9.999000e+03 -9.999000e+03 -9.999000e+03 -9.999000e+03 -9.999000e+03 -9.999000e+03 -9.999000e+03 -9.999000e+03 -9.999000e+03 0.000000e+00 2.914149e+00 1.304292e+01 6.593343e-01 0.000000e+00 1.128752e+00 1.733001e+00 2.145801e+00 1.226841e+00 3.798594e+00 2.423273e+00 2.486879e+00 2.578618e+00 2.660867e+00 1.317468e+00 0.000000e+00 1.325816e+00 2.135451e+00 1.309677e+00 1.294753e+00 1.262173e+00 1.233901e+00 0.000000e+00 0.000000e+00 7.630261e-01 1.379308e+00 0.000000e+00 7.433888e-01 1.321655e+00 1.778400e+00 0.000000e+00 0.000000e+00 8.056556e-01 1.479952e+00 2.043002e+00 2.509525e+00 2.895983e+00 3.216442e+00 3.482375e+00 3.697937e+00 3.862911e+00 3.987048e+00
-9.999000e+03 -9.999000e+03 -9.999000e+03 -9.999000e+03 -9.999000e+03 -9.999000e+03 -9.999000e+03 -9.999000e+03 -9.999000e+03 0.000000e+00 3.806426e+00 1.258355e+01 1.109240e+00 0.000000e+00 6.519369e-01 1.473315e+00 2.042765e+00 6.810488e-01 4.006314e+00 2.343147e+00 2.402373e+00 2.509089e+00 2.577901e+00 7.368770e-01 0.000000e+00 7.421619e-01 1.782263e+00 7.327716e-01 7.294037e-01 7.178192e-01 6.946969e-01 0.000000e+00 7.191651e-01 1.295451e+00 1.779064e+00 2.178428e+00 2.490766e+00 2.723457e+00 0.000000e+00 0.000000e+00 2.146001e+00 7.768780e-01 1.441305e+00 2.003616e+00 2.465921e+00 2.839652e+00 3.139459e+00 3.382073e+00 3.583236e+00 3.749168e+00 3.881802e+00 3.984402e+00
-9.999000e+03 -9.999000e+03 -9.999000e+03 -9.999000e+03 -9.999000e+03 -9.999000e+03 -9.999000e+03 -9.999000e+03 -9.999000e+03 0.000000e+00 1.151094e+01 1.774787e+00 6.455800e-01 0.000000e+00 1.125505e+00 1.928568e+00 0.000000e+00 4.195375e+00 2.297867e+00 2.348945e+00 2.476749e+00 2.495475e+00 0.000000e+00 0.000000e+00 7.440657e-01 1.329254e+00 0.000000e+00 0.000000e+00 0.000000e+00 0.000000e+00 0.000000e+00 6.961705e-01 1.256899e+00 1.723697e+00 2.118621e+00 2.448718e+00 2.715117e+00 0.000000e+00 2.887196e+00 7.565828e-01 7.748357e-01 2.481832e+00 2.786820e+00 3.052185e+00 3.269285e+00 3.440604e+00 3.575485e+00 3.683649e+00 3.774468e+00 3.852341e+00 7.843287e+01 8.058999e+01
-9.999000e+03 -9.999000e+03 -9.999000e+03 -9.999000e+03 -9.999000e+03 -9.999000e+03 -9.999000e+03 -9.999000e+03 1.903439e+00 3.783126e+00 9.238787e+00 1.525319e+00 0.000000e+00 6.529263e-01 1.758716e+00 1.982366e+00 4.310359e+00 2.279306e+00 2.331158e+00 2.507524e+00 2.415950e+00 7.264612e-01 1.296780e+00 1.750725e+00 2.114630e+00 1.442194e+01 1.626955e+01 1.561094e+01 1.486592e+01 1.404659e+01 1.315029e+01 1.219847e+01 1.121908e+01 1.021525e+01 9.186240e+00 8.127618e+00 7.035911e+00 8.839922e+00 8.485970e+00 1.045834e+01 1.113632e+01 1.227585e+01 1.195258e+01 1.155843e+01 1.109480e+01 1.058313e+01 1.004024e+01 9.467599e+00 8.860947e+00 7.563812e+01 4.007131e+00 3.992750e+00
-9.999000e+03 -9.999000e+03 -9.999000e+03 -9.999000e+03 -9.999000e+03 -9.999000e+03 -9.999000e+03 0.000000e+00 1.900439e+00 8.758950e+00 6.770972e-01 1.158580e+00 0.000000e+00 1.515425e+00 1.810348e+00 2.148786e+00 2.242280e+00 2.325262e+00 2.620653e+00 2.339859e+00 0.000000e+00 0.000000e+00 7.322805e-01 1.075555e+01 1.249806e+01 2.143063e+00 1.331385e+00 1.787475e+00 2.136234e+00 2.389655e+00 2.551905e+00 2.659779e+00 2.755258e+00 2.852754e+00 2.957478e+00 3.066460e+00 3.170982e+00 3.261885e+00 3.331274e+00 3.386262e+00 3.440212e+00 3.493254e+00 3.539931e+00 3.578857e+00 3.609958e+00 3.636961e+00 3.665526e+00 3.692157e+00 6.888867e+01 4.036132e+00 4.020620e+00 3.997958e+00
-9.999000e+03 -9.999000e+03 -9.999000e+03 -9.999000e+03 -9.999000e+03 -9.999000e+03 -9.999000e+03 0.000000e+00 2.286984e-01 8.634967e+00 0.000000e+00 6.575163e-01 1.155842e+00 1.556486e+00 2.030364e+00 2.164444e+00 2.287177e+00 2.799898e+00 2.253680e+00 2.348327e+00 4.869733e+00 7.329455e+00 9.752701e+00 1.780394e+00 1.784599e+00 7.408748e-01 0.000000e+00 7.475837e-01 1.335604e+00 1.793558e+00 2.133169e+00 2.389717e+00 2.601069e+00 2.780708e+00 2.934277e+00 3.064015e+00 4.034310e+01 4.260205e+01 4.486720e+01 4.713946e+01 4.942727e+01 5.173190e+01 5.406127e+01 5.289387e+01 5.158326e+01 5.012897e+01 6.346785e+01 6.622879e+01 4.050673e+00 4.044306e+00 4.024543e+00 4.003850e+00
-9.999000e+03 -9.999000e+03 -9.999000e+03 -9.999000e+03 -9.999000e+03 -9.999000e+03 -9.999000e+03 0.000000e+00 7.499259e+00 1.530041e+00 0.000000e+00 6.607758e-01 1.185780e+00 1.837009e+00 2.025532e+00 2.208711e+00 3.025177e+00 2.117353e+00 2.240908e+00 2.323921e+00 2.407400e+00 2.501160e+00 1.318639e+00 1.329414e+00 0.000000e+00 0.000000e+00 7.506255e-01 1.347198e+00 1.817846e+00 2.180968e+00 2.451930e+00 2.653980e+00 2.812092e+00 3.383171e+01 3.610196e+01 3.837987e+01 3.488959e+00 3.530114e+00 3.567142e+00 3.604620e+00 3.649667e+00 3.723210e+00 3.775943e+00 7.693073e+00 1.153987e+01 1.532684e+01 4.000838e+00 4.025395e+00 4.036244e+00 4.035731e+00 4.032270e+00 4.003021e+00
