tests/data/reference/test_implicit_stream_rill_mfda/control/cvin_m3.asc
ncols	123
nrows	77
xllcorner	-713746.79929998
yllcorner	-1061022.36961616
cellsize	10.0
NODATA_value	-9999
[rows 46 to 68 of 77, columns 0 to 51 of 123]
-9.999000e+03 -9.999000e+03 -9.999000e+03 -9.999000e+03 -9.999000e+03 -9.999000e+03 0.000000e+00 6.592808e+00 1.163198e+00 1.183339e+00 0.000000e+00 6.836794e-01 1.547578e+00 1.803444e+00 2.073525e+00 3.278151e+00 1.915340e+00 2.098151e+00 2.215795e+00 2.303517e+00 2.391693e+00 7.313200e-01 7.408944e-01 7.455838e-01 1.328301e+00 1.789732e+00 2.162806e+00 2.458723e+00 2.679346e+00 2.838432e+00 2.952366e+00 2.965789e+01 3.196826e+01 3.364686e+00 3.414378e+00 3.451885e+00 3.479645e+00 3.502133e+00 3.525770e+00 3.557850e+00 3.635228e+00 3.679629e+00 3.753194e+00 3.811535e+00 3.872676e+00 3.924829e+00 3.961308e+00 3.984272e+00 4.000109e+00 4.026610e+00 4.013754e+00 3.998615e+00
-9.999000e+03 -9.999000e+03 -9.999000e+03 -9.999000e+03 -9.999000e+03 -9.999000e+03 4.576473e+00 3.272936e+00 6.718274e-01 6.768021e-01 0.000000e+00 1.152871e+00 1.490756e+00 1.880702e+00 3.519022e+00 1.613787e+00 1.889154e+00 2.077194e+00 2.200708e+00 2.290896e+00 0.000000e+00 0.000000e+00 0.000000e+00 0.000000e+00 7.451938e-01 1.336480e+00 1.816680e+00 2.069437e+01 2.298498e+01 2.526856e+01 2.757966e+01 3.263524e+00 3.306275e+00 3.361396e+00 3.395433e+00 3.416871e+00 3.430231e+00 3.441717e+00 3.460615e+00 3.544899e+00 3.571601e+00 3.648581e+00 3.702158e+00 3.764169e+00 3.821043e+00 3.866631e+00 3.899638e+00 3.925722e+00 3.977228e+00 3.978418e+00 3.984027e+00 3.957968e+00
-9.999000e+03 -9.999000e+03 -9.999000e+03 -9.999000e+03 -9.999000e+03 0.000000e+00 2.839388e+00 3.249292e+00 0.000000e+00 0.000000e+00 6.444130e-01 1.099738e+00 1.660552e+00 3.745924e+00 1.197736e+00 1.577093e+00 1.852963e+00 2.046257e+00 2.173630e+00 2.262726e+00 4.701076e+00 7.061950e+00 9.383799e+00 1.318940e+01 1.499723e+01 1.701705e+01 1.916987e+01 2.885977e+00 2.970699e+00 3.075713e+00 3.145286e+00 3.201735e+00 3.273027e+00 3.311125e+00 3.332252e+00 3.342774e+00 3.347165e+00 3.353508e+00 3.453125e+00 3.456415e+00 3.539086e+00 3.583316e+00 3.643788e+00 3.701232e+00 3.749388e+00 3.787135e+00 3.820552e+00 3.900644e+00 3.906184e+00 3.926679e+00 3.903581e+00 2.886625e+00
-9.999000e+03 -9.999000e+03 -9.999000e+03 -9.999000e+03 3.150224e+00 1.947793e+00 1.129367e+00 2.411863e+00 0.000000e+00 0.000000e+00 6.222351e-01 1.435095e+00 3.955390e+00 6.694624e-01 1.169202e+00 1.536794e+00 1.803581e+00 1.996939e+00 2.123655e+00 2.176123e+00 2.225326e+00 2.287591e+00 4.200737e+00 1.829010e+00 2.209616e+00 2.480640e+00 2.651380e+00 2.752838e+00 2.885202e+00 2.967409e+00 3.037070e+00 3.135313e+00 3.187159e+00 3.215268e+00 3.228320e+00 3.231468e+00 3.230887e+00 3.357554e+00 3.329209e+00 3.423360e+00 3.455564e+00 3.514533e+00 3.571813e+00 3.619774e+00 3.656665e+00 3.690643e+00 3.802643e+00 3.806137e+00 3.839138e+00 3.806759e+00 2.515922e+00 2.515129e+00
-9.999000e+03 -9.999000e+03 -9.999000e+03 -9.999000e+03 1.254303e+00 1.791969e+00 6.360621e-01 9.954205e-01 6.062686e-01 0.000000e+00 1.184110e+00 4.116773e+00 0.000000e+00 6.522163e-01 1.131359e+00 1.477676e+00 1.738388e+00 1.931572e+00 1.998680e+00 2.029207e+00 2.065307e+00 4.291881e+00 1.339607e+00 1.796976e+00 2.127971e+00 2.339549e+00 2.455338e+00 2.617148e+00 2.714031e+00 2.799518e+00 2.928948e+00 2.997920e+00 3.038822e+00 3.061351e+00 3.069596e+00 3.069581e+00 3.248109e+00 3.182738e+00 3.296576e+00 3.311422e+00 3.369276e+00 3.428522e+00 3.477757e+00 3.513037e+00 3.544394e+00 3.694094e+00 3.681737e+00 3.724667e+00 3.676416e+00 2.047978e+00 2.052720e+00 2.048278e+00
-9.999000e+03 -9.999000e+03 -9.999000e+03 0.000000e+00 1.922512e+00 1.542151e+00 0.000000e+00 5.591960e-01 0.000000e+00 8.733960e-01 2.667006e+00 1.278987e+00 0.000000e+00 6.261294e-01 1.070968e+00 1.404469e+00 1.663851e+00 1.761608e+00 1.795544e+00 1.810384e+00 4.324217e+00 7.337296e-01 1.292109e+00 1.695551e+00 1.950965e+00 2.078395e+00 2.276131e+00 2.382481e+00 2.480887e+00 2.650808e+00 2.738809e+00 2.792819e+00 2.826009e+00 2.842418e+00 2.847140e+00 3.104670e+00 2.997525e+00 3.150414e+00 3.144758e+00 3.199871e+00 3.259840e+00 3.313260e+00 3.349839e+00 3.379845e+00 3.581690e+00 3.540308e+00 3.586533e+00 3.512109e+00 1.482077e+00 1.486730e+00 1.486255e+00 1.479992e+00
-9.999000e+03 -9.999000e+03 -9.999000e+03 0.000000e+00 1.799332e+00 5.207735e-01 0.000000e+00 0.000000e+00 4.921807e-01 5.153108e-01 1.713560e+00 1.051120e+00 0.000000e+00 5.813981e-01 1.001853e+00 1.333734e+00 1.445188e+00 1.490397e+00 1.508591e+00 4.283709e+00 0.000000e+00 6.959041e-01 1.197162e+00 1.507595e+00 1.634848e+00 1.876061e+00 1.989166e+00 2.094641e+00 2.310316e+00 2.418432e+00 2.487198e+00 2.531653e+00 2.554923e+00 2.561747e+00 2.925924e+00 2.756324e+00 2.967901e+00 2.940067e+00 2.999631e+00 3.058112e+00 3.110907e+00 3.149848e+00 3.181647e+00 3.458390e+00 3.378642e+00 3.427440e+00 3.315074e+00 8.072377e-01 8.118321e-01 8.125210e-01 8.097272e-01 1.575202e+01
-9.999000e+03 -9.999000e+03 5.355870e+00 0.000000e+00 5.260636e-01 4.615528e-01 0.000000e+00 0.000000e+00 0.000000e+00 0.000000e+00 1.191838e+00 8.034498e-01 0.000000e+00 5.355020e-01 9.481703e-01 1.056950e+00 1.095332e+00 1.112286e+00 2.265446e+00 1.508301e+00 0.000000e+00 6.393418e-01 1.027877e+00 1.141914e+00 1.433828e+00 1.543867e+00 1.650493e+00 1.920080e+00 2.040890e+00 2.122041e+00 2.179169e+00 2.211456e+00 2.219561e+00 2.724831e+00 2.461750e+00 2.750647e+00 2.680677e+00 2.750741e+00 2.817846e+00 2.868648e+00 2.902256e+00 2.933029e+00 3.311131e+00 3.179734e+00 3.236261e+00 3.079921e+00 0.000000e+00 0.000000e+00 0.000000e+00 0.000000e+00 1.609739e+01 3.397844e+00
-9.999000e+03 -9.999000e+03 7.921931e+00 5.891282e-01 0.000000e+00 0.000000e+00 0.000000e+00 0.000000e+00 5.227719e-01 8.156921e-01 0.000000e+00 4.861893e-01 0.000000e+00 5.124211e-01 5.886066e-01 6.167194e-01 6.182391e-01 6.304767e-01 6.505509e-01 1.172638e+00 0.000000e+00 5.189098e-01 6.002795e-01 9.693028e-01 1.062435e+00 1.153898e+00 1.489773e+00 1.611297e+00 1.692261e+00 1.755419e+00 1.796626e+00 1.811487e+00 2.511526e+00 2.119179e+00 2.515814e+00 2.375154e+00 2.447450e+00 2.523925e+00 2.580823e+00 2.609469e+00 2.632345e+00 3.138677e+00 2.928585e+00 2.993576e+00 2.787631e+00 2.797484e+00 3.094356e+00 3.335896e+00 1.268925e+01 1.633127e+01 3.154093e+00 3.153500e+00
-9.999000e+03 0.000000e+00 7.482118e+00 1.078973e+00 0.000000e+00 0.000000e+00 0.000000e+00 0.000000e+00 -9.999000e+03 -9.999000e+03 -9.999000e+03 0.000000e+00 0.000000e+00 0.000000e+00 0.000000e+00 0.000000e+00 0.000000e+00 0.000000e+00 0.000000e+00 0.000000e+00 0.000000e+00 0.000000e+00 4.888927e-01 5.558223e-01 6.170715e-01 1.035320e+00 1.137612e+00 1.202080e+00 1.256530e+00 1.296798e+00 1.315189e+00 2.282536e+00 1.722437e+00 2.272039e+00 2.026938e+00 2.094669e+00 2.172671e+00 2.234507e+00 2.261707e+00 2.276182e+00 2.947458e+00 2.622884e+00 2.690488e+00 2.423736e+00 2.432084e+00 3.226458e+00 6.218399e+00 9.141114e+00 3.637454e+00 2.844931e+00 2.847077e+00 2.844745e+00
-9.999000e+03 3.545377e+00 1.382678e+00 0.000000e+00 0.000000e+00 0.000000e+00 -9.999000e+03 -9.999000e+03 -9.999000e+03 -9.999000e+03 -9.999000e+03 -9.999000e+03 0.000000e+00 0.000000e+00 5.748723e-01 9.777530e-01 0.000000e+00 6.181726e-01 1.071269e+00 1.364043e+00 0.000000e+00 0.000000e+00 0.000000e+00 0.000000e+00 5.556491e-01 6.184536e-01 6.500514e-01 6.802645e-01 7.068214e-01 7.191496e-01 2.033339e+00 1.249727e+00 2.020168e+00 1.627354e+00 1.684712e+00 1.756756e+00 1.817636e+00 1.846043e+00 1.854631e+00 2.737868e+00 2.256305e+00 2.321546e+00 1.977087e+00 1.986096e+00 2.982972e+00 2.415822e+00 2.428146e+00 3.505732e+00 2.458959e+00 2.465905e+00 2.462999e+00 3.440167e+00
0.000000e+00 2.392381e+00 4.794406e-01 0.000000e+00 0.000000e+00 0.000000e+00 -9.999000e+03 -9.999000e+03 -9.999000e+03 -9.999000e+03 -9.999000e+03 -9.999000e+03 -9.999000e+03 -9.999000e+03 -9.999000e+03 0.000000e+00 1.258593e+00 0.000000e+00 0.000000e+00 0.000000e+00 1.891749e+00 -9.999000e+03 -9.999000e+03 0.000000e+00 0.000000e+00 0.000000e+00 0.000000e+00 0.000000e+00 0.000000e+00 1.772094e+00 6.828602e-01 1.756633e+00 1.166837e+00 1.207242e+00 1.265795e+00 1.318042e+00 1.341922e+00 1.350944e+00 2.513787e+00 1.823811e+00 1.877277e+00 1.435088e+00 1.444382e+00 2.687417e+00 1.967617e+00 1.971154e+00 3.356911e+00 1.990567e+00 1.997808e+00 1.999064e+00 3.235934e+00 2.414729e+00
0.000000e+00 0.000000e+00 0.000000e+00 0.000000e+00 0.000000e+00 -9.999000e+03 -9.999000e+03 -9.999000e+03 -9.999000e+03 -9.999000e+03 -9.999000e+03 -9.999000e+03 -9.999000e+03 -9.999000e+03 -9.999000e+03 -9.999000e+03 -9.999000e+03 -9.999000e+03 -9.999000e+03 -9.999000e+03 -9.999000e+03 -9.999000e+03 -9.999000e+03 0.000000e+00 0.000000e+00 0.000000e+00 6.255684e-01 1.098508e+00 1.477909e+00 0.000000e+00 1.483514e+00 6.330815e-01 6.548934e-01 6.876404e-01 7.231189e-01 7.379172e-01 7.413689e-01 2.266288e+00 1.321720e+00 1.354072e+00 7.838732e-01 7.923300e-01 2.328499e+00 1.431286e+00 1.432269e+00 3.195541e+00 1.438059e+00 1.441231e+00 1.442516e+00 2.997636e+00 1.953407e+00 3.541736e+00
-9.999000e+03 0.000000e+00 0.000000e+00 0.000000e+00 -9.999000e+03 -9.999000e+03 -9.999000e+03 -9.999000e+03 -9.999000e+03 -9.999000e+03 -9.999000e+03 -9.999000e+03 -9.999000e+03 -9.999000e+03 -9.999000e+03 -9.999000e+03 -9.999000e+03 -9.999000e+03 -9.999000e+03 -9.999000e+03 -9.999000e+03 -9.999000e+03 -9.999000e+03 -9.999000e+03 -9.999000e+03 -9.999000e+03 0.000000e+00 0.000000e+00 6.728857e-01 1.165883e+00 0.000000e+00 0.000000e+00 0.000000e+00 0.000000e+00 0.000000e+00 0.000000e+00 1.983893e+00 7.243925e-01 7.424452e-01 0.000000e+00 0.000000e+00 1.895936e+00 7.849075e-01 7.874029e-01 3.013817e+00 7.893629e-01 7.896946e-01 7.884728e-01 2.714179e+00 1.416030e+00 3.475092e+00 8.015361e-01
-9.999000e+03 -9.999000e+03 -9.999000e+03 -9.999000e+03 -9.999000e+03 -9.999000e+03 -9.999000e+03 -9.999000e+03 -9.999000e+03 -9.999000e+03 -9.999000e+03 -9.999000e+03 -9.999000e+03 -9.999000e+03 -9.999000e+03 -9.999000e+03 -9.999000e+03 -9.999000e+03 -9.999000e+03 -9.999000e+03 -9.999000e+03 -9.999000e+03 -9.999000e+03 -9.999000e+03 -9.999000e+03 -9.999000e+03 -9.999000e+03 -9.999000e+03 0.000000e+00 6.606472e-01 0.000000e+00 0.000000e+00 0.000000e+00 6.703559e-01 1.215618e+00 1.653880e+00 0.000000e+00 0.000000e+00 0.000000e+00 7.583645e-01 1.380099e+00 0.000000e+00 0.000000e+00 2.795026e+00 0.000000e+00 0.000000e+00 0.000000e+00 2.375114e+00 7.756324e-01 3.416387e+00 0.000000e+00 0.000000e+00
-9.999000e+03 -9.999000e+03 -9.999000e+03 -9.999000e+03 -9.999000e+03 -9.999000e+03 -9.999000e+03 -9.999000e+03 -9.999000e+03 -9.999000e+03 -9.999000e+03 -9.999000e+03 -9.999000e+03 -9.999000e+03 -9.999000e+03 -9.999000e+03 -9.999000e+03 -9.999000e+03 -9.999000e+03 -9.999000e+03 -9.999000e+03 -9.999000e+03 -9.999000e+03 -9.999000e+03 -9.999000e+03 -9.999000e+03 -9.999000e+03 -9.999000e+03 -9.999000e+03 0.000000e+00 1.093445e+00 6.067976e-01 6.291359e-01 0.000000e+00 0.000000e+00 0.000000e+00 0.000000e+00 0.000000e+00 7.359077e-01 1.329482e+00 1.816832e+00 2.214686e+00 2.535021e+00 0.000000e+00 7.853510e-01 1.426594e+00 1.952951e+00 0.000000e+00 3.352200e+00 0.000000e+00 7.894559e-01 1.445531e+00
-9.999000e+03 -9.999000e+03 -9.999000e+03 -9.999000e+03 -9.999000e+03 -9.999000e+03 -9.999000e+03 -9.999000e+03 -9.999000e+03 -9.999000e+03 -9.999000e+03 -9.999000e+03 -9.999000e+03 -9.999000e+03 -9.999000e+03 -9.999000e+03 -9.999000e+03 -9.999000e+03 -9.999000e+03 -9.999000e+03 -9.999000e+03 -9.999000e+03 -9.999000e+03 -9.999000e+03 -9.999000e+03 -9.999000e+03 -9.999000e+03 -9.999000e+03 -9.999000e+03 -9.999000e+03 6.201410e-01 -9.999000e+03 -9.999000e+03 -9.999000e+03 -9.999000e+03 -9.999000e+03 -9.999000e+03 -9.999000e+03 0.000000e+00 7.502733e-01 1.350395e+00 1.831697e+00 2.208848e+00 2.509242e+00 2.759335e+00 2.968438e+00 3.139573e+00 3.270177e+00 0.000000e+00 7.691328e-01 1.410847e+00 1.954997e+00
-9.999000e+03 -9.999000e+03 -9.999000e+03 -9.999000e+03 -9.999000e+03 -9.999000e+03 -9.999000e+03 -9.999000e+03 -9.999000e+03 -9.999000e+03 -9.999000e+03 -9.999000e+03 -9.999000e+03 -9.999000e+03 -9.999000e+03 -9.999000e+03 -9.999000e+03 -9.999000e+03 -9.999000e+03 -9.999000e+03 -9.999000e+03 -9.999000e+03 -9.999000e+03 -9.999000e+03 -9.999000e+03 -9.999000e+03 -9.999000e+03 -9.999000e+03 -9.999000e+03 -9.999000e+03 -9.999000e+03 -9.999000e+03 -9.999000e+03 -9.999000e+03 -9.999000e+03 -9.999000e+03 -9.999000e+03 -9.999000e+03 -9.999000e+03 -9.999000e+03 -9.999000e+03 0.000000e+00 0.000000e+00 0.000000e+00 7.744564e-01 1.406509e+00 1.922338e+00 2.329742e+00 2.629629e+00 2.858126e+00 3.056951e+00 3.231881e+00
-9.999000e+03 -9.999000e+03 -9.999000e+03 -9.999000e+03 -9.999000e+03 -9.999000e+03 -9.999000e+03 -9.999000e+03 -9.999000e+03 -9.999000e+03 -9.999000e+03 -9.999000e+03 -9.999000e+03 -9.999000e+03 -9.999000e+03 -9.999000e+03 -9.999000e+03 -9.999000e+03 -9.999000e+03 -9.999000e+03 -9.999000e+03 -9.999000e+03 -9.999000e+03 -9.999000e+03 -9.999000e+03 -9.999000e+03 -9.999000e+03 -9.999000e+03 -9.999000e+03 -9.999000e+03 -9.999000e+03 -9.999000e+03 -9.999000e+03 -9.999000e+03 -9.999000e+03 -9.999000e+03 -9.999000e+03 -9.999000e+03 -9.999000e+03 -9.999000e+03 -9.999000e+03 -9.999000e+03 -9.999000e+03 -9.999000e+03 0.000000e+00 0.000000e+00 7.814116e-01 1.404604e+00 0.000000e+00 7.697220e-01 1.415386e+00 1.955077e+00
-9.999000e+03 -9.999000e+03 -9.999000e+03 -9.999000e+03 -9.999000e+03 -9.999000e+03 -9.999000e+03 -9.999000e+03 -9.999000e+03 -9.999000e+03 -9.999000e+03 -9.999000e+03 -9.999000e+03 -9.999000e+03 -9.999000e+03 -9.999000e+03 -9.999000e+03 -9.999000e+03 -9.999000e+03 -9.999000e+03 -9.999000e+03 -9.999000e+03 -9.999000e+03 -9.999000e+03 -9.999000e+03 -9.999000e+03 -9.999000e+03 -9.999000e+03 -9.999000e+03 -9.999000e+03 -9.999000e+03 -9.999000e+03 -9.999000e+03 -9.999000e+03 -9.999000e+03 -9.999000e+03 -9.999000e+03 -9.999000e+03 -9.999000e+03 -9.999000e+03 -9.999000e+03 -9.999000e+03 -9.999000e+03 -9.999000e+03 -9.999000e+03 -9.999000e+03 -9.999000e+03 -9.999000e+03 -9.999000e+03 -9.999000e+03 0.000000e+00 7.945944e-01
-9.999000e+03 -9.999000e+03 -9.999000e+03 -9.999000e+03 -9.999000e+03 -9.999000e+03 -9.999000e+03 -9.999000e+03 -9.999000e+03 -9.999000e+03 -9.999000e+03 -9.999000e+03 -9.999000e+03 -9.999000e+03 -9.999000e+03 -9.999000e+03 -9.999000e+03 -9.999000e+03 -9.999000e+03 -9.999000e+03 -9.999000e+03 -9.999000e+03 -9.999000e+03 -9.999000e+03 -9.999000e+03 -9.999000e+03 -9.999000e+03 -9.999000e+03 -9.999000e+03 -9.999000e+03 -9.999000e+03 -9.999000e+03 -9.999000e+03 -9.999000e+03 -9.999000e+03 -9.999000e+03 -9.999000e+03 -9.999000e+03 -9.999000e+03 -9.999000e+03 -9.999000e+03 -9.999000e+03 -9.999000e+03 -9.999000e+03 -9.999000e+03 -9.999000e+03 -9.999000e+03 -9.999000e+03 -9.999000e+03 -9.999000e+03 -9.999000e+03 0.000000e+00
-9.999000e+03 -9.999000e+03 -9.999000e+03 -9.999000e+03 -9.999000e+03 -9.999000e+03 -9.999000e+03 -9.999000e+03 -9.999000e+03 -9.999000e+03 -9.999000e+03 -9.999000e+03 -9.999000e+03 -9.999000e+03 -9.999000e+03 -9.999000e+03 -9.999000e+03 -9.999000e+03 -9.999000e+03 -9.999000e+03 -9.999000e+03 -9.999000e+03 -9.999000e+03 -9.999000e+03 -9.999000e+03 -9.999000e+03 -9.999000e+03 -9.999000e+03 -9.999000e+03 -9.999000e+03 -9.999000e+03 -9.999000e+03 -9.999000e+03 -9.999000e+03 -9.999000e+03 -9.999000e+03 -9.999000e+03 -9.999000e+03 -9.999000e+03 -9.999000e+03 -9.999000e+03 -9.999000e+03 -9.999000e+03 -9.999000e+03 -9.999000e+03 -9.999000e+03 -9.999000e+03 -9.999000e+03 -9.999000e+03 -9.999000e+03 -9.999000e+03 -9.999000e+03
-9.999000e+03 -9.999000e+03 -9.999000e+03 -9.999000e+03 -9.999000e+03 -9.999000e+03 -9.999000e+03 -9.999000e+03 -9.999000e+03 -9.999000e+03 -9.999000e+03 -9.999000e+03 -9.999000e+03 -9.999000e+03 -9.999000e+03 -9.999000e+03 -9.999000e+03 -9.999000e+03 -9.999000e+03 -9.999000e+03 -9.999000e+03 -9.999000e+03 -9.999000e+03 -9.999000e+03 -9.999000e+03 -9.999000e+03 -9.999000e+03 -9.999000e+03 -9.999000e+03 -9.999000e+03 -9.999000e+03 -9.999000e+03 -9.999000e+03 -9.999000e+03 -9.999000e+03 -9.999000e+03 -9.999000e+03 -9.999000e+03 -9.999000e+03 -9.999000e+03 -9.999000e+03 -9.999000e+03 -9.999000e+03 -9.999000e+03 -9.999000e+03 -9.999000e+03 -9.999000e+03 -9.999000e+03 -9.999000e+03 -9.999000e+03 -9.999000e+03 -9.999000e+03
