tests/data/reference/test_implicit_stream_rill_mfda/control/cvin_m3.asc
ncols	123
nrows	77
xllcorner	-713746.79929998
yllcorner	-1061022.36961616
cellsize	10.0
NODATA_value	-9999
[rows 23 to 45 of 77, columns 52 to 103 of 123]
8.241938e-01 2.553434e+00 2.950576e+00 3.499240e+00 3.703063e+00 4.001913e+00 3.932413e+00 3.632290e+00 3.633626e+00 3.338571e+00 2.976111e+00 2.959937e+00 2.940458e+00 2.920010e+00 2.899478e+00 4.050448e+00 1.435002e+01 6.556868e+00 2.894998e+00 2.779594e+00 2.175267e+00 1.817620e+00 1.369598e+00 1.797853e+00 0.000000e+00 7.538799e-01 3.411018e+01 9.327669e+00 8.533660e+00 1.954288e+00 1.409831e+00 7.638359e-01 0.000000e+00 0.000000e+00 -9.999000e+03 -9.999000e+03 -9.999000e+03 -9.999000e+03 -9.999000e+03 -9.999000e+03 -9.999000e+03 -9.999000e+03 -9.999000e+03 -9.999000e+03 -9.999000e+03 -9.999000e+03 -9.999000e+03 -9.999000e+03 -9.999000e+03 -9.999000e+03 -9.999000e+03 -9.999000e+03
8.266480e-01 1.515274e+00 2.982023e+00 3.315922e+00 3.763594e+00 3.928455e+00 4.154761e+00 4.114737e+00 3.874963e+00 3.870369e+00 3.623821e+00 3.318632e+00 3.300274e+00 3.278170e+00 3.251931e+00 3.218895e+00 1.823561e+01 6.279920e+00 3.072128e+00 2.975530e+00 2.529235e+00 2.254570e+00 1.900024e+00 2.230113e+00 7.777073e-01 1.370381e+00 0.000000e+00 3.259551e+01 8.933327e+00 8.534943e+00 4.273260e+00 1.389632e+00 7.618519e-01 7.314500e-01 0.000000e+00 -9.999000e+03 -9.999000e+03 -9.999000e+03 -9.999000e+03 -9.999000e+03 -9.999000e+03 -9.999000e+03 -9.999000e+03 -9.999000e+03 -9.999000e+03 -9.999000e+03 -9.999000e+03 -9.999000e+03 -9.999000e+03 -9.999000e+03 -9.999000e+03 -9.999000e+03
2.588776e+00 1.523311e+00 2.111905e+00 3.348884e+00 3.623953e+00 3.983993e+00 4.114610e+00 4.282149e+00 4.257696e+00 4.067561e+00 4.059463e+00 3.855299e+00 3.600772e+00 3.578969e+00 3.548682e+00 3.509524e+00 2.139598e+01 5.963150e+00 3.223748e+00 3.154344e+00 2.838435e+00 2.634657e+00 2.355949e+00 2.607879e+00 1.422750e+00 1.888961e+00 7.642055e-01 3.102395e+01 0.000000e+00 8.448890e+00 1.294296e+01 1.901729e+00 1.381777e+00 1.328206e+00 7.209667e-01 0.000000e+00 0.000000e+00 0.000000e+00 -9.999000e+03 -9.999000e+03 -9.999000e+03 -9.999000e+03 -9.999000e+03 -9.999000e+03 -9.999000e+03 -9.999000e+03 -9.999000e+03 -9.999000e+03 -9.999000e+03 -9.999000e+03 -9.999000e+03 -9.999000e+03
8.375565e-01 3.023230e+00 2.122909e+00 2.622615e+00 3.658253e+00 3.878746e+00 4.160702e+00 4.259365e+00 4.380849e+00 4.367103e+00 4.219922e+00 4.208936e+00 4.040382e+00 3.825117e+00 3.792673e+00 3.751431e+00 2.472673e+01 5.624862e+00 3.360920e+00 3.320060e+00 3.108637e+00 2.964400e+00 2.747605e+00 2.936451e+00 1.970562e+00 2.334922e+00 1.402820e+00 2.942321e+01 7.715293e-01 7.915569e+00 1.273498e+01 2.294202e+00 1.887378e+00 1.839964e+00 1.337289e+00 7.523726e-01 7.278948e-01 0.000000e+00 7.255082e-01 0.000000e+00 -9.999000e+03 -9.999000e+03 -9.999000e+03 -9.999000e+03 -9.999000e+03 -9.999000e+03 -9.999000e+03 -9.999000e+03 -9.999000e+03 -9.999000e+03 -9.999000e+03 -9.999000e+03
1.541485e+00 0.000000e+00 3.396567e+00 2.634481e+00 3.053198e+00 3.909131e+00 4.079618e+00 4.295281e+00 4.370257e+00 4.458794e+00 4.451739e+00 4.337715e+00 4.320786e+00 4.177512e+00 3.992479e+00 3.950568e+00 2.859947e+01 5.271580e+00 3.483058e+00 3.469458e+00 3.339292e+00 3.243781e+00 3.077694e+00 3.216933e+00 2.435022e+00 2.719738e+00 1.951938e+00 2.780028e+01 1.415461e+00 7.347141e+00 1.244321e+01 2.599473e+00 2.295616e+00 2.268516e+00 1.859911e+00 1.371847e+00 0.000000e+00 0.000000e+00 7.354563e-01 1.297455e+00 7.225512e-01 0.000000e+00 -9.999000e+03 -9.999000e+03 -9.999000e+03 -9.999000e+03 -9.999000e+03 -9.999000e+03 -9.999000e+03 -9.999000e+03 -9.999000e+03 -9.999000e+03
2.147941e+00 8.391286e-01 3.708198e+00 3.059730e+00 0.000000e+00 3.405039e+00 4.105399e+00 4.236306e+00 4.400747e+00 4.456839e+00 4.518579e+00 4.512499e+00 4.421628e+00 4.397738e+00 4.275484e+00 4.115146e+00 3.269160e+01 4.910231e+00 3.585047e+00 3.595754e+00 3.525975e+00 3.468860e+00 3.344656e+00 3.447540e+00 2.824140e+00 3.049068e+00 2.424058e+00 2.615676e+01 1.968307e+00 6.761390e+00 1.209794e+01 2.856546e+00 2.622925e+00 2.605919e+00 2.278787e+00 1.875009e+00 7.565906e-01 7.429692e-01 0.000000e+00 1.310702e+00 1.745865e+00 3.179098e+00 0.000000e+00 0.000000e+00 -9.999000e+03 -9.999000e+03 -9.999000e+03 -9.999000e+03 -9.999000e+03 -9.999000e+03 -9.999000e+03 -9.999000e+03
2.667511e+00 1.537743e+00 3.963387e+00 3.411311e+00 0.000000e+00 8.194800e-01 3.691743e+00 4.259266e+00 4.359438e+00 4.482086e+00 4.521723e+00 4.561279e+00 4.551733e+00 4.476786e+00 4.445369e+00 4.336115e+00 4.190166e+00 3.724630e+01 3.671896e+00 3.703990e+00 3.678045e+00 3.650307e+00 3.559812e+00 3.635545e+00 3.148328e+00 3.329221e+00 2.829392e+00 2.448626e+01 2.443279e+00 6.163865e+00 1.170148e+01 3.076480e+00 2.886870e+00 2.867266e+00 2.605775e+00 2.276627e+00 1.359240e+00 1.334592e+00 7.419931e-01 0.000000e+00 1.769845e+00 5.020228e+00 1.887333e+00 0.000000e+00 0.000000e+00 -9.999000e+03 -9.999000e+03 -9.999000e+03 -9.999000e+03 -9.999000e+03 -9.999000e+03 -9.999000e+03
3.107811e+00 2.129768e+00 4.166568e+00 3.699535e+00 8.215298e-01 0.000000e+00 1.499305e+00 3.923781e+00 4.379137e+00 4.455998e+00 4.544254e+00 4.568920e+00 4.588317e+00 4.570899e+00 4.501683e+00 4.456562e+00 4.352576e+00 4.221846e+00 4.115991e+01 3.803512e+00 3.809818e+00 3.803494e+00 3.737959e+00 3.791042e+00 3.417728e+00 3.565769e+00 3.175122e+00 2.277527e+01 2.847464e+00 5.561619e+00 1.125081e+01 3.266255e+00 3.106076e+00 3.076143e+00 0.000000e+00 0.000000e+00 1.841234e+00 1.813022e+00 1.334426e+00 0.000000e+00 0.000000e+00 5.079008e+00 2.180057e+00 6.297731e-01 0.000000e+00 0.000000e+00 -9.999000e+03 -9.999000e+03 -9.999000e+03 -9.999000e+03 -9.999000e+03 -9.999000e+03
3.470374e+00 2.623233e+00 4.320649e+00 3.931181e+00 1.502787e+00 8.222559e-01 0.000000e+00 2.077332e+00 4.113332e+00 4.472845e+00 4.527547e+00 4.585142e+00 4.593198e+00 4.592012e+00 4.561069e+00 4.491217e+00 4.437904e+00 4.346561e+00 4.527666e+01 3.899707e+00 3.927167e+00 3.933823e+00 3.885127e+00 3.919380e+00 3.640517e+00 3.764542e+00 3.466993e+00 2.101703e+01 3.189285e+00 4.978319e+00 1.075176e+01 3.435736e+00 3.294309e+00 0.000000e+00 0.000000e+00 0.000000e+00 2.233503e+00 2.207191e+00 0.000000e+00 0.000000e+00 1.219049e+00 5.145701e+00 2.442532e+00 1.123040e+00 6.430932e-01 0.000000e+00 0.000000e+00 -9.999000e+03 -9.999000e+03 -9.999000e+03 -9.999000e+03 -9.999000e+03
3.751668e+00 3.023290e+00 4.427905e+00 4.111302e+00 0.000000e+00 2.079795e+00 1.505899e+00 8.271305e-01 2.573900e+00 4.262469e+00 4.534058e+00 4.565432e+00 4.593070e+00 4.583411e+00 4.565144e+00 4.528427e+00 4.467171e+00 4.416945e+00 4.931696e+01 3.996247e+00 4.033379e+00 4.044241e+00 4.005032e+00 4.024904e+00 3.824027e+00 3.930527e+00 3.709358e+00 1.922839e+01 3.475605e+00 4.468122e+00 1.021142e+01 3.593486e+00 0.000000e+00 0.000000e+00 0.000000e+00 0.000000e+00 2.565414e+00 0.000000e+00 0.000000e+00 1.054993e+00 1.704122e+00 5.112983e+00 0.000000e+00 0.000000e+00 1.132876e+00 6.678307e-01 6.478410e-01 0.000000e+00 0.000000e+00 -9.999000e+03 -9.999000e+03 -9.999000e+03
3.714684e+00 3.941776e+00 3.328079e+00 4.484444e+00 4.236850e+00 8.130158e-01 2.564307e+00 2.085027e+00 1.510771e+00 2.987053e+00 4.366444e+00 4.561968e+00 4.571628e+00 4.576254e+00 4.556438e+00 4.532250e+00 4.497903e+00 4.447600e+00 4.403849e+00 5.355181e+01 4.125754e+00 4.135082e+00 4.101619e+00 4.111799e+00 3.974772e+00 4.067674e+00 3.906014e+00 1.744772e+01 3.708545e+00 4.157757e+00 9.628068e+00 0.000000e+00 0.000000e+00 0.000000e+00 0.000000e+00 7.871530e-01 0.000000e+00 0.000000e+00 1.110966e+00 1.630123e+00 2.103279e+00 0.000000e+00 0.000000e+00 6.819499e-01 1.523779e+00 1.194884e+00 1.174678e+00 0.000000e+00 0.000000e+00 0.000000e+00 -9.999000e+03 -9.999000e+03
2.685123e+02 2.712054e+02 4.042222e+00 3.543913e+00 4.490262e+00 4.309423e+00 1.472831e+00 2.962213e+00 2.564930e+00 2.080874e+00 3.327078e+00 4.438206e+00 4.573148e+00 4.569432e+00 4.559821e+00 4.534275e+00 4.507144e+00 4.474696e+00 4.431910e+00 5.782585e+01 4.197927e+00 4.204806e+00 4.177644e+00 4.184409e+00 4.098563e+00 4.179411e+00 4.060173e+00 1.566971e+01 3.887692e+00 4.119680e+00 8.995123e+00 0.000000e+00 0.000000e+00 0.000000e+00 0.000000e+00 0.000000e+00 0.000000e+00 8.372762e-01 1.712339e+00 2.099532e+00 0.000000e+00 0.000000e+00 0.000000e+00 1.242419e+00 1.850350e+00 1.599297e+00 0.000000e+00 0.000000e+00 0.000000e+00 1.882392e+00 0.000000e+00 0.000000e+00
9.062874e+00 9.177951e+00 2.792832e+02 4.298295e+00 3.889151e+00 4.459679e+00 4.344220e+00 2.026755e+00 3.290727e+00 2.968347e+00 2.565699e+00 3.613218e+00 4.493478e+00 4.582895e+00 4.570271e+00 4.550273e+00 4.519413e+00 4.487726e+00 4.453448e+00 4.411590e+00 6.371396e+01 4.249233e+00 4.230652e+00 4.240063e+00 4.194331e+00 4.262668e+00 4.170204e+00 1.389150e+01 4.015174e+00 4.152736e+00 8.313234e+00 0.000000e+00 0.000000e+00 0.000000e+00 0.000000e+00 1.310949e+00 8.487162e-01 1.482463e+00 2.203120e+00 0.000000e+00 0.000000e+00 0.000000e+00 0.000000e+00 0.000000e+00 2.132151e+00 1.927779e+00 0.000000e+00 7.035907e-01 7.048694e-01 2.200224e+00 0.000000e+00 1.883138e+00
0.000000e+00 8.603469e-01 1.585824e+00 2.804665e+02 2.838733e+02 2.869844e+02 2.906301e+02 4.610216e+00 2.647595e+00 3.760999e+00 3.492772e+00 3.148080e+00 4.062007e+00 4.792702e+00 9.691746e+00 4.806658e+00 4.765900e+00 4.723947e+00 4.679900e+00 4.629809e+00 0.000000e+00 6.386299e+01 8.991587e+00 4.510798e+00 4.255240e+00 4.309276e+00 4.230271e+00 1.217412e+01 4.093560e+00 4.180588e+00 7.587964e+00 0.000000e+00 0.000000e+00 0.000000e+00 1.153370e+00 1.924219e+00 1.499278e+00 2.022217e+00 2.616594e+00 0.000000e+00 0.000000e+00 0.000000e+00 0.000000e+00 0.000000e+00 2.381604e+00 2.214450e+00 7.380379e-01 1.278543e+00 1.274296e+00 2.526844e+00 7.033522e-01 2.200340e+00
1.563953e+00 2.216042e+00 2.786239e+00 3.277588e+00 3.680156e+00 4.012629e+00 4.300314e+00 2.938530e+02 2.979473e+02 2.999321e+02 3.028295e+02 3.056257e+02 3.080989e+02 3.113498e+02 3.151551e+02 3.236949e+02 3.275614e+02 4.953834e+00 4.900955e+00 4.846234e+00 4.786424e+00 8.461463e-01 7.317776e+01 4.720503e+00 4.517782e+00 4.554545e+00 4.241416e+00 1.049854e+01 4.129978e+00 4.192414e+00 6.830733e+00 0.000000e+00 0.000000e+00 0.000000e+00 1.793192e+00 2.413492e+00 2.041728e+00 2.474225e+00 2.960804e+00 0.000000e+00 0.000000e+00 0.000000e+00 0.000000e+00 0.000000e+00 0.000000e+00 0.000000e+00 1.328800e+00 1.752663e+00 1.743220e+00 2.777347e+00 1.274018e+00 2.532075e+00
8.855578e-01 1.642542e+00 2.306481e+00 9.130468e+01 9.544232e+01 9.865431e+01 1.020283e+02 1.055651e+02 1.091075e+02 1.126584e+02 1.162404e+02 1.198798e+02 1.237739e+02 1.275393e+02 1.312922e+02 1.350485e+02 1.344997e+02 4.600165e+02 4.637353e+02 5.005820e+00 4.952656e+00 4.897587e+00 7.501749e+01 4.881997e+00 4.708448e+00 4.720691e+00 4.450153e+00 8.877710e+00 4.135907e+00 4.191808e+00 0.000000e+00 0.000000e+00 0.000000e+00 0.000000e+00 2.309556e+00 2.823793e+00 2.495753e+00 2.850005e+00 0.000000e+00 0.000000e+00 0.000000e+00 0.000000e+00 0.000000e+00 0.000000e+00 0.000000e+00 0.000000e+00 0.000000e+00 2.128598e+00 2.121672e+00 2.967281e+00 1.752853e+00 2.794019e+00
3.996595e+00 8.623158e+01 8.888152e+01 3.899891e+00 3.915929e+00 3.930284e+00 3.946215e+00 3.962147e+00 3.954744e+00 3.977391e+00 4.006286e+00 4.040179e+00 3.874800e+00 3.901549e+00 3.930502e+00 3.959636e+00 8.736332e+00 1.322905e+01 1.329314e+01 4.756381e+02 4.793964e+02 4.831883e+02 4.866665e+02 8.031155e+01 4.830071e+00 4.817665e+00 4.584055e+00 7.820831e+00 4.121732e+00 0.000000e+00 0.000000e+00 8.146697e-01 0.000000e+00 0.000000e+00 2.745324e+00 3.164394e+00 2.875739e+00 3.162255e+00 0.000000e+00 0.000000e+00 0.000000e+00 0.000000e+00 0.000000e+00 0.000000e+00 0.000000e+00 0.000000e+00 0.000000e+00 2.422474e+00 2.420359e+00 3.101650e+00 2.145749e+00 2.992510e+00
8.325742e+01 3.875621e+00 3.876120e+00 3.875886e+00 3.872562e+00 3.869785e+00 3.868583e+00 3.822982e+00 3.831087e+00 3.849625e+00 3.879840e+00 3.625797e+00 3.655375e+00 3.689248e+00 3.725755e+00 4.052664e+00 3.914689e+00 2.132072e+01 2.483019e+01 2.823142e+01 3.138456e+01 3.037880e+01 2.925182e+01 5.135326e+02 8.532763e+01 4.855850e+00 4.661741e+00 0.000000e+00 6.727881e+00 0.000000e+00 8.255093e-01 1.488509e+00 0.000000e+00 8.134923e-01 3.108786e+00 3.445109e+00 3.193574e+00 3.422312e+00 0.000000e+00 0.000000e+00 0.000000e+00 0.000000e+00 0.000000e+00 0.000000e+00 0.000000e+00 0.000000e+00 0.000000e+00 0.000000e+00 2.649772e+00 3.181970e+00 2.447917e+00 3.123804e+00
3.889895e+00 3.876846e+00 3.863148e+00 3.848029e+00 3.832775e+00 3.815114e+00 3.714234e+00 3.704017e+00 3.705321e+00 3.724666e+00 3.342412e+00 3.369299e+00 3.401221e+00 3.437321e+00 3.877600e+00 3.665539e+00 2.269484e+01 4.076994e+00 3.788632e+00 3.628982e+00 3.641485e+00 8.344510e+00 3.870847e+00 4.038342e+00 5.119003e+02 8.524109e+01 4.818889e+00 4.684922e+00 8.494556e-01 1.237523e+00 1.486161e+00 2.057467e+00 0.000000e+00 1.487682e+00 3.410418e+00 3.674271e+00 3.457819e+00 0.000000e+00 0.000000e+00 0.000000e+00 0.000000e+00 0.000000e+00 0.000000e+00 0.000000e+00 0.000000e+00 0.000000e+00 0.000000e+00 0.000000e+00 2.829563e+00 3.226827e+00 2.677618e+00 3.202481e+00
3.894322e+00 3.871857e+00 3.847686e+00 3.826082e+00 3.799991e+00 3.629458e+00 3.600826e+00 3.583897e+00 3.587986e+00 3.032586e+00 3.052211e+00 3.078360e+00 3.110051e+00 3.694358e+00 3.375659e+00 2.353950e+01 3.922019e+00 3.498129e+00 3.293866e+00 3.313808e+00 3.871744e+00 3.375329e+00 3.582923e+00 3.600527e+00 3.727271e+00 5.105761e+02 8.470526e+01 1.439957e+02 0.000000e+00 1.923547e+00 2.147238e+00 2.533332e+00 8.225549e-01 2.063748e+00 3.660425e+00 3.859013e+00 3.675289e+00 0.000000e+00 0.000000e+00 0.000000e+00 0.000000e+00 0.000000e+00 0.000000e+00 0.000000e+00 0.000000e+00 0.000000e+00 0.000000e+00 7.688961e-01 2.979970e+00 3.258984e+00 2.859838e+00 3.249084e+00
3.895664e+00 3.866524e+00 3.840436e+00 3.810208e+00 3.557600e+00 3.515418e+00 3.481536e+00 3.471905e+00 2.700509e+00 2.709161e+00 2.724440e+00 2.748725e+00 3.515572e+00 3.055311e+00 2.419448e+01 3.780199e+00 3.166340e+00 2.900403e+00 2.915533e+00 3.616749e+00 2.979143e+00 3.020291e+00 3.051390e+00 3.226390e+00 3.223681e+00 7.031158e+00 2.726968e+00 0.000000e+00 0.000000e+00 8.923962e-01 5.126598e+00 3.074260e+00 1.495227e+00 2.548392e+00 3.863253e+00 4.006577e+00 3.853680e+00 0.000000e+00 0.000000e+00 0.000000e+00 0.000000e+00 0.000000e+00 0.000000e+00 0.000000e+00 0.000000e+00 0.000000e+00 0.000000e+00 1.392203e+00 3.109204e+00 3.289480e+00 3.006635e+00 3.279732e+00
3.893612e+00 3.867578e+00 3.834063e+00 3.478970e+00 3.429914e+00 3.382777e+00 3.359494e+00 2.328783e+00 2.333448e+00 2.337734e+00 2.351429e+00 3.343791e+00 2.706462e+00 2.499926e+01 3.667887e+00 2.800374e+00 2.462157e+00 2.467778e+00 3.335225e+00 2.519245e+00 2.559901e+00 2.592215e+00 2.614849e+00 2.632710e+00 2.779544e+00 2.771814e+00 0.000000e+00 0.000000e+00 0.000000e+00 6.077722e+01 9.000000e+20 3.497345e+00 2.037057e+00 2.938123e+00 4.018891e+00 4.123268e+00 4.000966e+00 0.000000e+00 0.000000e+00 0.000000e+00 0.000000e+00 0.000000e+00 0.000000e+00 0.000000e+00 0.000000e+00 0.000000e+00 0.000000e+00 1.904770e+00 3.221203e+00 3.324343e+00 3.126215e+00 3.307865e+00
3.897171e+00 3.863921e+00 3.383560e+00 3.328749e+00 3.271921e+00 3.236348e+00 1.890325e+00 1.896744e+00 1.900054e+00 1.908147e+00 3.175614e+00 2.322904e+00 2.618904e+01 3.594064e+00 2.397096e+00 1.977472e+00 1.974929e+00 3.036602e+00 2.004344e+00 2.040619e+00 2.069487e+00 2.086465e+00 2.105895e+00 2.126414e+00 2.132107e+00 4.094278e+00 0.000000e+00 4.540206e-01 1.620259e+00 2.280203e+00 0.000000e+00 1.255984e+01 2.601914e+00 3.246920e+00 4.133541e+00 4.212833e+00 4.120796e+00 0.000000e+00 0.000000e+00 0.000000e+00 0.000000e+00 0.000000e+00 0.000000e+00 0.000000e+00 0.000000e+00 0.000000e+00 0.000000e+00 2.326239e+00 3.319410e+00 3.368481e+00 3.231155e+00 3.346908e+00
