tests/data/reference/test_implicit_stream_rill_mfda/control/cvin_m3.asc
ncols	123
nrows	77
xllcorner	-713746.79929998
yllcorner	-1061022.36961616
cellsize	10.0
NODATA_value	-9999
[rows 23 to 45 of 77, columns 52 to 103 of 123]
8.152948e-01 2.371953e+00 2.698626e+00 3.121526e+00 3.272011e+00 3.461311e+00 3.440827e+00 3.235988e+00 3.234050e+00 3.006305e+00 2.717364e+00 2.701501e+00 2.682094e+00 2.661384e+00 2.640089e+00 3.437919e+00 1.232442e+01 5.297478e+00 2.525540e+00 2.425858e+00 1.980280e+00 1.689160e+00 1.305058e+00 1.668641e+00 0.000000e+00 7.351099e-01 2.395831e+01 7.565941e+00 7.668168e+00 1.832258e+00 1.348438e+00 7.463076e-01 0.000000e+00 0.000000e+00 -9.999000e+03 -9.999000e+03 -9.999000e+03 -9.999000e+03 -9.999000e+03 -9.999000e+03 -9.999000e+03 -9.999000e+03 -9.999000e+03 -9.999000e+03 -9.999000e+03 -9.999000e+03 -9.999000e+03 -9.999000e+03 -9.999000e+03 -9.999000e+03 -9.999000e+03 -9.999000e+03
8.181213e-01 1.468179e+00 2.730365e+00 2.994844e+00 3.324303e+00 3.439806e+00 3.576616e+00 3.569151e+00 3.411433e+00 3.403526e+00 3.220795e+00 2.986346e+00 2.968461e+00 2.946739e+00 2.919871e+00 2.884203e+00 1.536298e+01 4.978476e+00 2.658622e+00 2.583224e+00 2.275218e+00 2.064980e+00 1.776450e+00 2.040268e+00 7.620298e-01 1.305144e+00 0.000000e+00 2.239120e+01 7.086272e+00 7.458930e+00 3.940886e+00 1.326392e+00 7.440721e-01 7.100066e-01 0.000000e+00 -9.999000e+03 -9.999000e+03 -9.999000e+03 -9.999000e+03 -9.999000e+03 -9.999000e+03 -9.999000e+03 -9.999000e+03 -9.999000e+03 -9.999000e+03 -9.999000e+03 -9.999000e+03 -9.999000e+03 -9.999000e+03 -9.999000e+03 -9.999000e+03 -9.999000e+03
2.408543e+00 1.477562e+00 2.005602e+00 3.026607e+00 3.234126e+00 3.485597e+00 3.571885e+00 3.666531e+00 3.661585e+00 3.541452e+00 3.531137e+00 3.386159e+00 3.198091e+00 3.176584e+00 3.145458e+00 3.103960e+00 1.790281e+01 4.630786e+00 2.772667e+00 2.727750e+00 2.528361e+00 2.383819e+00 2.168098e+00 2.357955e+00 1.363562e+00 1.762499e+00 7.467244e-01 2.078398e+01 0.000000e+00 6.519823e+00 1.123670e+01 1.773736e+00 1.317381e+00 1.259163e+00 6.983438e-01 0.000000e+00 0.000000e+00 0.000000e+00 -9.999000e+03 -9.999000e+03 -9.999000e+03 -9.999000e+03 -9.999000e+03 -9.999000e+03 -9.999000e+03 -9.999000e+03 -9.999000e+03 -9.999000e+03 -9.999000e+03 -9.999000e+03 -9.999000e+03 -9.999000e+03
8.306957e-01 2.772161e+00 2.017807e+00 2.446443e+00 3.266212e+00 3.422397e+00 3.606269e+00 3.665158e+00 3.727769e+00 3.725970e+00 3.638683e+00 3.626435e+00 3.510957e+00 3.355433e+00 3.321379e+00 3.278612e+00 2.054945e+01 4.283989e+00 2.879387e+00 2.862458e+00 2.745492e+00 2.653410e+00 2.494055e+00 2.627354e+00 1.850732e+00 2.144118e+00 1.341966e+00 1.918811e+01 7.550018e-01 5.928788e+00 1.081642e+01 2.089675e+00 1.757910e+00 1.712663e+00 1.271493e+00 7.334129e-01 7.060561e-01 0.000000e+00 7.034085e-01 0.000000e+00 -9.999000e+03 -9.999000e+03 -9.999000e+03 -9.999000e+03 -9.999000e+03 -9.999000e+03 -9.999000e+03 -9.999000e+03 -9.999000e+03 -9.999000e+03 -9.999000e+03 -9.999000e+03
1.498151e+00 0.000000e+00 3.074230e+00 2.458571e+00 2.800798e+00 3.448218e+00 3.559024e+00 3.688665e+00 3.730347e+00 3.773659e+00 3.773420e+00 3.708515e+00 3.689804e+00 3.591961e+00 3.459444e+00 3.416344e+00 2.326108e+01 3.950831e+00 2.974384e+00 2.981645e+00 2.924787e+00 2.873261e+00 2.758076e+00 2.849528e+00 2.247047e+00 2.464658e+00 1.832595e+00 1.759316e+01 1.355829e+00 5.328651e+00 1.036861e+01 2.322351e+00 2.094881e+00 2.076055e+00 1.735764e+00 1.307118e+00 0.000000e+00 0.000000e+00 7.144674e-01 1.224323e+00 7.001129e-01 0.000000e+00 -9.999000e+03 -9.999000e+03 -9.999000e+03 -9.999000e+03 -9.999000e+03 -9.999000e+03 -9.999000e+03 -9.999000e+03 -9.999000e+03 -9.999000e+03
2.045178e+00 8.325091e-01 3.313919e+00 2.805240e+00 0.000000e+00 3.073474e+00 3.579029e+00 3.657891e+00 3.750343e+00 3.779493e+00 3.806417e+00 3.802578e+00 3.749704e+00 3.723990e+00 3.640836e+00 3.527133e+00 2.599384e+01 3.650254e+00 3.049178e+00 3.076389e+00 3.060617e+00 3.038848e+00 2.958876e+00 3.022534e+00 2.565142e+00 2.730627e+00 2.239221e+00 1.598892e+01 1.849753e+00 4.744669e+00 9.916345e+00 2.519826e+00 2.352196e+00 2.342210e+00 2.083927e+00 1.745401e+00 7.381575e-01 7.228592e-01 0.000000e+00 1.238196e+00 1.606383e+00 3.135769e+00 0.000000e+00 0.000000e+00 -9.999000e+03 -9.999000e+03 -9.999000e+03 -9.999000e+03 -9.999000e+03 -9.999000e+03 -9.999000e+03 -9.999000e+03
2.493968e+00 1.493421e+00 3.499520e+00 3.078376e+00 0.000000e+00 8.098768e-01 3.285021e+00 3.675436e+00 3.732110e+00 3.795533e+00 3.813213e+00 3.825925e+00 3.815375e+00 3.769186e+00 3.736476e+00 3.659178e+00 3.552063e+00 2.859293e+01 3.112059e+00 3.155442e+00 3.167213e+00 3.166230e+00 3.112886e+00 3.157250e+00 2.819918e+00 2.949939e+00 2.576746e+00 1.437002e+01 2.258696e+00 4.190607e+00 9.427640e+00 2.688736e+00 2.552193e+00 2.535470e+00 2.337961e+00 2.075024e+00 1.291683e+00 1.264827e+00 7.217670e-01 0.000000e+00 1.631790e+00 5.049464e+00 1.926486e+00 0.000000e+00 0.000000e+00 -9.999000e+03 -9.999000e+03 -9.999000e+03 -9.999000e+03 -9.999000e+03 -9.999000e+03 -9.999000e+03
2.857271e+00 2.022740e+00 3.637372e+00 3.292508e+00 8.122281e-01 0.000000e+00 1.449405e+00 3.448563e+00 3.746315e+00 3.787633e+00 3.828488e+00 3.835333e+00 3.833883e+00 3.813225e+00 3.763639e+00 3.716019e+00 3.636889e+00 3.541047e+00 3.127688e+01 3.231415e+00 3.262267e+00 3.274687e+00 3.238754e+00 3.266556e+00 3.024300e+00 3.129398e+00 2.855102e+00 1.273231e+01 2.593502e+00 3.703315e+00 8.884602e+00 2.833801e+00 2.716080e+00 2.685983e+00 0.000000e+00 0.000000e+00 1.706803e+00 1.678356e+00 1.264785e+00 0.000000e+00 0.000000e+00 4.941066e+00 2.141306e+00 5.985790e-01 0.000000e+00 0.000000e+00 -9.999000e+03 -9.999000e+03 -9.999000e+03 -9.999000e+03 -9.999000e+03 -9.999000e+03
3.139919e+00 2.441097e+00 3.730930e+00 3.455191e+00 1.453344e+00 8.130638e-01 0.000000e+00 1.965679e+00 3.577735e+00 3.799232e+00 3.824394e+00 3.844082e+00 3.836937e+00 3.818799e+00 3.782591e+00 3.725923e+00 3.673226e+00 3.605936e+00 3.434150e+01 3.308800e+00 3.349573e+00 3.367300e+00 3.340761e+00 3.355007e+00 3.187521e+00 3.275700e+00 3.081788e+00 1.107453e+01 2.866368e+00 3.390605e+00 8.296213e+00 2.965458e+00 2.857816e+00 0.000000e+00 0.000000e+00 0.000000e+00 2.030237e+00 2.005988e+00 0.000000e+00 0.000000e+00 1.074763e+00 4.791147e+00 2.274996e+00 1.040523e+00 6.129050e-01 0.000000e+00 0.000000e+00 -9.999000e+03 -9.999000e+03 -9.999000e+03 -9.999000e+03 -9.999000e+03
3.339725e+00 2.759446e+00 3.782838e+00 3.571780e+00 0.000000e+00 1.967971e+00 1.457030e+00 8.186772e-01 2.392798e+00 3.672491e+00 3.823155e+00 3.829075e+00 3.825962e+00 3.803216e+00 3.772819e+00 3.734763e+00 3.687958e+00 3.644829e+00 3.752943e+01 3.390042e+00 3.430419e+00 3.445010e+00 3.421366e+00 3.425936e+00 3.317584e+00 3.394386e+00 3.262014e+00 9.454731e+00 3.086548e+00 3.346347e+00 7.677964e+00 3.092082e+00 0.000000e+00 0.000000e+00 0.000000e+00 0.000000e+00 2.299251e+00 0.000000e+00 0.000000e+00 1.001854e+00 1.516786e+00 4.606935e+00 0.000000e+00 0.000000e+00 1.049515e+00 6.397781e-01 6.180479e-01 0.000000e+00 0.000000e+00 -9.999000e+03 -9.999000e+03 -9.999000e+03
3.291054e+00 3.447373e+00 2.979964e+00 3.787646e+00 3.637365e+00 8.024671e-01 2.379767e+00 1.973874e+00 1.462269e+00 2.730064e+00 3.724716e+00 3.817746e+00 3.806798e+00 3.789266e+00 3.762031e+00 3.733475e+00 3.703449e+00 3.668509e+00 3.635688e+00 4.060286e+01 3.499252e+00 3.506938e+00 3.484052e+00 3.483951e+00 3.421372e+00 3.489396e+00 3.400609e+00 7.974251e+00 3.256119e+00 3.402763e+00 7.031984e+00 0.000000e+00 0.000000e+00 0.000000e+00 0.000000e+00 7.727904e-01 0.000000e+00 0.000000e+00 1.057584e+00 1.521309e+00 1.865418e+00 0.000000e+00 0.000000e+00 6.552134e-01 1.382233e+00 1.115549e+00 1.095779e+00 0.000000e+00 0.000000e+00 0.000000e+00 -9.999000e+03 -9.999000e+03
1.980663e+02 1.998885e+02 3.470146e+00 3.115215e+00 3.747729e+00 3.654679e+00 1.418465e+00 2.699844e+00 2.379187e+00 1.967443e+00 2.993879e+00 3.753707e+00 3.807337e+00 3.790460e+00 3.767910e+00 3.739966e+00 3.713359e+00 3.687264e+00 3.658093e+00 4.379907e+01 3.547044e+00 3.550170e+00 3.531537e+00 3.532936e+00 3.504763e+00 3.563852e+00 3.501402e+00 6.601977e+00 3.374603e+00 3.458434e+00 6.354641e+00 0.000000e+00 0.000000e+00 0.000000e+00 0.000000e+00 0.000000e+00 0.000000e+00 8.153093e-01 1.603342e+00 1.927430e+00 0.000000e+00 0.000000e+00 0.000000e+00 1.167612e+00 1.654417e+00 1.456737e+00 0.000000e+00 0.000000e+00 0.000000e+00 1.923678e+00 0.000000e+00 0.000000e+00
8.074489e+00 7.990921e+00 2.062987e+02 3.644636e+00 3.377793e+00 3.684101e+00 3.646097e+00 1.908146e+00 2.953584e+00 2.706954e+00 2.380464e+00 3.210802e+00 3.779302e+00 3.808463e+00 3.788747e+00 3.761970e+00 3.731299e+00 3.701752e+00 3.673250e+00 3.641686e+00 4.728256e+01 3.569113e+00 3.558813e+00 3.567306e+00 3.563875e+00 3.612374e+00 3.561578e+00 5.343926e+00 3.445977e+00 3.493440e+00 5.655277e+00 0.000000e+00 0.000000e+00 0.000000e+00 0.000000e+00 1.222875e+00 8.275909e-01 1.416199e+00 2.030990e+00 0.000000e+00 0.000000e+00 0.000000e+00 0.000000e+00 0.000000e+00 1.887031e+00 1.725939e+00 0.000000e+00 6.790280e-01 6.804371e-01 2.166325e+00 0.000000e+00 1.924178e+00
0.000000e+00 8.448779e-01 1.522750e+00 2.069399e+02 2.092960e+02 2.114340e+02 2.138129e+02 3.865183e+00 2.457750e+00 3.352060e+00 3.157597e+00 2.889453e+00 3.592924e+00 4.041810e+00 8.091634e+00 3.999199e+00 3.957101e+00 3.914953e+00 3.873173e+00 3.828894e+00 0.000000e+00 4.714478e+01 7.539160e+00 3.792223e+00 3.589513e+00 3.624322e+00 3.573993e+00 4.239414e+00 3.473576e+00 3.504287e+00 4.953640e+00 0.000000e+00 0.000000e+00 0.000000e+00 1.119493e+00 1.776527e+00 1.434063e+00 1.893426e+00 2.374862e+00 0.000000e+00 0.000000e+00 0.000000e+00 0.000000e+00 0.000000e+00 2.092230e+00 1.962126e+00 7.173471e-01 1.205829e+00 1.200705e+00 2.374227e+00 6.787653e-01 2.166469e+00
1.507355e+00 2.092088e+00 2.587756e+00 2.999167e+00 3.314533e+00 3.562923e+00 3.778095e+00 2.162926e+02 2.188578e+02 2.202528e+02 2.223767e+02 2.243393e+02 2.260796e+02 2.284003e+02 2.310459e+02 2.375470e+02 2.400528e+02 4.114171e+00 4.061286e+00 4.008351e+00 3.953068e+00 8.285783e-01 5.455144e+01 3.956965e+00 3.796981e+00 3.812965e+00 3.543084e+00 3.540455e+00 3.467795e+00 3.496775e+00 4.293902e+00 0.000000e+00 0.000000e+00 0.000000e+00 1.695827e+00 2.205282e+00 1.913187e+00 2.275197e+00 2.651738e+00 0.000000e+00 0.000000e+00 0.000000e+00 0.000000e+00 0.000000e+00 0.000000e+00 0.000000e+00 1.258812e+00 1.619127e+00 1.608641e+00 2.529632e+00 1.200626e+00 2.380526e+00
8.738914e-01 1.587950e+00 2.186910e+00 6.228125e+01 6.486806e+01 6.746365e+01 7.010491e+01 7.276135e+01 7.543004e+01 7.810083e+01 8.078337e+01 8.347190e+01 8.636588e+01 8.918013e+01 9.196850e+01 9.471664e+01 9.365251e+01 3.310052e+02 3.335613e+02 4.125510e+00 4.080407e+00 4.036337e+00 5.584704e+01 4.077508e+00 3.935079e+00 3.924640e+00 3.693437e+00 3.454962e+00 3.442836e+00 3.481221e+00 0.000000e+00 0.000000e+00 0.000000e+00 0.000000e+00 2.149131e+00 2.544389e+00 2.296214e+00 2.579490e+00 0.000000e+00 0.000000e+00 0.000000e+00 0.000000e+00 0.000000e+00 0.000000e+00 0.000000e+00 0.000000e+00 0.000000e+00 1.927739e+00 1.921613e+00 2.641382e+00 1.620240e+00 2.548913e+00
3.398287e+00 5.888651e+01 6.081305e+01 3.250365e+00 3.278259e+00 3.304548e+00 3.332385e+00 3.360041e+00 3.381719e+00 3.413387e+00 3.447122e+00 3.479945e+00 3.406736e+00 3.429918e+00 3.453854e+00 3.476528e+00 7.565724e+00 1.135182e+01 1.119428e+01 3.428678e+02 3.454017e+02 3.478931e+02 3.503880e+02 5.972991e+01 4.005672e+00 3.972242e+00 3.777653e+00 3.604180e+00 3.409429e+00 0.000000e+00 0.000000e+00 8.043713e-01 0.000000e+00 0.000000e+00 2.510038e+00 2.817606e+00 2.604805e+00 2.823302e+00 0.000000e+00 0.000000e+00 0.000000e+00 0.000000e+00 0.000000e+00 0.000000e+00 0.000000e+00 0.000000e+00 0.000000e+00 2.155858e+00 2.155566e+00 2.708299e+00 1.948726e+00 2.668231e+00
5.674127e+01 3.198696e+00 3.209306e+00 3.220567e+00 3.228295e+00 3.236066e+00 3.247579e+00 3.248877e+00 3.270789e+00 3.299774e+00 3.334082e+00 3.208946e+00 3.238213e+00 3.270739e+00 3.304585e+00 3.503219e+00 3.443905e+00 1.199880e+01 1.490579e+01 1.774714e+01 2.033826e+01 1.924598e+01 1.803390e+01 3.658127e+02 6.331582e+01 3.969082e+00 3.816181e+00 0.000000e+00 3.712398e+00 0.000000e+00 8.105148e-01 1.437032e+00 0.000000e+00 8.030156e-01 2.800881e+00 3.035290e+00 2.854381e+00 3.020358e+00 0.000000e+00 0.000000e+00 0.000000e+00 0.000000e+00 0.000000e+00 0.000000e+00 0.000000e+00 0.000000e+00 0.000000e+00 0.000000e+00 2.324719e+00 2.729879e+00 2.183097e+00 2.728333e+00
3.204673e+00 3.197367e+00 3.191608e+00 3.186371e+00 3.179703e+00 3.171829e+00 3.138271e+00 3.143380e+00 3.158613e+00 3.185695e+00 2.974255e+00 3.003408e+00 3.036605e+00 3.072444e+00 3.353779e+00 3.249850e+00 1.320426e+01 3.508876e+00 3.362670e+00 3.255968e+00 3.265467e+00 7.343188e+00 3.479332e+00 3.633337e+00 3.638443e+02 6.233224e+01 3.891660e+00 3.806853e+00 8.323792e-01 1.192768e+00 1.428045e+00 1.943259e+00 0.000000e+00 1.436198e+00 3.033827e+00 3.206302e+00 3.054734e+00 0.000000e+00 0.000000e+00 0.000000e+00 0.000000e+00 0.000000e+00 0.000000e+00 0.000000e+00 0.000000e+00 0.000000e+00 0.000000e+00 0.000000e+00 2.453128e+00 2.730594e+00 2.350311e+00 2.747338e+00
3.210151e+00 3.189782e+00 3.172132e+00 3.157176e+00 3.138755e+00 3.059662e+00 3.044542e+00 3.042505e+00 3.056225e+00 2.714802e+00 2.737367e+00 2.766909e+00 2.800215e+00 3.190281e+00 3.011666e+00 1.438927e+01 3.363359e+00 3.130058e+00 2.988187e+00 3.010283e+00 3.406379e+00 3.068679e+00 3.268694e+00 3.279031e+00 3.392367e+00 3.620667e+02 6.123460e+01 9.512798e+01 0.000000e+00 1.807242e+00 2.018733e+00 2.346465e+00 8.134081e-01 1.951338e+00 3.220518e+00 3.338132e+00 3.213178e+00 0.000000e+00 0.000000e+00 0.000000e+00 0.000000e+00 0.000000e+00 0.000000e+00 0.000000e+00 0.000000e+00 0.000000e+00 0.000000e+00 7.520209e-01 2.562971e+00 2.736356e+00 2.480739e+00 2.750268e+00
3.211788e+00 3.185264e+00 3.162138e+00 3.137967e+00 3.006836e+00 2.975009e+00 2.954810e+00 2.956350e+00 2.441542e+00 2.450708e+00 2.468707e+00 2.495455e+00 3.031105e+00 2.743547e+00 1.557335e+01 3.219104e+00 2.854331e+00 2.656230e+00 2.675024e+00 3.197669e+00 2.742474e+00 2.781994e+00 2.811308e+00 2.982245e+00 2.971555e+00 6.422276e+00 2.365291e+00 0.000000e+00 0.000000e+00 8.442376e-01 4.711552e+00 2.803474e+00 1.444059e+00 2.364412e+00 3.364824e+00 3.438925e+00 3.338774e+00 0.000000e+00 0.000000e+00 0.000000e+00 0.000000e+00 0.000000e+00 0.000000e+00 0.000000e+00 0.000000e+00 0.000000e+00 0.000000e+00 1.328655e+00 2.659545e+00 2.753629e+00 2.584884e+00 2.753291e+00
3.215814e+00 3.188888e+00 3.158882e+00 2.958047e+00 2.916741e+00 2.881327e+00 2.869460e+00 2.135997e+00 2.139876e+00 2.144401e+00 2.159061e+00 2.883837e+00 2.450658e+00 1.676662e+01 3.095664e+00 2.546807e+00 2.279240e+00 2.287419e+00 2.960533e+00 2.346349e+00 2.387976e+00 2.420484e+00 2.444778e+00 2.462780e+00 2.603206e+00 2.589630e+00 0.000000e+00 0.000000e+00 0.000000e+00 3.482354e+01 6.284979e+00 3.135431e+00 1.916242e+00 2.674499e+00 3.465485e+00 3.515265e+00 3.440257e+00 0.000000e+00 0.000000e+00 0.000000e+00 0.000000e+00 0.000000e+00 0.000000e+00 0.000000e+00 0.000000e+00 0.000000e+00 0.000000e+00 1.776614e+00 2.744186e+00 2.783204e+00 2.669486e+00 2.767615e+00
3.229798e+00 3.198519e+00 2.905146e+00 2.852626e+00 2.804618e+00 2.780028e+00 1.763672e+00 1.769947e+00 1.773821e+00 1.782159e+00 2.750588e+00 2.128979e+00 1.796635e+01 3.007564e+00 2.206844e+00 1.857528e+00 1.855558e+00 2.710794e+00 1.891422e+00 1.931134e+00 1.961309e+00 1.979940e+00 2.002519e+00 2.024453e+00 2.027764e+00 3.528713e+00 0.000000e+00 4.077281e-01 1.534055e+00 2.118074e+00 0.000000e+00 1.003427e+01 2.395054e+00 2.905020e+00 3.531099e+00 3.570072e+00 3.520292e+00 0.000000e+00 0.000000e+00 0.000000e+00 0.000000e+00 0.000000e+00 0.000000e+00 0.000000e+00 0.000000e+00 0.000000e+00 0.000000e+00 2.128058e+00 2.819146e+00 2.825732e+00 2.747728e+00 2.803747e+00
