tests/data/reference/test_implicit_stream_rill_mfda/control/cvin_m3.asc
ncols	123
nrows	77
xllcorner	-713746.79929998
yllcorner	-1061022.36961616
cellsize	10.0
NODATA_value	-9999
[rows 23 to 45 of 77, columns 0 to 51 of 123]
-9.999000e+03 -9.999000e+03 -9.999000e+03 -9.999000e+03 -9.999000e+03 -9.999000e+03 -9.999000e+03 -9.999000e+03 -9.999000e+03 -9.999000e+03 -9.999000e+03 -9.999000e+03 -9.999000e+03 -9.999000e+03 0.000000e+00 1.748729e+00 2.132877e+00 6.597892e-01 0.000000e+00 0.000000e+00 0.000000e+00 7.020087e-01 3.466328e-01 6.168057e+00 7.567041e+00 4.426558e+00 8.709167e+00 4.792978e+00 2.268707e+00 4.429002e+00 0.000000e+00 7.910054e-01 1.439717e+00 3.217928e+00 1.326747e+01 3.933023e+00 9.308561e+00 0.000000e+00 8.426252e+00 3.902955e+00 3.887940e+00 3.831566e+00 4.014287e+00 3.854969e+00 3.839227e+00 3.615605e+00 3.684583e+00 4.091844e+00 3.200620e+00 2.083324e+00 1.514284e+00 0.000000e+00
-9.999000e+03 -9.999000e+03 -9.999000e+03 -9.999000e+03 -9.999000e+03 -9.999000e+03 -9.999000e+03 -9.999000e+03 -9.999000e+03 -9.999000e+03 -9.999000e+03 -9.999000e+03 -9.999000e+03 -9.999000e+03 6.254049e-01 6.017018e+00 4.150620e+00 6.499435e-01 0.000000e+00 0.000000e+00 4.220697e-01 2.912823e+00 0.000000e+00 5.707184e-01 6.215972e+00 1.214878e+01 8.524677e+00 4.922056e+00 2.604883e+00 0.000000e+00 4.239831e+00 7.897299e-01 1.439209e+00 1.980982e+00 1.656163e+01 3.943239e+00 8.827566e+00 0.000000e+00 9.110830e+00 3.993965e+00 4.001525e+00 3.975281e+00 4.095682e+00 3.999643e+00 3.985748e+00 3.818556e+00 3.860762e+00 4.141924e+00 3.493614e+00 2.575484e+00 0.000000e+00 2.096365e+00
-9.999000e+03 -9.999000e+03 -9.999000e+03 -9.999000e+03 -9.999000e+03 -9.999000e+03 -9.999000e+03 -9.999000e+03 -9.999000e+03 -9.999000e+03 -9.999000e+03 -9.999000e+03 -9.999000e+03 -9.999000e+03 5.138671e+00 6.888786e-01 0.000000e+00 0.000000e+00 0.000000e+00 0.000000e+00 1.113612e+00 2.306056e+00 4.785577e+00 8.191435e-01 1.173542e+00 6.303755e+00 2.034149e+01 4.988400e+00 3.050783e+00 0.000000e+00 8.538290e-01 4.071985e+00 1.436751e+00 1.977996e+00 2.427021e+00 2.029982e+01 0.000000e+00 8.301816e+00 8.102067e-01 1.302124e+01 4.092707e+00 4.087895e+00 4.173103e+00 4.118526e+00 4.107173e+00 3.983375e+00 4.007186e+00 4.195600e+00 3.738990e+00 2.993459e+00 8.303802e-01 0.000000e+00
-9.999000e+03 -9.999000e+03 -9.999000e+03 -9.999000e+03 -9.999000e+03 -9.999000e+03 -9.999000e+03 -9.999000e+03 -9.999000e+03 -9.999000e+03 -9.999000e+03 -9.999000e+03 0.000000e+00 0.000000e+00 4.098998e+00 6.935584e-01 0.000000e+00 0.000000e+00 0.000000e+00 6.809048e-01 2.564744e+00 5.275737e+00 2.737187e+00 5.053658e+00 1.486543e+00 1.752714e+00 2.639767e+01 5.010489e+00 3.425264e+00 8.589621e-01 0.000000e+00 1.570902e+00 4.212815e+00 2.087638e+00 2.414568e+00 2.782857e+00 1.997247e+01 8.007777e-01 7.742505e+00 1.476723e+00 1.695555e+01 4.174242e+00 4.240266e+00 4.213340e+00 4.205322e+00 4.115680e+00 4.128769e+00 4.254284e+00 3.945300e+00 3.351058e+00 1.529353e+00 0.000000e+00
-9.999000e+03 -9.999000e+03 -9.999000e+03 -9.999000e+03 -9.999000e+03 -9.999000e+03 -9.999000e+03 -9.999000e+03 -9.999000e+03 -9.999000e+03 -9.999000e+03 -9.999000e+03 -9.999000e+03 0.000000e+00 6.294729e-01 5.611016e-01 0.000000e+00 0.000000e+00 7.856857e-01 2.995229e+00 2.572991e+00 2.738054e+00 8.323745e+00 1.149873e+01 1.677407e+01 1.863721e+01 2.063370e+01 2.599501e+01 4.982431e+00 3.726396e+00 1.566820e+00 8.537159e-01 2.176677e+00 4.329972e+00 2.616804e+00 2.910382e+00 3.069613e+00 1.970230e+01 1.462642e+00 7.151278e+00 1.890847e+01 4.236941e+00 4.292380e+00 4.284624e+00 4.281945e+00 4.221403e+00 4.231554e+00 4.318233e+00 4.120175e+00 3.657815e+00 2.131348e+00 8.443015e-01
-9.999000e+03 -9.999000e+03 -9.999000e+03 -9.999000e+03 -9.999000e+03 -9.999000e+03 -9.999000e+03 -9.999000e+03 -9.999000e+03 -9.999000e+03 -9.999000e+03 -9.999000e+03 -9.999000e+03 -9.999000e+03 -9.999000e+03 0.000000e+00 0.000000e+00 0.000000e+00 1.881109e+00 3.753618e+00 4.090578e+00 4.402715e+00 4.595616e+00 4.687862e+00 4.699769e+00 4.649170e+00 4.553684e+00 2.470972e+01 4.973767e+01 4.898434e+00 3.954187e+00 2.155724e+00 1.555195e+00 2.673388e+00 4.414936e+00 3.046712e+00 3.327498e+00 3.495820e+00 1.979103e+01 2.017398e+00 2.539113e+01 4.277645e+00 4.326349e+00 4.333093e+00 4.339463e+00 4.306999e+00 4.322158e+00 4.387703e+00 4.270576e+00 3.921339e+00 2.652802e+00 1.556098e+00
-9.999000e+03 -9.999000e+03 -9.999000e+03 -9.999000e+03 -9.999000e+03 -9.999000e+03 -9.999000e+03 -9.999000e+03 -9.999000e+03 -9.999000e+03 -9.999000e+03 -9.999000e+03 -9.999000e+03 -9.999000e+03 -9.999000e+03 -9.999000e+03 0.000000e+00 4.559170e-01 2.336460e+00 2.699749e+00 3.047921e+00 3.293482e+00 3.443437e+00 3.521355e+00 3.554014e+00 3.563019e+00 3.569034e+00 3.577852e+00 3.584273e+00 5.266083e+01 5.694183e+01 6.058170e+01 2.627890e+00 2.115530e+00 3.059408e+00 4.474965e+00 7.935513e+00 1.162721e+01 3.843419e+00 1.959841e+01 2.615508e+00 2.935828e+01 4.347749e+00 4.367564e+00 4.385881e+00 4.380078e+00 4.404913e+00 4.460402e+00 4.400492e+00 4.146780e+00 3.103738e+00 2.166773e+00
-9.999000e+03 -9.999000e+03 -9.999000e+03 -9.999000e+03 -9.999000e+03 -9.999000e+03 -9.999000e+03 -9.999000e+03 -9.999000e+03 -9.999000e+03 -9.999000e+03 -9.999000e+03 -9.999000e+03 -9.999000e+03 -9.999000e+03 -9.999000e+03 0.000000e+00 1.881828e+00 1.590725e+00 1.877216e+00 2.158535e+00 2.522150e+01 2.446460e+01 2.363449e+01 2.275103e+01 2.182452e+01 2.086207e+01 1.985875e+01 1.880169e+01 1.769624e+01 1.655739e+01 1.537649e+01 7.415507e+01 7.615976e+01 7.721291e+01 7.895987e+01 7.789820e+01 7.687002e+01 8.744166e+01 9.055844e+01 1.088750e+02 1.110071e+02 3.379538e+01 4.399591e+00 4.430681e+00 4.447918e+00 4.482921e+00 4.533630e+00 4.512622e+00 4.337970e+00 3.490731e+00 2.689524e+00
-9.999000e+03 -9.999000e+03 -9.999000e+03 -9.999000e+03 -9.999000e+03 -9.999000e+03 -9.999000e+03 -9.999000e+03 -9.999000e+03 -9.999000e+03 -9.999000e+03 -9.999000e+03 -9.999000e+03 -9.999000e+03 -9.999000e+03 0.000000e+00 1.881845e+00 1.554996e+00 1.612423e+01 1.808859e+01 2.347163e+01 2.754593e+00 5.839277e+00 8.888029e+00 8.828397e+00 1.486408e+01 1.776443e+01 2.067275e+01 2.026387e+01 1.978714e+01 1.925283e+01 1.865836e+01 1.799382e+01 1.724913e+01 1.640778e+01 1.548484e+01 4.720621e+01 4.817397e+01 4.982340e+01 5.271032e+01 5.555088e+01 5.830844e+01 1.676354e+02 2.005631e+02 2.041888e+02 4.698686e+00 9.043924e+00 4.597408e+00 4.604519e+00 4.494562e+00 3.814510e+00 3.127999e+00
-9.999000e+03 -9.999000e+03 -9.999000e+03 -9.999000e+03 -9.999000e+03 -9.999000e+03 -9.999000e+03 -9.999000e+03 -9.999000e+03 -9.999000e+03 -9.999000e+03 -9.999000e+03 -9.999000e+03 -9.999000e+03 0.000000e+00 1.880618e+00 1.271745e+01 1.490065e+01 2.565228e+00 6.818089e+00 2.458936e+00 2.593745e+00 2.729435e+00 3.002657e+00 6.086427e+00 2.870777e+00 2.989704e+00 2.980311e+00 3.053949e+00 3.130688e+00 3.418943e+00 1.545884e+01 1.844058e+01 2.148443e+01 2.447641e+01 3.319196e+01 1.392800e+00 1.923688e+00 3.273809e+00 3.151210e+00 3.008747e+00 3.044956e+00 7.194530e+00 1.077324e+01 1.428009e+01 2.174607e+02 2.213252e+02 2.294837e+02 4.636687e+00 9.283550e+00 4.071073e+00 3.479148e+00
-9.999000e+03 -9.999000e+03 -9.999000e+03 -9.999000e+03 -9.999000e+03 -9.999000e+03 -9.999000e+03 -9.999000e+03 -9.999000e+03 -9.999000e+03 -9.999000e+03 -9.999000e+03 -9.999000e+03 -9.999000e+03 0.000000e+00 1.010119e+01 2.843734e+00 2.499622e+00 7.891382e+00 2.276411e+00 2.456570e+00 2.637142e+00 2.735133e+00 2.803450e+00 2.769055e+00 2.969005e+00 2.909660e+00 2.954730e+00 6.066489e+00 9.138150e+00 1.204308e+01 2.828705e+00 3.103559e+00 3.215691e+00 9.330219e+00 7.785130e-01 1.415667e+00 3.099981e+00 2.905831e+00 2.695459e+00 2.714863e+00 3.277454e+00 2.788097e+00 2.829660e+00 3.030116e+00 6.604149e+00 9.686359e+00 1.276486e+01 2.441518e+02 2.479650e+02 2.563488e+02 4.239526e+00
-9.999000e+03 -9.999000e+03 -9.999000e+03 -9.999000e+03 -9.999000e+03 -9.999000e+03 -9.999000e+03 -9.999000e+03 -9.999000e+03 -9.999000e+03 -9.999000e+03 -9.999000e+03 -9.999000e+03 1.880342e+00 9.367321e+00 2.882740e+00 2.446276e+00 8.940165e+00 2.012845e+00 2.254739e+00 2.508520e+00 2.641136e+00 2.727562e+00 2.647849e+00 2.979416e+00 2.837511e+00 2.875630e+00 2.929109e+00 3.002367e+00 2.856624e+00 2.546442e+00 2.920950e+00 3.086754e+00 9.437951e+00 0.000000e+00 7.822935e-01 2.884503e+00 2.608103e+00 2.326536e+00 2.332029e+00 3.044125e+00 2.377332e+00 2.408064e+00 2.444080e+00 2.489828e+00 2.072326e+00 2.200678e+00 2.210787e+00 2.223454e+00 5.134518e+00 7.854612e+00 2.633248e+02
-9.999000e+03 -9.999000e+03 -9.999000e+03 -9.999000e+03 -9.999000e+03 -9.999000e+03 -9.999000e+03 -9.999000e+03 -9.999000e+03 -9.999000e+03 -9.999000e+03 -9.999000e+03 0.000000e+00 3.749229e+00 2.913920e+00 2.432225e+00 9.976242e+00 1.669286e+00 1.979941e+00 2.326582e+00 2.511205e+00 2.632552e+00 2.495558e+00 3.046950e+00 2.764092e+00 2.799912e+00 2.846983e+00 2.908481e+00 2.635515e+00 2.201174e+00 2.691557e+00 2.930225e+00 7.527287e+00 1.402716e+00 0.000000e+00 2.631554e+00 2.251153e+00 1.888532e+00 1.882857e+00 2.784981e+00 1.903018e+00 1.923810e+00 1.953726e+00 1.997321e+00 1.490590e+00 1.491126e+00 1.497635e+00 1.507002e+00 1.618498e+00 1.618538e+00 4.098367e+00 6.651971e+00
-9.999000e+03 -9.999000e+03 -9.999000e+03 -9.999000e+03 -9.999000e+03 -9.999000e+03 -9.999000e+03 -9.999000e+03 -9.999000e+03 -9.999000e+03 -9.999000e+03 -9.999000e+03 1.878530e+00 2.983567e+00 2.465206e+00 1.099495e+01 1.234973e+00 1.628746e+00 2.092226e+00 2.342182e+00 2.507966e+00 2.284656e+00 3.171780e+00 2.683470e+00 2.722292e+00 2.771537e+00 2.831783e+00 2.385207e+00 1.795072e+00 2.427107e+00 2.759813e+00 6.669593e+00 0.000000e+00 7.689929e-01 2.339554e+00 1.829859e+00 1.374090e+00 1.362914e+00 2.502129e+00 1.362963e+00 1.371734e+00 1.389851e+00 1.427621e+00 8.133420e-01 8.118639e-01 8.135929e-01 8.181976e-01 8.217801e-01 8.245987e-01 3.702357e+00 1.586263e+00 1.572340e+00
-9.999000e+03 -9.999000e+03 -9.999000e+03 -9.999000e+03 -9.999000e+03 -9.999000e+03 -9.999000e+03 -9.999000e+03 -9.999000e+03 -9.999000e+03 -9.999000e+03 0.000000e+00 3.744692e+00 2.553426e+00 1.200483e+01 6.855628e-01 1.191405e+00 1.808021e+00 2.143538e+00 2.366557e+00 1.999813e+00 3.341137e+00 2.584942e+00 2.632971e+00 2.692754e+00 2.759997e+00 2.094707e+00 1.317107e+00 2.121453e+00 2.577387e+00 2.085224e+00 4.081070e+00 0.000000e+00 2.006042e+00 1.327863e+00 7.624134e-01 7.511389e-01 2.187240e+00 7.445082e-01 7.459335e-01 7.499283e-01 7.684424e-01 0.000000e+00 0.000000e+00 0.000000e+00 0.000000e+00 0.000000e+00 0.000000e+00 3.470861e+00 8.142432e-01 8.063314e-01 8.061147e-01
-9.999000e+03 -9.999000e+03 -9.999000e+03 -9.999000e+03 -9.999000e+03 -9.999000e+03 -9.999000e+03 -9.999000e+03 -9.999000e+03 -9.999000e+03 0.000000e+00 1.876431e+00 2.675480e+00 1.301575e+01 0.000000e+00 6.568481e-01 1.477797e+00 1.925214e+00 2.226988e+00 1.640532e+00 3.537759e+00 2.477880e+00 2.534841e+00 2.609058e+00 2.686309e+00 1.735275e+00 7.351653e-01 1.753200e+00 2.360550e+00 1.727082e+00 1.698019e+00 1.661654e+00 1.635119e+00 7.250256e-01 0.000000e+00 0.000000e+00 1.817322e+00 0.000000e+00 0.000000e+00 0.000000e+00 0.000000e+00 0.000000e+00 7.963604e-01 1.458048e+00 2.010710e+00 2.474730e+00 2.866478e+00 3.196003e+00 0.000000e+00 0.000000e+00 0.000000e+00 0.000000e+00
-9.999000e+03 -9.999000e+03 -9.999000e+03 -9.999000e+03 -9.999000e+03 -9.999000e+03 -9.999000e+03 -9.999000e+03 -9.999000e+03 -9.999000e+03 0.000000e+00 2.847909e+00 1.287014e+01 6.468040e-01 0.000000e+00 1.103746e+00 1.696367e+00 2.105266e+00 1.200421e+00 3.744008e+00 2.376527e+00 2.438206e+00 2.527282e+00 2.609026e+00 1.289533e+00 0.000000e+00 1.297742e+00 2.087539e+00 1.281839e+00 1.266963e+00 1.234744e+00 1.207113e+00 0.000000e+00 0.000000e+00 7.508120e-01 1.350947e+00 0.000000e+00 7.309827e-01 1.293546e+00 1.737887e+00 0.000000e+00 0.000000e+00 7.940444e-01 1.451757e+00 1.997578e+00 2.451383e+00 2.829809e+00 3.145640e+00 3.408879e+00 3.622741e+00 3.786810e+00 3.910879e+00
-9.999000e+03 -9.999000e+03 -9.999000e+03 -9.999000e+03 -9.999000e+03 -9.999000e+03 -9.999000e+03 -9.999000e+03 -9.999000e+03 0.000000e+00 3.754891e+00 1.239803e+01 1.084605e+00 0.000000e+00 6.394275e-01 1.440686e+00 2.003772e+00 6.684444e-01 3.943250e+00 2.299583e+00 2.356990e+00 2.459779e+00 2.528184e+00 7.244226e-01 0.000000e+00 7.297457e-01 1.741507e+00 7.202937e-01 7.169103e-01 7.052750e-01 6.821098e-01 0.000000e+00 7.066299e-01 1.267971e+00 1.739199e+00 2.129521e+00 2.436084e+00 2.666290e+00 0.000000e+00 0.000000e+00 2.097952e+00 7.648357e-01 1.413458e+00 1.959453e+00 2.408994e+00 2.774773e+00 3.070676e+00 3.311680e+00 3.511858e+00 3.676512e+00 3.807565e+00 3.908880e+00
-9.999000e+03 -9.999000e+03 -9.999000e+03 -9.999000e+03 -9.999000e+03 -9.999000e+03 -9.999000e+03 -9.999000e+03 -9.999000e+03 0.000000e+00 1.133386e+01 1.737026e+00 6.331066e-01 0.000000e+00 1.100528e+00 1.890207e+00 0.000000e+00 4.119707e+00 2.256047e+00 2.305986e+00 2.428803e+00 2.448440e+00 0.000000e+00 0.000000e+00 7.316661e-01 1.301131e+00 0.000000e+00 0.000000e+00 0.000000e+00 0.000000e+00 0.000000e+00 6.835780e-01 1.230007e+00 1.685097e+00 2.071476e+00 2.395317e+00 2.657497e+00 0.000000e+00 2.829892e+00 7.443184e-01 7.627596e-01 2.428630e+00 2.728202e+00 2.988125e+00 3.201309e+00 3.370933e+00 3.505607e+00 3.613822e+00 3.704112e+00 3.780662e+00 7.747562e+01 8.022747e+01
-9.999000e+03 -9.999000e+03 -9.999000e+03 -9.999000e+03 -9.999000e+03 -9.999000e+03 -9.999000e+03 -9.999000e+03 1.877605e+00 3.745246e+00 9.112718e+00 1.491235e+00 0.000000e+00 6.404127e-01 1.721451e+00 1.942752e+00 4.229621e+00 2.237854e+00 2.288850e+00 2.459022e+00 2.371290e+00 7.139617e-01 1.269084e+00 1.711016e+00 2.067399e+00 1.417598e+01 1.600751e+01 1.539242e+01 1.470460e+01 1.393415e+01 1.306590e+01 1.212541e+01 1.114950e+01 1.014626e+01 9.119407e+00 8.068144e+00 6.991140e+00 8.753336e+00 8.391034e+00 1.029042e+01 1.090477e+01 1.203787e+01 1.172927e+01 1.136771e+01 1.094536e+01 1.046894e+01 9.949398e+00 9.389036e+00 8.787413e+00 7.480548e+01 3.936490e+00 3.923004e+00
-9.999000e+03 -9.999000e+03 -9.999000e+03 -9.999000e+03 -9.999000e+03 -9.999000e+03 -9.999000e+03 0.000000e+00 1.875993e+00 8.638510e+00 6.644996e-01 1.133121e+00 0.000000e+00 1.481598e+00 1.771724e+00 2.107493e+00 2.200487e+00 2.282436e+00 2.570478e+00 2.296323e+00 0.000000e+00 0.000000e+00 7.198002e-01 1.056107e+01 1.227644e+01 2.094951e+00 1.303346e+00 1.746611e+00 2.088193e+00 2.338721e+00 2.501011e+00 2.609896e+00 2.704777e+00 2.799531e+00 2.900460e+00 3.005879e+00 3.107869e+00 3.197595e+00 3.266881e+00 3.322282e+00 3.376139e+00 3.427941e+00 3.472915e+00 3.510660e+00 3.541332e+00 3.568345e+00 3.596769e+00 3.622769e+00 6.786454e+01 3.962432e+00 3.948297e+00 3.927300e+00
-9.999000e+03 -9.999000e+03 -9.999000e+03 -9.999000e+03 -9.999000e+03 -9.999000e+03 -9.999000e+03 0.000000e+00 2.235157e-01 8.506643e+00 0.000000e+00 6.449902e-01 1.130363e+00 1.521594e+00 1.988866e+00 2.121851e+00 2.243507e+00 2.749019e+00 2.210086e+00 2.304152e+00 4.778367e+00 7.189601e+00 9.568818e+00 1.739886e+00 1.743809e+00 7.284485e-01 0.000000e+00 7.352245e-01 1.307393e+00 1.752567e+00 2.085158e+00 2.338964e+00 2.548711e+00 2.726118e+00 2.876975e+00 3.004239e+00 3.994194e+01 4.217622e+01 4.441374e+01 4.665598e+01 4.891128e+01 5.118107e+01 5.347399e+01 5.226314e+01 5.107298e+01 4.978442e+01 6.291438e+01 6.550227e+01 3.974172e+00 3.968872e+00 3.950641e+00 3.931406e+00
-9.999000e+03 -9.999000e+03 -9.999000e+03 -9.999000e+03 -9.999000e+03 -9.999000e+03 -9.999000e+03 0.000000e+00 7.384948e+00 1.495701e+00 0.000000e+00 6.482425e-01 1.159577e+00 1.797237e+00 1.983343e+00 2.164569e+00 2.975103e+00 2.073721e+00 2.197207e+00 2.280264e+00 2.362532e+00 2.453792e+00 1.290843e+00 1.301371e+00 0.000000e+00 0.000000e+00 7.383028e-01 1.318955e+00 1.776357e+00 2.131639e+00 2.399093e+00 2.600068e+00 2.757519e+00 3.347984e+01 3.573787e+01 3.799888e+01 3.426311e+00 3.465954e+00 3.501499e+00 3.537427e+00 3.580676e+00 3.651849e+00 3.703161e+00 7.543913e+00 1.131164e+01 1.502441e+01 3.923411e+00 3.947886e+00 3.959126e+00 3.959391e+00 3.956587e+00 3.929281e+00
