tests/data/reference/test_implicit_stream_rill_mfda/control/cvin_m3.asc
ncols	123
nrows	77
xllcorner	-713746.79929998
yllcorner	-1061022.36961616
cellsize	10.0
NODATA_value	-9999
[rows 23 to 45 of 77, columns 0 to 51 of 123]
-9.999000e+03 -9.999000e+03 -9.999000e+03 -9.999000e+03 -9.999000e+03 -9.999000e+03 -9.999000e+03 -9.999000e+03 -9.999000e+03 -9.999000e+03 -9.999000e+03 -9.999000e+03 -9.999000e+03 -9.999000e+03 0.000000e+00 1.753111e+00 2.138684e+00 6.616334e-01 0.000000e+00 0.000000e+00 0.000000e+00 7.046498e-01 3.457210e-01 6.188282e+00 7.613838e+00 4.399962e+00 8.669221e+00 4.852034e+00 2.285978e+00 4.446250e+00 0.000000e+00 8.001651e-01 1.455557e+00 3.229503e+00 1.333274e+01 3.887162e+00 9.372575e+00 0.000000e+00 8.363631e+00 3.873372e+00 3.872223e+00 3.829956e+00 3.975560e+00 3.841526e+00 3.827265e+00 3.626548e+00 3.687159e+00 4.073193e+00 3.221898e+00 2.106752e+00 1.532647e+00 0.000000e+00
-9.999000e+03 -9.999000e+03 -9.999000e+03 -9.999000e+03 -9.999000e+03 -9.999000e+03 -9.999000e+03 -9.999000e+03 -9.999000e+03 -9.999000e+03 -9.999000e+03 -9.999000e+03 -9.999000e+03 -9.999000e+03 6.266699e-01 6.020539e+00 4.156363e+00 6.516159e-01 0.000000e+00 0.000000e+00 4.210875e-01 2.914315e+00 0.000000e+00 5.677361e-01 6.235475e+00 1.217342e+01 8.483819e+00 4.976573e+00 2.621043e+00 0.000000e+00 4.238268e+00 7.988455e-01 1.455028e+00 2.001137e+00 1.663656e+01 3.903049e+00 8.884973e+00 0.000000e+00 9.062613e+00 3.968083e+00 3.985000e+00 3.969791e+00 4.061631e+00 3.985225e+00 3.972317e+00 3.825219e+00 3.859117e+00 4.115146e+00 3.512464e+00 2.602305e+00 0.000000e+00 2.120408e+00
-9.999000e+03 -9.999000e+03 -9.999000e+03 -9.999000e+03 -9.999000e+03 -9.999000e+03 -9.999000e+03 -9.999000e+03 -9.999000e+03 -9.999000e+03 -9.999000e+03 -9.999000e+03 -9.999000e+03 -9.999000e+03 5.146653e+00 6.912617e-01 0.000000e+00 0.000000e+00 0.000000e+00 0.000000e+00 1.116433e+00 2.305046e+00 4.787333e+00 8.245293e-01 1.170422e+00 6.322428e+00 2.032267e+01 5.035221e+00 3.063672e+00 0.000000e+00 8.601863e-01 4.049473e+00 1.452485e+00 1.998101e+00 2.449269e+00 2.034219e+01 0.000000e+00 8.350553e+00 8.200226e-01 1.295359e+01 4.074706e+00 4.078420e+00 4.143000e+00 4.102879e+00 4.092139e+00 3.985272e+00 4.001304e+00 4.164057e+00 3.754210e+00 3.021615e+00 8.408996e-01 0.000000e+00
-9.999000e+03 -9.999000e+03 -9.999000e+03 -9.999000e+03 -9.999000e+03 -9.999000e+03 -9.999000e+03 -9.999000e+03 -9.999000e+03 -9.999000e+03 -9.999000e+03 -9.999000e+03 0.000000e+00 0.000000e+00 4.105619e+00 6.960324e-01 0.000000e+00 0.000000e+00 0.000000e+00 6.831353e-01 2.566922e+00 5.282954e+00 2.742259e+00 5.062640e+00 1.495137e+00 1.751323e+00 2.639814e+01 5.046249e+00 3.434021e+00 8.654709e-01 0.000000e+00 1.581651e+00 4.175715e+00 2.105621e+00 2.436672e+00 2.805076e+00 2.001889e+01 8.102641e-01 7.779747e+00 1.493842e+00 1.687312e+01 4.160686e+00 4.212620e+00 4.196065e+00 4.188391e+00 4.112484e+00 4.118693e+00 4.221021e+00 3.955884e+00 3.378608e+00 1.548163e+00 0.000000e+00
-9.999000e+03 -9.999000e+03 -9.999000e+03 -9.999000e+03 -9.999000e+03 -9.999000e+03 -9.999000e+03 -9.999000e+03 -9.999000e+03 -9.999000e+03 -9.999000e+03 -9.999000e+03 -9.999000e+03 0.000000e+00 6.308045e-01 5.614456e-01 0.000000e+00 0.000000e+00 7.839546e-01 2.992475e+00 2.571108e+00 2.734587e+00 8.327087e+00 1.151493e+01 1.680940e+01 1.868686e+01 2.068902e+01 2.599930e+01 5.003846e+00 3.730336e+00 1.577618e+00 8.600700e-01 2.189963e+00 4.283807e+00 2.635305e+00 2.931191e+00 3.089779e+00 1.989668e+01 1.479203e+00 7.173402e+00 1.890563e+01 4.219277e+00 4.265653e+00 4.265262e+00 4.262747e+00 4.212958e+00 4.217345e+00 4.285070e+00 4.125333e+00 3.683009e+00 2.156286e+00 8.553246e-01
-9.999000e+03 -9.999000e+03 -9.999000e+03 -9.999000e+03 -9.999000e+03 -9.999000e+03 -9.999000e+03 -9.999000e+03 -9.999000e+03 -9.999000e+03 -9.999000e+03 -9.999000e+03 -9.999000e+03 -9.999000e+03 -9.999000e+03 0.000000e+00 0.000000e+00 0.000000e+00 1.881119e+00 3.753851e+00 4.106105e+00 4.428540e+00 4.628292e+00 4.724281e+00 4.736718e+00 4.683224e+00 4.581026e+00 2.478783e+01 4.983107e+01 4.902786e+00 3.952863e+00 2.168790e+00 1.565671e+00 2.687415e+00 4.365668e+00 3.064017e+00 3.345599e+00 3.511799e+00 2.007058e+01 2.038712e+00 2.546268e+01 4.255953e+00 4.299239e+00 4.311199e+00 4.317640e+00 4.293301e+00 4.303908e+00 4.355214e+00 4.269806e+00 3.942653e+00 2.681834e+00 1.575903e+00
-9.999000e+03 -9.999000e+03 -9.999000e+03 -9.999000e+03 -9.999000e+03 -9.999000e+03 -9.999000e+03 -9.999000e+03 -9.999000e+03 -9.999000e+03 -9.999000e+03 -9.999000e+03 -9.999000e+03 -9.999000e+03 -9.999000e+03 -9.999000e+03 0.000000e+00 4.530224e-01 2.333662e+00 2.702030e+00 3.055171e+00 3.303219e+00 3.452930e+00 3.527764e+00 3.554540e+00 3.555229e+00 3.551365e+00 3.550622e+00 3.550204e+00 5.272721e+01 5.701429e+01 6.071530e+01 2.641297e+00 2.127903e+00 3.072413e+00 4.425948e+00 7.902151e+00 1.160928e+01 3.854386e+00 1.990887e+01 2.637763e+00 2.933370e+01 4.319228e+00 4.342721e+00 4.361097e+00 4.361280e+00 4.382813e+00 4.428389e+00 4.393622e+00 4.162984e+00 3.134920e+00 2.193151e+00
-9.999000e+03 -9.999000e+03 -9.999000e+03 -9.999000e+03 -9.999000e+03 -9.999000e+03 -9.999000e+03 -9.999000e+03 -9.999000e+03 -9.999000e+03 -9.999000e+03 -9.999000e+03 -9.999000e+03 -9.999000e+03 -9.999000e+03 -9.999000e+03 0.000000e+00 1.881818e+00 1.593760e+00 1.879768e+00 2.158476e+00 2.523157e+01 2.447128e+01 2.363890e+01 2.275375e+01 2.182598e+01 2.086246e+01 1.985822e+01 1.880006e+01 1.769198e+01 1.654737e+01 1.535621e+01 7.437627e+01 7.642534e+01 7.769317e+01 7.961671e+01 7.859999e+01 7.760094e+01 8.818409e+01 9.133637e+01 1.100147e+02 1.122054e+02 3.376013e+01 4.371487e+00 4.402728e+00 4.424366e+00 4.457287e+00 4.501655e+00 4.499861e+00 4.348208e+00 3.522250e+00 2.720342e+00
-9.999000e+03 -9.999000e+03 -9.999000e+03 -9.999000e+03 -9.999000e+03 -9.999000e+03 -9.999000e+03 -9.999000e+03 -9.999000e+03 -9.999000e+03 -9.999000e+03 -9.999000e+03 -9.999000e+03 -9.999000e+03 -9.999000e+03 0.000000e+00 1.881834e+00 1.562214e+00 1.620317e+01 1.815948e+01 2.349115e+01 2.754103e+00 5.828238e+00 8.860182e+00 8.798228e+00 1.479498e+01 1.768118e+01 2.056088e+01 2.015335e+01 1.967803e+01 1.914490e+01 1.855153e+01 1.788815e+01 1.714455e+01 1.630394e+01 1.537999e+01 4.707663e+01 4.806087e+01 4.972806e+01 5.263559e+01 5.553003e+01 5.834682e+01 1.689393e+02 2.018808e+02 2.055396e+02 4.667158e+00 8.987875e+00 4.565179e+00 4.586459e+00 4.498386e+00 3.844687e+00 3.161181e+00
-9.999000e+03 -9.999000e+03 -9.999000e+03 -9.999000e+03 -9.999000e+03 -9.999000e+03 -9.999000e+03 -9.999000e+03 -9.999000e+03 -9.999000e+03 -9.999000e+03 -9.999000e+03 -9.999000e+03 -9.999000e+03 0.000000e+00 1.880642e+00 1.275940e+01 1.495850e+01 2.546674e+00 6.775822e+00 2.463334e+00 2.593537e+00 2.720433e+00 2.987962e+00 6.051494e+00 2.861425e+00 2.959555e+00 2.960225e+00 3.032596e+00 3.108451e+00 3.394993e+00 1.537294e+01 1.836507e+01 2.140785e+01 2.438950e+01 3.316423e+01 1.407353e+00 1.942451e+00 3.270247e+00 3.161125e+00 3.024674e+00 3.061281e+00 7.204012e+00 1.079773e+01 1.432229e+01 2.189153e+02 2.227977e+02 2.309492e+02 4.604189e+00 9.258493e+00 4.098400e+00 3.512675e+00
-9.999000e+03 -9.999000e+03 -9.999000e+03 -9.999000e+03 -9.999000e+03 -9.999000e+03 -9.999000e+03 -9.999000e+03 -9.999000e+03 -9.999000e+03 -9.999000e+03 -9.999000e+03 -9.999000e+03 -9.999000e+03 0.000000e+00 1.012429e+01 2.854572e+00 2.481262e+00 7.861012e+00 2.284469e+00 2.460541e+00 2.631561e+00 2.723456e+00 2.788003e+00 2.764746e+00 2.934291e+00 2.890980e+00 2.935250e+00 6.025266e+00 9.075853e+00 1.198033e+01 2.839769e+00 3.102915e+00 3.203178e+00 9.385315e+00 7.872602e-01 1.430780e+00 3.099412e+00 2.919052e+00 2.713363e+00 2.732775e+00 3.278456e+00 2.807372e+00 2.850033e+00 3.050690e+00 6.646367e+00 9.753176e+00 1.285518e+01 2.457817e+02 2.496031e+02 2.579900e+02 4.262724e+00
-9.999000e+03 -9.999000e+03 -9.999000e+03 -9.999000e+03 -9.999000e+03 -9.999000e+03 -9.999000e+03 -9.999000e+03 -9.999000e+03 -9.999000e+03 -9.999000e+03 -9.999000e+03 -9.999000e+03 1.880374e+00 9.368367e+00 2.899261e+00 2.431443e+00 8.919142e+00 2.023210e+00 2.261910e+00 2.505958e+00 2.631306e+00 2.712877e+00 2.648361e+00 2.939073e+00 2.820004e+00 2.857317e+00 2.909575e+00 2.981547e+00 2.859035e+00 2.559991e+00 2.924625e+00 3.078000e+00 9.494490e+00 0.000000e+00 7.911607e-01 2.886828e+00 2.623449e+00 2.344892e+00 2.350102e+00 3.049746e+00 2.396075e+00 2.427575e+00 2.464801e+00 2.512507e+00 2.095211e+00 2.221565e+00 2.231979e+00 2.245105e+00 5.178297e+00 7.921211e+00 2.650681e+02
-9.999000e+03 -9.999000e+03 -9.999000e+03 -9.999000e+03 -9.999000e+03 -9.999000e+03 -9.999000e+03 -9.999000e+03 -9.999000e+03 -9.999000e+03 -9.999000e+03 -9.999000e+03 0.000000e+00 3.749588e+00 2.930899e+00 2.425671e+00 9.963006e+00 1.680261e+00 1.989066e+00 2.326746e+00 2.503073e+00 2.617906e+00 2.500114e+00 3.002707e+00 2.747096e+00 2.782316e+00 2.828192e+00 2.888504e+00 2.642342e+00 2.215971e+00 2.699413e+00 2.926350e+00 7.566766e+00 1.417235e+00 0.000000e+00 2.636612e+00 2.267182e+00 1.905607e+00 1.899483e+00 2.795103e+00 1.919786e+00 1.941031e+00 1.971780e+00 2.017050e+00 1.508081e+00 1.508588e+00 1.515285e+00 1.524974e+00 1.634350e+00 1.634470e+00 4.108090e+00 6.674464e+00
-9.999000e+03 -9.999000e+03 -9.999000e+03 -9.999000e+03 -9.999000e+03 -9.999000e+03 -9.999000e+03 -9.999000e+03 -9.999000e+03 -9.999000e+03 -9.999000e+03 -9.999000e+03 1.878612e+00 2.995503e+00 2.468794e+00 1.098878e+01 1.244550e+00 1.638327e+00 2.094877e+00 2.336118e+00 2.493215e+00 2.292252e+00 3.128755e+00 2.666134e+00 2.704672e+00 2.752900e+00 2.812488e+00 2.395640e+00 1.809499e+00 2.438345e+00 2.761262e+00 6.700671e+00 0.000000e+00 7.774253e-01 2.347044e+00 1.844854e+00 1.387881e+00 1.376222e+00 2.515850e+00 1.376119e+00 1.385093e+00 1.403654e+00 1.442613e+00 8.232621e-01 8.217345e-01 8.235216e-01 8.282861e-01 8.319972e-01 8.349190e-01 3.717511e+00 1.601278e+00 1.586877e+00
-9.999000e+03 -9.999000e+03 -9.999000e+03 -9.999000e+03 -9.999000e+03 -9.999000e+03 -9.999000e+03 -9.999000e+03 -9.999000e+03 -9.999000e+03 -9.999000e+03 0.000000e+00 3.745183e+00 2.564296e+00 1.200529e+01 6.915139e-01 1.199738e+00 1.812865e+00 2.140311e+00 2.352447e+00 2.009270e+00 3.304061e+00 2.566677e+00 2.614619e+00 2.673479e+00 2.741116e+00 2.107348e+00 1.329173e+00 2.134700e+00 2.583771e+00 2.097555e+00 4.102609e+00 0.000000e+00 2.015370e+00 1.339916e+00 7.706406e-01 7.590055e-01 2.202958e+00 7.521714e-01 7.536421e-01 7.577581e-01 7.768572e-01 0.000000e+00 0.000000e+00 0.000000e+00 0.000000e+00 0.000000e+00 0.000000e+00 3.490440e+00 8.241940e-01 8.160111e-01 8.157867e-01
-9.999000e+03 -9.999000e+03 -9.999000e+03 -9.999000e+03 -9.999000e+03 -9.999000e+03 -9.999000e+03 -9.999000e+03 -9.999000e+03 -9.999000e+03 0.000000e+00 1.876572e+00 2.688518e+00 1.302219e+01 0.000000e+00 6.620379e-01 1.484184e+00 1.925492e+00 2.215045e+00 1.650426e+00 3.508171e+00 2.458705e+00 2.515394e+00 2.588273e+00 2.667653e+00 1.748342e+00 7.425412e-01 1.766680e+00 2.370912e+00 1.739859e+00 1.710130e+00 1.672610e+00 1.645127e+00 7.320971e-01 0.000000e+00 0.000000e+00 1.832934e+00 0.000000e+00 0.000000e+00 0.000000e+00 0.000000e+00 0.000000e+00 8.056994e-01 1.474394e+00 2.031766e+00 2.498300e+00 2.890503e+00 3.218618e+00 0.000000e+00 0.000000e+00 0.000000e+00 0.000000e+00
-9.999000e+03 -9.999000e+03 -9.999000e+03 -9.999000e+03 -9.999000e+03 -9.999000e+03 -9.999000e+03 -9.999000e+03 -9.999000e+03 -9.999000e+03 0.000000e+00 2.857606e+00 1.287531e+01 6.517377e-01 0.000000e+00 1.110337e+00 1.700023e+00 2.097059e+00 1.209092e+00 3.721266e+00 2.357409e+00 2.418054e+00 2.504197e+00 2.590767e+00 1.300850e+00 0.000000e+00 1.309322e+00 2.100413e+00 1.292927e+00 1.277706e+00 1.244665e+00 1.216125e+00 0.000000e+00 0.000000e+00 7.586687e-01 1.364012e+00 0.000000e+00 7.382362e-01 1.305073e+00 1.751115e+00 0.000000e+00 0.000000e+00 8.033087e-01 1.467913e+00 2.018287e+00 2.474391e+00 2.853014e+00 3.167121e+00 3.426971e+00 3.636110e+00 3.794549e+00 3.912383e+00
-9.999000e+03 -9.999000e+03 -9.999000e+03 -9.999000e+03 -9.999000e+03 -9.999000e+03 -9.999000e+03 -9.999000e+03 -9.999000e+03 0.000000e+00 3.755117e+00 1.240308e+01 1.090797e+00 0.000000e+00 6.441813e-01 1.446658e+00 2.000080e+00 6.739355e-01 3.926075e+00 2.282185e+00 2.337378e+00 2.433700e+00 2.511153e+00 7.314761e-01 0.000000e+00 7.369609e-01 1.754952e+00 7.272259e-01 7.237462e-01 7.117725e-01 6.879648e-01 0.000000e+00 7.131656e-01 1.278534e+00 1.751705e+00 2.142200e+00 2.447375e+00 2.674763e+00 0.000000e+00 0.000000e+00 2.110698e+00 7.731368e-01 1.428084e+00 1.978368e+00 2.430145e+00 2.796131e+00 3.090308e+00 3.327817e+00 3.522998e+00 3.681604e+00 3.806114e+00 3.900966e+00
-9.999000e+03 -9.999000e+03 -9.999000e+03 -9.999000e+03 -9.999000e+03 -9.999000e+03 -9.999000e+03 -9.999000e+03 -9.999000e+03 0.000000e+00 1.134405e+01 1.741912e+00 6.377036e-01 0.000000e+00 1.107079e+00 1.891014e+00 0.000000e+00 4.106844e+00 2.241921e+00 2.288356e+00 2.398790e+00 2.434081e+00 0.000000e+00 0.000000e+00 7.389402e-01 1.312815e+00 0.000000e+00 0.000000e+00 0.000000e+00 0.000000e+00 0.000000e+00 6.894737e-01 1.239457e+00 1.696112e+00 2.082396e+00 2.404809e+00 2.664515e+00 0.000000e+00 2.834285e+00 7.519755e-01 7.709972e-01 2.439104e+00 2.735414e+00 2.991835e+00 3.201676e+00 3.368074e+00 3.499410e+00 3.604003e+00 3.690354e+00 3.762849e+00 7.683335e+01 7.952183e+01
-9.999000e+03 -9.999000e+03 -9.999000e+03 -9.999000e+03 -9.999000e+03 -9.999000e+03 -9.999000e+03 -9.999000e+03 1.877713e+00 3.745724e+00 9.118507e+00 1.498281e+00 0.000000e+00 6.451908e-01 1.726052e+00 1.944594e+00 4.220391e+00 2.227832e+00 2.273969e+00 2.424031e+00 2.361152e+00 7.207112e-01 1.279806e+00 1.723295e+00 2.079162e+00 1.415734e+01 1.600035e+01 1.538665e+01 1.470050e+01 1.393197e+01 1.306574e+01 1.212641e+01 1.114987e+01 1.014396e+01 9.111801e+00 8.051602e+00 6.960307e+00 8.704826e+00 8.324153e+00 1.019454e+01 1.086791e+01 1.203534e+01 1.173241e+01 1.137330e+01 1.095187e+01 1.047525e+01 9.954384e+00 9.391543e+00 8.786064e+00 7.421316e+01 3.909120e+00 3.894787e+00
-9.999000e+03 -9.999000e+03 -9.999000e+03 -9.999000e+03 -9.999000e+03 -9.999000e+03 -9.999000e+03 0.000000e+00 1.876146e+00 8.642469e+00 6.698855e-01 1.140279e+00 0.000000e+00 1.488499e+00 1.777383e+00 2.105900e+00 2.194910e+00 2.270329e+00 2.530999e+00 2.291291e+00 0.000000e+00 0.000000e+00 7.267182e-01 1.051971e+01 1.224793e+01 2.107923e+00 1.315007e+00 1.760142e+00 2.101215e+00 2.349178e+00 2.507224e+00 2.610527e+00 2.699023e+00 2.787624e+00 2.883769e+00 2.986440e+00 3.087481e+00 3.177183e+00 3.246522e+00 3.301453e+00 3.354126e+00 3.404284e+00 3.447610e+00 3.484054e+00 3.513892e+00 3.540367e+00 3.568298e+00 3.593767e+00 6.729013e+01 3.937103e+00 3.922484e+00 3.900891e+00
-9.999000e+03 -9.999000e+03 -9.999000e+03 -9.999000e+03 -9.999000e+03 -9.999000e+03 -9.999000e+03 0.000000e+00 2.228828e-01 8.513641e+00 0.000000e+00 6.498789e-01 1.137518e+00 1.529476e+00 1.991470e+00 2.120433e+00 2.233846e+00 2.709187e+00 2.210113e+00 2.299092e+00 4.758826e+00 7.153948e+00 9.516544e+00 1.753000e+00 1.757264e+00 7.356238e-01 0.000000e+00 7.426022e-01 1.319271e+00 1.766305e+00 2.098328e+00 2.349429e+00 2.554789e+00 2.726871e+00 2.872319e+00 2.994791e+00 3.991166e+01 4.212655e+01 4.434412e+01 4.656596e+01 4.880048e+01 5.104969e+01 5.331918e+01 5.203322e+01 5.077541e+01 4.940238e+01 6.242426e+01 6.494231e+01 3.950569e+00 3.945079e+00 3.926666e+00 3.904403e+00
-9.999000e+03 -9.999000e+03 -9.999000e+03 -9.999000e+03 -9.999000e+03 -9.999000e+03 -9.999000e+03 0.000000e+00 7.390961e+00 1.503249e+00 0.000000e+00 6.532124e-01 1.167572e+00 1.802885e+00 1.985316e+00 2.156734e+00 2.940454e+00 2.078115e+00 2.196927e+00 2.275220e+00 2.353392e+00 2.441513e+00 1.302070e+00 1.312994e+00 0.000000e+00 0.000000e+00 7.457730e-01 1.331124e+00 1.790649e+00 2.145716e+00 2.410896e+00 2.607868e+00 2.760044e+00 3.348525e+01 3.573283e+01 3.798063e+01 3.410578e+00 3.449099e+00 3.483803e+00 3.519270e+00 3.562543e+00 3.629024e+00 3.683215e+00 7.499314e+00 1.124546e+01 1.493784e+01 3.901974e+00 3.926279e+00 3.937485e+00 3.937769e+00 3.930934e+00 3.904854e+00
