tests/data/reference/test_implicit_stream_rill_mfda/control/cvin_m3.asc
ncols	123
nrows	77
xllcorner	-713746.79929998
yllcorner	-1061022.36961616
cellsize	10.0
NODATA_value	-9999
[rows 46 to 68 of 77, columns 0 to 51 of 123]
-9.999000e+03 -9.999000e+03 -9.999000e+03 -9.999000e+03 -9.999000e+03 -9.999000e+03 0.000000e+00 6.483484e+00 1.133312e+00 1.153021e+00 0.000000e+00 6.685553e-01 1.507730e+00 1.758474e+00 2.025075e+00 3.225454e+00 1.866899e+00 2.047666e+00 2.165054e+00 2.252717e+00 2.339601e+00 7.161608e-01 7.257480e-01 7.304854e-01 1.295180e+00 1.742694e+00 2.106771e+00 2.397098e+00 2.614875e+00 2.773010e+00 2.886884e+00 2.934566e+01 3.165808e+01 3.293539e+00 3.342732e+00 3.379397e+00 3.406295e+00 3.427898e+00 3.450418e+00 3.480873e+00 3.556365e+00 3.598783e+00 3.670500e+00 3.727115e+00 3.786745e+00 3.837782e+00 3.873635e+00 3.896419e+00 3.912330e+00 3.939312e+00 3.927670e+00 3.914159e+00
-9.999000e+03 -9.999000e+03 -9.999000e+03 -9.999000e+03 -9.999000e+03 -9.999000e+03 4.502479e+00 3.196632e+00 6.567683e-01 6.617002e-01 0.000000e+00 1.123559e+00 1.452771e+00 1.836666e+00 3.464881e+00 1.571961e+00 1.841587e+00 2.027039e+00 2.149651e+00 2.239556e+00 0.000000e+00 0.000000e+00 0.000000e+00 0.000000e+00 7.300913e-01 1.303307e+00 1.769095e+00 2.039268e+01 2.267297e+01 2.495226e+01 2.726092e+01 3.190159e+00 3.232930e+00 3.288108e+00 3.322031e+00 3.343257e+00 3.356317e+00 3.367308e+00 3.385290e+00 3.468188e+00 3.493109e+00 3.568399e+00 3.620193e+00 3.680569e+00 3.736142e+00 3.780800e+00 3.813133e+00 3.838680e+00 3.889993e+00 3.891477e+00 3.897735e+00 3.872514e+00
-9.999000e+03 -9.999000e+03 -9.999000e+03 -9.999000e+03 -9.999000e+03 0.000000e+00 2.779936e+00 3.169032e+00 0.000000e+00 0.000000e+00 6.295681e-01 1.071651e+00 1.621402e+00 3.684277e+00 1.167350e+00 1.536394e+00 1.806401e+00 1.996488e+00 2.122590e+00 2.211301e+00 4.595931e+00 6.906443e+00 9.184996e+00 1.294874e+01 1.473822e+01 1.673691e+01 1.887007e+01 2.815175e+00 2.898457e+00 3.002103e+00 3.070658e+00 3.126631e+00 3.197720e+00 3.235844e+00 3.257205e+00 3.267936e+00 3.272402e+00 3.278513e+00 3.377540e+00 3.379542e+00 3.460896e+00 3.503572e+00 3.562471e+00 3.618569e+00 3.665782e+00 3.702787e+00 3.735440e+00 3.814928e+00 3.820058e+00 3.840578e+00 3.817513e+00 2.810121e+00
-9.999000e+03 -9.999000e+03 -9.999000e+03 -9.999000e+03 3.117586e+00 1.902177e+00 1.100571e+00 2.350792e+00 0.000000e+00 0.000000e+00 6.076243e-01 1.400598e+00 3.878179e+00 6.544257e-01 1.139547e+00 1.497353e+00 1.758290e+00 1.948162e+00 2.073442e+00 2.125457e+00 2.173513e+00 2.233730e+00 4.126923e+00 1.781186e+00 2.151860e+00 2.416966e+00 2.584265e+00 2.683274e+00 2.813343e+00 2.893883e+00 2.962263e+00 3.059686e+00 3.111317e+00 3.139524e+00 3.152905e+00 3.156342e+00 3.155927e+00 3.282193e+00 3.253299e+00 3.346391e+00 3.377678e+00 3.435296e+00 3.491192e+00 3.538151e+00 3.574382e+00 3.607745e+00 3.719026e+00 3.721767e+00 3.754290e+00 3.721394e+00 2.448698e+00 2.447778e+00
-9.999000e+03 -9.999000e+03 -9.999000e+03 -9.999000e+03 1.235971e+00 1.746091e+00 6.213282e-01 9.701602e-01 5.919213e-01 0.000000e+00 1.154979e+00 4.025334e+00 0.000000e+00 6.372978e-01 1.102664e+00 1.440048e+00 1.694904e+00 1.884427e+00 1.950325e+00 1.980336e+00 2.015543e+00 4.204976e+00 1.306883e+00 1.750584e+00 2.073227e+00 2.279940e+00 2.392438e+00 2.550875e+00 2.645263e+00 2.728640e+00 2.856145e+00 2.924146e+00 2.964745e+00 2.987310e+00 2.995781e+00 2.995866e+00 3.173429e+00 3.107799e+00 3.220617e+00 3.234903e+00 3.291849e+00 3.349867e+00 3.397871e+00 3.432327e+00 3.463126e+00 3.612081e+00 3.599324e+00 3.641663e+00 3.592863e+00 1.995175e+00 1.999761e+00 1.995309e+00
-9.999000e+03 -9.999000e+03 -9.999000e+03 0.000000e+00 1.875917e+00 1.504047e+00 0.000000e+00 5.455884e-01 0.000000e+00 8.514905e-01 2.605072e+00 1.248856e+00 0.000000e+00 6.114871e-01 1.043959e+00 1.369020e+00 1.622521e+00 1.717746e+00 1.750711e+00 1.765107e+00 4.221458e+00 7.185686e-01 1.260466e+00 1.652429e+00 1.901594e+00 2.025339e+00 2.218518e+00 2.321807e+00 2.417386e+00 2.584038e+00 2.669928e+00 2.722849e+00 2.755573e+00 2.771979e+00 2.776733e+00 3.032458e+00 2.925071e+00 3.076355e+00 3.069884e+00 3.124203e+00 3.183299e+00 3.235547e+00 3.270989e+00 3.300126e+00 3.500705e+00 3.459183e+00 3.504981e+00 3.430338e+00 1.448008e+00 1.452551e+00 1.452043e+00 1.445802e+00
-9.999000e+03 -9.999000e+03 -9.999000e+03 0.000000e+00 1.754152e+00 5.079572e-01 0.000000e+00 0.000000e+00 4.799974e-01 5.026190e-01 1.674604e+00 1.025934e+00 0.000000e+00 5.674066e-01 9.766654e-01 1.300309e+00 1.408528e+00 1.452452e+00 1.470006e+00 4.173768e+00 0.000000e+00 6.807601e-01 1.167445e+00 1.469829e+00 1.593529e+00 1.828950e+00 1.938855e+00 2.041131e+00 2.251989e+00 2.357023e+00 2.423693e+00 2.466834e+00 2.489632e+00 2.496478e+00 2.857513e+00 2.688304e+00 2.897633e+00 2.868603e+00 2.926762e+00 2.984153e+00 3.036034e+00 3.073920e+00 3.104522e+00 3.379019e+00 3.298797e+00 3.346971e+00 3.234906e+00 7.928527e-01 7.975585e-01 7.982641e-01 7.954026e-01 1.547523e+01
-9.999000e+03 -9.999000e+03 5.226251e+00 0.000000e+00 5.131211e-01 4.500959e-01 0.000000e+00 0.000000e+00 0.000000e+00 0.000000e+00 1.166012e+00 7.835124e-01 0.000000e+00 5.223588e-01 9.243276e-01 1.030092e+00 1.067403e+00 1.084037e+00 2.207601e+00 1.468799e+00 0.000000e+00 6.245626e-01 1.002457e+00 1.113590e+00 1.398044e+00 1.505212e+00 1.608859e+00 1.871918e+00 1.989105e+00 2.067617e+00 2.122742e+00 2.153812e+00 2.161619e+00 2.660682e+00 2.399652e+00 2.685353e+00 2.614393e+00 2.682446e+00 2.747774e+00 2.797440e+00 2.830197e+00 2.859916e+00 3.234486e+00 3.102267e+00 3.157449e+00 3.002249e+00 0.000000e+00 0.000000e+00 0.000000e+00 0.000000e+00 1.575952e+01 3.314518e+00
-9.999000e+03 -9.999000e+03 7.758487e+00 5.749877e-01 0.000000e+00 0.000000e+00 0.000000e+00 0.000000e+00 5.099075e-01 7.954293e-01 0.000000e+00 4.741536e-01 0.000000e+00 4.997886e-01 5.744758e-01 6.021871e-01 6.036822e-01 6.157991e-01 6.356415e-01 1.144692e+00 0.000000e+00 5.061387e-01 5.860024e-01 9.452432e-01 1.035922e+00 1.125066e+00 1.452428e+00 1.570463e+00 1.649131e+00 1.710340e+00 1.750176e+00 1.764437e+00 2.452194e+00 2.064537e+00 2.456044e+00 2.315344e+00 2.385406e+00 2.459583e+00 2.514811e+00 2.542670e+00 2.564863e+00 3.065643e+00 2.855134e+00 2.918130e+00 2.714791e+00 2.724417e+00 3.016292e+00 3.255048e+00 1.238000e+01 1.595714e+01 3.073495e+00 3.073020e+00
-9.999000e+03 0.000000e+00 8.667924e+00 1.052625e+00 0.000000e+00 0.000000e+00 0.000000e+00 0.000000e+00 -9.999000e+03 -9.999000e+03 -9.999000e+03 0.000000e+00 0.000000e+00 0.000000e+00 0.000000e+00 0.000000e+00 0.000000e+00 0.000000e+00 0.000000e+00 0.000000e+00 0.000000e+00 0.000000e+00 4.767897e-01 5.422830e-01 6.025335e-01 1.009273e+00 1.108997e+00 1.172085e+00 1.225455e+00 1.264798e+00 1.282817e+00 2.228545e+00 1.677837e+00 2.218175e+00 1.975227e+00 2.040835e+00 2.116377e+00 2.176219e+00 2.202458e+00 2.216625e+00 2.878664e+00 2.555615e+00 2.620844e+00 2.359307e+00 2.367372e+00 3.148371e+00 6.065277e+00 8.910858e+00 3.555493e+00 2.770119e+00 2.772062e+00 2.769898e+00
-9.999000e+03 3.492581e+00 1.348263e+00 0.000000e+00 0.000000e+00 0.000000e+00 -9.999000e+03 -9.999000e+03 -9.999000e+03 -9.999000e+03 -9.999000e+03 -9.999000e+03 0.000000e+00 0.000000e+00 5.610045e-01 9.528357e-01 0.000000e+00 6.036168e-01 1.043817e+00 1.329736e+00 0.000000e+00 0.000000e+00 0.000000e+00 0.000000e+00 5.421133e-01 6.038933e-01 6.351448e-01 6.651432e-01 6.916207e-01 7.039826e-01 1.984489e+00 1.218574e+00 1.972240e+00 1.585710e+00 1.641496e+00 1.711451e+00 1.770477e+00 1.798019e+00 1.806281e+00 2.673562e+00 2.197676e+00 2.260765e+00 1.925750e+00 1.934437e+00 2.908257e+00 2.351827e+00 2.364041e+00 3.426685e+00 2.393962e+00 2.400596e+00 2.397644e+00 3.359940e+00
0.000000e+00 2.355564e+00 4.675557e-01 0.000000e+00 0.000000e+00 0.000000e+00 -9.999000e+03 -9.999000e+03 -9.999000e+03 -9.999000e+03 -9.999000e+03 -9.999000e+03 -9.999000e+03 -9.999000e+03 -9.999000e+03 0.000000e+00 1.227534e+00 0.000000e+00 0.000000e+00 0.000000e+00 1.848725e+00 -9.999000e+03 -9.999000e+03 0.000000e+00 0.000000e+00 0.000000e+00 0.000000e+00 0.000000e+00 0.000000e+00 1.728115e+00 6.677367e-01 1.713966e+00 1.137518e+00 1.177092e+00 1.234483e+00 1.285543e+00 1.309050e+00 1.318004e+00 2.453865e+00 1.776498e+00 1.828824e+00 1.401210e+00 1.410282e+00 2.618045e+00 1.916368e+00 1.919898e+00 3.280659e+00 1.939255e+00 1.946390e+00 1.947593e+00 3.158499e+00 2.351212e+00
0.000000e+00 0.000000e+00 0.000000e+00 0.000000e+00 0.000000e+00 -9.999000e+03 -9.999000e+03 -9.999000e+03 -9.999000e+03 -9.999000e+03 -9.999000e+03 -9.999000e+03 -9.999000e+03 -9.999000e+03 -9.999000e+03 -9.999000e+03 -9.999000e+03 -9.999000e+03 -9.999000e+03 -9.999000e+03 -9.999000e+03 -9.999000e+03 -9.999000e+03 0.000000e+00 0.000000e+00 0.000000e+00 6.109306e-01 1.070396e+00 1.440256e+00 0.000000e+00 1.445466e+00 6.183828e-01 6.399607e-01 6.725137e-01 7.079707e-01 7.227573e-01 7.262273e-01 2.210770e+00 1.289200e+00 1.321090e+00 7.691642e-01 7.776954e-01 2.267340e+00 1.397340e+00 1.398244e+00 3.121706e+00 1.404009e+00 1.407197e+00 1.408558e+00 2.923332e+00 1.902699e+00 3.466522e+00
-9.999000e+03 0.000000e+00 0.000000e+00 0.000000e+00 -9.999000e+03 -9.999000e+03 -9.999000e+03 -9.999000e+03 -9.999000e+03 -9.999000e+03 -9.999000e+03 -9.999000e+03 -9.999000e+03 -9.999000e+03 -9.999000e+03 -9.999000e+03 -9.999000e+03 -9.999000e+03 -9.999000e+03 -9.999000e+03 -9.999000e+03 -9.999000e+03 -9.999000e+03 -9.999000e+03 -9.999000e+03 -9.999000e+03 0.000000e+00 0.000000e+00 6.578169e-01 1.135931e+00 0.000000e+00 0.000000e+00 0.000000e+00 0.000000e+00 0.000000e+00 0.000000e+00 1.933173e+00 7.092474e-01 7.273145e-01 0.000000e+00 0.000000e+00 1.846570e+00 7.702125e-01 7.727264e-01 2.942581e+00 7.747021e-01 7.750366e-01 7.738048e-01 2.643973e+00 1.382299e+00 3.401645e+00 7.870144e-01
-9.999000e+03 -9.999000e+03 -9.999000e+03 -9.999000e+03 -9.999000e+03 -9.999000e+03 -9.999000e+03 -9.999000e+03 -9.999000e+03 -9.999000e+03 -9.999000e+03 -9.999000e+03 -9.999000e+03 -9.999000e+03 -9.999000e+03 -9.999000e+03 -9.999000e+03 -9.999000e+03 -9.999000e+03 -9.999000e+03 -9.999000e+03 -9.999000e+03 -9.999000e+03 -9.999000e+03 -9.999000e+03 -9.999000e+03 -9.999000e+03 -9.999000e+03 0.000000e+00 6.456848e-01 0.000000e+00 0.000000e+00 0.000000e+00 6.553106e-01 1.185054e+00 1.610980e+00 0.000000e+00 0.000000e+00 0.000000e+00 7.433699e-01 1.346635e+00 0.000000e+00 0.000000e+00 2.726623e+00 0.000000e+00 0.000000e+00 0.000000e+00 2.311988e+00 7.607856e-01 3.343323e+00 0.000000e+00 0.000000e+00
-9.999000e+03 -9.999000e+03 -9.999000e+03 -9.999000e+03 -9.999000e+03 -9.999000e+03 -9.999000e+03 -9.999000e+03 -9.999000e+03 -9.999000e+03 -9.999000e+03 -9.999000e+03 -9.999000e+03 -9.999000e+03 -9.999000e+03 -9.999000e+03 -9.999000e+03 -9.999000e+03 -9.999000e+03 -9.999000e+03 -9.999000e+03 -9.999000e+03 -9.999000e+03 -9.999000e+03 -9.999000e+03 -9.999000e+03 -9.999000e+03 -9.999000e+03 -9.999000e+03 0.000000e+00 1.065122e+00 5.924393e-01 6.144692e-01 0.000000e+00 0.000000e+00 0.000000e+00 0.000000e+00 0.000000e+00 7.207466e-01 1.296581e+00 1.769430e+00 2.156947e+00 2.470626e+00 0.000000e+00 7.706595e-01 1.392604e+00 1.901921e+00 0.000000e+00 3.278502e+00 0.000000e+00 7.747959e-01 1.411590e+00
-9.999000e+03 -9.999000e+03 -9.999000e+03 -9.999000e+03 -9.999000e+03 -9.999000e+03 -9.999000e+03 -9.999000e+03 -9.999000e+03 -9.999000e+03 -9.999000e+03 -9.999000e+03 -9.999000e+03 -9.999000e+03 -9.999000e+03 -9.999000e+03 -9.999000e+03 -9.999000e+03 -9.999000e+03 -9.999000e+03 -9.999000e+03 -9.999000e+03 -9.999000e+03 -9.999000e+03 -9.999000e+03 -9.999000e+03 -9.999000e+03 -9.999000e+03 -9.999000e+03 -9.999000e+03 6.055554e-01 -9.999000e+03 -9.999000e+03 -9.999000e+03 -9.999000e+03 -9.999000e+03 -9.999000e+03 -9.999000e+03 0.000000e+00 7.352240e-01 1.317117e+00 1.783593e+00 2.151057e+00 2.446016e+00 2.692711e+00 2.898813e+00 3.067397e+00 3.196213e+00 0.000000e+00 7.541878e-01 1.377301e+00 1.904548e+00
-9.999000e+03 -9.999000e+03 -9.999000e+03 -9.999000e+03 -9.999000e+03 -9.999000e+03 -9.999000e+03 -9.999000e+03 -9.999000e+03 -9.999000e+03 -9.999000e+03 -9.999000e+03 -9.999000e+03 -9.999000e+03 -9.999000e+03 -9.999000e+03 -9.999000e+03 -9.999000e+03 -9.999000e+03 -9.999000e+03 -9.999000e+03 -9.999000e+03 -9.999000e+03 -9.999000e+03 -9.999000e+03 -9.999000e+03 -9.999000e+03 -9.999000e+03 -9.999000e+03 -9.999000e+03 -9.999000e+03 -9.999000e+03 -9.999000e+03 -9.999000e+03 -9.999000e+03 -9.999000e+03 -9.999000e+03 -9.999000e+03 -9.999000e+03 -9.999000e+03 -9.999000e+03 0.000000e+00 0.000000e+00 0.000000e+00 7.595903e-01 1.372712e+00 1.872036e+00 2.267961e+00 2.562011e+00 2.788748e+00 2.986311e+00 3.158712e+00
-9.999000e+03 -9.999000e+03 -9.999000e+03 -9.999000e+03 -9.999000e+03 -9.999000e+03 -9.999000e+03 -9.999000e+03 -9.999000e+03 -9.999000e+03 -9.999000e+03 -9.999000e+03 -9.999000e+03 -9.999000e+03 -9.999000e+03 -9.999000e+03 -9.999000e+03 -9.999000e+03 -9.999000e+03 -9.999000e+03 -9.999000e+03 -9.999000e+03 -9.999000e+03 -9.999000e+03 -9.999000e+03 -9.999000e+03 -9.999000e+03 -9.999000e+03 -9.999000e+03 -9.999000e+03 -9.999000e+03 -9.999000e+03 -9.999000e+03 -9.999000e+03 -9.999000e+03 -9.999000e+03 -9.999000e+03 -9.999000e+03 -9.999000e+03 -9.999000e+03 -9.999000e+03 -9.999000e+03 -9.999000e+03 -9.999000e+03 0.000000e+00 0.000000e+00 7.666612e-01 1.370495e+00 0.000000e+00 7.547808e-01 1.381847e+00 1.904391e+00
-9.999000e+03 -9.999000e+03 -9.999000e+03 -9.999000e+03 -9.999000e+03 -9.999000e+03 -9.999000e+03 -9.999000e+03 -9.999000e+03 -9.999000e+03 -9.999000e+03 -9.999000e+03 -9.999000e+03 -9.999000e+03 -9.999000e+03 -9.999000e+03 -9.999000e+03 -9.999000e+03 -9.999000e+03 -9.999000e+03 -9.999000e+03 -9.999000e+03 -9.999000e+03 -9.999000e+03 -9.999000e+03 -9.999000e+03 -9.999000e+03 -9.999000e+03 -9.999000e+03 -9.999000e+03 -9.999000e+03 -9.999000e+03 -9.999000e+03 -9.999000e+03 -9.999000e+03 -9.999000e+03 -9.999000e+03 -9.999000e+03 -9.999000e+03 -9.999000e+03 -9.999000e+03 -9.999000e+03 -9.999000e+03 -9.999000e+03 -9.999000e+03 -9.999000e+03 -9.999000e+03 -9.999000e+03 -9.999000e+03 -9.999000e+03 0.000000e+00 7.799818e-01
-9.999000e+03 -9.999000e+03 -9.999000e+03 -9.999000e+03 -9.999000e+03 -9.999000e+03 -9.999000e+03 -9.999000e+03 -9.999000e+03 -9.999000e+03 -9.999000e+03 -9.999000e+03 -9.999000e+03 -9.999000e+03 -9.999000e+03 -9.999000e+03 -9.999000e+03 -9.999000e+03 -9.999000e+03 -9.999000e+03 -9.999000e+03 -9.999000e+03 -9.999000e+03 -9.999000e+03 -9.999000e+03 -9.999000e+03 -9.999000e+03 -9.999000e+03 -9.999000e+03 -9.999000e+03 -9.999000e+03 -9.999000e+03 -9.999000e+03 -9.999000e+03 -9.999000e+03 -9.999000e+03 -9.999000e+03 -9.999000e+03 -9.999000e+03 -9.999000e+03 -9.999000e+03 -9.999000e+03 -9.999000e+03 -9.999000e+03 -9.999000e+03 -9.999000e+03 -9.999000e+03 -9.999000e+03 -9.999000e+03 -9.999000e+03 -9.999000e+03 0.000000e+00
-9.999000e+03 -9.999000e+03 -9.999000e+03 -9.999000e+03 -9.999000e+03 -9.999000e+03 -9.999000e+03 -9.999000e+03 -9.999000e+03 -9.999000e+03 -9.999000e+03 -9.999000e+03 -9.999000e+03 -9.999000e+03 -9.999000e+03 -9.999000e+03 -9.999000e+03 -9.999000e+03 -9.999000e+03 -9.999000e+03 -9.999000e+03 -9.999000e+03 -9.999000e+03 -9.999000e+03 -9.999000e+03 -9.999000e+03 -9.999000e+03 -9.999000e+03 -9.999000e+03 -9.999000e+03 -9.999000e+03 -9.999000e+03 -9.999000e+03 -9.999000e+03 -9.999000e+03 -9.999000e+03 -9.999000e+03 -9.999000e+03 -9.999000e+03 -9.999000e+03 -9.999000e+03 -9.999000e+03 -9.999000e+03 -9.999000e+03 -9.999000e+03 -9.999000e+03 -9.999000e+03 -9.999000e+03 -9.999000e+03 -9.999000e+03 -9.999000e+03 -9.999000e+03
-9.999000e+03 -9.999000e+03 -9.999000e+03 -9.999000e+03 -9.999000e+03 -9.999000e+03 -9.999000e+03 -9.999000e+03 -9.999000e+03 -9.999000e+03 -9.999000e+03 -9.999000e+03 -9.999000e+03 -9.999000e+03 -9.999000e+03 -9.999000e+03 -9.999000e+03 -9.999000e+03 -9.999000e+03 -9.999000e+03 -9.999000e+03 -9.999000e+03 -9.999000e+03 -9.999000e+03 -9.999000e+03 -9.999000e+03 -9.999000e+03 -9.999000e+03 -9.999000e+03 -9.999000e+03 -9.999000e+03 -9.999000e+03 -9.999000e+03 -9.999000e+03 -9.999000e+03 -9.999000e+03 -9.999000e+03 -9.999000e+03 -9.999000e+03 -9.999000e+03 -9.999000e+03 -9.999000e+03 -9.999000e+03 -9.999000e+03 -9.999000e+03 -9.999000e+03 -9.999000e+03 -9.999000e+03 -9.999000e+03 -9.999000e+03 -9.999000e+03 -9.999000e+03
