tests/data/reference/test_implicit_stream_rill_mfda/control/cvin_m3.asc
ncols	123
nrows	77
xllcorner	-713746.79929998
yllcorner	-1061022.36961616
cellsize	10.0
NODATA_value	-9999
[rows 23 to 45 of 77, columns 0 to 51 of 123]
-9.999000e+03 -9.999000e+03 -9.999000e+03 -9.999000e+03 -9.999000e+03 -9.999000e+03 -9.999000e+03 -9.999000e+03 -9.999000e+03 -9.999000e+03 -9.999000e+03 -9.999000e+03 -9.999000e+03 -9.999000e+03 0.000000e+00 1.747108e+00 2.132272e+00 6.585245e-01 0.000000e+00 0.000000e+00 0.000000e+00 7.004865e-01 3.460344e-01 6.196222e+00 7.575630e+00 4.431012e+00 8.740972e+00 4.784692e+00 2.260529e+00 4.420837e+00 0.000000e+00 7.881754e-01 1.433959e+00 3.206722e+00 1.323100e+01 3.930010e+00 9.299100e+00 0.000000e+00 8.414399e+00 3.894265e+00 3.876353e+00 3.818958e+00 4.006885e+00 3.843425e+00 3.827578e+00 3.603089e+00 3.672295e+00 4.080587e+00 3.189039e+00 2.075654e+00 1.507958e+00 0.000000e+00
-9.999000e+03 -9.999000e+03 -9.999000e+03 -9.999000e+03 -9.999000e+03 -9.999000e+03 -9.999000e+03 -9.999000e+03 -9.999000e+03 -9.999000e+03 -9.999000e+03 -9.999000e+03 -9.999000e+03 -9.999000e+03 7.329583e+00 6.048286e+00 4.153650e+00 6.487326e-01 0.000000e+00 0.000000e+00 4.218349e-01 2.937335e+00 0.000000e+00 5.699539e-01 6.223030e+00 1.217371e+01 8.565313e+00 4.919810e+00 2.595583e+00 0.000000e+00 4.233964e+00 7.868921e-01 1.433454e+00 1.973746e+00 1.652070e+01 3.937988e+00 8.817355e+00 0.000000e+00 9.099874e+00 3.983952e+00 3.989540e+00 3.962349e+00 4.087086e+00 3.987585e+00 3.973618e+00 3.805535e+00 3.848111e+00 4.131844e+00 3.481132e+00 2.566095e+00 0.000000e+00 2.088674e+00
-9.999000e+03 -9.999000e+03 -9.999000e+03 -9.999000e+03 -9.999000e+03 -9.999000e+03 -9.999000e+03 -9.999000e+03 -9.999000e+03 -9.999000e+03 -9.999000e+03 -9.999000e+03 -9.999000e+03 -9.999000e+03 0.000000e+00 6.902789e-01 0.000000e+00 0.000000e+00 0.000000e+00 0.000000e+00 1.111162e+00 2.333623e+00 4.798245e+00 8.169458e-01 1.171686e+00 6.323995e+00 2.042711e+01 4.990884e+00 3.042763e+00 0.000000e+00 8.514723e-01 4.068735e+00 1.431010e+00 1.970780e+00 2.418241e+00 2.026236e+01 0.000000e+00 8.289975e+00 8.074065e-01 1.300311e+01 4.080624e+00 4.074872e+00 4.163414e+00 4.106079e+00 4.094658e+00 3.970002e+00 3.994230e+00 4.186093e+00 3.725848e+00 2.982545e+00 8.276162e-01 0.000000e+00
-9.999000e+03 -9.999000e+03 -9.999000e+03 -9.999000e+03 -9.999000e+03 -9.999000e+03 -9.999000e+03 -9.999000e+03 -9.999000e+03 -9.999000e+03 -9.999000e+03 -9.999000e+03 0.000000e+00 0.000000e+00 4.114687e+00 6.935389e-01 0.000000e+00 0.000000e+00 0.000000e+00 6.795136e-01 2.589241e+00 5.303630e+00 2.730766e+00 5.040885e+00 1.483213e+00 1.750014e+00 2.652867e+01 5.017095e+00 3.418842e+00 8.565698e-01 0.000000e+00 1.566853e+00 4.215831e+00 2.082057e+00 2.405831e+00 2.772820e+00 1.995065e+01 7.979802e-01 7.727997e+00 1.470673e+00 1.693445e+01 4.161385e+00 4.229725e+00 4.200806e+00 4.192746e+00 4.102003e+00 4.115594e+00 4.244690e+00 3.931567e+00 3.338812e+00 1.522906e+00 0.000000e+00
-9.999000e+03 -9.999000e+03 -9.999000e+03 -9.999000e+03 -9.999000e+03 -9.999000e+03 -9.999000e+03 -9.999000e+03 -9.999000e+03 -9.999000e+03 -9.999000e+03 -9.999000e+03 -9.999000e+03 0.000000e+00 6.283759e-01 5.603522e-01 0.000000e+00 0.000000e+00 7.847913e-01 3.015429e+00 2.579776e+00 2.744981e+00 8.335746e+00 1.153312e+01 1.683258e+01 1.871466e+01 2.073249e+01 2.615370e+01 4.993614e+00 3.722801e+00 1.562845e+00 8.513600e-01 2.172655e+00 4.337731e+00 2.611519e+00 2.902615e+00 3.058572e+00 1.956361e+01 1.456708e+00 7.133329e+00 1.890055e+01 4.224477e+00 4.281381e+00 4.272167e+00 4.269410e+00 4.207829e+00 4.218477e+00 4.308176e+00 4.106041e+00 3.644533e+00 2.123501e+00 8.415744e-01
-9.999000e+03 -9.999000e+03 -9.999000e+03 -9.999000e+03 -9.999000e+03 -9.999000e+03 -9.999000e+03 -9.999000e+03 -9.999000e+03 -9.999000e+03 -9.999000e+03 -9.999000e+03 -9.999000e+03 -9.999000e+03 -9.999000e+03 0.000000e+00 0.000000e+00 0.000000e+00 1.896789e+00 3.750352e+00 4.077115e+00 4.403821e+00 4.600373e+00 4.697085e+00 4.712819e+00 4.664661e+00 4.570551e+00 2.485250e+01 5.009669e+01 4.914709e+00 3.954413e+00 2.151915e+00 1.551316e+00 2.669585e+00 4.426438e+00 3.041929e+00 3.320494e+00 3.486162e+00 1.968144e+01 2.009999e+00 2.541458e+01 4.265780e+00 4.315290e+00 4.320958e+00 4.327140e+00 4.293659e+00 4.309168e+00 4.377022e+00 4.256187e+00 3.907263e+00 2.643108e+00 1.549414e+00
-9.999000e+03 -9.999000e+03 -9.999000e+03 -9.999000e+03 -9.999000e+03 -9.999000e+03 -9.999000e+03 -9.999000e+03 -9.999000e+03 -9.999000e+03 -9.999000e+03 -9.999000e+03 -9.999000e+03 -9.999000e+03 -9.999000e+03 -9.999000e+03 0.000000e+00 4.553579e-01 2.352275e+00 2.695380e+00 3.050617e+00 3.298403e+00 3.451263e+00 3.531969e+00 3.566602e+00 3.576971e+00 3.583963e+00 3.593828e+00 3.601392e+00 5.309018e+01 5.741362e+01 6.102691e+01 2.624394e+00 2.112042e+00 3.056447e+00 4.489035e+00 7.947228e+00 1.164199e+01 3.836142e+00 1.950480e+01 2.608371e+00 2.965395e+01 4.336835e+00 4.355737e+00 4.373836e+00 4.367100e+00 4.392074e+00 4.449164e+00 4.386038e+00 4.132196e+00 3.092357e+00 2.158776e+00
-9.999000e+03 -9.999000e+03 -9.999000e+03 -9.999000e+03 -9.999000e+03 -9.999000e+03 -9.999000e+03 -9.999000e+03 -9.999000e+03 -9.999000e+03 -9.999000e+03 -9.999000e+03 -9.999000e+03 -9.999000e+03 -9.999000e+03 -9.999000e+03 0.000000e+00 1.899779e+00 1.593628e+00 1.879522e+00 2.160723e+00 2.529145e+01 2.457293e+01 2.377618e+01 2.291988e+01 2.201289e+01 2.106226e+01 2.006273e+01 1.899875e+01 1.787332e+01 1.670113e+01 1.547569e+01 7.464289e+01 7.643722e+01 7.752740e+01 7.930587e+01 7.840224e+01 7.748715e+01 8.816511e+01 9.132353e+01 1.095666e+02 1.116830e+02 3.428080e+01 4.387933e+00 4.418786e+00 4.435253e+00 4.470314e+00 4.522046e+00 4.498443e+00 4.323038e+00 3.477923e+00 2.679748e+00
-9.999000e+03 -9.999000e+03 -9.999000e+03 -9.999000e+03 -9.999000e+03 -9.999000e+03 -9.999000e+03 -9.999000e+03 -9.999000e+03 -9.999000e+03 -9.999000e+03 -9.999000e+03 -9.999000e+03 -9.999000e+03 -9.999000e+03 0.000000e+00 1.899853e+00 1.551978e+00 1.614956e+01 1.811789e+01 2.350313e+01 2.749694e+00 5.833627e+00 8.889141e+00 8.844528e+00 1.489393e+01 1.781023e+01 2.073866e+01 2.035366e+01 1.989665e+01 1.937699e+01 1.879288e+01 1.813570e+01 1.739701e+01 1.656130e+01 1.563749e+01 4.744400e+01 4.844390e+01 5.013292e+01 5.295501e+01 5.573684e+01 5.846494e+01 1.685254e+02 2.016736e+02 2.054144e+02 4.691793e+00 9.019833e+00 4.585806e+00 4.590820e+00 4.479415e+00 3.800571e+00 3.116570e+00
-9.999000e+03 -9.999000e+03 -9.999000e+03 -9.999000e+03 -9.999000e+03 -9.999000e+03 -9.999000e+03 -9.999000e+03 -9.999000e+03 -9.999000e+03 -9.999000e+03 -9.999000e+03 -9.999000e+03 -9.999000e+03 0.000000e+00 1.894829e+00 1.273421e+01 1.490783e+01 2.559800e+00 6.807594e+00 2.450546e+00 2.585055e+00 2.721044e+00 2.998743e+00 6.078225e+00 2.861823e+00 2.984287e+00 2.972445e+00 3.046025e+00 3.122641e+00 3.414711e+00 1.544451e+01 1.843999e+01 2.150105e+01 2.451614e+01 3.324967e+01 1.387322e+00 1.916726e+00 3.263242e+00 3.140280e+00 2.998058e+00 3.034132e+00 7.175993e+00 1.075278e+01 1.426364e+01 2.187828e+02 2.227417e+02 2.310041e+02 4.625568e+00 9.255440e+00 4.056382e+00 3.466410e+00
-9.999000e+03 -9.999000e+03 -9.999000e+03 -9.999000e+03 -9.999000e+03 -9.999000e+03 -9.999000e+03 -9.999000e+03 -9.999000e+03 -9.999000e+03 -9.999000e+03 -9.999000e+03 -9.999000e+03 -9.999000e+03 0.000000e+00 1.011425e+01 2.835441e+00 2.494940e+00 7.894680e+00 2.268502e+00 2.448221e+00 2.628702e+00 2.727103e+00 2.795693e+00 2.759924e+00 2.964931e+00 2.901825e+00 2.946788e+00 6.050227e+00 9.117418e+00 1.202012e+01 2.818853e+00 3.093434e+00 3.206125e+00 9.307978e+00 7.757147e-01 1.410031e+00 3.089880e+00 2.895560e+00 2.685760e+00 2.705068e+00 3.266766e+00 2.777975e+00 2.819377e+00 3.021470e+00 6.587221e+00 9.665395e+00 1.274665e+01 2.455860e+02 2.497533e+02 2.580662e+02 4.224407e+00
-9.999000e+03 -9.999000e+03 -9.999000e+03 -9.999000e+03 -9.999000e+03 -9.999000e+03 -9.999000e+03 -9.999000e+03 -9.999000e+03 -9.999000e+03 -9.999000e+03 -9.999000e+03 -9.999000e+03 1.893753e+00 9.328195e+00 2.875006e+00 2.442056e+00 8.954736e+00 2.005748e+00 2.246956e+00 2.500439e+00 2.633188e+00 2.720043e+00 2.638939e+00 2.976938e+00 2.829880e+00 2.867909e+00 2.921280e+00 2.994365e+00 2.847076e+00 2.537378e+00 2.911125e+00 3.077184e+00 9.409025e+00 0.000000e+00 7.794770e-01 2.874978e+00 2.598771e+00 2.318086e+00 2.323547e+00 3.033813e+00 2.368621e+00 2.399190e+00 2.435047e+00 2.480666e+00 2.064701e+00 2.194417e+00 2.204455e+00 2.217053e+00 5.122423e+00 7.839984e+00 2.650862e+02
-9.999000e+03 -9.999000e+03 -9.999000e+03 -9.999000e+03 -9.999000e+03 -9.999000e+03 -9.999000e+03 -9.999000e+03 -9.999000e+03 -9.999000e+03 -9.999000e+03 -9.999000e+03 0.000000e+00 3.739733e+00 2.909184e+00 2.427967e+00 9.998738e+00 1.663274e+00 1.972970e+00 2.318983e+00 2.503675e+00 2.625264e+00 2.487062e+00 3.045022e+00 2.756758e+00 2.792479e+00 2.839500e+00 2.900859e+00 2.626466e+00 2.193241e+00 2.682241e+00 2.920747e+00 7.502891e+00 1.397167e+00 0.000000e+00 2.622630e+00 2.243034e+00 1.881647e+00 1.875942e+00 2.775245e+00 1.895994e+00 1.916659e+00 1.946458e+00 1.989871e+00 1.484479e+00 1.485021e+00 1.491484e+00 1.500753e+00 1.613067e+00 1.613096e+00 4.087313e+00 6.639504e+00
-9.999000e+03 -9.999000e+03 -9.999000e+03 -9.999000e+03 -9.999000e+03 -9.999000e+03 -9.999000e+03 -9.999000e+03 -9.999000e+03 -9.999000e+03 -9.999000e+03 -9.999000e+03 1.887266e+00 2.983227e+00 2.461621e+00 1.102237e+01 1.230299e+00 1.622887e+00 2.085232e+00 2.335027e+00 2.501135e+00 2.276755e+00 3.168920e+00 2.676470e+00 2.715162e+00 2.764376e+00 2.824442e+00 2.376839e+00 1.788582e+00 2.418583e+00 2.750563e+00 6.646644e+00 0.000000e+00 7.662078e-01 2.331455e+00 1.823156e+00 1.368709e+00 1.357596e+00 2.493223e+00 1.357671e+00 1.366396e+00 1.384404e+00 1.421964e+00 8.105292e-01 8.090569e-01 8.107792e-01 8.153673e-01 8.189627e-01 8.218068e-01 3.689298e+00 1.581158e+00 1.567337e+00
-9.999000e+03 -9.999000e+03 -9.999000e+03 -9.999000e+03 -9.999000e+03 -9.999000e+03 -9.999000e+03 -9.999000e+03 -9.999000e+03 -9.999000e+03 -9.999000e+03 0.000000e+00 3.731424e+00 2.551584e+00 1.203340e+01 6.830021e-01 1.186957e+00 1.801828e+00 2.136751e+00 2.359994e+00 1.992774e+00 3.336871e+00 2.578379e+00 2.626291e+00 2.686026e+00 2.752905e+00 2.087285e+00 1.312040e+00 2.113907e+00 2.568547e+00 2.077839e+00 4.066667e+00 0.000000e+00 1.998961e+00 1.322738e+00 7.596295e-01 7.483738e-01 2.179446e+00 7.417727e-01 7.431943e-01 7.471697e-01 7.656576e-01 0.000000e+00 0.000000e+00 0.000000e+00 0.000000e+00 0.000000e+00 0.000000e+00 3.458451e+00 8.114270e-01 8.035356e-01 8.033189e-01
-9.999000e+03 -9.999000e+03 -9.999000e+03 -9.999000e+03 -9.999000e+03 -9.999000e+03 -9.999000e+03 -9.999000e+03 -9.999000e+03 -9.999000e+03 0.000000e+00 1.880985e+00 2.676958e+00 1.303911e+01 0.000000e+00 6.543848e-01 1.472634e+00 1.918871e+00 2.220486e+00 1.634638e+00 3.532578e+00 2.471723e+00 2.528622e+00 2.602927e+00 2.679465e+00 1.729057e+00 7.324470e-01 1.746892e+00 2.352292e+00 1.720891e+00 1.691946e+00 1.655732e+00 1.629275e+00 7.223158e-01 0.000000e+00 0.000000e+00 1.810771e+00 0.000000e+00 0.000000e+00 0.000000e+00 0.000000e+00 0.000000e+00 7.935540e-01 1.452151e+00 2.003312e+00 2.465730e+00 2.856059e+00 3.184432e+00 0.000000e+00 0.000000e+00 0.000000e+00 0.000000e+00
-9.999000e+03 -9.999000e+03 -9.999000e+03 -9.999000e+03 -9.999000e+03 -9.999000e+03 -9.999000e+03 -9.999000e+03 -9.999000e+03 -9.999000e+03 0.000000e+00 2.851611e+00 1.288959e+01 6.443786e-01 0.000000e+00 1.099735e+00 1.690634e+00 2.098906e+00 1.195935e+00 3.738367e+00 2.370630e+00 2.432297e+00 2.521860e+00 2.602356e+00 1.284622e+00 0.000000e+00 1.292787e+00 2.080142e+00 1.276968e+00 1.262152e+00 1.230124e+00 1.202599e+00 0.000000e+00 0.000000e+00 7.480487e-01 1.345713e+00 0.000000e+00 7.282678e-01 1.288622e+00 1.731671e+00 0.000000e+00 0.000000e+00 7.912323e-01 1.445915e+00 1.990250e+00 2.442509e+00 2.819515e+00 3.134259e+00 3.396689e+00 3.610028e+00 3.773807e+00 3.897673e+00
-9.999000e+03 -9.999000e+03 -9.999000e+03 -9.999000e+03 -9.999000e+03 -9.999000e+03 -9.999000e+03 -9.999000e+03 -9.999000e+03 0.000000e+00 3.767937e+00 1.241098e+01 1.080698e+00 0.000000e+00 6.370199e-01 1.435710e+00 1.997354e+00 6.659267e-01 3.936880e+00 2.293850e+00 2.351288e+00 2.455248e+00 2.521557e+00 7.217163e-01 0.000000e+00 7.270284e-01 1.735276e+00 7.176111e-01 7.142472e-01 7.026460e-01 6.795615e-01 0.000000e+00 7.039981e-01 1.263162e+00 1.732900e+00 2.121922e+00 2.427544e+00 2.657062e+00 0.000000e+00 0.000000e+00 2.090519e+00 7.620519e-01 1.407892e+00 1.952185e+00 2.400257e+00 2.764759e+00 3.059597e+00 3.299834e+00 3.499478e+00 3.663860e+00 3.794855e+00 3.896572e+00
-9.999000e+03 -9.999000e+03 -9.999000e+03 -9.999000e+03 -9.999000e+03 -9.999000e+03 -9.999000e+03 -9.999000e+03 -9.999000e+03 0.000000e+00 1.134238e+01 1.731118e+00 6.307207e-01 0.000000e+00 1.096538e+00 1.883910e+00 0.000000e+00 4.110905e+00 2.250293e+00 2.300440e+00 2.425652e+00 2.441660e+00 0.000000e+00 0.000000e+00 7.289516e-01 1.296157e+00 0.000000e+00 0.000000e+00 0.000000e+00 0.000000e+00 0.000000e+00 6.810247e-01 1.225364e+00 1.679009e+00 2.064113e+00 2.386932e+00 2.648372e+00 0.000000e+00 2.820191e+00 7.415833e-01 7.599758e-01 2.420098e+00 2.718824e+00 2.978230e+00 3.190978e+00 3.360129e+00 3.494318e+00 3.602376e+00 3.692720e+00 3.769531e+00 7.775763e+01 8.010879e+01
-9.999000e+03 -9.999000e+03 -9.999000e+03 -9.999000e+03 -9.999000e+03 -9.999000e+03 -9.999000e+03 -9.999000e+03 1.884338e+00 3.734156e+00 9.115809e+00 1.486043e+00 0.000000e+00 6.380039e-01 1.715598e+00 1.936238e+00 4.216381e+00 2.231552e+00 2.283162e+00 2.457651e+00 2.364297e+00 7.113106e-01 1.264269e+00 1.704882e+00 2.060083e+00 1.416720e+01 1.600245e+01 1.540085e+01 1.472400e+01 1.396171e+01 1.309734e+01 1.215485e+01 1.117160e+01 1.015636e+01 9.112172e+00 8.038087e+00 6.933284e+00 8.659227e+00 8.292242e+00 1.020976e+01 1.089873e+01 1.202664e+01 1.172344e+01 1.136653e+01 1.094844e+01 1.047578e+01 9.957095e+00 9.395144e+00 8.790480e+00 7.484209e+01 3.927555e+00 3.914033e+00
-9.999000e+03 -9.999000e+03 -9.999000e+03 -9.999000e+03 -9.999000e+03 -9.999000e+03 -9.999000e+03 0.000000e+00 1.879829e+00 8.641013e+00 6.619929e-01 1.128961e+00 0.000000e+00 1.476443e+00 1.765682e+00 2.100539e+00 2.193659e+00 2.276221e+00 2.570063e+00 2.289084e+00 0.000000e+00 0.000000e+00 7.171204e-01 1.054832e+01 1.226587e+01 2.087518e+00 1.298343e+00 1.740350e+00 2.080808e+00 2.330552e+00 2.492398e+00 2.601139e+00 2.696111e+00 2.791137e+00 2.892372e+00 2.997905e+00 3.099791e+00 3.189267e+00 3.258395e+00 3.313608e+00 3.367229e+00 3.419023e+00 3.464273e+00 3.502274e+00 3.533078e+00 3.560102e+00 3.588384e+00 3.614379e+00 6.829770e+01 3.953266e+00 3.939238e+00 3.918281e+00
-9.999000e+03 -9.999000e+03 -9.999000e+03 -9.999000e+03 -9.999000e+03 -9.999000e+03 -9.999000e+03 0.000000e+00 2.225155e-01 8.506305e+00 0.000000e+00 6.425698e-01 1.126233e+00 1.516297e+00 1.982174e+00 2.114871e+00 2.237001e+00 2.748110e+00 2.202661e+00 2.296770e+00 4.763899e+00 7.171913e+00 9.551257e+00 1.733630e+00 1.737561e+00 7.257283e-01 0.000000e+00 7.325061e-01 1.302383e+00 1.746297e+00 2.077809e+00 2.330783e+00 2.539909e+00 2.717009e+00 2.867765e+00 2.994998e+00 4.002418e+01 4.227083e+01 4.452127e+01 4.677617e+01 4.904296e+01 5.132407e+01 5.362950e+01 5.250152e+01 5.123898e+01 4.986481e+01 6.293897e+01 6.563998e+01 3.964212e+00 3.959181e+00 3.941349e+00 3.922711e+00
-9.999000e+03 -9.999000e+03 -9.999000e+03 -9.999000e+03 -9.999000e+03 -9.999000e+03 -9.999000e+03 0.000000e+00 7.384960e+00 1.490520e+00 0.000000e+00 6.458127e-01 1.155316e+00 1.791070e+00 1.976741e+00 2.158045e+00 2.972742e+00 2.066659e+00 2.189861e+00 2.272930e+00 2.355222e+00 2.446498e+00 1.285909e+00 1.296384e+00 0.000000e+00 0.000000e+00 7.355800e-01 1.313875e+00 1.769962e+00 2.124072e+00 2.390653e+00 2.591050e+00 2.748129e+00 3.352855e+01 3.579704e+01 3.806914e+01 3.416472e+00 3.456001e+00 3.491402e+00 3.527203e+00 3.570277e+00 3.641796e+00 3.692657e+00 7.523464e+00 1.128575e+01 1.499746e+01 3.912708e+00 3.937264e+00 3.948620e+00 3.949081e+00 3.947201e+00 3.920118e+00
