tests/data/reference/test_implicit_stream_rill_mfda/control/cvin_m3.asc
ncols	123
nrows	77
xllcorner	-713746.79929998
yllcorner	-1061022.36961616
cellsize	10.0
NODATA_value	-9999
[rows 46 to 68 of 77, columns 52 to 103 of 123]
3.893798e+00 3.272960e+00 3.220168e+00 3.153711e+00 3.104696e+00 1.377827e+00 1.383619e+00 1.384808e+00 1.392328e+00 3.004919e+00 1.895269e+00 2.730939e+01 3.563033e+00 1.948991e+00 1.434043e+00 1.429110e+00 2.728201e+00 1.433463e+00 1.458640e+00 1.483858e+00 1.494838e+00 1.504246e+00 1.522596e+00 1.539151e+00 3.947952e+00 0.000000e+00 0.000000e+00 0.000000e+00 8.968922e-01 1.651299e+00 2.300153e+00 2.846105e+00 3.074357e+00 3.698074e+00 4.231857e+00 4.290813e+00 4.227526e+00 0.000000e+00 0.000000e+00 0.000000e+00 0.000000e+00 0.000000e+00 0.000000e+00 0.000000e+00 0.000000e+00 0.000000e+00 0.000000e+00 2.682941e+00 3.415260e+00 3.430578e+00 3.342511e+00 3.415431e+00
3.089394e+00 3.057125e+00 2.997462e+00 2.934621e+00 7.580566e-01 7.647223e-01 7.636589e-01 7.650852e-01 2.788591e+00 1.379601e+00 2.843287e+01 3.551200e+00 1.414695e+00 7.896889e-01 7.860905e-01 2.372191e+00 7.821804e-01 7.887181e-01 8.029484e-01 8.105993e-01 8.124877e-01 8.188850e-01 8.294237e-01 3.759161e+00 0.000000e+00 8.382489e-01 0.000000e+00 4.779005e-01 1.247852e+00 1.939221e+00 2.555032e+00 3.094328e+00 3.553493e+00 4.039750e+00 4.507993e+00 4.325646e+00 4.292960e+00 0.000000e+00 0.000000e+00 0.000000e+00 0.000000e+00 0.000000e+00 0.000000e+00 0.000000e+00 0.000000e+00 0.000000e+00 0.000000e+00 2.974115e+00 3.496281e+00 3.495030e+00 3.444386e+00 3.496776e+00
2.805906e+00 2.771402e+00 2.718761e+00 0.000000e+00 0.000000e+00 0.000000e+00 0.000000e+00 2.532980e+00 7.592415e-01 2.950970e+01 3.557776e+00 7.771046e-01 0.000000e+00 0.000000e+00 1.944630e+00 0.000000e+00 0.000000e+00 0.000000e+00 0.000000e+00 0.000000e+00 0.000000e+00 0.000000e+00 3.552346e+00 8.260639e-01 1.534243e+00 2.141825e+00 0.000000e+00 2.370173e+00 3.004429e+00 3.552827e+00 4.032933e+00 4.447696e+00 4.793799e+00 0.000000e+00 0.000000e+00 4.316309e+00 4.322928e+00 0.000000e+00 0.000000e+00 0.000000e+00 0.000000e+00 0.000000e+00 0.000000e+00 0.000000e+00 0.000000e+00 0.000000e+00 0.000000e+00 3.223697e+00 3.579536e+00 3.569616e+00 3.547019e+00 3.591717e+00
2.439458e+00 2.408825e+00 0.000000e+00 7.479418e-01 1.345645e+00 1.831482e+00 2.222321e+00 0.000000e+00 3.053598e+01 3.569342e+00 0.000000e+00 0.000000e+00 7.849463e-01 1.422700e+00 0.000000e+00 7.823567e-01 1.414049e+00 1.938500e+00 2.382992e+00 2.758665e+00 3.071302e+00 3.331866e+00 0.000000e+00 0.000000e+00 4.907799e+00 1.028921e+01 0.000000e+00 1.244538e+00 1.900086e+00 2.586364e+00 3.189056e+00 3.718090e+00 4.173657e+00 5.052146e+00 7.995442e-01 4.498344e+00 4.315601e+00 0.000000e+00 0.000000e+00 0.000000e+00 0.000000e+00 0.000000e+00 0.000000e+00 0.000000e+00 0.000000e+00 0.000000e+00 0.000000e+00 3.441099e+00 3.669076e+00 3.654326e+00 3.650577e+00 3.692162e+00
1.985988e+00 1.466122e+01 1.411187e+01 1.347906e+01 1.277172e+01 1.199685e+01 1.115967e+01 3.150630e+01 3.572427e+00 0.000000e+00 7.687509e-01 1.391947e+00 1.908454e+00 2.335844e+00 2.683826e+00 2.964361e+00 3.189115e+00 3.371181e+00 3.523820e+00 3.652360e+00 3.758993e+00 3.847417e+00 3.920848e+00 3.989892e+00 5.569972e+00 3.806966e+00 0.000000e+00 0.000000e+00 8.419278e-01 1.654923e+00 2.371316e+00 3.005665e+00 3.562963e+00 8.580565e+00 5.221652e+00 0.000000e+00 4.274512e+00 0.000000e+00 0.000000e+00 0.000000e+00 0.000000e+00 0.000000e+00 0.000000e+00 0.000000e+00 8.256545e-01 8.264634e-01 0.000000e+00 3.633114e+00 3.767373e+00 3.749288e+00 3.754191e+00 3.789827e+00
1.511921e+01 3.654029e+00 7.391420e+00 8.113416e+00 1.168979e+01 1.830581e+01 2.176024e+01 3.544650e+00 3.329627e+00 3.407036e+00 3.461160e+00 3.500704e+00 3.530435e+00 3.556352e+00 3.581769e+00 3.609378e+00 7.302460e+00 7.204812e+00 7.064345e+00 6.888303e+00 6.680417e+00 6.440381e+00 6.165184e+00 5.868070e+00 3.637397e+00 0.000000e+00 0.000000e+00 8.385916e-01 1.548588e+00 2.163345e+00 2.842479e+00 3.442536e+00 3.970119e+00 4.420357e+00 8.813664e+00 5.311836e+00 4.449628e+00 0.000000e+00 0.000000e+00 0.000000e+00 0.000000e+00 0.000000e+00 0.000000e+00 0.000000e+00 1.512506e+00 1.516454e+00 0.000000e+00 3.805071e+00 3.873232e+00 3.851929e+00 3.857658e+00 3.883021e+00
3.514231e+00 3.509790e+00 0.000000e+00 3.655393e+00 7.046380e+00 3.882795e+00 3.467293e+00 3.205097e+00 3.516003e+00 3.566909e+00 3.602144e+00 3.626685e+00 3.638949e+00 3.643922e+00 3.646987e+00 3.651700e+00 0.000000e+00 7.927504e-01 1.453838e+00 2.017567e+00 2.499535e+00 2.900188e+00 3.209750e+00 3.446084e+00 0.000000e+00 8.177256e-01 0.000000e+00 1.432743e+00 2.083640e+00 2.649508e+00 3.142399e+00 3.736990e+00 4.253344e+00 4.693282e+00 4.777987e+00 8.931954e+00 0.000000e+00 8.569368e-01 0.000000e+00 0.000000e+00 0.000000e+00 0.000000e+00 0.000000e+00 8.249490e-01 2.092803e+00 2.101914e+00 8.325367e-01 3.961424e+00 3.983805e+00 3.958633e+00 3.961385e+00 3.974184e+00
3.323841e+00 3.327690e+00 3.517910e+00 7.131775e+00 3.876686e+00 3.337505e+00 3.020771e+00 3.425803e+00 3.700640e+00 7.092784e+00 7.033674e+00 6.915270e+00 6.732450e+00 6.490262e+00 6.196838e+00 5.863451e+00 5.503836e+00 5.138385e+00 4.791811e+00 4.488693e+00 4.261916e+00 4.135172e+00 8.064546e+00 8.724813e+00 8.560988e+00 8.371337e+00 0.000000e+00 2.338334e+00 2.772951e+00 3.200596e+00 3.595647e+00 3.947053e+00 4.440508e+00 4.861725e+00 5.051781e+00 1.411016e+01 0.000000e+00 1.576990e+00 0.000000e+00 0.000000e+00 0.000000e+00 0.000000e+00 8.219321e-01 1.508857e+00 2.584779e+00 2.600014e+00 1.528676e+00 4.104610e+00 4.097358e+00 4.067397e+00 4.064187e+00 4.064200e+00
3.084771e+00 3.675864e+00 7.120155e+00 3.832829e+00 3.144681e+00 2.771244e+00 3.284550e+00 3.659740e+00 3.209597e+00 3.723050e+00 3.763089e+00 3.803316e+00 3.835865e+00 3.854955e+00 3.855160e+00 3.840814e+00 3.821205e+00 3.806706e+00 3.808451e+00 3.832070e+00 3.880187e+00 3.939378e+00 0.000000e+00 0.000000e+00 8.066705e-01 1.487334e+00 0.000000e+00 1.588402e+00 2.227526e+00 2.786954e+00 3.446786e+00 4.059422e+00 4.379059e+00 4.832272e+00 1.043454e+01 1.938461e+01 0.000000e+00 0.000000e+00 0.000000e+00 0.000000e+00 0.000000e+00 0.000000e+00 1.495070e+00 2.083695e+00 3.001418e+00 3.023955e+00 2.121789e+00 4.235316e+00 4.211990e+00 4.176948e+00 4.164618e+00 4.153635e+00
3.540594e+00 3.073387e+00 3.751921e+00 2.864654e+00 2.441916e+00 3.083638e+00 3.581821e+00 2.993263e+00 3.682655e+00 0.000000e+00 7.160907e+00 1.048698e+01 1.041838e+01 1.679671e+01 2.038039e+01 2.001311e+01 1.956691e+01 1.905125e+01 1.847714e+01 1.785182e+01 1.718057e+01 1.645437e+01 1.565156e+01 1.478874e+01 1.389768e+01 0.000000e+00 0.000000e+00 8.706637e-01 1.594348e+00 2.225118e+00 2.778360e+00 3.259628e+00 3.670195e+00 4.017318e+00 4.507128e+00 1.078484e+01 2.017873e+01 0.000000e+00 0.000000e+00 0.000000e+00 0.000000e+00 8.119650e-01 2.061797e+00 2.571616e+00 3.354772e+00 3.384546e+00 2.628994e+00 4.352935e+00 4.323391e+00 4.284785e+00 4.262603e+00 4.242294e+00
2.750450e+00 3.658874e+00 2.488326e+00 2.009404e+00 2.810097e+00 3.459666e+00 2.710255e+00 3.626251e+00 2.996403e+00 6.263403e+00 3.051310e+00 3.068029e+00 6.412325e+00 3.785710e+00 3.337590e+00 6.878780e+00 6.932447e+00 6.911812e+00 6.830355e+00 6.699542e+00 6.528586e+00 6.316539e+00 6.056476e+00 5.767632e+00 5.479117e+00 0.000000e+00 4.446306e-01 1.171237e+00 1.829743e+00 2.412298e+00 2.922455e+00 3.366193e+00 3.749676e+00 4.078708e+00 4.358756e+00 9.711875e+00 3.088616e+01 0.000000e+00 0.000000e+00 0.000000e+00 8.229658e-01 1.494145e+00 2.551213e+00 2.992312e+00 3.656554e+00 3.691249e+00 3.062222e+00 4.456219e+00 4.426620e+00 4.387807e+00 4.358374e+00 4.329740e+00
3.563527e+00 2.024304e+00 1.466520e+00 2.448360e+00 3.282964e+00 2.352508e+00 3.550942e+00 2.696658e+00 2.726463e+00 2.747765e+00 2.759811e+00 2.769926e+00 3.704175e+00 3.082413e+00 3.103350e+00 3.749887e+00 7.187608e+00 1.059437e+01 1.439118e+01 1.451631e+01 1.454940e+01 1.424556e+01 1.385142e+01 1.339518e+01 1.289764e+01 0.000000e+00 4.559991e-01 1.176042e+00 1.828137e+00 2.400231e+00 2.895624e+00 3.325879e+00 3.703282e+00 4.032258e+00 4.315178e+00 4.759231e+00 1.509648e+01 3.084543e+01 0.000000e+00 9.170247e-01 1.625538e+00 2.085824e+00 2.978289e+00 3.356394e+00 3.913516e+00 3.950701e+00 3.431406e+00 4.545518e+00 4.517893e+00 4.480780e+00 4.447006e+00 4.411237e+00
1.459262e+00 8.130112e-01 2.006255e+00 3.050142e+00 1.910655e+00 3.452755e+00 2.333282e+00 2.359242e+00 2.376871e+00 2.387896e+00 2.393593e+00 3.626798e+00 2.760067e+00 2.787222e+00 3.659182e+00 3.089237e+00 3.117012e+00 3.736750e+00 3.398883e+00 7.097551e+00 7.217517e+00 7.267675e+00 7.254856e+00 7.188730e+00 7.079142e+00 0.000000e+00 4.575213e-01 1.177254e+00 1.823262e+00 2.386517e+00 1.449514e+01 1.515343e+01 1.587052e+01 2.405461e+01 2.705219e+01 2.782483e+01 2.868044e+01 7.584945e+01 0.000000e+00 1.730965e+00 2.349069e+00 2.607697e+00 3.353473e+00 3.671401e+00 4.130494e+00 4.167950e+00 3.744788e+00 4.622126e+00 4.594429e+00 4.557497e+00 4.520759e+00 4.479021e+00
0.000000e+00 1.473584e+00 2.769210e+00 1.383978e+00 3.326357e+00 1.894268e+00 1.921380e+00 1.935446e+00 1.942011e+00 1.943467e+00 3.562769e+00 2.376836e+00 2.401749e+00 3.565750e+00 2.767735e+00 2.791121e+00 3.615850e+00 3.111342e+00 3.160514e+00 3.218862e+00 6.505181e+00 7.539735e+00 8.499164e+00 1.144074e+01 1.177170e+01 0.000000e+00 1.077093e+00 3.360697e+00 6.872513e+00 1.098779e+01 2.159197e+00 4.246474e+00 6.596863e+00 1.584765e+00 1.595637e+00 3.850235e+00 6.344777e+00 7.272271e+00 8.402478e+01 0.000000e+00 2.998654e+00 3.225104e+00 3.680590e+00 3.941246e+00 4.311378e+00 4.346614e+00 4.006530e+00 4.685483e+00 4.655671e+00 4.617401e+00 4.579285e+00 4.532681e+00
8.104416e-01 2.417101e+00 7.671295e-01 3.172459e+00 1.367858e+00 1.394021e+00 1.408727e+00 1.414736e+00 1.411086e+00 3.515299e+00 1.921888e+00 1.944834e+00 3.481871e+00 2.379512e+00 2.398854e+00 3.499794e+00 2.772470e+00 2.814798e+00 2.865458e+00 2.559453e+00 0.000000e+00 0.000000e+00 2.117093e+00 0.000000e+00 8.489926e-01 0.000000e+00 8.892441e-01 2.303763e+00 3.006114e+00 1.551027e+00 8.438330e-01 8.466608e-01 8.518894e-01 8.577513e-01 8.632949e-01 8.705644e-01 8.797088e-01 1.632531e+00 2.395950e+00 8.713586e+01 0.000000e+00 3.766968e+00 4.156641e+00 4.167682e+00 4.458943e+00 4.489559e+00 4.219105e+00 4.734002e+00 4.701790e+00 4.662582e+00 4.625854e+00 4.576133e+00
1.963726e+00 0.000000e+00 2.986646e+00 7.487690e-01 7.627681e-01 7.732494e-01 7.796828e-01 7.792448e-01 3.493682e+00 1.386128e+00 1.401248e+00 3.415878e+00 1.923062e+00 1.934733e+00 3.396679e+00 2.371496e+00 2.408077e+00 2.451741e+00 2.064824e+00 0.000000e+00 8.330216e-01 1.528880e+00 0.000000e+00 8.357467e-01 1.546368e+00 0.000000e+00 1.669657e+00 2.508423e+00 8.440492e-01 0.000000e+00 0.000000e+00 0.000000e+00 0.000000e+00 0.000000e+00 0.000000e+00 0.000000e+00 4.476237e+00 5.992994e+00 6.654036e+00 7.454752e+00 9.506388e+01 0.000000e+00 4.557320e+00 4.347629e+00 4.573668e+00 4.600112e+00 4.388040e+00 4.769513e+00 4.734995e+00 4.693711e+00 4.657552e+00 0.000000e+00
2.359406e+00 2.723808e+00 0.000000e+00 0.000000e+00 0.000000e+00 0.000000e+00 0.000000e+00 3.493860e+00 7.620605e-01 7.635913e-01 3.372347e+00 1.389147e+00 1.396436e+00 3.322195e+00 1.905890e+00 1.934628e+00 1.969826e+00 1.485332e+00 0.000000e+00 8.311480e-01 1.527804e+00 2.120579e+00 2.620794e+00 3.047314e+00 3.419280e+00 0.000000e+00 1.930571e+00 0.000000e+00 0.000000e+00 8.413006e-01 1.546900e+00 2.151201e+00 2.672065e+00 3.124451e+00 3.520714e+00 3.870853e+00 0.000000e+00 0.000000e+00 8.815710e-01 1.625924e+00 2.362644e+00 9.798044e+01 4.859734e+00 4.690383e+00 4.653288e+00 4.680896e+00 4.519350e+00 4.795081e+00 4.759084e+00 4.712454e+00 0.000000e+00 2.613562e+00
3.313327e+00 3.424256e+00 3.490608e+00 3.516251e+00 3.519283e+00 3.511117e+00 3.501961e+00 0.000000e+00 0.000000e+00 3.355351e+00 7.608705e-01 7.660026e-01 3.281974e+00 1.373207e+00 1.389623e+00 1.412619e+00 8.080929e-01 0.000000e+00 8.282989e-01 1.523116e+00 2.117420e+00 2.624959e+00 3.052318e+00 3.413031e+00 3.722452e+00 0.000000e+00 1.930197e+00 2.499628e+00 2.992791e+00 3.410603e+00 3.760780e+00 4.050414e+00 4.285877e+00 4.476668e+00 4.633271e+00 4.765221e+00 4.881325e+00 5.271693e+00 1.095668e+01 1.215158e+01 1.252437e+01 1.310966e+01 0.000000e+00 4.946696e+00 4.697476e+00 4.732908e+00 0.000000e+00 4.807651e+00 4.770584e+00 0.000000e+00 2.625334e+00 2.114850e+00
2.327904e+00 2.648406e+00 2.887440e+00 3.058140e+00 3.176056e+00 3.254962e+00 3.307996e+00 3.340766e+00 3.353556e+00 0.000000e+00 0.000000e+00 3.267949e+00 7.538065e-01 7.604628e-01 7.687216e-01 0.000000e+00 0.000000e+00 8.192853e-01 1.508105e+00 2.099243e+00 2.606953e+00 3.040358e+00 3.405016e+00 3.710129e+00 3.966172e+00 0.000000e+00 1.925547e+00 2.492837e+00 2.991265e+00 3.418702e+00 3.778418e+00 4.075565e+00 4.314945e+00 4.504280e+00 4.652674e+00 4.771034e+00 4.870544e+00 4.957696e+00 0.000000e+00 0.000000e+00 8.701416e-01 1.594940e+00 1.566943e+01 0.000000e+00 4.950970e+00 4.756487e+00 0.000000e+00 0.000000e+00 0.000000e+00 0.000000e+00 2.132698e+00 1.530410e+00
1.385988e+00 1.852865e+00 2.226413e+00 2.524833e+00 2.759892e+00 2.940992e+00 3.075258e+00 3.168694e+00 3.226349e+00 3.256002e+00 3.266789e+00 0.000000e+00 0.000000e+00 0.000000e+00 0.000000e+00 7.836374e-01 1.439149e+00 2.003840e+00 2.495975e+00 2.923728e+00 3.291222e+00 3.602832e+00 8.026084e+00 8.906130e+00 8.897771e+00 0.000000e+00 2.888618e+00 3.295087e+00 3.674285e+00 4.007612e+00 4.288982e+00 4.518254e+00 4.696689e+00 4.828795e+00 4.920706e+00 4.982127e+00 5.024711e+00 5.057005e+00 5.086092e+00 5.167532e+00 5.479622e+00 5.792554e+00 6.077834e+00 2.228242e+01 5.300262e+00 4.997540e+00 0.000000e+00 0.000000e+00 0.000000e+00 2.647277e+00 2.133208e+00 1.528002e+00
0.000000e+00 7.337530e-01 1.323269e+00 1.808428e+00 2.207744e+00 2.530113e+00 2.778015e+00 2.960492e+00 3.090026e+00 3.172213e+00 3.207837e+00 3.209783e+00 3.198172e+00 3.190116e+00 3.199541e+00 3.238991e+00 3.316193e+00 3.429079e+00 3.570752e+00 3.727996e+00 3.886132e+00 4.034171e+00 0.000000e+00 0.000000e+00 0.000000e+00 0.000000e+00 1.286911e+00 1.962120e+00 2.552057e+00 3.063936e+00 3.501626e+00 3.869323e+00 4.169728e+00 4.407728e+00 4.588921e+00 4.721455e+00 4.815530e+00 4.883952e+00 4.939153e+00 4.988323e+00 5.172781e+00 5.459211e+00 5.633436e+00 5.875991e+00 6.052241e+00 5.167103e+00 8.161758e-01 0.000000e+00 0.000000e+00 0.000000e+00 0.000000e+00 8.410318e-01
-9.999000e+03 -9.999000e+03 -9.999000e+03 -9.999000e+03 -9.999000e+03 -9.999000e+03 -9.999000e+03 0.000000e+00 0.000000e+00 0.000000e+00 0.000000e+00 0.000000e+00 7.333640e-01 1.323325e+00 1.820578e+00 2.247883e+00 2.619268e+00 2.946427e+00 3.239213e+00 3.498270e+00 3.720754e+00 3.906240e+00 4.054069e+00 4.175412e+00 0.000000e+00 5.151394e-01 1.204941e+00 1.837780e+00 2.408633e+00 2.917626e+00 3.364354e+00 3.748862e+00 4.069831e+00 4.328827e+00 4.527972e+00 4.672069e+00 4.768198e+00 4.831178e+00 4.877761e+00 4.917034e+00 4.956035e+00 5.188778e+00 5.510853e+00 5.652494e+00 5.900876e+00 6.069361e+00 1.575884e+00 0.000000e+00 0.000000e+00 0.000000e+00 0.000000e+00 0.000000e+00
-9.999000e+03 -9.999000e+03 -9.999000e+03 -9.999000e+03 -9.999000e+03 -9.999000e+03 -9.999000e+03 -9.999000e+03 -9.999000e+03 -9.999000e+03 7.342491e-01 7.258827e-01 0.000000e+00 0.000000e+00 7.777478e-01 1.420232e+00 1.959350e+00 2.418786e+00 2.817934e+00 3.160992e+00 3.446971e+00 3.679546e+00 3.862798e+00 4.012145e+00 0.000000e+00 5.113953e-01 1.199425e+00 1.828583e+00 2.396690e+00 2.905680e+00 3.433642e+00 3.801865e+00 4.120774e+00 4.383032e+00 4.584988e+00 4.728863e+00 4.820376e+00 4.872386e+00 4.900754e+00 4.917982e+00 4.935378e+00 4.959091e+00 5.260125e+00 5.559454e+00 5.587488e+00 5.821773e+00 0.000000e+00 9.007016e-01 0.000000e+00 0.000000e+00 -9.999000e+03 -9.999000e+03
