tests/data/reference/test_implicit_stream_rill_mfda/control/cvin_m3.asc
ncols	123
nrows	77
xllcorner	-713746.79929998
yllcorner	-1061022.36961616
cellsize	10.0
NODATA_value	-9999
[rows 46 to 68 of 77, columns 0 to 51 of 123]
-9.999000e+03 -9.999000e+03 -9.999000e+03 -9.999000e+03 -9.999000e+03 -9.999000e+03 0.000000e+00 6.484397e+00 1.137456e+00 1.157286e+00 0.000000e+00 6.710744e-01 1.513049e+00 1.764491e+00 2.031213e+00 3.229627e+00 1.873395e+00 2.054628e+00 2.172272e+00 2.259961e+00 2.346887e+00 7.188350e-01 7.284682e-01 7.332014e-01 1.300142e+00 1.748958e+00 2.114277e+00 2.405547e+00 2.623883e+00 2.782426e+00 2.896438e+00 2.931868e+01 3.162113e+01 3.304176e+00 3.353235e+00 3.389925e+00 3.416838e+00 3.438457e+00 3.461079e+00 3.491637e+00 3.566592e+00 3.609616e+00 3.681161e+00 3.738101e+00 3.797845e+00 3.848934e+00 3.884769e+00 3.907518e+00 3.923350e+00 3.949478e+00 3.937895e+00 3.923938e+00
-9.999000e+03 -9.999000e+03 -9.999000e+03 -9.999000e+03 -9.999000e+03 -9.999000e+03 4.505688e+00 3.206197e+00 6.592452e-01 6.642053e-01 0.000000e+00 1.127708e+00 1.457866e+00 1.842339e+00 3.469982e+00 1.577574e+00 1.847966e+00 2.033883e+00 2.156800e+00 2.246829e+00 0.000000e+00 0.000000e+00 0.000000e+00 0.000000e+00 7.328069e-01 1.308333e+00 1.775510e+00 2.039409e+01 2.266882e+01 2.494173e+01 2.724359e+01 3.201130e+00 3.243949e+00 3.299014e+00 3.332953e+00 3.354172e+00 3.367195e+00 3.378176e+00 3.396280e+00 3.478454e+00 3.504158e+00 3.579153e+00 3.631385e+00 3.691890e+00 3.747582e+00 3.792333e+00 3.824711e+00 3.850261e+00 3.900630e+00 3.902445e+00 3.908493e+00 3.883584e+00
-9.999000e+03 -9.999000e+03 -9.999000e+03 -9.999000e+03 -9.999000e+03 0.000000e+00 2.787143e+00 3.179864e+00 0.000000e+00 0.000000e+00 6.319473e-01 1.075552e+00 1.626522e+00 3.689846e+00 1.171701e+00 1.541845e+00 1.812637e+00 2.003215e+00 2.129589e+00 2.218451e+00 4.610548e+00 6.925333e+00 9.205521e+00 1.297200e+01 1.475582e+01 1.674974e+01 1.887841e+01 2.824820e+00 2.908453e+00 3.012326e+00 3.081185e+00 3.137394e+00 3.208572e+00 3.246819e+00 3.268174e+00 3.278870e+00 3.283314e+00 3.289493e+00 3.387618e+00 3.390638e+00 3.471610e+00 3.514857e+00 3.573858e+00 3.630063e+00 3.677436e+00 3.714620e+00 3.747440e+00 3.825922e+00 3.831614e+00 3.852014e+00 3.829345e+00 2.820308e+00
-9.999000e+03 -9.999000e+03 -9.999000e+03 -9.999000e+03 3.110811e+00 1.908647e+00 1.104600e+00 2.359018e+00 0.000000e+00 0.000000e+00 6.099218e-01 1.405122e+00 3.885169e+00 6.568892e-01 1.143760e+00 1.502650e+00 1.764341e+00 1.954666e+00 2.080193e+00 2.132435e+00 2.180650e+00 2.241054e+00 4.138999e+00 1.787672e+00 2.159622e+00 2.425485e+00 2.593144e+00 2.692583e+00 2.822930e+00 2.903774e+00 2.972466e+00 3.070020e+00 3.121854e+00 3.150195e+00 3.163598e+00 3.167019e+00 3.166583e+00 3.292033e+00 3.264052e+00 3.356849e+00 3.388745e+00 3.446547e+00 3.502536e+00 3.549614e+00 3.586045e+00 3.619636e+00 3.730077e+00 3.733812e+00 3.766269e+00 3.733699e+00 2.457603e+00 2.456657e+00
-9.999000e+03 -9.999000e+03 -9.999000e+03 -9.999000e+03 1.237489e+00 1.751954e+00 6.236617e-01 9.735987e-01 5.941282e-01 0.000000e+00 1.158803e+00 4.035963e+00 0.000000e+00 6.397056e-01 1.106731e+00 1.445117e+00 1.700675e+00 1.890661e+00 1.956830e+00 1.986975e+00 2.022327e+00 4.217964e+00 1.311896e+00 1.757059e+00 2.080681e+00 2.287921e+00 2.400861e+00 2.559604e+00 2.654395e+00 2.738123e+00 2.865807e+00 2.934105e+00 2.974931e+00 2.997625e+00 3.006096e+00 3.006138e+00 3.183032e+00 3.118144e+00 3.230516e+00 3.245536e+00 3.302776e+00 3.360995e+00 3.409106e+00 3.443691e+00 3.474694e+00 3.622880e+00 3.611296e+00 3.653843e+00 3.605124e+00 2.002529e+00 2.007113e+00 2.002620e+00
-9.999000e+03 -9.999000e+03 -9.999000e+03 0.000000e+00 1.882028e+00 1.509460e+00 0.000000e+00 5.476145e-01 0.000000e+00 8.544027e-01 2.612690e+00 1.252748e+00 0.000000e+00 6.137921e-01 1.047747e+00 1.373784e+00 1.627986e+00 1.723599e+00 1.756701e+00 1.771172e+00 4.234885e+00 7.212568e-01 1.265292e+00 1.658494e+00 1.908358e+00 2.032625e+00 2.226218e+00 2.329926e+00 2.425924e+00 2.592838e+00 2.679116e+00 2.732303e+00 2.765225e+00 2.781703e+00 2.786467e+00 3.041668e+00 2.934982e+00 3.085730e+00 3.080054e+00 3.134666e+00 3.194061e+00 3.246503e+00 3.282039e+00 3.311309e+00 3.511236e+00 3.470849e+00 3.516953e+00 3.442317e+00 1.453867e+00 1.458446e+00 1.457932e+00 1.451636e+00
-9.999000e+03 -9.999000e+03 -9.999000e+03 0.000000e+00 1.760209e+00 5.098004e-01 0.000000e+00 0.000000e+00 4.817121e-01 5.044358e-01 1.679407e+00 1.029226e+00 0.000000e+00 5.695244e-01 9.801576e-01 1.304786e+00 1.413450e+00 1.457544e+00 1.475176e+00 4.188014e+00 0.000000e+00 6.833125e-01 1.171837e+00 1.475105e+00 1.599337e+00 1.835394e+00 1.945770e+00 2.048492e+00 2.259786e+00 2.365259e+00 2.432223e+00 2.475581e+00 2.498469e+00 2.505352e+00 2.866227e+00 2.697618e+00 2.906439e+00 2.878259e+00 2.936705e+00 2.994413e+00 3.046529e+00 3.084540e+00 3.115247e+00 3.389198e+00 3.310053e+00 3.358539e+00 3.246387e+00 7.956608e-01 8.003568e-01 8.010611e-01 7.982050e-01 1.549537e+01
-9.999000e+03 -9.999000e+03 5.298961e+00 0.000000e+00 5.149924e-01 4.516745e-01 0.000000e+00 0.000000e+00 0.000000e+00 0.000000e+00 1.169030e+00 7.861134e-01 0.000000e+00 5.242775e-01 9.275739e-01 1.033813e+00 1.071286e+00 1.088002e+00 2.215697e+00 1.473880e+00 0.000000e+00 6.269127e-01 1.006083e+00 1.117727e+00 1.402994e+00 1.510622e+00 1.614729e+00 1.878483e+00 1.996182e+00 2.075035e+00 2.130389e+00 2.161593e+00 2.169402e+00 2.668875e+00 2.408094e+00 2.693525e+00 2.623352e+00 2.691731e+00 2.757372e+00 2.807256e+00 2.840181e+00 2.870014e+00 3.244272e+00 3.112988e+00 3.168515e+00 3.013030e+00 0.000000e+00 0.000000e+00 0.000000e+00 0.000000e+00 1.579024e+01 3.326322e+00
-9.999000e+03 -9.999000e+03 7.782671e+00 5.771468e-01 0.000000e+00 0.000000e+00 0.000000e+00 0.000000e+00 5.117612e-01 7.980619e-01 0.000000e+00 4.758390e-01 0.000000e+00 5.015935e-01 5.766321e-01 6.044556e-01 6.059598e-01 6.181147e-01 6.380486e-01 1.148950e+00 0.000000e+00 5.079721e-01 5.881913e-01 9.486037e-01 1.039700e+00 1.129262e+00 1.457576e+00 1.576154e+00 1.655144e+00 1.716628e+00 1.756607e+00 1.770899e+00 2.459882e+00 2.071904e+00 2.463587e+00 2.323411e+00 2.393796e+00 2.468306e+00 2.523762e+00 2.551752e+00 2.574071e+00 3.075087e+00 2.865157e+00 2.928475e+00 2.724612e+00 2.734273e+00 3.027146e+00 3.266591e+00 1.241800e+01 1.599916e+01 3.084513e+00 3.084063e+00
-9.999000e+03 0.000000e+00 7.368783e+00 1.056484e+00 0.000000e+00 0.000000e+00 0.000000e+00 0.000000e+00 -9.999000e+03 -9.999000e+03 -9.999000e+03 0.000000e+00 0.000000e+00 0.000000e+00 0.000000e+00 0.000000e+00 0.000000e+00 0.000000e+00 0.000000e+00 0.000000e+00 0.000000e+00 0.000000e+00 4.784874e-01 5.442907e-01 6.048041e-01 1.012912e+00 1.113087e+00 1.176483e+00 1.230102e+00 1.269648e+00 1.287751e+00 2.235767e+00 1.683958e+00 2.225159e+00 1.982215e+00 2.048134e+00 2.124008e+00 2.184089e+00 2.210433e+00 2.224637e+00 2.887786e+00 2.564742e+00 2.630239e+00 2.367898e+00 2.375990e+00 3.159366e+00 6.086613e+00 8.941037e+00 3.566346e+00 2.780196e+00 2.782116e+00 2.779951e+00
-9.999000e+03 3.489129e+00 1.352971e+00 0.000000e+00 0.000000e+00 0.000000e+00 -9.999000e+03 -9.999000e+03 -9.999000e+03 -9.999000e+03 -9.999000e+03 -9.999000e+03 0.000000e+00 0.000000e+00 5.630913e-01 9.561659e-01 0.000000e+00 6.058940e-01 1.047567e+00 1.334263e+00 0.000000e+00 0.000000e+00 0.000000e+00 0.000000e+00 5.441201e-01 6.061722e-01 6.375517e-01 6.676612e-01 6.942313e-01 7.066144e-01 1.991113e+00 1.223199e+00 1.978742e+00 1.591433e+00 1.647482e+00 1.717710e+00 1.776967e+00 1.804615e+00 1.812904e+00 2.682282e+00 2.205628e+00 2.269013e+00 1.932837e+00 1.941531e+00 2.918579e+00 2.360384e+00 2.372642e+00 3.437511e+00 2.402723e+00 2.409382e+00 2.406397e+00 3.371425e+00
0.000000e+00 2.358738e+00 4.692144e-01 0.000000e+00 0.000000e+00 0.000000e+00 -9.999000e+03 -9.999000e+03 -9.999000e+03 -9.999000e+03 -9.999000e+03 -9.999000e+03 -9.999000e+03 -9.999000e+03 -9.999000e+03 0.000000e+00 1.231640e+00 0.000000e+00 0.000000e+00 0.000000e+00 1.854615e+00 -9.999000e+03 -9.999000e+03 0.000000e+00 0.000000e+00 0.000000e+00 0.000000e+00 0.000000e+00 0.000000e+00 1.734013e+00 6.702541e-01 1.719808e+00 1.141767e+00 1.181510e+00 1.239168e+00 1.290489e+00 1.314081e+00 1.323072e+00 2.462166e+00 1.783021e+00 1.835543e+00 1.406788e+00 1.415924e+00 2.627467e+00 1.923406e+00 1.926948e+00 3.291331e+00 1.946365e+00 1.953547e+00 1.954763e+00 3.169616e+00 2.359782e+00
0.000000e+00 0.000000e+00 0.000000e+00 0.000000e+00 0.000000e+00 -9.999000e+03 -9.999000e+03 -9.999000e+03 -9.999000e+03 -9.999000e+03 -9.999000e+03 -9.999000e+03 -9.999000e+03 -9.999000e+03 -9.999000e+03 -9.999000e+03 -9.999000e+03 -9.999000e+03 -9.999000e+03 -9.999000e+03 -9.999000e+03 -9.999000e+03 -9.999000e+03 0.000000e+00 0.000000e+00 0.000000e+00 6.132344e-01 1.074289e+00 1.445290e+00 0.000000e+00 1.450443e+00 6.207056e-01 6.423742e-01 6.750417e-01 7.106120e-01 7.254697e-01 7.289464e-01 2.218417e+00 1.294158e+00 1.326181e+00 7.719516e-01 7.805033e-01 2.275552e+00 1.402880e+00 1.403786e+00 3.132180e+00 1.409598e+00 1.412815e+00 1.414175e+00 2.933775e+00 1.909715e+00 3.476033e+00
-9.999000e+03 0.000000e+00 0.000000e+00 0.000000e+00 -9.999000e+03 -9.999000e+03 -9.999000e+03 -9.999000e+03 -9.999000e+03 -9.999000e+03 -9.999000e+03 -9.999000e+03 -9.999000e+03 -9.999000e+03 -9.999000e+03 -9.999000e+03 -9.999000e+03 -9.999000e+03 -9.999000e+03 -9.999000e+03 -9.999000e+03 -9.999000e+03 -9.999000e+03 -9.999000e+03 -9.999000e+03 -9.999000e+03 0.000000e+00 0.000000e+00 6.602998e-01 1.140089e+00 0.000000e+00 0.000000e+00 0.000000e+00 0.000000e+00 0.000000e+00 0.000000e+00 1.939958e+00 7.118923e-01 7.300313e-01 0.000000e+00 0.000000e+00 1.853322e+00 7.730009e-01 7.755180e-01 2.952679e+00 7.774969e-01 7.778320e-01 7.765980e-01 2.653476e+00 1.387730e+00 3.411252e+00 7.898515e-01
-9.999000e+03 -9.999000e+03 -9.999000e+03 -9.999000e+03 -9.999000e+03 -9.999000e+03 -9.999000e+03 -9.999000e+03 -9.999000e+03 -9.999000e+03 -9.999000e+03 -9.999000e+03 -9.999000e+03 -9.999000e+03 -9.999000e+03 -9.999000e+03 -9.999000e+03 -9.999000e+03 -9.999000e+03 -9.999000e+03 -9.999000e+03 -9.999000e+03 -9.999000e+03 -9.999000e+03 -9.999000e+03 -9.999000e+03 -9.999000e+03 -9.999000e+03 0.000000e+00 6.481141e-01 0.000000e+00 0.000000e+00 0.000000e+00 6.577791e-01 1.189495e+00 1.616773e+00 0.000000e+00 0.000000e+00 0.000000e+00 7.461096e-01 1.351894e+00 0.000000e+00 0.000000e+00 2.736148e+00 0.000000e+00 0.000000e+00 0.000000e+00 2.320338e+00 7.635694e-01 3.352998e+00 0.000000e+00 0.000000e+00
-9.999000e+03 -9.999000e+03 -9.999000e+03 -9.999000e+03 -9.999000e+03 -9.999000e+03 -9.999000e+03 -9.999000e+03 -9.999000e+03 -9.999000e+03 -9.999000e+03 -9.999000e+03 -9.999000e+03 -9.999000e+03 -9.999000e+03 -9.999000e+03 -9.999000e+03 -9.999000e+03 -9.999000e+03 -9.999000e+03 -9.999000e+03 -9.999000e+03 -9.999000e+03 -9.999000e+03 -9.999000e+03 -9.999000e+03 -9.999000e+03 -9.999000e+03 -9.999000e+03 0.000000e+00 1.068907e+00 5.946487e-01 6.167813e-01 0.000000e+00 0.000000e+00 0.000000e+00 0.000000e+00 0.000000e+00 7.234473e-01 1.301583e+00 1.775860e+00 2.164682e+00 2.479390e+00 0.000000e+00 7.734484e-01 1.398100e+00 1.908853e+00 0.000000e+00 3.288349e+00 0.000000e+00 7.775909e-01 1.417215e+00
-9.999000e+03 -9.999000e+03 -9.999000e+03 -9.999000e+03 -9.999000e+03 -9.999000e+03 -9.999000e+03 -9.999000e+03 -9.999000e+03 -9.999000e+03 -9.999000e+03 -9.999000e+03 -9.999000e+03 -9.999000e+03 -9.999000e+03 -9.999000e+03 -9.999000e+03 -9.999000e+03 -9.999000e+03 -9.999000e+03 -9.999000e+03 -9.999000e+03 -9.999000e+03 -9.999000e+03 -9.999000e+03 -9.999000e+03 -9.999000e+03 -9.999000e+03 -9.999000e+03 -9.999000e+03 6.078444e-01 -9.999000e+03 -9.999000e+03 -9.999000e+03 -9.999000e+03 -9.999000e+03 -9.999000e+03 -9.999000e+03 0.000000e+00 7.379463e-01 1.322200e+00 1.790058e+00 2.158746e+00 2.454696e+00 2.702109e+00 2.908703e+00 3.077511e+00 3.206468e+00 0.000000e+00 7.569843e-01 1.382709e+00 1.911577e+00
-9.999000e+03 -9.999000e+03 -9.999000e+03 -9.999000e+03 -9.999000e+03 -9.999000e+03 -9.999000e+03 -9.999000e+03 -9.999000e+03 -9.999000e+03 -9.999000e+03 -9.999000e+03 -9.999000e+03 -9.999000e+03 -9.999000e+03 -9.999000e+03 -9.999000e+03 -9.999000e+03 -9.999000e+03 -9.999000e+03 -9.999000e+03 -9.999000e+03 -9.999000e+03 -9.999000e+03 -9.999000e+03 -9.999000e+03 -9.999000e+03 -9.999000e+03 -9.999000e+03 -9.999000e+03 -9.999000e+03 -9.999000e+03 -9.999000e+03 -9.999000e+03 -9.999000e+03 -9.999000e+03 -9.999000e+03 -9.999000e+03 -9.999000e+03 -9.999000e+03 -9.999000e+03 0.000000e+00 0.000000e+00 0.000000e+00 7.623742e-01 1.378100e+00 1.878856e+00 2.276125e+00 2.571173e+00 2.798661e+00 2.996830e+00 3.169477e+00
-9.999000e+03 -9.999000e+03 -9.999000e+03 -9.999000e+03 -9.999000e+03 -9.999000e+03 -9.999000e+03 -9.999000e+03 -9.999000e+03 -9.999000e+03 -9.999000e+03 -9.999000e+03 -9.999000e+03 -9.999000e+03 -9.999000e+03 -9.999000e+03 -9.999000e+03 -9.999000e+03 -9.999000e+03 -9.999000e+03 -9.999000e+03 -9.999000e+03 -9.999000e+03 -9.999000e+03 -9.999000e+03 -9.999000e+03 -9.999000e+03 -9.999000e+03 -9.999000e+03 -9.999000e+03 -9.999000e+03 -9.999000e+03 -9.999000e+03 -9.999000e+03 -9.999000e+03 -9.999000e+03 -9.999000e+03 -9.999000e+03 -9.999000e+03 -9.999000e+03 -9.999000e+03 -9.999000e+03 -9.999000e+03 -9.999000e+03 0.000000e+00 0.000000e+00 7.694466e-01 1.375890e+00 0.000000e+00 7.575804e-01 1.387293e+00 1.911436e+00
-9.999000e+03 -9.999000e+03 -9.999000e+03 -9.999000e+03 -9.999000e+03 -9.999000e+03 -9.999000e+03 -9.999000e+03 -9.999000e+03 -9.999000e+03 -9.999000e+03 -9.999000e+03 -9.999000e+03 -9.999000e+03 -9.999000e+03 -9.999000e+03 -9.999000e+03 -9.999000e+03 -9.999000e+03 -9.999000e+03 -9.999000e+03 -9.999000e+03 -9.999000e+03 -9.999000e+03 -9.999000e+03 -9.999000e+03 -9.999000e+03 -9.999000e+03 -9.999000e+03 -9.999000e+03 -9.999000e+03 -9.999000e+03 -9.999000e+03 -9.999000e+03 -9.999000e+03 -9.999000e+03 -9.999000e+03 -9.999000e+03 -9.999000e+03 -9.999000e+03 -9.999000e+03 -9.999000e+03 -9.999000e+03 -9.999000e+03 -9.999000e+03 -9.999000e+03 -9.999000e+03 -9.999000e+03 -9.999000e+03 -9.999000e+03 0.000000e+00 7.828007e-01
-9.999000e+03 -9.999000e+03 -9.999000e+03 -9.999000e+03 -9.999000e+03 -9.999000e+03 -9.999000e+03 -9.999000e+03 -9.999000e+03 -9.999000e+03 -9.999000e+03 -9.999000e+03 -9.999000e+03 -9.999000e+03 -9.999000e+03 -9.999000e+03 -9.999000e+03 -9.999000e+03 -9.999000e+03 -9.999000e+03 -9.999000e+03 -9.999000e+03 -9.999000e+03 -9.999000e+03 -9.999000e+03 -9.999000e+03 -9.999000e+03 -9.999000e+03 -9.999000e+03 -9.999000e+03 -9.999000e+03 -9.999000e+03 -9.999000e+03 -9.999000e+03 -9.999000e+03 -9.999000e+03 -9.999000e+03 -9.999000e+03 -9.999000e+03 -9.999000e+03 -9.999000e+03 -9.999000e+03 -9.999000e+03 -9.999000e+03 -9.999000e+03 -9.999000e+03 -9.999000e+03 -9.999000e+03 -9.999000e+03 -9.999000e+03 -9.999000e+03 0.000000e+00
-9.999000e+03 -9.999000e+03 -9.999000e+03 -9.999000e+03 -9.999000e+03 -9.999000e+03 -9.999000e+03 -9.999000e+03 -9.999000e+03 -9.999000e+03 -9.999000e+03 -9.999000e+03 -9.999000e+03 -9.999000e+03 -9.999000e+03 -9.999000e+03 -9.999000e+03 -9.999000e+03 -9.999000e+03 -9.999000e+03 -9.999000e+03 -9.999000e+03 -9.999000e+03 -9.999000e+03 -9.999000e+03 -9.999000e+03 -9.999000e+03 -9.999000e+03 -9.999000e+03 -9.999000e+03 -9.999000e+03 -9.999000e+03 -9.999000e+03 -9.999000e+03 -9.999000e+03 -9.999000e+03 -9.999000e+03 -9.999000e+03 -9.999000e+03 -9.999000e+03 -9.999000e+03 -9.999000e+03 -9.999000e+03 -9.999000e+03 -9.999000e+03 -9.999000e+03 -9.999000e+03 -9.999000e+03 -9.999000e+03 -9.999000e+03 -9.999000e+03 -9.999000e+03
-9.999000e+03 -9.999000e+03 -9.999000e+03 -9.999000e+03 -9.999000e+03 -9.999000e+03 -9.999000e+03 -9.999000e+03 -9.999000e+03 -9.999000e+03 -9.999000e+03 -9.999000e+03 -9.999000e+03 -9.999000e+03 -9.999000e+03 -9.999000e+03 -9.999000e+03 -9.999000e+03 -9.999000e+03 -9.999000e+03 -9.999000e+03 -9.999000e+03 -9.999000e+03 -9.999000e+03 -9.999000e+03 -9.999000e+03 -9.999000e+03 -9.999000e+03 -9.999000e+03 -9.999000e+03 -9.999000e+03 -9.999000e+03 -9.999000e+03 -9.999000e+03 -9.999000e+03 -9.999000e+03 -9.999000e+03 -9.999000e+03 -9.999000e+03 -9.999000e+03 -9.999000e+03 -9.999000e+03 -9.999000e+03 -9.999000e+03 -9.999000e+03 -9.999000e+03 -9.999000e+03 -9.999000e+03 -9.999000e+03 -9.999000e+03 -9.999000e+03 -9.999000e+03
