tests/data/reference/test_implicit_stream_rill_mfda/control/cvin_m3.asc
ncols	123
nrows	77
xllcorner	-713746.79929998
yllcorner	-1061022.36961616
cellsize	10.0
NODATA_value	-9999
[rows 46 to 68 of 77, columns 52 to 103 of 123]
3.966677e+00 3.341186e+00 3.285990e+00 3.216741e+00 3.166120e+00 1.406067e+00 1.412018e+00 1.413142e+00 1.420616e+00 3.066826e+00 1.938745e+00 2.745133e+01 3.630880e+00 1.993374e+00 1.462465e+00 1.457501e+00 2.791071e+00 1.461581e+00 1.486433e+00 1.511505e+00 1.522511e+00 1.531711e+00 1.549691e+00 1.566075e+00 4.026896e+00 0.000000e+00 0.000000e+00 0.000000e+00 9.107131e-01 1.685589e+00 2.355517e+00 2.917019e+00 3.147188e+00 3.778751e+00 4.311123e+00 4.371663e+00 4.309228e+00 0.000000e+00 0.000000e+00 0.000000e+00 0.000000e+00 0.000000e+00 0.000000e+00 0.000000e+00 0.000000e+00 0.000000e+00 0.000000e+00 2.744553e+00 3.482344e+00 3.498576e+00 3.407586e+00 3.482540e+00
3.158797e+00 3.125190e+00 3.063187e+00 2.997820e+00 7.701927e-01 7.767665e-01 7.757204e-01 7.771234e-01 2.848388e+00 1.407855e+00 2.861463e+01 3.616472e+00 1.443046e+00 8.013762e-01 7.978348e-01 2.428345e+00 7.939832e-01 8.004212e-01 8.143678e-01 8.219194e-01 8.237742e-01 8.300496e-01 8.403460e-01 3.834944e+00 0.000000e+00 8.489933e-01 0.000000e+00 4.918091e-01 1.274429e+00 1.983495e+00 2.617470e+00 3.171044e+00 3.639815e+00 4.145922e+00 4.593358e+00 4.407116e+00 4.375390e+00 0.000000e+00 0.000000e+00 0.000000e+00 0.000000e+00 0.000000e+00 0.000000e+00 0.000000e+00 0.000000e+00 0.000000e+00 0.000000e+00 3.039570e+00 3.564697e+00 3.564481e+00 3.512260e+00 3.566878e+00
2.871974e+00 2.836389e+00 2.782044e+00 0.000000e+00 0.000000e+00 0.000000e+00 0.000000e+00 2.590072e+00 7.713635e-01 2.975195e+01 3.621164e+00 7.889745e-01 0.000000e+00 0.000000e+00 1.989474e+00 0.000000e+00 0.000000e+00 0.000000e+00 0.000000e+00 0.000000e+00 0.000000e+00 0.000000e+00 3.626155e+00 8.370737e-01 1.561212e+00 2.188002e+00 0.000000e+00 2.502342e+00 3.154375e+00 3.688924e+00 4.160947e+00 4.569175e+00 4.909787e+00 0.000000e+00 0.000000e+00 4.397098e+00 4.405233e+00 0.000000e+00 0.000000e+00 0.000000e+00 0.000000e+00 0.000000e+00 0.000000e+00 0.000000e+00 0.000000e+00 0.000000e+00 0.000000e+00 3.291793e+00 3.649360e+00 3.640437e+00 3.617733e+00 3.664847e+00
2.497799e+00 2.466489e+00 0.000000e+00 7.601828e-01 1.373955e+00 1.873940e+00 2.274175e+00 0.000000e+00 3.084409e+01 3.632082e+00 0.000000e+00 0.000000e+00 7.967078e-01 1.451196e+00 0.000000e+00 7.941569e-01 1.442610e+00 1.983028e+00 2.438890e+00 2.822385e+00 3.140109e+00 3.403746e+00 0.000000e+00 0.000000e+00 4.996769e+00 1.047571e+01 0.000000e+00 1.229149e+00 1.936905e+00 2.642669e+00 3.263440e+00 3.805225e+00 4.269048e+00 5.163632e+00 8.148631e-01 4.582371e+00 4.396191e+00 0.000000e+00 0.000000e+00 0.000000e+00 0.000000e+00 0.000000e+00 0.000000e+00 0.000000e+00 0.000000e+00 0.000000e+00 0.000000e+00 3.511821e+00 3.740912e+00 3.726763e+00 3.723809e+00 3.767602e+00
2.031568e+00 1.479834e+01 1.420897e+01 1.355363e+01 1.283565e+01 1.205687e+01 1.121939e+01 3.186478e+01 3.635518e+00 0.000000e+00 7.807277e-01 1.420366e+00 1.952335e+00 2.390735e+00 2.745616e+00 3.029755e+00 3.256176e+00 3.439198e+00 3.592976e+00 3.723258e+00 3.831928e+00 3.922136e+00 3.996902e+00 4.066943e+00 5.653216e+00 3.880373e+00 0.000000e+00 0.000000e+00 8.526120e-01 1.685837e+00 2.425351e+00 3.079238e+00 3.651570e+00 8.778756e+00 5.327599e+00 0.000000e+00 4.352100e+00 0.000000e+00 0.000000e+00 0.000000e+00 0.000000e+00 0.000000e+00 0.000000e+00 0.000000e+00 8.366750e-01 8.374629e-01 0.000000e+00 3.706729e+00 3.841837e+00 3.823879e+00 3.829552e+00 3.866750e+00
1.531289e+01 3.725486e+00 7.533375e+00 8.266424e+00 1.191026e+01 1.862421e+01 2.210911e+01 3.608954e+00 3.393586e+00 3.469882e+00 3.524047e+00 3.564900e+00 3.596723e+00 3.624491e+00 3.651169e+00 3.679516e+00 7.443126e+00 7.347976e+00 7.198698e+00 7.006737e+00 6.784453e+00 6.534125e+00 6.252753e+00 5.952314e+00 3.711120e+00 0.000000e+00 0.000000e+00 8.493310e-01 1.575559e+00 2.209709e+00 2.910023e+00 3.526689e+00 4.066649e+00 4.525019e+00 9.017686e+00 5.411518e+00 4.530573e+00 0.000000e+00 0.000000e+00 0.000000e+00 0.000000e+00 0.000000e+00 0.000000e+00 0.000000e+00 1.540269e+00 1.544124e+00 0.000000e+00 3.881782e+00 3.950681e+00 3.928994e+00 3.934870e+00 3.960724e+00
3.586035e+00 3.581303e+00 0.000000e+00 3.727105e+00 7.182460e+00 3.956764e+00 3.534399e+00 3.270368e+00 3.581433e+00 3.631521e+00 3.667011e+00 3.693212e+00 3.707563e+00 3.713791e+00 3.717111e+00 3.721688e+00 0.000000e+00 8.043858e-01 1.481933e+00 2.062667e+00 2.558188e+00 2.968616e+00 3.283687e+00 3.521000e+00 0.000000e+00 8.289132e-01 0.000000e+00 1.425058e+00 2.128855e+00 2.707054e+00 3.214071e+00 3.824672e+00 4.352014e+00 4.798879e+00 4.885855e+00 9.119362e+00 0.000000e+00 8.716036e-01 0.000000e+00 0.000000e+00 0.000000e+00 0.000000e+00 0.000000e+00 8.359864e-01 2.139375e+00 2.148416e+00 8.433770e-01 4.041163e+00 4.064264e+00 4.038292e+00 4.040363e+00 4.052519e+00
3.395047e+00 3.399080e+00 3.589854e+00 7.281010e+00 3.954017e+00 3.407835e+00 3.086932e+00 3.492969e+00 3.768619e+00 7.227747e+00 7.168884e+00 7.040002e+00 6.839785e+00 6.581562e+00 6.276640e+00 5.936825e+00 5.575007e+00 5.210559e+00 4.867708e+00 4.570734e+00 4.350725e+00 4.227569e+00 8.236955e+00 8.908052e+00 8.739600e+00 8.533025e+00 0.000000e+00 2.940037e+00 3.198531e+00 3.481116e+00 3.795227e+00 4.103114e+00 4.583635e+00 4.996166e+00 5.160303e+00 1.441513e+01 0.000000e+00 1.611445e+00 0.000000e+00 0.000000e+00 0.000000e+00 0.000000e+00 8.330343e-01 1.536704e+00 2.646025e+00 2.661474e+00 1.556180e+00 4.187178e+00 4.180494e+00 4.149457e+00 4.145026e+00 4.143613e+00
3.154092e+00 3.749070e+00 7.267309e+00 3.911061e+00 3.216033e+00 2.836125e+00 3.353398e+00 3.728487e+00 3.277363e+00 3.794650e+00 3.834925e+00 3.875910e+00 3.909728e+00 3.929485e+00 3.929160e+00 3.913197e+00 3.892007e+00 3.876917e+00 3.879541e+00 3.905402e+00 3.956608e+00 4.019072e+00 0.000000e+00 0.000000e+00 8.180468e-01 1.515042e+00 0.000000e+00 1.587021e+00 2.278225e+00 2.847256e+00 3.539811e+00 4.218480e+00 4.497885e+00 4.948288e+00 1.068136e+01 1.977269e+01 0.000000e+00 0.000000e+00 0.000000e+00 0.000000e+00 0.000000e+00 0.000000e+00 1.523225e+00 2.130315e+00 3.072721e+00 3.095876e+00 2.168373e+00 4.320389e+00 4.297369e+00 4.261111e+00 4.247395e+00 4.234741e+00
3.611790e+00 3.142713e+00 3.828765e+00 2.932460e+00 2.500427e+00 3.152498e+00 3.651399e+00 3.059975e+00 3.753525e+00 0.000000e+00 7.311305e+00 1.070888e+01 1.063508e+01 1.713112e+01 2.076268e+01 2.035237e+01 1.983799e+01 1.924820e+01 1.861460e+01 1.795181e+01 1.726210e+01 1.652957e+01 1.572735e+01 1.486613e+01 1.397509e+01 0.000000e+00 0.000000e+00 8.840207e-01 1.624325e+00 2.274476e+00 2.844740e+00 3.339554e+00 3.759921e+00 4.112843e+00 4.610294e+00 1.103890e+01 2.056121e+01 0.000000e+00 0.000000e+00 0.000000e+00 0.000000e+00 8.232609e-01 2.108181e+00 2.632582e+00 3.432298e+00 3.463037e+00 2.690968e+00 4.440064e+00 4.410672e+00 4.370842e+00 4.347257e+00 4.325515e+00
2.813635e+00 3.732106e+00 2.547500e+00 2.055409e+00 2.875571e+00 3.529184e+00 2.773046e+00 3.695404e+00 3.063148e+00 6.399998e+00 3.119514e+00 3.136715e+00 6.553053e+00 3.861982e+00 3.410178e+00 7.024722e+00 7.077757e+00 7.044155e+00 6.942337e+00 6.793828e+00 6.611185e+00 6.393836e+00 6.133009e+00 5.845161e+00 5.558943e+00 0.000000e+00 4.584549e-01 1.192568e+00 1.864963e+00 2.465250e+00 2.990791e+00 3.446345e+00 3.837895e+00 4.171797e+00 4.454443e+00 9.921723e+00 3.148038e+01 0.000000e+00 0.000000e+00 0.000000e+00 8.340462e-01 1.521890e+00 2.611295e+00 3.063003e+00 3.737673e+00 3.773631e+00 3.135240e+00 4.544810e+00 4.515470e+00 4.475575e+00 4.444795e+00 4.415174e+00
3.632348e+00 2.069499e+00 1.495104e+00 2.506731e+00 3.351837e+00 2.407498e+00 3.617824e+00 2.758941e+00 2.789431e+00 2.811283e+00 2.823728e+00 2.834199e+00 3.778718e+00 3.151883e+00 3.173505e+00 3.826457e+00 7.337632e+00 1.082060e+01 1.469477e+01 1.481565e+01 1.480027e+01 1.443056e+01 1.397838e+01 1.347947e+01 1.295598e+01 0.000000e+00 4.837835e-01 1.199095e+00 1.864071e+00 2.453645e+00 2.963935e+00 3.405054e+00 3.789521e+00 4.123141e+00 4.409338e+00 4.860762e+00 1.542053e+01 3.140590e+01 0.000000e+00 9.303496e-01 1.656726e+00 2.131418e+00 3.048171e+00 3.433591e+00 3.996995e+00 4.035465e+00 3.511478e+00 4.634956e+00 4.607743e+00 4.569943e+00 4.535065e+00 4.498664e+00
1.487090e+00 8.242882e-01 2.052567e+00 3.118214e+00 1.954157e+00 3.517543e+00 2.387851e+00 2.414719e+00 2.432768e+00 2.443956e+00 2.449714e+00 3.699232e+00 2.824079e+00 2.852085e+00 3.734041e+00 3.159058e+00 3.187736e+00 3.814696e+00 3.473737e+00 7.251301e+00 7.375662e+00 7.418916e+00 7.388080e+00 7.302945e+00 7.177846e+00 0.000000e+00 4.762197e-01 1.199627e+00 1.859210e+00 2.439888e+00 1.506296e+01 1.583816e+01 1.666005e+01 2.527301e+01 2.797361e+01 2.881677e+01 3.014661e+01 7.845925e+01 0.000000e+00 1.763071e+00 2.401851e+00 2.668067e+00 3.430467e+00 3.753124e+00 4.215790e+00 4.254261e+00 3.829027e+00 4.712015e+00 4.684682e+00 4.647474e+00 4.610113e+00 4.567887e+00
0.000000e+00 1.501898e+00 2.834272e+00 1.412466e+00 3.390804e+00 1.937243e+00 1.965191e+00 1.979750e+00 1.986511e+00 1.987766e+00 3.632865e+00 2.432280e+00 2.458079e+00 3.637675e+00 2.831803e+00 2.855945e+00 3.691064e+00 3.182021e+00 3.232612e+00 3.292610e+00 6.653835e+00 7.708654e+00 8.686285e+00 1.173839e+01 1.221397e+01 0.000000e+00 1.130962e+00 3.437088e+00 7.052074e+00 1.138295e+01 2.205983e+00 4.336112e+00 6.839979e+00 1.610838e+00 1.621442e+00 3.921747e+00 6.521071e+00 7.627299e+00 8.683234e+01 0.000000e+00 3.070749e+00 3.302086e+00 3.762919e+00 4.026255e+00 4.398264e+00 4.434113e+00 4.093124e+00 4.775762e+00 4.745907e+00 4.707452e+00 4.669005e+00 4.621731e+00
8.217645e-01 2.474044e+00 7.791338e-01 3.238599e+00 1.395904e+00 1.422200e+00 1.437041e+00 1.443185e+00 1.439586e+00 3.583639e+00 1.965329e+00 1.988665e+00 3.550376e+00 2.435006e+00 2.454695e+00 3.570948e+00 2.836507e+00 2.880165e+00 2.932347e+00 2.619639e+00 0.000000e+00 0.000000e+00 2.163861e+00 0.000000e+00 8.595255e-01 0.000000e+00 9.035619e-01 2.355699e+00 3.094632e+00 1.578163e+00 8.544777e-01 8.572452e-01 8.623565e-01 8.680761e-01 8.734585e-01 8.805922e-01 8.895553e-01 1.657500e+00 2.447695e+00 8.985593e+01 0.000000e+00 3.856936e+00 4.248155e+00 4.255108e+00 4.547092e+00 4.577842e+00 4.306838e+00 4.824541e+00 4.791608e+00 4.751927e+00 4.714987e+00 4.664362e+00
2.008044e+00 0.000000e+00 3.053612e+00 7.610025e-01 7.748440e-01 7.851537e-01 7.915209e-01 7.910889e-01 3.560684e+00 1.414398e+00 1.429330e+00 3.481230e+00 1.966613e+00 1.978483e+00 3.463562e+00 2.426318e+00 2.463853e+00 2.508728e+00 2.110569e+00 0.000000e+00 8.438491e-01 1.556398e+00 0.000000e+00 8.465258e-01 1.573299e+00 0.000000e+00 1.659682e+00 2.607313e+00 8.546894e-01 0.000000e+00 0.000000e+00 0.000000e+00 0.000000e+00 0.000000e+00 0.000000e+00 0.000000e+00 4.593799e+00 6.181246e+00 7.137086e+00 7.893075e+00 9.795273e+01 0.000000e+00 4.655454e+00 4.436536e+00 4.662632e+00 4.688782e+00 4.475989e+00 4.860096e+00 4.824357e+00 4.782292e+00 4.746000e+00 0.000000e+00
2.414510e+00 2.787011e+00 0.000000e+00 0.000000e+00 0.000000e+00 0.000000e+00 0.000000e+00 3.559274e+00 7.741469e-01 7.756539e-01 3.436065e+00 1.417332e+00 1.424694e+00 3.385809e+00 1.948938e+00 1.978072e+00 2.013764e+00 1.513172e+00 0.000000e+00 8.420249e-01 1.555281e+00 2.167136e+00 2.682896e+00 3.120053e+00 3.498547e+00 0.000000e+00 2.007318e+00 0.000000e+00 0.000000e+00 8.519976e-01 1.574082e+00 2.197990e+00 2.734858e+00 3.198885e+00 3.603172e+00 3.958832e+00 0.000000e+00 0.000000e+00 8.913756e-01 1.651292e+00 2.415684e+00 1.006311e+02 4.961775e+00 4.784563e+00 4.742357e+00 4.769590e+00 4.606993e+00 4.885574e+00 4.848164e+00 4.800455e+00 0.000000e+00 2.674959e+00
3.378929e+00 3.492243e+00 3.559001e+00 3.582981e+00 3.583746e+00 3.574480e+00 3.565821e+00 0.000000e+00 0.000000e+00 3.418802e+00 7.729722e-01 7.780257e-01 3.343549e+00 1.401360e+00 1.417787e+00 1.440660e+00 8.194512e-01 0.000000e+00 8.392506e-01 1.550636e+00 2.163798e+00 2.686766e+00 3.125299e+00 3.492720e+00 3.805706e+00 0.000000e+00 2.029068e+00 2.608347e+00 3.086520e+00 3.501759e+00 3.851624e+00 4.139789e+00 4.373393e+00 4.562550e+00 4.718405e+00 4.850889e+00 4.969008e+00 5.364025e+00 1.127438e+01 1.258860e+01 1.328609e+01 1.448001e+01 0.000000e+00 5.043259e+00 4.785958e+00 4.821605e+00 0.000000e+00 4.898130e+00 4.859810e+00 0.000000e+00 2.686966e+00 2.160866e+00
2.382991e+00 2.709475e+00 2.950018e+00 3.119967e+00 3.236707e+00 3.315075e+00 3.368780e+00 3.402806e+00 3.416662e+00 0.000000e+00 0.000000e+00 3.328760e+00 7.659899e-01 7.725696e-01 7.806989e-01 0.000000e+00 0.000000e+00 8.304419e-01 1.535741e+00 2.145268e+00 2.668099e+00 3.112671e+00 3.484542e+00 3.793595e+00 4.051449e+00 0.000000e+00 2.041342e+00 2.608490e+00 3.088218e+00 3.511749e+00 3.871179e+00 4.167132e+00 4.404594e+00 4.591773e+00 4.738426e+00 4.856027e+00 4.956218e+00 5.045651e+00 0.000000e+00 0.000000e+00 8.801758e-01 1.621359e+00 1.683904e+01 0.000000e+00 5.044380e+00 4.844725e+00 0.000000e+00 0.000000e+00 0.000000e+00 0.000000e+00 2.178991e+00 1.557583e+00
1.415016e+00 1.896632e+00 2.278434e+00 2.581107e+00 2.818435e+00 3.000768e+00 3.135673e+00 3.229365e+00 3.287105e+00 3.316672e+00 3.327381e+00 0.000000e+00 0.000000e+00 0.000000e+00 0.000000e+00 7.954187e-01 1.467214e+00 2.048452e+00 2.554011e+00 2.992059e+00 3.367053e+00 3.683658e+00 8.195514e+00 9.089579e+00 9.084263e+00 0.000000e+00 3.511674e+00 3.793573e+00 4.042465e+00 4.286938e+00 4.507623e+00 4.693589e+00 4.841021e+00 4.950894e+00 5.027233e+00 5.078628e+00 5.115479e+00 5.145849e+00 5.176001e+00 5.262965e+00 5.876800e+00 6.160961e+00 1.000000e+20 2.335809e+01 5.442877e+00 5.091468e+00 0.000000e+00 0.000000e+00 0.000000e+00 2.709586e+00 2.179348e+00 1.555207e+00
0.000000e+00 7.461291e-01 1.351303e+00 1.850150e+00 2.258992e+00 2.587275e+00 2.838132e+00 3.021322e+00 3.150384e+00 3.231830e+00 3.266909e+00 3.268128e+00 3.256173e+00 3.248846e+00 3.260040e+00 3.302028e+00 3.382383e+00 3.499233e+00 3.645086e+00 3.806427e+00 3.968134e+00 4.118683e+00 0.000000e+00 0.000000e+00 0.000000e+00 0.000000e+00 1.274517e+00 2.003395e+00 2.607034e+00 3.135286e+00 3.585502e+00 3.960727e+00 4.264579e+00 4.502935e+00 4.682405e+00 4.812280e+00 4.903912e+00 4.971120e+00 5.026809e+00 5.078198e+00 5.275778e+00 5.609939e+00 5.774111e+00 6.012212e+00 6.183857e+00 5.264247e+00 8.273935e-01 0.000000e+00 0.000000e+00 0.000000e+00 0.000000e+00 8.517334e-01
-9.999000e+03 -9.999000e+03 -9.999000e+03 -9.999000e+03 -9.999000e+03 -9.999000e+03 -9.999000e+03 0.000000e+00 0.000000e+00 0.000000e+00 0.000000e+00 0.000000e+00 7.457446e-01 1.351344e+00 1.862270e+00 2.299766e+00 2.678738e+00 3.011735e+00 3.309406e+00 3.572859e+00 3.799092e+00 3.987177e+00 4.136155e+00 4.257510e+00 0.000000e+00 5.372536e-01 1.230154e+00 1.875165e+00 2.461950e+00 2.985235e+00 3.443813e+00 3.837082e+00 4.163427e+00 4.424436e+00 4.622753e+00 4.764131e+00 4.856765e+00 4.916928e+00 4.962312e+00 5.002644e+00 5.044863e+00 5.299950e+00 5.780328e+00 5.802382e+00 6.034116e+00 6.198995e+00 1.608474e+00 0.000000e+00 0.000000e+00 0.000000e+00 0.000000e+00 0.000000e+00
-9.999000e+03 -9.999000e+03 -9.999000e+03 -9.999000e+03 -9.999000e+03 -9.999000e+03 -9.999000e+03 -9.999000e+03 -9.999000e+03 -9.999000e+03 7.466196e-01 7.383275e-01 0.000000e+00 0.000000e+00 7.896113e-01 1.448483e+00 2.003856e+00 2.475524e+00 2.883208e+00 3.232461e+00 3.522854e+00 3.757952e+00 3.942035e+00 4.091290e+00 0.000000e+00 5.328659e-01 1.224523e+00 1.866006e+00 2.449851e+00 2.972886e+00 3.527446e+00 3.897091e+00 4.219679e+00 4.483591e+00 4.684509e+00 4.825009e+00 4.911848e+00 4.959724e+00 4.985507e+00 5.002400e+00 5.021830e+00 5.049578e+00 5.396111e+00 5.713880e+00 5.723572e+00 5.956129e+00 0.000000e+00 9.144498e-01 0.000000e+00 0.000000e+00 -9.999000e+03 -9.999000e+03
