tests/data/reference/test_implicit_stream_rill_mfda/control/cvin_m3.asc
ncols	123
nrows	77
xllcorner	-713746.79929998
yllcorner	-1061022.36961616
cellsize	10.0
NODATA_value	-9999
[rows 23 to 45 of 77, columns 0 to 51 of 123]
-9.999000e+03 -9.999000e+03 -9.999000e+03 -9.999000e+03 -9.999000e+03 -9.999000e+03 -9.999000e+03 -9.999000e+03 -9.999000e+03 -9.999000e+03 -9.999000e+03 -9.999000e+03 -9.999000e+03 -9.999000e+03 0.000000e+00 1.760260e+00 2.147770e+00 6.635831e-01 0.000000e+00 0.000000e+00 0.000000e+00 7.065382e-01 3.471116e-01 6.206826e+00 7.641957e+00 4.413990e+00 8.703110e+00 4.868175e+00 2.294225e+00 4.456686e+00 0.000000e+00 8.011163e-01 1.458565e+00 3.242500e+00 1.339486e+01 3.906396e+00 9.383707e+00 0.000000e+00 8.401832e+00 3.891131e+00 3.888957e+00 3.845832e+00 3.994259e+00 3.857871e+00 3.843478e+00 3.641173e+00 3.702170e+00 4.089610e+00 3.234294e+00 2.112097e+00 1.535355e+00 0.000000e+00
-9.999000e+03 -9.999000e+03 -9.999000e+03 -9.999000e+03 -9.999000e+03 -9.999000e+03 -9.999000e+03 -9.999000e+03 -9.999000e+03 -9.999000e+03 -9.999000e+03 -9.999000e+03 -9.999000e+03 -9.999000e+03 6.286404e-01 6.044466e+00 4.171295e+00 6.535740e-01 0.000000e+00 0.000000e+00 4.227469e-01 2.918990e+00 0.000000e+00 5.703211e-01 6.258547e+00 1.222531e+01 8.507622e+00 4.988684e+00 2.631230e+00 0.000000e+00 4.250485e+00 7.998022e-01 1.458036e+00 2.006781e+00 1.671593e+01 3.921736e+00 8.889617e+00 0.000000e+00 9.103351e+00 3.985812e+00 4.002177e+00 3.986400e+00 4.080472e+00 4.002337e+00 3.989303e+00 3.840838e+00 3.875046e+00 4.132793e+00 3.526454e+00 2.610513e+00 0.000000e+00 2.125756e+00
-9.999000e+03 -9.999000e+03 -9.999000e+03 -9.999000e+03 -9.999000e+03 -9.999000e+03 -9.999000e+03 -9.999000e+03 -9.999000e+03 -9.999000e+03 -9.999000e+03 -9.999000e+03 -9.999000e+03 -9.999000e+03 5.169066e+00 6.931733e-01 0.000000e+00 0.000000e+00 0.000000e+00 0.000000e+00 1.119671e+00 2.307592e+00 4.794059e+00 8.260348e-01 1.174362e+00 6.348662e+00 2.039455e+01 5.045052e+00 3.076269e+00 0.000000e+00 8.615253e-01 4.064380e+00 1.455503e+00 2.003765e+00 2.457652e+00 2.044097e+01 0.000000e+00 8.351701e+00 8.208935e-01 1.301375e+01 4.092200e+00 4.095575e+00 4.161870e+00 4.120585e+00 4.109729e+00 4.001679e+00 4.017991e+00 4.182627e+00 3.769400e+00 3.032472e+00 8.416861e-01 0.000000e+00
-9.999000e+03 -9.999000e+03 -9.999000e+03 -9.999000e+03 -9.999000e+03 -9.999000e+03 -9.999000e+03 -9.999000e+03 -9.999000e+03 -9.999000e+03 -9.999000e+03 -9.999000e+03 0.000000e+00 0.000000e+00 4.120135e+00 6.979362e-01 0.000000e+00 0.000000e+00 0.000000e+00 6.850595e-01 2.570265e+00 5.296822e+00 2.748946e+00 5.076520e+00 1.499434e+00 1.757423e+00 2.649097e+01 5.055654e+00 3.448189e+00 8.667838e-01 0.000000e+00 1.585638e+00 4.193460e+00 2.112217e+00 2.445128e+00 2.815881e+00 2.011562e+01 8.111744e-01 7.779619e+00 1.496719e+00 1.695261e+01 4.178214e+00 4.231433e+00 4.214150e+00 4.206387e+00 4.129489e+00 4.135962e+00 4.240087e+00 3.971942e+00 3.391601e+00 1.550781e+00 0.000000e+00
-9.999000e+03 -9.999000e+03 -9.999000e+03 -9.999000e+03 -9.999000e+03 -9.999000e+03 -9.999000e+03 -9.999000e+03 -9.999000e+03 -9.999000e+03 -9.999000e+03 -9.999000e+03 -9.999000e+03 0.000000e+00 6.327737e-01 5.633898e-01 0.000000e+00 0.000000e+00 7.870406e-01 2.998224e+00 2.581465e+00 2.745592e+00 8.357990e+00 1.156250e+01 1.688296e+01 1.877106e+01 2.077764e+01 2.608157e+01 5.014249e+00 3.745598e+00 1.581682e+00 8.614096e-01 2.197204e+00 4.303496e+00 2.645427e+00 2.943093e+00 3.102269e+00 1.998726e+01 1.482114e+00 7.173815e+00 1.899766e+01 4.237072e+00 4.284376e+00 4.283555e+00 4.280992e+00 4.230413e+00 4.235053e+00 4.304311e+00 4.142048e+00 3.697589e+00 2.161434e+00 8.560532e-01
-9.999000e+03 -9.999000e+03 -9.999000e+03 -9.999000e+03 -9.999000e+03 -9.999000e+03 -9.999000e+03 -9.999000e+03 -9.999000e+03 -9.999000e+03 -9.999000e+03 -9.999000e+03 -9.999000e+03 -9.999000e+03 -9.999000e+03 0.000000e+00 0.000000e+00 0.000000e+00 1.882332e+00 3.757120e+00 4.116649e+00 4.446535e+00 4.649349e+00 4.742752e+00 4.750006e+00 4.692328e+00 4.588303e+00 2.487166e+01 4.995624e+01 4.915013e+00 3.968720e+00 2.176173e+00 1.569779e+00 2.697852e+00 4.386029e+00 3.076769e+00 3.359598e+00 3.526246e+00 2.014292e+01 2.044267e+00 2.556125e+01 4.273971e+00 4.317888e+00 4.329606e+00 4.336045e+00 4.311124e+00 4.321976e+00 4.374496e+00 4.287086e+00 3.958380e+00 2.689800e+00 1.578409e+00
-9.999000e+03 -9.999000e+03 -9.999000e+03 -9.999000e+03 -9.999000e+03 -9.999000e+03 -9.999000e+03 -9.999000e+03 -9.999000e+03 -9.999000e+03 -9.999000e+03 -9.999000e+03 -9.999000e+03 -9.999000e+03 -9.999000e+03 -9.999000e+03 0.000000e+00 4.550531e-01 2.336959e+00 2.710006e+00 3.067669e+00 3.317613e+00 3.466403e+00 3.539374e+00 3.565044e+00 3.565870e+00 3.563179e+00 3.564103e+00 3.565072e+00 5.282892e+01 5.708454e+01 6.075209e+01 2.651792e+00 2.135461e+00 3.085272e+00 4.445883e+00 7.935339e+00 1.165817e+01 3.870163e+00 1.995901e+01 2.647113e+00 2.946498e+01 4.337812e+00 4.361174e+00 4.379616e+00 4.379447e+00 4.401252e+00 4.447759e+00 4.411488e+00 4.179601e+00 3.145644e+00 2.198217e+00
-9.999000e+03 -9.999000e+03 -9.999000e+03 -9.999000e+03 -9.999000e+03 -9.999000e+03 -9.999000e+03 -9.999000e+03 -9.999000e+03 -9.999000e+03 -9.999000e+03 -9.999000e+03 -9.999000e+03 -9.999000e+03 -9.999000e+03 -9.999000e+03 0.000000e+00 1.882949e+00 1.599880e+00 1.887109e+00 2.166895e+00 2.528899e+01 2.450888e+01 2.365339e+01 2.274823e+01 2.180758e+01 2.083783e+01 1.983169e+01 1.877465e+01 1.767041e+01 1.653296e+01 1.535420e+01 7.438010e+01 7.642458e+01 7.767923e+01 7.956706e+01 7.852150e+01 7.750517e+01 8.811601e+01 9.125249e+01 1.099259e+02 1.120914e+02 3.391171e+01 4.389978e+00 4.421374e+00 4.442904e+00 4.476159e+00 4.521246e+00 4.518376e+00 4.365607e+00 3.535417e+00 2.728363e+00
-9.999000e+03 -9.999000e+03 -9.999000e+03 -9.999000e+03 -9.999000e+03 -9.999000e+03 -9.999000e+03 -9.999000e+03 -9.999000e+03 -9.999000e+03 -9.999000e+03 -9.999000e+03 -9.999000e+03 -9.999000e+03 -9.999000e+03 0.000000e+00 1.882964e+00 1.567812e+00 1.626351e+01 1.822760e+01 2.355314e+01 2.765637e+00 5.852063e+00 8.896435e+00 8.832655e+00 1.485022e+01 1.774256e+01 2.062774e+01 2.020902e+01 1.971805e+01 1.916656e+01 1.855596e+01 1.788013e+01 1.712922e+01 1.628489e+01 1.536037e+01 4.715496e+01 4.812395e+01 4.978278e+01 5.267496e+01 5.555510e+01 5.836316e+01 1.687918e+02 2.018535e+02 2.054894e+02 4.687110e+00 9.026421e+00 4.585169e+00 4.605690e+00 4.516561e+00 3.859878e+00 3.172196e+00
-9.999000e+03 -9.999000e+03 -9.999000e+03 -9.999000e+03 -9.999000e+03 -9.999000e+03 -9.999000e+03 -9.999000e+03 -9.999000e+03 -9.999000e+03 -9.999000e+03 -9.999000e+03 -9.999000e+03 -9.999000e+03 0.000000e+00 1.881914e+00 1.280213e+01 1.501278e+01 2.558124e+00 6.776099e+00 2.473571e+00 2.604357e+00 2.731942e+00 3.000767e+00 6.076996e+00 2.873223e+00 2.973105e+00 2.972986e+00 3.045752e+00 3.122020e+00 3.409944e+00 1.544543e+01 1.844921e+01 2.150006e+01 2.448377e+01 3.328236e+01 1.410587e+00 1.948325e+00 3.283935e+00 3.173923e+00 3.036567e+00 3.073177e+00 7.233448e+00 1.084419e+01 1.438698e+01 2.188937e+02 2.227568e+02 2.309092e+02 4.624682e+00 9.297387e+00 4.115161e+00 3.526386e+00
-9.999000e+03 -9.999000e+03 -9.999000e+03 -9.999000e+03 -9.999000e+03 -9.999000e+03 -9.999000e+03 -9.999000e+03 -9.999000e+03 -9.999000e+03 -9.999000e+03 -9.999000e+03 -9.999000e+03 -9.999000e+03 0.000000e+00 1.015596e+01 2.864155e+00 2.492256e+00 7.858943e+00 2.293732e+00 2.470726e+00 2.642717e+00 2.735214e+00 2.800127e+00 2.776149e+00 2.948155e+00 2.903415e+00 2.947877e+00 6.051175e+00 9.116670e+00 1.203543e+01 2.851104e+00 3.115648e+00 3.216716e+00 9.428241e+00 7.882619e-01 1.433889e+00 3.112158e+00 2.930633e+00 2.723594e+00 2.742924e+00 3.291488e+00 2.817464e+00 2.860147e+00 3.061823e+00 6.671869e+00 9.793192e+00 1.291195e+01 2.457681e+02 2.495650e+02 2.579506e+02 4.280624e+00
-9.999000e+03 -9.999000e+03 -9.999000e+03 -9.999000e+03 -9.999000e+03 -9.999000e+03 -9.999000e+03 -9.999000e+03 -9.999000e+03 -9.999000e+03 -9.999000e+03 -9.999000e+03 -9.999000e+03 1.881679e+00 9.379663e+00 2.909686e+00 2.441530e+00 8.917543e+00 2.031006e+00 2.271027e+00 2.516433e+00 2.642631e+00 2.724813e+00 2.659384e+00 2.953435e+00 2.832255e+00 2.869682e+00 2.922138e+00 2.994381e+00 2.870497e+00 2.569802e+00 2.936354e+00 3.090604e+00 9.534469e+00 0.000000e+00 7.921478e-01 2.898459e+00 2.633450e+00 2.353021e+00 2.358112e+00 3.061689e+00 2.403913e+00 2.435374e+00 2.472624e+00 2.520452e+00 2.100541e+00 2.227614e+00 2.237989e+00 2.251084e+00 5.194574e+00 7.951401e+00 2.650130e+02
-9.999000e+03 -9.999000e+03 -9.999000e+03 -9.999000e+03 -9.999000e+03 -9.999000e+03 -9.999000e+03 -9.999000e+03 -9.999000e+03 -9.999000e+03 -9.999000e+03 -9.999000e+03 0.000000e+00 3.753656e+00 2.942670e+00 2.434486e+00 9.965103e+00 1.686070e+00 1.996661e+00 2.336234e+00 2.513643e+00 2.629368e+00 2.510447e+00 3.017104e+00 2.759195e+00 2.794494e+00 2.840517e+00 2.901036e+00 2.652933e+00 2.223977e+00 2.710171e+00 2.938171e+00 7.598778e+00 1.420335e+00 0.000000e+00 2.646971e+00 2.275221e+00 1.911345e+00 1.905146e+00 2.806070e+00 1.925281e+00 1.946441e+00 1.977114e+00 2.022391e+00 1.510876e+00 1.511368e+00 1.518027e+00 1.527679e+00 1.637560e+00 1.637704e+00 4.124797e+00 6.699467e+00
-9.999000e+03 -9.999000e+03 -9.999000e+03 -9.999000e+03 -9.999000e+03 -9.999000e+03 -9.999000e+03 -9.999000e+03 -9.999000e+03 -9.999000e+03 -9.999000e+03 -9.999000e+03 1.880153e+00 3.007320e+00 2.476918e+00 1.099764e+01 1.248016e+00 1.643969e+00 2.103161e+00 2.345729e+00 2.503971e+00 2.301431e+00 3.142322e+00 2.677937e+00 2.716612e+00 2.765012e+00 2.824768e+00 2.405188e+00 1.815341e+00 2.447969e+00 2.772462e+00 6.728601e+00 0.000000e+00 7.784654e-01 2.356024e+00 1.850550e+00 1.391121e+00 1.379451e+00 2.525736e+00 1.379300e+00 1.388229e+00 1.406700e+00 1.445538e+00 8.241205e-01 8.225990e-01 8.243789e-01 8.291235e-01 8.328201e-01 8.357291e-01 3.732481e+00 1.604720e+00 1.590373e+00
-9.999000e+03 -9.999000e+03 -9.999000e+03 -9.999000e+03 -9.999000e+03 -9.999000e+03 -9.999000e+03 -9.999000e+03 -9.999000e+03 -9.999000e+03 -9.999000e+03 0.000000e+00 3.750076e+00 2.573156e+00 1.202252e+01 6.928441e-01 1.203203e+00 1.819830e+00 2.148938e+00 2.362405e+00 2.016877e+00 3.316535e+00 2.578030e+00 2.626220e+00 2.685359e+00 2.753157e+00 2.115361e+00 1.332559e+00 2.142747e+00 2.594283e+00 2.105538e+00 4.118124e+00 0.000000e+00 2.022892e+00 1.343170e+00 7.717064e-01 7.601151e-01 2.211282e+00 7.533060e-01 7.547712e-01 7.588719e-01 7.778996e-01 0.000000e+00 0.000000e+00 0.000000e+00 0.000000e+00 0.000000e+00 0.000000e+00 3.504439e+00 8.250485e-01 8.168988e-01 8.166753e-01
-9.999000e+03 -9.999000e+03 -9.999000e+03 -9.999000e+03 -9.999000e+03 -9.999000e+03 -9.999000e+03 -9.999000e+03 -9.999000e+03 -9.999000e+03 0.000000e+00 1.878410e+00 2.699111e+00 1.304800e+01 0.000000e+00 6.634439e-01 1.489701e+00 1.933263e+00 2.224288e+00 1.656090e+00 3.520419e+00 2.469485e+00 2.526531e+00 2.599874e+00 2.679409e+00 1.754285e+00 7.437097e-01 1.772599e+00 2.380463e+00 1.745780e+00 1.716073e+00 1.678461e+00 1.650872e+00 7.333013e-01 0.000000e+00 0.000000e+00 1.838938e+00 0.000000e+00 0.000000e+00 0.000000e+00 0.000000e+00 0.000000e+00 8.066285e-01 1.477306e+00 2.037330e+00 2.506611e+00 2.901218e+00 3.231226e+00 0.000000e+00 0.000000e+00 0.000000e+00 0.000000e+00
-9.999000e+03 -9.999000e+03 -9.999000e+03 -9.999000e+03 -9.999000e+03 -9.999000e+03 -9.999000e+03 -9.999000e+03 -9.999000e+03 -9.999000e+03 0.000000e+00 2.868415e+00 1.290742e+01 6.531670e-01 0.000000e+00 1.113972e+00 1.706915e+00 2.105784e+00 1.212594e+00 3.734832e+00 2.367615e+00 2.428640e+00 2.515476e+00 2.602122e+00 1.304311e+00 0.000000e+00 1.312776e+00 2.108513e+00 1.296399e+00 1.281228e+00 1.248256e+00 1.219686e+00 0.000000e+00 0.000000e+00 7.597794e-01 1.367312e+00 0.000000e+00 7.394197e-01 1.308556e+00 1.757082e+00 0.000000e+00 0.000000e+00 8.042467e-01 1.470855e+00 2.023903e+00 2.482761e+00 2.863751e+00 3.179645e+00 3.440749e+00 3.650804e+00 3.809982e+00 3.928366e+00
-9.999000e+03 -9.999000e+03 -9.999000e+03 -9.999000e+03 -9.999000e+03 -9.999000e+03 -9.999000e+03 -9.999000e+03 -9.999000e+03 0.000000e+00 3.758504e+00 1.243828e+01 1.094440e+00 0.000000e+00 6.456264e-01 1.452219e+00 2.008402e+00 6.753126e-01 3.942056e+00 2.291940e+00 2.347466e+00 2.444756e+00 2.521988e+00 7.326825e-01 0.000000e+00 7.381489e-01 1.760959e+00 7.284465e-01 7.249783e-01 7.130427e-01 6.893045e-01 0.000000e+00 7.144317e-01 1.281984e+00 1.757437e+00 2.150067e+00 2.457081e+00 2.685785e+00 0.000000e+00 0.000000e+00 2.118717e+00 7.741932e-01 1.431080e+00 1.983902e+00 2.438409e+00 2.806799e+00 3.102741e+00 3.341359e+00 3.537211e+00 3.696368e+00 3.821489e+00 3.916995e+00
-9.999000e+03 -9.999000e+03 -9.999000e+03 -9.999000e+03 -9.999000e+03 -9.999000e+03 -9.999000e+03 -9.999000e+03 -9.999000e+03 0.000000e+00 1.137484e+01 1.749055e+00 6.391615e-01 0.000000e+00 1.110726e+00 1.898861e+00 0.000000e+00 4.124699e+00 2.251432e+00 2.298160e+00 2.409952e+00 2.444344e+00 0.000000e+00 0.000000e+00 7.401211e-01 1.316263e+00 0.000000e+00 0.000000e+00 0.000000e+00 0.000000e+00 0.000000e+00 6.908096e-01 1.242932e+00 1.701805e+00 2.090063e+00 2.414166e+00 2.675273e+00 0.000000e+00 2.846071e+00 7.531108e-01 7.720616e-01 2.448475e+00 2.745996e+00 3.003712e+00 3.214841e+00 3.382258e+00 3.514222e+00 3.619155e+00 3.705755e+00 3.778575e+00 7.689770e+01 7.959432e+01
-9.999000e+03 -9.999000e+03 -9.999000e+03 -9.999000e+03 -9.999000e+03 -9.999000e+03 -9.999000e+03 -9.999000e+03 1.879383e+00 3.750513e+00 9.141067e+00 1.503950e+00 0.000000e+00 6.466339e-01 1.733144e+00 1.952671e+00 4.237967e+00 2.237191e+00 2.283716e+00 2.435696e+00 2.370949e+00 7.219533e-01 1.283299e+00 1.729191e+00 2.087081e+00 1.421600e+01 1.606388e+01 1.544292e+01 1.474342e+01 1.395610e+01 1.307055e+01 1.211783e+01 1.113434e+01 1.012558e+01 9.093398e+00 8.035910e+00 6.950866e+00 8.717601e+00 8.350738e+00 1.024322e+01 1.091907e+01 1.208771e+01 1.178435e+01 1.142230e+01 1.099391e+01 1.050667e+01 9.974456e+00 9.402631e+00 8.791651e+00 7.428031e+01 3.925976e+00 3.911388e+00
-9.999000e+03 -9.999000e+03 -9.999000e+03 -9.999000e+03 -9.999000e+03 -9.999000e+03 -9.999000e+03 0.000000e+00 1.878048e+00 8.666400e+00 6.712726e-01 1.143870e+00 0.000000e+00 1.494168e+00 1.784654e+00 2.114712e+00 2.204140e+00 2.280079e+00 2.543160e+00 2.300789e+00 0.000000e+00 0.000000e+00 7.279403e-01 1.056532e+01 1.229986e+01 2.116014e+00 1.318422e+00 1.766139e+00 2.109359e+00 2.358796e+00 2.517663e+00 2.621250e+00 2.709930e+00 2.798995e+00 2.895866e+00 2.999330e+00 3.101062e+00 3.191263e+00 3.260894e+00 3.315901e+00 3.368572e+00 3.418881e+00 3.462555e+00 3.499380e+00 3.529482e+00 3.556058e+00 3.584002e+00 3.609548e+00 6.737560e+01 3.954488e+00 3.939662e+00 3.917751e+00
-9.999000e+03 -9.999000e+03 -9.999000e+03 -9.999000e+03 -9.999000e+03 -9.999000e+03 -9.999000e+03 0.000000e+00 2.238185e-01 8.540083e+00 0.000000e+00 6.513118e-01 1.141134e+00 1.535246e+00 1.999767e+00 2.129371e+00 2.243525e+00 2.721223e+00 2.219296e+00 2.308600e+00 4.778534e+00 7.185055e+00 9.559236e+00 1.758925e+00 1.763259e+00 7.368163e-01 0.000000e+00 7.437704e-01 1.322711e+00 1.772309e+00 2.106528e+00 2.359014e+00 2.565141e+00 2.737862e+00 2.884031e+00 3.007273e+00 3.995984e+01 4.217143e+01 4.438635e+01 4.660628e+01 4.883987e+01 5.108895e+01 5.335916e+01 5.207064e+01 5.080888e+01 4.941946e+01 6.248377e+01 6.505067e+01 3.968054e+00 3.962535e+00 3.943993e+00 3.921639e+00
-9.999000e+03 -9.999000e+03 -9.999000e+03 -9.999000e+03 -9.999000e+03 -9.999000e+03 -9.999000e+03 0.000000e+00 7.415368e+00 1.509049e+00 0.000000e+00 6.546384e-01 1.171232e+00 1.810122e+00 1.993521e+00 2.166014e+00 2.951760e+00 2.086767e+00 2.206087e+00 2.284652e+00 2.363096e+00 2.451658e+00 1.305487e+00 1.316420e+00 0.000000e+00 0.000000e+00 7.469302e-01 1.334522e+00 1.796620e+00 2.153929e+00 2.420697e+00 2.618587e+00 2.771286e+00 3.354808e+01 3.579075e+01 3.803384e+01 3.424600e+00 3.463321e+00 3.498210e+00 3.533874e+00 3.577381e+00 3.644492e+00 3.698843e+00 7.531773e+00 1.129620e+01 1.500738e+01 3.918923e+00 3.943403e+00 3.954701e+00 3.955032e+00 3.948441e+00 3.922100e+00
