tests/data/reference/test_implicit_stream_rill_mfda/control/massbalance.asc
ncols	123
nrows	77
xllcorner	-713746.79929998
yllcorner	-1061022.36961616
cellsize	10.0
NODATA_value	-9999
[rows 44 to 65 of 77, columns 0 to 49 of 123]
-9.999000e+03 -9.999000e+03 -9.999000e+03 -9.999000e+03 -9.999000e+03 -9.999000e+03 -9.999000e+03 -1.963257e-01 -1.679317e-01 -1.579111e-01 -1.736877e-01 -1.640172e-01 -1.619638e-01 -1.638437e-01 -1.605719e-01 -1.578791e-01 -1.537559e-01 -1.279665e-01 -1.571462e-01 -1.529689e-01 -1.645254e-01 -1.755213e-01 -1.877121e-01 -1.629634e-01 -1.630536e-01 -1.669030e-01 -1.778497e-01 -1.665957e-01 -1.621443e-01 -1.632052e-01 -1.650141e-01 -1.628485e-01 -1.598659e-01 -1.572376e-01 -1.554268e-01 -1.544261e-01 -1.737547e-01 -1.596593e-01 -1.445931e-01 -1.298773e-01 -1.188035e-01 -1.110590e-01 -1.140206e-01 -1.113906e-01 -9.158863e-02 -5.996955e-02 -1.313076e-01 -1.224570e-01 -1.540931e-01 -1.529180e-01
-9.999000e+03 -9.999000e+03 -9.999000e+03 -9.999000e+03 -9.999000e+03 -9.999000e+03 -9.999000e+03 -1.712589e-01 -1.595061e-01 -1.638452e-01 -1.726633e-01 -1.637152e-01 -1.619614e-01 -1.633820e-01 -1.615144e-01 -1.567108e-01 -1.211058e-01 -1.611916e-01 -1.568637e-01 -1.524862e-01 -1.503757e-01 -1.503468e-01 -1.623509e-01 -1.620520e-01 -1.774307e-01 -1.780411e-01 -1.670183e-01 -1.624005e-01 -1.628537e-01 -1.652615e-01 -1.645612e-01 -1.613612e-01 -1.577852e-01 -2.128306e-01 -2.016760e-01 -1.882258e-01 -1.484206e-01 -1.485984e-01 -1.490176e-01 -1.496173e-01 -1.506838e-01 -1.509725e-01 -1.523701e-01 -1.680200e-01 -1.829651e-01 -2.006412e-01 -1.543776e-01 -1.545916e-01 -1.548059e-01 -1.547861e-01
-9.999000e+03 -9.999000e+03 -9.999000e+03 -9.999000e+03 -9.999000e+03 -9.999000e+03 -1.957864e-01 -1.628478e-01 -1.619925e-01 -1.618132e-01 -1.728285e-01 -1.636307e-01 -1.634077e-01 -1.629836e-01 -1.577128e-01 -1.202400e-01 -1.641992e-01 -1.612987e-01 -1.569714e-01 -1.529350e-01 -1.509560e-01 -1.669447e-01 -1.667868e-01 -1.663288e-01 -1.624105e-01 -1.629273e-01 -1.644690e-01 -1.646701e-01 -1.628533e-01 -1.595574e-01 -1.561201e-01 -2.314533e-01 -2.262580e-01 -1.543745e-01 -1.525716e-01 -1.514994e-01 -1.507136e-01 -1.502707e-01 -1.503356e-01 -1.508313e-01 -1.500162e-01 -1.517343e-01 -1.518013e-01 -1.525326e-01 -1.530917e-01 -1.537056e-01 -1.540171e-01 -1.542564e-01 -1.547235e-01 -1.542416e-01
-9.999000e+03 -9.999000e+03 -9.999000e+03 -9.999000e+03 -9.999000e+03 -9.999000e+03 -8.540928e-02 -1.715411e-01 -1.633866e-01 -1.639469e-01 -1.740430e-01 -1.620884e-01 -1.626967e-01 -1.570406e-01 -1.271374e-01 -1.635113e-01 -1.640276e-01 -1.620441e-01 -1.584807e-01 -1.546650e-01 -1.768355e-01 -1.774319e-01 -1.777244e-01 -1.777000e-01 -1.668435e-01 -1.629474e-01 -1.626668e-01 -2.191001e-01 -2.269532e-01 -2.290979e-01 -2.308416e-01 -1.602419e-01 -1.592198e-01 -1.570631e-01 -1.555825e-01 -1.544730e-01 -1.535752e-01 -1.530030e-01 -1.530272e-01 -1.508573e-01 -1.524898e-01 -1.518038e-01 -1.525440e-01 -1.528379e-01 -1.531877e-01 -1.536493e-01 -1.541055e-01 -1.544511e-01 -1.530725e-01 -1.540662e-01
-9.999000e+03 -9.999000e+03 -9.999000e+03 -9.999000e+03 -9.999000e+03 -1.969178e-01 -1.513742e-01 -1.703388e-01 -1.734072e-01 -1.736719e-01 -1.645349e-01 -1.623232e-01 -1.569678e-01 -1.413320e-01 -1.622401e-01 -1.632240e-01 -1.634596e-01 -1.622983e-01 -1.593700e-01 -1.557583e-01 -1.684101e-01 -1.798416e-01 -1.904389e-01 -2.067758e-01 -2.055951e-01 -2.087860e-01 -2.156784e-01 -1.647205e-01 -1.647699e-01 -1.635607e-01 -1.633296e-01 -1.630548e-01 -1.611889e-01 -1.597580e-01 -1.585532e-01 -1.575624e-01 -1.567324e-01 -1.561546e-01 -1.526237e-01 -1.546139e-01 -1.531106e-01 -1.537751e-01 -1.537546e-01 -1.537740e-01 -1.538894e-01 -1.542411e-01 -1.547336e-01 -1.526974e-01 -1.538648e-01 -1.538150e-01
-9.999000e+03 -9.999000e+03 -9.999000e+03 -9.999000e+03 -2.065342e-01 -1.616703e-01 -1.619425e-01 -1.674961e-01 -1.725850e-01 -1.719978e-01 -1.635381e-01 -1.584818e-01 -1.580932e-01 -1.650630e-01 -1.622331e-01 -1.629856e-01 -1.629824e-01 -1.620884e-01 -1.592990e-01 -1.575744e-01 -1.576031e-01 -1.585994e-01 -1.536734e-01 -1.625051e-01 -1.642304e-01 -1.650279e-01 -1.649246e-01 -1.655055e-01 -1.651489e-01 -1.653084e-01 -1.653111e-01 -1.641361e-01 -1.634291e-01 -1.625979e-01 -1.616758e-01 -1.608886e-01 -1.602526e-01 -1.550444e-01 -1.573818e-01 -1.550332e-01 -1.560042e-01 -1.557903e-01 -1.555620e-01 -1.554469e-01 -1.555315e-01 -1.557525e-01 -1.525334e-01 -1.545289e-01 -1.544869e-01 -1.567822e-01
-9.999000e+03 -9.999000e+03 -9.999000e+03 -9.999000e+03 -2.085323e-01 -1.636627e-01 -1.640005e-01 -1.620134e-01 -1.626575e-01 -1.709047e-01 -1.602778e-01 -1.720280e-01 -1.732823e-01 -1.648061e-01 -1.623249e-01 -1.626243e-01 -1.624633e-01 -1.615597e-01 -1.608118e-01 -1.599751e-01 -1.600404e-01 -1.672713e-01 -1.630177e-01 -1.624044e-01 -1.631353e-01 -1.636867e-01 -1.643104e-01 -1.642557e-01 -1.648476e-01 -1.653995e-01 -1.646100e-01 -1.644792e-01 -1.643313e-01 -1.640214e-01 -1.636193e-01 -1.633112e-01 -1.572461e-01 -1.605586e-01 -1.570660e-01 -1.584006e-01 -1.581709e-01 -1.580233e-01 -1.578945e-01 -1.579137e-01 -1.579951e-01 -1.532271e-01 -1.558282e-01 -1.558438e-01 -1.586790e-01 -1.623686e-01
-9.999000e+03 -9.999000e+03 -9.999000e+03 -1.966085e-01 -1.613091e-01 -1.622475e-01 -1.715833e-01 -1.627430e-01 -1.701347e-01 -1.611425e-01 -1.632971e-01 -1.569630e-01 -1.723917e-01 -1.646376e-01 -1.624367e-01 -1.622509e-01 -1.617112e-01 -1.624542e-01 -1.624378e-01 -1.618684e-01 -1.757408e-01 -1.679671e-01 -1.640911e-01 -1.629177e-01 -1.624439e-01 -1.626635e-01 -1.628821e-01 -1.632975e-01 -1.638322e-01 -1.636676e-01 -1.639791e-01 -1.641911e-01 -1.642166e-01 -1.642109e-01 -1.642918e-01 -1.576904e-01 -1.626834e-01 -1.587685e-01 -1.609287e-01 -1.604250e-01 -1.602597e-01 -1.604966e-01 -1.607498e-01 -1.609388e-01 -1.548539e-01 -1.583362e-01 -1.580425e-01 -1.609221e-01 -1.649250e-01 -1.648971e-01
-9.999000e+03 -9.999000e+03 -9.999000e+03 -1.976551e-01 -1.670184e-01 -1.627755e-01 -1.694867e-01 -1.679678e-01 -1.616719e-01 -1.617518e-01 -1.547629e-01 -1.577556e-01 -1.710943e-01 -1.644851e-01 -1.624189e-01 -1.618188e-01 -1.624303e-01 -1.628084e-01 -1.629820e-01 -1.801695e-01 -1.769840e-01 -1.682402e-01 -1.646929e-01 -1.633463e-01 -1.633259e-01 -1.624020e-01 -1.624609e-01 -1.626688e-01 -1.627206e-01 -1.633309e-01 -1.638467e-01 -1.641819e-01 -1.642855e-01 -1.642903e-01 -1.572464e-01 -1.631817e-01 -1.587335e-01 -1.626025e-01 -1.626279e-01 -1.621545e-01 -1.621566e-01 -1.627250e-01 -1.632704e-01 -1.563843e-01 -1.614810e-01 -1.612084e-01 -1.634407e-01 -1.706218e-01 -1.705154e-01 -1.704175e-01
-9.999000e+03 -9.999000e+03 -1.930409e-01 -1.691163e-01 -1.620347e-01 -1.623525e-01 -1.663173e-01 -1.651753e-01 -1.660936e-01 -1.646203e-01 -1.500499e-01 -1.597107e-01 -1.689667e-01 -1.639713e-01 -1.620965e-01 -1.622687e-01 -1.623629e-01 -1.622445e-01 -1.641534e-01 -1.629606e-01 -1.747201e-01 -1.670081e-01 -1.644822e-01 -1.647332e-01 -1.633494e-01 -1.634171e-01 -1.632831e-01 -1.623572e-01 -1.626541e-01 -1.629917e-01 -1.634133e-01 -1.637500e-01 -1.638478e-01 -1.570702e-01 -1.633672e-01 -1.578948e-01 -1.626465e-01 -1.634417e-01 -1.637864e-01 -1.636064e-01 -1.636573e-01 -1.641381e-01 -1.567950e-01 -1.636857e-01 -1.640834e-01 -1.656414e-01 -1.816956e-01 -1.819995e-01 -1.820452e-01 -1.818597e-01
-9.999000e+03 -9.999000e+03 -8.754270e-02 -1.607855e-01 -1.693372e-01 -1.665358e-01 -1.640148e-01 -1.663996e-01 -1.602909e-01 -1.539851e-01 -1.651110e-01 -1.606553e-01 -1.669321e-01 -1.630236e-01 -1.635789e-01 -1.636488e-01 -1.642606e-01 -1.644883e-01 -1.633019e-01 -1.599933e-01 -1.717455e-01 -1.657934e-01 -1.666421e-01 -1.640929e-01 -1.646585e-01 -1.650111e-01 -1.630925e-01 -1.631272e-01 -1.630158e-01 -1.627712e-01 -1.625913e-01 -1.625723e-01 -1.575899e-01 -1.634244e-01 -1.574786e-01 -1.628196e-01 -1.633667e-01 -1.640508e-01 -1.644347e-01 -1.644017e-01 -1.643692e-01 -1.567501e-01 -1.643804e-01 -1.651988e-01 -1.657790e-01 -1.656405e-01 -1.655134e-01 -1.639051e-01 -2.066652e-01 -2.228866e-01
-9.999000e+03 -2.028478e-01 -1.273177e-01 -1.609289e-01 -1.684903e-01 -1.620135e-01 -1.670870e-01 -1.670338e-01 -9.999000e+03 -9.999000e+03 -9.999000e+03 -1.649387e-01 -1.659759e-01 -1.693130e-01 -1.706392e-01 -1.707121e-01 -1.713070e-01 -1.723070e-01 -1.712680e-01 -1.672509e-01 -1.662409e-01 -1.698578e-01 -1.646987e-01 -1.654455e-01 -1.662116e-01 -1.638669e-01 -1.642659e-01 -1.644390e-01 -1.642950e-01 -1.639812e-01 -1.636370e-01 -1.582822e-01 -1.627005e-01 -1.576098e-01 -1.629785e-01 -1.631913e-01 -1.634743e-01 -1.637620e-01 -1.638534e-01 -1.637286e-01 -1.571855e-01 -1.643652e-01 -1.648796e-01 -1.636673e-01 -1.636879e-01 -1.631104e-01 -1.742695e-01 -1.864277e-01 -1.541594e-01 -1.655832e-01
-9.999000e+03 -2.212582e-01 -1.640698e-01 -1.684122e-01 -1.658078e-01 -1.661335e-01 -9.999000e+03 -9.999000e+03 -9.999000e+03 -9.999000e+03 -9.999000e+03 -9.999000e+03 -1.668148e-01 -1.686696e-01 -1.616974e-01 -1.618622e-01 -1.707089e-01 -1.627024e-01 -1.621841e-01 -1.635040e-01 -1.647138e-01 -1.650478e-01 -1.678178e-01 -1.706561e-01 -1.643206e-01 -1.653591e-01 -1.665558e-01 -1.673824e-01 -1.676606e-01 -1.677333e-01 -1.590509e-01 -1.633407e-01 -1.582892e-01 -1.627078e-01 -1.627551e-01 -1.627597e-01 -1.626821e-01 -1.625746e-01 -1.627334e-01 -1.578902e-01 -1.633801e-01 -1.633538e-01 -1.624544e-01 -1.624439e-01 -1.645992e-01 -1.635234e-01 -1.633344e-01 -1.546678e-01 -1.631005e-01 -1.631164e-01
-1.965194e-01 -8.951714e-02 -1.618855e-01 -1.659815e-01 -1.614200e-01 -1.686497e-01 -9.999000e+03 -9.999000e+03 -9.999000e+03 -9.999000e+03 -9.999000e+03 -9.999000e+03 -9.999000e+03 -9.999000e+03 -9.999000e+03 -1.710250e-01 -1.600223e-01 -1.719038e-01 -1.710418e-01 -1.696715e-01 -1.576163e-01 -9.999000e+03 -9.999000e+03 -1.678106e-01 -1.707224e-01 -1.722817e-01 -1.738579e-01 -1.753456e-01 -1.760888e-01 -1.610741e-01 -1.668248e-01 -1.595495e-01 -1.635403e-01 -1.638619e-01 -1.638746e-01 -1.638133e-01 -1.637612e-01 -1.635799e-01 -1.596131e-01 -1.630405e-01 -1.629527e-01 -1.642991e-01 -1.642069e-01 -1.649575e-01 -1.627069e-01 -1.629738e-01 -1.557343e-01 -1.629783e-01 -1.628124e-01 -1.626254e-01
-1.992198e-01 -1.654102e-01 -1.646786e-01 -1.646361e-01 -1.688810e-01 -9.999000e+03 -9.999000e+03 -9.999000e+03 -9.999000e+03 -9.999000e+03 -9.999000e+03 -9.999000e+03 -9.999000e+03 -9.999000e+03 -9.999000e+03 -9.999000e+03 -9.999000e+03 -9.999000e+03 -9.999000e+03 -9.999000e+03 -9.999000e+03 -9.999000e+03 -9.999000e+03 -1.670410e-01 -1.700398e-01 -1.710669e-01 -1.633226e-01 -1.622255e-01 -1.627690e-01 -1.739985e-01 -1.620271e-01 -1.658582e-01 -1.665011e-01 -1.673496e-01 -1.675758e-01 -1.677597e-01 -1.680011e-01 -1.615637e-01 -1.638716e-01 -1.645451e-01 -1.695810e-01 -1.694351e-01 -1.637128e-01 -1.641052e-01 -1.642864e-01 -1.580247e-01 -1.650097e-01 -1.651787e-01 -1.651057e-01 -1.642049e-01
-9.999000e+03 -1.694759e-01 -1.686647e-01 -1.710147e-01 -9.999000e+03 -9.999000e+03 -9.999000e+03 -9.999000e+03 -9.999000e+03 -9.999000e+03 -9.999000e+03 -9.999000e+03 -9.999000e+03 -9.999000e+03 -9.999000e+03 -9.999000e+03 -9.999000e+03 -9.999000e+03 -9.999000e+03 -9.999000e+03 -9.999000e+03 -9.999000e+03 -9.999000e+03 -9.999000e+03 -9.999000e+03 -9.999000e+03 -1.723046e-01 -1.734634e-01 -1.634365e-01 -1.620086e-01 -1.714358e-01 -1.725285e-01 -1.742599e-01 -1.763329e-01 -1.772452e-01 -1.774615e-01 -1.630715e-01 -1.676853e-01 -1.680991e-01 -1.801702e-01 -1.807180e-01 -1.627440e-01 -1.692417e-01 -1.690853e-01 -1.608566e-01 -1.692862e-01 -1.694639e-01 -1.696580e-01 -1.651952e-01 -1.643930e-01
-9.999000e+03 -9.999000e+03 -9.999000e+03 -9.999000e+03 -9.999000e+03 -9.999000e+03 -9.999000e+03 -9.999000e+03 -9.999000e+03 -9.999000e+03 -9.999000e+03 -9.999000e+03 -9.999000e+03 -9.999000e+03 -9.999000e+03 -9.999000e+03 -9.999000e+03 -9.999000e+03 -9.999000e+03 -9.999000e+03 -9.999000e+03 -9.999000e+03 -9.999000e+03 -9.999000e+03 -9.999000e+03 -9.999000e+03 -9.999000e+03 -9.999000e+03 -1.728219e-01 -1.614308e-01 -1.701588e-01 -1.712415e-01 -1.733294e-01 -1.658868e-01 -1.625589e-01 -1.631350e-01 -1.764110e-01 -1.775285e-01 -1.785309e-01 -1.683315e-01 -1.638160e-01 -1.802373e-01 -1.803985e-01 -1.628536e-01 -1.805254e-01 -1.805469e-01 -1.804677e-01 -1.643686e-01 -1.690845e-01 -1.510419e-01
-9.999000e+03 -9.999000e+03 -9.999000e+03 -9.999000e+03 -9.999000e+03 -9.999000e+03 -9.999000e+03 -9.999000e+03 -9.999000e+03 -9.999000e+03 -9.999000e+03 -9.999000e+03 -9.999000e+03 -9.999000e+03 -9.999000e+03 -9.999000e+03 -9.999000e+03 -9.999000e+03 -9.999000e+03 -9.999000e+03 -9.999000e+03 -9.999000e+03 -9.999000e+03 -9.999000e+03 -9.999000e+03 -9.999000e+03 -9.999000e+03 -9.999000e+03 -9.999000e+03 -1.708036e-01 -1.623648e-01 -1.635293e-01 -1.650256e-01 -1.763625e-01 -1.767722e-01 -1.757241e-01 -1.757928e-01 -1.771193e-01 -1.671987e-01 -1.632349e-01 -1.626212e-01 -1.642936e-01 -1.644848e-01 -1.802660e-01 -1.689022e-01 -1.636912e-01 -1.621730e-01 -1.796334e-01 -1.541584e-01 -1.805314e-01
-9.999000e+03 -9.999000e+03 -9.999000e+03 -9.999000e+03 -9.999000e+03 -9.999000e+03 -9.999000e+03 -9.999000e+03 -9.999000e+03 -9.999000e+03 -9.999000e+03 -9.999000e+03 -9.999000e+03 -9.999000e+03 -9.999000e+03 -9.999000e+03 -9.999000e+03 -9.999000e+03 -9.999000e+03 -9.999000e+03 -9.999000e+03 -9.999000e+03 -9.999000e+03 -9.999000e+03 -9.999000e+03 -9.999000e+03 -9.999000e+03 -9.999000e+03 -9.999000e+03 -9.999000e+03 -1.638656e-01 -9.999000e+03 -9.999000e+03 -9.999000e+03 -9.999000e+03 -9.999000e+03 -9.999000e+03 -9.999000e+03 -1.780188e-01 -1.672340e-01 -1.627491e-01 -1.626526e-01 -1.646581e-01 -1.639694e-01 -1.621473e-01 -1.601225e-01 -1.584773e-01 -1.575334e-01 -1.792127e-01 -1.693251e-01
-9.999000e+03 -9.999000e+03 -9.999000e+03 -9.999000e+03 -9.999000e+03 -9.999000e+03 -9.999000e+03 -9.999000e+03 -9.999000e+03 -9.999000e+03 -9.999000e+03 -9.999000e+03 -9.999000e+03 -9.999000e+03 -9.999000e+03 -9.999000e+03 -9.999000e+03 -9.999000e+03 -9.999000e+03 -9.999000e+03 -9.999000e+03 -9.999000e+03 -9.999000e+03 -9.999000e+03 -9.999000e+03 -9.999000e+03 -9.999000e+03 -9.999000e+03 -9.999000e+03 -9.999000e+03 -9.999000e+03 -9.999000e+03 -9.999000e+03 -9.999000e+03 -9.999000e+03 -9.999000e+03 -9.999000e+03 -9.999000e+03 -9.999000e+03 -9.999000e+03 -9.999000e+03 -1.781040e-01 -1.785052e-01 -1.795566e-01 -1.685843e-01 -1.634477e-01 -1.621626e-01 -1.653294e-01 -1.660637e-01 -1.626919e-01
-9.999000e+03 -9.999000e+03 -9.999000e+03 -9.999000e+03 -9.999000e+03 -9.999000e+03 -9.999000e+03 -9.999000e+03 -9.999000e+03 -9.999000e+03 -9.999000e+03 -9.999000e+03 -9.999000e+03 -9.999000e+03 -9.999000e+03 -9.999000e+03 -9.999000e+03 -9.999000e+03 -9.999000e+03 -9.999000e+03 -9.999000e+03 -9.999000e+03 -9.999000e+03 -9.999000e+03 -9.999000e+03 -9.999000e+03 -9.999000e+03 -9.999000e+03 -9.999000e+03 -9.999000e+03 -9.999000e+03 -9.999000e+03 -9.999000e+03 -9.999000e+03 -9.999000e+03 -9.999000e+03 -9.999000e+03 -9.999000e+03 -9.999000e+03 -9.999000e+03 -9.999000e+03 -9.999000e+03 -9.999000e+03 -9.999000e+03 -1.802573e-01 -1.800103e-01 -1.678631e-01 -1.623317e-01 -1.792499e-01 -1.695635e-01
-9.999000e+03 -9.999000e+03 -9.999000e+03 -9.999000e+03 -9.999000e+03 -9.999000e+03 -9.999000e+03 -9.999000e+03 -9.999000e+03 -9.999000e+03 -9.999000e+03 -9.999000e+03 -9.999000e+03 -9.999000e+03 -9.999000e+03 -9.999000e+03 -9.999000e+03 -9.999000e+03 -9.999000e+03 -9.999000e+03 -9.999000e+03 -9.999000e+03 -9.999000e+03 -9.999000e+03 -9.999000e+03 -9.999000e+03 -9.999000e+03 -9.999000e+03 -9.999000e+03 -9.999000e+03 -9.999000e+03 -9.999000e+03 -9.999000e+03 -9.999000e+03 -9.999000e+03 -9.999000e+03 -9.999000e+03 -9.999000e+03 -9.999000e+03 -9.999000e+03 -9.999000e+03 -9.999000e+03 -9.999000e+03 -9.999000e+03 -9.999000e+03 -9.999000e+03 -9.999000e+03 -9.999000e+03 -9.999000e+03 -9.999000e+03
