tests/data/reference/test_implicit_stream_rill_mfda/control/massbalance.asc
ncols	123
nrows	77
xllcorner	-713746.79929998
yllcorner	-1061022.36961616
cellsize	10.0
NODATA_value	-9999
[rows 22 to 43 of 77, columns 0 to 49 of 123]
-9.999000e+03 -9.999000e+03 -9.999000e+03 -9.999000e+03 -9.999000e+03 -9.999000e+03 -9.999000e+03 -9.999000e+03 -9.999000e+03 -9.999000e+03 -9.999000e+03 -9.999000e+03 -9.999000e+03 -9.999000e+03 -9.999000e+03 -3.059688e-02 -1.981849e-02 -5.241825e-03 4.099688e-02 -8.396214e-02 -8.541129e-02 -6.610987e-02 -1.702293e-01 2.753952e-01 1.721695e-01 -1.080743e-02 5.807499e-03 -1.600006e-02 -3.615685e-02 -1.824963e-02 -1.066741e-01 -7.028139e-02 -2.894853e-02 8.283761e-02 -2.793969e-02 -2.155856e-02 2.392591e-03 -1.085051e-01 4.051650e-02 -2.385141e-02 -2.425391e-02 -2.531820e-02 -2.515374e-02 -2.669644e-02 -2.678750e-02 -2.839579e-02 -2.776403e-02 -2.521798e-02 -3.266519e-02 -5.423447e-02
-9.999000e+03 -9.999000e+03 -9.999000e+03 -9.999000e+03 -9.999000e+03 -9.999000e+03 -9.999000e+03 -9.999000e+03 -9.999000e+03 -9.999000e+03 -9.999000e+03 -9.999000e+03 -9.999000e+03 -9.999000e+03 -7.447929e-02 -1.437757e-02 -1.194959e-02 -4.569031e-02 -7.919132e-02 -5.202766e-02 -6.407721e-02 -1.709770e-01 -5.083699e-02 7.119048e-02 1.154019e-01 -2.532513e-02 -1.425116e-02 -2.365096e-02 -3.166973e-02 -1.889711e-02 -1.064905e-01 -7.028957e-02 -4.937674e-02 -2.639406e-02 1.059434e-01 -2.172775e-02 -3.117992e-04 -1.099426e-01 4.631741e-02 -2.384671e-02 -2.312829e-02 -2.298525e-02 -2.242485e-02 -2.333712e-02 -2.382221e-02 -2.537335e-02 -2.527175e-02 -2.373830e-02 -2.885934e-02 -4.035486e-02
-9.999000e+03 -9.999000e+03 -9.999000e+03 -9.999000e+03 -9.999000e+03 -9.999000e+03 -9.999000e+03 -9.999000e+03 -9.999000e+03 -9.999000e+03 -9.999000e+03 -9.999000e+03 -9.999000e+03 -9.999000e+03 -1.854830e-02 9.778675e-02 7.124350e-02 -6.005938e-02 -7.781445e-02 -9.150854e-02 -1.760682e-01 -1.811131e-01 -1.052664e-01 -8.353802e-02 4.564161e-02 8.209769e-02 -1.619452e-02 -2.532685e-02 -3.573196e-02 -1.119279e-01 -2.237108e-02 -7.011983e-02 -4.877290e-02 -3.616604e-02 1.209373e-01 -2.101599e-02 -5.291228e-03 -1.104957e-01 5.104727e-02 -2.297557e-02 -2.230472e-02 -2.202247e-02 -2.136778e-02 -2.181579e-02 -2.242049e-02 -2.389465e-02 -2.422582e-02 -2.359907e-02 -2.731598e-02 -3.376757e-02
-9.999000e+03 -9.999000e+03 -9.999000e+03 -9.999000e+03 -9.999000e+03 -9.999000e+03 -9.999000e+03 -9.999000e+03 -9.999000e+03 -9.999000e+03 -9.999000e+03 -9.999000e+03 -9.999000e+03 -9.999000e+03 1.076490e-01 -3.148467e-02 -8.343136e-02 -8.327466e-02 -8.224682e-02 -6.896396e-02 -1.655627e-01 -8.419476e-03 7.160945e-02 -6.654786e-02 -6.443810e-02 3.641599e-03 8.483602e-02 -2.735072e-02 -3.541090e-02 -1.129430e-01 -7.472596e-02 -3.004877e-02 -5.386786e-02 -3.404463e-02 -2.745846e-02 1.290925e-01 -1.086087e-01 -1.366026e-02 -7.289429e-02 9.186083e-02 -2.188110e-02 -2.206054e-02 -2.159643e-02 -2.172669e-02 -2.221563e-02 -2.348858e-02 -2.420119e-02 -2.430105e-02 -2.706185e-02 -3.191313e-02
-9.999000e+03 -9.999000e+03 -9.999000e+03 -9.999000e+03 -9.999000e+03 -9.999000e+03 -9.999000e+03 -9.999000e+03 -9.999000e+03 -9.999000e+03 -9.999000e+03 -9.999000e+03 -8.979856e-02 -7.914955e-02 1.125737e-01 -4.760230e-02 -8.413407e-02 -5.895097e-02 -6.415081e-02 -1.713811e-01 2.139054e-01 7.259498e-02 1.098406e-02 7.232242e-02 -4.716524e-02 -4.626733e-02 1.222430e-01 -2.159798e-02 -2.853535e-02 -7.200886e-02 -1.119057e-01 -5.121326e-02 -2.583379e-02 -3.624601e-02 -3.145953e-02 -2.683646e-02 7.070739e-02 -7.260322e-02 -1.723653e-02 -5.026776e-02 1.161817e-01 -2.154415e-02 -2.109644e-02 -2.126011e-02 -2.205723e-02 -2.362931e-02 -2.491335e-02 -2.542746e-02 -2.722959e-02 -3.101034e-02
-9.999000e+03 -9.999000e+03 -9.999000e+03 -9.999000e+03 -9.999000e+03 -9.999000e+03 -9.999000e+03 -9.999000e+03 -9.999000e+03 -9.999000e+03 -9.999000e+03 -9.999000e+03 -9.999000e+03 -8.844859e-02 -4.962191e-02 -5.640402e-02 -6.642181e-02 -6.076416e-02 -1.707942e-01 2.255201e-01 -3.748084e-02 -3.307289e-02 1.097771e-01 1.318636e-01 1.722202e-01 1.235145e-01 1.060685e-01 8.617064e-02 -1.447419e-02 -2.254707e-02 -4.791516e-02 -7.100732e-02 -3.496061e-02 -1.879366e-02 -3.020719e-02 -3.514078e-02 -3.719597e-02 1.893037e-02 -5.074611e-02 -2.028758e-02 1.217557e-01 -2.050221e-02 -1.996306e-02 -2.043513e-02 -2.190017e-02 -2.416151e-02 -2.606505e-02 -2.666483e-02 -2.739638e-02 -3.011978e-02
-9.999000e+03 -9.999000e+03 -9.999000e+03 -9.999000e+03 -9.999000e+03 -9.999000e+03 -9.999000e+03 -9.999000e+03 -9.999000e+03 -9.999000e+03 -9.999000e+03 -9.999000e+03 -9.999000e+03 -9.999000e+03 -9.999000e+03 -7.501670e-02 -5.142294e-02 -1.816673e-01 -1.857992e-01 6.576293e-02 6.366849e-02 2.426628e-02 -7.614772e-03 -1.763907e-02 -1.943415e-02 -2.259501e-02 -2.254111e-02 1.159903e-01 1.668305e-01 -1.812200e-02 -2.054475e-02 -3.196931e-02 -4.167722e-02 -2.443211e-02 -2.112627e-02 -3.517619e-02 -3.510437e-02 -3.127887e-02 6.969776e-03 -4.399770e-02 1.351187e-01 -2.061509e-02 -2.130043e-02 -2.234555e-02 -2.365593e-02 -2.531594e-02 -2.650031e-02 -2.656824e-02 -2.665970e-02 -2.865973e-02
-9.999000e+03 -9.999000e+03 -9.999000e+03 -9.999000e+03 -9.999000e+03 -9.999000e+03 -9.999000e+03 -9.999000e+03 -9.999000e+03 -9.999000e+03 -9.999000e+03 -9.999000e+03 -9.999000e+03 -9.999000e+03 -9.999000e+03 -9.999000e+03 -5.956217e-02 -1.746515e-01 8.018861e-03 1.021164e-02 -6.160279e-03 -1.687890e-02 -2.208720e-02 -2.597082e-02 -2.890404e-02 -3.151385e-02 -2.886184e-02 -2.296756e-02 -2.354946e-02 1.541282e-01 1.664171e-01 1.769084e-01 -2.272688e-02 -2.963198e-02 -2.613149e-02 -2.659693e-02 3.623109e-02 8.094607e-02 -2.422917e-02 1.351962e-02 -3.804115e-02 1.323537e-01 -2.448882e-02 -2.585812e-02 -2.643991e-02 -2.666843e-02 -2.634865e-02 -2.561070e-02 -2.539455e-02 -2.678923e-02
-9.999000e+03 -9.999000e+03 -9.999000e+03 -9.999000e+03 -9.999000e+03 -9.999000e+03 -9.999000e+03 -9.999000e+03 -9.999000e+03 -9.999000e+03 -9.999000e+03 -9.999000e+03 -9.999000e+03 -9.999000e+03 -9.999000e+03 -9.999000e+03 -1.818615e-01 1.888603e-01 -4.454154e-02 -3.877668e-02 -3.247902e-02 1.059272e-01 5.904654e-02 3.990328e-02 2.286631e-02 -8.319585e-06 -1.673767e-02 -3.252502e-02 -4.082785e-02 -4.779696e-02 -4.736670e-02 -4.365704e-02 1.702161e-01 1.693600e-01 1.497591e-01 1.264287e-01 5.916929e-02 1.864458e-02 1.419813e-01 1.421655e-01 1.437243e-01 1.650784e-01 1.508825e-01 -2.472532e-02 -2.746759e-02 -2.043978e-02 -2.094840e-02 -2.134771e-02 -2.230431e-02 -2.365575e-02
-9.999000e+03 -9.999000e+03 -9.999000e+03 -9.999000e+03 -9.999000e+03 -9.999000e+03 -9.999000e+03 -9.999000e+03 -9.999000e+03 -9.999000e+03 -9.999000e+03 -9.999000e+03 -9.999000e+03 -9.999000e+03 -9.999000e+03 -1.818644e-01 1.802377e-01 -3.541954e-02 1.484296e-01 1.205627e-01 1.010939e-01 -2.631498e-02 3.181101e-02 5.898264e-02 1.786396e-02 8.648300e-02 9.473409e-02 1.033650e-01 5.140629e-02 2.013447e-02 1.614311e-02 1.932155e-02 1.530354e-02 9.129485e-03 -1.624206e-02 -3.741882e-02 1.062281e-01 9.858768e-02 1.082311e-01 1.362231e-01 1.548922e-01 1.584477e-01 2.724500e-01 3.368827e-01 2.355321e-01 -1.495984e-02 5.685449e-02 -1.456061e-02 -1.795064e-02 -1.931850e-02
-9.999000e+03 -9.999000e+03 -9.999000e+03 -9.999000e+03 -9.999000e+03 -9.999000e+03 -9.999000e+03 -9.999000e+03 -9.999000e+03 -9.999000e+03 -9.999000e+03 -9.999000e+03 -9.999000e+03 -9.999000e+03 -1.814527e-01 -1.839790e-01 1.490904e-01 1.729799e-01 -1.767928e-02 -1.558971e-02 -2.456974e-02 -2.684074e-02 -2.782968e-02 -3.027115e-02 3.227694e-02 -2.650935e-02 -2.830933e-02 -2.626957e-02 -2.608800e-02 -3.098417e-02 -2.826263e-02 1.211604e-01 1.267845e-01 1.323665e-01 1.316629e-01 1.556612e-01 -4.294012e-02 -3.826362e-02 -3.275977e-02 -3.838403e-02 -4.039278e-02 -3.754485e-02 3.929781e-02 9.582153e-02 1.308018e-01 2.708342e-01 2.109046e-01 2.325951e-01 -1.555910e-02 6.348298e-02
-9.999000e+03 -9.999000e+03 -9.999000e+03 -9.999000e+03 -9.999000e+03 -9.999000e+03 -9.999000e+03 -9.999000e+03 -9.999000e+03 -9.999000e+03 -9.999000e+03 -9.999000e+03 -9.999000e+03 -9.999000e+03 -1.817945e-01 4.551852e-01 -2.134711e-02 -2.301006e-02 -1.337045e-02 -2.186580e-02 -2.149223e-02 -2.292303e-02 -2.777776e-02 -2.677604e-02 -2.712323e-02 -2.462701e-02 -2.587178e-02 -2.856588e-02 3.090755e-02 7.034025e-02 9.677185e-02 -2.174634e-02 -1.838363e-02 -1.701796e-02 5.114057e-02 -6.374816e-02 -4.335523e-02 -2.414672e-02 -2.801058e-02 -3.201769e-02 -3.349648e-02 -3.932266e-02 -4.205509e-02 -4.017092e-02 -3.592939e-02 3.777714e-02 8.824478e-02 1.217320e-01 3.665089e-01 3.223150e-01
-9.999000e+03 -9.999000e+03 -9.999000e+03 -9.999000e+03 -9.999000e+03 -9.999000e+03 -9.999000e+03 -9.999000e+03 -9.999000e+03 -9.999000e+03 -9.999000e+03 -9.999000e+03 -9.999000e+03 -1.821726e-01 6.997313e-01 -2.137362e-02 -2.520788e-02 -1.161189e-02 -2.756669e-02 -2.403874e-02 -2.151769e-02 -2.170014e-02 -2.348498e-02 -2.656769e-02 -2.664732e-02 -2.673628e-02 -2.764165e-02 -3.007152e-02 -2.952560e-02 -2.879961e-02 -2.917869e-02 -2.457132e-02 -2.312612e-02 8.020806e-02 -1.043103e-01 -6.754053e-02 -2.806638e-02 -3.067424e-02 -3.425628e-02 -3.581609e-02 -3.234856e-02 -3.813937e-02 -3.882951e-02 -4.870959e-02 -4.843926e-02 -5.359841e-02 -5.089403e-02 -4.883236e-02 -4.301907e-02 4.064831e-02
-9.999000e+03 -9.999000e+03 -9.999000e+03 -9.999000e+03 -9.999000e+03 -9.999000e+03 -9.999000e+03 -9.999000e+03 -9.999000e+03 -9.999000e+03 -9.999000e+03 -9.999000e+03 -1.813022e-01 -1.618586e-01 -2.460857e-02 -2.590277e-02 -3.493421e-03 -3.260464e-02 -2.878813e-02 -2.482636e-02 -2.241954e-02 -2.111803e-02 -2.310395e-02 -2.236089e-02 -2.530158e-02 -2.639975e-02 -2.819348e-02 -3.081763e-02 -3.271284e-02 -3.530869e-02 -3.171607e-02 -3.004064e-02 4.743980e-02 -4.761632e-02 -1.050412e-01 -3.082684e-02 -3.472895e-02 -4.036535e-02 -4.251262e-02 -3.643740e-02 -4.590851e-02 -4.641875e-02 -4.558113e-02 -4.421891e-02 -5.546184e-02 -6.557762e-02 -6.597054e-02 -6.617098e-02 -6.202912e-02 -5.630473e-02
-9.999000e+03 -9.999000e+03 -9.999000e+03 -9.999000e+03 -9.999000e+03 -9.999000e+03 -9.999000e+03 -9.999000e+03 -9.999000e+03 -9.999000e+03 -9.999000e+03 -9.999000e+03 -1.776395e-01 -1.437199e-02 -2.991443e-02 2.333877e-03 -4.035369e-02 -3.425375e-02 -2.937468e-02 -2.639444e-02 -2.396149e-02 -2.408746e-02 -1.960905e-02 -2.248707e-02 -2.388577e-02 -2.543828e-02 -2.722882e-02 -3.293796e-02 -3.931517e-02 -3.352808e-02 -3.274971e-02 4.681803e-02 -1.057285e-01 -6.879016e-02 -3.453936e-02 -3.861960e-02 -4.844796e-02 -5.015281e-02 -3.710618e-02 -5.450194e-02 -5.659487e-02 -5.769151e-02 -5.614889e-02 -7.517957e-02 -7.578533e-02 -7.679277e-02 -7.756780e-02 -8.766134e-02 -8.669422e-02 -3.492162e-02
-9.999000e+03 -9.999000e+03 -9.999000e+03 -9.999000e+03 -9.999000e+03 -9.999000e+03 -9.999000e+03 -9.999000e+03 -9.999000e+03 -9.999000e+03 -9.999000e+03 -1.798016e-01 3.081369e-01 -2.628090e-02 1.830111e-02 -5.831041e-02 -4.331828e-02 -3.477115e-02 -3.110898e-02 -2.816113e-02 -2.952836e-02 -2.040059e-02 -2.385879e-02 -2.399778e-02 -2.456124e-02 -2.542289e-02 -3.073941e-02 -4.453552e-02 -3.270832e-02 -2.955192e-02 -3.534153e-02 1.439948e-02 -1.023783e-01 -3.971372e-02 -4.769681e-02 -6.459865e-02 -6.559890e-02 -3.450044e-02 -6.763807e-02 -6.903841e-02 -7.188677e-02 -7.476995e-02 -1.111255e-01 -1.108283e-01 -1.111760e-01 -1.121049e-01 -1.128306e-01 -1.133912e-01 -2.848403e-02 -8.186636e-02
-9.999000e+03 -9.999000e+03 -9.999000e+03 -9.999000e+03 -9.999000e+03 -9.999000e+03 -9.999000e+03 -9.999000e+03 -9.999000e+03 -9.999000e+03 -1.789106e-01 -1.689305e-01 -2.175534e-02 6.380725e-02 -8.766428e-02 -5.773044e-02 -3.977580e-02 -3.561835e-02 -3.220279e-02 -3.564826e-02 -2.186607e-02 -2.579242e-02 -2.504322e-02 -2.478057e-02 -2.475035e-02 -3.380427e-02 -6.067425e-02 -3.421064e-02 -2.818435e-02 -3.370942e-02 -3.632659e-02 -3.838020e-02 -4.023327e-02 -6.585371e-02 -1.010911e-01 -9.903970e-02 -3.167079e-02 -9.782105e-02 -9.808206e-02 -9.881615e-02 -1.022643e-01 -1.077320e-01 -7.293990e-02 -5.038780e-02 -3.850725e-02 -3.349081e-02 -3.079080e-02 -2.869391e-02 -1.113069e-01 -1.097181e-01
-9.999000e+03 -9.999000e+03 -9.999000e+03 -9.999000e+03 -9.999000e+03 -9.999000e+03 -9.999000e+03 -9.999000e+03 -9.999000e+03 -9.999000e+03 -1.770641e-01 2.596949e-03 6.643461e-02 -4.843638e-02 -8.307312e-02 -3.921991e-02 -3.474596e-02 -3.339854e-02 -4.399037e-02 -2.212075e-02 -2.898388e-02 -2.668010e-02 -2.515076e-02 -2.438901e-02 -3.983422e-02 -9.612801e-02 -4.142674e-02 -2.920092e-02 -4.028686e-02 -3.882899e-02 -4.077360e-02 -4.205580e-02 -9.432267e-02 -9.897929e-02 -6.310812e-02 -3.911249e-02 -9.538005e-02 -5.710716e-02 -3.966792e-02 -3.419936e-02 -1.015191e-01 -1.072742e-01 -7.220987e-02 -4.921396e-02 -3.702933e-02 -3.202669e-02 -3.014055e-02 -2.894381e-02 -2.624426e-02 -2.223260e-02
-9.999000e+03 -9.999000e+03 -9.999000e+03 -9.999000e+03 -9.999000e+03 -9.999000e+03 -9.999000e+03 -9.999000e+03 -9.999000e+03 -1.772936e-01 3.919372e-01 8.797840e-02 -3.218771e-02 -8.150720e-02 -4.681082e-02 -2.971306e-02 -2.833786e-02 -5.635988e-02 -1.890085e-02 -3.093711e-02 -2.938916e-02 -2.691894e-02 -2.532065e-02 -5.816494e-02 -9.515951e-02 -5.828768e-02 -3.143778e-02 -5.780895e-02 -5.586848e-02 -5.292741e-02 -5.399480e-02 -9.120111e-02 -5.890549e-02 -4.634950e-02 -3.724188e-02 -2.843998e-02 -2.385815e-02 -2.186286e-02 -9.778633e-02 -1.011505e-01 -4.096097e-02 -7.263769e-02 -5.146685e-02 -3.658831e-02 -2.940113e-02 -2.707874e-02 -2.748954e-02 -2.843440e-02 -2.710349e-02 -2.425039e-02
-9.999000e+03 -9.999000e+03 -9.999000e+03 -9.999000e+03 -9.999000e+03 -9.999000e+03 -9.999000e+03 -9.999000e+03 -9.999000e+03 -1.795586e-01 8.936922e-02 -2.011429e-02 -4.521658e-02 -8.035389e-02 -3.368243e-02 -2.385816e-02 -8.490030e-02 -1.129352e-03 -2.968102e-02 -3.055743e-02 -2.874339e-02 -2.641058e-02 -9.421630e-02 -9.550199e-02 -5.841999e-02 -3.794694e-02 -9.349126e-02 -9.290145e-02 -9.096960e-02 -8.709788e-02 -8.733830e-02 -5.789490e-02 -4.514083e-02 -3.926999e-02 -3.392540e-02 -2.851699e-02 -2.488368e-02 -9.909763e-02 -2.849577e-02 -6.878584e-02 -7.067175e-02 -3.828698e-02 -3.134517e-02 -2.481092e-02 -2.258856e-02 -2.345359e-02 -2.471272e-02 -2.578134e-02 -2.532328e-02 -2.427893e-02
-9.999000e+03 -9.999000e+03 -9.999000e+03 -9.999000e+03 -9.999000e+03 -9.999000e+03 -9.999000e+03 -9.999000e+03 -1.742228e-01 3.162813e-01 5.926163e-02 -2.538923e-02 -7.933717e-02 -4.604122e-02 -2.546594e-02 -2.315285e-02 2.915071e-02 -2.242575e-02 -2.641931e-02 -2.891807e-02 -2.810036e-02 -5.708020e-02 -4.055586e-02 -3.402391e-02 -2.865514e-02 9.836726e-02 1.040159e-01 5.226339e-02 2.764029e-02 2.941628e-02 2.141866e-02 4.319963e-04 -1.532887e-02 -2.433117e-02 -2.684756e-02 -2.575065e-02 -2.353898e-02 3.890080e-02 4.204847e-02 6.442792e-02 7.073272e-02 8.069784e-02 4.970232e-02 2.002368e-02 3.773319e-03 -1.345155e-03 -3.399850e-04 -1.702735e-03 -6.654507e-03 1.386656e-01
-9.999000e+03 -9.999000e+03 -9.999000e+03 -9.999000e+03 -9.999000e+03 -9.999000e+03 -9.999000e+03 -1.787134e-01 -1.701002e-01 4.702560e-02 -4.989682e-02 -3.369625e-02 -8.051324e-02 -2.530126e-02 -2.434057e-02 -2.167677e-02 -2.099331e-02 -1.976425e-02 -2.191481e-02 -2.717563e-02 -9.238972e-02 -9.340499e-02 -5.811912e-02 7.305452e-02 8.302538e-02 -2.748852e-02 -3.796679e-02 -2.986728e-02 -2.480031e-02 -1.987725e-02 -2.290543e-02 -2.922965e-02 -3.039365e-02 -2.943684e-02 -2.736292e-02 -2.475114e-02 -2.259707e-02 -2.069071e-02 -2.261456e-02 -2.628053e-02 -2.567371e-02 -2.275509e-02 -2.144060e-02 -2.124060e-02 -2.241141e-02 -2.418504e-02 -2.288666e-02 -1.990671e-02 1.537001e-01 -2.055104e-02
