tests/data/reference/test_implicit_stream_rill_mfda/control/massbalance.asc
ncols	123
nrows	77
xllcorner	-713746.79929998
yllcorner	-1061022.36961616
cellsize	10.0
NODATA_value	-9999
[rows 22 to 43 of 77, columns 0 to 49 of 123]
-9.999000e+03 -9.999000e+03 -9.999000e+03 -9.999000e+03 -9.999000e+03 -9.999000e+03 -9.999000e+03 -9.999000e+03 -9.999000e+03 -9.999000e+03 -9.999000e+03 -9.999000e+03 -9.999000e+03 -9.999000e+03 -9.999000e+03 -1.492685e-01 -1.491840e-01 -1.489206e-01 -1.469244e-01 -1.515243e-01 -1.516008e-01 -1.668896e-01 -1.354348e-01 4.399508e-03 -1.448026e-01 -1.458514e-01 -1.460043e-01 -1.460471e-01 -1.460145e-01 -1.459594e-01 -1.495794e-01 -1.461028e-01 -1.459662e-01 -1.420261e-01 -1.459109e-01 -1.458885e-01 -1.458925e-01 -1.497349e-01 -1.421615e-01 -1.459341e-01 -1.459210e-01 -1.459117e-01 -1.459125e-01 -1.459229e-01 -1.459344e-01 -1.459443e-01 -1.459524e-01 -1.459679e-01 -1.459837e-01 -1.459797e-01
-9.999000e+03 -9.999000e+03 -9.999000e+03 -9.999000e+03 -9.999000e+03 -9.999000e+03 -9.999000e+03 -9.999000e+03 -9.999000e+03 -9.999000e+03 -9.999000e+03 -9.999000e+03 -9.999000e+03 -9.999000e+03 -1.510694e-01 -1.490789e-01 -1.491732e-01 -1.496058e-01 -1.512867e-01 -1.502373e-01 -1.667433e-01 -1.356814e-01 -1.657105e-01 -8.892061e-02 -1.495342e-01 -1.500277e-01 -1.500885e-01 -1.499991e-01 -1.459875e-01 -1.459051e-01 -1.495585e-01 -1.461080e-01 -1.459800e-01 -1.459279e-01 -1.419875e-01 -1.459228e-01 -1.460049e-01 -1.498615e-01 -1.422219e-01 -1.459585e-01 -1.459055e-01 -1.458616e-01 -1.458294e-01 -1.458277e-01 -1.458517e-01 -1.458812e-01 -1.459029e-01 -1.459134e-01 -1.459112e-01 -1.458994e-01
-9.999000e+03 -9.999000e+03 -9.999000e+03 -9.999000e+03 -9.999000e+03 -9.999000e+03 -9.999000e+03 -9.999000e+03 -9.999000e+03 -9.999000e+03 -9.999000e+03 -9.999000e+03 -9.999000e+03 -9.999000e+03 -1.488704e-01 -1.473054e-01 -1.451590e-01 -1.502497e-01 -1.512213e-01 -1.519437e-01 -1.357871e-01 -1.258524e-01 -1.528722e-01 -1.520605e-01 -1.482408e-01 -1.469104e-01 -1.498952e-01 -1.497946e-01 -1.499269e-01 -1.534165e-01 -1.460380e-01 -1.461123e-01 -1.459439e-01 -1.458596e-01 -1.419515e-01 -1.458850e-01 -1.459571e-01 -1.499114e-01 -1.420192e-01 -1.459148e-01 -1.459051e-01 -1.458949e-01 -1.458739e-01 -1.458679e-01 -1.458840e-01 -1.459097e-01 -1.459348e-01 -1.459518e-01 -1.459590e-01 -1.459670e-01
-9.999000e+03 -9.999000e+03 -9.999000e+03 -9.999000e+03 -9.999000e+03 -9.999000e+03 -9.999000e+03 -9.999000e+03 -9.999000e+03 -9.999000e+03 -9.999000e+03 -9.999000e+03 -9.999000e+03 -9.999000e+03 -1.475231e-01 -1.489922e-01 -1.514969e-01 -1.514888e-01 -1.514366e-01 -1.671031e-01 -1.360165e-01 -9.089354e-02 -6.834101e-02 -1.496533e-01 -1.500713e-01 -1.500603e-01 -1.462601e-01 -1.497553e-01 -1.497351e-01 -1.535061e-01 -1.497896e-01 -1.499431e-01 -1.498481e-01 -1.457684e-01 -1.457661e-01 -1.420518e-01 -1.497439e-01 -1.460613e-01 -1.460454e-01 -1.417315e-01 -1.459154e-01 -1.459322e-01 -1.459232e-01 -1.459146e-01 -1.459214e-01 -1.459415e-01 -1.459696e-01 -1.459934e-01 -1.460121e-01 -1.460428e-01
-9.999000e+03 -9.999000e+03 -9.999000e+03 -9.999000e+03 -9.999000e+03 -9.999000e+03 -9.999000e+03 -9.999000e+03 -9.999000e+03 -9.999000e+03 -9.999000e+03 -9.999000e+03 -1.518437e-01 -1.512847e-01 -1.430663e-01 -1.495507e-01 -1.515332e-01 -1.504627e-01 -1.667485e-01 -1.354774e-01 -1.340180e-03 -8.590438e-02 -1.478087e-01 -1.475560e-01 -1.496202e-01 -1.495551e-01 -1.454991e-01 -1.493361e-01 -1.493913e-01 -1.495457e-01 -1.534146e-01 -1.495099e-01 -1.494146e-01 -1.492832e-01 -1.496716e-01 -1.459762e-01 -1.459878e-01 -1.461474e-01 -1.459190e-01 -1.459055e-01 -1.419827e-01 -1.459055e-01 -1.458910e-01 -1.458944e-01 -1.459224e-01 -1.459675e-01 -1.460147e-01 -1.460362e-01 -1.460353e-01 -1.460433e-01
-9.999000e+03 -9.999000e+03 -9.999000e+03 -9.999000e+03 -9.999000e+03 -9.999000e+03 -9.999000e+03 -9.999000e+03 -9.999000e+03 -9.999000e+03 -9.999000e+03 -9.999000e+03 -9.999000e+03 -1.517671e-01 -1.498530e-01 -1.502756e-01 -1.507357e-01 -1.665162e-01 -1.343496e-01 -1.267345e-02 -1.516215e-01 -1.495213e-01 -1.450435e-01 -1.465218e-01 -1.463562e-01 -1.462606e-01 -1.460564e-01 -1.489125e-01 -1.491552e-01 -1.493328e-01 -1.494408e-01 -1.495469e-01 -1.492986e-01 -1.492110e-01 -1.494467e-01 -1.498216e-01 -1.501697e-01 -1.500658e-01 -1.459501e-01 -1.459570e-01 -1.420291e-01 -1.458728e-01 -1.458563e-01 -1.458744e-01 -1.459260e-01 -1.459981e-01 -1.460608e-01 -1.460737e-01 -1.460499e-01 -1.460335e-01
-9.999000e+03 -9.999000e+03 -9.999000e+03 -9.999000e+03 -9.999000e+03 -9.999000e+03 -9.999000e+03 -9.999000e+03 -9.999000e+03 -9.999000e+03 -9.999000e+03 -9.999000e+03 -9.999000e+03 -9.999000e+03 -9.999000e+03 -1.510936e-01 -1.659429e-01 -1.333334e-01 -1.263939e-01 -8.164425e-02 -1.480056e-01 -1.495168e-01 -1.496043e-01 -1.496616e-01 -1.496910e-01 -1.497219e-01 -1.495636e-01 -1.463452e-01 -1.465123e-01 -1.494973e-01 -1.494170e-01 -1.492598e-01 -1.491585e-01 -1.492146e-01 -1.495346e-01 -1.498668e-01 -1.497173e-01 -1.494526e-01 -1.494139e-01 -1.498794e-01 -1.414701e-01 -1.459169e-01 -1.459729e-01 -1.460144e-01 -1.460372e-01 -1.460506e-01 -1.460462e-01 -1.460233e-01 -1.460021e-01 -1.459931e-01
-9.999000e+03 -9.999000e+03 -9.999000e+03 -9.999000e+03 -9.999000e+03 -9.999000e+03 -9.999000e+03 -9.999000e+03 -9.999000e+03 -9.999000e+03 -9.999000e+03 -9.999000e+03 -9.999000e+03 -9.999000e+03 -9.999000e+03 -9.999000e+03 -1.664374e-01 -1.332808e-01 -1.012681e-01 -1.485479e-01 -1.495176e-01 -1.495167e-01 -1.496302e-01 -1.497363e-01 -1.497621e-01 -1.497853e-01 -1.495810e-01 -1.493719e-01 -1.495377e-01 -1.467456e-01 -1.463547e-01 -1.460837e-01 -1.492314e-01 -1.493434e-01 -1.495706e-01 -1.497495e-01 -1.458615e-01 -1.453688e-01 -1.493021e-01 -1.494961e-01 -1.496261e-01 -1.460129e-01 -1.461038e-01 -1.461491e-01 -1.461368e-01 -1.460894e-01 -1.460229e-01 -1.459728e-01 -1.459577e-01 -1.459530e-01
-9.999000e+03 -9.999000e+03 -9.999000e+03 -9.999000e+03 -9.999000e+03 -9.999000e+03 -9.999000e+03 -9.999000e+03 -9.999000e+03 -9.999000e+03 -9.999000e+03 -9.999000e+03 -9.999000e+03 -9.999000e+03 -9.999000e+03 -9.999000e+03 -1.338402e-01 -2.285762e-02 -1.512969e-01 -1.496819e-01 -1.495987e-01 -1.468994e-01 -1.496080e-01 -1.497767e-01 -1.497560e-01 -1.497528e-01 -1.496045e-01 -1.494414e-01 -1.495925e-01 -1.497621e-01 -1.495829e-01 -1.494196e-01 -1.463698e-01 -1.463406e-01 -1.465048e-01 -1.465370e-01 -1.497092e-01 -1.497169e-01 -1.459687e-01 -1.459387e-01 -1.454885e-01 -1.451357e-01 -1.449040e-01 -1.495835e-01 -1.497184e-01 -1.456619e-01 -1.457008e-01 -1.457523e-01 -1.458186e-01 -1.458378e-01
-9.999000e+03 -9.999000e+03 -9.999000e+03 -9.999000e+03 -9.999000e+03 -9.999000e+03 -9.999000e+03 -9.999000e+03 -9.999000e+03 -9.999000e+03 -9.999000e+03 -9.999000e+03 -9.999000e+03 -9.999000e+03 -9.999000e+03 -1.338528e-01 -1.926522e-02 -1.475617e-01 -1.433091e-01 -1.472321e-01 -1.471738e-01 -1.496044e-01 -1.469066e-01 -1.468031e-01 -1.496282e-01 -1.464937e-01 -1.465158e-01 -1.463372e-01 -1.495594e-01 -1.497473e-01 -1.495863e-01 -1.494002e-01 -1.493200e-01 -1.492249e-01 -1.495127e-01 -1.498280e-01 -1.468925e-01 -1.466619e-01 -1.462956e-01 -1.458240e-01 -1.451964e-01 -1.446228e-01 -1.449593e-01 -1.449861e-01 -1.453514e-01 -1.489307e-01 -1.451457e-01 -1.455457e-01 -1.456906e-01 -1.457128e-01
-9.999000e+03 -9.999000e+03 -9.999000e+03 -9.999000e+03 -9.999000e+03 -9.999000e+03 -9.999000e+03 -9.999000e+03 -9.999000e+03 -9.999000e+03 -9.999000e+03 -9.999000e+03 -9.999000e+03 -9.999000e+03 -1.330006e-01 -1.259848e-01 -8.107032e-02 -1.417013e-01 -1.457277e-01 -1.458276e-01 -1.496375e-01 -1.497492e-01 -1.497686e-01 -1.497177e-01 -1.466763e-01 -1.496222e-01 -1.497682e-01 -1.460358e-01 -1.460111e-01 -1.498691e-01 -1.495288e-01 -1.458821e-01 -1.460165e-01 -1.460896e-01 -1.463362e-01 -1.464768e-01 -1.495032e-01 -1.497932e-01 -1.500354e-01 -1.502352e-01 -1.502191e-01 -1.500024e-01 -1.447679e-01 -1.443655e-01 -1.444144e-01 -1.457255e-01 -1.455466e-01 -1.452443e-01 -1.495065e-01 -1.449453e-01
-9.999000e+03 -9.999000e+03 -9.999000e+03 -9.999000e+03 -9.999000e+03 -9.999000e+03 -9.999000e+03 -9.999000e+03 -9.999000e+03 -9.999000e+03 -9.999000e+03 -9.999000e+03 -9.999000e+03 -9.999000e+03 -1.336171e-01 -1.521105e-02 -1.459726e-01 -1.458920e-01 -1.457933e-01 -1.457801e-01 -1.458524e-01 -1.459784e-01 -1.497906e-01 -1.461118e-01 -1.460556e-01 -1.459344e-01 -1.459938e-01 -1.460997e-01 -1.427057e-01 -1.424169e-01 -1.422806e-01 -1.456976e-01 -1.456891e-01 -1.456672e-01 -1.456200e-01 -1.458443e-01 -1.457600e-01 -1.458447e-01 -1.459501e-01 -1.460494e-01 -1.460836e-01 -1.501901e-01 -1.501368e-01 -1.499969e-01 -1.492458e-01 -1.443703e-01 -1.441597e-01 -1.441742e-01 -1.401909e-01 -1.447342e-01
-9.999000e+03 -9.999000e+03 -9.999000e+03 -9.999000e+03 -9.999000e+03 -9.999000e+03 -9.999000e+03 -9.999000e+03 -9.999000e+03 -9.999000e+03 -9.999000e+03 -9.999000e+03 -9.999000e+03 -1.254048e-01 1.869976e-01 -1.459042e-01 -1.459771e-01 -1.459972e-01 -1.459103e-01 -1.458461e-01 -1.458364e-01 -1.459021e-01 -1.460118e-01 -1.461049e-01 -1.461310e-01 -1.460676e-01 -1.460843e-01 -1.461577e-01 -1.460512e-01 -1.459559e-01 -1.458747e-01 -1.457672e-01 -1.457512e-01 -1.420772e-01 -1.493813e-01 -1.460388e-01 -1.459637e-01 -1.459661e-01 -1.459877e-01 -1.459994e-01 -1.460090e-01 -1.460091e-01 -1.460340e-01 -1.503198e-01 -1.503616e-01 -1.503163e-01 -1.496440e-01 -1.494835e-01 -1.490954e-01 -1.439996e-01
-9.999000e+03 -9.999000e+03 -9.999000e+03 -9.999000e+03 -9.999000e+03 -9.999000e+03 -9.999000e+03 -9.999000e+03 -9.999000e+03 -9.999000e+03 -9.999000e+03 -9.999000e+03 -1.328178e-01 -1.249426e-01 -1.460610e-01 -1.459303e-01 -1.459438e-01 -1.459810e-01 -1.459282e-01 -1.458751e-01 -1.458383e-01 -1.458393e-01 -1.459194e-01 -1.459979e-01 -1.460658e-01 -1.460859e-01 -1.461353e-01 -1.462222e-01 -1.461449e-01 -1.460838e-01 -1.460718e-01 -1.460196e-01 -1.424459e-01 -1.459422e-01 -1.494398e-01 -1.460037e-01 -1.460796e-01 -1.461210e-01 -1.461875e-01 -1.462175e-01 -1.462254e-01 -1.461697e-01 -1.460698e-01 -1.460579e-01 -1.461222e-01 -1.503691e-01 -1.503483e-01 -1.503261e-01 -1.495285e-01 -1.491954e-01
-9.999000e+03 -9.999000e+03 -9.999000e+03 -9.999000e+03 -9.999000e+03 -9.999000e+03 -9.999000e+03 -9.999000e+03 -9.999000e+03 -9.999000e+03 -9.999000e+03 -9.999000e+03 -1.261012e-01 -1.477413e-01 -1.462232e-01 -1.460668e-01 -1.459679e-01 -1.459850e-01 -1.459475e-01 -1.459068e-01 -1.458652e-01 -1.458246e-01 -1.458645e-01 -1.459029e-01 -1.459640e-01 -1.460237e-01 -1.460888e-01 -1.462059e-01 -1.461900e-01 -1.461842e-01 -1.462564e-01 -1.429505e-01 -1.494956e-01 -1.462554e-01 -1.460400e-01 -1.460608e-01 -1.461653e-01 -1.462242e-01 -1.463202e-01 -1.464068e-01 -1.464791e-01 -1.464315e-01 -1.461934e-01 -1.461661e-01 -1.462307e-01 -1.462821e-01 -1.462764e-01 -1.505263e-01 -1.504060e-01 -1.500591e-01
-9.999000e+03 -9.999000e+03 -9.999000e+03 -9.999000e+03 -9.999000e+03 -9.999000e+03 -9.999000e+03 -9.999000e+03 -9.999000e+03 -9.999000e+03 -9.999000e+03 -1.317111e-01 -8.717473e-03 -1.461678e-01 -1.462636e-01 -1.462865e-01 -1.461298e-01 -1.460876e-01 -1.460163e-01 -1.459608e-01 -1.459285e-01 -1.458849e-01 -1.459175e-01 -1.459411e-01 -1.459748e-01 -1.460179e-01 -1.460202e-01 -1.460915e-01 -1.461017e-01 -1.461207e-01 -1.462461e-01 -1.433344e-01 -1.492388e-01 -1.463037e-01 -1.460778e-01 -1.460573e-01 -1.462197e-01 -1.462535e-01 -1.463981e-01 -1.464788e-01 -1.466271e-01 -1.466532e-01 -1.499689e-01 -1.499416e-01 -1.499735e-01 -1.500601e-01 -1.501291e-01 -1.501844e-01 -1.460379e-01 -1.501647e-01
-9.999000e+03 -9.999000e+03 -9.999000e+03 -9.999000e+03 -9.999000e+03 -9.999000e+03 -9.999000e+03 -9.999000e+03 -9.999000e+03 -9.999000e+03 -1.312905e-01 -1.255822e-01 -1.462271e-01 -1.440387e-01 -1.482449e-01 -1.464060e-01 -1.463364e-01 -1.462472e-01 -1.461245e-01 -1.460285e-01 -1.459851e-01 -1.459301e-01 -1.459505e-01 -1.459747e-01 -1.459943e-01 -1.460430e-01 -1.460745e-01 -1.460185e-01 -1.460133e-01 -1.460267e-01 -1.461874e-01 -1.462361e-01 -1.462994e-01 -1.464465e-01 -1.491445e-01 -1.489901e-01 -1.459665e-01 -1.489033e-01 -1.489218e-01 -1.489740e-01 -1.492308e-01 -1.496685e-01 -1.462248e-01 -1.459121e-01 -1.459568e-01 -1.460107e-01 -1.459864e-01 -1.459601e-01 -1.499856e-01 -1.498415e-01
-9.999000e+03 -9.999000e+03 -9.999000e+03 -9.999000e+03 -9.999000e+03 -9.999000e+03 -9.999000e+03 -9.999000e+03 -9.999000e+03 -9.999000e+03 -1.306331e-01 -1.470352e-01 -1.442850e-01 -1.460258e-01 -1.479847e-01 -1.461998e-01 -1.462937e-01 -1.462904e-01 -1.461980e-01 -1.460917e-01 -1.460338e-01 -1.459641e-01 -1.459517e-01 -1.459555e-01 -1.459406e-01 -1.487859e-01 -1.460122e-01 -1.460013e-01 -1.459736e-01 -1.459630e-01 -1.461330e-01 -1.461663e-01 -1.486645e-01 -1.489857e-01 -1.460793e-01 -1.457321e-01 -1.487351e-01 -1.459204e-01 -1.459642e-01 -1.460641e-01 -1.491789e-01 -1.496297e-01 -1.462022e-01 -1.458780e-01 -1.459193e-01 -1.459788e-01 -1.460007e-01 -1.460014e-01 -1.459015e-01 -1.457952e-01
-9.999000e+03 -9.999000e+03 -9.999000e+03 -9.999000e+03 -9.999000e+03 -9.999000e+03 -9.999000e+03 -9.999000e+03 -9.999000e+03 -1.307041e-01 6.525538e-02 -1.437562e-01 -1.459492e-01 -1.479014e-01 -1.459909e-01 -1.460137e-01 -1.461511e-01 -1.462821e-01 -1.462474e-01 -1.461545e-01 -1.460643e-01 -1.459934e-01 -1.459751e-01 -1.460256e-01 -1.487203e-01 -1.459914e-01 -1.459815e-01 -1.460376e-01 -1.459627e-01 -1.459013e-01 -1.460947e-01 -1.484590e-01 -1.461889e-01 -1.462416e-01 -1.460288e-01 -1.458161e-01 -1.458320e-01 -1.458595e-01 -1.489009e-01 -1.491494e-01 -1.465337e-01 -1.465405e-01 -1.459996e-01 -1.458109e-01 -1.458625e-01 -1.459341e-01 -1.460161e-01 -1.460789e-01 -1.459854e-01 -1.458885e-01
-9.999000e+03 -9.999000e+03 -9.999000e+03 -9.999000e+03 -9.999000e+03 -9.999000e+03 -9.999000e+03 -9.999000e+03 -9.999000e+03 -1.315864e-01 -1.451201e-01 -1.457904e-01 -1.459538e-01 -1.478425e-01 -1.459891e-01 -1.459374e-01 -1.480857e-01 -1.460929e-01 -1.462459e-01 -1.462091e-01 -1.460743e-01 -1.459889e-01 -1.486574e-01 -1.487433e-01 -1.459832e-01 -1.458426e-01 -1.486099e-01 -1.485716e-01 -1.484446e-01 -1.482117e-01 -1.482258e-01 -1.462768e-01 -1.462111e-01 -1.461719e-01 -1.460290e-01 -1.459040e-01 -1.458780e-01 -1.489942e-01 -1.462322e-01 -1.464749e-01 -1.464327e-01 -1.461832e-01 -1.459010e-01 -1.457848e-01 -1.458689e-01 -1.459709e-01 -1.460157e-01 -1.460461e-01 -1.459938e-01 -1.459541e-01
-9.999000e+03 -9.999000e+03 -9.999000e+03 -9.999000e+03 -9.999000e+03 -9.999000e+03 -9.999000e+03 -9.999000e+03 -1.259420e-01 -2.974416e-03 -1.437187e-01 -1.458417e-01 -1.477936e-01 -1.459555e-01 -1.459899e-01 -1.459289e-01 -1.438660e-01 -1.459763e-01 -1.461576e-01 -1.462244e-01 -1.460863e-01 -1.460454e-01 -1.460087e-01 -1.460348e-01 -1.459148e-01 -1.428462e-01 -1.429858e-01 -1.458573e-01 -1.458203e-01 -1.457131e-01 -1.460001e-01 -1.462722e-01 -1.461945e-01 -1.461311e-01 -1.460240e-01 -1.459290e-01 -1.458827e-01 -1.427080e-01 -1.429564e-01 -1.429410e-01 -1.425383e-01 -1.421944e-01 -1.457514e-01 -1.458117e-01 -1.459319e-01 -1.460502e-01 -1.459857e-01 -1.459096e-01 -1.459196e-01 -1.422518e-01
-9.999000e+03 -9.999000e+03 -9.999000e+03 -9.999000e+03 -9.999000e+03 -9.999000e+03 -9.999000e+03 -1.312089e-01 -1.262358e-01 -1.440769e-01 -1.460032e-01 -1.458977e-01 -1.478503e-01 -1.458504e-01 -1.459413e-01 -1.459312e-01 -1.459232e-01 -1.458843e-01 -1.460158e-01 -1.461418e-01 -1.485387e-01 -1.486042e-01 -1.460572e-01 -1.432304e-01 -1.431349e-01 -1.459040e-01 -1.458005e-01 -1.459116e-01 -1.458419e-01 -1.457584e-01 -1.460087e-01 -1.462372e-01 -1.461521e-01 -1.460735e-01 -1.459874e-01 -1.459102e-01 -1.458769e-01 -1.458473e-01 -1.459943e-01 -1.461260e-01 -1.459945e-01 -1.458705e-01 -1.458891e-01 -1.459098e-01 -1.459727e-01 -1.460310e-01 -1.459150e-01 -1.458094e-01 -1.430766e-01 -1.461089e-01
