tests/data/reference/test_implicit_stream_rill_mfda/control/massbalance.asc
ncols	123
nrows	77
xllcorner	-713746.79929998
yllcorner	-1061022.36961616
cellsize	10.0
NODATA_value	-9999
[rows 44 to 65 of 77, columns 0 to 49 of 123]
-9.999000e+03 -9.999000e+03 -9.999000e+03 -9.999000e+03 -9.999000e+03 -9.999000e+03 -9.999000e+03 -1.304351e-01 -1.475429e-01 -1.441612e-01 -1.480507e-01 -1.461170e-01 -1.459015e-01 -1.458386e-01 -1.458814e-01 -1.458990e-01 -1.459160e-01 -1.458569e-01 -1.459217e-01 -1.460594e-01 -1.434570e-01 -1.431529e-01 -1.430883e-01 -1.458924e-01 -1.460152e-01 -1.460804e-01 -1.487866e-01 -1.459675e-01 -1.458610e-01 -1.457959e-01 -1.459922e-01 -1.461742e-01 -1.460844e-01 -1.460023e-01 -1.459492e-01 -1.459052e-01 -1.426386e-01 -1.425411e-01 -1.425177e-01 -1.424737e-01 -1.422936e-01 -1.421887e-01 -1.513799e-01 -1.467499e-01 -1.368619e-01 -1.449348e-01 -1.429033e-01 -1.416224e-01 -1.457432e-01 -1.458899e-01
-9.999000e+03 -9.999000e+03 -9.999000e+03 -9.999000e+03 -9.999000e+03 -9.999000e+03 -9.999000e+03 -1.624624e-01 -1.440748e-01 -1.458720e-01 -1.478867e-01 -1.460473e-01 -1.459421e-01 -1.458300e-01 -1.458186e-01 -1.458370e-01 -1.459267e-01 -1.459679e-01 -1.460534e-01 -1.461819e-01 -1.460985e-01 -1.459735e-01 -1.458832e-01 -1.458171e-01 -1.487048e-01 -1.488247e-01 -1.460203e-01 -1.458832e-01 -1.458835e-01 -1.458702e-01 -1.459630e-01 -1.460613e-01 -1.460079e-01 -1.429530e-01 -1.428877e-01 -1.427786e-01 -1.459433e-01 -1.458942e-01 -1.458394e-01 -1.458279e-01 -1.457719e-01 -1.456970e-01 -1.457053e-01 -1.421518e-01 -1.419577e-01 -1.419104e-01 -1.456899e-01 -1.456726e-01 -1.456287e-01 -1.456448e-01
-9.999000e+03 -9.999000e+03 -9.999000e+03 -9.999000e+03 -9.999000e+03 -9.999000e+03 -1.309109e-01 -1.454805e-01 -1.457833e-01 -1.457380e-01 -1.479130e-01 -1.459028e-01 -1.458845e-01 -1.458000e-01 -1.457539e-01 -1.457300e-01 -1.458270e-01 -1.459736e-01 -1.461468e-01 -1.462897e-01 -1.462199e-01 -1.461635e-01 -1.460587e-01 -1.459379e-01 -1.459597e-01 -1.460739e-01 -1.459523e-01 -1.458255e-01 -1.458999e-01 -1.459629e-01 -1.459356e-01 -1.428606e-01 -1.429218e-01 -1.459251e-01 -1.459414e-01 -1.459631e-01 -1.460125e-01 -1.460426e-01 -1.460231e-01 -1.460179e-01 -1.459689e-01 -1.458790e-01 -1.458156e-01 -1.457996e-01 -1.457453e-01 -1.456780e-01 -1.456999e-01 -1.457248e-01 -1.456706e-01 -1.455742e-01
-9.999000e+03 -9.999000e+03 -9.999000e+03 -9.999000e+03 -9.999000e+03 -9.999000e+03 -5.753243e-02 -1.457578e-01 -1.459299e-01 -1.459970e-01 -1.481093e-01 -1.460252e-01 -1.460385e-01 -1.459638e-01 -1.458946e-01 -1.458046e-01 -1.457510e-01 -1.458037e-01 -1.459956e-01 -1.461650e-01 -1.485932e-01 -1.487050e-01 -1.487619e-01 -1.487571e-01 -1.460336e-01 -1.460489e-01 -1.459419e-01 -1.427357e-01 -1.428810e-01 -1.429826e-01 -1.428367e-01 -1.458386e-01 -1.459129e-01 -1.459645e-01 -1.459911e-01 -1.460159e-01 -1.460626e-01 -1.460960e-01 -1.460573e-01 -1.460445e-01 -1.460440e-01 -1.460136e-01 -1.459661e-01 -1.459192e-01 -1.458407e-01 -1.457408e-01 -1.457033e-01 -1.457261e-01 -1.457426e-01 -1.456670e-01
-9.999000e+03 -9.999000e+03 -9.999000e+03 -9.999000e+03 -9.999000e+03 -1.299907e-01 -1.452479e-01 -1.438256e-01 -1.480051e-01 -1.480481e-01 -1.462737e-01 -1.462309e-01 -1.462431e-01 -1.461447e-01 -1.460414e-01 -1.459490e-01 -1.458202e-01 -1.457667e-01 -1.459317e-01 -1.460819e-01 -1.435848e-01 -1.433259e-01 -1.431783e-01 -1.430057e-01 -1.428593e-01 -1.428245e-01 -1.427859e-01 -1.457977e-01 -1.458053e-01 -1.458954e-01 -1.459011e-01 -1.458720e-01 -1.459512e-01 -1.460404e-01 -1.460942e-01 -1.461213e-01 -1.461618e-01 -1.462021e-01 -1.461434e-01 -1.460831e-01 -1.460724e-01 -1.460822e-01 -1.460829e-01 -1.460518e-01 -1.459767e-01 -1.458677e-01 -1.457665e-01 -1.457245e-01 -1.457693e-01 -1.457598e-01
-9.999000e+03 -9.999000e+03 -9.999000e+03 -9.999000e+03 -1.249144e-01 -1.564006e-01 -1.458985e-01 -1.442691e-01 -1.478745e-01 -1.477846e-01 -1.462069e-01 -1.461959e-01 -1.462509e-01 -1.462321e-01 -1.460609e-01 -1.459826e-01 -1.458730e-01 -1.457998e-01 -1.459722e-01 -1.461154e-01 -1.460662e-01 -1.459894e-01 -1.459623e-01 -1.459264e-01 -1.458102e-01 -1.457482e-01 -1.457764e-01 -1.457531e-01 -1.457139e-01 -1.457552e-01 -1.457971e-01 -1.457707e-01 -1.457825e-01 -1.458385e-01 -1.459075e-01 -1.459673e-01 -1.460449e-01 -1.461509e-01 -1.461649e-01 -1.461116e-01 -1.460572e-01 -1.460624e-01 -1.461136e-01 -1.461256e-01 -1.460865e-01 -1.460086e-01 -1.458878e-01 -1.457835e-01 -1.457967e-01 -1.458248e-01
-9.999000e+03 -9.999000e+03 -9.999000e+03 -9.999000e+03 -1.306414e-01 -1.460730e-01 -1.462218e-01 -1.462573e-01 -1.461188e-01 -1.476250e-01 -1.460874e-01 -1.443084e-01 -1.479850e-01 -1.462810e-01 -1.461194e-01 -1.460206e-01 -1.459136e-01 -1.458162e-01 -1.459720e-01 -1.461400e-01 -1.461275e-01 -1.460051e-01 -1.459295e-01 -1.459169e-01 -1.458157e-01 -1.457151e-01 -1.457268e-01 -1.457240e-01 -1.456589e-01 -1.456447e-01 -1.456985e-01 -1.457028e-01 -1.456840e-01 -1.456840e-01 -1.457234e-01 -1.457934e-01 -1.458846e-01 -1.460218e-01 -1.461286e-01 -1.461302e-01 -1.460381e-01 -1.460133e-01 -1.461022e-01 -1.461620e-01 -1.461697e-01 -1.461332e-01 -1.460176e-01 -1.458799e-01 -1.458464e-01 -1.458840e-01
-9.999000e+03 -9.999000e+03 -9.999000e+03 -1.302140e-01 -1.575175e-01 -1.445838e-01 -1.477228e-01 -1.463050e-01 -1.475194e-01 -1.462001e-01 -1.447067e-01 -1.460943e-01 -1.478447e-01 -1.463793e-01 -1.462180e-01 -1.460865e-01 -1.459891e-01 -1.458757e-01 -1.459796e-01 -1.462046e-01 -1.463120e-01 -1.463441e-01 -1.461862e-01 -1.461401e-01 -1.460398e-01 -1.459123e-01 -1.458867e-01 -1.458888e-01 -1.458286e-01 -1.457902e-01 -1.458396e-01 -1.458732e-01 -1.458656e-01 -1.458246e-01 -1.457849e-01 -1.457843e-01 -1.458016e-01 -1.458809e-01 -1.460355e-01 -1.461083e-01 -1.459930e-01 -1.459092e-01 -1.459862e-01 -1.460722e-01 -1.461369e-01 -1.461663e-01 -1.461065e-01 -1.459938e-01 -1.459155e-01 -1.459260e-01
-9.999000e+03 -9.999000e+03 -9.999000e+03 -1.295223e-01 -1.444644e-01 -1.464294e-01 -1.474325e-01 -1.472453e-01 -1.462912e-01 -1.462432e-01 -1.453487e-01 -1.462201e-01 -1.476520e-01 -1.465347e-01 -1.463252e-01 -1.461588e-01 -1.460782e-01 -1.459413e-01 -1.459351e-01 -1.440423e-01 -1.486208e-01 -1.466538e-01 -1.465216e-01 -1.464341e-01 -1.463285e-01 -1.461608e-01 -1.460647e-01 -1.460465e-01 -1.459914e-01 -1.459384e-01 -1.459764e-01 -1.460334e-01 -1.460613e-01 -1.460164e-01 -1.459230e-01 -1.458585e-01 -1.457950e-01 -1.457784e-01 -1.459193e-01 -1.460648e-01 -1.459836e-01 -1.458540e-01 -1.458664e-01 -1.459355e-01 -1.460342e-01 -1.461158e-01 -1.461203e-01 -1.461813e-01 -1.460946e-01 -1.460625e-01
-9.999000e+03 -9.999000e+03 -1.282548e-01 -1.621993e-01 -1.462666e-01 -1.465214e-01 -1.470569e-01 -1.469336e-01 -1.470324e-01 -1.468767e-01 -1.456153e-01 -1.461503e-01 -1.473680e-01 -1.465944e-01 -1.463862e-01 -1.462470e-01 -1.462485e-01 -1.461348e-01 -1.439790e-01 -1.462769e-01 -1.482232e-01 -1.467398e-01 -1.466658e-01 -1.465854e-01 -1.465556e-01 -1.464185e-01 -1.462544e-01 -1.461676e-01 -1.460803e-01 -1.459855e-01 -1.459693e-01 -1.460168e-01 -1.461059e-01 -1.461272e-01 -1.460656e-01 -1.460157e-01 -1.459424e-01 -1.458673e-01 -1.459276e-01 -1.460544e-01 -1.460355e-01 -1.459327e-01 -1.458787e-01 -1.458711e-01 -1.459265e-01 -1.459851e-01 -1.496567e-01 -1.497366e-01 -1.497488e-01 -1.496997e-01
-9.999000e+03 -9.999000e+03 -1.520164e-01 -1.457980e-01 -1.474133e-01 -1.470812e-01 -1.468150e-01 -1.470660e-01 -1.458368e-01 -1.453513e-01 -1.469267e-01 -1.460516e-01 -1.471258e-01 -1.464984e-01 -1.463501e-01 -1.462503e-01 -1.463487e-01 -1.463333e-01 -1.460316e-01 -1.447342e-01 -1.477468e-01 -1.469674e-01 -1.468501e-01 -1.467258e-01 -1.467581e-01 -1.467138e-01 -1.465314e-01 -1.463663e-01 -1.462203e-01 -1.460855e-01 -1.460059e-01 -1.460021e-01 -1.461154e-01 -1.461918e-01 -1.461608e-01 -1.461290e-01 -1.460705e-01 -1.460012e-01 -1.460190e-01 -1.460593e-01 -1.460354e-01 -1.459909e-01 -1.459427e-01 -1.458968e-01 -1.459187e-01 -1.459506e-01 -1.459914e-01 -1.459933e-01 -1.420091e-01 -1.419548e-01
-9.999000e+03 -1.275772e-01 -4.808135e-02 -1.449609e-01 -1.473077e-01 -1.466205e-01 -1.471435e-01 -1.471374e-01 -9.999000e+03 -9.999000e+03 -9.999000e+03 -1.469094e-01 -1.470195e-01 -1.474102e-01 -1.475876e-01 -1.475978e-01 -1.476826e-01 -1.478317e-01 -1.476770e-01 -1.471623e-01 -1.470485e-01 -1.474814e-01 -1.468602e-01 -1.467916e-01 -1.467004e-01 -1.467084e-01 -1.466324e-01 -1.465092e-01 -1.463594e-01 -1.462321e-01 -1.461259e-01 -1.460514e-01 -1.461251e-01 -1.461977e-01 -1.461572e-01 -1.461187e-01 -1.460595e-01 -1.460174e-01 -1.460842e-01 -1.460952e-01 -1.459988e-01 -1.459526e-01 -1.459472e-01 -1.459268e-01 -1.459607e-01 -1.459924e-01 -1.422268e-01 -1.420419e-01 -1.458822e-01 -1.458297e-01
-9.999000e+03 -1.228392e-01 -1.446464e-01 -1.472984e-01 -1.470012e-01 -1.470367e-01 -9.999000e+03 -9.999000e+03 -9.999000e+03 -9.999000e+03 -9.999000e+03 -9.999000e+03 -1.471125e-01 -1.473309e-01 -1.460505e-01 -1.459853e-01 -1.475974e-01 -1.460776e-01 -1.457802e-01 -1.453841e-01 -1.468863e-01 -1.469202e-01 -1.472276e-01 -1.475900e-01 -1.465944e-01 -1.465408e-01 -1.466022e-01 -1.465862e-01 -1.464697e-01 -1.464018e-01 -1.463024e-01 -1.461802e-01 -1.461806e-01 -1.462263e-01 -1.461650e-01 -1.461203e-01 -1.460567e-01 -1.460026e-01 -1.461082e-01 -1.461598e-01 -1.460194e-01 -1.459303e-01 -1.459385e-01 -1.459426e-01 -1.459968e-01 -1.460377e-01 -1.459708e-01 -1.459031e-01 -1.458471e-01 -1.458037e-01
-1.302818e-01 -7.701952e-02 -1.463758e-01 -1.470201e-01 -1.465686e-01 -1.473282e-01 -9.999000e+03 -9.999000e+03 -9.999000e+03 -9.999000e+03 -9.999000e+03 -9.999000e+03 -9.999000e+03 -9.999000e+03 -9.999000e+03 -1.476421e-01 -1.461925e-01 -1.477705e-01 -1.476445e-01 -1.474567e-01 -1.453267e-01 -9.999000e+03 -9.999000e+03 -1.472267e-01 -1.475993e-01 -1.478278e-01 -1.480786e-01 -1.483304e-01 -1.484588e-01 -1.462929e-01 -1.464653e-01 -1.463889e-01 -1.463575e-01 -1.463643e-01 -1.462511e-01 -1.461889e-01 -1.461395e-01 -1.460576e-01 -1.461472e-01 -1.462363e-01 -1.460863e-01 -1.459634e-01 -1.459608e-01 -1.459707e-01 -1.460534e-01 -1.461335e-01 -1.461066e-01 -1.460507e-01 -1.459722e-01 -1.459175e-01
-1.287439e-01 -1.469589e-01 -1.468827e-01 -1.468783e-01 -1.473579e-01 -9.999000e+03 -9.999000e+03 -9.999000e+03 -9.999000e+03 -9.999000e+03 -9.999000e+03 -9.999000e+03 -9.999000e+03 -9.999000e+03 -9.999000e+03 -9.999000e+03 -9.999000e+03 -9.999000e+03 -9.999000e+03 -9.999000e+03 -9.999000e+03 -9.999000e+03 -9.999000e+03 -1.471382e-01 -1.475062e-01 -1.476480e-01 -1.461543e-01 -1.461809e-01 -1.459932e-01 -1.481019e-01 -1.463786e-01 -1.465629e-01 -1.465666e-01 -1.465363e-01 -1.463433e-01 -1.462699e-01 -1.462922e-01 -1.461553e-01 -1.461876e-01 -1.462832e-01 -1.462253e-01 -1.460970e-01 -1.459867e-01 -1.459717e-01 -1.460395e-01 -1.461398e-01 -1.461776e-01 -1.461889e-01 -1.461387e-01 -1.460511e-01
-9.999000e+03 -1.474311e-01 -1.473302e-01 -1.476406e-01 -9.999000e+03 -9.999000e+03 -9.999000e+03 -9.999000e+03 -9.999000e+03 -9.999000e+03 -9.999000e+03 -9.999000e+03 -9.999000e+03 -9.999000e+03 -9.999000e+03 -9.999000e+03 -9.999000e+03 -9.999000e+03 -9.999000e+03 -9.999000e+03 -9.999000e+03 -9.999000e+03 -9.999000e+03 -9.999000e+03 -9.999000e+03 -9.999000e+03 -1.478313e-01 -1.480141e-01 -1.459323e-01 -1.456707e-01 -1.477013e-01 -1.478658e-01 -1.481455e-01 -1.485019e-01 -1.486697e-01 -1.487107e-01 -1.462989e-01 -1.463558e-01 -1.463030e-01 -1.492823e-01 -1.494119e-01 -1.460980e-01 -1.461389e-01 -1.460770e-01 -1.459745e-01 -1.460986e-01 -1.461340e-01 -1.461911e-01 -1.461500e-01 -1.460724e-01
-9.999000e+03 -9.999000e+03 -9.999000e+03 -9.999000e+03 -9.999000e+03 -9.999000e+03 -9.999000e+03 -9.999000e+03 -9.999000e+03 -9.999000e+03 -9.999000e+03 -9.999000e+03 -9.999000e+03 -9.999000e+03 -9.999000e+03 -9.999000e+03 -9.999000e+03 -9.999000e+03 -9.999000e+03 -9.999000e+03 -9.999000e+03 -9.999000e+03 -9.999000e+03 -9.999000e+03 -9.999000e+03 -9.999000e+03 -9.999000e+03 -9.999000e+03 -1.479120e-01 -1.456572e-01 -1.475228e-01 -1.476731e-01 -1.479926e-01 -1.463721e-01 -1.460644e-01 -1.458336e-01 -1.485159e-01 -1.487237e-01 -1.489240e-01 -1.462126e-01 -1.460576e-01 -1.492979e-01 -1.493357e-01 -1.461068e-01 -1.493657e-01 -1.493709e-01 -1.493520e-01 -1.459675e-01 -1.462043e-01 -1.461164e-01
-9.999000e+03 -9.999000e+03 -9.999000e+03 -9.999000e+03 -9.999000e+03 -9.999000e+03 -9.999000e+03 -9.999000e+03 -9.999000e+03 -9.999000e+03 -9.999000e+03 -9.999000e+03 -9.999000e+03 -9.999000e+03 -9.999000e+03 -9.999000e+03 -9.999000e+03 -9.999000e+03 -9.999000e+03 -9.999000e+03 -9.999000e+03 -9.999000e+03 -9.999000e+03 -9.999000e+03 -9.999000e+03 -9.999000e+03 -9.999000e+03 -9.999000e+03 -9.999000e+03 -1.476107e-01 -1.459405e-01 -1.462707e-01 -1.464334e-01 -1.485072e-01 -1.485816e-01 -1.483962e-01 -1.484079e-01 -1.486461e-01 -1.461759e-01 -1.460839e-01 -1.460136e-01 -1.459564e-01 -1.460184e-01 -1.493046e-01 -1.460603e-01 -1.459254e-01 -1.458559e-01 -1.491608e-01 -1.461434e-01 -1.493672e-01
-9.999000e+03 -9.999000e+03 -9.999000e+03 -9.999000e+03 -9.999000e+03 -9.999000e+03 -9.999000e+03 -9.999000e+03 -9.999000e+03 -9.999000e+03 -9.999000e+03 -9.999000e+03 -9.999000e+03 -9.999000e+03 -9.999000e+03 -9.999000e+03 -9.999000e+03 -9.999000e+03 -9.999000e+03 -9.999000e+03 -9.999000e+03 -9.999000e+03 -9.999000e+03 -9.999000e+03 -9.999000e+03 -9.999000e+03 -9.999000e+03 -9.999000e+03 -9.999000e+03 -9.999000e+03 -1.462735e-01 -9.999000e+03 -9.999000e+03 -9.999000e+03 -9.999000e+03 -9.999000e+03 -9.999000e+03 -9.999000e+03 -1.488202e-01 -1.460649e-01 -1.459488e-01 -1.458924e-01 -1.460260e-01 -1.461355e-01 -1.460320e-01 -1.459373e-01 -1.458296e-01 -1.457167e-01 -1.490690e-01 -1.463224e-01
-9.999000e+03 -9.999000e+03 -9.999000e+03 -9.999000e+03 -9.999000e+03 -9.999000e+03 -9.999000e+03 -9.999000e+03 -9.999000e+03 -9.999000e+03 -9.999000e+03 -9.999000e+03 -9.999000e+03 -9.999000e+03 -9.999000e+03 -9.999000e+03 -9.999000e+03 -9.999000e+03 -9.999000e+03 -9.999000e+03 -9.999000e+03 -9.999000e+03 -9.999000e+03 -9.999000e+03 -9.999000e+03 -9.999000e+03 -9.999000e+03 -9.999000e+03 -9.999000e+03 -9.999000e+03 -9.999000e+03 -9.999000e+03 -9.999000e+03 -9.999000e+03 -9.999000e+03 -9.999000e+03 -9.999000e+03 -9.999000e+03 -9.999000e+03 -9.999000e+03 -9.999000e+03 -1.488373e-01 -1.489187e-01 -1.491440e-01 -1.461099e-01 -1.459208e-01 -1.458145e-01 -1.456971e-01 -1.460304e-01 -1.463351e-01
-9.999000e+03 -9.999000e+03 -9.999000e+03 -9.999000e+03 -9.999000e+03 -9.999000e+03 -9.999000e+03 -9.999000e+03 -9.999000e+03 -9.999000e+03 -9.999000e+03 -9.999000e+03 -9.999000e+03 -9.999000e+03 -9.999000e+03 -9.999000e+03 -9.999000e+03 -9.999000e+03 -9.999000e+03 -9.999000e+03 -9.999000e+03 -9.999000e+03 -9.999000e+03 -9.999000e+03 -9.999000e+03 -9.999000e+03 -9.999000e+03 -9.999000e+03 -9.999000e+03 -9.999000e+03 -9.999000e+03 -9.999000e+03 -9.999000e+03 -9.999000e+03 -9.999000e+03 -9.999000e+03 -9.999000e+03 -9.999000e+03 -9.999000e+03 -9.999000e+03 -9.999000e+03 -9.999000e+03 -9.999000e+03 -9.999000e+03 -1.493025e-01 -1.492454e-01 -1.458870e-01 -1.457524e-01 -1.490772e-01 -1.463692e-01
-9.999000e+03 -9.999000e+03 -9.999000e+03 -9.999000e+03 -9.999000e+03 -9.999000e+03 -9.999000e+03 -9.999000e+03 -9.999000e+03 -9.999000e+03 -9.999000e+03 -9.999000e+03 -9.999000e+03 -9.999000e+03 -9.999000e+03 -9.999000e+03 -9.999000e+03 -9.999000e+03 -9.999000e+03 -9.999000e+03 -9.999000e+03 -9.999000e+03 -9.999000e+03 -9.999000e+03 -9.999000e+03 -9.999000e+03 -9.999000e+03 -9.999000e+03 -9.999000e+03 -9.999000e+03 -9.999000e+03 -9.999000e+03 -9.999000e+03 -9.999000e+03 -9.999000e+03 -9.999000e+03 -9.999000e+03 -9.999000e+03 -9.999000e+03 -9.999000e+03 -9.999000e+03 -9.999000e+03 -9.999000e+03 -9.999000e+03 -9.999000e+03 -9.999000e+03 -9.999000e+03 -9.999000e+03 -9.999000e+03 -9.999000e+03
