tests/data/reference/test_implicit_stream_rill_mfda/control/massbalance.asc
ncols	123
nrows	77
xllcorner	-713746.79929998
yllcorner	-1061022.36961616
cellsize	10.0
NODATA_value	-9999
[rows 22 to 43 of 77, columns 50 to 99 of 123]
-1.460964e-01 -1.502199e-01 -1.459963e-01 -1.461959e-01 -1.465369e-01 -1.464984e-01 -1.462548e-01 -1.465358e-01 -1.464848e-01 -1.464936e-01 -1.463354e-01 -1.461029e-01 -1.461539e-01 -1.461278e-01 -1.460712e-01 -1.460419e-01 -1.462343e-01 -1.462441e-01 -1.454886e-01 -1.478323e-01 -1.465307e-01 -1.464931e-01 -1.462975e-01 -1.462666e-01 -1.463723e-01 -1.461867e-01 -1.490571e-01 -1.399324e-01 -1.496504e-01 -1.442316e-01 -1.457457e-01 -1.458770e-01 -1.461251e-01 -1.491963e-01 -9.999000e+03 -9.999000e+03 -9.999000e+03 -9.999000e+03 -9.999000e+03 -9.999000e+03 -9.999000e+03 -9.999000e+03 -9.999000e+03 -9.999000e+03 -9.999000e+03 -9.999000e+03 -9.999000e+03 -9.999000e+03 -9.999000e+03 -9.999000e+03
-1.459170e-01 -1.502689e-01 -1.462045e-01 -1.462005e-01 -1.463459e-01 -1.464711e-01 -1.465003e-01 -1.463221e-01 -1.465574e-01 -1.466165e-01 -1.466621e-01 -1.465874e-01 -1.463549e-01 -1.463104e-01 -1.463093e-01 -1.463085e-01 -1.462639e-01 -1.461343e-01 -1.470116e-01 -1.473347e-01 -1.464334e-01 -1.464217e-01 -1.464755e-01 -1.462549e-01 -1.462100e-01 -1.463014e-01 -1.494033e-01 -1.462376e-01 -1.349398e-01 -1.489582e-01 -1.450402e-01 -1.454336e-01 -1.457775e-01 -1.462191e-01 -1.491680e-01 -1.487670e-01 -9.999000e+03 -9.999000e+03 -9.999000e+03 -9.999000e+03 -9.999000e+03 -9.999000e+03 -9.999000e+03 -9.999000e+03 -9.999000e+03 -9.999000e+03 -9.999000e+03 -9.999000e+03 -9.999000e+03 -9.999000e+03
-1.502885e-01 -1.460793e-01 -1.462605e-01 -1.460674e-01 -1.462762e-01 -1.464173e-01 -1.465528e-01 -1.465493e-01 -1.463286e-01 -1.464956e-01 -1.466785e-01 -1.467212e-01 -1.466704e-01 -1.465570e-01 -1.465505e-01 -1.464958e-01 -1.464611e-01 -1.465185e-01 -1.483788e-01 -1.465450e-01 -1.464175e-01 -1.463547e-01 -1.465064e-01 -1.463646e-01 -1.461337e-01 -1.463969e-01 -1.462817e-01 -1.461196e-01 -1.492016e-01 -1.271074e-01 -1.479183e-01 -1.497248e-01 -1.438075e-01 -1.458905e-01 -1.461680e-01 -1.462881e-01 -1.486423e-01 -9.999000e+03 -9.999000e+03 -9.999000e+03 -9.999000e+03 -9.999000e+03 -9.999000e+03 -9.999000e+03 -9.999000e+03 -9.999000e+03 -9.999000e+03 -9.999000e+03 -9.999000e+03 -9.999000e+03
-1.462129e-01 -1.504959e-01 -1.461489e-01 -1.459979e-01 -1.459182e-01 -1.464421e-01 -1.465601e-01 -1.465373e-01 -1.464694e-01 -1.463142e-01 -1.465106e-01 -1.467257e-01 -1.467032e-01 -1.467152e-01 -1.466273e-01 -1.465737e-01 -1.466133e-01 -1.467196e-01 -1.499642e-01 -1.454058e-01 -1.463744e-01 -1.463078e-01 -1.465042e-01 -1.464407e-01 -1.462640e-01 -1.464364e-01 -1.460969e-01 -1.462058e-01 -1.463981e-01 -1.221134e-01 -1.493092e-01 -1.462844e-01 -1.483369e-01 -1.457617e-01 -1.458980e-01 -1.462999e-01 -1.466706e-01 -1.490365e-01 -1.487240e-01 -1.486957e-01 -9.999000e+03 -9.999000e+03 -9.999000e+03 -9.999000e+03 -9.999000e+03 -9.999000e+03 -9.999000e+03 -9.999000e+03 -9.999000e+03 -9.999000e+03
-1.460522e-01 -1.505833e-01 -1.461645e-01 -1.462677e-01 -1.458807e-01 -1.458731e-01 -1.465116e-01 -1.465825e-01 -1.465297e-01 -1.465392e-01 -1.464371e-01 -1.464861e-01 -1.466009e-01 -1.465334e-01 -1.465776e-01 -1.466501e-01 -1.467443e-01 -1.468108e-01 -1.534100e-01 -1.440809e-01 -1.462043e-01 -1.462124e-01 -1.464340e-01 -1.464358e-01 -1.463592e-01 -1.464435e-01 -1.460064e-01 -1.463330e-01 -1.462156e-01 -1.211648e-01 -1.463644e-01 -1.438134e-01 -1.515160e-01 -1.464643e-01 -1.460012e-01 -1.460342e-01 -1.461285e-01 -1.462992e-01 -1.462704e-01 -1.488163e-01 -1.460767e-01 -1.486608e-01 -9.999000e+03 -9.999000e+03 -9.999000e+03 -9.999000e+03 -9.999000e+03 -9.999000e+03 -9.999000e+03 -9.999000e+03
-1.460166e-01 -1.461521e-01 -1.459754e-01 -1.505298e-01 -1.463646e-01 -1.457847e-01 -1.461482e-01 -1.466506e-01 -1.467169e-01 -1.466197e-01 -1.465188e-01 -1.463227e-01 -1.462863e-01 -1.464041e-01 -1.464077e-01 -1.465878e-01 -1.467400e-01 -1.467245e-01 -1.542308e-01 -1.433139e-01 -1.461063e-01 -1.461633e-01 -1.463798e-01 -1.464330e-01 -1.464323e-01 -1.464449e-01 -1.461436e-01 -1.464191e-01 -1.460772e-01 -1.255560e-01 -1.461895e-01 -1.417282e-01 -1.511823e-01 -1.468122e-01 -1.463711e-01 -1.461216e-01 -1.457855e-01 -1.458606e-01 -1.490944e-01 -1.489117e-01 -1.459895e-01 -1.458878e-01 -1.459760e-01 -1.335474e-01 -9.999000e+03 -9.999000e+03 -9.999000e+03 -9.999000e+03 -9.999000e+03 -9.999000e+03
-1.459934e-01 -1.459421e-01 -1.459010e-01 -1.460221e-01 -1.465818e-01 -1.462892e-01 -1.501278e-01 -1.465889e-01 -1.467802e-01 -1.467007e-01 -1.464541e-01 -1.463264e-01 -1.461948e-01 -1.461801e-01 -1.463247e-01 -1.463227e-01 -1.464156e-01 -1.465014e-01 -1.549058e-01 -1.436219e-01 -1.462069e-01 -1.462921e-01 -1.465106e-01 -1.466084e-01 -1.466469e-01 -1.465590e-01 -1.464278e-01 -1.465163e-01 -1.461842e-01 -1.370101e-01 -1.460697e-01 -1.404723e-01 -1.503523e-01 -1.466601e-01 -1.466071e-01 -1.465290e-01 -1.462591e-01 -1.459726e-01 -1.460214e-01 -1.460768e-01 -1.488990e-01 -1.459597e-01 -9.999000e+03 -1.250919e-01 -1.319069e-01 -1.307885e-01 -9.999000e+03 -9.999000e+03 -9.999000e+03 -9.999000e+03
-1.462057e-01 -1.458721e-01 -1.458664e-01 -1.458205e-01 -1.466809e-01 -1.465889e-01 -1.501675e-01 -1.460923e-01 -1.467646e-01 -1.466881e-01 -1.465389e-01 -1.463077e-01 -1.462103e-01 -1.461069e-01 -1.460838e-01 -1.461391e-01 -1.460769e-01 -1.461977e-01 -1.464284e-01 -1.554692e-01 -1.462584e-01 -1.463532e-01 -1.465502e-01 -1.466622e-01 -1.467242e-01 -1.465897e-01 -1.466003e-01 -1.465603e-01 -1.463738e-01 -1.526099e-01 -1.461205e-01 -1.410156e-01 -1.493998e-01 -1.465079e-01 -1.466960e-01 -1.467420e-01 -1.466103e-01 -1.463518e-01 -1.458628e-01 -1.459626e-01 -1.460994e-01 -9.999000e+03 -9.999000e+03 -8.316731e-02 -1.046798e-01 -1.477824e-01 -1.299254e-01 -9.999000e+03 -9.999000e+03 -9.999000e+03
-1.463510e-01 -1.457847e-01 -1.461105e-01 -1.457477e-01 -1.466847e-01 -1.467128e-01 -1.460764e-01 -1.501817e-01 -1.459678e-01 -1.468329e-01 -1.465423e-01 -1.463174e-01 -1.460847e-01 -1.459868e-01 -1.459193e-01 -1.459043e-01 -1.460212e-01 -1.461385e-01 -1.463589e-01 -1.465037e-01 -1.602446e-01 -1.462710e-01 -1.463899e-01 -1.464800e-01 -1.465710e-01 -1.464776e-01 -1.466533e-01 -1.465650e-01 -1.465049e-01 -1.477883e-01 -1.463724e-01 -1.429523e-01 -1.481150e-01 -1.464303e-01 -1.466261e-01 -1.466962e-01 -1.493154e-01 -1.491662e-01 -1.461856e-01 -1.462242e-01 -9.999000e+03 -9.999000e+03 -4.573778e-01 -1.464107e-01 -1.459226e-01 -1.462665e-01 -1.478868e-01 -1.296605e-01 -9.999000e+03 -9.999000e+03
-1.464651e-01 -1.460459e-01 -1.463687e-01 -1.458477e-01 -1.466337e-01 -1.467426e-01 -1.459206e-01 -1.461050e-01 -1.502786e-01 -1.460547e-01 -1.466577e-01 -1.462032e-01 -1.460385e-01 -1.458835e-01 -1.458732e-01 -1.459152e-01 -1.460559e-01 -1.462518e-01 -1.463092e-01 -1.463218e-01 -1.610598e-01 -1.461799e-01 -1.462435e-01 -1.463139e-01 -1.464142e-01 -1.463600e-01 -1.466328e-01 -1.465236e-01 -1.465733e-01 -1.483664e-01 -1.465307e-01 -1.446430e-01 -1.461338e-01 -1.463469e-01 -1.465051e-01 -1.497457e-01 -1.495410e-01 -1.493661e-01 -1.465504e-01 -9.999000e+03 -9.999000e+03 -4.067054e-01 -1.453791e-01 -1.482343e-01 -1.469409e-01 -1.460576e-01 -1.461388e-01 -1.480980e-01 -1.479255e-01 -9.999000e+03
-1.464996e-01 -1.463391e-01 -1.466182e-01 -1.462388e-01 -1.464898e-01 -1.466245e-01 -1.500046e-01 -1.458624e-01 -1.459064e-01 -1.460029e-01 -1.458677e-01 -1.464372e-01 -1.461258e-01 -1.460932e-01 -1.461025e-01 -1.461918e-01 -1.462646e-01 -1.462606e-01 -1.461828e-01 -1.460393e-01 -1.567805e-01 -1.459975e-01 -1.460786e-01 -1.461784e-01 -1.462953e-01 -1.462671e-01 -1.465549e-01 -1.464485e-01 -1.465981e-01 -1.475884e-01 -1.465687e-01 -1.454847e-01 -1.432018e-01 -1.461719e-01 -1.499577e-01 -1.498792e-01 -1.497183e-01 -1.495535e-01 -9.999000e+03 -9.999000e+03 -4.324041e-01 -1.451291e-01 -1.461670e-01 -1.483198e-01 -1.484591e-01 -1.482296e-01 -1.462558e-01 -1.462386e-01 -1.464076e-01 -1.480697e-01
-1.644148e-01 -1.515499e-01 -1.468027e-01 -1.469564e-01 -1.466828e-01 -1.464288e-01 -1.465843e-01 -1.458816e-01 -1.459523e-01 -1.457417e-01 -1.457539e-01 -1.463106e-01 -1.465153e-01 -1.462656e-01 -1.463162e-01 -1.463183e-01 -1.462755e-01 -1.461519e-01 -1.459726e-01 -1.458060e-01 -1.456163e-01 -1.521818e-01 -1.459915e-01 -1.460911e-01 -1.461966e-01 -1.461845e-01 -1.464479e-01 -1.463652e-01 -1.465745e-01 -1.476964e-01 -1.465736e-01 -1.458685e-01 -1.397383e-01 -1.499420e-01 -1.498991e-01 -1.498788e-01 -9.999000e+03 -9.999000e+03 -9.999000e+03 -1.846813e-01 -1.449242e-01 -1.460771e-01 -1.463987e-01 -1.491080e-01 -1.489239e-01 -1.464299e-01 -1.464823e-01 -1.460057e-01 -1.459176e-01 -1.482292e-01
-1.478428e-01 -1.602263e-01 -1.641892e-01 -1.643286e-01 -1.518890e-01 -1.516874e-01 -1.464156e-01 -1.466023e-01 -1.459610e-01 -1.464541e-01 -1.461522e-01 -1.460406e-01 -1.467039e-01 -1.464579e-01 -1.462134e-01 -1.461529e-01 -1.460507e-01 -1.459415e-01 -1.457973e-01 -1.456666e-01 -1.455654e-01 -1.577835e-01 -1.460444e-01 -1.460519e-01 -1.460746e-01 -1.460423e-01 -1.462581e-01 -1.462186e-01 -1.464681e-01 -1.484005e-01 -1.465967e-01 -1.461434e-01 -1.376366e-01 -1.499098e-01 -1.499041e-01 -9.999000e+03 -9.999000e+03 -5.252909e-01 -1.866904e-01 -1.460497e-01 -1.460268e-01 -1.462264e-01 -1.494040e-01 -1.493028e-01 -1.491744e-01 -1.462209e-01 -1.465198e-01 -1.464654e-01 -1.484302e-01 -1.484489e-01
-1.505483e-01 -1.471254e-01 -1.486693e-01 -1.534619e-01 -1.618197e-01 -1.514013e-01 -1.514341e-01 -1.512005e-01 -1.514126e-01 -1.504592e-01 -1.515416e-01 -1.512530e-01 -1.508167e-01 -1.516901e-01 -1.513053e-01 -1.510517e-01 -1.509530e-01 -1.508128e-01 -1.506482e-01 -1.505181e-01 -1.504358e-01 -1.504245e-01 -1.560928e-01 -1.508691e-01 -1.508470e-01 -1.508177e-01 -1.461241e-01 -1.461213e-01 -1.463703e-01 -1.493583e-01 -1.465524e-01 -1.462662e-01 -1.385433e-01 -1.499256e-01 -9.999000e+03 -9.999000e+03 -4.564641e-01 -1.444392e-01 -1.459708e-01 -1.459873e-01 -1.461115e-01 -1.496625e-01 -1.495508e-01 -1.494202e-01 -1.492852e-01 -1.491111e-01 -1.464906e-01 -1.466172e-01 -1.488486e-01 -1.463626e-01
-1.495401e-01 -1.493911e-01 -1.535627e-01 -1.497909e-01 -1.496688e-01 -1.577173e-01 -1.570979e-01 -1.551009e-01 -1.531340e-01 -1.504605e-01 -1.501643e-01 -1.507452e-01 -1.505174e-01 -1.502083e-01 -1.505977e-01 -1.499233e-01 -1.461870e-01 -1.496900e-01 -1.497557e-01 -1.498757e-01 -1.500298e-01 -1.501935e-01 -1.533155e-01 -1.580959e-01 -1.485103e-01 -1.504731e-01 -1.510010e-01 -1.509975e-01 -1.463853e-01 -1.500979e-01 -1.464997e-01 -1.463087e-01 -1.414910e-01 -9.999000e+03 -9.999000e+03 -1.499239e-01 -1.444755e-01 -1.459030e-01 -1.459420e-01 -1.459645e-01 -1.463525e-01 -1.497469e-01 -1.496565e-01 -1.495176e-01 -1.493826e-01 -1.492280e-01 -1.464022e-01 -1.464539e-01 -1.461317e-01 -1.460887e-01
-1.502004e-01 -1.501449e-01 -1.496182e-01 -1.501514e-01 -1.503027e-01 -1.504244e-01 -1.509464e-01 -1.511480e-01 -1.507436e-01 -1.495946e-01 -1.494921e-01 -1.490654e-01 -1.494334e-01 -1.494675e-01 -1.495925e-01 -1.507714e-01 -1.523761e-01 -1.537456e-01 -1.519725e-01 -1.497533e-01 -1.499343e-01 -1.501302e-01 -1.503596e-01 -1.499605e-01 -1.580082e-01 -1.504771e-01 -1.505950e-01 -1.506275e-01 -1.511202e-01 -1.503399e-01 -1.463824e-01 -1.462633e-01 -9.999000e+03 -9.999000e+03 -1.500436e-01 -1.499713e-01 -1.459482e-01 -1.460403e-01 -1.459607e-01 -1.462104e-01 -1.465169e-01 -1.497749e-01 -1.497146e-01 -1.495889e-01 -1.494666e-01 -1.493243e-01 -1.491577e-01 -1.489985e-01 -1.458498e-01 -1.460790e-01
-1.498274e-01 -1.540520e-01 -1.498502e-01 -1.497069e-01 -1.498397e-01 -1.467160e-01 -1.473254e-01 -1.479655e-01 -1.478404e-01 -1.478622e-01 -1.484051e-01 -1.490900e-01 -1.497949e-01 -1.503825e-01 -1.501823e-01 -1.502440e-01 -1.501988e-01 -1.500473e-01 -1.526557e-01 -1.503692e-01 -1.480813e-01 -1.502961e-01 -1.502566e-01 -1.502372e-01 -1.542697e-01 -1.501735e-01 -1.504495e-01 -1.505275e-01 -1.506496e-01 -1.603002e-01 -1.461799e-01 -9.999000e+03 -9.999000e+03 -1.500358e-01 -1.500726e-01 -1.500008e-01 -1.459968e-01 -1.463518e-01 -1.462361e-01 -1.464922e-01 -1.498420e-01 -1.498436e-01 -1.497959e-01 -1.496721e-01 -1.495439e-01 -1.494143e-01 -1.492663e-01 -1.490935e-01 -1.489446e-01 -1.464245e-01
-1.465764e-01 -1.465512e-01 -1.463522e-01 -1.427472e-01 -1.429523e-01 -1.455985e-01 -1.456373e-01 -1.456749e-01 -1.455833e-01 -1.455149e-01 -1.455854e-01 -1.456175e-01 -1.456635e-01 -1.505977e-01 -1.509158e-01 -1.509310e-01 -1.509673e-01 -1.510353e-01 -1.484278e-01 -1.503728e-01 -1.550015e-01 -1.417601e-01 -1.390173e-01 -1.348548e-01 -1.291081e-01 -1.528397e-01 -1.502589e-01 -1.502866e-01 -1.503494e-01 -1.574182e-01 -9.999000e+03 -9.999000e+03 -1.608787e-01 -1.460833e-01 -1.500891e-01 -1.500135e-01 -1.462717e-01 -1.465680e-01 -1.464877e-01 -1.466409e-01 -1.499422e-01 -1.499502e-01 -1.499088e-01 -1.497832e-01 -1.496251e-01 -1.494840e-01 -1.493846e-01 -1.492648e-01 -1.490942e-01 -1.466089e-01
-1.463182e-01 -1.462565e-01 -1.419354e-01 -1.457630e-01 -1.457166e-01 -1.457042e-01 -1.458067e-01 -1.458890e-01 -1.458222e-01 -1.458676e-01 -1.458707e-01 -1.458606e-01 -1.458350e-01 -1.462475e-01 -1.462401e-01 -1.462214e-01 -1.461933e-01 -1.507162e-01 -1.509649e-01 -1.253299e-01 -1.323258e-01 -1.454122e-01 -1.541358e-01 -1.752570e-01 -1.608930e-01 -1.250344e-01 -1.524637e-01 -1.496955e-01 -1.498494e-01 -1.533714e-01 -9.999000e+03 -4.647112e-01 -1.459751e-01 -1.459298e-01 -1.501316e-01 -1.461130e-01 -1.465267e-01 -1.466706e-01 -1.466052e-01 -1.466542e-01 -1.500214e-01 -1.500279e-01 -1.499816e-01 -1.498680e-01 -1.497033e-01 -1.495304e-01 -1.494453e-01 -1.493856e-01 -1.492484e-01 -1.490864e-01
-1.411819e-01 -1.413085e-01 -1.458222e-01 -1.457825e-01 -1.457032e-01 -1.456746e-01 -1.457539e-01 -1.458445e-01 -1.460072e-01 -1.459912e-01 -1.460411e-01 -1.460303e-01 -1.464305e-01 -1.463661e-01 -1.463600e-01 -1.463417e-01 -1.459176e-01 -1.462331e-01 -1.313374e-01 -1.457792e-01 -1.509365e-01 -1.507506e-01 -1.508697e-01 -9.999000e+03 -9.999000e+03 -9.999000e+03 -1.775753e-01 -1.544343e-01 -1.496910e-01 -9.999000e+03 -9.999000e+03 -1.477176e-01 -1.497502e-01 -1.458639e-01 -1.501876e-01 -1.460466e-01 -1.466727e-01 -1.466834e-01 -1.466381e-01 -1.500401e-01 -1.500851e-01 -1.500966e-01 -1.500302e-01 -1.499116e-01 -1.497588e-01 -1.495686e-01 -1.494666e-01 -1.494450e-01 -1.493807e-01 -1.492700e-01
-1.461805e-01 -1.460062e-01 -1.459084e-01 -1.458618e-01 -1.457967e-01 -1.457384e-01 -1.457541e-01 -1.461032e-01 -1.461050e-01 -1.461409e-01 -1.462514e-01 -1.467615e-01 -1.466238e-01 -1.465093e-01 -1.464728e-01 -1.460875e-01 -1.464079e-01 -1.424246e-01 -1.458578e-01 -1.463124e-01 -1.461070e-01 -1.459501e-01 -1.507841e-01 -1.506954e-01 -1.500252e-01 -9.999000e+03 -9.999000e+03 -9.999000e+03 -6.207402e+00 -9.999000e+03 -1.921709e-01 -1.495182e-01 -1.497729e-01 -1.503999e-01 -1.459037e-01 -1.458544e-01 -1.466577e-01 -1.466341e-01 -1.466301e-01 -1.500845e-01 -1.501256e-01 -1.501626e-01 -1.501076e-01 -1.499708e-01 -1.498074e-01 -1.496076e-01 -1.494874e-01 -1.494616e-01 -1.494306e-01 -1.461076e-01
-1.463484e-01 -1.461951e-01 -1.460158e-01 -1.459375e-01 -1.458789e-01 -1.457836e-01 -1.461240e-01 -1.461179e-01 -1.461255e-01 -1.461756e-01 -1.466861e-01 -1.467488e-01 -1.466782e-01 -1.465763e-01 -1.462507e-01 -1.465679e-01 -1.430685e-01 -1.459303e-01 -1.465078e-01 -1.463425e-01 -1.461992e-01 -1.462104e-01 -1.459778e-01 -1.506118e-01 -1.504310e-01 -1.497218e-01 -1.500388e-01 -9.999000e+03 -9.999000e+03 -9.999000e+03 -7.424693e+00 -1.493328e-01 -1.484750e-01 -1.504415e-01 -1.455306e-01 -1.458315e-01 -1.465721e-01 -1.465229e-01 -1.465641e-01 -1.501477e-01 -1.501603e-01 -1.502042e-01 -1.501813e-01 -1.500524e-01 -1.498689e-01 -1.496462e-01 -1.495060e-01 -1.494547e-01 -1.494190e-01 -1.459452e-01
