tests/data/reference/test_implicit_stream_rill_mfda/control/massbalance.asc
ncols	123
nrows	77
xllcorner	-713746.79929998
yllcorner	-1061022.36961616
cellsize	10.0
NODATA_value	-9999
[rows 22 to 43 of 77, columns 0 to 49 of 123]
-9.999000e+03 -9.999000e+03 -9.999000e+03 -9.999000e+03 -9.999000e+03 -9.999000e+03 -9.999000e+03 -9.999000e+03 -9.999000e+03 -9.999000e+03 -9.999000e+03 -9.999000e+03 -9.999000e+03 -9.999000e+03 -9.999000e+03 -1.610912e-01 -1.641321e-01 -1.663267e-01 -1.712853e-01 -1.596834e-01 -1.597955e-01 -1.752317e-01 -1.607825e-01 1.113314e-03 -2.136912e-01 -1.568012e-01 -1.665227e-01 -1.629475e-01 -1.568329e-01 -1.576324e-01 -1.546406e-01 -1.526497e-01 -1.568350e-01 -1.660451e-01 -1.567106e-01 -1.550027e-01 -1.630290e-01 -1.554437e-01 -1.607661e-01 -1.565691e-01 -1.561133e-01 -1.565222e-01 -1.562281e-01 -1.561910e-01 -1.562310e-01 -1.567880e-01 -1.564077e-01 -1.575738e-01 -1.567611e-01 -1.544912e-01
-9.999000e+03 -9.999000e+03 -9.999000e+03 -9.999000e+03 -9.999000e+03 -9.999000e+03 -9.999000e+03 -9.999000e+03 -9.999000e+03 -9.999000e+03 -9.999000e+03 -9.999000e+03 -9.999000e+03 -9.999000e+03 -1.595625e-01 -1.643396e-01 -1.657688e-01 -1.596546e-01 -1.595011e-01 -1.594247e-01 -1.750602e-01 -1.624507e-01 -1.746700e-01 -8.247639e-02 -1.751650e-01 -1.624339e-01 -1.714920e-01 -1.676398e-01 -1.566907e-01 -1.567820e-01 -1.546264e-01 -1.526566e-01 -1.564545e-01 -1.566522e-01 -1.679499e-01 -1.565661e-01 -1.615614e-01 -1.553468e-01 -1.611276e-01 -1.567777e-01 -1.571039e-01 -1.563131e-01 -1.569707e-01 -1.561486e-01 -1.561795e-01 -1.565802e-01 -1.564853e-01 -1.576044e-01 -1.567446e-01 -1.567458e-01
-9.999000e+03 -9.999000e+03 -9.999000e+03 -9.999000e+03 -9.999000e+03 -9.999000e+03 -9.999000e+03 -9.999000e+03 -9.999000e+03 -9.999000e+03 -9.999000e+03 -9.999000e+03 -9.999000e+03 -9.999000e+03 -2.092041e-01 -1.945319e-01 -1.706387e-01 -1.593251e-01 -1.594317e-01 -1.593739e-01 -1.638297e-01 -1.144111e-01 -1.580939e-01 -1.594063e-01 -1.760372e-01 -1.745523e-01 -1.670006e-01 -1.651028e-01 -1.608814e-01 -1.584609e-01 -1.558730e-01 -1.526741e-01 -1.564802e-01 -1.563084e-01 -1.722776e-01 -1.573735e-01 -1.598293e-01 -1.552537e-01 -1.615232e-01 -1.573469e-01 -1.570899e-01 -1.572178e-01 -1.572662e-01 -1.571774e-01 -1.571655e-01 -1.565780e-01 -1.563204e-01 -1.576212e-01 -1.569600e-01 -1.566174e-01
-9.999000e+03 -9.999000e+03 -9.999000e+03 -9.999000e+03 -9.999000e+03 -9.999000e+03 -9.999000e+03 -9.999000e+03 -9.999000e+03 -9.999000e+03 -9.999000e+03 -9.999000e+03 -9.999000e+03 -9.999000e+03 -1.600288e-01 -1.605084e-01 -1.596795e-01 -1.596577e-01 -1.596208e-01 -1.752837e-01 -1.630893e-01 -6.886354e-02 -5.815955e-02 -1.583395e-01 -1.587758e-01 -1.680085e-01 -1.829761e-01 -1.630561e-01 -1.616030e-01 -1.585304e-01 -1.584251e-01 -1.620199e-01 -1.602031e-01 -1.567941e-01 -1.568655e-01 -1.783405e-01 -1.554891e-01 -1.571679e-01 -1.523414e-01 -1.677281e-01 -1.574232e-01 -1.572255e-01 -1.573599e-01 -1.571733e-01 -1.571401e-01 -1.563562e-01 -1.571495e-01 -1.571742e-01 -1.567612e-01 -1.568767e-01
-9.999000e+03 -9.999000e+03 -9.999000e+03 -9.999000e+03 -9.999000e+03 -9.999000e+03 -9.999000e+03 -9.999000e+03 -9.999000e+03 -9.999000e+03 -9.999000e+03 -9.999000e+03 -1.594215e-01 -1.593785e-01 -1.707195e-01 -1.597119e-01 -1.596986e-01 -1.596464e-01 -1.750563e-01 -1.615784e-01 3.463315e-03 -7.797415e-02 -1.702569e-01 -1.844858e-01 -1.599563e-01 -1.598389e-01 -1.916811e-01 -1.624305e-01 -1.635879e-01 -1.582251e-01 -1.584594e-01 -1.600578e-01 -1.619892e-01 -1.602920e-01 -1.611168e-01 -1.572071e-01 -1.800463e-01 -1.525616e-01 -1.536453e-01 -1.553852e-01 -1.757694e-01 -1.575701e-01 -1.583498e-01 -1.575000e-01 -1.575216e-01 -1.571587e-01 -1.570553e-01 -1.568993e-01 -1.565968e-01 -1.566834e-01
-9.999000e+03 -9.999000e+03 -9.999000e+03 -9.999000e+03 -9.999000e+03 -9.999000e+03 -9.999000e+03 -9.999000e+03 -9.999000e+03 -9.999000e+03 -9.999000e+03 -9.999000e+03 -9.999000e+03 -1.590793e-01 -1.598281e-01 -1.595985e-01 -1.592888e-01 -1.747241e-01 -1.562781e-01 -1.440835e-02 -1.645505e-01 -1.620255e-01 -1.797320e-01 -1.794755e-01 -1.869313e-01 -1.895597e-01 -1.933348e-01 -2.067424e-01 -1.620309e-01 -1.644176e-01 -1.601821e-01 -1.584191e-01 -1.605076e-01 -1.627603e-01 -1.606554e-01 -1.615402e-01 -1.609267e-01 -1.960175e-01 -1.553698e-01 -1.501298e-01 -1.542667e-01 -1.583175e-01 -1.577900e-01 -1.586033e-01 -1.582001e-01 -1.571658e-01 -1.568571e-01 -1.568101e-01 -1.563307e-01 -1.570523e-01
-9.999000e+03 -9.999000e+03 -9.999000e+03 -9.999000e+03 -9.999000e+03 -9.999000e+03 -9.999000e+03 -9.999000e+03 -9.999000e+03 -9.999000e+03 -9.999000e+03 -9.999000e+03 -9.999000e+03 -9.999000e+03 -9.999000e+03 -1.595047e-01 -1.744137e-01 -1.492770e-01 -1.079060e-01 -8.744285e-02 -1.779809e-01 -1.693293e-01 -1.695796e-01 -1.675897e-01 -1.658783e-01 -1.631100e-01 -1.608414e-01 -2.036235e-01 -2.387087e-01 -1.609663e-01 -1.648539e-01 -1.603151e-01 -1.600980e-01 -1.619110e-01 -1.629711e-01 -1.622341e-01 -1.626373e-01 -1.621361e-01 -1.862774e-01 -1.602771e-01 -3.094468e-01 -1.580137e-01 -1.579527e-01 -1.576778e-01 -1.584105e-01 -1.572328e-01 -1.572269e-01 -1.567671e-01 -1.561022e-01 -1.569520e-01
-9.999000e+03 -9.999000e+03 -9.999000e+03 -9.999000e+03 -9.999000e+03 -9.999000e+03 -9.999000e+03 -9.999000e+03 -9.999000e+03 -9.999000e+03 -9.999000e+03 -9.999000e+03 -9.999000e+03 -9.999000e+03 -9.999000e+03 -9.999000e+03 -1.746286e-01 -1.500069e-01 -9.336738e-02 -1.694948e-01 -1.660891e-01 -1.660177e-01 -1.651167e-01 -1.630715e-01 -1.612228e-01 -1.597437e-01 -1.595071e-01 -1.599850e-01 -1.606394e-01 -2.410319e-01 -2.098692e-01 -2.610787e-01 -1.629798e-01 -1.606335e-01 -1.640299e-01 -1.623027e-01 -1.662878e-01 -1.739914e-01 -1.651503e-01 -1.815360e-01 -1.605454e-01 -3.992049e-01 -1.575869e-01 -1.574653e-01 -1.581075e-01 -1.569897e-01 -1.570465e-01 -1.568227e-01 -1.569475e-01 -1.563860e-01
-9.999000e+03 -9.999000e+03 -9.999000e+03 -9.999000e+03 -9.999000e+03 -9.999000e+03 -9.999000e+03 -9.999000e+03 -9.999000e+03 -9.999000e+03 -9.999000e+03 -9.999000e+03 -9.999000e+03 -9.999000e+03 -9.999000e+03 -9.999000e+03 -1.520301e-01 -2.391590e-02 -1.626879e-01 -1.628406e-01 -1.624639e-01 -2.275307e-01 -2.669543e-01 -2.691549e-01 -2.645391e-01 -2.599923e-01 -2.558328e-01 -2.508925e-01 -2.413017e-01 -2.282625e-01 -2.202079e-01 -2.257252e-01 -3.830616e-01 -3.674400e-01 -3.657898e-01 -3.500488e-01 -3.102921e-01 -2.827758e-01 -2.651069e-01 -2.447247e-01 -2.595755e-01 -3.140368e-01 8.720942e-02 -1.643325e-01 -1.642887e-01 -1.579930e-01 -1.570782e-01 -1.570270e-01 -1.568832e-01 -1.563880e-01
-9.999000e+03 -9.999000e+03 -9.999000e+03 -9.999000e+03 -9.999000e+03 -9.999000e+03 -9.999000e+03 -9.999000e+03 -9.999000e+03 -9.999000e+03 -9.999000e+03 -9.999000e+03 -9.999000e+03 -9.999000e+03 -9.999000e+03 -1.520986e-01 -1.580709e-02 -1.595166e-01 -1.776703e-01 -1.943889e-01 -2.078997e-01 -1.641121e-01 -1.697008e-01 -1.754824e-01 -1.754579e-01 -1.820302e-01 -1.846485e-01 -1.907634e-01 -1.968053e-01 -1.902197e-01 -1.921806e-01 -1.957832e-01 -2.052305e-01 -2.522876e-01 -2.491494e-01 -2.391981e-01 -2.909808e-01 -2.583032e-01 -1.998660e-01 -2.072082e-01 -2.022728e-01 -1.877195e-01 -3.027061e-01 -4.237288e-01 -3.963150e-01 -1.647729e-01 -1.695862e-01 -1.581912e-01 -1.574904e-01 -1.572410e-01
-9.999000e+03 -9.999000e+03 -9.999000e+03 -9.999000e+03 -9.999000e+03 -9.999000e+03 -9.999000e+03 -9.999000e+03 -9.999000e+03 -9.999000e+03 -9.999000e+03 -9.999000e+03 -9.999000e+03 -9.999000e+03 -1.474921e-01 -1.057839e-01 -1.053335e-01 -1.886155e-01 -1.581266e-01 -1.555579e-01 -1.643724e-01 -1.646812e-01 -1.638496e-01 -1.634651e-01 -1.687001e-01 -1.663071e-01 -1.636044e-01 -1.568173e-01 -1.568648e-01 -1.630314e-01 -1.634156e-01 -1.848838e-01 -1.894258e-01 -1.962573e-01 -2.029390e-01 -2.190472e-01 -1.603733e-01 -1.604904e-01 -1.624393e-01 -1.614170e-01 -1.608711e-01 -1.607677e-01 -1.655112e-01 -1.718786e-01 -1.766747e-01 -3.563522e-01 -3.962143e-01 -2.134582e-01 -1.655156e-01 -1.696913e-01
-9.999000e+03 -9.999000e+03 -9.999000e+03 -9.999000e+03 -9.999000e+03 -9.999000e+03 -9.999000e+03 -9.999000e+03 -9.999000e+03 -9.999000e+03 -9.999000e+03 -9.999000e+03 -9.999000e+03 -9.999000e+03 -1.508138e-01 -5.554258e-02 -1.581635e-01 -1.567988e-01 -1.548332e-01 -1.567175e-01 -1.564423e-01 -1.571267e-01 -1.635738e-01 -1.570120e-01 -1.568393e-01 -1.566288e-01 -1.568121e-01 -1.563202e-01 -1.612996e-01 -1.652697e-01 -1.684020e-01 -1.566675e-01 -1.565241e-01 -1.571295e-01 -1.688813e-01 -1.528615e-01 -1.567828e-01 -1.564609e-01 -1.568310e-01 -1.566068e-01 -1.566719e-01 -1.610734e-01 -1.609367e-01 -1.607487e-01 -1.603198e-01 -1.612143e-01 -1.684577e-01 -1.724805e-01 -6.142192e-01 -2.161449e-01
-9.999000e+03 -9.999000e+03 -9.999000e+03 -9.999000e+03 -9.999000e+03 -9.999000e+03 -9.999000e+03 -9.999000e+03 -9.999000e+03 -9.999000e+03 -9.999000e+03 -9.999000e+03 -9.999000e+03 -1.027591e-01 1.214314e-01 -1.585673e-01 -1.570618e-01 -1.576585e-01 -1.569553e-01 -1.566024e-01 -1.563766e-01 -1.570880e-01 -1.573783e-01 -1.571897e-01 -1.603751e-01 -1.568860e-01 -1.569239e-01 -1.562876e-01 -1.563130e-01 -1.560693e-01 -1.568181e-01 -1.563796e-01 -1.559620e-01 -1.661739e-01 -1.546467e-01 -1.530403e-01 -1.564443e-01 -1.564622e-01 -1.566335e-01 -1.566659e-01 -1.563344e-01 -1.566731e-01 -1.563493e-01 -1.605925e-01 -1.605487e-01 -1.600527e-01 -1.597383e-01 -1.597657e-01 -1.597207e-01 -1.598333e-01
-9.999000e+03 -9.999000e+03 -9.999000e+03 -9.999000e+03 -9.999000e+03 -9.999000e+03 -9.999000e+03 -9.999000e+03 -9.999000e+03 -9.999000e+03 -9.999000e+03 -9.999000e+03 -1.465204e-01 -1.060208e-01 -1.590638e-01 -1.559736e-01 -1.658757e-01 -1.566543e-01 -1.567645e-01 -1.563768e-01 -1.561922e-01 -1.570080e-01 -1.566038e-01 -1.584542e-01 -1.571302e-01 -1.570421e-01 -1.569886e-01 -1.562545e-01 -1.565730e-01 -1.565909e-01 -1.565749e-01 -1.558819e-01 -1.613115e-01 -1.559625e-01 -1.546975e-01 -1.566012e-01 -1.566739e-01 -1.568655e-01 -1.560519e-01 -1.565048e-01 -1.565583e-01 -1.565210e-01 -1.565133e-01 -1.566782e-01 -1.545903e-01 -1.604349e-01 -1.604558e-01 -1.605350e-01 -1.598517e-01 -1.595950e-01
-9.999000e+03 -9.999000e+03 -9.999000e+03 -9.999000e+03 -9.999000e+03 -9.999000e+03 -9.999000e+03 -9.999000e+03 -9.999000e+03 -9.999000e+03 -9.999000e+03 -9.999000e+03 -1.084985e-01 -1.623647e-01 -1.567787e-01 -1.657638e-01 -1.564815e-01 -1.565809e-01 -1.565053e-01 -1.561849e-01 -1.569194e-01 -1.565986e-01 -1.560123e-01 -1.573575e-01 -1.572220e-01 -1.570368e-01 -1.568905e-01 -1.567542e-01 -1.565856e-01 -1.567483e-01 -1.561899e-01 -1.598748e-01 -1.547466e-01 -1.532308e-01 -1.564703e-01 -1.563711e-01 -1.568924e-01 -1.569041e-01 -1.566726e-01 -1.562808e-01 -1.552434e-01 -1.547906e-01 -1.549170e-01 -1.523427e-01 -1.523924e-01 -1.523908e-01 -1.523164e-01 -1.564280e-01 -1.559732e-01 -1.614452e-01
-9.999000e+03 -9.999000e+03 -9.999000e+03 -9.999000e+03 -9.999000e+03 -9.999000e+03 -9.999000e+03 -9.999000e+03 -9.999000e+03 -9.999000e+03 -9.999000e+03 -1.408188e-01 -4.505045e-02 -1.572797e-01 -1.717863e-01 -1.554621e-01 -1.567152e-01 -1.564525e-01 -1.558753e-01 -1.556825e-01 -1.568014e-01 -1.558489e-01 -1.567414e-01 -1.567180e-01 -1.571336e-01 -1.569175e-01 -1.568362e-01 -1.567563e-01 -1.564678e-01 -1.564265e-01 -1.564291e-01 -1.565025e-01 -1.545298e-01 -1.563540e-01 -1.566034e-01 -1.527273e-01 -1.528680e-01 -1.565955e-01 -1.538069e-01 -1.539411e-01 -1.532180e-01 -1.531290e-01 -1.551500e-01 -1.551986e-01 -1.551418e-01 -1.549935e-01 -1.546435e-01 -1.546911e-01 -1.569726e-01 -1.572583e-01
-9.999000e+03 -9.999000e+03 -9.999000e+03 -9.999000e+03 -9.999000e+03 -9.999000e+03 -9.999000e+03 -9.999000e+03 -9.999000e+03 -9.999000e+03 -1.387538e-01 -1.086043e-01 -1.583870e-01 -1.757899e-01 -1.543254e-01 -1.558296e-01 -1.563182e-01 -1.562080e-01 -1.554947e-01 -1.564925e-01 -1.563302e-01 -1.565616e-01 -1.565799e-01 -1.571415e-01 -1.570038e-01 -1.566576e-01 -1.534613e-01 -1.566381e-01 -1.567095e-01 -1.566553e-01 -1.566280e-01 -1.564804e-01 -1.565312e-01 -1.549976e-01 -1.544690e-01 -1.545427e-01 -1.568089e-01 -1.544643e-01 -1.544809e-01 -1.545281e-01 -1.545246e-01 -1.551045e-01 -1.526535e-01 -1.553789e-01 -1.567322e-01 -1.567019e-01 -1.567725e-01 -1.569711e-01 -1.551205e-01 -1.553851e-01
-9.999000e+03 -9.999000e+03 -9.999000e+03 -9.999000e+03 -9.999000e+03 -9.999000e+03 -9.999000e+03 -9.999000e+03 -9.999000e+03 -9.999000e+03 -1.356711e-01 -1.631402e-01 -1.723001e-01 -1.561850e-01 -1.541730e-01 -1.565929e-01 -1.565337e-01 -1.565429e-01 -1.566019e-01 -1.576204e-01 -1.561558e-01 -1.562871e-01 -1.568650e-01 -1.570418e-01 -1.563223e-01 -1.543815e-01 -1.563934e-01 -1.568065e-01 -1.563512e-01 -1.566518e-01 -1.565537e-01 -1.565052e-01 -1.545508e-01 -1.545388e-01 -1.550846e-01 -1.567157e-01 -1.543540e-01 -1.539426e-01 -1.564718e-01 -1.566368e-01 -1.544909e-01 -1.549038e-01 -1.526690e-01 -1.563372e-01 -1.563544e-01 -1.568167e-01 -1.567345e-01 -1.570811e-01 -1.567189e-01 -1.566447e-01
-9.999000e+03 -9.999000e+03 -9.999000e+03 -9.999000e+03 -9.999000e+03 -9.999000e+03 -9.999000e+03 -9.999000e+03 -9.999000e+03 -1.359944e-01 5.145066e-02 -1.712378e-01 -1.564961e-01 -1.540955e-01 -1.561448e-01 -1.567631e-01 -1.567746e-01 -1.556914e-01 -1.596337e-01 -1.562942e-01 -1.564448e-01 -1.562291e-01 -1.570053e-01 -1.540421e-01 -1.543460e-01 -1.540726e-01 -1.567460e-01 -1.540674e-01 -1.546293e-01 -1.554321e-01 -1.553720e-01 -1.544473e-01 -1.541663e-01 -1.566788e-01 -1.564798e-01 -1.564819e-01 -1.570143e-01 -1.567516e-01 -1.544621e-01 -1.544721e-01 -1.565371e-01 -1.530902e-01 -1.560937e-01 -1.560986e-01 -1.568022e-01 -1.567404e-01 -1.570108e-01 -1.565941e-01 -1.564509e-01 -1.562109e-01
-9.999000e+03 -9.999000e+03 -9.999000e+03 -9.999000e+03 -9.999000e+03 -9.999000e+03 -9.999000e+03 -9.999000e+03 -9.999000e+03 -1.402000e-01 -1.718426e-01 -1.565569e-01 -1.556703e-01 -1.540394e-01 -1.565648e-01 -1.571242e-01 -1.542020e-01 -1.623910e-01 -1.575281e-01 -1.571054e-01 -1.560444e-01 -1.568825e-01 -1.545488e-01 -1.543584e-01 -1.540938e-01 -1.567197e-01 -1.545358e-01 -1.545259e-01 -1.544250e-01 -1.542988e-01 -1.543100e-01 -1.555750e-01 -1.562581e-01 -1.565340e-01 -1.564399e-01 -1.568365e-01 -1.566496e-01 -1.545465e-01 -1.563306e-01 -1.540547e-01 -1.530446e-01 -1.560043e-01 -1.565295e-01 -1.564141e-01 -1.565629e-01 -1.563552e-01 -1.571462e-01 -1.569385e-01 -1.571859e-01 -1.570691e-01
-9.999000e+03 -9.999000e+03 -9.999000e+03 -9.999000e+03 -9.999000e+03 -9.999000e+03 -9.999000e+03 -9.999000e+03 -1.087901e-01 -3.765679e-02 -1.642949e-01 -1.568548e-01 -1.543901e-01 -1.560202e-01 -1.565896e-01 -1.571793e-01 -1.627867e-01 -1.577198e-01 -1.572601e-01 -1.565170e-01 -1.568355e-01 -1.543387e-01 -1.565850e-01 -1.566494e-01 -1.568747e-01 -1.730109e-01 -1.750844e-01 -1.766742e-01 -1.746278e-01 -1.716342e-01 -1.687673e-01 -1.638363e-01 -1.618175e-01 -1.566408e-01 -1.507710e-01 -1.447206e-01 -1.423920e-01 -1.572282e-01 -1.654123e-01 -1.625176e-01 -1.656136e-01 -1.670775e-01 -1.687116e-01 -1.666805e-01 -1.675236e-01 -1.647782e-01 -1.616273e-01 -1.591366e-01 -1.576978e-01 -6.084535e-01
-9.999000e+03 -9.999000e+03 -9.999000e+03 -9.999000e+03 -9.999000e+03 -9.999000e+03 -9.999000e+03 -1.383611e-01 -1.121126e-01 -1.647432e-01 -1.562687e-01 -1.565591e-01 -1.540472e-01 -1.568027e-01 -1.566750e-01 -1.575317e-01 -1.580183e-01 -1.577154e-01 -1.564067e-01 -1.571339e-01 -1.545178e-01 -1.545343e-01 -1.540225e-01 -1.692328e-01 -1.706371e-01 -1.567467e-01 -1.564713e-01 -1.567616e-01 -1.570175e-01 -1.568415e-01 -1.573882e-01 -1.568581e-01 -1.564043e-01 -1.563270e-01 -1.564527e-01 -1.566233e-01 -1.567833e-01 -1.573387e-01 -1.581640e-01 -1.579044e-01 -1.577620e-01 -1.580599e-01 -1.575893e-01 -1.577539e-01 -1.576924e-01 -1.575555e-01 -1.575012e-01 -1.575716e-01 4.473789e-01 -1.589639e-01
