tests/data/reference/test_implicit_stream_rill_mfda/control/massbalance.asc
ncols	123
nrows	77
xllcorner	-713746.79929998
yllcorner	-1061022.36961616
cellsize	10.0
NODATA_value	-9999
[rows 22 to 43 of 77, columns 50 to 99 of 123]
-1.460964e-01 -1.502199e-01 -1.459963e-01 -1.461041e-01 -1.460685e-01 -1.459487e-01 -1.458981e-01 -1.458950e-01 -1.458797e-01 -1.458569e-01 -1.458891e-01 -1.459644e-01 -1.460121e-01 -1.459763e-01 -1.459046e-01 -1.458546e-01 -1.457290e-01 -1.456435e-01 -1.426311e-01 -1.466125e-01 -1.460387e-01 -1.461080e-01 -1.461753e-01 -1.462666e-01 -1.463723e-01 -1.461867e-01 -1.490571e-01 -1.514625e-01 -1.475280e-01 -1.422804e-01 -1.457457e-01 -1.458770e-01 -1.461251e-01 -1.491963e-01 -9.999000e+03 -9.999000e+03 -9.999000e+03 -9.999000e+03 -9.999000e+03 -9.999000e+03 -9.999000e+03 -9.999000e+03 -9.999000e+03 -9.999000e+03 -9.999000e+03 -9.999000e+03 -9.999000e+03 -9.999000e+03 -9.999000e+03 -9.999000e+03
-1.459170e-01 -1.502689e-01 -1.462045e-01 -1.461242e-01 -1.460035e-01 -1.458721e-01 -1.458721e-01 -1.459057e-01 -1.458976e-01 -1.458704e-01 -1.458973e-01 -1.459406e-01 -1.459061e-01 -1.458517e-01 -1.458426e-01 -1.458187e-01 -1.457142e-01 -1.457131e-01 -1.431314e-01 -1.466671e-01 -1.459665e-01 -1.460946e-01 -1.461815e-01 -1.462128e-01 -1.462100e-01 -1.462486e-01 -1.494034e-01 -1.462376e-01 -1.508035e-01 -1.475572e-01 -1.418371e-01 -1.452942e-01 -1.457775e-01 -1.462191e-01 -1.491680e-01 -1.487670e-01 -9.999000e+03 -9.999000e+03 -9.999000e+03 -9.999000e+03 -9.999000e+03 -9.999000e+03 -9.999000e+03 -9.999000e+03 -9.999000e+03 -9.999000e+03 -9.999000e+03 -9.999000e+03 -9.999000e+03 -9.999000e+03
-1.502885e-01 -1.460793e-01 -1.462605e-01 -1.460674e-01 -1.459300e-01 -1.458626e-01 -1.458871e-01 -1.458989e-01 -1.458607e-01 -1.458249e-01 -1.458688e-01 -1.459222e-01 -1.459037e-01 -1.459019e-01 -1.458831e-01 -1.457853e-01 -1.456863e-01 -1.456745e-01 -1.444596e-01 -1.467841e-01 -1.460368e-01 -1.460784e-01 -1.461164e-01 -1.461284e-01 -1.461247e-01 -1.461597e-01 -1.462817e-01 -1.461196e-01 -1.492016e-01 -1.503538e-01 -1.477966e-01 -1.465196e-01 -1.426239e-01 -1.458905e-01 -1.461680e-01 -1.462881e-01 -1.486423e-01 -9.999000e+03 -9.999000e+03 -9.999000e+03 -9.999000e+03 -9.999000e+03 -9.999000e+03 -9.999000e+03 -9.999000e+03 -9.999000e+03 -9.999000e+03 -9.999000e+03 -9.999000e+03 -9.999000e+03
-1.462129e-01 -1.504959e-01 -1.460907e-01 -1.459979e-01 -1.459182e-01 -1.458830e-01 -1.458625e-01 -1.458260e-01 -1.457826e-01 -1.458003e-01 -1.459000e-01 -1.459720e-01 -1.459619e-01 -1.459283e-01 -1.458268e-01 -1.457110e-01 -1.457110e-01 -1.458089e-01 -1.469435e-01 -1.466806e-01 -1.461088e-01 -1.460702e-01 -1.460618e-01 -1.460572e-01 -1.460513e-01 -1.460590e-01 -1.460969e-01 -1.461818e-01 -1.463981e-01 -1.491761e-01 -1.493092e-01 -1.479334e-01 -1.440096e-01 -1.455998e-01 -1.458980e-01 -1.462999e-01 -1.466706e-01 -1.490365e-01 -1.487240e-01 -1.486957e-01 -9.999000e+03 -9.999000e+03 -9.999000e+03 -9.999000e+03 -9.999000e+03 -9.999000e+03 -9.999000e+03 -9.999000e+03 -9.999000e+03 -9.999000e+03
-1.460522e-01 -1.505833e-01 -1.461645e-01 -1.459429e-01 -1.458807e-01 -1.458074e-01 -1.457649e-01 -1.457672e-01 -1.458097e-01 -1.459147e-01 -1.460036e-01 -1.460045e-01 -1.459418e-01 -1.458584e-01 -1.457732e-01 -1.457614e-01 -1.458440e-01 -1.459204e-01 -1.390760e-01 -1.461977e-01 -1.459717e-01 -1.459540e-01 -1.459334e-01 -1.459188e-01 -1.459202e-01 -1.459472e-01 -1.460050e-01 -1.460998e-01 -1.462156e-01 -1.472833e-01 -1.463644e-01 -1.474158e-01 -1.477082e-01 -1.459315e-01 -1.458860e-01 -1.459747e-01 -1.461285e-01 -1.462992e-01 -1.462704e-01 -1.488163e-01 -1.460767e-01 -1.486608e-01 -9.999000e+03 -9.999000e+03 -9.999000e+03 -9.999000e+03 -9.999000e+03 -9.999000e+03 -9.999000e+03 -9.999000e+03
-1.460166e-01 -1.461521e-01 -1.459754e-01 -1.505298e-01 -1.457881e-01 -1.457042e-01 -1.457096e-01 -1.458017e-01 -1.459218e-01 -1.460298e-01 -1.460287e-01 -1.459899e-01 -1.459224e-01 -1.458291e-01 -1.458365e-01 -1.458881e-01 -1.459337e-01 -1.458964e-01 -1.389294e-01 -1.455948e-01 -1.458384e-01 -1.458342e-01 -1.458001e-01 -1.457781e-01 -1.457885e-01 -1.458362e-01 -1.459151e-01 -1.460017e-01 -1.460771e-01 -1.456925e-01 -1.461896e-01 -1.467990e-01 -1.481525e-01 -1.462525e-01 -1.459230e-01 -1.456972e-01 -1.457046e-01 -1.458606e-01 -1.490944e-01 -1.489117e-01 -1.459895e-01 -1.458738e-01 -1.459761e-01 -1.334418e-01 -9.999000e+03 -9.999000e+03 -9.999000e+03 -9.999000e+03 -9.999000e+03 -9.999000e+03
-1.459720e-01 -1.459421e-01 -1.459010e-01 -1.460221e-01 -1.458410e-01 -1.458570e-01 -1.501278e-01 -1.459044e-01 -1.459816e-01 -1.460227e-01 -1.459911e-01 -1.459653e-01 -1.459501e-01 -1.459300e-01 -1.459243e-01 -1.459407e-01 -1.458565e-01 -1.457440e-01 -1.392004e-01 -1.451085e-01 -1.459643e-01 -1.459729e-01 -1.459660e-01 -1.459514e-01 -1.459375e-01 -1.459316e-01 -1.459452e-01 -1.459834e-01 -1.460236e-01 -1.449885e-01 -1.460697e-01 -1.457270e-01 -1.480578e-01 -1.461323e-01 -1.460003e-01 -1.458675e-01 -1.457958e-01 -1.458374e-01 -1.460214e-01 -1.460768e-01 -1.488990e-01 -1.459557e-01 -9.999000e+03 -1.246635e-01 -1.317609e-01 -1.305988e-01 -9.999000e+03 -9.999000e+03 -9.999000e+03 -9.999000e+03
-1.459243e-01 -1.458721e-01 -1.458270e-01 -1.458205e-01 -1.458495e-01 -1.459171e-01 -1.501675e-01 -1.460923e-01 -1.459616e-01 -1.460006e-01 -1.460014e-01 -1.460001e-01 -1.459806e-01 -1.459437e-01 -1.459200e-01 -1.458593e-01 -1.457849e-01 -1.457711e-01 -1.458901e-01 -1.395438e-01 -1.460959e-01 -1.461184e-01 -1.461373e-01 -1.461242e-01 -1.460836e-01 -1.460284e-01 -1.459787e-01 -1.459705e-01 -1.459763e-01 -1.339230e-01 -1.459565e-01 -1.443305e-01 -1.480258e-01 -1.460497e-01 -1.460972e-01 -1.460665e-01 -1.459424e-01 -1.458456e-01 -1.458628e-01 -1.459626e-01 -1.460994e-01 -9.999000e+03 -9.999000e+03 -8.231744e-02 -1.047076e-01 -1.477824e-01 -1.296850e-01 -9.999000e+03 -9.999000e+03 -9.999000e+03
-1.457950e-01 -1.457376e-01 -1.457157e-01 -1.457477e-01 -1.458200e-01 -1.458976e-01 -1.460764e-01 -1.501817e-01 -1.459678e-01 -1.460459e-01 -1.460098e-01 -1.459135e-01 -1.458680e-01 -1.458095e-01 -1.457723e-01 -1.457502e-01 -1.458042e-01 -1.459592e-01 -1.461652e-01 -1.462975e-01 -1.411685e-01 -1.461196e-01 -1.460859e-01 -1.460451e-01 -1.460132e-01 -1.459942e-01 -1.459805e-01 -1.459727e-01 -1.459462e-01 -1.238022e-01 -1.459519e-01 -1.429618e-01 -1.480941e-01 -1.460894e-01 -1.461249e-01 -1.461310e-01 -1.493154e-01 -1.491662e-01 -1.460138e-01 -1.460585e-01 -9.999000e+03 -9.999000e+03 -4.550530e-01 -1.447008e-01 -1.453174e-01 -1.462665e-01 -1.478868e-01 -1.293996e-01 -9.999000e+03 -9.999000e+03
-1.456427e-01 -1.455833e-01 -1.455903e-01 -1.456747e-01 -1.457885e-01 -1.458704e-01 -1.459206e-01 -1.461050e-01 -1.502786e-01 -1.460547e-01 -1.459031e-01 -1.457596e-01 -1.457084e-01 -1.456712e-01 -1.456839e-01 -1.457602e-01 -1.459486e-01 -1.461802e-01 -1.463118e-01 -1.463611e-01 -1.419197e-01 -1.461019e-01 -1.460248e-01 -1.459662e-01 -1.459464e-01 -1.459618e-01 -1.459823e-01 -1.459672e-01 -1.459115e-01 -1.177635e-01 -1.459441e-01 -1.424497e-01 -1.480348e-01 -1.461211e-01 -1.461437e-01 -1.497457e-01 -1.495410e-01 -1.493661e-01 -1.461705e-01 -9.999000e+03 -9.999000e+03 -4.054156e-01 -1.453791e-01 -1.463041e-01 -1.458939e-01 -1.458487e-01 -1.461388e-01 -1.480980e-01 -1.479255e-01 -9.999000e+03
-1.452944e-01 -1.453574e-01 -1.454540e-01 -1.455740e-01 -1.457023e-01 -1.457070e-01 -1.500046e-01 -1.458624e-01 -1.459064e-01 -1.460029e-01 -1.457431e-01 -1.456877e-01 -1.458092e-01 -1.458570e-01 -1.459527e-01 -1.460869e-01 -1.462198e-01 -1.462819e-01 -1.462569e-01 -1.461744e-01 -1.413754e-01 -1.459064e-01 -1.458790e-01 -1.458881e-01 -1.459229e-01 -1.459620e-01 -1.459779e-01 -1.459473e-01 -1.458895e-01 -1.328267e-01 -1.458582e-01 -1.436240e-01 -1.477506e-01 -1.459641e-01 -1.499577e-01 -1.498792e-01 -1.497183e-01 -1.495535e-01 -9.999000e+03 -9.999000e+03 -4.309666e-01 -1.451291e-01 -1.461420e-01 -1.466385e-01 -1.484591e-01 -1.482296e-01 -1.461271e-01 -1.462386e-01 -1.464076e-01 -1.480697e-01
-1.652545e-01 -1.492318e-01 -1.452926e-01 -1.455733e-01 -1.456687e-01 -1.458563e-01 -1.457183e-01 -1.458816e-01 -1.457667e-01 -1.457417e-01 -1.457539e-01 -1.458396e-01 -1.459624e-01 -1.461268e-01 -1.462450e-01 -1.463068e-01 -1.463024e-01 -1.462230e-01 -1.460862e-01 -1.459528e-01 -1.457839e-01 -1.412363e-01 -1.457498e-01 -1.458299e-01 -1.459116e-01 -1.459746e-01 -1.459719e-01 -1.459271e-01 -1.458664e-01 -1.463218e-01 -1.457726e-01 -1.451867e-01 -1.473154e-01 -1.499420e-01 -1.498991e-01 -1.498788e-01 -9.999000e+03 -9.999000e+03 -9.999000e+03 -1.845527e-01 -1.449242e-01 -1.460771e-01 -1.461410e-01 -1.491080e-01 -1.489239e-01 -1.464299e-01 -1.461792e-01 -1.459121e-01 -1.457973e-01 -1.482292e-01
-1.445027e-01 -1.625433e-01 -1.650876e-01 -1.671351e-01 -1.502203e-01 -1.498320e-01 -1.461143e-01 -1.460488e-01 -1.459610e-01 -1.459510e-01 -1.459858e-01 -1.460406e-01 -1.460848e-01 -1.461853e-01 -1.462267e-01 -1.462051e-01 -1.461353e-01 -1.460517e-01 -1.459286e-01 -1.458101e-01 -1.457052e-01 -1.500203e-01 -1.457645e-01 -1.457911e-01 -1.458314e-01 -1.458610e-01 -1.458298e-01 -1.457915e-01 -1.457564e-01 -1.478499e-01 -1.457751e-01 -1.457418e-01 -1.466160e-01 -1.499098e-01 -1.499041e-01 -9.999000e+03 -9.999000e+03 -5.224555e-01 -1.865548e-01 -1.460497e-01 -1.460268e-01 -1.460889e-01 -1.494040e-01 -1.493029e-01 -1.491744e-01 -1.462208e-01 -1.461706e-01 -1.461296e-01 -1.484302e-01 -1.484489e-01
-1.492267e-01 -1.452711e-01 -1.461061e-01 -1.510055e-01 -1.721054e-01 -1.505038e-01 -1.501536e-01 -1.508541e-01 -1.507783e-01 -1.503133e-01 -1.503592e-01 -1.503855e-01 -1.504031e-01 -1.504474e-01 -1.507937e-01 -1.507854e-01 -1.507161e-01 -1.505992e-01 -1.504431e-01 -1.503093e-01 -1.502022e-01 -1.501461e-01 -1.542797e-01 -1.501385e-01 -1.501426e-01 -1.501510e-01 -1.457033e-01 -1.456975e-01 -1.456665e-01 -1.482215e-01 -1.457715e-01 -1.458604e-01 -1.452328e-01 -1.499256e-01 -9.999000e+03 -9.999000e+03 -4.547824e-01 -1.444392e-01 -1.459708e-01 -1.459873e-01 -1.460360e-01 -1.496625e-01 -1.495508e-01 -1.494202e-01 -1.492852e-01 -1.491111e-01 -1.461523e-01 -1.462622e-01 -1.488486e-01 -1.463626e-01
-1.495250e-01 -1.493421e-01 -1.535627e-01 -1.497909e-01 -1.495493e-01 -1.664813e-01 -1.658473e-01 -1.673728e-01 -1.651429e-01 -1.501135e-01 -1.494908e-01 -1.493644e-01 -1.492825e-01 -1.492470e-01 -1.491697e-01 -1.494988e-01 -1.454087e-01 -1.494422e-01 -1.495166e-01 -1.496300e-01 -1.497544e-01 -1.498740e-01 -1.533155e-01 -1.631832e-01 -1.473118e-01 -1.499322e-01 -1.501860e-01 -1.501816e-01 -1.458516e-01 -1.481972e-01 -1.459346e-01 -1.459768e-01 -1.431713e-01 -9.999000e+03 -9.999000e+03 -1.499239e-01 -1.444755e-01 -1.459030e-01 -1.459420e-01 -1.459537e-01 -1.459797e-01 -1.497469e-01 -1.496565e-01 -1.495176e-01 -1.493826e-01 -1.492280e-01 -1.460631e-01 -1.460648e-01 -1.461317e-01 -1.460886e-01
-1.502004e-01 -1.501449e-01 -1.495894e-01 -1.497463e-01 -1.494890e-01 -1.491619e-01 -1.496358e-01 -1.501630e-01 -1.500118e-01 -1.589435e-01 -1.590068e-01 -1.580668e-01 -1.578345e-01 -1.573134e-01 -1.566734e-01 -1.567840e-01 -1.580053e-01 -1.603821e-01 -1.621230e-01 -1.494202e-01 -1.496280e-01 -1.498321e-01 -1.500741e-01 -1.499605e-01 -1.634625e-01 -1.500664e-01 -1.499886e-01 -1.500231e-01 -1.503935e-01 -1.465301e-01 -1.460690e-01 -1.460676e-01 -9.999000e+03 -9.999000e+03 -1.500436e-01 -1.499713e-01 -1.459482e-01 -1.459848e-01 -1.459524e-01 -1.459304e-01 -1.459308e-01 -1.497749e-01 -1.497146e-01 -1.495889e-01 -1.494666e-01 -1.493243e-01 -1.491577e-01 -1.489985e-01 -1.458495e-01 -1.458535e-01
-1.498274e-01 -1.540520e-01 -1.498502e-01 -1.496982e-01 -1.494441e-01 -1.493442e-01 -1.496969e-01 -1.509093e-01 -1.510948e-01 -1.507684e-01 -1.508465e-01 -1.510282e-01 -1.514717e-01 -1.521818e-01 -1.526101e-01 -1.532967e-01 -1.540980e-01 -1.548607e-01 -1.592487e-01 -1.757378e-01 -1.814001e-01 -1.500311e-01 -1.500260e-01 -1.500560e-01 -1.813021e-01 -1.498842e-01 -1.500295e-01 -1.501691e-01 -1.502580e-01 -1.470357e-01 -1.460836e-01 -9.999000e+03 -9.999000e+03 -1.500358e-01 -1.500727e-01 -1.500008e-01 -1.459734e-01 -1.459816e-01 -1.459728e-01 -1.459757e-01 -1.498420e-01 -1.498436e-01 -1.497959e-01 -1.496721e-01 -1.495439e-01 -1.494143e-01 -1.492663e-01 -1.490935e-01 -1.489446e-01 -1.459071e-01
-1.459206e-01 -1.460775e-01 -1.460418e-01 -1.456981e-01 -1.449291e-01 -1.458236e-01 -1.458353e-01 -1.458974e-01 -1.457993e-01 -1.456680e-01 -1.455962e-01 -1.455222e-01 -1.454629e-01 -1.496259e-01 -1.495223e-01 -1.494234e-01 -1.493273e-01 -1.492781e-01 -1.459084e-01 -1.470161e-01 -1.520919e-01 -1.777464e-01 -1.837508e-01 -1.864608e-01 -1.891840e-01 -2.375155e-01 -1.500801e-01 -1.502356e-01 -1.502841e-01 -1.386264e-01 -9.999000e+03 -9.999000e+03 -1.608296e-01 -1.460833e-01 -1.500891e-01 -1.500135e-01 -1.459552e-01 -1.459741e-01 -1.459896e-01 -1.460118e-01 -1.499422e-01 -1.499502e-01 -1.499088e-01 -1.497832e-01 -1.496251e-01 -1.494840e-01 -1.493846e-01 -1.492648e-01 -1.490942e-01 -1.459914e-01
-1.458838e-01 -1.459133e-01 -1.449441e-01 -1.460446e-01 -1.460169e-01 -1.460055e-01 -1.461239e-01 -1.462500e-01 -1.462187e-01 -1.461485e-01 -1.460767e-01 -1.459723e-01 -1.458629e-01 -1.457887e-01 -1.457253e-01 -1.456351e-01 -1.455248e-01 -1.496147e-01 -1.494704e-01 -1.530238e-01 -1.474745e-01 -1.441255e-01 -1.412105e-01 -1.468551e-01 -1.490946e-01 -1.929104e-01 -1.758657e-01 -1.499755e-01 -1.500657e-01 -1.533714e-01 -9.999000e+03 -4.630288e-01 -2.000000e+22 -1.459298e-01 -1.501316e-01 -1.461130e-01 -1.459689e-01 -1.459595e-01 -1.459735e-01 -1.459950e-01 -1.500214e-01 -1.500279e-01 -1.499816e-01 -1.498680e-01 -1.497033e-01 -1.495304e-01 -1.494453e-01 -1.493856e-01 -1.492484e-01 -1.490864e-01
-1.453302e-01 -1.447598e-01 -1.460259e-01 -1.460417e-01 -1.459991e-01 -1.459780e-01 -1.460693e-01 -1.462029e-01 -1.463240e-01 -1.462837e-01 -1.462792e-01 -1.462066e-01 -1.460676e-01 -1.459730e-01 -1.459361e-01 -1.458847e-01 -1.457940e-01 -1.457130e-01 -1.493306e-01 -1.455536e-01 -1.495247e-01 -1.491920e-01 -1.491965e-01 -9.999000e+03 -9.999000e+03 -9.999000e+03 -2.405364e-01 -1.639401e-01 -1.502514e-01 -9.999000e+03 -9.999000e+03 -1.477176e-01 1.840000e+22 -1.458638e-01 -1.501876e-01 -1.460466e-01 -1.459926e-01 -1.459476e-01 -1.459539e-01 -1.500401e-01 -1.500851e-01 -1.500966e-01 -1.500302e-01 -1.499116e-01 -1.497588e-01 -1.495686e-01 -1.494666e-01 -1.494450e-01 -1.493807e-01 -1.492700e-01
-1.461987e-01 -1.460809e-01 -1.460574e-01 -1.460849e-01 -1.460633e-01 -1.460192e-01 -1.460584e-01 -1.462869e-01 -1.463397e-01 -1.463570e-01 -1.464369e-01 -1.464420e-01 -1.463035e-01 -1.461720e-01 -1.461239e-01 -1.460916e-01 -1.460208e-01 -1.462280e-01 -1.459121e-01 -1.458325e-01 -1.456463e-01 -1.454204e-01 -1.494916e-01 -1.495389e-01 -1.487367e-01 -9.999000e+03 -9.999000e+03 -9.999000e+03 -3.891287e+00 -9.999000e+03 -1.918568e-01 -1.490148e-01 1.600000e+21 -1.497309e-01 -1.459037e-01 -1.458544e-01 -1.459177e-01 -1.459551e-01 -1.459766e-01 -1.500845e-01 -1.501256e-01 -1.501626e-01 -1.501076e-01 -1.499708e-01 -1.498074e-01 -1.496076e-01 -1.494874e-01 -1.494616e-01 -1.494306e-01 -1.461076e-01
-1.462579e-01 -1.461897e-01 -1.460929e-01 -1.460859e-01 -1.460769e-01 -1.460195e-01 -1.460841e-01 -1.461502e-01 -1.461866e-01 -1.462038e-01 -1.463299e-01 -1.464453e-01 -1.464018e-01 -1.463055e-01 -1.462563e-01 -1.462403e-01 -1.466694e-01 -1.461549e-01 -1.461578e-01 -1.461245e-01 -1.459896e-01 -1.458457e-01 -1.457480e-01 -1.499867e-01 -1.497085e-01 -1.487454e-01 -1.489204e-01 -9.999000e+03 -9.999000e+03 -9.999000e+03 -4.943364e+00 -1.492830e-01 -1.458897e-01 -1.490665e-01 -1.455306e-01 -1.456140e-01 -1.458007e-01 -1.459476e-01 -1.460020e-01 -1.501477e-01 -1.501603e-01 -1.502042e-01 -1.501813e-01 -1.500524e-01 -1.498689e-01 -1.496462e-01 -1.495060e-01 -1.494547e-01 -1.494190e-01 -1.459452e-01
