tests/data/reference/test_implicit_stream_rill_mfda/control/massbalance.asc
ncols	123
nrows	77
xllcorner	-713746.79929998
yllcorner	-1061022.36961616
cellsize	10.0
NODATA_value	-9999
[rows 22 to 43 of 77, columns 50 to 99 of 123]
-1.461425e-01 -1.502200e-01 -1.486028e-01 -1.498511e-01 -1.503057e-01 -1.500519e-01 -1.483368e-01 -1.499923e-01 -1.511148e-01 -1.512608e-01 -1.510689e-01 -1.502090e-01 -1.501746e-01 -1.501370e-01 -1.501250e-01 -1.501687e-01 -1.477616e-01 -1.512138e-01 -1.647390e-01 -1.538887e-01 -1.491110e-01 -1.486041e-01 -1.494111e-01 -1.481531e-01 -1.468270e-01 -1.481722e-01 -1.490572e-01 -8.152786e-02 -1.621336e-01 -1.583494e-01 -1.474996e-01 -1.475230e-01 -1.464770e-01 -1.491964e-01 -9.999000e+03 -9.999000e+03 -9.999000e+03 -9.999000e+03 -9.999000e+03 -9.999000e+03 -9.999000e+03 -9.999000e+03 -9.999000e+03 -9.999000e+03 -9.999000e+03 -9.999000e+03 -9.999000e+03 -9.999000e+03 -9.999000e+03 -9.999000e+03
-1.470697e-01 -1.502690e-01 -1.462294e-01 -1.498327e-01 -1.504515e-01 -1.502616e-01 -1.499268e-01 -1.484851e-01 -1.496469e-01 -1.510686e-01 -1.511470e-01 -1.513251e-01 -1.510044e-01 -1.509598e-01 -1.509378e-01 -1.509924e-01 -1.511870e-01 -1.477619e-01 -1.725086e-01 -1.484872e-01 -1.485744e-01 -1.481264e-01 -1.496929e-01 -1.491318e-01 -1.478190e-01 -1.491719e-01 -1.494035e-01 -1.467247e-01 -6.798248e-02 -1.551576e-01 -1.660718e-01 -1.500015e-01 -1.478280e-01 -1.466308e-01 -1.491681e-01 -1.487670e-01 -9.999000e+03 -9.999000e+03 -9.999000e+03 -9.999000e+03 -9.999000e+03 -9.999000e+03 -9.999000e+03 -9.999000e+03 -9.999000e+03 -9.999000e+03 -9.999000e+03 -9.999000e+03 -9.999000e+03 -9.999000e+03
-1.502885e-01 -1.485637e-01 -1.462716e-01 -1.470333e-01 -1.505082e-01 -1.508082e-01 -1.501073e-01 -1.496499e-01 -1.485180e-01 -1.492443e-01 -1.506359e-01 -1.505601e-01 -1.510564e-01 -1.512588e-01 -1.512671e-01 -1.513552e-01 -1.515324e-01 -1.517754e-01 -1.779481e-01 -1.417204e-01 -1.480561e-01 -1.477997e-01 -1.496274e-01 -1.496448e-01 -1.490358e-01 -1.495935e-01 -1.465512e-01 -1.479271e-01 -1.492018e-01 -6.739749e-02 -1.441857e-01 -1.708581e-01 -1.542909e-01 -1.478822e-01 -1.466253e-01 -1.469443e-01 -1.486426e-01 -9.999000e+03 -9.999000e+03 -9.999000e+03 -9.999000e+03 -9.999000e+03 -9.999000e+03 -9.999000e+03 -9.999000e+03 -9.999000e+03 -9.999000e+03 -9.999000e+03 -9.999000e+03 -9.999000e+03
-1.462268e-01 -1.504959e-01 -1.497778e-01 -1.469314e-01 -1.482575e-01 -1.509243e-01 -1.508759e-01 -1.498040e-01 -1.493352e-01 -1.485466e-01 -1.488474e-01 -1.498111e-01 -1.496551e-01 -1.503905e-01 -1.510891e-01 -1.512469e-01 -1.513779e-01 -1.514061e-01 -1.847985e-01 -1.362346e-01 -1.475307e-01 -1.475955e-01 -1.494201e-01 -1.498682e-01 -1.498465e-01 -1.497768e-01 -1.475561e-01 -1.492007e-01 -1.467164e-01 -8.563072e-02 -1.493093e-01 -1.321127e-01 -1.765947e-01 -1.500486e-01 -1.479817e-01 -1.480915e-01 -1.471715e-01 -1.490366e-01 -1.487242e-01 -1.486959e-01 -9.999000e+03 -9.999000e+03 -9.999000e+03 -9.999000e+03 -9.999000e+03 -9.999000e+03 -9.999000e+03 -9.999000e+03 -9.999000e+03 -9.999000e+03
-1.469739e-01 -1.505834e-01 -1.461677e-01 -1.505112e-01 -1.482314e-01 -1.498883e-01 -1.510838e-01 -1.507024e-01 -1.494393e-01 -1.489746e-01 -1.481807e-01 -1.481790e-01 -1.489295e-01 -1.488717e-01 -1.496706e-01 -1.506426e-01 -1.507167e-01 -1.506506e-01 -1.779225e-01 -1.338792e-01 -1.472585e-01 -1.475769e-01 -1.492472e-01 -1.499674e-01 -1.503503e-01 -1.498492e-01 -1.490067e-01 -1.498465e-01 -1.476118e-01 -1.063049e-01 -1.466435e-01 -1.243557e-01 -1.763753e-01 -1.511590e-01 -1.497863e-01 -1.492661e-01 -1.478187e-01 -1.467639e-01 -1.469709e-01 -1.488165e-01 -1.469467e-01 -1.486610e-01 -9.999000e+03 -9.999000e+03 -9.999000e+03 -9.999000e+03 -9.999000e+03 -9.999000e+03 -9.999000e+03 -9.999000e+03
-1.481735e-01 -1.461538e-01 -1.468246e-01 -1.505299e-01 -1.510496e-01 -1.500081e-01 -1.511963e-01 -1.509124e-01 -1.501306e-01 -1.488307e-01 -1.482638e-01 -1.475965e-01 -1.475543e-01 -1.482543e-01 -1.482528e-01 -1.490025e-01 -1.497954e-01 -1.498087e-01 -1.801310e-01 -1.347433e-01 -1.473599e-01 -1.478038e-01 -1.492160e-01 -1.500674e-01 -1.506799e-01 -1.498836e-01 -1.501718e-01 -1.501609e-01 -1.488513e-01 -1.290884e-01 -1.475579e-01 -1.229502e-01 -1.688279e-01 -1.505285e-01 -1.507118e-01 -1.504902e-01 -1.494616e-01 -1.479769e-01 -1.490945e-01 -1.489118e-01 -1.468263e-01 -1.487693e-01 -1.469665e-01 -1.347105e-01 -9.999000e+03 -9.999000e+03 -9.999000e+03 -9.999000e+03 -9.999000e+03 -9.999000e+03
-1.495881e-01 -1.467536e-01 -1.481209e-01 -1.460289e-01 -1.512254e-01 -1.512720e-01 -1.501278e-01 -1.517642e-01 -1.501712e-01 -1.492272e-01 -1.480061e-01 -1.475382e-01 -1.470951e-01 -1.470925e-01 -1.476479e-01 -1.476339e-01 -1.482992e-01 -1.491067e-01 -1.818654e-01 -1.372334e-01 -1.473791e-01 -1.478595e-01 -1.489439e-01 -1.497799e-01 -1.504954e-01 -1.496477e-01 -1.507806e-01 -1.501808e-01 -1.498467e-01 -1.246216e-01 -1.488308e-01 -1.259686e-01 -1.602493e-01 -1.494481e-01 -1.506976e-01 -1.510190e-01 -1.508377e-01 -1.498645e-01 -1.466183e-01 -1.467710e-01 -1.488992e-01 -1.486714e-01 -9.999000e+03 -1.299366e-01 -1.334960e-01 -1.328298e-01 -9.999000e+03 -9.999000e+03 -9.999000e+03 -9.999000e+03
-1.505713e-01 -1.480853e-01 -1.497983e-01 -1.468493e-01 -1.509466e-01 -1.516847e-01 -1.501676e-01 -1.461573e-01 -1.514873e-01 -1.491906e-01 -1.482768e-01 -1.472551e-01 -1.469422e-01 -1.467054e-01 -1.467661e-01 -1.472730e-01 -1.474123e-01 -1.479752e-01 -1.483754e-01 -1.807842e-01 -1.470573e-01 -1.474686e-01 -1.482755e-01 -1.489589e-01 -1.496911e-01 -1.490364e-01 -1.507748e-01 -1.499314e-01 -1.504143e-01 -1.061756e-01 -1.499162e-01 -1.304249e-01 -1.495153e-01 -1.485315e-01 -1.499465e-01 -1.504019e-01 -1.510536e-01 -1.509081e-01 -1.483136e-01 -1.483988e-01 -1.467873e-01 -9.999000e+03 -9.999000e+03 -9.119868e-02 -1.072281e-01 -1.479915e-01 -1.324833e-01 -9.999000e+03 -9.999000e+03 -9.999000e+03
-1.512336e-01 -1.498718e-01 -1.511440e-01 -1.485221e-01 -1.503692e-01 -1.514682e-01 -1.461352e-01 -1.501818e-01 -1.471439e-01 -1.505980e-01 -1.481870e-01 -1.474935e-01 -1.468232e-01 -1.467332e-01 -1.467114e-01 -1.468807e-01 -1.472583e-01 -1.471348e-01 -1.470661e-01 -1.468845e-01 -1.864099e-01 -1.469433e-01 -1.475538e-01 -1.481085e-01 -1.487442e-01 -1.483598e-01 -1.503177e-01 -1.494901e-01 -1.505996e-01 -9.514820e-02 -1.505734e-01 -1.339281e-01 -1.363723e-01 -1.478249e-01 -1.489121e-01 -1.492112e-01 -1.493155e-01 -1.491663e-01 -1.499190e-01 -1.497811e-01 -9.999000e+03 -9.999000e+03 -4.900852e-01 -1.586913e-01 -1.517482e-01 -1.478450e-01 -1.480464e-01 -1.324239e-01 -9.999000e+03 -9.999000e+03
-1.517208e-01 -1.514800e-01 -1.521947e-01 -1.505443e-01 -1.497708e-01 -1.508115e-01 -1.471134e-01 -1.461545e-01 -1.502787e-01 -1.485980e-01 -1.495482e-01 -1.475762e-01 -1.472886e-01 -1.470438e-01 -1.471183e-01 -1.470616e-01 -1.468381e-01 -1.465583e-01 -1.459836e-01 -1.455753e-01 -1.866309e-01 -1.465228e-01 -1.470240e-01 -1.475090e-01 -1.480365e-01 -1.477982e-01 -1.496002e-01 -1.489472e-01 -1.504656e-01 -1.096616e-01 -1.507530e-01 -1.372657e-01 -1.239942e-01 -1.473359e-01 -1.479553e-01 -1.497458e-01 -1.495411e-01 -1.493662e-01 -1.502331e-01 -9.999000e+03 -9.999000e+03 -4.174918e-01 -1.468232e-01 -1.611813e-01 -1.532296e-01 -1.494431e-01 -1.478129e-01 -1.481759e-01 -1.480682e-01 -9.999000e+03
-1.523920e-01 -1.530220e-01 -1.529381e-01 -1.521112e-01 -1.493212e-01 -1.501058e-01 -1.500047e-01 -1.487212e-01 -1.470770e-01 -1.460514e-01 -1.500733e-01 -1.489459e-01 -1.473714e-01 -1.473006e-01 -1.471020e-01 -1.468922e-01 -1.464420e-01 -1.458703e-01 -1.453803e-01 -1.448379e-01 -1.814593e-01 -1.464673e-01 -1.468572e-01 -1.471910e-01 -1.475328e-01 -1.473175e-01 -1.488024e-01 -1.484237e-01 -1.500858e-01 -1.408167e-01 -1.506217e-01 -1.424667e-01 -1.166081e-01 -1.472010e-01 -1.499578e-01 -1.498793e-01 -1.497184e-01 -1.495536e-01 -9.999000e+03 -9.999000e+03 -4.444361e-01 -1.459934e-01 -1.492064e-01 -1.582981e-01 -1.484626e-01 -1.482700e-01 -1.491359e-01 -1.475267e-01 -1.476364e-01 -1.481570e-01
-1.876709e-01 -1.633713e-01 -1.541734e-01 -1.528863e-01 -1.527806e-01 -1.487698e-01 -1.495874e-01 -1.460472e-01 -1.504144e-01 -1.487442e-01 -1.470425e-01 -1.511813e-01 -1.482417e-01 -1.467986e-01 -1.465624e-01 -1.461851e-01 -1.458106e-01 -1.453415e-01 -1.449256e-01 -1.446782e-01 -1.445363e-01 -1.749349e-01 -1.471268e-01 -1.471761e-01 -1.472115e-01 -1.469505e-01 -1.481348e-01 -1.480321e-01 -1.495433e-01 -1.508573e-01 -1.503246e-01 -1.463853e-01 -1.169272e-01 -1.499421e-01 -1.498992e-01 -1.498789e-01 -9.999000e+03 -9.999000e+03 -9.999000e+03 -1.859494e-01 -1.455496e-01 -1.485858e-01 -1.499885e-01 -1.491082e-01 -1.489241e-01 -1.473809e-01 -1.493855e-01 -1.491635e-01 -1.492219e-01 -1.482697e-01
-1.703769e-01 -1.878101e-01 -1.937749e-01 -2.039165e-01 -1.603836e-01 -1.602210e-01 -1.476224e-01 -1.484841e-01 -1.474098e-01 -1.512964e-01 -1.503791e-01 -1.488503e-01 -1.512943e-01 -1.471669e-01 -1.459049e-01 -1.455861e-01 -1.452158e-01 -1.449217e-01 -1.447083e-01 -1.446631e-01 -1.448319e-01 -2.185633e-01 -1.475930e-01 -1.474069e-01 -1.471804e-01 -1.468724e-01 -1.477667e-01 -1.478439e-01 -1.491522e-01 -1.484331e-01 -1.498662e-01 -1.479089e-01 -1.234657e-01 -1.499099e-01 -1.499042e-01 -9.999000e+03 -9.999000e+03 -5.519642e-01 -1.880279e-01 -1.463080e-01 -1.482324e-01 -1.498956e-01 -1.494041e-01 -1.493030e-01 -1.491745e-01 -1.484728e-01 -1.491006e-01 -1.497875e-01 -1.484357e-01 -1.484528e-01
-1.571366e-01 -1.606365e-01 -1.690275e-01 -1.730854e-01 -2.178990e-01 -1.564733e-01 -1.578740e-01 -1.547229e-01 -1.554918e-01 -1.552364e-01 -1.583163e-01 -1.578347e-01 -1.566311e-01 -1.579364e-01 -1.545924e-01 -1.537454e-01 -1.535145e-01 -1.533400e-01 -1.533388e-01 -1.535221e-01 -1.539291e-01 -1.545135e-01 -2.101418e-01 -1.565745e-01 -1.561625e-01 -1.557954e-01 -1.478245e-01 -1.480089e-01 -1.490365e-01 -1.365831e-01 -1.494134e-01 -1.481579e-01 -1.302398e-01 -1.499257e-01 -9.999000e+03 -9.999000e+03 -4.701062e-01 -1.449242e-01 -1.461912e-01 -1.475743e-01 -1.498142e-01 -1.496626e-01 -1.495509e-01 -1.494203e-01 -1.492853e-01 -1.491112e-01 -1.486791e-01 -1.493104e-01 -1.488488e-01 -1.472113e-01
-1.527059e-01 -1.529454e-01 -1.535684e-01 -1.511317e-01 -1.534914e-01 -2.090768e-01 -2.086373e-01 -2.038278e-01 -1.923949e-01 -1.534149e-01 -1.561778e-01 -1.574182e-01 -1.575176e-01 -1.570603e-01 -1.570934e-01 -1.537158e-01 -1.575234e-01 -1.529891e-01 -1.531983e-01 -1.535255e-01 -1.539956e-01 -1.545074e-01 -1.533541e-01 -2.379630e-01 -1.619683e-01 -1.551899e-01 -1.566800e-01 -1.570246e-01 -1.487254e-01 -1.119704e-01 -1.486022e-01 -1.477407e-01 -1.330797e-01 -9.999000e+03 -9.999000e+03 -1.499240e-01 -1.448491e-01 -1.480615e-01 -1.475107e-01 -1.492437e-01 -1.506540e-01 -1.497470e-01 -1.496566e-01 -1.495177e-01 -1.493827e-01 -1.492281e-01 -1.483873e-01 -1.488585e-01 -1.468352e-01 -1.484385e-01
-1.509535e-01 -1.509317e-01 -1.529116e-01 -1.549739e-01 -1.562138e-01 -1.573933e-01 -1.579058e-01 -1.565503e-01 -1.549195e-01 -1.716104e-01 -1.569388e-01 -1.353116e-01 -1.121405e-01 -8.672629e-02 -5.875783e-02 -3.348986e-02 -8.653630e-02 -1.569738e-01 -3.646541e-02 -1.550484e-01 -1.546431e-01 -1.543465e-01 -1.539373e-01 -1.513850e-01 -2.468661e-01 -1.544037e-01 -1.558160e-01 -1.561107e-01 -1.569837e-01 -1.172901e-01 -1.474404e-01 -1.468883e-01 -9.999000e+03 -9.999000e+03 -1.500437e-01 -1.499714e-01 -1.478153e-01 -1.499537e-01 -1.492455e-01 -1.504238e-01 -1.509167e-01 -1.497750e-01 -1.497147e-01 -1.495890e-01 -1.494667e-01 -1.493245e-01 -1.491578e-01 -1.489986e-01 -1.484843e-01 -1.498386e-01
-1.498275e-01 -1.540521e-01 -1.507277e-01 -1.527111e-01 -1.548079e-01 -1.648826e-01 -1.697566e-01 -1.762644e-01 -1.824552e-01 -1.862881e-01 -1.873299e-01 -1.868911e-01 -1.909958e-01 -2.089433e-01 -2.534419e-01 -1.695168e-01 -1.621520e-01 -1.577547e-01 -1.519120e-01 -6.247606e-02 -1.020138e-01 -1.545121e-01 -1.536746e-01 -1.526421e-01 -3.169205e-01 -1.536563e-01 -1.549458e-01 -1.547160e-01 -1.548912e-01 -1.589908e-01 -1.462527e-01 -9.999000e+03 -9.999000e+03 -1.500359e-01 -1.500727e-01 -1.500009e-01 -1.496324e-01 -1.509731e-01 -1.504125e-01 -1.508920e-01 -1.498421e-01 -1.498437e-01 -1.497960e-01 -1.496722e-01 -1.495440e-01 -1.494144e-01 -1.492664e-01 -1.490936e-01 -1.489447e-01 -1.505294e-01
-1.490546e-01 -1.481692e-01 -1.472674e-01 -1.418846e-01 -1.416509e-01 -1.448676e-01 -1.452396e-01 -1.453409e-01 -1.454488e-01 -1.457390e-01 -1.463748e-01 -1.468525e-01 -1.472692e-01 -1.555009e-01 -1.571149e-01 -1.576846e-01 -1.583554e-01 -1.590378e-01 -1.663881e-01 -1.770242e-01 -1.810017e-01 -7.536578e-02 -5.792956e-02 -5.059265e-02 -6.976264e-02 -1.926190e-01 -1.536042e-01 -1.525285e-01 -1.526042e-01 -1.537531e-01 -9.999000e+03 -9.999000e+03 -1.613686e-01 -1.461757e-01 -1.500892e-01 -1.500136e-01 -1.507814e-01 -1.512425e-01 -1.508569e-01 -1.507057e-01 -1.499423e-01 -1.499502e-01 -1.499089e-01 -1.497833e-01 -1.496252e-01 -1.494841e-01 -1.493847e-01 -1.492649e-01 -1.490943e-01 -1.502647e-01
-1.478542e-01 -1.475391e-01 -1.385211e-01 -1.440632e-01 -1.441242e-01 -1.443405e-01 -1.445160e-01 -1.445547e-01 -1.446216e-01 -1.453382e-01 -1.457782e-01 -1.461768e-01 -1.464217e-01 -1.488605e-01 -1.491738e-01 -1.495412e-01 -1.499185e-01 -1.560574e-01 -1.577035e-01 -1.238936e-01 -1.490720e-01 -1.611984e-01 -1.677568e-01 -2.191729e-01 -1.649422e-01 -1.459109e-02 -1.653865e-01 -1.507033e-01 -1.506626e-01 -1.534004e-01 -9.999000e+03 -4.785246e-01 -1.461352e-01 -1.472066e-01 -1.501317e-01 -1.462041e-01 -1.512088e-01 -1.509207e-01 -1.507447e-01 -1.501176e-01 -1.500215e-01 -1.500279e-01 -1.499817e-01 -1.498681e-01 -1.497034e-01 -1.495305e-01 -1.494454e-01 -1.493857e-01 -1.492486e-01 -1.490865e-01
-1.348878e-01 -1.360575e-01 -1.442809e-01 -1.440426e-01 -1.439461e-01 -1.440655e-01 -1.441716e-01 -1.441391e-01 -1.449588e-01 -1.452533e-01 -1.456556e-01 -1.459063e-01 -1.488514e-01 -1.489928e-01 -1.492253e-01 -1.494430e-01 -1.470167e-01 -1.492519e-01 -8.787049e-02 -1.475009e-01 -1.576444e-01 -1.589901e-01 -1.596567e-01 -9.999000e+03 -9.999000e+03 -9.999000e+03 -6.261621e-02 -1.454717e-01 -1.483125e-01 -9.999000e+03 -9.999000e+03 -1.499910e-01 -1.531042e-01 -1.488712e-01 -1.501876e-01 -1.472314e-01 -1.509870e-01 -1.502096e-01 -1.502634e-01 -1.500402e-01 -1.500852e-01 -1.500967e-01 -1.500302e-01 -1.499117e-01 -1.497589e-01 -1.495687e-01 -1.494667e-01 -1.494451e-01 -1.493808e-01 -1.492701e-01
-1.454409e-01 -1.450093e-01 -1.445309e-01 -1.441180e-01 -1.439569e-01 -1.439763e-01 -1.439656e-01 -1.451001e-01 -1.451805e-01 -1.455206e-01 -1.458424e-01 -1.493598e-01 -1.492590e-01 -1.493062e-01 -1.494166e-01 -1.465038e-01 -1.490703e-01 -7.813834e-02 -1.464608e-01 -1.495759e-01 -1.501610e-01 -1.504957e-01 -1.565075e-01 -1.584078e-01 -1.580911e-01 -9.999000e+03 -9.999000e+03 -9.999000e+03 -1.632096e+01 -9.999000e+03 -1.965862e-01 -1.553864e-01 -1.559687e-01 -1.574173e-01 -1.459995e-01 -1.486791e-01 -1.504019e-01 -1.493086e-01 -1.495380e-01 -1.500846e-01 -1.501257e-01 -1.501627e-01 -1.501077e-01 -1.499709e-01 -1.498075e-01 -1.496077e-01 -1.494875e-01 -1.494617e-01 -1.494307e-01 -1.465361e-01
-1.463240e-01 -1.456167e-01 -1.449626e-01 -1.445304e-01 -1.442745e-01 -1.440945e-01 -1.456935e-01 -1.455551e-01 -1.457145e-01 -1.460887e-01 -1.500079e-01 -1.498039e-01 -1.496380e-01 -1.495824e-01 -1.464825e-01 -1.492770e-01 -1.125700e-01 -1.457570e-01 -1.495530e-01 -1.496196e-01 -1.495750e-01 -1.482920e-01 -1.499310e-01 -1.569870e-01 -1.573896e-01 -1.573200e-01 -1.581781e-01 -9.999000e+03 -9.999000e+03 -9.999000e+03 -1.760632e+01 -1.522536e-01 -1.637469e-01 -1.586949e-01 -1.472176e-01 -1.505077e-01 -1.497577e-01 -1.484893e-01 -1.487136e-01 -1.501477e-01 -1.501604e-01 -1.502043e-01 -1.501814e-01 -1.500524e-01 -1.498690e-01 -1.496463e-01 -1.495061e-01 -1.494548e-01 -1.494191e-01 -1.479212e-01
