tests/data/reference/test_implicit_stream_rill_mfda/control/massbalance.asc
ncols	123
nrows	77
xllcorner	-713746.79929998
yllcorner	-1061022.36961616
cellsize	10.0
NODATA_value	-9999
[rows 22 to 43 of 77, columns 0 to 49 of 123]
-9.999000e+03 -9.999000e+03 -9.999000e+03 -9.999000e+03 -9.999000e+03 -9.999000e+03 -9.999000e+03 -9.999000e+03 -9.999000e+03 -9.999000e+03 -9.999000e+03 -9.999000e+03 -9.999000e+03 -9.999000e+03 -9.999000e+03 -1.647853e-01 -1.585365e-01 -1.517180e-01 -1.481326e-01 -1.723942e-01 -1.724342e-01 -1.805942e-01 -1.748331e-01 -8.604730e-04 -2.597461e-01 -1.445982e-01 -1.163115e-01 -1.370627e-01 -1.634890e-01 -1.519195e-01 -1.664057e-01 -1.698419e-01 -1.558032e-01 -1.482420e-01 -1.573822e-01 -1.516106e-01 -1.427823e-01 -1.665423e-01 -1.540428e-01 -1.535015e-01 -1.537685e-01 -1.548348e-01 -1.547504e-01 -1.548828e-01 -1.549861e-01 -1.560263e-01 -1.554451e-01 -1.547190e-01 -1.596382e-01 -1.742007e-01
-9.999000e+03 -9.999000e+03 -9.999000e+03 -9.999000e+03 -9.999000e+03 -9.999000e+03 -9.999000e+03 -9.999000e+03 -9.999000e+03 -9.999000e+03 -9.999000e+03 -9.999000e+03 -9.999000e+03 -9.999000e+03 -1.708116e-01 -1.562464e-01 -1.527990e-01 -1.677217e-01 -1.720319e-01 -1.655075e-01 -1.798236e-01 -1.756670e-01 -1.761207e-01 -9.769319e-02 -1.634945e-01 -1.568698e-01 -1.385455e-01 -1.529811e-01 -1.592252e-01 -1.519718e-01 -1.663863e-01 -1.698341e-01 -1.704130e-01 -1.546308e-01 -1.371398e-01 -1.516146e-01 -1.492777e-01 -1.663791e-01 -1.529654e-01 -1.526023e-01 -1.528016e-01 -1.533093e-01 -1.541958e-01 -1.542497e-01 -1.542371e-01 -1.546283e-01 -1.547891e-01 -1.544553e-01 -1.574135e-01 -1.683556e-01
-9.999000e+03 -9.999000e+03 -9.999000e+03 -9.999000e+03 -9.999000e+03 -9.999000e+03 -9.999000e+03 -9.999000e+03 -9.999000e+03 -9.999000e+03 -9.999000e+03 -9.999000e+03 -9.999000e+03 -9.999000e+03 -1.596337e-01 -1.326548e-01 -1.508266e-01 -1.695386e-01 -1.717437e-01 -1.730047e-01 -1.754737e-01 -1.353508e-01 -1.733468e-01 -1.686590e-01 -1.694847e-01 -1.302035e-01 -1.549064e-01 -1.570063e-01 -1.634262e-01 -1.733834e-01 -1.512329e-01 -1.698159e-01 -1.704009e-01 -1.663271e-01 -1.238447e-01 -1.516878e-01 -1.532037e-01 -1.663611e-01 -1.507592e-01 -1.528570e-01 -1.522000e-01 -1.523127e-01 -1.531954e-01 -1.530200e-01 -1.531212e-01 -1.536192e-01 -1.535397e-01 -1.539579e-01 -1.555493e-01 -1.639756e-01
-9.999000e+03 -9.999000e+03 -9.999000e+03 -9.999000e+03 -9.999000e+03 -9.999000e+03 -9.999000e+03 -9.999000e+03 -9.999000e+03 -9.999000e+03 -9.999000e+03 -9.999000e+03 -9.999000e+03 -9.999000e+03 -1.400808e-01 -1.653224e-01 -1.724280e-01 -1.723348e-01 -1.719405e-01 -1.815964e-01 -1.765482e-01 -1.035356e-01 -1.099845e-01 -1.749720e-01 -1.704591e-01 -1.469112e-01 -1.233811e-01 -1.586376e-01 -1.602606e-01 -1.732694e-01 -1.774015e-01 -1.599055e-01 -1.779595e-01 -1.666394e-01 -1.608950e-01 -1.126078e-01 -1.665499e-01 -1.555590e-01 -1.700031e-01 -1.467534e-01 -1.523006e-01 -1.514023e-01 -1.523733e-01 -1.522500e-01 -1.524932e-01 -1.526438e-01 -1.527861e-01 -1.534634e-01 -1.541466e-01 -1.597503e-01
-9.999000e+03 -9.999000e+03 -9.999000e+03 -9.999000e+03 -9.999000e+03 -9.999000e+03 -9.999000e+03 -9.999000e+03 -9.999000e+03 -9.999000e+03 -9.999000e+03 -9.999000e+03 -1.734584e-01 -1.720401e-01 -1.495993e-01 -1.691543e-01 -1.723698e-01 -1.674679e-01 -1.798523e-01 -1.747727e-01 -1.273949e-02 -1.024723e-01 -1.881488e-01 -2.037585e-01 -1.713181e-01 -1.695249e-01 -1.126011e-01 -1.593117e-01 -1.589773e-01 -1.760721e-01 -1.733859e-01 -1.744193e-01 -1.574772e-01 -1.703760e-01 -1.671548e-01 -1.566296e-01 -9.340902e-02 -1.698808e-01 -1.545571e-01 -1.715861e-01 -2.947371e-01 -1.520982e-01 -1.519154e-01 -1.519274e-01 -1.521905e-01 -1.522173e-01 -1.526506e-01 -1.532346e-01 -1.536864e-01 -1.567993e-01
-9.999000e+03 -9.999000e+03 -9.999000e+03 -9.999000e+03 -9.999000e+03 -9.999000e+03 -9.999000e+03 -9.999000e+03 -9.999000e+03 -9.999000e+03 -9.999000e+03 -9.999000e+03 -9.999000e+03 -1.750928e-01 -1.677924e-01 -1.677483e-01 -1.689254e-01 -1.784827e-01 -1.691947e-01 -2.099213e-02 -1.576446e-01 -1.568568e-01 -1.716472e-01 -1.428825e-01 -1.219186e-01 -9.850045e-02 -9.856715e-02 -1.039911e-01 -1.582912e-01 -1.577545e-01 -1.739490e-01 -1.758185e-01 -1.686122e-01 -1.555638e-01 -1.631532e-01 -1.607736e-01 -1.612143e-01 -9.757888e-02 -1.711620e-01 -1.515511e-01 -3.610187e-01 -1.519888e-01 -1.517107e-01 -1.516934e-01 -1.522204e-01 -1.516734e-01 -1.525337e-01 -1.533223e-01 -1.533927e-01 -1.557755e-01
-9.999000e+03 -9.999000e+03 -9.999000e+03 -9.999000e+03 -9.999000e+03 -9.999000e+03 -9.999000e+03 -9.999000e+03 -9.999000e+03 -9.999000e+03 -9.999000e+03 -9.999000e+03 -9.999000e+03 -9.999000e+03 -9.999000e+03 -1.709246e-01 -1.752786e-01 -1.649958e-01 -1.319788e-01 -1.398594e-01 -1.928718e-01 -1.489280e-01 -1.390282e-01 -1.446808e-01 -1.519074e-01 -1.586658e-01 -1.592576e-01 -1.071869e-01 -8.773358e-02 -1.553341e-01 -1.560968e-01 -1.671162e-01 -1.730850e-01 -1.619225e-01 -1.540753e-01 -1.596451e-01 -1.589354e-01 -1.591188e-01 -1.035381e-01 -1.739198e-01 -4.346551e-01 -1.517810e-01 -1.515211e-01 -1.517080e-01 -1.520009e-01 -1.528048e-01 -1.534261e-01 -1.536513e-01 -1.534321e-01 -1.547407e-01
-9.999000e+03 -9.999000e+03 -9.999000e+03 -9.999000e+03 -9.999000e+03 -9.999000e+03 -9.999000e+03 -9.999000e+03 -9.999000e+03 -9.999000e+03 -9.999000e+03 -9.999000e+03 -9.999000e+03 -9.999000e+03 -9.999000e+03 -9.999000e+03 -1.783717e-01 -1.644575e-01 -1.257369e-01 -1.784080e-01 -1.555896e-01 -1.501152e-01 -1.521554e-01 -1.552691e-01 -1.566130e-01 -1.570755e-01 -1.570491e-01 -1.557003e-01 -1.545516e-01 -1.148299e-01 -1.287170e-01 -1.536852e-01 -1.601354e-01 -1.653368e-01 -1.574860e-01 -1.542100e-01 -1.540936e-01 -1.472140e-01 -1.579803e-01 -1.308856e-01 -1.672285e-01 -6.121444e-02 -1.516803e-01 -1.520133e-01 -1.523077e-01 -1.532267e-01 -1.538211e-01 -1.539390e-01 -1.533903e-01 -1.542718e-01
-9.999000e+03 -9.999000e+03 -9.999000e+03 -9.999000e+03 -9.999000e+03 -9.999000e+03 -9.999000e+03 -9.999000e+03 -9.999000e+03 -9.999000e+03 -9.999000e+03 -9.999000e+03 -9.999000e+03 -9.999000e+03 -9.999000e+03 -9.999000e+03 -1.670742e-01 -3.750043e-02 -1.621285e-01 -1.608165e-01 -1.605699e-01 -1.415934e-01 -1.959935e-01 -2.224874e-01 -2.430725e-01 -2.525992e-01 -2.559321e-01 -2.541258e-01 -2.434667e-01 -2.285278e-01 -2.178080e-01 -2.174323e-01 -2.927346e-01 -2.856409e-01 -2.895215e-01 -2.694556e-01 -2.630786e-01 -2.295798e-01 -2.528605e-01 -2.569685e-01 -1.831987e-01 -2.331329e-01 1.022462e-01 -1.608639e-01 -1.612435e-01 -1.535305e-01 -1.539396e-01 -1.539283e-01 -1.533340e-01 -1.537212e-01
-9.999000e+03 -9.999000e+03 -9.999000e+03 -9.999000e+03 -9.999000e+03 -9.999000e+03 -9.999000e+03 -9.999000e+03 -9.999000e+03 -9.999000e+03 -9.999000e+03 -9.999000e+03 -9.999000e+03 -9.999000e+03 -9.999000e+03 -1.671266e-01 -3.405440e-02 -1.596369e-01 -1.145286e-01 -1.002565e-01 -1.122241e-01 -1.565730e-01 -1.515643e-01 -1.451700e-01 -1.346066e-01 -1.336938e-01 -1.307427e-01 -1.253541e-01 -1.247676e-01 -1.375597e-01 -1.584180e-01 -1.813258e-01 -2.018278e-01 -2.473631e-01 -2.464989e-01 -2.379112e-01 -1.673865e-01 -1.645318e-01 -1.765377e-01 -1.330922e-01 -1.569404e-01 -1.769321e-01 -1.610933e-01 -4.271383e-02 -1.185180e-01 -1.586033e-01 -1.639581e-01 -1.530507e-01 -1.530929e-01 -1.527301e-01
-9.999000e+03 -9.999000e+03 -9.999000e+03 -9.999000e+03 -9.999000e+03 -9.999000e+03 -9.999000e+03 -9.999000e+03 -9.999000e+03 -9.999000e+03 -9.999000e+03 -9.999000e+03 -9.999000e+03 -9.999000e+03 -1.636794e-01 -1.310395e-01 -9.860472e-02 -1.583873e-01 -1.522889e-01 -1.515156e-01 -1.579803e-01 -1.582455e-01 -1.589070e-01 -1.579105e-01 -1.563595e-01 -1.602131e-01 -1.605976e-01 -1.539956e-01 -1.540671e-01 -1.611995e-01 -1.588854e-01 -1.298997e-01 -1.126267e-01 -9.942720e-02 -9.902203e-02 -8.830000e-02 -1.750869e-01 -1.708810e-01 -1.606192e-01 -1.615559e-01 -1.637692e-01 -1.644585e-01 -1.612931e-01 -1.560196e-01 -1.398010e-01 -1.533351e-01 -1.134225e-01 -1.661125e-01 -1.590092e-01 -1.612102e-01
-9.999000e+03 -9.999000e+03 -9.999000e+03 -9.999000e+03 -9.999000e+03 -9.999000e+03 -9.999000e+03 -9.999000e+03 -9.999000e+03 -9.999000e+03 -9.999000e+03 -9.999000e+03 -9.999000e+03 -9.999000e+03 -1.661493e-01 -9.344363e-03 -1.518004e-01 -1.537521e-01 -1.539864e-01 -1.541976e-01 -1.524940e-01 -1.519046e-01 -1.588443e-01 -1.528354e-01 -1.530730e-01 -1.528784e-01 -1.537983e-01 -1.536252e-01 -1.540395e-01 -1.498271e-01 -1.391275e-01 -1.550414e-01 -1.531746e-01 -1.526446e-01 -1.267665e-01 -1.708182e-01 -1.685796e-01 -1.545720e-01 -1.559554e-01 -1.579076e-01 -1.587787e-01 -1.635908e-01 -1.678859e-01 -1.683021e-01 -1.666704e-01 -1.666609e-01 -1.645267e-01 -1.521804e-01 -1.941545e-01 -9.731779e-02
-9.999000e+03 -9.999000e+03 -9.999000e+03 -9.999000e+03 -9.999000e+03 -9.999000e+03 -9.999000e+03 -9.999000e+03 -9.999000e+03 -9.999000e+03 -9.999000e+03 -9.999000e+03 -9.999000e+03 -1.294315e-01 5.079800e-02 -1.501784e-01 -1.545003e-01 -1.601077e-01 -1.568958e-01 -1.545123e-01 -1.529030e-01 -1.523916e-01 -1.524508e-01 -1.523566e-01 -1.516262e-01 -1.533339e-01 -1.538293e-01 -1.542992e-01 -1.547482e-01 -1.555444e-01 -1.573931e-01 -1.555099e-01 -1.547949e-01 -1.471219e-01 -1.665119e-01 -1.697422e-01 -1.558730e-01 -1.578060e-01 -1.609365e-01 -1.616543e-01 -1.568643e-01 -1.631431e-01 -1.634615e-01 -1.712769e-01 -1.712837e-01 -1.755792e-01 -1.742624e-01 -1.745582e-01 -1.747929e-01 -1.771228e-01
-9.999000e+03 -9.999000e+03 -9.999000e+03 -9.999000e+03 -9.999000e+03 -9.999000e+03 -9.999000e+03 -9.999000e+03 -9.999000e+03 -9.999000e+03 -9.999000e+03 -9.999000e+03 -1.629744e-01 -1.396677e-01 -1.459029e-01 -1.545712e-01 -1.536192e-01 -1.601806e-01 -1.574795e-01 -1.552906e-01 -1.537435e-01 -1.530290e-01 -1.529497e-01 -1.505466e-01 -1.528993e-01 -1.532781e-01 -1.538403e-01 -1.541166e-01 -1.555235e-01 -1.595545e-01 -1.558365e-01 -1.552193e-01 -1.465337e-01 -1.717990e-01 -1.663941e-01 -1.570916e-01 -1.602168e-01 -1.651319e-01 -1.650076e-01 -1.568260e-01 -1.658132e-01 -1.663693e-01 -1.668073e-01 -1.673990e-01 -1.736780e-01 -1.786941e-01 -1.790984e-01 -1.807196e-01 -1.785979e-01 -1.785677e-01
-9.999000e+03 -9.999000e+03 -9.999000e+03 -9.999000e+03 -9.999000e+03 -9.999000e+03 -9.999000e+03 -9.999000e+03 -9.999000e+03 -9.999000e+03 -9.999000e+03 -9.999000e+03 -1.353535e-01 -1.460968e-01 -1.531764e-01 -1.449172e-01 -1.658420e-01 -1.605854e-01 -1.566843e-01 -1.551145e-01 -1.544658e-01 -1.549904e-01 -1.507967e-01 -1.531452e-01 -1.531906e-01 -1.534147e-01 -1.537483e-01 -1.557975e-01 -1.627256e-01 -1.565572e-01 -1.543678e-01 -1.514392e-01 -1.663263e-01 -1.694568e-01 -1.583043e-01 -1.636634e-01 -1.699243e-01 -1.714588e-01 -1.564930e-01 -1.684364e-01 -1.687215e-01 -1.686755e-01 -1.702484e-01 -1.698871e-01 -1.698270e-01 -1.697466e-01 -1.696251e-01 -1.771445e-01 -1.775597e-01 -1.611526e-01
-9.999000e+03 -9.999000e+03 -9.999000e+03 -9.999000e+03 -9.999000e+03 -9.999000e+03 -9.999000e+03 -9.999000e+03 -9.999000e+03 -9.999000e+03 -9.999000e+03 -1.590394e-01 -5.496929e-02 -1.496726e-01 -1.326915e-01 -1.678995e-01 -1.651989e-01 -1.579764e-01 -1.563124e-01 -1.556537e-01 -1.577306e-01 -1.513709e-01 -1.538862e-01 -1.529948e-01 -1.535039e-01 -1.534208e-01 -1.575139e-01 -1.671849e-01 -1.576969e-01 -1.545919e-01 -1.574853e-01 -1.576018e-01 -1.670802e-01 -1.589093e-01 -1.678639e-01 -1.707765e-01 -1.705036e-01 -1.574732e-01 -1.695603e-01 -1.689070e-01 -1.689867e-01 -1.692338e-01 -1.663401e-01 -1.663500e-01 -1.663383e-01 -1.663044e-01 -1.662763e-01 -1.662540e-01 -1.547231e-01 -1.780422e-01
-9.999000e+03 -9.999000e+03 -9.999000e+03 -9.999000e+03 -9.999000e+03 -9.999000e+03 -9.999000e+03 -9.999000e+03 -9.999000e+03 -9.999000e+03 -1.577213e-01 -1.383399e-01 -1.440471e-01 -1.300181e-01 -1.671690e-01 -1.671209e-01 -1.589105e-01 -1.563609e-01 -1.557179e-01 -1.608222e-01 -1.509132e-01 -1.546942e-01 -1.542475e-01 -1.539250e-01 -1.534596e-01 -1.607715e-01 -1.710462e-01 -1.612458e-01 -1.547899e-01 -1.607372e-01 -1.603359e-01 -1.603709e-01 -1.606929e-01 -1.697175e-01 -1.669909e-01 -1.669554e-01 -1.616945e-01 -1.670760e-01 -1.670505e-01 -1.669778e-01 -1.670728e-01 -1.664855e-01 -1.697895e-01 -1.710585e-01 -1.664957e-01 -1.621830e-01 -1.583845e-01 -1.563325e-01 -1.663339e-01 -1.663864e-01
-9.999000e+03 -9.999000e+03 -9.999000e+03 -9.999000e+03 -9.999000e+03 -9.999000e+03 -9.999000e+03 -9.999000e+03 -9.999000e+03 -9.999000e+03 -1.558985e-01 -1.451599e-01 -1.185324e-01 -1.663463e-01 -1.668449e-01 -1.615234e-01 -1.558237e-01 -1.546087e-01 -1.650696e-01 -1.483629e-01 -1.552655e-01 -1.550415e-01 -1.544862e-01 -1.538080e-01 -1.662006e-01 -1.674851e-01 -1.661620e-01 -1.568005e-01 -1.660744e-01 -1.658808e-01 -1.646838e-01 -1.645756e-01 -1.674971e-01 -1.669615e-01 -1.697441e-01 -1.674376e-01 -1.674914e-01 -1.689436e-01 -1.662326e-01 -1.607119e-01 -1.670242e-01 -1.664513e-01 -1.697729e-01 -1.708560e-01 -1.665571e-01 -1.615390e-01 -1.576129e-01 -1.558523e-01 -1.543532e-01 -1.533243e-01
-9.999000e+03 -9.999000e+03 -9.999000e+03 -9.999000e+03 -9.999000e+03 -9.999000e+03 -9.999000e+03 -9.999000e+03 -9.999000e+03 -1.560801e-01 3.544502e-02 -1.140638e-01 -1.598036e-01 -1.667388e-01 -1.653914e-01 -1.567353e-01 -1.532722e-01 -1.678271e-01 -1.432980e-01 -1.548823e-01 -1.552178e-01 -1.546981e-01 -1.542935e-01 -1.676378e-01 -1.674929e-01 -1.686006e-01 -1.602482e-01 -1.688959e-01 -1.686811e-01 -1.691724e-01 -1.695092e-01 -1.672963e-01 -1.685538e-01 -1.659365e-01 -1.622759e-01 -1.584253e-01 -1.553378e-01 -1.528507e-01 -1.670793e-01 -1.669957e-01 -1.580029e-01 -1.692722e-01 -1.699108e-01 -1.666558e-01 -1.613278e-01 -1.572578e-01 -1.546841e-01 -1.534878e-01 -1.534984e-01 -1.532977e-01
-9.999000e+03 -9.999000e+03 -9.999000e+03 -9.999000e+03 -9.999000e+03 -9.999000e+03 -9.999000e+03 -9.999000e+03 -9.999000e+03 -1.586374e-01 -1.279368e-01 -1.525373e-01 -1.655346e-01 -1.666206e-01 -1.604475e-01 -1.524580e-01 -1.670254e-01 -1.403552e-01 -1.530853e-01 -1.539095e-01 -1.538359e-01 -1.545081e-01 -1.674904e-01 -1.674905e-01 -1.692075e-01 -1.665817e-01 -1.674393e-01 -1.673961e-01 -1.672661e-01 -1.671083e-01 -1.671777e-01 -1.678136e-01 -1.651996e-01 -1.617702e-01 -1.589028e-01 -1.571218e-01 -1.547998e-01 -1.669496e-01 -1.522849e-01 -1.688656e-01 -1.692839e-01 -1.579229e-01 -1.578302e-01 -1.563018e-01 -1.538724e-01 -1.526190e-01 -1.520682e-01 -1.521958e-01 -1.532054e-01 -1.535239e-01
-9.999000e+03 -9.999000e+03 -9.999000e+03 -9.999000e+03 -9.999000e+03 -9.999000e+03 -9.999000e+03 -9.999000e+03 -1.367431e-01 -4.769865e-02 -1.398411e-01 -1.566270e-01 -1.665017e-01 -1.652732e-01 -1.531438e-01 -1.521032e-01 -1.462608e-01 -1.518711e-01 -1.521678e-01 -1.516336e-01 -1.540452e-01 -1.686654e-01 -1.659351e-01 -1.606144e-01 -1.571243e-01 -1.203631e-01 -1.120396e-01 -1.026772e-01 -1.134197e-01 -1.363290e-01 -1.528579e-01 -1.573673e-01 -1.571803e-01 -1.561434e-01 -1.608175e-01 -1.455298e-01 -1.432205e-01 -1.470749e-01 -1.449368e-01 -1.348705e-01 -1.405424e-01 -1.404535e-01 -1.245574e-01 -1.151567e-01 -1.218338e-01 -1.335784e-01 -1.461674e-01 -1.523420e-01 -1.554155e-01 -3.649812e-01
-9.999000e+03 -9.999000e+03 -9.999000e+03 -9.999000e+03 -9.999000e+03 -9.999000e+03 -9.999000e+03 -1.574786e-01 -1.405037e-01 -1.349380e-01 -1.667317e-01 -1.615442e-01 -1.666368e-01 -1.562972e-01 -1.532894e-01 -1.517527e-01 -1.515335e-01 -1.511211e-01 -1.494794e-01 -1.529757e-01 -1.673574e-01 -1.674331e-01 -1.685296e-01 -1.316745e-01 -1.261918e-01 -1.568391e-01 -1.666154e-01 -1.602414e-01 -1.558332e-01 -1.526798e-01 -1.511650e-01 -1.523986e-01 -1.540213e-01 -1.549141e-01 -1.549474e-01 -1.544649e-01 -1.531558e-01 -1.527290e-01 -1.522613e-01 -1.524844e-01 -1.531826e-01 -1.532923e-01 -1.530818e-01 -1.524541e-01 -1.521207e-01 -1.522619e-01 -1.525920e-01 -1.524656e-01 2.666655e-01 -1.490415e-01
