tests/data/reference/test_implicit_stream_rill_mfda/control/massbalance.asc
ncols	123
nrows	77
xllcorner	-713746.79929998
yllcorner	-1061022.36961616
cellsize	10.0
NODATA_value	-9999
[rows 44 to 65 of 77, columns 0 to 49 of 123]
-9.999000e+03 -9.999000e+03 -9.999000e+03 -9.999000e+03 -9.999000e+03 -9.999000e+03 -9.999000e+03 -1.324032e-01 -1.489904e-01 -1.400173e-01 -1.494936e-01 -1.485739e-01 -1.482571e-01 -1.475533e-01 -1.463512e-01 -1.460765e-01 -1.459050e-01 -1.455694e-01 -1.460501e-01 -1.461898e-01 -1.447828e-01 -1.446414e-01 -1.437606e-01 -1.484250e-01 -1.484663e-01 -1.486372e-01 -1.499301e-01 -1.485874e-01 -1.488581e-01 -1.483801e-01 -1.476050e-01 -1.469593e-01 -1.465810e-01 -1.465031e-01 -1.464978e-01 -1.464319e-01 -1.309284e-01 -1.314989e-01 -1.320617e-01 -1.325939e-01 -1.328887e-01 -1.331326e-01 -1.345106e-01 -1.355729e-01 -1.291841e-01 -1.269380e-01 -1.412835e-01 -1.297342e-01 -1.456543e-01 -1.455829e-01
-9.999000e+03 -9.999000e+03 -9.999000e+03 -9.999000e+03 -9.999000e+03 -9.999000e+03 -9.999000e+03 -1.633601e-01 -1.397889e-01 -1.473997e-01 -1.493917e-01 -1.485455e-01 -1.483723e-01 -1.470007e-01 -1.465769e-01 -1.462610e-01 -1.455444e-01 -1.464608e-01 -1.462184e-01 -1.462567e-01 -1.463401e-01 -1.464360e-01 -1.488054e-01 -1.488183e-01 -1.498817e-01 -1.499527e-01 -1.486027e-01 -1.488906e-01 -1.485172e-01 -1.477331e-01 -1.469816e-01 -1.464970e-01 -1.462557e-01 -1.293155e-01 -1.295726e-01 -1.301203e-01 -1.458819e-01 -1.459882e-01 -1.460860e-01 -1.462024e-01 -1.462682e-01 -1.462838e-01 -1.463105e-01 -1.445045e-01 -1.451309e-01 -1.450179e-01 -1.461542e-01 -1.460221e-01 -1.458493e-01 -1.456814e-01
-9.999000e+03 -9.999000e+03 -9.999000e+03 -9.999000e+03 -9.999000e+03 -9.999000e+03 -1.327111e-01 -1.408519e-01 -1.481749e-01 -1.482491e-01 -1.494083e-01 -1.485275e-01 -1.477628e-01 -1.471772e-01 -1.466402e-01 -1.450353e-01 -1.471144e-01 -1.465577e-01 -1.462798e-01 -1.462703e-01 -1.463512e-01 -1.486762e-01 -1.486290e-01 -1.485789e-01 -1.488760e-01 -1.484956e-01 -1.477839e-01 -1.471140e-01 -1.466174e-01 -1.462420e-01 -1.460142e-01 -1.297121e-01 -1.291919e-01 -1.455572e-01 -1.456332e-01 -1.457541e-01 -1.458950e-01 -1.460210e-01 -1.461241e-01 -1.462470e-01 -1.463183e-01 -1.463369e-01 -1.463450e-01 -1.463625e-01 -1.463316e-01 -1.462771e-01 -1.462581e-01 -1.462096e-01 -1.460731e-01 -1.458594e-01
-9.999000e+03 -9.999000e+03 -9.999000e+03 -9.999000e+03 -9.999000e+03 -9.999000e+03 -5.711654e-02 -1.447963e-01 -1.485124e-01 -1.485593e-01 -1.495293e-01 -1.483685e-01 -1.477877e-01 -1.469205e-01 -1.441447e-01 -1.478967e-01 -1.471303e-01 -1.465494e-01 -1.462680e-01 -1.462504e-01 -1.498160e-01 -1.498818e-01 -1.499154e-01 -1.499126e-01 -1.486149e-01 -1.489200e-01 -1.485433e-01 -1.365364e-01 -1.347387e-01 -1.330632e-01 -1.313423e-01 -1.457685e-01 -1.457233e-01 -1.457094e-01 -1.457458e-01 -1.458146e-01 -1.459143e-01 -1.460188e-01 -1.461004e-01 -1.461984e-01 -1.463032e-01 -1.463523e-01 -1.463784e-01 -1.463753e-01 -1.463294e-01 -1.462748e-01 -1.462635e-01 -1.462677e-01 -1.462177e-01 -1.460576e-01
-9.999000e+03 -9.999000e+03 -9.999000e+03 -9.999000e+03 -9.999000e+03 -1.321348e-01 -1.451031e-01 -1.463136e-01 -1.494657e-01 -1.494921e-01 -1.486219e-01 -1.483047e-01 -1.470829e-01 -1.432765e-01 -1.485154e-01 -1.479059e-01 -1.472214e-01 -1.466907e-01 -1.463974e-01 -1.463461e-01 -1.449261e-01 -1.447294e-01 -1.438986e-01 -1.408836e-01 -1.402506e-01 -1.393898e-01 -1.381413e-01 -1.467894e-01 -1.466204e-01 -1.464907e-01 -1.463537e-01 -1.461858e-01 -1.460818e-01 -1.460571e-01 -1.460610e-01 -1.460822e-01 -1.461355e-01 -1.462076e-01 -1.461943e-01 -1.462415e-01 -1.462907e-01 -1.463682e-01 -1.464199e-01 -1.464053e-01 -1.463421e-01 -1.462796e-01 -1.462429e-01 -1.462301e-01 -1.462468e-01 -1.461687e-01
-9.999000e+03 -9.999000e+03 -9.999000e+03 -9.999000e+03 -1.277326e-01 -1.532801e-01 -1.481989e-01 -1.472359e-01 -1.493839e-01 -1.493259e-01 -1.485190e-01 -1.471373e-01 -1.437378e-01 -1.486579e-01 -1.484410e-01 -1.478844e-01 -1.473441e-01 -1.468686e-01 -1.465853e-01 -1.465803e-01 -1.466727e-01 -1.468214e-01 -1.432221e-01 -1.486271e-01 -1.481165e-01 -1.476945e-01 -1.474768e-01 -1.473292e-01 -1.471051e-01 -1.470017e-01 -1.468655e-01 -1.466117e-01 -1.464527e-01 -1.463771e-01 -1.463540e-01 -1.463590e-01 -1.463953e-01 -1.463588e-01 -1.463973e-01 -1.463358e-01 -1.463337e-01 -1.463969e-01 -1.464638e-01 -1.464429e-01 -1.463789e-01 -1.463158e-01 -1.462207e-01 -1.461937e-01 -1.462152e-01 -1.462388e-01
-9.999000e+03 -9.999000e+03 -9.999000e+03 -9.999000e+03 -1.316106e-01 -1.471046e-01 -1.485710e-01 -1.480552e-01 -1.484029e-01 -1.492180e-01 -1.473161e-01 -1.444197e-01 -1.494532e-01 -1.486448e-01 -1.483729e-01 -1.478861e-01 -1.474328e-01 -1.469729e-01 -1.468427e-01 -1.469145e-01 -1.470198e-01 -1.434109e-01 -1.488509e-01 -1.485795e-01 -1.481308e-01 -1.478714e-01 -1.478443e-01 -1.476439e-01 -1.475380e-01 -1.474296e-01 -1.471876e-01 -1.469800e-01 -1.468025e-01 -1.466851e-01 -1.466448e-01 -1.466685e-01 -1.464992e-01 -1.466319e-01 -1.465787e-01 -1.465328e-01 -1.464580e-01 -1.464826e-01 -1.465532e-01 -1.465480e-01 -1.464956e-01 -1.463483e-01 -1.462612e-01 -1.461824e-01 -1.462674e-01 -1.491739e-01
-9.999000e+03 -9.999000e+03 -9.999000e+03 -1.322672e-01 -1.537444e-01 -1.475036e-01 -1.492850e-01 -1.483550e-01 -1.491421e-01 -1.477038e-01 -1.457030e-01 -1.469969e-01 -1.493648e-01 -1.486294e-01 -1.482981e-01 -1.478746e-01 -1.474549e-01 -1.472664e-01 -1.472643e-01 -1.473896e-01 -1.456838e-01 -1.487444e-01 -1.488064e-01 -1.484603e-01 -1.481631e-01 -1.481609e-01 -1.479718e-01 -1.479753e-01 -1.479162e-01 -1.476367e-01 -1.475026e-01 -1.473569e-01 -1.472039e-01 -1.470866e-01 -1.470512e-01 -1.466686e-01 -1.468739e-01 -1.467625e-01 -1.468179e-01 -1.467484e-01 -1.466206e-01 -1.465966e-01 -1.466687e-01 -1.466867e-01 -1.464884e-01 -1.464461e-01 -1.463316e-01 -1.464185e-01 -1.490477e-01 -1.490727e-01
-9.999000e+03 -9.999000e+03 -9.999000e+03 -1.318758e-01 -1.468053e-01 -1.483124e-01 -1.490763e-01 -1.489208e-01 -1.480713e-01 -1.481177e-01 -1.462341e-01 -1.471423e-01 -1.492367e-01 -1.485886e-01 -1.482222e-01 -1.478052e-01 -1.477879e-01 -1.477506e-01 -1.477790e-01 -1.468429e-01 -1.498322e-01 -1.488711e-01 -1.487395e-01 -1.484034e-01 -1.484660e-01 -1.481586e-01 -1.481815e-01 -1.482354e-01 -1.479445e-01 -1.478656e-01 -1.478297e-01 -1.477622e-01 -1.476764e-01 -1.475990e-01 -1.468418e-01 -1.471893e-01 -1.469193e-01 -1.470041e-01 -1.469907e-01 -1.469468e-01 -1.468467e-01 -1.468197e-01 -1.468760e-01 -1.465744e-01 -1.466400e-01 -1.465560e-01 -1.467778e-01 -1.484887e-01 -1.484312e-01 -1.484148e-01
-9.999000e+03 -9.999000e+03 -1.307413e-01 -1.629357e-01 -1.481868e-01 -1.481987e-01 -1.487386e-01 -1.486000e-01 -1.487123e-01 -1.485295e-01 -1.462371e-01 -1.473158e-01 -1.490250e-01 -1.484870e-01 -1.481183e-01 -1.482286e-01 -1.483121e-01 -1.483193e-01 -1.478897e-01 -1.478438e-01 -1.495976e-01 -1.488374e-01 -1.485333e-01 -1.486631e-01 -1.483656e-01 -1.483815e-01 -1.484200e-01 -1.480920e-01 -1.481096e-01 -1.481456e-01 -1.481745e-01 -1.481801e-01 -1.481805e-01 -1.470332e-01 -1.475903e-01 -1.471165e-01 -1.473348e-01 -1.472835e-01 -1.472389e-01 -1.472243e-01 -1.472222e-01 -1.472478e-01 -1.466991e-01 -1.469091e-01 -1.468343e-01 -1.472240e-01 -1.504663e-01 -1.505181e-01 -1.505261e-01 -1.504941e-01
-9.999000e+03 -9.999000e+03 -1.368297e-01 -1.480322e-01 -1.490612e-01 -1.487639e-01 -1.484479e-01 -1.487481e-01 -1.476346e-01 -1.450140e-01 -1.485917e-01 -1.477406e-01 -1.488088e-01 -1.483409e-01 -1.484954e-01 -1.485272e-01 -1.485899e-01 -1.486165e-01 -1.485069e-01 -1.478820e-01 -1.493010e-01 -1.486821e-01 -1.488096e-01 -1.484660e-01 -1.485975e-01 -1.487334e-01 -1.483073e-01 -1.483690e-01 -1.484568e-01 -1.485292e-01 -1.485786e-01 -1.486094e-01 -1.470994e-01 -1.480548e-01 -1.472310e-01 -1.476941e-01 -1.477154e-01 -1.476889e-01 -1.476712e-01 -1.476769e-01 -1.477212e-01 -1.468556e-01 -1.473627e-01 -1.473129e-01 -1.478683e-01 -1.478793e-01 -1.472500e-01 -1.467599e-01 -1.465745e-01 -1.454418e-01
-9.999000e+03 -1.311875e-01 -4.676508e-02 -1.476203e-01 -1.489750e-01 -1.481440e-01 -1.488261e-01 -1.488202e-01 -9.999000e+03 -9.999000e+03 -9.999000e+03 -1.485705e-01 -1.486984e-01 -1.490588e-01 -1.491916e-01 -1.491989e-01 -1.492578e-01 -1.493565e-01 -1.492539e-01 -1.488442e-01 -1.487296e-01 -1.491138e-01 -1.485437e-01 -1.486694e-01 -1.487727e-01 -1.484921e-01 -1.486551e-01 -1.487456e-01 -1.488040e-01 -1.488514e-01 -1.488597e-01 -1.470495e-01 -1.484481e-01 -1.472451e-01 -1.480046e-01 -1.480898e-01 -1.481473e-01 -1.481842e-01 -1.482416e-01 -1.482597e-01 -1.468743e-01 -1.477973e-01 -1.478864e-01 -1.485521e-01 -1.485656e-01 -1.468427e-01 -1.457444e-01 -1.469947e-01 -1.464955e-01 -1.480676e-01
-9.999000e+03 -1.278247e-01 -1.466989e-01 -1.489670e-01 -1.486782e-01 -1.487171e-01 -9.999000e+03 -9.999000e+03 -9.999000e+03 -9.999000e+03 -9.999000e+03 -9.999000e+03 -1.487956e-01 -1.489945e-01 -1.482072e-01 -1.476348e-01 -1.491985e-01 -1.484210e-01 -1.478146e-01 -1.460719e-01 -1.485418e-01 -1.485838e-01 -1.489049e-01 -1.491933e-01 -1.485484e-01 -1.486949e-01 -1.487936e-01 -1.488303e-01 -1.488002e-01 -1.487737e-01 -1.471841e-01 -1.487262e-01 -1.471479e-01 -1.483237e-01 -1.484116e-01 -1.485409e-01 -1.486326e-01 -1.486794e-01 -1.487511e-01 -1.469636e-01 -1.482297e-01 -1.483605e-01 -1.490174e-01 -1.490378e-01 -1.472603e-01 -1.485445e-01 -1.485390e-01 -1.464633e-01 -1.486082e-01 -1.486327e-01
-1.323084e-01 -8.015986e-02 -1.481121e-01 -1.486991e-01 -1.480491e-01 -1.489922e-01 -9.999000e+03 -9.999000e+03 -9.999000e+03 -9.999000e+03 -9.999000e+03 -9.999000e+03 -9.999000e+03 -9.999000e+03 -9.999000e+03 -1.492299e-01 -1.472051e-01 -1.493166e-01 -1.492316e-01 -1.490950e-01 -1.456670e-01 -9.999000e+03 -9.999000e+03 -1.489041e-01 -1.491999e-01 -1.493540e-01 -1.495107e-01 -1.496612e-01 -1.497369e-01 -1.473902e-01 -1.487816e-01 -1.472313e-01 -1.486019e-01 -1.486982e-01 -1.487864e-01 -1.488942e-01 -1.489355e-01 -1.489229e-01 -1.469914e-01 -1.487170e-01 -1.487713e-01 -1.490274e-01 -1.490627e-01 -1.477706e-01 -1.490261e-01 -1.490449e-01 -1.465475e-01 -1.490315e-01 -1.490196e-01 -1.490187e-01
-1.315129e-01 -1.486299e-01 -1.485372e-01 -1.485316e-01 -1.490168e-01 -9.999000e+03 -9.999000e+03 -9.999000e+03 -9.999000e+03 -9.999000e+03 -9.999000e+03 -9.999000e+03 -9.999000e+03 -9.999000e+03 -9.999000e+03 -9.999000e+03 -9.999000e+03 -9.999000e+03 -9.999000e+03 -9.999000e+03 -9.999000e+03 -9.999000e+03 -9.999000e+03 -1.488210e-01 -1.491323e-01 -1.492340e-01 -1.484980e-01 -1.482573e-01 -1.476821e-01 -1.495248e-01 -1.476037e-01 -1.487408e-01 -1.487859e-01 -1.488164e-01 -1.487497e-01 -1.487122e-01 -1.487172e-01 -1.471440e-01 -1.489001e-01 -1.490026e-01 -1.485990e-01 -1.485191e-01 -1.483254e-01 -1.490448e-01 -1.490791e-01 -1.466213e-01 -1.491231e-01 -1.491221e-01 -1.490950e-01 -1.470625e-01
-9.999000e+03 -1.490752e-01 -1.489939e-01 -1.492289e-01 -9.999000e+03 -9.999000e+03 -9.999000e+03 -9.999000e+03 -9.999000e+03 -9.999000e+03 -9.999000e+03 -9.999000e+03 -9.999000e+03 -9.999000e+03 -9.999000e+03 -9.999000e+03 -9.999000e+03 -9.999000e+03 -9.999000e+03 -9.999000e+03 -9.999000e+03 -9.999000e+03 -9.999000e+03 -9.999000e+03 -9.999000e+03 -9.999000e+03 -1.493562e-01 -1.494712e-01 -1.485165e-01 -1.480996e-01 -1.492704e-01 -1.493783e-01 -1.495511e-01 -1.497623e-01 -1.498609e-01 -1.498852e-01 -1.476769e-01 -1.487541e-01 -1.487201e-01 -1.502297e-01 -1.503105e-01 -1.488473e-01 -1.485622e-01 -1.485299e-01 -1.466465e-01 -1.485310e-01 -1.485433e-01 -1.485698e-01 -1.477154e-01 -1.490452e-01
-9.999000e+03 -9.999000e+03 -9.999000e+03 -9.999000e+03 -9.999000e+03 -9.999000e+03 -9.999000e+03 -9.999000e+03 -9.999000e+03 -9.999000e+03 -9.999000e+03 -9.999000e+03 -9.999000e+03 -9.999000e+03 -9.999000e+03 -9.999000e+03 -9.999000e+03 -9.999000e+03 -9.999000e+03 -9.999000e+03 -9.999000e+03 -9.999000e+03 -9.999000e+03 -9.999000e+03 -9.999000e+03 -9.999000e+03 -9.999000e+03 -9.999000e+03 -1.494077e-01 -1.483046e-01 -1.491446e-01 -1.492513e-01 -1.494579e-01 -1.487238e-01 -1.485894e-01 -1.480909e-01 -1.497705e-01 -1.498928e-01 -1.500119e-01 -1.486611e-01 -1.489876e-01 -1.502394e-01 -1.502628e-01 -1.470095e-01 -1.502816e-01 -1.502848e-01 -1.502730e-01 -1.483948e-01 -1.486165e-01 -1.459942e-01
-9.999000e+03 -9.999000e+03 -9.999000e+03 -9.999000e+03 -9.999000e+03 -9.999000e+03 -9.999000e+03 -9.999000e+03 -9.999000e+03 -9.999000e+03 -9.999000e+03 -9.999000e+03 -9.999000e+03 -9.999000e+03 -9.999000e+03 -9.999000e+03 -9.999000e+03 -9.999000e+03 -9.999000e+03 -9.999000e+03 -9.999000e+03 -9.999000e+03 -9.999000e+03 -9.999000e+03 -9.999000e+03 -9.999000e+03 -9.999000e+03 -9.999000e+03 -9.999000e+03 -1.492080e-01 -1.478883e-01 -1.485066e-01 -1.486660e-01 -1.497654e-01 -1.498091e-01 -1.497000e-01 -1.497069e-01 -1.498471e-01 -1.486779e-01 -1.489010e-01 -1.485945e-01 -1.480265e-01 -1.474565e-01 -1.502435e-01 -1.485309e-01 -1.490422e-01 -1.489287e-01 -1.501550e-01 -1.461849e-01 -1.502825e-01
-9.999000e+03 -9.999000e+03 -9.999000e+03 -9.999000e+03 -9.999000e+03 -9.999000e+03 -9.999000e+03 -9.999000e+03 -9.999000e+03 -9.999000e+03 -9.999000e+03 -9.999000e+03 -9.999000e+03 -9.999000e+03 -9.999000e+03 -9.999000e+03 -9.999000e+03 -9.999000e+03 -9.999000e+03 -9.999000e+03 -9.999000e+03 -9.999000e+03 -9.999000e+03 -9.999000e+03 -9.999000e+03 -9.999000e+03 -9.999000e+03 -9.999000e+03 -9.999000e+03 -9.999000e+03 -1.485521e-01 -9.999000e+03 -9.999000e+03 -9.999000e+03 -9.999000e+03 -9.999000e+03 -9.999000e+03 -9.999000e+03 -1.499500e-01 -1.486198e-01 -1.489153e-01 -1.485756e-01 -1.479431e-01 -1.473095e-01 -1.468297e-01 -1.465996e-01 -1.464335e-01 -1.461971e-01 -1.500991e-01 -1.486794e-01
-9.999000e+03 -9.999000e+03 -9.999000e+03 -9.999000e+03 -9.999000e+03 -9.999000e+03 -9.999000e+03 -9.999000e+03 -9.999000e+03 -9.999000e+03 -9.999000e+03 -9.999000e+03 -9.999000e+03 -9.999000e+03 -9.999000e+03 -9.999000e+03 -9.999000e+03 -9.999000e+03 -9.999000e+03 -9.999000e+03 -9.999000e+03 -9.999000e+03 -9.999000e+03 -9.999000e+03 -9.999000e+03 -9.999000e+03 -9.999000e+03 -9.999000e+03 -9.999000e+03 -9.999000e+03 -9.999000e+03 -9.999000e+03 -9.999000e+03 -9.999000e+03 -9.999000e+03 -9.999000e+03 -9.999000e+03 -9.999000e+03 -9.999000e+03 -9.999000e+03 -9.999000e+03 -1.499601e-01 -1.500087e-01 -1.501447e-01 -1.485841e-01 -1.490049e-01 -1.488321e-01 -1.481429e-01 -1.473768e-01 -1.467934e-01
-9.999000e+03 -9.999000e+03 -9.999000e+03 -9.999000e+03 -9.999000e+03 -9.999000e+03 -9.999000e+03 -9.999000e+03 -9.999000e+03 -9.999000e+03 -9.999000e+03 -9.999000e+03 -9.999000e+03 -9.999000e+03 -9.999000e+03 -9.999000e+03 -9.999000e+03 -9.999000e+03 -9.999000e+03 -9.999000e+03 -9.999000e+03 -9.999000e+03 -9.999000e+03 -9.999000e+03 -9.999000e+03 -9.999000e+03 -9.999000e+03 -9.999000e+03 -9.999000e+03 -9.999000e+03 -9.999000e+03 -9.999000e+03 -9.999000e+03 -9.999000e+03 -9.999000e+03 -9.999000e+03 -9.999000e+03 -9.999000e+03 -9.999000e+03 -9.999000e+03 -9.999000e+03 -9.999000e+03 -9.999000e+03 -9.999000e+03 -1.502422e-01 -1.502069e-01 -1.484808e-01 -1.489909e-01 -1.501041e-01 -1.486963e-01
-9.999000e+03 -9.999000e+03 -9.999000e+03 -9.999000e+03 -9.999000e+03 -9.999000e+03 -9.999000e+03 -9.999000e+03 -9.999000e+03 -9.999000e+03 -9.999000e+03 -9.999000e+03 -9.999000e+03 -9.999000e+03 -9.999000e+03 -9.999000e+03 -9.999000e+03 -9.999000e+03 -9.999000e+03 -9.999000e+03 -9.999000e+03 -9.999000e+03 -9.999000e+03 -9.999000e+03 -9.999000e+03 -9.999000e+03 -9.999000e+03 -9.999000e+03 -9.999000e+03 -9.999000e+03 -9.999000e+03 -9.999000e+03 -9.999000e+03 -9.999000e+03 -9.999000e+03 -9.999000e+03 -9.999000e+03 -9.999000e+03 -9.999000e+03 -9.999000e+03 -9.999000e+03 -9.999000e+03 -9.999000e+03 -9.999000e+03 -9.999000e+03 -9.999000e+03 -9.999000e+03 -9.999000e+03 -9.999000e+03 -9.999000e+03
