tests/data/reference/test_implicit_stream_rill_mfda/control/massbalance.asc
ncols	123
nrows	77
xllcorner	-713746.79929998
yllcorner	-1061022.36961616
cellsize	10.0
NODATA_value	-9999
[rows 44 to 65 of 77, columns 50 to 99 of 123]
-1.455726e-01 -1.455121e-01 -1.454312e-01 -1.454678e-01 -1.455330e-01 -1.457051e-01 -1.457915e-01 -1.460595e-01 -1.463008e-01 -1.485172e-01 -1.485623e-01 -1.486545e-01 -1.487041e-01 -1.467491e-01 -1.480904e-01 -1.378675e-01 -1.467722e-01 -1.482693e-01 -1.488962e-01 -1.488829e-01 -1.471504e-01 -1.489429e-01 -1.490674e-01 -1.490909e-01 -1.542326e-01 -1.542358e-01 -1.536805e-01 -1.569045e-01 -9.999000e+03 -9.999000e+03 -9.999000e+03 -9.999000e+03 -1.685897e-01 -1.508663e-01 -1.542417e-01 -1.484625e-01 -1.461910e-01 -1.461004e-01 -1.462430e-01 -1.508362e-01 -1.508545e-01 -1.508723e-01 -1.508636e-01 -1.507979e-01 -1.506837e-01 -1.505347e-01 -1.504347e-01 -1.503831e-01 -1.503456e-01 -1.489680e-01
-1.456025e-01 -1.455681e-01 -1.454843e-01 -1.454369e-01 -1.458153e-01 -1.457712e-01 -1.458041e-01 -1.460313e-01 -1.489474e-01 -1.489389e-01 -1.489442e-01 -1.490163e-01 -1.466892e-01 -1.485945e-01 -1.360284e-01 -1.465981e-01 -1.487713e-01 -1.492025e-01 -1.492164e-01 -1.474994e-01 -1.491335e-01 -1.491860e-01 -1.492870e-01 -1.492866e-01 -1.491847e-01 -1.542890e-01 -1.544335e-01 -9.999000e+03 -9.999000e+03 -4.968041e-01 -1.511215e-01 -9.999000e+03 -9.999000e+03 -9.999000e+03 -1.530821e-01 -1.526357e-01 -1.460648e-01 -1.460436e-01 -1.461610e-01 -1.508503e-01 -1.509020e-01 -1.509109e-01 -1.508997e-01 -1.508554e-01 -1.507699e-01 -1.506428e-01 -1.505422e-01 -1.504709e-01 -1.504084e-01 -1.484514e-01
-1.457077e-01 -1.456536e-01 -1.455468e-01 -1.461759e-01 -1.461128e-01 -1.460810e-01 -1.460781e-01 -1.490372e-01 -1.490764e-01 -1.490666e-01 -1.490352e-01 -1.466134e-01 -1.489584e-01 -1.290249e-01 -1.463460e-01 -1.490960e-01 -1.491536e-01 -1.491601e-01 -1.480340e-01 -1.492187e-01 -1.491234e-01 -1.490855e-01 -1.491255e-01 -1.491092e-01 -1.489787e-01 -1.488628e-01 -1.464275e-01 -9.999000e+03 -1.694458e-01 -1.553484e-01 -1.524969e-01 -1.533646e-01 -1.533454e-01 -9.999000e+03 -9.999000e+03 -9.999000e+03 -1.506377e-01 -1.458999e-01 -1.460689e-01 -1.508132e-01 -1.509083e-01 -1.509250e-01 -1.509109e-01 -1.508713e-01 -1.508109e-01 -1.507197e-01 -1.506403e-01 -1.505727e-01 -1.505042e-01 -1.478077e-01
-1.458786e-01 -1.457900e-01 -1.470021e-01 -1.467776e-01 -1.466467e-01 -1.466332e-01 -1.486396e-01 -1.485799e-01 -1.486002e-01 -1.486196e-01 -1.469375e-01 -1.490225e-01 -1.252031e-01 -1.461155e-01 -1.490677e-01 -1.484723e-01 -1.485037e-01 -1.485703e-01 -1.485949e-01 -1.486507e-01 -1.485616e-01 -1.484854e-01 -1.485220e-01 -1.485378e-01 -1.484293e-01 -1.465033e-01 -1.510138e-01 -9.999000e+03 -1.884414e-01 -1.548141e-01 -1.524584e-01 -1.531542e-01 -1.531109e-01 -1.526394e-01 -2.122619e-01 -9.999000e+03 -9.999000e+03 -1.456545e-01 -1.459059e-01 -1.507127e-01 -1.508660e-01 -1.509145e-01 -1.509006e-01 -1.508497e-01 -1.508076e-01 -1.507592e-01 -1.507203e-01 -1.506801e-01 -1.506240e-01 -1.472540e-01
-1.460294e-01 -1.479602e-01 -1.478652e-01 -1.476434e-01 -1.474928e-01 -1.501081e-01 -1.501650e-01 -1.501558e-01 -1.501682e-01 -1.474694e-01 -1.486330e-01 -1.272527e-01 -1.458437e-01 -1.485649e-01 -1.504028e-01 -1.503659e-01 -1.490564e-01 -1.503269e-01 -1.503928e-01 -1.505476e-01 -1.506380e-01 -1.506611e-01 -1.507420e-01 -1.508846e-01 -1.469160e-01 -1.484688e-01 -1.489149e-01 -9.999000e+03 -2.405836e-01 -1.513291e-01 -1.543650e-01 -1.541996e-01 -1.530575e-01 -1.517512e-01 -1.503745e-01 -1.543063e-01 -9.999000e+03 -1.500970e-01 -1.457157e-01 -1.505971e-01 -1.507915e-01 -1.508878e-01 -1.508928e-01 -1.508354e-01 -1.508044e-01 -1.507866e-01 -1.507825e-01 -1.507692e-01 -1.507241e-01 -1.468765e-01
-1.487345e-01 -1.487100e-01 -1.486607e-01 -1.485127e-01 -1.500262e-01 -1.486112e-01 -1.489730e-01 -1.487178e-01 -1.481035e-01 -1.501180e-01 -1.321475e-01 -1.456678e-01 -1.502778e-01 -1.503544e-01 -1.484863e-01 -1.490523e-01 -1.503286e-01 -1.484804e-01 -1.490937e-01 -1.490686e-01 -1.485771e-01 -1.479795e-01 -1.474632e-01 -1.470248e-01 -1.508379e-01 -1.510566e-01 -1.435684e-01 -9.999000e+03 -7.041112e-01 -1.465090e-01 -1.544929e-01 -1.542264e-01 -1.535924e-01 -1.526689e-01 -1.515486e-01 -1.493875e-01 -9.999000e+03 -9.999000e+03 -1.454224e-01 -1.504856e-01 -1.506916e-01 -1.508317e-01 -1.508739e-01 -1.508342e-01 -1.508128e-01 -1.508103e-01 -1.508323e-01 -1.508434e-01 -1.508054e-01 -1.467087e-01
-1.491588e-01 -1.491296e-01 -1.491125e-01 -1.274696e-01 -1.299673e-01 -1.361357e-01 -1.411188e-01 -1.437828e-01 -1.449787e-01 -1.340834e-01 -1.454600e-01 -1.502007e-01 -1.485664e-01 -1.490524e-01 -1.489482e-01 -1.484387e-01 -1.477829e-01 -1.471360e-01 -1.466697e-01 -1.464220e-01 -1.462826e-01 -1.462672e-01 -1.463035e-01 -1.462760e-01 -1.462969e-01 -1.463240e-01 -1.454694e-01 -9.999000e+03 -4.940764e-01 -1.510704e-01 -1.531190e-01 -1.533662e-01 -1.536719e-01 -1.535214e-01 -1.528910e-01 -1.494562e-01 -1.484316e-01 -9.999000e+03 -1.498378e-01 -1.504129e-01 -1.506115e-01 -1.507678e-01 -1.508356e-01 -1.508238e-01 -1.508185e-01 -1.508201e-01 -1.482839e-01 -1.482967e-01 -1.508759e-01 -1.466629e-01
-1.490697e-01 -1.490424e-01 -1.320180e-01 -1.459237e-01 -1.438894e-01 -1.440693e-01 -1.440772e-01 -1.408492e-01 -1.376151e-01 -1.453089e-01 -1.457718e-01 -1.458117e-01 -1.458288e-01 -1.459612e-01 -1.461100e-01 -1.461500e-01 -1.461445e-01 -1.461291e-01 -1.440790e-01 -1.464129e-01 -1.447797e-01 -1.431485e-01 -1.423852e-01 -1.426966e-01 -1.437856e-01 -1.447564e-01 -1.463791e-01 -9.999000e+03 -1.510190e-01 -1.482736e-01 -1.490078e-01 -1.545892e-01 -1.537394e-01 -1.532545e-01 -1.524842e-01 -1.514668e-01 -1.511832e-01 -9.999000e+03 -9.999000e+03 -1.548408e-01 -1.505670e-01 -1.507179e-01 -1.507939e-01 -1.508050e-01 -1.508211e-01 -1.508227e-01 -1.490465e-01 -1.490397e-01 -1.509291e-01 -1.466593e-01
-1.484282e-01 -1.390925e-01 -1.462864e-01 -1.462614e-01 -1.503167e-01 -1.458509e-01 -1.441333e-01 -1.454437e-01 -1.455710e-01 -1.460367e-01 -1.456379e-01 -1.457679e-01 -1.457977e-01 -1.459124e-01 -1.460583e-01 -1.460416e-01 -1.459680e-01 -1.459521e-01 -1.504350e-01 -1.485418e-01 -1.490802e-01 -1.491853e-01 -1.488591e-01 -1.482691e-01 -1.476321e-01 -1.468837e-01 -1.507270e-01 -9.999000e+03 -5.879527e-01 -1.467125e-01 -1.494680e-01 -1.498116e-01 -1.548611e-01 -1.533692e-01 -1.524835e-01 -1.514426e-01 -1.504400e-01 -1.976641e-01 -9.999000e+03 -1.527875e-01 -1.505672e-01 -1.506737e-01 -1.507293e-01 -1.507426e-01 -1.507820e-01 -1.482717e-01 -1.493558e-01 -1.493570e-01 -1.482499e-01 -1.466348e-01
-1.450941e-01 -1.467803e-01 -1.467345e-01 -1.467839e-01 -1.462686e-01 -1.468215e-01 -1.458573e-01 -1.462558e-01 -1.467499e-01 -1.458143e-01 -1.457053e-01 -1.440506e-01 -1.459413e-01 -1.439617e-01 -1.421892e-01 -1.416009e-01 -1.423368e-01 -1.436009e-01 -1.447572e-01 -1.455654e-01 -1.460271e-01 -1.463620e-01 -1.464479e-01 -1.464072e-01 -1.448437e-01 -1.448970e-01 -1.464249e-01 -9.999000e+03 -8.746171e-01 -1.465920e-01 -1.494540e-01 -1.498259e-01 -1.495399e-01 -1.542911e-01 -1.527068e-01 -1.517438e-01 -1.505143e-01 -1.422071e-01 -9.999000e+03 -9.999000e+03 -1.551708e-01 -1.506509e-01 -1.506478e-01 -1.506353e-01 -1.482382e-01 -1.490497e-01 -1.491347e-01 -1.491766e-01 -1.490346e-01 -1.465904e-01
-1.474254e-01 -1.473681e-01 -1.473639e-01 -1.464164e-01 -1.448676e-01 -1.462121e-01 -1.471555e-01 -1.477610e-01 -1.463282e-01 -1.457738e-01 -1.465786e-01 -1.461562e-01 -1.460120e-01 -1.459731e-01 -1.460262e-01 -1.459379e-01 -1.458042e-01 -1.456798e-01 -1.456977e-01 -1.458908e-01 -1.461119e-01 -1.463555e-01 -1.463945e-01 -1.463304e-01 -1.503361e-01 -1.505909e-01 -1.485105e-01 -9.999000e+03 -6.365419e-01 -1.466158e-01 -1.494885e-01 -1.527172e-01 -1.514865e-01 -1.485549e-01 -1.536590e-01 -1.517946e-01 -1.477325e-01 -1.414464e-01 -1.937879e-01 -9.999000e+03 -1.553106e-01 -1.552638e-01 -1.506735e-01 -1.506546e-01 -1.491174e-01 -1.493688e-01 -1.485879e-01 -1.486518e-01 -1.493815e-01 -1.465275e-01
-1.480940e-01 -1.480610e-01 -1.464590e-01 -1.475843e-01 -1.466214e-01 -1.480878e-01 -1.486520e-01 -1.470824e-01 -1.459904e-01 -1.471698e-01 -1.461425e-01 -1.504535e-01 -1.454847e-01 -1.457978e-01 -1.469002e-01 -1.440672e-01 -1.421850e-01 -1.404447e-01 -1.336972e-01 -1.273780e-01 -1.252029e-01 -1.292256e-01 -1.358511e-01 -1.411308e-01 -1.442727e-01 -1.454541e-01 -9.999000e+03 -9.999000e+03 -1.657034e-01 -1.481807e-01 -1.489686e-01 -1.494179e-01 -1.494318e-01 -1.491617e-01 -1.487292e-01 -1.533834e-01 -1.514896e-01 -1.503828e-01 -1.399149e-01 -9.999000e+03 -1.554596e-01 -1.553932e-01 -1.507959e-01 -1.484500e-01 -1.493655e-01 -1.491382e-01 -1.479285e-01 -1.479955e-01 -1.492351e-01 -1.464459e-01
-1.486751e-01 -1.465624e-01 -1.479687e-01 -1.466128e-01 -1.489313e-01 -1.491260e-01 -1.478082e-01 -1.461477e-01 -1.479043e-01 -1.462205e-01 -1.472693e-01 -1.456470e-01 -1.473967e-01 -1.474314e-01 -1.455685e-01 -1.462756e-01 -1.469020e-01 -1.451801e-01 -1.469436e-01 -1.446756e-01 -1.425697e-01 -1.417085e-01 -1.421135e-01 -1.432501e-01 -1.446328e-01 -1.454362e-01 -9.999000e+03 -1.892097e-01 -1.507498e-01 -1.481802e-01 -1.488407e-01 -1.492313e-01 -1.492567e-01 -1.489374e-01 -1.483867e-01 -1.477513e-01 -1.522572e-01 -1.478745e-01 -1.410121e-01 -9.999000e+03 -9.999000e+03 -1.556678e-01 -1.533171e-01 -1.491051e-01 -1.490365e-01 -1.485464e-01 -1.472934e-01 -1.473648e-01 -1.487493e-01 -1.463654e-01
-1.467645e-01 -1.485804e-01 -1.463700e-01 -1.491497e-01 -1.491529e-01 -1.486887e-01 -1.464288e-01 -1.484795e-01 -1.461570e-01 -1.479513e-01 -1.479211e-01 -1.479302e-01 -1.480029e-01 -1.480917e-01 -1.464793e-01 -1.474384e-01 -1.474574e-01 -1.465015e-01 -1.448942e-01 -1.457810e-01 -1.462149e-01 -1.480563e-01 -1.449228e-01 -1.386483e-01 -1.328633e-01 -1.316615e-01 -9.999000e+03 -2.071708e-01 -1.507395e-01 -1.481439e-01 -1.488469e-01 -1.492438e-01 -1.492572e-01 -1.488641e-01 -1.482003e-01 -1.475931e-01 -1.523553e-01 -1.509565e-01 -1.490713e-01 -1.885313e-01 -9.999000e+03 -1.527888e-01 -1.535513e-01 -1.493218e-01 -1.485299e-01 -1.479309e-01 -1.468442e-01 -1.468810e-01 -1.481004e-01 -1.462620e-01
-1.490248e-01 -1.464216e-01 -1.489829e-01 -1.482392e-01 -1.493064e-01 -1.472481e-01 -1.488997e-01 -1.459281e-01 -1.485283e-01 -1.485955e-01 -1.485985e-01 -1.485767e-01 -1.486107e-01 -1.465015e-01 -1.481303e-01 -1.481030e-01 -1.465875e-01 -1.475859e-01 -1.476650e-01 -1.467742e-01 -1.472802e-01 -1.452014e-01 -1.480469e-01 -1.462715e-01 -1.440639e-01 -1.423672e-01 -9.999000e+03 -1.939176e-01 -1.507162e-01 -1.481217e-01 -1.488687e-01 -1.492524e-01 -1.385437e-01 -1.434800e-01 -1.437474e-01 -1.390931e-01 -1.396929e-01 -1.816509e-01 -2.214031e-01 -3.013437e-01 -9.999000e+03 -9.999000e+03 -1.535026e-01 -1.543416e-01 -1.479702e-01 -1.473929e-01 -1.465706e-01 -1.465509e-01 -1.474295e-01 -1.461253e-01
-1.461181e-01 -1.486339e-01 -1.506675e-01 -1.490117e-01 -1.480791e-01 -1.491308e-01 -1.459384e-01 -1.488763e-01 -1.489783e-01 -1.490499e-01 -1.490766e-01 -1.490352e-01 -1.463316e-01 -1.486221e-01 -1.487263e-01 -1.466423e-01 -1.480858e-01 -1.481735e-01 -1.468562e-01 -1.477793e-01 -1.478402e-01 -1.479036e-01 -1.463651e-01 -1.462526e-01 -1.467691e-01 -1.546952e-01 -9.999000e+03 -2.011729e-01 -1.480947e-01 -1.499784e-01 -1.376253e-01 -1.381501e-01 -1.494276e-01 -1.379728e-01 -1.377312e-01 -1.488933e-01 -1.488723e-01 -1.371850e-01 -1.459988e-01 -1.813688e-01 -2.442924e-01 -9.999000e+03 -9.999000e+03 -1.531292e-01 -1.527317e-01 -1.469878e-01 -1.463989e-01 -1.463388e-01 -1.468834e-01 -1.460172e-01
-1.504045e-01 -1.506361e-01 -1.483338e-01 -1.486168e-01 -1.485491e-01 -1.464937e-01 -1.490311e-01 -1.490156e-01 -1.490318e-01 -1.490685e-01 -1.491127e-01 -1.463214e-01 -1.489428e-01 -1.489974e-01 -1.465309e-01 -1.486300e-01 -1.486325e-01 -1.467189e-01 -1.481829e-01 -1.482899e-01 -1.484007e-01 -1.490945e-01 -1.509598e-01 -1.509641e-01 -1.494637e-01 -1.511841e-01 -9.999000e+03 -1.732253e-01 -1.480477e-01 -1.495045e-01 -1.499926e-01 -1.490364e-01 -1.482313e-01 -1.482832e-01 -1.482727e-01 -1.482129e-01 -1.481880e-01 -1.481581e-01 -1.479010e-01 -1.537518e-01 -1.536043e-01 -1.746593e-01 -9.999000e+03 -9.999000e+03 -1.513836e-01 -1.466420e-01 -1.462505e-01 -1.461990e-01 -1.465202e-01 -1.459886e-01
-1.485717e-01 -1.491128e-01 -1.489960e-01 -1.501862e-01 -1.471121e-01 -1.487078e-01 -1.486613e-01 -1.485903e-01 -1.485254e-01 -1.485124e-01 -1.462662e-01 -1.491038e-01 -1.490467e-01 -1.462821e-01 -1.489963e-01 -1.490274e-01 -1.466105e-01 -1.485899e-01 -1.486926e-01 -1.488106e-01 -1.492522e-01 -1.509361e-01 -1.482393e-01 -1.490112e-01 -1.509762e-01 -1.483303e-01 -9.999000e+03 -6.803488e-01 -1.462323e-01 -1.495285e-01 -1.481449e-01 -1.511004e-01 -1.511458e-01 -1.512327e-01 -1.513348e-01 -1.514360e-01 -1.515764e-01 -1.517659e-01 -1.423834e-01 -1.367805e-01 -1.718809e-01 -1.649056e-01 -1.650704e-01 -9.999000e+03 -1.505528e-01 -1.513215e-01 -1.460853e-01 -1.460619e-01 -1.462390e-01 -1.459472e-01
-1.490350e-01 -1.489645e-01 -1.485077e-01 -1.478040e-01 -1.500327e-01 -1.501481e-01 -1.502417e-01 -1.503025e-01 -1.502983e-01 -1.460688e-01 -1.486287e-01 -1.486906e-01 -1.461657e-01 -1.490589e-01 -1.490885e-01 -1.464531e-01 -1.489793e-01 -1.490013e-01 -1.490633e-01 -1.490688e-01 -1.509091e-01 -1.482776e-01 -1.490177e-01 -1.493482e-01 -1.492787e-01 -1.487805e-01 -9.999000e+03 -7.320173e-01 -1.463398e-01 -1.511038e-01 -1.510607e-01 -1.481822e-01 -1.490158e-01 -1.494175e-01 -1.493483e-01 -1.489289e-01 -1.483588e-01 -1.521207e-01 -1.517526e-01 -1.518064e-01 -1.477374e-01 -1.536779e-01 -1.537970e-01 -9.999000e+03 -9.999000e+03 -1.502144e-01 -1.459266e-01 -1.459131e-01 -1.459783e-01 -1.458142e-01
-1.463796e-01 -1.463593e-01 -1.464248e-01 -1.462462e-01 -1.459674e-01 -1.456808e-01 -1.455243e-01 -1.456562e-01 -1.458359e-01 -1.501420e-01 -1.501552e-01 -1.460885e-01 -1.486611e-01 -1.486287e-01 -1.461961e-01 -1.490826e-01 -1.491071e-01 -1.490908e-01 -1.484648e-01 -1.508688e-01 -1.483082e-01 -1.490382e-01 -1.493444e-01 -1.491976e-01 -1.487716e-01 -1.481172e-01 -9.999000e+03 -7.303495e-01 -1.464499e-01 -1.495282e-01 -1.499381e-01 -1.496149e-01 -1.488138e-01 -1.478423e-01 -1.470228e-01 -1.464647e-01 -1.461782e-01 -1.461230e-01 -1.488226e-01 -1.425429e-01 -1.376742e-01 -1.379561e-01 -1.938064e-01 -1.619578e-01 -9.999000e+03 -9.999000e+03 -1.506678e-01 -1.457710e-01 -1.507939e-01 -1.457233e-01
-1.489881e-01 -1.488873e-01 -1.484258e-01 -1.475533e-01 -1.466635e-01 -1.460856e-01 -1.458351e-01 -1.458314e-01 -1.458750e-01 -1.459003e-01 -1.459419e-01 -1.501318e-01 -1.501763e-01 -1.460127e-01 -1.486713e-01 -1.486694e-01 -1.486818e-01 -1.506078e-01 -1.507472e-01 -1.483977e-01 -1.490524e-01 -1.493109e-01 -1.491657e-01 -1.487003e-01 -1.481023e-01 -1.474570e-01 -9.999000e+03 -7.281877e-01 -1.465329e-01 -1.495211e-01 -1.498861e-01 -1.496091e-01 -1.489137e-01 -1.479800e-01 -1.471055e-01 -1.464387e-01 -1.460716e-01 -1.459585e-01 -1.459485e-01 -1.472903e-01 -1.516082e-01 -1.515680e-01 -1.477834e-01 -1.537492e-01 -1.576814e-01 -9.999000e+03 -2.174623e-01 -1.505705e-01 -1.507406e-01 -1.506767e-01
-1.503330e-01 -1.483431e-01 -1.490444e-01 -1.487894e-01 -1.479616e-01 -1.472086e-01 -1.466817e-01 -1.463447e-01 -1.461279e-01 -1.459660e-01 -1.458608e-01 -1.458014e-01 -1.458065e-01 -1.500730e-01 -1.501284e-01 -1.502004e-01 -1.503413e-01 -1.486066e-01 -1.490963e-01 -1.491695e-01 -1.489014e-01 -1.484761e-01 -1.479968e-01 -1.474823e-01 -1.447499e-01 -1.449395e-01 -9.999000e+03 -9.849608e-01 -1.465082e-01 -1.495190e-01 -1.498581e-01 -1.496051e-01 -1.489741e-01 -1.480618e-01 -1.471414e-01 -1.463784e-01 -1.459176e-01 -1.457366e-01 -1.457098e-01 -1.458384e-01 -1.461403e-01 -1.489632e-01 -1.480273e-01 -1.521364e-01 -1.509606e-01 -9.999000e+03 -9.999000e+03 -1.496006e-01 -1.507072e-01 -1.507032e-01
