tests/data/reference/test_implicit_stream_rill_mfda/control/massbalance.asc
ncols	123
nrows	77
xllcorner	-713746.79929998
yllcorner	-1061022.36961616
cellsize	10.0
NODATA_value	-9999
[rows 44 to 65 of 77, columns 0 to 49 of 123]
-9.999000e+03 -9.999000e+03 -9.999000e+03 -9.999000e+03 -9.999000e+03 -9.999000e+03 -9.999000e+03 -1.305331e-01 -1.475464e-01 -1.454572e-01 -1.480461e-01 -1.461173e-01 -1.459015e-01 -1.458390e-01 -1.458816e-01 -1.459011e-01 -1.459574e-01 -1.454602e-01 -1.459222e-01 -1.460593e-01 -1.438787e-01 -1.442180e-01 -1.447134e-01 -1.458924e-01 -1.460150e-01 -1.460813e-01 -1.487799e-01 -1.459687e-01 -1.458615e-01 -1.457965e-01 -1.459923e-01 -1.461740e-01 -1.460844e-01 -1.460025e-01 -1.459494e-01 -1.459053e-01 -1.490550e-01 -1.492619e-01 -1.492543e-01 -1.490032e-01 -1.486812e-01 -1.485122e-01 -1.489634e-01 -1.525556e-01 -1.512348e-01 -1.513597e-01 -1.515848e-01 -1.471709e-01 -1.458857e-01 -1.460242e-01
-9.999000e+03 -9.999000e+03 -9.999000e+03 -9.999000e+03 -9.999000e+03 -9.999000e+03 -9.999000e+03 -1.624588e-01 -1.454222e-01 -1.458723e-01 -1.478826e-01 -1.460477e-01 -1.459421e-01 -1.458305e-01 -1.458190e-01 -1.458383e-01 -1.455566e-01 -1.459680e-01 -1.460533e-01 -1.461815e-01 -1.460983e-01 -1.459735e-01 -1.458837e-01 -1.458178e-01 -1.486983e-01 -1.488178e-01 -1.460214e-01 -1.458837e-01 -1.458835e-01 -1.458704e-01 -1.459632e-01 -1.460614e-01 -1.460079e-01 -1.484221e-01 -1.487876e-01 -1.489752e-01 -1.459837e-01 -1.459239e-01 -1.458613e-01 -1.458412e-01 -1.457792e-01 -1.457082e-01 -1.457143e-01 -1.427331e-01 -1.432689e-01 -1.439482e-01 -1.457473e-01 -1.457578e-01 -1.457475e-01 -1.457983e-01
-9.999000e+03 -9.999000e+03 -9.999000e+03 -9.999000e+03 -9.999000e+03 -9.999000e+03 -1.309852e-01 -1.468269e-01 -1.457840e-01 -1.457388e-01 -1.479088e-01 -1.459036e-01 -1.458847e-01 -1.458004e-01 -1.457544e-01 -1.456446e-01 -1.458274e-01 -1.459737e-01 -1.461465e-01 -1.462891e-01 -1.462194e-01 -1.461641e-01 -1.460597e-01 -1.459392e-01 -1.459600e-01 -1.460735e-01 -1.459524e-01 -1.458259e-01 -1.459003e-01 -1.459629e-01 -1.459392e-01 -1.476488e-01 -1.482688e-01 -1.460088e-01 -1.460110e-01 -1.460127e-01 -1.460406e-01 -1.460549e-01 -1.460278e-01 -1.460179e-01 -1.459692e-01 -1.458792e-01 -1.458159e-01 -1.458000e-01 -1.457461e-01 -1.456839e-01 -1.457195e-01 -1.457651e-01 -1.457414e-01 -1.456947e-01
-9.999000e+03 -9.999000e+03 -9.999000e+03 -9.999000e+03 -9.999000e+03 -9.999000e+03 -5.964024e-02 -1.461906e-01 -1.459306e-01 -1.459976e-01 -1.481046e-01 -1.460248e-01 -1.460385e-01 -1.459640e-01 -1.460214e-01 -1.458050e-01 -1.457515e-01 -1.458041e-01 -1.459956e-01 -1.461647e-01 -1.485871e-01 -1.486985e-01 -1.487552e-01 -1.487505e-01 -1.460346e-01 -1.460491e-01 -1.459417e-01 -1.457241e-01 -1.461681e-01 -1.465467e-01 -1.468252e-01 -1.458524e-01 -1.459369e-01 -1.459993e-01 -1.460223e-01 -1.460385e-01 -1.460739e-01 -1.460974e-01 -1.460572e-01 -1.460445e-01 -1.460439e-01 -1.460136e-01 -1.459661e-01 -1.459193e-01 -1.458410e-01 -1.457413e-01 -1.457046e-01 -1.457343e-01 -1.457830e-01 -1.457373e-01
-9.999000e+03 -9.999000e+03 -9.999000e+03 -9.999000e+03 -9.999000e+03 -1.301132e-01 -1.451853e-01 -1.438842e-01 -1.480007e-01 -1.480435e-01 -1.462736e-01 -1.462301e-01 -1.462428e-01 -1.464519e-01 -1.460413e-01 -1.459491e-01 -1.458206e-01 -1.457673e-01 -1.459318e-01 -1.460817e-01 -1.438693e-01 -1.441700e-01 -1.444789e-01 -1.456695e-01 -1.454622e-01 -1.454091e-01 -1.454811e-01 -1.457982e-01 -1.458059e-01 -1.458957e-01 -1.459013e-01 -1.458722e-01 -1.459513e-01 -1.460408e-01 -1.460946e-01 -1.461212e-01 -1.461615e-01 -1.462017e-01 -1.461431e-01 -1.460829e-01 -1.460722e-01 -1.460821e-01 -1.460828e-01 -1.460518e-01 -1.459768e-01 -1.458679e-01 -1.457669e-01 -1.457297e-01 -1.457804e-01 -1.457936e-01
-9.999000e+03 -9.999000e+03 -9.999000e+03 -9.999000e+03 -1.258256e-01 -1.570746e-01 -1.458985e-01 -1.442720e-01 -1.478704e-01 -1.477808e-01 -1.462068e-01 -1.461956e-01 -1.467399e-01 -1.462321e-01 -1.460604e-01 -1.459827e-01 -1.458732e-01 -1.458003e-01 -1.459723e-01 -1.461154e-01 -1.460663e-01 -1.459895e-01 -1.463755e-01 -1.459262e-01 -1.458108e-01 -1.457487e-01 -1.457768e-01 -1.457536e-01 -1.457145e-01 -1.457557e-01 -1.457977e-01 -1.457712e-01 -1.457829e-01 -1.458388e-01 -1.459076e-01 -1.459674e-01 -1.460448e-01 -1.461506e-01 -1.461647e-01 -1.461114e-01 -1.460571e-01 -1.460623e-01 -1.461135e-01 -1.461254e-01 -1.460864e-01 -1.460086e-01 -1.458880e-01 -1.457838e-01 -1.457976e-01 -1.458251e-01
-9.999000e+03 -9.999000e+03 -9.999000e+03 -9.999000e+03 -1.314208e-01 -1.460732e-01 -1.462217e-01 -1.462566e-01 -1.461188e-01 -1.476216e-01 -1.460873e-01 -1.448961e-01 -1.479806e-01 -1.462809e-01 -1.461188e-01 -1.460208e-01 -1.459138e-01 -1.458166e-01 -1.459721e-01 -1.461399e-01 -1.461273e-01 -1.463826e-01 -1.459300e-01 -1.459170e-01 -1.458158e-01 -1.457156e-01 -1.457274e-01 -1.457245e-01 -1.456596e-01 -1.456452e-01 -1.456991e-01 -1.457035e-01 -1.456846e-01 -1.456847e-01 -1.457241e-01 -1.457940e-01 -1.458848e-01 -1.460220e-01 -1.461284e-01 -1.461302e-01 -1.460383e-01 -1.460133e-01 -1.461021e-01 -1.461617e-01 -1.461696e-01 -1.461329e-01 -1.460176e-01 -1.458801e-01 -1.458468e-01 -1.458844e-01
-9.999000e+03 -9.999000e+03 -9.999000e+03 -1.303239e-01 -1.582873e-01 -1.445866e-01 -1.477192e-01 -1.463045e-01 -1.475162e-01 -1.461998e-01 -1.448579e-01 -1.460942e-01 -1.478407e-01 -1.463789e-01 -1.462172e-01 -1.460865e-01 -1.459891e-01 -1.458758e-01 -1.459796e-01 -1.462043e-01 -1.465280e-01 -1.463443e-01 -1.461862e-01 -1.461398e-01 -1.460394e-01 -1.459123e-01 -1.458871e-01 -1.458892e-01 -1.458290e-01 -1.457906e-01 -1.458400e-01 -1.458735e-01 -1.458658e-01 -1.458249e-01 -1.457854e-01 -1.457847e-01 -1.458021e-01 -1.458813e-01 -1.460357e-01 -1.461084e-01 -1.459933e-01 -1.459096e-01 -1.459865e-01 -1.460723e-01 -1.461366e-01 -1.461660e-01 -1.461063e-01 -1.459940e-01 -1.459165e-01 -1.459270e-01
-9.999000e+03 -9.999000e+03 -9.999000e+03 -1.296742e-01 -1.444671e-01 -1.464285e-01 -1.474296e-01 -1.472428e-01 -1.462903e-01 -1.462424e-01 -1.453505e-01 -1.462197e-01 -1.476485e-01 -1.465339e-01 -1.463242e-01 -1.461588e-01 -1.460781e-01 -1.459415e-01 -1.459353e-01 -1.440737e-01 -1.486146e-01 -1.466530e-01 -1.465208e-01 -1.464333e-01 -1.463279e-01 -1.461601e-01 -1.460643e-01 -1.460461e-01 -1.459917e-01 -1.459388e-01 -1.459765e-01 -1.460334e-01 -1.460613e-01 -1.460164e-01 -1.459233e-01 -1.458588e-01 -1.457955e-01 -1.457789e-01 -1.459196e-01 -1.460647e-01 -1.459837e-01 -1.458544e-01 -1.458668e-01 -1.459357e-01 -1.460344e-01 -1.461159e-01 -1.461202e-01 -1.461826e-01 -1.460962e-01 -1.460642e-01
-9.999000e+03 -9.999000e+03 -1.309962e-01 -1.621968e-01 -1.462658e-01 -1.465202e-01 -1.470548e-01 -1.469317e-01 -1.470303e-01 -1.468749e-01 -1.455099e-01 -1.461500e-01 -1.473652e-01 -1.465933e-01 -1.463851e-01 -1.462462e-01 -1.462477e-01 -1.461342e-01 -1.439823e-01 -1.462765e-01 -1.482181e-01 -1.467386e-01 -1.466645e-01 -1.465844e-01 -1.465545e-01 -1.464178e-01 -1.462540e-01 -1.461670e-01 -1.460798e-01 -1.459853e-01 -1.459691e-01 -1.460170e-01 -1.461059e-01 -1.461272e-01 -1.460655e-01 -1.460158e-01 -1.459427e-01 -1.458676e-01 -1.459278e-01 -1.460543e-01 -1.460355e-01 -1.459329e-01 -1.458791e-01 -1.458715e-01 -1.459268e-01 -1.459851e-01 -1.496471e-01 -1.497267e-01 -1.497389e-01 -1.496900e-01
-9.999000e+03 -9.999000e+03 -1.584766e-01 -1.457984e-01 -1.474104e-01 -1.470790e-01 -1.468134e-01 -1.470639e-01 -1.458373e-01 -1.454768e-01 -1.469248e-01 -1.460517e-01 -1.471236e-01 -1.464975e-01 -1.463496e-01 -1.462501e-01 -1.463484e-01 -1.463330e-01 -1.460320e-01 -1.447373e-01 -1.477431e-01 -1.469655e-01 -1.468486e-01 -1.467244e-01 -1.467567e-01 -1.467125e-01 -1.465303e-01 -1.463656e-01 -1.462198e-01 -1.460853e-01 -1.460058e-01 -1.460020e-01 -1.461153e-01 -1.461916e-01 -1.461603e-01 -1.461288e-01 -1.460704e-01 -1.460012e-01 -1.460190e-01 -1.460592e-01 -1.460354e-01 -1.459912e-01 -1.459429e-01 -1.458970e-01 -1.459188e-01 -1.459508e-01 -1.459914e-01 -1.459934e-01 -1.428230e-01 -1.437001e-01
-9.999000e+03 -1.279315e-01 -5.280760e-02 -1.449631e-01 -1.473051e-01 -1.466188e-01 -1.471412e-01 -1.471351e-01 -9.999000e+03 -9.999000e+03 -9.999000e+03 -1.469076e-01 -1.470175e-01 -1.474073e-01 -1.475843e-01 -1.475945e-01 -1.476791e-01 -1.478277e-01 -1.476734e-01 -1.471600e-01 -1.470464e-01 -1.474784e-01 -1.468585e-01 -1.467902e-01 -1.466992e-01 -1.467070e-01 -1.466312e-01 -1.465084e-01 -1.463589e-01 -1.462319e-01 -1.461260e-01 -1.460514e-01 -1.461245e-01 -1.461972e-01 -1.461567e-01 -1.461182e-01 -1.460591e-01 -1.460175e-01 -1.460838e-01 -1.460948e-01 -1.459989e-01 -1.459528e-01 -1.459474e-01 -1.459267e-01 -1.459605e-01 -1.459925e-01 -1.422310e-01 -1.421892e-01 -1.458823e-01 -1.458301e-01
-9.999000e+03 -1.239915e-01 -1.446488e-01 -1.472957e-01 -1.469993e-01 -1.470347e-01 -9.999000e+03 -9.999000e+03 -9.999000e+03 -9.999000e+03 -9.999000e+03 -9.999000e+03 -1.471103e-01 -1.473281e-01 -1.460502e-01 -1.459854e-01 -1.475940e-01 -1.460777e-01 -1.457807e-01 -1.453990e-01 -1.468846e-01 -1.469184e-01 -1.472252e-01 -1.475867e-01 -1.465934e-01 -1.465400e-01 -1.466013e-01 -1.465855e-01 -1.464695e-01 -1.464018e-01 -1.463018e-01 -1.461800e-01 -1.461803e-01 -1.462255e-01 -1.461646e-01 -1.461200e-01 -1.460566e-01 -1.460025e-01 -1.461080e-01 -1.461596e-01 -1.460191e-01 -1.459302e-01 -1.459387e-01 -1.459428e-01 -1.459968e-01 -1.460374e-01 -1.459704e-01 -1.459033e-01 -1.458470e-01 -1.458037e-01
-1.303880e-01 -7.744312e-02 -1.463747e-01 -1.470181e-01 -1.465672e-01 -1.473255e-01 -9.999000e+03 -9.999000e+03 -9.999000e+03 -9.999000e+03 -9.999000e+03 -9.999000e+03 -9.999000e+03 -9.999000e+03 -9.999000e+03 -1.476386e-01 -1.461921e-01 -1.477667e-01 -1.476410e-01 -1.474537e-01 -1.453982e-01 -9.999000e+03 -9.999000e+03 -1.472243e-01 -1.475959e-01 -1.478239e-01 -1.480740e-01 -1.483250e-01 -1.484531e-01 -1.462924e-01 -1.464649e-01 -1.463881e-01 -1.463569e-01 -1.463638e-01 -1.462509e-01 -1.461888e-01 -1.461396e-01 -1.460579e-01 -1.461470e-01 -1.462358e-01 -1.460862e-01 -1.459641e-01 -1.459615e-01 -1.459707e-01 -1.460533e-01 -1.461333e-01 -1.461066e-01 -1.460508e-01 -1.459724e-01 -1.459178e-01
-1.289563e-01 -1.469570e-01 -1.468809e-01 -1.468766e-01 -1.473551e-01 -9.999000e+03 -9.999000e+03 -9.999000e+03 -9.999000e+03 -9.999000e+03 -9.999000e+03 -9.999000e+03 -9.999000e+03 -9.999000e+03 -9.999000e+03 -9.999000e+03 -9.999000e+03 -9.999000e+03 -9.999000e+03 -9.999000e+03 -9.999000e+03 -9.999000e+03 -9.999000e+03 -1.471359e-01 -1.475031e-01 -1.476446e-01 -1.461543e-01 -1.461803e-01 -1.459932e-01 -1.480972e-01 -1.463779e-01 -1.465621e-01 -1.465659e-01 -1.465358e-01 -1.463434e-01 -1.462703e-01 -1.462926e-01 -1.461550e-01 -1.461876e-01 -1.462831e-01 -1.462262e-01 -1.460984e-01 -1.459865e-01 -1.459724e-01 -1.460401e-01 -1.461398e-01 -1.461779e-01 -1.461892e-01 -1.461391e-01 -1.460510e-01
-9.999000e+03 -1.474282e-01 -1.473275e-01 -1.476372e-01 -9.999000e+03 -9.999000e+03 -9.999000e+03 -9.999000e+03 -9.999000e+03 -9.999000e+03 -9.999000e+03 -9.999000e+03 -9.999000e+03 -9.999000e+03 -9.999000e+03 -9.999000e+03 -9.999000e+03 -9.999000e+03 -9.999000e+03 -9.999000e+03 -9.999000e+03 -9.999000e+03 -9.999000e+03 -9.999000e+03 -9.999000e+03 -9.999000e+03 -1.478273e-01 -1.480097e-01 -1.459330e-01 -1.456715e-01 -1.476977e-01 -1.478617e-01 -1.481407e-01 -1.484960e-01 -1.486633e-01 -1.487042e-01 -1.462984e-01 -1.463559e-01 -1.463033e-01 -1.492740e-01 -1.494032e-01 -1.460978e-01 -1.461402e-01 -1.460784e-01 -1.459746e-01 -1.461000e-01 -1.461352e-01 -1.461922e-01 -1.461497e-01 -1.460728e-01
-9.999000e+03 -9.999000e+03 -9.999000e+03 -9.999000e+03 -9.999000e+03 -9.999000e+03 -9.999000e+03 -9.999000e+03 -9.999000e+03 -9.999000e+03 -9.999000e+03 -9.999000e+03 -9.999000e+03 -9.999000e+03 -9.999000e+03 -9.999000e+03 -9.999000e+03 -9.999000e+03 -9.999000e+03 -9.999000e+03 -9.999000e+03 -9.999000e+03 -9.999000e+03 -9.999000e+03 -9.999000e+03 -9.999000e+03 -9.999000e+03 -9.999000e+03 -1.479078e-01 -1.456584e-01 -1.475196e-01 -1.476696e-01 -1.479882e-01 -1.463719e-01 -1.460644e-01 -1.458342e-01 -1.485100e-01 -1.487171e-01 -1.489169e-01 -1.462134e-01 -1.460580e-01 -1.492895e-01 -1.493272e-01 -1.461067e-01 -1.493571e-01 -1.493622e-01 -1.493435e-01 -1.459677e-01 -1.462053e-01 -1.461275e-01
-9.999000e+03 -9.999000e+03 -9.999000e+03 -9.999000e+03 -9.999000e+03 -9.999000e+03 -9.999000e+03 -9.999000e+03 -9.999000e+03 -9.999000e+03 -9.999000e+03 -9.999000e+03 -9.999000e+03 -9.999000e+03 -9.999000e+03 -9.999000e+03 -9.999000e+03 -9.999000e+03 -9.999000e+03 -9.999000e+03 -9.999000e+03 -9.999000e+03 -9.999000e+03 -9.999000e+03 -9.999000e+03 -9.999000e+03 -9.999000e+03 -9.999000e+03 -9.999000e+03 -1.476073e-01 -1.459407e-01 -1.462704e-01 -1.464329e-01 -1.485013e-01 -1.485755e-01 -1.483906e-01 -1.484023e-01 -1.486398e-01 -1.461765e-01 -1.460841e-01 -1.460132e-01 -1.459567e-01 -1.460184e-01 -1.492962e-01 -1.460617e-01 -1.459262e-01 -1.458561e-01 -1.491529e-01 -1.461600e-01 -1.493586e-01
-9.999000e+03 -9.999000e+03 -9.999000e+03 -9.999000e+03 -9.999000e+03 -9.999000e+03 -9.999000e+03 -9.999000e+03 -9.999000e+03 -9.999000e+03 -9.999000e+03 -9.999000e+03 -9.999000e+03 -9.999000e+03 -9.999000e+03 -9.999000e+03 -9.999000e+03 -9.999000e+03 -9.999000e+03 -9.999000e+03 -9.999000e+03 -9.999000e+03 -9.999000e+03 -9.999000e+03 -9.999000e+03 -9.999000e+03 -9.999000e+03 -9.999000e+03 -9.999000e+03 -9.999000e+03 -1.462733e-01 -9.999000e+03 -9.999000e+03 -9.999000e+03 -9.999000e+03 -9.999000e+03 -9.999000e+03 -9.999000e+03 -1.488134e-01 -1.460660e-01 -1.459492e-01 -1.458924e-01 -1.460259e-01 -1.461353e-01 -1.460320e-01 -1.459376e-01 -1.458300e-01 -1.457184e-01 -1.490614e-01 -1.463230e-01
-9.999000e+03 -9.999000e+03 -9.999000e+03 -9.999000e+03 -9.999000e+03 -9.999000e+03 -9.999000e+03 -9.999000e+03 -9.999000e+03 -9.999000e+03 -9.999000e+03 -9.999000e+03 -9.999000e+03 -9.999000e+03 -9.999000e+03 -9.999000e+03 -9.999000e+03 -9.999000e+03 -9.999000e+03 -9.999000e+03 -9.999000e+03 -9.999000e+03 -9.999000e+03 -9.999000e+03 -9.999000e+03 -9.999000e+03 -9.999000e+03 -9.999000e+03 -9.999000e+03 -9.999000e+03 -9.999000e+03 -9.999000e+03 -9.999000e+03 -9.999000e+03 -9.999000e+03 -9.999000e+03 -9.999000e+03 -9.999000e+03 -9.999000e+03 -9.999000e+03 -9.999000e+03 -1.488304e-01 -1.489116e-01 -1.491361e-01 -1.461111e-01 -1.459215e-01 -1.458144e-01 -1.456977e-01 -1.460304e-01 -1.463346e-01
-9.999000e+03 -9.999000e+03 -9.999000e+03 -9.999000e+03 -9.999000e+03 -9.999000e+03 -9.999000e+03 -9.999000e+03 -9.999000e+03 -9.999000e+03 -9.999000e+03 -9.999000e+03 -9.999000e+03 -9.999000e+03 -9.999000e+03 -9.999000e+03 -9.999000e+03 -9.999000e+03 -9.999000e+03 -9.999000e+03 -9.999000e+03 -9.999000e+03 -9.999000e+03 -9.999000e+03 -9.999000e+03 -9.999000e+03 -9.999000e+03 -9.999000e+03 -9.999000e+03 -9.999000e+03 -9.999000e+03 -9.999000e+03 -9.999000e+03 -9.999000e+03 -9.999000e+03 -9.999000e+03 -9.999000e+03 -9.999000e+03 -9.999000e+03 -9.999000e+03 -9.999000e+03 -9.999000e+03 -9.999000e+03 -9.999000e+03 -1.492942e-01 -1.492372e-01 -1.458888e-01 -1.457533e-01 -1.490695e-01 -1.463697e-01
-9.999000e+03 -9.999000e+03 -9.999000e+03 -9.999000e+03 -9.999000e+03 -9.999000e+03 -9.999000e+03 -9.999000e+03 -9.999000e+03 -9.999000e+03 -9.999000e+03 -9.999000e+03 -9.999000e+03 -9.999000e+03 -9.999000e+03 -9.999000e+03 -9.999000e+03 -9.999000e+03 -9.999000e+03 -9.999000e+03 -9.999000e+03 -9.999000e+03 -9.999000e+03 -9.999000e+03 -9.999000e+03 -9.999000e+03 -9.999000e+03 -9.999000e+03 -9.999000e+03 -9.999000e+03 -9.999000e+03 -9.999000e+03 -9.999000e+03 -9.999000e+03 -9.999000e+03 -9.999000e+03 -9.999000e+03 -9.999000e+03 -9.999000e+03 -9.999000e+03 -9.999000e+03 -9.999000e+03 -9.999000e+03 -9.999000e+03 -9.999000e+03 -9.999000e+03 -9.999000e+03 -9.999000e+03 -9.999000e+03 -9.999000e+03
