tests/data/reference/test_implicit_stream_rill_mfda/control/massbalance.asc
ncols	123
nrows	77
xllcorner	-713746.79929998
yllcorner	-1061022.36961616
cellsize	10.0
NODATA_value	-9999
[rows 44 to 65 of 77, columns 0 to 49 of 123]
-9.999000e+03 -9.999000e+03 -9.999000e+03 -9.999000e+03 -9.999000e+03 -9.999000e+03 -9.999000e+03 -1.347825e-01 -1.559094e-01 -1.672005e-01 -1.542333e-01 -1.562321e-01 -1.566253e-01 -1.568880e-01 -1.573796e-01 -1.576791e-01 -1.581810e-01 -1.559982e-01 -1.571192e-01 -1.567164e-01 -1.633699e-01 -1.656304e-01 -1.692442e-01 -1.567517e-01 -1.567659e-01 -1.542662e-01 -1.543819e-01 -1.541324e-01 -1.563956e-01 -1.567206e-01 -1.570518e-01 -1.565791e-01 -1.563744e-01 -1.561280e-01 -1.560952e-01 -1.569106e-01 -2.088722e-01 -2.122563e-01 -2.155427e-01 -2.169788e-01 -2.227864e-01 -2.329647e-01 -3.954446e-01 -1.150615e-01 -2.282387e-01 -2.789411e-01 -2.557232e-01 -6.487882e-01 -1.618614e-01 -1.576399e-01
-9.999000e+03 -9.999000e+03 -9.999000e+03 -9.999000e+03 -9.999000e+03 -9.999000e+03 -9.999000e+03 -1.717098e-01 -1.658377e-01 -1.570325e-01 -1.540817e-01 -1.562000e-01 -1.565949e-01 -1.565195e-01 -1.564075e-01 -1.576499e-01 -1.560337e-01 -1.564228e-01 -1.570295e-01 -1.566500e-01 -1.564380e-01 -1.564813e-01 -1.560371e-01 -1.565391e-01 -1.543425e-01 -1.544028e-01 -1.532177e-01 -1.564660e-01 -1.567657e-01 -1.568240e-01 -1.566987e-01 -1.564804e-01 -1.570895e-01 -1.968851e-01 -2.010820e-01 -2.018752e-01 -1.576825e-01 -1.575257e-01 -1.578879e-01 -1.569594e-01 -1.570054e-01 -1.570725e-01 -1.572069e-01 -1.643486e-01 -1.676712e-01 -1.718123e-01 -1.585992e-01 -1.585397e-01 -1.584370e-01 -1.637047e-01
-9.999000e+03 -9.999000e+03 -9.999000e+03 -9.999000e+03 -9.999000e+03 -9.999000e+03 -1.369503e-01 -1.678986e-01 -1.565949e-01 -1.566416e-01 -1.541065e-01 -1.561616e-01 -1.567901e-01 -1.567002e-01 -1.561535e-01 -1.567613e-01 -1.566622e-01 -1.564578e-01 -1.571023e-01 -1.567133e-01 -1.565208e-01 -1.542631e-01 -1.542132e-01 -1.540141e-01 -1.561558e-01 -1.566226e-01 -1.568406e-01 -1.568583e-01 -1.566208e-01 -1.572560e-01 -1.575521e-01 -1.906408e-01 -1.934462e-01 -1.583319e-01 -1.581298e-01 -1.577709e-01 -1.581208e-01 -1.570011e-01 -1.569617e-01 -1.565268e-01 -1.565328e-01 -1.566116e-01 -1.566368e-01 -1.567426e-01 -1.572343e-01 -1.573824e-01 -1.575777e-01 -1.586000e-01 -1.582194e-01 -1.583276e-01
-9.999000e+03 -9.999000e+03 -9.999000e+03 -9.999000e+03 -9.999000e+03 -9.999000e+03 -8.701715e-02 -1.629681e-01 -1.561583e-01 -1.562313e-01 -1.542205e-01 -1.565140e-01 -1.562133e-01 -1.559617e-01 -1.576643e-01 -1.564367e-01 -1.567658e-01 -1.564457e-01 -1.571904e-01 -1.568899e-01 -1.545315e-01 -1.543424e-01 -1.543684e-01 -1.543658e-01 -1.542432e-01 -1.567421e-01 -1.567010e-01 -1.782855e-01 -1.797345e-01 -1.800697e-01 -1.843468e-01 -1.579375e-01 -1.580056e-01 -1.585765e-01 -1.582925e-01 -1.574163e-01 -1.571677e-01 -1.572466e-01 -1.566455e-01 -1.564684e-01 -1.567008e-01 -1.566154e-01 -1.567009e-01 -1.567233e-01 -1.567505e-01 -1.568263e-01 -1.575006e-01 -1.574647e-01 -1.585626e-01 -1.580948e-01
-9.999000e+03 -9.999000e+03 -9.999000e+03 -9.999000e+03 -9.999000e+03 -1.328647e-01 -1.588939e-01 -1.600224e-01 -1.541918e-01 -1.542310e-01 -1.563572e-01 -1.565132e-01 -1.560857e-01 -1.593720e-01 -1.564957e-01 -1.563662e-01 -1.568508e-01 -1.565565e-01 -1.572980e-01 -1.569890e-01 -1.615704e-01 -1.647489e-01 -1.679487e-01 -1.735265e-01 -1.741476e-01 -1.749470e-01 -1.781955e-01 -1.568088e-01 -1.567631e-01 -1.567410e-01 -1.576260e-01 -1.575426e-01 -1.574738e-01 -1.576558e-01 -1.575387e-01 -1.571936e-01 -1.570834e-01 -1.570329e-01 -1.566379e-01 -1.568741e-01 -1.567538e-01 -1.568725e-01 -1.568596e-01 -1.568295e-01 -1.568165e-01 -1.568227e-01 -1.568642e-01 -1.572519e-01 -1.573848e-01 -1.583003e-01
-9.999000e+03 -9.999000e+03 -9.999000e+03 -9.999000e+03 -1.097049e-01 -1.740026e-01 -1.565788e-01 -1.571479e-01 -1.540702e-01 -1.544476e-01 -1.562305e-01 -1.564260e-01 -1.618721e-01 -1.562449e-01 -1.565093e-01 -1.563335e-01 -1.566388e-01 -1.566285e-01 -1.562490e-01 -1.561761e-01 -1.561781e-01 -1.562184e-01 -1.602045e-01 -1.567990e-01 -1.566183e-01 -1.570556e-01 -1.569881e-01 -1.569008e-01 -1.567880e-01 -1.569893e-01 -1.569312e-01 -1.566601e-01 -1.576416e-01 -1.575732e-01 -1.575012e-01 -1.574325e-01 -1.573856e-01 -1.569943e-01 -1.566919e-01 -1.569462e-01 -1.566144e-01 -1.561561e-01 -1.561018e-01 -1.560127e-01 -1.559712e-01 -1.559684e-01 -1.566269e-01 -1.568472e-01 -1.570154e-01 -1.570916e-01
-9.999000e+03 -9.999000e+03 -9.999000e+03 -9.999000e+03 -1.400223e-01 -1.570794e-01 -1.562434e-01 -1.563546e-01 -1.563354e-01 -1.533495e-01 -1.563975e-01 -1.630154e-01 -1.541733e-01 -1.561889e-01 -1.564195e-01 -1.563173e-01 -1.566558e-01 -1.563875e-01 -1.565425e-01 -1.561119e-01 -1.564159e-01 -1.614673e-01 -1.565864e-01 -1.566337e-01 -1.565501e-01 -1.563430e-01 -1.568470e-01 -1.569004e-01 -1.568663e-01 -1.569306e-01 -1.567457e-01 -1.567213e-01 -1.567770e-01 -1.567039e-01 -1.566606e-01 -1.566579e-01 -1.571556e-01 -1.564381e-01 -1.571748e-01 -1.561789e-01 -1.561099e-01 -1.561220e-01 -1.561576e-01 -1.561562e-01 -1.561549e-01 -1.567554e-01 -1.568862e-01 -1.568737e-01 -1.562011e-01 -1.563808e-01
-9.999000e+03 -9.999000e+03 -9.999000e+03 -1.338146e-01 -1.750481e-01 -1.566591e-01 -1.548612e-01 -1.560692e-01 -1.568511e-01 -1.560244e-01 -1.606940e-01 -1.559258e-01 -1.540416e-01 -1.563468e-01 -1.563484e-01 -1.562543e-01 -1.565989e-01 -1.566313e-01 -1.567172e-01 -1.566502e-01 -1.599267e-01 -1.559893e-01 -1.565229e-01 -1.561362e-01 -1.563782e-01 -1.563836e-01 -1.563694e-01 -1.564148e-01 -1.564025e-01 -1.566120e-01 -1.568023e-01 -1.567393e-01 -1.567825e-01 -1.568556e-01 -1.568084e-01 -1.561088e-01 -1.566444e-01 -1.562991e-01 -1.565660e-01 -1.564913e-01 -1.563714e-01 -1.563847e-01 -1.564806e-01 -1.565204e-01 -1.570289e-01 -1.561442e-01 -1.560586e-01 -1.563589e-01 -1.563211e-01 -1.563839e-01
-9.999000e+03 -9.999000e+03 -9.999000e+03 -1.309727e-01 -1.580047e-01 -1.559710e-01 -1.542259e-01 -1.559362e-01 -1.562394e-01 -1.562817e-01 -1.585147e-01 -1.563471e-01 -1.538935e-01 -1.563417e-01 -1.562271e-01 -1.561555e-01 -1.561977e-01 -1.562316e-01 -1.562964e-01 -1.611070e-01 -1.545388e-01 -1.537537e-01 -1.565201e-01 -1.563270e-01 -1.563974e-01 -1.561510e-01 -1.563460e-01 -1.564447e-01 -1.563374e-01 -1.563470e-01 -1.564000e-01 -1.568277e-01 -1.568338e-01 -1.567900e-01 -1.561705e-01 -1.565942e-01 -1.563113e-01 -1.564595e-01 -1.564141e-01 -1.564248e-01 -1.563536e-01 -1.563086e-01 -1.563662e-01 -1.570929e-01 -1.565437e-01 -1.564993e-01 -1.564210e-01 -1.526399e-01 -1.525410e-01 -1.525168e-01
-9.999000e+03 -9.999000e+03 -1.477080e-01 -1.714418e-01 -1.561535e-01 -1.562223e-01 -1.564263e-01 -1.564168e-01 -1.564126e-01 -1.563433e-01 -1.577688e-01 -1.563682e-01 -1.547476e-01 -1.560192e-01 -1.562326e-01 -1.564487e-01 -1.564395e-01 -1.564260e-01 -1.571811e-01 -1.571504e-01 -1.543080e-01 -1.557813e-01 -1.563574e-01 -1.564589e-01 -1.562556e-01 -1.562854e-01 -1.563415e-01 -1.562943e-01 -1.563496e-01 -1.564780e-01 -1.565984e-01 -1.566403e-01 -1.566436e-01 -1.559114e-01 -1.566275e-01 -1.560369e-01 -1.566022e-01 -1.566394e-01 -1.567000e-01 -1.566984e-01 -1.567131e-01 -1.567434e-01 -1.560640e-01 -1.564274e-01 -1.566078e-01 -1.570160e-01 -1.550438e-01 -1.554524e-01 -1.555139e-01 -1.552648e-01
-9.999000e+03 -9.999000e+03 -3.249486e-01 -1.561725e-01 -1.549560e-01 -1.565209e-01 -1.558154e-01 -1.564620e-01 -1.564581e-01 -1.598331e-01 -1.564077e-01 -1.560310e-01 -1.556792e-01 -1.560887e-01 -1.560145e-01 -1.562428e-01 -1.563016e-01 -1.563020e-01 -1.561728e-01 -1.560395e-01 -1.546985e-01 -1.565213e-01 -1.557970e-01 -1.559416e-01 -1.564376e-01 -1.565623e-01 -1.559466e-01 -1.560161e-01 -1.561108e-01 -1.564469e-01 -1.566414e-01 -1.566117e-01 -1.560965e-01 -1.565105e-01 -1.562262e-01 -1.562165e-01 -1.562903e-01 -1.567652e-01 -1.568467e-01 -1.568083e-01 -1.564242e-01 -1.561740e-01 -1.568188e-01 -1.568490e-01 -1.570522e-01 -1.569410e-01 -1.569255e-01 -1.564077e-01 -1.668768e-01 -1.724303e-01
-9.999000e+03 -1.251738e-01 -1.861642e-01 -1.564139e-01 -1.547409e-01 -1.560692e-01 -1.558183e-01 -1.557708e-01 -9.999000e+03 -9.999000e+03 -9.999000e+03 -1.563852e-01 -1.564623e-01 -1.549419e-01 -1.554458e-01 -1.552418e-01 -1.544572e-01 -1.540506e-01 -1.543539e-01 -1.559645e-01 -1.563930e-01 -1.557272e-01 -1.563615e-01 -1.565368e-01 -1.555760e-01 -1.560937e-01 -1.564746e-01 -1.565422e-01 -1.565562e-01 -1.566091e-01 -1.566128e-01 -1.562994e-01 -1.565267e-01 -1.561453e-01 -1.564228e-01 -1.565149e-01 -1.565779e-01 -1.566305e-01 -1.566884e-01 -1.565974e-01 -1.560257e-01 -1.564546e-01 -1.565659e-01 -1.567948e-01 -1.567822e-01 -1.564272e-01 -1.572789e-01 -1.622297e-01 -1.569299e-01 -1.567172e-01
-9.999000e+03 -1.067765e-01 -1.578061e-01 -1.547996e-01 -1.565342e-01 -1.563958e-01 -9.999000e+03 -9.999000e+03 -9.999000e+03 -9.999000e+03 -9.999000e+03 -9.999000e+03 -1.562187e-01 -1.545971e-01 -1.561186e-01 -1.565990e-01 -1.552508e-01 -1.560950e-01 -1.567699e-01 -1.592436e-01 -1.563558e-01 -1.563991e-01 -1.559770e-01 -1.553985e-01 -1.563402e-01 -1.562392e-01 -1.558331e-01 -1.543295e-01 -1.545112e-01 -1.534109e-01 -1.562686e-01 -1.564117e-01 -1.561645e-01 -1.563600e-01 -1.564833e-01 -1.565155e-01 -1.566154e-01 -1.566745e-01 -1.567150e-01 -1.561661e-01 -1.565143e-01 -1.566037e-01 -1.566665e-01 -1.567487e-01 -1.568176e-01 -1.566841e-01 -1.567162e-01 -1.558988e-01 -1.567516e-01 -1.567880e-01
-1.341086e-01 -9.934457e-02 -1.562455e-01 -1.564599e-01 -1.561789e-01 -1.546136e-01 -9.999000e+03 -9.999000e+03 -9.999000e+03 -9.999000e+03 -9.999000e+03 -9.999000e+03 -9.999000e+03 -9.999000e+03 -9.999000e+03 -1.537091e-01 -1.564925e-01 -1.545407e-01 -1.537540e-01 -1.546212e-01 -1.592755e-01 -9.999000e+03 -9.999000e+03 -1.559791e-01 -1.552131e-01 -1.540612e-01 -1.541961e-01 -1.543938e-01 -1.544470e-01 -1.565943e-01 -1.546470e-01 -1.563629e-01 -1.559166e-01 -1.565000e-01 -1.565374e-01 -1.566639e-01 -1.567008e-01 -1.566823e-01 -1.564531e-01 -1.563510e-01 -1.565847e-01 -1.560856e-01 -1.561516e-01 -1.569126e-01 -1.569035e-01 -1.563882e-01 -1.559557e-01 -1.563053e-01 -1.562639e-01 -1.561071e-01
-1.281826e-01 -1.564500e-01 -1.563511e-01 -1.563454e-01 -1.547005e-01 -9.999000e+03 -9.999000e+03 -9.999000e+03 -9.999000e+03 -9.999000e+03 -9.999000e+03 -9.999000e+03 -9.999000e+03 -9.999000e+03 -9.999000e+03 -9.999000e+03 -9.999000e+03 -9.999000e+03 -9.999000e+03 -9.999000e+03 -9.999000e+03 -9.999000e+03 -9.999000e+03 -1.557772e-01 -1.568180e-01 -1.538207e-01 -1.561181e-01 -1.564892e-01 -1.566329e-01 -1.542149e-01 -1.565348e-01 -1.563588e-01 -1.558164e-01 -1.542954e-01 -1.537562e-01 -1.554002e-01 -1.561538e-01 -1.564413e-01 -1.566627e-01 -1.566472e-01 -1.531300e-01 -1.529665e-01 -1.567128e-01 -1.569461e-01 -1.560485e-01 -1.562492e-01 -1.565041e-01 -1.564373e-01 -1.563976e-01 -1.567358e-01
-9.999000e+03 -1.543008e-01 -1.546011e-01 -1.536819e-01 -9.999000e+03 -9.999000e+03 -9.999000e+03 -9.999000e+03 -9.999000e+03 -9.999000e+03 -9.999000e+03 -9.999000e+03 -9.999000e+03 -9.999000e+03 -9.999000e+03 -9.999000e+03 -9.999000e+03 -9.999000e+03 -9.999000e+03 -9.999000e+03 -9.999000e+03 -9.999000e+03 -9.999000e+03 -9.999000e+03 -9.999000e+03 -9.999000e+03 -1.540516e-01 -1.542001e-01 -1.561617e-01 -1.565331e-01 -1.547948e-01 -1.540620e-01 -1.542479e-01 -1.545091e-01 -1.545523e-01 -1.543422e-01 -1.568071e-01 -1.536985e-01 -1.558636e-01 -1.545623e-01 -1.546733e-01 -1.564085e-01 -1.533650e-01 -1.534093e-01 -1.564440e-01 -1.531829e-01 -1.530319e-01 -1.528404e-01 -1.570067e-01 -1.560795e-01
-9.999000e+03 -9.999000e+03 -9.999000e+03 -9.999000e+03 -9.999000e+03 -9.999000e+03 -9.999000e+03 -9.999000e+03 -9.999000e+03 -9.999000e+03 -9.999000e+03 -9.999000e+03 -9.999000e+03 -9.999000e+03 -9.999000e+03 -9.999000e+03 -9.999000e+03 -9.999000e+03 -9.999000e+03 -9.999000e+03 -9.999000e+03 -9.999000e+03 -9.999000e+03 -9.999000e+03 -9.999000e+03 -9.999000e+03 -9.999000e+03 -9.999000e+03 -1.541055e-01 -1.557781e-01 -1.567800e-01 -1.542834e-01 -1.541803e-01 -1.557170e-01 -1.563583e-01 -1.565290e-01 -1.545123e-01 -1.543478e-01 -1.544830e-01 -1.543663e-01 -1.567523e-01 -1.545755e-01 -1.546076e-01 -1.566421e-01 -1.546334e-01 -1.546378e-01 -1.546216e-01 -1.567996e-01 -1.537972e-01 -1.577514e-01
-9.999000e+03 -9.999000e+03 -9.999000e+03 -9.999000e+03 -9.999000e+03 -9.999000e+03 -9.999000e+03 -9.999000e+03 -9.999000e+03 -9.999000e+03 -9.999000e+03 -9.999000e+03 -9.999000e+03 -9.999000e+03 -9.999000e+03 -9.999000e+03 -9.999000e+03 -9.999000e+03 -9.999000e+03 -9.999000e+03 -9.999000e+03 -9.999000e+03 -9.999000e+03 -9.999000e+03 -9.999000e+03 -9.999000e+03 -9.999000e+03 -9.999000e+03 -9.999000e+03 -1.547571e-01 -1.568460e-01 -1.561329e-01 -1.562738e-01 -1.545103e-01 -1.545285e-01 -1.543497e-01 -1.543680e-01 -1.545457e-01 -1.541873e-01 -1.566980e-01 -1.565937e-01 -1.565542e-01 -1.569159e-01 -1.545811e-01 -1.536265e-01 -1.568006e-01 -1.567961e-01 -1.544794e-01 -1.575422e-01 -1.546346e-01
-9.999000e+03 -9.999000e+03 -9.999000e+03 -9.999000e+03 -9.999000e+03 -9.999000e+03 -9.999000e+03 -9.999000e+03 -9.999000e+03 -9.999000e+03 -9.999000e+03 -9.999000e+03 -9.999000e+03 -9.999000e+03 -9.999000e+03 -9.999000e+03 -9.999000e+03 -9.999000e+03 -9.999000e+03 -9.999000e+03 -9.999000e+03 -9.999000e+03 -9.999000e+03 -9.999000e+03 -9.999000e+03 -9.999000e+03 -9.999000e+03 -9.999000e+03 -9.999000e+03 -9.999000e+03 -1.562643e-01 -9.999000e+03 -9.999000e+03 -9.999000e+03 -9.999000e+03 -9.999000e+03 -9.999000e+03 -9.999000e+03 -1.544004e-01 -1.540847e-01 -1.567147e-01 -1.566896e-01 -1.565820e-01 -1.568105e-01 -1.565286e-01 -1.563737e-01 -1.562298e-01 -1.577566e-01 -1.546148e-01 -1.538111e-01
-9.999000e+03 -9.999000e+03 -9.999000e+03 -9.999000e+03 -9.999000e+03 -9.999000e+03 -9.999000e+03 -9.999000e+03 -9.999000e+03 -9.999000e+03 -9.999000e+03 -9.999000e+03 -9.999000e+03 -9.999000e+03 -9.999000e+03 -9.999000e+03 -9.999000e+03 -9.999000e+03 -9.999000e+03 -9.999000e+03 -9.999000e+03 -9.999000e+03 -9.999000e+03 -9.999000e+03 -9.999000e+03 -9.999000e+03 -9.999000e+03 -9.999000e+03 -9.999000e+03 -9.999000e+03 -9.999000e+03 -9.999000e+03 -9.999000e+03 -9.999000e+03 -9.999000e+03 -9.999000e+03 -9.999000e+03 -9.999000e+03 -9.999000e+03 -9.999000e+03 -9.999000e+03 -1.544098e-01 -1.544782e-01 -1.544686e-01 -1.532568e-01 -1.568012e-01 -1.567138e-01 -1.567393e-01 -1.572447e-01 -1.564599e-01
-9.999000e+03 -9.999000e+03 -9.999000e+03 -9.999000e+03 -9.999000e+03 -9.999000e+03 -9.999000e+03 -9.999000e+03 -9.999000e+03 -9.999000e+03 -9.999000e+03 -9.999000e+03 -9.999000e+03 -9.999000e+03 -9.999000e+03 -9.999000e+03 -9.999000e+03 -9.999000e+03 -9.999000e+03 -9.999000e+03 -9.999000e+03 -9.999000e+03 -9.999000e+03 -9.999000e+03 -9.999000e+03 -9.999000e+03 -9.999000e+03 -9.999000e+03 -9.999000e+03 -9.999000e+03 -9.999000e+03 -9.999000e+03 -9.999000e+03 -9.999000e+03 -9.999000e+03 -9.999000e+03 -9.999000e+03 -9.999000e+03 -9.999000e+03 -9.999000e+03 -9.999000e+03 -9.999000e+03 -9.999000e+03 -9.999000e+03 -1.545794e-01 -1.545342e-01 -1.539607e-01 -1.568704e-01 -1.546223e-01 -1.536011e-01
-9.999000e+03 -9.999000e+03 -9.999000e+03 -9.999000e+03 -9.999000e+03 -9.999000e+03 -9.999000e+03 -9.999000e+03 -9.999000e+03 -9.999000e+03 -9.999000e+03 -9.999000e+03 -9.999000e+03 -9.999000e+03 -9.999000e+03 -9.999000e+03 -9.999000e+03 -9.999000e+03 -9.999000e+03 -9.999000e+03 -9.999000e+03 -9.999000e+03 -9.999000e+03 -9.999000e+03 -9.999000e+03 -9.999000e+03 -9.999000e+03 -9.999000e+03 -9.999000e+03 -9.999000e+03 -9.999000e+03 -9.999000e+03 -9.999000e+03 -9.999000e+03 -9.999000e+03 -9.999000e+03 -9.999000e+03 -9.999000e+03 -9.999000e+03 -9.999000e+03 -9.999000e+03 -9.999000e+03 -9.999000e+03 -9.999000e+03 -9.999000e+03 -9.999000e+03 -9.999000e+03 -9.999000e+03 -9.999000e+03 -9.999000e+03
