tests/data/reference/test_implicit_stream_rill_mfda/control/massbalance.asc
ncols	123
nrows	77
xllcorner	-713746.79929998
yllcorner	-1061022.36961616
cellsize	10.0
NODATA_value	-9999
[rows 44 to 65 of 77, columns 50 to 99 of 123]
-1.471946e-01 -1.463553e-01 -1.457056e-01 -1.452252e-01 -1.448111e-01 -1.467698e-01 -1.463338e-01 -1.461954e-01 -1.464385e-01 -1.500680e-01 -1.500170e-01 -1.498695e-01 -1.497318e-01 -1.469544e-01 -1.496411e-01 -1.125455e-01 -1.452671e-01 -1.497508e-01 -1.493607e-01 -1.491957e-01 -1.485076e-01 -1.490904e-01 -1.492039e-01 -1.492559e-01 -1.557908e-01 -1.562662e-01 -1.562207e-01 -1.701367e-01 -9.999000e+03 -9.999000e+03 -9.999000e+03 -9.999000e+03 -2.352700e-01 -1.603151e-01 -1.563606e-01 -1.516809e-01 -1.491245e-01 -1.478902e-01 -1.480834e-01 -1.501994e-01 -1.502259e-01 -1.502514e-01 -1.502389e-01 -1.501439e-01 -1.499762e-01 -1.497521e-01 -1.495982e-01 -1.495179e-01 -1.494588e-01 -1.496151e-01
-1.479651e-01 -1.472755e-01 -1.466254e-01 -1.461821e-01 -1.486133e-01 -1.478260e-01 -1.472336e-01 -1.471526e-01 -1.493013e-01 -1.493275e-01 -1.493173e-01 -1.492879e-01 -1.477953e-01 -1.498436e-01 -1.118645e-01 -1.449460e-01 -1.497850e-01 -1.488032e-01 -1.487039e-01 -1.492623e-01 -1.482657e-01 -1.481774e-01 -1.481875e-01 -1.480918e-01 -1.479326e-01 -1.540608e-01 -1.544897e-01 -9.999000e+03 -9.999000e+03 -5.008402e-01 -1.505418e-01 -9.999000e+03 -9.999000e+03 -9.999000e+03 -1.576330e-01 -1.588601e-01 -1.483530e-01 -1.474716e-01 -1.476953e-01 -1.502198e-01 -1.502940e-01 -1.503068e-01 -1.502908e-01 -1.502272e-01 -1.501031e-01 -1.499153e-01 -1.497635e-01 -1.496544e-01 -1.495574e-01 -1.504831e-01
-1.482498e-01 -1.478292e-01 -1.475731e-01 -1.507037e-01 -1.500809e-01 -1.491406e-01 -1.485310e-01 -1.479266e-01 -1.479505e-01 -1.479140e-01 -1.478468e-01 -1.486531e-01 -1.493727e-01 -1.281397e-01 -1.446283e-01 -1.491661e-01 -1.476282e-01 -1.476386e-01 -1.501650e-01 -1.475999e-01 -1.473797e-01 -1.472331e-01 -1.472318e-01 -1.471653e-01 -1.469173e-01 -1.466913e-01 -1.477082e-01 -9.999000e+03 -1.685627e-01 -1.542412e-01 -1.504693e-01 -1.529544e-01 -1.554117e-01 -9.999000e+03 -9.999000e+03 -9.999000e+03 -1.565276e-01 -1.473991e-01 -1.475790e-01 -1.501661e-01 -1.503030e-01 -1.503268e-01 -1.503068e-01 -1.502500e-01 -1.501628e-01 -1.500294e-01 -1.499115e-01 -1.498099e-01 -1.497054e-01 -1.505163e-01
-1.480094e-01 -1.482166e-01 -1.519295e-01 -1.519692e-01 -1.514448e-01 -1.505279e-01 -1.467082e-01 -1.466032e-01 -1.466320e-01 -1.466465e-01 -1.494312e-01 -1.479421e-01 -1.425984e-01 -1.444128e-01 -1.477109e-01 -1.463651e-01 -1.464168e-01 -1.505070e-01 -1.465529e-01 -1.466326e-01 -1.465112e-01 -1.464089e-01 -1.464836e-01 -1.465587e-01 -1.464521e-01 -1.478237e-01 -1.504523e-01 -9.999000e+03 -1.880211e-01 -1.534634e-01 -1.515034e-01 -1.534759e-01 -1.550986e-01 -1.565448e-01 -2.231101e-01 -9.999000e+03 -9.999000e+03 -1.478636e-01 -1.477808e-01 -1.500190e-01 -1.502424e-01 -1.503119e-01 -1.502921e-01 -1.502189e-01 -1.501580e-01 -1.500874e-01 -1.500303e-01 -1.499709e-01 -1.498871e-01 -1.499405e-01
-1.480838e-01 -1.518246e-01 -1.520925e-01 -1.523399e-01 -1.521021e-01 -1.490762e-01 -1.491693e-01 -1.491543e-01 -1.491745e-01 -1.502869e-01 -1.466939e-01 -1.536298e-01 -1.445761e-01 -1.465259e-01 -1.495487e-01 -1.494908e-01 -1.496212e-01 -1.494293e-01 -1.495330e-01 -1.497717e-01 -1.499081e-01 -1.499425e-01 -1.500622e-01 -1.502691e-01 -1.487438e-01 -1.464942e-01 -1.467793e-01 -9.999000e+03 -2.520705e-01 -1.493977e-01 -1.547382e-01 -1.566709e-01 -1.575976e-01 -1.582811e-01 -1.595111e-01 -1.528553e-01 -9.999000e+03 -1.572080e-01 -1.479235e-01 -1.498467e-01 -1.501347e-01 -1.502737e-01 -1.502809e-01 -1.501984e-01 -1.501534e-01 -1.501275e-01 -1.501215e-01 -1.501021e-01 -1.500358e-01 -1.491601e-01
-1.507517e-01 -1.510225e-01 -1.513166e-01 -1.516051e-01 -1.489408e-01 -1.467532e-01 -1.483260e-01 -1.498825e-01 -1.505952e-01 -1.490925e-01 -1.614993e-01 -1.452760e-01 -1.493513e-01 -1.494727e-01 -1.463966e-01 -1.477746e-01 -1.494320e-01 -1.463983e-01 -1.478315e-01 -1.493463e-01 -1.501594e-01 -1.505467e-01 -1.504379e-01 -1.498564e-01 -1.502019e-01 -1.505122e-01 -1.419697e-01 -9.999000e+03 -7.755526e-01 -1.440537e-01 -1.528653e-01 -1.548743e-01 -1.563678e-01 -1.574774e-01 -1.586833e-01 -1.596373e-01 -9.999000e+03 -9.999000e+03 -1.475953e-01 -1.496769e-01 -1.499879e-01 -1.501929e-01 -1.502537e-01 -1.501965e-01 -1.501655e-01 -1.501620e-01 -1.501938e-01 -1.502098e-01 -1.501548e-01 -1.484513e-01
-1.493020e-01 -1.494956e-01 -1.497415e-01 -1.593783e-01 -1.456374e-01 -1.275558e-01 -1.118738e-01 -1.059912e-01 -1.110388e-01 -1.629793e-01 -1.465841e-01 -1.492272e-01 -1.465655e-01 -1.479319e-01 -1.495205e-01 -1.505035e-01 -1.507915e-01 -1.504247e-01 -1.495886e-01 -1.485491e-01 -1.477410e-01 -1.473237e-01 -1.471424e-01 -1.470573e-01 -1.467756e-01 -1.462475e-01 -1.373583e-01 -9.999000e+03 -4.989497e-01 -1.505315e-01 -1.507510e-01 -1.516676e-01 -1.537931e-01 -1.556321e-01 -1.573342e-01 -1.667978e-01 -1.577436e-01 -9.999000e+03 -1.558448e-01 -1.495644e-01 -1.498684e-01 -1.501001e-01 -1.501985e-01 -1.501816e-01 -1.501739e-01 -1.501761e-01 -1.461371e-01 -1.461663e-01 -1.502566e-01 -1.479233e-01
-1.474779e-01 -1.475454e-01 -1.671327e-01 -1.489677e-01 -1.549456e-01 -1.545266e-01 -1.622426e-01 -1.725796e-01 -1.745863e-01 -1.480590e-01 -1.486956e-01 -1.471645e-01 -1.460880e-01 -1.457096e-01 -1.457454e-01 -1.459490e-01 -1.461139e-01 -1.461462e-01 -1.503686e-01 -1.522496e-01 -1.508049e-01 -1.487895e-01 -1.460865e-01 -1.429933e-01 -1.400556e-01 -1.380891e-01 -1.491471e-01 -9.999000e+03 -1.504596e-01 -1.462507e-01 -1.468282e-01 -1.538812e-01 -1.550707e-01 -1.564835e-01 -1.577354e-01 -1.594620e-01 -1.734240e-01 -9.999000e+03 -9.999000e+03 -1.534761e-01 -1.498013e-01 -1.500268e-01 -1.501381e-01 -1.501542e-01 -1.501776e-01 -1.501799e-01 -1.470836e-01 -1.470493e-01 -1.503326e-01 -1.475875e-01
-1.462909e-01 -1.715042e-01 -1.495690e-01 -1.495250e-01 -1.494131e-01 -1.493917e-01 -1.575359e-01 -1.478657e-01 -1.495084e-01 -1.498882e-01 -1.479865e-01 -1.464968e-01 -1.456203e-01 -1.456001e-01 -1.458821e-01 -1.460501e-01 -1.460373e-01 -1.458874e-01 -1.495988e-01 -1.464635e-01 -1.474028e-01 -1.487889e-01 -1.501378e-01 -1.514581e-01 -1.518697e-01 -1.508567e-01 -1.500402e-01 -9.999000e+03 -6.029498e-01 -1.442963e-01 -1.472272e-01 -1.485923e-01 -1.565878e-01 -1.571384e-01 -1.582887e-01 -1.594763e-01 -1.605685e-01 -2.286640e-01 -9.999000e+03 -1.512367e-01 -1.498015e-01 -1.499614e-01 -1.500436e-01 -1.500631e-01 -1.501208e-01 -1.461103e-01 -1.486560e-01 -1.485426e-01 -1.461313e-01 -1.474229e-01
-1.741253e-01 -1.504130e-01 -1.503634e-01 -1.503261e-01 -1.496314e-01 -1.587106e-01 -1.488474e-01 -1.510481e-01 -1.510131e-01 -1.492841e-01 -1.468776e-01 -1.523576e-01 -1.541095e-01 -1.526513e-01 -1.499186e-01 -1.457228e-01 -1.409754e-01 -1.372371e-01 -1.355558e-01 -1.357752e-01 -1.371891e-01 -1.393073e-01 -1.420581e-01 -1.453677e-01 -1.530681e-01 -1.523318e-01 -1.545240e-01 -9.999000e+03 -1.061630e+00 -1.444178e-01 -1.473505e-01 -1.487338e-01 -1.499564e-01 -1.580813e-01 -1.583186e-01 -1.589390e-01 -1.599369e-01 -1.734343e-01 -9.999000e+03 -9.999000e+03 -1.539731e-01 -1.499273e-01 -1.499227e-01 -1.499040e-01 -1.460348e-01 -1.471137e-01 -1.501220e-01 -1.500214e-01 -1.469772e-01 -1.474062e-01
-1.509725e-01 -1.509478e-01 -1.508719e-01 -1.480180e-01 -1.541401e-01 -1.485617e-01 -1.521889e-01 -1.517521e-01 -1.504338e-01 -1.478499e-01 -1.500819e-01 -1.464716e-01 -1.461334e-01 -1.462269e-01 -1.465757e-01 -1.469295e-01 -1.468488e-01 -1.462530e-01 -1.454517e-01 -1.447596e-01 -1.444892e-01 -1.446897e-01 -1.455189e-01 -1.471605e-01 -1.494439e-01 -1.498373e-01 -1.464363e-01 -9.999000e+03 -6.658976e-01 -1.441990e-01 -1.471986e-01 -1.451338e-01 -1.457352e-01 -1.628704e-01 -1.629400e-01 -1.597343e-01 -1.692087e-01 -1.766023e-01 -1.929237e-01 -9.999000e+03 -1.541848e-01 -1.541143e-01 -1.499610e-01 -1.499330e-01 -1.472760e-01 -1.487590e-01 -1.508739e-01 -1.508215e-01 -1.483929e-01 -1.474649e-01
-1.510111e-01 -1.509018e-01 -1.481777e-01 -1.506510e-01 -1.474592e-01 -1.518758e-01 -1.513580e-01 -1.514191e-01 -1.486838e-01 -1.509116e-01 -1.468333e-01 -1.496274e-01 -1.545290e-01 -1.615384e-01 -1.650898e-01 -1.747000e-01 -1.791193e-01 -1.787110e-01 -1.732087e-01 -1.658166e-01 -1.557674e-01 -1.422528e-01 -1.251990e-01 -1.066203e-01 -9.786474e-02 -1.023245e-01 -9.999000e+03 -9.999000e+03 -1.654003e-01 -1.462424e-01 -1.466348e-01 -1.477013e-01 -1.490999e-01 -1.504753e-01 -1.514703e-01 -1.590257e-01 -1.583792e-01 -1.729712e-01 -1.717881e-01 -9.999000e+03 -1.544061e-01 -1.543079e-01 -1.501409e-01 -1.463532e-01 -1.488046e-01 -1.500298e-01 -1.509616e-01 -1.510284e-01 -1.499012e-01 -1.475523e-01
-1.503635e-01 -1.484437e-01 -1.503653e-01 -1.464938e-01 -1.506750e-01 -1.495735e-01 -1.514869e-01 -1.493625e-01 -1.510204e-01 -1.467630e-01 -1.505814e-01 -1.549035e-01 -1.505359e-01 -1.504669e-01 -1.546739e-01 -1.474433e-01 -1.507901e-01 -1.556584e-01 -1.579993e-01 -1.559321e-01 -1.527265e-01 -1.485286e-01 -1.440469e-01 -1.402545e-01 -1.379432e-01 -1.371501e-01 -9.999000e+03 -1.908799e-01 -1.499381e-01 -1.463925e-01 -1.471051e-01 -1.482600e-01 -1.496801e-01 -1.506794e-01 -1.512320e-01 -1.513448e-01 -1.587562e-01 -1.656168e-01 -1.950216e-01 -9.999000e+03 -9.999000e+03 -1.547090e-01 -1.510204e-01 -1.472179e-01 -1.498075e-01 -1.505614e-01 -1.506092e-01 -1.507903e-01 -1.507941e-01 -1.475753e-01
-1.490523e-01 -1.498190e-01 -1.455099e-01 -1.489943e-01 -1.475577e-01 -1.506737e-01 -1.499494e-01 -1.504120e-01 -1.468156e-01 -1.506376e-01 -1.506343e-01 -1.506894e-01 -1.506701e-01 -1.505712e-01 -1.466081e-01 -1.507847e-01 -1.510132e-01 -1.475202e-01 -1.532448e-01 -1.601377e-01 -1.637950e-01 -1.856091e-01 -1.636288e-01 -1.616871e-01 -1.579830e-01 -1.510081e-01 -9.999000e+03 -2.198536e-01 -1.498957e-01 -1.463403e-01 -1.471434e-01 -1.485124e-01 -1.499303e-01 -1.506510e-01 -1.509006e-01 -1.509205e-01 -1.582181e-01 -1.577090e-01 -1.858508e-01 -2.558180e-01 -9.999000e+03 -1.507036e-01 -1.519228e-01 -1.482460e-01 -1.502685e-01 -1.506566e-01 -1.500473e-01 -1.502805e-01 -1.511238e-01 -1.474706e-01
-1.492085e-01 -1.452131e-01 -1.472597e-01 -1.460109e-01 -1.495723e-01 -1.506810e-01 -1.492382e-01 -1.472001e-01 -1.502876e-01 -1.503022e-01 -1.502661e-01 -1.502596e-01 -1.502166e-01 -1.461377e-01 -1.505233e-01 -1.507559e-01 -1.470884e-01 -1.506652e-01 -1.506678e-01 -1.474918e-01 -1.501890e-01 -1.538615e-01 -1.574699e-01 -1.568248e-01 -1.551264e-01 -1.522375e-01 -9.999000e+03 -1.974182e-01 -1.498717e-01 -1.463101e-01 -1.472105e-01 -1.487089e-01 -1.367281e-01 -1.452748e-01 -1.460075e-01 -1.404980e-01 -1.400064e-01 -1.500942e-01 -1.490073e-01 -1.579534e-01 -9.999000e+03 -9.999000e+03 -1.533769e-01 -1.557862e-01 -1.504185e-01 -1.504787e-01 -1.494105e-01 -1.496459e-01 -1.510449e-01 -1.473163e-01
-1.457872e-01 -1.466066e-01 -1.499522e-01 -1.474314e-01 -1.513954e-01 -1.479512e-01 -1.481164e-01 -1.492534e-01 -1.493695e-01 -1.493764e-01 -1.493288e-01 -1.492243e-01 -1.456565e-01 -1.500670e-01 -1.501583e-01 -1.463254e-01 -1.505584e-01 -1.506118e-01 -1.470476e-01 -1.504568e-01 -1.505053e-01 -1.505902e-01 -1.537453e-01 -1.536551e-01 -1.597112e-01 -1.282041e-01 -9.999000e+03 -2.218597e-01 -1.460785e-01 -1.408847e-01 -1.395830e-01 -1.365119e-01 -1.480960e-01 -1.389755e-01 -1.405319e-01 -1.465263e-01 -1.464621e-01 -1.403103e-01 -1.443073e-01 -1.480846e-01 -2.154486e-01 -9.999000e+03 -9.999000e+03 -1.561634e-01 -1.576648e-01 -1.501748e-01 -1.488169e-01 -1.490194e-01 -1.507073e-01 -1.471952e-01
-1.495513e-01 -1.499052e-01 -1.461545e-01 -1.508216e-01 -1.465556e-01 -1.498016e-01 -1.478799e-01 -1.477752e-01 -1.477532e-01 -1.477727e-01 -1.477933e-01 -1.452230e-01 -1.490607e-01 -1.490655e-01 -1.455874e-01 -1.499764e-01 -1.499472e-01 -1.461882e-01 -1.502993e-01 -1.503628e-01 -1.504248e-01 -1.499150e-01 -1.503762e-01 -1.503823e-01 -1.484629e-01 -1.506882e-01 -9.999000e+03 -1.732785e-01 -1.460447e-01 -1.471491e-01 -1.492789e-01 -1.468574e-01 -1.462370e-01 -1.463794e-01 -1.464295e-01 -1.463972e-01 -1.464281e-01 -1.464756e-01 -1.461565e-01 -1.510518e-01 -1.534279e-01 -2.154848e-01 -9.999000e+03 -9.999000e+03 -1.571057e-01 -1.499065e-01 -1.484742e-01 -1.485606e-01 -1.501070e-01 -1.470170e-01
-1.465330e-01 -1.476640e-01 -1.491180e-01 -1.492038e-01 -1.515788e-01 -1.468386e-01 -1.467078e-01 -1.465732e-01 -1.464655e-01 -1.464508e-01 -1.451407e-01 -1.478319e-01 -1.476564e-01 -1.450271e-01 -1.490831e-01 -1.489913e-01 -1.452469e-01 -1.496881e-01 -1.497363e-01 -1.497709e-01 -1.485656e-01 -1.503426e-01 -1.461159e-01 -1.469524e-01 -1.503994e-01 -1.463287e-01 -9.999000e+03 -7.139577e-01 -1.437294e-01 -1.473323e-01 -1.460633e-01 -1.505731e-01 -1.506357e-01 -1.507545e-01 -1.508922e-01 -1.510266e-01 -1.512101e-01 -1.514528e-01 -1.419008e-01 -1.395119e-01 -1.495453e-01 -1.735775e-01 -3.809376e-01 -9.999000e+03 -1.587938e-01 -1.581304e-01 -1.483514e-01 -1.481447e-01 -1.493459e-01 -1.467346e-01
-1.478194e-01 -1.491914e-01 -1.503291e-01 -1.515760e-01 -1.489516e-01 -1.491417e-01 -1.492933e-01 -1.493906e-01 -1.493839e-01 -1.451016e-01 -1.466732e-01 -1.467404e-01 -1.449477e-01 -1.477846e-01 -1.477619e-01 -1.447621e-01 -1.489259e-01 -1.488225e-01 -1.487250e-01 -1.472280e-01 -1.503042e-01 -1.461706e-01 -1.469600e-01 -1.484442e-01 -1.500611e-01 -1.506926e-01 -9.999000e+03 -8.093174e-01 -1.439305e-01 -1.505779e-01 -1.505179e-01 -1.461009e-01 -1.468537e-01 -1.481824e-01 -1.496371e-01 -1.504403e-01 -1.506937e-01 -1.359743e-01 -1.514359e-01 -1.515039e-01 -1.458905e-01 -1.510688e-01 -1.549183e-01 -9.999000e+03 -9.999000e+03 -1.580705e-01 -1.482777e-01 -1.478060e-01 -1.487263e-01 -1.465818e-01
-1.481143e-01 -1.475445e-01 -1.476608e-01 -1.482146e-01 -1.483253e-01 -1.474146e-01 -1.462081e-01 -1.452569e-01 -1.449709e-01 -1.491318e-01 -1.491533e-01 -1.455183e-01 -1.467170e-01 -1.466528e-01 -1.448122e-01 -1.478699e-01 -1.477534e-01 -1.475868e-01 -1.463636e-01 -1.502465e-01 -1.462026e-01 -1.470062e-01 -1.483554e-01 -1.499813e-01 -1.509876e-01 -1.511469e-01 -9.999000e+03 -8.108907e-01 -1.440737e-01 -1.473758e-01 -1.492970e-01 -1.508872e-01 -1.517851e-01 -1.520055e-01 -1.515341e-01 -1.505001e-01 -1.492117e-01 -1.479917e-01 -1.482355e-01 -1.335177e-01 -1.265404e-01 -1.264390e-01 -1.471077e-01 -1.882949e-01 -9.999000e+03 -9.999000e+03 -1.567951e-01 -1.475442e-01 -1.501381e-01 -1.466955e-01
-1.477923e-01 -1.496554e-01 -1.510784e-01 -1.513794e-01 -1.507119e-01 -1.494720e-01 -1.481676e-01 -1.469839e-01 -1.463222e-01 -1.462364e-01 -1.461737e-01 -1.491151e-01 -1.491876e-01 -1.452904e-01 -1.467683e-01 -1.467289e-01 -1.467093e-01 -1.498628e-01 -1.500699e-01 -1.463000e-01 -1.470943e-01 -1.483642e-01 -1.498298e-01 -1.508335e-01 -1.512812e-01 -1.510904e-01 -9.999000e+03 -8.107895e-01 -1.441908e-01 -1.473635e-01 -1.490580e-01 -1.506750e-01 -1.517474e-01 -1.521774e-01 -1.519034e-01 -1.509951e-01 -1.496858e-01 -1.483289e-01 -1.471194e-01 -1.530925e-01 -1.512512e-01 -1.511992e-01 -1.457674e-01 -1.515909e-01 -2.076426e-01 -9.999000e+03 -2.308188e-01 -1.561430e-01 -1.500601e-01 -1.499658e-01
-1.494389e-01 -1.462442e-01 -1.485419e-01 -1.502501e-01 -1.506146e-01 -1.503048e-01 -1.496134e-01 -1.488257e-01 -1.482132e-01 -1.476622e-01 -1.470987e-01 -1.465177e-01 -1.459975e-01 -1.490184e-01 -1.491095e-01 -1.492268e-01 -1.494521e-01 -1.465674e-01 -1.474716e-01 -1.486444e-01 -1.496338e-01 -1.503276e-01 -1.507193e-01 -1.507810e-01 -1.534295e-01 -1.553841e-01 -9.999000e+03 -1.230183e+00 -1.444120e-01 -1.475645e-01 -1.491256e-01 -1.505699e-01 -1.516854e-01 -1.522431e-01 -1.521281e-01 -1.513533e-01 -1.501382e-01 -1.486976e-01 -1.472430e-01 -1.461072e-01 -1.472337e-01 -1.451923e-01 -1.595102e-01 -1.524179e-01 -1.552977e-01 -9.999000e+03 -9.999000e+03 -1.553289e-01 -1.500110e-01 -1.500051e-01
