tests/data/reference/test_implicit_stream_rill_mfda/control/massbalance.asc
ncols	123
nrows	77
xllcorner	-713746.79929998
yllcorner	-1061022.36961616
cellsize	10.0
NODATA_value	-9999
[rows 22 to 43 of 77, columns 50 to 99 of 123]
-1.520706e-01 -1.547341e-01 -1.568405e-01 -1.565992e-01 -1.565773e-01 -1.566037e-01 -1.562886e-01 -1.569758e-01 -1.567549e-01 -1.571537e-01 -1.569608e-01 -1.569017e-01 -1.569025e-01 -1.568858e-01 -1.567636e-01 -1.567076e-01 -1.570719e-01 -1.567674e-01 -1.650840e-01 -1.637697e-01 -1.564152e-01 -1.564895e-01 -1.567453e-01 -1.565870e-01 -1.539917e-01 -1.566251e-01 -1.546109e-01 -2.151111e-01 -1.697564e-01 -1.589408e-01 -1.563825e-01 -1.562593e-01 -1.528435e-01 -1.545074e-01 -9.999000e+03 -9.999000e+03 -9.999000e+03 -9.999000e+03 -9.999000e+03 -9.999000e+03 -9.999000e+03 -9.999000e+03 -9.999000e+03 -9.999000e+03 -9.999000e+03 -9.999000e+03 -9.999000e+03 -9.999000e+03 -9.999000e+03 -9.999000e+03
-1.547671e-01 -1.547795e-01 -1.521037e-01 -1.567146e-01 -1.566950e-01 -1.566938e-01 -1.569000e-01 -1.562851e-01 -1.566559e-01 -1.570884e-01 -1.571231e-01 -1.572080e-01 -1.568737e-01 -1.568212e-01 -1.568324e-01 -1.568683e-01 -1.568517e-01 -1.588759e-01 -1.696509e-01 -1.624408e-01 -1.564146e-01 -1.559859e-01 -1.565890e-01 -1.567822e-01 -1.562299e-01 -1.566576e-01 -1.546734e-01 -1.537668e-01 -2.332699e-01 -1.682251e-01 -1.665422e-01 -1.566937e-01 -1.568249e-01 -1.535308e-01 -1.544891e-01 -1.543748e-01 -9.999000e+03 -9.999000e+03 -9.999000e+03 -9.999000e+03 -9.999000e+03 -9.999000e+03 -9.999000e+03 -9.999000e+03 -9.999000e+03 -9.999000e+03 -9.999000e+03 -9.999000e+03 -9.999000e+03 -9.999000e+03
-1.547977e-01 -1.568029e-01 -1.519976e-01 -1.568945e-01 -1.566966e-01 -1.566647e-01 -1.569973e-01 -1.566564e-01 -1.563531e-01 -1.564183e-01 -1.566886e-01 -1.568064e-01 -1.571446e-01 -1.571964e-01 -1.572306e-01 -1.570725e-01 -1.572737e-01 -1.572583e-01 -1.763487e-01 -1.602165e-01 -1.562548e-01 -1.562227e-01 -1.563468e-01 -1.566427e-01 -1.563687e-01 -1.565918e-01 -1.528432e-01 -1.568727e-01 -1.545109e-01 -2.803352e-01 -1.660956e-01 -1.689731e-01 -1.573379e-01 -1.567617e-01 -1.538641e-01 -1.554037e-01 -1.545464e-01 -9.999000e+03 -9.999000e+03 -9.999000e+03 -9.999000e+03 -9.999000e+03 -9.999000e+03 -9.999000e+03 -9.999000e+03 -9.999000e+03 -9.999000e+03 -9.999000e+03 -9.999000e+03 -9.999000e+03
-1.519432e-01 -1.550691e-01 -1.567876e-01 -1.564170e-01 -1.566493e-01 -1.567547e-01 -1.571162e-01 -1.567195e-01 -1.564408e-01 -1.572084e-01 -1.573236e-01 -1.567555e-01 -1.566582e-01 -1.569285e-01 -1.572326e-01 -1.569669e-01 -1.570333e-01 -1.569711e-01 -1.784145e-01 -1.578073e-01 -1.559483e-01 -1.561043e-01 -1.565148e-01 -1.565379e-01 -1.565817e-01 -1.565031e-01 -1.562398e-01 -1.562313e-01 -1.529988e-01 -2.687001e-01 -1.545922e-01 -1.621047e-01 -1.729497e-01 -1.566846e-01 -1.566634e-01 -1.567386e-01 -1.540486e-01 -1.545920e-01 -1.543516e-01 -1.543434e-01 -9.999000e+03 -9.999000e+03 -9.999000e+03 -9.999000e+03 -9.999000e+03 -9.999000e+03 -9.999000e+03 -9.999000e+03 -9.999000e+03 -9.999000e+03
-1.563353e-01 -1.551928e-01 -1.517648e-01 -1.568099e-01 -1.567195e-01 -1.567403e-01 -1.571008e-01 -1.567891e-01 -1.565048e-01 -1.573803e-01 -1.576831e-01 -1.577936e-01 -1.573164e-01 -1.572792e-01 -1.564874e-01 -1.569305e-01 -1.569650e-01 -1.569693e-01 -1.759060e-01 -1.558401e-01 -1.568440e-01 -1.560223e-01 -1.566204e-01 -1.567882e-01 -1.566573e-01 -1.567633e-01 -1.566753e-01 -1.566314e-01 -1.553766e-01 -2.591946e-01 -1.529316e-01 -1.585895e-01 -1.756604e-01 -1.568252e-01 -1.568907e-01 -1.564737e-01 -1.557384e-01 -1.540221e-01 -1.561568e-01 -1.544020e-01 -1.542505e-01 -1.545516e-01 -9.999000e+03 -9.999000e+03 -9.999000e+03 -9.999000e+03 -9.999000e+03 -9.999000e+03 -9.999000e+03 -9.999000e+03
-1.567855e-01 -1.516482e-01 -1.551824e-01 -1.551170e-01 -1.567661e-01 -1.565978e-01 -1.570084e-01 -1.567693e-01 -1.568155e-01 -1.573779e-01 -1.572952e-01 -1.575805e-01 -1.575897e-01 -1.578127e-01 -1.577623e-01 -1.574021e-01 -1.576326e-01 -1.575544e-01 -1.963829e-01 -1.542408e-01 -1.568715e-01 -1.564783e-01 -1.564676e-01 -1.569130e-01 -1.567827e-01 -1.568006e-01 -1.566713e-01 -1.566119e-01 -1.566375e-01 -2.534686e-01 -1.552241e-01 -1.547693e-01 -1.729593e-01 -1.570712e-01 -1.567578e-01 -1.567238e-01 -1.562987e-01 -1.566076e-01 -1.544418e-01 -1.544783e-01 -1.542318e-01 -1.561108e-01 -1.540450e-01 -1.500181e-01 -9.999000e+03 -9.999000e+03 -9.999000e+03 -9.999000e+03 -9.999000e+03 -9.999000e+03
-1.562124e-01 -1.542468e-01 -1.568974e-01 -1.516214e-01 -1.572331e-01 -1.571150e-01 -1.546502e-01 -1.573712e-01 -1.568196e-01 -1.574352e-01 -1.576441e-01 -1.575045e-01 -1.583608e-01 -1.581687e-01 -1.585319e-01 -1.588072e-01 -1.579040e-01 -1.579198e-01 -8.522095e-02 -1.529187e-01 -1.568943e-01 -1.570775e-01 -1.565148e-01 -1.566508e-01 -1.569180e-01 -1.566019e-01 -1.567898e-01 -1.568874e-01 -1.566936e-01 -2.438675e-01 -1.566446e-01 -1.510170e-01 -1.696331e-01 -1.567468e-01 -1.571175e-01 -1.572274e-01 -1.568477e-01 -1.568248e-01 -1.542782e-01 -1.559873e-01 -1.544669e-01 -1.566202e-01 -9.999000e+03 -9.612700e-02 -1.408760e-01 -1.350913e-01 -9.999000e+03 -9.999000e+03 -9.999000e+03 -9.999000e+03
-1.568354e-01 -1.559291e-01 -1.567169e-01 -1.576870e-01 -1.569445e-01 -1.572729e-01 -1.546862e-01 -1.521523e-01 -1.572668e-01 -1.573966e-01 -1.572126e-01 -1.574990e-01 -1.584928e-01 -1.579768e-01 -1.580198e-01 -1.583237e-01 -1.582424e-01 -1.586079e-01 -1.588354e-01 -3.319558e-01 -1.572598e-01 -1.568740e-01 -1.562451e-01 -1.564663e-01 -1.567594e-01 -1.564686e-01 -1.568878e-01 -1.567548e-01 -1.567697e-01 -2.244075e-01 -1.567813e-01 -1.474936e-01 -1.667228e-01 -1.561995e-01 -1.569086e-01 -1.568368e-01 -1.571638e-01 -1.567310e-01 -1.568299e-01 -1.567515e-01 -1.558853e-01 -9.999000e+03 -9.999000e+03 -1.030540e-01 -1.037901e-01 -1.544374e-01 -1.310176e-01 -9.999000e+03 -9.999000e+03 -9.999000e+03
-1.568590e-01 -1.569561e-01 -1.568528e-01 -1.568625e-01 -1.568160e-01 -1.572684e-01 -1.521026e-01 -1.546991e-01 -1.551004e-01 -1.568374e-01 -1.572251e-01 -1.574206e-01 -1.581746e-01 -1.580167e-01 -1.585446e-01 -1.624447e-01 -1.621272e-01 -1.567658e-01 -1.625985e-01 -1.581496e-01 1.570605e-02 -1.566472e-01 -1.569533e-01 -1.561600e-01 -1.563490e-01 -1.562661e-01 -1.570569e-01 -1.564382e-01 -1.568678e-01 -2.010942e-01 -1.568170e-01 -1.450214e-01 -1.639979e-01 -1.562218e-01 -1.563725e-01 -1.566127e-01 -1.545976e-01 -1.544879e-01 -1.566898e-01 -1.566608e-01 -9.999000e+03 -9.999000e+03 -7.723676e-01 -1.732522e-01 -1.634067e-01 -1.563700e-01 -1.540857e-01 -1.298568e-01 -9.999000e+03 -9.999000e+03
-1.573067e-01 -1.570077e-01 -1.574161e-01 -1.568883e-01 -1.575378e-01 -1.570651e-01 -1.554293e-01 -1.520998e-01 -1.547886e-01 -1.568324e-01 -1.565715e-01 -1.576172e-01 -1.581516e-01 -1.580210e-01 -1.625325e-01 -1.593313e-01 -1.597148e-01 -1.587471e-01 -1.568868e-01 -1.603090e-01 2.347254e-01 -1.565107e-01 -1.568118e-01 -1.569647e-01 -1.570933e-01 -1.570467e-01 -1.567429e-01 -1.564833e-01 -1.569206e-01 -1.977739e-01 -1.570256e-01 -1.449299e-01 -1.615446e-01 -1.560130e-01 -1.562441e-01 -1.555485e-01 -1.546679e-01 -1.546411e-01 -1.566796e-01 -9.999000e+03 -9.999000e+03 -4.986220e-01 -1.555256e-01 -1.650691e-01 -1.580685e-01 -1.564819e-01 -1.562456e-01 -1.542155e-01 -1.541221e-01 -9.999000e+03
-1.573345e-01 -1.576049e-01 -1.573947e-01 -1.569774e-01 -1.590045e-01 -1.576363e-01 -1.550689e-01 -1.567624e-01 -1.547348e-01 -1.519484e-01 -1.565948e-01 -1.572771e-01 -1.584792e-01 -1.583913e-01 -1.579439e-01 -1.591559e-01 -1.594454e-01 -1.587878e-01 -1.555904e-01 -1.597097e-01 -2.309381e-01 -1.564650e-01 -1.566962e-01 -1.568649e-01 -1.569889e-01 -1.569164e-01 -1.564266e-01 -1.561878e-01 -1.565353e-01 -2.365969e-01 -1.569861e-01 -1.489156e-01 -1.598475e-01 -1.558569e-01 -1.551507e-01 -1.552939e-01 -1.554094e-01 -1.546051e-01 -9.999000e+03 -9.999000e+03 -5.328914e-01 -1.594160e-01 -1.540309e-01 -1.643631e-01 -1.544564e-01 -1.543172e-01 -1.564623e-01 -1.555698e-01 -1.556249e-01 -1.541924e-01
-3.551417e-01 -1.669604e-01 -1.580135e-01 -1.583906e-01 -1.575082e-01 -1.592832e-01 -1.581238e-01 -1.522424e-01 -1.568133e-01 -1.567222e-01 -1.554581e-01 -1.570176e-01 -1.577871e-01 -1.579966e-01 -1.606232e-01 -1.577874e-01 -1.574463e-01 -1.577756e-01 -1.573778e-01 -1.579833e-01 -1.598647e-01 5.348976e-02 -1.572128e-01 -1.572880e-01 -1.573428e-01 -1.571866e-01 -1.571334e-01 -1.570809e-01 -1.565962e-01 -2.747320e-01 -1.568966e-01 -1.571546e-01 -1.598005e-01 -1.551788e-01 -1.552570e-01 -1.552946e-01 -9.999000e+03 -9.999000e+03 -9.999000e+03 -2.068375e-01 -1.632034e-01 -1.541955e-01 -1.565141e-01 -1.544508e-01 -1.544894e-01 -1.542483e-01 -1.564034e-01 -1.565653e-01 -1.564166e-01 -1.543169e-01
-1.689515e-01 -3.362167e-01 -3.113483e-01 -3.434480e-01 -1.663112e-01 -1.636196e-01 -1.602338e-01 -1.584590e-01 -1.555581e-01 -1.569904e-01 -1.569954e-01 -1.569135e-01 -1.572419e-01 -1.582777e-01 -1.573713e-01 -1.584651e-01 -1.617989e-01 -1.585338e-01 -1.555308e-01 -1.554943e-01 -1.550176e-01 -1.634370e+00 -1.586609e-01 -1.586035e-01 -1.582977e-01 -1.580260e-01 -1.570316e-01 -1.576264e-01 -1.573406e-01 -2.969213e-01 -1.569081e-01 -1.567208e-01 -1.546262e-01 -1.552373e-01 -1.552477e-01 -9.999000e+03 -9.999000e+03 -7.276678e-01 -2.099510e-01 -1.536410e-01 -1.534366e-01 -1.566629e-01 -1.546740e-01 -1.545868e-01 -1.544932e-01 -1.565675e-01 -1.565667e-01 -1.565646e-01 -1.544115e-01 -1.544405e-01
-1.626921e-01 -1.656511e-01 -1.714866e-01 -1.740642e-01 -3.923705e-01 -1.656637e-01 -1.662908e-01 -1.648707e-01 -1.647648e-01 -1.603079e-01 -1.610182e-01 -1.610833e-01 -1.606470e-01 -1.611214e-01 -1.643271e-01 -1.638023e-01 -1.636092e-01 -1.634208e-01 -1.636475e-01 -1.638492e-01 -1.640906e-01 -1.643559e-01 -1.669635e-01 -1.651210e-01 -1.648514e-01 -1.633814e-01 -1.577159e-01 -1.589158e-01 -1.583304e-01 -3.064755e-01 -1.580780e-01 -1.581040e-01 -1.502054e-01 -1.552084e-01 -9.999000e+03 -9.999000e+03 -5.438171e-01 -1.695811e-01 -1.536209e-01 -1.559608e-01 -1.566082e-01 -1.551233e-01 -1.546188e-01 -1.546882e-01 -1.545718e-01 -1.544527e-01 -1.564769e-01 -1.566336e-01 -1.544215e-01 -1.544857e-01
-1.599024e-01 -1.596752e-01 -1.585075e-01 -1.578063e-01 -1.599616e-01 -3.234764e-01 -3.695345e-01 -3.874554e-01 -1.022422e-01 -1.635527e-01 -1.601709e-01 -1.611495e-01 -1.604256e-01 -1.604456e-01 -1.615266e-01 -1.634598e-01 -1.674460e-01 -1.634668e-01 -1.636654e-01 -1.638995e-01 -1.642489e-01 -1.645398e-01 -1.583915e-01 -2.539158e-01 -1.702483e-01 -1.643074e-01 -1.651165e-01 -1.655030e-01 -1.588098e-01 -3.049529e-01 -1.584851e-01 -1.580365e-01 -1.450721e-01 -9.999000e+03 -9.999000e+03 -1.552114e-01 -1.702259e-01 -1.513463e-01 -1.559301e-01 -1.562776e-01 -1.568970e-01 -1.555523e-01 -1.550926e-01 -1.547743e-01 -1.546553e-01 -1.545281e-01 -1.564707e-01 -1.564746e-01 -1.561628e-01 -1.566085e-01
-1.567504e-01 -1.569821e-01 -1.599868e-01 -1.600515e-01 -1.605184e-01 -1.613578e-01 -1.630686e-01 -1.638612e-01 -1.637061e-01 -6.626223e-01 -2.232175e-01 -1.856488e-01 -3.283066e-01 -3.143287e-01 -3.242479e-01 -3.218440e-01 -3.261923e-01 -5.372122e-01 -2.270616e-01 -1.656027e-01 -1.651486e-01 -1.648056e-01 -1.642597e-01 -1.579662e-01 -3.365402e-01 -1.644922e-01 -1.650554e-01 -1.656959e-01 -1.661568e-01 -3.001989e-01 -1.584349e-01 -1.600011e-01 -9.999000e+03 -9.999000e+03 -1.550026e-01 -1.551268e-01 -1.513121e-01 -1.564110e-01 -1.563865e-01 -1.568868e-01 -1.570842e-01 -1.554957e-01 -1.553904e-01 -1.547402e-01 -1.547290e-01 -1.546052e-01 -1.544824e-01 -1.545571e-01 -1.566766e-01 -1.567189e-01
-1.553926e-01 -1.587043e-01 -1.564736e-01 -1.596291e-01 -1.599839e-01 -1.172992e+00 -1.777659e-01 -1.948651e-01 -2.951128e-01 -2.397253e-01 -2.179205e-01 -2.038391e-01 -2.227101e-01 -2.242789e-01 -2.271745e-01 -2.087869e-01 -2.094750e-01 -2.145164e-01 -2.104861e-01 -3.458310e-01 -4.392872e-01 -1.652291e-01 -1.645542e-01 -1.637283e-01 -3.990129e-01 -1.646455e-01 -1.655600e-01 -1.656110e-01 -1.655129e-01 -2.874783e-01 -1.595284e-01 -9.999000e+03 -9.999000e+03 -1.550157e-01 -1.549544e-01 -1.550753e-01 -1.567815e-01 -1.570601e-01 -1.568945e-01 -1.567516e-01 -1.553643e-01 -1.553612e-01 -1.554540e-01 -1.551729e-01 -1.546533e-01 -1.546830e-01 -1.545558e-01 -1.544412e-01 -1.545081e-01 -1.566042e-01
-1.574216e-01 -1.571902e-01 -1.574046e-01 1.603174e-01 -5.889426e-01 -1.570932e-01 -1.561914e-01 -1.562460e-01 -1.557096e-01 -1.559931e-01 -1.554491e-01 -1.555185e-01 -1.557005e-01 -1.624363e-01 -1.613657e-01 -1.615647e-01 -1.621373e-01 -1.633123e-01 -1.695553e-01 -1.776045e-01 -1.827837e-01 -3.520453e-01 -5.162630e-01 -2.696261e-01 -4.293962e-01 -2.693277e-01 -1.652741e-01 -1.646484e-01 -1.646216e-01 -2.311817e-01 -9.999000e+03 -9.999000e+03 -1.737209e-01 -1.522408e-01 -1.546898e-01 -1.550535e-01 -1.569192e-01 -1.572111e-01 -1.567642e-01 -1.570888e-01 -1.551785e-01 -1.551642e-01 -1.552390e-01 -1.554792e-01 -1.549296e-01 -1.547443e-01 -1.546571e-01 -1.545545e-01 -1.544416e-01 -1.569400e-01
-1.570547e-01 -1.574732e-01 -2.411375e-01 -1.561513e-01 -1.564510e-01 -1.566958e-01 -1.559874e-01 -1.558603e-01 -1.553730e-01 -1.551988e-01 -1.554383e-01 -1.555027e-01 -1.556203e-01 -1.564958e-01 -1.565631e-01 -1.565913e-01 -1.567045e-01 -1.624655e-01 -1.615574e-01 -1.985170e-01 -2.387706e-01 -2.599159e-01 -2.610192e-01 -1.842771e-01 -2.934313e-01 -3.977407e-01 -1.446956e-01 -1.647050e-01 -1.636386e-01 -1.584343e-01 -9.999000e+03 -5.621488e-01 -1.528777e-01 -1.553557e-01 -1.546536e-01 -1.522725e-01 -1.568012e-01 -1.571318e-01 -1.569549e-01 -1.568112e-01 -1.550401e-01 -1.550291e-01 -1.551087e-01 -1.553150e-01 -1.553332e-01 -1.547221e-01 -1.547101e-01 -1.546579e-01 -1.545416e-01 -1.544374e-01
3.872697e-01 -4.610234e-01 -1.588815e-01 -1.579806e-01 -1.561916e-01 -1.564364e-01 -1.563725e-01 -1.564679e-01 -1.559823e-01 -1.552293e-01 -1.554156e-01 -1.554205e-01 -1.563460e-01 -1.564380e-01 -1.565491e-01 -1.565999e-01 -1.558793e-01 -1.565571e-01 6.359155e-03 -1.557909e-01 -1.607572e-01 -1.611880e-01 -1.614457e-01 -9.999000e+03 -9.999000e+03 -9.999000e+03 -5.634180e-01 -2.107537e-01 -1.631653e-01 -9.999000e+03 -9.999000e+03 -1.715279e-01 -1.600032e-01 -1.567288e-01 -1.547045e-01 -1.555477e-01 -1.571200e-01 -1.568173e-01 -1.569073e-01 -1.550085e-01 -1.547347e-01 -1.546610e-01 -1.550252e-01 -1.552340e-01 -1.555281e-01 -1.546328e-01 -1.547289e-01 -1.547098e-01 -1.546537e-01 -1.545589e-01
-1.579888e-01 -1.577383e-01 -1.568311e-01 -1.609855e-01 -1.575100e-01 -1.561081e-01 -1.562293e-01 -1.562993e-01 -1.561339e-01 -1.563800e-01 -1.554993e-01 -1.563143e-01 -1.562510e-01 -1.562866e-01 -1.563863e-01 -1.558269e-01 -1.564825e-01 -1.587806e-01 -1.555753e-01 -1.566031e-01 -1.565484e-01 -1.566096e-01 -1.612243e-01 -1.612955e-01 -1.606416e-01 -9.999000e+03 -9.999000e+03 -9.999000e+03 -5.577028e+01 -9.999000e+03 -2.578955e-01 -1.565481e-01 -1.604178e-01 -1.608957e-01 -1.520097e-01 -1.566779e-01 -1.567689e-01 -1.564671e-01 -1.567014e-01 -1.547406e-01 -1.546483e-01 -1.546817e-01 -1.546505e-01 -1.551276e-01 -1.554314e-01 -1.548384e-01 -1.547473e-01 -1.547245e-01 -1.546972e-01 -1.535821e-01
-1.585793e-01 -1.580294e-01 -1.576236e-01 -1.559304e-01 -1.588092e-01 -1.614647e-01 -1.568089e-01 -1.564523e-01 -1.564146e-01 -1.566133e-01 -1.566993e-01 -1.566961e-01 -1.565842e-01 -1.564280e-01 -1.558204e-01 -1.563149e-01 -3.564105e-01 -1.552660e-01 -1.564307e-01 -1.564510e-01 -1.564922e-01 -1.562920e-01 -1.565714e-01 -1.605481e-01 -1.605729e-01 -1.604503e-01 -1.607129e-01 -9.999000e+03 -9.999000e+03 -9.999000e+03 -6.176013e+01 -9.000000e+20 -1.662273e-01 -1.608890e-01 -1.566156e-01 -1.567345e-01 -1.566102e-01 -1.571640e-01 -1.563739e-01 -1.546682e-01 -1.546797e-01 -1.547197e-01 -1.546987e-01 -1.549880e-01 -1.553132e-01 -1.550390e-01 -1.547639e-01 -1.547184e-01 -1.546871e-01 -1.568358e-01
