tests/data/reference/test_implicit_stream_rill_mfda/control/massbalance.asc
ncols	123
nrows	77
xllcorner	-713746.79929998
yllcorner	-1061022.36961616
cellsize	10.0
NODATA_value	-9999
[rows 44 to 65 of 77, columns 0 to 49 of 123]
-9.999000e+03 -9.999000e+03 -9.999000e+03 -9.999000e+03 -9.999000e+03 -9.999000e+03 -9.999000e+03 -1.763815e-01 -7.039095e-02 5.517046e-02 -8.427494e-02 -5.037019e-02 -3.308898e-02 -2.552204e-02 -2.143528e-02 -2.063327e-02 -2.034438e-02 -1.774724e-02 -2.251728e-02 -2.684344e-02 2.646263e-02 5.892145e-02 7.713224e-02 -3.048727e-02 -3.218321e-02 -5.979497e-02 -9.613864e-02 -5.866704e-02 -3.851478e-02 -2.763306e-02 -2.698701e-02 -3.052586e-02 -3.008973e-02 -2.792414e-02 -2.567300e-02 -2.356744e-02 1.421179e-01 1.465500e-01 1.470248e-01 1.447777e-01 1.493254e-01 1.555949e-01 1.584439e-01 9.941447e-02 6.178122e-02 3.789345e-02 1.670866e-01 1.660085e-01 -1.317146e-02 -1.552420e-02
-9.999000e+03 -9.999000e+03 -9.999000e+03 -9.999000e+03 -9.999000e+03 -9.999000e+03 -9.999000e+03 -5.331589e-02 5.025225e-02 -2.411162e-02 -8.122054e-02 -4.909583e-02 -3.383347e-02 -2.301286e-02 -2.072666e-02 -1.933925e-02 -1.744636e-02 -2.358329e-02 -2.585790e-02 -3.012485e-02 -3.031164e-02 -2.789548e-02 -3.983135e-02 -3.804283e-02 -9.492879e-02 -9.669307e-02 -6.014278e-02 -4.000251e-02 -3.048022e-02 -2.577326e-02 -2.530536e-02 -2.692273e-02 -2.633463e-02 1.281721e-01 1.320606e-01 1.358484e-01 -2.254887e-02 -2.267539e-02 -2.263449e-02 -2.285365e-02 -2.198444e-02 -2.004086e-02 -1.916880e-02 4.538582e-02 8.877582e-02 1.173356e-01 -1.493415e-02 -1.383703e-02 -1.239499e-02 -1.137656e-02
-9.999000e+03 -9.999000e+03 -9.999000e+03 -9.999000e+03 -9.999000e+03 -9.999000e+03 -1.779187e-01 3.599687e-02 -2.920987e-02 -2.934084e-02 -8.173193e-02 -4.838840e-02 -2.866424e-02 -2.486195e-02 -2.133823e-02 -1.332351e-02 -2.258664e-02 -2.359273e-02 -2.670410e-02 -3.100260e-02 -3.144610e-02 -6.001213e-02 -5.938739e-02 -5.778522e-02 -4.001087e-02 -3.457747e-02 -2.978442e-02 -2.452972e-02 -2.292820e-02 -2.330897e-02 -2.273047e-02 1.284536e-01 1.310333e-01 -2.049803e-02 -2.175949e-02 -2.308741e-02 -2.485906e-02 -2.641043e-02 -2.699183e-02 -2.712240e-02 -2.620969e-02 -2.458737e-02 -2.309561e-02 -2.233218e-02 -2.078952e-02 -1.842446e-02 -1.712961e-02 -1.629111e-02 -1.447482e-02 -1.168449e-02
-9.999000e+03 -9.999000e+03 -9.999000e+03 -9.999000e+03 -9.999000e+03 -9.999000e+03 2.470092e-01 4.731397e-03 -4.757666e-02 -4.972225e-02 -8.531944e-02 -3.799817e-02 -3.385241e-02 -2.936118e-02 -1.719830e-02 -2.761778e-02 -2.240738e-02 -2.038100e-02 -2.310224e-02 -2.791141e-02 -9.323650e-02 -9.493228e-02 -9.577612e-02 -9.570560e-02 -5.955580e-02 -4.298240e-02 -3.352427e-02 1.150453e-01 1.184960e-01 1.175465e-01 1.222612e-01 -1.899323e-02 -2.014020e-02 -2.180305e-02 -2.334538e-02 -2.469800e-02 -2.630113e-02 -2.782995e-02 -2.820095e-02 -2.802632e-02 -2.793553e-02 -2.731553e-02 -2.652095e-02 -2.567810e-02 -2.412642e-02 -2.160989e-02 -1.949814e-02 -1.823259e-02 -1.703853e-02 -1.496101e-02
-9.999000e+03 -9.999000e+03 -9.999000e+03 -9.999000e+03 -9.999000e+03 -1.745975e-01 3.568673e-03 2.501908e-02 -8.344895e-02 -8.422845e-02 -5.264223e-02 -4.099099e-02 -3.514141e-02 -1.884498e-02 -3.931822e-02 -3.108385e-02 -2.476301e-02 -2.056878e-02 -2.243325e-02 -2.684785e-02 2.476060e-02 5.401807e-02 7.107251e-02 8.804655e-02 9.600033e-02 1.031464e-01 1.097445e-01 -1.982483e-02 -1.921427e-02 -2.013326e-02 -2.008704e-02 -1.942315e-02 -2.049654e-02 -2.229421e-02 -2.382054e-02 -2.504099e-02 -2.660528e-02 -2.849351e-02 -2.866026e-02 -2.860053e-02 -2.841220e-02 -2.838577e-02 -2.824778e-02 -2.801146e-02 -2.708583e-02 -2.511728e-02 -2.260645e-02 -2.015301e-02 -1.912680e-02 -1.800714e-02
-9.999000e+03 -9.999000e+03 -9.999000e+03 -9.999000e+03 -1.597394e-01 2.939941e-02 -3.377087e-02 4.717086e-03 -8.100925e-02 -7.915187e-02 -4.920535e-02 -3.370430e-02 -7.394264e-03 -5.411088e-02 -3.934591e-02 -3.237954e-02 -2.695714e-02 -2.246313e-02 -2.423414e-02 -2.846581e-02 -2.950536e-02 -2.885299e-02 -1.707641e-02 -3.326010e-02 -2.785251e-02 -2.400638e-02 -2.235706e-02 -2.101595e-02 -1.926030e-02 -1.898647e-02 -1.901125e-02 -1.811710e-02 -1.811939e-02 -1.898987e-02 -2.029617e-02 -2.174826e-02 -2.386968e-02 -2.622144e-02 -2.819264e-02 -2.835248e-02 -2.813444e-02 -2.781106e-02 -2.816301e-02 -2.878803e-02 -2.885184e-02 -2.796682e-02 -2.554447e-02 -2.273953e-02 -2.113013e-02 -2.084139e-02
-9.999000e+03 -9.999000e+03 -9.999000e+03 -9.999000e+03 -1.671382e-01 -2.057194e-02 -5.074384e-02 -4.060236e-02 -4.571543e-02 -7.597765e-02 -3.266988e-02 2.943122e-02 -8.307956e-02 -5.347681e-02 -4.054238e-02 -3.425040e-02 -2.888896e-02 -2.396279e-02 -2.582391e-02 -3.027146e-02 -3.239583e-02 -1.592367e-02 -4.331425e-02 -3.645663e-02 -3.188540e-02 -2.792456e-02 -2.610725e-02 -2.458339e-02 -2.261228e-02 -2.106879e-02 -2.053365e-02 -2.029856e-02 -1.992995e-02 -1.974602e-02 -2.008424e-02 -2.093262e-02 -2.140389e-02 -2.446212e-02 -2.656622e-02 -2.809319e-02 -2.761543e-02 -2.665045e-02 -2.716128e-02 -2.837910e-02 -2.924833e-02 -2.890775e-02 -2.776968e-02 -2.506372e-02 -2.372864e-02 -3.685594e-02
-9.999000e+03 -9.999000e+03 -9.999000e+03 -1.755400e-01 2.925272e-02 -8.698500e-03 -7.790286e-02 -4.719036e-02 -7.368643e-02 -3.746990e-02 9.883291e-03 -3.176656e-02 -8.039886e-02 -5.347720e-02 -4.283250e-02 -3.648969e-02 -3.132191e-02 -2.726520e-02 -2.825121e-02 -3.309593e-02 -6.095548e-03 -6.362400e-02 -4.892925e-02 -4.312288e-02 -3.948058e-02 -3.613367e-02 -3.329265e-02 -3.191246e-02 -2.984361e-02 -2.716613e-02 -2.647162e-02 -2.659073e-02 -2.645314e-02 -2.582455e-02 -2.485665e-02 -2.248223e-02 -2.278993e-02 -2.272214e-02 -2.537637e-02 -2.765166e-02 -2.711217e-02 -2.527807e-02 -2.531934e-02 -2.650329e-02 -2.708648e-02 -2.873799e-02 -2.855457e-02 -2.751896e-02 -4.982714e-02 -4.966405e-02
-9.999000e+03 -9.999000e+03 -9.999000e+03 -1.722791e-01 4.940609e-03 -4.841424e-02 -7.180055e-02 -6.744838e-02 -4.346218e-02 -4.317337e-02 -1.080107e-02 -3.475008e-02 -7.655335e-02 -5.398904e-02 -4.465719e-02 -3.796631e-02 -3.498351e-02 -3.183514e-02 -3.091656e-02 3.048437e-02 -9.365986e-02 -6.490386e-02 -5.315043e-02 -4.904152e-02 -4.692896e-02 -4.272591e-02 -4.016654e-02 -3.832209e-02 -3.501597e-02 -3.225963e-02 -3.102884e-02 -3.088752e-02 -3.131202e-02 -3.119535e-02 -2.767834e-02 -2.761219e-02 -2.472413e-02 -2.394105e-02 -2.533830e-02 -2.815480e-02 -2.795505e-02 -2.569197e-02 -2.479748e-02 -2.381060e-02 -2.573857e-02 -2.733978e-02 -2.883715e-02 -7.218619e-02 -7.175606e-02 -7.141180e-02
-9.999000e+03 -9.999000e+03 -1.486454e-01 -4.901549e-02 -4.435178e-02 -4.866916e-02 -6.268676e-02 -5.937542e-02 -6.202231e-02 -5.777227e-02 -1.754781e-02 -3.345975e-02 -7.031710e-02 -5.310513e-02 -4.462421e-02 -4.170557e-02 -4.165287e-02 -4.019248e-02 5.344094e-03 -2.995271e-02 -8.729478e-02 -6.187810e-02 -5.507102e-02 -5.414191e-02 -5.102435e-02 -4.928857e-02 -4.652136e-02 -4.225816e-02 -3.908139e-02 -3.572816e-02 -3.353353e-02 -3.297875e-02 -3.408639e-02 -3.167004e-02 -3.336331e-02 -3.094340e-02 -3.008101e-02 -2.783729e-02 -2.773361e-02 -2.991011e-02 -3.027007e-02 -2.848549e-02 -2.468007e-02 -2.460549e-02 -2.478788e-02 -2.702161e-02 -1.075936e-01 -1.085250e-01 -1.086651e-01 -1.080976e-01
-9.999000e+03 -9.999000e+03 1.600868e-01 -3.536887e-02 -7.136198e-02 -6.333573e-02 -5.597600e-02 -6.293113e-02 -3.111498e-02 -1.036571e-03 -5.918357e-02 -3.602018e-02 -6.447325e-02 -4.982232e-02 -5.011171e-02 -4.978807e-02 -5.219342e-02 -5.279699e-02 -4.764909e-02 -1.895818e-02 -7.835155e-02 -6.076309e-02 -6.165445e-02 -5.487568e-02 -5.578270e-02 -5.548898e-02 -4.987794e-02 -4.681388e-02 -4.392382e-02 -4.062668e-02 -3.796791e-02 -3.677348e-02 -3.184695e-02 -3.670674e-02 -3.420507e-02 -3.497228e-02 -3.339335e-02 -3.113791e-02 -3.071771e-02 -3.183233e-02 -3.202920e-02 -2.785346e-02 -2.783975e-02 -2.626618e-02 -2.765907e-02 -2.857224e-02 -2.773462e-02 -2.692844e-02 1.009099e-01 1.197820e-01
-9.999000e+03 -1.550891e-01 4.321768e-01 -1.653156e-02 -6.890606e-02 -4.995991e-02 -6.491893e-02 -6.476614e-02 -9.999000e+03 -9.999000e+03 -9.999000e+03 -5.869872e-02 -6.167264e-02 -7.129097e-02 -7.517645e-02 -7.539614e-02 -7.715695e-02 -8.013115e-02 -7.705111e-02 -6.539185e-02 -6.245967e-02 -7.287225e-02 -5.766884e-02 -5.835501e-02 -5.963710e-02 -5.311141e-02 -5.257750e-02 -5.195828e-02 -5.044267e-02 -4.842901e-02 -4.656137e-02 -3.292761e-02 -3.864468e-02 -3.530070e-02 -3.755654e-02 -3.661834e-02 -3.495156e-02 -3.332548e-02 -3.386241e-02 -3.496827e-02 -2.979470e-02 -3.073509e-02 -2.929429e-02 -3.077774e-02 -3.132493e-02 -2.725264e-02 3.305635e-02 7.325168e-02 -2.361217e-02 -2.654771e-02
-9.999000e+03 -1.243891e-01 9.581143e-04 -6.868715e-02 -6.117842e-02 -6.214091e-02 -9.999000e+03 -9.999000e+03 -9.999000e+03 -9.999000e+03 -9.999000e+03 -9.999000e+03 -6.413536e-02 -6.944619e-02 -4.145993e-02 -3.101684e-02 -7.538651e-02 -4.567075e-02 -2.746854e-02 -6.591102e-03 -5.804731e-02 -5.900305e-02 -6.701593e-02 -7.522729e-02 -5.401128e-02 -5.639588e-02 -5.998575e-02 -6.220472e-02 -6.270965e-02 -6.287978e-02 -3.714377e-02 -4.583832e-02 -3.644918e-02 -4.167878e-02 -4.119690e-02 -3.999659e-02 -3.837750e-02 -3.704885e-02 -3.844833e-02 -3.285996e-02 -3.555133e-02 -3.324320e-02 -3.660646e-02 -3.640588e-02 -2.839825e-02 -3.390288e-02 -3.395445e-02 -2.625654e-02 -3.193439e-02 -3.045436e-02
-1.758074e-01 1.825738e-01 -4.532016e-02 -6.168923e-02 -4.825877e-02 -6.938303e-02 -9.999000e+03 -9.999000e+03 -9.999000e+03 -9.999000e+03 -9.999000e+03 -9.999000e+03 -9.999000e+03 -9.999000e+03 -9.999000e+03 -7.633998e-02 -3.314319e-02 -7.885362e-02 -7.638206e-02 -7.233630e-02 -6.799807e-03 -9.999000e+03 -9.999000e+03 -6.699380e-02 -7.542720e-02 -8.005103e-02 -8.477578e-02 -8.910209e-02 -9.119845e-02 -3.548971e-02 -6.019289e-02 -3.937959e-02 -4.796896e-02 -4.907553e-02 -4.830092e-02 -4.738856e-02 -4.684337e-02 -4.588103e-02 -3.311059e-02 -4.183307e-02 -4.076811e-02 -4.800192e-02 -4.751498e-02 -2.977623e-02 -3.824480e-02 -4.018809e-02 -2.970454e-02 -4.063321e-02 -3.969214e-02 -3.845459e-02
-1.671575e-01 -6.006524e-02 -5.794358e-02 -5.781880e-02 -7.008192e-02 -9.999000e+03 -9.999000e+03 -9.999000e+03 -9.999000e+03 -9.999000e+03 -9.999000e+03 -9.999000e+03 -9.999000e+03 -9.999000e+03 -9.999000e+03 -9.999000e+03 -9.999000e+03 -9.999000e+03 -9.999000e+03 -9.999000e+03 -9.999000e+03 -9.999000e+03 -9.999000e+03 -6.478664e-02 -7.340507e-02 -7.646257e-02 -4.822895e-02 -3.937544e-02 -3.181159e-02 -8.518867e-02 -3.575533e-02 -5.791988e-02 -5.967090e-02 -6.196608e-02 -6.229483e-02 -6.286115e-02 -6.370277e-02 -3.393278e-02 -4.760668e-02 -5.016192e-02 -6.879185e-02 -6.817772e-02 -3.317013e-02 -4.723002e-02 -4.801452e-02 -2.932033e-02 -5.086235e-02 -5.147943e-02 -5.114211e-02 -3.047098e-02
-9.999000e+03 -7.176883e-02 -6.943061e-02 -7.630918e-02 -9.999000e+03 -9.999000e+03 -9.999000e+03 -9.999000e+03 -9.999000e+03 -9.999000e+03 -9.999000e+03 -9.999000e+03 -9.999000e+03 -9.999000e+03 -9.999000e+03 -9.999000e+03 -9.999000e+03 -9.999000e+03 -9.999000e+03 -9.999000e+03 -9.999000e+03 -9.999000e+03 -9.999000e+03 -9.999000e+03 -9.999000e+03 -9.999000e+03 -8.012349e-02 -8.361409e-02 -4.775993e-02 -2.624727e-02 -7.750434e-02 -8.083098e-02 -8.595482e-02 -9.181114e-02 -9.440108e-02 -9.501727e-02 -3.454777e-02 -6.267863e-02 -6.402926e-02 -1.029929e-01 -1.046945e-01 -3.871615e-02 -6.756024e-02 -6.700212e-02 -2.772900e-02 -6.766319e-02 -6.830861e-02 -6.902736e-02 -3.142899e-02 -4.865642e-02
-9.999000e+03 -9.999000e+03 -9.999000e+03 -9.999000e+03 -9.999000e+03 -9.999000e+03 -9.999000e+03 -9.999000e+03 -9.999000e+03 -9.999000e+03 -9.999000e+03 -9.999000e+03 -9.999000e+03 -9.999000e+03 -9.999000e+03 -9.999000e+03 -9.999000e+03 -9.999000e+03 -9.999000e+03 -9.999000e+03 -9.999000e+03 -9.999000e+03 -9.999000e+03 -9.999000e+03 -9.999000e+03 -9.999000e+03 -9.999000e+03 -9.999000e+03 -8.171208e-02 -3.927426e-02 -7.375874e-02 -7.697887e-02 -8.321929e-02 -5.713388e-02 -4.158183e-02 -2.981434e-02 -9.203196e-02 -9.521038e-02 -9.811436e-02 -6.472468e-02 -4.659680e-02 -1.032115e-01 -1.037259e-01 -2.998786e-02 -1.041143e-01 -1.041790e-01 -1.039409e-01 -2.965999e-02 -6.719407e-02 -2.695800e-02
-9.999000e+03 -9.999000e+03 -9.999000e+03 -9.999000e+03 -9.999000e+03 -9.999000e+03 -9.999000e+03 -9.999000e+03 -9.999000e+03 -9.999000e+03 -9.999000e+03 -9.999000e+03 -9.999000e+03 -9.999000e+03 -9.999000e+03 -9.999000e+03 -9.999000e+03 -9.999000e+03 -9.999000e+03 -9.999000e+03 -9.999000e+03 -9.999000e+03 -9.999000e+03 -9.999000e+03 -9.999000e+03 -9.999000e+03 -9.999000e+03 -9.999000e+03 -9.999000e+03 -7.567224e-02 -2.903973e-02 -4.950694e-02 -5.485691e-02 -9.189478e-02 -9.305641e-02 -9.018636e-02 -9.037656e-02 -9.404451e-02 -6.087583e-02 -4.450476e-02 -3.584264e-02 -3.068527e-02 -2.915848e-02 -1.033048e-01 -6.643189e-02 -4.546884e-02 -3.343463e-02 -1.012896e-01 -2.402223e-02 -1.041325e-01
-9.999000e+03 -9.999000e+03 -9.999000e+03 -9.999000e+03 -9.999000e+03 -9.999000e+03 -9.999000e+03 -9.999000e+03 -9.999000e+03 -9.999000e+03 -9.999000e+03 -9.999000e+03 -9.999000e+03 -9.999000e+03 -9.999000e+03 -9.999000e+03 -9.999000e+03 -9.999000e+03 -9.999000e+03 -9.999000e+03 -9.999000e+03 -9.999000e+03 -9.999000e+03 -9.999000e+03 -9.999000e+03 -9.999000e+03 -9.999000e+03 -9.999000e+03 -9.999000e+03 -9.999000e+03 -5.060632e-02 -9.999000e+03 -9.999000e+03 -9.999000e+03 -9.999000e+03 -9.999000e+03 -9.999000e+03 -9.999000e+03 -9.662868e-02 -6.091712e-02 -4.187713e-02 -3.180194e-02 -2.976325e-02 -3.121042e-02 -2.960604e-02 -2.657945e-02 -2.255334e-02 -1.770768e-02 -1.001272e-01 -6.809093e-02
-9.999000e+03 -9.999000e+03 -9.999000e+03 -9.999000e+03 -9.999000e+03 -9.999000e+03 -9.999000e+03 -9.999000e+03 -9.999000e+03 -9.999000e+03 -9.999000e+03 -9.999000e+03 -9.999000e+03 -9.999000e+03 -9.999000e+03 -9.999000e+03 -9.999000e+03 -9.999000e+03 -9.999000e+03 -9.999000e+03 -9.999000e+03 -9.999000e+03 -9.999000e+03 -9.999000e+03 -9.999000e+03 -9.999000e+03 -9.999000e+03 -9.999000e+03 -9.999000e+03 -9.999000e+03 -9.999000e+03 -9.999000e+03 -9.999000e+03 -9.999000e+03 -9.999000e+03 -9.999000e+03 -9.999000e+03 -9.999000e+03 -9.999000e+03 -9.999000e+03 -9.999000e+03 -9.687514e-02 -9.803939e-02 -1.010844e-01 -6.549077e-02 -4.463987e-02 -3.199833e-02 -2.301932e-02 -2.550333e-02 -3.254531e-02
-9.999000e+03 -9.999000e+03 -9.999000e+03 -9.999000e+03 -9.999000e+03 -9.999000e+03 -9.999000e+03 -9.999000e+03 -9.999000e+03 -9.999000e+03 -9.999000e+03 -9.999000e+03 -9.999000e+03 -9.999000e+03 -9.999000e+03 -9.999000e+03 -9.999000e+03 -9.999000e+03 -9.999000e+03 -9.999000e+03 -9.999000e+03 -9.999000e+03 -9.999000e+03 -9.999000e+03 -9.999000e+03 -9.999000e+03 -9.999000e+03 -9.999000e+03 -9.999000e+03 -9.999000e+03 -9.999000e+03 -9.999000e+03 -9.999000e+03 -9.999000e+03 -9.999000e+03 -9.999000e+03 -9.999000e+03 -9.999000e+03 -9.999000e+03 -9.999000e+03 -9.999000e+03 -9.999000e+03 -9.999000e+03 -9.999000e+03 -1.032765e-01 -1.024724e-01 -6.283730e-02 -3.942556e-02 -1.002389e-01 -6.886877e-02
-9.999000e+03 -9.999000e+03 -9.999000e+03 -9.999000e+03 -9.999000e+03 -9.999000e+03 -9.999000e+03 -9.999000e+03 -9.999000e+03 -9.999000e+03 -9.999000e+03 -9.999000e+03 -9.999000e+03 -9.999000e+03 -9.999000e+03 -9.999000e+03 -9.999000e+03 -9.999000e+03 -9.999000e+03 -9.999000e+03 -9.999000e+03 -9.999000e+03 -9.999000e+03 -9.999000e+03 -9.999000e+03 -9.999000e+03 -9.999000e+03 -9.999000e+03 -9.999000e+03 -9.999000e+03 -9.999000e+03 -9.999000e+03 -9.999000e+03 -9.999000e+03 -9.999000e+03 -9.999000e+03 -9.999000e+03 -9.999000e+03 -9.999000e+03 -9.999000e+03 -9.999000e+03 -9.999000e+03 -9.999000e+03 -9.999000e+03 -9.999000e+03 -9.999000e+03 -9.999000e+03 -9.999000e+03 -9.999000e+03 -9.999000e+03
