tests/data/reference/test_implicit_stream_rill_mfda/control/massbalance.asc
ncols	123
nrows	77
xllcorner	-713746.79929998
yllcorner	-1061022.36961616
cellsize	10.0
NODATA_value	-9999
[rows 22 to 43 of 77, columns 50 to 99 of 123]
-1.460945e-01 -1.502315e-01 -1.459960e-01 -1.461043e-01 -1.460687e-01 -1.459487e-01 -1.458980e-01 -1.458949e-01 -1.458795e-01 -1.458567e-01 -1.458889e-01 -1.459643e-01 -1.460120e-01 -1.459762e-01 -1.459044e-01 -1.458543e-01 -1.457281e-01 -1.456429e-01 -1.420451e-01 -1.459524e-01 -1.460388e-01 -1.461082e-01 -1.461757e-01 -1.462668e-01 -1.463719e-01 -1.461868e-01 -1.490648e-01 -1.460372e-01 -1.460556e-01 -1.422761e-01 -1.457444e-01 -1.458760e-01 -1.461238e-01 -1.492044e-01 -9.999000e+03 -9.999000e+03 -9.999000e+03 -9.999000e+03 -9.999000e+03 -9.999000e+03 -9.999000e+03 -9.999000e+03 -9.999000e+03 -9.999000e+03 -9.999000e+03 -9.999000e+03 -9.999000e+03 -9.999000e+03 -9.999000e+03 -9.999000e+03
-1.459156e-01 -1.502808e-01 -1.462029e-01 -1.461244e-01 -1.460035e-01 -1.458720e-01 -1.458719e-01 -1.459056e-01 -1.458975e-01 -1.458703e-01 -1.458972e-01 -1.459405e-01 -1.459059e-01 -1.458514e-01 -1.458423e-01 -1.458184e-01 -1.457137e-01 -1.456481e-01 -1.420361e-01 -1.458481e-01 -1.459665e-01 -1.460948e-01 -1.461819e-01 -1.462132e-01 -1.462099e-01 -1.462491e-01 -1.494121e-01 -1.462369e-01 -1.459897e-01 -1.457302e-01 -1.416790e-01 -1.452928e-01 -1.457764e-01 -1.462182e-01 -1.491760e-01 -1.487737e-01 -9.999000e+03 -9.999000e+03 -9.999000e+03 -9.999000e+03 -9.999000e+03 -9.999000e+03 -9.999000e+03 -9.999000e+03 -9.999000e+03 -9.999000e+03 -9.999000e+03 -9.999000e+03 -9.999000e+03 -9.999000e+03
-1.503004e-01 -1.460792e-01 -1.462590e-01 -1.460663e-01 -1.459299e-01 -1.458624e-01 -1.458870e-01 -1.458988e-01 -1.458606e-01 -1.458247e-01 -1.458687e-01 -1.459221e-01 -1.459036e-01 -1.459018e-01 -1.458830e-01 -1.457849e-01 -1.456858e-01 -1.456740e-01 -1.422197e-01 -1.460114e-01 -1.460370e-01 -1.460787e-01 -1.461167e-01 -1.461286e-01 -1.461248e-01 -1.461600e-01 -1.462808e-01 -1.461193e-01 -1.492098e-01 -1.457380e-01 -1.457261e-01 -1.458022e-01 -1.426198e-01 -1.458897e-01 -1.461670e-01 -1.462877e-01 -1.486487e-01 -9.999000e+03 -9.999000e+03 -9.999000e+03 -9.999000e+03 -9.999000e+03 -9.999000e+03 -9.999000e+03 -9.999000e+03 -9.999000e+03 -9.999000e+03 -9.999000e+03 -9.999000e+03 -9.999000e+03
-1.462113e-01 -1.505086e-01 -1.460908e-01 -1.459965e-01 -1.459177e-01 -1.458828e-01 -1.458623e-01 -1.458258e-01 -1.457823e-01 -1.458000e-01 -1.458999e-01 -1.459720e-01 -1.459619e-01 -1.459283e-01 -1.458266e-01 -1.457106e-01 -1.457106e-01 -1.458087e-01 -1.423920e-01 -1.461599e-01 -1.461091e-01 -1.460704e-01 -1.460620e-01 -1.460574e-01 -1.460514e-01 -1.460592e-01 -1.460964e-01 -1.461820e-01 -1.463977e-01 -1.464238e-01 -1.493176e-01 -1.462475e-01 -1.427118e-01 -1.455990e-01 -1.458973e-01 -1.463001e-01 -1.466712e-01 -1.490441e-01 -1.487306e-01 -1.487022e-01 -9.999000e+03 -9.999000e+03 -9.999000e+03 -9.999000e+03 -9.999000e+03 -9.999000e+03 -9.999000e+03 -9.999000e+03 -9.999000e+03 -9.999000e+03
-1.460510e-01 -1.505963e-01 -1.461626e-01 -1.459429e-01 -1.458801e-01 -1.458070e-01 -1.457646e-01 -1.457668e-01 -1.458094e-01 -1.459146e-01 -1.460008e-01 -1.460036e-01 -1.459418e-01 -1.458582e-01 -1.457729e-01 -1.457611e-01 -1.458438e-01 -1.459203e-01 -1.422346e-01 -1.459932e-01 -1.459718e-01 -1.459540e-01 -1.459334e-01 -1.459187e-01 -1.459201e-01 -1.459472e-01 -1.460049e-01 -1.461000e-01 -1.462154e-01 -1.462862e-01 -1.463638e-01 -1.461968e-01 -1.459762e-01 -1.459314e-01 -1.458857e-01 -1.459746e-01 -1.461283e-01 -1.462986e-01 -1.462699e-01 -1.488232e-01 -1.460758e-01 -1.486672e-01 -9.999000e+03 -9.999000e+03 -9.999000e+03 -9.999000e+03 -9.999000e+03 -9.999000e+03 -9.999000e+03 -9.999000e+03
-1.460163e-01 -1.461501e-01 -1.459739e-01 -1.505427e-01 -1.457878e-01 -1.457036e-01 -1.457091e-01 -1.458015e-01 -1.459217e-01 -1.460299e-01 -1.460283e-01 -1.459626e-01 -1.458888e-01 -1.458265e-01 -1.458272e-01 -1.458879e-01 -1.459336e-01 -1.458963e-01 -1.419300e-01 -1.458325e-01 -1.458382e-01 -1.458340e-01 -1.457999e-01 -1.457778e-01 -1.457882e-01 -1.458360e-01 -1.459149e-01 -1.460017e-01 -1.460771e-01 -1.461282e-01 -1.461892e-01 -1.463011e-01 -1.463894e-01 -1.462530e-01 -1.459229e-01 -1.456966e-01 -1.457039e-01 -1.458598e-01 -1.491021e-01 -1.489188e-01 -1.459884e-01 -1.458733e-01 -1.459750e-01 -1.334705e-01 -9.999000e+03 -9.999000e+03 -9.999000e+03 -9.999000e+03 -9.999000e+03 -9.999000e+03
-1.459719e-01 -1.459404e-01 -1.459005e-01 -1.460198e-01 -1.458408e-01 -1.458567e-01 -1.501391e-01 -1.459043e-01 -1.459817e-01 -1.460229e-01 -1.459880e-01 -1.459398e-01 -1.459026e-01 -1.458681e-01 -1.458746e-01 -1.458770e-01 -1.458198e-01 -1.457335e-01 -1.419230e-01 -1.459297e-01 -1.459642e-01 -1.459729e-01 -1.459660e-01 -1.459514e-01 -1.459375e-01 -1.459315e-01 -1.459451e-01 -1.459834e-01 -1.460237e-01 -1.478592e-01 -1.460697e-01 -1.461314e-01 -1.461864e-01 -1.461326e-01 -1.460003e-01 -1.458673e-01 -1.457955e-01 -1.458370e-01 -1.460201e-01 -1.460758e-01 -1.489062e-01 -1.459552e-01 -9.999000e+03 -1.244139e-01 -1.317225e-01 -1.305044e-01 -9.999000e+03 -9.999000e+03 -9.999000e+03 -9.999000e+03
-1.459242e-01 -1.458715e-01 -1.458266e-01 -1.458187e-01 -1.458494e-01 -1.459170e-01 -1.501790e-01 -1.460904e-01 -1.459616e-01 -1.460007e-01 -1.460015e-01 -1.459700e-01 -1.459346e-01 -1.458859e-01 -1.458428e-01 -1.457591e-01 -1.456520e-01 -1.456308e-01 -1.457842e-01 -1.422950e-01 -1.460955e-01 -1.461187e-01 -1.461376e-01 -1.461245e-01 -1.460839e-01 -1.460285e-01 -1.459787e-01 -1.459705e-01 -1.459763e-01 -1.441476e-01 -1.459564e-01 -1.459691e-01 -1.460037e-01 -1.460499e-01 -1.460975e-01 -1.460667e-01 -1.459424e-01 -1.458453e-01 -1.458621e-01 -1.459622e-01 -1.460985e-01 -9.999000e+03 -9.999000e+03 -8.258117e-02 -1.047814e-01 -1.477863e-01 -1.295339e-01 -9.999000e+03 -9.999000e+03 -9.999000e+03
-1.457947e-01 -1.457370e-01 -1.457152e-01 -1.457470e-01 -1.458198e-01 -1.458976e-01 -1.460744e-01 -1.501932e-01 -1.459666e-01 -1.460461e-01 -1.460099e-01 -1.458963e-01 -1.458082e-01 -1.457296e-01 -1.456740e-01 -1.456209e-01 -1.456472e-01 -1.458114e-01 -1.460495e-01 -1.462235e-01 -1.424647e-01 -1.461199e-01 -1.460862e-01 -1.460453e-01 -1.460134e-01 -1.459942e-01 -1.459805e-01 -1.459728e-01 -1.459462e-01 -1.459260e-01 -1.459518e-01 -1.459929e-01 -1.460420e-01 -1.460896e-01 -1.461253e-01 -1.461313e-01 -1.493239e-01 -1.491742e-01 -1.460138e-01 -1.460586e-01 -9.999000e+03 -9.999000e+03 -7.380222e-01 -1.446804e-01 -1.453082e-01 -1.462666e-01 -1.478910e-01 -1.292268e-01 -9.999000e+03 -9.999000e+03
-1.456421e-01 -1.455826e-01 -1.455897e-01 -1.456741e-01 -1.457882e-01 -1.458703e-01 -1.459192e-01 -1.461031e-01 -1.502905e-01 -1.460546e-01 -1.459031e-01 -1.457220e-01 -1.456218e-01 -1.455458e-01 -1.455362e-01 -1.456101e-01 -1.458249e-01 -1.460952e-01 -1.462809e-01 -1.463558e-01 -1.434610e-01 -1.461022e-01 -1.460250e-01 -1.459662e-01 -1.459464e-01 -1.459618e-01 -1.459824e-01 -1.459672e-01 -1.459115e-01 -1.458906e-01 -1.459441e-01 -1.460099e-01 -1.460735e-01 -1.461214e-01 -1.461441e-01 -1.497557e-01 -1.495503e-01 -1.493747e-01 -1.461708e-01 -9.999000e+03 -9.999000e+03 -4.977424e-01 -1.444114e-01 -1.460673e-01 -1.458932e-01 -1.458483e-01 -1.461387e-01 -1.481028e-01 -1.479298e-01 -9.999000e+03
-1.452933e-01 -1.453564e-01 -1.454532e-01 -1.455732e-01 -1.456583e-01 -1.457066e-01 -1.500155e-01 -1.458619e-01 -1.459050e-01 -1.460007e-01 -1.457426e-01 -1.456872e-01 -1.457048e-01 -1.457283e-01 -1.458285e-01 -1.459871e-01 -1.461682e-01 -1.462771e-01 -1.462713e-01 -1.462139e-01 -1.433548e-01 -1.459063e-01 -1.458788e-01 -1.458879e-01 -1.459228e-01 -1.459617e-01 -1.459779e-01 -1.459473e-01 -1.458893e-01 -1.458527e-01 -1.458580e-01 -1.458763e-01 -1.459135e-01 -1.459642e-01 -1.499685e-01 -1.498896e-01 -1.497281e-01 -1.495628e-01 -9.999000e+03 -9.999000e+03 -5.364694e-01 -1.443183e-01 -1.461351e-01 -1.462302e-01 -1.484649e-01 -1.482347e-01 -1.461273e-01 -1.462385e-01 -1.464080e-01 -1.480744e-01
-1.448466e-01 -1.487605e-01 -1.452915e-01 -1.455726e-01 -1.456681e-01 -1.456763e-01 -1.457039e-01 -1.458793e-01 -1.457663e-01 -1.457409e-01 -1.457522e-01 -1.458393e-01 -1.459446e-01 -1.460483e-01 -1.461922e-01 -1.462936e-01 -1.463145e-01 -1.462574e-01 -1.461270e-01 -1.459804e-01 -1.457994e-01 -1.385311e-01 -1.457401e-01 -1.458151e-01 -1.459034e-01 -1.459639e-01 -1.459720e-01 -1.459271e-01 -1.458662e-01 -1.458135e-01 -1.457723e-01 -1.457421e-01 -1.457534e-01 -1.499527e-01 -1.499096e-01 -1.498893e-01 -9.999000e+03 -9.999000e+03 -9.999000e+03 -1.974664e-01 -1.438784e-01 -1.460728e-01 -1.461411e-01 -1.491158e-01 -1.489311e-01 -1.464301e-01 -1.461796e-01 -1.459118e-01 -1.457967e-01 -1.482343e-01
-1.442120e-01 -1.457577e-01 -1.464162e-01 -1.468314e-01 -1.497253e-01 -1.497709e-01 -1.459084e-01 -1.459509e-01 -1.459599e-01 -1.459509e-01 -1.459857e-01 -1.460405e-01 -1.460850e-01 -1.461467e-01 -1.462139e-01 -1.462166e-01 -1.461703e-01 -1.460925e-01 -1.459647e-01 -1.458311e-01 -1.456976e-01 -1.453440e-01 -1.457177e-01 -1.457388e-01 -1.457909e-01 -1.458313e-01 -1.458295e-01 -1.457900e-01 -1.457561e-01 -1.457576e-01 -1.457748e-01 -1.457786e-01 -1.458053e-01 -1.499203e-01 -1.499146e-01 -9.999000e+03 -9.999000e+03 -7.351861e-01 -2.002419e-01 -1.460426e-01 -1.460199e-01 -1.460890e-01 -1.494128e-01 -1.493113e-01 -1.491824e-01 -1.462210e-01 -1.461710e-01 -1.461299e-01 -1.484359e-01 -1.484546e-01
-1.490173e-01 -1.446011e-01 -1.449530e-01 -1.495578e-01 -1.465235e-01 -1.498373e-01 -1.498157e-01 -1.502207e-01 -1.502991e-01 -1.503166e-01 -1.503629e-01 -1.503893e-01 -1.504069e-01 -1.504514e-01 -1.504699e-01 -1.504282e-01 -1.503546e-01 -1.502192e-01 -1.500235e-01 -1.498459e-01 -1.496911e-01 -1.495874e-01 -1.448721e-01 -1.496075e-01 -1.496600e-01 -1.497177e-01 -1.456716e-01 -1.456366e-01 -1.456343e-01 -1.456883e-01 -1.457659e-01 -1.458173e-01 -1.458595e-01 -1.499362e-01 -9.999000e+03 -9.999000e+03 -5.593762e-01 -1.425475e-01 -1.459622e-01 -1.459870e-01 -1.460357e-01 -1.496721e-01 -1.495601e-01 -1.494291e-01 -1.492935e-01 -1.491189e-01 -1.461526e-01 -1.462628e-01 -1.488556e-01 -1.463625e-01
-1.495241e-01 -1.493407e-01 -1.535738e-01 -1.497900e-01 -1.495484e-01 -1.456843e-01 -1.458996e-01 -1.459978e-01 -1.454621e-01 -1.496347e-01 -1.494905e-01 -1.493638e-01 -1.492817e-01 -1.492461e-01 -1.491555e-01 -1.490339e-01 -1.437691e-01 -1.489690e-01 -1.490184e-01 -1.491148e-01 -1.492188e-01 -1.493133e-01 -1.533257e-01 -1.493574e-01 -1.455943e-01 -1.494257e-01 -1.496934e-01 -1.496054e-01 -1.457001e-01 -1.457690e-01 -1.458455e-01 -1.459025e-01 -1.459245e-01 -9.999000e+03 -9.999000e+03 -1.499345e-01 -1.431644e-01 -1.458801e-01 -1.459417e-01 -1.459532e-01 -1.459796e-01 -1.497569e-01 -1.496662e-01 -1.495268e-01 -1.493913e-01 -1.492362e-01 -1.460633e-01 -1.460650e-01 -1.461308e-01 -1.460885e-01
-1.502012e-01 -1.501456e-01 -1.495886e-01 -1.497464e-01 -1.494887e-01 -1.491610e-01 -1.495374e-01 -1.499185e-01 -1.496598e-01 -1.447396e-01 -1.447136e-01 -1.446868e-01 -1.447051e-01 -1.447126e-01 -1.445694e-01 -1.444836e-01 -1.445427e-01 -1.445135e-01 -1.450144e-01 -1.486476e-01 -1.489493e-01 -1.492293e-01 -1.495604e-01 -1.499602e-01 -1.457944e-01 -1.495504e-01 -1.493702e-01 -1.493087e-01 -1.496453e-01 -1.458666e-01 -1.459457e-01 -1.459970e-01 -9.999000e+03 -9.999000e+03 -1.500546e-01 -1.499820e-01 -1.459383e-01 -1.459842e-01 -1.459519e-01 -1.459299e-01 -1.459307e-01 -1.497850e-01 -1.497244e-01 -1.495983e-01 -1.494756e-01 -1.493329e-01 -1.491656e-01 -1.490059e-01 -1.458489e-01 -1.458532e-01
-1.498376e-01 -1.540648e-01 -1.498493e-01 -1.496974e-01 -1.494435e-01 -1.463689e-01 -1.435434e-01 -1.455405e-01 -1.451028e-01 -1.448205e-01 -1.448026e-01 -1.448321e-01 -1.449446e-01 -1.449770e-01 -1.445989e-01 -1.446118e-01 -1.448152e-01 -1.449981e-01 -1.493654e-01 -1.461947e-01 -1.461485e-01 -1.492999e-01 -1.494079e-01 -1.495796e-01 -1.452028e-01 -1.492716e-01 -1.493070e-01 -1.493944e-01 -1.494867e-01 -1.498216e-01 -1.459775e-01 -9.999000e+03 -9.999000e+03 -1.500468e-01 -1.500838e-01 -1.500117e-01 -1.459732e-01 -1.459820e-01 -1.459724e-01 -1.459754e-01 -1.498523e-01 -1.498539e-01 -1.498060e-01 -1.496818e-01 -1.495532e-01 -1.494231e-01 -1.492746e-01 -1.491013e-01 -1.489519e-01 -1.459070e-01
-1.459205e-01 -1.460777e-01 -1.460378e-01 -1.417755e-01 -1.418977e-01 -1.458928e-01 -1.458877e-01 -1.459263e-01 -1.458013e-01 -1.456674e-01 -1.455956e-01 -1.455215e-01 -1.454620e-01 -1.495997e-01 -1.495246e-01 -1.494254e-01 -1.493239e-01 -1.492532e-01 -1.446526e-01 -1.447127e-01 -1.491981e-01 -1.459717e-01 -1.462850e-01 -1.464386e-01 -1.456686e-01 -1.449791e-01 -1.492704e-01 -1.494939e-01 -1.495903e-01 -1.496969e-01 -9.999000e+03 -9.999000e+03 -1.660576e-01 -1.460815e-01 -1.501003e-01 -1.500245e-01 -1.459554e-01 -1.459746e-01 -1.459894e-01 -1.460118e-01 -1.499529e-01 -1.499608e-01 -1.499194e-01 -1.497933e-01 -1.496346e-01 -1.494930e-01 -1.493933e-01 -1.492731e-01 -1.491019e-01 -1.459914e-01
-1.458837e-01 -1.459064e-01 -1.419723e-01 -1.461423e-01 -1.461227e-01 -1.461076e-01 -1.462237e-01 -1.463331e-01 -1.462589e-01 -1.461488e-01 -1.460769e-01 -1.459724e-01 -1.458627e-01 -1.457883e-01 -1.457249e-01 -1.456345e-01 -1.455240e-01 -1.495934e-01 -1.494725e-01 -1.500600e-01 -1.448141e-01 -1.442511e-01 -1.450405e-01 -1.549491e-01 -1.524538e-01 -1.452289e-01 -1.455624e-01 -1.491639e-01 -1.494317e-01 -1.533818e-01 -9.999000e+03 -5.742968e-01 -1.459758e-01 -1.459286e-01 -1.501430e-01 -1.461113e-01 -1.459693e-01 -1.459597e-01 -1.459734e-01 -1.459950e-01 -1.500323e-01 -1.500388e-01 -1.499924e-01 -1.498784e-01 -1.497132e-01 -1.495396e-01 -1.494542e-01 -1.493943e-01 -1.492567e-01 -1.490941e-01
-1.414377e-01 -1.421411e-01 -1.460708e-01 -1.461203e-01 -1.460972e-01 -1.460818e-01 -1.461855e-01 -1.463294e-01 -1.463272e-01 -1.462843e-01 -1.462798e-01 -1.462071e-01 -1.460678e-01 -1.459730e-01 -1.459360e-01 -1.458846e-01 -1.457937e-01 -1.457126e-01 -1.449155e-01 -1.455529e-01 -1.495270e-01 -1.491936e-01 -1.491981e-01 -9.999000e+03 -9.999000e+03 -9.999000e+03 -2.890354e-01 -1.493397e-01 -1.497767e-01 -9.999000e+03 -9.999000e+03 -1.465539e-01 -1.497395e-01 -1.458634e-01 -1.501991e-01 -1.460456e-01 -1.459928e-01 -1.459473e-01 -1.459538e-01 -1.500511e-01 -1.500962e-01 -1.501078e-01 -1.500411e-01 -1.499221e-01 -1.497688e-01 -1.495779e-01 -1.494756e-01 -1.494539e-01 -1.493894e-01 -1.492783e-01
-1.461864e-01 -1.460757e-01 -1.460822e-01 -1.461515e-01 -1.461520e-01 -1.461173e-01 -1.461729e-01 -1.463026e-01 -1.463429e-01 -1.463578e-01 -1.464378e-01 -1.464429e-01 -1.463042e-01 -1.461724e-01 -1.461242e-01 -1.460919e-01 -1.460209e-01 -1.459471e-01 -1.459120e-01 -1.458323e-01 -1.456457e-01 -1.454194e-01 -1.494938e-01 -1.495412e-01 -1.487346e-01 -9.999000e+03 -9.999000e+03 -9.999000e+03 -2.044815e+01 -9.999000e+03 -2.343002e-01 -1.490052e-01 -1.491694e-01 -1.497332e-01 -1.459013e-01 -1.458539e-01 -1.459174e-01 -1.459549e-01 -1.459766e-01 -1.500957e-01 -1.501370e-01 -1.501741e-01 -1.501189e-01 -1.499816e-01 -1.498176e-01 -1.496171e-01 -1.494965e-01 -1.494705e-01 -1.494394e-01 -1.461064e-01
-1.462100e-01 -1.461681e-01 -1.460974e-01 -1.461187e-01 -1.461347e-01 -1.460861e-01 -1.460745e-01 -1.461503e-01 -1.461871e-01 -1.462043e-01 -1.463305e-01 -1.464462e-01 -1.464026e-01 -1.463062e-01 -1.462569e-01 -1.462409e-01 -1.462112e-01 -1.461553e-01 -1.461581e-01 -1.461248e-01 -1.459896e-01 -1.458455e-01 -1.457475e-01 -1.499899e-01 -1.497111e-01 -1.487433e-01 -1.489187e-01 -9.999000e+03 -9.999000e+03 -9.999000e+03 -2.554858e+01 -1.492755e-01 -1.458046e-01 -1.490651e-01 -1.455286e-01 -1.456133e-01 -1.458004e-01 -1.459475e-01 -1.460021e-01 -1.501591e-01 -1.501718e-01 -1.502158e-01 -1.501928e-01 -1.500634e-01 -1.498793e-01 -1.496558e-01 -1.495151e-01 -1.494636e-01 -1.494278e-01 -1.459445e-01
