tests/data/reference/test_implicit_stream_rill_mfda/control/massbalance.asc
ncols	123
nrows	77
xllcorner	-713746.79929998
yllcorner	-1061022.36961616
cellsize	10.0
NODATA_value	-9999
[rows 22 to 43 of 77, columns 50 to 99 of 123]
-1.721225e-01 -1.837428e-01 -1.632123e-01 -1.630185e-01 -1.649825e-01 -1.647692e-01 -1.582133e-01 -1.645703e-01 -1.663576e-01 -1.666812e-01 -1.648129e-01 -1.627261e-01 -1.628486e-01 -1.628817e-01 -1.628437e-01 -1.628075e-01 -1.573433e-01 -1.657790e-01 -1.886696e-01 -1.729172e-01 -1.621346e-01 -1.606341e-01 -1.628757e-01 -1.644420e-01 -1.693092e-01 -1.641747e-01 -1.791933e-01 7.054052e-04 -2.047641e-01 -1.732262e-01 -1.641403e-01 -1.646458e-01 -1.694993e-01 -1.798296e-01 -9.999000e+03 -9.999000e+03 -9.999000e+03 -9.999000e+03 -9.999000e+03 -9.999000e+03 -9.999000e+03 -9.999000e+03 -9.999000e+03 -9.999000e+03 -9.999000e+03 -9.999000e+03 -9.999000e+03 -9.999000e+03 -9.999000e+03 -9.999000e+03
-1.660571e-01 -1.839037e-01 -1.726191e-01 -1.630733e-01 -1.640967e-01 -1.653332e-01 -1.644276e-01 -1.583565e-01 -1.634836e-01 -1.670285e-01 -1.671804e-01 -1.668724e-01 -1.649363e-01 -1.649542e-01 -1.649824e-01 -1.651152e-01 -1.654925e-01 -1.556048e-01 -2.151077e-01 -1.625264e-01 -1.602267e-01 -1.588173e-01 -1.635120e-01 -1.632213e-01 -1.650754e-01 -1.631927e-01 -1.807188e-01 -1.689160e-01 8.459182e-02 -1.945311e-01 -1.911470e-01 -1.609158e-01 -1.634763e-01 -1.692917e-01 -1.797019e-01 -1.777842e-01 -9.999000e+03 -9.999000e+03 -9.999000e+03 -9.999000e+03 -9.999000e+03 -9.999000e+03 -9.999000e+03 -9.999000e+03 -9.999000e+03 -9.999000e+03 -9.999000e+03 -9.999000e+03 -9.999000e+03 -9.999000e+03
-1.839678e-01 -1.633985e-01 -1.730204e-01 -1.669467e-01 -1.640489e-01 -1.658795e-01 -1.648728e-01 -1.634392e-01 -1.582222e-01 -1.621369e-01 -1.663405e-01 -1.661655e-01 -1.671295e-01 -1.668603e-01 -1.668587e-01 -1.671007e-01 -1.675241e-01 -1.680627e-01 -2.395683e-01 -1.441771e-01 -1.580058e-01 -1.573443e-01 -1.637633e-01 -1.631910e-01 -1.632104e-01 -1.632214e-01 -1.702485e-01 -1.644574e-01 -1.798530e-01 1.849331e-01 -1.720395e-01 -2.109863e-01 -1.662684e-01 -1.637839e-01 -1.689620e-01 -1.681923e-01 -1.771331e-01 -9.999000e+03 -9.999000e+03 -9.999000e+03 -9.999000e+03 -9.999000e+03 -9.999000e+03 -9.999000e+03 -9.999000e+03 -9.999000e+03 -9.999000e+03 -9.999000e+03 -9.999000e+03 -9.999000e+03
-1.728915e-01 -1.846251e-01 -1.630801e-01 -1.669450e-01 -1.634404e-01 -1.659828e-01 -1.665256e-01 -1.639931e-01 -1.623961e-01 -1.578998e-01 -1.600822e-01 -1.641359e-01 -1.638274e-01 -1.658198e-01 -1.672549e-01 -1.677314e-01 -1.679152e-01 -1.678521e-01 -2.619524e-01 -1.220055e-01 -1.557766e-01 -1.562227e-01 -1.632515e-01 -1.640778e-01 -1.631216e-01 -1.639762e-01 -1.653674e-01 -1.631595e-01 -1.701117e-01 2.432411e-01 -1.803217e-01 -1.317758e-01 -2.306136e-01 -1.617394e-01 -1.635939e-01 -1.646766e-01 -1.696122e-01 -1.790988e-01 -1.775643e-01 -1.774172e-01 -9.999000e+03 -9.999000e+03 -9.999000e+03 -9.999000e+03 -9.999000e+03 -9.999000e+03 -9.999000e+03 -9.999000e+03 -9.999000e+03 -9.999000e+03
-1.670597e-01 -1.848908e-01 -1.734064e-01 -1.639168e-01 -1.633240e-01 -1.624151e-01 -1.670429e-01 -1.664879e-01 -1.625990e-01 -1.603798e-01 -1.563514e-01 -1.574914e-01 -1.613057e-01 -1.611661e-01 -1.640297e-01 -1.665149e-01 -1.664898e-01 -1.662097e-01 -3.100187e-01 -1.035006e-01 -1.544701e-01 -1.557669e-01 -1.626000e-01 -1.644674e-01 -1.646015e-01 -1.642161e-01 -1.629112e-01 -1.632398e-01 -1.657172e-01 2.708972e-01 -1.703050e-01 -9.121095e-02 -2.385641e-01 -1.651485e-01 -1.622287e-01 -1.627229e-01 -1.648463e-01 -1.691351e-01 -1.679563e-01 -1.780333e-01 -1.668691e-01 -1.772323e-01 -9.999000e+03 -9.999000e+03 -9.999000e+03 -9.999000e+03 -9.999000e+03 -9.999000e+03 -9.999000e+03 -9.999000e+03
-1.638363e-01 -1.736499e-01 -1.670883e-01 -1.847290e-01 -1.661331e-01 -1.621528e-01 -1.643137e-01 -1.669096e-01 -1.648395e-01 -1.598916e-01 -1.577527e-01 -1.545358e-01 -1.551635e-01 -1.586739e-01 -1.584681e-01 -1.610931e-01 -1.638137e-01 -1.637689e-01 -3.324373e-01 -9.353195e-02 -1.540188e-01 -1.558241e-01 -1.620862e-01 -1.646290e-01 -1.658595e-01 -1.641672e-01 -1.629704e-01 -1.644902e-01 -1.632804e-01 2.349333e-01 -1.657724e-01 -5.805470e-02 -2.270296e-01 -1.652155e-01 -1.644459e-01 -1.637312e-01 -1.620170e-01 -1.635268e-01 -1.793645e-01 -1.785056e-01 -1.668446e-01 -1.622923e-01 -1.661830e-01 -1.940240e-01 -9.999000e+03 -9.999000e+03 -9.999000e+03 -9.999000e+03 -9.999000e+03 -9.999000e+03
-1.628456e-01 -1.671222e-01 -1.635043e-01 -1.729455e-01 -1.671728e-01 -1.644809e-01 -1.834343e-01 -1.673212e-01 -1.649520e-01 -1.619908e-01 -1.571869e-01 -1.552180e-01 -1.526635e-01 -1.528730e-01 -1.557196e-01 -1.554461e-01 -1.583005e-01 -1.614224e-01 -3.490930e-01 -9.474436e-02 -1.533086e-01 -1.552746e-01 -1.605797e-01 -1.634614e-01 -1.655543e-01 -1.631765e-01 -1.651428e-01 -1.648787e-01 -1.629881e-01 1.341656e-01 -1.632813e-01 -4.026189e-02 -2.114495e-01 -1.633039e-01 -1.656344e-01 -1.659832e-01 -1.641734e-01 -1.621211e-01 -1.680061e-01 -1.676300e-01 -1.784440e-01 -1.625984e-01 -9.999000e+03 -1.989180e-01 -1.950479e-01 -1.962414e-01 -9.999000e+03 -9.999000e+03 -9.999000e+03 -9.999000e+03
-1.635174e-01 -1.634411e-01 -1.623993e-01 -1.661938e-01 -1.670112e-01 -1.673117e-01 -1.835683e-01 -1.718447e-01 -1.679121e-01 -1.620409e-01 -1.588041e-01 -1.543130e-01 -1.526404e-01 -1.508234e-01 -1.509189e-01 -1.534532e-01 -1.536333e-01 -1.561483e-01 -1.581214e-01 -3.539487e-01 -1.520914e-01 -1.539702e-01 -1.581252e-01 -1.609407e-01 -1.634555e-01 -1.612032e-01 -1.660367e-01 -1.643591e-01 -1.643968e-01 1.836503e-02 -1.628910e-01 -4.286190e-02 -1.930001e-01 -1.607092e-01 -1.642750e-01 -1.650935e-01 -1.661553e-01 -1.648047e-01 -1.628529e-01 -1.630335e-01 -1.677005e-01 -9.999000e+03 -9.999000e+03 -1.105949e-01 -1.259033e-01 -1.720080e-01 -1.976353e-01 -9.999000e+03 -9.999000e+03 -9.999000e+03
-1.660749e-01 -1.621729e-01 -1.639535e-01 -1.624288e-01 -1.657913e-01 -1.679991e-01 -1.719129e-01 -1.836158e-01 -1.660612e-01 -1.663235e-01 -1.586194e-01 -1.558640e-01 -1.522195e-01 -1.511638e-01 -1.500838e-01 -1.502865e-01 -1.519929e-01 -1.511940e-01 -1.517389e-01 -1.522980e-01 -4.795419e-01 -1.524958e-01 -1.557847e-01 -1.583275e-01 -1.608860e-01 -1.589171e-01 -1.653700e-01 -1.631080e-01 -1.655870e-01 -2.068009e-02 -1.645660e-01 -6.212020e-02 -1.644289e-01 -1.580225e-01 -1.615656e-01 -1.622168e-01 -1.803485e-01 -1.796937e-01 -1.625584e-01 -1.626624e-01 -9.999000e+03 -9.999000e+03 -5.768790e-01 -1.685050e-01 -1.622319e-01 -1.644996e-01 -1.726905e-01 -1.981925e-01 -9.999000e+03 -9.999000e+03
-1.682115e-01 -1.642829e-01 -1.680432e-01 -1.621501e-01 -1.637091e-01 -1.670143e-01 -1.659240e-01 -1.720789e-01 -1.839357e-01 -1.633292e-01 -1.639699e-01 -1.562176e-01 -1.541555e-01 -1.516199e-01 -1.509685e-01 -1.499210e-01 -1.489048e-01 -1.485562e-01 -1.468289e-01 -1.465754e-01 -4.406827e-01 -1.511627e-01 -1.537620e-01 -1.559196e-01 -1.581948e-01 -1.565977e-01 -1.635851e-01 -1.613488e-01 -1.656836e-01 -1.934505e-02 -1.658850e-01 -8.453640e-02 -1.256426e-01 -1.558298e-01 -1.585310e-01 -1.820710e-01 -1.812790e-01 -1.805630e-01 -1.642302e-01 -9.999000e+03 -9.999000e+03 -4.623663e-01 -1.658388e-01 -1.820611e-01 -1.681637e-01 -1.618370e-01 -1.641610e-01 -1.740036e-01 -1.729344e-01 -9.999000e+03
-1.708561e-01 -1.698421e-01 -1.713534e-01 -1.665066e-01 -1.617869e-01 -1.653402e-01 -1.830099e-01 -1.626437e-01 -1.659860e-01 -1.719865e-01 -1.624483e-01 -1.616919e-01 -1.539810e-01 -1.523632e-01 -1.501665e-01 -1.489306e-01 -1.471747e-01 -1.455902e-01 -1.448776e-01 -1.435197e-01 -4.772930e-01 -1.508117e-01 -1.526449e-01 -1.541387e-01 -1.557509e-01 -1.544386e-01 -1.611409e-01 -1.593602e-01 -1.648156e-01 -2.167986e-02 -1.660818e-01 -1.091252e-01 -8.273741e-02 -1.548390e-01 -1.828450e-01 -1.825637e-01 -1.819674e-01 -1.813285e-01 -9.999000e+03 -9.999000e+03 -4.920505e-01 -1.678453e-01 -1.623205e-01 -1.828687e-01 -1.761238e-01 -1.747874e-01 -1.622884e-01 -1.655477e-01 -1.658467e-01 -1.738316e-01
-5.475335e-01 -2.038319e-01 -1.746370e-01 -1.720881e-01 -1.702093e-01 -1.589669e-01 -1.629603e-01 -1.705353e-01 -1.625041e-01 -1.622924e-01 -1.653039e-01 -1.648891e-01 -1.582243e-01 -1.506654e-01 -1.489283e-01 -1.469018e-01 -1.456725e-01 -1.443083e-01 -1.432643e-01 -1.428894e-01 -1.424006e-01 -2.916159e-01 -1.525355e-01 -1.530811e-01 -1.537934e-01 -1.525564e-01 -1.584879e-01 -1.573778e-01 -1.632343e-01 4.092413e-02 -1.655026e-01 -1.432586e-01 -4.161833e-02 -1.827894e-01 -1.826357e-01 -1.825625e-01 -9.999000e+03 -9.999000e+03 -9.999000e+03 -2.199466e-01 -1.689592e-01 -1.630075e-01 -1.630733e-01 -1.794277e-01 -1.785652e-01 -1.671086e-01 -1.628700e-01 -1.619883e-01 -1.617749e-01 -1.747852e-01
-2.061755e-01 -3.206314e-01 -2.326393e-01 -3.360051e-01 -1.960408e-01 -1.940710e-01 -1.541446e-01 -1.586338e-01 -1.650759e-01 -1.654826e-01 -1.627360e-01 -1.628745e-01 -1.666900e-01 -1.539975e-01 -1.473740e-01 -1.460090e-01 -1.445158e-01 -1.435726e-01 -1.427610e-01 -1.423490e-01 -1.426030e-01 -3.678541e-01 -1.529470e-01 -1.527800e-01 -1.527303e-01 -1.516129e-01 -1.565455e-01 -1.561071e-01 -1.615059e-01 1.395021e-01 -1.639399e-01 -1.521434e-01 -1.472365e-02 -1.826741e-01 -1.826538e-01 -9.999000e+03 -9.999000e+03 -6.217355e-01 -2.225477e-01 -1.703400e-01 -1.633941e-01 -1.625689e-01 -1.807215e-01 -1.802946e-01 -1.797306e-01 -1.636401e-01 -1.623156e-01 -1.631961e-01 -1.759563e-01 -1.760646e-01
-1.861811e-01 -1.905157e-01 -2.068505e-01 -2.238865e-01 -2.798136e-01 -1.845401e-01 -1.882130e-01 -1.755215e-01 -1.796060e-01 -1.739878e-01 -1.865815e-01 -1.825416e-01 -1.769134e-01 -1.870816e-01 -1.761457e-01 -1.714799e-01 -1.705721e-01 -1.697294e-01 -1.694605e-01 -1.694942e-01 -1.700755e-01 -1.712374e-01 -3.298242e-01 -1.801744e-01 -1.793613e-01 -1.781701e-01 -1.555768e-01 -1.555753e-01 -1.602128e-01 3.273957e-02 -1.618260e-01 -1.541409e-01 -1.542868e-02 -1.827309e-01 -9.999000e+03 -9.999000e+03 -5.206667e-01 -1.697172e-01 -1.705446e-01 -1.648259e-01 -1.623197e-01 -1.817549e-01 -1.813178e-01 -1.807888e-01 -1.802185e-01 -1.794419e-01 -1.609984e-01 -1.627644e-01 -1.781952e-01 -1.675179e-01
-1.732811e-01 -1.728247e-01 -1.869287e-01 -1.766034e-01 -1.736179e-01 -2.467570e-01 -2.421611e-01 -2.624837e-01 -2.544043e-01 -1.726725e-01 -1.791545e-01 -1.866543e-01 -1.856771e-01 -1.826006e-01 -1.866307e-01 -1.734979e-01 -1.875932e-01 -1.684220e-01 -1.682851e-01 -1.684940e-01 -1.692978e-01 -1.705665e-01 -1.859835e-01 -3.334024e-01 -1.988668e-01 -1.755098e-01 -1.815146e-01 -1.822442e-01 -1.580386e-01 -7.609721e-02 -1.586052e-01 -1.533371e-01 -3.979975e-02 -9.999000e+03 -9.999000e+03 -1.827249e-01 -1.700724e-01 -1.630867e-01 -1.647902e-01 -1.625355e-01 -1.640955e-01 -1.820755e-01 -1.817320e-01 -1.811853e-01 -1.806321e-01 -1.799700e-01 -1.598202e-01 -1.616528e-01 -1.676863e-01 -1.633718e-01
-1.777553e-01 -1.775447e-01 -1.733383e-01 -1.759904e-01 -1.804666e-01 -1.844171e-01 -1.856063e-01 -1.820443e-01 -1.776731e-01 -2.290550e-01 -3.722979e-01 -6.320371e-01 -4.218666e-01 -8.040655e-02 4.535921e-02 1.159967e-01 -5.392607e-02 7.282389e-03 2.297830e-01 -1.725073e-01 -1.711502e-01 -1.702976e-01 -1.691588e-01 -1.766272e-01 -4.096785e-01 -1.722512e-01 -1.780408e-01 -1.787626e-01 -1.828041e-01 -8.126388e-02 -1.541655e-01 -1.508127e-01 -9.999000e+03 -9.999000e+03 -1.831458e-01 -1.828928e-01 -1.639820e-01 -1.619412e-01 -1.624841e-01 -1.632172e-01 -1.660496e-01 -1.821805e-01 -1.819533e-01 -1.814687e-01 -1.809788e-01 -1.803864e-01 -1.796550e-01 -1.789224e-01 -1.625869e-01 -1.624635e-01
-1.823746e-01 -1.886946e-01 -1.779809e-01 -1.739508e-01 -1.754389e-01 -2.518359e-01 -2.152102e-01 -2.597062e-01 -2.869907e-01 -2.585521e-01 -2.494869e-01 -2.445050e-01 -2.526887e-01 -2.843921e-01 -3.632314e-01 -2.594573e-01 -1.758769e-01 -1.508874e-01 -1.450895e-01 5.382480e-02 1.134054e-01 -1.713735e-01 -1.688865e-01 -1.658246e-01 -5.460738e-01 -1.703546e-01 -1.750307e-01 -1.748631e-01 -1.758620e-01 -1.659640e-01 -1.495355e-01 -9.999000e+03 -9.999000e+03 -1.831188e-01 -1.832461e-01 -1.829969e-01 -1.621127e-01 -1.641793e-01 -1.632019e-01 -1.655408e-01 -1.824284e-01 -1.824343e-01 -1.822585e-01 -1.817919e-01 -1.812905e-01 -1.807642e-01 -1.801370e-01 -1.793605e-01 -1.786652e-01 -1.646626e-01
-1.613078e-01 -1.578974e-01 -1.547095e-01 -1.571212e-01 -2.184239e-01 -1.423914e-01 -1.437061e-01 -1.445731e-01 -1.455854e-01 -1.468344e-01 -1.499624e-01 -1.517421e-01 -1.533631e-01 -1.780402e-01 -1.856356e-01 -1.870474e-01 -1.887819e-01 -1.905554e-01 -2.121638e-01 -2.429938e-01 -2.610193e-01 1.400063e-01 2.384749e-01 2.275689e-01 3.025273e-01 -2.512965e-01 -1.715352e-01 -1.681264e-01 -1.684773e-01 -1.686469e-01 -9.999000e+03 -9.999000e+03 -1.949247e-01 -1.714978e-01 -1.833025e-01 -1.830413e-01 -1.635628e-01 -1.665712e-01 -1.654610e-01 -1.660009e-01 -1.827901e-01 -1.828180e-01 -1.826707e-01 -1.822113e-01 -1.816103e-01 -1.810494e-01 -1.806406e-01 -1.801303e-01 -1.793636e-01 -1.646899e-01
-1.568378e-01 -1.548301e-01 -1.937371e-01 -1.400806e-01 -1.401993e-01 -1.407692e-01 -1.413417e-01 -1.417739e-01 -1.424841e-01 -1.467156e-01 -1.483076e-01 -1.500005e-01 -1.512403e-01 -1.622222e-01 -1.628536e-01 -1.636886e-01 -1.645551e-01 -1.802496e-01 -1.870603e-01 1.773995e-01 1.007042e-01 -3.484766e-02 -1.342845e-01 -5.600567e-01 -1.169615e-01 6.148949e-01 -5.903584e-01 -1.617503e-01 -1.610713e-01 -1.861968e-01 -9.999000e+03 -5.306945e-01 -1.708100e-01 -1.656545e-01 -1.834474e-01 -1.715470e-01 -1.662301e-01 -1.667320e-01 -1.661148e-01 -1.650098e-01 -1.830687e-01 -1.830912e-01 -1.829293e-01 -1.825231e-01 -1.819107e-01 -1.812364e-01 -1.808915e-01 -1.806446e-01 -1.800593e-01 -1.793272e-01
-1.997499e-01 -1.622472e-01 -1.415153e-01 -1.404959e-01 -1.399615e-01 -1.401255e-01 -1.402990e-01 -1.402322e-01 -1.454929e-01 -1.466380e-01 -1.481792e-01 -1.494702e-01 -1.626319e-01 -1.629340e-01 -1.633172e-01 -1.637280e-01 -1.540575e-01 -1.630557e-01 1.353559e-01 -1.538534e-01 -1.869489e-01 -1.888620e-01 -1.901948e-01 -9.999000e+03 -9.999000e+03 -9.999000e+03 5.570237e-01 -4.639932e-01 -1.496708e-01 -9.999000e+03 -9.999000e+03 -1.748593e-01 -1.725186e-01 -1.625348e-01 -1.836354e-01 -1.661576e-01 -1.667295e-01 -1.653060e-01 -1.653625e-01 -1.831337e-01 -1.832888e-01 -1.833283e-01 -1.830992e-01 -1.826805e-01 -1.821202e-01 -1.813885e-01 -1.809786e-01 -1.808901e-01 -1.806243e-01 -1.801531e-01
-1.457807e-01 -1.444676e-01 -1.428072e-01 -1.411096e-01 -1.402897e-01 -1.400502e-01 -1.397401e-01 -1.464842e-01 -1.466251e-01 -1.477667e-01 -1.490007e-01 -1.634023e-01 -1.634647e-01 -1.636475e-01 -1.638030e-01 -1.529020e-01 -1.629671e-01 -3.728142e-02 -1.504880e-01 -1.641232e-01 -1.646151e-01 -1.648601e-01 -1.841845e-01 -1.844707e-01 -1.855484e-01 -9.999000e+03 -9.999000e+03 -9.999000e+03 -4.228457e+01 -9.999000e+03 -2.361517e-01 -1.751871e-01 -1.766789e-01 -1.783743e-01 -1.712602e-01 -1.627597e-01 -1.658430e-01 -1.628301e-01 -1.634233e-01 -1.832870e-01 -1.834271e-01 -1.835519e-01 -1.833659e-01 -1.828912e-01 -1.823011e-01 -1.815421e-01 -1.810632e-01 -1.809581e-01 -1.808308e-01 -1.690261e-01
-1.483285e-01 -1.463989e-01 -1.443260e-01 -1.427197e-01 -1.415583e-01 -1.408258e-01 -1.498246e-01 -1.489829e-01 -1.491831e-01 -1.503226e-01 -1.642711e-01 -1.640457e-01 -1.639435e-01 -1.638918e-01 -1.531373e-01 -1.634889e-01 -7.178414e-02 -1.477876e-01 -1.640438e-01 -1.635643e-01 -1.633561e-01 -1.610599e-01 -1.630261e-01 -1.785285e-01 -1.791250e-01 -1.817325e-01 -1.835321e-01 -9.999000e+03 -9.999000e+03 -9.999000e+03 -4.342033e+01 -1.734736e-01 -1.983201e-01 -1.866327e-01 -1.637909e-01 -1.623734e-01 -1.642711e-01 -1.599027e-01 -1.608258e-01 -1.835015e-01 -1.835442e-01 -1.836908e-01 -1.836144e-01 -1.831762e-01 -1.825265e-01 -1.816920e-01 -1.811383e-01 -1.809299e-01 -1.807836e-01 -1.638471e-01
