tests/data/reference/test_implicit_stream_rill_mfda/control/massbalance.asc
ncols	123
nrows	77
xllcorner	-713746.79929998
yllcorner	-1061022.36961616
cellsize	10.0
NODATA_value	-9999
[rows 22 to 43 of 77, columns 0 to 49 of 123]
-9.999000e+03 -9.999000e+03 -9.999000e+03 -9.999000e+03 -9.999000e+03 -9.999000e+03 -9.999000e+03 -9.999000e+03 -9.999000e+03 -9.999000e+03 -9.999000e+03 -9.999000e+03 -9.999000e+03 -9.999000e+03 -9.999000e+03 -1.492693e-01 -1.493022e-01 -1.495424e-01 -1.485865e-01 -1.515196e-01 -1.515958e-01 -1.668830e-01 -1.353732e-01 3.405464e-03 -1.449324e-01 -1.458768e-01 -1.468187e-01 -1.465001e-01 -1.460146e-01 -1.462268e-01 -1.495700e-01 -1.461043e-01 -1.459661e-01 -1.424030e-01 -1.459110e-01 -1.455530e-01 -1.476393e-01 -1.497250e-01 -1.426499e-01 -1.459341e-01 -1.459210e-01 -1.459117e-01 -1.458537e-01 -1.459230e-01 -1.459344e-01 -1.459443e-01 -1.459524e-01 -1.459783e-01 -1.459837e-01 -1.459808e-01
-9.999000e+03 -9.999000e+03 -9.999000e+03 -9.999000e+03 -9.999000e+03 -9.999000e+03 -9.999000e+03 -9.999000e+03 -9.999000e+03 -9.999000e+03 -9.999000e+03 -9.999000e+03 -9.999000e+03 -9.999000e+03 -1.510659e-01 -1.494122e-01 -1.498281e-01 -1.496060e-01 -1.512827e-01 -1.502358e-01 -1.667374e-01 -1.356175e-01 -1.657093e-01 -8.919593e-02 -1.501862e-01 -1.505293e-01 -1.517342e-01 -1.511872e-01 -1.459875e-01 -1.459092e-01 -1.495493e-01 -1.461095e-01 -1.459808e-01 -1.459279e-01 -1.429221e-01 -1.457854e-01 -1.476323e-01 -1.498512e-01 -1.426966e-01 -1.459585e-01 -1.459056e-01 -1.458617e-01 -1.458269e-01 -1.458279e-01 -1.458519e-01 -1.458814e-01 -1.459030e-01 -1.459060e-01 -1.459112e-01 -1.458998e-01
-9.999000e+03 -9.999000e+03 -9.999000e+03 -9.999000e+03 -9.999000e+03 -9.999000e+03 -9.999000e+03 -9.999000e+03 -9.999000e+03 -9.999000e+03 -9.999000e+03 -9.999000e+03 -9.999000e+03 -9.999000e+03 -1.490087e-01 -1.516979e-01 -1.466338e-01 -1.502484e-01 -1.512174e-01 -1.519377e-01 -1.357853e-01 -1.261151e-01 -1.528634e-01 -1.520687e-01 -1.488502e-01 -1.485157e-01 -1.513126e-01 -1.508722e-01 -1.499245e-01 -1.534060e-01 -1.456943e-01 -1.461137e-01 -1.459447e-01 -1.458600e-01 -1.435281e-01 -1.458568e-01 -1.473574e-01 -1.499008e-01 -1.425320e-01 -1.459153e-01 -1.459052e-01 -1.458950e-01 -1.458744e-01 -1.458680e-01 -1.458842e-01 -1.459098e-01 -1.459349e-01 -1.459332e-01 -1.459590e-01 -1.459671e-01
-9.999000e+03 -9.999000e+03 -9.999000e+03 -9.999000e+03 -9.999000e+03 -9.999000e+03 -9.999000e+03 -9.999000e+03 -9.999000e+03 -9.999000e+03 -9.999000e+03 -9.999000e+03 -9.999000e+03 -9.999000e+03 -1.523596e-01 -1.489939e-01 -1.514922e-01 -1.514842e-01 -1.514321e-01 -1.670955e-01 -1.359849e-01 -9.082255e-02 -6.807906e-02 -1.496542e-01 -1.500703e-01 -1.507073e-01 -1.494367e-01 -1.505958e-01 -1.497393e-01 -1.534953e-01 -1.497904e-01 -1.500516e-01 -1.498468e-01 -1.457689e-01 -1.457665e-01 -1.447375e-01 -1.497340e-01 -1.469658e-01 -1.460472e-01 -1.429741e-01 -1.459251e-01 -1.459325e-01 -1.459312e-01 -1.459147e-01 -1.459215e-01 -1.459415e-01 -1.459695e-01 -1.459755e-01 -1.460120e-01 -1.460427e-01
-9.999000e+03 -9.999000e+03 -9.999000e+03 -9.999000e+03 -9.999000e+03 -9.999000e+03 -9.999000e+03 -9.999000e+03 -9.999000e+03 -9.999000e+03 -9.999000e+03 -9.999000e+03 -1.518381e-01 -1.512806e-01 -1.444934e-01 -1.495512e-01 -1.515285e-01 -1.504607e-01 -1.667426e-01 -1.354250e-01 -1.711772e-03 -8.603044e-02 -1.478291e-01 -1.477006e-01 -1.496205e-01 -1.495555e-01 -1.500153e-01 -1.499510e-01 -1.496024e-01 -1.495472e-01 -1.534040e-01 -1.495108e-01 -1.494397e-01 -1.492841e-01 -1.496697e-01 -1.459762e-01 -1.506661e-01 -1.461488e-01 -1.461112e-01 -1.459066e-01 -1.470689e-01 -1.459301e-01 -1.459190e-01 -1.459032e-01 -1.459261e-01 -1.459675e-01 -1.460146e-01 -1.460235e-01 -1.460351e-01 -1.460432e-01
-9.999000e+03 -9.999000e+03 -9.999000e+03 -9.999000e+03 -9.999000e+03 -9.999000e+03 -9.999000e+03 -9.999000e+03 -9.999000e+03 -9.999000e+03 -9.999000e+03 -9.999000e+03 -9.999000e+03 -1.517617e-01 -1.498526e-01 -1.502741e-01 -1.507330e-01 -1.665113e-01 -1.344311e-01 -1.343358e-02 -1.514637e-01 -1.496632e-01 -1.465595e-01 -1.485712e-01 -1.494837e-01 -1.497414e-01 -1.499501e-01 -1.545747e-01 -1.494683e-01 -1.497753e-01 -1.494418e-01 -1.495483e-01 -1.492994e-01 -1.493904e-01 -1.494471e-01 -1.498213e-01 -1.501667e-01 -1.565722e-01 -1.459511e-01 -1.450338e-01 -1.385624e-01 -1.459270e-01 -1.459089e-01 -1.459189e-01 -1.459553e-01 -1.459986e-01 -1.460606e-01 -1.460651e-01 -1.460497e-01 -1.460333e-01
-9.999000e+03 -9.999000e+03 -9.999000e+03 -9.999000e+03 -9.999000e+03 -9.999000e+03 -9.999000e+03 -9.999000e+03 -9.999000e+03 -9.999000e+03 -9.999000e+03 -9.999000e+03 -9.999000e+03 -9.999000e+03 -9.999000e+03 -1.510900e-01 -1.659406e-01 -1.333097e-01 -1.265571e-01 -8.144439e-02 -1.480995e-01 -1.500859e-01 -1.505690e-01 -1.508135e-01 -1.507924e-01 -1.505185e-01 -1.499230e-01 -1.518028e-01 -1.573267e-01 -1.493984e-01 -1.499907e-01 -1.492607e-01 -1.491601e-01 -1.492155e-01 -1.497996e-01 -1.498766e-01 -1.497551e-01 -1.495075e-01 -1.524839e-01 -1.498772e-01 -1.388356e-01 -1.459771e-01 -1.460242e-01 -1.460604e-01 -1.460674e-01 -1.460611e-01 -1.460470e-01 -1.460198e-01 -1.460020e-01 -1.459930e-01
-9.999000e+03 -9.999000e+03 -9.999000e+03 -9.999000e+03 -9.999000e+03 -9.999000e+03 -9.999000e+03 -9.999000e+03 -9.999000e+03 -9.999000e+03 -9.999000e+03 -9.999000e+03 -9.999000e+03 -9.999000e+03 -9.999000e+03 -9.999000e+03 -1.664328e-01 -1.333983e-01 -1.011251e-01 -1.485780e-01 -1.498410e-01 -1.501437e-01 -1.503417e-01 -1.503010e-01 -1.500507e-01 -1.497632e-01 -1.493956e-01 -1.492204e-01 -1.494570e-01 -1.559519e-01 -1.569661e-01 -1.627600e-01 -1.492513e-01 -1.493441e-01 -1.497422e-01 -1.499980e-01 -1.468695e-01 -1.472956e-01 -1.496450e-01 -1.532907e-01 -1.496263e-01 -1.519548e-01 -1.461235e-01 -1.461641e-01 -1.461452e-01 -1.460975e-01 -1.460259e-01 -1.459727e-01 -1.459577e-01 -1.459530e-01
-9.999000e+03 -9.999000e+03 -9.999000e+03 -9.999000e+03 -9.999000e+03 -9.999000e+03 -9.999000e+03 -9.999000e+03 -9.999000e+03 -9.999000e+03 -9.999000e+03 -9.999000e+03 -9.999000e+03 -9.999000e+03 -9.999000e+03 -9.999000e+03 -1.337984e-01 -2.317372e-02 -1.511314e-01 -1.497366e-01 -1.497600e-01 -1.524409e-01 -1.554873e-01 -1.556392e-01 -1.553020e-01 -1.546290e-01 -1.536250e-01 -1.519497e-01 -1.488017e-01 -1.441908e-01 -1.394738e-01 -1.388471e-01 -1.633978e-01 -1.665934e-01 -1.659365e-01 -1.606850e-01 -1.644173e-01 -1.627562e-01 -1.515994e-01 -1.510627e-01 -1.549498e-01 -1.538318e-01 -1.507607e-01 -1.500823e-01 -1.501426e-01 -1.456982e-01 -1.457209e-01 -1.457653e-01 -1.458189e-01 -1.458380e-01
-9.999000e+03 -9.999000e+03 -9.999000e+03 -9.999000e+03 -9.999000e+03 -9.999000e+03 -9.999000e+03 -9.999000e+03 -9.999000e+03 -9.999000e+03 -9.999000e+03 -9.999000e+03 -9.999000e+03 -9.999000e+03 -9.999000e+03 -1.338104e-01 -1.924652e-02 -1.475934e-01 -1.459020e-01 -1.520244e-01 -1.514812e-01 -1.500358e-01 -1.484537e-01 -1.491682e-01 -1.518605e-01 -1.501566e-01 -1.505924e-01 -1.509924e-01 -1.542351e-01 -1.541679e-01 -1.538894e-01 -1.536786e-01 -1.533772e-01 -1.526625e-01 -1.511255e-01 -1.480909e-01 -1.527454e-01 -1.515362e-01 -1.488475e-01 -1.503227e-01 -1.503170e-01 -1.494737e-01 -1.588525e-01 -1.734669e-01 -1.718518e-01 -1.495370e-01 -1.466273e-01 -1.456018e-01 -1.457117e-01 -1.457132e-01
-9.999000e+03 -9.999000e+03 -9.999000e+03 -9.999000e+03 -9.999000e+03 -9.999000e+03 -9.999000e+03 -9.999000e+03 -9.999000e+03 -9.999000e+03 -9.999000e+03 -9.999000e+03 -9.999000e+03 -9.999000e+03 -1.329891e-01 -1.261643e-01 -8.165567e-02 -1.438112e-01 -1.457579e-01 -1.417855e-01 -1.498038e-01 -1.499820e-01 -1.500889e-01 -1.500880e-01 -1.479968e-01 -1.499147e-01 -1.501070e-01 -1.460334e-01 -1.460088e-01 -1.501189e-01 -1.498579e-01 -1.495148e-01 -1.501539e-01 -1.511632e-01 -1.523576e-01 -1.543566e-01 -1.495026e-01 -1.497913e-01 -1.500785e-01 -1.502320e-01 -1.502158e-01 -1.499995e-01 -1.451958e-01 -1.455892e-01 -1.464153e-01 -1.693653e-01 -1.675674e-01 -1.676189e-01 -1.500722e-01 -1.462731e-01
-9.999000e+03 -9.999000e+03 -9.999000e+03 -9.999000e+03 -9.999000e+03 -9.999000e+03 -9.999000e+03 -9.999000e+03 -9.999000e+03 -9.999000e+03 -9.999000e+03 -9.999000e+03 -9.999000e+03 -9.999000e+03 -1.335832e-01 -1.795943e-02 -1.459971e-01 -1.458738e-01 -1.434625e-01 -1.457804e-01 -1.458526e-01 -1.459784e-01 -1.500909e-01 -1.461156e-01 -1.460554e-01 -1.458489e-01 -1.459952e-01 -1.460984e-01 -1.430811e-01 -1.433957e-01 -1.436844e-01 -1.456980e-01 -1.456896e-01 -1.456678e-01 -1.466905e-01 -1.458463e-01 -1.457611e-01 -1.458449e-01 -1.459501e-01 -1.460492e-01 -1.460834e-01 -1.501869e-01 -1.501336e-01 -1.499939e-01 -1.492467e-01 -1.443850e-01 -1.446367e-01 -1.452986e-01 -1.612201e-01 -1.616907e-01
-9.999000e+03 -9.999000e+03 -9.999000e+03 -9.999000e+03 -9.999000e+03 -9.999000e+03 -9.999000e+03 -9.999000e+03 -9.999000e+03 -9.999000e+03 -9.999000e+03 -9.999000e+03 -9.999000e+03 -1.256049e-01 1.862743e-01 -1.459660e-01 -1.458854e-01 -1.450231e-01 -1.459104e-01 -1.458463e-01 -1.458366e-01 -1.459022e-01 -1.460138e-01 -1.461046e-01 -1.459155e-01 -1.460690e-01 -1.460827e-01 -1.461570e-01 -1.460510e-01 -1.459559e-01 -1.458749e-01 -1.457675e-01 -1.457515e-01 -1.427601e-01 -1.493726e-01 -1.460403e-01 -1.459637e-01 -1.459661e-01 -1.459877e-01 -1.459994e-01 -1.460089e-01 -1.460091e-01 -1.460340e-01 -1.503163e-01 -1.503580e-01 -1.503130e-01 -1.496441e-01 -1.494841e-01 -1.490968e-01 -1.440092e-01
-9.999000e+03 -9.999000e+03 -9.999000e+03 -9.999000e+03 -9.999000e+03 -9.999000e+03 -9.999000e+03 -9.999000e+03 -9.999000e+03 -9.999000e+03 -9.999000e+03 -9.999000e+03 -1.328131e-01 -1.252191e-01 -1.460182e-01 -1.457645e-01 -1.459470e-01 -1.459810e-01 -1.459283e-01 -1.458753e-01 -1.458385e-01 -1.458396e-01 -1.459194e-01 -1.456778e-01 -1.460688e-01 -1.460870e-01 -1.461331e-01 -1.462198e-01 -1.461445e-01 -1.460836e-01 -1.460716e-01 -1.460195e-01 -1.427282e-01 -1.459429e-01 -1.494309e-01 -1.460036e-01 -1.460794e-01 -1.461209e-01 -1.461872e-01 -1.462170e-01 -1.462250e-01 -1.461695e-01 -1.460699e-01 -1.460580e-01 -1.461230e-01 -1.503667e-01 -1.503459e-01 -1.503239e-01 -1.495297e-01 -1.491974e-01
-9.999000e+03 -9.999000e+03 -9.999000e+03 -9.999000e+03 -9.999000e+03 -9.999000e+03 -9.999000e+03 -9.999000e+03 -9.999000e+03 -9.999000e+03 -9.999000e+03 -9.999000e+03 -1.263028e-01 -1.473704e-01 -1.460154e-01 -1.465983e-01 -1.459682e-01 -1.459851e-01 -1.459475e-01 -1.459069e-01 -1.458653e-01 -1.458248e-01 -1.454784e-01 -1.459033e-01 -1.459649e-01 -1.460253e-01 -1.460858e-01 -1.462054e-01 -1.461897e-01 -1.461838e-01 -1.462559e-01 -1.429574e-01 -1.494866e-01 -1.462562e-01 -1.460399e-01 -1.460607e-01 -1.461655e-01 -1.462242e-01 -1.463194e-01 -1.464064e-01 -1.464786e-01 -1.464312e-01 -1.461937e-01 -1.461676e-01 -1.462320e-01 -1.462834e-01 -1.462777e-01 -1.505247e-01 -1.504047e-01 -1.500560e-01
-9.999000e+03 -9.999000e+03 -9.999000e+03 -9.999000e+03 -9.999000e+03 -9.999000e+03 -9.999000e+03 -9.999000e+03 -9.999000e+03 -9.999000e+03 -9.999000e+03 -1.317499e-01 -9.030306e-03 -1.460811e-01 -1.471813e-01 -1.462866e-01 -1.461297e-01 -1.460874e-01 -1.460162e-01 -1.459608e-01 -1.459286e-01 -1.455511e-01 -1.459176e-01 -1.459412e-01 -1.459751e-01 -1.460193e-01 -1.460201e-01 -1.460917e-01 -1.461015e-01 -1.461204e-01 -1.462456e-01 -1.433380e-01 -1.492306e-01 -1.463030e-01 -1.460781e-01 -1.460586e-01 -1.462205e-01 -1.462530e-01 -1.463983e-01 -1.464788e-01 -1.466267e-01 -1.466530e-01 -1.499582e-01 -1.499310e-01 -1.499628e-01 -1.500491e-01 -1.501178e-01 -1.501729e-01 -1.460378e-01 -1.501640e-01
-9.999000e+03 -9.999000e+03 -9.999000e+03 -9.999000e+03 -9.999000e+03 -9.999000e+03 -9.999000e+03 -9.999000e+03 -9.999000e+03 -9.999000e+03 -1.313474e-01 -1.258390e-01 -1.461851e-01 -1.455575e-01 -1.482397e-01 -1.464057e-01 -1.463357e-01 -1.462466e-01 -1.461242e-01 -1.460285e-01 -1.458391e-01 -1.459301e-01 -1.459505e-01 -1.459747e-01 -1.459960e-01 -1.460430e-01 -1.460754e-01 -1.460185e-01 -1.460132e-01 -1.460266e-01 -1.461871e-01 -1.462356e-01 -1.462988e-01 -1.464464e-01 -1.491366e-01 -1.489827e-01 -1.459666e-01 -1.488962e-01 -1.489146e-01 -1.489667e-01 -1.492226e-01 -1.496588e-01 -1.462260e-01 -1.459132e-01 -1.459571e-01 -1.460107e-01 -1.459864e-01 -1.459601e-01 -1.499748e-01 -1.498312e-01
-9.999000e+03 -9.999000e+03 -9.999000e+03 -9.999000e+03 -9.999000e+03 -9.999000e+03 -9.999000e+03 -9.999000e+03 -9.999000e+03 -9.999000e+03 -1.307209e-01 -1.468614e-01 -1.460545e-01 -1.460262e-01 -1.479803e-01 -1.461995e-01 -1.462931e-01 -1.462898e-01 -1.461977e-01 -1.461828e-01 -1.460317e-01 -1.459638e-01 -1.459471e-01 -1.459563e-01 -1.459410e-01 -1.487791e-01 -1.460125e-01 -1.460012e-01 -1.459739e-01 -1.459633e-01 -1.461329e-01 -1.461661e-01 -1.486581e-01 -1.489783e-01 -1.460803e-01 -1.457330e-01 -1.487285e-01 -1.459217e-01 -1.459645e-01 -1.460639e-01 -1.491709e-01 -1.496202e-01 -1.462034e-01 -1.458791e-01 -1.459196e-01 -1.459788e-01 -1.460006e-01 -1.460013e-01 -1.459016e-01 -1.457955e-01
-9.999000e+03 -9.999000e+03 -9.999000e+03 -9.999000e+03 -9.999000e+03 -9.999000e+03 -9.999000e+03 -9.999000e+03 -9.999000e+03 -1.307883e-01 6.462508e-02 -1.458723e-01 -1.459493e-01 -1.478972e-01 -1.459914e-01 -1.460136e-01 -1.461507e-01 -1.462821e-01 -1.465611e-01 -1.461148e-01 -1.460361e-01 -1.459464e-01 -1.459743e-01 -1.460265e-01 -1.487137e-01 -1.459925e-01 -1.459815e-01 -1.460384e-01 -1.459637e-01 -1.459023e-01 -1.460952e-01 -1.484532e-01 -1.461893e-01 -1.462414e-01 -1.460287e-01 -1.458164e-01 -1.458322e-01 -1.458597e-01 -1.488938e-01 -1.491415e-01 -1.465326e-01 -1.465405e-01 -1.460003e-01 -1.458114e-01 -1.458628e-01 -1.459342e-01 -1.460160e-01 -1.460786e-01 -1.459853e-01 -1.458886e-01
-9.999000e+03 -9.999000e+03 -9.999000e+03 -9.999000e+03 -9.999000e+03 -9.999000e+03 -9.999000e+03 -9.999000e+03 -9.999000e+03 -1.316305e-01 -1.467356e-01 -1.457907e-01 -1.459543e-01 -1.478385e-01 -1.459892e-01 -1.459374e-01 -1.480810e-01 -1.466577e-01 -1.462002e-01 -1.461455e-01 -1.459255e-01 -1.459868e-01 -1.486511e-01 -1.487367e-01 -1.459843e-01 -1.458432e-01 -1.486036e-01 -1.485655e-01 -1.484388e-01 -1.482067e-01 -1.482207e-01 -1.462769e-01 -1.462109e-01 -1.461716e-01 -1.460289e-01 -1.459041e-01 -1.458782e-01 -1.489868e-01 -1.462317e-01 -1.464749e-01 -1.464330e-01 -1.461828e-01 -1.459011e-01 -1.457851e-01 -1.458691e-01 -1.459709e-01 -1.460156e-01 -1.460460e-01 -1.459986e-01 -1.459673e-01
-9.999000e+03 -9.999000e+03 -9.999000e+03 -9.999000e+03 -9.999000e+03 -9.999000e+03 -9.999000e+03 -9.999000e+03 -1.261633e-01 -3.339320e-03 -1.448091e-01 -1.458420e-01 -1.477896e-01 -1.459560e-01 -1.459899e-01 -1.459289e-01 -1.444618e-01 -1.460154e-01 -1.461403e-01 -1.459415e-01 -1.460843e-01 -1.460462e-01 -1.460089e-01 -1.460348e-01 -1.459149e-01 -1.449092e-01 -1.454328e-01 -1.486052e-01 -1.488862e-01 -1.490870e-01 -1.490646e-01 -1.484572e-01 -1.472942e-01 -1.456722e-01 -1.431864e-01 -1.397602e-01 -1.374511e-01 -1.377298e-01 -1.414504e-01 -1.427735e-01 -1.435291e-01 -1.433800e-01 -1.470915e-01 -1.473072e-01 -1.474735e-01 -1.475189e-01 -1.473711e-01 -1.471508e-01 -1.468185e-01 -1.455913e-01
-9.999000e+03 -9.999000e+03 -9.999000e+03 -9.999000e+03 -9.999000e+03 -9.999000e+03 -9.999000e+03 -1.312694e-01 -1.264731e-01 -1.453154e-01 -1.460038e-01 -1.458980e-01 -1.478462e-01 -1.458506e-01 -1.459413e-01 -1.459398e-01 -1.459687e-01 -1.459510e-01 -1.456794e-01 -1.461462e-01 -1.485327e-01 -1.485980e-01 -1.460580e-01 -1.448714e-01 -1.448346e-01 -1.459041e-01 -1.458011e-01 -1.459118e-01 -1.458421e-01 -1.457588e-01 -1.460086e-01 -1.462367e-01 -1.461517e-01 -1.460732e-01 -1.459873e-01 -1.459103e-01 -1.458771e-01 -1.458540e-01 -1.460132e-01 -1.461315e-01 -1.459997e-01 -1.458846e-01 -1.459057e-01 -1.459278e-01 -1.459839e-01 -1.460291e-01 -1.459222e-01 -1.458385e-01 -1.508209e-01 -1.461960e-01
