tests/data/reference/test_implicit_stream_rill_mfda/control/massbalance.asc
ncols	123
nrows	77
xllcorner	-713746.79929998
yllcorner	-1061022.36961616
cellsize	10.0
NODATA_value	-9999
[rows 44 to 65 of 77, columns 50 to 99 of 123]
-1.462325e-01 -1.463018e-01 -1.462128e-01 -1.461608e-01 -1.461629e-01 -1.461274e-01 -1.460262e-01 -1.460257e-01 -1.460488e-01 -1.460401e-01 -1.461437e-01 -1.463238e-01 -1.464067e-01 -1.463905e-01 -1.463490e-01 -1.446554e-01 -1.463410e-01 -1.463303e-01 -1.463741e-01 -1.463721e-01 -1.462497e-01 -1.461531e-01 -1.461212e-01 -1.460279e-01 -1.500836e-01 -1.496970e-01 -1.492237e-01 -1.522946e-01 -9.999000e+03 -9.999000e+03 -9.999000e+03 -9.999000e+03 -1.579511e-01 -1.492185e-01 -1.496019e-01 -1.458072e-01 -1.458608e-01 -1.459008e-01 -1.459399e-01 -1.501994e-01 -1.502258e-01 -1.502514e-01 -1.502388e-01 -1.501439e-01 -1.499761e-01 -1.497520e-01 -1.495981e-01 -1.495178e-01 -1.494587e-01 -1.459565e-01
-1.459933e-01 -1.461743e-01 -1.461727e-01 -1.461858e-01 -1.462523e-01 -1.462682e-01 -1.461259e-01 -1.460602e-01 -1.460817e-01 -1.460435e-01 -1.460245e-01 -1.461179e-01 -1.462546e-01 -1.463066e-01 -1.475805e-01 -1.461947e-01 -1.463070e-01 -1.463319e-01 -1.464318e-01 -1.464662e-01 -1.463086e-01 -1.461945e-01 -1.462253e-01 -1.462062e-01 -1.459215e-01 -1.498396e-01 -1.498459e-01 -9.999000e+03 -9.999000e+03 -4.837592e-01 -1.475398e-01 -9.999000e+03 -9.999000e+03 -9.999000e+03 -1.496140e-01 -1.501480e-01 -1.459785e-01 -1.458883e-01 -1.458740e-01 -1.502197e-01 -1.502939e-01 -1.503067e-01 -1.502907e-01 -1.502271e-01 -1.501031e-01 -1.499152e-01 -1.497634e-01 -1.496543e-01 -1.495573e-01 -1.459842e-01
-1.457816e-01 -1.459633e-01 -1.460400e-01 -1.459680e-01 -1.462173e-01 -1.463628e-01 -1.462149e-01 -1.461004e-01 -1.461336e-01 -1.461260e-01 -1.460364e-01 -1.459947e-01 -1.460954e-01 -1.481010e-01 -1.460388e-01 -1.461261e-01 -1.461991e-01 -1.462564e-01 -1.464203e-01 -1.465378e-01 -1.463804e-01 -1.462412e-01 -1.463031e-01 -1.463434e-01 -1.461124e-01 -1.457645e-01 -1.456783e-01 -9.999000e+03 -1.679325e-01 -1.542411e-01 -1.495457e-01 -1.495326e-01 -1.492842e-01 -9.999000e+03 -9.999000e+03 -9.999000e+03 -1.500968e-01 -1.457898e-01 -1.457972e-01 -1.501660e-01 -1.503029e-01 -1.503267e-01 -1.503067e-01 -1.502499e-01 -1.501627e-01 -1.500293e-01 -1.499115e-01 -1.498098e-01 -1.497053e-01 -1.460663e-01
-1.457196e-01 -1.458131e-01 -1.457254e-01 -1.457331e-01 -1.459890e-01 -1.462423e-01 -1.462270e-01 -1.461179e-01 -1.461635e-01 -1.462248e-01 -1.461164e-01 -1.460401e-01 -1.486883e-01 -1.460373e-01 -1.460446e-01 -1.460746e-01 -1.461160e-01 -1.460492e-01 -1.463060e-01 -1.464980e-01 -1.464329e-01 -1.463459e-01 -1.464482e-01 -1.465521e-01 -1.464497e-01 -1.460403e-01 -1.504522e-01 -9.999000e+03 -1.859813e-01 -1.534306e-01 -1.496280e-01 -1.496862e-01 -1.494879e-01 -1.493113e-01 -2.065927e-01 -9.999000e+03 -9.999000e+03 -1.456680e-01 -1.457380e-01 -1.500190e-01 -1.502424e-01 -1.503118e-01 -1.502920e-01 -1.502188e-01 -1.501579e-01 -1.500873e-01 -1.500303e-01 -1.499708e-01 -1.498870e-01 -1.461305e-01
-1.456987e-01 -1.456372e-01 -1.456396e-01 -1.455945e-01 -1.457789e-01 -1.490761e-01 -1.491692e-01 -1.491542e-01 -1.491744e-01 -1.460953e-01 -1.462177e-01 -1.494309e-01 -1.460525e-01 -1.461842e-01 -1.495486e-01 -1.494907e-01 -1.459197e-01 -1.494292e-01 -1.495329e-01 -1.497716e-01 -1.499080e-01 -1.499424e-01 -1.500621e-01 -1.502691e-01 -1.464494e-01 -1.464908e-01 -1.459293e-01 -9.999000e+03 -2.322580e-01 -1.471173e-01 -1.494803e-01 -1.497952e-01 -1.495700e-01 -1.493287e-01 -1.491314e-01 -1.525978e-01 -9.999000e+03 -1.502736e-01 -1.458390e-01 -1.498466e-01 -1.501346e-01 -1.502737e-01 -1.502809e-01 -1.501983e-01 -1.501533e-01 -1.501274e-01 -1.501214e-01 -1.501020e-01 -1.500357e-01 -1.461044e-01
-1.457214e-01 -1.456416e-01 -1.456384e-01 -1.455799e-01 -1.489406e-01 -1.460902e-01 -1.459847e-01 -1.459194e-01 -1.459238e-01 -1.490924e-01 -1.501651e-01 -1.461488e-01 -1.493512e-01 -1.494726e-01 -1.460587e-01 -1.458769e-01 -1.494319e-01 -1.460158e-01 -1.460114e-01 -1.461037e-01 -1.460198e-01 -1.459319e-01 -1.459931e-01 -1.460643e-01 -1.502018e-01 -1.505121e-01 -1.418629e-01 -9.999000e+03 -6.571626e-01 -1.439229e-01 -1.500980e-01 -1.497948e-01 -1.495875e-01 -1.493594e-01 -1.490372e-01 -1.497557e-01 -9.999000e+03 -9.999000e+03 -1.459605e-01 -1.496768e-01 -1.499878e-01 -1.501928e-01 -1.502536e-01 -1.501964e-01 -1.501655e-01 -1.501619e-01 -1.501938e-01 -1.502098e-01 -1.501548e-01 -1.460727e-01
-1.458009e-01 -1.456902e-01 -1.456812e-01 -1.486575e-01 -1.490035e-01 -1.490873e-01 -1.489282e-01 -1.484788e-01 -1.475662e-01 -1.476042e-01 -1.460810e-01 -1.492271e-01 -1.461146e-01 -1.460202e-01 -1.459659e-01 -1.459024e-01 -1.459324e-01 -1.459650e-01 -1.460242e-01 -1.460854e-01 -1.460047e-01 -1.459244e-01 -1.459267e-01 -1.459408e-01 -1.461004e-01 -1.462437e-01 -1.460162e-01 -9.999000e+03 -4.819519e-01 -1.505315e-01 -1.504613e-01 -1.497234e-01 -1.495749e-01 -1.494310e-01 -1.491164e-01 -1.449013e-01 -1.502495e-01 -9.999000e+03 -1.504683e-01 -1.495643e-01 -1.498683e-01 -1.501000e-01 -1.501984e-01 -1.501815e-01 -1.501738e-01 -1.501760e-01 -1.460865e-01 -1.461269e-01 -1.502565e-01 -1.460499e-01
-1.458898e-01 -1.457953e-01 -1.484136e-01 -1.457627e-01 -1.427342e-01 -1.432040e-01 -1.442726e-01 -1.460407e-01 -1.466512e-01 -1.459083e-01 -1.459110e-01 -1.461394e-01 -1.460466e-01 -1.459546e-01 -1.459468e-01 -1.459353e-01 -1.459571e-01 -1.459849e-01 -1.432600e-01 -1.465642e-01 -1.465148e-01 -1.464189e-01 -1.463268e-01 -1.462301e-01 -1.462854e-01 -1.462055e-01 -1.463627e-01 -9.999000e+03 -1.504596e-01 -1.462485e-01 -1.460614e-01 -1.504439e-01 -1.495922e-01 -1.494212e-01 -1.491508e-01 -1.488782e-01 -1.503387e-01 -9.999000e+03 -9.999000e+03 -1.534597e-01 -1.498012e-01 -1.500267e-01 -1.501380e-01 -1.501542e-01 -1.501776e-01 -1.501798e-01 -1.459106e-01 -1.459357e-01 -1.503326e-01 -1.460416e-01
-1.460625e-01 -1.482323e-01 -1.458868e-01 -1.458745e-01 -1.494130e-01 -1.456227e-01 -1.466731e-01 -1.460919e-01 -1.459242e-01 -1.458442e-01 -1.459735e-01 -1.461806e-01 -1.460099e-01 -1.458528e-01 -1.458978e-01 -1.459421e-01 -1.459616e-01 -1.459816e-01 -1.495987e-01 -1.462803e-01 -1.461004e-01 -1.460204e-01 -1.457977e-01 -1.455502e-01 -1.458522e-01 -1.461763e-01 -1.500401e-01 -9.999000e+03 -5.686283e-01 -1.442054e-01 -1.460344e-01 -1.460821e-01 -1.504077e-01 -1.493612e-01 -1.491852e-01 -1.490598e-01 -1.495590e-01 -1.980897e-01 -9.999000e+03 -1.497809e-01 -1.498014e-01 -1.499613e-01 -1.500435e-01 -1.500631e-01 -1.501208e-01 -1.460484e-01 -1.459310e-01 -1.459336e-01 -1.461109e-01 -1.460121e-01
-1.479236e-01 -1.459171e-01 -1.459115e-01 -1.459223e-01 -1.457996e-01 -1.460501e-01 -1.458763e-01 -1.459576e-01 -1.459309e-01 -1.458842e-01 -1.460593e-01 -1.431592e-01 -1.464876e-01 -1.465172e-01 -1.466220e-01 -1.466536e-01 -1.465740e-01 -1.463542e-01 -1.460392e-01 -1.456301e-01 -1.451368e-01 -1.448830e-01 -1.448269e-01 -1.450373e-01 -1.429541e-01 -1.432720e-01 -1.466188e-01 -9.999000e+03 -7.425052e-01 -1.441725e-01 -1.460567e-01 -1.461342e-01 -1.459184e-01 -1.501267e-01 -1.492774e-01 -1.492994e-01 -1.496279e-01 -1.487941e-01 -9.999000e+03 -9.999000e+03 -1.539731e-01 -1.499272e-01 -1.499226e-01 -1.499039e-01 -1.459241e-01 -1.458769e-01 -1.459468e-01 -1.459591e-01 -1.459500e-01 -1.459736e-01
-1.459037e-01 -1.459024e-01 -1.458857e-01 -1.459271e-01 -1.421264e-01 -1.455783e-01 -1.457098e-01 -1.459038e-01 -1.459040e-01 -1.459457e-01 -1.459729e-01 -1.461277e-01 -1.460038e-01 -1.458347e-01 -1.458174e-01 -1.458294e-01 -1.459569e-01 -1.460469e-01 -1.460808e-01 -1.461054e-01 -1.460494e-01 -1.460226e-01 -1.457598e-01 -1.454622e-01 -1.494438e-01 -1.498372e-01 -1.463577e-01 -9.999000e+03 -6.128516e-01 -1.441174e-01 -1.460516e-01 -1.461208e-01 -1.459024e-01 -1.456713e-01 -1.501436e-01 -1.495298e-01 -1.439260e-01 -1.487884e-01 -9.000000e+20 -9.999000e+03 -1.541846e-01 -1.541141e-01 -1.499609e-01 -1.499329e-01 -1.459598e-01 -1.459732e-01 -1.459918e-01 -1.459812e-01 -1.459466e-01 -1.459346e-01
-1.458983e-01 -1.459078e-01 -1.458368e-01 -1.458771e-01 -1.457784e-01 -1.455719e-01 -1.456738e-01 -1.458415e-01 -1.458777e-01 -1.458579e-01 -1.459220e-01 -1.496273e-01 -1.424685e-01 -1.426115e-01 -1.467027e-01 -1.437005e-01 -1.450882e-01 -1.490649e-01 -1.492534e-01 -1.492733e-01 -1.492191e-01 -1.491350e-01 -1.489749e-01 -1.489852e-01 -1.491780e-01 -1.488148e-01 -9.999000e+03 -9.999000e+03 -1.647327e-01 -1.720000e+22 2.000000e+20 1.700000e+22 -1.458852e-01 -1.457506e-01 -1.458403e-01 -1.503895e-01 -1.491764e-01 -1.514929e-01 9.000000e+20 -9.999000e+03 -1.544061e-01 -1.543078e-01 -1.501409e-01 -1.462820e-01 -1.461470e-01 -1.460989e-01 -1.460507e-01 -1.460025e-01 -1.459487e-01 -1.459039e-01
-1.459069e-01 -1.459368e-01 -1.457796e-01 -1.457771e-01 -1.458162e-01 -1.456580e-01 -1.456400e-01 -1.457612e-01 -1.458464e-01 -1.459127e-01 -1.458542e-01 -1.422904e-01 -1.459963e-01 -1.460182e-01 -1.419459e-01 -1.456375e-01 -1.457366e-01 -1.423747e-01 -1.462690e-01 -1.465652e-01 -1.466660e-01 -1.466858e-01 -1.465226e-01 -1.463283e-01 -1.464018e-01 -1.462711e-01 -9.999000e+03 -1.859798e-01 -1.500359e-01 -1.461679e-01 -1.459689e-01 -1.459096e-01 -1.459087e-01 -1.459190e-01 -1.459280e-01 -1.459356e-01 -1.500293e-01 -1.441118e-01 -1.463398e-01 -9.999000e+03 -9.999000e+03 -1.547089e-01 -1.506325e-01 -1.462001e-01 -1.461383e-01 -1.460700e-01 -1.460104e-01 -1.459805e-01 -1.459626e-01 -1.459234e-01
-1.460658e-01 -1.461344e-01 -1.458405e-01 -1.457196e-01 -1.459444e-01 -1.459129e-01 -1.457809e-01 -1.457955e-01 -1.458970e-01 -1.459713e-01 -1.459279e-01 -1.458810e-01 -1.459545e-01 -1.460366e-01 -1.459228e-01 -1.457353e-01 -1.457891e-01 -1.459318e-01 -1.422751e-01 -1.424209e-01 -1.412050e-01 -1.458736e-01 -1.524794e-01 -1.486754e-01 -1.476994e-01 -1.476013e-01 -9.999000e+03 -1.921889e-01 -1.500144e-01 -1.460753e-01 -1.458893e-01 -1.458524e-01 -1.459854e-01 -1.461004e-01 -1.460049e-01 -1.459165e-01 -1.501897e-01 -1.491240e-01 -1.454242e-01 -2.086921e-01 -9.999000e+03 -1.504052e-01 -1.501995e-01 -1.462181e-01 -1.461187e-01 -1.460343e-01 -1.459658e-01 -1.459498e-01 -1.459696e-01 -1.459523e-01
-1.462070e-01 -1.463250e-01 -1.459475e-01 -1.457874e-01 -1.460168e-01 -1.461520e-01 -1.459677e-01 -1.458777e-01 -1.459374e-01 -1.460327e-01 -1.460195e-01 -1.459446e-01 -1.459438e-01 -1.460034e-01 -1.459890e-01 -1.458550e-01 -1.458459e-01 -1.459427e-01 -1.459983e-01 -1.460132e-01 -1.459944e-01 -1.417829e-01 -1.458932e-01 -1.462254e-01 -1.464437e-01 -1.465909e-01 -9.999000e+03 -1.888418e-01 -1.499720e-01 -3.000000e+20 3.000000e+20 -1.458625e-01 -1.411941e-01 -1.460278e-01 -1.460570e-01 -1.405156e-01 -1.404263e-01 -1.501307e-01 -1.487710e-01 -1.485616e-01 -9.999000e+03 -9.999000e+03 -1.496724e-01 -1.504469e-01 -1.460019e-01 -1.459590e-01 -1.459307e-01 -1.459103e-01 -1.459064e-01 -1.459292e-01
-1.461698e-01 -1.464695e-01 -1.499521e-01 -1.456102e-01 -1.459956e-01 -1.462650e-01 -1.460808e-01 -1.459325e-01 -1.459411e-01 -1.460224e-01 -1.460811e-01 -1.460384e-01 -1.459221e-01 -1.459599e-01 -1.459996e-01 -1.459336e-01 -1.458640e-01 -1.458868e-01 -1.459553e-01 -1.460053e-01 -1.460222e-01 -1.460174e-01 -1.416143e-01 -1.415283e-01 -1.415675e-01 -1.413367e-01 -9.999000e+03 -1.936224e-01 -1.460774e-01 -1.408861e-01 -1.409099e-01 -1.410306e-01 -1.460348e-01 -1.414363e-01 -1.409580e-01 -1.460697e-01 -1.460591e-01 -1.406843e-01 -1.443357e-01 -1.480861e-01 -1.917235e-01 -9.999000e+03 -9.999000e+03 -1.494819e-01 -1.502446e-01 -1.458803e-01 -1.458921e-01 -1.458768e-01 -1.458465e-01 -1.458964e-01
-1.495512e-01 -1.499051e-01 -1.459878e-01 -1.455837e-01 -1.460552e-01 -1.463375e-01 -1.461959e-01 -1.460292e-01 -1.459647e-01 -1.459903e-01 -1.461192e-01 -1.460748e-01 -1.460149e-01 -1.459358e-01 -1.459822e-01 -1.460062e-01 -1.459235e-01 -1.458713e-01 -1.459037e-01 -1.459443e-01 -1.459744e-01 -1.460135e-01 -1.503761e-01 -1.503822e-01 -1.461300e-01 -1.506881e-01 -9.999000e+03 -1.717674e-01 -1.460445e-01 -1.457556e-01 -1.459243e-01 -1.460111e-01 -1.462360e-01 -1.463792e-01 -1.464294e-01 -1.463970e-01 -1.464280e-01 -1.464755e-01 -1.461565e-01 -1.499679e-01 -1.483590e-01 -1.578093e-01 -9.999000e+03 -9.999000e+03 -1.491943e-01 -1.457359e-01 -1.458239e-01 -1.458729e-01 -1.458851e-01 -1.459504e-01
-1.462059e-01 -1.461970e-01 -1.458320e-01 -1.492037e-01 -1.458601e-01 -1.463487e-01 -1.463151e-01 -1.462151e-01 -1.461065e-01 -1.460683e-01 -1.460778e-01 -1.462745e-01 -1.461618e-01 -1.460037e-01 -1.460899e-01 -1.461373e-01 -1.460804e-01 -1.460047e-01 -1.459897e-01 -1.459858e-01 -1.459538e-01 -1.503426e-01 -1.460948e-01 -1.458652e-01 -1.503993e-01 -1.463267e-01 -9.999000e+03 -6.540738e-01 -1.436374e-01 -1.457762e-01 -1.460597e-01 -1.505730e-01 -1.506357e-01 -1.507544e-01 -1.508921e-01 -1.510265e-01 -1.512101e-01 -1.514527e-01 -1.461939e-01 -1.405273e-01 -1.496119e-01 -1.480152e-01 -1.578033e-01 -9.999000e+03 -1.488768e-01 -1.497271e-01 -1.457386e-01 -1.458602e-01 -1.459166e-01 -1.459908e-01
-1.461350e-01 -1.460429e-01 -1.457889e-01 -1.454791e-01 -1.489514e-01 -1.491416e-01 -1.492932e-01 -1.493905e-01 -1.493838e-01 -1.459364e-01 -1.462263e-01 -1.463947e-01 -1.461805e-01 -1.461733e-01 -1.462113e-01 -1.461955e-01 -1.462342e-01 -1.461499e-01 -1.460913e-01 -1.460720e-01 -1.503041e-01 -1.461514e-01 -1.459286e-01 -1.458224e-01 -1.459969e-01 -1.461758e-01 -9.999000e+03 -6.922723e-01 -1.437123e-01 -1.505778e-01 -1.505179e-01 -1.460964e-01 -1.459608e-01 -1.459766e-01 -1.460427e-01 -1.460968e-01 -1.461272e-01 -1.461622e-01 -1.514358e-01 -1.515038e-01 -1.458904e-01 -1.495328e-01 -1.482111e-01 -9.999000e+03 -9.999000e+03 -1.496127e-01 -1.458062e-01 -1.458686e-01 -1.458427e-01 -1.458816e-01
-1.460904e-01 -1.458740e-01 -1.457762e-01 -1.456557e-01 -1.458739e-01 -1.460942e-01 -1.460854e-01 -1.460470e-01 -1.459173e-01 -1.491317e-01 -1.491532e-01 -1.461967e-01 -1.463016e-01 -1.462553e-01 -1.461563e-01 -1.462921e-01 -1.463294e-01 -1.462777e-01 -1.462697e-01 -1.502464e-01 -1.461782e-01 -1.459953e-01 -1.459155e-01 -1.458275e-01 -1.459549e-01 -1.461005e-01 -9.999000e+03 -6.868047e-01 -1.438251e-01 -1.458128e-01 -1.458777e-01 -1.458975e-01 -1.459049e-01 -1.459058e-01 -1.459865e-01 -1.460703e-01 -1.461175e-01 -1.461517e-01 -1.461092e-01 -1.460731e-01 -1.406179e-01 -1.402400e-01 -1.492767e-01 -1.487386e-01 -9.999000e+03 -9.999000e+03 -1.503845e-01 -1.458807e-01 -1.501381e-01 -1.457948e-01
-1.460008e-01 -1.456994e-01 -1.457678e-01 -1.458475e-01 -1.458833e-01 -1.459437e-01 -1.459712e-01 -1.460250e-01 -1.459602e-01 -1.458806e-01 -1.459567e-01 -1.491150e-01 -1.491875e-01 -1.461479e-01 -1.462828e-01 -1.463199e-01 -1.464089e-01 -1.498627e-01 -1.500698e-01 -1.462556e-01 -1.460545e-01 -1.459700e-01 -1.459192e-01 -1.458628e-01 -1.459277e-01 -1.460068e-01 -9.999000e+03 -6.812783e-01 -1.439489e-01 -1.459146e-01 -1.459063e-01 -1.458408e-01 -1.458445e-01 -1.458433e-01 -1.459094e-01 -1.459821e-01 -1.460783e-01 -1.461653e-01 -1.461135e-01 -1.460681e-01 -1.512512e-01 -1.511992e-01 -1.457672e-01 -1.493504e-01 -1.445375e-01 -9.999000e+03 -2.126380e-01 -1.503954e-01 -1.500600e-01 -1.499657e-01
-1.494388e-01 -1.456409e-01 -1.457350e-01 -1.460167e-01 -1.459923e-01 -1.459539e-01 -1.459301e-01 -1.459027e-01 -1.458826e-01 -1.458944e-01 -1.459578e-01 -1.459898e-01 -1.459955e-01 -1.490183e-01 -1.491093e-01 -1.492267e-01 -1.494520e-01 -1.463479e-01 -1.462100e-01 -1.461604e-01 -1.460470e-01 -1.459434e-01 -1.459080e-01 -1.458797e-01 -1.417569e-01 -1.416738e-01 -9.999000e+03 -8.544087e-01 -1.439944e-01 -1.459988e-01 -1.459352e-01 -1.458044e-01 -1.457960e-01 -1.457888e-01 -1.458398e-01 -1.458932e-01 -1.459996e-01 -1.461153e-01 -1.461265e-01 -1.461241e-01 -1.460427e-01 -1.460358e-01 -1.458058e-01 -1.499072e-01 -1.491916e-01 -9.999000e+03 -9.999000e+03 -1.499054e-01 -1.500109e-01 -1.500050e-01
