tests/data/reference/test_implicit_stream_rill_mfda/control/massbalance.asc
ncols	123
nrows	77
xllcorner	-713746.79929998
yllcorner	-1061022.36961616
cellsize	10.0
NODATA_value	-9999
[rows 44 to 65 of 77, columns 50 to 99 of 123]
-1.459612e-01 -1.469852e-01 -1.471273e-01 -1.471053e-01 -1.473606e-01 -1.485756e-01 -1.484023e-01 -1.484255e-01 -1.485339e-01 -1.526464e-01 -1.531762e-01 -1.542311e-01 -1.549667e-01 -1.516130e-01 -1.543435e-01 -1.202500e-01 -1.510096e-01 -1.545275e-01 -1.560593e-01 -1.565044e-01 -1.534629e-01 -1.557743e-01 -1.552548e-01 -1.547575e-01 -1.595098e-01 -1.566928e-01 -1.554141e-01 -1.284612e-01 -9.999000e+03 -9.999000e+03 -9.999000e+03 -9.999000e+03 -2.957246e-01 -1.490455e-01 -1.552024e-01 -1.487688e-01 -1.463101e-01 -1.468004e-01 -1.475467e-01 -1.810339e-01 -1.811392e-01 -1.812407e-01 -1.811911e-01 -1.808122e-01 -1.801329e-01 -1.791942e-01 -1.785260e-01 -1.781687e-01 -1.779023e-01 -1.530581e-01
-1.441096e-01 -1.455022e-01 -1.460317e-01 -1.463722e-01 -1.486602e-01 -1.494687e-01 -1.493551e-01 -1.490046e-01 -1.544360e-01 -1.542283e-01 -1.541623e-01 -1.545865e-01 -1.501946e-01 -1.542108e-01 -1.210943e-01 -1.496996e-01 -1.545830e-01 -1.567398e-01 -1.574834e-01 -1.543208e-01 -1.581434e-01 -1.576084e-01 -1.575231e-01 -1.576808e-01 -1.566972e-01 -1.602476e-01 -1.591093e-01 -9.999000e+03 -9.999000e+03 -5.443641e-01 -1.640061e-01 -9.999000e+03 -9.999000e+03 -9.999000e+03 -1.548229e-01 -1.548936e-01 -1.466639e-01 -1.462364e-01 -1.467629e-01 -1.811149e-01 -1.814082e-01 -1.814583e-01 -1.813956e-01 -1.811446e-01 -1.806486e-01 -1.798814e-01 -1.792426e-01 -1.787720e-01 -1.783453e-01 -1.514732e-01
-1.431209e-01 -1.441305e-01 -1.446901e-01 -1.466304e-01 -1.482211e-01 -1.498438e-01 -1.498805e-01 -1.575821e-01 -1.576137e-01 -1.577065e-01 -1.574520e-01 -1.491706e-01 -1.542914e-01 -1.239766e-01 -1.484078e-01 -1.548906e-01 -1.588920e-01 -1.592196e-01 -1.534582e-01 -1.612814e-01 -1.613992e-01 -1.610719e-01 -1.614321e-01 -1.620779e-01 -1.616431e-01 -1.600943e-01 -1.474955e-01 -9.999000e+03 -1.824227e-01 -1.859505e-01 -1.707768e-01 -1.626140e-01 -1.566446e-01 -9.999000e+03 -9.999000e+03 -9.999000e+03 -1.513397e-01 -1.449058e-01 -1.456418e-01 -1.809005e-01 -1.814435e-01 -1.815365e-01 -1.814584e-01 -1.812350e-01 -1.808874e-01 -1.803503e-01 -1.798658e-01 -1.794397e-01 -1.789936e-01 -1.510085e-01
-1.435318e-01 -1.436097e-01 -1.459725e-01 -1.455857e-01 -1.470244e-01 -1.492850e-01 -1.638692e-01 -1.635895e-01 -1.638011e-01 -1.642404e-01 -1.502955e-01 -1.572091e-01 -1.321325e-01 -1.476971e-01 -1.578497e-01 -1.648368e-01 -1.648447e-01 -1.518111e-01 -1.656552e-01 -1.670190e-01 -1.675038e-01 -1.675391e-01 -1.681410e-01 -1.689970e-01 -1.691764e-01 -1.505091e-01 -1.820196e-01 -9.999000e+03 -2.032401e-01 -1.786582e-01 -1.681158e-01 -1.623536e-01 -1.579445e-01 -1.544035e-01 -2.249384e-01 -9.999000e+03 -9.999000e+03 -1.426454e-01 -1.440950e-01 -1.803081e-01 -1.812050e-01 -1.814781e-01 -1.814007e-01 -1.811115e-01 -1.808684e-01 -1.805852e-01 -1.803541e-01 -1.801110e-01 -1.797640e-01 -1.508832e-01
-1.445042e-01 -1.473557e-01 -1.467446e-01 -1.458883e-01 -1.467352e-01 -1.760889e-01 -1.765454e-01 -1.764723e-01 -1.765704e-01 -1.504354e-01 -1.638783e-01 -1.378864e-01 -1.470999e-01 -1.646913e-01 -1.783065e-01 -1.780473e-01 -1.528119e-01 -1.777678e-01 -1.782363e-01 -1.792777e-01 -1.798513e-01 -1.799942e-01 -1.804835e-01 -1.813106e-01 -1.517205e-01 -1.691539e-01 -1.608982e-01 -9.999000e+03 -2.946155e-01 -1.639599e-01 -1.554883e-01 -1.552421e-01 -1.550701e-01 -1.533547e-01 -1.495612e-01 -1.789497e-01 -9.999000e+03 -1.493333e-01 -1.434810e-01 -1.795952e-01 -1.807750e-01 -1.813287e-01 -1.813570e-01 -1.810295e-01 -1.808500e-01 -1.807465e-01 -1.807224e-01 -1.806444e-01 -1.803764e-01 -1.504089e-01
-1.500789e-01 -1.491439e-01 -1.484564e-01 -1.475779e-01 -1.754068e-01 -1.624829e-01 -1.558580e-01 -1.522425e-01 -1.504122e-01 -1.761697e-01 -1.325647e-01 -1.466677e-01 -1.774085e-01 -1.779652e-01 -1.644513e-01 -1.566426e-01 -1.777804e-01 -1.640434e-01 -1.571921e-01 -1.543598e-01 -1.525468e-01 -1.508532e-01 -1.500068e-01 -1.497521e-01 -1.810438e-01 -1.822452e-01 -1.403771e-01 -9.999000e+03 -9.434606e-01 -1.663257e-01 -1.624391e-01 -1.587287e-01 -1.571440e-01 -1.548746e-01 -1.512122e-01 -1.491434e-01 -9.999000e+03 -9.999000e+03 -1.438117e-01 -1.788700e-01 -1.801808e-01 -1.810077e-01 -1.812497e-01 -1.810221e-01 -1.808984e-01 -1.808843e-01 -1.810114e-01 -1.810754e-01 -1.808557e-01 -1.498117e-01
-1.528922e-01 -1.519321e-01 -1.513236e-01 -1.415063e-01 -1.336399e-01 -1.321719e-01 -1.384525e-01 -1.457428e-01 -1.473804e-01 -1.168898e-01 -1.454653e-01 -1.768238e-01 -1.638020e-01 -1.570484e-01 -1.533646e-01 -1.510922e-01 -1.498726e-01 -1.491128e-01 -1.487921e-01 -1.488389e-01 -1.483283e-01 -1.475041e-01 -1.470604e-01 -1.468668e-01 -1.477518e-01 -1.491501e-01 -1.448826e-01 -9.999000e+03 -5.493887e-01 -1.823176e-01 -1.745350e-01 -1.663748e-01 -1.611100e-01 -1.574289e-01 -1.534667e-01 -1.241084e-01 -1.502197e-01 -9.999000e+03 -1.514927e-01 -1.783762e-01 -1.796859e-01 -1.806363e-01 -1.810302e-01 -1.809623e-01 -1.809316e-01 -1.809405e-01 -1.672524e-01 -1.675023e-01 -1.812610e-01 -1.493022e-01
-1.575811e-01 -1.568351e-01 -1.482234e-01 -1.456278e-01 -1.230778e-01 -1.219756e-01 -1.143830e-01 -1.154460e-01 -1.173597e-01 -1.450274e-01 -1.461647e-01 -1.472170e-01 -1.471464e-01 -1.465924e-01 -1.464420e-01 -1.464375e-01 -1.466390e-01 -1.469431e-01 -1.283113e-01 -1.359444e-01 -1.422359e-01 -1.444126e-01 -1.434379e-01 -1.415577e-01 -1.417901e-01 -1.433335e-01 -1.508195e-01 -9.999000e+03 -1.820473e-01 -1.688737e-01 -1.613891e-01 -1.630180e-01 -1.594014e-01 -1.568103e-01 -1.533689e-01 -1.492043e-01 -1.350750e-01 -9.999000e+03 -9.999000e+03 -1.829311e-01 -1.794033e-01 -1.803395e-01 -1.807887e-01 -1.808533e-01 -1.809466e-01 -1.809555e-01 -1.591993e-01 -1.595460e-01 -1.815591e-01 -1.489831e-01
-1.653111e-01 -1.444953e-01 -1.470833e-01 -1.469640e-01 -1.776938e-01 -1.442461e-01 -1.397917e-01 -1.452212e-01 -1.463323e-01 -1.466037e-01 -1.460339e-01 -1.472605e-01 -1.469116e-01 -1.457046e-01 -1.455216e-01 -1.458966e-01 -1.462725e-01 -1.466095e-01 -1.785286e-01 -1.661342e-01 -1.592686e-01 -1.551825e-01 -1.517687e-01 -1.480161e-01 -1.475302e-01 -1.491722e-01 -1.803942e-01 -9.999000e+03 -6.746466e-01 -1.675454e-01 -1.582132e-01 -1.539949e-01 -1.587713e-01 -1.562260e-01 -1.535791e-01 -1.506759e-01 -1.491151e-01 -2.161690e-01 -9.999000e+03 -1.691994e-01 -1.794042e-01 -1.800719e-01 -1.804078e-01 -1.804872e-01 -1.807197e-01 -1.670182e-01 -1.545967e-01 -1.548561e-01 -1.678356e-01 -1.486669e-01
-1.282810e-01 -1.480021e-01 -1.479857e-01 -1.481001e-01 -1.465313e-01 -1.297895e-01 -1.437398e-01 -1.465743e-01 -1.479450e-01 -1.462721e-01 -1.460729e-01 -1.277176e-01 -1.354030e-01 -1.409124e-01 -1.430008e-01 -1.425901e-01 -1.419618e-01 -1.420132e-01 -1.425880e-01 -1.428750e-01 -1.422144e-01 -1.418696e-01 -1.417265e-01 -1.413752e-01 -1.229778e-01 -1.249089e-01 -1.352119e-01 -9.999000e+03 -1.404166e+00 -1.667267e-01 -1.574287e-01 -1.536082e-01 -1.518080e-01 -1.563394e-01 -1.538841e-01 -1.525133e-01 -1.507234e-01 -1.341685e-01 -9.999000e+03 -9.999000e+03 -1.849667e-01 -1.799311e-01 -1.799123e-01 -1.798346e-01 -1.661845e-01 -1.588158e-01 -1.523742e-01 -1.526090e-01 -1.599307e-01 -1.482545e-01
-1.487421e-01 -1.488390e-01 -1.489074e-01 -1.469292e-01 -1.235966e-01 -1.435770e-01 -1.459244e-01 -1.483301e-01 -1.468049e-01 -1.455519e-01 -1.478255e-01 -1.474518e-01 -1.474228e-01 -1.461242e-01 -1.450993e-01 -1.444866e-01 -1.450206e-01 -1.459552e-01 -1.468084e-01 -1.477052e-01 -1.481937e-01 -1.484484e-01 -1.468887e-01 -1.435414e-01 -1.778346e-01 -1.795556e-01 -1.673583e-01 -9.999000e+03 -7.647107e-01 -1.678695e-01 -1.583452e-01 -1.719126e-01 -1.609417e-01 -1.339630e-01 -1.513020e-01 -1.536077e-01 -1.314148e-01 -1.240433e-01 -2.254083e-01 -9.999000e+03 -1.857473e-01 -1.854906e-01 -1.800704e-01 -1.799546e-01 -1.585992e-01 -1.545760e-01 -1.514505e-01 -1.515546e-01 -1.551993e-01 -1.477570e-01
-1.498136e-01 -1.501386e-01 -1.470959e-01 -1.491163e-01 -1.458182e-01 -1.472920e-01 -1.485371e-01 -1.471962e-01 -1.456942e-01 -1.480146e-01 -1.460372e-01 -1.786544e-01 -1.251523e-01 -1.137992e-01 -1.272938e-01 -1.058333e-01 -1.077990e-01 -1.316834e-01 -1.473818e-01 -1.491813e-01 -1.420263e-01 -1.332422e-01 -1.286120e-01 -1.327953e-01 -1.448967e-01 -1.531478e-01 -9.999000e+03 -9.999000e+03 -1.986430e-01 -1.698541e-01 -1.622114e-01 -1.572622e-01 -1.538728e-01 -1.512479e-01 -1.500211e-01 -1.563601e-01 -1.531044e-01 -1.354087e-01 -1.279389e-01 -9.999000e+03 -1.865325e-01 -1.861879e-01 -1.808002e-01 -1.673131e-01 -1.554602e-01 -1.532574e-01 -1.510746e-01 -1.508947e-01 -1.527810e-01 -1.472450e-01
-1.515648e-01 -1.485018e-01 -1.506330e-01 -1.466909e-01 -1.504978e-01 -1.516352e-01 -1.480686e-01 -1.459168e-01 -1.491675e-01 -1.461846e-01 -1.488343e-01 -1.266619e-01 -1.496935e-01 -1.500730e-01 -1.262355e-01 -1.451511e-01 -1.466464e-01 -1.250558e-01 -1.340297e-01 -1.424937e-01 -1.458602e-01 -1.455541e-01 -1.434632e-01 -1.413691e-01 -1.424354e-01 -1.445922e-01 -9.999000e+03 -2.109392e-01 -1.758650e-01 -1.668010e-01 -1.602941e-01 -1.556069e-01 -1.528909e-01 -1.514707e-01 -1.506247e-01 -1.499237e-01 -1.539980e-01 -1.245022e-01 -1.043168e-01 -9.999000e+03 -9.999000e+03 -1.875585e-01 -1.741850e-01 -1.607396e-01 -1.540562e-01 -1.524681e-01 -1.503258e-01 -1.500763e-01 -1.515838e-01 -1.470060e-01
-1.497880e-01 -1.537249e-01 -1.482960e-01 -1.531488e-01 -1.574245e-01 -1.511807e-01 -1.478087e-01 -1.508725e-01 -1.465279e-01 -1.505072e-01 -1.505495e-01 -1.503360e-01 -1.506767e-01 -1.512579e-01 -1.474201e-01 -1.485602e-01 -1.483970e-01 -1.469321e-01 -1.257972e-01 -1.136836e-01 -9.969931e-02 -1.360155e-01 -1.504119e-01 -1.509052e-01 -1.465282e-01 -1.410560e-01 -9.999000e+03 -2.605017e-01 -1.757400e-01 -1.663224e-01 -1.595054e-01 -1.547042e-01 -1.526911e-01 -1.523319e-01 -1.515964e-01 -1.503783e-01 -1.550004e-01 -1.516748e-01 -1.101878e-01 -1.964192e-01 -9.999000e+03 -1.758488e-01 -1.681288e-01 -1.572605e-01 -1.531913e-01 -1.516022e-01 -1.493176e-01 -1.491026e-01 -1.507765e-01 -1.469677e-01
-1.551933e-01 -1.502617e-01 -1.590163e-01 -1.648189e-01 -1.530496e-01 -1.502303e-01 -1.541854e-01 -1.473902e-01 -1.516397e-01 -1.521111e-01 -1.522451e-01 -1.520201e-01 -1.520858e-01 -1.479015e-01 -1.511294e-01 -1.503159e-01 -1.469098e-01 -1.496026e-01 -1.500243e-01 -1.481829e-01 -1.497625e-01 -1.267251e-01 -1.325627e-01 -1.397695e-01 -1.449241e-01 -1.462882e-01 -9.999000e+03 -2.218358e-01 -1.755866e-01 -1.658352e-01 -1.589295e-01 -1.543293e-01 -1.574875e-01 -1.561334e-01 -1.460035e-01 -1.372416e-01 -1.319646e-01 -6.314558e-04 6.783899e-02 1.195092e-01 -9.999000e+03 -9.999000e+03 -1.628730e-01 -1.610848e-01 -1.518716e-01 -1.503693e-01 -1.482984e-01 -1.480559e-01 -1.496312e-01 -1.466775e-01
-1.488308e-01 -1.669384e-01 -1.800339e-01 -1.560485e-01 -1.493231e-01 -1.582729e-01 -1.491679e-01 -1.539404e-01 -1.535963e-01 -1.538958e-01 -1.542816e-01 -1.544189e-01 -1.478941e-01 -1.523834e-01 -1.523621e-01 -1.477328e-01 -1.506204e-01 -1.506516e-01 -1.479438e-01 -1.504625e-01 -1.507643e-01 -1.509316e-01 -1.283278e-01 -1.243576e-01 -1.296765e-01 -2.014869e-01 -9.999000e+03 -2.984007e-01 -1.693066e-01 -1.622514e-01 -1.641753e-01 -1.600628e-01 -1.562789e-01 -1.761087e-01 -1.811037e-01 -1.629049e-01 -1.631243e-01 -1.855162e-01 -1.432710e-01 -7.763650e-02 -1.561760e-01 -9.999000e+03 -9.999000e+03 -1.578262e-01 -1.565407e-01 -1.489072e-01 -1.473722e-01 -1.471191e-01 -1.482338e-01 -1.461374e-01
-1.783182e-01 -1.798394e-01 -1.657203e-01 -1.492045e-01 -1.633516e-01 -1.496171e-01 -1.583168e-01 -1.576823e-01 -1.573114e-01 -1.573114e-01 -1.579327e-01 -1.485849e-01 -1.548152e-01 -1.543447e-01 -1.482613e-01 -1.528294e-01 -1.526292e-01 -1.482208e-01 -1.512973e-01 -1.515212e-01 -1.517347e-01 -1.530920e-01 -1.817281e-01 -1.817517e-01 -1.558575e-01 -1.828921e-01 -9.999000e+03 -2.077481e-01 -1.693899e-01 -1.561682e-01 -1.511193e-01 -1.607781e-01 -1.691731e-01 -1.699762e-01 -1.705334e-01 -1.708035e-01 -1.713112e-01 -1.720069e-01 -1.714924e-01 -1.676131e-01 -1.551692e-01 -4.168589e-01 -9.999000e+03 -9.999000e+03 -1.529109e-01 -1.469383e-01 -1.464621e-01 -1.465703e-01 -1.473379e-01 -1.460151e-01
-1.648413e-01 -1.588658e-01 -1.537512e-01 -1.767115e-01 -1.465182e-01 -1.641051e-01 -1.646346e-01 -1.646435e-01 -1.644019e-01 -1.641561e-01 -1.477191e-01 -1.587938e-01 -1.588340e-01 -1.487573e-01 -1.550296e-01 -1.554805e-01 -1.495909e-01 -1.535119e-01 -1.533762e-01 -1.533175e-01 -1.551807e-01 -1.815980e-01 -1.677930e-01 -1.594429e-01 -1.818175e-01 -1.690329e-01 -9.999000e+03 -8.213224e-01 -1.674893e-01 -1.556743e-01 -1.684034e-01 -1.824722e-01 -1.827021e-01 -1.831296e-01 -1.836111e-01 -1.840676e-01 -1.846700e-01 -1.854323e-01 -1.750384e-01 -1.745619e-01 -1.027006e-01 -1.000484e-01 -1.975374e-01 -9.999000e+03 -1.478124e-01 -1.502148e-01 -1.453099e-01 -1.460890e-01 -1.469283e-01 -1.461773e-01
-1.581406e-01 -1.545413e-01 -1.510867e-01 -1.466218e-01 -1.754621e-01 -1.764112e-01 -1.771374e-01 -1.775906e-01 -1.775596e-01 -1.462877e-01 -1.640830e-01 -1.651266e-01 -1.492555e-01 -1.584348e-01 -1.586778e-01 -1.499097e-01 -1.561345e-01 -1.560240e-01 -1.559101e-01 -1.598198e-01 -1.814481e-01 -1.679316e-01 -1.598895e-01 -1.544616e-01 -1.525492e-01 -1.526618e-01 -9.999000e+03 -9.852028e-01 -1.669072e-01 -1.824898e-01 -1.822668e-01 -1.683751e-01 -1.604846e-01 -1.557532e-01 -1.536694e-01 -1.529408e-01 -1.526022e-01 -1.907288e-01 -1.853806e-01 -1.855883e-01 -1.706096e-01 -1.648194e-01 -1.513897e-01 -9.999000e+03 -9.999000e+03 -1.496331e-01 -1.445201e-01 -1.454855e-01 -1.462325e-01 -1.455443e-01
-1.500789e-01 -1.480514e-01 -1.463434e-01 -1.444468e-01 -1.443959e-01 -1.458553e-01 -1.464965e-01 -1.466900e-01 -1.461473e-01 -1.763626e-01 -1.764676e-01 -1.479415e-01 -1.644558e-01 -1.644670e-01 -1.489766e-01 -1.588186e-01 -1.594088e-01 -1.597458e-01 -1.670122e-01 -1.812211e-01 -1.678681e-01 -1.601743e-01 -1.552067e-01 -1.520670e-01 -1.510491e-01 -1.512027e-01 -9.999000e+03 -9.919838e-01 -1.667292e-01 -1.557834e-01 -1.510051e-01 -1.500792e-01 -1.499381e-01 -1.494608e-01 -1.490957e-01 -1.489566e-01 -1.489310e-01 -1.490944e-01 -1.765221e-01 -1.703840e-01 -1.657335e-01 -1.670873e-01 -4.667016e-02 -7.291302e-02 -9.999000e+03 -9.999000e+03 -1.514781e-01 -1.448448e-01 -1.807890e-01 -1.444251e-01
-1.575216e-01 -1.518364e-01 -1.491533e-01 -1.480995e-01 -1.473291e-01 -1.470138e-01 -1.468528e-01 -1.468087e-01 -1.462702e-01 -1.453986e-01 -1.456683e-01 -1.762810e-01 -1.766336e-01 -1.477233e-01 -1.639733e-01 -1.645394e-01 -1.654744e-01 -1.796625e-01 -1.805144e-01 -1.676488e-01 -1.602660e-01 -1.555852e-01 -1.528413e-01 -1.509926e-01 -1.501133e-01 -1.497964e-01 -9.999000e+03 -9.957464e-01 -1.669217e-01 -1.565770e-01 -1.517604e-01 -1.502019e-01 -1.496371e-01 -1.489489e-01 -1.484004e-01 -1.480562e-01 -1.481768e-01 -1.486747e-01 -1.486637e-01 -1.622920e-01 -1.848017e-01 -1.846348e-01 -1.691386e-01 -1.624461e-01 -1.293736e-01 -9.999000e+03 -2.427188e-01 -1.516858e-01 -1.804749e-01 -1.800900e-01
-1.778120e-01 -1.617798e-01 -1.536739e-01 -1.517335e-01 -1.506640e-01 -1.494539e-01 -1.482600e-01 -1.472374e-01 -1.465365e-01 -1.459439e-01 -1.457686e-01 -1.458831e-01 -1.461204e-01 -1.758006e-01 -1.762531e-01 -1.768218e-01 -1.778717e-01 -1.659614e-01 -1.597360e-01 -1.562972e-01 -1.539800e-01 -1.520527e-01 -1.505351e-01 -1.492374e-01 -1.252418e-01 -1.241929e-01 -9.999000e+03 -1.659614e+00 -1.662033e-01 -1.561575e-01 -1.514787e-01 -1.496938e-01 -1.489153e-01 -1.481080e-01 -1.474351e-01 -1.469161e-01 -1.470876e-01 -1.476774e-01 -1.479732e-01 -1.480553e-01 -1.506274e-01 -1.730628e-01 -1.463608e-01 -1.342666e-01 -1.470682e-01 -9.999000e+03 -9.999000e+03 -1.507504e-01 -1.802753e-01 -1.802510e-01
