tests/data/reference/test_implicit_stream_rill_mfda/control/massbalance.asc
ncols	123
nrows	77
xllcorner	-713746.79929998
yllcorner	-1061022.36961616
cellsize	10.0
NODATA_value	-9999
[rows 22 to 43 of 77, columns 50 to 99 of 123]
-7.672561e-02 -1.138736e-01 -4.195046e-02 -3.706598e-02 -3.252553e-02 -2.960830e-02 -2.618246e-02 -2.620372e-02 -2.728633e-02 -2.642827e-02 -2.840705e-02 -3.289931e-02 -3.382454e-02 -3.395581e-02 -3.345391e-02 -3.259269e-02 -2.062975e-02 -2.355289e-02 1.047299e-01 -1.006164e-02 -2.982235e-02 -3.173107e-02 -3.993410e-02 -4.981295e-02 -6.811338e-02 -4.878675e-02 -1.000693e-01 3.459774e-02 4.523484e-03 6.478106e-02 -4.683216e-02 -4.908847e-02 -6.842213e-02 -1.018873e-01 -9.999000e+03 -9.999000e+03 -9.999000e+03 -9.999000e+03 -9.999000e+03 -9.999000e+03 -9.999000e+03 -9.999000e+03 -9.999000e+03 -9.999000e+03 -9.999000e+03 -9.999000e+03 -9.999000e+03 -9.999000e+03 -9.999000e+03 -9.999000e+03
-5.361740e-02 -1.143708e-01 -7.829624e-02 -3.739576e-02 -3.340389e-02 -2.831007e-02 -2.622886e-02 -2.447548e-02 -2.432562e-02 -2.503117e-02 -2.487683e-02 -2.709477e-02 -2.915397e-02 -2.884644e-02 -2.867671e-02 -2.778414e-02 -2.522707e-02 -1.525723e-02 1.216164e-01 -8.683296e-03 -2.732772e-02 -3.089773e-02 -3.736657e-02 -4.276667e-02 -5.163258e-02 -4.270374e-02 -1.046968e-01 -6.674568e-02 2.317722e-02 3.213724e-03 1.052019e-01 -2.449190e-02 -4.433289e-02 -6.782939e-02 -1.014778e-01 -9.594897e-02 -9.999000e+03 -9.999000e+03 -9.999000e+03 -9.999000e+03 -9.999000e+03 -9.999000e+03 -9.999000e+03 -9.999000e+03 -9.999000e+03 -9.999000e+03 -9.999000e+03 -9.999000e+03 -9.999000e+03 -9.999000e+03
-1.145673e-01 -4.271938e-02 -7.949529e-02 -5.713869e-02 -3.253535e-02 -2.889732e-02 -2.558518e-02 -2.433109e-02 -2.257159e-02 -2.179187e-02 -2.323460e-02 -2.409469e-02 -2.546647e-02 -2.687440e-02 -2.621908e-02 -2.426491e-02 -2.181978e-02 -1.972990e-02 1.267123e-01 -1.016588e-02 -2.718681e-02 -3.008647e-02 -3.495492e-02 -3.809166e-02 -4.231710e-02 -3.860680e-02 -7.113411e-02 -4.908888e-02 -1.019637e-01 7.021640e-03 9.380842e-03 5.443123e-02 3.129835e-02 -4.589826e-02 -6.677212e-02 -6.431189e-02 -9.408348e-02 -9.999000e+03 -9.999000e+03 -9.999000e+03 -9.999000e+03 -9.999000e+03 -9.999000e+03 -9.999000e+03 -9.999000e+03 -9.999000e+03 -9.999000e+03 -9.999000e+03 -9.999000e+03 -9.999000e+03
-7.908047e-02 -1.165948e-01 -3.746325e-02 -5.714241e-02 -4.283557e-02 -2.863805e-02 -2.577361e-02 -2.270065e-02 -2.110220e-02 -2.016493e-02 -2.131045e-02 -2.366315e-02 -2.402772e-02 -2.450205e-02 -2.388250e-02 -2.127823e-02 -1.984312e-02 -2.006065e-02 1.219122e-01 -1.613874e-02 -2.851908e-02 -2.956452e-02 -3.251499e-02 -3.441623e-02 -3.654297e-02 -3.474582e-02 -5.193570e-02 -4.170574e-02 -7.076656e-02 -2.231482e-02 -1.034832e-01 -1.946067e-03 1.028456e-01 -2.844656e-02 -4.515702e-02 -5.064832e-02 -6.943763e-02 -9.978624e-02 -9.531361e-02 -9.488979e-02 -9.999000e+03 -9.999000e+03 -9.999000e+03 -9.999000e+03 -9.999000e+03 -9.999000e+03 -9.999000e+03 -9.999000e+03 -9.999000e+03 -9.999000e+03
-5.755349e-02 -1.174191e-01 -8.050083e-02 -3.281753e-02 -4.221714e-02 -3.283211e-02 -2.402995e-02 -2.188692e-02 -2.040698e-02 -2.112990e-02 -2.202380e-02 -2.280978e-02 -2.329098e-02 -2.198132e-02 -2.085080e-02 -2.035559e-02 -2.014284e-02 -2.078266e-02 1.244555e-01 -1.849194e-02 -2.679954e-02 -2.715189e-02 -2.872703e-02 -2.984722e-02 -3.124841e-02 -3.047103e-02 -4.047938e-02 -3.709553e-02 -5.360123e-02 -3.469002e-02 -7.140270e-02 -1.176316e-02 4.571707e-02 -2.586570e-02 -3.375345e-02 -3.907982e-02 -5.109414e-02 -6.748901e-02 -6.353465e-02 -9.667070e-02 -5.967597e-02 -9.436446e-02 -9.999000e+03 -9.999000e+03 -9.999000e+03 -9.999000e+03 -9.999000e+03 -9.999000e+03 -9.999000e+03 -9.999000e+03
-4.465384e-02 -8.119811e-02 -5.765640e-02 -1.169171e-01 -2.739468e-02 -3.064706e-02 -2.553600e-02 -2.131770e-02 -2.194238e-02 -2.272835e-02 -2.317825e-02 -2.264277e-02 -2.176900e-02 -2.083393e-02 -1.986696e-02 -2.025489e-02 -2.101686e-02 -2.032592e-02 1.345951e-01 -1.778267e-02 -2.311370e-02 -2.340794e-02 -2.381638e-02 -2.431881e-02 -2.556526e-02 -2.579217e-02 -3.303773e-02 -3.301229e-02 -4.283078e-02 -3.823360e-02 -5.362260e-02 -2.224922e-02 1.423705e-03 -3.158208e-02 -2.896454e-02 -2.756948e-02 -3.408125e-02 -4.496273e-02 -1.005713e-01 -9.804067e-02 -5.952363e-02 -3.943209e-02 -5.730977e-02 -1.817348e-01 -9.999000e+03 -9.999000e+03 -9.999000e+03 -9.999000e+03 -9.999000e+03 -9.999000e+03
-3.674817e-02 -5.779044e-02 -4.296342e-02 -7.904506e-02 -2.445998e-02 -2.653396e-02 -1.129346e-01 -2.455483e-02 -2.270209e-02 -2.371308e-02 -2.354070e-02 -2.291450e-02 -2.180799e-02 -2.052332e-02 -1.992572e-02 -1.939310e-02 -1.870497e-02 -1.763944e-02 1.442702e-01 -1.965292e-02 -2.324150e-02 -2.367286e-02 -2.385681e-02 -2.397403e-02 -2.468454e-02 -2.451169e-02 -2.957499e-02 -3.019396e-02 -3.638411e-02 -4.164852e-02 -4.272272e-02 -2.676038e-02 -7.447847e-03 -3.207326e-02 -2.809123e-02 -2.430305e-02 -2.621602e-02 -3.259015e-02 -6.345369e-02 -6.227311e-02 -9.786146e-02 -4.107612e-02 -9.999000e+03 -1.683908e-01 -1.798231e-01 -1.766278e-01 -9.999000e+03 -9.999000e+03 -9.999000e+03 -9.999000e+03
-3.190710e-02 -4.261576e-02 -3.320518e-02 -5.415813e-02 -2.255432e-02 -2.566768e-02 -1.133353e-01 -7.588178e-02 -2.508334e-02 -2.383971e-02 -2.432197e-02 -2.351541e-02 -2.241672e-02 -2.085028e-02 -1.922937e-02 -1.734522e-02 -1.494617e-02 -1.390205e-02 -1.611481e-02 1.398994e-01 -2.592017e-02 -2.661673e-02 -2.709823e-02 -2.698022e-02 -2.678560e-02 -2.557617e-02 -2.817755e-02 -2.814023e-02 -3.222685e-02 -3.544368e-02 -3.521559e-02 -2.661764e-02 -3.769989e-05 -3.020344e-02 -2.935802e-02 -2.671861e-02 -2.537629e-02 -2.665155e-02 -4.203182e-02 -4.310630e-02 -6.252491e-02 -9.999000e+03 -9.999000e+03 1.063363e-01 1.039966e-02 -7.918481e-02 -1.723425e-01 -9.999000e+03 -9.999000e+03 -9.999000e+03
-2.708014e-02 -3.147828e-02 -2.602122e-02 -3.775634e-02 -2.075138e-02 -2.466454e-02 -7.607267e-02 -1.134819e-01 -5.368107e-02 -2.647724e-02 -2.444177e-02 -2.270903e-02 -2.061138e-02 -1.848523e-02 -1.637857e-02 -1.414268e-02 -1.328668e-02 -1.500083e-02 -1.889731e-02 -2.362040e-02 1.588747e-01 -2.833625e-02 -2.807384e-02 -2.733228e-02 -2.666626e-02 -2.553781e-02 -2.726289e-02 -2.678863e-02 -2.916622e-02 -3.542390e-02 -3.104985e-02 -2.621797e-02 4.511326e-03 -2.974276e-02 -3.018956e-02 -2.905523e-02 -1.035678e-01 -1.014515e-01 -3.438001e-02 -3.592596e-02 -9.999000e+03 -9.999000e+03 -5.674609e-01 8.922377e-02 8.611300e-03 -5.250460e-02 -8.130307e-02 -1.705427e-01 -9.999000e+03 -9.999000e+03
-2.112437e-02 -2.244118e-02 -1.936816e-02 -2.685483e-02 -1.868319e-02 -2.309789e-02 -5.311557e-02 -7.660251e-02 -1.144687e-01 -4.243730e-02 -2.457679e-02 -1.970984e-02 -1.662104e-02 -1.369887e-02 -1.185370e-02 -1.196601e-02 -1.484898e-02 -1.960008e-02 -2.399960e-02 -2.766630e-02 1.201508e-01 -2.890420e-02 -2.739741e-02 -2.589237e-02 -2.512911e-02 -2.472387e-02 -2.643945e-02 -2.583766e-02 -2.674772e-02 -3.732031e-02 -2.850441e-02 -2.627493e-02 6.950886e-04 -3.009992e-02 -3.082707e-02 -1.087440e-01 -1.063914e-01 -1.042276e-01 -3.423338e-02 -9.999000e+03 -9.999000e+03 -4.036668e-01 -4.793262e-02 3.616179e-02 -5.198063e-03 -3.361334e-02 -5.090600e-02 -8.520368e-02 -8.204726e-02 -9.999000e+03
-9.893330e-03 -1.220890e-02 -1.195990e-02 -1.884787e-02 -1.462728e-02 -1.864733e-02 -1.116283e-01 -3.890663e-02 -5.335067e-02 -7.622871e-02 -3.163391e-02 -1.906649e-02 -1.591508e-02 -1.432288e-02 -1.439164e-02 -1.661226e-02 -2.019947e-02 -2.387605e-02 -2.647805e-02 -2.818533e-02 1.381401e-01 -2.594137e-02 -2.440266e-02 -2.350993e-02 -2.361444e-02 -2.411318e-02 -2.565000e-02 -2.478398e-02 -2.453401e-02 -3.798931e-02 -2.535696e-02 -2.418431e-02 -5.016842e-03 -2.775905e-02 -1.111208e-01 -1.102554e-01 -1.084270e-01 -1.065413e-01 -9.999000e+03 -9.999000e+03 -4.386485e-01 -5.774491e-02 -3.567956e-02 -6.436372e-03 -9.129593e-02 -8.749067e-02 -3.951415e-02 -5.566456e-02 -5.716583e-02 -8.469842e-02
3.409063e-01 4.478508e-03 -3.071940e-03 -8.942886e-03 -1.598229e-02 -1.193789e-02 -1.524297e-02 -7.161341e-02 -2.939313e-02 -3.703878e-02 -5.063132e-02 -2.686813e-02 -1.989273e-02 -2.002107e-02 -2.186580e-02 -2.389863e-02 -2.556233e-02 -2.665248e-02 -2.659847e-02 -2.565949e-02 -2.345955e-02 1.905277e-01 -1.995139e-02 -2.070968e-02 -2.236744e-02 -2.379222e-02 -2.496080e-02 -2.368403e-02 -2.263106e-02 -3.727049e-02 -2.153753e-02 -2.016782e-02 -9.253590e-03 -1.109489e-01 -1.104764e-01 -1.102515e-01 -9.999000e+03 -9.999000e+03 -9.999000e+03 -1.495611e-01 -6.116548e-02 -3.953675e-02 -3.408346e-02 -1.007400e-01 -9.821437e-02 -6.093382e-02 -3.646602e-02 -3.735321e-02 -3.547886e-02 -8.748426e-02
1.037636e-01 3.324530e-01 2.547903e-01 1.966490e-01 -1.802936e-02 -2.365955e-02 -1.509900e-02 -1.793419e-02 -5.011561e-02 -2.753840e-02 -3.183266e-02 -3.997248e-02 -2.855546e-02 -2.431531e-02 -2.572354e-02 -2.702973e-02 -2.753918e-02 -2.715889e-02 -2.549277e-02 -2.292207e-02 -1.971255e-02 8.447821e-02 -1.662464e-02 -1.754319e-02 -1.960963e-02 -2.129672e-02 -2.201013e-02 -2.051134e-02 -1.922686e-02 -3.714986e-02 -1.884453e-02 -1.803051e-02 -1.335121e-02 -1.105944e-01 -1.105321e-01 -9.999000e+03 -9.999000e+03 -5.949636e-01 -1.534958e-01 -7.040894e-02 -4.052075e-02 -3.436353e-02 -1.047050e-01 -1.033982e-01 -1.015700e-01 -4.712662e-02 -3.494347e-02 -3.429934e-02 -9.082946e-02 -9.113128e-02
-2.216609e-02 5.086981e-02 9.526040e-02 4.279090e-02 1.951514e-01 -2.693843e-02 -3.006525e-02 -3.007761e-02 -3.268371e-02 -5.058047e-02 -4.003766e-02 -4.258197e-02 -4.665547e-02 -4.145836e-02 -3.822559e-02 -3.845197e-02 -3.801857e-02 -3.615342e-02 -3.271133e-02 -2.858249e-02 -2.423877e-02 -2.021944e-02 1.294335e-01 -1.989050e-02 -2.206782e-02 -2.415376e-02 -1.704076e-02 -1.538598e-02 -1.440391e-02 -3.407099e-02 -1.682860e-02 -1.743572e-02 -1.664463e-02 -1.107691e-01 -9.999000e+03 -9.999000e+03 -4.721951e-01 -6.086228e-02 -7.093411e-02 -4.895968e-02 -3.333825e-02 -1.077749e-01 -1.065087e-01 -1.049080e-01 -1.031503e-01 -1.007778e-01 -3.384661e-02 -3.588005e-02 -9.713901e-02 -6.211536e-02
-5.700359e-02 -5.334420e-02 -1.136983e-01 -7.639970e-02 -5.314970e-02 1.812078e-01 2.010702e-01 2.401136e-01 2.303734e-01 -3.134752e-02 -4.031832e-02 -3.267466e-02 -3.337914e-02 -3.525449e-02 -3.023843e-02 -2.555650e-02 4.914513e-02 -2.224289e-02 -2.043035e-02 -1.924774e-02 -1.839551e-02 -1.784479e-02 -1.108778e-01 7.696579e-02 4.782512e-02 -2.247339e-02 -2.099071e-02 -1.829733e-02 -1.238253e-02 -1.688511e-02 -1.703299e-02 -1.866913e-02 -1.941552e-02 -9.999000e+03 -9.999000e+03 -1.107507e-01 -6.510424e-02 -3.827650e-02 -4.856426e-02 -3.756306e-02 -3.098711e-02 -1.087577e-01 -1.077048e-01 -1.061077e-01 -1.044358e-01 -1.023415e-01 -3.147199e-02 -3.275079e-02 -6.251191e-02 -4.535048e-02
-8.099248e-02 -8.019936e-02 -5.663248e-02 -4.648683e-02 -3.756591e-02 -2.657970e-02 -2.640375e-02 -3.304378e-02 -3.186165e-02 2.503273e-01 2.804327e-01 2.984990e-01 2.973661e-01 2.940895e-01 2.917596e-01 2.907473e-01 2.750677e-01 2.912832e-01 2.335618e-01 -3.442193e-03 -9.522852e-03 -1.505235e-02 -2.157637e-02 -7.631500e-02 1.331097e-01 -2.388806e-02 -1.960642e-02 -1.663833e-02 -1.777288e-02 -1.570632e-02 -1.895795e-02 -2.105834e-02 -9.999000e+03 -9.999000e+03 -1.120464e-01 -1.112680e-01 -4.287154e-02 -2.917781e-02 -3.724495e-02 -3.166131e-02 -2.833127e-02 -1.090791e-01 -1.083838e-01 -1.069010e-01 -1.054835e-01 -1.036879e-01 -1.013474e-01 -9.925979e-02 -4.099450e-02 -3.298846e-02
-1.096746e-01 -1.188058e-01 -8.205724e-02 -5.994708e-02 -4.403509e-02 5.111024e-02 1.503650e-01 1.523752e-01 1.695184e-01 1.785596e-01 1.919196e-01 1.972345e-01 2.050616e-01 2.105589e-01 2.133915e-01 2.194286e-01 2.343840e-01 2.473452e-01 1.782943e-01 2.338223e-01 2.257722e-01 -1.090477e-02 -1.637114e-02 -2.350998e-02 1.432495e-01 -1.870444e-02 -1.709349e-02 -1.702915e-02 -1.957812e-02 -2.339195e-02 -2.072318e-02 -9.999000e+03 -9.999000e+03 -1.119634e-01 -1.123553e-01 -1.115881e-01 -3.180465e-02 -2.932466e-02 -3.225511e-02 -2.941262e-02 -1.098398e-01 -1.098579e-01 -1.093183e-01 -1.078879e-01 -1.064263e-01 -1.048337e-01 -1.028846e-01 -1.005606e-01 -9.850634e-02 -2.773413e-02
-2.186365e-02 -2.459736e-02 -2.552756e-02 1.379142e-01 1.160816e-01 -2.562794e-02 -2.579378e-02 -2.799295e-02 -2.799429e-02 -2.633542e-02 -2.465006e-02 -2.278273e-02 -2.077608e-02 -2.756225e-02 -2.567911e-02 -2.232758e-02 -1.869081e-02 -1.526403e-02 6.592050e-02 1.169842e-01 6.853654e-02 2.357531e-01 1.963045e-01 1.470822e-01 2.306177e-01 2.117926e-01 -1.393725e-02 -1.864071e-02 -2.247445e-02 -2.684458e-02 -9.999000e+03 -9.999000e+03 -1.247049e-01 -7.481460e-02 -1.125289e-01 -1.117248e-01 -2.995055e-02 -2.841621e-02 -3.011261e-02 -2.870057e-02 -1.109511e-01 -1.110380e-01 -1.105841e-01 -1.091735e-01 -1.073330e-01 -1.056967e-01 -1.044612e-01 -1.028629e-01 -1.005689e-01 -2.710651e-02
-2.231866e-02 -2.165116e-02 9.774440e-02 -2.802221e-02 -2.871625e-02 -2.894164e-02 -3.101801e-02 -3.384283e-02 -3.458791e-02 -3.396517e-02 -3.306618e-02 -3.180173e-02 -2.999113e-02 -2.931116e-02 -2.700675e-02 -2.448913e-02 -2.162655e-02 -2.582573e-02 -2.319302e-02 -1.769931e-02 6.463042e-02 1.218539e-01 1.362551e-01 1.672727e-01 -4.071524e-02 3.262099e-01 2.649148e-01 -1.148351e-02 -2.007681e-02 -1.115291e-01 -9.999000e+03 -4.838580e-01 -7.231413e-02 -5.219945e-02 -1.129749e-01 -7.499496e-02 -2.852444e-02 -2.724568e-02 -2.845986e-02 -2.777373e-02 -1.118091e-01 -1.118784e-01 -1.113802e-01 -1.101306e-01 -1.082535e-01 -1.062623e-01 -1.052198e-01 -1.044734e-01 -1.026320e-01 -1.004719e-01
1.893915e-01 1.613315e-01 -2.619024e-02 -2.770827e-02 -2.836622e-02 -2.855180e-02 -3.023430e-02 -3.318609e-02 -3.482389e-02 -3.515942e-02 -3.563537e-02 -3.552859e-02 -3.639662e-02 -3.456408e-02 -3.301416e-02 -3.160082e-02 -2.761780e-02 -2.695735e-02 -1.525148e-02 -2.106861e-02 -2.730113e-02 -2.021655e-02 -1.664754e-02 -9.999000e+03 -9.999000e+03 -9.999000e+03 2.089572e-01 1.900635e-01 -2.169863e-02 -9.999000e+03 -9.999000e+03 -6.173406e-02 -5.332194e-02 -3.826292e-02 -1.135423e-01 -5.415584e-02 -2.806782e-02 -2.584354e-02 -2.690633e-02 -1.120090e-01 -1.124865e-01 -1.126081e-01 -1.119030e-01 -1.106143e-01 -1.088947e-01 -1.066566e-01 -1.054829e-01 -1.052154e-01 -1.044122e-01 -1.029371e-01
-2.578534e-02 -2.537515e-02 -2.644117e-02 -2.805605e-02 -2.861213e-02 -2.838258e-02 -2.925427e-02 -3.194592e-02 -3.344030e-02 -3.424692e-02 -3.579508e-02 -4.026500e-02 -3.986918e-02 -3.853094e-02 -3.759663e-02 -3.381234e-02 -3.463965e-02 -1.379516e-02 -2.996518e-02 -3.124243e-02 -2.994195e-02 -2.531225e-02 -2.725496e-02 -2.913923e-02 -2.334935e-02 -9.999000e+03 -9.999000e+03 -9.999000e+03 -3.134449e+01 -9.999000e+03 -1.685018e-01 -2.926908e-02 -3.380268e-02 -3.481203e-02 -7.391242e-02 -3.961389e-02 -2.596086e-02 -2.480820e-02 -2.603552e-02 -1.124810e-01 -1.129125e-01 -1.132850e-01 -1.127241e-01 -1.112630e-01 -1.094491e-01 -1.071250e-01 -1.057384e-01 -1.054208e-01 -1.050366e-01 -6.686999e-02
-2.373684e-02 -2.544745e-02 -2.609752e-02 -2.698334e-02 -2.754096e-02 -2.732985e-02 -2.812302e-02 -2.930472e-02 -3.009523e-02 -3.053395e-02 -3.716261e-02 -3.987499e-02 -4.095571e-02 -4.074601e-02 -3.615678e-02 -3.893723e-02 -4.596716e-03 -3.439808e-02 -3.798203e-02 -3.994454e-02 -3.886814e-02 -3.236930e-02 -3.366322e-02 -4.177706e-02 -3.656664e-02 -2.697487e-02 -2.352346e-02 -9.999000e+03 -9.999000e+03 -9.999000e+03 -3.591547e+01 -5.835056e-02 4.377072e-02 -2.299743e-02 -4.478854e-02 -2.707173e-02 -2.224930e-02 -2.395575e-02 -2.579303e-02 -1.131297e-01 -1.132613e-01 -1.137133e-01 -1.134776e-01 -1.121400e-01 -1.101411e-01 -1.075826e-01 -1.059657e-01 -1.053358e-01 -1.048925e-01 -4.616210e-02
