tests/data/reference/test_implicit_stream_rill_mfda/control/massbalance.asc
ncols	123
nrows	77
xllcorner	-713746.79929998
yllcorner	-1061022.36961616
cellsize	10.0
NODATA_value	-9999
[rows 44 to 65 of 77, columns 0 to 49 of 123]
-9.999000e+03 -9.999000e+03 -9.999000e+03 -9.999000e+03 -9.999000e+03 -9.999000e+03 -9.999000e+03 -1.327986e-01 -1.478377e-01 -1.500422e-01 -1.481417e-01 -1.478331e-01 -1.495574e-01 -1.502090e-01 -1.490713e-01 -1.484624e-01 -1.475987e-01 -1.428314e-01 -1.480909e-01 -1.468992e-01 -1.511276e-01 -1.562218e-01 -1.603791e-01 -1.502062e-01 -1.501562e-01 -1.469454e-01 -1.487800e-01 -1.468539e-01 -1.488500e-01 -1.504714e-01 -1.505982e-01 -1.495207e-01 -1.484064e-01 -1.477159e-01 -1.474650e-01 -1.474707e-01 -1.443347e-01 -1.418172e-01 -1.399620e-01 -1.390216e-01 -1.390954e-01 -1.401724e-01 -1.417836e-01 -1.436074e-01 -1.467615e-01 -1.251349e-01 -1.376639e-01 -1.403513e-01 -1.482034e-01 -1.478617e-01
-9.999000e+03 -9.999000e+03 -9.999000e+03 -9.999000e+03 -9.999000e+03 -9.999000e+03 -9.999000e+03 -1.629778e-01 -1.502636e-01 -1.502875e-01 -1.480440e-01 -1.478524e-01 -1.495591e-01 -1.499108e-01 -1.493543e-01 -1.483812e-01 -1.412924e-01 -1.491841e-01 -1.479327e-01 -1.466599e-01 -1.461101e-01 -1.462651e-01 -1.487597e-01 -1.488535e-01 -1.486985e-01 -1.488180e-01 -1.468318e-01 -1.486819e-01 -1.502333e-01 -1.507395e-01 -1.502169e-01 -1.490259e-01 -1.479640e-01 -1.557372e-01 -1.517345e-01 -1.477937e-01 -1.459827e-01 -1.460183e-01 -1.461120e-01 -1.462655e-01 -1.465619e-01 -1.468329e-01 -1.472114e-01 -1.523733e-01 -1.593103e-01 -1.656745e-01 -1.480778e-01 -1.482014e-01 -1.483156e-01 -1.483818e-01
-9.999000e+03 -9.999000e+03 -9.999000e+03 -9.999000e+03 -9.999000e+03 -9.999000e+03 -1.330293e-01 -1.526126e-01 -1.498507e-01 -1.498181e-01 -1.480587e-01 -1.477001e-01 -1.499274e-01 -1.496502e-01 -1.483417e-01 -1.401865e-01 -1.502475e-01 -1.492384e-01 -1.480237e-01 -1.468267e-01 -1.462829e-01 -1.470569e-01 -1.469411e-01 -1.468718e-01 -1.488348e-01 -1.499369e-01 -1.502306e-01 -1.501898e-01 -1.495963e-01 -1.486568e-01 -1.477794e-01 -1.639777e-01 -1.608214e-01 -1.473663e-01 -1.468852e-01 -1.465779e-01 -1.463405e-01 -1.461851e-01 -1.461704e-01 -1.463028e-01 -1.462928e-01 -1.466808e-01 -1.468303e-01 -1.470419e-01 -1.472603e-01 -1.475318e-01 -1.477373e-01 -1.478941e-01 -1.481014e-01 -1.482195e-01
-9.999000e+03 -9.999000e+03 -9.999000e+03 -9.999000e+03 -9.999000e+03 -9.999000e+03 -7.297403e-02 -1.541743e-01 -1.478238e-01 -1.477152e-01 -1.481803e-01 -1.491735e-01 -1.493409e-01 -1.477838e-01 -1.404940e-01 -1.501384e-01 -1.501284e-01 -1.495023e-01 -1.485371e-01 -1.473886e-01 -1.485878e-01 -1.486987e-01 -1.487552e-01 -1.487504e-01 -1.468915e-01 -1.486054e-01 -1.499178e-01 -1.665061e-01 -1.675364e-01 -1.668970e-01 -1.658534e-01 -1.490124e-01 -1.486950e-01 -1.480815e-01 -1.476117e-01 -1.472622e-01 -1.469830e-01 -1.467794e-01 -1.467277e-01 -1.463850e-01 -1.466870e-01 -1.466333e-01 -1.467954e-01 -1.469082e-01 -1.470447e-01 -1.472398e-01 -1.474627e-01 -1.476683e-01 -1.476173e-01 -1.478858e-01
-9.999000e+03 -9.999000e+03 -9.999000e+03 -9.999000e+03 -9.999000e+03 -1.326201e-01 -1.487996e-01 -1.542501e-01 -1.481130e-01 -1.481400e-01 -1.478421e-01 -1.489861e-01 -1.476017e-01 -1.439006e-01 -1.490947e-01 -1.498098e-01 -1.498611e-01 -1.495628e-01 -1.487607e-01 -1.476919e-01 -1.520808e-01 -1.569346e-01 -1.606721e-01 -1.630711e-01 -1.630674e-01 -1.640812e-01 -1.658055e-01 -1.503635e-01 -1.503578e-01 -1.500207e-01 -1.499346e-01 -1.498460e-01 -1.493707e-01 -1.489211e-01 -1.485221e-01 -1.481905e-01 -1.479040e-01 -1.476612e-01 -1.469029e-01 -1.471851e-01 -1.469202e-01 -1.470167e-01 -1.470337e-01 -1.470430e-01 -1.470619e-01 -1.471591e-01 -1.473374e-01 -1.471748e-01 -1.474769e-01 -1.475689e-01
-9.999000e+03 -9.999000e+03 -9.999000e+03 -9.999000e+03 -1.298939e-01 -1.613793e-01 -1.494431e-01 -1.522971e-01 -1.480374e-01 -1.479907e-01 -1.480638e-01 -1.480714e-01 -1.496361e-01 -1.476528e-01 -1.490905e-01 -1.496046e-01 -1.496235e-01 -1.494545e-01 -1.486788e-01 -1.480366e-01 -1.479104e-01 -1.481451e-01 -1.463606e-01 -1.499163e-01 -1.504492e-01 -1.505322e-01 -1.504813e-01 -1.506684e-01 -1.505495e-01 -1.506125e-01 -1.505945e-01 -1.502081e-01 -1.499680e-01 -1.496974e-01 -1.494071e-01 -1.491450e-01 -1.489024e-01 -1.477551e-01 -1.480216e-01 -1.474970e-01 -1.475596e-01 -1.475125e-01 -1.474890e-01 -1.474333e-01 -1.473909e-01 -1.473929e-01 -1.468629e-01 -1.472650e-01 -1.473846e-01 -1.479374e-01
-9.999000e+03 -9.999000e+03 -9.999000e+03 -9.999000e+03 -1.353155e-01 -1.506136e-01 -1.479445e-01 -1.487882e-01 -1.482652e-01 -1.479176e-01 -1.485552e-01 -1.543137e-01 -1.481008e-01 -1.477751e-01 -1.489827e-01 -1.493160e-01 -1.493602e-01 -1.492312e-01 -1.490071e-01 -1.486239e-01 -1.484640e-01 -1.509773e-01 -1.483880e-01 -1.494652e-01 -1.497620e-01 -1.498529e-01 -1.501908e-01 -1.501193e-01 -1.503589e-01 -1.505859e-01 -1.502947e-01 -1.501936e-01 -1.500829e-01 -1.499426e-01 -1.498084e-01 -1.497317e-01 -1.484091e-01 -1.489657e-01 -1.482134e-01 -1.482681e-01 -1.480933e-01 -1.480652e-01 -1.480929e-01 -1.480795e-01 -1.480310e-01 -1.470668e-01 -1.474156e-01 -1.474349e-01 -1.481280e-01 -1.492272e-01
-9.999000e+03 -9.999000e+03 -9.999000e+03 -1.327048e-01 -1.622606e-01 -1.506028e-01 -1.479608e-01 -1.483193e-01 -1.478758e-01 -1.486009e-01 -1.515411e-01 -1.477320e-01 -1.480214e-01 -1.479071e-01 -1.487544e-01 -1.489921e-01 -1.490004e-01 -1.494040e-01 -1.494333e-01 -1.491368e-01 -1.550996e-01 -1.470764e-01 -1.482073e-01 -1.488632e-01 -1.488998e-01 -1.492825e-01 -1.493073e-01 -1.495709e-01 -1.498669e-01 -1.497760e-01 -1.499246e-01 -1.499745e-01 -1.499438e-01 -1.499045e-01 -1.499311e-01 -1.482727e-01 -1.495028e-01 -1.486566e-01 -1.490770e-01 -1.488256e-01 -1.486414e-01 -1.487091e-01 -1.488645e-01 -1.489403e-01 -1.476537e-01 -1.481472e-01 -1.479625e-01 -1.486753e-01 -1.474407e-01 -1.474536e-01
-9.999000e+03 -9.999000e+03 -9.999000e+03 -1.324805e-01 -1.521138e-01 -1.482559e-01 -1.478449e-01 -1.478044e-01 -1.483976e-01 -1.484581e-01 -1.486105e-01 -1.478360e-01 -1.479292e-01 -1.480398e-01 -1.485383e-01 -1.487151e-01 -1.491613e-01 -1.494726e-01 -1.496297e-01 -1.569757e-01 -1.486151e-01 -1.474293e-01 -1.482419e-01 -1.483307e-01 -1.485886e-01 -1.485653e-01 -1.488575e-01 -1.491792e-01 -1.491430e-01 -1.495289e-01 -1.498466e-01 -1.499998e-01 -1.500109e-01 -1.499612e-01 -1.479312e-01 -1.494909e-01 -1.484204e-01 -1.494299e-01 -1.494736e-01 -1.492685e-01 -1.491628e-01 -1.493371e-01 -1.495904e-01 -1.480589e-01 -1.491115e-01 -1.489725e-01 -1.496207e-01 -1.463823e-01 -1.462953e-01 -1.462704e-01
-9.999000e+03 -9.999000e+03 -1.310099e-01 -1.627568e-01 -1.484253e-01 -1.481169e-01 -1.478133e-01 -1.478357e-01 -1.478171e-01 -1.478481e-01 -1.471991e-01 -1.484304e-01 -1.478247e-01 -1.480960e-01 -1.484414e-01 -1.488471e-01 -1.489316e-01 -1.490023e-01 -1.522747e-01 -1.501038e-01 -1.482614e-01 -1.476948e-01 -1.480206e-01 -1.481768e-01 -1.481403e-01 -1.483108e-01 -1.485633e-01 -1.485838e-01 -1.490188e-01 -1.494620e-01 -1.498271e-01 -1.500241e-01 -1.500141e-01 -1.478021e-01 -1.494775e-01 -1.479611e-01 -1.492634e-01 -1.496013e-01 -1.497753e-01 -1.496865e-01 -1.496537e-01 -1.498435e-01 -1.479792e-01 -1.497655e-01 -1.499149e-01 -1.505403e-01 -1.496472e-01 -1.497268e-01 -1.497390e-01 -1.496901e-01
-9.999000e+03 -9.999000e+03 -1.486348e-01 -1.487808e-01 -1.478386e-01 -1.478102e-01 -1.478614e-01 -1.478121e-01 -1.489303e-01 -1.486688e-01 -1.478372e-01 -1.486540e-01 -1.478057e-01 -1.481900e-01 -1.481531e-01 -1.480668e-01 -1.479795e-01 -1.479074e-01 -1.479693e-01 -1.495070e-01 -1.479723e-01 -1.478508e-01 -1.478157e-01 -1.479732e-01 -1.480877e-01 -1.482013e-01 -1.482405e-01 -1.485874e-01 -1.488636e-01 -1.491521e-01 -1.494085e-01 -1.495636e-01 -1.478638e-01 -1.495796e-01 -1.477375e-01 -1.492465e-01 -1.495291e-01 -1.498755e-01 -1.500715e-01 -1.500235e-01 -1.500056e-01 -1.478147e-01 -1.500184e-01 -1.503608e-01 -1.508646e-01 -1.507836e-01 -1.504636e-01 -1.497529e-01 -1.666656e-01 -1.721322e-01
-9.999000e+03 -1.328308e-01 -8.647501e-02 -1.500457e-01 -1.478112e-01 -1.478866e-01 -1.478044e-01 -1.478048e-01 -9.999000e+03 -9.999000e+03 -9.999000e+03 -1.478409e-01 -1.478192e-01 -1.478376e-01 -1.479023e-01 -1.479065e-01 -1.479425e-01 -1.480146e-01 -1.479401e-01 -1.478035e-01 -1.478146e-01 -1.478619e-01 -1.478769e-01 -1.479411e-01 -1.477999e-01 -1.481954e-01 -1.483533e-01 -1.483435e-01 -1.483155e-01 -1.483221e-01 -1.483515e-01 -1.478497e-01 -1.494060e-01 -1.476615e-01 -1.492559e-01 -1.494627e-01 -1.497494e-01 -1.500180e-01 -1.500844e-01 -1.499818e-01 -1.477295e-01 -1.500562e-01 -1.504114e-01 -1.505049e-01 -1.504906e-01 -1.495037e-01 -1.535153e-01 -1.600233e-01 -1.473962e-01 -1.509457e-01
-9.999000e+03 -1.339174e-01 -1.513938e-01 -1.478098e-01 -1.478223e-01 -1.478164e-01 -9.999000e+03 -9.999000e+03 -9.999000e+03 -9.999000e+03 -9.999000e+03 -9.999000e+03 -1.478068e-01 -1.478154e-01 -1.485425e-01 -1.493005e-01 -1.479063e-01 -1.482175e-01 -1.497955e-01 -1.506865e-01 -1.478459e-01 -1.478386e-01 -1.478034e-01 -1.479033e-01 -1.480695e-01 -1.478603e-01 -1.476661e-01 -1.474974e-01 -1.473220e-01 -1.472169e-01 -1.480128e-01 -1.485704e-01 -1.476900e-01 -1.490266e-01 -1.491004e-01 -1.492737e-01 -1.494436e-01 -1.495517e-01 -1.495160e-01 -1.478244e-01 -1.497601e-01 -1.500288e-01 -1.494543e-01 -1.494860e-01 -1.500833e-01 -1.502290e-01 -1.501344e-01 -1.472280e-01 -1.502270e-01 -1.503632e-01
-1.327326e-01 -8.957180e-02 -1.482929e-01 -1.478191e-01 -1.478830e-01 -1.478148e-01 -9.999000e+03 -9.999000e+03 -9.999000e+03 -9.999000e+03 -9.999000e+03 -9.999000e+03 -9.999000e+03 -9.999000e+03 -9.999000e+03 -1.479249e-01 -1.485669e-01 -1.479837e-01 -1.479259e-01 -1.478532e-01 -1.493209e-01 -9.999000e+03 -9.999000e+03 -1.478034e-01 -1.479071e-01 -1.480126e-01 -1.481599e-01 -1.483452e-01 -1.484568e-01 -1.487827e-01 -1.474815e-01 -1.480946e-01 -1.485348e-01 -1.484601e-01 -1.483921e-01 -1.483468e-01 -1.482975e-01 -1.482695e-01 -1.482570e-01 -1.492571e-01 -1.492090e-01 -1.477605e-01 -1.477768e-01 -1.503613e-01 -1.494292e-01 -1.493033e-01 -1.473735e-01 -1.491191e-01 -1.491119e-01 -1.491757e-01
-1.323967e-01 -1.478305e-01 -1.478467e-01 -1.478477e-01 -1.478218e-01 -9.999000e+03 -9.999000e+03 -9.999000e+03 -9.999000e+03 -9.999000e+03 -9.999000e+03 -9.999000e+03 -9.999000e+03 -9.999000e+03 -9.999000e+03 -9.999000e+03 -9.999000e+03 -9.999000e+03 -9.999000e+03 -9.999000e+03 -9.999000e+03 -9.999000e+03 -9.999000e+03 -1.478048e-01 -1.478709e-01 -1.479275e-01 -1.480843e-01 -1.490916e-01 -1.494497e-01 -1.481753e-01 -1.492863e-01 -1.477712e-01 -1.476460e-01 -1.474508e-01 -1.471695e-01 -1.470181e-01 -1.469927e-01 -1.488482e-01 -1.483160e-01 -1.481274e-01 -1.465895e-01 -1.464545e-01 -1.501567e-01 -1.478471e-01 -1.478604e-01 -1.479958e-01 -1.477741e-01 -1.477313e-01 -1.476955e-01 -1.498260e-01
-9.999000e+03 -1.478445e-01 -1.478152e-01 -1.479243e-01 -9.999000e+03 -9.999000e+03 -9.999000e+03 -9.999000e+03 -9.999000e+03 -9.999000e+03 -9.999000e+03 -9.999000e+03 -9.999000e+03 -9.999000e+03 -9.999000e+03 -9.999000e+03 -9.999000e+03 -9.999000e+03 -9.999000e+03 -9.999000e+03 -9.999000e+03 -9.999000e+03 -9.999000e+03 -9.999000e+03 -9.999000e+03 -9.999000e+03 -1.480144e-01 -1.481186e-01 -1.478093e-01 -1.500503e-01 -1.479506e-01 -1.480326e-01 -1.482052e-01 -1.484982e-01 -1.486635e-01 -1.487045e-01 -1.496051e-01 -1.471614e-01 -1.469863e-01 -1.492741e-01 -1.494033e-01 -1.494736e-01 -1.465393e-01 -1.464886e-01 -1.487343e-01 -1.464812e-01 -1.464954e-01 -1.465341e-01 -1.504859e-01 -1.478816e-01
-9.999000e+03 -9.999000e+03 -9.999000e+03 -9.999000e+03 -9.999000e+03 -9.999000e+03 -9.999000e+03 -9.999000e+03 -9.999000e+03 -9.999000e+03 -9.999000e+03 -9.999000e+03 -9.999000e+03 -9.999000e+03 -9.999000e+03 -9.999000e+03 -9.999000e+03 -9.999000e+03 -9.999000e+03 -9.999000e+03 -9.999000e+03 -9.999000e+03 -9.999000e+03 -9.999000e+03 -9.999000e+03 -9.999000e+03 -9.999000e+03 -9.999000e+03 -1.480581e-01 -1.482458e-01 -1.478771e-01 -1.479383e-01 -1.481053e-01 -1.475909e-01 -1.488852e-01 -1.500164e-01 -1.485117e-01 -1.487173e-01 -1.489170e-01 -1.468107e-01 -1.481357e-01 -1.492896e-01 -1.493273e-01 -1.494249e-01 -1.493572e-01 -1.493623e-01 -1.493436e-01 -1.506964e-01 -1.466509e-01 -1.465804e-01
-9.999000e+03 -9.999000e+03 -9.999000e+03 -9.999000e+03 -9.999000e+03 -9.999000e+03 -9.999000e+03 -9.999000e+03 -9.999000e+03 -9.999000e+03 -9.999000e+03 -9.999000e+03 -9.999000e+03 -9.999000e+03 -9.999000e+03 -9.999000e+03 -9.999000e+03 -9.999000e+03 -9.999000e+03 -9.999000e+03 -9.999000e+03 -9.999000e+03 -9.999000e+03 -9.999000e+03 -9.999000e+03 -9.999000e+03 -9.999000e+03 -9.999000e+03 -9.999000e+03 -1.479117e-01 -1.498078e-01 -1.481160e-01 -1.478554e-01 -1.485033e-01 -1.485762e-01 -1.484007e-01 -1.484109e-01 -1.486401e-01 -1.470144e-01 -1.484971e-01 -1.497109e-01 -1.502620e-01 -1.501259e-01 -1.492963e-01 -1.464999e-01 -1.479595e-01 -1.497824e-01 -1.491530e-01 -1.475902e-01 -1.493587e-01
-9.999000e+03 -9.999000e+03 -9.999000e+03 -9.999000e+03 -9.999000e+03 -9.999000e+03 -9.999000e+03 -9.999000e+03 -9.999000e+03 -9.999000e+03 -9.999000e+03 -9.999000e+03 -9.999000e+03 -9.999000e+03 -9.999000e+03 -9.999000e+03 -9.999000e+03 -9.999000e+03 -9.999000e+03 -9.999000e+03 -9.999000e+03 -9.999000e+03 -9.999000e+03 -9.999000e+03 -9.999000e+03 -9.999000e+03 -9.999000e+03 -9.999000e+03 -9.999000e+03 -9.999000e+03 -1.480238e-01 -9.999000e+03 -9.999000e+03 -9.999000e+03 -9.999000e+03 -9.999000e+03 -9.999000e+03 -9.999000e+03 -1.488136e-01 -1.468458e-01 -1.485561e-01 -1.500790e-01 -1.504581e-01 -1.498813e-01 -1.491161e-01 -1.485349e-01 -1.482689e-01 -1.483942e-01 -1.490615e-01 -1.467590e-01
-9.999000e+03 -9.999000e+03 -9.999000e+03 -9.999000e+03 -9.999000e+03 -9.999000e+03 -9.999000e+03 -9.999000e+03 -9.999000e+03 -9.999000e+03 -9.999000e+03 -9.999000e+03 -9.999000e+03 -9.999000e+03 -9.999000e+03 -9.999000e+03 -9.999000e+03 -9.999000e+03 -9.999000e+03 -9.999000e+03 -9.999000e+03 -9.999000e+03 -9.999000e+03 -9.999000e+03 -9.999000e+03 -9.999000e+03 -9.999000e+03 -9.999000e+03 -9.999000e+03 -9.999000e+03 -9.999000e+03 -9.999000e+03 -9.999000e+03 -9.999000e+03 -9.999000e+03 -9.999000e+03 -9.999000e+03 -9.999000e+03 -9.999000e+03 -9.999000e+03 -9.999000e+03 -1.488306e-01 -1.489117e-01 -1.491362e-01 -1.466224e-01 -1.480887e-01 -1.499311e-01 -1.511906e-01 -1.509558e-01 -1.494321e-01
-9.999000e+03 -9.999000e+03 -9.999000e+03 -9.999000e+03 -9.999000e+03 -9.999000e+03 -9.999000e+03 -9.999000e+03 -9.999000e+03 -9.999000e+03 -9.999000e+03 -9.999000e+03 -9.999000e+03 -9.999000e+03 -9.999000e+03 -9.999000e+03 -9.999000e+03 -9.999000e+03 -9.999000e+03 -9.999000e+03 -9.999000e+03 -9.999000e+03 -9.999000e+03 -9.999000e+03 -9.999000e+03 -9.999000e+03 -9.999000e+03 -9.999000e+03 -9.999000e+03 -9.999000e+03 -9.999000e+03 -9.999000e+03 -9.999000e+03 -9.999000e+03 -9.999000e+03 -9.999000e+03 -9.999000e+03 -9.999000e+03 -9.999000e+03 -9.999000e+03 -9.999000e+03 -9.999000e+03 -9.999000e+03 -9.999000e+03 -1.492943e-01 -1.492373e-01 -1.464713e-01 -1.484093e-01 -1.490696e-01 -1.467755e-01
-9.999000e+03 -9.999000e+03 -9.999000e+03 -9.999000e+03 -9.999000e+03 -9.999000e+03 -9.999000e+03 -9.999000e+03 -9.999000e+03 -9.999000e+03 -9.999000e+03 -9.999000e+03 -9.999000e+03 -9.999000e+03 -9.999000e+03 -9.999000e+03 -9.999000e+03 -9.999000e+03 -9.999000e+03 -9.999000e+03 -9.999000e+03 -9.999000e+03 -9.999000e+03 -9.999000e+03 -9.999000e+03 -9.999000e+03 -9.999000e+03 -9.999000e+03 -9.999000e+03 -9.999000e+03 -9.999000e+03 -9.999000e+03 -9.999000e+03 -9.999000e+03 -9.999000e+03 -9.999000e+03 -9.999000e+03 -9.999000e+03 -9.999000e+03 -9.999000e+03 -9.999000e+03 -9.999000e+03 -9.999000e+03 -9.999000e+03 -9.999000e+03 -9.999000e+03 -9.999000e+03 -9.999000e+03 -9.999000e+03 -9.999000e+03
