tests/data/reference/test_implicit_stream_rill_mfda/control/massbalance.asc
ncols	123
nrows	77
xllcorner	-713746.79929998
yllcorner	-1061022.36961616
cellsize	10.0
NODATA_value	-9999
[rows 22 to 43 of 77, columns 0 to 49 of 123]
-9.999000e+03 -9.999000e+03 -9.999000e+03 -9.999000e+03 -9.999000e+03 -9.999000e+03 -9.999000e+03 -9.999000e+03 -9.999000e+03 -9.999000e+03 -9.999000e+03 -9.999000e+03 -9.999000e+03 -9.999000e+03 -9.999000e+03 -1.787948e-01 -1.832739e-01 -1.885858e-01 -1.970356e-01 -1.777059e-01 -1.781241e-01 -1.810732e-01 -1.958868e-01 -5.426217e-02 -1.839786e-01 -1.219575e-01 -1.652613e-01 -1.777375e-01 -1.625420e-01 -1.278362e-01 -1.813942e-01 -1.700443e-01 -1.646848e-01 -1.903051e-01 -1.657623e-01 -1.390901e-01 -1.647128e-01 -1.819930e-01 -1.592135e-01 -1.517814e-01 -1.571505e-01 -1.613245e-01 -1.450977e-01 -1.573314e-01 -1.577352e-01 -1.645024e-01 -1.620534e-01 -1.456937e-01 -1.644025e-01 -1.661910e-01
-9.999000e+03 -9.999000e+03 -9.999000e+03 -9.999000e+03 -9.999000e+03 -9.999000e+03 -9.999000e+03 -9.999000e+03 -9.999000e+03 -9.999000e+03 -9.999000e+03 -9.999000e+03 -9.999000e+03 -9.999000e+03 -1.752276e-01 -1.819554e-01 -1.805564e-01 -1.747209e-01 -1.764012e-01 -1.704860e-01 -1.803634e-01 -1.966516e-01 -1.783149e-01 -1.328642e-01 -2.061305e-01 -1.461983e-01 -1.958421e-01 -1.927621e-01 -1.641463e-01 -1.191097e-01 -1.813117e-01 -1.700454e-01 -1.647583e-01 -1.636155e-01 -2.082911e-01 -1.453564e-01 -1.346912e-01 -1.824619e-01 -1.568126e-01 -1.535375e-01 -1.568680e-01 -1.602149e-01 -1.499321e-01 -1.577273e-01 -1.578633e-01 -1.637047e-01 -1.609805e-01 -1.452371e-01 -1.656252e-01 -1.629118e-01
-9.999000e+03 -9.999000e+03 -9.999000e+03 -9.999000e+03 -9.999000e+03 -9.999000e+03 -9.999000e+03 -9.999000e+03 -9.999000e+03 -9.999000e+03 -9.999000e+03 -9.999000e+03 -9.999000e+03 -9.999000e+03 -1.731245e-01 -2.312375e-01 -1.994197e-01 -1.745664e-01 -1.760395e-01 -1.799486e-01 -1.973250e-01 -1.987049e-01 -1.842015e-01 -1.717217e-01 -1.858882e-01 -2.156817e-01 -1.703570e-01 -1.725120e-01 -1.851630e-01 -1.863298e-01 -1.185100e-01 -1.699938e-01 -1.646074e-01 -1.623095e-01 -2.286048e-01 -1.486002e-01 -1.003474e-01 -1.826420e-01 -1.565657e-01 -1.539392e-01 -1.561028e-01 -1.586773e-01 -1.527103e-01 -1.576064e-01 -1.575525e-01 -1.622580e-01 -1.595920e-01 -1.463887e-01 -1.655733e-01 -1.627228e-01
-9.999000e+03 -9.999000e+03 -9.999000e+03 -9.999000e+03 -9.999000e+03 -9.999000e+03 -9.999000e+03 -9.999000e+03 -9.999000e+03 -9.999000e+03 -9.999000e+03 -9.999000e+03 -9.999000e+03 -9.999000e+03 -2.333328e-01 -1.747981e-01 -1.775589e-01 -1.775156e-01 -1.772211e-01 -1.821125e-01 -1.975924e-01 -1.197751e-01 -1.093680e-01 -1.745297e-01 -1.736791e-01 -1.876441e-01 -2.312043e-01 -1.532847e-01 -1.834733e-01 -1.866670e-01 -1.762382e-01 -1.524672e-01 -1.727759e-01 -1.620275e-01 -1.635370e-01 -2.473617e-01 -1.820268e-01 -6.883937e-02 -1.708913e-01 -1.782961e-01 -1.548398e-01 -1.568824e-01 -1.536878e-01 -1.569187e-01 -1.567724e-01 -1.602767e-01 -1.579322e-01 -1.479847e-01 -1.643348e-01 -1.645068e-01
-9.999000e+03 -9.999000e+03 -9.999000e+03 -9.999000e+03 -9.999000e+03 -9.999000e+03 -9.999000e+03 -9.999000e+03 -9.999000e+03 -9.999000e+03 -9.999000e+03 -9.999000e+03 -1.794241e-01 -1.763901e-01 -2.197688e-01 -1.744715e-01 -1.777540e-01 -1.722575e-01 -1.803888e-01 -1.970647e-01 -3.553062e-02 -1.276976e-01 -1.757074e-01 -1.806206e-01 -1.753177e-01 -1.757546e-01 -2.635294e-01 -1.409387e-01 -1.823786e-01 -1.755691e-01 -1.863220e-01 -1.737501e-01 -1.576300e-01 -1.772066e-01 -1.815773e-01 -1.662063e-01 -2.589884e-01 -1.707653e-01 -4.823964e-02 -1.651089e-01 -2.197378e-01 -1.549432e-01 -1.535739e-01 -1.558304e-01 -1.555961e-01 -1.579829e-01 -1.560401e-01 -1.491439e-01 -1.622937e-01 -1.660183e-01
-9.999000e+03 -9.999000e+03 -9.999000e+03 -9.999000e+03 -9.999000e+03 -9.999000e+03 -9.999000e+03 -9.999000e+03 -9.999000e+03 -9.999000e+03 -9.999000e+03 -9.999000e+03 -9.999000e+03 -1.790155e-01 -1.746499e-01 -1.736506e-01 -1.736687e-01 -1.791925e-01 -2.002543e-01 -5.156926e-02 -1.629672e-01 -1.654279e-01 -2.010342e-01 -2.307007e-01 -2.693324e-01 -2.908547e-01 -3.007526e-01 -2.778362e-01 -1.371219e-01 -1.797792e-01 -1.739459e-01 -1.753687e-01 -1.790200e-01 -1.630748e-01 -1.831848e-01 -1.846872e-01 -1.869584e-01 -3.194400e-01 -1.651867e-01 -4.491601e-02 -2.301769e-01 -1.530195e-01 -1.527402e-01 -1.543177e-01 -1.539924e-01 -1.555582e-01 -1.540020e-01 -1.495934e-01 -1.598046e-01 -1.659405e-01
-9.999000e+03 -9.999000e+03 -9.999000e+03 -9.999000e+03 -9.999000e+03 -9.999000e+03 -9.999000e+03 -9.999000e+03 -9.999000e+03 -9.999000e+03 -9.999000e+03 -9.999000e+03 -9.999000e+03 -9.999000e+03 -9.999000e+03 -1.753432e-01 -1.748604e-01 -1.940821e-01 -1.955174e-01 -1.195367e-01 -1.836472e-01 -2.007464e-01 -2.043604e-01 -1.921974e-01 -1.696587e-01 -1.455600e-01 -1.291343e-01 -3.058024e-01 -3.798173e-01 -1.378871e-01 -1.751890e-01 -1.800404e-01 -1.743548e-01 -1.841862e-01 -1.637654e-01 -1.831924e-01 -1.839755e-01 -1.854098e-01 -3.155692e-01 -1.738095e-01 -2.242710e-01 -1.509564e-01 -1.508860e-01 -1.519029e-01 -1.517467e-01 -1.530021e-01 -1.521642e-01 -1.497441e-01 -1.574245e-01 -1.648905e-01
-9.999000e+03 -9.999000e+03 -9.999000e+03 -9.999000e+03 -9.999000e+03 -9.999000e+03 -9.999000e+03 -9.999000e+03 -9.999000e+03 -9.999000e+03 -9.999000e+03 -9.999000e+03 -9.999000e+03 -9.999000e+03 -9.999000e+03 -9.999000e+03 -1.787305e-01 -1.987691e-01 -1.298284e-01 -1.780794e-01 -1.870766e-01 -1.860982e-01 -1.758394e-01 -1.611051e-01 -1.486679e-01 -1.420805e-01 -1.423988e-01 -1.474357e-01 -1.514818e-01 -3.843164e-01 -3.593993e-01 -2.858728e-01 -1.849468e-01 -1.810962e-01 -1.848672e-01 -1.601968e-01 -1.854718e-01 -2.124804e-01 -1.837604e-01 -2.756001e-01 -1.802978e-01 -3.728860e-01 -1.484337e-01 -1.490585e-01 -1.492988e-01 -1.506893e-01 -1.507391e-01 -1.497994e-01 -1.554202e-01 -1.632740e-01
-9.999000e+03 -9.999000e+03 -9.999000e+03 -9.999000e+03 -9.999000e+03 -9.999000e+03 -9.999000e+03 -9.999000e+03 -9.999000e+03 -9.999000e+03 -9.999000e+03 -9.999000e+03 -9.999000e+03 -9.999000e+03 -9.999000e+03 -9.999000e+03 -1.938831e-01 -5.033780e-02 -1.653702e-01 -1.685071e-01 -1.684530e-01 -2.511856e-01 -2.181233e-01 -1.589819e-01 -8.276897e-02 1.352309e-03 8.005086e-02 1.299921e-01 1.107217e-01 4.363582e-02 -7.795333e-03 -2.196744e-02 -1.671182e-01 -8.931651e-02 -1.834011e-02 9.908749e-03 2.151980e-02 5.490071e-02 1.767782e-03 -1.712984e-02 -1.124155e-01 -8.982119e-02 -3.059151e-01 -1.758664e-01 -1.757019e-01 -1.504409e-01 -1.508597e-01 -1.505629e-01 -1.543282e-01 -1.616491e-01
-9.999000e+03 -9.999000e+03 -9.999000e+03 -9.999000e+03 -9.999000e+03 -9.999000e+03 -9.999000e+03 -9.999000e+03 -9.999000e+03 -9.999000e+03 -9.999000e+03 -9.999000e+03 -9.999000e+03 -9.999000e+03 -9.999000e+03 -1.938787e-01 -3.232732e-02 -1.541756e-01 -2.202521e-01 -3.006700e-01 -2.551270e-01 -1.782072e-01 -1.967990e-01 -2.130174e-01 -2.063403e-01 -2.340560e-01 -2.387026e-01 -2.413043e-01 -2.281192e-01 -1.991451e-01 -1.609140e-01 -1.085691e-01 -3.893736e-02 3.612368e-02 7.431388e-02 5.691034e-02 -2.533477e-01 -2.428894e-01 -2.640379e-01 -2.628395e-01 -2.543982e-01 -2.169138e-01 -1.940274e-01 -2.822110e-01 -4.003290e-01 -1.752054e-01 -1.992738e-01 -1.522083e-01 -1.540912e-01 -1.603235e-01
-9.999000e+03 -9.999000e+03 -9.999000e+03 -9.999000e+03 -9.999000e+03 -9.999000e+03 -9.999000e+03 -9.999000e+03 -9.999000e+03 -9.999000e+03 -9.999000e+03 -9.999000e+03 -9.999000e+03 -9.999000e+03 -1.942372e-01 -1.961380e-01 -1.293518e-01 -1.981269e-01 -1.519683e-01 -1.509381e-02 -1.854968e-01 -1.828240e-01 -1.790873e-01 -1.726656e-01 -1.913553e-01 -1.781516e-01 -1.723095e-01 -1.492007e-01 -1.493350e-01 -1.750138e-01 -1.728085e-01 -2.622567e-01 -2.897725e-01 -3.156737e-01 -3.244021e-01 -3.631383e-01 -1.725327e-01 -1.764134e-01 -1.826684e-01 -1.844506e-01 -1.847835e-01 -1.851056e-01 -2.015538e-01 -2.218092e-01 -2.494819e-01 -2.931159e-01 -4.380762e-01 -3.336215e-01 -1.814726e-01 -2.089777e-01
-9.999000e+03 -9.999000e+03 -9.999000e+03 -9.999000e+03 -9.999000e+03 -9.999000e+03 -9.999000e+03 -9.999000e+03 -9.999000e+03 -9.999000e+03 -9.999000e+03 -9.999000e+03 -9.999000e+03 -9.999000e+03 -1.939654e-01 -1.095769e-01 -1.425476e-01 -1.485554e-01 -2.095338e-04 -1.641767e-01 -1.618811e-01 -1.568687e-01 -1.792913e-01 -1.515707e-01 -1.545606e-01 -1.443144e-01 -1.496976e-01 -1.492174e-01 -1.624858e-01 -1.751928e-01 -1.915750e-01 -1.651207e-01 -1.604570e-01 -1.560268e-01 -1.969146e-01 -1.681460e-01 -1.632538e-01 -1.608562e-01 -1.645938e-01 -1.647479e-01 -1.644254e-01 -1.808803e-01 -1.813725e-01 -1.810543e-01 -1.815712e-01 -1.963712e-01 -2.092525e-01 -2.289253e-01 -3.014920e-01 -5.924442e-01
-9.999000e+03 -9.999000e+03 -9.999000e+03 -9.999000e+03 -9.999000e+03 -9.999000e+03 -9.999000e+03 -9.999000e+03 -9.999000e+03 -9.999000e+03 -9.999000e+03 -9.999000e+03 -9.999000e+03 -1.968049e-01 1.211657e-01 -1.480608e-01 -1.433895e-01 -9.560677e-03 -1.643963e-01 -1.637997e-01 -1.595843e-01 -1.563435e-01 -1.539712e-01 -1.581386e-01 -1.406201e-01 -1.505469e-01 -1.499535e-01 -1.491951e-01 -1.492283e-01 -1.594479e-01 -1.645903e-01 -1.610272e-01 -1.551895e-01 -1.847035e-01 -1.805905e-01 -1.692652e-01 -1.614192e-01 -1.646910e-01 -1.633918e-01 -1.631467e-01 -1.602891e-01 -1.629937e-01 -1.630010e-01 -1.764408e-01 -1.763951e-01 -1.736078e-01 -1.738895e-01 -1.736222e-01 -1.732821e-01 -1.829674e-01
-9.999000e+03 -9.999000e+03 -9.999000e+03 -9.999000e+03 -9.999000e+03 -9.999000e+03 -9.999000e+03 -9.999000e+03 -9.999000e+03 -9.999000e+03 -9.999000e+03 -9.999000e+03 -1.943313e-01 -2.015044e-01 -1.524444e-01 -1.375550e-01 -3.715301e-02 -1.630233e-01 -1.640237e-01 -1.607744e-01 -1.572603e-01 -1.550960e-01 -1.620918e-01 -1.358490e-01 -1.520633e-01 -1.511429e-01 -1.499798e-01 -1.488080e-01 -1.610022e-01 -1.637375e-01 -1.617765e-01 -1.553205e-01 -1.815494e-01 -1.641985e-01 -1.808324e-01 -1.620014e-01 -1.635909e-01 -1.629768e-01 -1.632553e-01 -1.615400e-01 -1.637640e-01 -1.638738e-01 -1.637533e-01 -1.635645e-01 -1.664811e-01 -1.747014e-01 -1.747641e-01 -1.747865e-01 -1.739524e-01 -1.729340e-01
-9.999000e+03 -9.999000e+03 -9.999000e+03 -9.999000e+03 -9.999000e+03 -9.999000e+03 -9.999000e+03 -9.999000e+03 -9.999000e+03 -9.999000e+03 -9.999000e+03 -9.999000e+03 -1.976346e-01 -1.490678e-01 -1.344179e-01 -7.213495e-02 -1.624082e-01 -1.628104e-01 -1.614092e-01 -1.571131e-01 -1.539937e-01 -1.640397e-01 -1.285567e-01 -1.532746e-01 -1.524143e-01 -1.511173e-01 -1.497673e-01 -1.630321e-01 -1.628725e-01 -1.632887e-01 -1.571784e-01 -1.837766e-01 -1.810599e-01 -1.695731e-01 -1.625382e-01 -1.626861e-01 -1.642942e-01 -1.646582e-01 -1.632855e-01 -1.657417e-01 -1.663206e-01 -1.666956e-01 -1.664655e-01 -1.715892e-01 -1.717659e-01 -1.720816e-01 -1.723436e-01 -1.795669e-01 -1.793076e-01 -1.863387e-01
-9.999000e+03 -9.999000e+03 -9.999000e+03 -9.999000e+03 -9.999000e+03 -9.999000e+03 -9.999000e+03 -9.999000e+03 -9.999000e+03 -9.999000e+03 -9.999000e+03 -1.950570e-01 -3.293920e-02 -1.390119e-01 -1.037353e-01 -1.663701e-01 -1.628510e-01 -1.619124e-01 -1.570253e-01 -1.520209e-01 -1.639549e-01 -1.222775e-01 -1.524977e-01 -1.523765e-01 -1.515250e-01 -1.505166e-01 -1.643102e-01 -1.632805e-01 -1.641515e-01 -1.606721e-01 -1.637572e-01 -1.719661e-01 -1.799813e-01 -1.628837e-01 -1.640048e-01 -1.683347e-01 -1.685861e-01 -1.643240e-01 -1.691409e-01 -1.695684e-01 -1.703827e-01 -1.712647e-01 -1.828465e-01 -1.827502e-01 -1.828629e-01 -1.831648e-01 -1.834005e-01 -1.835864e-01 -1.652162e-01 -1.779922e-01
-9.999000e+03 -9.999000e+03 -9.999000e+03 -9.999000e+03 -9.999000e+03 -9.999000e+03 -9.999000e+03 -9.999000e+03 -9.999000e+03 -9.999000e+03 -1.954154e-01 -1.998214e-01 -1.474403e-01 -1.296960e-01 -1.748471e-01 -1.660526e-01 -1.624201e-01 -1.577545e-01 -1.502393e-01 -1.627811e-01 -1.226539e-01 -1.504982e-01 -1.510748e-01 -1.508698e-01 -1.508040e-01 -1.629528e-01 -1.671613e-01 -1.628287e-01 -1.635785e-01 -1.629473e-01 -1.630646e-01 -1.629944e-01 -1.629052e-01 -1.686123e-01 -1.795592e-01 -1.788474e-01 -1.626919e-01 -1.784302e-01 -1.785198e-01 -1.787711e-01 -1.799461e-01 -1.817409e-01 -1.708456e-01 -1.650820e-01 -1.626078e-01 -1.631029e-01 -1.651669e-01 -1.660480e-01 -1.829054e-01 -1.823887e-01
-9.999000e+03 -9.999000e+03 -9.999000e+03 -9.999000e+03 -9.999000e+03 -9.999000e+03 -9.999000e+03 -9.999000e+03 -9.999000e+03 -9.999000e+03 -1.960904e-01 -1.488741e-01 -1.534392e-01 -1.635443e-01 -1.732801e-01 -1.622779e-01 -1.600969e-01 -1.501672e-01 -1.629906e-01 -1.311771e-01 -1.475672e-01 -1.486308e-01 -1.489625e-01 -1.505359e-01 -1.623684e-01 -1.778460e-01 -1.626543e-01 -1.646042e-01 -1.624449e-01 -1.622134e-01 -1.625302e-01 -1.626877e-01 -1.772176e-01 -1.788268e-01 -1.678878e-01 -1.622385e-01 -1.775873e-01 -1.661311e-01 -1.623525e-01 -1.629825e-01 -1.797147e-01 -1.815910e-01 -1.706220e-01 -1.647640e-01 -1.624153e-01 -1.632584e-01 -1.654759e-01 -1.658993e-01 -1.652160e-01 -1.638469e-01
-9.999000e+03 -9.999000e+03 -9.999000e+03 -9.999000e+03 -9.999000e+03 -9.999000e+03 -9.999000e+03 -9.999000e+03 -9.999000e+03 -1.960099e-01 3.331995e-02 -1.695865e-01 -1.621444e-01 -1.727543e-01 -1.631081e-01 -1.628044e-01 -1.533091e-01 -1.657345e-01 -1.447166e-01 -1.452344e-01 -1.456861e-01 -1.455248e-01 -1.496021e-01 -1.664128e-01 -1.775108e-01 -1.664676e-01 -1.631192e-01 -1.663138e-01 -1.657576e-01 -1.649092e-01 -1.651471e-01 -1.760897e-01 -1.665995e-01 -1.635307e-01 -1.626731e-01 -1.643025e-01 -1.651998e-01 -1.640914e-01 -1.784182e-01 -1.795814e-01 -1.632898e-01 -1.706306e-01 -1.652100e-01 -1.622968e-01 -1.632886e-01 -1.659063e-01 -1.661123e-01 -1.642421e-01 -1.617278e-01 -1.591836e-01
-9.999000e+03 -9.999000e+03 -9.999000e+03 -9.999000e+03 -9.999000e+03 -9.999000e+03 -9.999000e+03 -9.999000e+03 -9.999000e+03 -1.951579e-01 -1.494273e-01 -1.626673e-01 -1.627129e-01 -1.723774e-01 -1.621151e-01 -1.579273e-01 -1.739003e-01 -1.595543e-01 -1.453117e-01 -1.441435e-01 -1.413163e-01 -1.488560e-01 -1.771800e-01 -1.776296e-01 -1.665130e-01 -1.620473e-01 -1.769250e-01 -1.767177e-01 -1.760069e-01 -1.746525e-01 -1.747350e-01 -1.662441e-01 -1.632362e-01 -1.627848e-01 -1.636129e-01 -1.639672e-01 -1.634426e-01 -1.788666e-01 -1.595728e-01 -1.694859e-01 -1.700746e-01 -1.624782e-01 -1.619872e-01 -1.619306e-01 -1.613818e-01 -1.599280e-01 -1.576893e-01 -1.550410e-01 -1.526609e-01 -1.508953e-01
-9.999000e+03 -9.999000e+03 -9.999000e+03 -9.999000e+03 -9.999000e+03 -9.999000e+03 -9.999000e+03 -9.999000e+03 -1.984878e-01 -2.815022e-02 -1.290418e-01 -1.637045e-01 -1.720562e-01 -1.629330e-01 -1.615273e-01 -1.586515e-01 -1.696915e-01 -1.490886e-01 -1.459383e-01 -1.372769e-01 -1.492341e-01 -1.661020e-01 -1.624879e-01 -1.629645e-01 -1.644512e-01 -2.077956e-01 -2.196387e-01 -2.176162e-01 -2.012868e-01 -1.671047e-01 -1.054137e-01 -3.589584e-02 2.166457e-02 5.133740e-02 3.837456e-02 -7.030260e-03 -4.287532e-02 -7.898296e-02 -8.903599e-02 -1.480510e-01 -1.743976e-01 -1.753508e-01 -1.843087e-01 -1.880403e-01 -1.797132e-01 -1.620292e-01 -1.380999e-01 -1.070934e-01 -7.307561e-02 -1.803950e-01
-9.999000e+03 -9.999000e+03 -9.999000e+03 -9.999000e+03 -9.999000e+03 -9.999000e+03 -9.999000e+03 -1.954911e-01 -1.993279e-01 -1.416181e-01 -1.639933e-01 -1.619226e-01 -1.724279e-01 -1.636417e-01 -1.623254e-01 -1.561629e-01 -1.533928e-01 -1.503341e-01 -1.339153e-01 -1.520668e-01 -1.765373e-01 -1.768947e-01 -1.663957e-01 -1.831875e-01 -1.916242e-01 -1.648548e-01 -1.620349e-01 -1.631197e-01 -1.653113e-01 -1.650028e-01 -1.607741e-01 -1.547698e-01 -1.506177e-01 -1.489517e-01 -1.494478e-01 -1.510382e-01 -1.525674e-01 -1.534471e-01 -1.525662e-01 -1.504370e-01 -1.490079e-01 -1.485767e-01 -1.486175e-01 -1.488391e-01 -1.486314e-01 -1.479257e-01 -1.476828e-01 -1.479729e-01 -1.348908e-01 -1.502989e-01
