tests/data/reference/test_implicit_stream_rill_mfda/control/massbalance.asc
ncols	123
nrows	77
xllcorner	-713746.79929998
yllcorner	-1061022.36961616
cellsize	10.0
NODATA_value	-9999
[rows 22 to 43 of 77, columns 50 to 99 of 123]
-1.673390e-01 -1.811158e-01 -1.552265e-01 -1.536244e-01 -1.516154e-01 -1.502918e-01 -1.484876e-01 -1.488327e-01 -1.499727e-01 -1.496531e-01 -1.505931e-01 -1.522178e-01 -1.525356e-01 -1.525552e-01 -1.523447e-01 -1.520214e-01 -1.459919e-01 -1.486617e-01 -1.067388e-01 -1.450915e-01 -1.499185e-01 -1.505362e-01 -1.544021e-01 -1.579399e-01 -1.643754e-01 -1.575471e-01 -1.759949e-01 -1.356260e-01 -1.448693e-01 -1.176869e-01 -1.568709e-01 -1.576687e-01 -1.644920e-01 -1.766762e-01 -9.999000e+03 -9.999000e+03 -9.999000e+03 -9.999000e+03 -9.999000e+03 -9.999000e+03 -9.999000e+03 -9.999000e+03 -9.999000e+03 -9.999000e+03 -9.999000e+03 -9.999000e+03 -9.999000e+03 -9.999000e+03 -9.999000e+03 -9.999000e+03
-1.593086e-01 -1.813100e-01 -1.679052e-01 -1.537649e-01 -1.522613e-01 -1.498600e-01 -1.488392e-01 -1.477981e-01 -1.479100e-01 -1.487877e-01 -1.487367e-01 -1.498770e-01 -1.508346e-01 -1.506896e-01 -1.505990e-01 -1.502575e-01 -1.493226e-01 -1.441642e-01 -1.049536e-01 -1.427043e-01 -1.487697e-01 -1.500804e-01 -1.533673e-01 -1.554334e-01 -1.585867e-01 -1.554041e-01 -1.776496e-01 -1.638577e-01 -1.461483e-01 -1.428370e-01 -1.055308e-01 -1.490415e-01 -1.560084e-01 -1.642923e-01 -1.765394e-01 -1.744972e-01 -9.999000e+03 -9.999000e+03 -9.999000e+03 -9.999000e+03 -9.999000e+03 -9.999000e+03 -9.999000e+03 -9.999000e+03 -9.999000e+03 -9.999000e+03 -9.999000e+03 -9.999000e+03 -9.999000e+03 -9.999000e+03
-1.813868e-01 -1.555118e-01 -1.683239e-01 -1.605737e-01 -1.519798e-01 -1.504566e-01 -1.486122e-01 -1.479376e-01 -1.470741e-01 -1.467883e-01 -1.477573e-01 -1.480337e-01 -1.488977e-01 -1.497567e-01 -1.495005e-01 -1.487789e-01 -1.478558e-01 -1.470981e-01 -1.089767e-01 -1.417064e-01 -1.485883e-01 -1.497185e-01 -1.522837e-01 -1.537046e-01 -1.553253e-01 -1.538653e-01 -1.654284e-01 -1.576921e-01 -1.767018e-01 -1.552565e-01 -1.381300e-01 -1.281778e-01 -1.292858e-01 -1.565595e-01 -1.638828e-01 -1.630192e-01 -1.738183e-01 -9.999000e+03 -9.999000e+03 -9.999000e+03 -9.999000e+03 -9.999000e+03 -9.999000e+03 -9.999000e+03 -9.999000e+03 -9.999000e+03 -9.999000e+03 -9.999000e+03 -9.999000e+03 -9.999000e+03
-1.681673e-01 -1.821843e-01 -1.538076e-01 -1.605683e-01 -1.555224e-01 -1.504077e-01 -1.490426e-01 -1.473153e-01 -1.465649e-01 -1.461806e-01 -1.465698e-01 -1.475443e-01 -1.476200e-01 -1.480993e-01 -1.482759e-01 -1.473238e-01 -1.468019e-01 -1.468456e-01 -1.202011e-01 -1.429146e-01 -1.490044e-01 -1.494646e-01 -1.511793e-01 -1.522368e-01 -1.532692e-01 -1.523228e-01 -1.587010e-01 -1.551280e-01 -1.653237e-01 -1.569929e-01 -1.772124e-01 -1.400050e-01 -1.134600e-01 -1.504425e-01 -1.563007e-01 -1.582452e-01 -1.648444e-01 -1.758921e-01 -1.742660e-01 -1.741118e-01 -9.999000e+03 -9.999000e+03 -9.999000e+03 -9.999000e+03 -9.999000e+03 -9.999000e+03 -9.999000e+03 -9.999000e+03 -9.999000e+03 -9.999000e+03
-1.607223e-01 -1.825103e-01 -1.686127e-01 -1.521233e-01 -1.552988e-01 -1.521594e-01 -1.484464e-01 -1.473357e-01 -1.463220e-01 -1.465438e-01 -1.467502e-01 -1.469821e-01 -1.472094e-01 -1.467012e-01 -1.464156e-01 -1.465699e-01 -1.464978e-01 -1.467063e-01 -8.001980e-02 -1.432029e-01 -1.483171e-01 -1.485624e-01 -1.496118e-01 -1.503883e-01 -1.512511e-01 -1.505947e-01 -1.547036e-01 -1.534495e-01 -1.592880e-01 -1.512537e-01 -1.655324e-01 -1.429990e-01 -1.356208e-01 -1.495483e-01 -1.523292e-01 -1.541256e-01 -1.583554e-01 -1.641409e-01 -1.627338e-01 -1.747597e-01 -1.613447e-01 -1.739206e-01 -9.999000e+03 -9.999000e+03 -9.999000e+03 -9.999000e+03 -9.999000e+03 -9.999000e+03 -9.999000e+03 -9.999000e+03
-1.561574e-01 -1.688358e-01 -1.607523e-01 -1.823116e-01 -1.499984e-01 -1.513944e-01 -1.496243e-01 -1.471553e-01 -1.470326e-01 -1.470878e-01 -1.471400e-01 -1.468070e-01 -1.464565e-01 -1.461923e-01 -1.458437e-01 -1.461191e-01 -1.465478e-01 -1.463101e-01 -8.097029e-02 -1.418191e-01 -1.470039e-01 -1.472400e-01 -1.476900e-01 -1.481881e-01 -1.490059e-01 -1.487031e-01 -1.521237e-01 -1.518284e-01 -1.555156e-01 -1.419875e-01 -1.592953e-01 -1.453436e-01 -1.480967e-01 -1.511996e-01 -1.505818e-01 -1.499961e-01 -1.523615e-01 -1.562147e-01 -1.761795e-01 -1.752578e-01 -1.612841e-01 -1.542407e-01 -1.604944e-01 -1.869672e-01 -9.999000e+03 -9.999000e+03 -9.999000e+03 -9.999000e+03 -9.999000e+03 -9.999000e+03
-1.535458e-01 -1.607965e-01 -1.555429e-01 -1.680736e-01 -1.486679e-01 -1.500283e-01 -1.807477e-01 -1.491261e-01 -1.473079e-01 -1.474672e-01 -1.471906e-01 -1.468611e-01 -1.463613e-01 -1.458932e-01 -1.457766e-01 -1.455982e-01 -1.454610e-01 -1.451972e-01 -8.591362e-02 -1.403859e-01 -1.470673e-01 -1.473527e-01 -1.475749e-01 -1.478555e-01 -1.484009e-01 -1.480524e-01 -1.507880e-01 -1.505780e-01 -1.532769e-01 -1.269418e-01 -1.554844e-01 -1.436781e-01 -1.467601e-01 -1.508339e-01 -1.499861e-01 -1.486735e-01 -1.495987e-01 -1.519035e-01 -1.626909e-01 -1.622731e-01 -1.751926e-01 -1.548367e-01 -9.999000e+03 -1.765103e-01 -1.856242e-01 -1.844040e-01 -9.999000e+03 -9.999000e+03 -9.999000e+03 -9.999000e+03
-1.518740e-01 -1.554110e-01 -1.523110e-01 -1.594969e-01 -1.476650e-01 -1.495196e-01 -1.809065e-01 -1.670536e-01 -1.489252e-01 -1.474874e-01 -1.474738e-01 -1.469956e-01 -1.465330e-01 -1.459135e-01 -1.453763e-01 -1.448183e-01 -1.440341e-01 -1.437337e-01 -1.445278e-01 -8.453903e-02 -1.479531e-01 -1.483133e-01 -1.486309e-01 -1.486954e-01 -1.488227e-01 -1.482032e-01 -1.500231e-01 -1.495858e-01 -1.517060e-01 -8.844917e-02 -1.528780e-01 -1.382991e-01 -1.399249e-01 -1.497928e-01 -1.499862e-01 -1.491499e-01 -1.490569e-01 -1.497397e-01 -1.551849e-01 -1.555593e-01 -1.623656e-01 -9.999000e+03 -9.999000e+03 -7.557711e-02 -1.159409e-01 -1.683869e-01 -1.831265e-01 -9.999000e+03 -9.999000e+03 -9.999000e+03
-1.500205e-01 -1.517057e-01 -1.498530e-01 -1.537194e-01 -1.466152e-01 -1.487521e-01 -1.671127e-01 -1.809630e-01 -1.593367e-01 -1.489196e-01 -1.474736e-01 -1.467152e-01 -1.458549e-01 -1.450880e-01 -1.443891e-01 -1.437859e-01 -1.436007e-01 -1.441944e-01 -1.454801e-01 -1.469240e-01 -9.522779e-02 -1.487786e-01 -1.487959e-01 -1.486047e-01 -1.484502e-01 -1.480165e-01 -1.493076e-01 -1.488564e-01 -1.504394e-01 -4.827826e-02 -1.513191e-01 -1.322005e-01 -1.361368e-01 -1.494340e-01 -1.498983e-01 -1.495132e-01 -1.772418e-01 -1.765306e-01 -1.525327e-01 -1.530430e-01 -9.999000e+03 -9.999000e+03 -5.608801e-01 -1.160330e-01 -1.402320e-01 -1.587370e-01 -1.691290e-01 -1.826390e-01 -9.999000e+03 -9.999000e+03
-1.476178e-01 -1.486162e-01 -1.473547e-01 -1.501204e-01 -1.457094e-01 -1.476629e-01 -1.591335e-01 -1.673015e-01 -1.813483e-01 -1.554079e-01 -1.477308e-01 -1.456362e-01 -1.445129e-01 -1.435093e-01 -1.430408e-01 -1.431324e-01 -1.440786e-01 -1.456070e-01 -1.469247e-01 -1.480544e-01 -9.856233e-02 -1.488666e-01 -1.484114e-01 -1.479328e-01 -1.477302e-01 -1.475877e-01 -1.486397e-01 -1.482612e-01 -1.492411e-01 -2.220771e-02 -1.501972e-01 -1.297509e-01 -1.385747e-01 -1.495272e-01 -1.498515e-01 -1.791671e-01 -1.782728e-01 -1.774777e-01 -1.523578e-01 -9.999000e+03 -9.999000e+03 -4.584851e-01 -1.589005e-01 -1.319522e-01 -1.427594e-01 -1.519616e-01 -1.581693e-01 -1.705531e-01 -1.693976e-01 -9.999000e+03
-1.432104e-01 -1.448452e-01 -1.443254e-01 -1.473592e-01 -1.441634e-01 -1.456637e-01 -1.802494e-01 -1.541522e-01 -1.592132e-01 -1.671353e-01 -1.517194e-01 -1.455897e-01 -1.442937e-01 -1.438324e-01 -1.439950e-01 -1.446820e-01 -1.457147e-01 -1.467709e-01 -1.475564e-01 -1.479342e-01 -1.060211e-01 -1.477888e-01 -1.473022e-01 -1.470251e-01 -1.471069e-01 -1.472732e-01 -1.480673e-01 -1.477348e-01 -1.481478e-01 -3.868490e-02 -1.487430e-01 -1.344531e-01 -1.435467e-01 -1.486908e-01 -1.800573e-01 -1.797315e-01 -1.790493e-01 -1.783282e-01 -9.999000e+03 -9.999000e+03 -4.882591e-01 -1.614776e-01 -1.537791e-01 -1.456995e-01 -1.727771e-01 -1.713910e-01 -1.541004e-01 -1.598939e-01 -1.604262e-01 -1.703676e-01
-9.769120e-02 -1.426265e-01 -1.411842e-01 -1.428682e-01 -1.459954e-01 -1.432254e-01 -1.443860e-01 -1.655312e-01 -1.509657e-01 -1.534825e-01 -1.582448e-01 -1.500415e-01 -1.458424e-01 -1.457260e-01 -1.463846e-01 -1.469541e-01 -1.473715e-01 -1.475451e-01 -1.473736e-01 -1.469986e-01 -1.462100e-01 -7.681323e-02 -1.457932e-01 -1.460597e-01 -1.466394e-01 -1.470981e-01 -1.477067e-01 -1.472802e-01 -1.471477e-01 -1.110436e-01 -1.470074e-01 -1.422850e-01 -1.464142e-01 -1.799924e-01 -1.798145e-01 -1.797300e-01 -9.999000e+03 -9.999000e+03 -9.999000e+03 -2.168585e-01 -1.628405e-01 -1.549570e-01 -1.526090e-01 -1.762467e-01 -1.753209e-01 -1.618004e-01 -1.528539e-01 -1.533980e-01 -1.526917e-01 -1.713887e-01
-1.098054e-01 -9.058694e-02 -1.191624e-01 -1.435941e-01 -1.500877e-01 -1.510442e-01 -1.443987e-01 -1.451937e-01 -1.580721e-01 -1.502933e-01 -1.518622e-01 -1.545636e-01 -1.504126e-01 -1.472837e-01 -1.475263e-01 -1.478444e-01 -1.478242e-01 -1.475596e-01 -1.468973e-01 -1.460059e-01 -1.449999e-01 -1.187422e-01 -1.447383e-01 -1.450061e-01 -1.456749e-01 -1.462011e-01 -1.465956e-01 -1.461080e-01 -1.458261e-01 -1.531786e-01 -1.457972e-01 -1.449981e-01 -1.453131e-01 -1.798588e-01 -1.798354e-01 -9.999000e+03 -9.999000e+03 -6.166222e-01 -2.195365e-01 -1.652649e-01 -1.553609e-01 -1.528427e-01 -1.776526e-01 -1.771827e-01 -1.765702e-01 -1.569200e-01 -1.521022e-01 -1.522063e-01 -1.726075e-01 -1.727172e-01
-1.504273e-01 -1.271029e-01 -1.158990e-01 -1.381335e-01 -1.906073e-01 -1.536697e-01 -1.538672e-01 -1.543873e-01 -1.545244e-01 -1.607345e-01 -1.568540e-01 -1.580483e-01 -1.595155e-01 -1.570206e-01 -1.557681e-01 -1.561162e-01 -1.559357e-01 -1.552962e-01 -1.542136e-01 -1.529779e-01 -1.517268e-01 -1.506895e-01 -1.194425e-01 -1.504768e-01 -1.509409e-01 -1.514082e-01 -1.448606e-01 -1.443173e-01 -1.441015e-01 -1.543834e-01 -1.450219e-01 -1.450104e-01 -1.396327e-01 -1.799246e-01 -9.999000e+03 -9.999000e+03 -5.170946e-01 -1.634695e-01 -1.654478e-01 -1.577663e-01 -1.526351e-01 -1.788077e-01 -1.783162e-01 -1.777270e-01 -1.770994e-01 -1.762618e-01 -1.514670e-01 -1.525394e-01 -1.749299e-01 -1.622226e-01
-1.629292e-01 -1.616382e-01 -1.833568e-01 -1.696202e-01 -1.617005e-01 -1.573138e-01 -1.340186e-01 -1.376455e-01 -1.093768e-01 -1.542366e-01 -1.573112e-01 -1.540339e-01 -1.545183e-01 -1.554665e-01 -1.529716e-01 -1.521387e-01 -1.305562e-01 -1.509735e-01 -1.505260e-01 -1.503404e-01 -1.502999e-01 -1.504154e-01 -1.823178e-01 -2.058926e-01 -1.326803e-01 -1.517473e-01 -1.506481e-01 -1.501015e-01 -1.434080e-01 -1.521507e-01 -1.449342e-01 -1.453601e-01 -1.306865e-01 -9.999000e+03 -9.999000e+03 -1.799177e-01 -1.642969e-01 -1.544627e-01 -1.576374e-01 -1.537645e-01 -1.514292e-01 -1.791722e-01 -1.787818e-01 -1.781682e-01 -1.775539e-01 -1.768283e-01 -1.504309e-01 -1.510744e-01 -1.623598e-01 -1.563119e-01
-1.713015e-01 -1.710162e-01 -1.628217e-01 -1.595544e-01 -1.564718e-01 -1.524798e-01 -1.526154e-01 -1.549678e-01 -1.545088e-01 -6.676204e-02 -4.932372e-02 -3.246266e-02 -3.090646e-02 -3.970042e-02 -4.935317e-02 -5.963082e-02 -6.984974e-02 -6.617405e-02 -9.109719e-02 -1.464880e-01 -1.481650e-01 -1.497350e-01 -1.515771e-01 -1.696353e-01 -1.972292e-01 -1.523868e-01 -1.512616e-01 -1.506488e-01 -1.507026e-01 -1.433174e-01 -1.454471e-01 -1.460292e-01 -9.999000e+03 -9.999000e+03 -1.804083e-01 -1.801129e-01 -1.558373e-01 -1.515848e-01 -1.536683e-01 -1.516861e-01 -1.502502e-01 -1.792919e-01 -1.790333e-01 -1.784854e-01 -1.779383e-01 -1.772835e-01 -1.764892e-01 -1.757009e-01 -1.547999e-01 -1.519118e-01
-1.795140e-01 -1.852616e-01 -1.715861e-01 -1.640772e-01 -1.586283e-01 -1.000004e-01 -1.003054e-01 -1.111671e-01 -1.140577e-01 -1.082157e-01 -1.031289e-01 -9.883470e-02 -9.634652e-02 -9.583065e-02 -9.564655e-02 -9.320107e-02 -9.024098e-02 -8.707227e-02 -1.118970e-01 -1.370482e-01 -1.579359e-01 -1.487769e-01 -1.499852e-01 -1.516264e-01 -2.773046e-01 -1.507266e-01 -1.508482e-01 -1.509406e-01 -1.516621e-01 -1.274488e-01 -1.458747e-01 -9.999000e+03 -9.999000e+03 -1.803767e-01 -1.805260e-01 -1.802341e-01 -1.523367e-01 -1.509924e-01 -1.519246e-01 -1.507369e-01 -1.795757e-01 -1.795825e-01 -1.793810e-01 -1.788496e-01 -1.782857e-01 -1.776998e-01 -1.770103e-01 -1.761752e-01 -1.754271e-01 -1.499558e-01
-1.467501e-01 -1.476067e-01 -1.477496e-01 -1.064947e-01 -1.002091e-01 -1.472757e-01 -1.474750e-01 -1.483312e-01 -1.483954e-01 -1.478949e-01 -1.474878e-01 -1.469183e-01 -1.462479e-01 -1.515663e-01 -1.508418e-01 -1.497896e-01 -1.486527e-01 -1.476093e-01 -1.243949e-01 -1.137543e-01 -1.363964e-01 -1.560511e-01 -1.773475e-01 -1.923847e-01 -1.841759e-01 -4.207760e-01 -1.497345e-01 -1.508341e-01 -1.520424e-01 -8.251643e-02 -9.999000e+03 -9.999000e+03 -1.920764e-01 -1.666877e-01 -1.805923e-01 -1.802860e-01 -1.512012e-01 -1.504641e-01 -1.510091e-01 -1.501556e-01 -1.799932e-01 -1.800260e-01 -1.798550e-01 -1.793270e-01 -1.786446e-01 -1.780168e-01 -1.775632e-01 -1.770030e-01 -1.761785e-01 -1.493435e-01
-1.467197e-01 -1.464716e-01 -9.669526e-02 -1.476522e-01 -1.480385e-01 -1.482861e-01 -1.491310e-01 -1.501945e-01 -1.505333e-01 -1.506230e-01 -1.504618e-01 -1.501253e-01 -1.494985e-01 -1.497309e-01 -1.489506e-01 -1.481092e-01 -1.471392e-01 -1.510232e-01 -1.501116e-01 -1.695946e-01 -1.317474e-01 -9.521057e-02 -7.251798e-02 -6.449502e-02 -1.365036e-01 -1.406491e-01 -2.130909e-01 -1.482116e-01 -1.506067e-01 -1.825574e-01 -9.999000e+03 -5.263620e-01 -1.658164e-01 -1.588110e-01 -1.807632e-01 -1.667581e-01 -1.505880e-01 -1.495891e-01 -1.501015e-01 -1.494023e-01 -1.803180e-01 -1.803444e-01 -1.801554e-01 -1.796847e-01 -1.789849e-01 -1.782252e-01 -1.778415e-01 -1.775677e-01 -1.769256e-01 -1.761398e-01
-9.856979e-02 -9.376171e-02 -1.470180e-01 -1.474952e-01 -1.477722e-01 -1.479644e-01 -1.486584e-01 -1.497659e-01 -1.507561e-01 -1.510176e-01 -1.513442e-01 -1.513941e-01 -1.524912e-01 -1.518620e-01 -1.513580e-01 -1.509043e-01 -1.487163e-01 -1.489832e-01 -1.512893e-01 -1.464133e-01 -1.515511e-01 -1.494185e-01 -1.483022e-01 -9.999000e+03 -9.999000e+03 -9.999000e+03 -1.484338e-01 -1.237657e-01 -1.500485e-01 -9.999000e+03 -9.999000e+03 -1.653636e-01 -1.616008e-01 -1.539338e-01 -1.809865e-01 -1.595108e-01 -1.499796e-01 -1.486030e-01 -1.491221e-01 -1.803940e-01 -1.805761e-01 -1.806226e-01 -1.803537e-01 -1.798663e-01 -1.792232e-01 -1.783953e-01 -1.779381e-01 -1.778398e-01 -1.775453e-01 -1.770279e-01
-1.472612e-01 -1.470099e-01 -1.471905e-01 -1.475898e-01 -1.477666e-01 -1.477370e-01 -1.480859e-01 -1.496288e-01 -1.502627e-01 -1.507143e-01 -1.513881e-01 -1.541505e-01 -1.539872e-01 -1.535183e-01 -1.532179e-01 -1.508593e-01 -1.519152e-01 -1.406195e-01 -1.495062e-01 -1.508122e-01 -1.506707e-01 -1.490477e-01 -1.512401e-01 -1.529607e-01 -1.510956e-01 -9.999000e+03 -9.999000e+03 -9.999000e+03 -2.181983e+01 -9.999000e+03 -2.296107e-01 -1.540012e-01 -1.550371e-01 -1.552879e-01 -1.663228e-01 -1.543916e-01 -1.487729e-01 -1.478474e-01 -1.484466e-01 -1.805740e-01 -1.807393e-01 -1.808871e-01 -1.806670e-01 -1.801110e-01 -1.794298e-01 -1.785679e-01 -1.780321e-01 -1.779153e-01 -1.777742e-01 -1.639325e-01
-1.468333e-01 -1.472110e-01 -1.472288e-01 -1.473638e-01 -1.474561e-01 -1.473562e-01 -1.482558e-01 -1.487132e-01 -1.491200e-01 -1.494231e-01 -1.533255e-01 -1.542919e-01 -1.546667e-01 -1.545922e-01 -1.516869e-01 -1.536510e-01 -1.340085e-01 -1.508943e-01 -1.534259e-01 -1.544267e-01 -1.540287e-01 -1.507048e-01 -1.522487e-01 -1.576046e-01 -1.557873e-01 -1.525328e-01 -1.515070e-01 -9.999000e+03 -9.999000e+03 -9.999000e+03 -2.508883e+01 -1.636302e-01 -1.292226e-01 -1.512729e-01 -1.561541e-01 -1.501139e-01 -1.470064e-01 -1.473798e-01 -1.481041e-01 -1.808273e-01 -1.808780e-01 -1.810532e-01 -1.809613e-01 -1.804439e-01 -1.796886e-01 -1.787367e-01 -1.781158e-01 -1.778840e-01 -1.777213e-01 -1.566648e-01
