tests/data/reference/test_implicit_stream_rill_mfda/control/massbalance.asc
ncols	123
nrows	77
xllcorner	-713746.79929998
yllcorner	-1061022.36961616
cellsize	10.0
NODATA_value	-9999
[rows 44 to 65 of 77, columns 50 to 99 of 123]
-1.461438e-01 -1.462630e-01 -1.461913e-01 -1.461590e-01 -1.461817e-01 -1.461202e-01 -1.460242e-01 -1.460258e-01 -1.460489e-01 -1.460402e-01 -1.461440e-01 -1.463244e-01 -1.464075e-01 -1.463914e-01 -1.463498e-01 -1.463433e-01 -1.463457e-01 -1.463310e-01 -1.463748e-01 -1.463728e-01 -1.462502e-01 -1.461533e-01 -1.461213e-01 -1.460279e-01 -1.500868e-01 -1.496994e-01 -1.492226e-01 -1.520294e-01 -9.999000e+03 -9.999000e+03 -9.999000e+03 -9.999000e+03 -3.196744e-01 -1.490393e-01 -1.496035e-01 -1.458069e-01 -1.458606e-01 -1.459007e-01 -1.459399e-01 -1.502110e-01 -1.502375e-01 -1.502631e-01 -1.502506e-01 -1.501553e-01 -1.499869e-01 -1.497620e-01 -1.496076e-01 -1.495269e-01 -1.494677e-01 -1.459563e-01
-1.458507e-01 -1.460729e-01 -1.460968e-01 -1.461206e-01 -1.462528e-01 -1.462688e-01 -1.461263e-01 -1.460604e-01 -1.460817e-01 -1.460435e-01 -1.460244e-01 -1.461180e-01 -1.462552e-01 -1.463072e-01 -1.462661e-01 -1.462663e-01 -1.463076e-01 -1.463324e-01 -1.464325e-01 -1.464672e-01 -1.463090e-01 -1.461946e-01 -1.462255e-01 -1.462063e-01 -1.459209e-01 -1.498419e-01 -1.498481e-01 -9.999000e+03 -9.999000e+03 -5.964096e-01 -1.461397e-01 -9.999000e+03 -9.999000e+03 -9.999000e+03 -1.496138e-01 -1.501511e-01 -1.459780e-01 -1.458709e-01 -1.458738e-01 -1.502313e-01 -1.503058e-01 -1.503187e-01 -1.503026e-01 -1.502388e-01 -1.501143e-01 -1.499258e-01 -1.497734e-01 -1.496639e-01 -1.495666e-01 -1.459841e-01
-1.456319e-01 -1.458273e-01 -1.459042e-01 -1.459680e-01 -1.462177e-01 -1.463636e-01 -1.462154e-01 -1.461001e-01 -1.461334e-01 -1.461257e-01 -1.460359e-01 -1.459948e-01 -1.460955e-01 -1.461870e-01 -1.461372e-01 -1.461263e-01 -1.461987e-01 -1.462562e-01 -1.464211e-01 -1.465383e-01 -1.463803e-01 -1.462407e-01 -1.463027e-01 -1.463430e-01 -1.461113e-01 -1.457626e-01 -1.456778e-01 -9.999000e+03 -1.679441e-01 -1.542546e-01 -1.495438e-01 -1.495315e-01 -1.492833e-01 -9.999000e+03 -9.999000e+03 -9.999000e+03 -1.497000e-01 -1.457186e-01 -1.457747e-01 -1.501775e-01 -1.503149e-01 -1.503388e-01 -1.503187e-01 -1.502617e-01 -1.501742e-01 -1.500403e-01 -1.499220e-01 -1.498200e-01 -1.497152e-01 -1.460665e-01
-1.456110e-01 -1.456879e-01 -1.457249e-01 -1.457327e-01 -1.459890e-01 -1.462427e-01 -1.462263e-01 -1.461168e-01 -1.461625e-01 -1.462239e-01 -1.461168e-01 -1.460397e-01 -1.460644e-01 -1.461217e-01 -1.460440e-01 -1.460731e-01 -1.461146e-01 -1.460494e-01 -1.463052e-01 -1.464977e-01 -1.464322e-01 -1.463449e-01 -1.464474e-01 -1.465516e-01 -1.464488e-01 -1.460405e-01 -1.504648e-01 -9.999000e+03 -1.998712e-01 -1.534184e-01 -1.496276e-01 -1.496856e-01 -1.494874e-01 -1.493105e-01 -2.797249e-01 -9.999000e+03 -9.999000e+03 -1.455029e-01 -1.456487e-01 -1.500299e-01 -1.502541e-01 -1.503238e-01 -1.503039e-01 -1.502305e-01 -1.501694e-01 -1.500985e-01 -1.500412e-01 -1.499816e-01 -1.498974e-01 -1.461308e-01
-1.456597e-01 -1.456366e-01 -1.456390e-01 -1.455939e-01 -1.457785e-01 -1.490838e-01 -1.491772e-01 -1.491621e-01 -1.491824e-01 -1.460955e-01 -1.462169e-01 -1.461034e-01 -1.460771e-01 -1.461832e-01 -1.495579e-01 -1.494998e-01 -1.459195e-01 -1.494380e-01 -1.495421e-01 -1.497817e-01 -1.499185e-01 -1.499531e-01 -1.500732e-01 -1.502809e-01 -1.464504e-01 -1.464901e-01 -1.459278e-01 -9.999000e+03 -4.301938e-01 -1.438613e-01 -1.494147e-01 -1.497923e-01 -1.495697e-01 -1.493284e-01 -1.489111e-01 -1.526057e-01 -9.999000e+03 -1.494692e-01 -1.456922e-01 -1.498570e-01 -1.501459e-01 -1.502855e-01 -1.502927e-01 -1.502099e-01 -1.501647e-01 -1.501388e-01 -1.501327e-01 -1.501132e-01 -1.500467e-01 -1.461047e-01
-1.457209e-01 -1.456409e-01 -1.456378e-01 -1.455792e-01 -1.489479e-01 -1.460892e-01 -1.459843e-01 -1.459193e-01 -1.459237e-01 -1.491001e-01 -1.459971e-01 -1.461006e-01 -1.493598e-01 -1.494816e-01 -1.460572e-01 -1.458760e-01 -1.494408e-01 -1.460143e-01 -1.460108e-01 -1.461038e-01 -1.460198e-01 -1.459319e-01 -1.459932e-01 -1.460645e-01 -1.502134e-01 -1.505249e-01 -1.418569e-01 -9.999000e+03 -1.337797e+00 -1.422178e-01 -1.500852e-01 -1.497941e-01 -1.495876e-01 -1.493594e-01 -1.490356e-01 -1.491156e-01 -9.999000e+03 -9.999000e+03 -1.457863e-01 -1.496865e-01 -1.499986e-01 -1.502044e-01 -1.502654e-01 -1.502080e-01 -1.501769e-01 -1.501734e-01 -1.502053e-01 -1.502214e-01 -1.501662e-01 -1.460729e-01
-1.458004e-01 -1.456895e-01 -1.456805e-01 -1.456352e-01 -1.458045e-01 -1.458958e-01 -1.459268e-01 -1.459305e-01 -1.459168e-01 -1.426197e-01 -1.459581e-01 -1.492353e-01 -1.461134e-01 -1.460197e-01 -1.459658e-01 -1.459022e-01 -1.459323e-01 -1.459650e-01 -1.460244e-01 -1.460856e-01 -1.460048e-01 -1.459243e-01 -1.459265e-01 -1.459327e-01 -1.460956e-01 -1.462534e-01 -1.463975e-01 -9.999000e+03 -5.934202e-01 -1.505443e-01 -1.504625e-01 -1.497225e-01 -1.495744e-01 -1.494304e-01 -1.491153e-01 -1.442655e-01 -1.493577e-01 -9.999000e+03 -1.497077e-01 -1.495736e-01 -1.498787e-01 -1.501112e-01 -1.502100e-01 -1.501930e-01 -1.501853e-01 -1.501875e-01 -1.460846e-01 -1.461251e-01 -1.502683e-01 -1.460501e-01
-1.458887e-01 -1.457941e-01 -1.457851e-01 -1.457623e-01 -1.421758e-01 -1.422868e-01 -1.425033e-01 -1.426586e-01 -1.425820e-01 -1.458039e-01 -1.459047e-01 -1.461013e-01 -1.460091e-01 -1.459285e-01 -1.459403e-01 -1.459402e-01 -1.459682e-01 -1.459992e-01 -1.425692e-01 -1.460210e-01 -1.460266e-01 -1.459487e-01 -1.458523e-01 -1.457479e-01 -1.459640e-01 -1.461969e-01 -1.463635e-01 -9.999000e+03 -1.504721e-01 -1.462469e-01 -1.460600e-01 -1.504476e-01 -1.495920e-01 -1.494207e-01 -1.491498e-01 -1.488507e-01 -1.489487e-01 -9.999000e+03 -9.999000e+03 -1.534705e-01 -1.498113e-01 -1.500376e-01 -1.501494e-01 -1.501656e-01 -1.501891e-01 -1.501913e-01 -1.459092e-01 -1.459344e-01 -1.503446e-01 -1.460418e-01
-1.460609e-01 -1.458873e-01 -1.458867e-01 -1.458744e-01 -1.494218e-01 -1.456156e-01 -1.458141e-01 -1.459722e-01 -1.459182e-01 -1.458440e-01 -1.459241e-01 -1.461327e-01 -1.459750e-01 -1.458170e-01 -1.458791e-01 -1.459418e-01 -1.459718e-01 -1.459997e-01 -1.496082e-01 -1.462793e-01 -1.460998e-01 -1.460202e-01 -1.457973e-01 -1.455494e-01 -1.458519e-01 -1.461767e-01 -1.500511e-01 -9.999000e+03 -8.050552e-01 -1.415967e-01 -1.459940e-01 -1.460807e-01 -1.504121e-01 -1.493608e-01 -1.491853e-01 -1.490502e-01 -1.491700e-01 -2.691233e-01 -9.999000e+03 -1.497801e-01 -1.498115e-01 -1.499720e-01 -1.500545e-01 -1.500741e-01 -1.501321e-01 -1.460464e-01 -1.459306e-01 -1.459332e-01 -1.461090e-01 -1.460122e-01
-1.458298e-01 -1.459171e-01 -1.459115e-01 -1.459223e-01 -1.457993e-01 -1.454437e-01 -1.457643e-01 -1.459576e-01 -1.459309e-01 -1.458839e-01 -1.459816e-01 -1.427055e-01 -1.458742e-01 -1.457627e-01 -1.458068e-01 -1.458699e-01 -1.459380e-01 -1.459954e-01 -1.461103e-01 -1.462119e-01 -1.461475e-01 -1.460869e-01 -1.457861e-01 -1.454588e-01 -1.422705e-01 -1.426903e-01 -1.460963e-01 -9.999000e+03 -2.127803e+00 -1.409282e-01 -1.459941e-01 -1.461319e-01 -1.459183e-01 -1.501307e-01 -1.492777e-01 -1.492989e-01 -1.493462e-01 -1.459448e-01 -9.999000e+03 -9.999000e+03 -1.539856e-01 -1.499378e-01 -1.499332e-01 -1.499145e-01 -1.459217e-01 -1.458755e-01 -1.459466e-01 -1.459589e-01 -1.459486e-01 -1.459736e-01
-1.459035e-01 -1.459023e-01 -1.458856e-01 -1.459271e-01 -1.419655e-01 -1.455326e-01 -1.457094e-01 -1.459037e-01 -1.459039e-01 -1.458777e-01 -1.459730e-01 -1.461265e-01 -1.460063e-01 -1.458163e-01 -1.457776e-01 -1.457631e-01 -1.458934e-01 -1.460149e-01 -1.460952e-01 -1.461706e-01 -1.461343e-01 -1.460989e-01 -1.457871e-01 -1.454288e-01 -1.494527e-01 -1.498475e-01 -1.463567e-01 -9.999000e+03 -9.799468e-01 -1.409998e-01 -1.459945e-01 -1.461809e-01 -1.458273e-01 -1.457101e-01 -1.501238e-01 -1.495281e-01 -1.439161e-01 -1.452807e-01 -2.046885e-01 -9.999000e+03 -1.541979e-01 -1.541271e-01 -1.499717e-01 -1.499435e-01 -1.459586e-01 -1.459729e-01 -1.459918e-01 -1.459812e-01 -1.459462e-01 -1.459345e-01
-1.458981e-01 -1.459077e-01 -1.458366e-01 -1.458770e-01 -1.457778e-01 -1.455712e-01 -1.456732e-01 -1.458412e-01 -1.458721e-01 -1.458577e-01 -1.458875e-01 -1.496369e-01 -1.423468e-01 -1.420229e-01 -1.456901e-01 -1.417497e-01 -1.421373e-01 -1.459291e-01 -1.460582e-01 -1.460994e-01 -1.460920e-01 -1.460787e-01 -1.458032e-01 -1.454679e-01 -1.459154e-01 -1.464185e-01 -9.999000e+03 -9.999000e+03 -1.718392e-01 -1.462441e-01 -1.460676e-01 -1.460271e-01 -1.458847e-01 -1.457499e-01 -1.458398e-01 -1.503937e-01 -1.491752e-01 -1.489354e-01 -1.453319e-01 -9.999000e+03 -1.544201e-01 -1.543215e-01 -1.501522e-01 -1.462808e-01 -1.461471e-01 -1.460991e-01 -1.460509e-01 -1.460026e-01 -1.459485e-01 -1.459038e-01
-1.459067e-01 -1.459368e-01 -1.457793e-01 -1.457767e-01 -1.458159e-01 -1.456572e-01 -1.456395e-01 -1.457608e-01 -1.458462e-01 -1.458845e-01 -1.458540e-01 -1.422864e-01 -1.459963e-01 -1.460183e-01 -1.419415e-01 -1.456237e-01 -1.457362e-01 -1.423406e-01 -1.459380e-01 -1.460399e-01 -1.460519e-01 -1.460553e-01 -1.458641e-01 -1.456395e-01 -1.459680e-01 -1.463104e-01 -9.999000e+03 -2.282265e-01 -1.500247e-01 -1.461673e-01 -1.459674e-01 -1.459090e-01 -1.459083e-01 -1.459188e-01 -1.459278e-01 -1.459355e-01 -1.500329e-01 -1.435307e-01 -1.447177e-01 -9.999000e+03 -9.999000e+03 -1.547241e-01 -1.506344e-01 -1.461994e-01 -1.461385e-01 -1.460702e-01 -1.460106e-01 -1.459806e-01 -1.459625e-01 -1.459233e-01
-1.460661e-01 -1.461347e-01 -1.458405e-01 -1.457188e-01 -1.459434e-01 -1.459128e-01 -1.457806e-01 -1.457951e-01 -1.458882e-01 -1.459713e-01 -1.459279e-01 -1.458809e-01 -1.459545e-01 -1.460367e-01 -1.459235e-01 -1.457349e-01 -1.457888e-01 -1.459317e-01 -1.421430e-01 -1.419153e-01 -1.418086e-01 -1.457416e-01 -1.458513e-01 -1.458050e-01 -1.459638e-01 -1.461507e-01 -9.999000e+03 -2.931031e-01 -1.500026e-01 -1.460745e-01 -1.458877e-01 -1.458516e-01 -1.459852e-01 -1.461005e-01 -1.460049e-01 -1.459164e-01 -1.501936e-01 -1.491103e-01 -1.436304e-01 -2.073599e-01 -9.999000e+03 -1.504058e-01 -1.502001e-01 -1.462183e-01 -1.461190e-01 -1.460345e-01 -1.459658e-01 -1.459498e-01 -1.459696e-01 -1.459488e-01
-1.462073e-01 -1.463445e-01 -1.459465e-01 -1.457848e-01 -1.460166e-01 -1.461523e-01 -1.459676e-01 -1.458776e-01 -1.459373e-01 -1.460328e-01 -1.460196e-01 -1.459445e-01 -1.459437e-01 -1.460158e-01 -1.459890e-01 -1.458547e-01 -1.458457e-01 -1.459426e-01 -1.459983e-01 -1.460133e-01 -1.459945e-01 -1.417786e-01 -1.458385e-01 -1.459200e-01 -1.459734e-01 -1.460428e-01 -9.999000e+03 -2.526206e-01 -1.499598e-01 -1.459969e-01 -1.458566e-01 -1.458618e-01 -1.418475e-01 -1.453639e-01 -1.460281e-01 -1.417940e-01 -1.372013e-01 -1.491697e-01 -1.493731e-01 -1.377056e-01 -9.999000e+03 -9.999000e+03 -1.496722e-01 -1.504509e-01 -1.460020e-01 -1.459590e-01 -1.459306e-01 -1.459103e-01 -1.459063e-01 -1.459110e-01
-1.461802e-01 -1.464691e-01 -1.499628e-01 -1.456085e-01 -1.459955e-01 -1.462650e-01 -1.460811e-01 -1.459323e-01 -1.459408e-01 -1.460223e-01 -1.460812e-01 -1.460384e-01 -1.459538e-01 -1.459598e-01 -1.459996e-01 -1.459337e-01 -1.458638e-01 -1.458866e-01 -1.459553e-01 -1.460053e-01 -1.460223e-01 -1.460175e-01 -1.416098e-01 -1.415167e-01 -1.398774e-01 -1.413086e-01 -9.999000e+03 -4.648485e-01 -1.460634e-01 -1.414405e-01 -1.412143e-01 -1.401887e-01 -1.460345e-01 -1.415760e-01 -1.452566e-01 -1.460681e-01 -1.460573e-01 -1.448813e-01 -1.401711e-01 -1.480358e-01 -2.039907e-01 -9.999000e+03 -9.999000e+03 -1.494815e-01 -1.502484e-01 -1.458801e-01 -1.458920e-01 -1.458766e-01 -1.458463e-01 -1.458615e-01
-1.495605e-01 -1.499156e-01 -1.459858e-01 -1.455830e-01 -1.460539e-01 -1.463382e-01 -1.461958e-01 -1.460286e-01 -1.459640e-01 -1.459897e-01 -1.461188e-01 -1.461483e-01 -1.460148e-01 -1.459355e-01 -1.459949e-01 -1.460062e-01 -1.459234e-01 -1.458712e-01 -1.459035e-01 -1.459442e-01 -1.459744e-01 -1.460135e-01 -1.503884e-01 -1.503945e-01 -1.461299e-01 -1.507016e-01 -9.999000e+03 -1.870997e-01 -1.460440e-01 -1.456795e-01 -1.459208e-01 -1.460097e-01 -1.462343e-01 -1.463778e-01 -1.464282e-01 -1.463957e-01 -1.464267e-01 -1.464743e-01 -1.461541e-01 -1.499683e-01 -1.483558e-01 -1.615121e-01 -9.999000e+03 -9.999000e+03 -1.491932e-01 -1.457355e-01 -1.458237e-01 -1.458727e-01 -1.458850e-01 -1.459077e-01
-1.462048e-01 -1.461968e-01 -1.458315e-01 -1.492118e-01 -1.458598e-01 -1.463484e-01 -1.463145e-01 -1.462141e-01 -1.461052e-01 -1.460670e-01 -1.461567e-01 -1.462745e-01 -1.461615e-01 -1.460486e-01 -1.460899e-01 -1.461374e-01 -1.460848e-01 -1.460047e-01 -1.459896e-01 -1.459857e-01 -1.459534e-01 -1.503547e-01 -1.460928e-01 -1.458636e-01 -1.504116e-01 -1.463254e-01 -9.999000e+03 -1.055856e+00 -1.399087e-01 -1.456966e-01 -1.460575e-01 -1.505860e-01 -1.506489e-01 -1.507681e-01 -1.509063e-01 -1.510412e-01 -1.512255e-01 -1.514691e-01 -1.479348e-01 -1.420894e-01 -1.455800e-01 -1.479157e-01 -1.615077e-01 -9.999000e+03 -1.486460e-01 -1.496502e-01 -1.457334e-01 -1.458557e-01 -1.459166e-01 -1.459503e-01
-1.461348e-01 -1.460428e-01 -1.457886e-01 -1.454783e-01 -1.489587e-01 -1.491495e-01 -1.493016e-01 -1.493993e-01 -1.493925e-01 -1.459731e-01 -1.462255e-01 -1.463943e-01 -1.462577e-01 -1.461731e-01 -1.462111e-01 -1.462569e-01 -1.462345e-01 -1.461501e-01 -1.460913e-01 -1.460711e-01 -1.503161e-01 -1.461496e-01 -1.459271e-01 -1.458217e-01 -1.459968e-01 -1.461762e-01 -9.999000e+03 -1.413319e+00 -1.399020e-01 -1.505908e-01 -1.505306e-01 -1.460943e-01 -1.459593e-01 -1.459762e-01 -1.460427e-01 -1.460970e-01 -1.461275e-01 -1.469765e-01 -1.514522e-01 -1.515204e-01 -1.458872e-01 -1.495323e-01 -1.482077e-01 -9.999000e+03 -9.999000e+03 -1.491455e-01 -1.457342e-01 -1.458147e-01 -1.458425e-01 -1.458259e-01
-1.460907e-01 -1.458739e-01 -1.457759e-01 -1.456408e-01 -1.457898e-01 -1.460133e-01 -1.460333e-01 -1.460372e-01 -1.459255e-01 -1.491396e-01 -1.491612e-01 -1.462453e-01 -1.463009e-01 -1.462545e-01 -1.462334e-01 -1.462922e-01 -1.463295e-01 -1.462776e-01 -1.462685e-01 -1.502582e-01 -1.461765e-01 -1.459940e-01 -1.459150e-01 -1.458271e-01 -1.459548e-01 -1.461008e-01 -9.999000e+03 -1.433819e+00 -1.401762e-01 -1.457387e-01 -1.458745e-01 -1.458972e-01 -1.459052e-01 -1.459066e-01 -1.459866e-01 -1.460700e-01 -1.461177e-01 -1.461520e-01 -1.461213e-01 -1.461248e-01 -1.460733e-01 -1.363100e-01 -1.477060e-01 -1.481337e-01 -9.999000e+03 -9.999000e+03 -1.498452e-01 -1.457829e-01 -1.501494e-01 -1.457062e-01
-1.460003e-01 -1.456988e-01 -1.457674e-01 -1.458473e-01 -1.458832e-01 -1.459436e-01 -1.459666e-01 -1.459868e-01 -1.459112e-01 -1.458242e-01 -1.459225e-01 -1.491229e-01 -1.491956e-01 -1.461880e-01 -1.462822e-01 -1.463193e-01 -1.464085e-01 -1.498731e-01 -1.500809e-01 -1.462543e-01 -1.460535e-01 -1.459696e-01 -1.459190e-01 -1.458626e-01 -1.459276e-01 -1.460069e-01 -9.999000e+03 -1.444879e+00 -1.404211e-01 -1.458440e-01 -1.459032e-01 -1.458404e-01 -1.458446e-01 -1.458442e-01 -1.459094e-01 -1.459816e-01 -1.460783e-01 -1.461657e-01 -1.461138e-01 -1.460685e-01 -1.512668e-01 -1.512146e-01 -1.457637e-01 -1.493498e-01 -1.450886e-01 -9.999000e+03 -3.188399e-01 -1.498128e-01 -1.500711e-01 -1.499764e-01
-1.494477e-01 -1.456384e-01 -1.457340e-01 -1.460167e-01 -1.459923e-01 -1.459539e-01 -1.459301e-01 -1.459027e-01 -1.458825e-01 -1.458657e-01 -1.458959e-01 -1.459323e-01 -1.459622e-01 -1.490258e-01 -1.491172e-01 -1.492349e-01 -1.494609e-01 -1.463472e-01 -1.462097e-01 -1.461606e-01 -1.460471e-01 -1.459433e-01 -1.459079e-01 -1.458796e-01 -1.417208e-01 -1.416939e-01 -9.999000e+03 -2.636687e+00 -1.396221e-01 -1.458947e-01 -1.459306e-01 -1.458039e-01 -1.457960e-01 -1.457898e-01 -1.458398e-01 -1.458924e-01 -1.459994e-01 -1.461156e-01 -1.461210e-01 -1.461030e-01 -1.460696e-01 -1.460369e-01 -1.458126e-01 -1.499032e-01 -1.488473e-01 -9.999000e+03 -9.999000e+03 -1.492155e-01 -1.500218e-01 -1.500159e-01
