tests/data/reference/test_implicit_stream_rill_mfda/control/massbalance.asc
ncols	123
nrows	77
xllcorner	-713746.79929998
yllcorner	-1061022.36961616
cellsize	10.0
NODATA_value	-9999
[rows 44 to 65 of 77, columns 0 to 49 of 123]
-9.999000e+03 -9.999000e+03 -9.999000e+03 -9.999000e+03 -9.999000e+03 -9.999000e+03 -9.999000e+03 -1.304351e-01 -1.475430e-01 -1.441619e-01 -1.480507e-01 -1.461171e-01 -1.459013e-01 -1.458387e-01 -1.458815e-01 -1.458992e-01 -1.459163e-01 -1.458574e-01 -1.459219e-01 -1.460595e-01 -1.434571e-01 -1.431533e-01 -1.430887e-01 -1.458922e-01 -1.460150e-01 -1.460804e-01 -1.487866e-01 -1.459675e-01 -1.458610e-01 -1.457962e-01 -1.459924e-01 -1.461744e-01 -1.460846e-01 -1.460026e-01 -1.459494e-01 -1.459052e-01 -1.426500e-01 -1.425415e-01 -1.425078e-01 -1.424860e-01 -1.422940e-01 -1.421545e-01 -1.443929e-01 -1.383581e-01 -1.431586e-01 -1.456528e-01 -1.444621e-01 -1.407558e-01 -1.457437e-01 -1.458904e-01
-9.999000e+03 -9.999000e+03 -9.999000e+03 -9.999000e+03 -9.999000e+03 -9.999000e+03 -9.999000e+03 -1.624625e-01 -1.440755e-01 -1.458721e-01 -1.478867e-01 -1.460473e-01 -1.459419e-01 -1.458302e-01 -1.458188e-01 -1.458372e-01 -1.459272e-01 -1.459680e-01 -1.460535e-01 -1.461819e-01 -1.460986e-01 -1.459735e-01 -1.458832e-01 -1.458171e-01 -1.487048e-01 -1.488247e-01 -1.460203e-01 -1.458832e-01 -1.458833e-01 -1.458702e-01 -1.459632e-01 -1.460616e-01 -1.460080e-01 -1.429579e-01 -1.428899e-01 -1.427783e-01 -1.459437e-01 -1.458945e-01 -1.458396e-01 -1.458281e-01 -1.457721e-01 -1.456972e-01 -1.457055e-01 -1.421519e-01 -1.419580e-01 -1.419107e-01 -1.456901e-01 -1.456730e-01 -1.456291e-01 -1.456453e-01
-9.999000e+03 -9.999000e+03 -9.999000e+03 -9.999000e+03 -9.999000e+03 -9.999000e+03 -1.309109e-01 -1.454810e-01 -1.457835e-01 -1.457382e-01 -1.479131e-01 -1.459028e-01 -1.458846e-01 -1.458001e-01 -1.457540e-01 -1.457306e-01 -1.458271e-01 -1.459738e-01 -1.461469e-01 -1.462897e-01 -1.462199e-01 -1.461635e-01 -1.460588e-01 -1.459380e-01 -1.459597e-01 -1.460736e-01 -1.459524e-01 -1.458256e-01 -1.459002e-01 -1.459629e-01 -1.459358e-01 -1.428600e-01 -1.429240e-01 -1.459256e-01 -1.459418e-01 -1.459634e-01 -1.460128e-01 -1.460428e-01 -1.460234e-01 -1.460179e-01 -1.459691e-01 -1.458791e-01 -1.458156e-01 -1.457997e-01 -1.457455e-01 -1.456782e-01 -1.457000e-01 -1.457250e-01 -1.456709e-01 -1.455747e-01
-9.999000e+03 -9.999000e+03 -9.999000e+03 -9.999000e+03 -9.999000e+03 -9.999000e+03 -5.753299e-02 -1.457583e-01 -1.459299e-01 -1.459970e-01 -1.481093e-01 -1.460248e-01 -1.460386e-01 -1.459640e-01 -1.458952e-01 -1.458046e-01 -1.457511e-01 -1.458039e-01 -1.459956e-01 -1.461650e-01 -1.485933e-01 -1.487050e-01 -1.487619e-01 -1.487571e-01 -1.460336e-01 -1.460489e-01 -1.459416e-01 -1.427365e-01 -1.428818e-01 -1.429826e-01 -1.428465e-01 -1.458388e-01 -1.459131e-01 -1.459647e-01 -1.459913e-01 -1.460161e-01 -1.460628e-01 -1.460962e-01 -1.460574e-01 -1.460446e-01 -1.460441e-01 -1.460137e-01 -1.459661e-01 -1.459193e-01 -1.458408e-01 -1.457409e-01 -1.457035e-01 -1.457263e-01 -1.457428e-01 -1.456672e-01
-9.999000e+03 -9.999000e+03 -9.999000e+03 -9.999000e+03 -9.999000e+03 -1.299907e-01 -1.452483e-01 -1.438259e-01 -1.480051e-01 -1.480481e-01 -1.462738e-01 -1.462305e-01 -1.462433e-01 -1.461453e-01 -1.460412e-01 -1.459491e-01 -1.458204e-01 -1.457670e-01 -1.459318e-01 -1.460820e-01 -1.435849e-01 -1.433262e-01 -1.431786e-01 -1.430062e-01 -1.428598e-01 -1.428251e-01 -1.427866e-01 -1.457980e-01 -1.458056e-01 -1.458955e-01 -1.459012e-01 -1.458720e-01 -1.459512e-01 -1.460407e-01 -1.460944e-01 -1.461213e-01 -1.461619e-01 -1.462022e-01 -1.461434e-01 -1.460831e-01 -1.460724e-01 -1.460824e-01 -1.460831e-01 -1.460520e-01 -1.459769e-01 -1.458678e-01 -1.457666e-01 -1.457247e-01 -1.457695e-01 -1.457600e-01
-9.999000e+03 -9.999000e+03 -9.999000e+03 -9.999000e+03 -1.249145e-01 -1.564011e-01 -1.458983e-01 -1.442692e-01 -1.478746e-01 -1.477847e-01 -1.462069e-01 -1.461961e-01 -1.462513e-01 -1.462321e-01 -1.460604e-01 -1.459827e-01 -1.458731e-01 -1.458000e-01 -1.459724e-01 -1.461157e-01 -1.460665e-01 -1.459896e-01 -1.459628e-01 -1.459261e-01 -1.458105e-01 -1.457483e-01 -1.457764e-01 -1.457532e-01 -1.457141e-01 -1.457553e-01 -1.457974e-01 -1.457708e-01 -1.457826e-01 -1.458385e-01 -1.459075e-01 -1.459674e-01 -1.460450e-01 -1.461510e-01 -1.461651e-01 -1.461117e-01 -1.460573e-01 -1.460625e-01 -1.461138e-01 -1.461257e-01 -1.460866e-01 -1.460087e-01 -1.458879e-01 -1.457835e-01 -1.457969e-01 -1.458249e-01
-9.999000e+03 -9.999000e+03 -9.999000e+03 -9.999000e+03 -1.306415e-01 -1.460732e-01 -1.462218e-01 -1.462571e-01 -1.461188e-01 -1.476251e-01 -1.460876e-01 -1.443088e-01 -1.479851e-01 -1.462811e-01 -1.461190e-01 -1.460209e-01 -1.459137e-01 -1.458164e-01 -1.459722e-01 -1.461402e-01 -1.461276e-01 -1.460055e-01 -1.459295e-01 -1.459168e-01 -1.458155e-01 -1.457151e-01 -1.457269e-01 -1.457241e-01 -1.456591e-01 -1.456447e-01 -1.456986e-01 -1.457030e-01 -1.456842e-01 -1.456843e-01 -1.457237e-01 -1.457937e-01 -1.458846e-01 -1.460221e-01 -1.461287e-01 -1.461305e-01 -1.460385e-01 -1.460134e-01 -1.461024e-01 -1.461621e-01 -1.461700e-01 -1.461333e-01 -1.460177e-01 -1.458800e-01 -1.458466e-01 -1.458840e-01
-9.999000e+03 -9.999000e+03 -9.999000e+03 -1.302140e-01 -1.575181e-01 -1.445838e-01 -1.477229e-01 -1.463050e-01 -1.475195e-01 -1.462002e-01 -1.447066e-01 -1.460945e-01 -1.478447e-01 -1.463793e-01 -1.462176e-01 -1.460867e-01 -1.459892e-01 -1.458757e-01 -1.459796e-01 -1.462048e-01 -1.463124e-01 -1.463441e-01 -1.461863e-01 -1.461400e-01 -1.460394e-01 -1.459121e-01 -1.458869e-01 -1.458890e-01 -1.458287e-01 -1.457903e-01 -1.458398e-01 -1.458733e-01 -1.458656e-01 -1.458247e-01 -1.457851e-01 -1.457844e-01 -1.458018e-01 -1.458812e-01 -1.460358e-01 -1.461086e-01 -1.459934e-01 -1.459096e-01 -1.459865e-01 -1.460725e-01 -1.461369e-01 -1.461664e-01 -1.461066e-01 -1.459941e-01 -1.459155e-01 -1.459260e-01
-9.999000e+03 -9.999000e+03 -9.999000e+03 -1.295223e-01 -1.444645e-01 -1.464293e-01 -1.474326e-01 -1.472454e-01 -1.462908e-01 -1.462428e-01 -1.453489e-01 -1.462202e-01 -1.476521e-01 -1.465348e-01 -1.463248e-01 -1.461591e-01 -1.460783e-01 -1.459414e-01 -1.459352e-01 -1.440423e-01 -1.486209e-01 -1.466538e-01 -1.465217e-01 -1.464341e-01 -1.463285e-01 -1.461604e-01 -1.460644e-01 -1.460462e-01 -1.459917e-01 -1.459387e-01 -1.459765e-01 -1.460335e-01 -1.460615e-01 -1.460165e-01 -1.459233e-01 -1.458586e-01 -1.457952e-01 -1.457786e-01 -1.459196e-01 -1.460649e-01 -1.459837e-01 -1.458542e-01 -1.458666e-01 -1.459356e-01 -1.460345e-01 -1.461162e-01 -1.461206e-01 -1.461813e-01 -1.460947e-01 -1.460625e-01
-9.999000e+03 -9.999000e+03 -1.282551e-01 -1.621994e-01 -1.462662e-01 -1.465213e-01 -1.470570e-01 -1.469336e-01 -1.470324e-01 -1.468767e-01 -1.456156e-01 -1.461504e-01 -1.473681e-01 -1.465944e-01 -1.463858e-01 -1.462467e-01 -1.462481e-01 -1.461344e-01 -1.439790e-01 -1.462770e-01 -1.482232e-01 -1.467399e-01 -1.466658e-01 -1.465855e-01 -1.465556e-01 -1.464185e-01 -1.462544e-01 -1.461673e-01 -1.460799e-01 -1.459853e-01 -1.459691e-01 -1.460170e-01 -1.461061e-01 -1.461275e-01 -1.460657e-01 -1.460159e-01 -1.459427e-01 -1.458674e-01 -1.459277e-01 -1.460545e-01 -1.460357e-01 -1.459328e-01 -1.458790e-01 -1.458714e-01 -1.459267e-01 -1.459851e-01 -1.496567e-01 -1.497366e-01 -1.497488e-01 -1.496997e-01
-9.999000e+03 -9.999000e+03 -1.520183e-01 -1.457978e-01 -1.474133e-01 -1.470813e-01 -1.468151e-01 -1.470661e-01 -1.458369e-01 -1.453518e-01 -1.469267e-01 -1.460517e-01 -1.471259e-01 -1.464984e-01 -1.463501e-01 -1.462504e-01 -1.463488e-01 -1.463333e-01 -1.460316e-01 -1.447345e-01 -1.477469e-01 -1.469675e-01 -1.468502e-01 -1.467258e-01 -1.467582e-01 -1.467138e-01 -1.465314e-01 -1.463662e-01 -1.462202e-01 -1.460854e-01 -1.460058e-01 -1.460020e-01 -1.461156e-01 -1.461920e-01 -1.461607e-01 -1.461291e-01 -1.460706e-01 -1.460012e-01 -1.460191e-01 -1.460594e-01 -1.460355e-01 -1.459912e-01 -1.459428e-01 -1.458969e-01 -1.459187e-01 -1.459507e-01 -1.459915e-01 -1.459935e-01 -1.420091e-01 -1.419550e-01
-9.999000e+03 -1.275772e-01 -4.808094e-02 -1.449610e-01 -1.473078e-01 -1.466201e-01 -1.471435e-01 -1.471375e-01 -9.999000e+03 -9.999000e+03 -9.999000e+03 -1.469094e-01 -1.470196e-01 -1.474102e-01 -1.475877e-01 -1.475979e-01 -1.476827e-01 -1.478317e-01 -1.476771e-01 -1.471624e-01 -1.470486e-01 -1.474815e-01 -1.468602e-01 -1.467917e-01 -1.467004e-01 -1.467084e-01 -1.466324e-01 -1.465092e-01 -1.463594e-01 -1.462321e-01 -1.461259e-01 -1.460515e-01 -1.461248e-01 -1.461977e-01 -1.461570e-01 -1.461185e-01 -1.460593e-01 -1.460176e-01 -1.460840e-01 -1.460950e-01 -1.459990e-01 -1.459527e-01 -1.459473e-01 -1.459265e-01 -1.459604e-01 -1.459926e-01 -1.422267e-01 -1.420421e-01 -1.458822e-01 -1.458298e-01
-9.999000e+03 -1.228392e-01 -1.446464e-01 -1.472984e-01 -1.470013e-01 -1.470368e-01 -9.999000e+03 -9.999000e+03 -9.999000e+03 -9.999000e+03 -9.999000e+03 -9.999000e+03 -1.471126e-01 -1.473309e-01 -1.460501e-01 -1.459854e-01 -1.475975e-01 -1.460776e-01 -1.457803e-01 -1.453842e-01 -1.468864e-01 -1.469203e-01 -1.472277e-01 -1.475901e-01 -1.465945e-01 -1.465409e-01 -1.466022e-01 -1.465863e-01 -1.464698e-01 -1.464018e-01 -1.463025e-01 -1.461802e-01 -1.461807e-01 -1.462260e-01 -1.461649e-01 -1.461201e-01 -1.460566e-01 -1.460024e-01 -1.461081e-01 -1.461600e-01 -1.460192e-01 -1.459301e-01 -1.459384e-01 -1.459425e-01 -1.459969e-01 -1.460375e-01 -1.459704e-01 -1.459032e-01 -1.458467e-01 -1.458033e-01
-1.302819e-01 -7.701978e-02 -1.463754e-01 -1.470202e-01 -1.465683e-01 -1.473283e-01 -9.999000e+03 -9.999000e+03 -9.999000e+03 -9.999000e+03 -9.999000e+03 -9.999000e+03 -9.999000e+03 -9.999000e+03 -9.999000e+03 -1.476422e-01 -1.461925e-01 -1.477706e-01 -1.476446e-01 -1.474568e-01 -1.453271e-01 -9.999000e+03 -9.999000e+03 -1.472268e-01 -1.475994e-01 -1.478279e-01 -1.480787e-01 -1.483304e-01 -1.484588e-01 -1.462930e-01 -1.464654e-01 -1.463890e-01 -1.463575e-01 -1.463643e-01 -1.462511e-01 -1.461889e-01 -1.461395e-01 -1.460577e-01 -1.461474e-01 -1.462362e-01 -1.460863e-01 -1.459634e-01 -1.459608e-01 -1.459708e-01 -1.460533e-01 -1.461334e-01 -1.461069e-01 -1.460507e-01 -1.459722e-01 -1.459175e-01
-1.287439e-01 -1.469589e-01 -1.468827e-01 -1.468783e-01 -1.473580e-01 -9.999000e+03 -9.999000e+03 -9.999000e+03 -9.999000e+03 -9.999000e+03 -9.999000e+03 -9.999000e+03 -9.999000e+03 -9.999000e+03 -9.999000e+03 -9.999000e+03 -9.999000e+03 -9.999000e+03 -9.999000e+03 -9.999000e+03 -9.999000e+03 -9.999000e+03 -9.999000e+03 -1.471383e-01 -1.475063e-01 -1.476481e-01 -1.461543e-01 -1.461806e-01 -1.459933e-01 -1.481019e-01 -1.463787e-01 -1.465630e-01 -1.465666e-01 -1.465363e-01 -1.463433e-01 -1.462700e-01 -1.462923e-01 -1.461554e-01 -1.461877e-01 -1.462833e-01 -1.462253e-01 -1.460971e-01 -1.459865e-01 -1.459717e-01 -1.460395e-01 -1.461401e-01 -1.461777e-01 -1.461889e-01 -1.461387e-01 -1.460512e-01
-9.999000e+03 -1.474312e-01 -1.473303e-01 -1.476407e-01 -9.999000e+03 -9.999000e+03 -9.999000e+03 -9.999000e+03 -9.999000e+03 -9.999000e+03 -9.999000e+03 -9.999000e+03 -9.999000e+03 -9.999000e+03 -9.999000e+03 -9.999000e+03 -9.999000e+03 -9.999000e+03 -9.999000e+03 -9.999000e+03 -9.999000e+03 -9.999000e+03 -9.999000e+03 -9.999000e+03 -9.999000e+03 -9.999000e+03 -1.478314e-01 -1.480142e-01 -1.459323e-01 -1.456708e-01 -1.477014e-01 -1.478658e-01 -1.481455e-01 -1.485019e-01 -1.486697e-01 -1.487107e-01 -1.462990e-01 -1.463558e-01 -1.463030e-01 -1.492823e-01 -1.494119e-01 -1.460979e-01 -1.461390e-01 -1.460770e-01 -1.459747e-01 -1.460987e-01 -1.461340e-01 -1.461911e-01 -1.461501e-01 -1.460724e-01
-9.999000e+03 -9.999000e+03 -9.999000e+03 -9.999000e+03 -9.999000e+03 -9.999000e+03 -9.999000e+03 -9.999000e+03 -9.999000e+03 -9.999000e+03 -9.999000e+03 -9.999000e+03 -9.999000e+03 -9.999000e+03 -9.999000e+03 -9.999000e+03 -9.999000e+03 -9.999000e+03 -9.999000e+03 -9.999000e+03 -9.999000e+03 -9.999000e+03 -9.999000e+03 -9.999000e+03 -9.999000e+03 -9.999000e+03 -9.999000e+03 -9.999000e+03 -1.479120e-01 -1.456572e-01 -1.475228e-01 -1.476732e-01 -1.479926e-01 -1.463722e-01 -1.460644e-01 -1.458339e-01 -1.485159e-01 -1.487237e-01 -1.489240e-01 -1.462127e-01 -1.460576e-01 -1.492979e-01 -1.493357e-01 -1.461069e-01 -1.493658e-01 -1.493709e-01 -1.493521e-01 -1.459677e-01 -1.462044e-01 -1.461167e-01
-9.999000e+03 -9.999000e+03 -9.999000e+03 -9.999000e+03 -9.999000e+03 -9.999000e+03 -9.999000e+03 -9.999000e+03 -9.999000e+03 -9.999000e+03 -9.999000e+03 -9.999000e+03 -9.999000e+03 -9.999000e+03 -9.999000e+03 -9.999000e+03 -9.999000e+03 -9.999000e+03 -9.999000e+03 -9.999000e+03 -9.999000e+03 -9.999000e+03 -9.999000e+03 -9.999000e+03 -9.999000e+03 -9.999000e+03 -9.999000e+03 -9.999000e+03 -9.999000e+03 -1.476108e-01 -1.459406e-01 -1.462707e-01 -1.464334e-01 -1.485072e-01 -1.485816e-01 -1.483962e-01 -1.484079e-01 -1.486461e-01 -1.461759e-01 -1.460840e-01 -1.460132e-01 -1.459567e-01 -1.460185e-01 -1.493046e-01 -1.460604e-01 -1.459255e-01 -1.458558e-01 -1.491609e-01 -1.461436e-01 -1.493672e-01
-9.999000e+03 -9.999000e+03 -9.999000e+03 -9.999000e+03 -9.999000e+03 -9.999000e+03 -9.999000e+03 -9.999000e+03 -9.999000e+03 -9.999000e+03 -9.999000e+03 -9.999000e+03 -9.999000e+03 -9.999000e+03 -9.999000e+03 -9.999000e+03 -9.999000e+03 -9.999000e+03 -9.999000e+03 -9.999000e+03 -9.999000e+03 -9.999000e+03 -9.999000e+03 -9.999000e+03 -9.999000e+03 -9.999000e+03 -9.999000e+03 -9.999000e+03 -9.999000e+03 -9.999000e+03 -1.462735e-01 -9.999000e+03 -9.999000e+03 -9.999000e+03 -9.999000e+03 -9.999000e+03 -9.999000e+03 -9.999000e+03 -1.488203e-01 -1.460650e-01 -1.459488e-01 -1.458921e-01 -1.460260e-01 -1.461356e-01 -1.460321e-01 -1.459376e-01 -1.458297e-01 -1.457168e-01 -1.490690e-01 -1.463224e-01
-9.999000e+03 -9.999000e+03 -9.999000e+03 -9.999000e+03 -9.999000e+03 -9.999000e+03 -9.999000e+03 -9.999000e+03 -9.999000e+03 -9.999000e+03 -9.999000e+03 -9.999000e+03 -9.999000e+03 -9.999000e+03 -9.999000e+03 -9.999000e+03 -9.999000e+03 -9.999000e+03 -9.999000e+03 -9.999000e+03 -9.999000e+03 -9.999000e+03 -9.999000e+03 -9.999000e+03 -9.999000e+03 -9.999000e+03 -9.999000e+03 -9.999000e+03 -9.999000e+03 -9.999000e+03 -9.999000e+03 -9.999000e+03 -9.999000e+03 -9.999000e+03 -9.999000e+03 -9.999000e+03 -9.999000e+03 -9.999000e+03 -9.999000e+03 -9.999000e+03 -9.999000e+03 -1.488373e-01 -1.489187e-01 -1.491440e-01 -1.461100e-01 -1.459208e-01 -1.458140e-01 -1.456972e-01 -1.460305e-01 -1.463354e-01
-9.999000e+03 -9.999000e+03 -9.999000e+03 -9.999000e+03 -9.999000e+03 -9.999000e+03 -9.999000e+03 -9.999000e+03 -9.999000e+03 -9.999000e+03 -9.999000e+03 -9.999000e+03 -9.999000e+03 -9.999000e+03 -9.999000e+03 -9.999000e+03 -9.999000e+03 -9.999000e+03 -9.999000e+03 -9.999000e+03 -9.999000e+03 -9.999000e+03 -9.999000e+03 -9.999000e+03 -9.999000e+03 -9.999000e+03 -9.999000e+03 -9.999000e+03 -9.999000e+03 -9.999000e+03 -9.999000e+03 -9.999000e+03 -9.999000e+03 -9.999000e+03 -9.999000e+03 -9.999000e+03 -9.999000e+03 -9.999000e+03 -9.999000e+03 -9.999000e+03 -9.999000e+03 -9.999000e+03 -9.999000e+03 -9.999000e+03 -1.493026e-01 -1.492454e-01 -1.458871e-01 -1.457524e-01 -1.490772e-01 -1.463693e-01
-9.999000e+03 -9.999000e+03 -9.999000e+03 -9.999000e+03 -9.999000e+03 -9.999000e+03 -9.999000e+03 -9.999000e+03 -9.999000e+03 -9.999000e+03 -9.999000e+03 -9.999000e+03 -9.999000e+03 -9.999000e+03 -9.999000e+03 -9.999000e+03 -9.999000e+03 -9.999000e+03 -9.999000e+03 -9.999000e+03 -9.999000e+03 -9.999000e+03 -9.999000e+03 -9.999000e+03 -9.999000e+03 -9.999000e+03 -9.999000e+03 -9.999000e+03 -9.999000e+03 -9.999000e+03 -9.999000e+03 -9.999000e+03 -9.999000e+03 -9.999000e+03 -9.999000e+03 -9.999000e+03 -9.999000e+03 -9.999000e+03 -9.999000e+03 -9.999000e+03 -9.999000e+03 -9.999000e+03 -9.999000e+03 -9.999000e+03 -9.999000e+03 -9.999000e+03 -9.999000e+03 -9.999000e+03 -9.999000e+03 -9.999000e+03
