tests/data/reference/test_implicit_stream_rill_mfda/control/massbalance.asc
ncols	123
nrows	77
xllcorner	-713746.79929998
yllcorner	-1061022.36961616
cellsize	10.0
NODATA_value	-9999
[rows 44 to 65 of 77, columns 50 to 99 of 123]
-1.588177e-01 -1.587272e-01 -1.583741e-01 -1.581307e-01 -1.576193e-01 -1.572158e-01 -1.566760e-01 -1.565842e-01 -1.567282e-01 -1.567127e-01 -1.567944e-01 -1.567236e-01 -1.567172e-01 -1.559989e-01 -1.565494e-01 -2.216818e-01 -1.558920e-01 -1.565671e-01 -1.567372e-01 -1.560021e-01 -1.563393e-01 -1.565538e-01 -1.566327e-01 -1.564995e-01 -1.603657e-01 -1.605285e-01 -1.601085e-01 -1.718461e-01 -9.999000e+03 -9.999000e+03 -9.999000e+03 -9.999000e+03 9.000000e+20 -1.649462e-01 -1.605468e-01 -1.569828e-01 -1.573813e-01 -1.570787e-01 -1.570867e-01 -1.547153e-01 -1.547395e-01 -1.547632e-01 -1.547516e-01 -1.546647e-01 -1.551183e-01 -1.555418e-01 -1.547885e-01 -1.547744e-01 -1.547219e-01 -1.564780e-01
-1.594395e-01 -1.592052e-01 -1.591839e-01 -1.590487e-01 -1.573478e-01 -1.570534e-01 -1.568495e-01 -1.568645e-01 -1.567573e-01 -1.568538e-01 -1.567860e-01 -1.564536e-01 -1.562725e-01 -1.567231e-01 -1.809574e-01 -1.560155e-01 -1.567928e-01 -1.567431e-01 -1.568139e-01 -1.562293e-01 -1.565441e-01 -1.566594e-01 -1.558971e-01 -1.560835e-01 -1.559228e-01 -1.601498e-01 -1.602852e-01 -9.999000e+03 -9.999000e+03 -5.794258e-01 -1.776663e-01 -9.999000e+03 -9.999000e+03 -9.999000e+03 -1.606954e-01 -1.612845e-01 -1.578471e-01 -1.574914e-01 -1.570413e-01 -1.547339e-01 -1.548028e-01 -1.548149e-01 -1.547998e-01 -1.547408e-01 -1.546537e-01 -1.552274e-01 -1.555189e-01 -1.550809e-01 -1.545858e-01 -1.568008e-01
-1.635694e-01 -1.578756e-01 -1.574110e-01 -1.578882e-01 -1.577774e-01 -1.565889e-01 -1.562614e-01 -1.568631e-01 -1.569443e-01 -1.558956e-01 -1.559361e-01 -1.562729e-01 -1.567788e-01 -1.751900e-01 -1.567127e-01 -1.564214e-01 -1.556395e-01 -1.554458e-01 -1.566810e-01 -1.553701e-01 -1.565612e-01 -1.573778e-01 -1.566305e-01 -1.537927e-01 -1.540506e-01 -1.562184e-01 -1.560706e-01 -9.999000e+03 -1.763076e-01 -1.588500e-01 -1.560965e-01 -1.600863e-01 -1.600328e-01 -9.999000e+03 -9.999000e+03 -9.999000e+03 -1.665905e-01 -1.579462e-01 -1.575230e-01 -1.546848e-01 -1.548113e-01 -1.548337e-01 -1.548149e-01 -1.547619e-01 -1.546818e-01 -1.550266e-01 -1.552342e-01 -1.554268e-01 -1.553435e-01 -1.569733e-01
-1.584508e-01 -1.585268e-01 -1.572942e-01 -1.573011e-01 -1.572019e-01 -1.570341e-01 -1.538415e-01 -1.536408e-01 -1.539479e-01 -1.536174e-01 -1.566223e-01 -1.567936e-01 -1.858801e-01 -1.565177e-01 -1.564492e-01 -1.526555e-01 -1.527136e-01 -1.568321e-01 -1.528426e-01 -1.528271e-01 -1.526072e-01 -1.524640e-01 -1.524873e-01 -1.523888e-01 -1.521526e-01 -1.558632e-01 -1.550079e-01 -9.999000e+03 -2.112102e-01 -1.584538e-01 -1.577509e-01 -1.600586e-01 -1.601857e-01 -1.605471e-01 -3.073383e-01 -9.999000e+03 -9.999000e+03 -1.635645e-01 -1.584856e-01 -1.550442e-01 -1.547548e-01 -1.548196e-01 -1.548010e-01 -1.547331e-01 -1.546775e-01 -1.547097e-01 -1.550251e-01 -1.551276e-01 -1.552794e-01 -1.568482e-01
-1.585687e-01 -1.571317e-01 -1.574218e-01 -1.575517e-01 -1.573053e-01 -1.544517e-01 -1.544899e-01 -1.544802e-01 -1.544932e-01 -1.569765e-01 -1.539017e-01 -1.893187e-01 -1.603689e-01 -1.528322e-01 -1.546298e-01 -1.547503e-01 -1.566305e-01 -1.546960e-01 -1.547094e-01 -1.555023e-01 -1.552406e-01 -1.551780e-01 -1.549717e-01 -1.547796e-01 -1.565796e-01 -1.522455e-01 -1.550448e-01 -9.999000e+03 -4.940953e-01 -1.783455e-01 -1.504427e-01 -1.586175e-01 -1.616154e-01 -1.633055e-01 -1.654644e-01 -1.585453e-01 -9.999000e+03 -1.663826e-01 -1.630154e-01 -1.553555e-01 -1.546563e-01 -1.547839e-01 -1.547906e-01 -1.547143e-01 -1.546733e-01 -1.546499e-01 -1.546445e-01 -1.546545e-01 -1.550158e-01 -1.565892e-01
-1.567612e-01 -1.568754e-01 -1.569295e-01 -1.568632e-01 -1.545045e-01 -1.554542e-01 -1.567830e-01 -1.566276e-01 -1.566251e-01 -1.544405e-01 -1.896059e-01 -1.616637e-01 -1.546282e-01 -1.547342e-01 -1.527004e-01 -1.561952e-01 -1.546984e-01 -1.531248e-01 -1.561509e-01 -1.564784e-01 -1.567530e-01 -1.566269e-01 -1.570313e-01 -1.568997e-01 -1.547175e-01 -1.550920e-01 -1.516780e-01 -9.999000e+03 -1.524480e+00 -1.785854e-01 -1.539718e-01 -1.596043e-01 -1.604941e-01 -1.608225e-01 -1.623215e-01 -1.668607e-01 -9.999000e+03 -9.999000e+03 -1.593068e-01 -1.551971e-01 -1.550979e-01 -1.547093e-01 -1.547653e-01 -1.547126e-01 -1.546843e-01 -1.546811e-01 -1.547101e-01 -1.547248e-01 -1.546746e-01 -1.560939e-01
-1.561210e-01 -1.568433e-01 -1.564823e-01 -1.744761e-01 -1.710712e-01 -1.673028e-01 -1.646880e-01 -1.605532e-01 -1.578873e-01 -1.881837e-01 -1.608232e-01 -1.545275e-01 -1.537711e-01 -1.568737e-01 -1.565552e-01 -1.567906e-01 -1.570674e-01 -1.570704e-01 -1.565910e-01 -1.564003e-01 -1.560983e-01 -1.569082e-01 -1.568523e-01 -1.572140e-01 -1.570789e-01 -1.568439e-01 -1.548857e-01 -9.999000e+03 -5.670531e-01 -1.551193e-01 -1.554617e-01 -1.601057e-01 -1.599977e-01 -1.600467e-01 -1.604943e-01 -1.674686e-01 -1.669203e-01 -9.999000e+03 -1.657984e-01 -1.546100e-01 -1.553144e-01 -1.546565e-01 -1.547144e-01 -1.546989e-01 -1.546919e-01 -1.546939e-01 -1.520785e-01 -1.520791e-01 -1.547680e-01 -1.562352e-01
-1.564502e-01 -1.565496e-01 -1.770700e-01 -1.573322e-01 -1.649504e-01 -1.640802e-01 -1.706155e-01 -1.787993e-01 -1.835732e-01 -1.586621e-01 -1.578795e-01 -1.583169e-01 -1.578493e-01 -1.576153e-01 -1.575113e-01 -1.574722e-01 -1.574896e-01 -1.572702e-01 -1.614181e-01 -1.633202e-01 -1.613313e-01 -1.615252e-01 -1.606978e-01 -1.597337e-01 -1.582869e-01 -1.565420e-01 -1.566220e-01 -9.999000e+03 -1.550181e-01 -1.518449e-01 -1.547173e-01 -1.603880e-01 -1.597343e-01 -1.603205e-01 -1.608246e-01 -1.635333e-01 -1.749530e-01 -9.999000e+03 -9.999000e+03 -1.585026e-01 -1.554436e-01 -1.550311e-01 -1.546594e-01 -1.546740e-01 -1.546953e-01 -1.546974e-01 -1.548209e-01 -1.557026e-01 -1.548415e-01 -1.560677e-01
-1.525508e-01 -1.761463e-01 -1.564904e-01 -1.564886e-01 -1.546818e-01 -1.579592e-01 -1.651040e-01 -1.568996e-01 -1.580624e-01 -1.576117e-01 -1.587441e-01 -1.576937e-01 -1.575504e-01 -1.574116e-01 -1.573614e-01 -1.578742e-01 -1.573621e-01 -1.571174e-01 -1.547917e-01 -1.527228e-01 -1.550135e-01 -1.566780e-01 -1.567304e-01 -1.568157e-01 -1.573985e-01 -1.568994e-01 -1.550084e-01 -9.999000e+03 -7.850301e-01 -1.793176e-01 -1.468037e-01 -1.555012e-01 -1.611398e-01 -1.604971e-01 -1.609112e-01 -1.635614e-01 -1.654583e-01 -3.353639e-01 -9.999000e+03 -1.584318e-01 -1.554432e-01 -1.551444e-01 -1.550028e-01 -1.549702e-01 -1.546439e-01 -1.520770e-01 -1.567993e-01 -1.568050e-01 -1.518582e-01 -1.559403e-01
-1.758933e-01 -1.568232e-01 -1.568923e-01 -1.567270e-01 -1.564896e-01 -1.656055e-01 -1.587569e-01 -1.570755e-01 -1.571299e-01 -1.574399e-01 -1.581026e-01 -1.634842e-01 -1.642224e-01 -1.632222e-01 -1.634023e-01 -1.618676e-01 -1.596711e-01 -1.574557e-01 -1.552720e-01 -1.533843e-01 -1.523435e-01 -1.521760e-01 -1.533797e-01 -1.555189e-01 -1.621223e-01 -1.620961e-01 -1.643697e-01 -9.999000e+03 -2.890571e+00 -1.576621e-01 -1.411347e-01 -1.525473e-01 -1.558976e-01 -1.606094e-01 -1.610723e-01 -1.630740e-01 -1.648225e-01 -1.775372e-01 -9.999000e+03 -9.999000e+03 -1.588199e-01 -1.552055e-01 -1.552138e-01 -1.552480e-01 -1.520923e-01 -1.555204e-01 -1.566462e-01 -1.565502e-01 -1.576319e-01 -1.559561e-01
-1.570579e-01 -1.570154e-01 -1.570174e-01 -1.571000e-01 -1.593739e-01 -1.588095e-01 -1.571847e-01 -1.573520e-01 -1.567459e-01 -1.586067e-01 -1.568049e-01 -1.577955e-01 -1.575704e-01 -1.573283e-01 -1.577609e-01 -1.595456e-01 -1.595413e-01 -1.556838e-01 -1.588382e-01 -1.574778e-01 -1.566219e-01 -1.570068e-01 -1.564149e-01 -1.580261e-01 -1.547088e-01 -1.553735e-01 -1.525233e-01 -9.999000e+03 -9.712261e-01 -1.808382e-01 -1.459224e-01 -2.303642e-01 -2.751623e-01 -1.285882e-03 -1.381648e-01 -1.639584e-01 -1.742895e-01 -1.818535e-01 -2.138556e-01 -9.999000e+03 -1.587995e-01 -1.587485e-01 -1.551451e-01 -1.551953e-01 -1.553713e-01 -1.568237e-01 -1.569470e-01 -1.568462e-01 -1.566293e-01 -1.569294e-01
-1.567555e-01 -1.566871e-01 -1.561323e-01 -1.571384e-01 -1.573219e-01 -1.572744e-01 -1.569584e-01 -1.570612e-01 -1.578808e-01 -1.569850e-01 -1.580985e-01 -1.549412e-01 -1.601661e-01 -1.655659e-01 -1.686472e-01 -1.746533e-01 -1.793920e-01 -1.821466e-01 -1.812588e-01 -1.783542e-01 -1.751402e-01 -1.680869e-01 -1.656452e-01 -1.660460e-01 -1.654677e-01 -1.614285e-01 -9.999000e+03 -9.999000e+03 -1.796003e-01 -1.521273e-01 -1.547916e-01 -1.552568e-01 -1.566738e-01 -1.569564e-01 -1.571113e-01 -1.616475e-01 -1.612389e-01 -1.717209e-01 -1.825687e-01 -9.999000e+03 -1.590062e-01 -1.589126e-01 -1.546620e-01 -1.524141e-01 -1.568099e-01 -1.564873e-01 -1.567342e-01 -1.567463e-01 -1.567788e-01 -1.569306e-01
-1.568383e-01 -1.563294e-01 -1.565635e-01 -1.565216e-01 -1.569823e-01 -1.566276e-01 -1.570954e-01 -1.575019e-01 -1.571328e-01 -1.579904e-01 -1.568925e-01 -1.576873e-01 -1.570244e-01 -1.570098e-01 -1.573894e-01 -1.572904e-01 -1.569000e-01 -1.596496e-01 -1.641419e-01 -1.631192e-01 -1.630897e-01 -1.618873e-01 -1.605915e-01 -1.596065e-01 -1.582828e-01 -1.560812e-01 -9.999000e+03 -2.515799e-01 -1.551545e-01 -1.515189e-01 -1.546837e-01 -1.566173e-01 -1.565964e-01 -1.569039e-01 -1.569070e-01 -1.572128e-01 -1.612336e-01 -1.661059e-01 -2.049006e-01 -9.999000e+03 -9.999000e+03 -1.591218e-01 -1.566152e-01 -1.573175e-01 -1.565415e-01 -1.567156e-01 -1.570252e-01 -1.570924e-01 -1.568696e-01 -1.569254e-01
-1.564257e-01 -1.565581e-01 -1.559693e-01 -1.566494e-01 -1.566677e-01 -1.567062e-01 -1.567112e-01 -1.567476e-01 -1.572611e-01 -1.566182e-01 -1.565788e-01 -1.565971e-01 -1.566563e-01 -1.567160e-01 -1.569294e-01 -1.569978e-01 -1.570938e-01 -1.573804e-01 -1.589686e-01 -1.676170e-01 -1.614256e-01 -2.514320e-01 -1.213776e-01 -1.779770e-01 -1.711296e-01 -1.669355e-01 -9.999000e+03 -4.293019e-01 -1.542541e-01 -1.513825e-01 -1.552190e-01 -1.568193e-01 -1.567473e-01 -1.569379e-01 -1.567771e-01 -1.570801e-01 -1.612019e-01 -1.617480e-01 -1.864083e-01 -3.018364e-01 -9.999000e+03 -1.552572e-01 -1.594497e-01 -1.563262e-01 -1.568139e-01 -1.567004e-01 -1.568210e-01 -1.568918e-01 -1.568166e-01 -1.573483e-01
-1.561741e-01 -1.559418e-01 -1.549001e-01 -1.522406e-01 -1.568454e-01 -1.570540e-01 -1.564791e-01 -1.568791e-01 -1.566871e-01 -1.567322e-01 -1.567375e-01 -1.567176e-01 -1.567998e-01 -1.566942e-01 -1.566973e-01 -1.566618e-01 -1.565949e-01 -1.570812e-01 -1.569166e-01 -1.568995e-01 -1.568294e-01 -1.569113e-01 -1.635728e-01 -1.615908e-01 -1.635517e-01 -1.628222e-01 -9.999000e+03 -2.988354e-01 -1.547831e-01 -1.514098e-01 -1.550437e-01 -1.567355e-01 -1.597072e-01 -2.092711e-01 -1.316000e-01 -1.230486e-01 -1.429533e-01 -1.235671e-01 -4.493022e-01 -3.344157e-01 -9.999000e+03 -9.999000e+03 -1.594699e-01 -1.604687e-01 -1.566724e-01 -1.567861e-01 -1.565435e-01 -1.567148e-01 -1.571620e-01 -1.573409e-01
-1.567206e-01 -1.527971e-01 -1.551608e-01 -1.565551e-01 -1.573219e-01 -1.562117e-01 -1.566489e-01 -1.567225e-01 -1.569042e-01 -1.567038e-01 -1.563790e-01 -1.560769e-01 -1.563796e-01 -1.567770e-01 -1.567980e-01 -1.562932e-01 -1.566623e-01 -1.567464e-01 -1.567974e-01 -1.569800e-01 -1.566084e-01 -1.566182e-01 -1.557887e-01 -1.575970e-01 -1.645699e-01 -1.572105e-01 -9.999000e+03 -5.780565e-01 -1.471927e-01 -1.465616e-01 -1.566491e-01 -1.511680e-01 -1.561723e-01 -1.507669e-01 -1.448676e-01 -1.545752e-01 -1.546502e-01 -1.420218e-01 -1.550586e-01 -1.752355e-01 -1.683938e-01 -9.999000e+03 -9.999000e+03 -1.601638e-01 -1.609937e-01 -1.569627e-01 -1.563919e-01 -1.563941e-01 -1.568345e-01 -1.583878e-01
-1.546164e-01 -1.552459e-01 -1.523665e-01 -1.569093e-01 -1.533428e-01 -1.567660e-01 -1.560156e-01 -1.560779e-01 -1.561211e-01 -1.562139e-01 -1.564431e-01 -1.571954e-01 -1.561876e-01 -1.563300e-01 -1.566107e-01 -1.566541e-01 -1.565555e-01 -1.563902e-01 -1.567121e-01 -1.567660e-01 -1.568228e-01 -1.565672e-01 -1.549018e-01 -1.549103e-01 -1.568017e-01 -1.553429e-01 -9.999000e+03 -1.950758e-01 -1.518754e-01 -1.463980e-01 -1.542823e-01 -1.549129e-01 -1.516792e-01 -1.516212e-01 -1.512659e-01 -1.510305e-01 -1.508522e-01 -1.506302e-01 -1.500863e-01 -1.596846e-01 -1.597473e-01 -1.929818e-01 -9.999000e+03 -9.999000e+03 -1.609951e-01 -1.567526e-01 -1.571858e-01 -1.572298e-01 -1.568239e-01 -1.577154e-01
-1.528263e-01 -1.563228e-01 -1.561333e-01 -1.545122e-01 -1.573324e-01 -1.538487e-01 -1.534477e-01 -1.530783e-01 -1.529985e-01 -1.531682e-01 -1.568678e-01 -1.564283e-01 -1.562273e-01 -1.561223e-01 -1.563289e-01 -1.566000e-01 -1.558467e-01 -1.566085e-01 -1.566387e-01 -1.566549e-01 -1.567740e-01 -1.548553e-01 -1.518444e-01 -1.565212e-01 -1.549340e-01 -1.519445e-01 -9.999000e+03 -1.037289e+00 -1.884262e-01 -1.459521e-01 -1.516180e-01 -1.551782e-01 -1.552675e-01 -1.549991e-01 -1.545674e-01 -1.541833e-01 -1.549288e-01 -1.558870e-01 -2.840136e-02 -2.809783e-01 -1.829774e-01 -1.720477e-01 -2.391287e-01 -9.999000e+03 -1.643571e-01 -1.631534e-01 -1.578021e-01 -1.577556e-01 -1.565369e-01 -1.578785e-01
-1.561297e-01 -1.561437e-01 -1.566344e-01 -1.572907e-01 -1.545143e-01 -1.544722e-01 -1.545786e-01 -1.546623e-01 -1.546564e-01 -1.583039e-01 -1.538234e-01 -1.530340e-01 -1.572005e-01 -1.563534e-01 -1.563828e-01 -1.560058e-01 -1.566099e-01 -1.565833e-01 -1.566021e-01 -1.549460e-01 -1.548124e-01 -1.519012e-01 -1.576386e-01 -1.567274e-01 -1.566984e-01 -1.569091e-01 -9.999000e+03 -1.536901e+00 -1.834441e-01 -1.551849e-01 -1.551001e-01 -1.516919e-01 -1.561187e-01 -1.569064e-01 -1.563169e-01 -1.567976e-01 -1.568531e-01 -1.643999e-01 -1.558212e-01 -1.560854e-01 -1.498643e-01 -1.606236e-01 -1.601621e-01 -9.999000e+03 -9.999000e+03 -1.651089e-01 -1.590606e-01 -1.586275e-01 -1.573061e-01 -1.576818e-01
-1.562329e-01 -1.559874e-01 -1.569581e-01 -1.576777e-01 -1.586296e-01 -1.589720e-01 -1.622592e-01 -1.618705e-01 -1.611527e-01 -1.544658e-01 -1.544796e-01 -1.571387e-01 -1.536252e-01 -1.534417e-01 -1.569251e-01 -1.563149e-01 -1.562669e-01 -1.551113e-01 -1.524641e-01 -1.547586e-01 -1.520624e-01 -1.574157e-01 -1.566026e-01 -1.566219e-01 -1.569374e-01 -1.568182e-01 -9.999000e+03 -1.591986e+00 -1.810074e-01 -1.459858e-01 -1.543761e-01 -1.571616e-01 -1.573284e-01 -1.573320e-01 -1.569754e-01 -1.566987e-01 -1.563163e-01 -1.569871e-01 -1.495605e-01 -1.308590e-01 -4.151122e-01 -1.622485e-01 -5.258264e-01 -2.414831e-01 -9.999000e+03 -9.999000e+03 -1.652669e-01 -1.584165e-01 -1.546595e-01 -1.618771e-01
-1.559106e-01 -1.565238e-01 -1.568565e-01 -1.571441e-01 -1.569881e-01 -1.575075e-01 -1.577115e-01 -1.582624e-01 -1.575335e-01 -1.576823e-01 -1.585252e-01 -1.544552e-01 -1.545017e-01 -1.570279e-01 -1.538393e-01 -1.535861e-01 -1.529927e-01 -1.553250e-01 -1.549591e-01 -1.522882e-01 -1.571995e-01 -1.565781e-01 -1.567658e-01 -1.568065e-01 -1.568337e-01 -1.571803e-01 -9.999000e+03 -1.632747e+00 -1.783291e-01 -1.460097e-01 -1.542425e-01 -1.570926e-01 -1.572969e-01 -1.573231e-01 -1.571368e-01 -1.568080e-01 -1.574023e-01 -1.570952e-01 -1.567090e-01 -1.608038e-01 -1.550930e-01 -1.548850e-01 -1.505258e-01 -1.609258e-01 -1.600110e-01 -9.999000e+03 -3.788720e-01 -1.652605e-01 -1.549752e-01 -1.551366e-01
-1.547045e-01 -1.541995e-01 -1.569747e-01 -1.568532e-01 -1.565756e-01 -1.569017e-01 -1.565575e-01 -1.563408e-01 -1.571237e-01 -1.582991e-01 -1.581912e-01 -1.577285e-01 -1.586883e-01 -1.545752e-01 -1.544516e-01 -1.545273e-01 -1.547160e-01 -1.528525e-01 -1.549945e-01 -1.566804e-01 -1.565271e-01 -1.567132e-01 -1.566872e-01 -1.570766e-01 -1.586478e-01 -1.640241e-01 -9.999000e+03 -3.368915e+00 -1.627056e-01 -1.408215e-01 -1.518743e-01 -1.562949e-01 -1.565657e-01 -1.566751e-01 -1.576024e-01 -1.580459e-01 -1.588386e-01 -1.579561e-01 -1.577283e-01 -1.573821e-01 -1.530928e-01 -1.057303e-01 -3.887103e-01 -3.323112e-03 -1.530486e-01 -9.999000e+03 -9.999000e+03 -1.651941e-01 -1.550580e-01 -1.550682e-01
