tests/data/reference/test_implicit_stream_rill_mfda/control/massbalance.asc
ncols	123
nrows	77
xllcorner	-713746.79929998
yllcorner	-1061022.36961616
cellsize	10.0
NODATA_value	-9999
[rows 44 to 65 of 77, columns 50 to 99 of 123]
-1.489077e-01 -1.491247e-01 -1.498402e-01 -1.505142e-01 -1.510555e-01 -1.525272e-01 -1.527299e-01 -1.543326e-01 -1.543438e-01 -1.610585e-01 -1.610424e-01 -1.612049e-01 -1.614554e-01 -1.550576e-01 -1.589490e-01 -4.326647e-01 -1.553673e-01 -1.596997e-01 -1.639911e-01 -1.640439e-01 -1.572677e-01 -1.646608e-01 -1.649970e-01 -1.651788e-01 -1.735112e-01 -1.736790e-01 -1.713114e-01 -1.577850e-01 -9.999000e+03 -9.999000e+03 -9.999000e+03 -9.999000e+03 1.500000e+21 -1.554703e-01 -1.730827e-01 -1.578091e-01 -1.518393e-01 -1.521402e-01 -1.528199e-01 -1.662434e-01 -1.662329e-01 -1.662228e-01 -1.662277e-01 -1.662657e-01 -1.663335e-01 -1.665649e-01 -1.664314e-01 -1.663565e-01 -1.663384e-01 -1.643356e-01
-1.490071e-01 -1.489124e-01 -1.492398e-01 -1.495696e-01 -1.505407e-01 -1.513614e-01 -1.524594e-01 -1.535670e-01 -1.653340e-01 -1.654031e-01 -1.654858e-01 -1.653390e-01 -1.541534e-01 -1.610001e-01 -1.697440e-01 -1.549323e-01 -1.619955e-01 -1.663879e-01 -1.663721e-01 -1.568236e-01 -1.697492e-01 -1.711155e-01 -1.707814e-01 -1.697877e-01 -1.707881e-01 -1.784398e-01 -1.775492e-01 -9.999000e+03 -9.999000e+03 -5.982449e-01 -1.976031e-01 -9.999000e+03 -9.999000e+03 -9.999000e+03 -1.645122e-01 -1.612799e-01 -1.508390e-01 -1.525840e-01 -1.528237e-01 -1.662353e-01 -1.662061e-01 -1.662011e-01 -1.662073e-01 -1.662323e-01 -1.662823e-01 -1.663558e-01 -1.665743e-01 -1.664815e-01 -1.663939e-01 -1.598336e-01
-1.499534e-01 -1.495073e-01 -1.492777e-01 -1.496843e-01 -1.496688e-01 -1.506482e-01 -1.520525e-01 -1.719677e-01 -1.719059e-01 -1.715132e-01 -1.716312e-01 -1.548943e-01 -1.653699e-01 -1.518837e-01 -1.541552e-01 -1.655435e-01 -1.701983e-01 -1.700646e-01 -1.571076e-01 -1.726272e-01 -1.711859e-01 -1.697540e-01 -1.715027e-01 -1.730400e-01 -1.733436e-01 -1.735029e-01 -1.556267e-01 -9.999000e+03 -1.866807e-01 -1.731077e-01 -1.756963e-01 -1.774583e-01 -1.716213e-01 -9.999000e+03 -9.999000e+03 -9.999000e+03 -1.592889e-01 -1.521128e-01 -1.526488e-01 -1.662568e-01 -1.662026e-01 -1.661933e-01 -1.662011e-01 -1.662233e-01 -1.662581e-01 -1.663125e-01 -1.663572e-01 -1.663941e-01 -1.665257e-01 -1.569909e-01
-1.510412e-01 -1.504001e-01 -1.523985e-01 -1.510036e-01 -1.504912e-01 -1.508733e-01 -1.697030e-01 -1.699624e-01 -1.694922e-01 -1.693585e-01 -1.546587e-01 -1.707649e-01 -1.309672e-01 -1.532817e-01 -1.698203e-01 -1.698369e-01 -1.697660e-01 -1.600571e-01 -1.695754e-01 -1.695275e-01 -1.695885e-01 -1.696889e-01 -1.694080e-01 -1.693763e-01 -1.694907e-01 -1.550863e-01 -1.660205e-01 -9.999000e+03 -2.190051e-01 -1.733888e-01 -1.739127e-01 -1.744577e-01 -1.704730e-01 -1.661926e-01 -3.071671e-01 -9.999000e+03 -9.999000e+03 -1.508220e-01 -1.517358e-01 -1.663167e-01 -1.662263e-01 -1.661991e-01 -1.662068e-01 -1.662357e-01 -1.662601e-01 -1.662887e-01 -1.663121e-01 -1.663354e-01 -1.663661e-01 -1.553971e-01
-1.520750e-01 -1.565800e-01 -1.553398e-01 -1.540973e-01 -1.533005e-01 -1.669294e-01 -1.670226e-01 -1.670081e-01 -1.670276e-01 -1.556265e-01 -1.696598e-01 -1.065752e-01 -1.523074e-01 -1.696156e-01 -1.663857e-01 -1.663304e-01 -1.652779e-01 -1.663977e-01 -1.663709e-01 -1.664458e-01 -1.663585e-01 -1.663458e-01 -1.662990e-01 -1.662158e-01 -1.543893e-01 -1.694559e-01 -1.743149e-01 -9.999000e+03 -5.059300e-01 -2.006445e-01 -1.637627e-01 -1.633678e-01 -1.600252e-01 -1.577210e-01 -1.557515e-01 -1.736161e-01 -9.999000e+03 -1.566024e-01 -1.502104e-01 -1.663808e-01 -1.662695e-01 -1.662140e-01 -1.662112e-01 -1.662438e-01 -1.662619e-01 -1.662724e-01 -1.662748e-01 -1.662827e-01 -1.663099e-01 -1.550198e-01
-1.613732e-01 -1.608821e-01 -1.599249e-01 -1.587275e-01 -1.670142e-01 -1.690803e-01 -1.677295e-01 -1.627882e-01 -1.580802e-01 -1.669463e-01 -9.405148e-02 -1.513543e-01 -1.665553e-01 -1.663126e-01 -1.697769e-01 -1.726051e-01 -1.663922e-01 -1.697443e-01 -1.717756e-01 -1.654279e-01 -1.611396e-01 -1.578963e-01 -1.561133e-01 -1.546440e-01 -1.662424e-01 -1.660072e-01 -1.598445e-01 -9.999000e+03 -1.552560e+00 -2.005631e-01 -1.753638e-01 -1.735972e-01 -1.684008e-01 -1.638606e-01 -1.596693e-01 -1.532702e-01 -9.999000e+03 -9.999000e+03 -1.488321e-01 -1.665012e-01 -1.663292e-01 -1.662460e-01 -1.662219e-01 -1.662446e-01 -1.662570e-01 -1.662584e-01 -1.662457e-01 -1.662393e-01 -1.662613e-01 -1.549815e-01
-1.668374e-01 -1.670212e-01 -1.655289e-01 -1.210701e-01 -1.399933e-01 -1.525790e-01 -1.587810e-01 -1.620504e-01 -1.628511e-01 -1.087587e-01 -1.507069e-01 -1.670769e-01 -1.694311e-01 -1.713531e-01 -1.649013e-01 -1.600529e-01 -1.566005e-01 -1.544985e-01 -1.538473e-01 -1.532509e-01 -1.533902e-01 -1.534876e-01 -1.529798e-01 -1.532106e-01 -1.530274e-01 -1.533935e-01 -1.492591e-01 -9.999000e+03 -5.822295e-01 -1.660029e-01 -1.765162e-01 -1.806745e-01 -1.757659e-01 -1.709756e-01 -1.659615e-01 -1.580477e-01 -1.512212e-01 -9.999000e+03 -1.566938e-01 -1.664004e-01 -1.663729e-01 -1.662836e-01 -1.662438e-01 -1.662506e-01 -1.662537e-01 -1.662528e-01 -1.698276e-01 -1.697056e-01 -1.662207e-01 -1.548859e-01
-1.709828e-01 -1.708932e-01 -1.025571e-01 -1.510717e-01 -1.494915e-01 -1.477913e-01 -1.385082e-01 -1.144673e-01 -1.056667e-01 -1.504319e-01 -1.511511e-01 -1.517901e-01 -1.525725e-01 -1.531150e-01 -1.530670e-01 -1.528104e-01 -1.526342e-01 -1.526593e-01 -1.527866e-01 -1.446436e-01 -1.376669e-01 -1.388521e-01 -1.422942e-01 -1.456083e-01 -1.473829e-01 -1.483009e-01 -1.518313e-01 -9.999000e+03 -1.660189e-01 -1.695710e-01 -1.738218e-01 -1.776007e-01 -1.724973e-01 -1.684397e-01 -1.636926e-01 -1.590091e-01 -1.407075e-01 -9.999000e+03 -9.999000e+03 -1.733146e-01 -1.663928e-01 -1.663136e-01 -1.662681e-01 -1.662616e-01 -1.662522e-01 -1.662512e-01 -1.747114e-01 -1.738046e-01 -1.661911e-01 -1.548513e-01
-1.698950e-01 -9.530424e-02 -1.519258e-01 -1.520006e-01 -1.664303e-01 -1.510816e-01 -1.301049e-01 -1.486722e-01 -1.497922e-01 -1.509434e-01 -1.510020e-01 -1.517396e-01 -1.526118e-01 -1.529680e-01 -1.523334e-01 -1.517094e-01 -1.516177e-01 -1.519480e-01 -1.664320e-01 -1.697179e-01 -1.703361e-01 -1.674779e-01 -1.632718e-01 -1.585158e-01 -1.543439e-01 -1.520291e-01 -1.663081e-01 -9.999000e+03 -8.042628e-01 -2.018181e-01 -1.647497e-01 -1.676961e-01 -1.719798e-01 -1.662587e-01 -1.622529e-01 -1.583145e-01 -1.544271e-01 -2.887347e-01 -9.999000e+03 -1.782095e-01 -1.663928e-01 -1.663389e-01 -1.663067e-01 -1.662987e-01 -1.662751e-01 -1.699411e-01 -1.683877e-01 -1.688541e-01 -1.696212e-01 -1.545679e-01
-1.073398e-01 -1.532482e-01 -1.533080e-01 -1.533898e-01 -1.520687e-01 -1.411891e-01 -1.494511e-01 -1.496345e-01 -1.523939e-01 -1.502069e-01 -1.510665e-01 -1.502217e-01 -1.429851e-01 -1.358747e-01 -1.368876e-01 -1.407200e-01 -1.450616e-01 -1.476808e-01 -1.489386e-01 -1.497688e-01 -1.494890e-01 -1.501999e-01 -1.510664e-01 -1.517504e-01 -1.516319e-01 -1.481892e-01 -1.389680e-01 -9.999000e+03 -2.931569e+00 -1.709282e-01 -1.506241e-01 -1.602087e-01 -1.608782e-01 -1.656011e-01 -1.612886e-01 -1.587642e-01 -1.552949e-01 -1.310722e-01 -9.999000e+03 -9.999000e+03 -1.734543e-01 -1.663514e-01 -1.663531e-01 -1.663599e-01 -1.701104e-01 -1.744756e-01 -1.638897e-01 -1.642204e-01 -1.713409e-01 -1.542979e-01
-1.550562e-01 -1.548368e-01 -1.551288e-01 -1.528847e-01 -1.525534e-01 -1.517220e-01 -1.523085e-01 -1.547789e-01 -1.509205e-01 -1.510735e-01 -1.524100e-01 -1.522509e-01 -1.527049e-01 -1.530913e-01 -1.525545e-01 -1.513073e-01 -1.504921e-01 -1.503767e-01 -1.511565e-01 -1.521648e-01 -1.535582e-01 -1.544579e-01 -1.550911e-01 -1.539890e-01 -1.663683e-01 -1.663842e-01 -1.696483e-01 -9.999000e+03 -9.934976e-01 -2.032204e-01 -1.647092e-01 -1.682167e-01 -2.229380e-01 -1.209634e-01 -1.538169e-01 -1.586847e-01 -1.633197e-01 -1.329095e-01 -2.293533e-01 -9.999000e+03 -1.733790e-01 -1.734040e-01 -1.663390e-01 -1.663493e-01 -1.709800e-01 -1.681442e-01 -1.596131e-01 -1.600365e-01 -1.682338e-01 -1.538371e-01
-1.578430e-01 -1.578631e-01 -1.538277e-01 -1.567006e-01 -1.539983e-01 -1.568040e-01 -1.596531e-01 -1.529544e-01 -1.514536e-01 -1.540375e-01 -1.524899e-01 -1.664577e-01 -1.523730e-01 -1.469106e-01 -1.294823e-01 -1.240751e-01 -1.118061e-01 -9.150448e-02 -8.625799e-02 -1.029443e-01 -1.249686e-01 -1.446708e-01 -1.570859e-01 -1.642567e-01 -1.649303e-01 -1.649285e-01 -9.999000e+03 -9.999000e+03 -1.904533e-01 -1.702157e-01 -1.730602e-01 -1.712383e-01 -1.679041e-01 -1.637758e-01 -1.595121e-01 -1.637891e-01 -1.596479e-01 -1.441994e-01 -1.329421e-01 -9.999000e+03 -1.729132e-01 -1.730125e-01 -1.662670e-01 -1.697736e-01 -1.674784e-01 -1.630607e-01 -1.569303e-01 -1.568531e-01 -1.657245e-01 -1.534981e-01
-1.615540e-01 -1.541130e-01 -1.588521e-01 -1.552294e-01 -1.621878e-01 -1.669471e-01 -1.567034e-01 -1.520535e-01 -1.570117e-01 -1.532672e-01 -1.552104e-01 -1.536881e-01 -1.554359e-01 -1.556912e-01 -1.547740e-01 -1.535688e-01 -1.536536e-01 -1.511410e-01 -1.420103e-01 -1.341102e-01 -1.364349e-01 -1.415982e-01 -1.466107e-01 -1.495729e-01 -1.498057e-01 -1.492622e-01 -9.999000e+03 -2.604485e-01 -1.653089e-01 -1.674064e-01 -1.733264e-01 -1.689259e-01 -1.660671e-01 -1.617439e-01 -1.581661e-01 -1.557278e-01 -1.615340e-01 -1.583115e-01 -1.163181e-01 -9.999000e+03 -9.999000e+03 -1.729635e-01 -1.764449e-01 -1.717944e-01 -1.638414e-01 -1.598732e-01 -1.552883e-01 -1.554306e-01 -1.605764e-01 -1.526422e-01
-1.546409e-01 -1.616063e-01 -1.556451e-01 -1.672412e-01 -1.711306e-01 -1.605090e-01 -1.533741e-01 -1.609793e-01 -1.537098e-01 -1.576695e-01 -1.577327e-01 -1.578841e-01 -1.576258e-01 -1.579403e-01 -1.543782e-01 -1.559964e-01 -1.556763e-01 -1.534388e-01 -1.531077e-01 -1.497507e-01 -1.389584e-01 -1.267016e-01 -1.102187e-01 -1.081683e-01 -1.180952e-01 -1.304152e-01 -9.999000e+03 -4.439365e-01 -1.642890e-01 -1.673721e-01 -1.723989e-01 -1.688163e-01 -1.654052e-01 -1.607660e-01 -1.578284e-01 -1.562267e-01 -1.625701e-01 -1.598051e-01 -1.609916e-01 -2.168487e-01 -9.999000e+03 -1.750168e-01 -1.798871e-01 -1.713719e-01 -1.604800e-01 -1.573605e-01 -1.544287e-01 -1.542530e-01 -1.572069e-01 -1.528473e-01
-1.652867e-01 -1.540573e-01 -1.699480e-01 -1.701903e-01 -1.663707e-01 -1.538373e-01 -1.654910e-01 -1.534756e-01 -1.609665e-01 -1.608282e-01 -1.609541e-01 -1.611449e-01 -1.614725e-01 -1.546514e-01 -1.583812e-01 -1.581678e-01 -1.538093e-01 -1.563778e-01 -1.564542e-01 -1.540529e-01 -1.554534e-01 -1.550789e-01 -1.480946e-01 -1.369099e-01 -1.354277e-01 -1.383569e-01 -9.999000e+03 -3.091973e-01 -1.647928e-01 -1.674899e-01 -1.711845e-01 -1.684509e-01 -2.351775e-01 -2.641593e-01 -1.841439e-01 1.761303e-01 -2.012816e-01 -6.704385e-01 -4.362408e-01 2.928689e-02 -9.999000e+03 -9.999000e+03 -1.758610e-01 -1.728547e-01 -1.582218e-01 -1.562971e-01 -1.543079e-01 -1.540356e-01 -1.555488e-01 -1.526749e-01
-1.536060e-01 -1.695584e-01 -1.663423e-01 -1.719310e-01 -1.563286e-01 -1.704634e-01 -1.521156e-01 -1.657003e-01 -1.659070e-01 -1.657498e-01 -1.655475e-01 -1.658070e-01 -1.545125e-01 -1.619357e-01 -1.620125e-01 -1.548621e-01 -1.585907e-01 -1.588493e-01 -1.550531e-01 -1.572064e-01 -1.574130e-01 -1.575821e-01 -1.602813e-01 -1.584708e-01 -1.671125e-01 -2.245057e-01 -9.999000e+03 -5.918629e-01 -1.629547e-01 -1.762828e-01 -2.145155e-01 -2.079501e-01 -1.713796e-01 -2.045748e-01 -2.769728e-01 -1.734569e-01 -1.737384e-01 -1.591780e-01 -3.367408e-01 -1.847791e-01 -5.373579e-02 -9.999000e+03 -9.999000e+03 -1.685698e-01 -1.644148e-01 -1.550255e-01 -1.532664e-01 -1.528180e-01 -1.539279e-01 -1.523352e-01
-1.663882e-01 -1.663595e-01 -1.700536e-01 -1.613275e-01 -1.702643e-01 -1.511296e-01 -1.703202e-01 -1.707824e-01 -1.712648e-01 -1.712513e-01 -1.700302e-01 -1.535404e-01 -1.655736e-01 -1.659713e-01 -1.544581e-01 -1.619844e-01 -1.623596e-01 -1.558027e-01 -1.596180e-01 -1.598100e-01 -1.600532e-01 -1.641239e-01 -1.660345e-01 -1.660129e-01 -1.686492e-01 -1.659622e-01 -9.999000e+03 -2.064798e-01 -1.703904e-01 -1.646880e-01 -1.631259e-01 -1.748265e-01 -1.694794e-01 -1.693005e-01 -1.690782e-01 -1.689292e-01 -1.682846e-01 -1.678087e-01 -1.677641e-01 -1.848977e-01 -1.797460e-01 7.315185e-02 -9.999000e+03 -9.999000e+03 -1.612699e-01 -1.543545e-01 -1.525208e-01 -1.521299e-01 -1.523735e-01 -1.521441e-01
-1.696129e-01 -1.697746e-01 -1.663199e-01 -1.670553e-01 -1.526920e-01 -1.695774e-01 -1.693071e-01 -1.695491e-01 -1.696838e-01 -1.696787e-01 -1.529017e-01 -1.688837e-01 -1.694532e-01 -1.548650e-01 -1.654641e-01 -1.654112e-01 -1.557599e-01 -1.625646e-01 -1.630120e-01 -1.634653e-01 -1.681714e-01 -1.661873e-01 -1.696296e-01 -1.736851e-01 -1.659844e-01 -1.694931e-01 -9.999000e+03 -1.060183e+00 -2.118409e-01 -1.605094e-01 -1.696683e-01 -1.659940e-01 -1.659780e-01 -1.659430e-01 -1.659060e-01 -1.658740e-01 -1.655324e-01 -1.655009e-01 -1.391806e-01 -3.906120e-01 -1.833027e-01 -1.773295e-01 1.368203e-01 -9.999000e+03 -1.583661e-01 -1.596773e-01 -1.522210e-01 -1.521232e-01 -1.518676e-01 -1.518690e-01
-1.701599e-01 -1.654377e-01 -1.612754e-01 -1.570843e-01 -1.669991e-01 -1.669958e-01 -1.666799e-01 -1.664756e-01 -1.664892e-01 -1.525817e-01 -1.692798e-01 -1.693133e-01 -1.531773e-01 -1.692216e-01 -1.692071e-01 -1.549899e-01 -1.651349e-01 -1.660769e-01 -1.669218e-01 -1.739904e-01 -1.662021e-01 -1.695989e-01 -1.716538e-01 -1.694526e-01 -1.647171e-01 -1.601280e-01 -9.999000e+03 -1.564976e+00 -2.023458e-01 -1.659930e-01 -1.660059e-01 -1.696521e-01 -1.744748e-01 -1.728349e-01 -1.657479e-01 -1.617109e-01 -1.588015e-01 -1.356125e-01 -1.655026e-01 -1.654965e-01 -1.681812e-01 -1.837821e-01 -1.777259e-01 -9.999000e+03 -9.999000e+03 -1.563205e-01 -1.511783e-01 -1.517818e-01 -1.516290e-01 -1.517650e-01
-1.541418e-01 -1.546449e-01 -1.537811e-01 -1.524747e-01 -1.505860e-01 -1.497509e-01 -1.506329e-01 -1.517807e-01 -1.525321e-01 -1.669860e-01 -1.670071e-01 -1.519464e-01 -1.692583e-01 -1.693840e-01 -1.535771e-01 -1.690708e-01 -1.690688e-01 -1.697624e-01 -1.697948e-01 -1.662247e-01 -1.695674e-01 -1.712270e-01 -1.680467e-01 -1.652067e-01 -1.602690e-01 -1.566563e-01 -9.999000e+03 -1.621068e+00 -1.987441e-01 -1.598257e-01 -1.629946e-01 -1.599757e-01 -1.558185e-01 -1.533725e-01 -1.523217e-01 -1.519031e-01 -1.521851e-01 -1.528013e-01 -9.646453e-02 -1.347487e-01 -2.044356e-01 -4.291648e-01 -8.485301e-01 -1.635327e-02 -9.999000e+03 -9.999000e+03 -1.584155e-01 -1.512316e-01 -1.662681e-01 -1.514779e-01
-1.713254e-01 -1.649308e-01 -1.590414e-01 -1.547355e-01 -1.518114e-01 -1.509846e-01 -1.516097e-01 -1.522537e-01 -1.525308e-01 -1.522867e-01 -1.515927e-01 -1.669693e-01 -1.670401e-01 -1.522843e-01 -1.696498e-01 -1.692496e-01 -1.693955e-01 -1.663750e-01 -1.662959e-01 -1.696425e-01 -1.723742e-01 -1.676470e-01 -1.657765e-01 -1.606679e-01 -1.573912e-01 -1.549292e-01 -9.999000e+03 -1.661265e+00 -1.981279e-01 -1.596399e-01 -1.633433e-01 -1.608039e-01 -1.566526e-01 -1.536786e-01 -1.521559e-01 -1.511431e-01 -1.510989e-01 -1.519752e-01 -1.524714e-01 -1.567472e-01 -1.655258e-01 -1.655343e-01 -1.693466e-01 -1.832509e-01 -4.913737e-02 -9.999000e+03 -3.727315e-01 -1.590583e-01 -1.662999e-01 -1.663373e-01
-1.663782e-01 -1.713333e-01 -1.680497e-01 -1.616975e-01 -1.574795e-01 -1.550454e-01 -1.541366e-01 -1.527268e-01 -1.521304e-01 -1.520587e-01 -1.516488e-01 -1.514710e-01 -1.514865e-01 -1.669055e-01 -1.669636e-01 -1.670766e-01 -1.663519e-01 -1.695647e-01 -1.694722e-01 -1.670690e-01 -1.642804e-01 -1.607617e-01 -1.578455e-01 -1.559808e-01 -1.539446e-01 -1.539137e-01 -9.999000e+03 -3.419336e+00 -1.743173e-01 -1.448929e-01 -1.550814e-01 -1.568125e-01 -1.545999e-01 -1.521194e-01 -1.505642e-01 -1.503744e-01 -1.505593e-01 -1.510795e-01 -1.519798e-01 -1.529883e-01 -1.568774e-01 -4.776887e-01 -2.152879e-01 -1.000000e+20 1.000000e+20 -9.999000e+03 -9.999000e+03 -1.563523e-01 -1.663201e-01 -1.663225e-01
