tests/data/reference/test_implicit_stream_rill_mfda/control/massbalance.asc
ncols	123
nrows	77
xllcorner	-713746.79929998
yllcorner	-1061022.36961616
cellsize	10.0
NODATA_value	-9999
[rows 22 to 43 of 77, columns 50 to 99 of 123]
-1.460945e-01 -1.502315e-01 -1.459960e-01 -1.461044e-01 -1.460684e-01 -1.459485e-01 -1.458978e-01 -1.458947e-01 -1.458795e-01 -1.458566e-01 -1.458892e-01 -1.459644e-01 -1.460122e-01 -1.459763e-01 -1.459045e-01 -1.458545e-01 -1.457281e-01 -1.456429e-01 -1.420450e-01 -1.459519e-01 -1.460387e-01 -1.461081e-01 -1.461758e-01 -1.462668e-01 -1.463718e-01 -1.461867e-01 -1.490647e-01 -1.460555e-01 -1.460551e-01 -1.422760e-01 -1.457444e-01 -1.458760e-01 -1.461238e-01 -1.492044e-01 -9.999000e+03 -9.999000e+03 -9.999000e+03 -9.999000e+03 -9.999000e+03 -9.999000e+03 -9.999000e+03 -9.999000e+03 -9.999000e+03 -9.999000e+03 -9.999000e+03 -9.999000e+03 -9.999000e+03 -9.999000e+03 -9.999000e+03 -9.999000e+03
-1.459156e-01 -1.502807e-01 -1.462030e-01 -1.461244e-01 -1.460037e-01 -1.458719e-01 -1.458718e-01 -1.459053e-01 -1.458973e-01 -1.458701e-01 -1.458971e-01 -1.459404e-01 -1.459062e-01 -1.458517e-01 -1.458421e-01 -1.458182e-01 -1.457135e-01 -1.456479e-01 -1.420361e-01 -1.458474e-01 -1.459663e-01 -1.460946e-01 -1.461821e-01 -1.462132e-01 -1.462099e-01 -1.462491e-01 -1.494121e-01 -1.462368e-01 -1.459710e-01 -1.457294e-01 -1.416789e-01 -1.452933e-01 -1.457764e-01 -1.462181e-01 -1.491760e-01 -1.487737e-01 -9.999000e+03 -9.999000e+03 -9.999000e+03 -9.999000e+03 -9.999000e+03 -9.999000e+03 -9.999000e+03 -9.999000e+03 -9.999000e+03 -9.999000e+03 -9.999000e+03 -9.999000e+03 -9.999000e+03 -9.999000e+03
-1.503003e-01 -1.460792e-01 -1.462590e-01 -1.460662e-01 -1.459301e-01 -1.458623e-01 -1.458869e-01 -1.458986e-01 -1.458605e-01 -1.458244e-01 -1.458684e-01 -1.459219e-01 -1.459035e-01 -1.459017e-01 -1.458829e-01 -1.457848e-01 -1.456857e-01 -1.456739e-01 -1.422196e-01 -1.460107e-01 -1.460367e-01 -1.460784e-01 -1.461166e-01 -1.461290e-01 -1.461248e-01 -1.461604e-01 -1.462808e-01 -1.461193e-01 -1.492097e-01 -1.457589e-01 -1.457251e-01 -1.458023e-01 -1.426198e-01 -1.458897e-01 -1.461669e-01 -1.462876e-01 -1.486487e-01 -9.999000e+03 -9.999000e+03 -9.999000e+03 -9.999000e+03 -9.999000e+03 -9.999000e+03 -9.999000e+03 -9.999000e+03 -9.999000e+03 -9.999000e+03 -9.999000e+03 -9.999000e+03 -9.999000e+03
-1.462113e-01 -1.505085e-01 -1.460908e-01 -1.459965e-01 -1.459177e-01 -1.458827e-01 -1.458621e-01 -1.458256e-01 -1.457820e-01 -1.458000e-01 -1.458999e-01 -1.459717e-01 -1.459616e-01 -1.459281e-01 -1.458265e-01 -1.457104e-01 -1.457104e-01 -1.458085e-01 -1.423877e-01 -1.461593e-01 -1.461089e-01 -1.460701e-01 -1.460618e-01 -1.460572e-01 -1.460518e-01 -1.460589e-01 -1.460964e-01 -1.461820e-01 -1.463977e-01 -1.463941e-01 -1.493176e-01 -1.462467e-01 -1.427118e-01 -1.455994e-01 -1.458973e-01 -1.463001e-01 -1.466711e-01 -1.490441e-01 -1.487306e-01 -1.487022e-01 -9.999000e+03 -9.999000e+03 -9.999000e+03 -9.999000e+03 -9.999000e+03 -9.999000e+03 -9.999000e+03 -9.999000e+03 -9.999000e+03 -9.999000e+03
-1.460510e-01 -1.505963e-01 -1.461626e-01 -1.459432e-01 -1.458801e-01 -1.458071e-01 -1.457644e-01 -1.457667e-01 -1.458093e-01 -1.459146e-01 -1.460006e-01 -1.460034e-01 -1.459417e-01 -1.458582e-01 -1.457728e-01 -1.457608e-01 -1.458435e-01 -1.459200e-01 -1.426645e-01 -1.459926e-01 -1.459716e-01 -1.459537e-01 -1.459333e-01 -1.459186e-01 -1.459199e-01 -1.459471e-01 -1.460049e-01 -1.461004e-01 -1.462154e-01 -1.463008e-01 -1.463638e-01 -1.461963e-01 -1.459759e-01 -1.459314e-01 -1.458859e-01 -1.459746e-01 -1.461283e-01 -1.462986e-01 -1.462699e-01 -1.488231e-01 -1.460758e-01 -1.486672e-01 -9.999000e+03 -9.999000e+03 -9.999000e+03 -9.999000e+03 -9.999000e+03 -9.999000e+03 -9.999000e+03 -9.999000e+03
-1.460163e-01 -1.461501e-01 -1.459738e-01 -1.505426e-01 -1.457878e-01 -1.457037e-01 -1.457094e-01 -1.458012e-01 -1.459214e-01 -1.460299e-01 -1.460281e-01 -1.459624e-01 -1.458886e-01 -1.458263e-01 -1.458270e-01 -1.458879e-01 -1.459335e-01 -1.458963e-01 -1.432910e-01 -1.458319e-01 -1.458382e-01 -1.458339e-01 -1.457996e-01 -1.457777e-01 -1.457881e-01 -1.458360e-01 -1.459153e-01 -1.460015e-01 -1.460771e-01 -1.461124e-01 -1.461892e-01 -1.463005e-01 -1.463889e-01 -1.462529e-01 -1.459227e-01 -1.456964e-01 -1.457040e-01 -1.458597e-01 -1.491021e-01 -1.489188e-01 -1.459883e-01 -1.458733e-01 -1.459749e-01 -1.334705e-01 -9.999000e+03 -9.999000e+03 -9.999000e+03 -9.999000e+03 -9.999000e+03 -9.999000e+03
-1.459719e-01 -1.459404e-01 -1.459005e-01 -1.460198e-01 -1.458406e-01 -1.458570e-01 -1.501390e-01 -1.459042e-01 -1.459814e-01 -1.460227e-01 -1.459878e-01 -1.459396e-01 -1.459023e-01 -1.458679e-01 -1.458744e-01 -1.458768e-01 -1.458196e-01 -1.457333e-01 -1.433739e-01 -1.459290e-01 -1.459640e-01 -1.459729e-01 -1.459657e-01 -1.459512e-01 -1.459373e-01 -1.459313e-01 -1.459449e-01 -1.459833e-01 -1.460238e-01 -1.460490e-01 -1.460696e-01 -1.461307e-01 -1.461854e-01 -1.461325e-01 -1.460002e-01 -1.458672e-01 -1.457953e-01 -1.458372e-01 -1.460200e-01 -1.460757e-01 -1.489062e-01 -1.459552e-01 -9.999000e+03 -1.244138e-01 -1.317225e-01 -1.305044e-01 -9.999000e+03 -9.999000e+03 -9.999000e+03 -9.999000e+03
-1.459246e-01 -1.458715e-01 -1.458267e-01 -1.458187e-01 -1.458492e-01 -1.459170e-01 -1.501789e-01 -1.460904e-01 -1.459615e-01 -1.460006e-01 -1.460014e-01 -1.459698e-01 -1.459343e-01 -1.458855e-01 -1.458423e-01 -1.457587e-01 -1.456516e-01 -1.456304e-01 -1.457838e-01 -1.410083e-01 -1.460953e-01 -1.461187e-01 -1.461375e-01 -1.461242e-01 -1.460837e-01 -1.460282e-01 -1.459786e-01 -1.459704e-01 -1.459765e-01 -1.459716e-01 -1.459566e-01 -1.459683e-01 -1.460025e-01 -1.460496e-01 -1.460973e-01 -1.460666e-01 -1.459421e-01 -1.458450e-01 -1.458621e-01 -1.459622e-01 -1.460984e-01 -9.999000e+03 -9.999000e+03 -8.258109e-02 -1.047819e-01 -1.477862e-01 -1.295338e-01 -9.999000e+03 -9.999000e+03 -9.999000e+03
-1.457945e-01 -1.457371e-01 -1.457154e-01 -1.457470e-01 -1.458195e-01 -1.458975e-01 -1.460744e-01 -1.501932e-01 -1.459666e-01 -1.460458e-01 -1.460098e-01 -1.458961e-01 -1.458079e-01 -1.457292e-01 -1.456735e-01 -1.456204e-01 -1.456467e-01 -1.458108e-01 -1.460490e-01 -1.462231e-01 -1.420140e-01 -1.461199e-01 -1.460860e-01 -1.460452e-01 -1.460131e-01 -1.459941e-01 -1.459804e-01 -1.459725e-01 -1.459461e-01 -1.459294e-01 -1.459521e-01 -1.459921e-01 -1.460410e-01 -1.460893e-01 -1.461250e-01 -1.461311e-01 -1.493239e-01 -1.491742e-01 -1.460142e-01 -1.460590e-01 -9.999000e+03 -9.999000e+03 -7.710345e-01 -1.446806e-01 -1.453082e-01 -1.462666e-01 -1.478909e-01 -1.292268e-01 -9.999000e+03 -9.999000e+03
-1.456418e-01 -1.455829e-01 -1.455896e-01 -1.456743e-01 -1.457882e-01 -1.458701e-01 -1.459192e-01 -1.461031e-01 -1.502905e-01 -1.460546e-01 -1.459027e-01 -1.457218e-01 -1.456215e-01 -1.455454e-01 -1.455357e-01 -1.456101e-01 -1.458247e-01 -1.460953e-01 -1.462804e-01 -1.463553e-01 -1.430936e-01 -1.461022e-01 -1.460249e-01 -1.459662e-01 -1.459463e-01 -1.459617e-01 -1.459822e-01 -1.459669e-01 -1.459113e-01 -1.458854e-01 -1.459440e-01 -1.460093e-01 -1.460730e-01 -1.461211e-01 -1.461437e-01 -1.497556e-01 -1.495503e-01 -1.493747e-01 -1.461706e-01 -9.999000e+03 -9.999000e+03 -4.977424e-01 -1.444112e-01 -1.460672e-01 -1.458932e-01 -1.458485e-01 -1.461386e-01 -1.481027e-01 -1.479297e-01 -9.999000e+03
-1.452930e-01 -1.453563e-01 -1.454530e-01 -1.455732e-01 -1.456581e-01 -1.457065e-01 -1.500154e-01 -1.458619e-01 -1.459050e-01 -1.460006e-01 -1.457428e-01 -1.456872e-01 -1.457044e-01 -1.457279e-01 -1.458280e-01 -1.459871e-01 -1.461680e-01 -1.462770e-01 -1.462707e-01 -1.462133e-01 -1.411020e-01 -1.459062e-01 -1.458788e-01 -1.458879e-01 -1.459227e-01 -1.459615e-01 -1.459776e-01 -1.459471e-01 -1.458891e-01 -1.458397e-01 -1.458580e-01 -1.458759e-01 -1.459132e-01 -1.459638e-01 -1.499684e-01 -1.498896e-01 -1.497281e-01 -1.495627e-01 -9.999000e+03 -9.999000e+03 -5.364727e-01 -1.443183e-01 -1.461352e-01 -1.462301e-01 -1.484649e-01 -1.482346e-01 -1.461277e-01 -1.462384e-01 -1.464080e-01 -1.480743e-01
-1.448507e-01 -1.487603e-01 -1.452914e-01 -1.455726e-01 -1.456680e-01 -1.456759e-01 -1.457037e-01 -1.458792e-01 -1.457664e-01 -1.457409e-01 -1.457522e-01 -1.458391e-01 -1.459444e-01 -1.460479e-01 -1.461917e-01 -1.462930e-01 -1.463139e-01 -1.462575e-01 -1.461272e-01 -1.459799e-01 -1.457988e-01 -1.439866e-01 -1.457399e-01 -1.458149e-01 -1.459032e-01 -1.459637e-01 -1.459718e-01 -1.459271e-01 -1.458659e-01 -1.458156e-01 -1.457721e-01 -1.457418e-01 -1.457529e-01 -1.499526e-01 -1.499096e-01 -1.498892e-01 -9.999000e+03 -9.999000e+03 -9.999000e+03 -1.974665e-01 -1.438784e-01 -1.460728e-01 -1.461409e-01 -1.491158e-01 -1.489311e-01 -1.464301e-01 -1.461794e-01 -1.459119e-01 -1.457971e-01 -1.482343e-01
-1.442122e-01 -1.457588e-01 -1.464174e-01 -1.468280e-01 -1.497251e-01 -1.497707e-01 -1.459083e-01 -1.459506e-01 -1.459599e-01 -1.459507e-01 -1.459858e-01 -1.460405e-01 -1.460849e-01 -1.461465e-01 -1.462134e-01 -1.462161e-01 -1.461698e-01 -1.460919e-01 -1.459641e-01 -1.458305e-01 -1.456970e-01 -1.569602e-01 -1.457175e-01 -1.457385e-01 -1.457907e-01 -1.458310e-01 -1.458295e-01 -1.457898e-01 -1.457561e-01 -1.457593e-01 -1.457747e-01 -1.457782e-01 -1.458045e-01 -1.499203e-01 -1.499146e-01 -9.999000e+03 -9.999000e+03 -7.387843e-01 -2.002422e-01 -1.460426e-01 -1.460199e-01 -1.460894e-01 -1.494128e-01 -1.493113e-01 -1.491824e-01 -1.462210e-01 -1.461709e-01 -1.461296e-01 -1.484359e-01 -1.484546e-01
-1.490170e-01 -1.446009e-01 -1.449529e-01 -1.495577e-01 -1.465163e-01 -1.498369e-01 -1.498156e-01 -1.502203e-01 -1.502988e-01 -1.503169e-01 -1.503627e-01 -1.503893e-01 -1.504068e-01 -1.504512e-01 -1.504698e-01 -1.504280e-01 -1.503543e-01 -1.502189e-01 -1.500230e-01 -1.498455e-01 -1.496907e-01 -1.495870e-01 -1.336316e-01 -1.496073e-01 -1.496598e-01 -1.497175e-01 -1.456714e-01 -1.456363e-01 -1.456341e-01 -1.456876e-01 -1.457658e-01 -1.458169e-01 -1.458585e-01 -1.499362e-01 -9.999000e+03 -9.999000e+03 -5.593762e-01 -1.425475e-01 -1.459622e-01 -1.459870e-01 -1.460359e-01 -1.496721e-01 -1.495600e-01 -1.494290e-01 -1.492935e-01 -1.491189e-01 -1.461524e-01 -1.462627e-01 -1.488556e-01 -1.463625e-01
-1.495241e-01 -1.493408e-01 -1.535738e-01 -1.497900e-01 -1.495488e-01 -1.456723e-01 -1.458864e-01 -1.459854e-01 -1.454475e-01 -1.496344e-01 -1.494905e-01 -1.493638e-01 -1.492816e-01 -1.492460e-01 -1.491555e-01 -1.490336e-01 -1.437687e-01 -1.489686e-01 -1.490180e-01 -1.491145e-01 -1.492185e-01 -1.493129e-01 -1.533257e-01 -1.448090e-01 -1.455940e-01 -1.494254e-01 -1.496932e-01 -1.496051e-01 -1.456997e-01 -1.457677e-01 -1.458453e-01 -1.459020e-01 -1.459235e-01 -9.999000e+03 -9.999000e+03 -1.499345e-01 -1.431643e-01 -1.458801e-01 -1.459417e-01 -1.459532e-01 -1.459798e-01 -1.497568e-01 -1.496661e-01 -1.495268e-01 -1.493912e-01 -1.492362e-01 -1.460632e-01 -1.460648e-01 -1.461308e-01 -1.460885e-01
-1.502012e-01 -1.501455e-01 -1.495887e-01 -1.497463e-01 -1.494886e-01 -1.491610e-01 -1.495372e-01 -1.499185e-01 -1.496594e-01 -1.447228e-01 -1.447054e-01 -1.446787e-01 -1.447060e-01 -1.447284e-01 -1.445824e-01 -1.444938e-01 -1.445546e-01 -1.444990e-01 -1.450113e-01 -1.486472e-01 -1.489490e-01 -1.492289e-01 -1.495600e-01 -1.499602e-01 -1.456082e-01 -1.495501e-01 -1.493699e-01 -1.493084e-01 -1.496450e-01 -1.458648e-01 -1.459452e-01 -1.459965e-01 -9.999000e+03 -9.999000e+03 -1.500546e-01 -1.499820e-01 -1.459383e-01 -1.459843e-01 -1.459519e-01 -1.459303e-01 -1.459307e-01 -1.497850e-01 -1.497244e-01 -1.495983e-01 -1.494756e-01 -1.493328e-01 -1.491656e-01 -1.490059e-01 -1.458489e-01 -1.458536e-01
-1.498376e-01 -1.540648e-01 -1.498493e-01 -1.496975e-01 -1.494434e-01 -1.549854e-01 -1.343947e-01 -1.446520e-01 -1.449940e-01 -1.450796e-01 -1.445016e-01 -1.449653e-01 -1.447819e-01 -1.450505e-01 -1.446051e-01 -1.446711e-01 -1.448198e-01 -1.448490e-01 -1.493425e-01 -1.461827e-01 -1.461412e-01 -1.492995e-01 -1.494075e-01 -1.495792e-01 -1.451962e-01 -1.492712e-01 -1.493066e-01 -1.493941e-01 -1.494863e-01 -1.498172e-01 -1.459769e-01 -9.999000e+03 -9.999000e+03 -1.500468e-01 -1.500837e-01 -1.500117e-01 -1.459732e-01 -1.459818e-01 -1.459728e-01 -1.459752e-01 -1.498523e-01 -1.498539e-01 -1.498060e-01 -1.496817e-01 -1.495532e-01 -1.494231e-01 -1.492746e-01 -1.491012e-01 -1.489519e-01 -1.459069e-01
-1.459204e-01 -1.460776e-01 -1.460376e-01 -1.409116e-01 -1.391919e-01 -1.458925e-01 -1.458875e-01 -1.459261e-01 -1.458012e-01 -1.456674e-01 -1.455954e-01 -1.455213e-01 -1.454619e-01 -1.495996e-01 -1.495246e-01 -1.494253e-01 -1.493239e-01 -1.492532e-01 -1.446525e-01 -1.447126e-01 -1.491980e-01 -1.460381e-01 -1.463147e-01 -1.463076e-01 -1.456553e-01 -1.449998e-01 -1.492699e-01 -1.494935e-01 -1.495899e-01 -1.496816e-01 -9.999000e+03 -9.999000e+03 -1.660587e-01 -1.460815e-01 -1.501002e-01 -1.500244e-01 -1.459557e-01 -1.459745e-01 -1.459891e-01 -1.460117e-01 -1.499528e-01 -1.499608e-01 -1.499193e-01 -1.497933e-01 -1.496346e-01 -1.494930e-01 -1.493933e-01 -1.492730e-01 -1.491019e-01 -1.459914e-01
-1.458836e-01 -1.459063e-01 -1.416058e-01 -1.461418e-01 -1.461222e-01 -1.461072e-01 -1.462234e-01 -1.463329e-01 -1.462588e-01 -1.461486e-01 -1.460766e-01 -1.459720e-01 -1.458624e-01 -1.457881e-01 -1.457247e-01 -1.456343e-01 -1.455239e-01 -1.495933e-01 -1.494726e-01 -1.492782e-01 -1.448200e-01 -1.442663e-01 -1.450181e-01 -1.549459e-01 -1.524561e-01 -1.456747e-01 -1.455373e-01 -1.491634e-01 -1.494312e-01 -1.533818e-01 -9.999000e+03 -5.744677e-01 -1.459758e-01 -1.459285e-01 -1.501429e-01 -1.461113e-01 -1.459693e-01 -1.459596e-01 -1.459733e-01 -1.459949e-01 -1.500323e-01 -1.500388e-01 -1.499924e-01 -1.498783e-01 -1.497131e-01 -1.495396e-01 -1.494542e-01 -1.493942e-01 -1.492567e-01 -1.490941e-01
-1.429549e-01 -1.413394e-01 -1.460702e-01 -1.461197e-01 -1.460967e-01 -1.460813e-01 -1.461852e-01 -1.463292e-01 -1.463271e-01 -1.462841e-01 -1.462795e-01 -1.462067e-01 -1.460677e-01 -1.459729e-01 -1.459359e-01 -1.458844e-01 -1.457935e-01 -1.457124e-01 -1.454766e-01 -1.455527e-01 -1.495269e-01 -1.491934e-01 -1.491981e-01 -9.999000e+03 -9.999000e+03 -9.999000e+03 -3.082914e-01 -1.493678e-01 -1.497762e-01 -9.999000e+03 -9.999000e+03 -1.465539e-01 -1.497395e-01 -1.458634e-01 -1.501991e-01 -1.460456e-01 -1.459926e-01 -1.459471e-01 -1.459537e-01 -1.500510e-01 -1.500962e-01 -1.501078e-01 -1.500411e-01 -1.499221e-01 -1.497688e-01 -1.495779e-01 -1.494756e-01 -1.494538e-01 -1.493894e-01 -1.492783e-01
-1.461865e-01 -1.460757e-01 -1.460816e-01 -1.461510e-01 -1.461515e-01 -1.461168e-01 -1.461724e-01 -1.463023e-01 -1.463428e-01 -1.463576e-01 -1.464376e-01 -1.464428e-01 -1.463039e-01 -1.461721e-01 -1.461239e-01 -1.460916e-01 -1.460208e-01 -1.446744e-01 -1.459116e-01 -1.458322e-01 -1.456455e-01 -1.454191e-01 -1.494938e-01 -1.495412e-01 -1.487346e-01 -9.999000e+03 -9.999000e+03 -9.999000e+03 -5.647810e+01 -9.999000e+03 -2.458387e-01 -1.490053e-01 -1.491694e-01 -1.497332e-01 -1.459012e-01 -1.458539e-01 -1.459173e-01 -1.459546e-01 -1.459764e-01 -1.500957e-01 -1.501369e-01 -1.501740e-01 -1.501189e-01 -1.499815e-01 -1.498176e-01 -1.496171e-01 -1.494964e-01 -1.494705e-01 -1.494394e-01 -1.461063e-01
-1.462100e-01 -1.461682e-01 -1.460975e-01 -1.461181e-01 -1.461341e-01 -1.460856e-01 -1.460743e-01 -1.461500e-01 -1.461870e-01 -1.462041e-01 -1.463303e-01 -1.464464e-01 -1.464028e-01 -1.463064e-01 -1.462567e-01 -1.462406e-01 -1.466359e-01 -1.461551e-01 -1.461579e-01 -1.461252e-01 -1.459898e-01 -1.458453e-01 -1.457479e-01 -1.499897e-01 -1.497111e-01 -1.487434e-01 -1.489187e-01 -9.999000e+03 -9.999000e+03 -9.999000e+03 -6.315980e+01 -1.492758e-01 -1.458045e-01 -1.490651e-01 -1.455286e-01 -1.456137e-01 -1.458000e-01 -1.459474e-01 -1.460018e-01 -1.501590e-01 -1.501717e-01 -1.502158e-01 -1.501928e-01 -1.500634e-01 -1.498793e-01 -1.496557e-01 -1.495151e-01 -1.494636e-01 -1.494278e-01 -1.459445e-01
