tests/data/reference/test_implicit_stream_rill_mfda/control/massbalance.asc
ncols	123
nrows	77
xllcorner	-713746.79929998
yllcorner	-1061022.36961616
cellsize	10.0
NODATA_value	-9999
[rows 44 to 65 of 77, columns 0 to 49 of 123]
-9.999000e+03 -9.999000e+03 -9.999000e+03 -9.999000e+03 -9.999000e+03 -9.999000e+03 -9.999000e+03 -1.843236e-01 -1.646308e-01 -1.227572e-01 -1.702122e-01 -1.579724e-01 -1.517819e-01 -1.488538e-01 -1.466532e-01 -1.462484e-01 -1.459743e-01 -1.421097e-01 -1.468247e-01 -1.481683e-01 -1.305618e-01 -1.227092e-01 -1.196210e-01 -1.510285e-01 -1.516492e-01 -1.613870e-01 -1.745662e-01 -1.609807e-01 -1.539241e-01 -1.500313e-01 -1.495169e-01 -1.503045e-01 -1.497237e-01 -1.487456e-01 -1.479283e-01 -1.472046e-01 -1.105806e-01 -1.109352e-01 -1.114490e-01 -1.115359e-01 -1.101736e-01 -1.080440e-01 -1.139961e-01 -1.368970e-01 -1.384909e-01 -1.334893e-01 -1.144235e-01 -1.096616e-01 -1.437537e-01 -1.445029e-01
-9.999000e+03 -9.999000e+03 -9.999000e+03 -9.999000e+03 -9.999000e+03 -9.999000e+03 -9.999000e+03 -1.690576e-01 -1.246500e-01 -1.482867e-01 -1.690996e-01 -1.575166e-01 -1.520988e-01 -1.476401e-01 -1.464953e-01 -1.458466e-01 -1.418681e-01 -1.474766e-01 -1.480278e-01 -1.493100e-01 -1.492878e-01 -1.484933e-01 -1.543694e-01 -1.537431e-01 -1.741260e-01 -1.747678e-01 -1.615050e-01 -1.544533e-01 -1.510720e-01 -1.491775e-01 -1.485617e-01 -1.486529e-01 -1.481728e-01 -1.113244e-01 -1.112615e-01 -1.112985e-01 -1.463602e-01 -1.464469e-01 -1.464803e-01 -1.466235e-01 -1.464016e-01 -1.457790e-01 -1.455646e-01 -1.244026e-01 -1.133243e-01 -1.078654e-01 -1.442391e-01 -1.438684e-01 -1.433896e-01 -1.431634e-01
-9.999000e+03 -9.999000e+03 -9.999000e+03 -9.999000e+03 -9.999000e+03 -9.999000e+03 -1.848486e-01 -1.308027e-01 -1.503976e-01 -1.504742e-01 -1.692826e-01 -1.572741e-01 -1.500482e-01 -1.483226e-01 -1.465715e-01 -1.412329e-01 -1.476083e-01 -1.475134e-01 -1.483706e-01 -1.496612e-01 -1.497292e-01 -1.614692e-01 -1.612417e-01 -1.606660e-01 -1.544586e-01 -1.524940e-01 -1.505903e-01 -1.482991e-01 -1.473425e-01 -1.472344e-01 -1.468401e-01 -1.102344e-01 -1.106204e-01 -1.458580e-01 -1.462158e-01 -1.466414e-01 -1.472544e-01 -1.478050e-01 -1.480368e-01 -1.481473e-01 -1.478425e-01 -1.473650e-01 -1.468763e-01 -1.466609e-01 -1.461552e-01 -1.453533e-01 -1.449358e-01 -1.446773e-01 -1.440705e-01 -1.431206e-01
-9.999000e+03 -9.999000e+03 -9.999000e+03 -9.999000e+03 -9.999000e+03 -9.999000e+03 -1.411181e-02 -1.393877e-01 -1.569765e-01 -1.577527e-01 -1.705956e-01 -1.535393e-01 -1.518100e-01 -1.495052e-01 -1.431256e-01 -1.497852e-01 -1.475122e-01 -1.463906e-01 -1.471758e-01 -1.486767e-01 -1.735100e-01 -1.741272e-01 -1.744343e-01 -1.744087e-01 -1.612990e-01 -1.555093e-01 -1.521338e-01 -1.113869e-01 -1.109485e-01 -1.115948e-01 -1.106375e-01 -1.457168e-01 -1.460488e-01 -1.465184e-01 -1.469750e-01 -1.473968e-01 -1.479281e-01 -1.484559e-01 -1.485968e-01 -1.484872e-01 -1.485396e-01 -1.483236e-01 -1.480891e-01 -1.478238e-01 -1.472914e-01 -1.464119e-01 -1.456965e-01 -1.452929e-01 -1.448735e-01 -1.441916e-01
-9.999000e+03 -9.999000e+03 -9.999000e+03 -9.999000e+03 -9.999000e+03 -1.837716e-01 -1.358333e-01 -1.312135e-01 -1.699090e-01 -1.701952e-01 -1.587876e-01 -1.545447e-01 -1.516438e-01 -1.448436e-01 -1.540711e-01 -1.509476e-01 -1.483524e-01 -1.465166e-01 -1.469857e-01 -1.483849e-01 -1.309738e-01 -1.236276e-01 -1.203229e-01 -1.203636e-01 -1.171699e-01 -1.145444e-01 -1.123867e-01 -1.464601e-01 -1.461704e-01 -1.464218e-01 -1.463658e-01 -1.460864e-01 -1.463967e-01 -1.469446e-01 -1.474062e-01 -1.477778e-01 -1.482866e-01 -1.489270e-01 -1.488492e-01 -1.488798e-01 -1.487706e-01 -1.487862e-01 -1.487595e-01 -1.486900e-01 -1.483504e-01 -1.476380e-01 -1.467543e-01 -1.458581e-01 -1.455655e-01 -1.451990e-01
-9.999000e+03 -9.999000e+03 -9.999000e+03 -9.999000e+03 -1.794059e-01 -1.378894e-01 -1.519849e-01 -1.380435e-01 -1.690145e-01 -1.683756e-01 -1.575234e-01 -1.512251e-01 -1.429516e-01 -1.593338e-01 -1.540419e-01 -1.513636e-01 -1.491468e-01 -1.472574e-01 -1.476588e-01 -1.490775e-01 -1.494567e-01 -1.493406e-01 -1.448528e-01 -1.520601e-01 -1.499900e-01 -1.484139e-01 -1.476790e-01 -1.471712e-01 -1.464127e-01 -1.462713e-01 -1.462210e-01 -1.457387e-01 -1.456548e-01 -1.458991e-01 -1.463135e-01 -1.467937e-01 -1.475238e-01 -1.482103e-01 -1.489465e-01 -1.489100e-01 -1.488136e-01 -1.486867e-01 -1.488269e-01 -1.490509e-01 -1.490520e-01 -1.487052e-01 -1.477285e-01 -1.467737e-01 -1.462307e-01 -1.462210e-01
-9.999000e+03 -9.999000e+03 -9.999000e+03 -9.999000e+03 -1.837260e-01 -1.468963e-01 -1.580907e-01 -1.542566e-01 -1.562445e-01 -1.671875e-01 -1.510350e-01 -1.310141e-01 -1.697740e-01 -1.591053e-01 -1.544220e-01 -1.519873e-01 -1.498605e-01 -1.478346e-01 -1.483916e-01 -1.499937e-01 -1.507840e-01 -1.455961e-01 -1.555993e-01 -1.531271e-01 -1.513212e-01 -1.497646e-01 -1.492015e-01 -1.485035e-01 -1.477811e-01 -1.472214e-01 -1.468650e-01 -1.466696e-01 -1.464279e-01 -1.462746e-01 -1.463422e-01 -1.466408e-01 -1.466342e-01 -1.477953e-01 -1.484759e-01 -1.489861e-01 -1.487422e-01 -1.483727e-01 -1.485827e-01 -1.490326e-01 -1.493252e-01 -1.490207e-01 -1.486191e-01 -1.476173e-01 -1.472321e-01 -1.534515e-01
-9.999000e+03 -9.999000e+03 -9.999000e+03 -1.840573e-01 -1.386658e-01 -1.428637e-01 -1.679238e-01 -1.567123e-01 -1.663627e-01 -1.529355e-01 -1.359981e-01 -1.504022e-01 -1.688045e-01 -1.590710e-01 -1.551715e-01 -1.527286e-01 -1.506674e-01 -1.491856e-01 -1.495513e-01 -1.513352e-01 -1.429258e-01 -1.627643e-01 -1.575536e-01 -1.553796e-01 -1.539226e-01 -1.527891e-01 -1.516534e-01 -1.512021e-01 -1.504901e-01 -1.493670e-01 -1.491073e-01 -1.490937e-01 -1.489908e-01 -1.487069e-01 -1.483312e-01 -1.469899e-01 -1.473695e-01 -1.471758e-01 -1.482073e-01 -1.489719e-01 -1.486917e-01 -1.480047e-01 -1.480644e-01 -1.485281e-01 -1.485288e-01 -1.491408e-01 -1.489981e-01 -1.487495e-01 -1.579513e-01 -1.579004e-01
-9.999000e+03 -9.999000e+03 -9.999000e+03 -1.831090e-01 -1.377736e-01 -1.571000e-01 -1.656578e-01 -1.640502e-01 -1.552334e-01 -1.551683e-01 -1.427031e-01 -1.515664e-01 -1.673929e-01 -1.592076e-01 -1.557512e-01 -1.531820e-01 -1.521825e-01 -1.510975e-01 -1.508159e-01 -1.296710e-01 -1.736641e-01 -1.632240e-01 -1.589943e-01 -1.573706e-01 -1.566934e-01 -1.550321e-01 -1.541694e-01 -1.535833e-01 -1.522331e-01 -1.512790e-01 -1.509004e-01 -1.508967e-01 -1.510008e-01 -1.509193e-01 -1.489096e-01 -1.492943e-01 -1.479447e-01 -1.478503e-01 -1.483690e-01 -1.493424e-01 -1.492152e-01 -1.484101e-01 -1.481528e-01 -1.474507e-01 -1.482751e-01 -1.487999e-01 -1.496153e-01 -1.657956e-01 -1.656307e-01 -1.655047e-01
-9.999000e+03 -9.999000e+03 -1.812093e-01 -1.671227e-01 -1.556222e-01 -1.571033e-01 -1.622925e-01 -1.610522e-01 -1.620515e-01 -1.604532e-01 -1.444559e-01 -1.512947e-01 -1.651188e-01 -1.588304e-01 -1.556700e-01 -1.547442e-01 -1.547769e-01 -1.542730e-01 -1.381596e-01 -1.505514e-01 -1.713197e-01 -1.621079e-01 -1.595346e-01 -1.592978e-01 -1.580295e-01 -1.574587e-01 -1.565386e-01 -1.548402e-01 -1.537832e-01 -1.526702e-01 -1.519588e-01 -1.518040e-01 -1.522109e-01 -1.503921e-01 -1.516378e-01 -1.502043e-01 -1.502404e-01 -1.494445e-01 -1.494250e-01 -1.502024e-01 -1.503309e-01 -1.497244e-01 -1.477535e-01 -1.481467e-01 -1.481998e-01 -1.493589e-01 -1.787407e-01 -1.790857e-01 -1.791378e-01 -1.789272e-01
-9.999000e+03 -9.999000e+03 -9.636751e-02 -1.524368e-01 -1.654984e-01 -1.625278e-01 -1.597832e-01 -1.623812e-01 -1.507391e-01 -1.391467e-01 -1.609806e-01 -1.524559e-01 -1.629530e-01 -1.576008e-01 -1.578199e-01 -1.577282e-01 -1.585976e-01 -1.588293e-01 -1.569874e-01 -1.466678e-01 -1.681003e-01 -1.616042e-01 -1.619996e-01 -1.594167e-01 -1.598211e-01 -1.598009e-01 -1.576157e-01 -1.566148e-01 -1.556647e-01 -1.545613e-01 -1.536645e-01 -1.532659e-01 -1.504763e-01 -1.530173e-01 -1.513824e-01 -1.521590e-01 -1.516678e-01 -1.509420e-01 -1.507961e-01 -1.512331e-01 -1.513239e-01 -1.489170e-01 -1.495602e-01 -1.490565e-01 -1.499659e-01 -1.503155e-01 -1.496128e-01 -1.489337e-01 -1.084001e-01 -1.073297e-01
-9.999000e+03 -1.788746e-01 3.652434e-02 -1.456745e-01 -1.645981e-01 -1.574990e-01 -1.631188e-01 -1.630620e-01 -9.999000e+03 -9.999000e+03 -9.999000e+03 -1.607997e-01 -1.619246e-01 -1.654727e-01 -1.669011e-01 -1.669793e-01 -1.676243e-01 -1.687124e-01 -1.675818e-01 -1.632942e-01 -1.622101e-01 -1.660576e-01 -1.604287e-01 -1.607683e-01 -1.612847e-01 -1.588381e-01 -1.587487e-01 -1.585812e-01 -1.580811e-01 -1.573951e-01 -1.567429e-01 -1.508571e-01 -1.538426e-01 -1.517706e-01 -1.532307e-01 -1.529683e-01 -1.524539e-01 -1.519424e-01 -1.521764e-01 -1.525763e-01 -1.496235e-01 -1.508574e-01 -1.504595e-01 -1.512833e-01 -1.514896e-01 -1.490311e-01 -1.275518e-01 -1.146616e-01 -1.472108e-01 -1.496586e-01
-9.999000e+03 -1.709625e-01 -1.390925e-01 -1.645157e-01 -1.617423e-01 -1.620944e-01 -9.999000e+03 -9.999000e+03 -9.999000e+03 -9.999000e+03 -9.999000e+03 -9.999000e+03 -1.628273e-01 -1.648005e-01 -1.546440e-01 -1.507010e-01 -1.669759e-01 -1.562458e-01 -1.496273e-01 -1.415468e-01 -1.605561e-01 -1.609132e-01 -1.638915e-01 -1.669192e-01 -1.591849e-01 -1.601279e-01 -1.614344e-01 -1.622547e-01 -1.624381e-01 -1.624956e-01 -1.525121e-01 -1.564376e-01 -1.521703e-01 -1.548143e-01 -1.546985e-01 -1.543513e-01 -1.538397e-01 -1.533980e-01 -1.539194e-01 -1.507736e-01 -1.527334e-01 -1.519966e-01 -1.533419e-01 -1.532810e-01 -1.497526e-01 -1.523689e-01 -1.523765e-01 -1.481073e-01 -1.516825e-01 -1.511740e-01
-1.841407e-01 -4.198693e-02 -1.558968e-01 -1.619306e-01 -1.568450e-01 -1.647773e-01 -9.999000e+03 -9.999000e+03 -9.999000e+03 -9.999000e+03 -9.999000e+03 -9.999000e+03 -9.999000e+03 -9.999000e+03 -9.999000e+03 -1.673178e-01 -1.511468e-01 -1.682730e-01 -1.673360e-01 -1.658568e-01 -1.413780e-01 -9.999000e+03 -9.999000e+03 -1.638834e-01 -1.669904e-01 -1.686848e-01 -1.703960e-01 -1.719789e-01 -1.727416e-01 -1.521330e-01 -1.615173e-01 -1.533654e-01 -1.571250e-01 -1.575553e-01 -1.573249e-01 -1.570455e-01 -1.568678e-01 -1.565243e-01 -1.509715e-01 -1.550793e-01 -1.547245e-01 -1.572966e-01 -1.571349e-01 -1.505972e-01 -1.539274e-01 -1.546181e-01 -1.493816e-01 -1.547572e-01 -1.544182e-01 -1.539834e-01
-1.817642e-01 -1.613133e-01 -1.605173e-01 -1.604706e-01 -1.650329e-01 -9.999000e+03 -9.999000e+03 -9.999000e+03 -9.999000e+03 -9.999000e+03 -9.999000e+03 -9.999000e+03 -9.999000e+03 -9.999000e+03 -9.999000e+03 -9.999000e+03 -9.999000e+03 -9.999000e+03 -9.999000e+03 -9.999000e+03 -9.999000e+03 -9.999000e+03 -9.999000e+03 -1.630696e-01 -1.662573e-01 -1.673632e-01 -1.571735e-01 -1.539606e-01 -1.510892e-01 -1.705476e-01 -1.524211e-01 -1.606791e-01 -1.613237e-01 -1.621716e-01 -1.622859e-01 -1.624864e-01 -1.627952e-01 -1.514929e-01 -1.571239e-01 -1.580720e-01 -1.646330e-01 -1.644053e-01 -1.519936e-01 -1.570354e-01 -1.573196e-01 -1.493470e-01 -1.583379e-01 -1.585565e-01 -1.584297e-01 -1.504104e-01
-9.999000e+03 -1.656463e-01 -1.647948e-01 -1.673067e-01 -9.999000e+03 -9.999000e+03 -9.999000e+03 -9.999000e+03 -9.999000e+03 -9.999000e+03 -9.999000e+03 -9.999000e+03 -9.999000e+03 -9.999000e+03 -9.999000e+03 -9.999000e+03 -9.999000e+03 -9.999000e+03 -9.999000e+03 -9.999000e+03 -9.999000e+03 -9.999000e+03 -9.999000e+03 -9.999000e+03 -9.999000e+03 -9.999000e+03 -1.687098e-01 -1.699696e-01 -1.570430e-01 -1.493255e-01 -1.677639e-01 -1.689532e-01 -1.708288e-01 -1.729912e-01 -1.739339e-01 -1.741582e-01 -1.520733e-01 -1.624229e-01 -1.629159e-01 -1.770466e-01 -1.776487e-01 -1.540445e-01 -1.641994e-01 -1.639890e-01 -1.489478e-01 -1.642334e-01 -1.644558e-01 -1.647065e-01 -1.511913e-01 -1.575387e-01
-9.999000e+03 -9.999000e+03 -9.999000e+03 -9.999000e+03 -9.999000e+03 -9.999000e+03 -9.999000e+03 -9.999000e+03 -9.999000e+03 -9.999000e+03 -9.999000e+03 -9.999000e+03 -9.999000e+03 -9.999000e+03 -9.999000e+03 -9.999000e+03 -9.999000e+03 -9.999000e+03 -9.999000e+03 -9.999000e+03 -9.999000e+03 -9.999000e+03 -9.999000e+03 -9.999000e+03 -9.999000e+03 -9.999000e+03 -9.999000e+03 -9.999000e+03 -1.692753e-01 -1.539713e-01 -1.663900e-01 -1.675527e-01 -1.698249e-01 -1.604186e-01 -1.548924e-01 -1.506097e-01 -1.730716e-01 -1.742285e-01 -1.752846e-01 -1.631531e-01 -1.568013e-01 -1.771200e-01 -1.772967e-01 -1.500843e-01 -1.774362e-01 -1.774599e-01 -1.773728e-01 -1.508537e-01 -1.640428e-01 -1.481242e-01
-9.999000e+03 -9.999000e+03 -9.999000e+03 -9.999000e+03 -9.999000e+03 -9.999000e+03 -9.999000e+03 -9.999000e+03 -9.999000e+03 -9.999000e+03 -9.999000e+03 -9.999000e+03 -9.999000e+03 -9.999000e+03 -9.999000e+03 -9.999000e+03 -9.999000e+03 -9.999000e+03 -9.999000e+03 -9.999000e+03 -9.999000e+03 -9.999000e+03 -9.999000e+03 -9.999000e+03 -9.999000e+03 -9.999000e+03 -9.999000e+03 -9.999000e+03 -9.999000e+03 -1.670780e-01 -1.502332e-01 -1.576159e-01 -1.595848e-01 -1.730216e-01 -1.734445e-01 -1.723736e-01 -1.724428e-01 -1.738041e-01 -1.617753e-01 -1.560364e-01 -1.529526e-01 -1.509708e-01 -1.501480e-01 -1.771513e-01 -1.637670e-01 -1.564254e-01 -1.522245e-01 -1.764661e-01 -1.473439e-01 -1.774428e-01
-9.999000e+03 -9.999000e+03 -9.999000e+03 -9.999000e+03 -9.999000e+03 -9.999000e+03 -9.999000e+03 -9.999000e+03 -9.999000e+03 -9.999000e+03 -9.999000e+03 -9.999000e+03 -9.999000e+03 -9.999000e+03 -9.999000e+03 -9.999000e+03 -9.999000e+03 -9.999000e+03 -9.999000e+03 -9.999000e+03 -9.999000e+03 -9.999000e+03 -9.999000e+03 -9.999000e+03 -9.999000e+03 -9.999000e+03 -9.999000e+03 -9.999000e+03 -9.999000e+03 -9.999000e+03 -1.580268e-01 -9.999000e+03 -9.999000e+03 -9.999000e+03 -9.999000e+03 -9.999000e+03 -9.999000e+03 -9.999000e+03 -1.747444e-01 -1.617818e-01 -1.551172e-01 -1.515476e-01 -1.506899e-01 -1.507795e-01 -1.498101e-01 -1.484414e-01 -1.469014e-01 -1.452323e-01 -1.760159e-01 -1.643746e-01
-9.999000e+03 -9.999000e+03 -9.999000e+03 -9.999000e+03 -9.999000e+03 -9.999000e+03 -9.999000e+03 -9.999000e+03 -9.999000e+03 -9.999000e+03 -9.999000e+03 -9.999000e+03 -9.999000e+03 -9.999000e+03 -9.999000e+03 -9.999000e+03 -9.999000e+03 -9.999000e+03 -9.999000e+03 -9.999000e+03 -9.999000e+03 -9.999000e+03 -9.999000e+03 -9.999000e+03 -9.999000e+03 -9.999000e+03 -9.999000e+03 -9.999000e+03 -9.999000e+03 -9.999000e+03 -9.999000e+03 -9.999000e+03 -9.999000e+03 -9.999000e+03 -9.999000e+03 -9.999000e+03 -9.999000e+03 -9.999000e+03 -9.999000e+03 -9.999000e+03 -9.999000e+03 -1.748340e-01 -1.752573e-01 -1.763842e-01 -1.634142e-01 -1.561125e-01 -1.516909e-01 -1.484595e-01 -1.489570e-01 -1.509777e-01
-9.999000e+03 -9.999000e+03 -9.999000e+03 -9.999000e+03 -9.999000e+03 -9.999000e+03 -9.999000e+03 -9.999000e+03 -9.999000e+03 -9.999000e+03 -9.999000e+03 -9.999000e+03 -9.999000e+03 -9.999000e+03 -9.999000e+03 -9.999000e+03 -9.999000e+03 -9.999000e+03 -9.999000e+03 -9.999000e+03 -9.999000e+03 -9.999000e+03 -9.999000e+03 -9.999000e+03 -9.999000e+03 -9.999000e+03 -9.999000e+03 -9.999000e+03 -9.999000e+03 -9.999000e+03 -9.999000e+03 -9.999000e+03 -9.999000e+03 -9.999000e+03 -9.999000e+03 -9.999000e+03 -9.999000e+03 -9.999000e+03 -9.999000e+03 -9.999000e+03 -9.999000e+03 -9.999000e+03 -9.999000e+03 -9.999000e+03 -1.771418e-01 -1.768721e-01 -1.624662e-01 -1.542698e-01 -1.760564e-01 -1.646742e-01
-9.999000e+03 -9.999000e+03 -9.999000e+03 -9.999000e+03 -9.999000e+03 -9.999000e+03 -9.999000e+03 -9.999000e+03 -9.999000e+03 -9.999000e+03 -9.999000e+03 -9.999000e+03 -9.999000e+03 -9.999000e+03 -9.999000e+03 -9.999000e+03 -9.999000e+03 -9.999000e+03 -9.999000e+03 -9.999000e+03 -9.999000e+03 -9.999000e+03 -9.999000e+03 -9.999000e+03 -9.999000e+03 -9.999000e+03 -9.999000e+03 -9.999000e+03 -9.999000e+03 -9.999000e+03 -9.999000e+03 -9.999000e+03 -9.999000e+03 -9.999000e+03 -9.999000e+03 -9.999000e+03 -9.999000e+03 -9.999000e+03 -9.999000e+03 -9.999000e+03 -9.999000e+03 -9.999000e+03 -9.999000e+03 -9.999000e+03 -9.999000e+03 -9.999000e+03 -9.999000e+03 -9.999000e+03 -9.999000e+03 -9.999000e+03
