tests/data/reference/test_implicit_stream_rill_mfda/control/massbalance.asc
ncols	123
nrows	77
xllcorner	-713746.79929998
yllcorner	-1061022.36961616
cellsize	10.0
NODATA_value	-9999
[rows 22 to 43 of 77, columns 0 to 49 of 123]
-9.999000e+03 -9.999000e+03 -9.999000e+03 -9.999000e+03 -9.999000e+03 -9.999000e+03 -9.999000e+03 -9.999000e+03 -9.999000e+03 -9.999000e+03 -9.999000e+03 -9.999000e+03 -9.999000e+03 -9.999000e+03 -9.999000e+03 -1.521072e-01 -1.511303e-01 -1.493803e-01 -1.461636e-01 -1.535872e-01 -1.536451e-01 -1.682653e-01 -1.369266e-01 -3.119294e-03 -1.596881e-01 -1.433515e-01 -1.403501e-01 -1.419768e-01 -1.488285e-01 -1.448663e-01 -1.504166e-01 -1.484764e-01 -1.472914e-01 -1.471420e-01 -1.480846e-01 -1.463624e-01 -1.373214e-01 -1.505170e-01 -1.445711e-01 -1.466227e-01 -1.466674e-01 -1.467942e-01 -1.467222e-01 -1.468630e-01 -1.468625e-01 -1.472494e-01 -1.469693e-01 -1.462563e-01 -1.483013e-01 -1.490533e-01
-9.999000e+03 -9.999000e+03 -9.999000e+03 -9.999000e+03 -9.999000e+03 -9.999000e+03 -9.999000e+03 -9.999000e+03 -9.999000e+03 -9.999000e+03 -9.999000e+03 -9.999000e+03 -9.999000e+03 -9.999000e+03 -1.531917e-01 -1.502440e-01 -1.490734e-01 -1.522254e-01 -1.533936e-01 -1.519568e-01 -1.680680e-01 -1.370389e-01 -1.668756e-01 -9.409420e-02 -1.615076e-01 -1.491522e-01 -1.412019e-01 -1.464121e-01 -1.482623e-01 -1.456673e-01 -1.504033e-01 -1.484802e-01 -1.490821e-01 -1.468949e-01 -1.468389e-01 -1.462191e-01 -1.406302e-01 -1.506001e-01 -1.448934e-01 -1.464377e-01 -1.464460e-01 -1.465428e-01 -1.465899e-01 -1.466942e-01 -1.466905e-01 -1.469031e-01 -1.467651e-01 -1.464401e-01 -1.477662e-01 -1.493015e-01
-9.999000e+03 -9.999000e+03 -9.999000e+03 -9.999000e+03 -9.999000e+03 -9.999000e+03 -9.999000e+03 -9.999000e+03 -9.999000e+03 -9.999000e+03 -9.999000e+03 -9.999000e+03 -9.999000e+03 -9.999000e+03 -1.505105e-01 -1.390394e-01 -1.469562e-01 -1.527386e-01 -1.533357e-01 -1.538860e-01 -1.366272e-01 -1.281235e-01 -1.544700e-01 -1.534050e-01 -1.521822e-01 -1.525224e-01 -1.423765e-01 -1.475657e-01 -1.524858e-01 -1.548070e-01 -1.461010e-01 -1.484874e-01 -1.490699e-01 -1.491027e-01 -1.452686e-01 -1.460351e-01 -1.431793e-01 -1.506332e-01 -1.447460e-01 -1.462348e-01 -1.462523e-01 -1.463478e-01 -1.464540e-01 -1.465452e-01 -1.465409e-01 -1.466485e-01 -1.466003e-01 -1.464964e-01 -1.473141e-01 -1.491317e-01
-9.999000e+03 -9.999000e+03 -9.999000e+03 -9.999000e+03 -9.999000e+03 -9.999000e+03 -9.999000e+03 -9.999000e+03 -9.999000e+03 -9.999000e+03 -9.999000e+03 -9.999000e+03 -9.999000e+03 -9.999000e+03 -1.374566e-01 -1.516713e-01 -1.535660e-01 -1.535597e-01 -1.535184e-01 -1.685349e-01 -1.376761e-01 -9.559052e-02 -7.639142e-02 -1.528089e-01 -1.524634e-01 -1.510983e-01 -1.435407e-01 -1.488489e-01 -1.513770e-01 -1.548633e-01 -1.528014e-01 -1.510190e-01 -1.539130e-01 -1.490789e-01 -1.486606e-01 -1.428090e-01 -1.505229e-01 -1.447826e-01 -1.483594e-01 -1.448618e-01 -1.461008e-01 -1.461625e-01 -1.462559e-01 -1.463315e-01 -1.463430e-01 -1.464129e-01 -1.464246e-01 -1.464309e-01 -1.469141e-01 -1.486079e-01
-9.999000e+03 -9.999000e+03 -9.999000e+03 -9.999000e+03 -9.999000e+03 -9.999000e+03 -9.999000e+03 -9.999000e+03 -9.999000e+03 -9.999000e+03 -9.999000e+03 -9.999000e+03 -1.538184e-01 -1.533918e-01 -1.478789e-01 -1.523810e-01 -1.535941e-01 -1.524001e-01 -1.680752e-01 -1.368203e-01 -7.751899e-03 -9.247274e-02 -1.538753e-01 -1.565102e-01 -1.530617e-01 -1.524852e-01 -1.391916e-01 -1.493565e-01 -1.504858e-01 -1.526814e-01 -1.548058e-01 -1.532206e-01 -1.503022e-01 -1.533244e-01 -1.535115e-01 -1.480058e-01 -1.433609e-01 -1.484506e-01 -1.454643e-01 -1.490775e-01 -1.450057e-01 -1.459855e-01 -1.460238e-01 -1.460836e-01 -1.461332e-01 -1.462219e-01 -1.462864e-01 -1.463393e-01 -1.466036e-01 -1.479376e-01
-9.999000e+03 -9.999000e+03 -9.999000e+03 -9.999000e+03 -9.999000e+03 -9.999000e+03 -9.999000e+03 -9.999000e+03 -9.999000e+03 -9.999000e+03 -9.999000e+03 -9.999000e+03 -9.999000e+03 -1.537652e-01 -1.523054e-01 -1.524206e-01 -1.528108e-01 -1.677368e-01 -1.356983e-01 -1.814755e-02 -1.522014e-01 -1.497056e-01 -1.512094e-01 -1.527712e-01 -1.526985e-01 -1.455602e-01 -1.378001e-01 -1.343670e-01 -1.494702e-01 -1.499519e-01 -1.532247e-01 -1.526990e-01 -1.529485e-01 -1.497564e-01 -1.525056e-01 -1.522117e-01 -1.522069e-01 -1.377137e-01 -1.490669e-01 -1.458953e-01 -1.456871e-01 -1.458756e-01 -1.458633e-01 -1.459053e-01 -1.459878e-01 -1.461092e-01 -1.462139e-01 -1.462834e-01 -1.464210e-01 -1.473536e-01
-9.999000e+03 -9.999000e+03 -9.999000e+03 -9.999000e+03 -9.999000e+03 -9.999000e+03 -9.999000e+03 -9.999000e+03 -9.999000e+03 -9.999000e+03 -9.999000e+03 -9.999000e+03 -9.999000e+03 -9.999000e+03 -9.999000e+03 -1.532156e-01 -1.667193e-01 -1.345065e-01 -1.285855e-01 -9.024178e-02 -1.567492e-01 -1.538314e-01 -1.482494e-01 -1.455104e-01 -1.461880e-01 -1.479404e-01 -1.490468e-01 -1.308448e-01 -1.181283e-01 -1.493873e-01 -1.495143e-01 -1.528170e-01 -1.530858e-01 -1.520196e-01 -1.494649e-01 -1.515358e-01 -1.510189e-01 -1.508027e-01 -1.292712e-01 -1.541563e-01 -1.453719e-01 -1.458557e-01 -1.458544e-01 -1.458947e-01 -1.459789e-01 -1.460896e-01 -1.461821e-01 -1.462396e-01 -1.463166e-01 -1.469215e-01
-9.999000e+03 -9.999000e+03 -9.999000e+03 -9.999000e+03 -9.999000e+03 -9.999000e+03 -9.999000e+03 -9.999000e+03 -9.999000e+03 -9.999000e+03 -9.999000e+03 -9.999000e+03 -9.999000e+03 -9.999000e+03 -9.999000e+03 -9.999000e+03 -1.676138e-01 -1.346146e-01 -1.065078e-01 -1.538392e-01 -1.520861e-01 -1.491768e-01 -1.480705e-01 -1.484858e-01 -1.492545e-01 -1.498607e-01 -1.500456e-01 -1.499290e-01 -1.497843e-01 -1.091858e-01 -1.112121e-01 -1.228828e-01 -1.517010e-01 -1.526555e-01 -1.509144e-01 -1.492590e-01 -1.473110e-01 -1.472216e-01 -1.501429e-01 -1.272495e-01 -1.532307e-01 -1.499700e-01 -1.458894e-01 -1.459343e-01 -1.460204e-01 -1.461277e-01 -1.462161e-01 -1.462609e-01 -1.462967e-01 -1.466533e-01
-9.999000e+03 -9.999000e+03 -9.999000e+03 -9.999000e+03 -9.999000e+03 -9.999000e+03 -9.999000e+03 -9.999000e+03 -9.999000e+03 -9.999000e+03 -9.999000e+03 -9.999000e+03 -9.999000e+03 -9.999000e+03 -9.999000e+03 -9.999000e+03 -1.349153e-01 -2.857188e-02 -1.525993e-01 -1.507577e-01 -1.506057e-01 -1.309375e-01 -1.308929e-01 -1.344306e-01 -1.415439e-01 -1.478184e-01 -1.514710e-01 -1.534975e-01 -1.542712e-01 -1.542545e-01 -1.545538e-01 -1.552406e-01 -1.419835e-01 -1.537223e-01 -1.518100e-01 -1.426689e-01 -1.457887e-01 -1.432374e-01 -1.310516e-01 -1.339909e-01 -1.283943e-01 -1.306240e-01 -1.459563e-01 -1.505587e-01 -1.507704e-01 -1.459442e-01 -1.461082e-01 -1.461994e-01 -1.462442e-01 -1.464473e-01
-9.999000e+03 -9.999000e+03 -9.999000e+03 -9.999000e+03 -9.999000e+03 -9.999000e+03 -9.999000e+03 -9.999000e+03 -9.999000e+03 -9.999000e+03 -9.999000e+03 -9.999000e+03 -9.999000e+03 -9.999000e+03 -9.999000e+03 -1.349255e-01 -2.471759e-02 -1.489966e-01 -1.428568e-01 -1.405352e-01 -1.355414e-01 -1.498581e-01 -1.475446e-01 -1.465557e-01 -1.455216e-01 -1.425331e-01 -1.410271e-01 -1.392359e-01 -1.381298e-01 -1.354764e-01 -1.364767e-01 -1.412698e-01 -1.464431e-01 -1.498908e-01 -1.522573e-01 -1.530499e-01 -1.301021e-01 -1.276185e-01 -1.239648e-01 -1.275695e-01 -1.321406e-01 -1.332164e-01 -1.332903e-01 -1.398357e-01 -1.384977e-01 -1.500013e-01 -1.488566e-01 -1.461261e-01 -1.461813e-01 -1.462840e-01
-9.999000e+03 -9.999000e+03 -9.999000e+03 -9.999000e+03 -9.999000e+03 -9.999000e+03 -9.999000e+03 -9.999000e+03 -9.999000e+03 -9.999000e+03 -9.999000e+03 -9.999000e+03 -9.999000e+03 -9.999000e+03 -1.342430e-01 -1.283505e-01 -8.488200e-02 -1.441531e-01 -1.461295e-01 -1.457837e-01 -1.508345e-01 -1.506909e-01 -1.506244e-01 -1.500989e-01 -1.483341e-01 -1.507625e-01 -1.508988e-01 -1.463444e-01 -1.463769e-01 -1.511530e-01 -1.504723e-01 -1.478200e-01 -1.440941e-01 -1.383957e-01 -1.332480e-01 -1.307504e-01 -1.537577e-01 -1.538623e-01 -1.515342e-01 -1.519751e-01 -1.525009e-01 -1.525558e-01 -1.491422e-01 -1.503940e-01 -1.505152e-01 -1.368269e-01 -1.320036e-01 -1.256730e-01 -1.508711e-01 -1.487936e-01
-9.999000e+03 -9.999000e+03 -9.999000e+03 -9.999000e+03 -9.999000e+03 -9.999000e+03 -9.999000e+03 -9.999000e+03 -9.999000e+03 -9.999000e+03 -9.999000e+03 -9.999000e+03 -9.999000e+03 -9.999000e+03 -1.347343e-01 -2.718987e-02 -1.454426e-01 -1.464674e-01 -1.453008e-01 -1.468501e-01 -1.464717e-01 -1.462372e-01 -1.507259e-01 -1.461568e-01 -1.461861e-01 -1.461082e-01 -1.462299e-01 -1.463870e-01 -1.446894e-01 -1.452340e-01 -1.451605e-01 -1.470792e-01 -1.465207e-01 -1.464389e-01 -1.462228e-01 -1.484330e-01 -1.490180e-01 -1.468073e-01 -1.472992e-01 -1.479693e-01 -1.480991e-01 -1.520899e-01 -1.533729e-01 -1.534262e-01 -1.526933e-01 -1.507186e-01 -1.523926e-01 -1.530393e-01 -1.213140e-01 -1.191558e-01
-9.999000e+03 -9.999000e+03 -9.999000e+03 -9.999000e+03 -9.999000e+03 -9.999000e+03 -9.999000e+03 -9.999000e+03 -9.999000e+03 -9.999000e+03 -9.999000e+03 -9.999000e+03 -9.999000e+03 -1.279740e-01 1.647250e-01 -1.447927e-01 -1.466101e-01 -1.440114e-01 -1.475854e-01 -1.470208e-01 -1.465135e-01 -1.463510e-01 -1.462573e-01 -1.463261e-01 -1.461526e-01 -1.462021e-01 -1.462813e-01 -1.464274e-01 -1.464834e-01 -1.467514e-01 -1.475976e-01 -1.467165e-01 -1.465324e-01 -1.459670e-01 -1.502913e-01 -1.484900e-01 -1.471116e-01 -1.477796e-01 -1.484462e-01 -1.484907e-01 -1.469900e-01 -1.486330e-01 -1.487328e-01 -1.539773e-01 -1.540985e-01 -1.543854e-01 -1.536414e-01 -1.536054e-01 -1.535032e-01 -1.522057e-01
-9.999000e+03 -9.999000e+03 -9.999000e+03 -9.999000e+03 -9.999000e+03 -9.999000e+03 -9.999000e+03 -9.999000e+03 -9.999000e+03 -9.999000e+03 -9.999000e+03 -9.999000e+03 -1.341001e-01 -1.286823e-01 -1.449689e-01 -1.463663e-01 -1.416107e-01 -1.482790e-01 -1.476593e-01 -1.468994e-01 -1.466355e-01 -1.464582e-01 -1.466067e-01 -1.461196e-01 -1.462582e-01 -1.462744e-01 -1.463444e-01 -1.464593e-01 -1.469483e-01 -1.481568e-01 -1.470159e-01 -1.465584e-01 -1.454680e-01 -1.490108e-01 -1.503280e-01 -1.473347e-01 -1.483610e-01 -1.489179e-01 -1.489236e-01 -1.471327e-01 -1.489455e-01 -1.489477e-01 -1.489780e-01 -1.491176e-01 -1.491097e-01 -1.541044e-01 -1.540839e-01 -1.540749e-01 -1.533072e-01 -1.532205e-01
-9.999000e+03 -9.999000e+03 -9.999000e+03 -9.999000e+03 -9.999000e+03 -9.999000e+03 -9.999000e+03 -9.999000e+03 -9.999000e+03 -9.999000e+03 -9.999000e+03 -9.999000e+03 -1.287906e-01 -1.483206e-01 -1.458714e-01 -1.390830e-01 -1.486780e-01 -1.482251e-01 -1.472116e-01 -1.468642e-01 -1.467025e-01 -1.471039e-01 -1.460725e-01 -1.463444e-01 -1.463008e-01 -1.462917e-01 -1.463214e-01 -1.473077e-01 -1.487029e-01 -1.473989e-01 -1.466499e-01 -1.468811e-01 -1.503633e-01 -1.486201e-01 -1.475085e-01 -1.487925e-01 -1.490841e-01 -1.490574e-01 -1.474705e-01 -1.490862e-01 -1.491070e-01 -1.490778e-01 -1.490120e-01 -1.483927e-01 -1.484286e-01 -1.484418e-01 -1.484138e-01 -1.532705e-01 -1.531974e-01 -1.516968e-01
-9.999000e+03 -9.999000e+03 -9.999000e+03 -9.999000e+03 -9.999000e+03 -9.999000e+03 -9.999000e+03 -9.999000e+03 -9.999000e+03 -9.999000e+03 -9.999000e+03 -1.332680e-01 -1.738164e-02 -1.448386e-01 -1.379879e-01 -1.487207e-01 -1.486241e-01 -1.474883e-01 -1.469259e-01 -1.467769e-01 -1.477126e-01 -1.458161e-01 -1.465512e-01 -1.464446e-01 -1.463442e-01 -1.462836e-01 -1.477768e-01 -1.489505e-01 -1.479067e-01 -1.467123e-01 -1.478845e-01 -1.469388e-01 -1.502028e-01 -1.478940e-01 -1.489143e-01 -1.485644e-01 -1.486535e-01 -1.480655e-01 -1.487354e-01 -1.487647e-01 -1.488172e-01 -1.487845e-01 -1.506716e-01 -1.506534e-01 -1.506748e-01 -1.507331e-01 -1.507800e-01 -1.508179e-01 -1.471042e-01 -1.531424e-01
-9.999000e+03 -9.999000e+03 -9.999000e+03 -9.999000e+03 -9.999000e+03 -9.999000e+03 -9.999000e+03 -9.999000e+03 -9.999000e+03 -9.999000e+03 -1.329698e-01 -1.288422e-01 -1.445362e-01 -1.361290e-01 -1.496105e-01 -1.487376e-01 -1.479178e-01 -1.469912e-01 -1.466880e-01 -1.482519e-01 -1.451105e-01 -1.466468e-01 -1.465869e-01 -1.464631e-01 -1.463327e-01 -1.484531e-01 -1.486272e-01 -1.484974e-01 -1.470362e-01 -1.484240e-01 -1.483871e-01 -1.483049e-01 -1.483109e-01 -1.487811e-01 -1.501451e-01 -1.500515e-01 -1.487014e-01 -1.499995e-01 -1.500105e-01 -1.500418e-01 -1.501979e-01 -1.504739e-01 -1.485033e-01 -1.490360e-01 -1.492119e-01 -1.488721e-01 -1.482403e-01 -1.475916e-01 -1.506829e-01 -1.505869e-01
-9.999000e+03 -9.999000e+03 -9.999000e+03 -9.999000e+03 -9.999000e+03 -9.999000e+03 -9.999000e+03 -9.999000e+03 -9.999000e+03 -9.999000e+03 -1.325290e-01 -1.473839e-01 -1.352703e-01 -1.485299e-01 -1.494530e-01 -1.483320e-01 -1.471418e-01 -1.465351e-01 -1.486754e-01 -1.440621e-01 -1.466071e-01 -1.466055e-01 -1.465316e-01 -1.463933e-01 -1.488333e-01 -1.499296e-01 -1.488841e-01 -1.476714e-01 -1.488233e-01 -1.487788e-01 -1.487468e-01 -1.486770e-01 -1.498579e-01 -1.500489e-01 -1.486015e-01 -1.489060e-01 -1.498996e-01 -1.485747e-01 -1.488604e-01 -1.484519e-01 -1.501660e-01 -1.504489e-01 -1.485045e-01 -1.490312e-01 -1.491837e-01 -1.487987e-01 -1.481317e-01 -1.474600e-01 -1.468908e-01 -1.464941e-01
-9.999000e+03 -9.999000e+03 -9.999000e+03 -9.999000e+03 -9.999000e+03 -9.999000e+03 -9.999000e+03 -9.999000e+03 -9.999000e+03 -1.325749e-01 5.607702e-02 -1.365133e-01 -1.480758e-01 -1.494009e-01 -1.484877e-01 -1.474886e-01 -1.463074e-01 -1.486999e-01 -1.435476e-01 -1.464124e-01 -1.464782e-01 -1.464973e-01 -1.464410e-01 -1.486200e-01 -1.498908e-01 -1.486025e-01 -1.484292e-01 -1.486271e-01 -1.485995e-01 -1.485737e-01 -1.486357e-01 -1.497370e-01 -1.486895e-01 -1.488756e-01 -1.484962e-01 -1.479431e-01 -1.473413e-01 -1.466847e-01 -1.499981e-01 -1.501480e-01 -1.480304e-01 -1.487468e-01 -1.489699e-01 -1.490336e-01 -1.487233e-01 -1.480513e-01 -1.473227e-01 -1.467698e-01 -1.464025e-01 -1.462579e-01
-9.999000e+03 -9.999000e+03 -9.999000e+03 -9.999000e+03 -9.999000e+03 -9.999000e+03 -9.999000e+03 -9.999000e+03 -9.999000e+03 -1.331785e-01 -1.425118e-01 -1.465982e-01 -1.484433e-01 -1.493634e-01 -1.481725e-01 -1.462831e-01 -1.495149e-01 -1.443418e-01 -1.461745e-01 -1.462525e-01 -1.463026e-01 -1.463687e-01 -1.498537e-01 -1.499044e-01 -1.485974e-01 -1.488329e-01 -1.498257e-01 -1.498032e-01 -1.497285e-01 -1.495908e-01 -1.495991e-01 -1.487150e-01 -1.487617e-01 -1.484304e-01 -1.479421e-01 -1.474639e-01 -1.470246e-01 -1.500540e-01 -1.464063e-01 -1.487661e-01 -1.487083e-01 -1.474336e-01 -1.472094e-01 -1.471033e-01 -1.469150e-01 -1.465829e-01 -1.462678e-01 -1.461182e-01 -1.460801e-01 -1.461371e-01
-9.999000e+03 -9.999000e+03 -9.999000e+03 -9.999000e+03 -9.999000e+03 -9.999000e+03 -9.999000e+03 -9.999000e+03 -1.288465e-01 -1.159967e-02 -1.405902e-01 -1.475194e-01 -1.493317e-01 -1.484699e-01 -1.467560e-01 -1.462544e-01 -1.444060e-01 -1.458326e-01 -1.459535e-01 -1.460842e-01 -1.462387e-01 -1.486324e-01 -1.487998e-01 -1.483809e-01 -1.476876e-01 -1.399908e-01 -1.380277e-01 -1.351410e-01 -1.300672e-01 -1.298528e-01 -1.358031e-01 -1.416629e-01 -1.447311e-01 -1.461766e-01 -1.468010e-01 -1.470213e-01 -1.469546e-01 -1.452418e-01 -1.444391e-01 -1.438159e-01 -1.441924e-01 -1.437524e-01 -1.444461e-01 -1.404309e-01 -1.368338e-01 -1.360751e-01 -1.381966e-01 -1.413664e-01 -1.438207e-01 -1.312309e-01
-9.999000e+03 -9.999000e+03 -9.999000e+03 -9.999000e+03 -9.999000e+03 -9.999000e+03 -9.999000e+03 -1.329133e-01 -1.293117e-01 -1.396063e-01 -1.485630e-01 -1.482816e-01 -1.493684e-01 -1.474635e-01 -1.467854e-01 -1.459779e-01 -1.458191e-01 -1.457097e-01 -1.457435e-01 -1.461267e-01 -1.497839e-01 -1.498224e-01 -1.486349e-01 -1.427737e-01 -1.418520e-01 -1.476560e-01 -1.488159e-01 -1.484314e-01 -1.475645e-01 -1.466748e-01 -1.461753e-01 -1.460870e-01 -1.461875e-01 -1.464314e-01 -1.465907e-01 -1.466031e-01 -1.464911e-01 -1.462761e-01 -1.461395e-01 -1.460810e-01 -1.460303e-01 -1.460949e-01 -1.461803e-01 -1.461358e-01 -1.460649e-01 -1.460287e-01 -1.459701e-01 -1.459640e-01 -1.384331e-01 -1.454981e-01
