tests/data/reference/test_implicit_stream_rill_mfda/control/massbalance.asc
ncols	123
nrows	77
xllcorner	-713746.79929998
yllcorner	-1061022.36961616
cellsize	10.0
NODATA_value	-9999
[rows 22 to 43 of 77, columns 0 to 49 of 123]
-9.999000e+03 -9.999000e+03 -9.999000e+03 -9.999000e+03 -9.999000e+03 -9.999000e+03 -9.999000e+03 -9.999000e+03 -9.999000e+03 -9.999000e+03 -9.999000e+03 -9.999000e+03 -9.999000e+03 -9.999000e+03 -9.999000e+03 -1.492685e-01 -1.491839e-01 -1.489204e-01 -1.469240e-01 -1.515243e-01 -1.516007e-01 -1.668899e-01 -1.354347e-01 4.399616e-03 -1.448027e-01 -1.458508e-01 -1.460039e-01 -1.460467e-01 -1.460147e-01 -1.459589e-01 -1.495794e-01 -1.461028e-01 -1.459660e-01 -1.420260e-01 -1.459108e-01 -1.458879e-01 -1.458915e-01 -1.497349e-01 -1.421612e-01 -1.459341e-01 -1.459209e-01 -1.459115e-01 -1.459123e-01 -1.459226e-01 -1.459341e-01 -1.459441e-01 -1.459522e-01 -1.459677e-01 -1.459839e-01 -1.459796e-01
-9.999000e+03 -9.999000e+03 -9.999000e+03 -9.999000e+03 -9.999000e+03 -9.999000e+03 -9.999000e+03 -9.999000e+03 -9.999000e+03 -9.999000e+03 -9.999000e+03 -9.999000e+03 -9.999000e+03 -9.999000e+03 -1.510698e-01 -1.490786e-01 -1.491729e-01 -1.496057e-01 -1.512867e-01 -1.502372e-01 -1.667435e-01 -1.356813e-01 -1.657103e-01 -8.892046e-02 -1.495345e-01 -1.500272e-01 -1.500877e-01 -1.499985e-01 -1.459873e-01 -1.459046e-01 -1.495585e-01 -1.461080e-01 -1.459799e-01 -1.459277e-01 -1.419874e-01 -1.459223e-01 -1.460042e-01 -1.498615e-01 -1.422216e-01 -1.459585e-01 -1.459055e-01 -1.458613e-01 -1.458292e-01 -1.458274e-01 -1.458515e-01 -1.458811e-01 -1.459027e-01 -1.459132e-01 -1.459111e-01 -1.458994e-01
-9.999000e+03 -9.999000e+03 -9.999000e+03 -9.999000e+03 -9.999000e+03 -9.999000e+03 -9.999000e+03 -9.999000e+03 -9.999000e+03 -9.999000e+03 -9.999000e+03 -9.999000e+03 -9.999000e+03 -9.999000e+03 -1.488701e-01 -1.473029e-01 -1.451587e-01 -1.502497e-01 -1.512213e-01 -1.519436e-01 -1.357870e-01 -1.258524e-01 -1.528721e-01 -1.520607e-01 -1.482406e-01 -1.469104e-01 -1.498943e-01 -1.497941e-01 -1.499267e-01 -1.534165e-01 -1.460374e-01 -1.461122e-01 -1.459438e-01 -1.458596e-01 -1.419513e-01 -1.458846e-01 -1.459565e-01 -1.499113e-01 -1.420188e-01 -1.459147e-01 -1.459051e-01 -1.458949e-01 -1.458737e-01 -1.458678e-01 -1.458839e-01 -1.459094e-01 -1.459345e-01 -1.459516e-01 -1.459588e-01 -1.459671e-01
-9.999000e+03 -9.999000e+03 -9.999000e+03 -9.999000e+03 -9.999000e+03 -9.999000e+03 -9.999000e+03 -9.999000e+03 -9.999000e+03 -9.999000e+03 -9.999000e+03 -9.999000e+03 -9.999000e+03 -9.999000e+03 -1.475229e-01 -1.489922e-01 -1.514968e-01 -1.514888e-01 -1.514366e-01 -1.671031e-01 -1.360165e-01 -9.089345e-02 -6.834105e-02 -1.496534e-01 -1.500711e-01 -1.500601e-01 -1.462605e-01 -1.497548e-01 -1.497350e-01 -1.535062e-01 -1.497896e-01 -1.499426e-01 -1.498481e-01 -1.457684e-01 -1.457663e-01 -1.420516e-01 -1.497439e-01 -1.460607e-01 -1.460454e-01 -1.417311e-01 -1.459152e-01 -1.459320e-01 -1.459231e-01 -1.459146e-01 -1.459214e-01 -1.459414e-01 -1.459695e-01 -1.459931e-01 -1.460120e-01 -1.460430e-01
-9.999000e+03 -9.999000e+03 -9.999000e+03 -9.999000e+03 -9.999000e+03 -9.999000e+03 -9.999000e+03 -9.999000e+03 -9.999000e+03 -9.999000e+03 -9.999000e+03 -9.999000e+03 -1.518437e-01 -1.512847e-01 -1.430662e-01 -1.495507e-01 -1.515332e-01 -1.504626e-01 -1.667487e-01 -1.354774e-01 -1.340072e-03 -8.590425e-02 -1.478088e-01 -1.475563e-01 -1.496201e-01 -1.495550e-01 -1.454972e-01 -1.493357e-01 -1.493914e-01 -1.495457e-01 -1.534146e-01 -1.495102e-01 -1.494142e-01 -1.492832e-01 -1.496716e-01 -1.459761e-01 -1.459875e-01 -1.461474e-01 -1.459182e-01 -1.459055e-01 -1.418305e-01 -1.459053e-01 -1.458908e-01 -1.458942e-01 -1.459222e-01 -1.459675e-01 -1.460146e-01 -1.460360e-01 -1.460350e-01 -1.460432e-01
-9.999000e+03 -9.999000e+03 -9.999000e+03 -9.999000e+03 -9.999000e+03 -9.999000e+03 -9.999000e+03 -9.999000e+03 -9.999000e+03 -9.999000e+03 -9.999000e+03 -9.999000e+03 -9.999000e+03 -1.517671e-01 -1.498529e-01 -1.502756e-01 -1.507355e-01 -1.665159e-01 -1.343495e-01 -1.267333e-02 -1.516213e-01 -1.495209e-01 -1.450432e-01 -1.465218e-01 -1.463563e-01 -1.462606e-01 -1.460563e-01 -1.489104e-01 -1.491547e-01 -1.493326e-01 -1.494410e-01 -1.495469e-01 -1.492987e-01 -1.492106e-01 -1.494467e-01 -1.498216e-01 -1.501696e-01 -1.500723e-01 -1.459501e-01 -1.459562e-01 -1.329884e-01 -1.458726e-01 -1.458560e-01 -1.458742e-01 -1.459258e-01 -1.459979e-01 -1.460607e-01 -1.460735e-01 -1.460496e-01 -1.460334e-01
-9.999000e+03 -9.999000e+03 -9.999000e+03 -9.999000e+03 -9.999000e+03 -9.999000e+03 -9.999000e+03 -9.999000e+03 -9.999000e+03 -9.999000e+03 -9.999000e+03 -9.999000e+03 -9.999000e+03 -9.999000e+03 -9.999000e+03 -1.510937e-01 -1.659427e-01 -1.333334e-01 -1.263938e-01 -8.164431e-02 -1.480061e-01 -1.495168e-01 -1.496041e-01 -1.496611e-01 -1.496905e-01 -1.497215e-01 -1.495631e-01 -1.463436e-01 -1.465129e-01 -1.494968e-01 -1.494166e-01 -1.492597e-01 -1.491584e-01 -1.492146e-01 -1.495342e-01 -1.498667e-01 -1.497172e-01 -1.494525e-01 -1.494058e-01 -1.498796e-01 -1.320623e-01 -1.459165e-01 -1.459725e-01 -1.460141e-01 -1.460369e-01 -1.460504e-01 -1.460460e-01 -1.460231e-01 -1.460020e-01 -1.459930e-01
-9.999000e+03 -9.999000e+03 -9.999000e+03 -9.999000e+03 -9.999000e+03 -9.999000e+03 -9.999000e+03 -9.999000e+03 -9.999000e+03 -9.999000e+03 -9.999000e+03 -9.999000e+03 -9.999000e+03 -9.999000e+03 -9.999000e+03 -9.999000e+03 -1.664373e-01 -1.332808e-01 -1.012680e-01 -1.485478e-01 -1.495174e-01 -1.495164e-01 -1.496298e-01 -1.497358e-01 -1.497616e-01 -1.497849e-01 -1.495806e-01 -1.493715e-01 -1.495373e-01 -1.467417e-01 -1.463531e-01 -1.461176e-01 -1.492314e-01 -1.493433e-01 -1.495707e-01 -1.497491e-01 -1.458611e-01 -1.453685e-01 -1.493020e-01 -1.494943e-01 -1.496261e-01 -1.460222e-01 -1.461033e-01 -1.461487e-01 -1.461365e-01 -1.460893e-01 -1.460227e-01 -1.459726e-01 -1.459577e-01 -1.459527e-01
-9.999000e+03 -9.999000e+03 -9.999000e+03 -9.999000e+03 -9.999000e+03 -9.999000e+03 -9.999000e+03 -9.999000e+03 -9.999000e+03 -9.999000e+03 -9.999000e+03 -9.999000e+03 -9.999000e+03 -9.999000e+03 -9.999000e+03 -9.999000e+03 -1.338402e-01 -2.285749e-02 -1.512965e-01 -1.496817e-01 -1.495983e-01 -1.469013e-01 -1.495979e-01 -1.497710e-01 -1.497757e-01 -1.497324e-01 -1.496035e-01 -1.494400e-01 -1.495910e-01 -1.497608e-01 -1.495816e-01 -1.494185e-01 -1.463405e-01 -1.463319e-01 -1.464999e-01 -1.465382e-01 -1.498375e-01 -1.496090e-01 -1.459324e-01 -1.459223e-01 -1.454813e-01 -1.451299e-01 -1.440122e-01 -1.495833e-01 -1.497182e-01 -1.456616e-01 -1.457007e-01 -1.457521e-01 -1.458186e-01 -1.458375e-01
-9.999000e+03 -9.999000e+03 -9.999000e+03 -9.999000e+03 -9.999000e+03 -9.999000e+03 -9.999000e+03 -9.999000e+03 -9.999000e+03 -9.999000e+03 -9.999000e+03 -9.999000e+03 -9.999000e+03 -9.999000e+03 -9.999000e+03 -1.338528e-01 -1.926517e-02 -1.475617e-01 -1.433088e-01 -1.472323e-01 -1.471532e-01 -1.496041e-01 -1.469062e-01 -1.468027e-01 -1.496277e-01 -1.464930e-01 -1.465181e-01 -1.463349e-01 -1.495807e-01 -1.497345e-01 -1.495751e-01 -1.494003e-01 -1.493405e-01 -1.492031e-01 -1.495207e-01 -1.498164e-01 -1.468794e-01 -1.466890e-01 -1.462336e-01 -1.458866e-01 -1.451328e-01 -1.446558e-01 -1.449575e-01 -1.448688e-01 -1.453766e-01 -1.489304e-01 -1.451454e-01 -1.455454e-01 -1.456905e-01 -1.457127e-01
-9.999000e+03 -9.999000e+03 -9.999000e+03 -9.999000e+03 -9.999000e+03 -9.999000e+03 -9.999000e+03 -9.999000e+03 -9.999000e+03 -9.999000e+03 -9.999000e+03 -9.999000e+03 -9.999000e+03 -9.999000e+03 -1.330006e-01 -1.259848e-01 -8.107028e-02 -1.417010e-01 -1.457274e-01 -1.458496e-01 -1.496374e-01 -1.497491e-01 -1.497684e-01 -1.497174e-01 -1.466760e-01 -1.496221e-01 -1.497680e-01 -1.460356e-01 -1.460109e-01 -1.498688e-01 -1.495286e-01 -1.458818e-01 -1.460162e-01 -1.460898e-01 -1.463326e-01 -1.464891e-01 -1.495034e-01 -1.497932e-01 -1.500353e-01 -1.502352e-01 -1.502189e-01 -1.500022e-01 -1.447679e-01 -1.443655e-01 -1.444144e-01 -1.456897e-01 -1.455336e-01 -1.452482e-01 -1.495062e-01 -1.449451e-01
-9.999000e+03 -9.999000e+03 -9.999000e+03 -9.999000e+03 -9.999000e+03 -9.999000e+03 -9.999000e+03 -9.999000e+03 -9.999000e+03 -9.999000e+03 -9.999000e+03 -9.999000e+03 -9.999000e+03 -9.999000e+03 -1.336171e-01 -1.521136e-02 -1.459721e-01 -1.458918e-01 -1.457931e-01 -1.457799e-01 -1.458523e-01 -1.459783e-01 -1.497904e-01 -1.461116e-01 -1.460555e-01 -1.459339e-01 -1.459935e-01 -1.460996e-01 -1.427055e-01 -1.424166e-01 -1.422804e-01 -1.456974e-01 -1.456890e-01 -1.456672e-01 -1.456197e-01 -1.458443e-01 -1.457600e-01 -1.458445e-01 -1.459499e-01 -1.460491e-01 -1.460834e-01 -1.501900e-01 -1.501367e-01 -1.499968e-01 -1.492459e-01 -1.443703e-01 -1.441597e-01 -1.441743e-01 -1.401961e-01 -1.447423e-01
-9.999000e+03 -9.999000e+03 -9.999000e+03 -9.999000e+03 -9.999000e+03 -9.999000e+03 -9.999000e+03 -9.999000e+03 -9.999000e+03 -9.999000e+03 -9.999000e+03 -9.999000e+03 -9.999000e+03 -1.254047e-01 1.869973e-01 -1.459036e-01 -1.459768e-01 -1.459689e-01 -1.459102e-01 -1.458459e-01 -1.458363e-01 -1.459021e-01 -1.460116e-01 -1.461048e-01 -1.461304e-01 -1.460674e-01 -1.460840e-01 -1.461577e-01 -1.460512e-01 -1.459557e-01 -1.458746e-01 -1.457669e-01 -1.457510e-01 -1.420769e-01 -1.493813e-01 -1.460388e-01 -1.459636e-01 -1.459660e-01 -1.459879e-01 -1.459998e-01 -1.460089e-01 -1.460092e-01 -1.460341e-01 -1.503200e-01 -1.503618e-01 -1.503164e-01 -1.496443e-01 -1.494840e-01 -1.490956e-01 -1.439995e-01
-9.999000e+03 -9.999000e+03 -9.999000e+03 -9.999000e+03 -9.999000e+03 -9.999000e+03 -9.999000e+03 -9.999000e+03 -9.999000e+03 -9.999000e+03 -9.999000e+03 -9.999000e+03 -1.328178e-01 -1.249426e-01 -1.460608e-01 -1.459298e-01 -1.459612e-01 -1.459812e-01 -1.459281e-01 -1.458749e-01 -1.458382e-01 -1.458393e-01 -1.459191e-01 -1.459976e-01 -1.460656e-01 -1.460856e-01 -1.461350e-01 -1.462222e-01 -1.461447e-01 -1.460841e-01 -1.460718e-01 -1.460193e-01 -1.424456e-01 -1.459422e-01 -1.494398e-01 -1.460035e-01 -1.460798e-01 -1.461210e-01 -1.461875e-01 -1.462173e-01 -1.462254e-01 -1.461697e-01 -1.460698e-01 -1.460579e-01 -1.461222e-01 -1.503691e-01 -1.503483e-01 -1.503261e-01 -1.495285e-01 -1.491954e-01
-9.999000e+03 -9.999000e+03 -9.999000e+03 -9.999000e+03 -9.999000e+03 -9.999000e+03 -9.999000e+03 -9.999000e+03 -9.999000e+03 -9.999000e+03 -9.999000e+03 -9.999000e+03 -1.261012e-01 -1.477412e-01 -1.462230e-01 -1.460665e-01 -1.459679e-01 -1.459852e-01 -1.459474e-01 -1.459065e-01 -1.458650e-01 -1.458244e-01 -1.458640e-01 -1.459027e-01 -1.459638e-01 -1.460235e-01 -1.460885e-01 -1.462057e-01 -1.461901e-01 -1.461841e-01 -1.462562e-01 -1.429505e-01 -1.494956e-01 -1.462553e-01 -1.460399e-01 -1.460608e-01 -1.461653e-01 -1.462241e-01 -1.463200e-01 -1.464068e-01 -1.464791e-01 -1.464314e-01 -1.461933e-01 -1.461660e-01 -1.462306e-01 -1.462821e-01 -1.462763e-01 -1.505262e-01 -1.504059e-01 -1.500591e-01
-9.999000e+03 -9.999000e+03 -9.999000e+03 -9.999000e+03 -9.999000e+03 -9.999000e+03 -9.999000e+03 -9.999000e+03 -9.999000e+03 -9.999000e+03 -9.999000e+03 -1.317111e-01 -8.717445e-03 -1.461673e-01 -1.462625e-01 -1.462865e-01 -1.461298e-01 -1.460875e-01 -1.460161e-01 -1.459607e-01 -1.459284e-01 -1.458843e-01 -1.459175e-01 -1.459411e-01 -1.459745e-01 -1.460177e-01 -1.460201e-01 -1.460915e-01 -1.461016e-01 -1.461205e-01 -1.462460e-01 -1.433342e-01 -1.492388e-01 -1.463034e-01 -1.460778e-01 -1.460572e-01 -1.462197e-01 -1.462532e-01 -1.463980e-01 -1.464787e-01 -1.466270e-01 -1.466532e-01 -1.499688e-01 -1.499416e-01 -1.499735e-01 -1.500601e-01 -1.501291e-01 -1.501844e-01 -1.460379e-01 -1.501646e-01
-9.999000e+03 -9.999000e+03 -9.999000e+03 -9.999000e+03 -9.999000e+03 -9.999000e+03 -9.999000e+03 -9.999000e+03 -9.999000e+03 -9.999000e+03 -1.312905e-01 -1.255822e-01 -1.462268e-01 -1.440345e-01 -1.482448e-01 -1.464060e-01 -1.463362e-01 -1.462470e-01 -1.461243e-01 -1.460287e-01 -1.459845e-01 -1.459300e-01 -1.459504e-01 -1.459745e-01 -1.459941e-01 -1.460433e-01 -1.460744e-01 -1.460188e-01 -1.460131e-01 -1.460269e-01 -1.461877e-01 -1.462363e-01 -1.462998e-01 -1.464464e-01 -1.491445e-01 -1.489900e-01 -1.459670e-01 -1.489033e-01 -1.489217e-01 -1.489740e-01 -1.492308e-01 -1.496684e-01 -1.462247e-01 -1.459121e-01 -1.459569e-01 -1.460111e-01 -1.459862e-01 -1.459600e-01 -1.499856e-01 -1.498414e-01
-9.999000e+03 -9.999000e+03 -9.999000e+03 -9.999000e+03 -9.999000e+03 -9.999000e+03 -9.999000e+03 -9.999000e+03 -9.999000e+03 -9.999000e+03 -1.306331e-01 -1.470350e-01 -1.442847e-01 -1.460258e-01 -1.479847e-01 -1.462002e-01 -1.462938e-01 -1.462902e-01 -1.461980e-01 -1.460911e-01 -1.460338e-01 -1.459641e-01 -1.459514e-01 -1.459553e-01 -1.459406e-01 -1.487859e-01 -1.460122e-01 -1.460012e-01 -1.459736e-01 -1.459631e-01 -1.461331e-01 -1.461663e-01 -1.486645e-01 -1.489857e-01 -1.460792e-01 -1.457321e-01 -1.487351e-01 -1.459204e-01 -1.459642e-01 -1.460643e-01 -1.491788e-01 -1.496296e-01 -1.462021e-01 -1.458780e-01 -1.459193e-01 -1.459791e-01 -1.460004e-01 -1.460013e-01 -1.459014e-01 -1.457949e-01
-9.999000e+03 -9.999000e+03 -9.999000e+03 -9.999000e+03 -9.999000e+03 -9.999000e+03 -9.999000e+03 -9.999000e+03 -9.999000e+03 -1.307040e-01 6.525546e-02 -1.437501e-01 -1.459490e-01 -1.479013e-01 -1.459909e-01 -1.460136e-01 -1.461510e-01 -1.462820e-01 -1.462469e-01 -1.461542e-01 -1.460641e-01 -1.459932e-01 -1.459749e-01 -1.460256e-01 -1.487203e-01 -1.459914e-01 -1.459817e-01 -1.460375e-01 -1.459627e-01 -1.459012e-01 -1.460947e-01 -1.484590e-01 -1.461889e-01 -1.462416e-01 -1.460291e-01 -1.458161e-01 -1.458320e-01 -1.458592e-01 -1.489009e-01 -1.491494e-01 -1.465334e-01 -1.465405e-01 -1.459995e-01 -1.458109e-01 -1.458628e-01 -1.459340e-01 -1.460159e-01 -1.460787e-01 -1.459850e-01 -1.458884e-01
-9.999000e+03 -9.999000e+03 -9.999000e+03 -9.999000e+03 -9.999000e+03 -9.999000e+03 -9.999000e+03 -9.999000e+03 -9.999000e+03 -1.315864e-01 -1.451198e-01 -1.457902e-01 -1.459538e-01 -1.478425e-01 -1.459889e-01 -1.459374e-01 -1.480856e-01 -1.460925e-01 -1.462456e-01 -1.462088e-01 -1.460738e-01 -1.459887e-01 -1.486574e-01 -1.487433e-01 -1.459831e-01 -1.458426e-01 -1.486098e-01 -1.485716e-01 -1.484446e-01 -1.482117e-01 -1.482257e-01 -1.462768e-01 -1.462111e-01 -1.461722e-01 -1.460288e-01 -1.459039e-01 -1.458779e-01 -1.489942e-01 -1.462321e-01 -1.464748e-01 -1.464327e-01 -1.461831e-01 -1.459009e-01 -1.457846e-01 -1.458686e-01 -1.459708e-01 -1.460157e-01 -1.460460e-01 -1.459936e-01 -1.459539e-01
-9.999000e+03 -9.999000e+03 -9.999000e+03 -9.999000e+03 -9.999000e+03 -9.999000e+03 -9.999000e+03 -9.999000e+03 -1.259420e-01 -2.974396e-03 -1.437180e-01 -1.458416e-01 -1.477935e-01 -1.459555e-01 -1.459896e-01 -1.459289e-01 -1.438656e-01 -1.459758e-01 -1.461572e-01 -1.462244e-01 -1.460861e-01 -1.460454e-01 -1.460087e-01 -1.460351e-01 -1.459147e-01 -1.428456e-01 -1.429851e-01 -1.458565e-01 -1.458193e-01 -1.457163e-01 -1.459951e-01 -1.462705e-01 -1.461937e-01 -1.461248e-01 -1.460189e-01 -1.459266e-01 -1.458918e-01 -1.427053e-01 -1.429362e-01 -1.429429e-01 -1.425383e-01 -1.421941e-01 -1.457511e-01 -1.458112e-01 -1.459312e-01 -1.460493e-01 -1.459848e-01 -1.459089e-01 -1.459190e-01 -1.347674e-01
-9.999000e+03 -9.999000e+03 -9.999000e+03 -9.999000e+03 -9.999000e+03 -9.999000e+03 -9.999000e+03 -1.312089e-01 -1.262358e-01 -1.440762e-01 -1.460032e-01 -1.458979e-01 -1.478502e-01 -1.458504e-01 -1.459410e-01 -1.459310e-01 -1.459229e-01 -1.458838e-01 -1.460153e-01 -1.461416e-01 -1.485387e-01 -1.486042e-01 -1.460572e-01 -1.432300e-01 -1.431344e-01 -1.459040e-01 -1.458005e-01 -1.459118e-01 -1.458418e-01 -1.457581e-01 -1.460087e-01 -1.462371e-01 -1.461520e-01 -1.460734e-01 -1.459873e-01 -1.459101e-01 -1.458769e-01 -1.458471e-01 -1.459940e-01 -1.461257e-01 -1.459943e-01 -1.458702e-01 -1.458888e-01 -1.459094e-01 -1.459722e-01 -1.460306e-01 -1.459145e-01 -1.458090e-01 -1.255639e-01 -1.461090e-01
