tests/data/reference/test_implicit_stream_rill_mfda/control/massbalance.asc
ncols	123
nrows	77
xllcorner	-713746.79929998
yllcorner	-1061022.36961616
cellsize	10.0
NODATA_value	-9999
[rows 22 to 43 of 77, columns 0 to 49 of 123]
-9.999000e+03 -9.999000e+03 -9.999000e+03 -9.999000e+03 -9.999000e+03 -9.999000e+03 -9.999000e+03 -9.999000e+03 -9.999000e+03 -9.999000e+03 -9.999000e+03 -9.999000e+03 -9.999000e+03 -9.999000e+03 -9.999000e+03 -1.557933e-01 -1.575520e-01 -1.594560e-01 -1.607360e-01 -1.525469e-01 -1.525384e-01 -1.680793e-01 -1.379760e-01 -1.969947e-02 -1.650266e-01 -1.400200e-01 -1.548182e-01 -1.545386e-01 -1.496919e-01 -1.393944e-01 -1.495701e-01 -1.463678e-01 -1.500655e-01 -1.621920e-01 -1.509990e-01 -1.453082e-01 -1.426067e-01 -1.497251e-01 -1.508176e-01 -1.475452e-01 -1.482643e-01 -1.490158e-01 -1.460779e-01 -1.480772e-01 -1.481451e-01 -1.499530e-01 -1.491073e-01 -1.448831e-01 -1.503868e-01 -1.471356e-01
-9.999000e+03 -9.999000e+03 -9.999000e+03 -9.999000e+03 -9.999000e+03 -9.999000e+03 -9.999000e+03 -9.999000e+03 -9.999000e+03 -9.999000e+03 -9.999000e+03 -9.999000e+03 -9.999000e+03 -9.999000e+03 -1.526688e-01 -1.573186e-01 -1.568136e-01 -1.539602e-01 -1.525978e-01 -1.527278e-01 -1.679964e-01 -1.382175e-01 -1.678623e-01 -1.012503e-01 -1.755900e-01 -1.469541e-01 -1.589082e-01 -1.573161e-01 -1.503659e-01 -1.391607e-01 -1.495494e-01 -1.463738e-01 -1.475859e-01 -1.496592e-01 -1.687713e-01 -1.463990e-01 -1.327267e-01 -1.498513e-01 -1.507853e-01 -1.477413e-01 -1.482409e-01 -1.487779e-01 -1.471893e-01 -1.483004e-01 -1.482957e-01 -1.496844e-01 -1.488731e-01 -1.453423e-01 -1.506019e-01 -1.486120e-01
-9.999000e+03 -9.999000e+03 -9.999000e+03 -9.999000e+03 -9.999000e+03 -9.999000e+03 -9.999000e+03 -9.999000e+03 -9.999000e+03 -9.999000e+03 -9.999000e+03 -9.999000e+03 -9.999000e+03 -9.999000e+03 -1.548108e-01 -1.679189e-01 -1.629724e-01 -1.532655e-01 -1.526173e-01 -1.525572e-01 -1.377561e-01 -1.298645e-01 -1.530203e-01 -1.521773e-01 -1.617129e-01 -1.726004e-01 -1.483923e-01 -1.502896e-01 -1.576057e-01 -1.534297e-01 -1.403998e-01 -1.463862e-01 -1.475916e-01 -1.493339e-01 -1.745453e-01 -1.468341e-01 -1.257217e-01 -1.499009e-01 -1.510871e-01 -1.476690e-01 -1.480546e-01 -1.485396e-01 -1.477735e-01 -1.484495e-01 -1.483814e-01 -1.492841e-01 -1.485900e-01 -1.460062e-01 -1.504456e-01 -1.500844e-01
-9.999000e+03 -9.999000e+03 -9.999000e+03 -9.999000e+03 -9.999000e+03 -9.999000e+03 -9.999000e+03 -9.999000e+03 -9.999000e+03 -9.999000e+03 -9.999000e+03 -9.999000e+03 -9.999000e+03 -9.999000e+03 -1.690914e-01 -1.546539e-01 -1.525510e-01 -1.525523e-01 -1.525617e-01 -1.681845e-01 -1.392769e-01 -9.283696e-02 -7.557129e-02 -1.519678e-01 -1.522789e-01 -1.613393e-01 -1.699020e-01 -1.462251e-01 -1.566571e-01 -1.535074e-01 -1.512929e-01 -1.509646e-01 -1.534171e-01 -1.494735e-01 -1.507674e-01 -1.790307e-01 -1.497341e-01 -1.240736e-01 -1.461952e-01 -1.590571e-01 -1.477297e-01 -1.481266e-01 -1.478483e-01 -1.483316e-01 -1.482470e-01 -1.487694e-01 -1.482586e-01 -1.464886e-01 -1.499163e-01 -1.507742e-01
-9.999000e+03 -9.999000e+03 -9.999000e+03 -9.999000e+03 -9.999000e+03 -9.999000e+03 -9.999000e+03 -9.999000e+03 -9.999000e+03 -9.999000e+03 -9.999000e+03 -9.999000e+03 -1.525412e-01 -1.525984e-01 -1.705505e-01 -1.538575e-01 -1.525457e-01 -1.528260e-01 -1.679996e-01 -1.380569e-01 -1.445649e-02 -9.720856e-02 -1.560537e-01 -1.612427e-01 -1.544319e-01 -1.539238e-01 -1.790118e-01 -1.452925e-01 -1.563076e-01 -1.512098e-01 -1.534280e-01 -1.537163e-01 -1.517998e-01 -1.558955e-01 -1.580198e-01 -1.512100e-01 -1.828809e-01 -1.463254e-01 -1.265170e-01 -1.473419e-01 -1.718537e-01 -1.476516e-01 -1.476579e-01 -1.480227e-01 -1.479246e-01 -1.482356e-01 -1.478077e-01 -1.466748e-01 -1.491799e-01 -1.508561e-01
-9.999000e+03 -9.999000e+03 -9.999000e+03 -9.999000e+03 -9.999000e+03 -9.999000e+03 -9.999000e+03 -9.999000e+03 -9.999000e+03 -9.999000e+03 -9.999000e+03 -9.999000e+03 -9.999000e+03 -1.525351e-01 -1.537237e-01 -1.532042e-01 -1.527874e-01 -1.678386e-01 -1.376363e-01 -2.817752e-02 -1.542157e-01 -1.523483e-01 -1.664613e-01 -1.773931e-01 -1.900616e-01 -1.921873e-01 -1.918319e-01 -1.813855e-01 -1.467367e-01 -1.558596e-01 -1.540320e-01 -1.513186e-01 -1.559515e-01 -1.529354e-01 -1.573635e-01 -1.576534e-01 -1.579206e-01 -1.928327e-01 -1.473949e-01 -1.305059e-01 -1.672197e-01 -1.472352e-01 -1.473783e-01 -1.476356e-01 -1.475017e-01 -1.476191e-01 -1.472655e-01 -1.466096e-01 -1.484045e-01 -1.505349e-01
-9.999000e+03 -9.999000e+03 -9.999000e+03 -9.999000e+03 -9.999000e+03 -9.999000e+03 -9.999000e+03 -9.999000e+03 -9.999000e+03 -9.999000e+03 -9.999000e+03 -9.999000e+03 -9.999000e+03 -9.999000e+03 -9.999000e+03 -1.526604e-01 -1.671151e-01 -1.346077e-01 -1.288046e-01 -8.856934e-02 -1.624707e-01 -1.670473e-01 -1.647813e-01 -1.580351e-01 -1.501135e-01 -1.446927e-01 -1.431824e-01 -1.887534e-01 -2.007065e-01 -1.480932e-01 -1.548445e-01 -1.563382e-01 -1.544537e-01 -1.575946e-01 -1.528170e-01 -1.570649e-01 -1.569322e-01 -1.570178e-01 -1.777995e-01 -1.555191e-01 -1.924827e-01 -1.468131e-01 -1.468816e-01 -1.470151e-01 -1.469119e-01 -1.469835e-01 -1.467814e-01 -1.464889e-01 -1.477919e-01 -1.499910e-01
-9.999000e+03 -9.999000e+03 -9.999000e+03 -9.999000e+03 -9.999000e+03 -9.999000e+03 -9.999000e+03 -9.999000e+03 -9.999000e+03 -9.999000e+03 -9.999000e+03 -9.999000e+03 -9.999000e+03 -9.999000e+03 -9.999000e+03 -9.999000e+03 -1.677721e-01 -1.361167e-01 -1.050559e-01 -1.577126e-01 -1.604568e-01 -1.587638e-01 -1.544641e-01 -1.501628e-01 -1.477315e-01 -1.471857e-01 -1.480094e-01 -1.495883e-01 -1.505111e-01 -1.935293e-01 -1.754589e-01 -1.442492e-01 -1.578811e-01 -1.567568e-01 -1.577464e-01 -1.514793e-01 -1.583142e-01 -1.667268e-01 -1.566883e-01 -1.680730e-01 -1.566948e-01 -1.897557e-01 -1.461692e-01 -1.461992e-01 -1.462179e-01 -1.464134e-01 -1.464615e-01 -1.464555e-01 -1.473957e-01 -1.493846e-01
-9.999000e+03 -9.999000e+03 -9.999000e+03 -9.999000e+03 -9.999000e+03 -9.999000e+03 -9.999000e+03 -9.999000e+03 -9.999000e+03 -9.999000e+03 -9.999000e+03 -9.999000e+03 -9.999000e+03 -9.999000e+03 -9.999000e+03 -9.999000e+03 -1.349925e-01 -3.405957e-02 -1.535682e-01 -1.528759e-01 -1.530854e-01 -1.725322e-01 -1.565529e-01 -1.334604e-01 -1.114277e-01 -9.841477e-02 -9.955297e-02 -1.120607e-01 -1.240937e-01 -1.268532e-01 -1.263781e-01 -1.324334e-01 -1.474755e-01 -1.147667e-01 -1.070924e-01 -9.894882e-02 -1.039271e-01 -9.652221e-02 -1.299150e-01 -1.415323e-01 -1.400753e-01 -1.591203e-01 -1.886232e-01 -1.549398e-01 -1.548427e-01 -1.464683e-01 -1.466406e-01 -1.467297e-01 -1.472965e-01 -1.488874e-01
-9.999000e+03 -9.999000e+03 -9.999000e+03 -9.999000e+03 -9.999000e+03 -9.999000e+03 -9.999000e+03 -9.999000e+03 -9.999000e+03 -9.999000e+03 -9.999000e+03 -9.999000e+03 -9.999000e+03 -9.999000e+03 -9.999000e+03 -1.350022e-01 -2.633785e-02 -1.489982e-01 -1.729845e-01 -1.897157e-01 -1.787631e-01 -1.553844e-01 -1.607664e-01 -1.650216e-01 -1.623660e-01 -1.686022e-01 -1.695285e-01 -1.695233e-01 -1.642983e-01 -1.529925e-01 -1.389915e-01 -1.231030e-01 -1.113605e-01 -1.099635e-01 -1.181664e-01 -1.251804e-01 -1.802868e-01 -1.627107e-01 -1.650281e-01 -1.511275e-01 -1.567063e-01 -1.676918e-01 -1.613115e-01 -1.979538e-01 -1.864950e-01 -1.551445e-01 -1.624237e-01 -1.474811e-01 -1.475595e-01 -1.487291e-01
-9.999000e+03 -9.999000e+03 -9.999000e+03 -9.999000e+03 -9.999000e+03 -9.999000e+03 -9.999000e+03 -9.999000e+03 -9.999000e+03 -9.999000e+03 -9.999000e+03 -9.999000e+03 -9.999000e+03 -9.999000e+03 -1.343628e-01 -1.286203e-01 -9.979553e-02 -1.680105e-01 -1.475911e-01 -1.265758e-01 -1.573917e-01 -1.565972e-01 -1.556707e-01 -1.540348e-01 -1.598955e-01 -1.553488e-01 -1.544831e-01 -1.463017e-01 -1.463801e-01 -1.548545e-01 -1.543197e-01 -1.812326e-01 -1.873266e-01 -1.922803e-01 -1.915033e-01 -2.002053e-01 -1.545175e-01 -1.565524e-01 -1.564518e-01 -1.567795e-01 -1.572057e-01 -1.574127e-01 -1.617151e-01 -1.712563e-01 -1.804398e-01 -1.835313e-01 -1.742892e-01 -1.743786e-01 -1.572715e-01 -1.648267e-01
-9.999000e+03 -9.999000e+03 -9.999000e+03 -9.999000e+03 -9.999000e+03 -9.999000e+03 -9.999000e+03 -9.999000e+03 -9.999000e+03 -9.999000e+03 -9.999000e+03 -9.999000e+03 -9.999000e+03 -9.999000e+03 -1.348215e-01 -6.293412e-02 -1.444720e-01 -1.466991e-01 -1.218969e-01 -1.500849e-01 -1.493589e-01 -1.481695e-01 -1.558706e-01 -1.468307e-01 -1.472240e-01 -1.455323e-01 -1.463565e-01 -1.461758e-01 -1.504971e-01 -1.565230e-01 -1.624301e-01 -1.503250e-01 -1.489820e-01 -1.482119e-01 -1.652694e-01 -1.463626e-01 -1.478982e-01 -1.489481e-01 -1.500717e-01 -1.503021e-01 -1.501658e-01 -1.555250e-01 -1.571052e-01 -1.572078e-01 -1.566198e-01 -1.613176e-01 -1.691443e-01 -1.770075e-01 -1.804884e-01 -1.768782e-01
-9.999000e+03 -9.999000e+03 -9.999000e+03 -9.999000e+03 -9.999000e+03 -9.999000e+03 -9.999000e+03 -9.999000e+03 -9.999000e+03 -9.999000e+03 -9.999000e+03 -9.999000e+03 -9.999000e+03 -1.282978e-01 1.507450e-01 -1.458743e-01 -1.454312e-01 -1.184453e-01 -1.502236e-01 -1.499327e-01 -1.487870e-01 -1.481879e-01 -1.476556e-01 -1.482338e-01 -1.449504e-01 -1.465735e-01 -1.463909e-01 -1.461294e-01 -1.461095e-01 -1.482516e-01 -1.500903e-01 -1.487902e-01 -1.474475e-01 -1.612892e-01 -1.493727e-01 -1.464106e-01 -1.489804e-01 -1.502087e-01 -1.500614e-01 -1.498583e-01 -1.482943e-01 -1.495615e-01 -1.494974e-01 -1.561121e-01 -1.562221e-01 -1.545929e-01 -1.541749e-01 -1.541879e-01 -1.543706e-01 -1.590387e-01
-9.999000e+03 -9.999000e+03 -9.999000e+03 -9.999000e+03 -9.999000e+03 -9.999000e+03 -9.999000e+03 -9.999000e+03 -9.999000e+03 -9.999000e+03 -9.999000e+03 -9.999000e+03 -1.342312e-01 -1.294142e-01 -1.477756e-01 -1.436913e-01 -1.193006e-01 -1.499501e-01 -1.500346e-01 -1.489498e-01 -1.482512e-01 -1.480142e-01 -1.494032e-01 -1.443366e-01 -1.471141e-01 -1.468075e-01 -1.464445e-01 -1.460680e-01 -1.486823e-01 -1.498740e-01 -1.489259e-01 -1.471502e-01 -1.570743e-01 -1.477770e-01 -1.494310e-01 -1.490396e-01 -1.500294e-01 -1.493038e-01 -1.491241e-01 -1.486618e-01 -1.487616e-01 -1.486093e-01 -1.485150e-01 -1.485645e-01 -1.472529e-01 -1.525824e-01 -1.524850e-01 -1.523932e-01 -1.520418e-01 -1.522100e-01
-9.999000e+03 -9.999000e+03 -9.999000e+03 -9.999000e+03 -9.999000e+03 -9.999000e+03 -9.999000e+03 -9.999000e+03 -9.999000e+03 -9.999000e+03 -9.999000e+03 -9.999000e+03 -1.292267e-01 -1.502624e-01 -1.424052e-01 -1.253823e-01 -1.488908e-01 -1.496809e-01 -1.489276e-01 -1.479449e-01 -1.475625e-01 -1.500055e-01 -1.428069e-01 -1.475470e-01 -1.472541e-01 -1.468580e-01 -1.464431e-01 -1.494913e-01 -1.495235e-01 -1.495316e-01 -1.476678e-01 -1.577742e-01 -1.494867e-01 -1.466285e-01 -1.490304e-01 -1.494212e-01 -1.480463e-01 -1.479887e-01 -1.494271e-01 -1.478395e-01 -1.477542e-01 -1.476063e-01 -1.473935e-01 -1.462605e-01 -1.463159e-01 -1.463466e-01 -1.463223e-01 -1.509661e-01 -1.508703e-01 -1.572037e-01
-9.999000e+03 -9.999000e+03 -9.999000e+03 -9.999000e+03 -9.999000e+03 -9.999000e+03 -9.999000e+03 -9.999000e+03 -9.999000e+03 -9.999000e+03 -9.999000e+03 -1.334889e-01 -2.669998e-02 -1.435138e-01 -1.342872e-01 -1.473770e-01 -1.487784e-01 -1.488629e-01 -1.476256e-01 -1.468215e-01 -1.499686e-01 -1.408218e-01 -1.473442e-01 -1.472991e-01 -1.470507e-01 -1.467204e-01 -1.501446e-01 -1.484745e-01 -1.500692e-01 -1.487452e-01 -1.498132e-01 -1.531653e-01 -1.492307e-01 -1.491202e-01 -1.480982e-01 -1.466020e-01 -1.467675e-01 -1.502082e-01 -1.468947e-01 -1.469183e-01 -1.469608e-01 -1.468540e-01 -1.499583e-01 -1.499311e-01 -1.499629e-01 -1.500492e-01 -1.501179e-01 -1.501730e-01 -1.502572e-01 -1.508503e-01
-9.999000e+03 -9.999000e+03 -9.999000e+03 -9.999000e+03 -9.999000e+03 -9.999000e+03 -9.999000e+03 -9.999000e+03 -9.999000e+03 -9.999000e+03 -1.332375e-01 -1.295662e-01 -1.466844e-01 -1.426140e-01 -1.482777e-01 -1.475883e-01 -1.490015e-01 -1.477013e-01 -1.461490e-01 -1.495830e-01 -1.399290e-01 -1.467539e-01 -1.469773e-01 -1.469686e-01 -1.468616e-01 -1.499776e-01 -1.468761e-01 -1.499151e-01 -1.497399e-01 -1.499586e-01 -1.497910e-01 -1.495324e-01 -1.493380e-01 -1.470757e-01 -1.491368e-01 -1.489828e-01 -1.502005e-01 -1.488964e-01 -1.489147e-01 -1.489668e-01 -1.492227e-01 -1.496589e-01 -1.464047e-01 -1.473864e-01 -1.491078e-01 -1.502702e-01 -1.507501e-01 -1.507395e-01 -1.499749e-01 -1.498313e-01
-9.999000e+03 -9.999000e+03 -9.999000e+03 -9.999000e+03 -9.999000e+03 -9.999000e+03 -9.999000e+03 -9.999000e+03 -9.999000e+03 -9.999000e+03 -1.328901e-01 -1.509637e-01 -1.501043e-01 -1.478844e-01 -1.481006e-01 -1.491785e-01 -1.485342e-01 -1.460786e-01 -1.487917e-01 -1.413673e-01 -1.458693e-01 -1.462786e-01 -1.465338e-01 -1.468091e-01 -1.488484e-01 -1.487792e-01 -1.487520e-01 -1.503156e-01 -1.488565e-01 -1.490310e-01 -1.490560e-01 -1.489614e-01 -1.486583e-01 -1.489785e-01 -1.467219e-01 -1.484854e-01 -1.487286e-01 -1.468957e-01 -1.488955e-01 -1.499605e-01 -1.491710e-01 -1.496203e-01 -1.464065e-01 -1.474469e-01 -1.492626e-01 -1.504381e-01 -1.508299e-01 -1.506390e-01 -1.501781e-01 -1.496851e-01
-9.999000e+03 -9.999000e+03 -9.999000e+03 -9.999000e+03 -9.999000e+03 -9.999000e+03 -9.999000e+03 -9.999000e+03 -9.999000e+03 -1.329245e-01 4.556138e-02 -1.560406e-01 -1.495977e-01 -1.480521e-01 -1.479915e-01 -1.496104e-01 -1.470021e-01 -1.475299e-01 -1.451913e-01 -1.451754e-01 -1.453884e-01 -1.456563e-01 -1.464951e-01 -1.469793e-01 -1.487139e-01 -1.469170e-01 -1.502088e-01 -1.470267e-01 -1.470723e-01 -1.472472e-01 -1.474604e-01 -1.484570e-01 -1.471819e-01 -1.485669e-01 -1.495283e-01 -1.502891e-01 -1.505182e-01 -1.500432e-01 -1.488939e-01 -1.491416e-01 -1.494633e-01 -1.468101e-01 -1.475068e-01 -1.492015e-01 -1.505814e-01 -1.510843e-01 -1.507606e-01 -1.498744e-01 -1.489149e-01 -1.482336e-01
-9.999000e+03 -9.999000e+03 -9.999000e+03 -9.999000e+03 -9.999000e+03 -9.999000e+03 -9.999000e+03 -9.999000e+03 -9.999000e+03 -1.334123e-01 -1.532198e-01 -1.497559e-01 -1.480926e-01 -1.480202e-01 -1.495243e-01 -1.482435e-01 -1.481645e-01 -1.504078e-01 -1.452421e-01 -1.449487e-01 -1.446257e-01 -1.461273e-01 -1.486513e-01 -1.487367e-01 -1.468949e-01 -1.489049e-01 -1.486042e-01 -1.485663e-01 -1.484435e-01 -1.482528e-01 -1.482633e-01 -1.473961e-01 -1.486831e-01 -1.493921e-01 -1.497115e-01 -1.498611e-01 -1.497425e-01 -1.489869e-01 -1.485825e-01 -1.469293e-01 -1.467665e-01 -1.488767e-01 -1.488427e-01 -1.491293e-01 -1.492287e-01 -1.488848e-01 -1.482751e-01 -1.474990e-01 -1.468714e-01 -1.465373e-01
-9.999000e+03 -9.999000e+03 -9.999000e+03 -9.999000e+03 -9.999000e+03 -9.999000e+03 -9.999000e+03 -9.999000e+03 -1.293893e-01 -2.128128e-02 -1.442841e-01 -1.501477e-01 -1.479951e-01 -1.480139e-01 -1.492770e-01 -1.484660e-01 -1.529320e-01 -1.462926e-01 -1.455268e-01 -1.439132e-01 -1.460281e-01 -1.471018e-01 -1.488927e-01 -1.499077e-01 -1.502279e-01 -1.652707e-01 -1.674822e-01 -1.641396e-01 -1.542898e-01 -1.384238e-01 -1.190181e-01 -1.069084e-01 -1.063024e-01 -1.144078e-01 -1.228031e-01 -1.260485e-01 -1.288425e-01 -1.428600e-01 -1.448521e-01 -1.525655e-01 -1.578443e-01 -1.582131e-01 -1.609689e-01 -1.587832e-01 -1.537218e-01 -1.457843e-01 -1.363806e-01 -1.276584e-01 -1.229756e-01 -1.332776e-01
-9.999000e+03 -9.999000e+03 -9.999000e+03 -9.999000e+03 -9.999000e+03 -9.999000e+03 -9.999000e+03 -1.331911e-01 -1.300003e-01 -1.457669e-01 -1.477076e-01 -1.494951e-01 -1.480243e-01 -1.501130e-01 -1.495522e-01 -1.479392e-01 -1.473159e-01 -1.467526e-01 -1.437148e-01 -1.467239e-01 -1.485339e-01 -1.485986e-01 -1.470330e-01 -1.594991e-01 -1.618634e-01 -1.504459e-01 -1.488329e-01 -1.503221e-01 -1.507164e-01 -1.504120e-01 -1.490741e-01 -1.472220e-01 -1.460584e-01 -1.458258e-01 -1.462233e-01 -1.468621e-01 -1.473985e-01 -1.476849e-01 -1.473896e-01 -1.466386e-01 -1.461588e-01 -1.461902e-01 -1.464185e-01 -1.465865e-01 -1.465217e-01 -1.462364e-01 -1.461219e-01 -1.463212e-01 -1.468563e-01 -1.469964e-01
