tests/data/reference/test_implicit_stream_rill_mfda/control/massbalance.asc
ncols	123
nrows	77
xllcorner	-713746.79929998
yllcorner	-1061022.36961616
cellsize	10.0
NODATA_value	-9999
[rows 44 to 65 of 77, columns 0 to 49 of 123]
-9.999000e+03 -9.999000e+03 -9.999000e+03 -9.999000e+03 -9.999000e+03 -9.999000e+03 -9.999000e+03 -1.554126e-01 -1.646989e-01 -1.322188e-01 -1.669757e-01 -1.661689e-01 -1.612119e-01 -1.565303e-01 -1.519213e-01 -1.516427e-01 -1.513772e-01 -1.487090e-01 -1.513282e-01 -1.529139e-01 -1.509447e-01 -1.448137e-01 -1.350248e-01 -1.606086e-01 -1.604628e-01 -1.711501e-01 -1.674850e-01 -1.703268e-01 -1.665315e-01 -1.600156e-01 -1.556958e-01 -1.542177e-01 -1.547121e-01 -1.544918e-01 -1.541183e-01 -1.535250e-01 -1.285970e-01 -1.411061e-01 -1.377085e-01 -1.428926e-01 -1.521397e-01 -1.588704e-01 -3.231629e-01 -3.567524e-02 -9.987023e-02 -2.135816e-01 -1.954500e-01 -5.868950e-01 -1.494968e-01 -1.490988e-01
-9.999000e+03 -9.999000e+03 -9.999000e+03 -9.999000e+03 -9.999000e+03 -9.999000e+03 -9.999000e+03 -1.734271e-01 -1.328308e-01 -1.554632e-01 -1.667103e-01 -1.663737e-01 -1.616972e-01 -1.544150e-01 -1.527345e-01 -1.521790e-01 -1.485541e-01 -1.523167e-01 -1.523431e-01 -1.534703e-01 -1.544162e-01 -1.547475e-01 -1.663806e-01 -1.665831e-01 -1.674943e-01 -1.674792e-01 -1.713608e-01 -1.665507e-01 -1.610128e-01 -1.567379e-01 -1.537218e-01 -1.530118e-01 -1.529821e-01 -1.176892e-01 -1.265701e-01 -1.253135e-01 -1.525618e-01 -1.531951e-01 -1.537399e-01 -1.541982e-01 -1.542637e-01 -1.541001e-01 -1.537171e-01 -1.532542e-01 -1.487082e-01 -1.368402e-01 -1.519788e-01 -1.512012e-01 -1.504280e-01 -1.497171e-01
-9.999000e+03 -9.999000e+03 -9.999000e+03 -9.999000e+03 -9.999000e+03 -9.999000e+03 -1.566310e-01 -1.299802e-01 -1.603762e-01 -1.610726e-01 -1.667611e-01 -1.667366e-01 -1.580264e-01 -1.558408e-01 -1.540469e-01 -1.493268e-01 -1.543158e-01 -1.525336e-01 -1.521058e-01 -1.530230e-01 -1.539400e-01 -1.698016e-01 -1.704048e-01 -1.683044e-01 -1.663289e-01 -1.609488e-01 -1.576466e-01 -1.550168e-01 -1.530535e-01 -1.518844e-01 -1.522536e-01 -1.084011e-01 -1.082671e-01 -1.509147e-01 -1.515256e-01 -1.522111e-01 -1.527645e-01 -1.534680e-01 -1.539960e-01 -1.537407e-01 -1.536072e-01 -1.542014e-01 -1.537172e-01 -1.536800e-01 -1.530602e-01 -1.535382e-01 -1.530400e-01 -1.523976e-01 -1.516587e-01 -1.506130e-01
-9.999000e+03 -9.999000e+03 -9.999000e+03 -9.999000e+03 -9.999000e+03 -9.999000e+03 -5.978368e-02 -1.395430e-01 -1.666697e-01 -1.666761e-01 -1.670548e-01 -1.624558e-01 -1.585002e-01 -1.562509e-01 -1.486882e-01 -1.587215e-01 -1.549919e-01 -1.525549e-01 -1.518669e-01 -1.526922e-01 -1.674208e-01 -1.674943e-01 -1.674883e-01 -1.674889e-01 -1.715105e-01 -1.663717e-01 -1.617820e-01 -1.132100e-01 -1.078565e-01 -1.064569e-01 -1.080294e-01 -1.504831e-01 -1.505412e-01 -1.509325e-01 -1.515147e-01 -1.519813e-01 -1.524231e-01 -1.528284e-01 -1.534531e-01 -1.533689e-01 -1.539765e-01 -1.541829e-01 -1.540990e-01 -1.540435e-01 -1.540408e-01 -1.537733e-01 -1.538168e-01 -1.532402e-01 -1.525527e-01 -1.518531e-01
-9.999000e+03 -9.999000e+03 -9.999000e+03 -9.999000e+03 -9.999000e+03 -1.544395e-01 -1.451092e-01 -1.500399e-01 -1.668866e-01 -1.669708e-01 -1.661051e-01 -1.617749e-01 -1.565584e-01 -1.443502e-01 -1.634005e-01 -1.585386e-01 -1.556105e-01 -1.533694e-01 -1.521497e-01 -1.527597e-01 -1.499802e-01 -1.439911e-01 -1.354383e-01 -1.268085e-01 -1.237276e-01 -1.211126e-01 -1.163453e-01 -1.526740e-01 -1.518514e-01 -1.513084e-01 -1.508096e-01 -1.504969e-01 -1.501568e-01 -1.500142e-01 -1.503158e-01 -1.508616e-01 -1.517867e-01 -1.521912e-01 -1.526300e-01 -1.532013e-01 -1.536248e-01 -1.538119e-01 -1.538532e-01 -1.537900e-01 -1.537915e-01 -1.537948e-01 -1.538824e-01 -1.538474e-01 -1.532367e-01 -1.527625e-01
-9.999000e+03 -9.999000e+03 -9.999000e+03 -9.999000e+03 -1.378435e-01 -1.422585e-01 -1.611983e-01 -1.570127e-01 -1.666862e-01 -1.664757e-01 -1.649018e-01 -1.563681e-01 -1.390831e-01 -1.685105e-01 -1.629549e-01 -1.587111e-01 -1.565022e-01 -1.544098e-01 -1.530634e-01 -1.536984e-01 -1.544228e-01 -1.557052e-01 -1.462937e-01 -1.623156e-01 -1.589095e-01 -1.573811e-01 -1.558548e-01 -1.549698e-01 -1.541733e-01 -1.536886e-01 -1.527226e-01 -1.518461e-01 -1.514917e-01 -1.513578e-01 -1.514262e-01 -1.515932e-01 -1.519021e-01 -1.523786e-01 -1.526416e-01 -1.529024e-01 -1.533977e-01 -1.536661e-01 -1.536282e-01 -1.535189e-01 -1.535803e-01 -1.537081e-01 -1.540119e-01 -1.538317e-01 -1.527933e-01 -1.530476e-01
-9.999000e+03 -9.999000e+03 -9.999000e+03 -9.999000e+03 -1.543825e-01 -1.522873e-01 -1.659103e-01 -1.605006e-01 -1.650002e-01 -1.678002e-01 -1.572710e-01 -1.420686e-01 -1.668456e-01 -1.666094e-01 -1.626397e-01 -1.591929e-01 -1.571434e-01 -1.551812e-01 -1.544863e-01 -1.546942e-01 -1.558830e-01 -1.408539e-01 -1.671972e-01 -1.633689e-01 -1.606687e-01 -1.592888e-01 -1.587618e-01 -1.577770e-01 -1.568578e-01 -1.560673e-01 -1.549076e-01 -1.544093e-01 -1.539389e-01 -1.534176e-01 -1.534558e-01 -1.533800e-01 -1.527069e-01 -1.529232e-01 -1.528108e-01 -1.530867e-01 -1.534549e-01 -1.536417e-01 -1.534721e-01 -1.532901e-01 -1.533082e-01 -1.532443e-01 -1.534194e-01 -1.533808e-01 -1.534292e-01 -1.666016e-01
-9.999000e+03 -9.999000e+03 -9.999000e+03 -1.549075e-01 -1.396543e-01 -1.598116e-01 -1.662572e-01 -1.636146e-01 -1.643737e-01 -1.589730e-01 -1.485088e-01 -1.560770e-01 -1.666252e-01 -1.656434e-01 -1.624107e-01 -1.595542e-01 -1.578226e-01 -1.564024e-01 -1.560062e-01 -1.563309e-01 -1.394154e-01 -1.690989e-01 -1.664967e-01 -1.633339e-01 -1.619735e-01 -1.616081e-01 -1.603013e-01 -1.597328e-01 -1.590397e-01 -1.581083e-01 -1.568932e-01 -1.562098e-01 -1.556095e-01 -1.553824e-01 -1.553636e-01 -1.542626e-01 -1.548956e-01 -1.538410e-01 -1.537847e-01 -1.532989e-01 -1.536833e-01 -1.541128e-01 -1.538714e-01 -1.535871e-01 -1.528384e-01 -1.529909e-01 -1.531634e-01 -1.536341e-01 -1.709070e-01 -1.710101e-01
-9.999000e+03 -9.999000e+03 -9.999000e+03 -1.536049e-01 -1.537928e-01 -1.619826e-01 -1.682997e-01 -1.654921e-01 -1.613312e-01 -1.617138e-01 -1.525575e-01 -1.566467e-01 -1.674180e-01 -1.650602e-01 -1.620157e-01 -1.593503e-01 -1.586923e-01 -1.588058e-01 -1.586549e-01 -1.472268e-01 -1.674514e-01 -1.698368e-01 -1.652828e-01 -1.642616e-01 -1.644323e-01 -1.622297e-01 -1.621470e-01 -1.618262e-01 -1.600956e-01 -1.590548e-01 -1.585099e-01 -1.576832e-01 -1.570786e-01 -1.569866e-01 -1.557271e-01 -1.563729e-01 -1.561244e-01 -1.552803e-01 -1.546699e-01 -1.544802e-01 -1.546440e-01 -1.546828e-01 -1.544219e-01 -1.534013e-01 -1.533217e-01 -1.530625e-01 -1.535083e-01 -1.698036e-01 -1.699045e-01 -1.699294e-01
-9.999000e+03 -9.999000e+03 -1.644710e-01 -1.724331e-01 -1.621583e-01 -1.619978e-01 -1.641082e-01 -1.642011e-01 -1.647859e-01 -1.634897e-01 -1.527178e-01 -1.571257e-01 -1.657248e-01 -1.637687e-01 -1.612500e-01 -1.615976e-01 -1.619011e-01 -1.622096e-01 -1.610005e-01 -1.564451e-01 -1.671652e-01 -1.665964e-01 -1.640177e-01 -1.650179e-01 -1.639482e-01 -1.641723e-01 -1.644886e-01 -1.618029e-01 -1.613077e-01 -1.608492e-01 -1.601831e-01 -1.595358e-01 -1.592011e-01 -1.558582e-01 -1.577775e-01 -1.567145e-01 -1.570058e-01 -1.566301e-01 -1.558979e-01 -1.556895e-01 -1.559785e-01 -1.561556e-01 -1.544438e-01 -1.542305e-01 -1.539038e-01 -1.546810e-01 -1.664752e-01 -1.665438e-01 -1.665539e-01 -1.665125e-01
-9.999000e+03 -9.999000e+03 -2.024302e-01 -1.617110e-01 -1.687033e-01 -1.663269e-01 -1.634812e-01 -1.649465e-01 -1.591150e-01 -1.461396e-01 -1.642256e-01 -1.592377e-01 -1.671341e-01 -1.631730e-01 -1.643071e-01 -1.648799e-01 -1.655614e-01 -1.656304e-01 -1.656342e-01 -1.628173e-01 -1.663615e-01 -1.645408e-01 -1.668525e-01 -1.635531e-01 -1.639779e-01 -1.647509e-01 -1.622748e-01 -1.622568e-01 -1.625435e-01 -1.633315e-01 -1.631624e-01 -1.628941e-01 -1.565339e-01 -1.591885e-01 -1.572015e-01 -1.583854e-01 -1.582258e-01 -1.577295e-01 -1.571538e-01 -1.572636e-01 -1.577007e-01 -1.550433e-01 -1.562318e-01 -1.555238e-01 -1.570218e-01 -1.571849e-01 -1.550138e-01 -1.536726e-01 -1.406891e-01 -1.289845e-01
-9.999000e+03 -1.526391e-01 -8.832215e-02 -1.602673e-01 -1.657805e-01 -1.616132e-01 -1.664705e-01 -1.666975e-01 -9.999000e+03 -9.999000e+03 -9.999000e+03 -1.639574e-01 -1.646431e-01 -1.685025e-01 -1.674863e-01 -1.678791e-01 -1.669905e-01 -1.665978e-01 -1.670689e-01 -1.657728e-01 -1.633261e-01 -1.669819e-01 -1.636957e-01 -1.647709e-01 -1.680948e-01 -1.635067e-01 -1.637334e-01 -1.653792e-01 -1.659099e-01 -1.664002e-01 -1.668119e-01 -1.569760e-01 -1.620392e-01 -1.575731e-01 -1.597416e-01 -1.599559e-01 -1.598567e-01 -1.595882e-01 -1.594648e-01 -1.597627e-01 -1.561281e-01 -1.582554e-01 -1.579495e-01 -1.604727e-01 -1.604395e-01 -1.541911e-01 -1.556008e-01 -1.527856e-01 -1.538733e-01 -1.581588e-01
-9.999000e+03 -1.393661e-01 -1.535929e-01 -1.657387e-01 -1.644360e-01 -1.643060e-01 -9.999000e+03 -9.999000e+03 -9.999000e+03 -9.999000e+03 -9.999000e+03 -9.999000e+03 -1.676403e-01 -1.656624e-01 -1.627026e-01 -1.582071e-01 -1.678620e-01 -1.650398e-01 -1.588381e-01 -1.497195e-01 -1.636508e-01 -1.642132e-01 -1.654064e-01 -1.675773e-01 -1.641757e-01 -1.647017e-01 -1.667101e-01 -1.676496e-01 -1.704254e-01 -1.705216e-01 -1.569299e-01 -1.650107e-01 -1.576804e-01 -1.619122e-01 -1.625039e-01 -1.629187e-01 -1.631338e-01 -1.632509e-01 -1.633357e-01 -1.561104e-01 -1.604719e-01 -1.608381e-01 -1.659935e-01 -1.659813e-01 -1.555333e-01 -1.607195e-01 -1.612170e-01 -1.544497e-01 -1.618138e-01 -1.617474e-01
-1.550581e-01 -8.668030e-02 -1.615465e-01 -1.646499e-01 -1.610860e-01 -1.658703e-01 -9.999000e+03 -9.999000e+03 -9.999000e+03 -9.999000e+03 -9.999000e+03 -9.999000e+03 -9.999000e+03 -9.999000e+03 -9.999000e+03 -1.675576e-01 -1.562082e-01 -1.664336e-01 -1.675236e-01 -1.676418e-01 -1.497636e-01 -9.999000e+03 -9.999000e+03 -1.654020e-01 -1.679346e-01 -1.665895e-01 -1.670164e-01 -1.670481e-01 -1.672959e-01 -1.567692e-01 -1.675941e-01 -1.569978e-01 -1.645724e-01 -1.647248e-01 -1.662298e-01 -1.666877e-01 -1.670189e-01 -1.672564e-01 -1.561790e-01 -1.632417e-01 -1.651339e-01 -1.713590e-01 -1.716380e-01 -1.574833e-01 -1.655937e-01 -1.652909e-01 -1.543662e-01 -1.655882e-01 -1.658321e-01 -1.661553e-01
-1.527039e-01 -1.641117e-01 -1.635902e-01 -1.635170e-01 -1.650473e-01 -9.999000e+03 -9.999000e+03 -9.999000e+03 -9.999000e+03 -9.999000e+03 -9.999000e+03 -9.999000e+03 -9.999000e+03 -9.999000e+03 -9.999000e+03 -9.999000e+03 -9.999000e+03 -9.999000e+03 -9.999000e+03 -9.999000e+03 -9.999000e+03 -9.999000e+03 -9.999000e+03 -1.666670e-01 -1.662419e-01 -1.674731e-01 -1.647068e-01 -1.613820e-01 -1.582282e-01 -1.670457e-01 -1.567427e-01 -1.690421e-01 -1.668097e-01 -1.670132e-01 -1.708464e-01 -1.695755e-01 -1.675929e-01 -1.562584e-01 -1.667041e-01 -1.668898e-01 -1.695258e-01 -1.696987e-01 -1.600727e-01 -1.723677e-01 -1.717889e-01 -1.542799e-01 -1.694608e-01 -1.695936e-01 -1.696770e-01 -1.550629e-01
-9.999000e+03 -1.683380e-01 -1.657133e-01 -1.675782e-01 -9.999000e+03 -9.999000e+03 -9.999000e+03 -9.999000e+03 -9.999000e+03 -9.999000e+03 -9.999000e+03 -9.999000e+03 -9.999000e+03 -9.999000e+03 -9.999000e+03 -9.999000e+03 -9.999000e+03 -9.999000e+03 -9.999000e+03 -9.999000e+03 -9.999000e+03 -9.999000e+03 -9.999000e+03 -9.999000e+03 -9.999000e+03 -9.999000e+03 -1.665970e-01 -1.669047e-01 -1.666876e-01 -1.598444e-01 -1.667338e-01 -1.666686e-01 -1.670977e-01 -1.673835e-01 -1.674968e-01 -1.674938e-01 -1.567264e-01 -1.704325e-01 -1.682242e-01 -1.671191e-01 -1.664501e-01 -1.636913e-01 -1.695489e-01 -1.695996e-01 -1.548751e-01 -1.696421e-01 -1.696459e-01 -1.696053e-01 -1.560974e-01 -1.716756e-01
-9.999000e+03 -9.999000e+03 -9.999000e+03 -9.999000e+03 -9.999000e+03 -9.999000e+03 -9.999000e+03 -9.999000e+03 -9.999000e+03 -9.999000e+03 -9.999000e+03 -9.999000e+03 -9.999000e+03 -9.999000e+03 -9.999000e+03 -9.999000e+03 -9.999000e+03 -9.999000e+03 -9.999000e+03 -9.999000e+03 -9.999000e+03 -9.999000e+03 -9.999000e+03 -9.999000e+03 -9.999000e+03 -9.999000e+03 -9.999000e+03 -9.999000e+03 -1.667592e-01 -1.646132e-01 -1.647966e-01 -1.671224e-01 -1.668612e-01 -1.676485e-01 -1.646105e-01 -1.595377e-01 -1.673469e-01 -1.674925e-01 -1.670473e-01 -1.709905e-01 -1.681897e-01 -1.667144e-01 -1.666041e-01 -1.548453e-01 -1.665432e-01 -1.665329e-01 -1.665709e-01 -1.590884e-01 -1.693166e-01 -1.524698e-01
-9.999000e+03 -9.999000e+03 -9.999000e+03 -9.999000e+03 -9.999000e+03 -9.999000e+03 -9.999000e+03 -9.999000e+03 -9.999000e+03 -9.999000e+03 -9.999000e+03 -9.999000e+03 -9.999000e+03 -9.999000e+03 -9.999000e+03 -9.999000e+03 -9.999000e+03 -9.999000e+03 -9.999000e+03 -9.999000e+03 -9.999000e+03 -9.999000e+03 -9.999000e+03 -9.999000e+03 -9.999000e+03 -9.999000e+03 -9.999000e+03 -9.999000e+03 -9.999000e+03 -1.680053e-01 -1.585843e-01 -1.644131e-01 -1.661023e-01 -1.673940e-01 -1.674076e-01 -1.671618e-01 -1.671874e-01 -1.674785e-01 -1.714726e-01 -1.667372e-01 -1.623527e-01 -1.583621e-01 -1.561179e-01 -1.666622e-01 -1.695524e-01 -1.691623e-01 -1.642172e-01 -1.670068e-01 -1.518217e-01 -1.665403e-01
-9.999000e+03 -9.999000e+03 -9.999000e+03 -9.999000e+03 -9.999000e+03 -9.999000e+03 -9.999000e+03 -9.999000e+03 -9.999000e+03 -9.999000e+03 -9.999000e+03 -9.999000e+03 -9.999000e+03 -9.999000e+03 -9.999000e+03 -9.999000e+03 -9.999000e+03 -9.999000e+03 -9.999000e+03 -9.999000e+03 -9.999000e+03 -9.999000e+03 -9.999000e+03 -9.999000e+03 -9.999000e+03 -9.999000e+03 -9.999000e+03 -9.999000e+03 -9.999000e+03 -9.999000e+03 -1.653273e-01 -9.999000e+03 -9.999000e+03 -9.999000e+03 -9.999000e+03 -9.999000e+03 -9.999000e+03 -9.999000e+03 -1.674799e-01 -1.706821e-01 -1.667834e-01 -1.616843e-01 -1.576227e-01 -1.556148e-01 -1.548389e-01 -1.540303e-01 -1.534825e-01 -1.524740e-01 -1.669140e-01 -1.691600e-01
-9.999000e+03 -9.999000e+03 -9.999000e+03 -9.999000e+03 -9.999000e+03 -9.999000e+03 -9.999000e+03 -9.999000e+03 -9.999000e+03 -9.999000e+03 -9.999000e+03 -9.999000e+03 -9.999000e+03 -9.999000e+03 -9.999000e+03 -9.999000e+03 -9.999000e+03 -9.999000e+03 -9.999000e+03 -9.999000e+03 -9.999000e+03 -9.999000e+03 -9.999000e+03 -9.999000e+03 -9.999000e+03 -9.999000e+03 -9.999000e+03 -9.999000e+03 -9.999000e+03 -9.999000e+03 -9.999000e+03 -9.999000e+03 -9.999000e+03 -9.999000e+03 -9.999000e+03 -9.999000e+03 -9.999000e+03 -9.999000e+03 -9.999000e+03 -9.999000e+03 -9.999000e+03 -1.674771e-01 -1.670546e-01 -1.669903e-01 -1.702897e-01 -1.687972e-01 -1.635609e-01 -1.581503e-01 -1.541345e-01 -1.531402e-01
-9.999000e+03 -9.999000e+03 -9.999000e+03 -9.999000e+03 -9.999000e+03 -9.999000e+03 -9.999000e+03 -9.999000e+03 -9.999000e+03 -9.999000e+03 -9.999000e+03 -9.999000e+03 -9.999000e+03 -9.999000e+03 -9.999000e+03 -9.999000e+03 -9.999000e+03 -9.999000e+03 -9.999000e+03 -9.999000e+03 -9.999000e+03 -9.999000e+03 -9.999000e+03 -9.999000e+03 -9.999000e+03 -9.999000e+03 -9.999000e+03 -9.999000e+03 -9.999000e+03 -9.999000e+03 -9.999000e+03 -9.999000e+03 -9.999000e+03 -9.999000e+03 -9.999000e+03 -9.999000e+03 -9.999000e+03 -9.999000e+03 -9.999000e+03 -9.999000e+03 -9.999000e+03 -9.999000e+03 -9.999000e+03 -9.999000e+03 -1.666717e-01 -1.670862e-01 -1.715686e-01 -1.683330e-01 -1.669226e-01 -1.691810e-01
-9.999000e+03 -9.999000e+03 -9.999000e+03 -9.999000e+03 -9.999000e+03 -9.999000e+03 -9.999000e+03 -9.999000e+03 -9.999000e+03 -9.999000e+03 -9.999000e+03 -9.999000e+03 -9.999000e+03 -9.999000e+03 -9.999000e+03 -9.999000e+03 -9.999000e+03 -9.999000e+03 -9.999000e+03 -9.999000e+03 -9.999000e+03 -9.999000e+03 -9.999000e+03 -9.999000e+03 -9.999000e+03 -9.999000e+03 -9.999000e+03 -9.999000e+03 -9.999000e+03 -9.999000e+03 -9.999000e+03 -9.999000e+03 -9.999000e+03 -9.999000e+03 -9.999000e+03 -9.999000e+03 -9.999000e+03 -9.999000e+03 -9.999000e+03 -9.999000e+03 -9.999000e+03 -9.999000e+03 -9.999000e+03 -9.999000e+03 -9.999000e+03 -9.999000e+03 -9.999000e+03 -9.999000e+03 -9.999000e+03 -9.999000e+03
