tests/data/reference/test_implicit_stream_rill_mfda/control/massbalance.asc
ncols	123
nrows	77
xllcorner	-713746.79929998
yllcorner	-1061022.36961616
cellsize	10.0
NODATA_value	-9999
[rows 22 to 43 of 77, columns 50 to 99 of 123]
-1.482847e-01 -1.508504e-01 -1.492934e-01 -1.490681e-01 -1.479298e-01 -1.474582e-01 -1.469270e-01 -1.470711e-01 -1.479448e-01 -1.479195e-01 -1.485856e-01 -1.491379e-01 -1.491022e-01 -1.490152e-01 -1.489227e-01 -1.488696e-01 -1.459039e-01 -1.481350e-01 -1.482249e-01 -1.409515e-01 -1.469203e-01 -1.469951e-01 -1.486558e-01 -1.489776e-01 -1.487115e-01 -1.489086e-01 -1.500966e-01 -1.383486e-01 -1.387236e-01 -1.494018e-01 -1.489713e-01 -1.489645e-01 -1.485335e-01 -1.501817e-01 -9.999000e+03 -9.999000e+03 -9.999000e+03 -9.999000e+03 -9.999000e+03 -9.999000e+03 -9.999000e+03 -9.999000e+03 -9.999000e+03 -9.999000e+03 -9.999000e+03 -9.999000e+03 -9.999000e+03 -9.999000e+03 -9.999000e+03 -9.999000e+03
-1.490441e-01 -1.508845e-01 -1.483286e-01 -1.491292e-01 -1.485260e-01 -1.473917e-01 -1.470945e-01 -1.467693e-01 -1.467613e-01 -1.473267e-01 -1.472839e-01 -1.478858e-01 -1.485113e-01 -1.484350e-01 -1.483918e-01 -1.483550e-01 -1.482857e-01 -1.459322e-01 -1.473481e-01 -1.399440e-01 -1.466891e-01 -1.468801e-01 -1.482149e-01 -1.487957e-01 -1.490401e-01 -1.487852e-01 -1.503106e-01 -1.486471e-01 -1.435091e-01 -1.350012e-01 -1.496915e-01 -1.489285e-01 -1.490035e-01 -1.486129e-01 -1.501643e-01 -1.499224e-01 -9.999000e+03 -9.999000e+03 -9.999000e+03 -9.999000e+03 -9.999000e+03 -9.999000e+03 -9.999000e+03 -9.999000e+03 -9.999000e+03 -9.999000e+03 -9.999000e+03 -9.999000e+03 -9.999000e+03 -9.999000e+03
-1.508982e-01 -1.494023e-01 -1.483391e-01 -1.490574e-01 -1.485412e-01 -1.479256e-01 -1.470649e-01 -1.468215e-01 -1.465391e-01 -1.464411e-01 -1.467796e-01 -1.467202e-01 -1.471584e-01 -1.478019e-01 -1.477810e-01 -1.477114e-01 -1.476272e-01 -1.475530e-01 -1.445764e-01 -1.414726e-01 -1.466129e-01 -1.468178e-01 -1.477621e-01 -1.484129e-01 -1.489658e-01 -1.483764e-01 -1.485912e-01 -1.490385e-01 -1.501850e-01 -1.472089e-01 -1.358514e-01 -1.486708e-01 -1.485107e-01 -1.489956e-01 -1.485991e-01 -1.487091e-01 -1.498486e-01 -9.999000e+03 -9.999000e+03 -9.999000e+03 -9.999000e+03 -9.999000e+03 -9.999000e+03 -9.999000e+03 -9.999000e+03 -9.999000e+03 -9.999000e+03 -9.999000e+03 -9.999000e+03 -9.999000e+03
-1.483109e-01 -1.510449e-01 -1.491670e-01 -1.490089e-01 -1.493184e-01 -1.479910e-01 -1.474251e-01 -1.467102e-01 -1.464715e-01 -1.462925e-01 -1.462476e-01 -1.464077e-01 -1.463228e-01 -1.466282e-01 -1.470929e-01 -1.470215e-01 -1.469943e-01 -1.469645e-01 -1.428725e-01 -1.435046e-01 -1.465577e-01 -1.467767e-01 -1.474162e-01 -1.479943e-01 -1.486202e-01 -1.479523e-01 -1.490707e-01 -1.489747e-01 -1.486825e-01 -1.484257e-01 -1.502516e-01 -1.400321e-01 -1.452344e-01 -1.488622e-01 -1.489991e-01 -1.490234e-01 -1.488723e-01 -1.500841e-01 -1.498969e-01 -1.498801e-01 -9.999000e+03 -9.999000e+03 -9.999000e+03 -9.999000e+03 -9.999000e+03 -9.999000e+03 -9.999000e+03 -9.999000e+03 -9.999000e+03 -9.999000e+03
-1.490411e-01 -1.511078e-01 -1.482217e-01 -1.486206e-01 -1.493386e-01 -1.492011e-01 -1.473928e-01 -1.468933e-01 -1.464040e-01 -1.462935e-01 -1.461988e-01 -1.460901e-01 -1.460870e-01 -1.460093e-01 -1.461709e-01 -1.465164e-01 -1.465217e-01 -1.464711e-01 -1.415233e-01 -1.448076e-01 -1.464369e-01 -1.466779e-01 -1.471148e-01 -1.475611e-01 -1.481180e-01 -1.475595e-01 -1.491056e-01 -1.485441e-01 -1.490694e-01 -1.486202e-01 -1.486462e-01 -1.430692e-01 -1.417172e-01 -1.483424e-01 -1.489085e-01 -1.487549e-01 -1.489123e-01 -1.486745e-01 -1.487068e-01 -1.499518e-01 -1.486357e-01 -1.498595e-01 -9.999000e+03 -9.999000e+03 -9.999000e+03 -9.999000e+03 -9.999000e+03 -9.999000e+03 -9.999000e+03 -9.999000e+03
-1.493657e-01 -1.481871e-01 -1.490005e-01 -1.510693e-01 -1.480178e-01 -1.492185e-01 -1.487354e-01 -1.469052e-01 -1.465507e-01 -1.462470e-01 -1.461033e-01 -1.459636e-01 -1.458675e-01 -1.458743e-01 -1.458856e-01 -1.460251e-01 -1.461926e-01 -1.460505e-01 -1.405087e-01 -1.455835e-01 -1.463731e-01 -1.465674e-01 -1.468496e-01 -1.471551e-01 -1.475770e-01 -1.471914e-01 -1.487650e-01 -1.480432e-01 -1.490565e-01 -1.489030e-01 -1.490771e-01 -1.450472e-01 -1.357895e-01 -1.475429e-01 -1.483388e-01 -1.482996e-01 -1.487731e-01 -1.489486e-01 -1.501192e-01 -1.500088e-01 -1.485911e-01 -1.488398e-01 -1.486001e-01 -1.346162e-01 -9.999000e+03 -9.999000e+03 -9.999000e+03 -9.999000e+03 -9.999000e+03 -9.999000e+03
-1.492619e-01 -1.489784e-01 -1.493854e-01 -1.481435e-01 -1.475051e-01 -1.488316e-01 -1.507868e-01 -1.481114e-01 -1.465128e-01 -1.462190e-01 -1.459692e-01 -1.458769e-01 -1.458344e-01 -1.458209e-01 -1.458626e-01 -1.458484e-01 -1.457989e-01 -1.457364e-01 -1.400192e-01 -1.460522e-01 -1.464023e-01 -1.465286e-01 -1.467024e-01 -1.468844e-01 -1.471467e-01 -1.469137e-01 -1.482365e-01 -1.476001e-01 -1.487818e-01 -1.500792e-01 -1.490936e-01 -1.459838e-01 -1.317543e-01 -1.468368e-01 -1.476085e-01 -1.477559e-01 -1.484231e-01 -1.488726e-01 -1.485590e-01 -1.486107e-01 -1.500012e-01 -1.489107e-01 -9.999000e+03 -1.281251e-01 -1.332763e-01 -1.324468e-01 -9.999000e+03 -9.999000e+03 -9.999000e+03 -9.999000e+03
-1.488560e-01 -1.493987e-01 -1.493180e-01 -1.489938e-01 -1.469465e-01 -1.480600e-01 -1.508142e-01 -1.483076e-01 -1.472853e-01 -1.461133e-01 -1.459562e-01 -1.458652e-01 -1.458478e-01 -1.458259e-01 -1.458038e-01 -1.457416e-01 -1.456227e-01 -1.455447e-01 -1.455740e-01 -1.401252e-01 -1.463494e-01 -1.464232e-01 -1.465089e-01 -1.465885e-01 -1.467235e-01 -1.466147e-01 -1.476120e-01 -1.471987e-01 -1.483160e-01 -1.492542e-01 -1.487987e-01 -1.464881e-01 -1.323511e-01 -1.465904e-01 -1.470128e-01 -1.470822e-01 -1.476780e-01 -1.482647e-01 -1.489812e-01 -1.489562e-01 -1.486209e-01 -9.999000e+03 -9.999000e+03 -9.133715e-02 -1.096868e-01 -1.493270e-01 -1.318819e-01 -9.999000e+03 -9.999000e+03 -9.999000e+03
-1.482419e-01 -1.493318e-01 -1.488588e-01 -1.493996e-01 -1.464271e-01 -1.472160e-01 -1.482879e-01 -1.508240e-01 -1.490692e-01 -1.466362e-01 -1.459064e-01 -1.458245e-01 -1.457911e-01 -1.457625e-01 -1.457185e-01 -1.456452e-01 -1.455977e-01 -1.456124e-01 -1.456675e-01 -1.457087e-01 -1.401705e-01 -1.462986e-01 -1.462866e-01 -1.462781e-01 -1.463367e-01 -1.463264e-01 -1.470441e-01 -1.468706e-01 -1.477877e-01 -1.561256e-01 -1.483441e-01 -1.467865e-01 -1.369739e-01 -1.466214e-01 -1.466526e-01 -1.465626e-01 -1.502555e-01 -1.501632e-01 -1.488060e-01 -1.487339e-01 -9.999000e+03 -9.999000e+03 -4.713845e-01 -1.528987e-01 -1.498974e-01 -1.486187e-01 -1.493943e-01 -1.317271e-01 -9.999000e+03 -9.999000e+03
-1.475596e-01 -1.488629e-01 -1.481106e-01 -1.492369e-01 -1.460112e-01 -1.465407e-01 -1.490556e-01 -1.482959e-01 -1.508913e-01 -1.493612e-01 -1.461281e-01 -1.456956e-01 -1.457134e-01 -1.457089e-01 -1.456860e-01 -1.456563e-01 -1.456786e-01 -1.457269e-01 -1.457380e-01 -1.457263e-01 -1.398097e-01 -1.463006e-01 -1.462386e-01 -1.461771e-01 -1.461748e-01 -1.461851e-01 -1.466407e-01 -1.466114e-01 -1.472746e-01 -1.508807e-01 -1.477770e-01 -1.468234e-01 -1.415912e-01 -1.466747e-01 -1.465442e-01 -1.505306e-01 -1.503980e-01 -1.502872e-01 -1.482188e-01 -9.999000e+03 -9.999000e+03 -4.149746e-01 -1.483413e-01 -1.498714e-01 -1.481608e-01 -1.482611e-01 -1.485865e-01 -1.495253e-01 -1.494188e-01 -9.999000e+03
-1.467285e-01 -1.479836e-01 -1.471290e-01 -1.485422e-01 -1.456303e-01 -1.460095e-01 -1.507029e-01 -1.493257e-01 -1.490405e-01 -1.482194e-01 -1.490214e-01 -1.458567e-01 -1.457648e-01 -1.458170e-01 -1.458406e-01 -1.458361e-01 -1.458207e-01 -1.457663e-01 -1.456771e-01 -1.456239e-01 -1.392307e-01 -1.462895e-01 -1.462407e-01 -1.461849e-01 -1.461610e-01 -1.461583e-01 -1.463976e-01 -1.464182e-01 -1.468377e-01 -1.494456e-01 -1.471869e-01 -1.466510e-01 -1.442634e-01 -1.466149e-01 -1.506714e-01 -1.506188e-01 -1.505126e-01 -1.504060e-01 -9.999000e+03 -9.999000e+03 -4.413372e-01 -1.479788e-01 -1.491444e-01 -1.446011e-01 -1.497405e-01 -1.496044e-01 -1.484337e-01 -1.486833e-01 -1.487273e-01 -1.495080e-01
-1.097191e-01 -1.501981e-01 -1.467046e-01 -1.460851e-01 -1.475211e-01 -1.453860e-01 -1.457362e-01 -1.482591e-01 -1.490695e-01 -1.493031e-01 -1.490169e-01 -1.485925e-01 -1.459769e-01 -1.459373e-01 -1.459495e-01 -1.458895e-01 -1.457777e-01 -1.456576e-01 -1.455666e-01 -1.455460e-01 -1.455707e-01 -1.390630e-01 -1.462504e-01 -1.461884e-01 -1.461617e-01 -1.461622e-01 -1.462742e-01 -1.462851e-01 -1.464805e-01 -1.496366e-01 -1.466834e-01 -1.464461e-01 -1.455046e-01 -1.506608e-01 -1.506321e-01 -1.506185e-01 -9.999000e+03 -9.999000e+03 -9.999000e+03 -1.864217e-01 -1.477280e-01 -1.492916e-01 -1.486127e-01 -1.501276e-01 -1.500161e-01 -1.487794e-01 -1.479782e-01 -1.485435e-01 -1.484348e-01 -1.496042e-01
-1.545516e-01 -1.116616e-01 -9.084967e-02 -7.661931e-02 -1.498448e-01 -1.512115e-01 -1.452646e-01 -1.456393e-01 -1.491344e-01 -1.485263e-01 -1.491808e-01 -1.494403e-01 -1.479607e-01 -1.459863e-01 -1.458975e-01 -1.457718e-01 -1.456358e-01 -1.455457e-01 -1.455127e-01 -1.455664e-01 -1.456731e-01 -1.422516e-01 -1.462035e-01 -1.461000e-01 -1.460693e-01 -1.460848e-01 -1.461389e-01 -1.461180e-01 -1.461438e-01 -1.501557e-01 -1.462911e-01 -1.462708e-01 -1.460190e-01 -1.506392e-01 -1.506354e-01 -9.999000e+03 -9.999000e+03 -5.395879e-01 -1.884266e-01 -1.484481e-01 -1.493836e-01 -1.489787e-01 -1.503110e-01 -1.502477e-01 -1.501682e-01 -1.488007e-01 -1.475436e-01 -1.481326e-01 -1.497234e-01 -1.497344e-01
-1.504401e-01 -1.497075e-01 -1.516994e-01 -1.515337e-01 -8.761260e-02 -1.489152e-01 -1.499250e-01 -1.501632e-01 -1.505669e-01 -1.543563e-01 -1.528878e-01 -1.536970e-01 -1.542803e-01 -1.524070e-01 -1.510788e-01 -1.509608e-01 -1.508505e-01 -1.507492e-01 -1.506752e-01 -1.506802e-01 -1.507295e-01 -1.507921e-01 -1.389358e-01 -1.507289e-01 -1.508074e-01 -1.509201e-01 -1.460176e-01 -1.459427e-01 -1.458354e-01 -1.506719e-01 -1.459146e-01 -1.459967e-01 -1.460388e-01 -1.506498e-01 -9.999000e+03 -9.999000e+03 -4.660827e-01 -1.473187e-01 -1.483718e-01 -1.491233e-01 -1.492139e-01 -1.504762e-01 -1.504042e-01 -1.503212e-01 -1.502366e-01 -1.501294e-01 -1.472627e-01 -1.476160e-01 -1.499710e-01 -1.487582e-01
-1.533998e-01 -1.533212e-01 -1.549060e-01 -1.527716e-01 -1.532661e-01 -8.911500e-02 -8.985206e-02 -9.988826e-02 -1.104682e-01 -1.497943e-01 -1.531942e-01 -1.511958e-01 -1.519325e-01 -1.526981e-01 -1.507452e-01 -1.498874e-01 -1.464802e-01 -1.499219e-01 -1.500119e-01 -1.501080e-01 -1.501491e-01 -1.501055e-01 -1.547502e-01 -1.362432e-01 -1.477574e-01 -1.501891e-01 -1.507966e-01 -1.505991e-01 -1.455843e-01 -1.503983e-01 -1.456377e-01 -1.457463e-01 -1.458853e-01 -9.999000e+03 -9.999000e+03 -1.506487e-01 -1.472107e-01 -1.495426e-01 -1.491332e-01 -1.491780e-01 -1.485864e-01 -1.505313e-01 -1.504724e-01 -1.503830e-01 -1.502975e-01 -1.502012e-01 -1.470637e-01 -1.471804e-01 -1.486399e-01 -1.488416e-01
-1.531976e-01 -1.531742e-01 -1.534186e-01 -1.534864e-01 -1.528340e-01 -1.519207e-01 -1.511850e-01 -1.504973e-01 -1.497978e-01 -1.201469e-01 -1.281974e-01 -1.344775e-01 -1.381362e-01 -1.397124e-01 -1.392995e-01 -1.359227e-01 -1.335929e-01 -1.435989e-01 -1.447936e-01 -1.495142e-01 -1.495776e-01 -1.495589e-01 -1.495564e-01 -1.528908e-01 -1.291932e-01 -1.497118e-01 -1.498367e-01 -1.495461e-01 -1.499769e-01 -1.478092e-01 -1.454712e-01 -1.456057e-01 -9.999000e+03 -9.999000e+03 -1.507294e-01 -1.506805e-01 -1.494462e-01 -1.495097e-01 -1.492321e-01 -1.487723e-01 -1.478426e-01 -1.505498e-01 -1.505102e-01 -1.504287e-01 -1.503506e-01 -1.502611e-01 -1.501579e-01 -1.500610e-01 -1.488999e-01 -1.485148e-01
-1.505843e-01 -1.552227e-01 -1.526843e-01 -1.533555e-01 -1.533869e-01 -1.366487e-01 -1.350865e-01 -1.343791e-01 -1.330468e-01 -1.314143e-01 -1.298004e-01 -1.279312e-01 -1.261518e-01 -1.247726e-01 -1.229556e-01 -1.212005e-01 -1.181509e-01 -1.126869e-01 -1.099096e-01 -1.377939e-01 -1.325155e-01 -1.488756e-01 -1.489088e-01 -1.490182e-01 -1.185824e-01 -1.490431e-01 -1.490613e-01 -1.487989e-01 -1.490976e-01 -1.481736e-01 -1.454232e-01 -9.999000e+03 -9.999000e+03 -1.507241e-01 -1.507492e-01 -1.507004e-01 -1.494734e-01 -1.488480e-01 -1.488313e-01 -1.481449e-01 -1.505941e-01 -1.505951e-01 -1.505636e-01 -1.504825e-01 -1.503999e-01 -1.503175e-01 -1.502249e-01 -1.501187e-01 -1.500286e-01 -1.479619e-01
-1.463124e-01 -1.461717e-01 -1.460122e-01 -1.317178e-01 -1.316890e-01 -1.463960e-01 -1.465110e-01 -1.465781e-01 -1.465469e-01 -1.465763e-01 -1.466606e-01 -1.467031e-01 -1.467213e-01 -1.518451e-01 -1.520032e-01 -1.519817e-01 -1.519116e-01 -1.518250e-01 -1.490110e-01 -1.493243e-01 -1.484183e-01 -1.277182e-01 -1.146653e-01 -1.255372e-01 -1.349271e-01 -8.862976e-02 -1.484306e-01 -1.483862e-01 -1.487495e-01 -1.303880e-01 -9.999000e+03 -9.999000e+03 -1.619509e-01 -1.483327e-01 -1.507604e-01 -1.507090e-01 -1.489281e-01 -1.479875e-01 -1.481791e-01 -1.474796e-01 -1.506609e-01 -1.506663e-01 -1.506386e-01 -1.505552e-01 -1.504521e-01 -1.503616e-01 -1.502988e-01 -1.502240e-01 -1.501191e-01 -1.472810e-01
-1.462364e-01 -1.461861e-01 -1.316082e-01 -1.461310e-01 -1.462905e-01 -1.464443e-01 -1.466073e-01 -1.467070e-01 -1.467085e-01 -1.467474e-01 -1.468044e-01 -1.467878e-01 -1.467526e-01 -1.470707e-01 -1.471497e-01 -1.471828e-01 -1.471764e-01 -1.519274e-01 -1.520287e-01 -1.564418e-01 -1.560296e-01 -1.576886e-01 -1.571610e-01 -1.480069e-01 -1.451479e-01 -1.546944e-01 -7.284312e-02 -1.479564e-01 -1.485788e-01 -1.547852e-01 -9.999000e+03 -4.750565e-01 -1.483249e-01 -1.490674e-01 -1.507895e-01 -1.483524e-01 -1.481530e-01 -1.472155e-01 -1.475009e-01 -1.469289e-01 -1.507143e-01 -1.507187e-01 -1.506874e-01 -1.506113e-01 -1.505029e-01 -1.503912e-01 -1.503371e-01 -1.502994e-01 -1.502139e-01 -1.501143e-01
-1.312740e-01 -1.313120e-01 -1.457358e-01 -1.459562e-01 -1.461258e-01 -1.462600e-01 -1.464122e-01 -1.465657e-01 -1.466647e-01 -1.467539e-01 -1.468165e-01 -1.467643e-01 -1.472138e-01 -1.472713e-01 -1.473776e-01 -1.474376e-01 -1.468796e-01 -1.471849e-01 -1.528043e-01 -1.468203e-01 -1.522045e-01 -1.525446e-01 -1.526446e-01 -9.999000e+03 -9.999000e+03 -9.999000e+03 -2.028617e-01 -8.740417e-02 -1.485278e-01 -9.999000e+03 -9.999000e+03 -1.514595e-01 -1.539515e-01 -1.492871e-01 -1.508280e-01 -1.490969e-01 -1.474024e-01 -1.466745e-01 -1.469582e-01 -1.507270e-01 -1.507576e-01 -1.507655e-01 -1.507203e-01 -1.506404e-01 -1.505392e-01 -1.504157e-01 -1.503506e-01 -1.503369e-01 -1.502963e-01 -1.502272e-01
-1.454335e-01 -1.454157e-01 -1.455516e-01 -1.457734e-01 -1.459429e-01 -1.460519e-01 -1.462005e-01 -1.464428e-01 -1.466273e-01 -1.467588e-01 -1.468311e-01 -1.476875e-01 -1.476343e-01 -1.476501e-01 -1.477197e-01 -1.468412e-01 -1.473833e-01 -1.457406e-01 -1.468410e-01 -1.474130e-01 -1.479066e-01 -1.479405e-01 -1.520232e-01 -1.532942e-01 -1.524560e-01 -9.999000e+03 -9.999000e+03 -9.999000e+03 -6.847106e+00 -9.999000e+03 -1.959178e-01 -1.535428e-01 -1.534827e-01 -1.539703e-01 -1.482073e-01 -1.492525e-01 -1.467863e-01 -1.463679e-01 -1.466086e-01 -1.507573e-01 -1.507854e-01 -1.508108e-01 -1.507731e-01 -1.506801e-01 -1.505712e-01 -1.504408e-01 -1.503638e-01 -1.503474e-01 -1.503278e-01 -1.485542e-01
-1.454780e-01 -1.454035e-01 -1.453990e-01 -1.455468e-01 -1.456969e-01 -1.457766e-01 -1.459842e-01 -1.462494e-01 -1.464852e-01 -1.466018e-01 -1.481209e-01 -1.481620e-01 -1.481496e-01 -1.481399e-01 -1.467504e-01 -1.476693e-01 -1.436565e-01 -1.467931e-01 -1.477873e-01 -1.483981e-01 -1.483878e-01 -1.469811e-01 -1.485546e-01 -1.538285e-01 -1.537841e-01 -1.529913e-01 -1.531586e-01 -9.999000e+03 -9.999000e+03 -9.999000e+03 -9.755440e+00 -1.526941e-01 -1.523863e-01 -1.524499e-01 -1.489992e-01 -1.489841e-01 -1.463714e-01 -1.462031e-01 -1.463987e-01 -1.508005e-01 -1.508092e-01 -1.508395e-01 -1.508237e-01 -1.507353e-01 -1.506119e-01 -1.504657e-01 -1.503756e-01 -1.503430e-01 -1.503205e-01 -1.490380e-01
