tests/data/reference/test_implicit_stream_rill_mfda/control/massbalance.asc
ncols	123
nrows	77
xllcorner	-713746.79929998
yllcorner	-1061022.36961616
cellsize	10.0
NODATA_value	-9999
[rows 44 to 65 of 77, columns 50 to 99 of 123]
-2.035214e-02 -2.420101e-02 -2.516908e-02 -2.553195e-02 -2.658919e-02 -2.858812e-02 -2.832811e-02 -2.830330e-02 -2.823593e-02 -3.480432e-02 -3.625368e-02 -3.917162e-02 -4.121680e-02 -3.582606e-02 -4.012943e-02 9.098808e-03 -3.537157e-02 -4.034471e-02 -4.416694e-02 -4.546656e-02 -3.937611e-02 -4.344018e-02 -4.186061e-02 -4.040172e-02 -4.708621e-02 -3.910468e-02 -3.486488e-02 6.102696e-02 -9.999000e+03 -9.999000e+03 -9.999000e+03 -9.999000e+03 -7.451391e-01 -1.456553e-02 -3.478441e-02 -2.321824e-02 -2.069605e-02 -2.256858e-02 -2.453379e-02 -1.136637e-01 -1.139336e-01 -1.141935e-01 -1.140665e-01 -1.130903e-01 -1.113209e-01 -1.088167e-01 -1.070113e-01 -1.061091e-01 -1.053853e-01 -3.579819e-02
-1.423149e-02 -1.884974e-02 -2.099350e-02 -2.236364e-02 -2.762077e-02 -3.040307e-02 -3.045024e-02 -2.940521e-02 -3.977019e-02 -3.918245e-02 -3.899616e-02 -4.013413e-02 -3.171471e-02 -3.917493e-02 2.086164e-02 -3.226322e-02 -4.002878e-02 -4.618011e-02 -4.828704e-02 -4.087915e-02 -5.026278e-02 -4.876287e-02 -4.848718e-02 -4.896770e-02 -4.629662e-02 -4.967159e-02 -4.632836e-02 -9.999000e+03 -9.999000e+03 -4.958423e-01 -5.852327e-02 -9.999000e+03 -9.999000e+03 -9.999000e+03 -3.268977e-02 -3.458269e-02 -2.192611e-02 -2.112915e-02 -2.249150e-02 -1.138715e-01 -1.146218e-01 -1.147501e-01 -1.145898e-01 -1.139474e-01 -1.126759e-01 -1.106543e-01 -1.089469e-01 -1.076782e-01 -1.065874e-01 -3.141276e-02
-1.133118e-02 -1.444104e-02 -1.625466e-02 -2.058086e-02 -2.532215e-02 -3.039337e-02 -3.093594e-02 -4.877609e-02 -4.883464e-02 -4.911343e-02 -4.842340e-02 -2.842876e-02 -3.933926e-02 2.356872e-02 -2.913469e-02 -4.095620e-02 -5.241520e-02 -5.334247e-02 -3.745721e-02 -5.908530e-02 -5.948725e-02 -5.856546e-02 -5.952191e-02 -6.136151e-02 -6.020970e-02 -5.589305e-02 -2.462503e-02 -9.999000e+03 -7.905073e-02 -1.206659e-01 -7.991692e-02 -5.573782e-02 -3.824698e-02 -9.999000e+03 -9.999000e+03 -9.999000e+03 -2.439010e-02 -1.740759e-02 -1.935073e-02 -1.133199e-01 -1.147122e-01 -1.149496e-01 -1.147502e-01 -1.141789e-01 -1.132857e-01 -1.118940e-01 -1.106130e-01 -1.094758e-01 -1.082768e-01 -3.072751e-02
-1.302236e-02 -1.313875e-02 -1.724244e-02 -1.641409e-02 -2.078669e-02 -2.748208e-02 -6.677010e-02 -6.600024e-02 -6.656414e-02 -6.770135e-02 -3.060487e-02 -4.771867e-02 2.268254e-02 -2.763632e-02 -4.952696e-02 -6.948689e-02 -6.948355e-02 -3.219308e-02 -7.175221e-02 -7.553329e-02 -7.692809e-02 -7.708868e-02 -7.876111e-02 -8.119244e-02 -8.184702e-02 -3.252231e-02 -1.161770e-01 -9.999000e+03 -1.018510e-01 -1.023333e-01 -7.338008e-02 -5.534436e-02 -4.235723e-02 -3.204513e-02 -1.162111e-01 -9.999000e+03 -9.999000e+03 -1.027741e-02 -1.485229e-02 -1.117831e-01 -1.141022e-01 -1.148006e-01 -1.146027e-01 -1.138626e-01 -1.132363e-01 -1.125101e-01 -1.119040e-01 -1.112630e-01 -1.103421e-01 -3.151641e-02
-1.582566e-02 -1.982554e-02 -1.817390e-02 -1.591976e-02 -1.852344e-02 -1.003336e-01 -1.014957e-01 -1.013050e-01 -1.015705e-01 -2.981462e-02 -6.678738e-02 3.086370e-02 -2.571284e-02 -6.898591e-02 -1.064825e-01 -1.057795e-01 -3.503890e-02 -1.050193e-01 -1.062925e-01 -1.090411e-01 -1.105745e-01 -1.109537e-01 -1.122439e-01 -1.143724e-01 -3.505166e-02 -8.172563e-02 -5.813438e-02 -9.999000e+03 -2.559135e-01 -4.893268e-02 -3.571002e-02 -2.890214e-02 -3.209214e-02 -2.743196e-02 -1.559207e-02 -1.016797e-01 -9.999000e+03 -1.256420e-02 -1.257214e-02 -1.098917e-01 -1.130057e-01 -1.144187e-01 -1.144910e-01 -1.136525e-01 -1.131885e-01 -1.129312e-01 -1.128685e-01 -1.126649e-01 -1.119628e-01 -3.118833e-02
-2.711377e-02 -2.442995e-02 -2.244437e-02 -1.997449e-02 -9.845056e-02 -6.284266e-02 -4.394439e-02 -3.366303e-02 -2.885280e-02 -1.005468e-01 6.832096e-02 -2.368721e-02 -1.040386e-01 -1.055566e-01 -6.833866e-02 -4.611892e-02 -1.050535e-01 -6.714134e-02 -4.764807e-02 -3.943439e-02 -3.436976e-02 -3.016190e-02 -2.856715e-02 -2.883242e-02 -1.136891e-01 -1.167493e-01 -7.911767e-03 -9.999000e+03 -1.176457e+00 -6.969498e-02 -5.627026e-02 -4.196306e-02 -3.881940e-02 -3.227995e-02 -2.216023e-02 -1.036501e-02 -9.999000e+03 -9.999000e+03 -1.327622e-02 -1.079432e-01 -1.114473e-01 -1.135966e-01 -1.142166e-01 -1.136336e-01 -1.133143e-01 -1.132777e-01 -1.136060e-01 -1.137702e-01 -1.132033e-01 -3.018903e-02
-3.527668e-02 -3.256616e-02 -3.080297e-02 1.562046e-02 2.427672e-02 2.416123e-02 1.423950e-02 1.683172e-04 -1.039856e-02 1.268873e-01 -1.955065e-02 -1.023282e-01 -6.654256e-02 -4.724306e-02 -3.669856e-02 -3.037021e-02 -2.761443e-02 -2.655096e-02 -2.680061e-02 -2.784046e-02 -2.688068e-02 -2.473771e-02 -2.347589e-02 -2.292409e-02 -2.557023e-02 -2.984821e-02 -2.814443e-02 -9.999000e+03 -5.121347e-01 -1.169323e-01 -9.036843e-02 -6.697811e-02 -5.133361e-02 -3.989493e-02 -2.850497e-02 6.289386e-02 -1.206512e-02 -9.999000e+03 -1.972562e-02 -1.066007e-01 -1.101339e-01 -1.126438e-01 -1.136542e-01 -1.134800e-01 -1.134005e-01 -1.134236e-01 -7.647778e-02 -7.717835e-02 -1.142455e-01 -2.921484e-02
-4.876105e-02 -4.667683e-02 8.857426e-03 -1.888037e-02 4.946140e-02 5.849102e-02 9.333332e-02 1.177152e-01 1.208484e-01 -1.804661e-02 -2.068211e-02 -2.437552e-02 -2.469534e-02 -2.325599e-02 -2.273397e-02 -2.257697e-02 -2.308047e-02 -2.396722e-02 3.534442e-02 1.550241e-02 -2.738892e-03 -1.132951e-02 -1.226249e-02 -9.174848e-03 -1.226899e-02 -1.976254e-02 -3.283872e-02 -9.999000e+03 -1.162473e-01 -8.118716e-02 -5.945213e-02 -5.735623e-02 -4.652276e-02 -3.806129e-02 -2.844929e-02 -1.600434e-02 4.774353e-02 -9.999000e+03 -9.999000e+03 -1.125411e-01 -1.093782e-01 -1.118657e-01 -1.130413e-01 -1.131971e-01 -1.134394e-01 -1.134626e-01 -5.330711e-02 -5.429093e-02 -1.150074e-01 -2.846778e-02
-7.085916e-02 2.636138e-02 -2.254843e-02 -2.228166e-02 -1.048174e-01 -1.479671e-02 1.187457e-02 -1.779423e-02 -2.073077e-02 -2.120207e-02 -2.069821e-02 -2.489963e-02 -2.434171e-02 -2.083477e-02 -2.005165e-02 -2.108255e-02 -2.230255e-02 -2.346203e-02 -1.070184e-01 -7.310960e-02 -5.350022e-02 -4.182601e-02 -3.195483e-02 -2.149908e-02 -2.081356e-02 -2.672009e-02 -1.120095e-01 -9.999000e+03 -6.654953e-01 -6.947352e-02 -5.162411e-02 -3.395644e-02 -4.466309e-02 -3.668584e-02 -2.880983e-02 -2.016267e-02 -1.298622e-02 -8.850758e-02 -9.999000e+03 -7.515921e-02 -1.093807e-01 -1.111595e-01 -1.120453e-01 -1.122536e-01 -1.128614e-01 -7.582101e-02 -4.015740e-02 -4.091840e-02 -7.820459e-02 -2.757435e-02
7.062776e-02 -2.398923e-02 -2.403933e-02 -2.432743e-02 -2.103101e-02 3.611056e-02 -1.304130e-02 -2.016866e-02 -2.337267e-02 -2.057202e-02 -2.115244e-02 3.499502e-02 1.802937e-02 4.247244e-03 -3.808344e-03 -7.291969e-03 -9.828316e-03 -1.357058e-02 -1.934907e-02 -2.536225e-02 -2.797557e-02 -2.849438e-02 -2.380187e-02 -1.417303e-02 5.220930e-02 4.706039e-02 1.991351e-02 -9.999000e+03 -2.107696e+00 -5.867932e-02 -4.523109e-02 -2.951772e-02 -3.046239e-02 -3.631185e-02 -3.006562e-02 -2.560677e-02 -1.902845e-02 6.359738e-02 -9.999000e+03 -9.999000e+03 -1.180087e-01 -1.107864e-01 -1.107363e-01 -1.105300e-01 -7.348469e-02 -5.222096e-02 -3.336614e-02 -3.403795e-02 -5.536279e-02 -2.639768e-02
-2.488254e-02 -2.518078e-02 -2.541941e-02 -2.258383e-02 4.489833e-02 -1.263469e-02 -1.675814e-02 -2.278479e-02 -2.121047e-02 -1.913557e-02 -2.396951e-02 -2.503188e-02 -2.531283e-02 -2.168308e-02 -1.855600e-02 -1.642890e-02 -1.785510e-02 -2.115814e-02 -2.455490e-02 -2.774937e-02 -2.896230e-02 -2.915755e-02 -2.403415e-02 -1.353281e-02 -1.052010e-01 -1.097860e-01 -7.655438e-02 -9.999000e+03 -8.014868e-01 -6.665580e-02 -5.270566e-02 -3.344586e-02 -3.282133e-02 -2.583677e-02 -3.403961e-02 -3.217794e-02 5.179507e-02 9.911148e-02 -1.613848e-01 -9.999000e+03 -1.201177e-01 -1.194245e-01 -1.111556e-01 -1.108486e-01 -5.157458e-02 -4.006158e-02 -3.084667e-02 -3.109271e-02 -4.189476e-02 -2.500843e-02
-2.688741e-02 -2.786490e-02 -2.316697e-02 -2.593958e-02 -1.949572e-02 -1.946750e-02 -2.263817e-02 -2.080036e-02 -1.915813e-02 -2.323184e-02 -2.072738e-02 -1.073595e-01 4.202791e-02 8.040023e-02 5.297214e-02 1.272750e-01 1.360166e-01 7.470318e-02 2.559996e-02 6.339069e-03 8.461606e-03 1.690496e-02 2.591921e-02 2.974117e-02 1.074440e-02 -1.459022e-02 -9.999000e+03 -9.999000e+03 -1.367094e-01 -8.399393e-02 -6.149022e-02 -4.782524e-02 -3.776341e-02 -2.989202e-02 -2.643117e-02 -3.796875e-02 -2.967394e-02 4.506797e-02 8.651795e-02 -9.999000e+03 -1.222350e-01 -1.213061e-01 -1.130592e-01 -7.647767e-02 -4.251598e-02 -3.585662e-02 -3.038283e-02 -2.980739e-02 -3.451642e-02 -2.357125e-02
-3.151006e-02 -2.687190e-02 -2.965720e-02 -2.261267e-02 -2.818458e-02 -3.170917e-02 -2.206076e-02 -1.963286e-02 -2.546892e-02 -2.123219e-02 -2.551791e-02 3.601717e-02 -2.778826e-02 -2.877274e-02 3.698763e-02 -1.786364e-02 -2.001954e-02 4.098611e-02 2.053385e-02 -9.792041e-04 -1.273045e-02 -1.629765e-02 -1.343261e-02 -7.597371e-03 -1.207441e-02 -2.251135e-02 -9.999000e+03 -1.190010e-01 -1.012511e-01 -7.643329e-02 -5.666017e-02 -4.329561e-02 -3.509907e-02 -3.076572e-02 -2.859709e-02 -2.733734e-02 -3.317922e-02 5.711652e-02 1.590290e-01 -9.999000e+03 -9.999000e+03 -1.249367e-01 -8.912040e-02 -5.761893e-02 -3.822984e-02 -3.382435e-02 -2.945758e-02 -2.857617e-02 -3.108267e-02 -2.293909e-02
-2.971207e-02 -3.781817e-02 -2.784334e-02 -3.609549e-02 -4.825721e-02 -3.016812e-02 -2.405863e-02 -2.977742e-02 -2.244292e-02 -2.916211e-02 -2.926770e-02 -2.863663e-02 -2.957012e-02 -3.117092e-02 -2.468356e-02 -2.443471e-02 -2.386330e-02 -2.263885e-02 3.825614e-02 7.840358e-02 1.044784e-01 6.595754e-02 2.642398e-02 5.528263e-03 -1.591125e-03 -2.069529e-03 -9.999000e+03 -2.164963e-01 -1.006555e-01 -7.509152e-02 -5.442446e-02 -4.073185e-02 -3.443424e-02 -3.319917e-02 -3.157497e-02 -2.901852e-02 -3.628515e-02 -2.651718e-02 1.249886e-01 4.390202e-02 -9.999000e+03 -9.404241e-02 -7.177462e-02 -4.771630e-02 -3.601783e-02 -3.210734e-02 -2.773217e-02 -2.696993e-02 -2.935255e-02 -2.296426e-02
-4.184424e-02 -3.367922e-02 -5.285512e-02 -6.961354e-02 -3.556241e-02 -2.919490e-02 -3.910101e-02 -2.490129e-02 -3.194893e-02 -3.314630e-02 -3.349375e-02 -3.287083e-02 -3.305455e-02 -2.642298e-02 -3.082737e-02 -2.844756e-02 -2.279124e-02 -2.718929e-02 -2.827317e-02 -2.589609e-02 -2.833338e-02 3.496691e-02 2.275138e-02 4.753814e-03 -8.684717e-03 -1.564008e-02 -9.999000e+03 -1.487100e-01 -1.003503e-01 -7.374019e-02 -5.279486e-02 -3.963103e-02 6.573530e-02 5.844026e-02 -2.511527e-03 2.546418e-02 2.408684e-02 7.686017e-02 3.307944e-02 2.141973e-01 -9.999000e+03 -9.999000e+03 -5.651021e-02 -5.139415e-02 -3.296202e-02 -2.955052e-02 -2.580911e-02 -2.501691e-02 -2.710238e-02 -2.233529e-02
-2.947534e-02 -7.531539e-02 -1.110589e-01 -4.448342e-02 -2.547374e-02 -5.066602e-02 -2.922438e-02 -3.845199e-02 -3.737666e-02 -3.815393e-02 -3.921585e-02 -3.964590e-02 -2.683465e-02 -3.398297e-02 -3.379047e-02 -2.561998e-02 -2.943116e-02 -2.941104e-02 -2.550678e-02 -2.947290e-02 -3.007242e-02 -3.042055e-02 3.206966e-02 4.329081e-02 4.865682e-02 4.103392e-02 -9.999000e+03 -3.667426e-01 -8.119316e-02 -9.668888e-03 6.084447e-02 7.719303e-02 -4.504500e-02 -1.608209e-02 -3.881323e-02 -6.363792e-02 -6.428158e-02 -9.805968e-02 3.650085e-02 7.939495e-02 3.843863e-01 -9.999000e+03 -9.999000e+03 -4.212022e-02 -4.011333e-02 -2.641207e-02 -2.378919e-02 -2.303368e-02 -2.430844e-02 -2.098729e-02
-1.065143e-01 -1.105428e-01 -7.208083e-02 -2.483321e-02 -6.532132e-02 -2.905642e-02 -5.087240e-02 -4.909397e-02 -4.803053e-02 -4.800176e-02 -4.972720e-02 -2.915091e-02 -4.088000e-02 -3.952573e-02 -2.775951e-02 -3.523806e-02 -3.467244e-02 -2.692341e-02 -3.136772e-02 -3.181885e-02 -3.222421e-02 -3.552218e-02 -1.154372e-01 -1.154971e-01 -4.366859e-02 -1.183843e-01 -9.999000e+03 -1.478215e-01 -8.268370e-02 -4.852037e-02 -2.379422e-02 -5.770466e-02 -8.205339e-02 -8.432164e-02 -8.596412e-02 -8.683401e-02 -8.835449e-02 -9.043929e-02 -8.924571e-02 -7.036043e-02 -3.580113e-02 3.061067e-01 -9.999000e+03 -9.999000e+03 -3.015040e-02 -2.173367e-02 -2.130777e-02 -2.159709e-02 -2.284386e-02 -2.080123e-02
-6.942219e-02 -5.236574e-02 -3.783338e-02 -1.019926e-01 -1.893184e-02 -6.741925e-02 -6.875708e-02 -6.882859e-02 -6.816301e-02 -6.744905e-02 -2.701338e-02 -5.216498e-02 -5.232624e-02 -2.974396e-02 -4.144428e-02 -4.271621e-02 -3.153689e-02 -3.729226e-02 -3.679077e-02 -3.649245e-02 -4.185023e-02 -1.151065e-01 -7.809609e-02 -5.401436e-02 -1.156641e-01 -8.157012e-02 -9.999000e+03 -8.712058e-01 -6.078654e-02 -4.569061e-02 -7.999989e-02 -1.173230e-01 -1.179041e-01 -1.189821e-01 -1.201878e-01 -1.213484e-01 -1.228660e-01 -1.247549e-01 -4.739556e-02 -5.797485e-02 -3.211689e-02 4.684848e-02 2.653193e-01 -9.999000e+03 -1.259967e-02 -2.286120e-02 -1.802929e-02 -2.036703e-02 -2.232110e-02 -2.147130e-02
-5.037612e-02 -4.006749e-02 -3.037561e-02 -1.826130e-02 -9.860262e-02 -1.011520e-01 -1.032633e-01 -1.045360e-01 -1.044515e-01 -2.311178e-02 -6.730593e-02 -7.018359e-02 -3.135484e-02 -5.118824e-02 -5.185010e-02 -3.305223e-02 -4.461376e-02 -4.430336e-02 -4.396305e-02 -5.505060e-02 -1.147239e-01 -7.844398e-02 -5.525978e-02 -3.984893e-02 -3.379345e-02 -3.408043e-02 -9.999000e+03 -1.219535e+00 -5.748837e-02 -1.173673e-01 -1.168038e-01 -7.986592e-02 -5.688851e-02 -4.352011e-02 -3.700440e-02 -3.481864e-02 -3.428977e-02 -3.435777e-02 -1.246268e-01 -1.251402e-01 -8.685869e-02 -6.268990e-02 -2.445818e-02 -9.999000e+03 -9.999000e+03 -1.663528e-02 -1.579177e-02 -1.882151e-02 -2.064539e-02 -1.979672e-02
-3.144362e-02 -2.630980e-02 -2.125832e-02 -1.544806e-02 -1.524562e-02 -2.001162e-02 -2.276703e-02 -2.422624e-02 -2.283224e-02 -1.010304e-01 -1.012934e-01 -2.738210e-02 -6.828270e-02 -6.828711e-02 -3.067105e-02 -5.225245e-02 -5.390657e-02 -5.486166e-02 -7.561576e-02 -1.141434e-01 -7.821709e-02 -5.604263e-02 -4.193405e-02 -3.253385e-02 -2.953114e-02 -3.046541e-02 -9.999000e+03 -1.250242e+00 -5.818694e-02 -4.512802e-02 -2.375745e-02 -2.617960e-02 -2.520604e-02 -2.512203e-02 -2.557132e-02 -2.679443e-02 -2.800909e-02 -2.915203e-02 -2.928314e-02 -2.483797e-02 -5.172508e-02 7.865565e-02 -1.116786e-01 1.013123e-01 -9.999000e+03 -9.999000e+03 -2.283996e-02 -1.717901e-02 -1.130421e-01 -1.635402e-02
-4.866464e-02 -3.243600e-02 -2.481433e-02 -2.266547e-02 -2.205784e-02 -2.246167e-02 -2.279710e-02 -2.327736e-02 -2.204656e-02 -1.952730e-02 -2.027292e-02 -1.008260e-01 -1.017598e-01 -2.701674e-02 -6.705778e-02 -6.850249e-02 -7.120911e-02 -1.100714e-01 -1.123250e-01 -7.748175e-02 -5.631691e-02 -4.298942e-02 -3.478559e-02 -2.952383e-02 -2.743032e-02 -2.756725e-02 -9.999000e+03 -1.269418e+00 -5.956616e-02 -4.693955e-02 -2.594112e-02 -2.665437e-02 -2.441182e-02 -2.349928e-02 -2.335525e-02 -2.403727e-02 -2.567335e-02 -2.787751e-02 -2.848390e-02 -2.816992e-02 -1.231930e-01 -1.227787e-01 -8.252946e-02 -5.606353e-02 1.006317e-01 -9.999000e+03 -1.592714e-01 -2.299753e-02 -1.122214e-01 -1.112075e-01
-1.051396e-01 -6.093983e-02 -3.768059e-02 -3.202370e-02 -2.948494e-02 -2.740511e-02 -2.533337e-02 -2.332402e-02 -2.162832e-02 -2.024015e-02 -2.009925e-02 -2.079113e-02 -2.179867e-02 -9.953432e-02 -1.007560e-01 -1.023221e-01 -1.053021e-01 -7.260291e-02 -5.480847e-02 -4.499862e-02 -3.828089e-02 -3.301614e-02 -2.921908e-02 -2.626538e-02 3.958594e-02 4.732291e-02 -9.999000e+03 -2.504497e+00 -4.911346e-02 -4.256722e-02 -2.135918e-02 -2.354947e-02 -2.136077e-02 -2.040923e-02 -2.013646e-02 -2.043873e-02 -2.207440e-02 -2.480907e-02 -2.655515e-02 -2.735171e-02 -2.742522e-02 -2.708816e-02 -2.362926e-02 -2.785112e-02 -1.581388e-02 -9.999000e+03 -9.999000e+03 -1.770179e-02 -1.116965e-01 -1.116327e-01
