tests/data/reference/test_implicit_stream_rill_mfda/control/massbalance.asc
ncols	123
nrows	77
xllcorner	-713746.79929998
yllcorner	-1061022.36961616
cellsize	10.0
NODATA_value	-9999
[rows 44 to 65 of 77, columns 50 to 99 of 123]
-1.508296e-01 -1.481911e-01 -1.464197e-01 -1.447926e-01 -1.435112e-01 -1.543682e-01 -1.530342e-01 -1.522455e-01 -1.526468e-01 -1.633660e-01 -1.634015e-01 -1.634184e-01 -1.634999e-01 -1.546291e-01 -1.639436e-01 -8.316497e-02 -1.451898e-01 -1.639802e-01 -1.637832e-01 -1.639218e-01 -1.617630e-01 -1.636179e-01 -1.634362e-01 -1.632525e-01 -1.746259e-01 -1.746193e-01 -1.770605e-01 -1.924800e-01 -9.999000e+03 -9.999000e+03 -9.999000e+03 -9.999000e+03 -9.839537e-01 -1.925321e-01 -1.744767e-01 -1.661294e-01 -1.617361e-01 -1.572033e-01 -1.582934e-01 -1.836747e-01 -1.837623e-01 -1.838462e-01 -1.838053e-01 -1.834888e-01 -1.829100e-01 -1.820948e-01 -1.815049e-01 -1.811857e-01 -1.809463e-01 -1.623953e-01
-1.529090e-01 -1.508946e-01 -1.489834e-01 -1.479049e-01 -1.600145e-01 -1.579659e-01 -1.564592e-01 -1.560820e-01 -1.628834e-01 -1.628076e-01 -1.627740e-01 -1.629480e-01 -1.575210e-01 -1.634481e-01 -8.561554e-02 -1.432355e-01 -1.634026e-01 -1.639478e-01 -1.643488e-01 -1.632170e-01 -1.648066e-01 -1.645760e-01 -1.645744e-01 -1.647169e-01 -1.641657e-01 -1.725338e-01 -1.722718e-01 -9.999000e+03 -9.999000e+03 -5.489724e-01 -1.745090e-01 -9.999000e+03 -9.999000e+03 -9.999000e+03 -1.825910e-01 -1.883391e-01 -1.585523e-01 -1.548891e-01 -1.561925e-01 -1.837421e-01 -1.839856e-01 -1.840275e-01 -1.839752e-01 -1.837667e-01 -1.833503e-01 -1.826935e-01 -1.821373e-01 -1.817233e-01 -1.813437e-01 -1.639464e-01
-1.542677e-01 -1.527388e-01 -1.524074e-01 -1.661035e-01 -1.642336e-01 -1.617728e-01 -1.605256e-01 -1.643914e-01 -1.644161e-01 -1.644870e-01 -1.643541e-01 -1.607727e-01 -1.628413e-01 -1.218051e-01 -1.417912e-01 -1.630520e-01 -1.654966e-01 -1.657144e-01 -1.645659e-01 -1.672253e-01 -1.674204e-01 -1.672461e-01 -1.675300e-01 -1.680076e-01 -1.676949e-01 -1.665891e-01 -1.579804e-01 -9.999000e+03 -1.860396e-01 -1.893233e-01 -1.773765e-01 -1.733832e-01 -1.765824e-01 -9.999000e+03 -9.999000e+03 -9.999000e+03 -1.830630e-01 -1.535559e-01 -1.548099e-01 -1.835633e-01 -1.840151e-01 -1.840925e-01 -1.840275e-01 -1.838415e-01 -1.835522e-01 -1.830963e-01 -1.826801e-01 -1.823098e-01 -1.819183e-01 -1.652358e-01
-1.541264e-01 -1.551568e-01 -1.688086e-01 -1.690485e-01 -1.676913e-01 -1.653875e-01 -1.689294e-01 -1.687305e-01 -1.688940e-01 -1.692454e-01 -1.630167e-01 -1.641549e-01 -1.466260e-01 -1.411947e-01 -1.647057e-01 -1.698214e-01 -1.698102e-01 -1.638607e-01 -1.704386e-01 -1.715798e-01 -1.720709e-01 -1.721575e-01 -1.726888e-01 -1.735064e-01 -1.737802e-01 -1.588704e-01 -1.844903e-01 -9.999000e+03 -2.070791e-01 -1.819520e-01 -1.755279e-01 -1.741775e-01 -1.774174e-01 -1.815722e-01 -2.654012e-01 -9.999000e+03 -9.999000e+03 -1.536027e-01 -1.542551e-01 -1.830602e-01 -1.838169e-01 -1.840439e-01 -1.839794e-01 -1.837392e-01 -1.835361e-01 -1.832964e-01 -1.830995e-01 -1.828912e-01 -1.825919e-01 -1.643642e-01
-1.560659e-01 -1.672729e-01 -1.679153e-01 -1.687139e-01 -1.684340e-01 -1.792797e-01 -1.797075e-01 -1.796391e-01 -1.797308e-01 -1.647950e-01 -1.689405e-01 -1.620378e-01 -1.425147e-01 -1.696479e-01 -1.813091e-01 -1.810768e-01 -1.622894e-01 -1.808251e-01 -1.812463e-01 -1.821681e-01 -1.826676e-01 -1.827909e-01 -1.832100e-01 -1.839042e-01 -1.608533e-01 -1.737224e-01 -1.671640e-01 -9.999000e+03 -3.108268e-01 -1.747498e-01 -1.733429e-01 -1.792241e-01 -1.837292e-01 -1.868451e-01 -1.908078e-01 -1.830871e-01 -9.999000e+03 -1.813085e-01 -1.535254e-01 -1.824453e-01 -1.834574e-01 -1.839194e-01 -1.839429e-01 -1.836711e-01 -1.835206e-01 -1.834332e-01 -1.834128e-01 -1.833467e-01 -1.831186e-01 -1.625308e-01
-1.632886e-01 -1.635814e-01 -1.641817e-01 -1.650021e-01 -1.786461e-01 -1.678026e-01 -1.632151e-01 -1.624423e-01 -1.646830e-01 -1.793553e-01 -1.684014e-01 -1.459616e-01 -1.805002e-01 -1.810030e-01 -1.694913e-01 -1.638999e-01 -1.808364e-01 -1.691561e-01 -1.642291e-01 -1.628745e-01 -1.633860e-01 -1.651508e-01 -1.653919e-01 -1.641543e-01 -1.836830e-01 -1.846749e-01 -1.427437e-01 -9.999000e+03 -1.023554e+00 -1.718169e-01 -1.733142e-01 -1.737966e-01 -1.793263e-01 -1.839712e-01 -1.882344e-01 -1.909662e-01 -9.999000e+03 -9.999000e+03 -1.518355e-01 -1.818092e-01 -1.829511e-01 -1.836530e-01 -1.838536e-01 -1.836650e-01 -1.835614e-01 -1.835496e-01 -1.836560e-01 -1.837093e-01 -1.835254e-01 -1.603045e-01
-1.621331e-01 -1.617783e-01 -1.616407e-01 -2.208740e-01 -1.979992e-01 -1.548974e-01 -9.445945e-02 -2.909769e-02 2.489919e-02 -1.646135e-01 -1.516804e-01 -1.799659e-01 -1.689126e-01 -1.640770e-01 -1.624971e-01 -1.638582e-01 -1.657031e-01 -1.653853e-01 -1.633276e-01 -1.602035e-01 -1.572882e-01 -1.550528e-01 -1.534431e-01 -1.523339e-01 -1.509160e-01 -1.492691e-01 -1.083173e-01 -9.999000e+03 -5.526157e-01 -1.847339e-01 -1.803495e-01 -1.749354e-01 -1.735881e-01 -1.773864e-01 -1.830561e-01 -2.127279e-01 -1.863322e-01 -9.999000e+03 -1.773176e-01 -1.813714e-01 -1.825242e-01 -1.833398e-01 -1.836717e-01 -1.836152e-01 -1.835894e-01 -1.835969e-01 -1.720434e-01 -1.722684e-01 -1.838629e-01 -1.582625e-01
-1.646672e-01 -1.641294e-01 -2.300714e-01 -1.608158e-01 -1.799367e-01 -1.735011e-01 -1.940884e-01 -2.361196e-01 -2.500218e-01 -1.579007e-01 -1.600221e-01 -1.544140e-01 -1.500541e-01 -1.474648e-01 -1.463824e-01 -1.464575e-01 -1.468957e-01 -1.472186e-01 -1.602725e-01 -1.592227e-01 -1.582458e-01 -1.542156e-01 -1.477683e-01 -1.390565e-01 -1.274425e-01 -1.160134e-01 -1.622652e-01 -9.999000e+03 -1.845130e-01 -1.736177e-01 -1.675396e-01 -1.736542e-01 -1.750627e-01 -1.803377e-01 -1.849592e-01 -1.902751e-01 -2.260198e-01 -9.999000e+03 -9.999000e+03 -1.865341e-01 -1.822780e-01 -1.830871e-01 -1.834689e-01 -1.835234e-01 -1.836020e-01 -1.836095e-01 -1.659769e-01 -1.662237e-01 -1.841114e-01 -1.565938e-01
-1.702444e-01 -2.351079e-01 -1.632864e-01 -1.631647e-01 -1.807587e-01 -1.618795e-01 -1.826325e-01 -1.533075e-01 -1.628358e-01 -1.642580e-01 -1.573736e-01 -1.516262e-01 -1.478397e-01 -1.462768e-01 -1.458957e-01 -1.460649e-01 -1.462107e-01 -1.460569e-01 -1.815072e-01 -1.708800e-01 -1.658501e-01 -1.631537e-01 -1.626503e-01 -1.658122e-01 -1.680285e-01 -1.663740e-01 -1.831338e-01 -9.999000e+03 -6.794013e-01 -1.730593e-01 -1.660681e-01 -1.628413e-01 -1.752162e-01 -1.813941e-01 -1.865283e-01 -1.906209e-01 -1.935877e-01 -3.139607e-01 -9.999000e+03 -1.763250e-01 -1.822788e-01 -1.828575e-01 -1.831454e-01 -1.832131e-01 -1.834105e-01 -1.718388e-01 -1.628882e-01 -1.630367e-01 -1.726199e-01 -1.554427e-01
-2.309419e-01 -1.655175e-01 -1.654377e-01 -1.653190e-01 -1.635122e-01 -1.820357e-01 -1.558498e-01 -1.670583e-01 -1.669033e-01 -1.619989e-01 -1.518832e-01 -1.705190e-01 -1.690363e-01 -1.673811e-01 -1.610170e-01 -1.500336e-01 -1.347475e-01 -1.178575e-01 -1.038059e-01 -9.675046e-02 -9.840908e-02 -1.082895e-01 -1.241707e-01 -1.383266e-01 -1.637525e-01 -1.603364e-01 -1.632496e-01 -9.999000e+03 -1.682713e+00 -1.652740e-01 -1.627966e-01 -1.616142e-01 -1.619743e-01 -1.820293e-01 -1.861525e-01 -1.888566e-01 -1.922852e-01 -2.490558e-01 -9.999000e+03 -9.999000e+03 -1.884249e-01 -1.827365e-01 -1.827202e-01 -1.826531e-01 -1.711168e-01 -1.656973e-01 -1.627129e-01 -1.627018e-01 -1.664930e-01 -1.547548e-01
-1.664694e-01 -1.664892e-01 -1.663754e-01 -1.567542e-01 -1.763645e-01 -1.551622e-01 -1.692548e-01 -1.674501e-01 -1.655901e-01 -1.559863e-01 -1.645300e-01 -1.489343e-01 -1.481582e-01 -1.482794e-01 -1.487485e-01 -1.493471e-01 -1.488858e-01 -1.472077e-01 -1.449252e-01 -1.428173e-01 -1.419746e-01 -1.425433e-01 -1.451817e-01 -1.497386e-01 -1.808853e-01 -1.824109e-01 -1.719755e-01 -9.999000e+03 -7.754618e-01 -1.734574e-01 -1.661628e-01 -1.719201e-01 -1.647690e-01 -1.731612e-01 -1.967085e-01 -1.964389e-01 -2.358201e-01 -2.616657e-01 -2.290546e-01 -9.999000e+03 -1.891383e-01 -1.889037e-01 -1.828562e-01 -1.827568e-01 -1.654878e-01 -1.628733e-01 -1.646459e-01 -1.643840e-01 -1.632507e-01 -1.544220e-01
-1.656804e-01 -1.655892e-01 -1.584894e-01 -1.656855e-01 -1.518963e-01 -1.671228e-01 -1.643595e-01 -1.675850e-01 -1.594410e-01 -1.664767e-01 -1.504671e-01 -1.816190e-01 -1.750364e-01 -1.932018e-01 -1.996336e-01 -2.318372e-01 -2.509628e-01 -2.562838e-01 -2.510457e-01 -2.347261e-01 -2.154105e-01 -1.914035e-01 -1.575953e-01 -1.052064e-01 -3.788314e-02 1.883221e-02 -9.999000e+03 -9.999000e+03 -2.010124e-01 -1.747050e-01 -1.681935e-01 -1.647799e-01 -1.627820e-01 -1.627930e-01 -1.653634e-01 -1.873094e-01 -1.891213e-01 -2.239065e-01 -2.547160e-01 -9.999000e+03 -1.898481e-01 -1.895387e-01 -1.834787e-01 -1.719776e-01 -1.633390e-01 -1.629973e-01 -1.661820e-01 -1.662310e-01 -1.626946e-01 -1.542648e-01
-1.632139e-01 -1.600894e-01 -1.647810e-01 -1.493905e-01 -1.629464e-01 -1.616945e-01 -1.669522e-01 -1.625942e-01 -1.659299e-01 -1.512488e-01 -1.657896e-01 -1.797164e-01 -1.655713e-01 -1.654567e-01 -1.795557e-01 -1.521581e-01 -1.663762e-01 -1.822453e-01 -1.823041e-01 -1.801604e-01 -1.728156e-01 -1.616470e-01 -1.488938e-01 -1.351987e-01 -1.203576e-01 -1.089560e-01 -9.999000e+03 -2.168476e-01 -1.783501e-01 -1.711712e-01 -1.667310e-01 -1.634884e-01 -1.626410e-01 -1.635633e-01 -1.660319e-01 -1.673097e-01 -1.897597e-01 -2.153631e-01 -3.390439e-01 -9.999000e+03 -9.999000e+03 -1.907682e-01 -1.799667e-01 -1.670315e-01 -1.632148e-01 -1.643618e-01 -1.661363e-01 -1.664687e-01 -1.640915e-01 -1.540056e-01
-1.620799e-01 -1.632764e-01 -1.472767e-01 -1.621306e-01 -1.645625e-01 -1.636924e-01 -1.648243e-01 -1.634281e-01 -1.528620e-01 -1.652550e-01 -1.653447e-01 -1.654229e-01 -1.653089e-01 -1.650672e-01 -1.495259e-01 -1.662160e-01 -1.665964e-01 -1.525218e-01 -1.727323e-01 -1.887845e-01 -2.293861e-01 -2.484103e-01 -1.996366e-01 -2.049927e-01 -1.970929e-01 -1.827919e-01 -9.999000e+03 -2.881561e-01 -1.780566e-01 -1.707984e-01 -1.661596e-01 -1.629743e-01 -1.627148e-01 -1.639951e-01 -1.658739e-01 -1.666976e-01 -1.882482e-01 -1.882244e-01 -2.744599e-01 -4.114829e-01 -9.999000e+03 -1.811146e-01 -1.759800e-01 -1.644199e-01 -1.640140e-01 -1.656921e-01 -1.650947e-01 -1.656295e-01 -1.662517e-01 -1.534772e-01
-1.631976e-01 -1.462176e-01 -1.657042e-01 -1.699391e-01 -1.623263e-01 -1.658665e-01 -1.627657e-01 -1.556330e-01 -1.633958e-01 -1.634819e-01 -1.634456e-01 -1.633702e-01 -1.632488e-01 -1.476823e-01 -1.649043e-01 -1.652687e-01 -1.510424e-01 -1.657500e-01 -1.657126e-01 -1.530107e-01 -1.649745e-01 -1.787395e-01 -1.794560e-01 -1.813998e-01 -1.788539e-01 -1.716994e-01 -9.999000e+03 -2.334017e-01 -1.780375e-01 -1.704155e-01 -1.657118e-01 -1.627762e-01 -1.699195e-01 -1.820572e-01 -3.467254e-01 -1.395581e-01 -1.351378e-01 -9.385410e-02 -7.641394e-02 8.278495e-02 -9.999000e+03 -9.999000e+03 -1.740605e-01 -1.751340e-01 -1.652398e-01 -1.658541e-01 -1.633206e-01 -1.639762e-01 -1.669765e-01 -1.528802e-01
-1.482598e-01 -1.715200e-01 -1.828248e-01 -1.636486e-01 -1.663575e-01 -1.648398e-01 -1.591862e-01 -1.626475e-01 -1.625337e-01 -1.626696e-01 -1.628308e-01 -1.628580e-01 -1.459944e-01 -1.630772e-01 -1.630776e-01 -1.485461e-01 -1.649543e-01 -1.648874e-01 -1.512343e-01 -1.652394e-01 -1.653103e-01 -1.654631e-01 -1.731028e-01 -1.721624e-01 -2.407982e-01 -1.029800e-01 -9.999000e+03 -9.300000e+21 -5.000000e-01 9.300000e+21 -1.752455e-01 -1.729191e-01 -1.639571e-01 -1.752994e-01 -1.805294e-01 -1.686547e-01 -1.688313e-01 -1.810384e-01 -1.598688e-01 -1.375092e-01 -1.097798e-01 -9.999000e+03 -9.999000e+03 -1.795088e-01 -1.857463e-01 -1.653177e-01 -1.613124e-01 -1.619339e-01 -1.666549e-01 -1.522625e-01
-1.813196e-01 -1.826573e-01 -1.706515e-01 -1.633262e-01 -1.685510e-01 -1.634249e-01 -1.648568e-01 -1.645238e-01 -1.643139e-01 -1.643209e-01 -1.647269e-01 -1.440409e-01 -1.629835e-01 -1.627509e-01 -1.462046e-01 -1.630901e-01 -1.630021e-01 -1.486246e-01 -1.643580e-01 -1.643011e-01 -1.642222e-01 -1.628382e-01 -1.842515e-01 -1.842711e-01 -1.636205e-01 -1.852035e-01 -9.999000e+03 -2.100196e-01 -1.743823e-01 -1.647905e-01 -1.613449e-01 -1.671162e-01 -1.739418e-01 -1.746817e-01 -1.752227e-01 -1.755192e-01 -1.760140e-01 -1.766744e-01 -1.763228e-01 -1.755610e-01 -1.703753e-01 -2.256182e-01 -9.999000e+03 -9.999000e+03 -1.860017e-01 -1.646347e-01 -1.594035e-01 -1.596728e-01 -1.651319e-01 -1.513142e-01
-1.697695e-01 -1.654245e-01 -1.624900e-01 -1.798619e-01 -1.676994e-01 -1.690880e-01 -1.695490e-01 -1.695944e-01 -1.694289e-01 -1.692322e-01 -1.431302e-01 -1.652442e-01 -1.653652e-01 -1.445337e-01 -1.630885e-01 -1.632826e-01 -1.454895e-01 -1.630253e-01 -1.629665e-01 -1.629074e-01 -1.631833e-01 -1.841437e-01 -1.725876e-01 -1.661544e-01 -1.843249e-01 -1.737256e-01 -9.999000e+03 -8.318726e-01 -1.733379e-01 -1.640559e-01 -1.732649e-01 -1.848597e-01 -1.850477e-01 -1.853974e-01 -1.857911e-01 -1.861634e-01 -1.866548e-01 -1.872761e-01 -1.676456e-01 -1.733511e-01 -1.670832e-01 -1.593120e-01 -5.314205e-01 -9.999000e+03 -1.901792e-01 -1.888869e-01 -1.580624e-01 -1.575966e-01 -1.627542e-01 -1.501434e-01
-1.647890e-01 -1.628982e-01 -1.632663e-01 -1.669401e-01 -1.786981e-01 -1.795819e-01 -1.802532e-01 -1.806654e-01 -1.806373e-01 -1.430501e-01 -1.691113e-01 -1.699422e-01 -1.438874e-01 -1.650214e-01 -1.652140e-01 -1.435176e-01 -1.635734e-01 -1.635188e-01 -1.634919e-01 -1.663612e-01 -1.840189e-01 -1.726894e-01 -1.664608e-01 -1.628295e-01 -1.626712e-01 -1.642513e-01 -9.999000e+03 -1.053404e+00 -1.725913e-01 -1.848740e-01 -1.846925e-01 -1.732079e-01 -1.669025e-01 -1.636191e-01 -1.629180e-01 -1.636584e-01 -1.652191e-01 -1.669191e-01 -1.872339e-01 -1.874031e-01 -1.755886e-01 -1.736824e-01 -1.715452e-01 -9.999000e+03 -9.999000e+03 -1.880802e-01 -1.567197e-01 -1.556488e-01 -1.602959e-01 -1.494464e-01
-1.594611e-01 -1.571115e-01 -1.558544e-01 -1.560829e-01 -1.553283e-01 -1.522714e-01 -1.485240e-01 -1.451021e-01 -1.434298e-01 -1.795365e-01 -1.796348e-01 -1.450552e-01 -1.694014e-01 -1.694274e-01 -1.433599e-01 -1.652099e-01 -1.657023e-01 -1.660628e-01 -1.716967e-01 -1.838301e-01 -1.726009e-01 -1.666608e-01 -1.632517e-01 -1.624386e-01 -1.643156e-01 -1.663049e-01 -9.999000e+03 -1.071783e+00 -1.723996e-01 -1.640196e-01 -1.612874e-01 -1.627048e-01 -1.664615e-01 -1.684564e-01 -1.681605e-01 -1.659941e-01 -1.627286e-01 -1.589789e-01 -1.578893e-01 -1.593558e-01 -1.058312e-01 -1.179494e-01 -1.059326e-01 -2.160360e-01 -9.999000e+03 -9.999000e+03 -1.821554e-01 -1.538577e-01 -1.834692e-01 -1.492250e-01
-1.644022e-01 -1.619031e-01 -1.645695e-01 -1.669245e-01 -1.660850e-01 -1.626585e-01 -1.581673e-01 -1.535329e-01 -1.501417e-01 -1.484226e-01 -1.471898e-01 -1.794599e-01 -1.797898e-01 -1.446573e-01 -1.689984e-01 -1.694662e-01 -1.702387e-01 -1.825038e-01 -1.832363e-01 -1.723227e-01 -1.667205e-01 -1.634493e-01 -1.626819e-01 -1.640599e-01 -1.664670e-01 -1.669440e-01 -9.999000e+03 -1.083665e+00 -1.724363e-01 -1.644858e-01 -1.615411e-01 -1.624139e-01 -1.660401e-01 -1.686191e-01 -1.689521e-01 -1.672496e-01 -1.639688e-01 -1.597804e-01 -1.558180e-01 -1.735426e-01 -1.867622e-01 -1.866261e-01 -1.742025e-01 -1.722826e-01 -3.949002e-01 -9.999000e+03 -2.823513e-01 -1.795981e-01 -1.832027e-01 -1.828731e-01
-1.808650e-01 -1.673753e-01 -1.620065e-01 -1.627374e-01 -1.649716e-01 -1.650047e-01 -1.633047e-01 -1.606804e-01 -1.578135e-01 -1.550859e-01 -1.522544e-01 -1.495389e-01 -1.472147e-01 -1.790145e-01 -1.794337e-01 -1.799640e-01 -1.809188e-01 -1.706927e-01 -1.661314e-01 -1.637322e-01 -1.630703e-01 -1.638628e-01 -1.655889e-01 -1.662706e-01 -1.754717e-01 -1.762169e-01 -9.999000e+03 -1.965338e+00 -1.675414e-01 -1.616802e-01 -1.604237e-01 -1.625300e-01 -1.657721e-01 -1.679768e-01 -1.683889e-01 -1.670841e-01 -1.640229e-01 -1.598213e-01 -1.552518e-01 -1.510522e-01 -1.566042e-01 -1.390597e-01 -1.444347e-01 -2.095091e-01 -2.036249e-01 -9.999000e+03 -9.999000e+03 -1.764759e-01 -1.830321e-01 -1.830114e-01
