tests/data/reference/test_implicit_stream_rill_mfda/control/massbalance.asc
ncols	123
nrows	77
xllcorner	-713746.79929998
yllcorner	-1061022.36961616
cellsize	10.0
NODATA_value	-9999
[rows 44 to 65 of 77, columns 0 to 49 of 123]
-9.999000e+03 -9.999000e+03 -9.999000e+03 -9.999000e+03 -9.999000e+03 -9.999000e+03 -9.999000e+03 -1.307258e-01 -1.475464e-01 -1.459903e-01 -1.480461e-01 -1.461173e-01 -1.461410e-01 -1.463979e-01 -1.465022e-01 -1.464347e-01 -1.462796e-01 -1.452091e-01 -1.463954e-01 -1.462585e-01 -1.449089e-01 -1.455593e-01 -1.462916e-01 -1.462260e-01 -1.463317e-01 -1.460813e-01 -1.487799e-01 -1.459687e-01 -1.458812e-01 -1.461902e-01 -1.465903e-01 -1.467006e-01 -1.465111e-01 -1.463426e-01 -1.462376e-01 -1.461841e-01 -1.452444e-01 -1.442435e-01 -1.432710e-01 -1.423993e-01 -1.415770e-01 -1.410856e-01 -1.408692e-01 -1.437640e-01 -1.431845e-01 -1.470130e-01 -1.381389e-01 -1.414847e-01 -1.462385e-01 -1.463183e-01
-9.999000e+03 -9.999000e+03 -9.999000e+03 -9.999000e+03 -9.999000e+03 -9.999000e+03 -9.999000e+03 -1.624589e-01 -1.459376e-01 -1.464773e-01 -1.478826e-01 -1.460477e-01 -1.461527e-01 -1.464742e-01 -1.464645e-01 -1.463145e-01 -1.449508e-01 -1.465773e-01 -1.464533e-01 -1.463088e-01 -1.461046e-01 -1.459954e-01 -1.458985e-01 -1.458409e-01 -1.486983e-01 -1.488178e-01 -1.460214e-01 -1.458900e-01 -1.461953e-01 -1.464735e-01 -1.466378e-01 -1.466241e-01 -1.464333e-01 -1.478099e-01 -1.471187e-01 -1.462389e-01 -1.460207e-01 -1.459603e-01 -1.459091e-01 -1.459079e-01 -1.459028e-01 -1.458699e-01 -1.459519e-01 -1.439500e-01 -1.449943e-01 -1.460830e-01 -1.461148e-01 -1.461363e-01 -1.461368e-01 -1.461833e-01
-9.999000e+03 -9.999000e+03 -9.999000e+03 -9.999000e+03 -9.999000e+03 -9.999000e+03 -1.311583e-01 -1.475088e-01 -1.460955e-01 -1.460153e-01 -1.479088e-01 -1.459036e-01 -1.463467e-01 -1.463676e-01 -1.461945e-01 -1.447374e-01 -1.465041e-01 -1.465773e-01 -1.465406e-01 -1.464341e-01 -1.462468e-01 -1.461641e-01 -1.460597e-01 -1.459392e-01 -1.459754e-01 -1.463410e-01 -1.464476e-01 -1.464883e-01 -1.465731e-01 -1.465230e-01 -1.463574e-01 -1.487057e-01 -1.484881e-01 -1.463460e-01 -1.462522e-01 -1.461914e-01 -1.461649e-01 -1.461379e-01 -1.460981e-01 -1.460990e-01 -1.460212e-01 -1.460216e-01 -1.459819e-01 -1.460066e-01 -1.460018e-01 -1.460009e-01 -1.460620e-01 -1.461181e-01 -1.461218e-01 -1.460643e-01
-9.999000e+03 -9.999000e+03 -9.999000e+03 -9.999000e+03 -9.999000e+03 -9.999000e+03 -6.045758e-02 -1.474347e-01 -1.459306e-01 -1.459976e-01 -1.481046e-01 -1.461687e-01 -1.463881e-01 -1.462169e-01 -1.452605e-01 -1.462710e-01 -1.464136e-01 -1.464824e-01 -1.465094e-01 -1.464332e-01 -1.485871e-01 -1.486985e-01 -1.487552e-01 -1.487505e-01 -1.460346e-01 -1.460498e-01 -1.461831e-01 -1.477780e-01 -1.483952e-01 -1.486639e-01 -1.486646e-01 -1.465375e-01 -1.465538e-01 -1.464821e-01 -1.464117e-01 -1.463566e-01 -1.463285e-01 -1.463015e-01 -1.462444e-01 -1.461274e-01 -1.461877e-01 -1.461308e-01 -1.461203e-01 -1.460961e-01 -1.460565e-01 -1.460155e-01 -1.460309e-01 -1.460912e-01 -1.460746e-01 -1.460800e-01
-9.999000e+03 -9.999000e+03 -9.999000e+03 -9.999000e+03 -9.999000e+03 -1.303275e-01 -1.460468e-01 -1.454738e-01 -1.480007e-01 -1.480435e-01 -1.462736e-01 -1.463827e-01 -1.463984e-01 -1.462495e-01 -1.461354e-01 -1.463522e-01 -1.464104e-01 -1.464335e-01 -1.464785e-01 -1.464021e-01 -1.452183e-01 -1.459097e-01 -1.465311e-01 -1.471822e-01 -1.470099e-01 -1.472310e-01 -1.476215e-01 -1.465851e-01 -1.466264e-01 -1.466683e-01 -1.466795e-01 -1.466642e-01 -1.466531e-01 -1.466534e-01 -1.466278e-01 -1.465867e-01 -1.465599e-01 -1.465377e-01 -1.463093e-01 -1.463280e-01 -1.462466e-01 -1.462769e-01 -1.462720e-01 -1.462432e-01 -1.461884e-01 -1.461255e-01 -1.460834e-01 -1.459866e-01 -1.460980e-01 -1.461089e-01
-9.999000e+03 -9.999000e+03 -9.999000e+03 -9.999000e+03 -1.259218e-01 -1.578612e-01 -1.461329e-01 -1.454226e-01 -1.478704e-01 -1.477808e-01 -1.462078e-01 -1.464391e-01 -1.472606e-01 -1.462321e-01 -1.461727e-01 -1.463571e-01 -1.463926e-01 -1.464055e-01 -1.464668e-01 -1.464679e-01 -1.463843e-01 -1.463382e-01 -1.466515e-01 -1.461415e-01 -1.462830e-01 -1.463649e-01 -1.464458e-01 -1.464865e-01 -1.464854e-01 -1.465559e-01 -1.466179e-01 -1.465787e-01 -1.465760e-01 -1.465910e-01 -1.466031e-01 -1.466054e-01 -1.466194e-01 -1.464541e-01 -1.465397e-01 -1.463772e-01 -1.463635e-01 -1.463570e-01 -1.463883e-01 -1.463867e-01 -1.463533e-01 -1.463004e-01 -1.460714e-01 -1.460950e-01 -1.461289e-01 -1.462741e-01
-9.999000e+03 -9.999000e+03 -9.999000e+03 -9.999000e+03 -1.315736e-01 -1.467900e-01 -1.462217e-01 -1.464456e-01 -1.461406e-01 -1.476216e-01 -1.464002e-01 -1.463025e-01 -1.479806e-01 -1.462809e-01 -1.462358e-01 -1.463485e-01 -1.463670e-01 -1.463578e-01 -1.464782e-01 -1.465356e-01 -1.464724e-01 -1.473188e-01 -1.459301e-01 -1.460525e-01 -1.461673e-01 -1.461773e-01 -1.462524e-01 -1.462966e-01 -1.463008e-01 -1.463507e-01 -1.464094e-01 -1.464362e-01 -1.464356e-01 -1.464376e-01 -1.464608e-01 -1.465061e-01 -1.463327e-01 -1.465702e-01 -1.464960e-01 -1.465356e-01 -1.464391e-01 -1.464182e-01 -1.464933e-01 -1.465394e-01 -1.465426e-01 -1.463044e-01 -1.463242e-01 -1.462282e-01 -1.463408e-01 -1.458953e-01
-9.999000e+03 -9.999000e+03 -9.999000e+03 -1.305269e-01 -1.589746e-01 -1.452243e-01 -1.477192e-01 -1.463382e-01 -1.475162e-01 -1.464358e-01 -1.459332e-01 -1.463063e-01 -1.478407e-01 -1.463789e-01 -1.463292e-01 -1.463635e-01 -1.463688e-01 -1.463736e-01 -1.464704e-01 -1.465899e-01 -1.479971e-01 -1.463443e-01 -1.461862e-01 -1.462184e-01 -1.462387e-01 -1.461709e-01 -1.462216e-01 -1.462667e-01 -1.462692e-01 -1.462962e-01 -1.463925e-01 -1.464542e-01 -1.464673e-01 -1.464462e-01 -1.464267e-01 -1.462027e-01 -1.464274e-01 -1.463469e-01 -1.465652e-01 -1.465896e-01 -1.464776e-01 -1.464310e-01 -1.465195e-01 -1.466009e-01 -1.464007e-01 -1.465709e-01 -1.465070e-01 -1.465263e-01 -1.459165e-01 -1.459270e-01
-9.999000e+03 -9.999000e+03 -9.999000e+03 -1.299154e-01 -1.456711e-01 -1.464701e-01 -1.474296e-01 -1.472428e-01 -1.463999e-01 -1.463419e-01 -1.458488e-01 -1.464124e-01 -1.476485e-01 -1.465339e-01 -1.464373e-01 -1.464019e-01 -1.463984e-01 -1.463280e-01 -1.463421e-01 -1.462391e-01 -1.486146e-01 -1.466530e-01 -1.465208e-01 -1.464827e-01 -1.463797e-01 -1.463083e-01 -1.462515e-01 -1.462689e-01 -1.462993e-01 -1.463277e-01 -1.464198e-01 -1.465060e-01 -1.465447e-01 -1.465067e-01 -1.462201e-01 -1.463908e-01 -1.461926e-01 -1.463616e-01 -1.464958e-01 -1.465893e-01 -1.465141e-01 -1.464407e-01 -1.464899e-01 -1.462958e-01 -1.466039e-01 -1.466632e-01 -1.467195e-01 -1.461826e-01 -1.460962e-01 -1.460642e-01
-9.999000e+03 -9.999000e+03 -1.312959e-01 -1.622030e-01 -1.463451e-01 -1.465812e-01 -1.470548e-01 -1.469317e-01 -1.470303e-01 -1.468753e-01 -1.458219e-01 -1.464288e-01 -1.473652e-01 -1.465991e-01 -1.465095e-01 -1.463993e-01 -1.463899e-01 -1.462731e-01 -1.448486e-01 -1.467221e-01 -1.482181e-01 -1.467386e-01 -1.466651e-01 -1.465844e-01 -1.465960e-01 -1.464644e-01 -1.463046e-01 -1.463315e-01 -1.463064e-01 -1.462754e-01 -1.463123e-01 -1.463884e-01 -1.464695e-01 -1.463446e-01 -1.464768e-01 -1.462600e-01 -1.463961e-01 -1.463977e-01 -1.464887e-01 -1.465827e-01 -1.465573e-01 -1.464955e-01 -1.462204e-01 -1.465147e-01 -1.466014e-01 -1.466547e-01 -1.496471e-01 -1.497267e-01 -1.497389e-01 -1.496900e-01
-9.999000e+03 -9.999000e+03 -1.559247e-01 -1.459423e-01 -1.474104e-01 -1.470790e-01 -1.468177e-01 -1.470639e-01 -1.460994e-01 -1.461032e-01 -1.469248e-01 -1.462666e-01 -1.471236e-01 -1.465309e-01 -1.463545e-01 -1.462508e-01 -1.463484e-01 -1.463330e-01 -1.460323e-01 -1.450223e-01 -1.477431e-01 -1.469655e-01 -1.468486e-01 -1.467342e-01 -1.467570e-01 -1.467125e-01 -1.465904e-01 -1.464488e-01 -1.463063e-01 -1.461886e-01 -1.461361e-01 -1.461542e-01 -1.463441e-01 -1.465098e-01 -1.463304e-01 -1.464833e-01 -1.464707e-01 -1.464676e-01 -1.465163e-01 -1.465375e-01 -1.465023e-01 -1.462662e-01 -1.465174e-01 -1.465391e-01 -1.465027e-01 -1.465132e-01 -1.466396e-01 -1.466367e-01 -1.463368e-01 -1.473025e-01
-9.999000e+03 -1.283657e-01 -5.452887e-02 -1.454093e-01 -1.473051e-01 -1.466547e-01 -1.471412e-01 -1.471351e-01 -9.999000e+03 -9.999000e+03 -9.999000e+03 -1.469076e-01 -1.470175e-01 -1.474073e-01 -1.475843e-01 -1.475945e-01 -1.476791e-01 -1.478277e-01 -1.476734e-01 -1.471600e-01 -1.470464e-01 -1.474784e-01 -1.468588e-01 -1.467902e-01 -1.466992e-01 -1.467291e-01 -1.466347e-01 -1.465084e-01 -1.463589e-01 -1.462319e-01 -1.461260e-01 -1.462918e-01 -1.463101e-01 -1.463544e-01 -1.464413e-01 -1.464177e-01 -1.463905e-01 -1.463832e-01 -1.464436e-01 -1.464288e-01 -1.462574e-01 -1.464266e-01 -1.464608e-01 -1.462820e-01 -1.463088e-01 -1.465823e-01 -1.441376e-01 -1.450196e-01 -1.461391e-01 -1.463934e-01
-9.999000e+03 -1.247176e-01 -1.456584e-01 -1.472957e-01 -1.469993e-01 -1.470347e-01 -9.999000e+03 -9.999000e+03 -9.999000e+03 -9.999000e+03 -9.999000e+03 -9.999000e+03 -1.471103e-01 -1.473281e-01 -1.461299e-01 -1.463583e-01 -1.475940e-01 -1.460943e-01 -1.461924e-01 -1.463827e-01 -1.468847e-01 -1.469184e-01 -1.472252e-01 -1.475867e-01 -1.465938e-01 -1.465400e-01 -1.466013e-01 -1.465855e-01 -1.464695e-01 -1.464018e-01 -1.465135e-01 -1.461843e-01 -1.463580e-01 -1.463878e-01 -1.463076e-01 -1.462471e-01 -1.461817e-01 -1.461314e-01 -1.462199e-01 -1.464049e-01 -1.463241e-01 -1.462504e-01 -1.459857e-01 -1.459913e-01 -1.465888e-01 -1.463410e-01 -1.462546e-01 -1.461437e-01 -1.461278e-01 -1.461053e-01
-1.305878e-01 -7.891529e-02 -1.464686e-01 -1.470181e-01 -1.466147e-01 -1.473255e-01 -9.999000e+03 -9.999000e+03 -9.999000e+03 -9.999000e+03 -9.999000e+03 -9.999000e+03 -9.999000e+03 -9.999000e+03 -9.999000e+03 -1.476386e-01 -1.465104e-01 -1.477667e-01 -1.476410e-01 -1.474537e-01 -1.460738e-01 -9.999000e+03 -9.999000e+03 -1.472243e-01 -1.475959e-01 -1.478238e-01 -1.480740e-01 -1.483250e-01 -1.484531e-01 -1.466064e-01 -1.464649e-01 -1.465880e-01 -1.463723e-01 -1.463653e-01 -1.462509e-01 -1.461888e-01 -1.461396e-01 -1.460579e-01 -1.464642e-01 -1.463174e-01 -1.461385e-01 -1.459641e-01 -1.459615e-01 -1.464929e-01 -1.460972e-01 -1.461602e-01 -1.463499e-01 -1.460610e-01 -1.459830e-01 -1.459337e-01
-1.292551e-01 -1.469570e-01 -1.468811e-01 -1.468769e-01 -1.473551e-01 -9.999000e+03 -9.999000e+03 -9.999000e+03 -9.999000e+03 -9.999000e+03 -9.999000e+03 -9.999000e+03 -9.999000e+03 -9.999000e+03 -9.999000e+03 -9.999000e+03 -9.999000e+03 -9.999000e+03 -9.999000e+03 -9.999000e+03 -9.999000e+03 -9.999000e+03 -9.999000e+03 -1.471359e-01 -1.475031e-01 -1.476446e-01 -1.461570e-01 -1.463616e-01 -1.463874e-01 -1.480972e-01 -1.467168e-01 -1.465621e-01 -1.465659e-01 -1.465358e-01 -1.463434e-01 -1.462703e-01 -1.462926e-01 -1.465331e-01 -1.461876e-01 -1.462831e-01 -1.462262e-01 -1.460984e-01 -1.463351e-01 -1.459724e-01 -1.460401e-01 -1.464945e-01 -1.461779e-01 -1.461892e-01 -1.461391e-01 -1.466159e-01
-9.999000e+03 -1.474282e-01 -1.473275e-01 -1.476372e-01 -9.999000e+03 -9.999000e+03 -9.999000e+03 -9.999000e+03 -9.999000e+03 -9.999000e+03 -9.999000e+03 -9.999000e+03 -9.999000e+03 -9.999000e+03 -9.999000e+03 -9.999000e+03 -9.999000e+03 -9.999000e+03 -9.999000e+03 -9.999000e+03 -9.999000e+03 -9.999000e+03 -9.999000e+03 -9.999000e+03 -9.999000e+03 -9.999000e+03 -1.478273e-01 -1.480097e-01 -1.459330e-01 -1.460338e-01 -1.476977e-01 -1.478617e-01 -1.481407e-01 -1.484960e-01 -1.486633e-01 -1.487042e-01 -1.466925e-01 -1.463559e-01 -1.463033e-01 -1.492740e-01 -1.494032e-01 -1.461790e-01 -1.461402e-01 -1.460784e-01 -1.464704e-01 -1.461000e-01 -1.461352e-01 -1.461922e-01 -1.466801e-01 -1.460728e-01
-9.999000e+03 -9.999000e+03 -9.999000e+03 -9.999000e+03 -9.999000e+03 -9.999000e+03 -9.999000e+03 -9.999000e+03 -9.999000e+03 -9.999000e+03 -9.999000e+03 -9.999000e+03 -9.999000e+03 -9.999000e+03 -9.999000e+03 -9.999000e+03 -9.999000e+03 -9.999000e+03 -9.999000e+03 -9.999000e+03 -9.999000e+03 -9.999000e+03 -9.999000e+03 -9.999000e+03 -9.999000e+03 -9.999000e+03 -9.999000e+03 -9.999000e+03 -1.479078e-01 -1.456980e-01 -1.475196e-01 -1.476696e-01 -1.479882e-01 -1.463719e-01 -1.461135e-01 -1.462265e-01 -1.485100e-01 -1.487171e-01 -1.489169e-01 -1.462134e-01 -1.460580e-01 -1.492895e-01 -1.493272e-01 -1.466269e-01 -1.493571e-01 -1.493622e-01 -1.493435e-01 -1.463980e-01 -1.462053e-01 -1.462517e-01
-9.999000e+03 -9.999000e+03 -9.999000e+03 -9.999000e+03 -9.999000e+03 -9.999000e+03 -9.999000e+03 -9.999000e+03 -9.999000e+03 -9.999000e+03 -9.999000e+03 -9.999000e+03 -9.999000e+03 -9.999000e+03 -9.999000e+03 -9.999000e+03 -9.999000e+03 -9.999000e+03 -9.999000e+03 -9.999000e+03 -9.999000e+03 -9.999000e+03 -9.999000e+03 -9.999000e+03 -9.999000e+03 -9.999000e+03 -9.999000e+03 -9.999000e+03 -9.999000e+03 -1.476073e-01 -1.463387e-01 -1.462733e-01 -1.464329e-01 -1.485013e-01 -1.485755e-01 -1.483906e-01 -1.484023e-01 -1.486398e-01 -1.461765e-01 -1.460842e-01 -1.462010e-01 -1.464039e-01 -1.465711e-01 -1.492962e-01 -1.460617e-01 -1.459262e-01 -1.459654e-01 -1.491529e-01 -1.464522e-01 -1.493586e-01
-9.999000e+03 -9.999000e+03 -9.999000e+03 -9.999000e+03 -9.999000e+03 -9.999000e+03 -9.999000e+03 -9.999000e+03 -9.999000e+03 -9.999000e+03 -9.999000e+03 -9.999000e+03 -9.999000e+03 -9.999000e+03 -9.999000e+03 -9.999000e+03 -9.999000e+03 -9.999000e+03 -9.999000e+03 -9.999000e+03 -9.999000e+03 -9.999000e+03 -9.999000e+03 -9.999000e+03 -9.999000e+03 -9.999000e+03 -9.999000e+03 -9.999000e+03 -9.999000e+03 -9.999000e+03 -1.462734e-01 -9.999000e+03 -9.999000e+03 -9.999000e+03 -9.999000e+03 -9.999000e+03 -9.999000e+03 -9.999000e+03 -1.488134e-01 -1.460660e-01 -1.459498e-01 -1.461547e-01 -1.465208e-01 -1.466567e-01 -1.465399e-01 -1.464206e-01 -1.463136e-01 -1.462472e-01 -1.490614e-01 -1.463230e-01
-9.999000e+03 -9.999000e+03 -9.999000e+03 -9.999000e+03 -9.999000e+03 -9.999000e+03 -9.999000e+03 -9.999000e+03 -9.999000e+03 -9.999000e+03 -9.999000e+03 -9.999000e+03 -9.999000e+03 -9.999000e+03 -9.999000e+03 -9.999000e+03 -9.999000e+03 -9.999000e+03 -9.999000e+03 -9.999000e+03 -9.999000e+03 -9.999000e+03 -9.999000e+03 -9.999000e+03 -9.999000e+03 -9.999000e+03 -9.999000e+03 -9.999000e+03 -9.999000e+03 -9.999000e+03 -9.999000e+03 -9.999000e+03 -9.999000e+03 -9.999000e+03 -9.999000e+03 -9.999000e+03 -9.999000e+03 -9.999000e+03 -9.999000e+03 -9.999000e+03 -9.999000e+03 -1.488304e-01 -1.489116e-01 -1.491361e-01 -1.461111e-01 -1.459215e-01 -1.459689e-01 -1.462910e-01 -1.467357e-01 -1.468541e-01
-9.999000e+03 -9.999000e+03 -9.999000e+03 -9.999000e+03 -9.999000e+03 -9.999000e+03 -9.999000e+03 -9.999000e+03 -9.999000e+03 -9.999000e+03 -9.999000e+03 -9.999000e+03 -9.999000e+03 -9.999000e+03 -9.999000e+03 -9.999000e+03 -9.999000e+03 -9.999000e+03 -9.999000e+03 -9.999000e+03 -9.999000e+03 -9.999000e+03 -9.999000e+03 -9.999000e+03 -9.999000e+03 -9.999000e+03 -9.999000e+03 -9.999000e+03 -9.999000e+03 -9.999000e+03 -9.999000e+03 -9.999000e+03 -9.999000e+03 -9.999000e+03 -9.999000e+03 -9.999000e+03 -9.999000e+03 -9.999000e+03 -9.999000e+03 -9.999000e+03 -9.999000e+03 -9.999000e+03 -9.999000e+03 -9.999000e+03 -1.492942e-01 -1.492372e-01 -1.458888e-01 -1.457534e-01 -1.490695e-01 -1.463697e-01
-9.999000e+03 -9.999000e+03 -9.999000e+03 -9.999000e+03 -9.999000e+03 -9.999000e+03 -9.999000e+03 -9.999000e+03 -9.999000e+03 -9.999000e+03 -9.999000e+03 -9.999000e+03 -9.999000e+03 -9.999000e+03 -9.999000e+03 -9.999000e+03 -9.999000e+03 -9.999000e+03 -9.999000e+03 -9.999000e+03 -9.999000e+03 -9.999000e+03 -9.999000e+03 -9.999000e+03 -9.999000e+03 -9.999000e+03 -9.999000e+03 -9.999000e+03 -9.999000e+03 -9.999000e+03 -9.999000e+03 -9.999000e+03 -9.999000e+03 -9.999000e+03 -9.999000e+03 -9.999000e+03 -9.999000e+03 -9.999000e+03 -9.999000e+03 -9.999000e+03 -9.999000e+03 -9.999000e+03 -9.999000e+03 -9.999000e+03 -9.999000e+03 -9.999000e+03 -9.999000e+03 -9.999000e+03 -9.999000e+03 -9.999000e+03
