tests/data/reference/test_implicit_stream_rill_mfda/control/massbalance.asc
ncols	123
nrows	77
xllcorner	-713746.79929998
yllcorner	-1061022.36961616
cellsize	10.0
NODATA_value	-9999
[rows 22 to 43 of 77, columns 0 to 49 of 123]
-9.999000e+03 -9.999000e+03 -9.999000e+03 -9.999000e+03 -9.999000e+03 -9.999000e+03 -9.999000e+03 -9.999000e+03 -9.999000e+03 -9.999000e+03 -9.999000e+03 -9.999000e+03 -9.999000e+03 -9.999000e+03 -9.999000e+03 -1.501858e-01 -1.505712e-01 -1.508865e-01 -1.497242e-01 -1.515196e-01 -1.515958e-01 -1.669234e-01 -1.355955e-01 6.846521e-04 -1.472868e-01 -1.452260e-01 -1.475861e-01 -1.479884e-01 -1.461346e-01 -1.452740e-01 -1.495700e-01 -1.461043e-01 -1.465457e-01 -1.452604e-01 -1.464639e-01 -1.455957e-01 -1.476602e-01 -1.497250e-01 -1.435060e-01 -1.461067e-01 -1.463023e-01 -1.464482e-01 -1.457290e-01 -1.462407e-01 -1.462694e-01 -1.465268e-01 -1.464635e-01 -1.458200e-01 -1.463760e-01 -1.459808e-01
-9.999000e+03 -9.999000e+03 -9.999000e+03 -9.999000e+03 -9.999000e+03 -9.999000e+03 -9.999000e+03 -9.999000e+03 -9.999000e+03 -9.999000e+03 -9.999000e+03 -9.999000e+03 -9.999000e+03 -9.999000e+03 -1.511052e-01 -1.505477e-01 -1.506952e-01 -1.500964e-01 -1.512902e-01 -1.505114e-01 -1.667943e-01 -1.358754e-01 -1.659703e-01 -9.077867e-02 -1.530038e-01 -1.496236e-01 -1.523768e-01 -1.522378e-01 -1.463889e-01 -1.446298e-01 -1.495493e-01 -1.461095e-01 -1.459808e-01 -1.465438e-01 -1.464322e-01 -1.459174e-01 -1.461937e-01 -1.498512e-01 -1.435731e-01 -1.462255e-01 -1.463170e-01 -1.464111e-01 -1.459227e-01 -1.462351e-01 -1.462586e-01 -1.465135e-01 -1.464260e-01 -1.457361e-01 -1.464760e-01 -1.458998e-01
-9.999000e+03 -9.999000e+03 -9.999000e+03 -9.999000e+03 -9.999000e+03 -9.999000e+03 -9.999000e+03 -9.999000e+03 -9.999000e+03 -9.999000e+03 -9.999000e+03 -9.999000e+03 -9.999000e+03 -9.999000e+03 -1.498523e-01 -1.518420e-01 -1.483694e-01 -1.504863e-01 -1.512323e-01 -1.519377e-01 -1.359817e-01 -1.265384e-01 -1.528634e-01 -1.519054e-01 -1.503580e-01 -1.504928e-01 -1.511222e-01 -1.508674e-01 -1.511126e-01 -1.534060e-01 -1.446686e-01 -1.461137e-01 -1.459447e-01 -1.458844e-01 -1.476538e-01 -1.460331e-01 -1.440838e-01 -1.499008e-01 -1.434413e-01 -1.462249e-01 -1.463125e-01 -1.464151e-01 -1.461323e-01 -1.463194e-01 -1.463237e-01 -1.465336e-01 -1.464335e-01 -1.458387e-01 -1.466064e-01 -1.460826e-01
-9.999000e+03 -9.999000e+03 -9.999000e+03 -9.999000e+03 -9.999000e+03 -9.999000e+03 -9.999000e+03 -9.999000e+03 -9.999000e+03 -9.999000e+03 -9.999000e+03 -9.999000e+03 -9.999000e+03 -9.999000e+03 -1.524471e-01 -1.497251e-01 -1.514922e-01 -1.514842e-01 -1.514322e-01 -1.671153e-01 -1.363229e-01 -9.081102e-02 -6.895346e-02 -1.496580e-01 -1.502079e-01 -1.519686e-01 -1.505137e-01 -1.496729e-01 -1.509264e-01 -1.534953e-01 -1.497904e-01 -1.497400e-01 -1.498775e-01 -1.458112e-01 -1.461423e-01 -1.486644e-01 -1.497340e-01 -1.420250e-01 -1.460472e-01 -1.446514e-01 -1.462848e-01 -1.463852e-01 -1.462459e-01 -1.463618e-01 -1.463526e-01 -1.465096e-01 -1.464140e-01 -1.459704e-01 -1.466576e-01 -1.464249e-01
-9.999000e+03 -9.999000e+03 -9.999000e+03 -9.999000e+03 -9.999000e+03 -9.999000e+03 -9.999000e+03 -9.999000e+03 -9.999000e+03 -9.999000e+03 -9.999000e+03 -9.999000e+03 -1.518381e-01 -1.512884e-01 -1.477451e-01 -1.499583e-01 -1.515285e-01 -1.506681e-01 -1.667989e-01 -1.357089e-01 -3.235429e-03 -8.744654e-02 -1.487539e-01 -1.492364e-01 -1.500087e-01 -1.500445e-01 -1.514751e-01 -1.485419e-01 -1.506611e-01 -1.495472e-01 -1.534040e-01 -1.496811e-01 -1.496198e-01 -1.499021e-01 -1.506311e-01 -1.465862e-01 -1.528611e-01 -1.461488e-01 -1.404926e-01 -1.459066e-01 -1.467820e-01 -1.462890e-01 -1.462327e-01 -1.463190e-01 -1.463202e-01 -1.464462e-01 -1.463761e-01 -1.460750e-01 -1.466206e-01 -1.465833e-01
-9.999000e+03 -9.999000e+03 -9.999000e+03 -9.999000e+03 -9.999000e+03 -9.999000e+03 -9.999000e+03 -9.999000e+03 -9.999000e+03 -9.999000e+03 -9.999000e+03 -9.999000e+03 -9.999000e+03 -1.517617e-01 -1.502845e-01 -1.505689e-01 -1.508546e-01 -1.665953e-01 -1.348269e-01 -1.513446e-02 -1.520331e-01 -1.500635e-01 -1.484005e-01 -1.514237e-01 -1.532395e-01 -1.538546e-01 -1.542985e-01 -1.552284e-01 -1.482652e-01 -1.506016e-01 -1.496788e-01 -1.495483e-01 -1.500565e-01 -1.498079e-01 -1.505534e-01 -1.510005e-01 -1.514700e-01 -1.584873e-01 -1.459511e-01 -1.407623e-01 -1.479267e-01 -1.461906e-01 -1.461859e-01 -1.462569e-01 -1.462661e-01 -1.463633e-01 -1.463182e-01 -1.461288e-01 -1.465368e-01 -1.466504e-01
-9.999000e+03 -9.999000e+03 -9.999000e+03 -9.999000e+03 -9.999000e+03 -9.999000e+03 -9.999000e+03 -9.999000e+03 -9.999000e+03 -9.999000e+03 -9.999000e+03 -9.999000e+03 -9.999000e+03 -9.999000e+03 -9.999000e+03 -1.511248e-01 -1.660684e-01 -1.334177e-01 -1.267448e-01 -8.205223e-02 -1.498017e-01 -1.520978e-01 -1.523517e-01 -1.518466e-01 -1.507203e-01 -1.494059e-01 -1.483322e-01 -1.545630e-01 -1.579898e-01 -1.488604e-01 -1.505375e-01 -1.501294e-01 -1.495165e-01 -1.504961e-01 -1.501809e-01 -1.510302e-01 -1.509534e-01 -1.508259e-01 -1.562579e-01 -1.501137e-01 -1.472562e-01 -1.461447e-01 -1.462052e-01 -1.462695e-01 -1.462568e-01 -1.462832e-01 -1.462128e-01 -1.460869e-01 -1.463956e-01 -1.466332e-01
-9.999000e+03 -9.999000e+03 -9.999000e+03 -9.999000e+03 -9.999000e+03 -9.999000e+03 -9.999000e+03 -9.999000e+03 -9.999000e+03 -9.999000e+03 -9.999000e+03 -9.999000e+03 -9.999000e+03 -9.999000e+03 -9.999000e+03 -9.999000e+03 -1.665260e-01 -1.337055e-01 -1.014724e-01 -1.497057e-01 -1.511917e-01 -1.512552e-01 -1.508650e-01 -1.501794e-01 -1.495423e-01 -1.492455e-01 -1.491330e-01 -1.492679e-01 -1.496579e-01 -1.578774e-01 -1.562367e-01 -1.541480e-01 -1.506050e-01 -1.503313e-01 -1.509740e-01 -1.501939e-01 -1.481333e-01 -1.492679e-01 -1.507203e-01 -1.557151e-01 -1.503998e-01 -1.597653e-01 -1.461800e-01 -1.462265e-01 -1.462046e-01 -1.461927e-01 -1.461202e-01 -1.460448e-01 -1.462734e-01 -1.465769e-01
-9.999000e+03 -9.999000e+03 -9.999000e+03 -9.999000e+03 -9.999000e+03 -9.999000e+03 -9.999000e+03 -9.999000e+03 -9.999000e+03 -9.999000e+03 -9.999000e+03 -9.999000e+03 -9.999000e+03 -9.999000e+03 -9.999000e+03 -9.999000e+03 -1.338975e-01 -2.440071e-02 -1.515765e-01 -1.501722e-01 -1.501772e-01 -1.535944e-01 -1.547335e-01 -1.521877e-01 -1.483560e-01 -1.432504e-01 -1.377960e-01 -1.352191e-01 -1.391238e-01 -1.455722e-01 -1.500223e-01 -1.525694e-01 -1.448513e-01 -1.676243e-01 -1.613745e-01 -1.363349e-01 -1.362103e-01 -1.331157e-01 -1.312156e-01 -1.328784e-01 -1.395569e-01 -1.419086e-01 -1.552729e-01 -1.505884e-01 -1.506698e-01 -1.458295e-01 -1.458700e-01 -1.459094e-01 -1.461208e-01 -1.464527e-01
-9.999000e+03 -9.999000e+03 -9.999000e+03 -9.999000e+03 -9.999000e+03 -9.999000e+03 -9.999000e+03 -9.999000e+03 -9.999000e+03 -9.999000e+03 -9.999000e+03 -9.999000e+03 -9.999000e+03 -9.999000e+03 -9.999000e+03 -1.339094e-01 -2.002807e-02 -1.475330e-01 -1.487012e-01 -1.551630e-01 -1.536948e-01 -1.507812e-01 -1.495898e-01 -1.503501e-01 -1.524219e-01 -1.509394e-01 -1.512380e-01 -1.511978e-01 -1.533077e-01 -1.520179e-01 -1.500491e-01 -1.471872e-01 -1.431063e-01 -1.387400e-01 -1.383095e-01 -1.419137e-01 -1.562238e-01 -1.478861e-01 -1.516295e-01 -1.518844e-01 -1.500487e-01 -1.480535e-01 -1.435047e-01 -1.555391e-01 -1.580026e-01 -1.500475e-01 -1.481839e-01 -1.458716e-01 -1.460438e-01 -1.463444e-01
-9.999000e+03 -9.999000e+03 -9.999000e+03 -9.999000e+03 -9.999000e+03 -9.999000e+03 -9.999000e+03 -9.999000e+03 -9.999000e+03 -9.999000e+03 -9.999000e+03 -9.999000e+03 -9.999000e+03 -9.999000e+03 -1.331037e-01 -1.263699e-01 -8.400369e-02 -1.462313e-01 -1.460206e-01 -1.414484e-01 -1.511335e-01 -1.510897e-01 -1.509073e-01 -1.505658e-01 -1.491138e-01 -1.507093e-01 -1.505755e-01 -1.460580e-01 -1.460361e-01 -1.507299e-01 -1.503644e-01 -1.521590e-01 -1.535694e-01 -1.549136e-01 -1.556309e-01 -1.576566e-01 -1.497109e-01 -1.503017e-01 -1.512414e-01 -1.514265e-01 -1.513329e-01 -1.511547e-01 -1.477366e-01 -1.489234e-01 -1.505179e-01 -1.568473e-01 -1.594526e-01 -1.605841e-01 -1.508802e-01 -1.485573e-01
-9.999000e+03 -9.999000e+03 -9.999000e+03 -9.999000e+03 -9.999000e+03 -9.999000e+03 -9.999000e+03 -9.999000e+03 -9.999000e+03 -9.999000e+03 -9.999000e+03 -9.999000e+03 -9.999000e+03 -9.999000e+03 -1.336861e-01 -2.235342e-02 -1.458654e-01 -1.459196e-01 -1.396476e-01 -1.464944e-01 -1.465173e-01 -1.464177e-01 -1.509363e-01 -1.462654e-01 -1.463258e-01 -1.458189e-01 -1.460543e-01 -1.460862e-01 -1.440770e-01 -1.448750e-01 -1.458862e-01 -1.464221e-01 -1.463157e-01 -1.461076e-01 -1.490062e-01 -1.458463e-01 -1.457611e-01 -1.463711e-01 -1.465390e-01 -1.465092e-01 -1.464908e-01 -1.511745e-01 -1.509689e-01 -1.508300e-01 -1.501487e-01 -1.469491e-01 -1.478980e-01 -1.492158e-01 -1.535700e-01 -1.587013e-01
-9.999000e+03 -9.999000e+03 -9.999000e+03 -9.999000e+03 -9.999000e+03 -9.999000e+03 -9.999000e+03 -9.999000e+03 -9.999000e+03 -9.999000e+03 -9.999000e+03 -9.999000e+03 -9.999000e+03 -1.258308e-01 1.827012e-01 -1.461222e-01 -1.457217e-01 -1.399510e-01 -1.464616e-01 -1.464904e-01 -1.463850e-01 -1.463186e-01 -1.463104e-01 -1.465459e-01 -1.458522e-01 -1.461657e-01 -1.461321e-01 -1.461201e-01 -1.460045e-01 -1.463493e-01 -1.464006e-01 -1.462951e-01 -1.460467e-01 -1.450716e-01 -1.493726e-01 -1.460403e-01 -1.464216e-01 -1.464596e-01 -1.462854e-01 -1.462472e-01 -1.463564e-01 -1.461532e-01 -1.461377e-01 -1.506931e-01 -1.507245e-01 -1.503700e-01 -1.497951e-01 -1.496453e-01 -1.493162e-01 -1.457574e-01
-9.999000e+03 -9.999000e+03 -9.999000e+03 -9.999000e+03 -9.999000e+03 -9.999000e+03 -9.999000e+03 -9.999000e+03 -9.999000e+03 -9.999000e+03 -9.999000e+03 -9.999000e+03 -1.329315e-01 -1.255747e-01 -1.464494e-01 -1.454171e-01 -1.414448e-01 -1.463097e-01 -1.464344e-01 -1.463784e-01 -1.462469e-01 -1.461918e-01 -1.465567e-01 -1.455691e-01 -1.462528e-01 -1.462120e-01 -1.461749e-01 -1.461587e-01 -1.465399e-01 -1.464219e-01 -1.465062e-01 -1.462253e-01 -1.449453e-01 -1.459429e-01 -1.494309e-01 -1.464190e-01 -1.463990e-01 -1.461634e-01 -1.462085e-01 -1.465560e-01 -1.462251e-01 -1.461695e-01 -1.460699e-01 -1.460580e-01 -1.461230e-01 -1.503667e-01 -1.503459e-01 -1.503239e-01 -1.495297e-01 -1.491994e-01
-9.999000e+03 -9.999000e+03 -9.999000e+03 -9.999000e+03 -9.999000e+03 -9.999000e+03 -9.999000e+03 -9.999000e+03 -9.999000e+03 -9.999000e+03 -9.999000e+03 -9.999000e+03 -1.265498e-01 -1.480482e-01 -1.456006e-01 -1.435657e-01 -1.460045e-01 -1.462810e-01 -1.463707e-01 -1.462156e-01 -1.460899e-01 -1.464674e-01 -1.451222e-01 -1.461671e-01 -1.461760e-01 -1.461575e-01 -1.461324e-01 -1.466587e-01 -1.463218e-01 -1.466252e-01 -1.465186e-01 -1.454921e-01 -1.494866e-01 -1.462562e-01 -1.463976e-01 -1.461435e-01 -1.461655e-01 -1.462242e-01 -1.467010e-01 -1.464064e-01 -1.464786e-01 -1.464312e-01 -1.461937e-01 -1.461676e-01 -1.462320e-01 -1.462834e-01 -1.462777e-01 -1.505247e-01 -1.504047e-01 -1.514121e-01
-9.999000e+03 -9.999000e+03 -9.999000e+03 -9.999000e+03 -9.999000e+03 -9.999000e+03 -9.999000e+03 -9.999000e+03 -9.999000e+03 -9.999000e+03 -9.999000e+03 -1.318962e-01 -1.102114e-02 -1.459292e-01 -1.455211e-01 -1.462866e-01 -1.461617e-01 -1.464170e-01 -1.462403e-01 -1.460167e-01 -1.464104e-01 -1.448432e-01 -1.461009e-01 -1.461316e-01 -1.461327e-01 -1.461232e-01 -1.464986e-01 -1.460917e-01 -1.465325e-01 -1.465835e-01 -1.466279e-01 -1.447981e-01 -1.492306e-01 -1.465694e-01 -1.460781e-01 -1.460585e-01 -1.462205e-01 -1.466572e-01 -1.463983e-01 -1.464788e-01 -1.466267e-01 -1.466530e-01 -1.499582e-01 -1.499310e-01 -1.499628e-01 -1.500491e-01 -1.501178e-01 -1.501729e-01 -1.466804e-01 -1.501640e-01
-9.999000e+03 -9.999000e+03 -9.999000e+03 -9.999000e+03 -9.999000e+03 -9.999000e+03 -9.999000e+03 -9.999000e+03 -9.999000e+03 -9.999000e+03 -1.315070e-01 -1.261572e-01 -1.465009e-01 -1.448939e-01 -1.482397e-01 -1.464057e-01 -1.465793e-01 -1.464413e-01 -1.460514e-01 -1.462984e-01 -1.450084e-01 -1.459761e-01 -1.460472e-01 -1.460875e-01 -1.461154e-01 -1.463291e-01 -1.460754e-01 -1.462787e-01 -1.465869e-01 -1.463164e-01 -1.464581e-01 -1.464811e-01 -1.465117e-01 -1.464464e-01 -1.491366e-01 -1.489827e-01 -1.462265e-01 -1.488962e-01 -1.489146e-01 -1.489667e-01 -1.492226e-01 -1.496588e-01 -1.462260e-01 -1.459132e-01 -1.459595e-01 -1.462358e-01 -1.464523e-01 -1.465736e-01 -1.499748e-01 -1.498312e-01
-9.999000e+03 -9.999000e+03 -9.999000e+03 -9.999000e+03 -9.999000e+03 -9.999000e+03 -9.999000e+03 -9.999000e+03 -9.999000e+03 -9.999000e+03 -1.309051e-01 -1.476644e-01 -1.461817e-01 -1.460262e-01 -1.479803e-01 -1.463764e-01 -1.466044e-01 -1.462303e-01 -1.462259e-01 -1.456072e-01 -1.459051e-01 -1.459184e-01 -1.459640e-01 -1.460571e-01 -1.459601e-01 -1.487791e-01 -1.460208e-01 -1.465326e-01 -1.459939e-01 -1.460055e-01 -1.461840e-01 -1.462149e-01 -1.486581e-01 -1.489783e-01 -1.460803e-01 -1.457337e-01 -1.487285e-01 -1.459217e-01 -1.459857e-01 -1.463472e-01 -1.491708e-01 -1.496202e-01 -1.462034e-01 -1.458791e-01 -1.459322e-01 -1.462574e-01 -1.465056e-01 -1.466223e-01 -1.465924e-01 -1.465301e-01
-9.999000e+03 -9.999000e+03 -9.999000e+03 -9.999000e+03 -9.999000e+03 -9.999000e+03 -9.999000e+03 -9.999000e+03 -9.999000e+03 -1.309696e-01 6.256210e-02 -1.462368e-01 -1.462595e-01 -1.478972e-01 -1.459927e-01 -1.464724e-01 -1.463382e-01 -1.462821e-01 -1.464778e-01 -1.459228e-01 -1.458642e-01 -1.458372e-01 -1.460111e-01 -1.460265e-01 -1.487137e-01 -1.459925e-01 -1.463166e-01 -1.460384e-01 -1.459637e-01 -1.459023e-01 -1.460952e-01 -1.484532e-01 -1.461893e-01 -1.462416e-01 -1.462106e-01 -1.463000e-01 -1.465083e-01 -1.465982e-01 -1.488938e-01 -1.491415e-01 -1.468036e-01 -1.465405e-01 -1.460003e-01 -1.458297e-01 -1.461915e-01 -1.465154e-01 -1.466912e-01 -1.467190e-01 -1.465645e-01 -1.464040e-01
-9.999000e+03 -9.999000e+03 -9.999000e+03 -9.999000e+03 -9.999000e+03 -9.999000e+03 -9.999000e+03 -9.999000e+03 -9.999000e+03 -1.317806e-01 -1.465143e-01 -1.464963e-01 -1.459625e-01 -1.478385e-01 -1.462602e-01 -1.464036e-01 -1.480810e-01 -1.471712e-01 -1.460744e-01 -1.459625e-01 -1.457478e-01 -1.459779e-01 -1.486511e-01 -1.487367e-01 -1.459843e-01 -1.458695e-01 -1.486036e-01 -1.485655e-01 -1.484388e-01 -1.482067e-01 -1.482207e-01 -1.462769e-01 -1.462201e-01 -1.463606e-01 -1.464022e-01 -1.464303e-01 -1.464930e-01 -1.489868e-01 -1.467125e-01 -1.464749e-01 -1.464330e-01 -1.464954e-01 -1.463092e-01 -1.463065e-01 -1.464382e-01 -1.465066e-01 -1.464640e-01 -1.463684e-01 -1.462103e-01 -1.460943e-01
-9.999000e+03 -9.999000e+03 -9.999000e+03 -9.999000e+03 -9.999000e+03 -9.999000e+03 -9.999000e+03 -9.999000e+03 -1.264370e-01 -5.347705e-03 -1.440669e-01 -1.464006e-01 -1.477896e-01 -1.459590e-01 -1.465487e-01 -1.464441e-01 -1.456723e-01 -1.460995e-01 -1.460863e-01 -1.457805e-01 -1.460876e-01 -1.460462e-01 -1.460336e-01 -1.463268e-01 -1.464391e-01 -1.473188e-01 -1.481326e-01 -1.504406e-01 -1.495178e-01 -1.477470e-01 -1.447769e-01 -1.409772e-01 -1.370071e-01 -1.351659e-01 -1.372777e-01 -1.415479e-01 -1.444769e-01 -1.442816e-01 -1.446417e-01 -1.457576e-01 -1.451832e-01 -1.448612e-01 -1.484850e-01 -1.485393e-01 -1.483148e-01 -1.476683e-01 -1.464524e-01 -1.446857e-01 -1.425502e-01 -1.415742e-01
-9.999000e+03 -9.999000e+03 -9.999000e+03 -9.999000e+03 -9.999000e+03 -9.999000e+03 -9.999000e+03 -1.314318e-01 -1.267744e-01 -1.449798e-01 -1.460038e-01 -1.461166e-01 -1.478462e-01 -1.464150e-01 -1.465493e-01 -1.463786e-01 -1.462647e-01 -1.461153e-01 -1.455648e-01 -1.463086e-01 -1.485327e-01 -1.485980e-01 -1.460580e-01 -1.461187e-01 -1.466043e-01 -1.464695e-01 -1.458231e-01 -1.462671e-01 -1.464826e-01 -1.465661e-01 -1.466468e-01 -1.465113e-01 -1.461887e-01 -1.460111e-01 -1.459576e-01 -1.459940e-01 -1.460824e-01 -1.461486e-01 -1.462544e-01 -1.462480e-01 -1.460506e-01 -1.459323e-01 -1.459665e-01 -1.460088e-01 -1.460602e-01 -1.460703e-01 -1.459587e-01 -1.459036e-01 -1.424927e-01 -1.463737e-01
