tests/data/reference/test_implicit_stream_rill_mfda/control/massbalance.asc
ncols	123
nrows	77
xllcorner	-713746.79929998
yllcorner	-1061022.36961616
cellsize	10.0
NODATA_value	-9999
[rows 22 to 43 of 77, columns 0 to 49 of 123]
-9.999000e+03 -9.999000e+03 -9.999000e+03 -9.999000e+03 -9.999000e+03 -9.999000e+03 -9.999000e+03 -9.999000e+03 -9.999000e+03 -9.999000e+03 -9.999000e+03 -9.999000e+03 -9.999000e+03 -9.999000e+03 -9.999000e+03 -1.535578e-01 -1.502135e-01 -1.469937e-01 -1.347742e-01 -1.725044e-01 -1.730338e-01 -1.768276e-01 -1.851820e-01 3.889151e-02 -9.876544e-02 -1.398905e-01 -1.419458e-01 -1.465105e-01 -1.531542e-01 -1.441420e-01 -1.784018e-01 -1.651082e-01 -1.499769e-01 -1.131887e-01 -1.502177e-01 -1.447290e-01 -1.391198e-01 -1.790783e-01 -1.259287e-01 -1.473451e-01 -1.476804e-01 -1.481764e-01 -1.474722e-01 -1.485743e-01 -1.486154e-01 -1.497101e-01 -1.491537e-01 -1.471692e-01 -1.518650e-01 -1.595285e-01
-9.999000e+03 -9.999000e+03 -9.999000e+03 -9.999000e+03 -9.999000e+03 -9.999000e+03 -9.999000e+03 -9.999000e+03 -9.999000e+03 -9.999000e+03 -9.999000e+03 -9.999000e+03 -9.999000e+03 -9.999000e+03 -1.690386e-01 -1.488763e-01 -1.490472e-01 -1.586832e-01 -1.707676e-01 -1.605883e-01 -1.759389e-01 -1.855778e-01 -1.702359e-01 -8.438827e-02 -1.117667e-01 -1.507312e-01 -1.519789e-01 -1.533938e-01 -1.514666e-01 -1.438765e-01 -1.783094e-01 -1.651120e-01 -1.578013e-01 -1.487563e-01 -1.083268e-01 -1.457758e-01 -1.393213e-01 -1.796142e-01 -1.243050e-01 -1.473644e-01 -1.472201e-01 -1.471993e-01 -1.467626e-01 -1.473270e-01 -1.474965e-01 -1.483855e-01 -1.481047e-01 -1.468515e-01 -1.503218e-01 -1.546565e-01
-9.999000e+03 -9.999000e+03 -9.999000e+03 -9.999000e+03 -9.999000e+03 -9.999000e+03 -9.999000e+03 -9.999000e+03 -9.999000e+03 -9.999000e+03 -9.999000e+03 -9.999000e+03 -9.999000e+03 -9.999000e+03 -1.491042e-01 -1.266133e-01 -1.239057e-01 -1.638768e-01 -1.702622e-01 -1.752520e-01 -1.873354e-01 -1.804338e-01 -1.802648e-01 -1.713982e-01 -1.332959e-01 -1.270641e-01 -1.486616e-01 -1.530072e-01 -1.550421e-01 -1.827047e-01 -1.440927e-01 -1.650559e-01 -1.575840e-01 -1.531994e-01 -1.070082e-01 -1.459088e-01 -1.417510e-01 -1.798217e-01 -1.231515e-01 -1.469889e-01 -1.468386e-01 -1.468134e-01 -1.464865e-01 -1.467991e-01 -1.469977e-01 -1.476223e-01 -1.476232e-01 -1.469580e-01 -1.494501e-01 -1.525034e-01
-9.999000e+03 -9.999000e+03 -9.999000e+03 -9.999000e+03 -9.999000e+03 -9.999000e+03 -9.999000e+03 -9.999000e+03 -9.999000e+03 -9.999000e+03 -9.999000e+03 -9.999000e+03 -9.999000e+03 -9.999000e+03 -1.249188e-01 -1.535735e-01 -1.723113e-01 -1.722543e-01 -1.718805e-01 -1.780676e-01 -1.839914e-01 -1.106024e-01 -7.492668e-02 -1.661989e-01 -1.649700e-01 -1.459191e-01 -1.293069e-01 -1.530953e-01 -1.550365e-01 -1.830792e-01 -1.690559e-01 -1.523174e-01 -1.617722e-01 -1.524469e-01 -1.501756e-01 -1.097650e-01 -1.791168e-01 -1.442720e-01 -1.660165e-01 -1.124569e-01 -1.465809e-01 -1.467370e-01 -1.465435e-01 -1.467186e-01 -1.468736e-01 -1.473432e-01 -1.475640e-01 -1.472776e-01 -1.490654e-01 -1.518181e-01
-9.999000e+03 -9.999000e+03 -9.999000e+03 -9.999000e+03 -9.999000e+03 -9.999000e+03 -9.999000e+03 -9.999000e+03 -9.999000e+03 -9.999000e+03 -9.999000e+03 -9.999000e+03 -1.746298e-01 -1.707521e-01 -1.105176e-01 -1.594292e-01 -1.725669e-01 -1.632495e-01 -1.759710e-01 -1.855482e-01 1.691343e-02 -8.137717e-02 -1.428384e-01 -1.259722e-01 -1.596361e-01 -1.588906e-01 -1.226360e-01 -1.506391e-01 -1.529404e-01 -1.680587e-01 -1.826965e-01 -1.610220e-01 -1.506229e-01 -1.558413e-01 -1.540370e-01 -1.497760e-01 -1.403591e-01 -1.659362e-01 -1.432684e-01 -1.581124e-01 -1.241049e-01 -1.464258e-01 -1.462728e-01 -1.464373e-01 -1.467085e-01 -1.473004e-01 -1.477166e-01 -1.476727e-01 -1.488170e-01 -1.512719e-01
-9.999000e+03 -9.999000e+03 -9.999000e+03 -9.999000e+03 -9.999000e+03 -9.999000e+03 -9.999000e+03 -9.999000e+03 -9.999000e+03 -9.999000e+03 -9.999000e+03 -9.999000e+03 -9.999000e+03 -1.741398e-01 -1.600620e-01 -1.624195e-01 -1.660613e-01 -1.744846e-01 -1.846095e-01 1.234439e-02 -1.547473e-01 -1.535424e-01 -1.152495e-01 -1.109588e-01 -1.054124e-01 -1.235510e-01 -1.280460e-01 -1.389344e-01 -1.472963e-01 -1.517228e-01 -1.598880e-01 -1.677123e-01 -1.554455e-01 -1.489351e-01 -1.538739e-01 -1.553731e-01 -1.554949e-01 -1.721163e-01 -1.582780e-01 -1.394845e-01 -9.847197e-02 -1.459420e-01 -1.457640e-01 -1.460121e-01 -1.465192e-01 -1.473569e-01 -1.479965e-01 -1.480605e-01 -1.486510e-01 -1.505904e-01
-9.999000e+03 -9.999000e+03 -9.999000e+03 -9.999000e+03 -9.999000e+03 -9.999000e+03 -9.999000e+03 -9.999000e+03 -9.999000e+03 -9.999000e+03 -9.999000e+03 -9.999000e+03 -9.999000e+03 -9.999000e+03 -9.999000e+03 -1.692380e-01 -1.703011e-01 -1.868728e-01 -1.830297e-01 -8.817700e-02 -1.278478e-01 -1.406110e-01 -1.514389e-01 -1.525512e-01 -1.511551e-01 -1.507412e-01 -1.493530e-01 -1.269523e-01 -1.322862e-01 -1.468223e-01 -1.514373e-01 -1.543908e-01 -1.577081e-01 -1.518056e-01 -1.499052e-01 -1.555175e-01 -1.553073e-01 -1.535731e-01 -1.516757e-01 -1.583754e-01 -9.056594e-02 -1.458790e-01 -1.461103e-01 -1.465278e-01 -1.469944e-01 -1.476278e-01 -1.480356e-01 -1.479820e-01 -1.482726e-01 -1.496783e-01
-9.999000e+03 -9.999000e+03 -9.999000e+03 -9.999000e+03 -9.999000e+03 -9.999000e+03 -9.999000e+03 -9.999000e+03 -9.999000e+03 -9.999000e+03 -9.999000e+03 -9.999000e+03 -9.999000e+03 -9.999000e+03 -9.999000e+03 -9.999000e+03 -1.739566e-01 -1.848917e-01 -1.126533e-01 -1.427098e-01 -1.476221e-01 -1.515177e-01 -1.521882e-01 -1.521136e-01 -1.518242e-01 -1.514997e-01 -1.500437e-01 -1.483182e-01 -1.488839e-01 -1.161575e-01 -1.200046e-01 -1.565378e-01 -1.513014e-01 -1.535651e-01 -1.526346e-01 -1.513731e-01 -1.331066e-01 -1.228034e-01 -1.518379e-01 -1.452758e-01 -1.565774e-01 -1.096846e-01 -1.470797e-01 -1.475961e-01 -1.478280e-01 -1.479951e-01 -1.479135e-01 -1.476361e-01 -1.477610e-01 -1.487097e-01
-9.999000e+03 -9.999000e+03 -9.999000e+03 -9.999000e+03 -9.999000e+03 -9.999000e+03 -9.999000e+03 -9.999000e+03 -9.999000e+03 -9.999000e+03 -9.999000e+03 -9.999000e+03 -9.999000e+03 -9.999000e+03 -9.999000e+03 -9.999000e+03 -1.872148e-01 -5.678816e-03 -1.573335e-01 -1.557295e-01 -1.539508e-01 -1.265867e-01 -1.395557e-01 -1.423193e-01 -1.450879e-01 -1.525233e-01 -1.577062e-01 -1.538308e-01 -1.398590e-01 -1.195749e-01 -9.792388e-02 -8.901031e-02 -1.328522e-01 -1.251335e-01 -1.331764e-01 -1.715143e-01 -2.116633e-01 -2.073307e-01 -1.082780e-01 -1.088249e-01 -1.191532e-01 -1.038510e-01 -1.135537e-01 -1.517025e-01 -1.523211e-01 -1.457768e-01 -1.460240e-01 -1.461834e-01 -1.466583e-01 -1.473466e-01
-9.999000e+03 -9.999000e+03 -9.999000e+03 -9.999000e+03 -9.999000e+03 -9.999000e+03 -9.999000e+03 -9.999000e+03 -9.999000e+03 -9.999000e+03 -9.999000e+03 -9.999000e+03 -9.999000e+03 -9.999000e+03 -9.999000e+03 -1.872230e-01 -4.651616e-03 -1.528984e-01 -1.023859e-01 -1.256723e-01 -1.263317e-01 -1.527735e-01 -1.376604e-01 -1.325521e-01 -1.462411e-01 -1.284815e-01 -1.270974e-01 -1.259830e-01 -1.431549e-01 -1.494221e-01 -1.468109e-01 -1.450522e-01 -1.489925e-01 -1.526480e-01 -1.488445e-01 -1.372296e-01 -1.204006e-01 -1.319201e-01 -9.575514e-02 -1.034740e-01 -1.002308e-01 -8.604871e-02 -9.314085e-02 -1.566047e-01 -1.734171e-01 -1.493835e-01 -1.266476e-01 -1.439416e-01 -1.451813e-01 -1.457851e-01
-9.999000e+03 -9.999000e+03 -9.999000e+03 -9.999000e+03 -9.999000e+03 -9.999000e+03 -9.999000e+03 -9.999000e+03 -9.999000e+03 -9.999000e+03 -9.999000e+03 -9.999000e+03 -9.999000e+03 -9.999000e+03 -1.866376e-01 -1.825885e-01 -6.345626e-02 -9.543786e-02 -1.450743e-01 -1.208796e-01 -1.511293e-01 -1.520105e-01 -1.524697e-01 -1.537820e-01 -1.357986e-01 -1.518056e-01 -1.526306e-01 -1.478734e-01 -1.478490e-01 -1.532383e-01 -1.530293e-01 -1.193500e-01 -1.207068e-01 -1.221046e-01 -1.235717e-01 -1.244439e-01 -1.579414e-01 -1.563922e-01 -1.536269e-01 -1.555513e-01 -1.565562e-01 -1.555824e-01 -1.296820e-01 -1.153075e-01 -1.088959e-01 -1.598756e-01 -1.634719e-01 -1.605515e-01 -1.491968e-01 -1.240514e-01
-9.999000e+03 -9.999000e+03 -9.999000e+03 -9.999000e+03 -9.999000e+03 -9.999000e+03 -9.999000e+03 -9.999000e+03 -9.999000e+03 -9.999000e+03 -9.999000e+03 -9.999000e+03 -9.999000e+03 -9.999000e+03 -1.870665e-01 6.913650e-02 -1.455532e-01 -1.468434e-01 -1.276907e-01 -1.471805e-01 -1.467368e-01 -1.470618e-01 -1.524641e-01 -1.481351e-01 -1.483336e-01 -1.468047e-01 -1.477145e-01 -1.486816e-01 -1.286759e-01 -1.181918e-01 -1.119669e-01 -1.472648e-01 -1.455403e-01 -1.450237e-01 -1.284587e-01 -1.627826e-01 -1.556666e-01 -1.477535e-01 -1.496252e-01 -1.514461e-01 -1.520068e-01 -1.555969e-01 -1.575335e-01 -1.568972e-01 -1.555274e-01 -1.295579e-01 -1.147804e-01 -1.082742e-01 -1.223878e-01 -9.163737e-02
-9.999000e+03 -9.999000e+03 -9.999000e+03 -9.999000e+03 -9.999000e+03 -9.999000e+03 -9.999000e+03 -9.999000e+03 -9.999000e+03 -9.999000e+03 -9.999000e+03 -9.999000e+03 -9.999000e+03 -1.820369e-01 2.716411e-01 -1.458872e-01 -1.473092e-01 -1.325288e-01 -1.496458e-01 -1.480263e-01 -1.466808e-01 -1.466785e-01 -1.471897e-01 -1.483613e-01 -1.468349e-01 -1.480702e-01 -1.483728e-01 -1.492237e-01 -1.490563e-01 -1.492958e-01 -1.502090e-01 -1.478258e-01 -1.470231e-01 -1.148404e-01 -1.775079e-01 -1.641815e-01 -1.493093e-01 -1.508982e-01 -1.524252e-01 -1.529672e-01 -1.506772e-01 -1.538093e-01 -1.540759e-01 -1.600380e-01 -1.600006e-01 -1.617434e-01 -1.608331e-01 -1.600870e-01 -1.580113e-01 -1.285615e-01
-9.999000e+03 -9.999000e+03 -9.999000e+03 -9.999000e+03 -9.999000e+03 -9.999000e+03 -9.999000e+03 -9.999000e+03 -9.999000e+03 -9.999000e+03 -9.999000e+03 -9.999000e+03 -1.865042e-01 -1.793581e-01 -1.473932e-01 -1.467897e-01 -1.329335e-01 -1.516853e-01 -1.500494e-01 -1.480410e-01 -1.469717e-01 -1.464761e-01 -1.473735e-01 -1.446736e-01 -1.477035e-01 -1.480239e-01 -1.485969e-01 -1.494774e-01 -1.509084e-01 -1.526456e-01 -1.506185e-01 -1.494581e-01 -1.243349e-01 -1.571586e-01 -1.777759e-01 -1.504438e-01 -1.525329e-01 -1.546421e-01 -1.553944e-01 -1.523652e-01 -1.565715e-01 -1.567429e-01 -1.564480e-01 -1.560005e-01 -1.599755e-01 -1.659360e-01 -1.660739e-01 -1.661448e-01 -1.646274e-01 -1.625988e-01
-9.999000e+03 -9.999000e+03 -9.999000e+03 -9.999000e+03 -9.999000e+03 -9.999000e+03 -9.999000e+03 -9.999000e+03 -9.999000e+03 -9.999000e+03 -9.999000e+03 -9.999000e+03 -1.818821e-01 -1.438954e-01 -1.474597e-01 -1.329674e-01 -1.544995e-01 -1.522113e-01 -1.498240e-01 -1.484106e-01 -1.474618e-01 -1.480780e-01 -1.431065e-01 -1.468347e-01 -1.472476e-01 -1.476986e-01 -1.482451e-01 -1.513234e-01 -1.542142e-01 -1.515997e-01 -1.505639e-01 -1.236107e-01 -1.780285e-01 -1.646373e-01 -1.519176e-01 -1.539799e-01 -1.574866e-01 -1.580733e-01 -1.529567e-01 -1.596148e-01 -1.603539e-01 -1.607457e-01 -1.601907e-01 -1.668364e-01 -1.670618e-01 -1.674212e-01 -1.676848e-01 -1.736587e-01 -1.732923e-01 -1.542493e-01
-9.999000e+03 -9.999000e+03 -9.999000e+03 -9.999000e+03 -9.999000e+03 -9.999000e+03 -9.999000e+03 -9.999000e+03 -9.999000e+03 -9.999000e+03 -9.999000e+03 -1.856141e-01 3.629641e-02 -1.465068e-01 -1.299836e-01 -1.608465e-01 -1.555150e-01 -1.519780e-01 -1.500978e-01 -1.488436e-01 -1.503591e-01 -1.431042e-01 -1.473353e-01 -1.473443e-01 -1.474519e-01 -1.476608e-01 -1.509114e-01 -1.560627e-01 -1.516300e-01 -1.496474e-01 -1.525180e-01 -1.346600e-01 -1.768406e-01 -1.539640e-01 -1.571678e-01 -1.630964e-01 -1.634595e-01 -1.523842e-01 -1.641867e-01 -1.647231e-01 -1.657361e-01 -1.667531e-01 -1.800590e-01 -1.799469e-01 -1.800781e-01 -1.804305e-01 -1.807078e-01 -1.809280e-01 -1.497616e-01 -1.715849e-01
-9.999000e+03 -9.999000e+03 -9.999000e+03 -9.999000e+03 -9.999000e+03 -9.999000e+03 -9.999000e+03 -9.999000e+03 -9.999000e+03 -9.999000e+03 -1.852277e-01 -1.803096e-01 -1.458062e-01 -1.171839e-01 -1.714541e-01 -1.606335e-01 -1.539556e-01 -1.517938e-01 -1.501213e-01 -1.527150e-01 -1.438826e-01 -1.479167e-01 -1.476822e-01 -1.475427e-01 -1.474733e-01 -1.522028e-01 -1.616968e-01 -1.523599e-01 -1.495174e-01 -1.521543e-01 -1.530544e-01 -1.537209e-01 -1.543511e-01 -1.635723e-01 -1.763869e-01 -1.756209e-01 -1.515592e-01 -1.751779e-01 -1.752728e-01 -1.755397e-01 -1.768024e-01 -1.787919e-01 -1.660669e-01 -1.581431e-01 -1.540333e-01 -1.523472e-01 -1.512573e-01 -1.502047e-01 -1.801276e-01 -1.795302e-01
-9.999000e+03 -9.999000e+03 -9.999000e+03 -9.999000e+03 -9.999000e+03 -9.999000e+03 -9.999000e+03 -9.999000e+03 -9.999000e+03 -9.999000e+03 -1.845495e-01 -1.385722e-01 -1.193696e-01 -1.572781e-01 -1.697716e-01 -1.539505e-01 -1.517021e-01 -1.504534e-01 -1.557746e-01 -1.448523e-01 -1.488260e-01 -1.480988e-01 -1.475714e-01 -1.473552e-01 -1.543812e-01 -1.745623e-01 -1.549551e-01 -1.503060e-01 -1.545370e-01 -1.540069e-01 -1.546796e-01 -1.550983e-01 -1.739054e-01 -1.755990e-01 -1.625769e-01 -1.541361e-01 -1.742902e-01 -1.604207e-01 -1.543323e-01 -1.523452e-01 -1.765532e-01 -1.786229e-01 -1.658068e-01 -1.577307e-01 -1.535193e-01 -1.518217e-01 -1.509850e-01 -1.502290e-01 -1.488305e-01 -1.470265e-01
-9.999000e+03 -9.999000e+03 -9.999000e+03 -9.999000e+03 -9.999000e+03 -9.999000e+03 -9.999000e+03 -9.999000e+03 -9.999000e+03 -1.846278e-01 1.113293e-01 -1.157799e-01 -1.513790e-01 -1.692015e-01 -1.566865e-01 -1.502518e-01 -1.487556e-01 -1.601441e-01 -1.453794e-01 -1.492757e-01 -1.487952e-01 -1.479178e-01 -1.476257e-01 -1.608046e-01 -1.742099e-01 -1.608485e-01 -1.513770e-01 -1.606752e-01 -1.599685e-01 -1.589145e-01 -1.592957e-01 -1.727426e-01 -1.610696e-01 -1.566769e-01 -1.533924e-01 -1.501202e-01 -1.482110e-01 -1.470877e-01 -1.751653e-01 -1.764106e-01 -1.545520e-01 -1.659859e-01 -1.585094e-01 -1.533185e-01 -1.508437e-01 -1.499059e-01 -1.496388e-01 -1.495404e-01 -1.486321e-01 -1.474205e-01
-9.999000e+03 -9.999000e+03 -9.999000e+03 -9.999000e+03 -9.999000e+03 -9.999000e+03 -9.999000e+03 -9.999000e+03 -9.999000e+03 -1.855029e-01 -1.143282e-01 -1.463700e-01 -1.561076e-01 -1.687890e-01 -1.519466e-01 -1.473630e-01 -1.704418e-01 -1.413098e-01 -1.487543e-01 -1.490045e-01 -1.479646e-01 -1.479062e-01 -1.738667e-01 -1.743346e-01 -1.608949e-01 -1.537142e-01 -1.736028e-01 -1.733881e-01 -1.726584e-01 -1.712481e-01 -1.713356e-01 -1.606980e-01 -1.562115e-01 -1.540634e-01 -1.519975e-01 -1.498473e-01 -1.482745e-01 -1.756420e-01 -1.491265e-01 -1.646238e-01 -1.652966e-01 -1.532431e-01 -1.505445e-01 -1.481058e-01 -1.472478e-01 -1.474485e-01 -1.477419e-01 -1.479102e-01 -1.475921e-01 -1.471670e-01
-9.999000e+03 -9.999000e+03 -9.999000e+03 -9.999000e+03 -9.999000e+03 -9.999000e+03 -9.999000e+03 -9.999000e+03 -1.813152e-01 4.256373e-02 -1.194438e-01 -1.487670e-01 -1.684393e-01 -1.564130e-01 -1.482917e-01 -1.471426e-01 -1.305770e-01 -1.463797e-01 -1.475901e-01 -1.470131e-01 -1.484434e-01 -1.604093e-01 -1.546217e-01 -1.522420e-01 -1.500760e-01 -1.142063e-01 -1.135775e-01 -1.321722e-01 -1.378282e-01 -1.331903e-01 -1.333858e-01 -1.402503e-01 -1.442092e-01 -1.414437e-01 -1.311603e-01 -1.154295e-01 -1.036453e-01 -9.398639e-02 -1.122829e-01 -1.158199e-01 -1.184905e-01 -1.160865e-01 -1.289321e-01 -1.395488e-01 -1.427428e-01 -1.408638e-01 -1.381764e-01 -1.381473e-01 -1.403421e-01 -9.582705e-02
-9.999000e+03 -9.999000e+03 -9.999000e+03 -9.999000e+03 -9.999000e+03 -9.999000e+03 -9.999000e+03 -1.851489e-01 -1.808603e-01 -1.245062e-01 -1.578160e-01 -1.520033e-01 -1.688438e-01 -1.487065e-01 -1.479493e-01 -1.464915e-01 -1.460954e-01 -1.455405e-01 -1.440482e-01 -1.482251e-01 -1.732018e-01 -1.735714e-01 -1.607878e-01 -1.212568e-01 -1.180184e-01 -1.497092e-01 -1.537156e-01 -1.508258e-01 -1.487239e-01 -1.464504e-01 -1.471515e-01 -1.490397e-01 -1.492425e-01 -1.489318e-01 -1.483449e-01 -1.475706e-01 -1.468895e-01 -1.462142e-01 -1.467865e-01 -1.478876e-01 -1.475441e-01 -1.465242e-01 -1.461390e-01 -1.461144e-01 -1.464910e-01 -1.470237e-01 -1.465181e-01 -1.455044e-01 -1.042986e-01 -1.459658e-01
