tests/data/reference/test_implicit_stream_rill_mfda/control/massbalance.asc
ncols	123
nrows	77
xllcorner	-713746.79929998
yllcorner	-1061022.36961616
cellsize	10.0
NODATA_value	-9999
[rows 44 to 65 of 77, columns 50 to 99 of 123]
-1.461439e-01 -1.462630e-01 -1.461912e-01 -1.461590e-01 -1.461818e-01 -1.461199e-01 -1.460239e-01 -1.460258e-01 -1.460489e-01 -1.460405e-01 -1.461443e-01 -1.463248e-01 -1.464076e-01 -1.463911e-01 -1.463500e-01 -1.446855e-01 -1.463457e-01 -1.463312e-01 -1.463748e-01 -1.463728e-01 -1.462501e-01 -1.461533e-01 -1.461213e-01 -1.460279e-01 -1.500871e-01 -1.496997e-01 -1.492226e-01 -1.520294e-01 -9.999000e+03 -9.999000e+03 -9.999000e+03 -9.999000e+03 -2.624271e+00 -1.490394e-01 -1.496033e-01 -1.458068e-01 -1.458606e-01 -1.459006e-01 -1.459398e-01 -1.502109e-01 -1.502374e-01 -1.502631e-01 -1.502505e-01 -1.501552e-01 -1.499869e-01 -1.497620e-01 -1.496075e-01 -1.495269e-01 -1.494676e-01 -1.459564e-01
-1.458508e-01 -1.460729e-01 -1.460968e-01 -1.461205e-01 -1.462528e-01 -1.462687e-01 -1.461262e-01 -1.460602e-01 -1.460818e-01 -1.460435e-01 -1.460245e-01 -1.461181e-01 -1.462548e-01 -1.463076e-01 -1.462704e-01 -1.462660e-01 -1.463077e-01 -1.463324e-01 -1.464325e-01 -1.464671e-01 -1.463090e-01 -1.461946e-01 -1.462254e-01 -1.462063e-01 -1.459209e-01 -1.498419e-01 -1.498482e-01 -9.999000e+03 -9.999000e+03 -5.964096e-01 -1.461398e-01 -9.999000e+03 -9.999000e+03 -9.999000e+03 -1.496137e-01 -1.501509e-01 -1.459777e-01 -1.458707e-01 -1.458738e-01 -1.502313e-01 -1.503058e-01 -1.503187e-01 -1.503026e-01 -1.502388e-01 -1.501143e-01 -1.499257e-01 -1.497734e-01 -1.496639e-01 -1.495666e-01 -1.459844e-01
-1.456314e-01 -1.458268e-01 -1.459036e-01 -1.459679e-01 -1.462176e-01 -1.463635e-01 -1.462151e-01 -1.461000e-01 -1.461334e-01 -1.461257e-01 -1.460359e-01 -1.459945e-01 -1.460955e-01 -1.462102e-01 -1.461369e-01 -1.461263e-01 -1.461987e-01 -1.462562e-01 -1.464208e-01 -1.465382e-01 -1.463803e-01 -1.462406e-01 -1.463027e-01 -1.463429e-01 -1.461112e-01 -1.457625e-01 -1.456775e-01 -9.999000e+03 -1.679441e-01 -1.542545e-01 -1.495438e-01 -1.495315e-01 -1.492833e-01 -9.999000e+03 -9.999000e+03 -9.999000e+03 -1.496999e-01 -1.457183e-01 -1.457745e-01 -1.501774e-01 -1.503149e-01 -1.503388e-01 -1.503187e-01 -1.502617e-01 -1.501741e-01 -1.500402e-01 -1.499220e-01 -1.498199e-01 -1.497151e-01 -1.460664e-01
-1.456106e-01 -1.456875e-01 -1.457248e-01 -1.457324e-01 -1.459887e-01 -1.462424e-01 -1.462262e-01 -1.461167e-01 -1.461624e-01 -1.462239e-01 -1.461166e-01 -1.460397e-01 -1.460599e-01 -1.461212e-01 -1.460440e-01 -1.460731e-01 -1.461146e-01 -1.460496e-01 -1.463052e-01 -1.464976e-01 -1.464322e-01 -1.463449e-01 -1.464474e-01 -1.465516e-01 -1.464488e-01 -1.460403e-01 -1.504647e-01 -9.999000e+03 -1.999007e-01 -1.534183e-01 -1.496275e-01 -1.496859e-01 -1.494874e-01 -1.493105e-01 -2.884126e-01 -9.999000e+03 -9.999000e+03 -1.455024e-01 -1.456483e-01 -1.500299e-01 -1.502541e-01 -1.503237e-01 -1.503039e-01 -1.502304e-01 -1.501693e-01 -1.500984e-01 -1.500412e-01 -1.499815e-01 -1.498974e-01 -1.461306e-01
-1.456595e-01 -1.456365e-01 -1.456388e-01 -1.455937e-01 -1.457784e-01 -1.490837e-01 -1.491772e-01 -1.491621e-01 -1.491824e-01 -1.460953e-01 -1.462168e-01 -1.460982e-01 -1.460766e-01 -1.461831e-01 -1.495578e-01 -1.494998e-01 -1.459195e-01 -1.494380e-01 -1.495421e-01 -1.497816e-01 -1.499185e-01 -1.499531e-01 -1.500732e-01 -1.502809e-01 -1.464502e-01 -1.464901e-01 -1.459277e-01 -9.999000e+03 -4.879093e-01 -1.438498e-01 -1.494154e-01 -1.497923e-01 -1.495697e-01 -1.493282e-01 -1.489111e-01 -1.526056e-01 -9.999000e+03 -1.494689e-01 -1.456917e-01 -1.498569e-01 -1.501459e-01 -1.502855e-01 -1.502927e-01 -1.502098e-01 -1.501647e-01 -1.501387e-01 -1.501327e-01 -1.501132e-01 -1.500467e-01 -1.461045e-01
-1.457211e-01 -1.456412e-01 -1.456376e-01 -1.455792e-01 -1.489479e-01 -1.460891e-01 -1.459843e-01 -1.459197e-01 -1.459237e-01 -1.491001e-01 -1.459891e-01 -1.461000e-01 -1.493597e-01 -1.494816e-01 -1.460572e-01 -1.458760e-01 -1.494408e-01 -1.460142e-01 -1.460108e-01 -1.461038e-01 -1.460202e-01 -1.459316e-01 -1.459930e-01 -1.460644e-01 -1.502134e-01 -1.505248e-01 -1.418568e-01 -9.999000e+03 -1.556558e+00 -1.422178e-01 -1.500852e-01 -1.497944e-01 -1.495876e-01 -1.493593e-01 -1.490356e-01 -1.491154e-01 -9.999000e+03 -9.999000e+03 -1.457858e-01 -1.496865e-01 -1.499986e-01 -1.502044e-01 -1.502654e-01 -1.502080e-01 -1.501769e-01 -1.501733e-01 -1.502053e-01 -1.502214e-01 -1.501661e-01 -1.460727e-01
-1.458004e-01 -1.456896e-01 -1.456806e-01 -1.456339e-01 -1.458030e-01 -1.458949e-01 -1.459264e-01 -1.459308e-01 -1.459066e-01 -1.426212e-01 -1.459576e-01 -1.492353e-01 -1.461133e-01 -1.460197e-01 -1.459658e-01 -1.459025e-01 -1.459322e-01 -1.459649e-01 -1.460242e-01 -1.460853e-01 -1.460047e-01 -1.459243e-01 -1.459264e-01 -1.459325e-01 -1.460954e-01 -1.462532e-01 -1.463969e-01 -9.999000e+03 -5.934201e-01 -1.505442e-01 -1.504625e-01 -1.497225e-01 -1.495745e-01 -1.494304e-01 -1.491152e-01 -1.442654e-01 -1.493574e-01 -9.999000e+03 -1.497073e-01 -1.495736e-01 -1.498786e-01 -1.501112e-01 -1.502100e-01 -1.501930e-01 -1.501853e-01 -1.501875e-01 -1.460845e-01 -1.461251e-01 -1.502683e-01 -1.460498e-01
-1.458887e-01 -1.457941e-01 -1.457845e-01 -1.457623e-01 -1.421758e-01 -1.422864e-01 -1.425029e-01 -1.426582e-01 -1.425814e-01 -1.458035e-01 -1.459045e-01 -1.461010e-01 -1.460088e-01 -1.459281e-01 -1.459399e-01 -1.459398e-01 -1.459678e-01 -1.459988e-01 -1.425688e-01 -1.460206e-01 -1.460262e-01 -1.459482e-01 -1.458517e-01 -1.457473e-01 -1.459634e-01 -1.461963e-01 -1.463631e-01 -9.999000e+03 -1.504721e-01 -1.462469e-01 -1.460599e-01 -1.504476e-01 -1.495922e-01 -1.494207e-01 -1.491497e-01 -1.488506e-01 -1.489486e-01 -9.999000e+03 -9.999000e+03 -1.534705e-01 -1.498113e-01 -1.500376e-01 -1.501493e-01 -1.501655e-01 -1.501890e-01 -1.501913e-01 -1.459092e-01 -1.459344e-01 -1.503446e-01 -1.460415e-01
-1.460608e-01 -1.458871e-01 -1.458865e-01 -1.458742e-01 -1.494218e-01 -1.456154e-01 -1.458138e-01 -1.459717e-01 -1.459179e-01 -1.458439e-01 -1.459239e-01 -1.461324e-01 -1.459745e-01 -1.458165e-01 -1.458786e-01 -1.459413e-01 -1.459713e-01 -1.459992e-01 -1.496081e-01 -1.462793e-01 -1.460997e-01 -1.460202e-01 -1.457974e-01 -1.455494e-01 -1.458519e-01 -1.461765e-01 -1.500511e-01 -9.999000e+03 -8.085655e-01 -1.415966e-01 -1.459940e-01 -1.460807e-01 -1.504123e-01 -1.493607e-01 -1.491852e-01 -1.490502e-01 -1.491699e-01 -3.084119e-01 -9.999000e+03 -1.497801e-01 -1.498115e-01 -1.499720e-01 -1.500545e-01 -1.500741e-01 -1.501320e-01 -1.460463e-01 -1.459306e-01 -1.459332e-01 -1.461090e-01 -1.460119e-01
-1.458296e-01 -1.459169e-01 -1.459112e-01 -1.459220e-01 -1.457992e-01 -1.454436e-01 -1.457639e-01 -1.459574e-01 -1.459307e-01 -1.458839e-01 -1.459811e-01 -1.427053e-01 -1.458740e-01 -1.457623e-01 -1.458063e-01 -1.458692e-01 -1.459373e-01 -1.459948e-01 -1.461097e-01 -1.462113e-01 -1.461469e-01 -1.460863e-01 -1.457856e-01 -1.454585e-01 -1.422702e-01 -1.426899e-01 -1.460960e-01 -9.999000e+03 -2.919447e+00 -1.408248e-01 -1.459928e-01 -1.461320e-01 -1.459169e-01 -1.501299e-01 -1.492778e-01 -1.492989e-01 -1.493462e-01 -1.459449e-01 -9.999000e+03 -9.999000e+03 -1.539856e-01 -1.499378e-01 -1.499332e-01 -1.499144e-01 -1.459217e-01 -1.458755e-01 -1.459467e-01 -1.459590e-01 -1.459485e-01 -1.459735e-01
-1.459034e-01 -1.459022e-01 -1.458855e-01 -1.459271e-01 -1.419652e-01 -1.455324e-01 -1.457092e-01 -1.459035e-01 -1.459037e-01 -1.458774e-01 -1.459726e-01 -1.461263e-01 -1.460060e-01 -1.458160e-01 -1.457772e-01 -1.457626e-01 -1.458929e-01 -1.460143e-01 -1.460946e-01 -1.461701e-01 -1.461338e-01 -1.460986e-01 -1.457868e-01 -1.454285e-01 -1.494527e-01 -1.498475e-01 -1.463567e-01 -9.999000e+03 -9.984900e-01 -1.409997e-01 -1.459945e-01 -1.469222e-01 -1.572976e-01 -1.335221e-01 -1.500994e-01 -1.495290e-01 -1.439162e-01 -1.452808e-01 -2.046885e-01 -9.999000e+03 -1.541979e-01 -1.541271e-01 -1.499716e-01 -1.499435e-01 -1.459586e-01 -1.459729e-01 -1.459920e-01 -1.459814e-01 -1.459462e-01 -1.459344e-01
-1.458981e-01 -1.459077e-01 -1.458365e-01 -1.458769e-01 -1.457776e-01 -1.455712e-01 -1.456730e-01 -1.458411e-01 -1.458719e-01 -1.458576e-01 -1.458873e-01 -1.496368e-01 -1.423465e-01 -1.420229e-01 -1.456899e-01 -1.417495e-01 -1.421370e-01 -1.459288e-01 -1.460578e-01 -1.460986e-01 -1.460905e-01 -1.460770e-01 -1.458022e-01 -1.454678e-01 -1.459186e-01 -1.464163e-01 -9.999000e+03 -9.999000e+03 -1.721356e-01 -1.462441e-01 -1.460675e-01 -1.460271e-01 -1.458847e-01 -1.457500e-01 -1.458401e-01 -1.503936e-01 -1.491752e-01 -1.489351e-01 -1.453317e-01 -9.999000e+03 -1.544201e-01 -1.543215e-01 -1.501522e-01 -1.462807e-01 -1.461471e-01 -1.460992e-01 -1.460508e-01 -1.460025e-01 -1.459485e-01 -1.459038e-01
-1.459071e-01 -1.459364e-01 -1.457791e-01 -1.457767e-01 -1.458162e-01 -1.456573e-01 -1.456394e-01 -1.457607e-01 -1.458461e-01 -1.458843e-01 -1.458539e-01 -1.422864e-01 -1.459961e-01 -1.460182e-01 -1.419415e-01 -1.456235e-01 -1.457360e-01 -1.423405e-01 -1.459383e-01 -1.460397e-01 -1.460515e-01 -1.460547e-01 -1.458635e-01 -1.456389e-01 -1.459674e-01 -1.463098e-01 -9.999000e+03 -2.440259e-01 -1.500247e-01 -1.461673e-01 -1.459674e-01 -1.459090e-01 -1.459083e-01 -1.459192e-01 -1.459276e-01 -1.459354e-01 -1.500327e-01 -1.435306e-01 -1.447172e-01 -9.999000e+03 -9.999000e+03 -1.547240e-01 -1.506344e-01 -1.461994e-01 -1.461386e-01 -1.460704e-01 -1.460104e-01 -1.459805e-01 -1.459628e-01 -1.459233e-01
-1.460659e-01 -1.461351e-01 -1.458404e-01 -1.457188e-01 -1.459434e-01 -1.459131e-01 -1.457804e-01 -1.457953e-01 -1.458880e-01 -1.459713e-01 -1.459278e-01 -1.458808e-01 -1.459544e-01 -1.460365e-01 -1.459233e-01 -1.457347e-01 -1.457886e-01 -1.459315e-01 -1.421426e-01 -1.419153e-01 -1.431025e-01 -1.388959e-01 -1.517686e-01 -1.456599e-01 -1.459600e-01 -1.461486e-01 -9.999000e+03 -4.352971e-01 -1.500026e-01 -1.460748e-01 -1.458878e-01 -1.458517e-01 -1.459853e-01 -1.461009e-01 -1.460047e-01 -1.459163e-01 -1.501934e-01 -1.491103e-01 -1.436311e-01 -2.073589e-01 -9.999000e+03 -1.504057e-01 -1.502001e-01 -1.462182e-01 -1.461193e-01 -1.460342e-01 -1.459656e-01 -1.459497e-01 -1.459693e-01 -1.459486e-01
-1.462073e-01 -1.463445e-01 -1.459465e-01 -1.457847e-01 -1.460167e-01 -1.461523e-01 -1.459676e-01 -1.458775e-01 -1.459375e-01 -1.460330e-01 -1.460199e-01 -1.459448e-01 -1.459440e-01 -1.460155e-01 -1.459887e-01 -1.458545e-01 -1.458457e-01 -1.459425e-01 -1.459982e-01 -1.460132e-01 -1.459943e-01 -1.417785e-01 -1.458384e-01 -1.459197e-01 -1.459732e-01 -1.460423e-01 -9.999000e+03 -2.934983e-01 -1.499602e-01 -1.459970e-01 -1.458567e-01 -1.458619e-01 -1.407768e-01 -1.559281e-01 -1.358812e-01 -1.444631e-01 -1.323101e-01 -1.490836e-01 -1.558572e-01 -1.322888e-01 -9.999000e+03 -9.999000e+03 -1.496722e-01 -1.504513e-01 -1.460018e-01 -1.459589e-01 -1.459304e-01 -1.459100e-01 -1.459062e-01 -1.459108e-01
-1.461800e-01 -1.464690e-01 -1.499627e-01 -1.456085e-01 -1.459955e-01 -1.462650e-01 -1.460810e-01 -1.459323e-01 -1.459409e-01 -1.460224e-01 -1.460812e-01 -1.460384e-01 -1.459536e-01 -1.459602e-01 -1.460000e-01 -1.459336e-01 -1.458636e-01 -1.458864e-01 -1.459552e-01 -1.460052e-01 -1.460222e-01 -1.460174e-01 -1.416097e-01 -1.415168e-01 -1.454140e-01 -1.404068e-01 -9.999000e+03 -5.817036e-01 -1.460572e-01 -1.338331e-01 -1.485912e-01 -1.438837e-01 -1.460345e-01 -1.414431e-01 -1.448863e-01 -1.460680e-01 -1.460572e-01 -1.448819e-01 -1.401705e-01 -1.480352e-01 -2.030411e-01 -9.999000e+03 -9.999000e+03 -1.494815e-01 -1.502483e-01 -1.458800e-01 -1.458917e-01 -1.458763e-01 -1.458461e-01 -1.458613e-01
-1.495605e-01 -1.499156e-01 -1.459857e-01 -1.455832e-01 -1.460538e-01 -1.463379e-01 -1.461958e-01 -1.460286e-01 -1.459640e-01 -1.459897e-01 -1.461188e-01 -1.461480e-01 -1.460148e-01 -1.459355e-01 -1.459947e-01 -1.460066e-01 -1.459238e-01 -1.458710e-01 -1.459033e-01 -1.459445e-01 -1.459746e-01 -1.460136e-01 -1.503883e-01 -1.503945e-01 -1.461299e-01 -1.507015e-01 -9.999000e+03 -1.871294e-01 -1.460439e-01 -1.456795e-01 -1.459207e-01 -1.460096e-01 -1.462343e-01 -1.463778e-01 -1.464282e-01 -1.463957e-01 -1.464266e-01 -1.464742e-01 -1.461541e-01 -1.499683e-01 -1.483562e-01 -1.614333e-01 -9.999000e+03 -9.999000e+03 -1.491933e-01 -1.457353e-01 -1.458237e-01 -1.458727e-01 -1.458846e-01 -1.459075e-01
-1.462048e-01 -1.461968e-01 -1.458315e-01 -1.492117e-01 -1.458597e-01 -1.463483e-01 -1.463144e-01 -1.462141e-01 -1.461051e-01 -1.460669e-01 -1.461562e-01 -1.462745e-01 -1.461615e-01 -1.460484e-01 -1.460899e-01 -1.461374e-01 -1.460848e-01 -1.460048e-01 -1.459898e-01 -1.459858e-01 -1.459534e-01 -1.503547e-01 -1.460928e-01 -1.458636e-01 -1.504116e-01 -1.463253e-01 -9.999000e+03 -1.073860e+00 -1.399085e-01 -1.456968e-01 -1.460575e-01 -1.505860e-01 -1.506488e-01 -1.507680e-01 -1.509063e-01 -1.510412e-01 -1.512255e-01 -1.514691e-01 -1.469988e-01 -1.436383e-01 -1.479946e-01 -1.455696e-01 -1.614442e-01 -9.999000e+03 -1.486462e-01 -1.496499e-01 -1.457333e-01 -1.458555e-01 -1.459164e-01 -1.459499e-01
-1.461347e-01 -1.460428e-01 -1.457888e-01 -1.454782e-01 -1.489587e-01 -1.491495e-01 -1.493016e-01 -1.493992e-01 -1.493925e-01 -1.459726e-01 -1.462254e-01 -1.463942e-01 -1.462574e-01 -1.461730e-01 -1.462111e-01 -1.462566e-01 -1.462345e-01 -1.461501e-01 -1.460913e-01 -1.460711e-01 -1.503160e-01 -1.461496e-01 -1.459271e-01 -1.458217e-01 -1.459969e-01 -1.461765e-01 -9.999000e+03 -1.571699e+00 -1.398930e-01 -1.505907e-01 -1.505306e-01 -1.460943e-01 -1.459592e-01 -1.459762e-01 -1.460427e-01 -1.460974e-01 -1.461277e-01 -1.463188e-01 -1.514521e-01 -1.515204e-01 -1.458871e-01 -1.495322e-01 -1.482075e-01 -9.999000e+03 -9.999000e+03 -1.491453e-01 -1.457340e-01 -1.458144e-01 -1.458425e-01 -1.458254e-01
-1.460905e-01 -1.458736e-01 -1.457759e-01 -1.456407e-01 -1.457894e-01 -1.460128e-01 -1.460327e-01 -1.460367e-01 -1.459250e-01 -1.491395e-01 -1.491611e-01 -1.462448e-01 -1.463009e-01 -1.462544e-01 -1.462331e-01 -1.462922e-01 -1.463295e-01 -1.462776e-01 -1.462684e-01 -1.502581e-01 -1.461765e-01 -1.459939e-01 -1.459150e-01 -1.458272e-01 -1.459551e-01 -1.461007e-01 -9.999000e+03 -1.626271e+00 -1.401639e-01 -1.457389e-01 -1.458744e-01 -1.458968e-01 -1.459051e-01 -1.459067e-01 -1.459864e-01 -1.460697e-01 -1.461175e-01 -1.461519e-01 -1.461096e-01 -1.469923e-01 -1.530923e-01 -1.326798e-01 -1.428754e-01 -1.478013e-01 -9.999000e+03 -9.999000e+03 -1.498450e-01 -1.457825e-01 -1.501494e-01 -1.457057e-01
-1.460002e-01 -1.456989e-01 -1.457672e-01 -1.458472e-01 -1.458829e-01 -1.459435e-01 -1.459664e-01 -1.459866e-01 -1.459109e-01 -1.458237e-01 -1.459220e-01 -1.491228e-01 -1.491955e-01 -1.461875e-01 -1.462821e-01 -1.463192e-01 -1.464085e-01 -1.498730e-01 -1.500809e-01 -1.462542e-01 -1.460534e-01 -1.459696e-01 -1.459190e-01 -1.458629e-01 -1.459275e-01 -1.460067e-01 -9.999000e+03 -1.664963e+00 -1.404063e-01 -1.458442e-01 -1.459031e-01 -1.458404e-01 -1.458445e-01 -1.458442e-01 -1.459092e-01 -1.459813e-01 -1.460783e-01 -1.461657e-01 -1.461138e-01 -1.422988e-01 -1.512667e-01 -1.512146e-01 -1.457637e-01 -1.493498e-01 -1.450789e-01 -9.999000e+03 -3.605826e-01 -1.498124e-01 -1.500711e-01 -1.499764e-01
-1.494477e-01 -1.456383e-01 -1.457340e-01 -1.460171e-01 -1.459922e-01 -1.459538e-01 -1.459299e-01 -1.459025e-01 -1.458824e-01 -1.458655e-01 -1.458955e-01 -1.459318e-01 -1.459617e-01 -1.490258e-01 -1.491171e-01 -1.492348e-01 -1.494609e-01 -1.463471e-01 -1.462097e-01 -1.461605e-01 -1.460471e-01 -1.459435e-01 -1.459078e-01 -1.458795e-01 -1.417207e-01 -1.416935e-01 -9.999000e+03 -3.391804e+00 -1.395011e-01 -1.458917e-01 -1.459319e-01 -1.458021e-01 -1.457945e-01 -1.457896e-01 -1.458401e-01 -1.458925e-01 -1.459993e-01 -1.461154e-01 -1.461205e-01 -1.461025e-01 -1.460693e-01 -1.502809e-01 -1.509107e-01 -1.433756e-01 -1.461209e-01 -9.999000e+03 -9.999000e+03 -1.492152e-01 -1.500218e-01 -1.500158e-01
