tests/data/reference/test_implicit_stream_rill_mfda/control/massbalance.asc
ncols	123
nrows	77
xllcorner	-713746.79929998
yllcorner	-1061022.36961616
cellsize	10.0
NODATA_value	-9999
[rows 44 to 65 of 77, columns 50 to 99 of 123]
-1.464290e-01 -1.463921e-01 -1.462239e-01 -1.461052e-01 -1.460446e-01 -1.464152e-01 -1.462405e-01 -1.461747e-01 -1.461927e-01 -1.463224e-01 -1.464064e-01 -1.465398e-01 -1.465860e-01 -1.464789e-01 -1.466416e-01 -1.440570e-01 -1.460192e-01 -1.466014e-01 -1.464265e-01 -1.464009e-01 -1.465450e-01 -1.461597e-01 -1.461268e-01 -1.460345e-01 -1.503064e-01 -1.500238e-01 -1.498150e-01 -1.546780e-01 -9.999000e+03 -9.999000e+03 -9.999000e+03 -9.999000e+03 -1.636475e-01 -1.509507e-01 -1.499999e-01 -1.464085e-01 -1.465684e-01 -1.463714e-01 -1.464134e-01 -1.501994e-01 -1.502258e-01 -1.502514e-01 -1.502388e-01 -1.501439e-01 -1.499761e-01 -1.497520e-01 -1.495981e-01 -1.495178e-01 -1.494587e-01 -1.460341e-01
-1.462942e-01 -1.463765e-01 -1.462922e-01 -1.462491e-01 -1.468374e-01 -1.467157e-01 -1.464828e-01 -1.463831e-01 -1.461195e-01 -1.460848e-01 -1.460635e-01 -1.461463e-01 -1.465475e-01 -1.465310e-01 -1.451943e-01 -1.459211e-01 -1.464754e-01 -1.463319e-01 -1.464318e-01 -1.467903e-01 -1.463086e-01 -1.461945e-01 -1.462253e-01 -1.462062e-01 -1.459215e-01 -1.498728e-01 -1.499160e-01 -9.999000e+03 -9.999000e+03 -4.856065e-01 -1.475685e-01 -9.999000e+03 -9.999000e+03 -9.999000e+03 -1.506052e-01 -1.515146e-01 -1.465302e-01 -1.462494e-01 -1.462785e-01 -1.502197e-01 -1.502939e-01 -1.503067e-01 -1.502907e-01 -1.502271e-01 -1.501031e-01 -1.499152e-01 -1.497634e-01 -1.496543e-01 -1.495573e-01 -1.463599e-01
-1.461418e-01 -1.462452e-01 -1.462947e-01 -1.468966e-01 -1.470082e-01 -1.469678e-01 -1.467340e-01 -1.461004e-01 -1.461336e-01 -1.461260e-01 -1.460364e-01 -1.464798e-01 -1.461416e-01 -1.464721e-01 -1.457879e-01 -1.461359e-01 -1.461991e-01 -1.462564e-01 -1.468042e-01 -1.465378e-01 -1.463804e-01 -1.462412e-01 -1.463031e-01 -1.463434e-01 -1.461124e-01 -1.457645e-01 -1.460826e-01 -9.999000e+03 -1.679325e-01 -1.542411e-01 -1.495457e-01 -1.495678e-01 -1.498286e-01 -9.999000e+03 -9.999000e+03 -9.999000e+03 -1.510594e-01 -1.460885e-01 -1.461589e-01 -1.501660e-01 -1.503029e-01 -1.503267e-01 -1.503067e-01 -1.502499e-01 -1.501627e-01 -1.500293e-01 -1.499115e-01 -1.498098e-01 -1.497053e-01 -1.465906e-01
-1.460679e-01 -1.462047e-01 -1.467191e-01 -1.467802e-01 -1.469373e-01 -1.469909e-01 -1.462270e-01 -1.461179e-01 -1.461635e-01 -1.462248e-01 -1.466426e-01 -1.460401e-01 -1.470593e-01 -1.457833e-01 -1.460446e-01 -1.460746e-01 -1.461160e-01 -1.463991e-01 -1.463060e-01 -1.464980e-01 -1.464329e-01 -1.463459e-01 -1.464482e-01 -1.465521e-01 -1.464497e-01 -1.463782e-01 -1.504522e-01 -9.999000e+03 -1.861069e-01 -1.534306e-01 -1.496280e-01 -1.498402e-01 -1.500454e-01 -1.502784e-01 -2.085236e-01 -9.999000e+03 -9.999000e+03 -1.459853e-01 -1.460805e-01 -1.500190e-01 -1.502423e-01 -1.503118e-01 -1.502920e-01 -1.502188e-01 -1.501579e-01 -1.500873e-01 -1.500302e-01 -1.499708e-01 -1.498870e-01 -1.466709e-01
-1.461527e-01 -1.463919e-01 -1.464665e-01 -1.465199e-01 -1.466785e-01 -1.490761e-01 -1.491692e-01 -1.491542e-01 -1.491744e-01 -1.466581e-01 -1.462177e-01 -1.471834e-01 -1.458441e-01 -1.461842e-01 -1.495486e-01 -1.494907e-01 -1.459846e-01 -1.494292e-01 -1.495329e-01 -1.497716e-01 -1.499080e-01 -1.499424e-01 -1.500621e-01 -1.502691e-01 -1.468358e-01 -1.464908e-01 -1.459293e-01 -9.999000e+03 -2.331660e-01 -1.471173e-01 -1.496687e-01 -1.504319e-01 -1.505855e-01 -1.507044e-01 -1.507455e-01 -1.525978e-01 -9.999000e+03 -1.509247e-01 -1.461483e-01 -1.498466e-01 -1.501346e-01 -1.502737e-01 -1.502808e-01 -1.501983e-01 -1.501533e-01 -1.501274e-01 -1.501214e-01 -1.501020e-01 -1.500357e-01 -1.466026e-01
-1.460719e-01 -1.460533e-01 -1.461248e-01 -1.461606e-01 -1.489406e-01 -1.460902e-01 -1.459847e-01 -1.460987e-01 -1.464099e-01 -1.490924e-01 -1.467883e-01 -1.460736e-01 -1.493512e-01 -1.494726e-01 -1.460587e-01 -1.458769e-01 -1.494319e-01 -1.460158e-01 -1.460114e-01 -1.461326e-01 -1.462996e-01 -1.464312e-01 -1.465956e-01 -1.466619e-01 -1.502018e-01 -1.505121e-01 -1.417808e-01 -9.999000e+03 -6.625160e-01 -1.439229e-01 -1.500980e-01 -1.500000e-01 -1.502483e-01 -1.504316e-01 -1.505709e-01 -1.511526e-01 -9.999000e+03 -9.999000e+03 -1.461971e-01 -1.496768e-01 -1.499878e-01 -1.501928e-01 -1.502536e-01 -1.501964e-01 -1.501655e-01 -1.501619e-01 -1.501937e-01 -1.502098e-01 -1.501547e-01 -1.465004e-01
-1.458192e-01 -1.457312e-01 -1.457554e-01 -1.502952e-01 -1.494446e-01 -1.474794e-01 -1.441418e-01 -1.395846e-01 -1.353411e-01 -1.429670e-01 -1.462714e-01 -1.492271e-01 -1.461146e-01 -1.460202e-01 -1.460319e-01 -1.462862e-01 -1.465252e-01 -1.466393e-01 -1.466575e-01 -1.465881e-01 -1.463927e-01 -1.462331e-01 -1.461720e-01 -1.461387e-01 -1.462105e-01 -1.462399e-01 -1.447057e-01 -9.999000e+03 -4.838362e-01 -1.505315e-01 -1.504613e-01 -1.497234e-01 -1.496695e-01 -1.499756e-01 -1.501648e-01 -1.480106e-01 -1.512253e-01 -9.999000e+03 -1.509227e-01 -1.495643e-01 -1.498683e-01 -1.501000e-01 -1.501984e-01 -1.501815e-01 -1.501738e-01 -1.501760e-01 -1.460865e-01 -1.461269e-01 -1.502565e-01 -1.464013e-01
-1.458898e-01 -1.457953e-01 -1.506675e-01 -1.464693e-01 -1.446873e-01 -1.446243e-01 -1.462018e-01 -1.483746e-01 -1.489396e-01 -1.464426e-01 -1.465723e-01 -1.464502e-01 -1.461323e-01 -1.459314e-01 -1.458924e-01 -1.459025e-01 -1.459543e-01 -1.459963e-01 -1.439377e-01 -1.471481e-01 -1.469885e-01 -1.467360e-01 -1.463893e-01 -1.458959e-01 -1.454620e-01 -1.450002e-01 -1.469105e-01 -9.999000e+03 -1.504596e-01 -1.462485e-01 -1.460614e-01 -1.504441e-01 -1.498956e-01 -1.501676e-01 -1.503413e-01 -1.505724e-01 -1.531998e-01 -9.999000e+03 -9.999000e+03 -1.534597e-01 -1.498012e-01 -1.500267e-01 -1.501380e-01 -1.501541e-01 -1.501776e-01 -1.501798e-01 -1.459106e-01 -1.459357e-01 -1.503326e-01 -1.463255e-01
-1.460625e-01 -1.509003e-01 -1.466245e-01 -1.466129e-01 -1.494130e-01 -1.464318e-01 -1.481380e-01 -1.464169e-01 -1.467435e-01 -1.466763e-01 -1.464740e-01 -1.463483e-01 -1.460009e-01 -1.457991e-01 -1.458549e-01 -1.459274e-01 -1.459642e-01 -1.459762e-01 -1.495987e-01 -1.462803e-01 -1.461004e-01 -1.460204e-01 -1.459790e-01 -1.461659e-01 -1.466866e-01 -1.469483e-01 -1.500401e-01 -9.999000e+03 -5.719687e-01 -1.442054e-01 -1.460344e-01 -1.460821e-01 -1.506664e-01 -1.501632e-01 -1.504399e-01 -1.507375e-01 -1.511812e-01 -2.010220e-01 -9.999000e+03 -1.497809e-01 -1.498014e-01 -1.499613e-01 -1.500435e-01 -1.500631e-01 -1.501208e-01 -1.460484e-01 -1.459310e-01 -1.459336e-01 -1.461109e-01 -1.462560e-01
-1.509891e-01 -1.466799e-01 -1.466744e-01 -1.466696e-01 -1.465672e-01 -1.478588e-01 -1.463362e-01 -1.469290e-01 -1.467759e-01 -1.466443e-01 -1.462571e-01 -1.445919e-01 -1.475116e-01 -1.472709e-01 -1.470320e-01 -1.465686e-01 -1.458448e-01 -1.449717e-01 -1.442824e-01 -1.440071e-01 -1.440959e-01 -1.445381e-01 -1.449026e-01 -1.452729e-01 -1.440154e-01 -1.442668e-01 -1.475264e-01 -9.999000e+03 -7.580700e-01 -1.441725e-01 -1.460567e-01 -1.461342e-01 -1.459539e-01 -1.508801e-01 -1.504795e-01 -1.508305e-01 -1.512185e-01 -1.515163e-01 -9.999000e+03 -9.999000e+03 -1.539731e-01 -1.499272e-01 -1.499226e-01 -1.499039e-01 -1.459241e-01 -1.458769e-01 -1.460673e-01 -1.460535e-01 -1.459500e-01 -1.462073e-01
-1.466187e-01 -1.466198e-01 -1.465914e-01 -1.463374e-01 -1.441799e-01 -1.460181e-01 -1.467141e-01 -1.466658e-01 -1.467724e-01 -1.463628e-01 -1.467195e-01 -1.461795e-01 -1.460289e-01 -1.458914e-01 -1.459168e-01 -1.459713e-01 -1.460851e-01 -1.461056e-01 -1.460388e-01 -1.459563e-01 -1.458317e-01 -1.457847e-01 -1.456361e-01 -1.456280e-01 -1.494438e-01 -1.498372e-01 -1.463577e-01 -9.999000e+03 -6.171300e-01 -1.441174e-01 -1.460516e-01 -1.461208e-01 -1.459025e-01 -1.458876e-01 -1.517352e-01 -1.515575e-01 -1.489685e-01 -1.517291e-01 -1.915170e-01 -9.999000e+03 -1.541846e-01 -1.541141e-01 -1.499609e-01 -1.499329e-01 -1.459598e-01 -1.459732e-01 -1.463967e-01 -1.463615e-01 -1.459466e-01 -1.461814e-01
-1.464637e-01 -1.464564e-01 -1.463071e-01 -1.465146e-01 -1.459793e-01 -1.463060e-01 -1.461701e-01 -1.467160e-01 -1.465084e-01 -1.466260e-01 -1.460487e-01 -1.496273e-01 -1.444582e-01 -1.454891e-01 -1.491841e-01 -1.476941e-01 -1.489445e-01 -1.523026e-01 -1.519131e-01 -1.512955e-01 -1.504799e-01 -1.493928e-01 -1.476973e-01 -1.447911e-01 -1.407142e-01 -1.363504e-01 -9.999000e+03 -9.999000e+03 -1.647920e-01 -1.462422e-01 -1.460685e-01 -1.460275e-01 -1.458852e-01 -1.459176e-01 -1.463274e-01 -1.515940e-01 -1.506824e-01 -1.531196e-01 -1.512179e-01 -9.999000e+03 -1.544061e-01 -1.543078e-01 -1.501409e-01 -1.462820e-01 -1.461470e-01 -1.462077e-01 -1.466113e-01 -1.465636e-01 -1.460132e-01 -1.461758e-01
-1.462025e-01 -1.464171e-01 -1.462579e-01 -1.458068e-01 -1.461060e-01 -1.457084e-01 -1.463574e-01 -1.465197e-01 -1.464657e-01 -1.460637e-01 -1.465384e-01 -1.445201e-01 -1.466304e-01 -1.466270e-01 -1.441592e-01 -1.458920e-01 -1.465770e-01 -1.448138e-01 -1.481884e-01 -1.480494e-01 -1.477239e-01 -1.472471e-01 -1.464849e-01 -1.455500e-01 -1.449498e-01 -1.445590e-01 -9.999000e+03 -1.863034e-01 -1.500359e-01 -1.461679e-01 -1.459689e-01 -1.459096e-01 -1.459422e-01 -1.462172e-01 -1.464520e-01 -1.466136e-01 -1.515194e-01 -1.474324e-01 -1.570854e-01 -9.999000e+03 -9.999000e+03 -1.547089e-01 -1.506325e-01 -1.462001e-01 -1.462266e-01 -1.464214e-01 -1.466540e-01 -1.466441e-01 -1.463143e-01 -1.462055e-01
-1.465798e-01 -1.463522e-01 -1.457173e-01 -1.457216e-01 -1.459444e-01 -1.462608e-01 -1.465347e-01 -1.461512e-01 -1.461355e-01 -1.464998e-01 -1.464575e-01 -1.464198e-01 -1.464710e-01 -1.465120e-01 -1.459684e-01 -1.464272e-01 -1.465131e-01 -1.461451e-01 -1.441092e-01 -1.451477e-01 -1.477558e-01 -1.506853e-01 -1.494320e-01 -1.491538e-01 -1.491325e-01 -1.487851e-01 -9.999000e+03 -1.944805e-01 -1.500144e-01 -1.460753e-01 -1.458893e-01 -1.458524e-01 -1.460570e-01 -1.464099e-01 -1.464967e-01 -1.465506e-01 -1.515596e-01 -1.506689e-01 -1.506888e-01 -2.022450e-01 -9.999000e+03 -1.504052e-01 -1.501995e-01 -1.462181e-01 -1.464204e-01 -1.465402e-01 -1.466359e-01 -1.466535e-01 -1.465257e-01 -1.462210e-01
-1.462268e-01 -1.461267e-01 -1.459475e-01 -1.457873e-01 -1.460490e-01 -1.468094e-01 -1.460012e-01 -1.462469e-01 -1.462616e-01 -1.463410e-01 -1.463169e-01 -1.462428e-01 -1.462257e-01 -1.459563e-01 -1.464539e-01 -1.463697e-01 -1.459679e-01 -1.465676e-01 -1.465993e-01 -1.461709e-01 -1.466025e-01 -1.439427e-01 -1.479065e-01 -1.479364e-01 -1.478477e-01 -1.476362e-01 -9.999000e+03 -1.891583e-01 -1.499720e-01 -1.459979e-01 -1.458582e-01 -1.458625e-01 -1.411941e-01 -1.460277e-01 -1.460570e-01 -1.405157e-01 -1.404264e-01 -1.501306e-01 -1.487709e-01 -1.432027e-01 -9.999000e+03 -9.999000e+03 -1.497181e-01 -1.506474e-01 -1.464634e-01 -1.465693e-01 -1.465826e-01 -1.466077e-01 -1.466051e-01 -1.461773e-01
-1.461416e-01 -1.464695e-01 -1.499521e-01 -1.456102e-01 -1.466307e-01 -1.462650e-01 -1.465680e-01 -1.459711e-01 -1.459820e-01 -1.460566e-01 -1.461073e-01 -1.460573e-01 -1.458235e-01 -1.462128e-01 -1.462451e-01 -1.458960e-01 -1.463494e-01 -1.463621e-01 -1.460193e-01 -1.465495e-01 -1.465537e-01 -1.465431e-01 -1.433290e-01 -1.433875e-01 -1.464681e-01 -1.379070e-01 -9.999000e+03 -1.940679e-01 -1.460774e-01 -1.408861e-01 -1.409099e-01 -1.410306e-01 -1.460348e-01 -1.414363e-01 -1.409580e-01 -1.460697e-01 -1.460591e-01 -1.406844e-01 -1.443357e-01 -1.480861e-01 -1.927646e-01 -9.999000e+03 -9.999000e+03 -1.501535e-01 -1.513926e-01 -1.465608e-01 -1.465003e-01 -1.465341e-01 -1.466354e-01 -1.461278e-01
-1.495512e-01 -1.499051e-01 -1.459878e-01 -1.459789e-01 -1.460552e-01 -1.469930e-01 -1.461959e-01 -1.460292e-01 -1.459647e-01 -1.459903e-01 -1.461192e-01 -1.459138e-01 -1.460268e-01 -1.459448e-01 -1.458348e-01 -1.462392e-01 -1.461430e-01 -1.457941e-01 -1.463216e-01 -1.463444e-01 -1.463547e-01 -1.461072e-01 -1.503761e-01 -1.503822e-01 -1.461300e-01 -1.506881e-01 -9.999000e+03 -1.719068e-01 -1.460445e-01 -1.457556e-01 -1.459243e-01 -1.460111e-01 -1.462360e-01 -1.463792e-01 -1.464294e-01 -1.463970e-01 -1.464280e-01 -1.464755e-01 -1.461565e-01 -1.499679e-01 -1.484671e-01 -1.608280e-01 -9.999000e+03 -9.999000e+03 -1.505553e-01 -1.464926e-01 -1.463926e-01 -1.464607e-01 -1.466774e-01 -1.461414e-01
-1.462059e-01 -1.461970e-01 -1.458452e-01 -1.492037e-01 -1.467736e-01 -1.463487e-01 -1.463151e-01 -1.462151e-01 -1.461065e-01 -1.460683e-01 -1.459206e-01 -1.462745e-01 -1.461618e-01 -1.458155e-01 -1.461001e-01 -1.461401e-01 -1.458246e-01 -1.461884e-01 -1.461501e-01 -1.461180e-01 -1.459538e-01 -1.503426e-01 -1.460948e-01 -1.458652e-01 -1.503993e-01 -1.463267e-01 -9.999000e+03 -6.589564e-01 -1.436374e-01 -1.457762e-01 -1.460597e-01 -1.505730e-01 -1.506357e-01 -1.507544e-01 -1.508921e-01 -1.510265e-01 -1.512101e-01 -1.514527e-01 -1.461598e-01 -1.405271e-01 -1.496119e-01 -1.493225e-01 -1.619339e-01 -9.999000e+03 -1.504600e-01 -1.512996e-01 -1.462905e-01 -1.463674e-01 -1.466425e-01 -1.461286e-01
-1.461350e-01 -1.460655e-01 -1.461194e-01 -1.462488e-01 -1.489514e-01 -1.491416e-01 -1.492932e-01 -1.493905e-01 -1.493838e-01 -1.457942e-01 -1.462263e-01 -1.463947e-01 -1.460054e-01 -1.461733e-01 -1.462113e-01 -1.459244e-01 -1.462362e-01 -1.461500e-01 -1.460913e-01 -1.460720e-01 -1.503041e-01 -1.461514e-01 -1.459286e-01 -1.458224e-01 -1.460825e-01 -1.464997e-01 -9.999000e+03 -6.978225e-01 -1.437123e-01 -1.505778e-01 -1.505179e-01 -1.460964e-01 -1.459608e-01 -1.459766e-01 -1.460616e-01 -1.463355e-01 -1.465357e-01 -1.455305e-01 -1.514358e-01 -1.515038e-01 -1.458904e-01 -1.495328e-01 -1.485473e-01 -9.999000e+03 -9.999000e+03 -1.508551e-01 -1.462726e-01 -1.462641e-01 -1.464951e-01 -1.459995e-01
-1.464985e-01 -1.462393e-01 -1.461497e-01 -1.461186e-01 -1.462773e-01 -1.463406e-01 -1.461683e-01 -1.459837e-01 -1.457870e-01 -1.491317e-01 -1.491532e-01 -1.461127e-01 -1.463016e-01 -1.462553e-01 -1.459608e-01 -1.462921e-01 -1.463294e-01 -1.462777e-01 -1.462697e-01 -1.502464e-01 -1.461782e-01 -1.459953e-01 -1.459155e-01 -1.459084e-01 -1.463426e-01 -1.466501e-01 -9.999000e+03 -6.922638e-01 -1.438251e-01 -1.458128e-01 -1.458777e-01 -1.460722e-01 -1.464205e-01 -1.466496e-01 -1.468242e-01 -1.468738e-01 -1.467953e-01 -1.466474e-01 -1.427540e-01 -1.452305e-01 -1.391040e-01 -1.401412e-01 -1.494381e-01 -1.549822e-01 -9.999000e+03 -9.999000e+03 -1.511751e-01 -1.461840e-01 -1.501381e-01 -1.459207e-01
-1.460008e-01 -1.457912e-01 -1.462712e-01 -1.466040e-01 -1.467180e-01 -1.466828e-01 -1.465089e-01 -1.462976e-01 -1.460672e-01 -1.459297e-01 -1.459725e-01 -1.491150e-01 -1.491875e-01 -1.460458e-01 -1.462828e-01 -1.463199e-01 -1.464089e-01 -1.498627e-01 -1.500698e-01 -1.462556e-01 -1.460545e-01 -1.459700e-01 -1.459829e-01 -1.462371e-01 -1.465227e-01 -1.467044e-01 -9.999000e+03 -6.867228e-01 -1.439489e-01 -1.459146e-01 -1.459063e-01 -1.459718e-01 -1.463366e-01 -1.465997e-01 -1.468047e-01 -1.468861e-01 -1.468636e-01 -1.467416e-01 -1.464820e-01 -1.427217e-01 -1.512512e-01 -1.511992e-01 -1.457672e-01 -1.493504e-01 -1.547708e-01 -9.999000e+03 -2.137606e-01 -1.510231e-01 -1.500600e-01 -1.499657e-01
-1.494388e-01 -1.456409e-01 -1.457355e-01 -1.462663e-01 -1.465017e-01 -1.465846e-01 -1.465766e-01 -1.464972e-01 -1.463879e-01 -1.462720e-01 -1.461847e-01 -1.460971e-01 -1.460119e-01 -1.490183e-01 -1.491093e-01 -1.492267e-01 -1.494520e-01 -1.463479e-01 -1.462100e-01 -1.461604e-01 -1.461309e-01 -1.462813e-01 -1.464406e-01 -1.465513e-01 -1.438261e-01 -1.440285e-01 -9.999000e+03 -8.672091e-01 -1.439944e-01 -1.459988e-01 -1.459352e-01 -1.459257e-01 -1.462844e-01 -1.465649e-01 -1.467925e-01 -1.468991e-01 -1.469124e-01 -1.468119e-01 -1.465669e-01 -1.463062e-01 -1.462849e-01 -1.426173e-01 -1.436644e-01 -1.543533e-01 -1.529256e-01 -9.999000e+03 -9.999000e+03 -1.503966e-01 -1.500109e-01 -1.500050e-01
