tests/data/reference/test_implicit_stream_rill_mfda/control/massbalance.asc
ncols	123
nrows	77
xllcorner	-713746.79929998
yllcorner	-1061022.36961616
cellsize	10.0
NODATA_value	-9999
[rows 22 to 43 of 77, columns 50 to 99 of 123]
-1.697848e-01 -1.662352e-01 -1.681676e-01 -1.639935e-01 -1.577131e-01 -1.568129e-01 -1.554682e-01 -1.550703e-01 -1.573009e-01 -1.569636e-01 -1.595387e-01 -1.636689e-01 -1.634244e-01 -1.632195e-01 -1.630733e-01 -1.629537e-01 -1.523614e-01 -1.582526e-01 -1.431348e-01 -1.312683e-01 -1.551684e-01 -1.558510e-01 -1.628829e-01 -1.668925e-01 -1.690220e-01 -1.673128e-01 -1.669095e-01 -2.144199e-01 -1.146396e-01 -1.615359e-01 -1.707438e-01 -1.701187e-01 -1.696724e-01 -1.670484e-01 -9.999000e+03 -9.999000e+03 -9.999000e+03 -9.999000e+03 -9.999000e+03 -9.999000e+03 -9.999000e+03 -9.999000e+03 -9.999000e+03 -9.999000e+03 -9.999000e+03 -9.999000e+03 -9.999000e+03 -9.999000e+03 -9.999000e+03 -9.999000e+03
-1.744123e-01 -1.662158e-01 -1.695481e-01 -1.646556e-01 -1.603148e-01 -1.565932e-01 -1.553824e-01 -1.542767e-01 -1.542781e-01 -1.549638e-01 -1.544946e-01 -1.562702e-01 -1.592212e-01 -1.592065e-01 -1.591807e-01 -1.590430e-01 -1.586400e-01 -1.521879e-01 -1.275039e-01 -1.389823e-01 -1.550541e-01 -1.553914e-01 -1.599328e-01 -1.648012e-01 -1.693080e-01 -1.648068e-01 -1.664497e-01 -1.697543e-01 -2.309278e-01 -1.254260e-01 -1.486245e-01 -1.655357e-01 -1.706939e-01 -1.693970e-01 -1.670215e-01 -1.674868e-01 -9.999000e+03 -9.999000e+03 -9.999000e+03 -9.999000e+03 -9.999000e+03 -9.999000e+03 -9.999000e+03 -9.999000e+03 -9.999000e+03 -9.999000e+03 -9.999000e+03 -9.999000e+03 -9.999000e+03 -9.999000e+03
-1.662082e-01 -1.687002e-01 -1.695531e-01 -1.721199e-01 -1.604884e-01 -1.575645e-01 -1.550729e-01 -1.543471e-01 -1.531821e-01 -1.527333e-01 -1.531798e-01 -1.530458e-01 -1.541295e-01 -1.561995e-01 -1.561660e-01 -1.563108e-01 -1.558156e-01 -1.549851e-01 -1.135767e-01 -1.453647e-01 -1.541674e-01 -1.558787e-01 -1.579574e-01 -1.613426e-01 -1.652812e-01 -1.611253e-01 -1.696118e-01 -1.717667e-01 -1.670534e-01 -2.810059e-01 -1.376503e-01 -1.205609e-01 -1.643646e-01 -1.703645e-01 -1.693134e-01 -1.690738e-01 -1.674812e-01 -9.999000e+03 -9.999000e+03 -9.999000e+03 -9.999000e+03 -9.999000e+03 -9.999000e+03 -9.999000e+03 -9.999000e+03 -9.999000e+03 -9.999000e+03 -9.999000e+03 -9.999000e+03 -9.999000e+03
-1.695747e-01 -1.660108e-01 -1.651022e-01 -1.731155e-01 -1.699903e-01 -1.575955e-01 -1.557095e-01 -1.540121e-01 -1.528277e-01 -1.524504e-01 -1.518286e-01 -1.521536e-01 -1.521127e-01 -1.531939e-01 -1.540858e-01 -1.538234e-01 -1.532990e-01 -1.527513e-01 -1.036380e-01 -1.493999e-01 -1.539851e-01 -1.549882e-01 -1.572651e-01 -1.589731e-01 -1.621114e-01 -1.589441e-01 -1.701636e-01 -1.649440e-01 -1.693714e-01 -2.735018e-01 -1.666407e-01 -1.496259e-01 -1.176645e-01 -1.640851e-01 -1.678592e-01 -1.686718e-01 -1.690399e-01 -1.668875e-01 -1.674918e-01 -1.674945e-01 -9.999000e+03 -9.999000e+03 -9.999000e+03 -9.999000e+03 -9.999000e+03 -9.999000e+03 -9.999000e+03 -9.999000e+03 -9.999000e+03 -9.999000e+03
-1.733050e-01 -1.659918e-01 -1.696236e-01 -1.608387e-01 -1.706168e-01 -1.660136e-01 -1.554270e-01 -1.536912e-01 -1.523162e-01 -1.517039e-01 -1.519397e-01 -1.507283e-01 -1.515771e-01 -1.515942e-01 -1.520074e-01 -1.520702e-01 -1.518926e-01 -1.513066e-01 -9.019050e-02 -1.508050e-01 -1.539483e-01 -1.548803e-01 -1.561195e-01 -1.572578e-01 -1.590391e-01 -1.573773e-01 -1.662152e-01 -1.615384e-01 -1.696495e-01 -2.659969e-01 -1.694968e-01 -1.548373e-01 -1.001904e-01 -1.578482e-01 -1.640693e-01 -1.649816e-01 -1.704173e-01 -1.691252e-01 -1.675709e-01 -1.674795e-01 -1.708916e-01 -1.674970e-01 -9.999000e+03 -9.999000e+03 -9.999000e+03 -9.999000e+03 -9.999000e+03 -9.999000e+03 -9.999000e+03 -9.999000e+03
-1.723787e-01 -1.695452e-01 -1.747675e-01 -1.660033e-01 -1.578055e-01 -1.655417e-01 -1.604799e-01 -1.532375e-01 -1.522861e-01 -1.514858e-01 -1.508814e-01 -1.518845e-01 -1.520089e-01 -1.516193e-01 -1.518840e-01 -1.515177e-01 -1.510579e-01 -1.504252e-01 -6.019573e-02 -1.507628e-01 -1.538135e-01 -1.541061e-01 -1.551012e-01 -1.555908e-01 -1.568491e-01 -1.558309e-01 -1.623846e-01 -1.588387e-01 -1.665157e-01 -2.585914e-01 -1.699869e-01 -1.561998e-01 -1.026087e-01 -1.549863e-01 -1.589358e-01 -1.602794e-01 -1.643976e-01 -1.688825e-01 -1.669484e-01 -1.670545e-01 -1.719285e-01 -1.666055e-01 -1.690198e-01 -1.655498e-01 -9.999000e+03 -9.999000e+03 -9.999000e+03 -9.999000e+03 -9.999000e+03 -9.999000e+03
-1.658834e-01 -1.746604e-01 -1.729513e-01 -1.696821e-01 -1.555405e-01 -1.601748e-01 -1.662723e-01 -1.563854e-01 -1.518655e-01 -1.513315e-01 -1.517051e-01 -1.519355e-01 -1.520485e-01 -1.520777e-01 -1.520332e-01 -1.515351e-01 -1.512603e-01 -1.507508e-01 -9.711520e-02 -1.494052e-01 -1.526098e-01 -1.531623e-01 -1.535068e-01 -1.542038e-01 -1.543998e-01 -1.543617e-01 -1.584729e-01 -1.569535e-01 -1.629841e-01 -2.478517e-01 -1.668234e-01 -1.555320e-01 -1.185450e-01 -1.544734e-01 -1.560563e-01 -1.564488e-01 -1.595669e-01 -1.639026e-01 -1.711928e-01 -1.680359e-01 -1.670720e-01 -1.662601e-01 -9.999000e+03 -1.249313e-01 -1.590769e-01 -1.555791e-01 -9.999000e+03 -9.999000e+03 -9.999000e+03 -9.999000e+03
-1.617691e-01 -1.729117e-01 -1.662112e-01 -1.717779e-01 -1.533424e-01 -1.562172e-01 -1.662562e-01 -1.699258e-01 -1.535374e-01 -1.511430e-01 -1.517292e-01 -1.522585e-01 -1.521460e-01 -1.521074e-01 -1.518294e-01 -1.515306e-01 -1.510885e-01 -1.507023e-01 -1.504720e-01 -2.094228e-01 -1.531272e-01 -1.529189e-01 -1.527511e-01 -1.528056e-01 -1.535424e-01 -1.531134e-01 -1.561726e-01 -1.555741e-01 -1.596469e-01 -2.301448e-01 -1.630912e-01 -1.527605e-01 -1.365686e-01 -1.548765e-01 -1.543642e-01 -1.536615e-01 -1.554758e-01 -1.583638e-01 -1.682317e-01 -1.677767e-01 -1.683048e-01 -9.999000e+03 -9.999000e+03 -1.483757e-01 -1.333075e-01 -1.664804e-01 -1.536230e-01 -9.999000e+03 -9.999000e+03 -9.999000e+03
-1.582180e-01 -1.665308e-01 -1.610328e-01 -1.695565e-01 -1.519156e-01 -1.536589e-01 -1.698963e-01 -1.662505e-01 -1.746379e-01 -1.524946e-01 -1.515626e-01 -1.522298e-01 -1.525094e-01 -1.522757e-01 -1.516864e-01 -1.512537e-01 -1.507144e-01 -1.502685e-01 -1.500742e-01 -1.503938e-01 1.049361e-01 -1.533331e-01 -1.528957e-01 -1.527923e-01 -1.527663e-01 -1.526780e-01 -1.544044e-01 -1.543408e-01 -1.573304e-01 -2.049949e-01 -1.594966e-01 -1.490613e-01 -1.478456e-01 -1.546483e-01 -1.542424e-01 -1.532315e-01 -1.666280e-01 -1.670197e-01 -1.627566e-01 -1.626390e-01 -9.999000e+03 -9.999000e+03 -7.943155e-01 -1.793068e-01 -1.718660e-01 -1.660780e-01 -1.667186e-01 -1.531879e-01 -9.999000e+03 -9.999000e+03
-1.555198e-01 -1.606967e-01 -1.565077e-01 -1.640992e-01 -1.507585e-01 -1.527682e-01 -1.749748e-01 -1.698050e-01 -1.662120e-01 -1.683739e-01 -1.521170e-01 -1.522816e-01 -1.524061e-01 -1.519851e-01 -1.514593e-01 -1.507668e-01 -1.501578e-01 -1.499005e-01 -1.499040e-01 -1.504062e-01 3.904666e-02 -1.539421e-01 -1.535365e-01 -1.530744e-01 -1.528486e-01 -1.527492e-01 -1.539206e-01 -1.535364e-01 -1.554513e-01 -1.869687e-01 -1.568976e-01 -1.424870e-01 -1.567136e-01 -1.549978e-01 -1.540813e-01 -1.665596e-01 -1.663786e-01 -1.665251e-01 -1.585846e-01 -9.999000e+03 -9.999000e+03 -5.162370e-01 -1.688490e-01 -1.378003e-01 -1.512596e-01 -1.617591e-01 -1.662010e-01 -1.670468e-01 -1.667923e-01 -9.999000e+03
-1.516214e-01 -1.553506e-01 -1.521150e-01 -1.579832e-01 -1.504039e-01 -1.511502e-01 -1.663227e-01 -1.684042e-01 -1.746611e-01 -1.698744e-01 -1.641783e-01 -1.519361e-01 -1.520025e-01 -1.513151e-01 -1.506458e-01 -1.499664e-01 -1.495686e-01 -1.496711e-01 -1.502805e-01 -1.510617e-01 -8.112198e-02 -1.541126e-01 -1.537731e-01 -1.531663e-01 -1.531755e-01 -1.523599e-01 -1.531808e-01 -1.532259e-01 -1.537774e-01 -2.097878e-01 -1.548999e-01 -1.453257e-01 -1.595316e-01 -1.549011e-01 -1.663402e-01 -1.663690e-01 -1.665366e-01 -1.663903e-01 -9.999000e+03 -9.999000e+03 -5.508894e-01 -1.786622e-01 -1.611001e-01 -1.294468e-01 -1.673085e-01 -1.671833e-01 -1.625288e-01 -1.684543e-01 -1.680699e-01 -1.670108e-01
-5.603667e-02 -1.523466e-01 -1.483897e-01 -1.477341e-01 -1.528269e-01 -1.493249e-01 -1.505174e-01 -1.701545e-01 -1.634731e-01 -1.687876e-01 -1.735400e-01 -1.595752e-01 -1.517114e-01 -1.510763e-01 -1.503108e-01 -1.498372e-01 -1.497060e-01 -1.500091e-01 -1.507826e-01 -1.518407e-01 -1.528003e-01 2.051960e-01 -1.537040e-01 -1.532561e-01 -1.530604e-01 -1.531405e-01 -1.528955e-01 -1.526919e-01 -1.528447e-01 -2.630506e-01 -1.538000e-01 -1.498466e-01 -1.590115e-01 -1.663460e-01 -1.663617e-01 -1.663691e-01 -9.999000e+03 -9.999000e+03 -9.999000e+03 -2.190536e-01 -1.800217e-01 -1.655309e-01 -1.590273e-01 -1.669623e-01 -1.670375e-01 -1.678834e-01 -1.590315e-01 -1.638138e-01 -1.634549e-01 -1.671838e-01
-1.675506e-01 -1.762448e-02 -5.164881e-02 -7.693779e-02 -1.532350e-01 -1.561567e-01 -1.486926e-01 -1.499976e-01 -1.715901e-01 -1.584564e-01 -1.633397e-01 -1.681562e-01 -1.560731e-01 -1.516986e-01 -1.510093e-01 -1.506669e-01 -1.508113e-01 -1.511589e-01 -1.517226e-01 -1.523819e-01 -1.529560e-01 -1.377035e+00 -1.524276e-01 -1.523094e-01 -1.527308e-01 -1.531436e-01 -1.529508e-01 -1.528029e-01 -1.516822e-01 -2.833273e-01 -1.516007e-01 -1.514760e-01 -1.573665e-01 -1.663578e-01 -1.663599e-01 -9.999000e+03 -9.999000e+03 -7.480635e-01 -2.219505e-01 -1.712584e-01 -1.662526e-01 -1.625519e-01 -1.664484e-01 -1.666510e-01 -1.670276e-01 -1.659491e-01 -1.575138e-01 -1.591584e-01 -1.672477e-01 -1.672872e-01
-1.589715e-01 -1.654441e-01 -1.578213e-01 -1.311627e-01 -1.260875e-01 -1.534420e-01 -1.548952e-01 -1.579394e-01 -1.584250e-01 -1.741259e-01 -1.627415e-01 -1.665373e-01 -1.705938e-01 -1.617630e-01 -1.605226e-01 -1.607064e-01 -1.609047e-01 -1.612256e-01 -1.616471e-01 -1.616090e-01 -1.616059e-01 -1.608007e-01 2.548862e-01 -1.590800e-01 -1.596447e-01 -1.603184e-01 -1.525406e-01 -1.518548e-01 -1.510691e-01 -2.860356e-01 -1.507162e-01 -1.508707e-01 -1.522678e-01 -1.663520e-01 -9.999000e+03 -9.999000e+03 -5.608614e-01 -1.902426e-01 -1.715029e-01 -1.701427e-01 -1.639202e-01 -1.664887e-01 -1.663878e-01 -1.664157e-01 -1.668380e-01 -1.669654e-01 -1.567646e-01 -1.573169e-01 -1.674739e-01 -1.712359e-01
-1.777692e-01 -1.764104e-01 -1.733235e-01 -1.767644e-01 -1.751269e-01 -1.857426e-01 -2.559051e-01 -2.568306e-01 -2.836425e-01 -1.581836e-01 -1.685104e-01 -1.596643e-01 -1.621787e-01 -1.656565e-01 -1.598716e-01 -1.599338e-01 -1.627608e-01 -1.604084e-01 -1.599150e-01 -1.590545e-01 -1.579549e-01 -1.567057e-01 -1.734024e-01 -1.304789e-01 -1.552966e-01 -1.575499e-01 -1.590198e-01 -1.584197e-01 -1.496612e-01 -2.559859e-01 -1.501367e-01 -1.502931e-01 -1.481246e-01 -9.999000e+03 -9.999000e+03 -1.663526e-01 -1.903379e-01 -1.655154e-01 -1.705289e-01 -1.662988e-01 -1.593714e-01 -1.665606e-01 -1.664835e-01 -1.663564e-01 -1.664917e-01 -1.670778e-01 -1.562719e-01 -1.567931e-01 -1.674444e-01 -1.665502e-01
-1.791221e-01 -1.787236e-01 -1.774431e-01 -1.713655e-01 -1.667907e-01 -1.621438e-01 -1.584827e-01 -1.571116e-01 -1.576947e-01 -2.897852e-01 -2.641888e-01 -2.505981e-01 -2.622502e-01 -2.400148e-01 -2.805307e-01 -2.838530e-01 -3.339244e-01 -3.330785e-01 -4.341845e-01 -1.556925e-01 -1.552200e-01 -1.546328e-01 -1.542887e-01 -1.777355e-01 -1.392409e-01 -1.558459e-01 -1.559994e-01 -1.548880e-01 -1.566728e-01 -2.148453e-01 -1.499207e-01 -1.503126e-01 -9.999000e+03 -9.999000e+03 -1.663066e-01 -1.663352e-01 -1.696677e-01 -1.638325e-01 -1.663701e-01 -1.615558e-01 -1.563917e-01 -1.663874e-01 -1.665335e-01 -1.664231e-01 -1.663224e-01 -1.666098e-01 -1.670115e-01 -1.669333e-01 -1.672346e-01 -1.622397e-01
-1.663878e-01 -1.734262e-01 -1.763520e-01 -1.771145e-01 -1.724770e-01 -1.012892e+00 -2.130629e-01 -8.994016e-02 -1.417463e-01 -8.978634e-02 -1.150651e-01 -1.232348e-01 -1.006707e-01 -1.300737e-01 -1.592143e-01 -1.138767e-01 -1.531367e-01 -2.232627e-01 -3.395340e-01 -2.873249e-01 -2.255867e-01 -1.517499e-01 -1.527420e-01 -1.543009e-01 -2.616119e-01 -1.550165e-01 -1.541022e-01 -1.532054e-01 -1.543147e-01 -2.046558e-01 -1.505170e-01 -9.999000e+03 -9.999000e+03 -1.663098e-01 -1.662947e-01 -1.663242e-01 -1.662529e-01 -1.589224e-01 -1.616554e-01 -1.575852e-01 -1.663825e-01 -1.663819e-01 -1.663911e-01 -1.664971e-01 -1.663813e-01 -1.664277e-01 -1.671123e-01 -1.669475e-01 -1.670086e-01 -1.580019e-01
-1.521145e-01 -1.519003e-01 -1.524636e-01 -1.724494e+00 1.309193e+00 -1.545786e-01 -1.551251e-01 -1.555735e-01 -1.559432e-01 -1.562089e-01 -1.566586e-01 -1.565941e-01 -1.564954e-01 -1.639600e-01 -1.634408e-01 -1.622024e-01 -1.617939e-01 -1.606026e-01 -1.566804e-01 -1.442861e-01 -1.166849e-01 -1.922720e-01 -5.596617e-01 -4.150051e-01 -4.468230e-01 -1.684807e-01 -1.530198e-01 -1.532000e-01 -1.542795e-01 -2.057812e-01 -9.999000e+03 -9.999000e+03 -1.850357e-01 -1.699620e-01 -1.662880e-01 -1.663190e-01 -1.605526e-01 -1.556523e-01 -1.577623e-01 -1.556539e-01 -1.663459e-01 -1.663430e-01 -1.663581e-01 -1.663865e-01 -1.664557e-01 -1.663238e-01 -1.664877e-01 -1.671110e-01 -1.669482e-01 -1.549987e-01
-1.529788e-01 -1.526924e-01 1.502465e-01 -1.534258e-01 -1.541307e-01 -1.547175e-01 -1.550356e-01 -1.553158e-01 -1.556733e-01 -1.562951e-01 -1.565928e-01 -1.567971e-01 -1.569785e-01 -1.575459e-01 -1.576500e-01 -1.573041e-01 -1.568852e-01 -1.633944e-01 -1.625727e-01 -1.855267e-01 -2.405785e-01 -2.324580e-01 -2.048810e-01 -7.174462e-02 -1.474869e-01 -8.264657e-01 -4.549017e-02 -1.536046e-01 -1.547119e-01 -1.734279e-01 -9.999000e+03 -5.826249e-01 -1.707345e-01 -1.723620e-01 -1.662707e-01 -1.699347e-01 -1.569597e-01 -1.540764e-01 -1.559019e-01 -1.542806e-01 -1.663158e-01 -1.663131e-01 -1.663314e-01 -1.663730e-01 -1.665240e-01 -1.663685e-01 -1.663652e-01 -1.664857e-01 -1.670963e-01 -1.669401e-01
7.621351e-01 -4.979037e-01 -1.525889e-01 -1.531366e-01 -1.539157e-01 -1.543016e-01 -1.545224e-01 -1.548390e-01 -1.552896e-01 -1.557766e-01 -1.559881e-01 -1.561926e-01 -1.574524e-01 -1.579605e-01 -1.582217e-01 -1.582637e-01 -1.572682e-01 -1.574371e-01 2.725302e-01 -1.562334e-01 -1.640311e-01 -1.643430e-01 -1.632381e-01 -9.999000e+03 -9.999000e+03 -9.999000e+03 -5.709210e-01 -6.650813e-02 -1.549852e-01 -9.999000e+03 -9.999000e+03 -1.929357e-01 -1.788686e-01 -1.681072e-01 -1.662481e-01 -1.746315e-01 -1.547001e-01 -1.535393e-01 -1.543580e-01 -1.663081e-01 -1.662897e-01 -1.662849e-01 -1.663121e-01 -1.663571e-01 -1.665705e-01 -1.664043e-01 -1.663225e-01 -1.663659e-01 -1.664955e-01 -1.671156e-01
-1.502693e-01 -1.510068e-01 -1.519430e-01 -1.527155e-01 -1.531045e-01 -1.534985e-01 -1.538282e-01 -1.540139e-01 -1.550533e-01 -1.551906e-01 -1.553125e-01 -1.570870e-01 -1.576259e-01 -1.582457e-01 -1.586560e-01 -1.572526e-01 -1.581525e-01 -4.591271e-01 -1.569185e-01 -1.582389e-01 -1.599039e-01 -1.601880e-01 -1.644562e-01 -1.672537e-01 -1.649342e-01 -9.999000e+03 -9.999000e+03 -9.999000e+03 -5.662019e+01 -9.999000e+03 -2.746571e-01 -1.698355e-01 -1.709770e-01 -1.699829e-01 -1.701174e-01 -1.681680e-01 -1.535952e-01 -1.527673e-01 -1.540525e-01 -1.662899e-01 -1.662731e-01 -1.662582e-01 -1.662804e-01 -1.663354e-01 -1.663947e-01 -1.664401e-01 -1.663271e-01 -1.663326e-01 -1.663949e-01 -1.695163e-01
-1.493638e-01 -1.500578e-01 -1.509229e-01 -1.517306e-01 -1.522485e-01 -1.527133e-01 -1.540816e-01 -1.538886e-01 -1.548525e-01 -1.546969e-01 -1.582890e-01 -1.585441e-01 -1.590349e-01 -1.595126e-01 -1.566003e-01 -1.581089e-01 -3.159299e-01 -1.563243e-01 -1.585868e-01 -1.614919e-01 -1.620942e-01 -1.579611e-01 -1.628959e-01 -1.700622e-01 -1.702004e-01 -1.680913e-01 -1.662526e-01 -9.999000e+03 -9.999000e+03 -9.999000e+03 -6.212542e+01 -1.500000e+21 -1.626075e-01 -1.620330e-01 -1.724710e-01 -1.634654e-01 -1.528851e-01 -1.524145e-01 -1.530747e-01 -1.662642e-01 -1.662591e-01 -1.662415e-01 -1.662507e-01 -1.663030e-01 -1.663727e-01 -1.664744e-01 -1.663452e-01 -1.663464e-01 -1.664182e-01 -1.705196e-01
