tests/data/reference/test_implicit_stream_rill_mfda/control/mqsheet_m3_s.asc
ncols	123
nrows	77
xllcorner	-713746.79929998
yllcorner	-1061022.36961616
cellsize	10.0
NODATA_value	-9999
[rows 46 to 68 of 77, columns 52 to 103 of 123]
7.018254e-03 6.877840e-03 6.836142e-03 6.976258e-03 7.159215e-03 6.841228e-03 6.866545e-03 6.901279e-03 6.939409e-03 7.414329e-03 7.374913e-03 2.234920e-02 7.883426e-03 7.830777e-03 7.476425e-03 7.492126e-03 8.183673e-03 7.880907e-03 8.159653e-03 8.322181e-03 8.458948e-03 8.662494e-03 8.788581e-03 8.695970e-03 9.529053e-03 0.000000e+00 1.787279e-03 4.439329e-03 6.802234e-03 7.877372e-03 8.045732e-03 0.000000e+00 0.000000e+00 0.000000e+00 8.245341e-03 8.553910e-03 8.783421e-03 4.381954e-03 4.447995e-03 4.459246e-03 4.449796e-03 4.422711e-03 4.380329e-03 4.313596e-03 4.252609e-03 4.198410e-03 4.141149e-03 7.643307e-03 7.510620e-03 7.546126e-03 7.716161e-03 7.899979e-03
7.044883e-03 6.725654e-03 6.581439e-03 6.742784e-03 5.781787e-03 5.803787e-03 5.824675e-03 5.902459e-03 7.184804e-03 6.797035e-03 2.388270e-02 7.501829e-03 7.176975e-03 6.229199e-03 6.194538e-03 7.608028e-03 6.273944e-03 6.536174e-03 6.749516e-03 6.833634e-03 6.939453e-03 7.128709e-03 7.267492e-03 9.484596e-03 4.517377e-03 0.000000e+00 1.876714e-03 5.276480e-03 7.257158e-03 8.324854e-03 8.731209e-03 8.638721e-03 8.430302e-03 0.000000e+00 0.000000e+00 7.961122e-03 8.402060e-03 4.308316e-03 4.419071e-03 4.452184e-03 4.442804e-03 4.407704e-03 4.377986e-03 4.342900e-03 4.314071e-03 4.283564e-03 4.239702e-03 7.957825e-03 7.782552e-03 7.780233e-03 7.956744e-03 8.130923e-03
7.197742e-03 6.790401e-03 6.577125e-03 3.758016e-03 3.819226e-03 3.809446e-03 3.822567e-03 6.879545e-03 5.794258e-03 2.555532e-02 7.168801e-03 6.083964e-03 4.052027e-03 4.018130e-03 7.372521e-03 3.981444e-03 4.042870e-03 4.177677e-03 4.250774e-03 4.268835e-03 4.330241e-03 4.431884e-03 9.022157e-03 7.227769e-03 8.776687e-03 0.000000e+00 2.171688e-03 1.039575e-02 9.900937e-03 9.699478e-03 9.606881e-03 9.362721e-03 8.595950e-03 3.496350e-03 0.000000e+00 7.014164e-03 7.935547e-03 4.218238e-03 4.366456e-03 4.434083e-03 4.437508e-03 4.397736e-03 4.375715e-03 4.362917e-03 4.359935e-03 4.350259e-03 4.316868e-03 8.300300e-03 8.121422e-03 8.065813e-03 8.165632e-03 8.263935e-03
7.369592e-03 6.991565e-03 3.666006e-03 5.483990e-03 6.291173e-03 6.581923e-03 6.671543e-03 3.768872e-03 2.723306e-02 6.910704e-03 3.934039e-03 4.007379e-03 6.125839e-03 7.034998e-03 3.983095e-03 6.040715e-03 7.034006e-03 7.610359e-03 7.953732e-03 8.115335e-03 8.247565e-03 8.444992e-03 4.399472e-03 4.544458e-03 1.258476e-02 0.000000e+00 8.404086e-03 8.593485e-03 9.335403e-03 9.721730e-03 9.901276e-03 9.803360e-03 9.240748e-03 7.695959e-03 0.000000e+00 0.000000e+00 7.541782e-03 4.125199e-03 4.292336e-03 4.395085e-03 4.424497e-03 4.396838e-03 4.381687e-03 4.379953e-03 4.395529e-03 4.403322e-03 4.376419e-03 8.623922e-03 8.488056e-03 8.392779e-03 8.359117e-03 8.317232e-03
7.416745e-03 1.662454e-02 1.480112e-02 1.307482e-02 1.145311e-02 9.896039e-03 8.405320e-03 2.904269e-02 6.735566e-03 3.856397e-03 5.873305e-03 6.849103e-03 7.282232e-03 7.420920e-03 7.468311e-03 7.522636e-03 7.650162e-03 7.879380e-03 8.084053e-03 8.188633e-03 8.234561e-03 8.258294e-03 8.431221e-03 8.835082e-03 8.970312e-03 0.000000e+00 6.482526e-03 4.553113e-03 7.413394e-03 9.054958e-03 9.873373e-03 1.012655e-02 9.810675e-03 1.561179e-02 7.031940e-03 0.000000e+00 7.011950e-03 4.061125e-03 4.229783e-03 4.349253e-03 4.397818e-03 4.389550e-03 4.385780e-03 4.386875e-03 6.952015e-03 6.996591e-03 4.425869e-03 8.912359e-03 8.812957e-03 8.696569e-03 8.564445e-03 8.405476e-03
1.852075e-02 7.604813e-03 1.221835e-02 1.242546e-02 1.654373e-02 2.370510e-02 2.669009e-02 6.780904e-03 6.832054e-03 6.984990e-03 7.162602e-03 7.255689e-03 7.309727e-03 7.346904e-03 7.407434e-03 7.514498e-03 1.209818e-02 1.045342e-02 9.153813e-03 8.710384e-03 8.533439e-03 8.280595e-03 8.182338e-03 8.403598e-03 8.558271e-03 0.000000e+00 4.520706e-03 7.325380e-03 8.946256e-03 9.912440e-03 1.043919e-02 1.058793e-02 1.028259e-02 9.399781e-03 1.343976e-02 0.000000e+00 0.000000e+00 4.039360e-03 4.193756e-03 4.312249e-03 4.368145e-03 4.376124e-03 4.387623e-03 4.388724e-03 8.241448e-03 8.338522e-03 4.461986e-03 9.172412e-03 9.066582e-03 8.939322e-03 8.797670e-03 8.600923e-03
7.810488e-03 7.779391e-03 3.971693e-03 7.359921e-03 9.401498e-03 6.976981e-03 6.946421e-03 6.915034e-03 7.014433e-03 7.213346e-03 7.380152e-03 7.347819e-03 7.265622e-03 7.236532e-03 7.274335e-03 7.375324e-03 4.080959e-03 6.448432e-03 7.751108e-03 8.433994e-03 8.615094e-03 8.276810e-03 7.973732e-03 8.069779e-03 4.319089e-03 0.000000e+00 7.508068e-03 9.385688e-03 1.021508e-02 1.060905e-02 1.085867e-02 1.087602e-02 1.056935e-02 9.904478e-03 8.481288e-03 1.181210e-02 0.000000e+00 6.150434e-03 4.193871e-03 4.278636e-03 4.320793e-03 4.330702e-03 4.359599e-03 6.910710e-03 8.821371e-03 8.957293e-03 7.110677e-03 9.391452e-03 9.287279e-03 9.151058e-03 9.021554e-03 8.850239e-03
7.854394e-03 7.928362e-03 7.781520e-03 1.105430e-02 7.145948e-03 7.031143e-03 7.038663e-03 7.064968e-03 7.213548e-03 1.185677e-02 1.016484e-02 8.764369e-03 7.617661e-03 7.304845e-03 7.196297e-03 7.234753e-03 7.455610e-03 7.861590e-03 8.298675e-03 8.686596e-03 8.765372e-03 8.303404e-03 1.329666e-02 1.374040e-02 1.202377e-02 0.000000e+00 8.746883e-03 9.949469e-03 1.052425e-02 1.086231e-02 1.101755e-02 1.094803e-02 1.070169e-02 1.032969e-02 9.295023e-03 1.740831e-02 0.000000e+00 0.000000e+00 4.310565e-03 4.260870e-03 4.258485e-03 4.248657e-03 6.757903e-03 8.142118e-03 9.071138e-03 9.239799e-03 8.510560e-03 9.553021e-03 9.496090e-03 9.359409e-03 9.213328e-03 9.104360e-03
7.958500e-03 8.098531e-03 1.317437e-02 7.621352e-03 7.234651e-03 7.128763e-03 7.175049e-03 7.216751e-03 7.378412e-03 7.716720e-03 7.899859e-03 7.887943e-03 7.710636e-03 7.430513e-03 7.249512e-03 7.263737e-03 7.460756e-03 7.816929e-03 8.214478e-03 8.592250e-03 8.666942e-03 8.167480e-03 3.990217e-03 4.213201e-03 6.766817e-03 0.000000e+00 8.171396e-03 9.841346e-03 1.060417e-02 1.057148e-02 1.075726e-02 1.133318e-02 1.085837e-02 1.065178e-02 1.694933e-02 2.328841e-02 4.451456e-03 0.000000e+00 4.412882e-03 4.379352e-03 4.278449e-03 4.263833e-03 7.955732e-03 8.719779e-03 9.226140e-03 9.402380e-03 9.179952e-03 9.646001e-03 9.646659e-03 9.542246e-03 9.393954e-03 9.324609e-03
8.123447e-03 8.253480e-03 8.167424e-03 7.725257e-03 7.335691e-03 7.325597e-03 7.353818e-03 7.397810e-03 7.550022e-03 4.097283e-03 1.338328e-02 1.793490e-02 1.577645e-02 2.525025e-02 2.870184e-02 2.654328e-02 2.450736e-02 2.256743e-02 2.075805e-02 1.900651e-02 1.732822e-02 1.562377e-02 1.398010e-02 1.246953e-02 0.000000e+00 0.000000e+00 4.772300e-03 7.693219e-03 9.422942e-03 1.039808e-02 1.084861e-02 1.090001e-02 1.079995e-02 1.079595e-02 1.054323e-02 1.591856e-02 2.242619e-02 0.000000e+00 4.514628e-03 4.470124e-03 4.369572e-03 6.815288e-03 8.672577e-03 9.109437e-03 9.410776e-03 9.545570e-03 9.482835e-03 9.671024e-03 9.706634e-03 9.673694e-03 9.575718e-03 9.500055e-03
8.274381e-03 8.365492e-03 8.155715e-03 7.628049e-03 7.582072e-03 7.528160e-03 7.528827e-03 7.621897e-03 7.745550e-03 1.261951e-02 8.036263e-03 8.180021e-03 1.325911e-02 8.012929e-03 7.864292e-03 1.291678e-02 1.109138e-02 9.653878e-03 8.643972e-03 8.702601e-03 8.716702e-03 8.439183e-03 8.309316e-03 8.612703e-03 0.000000e+00 1.973608e-03 5.626075e-03 8.097960e-03 9.554070e-03 1.029405e-02 1.061866e-02 1.074224e-02 1.078586e-02 1.080711e-02 1.061392e-02 1.767151e-02 2.475195e-02 0.000000e+00 0.000000e+00 4.645630e-03 7.155235e-03 8.337003e-03 9.192967e-03 9.426692e-03 9.591903e-03 9.671907e-03 9.636979e-03 9.674367e-03 9.689574e-03 9.696226e-03 9.650390e-03 9.549143e-03
8.394843e-03 8.170504e-03 7.486712e-03 7.851868e-03 7.730788e-03 7.608598e-03 7.671610e-03 7.766954e-03 7.878869e-03 7.941103e-03 8.034341e-03 8.197884e-03 8.280654e-03 8.143004e-03 8.058897e-03 8.170690e-03 1.347441e-02 1.843947e-02 2.189562e-02 2.041773e-02 1.948055e-02 1.759672e-02 1.585145e-02 1.424452e-02 0.000000e+00 1.993984e-03 5.628666e-03 8.030141e-03 9.366830e-03 9.969308e-03 1.026667e-02 1.053504e-02 1.075099e-02 1.086922e-02 1.084587e-02 1.050003e-02 2.309187e-02 2.367835e-02 0.000000e+00 7.751506e-03 9.052168e-03 9.327224e-03 9.627928e-03 9.692765e-03 9.731018e-03 9.763519e-03 9.742531e-03 9.692738e-03 9.617661e-03 9.575308e-03 9.535216e-03 9.408148e-03
7.801515e-03 6.465328e-03 7.740093e-03 7.757422e-03 7.512676e-03 7.658541e-03 7.643204e-03 7.754073e-03 7.854775e-03 7.901315e-03 7.983585e-03 8.185011e-03 8.247714e-03 8.192070e-03 8.192286e-03 8.303002e-03 8.463856e-03 8.650716e-03 8.851945e-03 1.475821e-02 1.283563e-02 1.128611e-02 9.980420e-03 9.611286e-03 0.000000e+00 2.008272e-03 5.615803e-03 7.944001e-03 9.193194e-03 9.739711e-03 1.379784e-02 1.175551e-02 1.094578e-02 1.094721e-02 1.111408e-02 1.168648e-02 1.602108e-02 2.785546e-02 0.000000e+00 0.000000e+00 1.014867e-02 9.993850e-03 9.934040e-03 9.869276e-03 9.810682e-03 9.798374e-03 9.778887e-03 9.690684e-03 9.538104e-03 9.430604e-03 9.385881e-03 9.245607e-03
4.273848e-03 7.383472e-03 7.566658e-03 6.953794e-03 7.522811e-03 7.426820e-03 7.473078e-03 7.557641e-03 7.641258e-03 7.716574e-03 7.988655e-03 8.056990e-03 8.134859e-03 8.214888e-03 8.255684e-03 8.364873e-03 8.525937e-03 8.712643e-03 8.932461e-03 9.165945e-03 1.527824e-02 1.625757e-02 1.602828e-02 1.486877e-02 0.000000e+00 5.344106e-03 7.853222e-03 1.394801e-02 1.453594e-02 1.475157e-02 9.679575e-03 1.168965e-02 1.067902e-02 9.559163e-03 9.696207e-03 9.293454e-03 1.120870e-02 1.827746e-02 3.165753e-02 0.000000e+00 0.000000e+00 1.031527e-02 1.009986e-02 9.921640e-03 9.819245e-03 9.767698e-03 9.720876e-03 9.629575e-03 9.467617e-03 9.347881e-03 9.327740e-03 9.202843e-03
6.569313e-03 7.647364e-03 5.791872e-03 7.181388e-03 6.902580e-03 7.009818e-03 7.052441e-03 7.078376e-03 7.132356e-03 7.758156e-03 7.741852e-03 7.833408e-03 8.080376e-03 8.144814e-03 8.259648e-03 8.424845e-03 8.557163e-03 8.747486e-03 8.974163e-03 9.157163e-03 4.482341e-03 4.485180e-03 9.206462e-03 4.621715e-03 0.000000e+00 4.914394e-03 7.737882e-03 1.053683e-02 1.034769e-02 8.847417e-03 7.425830e-03 7.570319e-03 7.706398e-03 7.809400e-03 7.941530e-03 8.118495e-03 8.150654e-03 9.874317e-03 9.788598e-03 4.012197e-02 0.000000e+00 0.000000e+00 9.919465e-03 9.765798e-03 9.723448e-03 9.694129e-03 9.639758e-03 9.571870e-03 9.438027e-03 9.299430e-03 9.245010e-03 9.131526e-03
7.833297e-03 3.841415e-03 6.899640e-03 5.730016e-03 5.938118e-03 6.039574e-03 6.066875e-03 6.026687e-03 7.384163e-03 7.091125e-03 7.262040e-03 7.813253e-03 7.762123e-03 7.913458e-03 8.238503e-03 8.350198e-03 8.522537e-03 8.734720e-03 8.789940e-03 4.466681e-03 7.109924e-03 8.436769e-03 4.493091e-03 7.316507e-03 0.000000e+00 8.641320e-03 1.014854e-02 1.043432e-02 7.319135e-03 4.571585e-03 4.599042e-03 4.649916e-03 4.707058e-03 4.760989e-03 4.831861e-03 4.920848e-03 8.633346e-03 9.240163e-03 1.241968e-02 1.817821e-02 5.266773e-02 0.000000e+00 8.935137e-03 9.164325e-03 9.478324e-03 9.582517e-03 9.580794e-03 9.560045e-03 9.475132e-03 9.274960e-03 9.082756e-03 4.340743e-03
7.722998e-03 7.248254e-03 3.673484e-03 3.801263e-03 3.898117e-03 3.958095e-03 3.954007e-03 7.104212e-03 5.850802e-03 6.017707e-03 7.414149e-03 7.080003e-03 7.165311e-03 7.778588e-03 7.860016e-03 8.066416e-03 8.302443e-03 8.115523e-03 4.448549e-03 7.109148e-03 8.503177e-03 9.059614e-03 9.326813e-03 9.651046e-03 0.000000e+00 9.008201e-03 1.018159e-02 4.573682e-03 4.547036e-03 7.284623e-03 8.768910e-03 9.520838e-03 9.952940e-03 1.029898e-02 1.065242e-02 9.888427e-03 4.914824e-03 4.938960e-03 8.050009e-03 9.358780e-03 8.679584e-03 0.000000e+00 0.000000e+00 8.448546e-03 9.140960e-03 9.411769e-03 9.472672e-03 9.466409e-03 9.414862e-03 9.149583e-03 4.293317e-03 9.297349e-03
7.447187e-03 7.057042e-03 6.694441e-03 6.629090e-03 6.737007e-03 6.921137e-03 7.015090e-03 3.794761e-03 3.808824e-03 6.901701e-03 5.894063e-03 5.944292e-03 7.204620e-03 7.004126e-03 7.234938e-03 7.497379e-03 6.731635e-03 4.421024e-03 7.068888e-03 8.505378e-03 9.176762e-03 9.370227e-03 9.442754e-03 9.618238e-03 0.000000e+00 8.882221e-03 1.005199e-02 1.033615e-02 1.023849e-02 1.009321e-02 9.979531e-03 9.900889e-03 9.914363e-03 1.005623e-02 1.031358e-02 1.066304e-02 1.007225e-02 9.349321e-03 9.687890e-03 1.173587e-02 1.685057e-02 2.838623e-02 0.000000e+00 0.000000e+00 8.665637e-03 9.174558e-03 4.368186e-03 9.198947e-03 9.142224e-03 4.276942e-03 9.124378e-03 9.234266e-03
6.984526e-03 6.788650e-03 6.644711e-03 6.602365e-03 6.635308e-03 6.723055e-03 6.751627e-03 6.646452e-03 6.584436e-03 3.783823e-03 3.831019e-03 6.726854e-03 5.757315e-03 5.902434e-03 6.117186e-03 4.226805e-03 4.334094e-03 6.940498e-03 8.391203e-03 9.122901e-03 9.440597e-03 9.509459e-03 9.517812e-03 9.584867e-03 0.000000e+00 8.794111e-03 1.001615e-02 1.043104e-02 1.045142e-02 1.032496e-02 1.015630e-02 9.979383e-03 9.862453e-03 9.851309e-03 9.988383e-03 1.028447e-02 1.063155e-02 1.042525e-02 4.847289e-03 4.827737e-03 7.715639e-03 8.663093e-03 2.796541e-02 0.000000e+00 8.767961e-03 8.723139e-03 4.329171e-03 4.280922e-03 4.258153e-03 4.323315e-03 9.151771e-03 8.671177e-03
6.180489e-03 6.392037e-03 6.536148e-03 6.628071e-03 6.671435e-03 6.661552e-03 6.603683e-03 6.504538e-03 6.421809e-03 6.392278e-03 6.423302e-03 3.719206e-03 3.780078e-03 3.856126e-03 3.995096e-03 6.332758e-03 7.707432e-03 8.563962e-03 9.086731e-03 9.357655e-03 9.464734e-03 9.462422e-03 1.556455e-02 1.648582e-02 0.000000e+00 1.021924e-02 1.067539e-02 1.083956e-02 1.080714e-02 1.065087e-02 1.042669e-02 1.016447e-02 9.930758e-03 9.769875e-03 9.752241e-03 9.921791e-03 1.020487e-02 1.053211e-02 1.077936e-02 1.017990e-02 1.090265e-02 3.333333e+18 1.023658e-02 0.000000e+00 0.000000e+00 8.178938e-03 4.304197e-03 4.301160e-03 4.287769e-03 9.397075e-03 9.357496e-03 8.704798e-03
3.538694e-03 5.329262e-03 6.211338e-03 6.643192e-03 6.806763e-03 6.746867e-03 6.623639e-03 6.549110e-03 6.445884e-03 6.232298e-03 6.085127e-03 6.135099e-03 6.341087e-03 6.650045e-03 7.075195e-03 7.612401e-03 8.163848e-03 8.683605e-03 9.065140e-03 9.249982e-03 9.282653e-03 9.208175e-03 4.420210e-03 0.000000e+00 0.000000e+00 6.754393e-03 9.117236e-03 1.024334e-02 1.070915e-02 1.079590e-02 1.066635e-02 1.039895e-02 1.009442e-02 9.815409e-03 9.630652e-03 9.589898e-03 9.743141e-03 1.008275e-02 1.047753e-02 1.059490e-02 1.045372e-02 1.122698e-02 1.106579e-02 1.010922e-02 0.000000e+00 0.000000e+00 6.539656e-03 4.353291e-03 4.415782e-03 4.498282e-03 4.565244e-03 7.343019e-03
-9.999000e+03 -9.999000e+03 -9.999000e+03 -9.999000e+03 -9.999000e+03 -9.999000e+03 -9.999000e+03 3.759354e-03 3.703930e-03 3.543105e-03 3.469024e-03 3.535239e-03 5.332404e-03 6.363500e-03 7.064947e-03 7.611661e-03 8.100443e-03 8.579355e-03 8.926069e-03 9.060336e-03 9.038834e-03 8.907544e-03 8.922120e-03 0.000000e+00 2.163955e-03 5.556499e-03 7.874058e-03 9.392656e-03 1.030195e-02 1.073685e-02 1.082370e-02 1.063854e-02 1.031135e-02 9.928718e-03 9.581100e-03 9.332537e-03 9.331848e-03 9.637272e-03 1.007773e-02 1.053305e-02 1.050115e-02 1.033667e-02 1.150647e-02 1.089144e-02 9.625773e-03 0.000000e+00 0.000000e+00 4.478164e-03 4.549765e-03 4.601387e-03 4.626422e-03 4.621516e-03
-9.999000e+03 -9.999000e+03 -9.999000e+03 -9.999000e+03 -9.999000e+03 -9.999000e+03 -9.999000e+03 -9.999000e+03 -9.999000e+03 -9.999000e+03 5.131356e-03 5.146236e-03 3.714896e-03 3.940045e-03 6.145475e-03 7.267204e-03 7.900369e-03 8.405357e-03 8.736363e-03 8.823222e-03 8.771466e-03 8.657897e-03 8.727840e-03 0.000000e+00 2.153425e-03 5.516669e-03 7.794507e-03 9.306794e-03 1.026210e-02 1.065096e-02 1.106816e-02 1.090732e-02 1.056319e-02 1.009695e-02 9.633861e-03 9.268190e-03 9.136137e-03 9.297293e-03 9.664311e-03 1.016154e-02 1.063694e-02 1.029977e-02 1.079180e-02 1.138854e-02 1.038899e-02 9.018718e-03 0.000000e+00 0.000000e+00 4.611837e-03 4.677751e-03 -9.999000e+03 -9.999000e+03
