tests/data/reference/test_implicit_stream_rill_mfda/control/mqsheet_m3_s.asc
ncols	123
nrows	77
xllcorner	-713746.79929998
yllcorner	-1061022.36961616
cellsize	10.0
NODATA_value	-9999
[rows 46 to 68 of 77, columns 52 to 103 of 123]
7.008563e-03 6.869735e-03 6.832558e-03 6.980720e-03 7.169540e-03 6.895763e-03 6.921056e-03 6.956787e-03 6.995826e-03 7.425366e-03 7.406984e-03 2.300674e-02 7.898535e-03 7.868923e-03 7.544823e-03 7.561210e-03 8.200398e-03 7.960952e-03 8.248015e-03 8.414831e-03 8.555072e-03 8.765010e-03 8.895917e-03 8.800868e-03 9.546383e-03 0.000000e+00 1.807305e-03 4.509236e-03 6.898883e-03 7.945366e-03 8.074018e-03 0.000000e+00 0.000000e+00 0.000000e+00 8.232336e-03 8.550873e-03 8.783201e-03 4.456064e-03 4.523599e-03 4.535100e-03 4.525440e-03 4.497748e-03 4.454401e-03 4.386119e-03 4.323686e-03 4.268182e-03 4.209523e-03 7.652886e-03 7.516812e-03 7.554320e-03 7.729129e-03 7.915766e-03
7.032978e-03 6.712390e-03 6.571563e-03 6.740972e-03 5.855742e-03 5.878489e-03 5.899941e-03 5.979949e-03 7.194923e-03 6.850353e-03 2.457552e-02 7.514076e-03 7.238537e-03 6.316965e-03 6.281124e-03 7.621316e-03 6.362634e-03 6.632752e-03 6.853280e-03 6.940516e-03 7.049578e-03 7.244950e-03 7.389028e-03 9.508602e-03 4.594504e-03 0.000000e+00 1.857308e-03 5.321617e-03 7.332641e-03 8.385983e-03 8.765319e-03 8.649042e-03 8.135775e-03 0.000000e+00 0.000000e+00 7.948540e-03 8.394606e-03 4.380715e-03 4.494026e-03 4.527882e-03 4.518292e-03 4.482401e-03 4.452005e-03 4.416108e-03 4.386605e-03 4.355378e-03 4.310470e-03 7.969472e-03 7.791995e-03 7.789809e-03 7.969187e-03 8.144706e-03
7.188666e-03 6.778076e-03 6.566178e-03 3.816734e-03 3.879508e-03 3.869478e-03 3.882934e-03 6.886358e-03 5.868582e-03 2.622165e-02 7.177512e-03 6.166987e-03 4.118194e-03 4.083450e-03 7.399706e-03 4.045842e-03 4.108808e-03 4.246945e-03 4.321807e-03 4.340299e-03 4.403154e-03 4.507127e-03 9.038925e-03 7.347725e-03 8.883890e-03 0.000000e+00 1.957923e-03 9.992531e-03 9.815062e-03 9.678544e-03 9.600929e-03 9.359158e-03 8.581662e-03 3.543928e-03 0.000000e+00 6.986236e-03 7.922451e-03 4.288489e-03 4.440209e-03 4.509376e-03 4.512877e-03 4.472207e-03 4.449681e-03 4.436589e-03 4.433537e-03 4.423637e-03 4.389468e-03 8.314811e-03 8.134682e-03 8.077540e-03 8.176763e-03 8.273945e-03
7.371410e-03 6.989154e-03 3.722369e-03 5.549604e-03 6.333337e-03 6.601847e-03 6.679630e-03 3.827868e-03 2.793080e-02 6.914562e-03 3.997239e-03 4.072428e-03 6.210384e-03 7.092153e-03 4.047534e-03 6.122696e-03 7.091244e-03 7.643813e-03 7.974058e-03 8.127760e-03 8.255931e-03 8.453538e-03 4.473982e-03 4.622165e-03 1.267327e-02 0.000000e+00 6.865704e-03 8.572693e-03 9.380191e-03 9.751817e-03 9.916679e-03 9.809092e-03 9.232591e-03 7.671937e-03 0.000000e+00 0.000000e+00 7.528402e-03 4.193181e-03 4.364358e-03 4.469495e-03 4.499574e-03 4.471288e-03 4.455791e-03 4.454017e-03 4.469950e-03 4.477920e-03 4.450402e-03 8.639697e-03 8.504093e-03 8.406803e-03 8.369396e-03 8.323610e-03
7.441404e-03 1.741158e-02 1.552251e-02 1.373491e-02 1.204547e-02 1.043654e-02 8.898893e-03 2.963814e-02 6.734363e-03 3.917626e-03 5.950064e-03 6.902830e-03 7.311026e-03 7.433907e-03 7.473928e-03 7.526377e-03 7.655241e-03 7.887671e-03 8.094141e-03 8.197134e-03 8.240217e-03 8.262059e-03 8.437008e-03 8.847797e-03 8.986338e-03 0.000000e+00 5.991382e-03 4.631003e-03 7.530806e-03 9.156652e-03 9.939232e-03 1.015924e-02 9.816015e-03 1.581153e-02 7.010265e-03 0.000000e+00 6.992937e-03 4.127519e-03 4.300313e-03 4.422608e-03 4.472290e-03 4.463834e-03 4.459978e-03 4.461097e-03 7.063908e-03 7.109892e-03 4.500977e-03 8.927857e-03 8.829735e-03 8.711707e-03 8.574749e-03 8.410656e-03
1.936384e-02 7.602054e-03 1.231758e-02 1.255620e-02 1.675621e-02 2.418865e-02 2.730245e-02 6.778365e-03 6.830651e-03 6.988075e-03 7.169495e-03 7.262247e-03 7.314483e-03 7.350506e-03 7.411093e-03 7.519332e-03 1.219517e-02 1.052108e-02 9.174844e-03 8.679963e-03 8.523168e-03 8.274599e-03 8.178100e-03 8.406927e-03 8.569260e-03 0.000000e+00 4.597905e-03 7.449872e-03 9.057755e-03 9.977923e-03 1.047674e-02 1.060799e-02 1.028510e-02 9.381523e-03 1.370387e-02 0.000000e+00 0.000000e+00 4.099976e-03 4.263415e-03 4.384740e-03 4.441937e-03 4.450100e-03 4.461863e-03 4.462989e-03 8.330677e-03 8.430773e-03 4.537901e-03 9.187036e-03 9.081933e-03 8.953608e-03 8.808897e-03 8.608373e-03
7.810287e-03 7.779174e-03 4.035845e-03 7.352255e-03 9.538672e-03 6.968032e-03 6.942770e-03 6.912928e-03 7.013558e-03 7.217729e-03 7.387806e-03 7.352311e-03 7.266158e-03 7.236590e-03 7.276180e-03 7.379477e-03 4.147847e-03 6.542741e-03 7.827442e-03 8.482078e-03 8.638682e-03 8.278437e-03 7.965067e-03 8.066772e-03 4.391741e-03 0.000000e+00 6.496726e-03 9.201668e-03 1.023177e-02 1.064887e-02 1.087278e-02 1.088166e-02 1.056730e-02 9.889361e-03 8.452117e-03 1.198849e-02 0.000000e+00 6.226873e-03 4.263533e-03 4.350334e-03 4.393485e-03 4.403626e-03 4.433194e-03 7.021300e-03 8.872335e-03 9.011456e-03 7.228071e-03 9.404900e-03 9.300706e-03 9.163782e-03 9.033534e-03 8.861078e-03
7.854620e-03 7.929225e-03 7.780275e-03 1.120379e-02 7.131271e-03 7.021445e-03 7.034950e-03 7.062101e-03 7.212931e-03 1.192575e-02 1.022600e-02 8.807382e-03 7.582270e-03 7.289108e-03 7.190664e-03 7.235213e-03 7.461829e-03 7.874550e-03 8.316632e-03 8.705926e-03 8.778812e-03 8.300688e-03 1.343772e-02 1.386580e-02 1.216325e-02 0.000000e+00 6.970138e-03 9.545030e-03 1.048276e-02 1.088956e-02 1.104034e-02 1.094830e-02 1.069428e-02 1.031833e-02 9.272936e-03 1.761025e-02 0.000000e+00 0.000000e+00 4.377558e-03 4.332145e-03 4.329702e-03 4.319639e-03 6.863623e-03 8.228307e-03 9.095483e-03 9.266590e-03 8.607990e-03 9.564666e-03 9.508428e-03 9.371314e-03 9.225008e-03 9.117300e-03
7.960793e-03 8.100489e-03 1.327783e-02 7.610394e-03 7.221331e-03 7.122592e-03 7.169766e-03 7.213121e-03 7.377633e-03 7.720298e-03 7.907571e-03 7.893489e-03 7.710091e-03 7.424852e-03 7.243663e-03 7.262451e-03 7.465838e-03 7.828498e-03 8.230647e-03 8.610213e-03 8.679690e-03 8.163866e-03 4.054835e-03 4.283330e-03 6.871403e-03 0.000000e+00 6.823200e-03 9.559115e-03 1.059706e-02 1.057148e-02 1.075726e-02 1.135019e-02 1.077776e-02 1.062120e-02 1.694933e-02 2.349290e-02 4.427952e-03 0.000000e+00 4.482199e-03 4.447914e-03 4.350142e-03 4.335178e-03 8.035989e-03 8.768376e-03 9.238366e-03 9.415993e-03 9.238715e-03 9.655077e-03 9.657725e-03 9.553666e-03 9.404950e-03 9.337727e-03
8.129074e-03 8.259434e-03 8.166669e-03 7.719884e-03 7.336851e-03 7.319166e-03 7.349684e-03 7.396183e-03 7.549916e-03 4.164575e-03 1.351382e-02 1.820555e-02 1.610036e-02 2.577024e-02 2.942005e-02 2.741506e-02 2.548417e-02 2.362206e-02 2.177388e-02 2.001615e-02 1.827861e-02 1.651746e-02 1.481820e-02 1.326523e-02 0.000000e+00 0.000000e+00 4.793607e-03 7.805339e-03 9.539404e-03 1.048241e-02 1.089845e-02 1.092263e-02 1.080502e-02 1.078511e-02 1.053327e-02 1.622372e-02 2.263915e-02 0.000000e+00 4.586188e-03 4.540711e-03 4.443397e-03 6.921765e-03 8.721330e-03 9.135779e-03 9.420329e-03 9.554893e-03 9.512589e-03 9.677061e-03 9.714913e-03 9.683856e-03 9.586473e-03 9.511940e-03
8.290511e-03 8.374900e-03 8.168349e-03 7.655852e-03 7.581447e-03 7.526929e-03 7.532138e-03 7.623632e-03 7.749530e-03 1.273602e-02 8.042266e-03 8.187659e-03 1.340393e-02 8.012662e-03 7.860278e-03 1.301269e-02 1.120061e-02 9.737741e-03 8.609509e-03 8.696259e-03 8.719966e-03 8.437667e-03 8.304635e-03 8.616496e-03 0.000000e+00 1.932664e-03 5.674711e-03 8.203876e-03 9.657873e-03 1.036519e-02 1.065730e-02 1.076027e-02 1.079399e-02 1.081161e-02 1.060374e-02 1.786949e-02 2.475195e-02 0.000000e+00 0.000000e+00 4.719953e-03 7.263064e-03 8.429447e-03 9.224465e-03 9.445006e-03 9.602113e-03 9.680372e-03 9.651690e-03 9.678057e-03 9.694132e-03 9.703278e-03 9.659354e-03 9.557708e-03
8.414693e-03 8.211623e-03 7.553705e-03 7.863384e-03 7.734906e-03 7.624126e-03 7.677304e-03 7.775806e-03 7.888686e-03 7.950794e-03 8.044619e-03 8.210063e-03 8.288890e-03 8.147432e-03 8.060381e-03 8.172490e-03 1.359302e-02 1.871332e-02 2.189562e-02 2.041773e-02 2.039450e-02 1.848507e-02 1.673109e-02 1.506237e-02 0.000000e+00 1.949097e-03 5.676121e-03 8.133748e-03 9.464556e-03 1.003152e-02 1.029829e-02 1.055280e-02 1.076532e-02 1.088138e-02 1.084258e-02 1.049056e-02 2.309187e-02 2.367835e-02 0.000000e+00 7.876691e-03 9.153314e-03 9.393796e-03 9.652644e-03 9.708627e-03 9.741104e-03 9.771279e-03 9.751323e-03 9.695735e-03 9.618886e-03 9.577055e-03 9.538521e-03 9.410280e-03
7.880091e-03 6.561517e-03 7.769192e-03 7.760326e-03 7.547544e-03 7.669416e-03 7.660376e-03 7.771234e-03 7.872920e-03 7.919927e-03 8.003372e-03 8.196153e-03 8.260766e-03 8.202045e-03 8.197371e-03 8.309186e-03 8.470803e-03 8.657766e-03 8.860398e-03 1.488366e-02 1.296811e-02 1.139914e-02 1.004858e-02 9.587857e-03 0.000000e+00 1.959078e-03 5.661857e-03 8.044792e-03 9.285345e-03 9.796114e-03 1.379784e-02 1.175551e-02 1.094578e-02 1.094721e-02 1.111408e-02 1.168648e-02 1.602108e-02 2.785546e-02 0.000000e+00 0.000000e+00 1.022608e-02 1.002975e-02 9.954831e-03 9.882833e-03 9.819016e-03 9.804432e-03 9.784955e-03 9.693524e-03 9.537456e-03 9.428077e-03 9.383775e-03 9.242524e-03
4.345431e-03 7.448408e-03 7.565300e-03 7.010231e-03 7.533935e-03 7.461160e-03 7.505475e-03 7.590314e-03 7.675204e-03 7.752743e-03 8.002107e-03 8.079677e-03 8.156232e-03 8.225695e-03 8.268730e-03 8.377743e-03 8.535488e-03 8.723553e-03 8.944329e-03 9.178393e-03 1.541666e-02 1.649032e-02 1.602828e-02 1.486877e-02 0.000000e+00 4.965778e-03 7.863528e-03 1.394801e-02 1.453594e-02 1.475157e-02 9.749693e-03 1.168965e-02 1.067902e-02 9.692126e-03 9.834119e-03 9.293454e-03 1.120870e-02 1.827746e-02 3.165753e-02 0.000000e+00 0.000000e+00 1.033756e-02 1.010555e-02 9.930998e-03 9.824728e-03 9.771120e-03 9.723749e-03 9.631093e-03 9.466621e-03 9.344980e-03 9.325210e-03 9.200197e-03
6.668409e-03 7.657319e-03 5.866291e-03 7.181863e-03 6.959557e-03 7.068326e-03 7.111113e-03 7.137082e-03 7.192408e-03 7.771420e-03 7.781434e-03 7.873165e-03 8.096056e-03 8.169262e-03 8.285314e-03 8.441293e-03 8.575548e-03 8.765908e-03 8.992773e-03 9.186522e-03 4.558705e-03 4.561606e-03 9.265271e-03 4.701026e-03 0.000000e+00 4.885891e-03 7.834839e-03 1.051600e-02 1.035908e-02 8.955281e-03 7.554015e-03 7.703078e-03 7.843886e-03 7.950859e-03 8.087723e-03 8.271014e-03 8.306266e-03 1.000745e-02 9.845475e-03 4.012197e-02 0.000000e+00 0.000000e+00 9.918411e-03 9.768019e-03 9.725031e-03 9.694915e-03 9.639786e-03 9.572051e-03 9.437933e-03 9.298298e-03 9.243728e-03 9.130710e-03
7.871454e-03 3.902262e-03 6.889223e-03 5.802399e-03 6.016555e-03 6.121191e-03 6.149505e-03 6.108146e-03 7.392515e-03 7.151618e-03 7.327121e-03 7.831722e-03 7.801638e-03 7.955681e-03 8.260734e-03 8.380793e-03 8.553358e-03 8.765915e-03 8.843539e-03 4.542700e-03 7.227357e-03 8.532033e-03 4.569691e-03 7.440330e-03 0.000000e+00 7.137912e-03 9.833054e-03 1.039003e-02 7.444245e-03 4.649863e-03 4.677890e-03 4.729793e-03 4.788046e-03 4.842977e-03 4.915087e-03 5.005489e-03 8.633346e-03 9.240163e-03 1.241968e-02 2.065635e-02 5.266773e-02 0.000000e+00 8.916773e-03 9.145199e-03 9.474479e-03 9.581220e-03 9.580048e-03 9.560660e-03 9.477160e-03 9.275450e-03 9.080294e-03 4.413901e-03
7.740158e-03 7.245133e-03 3.730039e-03 3.861086e-03 3.960407e-03 4.021904e-03 4.017712e-03 7.109439e-03 5.926768e-03 6.098405e-03 7.429514e-03 7.140421e-03 7.227452e-03 7.799297e-03 7.903640e-03 8.113076e-03 8.352149e-03 8.201702e-03 4.524165e-03 7.226324e-03 8.600565e-03 9.115519e-03 9.352791e-03 9.666977e-03 0.000000e+00 7.225362e-03 9.784307e-03 4.652005e-03 4.624797e-03 7.408319e-03 8.874474e-03 9.587011e-03 9.989707e-03 1.032204e-02 1.067214e-02 9.888427e-03 4.999375e-03 5.023868e-03 8.203326e-03 9.474677e-03 8.707188e-03 0.000000e+00 0.000000e+00 8.423756e-03 9.131833e-03 9.408365e-03 9.471399e-03 9.466583e-03 9.416889e-03 9.149056e-03 4.365362e-03 9.325130e-03
7.451183e-03 7.051165e-03 6.684751e-03 6.624313e-03 6.738989e-03 6.927482e-03 7.021415e-03 3.854418e-03 3.868840e-03 6.907894e-03 5.971217e-03 6.022986e-03 7.219165e-03 7.063157e-03 7.299362e-03 7.568312e-03 6.835321e-03 4.496023e-03 7.184533e-03 8.602791e-03 9.236300e-03 9.398033e-03 9.453376e-03 9.625500e-03 0.000000e+00 7.136547e-03 9.663947e-03 1.029395e-02 1.025010e-02 1.009582e-02 9.977705e-03 9.899443e-03 9.915104e-03 1.006123e-02 1.032419e-02 1.067936e-02 1.007225e-02 9.349321e-03 9.687890e-03 1.173587e-02 1.685057e-02 3.234656e-02 0.000000e+00 0.000000e+00 8.644628e-03 9.168628e-03 4.441980e-03 9.194712e-03 9.138912e-03 4.348599e-03 9.147188e-03 9.296908e-03
6.988476e-03 6.784942e-03 6.640910e-03 6.601112e-03 6.636790e-03 6.726675e-03 6.755111e-03 6.646978e-03 6.583871e-03 3.843200e-03 3.891601e-03 6.734158e-03 5.830520e-03 5.979814e-03 6.200853e-03 4.297262e-03 4.407097e-03 7.051363e-03 8.485343e-03 9.182705e-03 9.472231e-03 9.523353e-03 9.523002e-03 9.588572e-03 0.000000e+00 7.074870e-03 9.631932e-03 1.039148e-02 1.046881e-02 1.033206e-02 1.015499e-02 9.975111e-03 9.858261e-03 9.849973e-03 9.992278e-03 1.029536e-02 1.064873e-02 1.042525e-02 4.930772e-03 4.910893e-03 7.856894e-03 8.755432e-03 2.796541e-02 0.000000e+00 8.424222e-03 8.704668e-03 4.402059e-03 4.352673e-03 4.329363e-03 4.396066e-03 9.210658e-03 8.774595e-03
6.216727e-03 6.405507e-03 6.543063e-03 6.633247e-03 6.675280e-03 6.663831e-03 6.604372e-03 6.503824e-03 6.420797e-03 6.392287e-03 6.425002e-03 3.776931e-03 3.839359e-03 3.917348e-03 4.059837e-03 6.423211e-03 7.783088e-03 8.616947e-03 9.122107e-03 9.380103e-03 9.477542e-03 9.468441e-03 1.572667e-02 1.655173e-02 0.000000e+00 7.613848e-03 1.001881e-02 1.072484e-02 1.080926e-02 1.065673e-02 1.042502e-02 1.015790e-02 9.922389e-03 9.762819e-03 9.749370e-03 9.925770e-03 1.021624e-02 1.054887e-02 1.077936e-02 1.017990e-02 1.090265e-02 1.159457e-02 1.033266e-02 0.000000e+00 0.000000e+00 8.159977e-03 4.376499e-03 4.373391e-03 4.359682e-03 9.423126e-03 9.422201e-03 8.809109e-03
3.591805e-03 5.390695e-03 6.253103e-03 6.666535e-03 6.818426e-03 6.750348e-03 6.622706e-03 6.547827e-03 6.444653e-03 6.229081e-03 6.081823e-03 6.135580e-03 6.346541e-03 6.659754e-03 7.089168e-03 7.631260e-03 8.186494e-03 8.707878e-03 9.087622e-03 9.266582e-03 9.291725e-03 9.210874e-03 4.495191e-03 0.000000e+00 0.000000e+00 6.162718e-03 9.059026e-03 1.030300e-02 1.076417e-02 1.082167e-02 1.067271e-02 1.039447e-02 1.008445e-02 9.804285e-03 9.621753e-03 9.585856e-03 9.746209e-03 1.009446e-02 1.049655e-02 1.059490e-02 1.045372e-02 1.122698e-02 1.093086e-02 1.004973e-02 0.000000e+00 0.000000e+00 6.629520e-03 4.426740e-03 4.490662e-03 4.574995e-03 4.643389e-03 7.468382e-03
-9.999000e+03 -9.999000e+03 -9.999000e+03 -9.999000e+03 -9.999000e+03 -9.999000e+03 -9.999000e+03 3.818106e-03 3.761264e-03 3.596328e-03 3.520362e-03 3.588262e-03 5.393923e-03 6.408896e-03 7.096842e-03 7.636570e-03 8.122596e-03 8.601202e-03 8.946256e-03 9.074637e-03 9.045394e-03 8.907711e-03 8.921835e-03 0.000000e+00 2.012881e-03 5.574250e-03 7.963990e-03 9.488437e-03 1.037550e-02 1.078317e-02 1.084645e-02 1.064315e-02 1.030389e-02 9.915301e-03 9.566738e-03 9.320889e-03 9.327003e-03 9.643450e-03 1.009498e-02 1.055705e-02 1.050115e-02 1.033667e-02 1.150647e-02 1.095503e-02 9.731581e-03 0.000000e+00 0.000000e+00 4.548928e-03 4.627584e-03 4.680283e-03 4.705828e-03 4.700823e-03
-9.999000e+03 -9.999000e+03 -9.999000e+03 -9.999000e+03 -9.999000e+03 -9.999000e+03 -9.999000e+03 -9.999000e+03 -9.999000e+03 -9.999000e+03 5.187540e-03 5.202888e-03 3.772511e-03 4.003398e-03 6.230285e-03 7.331205e-03 7.939425e-03 8.431564e-03 8.756308e-03 8.835656e-03 8.776033e-03 8.657422e-03 8.728751e-03 0.000000e+00 2.006190e-03 5.535060e-03 7.882621e-03 9.400167e-03 1.033524e-02 1.065096e-02 1.109688e-02 1.090668e-02 1.055532e-02 1.008186e-02 9.615472e-03 9.251604e-03 9.126125e-03 9.297689e-03 9.675919e-03 1.018259e-02 1.066347e-02 1.029977e-02 1.079180e-02 1.147479e-02 1.033235e-02 9.106611e-03 0.000000e+00 0.000000e+00 4.690947e-03 4.758175e-03 -9.999000e+03 -9.999000e+03
