tests/data/reference/test_implicit_stream_rill_mfda/control/mqsheet_m3_s.asc
ncols	123
nrows	77
xllcorner	-713746.79929998
yllcorner	-1061022.36961616
cellsize	10.0
NODATA_value	-9999
[rows 46 to 68 of 77, columns 52 to 103 of 123]
6.014013e-03 5.900042e-03 5.884716e-03 6.032522e-03 6.200310e-03 6.020928e-03 6.042828e-03 6.075321e-03 6.107461e-03 6.410129e-03 6.423939e-03 1.589400e-02 6.829571e-03 6.831231e-03 6.603849e-03 6.621964e-03 7.103791e-03 6.998728e-03 7.255712e-03 7.399528e-03 7.527667e-03 7.722883e-03 7.835175e-03 7.731916e-03 8.229329e-03 0.000000e+00 1.546411e-03 4.148326e-03 6.164626e-03 6.976727e-03 7.013087e-03 0.000000e+00 0.000000e+00 0.000000e+00 7.090714e-03 7.342987e-03 7.549125e-03 4.092518e-03 4.160066e-03 4.171595e-03 4.161911e-03 4.134181e-03 4.090859e-03 4.022820e-03 3.960823e-03 3.905875e-03 3.847970e-03 6.604897e-03 6.481593e-03 6.516840e-03 6.677362e-03 6.843082e-03
6.023809e-03 5.747216e-03 5.640663e-03 5.809726e-03 5.183793e-03 5.202023e-03 5.222951e-03 5.298374e-03 6.215174e-03 5.977493e-03 1.744014e-02 6.493151e-03 6.324310e-03 5.607233e-03 5.574874e-03 6.579797e-03 5.655339e-03 5.912233e-03 6.117481e-03 6.197536e-03 6.302829e-03 6.490168e-03 6.624707e-03 8.232671e-03 4.231257e-03 0.000000e+00 1.597924e-03 4.799754e-03 6.514537e-03 7.360273e-03 7.631443e-03 7.487321e-03 7.067877e-03 0.000000e+00 0.000000e+00 6.800504e-03 7.197703e-03 4.017445e-03 4.130457e-03 4.164358e-03 4.154749e-03 4.118831e-03 4.088466e-03 4.052671e-03 4.023304e-03 3.992269e-03 3.947725e-03 6.884934e-03 6.727885e-03 6.723696e-03 6.880306e-03 7.031764e-03
6.157271e-03 5.798839e-03 5.625602e-03 3.464393e-03 3.525231e-03 3.515499e-03 3.528556e-03 5.941546e-03 5.195395e-03 1.906730e-02 6.196802e-03 5.470526e-03 3.758148e-03 3.724082e-03 6.400471e-03 3.687271e-03 3.748940e-03 3.884891e-03 3.958961e-03 3.977301e-03 4.039771e-03 4.143569e-03 7.829222e-03 6.586344e-03 7.815325e-03 0.000000e+00 1.699089e-03 8.892686e-03 8.520670e-03 8.363073e-03 8.301900e-03 8.083624e-03 7.376706e-03 3.208665e-03 0.000000e+00 5.983824e-03 6.784614e-03 3.925960e-03 4.076697e-03 4.145820e-03 4.149326e-03 4.108642e-03 4.086148e-03 4.073086e-03 4.070043e-03 4.060174e-03 4.026151e-03 7.186432e-03 7.029979e-03 6.976303e-03 7.056500e-03 7.134777e-03
6.328081e-03 5.991947e-03 3.373253e-03 4.898868e-03 5.512120e-03 5.706382e-03 5.757658e-03 3.475171e-03 2.069744e-02 5.962739e-03 3.639795e-03 3.713288e-03 5.507774e-03 6.183394e-03 3.688926e-03 5.425392e-03 6.187584e-03 6.629174e-03 6.894814e-03 7.012162e-03 7.118368e-03 7.293175e-03 4.110416e-03 4.259107e-03 1.091958e-02 0.000000e+00 6.866793e-03 7.716775e-03 8.229673e-03 8.484941e-03 8.606001e-03 8.488307e-03 7.952837e-03 6.581331e-03 0.000000e+00 0.000000e+00 6.450842e-03 3.831868e-03 4.001188e-03 4.105933e-03 4.136008e-03 4.107724e-03 4.092246e-03 4.090475e-03 4.106387e-03 4.114352e-03 4.086867e-03 7.466107e-03 7.352103e-03 7.264362e-03 7.221249e-03 7.170702e-03
6.421178e-03 1.245796e-02 1.075943e-02 9.167265e-03 7.661202e-03 6.247783e-03 5.737710e-03 2.244688e-02 5.793176e-03 3.562256e-03 5.268014e-03 6.021429e-03 6.330760e-03 6.412626e-03 6.438321e-03 6.483071e-03 6.599049e-03 6.807243e-03 6.984872e-03 7.066278e-03 7.097977e-03 7.114526e-03 7.275736e-03 7.649845e-03 7.783403e-03 0.000000e+00 5.819079e-03 4.268015e-03 6.770269e-03 8.096538e-03 8.697567e-03 8.830009e-03 8.479693e-03 1.322978e-02 6.025164e-03 0.000000e+00 6.013866e-03 3.767301e-03 3.937665e-03 4.059148e-03 4.108725e-03 4.100278e-03 4.096426e-03 4.097544e-03 6.308169e-03 6.352563e-03 4.137413e-03 7.712080e-03 7.630759e-03 7.526614e-03 7.399128e-03 7.247218e-03
1.418820e-02 6.530169e-03 1.024174e-02 1.033854e-02 1.351087e-02 1.885646e-02 2.097605e-02 5.824697e-03 5.874123e-03 6.024379e-03 6.184523e-03 6.259274e-03 6.300913e-03 6.330508e-03 6.384054e-03 6.480601e-03 1.023897e-02 8.643640e-03 7.628839e-03 7.438538e-03 7.320857e-03 7.103422e-03 7.030096e-03 7.251879e-03 7.414846e-03 0.000000e+00 4.234679e-03 6.678267e-03 7.974383e-03 8.729758e-03 9.129996e-03 9.207442e-03 8.884554e-03 8.056761e-03 1.117519e-02 0.000000e+00 0.000000e+00 3.745184e-03 3.901162e-03 4.021448e-03 4.078420e-03 4.086565e-03 4.098309e-03 4.099434e-03 7.301811e-03 7.394610e-03 4.174403e-03 7.933182e-03 7.842471e-03 7.730518e-03 7.603472e-03 7.426036e-03
6.718682e-03 6.691202e-03 3.677498e-03 6.301382e-03 7.506815e-03 5.984089e-03 5.969880e-03 5.942818e-03 6.033535e-03 6.225555e-03 6.372589e-03 6.328772e-03 6.249444e-03 6.226933e-03 6.265806e-03 6.359485e-03 3.787268e-03 5.822697e-03 6.858387e-03 7.368931e-03 7.458942e-03 7.105305e-03 6.832276e-03 6.947481e-03 4.028412e-03 0.000000e+00 6.420817e-03 8.314911e-03 8.976634e-03 9.224139e-03 9.423444e-03 9.425313e-03 9.126001e-03 8.508515e-03 7.248446e-03 9.602014e-03 0.000000e+00 5.541499e-03 3.901279e-03 3.987260e-03 4.030148e-03 4.040241e-03 4.069700e-03 6.267060e-03 7.699650e-03 7.824452e-03 6.464246e-03 8.117593e-03 8.027638e-03 7.908594e-03 7.797064e-03 7.649683e-03
6.758205e-03 6.823361e-03 6.687539e-03 9.081901e-03 6.104944e-03 6.027703e-03 6.048751e-03 6.071326e-03 6.207763e-03 9.986830e-03 8.361075e-03 7.060197e-03 6.475417e-03 6.249601e-03 6.180487e-03 6.229855e-03 6.438367e-03 6.809383e-03 7.196155e-03 7.529544e-03 7.568477e-03 7.114736e-03 1.115911e-02 1.146097e-02 9.815507e-03 0.000000e+00 6.981262e-03 8.619116e-03 9.180546e-03 9.423777e-03 9.522629e-03 9.456766e-03 9.235892e-03 8.901225e-03 7.976190e-03 1.407495e-02 0.000000e+00 0.000000e+00 4.017776e-03 3.969211e-03 3.966789e-03 3.956812e-03 6.115618e-03 7.206766e-03 7.857285e-03 8.008359e-03 7.556125e-03 8.250180e-03 8.205471e-03 8.086966e-03 7.959638e-03 7.872007e-03
6.850954e-03 6.971210e-03 1.108092e-02 6.514390e-03 6.182270e-03 6.116020e-03 6.160352e-03 6.199193e-03 6.348487e-03 6.656419e-03 6.821734e-03 6.796372e-03 6.625289e-03 6.372015e-03 6.221678e-03 6.251087e-03 6.440057e-03 6.765828e-03 7.118226e-03 7.445450e-03 7.482552e-03 6.994857e-03 3.696068e-03 3.920856e-03 6.132731e-03 0.000000e+00 6.817505e-03 8.653659e-03 9.302235e-03 9.561810e-03 9.648714e-03 9.475995e-03 9.271738e-03 9.176953e-03 1.507351e-02 1.881254e-02 4.087089e-03 0.000000e+00 4.121452e-03 4.087426e-03 3.987070e-03 3.972220e-03 7.033515e-03 7.608264e-03 7.968655e-03 8.123015e-03 8.027067e-03 8.321644e-03 8.329427e-03 8.242256e-03 8.113468e-03 8.059643e-03
6.998455e-03 7.109979e-03 7.015991e-03 6.617506e-03 6.298782e-03 6.281886e-03 6.313818e-03 6.357789e-03 6.494087e-03 3.803714e-03 1.124632e-02 1.486853e-02 1.278678e-02 2.040932e-02 2.301762e-02 2.092193e-02 1.895193e-02 1.718473e-02 1.547502e-02 1.382208e-02 1.224041e-02 1.065363e-02 9.135944e-03 7.732304e-03 0.000000e+00 0.000000e+00 4.443035e-03 7.020693e-03 8.416480e-03 9.145767e-03 9.443088e-03 9.417006e-03 9.293795e-03 9.317992e-03 9.098831e-03 1.314571e-02 1.796955e-02 0.000000e+00 4.225011e-03 4.179657e-03 4.079877e-03 6.178378e-03 7.577851e-03 7.903108e-03 8.126596e-03 8.239455e-03 8.223560e-03 8.333954e-03 8.370388e-03 8.349964e-03 8.269987e-03 8.205818e-03
7.152364e-03 7.210687e-03 7.034702e-03 6.610344e-03 6.510348e-03 6.466136e-03 6.479681e-03 6.559535e-03 6.671072e-03 1.067226e-02 6.930676e-03 7.060134e-03 1.125530e-02 6.880694e-03 6.746677e-03 1.083082e-02 9.116556e-03 7.753782e-03 7.378798e-03 7.487438e-03 7.508592e-03 7.244085e-03 7.136216e-03 7.438320e-03 0.000000e+00 1.656774e-03 5.128324e-03 7.314330e-03 8.484715e-03 9.015486e-03 9.217249e-03 9.280344e-03 9.298424e-03 9.309981e-03 9.148912e-03 1.498803e-02 2.475195e-02 0.000000e+00 0.000000e+00 4.359034e-03 6.519845e-03 7.407696e-03 7.992750e-03 8.162350e-03 8.283644e-03 8.345964e-03 8.326040e-03 8.331917e-03 8.344706e-03 8.357021e-03 8.324267e-03 8.234457e-03
7.271336e-03 7.110272e-03 6.595247e-03 6.780587e-03 6.659086e-03 6.575317e-03 6.611129e-03 6.704361e-03 6.802601e-03 6.853729e-03 6.937390e-03 7.085927e-03 7.144604e-03 7.008760e-03 6.930262e-03 7.033371e-03 1.139420e-02 1.537910e-02 1.907325e-02 1.696410e-02 1.506420e-02 1.329528e-02 1.169566e-02 1.024448e-02 0.000000e+00 1.671672e-03 5.128194e-03 7.244908e-03 8.302245e-03 8.710419e-03 8.901410e-03 9.113479e-03 9.292155e-03 9.382440e-03 9.370440e-03 9.054037e-03 2.042856e-02 2.367835e-02 0.000000e+00 7.109652e-03 8.114374e-03 8.191544e-03 8.353817e-03 8.384803e-03 8.399989e-03 8.421170e-03 8.405624e-03 8.348008e-03 8.274296e-03 8.235125e-03 8.203324e-03 8.090563e-03
6.903456e-03 5.829017e-03 6.720292e-03 6.692576e-03 6.546458e-03 6.614932e-03 6.614186e-03 6.713698e-03 6.803226e-03 6.841996e-03 6.914830e-03 7.072174e-03 7.128549e-03 7.068326e-03 7.056639e-03 7.157546e-03 7.300435e-03 7.463433e-03 7.640049e-03 1.252716e-02 1.066101e-02 9.195408e-03 8.271883e-03 8.233186e-03 0.000000e+00 1.680905e-03 5.113175e-03 7.158423e-03 8.135533e-03 8.499320e-03 1.379784e-02 1.175551e-02 1.094578e-02 1.094721e-02 1.111408e-02 1.168648e-02 1.602108e-02 2.785546e-02 0.000000e+00 0.000000e+00 8.978158e-03 8.739507e-03 8.602920e-03 8.526810e-03 8.461497e-03 8.444475e-03 8.428160e-03 8.344777e-03 8.202767e-03 8.102787e-03 8.064406e-03 7.941616e-03
3.982394e-03 6.490456e-03 6.505185e-03 6.127193e-03 6.511426e-03 6.469208e-03 6.502322e-03 6.578045e-03 6.655659e-03 6.725593e-03 6.908958e-03 6.984955e-03 7.049128e-03 7.093688e-03 7.130634e-03 7.223747e-03 7.357312e-03 7.523827e-03 7.716819e-03 7.919578e-03 1.299036e-02 1.382825e-02 1.440653e-02 1.486877e-02 0.000000e+00 4.633530e-03 7.063618e-03 1.252603e-02 1.453594e-02 1.475157e-02 8.487934e-03 1.168965e-02 1.067902e-02 8.562252e-03 8.692430e-03 9.293454e-03 1.120870e-02 1.827746e-02 3.165753e-02 0.000000e+00 0.000000e+00 8.986975e-03 8.752606e-03 8.556428e-03 8.459575e-03 8.409491e-03 8.366615e-03 8.285985e-03 8.142470e-03 8.035838e-03 8.020636e-03 7.914127e-03
5.933547e-03 6.584633e-03 5.189227e-03 6.197455e-03 6.084760e-03 6.173852e-03 6.207268e-03 6.229472e-03 6.283934e-03 6.718642e-03 6.756907e-03 6.830923e-03 6.992837e-03 7.067727e-03 7.166408e-03 7.286014e-03 7.403820e-03 7.569096e-03 7.765831e-03 7.946711e-03 4.195278e-03 4.198192e-03 8.057109e-03 4.338752e-03 0.000000e+00 4.543966e-03 7.044640e-03 9.204881e-03 8.923480e-03 7.874562e-03 6.777476e-03 6.923301e-03 7.059702e-03 7.162183e-03 7.295209e-03 7.474215e-03 7.502513e-03 8.856537e-03 8.545156e-03 4.012197e-02 0.000000e+00 0.000000e+00 8.575598e-03 8.397126e-03 8.364174e-03 8.339355e-03 8.290858e-03 8.234411e-03 8.121148e-03 7.999411e-03 7.950252e-03 7.854164e-03
6.822797e-03 3.547325e-03 5.905661e-03 5.137817e-03 5.334512e-03 5.428830e-03 5.452418e-03 5.413157e-03 6.382907e-03 6.257580e-03 6.413376e-03 6.775132e-03 6.776000e-03 6.915147e-03 7.151503e-03 7.261176e-03 7.407789e-03 7.589703e-03 7.683736e-03 4.179217e-03 6.463223e-03 7.483200e-03 4.206311e-03 6.670857e-03 0.000000e+00 7.208483e-03 8.910096e-03 9.078477e-03 6.668927e-03 4.287039e-03 4.315349e-03 4.367898e-03 4.427072e-03 4.483067e-03 4.556869e-03 4.649882e-03 8.633346e-03 9.240163e-03 1.241968e-02 1.400990e-02 5.266773e-02 0.000000e+00 7.653302e-03 7.860774e-03 8.135411e-03 8.237872e-03 8.240875e-03 8.228321e-03 8.160825e-03 7.982122e-03 7.803293e-03 4.050473e-03
6.677910e-03 6.209001e-03 3.380647e-03 3.507359e-03 3.603887e-03 3.663875e-03 3.659780e-03 6.126476e-03 5.249296e-03 5.412295e-03 6.432929e-03 6.244550e-03 6.323253e-03 6.759026e-03 6.878188e-03 7.059783e-03 7.266512e-03 7.195372e-03 4.160634e-03 6.463459e-03 7.549340e-03 7.910758e-03 8.080537e-03 8.352545e-03 0.000000e+00 7.306517e-03 8.848560e-03 4.289201e-03 4.261760e-03 6.635418e-03 7.799429e-03 8.338486e-03 8.648718e-03 8.923562e-03 9.225413e-03 9.575434e-03 4.643573e-03 4.668861e-03 7.397331e-03 8.346036e-03 7.510414e-03 0.000000e+00 0.000000e+00 7.239435e-03 7.831990e-03 8.084100e-03 8.144024e-03 8.141795e-03 8.102440e-03 7.866046e-03 4.002186e-03 8.050754e-03
6.409373e-03 6.045431e-03 5.730352e-03 5.695899e-03 5.807249e-03 5.975769e-03 6.051786e-03 3.500895e-03 3.514880e-03 5.965734e-03 5.292265e-03 5.338929e-03 6.248356e-03 6.180399e-03 6.394429e-03 6.635560e-03 6.096722e-03 4.132455e-03 6.424398e-03 7.554640e-03 8.025824e-03 8.115787e-03 8.146554e-03 8.301410e-03 0.000000e+00 7.195501e-03 8.732634e-03 8.993243e-03 8.828450e-03 8.674945e-03 8.575873e-03 8.512907e-03 8.534817e-03 8.673123e-03 8.912267e-03 9.229411e-03 9.554856e-03 9.349321e-03 9.687890e-03 1.173587e-02 1.685057e-02 2.162292e-02 0.000000e+00 0.000000e+00 7.436704e-03 7.872192e-03 4.078463e-03 7.893532e-03 7.845727e-03 3.985538e-03 7.876178e-03 8.081773e-03
6.008042e-03 5.827877e-03 5.706917e-03 5.678985e-03 5.714872e-03 5.796124e-03 5.817525e-03 5.716092e-03 5.663226e-03 3.490022e-03 3.536971e-03 5.815655e-03 5.161985e-03 5.300679e-03 5.507604e-03 3.934645e-03 4.043697e-03 6.300066e-03 7.451838e-03 7.984463e-03 8.190923e-03 8.208696e-03 8.199570e-03 8.259760e-03 0.000000e+00 7.118608e-03 8.704367e-03 9.089626e-03 9.029474e-03 8.881724e-03 8.723935e-03 8.568922e-03 8.473608e-03 8.476269e-03 8.612965e-03 8.890689e-03 9.203609e-03 9.492678e-03 4.572966e-03 4.552567e-03 7.059246e-03 7.679423e-03 2.234976e-02 0.000000e+00 7.334661e-03 7.491229e-03 4.038681e-03 3.989583e-03 3.966452e-03 4.032716e-03 7.989255e-03 7.713409e-03
5.389949e-03 5.529308e-03 5.642591e-03 5.716791e-03 5.749667e-03 5.736267e-03 5.681875e-03 5.592650e-03 5.521872e-03 5.500488e-03 5.532488e-03 3.425905e-03 3.486301e-03 3.561986e-03 3.700962e-03 5.712804e-03 6.824621e-03 7.500969e-03 7.906365e-03 8.104505e-03 8.171466e-03 8.152318e-03 1.321033e-02 1.390387e-02 0.000000e+00 7.773006e-03 9.055749e-03 9.371791e-03 9.317324e-03 9.156712e-03 8.950012e-03 8.717618e-03 8.517715e-03 8.387281e-03 8.388535e-03 8.558291e-03 8.821941e-03 9.115248e-03 9.392871e-03 9.632127e-03 9.672071e-03 9.397899e-03 8.687190e-03 0.000000e+00 0.000000e+00 7.025042e-03 4.013254e-03 4.010164e-03 3.996544e-03 8.124946e-03 8.188183e-03 7.748415e-03
3.247754e-03 4.755675e-03 5.446501e-03 5.771534e-03 5.883012e-03 5.808779e-03 5.693449e-03 5.631404e-03 5.541448e-03 5.349850e-03 5.226131e-03 5.283558e-03 5.475535e-03 5.753130e-03 6.132415e-03 6.610256e-03 7.093520e-03 7.542954e-03 7.860388e-03 7.997348e-03 8.003984e-03 7.923795e-03 4.131622e-03 0.000000e+00 0.000000e+00 6.021511e-03 8.199591e-03 9.062596e-03 9.335191e-03 9.331944e-03 9.177315e-03 8.922759e-03 8.651248e-03 8.412386e-03 8.263627e-03 8.245720e-03 8.401818e-03 8.721331e-03 9.077233e-03 9.402546e-03 9.608023e-03 9.613235e-03 9.360108e-03 8.630880e-03 0.000000e+00 0.000000e+00 5.909383e-03 4.063266e-03 4.127092e-03 4.211641e-03 4.280507e-03 6.694821e-03
-9.999000e+03 -9.999000e+03 -9.999000e+03 -9.999000e+03 -9.999000e+03 -9.999000e+03 -9.999000e+03 3.465721e-03 3.410774e-03 3.252090e-03 3.179370e-03 3.244358e-03 4.758889e-03 5.591666e-03 6.163379e-03 6.618274e-03 7.033584e-03 7.446550e-03 7.734816e-03 7.827242e-03 7.786873e-03 7.657961e-03 7.679448e-03 0.000000e+00 1.745329e-03 5.024154e-03 7.084329e-03 8.338477e-03 9.041546e-03 9.340050e-03 9.353778e-03 9.147985e-03 8.839386e-03 8.499109e-03 8.202122e-03 7.999406e-03 8.025261e-03 8.326480e-03 8.733438e-03 9.137016e-03 9.456495e-03 9.655090e-03 9.604937e-03 9.202382e-03 8.167018e-03 0.000000e+00 0.000000e+00 4.187843e-03 4.264569e-03 4.317768e-03 4.343614e-03 4.338547e-03
-9.999000e+03 -9.999000e+03 -9.999000e+03 -9.999000e+03 -9.999000e+03 -9.999000e+03 -9.999000e+03 -9.999000e+03 -9.999000e+03 -9.999000e+03 4.564892e-03 4.582800e-03 3.421635e-03 3.645805e-03 5.530778e-03 6.408090e-03 6.891302e-03 7.303260e-03 7.569757e-03 7.617319e-03 7.552051e-03 7.443628e-03 7.517681e-03 0.000000e+00 1.739007e-03 4.986253e-03 7.007650e-03 8.259374e-03 9.010581e-03 9.414083e-03 9.531397e-03 9.377848e-03 9.055642e-03 8.635349e-03 8.233731e-03 7.929419e-03 7.840804e-03 8.014616e-03 8.362388e-03 8.815232e-03 9.232064e-03 9.540873e-03 9.643562e-03 9.450256e-03 8.813634e-03 7.581458e-03 0.000000e+00 0.000000e+00 4.328553e-03 4.396703e-03 -9.999000e+03 -9.999000e+03
