tests/data/reference/test_implicit_stream_rill_mfda/control/mqsheet_m3_s.asc
ncols	123
nrows	77
xllcorner	-713746.79929998
yllcorner	-1061022.36961616
cellsize	10.0
NODATA_value	-9999
[rows 23 to 45 of 77, columns 0 to 51 of 123]
-9.999000e+03 -9.999000e+03 -9.999000e+03 -9.999000e+03 -9.999000e+03 -9.999000e+03 -9.999000e+03 -9.999000e+03 -9.999000e+03 -9.999000e+03 -9.999000e+03 -9.999000e+03 -9.999000e+03 -9.999000e+03 2.141223e-03 3.305949e-03 3.286526e-03 3.045770e-03 2.372720e-03 1.086169e-03 1.035559e-03 1.024563e-02 1.498433e-03 1.299685e-02 1.541081e-02 5.864569e-03 8.563983e-03 6.571435e-03 7.122508e-03 7.490509e-03 4.052413e-03 6.282443e-03 7.367941e-03 8.018352e-03 2.233612e-02 8.034142e-03 8.119270e-03 4.220664e-03 1.425914e-02 8.562716e-03 8.631424e-03 8.746012e-03 8.902296e-03 8.981716e-03 8.965723e-03 8.909157e-03 8.865405e-03 8.894342e-03 8.989112e-03 8.801539e-03 8.276622e-03 4.431810e-03
-9.999000e+03 -9.999000e+03 -9.999000e+03 -9.999000e+03 -9.999000e+03 -9.999000e+03 -9.999000e+03 -9.999000e+03 -9.999000e+03 -9.999000e+03 -9.999000e+03 -9.999000e+03 -9.999000e+03 -9.999000e+03 1.572723e-03 5.159709e-03 5.368767e-03 3.701337e-03 2.304674e-03 2.985939e-03 8.972211e-03 1.844554e-02 3.676985e-03 4.040983e-03 1.030577e-02 1.765229e-02 7.371932e-03 6.833270e-03 7.106524e-03 4.008918e-03 7.617533e-03 6.261513e-03 7.331809e-03 7.755068e-03 2.598394e-02 7.976000e-03 8.115011e-03 4.247024e-03 1.481061e-02 8.573649e-03 8.600708e-03 8.682326e-03 8.808934e-03 8.890488e-03 8.907088e-03 8.894277e-03 8.890420e-03 8.950809e-03 9.065156e-03 9.073341e-03 4.441126e-03 8.996169e-03
-9.999000e+03 -9.999000e+03 -9.999000e+03 -9.999000e+03 -9.999000e+03 -9.999000e+03 -9.999000e+03 -9.999000e+03 -9.999000e+03 -9.999000e+03 -9.999000e+03 -9.999000e+03 -9.999000e+03 -9.999000e+03 4.013970e-03 2.545839e-03 2.582208e-03 2.574433e-03 2.523518e-03 1.276521e-03 1.147210e-02 9.873528e-03 1.630701e-02 5.343697e-03 5.641718e-03 8.822183e-03 2.154461e-02 7.149744e-03 7.272430e-03 4.059267e-03 6.098043e-03 7.565700e-03 7.104250e-03 7.604336e-03 7.716829e-03 2.949415e-02 4.157015e-03 8.278710e-03 6.609770e-03 1.989547e-02 8.571520e-03 8.650689e-03 8.749255e-03 8.821619e-03 8.863233e-03 8.894909e-03 8.940415e-03 9.039756e-03 9.179673e-03 9.286376e-03 7.134388e-03 4.537151e-03
-9.999000e+03 -9.999000e+03 -9.999000e+03 -9.999000e+03 -9.999000e+03 -9.999000e+03 -9.999000e+03 -9.999000e+03 -9.999000e+03 -9.999000e+03 -9.999000e+03 -9.999000e+03 2.900206e-03 2.370637e-03 6.124646e-03 3.365062e-03 2.617100e-03 1.401681e-03 1.039141e-03 1.009777e-02 4.823920e-03 1.296273e-02 7.986920e-03 1.228469e-02 6.017836e-03 6.309808e-03 2.786570e-02 7.070275e-03 7.189112e-03 6.005029e-03 4.007813e-03 6.950546e-03 7.412557e-03 7.139861e-03 7.273677e-03 7.707294e-03 2.731153e-02 6.500869e-03 8.368186e-03 7.735993e-03 2.386872e-02 8.616332e-03 8.685640e-03 8.754999e-03 8.836341e-03 8.934814e-03 9.051442e-03 9.191639e-03 9.344675e-03 9.499918e-03 8.653648e-03 4.576131e-03
-9.999000e+03 -9.999000e+03 -9.999000e+03 -9.999000e+03 -9.999000e+03 -9.999000e+03 -9.999000e+03 -9.999000e+03 -9.999000e+03 -9.999000e+03 -9.999000e+03 -9.999000e+03 -9.999000e+03 2.832768e-03 3.051792e-03 3.004684e-03 1.752787e-03 8.756698e-04 9.709734e-03 4.520335e-03 4.835417e-03 5.131322e-03 1.340386e-02 1.706725e-02 2.413539e-02 2.450029e-02 2.493464e-02 2.592878e-02 6.558397e-03 6.885108e-03 6.687064e-03 5.901223e-03 6.984791e-03 6.964138e-03 6.960219e-03 7.350110e-03 7.790739e-03 2.345010e-02 7.653580e-03 8.440355e-03 2.405495e-02 8.546277e-03 8.583715e-03 8.669796e-03 8.823504e-03 9.027286e-03 9.240684e-03 9.414270e-03 9.552512e-03 9.715138e-03 9.469638e-03 7.383300e-03
-9.999000e+03 -9.999000e+03 -9.999000e+03 -9.999000e+03 -9.999000e+03 -9.999000e+03 -9.999000e+03 -9.999000e+03 -9.999000e+03 -9.999000e+03 -9.999000e+03 -9.999000e+03 -9.999000e+03 -9.999000e+03 -9.999000e+03 2.167727e-03 4.430204e-04 7.988274e-03 1.553675e-02 1.356899e-02 9.784536e-03 7.586409e-03 6.165056e-03 5.233873e-03 5.343159e-03 5.560733e-03 5.640638e-03 2.647274e-02 5.023597e-02 6.222789e-03 6.563157e-03 6.576455e-03 6.262472e-03 6.547759e-03 6.699987e-03 7.144710e-03 7.550648e-03 7.767467e-03 2.334118e-02 7.943520e-03 2.517389e-02 8.496711e-03 8.571406e-03 8.706974e-03 8.921895e-03 9.196891e-03 9.461768e-03 9.633694e-03 9.742688e-03 9.897650e-03 9.887304e-03 8.915775e-03
-9.999000e+03 -9.999000e+03 -9.999000e+03 -9.999000e+03 -9.999000e+03 -9.999000e+03 -9.999000e+03 -9.999000e+03 -9.999000e+03 -9.999000e+03 -9.999000e+03 -9.999000e+03 -9.999000e+03 -9.999000e+03 -9.999000e+03 -9.999000e+03 8.187250e-04 8.809158e-03 8.627727e-03 6.749336e-03 5.547192e-03 4.980742e-03 4.893278e-03 5.066106e-03 5.350480e-03 5.694092e-03 5.844963e-03 5.670513e-03 5.539570e-03 4.939001e-02 4.861740e-02 5.112431e-02 6.085214e-03 6.054148e-03 6.319272e-03 6.768302e-03 1.121178e-02 1.563760e-02 7.491161e-03 2.155750e-02 8.086060e-03 2.149267e-02 8.739304e-03 8.943054e-03 9.176416e-03 9.444403e-03 9.676540e-03 9.801339e-03 9.878789e-03 1.002352e-02 1.007385e-02 9.614504e-03
-9.999000e+03 -9.999000e+03 -9.999000e+03 -9.999000e+03 -9.999000e+03 -9.999000e+03 -9.999000e+03 -9.999000e+03 -9.999000e+03 -9.999000e+03 -9.999000e+03 -9.999000e+03 -9.999000e+03 -9.999000e+03 -9.999000e+03 -9.999000e+03 8.033563e-03 3.259675e-03 4.014159e-03 4.510661e-03 4.714692e-03 2.224019e-02 2.047229e-02 1.885725e-02 1.734611e-02 1.594315e-02 1.459746e-02 1.327713e-02 1.203388e-02 1.084185e-02 9.690648e-03 8.548590e-03 5.259951e-02 5.282604e-02 5.177483e-02 4.429500e-02 3.894082e-02 3.574264e-02 3.204681e-02 2.795741e-02 2.703467e-02 2.762985e-02 2.574066e-02 8.573598e-03 8.932130e-03 9.354825e-03 9.598601e-03 9.738321e-03 9.856955e-03 1.001330e-02 1.003661e-02 9.739349e-03
-9.999000e+03 -9.999000e+03 -9.999000e+03 -9.999000e+03 -9.999000e+03 -9.999000e+03 -9.999000e+03 -9.999000e+03 -9.999000e+03 -9.999000e+03 -9.999000e+03 -9.999000e+03 -9.999000e+03 -9.999000e+03 -9.999000e+03 8.034606e-03 3.956614e-03 4.591457e-03 1.975905e-02 2.078688e-02 2.191470e-02 5.032692e-03 7.921457e-03 1.083615e-02 9.328063e-03 1.564966e-02 1.797270e-02 2.009666e-02 1.865278e-02 1.727445e-02 1.594277e-02 1.464192e-02 1.332469e-02 1.201291e-02 1.075420e-02 9.593598e-03 3.852529e-02 3.614308e-02 2.990352e-02 2.553379e-02 2.561561e-02 3.047584e-02 3.707533e-02 4.156324e-02 3.599446e-02 8.191420e-03 1.520687e-02 9.316375e-03 9.610859e-03 9.799259e-03 9.727525e-03 9.410284e-03
-9.999000e+03 -9.999000e+03 -9.999000e+03 -9.999000e+03 -9.999000e+03 -9.999000e+03 -9.999000e+03 -9.999000e+03 -9.999000e+03 -9.999000e+03 -9.999000e+03 -9.999000e+03 -9.999000e+03 -9.999000e+03 7.954962e-03 1.539930e-02 1.827526e-02 1.939997e-02 5.240251e-03 5.355028e-03 5.131782e-03 5.321857e-03 5.526584e-03 5.660814e-03 9.004657e-03 5.962917e-03 6.106042e-03 6.622481e-03 6.810104e-03 6.749918e-03 6.694402e-03 2.098431e-02 2.337720e-02 2.541119e-02 2.713155e-02 3.693472e-02 6.098006e-03 6.844460e-03 7.449928e-03 7.912598e-03 8.237186e-03 8.365571e-03 1.370676e-02 1.849905e-02 2.271486e-02 3.487949e-02 3.398067e-02 3.042676e-02 8.426850e-03 1.561471e-02 8.880104e-03 8.582570e-03
-9.999000e+03 -9.999000e+03 -9.999000e+03 -9.999000e+03 -9.999000e+03 -9.999000e+03 -9.999000e+03 -9.999000e+03 -9.999000e+03 -9.999000e+03 -9.999000e+03 -9.999000e+03 -9.999000e+03 -9.999000e+03 8.014387e-03 1.373600e-02 5.413435e-03 5.495987e-03 5.536130e-03 5.536448e-03 5.573698e-03 5.702578e-03 5.556082e-03 6.085851e-03 6.231151e-03 6.271048e-03 6.418521e-03 6.749582e-03 1.084269e-02 1.454901e-02 1.797817e-02 7.078954e-03 6.933193e-03 6.903123e-03 1.369312e-02 5.818534e-03 6.822949e-03 7.490304e-03 7.719032e-03 8.005377e-03 8.306206e-03 8.531442e-03 8.762289e-03 8.900754e-03 8.987058e-03 1.471703e-02 1.934851e-02 2.317650e-02 3.143887e-02 4.215322e-02 5.027598e-02 7.099679e-03
-9.999000e+03 -9.999000e+03 -9.999000e+03 -9.999000e+03 -9.999000e+03 -9.999000e+03 -9.999000e+03 -9.999000e+03 -9.999000e+03 -9.999000e+03 -9.999000e+03 -9.999000e+03 -9.999000e+03 1.526051e-02 1.881087e-02 5.312161e-03 5.487118e-03 5.649790e-03 5.698515e-03 5.699787e-03 5.695407e-03 5.747186e-03 5.843826e-03 5.988890e-03 6.131275e-03 6.230474e-03 6.428999e-03 6.791641e-03 7.099780e-03 7.264109e-03 7.279958e-03 7.221256e-03 7.232896e-03 1.590879e-02 3.947182e-03 6.060264e-03 7.503624e-03 7.599374e-03 7.734712e-03 7.966177e-03 8.284761e-03 8.525973e-03 8.778272e-03 8.958471e-03 9.091973e-03 8.954367e-03 9.008288e-03 8.985628e-03 8.767693e-03 1.347339e-02 1.659123e-02 5.650992e-02
-9.999000e+03 -9.999000e+03 -9.999000e+03 -9.999000e+03 -9.999000e+03 -9.999000e+03 -9.999000e+03 -9.999000e+03 -9.999000e+03 -9.999000e+03 -9.999000e+03 -9.999000e+03 7.935306e-03 2.153033e-02 5.190709e-03 5.348403e-03 6.205196e-03 5.624996e-03 5.756759e-03 5.810643e-03 5.817719e-03 5.796841e-03 5.801972e-03 5.869476e-03 5.994393e-03 6.150275e-03 6.394423e-03 6.746000e-03 7.019769e-03 7.134384e-03 7.213765e-03 7.252826e-03 1.313733e-02 6.988663e-03 3.982503e-03 7.337842e-03 7.382195e-03 7.390201e-03 7.544283e-03 7.885697e-03 7.995051e-03 8.217245e-03 8.404740e-03 8.558472e-03 8.167326e-03 8.235675e-03 8.326394e-03 8.423098e-03 8.446143e-03 8.120961e-03 8.373820e-03 1.257332e-02
-9.999000e+03 -9.999000e+03 -9.999000e+03 -9.999000e+03 -9.999000e+03 -9.999000e+03 -9.999000e+03 -9.999000e+03 -9.999000e+03 -9.999000e+03 -9.999000e+03 -9.999000e+03 1.500569e-02 4.939307e-03 5.121137e-03 7.440706e-03 5.347315e-03 5.626307e-03 5.793870e-03 5.886764e-03 5.908343e-03 5.853405e-03 5.820381e-03 5.843046e-03 5.938908e-03 6.089517e-03 6.306833e-03 6.591796e-03 6.703571e-03 6.853795e-03 6.903407e-03 1.284611e-02 4.015672e-03 5.997705e-03 7.050930e-03 6.997673e-03 6.755260e-03 6.794122e-03 7.283643e-03 7.071899e-03 7.273217e-03 7.513429e-03 7.746515e-03 6.760921e-03 6.777964e-03 6.847898e-03 6.934125e-03 7.067818e-03 7.046087e-03 8.851611e-03 7.809258e-03 7.493722e-03
-9.999000e+03 -9.999000e+03 -9.999000e+03 -9.999000e+03 -9.999000e+03 -9.999000e+03 -9.999000e+03 -9.999000e+03 -9.999000e+03 -9.999000e+03 -9.999000e+03 7.791663e-03 5.721750e-03 4.586192e-03 8.722830e-03 4.705220e-03 5.259077e-03 5.574749e-03 5.766154e-03 5.890101e-03 5.920273e-03 5.889434e-03 5.862672e-03 5.874507e-03 5.934564e-03 6.052129e-03 6.190783e-03 6.099623e-03 6.434016e-03 6.414323e-03 6.400383e-03 9.480685e-03 3.858636e-03 6.593578e-03 6.447462e-03 5.709730e-03 5.657394e-03 6.677865e-03 5.702902e-03 5.794368e-03 5.978853e-03 6.300290e-03 4.277016e-03 4.262866e-03 4.279420e-03 4.323628e-03 4.358133e-03 4.385339e-03 8.847475e-03 6.691228e-03 6.567807e-03 6.524468e-03
-9.999000e+03 -9.999000e+03 -9.999000e+03 -9.999000e+03 -9.999000e+03 -9.999000e+03 -9.999000e+03 -9.999000e+03 -9.999000e+03 -9.999000e+03 7.723450e-03 1.441958e-02 4.156827e-03 1.006802e-02 3.123615e-03 4.448333e-03 5.091864e-03 5.403856e-03 5.649062e-03 5.753048e-03 5.851712e-03 5.827560e-03 5.820448e-03 5.836299e-03 5.895289e-03 5.960422e-03 5.253002e-03 6.111633e-03 6.124815e-03 5.927742e-03 5.873669e-03 5.851264e-03 5.889757e-03 5.438089e-03 3.798008e-03 3.694956e-03 6.265837e-03 3.634997e-03 3.647863e-03 3.683979e-03 3.853545e-03 4.115100e-03 6.474986e-03 7.608171e-03 8.115373e-03 8.392769e-03 8.570031e-03 8.686534e-03 4.285653e-03 4.209960e-03 4.207889e-03 4.349336e-03
-9.999000e+03 -9.999000e+03 -9.999000e+03 -9.999000e+03 -9.999000e+03 -9.999000e+03 -9.999000e+03 -9.999000e+03 -9.999000e+03 -9.999000e+03 7.597141e-03 4.023577e-03 1.082837e-02 3.884706e-03 2.889962e-03 4.379823e-03 4.804221e-03 5.173081e-03 5.313386e-03 5.639152e-03 5.694336e-03 5.720298e-03 5.735949e-03 5.780570e-03 5.630572e-03 3.551258e-03 5.767107e-03 5.962152e-03 5.601917e-03 5.396435e-03 5.258076e-03 5.196392e-03 3.461478e-03 3.691990e-03 5.524440e-03 6.070612e-03 3.514118e-03 5.028095e-03 5.623898e-03 5.975848e-03 3.820269e-03 4.093200e-03 6.413954e-03 7.484799e-03 7.916066e-03 8.120855e-03 8.273674e-03 8.420463e-03 8.474448e-03 8.365807e-03 8.287577e-03 8.394408e-03
-9.999000e+03 -9.999000e+03 -9.999000e+03 -9.999000e+03 -9.999000e+03 -9.999000e+03 -9.999000e+03 -9.999000e+03 -9.999000e+03 7.612094e-03 5.402779e-03 1.108903e-02 3.893466e-03 2.810752e-03 3.745380e-03 4.271419e-03 4.605704e-03 4.466207e-03 5.332033e-03 5.375205e-03 5.528028e-03 5.618344e-03 5.691666e-03 5.026519e-03 3.503151e-03 5.079898e-03 5.809182e-03 4.971564e-03 4.838631e-03 4.584650e-03 4.450221e-03 3.301627e-03 4.912289e-03 5.867715e-03 6.367396e-03 6.442456e-03 6.336692e-03 6.197037e-03 3.633285e-03 3.801185e-03 6.749695e-03 6.154626e-03 7.349113e-03 7.758477e-03 7.823841e-03 7.827328e-03 7.911581e-03 8.111324e-03 8.284401e-03 8.338749e-03 8.314510e-03 8.273373e-03
-9.999000e+03 -9.999000e+03 -9.999000e+03 -9.999000e+03 -9.999000e+03 -9.999000e+03 -9.999000e+03 -9.999000e+03 -9.999000e+03 7.772352e-03 1.058898e-02 4.047620e-03 3.616774e-03 2.753458e-03 4.060589e-03 4.298863e-03 2.983040e-03 5.196846e-03 4.918341e-03 5.166259e-03 5.392771e-03 5.552875e-03 3.456174e-03 3.520178e-03 5.103805e-03 5.603630e-03 3.419985e-03 3.390497e-03 3.290016e-03 3.094943e-03 3.107115e-03 4.667354e-03 5.567216e-03 6.189055e-03 6.565787e-03 6.700292e-03 6.691084e-03 3.697799e-03 6.476243e-03 5.765078e-03 6.034632e-03 7.409439e-03 7.719675e-03 7.703823e-03 7.604605e-03 7.591723e-03 7.683149e-03 7.858916e-03 8.024193e-03 8.137691e-03 2.724126e-02 2.873294e-02
-9.999000e+03 -9.999000e+03 -9.999000e+03 -9.999000e+03 -9.999000e+03 -9.999000e+03 -9.999000e+03 -9.999000e+03 1.477568e-02 5.609031e-03 7.906318e-03 4.266300e-03 2.704897e-03 3.713155e-03 4.259734e-03 4.363728e-03 6.347943e-03 4.490766e-03 4.703203e-03 5.037271e-03 5.346121e-03 4.878307e-03 5.526432e-03 5.872566e-03 5.988320e-03 1.691061e-02 1.838018e-02 1.648031e-02 1.466199e-02 1.283534e-02 1.116030e-02 9.622404e-03 8.173952e-03 6.807795e-03 6.755624e-03 6.893317e-03 6.896917e-03 1.065898e-02 1.111391e-02 1.450429e-02 1.573365e-02 1.689545e-02 1.497140e-02 1.321559e-02 1.160312e-02 1.012987e-02 8.749977e-03 7.620538e-03 7.628261e-03 3.170602e-02 7.487727e-03 7.575371e-03
-9.999000e+03 -9.999000e+03 -9.999000e+03 -9.999000e+03 -9.999000e+03 -9.999000e+03 -9.999000e+03 7.709164e-03 1.448116e-02 7.589740e-03 4.096029e-03 4.301573e-03 2.761072e-03 4.197864e-03 4.362252e-03 4.420000e-03 4.434773e-03 4.430346e-03 4.629726e-03 5.032795e-03 3.364882e-03 3.415674e-03 4.983758e-03 1.336674e-02 1.515206e-02 5.931938e-03 5.646335e-03 5.765130e-03 5.684991e-03 5.428960e-03 5.420545e-03 5.793924e-03 6.229740e-03 6.594344e-03 6.826980e-03 6.910242e-03 6.883716e-03 6.774059e-03 6.792178e-03 7.022157e-03 7.221208e-03 7.259798e-03 7.226196e-03 7.185028e-03 7.213570e-03 7.342412e-03 7.402505e-03 7.303318e-03 4.039040e-02 7.193627e-03 7.301734e-03 7.432241e-03
-9.999000e+03 -9.999000e+03 -9.999000e+03 -9.999000e+03 -9.999000e+03 -9.999000e+03 -9.999000e+03 7.553541e-03 2.965895e-03 8.104278e-03 2.951167e-03 3.971852e-03 4.231279e-03 4.368931e-03 4.451776e-03 4.473635e-03 4.512615e-03 4.555563e-03 4.761263e-03 5.170995e-03 7.994405e-03 1.053183e-02 1.288326e-02 5.825613e-03 5.873918e-03 5.147636e-03 3.551785e-03 5.148208e-03 5.677227e-03 5.675566e-03 5.719225e-03 6.024491e-03 6.351770e-03 6.588741e-03 6.718408e-03 6.747616e-03 3.372572e-02 3.456995e-02 3.536889e-02 3.609449e-02 3.680294e-02 3.755139e-02 3.762769e-02 3.587122e-02 3.556217e-02 3.517253e-02 3.823416e-02 4.235248e-02 7.200056e-03 7.127902e-03 7.158476e-03 7.246015e-03
-9.999000e+03 -9.999000e+03 -9.999000e+03 -9.999000e+03 -9.999000e+03 -9.999000e+03 -9.999000e+03 7.688176e-04 7.064089e-03 4.094546e-03 2.796594e-03 3.929850e-03 4.401617e-03 4.560112e-03 4.579239e-03 4.596209e-03 4.678883e-03 4.764225e-03 4.934841e-03 5.283336e-03 5.606081e-03 5.805034e-03 5.676458e-03 5.630107e-03 3.491671e-03 3.579259e-03 5.253032e-03 5.857167e-03 5.997846e-03 5.958184e-03 5.972188e-03 6.136817e-03 6.311815e-03 3.094655e-02 3.212063e-02 3.318100e-02 6.966189e-03 7.221243e-03 7.462595e-03 7.691283e-03 7.841539e-03 7.890443e-03 7.934390e-03 1.302347e-02 1.773851e-02 2.207939e-02 7.808241e-03 7.635379e-03 7.425158e-03 7.180508e-03 7.047914e-03 7.072407e-03
