tests/data/reference/test_implicit_stream_rill_mfda/control/mqsheet_m3_s.asc
ncols	123
nrows	77
xllcorner	-713746.79929998
yllcorner	-1061022.36961616
cellsize	10.0
NODATA_value	-9999
[rows 23 to 45 of 77, columns 52 to 103 of 123]
7.174953e-03 9.298097e-03 9.430716e-03 9.462774e-03 9.445360e-03 9.424834e-03 9.372504e-03 9.261631e-03 9.155025e-03 9.098301e-03 9.035517e-03 8.976189e-03 8.896746e-03 8.754091e-03 8.494652e-03 8.131127e-03 2.422662e-02 7.186183e-03 7.161366e-03 7.217687e-03 7.256622e-03 7.272221e-03 7.065068e-03 7.148066e-03 4.029875e-03 5.840680e-03 2.883910e-02 1.067240e-02 1.725259e-02 7.050944e-03 6.946063e-03 6.002810e-03 3.878689e-03 3.595580e-03 -9.999000e+03 -9.999000e+03 -9.999000e+03 -9.999000e+03 -9.999000e+03 -9.999000e+03 -9.999000e+03 -9.999000e+03 -9.999000e+03 -9.999000e+03 -9.999000e+03 -9.999000e+03 -9.999000e+03 -9.999000e+03 -9.999000e+03 -9.999000e+03 -9.999000e+03 -9.999000e+03
7.264228e-03 8.654877e-03 9.526234e-03 9.513683e-03 9.468116e-03 9.423718e-03 9.362728e-03 9.259349e-03 9.162213e-03 9.111103e-03 9.073122e-03 9.024432e-03 8.931650e-03 8.748822e-03 8.473917e-03 8.112432e-03 2.819623e-02 7.215697e-03 7.350889e-03 7.545056e-03 7.704563e-03 7.820208e-03 7.777597e-03 7.729729e-03 6.311841e-03 6.898369e-03 3.900939e-03 2.727750e-02 9.056212e-03 1.464615e-02 1.098182e-02 6.879804e-03 5.921766e-03 5.502149e-03 3.500393e-03 -9.999000e+03 -9.999000e+03 -9.999000e+03 -9.999000e+03 -9.999000e+03 -9.999000e+03 -9.999000e+03 -9.999000e+03 -9.999000e+03 -9.999000e+03 -9.999000e+03 -9.999000e+03 -9.999000e+03 -9.999000e+03 -9.999000e+03 -9.999000e+03 -9.999000e+03
9.498110e-03 8.744785e-03 9.338690e-03 9.590468e-03 9.477567e-03 9.362549e-03 9.266962e-03 9.198793e-03 9.161777e-03 9.147575e-03 9.123497e-03 9.059670e-03 8.914624e-03 8.683116e-03 8.430635e-03 8.179859e-03 3.090145e-02 7.488626e-03 7.632480e-03 7.851124e-03 8.058377e-03 8.209481e-03 8.217990e-03 8.140955e-03 7.513269e-03 7.585070e-03 6.161222e-03 2.579638e-02 3.970613e-03 7.604328e-03 2.115530e-02 6.831372e-03 6.760557e-03 6.658890e-03 5.681715e-03 3.789578e-03 3.563215e-03 3.541594e-03 -9.999000e+03 -9.999000e+03 -9.999000e+03 -9.999000e+03 -9.999000e+03 -9.999000e+03 -9.999000e+03 -9.999000e+03 -9.999000e+03 -9.999000e+03 -9.999000e+03 -9.999000e+03 -9.999000e+03 -9.999000e+03
7.431297e-03 9.735749e-03 9.390389e-03 9.512940e-03 9.454940e-03 9.290521e-03 9.179534e-03 9.155676e-03 9.169340e-03 9.182217e-03 9.162844e-03 9.071894e-03 8.904670e-03 8.681130e-03 8.448912e-03 8.244356e-03 2.896227e-02 7.713435e-03 7.828051e-03 8.032896e-03 8.239756e-03 8.390408e-03 8.415139e-03 8.359675e-03 8.104723e-03 8.066707e-03 7.458741e-03 2.439949e-02 6.265133e-03 7.012433e-03 1.898298e-02 6.736543e-03 7.012241e-03 7.209039e-03 6.854450e-03 5.868693e-03 5.426862e-03 3.632269e-03 5.195917e-03 3.514760e-03 -9.999000e+03 -9.999000e+03 -9.999000e+03 -9.999000e+03 -9.999000e+03 -9.999000e+03 -9.999000e+03 -9.999000e+03 -9.999000e+03 -9.999000e+03 -9.999000e+03 -9.999000e+03
8.939967e-03 4.630268e-03 9.721360e-03 9.439643e-03 9.338503e-03 9.236860e-03 9.167186e-03 9.169785e-03 9.194427e-03 9.200118e-03 9.171043e-03 9.080661e-03 8.942024e-03 8.770135e-03 8.553349e-03 8.297129e-03 3.016390e-02 7.726326e-03 7.829080e-03 8.020324e-03 8.189080e-03 8.314931e-03 8.355412e-03 8.364822e-03 8.337438e-03 8.370970e-03 8.183493e-03 2.266105e-02 7.561121e-03 7.609349e-03 1.705145e-02 7.041835e-03 7.074294e-03 7.176986e-03 7.116010e-03 6.697948e-03 3.829217e-03 3.701671e-03 5.277923e-03 5.748712e-03 5.040982e-03 8.015264e-03 -9.999000e+03 -9.999000e+03 -9.999000e+03 -9.999000e+03 -9.999000e+03 -9.999000e+03 -9.999000e+03 -9.999000e+03 -9.999000e+03 -9.999000e+03
9.619224e-03 7.370524e-03 9.603115e-03 9.324445e-03 4.436751e-03 9.179730e-03 9.160753e-03 9.196160e-03 9.239228e-03 9.244957e-03 9.203339e-03 9.107981e-03 8.976367e-03 8.815290e-03 8.593001e-03 8.298682e-03 3.137154e-02 7.716773e-03 7.850721e-03 8.042772e-03 8.180303e-03 8.275232e-03 8.309269e-03 8.350421e-03 8.438850e-03 8.568405e-03 8.598398e-03 2.092339e-02 8.275886e-03 8.127868e-03 1.525747e-02 7.432441e-03 7.167079e-03 7.045245e-03 7.013299e-03 6.887323e-03 5.691059e-03 5.497218e-03 3.692611e-03 5.916482e-03 0.000000e+00 1.935588e-02 7.831632e-03 7.625658e-03 -9.999000e+03 -9.999000e+03 -9.999000e+03 -9.999000e+03 -9.999000e+03 -9.999000e+03 -9.999000e+03 -9.999000e+03
9.804985e-03 8.682937e-03 9.450216e-03 9.229162e-03 4.456812e-03 6.996787e-03 9.126022e-03 9.203334e-03 9.298759e-03 9.328818e-03 9.283807e-03 9.164650e-03 8.987011e-03 8.751417e-03 8.468693e-03 8.188959e-03 8.009143e-03 2.925346e-02 8.032640e-03 8.246710e-03 8.385457e-03 8.450466e-03 8.439912e-03 8.440152e-03 8.528319e-03 8.703783e-03 8.833493e-03 2.029636e-02 8.622231e-03 8.436088e-03 1.351927e-02 7.761407e-03 7.394242e-03 7.127319e-03 6.950466e-03 6.827668e-03 6.363890e-03 6.237077e-03 5.501880e-03 0.000000e+00 0.000000e+00 1.585838e-02 7.934246e-03 2.730342e-03 7.384250e-03 -9.999000e+03 -9.999000e+03 -9.999000e+03 -9.999000e+03 -9.999000e+03 -9.999000e+03 -9.999000e+03
9.647889e-03 9.076406e-03 9.260028e-03 9.151946e-03 7.028295e-03 4.463927e-03 8.285002e-03 9.220889e-03 9.318498e-03 9.337879e-03 9.270985e-03 9.115904e-03 8.891223e-03 8.607166e-03 8.332050e-03 8.150215e-03 8.094366e-03 8.162200e-03 2.266565e-02 8.555712e-03 8.666426e-03 8.677873e-03 8.610145e-03 8.563509e-03 8.626485e-03 8.813495e-03 8.958944e-03 1.876147e-02 8.790827e-03 8.641491e-03 1.189316e-02 8.084367e-03 7.719648e-03 7.398563e-03 3.974603e-03 3.877485e-03 6.671232e-03 6.635609e-03 0.000000e+00 0.000000e+00 4.683461e-03 1.169305e-02 6.281306e-03 4.021147e-03 2.835741e-03 7.287490e-03 -9.999000e+03 -9.999000e+03 -9.999000e+03 -9.999000e+03 -9.999000e+03 -9.999000e+03
9.187232e-03 8.926676e-03 9.018345e-03 9.059487e-03 8.284816e-03 7.064241e-03 4.511798e-03 8.956337e-03 9.269088e-03 9.199233e-03 9.059030e-03 8.844884e-03 8.604719e-03 8.393537e-03 8.280250e-03 8.274564e-03 8.344737e-03 8.485611e-03 1.920308e-02 8.896637e-03 8.919789e-03 8.845561e-03 8.726220e-03 8.667749e-03 8.733715e-03 8.908280e-03 9.000249e-03 1.720495e-02 8.877508e-03 8.817985e-03 1.036528e-02 8.437876e-03 8.107441e-03 4.232400e-03 4.113695e-03 4.006614e-03 7.043530e-03 0.000000e+00 0.000000e+00 4.800146e-03 5.939349e-03 9.173751e-03 5.198520e-03 4.326525e-03 4.035912e-03 3.038189e-03 2.873908e-03 -9.999000e+03 -9.999000e+03 -9.999000e+03 -9.999000e+03 -9.999000e+03
8.403824e-03 8.414205e-03 8.611812e-03 8.791311e-03 4.373177e-03 8.758161e-03 8.333446e-03 7.094766e-03 9.078967e-03 9.062745e-03 8.891242e-03 8.675145e-03 8.482586e-03 8.370907e-03 8.366070e-03 8.464256e-03 8.606291e-03 8.762519e-03 1.868300e-02 9.069355e-03 9.011244e-03 8.893689e-03 8.779567e-03 8.755576e-03 8.841407e-03 8.977688e-03 8.977645e-03 1.559602e-02 8.848910e-03 8.861909e-03 8.907293e-03 8.665328e-03 4.348450e-03 4.306242e-03 4.216879e-03 4.121100e-03 0.000000e+00 0.000000e+00 5.135922e-03 6.500578e-03 6.403704e-03 7.458381e-03 3.353617e-03 3.157329e-03 4.657511e-03 4.485111e-03 4.407916e-03 3.011830e-03 7.336718e-03 -9.999000e+03 -9.999000e+03 -9.999000e+03
7.334913e-03 7.579878e-03 7.835202e-03 8.120358e-03 8.403266e-03 6.698902e-03 8.762691e-03 8.700229e-03 8.212651e-03 8.997872e-03 8.942459e-03 8.826476e-03 8.724021e-03 8.658074e-03 8.647600e-03 8.706624e-03 8.798223e-03 8.877846e-03 8.901378e-03 2.232541e-02 8.862278e-03 8.797928e-03 8.778668e-03 8.836469e-03 8.942778e-03 9.013301e-03 8.899997e-03 1.391961e-02 8.668946e-03 8.690262e-03 8.734774e-03 4.340067e-03 4.317023e-03 4.306051e-03 0.000000e+00 0.000000e+00 0.000000e+00 4.307876e-03 7.061999e-03 7.105703e-03 6.773753e-03 3.838476e-03 3.710446e-03 4.886044e-03 5.174459e-03 4.961839e-03 4.786513e-03 3.156997e-03 3.021776e-03 7.697568e-03 -9.999000e+03 -9.999000e+03
5.990608e-02 4.614969e-02 6.860531e-03 7.250157e-03 7.848986e-03 8.218443e-03 7.791270e-03 8.734586e-03 8.843519e-03 8.747990e-03 9.078569e-03 9.090623e-03 9.081533e-03 9.058756e-03 9.028715e-03 9.002109e-03 8.969282e-03 8.912349e-03 8.803755e-03 2.339856e-02 8.544968e-03 8.542276e-03 8.638184e-03 8.787014e-03 8.904243e-03 8.896990e-03 8.683378e-03 1.215899e-02 8.404044e-03 8.426676e-03 8.528845e-03 4.322780e-03 4.319740e-03 0.000000e+00 0.000000e+00 5.910859e-03 4.402024e-03 6.565270e-03 7.707005e-03 7.444259e-03 4.030278e-03 3.966574e-03 3.882910e-03 5.872757e-03 5.664509e-03 5.344419e-03 3.329637e-03 3.345155e-03 3.356428e-03 8.197281e-03 2.953707e-03 7.720378e-03
1.592027e-02 1.367791e-02 3.439815e-02 6.878496e-03 7.278340e-03 7.866532e-03 8.312914e-03 8.393367e-03 8.894261e-03 9.077331e-03 9.153625e-03 9.355795e-03 9.426061e-03 9.443872e-03 9.403761e-03 9.277937e-03 9.068831e-03 8.813819e-03 8.516390e-03 8.192449e-03 2.866312e-02 7.888674e-03 8.095690e-03 8.343528e-03 8.613882e-03 8.524594e-03 8.251342e-03 1.032081e-02 8.090885e-03 8.167372e-03 8.342057e-03 4.331299e-03 0.000000e+00 0.000000e+00 5.537391e-03 7.930344e-03 6.693346e-03 7.610769e-03 7.980261e-03 4.184933e-03 4.119491e-03 4.040333e-03 3.955239e-03 3.840552e-03 6.128293e-03 5.883814e-03 3.656030e-03 5.133226e-03 5.077986e-03 7.160141e-03 3.343056e-03 8.198043e-03
4.158518e-03 6.350928e-03 7.274612e-03 2.978621e-02 2.822400e-02 2.308650e-02 2.099852e-02 8.493213e-03 8.624745e-03 8.869808e-03 9.015113e-03 9.131966e-03 9.232268e-03 9.231461e-03 1.556523e-02 8.921752e-03 8.619941e-03 8.309645e-03 7.974159e-03 7.637554e-03 4.015345e-03 2.996571e-02 1.332528e-02 7.999074e-03 8.017790e-03 7.800889e-03 7.766811e-03 8.463462e-03 7.843834e-03 8.011947e-03 8.245939e-03 0.000000e+00 0.000000e+00 4.330401e-03 7.735075e-03 8.403444e-03 7.715249e-03 8.048842e-03 8.134205e-03 4.233071e-03 4.181499e-03 4.099676e-03 4.016934e-03 3.918236e-03 6.485072e-03 6.284517e-03 5.464114e-03 6.011427e-03 5.931717e-03 6.590902e-03 5.085067e-03 7.231551e-03
7.688783e-03 8.264620e-03 8.429144e-03 8.076281e-03 7.820903e-03 8.023133e-03 8.238992e-03 2.420792e-02 2.631574e-02 2.848376e-02 3.002058e-02 3.079427e-02 3.302862e-02 3.704446e-02 4.150824e-02 4.524092e-02 4.391568e-02 7.374257e-03 7.382802e-03 7.352388e-03 7.376263e-03 6.203993e-03 2.539304e-02 7.824114e-03 7.553823e-03 7.209809e-03 7.095206e-03 7.451735e-03 7.748325e-03 8.016269e-03 0.000000e+00 0.000000e+00 4.393539e-03 4.355622e-03 8.431865e-03 8.483562e-03 8.132453e-03 8.213291e-03 8.207898e-03 4.248801e-03 4.214765e-03 4.142084e-03 4.068809e-03 3.980269e-03 3.871801e-03 3.763134e-03 6.089237e-03 6.257216e-03 6.268875e-03 6.522372e-03 6.054799e-03 6.760445e-03
6.918877e-03 8.195370e-03 8.629347e-03 2.486674e-02 2.602525e-02 2.276587e-02 2.193922e-02 2.320272e-02 2.460751e-02 2.620968e-02 2.759880e-02 2.853203e-02 2.998656e-02 3.256425e-02 3.614627e-02 4.094631e-02 4.525133e-02 4.560864e-02 4.426813e-02 6.633396e-03 6.887692e-03 7.281770e-03 2.882559e-02 7.449272e-03 7.077036e-03 6.769650e-03 6.741553e-03 7.118843e-03 7.768247e-03 0.000000e+00 0.000000e+00 4.389497e-03 4.408573e-03 4.371218e-03 8.625603e-03 8.533999e-03 8.327470e-03 8.318253e-03 4.285953e-03 4.286838e-03 4.260489e-03 4.190472e-03 4.115419e-03 4.036655e-03 3.943086e-03 3.828625e-03 3.725184e-03 6.296417e-03 6.355082e-03 6.537420e-03 6.486510e-03 6.658153e-03
8.580401e-03 2.085095e-02 2.081479e-02 8.677844e-03 8.875191e-03 9.206845e-03 9.475887e-03 9.625798e-03 9.700189e-03 9.718372e-03 9.691641e-03 9.528003e-03 9.365430e-03 9.130121e-03 8.847150e-03 8.552919e-03 1.484543e-02 2.051645e-02 1.830326e-02 4.844718e-02 4.718072e-02 3.657332e-02 3.691087e-02 4.368852e-02 6.532413e-03 6.502037e-03 6.630859e-03 7.132124e-03 0.000000e+00 0.000000e+00 4.385177e-03 6.889293e-03 4.417022e-03 4.377877e-03 8.695178e-03 8.606859e-03 8.466904e-03 8.450058e-03 4.340173e-03 4.344410e-03 4.322278e-03 4.253414e-03 4.163274e-03 4.079355e-03 4.018195e-03 3.942095e-03 3.829085e-03 6.373081e-03 6.345183e-03 6.418748e-03 6.442545e-03 6.496344e-03
2.564060e-02 8.246116e-03 8.504687e-03 8.712704e-03 8.939276e-03 9.221978e-03 9.479562e-03 9.665340e-03 9.798529e-03 9.889103e-03 9.933151e-03 9.924822e-03 9.869468e-03 9.778714e-03 9.660557e-03 9.420575e-03 9.219922e-03 1.573056e-02 1.531704e-02 2.097000e-02 2.598515e-02 1.027090e-02 2.222498e-02 6.249912e-02 6.879560e-02 5.932284e-03 6.445472e-03 4.048513e-03 0.000000e+00 5.489105e-03 6.745258e-03 8.096568e-03 4.438710e-03 6.886765e-03 8.761527e-03 8.681406e-03 8.580331e-03 8.588734e-03 4.381982e-03 4.385359e-03 4.361088e-03 4.300149e-03 4.208380e-03 4.107314e-03 4.055765e-03 4.018801e-03 3.931529e-03 3.823758e-03 6.441539e-03 6.398940e-03 6.368372e-03 6.389468e-03
7.882088e-03 8.126004e-03 8.344312e-03 8.473751e-03 8.614209e-03 8.844515e-03 9.087924e-03 9.286092e-03 9.456409e-03 9.605995e-03 9.723571e-03 9.804905e-03 9.859859e-03 9.903111e-03 9.925918e-03 9.917129e-03 1.666948e-02 9.818065e-03 9.547885e-03 9.099270e-03 8.774195e-03 0.000000e+00 0.000000e+00 0.000000e+00 8.595990e-02 7.837962e-02 5.918021e-03 0.000000e+00 0.000000e+00 7.107148e-03 7.511567e-03 8.541225e-03 4.466859e-03 8.202676e-03 8.860792e-03 8.742189e-03 8.664697e-03 4.391718e-03 4.414959e-03 4.420874e-03 4.386556e-03 4.323750e-03 4.239775e-03 4.130069e-03 4.068781e-03 4.055547e-03 4.015766e-03 3.945487e-03 6.708723e-03 6.598837e-03 6.505663e-03 6.455780e-03
7.764238e-03 7.966829e-03 8.104786e-03 8.166750e-03 8.248485e-03 8.429145e-03 8.629861e-03 8.789823e-03 8.951061e-03 9.142658e-03 9.335086e-03 9.487044e-03 9.616065e-03 9.748792e-03 9.858633e-03 1.404887e-02 1.000183e-02 1.006377e-02 1.005711e-02 9.922094e-03 9.673772e-03 9.597718e-03 9.412132e-03 0.000000e+00 0.000000e+00 0.000000e+00 1.606333e-02 0.000000e+00 3.887196e-03 6.792115e-03 7.365067e-03 8.305135e-03 6.922421e-03 8.719203e-03 8.909897e-03 8.800821e-03 8.754968e-03 4.414690e-03 4.435680e-03 4.454368e-03 4.426513e-03 4.355379e-03 4.266877e-03 4.153071e-03 4.081419e-03 4.065708e-03 4.046698e-03 5.998745e-03 6.978370e-03 6.840088e-03 6.707437e-03 6.631108e-03
7.568287e-03 7.692220e-03 7.779708e-03 7.826375e-03 7.896643e-03 8.037456e-03 8.173362e-03 8.261536e-03 8.380490e-03 8.602666e-03 8.840236e-03 9.030909e-03 9.216096e-03 9.392678e-03 1.416048e-02 9.678808e-03 9.801644e-03 9.941403e-03 1.007455e-02 1.015564e-02 1.012752e-02 1.008957e-02 9.858086e-03 9.448405e-03 8.882954e-03 0.000000e+00 0.000000e+00 0.000000e+00 1.646008e-02 5.157048e-03 1.096027e-02 7.660286e-03 7.715313e-03 8.594288e-03 8.809387e-03 8.852164e-03 8.875600e-03 4.446824e-03 4.453217e-03 4.475156e-03 4.463720e-03 4.398094e-03 4.300661e-03 4.175510e-03 4.092655e-03 4.061501e-03 4.039564e-03 6.890535e-03 7.161972e-03 7.031035e-03 6.881996e-03 6.857426e-03
7.333027e-03 7.403494e-03 7.471027e-03 7.548337e-03 7.644430e-03 7.761637e-03 7.843751e-03 7.833691e-03 7.907253e-03 8.091904e-03 8.302649e-03 8.534743e-03 8.718991e-03 1.665813e-02 9.090237e-03 9.200965e-03 9.298261e-03 9.500333e-03 9.776698e-03 9.864089e-03 9.959808e-03 1.001904e-02 9.973901e-03 9.580855e-03 9.275281e-03 5.044357e-03 0.000000e+00 0.000000e+00 0.000000e+00 0.000000e+00 1.238843e-02 6.747367e-03 7.457002e-03 8.334533e-03 8.675123e-03 8.854353e-03 8.956898e-03 4.472751e-03 4.485850e-03 4.498453e-03 4.492296e-03 4.444910e-03 4.358197e-03 4.235960e-03 4.147497e-03 4.099745e-03 4.063954e-03 7.249468e-03 7.282672e-03 7.205813e-03 7.109385e-03 7.162316e-03
7.113604e-03 7.122415e-03 7.168070e-03 7.289043e-03 7.430117e-03 7.539304e-03 7.474272e-03 7.466167e-03 7.489781e-03 7.590620e-03 7.862035e-03 8.013283e-03 2.151642e-02 8.422963e-03 8.503601e-03 8.454286e-03 8.587737e-03 9.016140e-03 9.085805e-03 9.277853e-03 9.422618e-03 9.585228e-03 9.639251e-03 9.398738e-03 9.119963e-03 0.000000e+00 0.000000e+00 6.538641e-03 8.005005e-03 0.000000e+00 0.000000e+00 0.000000e+00 7.323117e-03 8.222165e-03 8.650333e-03 8.796583e-03 8.947124e-03 4.482833e-03 4.519220e-03 4.525433e-03 4.517665e-03 4.486516e-03 4.424173e-03 4.325699e-03 4.242334e-03 4.180197e-03 4.123378e-03 7.434065e-03 7.364355e-03 7.371202e-03 7.426380e-03 7.562808e-03
