tests/data/reference/test_implicit_stream_rill_mfda/control/mqsheet_m3_s.asc
ncols	123
nrows	77
xllcorner	-713746.79929998
yllcorner	-1061022.36961616
cellsize	10.0
NODATA_value	-9999
[rows 46 to 68 of 77, columns 0 to 51 of 123]
-9.999000e+03 -9.999000e+03 -9.999000e+03 -9.999000e+03 -9.999000e+03 -9.999000e+03 7.704140e-03 6.546811e-03 4.043963e-03 4.191402e-03 2.857560e-03 4.100187e-03 4.672996e-03 4.757559e-03 4.785718e-03 4.775871e-03 4.770932e-03 4.772550e-03 4.878964e-03 5.203766e-03 5.548123e-03 5.130337e-03 5.182532e-03 5.138770e-03 5.726668e-03 6.080612e-03 6.247750e-03 6.190053e-03 6.118835e-03 6.130308e-03 6.151894e-03 2.939590e-02 3.082171e-02 6.439203e-03 6.658121e-03 6.908631e-03 7.175660e-03 7.439138e-03 7.673736e-03 7.884747e-03 8.042634e-03 8.134822e-03 8.208062e-03 8.290343e-03 8.303108e-03 8.208169e-03 8.078355e-03 7.927710e-03 7.708697e-03 7.402308e-03 7.160397e-03 7.082592e-03
-9.999000e+03 -9.999000e+03 -9.999000e+03 -9.999000e+03 -9.999000e+03 -9.999000e+03 3.868873e-03 4.437198e-03 3.963678e-03 4.117208e-03 3.044227e-03 4.566410e-03 4.794893e-03 4.928223e-03 5.016790e-03 4.920620e-03 4.787785e-03 4.666658e-03 4.737521e-03 5.066468e-03 3.457026e-03 3.543763e-03 3.586781e-03 3.583190e-03 5.230752e-03 5.975835e-03 6.256445e-03 2.260789e-02 2.459184e-02 2.644178e-02 2.816609e-02 6.419003e-03 6.476156e-03 6.629200e-03 6.817874e-03 7.000166e-03 7.193184e-03 7.411969e-03 7.631764e-03 7.847706e-03 8.039066e-03 8.197123e-03 8.324296e-03 8.421319e-03 8.451233e-03 8.383145e-03 8.266808e-03 8.134120e-03 7.958697e-03 7.706527e-03 7.443251e-03 7.258010e-03
-9.999000e+03 -9.999000e+03 -9.999000e+03 -9.999000e+03 -9.999000e+03 7.508693e-03 4.086983e-03 5.882623e-03 2.946618e-03 2.987306e-03 4.027124e-03 4.407216e-03 4.662004e-03 4.947263e-03 4.889953e-03 4.956999e-03 4.866002e-03 4.730543e-03 4.776750e-03 5.081336e-03 7.869546e-03 1.046719e-02 1.295394e-02 1.601951e-02 1.767658e-02 1.963805e-02 2.168466e-02 6.472847e-03 6.473846e-03 6.560335e-03 6.596120e-03 6.576305e-03 6.626713e-03 6.730113e-03 6.842446e-03 6.955071e-03 7.100961e-03 7.314812e-03 7.544789e-03 7.756031e-03 7.951918e-03 8.128741e-03 8.274534e-03 8.389539e-03 8.457112e-03 8.452042e-03 8.381168e-03 8.255073e-03 8.103186e-03 7.927271e-03 7.721248e-03 7.487703e-03
-9.999000e+03 -9.999000e+03 -9.999000e+03 -9.999000e+03 1.477538e-02 1.621791e-03 4.189747e-03 5.554133e-03 2.819468e-03 2.728735e-03 3.684568e-03 4.086809e-03 4.752176e-03 4.295686e-03 4.736386e-03 4.913417e-03 4.938661e-03 4.828104e-03 4.869758e-03 5.156785e-03 5.484352e-03 5.786723e-03 6.155213e-03 6.360959e-03 6.603831e-03 6.697773e-03 6.737121e-03 6.753296e-03 6.763574e-03 6.786632e-03 6.785724e-03 6.751926e-03 6.743578e-03 6.766002e-03 6.810417e-03 6.873921e-03 6.992649e-03 7.206344e-03 7.438987e-03 7.645709e-03 7.831591e-03 7.988238e-03 8.116691e-03 8.234266e-03 8.336825e-03 8.402495e-03 8.397399e-03 8.294873e-03 8.167392e-03 8.077222e-03 7.898724e-03 7.680164e-03
-9.999000e+03 -9.999000e+03 -9.999000e+03 -9.999000e+03 8.226803e-03 4.090273e-03 3.864363e-03 3.901741e-03 3.391770e-03 2.560495e-03 3.602775e-03 5.716778e-03 2.927420e-03 4.131427e-03 4.619314e-03 4.878253e-03 4.952798e-03 4.843618e-03 4.890514e-03 5.180179e-03 5.539716e-03 6.114466e-03 6.104219e-03 6.590893e-03 6.844965e-03 6.942640e-03 7.018691e-03 7.097373e-03 7.122097e-03 7.102283e-03 7.085405e-03 7.056334e-03 7.016566e-03 6.979463e-03 6.958520e-03 6.961397e-03 7.017067e-03 7.161707e-03 7.351434e-03 7.557223e-03 7.734445e-03 7.843689e-03 7.924876e-03 8.022961e-03 8.137283e-03 8.247536e-03 8.300957e-03 8.253855e-03 8.186973e-03 7.988908e-03 7.915561e-03 7.705253e-03
-9.999000e+03 -9.999000e+03 -9.999000e+03 7.562233e-03 1.458862e-03 4.313318e-03 2.664663e-03 3.167748e-03 2.443993e-03 3.206510e-03 4.431301e-03 3.575858e-03 2.789634e-03 3.939265e-03 4.481408e-03 4.791196e-03 4.893390e-03 4.815886e-03 4.862233e-03 5.126344e-03 6.359318e-03 5.347153e-03 6.165692e-03 6.622564e-03 6.906452e-03 7.068462e-03 7.206860e-03 7.333943e-03 7.386793e-03 7.360484e-03 7.323433e-03 7.288637e-03 7.248180e-03 7.199655e-03 7.151964e-03 7.125419e-03 7.127126e-03 7.178440e-03 7.306658e-03 7.509901e-03 7.672316e-03 7.723152e-03 7.752059e-03 7.817288e-03 7.915904e-03 8.039594e-03 8.136147e-03 8.163615e-03 7.602483e-03 7.617610e-03 7.556416e-03 7.382695e-03
-9.999000e+03 -9.999000e+03 -9.999000e+03 7.380813e-03 3.853314e-03 3.007381e-03 2.344941e-03 2.120861e-03 2.597896e-03 2.706766e-03 3.465799e-03 3.180696e-03 2.589556e-03 3.664069e-03 4.268697e-03 4.599734e-03 4.728499e-03 4.713143e-03 4.712784e-03 7.716458e-03 3.478714e-03 5.090087e-03 5.817517e-03 6.267331e-03 6.617756e-03 6.882987e-03 7.083005e-03 7.245869e-03 7.328759e-03 7.308348e-03 7.254384e-03 7.207467e-03 7.184771e-03 7.188415e-03 7.208870e-03 7.237692e-03 7.252976e-03 7.245090e-03 7.316045e-03 7.505406e-03 7.657362e-03 7.683759e-03 7.682265e-03 7.697108e-03 7.744392e-03 7.843838e-03 7.961607e-03 6.522494e-03 6.547187e-03 6.535800e-03 6.476718e-03 2.130377e-02
-9.999000e+03 -9.999000e+03 7.170886e-03 5.569413e-04 2.827141e-03 2.709190e-03 1.879593e-03 1.712310e-03 1.846876e-03 1.632527e-03 2.513372e-03 2.638139e-03 2.269376e-03 3.336528e-03 3.983424e-03 4.276466e-03 4.434943e-03 4.484462e-03 5.876862e-03 4.319422e-03 3.147171e-03 4.484621e-03 5.117769e-03 5.596537e-03 6.061579e-03 6.408192e-03 6.675633e-03 6.901181e-03 7.023477e-03 7.025708e-03 6.970795e-03 6.920507e-03 6.929254e-03 7.024268e-03 7.132387e-03 7.247270e-03 7.311066e-03 7.293773e-03 7.318638e-03 7.480605e-03 7.636020e-03 7.686362e-03 7.681447e-03 7.651345e-03 7.651916e-03 7.728312e-03 4.176048e-03 4.221678e-03 4.228539e-03 4.200743e-03 2.331358e-02 7.873834e-03
-9.999000e+03 -9.999000e+03 3.579276e-03 2.743300e-03 2.322583e-03 1.911610e-03 1.544177e-03 1.891642e-03 2.146500e-03 1.101248e-03 1.702740e-03 2.193121e-03 1.969744e-03 3.034014e-03 3.506703e-03 3.677081e-03 3.815079e-03 3.933981e-03 3.805942e-03 4.109333e-03 2.689690e-03 3.647962e-03 4.197923e-03 4.791667e-03 5.245491e-03 5.678500e-03 6.096468e-03 6.396549e-03 6.587546e-03 6.651721e-03 6.625967e-03 6.567929e-03 6.633424e-03 6.744602e-03 6.916797e-03 7.077265e-03 7.185799e-03 7.207792e-03 7.243761e-03 7.383798e-03 7.541561e-03 7.640314e-03 7.669497e-03 7.653374e-03 7.659534e-03 7.755038e-03 7.858146e-03 7.979597e-03 2.145719e-02 2.543226e-02 7.922978e-03 7.898420e-03
-9.999000e+03 6.494074e-03 5.598721e-03 3.401581e-03 2.197203e-03 1.250538e-03 1.992471e-03 1.984677e-03 -9.999000e+03 -9.999000e+03 -9.999000e+03 1.678581e-03 1.829685e-03 2.318964e-03 2.519765e-03 2.530930e-03 2.622274e-03 2.776554e-03 2.616258e-03 2.016560e-03 1.868404e-03 2.401081e-03 3.317279e-03 3.736717e-03 4.204815e-03 4.882980e-03 5.366873e-03 5.732249e-03 5.988360e-03 6.113048e-03 6.120300e-03 6.243435e-03 6.224787e-03 6.413615e-03 6.612442e-03 6.811722e-03 6.954218e-03 7.015376e-03 7.091400e-03 7.246081e-03 7.439407e-03 7.568056e-03 7.636732e-03 7.624984e-03 7.667685e-03 7.829626e-03 1.275966e-02 1.722137e-02 8.089701e-03 7.995425e-03 7.950214e-03 8.002051e-03
-9.999000e+03 1.440916e-02 3.009549e-03 2.185877e-03 1.805033e-03 1.852711e-03 -9.999000e+03 -9.999000e+03 -9.999000e+03 -9.999000e+03 -9.999000e+03 -9.999000e+03 1.952531e-03 2.225099e-03 2.966475e-03 3.222519e-03 2.530440e-03 3.470645e-03 3.504012e-03 2.595802e-03 1.646184e-03 1.693741e-03 2.098890e-03 2.522348e-03 3.504103e-03 4.042589e-03 4.462451e-03 4.817514e-03 5.063088e-03 5.177728e-03 5.804904e-03 5.651385e-03 5.850686e-03 6.045303e-03 6.307165e-03 6.549246e-03 6.703344e-03 6.750206e-03 6.848082e-03 7.141097e-03 7.357530e-03 7.509723e-03 7.488557e-03 7.500298e-03 7.692641e-03 7.800135e-03 7.940440e-03 8.070635e-03 8.044602e-03 7.975553e-03 7.973750e-03 8.151820e-03
7.577645e-03 2.548268e-03 2.627023e-03 1.830500e-03 1.168774e-03 2.221891e-03 -9.999000e+03 -9.999000e+03 -9.999000e+03 -9.999000e+03 -9.999000e+03 -9.999000e+03 -9.999000e+03 -9.999000e+03 -9.999000e+03 2.578924e-03 3.662271e-03 2.714180e-03 2.581511e-03 2.372856e-03 3.408432e-03 -9.999000e+03 -9.999000e+03 2.097767e-03 2.532509e-03 2.772640e-03 3.015866e-03 3.240677e-03 3.348608e-03 5.139041e-03 4.728036e-03 5.226121e-03 5.291168e-03 5.593655e-03 5.915802e-03 6.169067e-03 6.294618e-03 6.316136e-03 6.683548e-03 6.934521e-03 7.228685e-03 7.094885e-03 7.118220e-03 7.549396e-03 7.489512e-03 7.633637e-03 7.913028e-03 7.862028e-03 7.876579e-03 7.813172e-03 7.996906e-03 8.177103e-03
7.109369e-03 1.747294e-03 1.641032e-03 1.634836e-03 2.257412e-03 -9.999000e+03 -9.999000e+03 -9.999000e+03 -9.999000e+03 -9.999000e+03 -9.999000e+03 -9.999000e+03 -9.999000e+03 -9.999000e+03 -9.999000e+03 -9.999000e+03 -9.999000e+03 -9.999000e+03 -9.999000e+03 -9.999000e+03 -9.999000e+03 -9.999000e+03 -9.999000e+03 1.985722e-03 2.429160e-03 2.585354e-03 3.656230e-03 4.295322e-03 4.590264e-03 3.037406e-03 4.447404e-03 4.226764e-03 4.482033e-03 4.864272e-03 5.180977e-03 5.343123e-03 5.420938e-03 6.227601e-03 6.211477e-03 6.581369e-03 6.106693e-03 6.158311e-03 7.384092e-03 7.000034e-03 7.036852e-03 7.570101e-03 7.249652e-03 7.319739e-03 7.325570e-03 7.716830e-03 7.657569e-03 8.146135e-03
-9.999000e+03 2.343323e-03 2.224307e-03 2.577357e-03 -9.999000e+03 -9.999000e+03 -9.999000e+03 -9.999000e+03 -9.999000e+03 -9.999000e+03 -9.999000e+03 -9.999000e+03 -9.999000e+03 -9.999000e+03 -9.999000e+03 -9.999000e+03 -9.999000e+03 -9.999000e+03 -9.999000e+03 -9.999000e+03 -9.999000e+03 -9.999000e+03 -9.999000e+03 -9.999000e+03 -9.999000e+03 -9.999000e+03 2.776179e-03 2.955239e-03 3.981651e-03 3.903912e-03 2.642018e-03 2.810753e-03 3.077361e-03 3.383871e-03 3.516632e-03 3.548100e-03 5.754118e-03 5.212813e-03 5.448780e-03 3.948042e-03 4.029760e-03 7.096997e-03 6.052000e-03 6.045536e-03 7.263190e-03 6.102165e-03 6.138955e-03 6.164180e-03 7.442460e-03 6.965812e-03 7.527104e-03 6.632454e-03
-9.999000e+03 -9.999000e+03 -9.999000e+03 -9.999000e+03 -9.999000e+03 -9.999000e+03 -9.999000e+03 -9.999000e+03 -9.999000e+03 -9.999000e+03 -9.999000e+03 -9.999000e+03 -9.999000e+03 -9.999000e+03 -9.999000e+03 -9.999000e+03 -9.999000e+03 -9.999000e+03 -9.999000e+03 -9.999000e+03 -9.999000e+03 -9.999000e+03 -9.999000e+03 -9.999000e+03 -9.999000e+03 -9.999000e+03 -9.999000e+03 -9.999000e+03 2.856530e-03 3.439668e-03 2.447778e-03 2.612152e-03 2.934662e-03 4.464606e-03 5.170433e-03 5.293136e-03 3.395211e-03 3.557951e-03 3.705394e-03 5.633978e-03 6.561417e-03 3.958038e-03 3.982063e-03 7.073652e-03 4.000995e-03 4.004204e-03 3.992391e-03 7.173702e-03 5.935432e-03 7.116697e-03 4.119767e-03 4.320264e-03
-9.999000e+03 -9.999000e+03 -9.999000e+03 -9.999000e+03 -9.999000e+03 -9.999000e+03 -9.999000e+03 -9.999000e+03 -9.999000e+03 -9.999000e+03 -9.999000e+03 -9.999000e+03 -9.999000e+03 -9.999000e+03 -9.999000e+03 -9.999000e+03 -9.999000e+03 -9.999000e+03 -9.999000e+03 -9.999000e+03 -9.999000e+03 -9.999000e+03 -9.999000e+03 -9.999000e+03 -9.999000e+03 -9.999000e+03 -9.999000e+03 -9.999000e+03 -9.999000e+03 2.544965e-03 3.565034e-03 3.594595e-03 4.036319e-03 3.388166e-03 3.447794e-03 3.296545e-03 3.306336e-03 3.498400e-03 5.217737e-03 6.046400e-03 6.449048e-03 6.632962e-03 6.802184e-03 3.962305e-03 5.991425e-03 6.845734e-03 7.076104e-03 3.868634e-03 6.838671e-03 4.001895e-03 6.194392e-03 7.422661e-03
-9.999000e+03 -9.999000e+03 -9.999000e+03 -9.999000e+03 -9.999000e+03 -9.999000e+03 -9.999000e+03 -9.999000e+03 -9.999000e+03 -9.999000e+03 -9.999000e+03 -9.999000e+03 -9.999000e+03 -9.999000e+03 -9.999000e+03 -9.999000e+03 -9.999000e+03 -9.999000e+03 -9.999000e+03 -9.999000e+03 -9.999000e+03 -9.999000e+03 -9.999000e+03 -9.999000e+03 -9.999000e+03 -9.999000e+03 -9.999000e+03 -9.999000e+03 -9.999000e+03 -9.999000e+03 3.744103e-03 -9.999000e+03 -9.999000e+03 -9.999000e+03 -9.999000e+03 -9.999000e+03 -9.999000e+03 -9.999000e+03 3.630135e-03 5.350864e-03 6.029650e-03 6.212875e-03 6.371036e-03 6.671283e-03 6.935693e-03 7.071062e-03 7.017935e-03 6.736867e-03 3.806672e-03 5.921395e-03 7.047008e-03 7.635727e-03
-9.999000e+03 -9.999000e+03 -9.999000e+03 -9.999000e+03 -9.999000e+03 -9.999000e+03 -9.999000e+03 -9.999000e+03 -9.999000e+03 -9.999000e+03 -9.999000e+03 -9.999000e+03 -9.999000e+03 -9.999000e+03 -9.999000e+03 -9.999000e+03 -9.999000e+03 -9.999000e+03 -9.999000e+03 -9.999000e+03 -9.999000e+03 -9.999000e+03 -9.999000e+03 -9.999000e+03 -9.999000e+03 -9.999000e+03 -9.999000e+03 -9.999000e+03 -9.999000e+03 -9.999000e+03 -9.999000e+03 -9.999000e+03 -9.999000e+03 -9.999000e+03 -9.999000e+03 -9.999000e+03 -9.999000e+03 -9.999000e+03 -9.999000e+03 -9.999000e+03 -9.999000e+03 3.642647e-03 3.701607e-03 3.857378e-03 5.829205e-03 6.641257e-03 6.801923e-03 6.554035e-03 6.535251e-03 6.982632e-03 7.403804e-03 7.559574e-03
-9.999000e+03 -9.999000e+03 -9.999000e+03 -9.999000e+03 -9.999000e+03 -9.999000e+03 -9.999000e+03 -9.999000e+03 -9.999000e+03 -9.999000e+03 -9.999000e+03 -9.999000e+03 -9.999000e+03 -9.999000e+03 -9.999000e+03 -9.999000e+03 -9.999000e+03 -9.999000e+03 -9.999000e+03 -9.999000e+03 -9.999000e+03 -9.999000e+03 -9.999000e+03 -9.999000e+03 -9.999000e+03 -9.999000e+03 -9.999000e+03 -9.999000e+03 -9.999000e+03 -9.999000e+03 -9.999000e+03 -9.999000e+03 -9.999000e+03 -9.999000e+03 -9.999000e+03 -9.999000e+03 -9.999000e+03 -9.999000e+03 -9.999000e+03 -9.999000e+03 -9.999000e+03 -9.999000e+03 -9.999000e+03 -9.999000e+03 3.961008e-03 3.924228e-03 5.755675e-03 6.282758e-03 3.812264e-03 5.972145e-03 7.001249e-03 7.166936e-03
-9.999000e+03 -9.999000e+03 -9.999000e+03 -9.999000e+03 -9.999000e+03 -9.999000e+03 -9.999000e+03 -9.999000e+03 -9.999000e+03 -9.999000e+03 -9.999000e+03 -9.999000e+03 -9.999000e+03 -9.999000e+03 -9.999000e+03 -9.999000e+03 -9.999000e+03 -9.999000e+03 -9.999000e+03 -9.999000e+03 -9.999000e+03 -9.999000e+03 -9.999000e+03 -9.999000e+03 -9.999000e+03 -9.999000e+03 -9.999000e+03 -9.999000e+03 -9.999000e+03 -9.999000e+03 -9.999000e+03 -9.999000e+03 -9.999000e+03 -9.999000e+03 -9.999000e+03 -9.999000e+03 -9.999000e+03 -9.999000e+03 -9.999000e+03 -9.999000e+03 -9.999000e+03 -9.999000e+03 -9.999000e+03 -9.999000e+03 -9.999000e+03 -9.999000e+03 -9.999000e+03 -9.999000e+03 -9.999000e+03 -9.999000e+03 4.051797e-03 5.785865e-03
-9.999000e+03 -9.999000e+03 -9.999000e+03 -9.999000e+03 -9.999000e+03 -9.999000e+03 -9.999000e+03 -9.999000e+03 -9.999000e+03 -9.999000e+03 -9.999000e+03 -9.999000e+03 -9.999000e+03 -9.999000e+03 -9.999000e+03 -9.999000e+03 -9.999000e+03 -9.999000e+03 -9.999000e+03 -9.999000e+03 -9.999000e+03 -9.999000e+03 -9.999000e+03 -9.999000e+03 -9.999000e+03 -9.999000e+03 -9.999000e+03 -9.999000e+03 -9.999000e+03 -9.999000e+03 -9.999000e+03 -9.999000e+03 -9.999000e+03 -9.999000e+03 -9.999000e+03 -9.999000e+03 -9.999000e+03 -9.999000e+03 -9.999000e+03 -9.999000e+03 -9.999000e+03 -9.999000e+03 -9.999000e+03 -9.999000e+03 -9.999000e+03 -9.999000e+03 -9.999000e+03 -9.999000e+03 -9.999000e+03 -9.999000e+03 -9.999000e+03 3.728106e-03
-9.999000e+03 -9.999000e+03 -9.999000e+03 -9.999000e+03 -9.999000e+03 -9.999000e+03 -9.999000e+03 -9.999000e+03 -9.999000e+03 -9.999000e+03 -9.999000e+03 -9.999000e+03 -9.999000e+03 -9.999000e+03 -9.999000e+03 -9.999000e+03 -9.999000e+03 -9.999000e+03 -9.999000e+03 -9.999000e+03 -9.999000e+03 -9.999000e+03 -9.999000e+03 -9.999000e+03 -9.999000e+03 -9.999000e+03 -9.999000e+03 -9.999000e+03 -9.999000e+03 -9.999000e+03 -9.999000e+03 -9.999000e+03 -9.999000e+03 -9.999000e+03 -9.999000e+03 -9.999000e+03 -9.999000e+03 -9.999000e+03 -9.999000e+03 -9.999000e+03 -9.999000e+03 -9.999000e+03 -9.999000e+03 -9.999000e+03 -9.999000e+03 -9.999000e+03 -9.999000e+03 -9.999000e+03 -9.999000e+03 -9.999000e+03 -9.999000e+03 -9.999000e+03
-9.999000e+03 -9.999000e+03 -9.999000e+03 -9.999000e+03 -9.999000e+03 -9.999000e+03 -9.999000e+03 -9.999000e+03 -9.999000e+03 -9.999000e+03 -9.999000e+03 -9.999000e+03 -9.999000e+03 -9.999000e+03 -9.999000e+03 -9.999000e+03 -9.999000e+03 -9.999000e+03 -9.999000e+03 -9.999000e+03 -9.999000e+03 -9.999000e+03 -9.999000e+03 -9.999000e+03 -9.999000e+03 -9.999000e+03 -9.999000e+03 -9.999000e+03 -9.999000e+03 -9.999000e+03 -9.999000e+03 -9.999000e+03 -9.999000e+03 -9.999000e+03 -9.999000e+03 -9.999000e+03 -9.999000e+03 -9.999000e+03 -9.999000e+03 -9.999000e+03 -9.999000e+03 -9.999000e+03 -9.999000e+03 -9.999000e+03 -9.999000e+03 -9.999000e+03 -9.999000e+03 -9.999000e+03 -9.999000e+03 -9.999000e+03 -9.999000e+03 -9.999000e+03
