tests/data/reference/test_implicit_stream_rill_mfda/control/mqsheet_m3_s.asc
ncols	123
nrows	77
xllcorner	-713746.79929998
yllcorner	-1061022.36961616
cellsize	10.0
NODATA_value	-9999
[rows 46 to 68 of 77, columns 0 to 51 of 123]
-9.999000e+03 -9.999000e+03 -9.999000e+03 -9.999000e+03 -9.999000e+03 -9.999000e+03 7.653762e-03 6.453357e-03 4.034800e-03 4.181011e-03 2.822014e-03 4.068160e-03 4.665543e-03 4.753475e-03 4.784049e-03 4.777357e-03 4.771140e-03 4.772547e-03 4.876007e-03 5.195363e-03 5.536522e-03 5.075437e-03 5.126426e-03 5.083823e-03 5.695920e-03 6.064458e-03 6.238482e-03 6.186924e-03 6.118729e-03 6.129429e-03 6.149969e-03 2.874034e-02 3.017215e-02 6.439786e-03 6.656179e-03 6.904182e-03 7.168379e-03 7.429010e-03 7.661614e-03 7.871954e-03 8.030687e-03 8.124812e-03 8.200075e-03 8.283916e-03 8.298998e-03 8.207793e-03 8.081625e-03 7.933914e-03 7.717908e-03 7.414787e-03 7.174024e-03 7.094244e-03
-9.999000e+03 -9.999000e+03 -9.999000e+03 -9.999000e+03 -9.999000e+03 -9.999000e+03 3.822732e-03 4.428491e-03 3.934100e-03 4.084575e-03 3.004395e-03 4.547514e-03 4.782047e-03 4.918260e-03 5.013392e-03 4.913108e-03 4.786866e-03 4.668397e-03 4.737590e-03 5.061271e-03 3.407253e-03 3.491845e-03 3.533795e-03 3.530293e-03 5.173451e-03 5.939896e-03 6.238789e-03 2.216090e-02 2.407575e-02 2.586355e-02 2.753361e-02 6.423327e-03 6.479398e-03 6.629819e-03 6.815641e-03 6.995380e-03 7.185781e-03 7.401716e-03 7.619336e-03 7.834348e-03 8.025700e-03 8.184214e-03 8.312259e-03 8.410267e-03 8.441729e-03 8.376713e-03 8.264243e-03 8.135278e-03 7.963304e-03 7.714318e-03 7.453482e-03 7.269460e-03
-9.999000e+03 -9.999000e+03 -9.999000e+03 -9.999000e+03 -9.999000e+03 7.444472e-03 4.107699e-03 5.848527e-03 2.909047e-03 2.948797e-03 3.995125e-03 4.388042e-03 4.648979e-03 4.949142e-03 4.867727e-03 4.946667e-03 4.862639e-03 4.731541e-03 4.777011e-03 5.076668e-03 7.827322e-03 1.037314e-02 1.280715e-02 1.581846e-02 1.742249e-02 1.931177e-02 2.128137e-02 6.477973e-03 6.480149e-03 6.566385e-03 6.602271e-03 6.582713e-03 6.631911e-03 6.733215e-03 6.843327e-03 6.953792e-03 7.097121e-03 7.307587e-03 7.534604e-03 7.744147e-03 7.939139e-03 8.115830e-03 8.262044e-03 8.377058e-03 8.444610e-03 8.440918e-03 8.373051e-03 8.251115e-03 8.103185e-03 7.930172e-03 7.726954e-03 7.493001e-03
-9.999000e+03 -9.999000e+03 -9.999000e+03 -9.999000e+03 1.459954e-02 1.612593e-03 4.176170e-03 5.552314e-03 2.784777e-03 2.696051e-03 3.658590e-03 4.076887e-03 4.776985e-03 4.258884e-03 4.715295e-03 4.901608e-03 4.932717e-03 4.826998e-03 4.868200e-03 5.150707e-03 5.475163e-03 5.776607e-03 6.156076e-03 6.342554e-03 6.594159e-03 6.693607e-03 6.736627e-03 6.755410e-03 6.767939e-03 6.792543e-03 6.792559e-03 6.759214e-03 6.750447e-03 6.771825e-03 6.814810e-03 6.876634e-03 6.992942e-03 7.203022e-03 7.432210e-03 7.636351e-03 7.820683e-03 7.977355e-03 8.106296e-03 8.223083e-03 8.324278e-03 8.389503e-03 8.385727e-03 8.286831e-03 8.163336e-03 8.075649e-03 7.887687e-03 7.673579e-03
-9.999000e+03 -9.999000e+03 -9.999000e+03 -9.999000e+03 8.200963e-03 4.096229e-03 3.835389e-03 3.885586e-03 3.370638e-03 2.531415e-03 3.594139e-03 5.691787e-03 2.890288e-03 4.097530e-03 4.598060e-03 4.864065e-03 4.944297e-03 4.840351e-03 4.887081e-03 5.172506e-03 5.527792e-03 6.129994e-03 6.064739e-03 6.564750e-03 6.825566e-03 6.928443e-03 7.008572e-03 7.090369e-03 7.118217e-03 7.101514e-03 7.086462e-03 7.057974e-03 7.018226e-03 6.980958e-03 6.959807e-03 6.962523e-03 7.017633e-03 7.160468e-03 7.347638e-03 7.550314e-03 7.725527e-03 7.835338e-03 7.917562e-03 8.014903e-03 8.127455e-03 8.235915e-03 8.288792e-03 8.243763e-03 8.179921e-03 7.952506e-03 7.881261e-03 7.675568e-03
-9.999000e+03 -9.999000e+03 -9.999000e+03 7.501336e-03 1.444577e-03 4.312027e-03 2.633370e-03 3.148508e-03 2.417315e-03 3.195544e-03 4.434000e-03 3.567688e-03 2.755607e-03 3.908301e-03 4.459118e-03 4.774800e-03 4.882441e-03 4.809427e-03 4.856091e-03 5.116303e-03 6.348127e-03 5.286752e-03 6.121156e-03 6.587671e-03 6.875335e-03 7.041300e-03 7.184151e-03 7.314310e-03 7.370835e-03 7.349113e-03 7.315128e-03 7.281545e-03 7.241329e-03 7.192990e-03 7.146070e-03 7.121204e-03 7.124478e-03 7.176701e-03 7.303884e-03 7.503952e-03 7.664211e-03 7.716368e-03 7.747140e-03 7.812439e-03 7.909682e-03 8.031001e-03 8.125821e-03 8.153804e-03 7.532456e-03 7.547617e-03 7.488145e-03 7.318837e-03
-9.999000e+03 -9.999000e+03 -9.999000e+03 7.309807e-03 3.853653e-03 2.989164e-03 2.320240e-03 2.100396e-03 2.585003e-03 2.693174e-03 3.470092e-03 3.172113e-03 2.559865e-03 3.636583e-03 4.246508e-03 4.582849e-03 4.714599e-03 4.701807e-03 4.702654e-03 7.652286e-03 3.428406e-03 5.035434e-03 5.774869e-03 6.228177e-03 6.578860e-03 6.847604e-03 7.050023e-03 7.216041e-03 7.304280e-03 7.289414e-03 7.239830e-03 7.195218e-03 7.172942e-03 7.175942e-03 7.197209e-03 7.226952e-03 7.244669e-03 7.239510e-03 7.311010e-03 7.497783e-03 7.647920e-03 7.675959e-03 7.676996e-03 7.693446e-03 7.740711e-03 7.838494e-03 7.954350e-03 6.428581e-03 6.452277e-03 6.441170e-03 6.383952e-03 2.052424e-02
-9.999000e+03 -9.999000e+03 7.107373e-03 5.549346e-04 2.812125e-03 2.693312e-03 1.863302e-03 1.698663e-03 1.831119e-03 1.620066e-03 2.513562e-03 2.631690e-03 2.246140e-03 3.313110e-03 3.963521e-03 4.257158e-03 4.414991e-03 4.464599e-03 5.865444e-03 4.316360e-03 3.104912e-03 4.442289e-03 5.079778e-03 5.555126e-03 6.022259e-03 6.367601e-03 6.635952e-03 6.866919e-03 6.993922e-03 7.001644e-03 6.951746e-03 6.904395e-03 6.913217e-03 7.009440e-03 7.115309e-03 7.230990e-03 7.296782e-03 7.283128e-03 7.309974e-03 7.470278e-03 7.624133e-03 7.675917e-03 7.674501e-03 7.647372e-03 7.649299e-03 7.724237e-03 4.108479e-03 4.153013e-03 4.159710e-03 4.132580e-03 2.262142e-02 7.874120e-03
-9.999000e+03 -9.999000e+03 3.497210e-03 2.732099e-03 2.298319e-03 1.894789e-03 1.532972e-03 1.875153e-03 2.140636e-03 1.105382e-03 1.689238e-03 2.185492e-03 1.951943e-03 3.014957e-03 3.482628e-03 3.651005e-03 3.786311e-03 3.903325e-03 3.778758e-03 4.098166e-03 2.657856e-03 3.617584e-03 4.160154e-03 4.757302e-03 5.206931e-03 5.636305e-03 6.059024e-03 6.360404e-03 6.553142e-03 6.620797e-03 6.598927e-03 6.543509e-03 6.618324e-03 6.724983e-03 6.897617e-03 7.057906e-03 7.168587e-03 7.194160e-03 7.232108e-03 7.370661e-03 7.526952e-03 7.628653e-03 7.661012e-03 7.648208e-03 7.653672e-03 7.747743e-03 7.852448e-03 7.973461e-03 2.103658e-02 2.489585e-02 7.922353e-03 7.897451e-03
-9.999000e+03 6.402377e-03 5.463233e-03 3.397230e-03 2.175333e-03 1.243055e-03 1.974279e-03 1.966620e-03 -9.999000e+03 -9.999000e+03 -9.999000e+03 1.665442e-03 1.814205e-03 2.294770e-03 2.491534e-03 2.502467e-03 2.591890e-03 2.742817e-03 2.586002e-03 1.997951e-03 1.852297e-03 2.375267e-03 3.291908e-03 3.706467e-03 4.167727e-03 4.850545e-03 5.330690e-03 5.692123e-03 5.945943e-03 6.070545e-03 6.078901e-03 6.226234e-03 6.200760e-03 6.393926e-03 6.589948e-03 6.789840e-03 6.934612e-03 6.998594e-03 7.075111e-03 7.227522e-03 7.424152e-03 7.553690e-03 7.626048e-03 7.611317e-03 7.653707e-03 7.822375e-03 1.265303e-02 1.695393e-02 8.083070e-03 7.988790e-03 7.944863e-03 7.995048e-03
-9.999000e+03 1.419834e-02 3.015923e-03 2.164218e-03 1.789947e-03 1.836859e-03 -9.999000e+03 -9.999000e+03 -9.999000e+03 -9.999000e+03 -9.999000e+03 -9.999000e+03 1.935022e-03 2.202705e-03 2.951300e-03 3.215716e-03 2.501988e-03 3.448578e-03 3.497921e-03 2.603357e-03 1.633524e-03 1.680375e-03 2.078823e-03 2.494064e-03 3.478485e-03 4.009086e-03 4.421098e-03 4.769019e-03 5.009390e-03 5.121429e-03 5.787021e-03 5.616328e-03 5.830690e-03 6.018136e-03 6.278497e-03 6.520892e-03 6.676395e-03 6.724582e-03 6.821371e-03 7.123887e-03 7.335064e-03 7.489634e-03 7.457864e-03 7.470243e-03 7.684667e-03 7.781781e-03 7.919769e-03 8.058792e-03 8.024591e-03 7.957920e-03 7.956355e-03 8.141057e-03
7.517764e-03 2.489885e-03 2.613175e-03 1.815007e-03 1.162201e-03 2.199557e-03 -9.999000e+03 -9.999000e+03 -9.999000e+03 -9.999000e+03 -9.999000e+03 -9.999000e+03 -9.999000e+03 -9.999000e+03 -9.999000e+03 2.549458e-03 3.654455e-03 2.681814e-03 2.551990e-03 2.347604e-03 3.416201e-03 -9.999000e+03 -9.999000e+03 2.077720e-03 2.504014e-03 2.738990e-03 2.976695e-03 3.196181e-03 3.301494e-03 5.126443e-03 4.681769e-03 5.208500e-03 5.258430e-03 5.556975e-03 5.875720e-03 6.126888e-03 6.251113e-03 6.272553e-03 6.667324e-03 6.903219e-03 7.194684e-03 7.036512e-03 7.060054e-03 7.538614e-03 7.458231e-03 7.599286e-03 7.899386e-03 7.823254e-03 7.837830e-03 7.776068e-03 7.984469e-03 8.150319e-03
7.028103e-03 1.733112e-03 1.628447e-03 1.622342e-03 2.234405e-03 -9.999000e+03 -9.999000e+03 -9.999000e+03 -9.999000e+03 -9.999000e+03 -9.999000e+03 -9.999000e+03 -9.999000e+03 -9.999000e+03 -9.999000e+03 -9.999000e+03 -9.999000e+03 -9.999000e+03 -9.999000e+03 -9.999000e+03 -9.999000e+03 -9.999000e+03 -9.999000e+03 1.967647e-03 2.402782e-03 2.555753e-03 3.630953e-03 4.278095e-03 4.579956e-03 2.997733e-03 4.438294e-03 4.189948e-03 4.440438e-03 4.814898e-03 5.124668e-03 5.282867e-03 5.358692e-03 6.212991e-03 6.168500e-03 6.531701e-03 6.025520e-03 6.075403e-03 7.366763e-03 6.944220e-03 6.980390e-03 7.559093e-03 7.188002e-03 7.256284e-03 7.261769e-03 7.705749e-03 7.621032e-03 8.125358e-03
-9.999000e+03 2.318654e-03 2.201928e-03 2.547924e-03 -9.999000e+03 -9.999000e+03 -9.999000e+03 -9.999000e+03 -9.999000e+03 -9.999000e+03 -9.999000e+03 -9.999000e+03 -9.999000e+03 -9.999000e+03 -9.999000e+03 -9.999000e+03 -9.999000e+03 -9.999000e+03 -9.999000e+03 -9.999000e+03 -9.999000e+03 -9.999000e+03 -9.999000e+03 -9.999000e+03 -9.999000e+03 -9.999000e+03 2.742451e-03 2.917469e-03 3.951738e-03 3.897062e-03 2.611211e-03 2.776256e-03 3.036752e-03 3.335895e-03 3.465386e-03 3.496075e-03 5.743133e-03 5.155719e-03 5.385815e-03 3.886059e-03 3.965758e-03 7.068251e-03 5.972308e-03 5.965946e-03 7.253740e-03 6.020934e-03 6.056687e-03 6.081254e-03 7.434019e-03 6.910037e-03 7.513664e-03 6.535812e-03
-9.999000e+03 -9.999000e+03 -9.999000e+03 -9.999000e+03 -9.999000e+03 -9.999000e+03 -9.999000e+03 -9.999000e+03 -9.999000e+03 -9.999000e+03 -9.999000e+03 -9.999000e+03 -9.999000e+03 -9.999000e+03 -9.999000e+03 -9.999000e+03 -9.999000e+03 -9.999000e+03 -9.999000e+03 -9.999000e+03 -9.999000e+03 -9.999000e+03 -9.999000e+03 -9.999000e+03 -9.999000e+03 -9.999000e+03 -9.999000e+03 -9.999000e+03 2.821008e-03 3.419844e-03 2.421024e-03 2.581983e-03 2.897365e-03 4.424030e-03 5.143566e-03 5.282086e-03 3.346957e-03 3.505681e-03 3.649454e-03 5.566127e-03 6.513818e-03 3.895807e-03 3.919237e-03 7.064482e-03 3.937702e-03 3.940832e-03 3.929310e-03 7.164650e-03 5.859197e-03 7.109552e-03 4.053561e-03 4.249267e-03
-9.999000e+03 -9.999000e+03 -9.999000e+03 -9.999000e+03 -9.999000e+03 -9.999000e+03 -9.999000e+03 -9.999000e+03 -9.999000e+03 -9.999000e+03 -9.999000e+03 -9.999000e+03 -9.999000e+03 -9.999000e+03 -9.999000e+03 -9.999000e+03 -9.999000e+03 -9.999000e+03 -9.999000e+03 -9.999000e+03 -9.999000e+03 -9.999000e+03 -9.999000e+03 -9.999000e+03 -9.999000e+03 -9.999000e+03 -9.999000e+03 -9.999000e+03 -9.999000e+03 2.516210e-03 3.559076e-03 3.569677e-03 4.003448e-03 3.340085e-03 3.398248e-03 3.250698e-03 3.260251e-03 3.447606e-03 5.160679e-03 6.008120e-03 6.427544e-03 6.621456e-03 6.794337e-03 3.899968e-03 5.913398e-03 6.793830e-03 7.052766e-03 3.808623e-03 6.838881e-03 3.938580e-03 6.110588e-03 7.356434e-03
-9.999000e+03 -9.999000e+03 -9.999000e+03 -9.999000e+03 -9.999000e+03 -9.999000e+03 -9.999000e+03 -9.999000e+03 -9.999000e+03 -9.999000e+03 -9.999000e+03 -9.999000e+03 -9.999000e+03 -9.999000e+03 -9.999000e+03 -9.999000e+03 -9.999000e+03 -9.999000e+03 -9.999000e+03 -9.999000e+03 -9.999000e+03 -9.999000e+03 -9.999000e+03 -9.999000e+03 -9.999000e+03 -9.999000e+03 -9.999000e+03 -9.999000e+03 -9.999000e+03 -9.999000e+03 3.716852e-03 -9.999000e+03 -9.999000e+03 -9.999000e+03 -9.999000e+03 -9.999000e+03 -9.999000e+03 -9.999000e+03 3.576071e-03 5.290484e-03 5.993218e-03 6.197452e-03 6.363442e-03 6.662302e-03 6.925129e-03 7.062467e-03 7.014379e-03 6.740107e-03 3.748205e-03 5.845675e-03 6.988577e-03 7.599209e-03
-9.999000e+03 -9.999000e+03 -9.999000e+03 -9.999000e+03 -9.999000e+03 -9.999000e+03 -9.999000e+03 -9.999000e+03 -9.999000e+03 -9.999000e+03 -9.999000e+03 -9.999000e+03 -9.999000e+03 -9.999000e+03 -9.999000e+03 -9.999000e+03 -9.999000e+03 -9.999000e+03 -9.999000e+03 -9.999000e+03 -9.999000e+03 -9.999000e+03 -9.999000e+03 -9.999000e+03 -9.999000e+03 -9.999000e+03 -9.999000e+03 -9.999000e+03 -9.999000e+03 -9.999000e+03 -9.999000e+03 -9.999000e+03 -9.999000e+03 -9.999000e+03 -9.999000e+03 -9.999000e+03 -9.999000e+03 -9.999000e+03 -9.999000e+03 -9.999000e+03 -9.999000e+03 3.588271e-03 3.645761e-03 3.797648e-03 5.755896e-03 6.593314e-03 6.781861e-03 6.552663e-03 6.536617e-03 6.974219e-03 7.388260e-03 7.546940e-03
-9.999000e+03 -9.999000e+03 -9.999000e+03 -9.999000e+03 -9.999000e+03 -9.999000e+03 -9.999000e+03 -9.999000e+03 -9.999000e+03 -9.999000e+03 -9.999000e+03 -9.999000e+03 -9.999000e+03 -9.999000e+03 -9.999000e+03 -9.999000e+03 -9.999000e+03 -9.999000e+03 -9.999000e+03 -9.999000e+03 -9.999000e+03 -9.999000e+03 -9.999000e+03 -9.999000e+03 -9.999000e+03 -9.999000e+03 -9.999000e+03 -9.999000e+03 -9.999000e+03 -9.999000e+03 -9.999000e+03 -9.999000e+03 -9.999000e+03 -9.999000e+03 -9.999000e+03 -9.999000e+03 -9.999000e+03 -9.999000e+03 -9.999000e+03 -9.999000e+03 -9.999000e+03 -9.999000e+03 -9.999000e+03 -9.999000e+03 3.898703e-03 3.862835e-03 5.684238e-03 6.243854e-03 3.753657e-03 5.895035e-03 6.943937e-03 7.141113e-03
-9.999000e+03 -9.999000e+03 -9.999000e+03 -9.999000e+03 -9.999000e+03 -9.999000e+03 -9.999000e+03 -9.999000e+03 -9.999000e+03 -9.999000e+03 -9.999000e+03 -9.999000e+03 -9.999000e+03 -9.999000e+03 -9.999000e+03 -9.999000e+03 -9.999000e+03 -9.999000e+03 -9.999000e+03 -9.999000e+03 -9.999000e+03 -9.999000e+03 -9.999000e+03 -9.999000e+03 -9.999000e+03 -9.999000e+03 -9.999000e+03 -9.999000e+03 -9.999000e+03 -9.999000e+03 -9.999000e+03 -9.999000e+03 -9.999000e+03 -9.999000e+03 -9.999000e+03 -9.999000e+03 -9.999000e+03 -9.999000e+03 -9.999000e+03 -9.999000e+03 -9.999000e+03 -9.999000e+03 -9.999000e+03 -9.999000e+03 -9.999000e+03 -9.999000e+03 -9.999000e+03 -9.999000e+03 -9.999000e+03 -9.999000e+03 3.987254e-03 5.713276e-03
-9.999000e+03 -9.999000e+03 -9.999000e+03 -9.999000e+03 -9.999000e+03 -9.999000e+03 -9.999000e+03 -9.999000e+03 -9.999000e+03 -9.999000e+03 -9.999000e+03 -9.999000e+03 -9.999000e+03 -9.999000e+03 -9.999000e+03 -9.999000e+03 -9.999000e+03 -9.999000e+03 -9.999000e+03 -9.999000e+03 -9.999000e+03 -9.999000e+03 -9.999000e+03 -9.999000e+03 -9.999000e+03 -9.999000e+03 -9.999000e+03 -9.999000e+03 -9.999000e+03 -9.999000e+03 -9.999000e+03 -9.999000e+03 -9.999000e+03 -9.999000e+03 -9.999000e+03 -9.999000e+03 -9.999000e+03 -9.999000e+03 -9.999000e+03 -9.999000e+03 -9.999000e+03 -9.999000e+03 -9.999000e+03 -9.999000e+03 -9.999000e+03 -9.999000e+03 -9.999000e+03 -9.999000e+03 -9.999000e+03 -9.999000e+03 -9.999000e+03 3.671600e-03
-9.999000e+03 -9.999000e+03 -9.999000e+03 -9.999000e+03 -9.999000e+03 -9.999000e+03 -9.999000e+03 -9.999000e+03 -9.999000e+03 -9.999000e+03 -9.999000e+03 -9.999000e+03 -9.999000e+03 -9.999000e+03 -9.999000e+03 -9.999000e+03 -9.999000e+03 -9.999000e+03 -9.999000e+03 -9.999000e+03 -9.999000e+03 -9.999000e+03 -9.999000e+03 -9.999000e+03 -9.999000e+03 -9.999000e+03 -9.999000e+03 -9.999000e+03 -9.999000e+03 -9.999000e+03 -9.999000e+03 -9.999000e+03 -9.999000e+03 -9.999000e+03 -9.999000e+03 -9.999000e+03 -9.999000e+03 -9.999000e+03 -9.999000e+03 -9.999000e+03 -9.999000e+03 -9.999000e+03 -9.999000e+03 -9.999000e+03 -9.999000e+03 -9.999000e+03 -9.999000e+03 -9.999000e+03 -9.999000e+03 -9.999000e+03 -9.999000e+03 -9.999000e+03
-9.999000e+03 -9.999000e+03 -9.999000e+03 -9.999000e+03 -9.999000e+03 -9.999000e+03 -9.999000e+03 -9.999000e+03 -9.999000e+03 -9.999000e+03 -9.999000e+03 -9.999000e+03 -9.999000e+03 -9.999000e+03 -9.999000e+03 -9.999000e+03 -9.999000e+03 -9.999000e+03 -9.999000e+03 -9.999000e+03 -9.999000e+03 -9.999000e+03 -9.999000e+03 -9.999000e+03 -9.999000e+03 -9.999000e+03 -9.999000e+03 -9.999000e+03 -9.999000e+03 -9.999000e+03 -9.999000e+03 -9.999000e+03 -9.999000e+03 -9.999000e+03 -9.999000e+03 -9.999000e+03 -9.999000e+03 -9.999000e+03 -9.999000e+03 -9.999000e+03 -9.999000e+03 -9.999000e+03 -9.999000e+03 -9.999000e+03 -9.999000e+03 -9.999000e+03 -9.999000e+03 -9.999000e+03 -9.999000e+03 -9.999000e+03 -9.999000e+03 -9.999000e+03
