tests/data/reference/test_implicit_stream_rill_mfda/control/mqsheet_m3_s.asc
ncols	123
nrows	77
xllcorner	-713746.79929998
yllcorner	-1061022.36961616
cellsize	10.0
NODATA_value	-9999
[rows 23 to 45 of 77, columns 52 to 103 of 123]
6.415896e-03 8.051673e-03 8.148919e-03 8.160007e-03 8.137391e-03 8.116472e-03 8.067844e-03 7.968286e-03 7.875612e-03 7.832708e-03 7.786511e-03 7.735057e-03 7.666217e-03 7.539503e-03 7.305650e-03 6.973838e-03 1.930775e-02 6.171578e-03 6.177975e-03 6.239464e-03 6.287933e-03 6.321663e-03 6.180261e-03 6.213188e-03 3.671663e-03 5.170182e-03 1.876876e-02 7.707847e-03 1.402802e-02 6.064795e-03 6.049720e-03 5.319360e-03 3.524437e-03 3.251373e-03 -9.999000e+03 -9.999000e+03 -9.999000e+03 -9.999000e+03 -9.999000e+03 -9.999000e+03 -9.999000e+03 -9.999000e+03 -9.999000e+03 -9.999000e+03 -9.999000e+03 -9.999000e+03 -9.999000e+03 -9.999000e+03 -9.999000e+03 -9.999000e+03 -9.999000e+03 -9.999000e+03
6.501830e-03 7.605603e-03 8.227569e-03 8.201850e-03 8.153222e-03 8.111614e-03 8.055596e-03 7.962197e-03 7.878920e-03 7.839000e-03 7.808839e-03 7.769248e-03 7.686693e-03 7.521828e-03 7.275658e-03 6.956691e-03 2.213152e-02 6.211208e-03 6.341842e-03 6.520467e-03 6.668835e-03 6.778939e-03 6.758971e-03 6.702782e-03 5.607472e-03 6.024333e-03 3.546040e-03 1.726617e-02 6.297140e-03 1.150355e-02 9.246631e-03 5.997223e-03 5.243208e-03 4.860531e-03 3.160292e-03 -9.999000e+03 -9.999000e+03 -9.999000e+03 -9.999000e+03 -9.999000e+03 -9.999000e+03 -9.999000e+03 -9.999000e+03 -9.999000e+03 -9.999000e+03 -9.999000e+03 -9.999000e+03 -9.999000e+03 -9.999000e+03 -9.999000e+03 -9.999000e+03 -9.999000e+03
8.225581e-03 7.685956e-03 8.120049e-03 8.265719e-03 8.157810e-03 8.052003e-03 7.965448e-03 7.905614e-03 7.877862e-03 7.872007e-03 7.854131e-03 7.797624e-03 7.666146e-03 7.456779e-03 7.233756e-03 7.018433e-03 2.457046e-02 6.464286e-03 6.591079e-03 6.783210e-03 6.967272e-03 7.102059e-03 7.115728e-03 7.044716e-03 6.575286e-03 6.588188e-03 5.470576e-03 1.584053e-02 3.613831e-03 5.684230e-03 1.662318e-02 5.887444e-03 5.890085e-03 5.819976e-03 5.035814e-03 3.438127e-03 3.220365e-03 3.199672e-03 -9.999000e+03 -9.999000e+03 -9.999000e+03 -9.999000e+03 -9.999000e+03 -9.999000e+03 -9.999000e+03 -9.999000e+03 -9.999000e+03 -9.999000e+03 -9.999000e+03 -9.999000e+03 -9.999000e+03 -9.999000e+03
6.658760e-03 8.409444e-03 8.162023e-03 8.216995e-03 8.130432e-03 7.983312e-03 7.886989e-03 7.870938e-03 7.888634e-03 7.904431e-03 7.888625e-03 7.805782e-03 7.654036e-03 7.455032e-03 7.253667e-03 7.080364e-03 2.695051e-02 6.657898e-03 6.755148e-03 6.931400e-03 7.110645e-03 7.241319e-03 7.264869e-03 7.217754e-03 7.035036e-03 6.987192e-03 6.534042e-03 1.445539e-02 5.566134e-03 6.063905e-03 1.445996e-02 5.794179e-03 6.061068e-03 6.253377e-03 5.994777e-03 5.197593e-03 4.791163e-03 3.286575e-03 4.575271e-03 3.174017e-03 -9.999000e+03 -9.999000e+03 -9.999000e+03 -9.999000e+03 -9.999000e+03 -9.999000e+03 -9.999000e+03 -9.999000e+03 -9.999000e+03 -9.999000e+03 -9.999000e+03 -9.999000e+03
7.861328e-03 4.267274e-03 8.372601e-03 8.143414e-03 8.030480e-03 7.933305e-03 7.879504e-03 7.890188e-03 7.916091e-03 7.921625e-03 7.894223e-03 7.811112e-03 7.687397e-03 7.537804e-03 7.350871e-03 7.128973e-03 2.920862e-02 6.654636e-03 6.742116e-03 6.905850e-03 7.048689e-03 7.155440e-03 7.191753e-03 7.204486e-03 7.202935e-03 7.234832e-03 7.114351e-03 1.308557e-02 6.624183e-03 6.594747e-03 1.260230e-02 6.080249e-03 6.096996e-03 6.182809e-03 6.154790e-03 5.835181e-03 3.476478e-03 3.353312e-03 4.647833e-03 4.989086e-03 4.431725e-03 7.900263e-03 -9.999000e+03 -9.999000e+03 -9.999000e+03 -9.999000e+03 -9.999000e+03 -9.999000e+03 -9.999000e+03 -9.999000e+03 -9.999000e+03 -9.999000e+03
8.364594e-03 6.597852e-03 8.257911e-03 8.020791e-03 4.073248e-03 7.888624e-03 7.876943e-03 7.916651e-03 7.958525e-03 7.962798e-03 7.923284e-03 7.835634e-03 7.718337e-03 7.577511e-03 7.382775e-03 7.124662e-03 3.132779e-02 6.642605e-03 6.759855e-03 6.925133e-03 7.040971e-03 7.120259e-03 7.149358e-03 7.187775e-03 7.275805e-03 7.394984e-03 7.443751e-03 1.171460e-02 7.194044e-03 7.040670e-03 1.095815e-02 6.426630e-03 6.176514e-03 6.057255e-03 6.034758e-03 5.949158e-03 5.027030e-03 4.850521e-03 3.344589e-03 5.139501e-03 0.000000e+00 1.845328e-02 7.679438e-03 7.438779e-03 -9.999000e+03 -9.999000e+03 -9.999000e+03 -9.999000e+03 -9.999000e+03 -9.999000e+03 -9.999000e+03 -9.999000e+03
8.470562e-03 7.617439e-03 8.121748e-03 7.936682e-03 4.093266e-03 6.244864e-03 7.849834e-03 7.924536e-03 8.012956e-03 8.038542e-03 7.995612e-03 7.886443e-03 7.726548e-03 7.515982e-03 7.264475e-03 7.019975e-03 6.872230e-03 2.925346e-02 6.927603e-03 7.113736e-03 7.233067e-03 7.286562e-03 7.274206e-03 7.271937e-03 7.349808e-03 7.505593e-03 7.628787e-03 1.031839e-02 7.459242e-03 7.291418e-03 9.414366e-03 6.707812e-03 6.380898e-03 6.139520e-03 5.979105e-03 5.876661e-03 5.532613e-03 5.425425e-03 4.855365e-03 0.000000e+00 0.000000e+00 1.405941e-02 7.091574e-03 2.435524e-03 7.164200e-03 -9.999000e+03 -9.999000e+03 -9.999000e+03 -9.999000e+03 -9.999000e+03 -9.999000e+03 -9.999000e+03
8.298425e-03 7.866489e-03 7.954767e-03 7.871341e-03 6.274280e-03 4.100370e-03 7.262826e-03 7.944046e-03 8.031141e-03 8.043027e-03 7.977914e-03 7.835539e-03 7.633643e-03 7.381153e-03 7.141084e-03 6.990275e-03 6.956595e-03 7.033295e-03 2.266565e-02 7.390274e-03 7.483802e-03 7.489291e-03 7.426063e-03 7.381933e-03 7.434583e-03 7.597293e-03 7.725779e-03 8.872367e-03 7.586039e-03 7.458568e-03 7.962638e-03 6.985875e-03 6.669645e-03 6.387225e-03 3.617720e-03 3.523267e-03 5.767779e-03 5.742847e-03 0.000000e+00 0.000000e+00 4.446451e-03 9.971898e-03 5.363188e-03 3.520628e-03 2.533539e-03 7.056015e-03 -9.999000e+03 -9.999000e+03 -9.999000e+03 -9.999000e+03 -9.999000e+03 -9.999000e+03
7.873467e-03 7.682080e-03 7.742718e-03 7.790730e-03 7.260385e-03 6.308888e-03 4.148245e-03 7.782994e-03 7.984289e-03 7.911949e-03 7.778630e-03 7.582921e-03 7.369554e-03 7.188005e-03 7.100846e-03 7.113759e-03 7.193051e-03 7.331639e-03 1.920308e-02 7.688705e-03 7.701644e-03 7.630355e-03 7.522789e-03 7.470863e-03 7.527659e-03 7.677426e-03 7.753170e-03 7.715894e-03 7.651667e-03 7.607227e-03 7.520355e-03 7.293540e-03 7.010266e-03 3.870533e-03 3.753734e-03 3.648944e-03 6.089999e-03 0.000000e+00 0.000000e+00 4.537678e-03 5.235182e-03 7.588236e-03 4.420946e-03 3.741855e-03 3.530238e-03 2.722817e-03 2.569120e-03 -9.999000e+03 -9.999000e+03 -9.999000e+03 -9.999000e+03 -9.999000e+03
7.175835e-03 7.207812e-03 7.381491e-03 7.547319e-03 4.009952e-03 7.595141e-03 7.304533e-03 6.335565e-03 7.837490e-03 7.787165e-03 7.630069e-03 7.437065e-03 7.271423e-03 7.183277e-03 7.193525e-03 7.295109e-03 7.431830e-03 7.576675e-03 1.868300e-02 7.825693e-03 7.768088e-03 7.662216e-03 7.563473e-03 7.545123e-03 7.620611e-03 7.735079e-03 7.727528e-03 7.644588e-03 7.617060e-03 7.634810e-03 7.627521e-03 7.481251e-03 3.985390e-03 3.943538e-03 3.855222e-03 3.761001e-03 0.000000e+00 0.000000e+00 4.893005e-03 5.766011e-03 5.547977e-03 5.981364e-03 3.020527e-03 2.834853e-03 4.041764e-03 3.935988e-03 3.871431e-03 2.698096e-03 7.110934e-03 -9.999000e+03 -9.999000e+03 -9.999000e+03
6.233297e-03 6.465563e-03 6.702203e-03 6.952521e-03 7.203648e-03 5.959823e-03 7.552702e-03 7.537177e-03 7.186662e-03 7.743142e-03 7.686249e-03 7.589101e-03 7.508183e-03 7.460933e-03 7.461028e-03 7.519447e-03 7.601008e-03 7.667304e-03 7.679120e-03 2.232541e-02 7.619831e-03 7.567586e-03 7.557875e-03 7.614105e-03 7.707524e-03 7.762836e-03 7.655612e-03 7.500785e-03 7.449583e-03 7.469569e-03 7.513615e-03 3.977070e-03 3.954219e-03 3.943348e-03 0.000000e+00 0.000000e+00 0.000000e+00 3.964024e-03 6.288599e-03 6.175650e-03 5.854760e-03 3.485446e-03 3.361764e-03 4.303467e-03 4.482504e-03 4.300611e-03 4.144559e-03 2.834540e-03 2.707421e-03 7.522051e-03 -9.999000e+03 -9.999000e+03
5.990608e-02 4.614969e-02 5.886538e-03 6.230451e-03 6.733125e-03 7.057190e-03 6.811703e-03 7.518458e-03 7.630998e-03 7.588890e-03 7.820732e-03 7.834885e-03 7.835981e-03 7.824087e-03 7.802771e-03 7.780068e-03 7.745725e-03 7.685466e-03 7.577338e-03 2.339856e-02 7.331888e-03 7.334485e-03 7.426223e-03 7.561923e-03 7.663937e-03 7.651054e-03 7.458573e-03 7.267397e-03 7.213948e-03 7.233648e-03 7.326278e-03 3.959925e-03 3.956911e-03 0.000000e+00 0.000000e+00 5.752318e-03 4.058706e-03 5.840829e-03 6.705547e-03 6.435904e-03 3.672056e-03 3.609895e-03 3.528533e-03 5.121155e-03 4.904866e-03 4.622395e-03 2.997768e-03 3.012494e-03 3.023196e-03 7.338887e-03 2.643666e-03 7.548626e-03
1.318731e-02 1.102195e-02 3.439815e-02 5.950059e-03 6.297464e-03 6.799740e-03 7.191148e-03 7.313922e-03 7.700614e-03 7.867451e-03 7.952826e-03 8.109554e-03 8.175491e-03 8.194596e-03 8.159793e-03 8.044266e-03 7.849944e-03 7.612983e-03 7.338718e-03 7.044169e-03 2.866312e-02 6.778284e-03 6.964196e-03 7.184663e-03 7.394369e-03 7.310975e-03 7.071195e-03 6.918982e-03 6.940749e-03 7.010007e-03 7.165696e-03 3.968373e-03 0.000000e+00 0.000000e+00 5.317331e-03 7.090706e-03 5.959251e-03 6.651329e-03 6.895087e-03 3.823746e-03 3.759421e-03 3.681885e-03 3.598854e-03 3.487457e-03 5.304709e-03 5.096638e-03 3.309402e-03 4.525892e-03 4.473589e-03 6.136447e-03 3.010501e-03 7.340316e-03
3.802392e-03 5.656968e-03 6.376705e-03 2.978621e-02 2.822400e-02 2.308650e-02 2.099852e-02 7.365985e-03 7.491990e-03 7.679543e-03 7.804234e-03 7.911520e-03 7.988172e-03 7.983394e-03 1.312735e-02 7.703545e-03 7.434423e-03 7.160498e-03 6.866309e-03 6.573458e-03 3.662738e-03 2.996571e-02 1.108860e-02 6.899019e-03 6.892216e-03 6.697479e-03 6.649976e-03 6.595541e-03 6.732404e-03 6.883399e-03 7.089416e-03 0.000000e+00 0.000000e+00 3.967482e-03 6.918453e-03 7.306714e-03 6.741795e-03 6.973925e-03 7.016036e-03 3.871195e-03 3.820366e-03 3.739985e-03 3.659020e-03 3.562849e-03 5.607024e-03 5.436662e-03 4.821607e-03 5.236474e-03 5.165106e-03 5.635937e-03 4.480856e-03 6.201692e-03
6.751773e-03 7.208717e-03 7.317643e-03 6.973423e-03 6.752452e-03 6.956523e-03 7.149527e-03 2.420792e-02 2.631574e-02 2.848376e-02 3.002058e-02 3.079427e-02 3.302862e-02 3.704446e-02 4.150824e-02 4.524092e-02 4.391568e-02 6.304399e-03 6.335604e-03 6.325443e-03 6.366030e-03 5.524136e-03 2.539304e-02 6.759878e-03 6.506561e-03 6.202124e-03 6.093543e-03 6.395380e-03 6.660889e-03 6.898999e-03 0.000000e+00 0.000000e+00 4.030202e-03 3.992510e-03 7.350532e-03 7.313424e-03 7.044755e-03 7.088826e-03 7.072798e-03 3.886724e-03 3.853138e-03 3.781606e-03 3.709744e-03 3.623243e-03 3.517753e-03 3.412579e-03 5.290316e-03 5.407619e-03 5.422576e-03 5.607066e-03 5.279226e-03 5.786907e-03
6.189334e-03 7.214450e-03 7.519993e-03 2.486674e-02 2.602525e-02 2.276587e-02 2.193922e-02 2.320272e-02 2.460751e-02 2.620968e-02 2.759880e-02 2.853203e-02 2.998656e-02 3.256425e-02 3.614627e-02 4.094631e-02 4.525133e-02 4.560864e-02 4.426813e-02 5.697087e-03 5.932803e-03 6.296404e-03 2.882559e-02 6.425937e-03 6.096748e-03 5.832735e-03 5.812122e-03 6.134710e-03 6.687278e-03 0.000000e+00 0.000000e+00 4.026180e-03 4.045167e-03 4.008004e-03 7.449546e-03 7.350269e-03 7.189353e-03 7.171026e-03 3.923451e-03 3.924327e-03 3.898271e-03 3.829201e-03 3.755425e-03 3.678289e-03 3.587022e-03 3.475905e-03 3.375966e-03 5.424887e-03 5.478743e-03 5.627936e-03 5.617427e-03 5.722611e-03
7.401062e-03 2.085095e-02 2.081479e-02 7.488441e-03 7.657897e-03 7.953813e-03 8.187741e-03 8.309420e-03 8.363959e-03 8.369558e-03 8.336096e-03 8.213443e-03 8.060726e-03 7.844202e-03 7.586767e-03 7.321520e-03 1.231768e-02 1.669786e-02 1.445174e-02 4.844718e-02 4.718072e-02 3.657332e-02 3.691087e-02 4.368852e-02 5.623834e-03 5.611949e-03 5.732218e-03 6.172463e-03 0.000000e+00 0.000000e+00 4.029720e-03 6.143280e-03 4.053583e-03 4.014624e-03 7.493341e-03 7.414770e-03 7.302073e-03 7.285300e-03 3.977176e-03 3.981380e-03 3.959427e-03 3.891281e-03 3.802435e-03 3.720071e-03 3.660252e-03 3.586058e-03 3.476350e-03 5.491098e-03 5.462637e-03 5.518919e-03 5.547746e-03 5.582437e-03
2.564060e-02 7.128099e-03 7.353584e-03 7.532959e-03 7.736231e-03 7.993449e-03 8.221384e-03 8.378832e-03 8.488864e-03 8.560904e-03 8.590122e-03 8.571322e-03 8.510505e-03 8.419017e-03 8.303354e-03 8.111468e-03 7.924032e-03 7.852233e-03 1.271098e-02 1.710109e-02 2.081670e-02 1.027090e-02 1.630969e-02 6.249912e-02 5.438300e-02 5.107269e-03 5.569848e-03 3.695014e-03 0.000000e+00 5.261214e-03 6.007138e-03 7.090282e-03 4.075201e-03 6.141561e-03 7.548354e-03 7.479599e-03 7.396771e-03 7.405494e-03 4.018706e-03 4.022064e-03 3.997939e-03 3.937503e-03 3.846844e-03 3.747475e-03 3.696978e-03 3.660843e-03 3.575776e-03 3.471192e-03 5.550636e-03 5.506414e-03 5.478113e-03 5.493012e-03
6.808609e-03 7.024416e-03 7.215255e-03 7.326804e-03 7.453791e-03 7.665053e-03 7.882654e-03 8.055287e-03 8.204270e-03 8.334307e-03 8.431544e-03 8.492357e-03 8.530427e-03 8.559708e-03 8.569410e-03 8.551104e-03 9.038416e-03 8.443989e-03 8.221827e-03 7.804722e-03 7.510211e-03 0.000000e+00 0.000000e+00 0.000000e+00 8.595990e-02 5.241742e-02 5.119536e-03 0.000000e+00 0.000000e+00 6.334576e-03 6.571546e-03 7.403873e-03 4.103299e-03 7.191876e-03 7.636078e-03 7.531098e-03 7.466813e-03 4.028390e-03 4.051527e-03 4.057421e-03 4.023254e-03 3.960887e-03 3.877812e-03 3.769805e-03 3.709716e-03 3.696765e-03 3.657879e-03 3.589360e-03 5.791754e-03 5.691949e-03 5.607716e-03 5.560217e-03
6.708712e-03 6.889267e-03 7.010049e-03 7.062075e-03 7.135065e-03 7.299458e-03 7.478444e-03 7.619176e-03 7.764749e-03 7.938949e-03 8.105928e-03 8.231720e-03 8.338275e-03 8.447902e-03 8.537548e-03 1.037283e-02 8.647979e-03 8.696896e-03 8.680404e-03 8.541383e-03 8.334759e-03 8.264421e-03 8.104780e-03 0.000000e+00 0.000000e+00 0.000000e+00 1.606333e-02 0.000000e+00 3.561253e-03 5.884566e-03 6.377676e-03 7.172942e-03 6.170603e-03 7.565381e-03 7.675131e-03 7.581315e-03 7.544547e-03 4.051259e-03 4.072179e-03 4.090826e-03 4.063040e-03 3.992270e-03 3.904585e-03 3.792403e-03 3.722093e-03 3.706708e-03 3.688108e-03 5.312835e-03 6.026180e-03 5.904403e-03 5.787054e-03 5.719006e-03
6.538265e-03 6.648450e-03 6.725522e-03 6.765144e-03 6.825846e-03 6.950519e-03 7.069161e-03 7.145527e-03 7.259135e-03 7.463981e-03 7.676497e-03 7.842108e-03 7.997847e-03 8.151300e-03 1.169440e-02 8.391581e-03 8.500003e-03 8.628211e-03 8.739318e-03 8.789167e-03 8.756720e-03 8.745544e-03 8.521853e-03 8.151113e-03 7.645244e-03 0.000000e+00 0.000000e+00 0.000000e+00 1.646008e-02 4.545942e-03 9.213007e-03 6.592656e-03 6.726004e-03 7.398935e-03 7.577006e-03 7.624994e-03 7.650801e-03 4.083297e-03 4.089677e-03 4.111589e-03 4.100163e-03 4.034734e-03 3.938010e-03 3.814472e-03 3.733103e-03 3.702591e-03 3.681133e-03 6.007012e-03 6.179415e-03 6.066568e-03 5.936599e-03 5.918263e-03
6.328489e-03 6.391944e-03 6.454983e-03 6.525830e-03 6.609035e-03 6.708814e-03 6.777119e-03 6.775615e-03 6.844530e-03 7.015812e-03 7.207494e-03 7.402689e-03 7.567947e-03 1.304880e-02 7.885219e-03 7.986123e-03 8.087804e-03 8.271414e-03 8.493716e-03 8.578554e-03 8.651900e-03 8.695779e-03 8.672556e-03 8.295225e-03 8.031357e-03 4.099964e-03 0.000000e+00 0.000000e+00 0.000000e+00 0.000000e+00 1.026751e-02 5.789571e-03 6.443422e-03 7.156541e-03 7.456996e-03 7.623176e-03 7.718388e-03 4.109186e-03 4.122280e-03 4.134887e-03 4.128727e-03 4.081386e-03 3.995069e-03 3.874046e-03 3.786925e-03 3.740053e-03 3.704992e-03 6.273663e-03 6.278776e-03 6.215929e-03 6.135841e-03 6.186887e-03
6.122016e-03 6.135734e-03 6.187515e-03 6.304867e-03 6.429341e-03 6.518825e-03 6.484426e-03 6.475204e-03 6.495059e-03 6.586330e-03 6.800471e-03 6.948188e-03 1.444212e-02 7.293997e-03 7.376606e-03 7.363169e-03 7.489383e-03 7.833825e-03 7.937262e-03 8.097532e-03 8.221277e-03 8.366241e-03 8.402095e-03 8.191804e-03 7.931450e-03 0.000000e+00 0.000000e+00 6.181516e-03 7.123537e-03 0.000000e+00 0.000000e+00 0.000000e+00 6.331295e-03 7.098975e-03 7.442936e-03 7.568379e-03 7.702664e-03 4.119263e-03 4.155679e-03 4.161904e-03 4.154121e-03 4.122946e-03 4.060708e-03 3.962819e-03 3.880338e-03 3.819084e-03 3.763237e-03 6.416178e-03 6.346077e-03 6.357845e-03 6.415800e-03 6.540048e-03
