tests/data/reference/test_implicit_stream_rill_mfda/control/mqsheet_m3_s.asc
ncols	123
nrows	77
xllcorner	-713746.79929998
yllcorner	-1061022.36961616
cellsize	10.0
NODATA_value	-9999
[rows 46 to 68 of 77, columns 0 to 51 of 123]
-9.999000e+03 -9.999000e+03 -9.999000e+03 -9.999000e+03 -9.999000e+03 -9.999000e+03 7.529700e-03 5.085121e-03 3.488010e-03 3.615516e-03 2.553873e-03 3.581524e-03 4.029907e-03 4.095879e-03 4.115031e-03 4.101350e-03 4.101022e-03 4.107121e-03 4.208628e-03 4.501979e-03 4.802094e-03 4.517846e-03 4.562640e-03 4.519748e-03 4.971073e-03 5.258624e-03 5.390664e-03 5.327046e-03 5.263264e-03 5.277364e-03 5.297042e-03 2.164967e-02 2.252928e-02 5.540163e-03 5.733181e-03 5.953391e-03 6.189492e-03 6.422181e-03 6.626607e-03 6.808365e-03 6.940577e-03 7.013079e-03 7.069938e-03 7.137106e-03 7.141681e-03 7.050505e-03 6.933190e-03 6.800273e-03 6.606187e-03 6.335106e-03 6.127525e-03 6.070815e-03
-9.999000e+03 -9.999000e+03 -9.999000e+03 -9.999000e+03 -9.999000e+03 -9.999000e+03 3.178626e-03 3.627219e-03 3.460157e-03 3.599181e-03 2.728484e-03 3.959478e-03 4.148213e-03 4.257186e-03 4.322518e-03 4.240543e-03 4.115559e-03 4.008857e-03 4.077716e-03 4.374597e-03 3.118911e-03 3.201747e-03 3.242938e-03 3.239497e-03 4.605944e-03 5.197010e-03 5.407865e-03 1.728422e-02 1.861464e-02 1.982595e-02 2.093149e-02 5.514330e-03 5.567547e-03 5.705664e-03 5.874054e-03 6.036201e-03 6.208367e-03 6.402784e-03 6.594096e-03 6.779965e-03 6.943707e-03 7.077468e-03 7.183663e-03 7.263793e-03 7.283386e-03 7.214594e-03 7.105486e-03 6.985552e-03 6.830147e-03 6.606745e-03 6.375108e-03 6.216402e-03
-9.999000e+03 -9.999000e+03 -9.999000e+03 -9.999000e+03 -9.999000e+03 7.304848e-03 3.462046e-03 4.894810e-03 2.637035e-03 2.675116e-03 3.526176e-03 3.828384e-03 4.040346e-03 4.264912e-03 4.243174e-03 4.280409e-03 4.188415e-03 4.063897e-03 4.109350e-03 4.384145e-03 6.599805e-03 8.550811e-03 1.040997e-02 1.258956e-02 1.382828e-02 1.525613e-02 1.671121e-02 5.555996e-03 5.555478e-03 5.633334e-03 5.664700e-03 5.646725e-03 5.694609e-03 5.790096e-03 5.892584e-03 5.994403e-03 6.126012e-03 6.317694e-03 6.518965e-03 6.700996e-03 6.869717e-03 7.021633e-03 7.146553e-03 7.245151e-03 7.300376e-03 7.288385e-03 7.217079e-03 7.098729e-03 6.962815e-03 6.807445e-03 6.622842e-03 6.420017e-03
-9.999000e+03 -9.999000e+03 -9.999000e+03 -9.999000e+03 1.417184e-02 1.243522e-03 3.623862e-03 4.705969e-03 2.518382e-03 2.434032e-03 3.218801e-03 3.538045e-03 4.058962e-03 3.765545e-03 4.110129e-03 4.246394e-03 4.256252e-03 4.151787e-03 4.193128e-03 4.452104e-03 4.738114e-03 4.997009e-03 5.299340e-03 5.497065e-03 5.689952e-03 5.759819e-03 5.788627e-03 5.798295e-03 5.802651e-03 5.821384e-03 5.820965e-03 5.791009e-03 5.785035e-03 5.807743e-03 5.850585e-03 5.910319e-03 6.019796e-03 6.214364e-03 6.422042e-03 6.603040e-03 6.763087e-03 6.896675e-03 7.008290e-03 7.112733e-03 7.202493e-03 7.256357e-03 7.243901e-03 7.143708e-03 7.026614e-03 6.946267e-03 6.799781e-03 6.601273e-03
-9.999000e+03 -9.999000e+03 -9.999000e+03 -9.999000e+03 7.922237e-03 3.509958e-03 3.379369e-03 3.389283e-03 2.956409e-03 2.278308e-03 3.116508e-03 4.692731e-03 2.619086e-03 3.619695e-03 4.011750e-03 4.221237e-03 4.273578e-03 4.168984e-03 4.213812e-03 4.475204e-03 4.792125e-03 5.249825e-03 5.311170e-03 5.708443e-03 5.913735e-03 5.985375e-03 6.044014e-03 6.106902e-03 6.121322e-03 6.098852e-03 6.083717e-03 6.058945e-03 6.024602e-03 5.992947e-03 5.976303e-03 5.981248e-03 6.033496e-03 6.166340e-03 6.338782e-03 6.522634e-03 6.675253e-03 6.765677e-03 6.836622e-03 6.926005e-03 7.028892e-03 7.125944e-03 7.168040e-03 7.117265e-03 7.051966e-03 6.918678e-03 6.848969e-03 6.656406e-03
-9.999000e+03 -9.999000e+03 -9.999000e+03 7.365933e-03 1.102723e-03 3.683714e-03 2.374623e-03 2.763426e-03 2.170978e-03 2.780880e-03 3.729677e-03 3.092977e-03 2.490618e-03 3.450782e-03 3.897977e-03 4.151992e-03 4.228628e-03 4.151801e-03 4.193685e-03 4.433775e-03 5.311452e-03 4.720334e-03 5.383776e-03 5.760938e-03 5.995728e-03 6.123300e-03 6.233123e-03 6.336926e-03 6.374479e-03 6.343276e-03 6.308714e-03 6.279242e-03 6.244771e-03 6.201591e-03 6.157322e-03 6.130844e-03 6.129940e-03 6.175276e-03 6.293327e-03 6.477774e-03 6.617798e-03 6.654891e-03 6.678541e-03 6.738576e-03 6.829428e-03 6.942280e-03 7.026595e-03 7.044512e-03 6.645696e-03 6.658011e-03 6.600715e-03 6.440519e-03
-9.999000e+03 -9.999000e+03 -9.999000e+03 7.160341e-03 3.261995e-03 2.625543e-03 2.080040e-03 1.875354e-03 2.261166e-03 2.355450e-03 2.964237e-03 2.755568e-03 2.305145e-03 3.210375e-03 3.717568e-03 3.990148e-03 4.093791e-03 4.072840e-03 4.070006e-03 6.362700e-03 3.139597e-03 4.495180e-03 5.093160e-03 5.473355e-03 5.770798e-03 5.987981e-03 6.151557e-03 6.284611e-03 6.345100e-03 6.316377e-03 6.264210e-03 6.222955e-03 6.204793e-03 6.208228e-03 6.221295e-03 6.241282e-03 6.247686e-03 6.235510e-03 6.300751e-03 6.474424e-03 6.606169e-03 6.620671e-03 6.614832e-03 6.627680e-03 6.672779e-03 6.765230e-03 6.870456e-03 5.801441e-03 5.822498e-03 5.811112e-03 5.755870e-03 1.608393e-02
-9.999000e+03 -9.999000e+03 6.834832e-03 4.646701e-04 2.461963e-03 2.365770e-03 1.656520e-03 1.505699e-03 1.626965e-03 1.434021e-03 2.158003e-03 2.283112e-03 2.010856e-03 2.921641e-03 3.469240e-03 3.716907e-03 3.854117e-03 3.893820e-03 4.982301e-03 3.725536e-03 2.825282e-03 3.950718e-03 4.487277e-03 4.903295e-03 5.300848e-03 5.597559e-03 5.820404e-03 6.002194e-03 6.095435e-03 6.083808e-03 6.027080e-03 5.980693e-03 5.991752e-03 6.074756e-03 6.169463e-03 6.264906e-03 6.313543e-03 6.289728e-03 6.310078e-03 6.457592e-03 6.593466e-03 6.629887e-03 6.617696e-03 6.586809e-03 6.587382e-03 6.658050e-03 3.815001e-03 3.859955e-03 3.866723e-03 3.839318e-03 1.808337e-02 6.774161e-03
-9.999000e+03 -9.999000e+03 2.663944e-03 2.376310e-03 2.059553e-03 1.685470e-03 1.354835e-03 1.667412e-03 1.854934e-03 9.376082e-04 1.497092e-03 1.900493e-03 1.738105e-03 2.651168e-03 3.064908e-03 3.213375e-03 3.339107e-03 3.444703e-03 3.322078e-03 3.529233e-03 2.397814e-03 3.210831e-03 3.697150e-03 4.200860e-03 4.600813e-03 4.978904e-03 5.327273e-03 5.577697e-03 5.733012e-03 5.776269e-03 5.743829e-03 5.688732e-03 5.737124e-03 5.842687e-03 5.990429e-03 6.127150e-03 6.214721e-03 6.225107e-03 6.253639e-03 6.378965e-03 6.516110e-03 6.593827e-03 6.611609e-03 6.591222e-03 6.598075e-03 6.684180e-03 6.772811e-03 6.878742e-03 1.734899e-02 2.028415e-02 6.815467e-03 6.795937e-03
-9.999000e+03 6.198584e-03 4.600490e-03 2.916473e-03 1.944930e-03 1.093033e-03 1.758707e-03 1.751640e-03 -9.999000e+03 -9.999000e+03 -9.999000e+03 1.475377e-03 1.611447e-03 2.056238e-03 2.240738e-03 2.251032e-03 2.335390e-03 2.478455e-03 2.329827e-03 1.780559e-03 1.646409e-03 2.131547e-03 2.913667e-03 3.283496e-03 3.698301e-03 4.275191e-03 4.696420e-03 5.014181e-03 5.233273e-03 5.335352e-03 5.335477e-03 5.404197e-03 5.398185e-03 5.558590e-03 5.732507e-03 5.901142e-03 6.017727e-03 6.063992e-03 6.130833e-03 6.268994e-03 6.428387e-03 6.533772e-03 6.586076e-03 6.578340e-03 6.617103e-03 6.751033e-03 1.073597e-02 1.417014e-02 6.967438e-03 6.882598e-03 6.844240e-03 6.893184e-03
-9.999000e+03 1.349336e-02 2.556424e-03 1.934598e-03 1.589207e-03 1.632234e-03 -9.999000e+03 -9.999000e+03 -9.999000e+03 -9.999000e+03 -9.999000e+03 -9.999000e+03 1.722510e-03 1.970394e-03 2.578803e-03 2.783541e-03 2.250581e-03 3.025218e-03 3.020139e-03 2.213655e-03 1.446279e-03 1.489002e-03 1.855361e-03 2.243120e-03 3.070189e-03 3.548026e-03 3.926380e-03 4.246087e-03 4.465194e-03 4.567488e-03 5.036083e-03 4.924201e-03 5.074964e-03 5.253542e-03 5.479233e-03 5.684420e-03 5.811743e-03 5.847348e-03 5.936412e-03 6.180642e-03 6.369029e-03 6.490807e-03 6.484133e-03 6.493262e-03 6.633723e-03 6.742270e-03 6.864636e-03 6.962707e-03 6.946491e-03 6.880531e-03 6.882272e-03 7.031771e-03
7.383584e-03 2.129754e-03 2.289160e-03 1.612183e-03 1.020502e-03 1.967464e-03 -9.999000e+03 -9.999000e+03 -9.999000e+03 -9.999000e+03 -9.999000e+03 -9.999000e+03 -9.999000e+03 -9.999000e+03 -9.999000e+03 2.295324e-03 3.168654e-03 2.420526e-03 2.297713e-03 2.105639e-03 2.909698e-03 -9.999000e+03 -9.999000e+03 1.854339e-03 2.252488e-03 2.474816e-03 2.701880e-03 2.913525e-03 3.015771e-03 4.451621e-03 4.161581e-03 4.539712e-03 4.616675e-03 4.883941e-03 5.162819e-03 5.380480e-03 5.488193e-03 5.504015e-03 5.784663e-03 6.024364e-03 6.276483e-03 6.192937e-03 6.211167e-03 6.513201e-03 6.490807e-03 6.623574e-03 6.838894e-03 6.824874e-03 6.834072e-03 6.774017e-03 6.906628e-03 7.085666e-03
6.859248e-03 1.537180e-03 1.441654e-03 1.436094e-03 1.999918e-03 -9.999000e+03 -9.999000e+03 -9.999000e+03 -9.999000e+03 -9.999000e+03 -9.999000e+03 -9.999000e+03 -9.999000e+03 -9.999000e+03 -9.999000e+03 -9.999000e+03 -9.999000e+03 -9.999000e+03 -9.999000e+03 -9.999000e+03 -9.999000e+03 -9.999000e+03 -9.999000e+03 1.752588e-03 2.157342e-03 2.301264e-03 3.192126e-03 3.727483e-03 3.966801e-03 2.722083e-03 3.851280e-03 3.713562e-03 3.942886e-03 4.286884e-03 4.568810e-03 4.714643e-03 4.786344e-03 5.390957e-03 5.418301e-03 5.750465e-03 5.415676e-03 5.460391e-03 6.381339e-03 6.106706e-03 6.141395e-03 6.538908e-03 6.338466e-03 6.402522e-03 6.406696e-03 6.664344e-03 6.651281e-03 7.061444e-03
-9.999000e+03 2.078558e-03 1.969671e-03 2.293877e-03 -9.999000e+03 -9.999000e+03 -9.999000e+03 -9.999000e+03 -9.999000e+03 -9.999000e+03 -9.999000e+03 -9.999000e+03 -9.999000e+03 -9.999000e+03 -9.999000e+03 -9.999000e+03 -9.999000e+03 -9.999000e+03 -9.999000e+03 -9.999000e+03 -9.999000e+03 -9.999000e+03 -9.999000e+03 -9.999000e+03 -9.999000e+03 -9.999000e+03 2.478106e-03 2.645099e-03 3.476275e-03 3.361615e-03 2.353657e-03 2.510269e-03 2.759599e-03 3.049269e-03 3.175805e-03 3.205897e-03 4.978614e-03 4.598147e-03 4.812096e-03 3.591846e-03 3.671550e-03 6.152945e-03 5.362900e-03 5.355411e-03 6.267166e-03 5.408377e-03 5.443332e-03 5.468117e-03 6.425585e-03 6.081849e-03 6.509430e-03 5.911240e-03
-9.999000e+03 -9.999000e+03 -9.999000e+03 -9.999000e+03 -9.999000e+03 -9.999000e+03 -9.999000e+03 -9.999000e+03 -9.999000e+03 -9.999000e+03 -9.999000e+03 -9.999000e+03 -9.999000e+03 -9.999000e+03 -9.999000e+03 -9.999000e+03 -9.999000e+03 -9.999000e+03 -9.999000e+03 -9.999000e+03 -9.999000e+03 -9.999000e+03 -9.999000e+03 -9.999000e+03 -9.999000e+03 -9.999000e+03 -9.999000e+03 -9.999000e+03 2.552914e-03 2.987344e-03 2.174459e-03 2.326030e-03 2.625856e-03 3.921358e-03 4.493086e-03 4.566805e-03 3.060051e-03 3.215325e-03 3.356898e-03 4.979432e-03 5.720590e-03 3.601580e-03 3.624992e-03 6.107815e-03 3.643460e-03 3.646592e-03 3.635064e-03 6.184716e-03 5.256763e-03 6.144480e-03 3.759692e-03 3.957431e-03
-9.999000e+03 -9.999000e+03 -9.999000e+03 -9.999000e+03 -9.999000e+03 -9.999000e+03 -9.999000e+03 -9.999000e+03 -9.999000e+03 -9.999000e+03 -9.999000e+03 -9.999000e+03 -9.999000e+03 -9.999000e+03 -9.999000e+03 -9.999000e+03 -9.999000e+03 -9.999000e+03 -9.999000e+03 -9.999000e+03 -9.999000e+03 -9.999000e+03 -9.999000e+03 -9.999000e+03 -9.999000e+03 -9.999000e+03 -9.999000e+03 -9.999000e+03 -9.999000e+03 2.263977e-03 3.074877e-03 3.140629e-03 3.539108e-03 3.053353e-03 3.110111e-03 2.966397e-03 2.975675e-03 3.158388e-03 4.597761e-03 5.263687e-03 5.582160e-03 5.724639e-03 5.867620e-03 3.605736e-03 5.304951e-03 5.965286e-03 6.115198e-03 3.514680e-03 5.890698e-03 3.644338e-03 5.496484e-03 6.496698e-03
-9.999000e+03 -9.999000e+03 -9.999000e+03 -9.999000e+03 -9.999000e+03 -9.999000e+03 -9.999000e+03 -9.999000e+03 -9.999000e+03 -9.999000e+03 -9.999000e+03 -9.999000e+03 -9.999000e+03 -9.999000e+03 -9.999000e+03 -9.999000e+03 -9.999000e+03 -9.999000e+03 -9.999000e+03 -9.999000e+03 -9.999000e+03 -9.999000e+03 -9.999000e+03 -9.999000e+03 -9.999000e+03 -9.999000e+03 -9.999000e+03 -9.999000e+03 -9.999000e+03 -9.999000e+03 3.273685e-03 -9.999000e+03 -9.999000e+03 -9.999000e+03 -9.999000e+03 -9.999000e+03 -9.999000e+03 -9.999000e+03 3.284526e-03 4.716361e-03 5.240740e-03 5.364360e-03 5.495329e-03 5.762155e-03 5.989395e-03 6.097983e-03 6.039576e-03 5.782934e-03 3.454657e-03 5.246821e-03 6.159668e-03 6.626306e-03
-9.999000e+03 -9.999000e+03 -9.999000e+03 -9.999000e+03 -9.999000e+03 -9.999000e+03 -9.999000e+03 -9.999000e+03 -9.999000e+03 -9.999000e+03 -9.999000e+03 -9.999000e+03 -9.999000e+03 -9.999000e+03 -9.999000e+03 -9.999000e+03 -9.999000e+03 -9.999000e+03 -9.999000e+03 -9.999000e+03 -9.999000e+03 -9.999000e+03 -9.999000e+03 -9.999000e+03 -9.999000e+03 -9.999000e+03 -9.999000e+03 -9.999000e+03 -9.999000e+03 -9.999000e+03 -9.999000e+03 -9.999000e+03 -9.999000e+03 -9.999000e+03 -9.999000e+03 -9.999000e+03 -9.999000e+03 -9.999000e+03 -9.999000e+03 -9.999000e+03 -9.999000e+03 3.296542e-03 3.353250e-03 3.503764e-03 5.156410e-03 5.783646e-03 5.873452e-03 5.630319e-03 5.623131e-03 6.038451e-03 6.405256e-03 6.522377e-03
-9.999000e+03 -9.999000e+03 -9.999000e+03 -9.999000e+03 -9.999000e+03 -9.999000e+03 -9.999000e+03 -9.999000e+03 -9.999000e+03 -9.999000e+03 -9.999000e+03 -9.999000e+03 -9.999000e+03 -9.999000e+03 -9.999000e+03 -9.999000e+03 -9.999000e+03 -9.999000e+03 -9.999000e+03 -9.999000e+03 -9.999000e+03 -9.999000e+03 -9.999000e+03 -9.999000e+03 -9.999000e+03 -9.999000e+03 -9.999000e+03 -9.999000e+03 -9.999000e+03 -9.999000e+03 -9.999000e+03 -9.999000e+03 -9.999000e+03 -9.999000e+03 -9.999000e+03 -9.999000e+03 -9.999000e+03 -9.999000e+03 -9.999000e+03 -9.999000e+03 -9.999000e+03 -9.999000e+03 -9.999000e+03 -9.999000e+03 3.604472e-03 3.568675e-03 5.083293e-03 5.453471e-03 3.460067e-03 5.294892e-03 6.113711e-03 6.191603e-03
-9.999000e+03 -9.999000e+03 -9.999000e+03 -9.999000e+03 -9.999000e+03 -9.999000e+03 -9.999000e+03 -9.999000e+03 -9.999000e+03 -9.999000e+03 -9.999000e+03 -9.999000e+03 -9.999000e+03 -9.999000e+03 -9.999000e+03 -9.999000e+03 -9.999000e+03 -9.999000e+03 -9.999000e+03 -9.999000e+03 -9.999000e+03 -9.999000e+03 -9.999000e+03 -9.999000e+03 -9.999000e+03 -9.999000e+03 -9.999000e+03 -9.999000e+03 -9.999000e+03 -9.999000e+03 -9.999000e+03 -9.999000e+03 -9.999000e+03 -9.999000e+03 -9.999000e+03 -9.999000e+03 -9.999000e+03 -9.999000e+03 -9.999000e+03 -9.999000e+03 -9.999000e+03 -9.999000e+03 -9.999000e+03 -9.999000e+03 -9.999000e+03 -9.999000e+03 -9.999000e+03 -9.999000e+03 -9.999000e+03 -9.999000e+03 3.693096e-03 5.105466e-03
-9.999000e+03 -9.999000e+03 -9.999000e+03 -9.999000e+03 -9.999000e+03 -9.999000e+03 -9.999000e+03 -9.999000e+03 -9.999000e+03 -9.999000e+03 -9.999000e+03 -9.999000e+03 -9.999000e+03 -9.999000e+03 -9.999000e+03 -9.999000e+03 -9.999000e+03 -9.999000e+03 -9.999000e+03 -9.999000e+03 -9.999000e+03 -9.999000e+03 -9.999000e+03 -9.999000e+03 -9.999000e+03 -9.999000e+03 -9.999000e+03 -9.999000e+03 -9.999000e+03 -9.999000e+03 -9.999000e+03 -9.999000e+03 -9.999000e+03 -9.999000e+03 -9.999000e+03 -9.999000e+03 -9.999000e+03 -9.999000e+03 -9.999000e+03 -9.999000e+03 -9.999000e+03 -9.999000e+03 -9.999000e+03 -9.999000e+03 -9.999000e+03 -9.999000e+03 -9.999000e+03 -9.999000e+03 -9.999000e+03 -9.999000e+03 -9.999000e+03 3.378784e-03
-9.999000e+03 -9.999000e+03 -9.999000e+03 -9.999000e+03 -9.999000e+03 -9.999000e+03 -9.999000e+03 -9.999000e+03 -9.999000e+03 -9.999000e+03 -9.999000e+03 -9.999000e+03 -9.999000e+03 -9.999000e+03 -9.999000e+03 -9.999000e+03 -9.999000e+03 -9.999000e+03 -9.999000e+03 -9.999000e+03 -9.999000e+03 -9.999000e+03 -9.999000e+03 -9.999000e+03 -9.999000e+03 -9.999000e+03 -9.999000e+03 -9.999000e+03 -9.999000e+03 -9.999000e+03 -9.999000e+03 -9.999000e+03 -9.999000e+03 -9.999000e+03 -9.999000e+03 -9.999000e+03 -9.999000e+03 -9.999000e+03 -9.999000e+03 -9.999000e+03 -9.999000e+03 -9.999000e+03 -9.999000e+03 -9.999000e+03 -9.999000e+03 -9.999000e+03 -9.999000e+03 -9.999000e+03 -9.999000e+03 -9.999000e+03 -9.999000e+03 -9.999000e+03
-9.999000e+03 -9.999000e+03 -9.999000e+03 -9.999000e+03 -9.999000e+03 -9.999000e+03 -9.999000e+03 -9.999000e+03 -9.999000e+03 -9.999000e+03 -9.999000e+03 -9.999000e+03 -9.999000e+03 -9.999000e+03 -9.999000e+03 -9.999000e+03 -9.999000e+03 -9.999000e+03 -9.999000e+03 -9.999000e+03 -9.999000e+03 -9.999000e+03 -9.999000e+03 -9.999000e+03 -9.999000e+03 -9.999000e+03 -9.999000e+03 -9.999000e+03 -9.999000e+03 -9.999000e+03 -9.999000e+03 -9.999000e+03 -9.999000e+03 -9.999000e+03 -9.999000e+03 -9.999000e+03 -9.999000e+03 -9.999000e+03 -9.999000e+03 -9.999000e+03 -9.999000e+03 -9.999000e+03 -9.999000e+03 -9.999000e+03 -9.999000e+03 -9.999000e+03 -9.999000e+03 -9.999000e+03 -9.999000e+03 -9.999000e+03 -9.999000e+03 -9.999000e+03
