tests/data/reference/test_implicit_stream_rill_mfda/control/mqsheet_m3_s.asc
ncols	123
nrows	77
xllcorner	-713746.79929998
yllcorner	-1061022.36961616
cellsize	10.0
NODATA_value	-9999
[rows 23 to 45 of 77, columns 0 to 51 of 123]
-9.999000e+03 -9.999000e+03 -9.999000e+03 -9.999000e+03 -9.999000e+03 -9.999000e+03 -9.999000e+03 -9.999000e+03 -9.999000e+03 -9.999000e+03 -9.999000e+03 -9.999000e+03 -9.999000e+03 -9.999000e+03 2.160435e-03 3.298424e-03 3.277131e-03 3.059657e-03 2.396071e-03 1.091360e-03 1.042132e-03 1.024668e-02 1.501940e-03 1.315427e-02 1.619429e-02 5.859579e-03 8.852800e-03 6.565094e-03 7.135656e-03 7.495981e-03 4.118590e-03 6.371828e-03 7.433509e-03 8.025499e-03 2.280353e-02 8.034844e-03 8.432413e-03 4.290974e-03 1.440182e-02 8.566177e-03 8.634206e-03 8.749029e-03 8.906751e-03 8.987508e-03 8.971983e-03 8.915921e-03 8.872934e-03 8.903323e-03 9.000748e-03 8.853404e-03 8.366929e-03 4.507051e-03
-9.999000e+03 -9.999000e+03 -9.999000e+03 -9.999000e+03 -9.999000e+03 -9.999000e+03 -9.999000e+03 -9.999000e+03 -9.999000e+03 -9.999000e+03 -9.999000e+03 -9.999000e+03 -9.999000e+03 -9.999000e+03 1.572245e-03 5.253479e-03 5.433227e-03 3.726783e-03 2.326772e-03 3.021795e-03 8.956893e-03 1.847431e-02 3.728882e-03 4.071895e-03 1.048886e-02 1.834824e-02 7.578414e-03 6.836894e-03 7.106022e-03 4.068806e-03 7.622801e-03 6.350222e-03 7.396459e-03 7.788682e-03 2.657386e-02 7.976283e-03 8.117937e-03 4.317967e-03 1.499716e-02 8.576821e-03 8.602247e-03 8.682810e-03 8.809046e-03 8.891194e-03 8.908920e-03 8.897470e-03 8.894903e-03 8.956661e-03 9.072339e-03 9.098672e-03 4.516576e-03 9.051219e-03
-9.999000e+03 -9.999000e+03 -9.999000e+03 -9.999000e+03 -9.999000e+03 -9.999000e+03 -9.999000e+03 -9.999000e+03 -9.999000e+03 -9.999000e+03 -9.999000e+03 -9.999000e+03 -9.999000e+03 -9.999000e+03 4.102486e-03 2.552053e-03 2.609595e-03 2.601665e-03 2.549747e-03 1.286642e-03 1.147318e-02 1.005525e-02 1.664851e-02 5.398822e-03 5.685960e-03 8.951049e-03 2.215629e-02 7.159242e-03 7.274321e-03 4.120359e-03 6.172987e-03 7.562421e-03 7.154884e-03 7.634606e-03 7.727224e-03 3.025618e-02 4.225778e-03 8.284841e-03 6.710047e-03 2.019287e-02 8.572577e-03 8.650902e-03 8.748330e-03 8.820642e-03 8.863479e-03 8.896960e-03 8.944270e-03 9.045113e-03 9.186046e-03 9.300271e-03 7.252208e-03 4.614702e-03
-9.999000e+03 -9.999000e+03 -9.999000e+03 -9.999000e+03 -9.999000e+03 -9.999000e+03 -9.999000e+03 -9.999000e+03 -9.999000e+03 -9.999000e+03 -9.999000e+03 -9.999000e+03 2.934195e-03 2.393949e-03 6.237986e-03 3.382637e-03 2.645184e-03 1.410182e-03 1.045762e-03 1.009747e-02 4.930484e-03 1.313138e-02 8.097132e-03 1.270979e-02 6.049387e-03 6.340629e-03 2.873084e-02 7.074963e-03 7.190636e-03 6.077620e-03 4.067675e-03 6.998775e-03 7.408531e-03 7.155606e-03 7.270144e-03 7.709086e-03 2.736567e-02 6.597233e-03 8.375165e-03 7.810719e-03 2.386872e-02 8.617023e-03 8.685099e-03 8.754214e-03 8.836912e-03 8.937679e-03 9.056784e-03 9.198715e-03 9.352671e-03 9.511430e-03 8.755662e-03 4.654504e-03
-9.999000e+03 -9.999000e+03 -9.999000e+03 -9.999000e+03 -9.999000e+03 -9.999000e+03 -9.999000e+03 -9.999000e+03 -9.999000e+03 -9.999000e+03 -9.999000e+03 -9.999000e+03 -9.999000e+03 2.865312e-03 3.067009e-03 3.022088e-03 1.765876e-03 8.803009e-04 9.700632e-03 4.618594e-03 4.833626e-03 5.135616e-03 1.371741e-02 1.757475e-02 2.507376e-02 2.554007e-02 2.602893e-02 2.686275e-02 6.551603e-03 6.881015e-03 6.728719e-03 5.970913e-03 7.001240e-03 6.955869e-03 6.959712e-03 7.346042e-03 7.786835e-03 2.345010e-02 7.726608e-03 8.446242e-03 2.405495e-02 8.546497e-03 8.582686e-03 8.668940e-03 8.824803e-03 9.032018e-03 9.248921e-03 9.424289e-03 9.562827e-03 9.727097e-03 9.536491e-03 7.510326e-03
-9.999000e+03 -9.999000e+03 -9.999000e+03 -9.999000e+03 -9.999000e+03 -9.999000e+03 -9.999000e+03 -9.999000e+03 -9.999000e+03 -9.999000e+03 -9.999000e+03 -9.999000e+03 -9.999000e+03 -9.999000e+03 -9.999000e+03 2.187395e-03 4.440796e-04 8.004145e-03 1.564485e-02 1.390944e-02 1.010941e-02 7.827805e-03 6.329758e-03 5.223636e-03 5.344377e-03 5.566157e-03 5.645069e-03 2.754545e-02 5.227305e-02 6.213776e-03 6.556048e-03 6.586728e-03 6.295256e-03 6.543647e-03 6.691846e-03 7.146379e-03 7.554624e-03 7.766724e-03 2.471308e-02 7.970629e-03 2.517389e-02 8.496645e-03 8.571275e-03 8.707984e-03 8.925563e-03 9.204367e-03 9.472790e-03 9.645865e-03 9.754253e-03 9.909645e-03 9.925374e-03 9.026385e-03
-9.999000e+03 -9.999000e+03 -9.999000e+03 -9.999000e+03 -9.999000e+03 -9.999000e+03 -9.999000e+03 -9.999000e+03 -9.999000e+03 -9.999000e+03 -9.999000e+03 -9.999000e+03 -9.999000e+03 -9.999000e+03 -9.999000e+03 -9.999000e+03 8.227448e-04 8.810898e-03 8.772998e-03 6.839213e-03 5.570089e-03 4.964164e-03 4.888906e-03 5.068869e-03 5.357115e-03 5.703066e-03 5.851885e-03 5.670842e-03 5.537576e-03 4.939001e-02 4.861740e-02 5.112431e-02 6.078434e-03 6.058062e-03 6.312335e-03 6.767007e-03 1.128633e-02 1.580677e-02 7.487473e-03 2.285094e-02 8.094381e-03 2.149267e-02 8.743781e-03 8.949781e-03 9.185161e-03 9.455336e-03 9.688936e-03 9.813304e-03 9.889544e-03 1.003409e-02 1.009405e-02 9.682777e-03
-9.999000e+03 -9.999000e+03 -9.999000e+03 -9.999000e+03 -9.999000e+03 -9.999000e+03 -9.999000e+03 -9.999000e+03 -9.999000e+03 -9.999000e+03 -9.999000e+03 -9.999000e+03 -9.999000e+03 -9.999000e+03 -9.999000e+03 -9.999000e+03 8.043102e-03 3.336480e-03 4.023191e-03 4.520304e-03 4.721364e-03 2.302978e-02 2.123838e-02 1.959406e-02 1.806494e-02 1.663638e-02 1.526144e-02 1.391913e-02 1.262239e-02 1.138319e-02 1.019812e-02 9.016525e-03 5.259951e-02 5.467099e-02 5.360084e-02 4.429500e-02 3.894082e-02 3.574264e-02 3.204681e-02 2.795741e-02 2.703467e-02 2.762985e-02 2.574066e-02 8.566427e-03 8.927681e-03 9.362050e-03 9.606011e-03 9.745112e-03 9.863644e-03 1.002002e-02 1.004497e-02 9.769329e-03
-9.999000e+03 -9.999000e+03 -9.999000e+03 -9.999000e+03 -9.999000e+03 -9.999000e+03 -9.999000e+03 -9.999000e+03 -9.999000e+03 -9.999000e+03 -9.999000e+03 -9.999000e+03 -9.999000e+03 -9.999000e+03 -9.999000e+03 8.043993e-03 4.065369e-03 4.603968e-03 2.043670e-02 2.156877e-02 2.270945e-02 5.028387e-03 7.960318e-03 1.092244e-02 9.446766e-03 1.582805e-02 1.819083e-02 2.035395e-02 1.896340e-02 1.761199e-02 1.629652e-02 1.498773e-02 1.367928e-02 1.235081e-02 1.108121e-02 9.897401e-03 3.966422e-02 3.614308e-02 2.990352e-02 2.553379e-02 2.561561e-02 3.047584e-02 3.707533e-02 4.156324e-02 3.599446e-02 8.174518e-03 1.538575e-02 9.311213e-03 9.609558e-03 9.798784e-03 9.724606e-03 9.412543e-03
-9.999000e+03 -9.999000e+03 -9.999000e+03 -9.999000e+03 -9.999000e+03 -9.999000e+03 -9.999000e+03 -9.999000e+03 -9.999000e+03 -9.999000e+03 -9.999000e+03 -9.999000e+03 -9.999000e+03 -9.999000e+03 7.975191e-03 1.552409e-02 1.862899e-02 1.985868e-02 5.237858e-03 5.352740e-03 5.122528e-03 5.314691e-03 5.521371e-03 5.660569e-03 9.063371e-03 5.958716e-03 6.102414e-03 6.630504e-03 6.818137e-03 6.748115e-03 6.692511e-03 2.140480e-02 2.395508e-02 2.610792e-02 2.791394e-02 3.809481e-02 6.126502e-03 6.855401e-03 7.445199e-03 7.913660e-03 8.241650e-03 8.368711e-03 1.383645e-02 1.882539e-02 2.321329e-02 3.487949e-02 3.398067e-02 3.042676e-02 8.398703e-03 1.578677e-02 8.860919e-03 8.563625e-03
-9.999000e+03 -9.999000e+03 -9.999000e+03 -9.999000e+03 -9.999000e+03 -9.999000e+03 -9.999000e+03 -9.999000e+03 -9.999000e+03 -9.999000e+03 -9.999000e+03 -9.999000e+03 -9.999000e+03 -9.999000e+03 8.026667e-03 1.434668e-02 5.417819e-03 5.499026e-03 5.536915e-03 5.536190e-03 5.572685e-03 5.703037e-03 5.549945e-03 6.091754e-03 6.238814e-03 6.278093e-03 6.426442e-03 6.760837e-03 1.091332e-02 1.474210e-02 1.826171e-02 7.080408e-03 6.931114e-03 6.899929e-03 1.401055e-02 5.894004e-03 6.874852e-03 7.495298e-03 7.727622e-03 8.019789e-03 8.324359e-03 8.540080e-03 8.774445e-03 8.912017e-03 8.998930e-03 1.491077e-02 1.976502e-02 2.384557e-02 3.143887e-02 4.215322e-02 5.027598e-02 7.114257e-03
-9.999000e+03 -9.999000e+03 -9.999000e+03 -9.999000e+03 -9.999000e+03 -9.999000e+03 -9.999000e+03 -9.999000e+03 -9.999000e+03 -9.999000e+03 -9.999000e+03 -9.999000e+03 -9.999000e+03 1.540176e-02 1.980200e-02 5.317003e-03 5.493396e-03 5.653648e-03 5.704405e-03 5.701946e-03 5.695418e-03 5.746960e-03 5.844965e-03 5.992842e-03 6.137627e-03 6.237681e-03 6.437972e-03 6.804458e-03 7.114480e-03 7.277514e-03 7.292011e-03 7.229626e-03 7.240937e-03 1.616443e-02 4.010715e-03 6.142805e-03 7.514108e-03 7.612364e-03 7.755597e-03 7.991566e-03 8.307113e-03 8.560031e-03 8.815195e-03 8.986206e-03 9.117723e-03 9.001381e-03 9.057653e-03 9.033956e-03 8.810233e-03 1.370457e-02 1.705630e-02 5.650992e-02
-9.999000e+03 -9.999000e+03 -9.999000e+03 -9.999000e+03 -9.999000e+03 -9.999000e+03 -9.999000e+03 -9.999000e+03 -9.999000e+03 -9.999000e+03 -9.999000e+03 -9.999000e+03 7.957993e-03 2.187152e-02 5.190308e-03 5.358450e-03 6.354747e-03 5.638622e-03 5.764817e-03 5.815238e-03 5.819790e-03 5.797008e-03 5.802118e-03 5.871123e-03 5.998265e-03 6.156164e-03 6.403195e-03 6.758819e-03 7.034857e-03 7.153685e-03 7.228579e-03 7.268596e-03 1.327626e-02 7.046074e-03 4.046928e-03 7.353357e-03 7.401186e-03 7.423510e-03 7.581993e-03 7.909459e-03 8.042977e-03 8.269625e-03 8.459759e-03 8.612814e-03 8.254482e-03 8.314723e-03 8.408139e-03 8.507520e-03 8.530959e-03 8.196717e-03 8.364564e-03 1.274794e-02
-9.999000e+03 -9.999000e+03 -9.999000e+03 -9.999000e+03 -9.999000e+03 -9.999000e+03 -9.999000e+03 -9.999000e+03 -9.999000e+03 -9.999000e+03 -9.999000e+03 -9.999000e+03 1.516218e-02 4.931459e-03 5.134287e-03 7.604982e-03 5.375372e-03 5.642922e-03 5.804631e-03 5.894829e-03 5.913348e-03 5.856021e-03 5.821450e-03 5.844737e-03 5.942178e-03 6.094865e-03 6.314724e-03 6.603541e-03 6.729245e-03 6.867453e-03 6.917757e-03 1.300585e-02 4.080929e-03 6.077996e-03 7.071845e-03 7.027034e-03 6.807187e-03 6.848106e-03 7.302061e-03 7.133533e-03 7.339953e-03 7.586448e-03 7.824928e-03 6.865931e-03 6.883340e-03 6.955481e-03 7.044689e-03 7.173095e-03 7.151058e-03 8.849528e-03 7.876234e-03 7.553181e-03
-9.999000e+03 -9.999000e+03 -9.999000e+03 -9.999000e+03 -9.999000e+03 -9.999000e+03 -9.999000e+03 -9.999000e+03 -9.999000e+03 -9.999000e+03 -9.999000e+03 7.830060e-03 5.932452e-03 4.593942e-03 8.898760e-03 4.751557e-03 5.288306e-03 5.591065e-03 5.780107e-03 5.901250e-03 5.930062e-03 5.894304e-03 5.866539e-03 5.878160e-03 5.938889e-03 6.057634e-03 6.200444e-03 6.138825e-03 6.445976e-03 6.422985e-03 6.414459e-03 9.530452e-03 3.919922e-03 6.616743e-03 6.495514e-03 5.781746e-03 5.727797e-03 6.689533e-03 5.774495e-03 5.868494e-03 6.058139e-03 6.389107e-03 4.348675e-03 4.334188e-03 4.351136e-03 4.396386e-03 4.431694e-03 4.459526e-03 8.855516e-03 6.785238e-03 6.657759e-03 6.613192e-03
-9.999000e+03 -9.999000e+03 -9.999000e+03 -9.999000e+03 -9.999000e+03 -9.999000e+03 -9.999000e+03 -9.999000e+03 -9.999000e+03 -9.999000e+03 7.768106e-03 1.461066e-02 4.152540e-03 1.024793e-02 3.166330e-03 4.489516e-03 5.109626e-03 5.419550e-03 5.663929e-03 5.771532e-03 5.860240e-03 5.835078e-03 5.825988e-03 5.840905e-03 5.899776e-03 5.975568e-03 5.312395e-03 6.128464e-03 6.130886e-03 5.942958e-03 5.890153e-03 5.870447e-03 5.911518e-03 5.502483e-03 3.857747e-03 3.752060e-03 6.279834e-03 3.690567e-03 3.703763e-03 3.740802e-03 3.914701e-03 4.182833e-03 6.570296e-03 7.680371e-03 8.155056e-03 8.412808e-03 8.581848e-03 8.694970e-03 4.357516e-03 4.280011e-03 4.277890e-03 4.417217e-03
-9.999000e+03 -9.999000e+03 -9.999000e+03 -9.999000e+03 -9.999000e+03 -9.999000e+03 -9.999000e+03 -9.999000e+03 -9.999000e+03 -9.999000e+03 7.651724e-03 4.073509e-03 1.107375e-02 3.913728e-03 2.927086e-03 4.397021e-03 4.815098e-03 5.185775e-03 5.342963e-03 5.646034e-03 5.705912e-03 5.729019e-03 5.742001e-03 5.785140e-03 5.660736e-03 3.604689e-03 5.799696e-03 5.968660e-03 5.631960e-03 5.422863e-03 5.283602e-03 5.222768e-03 3.512624e-03 3.749019e-03 5.591178e-03 6.107285e-03 3.566602e-03 5.081613e-03 5.653438e-03 5.991195e-03 3.880577e-03 4.160391e-03 6.507341e-03 7.553674e-03 7.951806e-03 8.137152e-03 8.282960e-03 8.428375e-03 8.480788e-03 8.367665e-03 8.286665e-03 8.396507e-03
-9.999000e+03 -9.999000e+03 -9.999000e+03 -9.999000e+03 -9.999000e+03 -9.999000e+03 -9.999000e+03 -9.999000e+03 -9.999000e+03 7.665603e-03 5.584789e-03 1.133178e-02 3.903506e-03 2.846039e-03 3.771828e-03 4.277792e-03 4.611715e-03 4.507372e-03 5.325389e-03 5.387593e-03 5.539793e-03 5.627290e-03 5.697777e-03 5.080075e-03 3.555356e-03 5.134776e-03 5.820843e-03 5.023764e-03 4.887512e-03 4.627517e-03 4.490540e-03 3.348744e-03 4.963233e-03 5.904881e-03 6.390985e-03 6.452876e-03 6.338155e-03 6.195107e-03 3.688812e-03 3.861006e-03 6.769795e-03 6.239215e-03 7.416776e-03 7.794913e-03 7.837226e-03 7.831141e-03 7.914906e-03 8.118183e-03 8.293445e-03 8.345894e-03 8.318007e-03 8.274566e-03
-9.999000e+03 -9.999000e+03 -9.999000e+03 -9.999000e+03 -9.999000e+03 -9.999000e+03 -9.999000e+03 -9.999000e+03 -9.999000e+03 7.812591e-03 1.078748e-02 4.045605e-03 3.640917e-03 2.787436e-03 4.072406e-03 4.300834e-03 3.022363e-03 5.163740e-03 4.926555e-03 5.176954e-03 5.403452e-03 5.560849e-03 3.507186e-03 3.572817e-03 5.159288e-03 5.632407e-03 3.470079e-03 3.439847e-03 3.336843e-03 3.136959e-03 3.149428e-03 4.712827e-03 5.600326e-03 6.212975e-03 6.582888e-03 6.710241e-03 6.695062e-03 3.754976e-03 6.480752e-03 5.838379e-03 6.115783e-03 7.435033e-03 7.740229e-03 7.712815e-03 7.605501e-03 7.591671e-03 7.686080e-03 7.865471e-03 8.032530e-03 8.145399e-03 2.724126e-02 2.873294e-02
-9.999000e+03 -9.999000e+03 -9.999000e+03 -9.999000e+03 -9.999000e+03 -9.999000e+03 -9.999000e+03 -9.999000e+03 1.494728e-02 5.812826e-03 7.926856e-03 4.269347e-03 2.737779e-03 3.738913e-03 4.261565e-03 4.364777e-03 6.376790e-03 4.492445e-03 4.707910e-03 5.045363e-03 5.354790e-03 4.928243e-03 5.555657e-03 5.888031e-03 5.996042e-03 1.723302e-02 1.877862e-02 1.696215e-02 1.513067e-02 1.330358e-02 1.158699e-02 1.002139e-02 8.556736e-03 7.154778e-03 6.769513e-03 6.902601e-03 6.901282e-03 1.073317e-02 1.122331e-02 1.467738e-02 1.594672e-02 1.712324e-02 1.527322e-02 1.356024e-02 1.196597e-02 1.045827e-02 9.034754e-03 7.686221e-03 7.631363e-03 3.170602e-02 7.493463e-03 7.583951e-03
-9.999000e+03 -9.999000e+03 -9.999000e+03 -9.999000e+03 -9.999000e+03 -9.999000e+03 -9.999000e+03 7.755045e-03 1.466335e-02 7.622706e-03 4.128903e-03 4.315560e-03 2.795223e-03 4.200635e-03 4.363164e-03 4.419942e-03 4.434598e-03 4.429688e-03 4.631154e-03 5.038274e-03 3.413586e-03 3.465660e-03 5.036278e-03 1.354315e-02 1.539404e-02 5.937272e-03 5.676134e-03 5.775443e-03 5.686594e-03 5.425585e-03 5.419434e-03 5.801139e-03 6.242847e-03 6.608416e-03 6.838506e-03 6.917414e-03 6.886653e-03 6.773731e-03 6.792736e-03 7.027902e-03 7.229888e-03 7.265961e-03 7.228643e-03 7.185765e-03 7.215211e-03 7.346844e-03 7.407494e-03 7.304805e-03 4.039040e-02 7.188037e-03 7.300977e-03 7.437077e-03
-9.999000e+03 -9.999000e+03 -9.999000e+03 -9.999000e+03 -9.999000e+03 -9.999000e+03 -9.999000e+03 7.611116e-03 2.991975e-03 8.166099e-03 2.989732e-03 4.002795e-03 4.244184e-03 4.372084e-03 4.450730e-03 4.472117e-03 4.511253e-03 4.554141e-03 4.762272e-03 5.177315e-03 8.041797e-03 1.063287e-02 1.304746e-02 5.837656e-03 5.886507e-03 5.204297e-03 3.605230e-03 5.204827e-03 5.707196e-03 5.683970e-03 5.721712e-03 6.031346e-03 6.362470e-03 6.599152e-03 6.726109e-03 6.752031e-03 3.427088e-02 3.506574e-02 3.577437e-02 3.641742e-02 3.703177e-02 3.767130e-02 3.762769e-02 3.587122e-02 3.556217e-02 3.533777e-02 3.823416e-02 4.235248e-02 7.187066e-03 7.116547e-03 7.151357e-03 7.244671e-03
-9.999000e+03 -9.999000e+03 -9.999000e+03 -9.999000e+03 -9.999000e+03 -9.999000e+03 -9.999000e+03 7.728179e-04 7.126261e-03 4.095371e-03 2.831555e-03 3.959766e-03 4.415599e-03 4.560804e-03 4.577940e-03 4.593943e-03 4.677112e-03 4.764301e-03 4.938312e-03 5.292669e-03 5.618454e-03 5.816067e-03 5.707871e-03 5.659619e-03 3.543584e-03 3.633405e-03 5.312411e-03 5.890579e-03 6.010361e-03 5.961036e-03 5.973524e-03 6.141148e-03 6.318291e-03 3.157777e-02 3.273731e-02 3.376702e-02 6.970542e-03 7.227014e-03 7.469600e-03 7.699047e-03 7.848381e-03 7.894451e-03 7.935869e-03 1.312286e-02 1.798586e-02 2.243378e-02 7.799709e-03 7.624628e-03 7.412582e-03 7.166338e-03 7.035073e-03 7.064069e-03
