tests/data/reference/test_implicit_stream_rill_mfda/control/mqsheet_m3_s.asc
ncols	123
nrows	77
xllcorner	-713746.79929998
yllcorner	-1061022.36961616
cellsize	10.0
NODATA_value	-9999
[rows 23 to 45 of 77, columns 0 to 51 of 123]
-9.999000e+03 -9.999000e+03 -9.999000e+03 -9.999000e+03 -9.999000e+03 -9.999000e+03 -9.999000e+03 -9.999000e+03 -9.999000e+03 -9.999000e+03 -9.999000e+03 -9.999000e+03 -9.999000e+03 -9.999000e+03 1.918556e-03 2.834289e-03 2.815144e-03 2.671480e-03 2.134373e-03 9.565394e-04 8.818801e-04 9.898256e-03 1.259559e-03 1.153852e-02 1.363845e-02 5.068607e-03 6.740834e-03 5.676359e-03 6.160710e-03 6.456917e-03 3.758537e-03 5.659140e-03 6.494896e-03 6.916100e-03 1.837479e-02 6.913943e-03 6.939354e-03 3.928420e-03 1.198642e-02 7.377249e-03 7.432184e-03 7.528970e-03 7.664936e-03 7.736300e-03 7.725009e-03 7.679087e-03 7.644248e-03 7.673133e-03 7.760837e-03 7.684933e-03 7.335198e-03 4.143492e-03
-9.999000e+03 -9.999000e+03 -9.999000e+03 -9.999000e+03 -9.999000e+03 -9.999000e+03 -9.999000e+03 -9.999000e+03 -9.999000e+03 -9.999000e+03 -9.999000e+03 -9.999000e+03 -9.999000e+03 -9.999000e+03 1.354881e-03 4.108516e-03 4.500065e-03 3.280272e-03 2.070750e-03 2.714954e-03 8.760278e-03 1.786291e-02 3.385809e-03 3.627092e-03 8.923217e-03 1.503056e-02 5.735230e-03 5.934226e-03 6.145818e-03 3.714784e-03 6.570837e-03 5.639115e-03 6.460167e-03 6.742644e-03 2.108697e-02 6.862007e-03 6.992187e-03 3.955154e-03 1.245173e-02 7.384634e-03 7.402785e-03 7.469233e-03 7.575517e-03 7.646565e-03 7.664629e-03 7.658491e-03 7.659658e-03 7.715632e-03 7.817281e-03 7.861890e-03 4.153031e-03 7.866520e-03
-9.999000e+03 -9.999000e+03 -9.999000e+03 -9.999000e+03 -9.999000e+03 -9.999000e+03 -9.999000e+03 -9.999000e+03 -9.999000e+03 -9.999000e+03 -9.999000e+03 -9.999000e+03 -9.999000e+03 -9.999000e+03 3.194249e-03 2.212302e-03 2.331231e-03 2.323897e-03 2.275927e-03 1.092556e-03 1.093737e-02 9.139757e-03 1.501454e-02 4.775836e-03 5.020333e-03 7.476903e-03 1.781451e-02 6.219779e-03 6.307724e-03 3.765086e-03 5.491715e-03 6.536993e-03 6.258655e-03 6.601038e-03 6.653416e-03 2.367058e-02 3.863999e-03 7.144280e-03 5.973939e-03 1.646765e-02 7.377114e-03 7.443885e-03 7.525227e-03 7.586764e-03 7.625926e-03 7.658687e-03 7.703713e-03 7.794000e-03 7.917711e-03 8.026950e-03 6.489372e-03 4.251589e-03
-9.999000e+03 -9.999000e+03 -9.999000e+03 -9.999000e+03 -9.999000e+03 -9.999000e+03 -9.999000e+03 -9.999000e+03 -9.999000e+03 -9.999000e+03 -9.999000e+03 -9.999000e+03 2.632981e-03 2.132422e-03 5.148883e-03 2.956731e-03 2.364165e-03 1.240659e-03 8.849961e-04 9.761110e-03 4.236798e-03 1.151955e-02 7.001621e-03 1.098259e-02 5.282768e-03 5.537223e-03 2.296321e-02 6.123767e-03 6.222662e-03 5.398320e-03 3.713681e-03 6.127725e-03 6.404530e-03 6.204178e-03 6.269472e-03 6.635202e-03 2.161384e-02 5.870538e-03 7.218233e-03 6.830226e-03 2.011949e-02 7.415015e-03 7.471087e-03 7.530188e-03 7.604604e-03 7.696970e-03 7.805707e-03 7.931799e-03 8.065990e-03 8.208492e-03 7.697065e-03 4.291724e-03
-9.999000e+03 -9.999000e+03 -9.999000e+03 -9.999000e+03 -9.999000e+03 -9.999000e+03 -9.999000e+03 -9.999000e+03 -9.999000e+03 -9.999000e+03 -9.999000e+03 -9.999000e+03 -9.999000e+03 2.568688e-03 2.683563e-03 2.654526e-03 1.560359e-03 7.432628e-04 9.350214e-03 3.941247e-03 4.186151e-03 4.462051e-03 1.157440e-02 1.454474e-02 2.064266e-02 2.061819e-02 2.069058e-02 2.109165e-02 5.644911e-03 5.940145e-03 5.879603e-03 5.299636e-03 6.070670e-03 5.996607e-03 6.016131e-03 6.361693e-03 6.737991e-03 1.972687e-02 6.758297e-03 7.277196e-03 2.148483e-02 7.351704e-03 7.380161e-03 7.455511e-03 7.595468e-03 7.782808e-03 7.978380e-03 8.132966e-03 8.251524e-03 8.394745e-03 8.300743e-03 6.733949e-03
-9.999000e+03 -9.999000e+03 -9.999000e+03 -9.999000e+03 -9.999000e+03 -9.999000e+03 -9.999000e+03 -9.999000e+03 -9.999000e+03 -9.999000e+03 -9.999000e+03 -9.999000e+03 -9.999000e+03 -9.999000e+03 -9.999000e+03 1.943175e-03 3.727398e-04 7.886702e-03 1.532016e-02 1.250219e-02 8.738047e-03 6.582456e-03 5.194695e-03 4.511307e-03 4.631374e-03 4.830001e-03 4.892427e-03 2.160186e-02 4.074065e-02 5.359471e-03 5.656872e-03 5.701847e-03 5.482719e-03 5.642784e-03 5.776148e-03 6.196860e-03 6.554434e-03 6.723737e-03 1.801554e-02 6.922695e-03 2.443026e-02 7.309782e-03 7.376257e-03 7.497772e-03 7.690749e-03 7.938118e-03 8.175309e-03 8.325097e-03 8.415961e-03 8.549528e-03 8.593027e-03 7.938852e-03
-9.999000e+03 -9.999000e+03 -9.999000e+03 -9.999000e+03 -9.999000e+03 -9.999000e+03 -9.999000e+03 -9.999000e+03 -9.999000e+03 -9.999000e+03 -9.999000e+03 -9.999000e+03 -9.999000e+03 -9.999000e+03 -9.999000e+03 -9.999000e+03 6.941169e-04 8.544700e-03 7.870790e-03 5.891146e-03 4.719727e-03 4.271560e-03 4.227259e-03 4.395786e-03 4.652056e-03 4.955957e-03 5.075945e-03 4.902400e-03 4.787418e-03 4.101519e-02 4.174238e-02 4.216661e-02 5.237869e-03 5.236859e-03 5.450508e-03 5.860738e-03 9.500393e-03 1.304959e-02 6.466390e-03 1.637007e-02 7.019968e-03 2.149267e-02 7.539397e-03 7.722937e-03 7.928345e-03 8.162042e-03 8.361827e-03 8.465225e-03 8.527853e-03 8.651508e-03 8.712583e-03 8.418221e-03
-9.999000e+03 -9.999000e+03 -9.999000e+03 -9.999000e+03 -9.999000e+03 -9.999000e+03 -9.999000e+03 -9.999000e+03 -9.999000e+03 -9.999000e+03 -9.999000e+03 -9.999000e+03 -9.999000e+03 -9.999000e+03 -9.999000e+03 -9.999000e+03 7.934328e-03 2.865060e-03 3.500888e-03 3.936324e-03 4.098247e-03 1.768655e-02 1.602041e-02 1.451082e-02 1.310058e-02 1.178135e-02 1.052097e-02 9.291160e-03 8.106670e-03 6.998566e-03 5.920066e-03 5.125431e-03 4.219361e-02 4.132301e-02 4.011159e-02 3.934566e-02 3.801941e-02 3.574264e-02 3.204681e-02 2.795741e-02 2.703467e-02 2.762985e-02 2.574066e-02 7.384236e-03 7.704281e-03 8.056445e-03 8.266783e-03 8.386857e-03 8.491653e-03 8.627084e-03 8.647554e-03 8.431518e-03
-9.999000e+03 -9.999000e+03 -9.999000e+03 -9.999000e+03 -9.999000e+03 -9.999000e+03 -9.999000e+03 -9.999000e+03 -9.999000e+03 -9.999000e+03 -9.999000e+03 -9.999000e+03 -9.999000e+03 -9.999000e+03 -9.999000e+03 7.935421e-03 3.477768e-03 3.974164e-03 1.666956e-02 1.713447e-02 1.763163e-02 4.347707e-03 6.635360e-03 8.898669e-03 7.457497e-03 1.253310e-02 1.427519e-02 1.583236e-02 1.444975e-02 1.312310e-02 1.185465e-02 1.060818e-02 9.390407e-03 8.184403e-03 7.028881e-03 5.962964e-03 2.977832e-02 2.893280e-02 2.834523e-02 2.553379e-02 2.561561e-02 2.888670e-02 3.707533e-02 4.156324e-02 3.599446e-02 7.027861e-03 1.284701e-02 7.982440e-03 8.252567e-03 8.417886e-03 8.346329e-03 8.079413e-03
-9.999000e+03 -9.999000e+03 -9.999000e+03 -9.999000e+03 -9.999000e+03 -9.999000e+03 -9.999000e+03 -9.999000e+03 -9.999000e+03 -9.999000e+03 -9.999000e+03 -9.999000e+03 -9.999000e+03 -9.999000e+03 7.851505e-03 1.517295e-02 1.630287e-02 1.668213e-02 4.497043e-03 4.598557e-03 4.412877e-03 4.585232e-03 4.767631e-03 4.904967e-03 7.591551e-03 5.141918e-03 5.270294e-03 5.721336e-03 5.882389e-03 5.833738e-03 5.790768e-03 1.700363e-02 1.872602e-02 2.009457e-02 2.117842e-02 2.877023e-02 5.325791e-03 5.935402e-03 6.435015e-03 6.856026e-03 7.144154e-03 7.243235e-03 1.163572e-02 1.553781e-02 1.883749e-02 3.487949e-02 3.398067e-02 3.042676e-02 7.198138e-03 1.311721e-02 7.563068e-03 7.310177e-03
-9.999000e+03 -9.999000e+03 -9.999000e+03 -9.999000e+03 -9.999000e+03 -9.999000e+03 -9.999000e+03 -9.999000e+03 -9.999000e+03 -9.999000e+03 -9.999000e+03 -9.999000e+03 -9.999000e+03 -9.999000e+03 7.914197e-03 1.209684e-02 4.669628e-03 4.734975e-03 4.761384e-03 4.758186e-03 4.790580e-03 4.909108e-03 4.791146e-03 5.257743e-03 5.385621e-03 5.414216e-03 5.544736e-03 5.841712e-03 9.180746e-03 1.212071e-02 1.475175e-02 6.084119e-03 5.949355e-03 5.919887e-03 1.106025e-02 5.209845e-03 5.983768e-03 6.453061e-03 6.662593e-03 6.926563e-03 7.195651e-03 7.405026e-03 7.609040e-03 7.720491e-03 7.800331e-03 1.260878e-02 1.644277e-02 1.957670e-02 3.143887e-02 4.215322e-02 5.027598e-02 5.941787e-03
-9.999000e+03 -9.999000e+03 -9.999000e+03 -9.999000e+03 -9.999000e+03 -9.999000e+03 -9.999000e+03 -9.999000e+03 -9.999000e+03 -9.999000e+03 -9.999000e+03 -9.999000e+03 -9.999000e+03 1.502405e-02 1.742487e-02 4.585043e-03 4.737045e-03 4.872727e-03 4.915966e-03 4.906315e-03 4.897065e-03 4.943163e-03 5.033378e-03 5.168723e-03 5.298444e-03 5.384025e-03 5.559820e-03 5.884410e-03 6.150898e-03 6.284580e-03 6.290737e-03 6.227490e-03 6.235381e-03 1.318771e-02 3.652948e-03 5.444620e-03 6.482170e-03 6.571513e-03 6.706592e-03 6.917599e-03 7.187487e-03 7.420554e-03 7.644490e-03 7.820975e-03 7.932568e-03 7.858819e-03 7.917934e-03 7.888948e-03 7.670955e-03 1.168243e-02 1.419608e-02 5.650992e-02
-9.999000e+03 -9.999000e+03 -9.999000e+03 -9.999000e+03 -9.999000e+03 -9.999000e+03 -9.999000e+03 -9.999000e+03 -9.999000e+03 -9.999000e+03 -9.999000e+03 -9.999000e+03 7.830681e-03 2.106002e-02 4.479195e-03 4.626712e-03 4.773046e-03 4.871736e-03 4.971521e-03 5.008161e-03 5.007025e-03 4.984620e-03 4.991605e-03 5.056267e-03 5.171627e-03 5.311666e-03 5.530895e-03 5.847146e-03 6.086478e-03 6.191226e-03 6.249770e-03 6.284369e-03 1.092842e-02 6.148926e-03 3.688333e-03 6.353044e-03 6.401723e-03 6.442691e-03 6.589410e-03 6.858011e-03 7.006166e-03 7.206835e-03 7.369259e-03 7.494913e-03 7.243192e-03 7.324213e-03 7.408987e-03 7.498073e-03 7.519532e-03 7.201546e-03 7.210849e-03 1.074326e-02
-9.999000e+03 -9.999000e+03 -9.999000e+03 -9.999000e+03 -9.999000e+03 -9.999000e+03 -9.999000e+03 -9.999000e+03 -9.999000e+03 -9.999000e+03 -9.999000e+03 -9.999000e+03 1.474529e-02 4.205682e-03 4.447652e-03 5.096058e-03 4.667632e-03 4.881155e-03 5.011285e-03 5.083129e-03 5.092894e-03 5.038629e-03 5.007952e-03 5.030570e-03 5.119052e-03 5.255869e-03 5.451593e-03 5.710318e-03 5.836286e-03 5.940439e-03 5.988105e-03 1.075607e-02 3.721613e-03 5.389851e-03 6.123074e-03 6.092572e-03 5.941444e-03 5.983844e-03 6.329816e-03 6.251116e-03 6.441200e-03 6.663809e-03 6.868545e-03 6.123174e-03 6.141035e-03 6.210190e-03 6.294260e-03 6.432614e-03 6.409336e-03 7.652652e-03 6.918888e-03 6.621363e-03
-9.999000e+03 -9.999000e+03 -9.999000e+03 -9.999000e+03 -9.999000e+03 -9.999000e+03 -9.999000e+03 -9.999000e+03 -9.999000e+03 -9.999000e+03 -9.999000e+03 7.677575e-03 5.094808e-03 3.974525e-03 6.303598e-03 4.177682e-03 4.600466e-03 4.841949e-03 4.998496e-03 5.095881e-03 5.116517e-03 5.077349e-03 5.052795e-03 5.063625e-03 5.118328e-03 5.223980e-03 5.352720e-03 5.344061e-03 5.570204e-03 5.547136e-03 5.551768e-03 8.049520e-03 3.564489e-03 5.744079e-03 5.667547e-03 5.111389e-03 5.065820e-03 5.785016e-03 5.113460e-03 5.202186e-03 5.381269e-03 5.688921e-03 3.985613e-03 3.971238e-03 3.988057e-03 4.033034e-03 4.068205e-03 4.095976e-03 7.636948e-03 6.060456e-03 5.941940e-03 5.899150e-03
-9.999000e+03 -9.999000e+03 -9.999000e+03 -9.999000e+03 -9.999000e+03 -9.999000e+03 -9.999000e+03 -9.999000e+03 -9.999000e+03 -9.999000e+03 7.604494e-03 1.410855e-02 3.579441e-03 7.568316e-03 2.843337e-03 3.944767e-03 4.435851e-03 4.698545e-03 4.903889e-03 4.996594e-03 5.057935e-03 5.032009e-03 5.021641e-03 5.034075e-03 5.085420e-03 5.165568e-03 4.681468e-03 5.299188e-03 5.287753e-03 5.137332e-03 5.099544e-03 5.089701e-03 5.131441e-03 4.865162e-03 3.504122e-03 3.401890e-03 5.420460e-03 3.342622e-03 3.355326e-03 3.391027e-03 3.559413e-03 3.821679e-03 5.847154e-03 6.716599e-03 7.069368e-03 7.268386e-03 7.404329e-03 7.496088e-03 3.994392e-03 3.917572e-03 3.915475e-03 4.057008e-03
-9.999000e+03 -9.999000e+03 -9.999000e+03 -9.999000e+03 -9.999000e+03 -9.999000e+03 -9.999000e+03 -9.999000e+03 -9.999000e+03 -9.999000e+03 7.468877e-03 3.398957e-03 8.322914e-03 3.418050e-03 2.618774e-03 3.814914e-03 4.170133e-03 4.493235e-03 4.649527e-03 4.877271e-03 4.931179e-03 4.943870e-03 4.950355e-03 4.985545e-03 4.913507e-03 3.260108e-03 5.038842e-03 5.147605e-03 4.889786e-03 4.703726e-03 4.587829e-03 4.539011e-03 3.171975e-03 3.398955e-03 4.936752e-03 5.300321e-03 3.223608e-03 4.467305e-03 4.906339e-03 5.180259e-03 3.526269e-03 3.799600e-03 5.787779e-03 6.600596e-03 6.886880e-03 7.024076e-03 7.143753e-03 7.268128e-03 7.306479e-03 7.196231e-03 7.126576e-03 7.234761e-03
-9.999000e+03 -9.999000e+03 -9.999000e+03 -9.999000e+03 -9.999000e+03 -9.999000e+03 -9.999000e+03 -9.999000e+03 -9.999000e+03 7.484943e-03 4.791383e-03 8.731479e-03 3.372870e-03 2.543134e-03 3.290616e-03 3.692017e-03 3.983366e-03 3.957258e-03 4.587046e-03 4.662938e-03 4.789859e-03 4.857761e-03 4.913219e-03 4.468545e-03 3.212841e-03 4.517445e-03 5.024473e-03 4.417671e-03 4.292128e-03 4.055423e-03 3.936945e-03 3.015901e-03 4.366695e-03 5.145903e-03 5.537507e-03 5.562940e-03 5.450716e-03 5.324617e-03 3.340931e-03 3.507282e-03 5.878789e-03 5.546643e-03 6.489910e-03 6.750976e-03 6.755279e-03 6.742275e-03 6.819344e-03 7.003587e-03 7.154257e-03 7.190554e-03 7.159383e-03 7.119849e-03
-9.999000e+03 -9.999000e+03 -9.999000e+03 -9.999000e+03 -9.999000e+03 -9.999000e+03 -9.999000e+03 -9.999000e+03 -9.999000e+03 7.656903e-03 8.614974e-03 3.474406e-03 3.173164e-03 2.488574e-03 3.521737e-03 3.704121e-03 2.707971e-03 4.392386e-03 4.261002e-03 4.480237e-03 4.671381e-03 4.799221e-03 3.166780e-03 3.229560e-03 4.539556e-03 4.883476e-03 3.131359e-03 3.102539e-03 3.004605e-03 2.815663e-03 2.827408e-03 4.142411e-03 4.876977e-03 5.389915e-03 5.693946e-03 5.787480e-03 5.763880e-03 3.404704e-03 5.594227e-03 5.174337e-03 5.429387e-03 6.452414e-03 6.691350e-03 6.641660e-03 6.540324e-03 6.533338e-03 6.622537e-03 6.784019e-03 6.928304e-03 7.021822e-03 2.724126e-02 2.873294e-02
-9.999000e+03 -9.999000e+03 -9.999000e+03 -9.999000e+03 -9.999000e+03 -9.999000e+03 -9.999000e+03 -9.999000e+03 1.449531e-02 4.990733e-03 6.335786e-03 3.674887e-03 2.442429e-03 3.260387e-03 3.670874e-03 3.757437e-03 5.296382e-03 3.869487e-03 4.064466e-03 4.362835e-03 4.626498e-03 4.331170e-03 4.824181e-03 5.091067e-03 5.170107e-03 1.341503e-02 1.444029e-02 1.262403e-02 1.091683e-02 9.230929e-03 7.666263e-03 6.240623e-03 5.205273e-03 5.593824e-03 5.849802e-03 5.953038e-03 5.942261e-03 8.938982e-03 9.302200e-03 1.195698e-02 1.295894e-02 1.388052e-02 1.199653e-02 1.032018e-02 8.801027e-03 7.428311e-03 6.535496e-03 6.566297e-03 6.570209e-03 3.170602e-02 6.470277e-03 6.548841e-03
-9.999000e+03 -9.999000e+03 -9.999000e+03 -9.999000e+03 -9.999000e+03 -9.999000e+03 -9.999000e+03 7.589170e-03 1.417489e-02 5.921162e-03 3.609812e-03 3.732203e-03 2.495818e-03 3.615708e-03 3.755611e-03 3.803215e-03 3.815551e-03 3.809643e-03 3.989412e-03 4.349841e-03 3.077533e-03 3.127144e-03 4.429546e-03 1.077154e-02 1.213445e-02 5.115693e-03 4.921883e-03 4.980706e-03 4.891867e-03 4.657788e-03 4.663540e-03 5.013791e-03 5.401568e-03 5.713896e-03 5.904038e-03 5.961829e-03 5.927389e-03 5.824379e-03 5.847643e-03 6.064470e-03 6.238719e-03 6.259193e-03 6.220901e-03 6.182894e-03 6.212583e-03 6.333077e-03 6.381887e-03 6.282593e-03 3.213264e-02 6.183459e-03 6.293517e-03 6.420135e-03
-9.999000e+03 -9.999000e+03 -9.999000e+03 -9.999000e+03 -9.999000e+03 -9.999000e+03 -9.999000e+03 7.422029e-03 2.646217e-03 6.370520e-03 2.677388e-03 3.500045e-03 3.669056e-03 3.763474e-03 3.826579e-03 3.844836e-03 3.879346e-03 3.914921e-03 4.099436e-03 4.468909e-03 6.749425e-03 8.685506e-03 1.045764e-02 5.036647e-03 5.083237e-03 4.583025e-03 3.260626e-03 4.580652e-03 4.950027e-03 4.895858e-03 4.927695e-03 5.209136e-03 5.498178e-03 5.697367e-03 5.799734e-03 5.815199e-03 2.425705e-02 2.467761e-02 2.510052e-02 2.554653e-02 2.608243e-02 2.676012e-02 2.763105e-02 2.639559e-02 2.516971e-02 2.393357e-02 3.079552e-02 3.156829e-02 6.156078e-03 6.103393e-03 6.150016e-03 6.245966e-03
-9.999000e+03 -9.999000e+03 -9.999000e+03 -9.999000e+03 -9.999000e+03 -9.999000e+03 -9.999000e+03 6.468279e-04 5.560088e-03 3.522436e-03 2.529639e-03 3.459724e-03 3.818488e-03 3.922165e-03 3.933486e-03 3.946264e-03 4.021099e-03 4.100442e-03 4.258473e-03 4.577253e-03 4.860486e-03 5.023829e-03 4.954986e-03 4.907656e-03 3.201576e-03 3.287666e-03 4.680114e-03 5.113959e-03 5.185284e-03 5.130272e-03 5.142773e-03 5.295794e-03 5.450185e-03 2.286936e-02 2.350248e-02 2.404615e-02 6.005102e-03 6.226286e-03 6.434791e-03 6.632416e-03 6.756982e-03 6.788664e-03 6.819788e-03 1.095353e-02 1.468105e-02 1.804623e-02 6.685360e-03 6.531701e-03 6.345884e-03 6.132519e-03 6.029013e-03 6.070040e-03
