tests/data/reference/test_implicit_stream_rill_mfda/control/mqsheet_m3_s.asc
ncols	123
nrows	77
xllcorner	-713746.79929998
yllcorner	-1061022.36961616
cellsize	10.0
NODATA_value	-9999
[rows 23 to 45 of 77, columns 52 to 103 of 123]
7.059735e-03 9.266751e-03 9.410560e-03 9.450122e-03 9.436410e-03 9.418601e-03 9.368541e-03 9.259601e-03 9.154409e-03 9.095246e-03 9.025952e-03 8.965833e-03 8.886092e-03 8.744617e-03 8.488750e-03 8.136093e-03 2.359567e-02 7.195239e-03 7.152025e-03 7.203386e-03 7.234386e-03 7.236498e-03 7.005692e-03 7.113784e-03 3.965870e-03 5.767156e-03 2.763143e-02 1.027006e-02 1.680876e-02 7.031684e-03 6.892081e-03 5.924655e-03 3.818428e-03 3.542375e-03 -9.999000e+03 -9.999000e+03 -9.999000e+03 -9.999000e+03 -9.999000e+03 -9.999000e+03 -9.999000e+03 -9.999000e+03 -9.999000e+03 -9.999000e+03 -9.999000e+03 -9.999000e+03 -9.999000e+03 -9.999000e+03 -9.999000e+03 -9.999000e+03 -9.999000e+03 -9.999000e+03
7.146186e-03 8.555963e-03 9.506472e-03 9.501197e-03 9.461236e-03 9.419570e-03 9.360367e-03 9.258980e-03 9.162915e-03 9.111208e-03 9.071472e-03 9.020449e-03 8.928222e-03 8.747307e-03 8.475797e-03 8.118786e-03 2.742536e-02 7.216366e-03 7.342448e-03 7.530912e-03 7.684541e-03 7.792877e-03 7.737114e-03 7.702416e-03 6.224643e-03 6.843645e-03 3.840124e-03 2.605547e-02 8.726812e-03 1.416088e-02 1.085674e-02 6.826377e-03 5.845882e-03 5.437804e-03 3.449550e-03 -9.999000e+03 -9.999000e+03 -9.999000e+03 -9.999000e+03 -9.999000e+03 -9.999000e+03 -9.999000e+03 -9.999000e+03 -9.999000e+03 -9.999000e+03 -9.999000e+03 -9.999000e+03 -9.999000e+03 -9.999000e+03 -9.999000e+03 -9.999000e+03 -9.999000e+03
9.465381e-03 8.642812e-03 9.276095e-03 9.579187e-03 9.472119e-03 9.361022e-03 9.267435e-03 9.200374e-03 9.163450e-03 9.147887e-03 9.122268e-03 9.058165e-03 8.914277e-03 8.685905e-03 8.436527e-03 8.187743e-03 3.073182e-02 7.481958e-03 7.622193e-03 7.837252e-03 8.040636e-03 8.188174e-03 8.191145e-03 8.118930e-03 7.444667e-03 7.548780e-03 6.078702e-03 2.456023e-02 3.908070e-03 7.323028e-03 2.049163e-02 6.812998e-03 6.709921e-03 6.607803e-03 5.612632e-03 3.731537e-03 3.510815e-03 3.489730e-03 -9.999000e+03 -9.999000e+03 -9.999000e+03 -9.999000e+03 -9.999000e+03 -9.999000e+03 -9.999000e+03 -9.999000e+03 -9.999000e+03 -9.999000e+03 -9.999000e+03 -9.999000e+03 -9.999000e+03 -9.999000e+03
7.307090e-03 9.715088e-03 9.327212e-03 9.482790e-03 9.451954e-03 9.291517e-03 9.182395e-03 9.158483e-03 9.171118e-03 9.182159e-03 9.161163e-03 9.070476e-03 8.905448e-03 8.685059e-03 8.455456e-03 8.251632e-03 2.896227e-02 7.703166e-03 7.817458e-03 8.021240e-03 8.226394e-03 8.375702e-03 8.398545e-03 8.343853e-03 8.062717e-03 8.040924e-03 7.390526e-03 2.312059e-02 6.179489e-03 7.001958e-03 1.822667e-02 6.734855e-03 6.989104e-03 7.176224e-03 6.797608e-03 5.794434e-03 5.364471e-03 3.578151e-03 5.139467e-03 3.463561e-03 -9.999000e+03 -9.999000e+03 -9.999000e+03 -9.999000e+03 -9.999000e+03 -9.999000e+03 -9.999000e+03 -9.999000e+03 -9.999000e+03 -9.999000e+03 -9.999000e+03 -9.999000e+03
8.832181e-03 4.552393e-03 9.710939e-03 9.412592e-03 9.331254e-03 9.240549e-03 9.170912e-03 9.171895e-03 9.194611e-03 9.198871e-03 9.169116e-03 9.079529e-03 8.942836e-03 8.773128e-03 8.558121e-03 8.302873e-03 3.016390e-02 7.719470e-03 7.822758e-03 8.014112e-03 8.183086e-03 8.309056e-03 8.348779e-03 8.356729e-03 8.315530e-03 8.352149e-03 8.137386e-03 2.171522e-02 7.490767e-03 7.590170e-03 1.622176e-02 7.036466e-03 7.065766e-03 7.164440e-03 7.086978e-03 6.647938e-03 3.770188e-03 3.645824e-03 5.219437e-03 5.717309e-03 4.988420e-03 8.001143e-03 -9.999000e+03 -9.999000e+03 -9.999000e+03 -9.999000e+03 -9.999000e+03 -9.999000e+03 -9.999000e+03 -9.999000e+03 -9.999000e+03 -9.999000e+03
9.551914e-03 7.247835e-03 9.601287e-03 9.319080e-03 4.363076e-03 9.182810e-03 9.164908e-03 9.196978e-03 9.237072e-03 9.241706e-03 9.200530e-03 9.106793e-03 8.977276e-03 8.817879e-03 8.597093e-03 8.304327e-03 3.137154e-02 7.713786e-03 7.847457e-03 8.039689e-03 8.178340e-03 8.274207e-03 8.308047e-03 8.347356e-03 8.428179e-03 8.554929e-03 8.569512e-03 2.027334e-02 8.229023e-03 8.105020e-03 1.443822e-02 7.419830e-03 7.162267e-03 7.044524e-03 7.006258e-03 6.865818e-03 5.621549e-03 5.433002e-03 3.636990e-03 5.882398e-03 0.000000e+00 1.921248e-02 7.793404e-03 7.569130e-03 -9.999000e+03 -9.999000e+03 -9.999000e+03 -9.999000e+03 -9.999000e+03 -9.999000e+03 -9.999000e+03 -9.999000e+03
9.772863e-03 8.583199e-03 9.452984e-03 9.230864e-03 4.382686e-03 6.887176e-03 9.129103e-03 9.203225e-03 9.294905e-03 9.323584e-03 9.279464e-03 9.162627e-03 8.987982e-03 8.755407e-03 8.475442e-03 8.197514e-03 8.016835e-03 2.925346e-02 8.027066e-03 8.240748e-03 8.380175e-03 8.446372e-03 8.436645e-03 8.436686e-03 8.521784e-03 8.693951e-03 8.815551e-03 1.883562e-02 8.594513e-03 8.416432e-03 1.278133e-02 7.746521e-03 7.387030e-03 7.126095e-03 6.950525e-03 6.822417e-03 6.322170e-03 6.196865e-03 5.437543e-03 0.000000e+00 0.000000e+00 1.545282e-02 7.773381e-03 2.697623e-03 7.313407e-03 -9.999000e+03 -9.999000e+03 -9.999000e+03 -9.999000e+03 -9.999000e+03 -9.999000e+03 -9.999000e+03
9.639536e-03 9.023474e-03 9.264871e-03 9.153890e-03 6.917568e-03 4.389641e-03 8.197133e-03 9.219186e-03 9.313832e-03 9.332511e-03 9.267236e-03 9.115254e-03 8.894294e-03 8.614041e-03 8.341600e-03 8.160019e-03 8.101331e-03 8.163353e-03 2.266565e-02 8.544446e-03 8.655698e-03 8.668777e-03 8.602927e-03 8.557681e-03 8.620529e-03 8.805705e-03 8.947698e-03 1.737594e-02 8.775466e-03 8.627247e-03 1.121146e-02 8.069535e-03 7.708254e-03 7.391341e-03 3.911962e-03 3.817253e-03 6.651666e-03 6.614171e-03 0.000000e+00 0.000000e+00 5.395309e-03 1.125136e-02 6.231691e-03 3.989282e-03 2.800686e-03 7.212399e-03 -9.999000e+03 -9.999000e+03 -9.999000e+03 -9.999000e+03 -9.999000e+03 -9.999000e+03
9.195163e-03 8.911555e-03 9.024882e-03 9.060979e-03 8.196957e-03 6.952405e-03 4.436452e-03 8.902614e-03 9.264353e-03 9.196268e-03 9.059975e-03 8.850419e-03 8.614113e-03 8.404947e-03 8.290850e-03 8.281596e-03 8.346298e-03 8.480276e-03 1.920308e-02 8.881467e-03 8.906586e-03 8.835100e-03 8.718096e-03 8.660972e-03 8.727349e-03 8.901484e-03 8.993471e-03 1.587880e-02 8.868732e-03 8.807045e-03 9.745931e-03 8.422292e-03 8.092295e-03 4.163479e-03 4.047638e-03 3.943182e-03 7.029727e-03 0.000000e+00 0.000000e+00 5.168365e-03 6.042631e-03 8.858040e-03 5.218069e-03 4.311914e-03 4.004293e-03 2.998498e-03 2.837993e-03 -9.999000e+03 -9.999000e+03 -9.999000e+03 -9.999000e+03 -9.999000e+03
8.424486e-03 8.422022e-03 8.622105e-03 8.795860e-03 4.300952e-03 8.709564e-03 8.244062e-03 6.981521e-03 9.053556e-03 9.062352e-03 8.895719e-03 8.684320e-03 8.494427e-03 8.382415e-03 8.374255e-03 8.466482e-03 8.601525e-03 8.751179e-03 1.868300e-02 9.055396e-03 9.000623e-03 8.885937e-03 8.773172e-03 8.749126e-03 8.834682e-03 8.971693e-03 8.974208e-03 1.434806e-02 8.844630e-03 8.854352e-03 8.832966e-03 8.650948e-03 4.276796e-03 4.235574e-03 4.148329e-03 4.054862e-03 0.000000e+00 0.000000e+00 5.586302e-03 6.529283e-03 6.400215e-03 7.222133e-03 3.306381e-03 3.114828e-03 4.637596e-03 4.444525e-03 4.368335e-03 2.972752e-03 7.263699e-03 -9.999000e+03 -9.999000e+03 -9.999000e+03
7.367923e-03 7.605963e-03 7.852370e-03 8.134714e-03 8.412967e-03 6.598502e-03 8.744612e-03 8.653235e-03 8.126937e-03 8.990903e-03 8.945737e-03 8.831651e-03 8.729440e-03 8.661612e-03 8.647501e-03 8.701656e-03 8.788583e-03 8.864947e-03 8.887546e-03 2.232541e-02 8.859210e-03 8.795351e-03 8.774698e-03 8.830497e-03 8.936003e-03 9.008423e-03 8.899238e-03 1.275178e-02 8.669907e-03 8.689177e-03 8.730299e-03 4.268608e-03 4.246102e-03 4.235387e-03 0.000000e+00 0.000000e+00 0.000000e+00 4.329270e-03 7.104181e-03 7.081676e-03 6.758828e-03 3.779217e-03 3.654380e-03 4.836434e-03 5.159190e-03 4.939958e-03 4.766527e-03 3.114504e-03 2.982467e-03 7.646640e-03 -9.999000e+03 -9.999000e+03
5.990608e-02 4.614969e-02 6.888514e-03 7.273587e-03 7.861128e-03 8.227328e-03 7.717759e-03 8.730586e-03 8.824819e-03 8.701149e-03 9.075984e-03 9.089301e-03 9.077980e-03 9.052089e-03 9.018844e-03 8.989810e-03 8.956123e-03 8.900608e-03 8.795596e-03 2.339856e-02 8.550363e-03 8.545917e-03 8.638076e-03 8.783549e-03 8.899995e-03 8.895574e-03 8.686440e-03 1.112176e-02 8.409765e-03 8.431819e-03 8.531369e-03 4.251724e-03 4.248755e-03 0.000000e+00 0.000000e+00 6.757798e-03 4.428524e-03 6.500728e-03 7.679432e-03 7.424311e-03 3.966263e-03 3.904131e-03 3.822544e-03 5.834410e-03 5.649692e-03 5.331491e-03 3.282986e-03 3.298126e-03 3.309124e-03 8.024655e-03 2.915973e-03 7.671387e-03
1.558056e-02 1.329365e-02 3.439815e-02 6.889322e-03 7.288053e-03 7.876872e-03 8.321172e-03 8.359295e-03 8.898045e-03 9.074937e-03 9.136324e-03 9.356398e-03 9.424485e-03 9.439363e-03 9.397189e-03 9.271401e-03 9.065013e-03 8.815063e-03 8.524306e-03 8.207282e-03 2.866312e-02 7.908574e-03 8.111831e-03 8.356415e-03 8.616767e-03 8.530696e-03 8.260782e-03 9.405332e-03 8.099463e-03 8.175007e-03 8.347250e-03 4.260045e-03 0.000000e+00 0.000000e+00 5.974274e-03 8.071085e-03 6.627432e-03 7.551415e-03 7.958378e-03 4.117150e-03 4.053292e-03 3.976071e-03 3.893077e-03 3.781241e-03 6.113049e-03 5.869202e-03 3.601321e-03 5.078039e-03 5.024209e-03 7.098867e-03 3.296078e-03 8.025822e-03
4.096538e-03 6.271030e-03 7.220701e-03 2.978621e-02 2.822400e-02 2.308650e-02 2.099852e-02 8.491438e-03 8.608133e-03 8.870060e-03 9.014018e-03 9.124987e-03 9.231435e-03 9.230172e-03 1.543385e-02 8.923332e-03 8.626331e-03 8.320892e-03 7.989963e-03 7.656676e-03 3.956710e-03 2.996571e-02 1.321998e-02 8.013092e-03 8.037238e-03 7.823619e-03 7.780825e-03 7.706598e-03 7.852176e-03 8.018010e-03 8.249692e-03 0.000000e+00 0.000000e+00 4.259167e-03 7.759862e-03 8.399187e-03 7.654714e-03 8.014544e-03 8.121511e-03 4.164134e-03 4.113799e-03 4.033961e-03 3.953248e-03 3.856992e-03 6.470981e-03 6.269594e-03 5.400777e-03 5.972358e-03 5.894383e-03 6.595785e-03 5.031082e-03 7.168538e-03
7.626157e-03 8.229028e-03 8.411878e-03 8.076029e-03 7.827880e-03 8.023149e-03 8.231664e-03 2.420792e-02 2.631574e-02 2.848376e-02 3.002058e-02 3.079427e-02 3.302862e-02 3.704446e-02 4.150824e-02 4.524092e-02 4.391568e-02 7.390318e-03 7.403968e-03 7.369875e-03 7.388700e-03 6.128382e-03 2.539304e-02 7.832638e-03 7.571844e-03 7.230808e-03 7.117841e-03 7.460950e-03 7.753062e-03 8.017802e-03 0.000000e+00 0.000000e+00 4.320846e-03 4.283802e-03 8.392826e-03 8.470687e-03 8.098341e-03 8.196912e-03 8.200044e-03 4.179489e-03 4.146266e-03 4.075337e-03 4.003848e-03 3.917488e-03 3.811712e-03 3.705753e-03 6.051927e-03 6.238251e-03 6.248914e-03 6.529300e-03 6.014606e-03 6.762908e-03
6.822372e-03 8.120033e-03 8.588628e-03 2.486674e-02 2.602525e-02 2.276587e-02 2.193922e-02 2.320272e-02 2.460751e-02 2.620968e-02 2.759880e-02 2.853203e-02 2.998656e-02 3.256425e-02 3.614627e-02 4.094631e-02 4.525133e-02 4.560864e-02 4.426813e-02 6.655099e-03 6.902302e-03 7.286787e-03 2.882559e-02 7.457304e-03 7.091135e-03 6.784198e-03 6.756774e-03 7.132534e-03 7.768354e-03 0.000000e+00 0.000000e+00 4.316896e-03 4.335537e-03 4.299037e-03 8.600433e-03 8.527283e-03 8.310796e-03 8.309801e-03 4.215761e-03 4.216626e-03 4.190899e-03 4.122556e-03 4.049319e-03 3.972484e-03 3.881225e-03 3.769611e-03 3.668750e-03 6.289654e-03 6.346473e-03 6.537371e-03 6.462635e-03 6.664662e-03
8.573483e-03 2.085095e-02 2.081479e-02 8.663631e-03 8.860853e-03 9.188169e-03 9.453258e-03 9.602781e-03 9.679446e-03 9.700842e-03 9.677744e-03 9.529279e-03 9.372492e-03 9.143789e-03 8.867402e-03 8.579269e-03 1.464160e-02 2.017390e-02 1.781614e-02 4.844718e-02 4.718072e-02 3.657332e-02 3.691087e-02 4.368852e-02 6.545679e-03 6.510756e-03 6.636975e-03 7.137585e-03 0.000000e+00 0.000000e+00 4.353067e-03 6.783239e-03 4.343794e-03 4.305543e-03 8.684387e-03 8.601341e-03 8.457272e-03 8.443158e-03 4.268712e-03 4.272850e-03 4.251233e-03 4.183993e-03 4.096014e-03 4.014136e-03 3.954478e-03 3.880259e-03 3.770059e-03 6.369310e-03 6.342098e-03 6.418819e-03 6.434398e-03 6.499463e-03
2.564060e-02 8.231269e-03 8.487826e-03 8.694980e-03 8.919583e-03 9.197986e-03 9.451240e-03 9.635322e-03 9.768721e-03 9.859810e-03 9.905030e-03 9.899763e-03 9.849415e-03 9.764122e-03 9.651322e-03 9.427633e-03 9.233076e-03 1.503032e-02 1.513405e-02 2.059610e-02 2.535854e-02 1.027090e-02 2.114740e-02 6.249912e-02 6.879560e-02 5.942608e-03 6.448882e-03 3.989100e-03 0.000000e+00 5.941824e-03 6.659391e-03 8.013986e-03 4.364990e-03 6.780891e-03 8.755355e-03 8.675779e-03 8.572867e-03 8.581292e-03 4.309554e-03 4.312854e-03 4.289141e-03 4.229624e-03 4.140034e-03 4.041412e-03 3.991124e-03 3.955069e-03 3.869955e-03 3.764865e-03 6.438259e-03 6.398822e-03 6.367580e-03 6.391477e-03
7.869623e-03 8.110896e-03 8.327116e-03 8.456036e-03 8.595302e-03 8.822150e-03 9.061919e-03 9.258216e-03 9.427330e-03 9.575069e-03 9.691035e-03 9.773358e-03 9.831058e-03 9.876986e-03 9.902878e-03 9.897623e-03 1.631085e-02 9.806591e-03 9.552767e-03 9.114433e-03 8.797959e-03 0.000000e+00 0.000000e+00 0.000000e+00 8.595990e-02 7.837962e-02 5.922291e-03 0.000000e+00 0.000000e+00 7.147153e-03 7.459514e-03 8.496377e-03 4.392508e-03 8.117119e-03 8.854859e-03 8.736855e-03 8.658260e-03 4.319067e-03 4.341777e-03 4.347558e-03 4.314023e-03 4.252672e-03 4.170678e-03 4.063613e-03 4.003821e-03 3.990912e-03 3.952108e-03 3.883567e-03 6.701353e-03 6.594257e-03 6.502742e-03 6.454509e-03
7.752187e-03 7.951789e-03 8.088411e-03 8.150312e-03 8.231410e-03 8.409850e-03 8.608508e-03 8.767586e-03 8.927389e-03 9.114751e-03 9.303629e-03 9.454332e-03 9.583535e-03 9.717635e-03 9.828112e-03 1.404887e-02 9.975179e-03 1.003743e-02 1.003105e-02 9.901743e-03 9.674106e-03 9.601657e-03 9.419330e-03 0.000000e+00 0.000000e+00 0.000000e+00 1.606333e-02 0.000000e+00 3.989939e-03 6.788652e-03 7.352092e-03 8.301109e-03 6.814662e-03 8.669648e-03 8.904321e-03 8.795867e-03 8.748961e-03 4.341515e-03 4.362028e-03 4.380296e-03 4.353070e-03 4.283565e-03 4.197136e-03 4.086057e-03 4.016150e-03 4.000823e-03 3.982279e-03 5.920565e-03 6.968195e-03 6.831723e-03 6.700830e-03 6.625865e-03
7.558875e-03 7.680258e-03 7.766543e-03 7.812243e-03 7.881282e-03 8.020798e-03 8.156532e-03 8.245299e-03 8.360332e-03 8.578274e-03 8.811429e-03 8.999388e-03 9.186107e-03 9.360716e-03 1.416048e-02 9.648418e-03 9.769481e-03 9.902858e-03 1.003386e-02 1.012228e-02 1.009339e-02 1.007107e-02 9.846992e-03 9.445840e-03 8.893103e-03 0.000000e+00 0.000000e+00 0.000000e+00 1.646008e-02 3.333333e+18 1.080955e-02 7.674225e-03 7.643750e-03 8.577800e-03 8.807260e-03 8.847483e-03 8.869024e-03 4.372922e-03 4.379171e-03 4.400620e-03 4.389438e-03 4.325296e-03 4.230123e-03 4.107954e-03 4.027111e-03 3.996719e-03 3.975321e-03 6.837354e-03 7.152438e-03 7.022145e-03 6.874276e-03 6.849376e-03
7.329615e-03 7.397335e-03 7.462259e-03 7.535924e-03 7.628901e-03 7.745299e-03 7.828858e-03 7.812611e-03 7.885141e-03 8.066688e-03 8.274056e-03 8.512115e-03 8.691021e-03 1.665813e-02 9.064070e-03 9.170785e-03 9.256212e-03 9.453364e-03 9.739774e-03 9.812252e-03 9.910642e-03 9.971658e-03 9.939477e-03 9.557685e-03 9.260352e-03 4.940017e-03 0.000000e+00 0.000000e+00 0.000000e+00 0.000000e+00 1.222617e-02 6.768979e-03 7.444680e-03 8.336805e-03 8.676699e-03 8.850688e-03 8.950319e-03 4.398269e-03 4.411076e-03 4.423401e-03 4.417380e-03 4.371050e-03 4.286318e-03 4.166954e-03 4.080618e-03 4.034028e-03 3.999112e-03 7.222587e-03 7.275224e-03 7.197532e-03 7.100684e-03 7.151614e-03
7.117598e-03 7.123418e-03 7.164713e-03 7.279073e-03 7.415155e-03 7.523987e-03 7.440585e-03 7.433139e-03 7.456451e-03 7.556077e-03 7.847652e-03 7.988189e-03 2.087061e-02 8.403446e-03 8.474607e-03 8.404887e-03 8.534679e-03 8.987808e-03 9.020139e-03 9.209841e-03 9.353924e-03 9.513254e-03 9.565663e-03 9.343719e-03 9.074639e-03 0.000000e+00 0.000000e+00 7.042962e-03 8.069735e-03 0.000000e+00 0.000000e+00 0.000000e+00 7.327617e-03 8.234116e-03 8.651495e-03 8.794940e-03 8.942666e-03 4.408126e-03 4.443712e-03 4.449789e-03 4.442191e-03 4.411728e-03 4.350782e-03 4.254575e-03 4.173176e-03 4.112528e-03 4.057085e-03 7.421024e-03 7.358684e-03 7.363298e-03 7.415137e-03 7.548633e-03
