tests/data/reference/test_implicit_stream_rill_mfda/control/volrest_m3.asc
ncols	123
nrows	77
xllcorner	-713746.79929998
yllcorner	-1061022.36961616
cellsize	10.0
NODATA_value	-9999
[rows 46 to 68 of 77, columns 52 to 103 of 123]
4.428070e-33 4.988009e-36 5.720274e-36 3.757112e-36 1.934924e-36 1.401298e-45 1.401298e-45 1.401298e-45 1.401298e-45 5.025670e-38 7.286752e-44 1.900140e-08 3.174811e-34 2.662467e-44 0.000000e+00 0.000000e+00 2.382768e-41 0.000000e+00 0.000000e+00 0.000000e+00 0.000000e+00 0.000000e+00 0.000000e+00 0.000000e+00 4.477747e-37 -9.999000e+03 1.401298e-45 0.000000e+00 0.000000e+00 6.165713e-44 4.474486e-41 -9.999000e+03 -9.999000e+03 -9.999000e+03 1.639475e-32 3.529671e-34 8.646447e-35 0.000000e+00 0.000000e+00 0.000000e+00 0.000000e+00 0.000000e+00 0.000000e+00 0.000000e+00 0.000000e+00 0.000000e+00 0.000000e+00 9.376649e-41 3.709705e-35 7.998826e-35 1.360372e-35 3.657444e-35
3.764953e-38 2.998115e-37 6.169779e-37 1.595111e-37 0.000000e+00 0.000000e+00 0.000000e+00 0.000000e+00 4.106201e-39 1.401298e-45 7.002709e-09 1.311835e-33 0.000000e+00 0.000000e+00 0.000000e+00 3.805927e-42 0.000000e+00 0.000000e+00 0.000000e+00 0.000000e+00 0.000000e+00 0.000000e+00 0.000000e+00 2.459444e-38 0.000000e+00 -9.999000e+03 1.401298e-45 0.000000e+00 4.203895e-45 4.736389e-43 6.241103e-41 1.742582e-38 1.272621e-34 -9.999000e+03 -9.999000e+03 3.094829e-33 5.334745e-34 0.000000e+00 0.000000e+00 0.000000e+00 0.000000e+00 0.000000e+00 0.000000e+00 0.000000e+00 0.000000e+00 0.000000e+00 0.000000e+00 7.654144e-40 3.326275e-35 4.765507e-35 1.247014e-35 1.745208e-35
6.442694e-40 2.334139e-39 4.043109e-39 0.000000e+00 0.000000e+00 0.000000e+00 0.000000e+00 5.596772e-40 0.000000e+00 1.182695e-09 3.202670e-33 0.000000e+00 0.000000e+00 0.000000e+00 1.107026e-43 0.000000e+00 0.000000e+00 0.000000e+00 0.000000e+00 0.000000e+00 0.000000e+00 0.000000e+00 6.840113e-39 0.000000e+00 0.000000e+00 -9.999000e+03 5.630770e-34 8.852002e-41 2.403227e-42 2.431771e-40 5.618612e-38 2.757402e-35 6.293785e-33 0.000000e+00 -9.999000e+03 1.037819e-29 3.089771e-33 0.000000e+00 0.000000e+00 0.000000e+00 0.000000e+00 0.000000e+00 0.000000e+00 0.000000e+00 0.000000e+00 0.000000e+00 0.000000e+00 3.948397e-39 2.328060e-35 2.922901e-35 1.134115e-35 1.277716e-35
1.172747e-41 3.528610e-41 0.000000e+00 0.000000e+00 7.006492e-45 6.389921e-43 3.518941e-41 0.000000e+00 8.141979e-11 3.780900e-33 0.000000e+00 0.000000e+00 0.000000e+00 1.401298e-45 0.000000e+00 0.000000e+00 1.401298e-45 4.764415e-44 1.383082e-42 3.266427e-41 4.435768e-40 3.326360e-39 0.000000e+00 0.000000e+00 2.114794e-35 -9.999000e+03 3.475220e-42 0.000000e+00 4.203895e-45 8.155557e-43 9.572970e-41 1.625789e-38 3.762428e-35 3.463959e-30 -9.999000e+03 -9.999000e+03 9.679937e-33 0.000000e+00 0.000000e+00 0.000000e+00 0.000000e+00 0.000000e+00 0.000000e+00 0.000000e+00 0.000000e+00 0.000000e+00 0.000000e+00 1.776603e-38 1.531559e-35 1.734305e-35 1.102012e-35 1.480164e-35
1.359260e-43 4.399301e-21 3.967690e-19 2.246178e-17 9.627098e-16 2.977159e-14 7.773822e-13 1.572054e-11 2.965331e-33 0.000000e+00 0.000000e+00 1.401298e-45 1.121039e-43 5.306717e-42 1.552737e-40 2.538469e-39 4.676435e-38 9.473246e-37 3.873673e-36 1.098314e-35 2.817339e-35 5.861508e-35 7.092960e-35 4.604858e-35 2.059613e-27 -9.999000e+03 0.000000e+00 0.000000e+00 0.000000e+00 1.401298e-45 1.611493e-43 2.191631e-41 5.189660e-39 1.817841e-31 1.030725e-27 -9.999000e+03 1.725657e-29 0.000000e+00 0.000000e+00 0.000000e+00 0.000000e+00 0.000000e+00 0.000000e+00 0.000000e+00 0.000000e+00 0.000000e+00 0.000000e+00 1.315980e-37 9.955822e-36 1.144462e-35 1.101704e-35 1.842593e-35
3.291033e-23 2.657142e-35 2.200668e-32 3.244682e-30 8.910222e-28 2.107798e-24 6.502035e-22 6.452199e-34 5.304083e-35 1.672098e-34 3.473429e-34 5.682141e-34 6.372156e-34 6.229916e-34 5.486284e-34 4.301791e-34 1.396817e-31 1.492664e-30 9.570847e-30 5.101248e-29 2.791161e-28 1.806690e-27 5.697443e-27 6.396509e-27 1.761774e-37 -9.999000e+03 0.000000e+00 0.000000e+00 0.000000e+00 1.121039e-44 1.489580e-42 1.536496e-40 6.643593e-38 1.227053e-34 7.752440e-28 -9.999000e+03 -9.999000e+03 0.000000e+00 0.000000e+00 0.000000e+00 0.000000e+00 0.000000e+00 0.000000e+00 0.000000e+00 0.000000e+00 0.000000e+00 0.000000e+00 5.957738e-37 8.039006e-36 9.434541e-36 1.081256e-35 2.027527e-35
2.158519e-36 2.398632e-36 0.000000e+00 5.531895e-35 7.654864e-30 4.128147e-33 5.289268e-35 4.688656e-36 2.028780e-34 4.601427e-34 7.474457e-34 1.300415e-33 1.882610e-33 1.978313e-33 1.749734e-33 1.294830e-33 0.000000e+00 0.000000e+00 0.000000e+00 8.407791e-45 4.077779e-43 3.601757e-41 1.398839e-39 1.868711e-38 0.000000e+00 -9.999000e+03 0.000000e+00 0.000000e+00 0.000000e+00 1.401298e-45 1.073395e-42 1.697701e-40 8.411549e-38 6.932297e-35 2.621505e-32 1.712150e-24 -9.999000e+03 1.401298e-45 0.000000e+00 0.000000e+00 0.000000e+00 0.000000e+00 0.000000e+00 0.000000e+00 4.203895e-45 4.203895e-45 0.000000e+00 1.747256e-36 6.839891e-36 8.648618e-36 1.153703e-35 2.168486e-35
3.186387e-38 1.993280e-38 2.374735e-36 9.681947e-32 1.534998e-33 3.625313e-36 3.716550e-38 2.745322e-35 1.073900e-33 2.209091e-32 5.734244e-31 1.646314e-29 3.528587e-28 5.277506e-27 4.408844e-26 1.819053e-25 2.638397e-25 9.447249e-26 9.695223e-27 2.304631e-28 2.095094e-30 1.409381e-32 3.974452e-31 3.630211e-30 1.718957e-29 -9.999000e+03 1.185806e-33 4.926038e-38 7.006492e-45 8.407791e-45 1.583467e-43 9.095828e-41 2.374574e-38 1.769139e-35 5.270737e-33 2.864196e-22 -9.999000e+03 -9.999000e+03 0.000000e+00 0.000000e+00 0.000000e+00 0.000000e+00 0.000000e+00 0.000000e+00 1.835701e-43 1.317221e-43 0.000000e+00 3.151679e-36 6.387200e-36 8.357415e-36 1.339268e-35 2.292711e-35
1.055862e-39 1.014783e-35 1.106022e-33 2.232579e-34 1.507315e-38 7.351940e-40 2.036685e-36 3.184922e-34 2.626041e-37 3.033144e-34 2.925256e-34 4.246438e-34 8.281974e-34 2.160529e-33 3.602032e-33 4.138373e-33 3.648697e-33 2.063630e-33 6.495456e-34 1.844332e-34 1.026145e-34 2.576142e-34 0.000000e+00 0.000000e+00 0.000000e+00 -9.999000e+03 0.000000e+00 0.000000e+00 0.000000e+00 0.000000e+00 0.000000e+00 1.483975e-42 4.882057e-39 9.980367e-36 2.071480e-35 2.632518e-20 0.000000e+00 -9.999000e+03 0.000000e+00 0.000000e+00 0.000000e+00 0.000000e+00 0.000000e+00 5.605194e-45 4.301986e-42 2.952536e-42 2.802597e-45 5.866929e-36 7.595964e-36 9.020916e-36 1.532885e-35 2.428637e-35
2.560878e-36 3.752958e-40 3.452679e-35 1.540489e-40 1.373272e-41 8.698386e-39 4.993488e-35 3.996072e-39 3.050558e-34 0.000000e+00 5.787010e-34 3.520148e-32 3.431561e-30 9.764717e-28 2.184821e-25 1.777361e-23 7.023779e-22 1.729439e-20 2.766139e-19 3.296831e-18 6.648266e-17 4.339505e-15 1.209513e-13 5.937589e-13 -9.999000e+03 -9.999000e+03 1.226397e-26 2.226895e-37 0.000000e+00 0.000000e+00 8.407791e-45 2.466285e-43 5.470669e-42 1.965854e-39 3.572357e-36 4.210012e-28 3.043981e-18 -9.999000e+03 0.000000e+00 0.000000e+00 0.000000e+00 0.000000e+00 5.605194e-45 1.527415e-43 5.717578e-41 4.228558e-41 7.987401e-44 1.191881e-35 1.094273e-35 1.121524e-35 1.707056e-35 2.613645e-35
1.887269e-41 1.885712e-35 1.286392e-42 8.127531e-44 2.248467e-40 5.095553e-36 1.391363e-40 1.431546e-34 1.276908e-39 1.035714e-35 7.313587e-40 5.319175e-40 4.673186e-36 8.098918e-35 2.065309e-38 1.347828e-34 4.506365e-33 8.331891e-32 1.139489e-30 9.377725e-30 8.040217e-29 1.060469e-27 4.955132e-27 5.077034e-27 -9.999000e+03 1.331766e-33 2.162147e-40 0.000000e+00 0.000000e+00 1.401298e-45 4.484155e-44 9.024362e-43 1.356317e-41 1.538177e-40 7.380513e-37 4.645157e-32 3.497782e-20 -9.999000e+03 -9.999000e+03 0.000000e+00 0.000000e+00 0.000000e+00 1.163078e-43 2.478897e-42 5.384784e-40 4.769628e-40 1.975831e-42 2.397454e-35 2.020774e-35 1.893721e-35 2.387207e-35 3.496486e-35
1.767961e-35 1.821688e-44 0.000000e+00 2.704506e-42 7.848782e-38 3.410760e-42 5.756389e-35 6.179166e-41 5.404948e-41 5.057006e-41 3.919011e-41 2.554847e-41 3.303053e-35 5.587944e-40 7.757967e-40 2.986381e-35 7.076834e-34 2.014125e-32 2.521400e-34 9.007672e-35 2.304888e-27 4.849539e-25 2.017244e-23 2.649662e-22 -9.999000e+03 7.328416e-29 1.340856e-35 0.000000e+00 0.000000e+00 4.203895e-45 8.407791e-44 1.192505e-42 1.373693e-41 1.374015e-40 2.022821e-37 6.001124e-35 2.692664e-33 2.811497e-22 -9.999000e+03 0.000000e+00 0.000000e+00 1.401298e-45 1.462956e-42 2.977059e-41 4.057785e-39 3.991635e-39 3.177725e-41 4.465690e-35 4.245634e-35 4.186197e-35 5.097759e-35 6.924806e-35
0.000000e+00 0.000000e+00 5.465064e-44 1.794915e-39 5.605194e-44 1.805079e-35 2.499916e-42 2.159401e-42 1.820287e-42 1.719393e-42 1.307411e-42 3.963279e-35 1.943040e-41 2.705767e-41 1.994186e-35 3.368175e-40 2.481573e-40 4.546961e-36 1.057868e-39 4.455959e-36 1.863275e-34 3.707956e-33 3.823607e-32 3.656887e-31 -9.999000e+03 1.912274e-37 9.388700e-44 0.000000e+00 0.000000e+00 5.605194e-45 0.000000e+00 0.000000e+00 0.000000e+00 0.000000e+00 0.000000e+00 0.000000e+00 0.000000e+00 3.194538e-25 -9.999000e+03 -9.999000e+03 6.025583e-44 5.142765e-43 1.624946e-41 2.804180e-40 5.677964e-38 6.985495e-38 4.191620e-40 8.638609e-35 9.622301e-35 1.039273e-34 1.122894e-34 1.414563e-34
0.000000e+00 0.000000e+00 1.521123e-40 1.401298e-45 4.369319e-36 6.305843e-44 6.726233e-44 5.605194e-44 4.344025e-44 3.643376e-44 7.856835e-35 9.851128e-43 8.814167e-43 1.806479e-35 1.994188e-41 1.668666e-41 4.436734e-36 1.141484e-40 7.584248e-41 5.438579e-41 6.955257e-39 3.414264e-36 2.551156e-38 2.866381e-39 -9.999000e+03 1.401298e-45 0.000000e+00 0.000000e+00 0.000000e+00 0.000000e+00 1.401298e-45 0.000000e+00 0.000000e+00 0.000000e+00 0.000000e+00 0.000000e+00 0.000000e+00 0.000000e+00 2.852925e-25 -9.999000e+03 -9.999000e+03 6.100132e-41 5.220956e-39 2.421954e-39 1.456824e-36 1.902678e-36 4.841027e-39 1.870553e-34 2.130867e-34 2.238653e-34 2.059971e-34 2.423131e-34
0.000000e+00 4.379058e-42 0.000000e+00 8.357599e-37 1.401298e-45 1.401298e-45 1.401298e-45 1.401298e-45 0.000000e+00 1.889291e-34 2.942727e-44 2.662467e-44 3.040660e-35 7.581025e-43 6.095648e-43 5.503792e-36 8.731491e-42 6.203548e-42 4.282368e-42 1.303208e-43 0.000000e+00 0.000000e+00 1.401298e-45 0.000000e+00 -9.999000e+03 0.000000e+00 0.000000e+00 0.000000e+00 1.681558e-44 0.000000e+00 0.000000e+00 0.000000e+00 0.000000e+00 0.000000e+00 0.000000e+00 0.000000e+00 0.000000e+00 0.000000e+00 2.466285e-43 2.486734e-24 -9.999000e+03 -9.999000e+03 7.607165e-36 5.964942e-38 7.843427e-36 9.511669e-36 1.797337e-37 3.609726e-34 4.140364e-34 4.619484e-34 4.426275e-34 4.933850e-34
3.082857e-44 0.000000e+00 3.063432e-38 0.000000e+00 0.000000e+00 0.000000e+00 0.000000e+00 0.000000e+00 7.149249e-34 0.000000e+00 0.000000e+00 7.565257e-35 2.802597e-44 1.821688e-44 1.102569e-35 4.119817e-43 3.026805e-43 2.200039e-43 4.203895e-45 0.000000e+00 0.000000e+00 0.000000e+00 0.000000e+00 0.000000e+00 -9.999000e+03 0.000000e+00 0.000000e+00 0.000000e+00 0.000000e+00 0.000000e+00 0.000000e+00 0.000000e+00 0.000000e+00 0.000000e+00 0.000000e+00 0.000000e+00 2.382207e-44 4.203895e-45 0.000000e+00 4.536614e-39 3.698945e-23 -9.999000e+03 3.435007e-33 4.030193e-34 4.345316e-35 4.145653e-35 3.422836e-36 6.066849e-34 6.426281e-34 8.721781e-34 1.106112e-33 0.000000e+00
2.387813e-42 3.619316e-40 0.000000e+00 0.000000e+00 0.000000e+00 0.000000e+00 0.000000e+00 2.271872e-33 0.000000e+00 0.000000e+00 2.519112e-34 0.000000e+00 0.000000e+00 5.065827e-35 1.821688e-44 1.121039e-44 8.407791e-45 0.000000e+00 0.000000e+00 0.000000e+00 0.000000e+00 2.802597e-45 1.163078e-43 1.747419e-42 -9.999000e+03 0.000000e+00 0.000000e+00 0.000000e+00 0.000000e+00 0.000000e+00 0.000000e+00 1.401298e-45 3.363116e-44 5.240856e-43 4.988623e-42 6.726233e-44 0.000000e+00 0.000000e+00 0.000000e+00 0.000000e+00 6.792094e-42 -9.999000e+03 -9.999000e+03 6.866743e-32 2.698276e-34 1.777836e-34 2.026674e-35 1.176561e-33 1.231406e-33 1.970118e-33 0.000000e+00 1.275182e-43
8.987237e-36 8.020620e-35 6.275845e-34 2.056103e-33 3.149914e-33 3.237987e-33 3.095874e-33 0.000000e+00 0.000000e+00 9.971354e-34 0.000000e+00 0.000000e+00 2.948866e-34 0.000000e+00 0.000000e+00 0.000000e+00 0.000000e+00 0.000000e+00 0.000000e+00 0.000000e+00 2.802597e-45 1.107026e-43 2.902089e-42 3.784767e-41 -9.999000e+03 4.203895e-45 0.000000e+00 0.000000e+00 1.821688e-44 6.544064e-43 1.726960e-41 3.084987e-40 3.668392e-39 5.517742e-38 9.431453e-37 2.944450e-36 2.414338e-38 3.052311e-39 4.196857e-38 1.626529e-39 2.494592e-41 1.022612e-32 -9.999000e+03 -9.999000e+03 8.713815e-32 7.512488e-34 0.000000e+00 2.864901e-33 3.034004e-33 0.000000e+00 2.214052e-43 1.401298e-45
2.035947e-41 1.224595e-39 1.434265e-37 6.580129e-36 4.748726e-35 1.725201e-34 4.956172e-34 1.261736e-33 2.189936e-33 0.000000e+00 0.000000e+00 1.144469e-33 0.000000e+00 0.000000e+00 0.000000e+00 0.000000e+00 0.000000e+00 0.000000e+00 0.000000e+00 2.802597e-45 7.987401e-44 2.380806e-42 4.621763e-41 5.544644e-40 -9.999000e+03 5.044674e-44 0.000000e+00 0.000000e+00 1.121039e-44 4.231921e-43 1.162797e-41 2.627491e-40 3.970069e-39 1.282602e-37 2.273459e-36 7.102966e-36 1.547104e-35 1.726537e-37 0.000000e+00 0.000000e+00 0.000000e+00 1.401298e-45 1.341927e-34 -9.999000e+03 1.329639e-29 2.017841e-31 0.000000e+00 0.000000e+00 0.000000e+00 0.000000e+00 2.802597e-45 0.000000e+00
1.541428e-44 1.562448e-42 6.615810e-41 1.565745e-39 5.191097e-38 2.728685e-36 2.129238e-35 1.354909e-34 5.512619e-34 1.343972e-33 2.239601e-33 0.000000e+00 0.000000e+00 0.000000e+00 0.000000e+00 0.000000e+00 0.000000e+00 4.203895e-45 1.121039e-43 2.138381e-42 3.412022e-41 4.678445e-40 1.293313e-34 6.484733e-35 -9.999000e+03 2.080105e-36 1.432589e-40 4.203895e-45 6.445973e-44 1.404101e-42 3.178565e-41 6.137631e-40 9.687419e-39 1.148421e-36 8.775773e-36 3.334857e-35 7.766079e-35 1.311033e-34 2.447917e-36 3.132100e-36 1.803509e-36 1.444355e-34 7.162927e-32 -9.999000e+03 -9.999000e+03 2.660991e-29 0.000000e+00 0.000000e+00 0.000000e+00 1.177091e-43 1.401298e-45 0.000000e+00
0.000000e+00 0.000000e+00 7.006492e-45 4.456129e-43 1.926365e-41 8.037778e-40 4.106071e-38 3.587500e-36 3.851985e-35 4.167884e-34 2.290412e-33 3.596299e-33 3.191686e-33 1.401754e-33 3.025893e-34 4.248204e-35 7.000614e-36 1.578134e-36 3.562928e-37 3.205303e-37 9.411206e-37 2.815124e-36 0.000000e+00 -9.999000e+03 -9.999000e+03 0.000000e+00 0.000000e+00 0.000000e+00 1.401298e-45 4.344025e-44 1.430726e-42 4.117856e-41 1.034301e-39 3.270517e-38 2.525118e-36 1.908667e-35 7.452416e-35 1.515780e-34 2.144279e-34 2.501079e-36 1.008697e-36 1.445849e-37 1.684092e-32 4.458732e-30 -9.999000e+03 -9.999000e+03 0.000000e+00 0.000000e+00 0.000000e+00 0.000000e+00 0.000000e+00 0.000000e+00
-9.999000e+03 -9.999000e+03 -9.999000e+03 -9.999000e+03 -9.999000e+03 -9.999000e+03 -9.999000e+03 0.000000e+00 0.000000e+00 0.000000e+00 0.000000e+00 0.000000e+00 0.000000e+00 4.203895e-45 1.149065e-43 1.800669e-42 1.611353e-41 8.521436e-41 4.768927e-40 2.813863e-39 3.090240e-38 1.267738e-36 5.019280e-36 -9.999000e+03 7.258726e-43 0.000000e+00 0.000000e+00 0.000000e+00 1.401298e-45 3.503246e-44 7.707142e-43 1.828835e-41 4.193918e-40 8.671217e-39 1.605969e-36 1.874094e-35 1.073071e-34 2.576724e-34 3.678717e-34 3.739295e-34 4.566121e-36 1.777273e-36 2.704669e-37 4.100091e-33 4.069577e-30 -9.999000e+03 -9.999000e+03 0.000000e+00 0.000000e+00 0.000000e+00 0.000000e+00 0.000000e+00
-9.999000e+03 -9.999000e+03 -9.999000e+03 -9.999000e+03 -9.999000e+03 -9.999000e+03 -9.999000e+03 -9.999000e+03 -9.999000e+03 -9.999000e+03 0.000000e+00 0.000000e+00 0.000000e+00 0.000000e+00 0.000000e+00 0.000000e+00 2.242078e-44 4.582246e-43 7.293759e-42 1.236436e-40 1.786818e-39 3.957391e-38 1.240432e-36 -9.999000e+03 1.022948e-43 0.000000e+00 0.000000e+00 0.000000e+00 1.401298e-45 0.000000e+00 1.897358e-42 3.518801e-41 5.834446e-40 1.149239e-38 2.268970e-36 3.236291e-35 2.443201e-34 8.160275e-34 1.398186e-33 1.359030e-33 9.967765e-34 1.247381e-35 4.653249e-36 8.272788e-36 1.280699e-32 3.449238e-29 -9.999000e+03 -9.999000e+03 0.000000e+00 0.000000e+00 -9.999000e+03 -9.999000e+03
