tests/data/reference/test_implicit_stream_rill_mfda/control/volrest_m3.asc
ncols	123
nrows	77
xllcorner	-713746.79929998
yllcorner	-1061022.36961616
cellsize	10.0
NODATA_value	-9999
[rows 23 to 45 of 77, columns 0 to 51 of 123]
-9.999000e+03 -9.999000e+03 -9.999000e+03 -9.999000e+03 -9.999000e+03 -9.999000e+03 -9.999000e+03 -9.999000e+03 -9.999000e+03 -9.999000e+03 -9.999000e+03 -9.999000e+03 -9.999000e+03 -9.999000e+03 6.249378e-31 6.000136e-22 1.082476e-19 4.889324e-27 6.933515e-32 1.905510e-25 3.493683e-30 1.749117e-03 1.982371e-27 3.230086e-05 9.640651e-16 3.789696e-16 3.203403e-13 5.845020e-20 9.467972e-30 2.823340e-21 1.727233e-38 5.359659e-36 7.944374e-34 6.875243e-27 4.810787e-22 1.349081e-23 4.578688e-16 7.788624e-39 3.751508e-22 1.657761e-24 6.323761e-25 1.490683e-25 2.153985e-24 1.340196e-25 1.235093e-25 7.725758e-27 2.941921e-26 5.227456e-24 8.129765e-29 8.669702e-33 1.148951e-34 2.809187e-39
-9.999000e+03 -9.999000e+03 -9.999000e+03 -9.999000e+03 -9.999000e+03 -9.999000e+03 -9.999000e+03 -9.999000e+03 -9.999000e+03 -9.999000e+03 -9.999000e+03 -9.999000e+03 -9.999000e+03 -9.999000e+03 4.313462e-22 5.346770e-07 1.117534e-14 2.162123e-29 1.309782e-31 4.936061e-34 2.036613e-03 3.462972e-03 4.421005e-36 9.259843e-30 1.701792e-09 1.285446e-14 1.953883e-12 8.786044e-19 3.782158e-26 1.119591e-36 1.706894e-21 5.476455e-36 9.149800e-34 8.002053e-32 1.202408e-20 1.021258e-23 5.086232e-15 6.754565e-39 1.107400e-21 2.288148e-24 1.734602e-24 6.942490e-25 2.369548e-24 4.984828e-25 4.365438e-25 5.205424e-26 1.327491e-25 4.728560e-24 9.153783e-28 3.191229e-31 2.718809e-39 5.301031e-33
-9.999000e+03 -9.999000e+03 -9.999000e+03 -9.999000e+03 -9.999000e+03 -9.999000e+03 -9.999000e+03 -9.999000e+03 -9.999000e+03 -9.999000e+03 -9.999000e+03 -9.999000e+03 -9.999000e+03 -9.999000e+03 3.513502e-04 1.239841e-24 1.198613e-32 1.281075e-32 1.894127e-32 2.698981e-31 1.688484e-03 4.062819e-05 9.688829e-05 3.896455e-32 5.747315e-30 6.867811e-17 3.783557e-11 4.447876e-18 2.205561e-24 8.737762e-37 1.811237e-33 3.011810e-20 1.162681e-31 1.294600e-31 4.549454e-30 7.007156e-19 1.029586e-38 1.964481e-14 3.558377e-36 1.301965e-20 2.845528e-24 2.049079e-24 3.019669e-24 1.549966e-24 1.381934e-24 2.762038e-25 4.639637e-25 4.094247e-24 6.488760e-27 4.422371e-30 9.318542e-37 1.790431e-39
-9.999000e+03 -9.999000e+03 -9.999000e+03 -9.999000e+03 -9.999000e+03 -9.999000e+03 -9.999000e+03 -9.999000e+03 -9.999000e+03 -9.999000e+03 -9.999000e+03 -9.999000e+03 9.450652e-34 7.102297e-32 2.145996e-16 6.538549e-28 8.556434e-33 1.661201e-27 3.420089e-30 1.831887e-03 3.419332e-05 3.227714e-05 2.654763e-09 1.154758e-08 2.546987e-29 5.531214e-28 1.038190e-09 1.832785e-16 2.816097e-23 3.178412e-33 1.124985e-36 1.929403e-30 1.376295e-19 1.400779e-28 1.373624e-27 1.137713e-28 1.192442e-20 4.025149e-36 4.532027e-14 3.725319e-34 1.719042e-22 3.744716e-24 4.640147e-24 2.797268e-24 2.520544e-24 1.065630e-24 1.194167e-24 3.472557e-24 3.274876e-26 4.138617e-29 4.326776e-35 1.442247e-39
-9.999000e+03 -9.999000e+03 -9.999000e+03 -9.999000e+03 -9.999000e+03 -9.999000e+03 -9.999000e+03 -9.999000e+03 -9.999000e+03 -9.999000e+03 -9.999000e+03 -9.999000e+03 -9.999000e+03 1.603275e-33 2.507280e-27 1.001065e-27 1.960300e-29 2.479300e-29 2.527760e-03 4.990654e-05 1.199574e-09 3.333052e-17 1.646856e-09 6.181704e-15 2.510967e-13 5.983862e-12 1.138115e-10 7.859131e-08 9.988507e-15 3.621256e-22 3.628118e-30 4.475287e-33 1.185050e-27 4.299044e-19 1.069268e-25 2.550359e-25 1.424890e-25 8.944922e-20 4.213913e-34 8.537057e-14 9.824211e-23 6.413938e-24 7.509850e-24 5.156975e-24 4.217409e-24 2.118455e-24 1.831445e-24 2.864729e-24 1.123024e-25 3.550005e-28 2.117232e-33 5.147492e-37
-9.999000e+03 -9.999000e+03 -9.999000e+03 -9.999000e+03 -9.999000e+03 -9.999000e+03 -9.999000e+03 -9.999000e+03 -9.999000e+03 -9.999000e+03 -9.999000e+03 -9.999000e+03 -9.999000e+03 -9.999000e+03 -9.999000e+03 4.846039e-31 4.604020e-26 2.440481e-03 4.261722e-03 1.112158e-04 1.285497e-08 1.860911e-15 3.000421e-19 7.414290e-18 7.635553e-16 1.400800e-14 6.192671e-14 8.946558e-09 3.876287e-05 3.405776e-14 6.464380e-21 6.214488e-27 1.758850e-29 1.503741e-24 9.943404e-19 2.923821e-24 4.555851e-24 5.772418e-24 3.961002e-13 2.794687e-30 1.869950e-15 9.982309e-24 1.023625e-23 7.631974e-24 5.405102e-24 2.777794e-24 2.238686e-24 2.683188e-24 3.126289e-25 2.516564e-27 6.509629e-32 2.945940e-35
-9.999000e+03 -9.999000e+03 -9.999000e+03 -9.999000e+03 -9.999000e+03 -9.999000e+03 -9.999000e+03 -9.999000e+03 -9.999000e+03 -9.999000e+03 -9.999000e+03 -9.999000e+03 -9.999000e+03 -9.999000e+03 -9.999000e+03 -9.999000e+03 5.733074e-29 3.076352e-03 5.890455e-05 4.154370e-09 2.603854e-16 1.237890e-20 5.308532e-19 2.981184e-18 1.165441e-17 1.486970e-17 1.252908e-17 1.417605e-17 1.051578e-17 9.457497e-07 5.544507e-08 2.048127e-07 3.971953e-24 5.143820e-26 2.633203e-23 1.672104e-18 6.424177e-18 4.982654e-16 8.027755e-23 1.941852e-11 5.852740e-28 9.247933e-16 1.086989e-23 8.178499e-24 5.586724e-24 3.237347e-24 2.480014e-24 2.657503e-24 7.406814e-25 1.445882e-26 1.429122e-30 1.965886e-33
-9.999000e+03 -9.999000e+03 -9.999000e+03 -9.999000e+03 -9.999000e+03 -9.999000e+03 -9.999000e+03 -9.999000e+03 -9.999000e+03 -9.999000e+03 -9.999000e+03 -9.999000e+03 -9.999000e+03 -9.999000e+03 -9.999000e+03 -9.999000e+03 2.207641e-03 3.670886e-05 5.836175e-10 7.867318e-18 2.053327e-22 1.041312e-03 2.216724e-02 7.652739e-02 1.220452e-01 1.605446e-01 2.048720e-01 2.641909e-01 3.156573e-01 3.488662e-01 3.939647e-01 4.581974e-01 1.623846e-01 8.138974e-01 8.943328e-01 1.937346e-01 1.624357e-01 1.447009e-01 1.452101e-01 1.517945e-01 1.758632e-01 1.944192e-01 1.098648e-17 1.508562e-22 8.414140e-23 5.022883e-24 3.633088e-24 3.443106e-24 1.776781e-24 8.107542e-26 1.777139e-29 1.169816e-31
-9.999000e+03 -9.999000e+03 -9.999000e+03 -9.999000e+03 -9.999000e+03 -9.999000e+03 -9.999000e+03 -9.999000e+03 -9.999000e+03 -9.999000e+03 -9.999000e+03 -9.999000e+03 -9.999000e+03 -9.999000e+03 -9.999000e+03 2.202309e-03 3.662196e-05 4.352940e-10 1.516034e-13 1.107945e-10 1.721032e-05 6.721547e-22 1.132818e-18 1.200872e-15 8.024215e-14 3.067610e-12 7.002885e-11 1.517697e-09 2.309518e-08 2.129825e-07 2.086471e-06 3.230414e-05 7.875516e-04 3.460382e-02 1.198572e-01 1.751536e-01 2.157928e-01 7.957585e-03 1.235945e-03 2.220585e-04 1.071402e-04 4.823313e-05 1.702202e-01 2.506294e-01 2.823524e-01 1.165056e-21 2.055037e-21 6.331144e-24 3.394569e-24 5.657497e-25 5.163093e-28 5.001312e-30
-9.999000e+03 -9.999000e+03 -9.999000e+03 -9.999000e+03 -9.999000e+03 -9.999000e+03 -9.999000e+03 -9.999000e+03 -9.999000e+03 -9.999000e+03 -9.999000e+03 -9.999000e+03 -9.999000e+03 -9.999000e+03 2.613520e-03 4.719384e-03 1.215224e-04 1.035930e-08 6.110345e-24 4.394867e-08 3.241920e-23 5.517282e-23 9.871588e-23 6.537487e-22 2.661220e-19 6.643422e-23 1.606985e-22 2.660269e-24 2.489679e-24 4.108258e-23 2.661859e-22 8.871842e-16 3.296331e-13 3.395193e-11 1.923023e-09 4.258450e-08 3.599149e-30 5.273305e-29 5.165115e-24 4.891713e-25 2.056822e-26 1.510851e-26 7.231983e-23 8.040234e-21 1.773760e-18 2.260622e-01 2.831911e-01 3.160333e-01 2.118306e-22 1.477508e-21 4.192426e-26 6.946341e-28
-9.999000e+03 -9.999000e+03 -9.999000e+03 -9.999000e+03 -9.999000e+03 -9.999000e+03 -9.999000e+03 -9.999000e+03 -9.999000e+03 -9.999000e+03 -9.999000e+03 -9.999000e+03 -9.999000e+03 -9.999000e+03 2.305920e-03 3.834529e-05 5.721067e-23 3.383766e-24 2.590826e-08 2.063972e-26 2.070597e-25 1.726928e-24 8.631723e-23 2.807298e-24 1.270466e-24 1.000852e-23 2.818208e-24 1.933015e-24 4.166049e-23 6.524438e-22 2.074542e-20 4.910487e-27 3.270138e-25 1.907339e-24 3.686550e-21 2.399693e-35 4.002898e-33 3.229327e-26 9.036431e-28 3.046982e-29 1.282218e-29 3.714060e-25 2.348682e-28 1.952476e-28 1.295153e-27 2.599312e-24 1.020722e-22 5.706032e-21 2.668409e-01 3.043621e-01 4.079012e-01 2.257866e-22
-9.999000e+03 -9.999000e+03 -9.999000e+03 -9.999000e+03 -9.999000e+03 -9.999000e+03 -9.999000e+03 -9.999000e+03 -9.999000e+03 -9.999000e+03 -9.999000e+03 -9.999000e+03 -9.999000e+03 5.224752e-03 4.281168e-04 5.288676e-23 4.905439e-24 1.318255e-08 3.428464e-28 7.986846e-27 3.111159e-25 1.599668e-24 2.533578e-24 4.846832e-25 2.220530e-23 2.739190e-24 2.373966e-24 1.534439e-24 9.770373e-25 1.471286e-26 1.412001e-28 2.064982e-26 3.088224e-25 2.830716e-22 2.825932e-38 1.003909e-35 4.000732e-27 6.569746e-29 3.260861e-30 1.855533e-30 1.659221e-27 4.669782e-31 2.746908e-31 4.077705e-30 3.868016e-30 1.662102e-31 8.041621e-31 9.470565e-31 2.213786e-30 6.036622e-26 6.287361e-23 3.345903e-01
-9.999000e+03 -9.999000e+03 -9.999000e+03 -9.999000e+03 -9.999000e+03 -9.999000e+03 -9.999000e+03 -9.999000e+03 -9.999000e+03 -9.999000e+03 -9.999000e+03 -9.999000e+03 2.716427e-03 8.593120e-03 2.985420e-16 1.412191e-23 9.447160e-09 6.370547e-30 1.972339e-28 2.070526e-26 2.861252e-25 1.505351e-24 9.434754e-26 9.627051e-23 2.661070e-24 2.544201e-24 2.209280e-24 1.599513e-24 3.011319e-27 5.846355e-30 2.057632e-27 7.897389e-26 2.514663e-23 1.909986e-33 2.286465e-38 6.027731e-28 4.477484e-30 1.238069e-31 7.168225e-32 4.690635e-28 2.058695e-32 1.265815e-32 9.504959e-33 8.628788e-33 1.190615e-34 3.103517e-33 2.383476e-33 1.965910e-33 9.337838e-33 3.170844e-32 2.225299e-23 6.828140e-22
-9.999000e+03 -9.999000e+03 -9.999000e+03 -9.999000e+03 -9.999000e+03 -9.999000e+03 -9.999000e+03 -9.999000e+03 -9.999000e+03 -9.999000e+03 -9.999000e+03 -9.999000e+03 5.924884e-03 7.651822e-09 4.670063e-23 5.624944e-09 1.452138e-31 5.030443e-30 1.457408e-27 3.945780e-26 3.466979e-25 4.951556e-27 4.506413e-22 2.256643e-24 2.424300e-24 2.544576e-24 2.491733e-24 6.881093e-28 5.895792e-31 3.395037e-28 4.003947e-26 2.629769e-24 2.020567e-38 1.000904e-35 8.378128e-29 2.778996e-31 2.841691e-33 2.303245e-33 1.425901e-28 8.816341e-34 5.032689e-34 2.839524e-34 2.090493e-34 2.527258e-36 2.339078e-36 1.879959e-36 1.431888e-36 1.488972e-35 1.694635e-35 1.065077e-24 6.339052e-32 1.893488e-31
-9.999000e+03 -9.999000e+03 -9.999000e+03 -9.999000e+03 -9.999000e+03 -9.999000e+03 -9.999000e+03 -9.999000e+03 -9.999000e+03 -9.999000e+03 -9.999000e+03 3.489785e-03 2.068458e-04 1.891565e-22 4.611505e-09 5.659345e-34 1.272160e-31 1.276536e-28 9.172145e-27 1.553120e-25 1.234203e-28 1.424343e-21 1.306350e-24 1.794903e-24 2.352171e-24 2.743053e-24 8.918351e-29 1.751378e-32 4.266844e-29 2.131722e-26 3.952105e-29 9.394424e-27 4.258087e-38 1.069530e-29 5.280866e-33 2.847032e-35 2.862021e-35 2.817540e-29 2.065818e-35 1.501339e-35 7.773383e-36 4.350038e-36 5.705642e-39 6.134156e-39 5.658519e-39 4.794072e-39 4.121666e-39 3.592760e-39 1.874011e-27 6.390884e-35 9.473421e-35 1.142767e-34
-9.999000e+03 -9.999000e+03 -9.999000e+03 -9.999000e+03 -9.999000e+03 -9.999000e+03 -9.999000e+03 -9.999000e+03 -9.999000e+03 -9.999000e+03 3.871902e-03 8.029477e-03 3.522218e-17 4.503455e-09 1.983433e-36 1.157346e-33 1.267453e-29 3.493373e-27 1.731130e-25 4.219270e-30 3.202590e-21 8.622386e-25 1.327775e-24 2.078251e-24 2.639674e-24 4.215662e-30 1.178868e-34 3.319950e-30 3.862672e-27 4.343791e-30 4.313561e-30 3.911061e-30 3.084615e-30 4.298547e-35 5.880715e-38 9.362639e-38 3.141241e-30 1.334874e-37 1.249060e-37 1.008998e-37 4.340892e-38 1.229379e-38 4.051821e-36 4.721643e-34 3.420050e-32 1.184502e-30 1.324542e-29 2.047693e-28 5.536432e-39 8.209225e-39 8.290639e-39 1.597678e-37
-9.999000e+03 -9.999000e+03 -9.999000e+03 -9.999000e+03 -9.999000e+03 -9.999000e+03 -9.999000e+03 -9.999000e+03 -9.999000e+03 -9.999000e+03 4.608031e-03 2.794984e-09 1.848324e-09 1.777853e-32 4.751276e-36 2.740489e-30 2.092081e-27 4.628307e-25 1.103860e-31 5.369632e-21 1.187415e-24 1.415747e-24 2.163514e-24 2.453264e-24 8.129031e-32 1.964031e-37 5.083826e-32 2.248758e-28 8.300564e-32 1.659821e-31 2.080290e-31 1.944838e-31 3.184384e-37 9.559028e-38 4.759269e-35 3.002431e-32 2.466911e-37 2.937405e-34 8.585071e-32 4.156447e-30 5.154194e-38 1.402955e-38 4.438358e-36 6.405883e-34 5.564761e-32 2.291925e-30 2.632271e-29 3.556090e-28 4.532279e-27 5.570357e-26 4.243656e-25 1.468894e-24
-9.999000e+03 -9.999000e+03 -9.999000e+03 -9.999000e+03 -9.999000e+03 -9.999000e+03 -9.999000e+03 -9.999000e+03 -9.999000e+03 4.518850e-03 1.332384e-04 5.893163e-10 1.624096e-29 5.723633e-36 3.381295e-32 5.315538e-28 1.276907e-24 1.279475e-33 3.953233e-21 2.515871e-24 2.259616e-24 2.965172e-24 2.283916e-24 2.635651e-34 2.615944e-37 2.273825e-34 5.569207e-30 3.081520e-34 5.400292e-34 1.380663e-33 1.797598e-33 7.148293e-37 3.130117e-34 2.340770e-32 1.252870e-30 4.034029e-29 1.913796e-27 5.524721e-26 1.346306e-37 5.776892e-38 1.282462e-29 5.371570e-36 6.392340e-34 6.862005e-32 3.545460e-30 7.154223e-29 1.142354e-27 9.096830e-27 5.465201e-26 2.997232e-25 1.317579e-24 2.609056e-24
-9.999000e+03 -9.999000e+03 -9.999000e+03 -9.999000e+03 -9.999000e+03 -9.999000e+03 -9.999000e+03 -9.999000e+03 -9.999000e+03 3.596922e-03 7.245343e-09 1.525102e-25 6.302239e-32 8.555739e-36 7.694112e-30 6.773658e-25 3.631818e-36 1.895928e-21 5.779679e-24 4.907630e-24 8.027549e-24 2.370756e-24 3.256985e-37 2.384661e-37 2.090927e-34 1.059697e-31 3.859575e-37 4.672938e-37 7.677321e-37 2.315842e-36 2.174497e-36 6.397484e-34 5.275861e-32 1.503417e-30 1.762626e-29 3.650177e-28 6.922757e-27 9.180752e-38 2.273497e-25 1.647289e-35 7.872057e-36 6.107382e-29 4.304246e-28 4.482570e-27 3.947386e-26 2.358579e-25 9.021144e-25 1.844577e-24 2.566283e-24 3.406344e-24 7.849638e-05 1.846319e-05
-9.999000e+03 -9.999000e+03 -9.999000e+03 -9.999000e+03 -9.999000e+03 -9.999000e+03 -9.999000e+03 -9.999000e+03 6.708890e-03 2.047982e-04 2.361415e-12 8.548921e-28 1.099467e-35 4.040453e-32 4.155714e-26 7.676043e-25 3.104214e-22 1.114447e-23 1.127589e-23 3.971773e-23 2.543564e-24 4.168066e-34 9.747712e-32 4.522848e-30 1.644625e-28 5.375918e-15 7.594580e-14 6.030367e-13 5.636920e-12 8.554736e-11 6.482069e-10 1.749458e-09 3.766216e-09 7.207859e-09 1.410621e-08 2.874621e-08 5.215507e-08 6.875429e-08 1.671096e-08 5.203024e-10 1.093510e-12 3.087324e-17 1.969051e-18 1.710042e-17 3.099899e-16 3.141516e-15 1.888167e-14 5.851226e-14 1.633161e-13 3.195904e-04 3.467441e-23 3.448891e-23
-9.999000e+03 -9.999000e+03 -9.999000e+03 -9.999000e+03 -9.999000e+03 -9.999000e+03 -9.999000e+03 3.953255e-03 7.657457e-03 5.499641e-13 7.968135e-33 4.312114e-30 8.175874e-36 1.161434e-27 3.784883e-26 3.204518e-24 7.162754e-24 1.565113e-23 3.139061e-22 2.682729e-24 5.382666e-37 3.978237e-37 2.913937e-34 2.446504e-18 5.278865e-17 2.655390e-28 8.854712e-32 7.155277e-30 6.675891e-28 5.973046e-26 9.186577e-25 1.671791e-24 1.665742e-24 1.308408e-24 1.027131e-24 1.166058e-24 1.788136e-24 2.875955e-24 4.357517e-24 4.557307e-24 4.774237e-24 5.480358e-24 6.771414e-24 8.228338e-24 8.991091e-24 8.699314e-24 9.187394e-24 1.120596e-23 6.750221e-04 3.586572e-23 3.546816e-23 3.439274e-23
-9.999000e+03 -9.999000e+03 -9.999000e+03 -9.999000e+03 -9.999000e+03 -9.999000e+03 -9.999000e+03 4.871310e-03 6.730193e-34 1.542054e-13 4.012496e-36 1.040418e-32 5.011193e-30 6.730284e-28 5.422428e-25 2.458575e-24 6.657239e-24 1.850469e-21 2.080534e-24 1.870744e-24 7.841632e-23 1.994694e-21 2.806241e-19 5.382478e-30 5.052321e-30 1.617545e-34 1.956912e-37 1.778141e-34 8.275025e-32 1.073910e-29 5.883399e-28 5.368855e-27 2.847140e-26 1.070725e-25 3.392160e-25 1.121061e-24 1.345810e-06 5.499355e-06 1.995446e-05 5.603524e-05 1.642589e-04 5.574321e-04 9.591075e-06 7.001068e-06 2.895992e-05 1.297222e-01 2.685467e-03 1.535468e-03 2.376148e-23 3.132104e-23 3.386974e-23 3.675737e-23
-9.999000e+03 -9.999000e+03 -9.999000e+03 -9.999000e+03 -9.999000e+03 -9.999000e+03 -9.999000e+03 1.275454e-32 5.136728e-14 2.447392e-27 6.412276e-36 1.418518e-32 3.928502e-30 1.297216e-26 1.845228e-25 2.385819e-24 1.466606e-20 2.202213e-25 9.955438e-25 1.159287e-24 9.886484e-25 9.586946e-25 7.055428e-32 9.268420e-32 2.772228e-37 1.708544e-37 1.254847e-34 4.456644e-32 4.614065e-30 2.947285e-28 8.566723e-27 7.744317e-26 4.010136e-25 2.303375e-08 8.945717e-08 3.301262e-07 1.017403e-23 7.273865e-24 5.000071e-24 3.526159e-24 2.695897e-24 3.049289e-24 2.814685e-24 7.910356e-23 1.368244e-21 1.582221e-19 6.122914e-24 9.247596e-24 1.416387e-23 2.197350e-23 3.490866e-23 3.680906e-23
