tests/data/reference/test_implicit_stream_rill_mfda/control/volrest_m3.asc
ncols	123
nrows	77
xllcorner	-713746.79929998
yllcorner	-1061022.36961616
cellsize	10.0
NODATA_value	-9999
[rows 46 to 68 of 77, columns 52 to 103 of 123]
3.208171e-23 4.594164e-25 5.276149e-25 3.230395e-25 1.647885e-25 2.334856e-33 2.276107e-33 2.061838e-33 1.989675e-33 2.217298e-26 1.354044e-31 3.065270e-07 6.734488e-24 4.698166e-32 5.270519e-34 4.699736e-34 2.199473e-29 1.435431e-34 8.163322e-35 6.931404e-35 5.067265e-35 3.219185e-35 2.814668e-35 4.437451e-35 6.976159e-26 -9.999000e+03 1.782576e-33 9.954954e-38 1.787501e-34 1.230253e-31 4.756525e-29 -9.999000e+03 -9.999000e+03 -9.999000e+03 6.221210e-23 7.124172e-24 3.509021e-24 3.658516e-39 2.652214e-39 2.543215e-39 2.634763e-39 2.897552e-39 3.690083e-39 4.989933e-39 6.535756e-39 8.663493e-39 1.092337e-38 8.767348e-29 2.298441e-24 3.428410e-24 1.232039e-24 2.299336e-24
2.005436e-26 5.789768e-26 8.157519e-26 4.124637e-26 1.946315e-35 2.003591e-35 1.832597e-35 1.363744e-35 4.028808e-27 2.703714e-33 1.150201e-07 1.380681e-23 1.143205e-33 5.776537e-36 6.316001e-36 4.575962e-30 5.080470e-36 3.281360e-36 2.203461e-36 1.868886e-36 1.297987e-36 7.243394e-37 5.743376e-37 1.629003e-26 1.981205e-39 -9.999000e+03 2.413425e-33 8.845128e-35 7.960813e-33 9.541273e-31 6.694126e-29 1.380216e-26 3.939885e-24 -9.999000e+03 -9.999000e+03 2.162794e-23 8.700499e-24 5.093082e-39 2.938345e-39 2.611615e-39 2.702536e-39 3.158719e-39 3.735609e-39 4.418274e-39 4.980641e-39 5.577344e-39 7.041561e-39 7.122361e-28 2.172773e-24 2.594286e-24 1.164571e-24 1.532735e-24
6.466473e-28 2.335069e-27 4.007096e-27 7.191173e-38 5.188190e-38 5.507176e-38 5.079323e-38 5.486324e-28 1.899539e-35 3.146134e-08 2.192205e-23 8.465766e-36 1.730312e-38 2.000900e-38 1.965970e-31 2.294973e-38 1.803309e-38 9.480228e-39 6.607620e-39 5.900576e-39 4.665043e-39 2.808463e-39 6.543845e-27 6.134862e-37 3.430352e-35 -9.999000e+03 2.096226e-25 1.179262e-30 4.043186e-30 3.728172e-28 3.013211e-26 1.925392e-24 4.213782e-23 1.443201e-35 -9.999000e+03 1.640984e-21 2.164599e-23 7.883934e-39 3.959747e-39 2.787124e-39 2.753902e-39 3.352088e-39 3.779742e-39 4.028575e-39 4.086603e-39 4.274943e-39 4.926025e-39 3.842066e-27 1.835664e-24 2.055111e-24 1.095234e-24 1.217674e-24
1.094434e-29 3.443514e-29 1.128316e-37 5.519797e-35 1.124454e-32 1.219882e-30 3.413329e-29 6.834651e-38 7.586235e-09 2.597061e-23 3.037557e-38 2.086947e-38 8.338580e-36 2.060546e-33 2.281712e-38 1.068378e-35 1.827418e-33 8.607953e-32 2.584250e-30 3.139153e-29 4.217832e-28 3.171865e-27 3.318397e-39 1.719983e-39 1.757796e-24 -9.999000e+03 3.483195e-30 3.208677e-36 7.957749e-33 1.636513e-30 1.029569e-28 1.338858e-26 2.046103e-24 9.843467e-22 -9.999000e+03 -9.999000e+03 5.285112e-23 1.155528e-38 5.405586e-39 3.403534e-39 2.880195e-39 3.369513e-39 3.663692e-39 3.697392e-39 3.394915e-39 3.243706e-39 3.766058e-39 1.361185e-26 1.370252e-24 1.519878e-24 1.077893e-24 1.351800e-24
2.518452e-31 1.415487e-14 1.399141e-13 1.082226e-12 6.804978e-12 3.834128e-11 1.922418e-10 1.389211e-09 2.080756e-23 4.294508e-38 1.667824e-35 2.617776e-33 1.997924e-31 5.371225e-30 1.533026e-28 2.535207e-27 2.170240e-26 9.820483e-26 3.318522e-25 1.028537e-24 1.965241e-24 2.735743e-24 3.058137e-24 2.535522e-24 1.890456e-19 -9.999000e+03 5.651309e-39 1.636585e-39 5.545559e-36 1.864880e-33 3.099872e-31 2.309916e-29 5.789404e-27 2.196285e-22 1.352527e-19 -9.999000e+03 2.064494e-21 1.657856e-38 7.430628e-39 4.294534e-39 3.350510e-39 3.510980e-39 3.584192e-39 3.562941e-39 1.583902e-36 1.364904e-36 2.866858e-39 3.740120e-26 9.642079e-25 1.115971e-24 1.079527e-24 1.593999e-24
1.248553e-16 1.895234e-24 8.056996e-23 1.005370e-21 9.230481e-20 8.006507e-18 2.562425e-15 9.546730e-24 2.605701e-24 4.849485e-24 7.020860e-24 8.942772e-24 9.591827e-24 9.532813e-24 8.946049e-24 7.961727e-24 2.067054e-22 6.717290e-22 1.744968e-21 5.295708e-21 2.955622e-20 1.795230e-19 3.332014e-19 3.425832e-19 4.265649e-26 -9.999000e+03 1.949070e-39 5.617611e-37 2.337732e-35 2.018708e-32 2.555415e-30 1.644310e-28 2.694436e-26 3.833367e-24 1.014309e-19 -9.999000e+03 -9.999000e+03 9.707857e-37 8.846691e-39 5.016242e-39 3.926906e-39 3.771795e-39 3.548403e-39 3.527025e-39 1.259528e-34 9.405654e-35 2.516687e-39 8.014966e-26 7.120448e-25 8.994977e-25 1.065505e-24 1.715115e-24
1.826654e-25 2.151462e-25 2.432089e-38 2.650983e-24 1.474243e-21 2.994569e-23 2.604377e-24 4.165479e-25 5.164270e-24 7.969105e-24 1.011053e-23 1.372400e-23 1.647323e-23 1.699751e-23 1.609999e-23 1.400778e-23 1.500135e-38 4.117701e-36 2.812330e-34 1.427402e-32 7.183980e-31 3.518269e-29 1.363740e-27 1.421153e-26 4.882665e-39 -9.999000e+03 1.031717e-38 2.683789e-36 1.060066e-34 3.916369e-33 2.090408e-30 1.808812e-28 2.919540e-26 2.912798e-24 8.123634e-23 7.586571e-18 -9.999000e+03 1.514505e-33 8.842153e-39 5.673879e-39 4.849390e-39 4.656048e-39 4.093141e-39 1.865164e-36 8.753584e-33 6.325623e-33 1.063650e-36 1.543950e-25 6.298629e-25 7.909629e-25 1.113498e-24 1.785857e-24
1.836569e-26 1.486381e-26 2.120406e-25 1.668474e-22 1.526848e-23 3.162172e-25 1.983300e-26 1.922772e-24 1.174712e-23 8.039364e-23 4.088847e-22 2.246433e-21 3.782958e-20 3.217424e-19 9.585543e-19 1.930398e-18 2.244907e-18 1.313492e-18 4.072456e-19 1.986968e-20 5.854440e-22 6.166596e-23 3.550951e-22 1.110352e-21 2.385053e-21 -9.999000e+03 3.213841e-24 2.156027e-27 1.345774e-32 4.203818e-32 5.091059e-31 1.243389e-28 1.819980e-26 1.561769e-24 3.462778e-23 1.376653e-15 -9.999000e+03 -9.999000e+03 2.055625e-37 6.212256e-39 6.305654e-39 6.690567e-39 2.898578e-36 1.597198e-34 3.359682e-31 2.433580e-31 6.837131e-35 2.876794e-25 5.995082e-25 7.502645e-25 1.238367e-24 1.824448e-24
1.034650e-27 9.509162e-25 1.224325e-23 5.478021e-24 1.236111e-26 7.004336e-28 1.727271e-25 6.662026e-24 5.248372e-26 6.514703e-24 6.363236e-24 7.874203e-24 1.066028e-23 1.786057e-23 2.546372e-23 2.993746e-23 2.574840e-23 1.739200e-23 9.785682e-24 5.149825e-24 3.894034e-24 5.909956e-24 2.224533e-38 8.081836e-39 2.218407e-36 -9.999000e+03 1.735528e-38 2.930329e-36 9.685743e-35 1.187945e-36 6.140128e-37 2.821734e-30 5.528179e-27 1.007105e-24 1.346712e-24 3.251349e-14 4.340163e-37 -9.999000e+03 1.150438e-37 1.347511e-37 5.677544e-39 6.096289e-39 2.414084e-34 1.038529e-32 4.849288e-30 4.109398e-30 4.197775e-33 5.506863e-25 6.814781e-25 8.392848e-25 1.369357e-24 1.868667e-24
2.380281e-25 3.523024e-28 2.232408e-24 1.533812e-28 1.285326e-29 8.641464e-27 2.556711e-24 3.933165e-27 6.516275e-24 1.370568e-38 9.113193e-24 1.004861e-22 1.040846e-21 1.067353e-19 2.224212e-18 6.949437e-17 2.757942e-15 2.837768e-14 1.148244e-13 3.895424e-13 1.797513e-12 1.482703e-11 7.822284e-11 1.692684e-10 -9.999000e+03 -9.999000e+03 6.401085e-21 5.044905e-29 1.069639e-35 4.410702e-34 1.424885e-32 4.519686e-31 5.424335e-30 2.078575e-27 3.567964e-25 6.213677e-20 3.754519e-13 -9.999000e+03 6.425070e-38 8.155762e-38 3.899159e-39 2.060981e-36 9.900858e-33 2.873144e-31 5.407318e-29 4.139687e-29 1.523665e-31 1.120914e-24 1.073313e-24 1.091384e-24 1.487740e-24 1.931745e-24
1.834874e-29 1.615642e-24 2.470104e-30 1.542662e-31 2.163941e-28 4.718985e-25 1.364546e-28 4.473797e-24 1.273916e-27 9.886956e-25 6.945278e-28 5.179555e-28 4.239918e-25 3.478406e-24 1.531158e-26 4.343771e-24 3.290347e-23 1.577428e-22 5.831445e-22 1.661205e-21 8.310792e-21 1.015490e-19 3.023859e-19 3.034601e-19 -9.999000e+03 3.359402e-25 1.933963e-30 4.029104e-36 9.741090e-35 3.208736e-33 8.222356e-32 1.635775e-30 1.268006e-29 1.516691e-28 8.318846e-26 1.081354e-22 1.291110e-14 -9.999000e+03 -9.999000e+03 3.146785e-38 1.043020e-35 7.407850e-35 2.084877e-31 3.777364e-30 5.234821e-28 4.573942e-28 3.235568e-30 1.846694e-24 1.702894e-24 1.616063e-24 1.855501e-24 2.234667e-24
1.526747e-24 3.365769e-32 7.148569e-34 3.977667e-30 2.945874e-26 4.360572e-30 2.693231e-24 5.927279e-29 5.084915e-29 4.708769e-29 3.851742e-29 2.364323e-29 2.192105e-24 5.488564e-28 7.304579e-28 2.079349e-24 1.018505e-23 7.841517e-23 1.603224e-24 1.322378e-24 2.758979e-19 3.731756e-18 8.621430e-17 1.050696e-15 -9.999000e+03 6.906415e-22 2.682505e-27 5.759728e-35 1.589847e-34 6.456322e-33 1.595003e-31 2.263019e-30 1.284735e-29 1.334690e-28 4.349633e-26 2.629406e-24 1.824781e-23 4.933327e-16 -9.999000e+03 5.019995e-36 1.218291e-33 2.108814e-33 2.665178e-30 2.821930e-29 3.957190e-27 3.888967e-27 3.052249e-29 2.513490e-24 2.484649e-24 2.470995e-24 2.630909e-24 3.045500e-24
2.626959e-34 4.798556e-36 9.638844e-32 1.727692e-27 9.817260e-32 1.498193e-24 3.803617e-30 3.431189e-30 3.061933e-30 2.951823e-30 2.503518e-30 2.418849e-24 1.897179e-29 2.530478e-29 1.704682e-24 3.312642e-28 2.391374e-28 4.299243e-25 1.034310e-27 3.935519e-25 5.066635e-24 2.617485e-23 1.053906e-22 3.257890e-22 -9.999000e+03 2.981070e-27 1.207259e-32 5.120141e-36 2.430779e-34 1.024114e-32 2.310575e-34 4.898466e-35 5.992349e-36 1.374422e-36 3.151977e-37 5.159917e-37 1.279229e-36 4.226408e-18 -9.999000e+03 -9.999000e+03 1.205640e-31 1.008135e-30 1.549255e-29 2.728436e-28 2.338667e-26 2.696692e-26 3.952539e-28 3.566945e-24 3.747824e-24 3.881313e-24 4.023338e-24 4.523964e-24
5.767742e-39 1.199458e-33 1.505384e-28 1.640773e-33 3.711979e-25 1.155340e-31 1.227665e-31 1.009590e-31 8.150884e-32 6.797925e-32 3.389502e-24 1.804576e-30 1.579182e-30 1.576335e-24 1.952824e-29 1.598944e-29 4.166272e-25 1.081957e-28 7.412809e-29 5.103627e-29 6.896577e-27 3.088440e-25 3.773651e-27 1.241280e-27 -9.999000e+03 -2.218432e-33 -4.027358e-37 1.576690e-38 3.222191e-36 5.009507e-34 1.453978e-33 2.039940e-35 5.682785e-36 6.915087e-36 5.524116e-36 1.107746e-37 5.943063e-38 9.497445e-38 2.698391e-18 -9.999000e+03 -9.999000e+03 6.410912e-29 5.440496e-27 2.395725e-27 1.324459e-25 1.628371e-25 4.814891e-27 5.118612e-24 5.350455e-24 5.446256e-24 5.296926e-24 5.616114e-24
3.880849e-36 4.898178e-30 2.157019e-35 9.105504e-26 1.658928e-33 1.542607e-33 1.597744e-33 1.545496e-33 1.242630e-33 5.200416e-24 5.265538e-32 4.593039e-32 2.095492e-24 1.361665e-30 1.154197e-30 5.495245e-25 8.348543e-30 5.614568e-30 4.832853e-30 2.385992e-31 2.319764e-39 2.292320e-39 3.630381e-33 1.222578e-39 -9.999000e+03 9.288969e-40 3.242884e-37 2.249814e-34 3.540732e-32 3.348806e-35 4.323703e-37 2.820385e-37 1.867508e-37 1.539415e-37 1.096663e-37 7.111898e-38 7.631354e-38 1.080723e-34 4.993175e-31 1.512718e-17 -9.999000e+03 -9.999000e+03 7.764212e-25 2.426852e-26 6.696459e-25 8.501121e-25 4.289272e-26 7.306283e-24 7.763697e-24 8.178810e-24 8.028558e-24 8.469282e-24
5.677112e-32 4.538308e-38 1.815736e-26 2.011336e-35 1.100415e-35 9.304968e-36 9.417244e-36 1.065274e-35 1.020235e-23 1.085878e-33 7.037297e-34 3.253070e-24 4.815265e-32 3.451680e-32 1.091749e-24 7.196386e-31 5.685604e-31 3.907839e-31 7.731824e-33 2.471237e-39 1.076392e-36 8.330788e-35 2.215814e-39 5.488526e-37 -9.999000e+03 1.244558e-38 3.190371e-36 7.649696e-34 6.295846e-37 1.464196e-39 1.331742e-39 1.086990e-39 8.127980e-40 6.459355e-40 4.760996e-40 3.167285e-40 4.009563e-32 7.934136e-33 5.700986e-34 5.761496e-27 2.271971e-16 -9.999000e+03 2.639661e-23 6.769896e-24 2.448115e-24 2.402394e-24 3.002200e-25 9.400321e-24 9.708714e-24 1.081294e-23 1.234956e-23 4.460294e-39
3.683406e-30 3.482529e-28 1.078633e-37 5.774357e-38 3.617589e-38 2.650453e-38 2.716167e-38 1.823512e-23 1.611411e-35 8.542645e-36 5.704021e-24 1.170414e-33 9.554807e-34 2.645742e-24 3.240296e-32 2.118689e-32 1.439906e-32 1.326260e-34 2.646845e-39 1.040868e-36 6.934824e-35 5.550625e-33 2.109048e-31 2.982654e-30 -9.999000e+03 3.714437e-34 1.134363e-35 1.454067e-39 1.695141e-39 6.645136e-37 3.942864e-35 2.168005e-33 6.076744e-32 9.688854e-31 5.219071e-30 8.892128e-32 3.239522e-40 2.950182e-40 1.106181e-37 5.196337e-34 7.117691e-30 -9.999000e+03 -9.999000e+03 1.274211e-22 5.871610e-24 4.969561e-24 1.647997e-24 1.290134e-23 1.335656e-23 1.694364e-23 5.386397e-39 2.335431e-31
7.901612e-25 3.351271e-24 9.542421e-24 1.725225e-23 2.191515e-23 2.227652e-23 2.169823e-23 5.986818e-38 5.527453e-38 1.135289e-23 1.291151e-35 1.129233e-35 6.363868e-24 1.239545e-33 6.736996e-34 3.692369e-34 2.541194e-36 2.913958e-39 1.132058e-36 6.488458e-35 4.124857e-33 1.977967e-31 4.085210e-30 3.710944e-29 -9.999000e+03 6.936339e-33 1.738597e-35 9.228740e-34 4.169935e-32 1.379235e-30 1.799455e-29 3.188149e-28 3.695240e-27 2.371706e-26 9.865032e-26 2.670598e-25 3.556428e-27 1.284962e-27 8.874873e-27 1.201726e-27 5.538323e-29 5.233096e-23 -9.999000e+03 -9.999000e+03 1.392951e-22 1.017272e-23 3.926096e-39 2.078859e-23 2.150023e-23 5.707085e-39 3.973714e-31 3.520836e-33
2.003291e-29 1.222082e-27 3.912225e-26 5.863438e-25 2.514536e-24 4.910742e-24 8.317288e-24 1.343422e-23 1.779218e-23 6.344707e-38 4.804075e-38 1.253424e-23 1.980386e-35 1.224063e-35 6.116873e-36 7.547535e-39 4.589903e-39 1.429848e-36 7.504552e-35 4.108621e-33 1.510120e-31 3.676266e-30 4.362381e-29 5.427806e-28 -9.999000e+03 6.411692e-32 2.338149e-35 6.721786e-34 2.575158e-32 8.863091e-31 1.189842e-29 2.700733e-28 4.040134e-27 3.759604e-26 2.000883e-25 6.183723e-25 1.316806e-24 1.881432e-26 4.391767e-40 4.859731e-40 2.753507e-37 3.582831e-33 1.600050e-24 -9.999000e+03 1.846562e-21 2.213647e-22 4.685914e-39 5.629097e-39 6.318631e-39 4.800162e-39 5.081948e-33 4.257302e-35
2.923608e-32 2.786805e-30 6.393384e-29 1.477528e-27 2.242003e-26 2.547492e-25 1.722164e-24 4.345313e-24 8.840281e-24 1.414218e-23 1.800814e-23 8.471730e-38 6.467342e-38 4.298917e-38 2.185388e-38 4.670949e-36 2.708854e-34 8.846227e-33 1.978465e-31 3.403755e-30 3.303298e-29 4.489106e-28 4.300717e-24 9.728442e-25 -9.999000e+03 1.956319e-25 8.303661e-29 7.837880e-32 4.903031e-31 4.347258e-30 5.078808e-29 8.606563e-28 1.180745e-26 1.318526e-25 8.557062e-25 2.186251e-24 3.297078e-24 4.272702e-24 1.159889e-25 2.152690e-25 1.950380e-25 4.733684e-24 1.377141e-22 -9.999000e+03 -9.999000e+03 3.163398e-21 5.173595e-39 5.232963e-39 5.495000e-39 2.149198e-31 2.819816e-33 3.819807e-35
2.133830e-37 8.100718e-35 1.179049e-32 7.975047e-31 1.876935e-29 7.615762e-28 2.093060e-26 3.139824e-25 2.308388e-24 7.663933e-24 1.809790e-23 2.481057e-23 2.202928e-23 1.444933e-23 6.500114e-24 2.489559e-24 6.547250e-25 1.517512e-25 6.767678e-26 6.414487e-26 1.052110e-25 2.733899e-25 2.921868e-39 -9.999000e+03 -9.999000e+03 4.646030e-39 1.325617e-36 4.763731e-35 2.186471e-33 8.167475e-32 2.658416e-30 4.106787e-29 1.017723e-27 1.862229e-26 2.320071e-25 1.564021e-24 3.095042e-24 4.553354e-24 5.231438e-24 8.873552e-26 7.046468e-26 2.618018e-26 6.804060e-23 1.120622e-21 -9.999000e+03 -9.999000e+03 1.316781e-34 4.215912e-39 3.002104e-39 2.165637e-39 1.519733e-39 5.546124e-37
-9.999000e+03 -9.999000e+03 -9.999000e+03 -9.999000e+03 -9.999000e+03 -9.999000e+03 -9.999000e+03 7.147151e-38 8.977711e-38 2.074185e-37 3.081189e-37 2.180585e-37 7.966264e-35 6.841343e-33 2.050344e-31 3.032629e-30 1.531239e-29 8.259349e-29 4.566299e-28 2.727277e-27 1.818739e-26 1.218333e-25 4.692981e-25 -9.999000e+03 3.869552e-31 1.007588e-36 6.366628e-36 1.438752e-34 2.880634e-33 6.584559e-32 1.382180e-30 1.786272e-29 4.004491e-28 8.627148e-27 1.438720e-25 1.549408e-24 3.829395e-24 5.616274e-24 7.124340e-24 7.180324e-24 1.291580e-25 1.014778e-25 4.074614e-26 3.545701e-23 1.137815e-21 -9.999000e+03 -9.999000e+03 7.686824e-38 1.668839e-39 1.320446e-39 1.199933e-39 1.223534e-39
-9.999000e+03 -9.999000e+03 -9.999000e+03 -9.999000e+03 -9.999000e+03 -9.999000e+03 -9.999000e+03 -9.999000e+03 -9.999000e+03 -9.999000e+03 1.899085e-34 1.563936e-34 8.614376e-38 2.940803e-38 6.589213e-36 9.030725e-34 4.178165e-32 8.233293e-31 6.771312e-30 1.183824e-28 1.716292e-27 2.046638e-26 1.186312e-25 -9.999000e+03 9.659302e-32 9.503546e-37 7.933525e-36 1.625268e-34 2.927622e-33 4.114052e-35 3.062460e-30 3.394393e-29 5.779892e-28 1.086853e-26 2.006486e-25 2.097442e-24 5.529304e-24 1.036301e-23 1.405215e-23 1.383831e-23 1.112039e-23 2.129226e-25 1.651759e-25 9.869815e-25 5.938595e-23 4.765567e-21 -9.999000e+03 -9.999000e+03 1.270117e-39 9.533496e-40 -9.999000e+03 -9.999000e+03
