tests/data/reference/test_implicit_stream_rill_mfda/control/volrest_m3.asc
ncols	123
nrows	77
xllcorner	-713746.79929998
yllcorner	-1061022.36961616
cellsize	10.0
NODATA_value	-9999
[rows 46 to 68 of 77, columns 52 to 103 of 123]
6.463204e-23 5.085638e-24 5.133880e-24 3.787344e-24 2.598310e-24 6.708588e-28 6.624057e-28 6.239290e-28 6.164317e-28 9.797757e-25 4.248967e-27 4.437126e-10 7.973789e-24 2.824700e-27 3.402844e-28 3.174928e-28 5.817587e-26 1.826759e-28 1.369076e-28 1.294794e-28 1.161473e-28 9.320719e-29 8.861054e-29 1.141621e-28 1.374942e-24 -9.999000e+03 3.528284e-28 3.798558e-30 2.072373e-28 5.068312e-27 1.125698e-25 -9.999000e+03 -9.999000e+03 -9.999000e+03 1.866958e-22 1.773425e-23 1.016876e-23 2.854183e-31 2.550258e-31 2.498649e-31 2.541996e-31 2.666411e-31 2.861683e-31 3.420290e-31 3.981450e-31 4.482614e-31 5.015083e-31 1.113728e-25 5.582274e-24 6.267093e-24 3.400959e-24 3.790431e-24
1.428999e-24 2.180805e-24 2.555835e-24 1.748070e-24 6.759021e-29 6.873634e-29 6.613006e-29 5.915073e-29 5.004504e-25 7.406762e-28 2.157722e-10 1.609995e-23 4.859934e-28 4.035785e-29 4.178835e-29 2.760108e-26 3.397288e-29 2.343072e-29 1.761886e-29 1.670384e-29 1.456775e-29 1.119537e-29 9.534123e-30 7.777250e-25 2.232681e-31 -9.999000e+03 4.164702e-28 9.857077e-29 1.074860e-27 1.126685e-26 1.199993e-25 1.474706e-24 4.098120e-23 -9.999000e+03 -9.999000e+03 4.934194e-23 2.173073e-23 3.468765e-31 2.683155e-31 2.531036e-31 2.574086e-31 2.735474e-31 2.872501e-31 3.151563e-31 3.415923e-31 3.696283e-31 4.100573e-31 2.550655e-25 4.982111e-24 5.135259e-24 3.202915e-24 3.038999e-24
3.127716e-25 5.410382e-25 7.030661e-25 2.262586e-30 1.790510e-30 1.865378e-30 1.765670e-30 2.337547e-25 6.693994e-29 7.189085e-11 3.056407e-23 4.769714e-29 6.041688e-31 7.305782e-31 5.576639e-27 8.677672e-31 6.382875e-31 4.675013e-31 3.998374e-31 3.831876e-31 3.267582e-31 2.624243e-31 5.687230e-25 9.958341e-30 9.865957e-29 -9.999000e+03 4.505138e-26 6.001620e-27 8.453421e-26 6.381014e-25 4.534980e-24 3.709059e-23 5.918956e-22 5.444317e-29 -9.999000e+03 2.751831e-21 4.925063e-23 4.298982e-31 2.935922e-31 2.614138e-31 2.598407e-31 2.781397e-31 2.882989e-31 2.968297e-31 2.995589e-31 3.084164e-31 3.390255e-31 4.803983e-25 4.062588e-24 4.121440e-24 3.122916e-24 2.993272e-24
5.129153e-26 8.380116e-26 3.640379e-30 1.138903e-28 1.434339e-27 1.229153e-26 6.962454e-26 2.179158e-30 2.285712e-11 4.639478e-23 1.045731e-30 7.707410e-31 4.765658e-29 6.475038e-28 8.615851e-31 5.440886e-29 5.982548e-28 3.710466e-27 1.669977e-26 6.706485e-26 2.163261e-25 4.858088e-25 2.773395e-31 2.109131e-31 3.837728e-24 -9.999000e+03 2.693615e-27 2.833573e-29 1.513729e-27 1.943086e-26 1.819683e-25 1.730877e-24 2.479095e-23 1.028118e-20 -9.999000e+03 -9.999000e+03 1.015227e-22 5.163988e-31 3.615598e-31 2.793617e-31 2.658199e-31 2.785536e-31 2.855413e-31 2.863420e-31 2.791569e-31 2.755656e-31 2.879737e-31 7.747402e-25 3.323553e-24 3.458446e-24 3.174289e-24 3.526052e-24
6.427489e-27 1.772016e-16 1.554947e-15 1.045469e-14 5.665410e-14 2.494951e-13 9.594861e-13 5.419127e-12 5.154848e-23 1.514592e-30 6.387193e-29 7.318048e-28 5.455176e-27 3.175271e-26 1.377675e-25 4.729992e-25 1.080326e-24 1.903006e-24 2.891282e-24 4.018811e-24 5.621770e-24 7.227812e-24 7.381317e-24 5.750553e-24 5.733928e-21 -9.999000e+03 4.518730e-31 2.069694e-31 4.016334e-29 6.802115e-28 7.912000e-27 8.397183e-26 1.157056e-24 2.484184e-21 1.311559e-19 -9.999000e+03 3.028546e-21 5.764765e-31 4.192209e-31 3.093377e-31 2.781022e-31 2.819137e-31 2.836527e-31 2.831479e-31 1.601559e-29 1.512420e-29 2.651890e-31 1.043208e-24 2.747781e-24 2.979131e-24 3.251590e-24 4.072823e-24
1.575048e-17 7.967032e-24 3.332537e-22 3.502285e-21 5.490348e-20 2.807968e-18 4.768894e-17 3.185154e-23 1.117240e-23 1.489076e-23 1.595823e-23 1.613783e-23 1.548430e-23 1.485133e-23 1.412682e-23 1.305018e-23 3.234867e-22 1.033328e-21 2.638537e-21 5.752791e-21 1.188918e-20 2.404818e-20 3.005391e-20 1.895553e-20 1.556131e-24 -9.999000e+03 2.217481e-31 9.490620e-30 8.312970e-29 1.989340e-27 2.162627e-26 1.943061e-25 2.229157e-24 4.178036e-23 1.492531e-19 -9.999000e+03 -9.999000e+03 1.166445e-29 4.525769e-31 3.432654e-31 2.920474e-31 2.881100e-31 2.828026e-31 2.822948e-31 1.815319e-28 1.583048e-28 2.486089e-31 1.398460e-24 2.461731e-24 2.778132e-24 3.274651e-24 4.297461e-24
2.987967e-24 3.144897e-24 9.043033e-31 1.180266e-23 5.951603e-21 6.315834e-23 1.298638e-23 4.287476e-24 1.753180e-23 2.029048e-23 2.020078e-23 2.259636e-23 2.423841e-23 2.440035e-23 2.333506e-23 2.057929e-23 5.578410e-31 2.849955e-29 2.516601e-28 1.645224e-27 1.022404e-26 8.204911e-26 4.326858e-25 1.057238e-24 3.369875e-31 -9.999000e+03 8.155784e-31 2.792876e-29 2.169176e-28 1.099534e-27 2.149865e-26 2.294684e-25 2.581974e-24 3.427023e-23 6.989786e-22 6.092241e-18 -9.999000e+03 5.785689e-28 4.524700e-31 3.741626e-31 3.354236e-31 3.263352e-31 2.998665e-31 1.685120e-29 1.342187e-27 1.123185e-27 1.339856e-29 1.742907e-24 2.361740e-24 2.736550e-24 3.357747e-24 4.382023e-24
1.093263e-24 1.005720e-24 3.152063e-24 7.401150e-22 3.491333e-23 4.354183e-24 1.298305e-24 8.577113e-24 2.899910e-23 2.366401e-22 1.094881e-21 5.431457e-21 2.172099e-20 6.355035e-20 1.277866e-19 1.555880e-19 8.815531e-20 1.913996e-20 2.119516e-21 1.585942e-22 2.125248e-23 1.542344e-23 4.134102e-22 1.588720e-21 3.878517e-21 -9.999000e+03 6.088498e-24 5.410677e-26 1.681352e-26 1.560694e-26 2.810191e-26 3.514081e-25 3.060682e-24 2.460101e-23 3.425185e-22 7.652268e-17 -9.999000e+03 -9.999000e+03 5.573727e-30 3.905268e-31 3.927262e-31 4.017908e-31 2.192527e-29 2.061780e-28 7.388246e-27 6.353663e-27 1.321663e-28 2.102071e-24 2.416631e-24 2.783466e-24 3.531819e-24 4.293847e-24
3.349539e-25 4.123812e-24 5.623276e-23 1.385963e-23 1.144806e-24 3.188425e-25 3.266754e-24 2.035933e-23 1.773082e-24 1.305735e-23 1.221208e-23 1.400646e-23 1.860799e-23 2.982798e-23 4.229127e-23 4.618162e-23 3.607821e-23 2.286841e-23 1.246589e-23 6.762153e-24 5.575002e-24 1.033117e-23 8.349238e-31 4.345598e-31 1.770873e-29 -9.999000e+03 2.197533e-30 3.368069e-29 2.338817e-28 1.081440e-27 5.030957e-27 2.515804e-26 5.154301e-25 4.509056e-24 1.459839e-21 6.852346e-16 8.038106e-30 -9.999000e+03 4.161226e-30 4.622377e-30 3.743348e-31 3.877961e-31 2.423838e-28 1.485433e-27 3.029895e-26 2.630296e-26 9.510013e-28 2.865416e-24 2.779414e-24 2.998520e-24 3.701636e-24 4.244562e-24
2.453399e-24 2.070544e-25 4.989083e-24 1.638485e-25 5.439526e-26 9.123915e-25 1.018415e-23 5.882941e-25 1.388259e-23 5.425245e-31 6.332318e-23 6.902682e-22 6.393852e-21 1.083290e-19 1.530148e-18 1.293630e-17 7.663933e-17 3.575452e-16 1.342267e-15 4.182025e-15 1.720539e-14 1.283071e-13 6.124520e-13 1.156122e-12 -9.999000e+03 -9.999000e+03 5.253932e-23 1.316476e-29 5.843098e-29 3.399987e-28 1.760102e-27 8.463776e-27 3.597417e-26 5.649652e-25 6.029240e-24 4.004632e-20 6.885556e-15 -9.999000e+03 2.770333e-30 3.377333e-30 2.911370e-31 1.729735e-29 1.411901e-27 6.746256e-27 9.524468e-26 8.540378e-26 5.076574e-27 3.827101e-24 3.486410e-24 3.421631e-24 3.848274e-24 4.258033e-24
5.468560e-26 3.396678e-24 1.754122e-26 5.079098e-27 1.847321e-25 4.117675e-24 1.337515e-25 1.037085e-23 3.599828e-25 9.569573e-24 2.652167e-25 2.339643e-25 6.787029e-24 7.612870e-24 1.042482e-24 3.008836e-23 2.023452e-22 8.479955e-22 2.558148e-21 5.925934e-21 1.282151e-20 2.877977e-20 3.333379e-20 1.607221e-20 -9.999000e+03 1.248155e-25 5.729765e-30 2.502395e-29 1.425052e-28 8.119982e-28 3.733355e-27 1.488428e-26 5.197272e-26 1.503191e-25 2.671805e-24 8.652137e-22 2.614748e-16 -9.999000e+03 -9.999000e+03 1.397080e-30 5.191461e-29 1.338015e-28 5.708855e-27 2.371190e-26 2.422804e-25 2.347826e-25 2.170688e-26 5.248113e-24 4.575948e-24 4.215520e-24 4.439915e-24 5.050848e-24
3.041148e-24 2.434848e-27 4.194169e-28 2.533552e-26 1.368861e-24 2.625604e-26 7.618346e-24 9.330084e-26 8.818360e-26 8.644237e-26 7.629441e-26 6.192784e-26 4.230039e-24 2.459974e-25 2.882957e-25 4.979716e-24 3.882265e-23 3.693449e-22 3.853762e-21 2.627251e-20 1.452912e-19 8.582500e-19 3.734088e-18 1.138197e-17 -9.999000e+03 1.149760e-22 1.560218e-27 2.849979e-29 1.889175e-28 1.078818e-27 5.008635e-27 1.639739e-26 5.037052e-26 1.327580e-25 1.822811e-24 1.903351e-23 9.470929e-20 2.331208e-17 -9.999000e+03 3.921156e-29 5.430355e-28 6.650662e-28 1.706689e-26 6.607848e-26 5.372066e-25 5.487750e-25 7.224321e-26 6.917068e-24 6.779251e-24 6.591400e-24 6.677749e-24 7.187290e-24
2.458113e-28 3.302063e-29 4.028914e-27 4.228803e-25 3.840704e-27 5.488243e-24 2.277590e-26 2.087834e-26 1.891813e-26 1.842871e-26 1.661120e-26 4.203101e-24 5.619718e-26 6.440144e-26 3.785385e-24 2.015717e-25 1.711770e-25 2.124455e-24 3.001314e-25 6.211807e-24 3.565363e-23 1.675049e-22 5.676680e-22 1.562957e-21 -9.999000e+03 1.824369e-26 6.238964e-30 3.185296e-29 2.280823e-28 1.399309e-27 1.194594e-28 8.030962e-29 4.995839e-29 3.244026e-29 1.577156e-29 1.031034e-28 1.908981e-28 4.956327e-17 -9.999000e+03 -9.999000e+03 4.970098e-27 1.181800e-26 5.134021e-26 1.813253e-25 1.121024e-24 1.248921e-24 2.298474e-25 8.707779e-24 9.394096e-24 9.611641e-24 9.402242e-24 1.027249e-23
3.785710e-31 5.136637e-28 1.494235e-25 5.487506e-28 3.519442e-24 4.027574e-27 4.169809e-27 3.934449e-27 3.615739e-27 3.302422e-27 5.369325e-24 1.448078e-26 1.404855e-26 3.157711e-24 5.731669e-26 5.287806e-26 1.900017e-24 1.170038e-25 1.014303e-25 8.751017e-26 1.028706e-24 6.759028e-24 3.036249e-23 6.789219e-25 -9.999000e+03 1.928968e-28 1.750166e-29 7.512056e-28 2.193097e-29 1.405189e-28 5.793157e-28 1.352325e-29 1.195389e-29 4.695552e-29 4.148798e-29 1.071436e-30 1.655862e-30 2.304906e-28 1.550981e-16 -9.999000e+03 -9.999000e+03 1.149831e-25 7.105716e-25 4.534504e-25 2.146061e-24 2.574444e-24 6.649087e-25 1.250550e-23 1.346851e-23 1.369637e-23 1.279723e-23 1.332876e-23
2.752241e-29 3.066015e-26 7.157965e-29 2.194136e-24 5.469466e-28 5.446710e-28 5.540279e-28 5.505366e-28 5.030565e-28 7.278769e-24 2.905832e-27 2.810804e-27 3.505224e-24 1.302008e-26 1.194264e-26 1.814419e-24 3.697242e-26 3.231620e-26 2.850669e-26 6.153998e-27 2.392855e-31 2.379862e-31 8.932856e-28 1.757717e-31 -9.999000e+03 1.522933e-31 7.761894e-30 3.637178e-28 5.073278e-27 9.843554e-29 8.484406e-30 7.101227e-30 5.986039e-30 5.282020e-30 4.257959e-30 2.887956e-30 3.181786e-30 1.729175e-28 1.071832e-26 4.174371e-16 -9.999000e+03 -9.999000e+03 7.149987e-24 1.208265e-24 4.157171e-24 4.790166e-24 1.679498e-24 1.572743e-23 1.669957e-23 1.765647e-23 1.688750e-23 1.749055e-23
3.099529e-27 1.625683e-30 1.267180e-24 6.818302e-29 5.451884e-29 4.998428e-29 5.059174e-29 5.418488e-29 1.312208e-23 4.659907e-28 3.976417e-28 4.983386e-24 2.803386e-27 2.261730e-27 2.073392e-24 9.167040e-27 8.227776e-27 7.359823e-27 1.219229e-27 2.464570e-31 1.348042e-29 1.468475e-28 2.343668e-31 9.304365e-30 -9.999000e+03 1.809371e-30 3.674259e-29 1.012983e-27 1.035840e-29 1.985581e-31 1.860708e-31 1.629745e-31 1.418787e-31 1.295757e-31 1.134341e-31 9.316914e-32 1.554631e-27 1.463919e-27 1.627896e-27 8.423358e-24 1.073359e-15 -9.999000e+03 1.685472e-22 3.503098e-23 8.447720e-24 8.327251e-24 3.566291e-24 1.874940e-23 1.999748e-23 2.342786e-23 2.632614e-23 3.171320e-31
2.250942e-26 2.278532e-25 3.525767e-30 1.928551e-30 1.206040e-30 9.553169e-31 9.706677e-31 2.254134e-23 6.273620e-29 4.735627e-29 8.471752e-24 4.834717e-28 4.451786e-28 3.916004e-24 2.144583e-27 1.881675e-27 1.601950e-27 1.824226e-28 2.547717e-31 1.324609e-29 1.328688e-28 1.079997e-27 6.054983e-27 1.993982e-26 -9.999000e+03 9.920335e-29 1.955462e-28 1.976034e-31 2.097384e-31 1.074465e-29 1.070986e-28 7.103571e-28 3.364419e-27 1.183659e-26 3.160482e-26 6.801240e-26 9.453978e-32 8.904860e-32 4.375858e-30 3.733322e-28 5.034884e-26 -9.999000e+03 -9.999000e+03 5.503952e-22 1.776008e-23 1.491165e-23 7.215510e-24 2.488010e-23 2.557128e-23 3.105442e-23 3.606583e-31 6.316072e-27
3.711389e-24 9.883320e-24 2.500884e-23 3.711477e-23 4.226852e-23 3.429493e-23 2.953112e-23 1.978780e-30 1.870172e-30 1.711945e-23 5.787408e-29 5.550366e-29 8.904340e-24 4.908484e-28 3.822605e-28 2.771053e-28 1.950074e-29 2.674172e-31 1.375781e-29 1.291260e-28 9.425364e-28 5.929329e-27 2.669247e-26 8.114929e-26 -9.999000e+03 2.684447e-28 2.516086e-28 1.128913e-27 5.815245e-27 2.582890e-26 9.919854e-26 3.256669e-25 8.632196e-25 1.734995e-24 2.715158e-24 3.408104e-24 3.661918e-24 6.914860e-26 2.035548e-25 7.052924e-26 2.536803e-25 3.918428e-21 -9.999000e+03 -9.999000e+03 3.462674e-22 2.640305e-23 2.920094e-31 3.566817e-23 3.701337e-23 3.757222e-31 8.091802e-27 8.847746e-28
6.154276e-26 3.881174e-25 1.687585e-24 4.754234e-24 9.593449e-24 1.414113e-23 1.745554e-23 2.484840e-23 2.843192e-23 2.063376e-30 1.702862e-30 1.876218e-23 6.792816e-29 5.684879e-29 4.047562e-29 4.219745e-31 3.232257e-31 1.542847e-29 1.357123e-28 9.315242e-28 4.976351e-27 2.412424e-26 9.083023e-26 2.557226e-25 -9.999000e+03 6.610073e-28 2.745857e-28 1.030545e-27 4.416868e-27 2.023372e-26 8.259787e-26 2.965907e-25 9.145359e-25 2.106370e-24 3.872383e-24 5.269473e-24 6.014782e-24 5.995901e-24 1.099173e-31 1.143746e-31 7.150243e-30 8.991270e-28 1.336493e-19 -9.999000e+03 3.774172e-21 4.321322e-22 3.277393e-31 3.720593e-31 3.930318e-31 3.331097e-31 1.044731e-27 1.107902e-28
2.167295e-27 1.770812e-26 9.695333e-26 3.776497e-25 1.096941e-24 2.957960e-24 6.535195e-24 1.285084e-23 2.085849e-23 2.785828e-23 2.979483e-23 2.827112e-30 2.092360e-30 1.516600e-30 8.166674e-31 3.157678e-29 2.456232e-28 1.258559e-27 5.426236e-27 2.084621e-26 6.953837e-26 2.291961e-25 2.102851e-23 1.013631e-22 -9.999000e+03 2.876721e-25 6.404028e-26 6.315599e-26 9.115263e-26 1.752868e-25 4.076637e-25 1.007942e-24 2.559287e-24 5.817755e-24 1.031998e-23 1.400868e-23 1.508485e-23 1.405518e-23 1.157239e-23 8.477659e-24 7.785644e-24 5.473880e-23 4.658735e-22 -9.999000e+03 -9.999000e+03 4.463617e-21 3.506599e-31 3.534494e-31 3.657602e-31 6.250711e-27 8.267668e-28 1.040264e-28
5.608058e-30 1.317691e-28 1.434880e-27 9.622779e-27 5.492058e-26 2.714449e-25 1.136932e-24 3.520973e-24 8.553021e-24 2.241971e-23 3.985537e-23 4.463636e-23 3.213341e-23 1.781606e-23 8.207004e-24 3.558135e-24 1.717152e-24 9.926428e-25 8.285560e-25 9.295268e-25 1.333211e-24 2.130084e-24 2.677915e-31 -9.999000e+03 -9.999000e+03 4.088086e-31 1.727968e-29 1.338359e-28 8.352213e-28 4.341743e-27 2.277431e-26 1.056808e-25 4.328480e-25 1.531888e-24 4.135009e-24 8.824324e-24 1.397406e-23 1.507153e-23 1.376723e-23 1.081861e-23 8.213654e-24 7.526471e-24 4.989875e-23 4.429333e-22 -9.999000e+03 -9.999000e+03 1.810811e-28 3.056404e-31 2.698290e-31 2.319928e-31 2.014444e-31 9.432784e-30
-9.999000e+03 -9.999000e+03 -9.999000e+03 -9.999000e+03 -9.999000e+03 -9.999000e+03 -9.999000e+03 2.252625e-30 3.060159e-30 5.539324e-30 6.699830e-30 5.661937e-30 1.307404e-28 1.049059e-27 5.101040e-27 1.692129e-26 4.583546e-26 9.342857e-26 1.883390e-25 4.101437e-25 9.025369e-25 2.001454e-24 3.531605e-24 -9.999000e+03 1.670171e-28 9.490753e-30 3.774882e-29 1.764784e-28 7.695487e-28 3.301547e-27 1.395195e-26 5.983602e-26 2.460958e-25 9.601698e-25 3.328741e-24 8.852683e-24 1.658521e-23 2.055910e-23 1.866456e-23 1.465148e-23 1.031154e-23 7.319565e-24 6.589931e-24 5.087092e-23 7.443869e-22 -9.999000e+03 -9.999000e+03 3.267532e-30 2.084945e-31 1.850052e-31 1.736348e-31 1.758620e-31
-9.999000e+03 -9.999000e+03 -9.999000e+03 -9.999000e+03 -9.999000e+03 -9.999000e+03 -9.999000e+03 -9.999000e+03 -9.999000e+03 -9.999000e+03 2.066014e-28 1.840110e-28 2.892823e-30 1.023135e-30 4.223701e-29 4.428106e-28 2.656263e-27 1.008767e-26 3.369015e-26 1.217465e-25 4.021273e-25 1.110917e-24 2.176906e-24 -9.999000e+03 1.283540e-28 9.840683e-30 4.210513e-29 1.891775e-28 7.674736e-28 2.939979e-27 1.132013e-26 4.692298e-26 1.956284e-25 8.183476e-25 3.116614e-24 9.659730e-24 2.206071e-23 3.119832e-23 3.174435e-23 2.470975e-23 1.558182e-23 9.473402e-24 6.843824e-24 6.723769e-24 7.891665e-23 1.708976e-21 -9.999000e+03 -9.999000e+03 1.802572e-31 1.503556e-31 -9.999000e+03 -9.999000e+03
