tests/data/reference/test_implicit_stream_rill_mfda/control/volrest_m3.asc
ncols	123
nrows	77
xllcorner	-713746.79929998
yllcorner	-1061022.36961616
cellsize	10.0
NODATA_value	-9999
[rows 23 to 45 of 77, columns 0 to 51 of 123]
-9.999000e+03 -9.999000e+03 -9.999000e+03 -9.999000e+03 -9.999000e+03 -9.999000e+03 -9.999000e+03 -9.999000e+03 -9.999000e+03 -9.999000e+03 -9.999000e+03 -9.999000e+03 -9.999000e+03 -9.999000e+03 0.000000e+00 9.511784e-38 5.731714e-35 0.000000e+00 0.000000e+00 5.465064e-44 0.000000e+00 1.588144e-03 0.000000e+00 2.771501e-05 5.978985e-16 7.184224e-28 1.222359e-22 3.495619e-35 0.000000e+00 2.575233e-36 0.000000e+00 0.000000e+00 0.000000e+00 0.000000e+00 4.651143e-38 3.626420e-41 1.107428e-27 0.000000e+00 3.009619e-38 6.123674e-43 2.438259e-43 4.203895e-44 9.977245e-43 3.082857e-44 2.662467e-44 0.000000e+00 1.401298e-45 7.925744e-42 0.000000e+00 0.000000e+00 0.000000e+00 0.000000e+00
-9.999000e+03 -9.999000e+03 -9.999000e+03 -9.999000e+03 -9.999000e+03 -9.999000e+03 -9.999000e+03 -9.999000e+03 -9.999000e+03 -9.999000e+03 -9.999000e+03 -9.999000e+03 -9.999000e+03 -9.999000e+03 4.617440e-38 2.595642e-10 1.403110e-25 0.000000e+00 0.000000e+00 0.000000e+00 1.837097e-03 3.144568e-03 0.000000e+00 0.000000e+00 1.299633e-09 1.991083e-25 4.400691e-21 3.368575e-33 2.802597e-45 0.000000e+00 9.449334e-37 0.000000e+00 0.000000e+00 0.000000e+00 7.347066e-36 2.169210e-41 8.012425e-26 0.000000e+00 2.399949e-37 1.188301e-42 7.679116e-43 2.844636e-43 1.207919e-42 1.863727e-43 1.611493e-43 5.605194e-45 3.363116e-44 5.699081e-42 0.000000e+00 0.000000e+00 0.000000e+00 0.000000e+00
-9.999000e+03 -9.999000e+03 -9.999000e+03 -9.999000e+03 -9.999000e+03 -9.999000e+03 -9.999000e+03 -9.999000e+03 -9.999000e+03 -9.999000e+03 -9.999000e+03 -9.999000e+03 -9.999000e+03 -9.999000e+03 7.445230e-06 4.330012e-43 0.000000e+00 0.000000e+00 0.000000e+00 0.000000e+00 1.528543e-03 3.443748e-05 8.301630e-05 0.000000e+00 0.000000e+00 4.209137e-17 1.473647e-18 1.280593e-31 1.608691e-42 0.000000e+00 0.000000e+00 2.251687e-35 0.000000e+00 0.000000e+00 0.000000e+00 1.562165e-33 0.000000e+00 5.503358e-25 0.000000e+00 7.427174e-36 2.226663e-42 1.086006e-42 2.207045e-42 6.179726e-43 5.465064e-43 1.135052e-43 1.835701e-43 4.035740e-42 0.000000e+00 0.000000e+00 0.000000e+00 0.000000e+00
-9.999000e+03 -9.999000e+03 -9.999000e+03 -9.999000e+03 -9.999000e+03 -9.999000e+03 -9.999000e+03 -9.999000e+03 -9.999000e+03 -9.999000e+03 -9.999000e+03 -9.999000e+03 0.000000e+00 0.000000e+00 1.281433e-28 0.000000e+00 0.000000e+00 0.000000e+00 0.000000e+00 1.662814e-03 2.927903e-05 2.751867e-05 1.983746e-09 8.796682e-09 0.000000e+00 0.000000e+00 9.965630e-16 2.195694e-28 2.234553e-40 0.000000e+00 0.000000e+00 0.000000e+00 8.711142e-35 0.000000e+00 0.000000e+00 0.000000e+00 1.545711e-35 0.000000e+00 3.365955e-24 0.000000e+00 7.807924e-38 3.655988e-42 4.873716e-42 2.148191e-42 1.674552e-42 4.358038e-43 4.820467e-43 2.833425e-42 2.802597e-45 0.000000e+00 0.000000e+00 0.000000e+00
-9.999000e+03 -9.999000e+03 -9.999000e+03 -9.999000e+03 -9.999000e+03 -9.999000e+03 -9.999000e+03 -9.999000e+03 -9.999000e+03 -9.999000e+03 -9.999000e+03 -9.999000e+03 -9.999000e+03 0.000000e+00 0.000000e+00 0.000000e+00 0.000000e+00 0.000000e+00 2.281945e-03 4.235672e-05 8.984488e-10 1.996302e-17 1.243479e-09 1.141753e-16 1.141679e-15 2.912520e-20 1.040714e-17 4.985059e-12 1.726656e-25 3.487022e-38 0.000000e+00 0.000000e+00 0.000000e+00 6.263635e-34 1.961818e-44 9.108440e-44 4.624285e-44 9.256580e-36 0.000000e+00 1.257630e-23 1.905275e-38 1.065547e-41 1.348750e-41 7.056939e-42 4.388867e-42 1.164479e-42 8.912258e-43 2.127171e-42 2.662467e-44 0.000000e+00 0.000000e+00 0.000000e+00
-9.999000e+03 -9.999000e+03 -9.999000e+03 -9.999000e+03 -9.999000e+03 -9.999000e+03 -9.999000e+03 -9.999000e+03 -9.999000e+03 -9.999000e+03 -9.999000e+03 -9.999000e+03 -9.999000e+03 -9.999000e+03 -9.999000e+03 0.000000e+00 2.802597e-45 2.233884e-03 3.901061e-03 9.654137e-05 1.002291e-08 1.198346e-15 1.161434e-27 1.827869e-31 1.938799e-27 2.437936e-25 5.451216e-24 6.289762e-14 7.642112e-07 1.965929e-24 3.634963e-36 0.000000e+00 0.000000e+00 6.249791e-43 3.180154e-33 2.442463e-42 6.527248e-42 1.013559e-41 5.163078e-23 0.000000e+00 1.390921e-25 2.624912e-41 2.668633e-41 1.466599e-41 7.952369e-42 2.205644e-42 1.240149e-42 1.837102e-42 1.317221e-43 0.000000e+00 0.000000e+00 0.000000e+00
-9.999000e+03 -9.999000e+03 -9.999000e+03 -9.999000e+03 -9.999000e+03 -9.999000e+03 -9.999000e+03 -9.999000e+03 -9.999000e+03 -9.999000e+03 -9.999000e+03 -9.999000e+03 -9.999000e+03 -9.999000e+03 -9.999000e+03 -9.999000e+03 0.000000e+00 2.787888e-03 5.030563e-05 3.146143e-09 1.590995e-16 3.476887e-29 1.131943e-33 3.109135e-32 5.865864e-31 9.609394e-31 6.091597e-31 6.343351e-31 2.726228e-31 8.230702e-09 7.512148e-11 5.074514e-13 4.550016e-42 4.203895e-45 1.860322e-40 7.854302e-33 1.037076e-31 6.491331e-28 1.820117e-39 1.757054e-19 0.000000e+00 2.098367e-26 3.147036e-41 1.664883e-41 8.605374e-42 2.808202e-42 1.629710e-42 1.810478e-42 3.054831e-43 0.000000e+00 0.000000e+00 0.000000e+00
-9.999000e+03 -9.999000e+03 -9.999000e+03 -9.999000e+03 -9.999000e+03 -9.999000e+03 -9.999000e+03 -9.999000e+03 -9.999000e+03 -9.999000e+03 -9.999000e+03 -9.999000e+03 -9.999000e+03 -9.999000e+03 -9.999000e+03 -9.999000e+03 2.020089e-03 3.184659e-05 4.545693e-10 5.056845e-18 8.217702e-32 2.631171e-05 5.073411e-04 4.162285e-03 2.393651e-02 5.988215e-02 1.009182e-01 1.551988e-01 2.040457e-01 2.374220e-01 2.798586e-01 3.391471e-01 3.513567e-02 4.739698e-01 6.457886e-01 1.261514e-01 9.967843e-02 8.045668e-02 7.138529e-02 6.488179e-02 6.909217e-02 7.373787e-02 4.756160e-29 6.562473e-39 1.913271e-39 6.736042e-42 3.364518e-42 2.848840e-42 8.646012e-43 1.541428e-44 0.000000e+00 0.000000e+00
-9.999000e+03 -9.999000e+03 -9.999000e+03 -9.999000e+03 -9.999000e+03 -9.999000e+03 -9.999000e+03 -9.999000e+03 -9.999000e+03 -9.999000e+03 -9.999000e+03 -9.999000e+03 -9.999000e+03 -9.999000e+03 -9.999000e+03 2.015194e-03 3.177079e-05 3.364099e-10 3.217533e-16 1.108610e-17 3.703019e-07 1.189487e-37 5.153411e-33 5.203252e-27 7.366105e-24 9.450009e-21 5.136810e-18 2.003167e-15 4.576615e-13 3.782431e-11 3.862153e-09 7.173057e-07 1.618778e-05 7.785874e-04 2.017922e-02 7.186663e-02 1.107061e-01 2.902183e-03 2.196423e-04 5.259626e-06 9.553883e-07 5.421504e-07 6.109580e-02 1.018039e-01 1.274337e-01 3.714593e-37 1.105531e-36 9.632526e-42 3.049225e-42 2.368194e-43 0.000000e+00 0.000000e+00
-9.999000e+03 -9.999000e+03 -9.999000e+03 -9.999000e+03 -9.999000e+03 -9.999000e+03 -9.999000e+03 -9.999000e+03 -9.999000e+03 -9.999000e+03 -9.999000e+03 -9.999000e+03 -9.999000e+03 -9.999000e+03 2.392822e-03 4.321015e-03 1.055279e-04 8.020291e-09 8.969711e-42 2.456819e-12 3.363327e-40 8.758774e-40 2.734693e-39 1.106051e-37 2.857765e-34 1.411022e-39 6.387787e-39 1.863727e-42 1.551237e-42 4.494469e-40 1.999375e-38 2.374411e-27 1.098983e-22 1.130545e-18 3.263718e-15 1.478994e-12 0.000000e+00 0.000000e+00 7.894916e-42 1.821688e-43 1.401298e-45 0.000000e+00 1.505240e-39 4.287036e-36 1.086679e-32 1.037421e-01 1.391411e-01 1.665699e-01 1.171397e-38 5.456335e-37 4.203895e-45 0.000000e+00
-9.999000e+03 -9.999000e+03 -9.999000e+03 -9.999000e+03 -9.999000e+03 -9.999000e+03 -9.999000e+03 -9.999000e+03 -9.999000e+03 -9.999000e+03 -9.999000e+03 -9.999000e+03 -9.999000e+03 -9.999000e+03 2.110319e-03 3.327086e-05 8.660221e-40 2.571383e-42 7.691454e-13 1.401298e-45 8.127531e-44 7.917336e-43 1.967413e-39 2.136980e-42 5.226843e-43 2.084712e-41 2.146789e-42 9.234557e-43 4.135694e-40 9.118131e-38 1.258658e-35 0.000000e+00 1.331234e-43 9.332648e-43 2.347890e-36 0.000000e+00 0.000000e+00 1.401298e-45 0.000000e+00 0.000000e+00 0.000000e+00 1.303208e-43 0.000000e+00 0.000000e+00 0.000000e+00 1.810478e-42 2.523275e-39 2.812927e-36 1.444140e-01 1.717872e-01 2.473215e-01 1.428771e-38
-9.999000e+03 -9.999000e+03 -9.999000e+03 -9.999000e+03 -9.999000e+03 -9.999000e+03 -9.999000e+03 -9.999000e+03 -9.999000e+03 -9.999000e+03 -9.999000e+03 -9.999000e+03 -9.999000e+03 4.784427e-03 3.722268e-04 7.636438e-30 5.676660e-42 1.911440e-13 0.000000e+00 0.000000e+00 1.247156e-43 6.530051e-43 1.638118e-42 1.947805e-43 1.099235e-40 2.002456e-42 1.363463e-42 6.011570e-43 3.517259e-43 0.000000e+00 0.000000e+00 1.401298e-45 1.247156e-43 1.789811e-38 0.000000e+00 0.000000e+00 0.000000e+00 0.000000e+00 0.000000e+00 0.000000e+00 0.000000e+00 0.000000e+00 0.000000e+00 0.000000e+00 0.000000e+00 0.000000e+00 0.000000e+00 0.000000e+00 0.000000e+00 5.605194e-45 9.300796e-40 2.092734e-01
-9.999000e+03 -9.999000e+03 -9.999000e+03 -9.999000e+03 -9.999000e+03 -9.999000e+03 -9.999000e+03 -9.999000e+03 -9.999000e+03 -9.999000e+03 -9.999000e+03 -9.999000e+03 2.487364e-03 7.875941e-03 1.892577e-16 5.207365e-41 9.078442e-14 0.000000e+00 0.000000e+00 1.401298e-45 1.107026e-43 5.829402e-43 1.821688e-44 2.200330e-39 1.844109e-42 1.646526e-42 1.158874e-42 6.291830e-43 0.000000e+00 0.000000e+00 0.000000e+00 1.261169e-44 1.514299e-40 0.000000e+00 0.000000e+00 0.000000e+00 0.000000e+00 0.000000e+00 0.000000e+00 0.000000e+00 0.000000e+00 0.000000e+00 0.000000e+00 0.000000e+00 0.000000e+00 0.000000e+00 0.000000e+00 0.000000e+00 0.000000e+00 0.000000e+00 1.464455e-40 1.181609e-37
-9.999000e+03 -9.999000e+03 -9.999000e+03 -9.999000e+03 -9.999000e+03 -9.999000e+03 -9.999000e+03 -9.999000e+03 -9.999000e+03 -9.999000e+03 -9.999000e+03 -9.999000e+03 5.430195e-03 5.959776e-09 6.314489e-40 3.643090e-14 0.000000e+00 0.000000e+00 0.000000e+00 2.802597e-45 1.331234e-43 0.000000e+00 4.574755e-38 1.184097e-42 1.413910e-42 1.625506e-42 1.549836e-42 0.000000e+00 0.000000e+00 0.000000e+00 2.802597e-45 1.803471e-42 0.000000e+00 0.000000e+00 0.000000e+00 0.000000e+00 0.000000e+00 0.000000e+00 0.000000e+00 0.000000e+00 0.000000e+00 0.000000e+00 0.000000e+00 0.000000e+00 0.000000e+00 0.000000e+00 0.000000e+00 0.000000e+00 0.000000e+00 4.105805e-43 0.000000e+00 0.000000e+00
-9.999000e+03 -9.999000e+03 -9.999000e+03 -9.999000e+03 -9.999000e+03 -9.999000e+03 -9.999000e+03 -9.999000e+03 -9.999000e+03 -9.999000e+03 -9.999000e+03 3.198308e-03 1.802136e-04 1.319238e-31 2.172399e-14 0.000000e+00 0.000000e+00 0.000000e+00 0.000000e+00 4.063766e-44 0.000000e+00 5.508437e-37 4.848493e-43 7.721155e-43 1.261169e-42 1.978633e-42 0.000000e+00 0.000000e+00 0.000000e+00 1.401298e-45 0.000000e+00 0.000000e+00 0.000000e+00 0.000000e+00 0.000000e+00 0.000000e+00 0.000000e+00 0.000000e+00 0.000000e+00 0.000000e+00 0.000000e+00 0.000000e+00 0.000000e+00 0.000000e+00 0.000000e+00 0.000000e+00 0.000000e+00 0.000000e+00 0.000000e+00 0.000000e+00 0.000000e+00 0.000000e+00
-9.999000e+03 -9.999000e+03 -9.999000e+03 -9.999000e+03 -9.999000e+03 -9.999000e+03 -9.999000e+03 -9.999000e+03 -9.999000e+03 -9.999000e+03 3.549854e-03 7.366788e-03 2.226847e-17 2.070652e-14 0.000000e+00 0.000000e+00 0.000000e+00 0.000000e+00 5.745324e-44 0.000000e+00 2.417180e-36 3.012792e-43 4.904545e-43 1.001928e-42 1.789458e-42 0.000000e+00 0.000000e+00 0.000000e+00 0.000000e+00 0.000000e+00 0.000000e+00 0.000000e+00 0.000000e+00 0.000000e+00 0.000000e+00 0.000000e+00 0.000000e+00 0.000000e+00 0.000000e+00 0.000000e+00 0.000000e+00 0.000000e+00 0.000000e+00 0.000000e+00 0.000000e+00 0.000000e+00 0.000000e+00 0.000000e+00 0.000000e+00 0.000000e+00 0.000000e+00 0.000000e+00
-9.999000e+03 -9.999000e+03 -9.999000e+03 -9.999000e+03 -9.999000e+03 -9.999000e+03 -9.999000e+03 -9.999000e+03 -9.999000e+03 -9.999000e+03 4.227527e-03 2.173736e-09 3.633798e-15 0.000000e+00 0.000000e+00 0.000000e+00 0.000000e+00 1.793662e-43 0.000000e+00 4.171913e-36 4.386064e-43 5.310921e-43 1.059382e-42 1.468561e-42 0.000000e+00 0.000000e+00 0.000000e+00 0.000000e+00 0.000000e+00 0.000000e+00 0.000000e+00 0.000000e+00 0.000000e+00 0.000000e+00 0.000000e+00 0.000000e+00 0.000000e+00 0.000000e+00 0.000000e+00 0.000000e+00 0.000000e+00 0.000000e+00 0.000000e+00 0.000000e+00 0.000000e+00 0.000000e+00 0.000000e+00 0.000000e+00 0.000000e+00 7.006492e-45 1.737610e-43 6.235778e-43
-9.999000e+03 -9.999000e+03 -9.999000e+03 -9.999000e+03 -9.999000e+03 -9.999000e+03 -9.999000e+03 -9.999000e+03 -9.999000e+03 4.145399e-03 1.159900e-04 4.856586e-16 0.000000e+00 0.000000e+00 0.000000e+00 0.000000e+00 5.198817e-43 0.000000e+00 2.775285e-36 1.607289e-42 1.195308e-42 2.145388e-42 1.227537e-42 0.000000e+00 0.000000e+00 0.000000e+00 0.000000e+00 0.000000e+00 0.000000e+00 0.000000e+00 0.000000e+00 0.000000e+00 0.000000e+00 0.000000e+00 0.000000e+00 0.000000e+00 0.000000e+00 5.605194e-45 0.000000e+00 0.000000e+00 0.000000e+00 0.000000e+00 0.000000e+00 0.000000e+00 0.000000e+00 0.000000e+00 0.000000e+00 0.000000e+00 7.006492e-45 1.261169e-43 5.549142e-43 1.943601e-42
-9.999000e+03 -9.999000e+03 -9.999000e+03 -9.999000e+03 -9.999000e+03 -9.999000e+03 -9.999000e+03 -9.999000e+03 -9.999000e+03 3.296858e-03 5.630283e-09 4.484155e-44 0.000000e+00 0.000000e+00 0.000000e+00 2.774571e-43 0.000000e+00 8.471668e-37 9.135065e-42 5.993354e-42 1.425541e-41 1.401298e-42 0.000000e+00 0.000000e+00 0.000000e+00 0.000000e+00 0.000000e+00 0.000000e+00 0.000000e+00 0.000000e+00 0.000000e+00 0.000000e+00 0.000000e+00 0.000000e+00 0.000000e+00 0.000000e+00 0.000000e+00 0.000000e+00 9.248570e-44 0.000000e+00 0.000000e+00 0.000000e+00 0.000000e+00 0.000000e+00 2.802597e-45 9.248570e-44 3.503246e-43 9.024362e-43 1.806274e-42 3.040818e-42 2.618651e-06 2.599357e-07
-9.999000e+03 -9.999000e+03 -9.999000e+03 -9.999000e+03 -9.999000e+03 -9.999000e+03 -9.999000e+03 -9.999000e+03 6.151562e-03 1.784857e-04 6.421279e-21 0.000000e+00 0.000000e+00 0.000000e+00 4.203895e-45 3.068844e-43 2.293923e-38 3.441029e-41 3.448736e-41 3.782441e-40 1.760031e-42 0.000000e+00 0.000000e+00 0.000000e+00 0.000000e+00 7.126486e-26 5.803441e-24 3.472605e-22 3.366277e-20 7.297028e-18 3.991135e-16 2.898782e-15 1.425785e-14 5.489524e-14 2.250926e-13 1.015944e-12 3.918821e-12 7.793187e-12 5.701233e-13 5.091031e-15 1.246946e-18 8.268838e-25 1.105350e-32 1.096018e-30 3.813297e-28 4.134909e-26 4.072168e-25 4.006860e-24 3.328291e-23 1.377753e-05 2.856785e-40 2.839829e-40
-9.999000e+03 -9.999000e+03 -9.999000e+03 -9.999000e+03 -9.999000e+03 -9.999000e+03 -9.999000e+03 3.624719e-03 7.026846e-03 3.331714e-22 0.000000e+00 0.000000e+00 0.000000e+00 0.000000e+00 2.802597e-45 2.768966e-42 1.339361e-41 6.038475e-41 2.134679e-38 2.038889e-42 0.000000e+00 0.000000e+00 0.000000e+00 1.879064e-32 1.074814e-29 0.000000e+00 0.000000e+00 0.000000e+00 0.000000e+00 7.006492e-45 3.727454e-43 7.889310e-43 7.749181e-43 5.324934e-43 3.909623e-43 4.386064e-43 7.777206e-43 2.170611e-42 4.477149e-42 4.870913e-42 5.546339e-42 7.997210e-42 1.112911e-41 1.607850e-41 1.865268e-41 1.761853e-41 1.933231e-41 3.274414e-41 4.602762e-05 2.999381e-40 2.958772e-40 2.824934e-40
-9.999000e+03 -9.999000e+03 -9.999000e+03 -9.999000e+03 -9.999000e+03 -9.999000e+03 -9.999000e+03 4.470029e-03 0.000000e+00 2.768913e-23 0.000000e+00 0.000000e+00 0.000000e+00 0.000000e+00 2.172013e-43 1.631111e-42 1.109548e-41 6.926261e-37 1.126644e-42 9.346661e-43 1.487213e-39 8.608411e-37 2.564874e-34 0.000000e+00 0.000000e+00 0.000000e+00 0.000000e+00 0.000000e+00 0.000000e+00 0.000000e+00 0.000000e+00 0.000000e+00 1.401298e-45 2.382207e-44 1.401298e-43 4.456129e-43 1.636080e-09 2.753101e-08 3.396604e-07 1.427610e-06 4.380042e-06 1.443872e-05 2.420454e-07 1.642456e-07 8.637677e-07 1.049351e-02 2.098485e-04 1.103004e-04 1.432716e-40 2.354280e-40 2.736231e-40 3.117791e-40
-9.999000e+03 -9.999000e+03 -9.999000e+03 -9.999000e+03 -9.999000e+03 -9.999000e+03 -9.999000e+03 0.000000e+00 5.713012e-18 0.000000e+00 0.000000e+00 0.000000e+00 0.000000e+00 0.000000e+00 7.006492e-44 1.425121e-42 9.968833e-36 8.688050e-44 4.007714e-43 4.694350e-43 3.881597e-43 3.657389e-43 0.000000e+00 0.000000e+00 0.000000e+00 0.000000e+00 0.000000e+00 0.000000e+00 0.000000e+00 0.000000e+00 0.000000e+00 1.261169e-44 1.625506e-43 5.475600e-13 7.959833e-12 9.821073e-11 2.828521e-41 1.387986e-41 6.719226e-42 3.258019e-42 2.010863e-42 2.385010e-42 2.183223e-42 1.419878e-39 4.190508e-37 9.239052e-35 9.500804e-42 2.001755e-41 4.902443e-41 1.281922e-40 2.827568e-40 3.142510e-40
