tests/data/reference/test_implicit_stream_rill_mfda/control/volrest_m3.asc
ncols	123
nrows	77
xllcorner	-713746.79929998
yllcorner	-1061022.36961616
cellsize	10.0
NODATA_value	-9999
[rows 23 to 45 of 77, columns 0 to 51 of 123]
-9.999000e+03 -9.999000e+03 -9.999000e+03 -9.999000e+03 -9.999000e+03 -9.999000e+03 -9.999000e+03 -9.999000e+03 -9.999000e+03 -9.999000e+03 -9.999000e+03 -9.999000e+03 -9.999000e+03 -9.999000e+03 4.704568e-27 3.612669e-21 8.267463e-20 5.305244e-25 1.721421e-27 3.162773e-24 1.298728e-26 1.607710e-03 3.176530e-25 2.832351e-05 6.607201e-16 2.309118e-17 4.583552e-15 6.270103e-20 2.738727e-26 1.134664e-20 7.162265e-31 1.744773e-29 2.035195e-28 6.531471e-25 3.321517e-21 8.933395e-23 3.354425e-17 4.966684e-31 2.536341e-21 1.142506e-23 6.328019e-24 2.881151e-24 1.494613e-23 2.851139e-24 2.746430e-24 6.825110e-25 1.321156e-24 2.900028e-23 7.823291e-26 6.615349e-28 8.042452e-29 3.086374e-31
-9.999000e+03 -9.999000e+03 -9.999000e+03 -9.999000e+03 -9.999000e+03 -9.999000e+03 -9.999000e+03 -9.999000e+03 -9.999000e+03 -9.999000e+03 -9.999000e+03 -9.999000e+03 -9.999000e+03 -9.999000e+03 2.491053e-21 6.596416e-09 1.530188e-16 3.685864e-26 2.223597e-27 1.438752e-28 1.844335e-03 3.182243e-03 1.501566e-29 1.188792e-26 1.350684e-09 1.811776e-16 2.830243e-14 5.196662e-19 1.441522e-24 5.430210e-30 6.351759e-21 1.791956e-29 2.192204e-28 2.009455e-27 4.106238e-20 7.220265e-23 1.020380e-16 4.626393e-31 7.366093e-21 1.567261e-23 1.095862e-23 6.366389e-24 1.677840e-23 5.493647e-24 5.213138e-24 1.782380e-24 2.731531e-24 2.695658e-23 2.519203e-25 3.944514e-27 3.026840e-31 5.394171e-28
-9.999000e+03 -9.999000e+03 -9.999000e+03 -9.999000e+03 -9.999000e+03 -9.999000e+03 -9.999000e+03 -9.999000e+03 -9.999000e+03 -9.999000e+03 -9.999000e+03 -9.999000e+03 -9.999000e+03 -9.999000e+03 3.918694e-06 8.349036e-24 7.001068e-28 7.267940e-28 9.030924e-28 3.104730e-27 1.546570e-03 3.465606e-05 8.461617e-05 1.300612e-27 1.975057e-26 4.579175e-17 5.183500e-13 2.315778e-18 1.477001e-23 4.618932e-30 2.825704e-28 3.077899e-20 2.169600e-27 2.493526e-27 1.752432e-26 6.189968e-19 5.792176e-31 2.401830e-16 1.110292e-29 4.104405e-20 1.891279e-23 1.207763e-23 2.099356e-23 1.020062e-23 9.476943e-24 4.023231e-24 5.132412e-24 2.378772e-23 6.407643e-25 1.681193e-26 5.355536e-30 2.415912e-31
-9.999000e+03 -9.999000e+03 -9.999000e+03 -9.999000e+03 -9.999000e+03 -9.999000e+03 -9.999000e+03 -9.999000e+03 -9.999000e+03 -9.999000e+03 -9.999000e+03 -9.999000e+03 2.065603e-28 1.736627e-27 2.338268e-17 2.067948e-25 5.827249e-28 3.011705e-25 1.268788e-26 1.682188e-03 2.982804e-05 2.804112e-05 2.006697e-09 9.099986e-09 4.270491e-26 2.002457e-25 1.479999e-11 1.310128e-17 1.680060e-22 3.875737e-28 5.452482e-30 8.719315e-27 7.474894e-20 1.023210e-25 2.799717e-25 8.929405e-26 4.764266e-18 1.205238e-29 5.149163e-16 1.470279e-28 8.210012e-22 2.186191e-23 3.102769e-23 1.858220e-23 1.631096e-23 7.739546e-24 8.355885e-24 2.161320e-23 1.357542e-24 5.629040e-26 4.876145e-29 2.169113e-31
-9.999000e+03 -9.999000e+03 -9.999000e+03 -9.999000e+03 -9.999000e+03 -9.999000e+03 -9.999000e+03 -9.999000e+03 -9.999000e+03 -9.999000e+03 -9.999000e+03 -9.999000e+03 -9.999000e+03 2.603013e-28 3.944548e-25 2.463949e-25 3.499490e-26 3.597749e-26 2.296910e-03 4.280380e-05 9.155364e-10 2.071789e-17 1.285759e-09 2.414929e-16 5.468324e-15 1.036811e-13 1.927195e-12 1.044148e-09 9.109892e-17 1.973544e-21 1.527027e-26 4.691642e-28 2.757687e-25 2.541406e-19 2.452793e-24 3.748477e-24 2.719546e-24 4.197338e-19 1.529680e-28 7.962542e-16 8.099081e-22 3.886994e-23 4.579143e-23 3.296180e-23 2.532791e-23 1.220671e-23 1.086958e-23 1.943266e-23 2.506544e-24 1.592039e-25 3.316683e-28 4.064923e-30
-9.999000e+03 -9.999000e+03 -9.999000e+03 -9.999000e+03 -9.999000e+03 -9.999000e+03 -9.999000e+03 -9.999000e+03 -9.999000e+03 -9.999000e+03 -9.999000e+03 -9.999000e+03 -9.999000e+03 -9.999000e+03 -9.999000e+03 4.228239e-27 1.496036e-24 2.282715e-03 3.986106e-03 9.993224e-05 1.065276e-08 1.337375e-15 2.648281e-19 4.253724e-18 3.788576e-17 1.798209e-16 6.765234e-16 1.343704e-10 5.226789e-07 2.802200e-16 1.961146e-20 6.201931e-25 3.576988e-26 1.051188e-23 6.772163e-19 1.877852e-23 2.989843e-23 3.417369e-23 9.663451e-15 1.157102e-26 1.882685e-17 6.023109e-23 6.566000e-23 4.448396e-23 3.435476e-23 1.730425e-23 1.332494e-23 1.805923e-23 4.199550e-24 3.906093e-25 1.772366e-27 4.127711e-29
-9.999000e+03 -9.999000e+03 -9.999000e+03 -9.999000e+03 -9.999000e+03 -9.999000e+03 -9.999000e+03 -9.999000e+03 -9.999000e+03 -9.999000e+03 -9.999000e+03 -9.999000e+03 -9.999000e+03 -9.999000e+03 -9.999000e+03 -9.999000e+03 5.738662e-26 2.799743e-03 5.064999e-05 3.185267e-09 1.630851e-16 3.219173e-20 3.926707e-19 1.800325e-18 3.845076e-18 4.008235e-18 3.616723e-18 3.963043e-18 3.776792e-18 1.775105e-08 1.077242e-08 1.179024e-06 2.813952e-23 1.784810e-24 1.663833e-22 1.082268e-18 3.647888e-18 3.204695e-17 4.635329e-22 3.299345e-13 2.002924e-25 1.704806e-17 6.937207e-23 4.631772e-23 3.546510e-23 1.942596e-23 1.524995e-23 1.775815e-23 6.263178e-24 9.284225e-25 8.291528e-27 3.240207e-28
-9.999000e+03 -9.999000e+03 -9.999000e+03 -9.999000e+03 -9.999000e+03 -9.999000e+03 -9.999000e+03 -9.999000e+03 -9.999000e+03 -9.999000e+03 -9.999000e+03 -9.999000e+03 -9.999000e+03 -9.999000e+03 -9.999000e+03 -9.999000e+03 2.065382e-03 3.299734e-05 4.839659e-10 5.660980e-18 1.124613e-21 9.325759e-06 1.969534e-04 1.670121e-03 9.056572e-03 3.717621e-02 7.852274e-02 1.328976e-01 1.821603e-01 2.162045e-01 2.584691e-01 3.166742e-01 3.844797e-01 5.830715e-01 6.882986e-01 1.316682e-01 1.040967e-01 8.523569e-02 7.909825e-02 7.722716e-02 8.814281e-02 9.700525e-02 1.002683e-18 8.781541e-22 4.807987e-22 3.041031e-23 2.152980e-23 2.164679e-23 1.046592e-23 2.183638e-24 3.773293e-26 2.414199e-27
-9.999000e+03 -9.999000e+03 -9.999000e+03 -9.999000e+03 -9.999000e+03 -9.999000e+03 -9.999000e+03 -9.999000e+03 -9.999000e+03 -9.999000e+03 -9.999000e+03 -9.999000e+03 -9.999000e+03 -9.999000e+03 -9.999000e+03 2.060405e-03 3.291950e-05 3.588784e-10 3.344309e-15 1.958883e-12 1.593563e-07 3.668538e-21 7.783015e-19 4.773687e-17 1.069423e-15 4.116516e-14 9.523947e-13 1.915176e-11 2.797919e-10 2.629352e-09 2.664204e-08 4.008004e-07 8.613732e-06 4.074581e-04 1.021799e-02 5.337509e-02 9.128162e-02 2.215747e-03 2.473890e-04 4.126381e-05 1.022956e-05 1.362826e-06 8.286656e-02 1.278969e-01 1.487381e-01 6.731376e-21 1.241254e-20 4.076286e-23 2.027941e-23 5.420415e-24 1.838840e-25 1.959588e-26
-9.999000e+03 -9.999000e+03 -9.999000e+03 -9.999000e+03 -9.999000e+03 -9.999000e+03 -9.999000e+03 -9.999000e+03 -9.999000e+03 -9.999000e+03 -9.999000e+03 -9.999000e+03 -9.999000e+03 -9.999000e+03 2.444204e-03 4.413483e-03 1.091658e-04 8.530765e-09 4.039412e-23 3.761771e-10 2.024995e-22 3.168164e-22 5.415594e-22 3.691362e-21 1.980351e-19 4.007581e-22 1.006152e-21 1.734867e-23 1.608453e-23 2.486331e-22 1.676521e-21 4.746296e-17 5.373027e-15 5.300972e-13 2.923928e-11 6.193746e-10 1.487070e-26 6.004883e-26 3.201290e-23 4.718568e-24 1.018945e-24 9.091635e-25 4.756511e-22 2.720417e-20 1.394656e-18 1.166870e-01 1.478452e-01 1.682863e-01 1.268161e-21 8.192275e-21 1.659025e-24 2.367953e-25
-9.999000e+03 -9.999000e+03 -9.999000e+03 -9.999000e+03 -9.999000e+03 -9.999000e+03 -9.999000e+03 -9.999000e+03 -9.999000e+03 -9.999000e+03 -9.999000e+03 -9.999000e+03 -9.999000e+03 -9.999000e+03 2.157121e-03 3.446056e-05 3.026260e-22 2.127619e-23 2.619562e-10 1.173494e-24 3.559737e-24 1.063686e-23 5.025895e-22 1.860293e-23 8.488220e-24 6.910540e-23 1.861270e-23 1.159135e-23 2.746144e-22 4.278109e-21 4.881059e-20 5.792040e-25 4.506047e-24 1.144836e-23 2.046853e-20 3.787656e-29 4.544162e-28 1.389721e-24 2.508744e-25 4.585598e-26 3.216825e-26 4.046897e-24 1.205102e-25 1.111520e-25 2.753582e-25 1.919321e-23 7.379035e-22 2.512141e-20 1.407961e-01 1.615296e-01 2.251155e-01 1.349303e-21
-9.999000e+03 -9.999000e+03 -9.999000e+03 -9.999000e+03 -9.999000e+03 -9.999000e+03 -9.999000e+03 -9.999000e+03 -9.999000e+03 -9.999000e+03 -9.999000e+03 -9.999000e+03 -9.999000e+03 4.885619e-03 3.842953e-04 3.107339e-22 2.877711e-23 1.426460e-10 1.592629e-25 7.017235e-25 4.448060e-24 1.034534e-23 1.678405e-23 5.179417e-24 1.525153e-22 1.811853e-23 1.515118e-23 1.001849e-23 7.800545e-24 9.480466e-25 9.778746e-26 1.148215e-24 4.303839e-24 1.839476e-21 9.314041e-31 2.337006e-29 5.176188e-25 7.031438e-26 1.202228e-26 9.025032e-27 3.216508e-25 4.612559e-27 3.513313e-27 1.641612e-26 1.560645e-26 2.602946e-27 5.785626e-27 6.397381e-27 9.585937e-27 2.125185e-24 5.052603e-22 1.856018e-01
-9.999000e+03 -9.999000e+03 -9.999000e+03 -9.999000e+03 -9.999000e+03 -9.999000e+03 -9.999000e+03 -9.999000e+03 -9.999000e+03 -9.999000e+03 -9.999000e+03 -9.999000e+03 2.540232e-03 8.030978e-03 2.086782e-16 7.540846e-23 1.013333e-10 2.231881e-26 1.224957e-25 1.179517e-24 4.309233e-24 1.020935e-23 2.450913e-24 6.167747e-22 1.777708e-23 1.672835e-23 1.397407e-23 1.029826e-23 4.400986e-25 2.155593e-26 3.509360e-25 2.154955e-24 1.693883e-22 3.158312e-28 8.380237e-31 1.987008e-25 1.686923e-26 2.407796e-27 1.837182e-27 1.700892e-25 1.018775e-27 7.661619e-28 6.791285e-28 6.535085e-28 8.105720e-29 3.774086e-28 3.313981e-28 2.910412e-28 6.666167e-28 1.177591e-27 1.282003e-22 3.905962e-21
-9.999000e+03 -9.999000e+03 -9.999000e+03 -9.999000e+03 -9.999000e+03 -9.999000e+03 -9.999000e+03 -9.999000e+03 -9.999000e+03 -9.999000e+03 -9.999000e+03 -9.999000e+03 5.537477e-03 6.279997e-09 2.526751e-22 6.664332e-11 2.582439e-27 1.913526e-26 3.198242e-25 1.552317e-24 4.881075e-24 5.832688e-25 2.441702e-21 1.486760e-23 1.604927e-23 1.690661e-23 1.621726e-23 2.175371e-25 5.097655e-27 1.550487e-25 1.458940e-24 1.917869e-23 7.647998e-31 2.327906e-29 7.852425e-26 3.553320e-27 3.746532e-28 3.390246e-28 9.496590e-26 2.106820e-28 1.613758e-28 1.236762e-28 1.050007e-28 8.962960e-30 8.568222e-30 7.616684e-30 6.667408e-30 2.791795e-29 3.008605e-29 7.151334e-24 1.726524e-27 2.889112e-27
-9.999000e+03 -9.999000e+03 -9.999000e+03 -9.999000e+03 -9.999000e+03 -9.999000e+03 -9.999000e+03 -9.999000e+03 -9.999000e+03 -9.999000e+03 -9.999000e+03 3.261695e-03 1.854651e-04 1.090556e-21 5.177535e-11 1.686013e-28 2.422535e-27 9.133886e-26 7.300415e-25 3.057094e-24 9.123564e-26 7.339628e-21 9.472361e-24 1.141409e-23 1.562785e-23 1.833787e-23 8.215742e-26 9.265597e-28 5.745267e-26 1.157791e-24 5.388579e-26 8.425536e-25 1.167330e-30 2.892398e-26 5.290244e-28 4.004937e-29 4.000418e-29 4.465493e-26 3.473232e-29 2.889218e-29 2.084473e-29 1.317139e-29 4.240213e-31 4.422281e-31 4.209295e-31 3.781780e-31 3.559109e-31 3.384130e-31 3.414828e-25 5.739803e-29 6.708228e-29 7.217418e-29
-9.999000e+03 -9.999000e+03 -9.999000e+03 -9.999000e+03 -9.999000e+03 -9.999000e+03 -9.999000e+03 -9.999000e+03 -9.999000e+03 -9.999000e+03 3.618064e-03 7.500174e-03 2.465797e-17 5.079966e-11 7.483171e-30 2.428312e-28 3.164659e-26 4.725904e-25 3.187276e-24 1.582411e-26 1.529775e-20 7.598984e-24 9.529144e-24 1.365611e-23 1.755742e-23 1.588905e-26 7.981513e-29 1.228498e-26 5.038550e-25 1.640229e-26 1.615070e-26 1.442651e-26 1.140209e-26 4.723307e-29 1.330561e-30 1.674772e-30 1.173847e-26 2.003290e-30 1.932549e-30 1.734701e-30 1.180981e-30 6.339032e-31 1.209623e-29 1.595374e-28 1.292226e-27 7.311524e-27 3.292078e-26 1.230265e-25 4.129191e-31 5.105126e-31 5.131926e-31 2.091762e-30
-9.999000e+03 -9.999000e+03 -9.999000e+03 -9.999000e+03 -9.999000e+03 -9.999000e+03 -9.999000e+03 -9.999000e+03 -9.999000e+03 -9.999000e+03 4.304431e-03 2.295738e-09 2.131464e-11 9.234989e-28 1.426564e-29 1.076535e-26 3.552878e-25 5.050681e-24 2.283503e-27 2.040966e-20 8.664902e-24 9.734394e-24 1.446893e-23 1.596391e-23 2.006370e-27 2.467266e-30 1.512223e-27 1.287546e-25 2.031460e-27 2.756372e-27 2.967720e-27 2.905694e-27 2.972192e-30 1.690953e-30 5.072677e-29 1.221944e-27 2.675155e-30 1.262582e-28 2.080220e-27 1.562984e-26 1.270454e-30 6.625872e-31 1.367297e-29 1.814694e-28 1.618074e-27 1.002106e-26 4.409033e-26 1.605652e-25 5.428913e-25 1.822914e-24 4.879813e-24 9.173577e-24
-9.999000e+03 -9.999000e+03 -9.999000e+03 -9.999000e+03 -9.999000e+03 -9.999000e+03 -9.999000e+03 -9.999000e+03 -9.999000e+03 4.221288e-03 1.195194e-04 6.937632e-12 3.605978e-26 1.826393e-29 1.261259e-27 1.843271e-25 8.552007e-24 2.592242e-28 1.836925e-20 1.570410e-23 1.402650e-23 2.055845e-23 1.428192e-23 1.181712e-28 2.736802e-30 1.089877e-28 2.139369e-26 1.295743e-28 1.662764e-28 2.747515e-28 3.035667e-28 4.698389e-30 1.304264e-28 1.095899e-27 7.481556e-27 5.609565e-26 3.518128e-25 1.873040e-24 2.012714e-30 1.321969e-30 3.150406e-26 1.736214e-29 1.806435e-28 1.826326e-27 1.346675e-26 7.422350e-26 2.821736e-25 7.212292e-25 1.772556e-24 4.091411e-24 8.545255e-24 1.586694e-23
-9.999000e+03 -9.999000e+03 -9.999000e+03 -9.999000e+03 -9.999000e+03 -9.999000e+03 -9.999000e+03 -9.999000e+03 -9.999000e+03 3.361620e-03 5.928113e-09 2.951018e-24 1.684813e-27 2.120305e-29 2.383443e-26 6.135742e-24 1.089096e-29 1.039597e-20 3.615192e-23 3.001136e-23 5.146295e-23 1.450677e-23 3.002279e-30 2.641139e-30 1.043102e-28 2.281211e-27 3.341198e-30 3.676671e-30 4.833136e-30 8.170044e-30 7.877952e-30 1.781523e-28 1.521786e-27 8.261075e-27 3.704715e-26 1.629656e-25 6.653570e-25 1.659266e-30 3.613023e-24 3.039094e-29 2.101996e-29 6.593641e-26 1.678105e-25 5.459748e-25 1.544815e-24 3.821083e-24 7.309849e-24 1.097446e-23 1.592419e-23 2.038290e-23 1.338543e-06 2.101883e-07
-9.999000e+03 -9.999000e+03 -9.999000e+03 -9.999000e+03 -9.999000e+03 -9.999000e+03 -9.999000e+03 -9.999000e+03 6.268604e-03 1.836022e-04 2.887376e-14 2.496921e-25 2.372729e-29 1.368709e-27 1.591264e-24 6.642085e-24 1.844246e-21 6.885319e-23 7.088694e-23 2.581240e-22 1.548784e-23 1.501604e-28 2.199599e-27 1.710009e-26 1.102415e-25 1.320153e-16 1.201262e-15 9.374391e-15 8.642001e-14 1.277729e-12 9.368764e-12 2.310182e-11 4.717055e-11 8.722293e-11 1.621280e-10 3.011367e-10 4.798293e-10 4.747553e-10 7.075674e-11 2.030384e-12 4.005975e-15 4.599978e-19 1.530505e-18 7.744501e-18 3.204882e-17 9.439039e-17 2.858109e-16 8.129661e-16 2.216363e-15 6.537228e-06 1.979491e-22 1.939339e-22
-9.999000e+03 -9.999000e+03 -9.999000e+03 -9.999000e+03 -9.999000e+03 -9.999000e+03 -9.999000e+03 3.693926e-03 7.152014e-03 6.980326e-15 6.232914e-28 1.630270e-26 2.081007e-29 2.883003e-25 1.477810e-24 1.962360e-23 4.176220e-23 8.960119e-23 1.930039e-21 1.652326e-23 3.969475e-30 3.390134e-30 1.252301e-28 1.796673e-18 1.255651e-17 1.394858e-25 2.132311e-27 2.323199e-26 2.201703e-25 1.947370e-24 7.187305e-24 9.919472e-24 9.788977e-24 8.481421e-24 7.655196e-24 8.534792e-24 1.124145e-23 1.954450e-23 2.761316e-23 2.856836e-23 2.984456e-23 3.538658e-23 4.159877e-23 4.935552e-23 5.574432e-23 5.339394e-23 5.718392e-23 7.338143e-23 2.170989e-05 2.131900e-22 2.067445e-22 1.948529e-22
-9.999000e+03 -9.999000e+03 -9.999000e+03 -9.999000e+03 -9.999000e+03 -9.999000e+03 -9.999000e+03 4.549871e-03 1.776240e-28 2.098594e-15 1.167847e-29 7.016038e-28 1.911509e-26 2.215104e-25 5.492530e-24 1.538773e-23 4.099094e-23 9.906444e-21 1.205645e-23 1.089643e-23 4.766479e-22 1.123961e-20 2.034503e-19 2.069467e-26 1.930774e-26 9.109099e-29 2.464325e-30 9.566654e-29 2.036508e-27 3.039367e-26 1.990816e-25 5.955558e-25 1.282095e-24 2.466128e-24 4.478326e-24 8.057947e-24 1.787172e-08 7.256528e-08 2.547357e-07 6.908509e-07 2.063307e-06 6.592144e-06 1.104063e-07 8.170833e-08 3.411089e-07 4.756131e-03 9.595462e-05 5.160233e-05 1.507765e-22 1.802922e-22 1.954793e-22 2.198649e-22
-9.999000e+03 -9.999000e+03 -9.999000e+03 -9.999000e+03 -9.999000e+03 -9.999000e+03 -9.999000e+03 7.121508e-28 7.113960e-16 4.039572e-25 1.898644e-29 8.069653e-28 1.474751e-26 9.362783e-25 3.434269e-24 1.544584e-23 3.226891e-20 3.641801e-24 7.490742e-24 8.027831e-24 7.369351e-24 7.405553e-24 1.834909e-27 2.174386e-27 2.801467e-30 2.311408e-30 8.184614e-29 1.452035e-27 1.762896e-26 1.475681e-25 7.145898e-25 2.164352e-24 4.761326e-24 3.191037e-10 1.223360e-09 4.415226e-09 5.957567e-23 4.138294e-23 2.976077e-23 2.067034e-23 1.687964e-23 1.951701e-23 1.829675e-23 5.044896e-22 8.848822e-21 1.364752e-19 3.905736e-23 5.708402e-23 8.482719e-23 1.399688e-22 2.098012e-22 2.190212e-22
