tests/data/reference/test_implicit_stream_rill_mfda/control/volrest_m3.asc
ncols	123
nrows	77
xllcorner	-713746.79929998
yllcorner	-1061022.36961616
cellsize	10.0
NODATA_value	-9999
[rows 46 to 68 of 77, columns 0 to 51 of 123]
-9.999000e+03 -9.999000e+03 -9.999000e+03 -9.999000e+03 -9.999000e+03 -9.999000e+03 4.009567e-03 1.082345e-09 1.522511e-41 8.662827e-42 0.000000e+00 5.605194e-45 1.298793e-40 3.350872e-39 2.512132e-36 6.629003e-28 8.607224e-39 1.806315e-36 1.004631e-35 1.369261e-35 1.028967e-35 0.000000e+00 0.000000e+00 0.000000e+00 3.783506e-44 2.337366e-42 9.114466e-41 3.590893e-39 4.840933e-37 7.862077e-36 4.523586e-35 1.324806e-11 6.864363e-11 6.750759e-34 6.170695e-34 3.914446e-34 2.065910e-34 1.011874e-34 5.123840e-35 2.693421e-35 3.055176e-35 1.989989e-35 2.513316e-35 2.353659e-35 3.092040e-35 5.204824e-35 9.039387e-35 1.618902e-34 3.614344e-34 1.517497e-33 3.134572e-33 4.070439e-33
-9.999000e+03 -9.999000e+03 -9.999000e+03 -9.999000e+03 -9.999000e+03 -9.999000e+03 8.176905e-05 2.643184e-31 9.809089e-45 4.203895e-45 0.000000e+00 8.800154e-43 4.083103e-41 1.867782e-38 3.253138e-28 7.161196e-41 6.137556e-39 2.173402e-36 1.294304e-35 1.536826e-35 0.000000e+00 0.000000e+00 0.000000e+00 0.000000e+00 0.000000e+00 1.681558e-44 1.486778e-42 2.584250e-17 1.211158e-15 3.082151e-14 7.544237e-13 7.999873e-35 1.190890e-34 1.548197e-34 1.387330e-34 1.044339e-34 6.797668e-35 3.713325e-35 1.944457e-35 2.646271e-35 1.118933e-35 1.312643e-35 1.020699e-35 1.047381e-35 1.386135e-35 2.066542e-35 3.513875e-35 5.849256e-35 1.816666e-34 3.784959e-34 1.072949e-33 1.400811e-33
-9.999000e+03 -9.999000e+03 -9.999000e+03 -9.999000e+03 -9.999000e+03 5.212425e-03 3.308473e-29 5.587588e-34 0.000000e+00 0.000000e+00 4.203895e-45 1.032757e-42 3.886241e-39 1.146192e-28 3.096870e-43 4.160315e-41 2.918130e-39 6.816555e-37 6.191931e-36 7.990298e-36 5.451528e-33 2.062175e-30 3.296484e-28 5.713620e-25 9.786451e-23 7.293332e-21 3.619127e-19 2.974199e-37 1.369393e-36 3.189705e-36 5.257055e-36 1.047760e-35 2.439459e-35 3.151804e-35 3.212641e-35 2.881109e-35 1.998734e-35 1.085506e-35 2.241023e-35 7.858440e-36 9.742336e-36 6.580547e-36 6.025384e-36 6.224437e-36 7.224005e-36 9.059270e-36 1.317127e-35 5.024515e-35 6.601356e-35 1.369913e-34 1.539941e-34 2.749474e-40
-9.999000e+03 -9.999000e+03 -9.999000e+03 -9.999000e+03 1.473944e-02 1.430349e-26 4.450524e-42 5.144236e-38 0.000000e+00 0.000000e+00 1.681558e-44 2.847230e-39 3.103768e-29 1.401298e-45 4.736389e-43 3.572610e-41 1.200289e-39 7.901807e-38 2.147509e-36 1.345930e-36 1.953646e-37 2.911132e-38 1.025617e-30 1.097217e-42 2.735615e-41 3.287754e-40 1.734146e-39 3.882607e-39 1.839856e-38 6.399959e-38 2.315808e-37 2.110856e-36 4.249643e-36 6.045310e-36 7.205130e-36 6.888016e-36 4.836189e-36 1.795988e-35 4.076293e-36 6.922401e-36 4.097334e-36 3.897531e-36 3.889593e-36 3.854259e-36 3.718637e-36 3.872581e-36 1.755101e-35 1.713591e-35 3.208216e-35 1.940225e-35 2.530745e-42 4.925564e-42
-9.999000e+03 -9.999000e+03 -9.999000e+03 -9.999000e+03 7.748631e-03 5.366310e-37 8.407791e-45 3.995102e-42 7.146622e-44 0.000000e+00 8.415736e-40 2.570645e-30 0.000000e+00 2.802597e-45 5.240856e-43 2.190790e-41 5.678019e-40 1.827322e-38 7.709480e-38 1.342281e-38 3.481582e-39 7.596407e-32 9.809089e-45 3.657389e-43 6.310047e-42 4.191144e-41 8.256731e-41 3.358968e-40 6.789739e-40 1.489062e-39 6.808644e-39 2.181013e-38 7.909552e-38 2.139268e-37 3.491807e-37 3.785721e-37 8.921178e-36 1.478050e-36 3.830968e-36 1.727912e-36 1.687004e-36 1.918800e-36 2.040050e-36 1.875787e-36 1.636229e-36 9.785444e-36 4.906091e-36 8.458393e-36 3.840406e-36 2.942727e-44 3.643376e-44 6.866362e-44
-9.999000e+03 -9.999000e+03 -9.999000e+03 4.874754e-03 5.103877e-25 9.360127e-40 0.000000e+00 1.219130e-43 0.000000e+00 4.614616e-41 5.009010e-33 8.802465e-39 0.000000e+00 4.203895e-45 4.918558e-43 1.560626e-41 3.615840e-40 1.621503e-39 1.926944e-39 6.532797e-40 4.130982e-33 0.000000e+00 4.203895e-45 1.429324e-43 1.135052e-42 2.016468e-42 1.043687e-41 1.715049e-41 3.193839e-41 2.202729e-40 5.456390e-40 1.034836e-39 1.750283e-39 2.521089e-39 3.320416e-39 1.743492e-36 3.727527e-38 1.416244e-36 2.234257e-37 1.686758e-37 2.011240e-37 3.076353e-37 3.347415e-37 2.944190e-37 8.048082e-36 2.066578e-36 2.434897e-36 3.234555e-37 0.000000e+00 0.000000e+00 0.000000e+00 0.000000e+00
-9.999000e+03 -9.999000e+03 -9.999000e+03 6.046765e-03 4.446635e-36 1.611493e-43 0.000000e+00 0.000000e+00 1.628309e-42 1.146262e-42 1.793908e-34 2.524907e-39 0.000000e+00 9.809089e-45 5.801376e-43 1.835281e-41 3.552292e-41 6.189535e-41 7.124342e-41 1.942725e-34 0.000000e+00 0.000000e+00 7.006492e-45 8.127531e-44 8.127531e-44 6.361895e-43 9.262583e-43 1.244353e-42 1.087127e-41 2.972574e-41 5.956079e-41 9.989436e-41 1.391069e-40 1.519484e-40 7.177144e-38 1.296138e-39 4.645296e-38 7.929553e-39 9.517764e-39 9.058821e-39 8.998311e-39 9.902232e-39 1.043559e-38 4.624185e-36 3.748025e-37 5.083428e-37 1.185345e-38 0.000000e+00 0.000000e+00 0.000000e+00 0.000000e+00 4.145747e-25
-9.999000e+03 -9.999000e+03 1.083058e-01 7.847271e-44 5.997557e-43 4.147843e-43 2.802597e-45 8.407791e-45 2.802597e-45 1.681558e-44 7.622388e-34 9.952652e-40 0.000000e+00 2.942727e-44 1.266774e-42 1.154670e-42 8.505882e-43 8.001414e-43 9.969300e-40 4.886622e-40 0.000000e+00 0.000000e+00 1.541428e-44 8.407791e-45 8.547921e-44 7.567012e-44 7.987401e-44 1.066388e-42 1.967423e-42 3.522864e-42 6.307244e-42 9.447554e-42 9.860937e-42 9.427362e-39 1.017721e-40 4.319124e-39 5.569293e-40 9.279749e-40 1.322701e-39 1.229716e-39 9.934646e-40 9.446433e-40 1.440431e-36 9.993601e-39 1.969926e-38 1.727526e-39 0.000000e+00 0.000000e+00 0.000000e+00 0.000000e+00 5.366169e-27 2.578471e-38
-9.999000e+03 -9.999000e+03 5.858441e-01 3.789111e-42 0.000000e+00 1.401298e-45 3.503246e-44 1.401298e-45 1.144903e-40 3.194566e-31 8.407791e-45 3.476201e-41 1.401298e-45 1.233143e-43 2.662467e-44 1.681558e-44 8.407791e-45 5.605194e-45 1.541428e-44 1.575620e-41 0.000000e+00 4.203895e-45 1.401298e-45 3.082857e-44 1.401298e-44 7.006492e-45 1.527415e-43 1.583467e-43 1.583467e-43 2.200039e-43 3.208973e-43 4.638298e-43 5.181468e-39 9.802083e-42 1.906052e-39 6.074068e-41 6.668779e-41 1.035826e-40 1.376131e-40 1.092957e-40 7.364944e-41 1.426827e-37 8.123383e-40 1.182444e-39 1.083694e-40 8.255750e-41 1.233840e-39 1.240963e-38 1.387462e-31 4.960942e-29 1.105923e-39 1.203889e-39
-9.999000e+03 1.323136e-02 4.809147e-04 2.745662e-40 0.000000e+00 5.731311e-43 1.401298e-45 1.401298e-45 -9.999000e+03 -9.999000e+03 -9.999000e+03 1.121039e-44 2.802597e-45 0.000000e+00 0.000000e+00 0.000000e+00 0.000000e+00 0.000000e+00 0.000000e+00 1.401298e-45 2.802597e-45 0.000000e+00 1.401298e-44 4.203895e-45 1.401298e-45 4.904545e-44 1.961818e-44 9.809089e-45 7.006492e-45 5.605194e-45 7.006492e-45 2.500313e-39 7.707142e-43 1.231586e-39 7.864087e-42 6.203548e-42 6.712220e-42 8.437218e-42 7.873896e-42 5.044674e-42 2.404223e-38 5.961544e-41 6.601797e-41 3.634968e-42 3.357511e-42 9.558955e-39 8.804681e-36 9.335292e-34 8.726603e-36 4.769880e-41 5.493370e-41 4.658617e-41
-9.999000e+03 1.701230e-02 7.218707e-36 0.000000e+00 4.203895e-45 2.802597e-45 -9.999000e+03 -9.999000e+03 -9.999000e+03 -9.999000e+03 -9.999000e+03 -9.999000e+03 1.401298e-45 0.000000e+00 5.857428e-43 1.966134e-40 0.000000e+00 5.605194e-44 1.133917e-40 1.812377e-34 1.401298e-44 9.809089e-45 0.000000e+00 0.000000e+00 1.541428e-44 2.802597e-45 0.000000e+00 0.000000e+00 0.000000e+00 0.000000e+00 9.627817e-40 2.101948e-44 8.774805e-40 6.488012e-43 4.189882e-43 3.068844e-43 2.970753e-43 3.110883e-43 2.452272e-43 6.786423e-39 3.224388e-42 2.799794e-42 7.426882e-44 7.707142e-44 1.161952e-39 2.082330e-42 1.462956e-42 3.557449e-36 1.247156e-42 1.617098e-42 1.552639e-42 1.658169e-37
4.778750e-03 1.234673e-04 1.039763e-42 2.802597e-45 1.294800e-42 0.000000e+00 -9.999000e+03 -9.999000e+03 -9.999000e+03 -9.999000e+03 -9.999000e+03 -9.999000e+03 -9.999000e+03 -9.999000e+03 -9.999000e+03 0.000000e+00 1.953837e-39 0.000000e+00 0.000000e+00 0.000000e+00 2.064521e-33 -9.999000e+03 -9.999000e+03 0.000000e+00 0.000000e+00 0.000000e+00 0.000000e+00 0.000000e+00 0.000000e+00 5.154522e-40 0.000000e+00 4.843140e-40 3.783506e-44 1.681558e-44 9.809089e-45 7.006492e-45 5.605194e-45 5.605194e-45 3.289167e-39 1.429324e-43 7.987401e-44 1.401298e-45 1.401298e-45 9.277156e-41 7.006492e-44 4.484155e-44 1.492651e-36 2.802597e-44 2.802597e-44 3.363116e-44 8.573637e-39 6.572090e-43
7.964410e-03 5.605194e-45 1.541428e-44 1.681558e-44 0.000000e+00 -9.999000e+03 -9.999000e+03 -9.999000e+03 -9.999000e+03 -9.999000e+03 -9.999000e+03 -9.999000e+03 -9.999000e+03 -9.999000e+03 -9.999000e+03 -9.999000e+03 -9.999000e+03 -9.999000e+03 -9.999000e+03 -9.999000e+03 -9.999000e+03 -9.999000e+03 -9.999000e+03 1.401298e-45 0.000000e+00 0.000000e+00 2.101948e-44 1.802070e-42 1.036625e-40 0.000000e+00 2.810164e-40 1.401298e-45 0.000000e+00 0.000000e+00 0.000000e+00 0.000000e+00 0.000000e+00 1.017696e-39 5.605194e-45 2.802597e-45 0.000000e+00 0.000000e+00 4.557023e-42 1.401298e-45 1.401298e-45 4.667420e-37 0.000000e+00 0.000000e+00 0.000000e+00 1.519655e-39 3.643376e-44 2.818085e-35
-9.999000e+03 0.000000e+00 0.000000e+00 0.000000e+00 -9.999000e+03 -9.999000e+03 -9.999000e+03 -9.999000e+03 -9.999000e+03 -9.999000e+03 -9.999000e+03 -9.999000e+03 -9.999000e+03 -9.999000e+03 -9.999000e+03 -9.999000e+03 -9.999000e+03 -9.999000e+03 -9.999000e+03 -9.999000e+03 -9.999000e+03 -9.999000e+03 -9.999000e+03 -9.999000e+03 -9.999000e+03 -9.999000e+03 0.000000e+00 0.000000e+00 8.407791e-45 3.459386e-41 0.000000e+00 0.000000e+00 0.000000e+00 0.000000e+00 0.000000e+00 0.000000e+00 1.720038e-40 0.000000e+00 0.000000e+00 0.000000e+00 0.000000e+00 1.429324e-43 0.000000e+00 0.000000e+00 5.982322e-38 0.000000e+00 0.000000e+00 0.000000e+00 1.591357e-40 1.401298e-45 8.523985e-35 0.000000e+00
-9.999000e+03 -9.999000e+03 -9.999000e+03 -9.999000e+03 -9.999000e+03 -9.999000e+03 -9.999000e+03 -9.999000e+03 -9.999000e+03 -9.999000e+03 -9.999000e+03 -9.999000e+03 -9.999000e+03 -9.999000e+03 -9.999000e+03 -9.999000e+03 -9.999000e+03 -9.999000e+03 -9.999000e+03 -9.999000e+03 -9.999000e+03 -9.999000e+03 -9.999000e+03 -9.999000e+03 -9.999000e+03 -9.999000e+03 -9.999000e+03 -9.999000e+03 0.000000e+00 1.485376e-43 0.000000e+00 0.000000e+00 0.000000e+00 1.401298e-45 1.135052e-43 1.835561e-41 0.000000e+00 0.000000e+00 0.000000e+00 0.000000e+00 2.802597e-45 0.000000e+00 0.000000e+00 4.021057e-39 0.000000e+00 0.000000e+00 0.000000e+00 1.131128e-41 0.000000e+00 1.267053e-34 0.000000e+00 0.000000e+00
-9.999000e+03 -9.999000e+03 -9.999000e+03 -9.999000e+03 -9.999000e+03 -9.999000e+03 -9.999000e+03 -9.999000e+03 -9.999000e+03 -9.999000e+03 -9.999000e+03 -9.999000e+03 -9.999000e+03 -9.999000e+03 -9.999000e+03 -9.999000e+03 -9.999000e+03 -9.999000e+03 -9.999000e+03 -9.999000e+03 -9.999000e+03 -9.999000e+03 -9.999000e+03 -9.999000e+03 -9.999000e+03 -9.999000e+03 -9.999000e+03 -9.999000e+03 -9.999000e+03 0.000000e+00 1.055570e-40 2.101948e-44 2.802597e-45 0.000000e+00 0.000000e+00 0.000000e+00 0.000000e+00 0.000000e+00 0.000000e+00 1.121039e-44 7.258726e-43 2.922408e-41 5.272175e-40 0.000000e+00 0.000000e+00 1.401298e-45 2.424246e-43 0.000000e+00 8.917944e-35 0.000000e+00 0.000000e+00 0.000000e+00
-9.999000e+03 -9.999000e+03 -9.999000e+03 -9.999000e+03 -9.999000e+03 -9.999000e+03 -9.999000e+03 -9.999000e+03 -9.999000e+03 -9.999000e+03 -9.999000e+03 -9.999000e+03 -9.999000e+03 -9.999000e+03 -9.999000e+03 -9.999000e+03 -9.999000e+03 -9.999000e+03 -9.999000e+03 -9.999000e+03 -9.999000e+03 -9.999000e+03 -9.999000e+03 -9.999000e+03 -9.999000e+03 -9.999000e+03 -9.999000e+03 -9.999000e+03 -9.999000e+03 -9.999000e+03 1.261169e-44 -9.999000e+03 -9.999000e+03 -9.999000e+03 -9.999000e+03 -9.999000e+03 -9.999000e+03 -9.999000e+03 0.000000e+00 0.000000e+00 1.541428e-44 1.995449e-42 7.312396e-41 8.558627e-40 6.617790e-39 1.660157e-37 3.626700e-36 3.753098e-35 0.000000e+00 0.000000e+00 1.401298e-45 3.923636e-44
-9.999000e+03 -9.999000e+03 -9.999000e+03 -9.999000e+03 -9.999000e+03 -9.999000e+03 -9.999000e+03 -9.999000e+03 -9.999000e+03 -9.999000e+03 -9.999000e+03 -9.999000e+03 -9.999000e+03 -9.999000e+03 -9.999000e+03 -9.999000e+03 -9.999000e+03 -9.999000e+03 -9.999000e+03 -9.999000e+03 -9.999000e+03 -9.999000e+03 -9.999000e+03 -9.999000e+03 -9.999000e+03 -9.999000e+03 -9.999000e+03 -9.999000e+03 -9.999000e+03 -9.999000e+03 -9.999000e+03 -9.999000e+03 -9.999000e+03 -9.999000e+03 -9.999000e+03 -9.999000e+03 -9.999000e+03 -9.999000e+03 -9.999000e+03 -9.999000e+03 -9.999000e+03 0.000000e+00 0.000000e+00 0.000000e+00 0.000000e+00 2.802597e-45 4.862506e-43 7.414971e-41 2.266232e-39 1.002781e-38 1.291352e-37 1.779038e-36
-9.999000e+03 -9.999000e+03 -9.999000e+03 -9.999000e+03 -9.999000e+03 -9.999000e+03 -9.999000e+03 -9.999000e+03 -9.999000e+03 -9.999000e+03 -9.999000e+03 -9.999000e+03 -9.999000e+03 -9.999000e+03 -9.999000e+03 -9.999000e+03 -9.999000e+03 -9.999000e+03 -9.999000e+03 -9.999000e+03 -9.999000e+03 -9.999000e+03 -9.999000e+03 -9.999000e+03 -9.999000e+03 -9.999000e+03 -9.999000e+03 -9.999000e+03 -9.999000e+03 -9.999000e+03 -9.999000e+03 -9.999000e+03 -9.999000e+03 -9.999000e+03 -9.999000e+03 -9.999000e+03 -9.999000e+03 -9.999000e+03 -9.999000e+03 -9.999000e+03 -9.999000e+03 -9.999000e+03 -9.999000e+03 -9.999000e+03 0.000000e+00 0.000000e+00 0.000000e+00 1.121039e-44 0.000000e+00 0.000000e+00 1.401298e-45 1.821688e-43
-9.999000e+03 -9.999000e+03 -9.999000e+03 -9.999000e+03 -9.999000e+03 -9.999000e+03 -9.999000e+03 -9.999000e+03 -9.999000e+03 -9.999000e+03 -9.999000e+03 -9.999000e+03 -9.999000e+03 -9.999000e+03 -9.999000e+03 -9.999000e+03 -9.999000e+03 -9.999000e+03 -9.999000e+03 -9.999000e+03 -9.999000e+03 -9.999000e+03 -9.999000e+03 -9.999000e+03 -9.999000e+03 -9.999000e+03 -9.999000e+03 -9.999000e+03 -9.999000e+03 -9.999000e+03 -9.999000e+03 -9.999000e+03 -9.999000e+03 -9.999000e+03 -9.999000e+03 -9.999000e+03 -9.999000e+03 -9.999000e+03 -9.999000e+03 -9.999000e+03 -9.999000e+03 -9.999000e+03 -9.999000e+03 -9.999000e+03 -9.999000e+03 -9.999000e+03 -9.999000e+03 -9.999000e+03 -9.999000e+03 -9.999000e+03 0.000000e+00 0.000000e+00
-9.999000e+03 -9.999000e+03 -9.999000e+03 -9.999000e+03 -9.999000e+03 -9.999000e+03 -9.999000e+03 -9.999000e+03 -9.999000e+03 -9.999000e+03 -9.999000e+03 -9.999000e+03 -9.999000e+03 -9.999000e+03 -9.999000e+03 -9.999000e+03 -9.999000e+03 -9.999000e+03 -9.999000e+03 -9.999000e+03 -9.999000e+03 -9.999000e+03 -9.999000e+03 -9.999000e+03 -9.999000e+03 -9.999000e+03 -9.999000e+03 -9.999000e+03 -9.999000e+03 -9.999000e+03 -9.999000e+03 -9.999000e+03 -9.999000e+03 -9.999000e+03 -9.999000e+03 -9.999000e+03 -9.999000e+03 -9.999000e+03 -9.999000e+03 -9.999000e+03 -9.999000e+03 -9.999000e+03 -9.999000e+03 -9.999000e+03 -9.999000e+03 -9.999000e+03 -9.999000e+03 -9.999000e+03 -9.999000e+03 -9.999000e+03 -9.999000e+03 0.000000e+00
-9.999000e+03 -9.999000e+03 -9.999000e+03 -9.999000e+03 -9.999000e+03 -9.999000e+03 -9.999000e+03 -9.999000e+03 -9.999000e+03 -9.999000e+03 -9.999000e+03 -9.999000e+03 -9.999000e+03 -9.999000e+03 -9.999000e+03 -9.999000e+03 -9.999000e+03 -9.999000e+03 -9.999000e+03 -9.999000e+03 -9.999000e+03 -9.999000e+03 -9.999000e+03 -9.999000e+03 -9.999000e+03 -9.999000e+03 -9.999000e+03 -9.999000e+03 -9.999000e+03 -9.999000e+03 -9.999000e+03 -9.999000e+03 -9.999000e+03 -9.999000e+03 -9.999000e+03 -9.999000e+03 -9.999000e+03 -9.999000e+03 -9.999000e+03 -9.999000e+03 -9.999000e+03 -9.999000e+03 -9.999000e+03 -9.999000e+03 -9.999000e+03 -9.999000e+03 -9.999000e+03 -9.999000e+03 -9.999000e+03 -9.999000e+03 -9.999000e+03 -9.999000e+03
-9.999000e+03 -9.999000e+03 -9.999000e+03 -9.999000e+03 -9.999000e+03 -9.999000e+03 -9.999000e+03 -9.999000e+03 -9.999000e+03 -9.999000e+03 -9.999000e+03 -9.999000e+03 -9.999000e+03 -9.999000e+03 -9.999000e+03 -9.999000e+03 -9.999000e+03 -9.999000e+03 -9.999000e+03 -9.999000e+03 -9.999000e+03 -9.999000e+03 -9.999000e+03 -9.999000e+03 -9.999000e+03 -9.999000e+03 -9.999000e+03 -9.999000e+03 -9.999000e+03 -9.999000e+03 -9.999000e+03 -9.999000e+03 -9.999000e+03 -9.999000e+03 -9.999000e+03 -9.999000e+03 -9.999000e+03 -9.999000e+03 -9.999000e+03 -9.999000e+03 -9.999000e+03 -9.999000e+03 -9.999000e+03 -9.999000e+03 -9.999000e+03 -9.999000e+03 -9.999000e+03 -9.999000e+03 -9.999000e+03 -9.999000e+03 -9.999000e+03 -9.999000e+03
