tests/data/reference/test_implicit_stream_rill_mfda/control/volrest_m3.asc
ncols	123
nrows	77
xllcorner	-713746.79929998
yllcorner	-1061022.36961616
cellsize	10.0
NODATA_value	-9999
[rows 46 to 68 of 77, columns 0 to 51 of 123]
-9.999000e+03 -9.999000e+03 -9.999000e+03 -9.999000e+03 -9.999000e+03 -9.999000e+03 4.273277e-03 1.299492e-09 1.437955e-29 8.284243e-30 5.584181e-36 1.019435e-32 1.261252e-28 3.249967e-27 2.383410e-25 6.886056e-20 8.585068e-27 1.582020e-25 9.397944e-25 1.226614e-24 9.820942e-25 1.803142e-34 1.739782e-34 2.396217e-34 7.164264e-32 3.625827e-30 8.652751e-29 3.488082e-27 7.252465e-26 6.763502e-25 2.488139e-24 1.240414e-09 6.052096e-09 9.829183e-24 9.373546e-24 7.450306e-24 5.227502e-24 3.759420e-24 2.602410e-24 1.929136e-24 2.071797e-24 1.655941e-24 1.883525e-24 1.823869e-24 2.076644e-24 2.629513e-24 3.620067e-24 4.838420e-24 7.280565e-24 1.507932e-23 2.192228e-23 2.919221e-23
-9.999000e+03 -9.999000e+03 -9.999000e+03 -9.999000e+03 -9.999000e+03 -9.999000e+03 9.045534e-05 2.799493e-22 1.721685e-32 8.418690e-33 3.378272e-36 1.573861e-30 4.021716e-29 1.456176e-26 3.351430e-20 6.986494e-29 5.904028e-27 1.874090e-25 1.174595e-24 1.341212e-24 4.210295e-37 2.769857e-37 2.200135e-37 2.247551e-37 1.574774e-34 2.942905e-32 2.701202e-30 1.127400e-12 7.767681e-12 3.894886e-11 1.931341e-10 3.326214e-24 4.057762e-24 4.676910e-24 4.400190e-24 3.813595e-24 2.920908e-24 2.270626e-24 1.610856e-24 1.929379e-24 1.055583e-24 1.199864e-24 9.703376e-25 1.007252e-24 1.243343e-24 1.705556e-24 2.211680e-24 2.730159e-24 5.071888e-24 7.416990e-24 1.196249e-23 1.440230e-23
-9.999000e+03 -9.999000e+03 -9.999000e+03 -9.999000e+03 -9.999000e+03 5.551933e-03 3.103115e-21 8.959538e-24 4.519793e-36 4.040912e-36 7.447602e-33 1.903757e-30 3.863029e-27 1.094479e-20 5.863710e-31 4.094857e-29 2.803438e-27 8.596864e-26 5.688836e-25 6.913873e-25 4.011241e-23 7.755597e-22 3.717084e-20 3.536562e-18 3.569103e-16 1.816058e-14 1.335594e-13 5.800522e-26 1.287107e-25 2.897210e-25 5.018452e-25 9.988615e-25 1.836946e-24 2.077061e-24 2.096194e-24 1.981877e-24 1.644515e-24 1.023348e-24 1.790141e-24 6.788339e-25 9.129861e-25 5.937992e-25 5.558889e-25 5.694797e-25 6.372324e-25 8.081195e-25 1.186648e-24 2.604632e-24 2.875837e-24 4.391572e-24 4.666204e-24 2.716129e-28
-9.999000e+03 -9.999000e+03 -9.999000e+03 -9.999000e+03 1.607992e-02 5.326334e-19 4.930619e-30 2.312094e-26 6.997435e-36 1.147058e-35 3.206938e-32 2.774312e-27 3.045912e-21 2.821009e-33 8.556310e-31 3.466451e-29 1.197924e-27 3.016088e-26 1.855882e-25 1.274299e-25 4.453678e-26 1.779346e-26 5.451532e-22 2.049413e-30 2.562075e-29 3.285723e-28 1.686137e-27 3.841406e-27 1.428554e-26 2.605764e-26 4.895970e-26 1.801855e-25 3.653024e-25 5.562227e-25 6.335321e-25 6.113123e-25 4.411022e-25 1.531602e-24 3.487180e-25 6.229773e-25 3.507550e-25 3.366470e-25 3.358172e-25 3.332237e-25 3.237444e-25 3.338653e-25 1.505047e-24 1.454506e-24 2.095118e-24 1.599917e-24 3.844167e-30 5.200317e-30
-9.999000e+03 -9.999000e+03 -9.999000e+03 -9.999000e+03 8.480152e-03 7.684285e-26 1.525452e-32 4.677738e-30 1.318688e-31 3.413009e-35 8.094145e-28 9.036912e-22 4.747308e-36 4.925470e-33 9.673288e-31 2.100932e-29 5.616647e-28 1.422297e-26 2.957293e-26 1.147496e-26 3.375862e-27 1.489721e-22 1.906857e-32 6.663447e-31 5.718779e-30 4.135876e-29 8.225292e-29 3.335527e-28 6.720906e-28 1.416983e-27 6.673095e-27 1.582253e-26 3.000718e-26 4.622812e-26 6.342346e-26 6.539541e-26 8.076474e-25 1.360286e-25 3.367047e-25 1.532641e-25 1.501283e-25 1.656343e-25 1.737718e-25 1.624968e-25 1.460163e-25 9.240107e-25 4.496054e-25 7.162909e-25 3.296977e-25 5.150695e-32 6.866103e-32 1.270455e-31
-9.999000e+03 -9.999000e+03 -9.999000e+03 5.193085e-03 3.106567e-18 9.230124e-28 1.785582e-35 2.194557e-31 7.152842e-35 4.347079e-29 3.723796e-23 8.898895e-27 8.448458e-36 8.605774e-33 8.956861e-31 1.478765e-29 3.466307e-28 1.555702e-27 1.884869e-27 6.519919e-28 2.963548e-23 7.813754e-35 8.987080e-33 2.663496e-31 2.130325e-30 3.274726e-30 1.022641e-29 1.654912e-29 3.071683e-29 2.110459e-28 5.371827e-28 1.015590e-27 1.684678e-27 2.520284e-27 3.186834e-27 1.565640e-25 1.996087e-26 1.343488e-25 4.786765e-26 4.260713e-26 4.471392e-26 5.882853e-26 6.235704e-26 5.703033e-26 7.017973e-25 1.753347e-25 2.204064e-25 6.049438e-26 5.711738e-34 5.712763e-34 6.688755e-34 1.126957e-33
-9.999000e+03 -9.999000e+03 -9.999000e+03 6.438284e-03 3.994058e-25 3.044232e-31 1.377024e-34 6.351373e-34 2.855083e-30 2.153809e-30 5.046733e-24 2.549832e-27 2.816976e-35 1.763901e-32 1.087417e-30 1.779726e-29 3.445644e-29 5.924030e-29 6.942912e-29 5.158347e-24 3.638269e-37 1.222249e-34 1.116648e-32 1.537401e-31 1.537451e-31 1.210538e-30 1.675730e-30 2.365943e-30 1.045601e-29 2.827485e-29 5.682793e-29 9.280896e-29 1.353756e-28 1.492016e-28 2.855011e-26 1.295289e-27 2.212823e-26 7.847534e-27 9.556927e-27 9.031381e-27 8.944097e-27 9.923914e-27 1.050935e-26 4.238356e-25 6.513878e-26 7.404077e-26 1.085601e-26 4.387141e-36 4.387958e-36 4.503297e-36 4.839483e-36 2.916832e-18
-9.999000e+03 -9.999000e+03 1.225559e-01 1.427824e-31 1.130738e-30 7.252028e-31 3.940789e-33 1.516161e-32 4.996184e-33 2.973002e-32 6.985754e-24 9.779237e-28 2.276739e-34 5.104585e-32 2.414305e-30 2.168485e-30 1.506403e-30 1.407939e-30 9.952707e-28 4.748411e-28 2.200057e-36 6.884503e-34 2.730114e-32 1.502274e-32 1.598245e-31 1.421948e-31 1.504343e-31 1.977637e-30 3.218075e-30 4.417301e-30 5.701508e-30 9.127868e-30 9.571991e-30 9.569928e-27 9.448526e-29 4.357197e-27 5.471446e-28 8.970792e-28 1.317722e-27 1.220869e-27 9.629732e-28 9.109254e-28 1.354961e-25 1.004432e-26 1.477854e-26 1.653299e-27 1.281820e-38 1.045404e-38 1.018936e-38 1.126271e-38 3.358525e-19 1.672006e-26
-9.999000e+03 -9.999000e+03 6.971475e-01 4.572326e-30 1.572251e-34 2.919420e-33 6.482064e-32 3.555103e-33 1.093453e-28 3.084513e-22 1.646762e-32 3.362453e-29 1.970442e-33 2.214023e-31 4.625484e-32 3.023405e-32 1.447850e-32 9.450944e-33 2.682305e-32 1.506557e-29 1.535024e-35 6.785726e-33 1.427003e-33 5.599972e-32 2.462182e-32 1.213379e-32 2.872804e-31 2.975966e-31 2.974190e-31 3.892102e-31 6.091573e-31 8.361590e-31 5.258456e-27 9.499779e-30 1.879406e-27 5.766956e-29 6.414279e-29 9.670916e-29 1.337370e-28 1.027135e-28 7.174117e-29 3.960778e-26 7.688627e-28 1.172230e-27 1.026761e-28 8.184952e-29 1.225078e-27 1.101124e-26 2.027610e-22 5.420580e-21 1.089884e-27 1.195608e-27
-9.999000e+03 1.405611e-02 1.833797e-03 2.711663e-28 3.574470e-34 1.074820e-30 1.617983e-33 1.738560e-33 -9.999000e+03 -9.999000e+03 -9.999000e+03 1.977771e-32 5.555660e-33 1.603968e-34 4.256018e-35 4.024051e-35 2.213374e-35 9.087782e-36 2.274477e-35 1.339457e-33 4.300365e-33 8.985075e-35 2.590352e-32 7.788617e-33 1.910018e-33 8.716566e-32 3.697373e-32 1.734325e-32 1.115555e-32 1.092255e-32 1.343360e-32 2.510021e-27 1.375030e-30 1.232266e-27 7.391667e-30 5.612057e-30 6.137057e-30 8.021411e-30 7.406981e-30 5.249084e-30 1.644817e-26 5.676259e-29 6.381853e-29 4.483902e-30 4.331749e-30 9.541166e-27 7.826552e-25 1.106399e-23 7.715048e-25 4.439086e-29 5.195799e-29 4.377907e-29
-9.999000e+03 1.837808e-02 6.441951e-25 3.961192e-34 7.043258e-33 4.807068e-33 -9.999000e+03 -9.999000e+03 -9.999000e+03 -9.999000e+03 -9.999000e+03 -9.999000e+03 2.239169e-33 3.068919e-34 1.102606e-30 1.846308e-28 4.034202e-35 9.907626e-32 1.081074e-28 5.020821e-24 2.591120e-32 1.769778e-32 7.170533e-34 4.202289e-35 2.764257e-32 4.411073e-33 9.491975e-34 3.055375e-34 1.615243e-34 1.254091e-34 9.337727e-28 3.979864e-32 8.401267e-28 1.234837e-30 7.338339e-31 5.794852e-31 5.578477e-31 5.893367e-31 4.433826e-31 6.578899e-27 4.251301e-30 4.023027e-30 1.404741e-31 1.443942e-31 1.147346e-27 3.345657e-30 2.671002e-30 3.141712e-25 2.373584e-30 2.843233e-30 2.773202e-30 4.200685e-26
5.091047e-03 1.363441e-04 1.920002e-30 5.529048e-33 2.480875e-30 3.126937e-34 -9.999000e+03 -9.999000e+03 -9.999000e+03 -9.999000e+03 -9.999000e+03 -9.999000e+03 -9.999000e+03 -9.999000e+03 -9.999000e+03 3.034519e-35 1.915367e-27 1.291266e-35 2.981537e-35 1.134919e-34 1.716631e-23 -9.999000e+03 -9.999000e+03 7.246078e-34 3.991297e-35 9.279487e-36 3.707389e-36 1.299098e-36 7.152027e-37 5.014746e-28 4.837998e-34 4.651378e-28 7.026949e-32 3.187543e-32 1.720133e-32 1.109605e-32 9.459720e-33 9.697497e-33 3.148011e-27 2.646286e-31 1.520518e-31 1.664058e-33 1.707110e-33 8.724405e-29 1.294850e-31 8.240261e-32 1.365286e-25 4.832993e-32 4.961397e-32 6.262761e-32 8.432303e-27 1.251166e-30
8.473948e-03 1.088314e-32 2.734957e-32 2.908277e-32 2.489082e-34 -9.999000e+03 -9.999000e+03 -9.999000e+03 -9.999000e+03 -9.999000e+03 -9.999000e+03 -9.999000e+03 -9.999000e+03 -9.999000e+03 -9.999000e+03 -9.999000e+03 -9.999000e+03 -9.999000e+03 -9.999000e+03 -9.999000e+03 -9.999000e+03 -9.999000e+03 -9.999000e+03 1.722366e-33 7.783947e-35 2.902872e-35 3.921510e-32 3.040586e-30 9.747735e-29 3.457241e-36 2.747061e-28 2.231743e-33 9.371533e-34 2.837950e-34 1.327955e-34 8.418583e-35 6.708777e-35 9.902735e-28 1.014690e-32 3.876194e-33 9.560519e-36 9.269017e-36 4.983564e-30 2.211437e-33 1.959225e-33 7.128509e-26 1.029062e-33 8.333651e-34 8.374233e-34 1.419366e-27 6.886747e-32 1.990481e-24
-9.999000e+03 1.391107e-34 3.083228e-34 3.066633e-35 -9.999000e+03 -9.999000e+03 -9.999000e+03 -9.999000e+03 -9.999000e+03 -9.999000e+03 -9.999000e+03 -9.999000e+03 -9.999000e+03 -9.999000e+03 -9.999000e+03 -9.999000e+03 -9.999000e+03 -9.999000e+03 -9.999000e+03 -9.999000e+03 -9.999000e+03 -9.999000e+03 -9.999000e+03 -9.999000e+03 -9.999000e+03 -9.999000e+03 9.106121e-36 4.417963e-36 1.597137e-32 3.349689e-29 2.013557e-35 7.420292e-36 2.996316e-36 6.189578e-37 3.130919e-37 2.712247e-37 1.670989e-28 1.180676e-34 6.085095e-35 3.812868e-38 2.527362e-38 2.671480e-31 1.150350e-35 1.269958e-35 2.449994e-26 1.056763e-35 9.459730e-36 8.474848e-36 1.569509e-28 2.081143e-33 3.520078e-24 3.327665e-36
-9.999000e+03 -9.999000e+03 -9.999000e+03 -9.999000e+03 -9.999000e+03 -9.999000e+03 -9.999000e+03 -9.999000e+03 -9.999000e+03 -9.999000e+03 -9.999000e+03 -9.999000e+03 -9.999000e+03 -9.999000e+03 -9.999000e+03 -9.999000e+03 -9.999000e+03 -9.999000e+03 -9.999000e+03 -9.999000e+03 -9.999000e+03 -9.999000e+03 -9.999000e+03 -9.999000e+03 -9.999000e+03 -9.999000e+03 -9.999000e+03 -9.999000e+03 5.596620e-36 2.776624e-31 6.992184e-35 2.356493e-35 4.661363e-36 1.296384e-33 2.014447e-31 1.778314e-29 5.881160e-37 2.581536e-37 1.238458e-37 3.794072e-35 5.390088e-33 3.654977e-38 3.276260e-38 3.943917e-27 2.978544e-38 2.928136e-38 3.113772e-38 1.067320e-29 1.601933e-35 4.219301e-24 1.718085e-38 6.666652e-39
-9.999000e+03 -9.999000e+03 -9.999000e+03 -9.999000e+03 -9.999000e+03 -9.999000e+03 -9.999000e+03 -9.999000e+03 -9.999000e+03 -9.999000e+03 -9.999000e+03 -9.999000e+03 -9.999000e+03 -9.999000e+03 -9.999000e+03 -9.999000e+03 -9.999000e+03 -9.999000e+03 -9.999000e+03 -9.999000e+03 -9.999000e+03 -9.999000e+03 -9.999000e+03 -9.999000e+03 -9.999000e+03 -9.999000e+03 -9.999000e+03 -9.999000e+03 -9.999000e+03 3.733387e-35 9.947621e-29 3.968445e-32 5.285223e-33 6.072684e-37 4.458759e-37 9.890225e-37 9.351165e-37 3.374422e-37 1.423144e-34 2.042462e-32 1.327475e-30 2.759145e-29 5.136498e-28 3.587639e-38 1.549763e-35 3.505547e-33 4.409959e-31 5.534031e-38 3.574057e-24 2.964405e-38 7.683915e-36 6.319056e-34
-9.999000e+03 -9.999000e+03 -9.999000e+03 -9.999000e+03 -9.999000e+03 -9.999000e+03 -9.999000e+03 -9.999000e+03 -9.999000e+03 -9.999000e+03 -9.999000e+03 -9.999000e+03 -9.999000e+03 -9.999000e+03 -9.999000e+03 -9.999000e+03 -9.999000e+03 -9.999000e+03 -9.999000e+03 -9.999000e+03 -9.999000e+03 -9.999000e+03 -9.999000e+03 -9.999000e+03 -9.999000e+03 -9.999000e+03 -9.999000e+03 -9.999000e+03 -9.999000e+03 -9.999000e+03 2.134255e-32 -9.999000e+03 -9.999000e+03 -9.999000e+03 -9.999000e+03 -9.999000e+03 -9.999000e+03 -9.999000e+03 1.730024e-37 1.034541e-34 2.813166e-32 3.256591e-30 7.153422e-29 8.137991e-28 6.334745e-27 4.215016e-26 3.173692e-25 2.285218e-24 7.514237e-38 1.491667e-35 1.418734e-33 7.517310e-32
-9.999000e+03 -9.999000e+03 -9.999000e+03 -9.999000e+03 -9.999000e+03 -9.999000e+03 -9.999000e+03 -9.999000e+03 -9.999000e+03 -9.999000e+03 -9.999000e+03 -9.999000e+03 -9.999000e+03 -9.999000e+03 -9.999000e+03 -9.999000e+03 -9.999000e+03 -9.999000e+03 -9.999000e+03 -9.999000e+03 -9.999000e+03 -9.999000e+03 -9.999000e+03 -9.999000e+03 -9.999000e+03 -9.999000e+03 -9.999000e+03 -9.999000e+03 -9.999000e+03 -9.999000e+03 -9.999000e+03 -9.999000e+03 -9.999000e+03 -9.999000e+03 -9.999000e+03 -9.999000e+03 -9.999000e+03 -9.999000e+03 -9.999000e+03 -9.999000e+03 -9.999000e+03 1.647913e-37 1.263070e-37 5.892475e-38 2.250595e-35 5.486045e-33 8.874028e-31 7.283779e-29 2.246797e-27 1.003325e-26 3.691496e-26 1.547741e-25
-9.999000e+03 -9.999000e+03 -9.999000e+03 -9.999000e+03 -9.999000e+03 -9.999000e+03 -9.999000e+03 -9.999000e+03 -9.999000e+03 -9.999000e+03 -9.999000e+03 -9.999000e+03 -9.999000e+03 -9.999000e+03 -9.999000e+03 -9.999000e+03 -9.999000e+03 -9.999000e+03 -9.999000e+03 -9.999000e+03 -9.999000e+03 -9.999000e+03 -9.999000e+03 -9.999000e+03 -9.999000e+03 -9.999000e+03 -9.999000e+03 -9.999000e+03 -9.999000e+03 -9.999000e+03 -9.999000e+03 -9.999000e+03 -9.999000e+03 -9.999000e+03 -9.999000e+03 -9.999000e+03 -9.999000e+03 -9.999000e+03 -9.999000e+03 -9.999000e+03 -9.999000e+03 -9.999000e+03 -9.999000e+03 -9.999000e+03 3.608110e-38 4.189810e-38 3.627856e-35 2.012601e-32 7.334643e-38 1.185823e-35 1.857545e-33 3.328602e-31
-9.999000e+03 -9.999000e+03 -9.999000e+03 -9.999000e+03 -9.999000e+03 -9.999000e+03 -9.999000e+03 -9.999000e+03 -9.999000e+03 -9.999000e+03 -9.999000e+03 -9.999000e+03 -9.999000e+03 -9.999000e+03 -9.999000e+03 -9.999000e+03 -9.999000e+03 -9.999000e+03 -9.999000e+03 -9.999000e+03 -9.999000e+03 -9.999000e+03 -9.999000e+03 -9.999000e+03 -9.999000e+03 -9.999000e+03 -9.999000e+03 -9.999000e+03 -9.999000e+03 -9.999000e+03 -9.999000e+03 -9.999000e+03 -9.999000e+03 -9.999000e+03 -9.999000e+03 -9.999000e+03 -9.999000e+03 -9.999000e+03 -9.999000e+03 -9.999000e+03 -9.999000e+03 -9.999000e+03 -9.999000e+03 -9.999000e+03 -9.999000e+03 -9.999000e+03 -9.999000e+03 -9.999000e+03 -9.999000e+03 -9.999000e+03 2.248318e-38 4.087754e-35
-9.999000e+03 -9.999000e+03 -9.999000e+03 -9.999000e+03 -9.999000e+03 -9.999000e+03 -9.999000e+03 -9.999000e+03 -9.999000e+03 -9.999000e+03 -9.999000e+03 -9.999000e+03 -9.999000e+03 -9.999000e+03 -9.999000e+03 -9.999000e+03 -9.999000e+03 -9.999000e+03 -9.999000e+03 -9.999000e+03 -9.999000e+03 -9.999000e+03 -9.999000e+03 -9.999000e+03 -9.999000e+03 -9.999000e+03 -9.999000e+03 -9.999000e+03 -9.999000e+03 -9.999000e+03 -9.999000e+03 -9.999000e+03 -9.999000e+03 -9.999000e+03 -9.999000e+03 -9.999000e+03 -9.999000e+03 -9.999000e+03 -9.999000e+03 -9.999000e+03 -9.999000e+03 -9.999000e+03 -9.999000e+03 -9.999000e+03 -9.999000e+03 -9.999000e+03 -9.999000e+03 -9.999000e+03 -9.999000e+03 -9.999000e+03 -9.999000e+03 1.091149e-37
-9.999000e+03 -9.999000e+03 -9.999000e+03 -9.999000e+03 -9.999000e+03 -9.999000e+03 -9.999000e+03 -9.999000e+03 -9.999000e+03 -9.999000e+03 -9.999000e+03 -9.999000e+03 -9.999000e+03 -9.999000e+03 -9.999000e+03 -9.999000e+03 -9.999000e+03 -9.999000e+03 -9.999000e+03 -9.999000e+03 -9.999000e+03 -9.999000e+03 -9.999000e+03 -9.999000e+03 -9.999000e+03 -9.999000e+03 -9.999000e+03 -9.999000e+03 -9.999000e+03 -9.999000e+03 -9.999000e+03 -9.999000e+03 -9.999000e+03 -9.999000e+03 -9.999000e+03 -9.999000e+03 -9.999000e+03 -9.999000e+03 -9.999000e+03 -9.999000e+03 -9.999000e+03 -9.999000e+03 -9.999000e+03 -9.999000e+03 -9.999000e+03 -9.999000e+03 -9.999000e+03 -9.999000e+03 -9.999000e+03 -9.999000e+03 -9.999000e+03 -9.999000e+03
-9.999000e+03 -9.999000e+03 -9.999000e+03 -9.999000e+03 -9.999000e+03 -9.999000e+03 -9.999000e+03 -9.999000e+03 -9.999000e+03 -9.999000e+03 -9.999000e+03 -9.999000e+03 -9.999000e+03 -9.999000e+03 -9.999000e+03 -9.999000e+03 -9.999000e+03 -9.999000e+03 -9.999000e+03 -9.999000e+03 -9.999000e+03 -9.999000e+03 -9.999000e+03 -9.999000e+03 -9.999000e+03 -9.999000e+03 -9.999000e+03 -9.999000e+03 -9.999000e+03 -9.999000e+03 -9.999000e+03 -9.999000e+03 -9.999000e+03 -9.999000e+03 -9.999000e+03 -9.999000e+03 -9.999000e+03 -9.999000e+03 -9.999000e+03 -9.999000e+03 -9.999000e+03 -9.999000e+03 -9.999000e+03 -9.999000e+03 -9.999000e+03 -9.999000e+03 -9.999000e+03 -9.999000e+03 -9.999000e+03 -9.999000e+03 -9.999000e+03 -9.999000e+03
