tests/data/reference/test_implicit_stream_rill_mfda/control/volrest_m3.asc
ncols	123
nrows	77
xllcorner	-713746.79929998
yllcorner	-1061022.36961616
cellsize	10.0
NODATA_value	-9999
[rows 23 to 45 of 77, columns 0 to 51 of 123]
-9.999000e+03 -9.999000e+03 -9.999000e+03 -9.999000e+03 -9.999000e+03 -9.999000e+03 -9.999000e+03 -9.999000e+03 -9.999000e+03 -9.999000e+03 -9.999000e+03 -9.999000e+03 -9.999000e+03 -9.999000e+03 5.315963e-27 6.200556e-21 1.511895e-19 6.223054e-25 1.865497e-27 3.689316e-24 1.434518e-26 1.778135e-03 3.648162e-25 3.320899e-05 1.064669e-15 4.410311e-17 1.007760e-14 1.113138e-19 2.925961e-26 2.266045e-20 7.273679e-31 1.694601e-29 2.164142e-28 7.632065e-25 5.640102e-21 1.565913e-22 6.020144e-17 4.781553e-31 4.355352e-21 1.352502e-23 7.319694e-24 3.467956e-24 1.911412e-23 3.410172e-24 3.277907e-24 8.017981e-25 1.575890e-24 5.118055e-23 8.791658e-26 7.082086e-28 8.783964e-29 2.972234e-31
-9.999000e+03 -9.999000e+03 -9.999000e+03 -9.999000e+03 -9.999000e+03 -9.999000e+03 -9.999000e+03 -9.999000e+03 -9.999000e+03 -9.999000e+03 -9.999000e+03 -9.999000e+03 -9.999000e+03 -9.999000e+03 4.540480e-21 3.880068e-08 3.222176e-16 4.188651e-26 2.534260e-27 1.589494e-28 2.054829e-03 3.519467e-03 1.524133e-29 1.379773e-26 1.784561e-09 3.601745e-16 7.932882e-14 1.000869e-18 1.600820e-24 5.555713e-30 1.271093e-20 1.757378e-29 2.269156e-28 2.050602e-27 6.874175e-20 1.167640e-22 2.053819e-16 4.553531e-31 1.268380e-20 2.063435e-23 1.314408e-23 7.410073e-24 2.361822e-23 6.571588e-24 6.206305e-24 1.996161e-24 3.275133e-24 4.812249e-23 2.771855e-25 4.003052e-27 2.893198e-31 5.492303e-28
-9.999000e+03 -9.999000e+03 -9.999000e+03 -9.999000e+03 -9.999000e+03 -9.999000e+03 -9.999000e+03 -9.999000e+03 -9.999000e+03 -9.999000e+03 -9.999000e+03 -9.999000e+03 -9.999000e+03 -9.999000e+03 5.015983e-05 1.000006e-23 7.393997e-28 7.559172e-28 9.634464e-28 3.345164e-27 1.715160e-03 4.120072e-05 9.940797e-05 1.394550e-27 2.194454e-26 7.453387e-17 1.660137e-12 4.571924e-18 2.375382e-23 4.868623e-30 3.241066e-28 6.258874e-20 2.420838e-27 2.728993e-27 1.858433e-26 1.029356e-18 5.496012e-31 4.851821e-16 1.154766e-29 7.100122e-20 3.000454e-23 1.437640e-23 3.492360e-23 1.219081e-23 1.123055e-23 4.650463e-24 6.146590e-24 4.334187e-23 7.459923e-25 1.767096e-26 5.458849e-30 2.340093e-31
-9.999000e+03 -9.999000e+03 -9.999000e+03 -9.999000e+03 -9.999000e+03 -9.999000e+03 -9.999000e+03 -9.999000e+03 -9.999000e+03 -9.999000e+03 -9.999000e+03 -9.999000e+03 2.168022e-28 1.886909e-27 4.238982e-17 2.305361e-25 6.567889e-28 3.483967e-25 1.394417e-26 1.861243e-03 3.506683e-05 3.308970e-05 2.716895e-09 1.206514e-08 4.530681e-26 2.214203e-25 4.799247e-11 2.646297e-17 2.912543e-22 3.889544e-28 5.570858e-30 9.729556e-27 1.506999e-19 1.103970e-25 3.241442e-25 1.021497e-25 7.917121e-18 1.279466e-29 1.111463e-15 1.509337e-28 1.670461e-21 3.840760e-23 5.146117e-23 2.910750e-23 2.310714e-23 8.982410e-24 9.817713e-24 3.783260e-23 1.620567e-24 5.957459e-26 5.277545e-29 2.175025e-31
-9.999000e+03 -9.999000e+03 -9.999000e+03 -9.999000e+03 -9.999000e+03 -9.999000e+03 -9.999000e+03 -9.999000e+03 -9.999000e+03 -9.999000e+03 -9.999000e+03 -9.999000e+03 -9.999000e+03 3.039776e-28 4.416107e-25 2.856471e-25 4.018579e-26 4.227412e-26 2.556126e-03 5.079334e-05 1.235530e-09 3.494023e-17 1.718129e-09 4.501882e-16 1.126545e-14 3.128556e-13 6.124042e-12 4.914855e-09 2.046834e-16 3.556108e-21 1.662971e-26 4.952740e-28 3.186183e-25 5.083875e-19 2.775194e-24 4.360097e-24 3.011784e-24 6.078217e-19 1.590233e-28 1.829436e-15 -3.524844e-20 6.478874e-23 8.152479e-23 5.456567e-23 4.450595e-23 1.451483e-23 1.317470e-23 3.163256e-23 2.985156e-24 1.819703e-25 3.781872e-28 3.903645e-30
-9.999000e+03 -9.999000e+03 -9.999000e+03 -9.999000e+03 -9.999000e+03 -9.999000e+03 -9.999000e+03 -9.999000e+03 -9.999000e+03 -9.999000e+03 -9.999000e+03 -9.999000e+03 -9.999000e+03 -9.999000e+03 -9.999000e+03 4.760293e-27 1.772021e-24 2.498016e-03 4.362013e-03 1.154109e-04 1.370467e-08 2.074318e-15 4.651281e-19 7.784813e-18 7.020220e-17 3.568977e-16 1.416992e-15 6.032448e-10 3.228492e-06 6.842117e-16 3.646963e-20 6.923194e-25 4.037784e-26 1.186478e-23 1.272287e-18 3.260763e-23 4.880118e-23 6.052227e-23 1.617464e-14 1.183773e-26 4.230662e-17 1.030681e-22 1.092350e-22 7.921139e-23 5.672781e-23 2.640802e-23 1.565477e-23 2.778652e-23 4.929530e-24 4.492631e-25 1.852157e-27 4.403441e-29
-9.999000e+03 -9.999000e+03 -9.999000e+03 -9.999000e+03 -9.999000e+03 -9.999000e+03 -9.999000e+03 -9.999000e+03 -9.999000e+03 -9.999000e+03 -9.999000e+03 -9.999000e+03 -9.999000e+03 -9.999000e+03 -9.999000e+03 -9.999000e+03 6.628233e-26 3.108346e-03 5.987378e-05 4.269507e-09 2.717772e-16 5.752871e-20 6.834222e-19 3.383079e-18 7.626628e-18 8.272182e-18 7.445789e-18 8.336708e-18 7.749335e-18 7.892136e-08 1.608693e-08 1.084565e-06 4.485955e-23 2.039925e-24 2.853673e-22 2.163600e-18 6.795435e-18 6.022489e-17 7.817020e-22 9.234474e-13 2.171358e-25 3.851989e-17 1.147285e-22 8.430022e-23 5.832401e-23 3.220869e-23 2.082029e-23 2.694707e-23 7.399901e-24 1.039098e-24 8.609128e-27 3.645700e-28
-9.999000e+03 -9.999000e+03 -9.999000e+03 -9.999000e+03 -9.999000e+03 -9.999000e+03 -9.999000e+03 -9.999000e+03 -9.999000e+03 -9.999000e+03 -9.999000e+03 -9.999000e+03 -9.999000e+03 -9.999000e+03 -9.999000e+03 -9.999000e+03 2.260505e-03 3.811825e-05 6.229029e-10 8.787471e-18 2.084896e-21 1.334599e-04 1.662567e-02 7.166842e-02 1.179359e-01 1.571547e-01 2.020923e-01 2.619355e-01 3.139340e-01 3.475907e-01 3.929239e-01 4.571491e-01 5.138199e-01 7.777451e-01 8.974704e-01 1.962662e-01 1.678942e-01 1.541349e-01 1.607869e-01 1.744675e-01 2.060631e-01 2.265359e-01 3.752115e-18 1.468299e-21 8.334428e-22 5.188346e-23 3.761706e-23 3.739439e-23 1.273067e-23 2.547798e-24 4.104351e-26 2.603842e-27
-9.999000e+03 -9.999000e+03 -9.999000e+03 -9.999000e+03 -9.999000e+03 -9.999000e+03 -9.999000e+03 -9.999000e+03 -9.999000e+03 -9.999000e+03 -9.999000e+03 -9.999000e+03 -9.999000e+03 -9.999000e+03 -9.999000e+03 2.255064e-03 3.802854e-05 4.655230e-10 6.578143e-15 5.818824e-12 8.967409e-07 6.459237e-21 1.366504e-18 9.063040e-17 2.293189e-15 8.945082e-14 3.241862e-12 6.407668e-11 1.238886e-09 1.207507e-08 1.378214e-07 2.788826e-06 1.227228e-04 3.364784e-02 1.191731e-01 1.747543e-01 2.151936e-01 7.784954e-03 1.538343e-03 4.878788e-04 1.685530e-04 2.942349e-05 1.949801e-01 2.740287e-01 2.958010e-01 1.143564e-20 2.123613e-20 6.869737e-23 3.437172e-23 6.550200e-24 2.130449e-25 2.124467e-26
-9.999000e+03 -9.999000e+03 -9.999000e+03 -9.999000e+03 -9.999000e+03 -9.999000e+03 -9.999000e+03 -9.999000e+03 -9.999000e+03 -9.999000e+03 -9.999000e+03 -9.999000e+03 -9.999000e+03 -9.999000e+03 2.674468e-03 4.829192e-03 1.260540e-04 1.105713e-08 6.704057e-23 1.964219e-09 3.375756e-22 5.603033e-22 9.894091e-22 6.503664e-21 3.433270e-19 6.761005e-22 1.767817e-21 2.611427e-23 2.269747e-23 4.309188e-22 2.807564e-21 8.658973e-17 1.081337e-14 1.651737e-12 9.293229e-11 2.693256e-09 1.604188e-26 6.649583e-26 5.510387e-23 5.522299e-24 1.204023e-24 1.056237e-24 7.883610e-22 4.493546e-20 2.443570e-18 2.313286e-01 2.847035e-01 3.151975e-01 2.243878e-21 1.491442e-20 1.851674e-24 2.508550e-25
-9.999000e+03 -9.999000e+03 -9.999000e+03 -9.999000e+03 -9.999000e+03 -9.999000e+03 -9.999000e+03 -9.999000e+03 -9.999000e+03 -9.999000e+03 -9.999000e+03 -9.999000e+03 -9.999000e+03 -9.999000e+03 2.360767e-03 3.980840e-05 4.872000e-22 3.628470e-23 1.169278e-09 1.369103e-24 3.997432e-24 1.281020e-23 8.802549e-22 2.927073e-23 1.003079e-23 1.134926e-22 2.942898e-23 1.403152e-23 4.503190e-22 7.081526e-21 8.797746e-20 6.608882e-25 5.285460e-24 1.387703e-23 3.498386e-20 3.924307e-29 4.576328e-28 1.654870e-24 2.760965e-25 5.228205e-26 3.393840e-26 4.862597e-24 1.365019e-25 1.236121e-25 3.186774e-25 3.233953e-23 1.204040e-21 4.123494e-20 2.654581e-01 3.023125e-01 4.037969e-01 2.329157e-21
-9.999000e+03 -9.999000e+03 -9.999000e+03 -9.999000e+03 -9.999000e+03 -9.999000e+03 -9.999000e+03 -9.999000e+03 -9.999000e+03 -9.999000e+03 -9.999000e+03 -9.999000e+03 -9.999000e+03 5.345451e-03 4.434983e-04 4.916718e-22 4.961163e-23 6.996393e-10 1.820631e-25 8.243051e-25 5.188091e-24 1.239258e-23 2.420469e-23 6.203719e-24 2.503974e-22 2.798265e-23 2.010139e-23 1.198841e-23 8.989030e-24 1.069772e-24 1.107790e-25 1.347207e-24 5.056497e-24 3.093911e-21 9.135371e-31 2.477877e-29 5.820402e-25 7.733012e-26 1.347668e-26 9.663840e-27 3.750775e-25 4.934140e-27 3.682577e-27 1.823876e-26 1.712976e-26 2.756130e-27 5.912225e-27 6.584560e-27 1.047917e-26 2.434072e-24 8.154821e-22 3.296268e-01
-9.999000e+03 -9.999000e+03 -9.999000e+03 -9.999000e+03 -9.999000e+03 -9.999000e+03 -9.999000e+03 -9.999000e+03 -9.999000e+03 -9.999000e+03 -9.999000e+03 -9.999000e+03 2.779382e-03 8.783281e-03 3.307801e-16 1.250075e-22 4.351523e-10 2.517048e-26 1.322446e-25 1.383390e-24 5.001675e-24 1.216752e-23 2.884067e-24 1.040345e-21 2.687065e-23 2.415809e-23 1.687082e-23 1.237568e-23 4.849615e-25 2.420274e-26 4.125866e-25 2.527683e-24 2.834148e-22 3.540262e-28 8.494874e-31 2.259884e-25 1.787472e-26 2.625419e-27 1.906015e-27 1.985213e-25 1.037284e-27 8.450032e-28 7.352717e-28 7.009674e-28 8.889435e-29 3.758475e-28 3.467559e-28 3.298136e-28 7.006063e-28 1.290019e-27 2.241690e-22 6.944578e-21
-9.999000e+03 -9.999000e+03 -9.999000e+03 -9.999000e+03 -9.999000e+03 -9.999000e+03 -9.999000e+03 -9.999000e+03 -9.999000e+03 -9.999000e+03 -9.999000e+03 -9.999000e+03 6.056304e-03 8.117114e-09 4.330049e-22 2.533390e-10 2.877041e-27 2.093988e-26 3.696674e-25 1.804340e-24 5.758870e-24 6.665473e-25 4.376609e-21 1.895992e-23 2.220294e-23 2.453480e-23 2.294271e-23 2.385900e-25 5.586933e-27 1.772104e-25 1.753175e-24 2.933792e-23 7.903406e-31 2.467437e-29 8.899581e-26 3.703240e-27 4.254080e-28 3.924902e-28 1.093357e-25 2.220777e-28 1.710034e-28 1.221085e-28 1.106268e-28 8.727719e-30 8.206096e-30 7.469533e-30 6.821645e-30 2.806014e-29 3.124769e-29 8.467159e-24 1.815307e-27 2.916074e-27
-9.999000e+03 -9.999000e+03 -9.999000e+03 -9.999000e+03 -9.999000e+03 -9.999000e+03 -9.999000e+03 -9.999000e+03 -9.999000e+03 -9.999000e+03 -9.999000e+03 3.567347e-03 2.138279e-04 1.800797e-21 1.929625e-10 1.812868e-28 2.657350e-27 1.059792e-25 8.693123e-25 3.620081e-24 1.053129e-25 1.361099e-20 1.116026e-23 1.369615e-23 2.097107e-23 2.853871e-23 9.326582e-26 9.561979e-28 6.072337e-26 1.359784e-24 5.825151e-26 9.254076e-25 1.131793e-30 3.053040e-26 5.408458e-28 4.254426e-29 4.255408e-29 5.065458e-26 3.473888e-29 2.894924e-29 2.152754e-29 1.360502e-29 4.294953e-31 4.416836e-31 4.274261e-31 3.894625e-31 3.599423e-31 3.367352e-31 3.972686e-25 6.009678e-29 7.538720e-29 8.123166e-29
-9.999000e+03 -9.999000e+03 -9.999000e+03 -9.999000e+03 -9.999000e+03 -9.999000e+03 -9.999000e+03 -9.999000e+03 -9.999000e+03 -9.999000e+03 3.956408e-03 8.198787e-03 3.913580e-17 1.842390e-10 7.455539e-30 2.456618e-28 3.351228e-26 5.262241e-25 3.736050e-24 1.651625e-26 2.783465e-20 8.667262e-24 1.125417e-23 1.562074e-23 2.645085e-23 1.653152e-26 8.755204e-29 1.366969e-26 5.610855e-25 1.722396e-26 1.694421e-26 1.516058e-26 1.290678e-26 5.207086e-29 1.344464e-30 1.714542e-30 1.325242e-26 1.937589e-30 1.889537e-30 1.755211e-30 1.149584e-30 6.205825e-31 1.285947e-29 1.677835e-28 1.379522e-27 7.576585e-27 3.473947e-26 1.324814e-25 4.220655e-31 4.874364e-31 4.892332e-31 2.148441e-30
-9.999000e+03 -9.999000e+03 -9.999000e+03 -9.999000e+03 -9.999000e+03 -9.999000e+03 -9.999000e+03 -9.999000e+03 -9.999000e+03 -9.999000e+03 4.705477e-03 2.969417e-09 7.285335e-11 9.583971e-28 1.446172e-29 1.204478e-26 4.185629e-25 6.068252e-24 2.461514e-27 3.783587e-20 1.020552e-23 1.160293e-23 1.784294e-23 2.229658e-23 2.057979e-27 2.482515e-30 1.677857e-27 1.406213e-25 2.094693e-27 3.097876e-27 3.354758e-27 3.284454e-27 3.153367e-30 1.725522e-30 5.405952e-29 1.292339e-27 2.758782e-30 1.248433e-28 2.161370e-27 1.618913e-26 1.266167e-30 6.577988e-31 1.390940e-29 1.968049e-28 1.745485e-27 1.094665e-26 4.970457e-26 1.837056e-25 6.135067e-25 2.046319e-24 5.804010e-24 1.096958e-23
-9.999000e+03 -9.999000e+03 -9.999000e+03 -9.999000e+03 -9.999000e+03 -9.999000e+03 -9.999000e+03 -9.999000e+03 -9.999000e+03 4.614756e-03 1.378508e-04 2.472002e-11 3.913272e-26 1.828700e-29 1.353928e-27 2.154489e-25 1.011190e-23 2.652880e-28 3.171758e-20 2.204944e-23 1.743426e-23 3.402730e-23 1.803025e-23 1.170522e-28 2.840689e-30 1.125418e-28 2.387826e-26 1.290405e-28 1.778314e-28 2.892921e-28 3.365930e-28 4.672046e-30 1.302359e-28 1.137368e-27 7.728556e-27 5.957409e-26 4.099071e-25 2.101073e-24 1.943992e-30 1.333273e-30 3.323591e-26 1.688962e-29 1.959211e-28 1.893897e-27 1.438938e-26 8.211580e-26 3.164573e-25 8.523194e-25 1.991243e-24 4.770425e-24 1.013957e-23 2.263279e-23
-9.999000e+03 -9.999000e+03 -9.999000e+03 -9.999000e+03 -9.999000e+03 -9.999000e+03 -9.999000e+03 -9.999000e+03 -9.999000e+03 3.676448e-03 7.660653e-09 3.522275e-24 1.812464e-27 2.218079e-29 2.697119e-26 7.266379e-24 1.140654e-29 1.869381e-20 5.974726e-23 5.150923e-23 9.098979e-23 1.889254e-23 3.192856e-30 2.713584e-30 1.105507e-28 2.442954e-27 3.463100e-30 3.684670e-30 4.847546e-30 7.909192e-30 7.721881e-30 1.939672e-28 1.691086e-27 8.685123e-27 4.054178e-26 1.873577e-25 7.776343e-25 1.704021e-30 4.096118e-24 2.994069e-29 2.172170e-29 7.220146e-26 1.950160e-25 6.209399e-25 1.794762e-24 4.357212e-24 8.339330e-24 1.328013e-23 2.255245e-23 3.459961e-23 1.125876e-05 4.690059e-04
-9.999000e+03 -9.999000e+03 -9.999000e+03 -9.999000e+03 -9.999000e+03 -9.999000e+03 -9.999000e+03 -9.999000e+03 6.854452e-03 2.116473e-04 6.889930e-14 2.734372e-25 2.551662e-29 1.495940e-27 1.822748e-24 7.598288e-24 3.187740e-21 1.149816e-22 1.177249e-22 4.450004e-22 2.166097e-23 1.563881e-28 2.333863e-27 1.817407e-26 1.190177e-25 2.524674e-16 2.351086e-15 1.913356e-14 2.732930e-13 4.121142e-12 2.987086e-11 7.710590e-11 1.527053e-10 2.998792e-10 7.908659e-10 1.298965e-09 2.517715e-09 2.815561e-09 4.399144e-10 1.294778e-11 2.333261e-14 1.127738e-18 2.771497e-18 1.345675e-17 5.722235e-17 1.874131e-16 5.773877e-16 1.704713e-15 4.770798e-15 -6.751694e-04 3.566708e-22 3.523172e-22
-9.999000e+03 -9.999000e+03 -9.999000e+03 -9.999000e+03 -9.999000e+03 -9.999000e+03 -9.999000e+03 4.039218e-03 7.817443e-03 1.492340e-14 6.667487e-28 1.713268e-26 2.166029e-29 3.251175e-25 1.751226e-24 3.238026e-23 7.231822e-23 1.610627e-22 3.414682e-21 2.432205e-23 3.878179e-30 3.495412e-30 1.239832e-28 3.226403e-18 2.404599e-17 1.549720e-25 2.232905e-27 2.631536e-26 2.389554e-25 2.194805e-24 8.169679e-24 1.199463e-23 1.189384e-23 1.011333e-23 8.931800e-24 1.003379e-23 1.354421e-23 3.162674e-23 4.743284e-23 4.891952e-23 5.074672e-23 5.807429e-23 7.156005e-23 8.788976e-23 9.646710e-23 9.329520e-23 9.840318e-23 1.201166e-22 9.155697e-05 3.746561e-22 3.676352e-22 3.529101e-22
-9.999000e+03 -9.999000e+03 -9.999000e+03 -9.999000e+03 -9.999000e+03 -9.999000e+03 -9.999000e+03 4.973258e-03 1.952139e-28 4.464981e-15 1.244810e-29 7.714585e-28 2.089794e-26 2.402299e-25 6.591530e-24 2.082695e-23 6.956143e-23 1.807028e-20 1.437504e-23 1.323551e-23 8.124958e-22 2.067061e-20 3.701964e-19 2.293397e-26 2.108898e-26 1.032934e-28 2.478605e-30 1.068733e-28 2.098622e-27 3.128927e-26 2.245629e-25 6.859122e-25 1.531410e-24 2.937767e-24 5.299954e-24 9.435770e-24 7.623650e-08 4.330478e-07 1.405494e-06 4.543964e-06 1.770149e-05 7.775681e-05 3.363530e-05 -3.611538e-05 2.533655e-05 1.199974e-01 2.422609e-03 5.349492e-04 2.476328e-22 3.268737e-22 3.515519e-22 3.842933e-22
-9.999000e+03 -9.999000e+03 -9.999000e+03 -9.999000e+03 -9.999000e+03 -9.999000e+03 -9.999000e+03 8.055303e-28 1.554440e-15 4.568260e-25 1.924441e-29 8.783757e-28 1.534689e-26 1.035983e-24 3.850676e-24 2.072106e-23 5.863303e-20 4.111470e-24 8.626639e-24 9.409337e-24 8.533108e-24 8.555721e-24 1.905224e-27 2.293065e-27 2.926596e-30 2.275327e-30 9.072624e-29 1.605021e-27 1.882503e-26 1.655812e-25 8.413073e-25 2.510843e-24 5.664953e-24 1.274184e-09 5.755992e-09 1.783440e-08 1.029523e-22 7.224873e-23 5.122875e-23 3.560166e-23 2.532428e-23 3.199425e-23 2.882000e-23 8.438562e-22 1.470944e-20 2.292755e-19 6.455155e-23 9.810373e-23 1.479790e-22 2.318436e-22 3.688963e-22 3.833097e-22
