tests/data/reference/test_implicit_stream_rill_mfda/control/volrest_m3.asc
ncols	123
nrows	77
xllcorner	-713746.79929998
yllcorner	-1061022.36961616
cellsize	10.0
NODATA_value	-9999
[rows 46 to 68 of 77, columns 52 to 103 of 123]
1.785166e-22 5.130298e-24 5.338834e-24 4.300202e-24 2.894354e-24 3.420976e-28 3.383493e-28 3.244770e-28 3.203353e-28 1.178941e-24 2.508471e-27 3.453851e-09 3.980137e-23 1.472168e-27 1.661587e-28 1.585267e-28 4.098446e-26 8.654166e-29 6.851526e-29 6.257243e-29 5.299968e-29 4.218963e-29 4.033621e-29 5.024727e-29 2.001423e-24 -9.999000e+03 2.573894e-28 1.655300e-30 9.528396e-29 2.276101e-27 5.978228e-26 -9.999000e+03 -9.999000e+03 -9.999000e+03 3.735876e-22 4.329194e-23 2.047340e-23 3.405876e-31 2.982976e-31 2.911189e-31 2.971483e-31 3.144564e-31 3.416316e-31 3.846682e-31 4.554401e-31 5.254669e-31 5.998858e-31 8.133569e-26 1.420267e-23 2.134940e-23 8.403165e-24 1.389126e-23
1.170428e-24 1.951143e-24 2.299073e-24 1.559123e-24 3.362083e-29 3.429404e-29 3.250939e-29 2.766818e-29 5.074438e-25 3.663861e-28 1.328152e-09 7.725913e-23 2.476127e-28 1.897920e-29 1.951496e-29 1.739293e-26 1.624687e-29 1.046476e-29 8.263766e-30 7.586960e-30 6.097467e-30 4.897442e-30 4.292594e-30 9.710891e-25 2.541350e-31 -9.999000e+03 3.381021e-28 6.495075e-29 6.075178e-28 6.650423e-27 7.042873e-26 9.608705e-25 2.936553e-23 -9.999000e+03 -9.999000e+03 1.383607e-22 4.943200e-23 3.880870e-31 3.167861e-31 2.956237e-31 3.016121e-31 3.240659e-31 3.431374e-31 3.657304e-31 3.843603e-31 4.156035e-31 4.720828e-31 2.231556e-25 1.333102e-23 1.719828e-23 8.306840e-24 1.006098e-23
2.204928e-25 4.017782e-25 5.336762e-25 1.439060e-30 1.273266e-30 1.299652e-30 1.264262e-30 1.858032e-25 3.315052e-29 3.621319e-10 1.232262e-22 2.170967e-29 7.167362e-31 7.615417e-31 2.955792e-27 8.408181e-31 7.288194e-31 5.523577e-31 4.578045e-31 4.345445e-31 3.739034e-31 3.085897e-31 6.282592e-25 4.449789e-30 4.367359e-29 -9.999000e+03 1.019677e-24 9.479842e-27 1.234793e-25 9.128366e-25 6.598532e-24 5.635317e-23 9.653197e-22 2.659999e-29 -9.999000e+03 8.927144e-21 1.330659e-22 4.998054e-31 3.505524e-31 3.071839e-31 3.049955e-31 3.304563e-31 3.445972e-31 3.528300e-31 3.547504e-31 3.609847e-31 3.825503e-31 4.903062e-25 1.116309e-23 1.298430e-23 8.194992e-24 9.013360e-24
3.132838e-26 5.202691e-26 1.833029e-30 5.462697e-29 7.372919e-28 7.435106e-27 4.985556e-26 1.409538e-30 9.053108e-11 1.411033e-22 9.662533e-31 7.757981e-31 2.160982e-29 3.266205e-28 8.364628e-31 2.404177e-29 3.105248e-28 2.087011e-27 1.052946e-26 4.648667e-26 1.688821e-25 4.560556e-25 3.293427e-31 2.369599e-31 1.074732e-23 -9.999000e+03 2.886828e-27 1.338442e-29 7.803755e-28 1.000166e-26 1.049053e-25 1.062082e-24 1.682931e-23 1.880125e-20 -9.999000e+03 -9.999000e+03 3.109568e-22 6.207021e-31 4.043330e-31 3.321568e-31 3.133139e-31 3.310322e-31 3.407587e-31 3.418733e-31 3.318719e-31 3.268743e-31 3.441445e-31 8.977101e-25 9.304050e-24 1.013848e-23 8.250872e-24 9.663416e-24
3.439521e-27 2.388498e-16 2.254612e-15 1.679105e-14 9.934514e-14 5.474639e-13 2.618545e-12 1.851743e-11 1.149980e-22 1.173332e-30 3.085507e-29 3.612631e-28 2.956485e-27 2.061303e-26 1.050026e-25 4.048694e-25 1.175925e-24 2.397059e-24 4.341096e-24 7.396364e-24 1.121264e-23 1.716860e-23 1.912449e-23 1.588696e-23 1.184597e-19 -9.999000e+03 5.903967e-31 2.314781e-31 1.689293e-29 2.898470e-28 3.759188e-27 4.161960e-26 6.061031e-25 1.671833e-21 2.759331e-19 -9.999000e+03 1.188421e-20 7.047454e-31 4.848862e-31 3.616333e-31 3.304041e-31 3.357089e-31 3.381297e-31 3.374270e-31 7.041642e-30 6.420050e-30 3.124361e-31 1.414412e-24 7.727797e-24 8.500460e-24 8.325371e-24 1.063090e-23
2.045426e-17 1.099210e-23 4.927742e-22 5.547400e-21 9.187191e-20 4.923343e-18 8.676243e-17 5.306551e-23 1.572183e-23 2.720653e-23 3.880326e-23 4.769004e-23 5.453838e-23 5.637515e-23 5.373129e-23 4.717563e-23 1.286104e-21 4.335508e-21 1.054149e-20 2.333956e-20 5.507703e-20 1.364045e-19 2.322678e-19 2.255249e-19 1.542097e-24 -9.999000e+03 2.520219e-31 4.253016e-30 3.803329e-29 9.552298e-28 1.078540e-26 1.080316e-25 1.272025e-24 2.724043e-23 1.056848e-19 -9.999000e+03 -9.999000e+03 4.819937e-30 5.314981e-31 3.855401e-31 3.494658e-31 3.443343e-31 3.369463e-31 3.362395e-31 8.328296e-29 7.501181e-29 2.893720e-31 2.173339e-24 6.768858e-24 7.644233e-24 8.285858e-24 1.103080e-23
3.277973e-24 3.526916e-24 8.665615e-31 1.654449e-23 9.318591e-21 1.796990e-22 1.598771e-23 4.880593e-24 3.021682e-23 4.276464e-23 5.626682e-23 7.678090e-23 9.004389e-23 9.668965e-23 9.292781e-23 8.498381e-23 6.786551e-31 1.234129e-29 1.243092e-28 8.327128e-28 5.684275e-27 5.220884e-26 3.166211e-25 9.593572e-25 3.811134e-31 -9.999000e+03 1.054268e-30 1.538335e-29 1.222793e-28 6.663770e-28 1.333246e-26 1.478050e-25 1.805384e-24 2.645489e-23 5.061920e-22 4.729028e-18 -9.999000e+03 2.633623e-28 5.313487e-31 4.219373e-31 3.800108e-31 3.736053e-31 3.549668e-31 7.623765e-30 6.647084e-28 5.864844e-28 5.634408e-30 2.868474e-24 6.196224e-24 7.227823e-24 8.469904e-24 1.120263e-23
1.085796e-24 9.738171e-25 3.514230e-24 1.083863e-21 9.478879e-23 4.420450e-24 1.138835e-24 1.105485e-23 6.954636e-23 4.818139e-22 2.395345e-21 1.222534e-20 5.868225e-20 2.170670e-19 6.014651e-19 1.143820e-18 1.231924e-18 6.788760e-19 2.016516e-19 2.961783e-20 2.905171e-21 4.349098e-22 2.652355e-21 7.978012e-21 1.693308e-20 -9.999000e+03 2.508107e-23 3.487676e-25 1.184913e-25 7.360013e-26 8.321478e-26 8.197172e-25 6.358280e-24 4.775650e-23 2.828862e-22 6.090406e-17 -9.999000e+03 -9.999000e+03 2.281426e-30 4.447973e-31 4.478699e-31 4.605336e-31 9.762822e-30 9.205385e-29 4.082502e-27 3.342060e-27 6.285027e-29 4.132278e-24 6.010715e-24 7.079883e-24 8.954657e-24 1.125449e-23
2.696437e-25 7.264680e-24 7.992736e-23 3.762794e-23 9.328138e-25 2.310225e-25 3.176964e-24 3.855127e-23 1.800938e-24 3.942972e-23 3.932363e-23 4.584705e-23 6.845915e-23 1.095691e-22 1.590088e-22 1.765166e-22 1.580818e-22 1.021237e-22 5.978380e-23 3.248868e-23 2.342453e-23 3.978814e-23 8.176821e-31 5.063194e-31 8.304347e-30 -9.999000e+03 1.937357e-30 2.115672e-29 1.484796e-28 3.117758e-30 8.618061e-30 5.201580e-26 1.322630e-24 1.135754e-23 3.040470e-23 5.649471e-16 3.619922e-30 -9.999000e+03 1.783058e-30 1.945629e-30 4.221779e-31 4.409824e-31 1.151863e-28 7.166253e-28 1.855008e-26 1.559972e-26 4.707467e-28 5.530380e-24 6.705101e-24 7.445223e-24 9.462289e-24 1.136679e-23
3.656407e-24 1.611245e-25 1.457373e-23 1.085268e-25 3.347541e-26 7.224914e-25 1.550514e-23 5.178298e-25 3.873843e-23 6.572335e-31 6.072348e-23 6.560440e-22 6.370801e-21 1.121570e-19 1.709833e-18 1.568628e-17 9.619308e-17 4.773440e-16 1.878472e-15 6.218431e-15 2.782961e-14 2.215460e-13 1.151650e-12 2.440862e-12 -9.999000e+03 -9.999000e+03 1.176912e-22 2.014723e-29 2.528417e-29 1.590485e-28 8.593309e-28 4.709203e-27 2.120970e-26 3.580208e-25 4.207790e-24 1.455608e-19 6.310297e-15 -9.999000e+03 1.293557e-30 1.507022e-30 3.485477e-31 7.989853e-30 6.974067e-28 3.665832e-27 6.446922e-26 5.654288e-26 2.676796e-27 8.278699e-24 8.431964e-24 8.455530e-24 9.923578e-24 1.160310e-23
3.794219e-26 1.036253e-23 1.048956e-26 2.704189e-27 1.285996e-25 5.085472e-24 9.744765e-26 2.503266e-23 2.996039e-25 8.468008e-24 2.227546e-25 1.811486e-25 5.426448e-24 2.230562e-23 1.003707e-24 2.899630e-23 2.039310e-22 9.814904e-22 3.355563e-21 9.309457e-21 2.521867e-20 8.358635e-20 1.672437e-19 1.567691e-19 -9.999000e+03 1.307215e-24 1.414477e-29 1.333049e-29 7.940938e-29 4.317417e-28 2.140036e-27 9.040849e-27 3.361428e-26 1.076119e-25 2.061219e-24 7.137077e-22 2.393805e-16 -9.999000e+03 -9.999000e+03 9.465813e-31 2.330923e-29 6.517609e-29 3.001996e-27 1.411675e-26 1.807960e-25 1.729643e-25 1.214160e-26 1.125663e-23 1.095490e-23 1.056208e-23 1.141575e-23 1.408045e-23
9.714686e-24 1.290451e-27 1.938210e-28 1.513227e-26 1.316815e-24 1.662890e-26 1.608982e-23 6.752294e-26 6.310278e-26 6.124502e-26 5.373346e-26 4.259301e-26 1.439056e-23 1.892813e-25 2.329621e-25 1.367897e-23 7.108723e-23 5.418683e-22 1.082785e-23 2.326404e-23 5.123546e-19 4.594997e-18 2.069425e-17 5.881615e-17 -9.999000e+03 5.735893e-22 7.376316e-27 1.653800e-29 9.916775e-29 6.223960e-28 2.838214e-27 1.028042e-26 3.348608e-26 9.726930e-26 1.529742e-24 1.663576e-23 2.511742e-22 1.522067e-17 -9.999000e+03 1.646006e-29 2.454104e-28 3.287008e-28 1.061949e-26 4.455754e-26 5.001850e-25 4.988012e-25 4.614192e-26 1.624035e-23 1.646655e-23 1.633894e-23 1.745696e-23 1.992257e-23
1.199459e-28 1.525201e-29 2.224983e-27 3.357467e-25 2.211837e-27 9.104050e-24 1.434080e-26 1.280937e-26 1.152189e-26 1.130572e-26 1.039924e-26 1.604546e-23 3.862999e-26 4.376466e-26 1.109936e-23 1.557044e-25 1.323763e-25 5.393878e-24 2.669558e-25 5.281425e-24 3.483658e-23 1.667149e-22 6.468821e-22 1.981102e-21 -9.999000e+03 2.293160e-26 4.886122e-30 1.861706e-29 1.266347e-28 7.464947e-28 1.008506e-28 6.187583e-29 3.613862e-29 2.370081e-29 1.345591e-29 2.008746e-29 1.914615e-29 1.685838e-18 -9.999000e+03 -9.999000e+03 2.242121e-27 6.399817e-27 3.456875e-26 1.382902e-25 1.197744e-24 1.259469e-24 1.657997e-25 2.179507e-23 2.287766e-23 2.378164e-23 2.481603e-23 2.888118e-23
4.280955e-31 2.578678e-28 1.053435e-25 2.965792e-28 4.597773e-24 2.355552e-27 2.421101e-27 2.243199e-27 2.016369e-27 1.796978e-27 2.154234e-23 8.977088e-27 8.546199e-27 1.042419e-23 3.927582e-26 3.575668e-26 5.307707e-24 8.707857e-26 7.470475e-26 6.300381e-26 7.149855e-25 4.886556e-24 9.864945e-26 9.341216e-26 -9.999000e+03 8.011839e-29 1.609016e-29 2.047779e-30 8.781448e-30 1.371516e-28 2.895773e-28 7.106732e-30 5.819155e-30 2.046517e-29 1.848357e-29 4.962270e-31 1.094708e-30 4.583927e-30 2.340413e-18 -9.999000e+03 -9.999000e+03 6.547577e-26 5.249898e-25 3.784058e-25 2.655618e-24 2.904071e-24 5.624760e-25 3.281044e-23 3.514060e-23 3.601571e-23 3.484027e-23 3.754944e-23
1.177525e-29 1.901293e-26 3.591046e-29 2.386982e-24 2.975028e-28 2.913194e-28 2.957149e-28 2.924168e-28 2.599418e-28 3.351378e-23 1.544613e-27 1.467006e-27 1.300354e-23 7.954566e-27 7.134906e-27 5.759279e-24 2.506856e-26 2.147214e-26 1.838147e-26 3.282351e-27 2.764052e-31 2.745983e-31 4.325441e-28 1.928524e-31 -9.999000e+03 1.809744e-31 3.310335e-30 2.285713e-28 4.815274e-27 4.332037e-29 3.722313e-30 2.909626e-30 2.516611e-30 2.265995e-30 1.902677e-30 1.478659e-30 1.525139e-30 7.173666e-29 4.680384e-27 7.280466e-18 -9.999000e+03 -9.999000e+03 6.213698e-24 1.226926e-24 5.805655e-24 6.681780e-24 1.583071e-24 4.370793e-23 4.588462e-23 4.934442e-23 4.841474e-23 5.231528e-23
1.628512e-27 1.213546e-30 1.110262e-24 3.420338e-29 2.450107e-29 2.256558e-29 2.271154e-29 2.399634e-29 6.347714e-23 2.383067e-28 1.885699e-28 2.042621e-23 1.479454e-27 1.282852e-27 8.273128e-24 5.613922e-27 5.036794e-27 4.333477e-27 6.290990e-28 2.863790e-31 5.661754e-30 7.062909e-29 2.695655e-31 4.195511e-30 -9.999000e+03 1.649895e-30 2.277068e-29 9.700275e-28 4.541858e-30 2.197866e-31 2.024304e-31 1.838645e-31 1.657166e-31 1.486565e-31 1.263153e-31 9.897141e-32 3.923709e-28 2.790834e-28 2.485117e-28 2.083483e-24 2.825776e-17 -9.999000e+03 1.600610e-22 4.077165e-23 1.464569e-23 1.414830e-23 4.130979e-24 5.776870e-23 6.042021e-23 6.957925e-23 7.825772e-23 3.671218e-31
1.391356e-26 1.634210e-25 1.792084e-30 1.321759e-30 1.061793e-30 9.025109e-31 9.133306e-31 1.064800e-22 3.019846e-29 2.172298e-29 3.649516e-23 2.497104e-28 2.219674e-28 1.682900e-23 1.243339e-27 1.042900e-27 8.300207e-28 8.456942e-29 2.979441e-31 5.584801e-30 6.336506e-29 5.594787e-28 3.091615e-27 1.136516e-26 -9.999000e+03 7.753712e-29 1.773126e-28 2.184597e-31 2.353270e-31 4.683655e-30 4.640605e-29 3.359623e-28 1.704135e-27 6.417104e-27 1.974882e-26 4.123779e-28 1.002354e-31 9.608849e-32 1.923753e-30 1.601956e-28 2.486152e-26 -9.999000e+03 -9.999000e+03 7.583312e-22 3.592558e-23 2.917132e-23 9.865956e-24 7.927336e-23 8.103458e-23 9.979826e-23 4.030737e-31 3.283428e-27
6.514469e-24 2.028950e-23 5.798999e-23 9.996356e-23 1.357629e-22 1.372794e-22 1.325303e-22 1.339342e-30 1.301330e-30 7.110126e-23 2.686630e-29 2.513446e-29 3.910120e-23 2.577346e-28 1.840933e-28 1.451271e-28 8.979704e-30 3.155362e-31 5.771667e-30 6.093356e-29 4.658732e-28 2.994017e-27 1.560454e-26 5.242493e-26 -9.999000e+03 2.220506e-28 2.770500e-28 1.204085e-27 5.599008e-27 2.508099e-26 1.003471e-25 3.523880e-25 1.054275e-24 2.343964e-24 4.191669e-24 5.716888e-24 1.155232e-25 1.102400e-25 3.025995e-25 2.058631e-25 2.032370e-25 1.897450e-21 -9.999000e+03 -9.999000e+03 8.139815e-22 5.985404e-23 3.494390e-31 1.302279e-22 1.352784e-22 4.241160e-31 4.479269e-27 4.265783e-28
4.047914e-26 2.975124e-25 1.519664e-24 5.559378e-24 1.501198e-23 2.801726e-23 4.465754e-23 7.679560e-23 1.001094e-22 1.368968e-30 1.241502e-30 7.580711e-23 3.392038e-29 2.616639e-29 1.922793e-29 4.887336e-31 3.714144e-31 6.663096e-30 6.594641e-29 4.631018e-28 2.662702e-27 1.395850e-26 5.936073e-26 1.854291e-25 -9.999000e+03 5.750315e-28 3.408757e-28 1.165297e-27 4.805956e-27 2.070809e-26 8.520892e-26 3.298670e-25 1.103736e-24 2.796553e-24 5.658881e-24 9.158789e-24 1.150938e-23 2.182937e-25 1.214612e-31 1.276135e-31 2.902069e-30 4.213635e-28 1.989067e-22 -9.999000e+03 1.014625e-20 1.185088e-21 3.745947e-31 4.189992e-31 4.482968e-31 3.783797e-31 5.312947e-28 4.816663e-29
1.213496e-27 1.101621e-26 6.973220e-26 3.189017e-25 1.201052e-24 3.812276e-24 1.027571e-23 2.461131e-23 4.980630e-23 8.122877e-23 1.027474e-22 1.545024e-30 1.379121e-30 1.174058e-30 8.048237e-31 1.456465e-29 1.212921e-28 6.592811e-28 2.936043e-27 1.263581e-26 4.818191e-26 1.732736e-25 2.986779e-23 1.386100e-22 -9.999000e+03 4.473810e-25 1.759478e-25 2.123029e-25 3.222294e-25 6.234177e-25 1.356128e-24 3.336764e-24 8.228393e-24 1.822294e-23 3.363470e-23 4.536279e-23 5.533370e-23 5.581961e-23 2.797543e-24 5.538769e-24 5.205697e-24 6.627374e-22 9.741301e-21 -9.999000e+03 -9.999000e+03 1.407989e-20 3.907559e-31 3.930042e-31 4.102003e-31 3.163263e-27 3.819212e-28 4.562795e-29
2.537438e-30 6.776353e-29 7.456279e-28 5.793437e-27 3.853294e-26 2.364211e-25 1.176222e-24 4.350584e-24 1.377642e-23 4.306445e-23 1.002627e-22 1.445762e-22 1.319092e-22 8.281033e-23 3.965016e-23 1.578085e-23 6.306934e-24 3.090071e-24 2.205572e-24 2.171436e-24 2.711958e-24 4.426940e-24 3.160570e-31 -9.999000e+03 -9.999000e+03 5.356460e-31 8.732712e-30 6.924073e-29 4.196127e-28 2.473422e-27 1.296853e-26 6.792750e-26 3.070273e-25 1.229961e-24 4.106166e-24 1.028238e-23 1.934515e-23 2.590857e-23 3.014506e-23 5.334959e-25 6.283587e-25 6.428670e-25 1.975620e-21 1.487534e-20 -9.999000e+03 -9.999000e+03 7.921431e-29 3.590305e-31 3.188920e-31 2.662648e-31 2.237984e-31 4.226544e-30
-9.999000e+03 -9.999000e+03 -9.999000e+03 -9.999000e+03 -9.999000e+03 -9.999000e+03 -9.999000e+03 1.435419e-30 1.625845e-30 2.512786e-30 2.929431e-30 2.556764e-30 6.705910e-29 5.910428e-28 2.948867e-27 1.132960e-26 3.429830e-26 7.762834e-26 1.715426e-25 4.239635e-25 1.080804e-24 2.670715e-24 5.195800e-24 -9.999000e+03 2.381985e-28 8.671860e-30 2.407512e-29 1.027845e-28 4.466381e-28 1.980909e-27 8.807814e-27 4.020289e-26 1.770679e-25 7.662957e-25 2.942657e-24 9.976617e-24 2.196725e-23 3.375331e-23 3.896070e-23 3.841213e-23 6.741201e-25 6.626348e-25 1.114553e-24 1.890174e-21 2.165723e-20 -9.999000e+03 -9.999000e+03 1.468390e-30 2.335980e-31 2.009494e-31 1.913508e-31 1.929158e-31
-9.999000e+03 -9.999000e+03 -9.999000e+03 -9.999000e+03 -9.999000e+03 -9.999000e+03 -9.999000e+03 -9.999000e+03 -9.999000e+03 -9.999000e+03 9.942534e-29 8.963829e-29 1.566139e-30 9.503198e-31 1.976097e-29 2.168694e-28 1.405991e-27 5.826070e-27 2.250111e-26 8.938964e-26 3.347315e-25 1.151557e-24 2.597303e-24 -9.999000e+03 1.572683e-28 8.844693e-30 2.692125e-29 1.114912e-28 4.465657e-28 4.191371e-29 1.487081e-26 4.271956e-26 1.672560e-25 7.155327e-25 2.996870e-24 1.102360e-23 3.036424e-23 5.273893e-23 6.937284e-23 6.729049e-23 5.520067e-23 9.832833e-25 8.731249e-25 9.024106e-23 2.064108e-21 4.468569e-20 -9.999000e+03 -9.999000e+03 1.960057e-31 1.750143e-31 -9.999000e+03 -9.999000e+03
