tests/data/reference/test_implicit_stream_rill_mfda/control/volrest_m3.asc
ncols	123
nrows	77
xllcorner	-713746.79929998
yllcorner	-1061022.36961616
cellsize	10.0
NODATA_value	-9999
[rows 46 to 68 of 77, columns 0 to 51 of 123]
-9.999000e+03 -9.999000e+03 -9.999000e+03 -9.999000e+03 -9.999000e+03 -9.999000e+03 4.095932e-03 1.146383e-09 4.647451e-26 3.472600e-26 3.375217e-29 1.208414e-27 1.151857e-25 4.579275e-25 2.199296e-24 4.142079e-21 7.702098e-25 2.407444e-24 4.280531e-24 4.060531e-24 3.289143e-24 2.002221e-28 1.973722e-28 2.247160e-28 3.263092e-27 2.065018e-26 1.061391e-25 5.070295e-25 1.835459e-24 4.236664e-24 8.138907e-24 4.528346e-12 2.270425e-11 2.785321e-23 2.428262e-23 1.747312e-23 1.300027e-23 8.564474e-24 6.539771e-24 4.757949e-24 4.597163e-24 4.183005e-24 4.563542e-24 4.652528e-24 5.480722e-24 7.127324e-24 9.151711e-24 1.264023e-23 1.763145e-23 3.228777e-23 5.017694e-23 5.910838e-23
-9.999000e+03 -9.999000e+03 -9.999000e+03 -9.999000e+03 -9.999000e+03 -9.999000e+03 8.443060e-05 1.163583e-21 1.559557e-27 1.071032e-27 2.118712e-29 1.225186e-26 6.387958e-26 6.199207e-25 6.801236e-21 9.344080e-26 6.420940e-25 2.741282e-24 5.246019e-24 4.581597e-24 7.677884e-30 6.340940e-30 5.684467e-30 5.739106e-30 1.860643e-28 2.073415e-27 1.663134e-26 5.435047e-15 3.314859e-14 1.634774e-13 8.037267e-13 1.349165e-23 1.505482e-23 1.553647e-23 1.393811e-23 1.165217e-23 8.633806e-24 6.716448e-24 4.832202e-24 4.706152e-24 3.617948e-24 3.621805e-24 3.428625e-24 3.502652e-24 3.860014e-24 4.783055e-24 6.273448e-24 7.780903e-24 1.240099e-23 1.725829e-23 2.863624e-23 3.411134e-23
-9.999000e+03 -9.999000e+03 -9.999000e+03 -9.999000e+03 -9.999000e+03 5.317986e-03 1.733032e-21 5.691946e-23 2.770066e-29 2.497026e-29 1.001799e-27 1.252146e-26 3.489907e-25 7.755141e-21 7.749783e-27 6.789204e-26 4.511191e-25 1.907724e-24 3.841187e-24 3.637796e-24 1.284003e-22 2.396392e-21 3.040434e-20 1.096775e-18 1.367640e-17 1.054452e-16 7.053604e-16 1.803896e-24 2.574220e-24 3.555152e-24 4.298276e-24 6.160260e-24 7.919982e-24 8.219607e-24 7.953053e-24 7.359228e-24 6.200453e-24 4.343254e-24 5.020919e-24 3.468343e-24 3.514361e-24 3.039578e-24 2.912531e-24 2.938095e-24 3.131944e-24 3.512302e-24 4.088653e-24 6.789716e-24 7.995596e-24 1.149875e-23 1.377391e-23 2.094429e-25
-9.999000e+03 -9.999000e+03 -9.999000e+03 -9.999000e+03 1.354415e-02 6.718240e-20 2.578246e-26 1.537043e-24 3.709581e-29 4.957160e-29 1.938530e-27 3.349681e-25 6.591532e-21 6.782698e-28 8.762570e-27 6.215026e-26 2.835335e-25 1.126032e-24 2.304421e-24 1.811066e-24 1.092251e-24 7.728874e-25 1.539580e-21 1.494671e-26 6.225836e-26 1.932214e-25 3.851041e-25 5.359330e-25 9.652520e-25 1.295603e-24 1.750142e-24 2.994159e-24 3.879465e-24 4.299077e-24 4.498314e-24 4.236226e-24 3.699148e-24 5.023514e-24 2.993735e-24 3.319137e-24 2.743726e-24 2.620746e-24 2.578381e-24 2.553524e-24 2.522733e-24 2.610382e-24 4.130820e-24 4.598436e-24 6.300845e-24 5.779514e-24 2.498687e-26 3.293288e-26
-9.999000e+03 -9.999000e+03 -9.999000e+03 -9.999000e+03 7.110453e-03 2.042547e-24 1.415057e-27 2.126461e-26 3.690003e-27 7.664755e-29 2.113499e-25 2.562267e-21 2.899594e-29 8.582956e-28 9.015561e-27 4.991192e-26 2.036052e-25 8.148988e-25 1.053325e-24 7.101483e-25 4.010937e-25 6.550451e-22 1.763765e-27 8.513874e-27 3.033028e-26 6.791379e-26 1.006805e-25 1.817629e-25 2.493537e-25 3.702991e-25 6.782763e-25 9.676040e-25 1.291380e-24 1.605115e-24 1.764215e-24 1.769050e-24 3.915744e-24 2.089881e-24 2.766390e-24 2.033516e-24 1.990906e-24 2.057394e-24 2.100572e-24 2.053687e-24 1.980551e-24 3.523649e-24 3.027163e-24 3.733460e-24 3.048342e-24 3.055647e-27 3.468211e-27 4.428909e-27
-9.999000e+03 -9.999000e+03 -9.999000e+03 4.975123e-03 3.423357e-19 3.178678e-25 5.861051e-29 4.289867e-27 1.109027e-28 5.978027e-26 1.175515e-22 4.956269e-25 4.117133e-29 1.039458e-27 8.375255e-27 3.907332e-26 1.552204e-25 3.190583e-25 3.499163e-25 2.151222e-25 1.817888e-22 1.284905e-28 1.132838e-27 5.258946e-27 1.291758e-26 1.674116e-26 3.425121e-26 4.559335e-26 6.110677e-26 1.344732e-25 2.159121e-25 2.761746e-25 3.686790e-25 4.389788e-25 4.808464e-25 1.891310e-24 9.859268e-25 1.873106e-24 1.403400e-24 1.299938e-24 1.324868e-24 1.488319e-24 1.554313e-24 1.527002e-24 3.442505e-24 2.196998e-24 2.431178e-24 1.583776e-24 3.629025e-28 3.640764e-28 4.003869e-28 4.935290e-28
-9.999000e+03 -9.999000e+03 -9.999000e+03 6.164556e-03 5.065583e-24 4.893875e-27 1.412760e-28 2.854711e-28 1.373207e-26 1.210467e-26 1.467346e-23 2.983112e-25 6.951645e-29 1.432918e-27 8.587856e-27 4.072979e-26 5.854769e-26 7.658071e-26 8.547443e-26 4.057528e-23 7.341839e-30 1.506675e-28 1.214722e-27 3.732990e-27 3.905503e-27 9.227649e-27 1.163191e-26 1.408196e-26 3.388308e-26 5.692828e-26 7.985710e-26 1.051436e-25 1.202718e-25 1.247559e-25 8.670327e-25 2.991673e-25 8.482185e-25 6.441232e-25 7.284060e-25 6.980982e-25 6.915877e-25 7.490342e-25 7.969814e-25 2.856078e-24 1.657233e-24 1.757207e-24 8.462681e-25 3.017412e-29 3.029465e-29 3.099516e-29 3.291912e-29 1.904528e-18
-9.999000e+03 -9.999000e+03 9.012061e-02 1.574237e-27 8.660594e-27 7.110266e-27 6.629763e-28 1.177082e-27 7.542786e-28 1.652368e-27 1.632741e-23 2.209672e-25 1.878949e-28 2.155648e-27 1.255618e-26 1.288350e-26 1.135764e-26 1.131733e-26 4.059348e-25 2.125795e-25 1.618263e-29 3.377036e-28 1.683544e-27 1.339824e-27 3.660799e-27 3.610014e-27 3.878564e-27 1.180955e-26 1.600031e-26 2.274740e-26 3.050754e-26 3.694934e-26 3.804292e-26 5.135865e-25 9.903020e-26 3.827323e-25 2.010176e-25 2.545514e-25 3.199713e-25 3.028661e-25 2.657112e-25 2.655873e-25 1.710447e-24 7.950875e-25 9.480725e-25 4.047635e-25 5.320368e-31 4.904489e-31 4.842119e-31 5.095047e-31 2.344476e-19 1.053631e-24
-9.999000e+03 -9.999000e+03 4.388777e-01 2.230062e-26 1.549739e-28 5.745375e-28 2.194353e-27 6.295893e-28 9.610916e-26 5.308057e-22 1.233404e-27 5.425253e-26 4.859117e-28 4.146107e-27 2.188639e-27 1.888274e-27 1.350647e-27 1.081621e-27 1.866314e-27 5.083134e-26 5.501744e-29 8.690825e-28 4.619151e-28 2.145985e-27 1.635036e-27 1.206345e-27 4.629707e-27 5.188499e-27 5.547230e-27 6.692586e-27 8.130926e-27 9.578620e-27 4.211899e-25 3.461112e-26 2.502433e-25 7.238154e-26 8.093620e-26 1.050504e-25 1.206121e-25 1.099212e-25 9.354779e-26 9.723024e-25 2.565792e-25 3.288432e-25 1.211802e-25 1.107742e-25 3.491795e-25 8.625638e-25 1.428717e-21 2.403002e-20 3.471500e-25 3.656336e-25
-9.999000e+03 1.342736e-02 4.060343e-04 1.756017e-25 2.333623e-28 7.726812e-27 4.551511e-28 4.656756e-28 -9.999000e+03 -9.999000e+03 -9.999000e+03 1.376403e-27 8.026418e-28 1.571986e-28 8.851100e-29 8.524756e-29 6.476097e-29 4.296623e-29 6.563897e-29 4.227901e-28 6.940929e-28 1.238492e-28 1.582575e-27 9.443522e-28 5.133066e-28 2.879637e-27 1.994157e-27 1.507133e-27 1.284102e-27 1.311832e-27 1.469545e-27 3.029472e-25 1.190803e-26 2.154768e-25 3.047118e-26 2.888678e-26 3.077873e-26 3.430149e-26 3.371306e-26 2.911222e-26 6.753846e-25 8.359924e-26 9.295459e-26 2.714657e-26 2.630829e-26 7.605763e-25 7.510547e-24 8.362309e-23 3.349784e-24 8.717749e-26 9.307141e-26 8.602878e-26
-9.999000e+03 1.687535e-02 5.899893e-24 2.405953e-28 8.726214e-28 7.379246e-28 -9.999000e+03 -9.999000e+03 -9.999000e+03 -9.999000e+03 -9.999000e+03 -9.999000e+03 5.093572e-28 2.156535e-28 9.116213e-27 1.241732e-25 8.539037e-29 3.359821e-27 1.080012e-25 2.206923e-23 1.570062e-27 1.286533e-27 3.140514e-28 8.775500e-29 1.728625e-27 7.844631e-28 3.947979e-28 2.361505e-28 1.816988e-28 1.575933e-28 2.101129e-25 2.224331e-27 1.901631e-25 1.033067e-26 8.317799e-27 7.784210e-27 7.890266e-27 8.193290e-27 7.366729e-27 4.724330e-25 2.314949e-26 2.296715e-26 4.429386e-27 4.547189e-27 3.128891e-25 2.023222e-26 1.689748e-26 2.205984e-24 1.633987e-26 1.832368e-26 1.785035e-26 1.253465e-24
4.877616e-03 1.270276e-04 1.097578e-26 8.003420e-28 1.137007e-26 2.176778e-28 -9.999000e+03 -9.999000e+03 -9.999000e+03 -9.999000e+03 -9.999000e+03 -9.999000e+03 -9.999000e+03 -9.999000e+03 -9.999000e+03 7.131666e-29 3.004037e-25 5.159597e-29 7.066343e-29 1.324449e-28 5.404922e-23 -9.999000e+03 -9.999000e+03 3.155177e-28 8.478671e-29 4.350434e-29 2.306686e-29 1.316462e-29 9.744218e-30 1.795272e-25 2.796791e-28 1.562552e-25 2.834596e-27 1.973722e-27 1.583890e-27 1.351571e-27 1.229486e-27 1.265187e-27 3.820358e-25 5.647301e-27 4.317954e-27 5.650615e-28 5.777213e-28 1.084064e-25 4.239627e-27 3.599866e-27 1.709710e-24 2.850148e-27 2.901336e-27 3.213876e-27 6.780159e-25 1.210598e-26
8.107437e-03 1.039711e-27 1.601066e-27 1.638420e-27 1.953618e-28 -9.999000e+03 -9.999000e+03 -9.999000e+03 -9.999000e+03 -9.999000e+03 -9.999000e+03 -9.999000e+03 -9.999000e+03 -9.999000e+03 -9.999000e+03 -9.999000e+03 -9.999000e+03 -9.999000e+03 -9.999000e+03 -9.999000e+03 -9.999000e+03 -9.999000e+03 -9.999000e+03 4.642622e-28 1.153616e-28 7.011356e-29 2.105529e-27 1.573617e-26 9.851901e-26 2.163828e-29 1.443802e-25 5.492297e-28 3.944675e-28 2.295919e-28 1.637448e-28 1.333548e-28 1.210421e-28 2.448862e-25 1.268612e-27 8.289626e-28 5.067872e-29 5.019391e-29 2.845431e-26 6.638070e-28 6.167087e-28 1.453298e-24 4.624865e-28 4.268895e-28 4.283418e-28 3.533031e-25 3.246698e-27 3.795547e-24
-9.999000e+03 1.422644e-28 2.161528e-28 7.176906e-29 -9.999000e+03 -9.999000e+03 -9.999000e+03 -9.999000e+03 -9.999000e+03 -9.999000e+03 -9.999000e+03 -9.999000e+03 -9.999000e+03 -9.999000e+03 -9.999000e+03 -9.999000e+03 -9.999000e+03 -9.999000e+03 -9.999000e+03 -9.999000e+03 -9.999000e+03 -9.999000e+03 -9.999000e+03 -9.999000e+03 -9.999000e+03 -9.999000e+03 4.301771e-29 2.712026e-29 1.504821e-27 6.595959e-26 6.188848e-29 3.828371e-29 1.900374e-29 8.820457e-30 6.757158e-30 6.274564e-30 1.250964e-25 1.532158e-28 1.165230e-28 1.295107e-30 9.265607e-31 5.991881e-27 5.627865e-29 5.818352e-29 1.008567e-24 5.386003e-29 5.063546e-29 4.770148e-29 1.352802e-25 6.301095e-28 7.432781e-24 2.373019e-29
-9.999000e+03 -9.999000e+03 -9.999000e+03 -9.999000e+03 -9.999000e+03 -9.999000e+03 -9.999000e+03 -9.999000e+03 -9.999000e+03 -9.999000e+03 -9.999000e+03 -9.999000e+03 -9.999000e+03 -9.999000e+03 -9.999000e+03 -9.999000e+03 -9.999000e+03 -9.999000e+03 -9.999000e+03 -9.999000e+03 -9.999000e+03 -9.999000e+03 -9.999000e+03 -9.999000e+03 -9.999000e+03 -9.999000e+03 -9.999000e+03 -9.999000e+03 3.382278e-29 5.531199e-27 1.097686e-28 6.623899e-29 2.850696e-29 4.660088e-28 4.762333e-27 5.129380e-26 8.642432e-30 6.123957e-30 3.894394e-30 9.558692e-29 9.874534e-28 1.223096e-30 1.100962e-30 4.911673e-25 1.031949e-30 1.020177e-30 1.063528e-30 4.603478e-26 6.266067e-29 1.014221e-23 5.984526e-31 4.012277e-31
-9.999000e+03 -9.999000e+03 -9.999000e+03 -9.999000e+03 -9.999000e+03 -9.999000e+03 -9.999000e+03 -9.999000e+03 -9.999000e+03 -9.999000e+03 -9.999000e+03 -9.999000e+03 -9.999000e+03 -9.999000e+03 -9.999000e+03 -9.999000e+03 -9.999000e+03 -9.999000e+03 -9.999000e+03 -9.999000e+03 -9.999000e+03 -9.999000e+03 -9.999000e+03 -9.999000e+03 -9.999000e+03 -9.999000e+03 -9.999000e+03 -9.999000e+03 -9.999000e+03 8.115741e-29 1.051603e-25 2.085620e-27 8.724576e-28 8.752986e-30 7.821290e-30 1.138638e-29 1.107648e-29 7.037844e-30 1.732500e-28 1.807270e-27 1.240347e-26 6.246660e-26 2.223162e-25 1.192375e-30 6.229331e-29 8.393926e-28 7.793383e-27 1.871728e-30 1.023039e-23 1.028647e-30 4.543184e-29 3.748693e-28
-9.999000e+03 -9.999000e+03 -9.999000e+03 -9.999000e+03 -9.999000e+03 -9.999000e+03 -9.999000e+03 -9.999000e+03 -9.999000e+03 -9.999000e+03 -9.999000e+03 -9.999000e+03 -9.999000e+03 -9.999000e+03 -9.999000e+03 -9.999000e+03 -9.999000e+03 -9.999000e+03 -9.999000e+03 -9.999000e+03 -9.999000e+03 -9.999000e+03 -9.999000e+03 -9.999000e+03 -9.999000e+03 -9.999000e+03 -9.999000e+03 -9.999000e+03 -9.999000e+03 -9.999000e+03 1.664089e-27 -9.999000e+03 -9.999000e+03 -9.999000e+03 -9.999000e+03 -9.999000e+03 -9.999000e+03 -9.999000e+03 5.026929e-30 1.473935e-28 2.062963e-27 1.948729e-26 9.904581e-26 2.601786e-25 5.867302e-25 1.252821e-24 2.873658e-24 7.693287e-24 2.385701e-30 6.071421e-29 5.282096e-28 3.413650e-27
-9.999000e+03 -9.999000e+03 -9.999000e+03 -9.999000e+03 -9.999000e+03 -9.999000e+03 -9.999000e+03 -9.999000e+03 -9.999000e+03 -9.999000e+03 -9.999000e+03 -9.999000e+03 -9.999000e+03 -9.999000e+03 -9.999000e+03 -9.999000e+03 -9.999000e+03 -9.999000e+03 -9.999000e+03 -9.999000e+03 -9.999000e+03 -9.999000e+03 -9.999000e+03 -9.999000e+03 -9.999000e+03 -9.999000e+03 -9.999000e+03 -9.999000e+03 -9.999000e+03 -9.999000e+03 -9.999000e+03 -9.999000e+03 -9.999000e+03 -9.999000e+03 -9.999000e+03 -9.999000e+03 -9.999000e+03 -9.999000e+03 -9.999000e+03 -9.999000e+03 -9.999000e+03 4.837896e-30 3.951145e-30 1.956477e-30 7.391852e-29 1.012482e-27 1.081569e-26 1.098150e-25 4.725544e-25 8.015010e-25 1.145964e-24 1.922880e-24
-9.999000e+03 -9.999000e+03 -9.999000e+03 -9.999000e+03 -9.999000e+03 -9.999000e+03 -9.999000e+03 -9.999000e+03 -9.999000e+03 -9.999000e+03 -9.999000e+03 -9.999000e+03 -9.999000e+03 -9.999000e+03 -9.999000e+03 -9.999000e+03 -9.999000e+03 -9.999000e+03 -9.999000e+03 -9.999000e+03 -9.999000e+03 -9.999000e+03 -9.999000e+03 -9.999000e+03 -9.999000e+03 -9.999000e+03 -9.999000e+03 -9.999000e+03 -9.999000e+03 -9.999000e+03 -9.999000e+03 -9.999000e+03 -9.999000e+03 -9.999000e+03 -9.999000e+03 -9.999000e+03 -9.999000e+03 -9.999000e+03 -9.999000e+03 -9.999000e+03 -9.999000e+03 -9.999000e+03 -9.999000e+03 -9.999000e+03 1.201715e-30 1.466904e-30 9.507726e-29 1.888227e-27 2.302842e-30 5.614657e-29 5.902420e-28 7.073326e-27
-9.999000e+03 -9.999000e+03 -9.999000e+03 -9.999000e+03 -9.999000e+03 -9.999000e+03 -9.999000e+03 -9.999000e+03 -9.999000e+03 -9.999000e+03 -9.999000e+03 -9.999000e+03 -9.999000e+03 -9.999000e+03 -9.999000e+03 -9.999000e+03 -9.999000e+03 -9.999000e+03 -9.999000e+03 -9.999000e+03 -9.999000e+03 -9.999000e+03 -9.999000e+03 -9.999000e+03 -9.999000e+03 -9.999000e+03 -9.999000e+03 -9.999000e+03 -9.999000e+03 -9.999000e+03 -9.999000e+03 -9.999000e+03 -9.999000e+03 -9.999000e+03 -9.999000e+03 -9.999000e+03 -9.999000e+03 -9.999000e+03 -9.999000e+03 -9.999000e+03 -9.999000e+03 -9.999000e+03 -9.999000e+03 -9.999000e+03 -9.999000e+03 -9.999000e+03 -9.999000e+03 -9.999000e+03 -9.999000e+03 -9.999000e+03 8.460150e-31 1.029476e-28
-9.999000e+03 -9.999000e+03 -9.999000e+03 -9.999000e+03 -9.999000e+03 -9.999000e+03 -9.999000e+03 -9.999000e+03 -9.999000e+03 -9.999000e+03 -9.999000e+03 -9.999000e+03 -9.999000e+03 -9.999000e+03 -9.999000e+03 -9.999000e+03 -9.999000e+03 -9.999000e+03 -9.999000e+03 -9.999000e+03 -9.999000e+03 -9.999000e+03 -9.999000e+03 -9.999000e+03 -9.999000e+03 -9.999000e+03 -9.999000e+03 -9.999000e+03 -9.999000e+03 -9.999000e+03 -9.999000e+03 -9.999000e+03 -9.999000e+03 -9.999000e+03 -9.999000e+03 -9.999000e+03 -9.999000e+03 -9.999000e+03 -9.999000e+03 -9.999000e+03 -9.999000e+03 -9.999000e+03 -9.999000e+03 -9.999000e+03 -9.999000e+03 -9.999000e+03 -9.999000e+03 -9.999000e+03 -9.999000e+03 -9.999000e+03 -9.999000e+03 3.554641e-30
-9.999000e+03 -9.999000e+03 -9.999000e+03 -9.999000e+03 -9.999000e+03 -9.999000e+03 -9.999000e+03 -9.999000e+03 -9.999000e+03 -9.999000e+03 -9.999000e+03 -9.999000e+03 -9.999000e+03 -9.999000e+03 -9.999000e+03 -9.999000e+03 -9.999000e+03 -9.999000e+03 -9.999000e+03 -9.999000e+03 -9.999000e+03 -9.999000e+03 -9.999000e+03 -9.999000e+03 -9.999000e+03 -9.999000e+03 -9.999000e+03 -9.999000e+03 -9.999000e+03 -9.999000e+03 -9.999000e+03 -9.999000e+03 -9.999000e+03 -9.999000e+03 -9.999000e+03 -9.999000e+03 -9.999000e+03 -9.999000e+03 -9.999000e+03 -9.999000e+03 -9.999000e+03 -9.999000e+03 -9.999000e+03 -9.999000e+03 -9.999000e+03 -9.999000e+03 -9.999000e+03 -9.999000e+03 -9.999000e+03 -9.999000e+03 -9.999000e+03 -9.999000e+03
-9.999000e+03 -9.999000e+03 -9.999000e+03 -9.999000e+03 -9.999000e+03 -9.999000e+03 -9.999000e+03 -9.999000e+03 -9.999000e+03 -9.999000e+03 -9.999000e+03 -9.999000e+03 -9.999000e+03 -9.999000e+03 -9.999000e+03 -9.999000e+03 -9.999000e+03 -9.999000e+03 -9.999000e+03 -9.999000e+03 -9.999000e+03 -9.999000e+03 -9.999000e+03 -9.999000e+03 -9.999000e+03 -9.999000e+03 -9.999000e+03 -9.999000e+03 -9.999000e+03 -9.999000e+03 -9.999000e+03 -9.999000e+03 -9.999000e+03 -9.999000e+03 -9.999000e+03 -9.999000e+03 -9.999000e+03 -9.999000e+03 -9.999000e+03 -9.999000e+03 -9.999000e+03 -9.999000e+03 -9.999000e+03 -9.999000e+03 -9.999000e+03 -9.999000e+03 -9.999000e+03 -9.999000e+03 -9.999000e+03 -9.999000e+03 -9.999000e+03 -9.999000e+03
