tests/data/reference/test_implicit_stream_rill_mfda/control/volrest_m3.asc
ncols	123
nrows	77
xllcorner	-713746.79929998
yllcorner	-1061022.36961616
cellsize	10.0
NODATA_value	-9999
[rows 46 to 68 of 77, columns 0 to 51 of 123]
-9.999000e+03 -9.999000e+03 -9.999000e+03 -9.999000e+03 -9.999000e+03 -9.999000e+03 4.347042e-03 1.359652e-09 2.734791e-26 2.124442e-26 1.291172e-29 5.539402e-28 8.023324e-26 4.003415e-25 3.320421e-24 1.010287e-19 6.350334e-25 2.696104e-24 8.945082e-24 1.037120e-23 9.079833e-24 7.541992e-29 7.340213e-29 8.575955e-29 1.461752e-27 1.111385e-26 6.488798e-26 4.058450e-25 1.758385e-24 7.288269e-24 1.901288e-23 3.441061e-11 1.956934e-10 7.479566e-23 7.012920e-23 5.500838e-23 4.109728e-23 2.751494e-23 1.996267e-23 1.402461e-23 1.515980e-23 1.277227e-23 1.420097e-23 1.382262e-23 1.533585e-23 2.122122e-23 2.771284e-23 3.876656e-23 5.582484e-23 1.161046e-22 2.047103e-22 2.219432e-22
-9.999000e+03 -9.999000e+03 -9.999000e+03 -9.999000e+03 -9.999000e+03 -9.999000e+03 9.280492e-05 2.249357e-21 7.300313e-28 4.889193e-28 7.457379e-30 6.708440e-27 4.587633e-26 8.234099e-25 7.160344e-20 5.799037e-26 5.252531e-25 2.992778e-24 1.032987e-23 1.110456e-23 2.593193e-30 1.990849e-30 1.833348e-30 1.846428e-30 6.791171e-29 9.244981e-28 8.676222e-27 2.598031e-14 1.792880e-13 8.734272e-13 4.891109e-12 2.583830e-23 2.965938e-23 3.600212e-23 3.257539e-23 2.796975e-23 2.300600e-23 1.653183e-23 1.229883e-23 1.436365e-23 9.459147e-24 1.045116e-23 9.102898e-24 9.317844e-24 1.060556e-23 1.311146e-23 1.655894e-23 2.198612e-23 4.200072e-23 5.631805e-23 9.699657e-23 1.088863e-22
-9.999000e+03 -9.999000e+03 -9.999000e+03 -9.999000e+03 -9.999000e+03 5.642323e-03 1.051817e-20 7.525080e-23 9.996327e-30 8.683675e-30 4.670175e-28 7.129085e-27 4.219830e-25 4.541055e-20 3.918350e-27 4.660515e-26 3.807158e-25 1.934828e-24 6.428068e-24 7.614759e-24 3.451623e-22 6.592400e-21 8.944363e-20 3.523519e-18 4.825512e-17 4.137685e-16 3.212704e-15 1.647035e-24 2.433653e-24 3.568542e-24 5.800767e-24 9.508595e-24 1.397994e-23 1.521451e-23 1.522391e-23 1.447422e-23 1.260250e-23 9.232734e-24 1.370570e-23 7.267314e-24 8.956709e-24 6.403915e-24 5.982589e-24 6.122346e-24 6.840266e-24 8.161220e-24 1.017785e-23 2.107581e-23 2.320503e-23 3.281280e-23 3.555195e-23 1.143206e-25
-9.999000e+03 -9.999000e+03 -9.999000e+03 -9.999000e+03 1.595726e-02 4.760981e-19 1.473304e-26 1.105129e-24 1.417755e-29 1.868348e-29 9.469937e-28 3.757417e-25 2.477587e-20 3.029547e-28 4.960051e-27 4.231892e-26 2.351906e-25 1.184127e-24 2.990059e-24 2.351982e-24 1.452298e-24 8.812972e-25 3.894836e-21 7.402957e-27 3.655251e-26 1.259650e-25 2.910711e-25 4.290040e-25 8.308710e-25 1.113380e-24 1.549095e-24 3.004273e-24 4.382596e-24 6.300126e-24 7.029170e-24 6.718566e-24 4.859648e-24 1.246155e-23 3.825779e-24 7.023227e-24 3.846222e-24 3.720100e-24 3.702997e-24 3.679786e-24 3.623144e-24 3.670897e-24 1.220288e-23 1.157176e-23 1.501082e-23 1.225018e-23 1.187553e-26 1.560248e-26
-9.999000e+03 -9.999000e+03 -9.999000e+03 -9.999000e+03 8.407614e-03 1.848892e-24 6.849709e-28 1.392003e-26 1.899142e-27 2.988656e-29 2.015085e-25 7.320431e-21 1.061977e-29 3.944489e-28 5.245419e-27 3.215569e-26 1.688239e-25 8.198508e-25 1.156222e-24 7.415906e-25 3.985505e-25 1.193510e-21 7.753485e-28 4.364124e-27 1.773473e-26 4.750384e-26 6.377138e-26 1.291679e-25 1.900817e-25 2.666054e-25 5.693851e-25 8.576258e-25 1.176311e-24 1.497748e-24 1.673789e-24 1.691308e-24 8.703336e-24 2.456042e-24 3.901828e-24 2.633845e-24 2.580461e-24 2.733593e-24 2.811338e-24 2.683968e-24 2.499792e-24 9.118431e-24 4.759722e-24 7.530404e-24 3.626311e-24 1.261652e-27 1.442145e-27 1.902730e-27
-9.999000e+03 -9.999000e+03 -9.999000e+03 5.278942e-03 2.954502e-18 2.184322e-25 2.333484e-29 2.516082e-27 4.853416e-29 4.814202e-26 3.146170e-22 6.477740e-25 1.517723e-29 4.911611e-28 5.042865e-27 2.742916e-26 1.303947e-25 2.733288e-25 3.001828e-25 1.812544e-25 2.289600e-22 5.141920e-29 5.019621e-28 2.777523e-27 7.485269e-27 1.021200e-26 2.390450e-26 2.882633e-26 3.992953e-26 1.045256e-25 1.651140e-25 2.191364e-25 2.819316e-25 3.525772e-25 3.933372e-25 2.758067e-24 9.345688e-25 2.535140e-24 1.513426e-24 1.418205e-24 1.451867e-24 1.601905e-24 1.640059e-24 1.582902e-24 7.933069e-24 2.820418e-24 3.056826e-24 1.593792e-24 1.302129e-28 1.302968e-28 1.475476e-28 1.922191e-28
-9.999000e+03 -9.999000e+03 -9.999000e+03 6.539483e-03 5.271346e-24 2.966636e-27 6.055126e-29 1.355758e-28 8.974366e-27 7.477491e-27 4.193275e-23 3.564277e-25 2.810330e-29 7.330681e-28 5.541723e-27 2.940304e-26 4.198395e-26 5.410737e-26 5.766166e-26 4.673539e-23 2.432483e-30 5.827168e-29 5.904032e-28 2.036020e-27 2.037361e-27 5.910636e-27 6.846712e-27 7.779425e-27 2.405730e-26 3.805325e-26 5.325285e-26 6.834842e-26 8.245612e-26 8.696986e-26 1.149689e-24 2.411365e-25 1.020927e-24 6.042157e-25 6.711634e-25 6.412850e-25 6.335152e-25 6.757893e-25 7.026288e-25 5.032379e-24 1.675805e-24 1.758134e-24 7.066336e-25 9.995698e-30 1.001285e-29 1.033106e-29 1.124397e-29 3.286171e-18
-9.999000e+03 -9.999000e+03 1.315828e-01 1.892219e-27 5.664493e-27 4.554796e-27 3.476452e-28 6.755210e-28 3.935880e-28 9.150430e-28 5.838972e-23 2.155822e-25 8.159248e-29 1.224109e-27 7.800089e-27 7.490488e-27 6.577425e-27 6.448682e-27 2.289926e-25 1.535647e-25 5.834610e-30 1.464537e-28 8.912996e-28 6.763154e-28 2.091076e-27 1.943185e-27 2.001580e-27 7.237961e-27 9.977939e-27 1.327300e-26 1.756624e-26 2.214669e-26 2.267819e-26 6.737380e-25 6.810779e-26 4.474601e-25 1.642879e-25 2.080416e-25 2.433190e-25 2.335132e-25 2.109693e-25 2.071880e-25 2.499363e-24 6.873642e-25 8.140324e-25 2.758343e-25 4.592755e-31 4.234265e-31 4.180530e-31 4.398485e-31 3.845880e-19 8.560589e-25
-9.999000e+03 -9.999000e+03 7.573727e-01 1.322633e-26 6.569502e-29 3.039001e-28 1.363301e-27 3.311239e-28 7.474661e-26 2.487210e-21 7.038523e-28 4.168299e-26 2.346744e-28 2.519822e-27 1.178708e-27 9.267177e-28 6.668110e-28 5.178424e-28 8.919065e-28 2.830548e-26 2.150900e-29 4.487446e-28 2.124036e-28 1.273423e-27 8.596605e-28 6.117329e-28 2.856621e-27 2.918263e-27 2.935027e-27 3.376558e-27 4.039766e-27 4.925050e-27 4.815335e-25 2.246661e-26 2.988135e-25 5.318178e-26 5.546662e-26 6.942028e-26 8.186201e-26 7.097653e-26 5.778759e-26 1.365359e-24 1.963938e-25 2.309318e-25 7.165738e-26 6.185043e-26 2.337251e-25 7.148717e-25 1.793620e-21 3.501744e-20 2.243146e-25 2.331157e-25
-9.999000e+03 1.403301e-02 1.458183e-03 1.132577e-25 1.041701e-28 5.483864e-27 2.198753e-28 2.249373e-28 -9.999000e+03 -9.999000e+03 -9.999000e+03 7.758504e-28 4.184379e-28 6.676851e-29 3.595483e-29 3.412328e-29 2.608910e-29 1.562958e-29 2.645814e-29 2.043145e-28 3.630504e-28 5.370152e-29 8.736228e-28 4.716829e-28 2.332004e-28 1.610818e-27 9.938999e-28 7.274594e-28 5.926748e-28 5.850935e-28 6.498448e-28 3.493541e-25 6.357295e-27 2.347623e-25 1.966368e-26 1.725775e-26 1.804348e-26 2.061392e-26 1.975296e-26 1.545970e-26 8.494804e-25 5.290676e-26 5.548290e-26 1.351866e-26 1.308587e-26 6.573520e-25 8.907297e-24 9.924191e-23 8.132956e-24 4.894030e-26 5.164425e-26 4.842856e-26
-9.999000e+03 1.847521e-02 7.739161e-24 1.078878e-28 4.543486e-28 3.851889e-28 -9.999000e+03 -9.999000e+03 -9.999000e+03 -9.999000e+03 -9.999000e+03 -9.999000e+03 2.486970e-28 9.506959e-29 5.601749e-27 9.893717e-26 3.420342e-29 1.713089e-27 7.452371e-26 4.147601e-23 8.734979e-28 7.305890e-28 1.500136e-28 3.553049e-29 8.949546e-28 3.702993e-28 1.722659e-28 9.586677e-29 6.857118e-29 5.883933e-29 2.078831e-25 1.065891e-27 1.991298e-25 5.947183e-27 4.610677e-27 3.895025e-27 3.845698e-27 3.938721e-27 3.536118e-27 5.320716e-25 1.276812e-26 1.220305e-26 1.957349e-27 1.983382e-27 2.272952e-25 1.036139e-26 8.565891e-27 3.589733e-24 7.831459e-27 9.118187e-27 8.914856e-27 1.365572e-24
5.175597e-03 1.395295e-04 7.144545e-27 4.172558e-28 7.918087e-27 9.611216e-29 -9.999000e+03 -9.999000e+03 -9.999000e+03 -9.999000e+03 -9.999000e+03 -9.999000e+03 -9.999000e+03 -9.999000e+03 -9.999000e+03 2.876159e-29 2.999161e-25 1.973352e-29 2.860125e-29 5.675097e-29 1.314959e-22 -9.999000e+03 -9.999000e+03 1.507547e-28 3.386469e-29 1.576962e-29 7.910942e-30 4.390968e-30 3.402562e-30 1.548187e-25 1.169260e-28 1.454849e-25 1.430336e-27 9.442369e-28 7.286442e-28 5.936704e-28 5.248096e-28 5.364192e-28 3.855108e-25 2.765794e-27 2.040698e-27 2.264724e-28 2.284106e-28 6.528202e-26 1.900703e-27 1.584531e-27 2.385260e-24 1.218337e-27 1.234150e-27 1.371709e-27 6.007656e-25 6.001177e-27
8.598191e-03 5.728284e-28 8.891447e-28 9.080007e-28 8.520171e-29 -9.999000e+03 -9.999000e+03 -9.999000e+03 -9.999000e+03 -9.999000e+03 -9.999000e+03 -9.999000e+03 -9.999000e+03 -9.999000e+03 -9.999000e+03 -9.999000e+03 -9.999000e+03 -9.999000e+03 -9.999000e+03 -9.999000e+03 -9.999000e+03 -9.999000e+03 -9.999000e+03 2.242574e-28 5.069277e-29 2.836320e-29 1.049475e-27 9.488729e-27 6.991128e-26 7.566229e-30 1.124380e-25 2.511266e-28 1.713736e-28 9.222718e-29 6.056664e-29 5.296004e-29 4.787323e-29 2.126872e-25 5.529340e-28 3.508197e-28 1.662114e-29 1.624307e-29 1.481193e-26 2.562095e-28 2.387090e-28 1.716897e-24 1.822610e-28 1.650047e-28 1.655131e-28 2.512418e-25 1.426924e-27 1.457367e-23
-9.999000e+03 6.087748e-29 9.532672e-29 2.885878e-29 -9.999000e+03 -9.999000e+03 -9.999000e+03 -9.999000e+03 -9.999000e+03 -9.999000e+03 -9.999000e+03 -9.999000e+03 -9.999000e+03 -9.999000e+03 -9.999000e+03 -9.999000e+03 -9.999000e+03 -9.999000e+03 -9.999000e+03 -9.999000e+03 -9.999000e+03 -9.999000e+03 -9.999000e+03 -9.999000e+03 -9.999000e+03 -9.999000e+03 1.564297e-29 9.717235e-30 7.030272e-28 4.201827e-26 2.488207e-29 1.446883e-29 6.931020e-30 3.139857e-30 2.152912e-30 1.974778e-30 9.291383e-26 5.794672e-29 4.541195e-29 7.880003e-31 6.473525e-31 2.797665e-27 1.938511e-29 2.027209e-29 1.011250e-24 1.811874e-29 1.650683e-29 1.550639e-29 8.941130e-26 2.442101e-28 2.664176e-23 7.541611e-30
-9.999000e+03 -9.999000e+03 -9.999000e+03 -9.999000e+03 -9.999000e+03 -9.999000e+03 -9.999000e+03 -9.999000e+03 -9.999000e+03 -9.999000e+03 -9.999000e+03 -9.999000e+03 -9.999000e+03 -9.999000e+03 -9.999000e+03 -9.999000e+03 -9.999000e+03 -9.999000e+03 -9.999000e+03 -9.999000e+03 -9.999000e+03 -9.999000e+03 -9.999000e+03 -9.999000e+03 -9.999000e+03 -9.999000e+03 -9.999000e+03 -9.999000e+03 1.294576e-29 2.850210e-27 4.789934e-29 2.671036e-29 1.038428e-29 2.027534e-28 2.440911e-27 2.960827e-26 3.054637e-30 1.938603e-30 1.406547e-30 3.359326e-29 4.187916e-28 7.707140e-31 7.292640e-31 4.199399e-25 6.966921e-31 6.911783e-31 7.114855e-31 2.434398e-26 2.262708e-29 3.091864e-23 5.044011e-31 3.375736e-31
-9.999000e+03 -9.999000e+03 -9.999000e+03 -9.999000e+03 -9.999000e+03 -9.999000e+03 -9.999000e+03 -9.999000e+03 -9.999000e+03 -9.999000e+03 -9.999000e+03 -9.999000e+03 -9.999000e+03 -9.999000e+03 -9.999000e+03 -9.999000e+03 -9.999000e+03 -9.999000e+03 -9.999000e+03 -9.999000e+03 -9.999000e+03 -9.999000e+03 -9.999000e+03 -9.999000e+03 -9.999000e+03 -9.999000e+03 -9.999000e+03 -9.999000e+03 -9.999000e+03 3.182831e-29 7.110596e-26 1.056968e-27 4.095014e-28 3.107556e-30 2.661783e-30 3.793361e-30 3.719553e-30 2.287118e-30 6.287786e-29 8.022683e-28 6.253614e-27 3.743246e-26 1.577884e-25 7.633427e-31 2.230430e-29 3.385200e-28 3.560658e-27 9.265106e-31 2.704522e-23 6.951456e-31 1.495372e-29 1.399247e-28
-9.999000e+03 -9.999000e+03 -9.999000e+03 -9.999000e+03 -9.999000e+03 -9.999000e+03 -9.999000e+03 -9.999000e+03 -9.999000e+03 -9.999000e+03 -9.999000e+03 -9.999000e+03 -9.999000e+03 -9.999000e+03 -9.999000e+03 -9.999000e+03 -9.999000e+03 -9.999000e+03 -9.999000e+03 -9.999000e+03 -9.999000e+03 -9.999000e+03 -9.999000e+03 -9.999000e+03 -9.999000e+03 -9.999000e+03 -9.999000e+03 -9.999000e+03 -9.999000e+03 -9.999000e+03 8.162185e-28 -9.999000e+03 -9.999000e+03 -9.999000e+03 -9.999000e+03 -9.999000e+03 -9.999000e+03 -9.999000e+03 1.676068e-30 5.627606e-29 9.122004e-28 1.019878e-26 5.808902e-26 1.983510e-25 5.204507e-25 1.380893e-24 3.609629e-24 1.726482e-23 1.049178e-30 2.177632e-29 2.150331e-28 1.502424e-27
-9.999000e+03 -9.999000e+03 -9.999000e+03 -9.999000e+03 -9.999000e+03 -9.999000e+03 -9.999000e+03 -9.999000e+03 -9.999000e+03 -9.999000e+03 -9.999000e+03 -9.999000e+03 -9.999000e+03 -9.999000e+03 -9.999000e+03 -9.999000e+03 -9.999000e+03 -9.999000e+03 -9.999000e+03 -9.999000e+03 -9.999000e+03 -9.999000e+03 -9.999000e+03 -9.999000e+03 -9.999000e+03 -9.999000e+03 -9.999000e+03 -9.999000e+03 -9.999000e+03 -9.999000e+03 -9.999000e+03 -9.999000e+03 -9.999000e+03 -9.999000e+03 -9.999000e+03 -9.999000e+03 -9.999000e+03 -9.999000e+03 -9.999000e+03 -9.999000e+03 -9.999000e+03 1.630896e-30 1.420017e-30 9.462851e-31 2.683467e-29 4.244645e-28 5.111992e-27 5.926212e-26 3.301637e-25 6.700166e-25 1.241457e-24 2.535440e-24
-9.999000e+03 -9.999000e+03 -9.999000e+03 -9.999000e+03 -9.999000e+03 -9.999000e+03 -9.999000e+03 -9.999000e+03 -9.999000e+03 -9.999000e+03 -9.999000e+03 -9.999000e+03 -9.999000e+03 -9.999000e+03 -9.999000e+03 -9.999000e+03 -9.999000e+03 -9.999000e+03 -9.999000e+03 -9.999000e+03 -9.999000e+03 -9.999000e+03 -9.999000e+03 -9.999000e+03 -9.999000e+03 -9.999000e+03 -9.999000e+03 -9.999000e+03 -9.999000e+03 -9.999000e+03 -9.999000e+03 -9.999000e+03 -9.999000e+03 -9.999000e+03 -9.999000e+03 -9.999000e+03 -9.999000e+03 -9.999000e+03 -9.999000e+03 -9.999000e+03 -9.999000e+03 -9.999000e+03 -9.999000e+03 -9.999000e+03 7.655835e-31 8.293288e-31 3.254555e-29 8.029689e-28 1.029593e-30 1.954440e-29 2.342960e-28 3.193935e-27
-9.999000e+03 -9.999000e+03 -9.999000e+03 -9.999000e+03 -9.999000e+03 -9.999000e+03 -9.999000e+03 -9.999000e+03 -9.999000e+03 -9.999000e+03 -9.999000e+03 -9.999000e+03 -9.999000e+03 -9.999000e+03 -9.999000e+03 -9.999000e+03 -9.999000e+03 -9.999000e+03 -9.999000e+03 -9.999000e+03 -9.999000e+03 -9.999000e+03 -9.999000e+03 -9.999000e+03 -9.999000e+03 -9.999000e+03 -9.999000e+03 -9.999000e+03 -9.999000e+03 -9.999000e+03 -9.999000e+03 -9.999000e+03 -9.999000e+03 -9.999000e+03 -9.999000e+03 -9.999000e+03 -9.999000e+03 -9.999000e+03 -9.999000e+03 -9.999000e+03 -9.999000e+03 -9.999000e+03 -9.999000e+03 -9.999000e+03 -9.999000e+03 -9.999000e+03 -9.999000e+03 -9.999000e+03 -9.999000e+03 -9.999000e+03 6.096700e-31 3.632244e-29
-9.999000e+03 -9.999000e+03 -9.999000e+03 -9.999000e+03 -9.999000e+03 -9.999000e+03 -9.999000e+03 -9.999000e+03 -9.999000e+03 -9.999000e+03 -9.999000e+03 -9.999000e+03 -9.999000e+03 -9.999000e+03 -9.999000e+03 -9.999000e+03 -9.999000e+03 -9.999000e+03 -9.999000e+03 -9.999000e+03 -9.999000e+03 -9.999000e+03 -9.999000e+03 -9.999000e+03 -9.999000e+03 -9.999000e+03 -9.999000e+03 -9.999000e+03 -9.999000e+03 -9.999000e+03 -9.999000e+03 -9.999000e+03 -9.999000e+03 -9.999000e+03 -9.999000e+03 -9.999000e+03 -9.999000e+03 -9.999000e+03 -9.999000e+03 -9.999000e+03 -9.999000e+03 -9.999000e+03 -9.999000e+03 -9.999000e+03 -9.999000e+03 -9.999000e+03 -9.999000e+03 -9.999000e+03 -9.999000e+03 -9.999000e+03 -9.999000e+03 1.325944e-30
-9.999000e+03 -9.999000e+03 -9.999000e+03 -9.999000e+03 -9.999000e+03 -9.999000e+03 -9.999000e+03 -9.999000e+03 -9.999000e+03 -9.999000e+03 -9.999000e+03 -9.999000e+03 -9.999000e+03 -9.999000e+03 -9.999000e+03 -9.999000e+03 -9.999000e+03 -9.999000e+03 -9.999000e+03 -9.999000e+03 -9.999000e+03 -9.999000e+03 -9.999000e+03 -9.999000e+03 -9.999000e+03 -9.999000e+03 -9.999000e+03 -9.999000e+03 -9.999000e+03 -9.999000e+03 -9.999000e+03 -9.999000e+03 -9.999000e+03 -9.999000e+03 -9.999000e+03 -9.999000e+03 -9.999000e+03 -9.999000e+03 -9.999000e+03 -9.999000e+03 -9.999000e+03 -9.999000e+03 -9.999000e+03 -9.999000e+03 -9.999000e+03 -9.999000e+03 -9.999000e+03 -9.999000e+03 -9.999000e+03 -9.999000e+03 -9.999000e+03 -9.999000e+03
-9.999000e+03 -9.999000e+03 -9.999000e+03 -9.999000e+03 -9.999000e+03 -9.999000e+03 -9.999000e+03 -9.999000e+03 -9.999000e+03 -9.999000e+03 -9.999000e+03 -9.999000e+03 -9.999000e+03 -9.999000e+03 -9.999000e+03 -9.999000e+03 -9.999000e+03 -9.999000e+03 -9.999000e+03 -9.999000e+03 -9.999000e+03 -9.999000e+03 -9.999000e+03 -9.999000e+03 -9.999000e+03 -9.999000e+03 -9.999000e+03 -9.999000e+03 -9.999000e+03 -9.999000e+03 -9.999000e+03 -9.999000e+03 -9.999000e+03 -9.999000e+03 -9.999000e+03 -9.999000e+03 -9.999000e+03 -9.999000e+03 -9.999000e+03 -9.999000e+03 -9.999000e+03 -9.999000e+03 -9.999000e+03 -9.999000e+03 -9.999000e+03 -9.999000e+03 -9.999000e+03 -9.999000e+03 -9.999000e+03 -9.999000e+03 -9.999000e+03 -9.999000e+03
