tests/data/reference/test_implicit_stream_rill_mfda/control/volrest_m3.asc
ncols	123
nrows	77
xllcorner	-713746.79929998
yllcorner	-1061022.36961616
cellsize	10.0
NODATA_value	-9999
[rows 23 to 45 of 77, columns 0 to 51 of 123]
-9.999000e+03 -9.999000e+03 -9.999000e+03 -9.999000e+03 -9.999000e+03 -9.999000e+03 -9.999000e+03 -9.999000e+03 -9.999000e+03 -9.999000e+03 -9.999000e+03 -9.999000e+03 -9.999000e+03 -9.999000e+03 7.608166e-27 3.073641e-21 5.741260e-20 7.108897e-25 2.891724e-27 2.708722e-24 1.067866e-26 1.640792e-03 1.865219e-25 2.933554e-05 7.450803e-16 1.413531e-18 8.820058e-16 8.145375e-20 4.061203e-26 2.583931e-21 6.027292e-31 3.607731e-29 4.275125e-28 6.625130e-25 3.328820e-21 1.402688e-23 1.990081e-17 4.276532e-31 5.569113e-22 4.222253e-24 3.510099e-24 2.109588e-24 3.889117e-24 1.771948e-24 1.735294e-24 6.960525e-25 1.052573e-24 8.226907e-24 1.079384e-25 1.325943e-27 1.735536e-28 2.624586e-31
-9.999000e+03 -9.999000e+03 -9.999000e+03 -9.999000e+03 -9.999000e+03 -9.999000e+03 -9.999000e+03 -9.999000e+03 -9.999000e+03 -9.999000e+03 -9.999000e+03 -9.999000e+03 -9.999000e+03 -9.999000e+03 1.565665e-21 2.281207e-09 8.630793e-17 5.515449e-26 3.761155e-27 2.978271e-28 1.849841e-03 3.245487e-03 3.260020e-29 9.115803e-27 1.435804e-09 2.754864e-17 5.278479e-15 5.105904e-19 1.761771e-24 1.253529e-29 6.311057e-22 3.737358e-29 4.500334e-28 3.677925e-27 4.111447e-20 1.546032e-23 4.794912e-17 4.032981e-31 1.870177e-21 6.269449e-24 5.769786e-24 4.064084e-24 5.513188e-24 3.246042e-24 3.085502e-24 1.556800e-24 1.976918e-24 7.456313e-24 2.937810e-25 7.163591e-27 2.581791e-31 1.042092e-27
-9.999000e+03 -9.999000e+03 -9.999000e+03 -9.999000e+03 -9.999000e+03 -9.999000e+03 -9.999000e+03 -9.999000e+03 -9.999000e+03 -9.999000e+03 -9.999000e+03 -9.999000e+03 -9.999000e+03 -9.999000e+03 1.279976e-06 9.850381e-24 1.282522e-27 1.319337e-27 1.562400e-27 3.057290e-27 1.568268e-03 3.481996e-05 8.731940e-05 2.662263e-27 2.227033e-26 5.084417e-17 9.588256e-14 1.479816e-18 1.615139e-23 1.109721e-29 6.315948e-28 1.612007e-21 4.488499e-27 4.376514e-27 2.858173e-26 5.141445e-19 4.867214e-31 6.952787e-17 2.560125e-29 1.258761e-20 8.427112e-24 7.049377e-24 7.751602e-24 5.511878e-24 5.030311e-24 2.998449e-24 3.328262e-24 7.034743e-24 6.814461e-25 2.770648e-26 1.258478e-29 2.142448e-31
-9.999000e+03 -9.999000e+03 -9.999000e+03 -9.999000e+03 -9.999000e+03 -9.999000e+03 -9.999000e+03 -9.999000e+03 -9.999000e+03 -9.999000e+03 -9.999000e+03 -9.999000e+03 3.910157e-28 2.912640e-27 2.210757e-17 2.973991e-25 1.118282e-27 3.434385e-25 1.048931e-26 1.715386e-03 3.077483e-05 2.867245e-05 2.022040e-09 9.611088e-09 7.720631e-26 2.350289e-25 2.971349e-12 4.726309e-18 1.560168e-22 8.004554e-28 1.256698e-29 1.784415e-26 4.026877e-21 1.804489e-25 4.597341e-25 1.292116e-25 3.781819e-18 2.815310e-29 7.663534e-17 2.949932e-28 9.474692e-20 1.108966e-23 1.178528e-23 8.643947e-24 7.794431e-24 4.836163e-24 4.491472e-24 6.717300e-24 1.251005e-24 8.342796e-26 1.116555e-28 1.964894e-31
-9.999000e+03 -9.999000e+03 -9.999000e+03 -9.999000e+03 -9.999000e+03 -9.999000e+03 -9.999000e+03 -9.999000e+03 -9.999000e+03 -9.999000e+03 -9.999000e+03 -9.999000e+03 -9.999000e+03 4.971544e-28 5.005206e-25 3.052217e-25 4.808350e-26 2.558750e-26 2.308775e-03 4.315617e-05 9.282105e-10 2.116284e-17 1.336243e-09 2.356570e-16 5.869451e-15 1.064407e-13 2.177441e-12 2.429704e-10 1.535977e-17 1.483084e-21 2.883735e-26 9.708778e-28 5.004011e-25 1.746814e-20 3.924671e-24 5.310769e-24 3.204711e-24 2.902690e-16 3.093272e-28 3.642434e-17 6.057807e-19 1.609963e-23 1.687431e-23 1.433864e-23 1.162223e-23 6.955939e-24 5.587626e-24 6.244393e-24 1.939332e-24 2.111910e-25 6.913402e-28 8.992994e-30
-9.999000e+03 -9.999000e+03 -9.999000e+03 -9.999000e+03 -9.999000e+03 -9.999000e+03 -9.999000e+03 -9.999000e+03 -9.999000e+03 -9.999000e+03 -9.999000e+03 -9.999000e+03 -9.999000e+03 -9.999000e+03 -9.999000e+03 6.615275e-27 5.424521e-25 2.342233e-03 4.090051e-03 1.041293e-04 1.144515e-08 1.514196e-15 5.619733e-19 7.489676e-18 4.863796e-17 1.615800e-16 3.384098e-16 1.347295e-10 2.200887e-07 2.239848e-17 1.176505e-20 1.082307e-24 7.075104e-26 1.591955e-23 5.777151e-20 2.529269e-23 3.666997e-23 3.741052e-23 7.830764e-15 2.180884e-26 1.291201e-16 2.224326e-23 2.245192e-23 1.733817e-23 1.364203e-23 7.947183e-24 6.060598e-24 5.940563e-24 2.798859e-24 4.592782e-25 3.437289e-27 9.276115e-29
-9.999000e+03 -9.999000e+03 -9.999000e+03 -9.999000e+03 -9.999000e+03 -9.999000e+03 -9.999000e+03 -9.999000e+03 -9.999000e+03 -9.999000e+03 -9.999000e+03 -9.999000e+03 -9.999000e+03 -9.999000e+03 -9.999000e+03 -9.999000e+03 3.781525e-26 2.776438e-03 4.997358e-05 3.108894e-09 1.558853e-16 4.057840e-20 3.558857e-19 1.151368e-18 1.463411e-18 8.403770e-19 4.046244e-19 3.251258e-19 2.908133e-19 9.855674e-06 2.752131e-04 8.761298e-03 4.021630e-23 2.847334e-24 2.017348e-22 1.162398e-19 6.470331e-19 9.416019e-18 3.904549e-22 1.445538e-13 3.406258e-25 5.584133e-18 2.161889e-23 1.636205e-23 1.267717e-23 7.874673e-24 6.143359e-24 5.917039e-24 3.698151e-24 9.135044e-25 1.446112e-26 6.806957e-28
-9.999000e+03 -9.999000e+03 -9.999000e+03 -9.999000e+03 -9.999000e+03 -9.999000e+03 -9.999000e+03 -9.999000e+03 -9.999000e+03 -9.999000e+03 -9.999000e+03 -9.999000e+03 -9.999000e+03 -9.999000e+03 -9.999000e+03 -9.999000e+03 2.119225e-03 3.438291e-05 5.199568e-10 6.409104e-18 7.827891e-22 7.902008e-08 1.687584e-06 1.370226e-05 1.023335e-04 6.057776e-04 3.370546e-03 3.516579e-02 8.575335e-02 1.228822e-01 1.653078e-01 2.199934e-01 3.404798e-01 4.637754e-01 5.548034e-01 6.018938e-01 6.469529e-01 6.050553e-01 1.288213e-01 1.202260e-01 1.222392e-01 1.180506e-01 8.543747e-19 2.612559e-22 1.522107e-22 1.109285e-23 7.943156e-24 7.375941e-24 5.391985e-24 1.832786e-24 5.960491e-26 4.486023e-27
-9.999000e+03 -9.999000e+03 -9.999000e+03 -9.999000e+03 -9.999000e+03 -9.999000e+03 -9.999000e+03 -9.999000e+03 -9.999000e+03 -9.999000e+03 -9.999000e+03 -9.999000e+03 -9.999000e+03 -9.999000e+03 -9.999000e+03 2.114117e-03 3.430179e-05 3.864230e-10 5.457457e-15 2.811295e-12 1.245403e-09 2.043456e-21 3.616020e-19 1.986640e-17 3.968120e-16 1.326276e-14 2.971842e-13 5.475735e-12 7.706502e-11 6.468457e-10 5.861831e-09 8.295908e-08 1.640811e-06 5.753496e-05 1.504749e-03 9.973617e-03 3.968446e-02 6.538859e-02 8.736095e-02 2.480742e-03 1.994622e-04 5.928648e-02 9.809577e-02 1.428827e-01 1.620090e-01 1.853870e-21 4.120840e-21 1.380012e-23 8.894676e-24 3.965214e-24 2.637819e-25 3.330542e-26
-9.999000e+03 -9.999000e+03 -9.999000e+03 -9.999000e+03 -9.999000e+03 -9.999000e+03 -9.999000e+03 -9.999000e+03 -9.999000e+03 -9.999000e+03 -9.999000e+03 -9.999000e+03 -9.999000e+03 -9.999000e+03 2.507930e-03 4.528568e-03 1.137506e-04 9.185652e-09 1.347049e-23 4.175357e-13 1.464955e-22 1.880109e-22 2.506068e-22 1.358897e-21 6.545503e-20 1.695829e-22 2.070546e-22 5.793363e-24 5.268806e-24 8.139988e-23 5.218619e-22 1.689311e-17 1.918839e-15 1.930405e-13 1.067653e-11 2.305446e-10 2.629942e-26 1.006919e-25 2.203202e-23 4.782038e-24 1.267376e-24 1.141717e-24 4.113016e-22 2.418598e-20 1.311324e-18 1.271782e-01 1.581190e-01 1.758311e-01 3.932644e-22 4.257143e-21 2.013141e-24 3.683228e-25
-9.999000e+03 -9.999000e+03 -9.999000e+03 -9.999000e+03 -9.999000e+03 -9.999000e+03 -9.999000e+03 -9.999000e+03 -9.999000e+03 -9.999000e+03 -9.999000e+03 -9.999000e+03 -9.999000e+03 -9.999000e+03 2.213361e-03 3.590864e-05 1.641189e-22 6.385802e-24 2.181321e-12 1.075056e-24 2.843028e-24 6.162021e-24 2.146745e-22 7.317230e-24 4.349552e-24 1.200213e-23 6.486501e-24 4.092081e-24 9.424132e-23 1.461796e-21 1.792967e-20 5.988085e-25 3.171359e-24 5.913667e-24 2.024218e-20 7.780330e-29 8.975069e-28 1.070850e-24 2.708815e-25 6.457988e-26 4.556573e-26 3.133051e-24 1.799430e-25 1.699991e-25 4.401727e-25 3.036031e-23 1.137894e-21 3.822633e-20 1.448627e-01 1.612637e-01 2.175633e-01 1.312081e-21
-9.999000e+03 -9.999000e+03 -9.999000e+03 -9.999000e+03 -9.999000e+03 -9.999000e+03 -9.999000e+03 -9.999000e+03 -9.999000e+03 -9.999000e+03 -9.999000e+03 -9.999000e+03 -9.999000e+03 5.013006e-03 4.004138e-04 2.642734e-22 6.960385e-24 3.319736e-12 1.925949e-25 7.166695e-25 2.987466e-24 5.432977e-24 7.167821e-24 3.516675e-24 1.671088e-23 6.658952e-24 5.408476e-24 3.541185e-24 2.689702e-24 7.470440e-25 1.237059e-25 9.316002e-25 2.182337e-24 1.902944e-21 9.963065e-31 5.252161e-29 4.511359e-25 9.215513e-26 1.919927e-26 1.421793e-26 2.774451e-25 7.520508e-27 6.043467e-27 2.797846e-26 2.650897e-26 5.295370e-27 1.149621e-26 1.244476e-26 2.012195e-26 4.352513e-24 9.813592e-22 1.759722e-01
-9.999000e+03 -9.999000e+03 -9.999000e+03 -9.999000e+03 -9.999000e+03 -9.999000e+03 -9.999000e+03 -9.999000e+03 -9.999000e+03 -9.999000e+03 -9.999000e+03 -9.999000e+03 2.606456e-03 8.240019e-03 2.378924e-16 1.723368e-23 3.879516e-12 3.198618e-26 1.382768e-25 9.223281e-25 2.400805e-24 4.521707e-24 1.984065e-24 4.075802e-23 6.873547e-24 6.262261e-24 4.933107e-24 3.568739e-24 4.105991e-25 3.100524e-26 3.504219e-25 1.278195e-24 1.965441e-22 6.086344e-28 8.638007e-31 2.031252e-25 2.524888e-26 4.087572e-27 3.255203e-27 1.788232e-25 1.820138e-27 1.472628e-27 1.277676e-27 1.240786e-27 1.728785e-28 7.844223e-28 7.198470e-28 6.617740e-28 1.457262e-27 2.654777e-27 1.077409e-22 3.114458e-21
-9.999000e+03 -9.999000e+03 -9.999000e+03 -9.999000e+03 -9.999000e+03 -9.999000e+03 -9.999000e+03 -9.999000e+03 -9.999000e+03 -9.999000e+03 -9.999000e+03 -9.999000e+03 5.681606e-03 6.758917e-09 8.664196e-23 3.404273e-12 4.166693e-27 2.688707e-26 2.834228e-25 9.793019e-25 2.110650e-24 5.660620e-25 1.114869e-22 5.938929e-24 6.183240e-24 6.123260e-24 5.567018e-24 2.361179e-25 8.097418e-27 1.757131e-25 1.044573e-24 2.335870e-23 7.397595e-31 5.187058e-29 8.718695e-26 6.049384e-27 7.609074e-28 6.551025e-28 1.169475e-25 4.207920e-28 3.133839e-28 2.437621e-28 2.210502e-28 1.953713e-29 1.838384e-29 1.677095e-29 1.542924e-29 6.174885e-29 6.807027e-29 6.866760e-24 3.432053e-27 5.891589e-27
-9.999000e+03 -9.999000e+03 -9.999000e+03 -9.999000e+03 -9.999000e+03 -9.999000e+03 -9.999000e+03 -9.999000e+03 -9.999000e+03 -9.999000e+03 -9.999000e+03 3.346586e-03 1.932037e-04 6.451865e-22 3.326747e-12 3.158671e-28 3.844614e-27 1.003493e-25 5.026192e-25 1.346211e-24 1.149543e-25 3.804486e-22 3.615176e-24 4.302874e-24 5.582978e-24 6.437175e-24 1.067181e-25 1.689676e-27 7.354694e-26 9.641501e-25 6.730119e-26 1.065911e-24 1.498004e-30 3.446932e-26 9.644084e-28 8.302697e-29 8.232056e-29 6.263745e-26 6.880649e-29 6.039822e-29 4.453625e-29 2.934471e-29 3.756544e-31 3.886878e-31 3.734411e-31 3.328234e-31 3.012080e-31 2.838562e-31 4.130407e-25 1.253691e-28 1.521981e-28 1.666901e-28
-9.999000e+03 -9.999000e+03 -9.999000e+03 -9.999000e+03 -9.999000e+03 -9.999000e+03 -9.999000e+03 -9.999000e+03 -9.999000e+03 -9.999000e+03 3.712106e-03 7.694502e-03 2.811745e-17 3.731201e-12 1.555976e-29 4.402167e-28 3.658852e-26 3.562579e-25 1.327124e-24 2.230373e-26 1.372206e-21 2.588233e-24 3.353514e-24 4.420173e-24 6.162987e-24 2.385883e-26 1.574901e-28 1.903339e-26 5.034121e-25 2.445763e-26 2.352018e-26 2.040889e-26 1.627504e-26 1.011362e-28 1.953696e-30 3.197242e-30 1.929277e-26 4.116681e-30 3.918842e-30 3.365098e-30 1.535729e-30 5.258407e-31 2.820366e-29 3.272041e-28 2.414011e-27 1.269397e-26 5.054263e-26 1.639065e-25 3.677065e-31 4.375605e-31 4.394783e-31 5.036579e-30
-9.999000e+03 -9.999000e+03 -9.999000e+03 -9.999000e+03 -9.999000e+03 -9.999000e+03 -9.999000e+03 -9.999000e+03 -9.999000e+03 -9.999000e+03 4.415966e-03 2.471202e-09 1.800400e-12 1.566201e-27 2.901852e-29 1.514631e-26 3.217127e-25 2.095619e-24 3.660766e-27 3.461495e-21 2.529103e-24 2.992302e-24 4.018891e-24 5.470883e-24 3.462363e-27 5.412380e-30 2.777080e-27 1.573295e-25 3.480487e-27 4.576706e-27 5.015193e-27 4.724108e-27 6.818790e-30 3.242569e-30 1.085082e-28 2.148224e-27 5.991880e-30 2.442155e-28 3.572860e-27 2.349027e-26 1.782753e-30 5.463527e-31 3.043546e-29 3.883253e-28 3.142122e-27 1.647449e-26 6.568815e-26 2.122143e-25 5.844682e-25 1.724160e-24 3.809346e-24 6.053632e-24
-9.999000e+03 -9.999000e+03 -9.999000e+03 -9.999000e+03 -9.999000e+03 -9.999000e+03 -9.999000e+03 -9.999000e+03 -9.999000e+03 4.330714e-03 1.245173e-04 6.577539e-13 4.641283e-26 3.454056e-29 2.026584e-27 2.081571e-25 4.097529e-24 4.669395e-28 4.825665e-21 4.124079e-24 3.714276e-24 4.314395e-24 4.710204e-24 2.319437e-28 6.163603e-30 2.195767e-28 3.178096e-26 2.475158e-28 3.185642e-28 5.000227e-28 5.336316e-28 9.739930e-30 2.466166e-28 1.880094e-27 1.163053e-26 7.328934e-26 4.150841e-25 1.743437e-24 4.143032e-30 1.929150e-30 4.065738e-26 3.530843e-29 3.775803e-28 3.385043e-27 2.261424e-26 1.073563e-25 3.507599e-25 8.026350e-25 1.587910e-24 2.993183e-24 5.118758e-24 7.901931e-24
-9.999000e+03 -9.999000e+03 -9.999000e+03 -9.999000e+03 -9.999000e+03 -9.999000e+03 -9.999000e+03 -9.999000e+03 -9.999000e+03 3.449082e-03 6.379376e-09 2.530853e-24 2.744146e-27 4.147257e-29 3.228983e-26 3.940421e-24 2.263537e-29 3.853626e-21 1.008472e-23 7.531941e-24 7.802899e-24 4.873550e-24 6.902479e-30 5.897103e-30 2.131930e-28 3.879193e-27 7.475480e-30 7.944917e-30 1.011409e-29 1.651556e-29 1.610913e-29 3.419697e-28 2.647387e-27 1.231194e-26 4.870733e-26 1.883807e-25 6.522136e-25 3.153801e-30 2.747528e-24 6.252079e-29 4.535854e-29 7.214022e-26 1.719760e-25 4.779190e-25 1.255408e-24 2.668916e-24 4.270758e-24 6.035235e-24 7.182010e-24 7.989949e-24 -2.219284e-06 3.664394e-05
-9.999000e+03 -9.999000e+03 -9.999000e+03 -9.999000e+03 -9.999000e+03 -9.999000e+03 -9.999000e+03 -9.999000e+03 6.431492e-03 1.912535e-04 3.409738e-15 2.648032e-25 4.831693e-29 2.176855e-27 1.370572e-24 4.241081e-24 8.627993e-22 2.319291e-23 1.923687e-23 2.394229e-23 5.841660e-24 2.756653e-28 3.689839e-27 2.517332e-26 1.330783e-25 4.063181e-17 3.751541e-16 2.903906e-15 2.700424e-14 3.717975e-13 2.382947e-12 5.530288e-12 8.712041e-12 1.190904e-11 1.187288e-11 5.844927e-12 2.428111e-13 2.152598e-15 2.053806e-18 4.939064e-21 2.556065e-20 1.222745e-19 5.970598e-19 3.092762e-18 1.247510e-17 3.418554e-17 9.195493e-17 2.226212e-16 4.310450e-16 6.056331e-05 5.571246e-23 5.166534e-23
-9.999000e+03 -9.999000e+03 -9.999000e+03 -9.999000e+03 -9.999000e+03 -9.999000e+03 -9.999000e+03 3.789912e-03 7.337095e-03 1.059165e-15 1.050742e-27 2.284141e-26 4.040587e-29 3.065333e-25 1.354256e-24 1.055566e-23 1.799651e-23 3.074606e-23 1.075576e-22 7.427528e-24 8.354631e-30 7.543958e-30 2.412816e-28 5.895021e-19 4.012016e-18 1.739473e-25 3.673887e-27 3.455863e-26 2.631485e-25 1.866119e-24 5.404126e-24 5.801065e-24 4.266832e-24 3.263894e-24 2.779547e-24 3.168448e-24 4.294676e-24 7.575905e-24 1.054901e-23 1.015705e-23 9.673640e-24 1.086708e-23 1.262516e-23 1.464532e-23 1.568114e-23 1.502844e-23 1.545063e-23 1.921743e-23 2.788646e-03 6.589988e-23 6.219033e-23 5.678213e-23
-9.999000e+03 -9.999000e+03 -9.999000e+03 -9.999000e+03 -9.999000e+03 -9.999000e+03 -9.999000e+03 4.667617e-03 2.426502e-28 4.100838e-16 2.480815e-29 1.187733e-27 2.669361e-26 2.486655e-25 3.973957e-24 8.500438e-24 1.669195e-23 3.581701e-22 7.330404e-24 5.393740e-24 1.990318e-22 4.233829e-21 7.145311e-20 3.085502e-26 2.887636e-26 1.884066e-28 5.404176e-30 2.014056e-28 3.544118e-27 4.513649e-26 2.471703e-25 5.789410e-25 1.024561e-24 1.670063e-24 2.494015e-24 3.904070e-24 3.973802e-09 1.553422e-08 5.342701e-08 1.364493e-07 3.791791e-07 1.148265e-06 3.510447e-06 9.347991e-06 2.131093e-05 7.076766e-05 2.563547e-04 9.821745e-04 5.385690e-23 6.310126e-23 6.434334e-23 6.326712e-23
-9.999000e+03 -9.999000e+03 -9.999000e+03 -9.999000e+03 -9.999000e+03 -9.999000e+03 -9.999000e+03 5.784073e-28 1.752686e-16 4.457686e-25 3.552804e-29 1.405879e-27 2.111104e-26 8.823296e-25 2.633778e-24 7.659053e-24 1.125340e-21 2.858564e-24 4.335305e-24 3.840111e-24 3.134368e-24 2.950843e-24 3.226161e-27 3.729748e-27 6.343671e-30 4.977496e-30 1.635916e-28 2.682353e-27 2.705119e-26 1.907283e-25 7.884419e-25 1.809041e-24 3.229882e-24 8.207068e-11 2.947324e-10 1.014898e-09 2.008628e-23 1.438552e-23 1.028297e-23 7.502844e-24 6.405852e-24 6.967029e-24 7.134974e-24 1.923661e-22 3.360440e-21 5.167282e-20 1.535668e-23 2.244483e-23 3.219816e-23 5.180272e-23 6.683880e-23 6.751592e-23
