tests/data/reference/test_implicit_stream_rill_mfda/control/volrest_m3.asc
ncols	123
nrows	77
xllcorner	-713746.79929998
yllcorner	-1061022.36961616
cellsize	10.0
NODATA_value	-9999
[rows 23 to 45 of 77, columns 52 to 103 of 123]
4.149878e-30 2.279079e-27 1.077208e-26 1.216806e-25 3.387717e-25 1.935245e-24 9.413621e-25 2.170867e-25 2.433776e-25 7.683667e-26 1.857202e-26 1.974571e-26 2.119700e-26 2.440297e-26 3.141866e-26 4.405950e-23 4.951022e-20 2.184767e-19 1.080710e-24 6.905345e-25 1.388208e-26 1.845513e-27 2.018000e-28 2.023751e-27 6.471559e-31 2.529689e-29 1.182442e-03 5.817713e-18 1.778378e-22 4.899258e-27 3.183229e-28 2.018787e-29 9.088729e-31 1.801331e-30 -9.999000e+03 -9.999000e+03 -9.999000e+03 -9.999000e+03 -9.999000e+03 -9.999000e+03 -9.999000e+03 -9.999000e+03 -9.999000e+03 -9.999000e+03 -9.999000e+03 -9.999000e+03 -9.999000e+03 -9.999000e+03 -9.999000e+03 -9.999000e+03 -9.999000e+03 -9.999000e+03
3.719193e-30 4.339808e-29 1.035534e-26 4.373828e-26 3.835884e-25 8.739064e-25 3.715280e-24 2.635494e-24 7.608900e-25 8.246812e-25 2.872686e-25 8.366061e-26 9.132172e-26 1.089843e-25 1.522548e-25 2.282289e-25 5.569945e-19 5.908166e-19 2.003751e-24 1.014948e-24 4.213139e-26 7.278619e-27 1.178656e-27 7.590881e-27 1.275399e-29 2.594211e-28 8.699424e-31 3.004951e-02 5.876223e-17 3.239593e-21 2.141757e-25 3.142747e-28 2.351397e-29 4.171266e-29 2.272426e-30 -9.999000e+03 -9.999000e+03 -9.999000e+03 -9.999000e+03 -9.999000e+03 -9.999000e+03 -9.999000e+03 -9.999000e+03 -9.999000e+03 -9.999000e+03 -9.999000e+03 -9.999000e+03 -9.999000e+03 -9.999000e+03 -9.999000e+03 -9.999000e+03 -9.999000e+03
1.929307e-27 3.970062e-29 3.249711e-28 4.236512e-26 1.638598e-25 1.105683e-24 2.508293e-24 1.155093e-23 8.562818e-24 1.985173e-24 2.185400e-24 8.974817e-25 3.509167e-25 4.423200e-25 5.881982e-25 7.741714e-25 3.878089e-18 9.534059e-19 3.016769e-24 1.473585e-24 1.084996e-25 2.542627e-26 5.678491e-27 2.605197e-26 1.270834e-28 1.516690e-27 1.451321e-29 4.760177e-02 7.490020e-31 2.023631e-16 4.792348e-20 5.583674e-27 3.693081e-28 3.169816e-28 2.554294e-29 1.109137e-30 1.919342e-30 1.998919e-30 -9.999000e+03 -9.999000e+03 -9.999000e+03 -9.999000e+03 -9.999000e+03 -9.999000e+03 -9.999000e+03 -9.999000e+03 -9.999000e+03 -9.999000e+03 -9.999000e+03 -9.999000e+03 -9.999000e+03 -9.999000e+03
3.219441e-30 8.604421e-27 3.181683e-28 2.143600e-27 1.810267e-25 6.168925e-25 3.229419e-24 8.159779e-24 1.968269e-23 1.595724e-23 6.192507e-24 7.860541e-24 3.052780e-24 1.442704e-24 1.777506e-24 2.210571e-24 8.685640e-20 1.408331e-18 4.834977e-24 2.147444e-24 2.900213e-25 8.886230e-26 2.529868e-26 8.638458e-26 9.452879e-28 6.626176e-27 1.220260e-28 6.028508e-02 1.307456e-29 4.614560e-16 4.533806e-19 4.699456e-26 3.692916e-27 2.266443e-27 2.332307e-28 2.384015e-29 4.803979e-29 1.668357e-30 7.066071e-29 2.166670e-30 -9.999000e+03 -9.999000e+03 -9.999000e+03 -9.999000e+03 -9.999000e+03 -9.999000e+03 -9.999000e+03 -9.999000e+03 -9.999000e+03 -9.999000e+03 -9.999000e+03 -9.999000e+03
3.143887e-29 1.666146e-31 3.988621e-26 2.500759e-27 1.456963e-26 6.976611e-25 1.814573e-24 9.690031e-24 1.500133e-23 2.990287e-23 2.933073e-23 1.636949e-23 2.027465e-23 1.181017e-23 4.904833e-24 8.229148e-24 5.439759e-20 1.655220e-18 1.053799e-23 3.805323e-24 8.615886e-25 3.417183e-25 1.161747e-25 2.919993e-25 6.039606e-27 2.569141e-26 8.130657e-28 7.514948e-02 1.136966e-28 6.869761e-16 1.751234e-18 1.537201e-25 2.689527e-26 2.132008e-26 2.920607e-27 3.898034e-28 9.958988e-31 1.419788e-30 6.355125e-29 1.429379e-27 9.818773e-29 2.420102e-03 -9.999000e+03 -9.999000e+03 -9.999000e+03 -9.999000e+03 -9.999000e+03 -9.999000e+03 -9.999000e+03 -9.999000e+03 -9.999000e+03 -9.999000e+03
2.509517e-28 3.564211e-30 1.626214e-25 1.467009e-26 2.461643e-31 7.399180e-26 1.916232e-24 4.717542e-24 1.773744e-23 2.695535e-23 4.926787e-23 5.295842e-23 3.532636e-23 4.416113e-23 2.956740e-23 2.145105e-23 2.258988e-20 9.933486e-19 1.483660e-23 8.829891e-24 1.989345e-24 9.569948e-25 4.291834e-25 8.405742e-25 2.861456e-26 8.737521e-26 3.875795e-27 9.252601e-02 7.641690e-28 8.433729e-16 6.350067e-18 3.857612e-25 1.236036e-25 1.355534e-25 2.712319e-26 4.342974e-27 3.416180e-29 4.786037e-29 1.452038e-30 1.077196e-27 -9.999000e+03 4.996925e-03 3.542871e-03 4.857087e-03 -9.999000e+03 -9.999000e+03 -9.999000e+03 -9.999000e+03 -9.999000e+03 -9.999000e+03 -9.999000e+03 -9.999000e+03
1.726468e-27 4.919131e-29 5.789014e-25 7.042639e-26 2.378171e-31 5.660045e-30 2.834035e-25 5.628082e-24 1.215540e-23 2.849667e-23 4.432232e-23 7.185897e-23 8.982203e-23 7.744214e-23 1.083602e-22 9.721222e-23 6.317719e-23 2.763377e-20 1.771060e-23 1.124914e-23 3.407480e-24 1.929088e-24 1.056616e-24 1.845977e-24 1.110341e-25 2.427134e-25 1.674924e-26 1.135564e-01 3.981347e-27 8.676853e-16 2.497661e-17 8.026959e-25 3.935585e-25 4.838343e-25 1.643022e-25 3.835211e-26 6.471309e-28 7.071402e-28 4.687984e-29 -9.999000e+03 -9.999000e+03 1.260937e-04 5.899468e-05 1.856774e-29 6.514806e-03 -9.999000e+03 -9.999000e+03 -9.999000e+03 -9.999000e+03 -9.999000e+03 -9.999000e+03 -9.999000e+03
1.158011e-26 4.748546e-28 1.908206e-24 2.868694e-25 5.462212e-30 2.348608e-31 6.142781e-29 8.171847e-25 1.296501e-23 2.314108e-23 5.109374e-23 7.818474e-23 1.301681e-22 2.099598e-22 2.113814e-22 2.244496e-22 1.932474e-22 9.634088e-23 1.410444e-20 1.213770e-23 6.219149e-24 3.500332e-24 2.329278e-24 3.644241e-24 3.631380e-25 6.478725e-25 6.174749e-26 1.374875e-01 1.892799e-26 4.795800e-16 8.518356e-17 1.344219e-24 8.328868e-25 1.192880e-24 7.421194e-31 9.109847e-31 5.612163e-27 5.346642e-27 -9.999000e+03 -9.999000e+03 3.620129e-29 9.924345e-09 2.305565e-09 4.733658e-28 1.363532e-29 7.222320e-03 -9.999000e+03 -9.999000e+03 -9.999000e+03 -9.999000e+03 -9.999000e+03 -9.999000e+03
8.600489e-26 4.564254e-27 9.229138e-24 9.974479e-25 6.285618e-29 5.143141e-30 2.150215e-31 4.479540e-28 2.203228e-24 2.907663e-23 5.443447e-23 1.152730e-22 2.101284e-22 3.012341e-22 3.581036e-22 2.701713e-22 2.361809e-22 1.729254e-22 5.017242e-21 1.200860e-23 9.332120e-24 8.179226e-24 5.534290e-24 9.583372e-24 9.221917e-25 1.475886e-24 2.177314e-25 1.645730e-01 7.408458e-26 7.328088e-17 2.334820e-16 1.752078e-24 1.370152e-24 4.150308e-31 5.100897e-31 6.870403e-31 2.432022e-26 -9.999000e+03 -9.999000e+03 2.943614e-30 5.717934e-28 4.622464e-16 3.162292e-17 1.230417e-26 5.032817e-28 7.553730e-30 1.237202e-29 -9.999000e+03 -9.999000e+03 -9.999000e+03 -9.999000e+03 -9.999000e+03
8.173486e-25 4.766783e-26 3.428537e-23 4.090664e-24 2.912159e-31 6.021862e-28 5.985952e-29 5.123410e-30 3.331967e-27 1.008136e-23 7.093318e-23 1.204239e-22 2.214218e-22 3.008459e-22 3.583444e-22 3.308750e-22 2.243568e-22 2.133263e-22 1.648173e-22 1.333831e-23 1.321457e-23 1.368686e-23 1.209172e-23 1.481952e-23 2.077870e-24 3.032370e-24 6.868059e-25 1.954259e-01 2.730074e-25 2.789246e-18 7.380545e-16 2.495426e-24 3.128533e-31 3.498961e-31 4.271873e-31 5.031524e-31 -9.999000e+03 -9.999000e+03 1.766744e-30 7.490313e-29 4.297602e-27 1.857762e-21 3.365174e-30 5.676473e-30 5.773224e-27 2.137004e-28 2.148716e-28 7.975705e-30 6.859036e-03 -9.999000e+03 -9.999000e+03 -9.999000e+03
3.733915e-24 1.139695e-23 4.284626e-25 1.237463e-22 2.294430e-23 8.642723e-30 4.849929e-27 6.807577e-28 7.714843e-29 2.002555e-26 2.322109e-23 1.079563e-22 1.668215e-22 2.196128e-22 2.451817e-22 2.718433e-22 2.505791e-22 2.172289e-22 2.125841e-22 2.027216e-22 2.268550e-23 2.410919e-23 2.057928e-23 2.242973e-23 4.446651e-24 7.838387e-24 1.898066e-24 2.309052e-01 1.025971e-24 1.344753e-20 2.827360e-15 3.201992e-31 3.404207e-31 3.500642e-31 -9.999000e+03 -9.999000e+03 -9.999000e+03 5.233649e-31 4.511627e-29 8.180984e-28 2.091501e-26 9.795717e-31 1.388594e-30 9.535345e-29 2.712847e-26 3.936675e-27 5.544234e-27 5.681640e-30 7.816227e-30 4.389278e-03 -9.999000e+03 -9.999000e+03
4.013678e-01 4.209622e-01 1.276782e-21 5.502501e-23 3.436652e-22 5.827318e-23 1.121008e-28 2.634325e-26 4.116320e-27 5.994057e-28 7.495343e-26 3.493480e-23 1.101109e-22 1.433864e-22 2.065260e-22 2.161459e-22 2.235208e-22 2.315295e-22 2.248374e-22 1.972237e-20 4.485249e-23 4.757745e-23 3.751703e-23 3.422382e-23 1.232987e-23 1.664140e-23 8.392051e-24 2.732580e-01 3.746426e-24 7.071740e-23 9.043402e-15 3.353649e-31 3.380344e-31 -9.999000e+03 -9.999000e+03 1.592307e-30 4.512395e-31 1.292763e-29 4.687688e-28 5.198184e-27 6.464661e-31 7.559723e-31 9.014779e-31 8.190729e-28 8.311633e-26 2.616104e-26 3.544491e-30 3.428351e-30 3.344206e-30 7.269523e-05 9.766792e-30 4.243043e-03
2.022910e-19 3.531416e-18 3.544342e-01 1.245748e-20 6.354175e-22 5.053948e-21 8.520605e-22 4.528086e-27 5.713149e-25 9.381269e-26 1.525073e-26 1.155932e-24 2.754537e-22 6.629212e-22 8.038419e-22 1.156952e-21 1.571702e-21 2.345246e-21 3.200384e-21 4.457329e-21 5.130901e-20 1.452978e-21 1.017680e-21 6.872330e-22 2.931093e-23 4.543618e-23 3.013232e-23 3.259155e-01 1.964092e-23 7.038591e-23 2.648489e-14 3.278875e-31 -9.999000e+03 -9.999000e+03 8.716916e-31 3.917680e-29 1.148559e-29 1.605362e-28 3.312193e-27 4.522790e-31 5.046595e-31 6.292604e-31 7.755529e-31 9.759115e-31 1.848151e-25 7.251568e-26 1.582732e-30 6.469474e-29 7.625119e-29 3.731290e-09 3.444042e-30 7.033547e-05
3.021728e-30 1.649645e-28 4.619391e-27 3.432340e-01 3.637015e-01 3.557408e-01 3.639777e-01 4.599516e-21 7.711760e-26 1.025636e-23 1.452727e-24 2.767129e-25 2.117954e-23 2.127745e-21 1.156847e-19 8.210373e-21 1.174030e-20 1.829297e-20 2.611976e-20 3.796570e-20 4.719728e-30 1.085362e-19 2.561033e-19 5.708018e-21 9.930144e-22 1.799995e-21 1.097383e-22 3.785562e-01 5.647650e-23 1.066301e-22 5.474490e-14 -9.999000e+03 -9.999000e+03 3.286757e-31 2.160857e-29 4.636652e-28 1.488120e-28 1.310195e-27 1.765933e-26 4.144872e-31 4.549819e-31 5.281236e-31 6.693309e-31 8.397652e-31 3.812587e-25 1.944514e-25 4.897419e-29 7.788686e-28 8.685364e-28 9.074660e-17 7.367516e-29 3.491080e-09
1.620936e-27 2.162762e-26 2.835376e-25 7.537710e-24 8.269925e-23 3.830252e-22 1.713278e-21 3.346069e-01 3.568078e-01 3.816098e-01 4.042493e-01 4.209149e-01 4.460352e-01 4.877220e-01 5.454218e-01 6.166327e-01 6.583433e-01 2.753520e-19 2.389780e-19 2.209746e-19 1.785399e-19 1.908688e-28 2.535038e-19 3.213456e-20 1.134833e-20 2.806042e-20 6.332118e-21 4.237124e-01 1.212857e-22 1.566828e-22 -9.999000e+03 -9.999000e+03 2.734312e-31 3.065729e-31 2.409695e-28 3.516037e-27 1.244541e-27 7.956445e-27 8.277770e-26 4.005589e-31 4.288445e-31 4.860942e-31 5.806472e-31 7.323539e-31 9.209520e-31 1.202170e-30 8.855338e-28 7.871592e-27 7.512875e-27 8.136862e-25 6.984919e-28 8.197024e-17
6.133702e-29 1.158982e-27 1.943122e-26 5.900619e-03 3.123471e-03 4.393098e-04 1.102709e-05 1.035166e-07 4.241335e-08 2.202019e-08 1.645476e-08 1.606114e-08 2.047873e-08 2.996620e-08 4.853643e-08 5.585075e-08 5.603404e-08 6.219923e-01 7.220548e-01 2.472810e-18 1.422961e-18 6.792850e-19 6.954950e-19 2.262760e-19 1.352132e-19 3.180979e-19 8.513502e-20 5.242441e-01 2.166511e-22 -9.999000e+03 -9.999000e+03 2.769598e-31 2.603179e-31 2.929290e-31 1.885108e-27 1.973426e-26 7.325281e-27 3.920331e-26 3.677570e-31 3.669766e-31 3.902255e-31 4.479210e-31 5.084743e-31 6.355516e-31 7.965803e-31 9.969419e-31 1.336301e-30 5.930854e-26 5.392969e-26 3.259302e-24 5.501846e-27 6.611804e-25
1.794361e-23 -7.942571e-05 -8.684020e-04 4.835094e-23 2.968538e-23 1.739767e-23 1.160732e-23 8.226377e-24 3.363305e-24 2.878072e-24 2.713932e-24 3.273359e-23 8.278564e-24 1.131114e-23 1.879059e-23 3.230159e-23 1.728412e-20 1.503752e-18 1.004961e-16 5.781790e-01 6.694541e-01 7.019017e-01 7.945206e-01 3.032727e-18 1.619231e-18 2.485568e-18 6.115578e-19 5.693874e-01 -9.999000e+03 -9.999000e+03 2.529903e-25 6.471011e-30 2.548990e-31 2.871086e-31 1.135422e-26 8.684036e-26 3.306478e-26 1.405886e-25 3.201058e-31 3.163928e-31 3.358058e-31 3.964787e-31 4.693479e-31 5.626824e-31 6.671684e-31 7.982955e-31 9.961316e-31 2.902456e-25 3.040503e-25 1.844526e-23 5.010863e-26 3.480487e-24
-2.631288e-05 1.156394e-22 7.663800e-23 5.121335e-23 3.092961e-23 1.996410e-23 1.285130e-23 3.400353e-24 2.339985e-24 1.781349e-24 1.650644e-24 1.866750e-25 1.993957e-25 2.211537e-25 2.621971e-25 2.949412e-23 1.010061e-23 1.641125e-05 6.744121e-03 1.108113e-01 2.064222e-01 8.194766e-03 1.933421e-01 9.696395e-01 1.033385e-16 3.723360e-17 4.149924e-18 4.283093e-30 -9.999000e+03 6.717694e-30 8.589635e-30 7.938914e-29 2.453486e-31 6.428460e-30 5.093671e-26 3.076083e-25 1.225192e-25 4.214449e-25 2.835221e-31 2.805725e-31 3.017889e-31 3.552560e-31 4.338528e-31 5.160727e-31 6.028956e-31 6.661300e-31 8.166250e-31 1.005547e-30 9.979793e-25 4.728444e-23 3.024601e-25 1.943785e-23
2.151585e-22 1.487435e-22 1.014557e-22 7.482736e-23 5.449178e-23 3.569848e-23 8.447913e-24 3.745372e-24 2.491229e-24 1.835894e-24 7.908024e-26 7.333934e-26 6.927702e-26 6.848773e-26 1.135702e-24 1.862600e-25 2.430729e-08 2.645733e-24 2.293980e-24 1.781675e-24 2.778767e-24 -9.999000e+03 -9.999000e+03 -9.999000e+03 8.272677e-01 3.000096e-08 1.337480e-16 -9.999000e+03 -9.999000e+03 8.094651e-28 1.270696e-27 7.502621e-28 2.336431e-31 6.452561e-29 1.849750e-25 9.016571e-25 4.086612e-25 2.750205e-31 2.559905e-31 2.530929e-31 2.795278e-31 3.345128e-31 4.085479e-31 4.956105e-31 5.806946e-31 6.032672e-31 6.713345e-31 7.924217e-31 2.096924e-24 6.049217e-23 9.443695e-25 4.526349e-23
2.204141e-22 1.992892e-22 1.417126e-22 1.151697e-22 9.619333e-23 1.535670e-23 1.005185e-23 4.939359e-24 3.052871e-24 4.141193e-26 3.333331e-26 2.907277e-26 2.669932e-26 9.143650e-25 6.505232e-26 1.415269e-10 1.845486e-24 6.393398e-26 2.246246e-26 2.658509e-26 5.438981e-24 2.536035e-25 9.061525e-25 -9.999000e+03 -9.999000e+03 -9.999000e+03 1.558833e-04 -9.999000e+03 6.996081e-09 8.848585e-26 7.264948e-26 5.716376e-26 6.595995e-30 5.984626e-28 5.821433e-25 2.308988e-24 1.045899e-24 2.561328e-31 2.466106e-31 2.388331e-31 2.505831e-31 3.067851e-31 3.845829e-31 4.774055e-31 5.591680e-31 5.859327e-31 6.183816e-31 2.155030e-29 3.568558e-24 6.286094e-23 2.353158e-24 6.334693e-23
2.580931e-22 2.227823e-22 2.154398e-22 2.083856e-22 2.266860e-23 1.514694e-23 1.033518e-23 6.497564e-24 2.423205e-26 1.819012e-26 1.389055e-26 1.180864e-26 1.003910e-24 3.047241e-26 3.027046e-10 2.688111e-24 2.423605e-26 5.409620e-27 4.753383e-27 1.594198e-25 5.051173e-27 2.813625e-26 4.299537e-26 1.989332e-25 4.511050e-25 -9.999000e+03 -9.999000e+03 -9.999000e+03 8.638086e-08 3.130992e-14 1.340849e-22 2.627103e-24 1.544383e-28 5.964068e-27 1.845122e-24 6.461908e-24 2.322444e-24 2.419708e-31 2.393118e-31 2.301990e-31 2.349469e-31 2.694572e-31 3.548061e-31 4.596993e-31 5.400553e-31 5.931074e-31 6.305768e-31 3.108648e-28 7.701591e-24 5.676220e-23 5.604480e-24 6.826611e-23
2.951395e-22 2.935676e-22 2.586382e-22 1.904325e-23 1.515336e-23 1.137996e-23 7.555038e-24 9.025819e-27 7.950090e-27 6.379271e-27 4.921589e-27 1.257553e-24 1.527512e-26 5.124131e-10 7.482405e-24 1.056905e-26 1.798150e-27 1.446308e-27 8.320070e-26 1.047742e-27 1.033485e-27 1.070679e-27 5.808219e-27 1.125668e-26 4.031562e-26 2.785693e-21 -9.999000e+03 -9.999000e+03 -9.999000e+03 -9.999000e+03 1.481733e-12 2.366684e-22 2.571563e-26 4.326161e-26 7.099652e-24 1.409683e-23 5.553337e-24 2.311970e-31 2.257641e-31 2.205431e-31 2.230929e-31 2.427676e-31 3.043182e-31 4.119274e-31 4.818120e-31 5.280070e-31 5.889238e-31 2.754274e-27 1.158030e-23 4.710130e-23 9.701005e-24 5.236436e-23
3.252890e-22 3.265265e-22 1.252777e-23 1.082359e-23 8.025726e-24 4.554813e-24 1.792683e-27 1.856222e-27 1.820359e-27 1.616386e-27 1.392455e-24 6.812071e-27 2.644088e-08 2.146165e-23 4.108079e-27 5.988850e-28 4.797413e-28 5.366271e-26 2.880596e-28 2.513872e-28 2.331949e-28 2.097337e-28 2.157679e-28 1.559788e-27 2.491539e-27 -9.999000e+03 -9.999000e+03 9.135537e-29 2.296828e-27 -9.999000e+03 -9.999000e+03 -9.999000e+03 6.402028e-25 1.451194e-24 1.606399e-23 2.685806e-23 1.280100e-23 2.270150e-31 2.119530e-31 2.093862e-31 2.125957e-31 2.254880e-31 2.516198e-31 3.328022e-31 4.062826e-31 4.560074e-31 5.010194e-31 1.605329e-26 1.492481e-23 3.530597e-23 1.059411e-23 2.911829e-23
