tests/data/reference/test_implicit_stream_rill_mfda/control/volrest_m3.asc
ncols	123
nrows	77
xllcorner	-713746.79929998
yllcorner	-1061022.36961616
cellsize	10.0
NODATA_value	-9999
[rows 23 to 45 of 77, columns 52 to 103 of 123]
5.784411e-30 2.825192e-27 1.302031e-26 1.532862e-25 3.851778e-25 2.400050e-24 1.156896e-24 2.667690e-25 3.057273e-25 9.006737e-26 2.244611e-26 2.332026e-26 2.543727e-26 3.019628e-26 4.038372e-26 3.333463e-23 3.641932e-20 1.569350e-19 1.283028e-24 7.880553e-25 1.751819e-26 2.374840e-27 2.612549e-28 2.616324e-27 8.819494e-31 3.417707e-29 8.763775e-05 4.103622e-18 1.325394e-22 5.892375e-27 3.900665e-28 2.666399e-29 1.275417e-30 2.516863e-30 -9.999000e+03 -9.999000e+03 -9.999000e+03 -9.999000e+03 -9.999000e+03 -9.999000e+03 -9.999000e+03 -9.999000e+03 -9.999000e+03 -9.999000e+03 -9.999000e+03 -9.999000e+03 -9.999000e+03 -9.999000e+03 -9.999000e+03 -9.999000e+03 -9.999000e+03 -9.999000e+03
5.222047e-30 5.507410e-29 1.241730e-26 5.241781e-26 4.516804e-25 1.057434e-24 4.554955e-24 2.906439e-24 9.002644e-25 9.914013e-25 3.394473e-25 9.749601e-26 1.087160e-25 1.353582e-25 1.777767e-25 2.845782e-25 4.066733e-19 4.098472e-19 2.431168e-24 1.232915e-24 4.967769e-26 9.297998e-27 1.450276e-27 9.762764e-27 1.759399e-29 3.374958e-28 1.217015e-30 4.433945e-04 4.040213e-17 2.469666e-21 2.694468e-25 3.830923e-28 3.137684e-29 5.241170e-29 3.039906e-30 -9.999000e+03 -9.999000e+03 -9.999000e+03 -9.999000e+03 -9.999000e+03 -9.999000e+03 -9.999000e+03 -9.999000e+03 -9.999000e+03 -9.999000e+03 -9.999000e+03 -9.999000e+03 -9.999000e+03 -9.999000e+03 -9.999000e+03 -9.999000e+03 -9.999000e+03
2.520852e-27 5.027395e-29 4.019349e-28 5.041167e-26 1.872084e-25 1.304249e-24 2.812326e-24 9.389977e-24 7.023689e-24 2.420322e-24 2.567941e-24 1.092939e-24 4.046248e-25 5.436379e-25 6.884081e-25 9.227542e-25 2.825883e-18 6.625995e-19 3.450256e-24 1.694119e-24 1.334013e-25 3.146165e-26 6.973782e-27 3.237959e-26 1.699631e-28 1.925901e-27 2.022950e-29 7.011274e-04 1.035276e-30 1.337279e-16 3.584738e-20 6.877950e-27 4.664260e-28 3.850628e-28 3.451296e-29 1.511282e-30 2.693708e-30 2.812414e-30 -9.999000e+03 -9.999000e+03 -9.999000e+03 -9.999000e+03 -9.999000e+03 -9.999000e+03 -9.999000e+03 -9.999000e+03 -9.999000e+03 -9.999000e+03 -9.999000e+03 -9.999000e+03 -9.999000e+03 -9.999000e+03
4.467024e-30 1.075991e-26 3.918341e-28 2.725378e-27 2.129766e-25 7.077311e-25 3.782065e-24 6.731536e-24 1.585468e-23 1.281602e-23 5.514790e-24 6.473285e-24 3.512638e-24 1.656134e-24 2.156333e-24 2.597005e-24 6.366333e-20 9.310925e-19 5.013904e-24 2.547584e-24 3.400206e-25 1.043552e-25 3.134412e-26 1.006463e-25 1.235890e-27 8.356607e-27 1.654445e-28 1.023805e-03 1.807203e-29 3.019001e-16 3.339588e-19 5.754064e-26 4.764062e-27 2.805802e-27 3.096001e-28 3.180731e-29 6.067236e-29 2.317560e-30 9.217032e-29 2.960380e-30 -9.999000e+03 -9.999000e+03 -9.999000e+03 -9.999000e+03 -9.999000e+03 -9.999000e+03 -9.999000e+03 -9.999000e+03 -9.999000e+03 -9.999000e+03 -9.999000e+03 -9.999000e+03
4.357655e-29 2.319337e-31 4.685266e-26 3.045936e-27 1.871188e-26 8.075256e-25 2.203672e-24 7.867725e-24 1.201861e-23 2.360625e-23 2.274822e-23 1.307548e-23 1.600351e-23 9.427031e-24 5.036737e-24 6.783510e-24 4.005388e-20 1.074443e-18 8.522766e-24 4.621445e-24 1.040538e-24 3.896608e-25 1.458295e-25 3.419935e-25 7.540983e-27 3.189306e-26 1.038085e-27 1.469136e-03 1.536857e-28 4.199871e-16 1.280140e-18 1.783315e-25 3.385117e-26 2.553060e-26 3.665711e-27 4.963670e-28 1.405964e-30 1.943752e-30 8.673236e-29 1.803724e-27 1.308410e-28 2.220720e-03 -9.999000e+03 -9.999000e+03 -9.999000e+03 -9.999000e+03 -9.999000e+03 -9.999000e+03 -9.999000e+03 -9.999000e+03 -9.999000e+03 -9.999000e+03
3.327816e-28 4.990046e-30 1.857639e-25 1.884649e-26 3.527281e-31 8.816184e-26 2.350205e-24 4.965850e-24 1.413842e-23 2.100851e-23 3.780474e-23 4.043279e-23 2.710097e-23 3.341812e-23 2.287461e-23 1.699194e-23 1.668088e-20 6.401698e-19 1.186494e-23 7.303811e-24 2.429084e-24 1.183635e-24 5.226096e-25 1.011884e-24 3.635822e-26 1.022201e-25 5.042231e-27 2.463821e-03 9.658907e-28 5.141278e-16 4.594147e-18 4.526426e-25 1.559353e-25 1.650781e-25 3.421827e-26 5.444969e-27 4.523234e-29 6.047781e-29 1.992323e-30 1.373238e-27 -9.999000e+03 4.579302e-03 3.252721e-03 4.461596e-03 -9.999000e+03 -9.999000e+03 -9.999000e+03 -9.999000e+03 -9.999000e+03 -9.999000e+03 -9.999000e+03 -9.999000e+03
2.234945e-27 6.272488e-29 6.789739e-25 8.548852e-26 3.401174e-31 7.757828e-30 3.373645e-25 5.308465e-24 9.675959e-24 2.209620e-23 3.365773e-23 5.559124e-23 6.840262e-23 5.886271e-23 8.211015e-23 7.379768e-23 4.852880e-23 1.814070e-20 1.424517e-23 9.089804e-24 4.049407e-24 2.368943e-24 1.268320e-24 2.248708e-24 1.381776e-25 3.029422e-25 2.101226e-26 4.403854e-03 5.161860e-27 5.056742e-16 1.741121e-17 9.492359e-25 4.665324e-25 6.040427e-25 1.886776e-25 4.558818e-26 7.906406e-28 8.787411e-28 5.919426e-29 -9.999000e+03 -9.999000e+03 1.096759e-04 5.146637e-05 2.410810e-29 5.987604e-03 -9.999000e+03 -9.999000e+03 -9.999000e+03 -9.999000e+03 -9.999000e+03 -9.999000e+03 -9.999000e+03
1.435786e-26 6.245326e-28 2.341367e-24 3.399623e-25 7.461601e-30 3.356507e-31 8.469098e-29 9.803494e-25 1.026359e-23 1.813122e-23 3.885994e-23 5.975275e-23 9.814058e-23 1.434653e-22 1.457420e-22 1.729811e-22 1.301776e-22 7.271477e-23 9.145134e-21 9.741930e-24 5.539526e-24 4.177575e-24 2.673328e-24 4.397862e-24 4.211832e-25 7.304456e-25 7.859809e-26 8.387907e-03 2.266008e-26 2.657968e-16 5.700851e-17 1.484597e-24 9.948196e-25 1.369407e-24 1.024917e-30 1.278585e-30 6.889858e-27 6.479990e-27 -9.999000e+03 -9.999000e+03 4.819125e-29 7.717475e-09 1.802676e-09 6.132436e-28 1.877736e-29 6.639255e-03 -9.999000e+03 -9.999000e+03 -9.999000e+03 -9.999000e+03 -9.999000e+03 -9.999000e+03
1.017411e-25 5.640093e-27 7.536516e-24 1.226991e-24 8.634597e-29 6.982010e-30 3.056702e-31 5.837992e-28 2.579475e-24 2.248610e-23 4.152947e-23 8.766379e-23 1.440097e-22 2.215014e-22 2.578945e-22 1.968756e-22 1.783057e-22 1.188024e-22 3.332060e-21 9.634321e-24 7.576646e-24 6.714701e-24 5.260570e-24 7.784037e-24 1.124435e-24 1.693495e-24 2.671225e-25 1.724768e-02 8.777934e-26 3.823789e-17 1.589482e-16 2.086333e-24 1.525883e-24 5.708073e-31 7.225260e-31 9.420039e-31 2.987168e-26 -9.999000e+03 -9.999000e+03 4.100187e-30 7.312821e-28 2.944364e-16 2.034229e-17 1.523910e-26 6.578855e-28 1.051112e-29 1.688065e-29 -9.999000e+03 -9.999000e+03 -9.999000e+03 -9.999000e+03 -9.999000e+03
9.923325e-25 5.897276e-26 2.663879e-23 4.740773e-24 3.932719e-31 7.386377e-28 8.293131e-29 6.955604e-30 4.265703e-27 8.132063e-24 5.403387e-23 9.066117e-23 1.673489e-22 2.195625e-22 2.588692e-22 2.390677e-22 1.723119e-22 1.493681e-22 8.837045e-22 1.062956e-23 1.047543e-23 1.080277e-23 9.612190e-24 1.172594e-23 2.483850e-24 3.470266e-24 7.888738e-25 3.849351e-02 3.286116e-25 1.399618e-18 4.843290e-16 2.790147e-24 4.243040e-31 4.774101e-31 5.905281e-31 7.129974e-31 -9.999000e+03 -9.999000e+03 2.526679e-30 9.773307e-29 5.528998e-27 1.412555e-21 4.643307e-30 7.693252e-30 7.088290e-27 2.780960e-28 2.796242e-28 1.114451e-29 6.304630e-03 -9.999000e+03 -9.999000e+03 -9.999000e+03
4.601334e-24 9.260549e-24 5.275270e-25 9.361192e-23 1.814916e-23 1.177200e-29 5.841803e-27 8.483354e-28 1.001406e-28 2.374680e-26 1.819215e-23 8.157343e-23 1.161211e-22 1.639291e-22 1.828071e-22 2.005374e-22 1.854227e-22 1.582847e-22 1.483343e-22 1.843294e-22 1.795504e-23 1.892889e-23 1.622756e-23 1.766667e-23 4.848210e-24 6.462541e-24 2.320469e-24 7.062932e-02 1.247386e-24 7.113725e-21 1.659923e-15 4.348374e-31 4.638280e-31 4.776511e-31 -9.999000e+03 -9.999000e+03 -9.999000e+03 7.323058e-31 5.845684e-29 1.055241e-27 2.573197e-26 1.381457e-30 1.896769e-30 1.264718e-28 3.392788e-26 5.122619e-27 6.770212e-27 7.701012e-30 1.090508e-29 4.031184e-03 -9.999000e+03 -9.999000e+03
2.407221e-01 2.615211e-01 9.343814e-22 4.371503e-23 2.458220e-22 4.460816e-23 1.517273e-28 3.310417e-26 5.283301e-27 7.358389e-28 8.859277e-26 2.664996e-23 8.298663e-23 1.035507e-22 1.388102e-22 1.564645e-22 1.720361e-22 1.781182e-22 1.748679e-22 9.586550e-22 3.442876e-23 3.628120e-23 2.881602e-23 2.654613e-23 9.797615e-24 1.333639e-23 6.902404e-24 1.087768e-01 4.539355e-24 5.936492e-23 5.386957e-15 4.565804e-31 4.604074e-31 -9.999000e+03 -9.999000e+03 2.275874e-30 6.250411e-31 1.771575e-29 6.210663e-28 6.323089e-27 8.809107e-31 1.045766e-30 1.264324e-30 1.041000e-27 9.552155e-26 3.258941e-26 4.914875e-30 4.738992e-30 4.611550e-30 6.345355e-05 1.296815e-29 3.896660e-03
1.418991e-19 2.470200e-18 2.236264e-01 8.637383e-21 4.437392e-22 3.589943e-21 6.036550e-22 5.726020e-27 6.857211e-25 1.201181e-25 1.827961e-26 1.363543e-24 1.964931e-22 4.753185e-22 5.730574e-22 8.381827e-22 1.128143e-21 1.697784e-21 2.303094e-21 3.221710e-21 3.956865e-21 1.058381e-21 7.375679e-22 5.172659e-22 2.272809e-23 3.467583e-23 2.361546e-23 1.558113e-01 1.569012e-23 5.910087e-23 1.523176e-14 4.458606e-31 -9.999000e+03 -9.999000e+03 1.264485e-30 5.120443e-29 1.555678e-29 1.980304e-28 4.279706e-27 6.312225e-31 7.150674e-31 8.549998e-31 1.075235e-30 1.375967e-30 2.163394e-25 8.632385e-26 2.189122e-30 8.748524e-29 9.756439e-29 2.920340e-09 4.762755e-30 6.138823e-05
4.244423e-30 2.171617e-28 5.852163e-27 2.189118e-01 2.350254e-01 2.319450e-01 2.390563e-01 3.245950e-21 9.599873e-26 8.276444e-24 1.819895e-24 3.302453e-25 1.678580e-23 1.507355e-21 8.012215e-20 5.815934e-21 8.399542e-21 1.299731e-20 1.822423e-20 2.682433e-20 6.486441e-30 1.436702e-20 1.796272e-19 4.126174e-21 7.181550e-22 1.299590e-21 8.372284e-23 2.040279e-01 4.339630e-23 8.451223e-23 2.997096e-14 -9.999000e+03 -9.999000e+03 4.469907e-31 2.987135e-29 6.183782e-28 1.848821e-28 1.604336e-27 2.188905e-26 5.699558e-31 6.356053e-31 7.405901e-31 9.153403e-31 1.171737e-30 4.457715e-25 2.307911e-25 6.192279e-29 9.833613e-28 1.116122e-27 5.847958e-17 9.439289e-29 2.731888e-09
2.104475e-27 2.791723e-26 3.417804e-25 6.323393e-24 6.485131e-23 2.852537e-22 1.232050e-21 2.197141e-01 2.346872e-01 2.517413e-01 2.676583e-01 2.796746e-01 2.976093e-01 3.274218e-01 3.693608e-01 4.223737e-01 4.561694e-01 1.908302e-19 1.644214e-19 1.512363e-19 1.258325e-19 2.559035e-28 5.804432e-20 2.245010e-20 8.107763e-21 1.953387e-20 4.440181e-21 2.466397e-01 9.118624e-23 1.158178e-22 -9.999000e+03 -9.999000e+03 3.799765e-31 4.152977e-31 3.305888e-28 4.609930e-27 1.503680e-27 1.018658e-26 9.693117e-26 5.500049e-31 5.932161e-31 6.860441e-31 7.817768e-31 1.010218e-30 1.293536e-30 1.615913e-30 1.145109e-27 1.018804e-26 9.666196e-27 1.001531e-24 8.621182e-28 5.280835e-17
8.026885e-29 1.498827e-27 2.467103e-26 2.420121e-09 1.173442e-09 7.162653e-10 4.302474e-10 3.069269e-10 2.694417e-10 3.260947e-10 4.432998e-10 6.968965e-10 1.207482e-09 2.336930e-09 4.705712e-09 8.045358e-09 8.883142e-09 4.364955e-01 5.125254e-01 1.714080e-18 9.941049e-19 4.735362e-19 2.015284e-19 1.536784e-19 9.278822e-20 2.204230e-19 5.950308e-20 3.482082e-01 1.561324e-22 -9.999000e+03 -9.999000e+03 3.825319e-31 3.704826e-31 3.957291e-31 2.499766e-27 2.383128e-26 9.330642e-27 4.586078e-26 5.030078e-31 5.018894e-31 5.352014e-31 6.241556e-31 7.203071e-31 8.644743e-31 1.106877e-30 1.407531e-30 1.818000e-30 7.553462e-26 6.754015e-26 3.901968e-24 6.699300e-27 7.774473e-25
1.420351e-23 7.820800e-09 3.149062e-09 3.686883e-23 2.316503e-23 1.408468e-23 9.410759e-24 6.904253e-24 4.003811e-24 3.298274e-24 3.069959e-24 2.576822e-23 6.736587e-24 9.238569e-24 1.502447e-23 2.531339e-23 1.273959e-20 1.079178e-18 6.744527e-17 4.119138e-01 4.804901e-01 5.079933e-01 5.807652e-01 1.034799e-18 1.074133e-18 1.699587e-18 4.163341e-19 4.023536e-01 -9.999000e+03 -9.999000e+03 1.045918e-25 8.969665e-30 3.651537e-31 3.898833e-31 1.427352e-26 1.038574e-25 4.123164e-26 1.672400e-25 4.347035e-31 4.293795e-31 4.572125e-31 5.441599e-31 6.588976e-31 7.668359e-31 9.120841e-31 1.109458e-30 1.406314e-30 3.417437e-25 3.519423e-25 1.490801e-23 6.190422e-26 4.235044e-24
2.903738e-08 8.783798e-23 5.844886e-23 3.895075e-23 2.402822e-23 1.585780e-23 1.023509e-23 3.929799e-24 2.698208e-24 2.151114e-24 1.965519e-24 2.183639e-25 2.379035e-25 2.708982e-25 3.199434e-25 2.334549e-23 8.117759e-24 3.100938e-06 1.794661e-04 9.318378e-03 8.192924e-02 2.157624e-03 6.774781e-02 7.113110e-01 4.795272e-17 2.436325e-17 2.739173e-18 5.830183e-30 -9.999000e+03 9.588161e-30 1.168586e-29 1.034527e-28 3.514958e-31 8.902877e-30 6.422527e-26 3.568904e-25 1.536009e-25 5.046187e-25 3.872851e-31 3.851485e-31 4.084368e-31 4.850923e-31 6.013397e-31 7.307438e-31 8.152907e-31 9.105206e-31 1.137015e-30 1.420431e-30 1.225400e-24 3.597065e-23 3.510779e-25 1.567325e-23
1.540972e-22 1.074919e-22 7.713343e-23 5.712402e-23 4.148426e-23 2.743103e-23 6.759498e-24 4.399710e-24 2.795553e-24 2.215451e-24 9.078872e-26 8.663457e-26 8.367650e-26 8.312446e-26 1.328964e-24 2.187961e-25 6.098038e-09 3.023422e-24 2.676432e-24 2.079433e-24 3.434870e-24 -9.999000e+03 -9.999000e+03 -9.999000e+03 6.101875e-01 1.820007e-09 8.324067e-17 -9.999000e+03 -9.999000e+03 1.085836e-27 1.645243e-27 9.493271e-28 3.338109e-31 8.776432e-29 2.217560e-25 1.105271e-24 4.855379e-25 3.811274e-31 3.664546e-31 3.627256e-31 3.843918e-31 4.553590e-31 5.614487e-31 7.014679e-31 7.818482e-31 8.158505e-31 9.183570e-31 1.100619e-30 2.502542e-24 4.590876e-23 1.163602e-24 3.445759e-23
1.652832e-22 1.352114e-22 1.037549e-22 8.748342e-23 7.294796e-23 1.199163e-23 7.940468e-24 4.999839e-24 3.427801e-24 4.836965e-26 4.137897e-26 3.669574e-26 3.317267e-26 1.107610e-24 8.050886e-26 4.645448e-11 2.286267e-24 7.972966e-26 2.707299e-26 3.328129e-26 4.582934e-24 2.942289e-25 1.066591e-24 -9.999000e+03 -9.999000e+03 -9.999000e+03 3.204513e-03 -9.999000e+03 5.521043e-09 1.168178e-25 8.916367e-26 6.872959e-26 9.167089e-30 7.353526e-28 6.847652e-25 2.668455e-24 1.248980e-24 3.666242e-31 3.534023e-31 3.416524e-31 3.591729e-31 4.156020e-31 5.271172e-31 6.719602e-31 7.641663e-31 7.897390e-31 8.386155e-31 2.860345e-29 4.266089e-24 4.761390e-23 2.693629e-24 4.823143e-23
1.918731e-22 1.698971e-22 1.542006e-22 1.393506e-22 1.757260e-23 1.183011e-23 8.168734e-24 5.579104e-24 2.966852e-26 2.200736e-26 1.748797e-26 1.443346e-26 1.219121e-24 3.878100e-26 9.145611e-11 2.997376e-24 2.953342e-26 6.552866e-27 5.723590e-27 1.806552e-25 6.051459e-27 3.431611e-26 5.507262e-26 2.500942e-25 5.391987e-25 -9.999000e+03 -9.999000e+03 -9.999000e+03 3.761126e-07 2.868462e-15 1.005412e-22 3.236792e-24 1.924322e-28 7.463725e-27 2.255782e-24 5.620725e-24 2.648541e-24 3.463928e-31 3.423757e-31 3.286068e-31 3.357809e-31 3.770989e-31 4.844474e-31 6.432543e-31 7.496500e-31 8.005467e-31 8.569823e-31 3.779909e-28 6.340821e-24 4.322638e-23 5.289176e-24 5.155340e-23
2.164096e-22 2.147330e-22 1.898241e-22 1.495168e-23 1.195454e-23 8.972854e-24 6.141799e-24 1.105426e-26 1.023826e-26 7.998656e-27 5.858708e-27 1.409231e-24 1.954951e-26 1.328074e-10 6.281787e-24 1.262816e-26 2.309760e-27 1.822759e-27 9.469423e-26 1.345381e-27 1.337395e-27 1.368253e-27 7.594114e-27 1.464804e-26 5.165380e-26 2.073691e-21 -9.999000e+03 -9.999000e+03 -9.999000e+03 -9.999000e+03 3.028662e-12 1.800008e-22 3.279177e-26 5.218728e-26 5.943198e-24 1.110494e-23 5.234973e-24 3.301148e-31 3.219053e-31 3.140154e-31 3.178686e-31 3.475966e-31 4.120642e-31 5.662893e-31 6.791030e-31 7.405016e-31 7.942449e-31 3.408477e-27 9.242597e-24 3.565519e-23 7.820561e-24 3.955927e-23
2.370738e-22 2.362072e-22 9.958051e-24 8.649469e-24 6.537299e-24 4.861227e-24 2.309890e-27 2.398810e-27 2.350312e-27 2.067399e-27 1.561306e-24 8.627770e-27 6.591406e-09 1.695849e-23 5.244308e-27 7.327175e-28 6.273236e-28 6.652775e-26 3.592838e-28 3.317111e-28 3.105722e-28 2.743349e-28 2.843597e-28 2.062509e-27 3.231890e-27 -9.999000e+03 -9.999000e+03 1.251885e-28 3.027374e-27 -9.999000e+03 -9.999000e+03 -9.999000e+03 7.956174e-25 1.811043e-24 1.287132e-23 2.087574e-23 1.009285e-23 3.237956e-31 3.010324e-31 2.971525e-31 3.020038e-31 3.214881e-31 3.606473e-31 4.529066e-31 5.582039e-31 6.372681e-31 7.100677e-31 2.050402e-26 1.191393e-23 2.745302e-23 8.477180e-24 2.247253e-23
