tests/data/reference/test_implicit_stream_rill_mfda/control/volrest_m3.asc
ncols	123
nrows	77
xllcorner	-713746.79929998
yllcorner	-1061022.36961616
cellsize	10.0
NODATA_value	-9999
[rows 46 to 68 of 77, columns 52 to 103 of 123]
3.249874e-22 6.076492e-24 6.373299e-24 5.008685e-24 3.496750e-24 3.968539e-28 3.906584e-28 3.681134e-28 3.614827e-28 1.391500e-24 2.764244e-27 1.639791e-08 6.821679e-23 1.631707e-27 1.766156e-28 1.665873e-28 4.574769e-26 9.794027e-29 6.932162e-29 5.979207e-29 5.498968e-29 4.563380e-29 4.275966e-29 5.346788e-29 2.316950e-24 -9.999000e+03 3.050223e-28 1.582132e-30 9.377305e-29 2.547679e-27 6.598078e-26 -9.999000e+03 -9.999000e+03 -9.999000e+03 6.390812e-22 7.713879e-23 3.516717e-23 3.396198e-31 2.834958e-31 2.739628e-31 2.819697e-31 3.049473e-31 3.410046e-31 3.980645e-31 4.505311e-31 4.974642e-31 5.764330e-31 9.208558e-26 1.788248e-23 3.695421e-23 9.944102e-24 1.741848e-23
1.351652e-24 2.177989e-24 2.654244e-24 1.795684e-24 3.304759e-29 3.399215e-29 3.145899e-29 2.809532e-29 5.684091e-25 4.186096e-28 6.415154e-09 1.328153e-22 2.474919e-28 1.897223e-29 1.969335e-29 1.850596e-26 1.563767e-29 1.072819e-29 7.893760e-30 7.448548e-30 6.436039e-30 4.876568e-30 4.082159e-30 1.109101e-24 2.424066e-31 -9.999000e+03 3.609624e-28 7.405347e-29 6.745730e-28 7.076773e-27 8.086266e-26 1.121348e-24 4.668210e-23 -9.999000e+03 -9.999000e+03 2.314975e-22 8.896693e-23 4.025953e-31 3.080394e-31 2.799452e-31 2.878967e-31 3.177003e-31 3.430019e-31 3.729619e-31 3.976564e-31 4.238618e-31 4.616794e-31 2.421288e-25 1.547174e-23 2.561254e-23 9.773577e-24 1.208020e-23
2.375443e-25 4.508610e-25 5.914276e-25 1.485757e-30 1.269830e-30 1.304204e-30 1.258100e-30 2.163698e-25 3.234003e-29 1.568904e-09 2.148655e-22 2.259584e-29 7.280288e-31 7.861173e-31 3.324264e-27 8.514034e-31 7.436962e-31 5.156081e-31 4.521147e-31 4.365393e-31 3.837965e-31 2.971600e-31 7.342197e-25 4.289126e-30 4.762583e-29 -9.999000e+03 1.887691e-24 9.324915e-27 1.211477e-25 9.066279e-25 6.529887e-24 8.288242e-23 1.444205e-21 2.664167e-29 -9.999000e+03 1.685953e-20 2.243470e-22 4.802581e-31 3.528364e-31 2.952939e-31 2.923887e-31 3.261794e-31 3.449381e-31 3.558568e-31 3.584034e-31 3.666698e-31 3.952576e-31 5.466168e-25 1.348744e-23 1.493555e-23 9.573873e-24 1.058674e-23
3.230059e-26 5.635863e-26 1.821957e-30 5.603351e-29 8.161106e-28 7.678873e-27 5.527008e-26 1.447317e-30 3.102923e-10 2.384525e-22 9.374515e-31 8.045961e-31 2.246001e-29 3.708820e-28 8.484172e-31 2.565901e-29 3.453290e-28 2.165391e-27 1.165242e-26 5.302762e-26 1.949784e-25 4.978621e-25 3.247020e-31 2.309103e-31 1.303382e-23 -9.999000e+03 3.425256e-27 1.319084e-29 7.554340e-28 1.046259e-26 1.096772e-25 1.213011e-24 2.796390e-23 3.151160e-20 -9.999000e+03 -9.999000e+03 5.306232e-22 6.034512e-31 4.163208e-31 3.284357e-31 3.034309e-31 3.269436e-31 3.398468e-31 3.413253e-31 3.280576e-31 3.214268e-31 3.443378e-31 1.000603e-24 1.105342e-23 1.209421e-23 9.606504e-24 1.142340e-23
3.613184e-27 4.527288e-16 4.569260e-15 3.520919e-14 3.205156e-13 1.723060e-12 8.808703e-12 5.962594e-11 2.013338e-22 1.139616e-30 3.018674e-29 4.143881e-28 3.330755e-27 2.282450e-26 1.151751e-25 4.575667e-25 1.380378e-24 2.833733e-24 5.118296e-24 8.594599e-24 1.368398e-23 2.607636e-23 3.124968e-23 2.257821e-23 2.188878e-19 -9.999000e+03 5.288765e-31 2.272429e-31 1.746913e-29 3.283885e-28 4.012091e-27 4.414286e-26 6.781300e-25 2.674200e-21 4.892153e-19 -9.999000e+03 2.084360e-20 7.124798e-31 4.702585e-31 3.675299e-31 3.261103e-31 3.331481e-31 3.363594e-31 3.354273e-31 7.068590e-30 6.645144e-30 3.022657e-31 1.699187e-24 8.903906e-24 9.889946e-24 9.677611e-24 1.268257e-23
3.777028e-17 1.331273e-23 8.282569e-22 1.010785e-20 1.717095e-19 8.719172e-18 1.692569e-16 9.344491e-23 2.200648e-23 4.779449e-23 6.600973e-23 8.772435e-23 9.687818e-23 9.880831e-23 9.464762e-23 8.536187e-23 2.220834e-21 7.229534e-21 1.880136e-20 4.340815e-20 9.851667e-20 2.340237e-19 4.176630e-19 4.146323e-19 1.796023e-24 -9.999000e+03 2.409916e-31 4.028972e-30 3.924405e-29 1.002054e-27 1.128148e-26 1.178524e-25 1.398968e-24 4.333610e-23 1.731711e-19 -9.999000e+03 -9.999000e+03 5.139612e-30 5.014364e-31 3.992201e-31 3.513953e-31 3.445895e-31 3.347896e-31 3.338519e-31 9.235274e-29 7.929406e-29 2.716426e-31 2.551567e-24 7.683546e-24 8.728591e-24 9.609298e-24 1.320516e-23
3.751090e-24 3.963464e-24 8.690567e-31 2.402216e-23 1.534415e-20 3.216490e-22 2.243747e-23 5.769788e-24 5.149382e-23 7.626625e-23 9.932940e-23 1.311338e-22 1.651184e-22 1.755863e-22 1.695357e-22 1.489633e-22 6.786419e-31 1.303054e-29 1.223313e-28 8.876878e-28 6.338312e-27 5.662561e-26 3.601794e-25 1.065128e-24 3.933532e-31 -9.999000e+03 9.631695e-31 1.456777e-29 1.156893e-28 6.934883e-28 1.357302e-26 1.636864e-25 2.021130e-24 4.187726e-23 8.670677e-22 8.492811e-18 -9.999000e+03 3.048514e-28 5.013386e-31 4.281005e-31 3.918919e-31 3.834015e-31 3.586904e-31 7.465477e-30 7.121087e-28 6.099469e-28 5.818053e-30 3.478211e-24 7.286756e-24 8.159722e-24 9.855140e-24 1.345028e-23
1.246916e-24 1.090128e-24 3.943018e-24 1.782484e-21 1.676240e-22 5.111009e-24 1.314451e-24 1.337763e-23 1.163025e-22 8.224554e-22 4.039975e-21 2.254207e-20 1.042602e-19 3.972725e-19 1.100535e-18 2.090255e-18 2.381053e-18 1.396489e-18 4.172772e-19 6.075824e-20 5.388610e-21 7.803943e-22 4.557483e-21 1.332861e-20 2.801355e-20 -9.999000e+03 4.241838e-23 3.815366e-25 1.089002e-25 6.035990e-26 7.239910e-26 7.151657e-25 5.783313e-24 6.831619e-23 4.947381e-22 1.162001e-16 -9.999000e+03 -9.999000e+03 2.399710e-30 4.434039e-31 4.454613e-31 4.539426e-31 9.771475e-30 1.036210e-28 4.185665e-27 3.555781e-27 6.002210e-29 4.833757e-24 7.153634e-24 7.953532e-24 1.051451e-23 1.354617e-23
2.994404e-25 8.364905e-24 1.319969e-22 6.037338e-23 1.015707e-24 2.456517e-25 3.671982e-24 6.419258e-23 2.005323e-24 6.664513e-23 6.607873e-23 8.316175e-23 1.137963e-22 1.900383e-22 2.697153e-22 3.162226e-22 2.682831e-22 1.813976e-22 1.030088e-22 5.473716e-23 4.231252e-23 6.621421e-23 8.355411e-31 4.846250e-31 7.920758e-30 -9.999000e+03 1.807801e-30 2.068670e-29 1.446233e-28 -9.389407e-31 -7.658457e-30 5.447269e-26 1.331108e-24 1.164108e-23 5.087545e-23 1.173395e-15 3.609021e-30 -9.999000e+03 1.739183e-30 1.954756e-30 4.282615e-31 4.408495e-31 1.146732e-28 7.832323e-28 1.998570e-26 1.604480e-26 4.676762e-28 6.685217e-24 7.608264e-24 8.444243e-24 1.120717e-23 1.371475e-23
4.188490e-24 1.843412e-25 1.844141e-23 1.168632e-25 3.518885e-26 8.475992e-25 2.145013e-23 5.758453e-25 6.520128e-23 6.508534e-31 1.000231e-22 1.094031e-21 1.119802e-20 1.938505e-19 3.024391e-18 2.758715e-17 1.853771e-16 9.127501e-16 3.641462e-15 1.323217e-14 5.866270e-14 7.115216e-13 3.524967e-12 7.698450e-12 -9.999000e+03 -9.999000e+03 3.538829e-22 4.302392e-29 2.646436e-29 1.672929e-28 9.062508e-28 5.037953e-27 2.357763e-26 3.856213e-25 4.987707e-24 2.499369e-19 1.252072e-14 -9.999000e+03 1.335615e-30 1.480436e-30 3.501777e-31 7.720395e-30 7.572188e-28 3.749601e-27 6.909986e-26 5.968402e-26 2.981113e-27 9.690819e-24 9.772351e-24 9.811860e-24 1.185090e-23 1.403142e-23
4.158396e-26 1.248693e-23 1.153755e-26 3.016229e-27 1.390419e-25 6.067706e-24 1.099365e-25 4.499484e-23 3.399762e-25 9.600765e-24 2.410078e-25 2.108388e-25 6.367415e-24 3.887717e-23 1.128927e-24 4.829101e-23 3.521016e-22 1.644155e-21 5.931100e-21 1.568050e-20 4.666104e-20 1.572136e-19 3.233580e-19 3.038514e-19 -9.999000e+03 2.486694e-24 2.207959e-29 1.377134e-29 8.680016e-29 4.481474e-28 2.228817e-27 9.594814e-27 3.549418e-26 1.163944e-25 2.424598e-24 1.189062e-21 4.777385e-16 -9.999000e+03 -9.999000e+03 9.248792e-31 2.303239e-29 6.375082e-29 3.359997e-27 1.484301e-26 2.102536e-25 1.998107e-25 1.348439e-26 1.360627e-23 1.312644e-23 1.263600e-23 1.376260e-23 1.728160e-23
1.172401e-23 1.374488e-27 2.097519e-28 1.550795e-26 1.563913e-24 1.746066e-26 2.345350e-23 7.333000e-26 6.743540e-26 6.493028e-26 5.794090e-26 4.779381e-26 1.780232e-23 2.179853e-25 2.503651e-25 1.573975e-23 1.142889e-22 8.786317e-22 1.753214e-23 3.514251e-23 9.424311e-19 7.988043e-18 3.764810e-17 1.013729e-16 -9.999000e+03 1.071479e-21 1.212726e-26 1.574708e-29 1.077411e-28 6.566668e-28 3.174920e-27 1.127308e-26 3.543608e-26 1.096935e-25 1.721416e-24 2.869044e-23 4.730078e-22 2.984689e-17 -9.999000e+03 1.693210e-29 2.734597e-28 3.739153e-28 1.179419e-26 5.042178e-26 5.576507e-25 5.545291e-25 5.242937e-26 2.306409e-23 2.334052e-23 2.302630e-23 2.614071e-23 3.279360e-23
1.179197e-28 1.494617e-29 2.347152e-27 3.882659e-25 2.343327e-27 1.092477e-23 1.501698e-26 1.398267e-26 1.297129e-26 1.267772e-26 1.147161e-26 2.244912e-23 4.246954e-26 4.925884e-26 1.330618e-23 1.769462e-25 1.452548e-25 6.405207e-24 2.977223e-25 6.186091e-24 5.586098e-23 2.809103e-22 1.088546e-21 3.341995e-21 -9.999000e+03 3.400260e-26 4.921219e-30 1.850832e-29 1.241703e-28 8.236370e-28 9.775585e-29 4.820656e-29 1.601627e-29 -1.557347e-30 5.634212e-30 5.609798e-29 2.999214e-29 3.013178e-18 -9.999000e+03 -9.999000e+03 2.505715e-27 6.619169e-27 3.716164e-26 1.539030e-25 1.415304e-24 1.498141e-24 1.903671e-25 3.794889e-23 4.059843e-23 4.212649e-23 4.364212e-23 4.915947e-23
4.322223e-31 2.584232e-28 1.150041e-25 3.230773e-28 5.439109e-24 2.545927e-27 2.634447e-27 2.383401e-27 2.064620e-27 1.876882e-27 3.724314e-23 9.586421e-27 8.999760e-27 1.248264e-23 4.330335e-26 3.859377e-26 6.311459e-24 9.979341e-26 8.322410e-26 6.734045e-26 8.261726e-25 5.598989e-24 1.137041e-25 1.028035e-25 -9.999000e+03 8.168681e-29 1.424513e-29 9.158445e-31 7.373032e-30 1.318318e-28 3.091713e-28 7.466409e-30 6.091084e-30 2.083237e-29 1.819745e-29 4.978628e-31 1.114591e-30 4.210896e-30 4.154849e-18 -9.999000e+03 -9.999000e+03 7.381960e-26 6.116863e-25 4.404658e-25 3.182759e-24 3.510800e-24 6.383590e-25 5.452685e-23 5.741418e-23 5.858237e-23 5.705303e-23 6.075085e-23
1.243230e-29 2.058297e-26 3.637131e-29 2.795004e-24 3.248823e-28 3.146409e-28 3.212200e-28 3.157963e-28 2.634803e-28 5.593789e-23 1.697018e-27 1.626089e-27 1.515776e-23 8.223628e-27 7.474650e-27 6.933797e-24 2.772706e-26 2.401932e-26 1.985262e-26 3.524905e-27 2.573126e-31 2.560187e-31 4.479840e-28 1.982354e-31 -9.999000e+03 1.835334e-31 3.419363e-30 2.234774e-28 4.642425e-27 4.707192e-29 3.677108e-30 3.041473e-30 2.519866e-30 2.185206e-30 1.849911e-30 1.523329e-30 1.584469e-30 8.055766e-29 5.117979e-27 1.261326e-17 -9.999000e+03 -9.999000e+03 7.132732e-24 1.453691e-24 7.075167e-24 7.663071e-24 1.816903e-24 7.702440e-23 8.247634e-23 8.728303e-23 8.602952e-23 9.120264e-23
1.755366e-27 1.192021e-30 1.270285e-24 3.395429e-29 2.600988e-29 2.372441e-29 2.391525e-29 2.560062e-29 1.080701e-22 2.403058e-28 2.067183e-28 3.452296e-23 1.643688e-27 1.373073e-27 9.705594e-24 6.274501e-27 5.494067e-27 4.550977e-27 6.667927e-28 2.676674e-31 5.853055e-30 7.223723e-29 2.525447e-31 3.987943e-30 -9.999000e+03 1.608307e-30 2.271069e-29 9.084417e-28 4.405939e-30 2.194246e-31 2.078145e-31 1.863433e-31 1.623165e-31 1.397082e-31 1.201115e-31 1.013682e-31 4.341311e-28 2.983404e-28 3.271623e-28 4.691399e-24 4.771058e-17 -9.999000e+03 2.774254e-22 7.058017e-23 1.932802e-23 1.799054e-23 4.796837e-24 9.925913e-23 1.027206e-22 1.149202e-22 1.302589e-22 3.748066e-31
1.471374e-26 1.862727e-25 1.794159e-30 1.333000e-30 1.003017e-30 8.937144e-31 9.011370e-31 1.884741e-22 2.977986e-29 2.264520e-29 6.019286e-23 2.496116e-28 2.294432e-28 2.495498e-23 1.323471e-27 1.066790e-27 8.877353e-28 9.446824e-29 2.830263e-31 5.754987e-30 6.073019e-29 5.737570e-28 3.400670e-27 1.274171e-26 -9.999000e+03 8.065313e-29 1.734030e-28 2.185376e-31 2.298178e-31 4.588548e-30 5.086938e-29 3.846085e-28 1.801833e-27 6.962740e-27 2.168580e-26 4.502674e-28 1.026341e-31 9.756447e-32 1.864568e-30 1.684541e-28 2.523720e-26 -9.999000e+03 -9.999000e+03 1.289417e-21 5.899004e-23 5.016853e-23 1.190727e-23 1.337781e-22 1.382660e-22 1.768798e-22 4.154784e-31 3.516268e-27
7.567266e-24 3.430749e-23 9.966420e-23 1.780413e-22 2.276441e-22 2.303374e-22 2.242352e-22 1.355901e-30 1.306389e-30 1.186385e-22 2.757995e-29 2.641720e-29 6.546734e-23 2.604006e-28 2.009904e-28 1.489584e-28 8.747153e-30 3.063806e-31 5.999260e-30 5.886720e-29 4.628707e-28 3.339870e-27 1.602926e-26 5.683993e-26 -9.999000e+03 2.313174e-28 2.477044e-28 1.113070e-27 5.636710e-27 2.551861e-26 1.044955e-25 3.840511e-25 1.109078e-24 2.589684e-24 4.633552e-24 6.754936e-24 1.363294e-25 1.269359e-25 3.454110e-25 2.288670e-25 3.568475e-25 6.863347e-20 -9.999000e+03 -9.999000e+03 1.374541e-21 1.030278e-22 3.513598e-31 2.187997e-22 2.258457e-22 4.295587e-31 4.694522e-27 4.457025e-28
4.466946e-26 3.352929e-25 1.770466e-24 6.692214e-24 2.018031e-23 4.883972e-23 8.137222e-23 1.302562e-22 1.802604e-22 1.394485e-30 1.228447e-30 1.263595e-22 3.353048e-29 2.711873e-29 1.933819e-29 4.728370e-31 3.804971e-31 6.817552e-30 6.499728e-29 4.606250e-28 2.964160e-27 1.470875e-26 6.201037e-26 2.151129e-25 -9.999000e+03 6.367652e-28 3.431900e-28 1.053374e-27 4.544737e-27 2.071639e-26 8.920716e-26 3.527737e-25 1.173008e-24 3.185360e-24 6.582635e-24 1.052950e-23 1.376306e-23 2.590761e-25 1.168543e-31 1.209829e-31 3.022767e-30 4.262766e-28 5.179482e-21 -9.999000e+03 1.853121e-20 2.182312e-21 3.847129e-31 4.261342e-31 4.457472e-31 3.897299e-31 5.373606e-28 5.245501e-29
1.278967e-27 1.227888e-26 7.632150e-26 3.663901e-25 1.415294e-24 4.369493e-24 1.242482e-23 4.404792e-23 8.946003e-23 1.408244e-22 1.832615e-22 1.624952e-30 1.407708e-30 1.140563e-30 8.267267e-31 1.451876e-29 1.194060e-28 7.081901e-28 3.309841e-27 1.387823e-26 5.417621e-26 2.003702e-25 4.932293e-23 2.239200e-22 -9.999000e+03 5.522340e-25 1.964817e-25 2.110805e-25 3.038153e-25 5.666174e-25 1.302443e-24 3.199871e-24 7.591669e-24 2.106864e-23 4.948949e-23 7.165556e-23 8.842190e-23 9.129901e-23 5.082811e-24 1.518606e-23 1.592066e-22 1.180949e-20 1.929890e-20 -9.999000e+03 -9.999000e+03 2.487195e-20 4.061321e-31 4.087401e-31 4.202464e-31 3.440715e-27 4.274082e-28 5.013668e-29
2.575778e-30 6.847092e-29 8.283677e-28 6.512555e-27 4.238449e-26 2.554981e-25 1.372925e-24 5.066659e-24 1.669970e-23 7.598525e-23 1.799007e-22 2.409677e-22 2.243278e-22 1.452492e-22 6.711993e-23 2.210805e-23 7.478752e-24 3.650767e-24 2.542329e-24 2.485877e-24 3.202335e-24 5.097110e-24 3.070717e-31 -9.999000e+03 -9.999000e+03 4.878508e-31 7.985021e-30 6.662562e-29 4.368637e-28 2.630481e-27 1.381206e-26 7.208543e-26 3.434945e-25 1.429605e-24 4.685501e-24 1.235370e-23 3.184296e-23 4.635897e-23 5.247323e-23 8.588267e-25 8.845852e-25 8.929502e-25 3.593424e-21 2.654510e-20 -9.999000e+03 -9.999000e+03 8.517479e-29 3.640788e-31 3.108343e-31 2.504158e-31 2.221069e-31 4.009953e-30
-9.999000e+03 -9.999000e+03 -9.999000e+03 -9.999000e+03 -9.999000e+03 -9.999000e+03 -9.999000e+03 1.481017e-30 1.681348e-30 2.543015e-30 3.096574e-30 2.601462e-30 6.736012e-29 6.214685e-28 3.333316e-27 1.278697e-26 3.697479e-26 8.766510e-26 1.995969e-25 4.732105e-25 1.249294e-24 3.184835e-24 6.215453e-24 -9.999000e+03 2.673116e-28 8.719717e-30 2.577051e-29 1.097448e-28 4.548072e-28 2.009771e-27 9.288482e-27 4.423661e-26 2.035993e-25 8.805945e-25 3.491896e-24 1.190848e-23 3.854194e-23 5.630832e-23 6.633251e-23 6.563948e-23 1.088241e-24 9.398414e-25 1.867822e-24 2.615915e-21 3.277974e-20 -9.999000e+03 -9.999000e+03 1.454213e-30 2.286611e-31 2.068231e-31 1.962488e-31 1.983193e-31
-9.999000e+03 -9.999000e+03 -9.999000e+03 -9.999000e+03 -9.999000e+03 -9.999000e+03 -9.999000e+03 -9.999000e+03 -9.999000e+03 -9.999000e+03 1.084677e-28 1.020961e-28 1.640849e-30 9.265167e-31 2.002670e-29 2.256197e-28 1.537504e-27 6.552158e-27 2.543844e-26 1.028826e-25 3.880586e-25 1.342892e-24 3.089062e-24 -9.999000e+03 1.747328e-28 8.803758e-30 2.767042e-29 1.134622e-28 4.548838e-28 4.080135e-29 1.585292e-26 4.866869e-26 1.933936e-25 8.421734e-25 3.545886e-24 1.329615e-23 5.136650e-23 9.345847e-23 1.169821e-22 1.150444e-22 9.949816e-23 1.702514e-24 1.371717e-24 1.644794e-22 3.815663e-21 7.910646e-20 -9.999000e+03 -9.999000e+03 2.024064e-31 1.746288e-31 -9.999000e+03 -9.999000e+03
