tests/data/reference/test_implicit_stream_rill_mfda/control/volrest_m3.asc
ncols	123
nrows	77
xllcorner	-713746.79929998
yllcorner	-1061022.36961616
cellsize	10.0
NODATA_value	-9999
[rows 23 to 45 of 77, columns 52 to 103 of 123]
1.378379e-29 5.309335e-27 2.183837e-26 1.915257e-25 4.300733e-25 1.525582e-24 1.046781e-24 3.442209e-25 4.006143e-25 1.326751e-25 3.709664e-26 3.917637e-26 4.177940e-26 4.816561e-26 6.248844e-26 1.634796e-23 2.383869e-20 6.486577e-20 1.013704e-24 6.116431e-25 2.503500e-26 3.927545e-27 4.967323e-28 4.240624e-27 9.261403e-31 6.836257e-29 1.824405e-05 3.397233e-18 2.086628e-22 1.106194e-26 8.050066e-28 5.773729e-29 1.796445e-30 5.550692e-30 -9.999000e+03 -9.999000e+03 -9.999000e+03 -9.999000e+03 -9.999000e+03 -9.999000e+03 -9.999000e+03 -9.999000e+03 -9.999000e+03 -9.999000e+03 -9.999000e+03 -9.999000e+03 -9.999000e+03 -9.999000e+03 -9.999000e+03 -9.999000e+03 -9.999000e+03 -9.999000e+03
1.219554e-29 1.205270e-28 2.129596e-26 7.697405e-26 4.868319e-25 9.740783e-25 2.720946e-24 2.463693e-24 9.925406e-25 1.055923e-24 4.461783e-25 1.410565e-25 1.554625e-25 1.915982e-25 2.506660e-25 3.876169e-25 2.785067e-19 1.438485e-19 1.680678e-24 8.456609e-25 6.337538e-26 1.414066e-26 2.693216e-27 1.464639e-26 3.621949e-29 6.567862e-28 1.635260e-30 8.973808e-05 2.874655e-17 3.693283e-21 4.547743e-25 7.861487e-28 6.451477e-29 1.098907e-28 7.007118e-30 -9.999000e+03 -9.999000e+03 -9.999000e+03 -9.999000e+03 -9.999000e+03 -9.999000e+03 -9.999000e+03 -9.999000e+03 -9.999000e+03 -9.999000e+03 -9.999000e+03 -9.999000e+03 -9.999000e+03 -9.999000e+03 -9.999000e+03 -9.999000e+03 -9.999000e+03
4.529989e-27 1.138590e-28 8.505093e-28 7.555978e-26 2.494960e-25 1.247426e-24 2.344938e-24 5.229581e-24 4.918161e-24 2.236449e-24 2.414899e-24 1.157211e-24 5.085658e-25 6.681405e-25 8.661282e-25 1.055561e-24 2.052130e-18 1.698682e-19 2.019052e-24 1.026893e-24 1.423721e-25 4.275617e-26 1.151097e-26 4.339112e-26 3.500701e-28 3.407271e-27 4.324761e-29 1.419109e-04 1.142187e-30 7.349868e-17 5.185981e-20 1.210022e-26 9.012962e-28 7.595037e-28 6.786350e-29 2.639258e-30 6.043568e-30 6.374151e-30 -9.999000e+03 -9.999000e+03 -9.999000e+03 -9.999000e+03 -9.999000e+03 -9.999000e+03 -9.999000e+03 -9.999000e+03 -9.999000e+03 -9.999000e+03 -9.999000e+03 -9.999000e+03 -9.999000e+03 -9.999000e+03
1.011658e-29 1.793230e-26 8.402819e-28 5.232328e-27 2.713645e-25 8.382760e-25 3.135313e-24 4.764965e-24 7.906149e-24 7.784431e-24 4.379379e-24 5.179761e-24 3.277512e-24 1.802750e-24 2.145307e-24 2.720270e-24 1.423143e-17 1.239829e-19 2.657252e-24 1.479797e-24 3.429114e-25 1.264274e-25 4.566468e-26 1.223155e-25 2.199681e-27 1.332183e-26 3.330678e-28 2.009786e-04 3.737461e-29 1.227408e-16 4.690271e-19 8.570467e-26 8.011976e-27 4.812483e-27 5.636151e-28 6.489454e-29 1.214605e-28 4.994668e-30 1.914136e-28 6.785933e-30 -9.999000e+03 -9.999000e+03 -9.999000e+03 -9.999000e+03 -9.999000e+03 -9.999000e+03 -9.999000e+03 -9.999000e+03 -9.999000e+03 -9.999000e+03 -9.999000e+03 -9.999000e+03
9.902662e-29 2.072972e-31 7.233485e-26 6.065979e-27 3.133274e-26 9.399213e-25 2.063795e-24 5.559773e-24 7.578109e-24 1.152830e-23 1.237347e-23 8.446110e-24 1.021567e-23 7.162523e-24 4.358517e-24 6.041011e-24 1.050558e-16 5.377813e-20 3.941026e-24 2.411767e-24 8.916554e-25 4.330438e-25 1.878438e-25 3.753855e-25 1.283102e-26 4.544303e-26 1.895229e-27 2.751494e-04 3.020225e-28 1.082614e-16 1.721313e-18 2.332686e-25 5.104606e-26 3.862302e-26 6.364923e-27 9.401999e-28 2.168963e-30 3.950178e-30 1.773313e-28 3.204015e-27 2.500076e-28 2.278621e-03 -9.999000e+03 -9.999000e+03 -9.999000e+03 -9.999000e+03 -9.999000e+03 -9.999000e+03 -9.999000e+03 -9.999000e+03 -9.999000e+03 -9.999000e+03
7.024499e-28 1.162586e-29 2.560365e-25 3.165838e-26 2.966848e-31 1.336422e-25 2.225716e-24 4.027073e-24 8.250848e-24 1.131292e-23 1.539457e-23 1.708497e-23 1.480419e-23 1.681504e-23 1.477627e-23 1.239620e-23 7.802556e-16 8.749735e-21 5.457440e-24 3.652722e-24 1.839524e-24 1.058508e-24 5.555106e-25 9.267094e-25 5.484118e-26 1.285638e-25 8.320758e-27 4.561970e-04 1.803338e-27 5.520417e-17 5.748171e-18 4.763393e-25 2.040672e-25 2.183697e-25 5.169519e-26 9.203043e-27 9.749270e-29 1.221033e-28 4.086016e-30 2.452969e-27 -9.999000e+03 4.695892e-03 3.337382e-03 4.577111e-03 -9.999000e+03 -9.999000e+03 -9.999000e+03 -9.999000e+03 -9.999000e+03 -9.999000e+03 -9.999000e+03 -9.999000e+03
4.146976e-27 1.326465e-28 8.274008e-25 1.300821e-25 2.850806e-31 1.702565e-29 4.600931e-25 4.301763e-24 6.764033e-24 1.173895e-23 1.477245e-23 2.030295e-23 2.557534e-23 2.650638e-23 3.454901e-23 3.552490e-23 2.913121e-23 1.638608e-17 5.935288e-24 4.125535e-24 2.674820e-24 1.888709e-24 1.204630e-24 1.801084e-24 1.831346e-25 3.355462e-25 3.195166e-26 6.550224e-04 8.555375e-27 9.524810e-18 1.964043e-17 8.368876e-25 4.986215e-25 6.630878e-25 2.500298e-25 6.742102e-26 1.544441e-27 1.645603e-27 1.202117e-28 -9.999000e+03 -9.999000e+03 1.141716e-04 5.362377e-05 4.934842e-29 6.141270e-03 -9.999000e+03 -9.999000e+03 -9.999000e+03 -9.999000e+03 -9.999000e+03 -9.999000e+03 -9.999000e+03
2.558517e-26 1.258333e-27 2.295269e-24 4.643516e-25 1.661181e-29 2.818718e-31 1.847716e-28 1.071896e-24 7.187309e-24 1.030270e-23 1.623762e-23 2.277688e-23 3.184288e-23 4.621244e-23 5.394012e-23 6.238853e-23 5.253814e-23 3.264366e-23 1.054708e-17 4.152619e-24 3.354841e-24 2.882418e-24 2.126903e-24 3.065757e-24 4.845263e-25 7.460839e-25 1.081793e-25 1.102792e-03 3.468567e-26 3.892544e-19 5.855434e-17 1.095676e-24 9.011978e-25 1.280411e-24 1.127815e-30 1.805184e-30 1.162575e-26 1.082095e-26 -9.999000e+03 -9.999000e+03 6.429481e-29 8.295157e-09 1.940800e-09 1.014966e-27 3.524211e-29 6.808942e-03 -9.999000e+03 -9.999000e+03 -9.999000e+03 -9.999000e+03 -9.999000e+03 -9.999000e+03
1.625590e-25 1.087826e-26 6.445455e-24 1.421159e-24 1.898972e-28 1.592458e-29 2.603258e-31 1.103605e-27 2.499519e-24 1.335629e-23 1.969554e-23 3.204697e-23 4.719408e-23 6.256880e-23 6.914913e-23 6.219020e-23 5.582971e-23 3.856779e-23 4.458030e-18 3.898369e-24 3.806816e-24 3.930350e-24 3.643311e-24 4.434349e-24 1.054282e-24 1.446900e-24 3.145321e-25 2.078047e-03 1.223346e-25 2.871137e-21 1.403257e-16 1.305745e-24 1.182196e-24 4.807037e-31 6.205196e-31 1.011341e-30 4.324559e-26 -9.999000e+03 -9.999000e+03 7.905613e-30 9.260134e-28 3.348151e-16 2.320374e-17 2.131463e-26 1.085876e-27 2.158649e-29 3.263268e-29 -9.999000e+03 -9.999000e+03 -9.999000e+03 -9.999000e+03 -9.999000e+03
1.336051e-24 9.813356e-26 1.837071e-23 4.316650e-24 3.536410e-31 1.550622e-27 1.805058e-28 1.592473e-29 7.639713e-27 6.456615e-24 2.552826e-23 3.604120e-23 5.406108e-23 6.244425e-23 6.468976e-23 5.933873e-23 4.781355e-23 3.710697e-23 1.296869e-18 4.081966e-24 4.712926e-24 5.646140e-24 5.543642e-24 6.348535e-24 2.017851e-24 2.497186e-24 8.516352e-25 3.974950e-03 4.043958e-25 1.079891e-23 3.600780e-16 1.639015e-24 3.758568e-31 4.138702e-31 4.948137e-31 5.936075e-31 -9.999000e+03 -9.999000e+03 4.823454e-30 1.891096e-28 6.537967e-27 2.658904e-21 9.586938e-30 1.585211e-29 1.037275e-26 4.940643e-28 4.897078e-28 2.333520e-29 6.466110e-03 -9.999000e+03 -9.999000e+03 -9.999000e+03
6.000881e-24 1.036513e-23 7.507233e-25 5.497670e-23 1.401470e-23 2.759882e-29 1.112436e-26 1.725467e-27 2.229059e-28 4.059052e-26 1.183879e-23 3.122523e-23 3.808461e-23 4.692366e-23 4.991895e-23 4.887663e-23 4.390564e-23 3.551242e-23 3.169253e-23 3.153750e-19 7.289802e-24 8.118193e-24 7.715375e-24 7.708049e-24 3.413768e-24 4.009114e-24 2.016235e-24 7.627884e-03 1.287262e-24 6.116041e-24 9.249935e-16 3.833972e-31 4.041489e-31 4.140427e-31 -9.999000e+03 -9.999000e+03 -9.999000e+03 6.122763e-31 1.104398e-28 1.790563e-27 2.780851e-26 2.099026e-30 3.818746e-30 2.377972e-28 4.213059e-26 7.925621e-27 1.041658e-26 1.586291e-29 2.267434e-29 4.135776e-03 -9.999000e+03 -9.999000e+03
2.244265e-01 2.434180e-01 7.935627e-22 4.934720e-23 1.090186e-22 2.875119e-23 3.089922e-28 5.362209e-26 9.531447e-27 1.544541e-27 1.303362e-25 1.428534e-23 2.764734e-23 3.027046e-23 3.328869e-23 3.521409e-23 3.679147e-23 3.656225e-23 3.550601e-23 2.868510e-19 1.311515e-23 1.423471e-23 1.228922e-23 1.061155e-23 5.848228e-24 7.259925e-24 5.247604e-24 1.415593e-02 3.869320e-24 9.395473e-24 1.868333e-15 3.989612e-31 4.017005e-31 -9.999000e+03 -9.999000e+03 3.488192e-30 5.097857e-31 3.611939e-29 1.057085e-27 9.993926e-27 9.246661e-31 1.161651e-30 1.765842e-30 1.783385e-27 1.079561e-25 4.311835e-26 1.034099e-29 9.852688e-30 9.498723e-30 6.610488e-05 2.722332e-29 3.997825e-03
1.229587e-19 2.149648e-18 2.079169e-01 6.135596e-21 4.092477e-22 1.230420e-21 3.021949e-22 1.102698e-26 9.775322e-25 1.931895e-25 3.524180e-26 1.688874e-24 8.354652e-23 1.325821e-22 1.491128e-22 1.799949e-22 2.358282e-22 3.198773e-22 4.117377e-22 5.844215e-22 2.502862e-19 3.731600e-22 2.664622e-22 1.816588e-22 1.199467e-23 1.573127e-23 1.527704e-23 1.411948e-02 1.131630e-23 1.671674e-23 2.103954e-15 3.912880e-31 -9.999000e+03 -9.999000e+03 1.446017e-30 9.099488e-29 3.283990e-29 4.160894e-28 6.900362e-27 5.239234e-31 5.994551e-31 8.878956e-31 1.243258e-30 2.083358e-30 2.069268e-25 1.015473e-25 4.636031e-30 1.750514e-28 2.002093e-28 3.143369e-09 9.918676e-30 6.395488e-05
1.004009e-29 4.490900e-28 1.158747e-26 2.024245e-01 2.157830e-01 2.115275e-01 2.160624e-01 1.267216e-21 1.686170e-25 1.070585e-23 2.671503e-24 5.595883e-25 1.961180e-23 5.416294e-22 1.937790e-20 1.161031e-21 1.565312e-21 2.281911e-21 3.099260e-21 4.655641e-21 1.403857e-29 7.144344e-19 5.821444e-20 1.342444e-21 3.015742e-22 5.178669e-22 4.434851e-23 5.212125e-04 2.645153e-23 2.855604e-23 7.842580e-16 -9.999000e+03 -9.999000e+03 3.920969e-31 5.892333e-29 9.934471e-28 3.943724e-28 3.081427e-27 3.210450e-26 4.800945e-31 5.270580e-31 6.715032e-31 9.735188e-31 1.510186e-30 3.730687e-25 2.250459e-25 1.238630e-28 1.739517e-27 1.924048e-27 6.667842e-17 1.944316e-28 2.940657e-09
4.475411e-27 5.117990e-26 6.034353e-25 9.798982e-24 8.932781e-23 3.447007e-22 1.234418e-21 1.962705e-01 2.070706e-01 2.193047e-01 2.302328e-01 2.376325e-01 2.497443e-01 2.713437e-01 3.025195e-01 3.423769e-01 3.673762e-01 3.290472e-20 2.651246e-20 2.445930e-20 2.148492e-20 5.530259e-28 2.299530e-18 6.189848e-21 2.964017e-21 6.514329e-21 1.846236e-21 1.555232e-06 4.514863e-23 3.608431e-23 -9.999000e+03 -9.999000e+03 3.353749e-31 3.694094e-31 6.154921e-28 6.990826e-27 2.962033e-27 1.659568e-26 1.271623e-25 4.658181e-31 4.967368e-31 5.631235e-31 7.839392e-31 1.107417e-30 1.847896e-30 3.032328e-30 2.020574e-27 1.570265e-26 1.485693e-26 1.628140e-24 1.561561e-27 6.021688e-17
1.848236e-28 3.103076e-27 4.749762e-26 2.088953e-07 7.912814e-09 8.348622e-10 1.027797e-09 1.671592e-09 2.866632e-09 5.270493e-09 9.942084e-09 1.969878e-08 4.300185e-08 1.317076e-07 4.323043e-07 2.873409e-06 5.660461e-05 3.485904e-01 4.087192e-01 2.709350e-19 1.599440e-19 7.704391e-20 1.011951e-17 4.016527e-20 2.803969e-20 6.383409e-20 1.961833e-20 4.322772e-10 5.789391e-23 -9.999000e+03 -9.999000e+03 3.389994e-31 3.219031e-31 3.554002e-31 4.224355e-27 3.330802e-26 1.547321e-26 6.791937e-26 4.321899e-31 4.313896e-31 4.552266e-31 5.188689e-31 6.142540e-31 9.013414e-31 1.330835e-30 2.173432e-30 3.598313e-30 1.013172e-25 8.938950e-26 4.880654e-24 1.071099e-26 1.318944e-24
7.659954e-24 1.611628e-06 5.742681e-08 7.059374e-24 4.841014e-24 3.138500e-24 2.122371e-24 1.766646e-24 1.379116e-24 1.277874e-24 1.341794e-24 1.105924e-23 5.835239e-24 8.693368e-24 1.335381e-23 2.305295e-23 8.471817e-21 7.521930e-19 4.648569e-17 3.274438e-01 3.847181e-01 4.144111e-01 4.867968e-01 3.121653e-16 2.926380e-19 3.856485e-19 1.007997e-19 1.958308e-15 -9.999000e+03 -9.999000e+03 1.181897e-27 1.961227e-29 3.143373e-31 3.494230e-31 2.300692e-26 1.281696e-25 6.179289e-26 2.211935e-25 3.833013e-31 3.794901e-31 3.994137e-31 4.616363e-31 5.437145e-31 7.454962e-31 9.688993e-31 1.337975e-30 2.169960e-30 3.971314e-25 4.111825e-25 1.412640e-23 8.331737e-26 5.464890e-24
-1.231935e-05 1.666936e-23 1.093520e-23 7.231740e-24 4.633668e-24 3.149307e-24 2.071336e-24 1.221806e-24 9.479101e-25 8.270239e-25 8.195804e-25 2.206298e-25 2.389177e-25 2.682906e-25 3.451702e-25 1.171958e-23 7.543905e-24 1.362834e-07 2.280520e-06 4.862044e-05 6.132072e-04 1.304785e-05 8.493182e-05 6.133624e-01 6.772399e-08 4.354594e-18 5.261825e-19 1.310441e-29 -9.999000e+03 1.927004e-29 2.710447e-29 2.253392e-28 2.949333e-31 1.940954e-29 9.144667e-26 4.087423e-25 2.040355e-25 5.347677e-25 3.457395e-31 3.427101e-31 3.644977e-31 4.193685e-31 5.025484e-31 6.437192e-31 8.315287e-31 9.666810e-31 1.414199e-30 2.210231e-30 1.086227e-24 2.479623e-23 4.199143e-25 1.498964e-23
3.250902e-23 2.223437e-23 1.464436e-23 1.060871e-23 7.660922e-24 5.077885e-24 2.140476e-24 1.485332e-24 1.029897e-24 8.826781e-25 1.063731e-25 1.016278e-25 9.947609e-26 1.008653e-25 7.021505e-25 2.272743e-25 2.097738e-09 1.314549e-24 2.883615e-24 2.760159e-24 4.493349e-24 -9.999000e+03 -9.999000e+03 -9.999000e+03 5.398540e-01 9.432626e-05 1.077152e-17 -9.999000e+03 -9.999000e+03 2.065692e-27 3.229495e-27 1.851606e-27 2.805501e-31 1.923918e-28 2.683191e-25 1.008298e-24 5.273552e-25 3.370074e-31 3.161846e-31 3.108892e-31 3.416370e-31 3.980869e-31 4.740070e-31 5.741546e-31 7.840406e-31 8.323235e-31 9.777985e-31 1.313519e-30 1.893101e-24 2.409982e-23 1.059168e-24 2.434974e-23
3.946283e-23 2.881703e-23 2.137546e-23 1.668361e-23 1.364245e-23 4.387076e-24 2.896091e-24 1.893036e-24 1.426171e-24 6.219027e-26 5.369585e-26 4.762649e-26 4.341218e-26 5.503988e-25 9.361282e-26 1.144120e-09 8.262257e-25 9.884123e-26 3.950220e-26 4.915814e-26 4.080017e-24 4.546676e-25 1.641814e-24 -9.999000e+03 -9.999000e+03 -9.999000e+03 3.365756e-03 -9.999000e+03 1.549149e-24 1.910432e-25 1.649769e-25 1.248445e-25 2.026986e-29 1.529021e-27 7.685059e-25 2.101046e-24 1.185956e-24 3.164254e-31 2.976430e-31 2.861833e-31 3.058427e-31 3.696272e-31 4.494423e-31 5.530544e-31 7.379741e-31 7.952469e-31 8.646408e-31 6.069016e-29 2.631328e-24 1.760699e-23 2.066891e-24 2.547471e-23
5.051841e-23 4.058557e-23 3.275207e-23 2.900354e-23 7.797882e-24 5.380437e-24 3.493675e-24 2.575094e-24 4.163855e-26 3.157430e-26 2.522987e-26 2.112025e-26 6.810217e-25 5.003839e-26 8.945163e-10 9.434520e-25 3.963191e-26 1.071924e-26 9.391469e-27 1.825653e-25 1.055668e-26 5.982443e-26 9.315549e-26 4.230257e-25 9.540481e-25 -9.999000e+03 -9.999000e+03 -9.999000e+03 6.763160e-06 7.733247e-27 1.626223e-22 5.027639e-24 4.243969e-28 1.344947e-26 2.006386e-24 3.882472e-24 2.113179e-24 2.895889e-31 2.867029e-31 2.768107e-31 2.819654e-31 3.312925e-31 4.189069e-31 5.325283e-31 6.970561e-31 8.105943e-31 8.907092e-31 7.794728e-28 3.425321e-24 1.338564e-23 3.417216e-24 1.923846e-23
5.998139e-23 5.572278e-23 4.979765e-23 8.489372e-24 6.973292e-24 4.599067e-24 3.403398e-24 1.717118e-26 1.600879e-26 1.280993e-26 9.763846e-27 9.065058e-25 2.795036e-26 7.959974e-10 1.655320e-24 1.919722e-26 3.942426e-27 3.236898e-27 1.077519e-25 2.437600e-27 2.477437e-27 2.608802e-27 1.391369e-26 2.645199e-26 9.580827e-26 2.871098e-21 -9.999000e+03 -9.999000e+03 -9.999000e+03 -9.999000e+03 1.749384e-10 2.317638e-22 6.206216e-26 8.447076e-26 4.631448e-24 6.603824e-24 3.641088e-24 2.778943e-31 2.719947e-31 2.663241e-31 2.690936e-31 2.904537e-31 3.670946e-31 4.774709e-31 5.581612e-31 6.712534e-31 8.016455e-31 6.127279e-27 4.084908e-24 9.368760e-24 3.970878e-24 1.200247e-23
6.759564e-23 6.774595e-23 7.688697e-24 6.381233e-24 4.428783e-24 3.293449e-24 3.964861e-27 4.101834e-27 4.038377e-27 3.645538e-27 1.110879e-24 1.360757e-26 6.794929e-10 3.663792e-24 8.504838e-27 1.450591e-27 1.145745e-27 8.076726e-26 7.245419e-28 6.598115e-28 6.103658e-28 5.329303e-28 5.509008e-28 4.324304e-27 6.373993e-27 -9.999000e+03 -9.999000e+03 1.929736e-28 4.870765e-27 -9.999000e+03 -9.999000e+03 -9.999000e+03 1.316589e-24 2.522361e-24 8.139368e-24 1.019272e-23 5.959566e-24 2.733532e-31 2.569918e-31 2.542027e-31 2.576902e-31 2.716949e-31 3.079372e-31 3.963316e-31 4.716852e-31 5.282472e-31 5.853303e-31 3.155828e-26 5.121928e-24 7.432881e-24 3.747299e-24 6.345086e-24
