tests/data/reference/test_implicit_stream_rill_mfda/control/volrest_m3.asc
ncols	123
nrows	77
xllcorner	-713746.79929998
yllcorner	-1061022.36961616
cellsize	10.0
NODATA_value	-9999
[rows 23 to 45 of 77, columns 0 to 51 of 123]
-9.999000e+03 -9.999000e+03 -9.999000e+03 -9.999000e+03 -9.999000e+03 -9.999000e+03 -9.999000e+03 -9.999000e+03 -9.999000e+03 -9.999000e+03 -9.999000e+03 -9.999000e+03 -9.999000e+03 -9.999000e+03 0.000000e+00 3.865356e-40 2.133472e-37 0.000000e+00 0.000000e+00 0.000000e+00 0.000000e+00 1.564995e-03 0.000000e+00 1.337033e-05 8.683111e-18 2.472598e-32 7.707197e-28 1.219203e-37 0.000000e+00 6.150527e-39 0.000000e+00 0.000000e+00 0.000000e+00 0.000000e+00 2.225192e-40 2.172013e-43 3.078889e-32 0.000000e+00 1.556562e-40 4.203895e-45 1.401298e-45 0.000000e+00 5.605194e-45 0.000000e+00 0.000000e+00 0.000000e+00 0.000000e+00 2.802597e-44 0.000000e+00 0.000000e+00 0.000000e+00 0.000000e+00
-9.999000e+03 -9.999000e+03 -9.999000e+03 -9.999000e+03 -9.999000e+03 -9.999000e+03 -9.999000e+03 -9.999000e+03 -9.999000e+03 -9.999000e+03 -9.999000e+03 -9.999000e+03 -9.999000e+03 -9.999000e+03 1.962645e-40 1.246680e-15 7.310990e-31 0.000000e+00 0.000000e+00 0.000000e+00 1.801167e-03 3.098463e-03 0.000000e+00 0.000000e+00 1.784132e-10 1.266541e-30 2.722350e-26 1.044192e-35 0.000000e+00 0.000000e+00 2.062624e-39 0.000000e+00 0.000000e+00 0.000000e+00 3.283240e-38 1.275182e-43 3.204622e-31 0.000000e+00 1.242635e-39 5.605194e-45 2.802597e-45 1.401298e-45 7.006492e-45 1.401298e-45 1.401298e-45 0.000000e+00 0.000000e+00 2.242078e-44 0.000000e+00 0.000000e+00 0.000000e+00 0.000000e+00
-9.999000e+03 -9.999000e+03 -9.999000e+03 -9.999000e+03 -9.999000e+03 -9.999000e+03 -9.999000e+03 -9.999000e+03 -9.999000e+03 -9.999000e+03 -9.999000e+03 -9.999000e+03 -9.999000e+03 -9.999000e+03 4.594766e-10 1.401298e-45 0.000000e+00 0.000000e+00 0.000000e+00 0.000000e+00 1.504264e-03 1.643598e-05 3.997807e-05 0.000000e+00 0.000000e+00 6.371366e-19 8.732156e-24 2.304484e-34 7.006492e-45 0.000000e+00 0.000000e+00 5.465255e-38 0.000000e+00 0.000000e+00 0.000000e+00 7.125227e-36 0.000000e+00 2.053833e-30 0.000000e+00 3.793559e-38 9.809089e-45 4.203895e-45 1.121039e-44 2.802597e-45 2.802597e-45 0.000000e+00 1.401298e-45 1.821688e-44 0.000000e+00 0.000000e+00 0.000000e+00 0.000000e+00
-9.999000e+03 -9.999000e+03 -9.999000e+03 -9.999000e+03 -9.999000e+03 -9.999000e+03 -9.999000e+03 -9.999000e+03 -9.999000e+03 -9.999000e+03 -9.999000e+03 -9.999000e+03 0.000000e+00 0.000000e+00 1.282049e-32 0.000000e+00 0.000000e+00 0.000000e+00 0.000000e+00 1.637991e-03 1.409215e-05 1.322017e-05 2.666789e-10 1.203517e-09 0.000000e+00 0.000000e+00 6.369124e-21 8.108567e-33 8.617986e-43 0.000000e+00 0.000000e+00 0.000000e+00 2.786072e-37 0.000000e+00 0.000000e+00 0.000000e+00 2.843171e-37 0.000000e+00 1.091569e-29 0.000000e+00 3.999950e-40 1.541428e-44 2.522337e-44 9.809089e-45 7.006492e-45 1.401298e-45 1.401298e-45 1.401298e-44 0.000000e+00 0.000000e+00 0.000000e+00 0.000000e+00
-9.999000e+03 -9.999000e+03 -9.999000e+03 -9.999000e+03 -9.999000e+03 -9.999000e+03 -9.999000e+03 -9.999000e+03 -9.999000e+03 -9.999000e+03 -9.999000e+03 -9.999000e+03 -9.999000e+03 0.000000e+00 0.000000e+00 0.000000e+00 0.000000e+00 0.000000e+00 2.240033e-03 2.025730e-05 1.212515e-10 2.922101e-19 1.692869e-10 1.670972e-18 1.716945e-17 2.041773e-25 7.046576e-23 3.007614e-17 4.541742e-31 1.256292e-40 0.000000e+00 0.000000e+00 0.000000e+00 2.693772e-36 0.000000e+00 0.000000e+00 0.000000e+00 2.123582e-36 0.000000e+00 3.713833e-29 1.166062e-40 4.344025e-44 6.305843e-44 3.082857e-44 1.821688e-44 4.203895e-45 4.203895e-45 9.809089e-45 0.000000e+00 0.000000e+00 0.000000e+00 0.000000e+00
-9.999000e+03 -9.999000e+03 -9.999000e+03 -9.999000e+03 -9.999000e+03 -9.999000e+03 -9.999000e+03 -9.999000e+03 -9.999000e+03 -9.999000e+03 -9.999000e+03 -9.999000e+03 -9.999000e+03 -9.999000e+03 -9.999000e+03 0.000000e+00 0.000000e+00 2.224635e-03 3.884797e-03 4.735222e-05 1.419913e-09 1.925667e-17 4.127605e-31 4.699236e-34 4.390987e-32 1.102981e-30 1.979930e-29 3.946381e-19 6.100986e-12 5.389495e-30 1.320490e-38 0.000000e+00 0.000000e+00 2.802597e-45 1.512479e-35 1.121039e-44 2.662467e-44 3.923636e-44 1.337137e-27 0.000000e+00 4.149931e-31 1.079000e-43 1.205117e-43 6.165713e-44 3.363116e-44 8.407791e-45 5.605194e-45 8.407791e-45 0.000000e+00 0.000000e+00 0.000000e+00 0.000000e+00
-9.999000e+03 -9.999000e+03 -9.999000e+03 -9.999000e+03 -9.999000e+03 -9.999000e+03 -9.999000e+03 -9.999000e+03 -9.999000e+03 -9.999000e+03 -9.999000e+03 -9.999000e+03 -9.999000e+03 -9.999000e+03 -9.999000e+03 -9.999000e+03 0.000000e+00 2.737482e-03 2.408112e-05 4.256248e-10 2.342465e-18 1.046335e-32 4.478576e-36 1.100534e-34 6.088050e-34 7.577144e-34 6.095736e-34 7.173800e-34 5.547678e-34 4.485628e-14 3.422343e-16 1.467461e-15 2.101948e-44 0.000000e+00 7.819245e-43 4.345955e-35 4.085813e-34 2.917182e-32 6.733239e-42 2.281705e-24 0.000000e+00 7.263170e-32 1.373272e-43 7.006492e-44 3.643376e-44 1.121039e-44 7.006492e-45 8.407791e-45 1.401298e-45 0.000000e+00 0.000000e+00 0.000000e+00
-9.999000e+03 -9.999000e+03 -9.999000e+03 -9.999000e+03 -9.999000e+03 -9.999000e+03 -9.999000e+03 -9.999000e+03 -9.999000e+03 -9.999000e+03 -9.999000e+03 -9.999000e+03 -9.999000e+03 -9.999000e+03 -9.999000e+03 -9.999000e+03 2.012346e-03 1.562736e-05 6.444526e-11 8.135904e-20 2.926208e-35 5.147593e-09 1.997384e-06 1.362416e-04 4.235965e-03 3.553079e-02 7.624568e-02 1.298170e-01 1.783656e-01 2.119311e-01 2.538002e-01 3.118125e-01 4.945154e-02 5.725114e-01 6.853245e-01 1.315318e-01 1.012030e-01 7.873456e-02 6.674889e-02 5.783737e-02 6.049401e-02 6.503504e-02 2.870229e-34 2.725946e-41 8.357344e-42 2.802597e-44 1.401298e-44 1.401298e-44 2.802597e-45 0.000000e+00 0.000000e+00 0.000000e+00
-9.999000e+03 -9.999000e+03 -9.999000e+03 -9.999000e+03 -9.999000e+03 -9.999000e+03 -9.999000e+03 -9.999000e+03 -9.999000e+03 -9.999000e+03 -9.999000e+03 -9.999000e+03 -9.999000e+03 -9.999000e+03 -9.999000e+03 2.007485e-03 1.559030e-05 4.586094e-11 4.320001e-18 7.727639e-23 1.596912e-12 4.472903e-40 1.871113e-35 6.594010e-32 3.889141e-29 5.005822e-26 2.666796e-23 1.090323e-20 2.369453e-18 2.002947e-16 2.020085e-14 4.440656e-12 2.343601e-09 4.745258e-06 3.283227e-03 4.679891e-02 8.499488e-02 8.683971e-04 1.354478e-05 1.328683e-08 9.754408e-11 1.944985e-11 5.405181e-02 9.271345e-02 1.170920e-01 1.573490e-39 4.757614e-39 4.624285e-44 1.261169e-44 1.401298e-45 0.000000e+00 0.000000e+00
-9.999000e+03 -9.999000e+03 -9.999000e+03 -9.999000e+03 -9.999000e+03 -9.999000e+03 -9.999000e+03 -9.999000e+03 -9.999000e+03 -9.999000e+03 -9.999000e+03 -9.999000e+03 -9.999000e+03 -9.999000e+03 2.382413e-03 4.302063e-03 5.174174e-05 1.091847e-09 4.344025e-44 9.790268e-18 1.308813e-42 3.400951e-42 1.116414e-41 4.591509e-40 1.226697e-36 5.596786e-42 3.386098e-41 8.407791e-45 7.006492e-45 2.142585e-42 9.361795e-41 5.580155e-32 7.153805e-28 7.116562e-24 1.995452e-20 8.569538e-18 0.000000e+00 0.000000e+00 3.363116e-44 1.401298e-45 0.000000e+00 0.000000e+00 6.276416e-42 1.828151e-38 4.542030e-35 9.438413e-02 1.257151e-01 1.493619e-01 5.344412e-41 2.120633e-39 0.000000e+00 0.000000e+00
-9.999000e+03 -9.999000e+03 -9.999000e+03 -9.999000e+03 -9.999000e+03 -9.999000e+03 -9.999000e+03 -9.999000e+03 -9.999000e+03 -9.999000e+03 -9.999000e+03 -9.999000e+03 -9.999000e+03 -9.999000e+03 2.101948e-03 1.631388e-05 2.701703e-42 1.261169e-44 3.361099e-18 0.000000e+00 0.000000e+00 2.802597e-45 8.766523e-42 9.809089e-45 1.401298e-45 1.261169e-43 9.809089e-45 4.203895e-45 1.940798e-42 4.417874e-40 5.945173e-38 0.000000e+00 0.000000e+00 4.203895e-45 9.248119e-39 0.000000e+00 0.000000e+00 0.000000e+00 0.000000e+00 0.000000e+00 0.000000e+00 0.000000e+00 0.000000e+00 0.000000e+00 0.000000e+00 8.407791e-45 1.196849e-41 1.291969e-38 1.276943e-01 1.503687e-01 2.162889e-01 5.305596e-41
-9.999000e+03 -9.999000e+03 -9.999000e+03 -9.999000e+03 -9.999000e+03 -9.999000e+03 -9.999000e+03 -9.999000e+03 -9.999000e+03 -9.999000e+03 -9.999000e+03 -9.999000e+03 -9.999000e+03 4.762803e-03 1.823198e-04 1.541915e-33 2.382207e-44 8.749512e-19 0.000000e+00 0.000000e+00 0.000000e+00 2.802597e-45 7.006492e-45 1.401298e-45 6.502025e-43 8.407791e-45 7.006492e-45 2.802597e-45 1.401298e-45 0.000000e+00 0.000000e+00 0.000000e+00 0.000000e+00 7.235605e-41 0.000000e+00 0.000000e+00 0.000000e+00 0.000000e+00 0.000000e+00 0.000000e+00 0.000000e+00 0.000000e+00 0.000000e+00 0.000000e+00 0.000000e+00 0.000000e+00 0.000000e+00 0.000000e+00 0.000000e+00 0.000000e+00 5.343151e-42 1.816362e-01
-9.999000e+03 -9.999000e+03 -9.999000e+03 -9.999000e+03 -9.999000e+03 -9.999000e+03 -9.999000e+03 -9.999000e+03 -9.999000e+03 -9.999000e+03 -9.999000e+03 -9.999000e+03 2.476249e-03 7.834200e-03 2.521795e-18 1.751623e-43 4.296204e-19 0.000000e+00 0.000000e+00 0.000000e+00 0.000000e+00 2.802597e-45 0.000000e+00 1.211703e-41 8.407791e-45 7.006492e-45 5.605194e-45 2.802597e-45 0.000000e+00 0.000000e+00 0.000000e+00 0.000000e+00 6.319856e-43 0.000000e+00 0.000000e+00 0.000000e+00 0.000000e+00 0.000000e+00 0.000000e+00 0.000000e+00 0.000000e+00 0.000000e+00 0.000000e+00 0.000000e+00 0.000000e+00 0.000000e+00 0.000000e+00 0.000000e+00 0.000000e+00 0.000000e+00 5.380986e-43 4.504488e-40
-9.999000e+03 -9.999000e+03 -9.999000e+03 -9.999000e+03 -9.999000e+03 -9.999000e+03 -9.999000e+03 -9.999000e+03 -9.999000e+03 -9.999000e+03 -9.999000e+03 -9.999000e+03 5.401601e-03 8.076729e-10 2.096343e-42 1.611323e-19 0.000000e+00 0.000000e+00 0.000000e+00 0.000000e+00 0.000000e+00 0.000000e+00 2.273859e-40 5.605194e-45 7.006492e-45 8.407791e-45 7.006492e-45 0.000000e+00 0.000000e+00 0.000000e+00 0.000000e+00 8.407791e-45 0.000000e+00 0.000000e+00 0.000000e+00 0.000000e+00 0.000000e+00 0.000000e+00 0.000000e+00 0.000000e+00 0.000000e+00 0.000000e+00 0.000000e+00 0.000000e+00 0.000000e+00 0.000000e+00 0.000000e+00 0.000000e+00 0.000000e+00 1.401298e-45 0.000000e+00 0.000000e+00
-9.999000e+03 -9.999000e+03 -9.999000e+03 -9.999000e+03 -9.999000e+03 -9.999000e+03 -9.999000e+03 -9.999000e+03 -9.999000e+03 -9.999000e+03 -9.999000e+03 3.181561e-03 8.812568e-05 2.671296e-35 1.011752e-19 0.000000e+00 0.000000e+00 0.000000e+00 0.000000e+00 0.000000e+00 0.000000e+00 2.198564e-39 2.802597e-45 4.203895e-45 7.006492e-45 8.407791e-45 0.000000e+00 0.000000e+00 0.000000e+00 0.000000e+00 0.000000e+00 0.000000e+00 0.000000e+00 0.000000e+00 0.000000e+00 0.000000e+00 0.000000e+00 0.000000e+00 0.000000e+00 0.000000e+00 0.000000e+00 0.000000e+00 0.000000e+00 0.000000e+00 0.000000e+00 0.000000e+00 0.000000e+00 0.000000e+00 0.000000e+00 0.000000e+00 0.000000e+00 0.000000e+00
-9.999000e+03 -9.999000e+03 -9.999000e+03 -9.999000e+03 -9.999000e+03 -9.999000e+03 -9.999000e+03 -9.999000e+03 -9.999000e+03 -9.999000e+03 3.530138e-03 7.321665e-03 2.972306e-19 9.295823e-20 0.000000e+00 0.000000e+00 0.000000e+00 0.000000e+00 0.000000e+00 0.000000e+00 9.001765e-39 1.401298e-45 2.802597e-45 4.203895e-45 8.407791e-45 0.000000e+00 0.000000e+00 0.000000e+00 0.000000e+00 0.000000e+00 0.000000e+00 0.000000e+00 0.000000e+00 0.000000e+00 0.000000e+00 0.000000e+00 0.000000e+00 0.000000e+00 0.000000e+00 0.000000e+00 0.000000e+00 0.000000e+00 0.000000e+00 0.000000e+00 0.000000e+00 0.000000e+00 0.000000e+00 0.000000e+00 0.000000e+00 0.000000e+00 0.000000e+00 0.000000e+00
-9.999000e+03 -9.999000e+03 -9.999000e+03 -9.999000e+03 -9.999000e+03 -9.999000e+03 -9.999000e+03 -9.999000e+03 -9.999000e+03 -9.999000e+03 4.201801e-03 2.948898e-10 1.648601e-20 0.000000e+00 0.000000e+00 0.000000e+00 0.000000e+00 1.401298e-45 0.000000e+00 1.529336e-38 1.401298e-45 2.802597e-45 5.605194e-45 7.006492e-45 0.000000e+00 0.000000e+00 0.000000e+00 0.000000e+00 0.000000e+00 0.000000e+00 0.000000e+00 0.000000e+00 0.000000e+00 0.000000e+00 0.000000e+00 0.000000e+00 0.000000e+00 0.000000e+00 0.000000e+00 0.000000e+00 0.000000e+00 0.000000e+00 0.000000e+00 0.000000e+00 0.000000e+00 0.000000e+00 0.000000e+00 0.000000e+00 0.000000e+00 0.000000e+00 0.000000e+00 2.802597e-45
-9.999000e+03 -9.999000e+03 -9.999000e+03 -9.999000e+03 -9.999000e+03 -9.999000e+03 -9.999000e+03 -9.999000e+03 -9.999000e+03 4.120419e-03 5.675452e-05 1.810383e-18 0.000000e+00 0.000000e+00 0.000000e+00 0.000000e+00 1.401298e-45 0.000000e+00 1.013197e-38 7.006492e-45 5.605194e-45 1.121039e-44 5.605194e-45 0.000000e+00 0.000000e+00 0.000000e+00 0.000000e+00 0.000000e+00 0.000000e+00 0.000000e+00 0.000000e+00 0.000000e+00 0.000000e+00 0.000000e+00 0.000000e+00 0.000000e+00 0.000000e+00 0.000000e+00 0.000000e+00 0.000000e+00 0.000000e+00 0.000000e+00 0.000000e+00 0.000000e+00 0.000000e+00 0.000000e+00 0.000000e+00 0.000000e+00 0.000000e+00 0.000000e+00 1.401298e-45 7.006492e-45
-9.999000e+03 -9.999000e+03 -9.999000e+03 -9.999000e+03 -9.999000e+03 -9.999000e+03 -9.999000e+03 -9.999000e+03 -9.999000e+03 3.279289e-03 7.627265e-10 0.000000e+00 0.000000e+00 0.000000e+00 0.000000e+00 1.401298e-45 0.000000e+00 3.222127e-39 3.783506e-44 2.802597e-44 7.987401e-44 5.605194e-45 0.000000e+00 0.000000e+00 0.000000e+00 0.000000e+00 0.000000e+00 0.000000e+00 0.000000e+00 0.000000e+00 0.000000e+00 0.000000e+00 0.000000e+00 0.000000e+00 0.000000e+00 0.000000e+00 0.000000e+00 0.000000e+00 0.000000e+00 0.000000e+00 0.000000e+00 0.000000e+00 0.000000e+00 0.000000e+00 0.000000e+00 0.000000e+00 1.401298e-45 4.203895e-45 7.006492e-45 1.261169e-44 3.986740e-13 1.211635e-15
-9.999000e+03 -9.999000e+03 -9.999000e+03 -9.999000e+03 -9.999000e+03 -9.999000e+03 -9.999000e+03 -9.999000e+03 6.116810e-03 8.726067e-05 2.906543e-26 0.000000e+00 0.000000e+00 0.000000e+00 0.000000e+00 1.401298e-45 8.919405e-41 1.387285e-43 1.471363e-43 2.268702e-42 7.006492e-45 0.000000e+00 0.000000e+00 0.000000e+00 0.000000e+00 4.237095e-31 3.492565e-29 2.109950e-27 1.841809e-25 3.910224e-23 2.177590e-21 1.575407e-20 7.068432e-20 2.626549e-19 1.013951e-18 4.214868e-18 1.494511e-17 2.698299e-17 2.153597e-18 1.936415e-20 4.801200e-24 3.240587e-30 5.259085e-35 1.265447e-33 2.345368e-32 2.433573e-31 2.152487e-30 1.930879e-29 1.518523e-28 9.022821e-11 1.209321e-42 1.196709e-42
-9.999000e+03 -9.999000e+03 -9.999000e+03 -9.999000e+03 -9.999000e+03 -9.999000e+03 -9.999000e+03 3.604356e-03 6.982737e-03 1.584718e-27 0.000000e+00 0.000000e+00 0.000000e+00 0.000000e+00 0.000000e+00 1.121039e-44 5.324934e-44 2.564376e-43 1.258338e-40 8.407791e-45 0.000000e+00 0.000000e+00 0.000000e+00 7.769665e-35 4.159796e-33 0.000000e+00 0.000000e+00 0.000000e+00 0.000000e+00 0.000000e+00 1.401298e-45 2.802597e-45 2.802597e-45 2.802597e-45 1.401298e-45 1.401298e-45 4.203895e-45 9.809089e-45 2.101948e-44 2.242078e-44 2.522337e-44 3.503246e-44 5.184804e-44 7.286752e-44 8.828180e-44 8.127531e-44 9.388700e-44 1.485376e-43 6.131232e-09 1.307411e-42 1.258366e-42 1.188301e-42
-9.999000e+03 -9.999000e+03 -9.999000e+03 -9.999000e+03 -9.999000e+03 -9.999000e+03 -9.999000e+03 4.442070e-03 0.000000e+00 1.328092e-28 0.000000e+00 0.000000e+00 0.000000e+00 0.000000e+00 1.401298e-45 7.006492e-45 4.904545e-44 3.693362e-39 4.203895e-45 4.203895e-45 6.098451e-42 3.567824e-39 1.065890e-36 0.000000e+00 0.000000e+00 0.000000e+00 0.000000e+00 0.000000e+00 0.000000e+00 0.000000e+00 0.000000e+00 0.000000e+00 0.000000e+00 0.000000e+00 0.000000e+00 1.401298e-45 7.912773e-15 1.305969e-13 1.557253e-12 1.234793e-11 1.059141e-10 1.174904e-09 1.029670e-11 2.035345e-12 4.395752e-13 8.572653e-05 8.123244e-07 1.190938e-07 6.151700e-43 1.018744e-42 1.157473e-42 1.419515e-42
-9.999000e+03 -9.999000e+03 -9.999000e+03 -9.999000e+03 -9.999000e+03 -9.999000e+03 -9.999000e+03 0.000000e+00 7.595469e-20 0.000000e+00 0.000000e+00 0.000000e+00 0.000000e+00 0.000000e+00 0.000000e+00 7.006492e-45 4.073271e-38 0.000000e+00 1.401298e-45 1.401298e-45 1.401298e-45 1.401298e-45 0.000000e+00 0.000000e+00 0.000000e+00 0.000000e+00 0.000000e+00 0.000000e+00 0.000000e+00 0.000000e+00 0.000000e+00 0.000000e+00 0.000000e+00 2.543537e-18 3.740380e-17 4.833575e-16 1.107026e-43 5.465064e-44 2.662467e-44 1.401298e-44 8.407791e-45 1.121039e-44 9.809089e-45 6.486611e-42 1.879850e-39 4.221709e-37 4.203895e-44 9.108440e-44 2.158000e-43 5.437038e-43 1.228939e-42 1.394292e-42
