tests/data/reference/test_implicit_stream_rill_mfda/control/volrest_m3.asc
ncols	123
nrows	77
xllcorner	-713746.79929998
yllcorner	-1061022.36961616
cellsize	10.0
NODATA_value	-9999
[rows 23 to 45 of 77, columns 0 to 51 of 123]
-9.999000e+03 -9.999000e+03 -9.999000e+03 -9.999000e+03 -9.999000e+03 -9.999000e+03 -9.999000e+03 -9.999000e+03 -9.999000e+03 -9.999000e+03 -9.999000e+03 -9.999000e+03 -9.999000e+03 -9.999000e+03 3.251012e-43 1.423891e-30 8.596998e-28 4.326712e-39 3.783506e-44 1.784048e-36 2.704506e-42 1.627714e-03 1.827348e-39 2.882676e-05 6.804245e-16 9.627978e-23 2.672847e-18 4.814410e-28 9.758643e-42 3.217281e-29 0.000000e+00 0.000000e+00 0.000000e+00 7.110198e-39 6.844098e-31 1.156783e-33 1.329644e-22 0.000000e+00 4.710546e-31 1.896478e-35 6.985840e-36 1.668293e-36 3.088349e-35 1.406827e-36 1.259534e-36 7.887447e-39 7.744536e-38 2.088331e-34 8.232348e-41 4.203895e-45 0.000000e+00 0.000000e+00
-9.999000e+03 -9.999000e+03 -9.999000e+03 -9.999000e+03 -9.999000e+03 -9.999000e+03 -9.999000e+03 -9.999000e+03 -9.999000e+03 -9.999000e+03 -9.999000e+03 -9.999000e+03 -9.999000e+03 -9.999000e+03 7.001107e-31 2.868284e-08 3.021867e-21 2.075743e-41 6.726233e-44 0.000000e+00 1.883358e-03 3.222783e-03 0.000000e+00 7.558604e-42 1.393152e-09 3.974626e-21 9.650808e-17 4.610889e-26 1.523855e-37 0.000000e+00 1.056407e-29 0.000000e+00 0.000000e+00 4.203895e-44 1.105475e-28 6.647594e-34 1.455439e-21 0.000000e+00 3.758136e-30 3.593686e-35 2.091140e-35 8.074963e-36 3.755156e-35 5.161902e-36 4.716591e-36 2.587621e-37 1.432263e-36 1.560881e-34 9.491891e-40 1.695571e-43 0.000000e+00 2.802597e-45
-9.999000e+03 -9.999000e+03 -9.999000e+03 -9.999000e+03 -9.999000e+03 -9.999000e+03 -9.999000e+03 -9.999000e+03 -9.999000e+03 -9.999000e+03 -9.999000e+03 -9.999000e+03 -9.999000e+03 -9.999000e+03 1.701864e-05 1.326925e-35 5.605194e-45 7.006492e-45 9.809089e-45 1.443337e-43 1.567783e-03 3.583876e-05 8.634975e-05 2.101948e-44 5.567359e-42 4.770288e-17 3.055920e-14 1.168706e-24 4.668113e-35 0.000000e+00 1.401298e-45 2.747238e-28 5.885454e-44 7.006492e-44 3.744269e-42 2.316566e-26 0.000000e+00 9.617651e-21 0.000000e+00 1.157258e-28 6.426549e-35 3.057979e-35 6.690828e-35 1.822286e-35 1.578420e-35 3.031949e-36 4.986529e-36 1.160769e-34 6.764246e-39 3.525667e-42 0.000000e+00 0.000000e+00
-9.999000e+03 -9.999000e+03 -9.999000e+03 -9.999000e+03 -9.999000e+03 -9.999000e+03 -9.999000e+03 -9.999000e+03 -9.999000e+03 -9.999000e+03 -9.999000e+03 -9.999000e+03 0.000000e+00 3.783506e-44 4.714944e-23 5.969167e-40 4.203895e-45 1.498794e-39 2.569981e-42 1.704261e-03 3.045740e-05 2.865985e-05 2.128751e-09 9.430409e-09 2.421864e-41 5.014042e-40 9.870794e-12 4.738392e-23 3.639787e-33 1.401298e-45 0.000000e+00 9.514817e-43 1.209009e-27 1.317375e-40 1.289053e-39 1.183705e-40 2.312957e-28 0.000000e+00 5.720906e-20 0.000000e+00 1.207029e-30 9.917196e-35 1.468840e-34 6.167276e-35 4.566722e-35 1.148820e-35 1.324550e-35 8.118593e-35 9.789736e-38 4.238367e-41 0.000000e+00 0.000000e+00
-9.999000e+03 -9.999000e+03 -9.999000e+03 -9.999000e+03 -9.999000e+03 -9.999000e+03 -9.999000e+03 -9.999000e+03 -9.999000e+03 -9.999000e+03 -9.999000e+03 -9.999000e+03 -9.999000e+03 1.401298e-45 2.237336e-39 9.147690e-40 1.889511e-41 2.408552e-41 2.340453e-03 4.411163e-05 9.653197e-10 2.272330e-17 1.336069e-09 1.297637e-16 1.295486e-15 6.864269e-16 2.369867e-13 3.950395e-09 2.917642e-21 4.875591e-31 2.886675e-42 2.802597e-45 1.064431e-39 9.669932e-27 1.001716e-36 2.655106e-36 1.551499e-36 2.471130e-28 0.000000e+00 2.005671e-19 3.040954e-31 2.992851e-34 3.787767e-34 1.939167e-34 1.256508e-34 3.276225e-35 2.403503e-35 6.313075e-35 1.153370e-36 3.829160e-40 1.401298e-45 0.000000e+00
-9.999000e+03 -9.999000e+03 -9.999000e+03 -9.999000e+03 -9.999000e+03 -9.999000e+03 -9.999000e+03 -9.999000e+03 -9.999000e+03 -9.999000e+03 -9.999000e+03 -9.999000e+03 -9.999000e+03 -9.999000e+03 -9.999000e+03 2.424246e-43 1.921816e-37 2.287318e-03 3.994322e-03 1.002621e-04 1.071456e-08 1.351028e-15 6.262431e-27 1.664461e-24 1.694075e-22 4.928562e-21 1.011899e-19 9.459124e-11 1.905983e-06 3.285971e-20 5.340419e-29 5.547766e-39 1.691367e-41 1.863973e-35 5.234222e-26 6.947485e-35 1.898459e-34 2.765103e-34 1.683695e-18 1.719393e-42 2.239494e-21 6.962272e-34 7.363680e-34 4.040983e-34 2.228620e-34 6.157109e-35 3.579995e-35 5.317721e-35 3.590363e-36 2.535826e-39 3.503246e-44 0.000000e+00
-9.999000e+03 -9.999000e+03 -9.999000e+03 -9.999000e+03 -9.999000e+03 -9.999000e+03 -9.999000e+03 -9.999000e+03 -9.999000e+03 -9.999000e+03 -9.999000e+03 -9.999000e+03 -9.999000e+03 -9.999000e+03 -9.999000e+03 -9.999000e+03 5.483281e-41 2.856456e-03 5.230367e-05 3.370421e-09 1.801423e-16 1.403318e-28 1.611951e-26 4.589445e-25 2.749679e-24 3.520013e-24 2.861397e-24 3.092511e-24 2.072174e-24 4.642863e-08 2.178485e-09 3.250557e-09 1.322659e-34 2.341396e-37 3.380419e-33 1.300032e-25 1.346635e-24 1.047593e-22 2.656233e-32 4.932242e-15 5.435090e-40 3.821117e-22 8.893049e-34 4.691730e-34 2.442730e-34 7.696777e-35 4.339487e-35 5.191715e-35 8.646146e-36 1.941971e-38 8.099505e-43 1.401298e-45
-9.999000e+03 -9.999000e+03 -9.999000e+03 -9.999000e+03 -9.999000e+03 -9.999000e+03 -9.999000e+03 -9.999000e+03 -9.999000e+03 -9.999000e+03 -9.999000e+03 -9.999000e+03 -9.999000e+03 -9.999000e+03 -9.999000e+03 -9.999000e+03 2.068717e-03 3.308263e-05 4.861632e-10 5.705834e-18 2.567652e-31 6.013353e-05 1.179788e-03 9.922972e-03 4.545242e-02 8.209822e-02 1.239238e-01 1.793638e-01 2.288876e-01 2.623289e-01 3.054091e-01 3.658059e-01 4.950536e-02 5.705163e-01 7.273328e-01 1.477775e-01 1.193080e-01 9.941234e-02 9.177508e-02 8.754432e-02 9.609000e-02 1.038310e-01 1.468741e-24 9.652386e-32 2.858128e-32 1.797255e-34 9.116300e-35 8.076498e-35 2.278437e-35 6.187459e-37 1.827994e-41 6.305843e-44
-9.999000e+03 -9.999000e+03 -9.999000e+03 -9.999000e+03 -9.999000e+03 -9.999000e+03 -9.999000e+03 -9.999000e+03 -9.999000e+03 -9.999000e+03 -9.999000e+03 -9.999000e+03 -9.999000e+03 -9.999000e+03 -9.999000e+03 2.063712e-03 3.300408e-05 3.605485e-10 3.657564e-16 2.402700e-13 1.022093e-06 1.754898e-30 7.274012e-26 2.569358e-22 1.546645e-19 2.011302e-16 1.076142e-13 1.398226e-11 6.242218e-10 1.098816e-08 1.123591e-07 1.729593e-06 3.979009e-05 1.849644e-03 4.223640e-02 9.473912e-02 1.341269e-01 3.829634e-03 3.338431e-04 1.230006e-05 3.240477e-06 1.720879e-06 8.887325e-02 1.395718e-01 1.668422e-01 5.468391e-30 1.587645e-29 2.868451e-34 8.125765e-35 6.295048e-36 5.281410e-40 4.555621e-42
-9.999000e+03 -9.999000e+03 -9.999000e+03 -9.999000e+03 -9.999000e+03 -9.999000e+03 -9.999000e+03 -9.999000e+03 -9.999000e+03 -9.999000e+03 -9.999000e+03 -9.999000e+03 -9.999000e+03 -9.999000e+03 2.449806e-03 4.423847e-03 1.095764e-04 8.588934e-09 2.692947e-34 2.733397e-09 4.679122e-33 1.273259e-32 3.875926e-32 1.659817e-30 4.127866e-27 1.986315e-32 1.006522e-31 5.280928e-35 4.260587e-35 6.834495e-33 2.965951e-31 1.944366e-22 2.416244e-18 2.570500e-14 1.713617e-11 2.041479e-09 2.875464e-42 5.081248e-41 2.301732e-34 5.190139e-36 4.567250e-38 2.480644e-38 2.241431e-32 6.345851e-29 1.664988e-25 1.352415e-01 1.761702e-01 2.048154e-01 1.760874e-31 7.758467e-30 1.635958e-37 7.150518e-40
-9.999000e+03 -9.999000e+03 -9.999000e+03 -9.999000e+03 -9.999000e+03 -9.999000e+03 -9.999000e+03 -9.999000e+03 -9.999000e+03 -9.999000e+03 -9.999000e+03 -9.999000e+03 -9.999000e+03 -9.999000e+03 2.160979e-03 3.455940e-05 1.077828e-32 7.736853e-35 9.266177e-10 3.981098e-38 2.322655e-36 2.099884e-35 2.927554e-32 6.164428e-35 1.443294e-35 6.510203e-34 6.211225e-35 2.612301e-35 5.891080e-33 1.323473e-30 1.836459e-28 4.899208e-39 3.750226e-36 2.600995e-35 3.457696e-29 0.000000e+00 2.802597e-45 9.093984e-38 9.372108e-40 3.184591e-41 1.381400e-41 3.736801e-36 2.248089e-40 1.880458e-40 1.208527e-39 5.708617e-35 3.932797e-32 4.466337e-29 1.757050e-01 2.053424e-01 2.871565e-01 2.091922e-31
-9.999000e+03 -9.999000e+03 -9.999000e+03 -9.999000e+03 -9.999000e+03 -9.999000e+03 -9.999000e+03 -9.999000e+03 -9.999000e+03 -9.999000e+03 -9.999000e+03 -9.999000e+03 -9.999000e+03 4.897967e-03 3.862985e-04 9.708410e-30 1.625227e-34 2.347248e-10 3.567117e-40 8.072995e-39 3.490513e-36 1.894297e-35 4.550331e-35 5.154487e-36 3.023297e-33 5.743143e-35 3.906840e-35 1.773635e-35 1.003892e-35 1.958988e-38 1.445131e-40 4.006771e-38 3.464156e-36 2.645451e-31 0.000000e+00 0.000000e+00 4.044994e-39 6.790272e-41 2.006659e-42 1.010336e-42 1.743818e-39 2.550363e-43 1.471363e-43 3.810131e-42 3.426175e-42 8.828180e-44 4.063766e-43 4.722376e-43 1.161676e-42 3.308193e-37 1.527461e-32 2.399097e-01
-9.999000e+03 -9.999000e+03 -9.999000e+03 -9.999000e+03 -9.999000e+03 -9.999000e+03 -9.999000e+03 -9.999000e+03 -9.999000e+03 -9.999000e+03 -9.999000e+03 -9.999000e+03 2.546451e-03 8.059699e-03 2.138760e-16 1.322928e-33 1.141002e-10 6.919612e-42 2.085440e-40 3.965339e-38 3.082317e-36 1.732814e-35 8.719421e-37 3.406327e-32 5.260889e-35 4.582362e-35 3.413809e-35 1.868775e-35 3.177353e-39 6.452979e-42 2.104408e-39 5.761453e-37 3.565228e-33 1.401298e-45 0.000000e+00 6.087269e-40 3.633567e-42 6.726233e-44 3.783506e-44 4.908020e-40 1.121039e-44 7.006492e-45 5.605194e-45 4.203895e-45 0.000000e+00 1.401298e-45 1.401298e-45 1.401298e-45 5.605194e-45 1.541428e-44 2.970838e-33 1.773374e-30
-9.999000e+03 -9.999000e+03 -9.999000e+03 -9.999000e+03 -9.999000e+03 -9.999000e+03 -9.999000e+03 -9.999000e+03 -9.999000e+03 -9.999000e+03 -9.999000e+03 -9.999000e+03 5.556977e-03 6.365869e-09 8.526655e-33 6.566456e-11 7.707142e-44 4.638298e-42 1.535408e-39 1.410155e-37 3.909807e-36 4.927809e-39 6.741370e-31 3.539379e-35 4.030648e-35 4.554653e-35 4.268247e-35 7.209877e-40 3.124896e-43 3.538082e-40 1.502986e-37 5.213219e-35 0.000000e+00 0.000000e+00 8.707809e-41 1.485376e-43 1.401298e-45 1.401298e-45 1.466137e-40 0.000000e+00 0.000000e+00 0.000000e+00 0.000000e+00 0.000000e+00 0.000000e+00 0.000000e+00 0.000000e+00 0.000000e+00 0.000000e+00 1.174360e-35 3.222986e-44 9.668959e-44
-9.999000e+03 -9.999000e+03 -9.999000e+03 -9.999000e+03 -9.999000e+03 -9.999000e+03 -9.999000e+03 -9.999000e+03 -9.999000e+03 -9.999000e+03 -9.999000e+03 3.273026e-03 1.868617e-04 2.982177e-31 4.957453e-11 0.000000e+00 6.866362e-44 1.320724e-40 9.115169e-39 1.704466e-36 1.274257e-40 7.722291e-30 1.422177e-35 2.171939e-35 3.799259e-35 5.723311e-35 9.614729e-41 9.809089e-45 4.478970e-41 4.365582e-38 4.026211e-41 9.196457e-39 0.000000e+00 1.142759e-41 2.802597e-45 0.000000e+00 0.000000e+00 2.978039e-41 0.000000e+00 0.000000e+00 0.000000e+00 0.000000e+00 0.000000e+00 0.000000e+00 0.000000e+00 0.000000e+00 0.000000e+00 0.000000e+00 1.938007e-39 0.000000e+00 0.000000e+00 0.000000e+00
-9.999000e+03 -9.999000e+03 -9.999000e+03 -9.999000e+03 -9.999000e+03 -9.999000e+03 -9.999000e+03 -9.999000e+03 -9.999000e+03 -9.999000e+03 3.632193e-03 7.535424e-03 2.519368e-17 4.769031e-11 0.000000e+00 0.000000e+00 1.372011e-41 3.588545e-39 1.974899e-36 3.158527e-42 3.381832e-29 9.102528e-36 1.446008e-35 2.970838e-35 5.107617e-35 3.147316e-42 0.000000e+00 2.057106e-42 3.942266e-39 3.382734e-42 3.332288e-42 2.605014e-42 1.848313e-42 0.000000e+00 0.000000e+00 0.000000e+00 1.888950e-42 0.000000e+00 0.000000e+00 0.000000e+00 0.000000e+00 0.000000e+00 0.000000e+00 0.000000e+00 1.821688e-44 6.221765e-43 1.416993e-41 2.169616e-40 0.000000e+00 0.000000e+00 0.000000e+00 0.000000e+00
-9.999000e+03 -9.999000e+03 -9.999000e+03 -9.999000e+03 -9.999000e+03 -9.999000e+03 -9.999000e+03 -9.999000e+03 -9.999000e+03 -9.999000e+03 4.324384e-03 2.323290e-09 2.030547e-11 9.809089e-45 0.000000e+00 1.526014e-42 2.125239e-39 4.939645e-36 6.165713e-44 5.687467e-29 1.248713e-35 1.575333e-35 3.196219e-35 4.115999e-35 4.344025e-44 0.000000e+00 2.802597e-44 2.347469e-40 4.484155e-44 9.108440e-44 1.163078e-43 1.107026e-43 0.000000e+00 0.000000e+00 0.000000e+00 1.681558e-44 0.000000e+00 0.000000e+00 4.764415e-44 3.040818e-42 0.000000e+00 0.000000e+00 0.000000e+00 0.000000e+00 3.082857e-44 1.207919e-42 2.798113e-41 3.827451e-40 4.576058e-39 2.881552e-37 4.744035e-36 1.753718e-35
-9.999000e+03 -9.999000e+03 -9.999000e+03 -9.999000e+03 -9.999000e+03 -9.999000e+03 -9.999000e+03 -9.999000e+03 -9.999000e+03 4.240507e-03 1.203098e-04 6.303962e-12 1.695711e-41 0.000000e+00 1.821688e-44 5.417490e-40 1.443306e-35 0.000000e+00 3.852181e-29 4.393810e-35 3.545190e-35 6.540344e-35 3.636598e-35 0.000000e+00 0.000000e+00 0.000000e+00 6.025583e-42 0.000000e+00 0.000000e+00 1.401298e-45 1.401298e-45 0.000000e+00 0.000000e+00 1.401298e-44 6.572090e-43 4.089690e-41 1.956773e-39 2.806537e-37 0.000000e+00 0.000000e+00 1.388687e-41 0.000000e+00 0.000000e+00 3.643376e-44 2.258893e-42 7.293618e-41 1.156039e-39 9.170478e-39 2.811908e-37 3.409667e-36 1.529859e-35 5.227112e-35
-9.999000e+03 -9.999000e+03 -9.999000e+03 -9.999000e+03 -9.999000e+03 -9.999000e+03 -9.999000e+03 -9.999000e+03 -9.999000e+03 3.373719e-03 6.012505e-09 1.721126e-36 3.363116e-44 0.000000e+00 8.138741e-42 7.828172e-36 0.000000e+00 1.133905e-29 2.622333e-34 1.661521e-34 4.165683e-34 3.924314e-35 0.000000e+00 0.000000e+00 0.000000e+00 5.885454e-44 0.000000e+00 0.000000e+00 0.000000e+00 0.000000e+00 0.000000e+00 0.000000e+00 2.942727e-44 8.491869e-43 1.823650e-41 3.897964e-40 7.105383e-39 0.000000e+00 2.481773e-36 0.000000e+00 0.000000e+00 6.436304e-41 4.528660e-40 4.499400e-39 1.437502e-37 2.519049e-36 9.724616e-36 2.445993e-35 4.884349e-35 8.146393e-35 6.218092e-06 1.015883e-06
-9.999000e+03 -9.999000e+03 -9.999000e+03 -9.999000e+03 -9.999000e+03 -9.999000e+03 -9.999000e+03 -9.999000e+03 6.293948e-03 1.850458e-04 1.226026e-16 8.829918e-40 0.000000e+00 2.242078e-44 1.597812e-37 8.779668e-36 3.175283e-31 9.672721e-34 9.860632e-34 6.556022e-33 4.727288e-35 0.000000e+00 5.465064e-44 3.712040e-42 1.658142e-40 1.409838e-21 1.249291e-19 7.567905e-18 6.685915e-16 1.482307e-13 7.041907e-12 1.925554e-11 4.102466e-11 8.035392e-11 2.708423e-10 1.159810e-09 3.616332e-09 4.952682e-09 5.617867e-10 8.070279e-12 7.351497e-15 3.613779e-20 1.661718e-25 4.559420e-24 8.253260e-23 8.884684e-22 8.215298e-21 7.675303e-20 6.215440e-19 2.864358e-05 4.723467e-33 4.704296e-33
-9.999000e+03 -9.999000e+03 -9.999000e+03 -9.999000e+03 -9.999000e+03 -9.999000e+03 -9.999000e+03 3.708673e-03 7.187113e-03 6.461334e-18 4.203895e-45 3.318275e-42 0.000000e+00 1.165627e-39 1.326519e-37 7.622557e-35 3.534833e-34 1.679619e-33 3.373486e-31 5.596897e-35 0.000000e+00 0.000000e+00 0.000000e+00 2.802604e-25 1.452714e-23 2.714357e-40 5.044674e-44 7.627268e-42 6.764222e-40 3.137564e-37 9.940604e-36 2.043995e-35 2.024817e-35 1.481361e-35 1.051960e-35 1.233507e-35 2.171348e-35 6.401039e-35 1.317927e-34 1.439363e-34 1.569402e-34 2.283223e-34 3.154390e-34 4.647055e-34 5.526779e-34 5.183847e-34 5.753885e-34 9.525131e-34 9.616336e-05 4.860696e-33 4.816824e-33 4.694091e-33
-9.999000e+03 -9.999000e+03 -9.999000e+03 -9.999000e+03 -9.999000e+03 -9.999000e+03 -9.999000e+03 4.572030e-03 0.000000e+00 5.348871e-19 0.000000e+00 5.605194e-45 4.596259e-42 6.816448e-40 5.837462e-36 4.298487e-35 3.111352e-34 1.064483e-29 3.161350e-35 2.527267e-35 2.041191e-32 1.206059e-29 3.737558e-27 5.340348e-42 4.674732e-42 0.000000e+00 0.000000e+00 0.000000e+00 4.484155e-44 1.142339e-41 5.944336e-40 5.455022e-39 7.461089e-38 1.067972e-36 3.937529e-36 1.209104e-35 8.125823e-08 3.317570e-07 1.195539e-06 3.303607e-06 9.871627e-06 3.324002e-05 5.748021e-07 4.139550e-07 1.275569e-06 2.304019e-02 4.474385e-04 2.220799e-04 3.412862e-33 4.312428e-33 4.630215e-33 4.959875e-33
-9.999000e+03 -9.999000e+03 -9.999000e+03 -9.999000e+03 -9.999000e+03 -9.999000e+03 -9.999000e+03 7.006492e-45 6.507543e-18 2.441467e-39 0.000000e+00 8.407791e-45 2.613422e-42 1.614616e-38 2.149077e-36 3.987049e-35 1.448042e-28 2.420456e-36 1.046638e-35 1.271895e-35 1.033268e-35 1.005018e-35 3.783506e-44 5.324934e-44 0.000000e+00 0.000000e+00 0.000000e+00 2.522337e-44 3.868985e-42 2.977339e-40 8.632374e-39 5.589539e-37 4.561396e-36 6.730433e-10 5.426399e-09 1.995866e-08 7.492085e-34 3.679126e-34 1.776603e-34 8.598823e-35 5.605149e-35 6.989794e-35 6.260376e-35 2.030065e-32 6.037025e-30 1.335918e-27 2.780671e-34 5.881682e-34 1.324073e-33 3.145439e-33 4.725971e-33 4.974705e-33
