tests/data/reference/test_implicit_stream_rill_mfda/control/volrest_m3.asc
ncols	123
nrows	77
xllcorner	-713746.79929998
yllcorner	-1061022.36961616
cellsize	10.0
NODATA_value	-9999
[rows 46 to 68 of 77, columns 52 to 103 of 123]
2.329702e-22 5.071383e-24 5.660368e-24 3.580692e-24 2.635214e-24 2.654002e-28 2.604288e-28 2.423214e-28 2.398051e-28 9.576860e-25 1.926723e-27 9.816764e-09 5.261292e-23 1.204317e-27 1.225029e-28 1.170196e-28 3.253039e-26 6.324402e-29 5.246265e-29 4.925667e-29 4.191544e-29 2.988527e-29 2.880577e-29 3.967480e-29 1.690560e-24 -9.999000e+03 1.994196e-28 1.193462e-30 7.112813e-29 1.842492e-27 4.592630e-26 -9.999000e+03 -9.999000e+03 -9.999000e+03 5.492467e-22 5.650693e-23 2.636383e-23 2.381283e-31 2.101438e-31 2.053947e-31 2.093834e-31 2.208350e-31 2.388193e-31 2.799093e-31 3.345694e-31 3.834310e-31 4.329564e-31 6.538469e-26 1.769275e-23 2.712254e-23 1.046421e-23 1.735160e-23
9.424238e-25 1.630034e-24 1.869132e-24 1.374602e-24 2.496668e-29 2.535322e-29 2.431212e-29 2.089759e-29 4.214973e-25 2.971518e-28 4.170593e-09 1.029871e-22 1.925790e-28 1.366115e-29 1.402583e-29 1.373715e-26 1.185729e-29 7.475508e-30 6.006990e-30 5.555430e-30 4.565265e-30 3.508122e-30 3.105385e-30 8.194924e-25 1.811563e-31 -9.999000e+03 2.827112e-28 4.830800e-29 5.014109e-28 5.218824e-27 5.982065e-26 7.683018e-25 3.719877e-23 -9.999000e+03 -9.999000e+03 2.057393e-22 6.435502e-23 2.846291e-31 2.223765e-31 2.083748e-31 2.123366e-31 2.271939e-31 2.398160e-31 2.553829e-31 2.794842e-31 3.067862e-31 3.461794e-31 1.887245e-25 1.649738e-23 2.142306e-23 1.028309e-23 1.252217e-23
1.847086e-25 3.457968e-25 4.335659e-25 1.018300e-30 9.074387e-31 9.250294e-31 9.014365e-31 1.632768e-25 2.469030e-29 1.061667e-09 1.826424e-22 1.550111e-29 5.058745e-31 5.557128e-31 2.445811e-27 6.198440e-31 5.146717e-31 4.022014e-31 3.362187e-31 3.199950e-31 2.650434e-31 2.169531e-31 5.184166e-25 3.210515e-30 3.162116e-29 -9.999000e+03 1.365722e-24 6.858901e-27 8.822869e-26 6.692473e-25 7.153443e-24 6.583669e-23 1.225771e-21 1.971485e-29 -9.999000e+03 1.271998e-20 1.960923e-22 3.655224e-31 2.447241e-31 2.160230e-31 2.145751e-31 2.314229e-31 2.407822e-31 2.462318e-31 2.475030e-31 2.518572e-31 2.769852e-31 4.110229e-25 1.404533e-23 1.581110e-23 1.007954e-23 1.104652e-23
2.506882e-26 4.310228e-26 1.346278e-30 4.338017e-29 6.050825e-28 5.981098e-27 4.198701e-26 9.982792e-31 2.300073e-10 2.100800e-22 7.031476e-31 5.744788e-31 1.542601e-29 2.442642e-28 6.169522e-31 1.831234e-29 2.333723e-28 1.629239e-27 8.325277e-27 3.972411e-26 1.414760e-25 3.872718e-25 2.306860e-31 1.699062e-31 1.354468e-23 -9.999000e+03 2.518445e-27 9.446312e-30 5.855428e-28 7.822045e-27 8.085874e-26 8.700199e-25 2.053550e-23 2.424438e-20 -9.999000e+03 -9.999000e+03 4.230775e-22 4.457914e-31 2.989276e-31 2.325484e-31 2.200790e-31 2.318041e-31 2.382416e-31 2.389793e-31 2.323598e-31 2.290524e-31 2.404826e-31 7.663942e-25 1.154383e-23 1.256717e-23 1.010929e-23 1.187483e-23
2.759313e-27 3.536970e-16 3.449004e-15 2.618895e-14 1.645193e-13 8.644982e-13 4.718389e-12 3.738129e-11 1.661042e-22 8.408278e-31 2.314138e-29 2.902927e-28 2.454051e-27 1.619412e-26 8.888316e-26 3.518581e-25 9.538143e-25 1.960443e-24 3.623109e-24 9.129822e-24 1.426007e-23 2.177108e-23 2.435292e-23 2.001489e-23 1.788446e-19 -9.999000e+03 4.100349e-31 1.663163e-31 1.196973e-29 2.327431e-28 2.864931e-27 3.357351e-26 5.081816e-25 2.174945e-21 3.740322e-19 -9.999000e+03 1.681054e-20 4.976324e-31 3.551122e-31 2.523161e-31 2.313884e-31 2.348993e-31 2.365015e-31 2.360364e-31 5.182494e-30 4.769095e-30 2.194982e-31 1.263548e-24 9.419374e-24 1.038434e-23 1.018083e-23 1.317071e-23
2.903998e-17 1.388910e-23 7.064808e-22 7.614029e-21 1.311851e-19 6.931828e-18 1.261224e-16 6.936775e-23 1.981220e-23 3.562631e-23 5.145326e-23 6.307185e-23 7.190151e-23 7.371506e-23 6.949393e-23 6.072937e-23 1.741443e-21 5.884042e-21 1.448610e-20 3.281919e-20 7.825392e-20 1.951568e-19 3.395091e-19 3.360207e-19 1.373738e-24 -9.999000e+03 1.797719e-31 3.077464e-30 2.744020e-29 7.219986e-28 8.616000e-27 8.484707e-26 1.071103e-24 3.428831e-23 1.433293e-19 -9.999000e+03 -9.999000e+03 3.609868e-30 3.876406e-31 2.811131e-31 2.440049e-31 2.406082e-31 2.357183e-31 2.352504e-31 6.017036e-29 5.555367e-29 2.042484e-31 1.807044e-24 8.114686e-24 9.238953e-24 1.011674e-23 1.373238e-23
2.892217e-24 3.059183e-24 6.369375e-31 2.079885e-23 1.282548e-20 2.288088e-22 2.005235e-23 4.453119e-24 3.959971e-23 5.627246e-23 7.472905e-23 1.019347e-22 1.193209e-22 1.286014e-22 1.221165e-22 1.107206e-22 4.815357e-31 9.245417e-30 9.323096e-29 6.736738e-28 4.659481e-27 4.333165e-26 2.541212e-25 8.004223e-25 2.750011e-31 -9.999000e+03 7.334633e-31 1.086560e-29 8.896300e-29 4.935081e-28 1.018531e-26 1.224944e-25 1.416858e-24 3.273827e-23 6.723180e-22 6.468747e-18 -9.999000e+03 2.005695e-28 3.875363e-31 3.112029e-31 2.734786e-31 2.646318e-31 2.476463e-31 5.569721e-30 5.039361e-28 4.494523e-28 3.992786e-30 2.595546e-24 7.326103e-24 8.680196e-24 1.035972e-23 1.399612e-23
8.911207e-25 8.129444e-25 3.050687e-24 1.462695e-21 1.210822e-22 3.639120e-24 9.263172e-25 1.397253e-23 9.182001e-23 6.976721e-22 3.301971e-21 1.738346e-20 8.456607e-20 3.198921e-19 8.788407e-19 1.699913e-18 1.848199e-18 1.044907e-18 3.297477e-19 4.714144e-20 4.239932e-21 5.597939e-22 3.481217e-21 1.052084e-20 2.260648e-20 -9.999000e+03 3.519925e-23 2.694289e-25 7.937749e-26 4.817592e-26 5.578119e-26 5.741508e-25 6.494387e-24 5.221312e-23 3.651879e-22 8.689644e-17 -9.999000e+03 -9.999000e+03 1.616489e-30 3.271459e-31 3.292890e-31 3.381225e-31 6.994058e-30 7.002273e-29 3.202816e-27 2.698460e-27 4.931717e-29 3.473586e-24 7.058569e-24 8.480159e-24 1.100840e-23 1.409800e-23
2.191385e-25 8.914720e-24 1.024757e-22 4.826404e-23 7.775229e-25 1.922097e-25 2.816408e-24 5.067740e-23 1.540093e-24 5.165157e-23 5.135774e-23 5.952729e-23 8.860555e-23 1.489245e-22 2.163127e-22 2.245254e-22 2.159493e-22 1.362038e-22 7.765083e-23 4.227248e-23 2.985222e-23 5.105982e-23 6.044832e-31 3.700680e-31 6.033216e-30 -9.999000e+03 1.356896e-30 1.467277e-29 1.063962e-28 -1.310360e-29 5.288298e-29 2.586643e-26 6.438164e-25 9.486919e-24 3.217088e-23 8.486788e-16 2.629535e-30 -9.999000e+03 1.278322e-30 1.386705e-30 3.113706e-31 3.244850e-31 8.703507e-29 5.737825e-28 1.449909e-26 1.248509e-26 3.702134e-28 6.159030e-24 7.970971e-24 8.965098e-24 1.169116e-23 1.427154e-23
3.163295e-24 1.306598e-25 1.788441e-23 9.064415e-26 2.652084e-26 6.321183e-25 1.951544e-23 4.256007e-25 5.090858e-23 4.683214e-31 7.612135e-23 8.804771e-22 8.616794e-21 1.545417e-19 2.363877e-18 2.250960e-17 1.424503e-16 7.011490e-16 2.997989e-15 9.830922e-15 4.419872e-14 3.591566e-13 1.858859e-12 4.104309e-12 -9.999000e+03 -9.999000e+03 2.535958e-22 3.501480e-29 1.919418e-29 1.173524e-28 6.910425e-28 3.654077e-27 1.697156e-26 2.976803e-25 4.547359e-24 1.748527e-19 9.543069e-15 -9.999000e+03 9.534841e-31 1.095071e-30 2.433972e-31 5.822919e-30 5.493663e-28 2.916913e-27 5.179474e-26 4.643539e-26 2.081349e-27 1.018560e-23 1.026646e-23 1.031227e-23 1.231502e-23 1.459843e-23
2.974200e-26 1.294749e-23 8.202654e-27 2.110382e-27 1.043276e-25 5.032154e-24 8.366637e-26 3.250709e-23 2.395136e-25 1.021163e-23 1.879503e-25 1.577574e-25 5.674376e-24 2.809167e-23 8.327390e-25 3.622938e-23 2.655322e-22 1.330533e-21 4.624597e-21 1.305554e-20 3.685990e-20 1.209757e-19 2.469470e-19 2.366155e-19 -9.999000e+03 1.829082e-24 1.876854e-29 9.977886e-30 5.785166e-29 3.448172e-28 1.663577e-27 7.050875e-27 2.666992e-26 9.035761e-26 1.766772e-24 9.370891e-22 3.594922e-16 -9.999000e+03 -9.999000e+03 6.738770e-31 1.734288e-29 5.080160e-29 2.484469e-27 1.149456e-26 1.572642e-25 1.467247e-25 1.013795e-26 1.416082e-23 1.364330e-23 1.312951e-23 1.431198e-23 1.736032e-23
1.217085e-23 9.787167e-28 1.557516e-28 1.215528e-26 1.120562e-24 1.320475e-26 2.050996e-23 5.393800e-26 5.096031e-26 4.968769e-26 4.461940e-26 3.452978e-26 1.756070e-23 1.649631e-25 1.942717e-25 1.656700e-23 8.950629e-23 7.717434e-22 1.421290e-23 9.141677e-23 7.469563e-19 6.504157e-18 2.918159e-17 8.503891e-17 -9.999000e+03 8.358783e-22 9.991346e-27 1.195846e-29 7.642770e-29 4.740138e-28 2.287330e-27 7.956144e-27 2.661603e-26 8.353637e-26 1.267585e-24 2.091746e-23 3.766208e-22 2.256366e-17 -9.999000e+03 1.169296e-29 1.823917e-28 2.470175e-28 8.465715e-27 3.723028e-26 4.165542e-25 4.150203e-25 3.920510e-26 2.026545e-23 2.037747e-23 2.021232e-23 2.174803e-23 2.508224e-23
9.028245e-29 1.117181e-29 1.723175e-27 2.823368e-25 1.720341e-27 1.143655e-23 1.164874e-26 1.062317e-26 9.627979e-27 9.343893e-27 8.148537e-27 1.982104e-23 3.017501e-26 3.602938e-26 1.379973e-23 1.233505e-25 1.072287e-25 5.547631e-24 2.179817e-25 5.307098e-24 4.420434e-23 2.188113e-22 8.797586e-22 2.719565e-21 -9.999000e+03 1.609196e-26 3.695753e-30 1.343349e-29 9.461689e-29 6.131702e-28 7.410982e-29 4.597092e-29 2.397757e-29 1.485976e-29 1.120075e-29 1.985421e-29 1.641647e-29 2.330491e-18 -9.999000e+03 -9.999000e+03 1.800668e-27 5.004943e-27 2.747849e-26 1.114158e-25 9.710422e-25 1.050083e-24 1.369911e-25 2.772732e-23 2.904704e-23 2.983616e-23 3.101182e-23 3.668926e-23
3.154974e-31 1.988183e-28 8.879113e-26 2.245640e-28 3.826759e-24 1.824072e-27 1.869606e-27 1.740993e-27 1.577778e-27 1.423401e-27 2.731166e-23 7.041443e-27 6.740017e-27 1.294472e-23 3.060942e-26 2.823479e-26 5.348338e-24 7.329503e-26 5.884835e-26 5.089013e-26 6.120972e-25 4.161573e-24 8.227024e-26 7.499701e-26 -9.999000e+03 5.274892e-29 1.078984e-29 6.230126e-31 5.226545e-30 1.005827e-28 2.188485e-28 5.378595e-30 4.377414e-30 1.459253e-29 1.326864e-29 3.642083e-31 7.954189e-31 3.069879e-30 3.140538e-18 -9.999000e+03 -9.999000e+03 5.295432e-26 4.452233e-25 3.345846e-25 2.314731e-24 2.647640e-24 4.557605e-25 4.244173e-23 4.547862e-23 4.666660e-23 4.504999e-23 4.856498e-23
8.649790e-30 1.479823e-26 2.629497e-29 1.938569e-24 2.252644e-28 2.210937e-28 2.237074e-28 2.215510e-28 2.007137e-28 4.356638e-23 1.262150e-27 1.197475e-27 1.596487e-23 6.343312e-27 5.772915e-27 6.568869e-24 2.106975e-26 1.737018e-26 1.442165e-26 2.662967e-27 1.957491e-31 1.945649e-31 3.450435e-28 1.379342e-31 -9.999000e+03 1.258749e-31 2.459485e-30 1.714222e-28 3.531274e-27 3.104115e-29 2.722014e-30 2.079251e-30 1.786284e-30 1.618003e-30 1.375839e-30 1.054318e-30 1.114276e-30 5.364981e-29 3.770242e-27 9.596977e-18 -9.999000e+03 -9.999000e+03 7.520757e-24 1.006005e-24 6.992603e-24 8.170770e-24 1.396198e-24 5.643453e-23 5.925297e-23 6.258621e-23 6.127290e-23 6.641267e-23
1.312570e-27 8.676306e-31 9.038016e-25 2.532929e-29 1.866732e-29 1.625621e-29 1.645471e-29 1.825190e-29 8.262551e-23 1.867049e-28 1.523215e-28 2.602425e-23 1.214920e-27 9.782518e-28 1.015388e-23 4.589287e-27 3.875072e-27 3.396684e-27 4.789136e-28 2.022865e-31 4.011167e-30 5.337045e-29 1.912667e-31 3.039396e-30 -9.999000e+03 1.163495e-30 1.572071e-29 7.155236e-28 3.268250e-30 1.586611e-31 1.473005e-31 1.273877e-31 1.142388e-31 1.018987e-31 8.825793e-32 7.119416e-32 3.090358e-28 2.183180e-28 2.148950e-28 2.693020e-24 3.789051e-17 -9.999000e+03 2.106231e-22 5.173674e-23 1.844544e-23 1.782401e-23 3.476333e-24 7.438705e-23 7.782796e-23 8.995710e-23 1.012651e-22 2.565504e-31
1.135980e-26 1.327831e-25 1.319098e-30 9.397680e-31 7.666212e-31 6.608105e-31 6.679962e-31 1.459206e-22 2.268538e-29 1.551706e-29 4.807279e-23 1.942485e-28 1.755190e-28 2.125551e-23 9.535470e-28 8.180721e-28 6.733519e-28 6.137375e-29 2.099099e-31 3.959628e-30 4.971309e-29 4.307252e-28 2.532498e-27 9.411306e-27 -9.999000e+03 6.039911e-29 1.239447e-28 1.577924e-31 1.688368e-31 3.362169e-30 3.571898e-29 2.554845e-28 1.357341e-27 5.280821e-27 1.533660e-26 3.244442e-28 7.234778e-32 6.772638e-32 1.387649e-30 1.256355e-28 1.933040e-26 -9.999000e+03 -9.999000e+03 1.041081e-21 4.731586e-23 3.812428e-23 1.240430e-23 1.031242e-22 1.054378e-22 1.317102e-22 2.980496e-31 2.659343e-27
7.948581e-24 2.588092e-23 7.500441e-23 1.335605e-22 2.002462e-22 2.034201e-22 1.946404e-22 9.514910e-31 9.261478e-31 9.345335e-23 2.033663e-29 1.911029e-29 5.136905e-23 1.995457e-28 1.465298e-28 1.077696e-28 6.482167e-30 2.215495e-31 4.132489e-30 4.787480e-29 3.670911e-28 2.469124e-27 1.247450e-26 4.362754e-26 -9.999000e+03 1.720707e-28 1.976254e-28 8.666945e-28 4.140233e-27 1.947343e-26 8.011269e-26 2.847189e-25 8.325790e-25 1.850591e-24 3.413779e-24 6.436535e-24 1.152769e-25 9.990719e-26 3.024312e-25 1.719572e-25 3.391580e-25 4.468616e-20 -9.999000e+03 -9.999000e+03 1.124968e-21 7.847044e-23 2.439871e-31 1.882379e-22 1.977217e-22 3.127222e-31 3.476098e-27 3.413446e-28
3.146574e-26 2.371628e-25 1.346147e-24 6.280193e-24 1.892076e-23 3.669662e-23 5.867831e-23 1.014551e-22 1.360057e-22 9.712440e-31 8.862644e-31 9.967012e-23 2.515975e-29 1.984361e-29 1.384588e-29 3.577967e-31 2.616051e-31 4.934741e-30 5.115691e-29 3.655229e-28 2.065171e-27 1.134772e-26 4.827626e-26 1.623729e-25 -9.999000e+03 4.713747e-28 2.375583e-28 8.351457e-28 3.487450e-27 1.515386e-26 6.462580e-26 2.528978e-25 8.646686e-25 2.359305e-24 6.146642e-24 1.115096e-23 1.444071e-23 2.530155e-25 8.529547e-32 8.905030e-32 2.059339e-30 3.224845e-28 3.904816e-21 -9.999000e+03 1.450671e-20 1.662496e-21 2.659984e-31 3.091541e-31 3.295868e-31 2.712261e-31 4.114091e-28 3.809552e-29
9.297630e-28 8.935185e-27 5.539994e-26 2.596286e-25 9.692745e-25 3.255797e-24 1.294752e-23 3.163324e-23 6.483210e-23 1.068390e-22 1.402910e-22 1.153586e-30 9.780143e-31 8.413120e-31 5.959467e-31 1.073808e-29 9.131314e-29 5.004659e-28 2.428841e-27 1.052524e-26 4.091695e-26 1.471164e-25 3.692276e-23 1.964764e-22 -9.999000e+03 4.404453e-25 1.356530e-25 1.596375e-25 2.293662e-25 4.423757e-25 9.643436e-25 2.525819e-24 8.715788e-24 2.052437e-23 3.948787e-23 5.555785e-23 6.641294e-23 6.846827e-23 -1.128115e-23 4.828941e-24 7.814057e-24 7.131155e-22 1.002424e-20 -9.999000e+03 -9.999000e+03 1.994526e-20 2.883130e-31 2.910293e-31 3.030186e-31 2.576250e-27 3.113757e-28 3.458379e-29
1.815059e-30 5.222597e-29 6.166430e-28 4.823954e-27 3.012693e-26 1.968005e-25 9.509038e-25 3.606117e-24 1.716617e-23 5.611808e-23 1.364649e-22 2.108902e-22 1.952029e-22 1.092305e-22 5.211843e-23 1.981332e-23 7.491515e-24 2.746376e-24 1.790765e-24 1.762000e-24 2.303312e-24 3.596880e-24 2.218941e-31 -9.999000e+03 -9.999000e+03 3.739910e-31 6.106592e-30 5.174046e-29 3.272967e-28 1.870731e-27 1.047478e-26 5.335444e-26 2.417144e-25 9.859229e-25 3.424285e-24 1.289929e-23 2.481029e-23 3.415526e-23 4.048924e-23 6.823573e-25 7.458698e-25 6.560537e-25 2.674433e-21 2.058366e-20 -9.999000e+03 -9.999000e+03 6.063857e-29 2.504830e-31 2.237701e-31 1.891038e-31 1.612877e-31 3.059428e-30
-9.999000e+03 -9.999000e+03 -9.999000e+03 -9.999000e+03 -9.999000e+03 -9.999000e+03 -9.999000e+03 1.015648e-30 1.208761e-30 1.798610e-30 2.125503e-30 1.827955e-30 5.188439e-29 4.558474e-28 2.454549e-27 9.435342e-27 2.738706e-26 6.121417e-26 1.457323e-25 3.667162e-25 8.908456e-25 2.313661e-24 5.280618e-24 -9.999000e+03 1.959815e-28 6.443210e-30 1.850961e-29 7.941538e-29 3.560228e-28 1.551956e-27 6.897471e-27 3.109662e-26 1.505319e-25 6.652300e-25 2.641192e-24 1.244024e-23 2.818514e-23 4.470186e-23 5.178516e-23 5.141045e-23 9.052952e-25 8.884320e-25 5.254650e-25 2.435880e-21 2.754798e-20 -9.999000e+03 -9.999000e+03 1.069442e-30 1.677045e-31 1.463312e-31 1.359912e-31 1.380162e-31
-9.999000e+03 -9.999000e+03 -9.999000e+03 -9.999000e+03 -9.999000e+03 -9.999000e+03 -9.999000e+03 -9.999000e+03 -9.999000e+03 -9.999000e+03 7.732393e-29 6.740012e-29 1.169140e-30 6.925638e-31 1.419678e-29 1.717439e-28 1.119433e-27 4.864834e-27 1.879823e-26 7.640481e-26 2.817540e-25 9.367821e-25 2.221408e-24 -9.999000e+03 1.246075e-28 6.552901e-30 2.053377e-29 8.515777e-29 3.562181e-28 4.746881e-29 1.204680e-26 3.519520e-26 1.397417e-25 6.266335e-25 2.693964e-24 1.388876e-23 3.959643e-23 6.943621e-23 9.270820e-23 9.082024e-23 7.509927e-23 1.381088e-24 1.233654e-24 1.144259e-22 2.748150e-21 6.110398e-20 -9.999000e+03 -9.999000e+03 1.420131e-31 1.209811e-31 -9.999000e+03 -9.999000e+03
