tests/data/reference/test_implicit_stream_rill_mfda/control/volrest_m3.asc
ncols	123
nrows	77
xllcorner	-713746.79929998
yllcorner	-1061022.36961616
cellsize	10.0
NODATA_value	-9999
[rows 23 to 45 of 77, columns 52 to 103 of 123]
1.139240e-36 1.731798e-31 3.498088e-30 3.269898e-28 2.381298e-27 8.334405e-26 2.071040e-26 1.019058e-27 1.326612e-27 1.177960e-28 6.383706e-30 7.264654e-30 8.356019e-30 1.071949e-29 2.020174e-29 5.572814e-24 9.632145e-21 2.018294e-19 2.780553e-26 1.041282e-26 4.681803e-30 1.213954e-31 1.263862e-33 1.513266e-31 2.525563e-38 2.001628e-35 6.691785e-03 5.415313e-18 1.728333e-23 7.770992e-31 3.008987e-33 1.265102e-35 5.214203e-38 2.084051e-37 -9.999000e+03 -9.999000e+03 -9.999000e+03 -9.999000e+03 -9.999000e+03 -9.999000e+03 -9.999000e+03 -9.999000e+03 -9.999000e+03 -9.999000e+03 -9.999000e+03 -9.999000e+03 -9.999000e+03 -9.999000e+03 -9.999000e+03 -9.999000e+03 -9.999000e+03 -9.999000e+03
8.686908e-37 5.370461e-35 3.336658e-30 3.733153e-29 3.011711e-27 1.753330e-26 3.097852e-25 1.551145e-25 1.257259e-26 1.557453e-26 1.787813e-27 1.381554e-28 1.603884e-28 2.467401e-28 4.674093e-28 1.115423e-27 4.999999e-19 5.898416e-19 9.903009e-26 2.431341e-26 3.553944e-29 2.016987e-30 4.490263e-32 2.254583e-30 5.409548e-36 2.266260e-33 4.559333e-38 3.524242e-02 5.884864e-16 3.342520e-22 7.493454e-28 2.936015e-33 1.722237e-35 5.138404e-35 3.347765e-37 -9.999000e+03 -9.999000e+03 -9.999000e+03 -9.999000e+03 -9.999000e+03 -9.999000e+03 -9.999000e+03 -9.999000e+03 -9.999000e+03 -9.999000e+03 -9.999000e+03 -9.999000e+03 -9.999000e+03 -9.999000e+03 -9.999000e+03 -9.999000e+03 -9.999000e+03
1.351783e-31 4.468077e-35 3.140569e-33 3.525304e-29 5.506051e-28 2.821191e-26 1.422666e-25 1.341225e-24 8.732983e-25 9.771923e-26 1.175564e-25 1.900341e-26 2.521557e-27 4.380653e-27 7.592834e-27 1.270436e-26 7.480875e-21 1.062856e-18 2.074495e-25 4.596642e-26 2.530318e-28 1.222960e-29 1.124910e-30 1.319494e-29 5.564648e-34 7.688177e-32 7.088306e-36 5.224496e-02 3.456620e-38 6.951449e-15 8.709766e-21 1.050342e-30 4.230327e-33 3.081362e-33 2.065538e-35 8.064090e-38 2.511768e-37 2.798683e-37 -9.999000e+03 -9.999000e+03 -9.999000e+03 -9.999000e+03 -9.999000e+03 -9.999000e+03 -9.999000e+03 -9.999000e+03 -9.999000e+03 -9.999000e+03 -9.999000e+03 -9.999000e+03 -9.999000e+03 -9.999000e+03
6.127147e-37 2.684165e-30 2.964415e-33 1.574548e-31 6.492751e-28 8.417713e-27 2.423488e-25 7.896566e-25 2.454065e-24 2.186967e-24 5.923100e-25 7.900339e-25 2.181105e-25 4.434967e-26 7.490465e-26 1.156162e-25 4.137496e-21 1.592663e-18 4.417498e-25 1.062746e-25 1.832042e-27 1.546690e-28 1.176933e-29 1.477163e-28 3.109131e-32 1.533862e-30 5.254626e-34 6.483316e-02 5.532678e-36 2.196069e-14 3.859878e-19 4.098149e-29 4.883900e-31 1.727505e-31 1.851408e-33 1.774898e-35 6.744548e-35 1.716005e-37 1.659164e-34 3.155881e-37 -9.999000e+03 -9.999000e+03 -9.999000e+03 -9.999000e+03 -9.999000e+03 -9.999000e+03 -9.999000e+03 -9.999000e+03 -9.999000e+03 -9.999000e+03 -9.999000e+03 -9.999000e+03
3.399021e-35 1.643517e-39 3.146413e-29 2.017008e-31 4.822934e-30 1.034690e-26 7.877069e-26 1.094340e-24 2.078199e-24 4.000106e-24 4.061975e-24 2.273008e-24 2.649568e-24 1.533229e-24 4.604869e-25 8.313102e-25 1.656007e-21 2.144919e-18 1.215800e-24 3.320133e-25 1.684152e-26 2.385535e-27 2.901110e-28 1.816876e-27 1.241600e-30 1.255317e-29 2.085296e-32 4.928443e-02 4.332041e-34 3.559574e-14 1.526776e-18 4.939357e-28 1.386874e-29 8.332192e-30 2.851705e-31 4.698375e-33 6.791505e-38 1.262651e-37 1.442730e-34 6.844541e-32 3.124167e-34 2.374058e-03 -9.999000e+03 -9.999000e+03 -9.999000e+03 -9.999000e+03 -9.999000e+03 -9.999000e+03 -9.999000e+03 -9.999000e+03 -9.999000e+03 -9.999000e+03
2.109965e-33 7.496970e-37 5.406811e-28 4.860193e-30 4.025496e-39 1.072664e-28 8.824277e-26 4.439534e-25 2.368118e-24 3.623081e-24 6.007215e-24 7.000691e-24 4.766826e-24 5.566967e-24 4.190767e-24 2.744692e-24 8.595969e-22 1.393283e-18 1.995699e-24 8.531315e-25 9.273597e-26 2.127813e-26 4.062453e-27 1.585501e-26 1.654921e-29 1.511293e-28 5.672442e-31 2.272526e-03 1.855953e-32 4.579948e-14 5.567993e-18 3.217582e-27 3.321961e-28 3.654584e-28 1.387449e-29 6.546623e-31 3.850112e-35 6.654209e-35 1.321572e-37 3.983838e-32 -9.999000e+03 4.908044e-03 3.480164e-03 4.776617e-03 -9.999000e+03 -9.999000e+03 -9.999000e+03 -9.999000e+03 -9.999000e+03 -9.999000e+03 -9.999000e+03 -9.999000e+03
9.584536e-32 6.749670e-35 7.513093e-27 9.735424e-29 3.644299e-39 1.934210e-36 1.714002e-27 5.334449e-25 1.597502e-24 3.936574e-24 5.489764e-24 9.305359e-24 1.117832e-23 1.020546e-23 1.489265e-23 1.285647e-23 8.872290e-24 2.969867e-20 2.291987e-24 1.307951e-24 2.748749e-25 8.892297e-26 2.617811e-26 8.073114e-26 2.628494e-28 1.330447e-27 5.500935e-30 1.679986e-01 5.938157e-31 5.589984e-14 8.460303e-17 1.538561e-26 3.317612e-27 5.344162e-27 5.372920e-28 2.831173e-29 1.301400e-32 1.588320e-32 6.409930e-35 -9.999000e+03 -9.999000e+03 1.225524e-04 5.734423e-05 1.136245e-35 6.413898e-03 -9.999000e+03 -9.999000e+03 -9.999000e+03 -9.999000e+03 -9.999000e+03 -9.999000e+03 -9.999000e+03
3.725484e-30 7.365706e-33 8.735351e-26 1.760158e-27 1.788215e-36 3.509218e-39 1.318607e-34 1.535446e-26 1.757035e-24 3.014368e-24 6.678777e-24 1.008820e-23 1.716735e-23 2.380714e-23 2.531456e-23 3.212953e-23 2.219351e-23 1.283568e-23 1.008201e-20 1.485782e-24 5.735477e-25 2.989523e-25 1.303712e-25 3.223562e-25 2.688599e-27 9.308064e-27 8.183527e-29 1.687922e-01 6.727719e-30 3.764368e-14 1.049307e-15 4.177809e-26 1.647228e-26 3.315972e-26 3.393733e-38 5.252503e-38 1.087151e-30 9.939607e-31 -9.999000e+03 -9.999000e+03 5.834434e-36 9.437453e-09 2.192662e-09 7.732322e-33 6.209991e-36 7.113227e-03 -9.999000e+03 -9.999000e+03 -9.999000e+03 -9.999000e+03 -9.999000e+03 -9.999000e+03
1.403201e-28 6.840593e-31 1.017277e-24 2.350929e-26 1.379169e-34 1.556233e-36 2.764144e-39 6.323057e-33 1.209974e-25 4.115333e-24 7.451706e-24 1.586633e-23 2.393049e-23 3.760797e-23 4.266848e-23 3.607469e-23 3.335111e-23 2.088628e-23 1.463565e-21 1.473727e-24 1.022872e-24 8.265876e-25 5.277864e-25 1.076005e-24 2.018659e-26 4.745799e-26 1.031372e-27 1.852742e-01 1.103320e-28 4.185947e-15 9.201097e-15 7.635250e-26 4.285660e-26 1.004049e-38 1.765291e-38 2.890303e-38 1.084681e-29 -9.999000e+03 -9.999000e+03 2.988537e-37 1.784304e-33 4.241667e-16 2.901213e-17 4.041992e-30 9.059668e-33 3.448174e-36 5.387041e-36 -9.999000e+03 -9.999000e+03 -9.999000e+03 -9.999000e+03 -9.999000e+03
1.395414e-26 4.112082e-29 4.601404e-24 3.837004e-25 5.237039e-39 1.101994e-32 1.246038e-34 1.536136e-36 3.572806e-31 1.219894e-24 9.619693e-24 1.690036e-23 2.980175e-23 3.787014e-23 4.228377e-23 4.025726e-23 3.156448e-23 2.608548e-23 1.474617e-22 1.719441e-24 1.739429e-24 1.851808e-24 1.578359e-24 2.053915e-24 1.086540e-25 2.100368e-25 1.017506e-26 2.115376e-01 1.609424e-27 5.126328e-17 3.419012e-14 1.466401e-25 5.709951e-39 7.203453e-39 1.063927e-38 1.707722e-38 -9.999000e+03 -9.999000e+03 1.065210e-37 1.101959e-34 1.528673e-31 1.891399e-22 7.015074e-37 2.085111e-36 1.163914e-30 1.423873e-33 1.451848e-33 3.754392e-36 6.754110e-03 -9.999000e+03 -9.999000e+03 -9.999000e+03
3.093664e-25 1.342773e-24 3.842376e-27 1.738668e-23 2.944920e-24 3.874179e-36 7.778769e-31 1.427282e-32 1.801641e-34 7.370307e-30 3.061659e-24 1.481127e-23 2.017250e-23 2.874341e-23 3.311188e-23 3.504968e-23 3.351937e-23 2.788059e-23 2.546757e-23 3.655554e-23 2.794106e-24 3.074149e-24 2.654317e-24 2.807866e-24 4.300549e-25 7.509381e-25 8.647851e-26 2.449886e-01 2.434895e-26 3.046988e-20 1.310225e-13 5.909477e-39 6.790692e-39 7.210775e-39 -9.999000e+03 -9.999000e+03 -9.999000e+03 1.640557e-38 3.435003e-35 1.364692e-32 3.772531e-30 6.495551e-38 1.205652e-37 3.007813e-34 1.460461e-29 5.880941e-31 1.061602e-30 2.088867e-36 3.638643e-36 4.314949e-03 -9.999000e+03 -9.999000e+03
4.222995e-01 4.464228e-01 1.653762e-22 6.914207e-24 4.291107e-23 8.274953e-24 4.093673e-34 1.296612e-29 6.098539e-31 1.097229e-32 1.123759e-28 4.785128e-24 1.508511e-23 1.850008e-23 2.252744e-23 2.657908e-23 3.012362e-23 3.182890e-23 3.153203e-23 8.566789e-23 5.371789e-24 5.731786e-24 4.851780e-24 4.511630e-24 1.624348e-24 2.244081e-24 8.491723e-25 2.865742e-01 3.378178e-25 9.259250e-24 4.776214e-13 6.570415e-39 6.686730e-39 -9.999000e+03 -9.999000e+03 4.843259e-38 1.072882e-38 5.245725e-36 4.506703e-33 6.210127e-31 2.519253e-38 3.520304e-38 5.080074e-38 2.134341e-32 1.389649e-28 1.303590e-29 8.071928e-37 7.246489e-37 6.938266e-37 7.074958e-05 4.436044e-36 4.170673e-03
2.005851e-19 3.439730e-18 3.786224e-01 1.743392e-21 7.552257e-23 7.020572e-22 1.163193e-22 8.255729e-31 8.292910e-27 2.320778e-28 5.009850e-30 3.533231e-26 3.479885e-23 8.812973e-23 1.076581e-22 1.427345e-22 2.089783e-22 2.899268e-22 4.234098e-22 5.467474e-22 3.717637e-22 1.921595e-22 1.254676e-22 9.312906e-23 4.064443e-24 5.518471e-24 4.163570e-24 3.392597e-01 2.537448e-24 7.923119e-24 1.431494e-12 6.244578e-39 -9.999000e+03 -9.999000e+03 2.756534e-38 1.758765e-35 4.699823e-36 6.983511e-34 2.472948e-31 1.213151e-38 1.720229e-38 2.361853e-38 3.699178e-38 6.429255e-38 6.802585e-28 1.087628e-28 1.560262e-37 1.493349e-34 1.863331e-34 3.556552e-09 7.337484e-37 6.843940e-05
6.934445e-37 9.557348e-34 8.023867e-31 3.690411e-01 3.929643e-01 3.854224e-01 3.944966e-01 6.295772e-22 1.295851e-28 1.287045e-24 5.938609e-26 1.781792e-27 2.749218e-24 2.723512e-22 1.026107e-19 1.010432e-21 1.595180e-21 2.374650e-21 5.138944e-21 1.032612e-20 1.606604e-36 1.409590e-21 2.481746e-19 7.630480e-22 1.241075e-22 2.290561e-22 1.481977e-23 3.922635e-01 7.747844e-24 1.237835e-23 3.515341e-12 -9.999000e+03 -9.999000e+03 6.278928e-39 8.968886e-36 2.815748e-33 6.283343e-34 5.145225e-32 4.887734e-30 1.001463e-38 1.239682e-38 1.874400e-38 2.728373e-38 4.284833e-38 2.937055e-27 7.716047e-28 6.948445e-35 1.937637e-32 2.442362e-32 8.359021e-17 1.758366e-34 3.326400e-09
1.046836e-31 9.962163e-30 1.787428e-27 6.835178e-25 1.006316e-23 4.921247e-23 2.210847e-22 3.624081e-01 3.853033e-01 4.100656e-01 4.316910e-01 4.464100e-01 4.696864e-01 5.098938e-01 5.662181e-01 6.360505e-01 6.754725e-01 2.635430e-19 2.358793e-19 2.222159e-19 1.868693e-19 1.408955e-33 1.974661e-20 7.307200e-21 1.545125e-21 5.991845e-21 8.639323e-22 4.379266e-01 1.705100e-23 1.814642e-23 -9.999000e+03 -9.999000e+03 4.848354e-39 5.572684e-39 1.276995e-33 1.906493e-31 4.487116e-32 2.279480e-30 9.458264e-29 9.408776e-39 1.072088e-38 1.544813e-38 2.115232e-38 3.304496e-38 5.433247e-38 8.917303e-38 2.551688e-32 2.387354e-30 2.145750e-30 1.304980e-26 1.572855e-32 7.545762e-17
1.317050e-34 4.883413e-32 7.468609e-30 2.325761e-07 1.291963e-07 8.213139e-08 5.056769e-08 3.477155e-08 3.079039e-08 3.325984e-08 4.538582e-08 6.544226e-08 1.149934e-07 2.231536e-07 4.437362e-07 7.849239e-07 8.411229e-07 6.353233e-01 7.354627e-01 2.536562e-18 1.523320e-18 7.103653e-19 1.547715e-19 2.288300e-19 1.302325e-19 3.304635e-19 6.024091e-20 5.395669e-01 2.837064e-23 -9.999000e+03 -9.999000e+03 4.925470e-39 4.561772e-39 5.274482e-39 8.290707e-32 4.600181e-30 1.852007e-30 2.848372e-29 7.981226e-39 7.947250e-39 8.959172e-39 1.170364e-38 1.751887e-38 2.419410e-38 3.891228e-38 6.810419e-38 1.110080e-37 7.424918e-29 5.874599e-29 2.456924e-25 1.053224e-30 8.599863e-27
2.422913e-24 7.198882e-07 2.993983e-07 5.727108e-24 3.876449e-24 2.226226e-24 1.326984e-24 7.031938e-25 2.516004e-25 1.660885e-25 1.483274e-25 3.784823e-24 9.175584e-25 1.467535e-24 2.209118e-24 3.784029e-24 1.974476e-21 1.493562e-18 1.996139e-15 5.881943e-01 6.804755e-01 7.132735e-01 8.078603e-01 8.957928e-19 1.767497e-18 2.691424e-18 6.673356e-19 5.853634e-01 -9.999000e+03 -9.999000e+03 4.937850e-24 2.525345e-36 4.400858e-39 5.147273e-39 3.004339e-30 7.882040e-29 2.084889e-29 3.908545e-28 5.905407e-39 5.787312e-39 6.589627e-39 9.231261e-39 1.380636e-38 2.032857e-38 2.708597e-38 3.906892e-38 6.795726e-38 1.794345e-27 1.941920e-27 2.486192e-24 4.674966e-29 2.833870e-25
2.471832e-06 1.563541e-23 9.870826e-24 6.335450e-24 4.140188e-24 2.520303e-24 1.583968e-24 2.778066e-25 1.287795e-25 7.305513e-26 6.008315e-26 7.061288e-28 8.381653e-28 1.078328e-27 1.475027e-27 3.509919e-24 1.239973e-24 3.232388e-04 1.643556e-02 1.208910e-01 2.170484e-01 9.501319e-03 2.084073e-01 9.886189e-01 1.213166e-16 3.720795e-16 4.810201e-18 1.288948e-36 -9.999000e+03 3.171127e-33 6.425782e-34 1.960178e-34 3.988257e-39 2.495422e-36 3.823756e-29 1.171797e-27 3.184203e-28 3.842920e-27 5.068889e-39 5.004425e-39 5.468123e-39 7.436893e-39 1.096751e-38 1.814933e-38 2.217253e-38 2.699101e-38 4.074130e-38 6.966163e-38 2.314659e-26 6.318045e-24 1.902265e-27 2.569811e-24
2.635968e-23 1.878733e-23 1.295790e-23 9.693697e-24 6.998043e-24 4.627268e-24 9.484681e-25 3.527588e-25 1.483154e-25 8.146755e-26 1.336305e-28 1.159242e-28 1.024942e-28 9.883146e-29 2.884312e-26 6.933528e-28 8.061109e-09 1.354880e-25 1.352162e-25 8.232522e-26 2.110757e-25 -9.999000e+03 -9.999000e+03 -9.999000e+03 8.451905e-01 5.926068e-12 4.763640e-15 -9.999000e+03 -9.999000e+03 1.419086e-32 5.874545e-32 1.759799e-32 3.453570e-39 1.444884e-34 5.487247e-28 1.160663e-26 3.511967e-27 4.883088e-39 4.440145e-39 4.327526e-39 4.981592e-39 6.533289e-39 9.756304e-39 1.638048e-38 2.115449e-38 2.218957e-38 2.746695e-38 3.853250e-38 1.087010e-25 8.992945e-24 2.084333e-26 5.929129e-24
2.900835e-23 2.213672e-23 1.829505e-23 1.552746e-23 1.201147e-23 2.256021e-24 1.277256e-24 5.028406e-25 2.248877e-25 3.547984e-29 2.358020e-29 1.829597e-29 1.473191e-29 1.984210e-26 9.089120e-29 4.162671e-09 7.253098e-26 8.731125e-29 9.488435e-30 1.351955e-29 4.716078e-25 1.532061e-27 1.968507e-26 -9.999000e+03 -9.999000e+03 -9.999000e+03 1.390241e-02 -9.999000e+03 2.262836e-06 1.018199e-28 1.080714e-28 7.098779e-29 2.606555e-36 1.096389e-32 5.996763e-27 8.428136e-26 2.533836e-26 4.445266e-39 4.045867e-39 3.690713e-39 4.220214e-39 5.577321e-39 8.713623e-39 1.459648e-38 2.016743e-38 2.139468e-38 2.288267e-38 1.447890e-35 3.175303e-25 9.230973e-24 1.322202e-25 9.322175e-24
3.396955e-23 3.002261e-23 2.629254e-23 2.311859e-23 3.068238e-24 2.244829e-24 1.334725e-24 6.494658e-25 1.095349e-29 6.568613e-30 4.737858e-30 3.975140e-30 2.541705e-26 2.036201e-29 8.538278e-09 1.463819e-25 1.115682e-29 1.054749e-30 8.000115e-31 5.615609e-28 8.827341e-31 1.756002e-29 4.382333e-29 9.492498e-28 4.622293e-27 -9.999000e+03 -9.999000e+03 -9.999000e+03 3.526588e-05 2.606259e-11 1.140672e-23 1.768461e-25 6.991333e-34 1.186537e-30 7.110717e-26 4.527607e-25 1.285966e-25 3.834023e-39 3.712582e-39 3.296131e-39 3.513156e-39 4.761503e-39 7.417296e-39 1.285979e-38 1.929108e-38 2.172368e-38 2.373897e-38 2.860305e-33 7.418764e-25 8.079065e-24 5.331651e-25 9.767681e-24
3.700364e-23 3.707407e-23 3.466996e-23 2.588213e-24 2.232767e-24 1.538343e-24 8.038834e-25 2.849497e-30 2.459692e-30 1.393820e-30 8.616323e-31 3.764947e-26 5.252223e-30 1.293516e-08 6.552374e-25 3.504789e-30 1.151466e-31 7.229502e-32 1.495426e-28 3.879128e-32 3.781889e-32 3.944738e-32 1.483346e-30 3.537072e-30 3.355114e-29 3.234665e-22 -9.999000e+03 -9.999000e+03 -9.999000e+03 -9.999000e+03 4.683228e-11 2.770876e-23 1.493578e-29 3.515221e-29 5.967508e-25 1.693293e-24 5.241938e-25 3.341758e-39 3.093323e-39 2.890852e-39 2.971123e-39 3.870409e-39 5.523404e-39 9.903297e-39 1.502843e-38 1.873865e-38 2.153184e-38 2.557720e-31 1.444555e-24 5.832732e-24 1.125418e-24 7.237477e-24
3.941905e-23 4.010756e-23 1.677549e-24 1.387165e-24 8.844216e-25 4.727064e-25 1.108226e-31 1.215934e-31 1.153130e-31 8.511491e-32 4.362342e-26 1.689598e-30 6.079705e-07 2.657683e-24 6.298753e-31 1.120479e-32 8.000602e-33 6.349056e-29 2.630354e-33 2.172808e-33 1.834094e-33 1.349968e-33 1.412357e-33 1.013660e-31 2.360179e-31 -9.999000e+03 -9.999000e+03 2.539581e-34 1.233856e-31 -9.999000e+03 -9.999000e+03 -9.999000e+03 9.905537e-27 6.028576e-26 2.111969e-24 3.250457e-24 1.695905e-24 3.150538e-39 2.693734e-39 2.634828e-39 2.708483e-39 3.080694e-39 4.264752e-39 6.458750e-39 9.657770e-39 1.249747e-38 1.690019e-38 5.353416e-30 2.036154e-24 4.548472e-24 1.281451e-24 4.053816e-24
