tests/data/reference/test_implicit_stream_rill_mfda/control/volrest_m3.asc
ncols	123
nrows	77
xllcorner	-713746.79929998
yllcorner	-1061022.36961616
cellsize	10.0
NODATA_value	-9999
[rows 23 to 45 of 77, columns 52 to 103 of 123]
0.000000e+00 0.000000e+00 0.000000e+00 0.000000e+00 0.000000e+00 1.261169e-44 1.401298e-45 0.000000e+00 0.000000e+00 0.000000e+00 0.000000e+00 0.000000e+00 0.000000e+00 0.000000e+00 0.000000e+00 9.123854e-42 5.573243e-36 1.412284e-34 1.401298e-45 0.000000e+00 0.000000e+00 0.000000e+00 0.000000e+00 0.000000e+00 0.000000e+00 0.000000e+00 1.708966e-04 1.236914e-31 6.591147e-41 0.000000e+00 0.000000e+00 0.000000e+00 0.000000e+00 0.000000e+00 -9.999000e+03 -9.999000e+03 -9.999000e+03 -9.999000e+03 -9.999000e+03 -9.999000e+03 -9.999000e+03 -9.999000e+03 -9.999000e+03 -9.999000e+03 -9.999000e+03 -9.999000e+03 -9.999000e+03 -9.999000e+03 -9.999000e+03 -9.999000e+03 -9.999000e+03 -9.999000e+03
0.000000e+00 0.000000e+00 0.000000e+00 0.000000e+00 0.000000e+00 0.000000e+00 1.205117e-43 4.904545e-44 0.000000e+00 0.000000e+00 0.000000e+00 0.000000e+00 0.000000e+00 0.000000e+00 0.000000e+00 0.000000e+00 7.229796e-34 1.187913e-33 1.961818e-44 1.401298e-45 0.000000e+00 0.000000e+00 0.000000e+00 0.000000e+00 0.000000e+00 0.000000e+00 0.000000e+00 8.741773e-04 1.540873e-27 2.503235e-38 0.000000e+00 0.000000e+00 0.000000e+00 0.000000e+00 0.000000e+00 -9.999000e+03 -9.999000e+03 -9.999000e+03 -9.999000e+03 -9.999000e+03 -9.999000e+03 -9.999000e+03 -9.999000e+03 -9.999000e+03 -9.999000e+03 -9.999000e+03 -9.999000e+03 -9.999000e+03 -9.999000e+03 -9.999000e+03 -9.999000e+03 -9.999000e+03
0.000000e+00 0.000000e+00 0.000000e+00 0.000000e+00 0.000000e+00 1.401298e-45 3.923636e-44 5.282895e-43 3.517259e-43 2.101948e-44 2.942727e-44 1.401298e-45 0.000000e+00 0.000000e+00 0.000000e+00 0.000000e+00 6.872907e-36 4.148318e-33 8.127531e-44 4.203895e-45 0.000000e+00 0.000000e+00 0.000000e+00 0.000000e+00 0.000000e+00 0.000000e+00 0.000000e+00 1.411679e-03 0.000000e+00 1.033529e-25 4.973040e-36 0.000000e+00 0.000000e+00 0.000000e+00 0.000000e+00 0.000000e+00 0.000000e+00 0.000000e+00 -9.999000e+03 -9.999000e+03 -9.999000e+03 -9.999000e+03 -9.999000e+03 -9.999000e+03 -9.999000e+03 -9.999000e+03 -9.999000e+03 -9.999000e+03 -9.999000e+03 -9.999000e+03 -9.999000e+03 -9.999000e+03
0.000000e+00 0.000000e+00 0.000000e+00 0.000000e+00 0.000000e+00 0.000000e+00 9.809089e-44 3.138909e-43 1.559645e-42 1.230340e-42 2.508324e-43 3.293051e-43 9.108440e-44 4.203895e-45 1.121039e-44 2.802597e-44 1.466144e-36 1.019449e-32 1.723597e-43 2.101948e-44 0.000000e+00 0.000000e+00 0.000000e+00 0.000000e+00 0.000000e+00 0.000000e+00 0.000000e+00 2.110889e-03 0.000000e+00 6.460554e-25 5.003401e-34 0.000000e+00 0.000000e+00 0.000000e+00 0.000000e+00 0.000000e+00 0.000000e+00 0.000000e+00 0.000000e+00 0.000000e+00 -9.999000e+03 -9.999000e+03 -9.999000e+03 -9.999000e+03 -9.999000e+03 -9.999000e+03 -9.999000e+03 -9.999000e+03 -9.999000e+03 -9.999000e+03 -9.999000e+03 -9.999000e+03
0.000000e+00 0.000000e+00 0.000000e+00 0.000000e+00 0.000000e+00 0.000000e+00 1.261169e-44 4.512181e-43 1.132249e-42 4.018924e-42 4.301986e-42 1.415311e-42 2.075323e-42 6.866362e-43 1.919779e-43 3.433181e-43 1.041351e-37 1.936366e-32 4.820467e-43 1.317221e-43 0.000000e+00 0.000000e+00 0.000000e+00 0.000000e+00 0.000000e+00 0.000000e+00 0.000000e+00 3.249063e-05 0.000000e+00 1.734800e-24 7.807601e-33 0.000000e+00 0.000000e+00 0.000000e+00 0.000000e+00 0.000000e+00 0.000000e+00 0.000000e+00 0.000000e+00 0.000000e+00 0.000000e+00 2.172885e-03 -9.999000e+03 -9.999000e+03 -9.999000e+03 -9.999000e+03 -9.999000e+03 -9.999000e+03 -9.999000e+03 -9.999000e+03 -9.999000e+03 -9.999000e+03
0.000000e+00 0.000000e+00 0.000000e+00 0.000000e+00 0.000000e+00 0.000000e+00 1.821688e-44 1.835701e-43 1.530218e-42 3.529871e-42 9.498001e-42 1.304048e-41 6.301639e-42 9.111243e-42 4.664923e-42 2.237874e-42 8.887521e-39 9.582385e-33 1.006132e-42 3.138909e-43 1.821688e-44 1.401298e-45 0.000000e+00 0.000000e+00 0.000000e+00 0.000000e+00 0.000000e+00 2.542665e-05 0.000000e+00 3.515400e-24 1.286652e-31 0.000000e+00 0.000000e+00 0.000000e+00 0.000000e+00 0.000000e+00 0.000000e+00 0.000000e+00 0.000000e+00 0.000000e+00 -9.999000e+03 4.486158e-03 3.189459e-03 4.382801e-03 -9.999000e+03 -9.999000e+03 -9.999000e+03 -9.999000e+03 -9.999000e+03 -9.999000e+03 -9.999000e+03 -9.999000e+03
0.000000e+00 0.000000e+00 0.000000e+00 0.000000e+00 0.000000e+00 0.000000e+00 0.000000e+00 2.242078e-43 7.370830e-43 4.110008e-42 8.566138e-42 2.132076e-41 3.510533e-41 2.934319e-41 5.926512e-41 4.540627e-41 2.048138e-41 9.963254e-35 1.255563e-42 5.114739e-43 1.107026e-43 1.681558e-44 1.401298e-45 1.401298e-44 0.000000e+00 0.000000e+00 0.000000e+00 2.096644e-04 0.000000e+00 5.227406e-24 3.144354e-29 0.000000e+00 0.000000e+00 0.000000e+00 0.000000e+00 0.000000e+00 0.000000e+00 0.000000e+00 0.000000e+00 -9.999000e+03 -9.999000e+03 1.061286e-04 4.987339e-05 0.000000e+00 5.892104e-03 -9.999000e+03 -9.999000e+03 -9.999000e+03 -9.999000e+03 -9.999000e+03 -9.999000e+03 -9.999000e+03
0.000000e+00 0.000000e+00 1.681558e-44 0.000000e+00 0.000000e+00 0.000000e+00 0.000000e+00 0.000000e+00 8.828180e-43 2.575587e-42 1.199792e-41 2.756494e-41 7.139476e-41 1.490926e-40 1.679652e-40 2.637384e-40 1.415830e-40 4.605928e-41 1.212891e-35 5.899467e-43 2.326155e-43 1.233143e-43 3.503246e-44 1.331234e-43 0.000000e+00 0.000000e+00 0.000000e+00 1.038369e-01 0.000000e+00 2.717441e-24 4.610457e-27 4.203895e-45 0.000000e+00 2.802597e-45 0.000000e+00 0.000000e+00 0.000000e+00 0.000000e+00 -9.999000e+03 -9.999000e+03 0.000000e+00 7.269210e-09 1.702347e-09 0.000000e+00 0.000000e+00 6.537423e-03 -9.999000e+03 -9.999000e+03 -9.999000e+03 -9.999000e+03 -9.999000e+03 -9.999000e+03
0.000000e+00 0.000000e+00 4.245934e-43 1.401298e-45 0.000000e+00 0.000000e+00 0.000000e+00 0.000000e+00 3.082857e-44 4.519188e-42 1.500931e-41 6.408979e-41 1.497259e-40 3.358618e-40 4.834914e-40 3.162717e-40 2.787519e-40 1.225954e-40 4.560987e-37 5.857428e-43 4.077779e-43 3.307064e-43 2.186026e-43 4.386064e-43 1.401298e-45 4.203895e-45 0.000000e+00 1.148221e-01 0.000000e+00 1.247642e-25 1.322590e-25 1.261169e-44 4.203895e-45 0.000000e+00 0.000000e+00 0.000000e+00 0.000000e+00 -9.999000e+03 -9.999000e+03 0.000000e+00 0.000000e+00 2.634210e-16 1.828462e-17 0.000000e+00 0.000000e+00 0.000000e+00 0.000000e+00 -9.999000e+03 -9.999000e+03 -9.999000e+03 -9.999000e+03 -9.999000e+03
0.000000e+00 0.000000e+00 5.727107e-42 1.583467e-43 0.000000e+00 0.000000e+00 0.000000e+00 0.000000e+00 0.000000e+00 5.226843e-43 2.536771e-41 7.256204e-41 2.234272e-40 3.506918e-40 4.646299e-40 4.124960e-40 2.500337e-40 1.736265e-40 4.019560e-39 7.538986e-43 8.071479e-43 9.276596e-43 7.062544e-43 1.101421e-42 2.522337e-44 8.407791e-44 0.000000e+00 1.246328e-01 0.000000e+00 6.744235e-28 1.342192e-24 4.063766e-44 0.000000e+00 0.000000e+00 0.000000e+00 0.000000e+00 -9.999000e+03 -9.999000e+03 0.000000e+00 0.000000e+00 0.000000e+00 1.389112e-29 0.000000e+00 0.000000e+00 0.000000e+00 0.000000e+00 0.000000e+00 0.000000e+00 6.205995e-03 -9.999000e+03 -9.999000e+03 -9.999000e+03
1.247156e-43 5.549142e-43 0.000000e+00 7.723116e-41 2.506923e-42 0.000000e+00 0.000000e+00 0.000000e+00 0.000000e+00 0.000000e+00 2.731131e-42 5.847618e-41 1.099613e-40 2.067966e-40 2.653737e-40 2.896176e-40 2.686836e-40 1.943643e-40 1.600759e-40 7.482934e-42 2.170611e-42 2.501318e-42 2.012265e-42 2.240676e-42 1.779649e-43 3.054831e-43 1.681558e-44 1.438382e-01 1.401298e-45 4.506827e-32 2.064515e-23 0.000000e+00 0.000000e+00 0.000000e+00 -9.999000e+03 -9.999000e+03 -9.999000e+03 0.000000e+00 0.000000e+00 0.000000e+00 0.000000e+00 0.000000e+00 0.000000e+00 0.000000e+00 0.000000e+00 0.000000e+00 0.000000e+00 0.000000e+00 0.000000e+00 3.957653e-03 -9.999000e+03 -9.999000e+03
2.767887e-01 3.045653e-01 7.909465e-39 1.431146e-41 5.247260e-40 1.829395e-41 0.000000e+00 0.000000e+00 0.000000e+00 0.000000e+00 0.000000e+00 6.492216e-42 5.963646e-41 8.483041e-41 1.368942e-40 1.713115e-40 2.182999e-40 2.419160e-40 2.405637e-40 6.009314e-40 7.751983e-42 9.053789e-42 6.265205e-42 4.981616e-42 7.496947e-43 1.284991e-42 3.447194e-43 1.744279e-01 1.415311e-43 1.839168e-39 3.010748e-22 0.000000e+00 0.000000e+00 -9.999000e+03 -9.999000e+03 0.000000e+00 0.000000e+00 0.000000e+00 0.000000e+00 0.000000e+00 0.000000e+00 0.000000e+00 0.000000e+00 0.000000e+00 0.000000e+00 0.000000e+00 0.000000e+00 0.000000e+00 0.000000e+00 6.161092e-05 0.000000e+00 3.824832e-03
1.492178e-34 4.090851e-32 2.635675e-01 8.651065e-37 1.728859e-39 1.450290e-37 4.231259e-39 0.000000e+00 0.000000e+00 0.000000e+00 0.000000e+00 2.802597e-45 4.145013e-40 2.263739e-39 3.302308e-39 6.112154e-39 1.195630e-38 2.406090e-38 4.749889e-38 8.669797e-38 1.255859e-38 1.006213e-38 4.707378e-39 2.407305e-39 4.310394e-42 8.528302e-42 4.526194e-42 2.180934e-01 1.841306e-42 1.298864e-41 3.273828e-21 0.000000e+00 -9.999000e+03 -9.999000e+03 0.000000e+00 0.000000e+00 0.000000e+00 0.000000e+00 0.000000e+00 0.000000e+00 0.000000e+00 0.000000e+00 0.000000e+00 0.000000e+00 0.000000e+00 0.000000e+00 0.000000e+00 0.000000e+00 0.000000e+00 2.767680e-09 0.000000e+00 5.958684e-05
0.000000e+00 0.000000e+00 0.000000e+00 2.604793e-01 2.811010e-01 2.781022e-01 2.863714e-01 1.159560e-37 0.000000e+00 5.086713e-43 7.006492e-45 0.000000e+00 2.355583e-42 2.379745e-38 5.371244e-35 2.775310e-37 6.392278e-37 1.359373e-36 2.855600e-36 5.694526e-36 0.000000e+00 1.751276e-37 2.326045e-34 1.499258e-37 4.657641e-39 1.442622e-38 5.777694e-41 2.653417e-01 1.599582e-41 3.594751e-41 2.054297e-20 -9.999000e+03 -9.999000e+03 0.000000e+00 0.000000e+00 0.000000e+00 0.000000e+00 0.000000e+00 0.000000e+00 0.000000e+00 0.000000e+00 0.000000e+00 0.000000e+00 0.000000e+00 0.000000e+00 0.000000e+00 0.000000e+00 0.000000e+00 0.000000e+00 5.290660e-17 0.000000e+00 2.587604e-09
0.000000e+00 0.000000e+00 0.000000e+00 2.172013e-43 2.794469e-41 6.601349e-40 1.322491e-38 2.630928e-01 2.797402e-01 2.976739e-01 3.132581e-01 3.236679e-01 3.403689e-01 3.698737e-01 4.120642e-01 4.656103e-01 4.977731e-01 2.763314e-34 2.097444e-34 1.845858e-34 1.213671e-34 0.000000e+00 6.206020e-36 3.948080e-36 6.288851e-37 3.383908e-36 2.089959e-37 3.089610e-01 7.445099e-41 7.541088e-41 -9.999000e+03 -9.999000e+03 0.000000e+00 0.000000e+00 0.000000e+00 0.000000e+00 0.000000e+00 0.000000e+00 0.000000e+00 0.000000e+00 0.000000e+00 0.000000e+00 0.000000e+00 0.000000e+00 0.000000e+00 0.000000e+00 0.000000e+00 0.000000e+00 0.000000e+00 8.978518e-31 0.000000e+00 4.772641e-17
0.000000e+00 0.000000e+00 0.000000e+00 1.162060e-11 1.517444e-11 8.291187e-12 3.425583e-12 1.687360e-12 1.250719e-12 1.454213e-12 2.224282e-12 4.622563e-12 1.290824e-11 4.463358e-11 1.660522e-10 4.753560e-10 5.310238e-10 4.721027e-01 5.507777e-01 2.229319e-32 7.495774e-33 1.720465e-33 4.199090e-35 2.020451e-34 7.650154e-35 4.253769e-34 3.622851e-35 4.135296e-01 2.148639e-40 -9.999000e+03 -9.999000e+03 0.000000e+00 0.000000e+00 0.000000e+00 0.000000e+00 0.000000e+00 0.000000e+00 0.000000e+00 0.000000e+00 0.000000e+00 0.000000e+00 0.000000e+00 0.000000e+00 0.000000e+00 0.000000e+00 0.000000e+00 0.000000e+00 0.000000e+00 0.000000e+00 9.809089e-44 0.000000e+00 7.739819e-31
1.639519e-42 3.127731e-11 1.865371e-12 8.560532e-42 3.521463e-42 1.128045e-42 4.806454e-43 2.536350e-43 9.108440e-44 4.624285e-44 3.503246e-44 4.062364e-42 3.335090e-43 6.712220e-43 1.626908e-42 4.433708e-42 9.287783e-37 7.156968e-33 1.219499e-26 4.414876e-01 5.134462e-01 5.414081e-01 6.177183e-01 1.229462e-33 1.176345e-32 2.644734e-32 1.767170e-33 4.759184e-01 -9.999000e+03 -9.999000e+03 3.748248e-35 0.000000e+00 0.000000e+00 0.000000e+00 0.000000e+00 0.000000e+00 0.000000e+00 0.000000e+00 0.000000e+00 0.000000e+00 0.000000e+00 0.000000e+00 0.000000e+00 0.000000e+00 0.000000e+00 0.000000e+00 0.000000e+00 0.000000e+00 0.000000e+00 1.765636e-42 0.000000e+00 1.135052e-43
5.940942e-09 6.000500e-41 2.406170e-41 9.866542e-42 4.084785e-42 1.526014e-42 6.221765e-43 1.064987e-43 2.942727e-44 8.407791e-45 5.605194e-45 0.000000e+00 0.000000e+00 0.000000e+00 0.000000e+00 3.506049e-42 4.736389e-43 3.534084e-06 2.547556e-04 1.674127e-02 1.030825e-01 2.978727e-03 9.786665e-02 7.569454e-01 5.493059e-30 4.830926e-28 1.051256e-31 0.000000e+00 -9.999000e+03 0.000000e+00 0.000000e+00 0.000000e+00 0.000000e+00 0.000000e+00 0.000000e+00 0.000000e+00 0.000000e+00 0.000000e+00 0.000000e+00 0.000000e+00 0.000000e+00 0.000000e+00 0.000000e+00 0.000000e+00 0.000000e+00 0.000000e+00 0.000000e+00 0.000000e+00 1.401298e-45 1.139956e-41 0.000000e+00 1.905766e-42
1.708701e-40 8.488365e-41 4.116594e-41 2.276690e-41 1.191104e-41 5.051681e-42 3.797519e-43 1.429324e-43 3.923636e-44 1.261169e-44 0.000000e+00 0.000000e+00 0.000000e+00 0.000000e+00 1.401298e-45 0.000000e+00 5.504284e-15 2.802597e-44 4.203895e-44 1.261169e-44 7.286752e-44 -9.999000e+03 -9.999000e+03 -9.999000e+03 6.496865e-01 5.211661e-22 5.293456e-26 -9.999000e+03 -9.999000e+03 0.000000e+00 0.000000e+00 0.000000e+00 0.000000e+00 0.000000e+00 0.000000e+00 0.000000e+00 0.000000e+00 0.000000e+00 0.000000e+00 0.000000e+00 0.000000e+00 0.000000e+00 0.000000e+00 0.000000e+00 0.000000e+00 0.000000e+00 0.000000e+00 0.000000e+00 2.522337e-44 2.174815e-41 1.401298e-45 1.005011e-41
2.083759e-40 1.309808e-40 7.898419e-41 5.912779e-41 3.751556e-41 1.370470e-42 5.366973e-43 2.031883e-43 8.968310e-44 0.000000e+00 0.000000e+00 0.000000e+00 0.000000e+00 1.401298e-45 0.000000e+00 6.905519e-14 8.407791e-45 0.000000e+00 0.000000e+00 0.000000e+00 1.737610e-43 0.000000e+00 1.401298e-45 -9.999000e+03 -9.999000e+03 -9.999000e+03 4.331678e-03 -9.999000e+03 9.377072e-07 0.000000e+00 0.000000e+00 0.000000e+00 0.000000e+00 0.000000e+00 0.000000e+00 1.401298e-44 1.401298e-45 0.000000e+00 0.000000e+00 0.000000e+00 0.000000e+00 0.000000e+00 0.000000e+00 0.000000e+00 0.000000e+00 0.000000e+00 0.000000e+00 0.000000e+00 1.317221e-43 2.276269e-41 3.503246e-44 2.415278e-41
2.751758e-40 2.217737e-40 1.693441e-40 1.431595e-40 2.764762e-42 1.381680e-42 5.689272e-43 2.732532e-43 0.000000e+00 0.000000e+00 0.000000e+00 0.000000e+00 1.401298e-45 0.000000e+00 8.417546e-13 3.222986e-44 0.000000e+00 0.000000e+00 0.000000e+00 0.000000e+00 0.000000e+00 0.000000e+00 0.000000e+00 0.000000e+00 0.000000e+00 -9.999000e+03 -9.999000e+03 -9.999000e+03 1.092154e-01 6.269883e-12 3.006065e-41 5.465064e-44 0.000000e+00 0.000000e+00 9.809089e-45 1.807675e-43 3.363116e-44 0.000000e+00 0.000000e+00 0.000000e+00 0.000000e+00 0.000000e+00 0.000000e+00 0.000000e+00 0.000000e+00 0.000000e+00 0.000000e+00 0.000000e+00 3.026805e-43 1.674972e-41 2.200039e-43 2.668913e-41
3.189748e-40 3.223183e-40 2.904485e-40 1.994048e-42 1.383082e-42 7.090570e-43 3.405155e-43 0.000000e+00 0.000000e+00 0.000000e+00 0.000000e+00 2.802597e-45 0.000000e+00 4.133348e-12 2.396220e-43 0.000000e+00 0.000000e+00 0.000000e+00 0.000000e+00 0.000000e+00 0.000000e+00 0.000000e+00 0.000000e+00 0.000000e+00 0.000000e+00 2.668665e-38 -9.999000e+03 -9.999000e+03 -9.999000e+03 -9.999000e+03 8.015299e-08 2.111294e-40 0.000000e+00 0.000000e+00 2.480298e-43 7.931349e-43 2.186026e-43 0.000000e+00 0.000000e+00 0.000000e+00 0.000000e+00 0.000000e+00 0.000000e+00 0.000000e+00 0.000000e+00 0.000000e+00 0.000000e+00 0.000000e+00 5.899467e-43 9.114045e-42 4.624285e-43 1.393031e-41
3.859694e-40 4.150240e-40 8.155557e-43 5.983544e-43 3.811532e-43 2.031883e-43 0.000000e+00 0.000000e+00 0.000000e+00 0.000000e+00 4.203895e-45 0.000000e+00 3.770408e-10 1.772643e-42 0.000000e+00 0.000000e+00 0.000000e+00 0.000000e+00 0.000000e+00 0.000000e+00 0.000000e+00 0.000000e+00 0.000000e+00 0.000000e+00 0.000000e+00 -9.999000e+03 -9.999000e+03 0.000000e+00 0.000000e+00 -9.999000e+03 -9.999000e+03 -9.999000e+03 0.000000e+00 7.006492e-45 1.178492e-42 2.865655e-42 8.113518e-43 0.000000e+00 0.000000e+00 0.000000e+00 0.000000e+00 0.000000e+00 0.000000e+00 0.000000e+00 0.000000e+00 0.000000e+00 0.000000e+00 0.000000e+00 1.048171e-42 4.813460e-42 5.226843e-43 4.111410e-42
