tests/data/reference/test_implicit_stream_rill_mfda/control/volrest_m3.asc
ncols	123
nrows	77
xllcorner	-713746.79929998
yllcorner	-1061022.36961616
cellsize	10.0
NODATA_value	-9999
[rows 46 to 68 of 77, columns 0 to 51 of 123]
-9.999000e+03 -9.999000e+03 -9.999000e+03 -9.999000e+03 -9.999000e+03 -9.999000e+03 4.364904e-03 1.375847e-09 3.682072e-26 2.792670e-26 1.752769e-29 7.633670e-28 1.067929e-25 5.250855e-25 4.518635e-24 1.211990e-19 8.528700e-25 3.564280e-24 8.364090e-24 9.811451e-24 8.515365e-24 1.072512e-28 1.059686e-28 1.139193e-28 1.914685e-27 1.447630e-26 9.159079e-26 5.361982e-25 2.444713e-24 7.218176e-24 2.041395e-23 5.621464e-11 2.771834e-10 9.919028e-23 9.456861e-23 7.373852e-23 5.312822e-23 3.745046e-23 2.234703e-23 1.345428e-23 1.453415e-23 1.227471e-23 1.365026e-23 1.328712e-23 1.463024e-23 2.503622e-23 3.796403e-23 5.093643e-23 7.572456e-23 1.596903e-22 2.308594e-22 3.002463e-22
-9.999000e+03 -9.999000e+03 -9.999000e+03 -9.999000e+03 -9.999000e+03 -9.999000e+03 9.340981e-05 2.893147e-21 9.471607e-28 6.858416e-28 1.071210e-29 8.938433e-27 5.931462e-26 1.120125e-24 9.155444e-20 8.157630e-26 7.414631e-25 3.859744e-24 9.777791e-24 1.057164e-23 3.558614e-30 2.925293e-30 2.612202e-30 2.638251e-30 1.024009e-28 1.269915e-27 1.202320e-26 3.506057e-14 3.522039e-13 1.749103e-12 9.228220e-12 3.408185e-23 4.156711e-23 4.815130e-23 4.488572e-23 3.826259e-23 2.842995e-23 1.540693e-23 1.179081e-23 1.378345e-23 8.915309e-24 9.926180e-24 8.572981e-24 8.798572e-24 1.011035e-23 1.261655e-23 1.557811e-23 2.653323e-23 5.406151e-23 7.681621e-23 1.218957e-22 1.449242e-22
-9.999000e+03 -9.999000e+03 -9.999000e+03 -9.999000e+03 -9.999000e+03 5.665246e-03 1.366912e-20 9.924681e-23 1.383075e-29 1.252555e-29 6.428696e-28 9.768702e-27 5.725886e-25 5.519106e-20 5.590795e-27 6.004435e-26 4.872528e-25 2.796102e-24 6.787127e-24 7.394209e-24 4.265342e-22 8.175643e-21 1.094934e-19 4.489565e-18 5.919523e-17 5.488847e-16 3.966877e-15 2.222188e-24 3.297473e-24 4.986134e-24 6.455699e-24 8.909826e-24 1.339280e-23 1.452866e-23 1.452694e-23 1.386465e-23 1.207938e-23 8.671277e-24 1.314576e-23 7.233372e-24 8.409234e-24 6.803428e-24 6.591156e-24 6.662414e-24 7.025077e-24 7.687439e-24 9.677964e-24 2.473723e-23 2.896823e-23 4.527144e-23 4.784001e-23 1.594754e-25
-9.999000e+03 -9.999000e+03 -9.999000e+03 -9.999000e+03 1.605633e-02 6.189612e-19 2.046377e-26 1.549712e-24 2.004588e-29 2.612673e-29 1.313345e-27 4.835282e-25 2.978739e-20 4.221914e-28 6.653888e-27 5.570923e-26 3.322765e-25 1.625297e-24 3.862667e-24 3.230713e-24 1.884989e-24 1.232646e-24 5.150281e-21 1.028361e-26 4.986365e-26 1.797657e-25 3.976061e-25 5.840734e-25 1.127453e-24 1.556786e-24 2.026229e-24 3.869274e-24 5.741774e-24 6.710330e-24 7.077645e-24 6.925980e-24 5.990827e-24 1.195952e-23 5.448837e-24 7.115343e-24 5.478935e-24 5.304234e-24 5.276002e-24 5.233114e-24 5.120400e-24 5.217132e-24 1.172997e-23 1.108944e-23 1.439675e-23 1.178147e-23 1.523401e-26 2.219957e-26
-9.999000e+03 -9.999000e+03 -9.999000e+03 -9.999000e+03 8.461120e-03 2.622859e-24 9.007390e-28 1.889675e-26 2.703839e-27 4.569144e-29 2.657893e-25 9.523828e-21 1.445090e-29 5.044831e-28 6.949103e-27 4.550768e-26 2.222008e-25 1.108070e-24 1.601436e-24 9.642357e-25 5.223679e-25 1.503464e-21 9.884367e-28 6.052285e-27 2.438691e-26 6.107675e-26 9.053917e-26 1.829293e-25 2.435127e-25 3.733846e-25 7.857875e-25 1.180681e-24 1.616055e-24 1.932321e-24 2.275559e-24 2.310253e-24 8.161061e-24 3.327228e-24 5.533007e-24 3.504343e-24 3.451214e-24 3.603166e-24 3.681733e-24 3.555391e-24 3.371254e-24 8.567577e-24 5.955639e-24 7.350832e-24 5.113413e-24 1.698184e-27 1.896482e-27 2.711565e-27
-9.999000e+03 -9.999000e+03 -9.999000e+03 5.300453e-03 3.608878e-18 2.985406e-25 3.047429e-29 3.397994e-27 5.914752e-29 6.206862e-26 3.977163e-22 8.700255e-25 2.203379e-29 6.905800e-28 6.742650e-27 3.706822e-26 1.847481e-25 3.808884e-25 4.074727e-25 2.346334e-25 3.174576e-22 6.587179e-29 7.109198e-28 3.635143e-27 1.048676e-26 1.358848e-26 3.059301e-26 3.984685e-26 5.330612e-26 1.399069e-25 2.184245e-25 3.000957e-25 3.888222e-25 4.587650e-25 5.100857e-25 3.636891e-24 1.340223e-24 3.414420e-24 1.960124e-24 1.842612e-24 1.881547e-24 2.136463e-24 2.211231e-24 2.095609e-24 7.571306e-24 3.689618e-24 3.974980e-24 2.115893e-24 1.847900e-28 1.848530e-28 2.017537e-28 2.466656e-28
-9.999000e+03 -9.999000e+03 -9.999000e+03 6.565867e-03 6.185652e-24 3.780743e-27 9.339753e-29 1.908409e-28 1.235888e-26 1.045825e-26 5.390142e-23 4.648766e-25 4.110201e-29 9.505030e-28 7.253021e-27 4.104294e-26 5.541731e-26 7.383569e-26 8.090228e-26 5.808994e-23 3.400051e-30 8.824142e-29 8.016258e-28 2.946878e-27 2.945574e-27 7.626389e-27 9.231263e-27 1.108831e-26 3.077084e-26 5.140498e-26 7.208219e-26 9.508447e-26 1.088595e-25 1.132847e-25 1.599131e-24 3.439132e-25 1.479459e-24 8.219110e-25 8.896496e-25 8.601437e-25 8.519401e-25 8.941484e-25 9.211175e-25 6.108656e-24 2.280657e-24 2.444401e-24 9.255744e-25 1.377345e-29 1.378462e-29 1.410074e-29 1.501388e-29 4.009572e-18
-9.999000e+03 -9.999000e+03 1.225883e-01 2.694147e-27 7.377797e-27 6.261209e-27 4.494231e-28 8.916445e-28 5.022874e-28 1.252021e-27 7.315231e-23 2.938975e-25 1.113938e-28 1.659018e-27 1.113074e-26 1.048698e-26 8.687047e-27 8.430172e-27 3.190395e-25 2.071055e-25 7.755747e-30 2.012494e-28 1.206161e-27 8.911042e-28 3.004838e-27 2.807751e-27 2.907981e-27 9.986026e-27 1.334217e-26 1.760720e-26 2.421968e-26 2.882585e-26 2.934578e-26 8.970840e-25 9.482056e-26 6.261109e-25 2.177242e-25 2.783522e-25 3.479600e-25 3.285437e-25 2.840396e-25 2.765354e-25 3.379920e-24 9.051914e-25 1.094099e-24 3.822241e-25 6.318247e-31 5.563651e-31 5.450472e-31 5.909424e-31 4.623797e-19 1.176415e-24
-9.999000e+03 -9.999000e+03 6.978660e-01 1.849098e-26 1.011631e-28 4.229038e-28 1.816275e-27 4.394074e-28 1.016106e-25 3.137241e-21 9.212719e-28 5.515613e-26 3.483840e-28 3.400530e-27 1.608734e-27 1.274284e-27 8.819448e-28 7.267294e-28 1.207656e-27 3.876011e-26 2.877679e-29 6.074396e-28 2.927663e-28 1.714610e-27 1.145756e-27 8.235631e-28 3.710994e-27 3.756615e-27 3.762492e-27 4.517395e-27 5.722331e-27 6.615232e-27 6.928014e-25 2.913135e-26 4.080934e-25 7.203727e-26 7.659860e-26 9.614539e-26 1.082956e-25 9.760959e-26 8.117179e-26 1.797838e-24 2.548703e-25 3.232758e-25 9.815312e-26 8.842056e-26 3.288548e-25 9.339754e-25 2.281097e-21 4.538670e-20 3.097167e-25 3.272055e-25
-9.999000e+03 1.428927e-02 7.885633e-04 1.631609e-25 1.423767e-28 7.205929e-27 3.112737e-28 3.239676e-28 -9.999000e+03 -9.999000e+03 -9.999000e+03 9.903296e-28 5.497375e-28 1.018538e-28 5.127331e-29 5.006410e-29 3.597669e-29 2.290982e-29 3.691584e-29 2.722505e-28 4.587623e-28 7.344649e-29 1.172107e-27 6.517718e-28 3.449139e-28 2.132629e-27 1.403847e-27 9.445115e-28 8.037114e-28 7.959741e-28 8.638005e-28 4.574487e-25 8.258238e-27 3.322993e-25 2.633153e-26 2.393340e-26 2.471732e-26 2.728616e-26 2.642182e-26 2.196065e-26 1.172290e-24 7.133636e-26 7.641709e-26 1.809202e-26 1.724424e-26 8.754730e-25 8.284130e-24 1.247829e-22 7.678792e-24 6.348333e-26 6.882776e-26 6.242538e-26
-9.999000e+03 1.856765e-02 7.423322e-24 1.494942e-28 6.182917e-28 4.897713e-28 -9.999000e+03 -9.999000e+03 -9.999000e+03 -9.999000e+03 -9.999000e+03 -9.999000e+03 3.766876e-28 1.253059e-28 7.315777e-27 1.285714e-25 5.011701e-29 2.332300e-27 1.012620e-25 5.325435e-23 1.172112e-27 9.486257e-28 2.050099e-28 5.099314e-29 1.213568e-27 4.679370e-28 2.266298e-28 1.264315e-28 1.028811e-28 9.006782e-29 2.786237e-25 1.481078e-27 2.616286e-25 7.650036e-27 6.303277e-27 5.539654e-27 5.437288e-27 5.619500e-27 4.820578e-27 7.508682e-25 1.661413e-26 1.557294e-26 2.838476e-27 2.883104e-27 3.163036e-25 1.371959e-26 1.189400e-26 5.066092e-24 1.115651e-26 1.245856e-26 1.224731e-26 1.792597e-24
5.196706e-03 1.404200e-04 9.805610e-27 5.474805e-28 1.131377e-26 1.269475e-28 -9.999000e+03 -9.999000e+03 -9.999000e+03 -9.999000e+03 -9.999000e+03 -9.999000e+03 -9.999000e+03 -9.999000e+03 -9.999000e+03 4.277686e-29 4.078511e-25 2.711146e-29 4.236893e-29 8.343655e-29 1.758037e-22 -9.999000e+03 -9.999000e+03 2.057372e-28 4.989339e-29 2.317252e-29 1.161352e-29 6.285001e-30 4.674057e-30 2.087123e-25 1.666285e-28 1.997623e-25 1.885884e-27 1.307333e-27 9.456174e-28 8.049314e-28 7.326979e-28 7.442632e-28 4.958330e-25 3.623113e-27 2.943166e-27 3.281406e-28 3.329963e-28 9.198704e-26 2.703855e-27 2.078223e-27 3.265922e-24 1.647987e-27 1.666514e-27 1.820642e-27 8.187330e-25 7.693582e-27
8.632402e-03 7.842731e-28 1.202209e-27 1.238476e-27 1.137169e-28 -9.999000e+03 -9.999000e+03 -9.999000e+03 -9.999000e+03 -9.999000e+03 -9.999000e+03 -9.999000e+03 -9.999000e+03 -9.999000e+03 -9.999000e+03 -9.999000e+03 -9.999000e+03 -9.999000e+03 -9.999000e+03 -9.999000e+03 -9.999000e+03 -9.999000e+03 -9.999000e+03 3.222627e-28 6.358799e-29 4.176328e-29 1.463999e-27 1.286392e-26 9.675258e-26 1.092839e-29 1.561797e-25 3.795400e-28 2.256810e-28 1.209398e-28 9.316368e-29 7.092306e-29 5.893095e-29 2.874693e-25 7.622288e-28 4.513936e-28 2.407025e-29 2.371643e-29 2.061380e-26 3.855938e-28 3.586364e-28 2.370626e-24 2.360173e-28 2.191443e-28 2.196268e-28 3.579028e-25 1.880645e-27 1.409696e-23
-9.999000e+03 9.397726e-29 1.256680e-28 4.302412e-29 -9.999000e+03 -9.999000e+03 -9.999000e+03 -9.999000e+03 -9.999000e+03 -9.999000e+03 -9.999000e+03 -9.999000e+03 -9.999000e+03 -9.999000e+03 -9.999000e+03 -9.999000e+03 -9.999000e+03 -9.999000e+03 -9.999000e+03 -9.999000e+03 -9.999000e+03 -9.999000e+03 -9.999000e+03 -9.999000e+03 -9.999000e+03 -9.999000e+03 2.293495e-29 1.355318e-29 9.194340e-28 5.537606e-26 3.290468e-29 2.062512e-29 9.665914e-30 4.156209e-30 3.123941e-30 2.893623e-30 1.193996e-25 8.711097e-29 5.741201e-29 1.036163e-30 8.798137e-31 3.648922e-27 2.665953e-29 2.749235e-29 1.462940e-24 2.547474e-29 2.396322e-29 2.260538e-29 1.155698e-25 3.706340e-28 3.581934e-23 1.085833e-29
-9.999000e+03 -9.999000e+03 -9.999000e+03 -9.999000e+03 -9.999000e+03 -9.999000e+03 -9.999000e+03 -9.999000e+03 -9.999000e+03 -9.999000e+03 -9.999000e+03 -9.999000e+03 -9.999000e+03 -9.999000e+03 -9.999000e+03 -9.999000e+03 -9.999000e+03 -9.999000e+03 -9.999000e+03 -9.999000e+03 -9.999000e+03 -9.999000e+03 -9.999000e+03 -9.999000e+03 -9.999000e+03 -9.999000e+03 -9.999000e+03 -9.999000e+03 1.759544e-29 3.703032e-27 5.903342e-29 3.755769e-29 1.421664e-29 2.683220e-28 3.323151e-27 4.135221e-26 4.014291e-30 2.821777e-30 1.883601e-30 4.955942e-29 5.511230e-28 1.007653e-30 9.644366e-31 5.654674e-25 9.307818e-31 9.250854e-31 9.460663e-31 3.099601e-26 2.972134e-29 4.348016e-23 7.254048e-31 4.534156e-31
-9.999000e+03 -9.999000e+03 -9.999000e+03 -9.999000e+03 -9.999000e+03 -9.999000e+03 -9.999000e+03 -9.999000e+03 -9.999000e+03 -9.999000e+03 -9.999000e+03 -9.999000e+03 -9.999000e+03 -9.999000e+03 -9.999000e+03 -9.999000e+03 -9.999000e+03 -9.999000e+03 -9.999000e+03 -9.999000e+03 -9.999000e+03 -9.999000e+03 -9.999000e+03 -9.999000e+03 -9.999000e+03 -9.999000e+03 -9.999000e+03 -9.999000e+03 -9.999000e+03 4.815867e-29 9.788282e-26 1.471963e-27 5.331291e-28 4.093347e-30 3.626305e-30 5.444654e-30 5.299165e-30 3.256678e-30 9.740471e-29 1.036197e-27 8.037465e-27 5.069645e-26 2.111063e-25 9.994672e-31 2.939714e-29 4.438266e-28 4.857356e-27 1.307098e-30 3.648929e-23 9.291840e-31 2.152650e-29 1.944612e-28
-9.999000e+03 -9.999000e+03 -9.999000e+03 -9.999000e+03 -9.999000e+03 -9.999000e+03 -9.999000e+03 -9.999000e+03 -9.999000e+03 -9.999000e+03 -9.999000e+03 -9.999000e+03 -9.999000e+03 -9.999000e+03 -9.999000e+03 -9.999000e+03 -9.999000e+03 -9.999000e+03 -9.999000e+03 -9.999000e+03 -9.999000e+03 -9.999000e+03 -9.999000e+03 -9.999000e+03 -9.999000e+03 -9.999000e+03 -9.999000e+03 -9.999000e+03 -9.999000e+03 -9.999000e+03 1.062354e-27 -9.999000e+03 -9.999000e+03 -9.999000e+03 -9.999000e+03 -9.999000e+03 -9.999000e+03 -9.999000e+03 2.298872e-30 8.164456e-29 1.246152e-27 1.355646e-26 8.166672e-26 2.588093e-25 7.364249e-25 1.807374e-24 5.084966e-24 1.701577e-23 1.520551e-30 2.893638e-29 2.993090e-28 1.949004e-27
-9.999000e+03 -9.999000e+03 -9.999000e+03 -9.999000e+03 -9.999000e+03 -9.999000e+03 -9.999000e+03 -9.999000e+03 -9.999000e+03 -9.999000e+03 -9.999000e+03 -9.999000e+03 -9.999000e+03 -9.999000e+03 -9.999000e+03 -9.999000e+03 -9.999000e+03 -9.999000e+03 -9.999000e+03 -9.999000e+03 -9.999000e+03 -9.999000e+03 -9.999000e+03 -9.999000e+03 -9.999000e+03 -9.999000e+03 -9.999000e+03 -9.999000e+03 -9.999000e+03 -9.999000e+03 -9.999000e+03 -9.999000e+03 -9.999000e+03 -9.999000e+03 -9.999000e+03 -9.999000e+03 -9.999000e+03 -9.999000e+03 -9.999000e+03 -9.999000e+03 -9.999000e+03 2.208842e-30 1.897381e-30 1.345732e-30 3.776768e-29 5.617361e-28 6.798735e-27 8.394564e-26 4.362313e-25 8.879687e-25 1.677519e-24 3.408714e-24
-9.999000e+03 -9.999000e+03 -9.999000e+03 -9.999000e+03 -9.999000e+03 -9.999000e+03 -9.999000e+03 -9.999000e+03 -9.999000e+03 -9.999000e+03 -9.999000e+03 -9.999000e+03 -9.999000e+03 -9.999000e+03 -9.999000e+03 -9.999000e+03 -9.999000e+03 -9.999000e+03 -9.999000e+03 -9.999000e+03 -9.999000e+03 -9.999000e+03 -9.999000e+03 -9.999000e+03 -9.999000e+03 -9.999000e+03 -9.999000e+03 -9.999000e+03 -9.999000e+03 -9.999000e+03 -9.999000e+03 -9.999000e+03 -9.999000e+03 -9.999000e+03 -9.999000e+03 -9.999000e+03 -9.999000e+03 -9.999000e+03 -9.999000e+03 -9.999000e+03 -9.999000e+03 -9.999000e+03 -9.999000e+03 -9.999000e+03 1.001851e-30 1.117128e-30 4.861900e-29 1.036519e-27 1.501208e-30 2.684392e-29 3.477210e-28 4.163614e-27
-9.999000e+03 -9.999000e+03 -9.999000e+03 -9.999000e+03 -9.999000e+03 -9.999000e+03 -9.999000e+03 -9.999000e+03 -9.999000e+03 -9.999000e+03 -9.999000e+03 -9.999000e+03 -9.999000e+03 -9.999000e+03 -9.999000e+03 -9.999000e+03 -9.999000e+03 -9.999000e+03 -9.999000e+03 -9.999000e+03 -9.999000e+03 -9.999000e+03 -9.999000e+03 -9.999000e+03 -9.999000e+03 -9.999000e+03 -9.999000e+03 -9.999000e+03 -9.999000e+03 -9.999000e+03 -9.999000e+03 -9.999000e+03 -9.999000e+03 -9.999000e+03 -9.999000e+03 -9.999000e+03 -9.999000e+03 -9.999000e+03 -9.999000e+03 -9.999000e+03 -9.999000e+03 -9.999000e+03 -9.999000e+03 -9.999000e+03 -9.999000e+03 -9.999000e+03 -9.999000e+03 -9.999000e+03 -9.999000e+03 -9.999000e+03 8.408971e-31 5.133208e-29
-9.999000e+03 -9.999000e+03 -9.999000e+03 -9.999000e+03 -9.999000e+03 -9.999000e+03 -9.999000e+03 -9.999000e+03 -9.999000e+03 -9.999000e+03 -9.999000e+03 -9.999000e+03 -9.999000e+03 -9.999000e+03 -9.999000e+03 -9.999000e+03 -9.999000e+03 -9.999000e+03 -9.999000e+03 -9.999000e+03 -9.999000e+03 -9.999000e+03 -9.999000e+03 -9.999000e+03 -9.999000e+03 -9.999000e+03 -9.999000e+03 -9.999000e+03 -9.999000e+03 -9.999000e+03 -9.999000e+03 -9.999000e+03 -9.999000e+03 -9.999000e+03 -9.999000e+03 -9.999000e+03 -9.999000e+03 -9.999000e+03 -9.999000e+03 -9.999000e+03 -9.999000e+03 -9.999000e+03 -9.999000e+03 -9.999000e+03 -9.999000e+03 -9.999000e+03 -9.999000e+03 -9.999000e+03 -9.999000e+03 -9.999000e+03 -9.999000e+03 1.801161e-30
-9.999000e+03 -9.999000e+03 -9.999000e+03 -9.999000e+03 -9.999000e+03 -9.999000e+03 -9.999000e+03 -9.999000e+03 -9.999000e+03 -9.999000e+03 -9.999000e+03 -9.999000e+03 -9.999000e+03 -9.999000e+03 -9.999000e+03 -9.999000e+03 -9.999000e+03 -9.999000e+03 -9.999000e+03 -9.999000e+03 -9.999000e+03 -9.999000e+03 -9.999000e+03 -9.999000e+03 -9.999000e+03 -9.999000e+03 -9.999000e+03 -9.999000e+03 -9.999000e+03 -9.999000e+03 -9.999000e+03 -9.999000e+03 -9.999000e+03 -9.999000e+03 -9.999000e+03 -9.999000e+03 -9.999000e+03 -9.999000e+03 -9.999000e+03 -9.999000e+03 -9.999000e+03 -9.999000e+03 -9.999000e+03 -9.999000e+03 -9.999000e+03 -9.999000e+03 -9.999000e+03 -9.999000e+03 -9.999000e+03 -9.999000e+03 -9.999000e+03 -9.999000e+03
-9.999000e+03 -9.999000e+03 -9.999000e+03 -9.999000e+03 -9.999000e+03 -9.999000e+03 -9.999000e+03 -9.999000e+03 -9.999000e+03 -9.999000e+03 -9.999000e+03 -9.999000e+03 -9.999000e+03 -9.999000e+03 -9.999000e+03 -9.999000e+03 -9.999000e+03 -9.999000e+03 -9.999000e+03 -9.999000e+03 -9.999000e+03 -9.999000e+03 -9.999000e+03 -9.999000e+03 -9.999000e+03 -9.999000e+03 -9.999000e+03 -9.999000e+03 -9.999000e+03 -9.999000e+03 -9.999000e+03 -9.999000e+03 -9.999000e+03 -9.999000e+03 -9.999000e+03 -9.999000e+03 -9.999000e+03 -9.999000e+03 -9.999000e+03 -9.999000e+03 -9.999000e+03 -9.999000e+03 -9.999000e+03 -9.999000e+03 -9.999000e+03 -9.999000e+03 -9.999000e+03 -9.999000e+03 -9.999000e+03 -9.999000e+03 -9.999000e+03 -9.999000e+03
