tests/data/reference/test_implicit_stream_rill_mfda/control/volrest_m3.asc
ncols	123
nrows	77
xllcorner	-713746.79929998
yllcorner	-1061022.36961616
cellsize	10.0
NODATA_value	-9999
[rows 23 to 45 of 77, columns 52 to 103 of 123]
0.000000e+00 9.668959e-44 2.223861e-42 3.303757e-40 2.397896e-39 6.163326e-37 4.042752e-38 1.042960e-39 1.342878e-39 1.226402e-40 6.901395e-42 7.712747e-42 8.714675e-42 1.137294e-41 2.052061e-41 2.496912e-34 8.377468e-29 2.106323e-27 7.183866e-38 1.032516e-38 4.014720e-42 6.586103e-44 0.000000e+00 7.987401e-44 0.000000e+00 0.000000e+00 3.866328e-04 1.388466e-24 1.995552e-33 4.330012e-43 1.401298e-45 0.000000e+00 0.000000e+00 0.000000e+00 -9.999000e+03 -9.999000e+03 -9.999000e+03 -9.999000e+03 -9.999000e+03 -9.999000e+03 -9.999000e+03 -9.999000e+03 -9.999000e+03 -9.999000e+03 -9.999000e+03 -9.999000e+03 -9.999000e+03 -9.999000e+03 -9.999000e+03 -9.999000e+03 -9.999000e+03 -9.999000e+03
0.000000e+00 0.000000e+00 2.073922e-42 3.807888e-41 3.173062e-39 2.872488e-38 3.422644e-36 1.770695e-36 1.577308e-38 2.177693e-38 1.853186e-39 1.414443e-40 1.619467e-40 2.545543e-40 4.828286e-40 1.126089e-39 1.072217e-26 1.731136e-26 9.430745e-37 5.798314e-38 3.662994e-41 1.086006e-42 2.522337e-44 1.195308e-42 0.000000e+00 1.401298e-45 0.000000e+00 2.065911e-03 1.597125e-22 3.692246e-31 7.595416e-40 1.401298e-45 0.000000e+00 0.000000e+00 0.000000e+00 -9.999000e+03 -9.999000e+03 -9.999000e+03 -9.999000e+03 -9.999000e+03 -9.999000e+03 -9.999000e+03 -9.999000e+03 -9.999000e+03 -9.999000e+03 -9.999000e+03 -9.999000e+03 -9.999000e+03 -9.999000e+03 -9.999000e+03 -9.999000e+03 -9.999000e+03
7.286752e-44 0.000000e+00 1.401298e-45 3.615490e-41 5.617231e-40 7.356740e-38 1.579603e-36 1.517811e-35 9.609317e-36 9.413236e-37 1.234291e-36 3.447517e-38 2.527784e-39 4.418727e-39 7.748616e-39 1.587703e-38 1.027083e-28 5.665317e-26 2.322499e-36 2.075727e-37 2.617822e-40 1.327870e-41 5.969531e-43 1.416292e-41 0.000000e+00 4.063766e-44 0.000000e+00 3.253874e-03 0.000000e+00 1.999782e-21 7.681257e-29 5.591181e-43 2.802597e-45 1.401298e-45 0.000000e+00 0.000000e+00 0.000000e+00 0.000000e+00 -9.999000e+03 -9.999000e+03 -9.999000e+03 -9.999000e+03 -9.999000e+03 -9.999000e+03 -9.999000e+03 -9.999000e+03 -9.999000e+03 -9.999000e+03 -9.999000e+03 -9.999000e+03 -9.999000e+03 -9.999000e+03
0.000000e+00 1.474166e-42 1.401298e-45 8.267661e-44 6.520970e-40 8.529426e-39 2.591293e-36 8.981032e-36 4.194508e-35 3.490127e-35 6.711204e-36 9.074361e-36 2.427591e-36 1.997259e-37 5.242319e-37 1.198926e-36 2.417528e-29 1.392154e-25 4.806701e-36 1.020585e-36 1.892029e-39 1.570477e-40 1.283730e-41 1.506704e-40 1.681558e-44 8.631999e-43 0.000000e+00 4.831596e-03 0.000000e+00 1.197540e-20 7.502804e-27 4.141678e-41 2.648454e-43 9.668959e-44 1.401298e-45 0.000000e+00 0.000000e+00 0.000000e+00 0.000000e+00 0.000000e+00 -9.999000e+03 -9.999000e+03 -9.999000e+03 -9.999000e+03 -9.999000e+03 -9.999000e+03 -9.999000e+03 -9.999000e+03 -9.999000e+03 -9.999000e+03 -9.999000e+03 -9.999000e+03
0.000000e+00 0.000000e+00 3.265025e-41 1.121039e-43 4.240329e-42 1.030187e-38 5.806415e-37 1.195652e-35 3.169669e-35 1.130558e-34 1.189245e-34 3.779864e-35 5.560055e-35 1.857430e-35 5.017465e-36 9.350532e-36 2.795091e-30 2.493927e-25 1.341979e-35 3.765944e-36 2.596564e-38 2.396960e-39 2.947996e-40 1.874733e-39 6.502025e-43 1.357718e-41 1.121039e-44 8.250229e-05 0.000000e+00 3.104546e-20 1.154065e-25 5.094533e-40 1.474166e-41 8.700662e-42 1.513402e-43 2.802597e-45 0.000000e+00 0.000000e+00 0.000000e+00 3.643376e-44 0.000000e+00 2.224951e-03 -9.999000e+03 -9.999000e+03 -9.999000e+03 -9.999000e+03 -9.999000e+03 -9.999000e+03 -9.999000e+03 -9.999000e+03 -9.999000e+03 -9.999000e+03
1.401298e-45 0.000000e+00 5.520990e-40 4.307591e-42 0.000000e+00 1.121627e-40 7.752172e-37 4.890912e-36 4.022218e-35 9.312744e-35 2.739351e-34 3.370768e-34 1.616271e-34 2.494600e-34 1.282151e-34 6.114478e-35 5.939682e-31 1.192364e-25 2.845735e-35 9.257445e-36 8.435920e-37 4.294892e-38 4.121416e-39 2.238951e-38 1.718973e-41 1.538990e-40 3.012792e-43 6.728580e-05 9.809089e-45 5.975615e-20 1.493282e-24 3.377010e-39 3.383813e-40 3.886053e-40 1.471504e-41 3.531272e-43 0.000000e+00 0.000000e+00 0.000000e+00 2.101948e-44 -9.999000e+03 4.594442e-03 3.263984e-03 4.482954e-03 -9.999000e+03 -9.999000e+03 -9.999000e+03 -9.999000e+03 -9.999000e+03 -9.999000e+03 -9.999000e+03 -9.999000e+03
5.465064e-44 0.000000e+00 7.697456e-39 1.031538e-40 0.000000e+00 0.000000e+00 1.779855e-39 5.829839e-36 1.947860e-35 1.118889e-34 2.369245e-34 6.018639e-34 9.807752e-34 7.658506e-34 1.551720e-33 1.204580e-33 5.639970e-34 1.225408e-27 3.693563e-35 1.462654e-35 2.988759e-36 7.831142e-37 6.604654e-38 6.020832e-37 2.700344e-40 1.353688e-39 5.791567e-42 7.013532e-02 3.138909e-43 8.380189e-20 2.286310e-23 2.132800e-38 3.455507e-39 5.391384e-39 5.469268e-40 2.980001e-41 7.006492e-45 8.407791e-45 0.000000e+00 -9.999000e+03 -9.999000e+03 1.102598e-04 5.175175e-05 0.000000e+00 6.023805e-03 -9.999000e+03 -9.999000e+03 -9.999000e+03 -9.999000e+03 -9.999000e+03 -9.999000e+03 -9.999000e+03
2.420042e-42 4.203895e-45 7.508974e-37 1.823462e-39 0.000000e+00 0.000000e+00 0.000000e+00 2.103243e-38 2.265130e-35 7.133599e-35 3.173892e-34 7.280508e-34 2.037450e-33 3.455990e-33 3.653202e-33 4.461632e-33 3.267060e-33 1.210883e-33 1.503678e-28 1.720892e-35 6.298562e-36 3.366439e-36 1.415051e-36 3.700907e-36 2.750973e-39 9.345477e-39 8.314044e-41 9.645431e-02 7.233503e-42 4.112200e-20 2.864623e-22 1.644221e-37 2.516641e-38 1.004225e-37 0.000000e+00 0.000000e+00 5.787363e-43 5.352960e-43 -9.999000e+03 -9.999000e+03 0.000000e+00 7.792452e-09 1.820809e-09 4.203895e-45 0.000000e+00 6.682366e-03 -9.999000e+03 -9.999000e+03 -9.999000e+03 -9.999000e+03 -9.999000e+03 -9.999000e+03
1.418590e-40 3.769493e-43 1.090506e-35 5.669670e-38 0.000000e+00 0.000000e+00 0.000000e+00 4.203895e-45 1.289867e-36 1.235200e-34 3.947720e-34 1.754507e-33 3.465301e-33 5.065716e-33 6.779945e-33 4.929091e-33 4.606982e-33 2.963581e-33 5.648407e-30 1.701887e-35 1.071350e-35 9.252952e-36 5.724641e-36 1.160904e-35 3.877109e-38 2.252788e-37 1.055116e-39 1.097577e-01 1.160499e-40 1.756359e-21 2.513452e-21 5.430281e-37 1.782368e-37 0.000000e+00 0.000000e+00 0.000000e+00 1.167141e-41 -9.999000e+03 -9.999000e+03 0.000000e+00 1.401298e-45 2.996722e-16 2.071436e-17 2.822215e-42 4.203895e-45 0.000000e+00 0.000000e+00 -9.999000e+03 -9.999000e+03 -9.999000e+03 -9.999000e+03 -9.999000e+03
1.797511e-38 4.135092e-41 1.522481e-34 4.456658e-36 0.000000e+00 5.605194e-45 0.000000e+00 0.000000e+00 2.031883e-43 1.399763e-35 6.492184e-34 2.012352e-33 4.164462e-33 5.117778e-33 6.509693e-33 5.584907e-33 4.381726e-33 3.738789e-33 5.070373e-32 2.061689e-35 2.129654e-35 2.493095e-35 1.909680e-35 3.078100e-35 1.102011e-36 2.353160e-36 1.014823e-38 1.275019e-01 1.687990e-39 1.750315e-23 2.636128e-20 1.635376e-36 0.000000e+00 0.000000e+00 0.000000e+00 0.000000e+00 -9.999000e+03 -9.999000e+03 0.000000e+00 0.000000e+00 7.707142e-44 1.799355e-29 0.000000e+00 0.000000e+00 6.151700e-43 1.401298e-45 1.401298e-45 0.000000e+00 6.344154e-03 -9.999000e+03 -9.999000e+03 -9.999000e+03
3.488739e-36 1.553906e-35 3.887831e-39 2.138785e-33 6.987784e-35 0.000000e+00 4.344025e-43 8.407791e-45 0.000000e+00 7.796825e-42 7.325925e-35 1.533116e-33 2.776126e-33 4.041988e-33 4.542701e-33 4.763610e-33 4.580032e-33 3.936207e-33 3.652992e-33 1.553851e-34 6.171356e-35 7.192411e-35 5.474272e-35 6.309091e-35 4.791834e-36 8.694446e-36 7.209423e-37 1.538189e-01 5.943530e-38 6.213785e-27 3.785584e-19 0.000000e+00 0.000000e+00 0.000000e+00 -9.999000e+03 -9.999000e+03 -9.999000e+03 0.000000e+00 0.000000e+00 7.006492e-45 2.410233e-42 0.000000e+00 0.000000e+00 0.000000e+00 1.548014e-41 3.110883e-43 5.661246e-43 0.000000e+00 0.000000e+00 4.048754e-03 -9.999000e+03 -9.999000e+03
3.114642e-01 3.374395e-01 1.122189e-31 4.161411e-34 7.091306e-33 4.964964e-34 0.000000e+00 1.386585e-41 3.194960e-43 5.605194e-45 1.177245e-40 1.636525e-34 1.591494e-33 2.376482e-33 3.282979e-33 3.766738e-33 4.173161e-33 4.373860e-33 4.351325e-33 1.217942e-32 2.181089e-34 2.583163e-34 1.645366e-34 1.439615e-34 1.979571e-35 3.643670e-35 9.450891e-36 1.897601e-01 3.948005e-36 1.618924e-32 5.207879e-18 0.000000e+00 0.000000e+00 -9.999000e+03 -9.999000e+03 0.000000e+00 0.000000e+00 0.000000e+00 2.802597e-45 3.251012e-43 0.000000e+00 0.000000e+00 0.000000e+00 1.261169e-44 1.425485e-40 1.402840e-41 0.000000e+00 0.000000e+00 0.000000e+00 6.389653e-05 0.000000e+00 3.913088e-03
2.159201e-27 6.104600e-25 2.896214e-01 1.212907e-29 2.474919e-32 1.932853e-30 5.751269e-32 4.217908e-43 7.805520e-39 2.218970e-40 5.085312e-42 1.407319e-37 5.728988e-33 3.106579e-32 4.837009e-32 9.011843e-32 1.768220e-31 3.582259e-31 7.086615e-31 1.277940e-30 2.436354e-31 1.429373e-31 6.468730e-32 3.356556e-32 1.190851e-34 2.384643e-34 1.258365e-34 2.373629e-01 4.868570e-35 3.987021e-34 5.454504e-17 0.000000e+00 -9.999000e+03 -9.999000e+03 0.000000e+00 0.000000e+00 0.000000e+00 0.000000e+00 1.331234e-43 0.000000e+00 0.000000e+00 0.000000e+00 0.000000e+00 0.000000e+00 7.033551e-40 1.150130e-40 0.000000e+00 0.000000e+00 0.000000e+00 2.957345e-09 0.000000e+00 6.180275e-05
0.000000e+00 0.000000e+00 4.035740e-43 2.845065e-01 3.052642e-01 3.008217e-01 3.089039e-01 1.642314e-30 1.220545e-40 1.469091e-35 3.603320e-37 1.659433e-39 6.341859e-35 3.303870e-31 8.020902e-28 3.979300e-30 9.337777e-30 2.018242e-29 4.291571e-29 8.577731e-29 0.000000e+00 3.392422e-30 3.536583e-27 2.128870e-30 6.318811e-32 2.135646e-31 1.520862e-33 2.872355e-01 4.288461e-34 1.082565e-33 3.221434e-16 -9.999000e+03 -9.999000e+03 0.000000e+00 0.000000e+00 1.401298e-45 0.000000e+00 2.942727e-44 4.360841e-42 0.000000e+00 0.000000e+00 0.000000e+00 0.000000e+00 0.000000e+00 3.078287e-39 8.170187e-40 0.000000e+00 9.809089e-45 1.401298e-44 5.982859e-17 0.000000e+00 2.765367e-09
5.324934e-44 9.671762e-42 1.633551e-39 6.662190e-36 8.383750e-34 9.438758e-33 1.928502e-31 2.835983e-01 3.014368e-01 3.207874e-01 3.377459e-01 3.492728e-01 3.676402e-01 3.997436e-01 4.453200e-01 5.027556e-01 5.368395e-01 4.051998e-27 3.234034e-27 2.824469e-27 1.899612e-27 1.401298e-45 1.070591e-28 5.944132e-29 8.784294e-30 5.013488e-29 2.999085e-30 3.322651e-01 2.059873e-33 2.229285e-33 -9.999000e+03 -9.999000e+03 0.000000e+00 0.000000e+00 0.000000e+00 1.064987e-43 2.522337e-44 1.200913e-42 1.008991e-40 0.000000e+00 0.000000e+00 0.000000e+00 0.000000e+00 0.000000e+00 0.000000e+00 0.000000e+00 1.401298e-44 1.252761e-42 1.142058e-42 1.141779e-30 8.407791e-45 5.398630e-17
0.000000e+00 2.522337e-44 7.150826e-42 9.349110e-09 6.860394e-09 5.257594e-09 3.551680e-09 2.438339e-09 1.911707e-09 2.016344e-09 2.662475e-09 3.761865e-09 6.338417e-09 1.188374e-08 2.314163e-08 3.903338e-08 4.152346e-08 5.084292e-01 5.920699e-01 3.432989e-25 1.181659e-25 2.694052e-26 7.699451e-28 3.051025e-27 1.076781e-27 6.338911e-27 4.964133e-28 4.365642e-01 4.035169e-33 -9.999000e+03 -9.999000e+03 0.000000e+00 0.000000e+00 0.000000e+00 4.484155e-44 3.815736e-42 1.004731e-42 2.993174e-41 0.000000e+00 0.000000e+00 0.000000e+00 0.000000e+00 0.000000e+00 0.000000e+00 0.000000e+00 0.000000e+00 0.000000e+00 7.552298e-41 6.135725e-41 2.587197e-36 5.633220e-43 9.847905e-31
4.183467e-35 3.153789e-08 1.248162e-08 2.511979e-34 1.016985e-34 3.389376e-35 1.424953e-35 7.630632e-36 2.572991e-36 1.839705e-36 1.579071e-36 1.212932e-34 9.464483e-36 1.909551e-35 4.780626e-35 1.244007e-34 1.448335e-29 1.119304e-25 4.348760e-22 4.743867e-01 5.509545e-01 5.800131e-01 6.603481e-01 2.174783e-26 1.725983e-25 3.944300e-25 2.581198e-26 4.956465e-01 -9.999000e+03 -9.999000e+03 5.866496e-31 0.000000e+00 0.000000e+00 0.000000e+00 1.754426e-42 7.948165e-41 2.153375e-41 4.147423e-40 0.000000e+00 0.000000e+00 0.000000e+00 0.000000e+00 0.000000e+00 0.000000e+00 0.000000e+00 0.000000e+00 0.000000e+00 1.851477e-39 1.985966e-39 4.529668e-35 5.028139e-41 3.078852e-36
1.316882e-07 1.671795e-33 6.646286e-34 2.926328e-34 1.186156e-34 4.351117e-35 1.866313e-35 2.896881e-36 1.311636e-36 4.550777e-37 2.996722e-37 7.587807e-40 8.816157e-40 1.099710e-39 1.563506e-39 1.060972e-34 1.418554e-35 1.090231e-05 7.101144e-04 3.925137e-02 1.274431e-01 4.049532e-03 1.199622e-01 8.081918e-01 1.048824e-23 8.487495e-23 1.162886e-24 0.000000e+00 -9.999000e+03 7.006492e-45 1.163078e-42 0.000000e+00 0.000000e+00 0.000000e+00 3.878654e-41 1.182779e-39 3.213850e-40 3.940022e-39 0.000000e+00 0.000000e+00 0.000000e+00 0.000000e+00 0.000000e+00 0.000000e+00 0.000000e+00 0.000000e+00 0.000000e+00 0.000000e+00 5.460733e-38 2.988048e-34 1.946981e-39 5.012870e-35
3.748952e-33 2.410274e-33 1.198101e-33 6.429032e-34 3.340641e-34 1.500098e-34 1.013885e-35 4.014146e-36 1.608485e-36 5.872536e-37 1.388084e-40 1.224665e-40 1.098828e-40 1.063529e-40 7.263507e-38 7.325204e-40 4.169533e-11 1.370852e-36 1.497059e-36 7.001094e-37 2.064920e-36 -9.999000e+03 -9.999000e+03 -9.999000e+03 6.927100e-01 2.898113e-17 1.053188e-21 -9.999000e+03 -9.999000e+03 7.006492e-45 2.942727e-44 9.809089e-45 0.000000e+00 0.000000e+00 5.594768e-40 1.403912e-38 3.636182e-39 0.000000e+00 0.000000e+00 0.000000e+00 0.000000e+00 0.000000e+00 0.000000e+00 0.000000e+00 0.000000e+00 0.000000e+00 0.000000e+00 0.000000e+00 1.092767e-36 5.786193e-34 4.077414e-38 2.761403e-34
4.062516e-33 3.180204e-33 2.291292e-33 1.644763e-33 1.087828e-33 3.701489e-35 1.457141e-35 5.274718e-36 2.446493e-36 3.685415e-41 2.593663e-41 1.894696e-41 1.562868e-41 3.621987e-38 9.933805e-41 1.412187e-10 4.250414e-37 9.406356e-41 9.783866e-42 1.442917e-41 4.951541e-36 1.445591e-39 3.975020e-38 -9.999000e+03 -9.999000e+03 -9.999000e+03 5.347194e-03 -9.999000e+03 1.155447e-06 9.380432e-41 1.011205e-40 6.931663e-41 0.000000e+00 5.605194e-45 6.320576e-39 6.679387e-37 6.354089e-38 0.000000e+00 0.000000e+00 0.000000e+00 0.000000e+00 0.000000e+00 0.000000e+00 0.000000e+00 0.000000e+00 0.000000e+00 0.000000e+00 0.000000e+00 3.643735e-36 6.024835e-34 1.438312e-36 6.179329e-34
4.636954e-33 4.177444e-33 3.737278e-33 3.372108e-33 7.347860e-35 3.684654e-35 1.552663e-35 7.472588e-36 1.186900e-41 7.118596e-42 4.129627e-42 2.740940e-42 6.228437e-38 2.103910e-41 4.473364e-10 1.489959e-36 1.228378e-41 5.661246e-43 4.498168e-43 5.772257e-40 4.848493e-43 1.773764e-41 4.300585e-41 8.791971e-40 4.185362e-39 -9.999000e+03 -9.999000e+03 -9.999000e+03 2.556103e-06 7.063036e-12 9.839236e-34 1.752369e-36 0.000000e+00 6.221765e-43 4.723278e-37 4.973190e-36 1.396076e-36 0.000000e+00 0.000000e+00 0.000000e+00 0.000000e+00 0.000000e+00 0.000000e+00 0.000000e+00 0.000000e+00 0.000000e+00 0.000000e+00 1.401298e-45 8.603807e-36 4.602909e-34 5.776727e-36 6.665017e-34
4.997541e-33 5.005494e-33 4.735639e-33 5.200057e-35 3.670315e-35 1.869717e-35 9.188690e-36 1.628309e-42 1.289195e-42 7.889310e-43 4.778428e-43 1.325022e-37 5.064293e-42 7.875953e-10 7.007038e-36 2.240676e-42 6.305843e-44 3.923636e-44 1.540377e-40 2.101948e-44 1.961818e-44 2.101948e-44 7.679116e-43 2.798393e-42 3.180948e-41 4.105348e-31 -9.999000e+03 -9.999000e+03 -9.999000e+03 -9.999000e+03 5.253730e-14 3.574718e-33 1.441656e-41 3.594050e-41 6.770984e-36 2.090365e-35 5.688677e-36 0.000000e+00 0.000000e+00 0.000000e+00 0.000000e+00 0.000000e+00 0.000000e+00 0.000000e+00 0.000000e+00 0.000000e+00 0.000000e+00 1.373272e-43 1.686797e-35 2.620194e-34 1.233212e-35 3.633317e-34
5.285130e-33 5.579436e-33 2.068639e-35 1.645324e-35 9.818316e-36 5.142060e-36 6.165713e-44 6.586103e-44 6.305843e-44 4.764415e-44 1.878159e-37 9.360674e-43 3.807530e-08 5.062274e-35 3.335090e-43 7.006492e-45 4.203895e-45 6.678308e-41 1.401298e-45 1.401298e-45 1.401298e-45 1.401298e-45 1.401298e-45 5.184804e-44 1.191104e-43 -9.999000e+03 -9.999000e+03 0.000000e+00 6.165713e-44 -9.999000e+03 -9.999000e+03 -9.999000e+03 9.927673e-39 3.854438e-37 3.304247e-35 7.808070e-35 2.084022e-35 0.000000e+00 0.000000e+00 0.000000e+00 0.000000e+00 0.000000e+00 0.000000e+00 0.000000e+00 0.000000e+00 0.000000e+00 0.000000e+00 5.245060e-42 2.968614e-35 1.425680e-34 1.448511e-35 1.153101e-34
