tests/data/reference/test_implicit_stream_rill_mfda/control/volrest_m3.asc
ncols	123
nrows	77
xllcorner	-713746.79929998
yllcorner	-1061022.36961616
cellsize	10.0
NODATA_value	-9999
[rows 23 to 45 of 77, columns 0 to 51 of 123]
-9.999000e+03 -9.999000e+03 -9.999000e+03 -9.999000e+03 -9.999000e+03 -9.999000e+03 -9.999000e+03 -9.999000e+03 -9.999000e+03 -9.999000e+03 -9.999000e+03 -9.999000e+03 -9.999000e+03 -9.999000e+03 2.908749e-27 4.041727e-21 1.092427e-19 4.468779e-25 1.344262e-27 2.619365e-24 1.046601e-26 1.768525e-03 2.771023e-25 3.291936e-05 1.038486e-15 3.580966e-17 7.553676e-15 8.728111e-20 2.259481e-26 1.760708e-20 5.055034e-31 1.264124e-29 1.625260e-28 5.477135e-25 4.273074e-21 1.138516e-22 4.998244e-17 3.633334e-31 3.420719e-21 1.402320e-23 7.436883e-24 2.597633e-24 1.808771e-23 2.531535e-24 2.398744e-24 5.855893e-25 1.129186e-24 3.882245e-23 6.136526e-26 4.999143e-28 5.819067e-29 2.169847e-31
-9.999000e+03 -9.999000e+03 -9.999000e+03 -9.999000e+03 -9.999000e+03 -9.999000e+03 -9.999000e+03 -9.999000e+03 -9.999000e+03 -9.999000e+03 -9.999000e+03 -9.999000e+03 -9.999000e+03 -9.999000e+03 7.378311e-06 7.355290e-10 1.696070e-16 3.103586e-26 1.817285e-27 1.146923e-28 2.041900e-03 3.500480e-03 1.081393e-29 1.004751e-26 1.757122e-09 2.799966e-16 4.469689e-14 7.514794e-19 1.205452e-24 4.017028e-30 1.004622e-20 1.295617e-29 1.732173e-28 1.569687e-27 5.496478e-20 9.081155e-23 1.624716e-16 3.395914e-31 9.969639e-21 1.900422e-23 1.367914e-23 7.655187e-24 2.040230e-23 5.957234e-24 5.234310e-24 1.532542e-24 2.402645e-24 3.546161e-23 2.075590e-25 3.106916e-27 2.130457e-31 4.173701e-28
-9.999000e+03 -9.999000e+03 -9.999000e+03 -9.999000e+03 -9.999000e+03 -9.999000e+03 -9.999000e+03 -9.999000e+03 -9.999000e+03 -9.999000e+03 -9.999000e+03 -9.999000e+03 -9.999000e+03 -9.999000e+03 8.970836e-24 3.981180e-24 5.157099e-28 5.811406e-28 7.002934e-28 2.497729e-27 1.705249e-03 4.078526e-05 9.854900e-05 1.035893e-27 1.648593e-26 7.228060e-17 9.118951e-13 3.601257e-18 1.844061e-23 3.344545e-30 2.257602e-28 4.623912e-20 1.707954e-27 1.910980e-27 1.378740e-26 8.379094e-19 4.202150e-31 3.850168e-16 7.894950e-30 5.565121e-20 2.375009e-23 1.500263e-23 2.611393e-23 1.266927e-23 1.171022e-23 3.397629e-24 5.137631e-24 3.050443e-23 5.310436e-25 1.331768e-26 3.807070e-30 1.729394e-31
-9.999000e+03 -9.999000e+03 -9.999000e+03 -9.999000e+03 -9.999000e+03 -9.999000e+03 -9.999000e+03 -9.999000e+03 -9.999000e+03 -9.999000e+03 -9.999000e+03 -9.999000e+03 1.531254e-28 9.266411e-28 5.824177e-18 1.171312e-25 4.598192e-28 2.614882e-25 1.026215e-26 1.851151e-03 3.476224e-05 3.278334e-05 2.668571e-09 1.188128e-08 3.465932e-26 1.616515e-25 2.919618e-11 2.071422e-17 2.255402e-22 3.023452e-28 4.031842e-30 7.059788e-27 1.170269e-19 8.111213e-26 2.410577e-25 7.575752e-26 6.497728e-18 9.018963e-30 8.375440e-16 1.087961e-28 1.148441e-21 2.800917e-23 3.912973e-23 2.329976e-23 2.031736e-23 9.528298e-24 1.033392e-23 2.753252e-23 1.180370e-24 4.630030e-26 3.854303e-29 1.567787e-31
-9.999000e+03 -9.999000e+03 -9.999000e+03 -9.999000e+03 -9.999000e+03 -9.999000e+03 -9.999000e+03 -9.999000e+03 -9.999000e+03 -9.999000e+03 -9.999000e+03 -9.999000e+03 -9.999000e+03 1.874621e-28 2.860390e-25 1.821372e-25 2.934930e-26 3.121945e-26 2.540572e-03 5.029803e-05 1.214275e-09 3.386731e-17 1.690074e-09 3.705036e-16 8.578109e-15 1.579387e-13 3.194243e-12 3.140521e-09 1.536339e-16 2.730092e-21 1.169890e-26 3.583208e-28 2.344191e-25 3.694872e-19 2.102661e-24 3.265311e-24 2.319151e-24 5.059248e-19 1.130562e-28 1.418713e-15 -4.367573e-22 5.079722e-23 5.861697e-23 4.263756e-23 3.206001e-23 1.518505e-23 1.373752e-23 2.443635e-23 2.114298e-24 1.286136e-25 2.503080e-28 2.950909e-30
-9.999000e+03 -9.999000e+03 -9.999000e+03 -9.999000e+03 -9.999000e+03 -9.999000e+03 -9.999000e+03 -9.999000e+03 -9.999000e+03 -9.999000e+03 -9.999000e+03 -9.999000e+03 -9.999000e+03 -9.999000e+03 -9.999000e+03 3.389421e-27 1.264214e-24 2.487575e-03 4.343788e-03 1.146391e-04 1.354309e-08 2.030922e-15 3.583639e-19 5.887476e-18 5.797403e-17 2.803904e-16 1.105377e-15 3.433361e-10 2.212688e-06 5.139496e-16 2.850585e-20 5.206831e-25 2.978329e-26 1.253536e-23 9.924991e-19 2.296776e-23 3.818927e-23 4.364916e-23 1.323716e-14 9.162029e-27 3.392404e-17 7.843972e-23 8.432170e-23 5.752691e-23 4.482827e-23 2.198556e-23 1.663810e-23 2.252867e-23 3.529090e-24 3.432308e-25 1.401883e-27 2.932660e-29
-9.999000e+03 -9.999000e+03 -9.999000e+03 -9.999000e+03 -9.999000e+03 -9.999000e+03 -9.999000e+03 -9.999000e+03 -9.999000e+03 -9.999000e+03 -9.999000e+03 -9.999000e+03 -9.999000e+03 -9.999000e+03 -9.999000e+03 -9.999000e+03 4.563828e-26 3.089804e-03 5.930161e-05 4.197573e-09 2.636632e-16 4.420090e-20 5.640932e-19 2.636703e-18 5.726487e-18 6.167790e-18 5.560035e-18 6.068390e-18 5.650542e-18 5.446362e-08 1.174071e-08 9.828773e-07 3.578298e-23 1.420883e-24 2.191443e-22 1.597919e-18 5.191891e-18 4.663390e-17 6.498505e-22 4.640028e-13 1.605571e-25 3.035455e-17 8.991237e-23 6.032824e-23 4.655381e-23 2.487433e-23 1.918571e-23 2.212647e-23 7.611691e-24 7.865691e-25 6.546195e-27 2.408474e-28
-9.999000e+03 -9.999000e+03 -9.999000e+03 -9.999000e+03 -9.999000e+03 -9.999000e+03 -9.999000e+03 -9.999000e+03 -9.999000e+03 -9.999000e+03 -9.999000e+03 -9.999000e+03 -9.999000e+03 -9.999000e+03 -9.999000e+03 -9.999000e+03 2.251024e-03 3.786234e-05 6.155294e-10 8.602807e-18 1.559720e-21 7.364569e-05 1.035490e-02 6.510518e-02 1.111757e-01 1.502720e-01 1.950072e-01 2.545258e-01 3.063856e-01 3.400997e-01 3.852915e-01 4.492200e-01 5.106118e-01 7.698172e-01 8.885128e-01 1.933290e-01 1.650374e-01 1.510737e-01 1.570252e-01 1.696144e-01 1.996800e-01 2.192046e-01 2.358827e-18 1.207002e-21 6.618486e-22 3.968367e-23 2.754651e-23 2.737499e-23 1.325326e-23 1.810522e-24 2.948017e-26 1.854043e-27
-9.999000e+03 -9.999000e+03 -9.999000e+03 -9.999000e+03 -9.999000e+03 -9.999000e+03 -9.999000e+03 -9.999000e+03 -9.999000e+03 -9.999000e+03 -9.999000e+03 -9.999000e+03 -9.999000e+03 -9.999000e+03 -9.999000e+03 2.245605e-03 3.777321e-05 4.598406e-10 4.868330e-15 3.129025e-12 6.501311e-07 5.104250e-21 1.121554e-18 7.266425e-17 1.791953e-15 6.782933e-14 1.602235e-12 4.154030e-11 7.985352e-10 7.138303e-09 9.261067e-08 1.845242e-06 6.744004e-05 2.764699e-02 1.126115e-01 1.680351e-01 2.083707e-01 7.334618e-03 1.306694e-03 3.445756e-04 1.130287e-04 1.785999e-05 1.887890e-01 2.664521e-01 2.886578e-01 9.400866e-21 1.708459e-20 5.238851e-23 2.593297e-23 5.962083e-24 1.601979e-25 1.511904e-26
-9.999000e+03 -9.999000e+03 -9.999000e+03 -9.999000e+03 -9.999000e+03 -9.999000e+03 -9.999000e+03 -9.999000e+03 -9.999000e+03 -9.999000e+03 -9.999000e+03 -9.999000e+03 -9.999000e+03 -9.999000e+03 2.663316e-03 4.809067e-03 1.252131e-04 1.092304e-08 5.161148e-23 1.246056e-09 2.772795e-22 4.438674e-22 7.371712e-22 5.113056e-21 2.813338e-19 5.946205e-22 1.353992e-21 2.173197e-23 2.003491e-23 3.297293e-22 2.298087e-21 6.978697e-17 8.249948e-15 8.991791e-13 5.944747e-11 1.704449e-09 1.141189e-26 4.633705e-26 4.108673e-23 5.588467e-24 8.618085e-25 7.274793e-25 6.502342e-22 3.712757e-20 1.932581e-18 2.259266e-01 2.780196e-01 3.075263e-01 1.717103e-21 1.119066e-20 1.433514e-24 1.947752e-25
-9.999000e+03 -9.999000e+03 -9.999000e+03 -9.999000e+03 -9.999000e+03 -9.999000e+03 -9.999000e+03 -9.999000e+03 -9.999000e+03 -9.999000e+03 -9.999000e+03 -9.999000e+03 -9.999000e+03 -9.999000e+03 2.350880e-03 3.954136e-05 4.078709e-22 2.673308e-23 7.103206e-10 9.484086e-25 3.072988e-24 1.333818e-23 6.749163e-22 2.335868e-23 1.056006e-23 8.735628e-23 2.339701e-23 1.459320e-23 3.702117e-22 5.720242e-21 6.697111e-20 4.667688e-25 3.713833e-24 1.441222e-23 2.795247e-20 2.743469e-29 3.609330e-28 1.215193e-24 2.070696e-25 3.899804e-26 2.587197e-26 4.244775e-24 9.455947e-26 8.783070e-26 2.352751e-25 2.283906e-23 9.561104e-22 3.356178e-20 2.585939e-01 2.940899e-01 3.927071e-01 1.830640e-21
-9.999000e+03 -9.999000e+03 -9.999000e+03 -9.999000e+03 -9.999000e+03 -9.999000e+03 -9.999000e+03 -9.999000e+03 -9.999000e+03 -9.999000e+03 -9.999000e+03 -9.999000e+03 -9.999000e+03 5.323210e-03 4.405644e-04 4.121603e-22 3.680522e-23 3.611283e-10 1.281858e-25 6.072362e-25 3.658742e-24 1.288348e-23 2.082974e-23 5.258698e-24 2.168720e-22 2.268557e-23 1.878250e-23 1.246757e-23 9.502490e-24 8.005533e-25 8.433717e-26 9.373795e-25 3.583710e-24 2.454068e-21 6.799999e-31 1.737321e-29 4.274955e-25 5.591709e-26 1.011980e-26 7.084040e-27 2.673141e-25 3.598905e-27 2.832113e-27 1.299907e-26 1.194915e-26 2.070073e-27 4.569510e-27 4.984809e-27 7.823203e-27 1.763188e-24 6.589194e-22 3.204139e-01
-9.999000e+03 -9.999000e+03 -9.999000e+03 -9.999000e+03 -9.999000e+03 -9.999000e+03 -9.999000e+03 -9.999000e+03 -9.999000e+03 -9.999000e+03 -9.999000e+03 -9.999000e+03 2.767809e-03 8.747084e-03 3.235999e-16 9.916196e-23 2.743108e-10 1.849615e-26 1.007726e-25 9.527713e-25 3.560591e-24 1.261866e-23 2.010258e-24 8.794661e-22 2.213929e-23 2.079214e-23 1.717877e-23 1.284853e-23 3.784011e-25 1.753638e-26 3.053306e-25 1.794017e-24 2.193223e-22 2.368043e-28 6.179886e-31 1.724955e-25 1.341733e-26 1.865782e-27 1.453952e-27 1.446793e-25 8.030483e-28 6.321327e-28 5.278056e-28 4.962012e-28 5.853136e-29 2.942182e-28 2.637006e-28 2.357970e-28 5.286579e-28 9.444796e-28 1.669971e-22 5.349825e-21
-9.999000e+03 -9.999000e+03 -9.999000e+03 -9.999000e+03 -9.999000e+03 -9.999000e+03 -9.999000e+03 -9.999000e+03 -9.999000e+03 -9.999000e+03 -9.999000e+03 -9.999000e+03 6.031330e-03 8.020853e-09 3.491304e-22 1.607487e-10 1.972791e-27 1.495824e-26 2.618202e-25 1.372730e-24 4.293800e-24 4.694830e-25 3.466352e-21 1.819386e-23 1.980535e-23 2.096052e-23 2.016656e-23 1.852017e-25 3.917723e-27 1.234701e-25 1.318956e-24 2.355197e-23 5.600021e-31 1.725813e-29 6.220219e-26 2.856575e-27 3.081542e-28 2.617161e-28 8.283522e-26 1.680746e-28 1.192847e-28 9.300432e-29 8.070375e-29 6.469780e-30 6.207492e-30 5.574452e-30 4.939301e-30 2.033103e-29 2.159236e-29 8.839907e-24 1.320688e-27 2.255989e-27
-9.999000e+03 -9.999000e+03 -9.999000e+03 -9.999000e+03 -9.999000e+03 -9.999000e+03 -9.999000e+03 -9.999000e+03 -9.999000e+03 -9.999000e+03 -9.999000e+03 3.552630e-03 2.124329e-04 1.493139e-21 1.300639e-10 1.263333e-28 1.879911e-27 7.933149e-26 6.475698e-25 2.720836e-24 7.881053e-26 1.086960e-20 1.162354e-23 1.423055e-23 1.918086e-23 2.293384e-23 6.658646e-26 7.397004e-28 4.726189e-26 9.437761e-25 4.490660e-26 7.092676e-25 8.368276e-31 2.382909e-26 4.133616e-28 2.871633e-29 2.871499e-29 3.736895e-26 2.564110e-29 2.179884e-29 1.494026e-29 9.818598e-30 3.126562e-31 3.253539e-31 3.105001e-31 2.709474e-31 2.482899e-31 2.366890e-31 2.913624e-25 4.272990e-29 4.853582e-29 5.460320e-29
-9.999000e+03 -9.999000e+03 -9.999000e+03 -9.999000e+03 -9.999000e+03 -9.999000e+03 -9.999000e+03 -9.999000e+03 -9.999000e+03 -9.999000e+03 3.940152e-03 8.165365e-03 3.828049e-17 1.264274e-10 5.536611e-30 1.910605e-28 2.563906e-26 3.997429e-25 2.833890e-24 1.271567e-26 2.262878e-20 9.160557e-24 1.171036e-23 1.650375e-23 2.189711e-23 1.273448e-26 5.807903e-29 1.030839e-26 4.179788e-25 1.308652e-26 1.293251e-26 1.178323e-26 9.543517e-27 3.733163e-29 9.456362e-31 1.241232e-30 9.897631e-27 1.459320e-30 1.412350e-30 1.281008e-30 8.459258e-31 4.539322e-31 9.078562e-30 1.176451e-28 9.808204e-28 5.877155e-27 2.630280e-26 1.010505e-25 3.049143e-31 3.729943e-31 3.748646e-31 1.484152e-30
-9.999000e+03 -9.999000e+03 -9.999000e+03 -9.999000e+03 -9.999000e+03 -9.999000e+03 -9.999000e+03 -9.999000e+03 -9.999000e+03 -9.999000e+03 4.686281e-03 2.933999e-09 4.438179e-11 7.419222e-28 1.063065e-29 8.678778e-27 3.109140e-25 4.929752e-24 1.780512e-27 2.933911e-20 1.067060e-23 1.203892e-23 1.753894e-23 1.983662e-23 1.573560e-27 1.768237e-30 1.242927e-27 1.049029e-25 1.592176e-27 2.194438e-27 2.476167e-27 2.399266e-27 2.182380e-30 1.251971e-30 4.039220e-29 9.366297e-28 1.906960e-30 9.494299e-29 1.626381e-27 1.255838e-26 9.055643e-31 4.716237e-31 1.012997e-29 1.424625e-28 1.304259e-27 7.723736e-27 3.643959e-26 1.300878e-25 4.434145e-25 1.559126e-24 4.506617e-24 1.148743e-23
-9.999000e+03 -9.999000e+03 -9.999000e+03 -9.999000e+03 -9.999000e+03 -9.999000e+03 -9.999000e+03 -9.999000e+03 -9.999000e+03 4.595915e-03 1.369463e-04 1.232449e-11 2.849323e-26 1.329333e-29 9.679412e-28 1.619767e-25 1.065007e-23 2.015054e-28 2.618601e-20 1.978581e-23 1.741797e-23 2.566323e-23 1.773078e-23 8.966758e-29 1.948103e-30 8.359604e-29 1.722661e-26 9.735680e-29 1.232073e-28 2.112822e-28 2.301370e-28 3.401542e-30 9.798597e-29 8.554559e-28 6.030909e-27 4.623458e-26 3.036161e-25 1.586763e-24 1.465578e-30 9.399078e-31 2.553755e-26 1.260679e-29 1.415975e-28 1.439505e-27 1.103956e-26 5.836087e-26 2.275707e-25 6.353308e-25 1.531391e-24 3.457360e-24 1.066017e-23 2.010021e-23
-9.999000e+03 -9.999000e+03 -9.999000e+03 -9.999000e+03 -9.999000e+03 -9.999000e+03 -9.999000e+03 -9.999000e+03 -9.999000e+03 3.661299e-03 7.569585e-09 2.656060e-24 1.361297e-27 1.525115e-29 2.027840e-26 7.376704e-24 7.806824e-30 1.451978e-20 4.776345e-23 3.906857e-23 6.473066e-23 1.817752e-23 2.222394e-30 1.884260e-30 8.052885e-29 1.770208e-27 2.496392e-30 2.720918e-30 3.490516e-30 5.993925e-30 5.799444e-30 1.392812e-28 1.254162e-27 6.578057e-27 2.919799e-26 1.334365e-25 5.607045e-25 1.230941e-30 3.121877e-24 2.285728e-29 1.504134e-29 5.331086e-26 1.410448e-25 4.461206e-25 1.367285e-24 3.248097e-24 8.898441e-24 1.385420e-23 2.005944e-23 2.606051e-23 -4.101662e-06 5.274585e-06
-9.999000e+03 -9.999000e+03 -9.999000e+03 -9.999000e+03 -9.999000e+03 -9.999000e+03 -9.999000e+03 -9.999000e+03 6.826328e-03 2.102693e-04 4.847672e-14 2.058669e-25 1.803285e-29 1.078223e-27 1.398997e-24 8.053098e-24 2.533523e-21 9.025493e-23 9.281141e-23 3.434929e-22 1.958881e-23 1.117036e-28 1.714127e-27 1.356636e-26 9.265893e-26 1.963688e-16 1.782698e-15 1.434209e-14 1.388967e-13 2.076143e-12 1.740290e-11 4.985874e-11 1.142888e-10 2.236571e-10 4.401366e-10 8.793477e-10 1.514795e-09 1.699646e-09 2.577919e-10 6.676429e-12 1.236842e-14 7.553809e-19 2.083799e-18 1.047583e-17 4.621280e-17 1.443497e-16 4.279789e-16 1.281857e-15 3.514944e-15 1.918751e-04 2.671791e-22 2.620918e-22
-9.999000e+03 -9.999000e+03 -9.999000e+03 -9.999000e+03 -9.999000e+03 -9.999000e+03 -9.999000e+03 4.022636e-03 7.785642e-03 1.151094e-14 4.794001e-28 1.303279e-26 1.498943e-29 2.317694e-25 1.322684e-24 2.496088e-23 5.438235e-23 1.170843e-22 2.658925e-21 2.094925e-23 2.916924e-30 2.529141e-30 9.433504e-29 2.558808e-18 1.880387e-17 1.119224e-25 1.662248e-27 1.966678e-26 1.858767e-25 1.635591e-24 8.778512e-24 1.253243e-23 1.240719e-23 1.063427e-23 9.447056e-24 1.051910e-23 1.407015e-23 2.449216e-23 3.490211e-23 3.645628e-23 3.837771e-23 4.613186e-23 5.384633e-23 6.285497e-23 7.135102e-23 6.823151e-23 7.328864e-23 9.490138e-23 5.872188e-04 2.875284e-22 2.794033e-22 2.630127e-22
-9.999000e+03 -9.999000e+03 -9.999000e+03 -9.999000e+03 -9.999000e+03 -9.999000e+03 -9.999000e+03 4.953018e-03 1.392270e-28 3.387783e-15 8.605764e-30 5.615381e-28 1.494598e-26 1.869807e-25 6.055602e-24 1.921701e-23 5.306144e-23 1.408912e-20 1.501229e-23 1.380384e-23 6.837287e-22 1.544843e-20 2.885593e-19 1.629498e-26 1.504213e-26 6.925648e-29 1.766275e-30 7.486182e-29 1.593992e-27 2.457594e-26 1.717712e-25 4.796972e-25 1.080562e-24 2.056954e-24 3.711347e-24 9.940820e-24 6.308225e-08 2.708929e-07 1.056449e-06 3.329587e-06 1.141475e-05 4.973790e-05 3.334489e-06 -3.999232e-06 3.468413e-06 1.190056e-01 2.391907e-03 1.261541e-03 2.124553e-22 2.344145e-22 2.618361e-22 2.979048e-22
-9.999000e+03 -9.999000e+03 -9.999000e+03 -9.999000e+03 -9.999000e+03 -9.999000e+03 -9.999000e+03 5.904289e-28 1.117671e-15 3.503560e-25 1.377459e-29 6.639261e-28 1.196713e-26 7.853775e-25 2.982298e-24 1.910500e-23 4.798444e-20 3.129805e-24 9.197674e-24 9.967780e-24 9.087652e-24 9.090660e-24 1.450574e-27 1.693167e-27 1.991513e-30 1.664254e-30 5.921229e-29 1.177185e-27 1.389854e-26 1.172128e-25 6.241886e-25 1.790883e-24 4.193013e-24 8.459365e-10 3.584048e-09 1.321751e-08 7.826803e-23 5.426312e-23 3.894939e-23 2.653421e-23 2.137053e-23 2.467847e-23 2.309122e-23 7.217099e-22 1.203842e-20 1.891423e-19 5.063029e-23 7.328742e-23 1.102805e-22 2.061480e-22 2.804125e-22 2.970477e-22
