tests/data/reference/test_implicit_stream_rill_mfda/control/volrest_m3.asc
ncols	123
nrows	77
xllcorner	-713746.79929998
yllcorner	-1061022.36961616
cellsize	10.0
NODATA_value	-9999
[rows 46 to 68 of 77, columns 0 to 51 of 123]
-9.999000e+03 -9.999000e+03 -9.999000e+03 -9.999000e+03 -9.999000e+03 -9.999000e+03 3.992328e-03 1.065519e-09 3.442256e-26 2.536824e-26 1.769099e-29 6.964944e-28 9.239043e-26 4.784449e-25 3.960066e-24 6.784067e-20 7.243065e-25 3.002672e-24 7.312016e-24 8.340529e-24 7.371308e-24 9.633601e-29 9.428051e-29 1.123133e-28 1.851612e-27 1.349542e-26 8.090655e-26 4.866873e-25 2.123482e-24 6.066734e-24 1.510763e-23 1.713085e-11 8.349100e-11 5.730388e-23 5.381214e-23 4.205896e-23 3.126846e-23 2.133663e-23 1.572784e-23 1.102868e-23 1.226204e-23 1.014457e-23 1.126579e-23 1.096067e-23 1.243687e-23 1.690588e-23 2.171150e-23 3.003598e-23 4.312570e-23 8.953935e-23 1.390572e-22 1.698530e-22
-9.999000e+03 -9.999000e+03 -9.999000e+03 -9.999000e+03 -9.999000e+03 -9.999000e+03 8.106425e-05 1.643644e-21 9.059826e-28 6.379126e-28 1.036655e-29 8.459452e-27 5.534289e-26 9.902640e-25 4.734225e-20 7.355451e-26 6.400603e-25 3.448699e-24 8.379458e-24 8.923041e-24 3.485841e-30 2.800486e-30 2.564846e-30 2.584447e-30 9.006939e-29 1.201431e-27 1.079860e-26 1.630828e-14 1.083708e-13 5.506998e-13 2.698143e-12 2.035779e-23 2.311874e-23 2.795036e-23 2.539792e-23 2.175638e-23 1.807625e-23 1.316869e-23 9.749896e-24 1.137019e-23 7.651709e-24 8.453107e-24 7.412845e-24 7.579642e-24 8.547353e-24 1.041599e-23 1.331818e-23 1.741999e-23 3.254161e-23 4.347185e-23 7.439942e-23 8.316264e-23
-9.999000e+03 -9.999000e+03 -9.999000e+03 -9.999000e+03 -9.999000e+03 5.184292e-03 7.415830e-21 5.989675e-23 1.331292e-29 1.173726e-29 6.039653e-28 9.056448e-27 5.093915e-25 3.140964e-20 5.092557e-27 5.652601e-26 4.484471e-25 2.391546e-24 5.639527e-24 6.337960e-24 2.556788e-22 4.853432e-21 6.416528e-20 2.498556e-18 3.295114e-17 2.760374e-16 1.966612e-15 1.973795e-24 2.774623e-24 4.326219e-24 5.414907e-24 7.790256e-24 1.113558e-23 1.239492e-23 1.233349e-23 1.142177e-23 1.001476e-23 7.498393e-24 1.090021e-23 6.042835e-24 7.346540e-24 5.611136e-24 5.448668e-24 5.499191e-24 5.768511e-24 6.709280e-24 8.222120e-24 1.685265e-23 1.831028e-23 2.554870e-23 2.749469e-23 1.439204e-25
-9.999000e+03 -9.999000e+03 -9.999000e+03 -9.999000e+03 1.418125e-02 3.301359e-19 1.878004e-26 1.325939e-24 1.959136e-29 2.425392e-29 1.227921e-27 4.389489e-25 1.766791e-20 3.688644e-28 5.885585e-27 5.008680e-26 2.931866e-25 1.369932e-24 3.446644e-24 2.700441e-24 1.662391e-24 1.067442e-24 2.790960e-21 9.508934e-27 4.416670e-26 1.579221e-25 3.434973e-25 5.249527e-25 1.007616e-24 1.320391e-24 1.828189e-24 3.486270e-24 4.881990e-24 5.590793e-24 5.904160e-24 5.733542e-24 5.030417e-24 1.000475e-23 4.613171e-24 5.944540e-24 4.630863e-24 4.493716e-24 4.467660e-24 4.433090e-24 4.345427e-24 4.416716e-24 9.788398e-24 9.255026e-24 1.197462e-23 9.747893e-24 1.473170e-26 2.025642e-26
-9.999000e+03 -9.999000e+03 -9.999000e+03 -9.999000e+03 7.452704e-03 2.276913e-24 8.373028e-28 1.751452e-26 2.449948e-27 4.179745e-29 2.423061e-25 5.356474e-21 1.424931e-29 4.983343e-28 6.287926e-27 4.071615e-26 1.942045e-25 9.870730e-25 1.347124e-24 8.693254e-25 4.724521e-25 8.700990e-22 9.796684e-28 5.446765e-27 2.171471e-26 5.808134e-26 8.019738e-26 1.603802e-25 2.271847e-25 3.251647e-25 6.752539e-25 1.041416e-24 1.363689e-24 1.742107e-24 1.999769e-24 2.025218e-24 7.226666e-24 2.778523e-24 4.712173e-24 2.908119e-24 2.863403e-24 3.032198e-24 3.144322e-24 2.955551e-24 2.797771e-24 7.481343e-24 4.971073e-24 6.208247e-24 4.345892e-24 1.553490e-27 1.834928e-27 2.482469e-27
-9.999000e+03 -9.999000e+03 -9.999000e+03 4.849818e-03 2.007202e-18 2.711026e-25 3.084688e-29 3.003004e-27 6.081470e-29 5.860180e-26 2.340843e-22 7.329005e-25 2.109206e-29 6.402499e-28 5.964017e-27 3.437351e-26 1.608149e-25 3.291610e-25 3.488337e-25 2.119440e-25 1.806579e-22 6.601818e-29 6.582911e-28 3.411434e-27 9.590959e-27 1.210489e-26 2.923178e-26 3.657252e-26 4.670800e-26 1.283470e-25 1.890741e-25 2.692986e-25 3.352659e-25 4.053115e-25 4.664435e-25 3.118821e-24 1.149392e-24 2.856832e-24 1.761732e-24 1.614652e-24 1.660584e-24 1.882243e-24 1.938961e-24 1.854724e-24 6.622728e-24 3.158745e-24 3.503037e-24 1.863837e-24 1.724037e-28 1.724913e-28 1.852753e-28 2.473622e-28
-9.999000e+03 -9.999000e+03 -9.999000e+03 6.010328e-03 5.267942e-24 3.675609e-27 8.284008e-29 1.746266e-28 1.096447e-26 9.553245e-27 3.245550e-23 4.103424e-25 3.871205e-29 9.057503e-28 6.702201e-27 3.730010e-26 4.951084e-26 6.758224e-26 7.288433e-26 3.675703e-23 3.245695e-30 8.000266e-29 7.217680e-28 2.614714e-27 2.616295e-27 7.272087e-27 8.649399e-27 1.004517e-26 2.942517e-26 4.511731e-26 6.635907e-26 8.343403e-26 9.494243e-26 1.015407e-25 1.343250e-24 3.010118e-25 1.251005e-24 6.984356e-25 7.658190e-25 7.261454e-25 7.192609e-25 7.696038e-25 8.115487e-25 5.128365e-24 1.995535e-24 2.115684e-24 8.166210e-25 1.347198e-29 1.350066e-29 1.397977e-29 1.535116e-29 2.372663e-18
-9.999000e+03 -9.999000e+03 1.004457e-01 2.390118e-27 6.888150e-27 5.556921e-27 4.242747e-28 8.147208e-28 4.927060e-28 1.172398e-27 4.403110e-23 2.631843e-25 1.047390e-28 1.475669e-27 1.003822e-26 9.580565e-27 8.247172e-27 8.062597e-27 2.886390e-25 1.786308e-25 7.930770e-30 1.831351e-28 1.139179e-27 8.216324e-28 2.653279e-27 2.515041e-27 2.588795e-27 9.194890e-27 1.172320e-26 1.661707e-26 2.158562e-26 2.665490e-26 2.739544e-26 7.700158e-25 8.303412e-26 5.501213e-25 1.869249e-25 2.523254e-25 3.044348e-25 2.894236e-25 2.559922e-25 2.507982e-25 2.815785e-24 7.896020e-25 9.750200e-25 3.308139e-25 6.425671e-31 5.844274e-31 5.757103e-31 6.110640e-31 2.797308e-19 1.036014e-24
-9.999000e+03 -9.999000e+03 5.227827e-01 1.729319e-26 8.790075e-29 3.677446e-28 1.668919e-27 3.992697e-28 8.831602e-26 1.779591e-21 8.570471e-28 4.904660e-26 3.084283e-28 2.998107e-27 1.443446e-27 1.196973e-27 8.090083e-28 6.681595e-28 1.147293e-27 3.610709e-26 2.825929e-29 5.733633e-28 2.749735e-28 1.532672e-27 1.091765e-27 7.367591e-28 3.510498e-27 3.614555e-27 3.644853e-27 4.285309e-27 5.194289e-27 5.866488e-27 5.980433e-25 2.701471e-26 3.473529e-25 6.601071e-26 6.950897e-26 8.416853e-26 9.405910e-26 8.527369e-26 7.303357e-26 1.538572e-24 2.350169e-25 2.867782e-25 8.611649e-26 7.878403e-26 2.908317e-25 8.299866e-25 1.344832e-21 2.598768e-20 2.774962e-25 2.905684e-25
-9.999000e+03 1.310710e-02 4.095620e-04 1.463265e-25 1.382977e-28 6.591525e-27 2.855653e-28 2.933858e-28 -9.999000e+03 -9.999000e+03 -9.999000e+03 9.645827e-28 5.289852e-28 8.872310e-29 4.616334e-29 4.496164e-29 3.526686e-29 2.175352e-29 3.589811e-29 2.615232e-28 4.475882e-28 7.027971e-29 1.110630e-27 6.080549e-28 3.073246e-28 2.031849e-27 1.295463e-27 8.997035e-28 7.251424e-28 7.204257e-28 7.911214e-28 3.982728e-25 7.949659e-27 2.901618e-25 2.309755e-26 2.131227e-26 2.193496e-26 2.437401e-26 2.324075e-26 1.990444e-26 1.020795e-24 6.581309e-26 6.973635e-26 1.710086e-26 1.646513e-26 7.420536e-25 7.427895e-24 7.846673e-23 6.715878e-24 6.032567e-26 6.428770e-26 5.950631e-26
-9.999000e+03 1.668906e-02 6.545169e-24 1.436319e-28 5.814066e-28 4.804430e-28 -9.999000e+03 -9.999000e+03 -9.999000e+03 -9.999000e+03 -9.999000e+03 -9.999000e+03 3.258655e-28 1.252398e-28 6.818935e-27 1.194983e-25 4.501422e-29 2.186706e-27 8.825882e-26 3.212784e-23 1.110377e-27 8.969883e-28 1.852496e-28 4.588491e-29 1.145788e-27 4.618300e-28 2.151100e-28 1.271628e-28 9.041610e-29 8.126218e-29 2.500807e-25 1.359521e-27 2.366799e-25 7.323648e-27 5.615742e-27 5.053656e-27 4.982144e-27 5.125022e-27 4.526567e-27 6.398323e-25 1.589185e-26 1.511622e-26 2.567405e-27 2.599693e-27 2.808631e-25 1.240659e-26 1.070963e-26 4.303160e-24 1.015935e-26 1.114206e-26 1.098781e-26 1.523318e-24
4.754704e-03 1.220479e-04 9.052910e-27 5.272595e-28 1.016000e-26 1.267358e-28 -9.999000e+03 -9.999000e+03 -9.999000e+03 -9.999000e+03 -9.999000e+03 -9.999000e+03 -9.999000e+03 -9.999000e+03 -9.999000e+03 3.983798e-29 3.480491e-25 2.574258e-29 3.956373e-29 7.656892e-29 9.917465e-23 -9.999000e+03 -9.999000e+03 1.857949e-28 4.479199e-29 2.195188e-29 1.104728e-29 5.933631e-30 4.699933e-30 1.785406e-25 1.574300e-28 1.710836e-25 1.787632e-27 1.223693e-27 9.057330e-28 7.276048e-28 6.762690e-28 6.851950e-28 4.511985e-25 3.405458e-27 2.630900e-27 2.999419e-28 3.030658e-28 8.121907e-26 2.469126e-27 2.023737e-27 2.710779e-24 1.482925e-27 1.503593e-27 1.718213e-27 6.927503e-25 7.442977e-27
7.907043e-03 7.060892e-28 1.133736e-27 1.161885e-27 1.102515e-28 -9.999000e+03 -9.999000e+03 -9.999000e+03 -9.999000e+03 -9.999000e+03 -9.999000e+03 -9.999000e+03 -9.999000e+03 -9.999000e+03 -9.999000e+03 -9.999000e+03 -9.999000e+03 -9.999000e+03 -9.999000e+03 -9.999000e+03 -9.999000e+03 -9.999000e+03 -9.999000e+03 2.923354e-28 6.407356e-29 3.915659e-29 1.344838e-27 1.137204e-26 8.456904e-26 1.052987e-29 1.395494e-25 3.290586e-28 2.138261e-28 1.217804e-28 8.324705e-29 6.922877e-29 6.045000e-29 2.578275e-25 6.970643e-28 4.362625e-28 2.282569e-29 2.256084e-29 1.892655e-26 3.353093e-28 3.187069e-28 2.048297e-24 2.320180e-28 2.068662e-28 2.076878e-28 3.116093e-25 1.798463e-27 1.144947e-23
-9.999000e+03 8.320507e-29 1.256088e-28 4.000421e-29 -9.999000e+03 -9.999000e+03 -9.999000e+03 -9.999000e+03 -9.999000e+03 -9.999000e+03 -9.999000e+03 -9.999000e+03 -9.999000e+03 -9.999000e+03 -9.999000e+03 -9.999000e+03 -9.999000e+03 -9.999000e+03 -9.999000e+03 -9.999000e+03 -9.999000e+03 -9.999000e+03 -9.999000e+03 -9.999000e+03 -9.999000e+03 -9.999000e+03 2.177249e-29 1.289371e-29 8.656577e-28 4.992707e-26 3.320216e-29 2.002859e-29 9.576704e-30 4.302444e-30 2.950037e-30 2.776647e-30 1.102831e-25 7.943484e-29 5.723633e-29 1.093966e-30 8.822457e-31 3.465512e-27 2.553410e-29 2.679512e-29 1.231333e-24 2.389996e-29 2.274755e-29 2.171682e-29 1.054491e-25 3.260139e-28 2.075205e-23 1.056526e-29
-9.999000e+03 -9.999000e+03 -9.999000e+03 -9.999000e+03 -9.999000e+03 -9.999000e+03 -9.999000e+03 -9.999000e+03 -9.999000e+03 -9.999000e+03 -9.999000e+03 -9.999000e+03 -9.999000e+03 -9.999000e+03 -9.999000e+03 -9.999000e+03 -9.999000e+03 -9.999000e+03 -9.999000e+03 -9.999000e+03 -9.999000e+03 -9.999000e+03 -9.999000e+03 -9.999000e+03 -9.999000e+03 -9.999000e+03 -9.999000e+03 -9.999000e+03 1.774211e-29 3.535881e-27 5.998515e-29 3.632954e-29 1.389563e-29 2.609237e-28 2.937897e-27 3.775949e-26 4.175167e-30 2.722568e-30 1.923810e-30 4.481326e-29 5.377298e-28 1.067953e-30 1.005567e-30 5.055243e-25 9.565348e-31 9.482339e-31 9.788051e-31 3.005452e-26 3.011807e-29 2.412619e-23 7.147126e-31 4.597468e-31
-9.999000e+03 -9.999000e+03 -9.999000e+03 -9.999000e+03 -9.999000e+03 -9.999000e+03 -9.999000e+03 -9.999000e+03 -9.999000e+03 -9.999000e+03 -9.999000e+03 -9.999000e+03 -9.999000e+03 -9.999000e+03 -9.999000e+03 -9.999000e+03 -9.999000e+03 -9.999000e+03 -9.999000e+03 -9.999000e+03 -9.999000e+03 -9.999000e+03 -9.999000e+03 -9.999000e+03 -9.999000e+03 -9.999000e+03 -9.999000e+03 -9.999000e+03 -9.999000e+03 4.345629e-29 8.566888e-26 1.349335e-27 5.196816e-28 4.254203e-30 3.588323e-30 5.291713e-30 5.179961e-30 3.050955e-30 8.591711e-29 1.019048e-27 7.818115e-27 4.474981e-26 1.811670e-25 1.056859e-30 2.967442e-29 4.199540e-28 4.576793e-27 1.301874e-30 2.111875e-23 9.542066e-31 2.089844e-29 1.794510e-28
-9.999000e+03 -9.999000e+03 -9.999000e+03 -9.999000e+03 -9.999000e+03 -9.999000e+03 -9.999000e+03 -9.999000e+03 -9.999000e+03 -9.999000e+03 -9.999000e+03 -9.999000e+03 -9.999000e+03 -9.999000e+03 -9.999000e+03 -9.999000e+03 -9.999000e+03 -9.999000e+03 -9.999000e+03 -9.999000e+03 -9.999000e+03 -9.999000e+03 -9.999000e+03 -9.999000e+03 -9.999000e+03 -9.999000e+03 -9.999000e+03 -9.999000e+03 -9.999000e+03 -9.999000e+03 1.032465e-27 -9.999000e+03 -9.999000e+03 -9.999000e+03 -9.999000e+03 -9.999000e+03 -9.999000e+03 -9.999000e+03 2.329118e-30 7.611299e-29 1.184458e-27 1.216470e-26 7.361800e-26 2.376474e-25 6.317209e-25 1.551835e-24 4.334992e-24 1.388846e-23 1.465784e-30 2.889534e-29 2.818326e-28 1.909430e-27
-9.999000e+03 -9.999000e+03 -9.999000e+03 -9.999000e+03 -9.999000e+03 -9.999000e+03 -9.999000e+03 -9.999000e+03 -9.999000e+03 -9.999000e+03 -9.999000e+03 -9.999000e+03 -9.999000e+03 -9.999000e+03 -9.999000e+03 -9.999000e+03 -9.999000e+03 -9.999000e+03 -9.999000e+03 -9.999000e+03 -9.999000e+03 -9.999000e+03 -9.999000e+03 -9.999000e+03 -9.999000e+03 -9.999000e+03 -9.999000e+03 -9.999000e+03 -9.999000e+03 -9.999000e+03 -9.999000e+03 -9.999000e+03 -9.999000e+03 -9.999000e+03 -9.999000e+03 -9.999000e+03 -9.999000e+03 -9.999000e+03 -9.999000e+03 -9.999000e+03 -9.999000e+03 2.261405e-30 1.944098e-30 1.331534e-30 3.682745e-29 5.470435e-28 6.155624e-27 7.566854e-26 3.753700e-25 7.595768e-25 1.398095e-24 2.812316e-24
-9.999000e+03 -9.999000e+03 -9.999000e+03 -9.999000e+03 -9.999000e+03 -9.999000e+03 -9.999000e+03 -9.999000e+03 -9.999000e+03 -9.999000e+03 -9.999000e+03 -9.999000e+03 -9.999000e+03 -9.999000e+03 -9.999000e+03 -9.999000e+03 -9.999000e+03 -9.999000e+03 -9.999000e+03 -9.999000e+03 -9.999000e+03 -9.999000e+03 -9.999000e+03 -9.999000e+03 -9.999000e+03 -9.999000e+03 -9.999000e+03 -9.999000e+03 -9.999000e+03 -9.999000e+03 -9.999000e+03 -9.999000e+03 -9.999000e+03 -9.999000e+03 -9.999000e+03 -9.999000e+03 -9.999000e+03 -9.999000e+03 -9.999000e+03 -9.999000e+03 -9.999000e+03 -9.999000e+03 -9.999000e+03 -9.999000e+03 1.060231e-30 1.156078e-30 4.418336e-29 1.024331e-27 1.450927e-30 2.573435e-29 3.116881e-28 4.062067e-27
-9.999000e+03 -9.999000e+03 -9.999000e+03 -9.999000e+03 -9.999000e+03 -9.999000e+03 -9.999000e+03 -9.999000e+03 -9.999000e+03 -9.999000e+03 -9.999000e+03 -9.999000e+03 -9.999000e+03 -9.999000e+03 -9.999000e+03 -9.999000e+03 -9.999000e+03 -9.999000e+03 -9.999000e+03 -9.999000e+03 -9.999000e+03 -9.999000e+03 -9.999000e+03 -9.999000e+03 -9.999000e+03 -9.999000e+03 -9.999000e+03 -9.999000e+03 -9.999000e+03 -9.999000e+03 -9.999000e+03 -9.999000e+03 -9.999000e+03 -9.999000e+03 -9.999000e+03 -9.999000e+03 -9.999000e+03 -9.999000e+03 -9.999000e+03 -9.999000e+03 -9.999000e+03 -9.999000e+03 -9.999000e+03 -9.999000e+03 -9.999000e+03 -9.999000e+03 -9.999000e+03 -9.999000e+03 -9.999000e+03 -9.999000e+03 8.254945e-31 4.668771e-29
-9.999000e+03 -9.999000e+03 -9.999000e+03 -9.999000e+03 -9.999000e+03 -9.999000e+03 -9.999000e+03 -9.999000e+03 -9.999000e+03 -9.999000e+03 -9.999000e+03 -9.999000e+03 -9.999000e+03 -9.999000e+03 -9.999000e+03 -9.999000e+03 -9.999000e+03 -9.999000e+03 -9.999000e+03 -9.999000e+03 -9.999000e+03 -9.999000e+03 -9.999000e+03 -9.999000e+03 -9.999000e+03 -9.999000e+03 -9.999000e+03 -9.999000e+03 -9.999000e+03 -9.999000e+03 -9.999000e+03 -9.999000e+03 -9.999000e+03 -9.999000e+03 -9.999000e+03 -9.999000e+03 -9.999000e+03 -9.999000e+03 -9.999000e+03 -9.999000e+03 -9.999000e+03 -9.999000e+03 -9.999000e+03 -9.999000e+03 -9.999000e+03 -9.999000e+03 -9.999000e+03 -9.999000e+03 -9.999000e+03 -9.999000e+03 -9.999000e+03 1.802398e-30
-9.999000e+03 -9.999000e+03 -9.999000e+03 -9.999000e+03 -9.999000e+03 -9.999000e+03 -9.999000e+03 -9.999000e+03 -9.999000e+03 -9.999000e+03 -9.999000e+03 -9.999000e+03 -9.999000e+03 -9.999000e+03 -9.999000e+03 -9.999000e+03 -9.999000e+03 -9.999000e+03 -9.999000e+03 -9.999000e+03 -9.999000e+03 -9.999000e+03 -9.999000e+03 -9.999000e+03 -9.999000e+03 -9.999000e+03 -9.999000e+03 -9.999000e+03 -9.999000e+03 -9.999000e+03 -9.999000e+03 -9.999000e+03 -9.999000e+03 -9.999000e+03 -9.999000e+03 -9.999000e+03 -9.999000e+03 -9.999000e+03 -9.999000e+03 -9.999000e+03 -9.999000e+03 -9.999000e+03 -9.999000e+03 -9.999000e+03 -9.999000e+03 -9.999000e+03 -9.999000e+03 -9.999000e+03 -9.999000e+03 -9.999000e+03 -9.999000e+03 -9.999000e+03
-9.999000e+03 -9.999000e+03 -9.999000e+03 -9.999000e+03 -9.999000e+03 -9.999000e+03 -9.999000e+03 -9.999000e+03 -9.999000e+03 -9.999000e+03 -9.999000e+03 -9.999000e+03 -9.999000e+03 -9.999000e+03 -9.999000e+03 -9.999000e+03 -9.999000e+03 -9.999000e+03 -9.999000e+03 -9.999000e+03 -9.999000e+03 -9.999000e+03 -9.999000e+03 -9.999000e+03 -9.999000e+03 -9.999000e+03 -9.999000e+03 -9.999000e+03 -9.999000e+03 -9.999000e+03 -9.999000e+03 -9.999000e+03 -9.999000e+03 -9.999000e+03 -9.999000e+03 -9.999000e+03 -9.999000e+03 -9.999000e+03 -9.999000e+03 -9.999000e+03 -9.999000e+03 -9.999000e+03 -9.999000e+03 -9.999000e+03 -9.999000e+03 -9.999000e+03 -9.999000e+03 -9.999000e+03 -9.999000e+03 -9.999000e+03 -9.999000e+03 -9.999000e+03
