tests/data/reference/test_implicit_stream_rill_mfda/control/volrest_m3.asc
ncols	123
nrows	77
xllcorner	-713746.79929998
yllcorner	-1061022.36961616
cellsize	10.0
NODATA_value	-9999
[rows 23 to 45 of 77, columns 52 to 103 of 123]
6.016939e-30 3.169251e-27 1.412141e-26 1.743244e-25 4.449832e-25 2.805940e-24 1.352292e-24 2.955379e-25 3.474695e-25 1.032300e-25 2.519209e-26 2.637238e-26 2.783884e-26 3.106223e-26 4.463079e-26 5.579308e-23 5.948771e-20 2.696477e-19 1.531289e-24 9.112017e-25 1.881961e-26 2.585260e-27 2.660568e-28 2.927033e-27 8.796105e-31 3.388439e-29 2.005241e-03 7.064642e-18 2.091937e-22 6.587417e-27 4.316633e-28 2.742613e-29 1.272633e-30 2.548434e-30 -9.999000e+03 -9.999000e+03 -9.999000e+03 -9.999000e+03 -9.999000e+03 -9.999000e+03 -9.999000e+03 -9.999000e+03 -9.999000e+03 -9.999000e+03 -9.999000e+03 -9.999000e+03 -9.999000e+03 -9.999000e+03 -9.999000e+03 -9.999000e+03 -9.999000e+03 -9.999000e+03
5.286830e-30 5.600970e-29 1.370568e-26 5.700693e-26 4.906509e-25 1.214022e-24 5.307461e-24 3.500344e-24 9.856973e-25 1.114764e-24 3.930882e-25 1.099310e-25 1.175074e-25 1.487110e-25 2.051243e-25 3.176011e-25 7.204642e-19 7.469583e-19 2.883653e-24 1.471054e-24 5.547487e-26 1.005828e-26 1.603089e-27 1.069095e-26 1.716678e-29 3.894755e-28 1.196541e-30 3.759700e-02 7.311384e-17 3.867785e-21 2.891421e-25 4.291226e-28 3.054415e-29 5.494965e-29 3.242191e-30 -9.999000e+03 -9.999000e+03 -9.999000e+03 -9.999000e+03 -9.999000e+03 -9.999000e+03 -9.999000e+03 -9.999000e+03 -9.999000e+03 -9.999000e+03 -9.999000e+03 -9.999000e+03 -9.999000e+03 -9.999000e+03 -9.999000e+03 -9.999000e+03 -9.999000e+03
2.769235e-27 5.353479e-29 4.356366e-28 5.562711e-26 2.167086e-25 1.549376e-24 3.372585e-24 1.107954e-23 7.988514e-24 2.846646e-24 3.046977e-24 1.259524e-24 4.562390e-25 6.097335e-25 8.030500e-25 1.010826e-24 5.186610e-18 1.246676e-18 3.912688e-24 1.914890e-24 1.481313e-25 3.307898e-26 7.376905e-27 3.434159e-26 1.816597e-28 1.961724e-27 2.066481e-29 5.516512e-02 9.848335e-31 2.592336e-16 5.745975e-20 7.275183e-27 4.661504e-28 4.307658e-28 3.454992e-29 1.579782e-30 2.783434e-30 2.941139e-30 -9.999000e+03 -9.999000e+03 -9.999000e+03 -9.999000e+03 -9.999000e+03 -9.999000e+03 -9.999000e+03 -9.999000e+03 -9.999000e+03 -9.999000e+03 -9.999000e+03 -9.999000e+03 -9.999000e+03 -9.999000e+03
4.307170e-30 1.193903e-26 4.315010e-28 3.040000e-27 2.336523e-25 8.324025e-25 4.311656e-24 7.658430e-24 2.180779e-23 1.484476e-23 6.661581e-24 7.498667e-24 3.949011e-24 1.864482e-24 2.478365e-24 3.071587e-24 1.133907e-19 1.720079e-18 6.005852e-24 3.031867e-24 3.969749e-25 1.151079e-25 3.277095e-26 1.127022e-25 1.309953e-27 8.767436e-27 1.759620e-28 6.784964e-02 1.779923e-29 6.376082e-16 5.692380e-19 6.035802e-26 5.108609e-27 3.157738e-27 3.449659e-28 3.090827e-29 5.900129e-29 2.283505e-30 1.042006e-28 3.137679e-30 -9.999000e+03 -9.999000e+03 -9.999000e+03 -9.999000e+03 -9.999000e+03 -9.999000e+03 -9.999000e+03 -9.999000e+03 -9.999000e+03 -9.999000e+03 -9.999000e+03 -9.999000e+03
4.744911e-29 2.275477e-31 5.315846e-26 3.370566e-27 2.014205e-26 9.140034e-25 2.553783e-24 9.131939e-24 1.435655e-23 4.209613e-23 4.096225e-23 1.526420e-23 2.291986e-23 1.127606e-23 5.993356e-24 7.676169e-24 6.921507e-20 1.999126e-18 1.005031e-23 5.443983e-24 1.191994e-24 4.477096e-25 1.634149e-25 3.984499e-25 7.735839e-27 3.355715e-26 1.057794e-27 8.274763e-02 1.601730e-28 8.954715e-16 2.174840e-18 2.068547e-25 3.594670e-26 2.797447e-26 3.752774e-27 4.964867e-28 1.442664e-30 1.897146e-30 9.847184e-29 1.885385e-27 1.306734e-28 2.430270e-03 -9.999000e+03 -9.999000e+03 -9.999000e+03 -9.999000e+03 -9.999000e+03 -9.999000e+03 -9.999000e+03 -9.999000e+03 -9.999000e+03 -9.999000e+03
3.791080e-28 4.985869e-30 2.155059e-25 2.032269e-26 3.557216e-31 1.003835e-25 2.748576e-24 5.912329e-24 1.777679e-23 3.626031e-23 6.154608e-23 6.943799e-23 4.749628e-23 5.584471e-23 4.139974e-23 2.535697e-23 2.841089e-20 1.333752e-18 1.424817e-23 8.315668e-24 2.863243e-24 1.388664e-24 5.840622e-25 1.148637e-24 3.932608e-26 1.136087e-25 5.494911e-27 1.001666e-01 9.782617e-28 1.124893e-15 7.578723e-18 4.944470e-25 1.770546e-25 1.890998e-25 3.635238e-26 6.018277e-27 4.994391e-29 5.889629e-29 1.930139e-30 1.493129e-27 -9.999000e+03 5.018908e-03 3.557549e-03 4.876952e-03 -9.999000e+03 -9.999000e+03 -9.999000e+03 -9.999000e+03 -9.999000e+03 -9.999000e+03 -9.999000e+03 -9.999000e+03
2.354943e-27 5.972107e-29 7.935772e-25 9.687818e-26 3.389961e-31 7.559398e-30 3.891137e-25 6.373608e-24 1.166565e-23 3.929308e-23 5.614347e-23 9.645352e-23 1.144996e-22 1.019666e-22 1.436039e-22 1.217937e-22 8.734356e-23 3.596907e-20 1.788803e-23 1.073470e-23 4.687712e-24 2.783833e-24 1.505366e-24 2.619839e-24 1.530074e-25 3.462691e-25 2.339379e-26 1.212607e-01 5.649500e-27 1.174882e-15 2.978137e-17 1.071758e-24 5.107600e-25 6.937334e-25 2.171654e-25 5.163957e-26 8.604137e-28 9.228134e-28 5.834631e-29 -9.999000e+03 -9.999000e+03 1.269846e-04 5.938686e-05 2.601819e-29 6.541096e-03 -9.999000e+03 -9.999000e+03 -9.999000e+03 -9.999000e+03 -9.999000e+03 -9.999000e+03 -9.999000e+03
1.493132e-26 6.576120e-28 2.734982e-24 3.926039e-25 7.355676e-30 3.330708e-31 9.456566e-29 1.098687e-24 1.243449e-23 2.867183e-23 6.540639e-23 1.027870e-22 1.758188e-22 2.383747e-22 2.422397e-22 3.136393e-22 2.214717e-22 1.208494e-22 1.801451e-20 1.165329e-23 6.697240e-24 4.869961e-24 3.197521e-24 5.155997e-24 4.687505e-25 8.663038e-25 8.840580e-26 1.452623e-01 2.557544e-26 6.786782e-16 1.020858e-16 1.773816e-24 1.131510e-24 1.632177e-24 9.777208e-31 1.276760e-30 7.308437e-27 7.038023e-27 -9.999000e+03 -9.999000e+03 5.109248e-29 1.005264e-08 2.333579e-09 6.549682e-28 1.896737e-29 7.251319e-03 -9.999000e+03 -9.999000e+03 -9.999000e+03 -9.999000e+03 -9.999000e+03 -9.999000e+03
1.120887e-25 6.242116e-27 8.649745e-24 1.443328e-24 9.718431e-29 7.028607e-30 2.932844e-31 6.074107e-28 3.063175e-24 4.045725e-23 7.250144e-23 1.577195e-22 2.390711e-22 3.880616e-22 4.385156e-22 3.588012e-22 3.283823e-22 2.070793e-22 6.474399e-21 1.151496e-23 8.793517e-24 7.683297e-24 6.339202e-24 9.050013e-24 1.308706e-24 1.907646e-24 2.973228e-25 1.724324e-01 1.005691e-25 9.684165e-17 3.182535e-16 2.441668e-24 1.797263e-24 5.386809e-31 7.355362e-31 9.208103e-31 3.097269e-26 -9.999000e+03 -9.999000e+03 3.898912e-30 7.707196e-28 4.733111e-16 3.233346e-17 1.570040e-26 7.122348e-28 1.090356e-29 1.645358e-29 -9.999000e+03 -9.999000e+03 -9.999000e+03 -9.999000e+03 -9.999000e+03
1.094749e-24 6.112082e-26 4.648661e-23 5.585113e-24 4.089192e-31 8.132436e-28 9.180397e-29 7.006189e-30 4.425930e-27 9.524980e-24 9.544034e-23 1.662128e-22 2.972110e-22 3.869638e-22 4.391144e-22 4.140834e-22 3.122546e-22 2.519472e-22 1.659172e-21 1.282205e-23 1.268999e-23 1.313141e-23 1.161095e-23 1.420708e-23 2.947882e-24 3.919885e-24 9.043889e-25 2.033894e-01 3.792660e-25 3.590698e-18 9.414011e-16 3.379617e-24 4.296845e-31 4.652488e-31 5.642854e-31 7.231808e-31 -9.999000e+03 -9.999000e+03 2.475516e-30 1.067841e-28 5.916978e-27 2.356565e-21 4.600297e-30 7.598525e-30 7.482399e-27 2.957883e-28 2.986019e-28 1.174225e-29 6.886646e-03 -9.999000e+03 -9.999000e+03 -9.999000e+03
5.269220e-24 1.078986e-23 5.803250e-25 1.701444e-22 2.837581e-23 1.243036e-29 6.532604e-27 8.956625e-28 1.082526e-28 2.663749e-26 2.881450e-23 1.428341e-22 2.026415e-22 2.878730e-22 3.372577e-22 3.612674e-22 3.424265e-22 2.749432e-22 2.484880e-22 3.064100e-22 2.796250e-23 3.072626e-23 2.360066e-23 2.735445e-23 5.791703e-24 7.499317e-24 2.716397e-24 2.389971e-01 1.475437e-24 1.831320e-20 3.418407e-15 4.367354e-31 4.561494e-31 4.654103e-31 -9.999000e+03 -9.999000e+03 -9.999000e+03 7.540839e-31 5.712197e-29 1.064938e-27 2.738944e-26 1.410749e-30 1.865237e-30 1.254550e-28 3.643195e-26 5.618361e-27 7.246378e-27 7.603807e-30 1.142523e-29 4.407307e-03 -9.999000e+03 -9.999000e+03
4.127193e-01 4.324965e-01 1.574865e-21 7.352866e-23 4.239103e-22 8.031759e-23 1.572336e-28 3.484124e-26 5.786579e-27 8.098275e-28 1.013304e-25 4.717360e-23 1.466779e-22 1.856089e-22 2.331791e-22 2.679018e-22 3.082355e-22 3.255113e-22 3.181891e-22 3.450498e-21 5.675423e-23 5.948665e-23 4.973372e-23 4.669038e-23 1.185906e-23 1.566930e-23 7.809446e-24 2.815212e-01 5.316793e-24 1.017142e-22 1.234253e-14 4.512948e-31 4.538581e-31 -9.999000e+03 -9.999000e+03 2.112230e-30 6.148307e-31 1.751338e-29 6.453181e-28 6.881741e-27 8.788980e-31 9.919512e-31 1.258181e-30 1.067836e-27 1.096729e-25 3.452177e-26 4.953996e-30 4.724931e-30 4.558930e-30 7.317429e-05 1.360246e-29 4.260495e-03
2.642140e-19 4.559969e-18 3.640428e-01 1.639074e-20 7.263057e-22 6.371663e-21 1.099941e-21 5.879750e-27 7.406249e-25 1.353322e-25 2.047291e-26 1.500517e-24 3.363648e-22 8.378801e-22 1.060954e-21 1.412729e-21 2.104345e-21 2.861971e-21 4.305155e-21 5.518392e-21 1.332306e-20 1.944194e-21 1.271008e-21 9.317400e-22 4.102356e-23 5.712345e-23 4.237955e-23 3.344155e-01 2.172754e-23 9.629099e-23 3.537124e-14 4.441159e-31 -9.999000e+03 -9.999000e+03 1.198470e-30 5.302768e-29 1.525310e-29 2.144534e-28 4.386105e-27 6.171040e-31 7.258649e-31 8.611279e-31 1.014487e-30 1.403601e-30 2.384376e-25 9.919762e-26 2.112724e-30 9.993461e-29 1.077854e-28 3.776230e-09 4.755882e-30 7.079964e-05
4.381925e-30 2.296618e-28 5.975597e-27 3.525239e-01 3.735009e-01 3.653279e-01 3.737455e-01 5.607636e-21 1.020660e-25 9.858369e-24 2.095474e-24 3.593173e-25 2.918738e-23 2.631196e-21 1.476921e-19 1.027119e-20 1.594449e-20 2.237599e-20 3.449324e-20 4.634162e-20 6.261827e-30 4.169348e-20 3.184925e-19 7.675675e-21 1.245001e-21 2.313886e-21 1.463051e-22 3.872117e-01 7.667467e-23 1.413563e-22 8.595804e-14 -9.999000e+03 -9.999000e+03 4.448726e-31 2.870311e-29 6.340698e-28 2.028795e-28 1.751268e-27 2.426691e-26 5.375753e-31 6.227912e-31 7.589569e-31 9.025157e-31 1.137538e-30 4.886230e-25 2.515972e-25 5.937067e-29 9.920121e-28 1.162710e-27 9.276741e-17 1.061307e-28 3.533187e-09
2.343270e-27 2.987309e-26 3.667505e-25 7.161876e-24 1.108135e-22 5.132599e-22 2.226556e-21 3.436164e-01 3.663610e-01 3.916708e-01 4.146298e-01 4.313763e-01 4.566861e-01 4.987738e-01 5.570081e-01 6.288159e-01 6.704099e-01 3.385459e-19 3.026432e-19 2.853558e-19 2.375732e-19 2.926097e-28 1.485141e-19 4.011904e-20 1.510591e-20 3.608064e-20 8.390437e-21 4.324212e-01 1.669624e-22 1.954743e-22 -9.999000e+03 -9.999000e+03 3.918464e-31 4.236572e-31 3.641297e-28 4.762957e-27 1.677983e-27 1.127928e-26 1.090983e-25 5.135831e-31 5.677750e-31 6.882259e-31 8.109301e-31 9.676294e-31 1.296237e-30 1.674610e-30 1.194097e-27 1.120185e-26 1.051696e-26 1.084349e-24 9.144958e-28 8.379828e-17
8.572480e-29 1.517724e-27 2.547096e-26 3.183167e-03 5.482202e-04 1.373102e-05 3.673631e-07 8.416171e-08 3.393000e-08 1.425351e-08 1.195025e-08 1.223361e-08 1.905144e-08 3.856456e-08 5.017662e-08 9.193854e-08 9.085149e-08 6.326177e-01 7.335939e-01 3.128622e-18 1.913776e-18 8.956616e-19 5.073297e-19 2.890330e-19 1.656952e-19 3.959326e-19 1.096025e-19 5.330426e-01 2.692514e-22 -9.999000e+03 -9.999000e+03 3.952332e-31 3.792620e-31 4.105642e-31 2.665603e-27 2.631545e-26 1.013752e-26 5.248748e-26 4.824048e-31 4.816551e-31 5.038619e-31 6.079332e-31 7.326592e-31 8.676253e-31 1.052995e-30 1.444704e-30 1.811753e-30 8.413901e-26 7.343522e-26 4.343453e-24 7.197835e-27 8.755546e-25
1.820735e-23 -2.223355e-03 -1.842386e-04 6.081730e-23 4.186187e-23 1.767490e-23 1.120362e-23 7.797175e-24 4.654397e-24 3.786709e-24 3.615045e-24 4.221806e-23 7.895832e-24 1.087062e-23 2.440951e-23 4.142201e-23 2.136513e-20 2.031596e-18 1.340350e-16 5.870901e-01 6.793612e-01 7.119092e-01 8.054600e-01 2.508929e-18 2.139687e-18 3.119231e-18 7.476244e-19 5.779133e-01 -9.999000e+03 -9.999000e+03 3.686173e-25 8.734205e-30 3.721973e-31 4.049758e-31 1.470932e-26 1.129250e-25 4.628644e-26 1.940247e-25 4.366457e-31 4.330817e-31 4.517182e-31 5.097253e-31 6.530124e-31 7.929797e-31 9.002819e-31 1.056359e-30 1.443119e-30 3.969748e-25 4.105198e-25 1.913430e-23 6.575391e-26 4.787443e-24
4.647907e-04 1.577686e-22 1.020572e-22 6.519412e-23 4.379077e-23 2.239870e-23 1.261485e-23 4.618094e-24 3.262393e-24 2.522449e-24 2.263294e-24 2.402511e-25 2.616005e-25 3.046458e-25 3.691525e-25 3.906827e-23 9.711344e-24 3.116165e-05 1.187378e-02 1.165199e-01 2.117749e-01 8.567544e-03 1.988602e-01 9.828621e-01 9.740790e-17 4.612788e-17 5.174741e-18 5.827770e-30 -9.999000e+03 9.889034e-30 1.237063e-29 1.096882e-28 3.540875e-31 8.648582e-30 6.727655e-26 4.128829e-25 1.757454e-25 5.680456e-25 4.015326e-31 3.987011e-31 4.190664e-31 4.703967e-31 5.783203e-31 7.461913e-31 8.339018e-31 8.992093e-31 1.092281e-30 1.461500e-30 1.447969e-24 5.881688e-23 4.087279e-25 2.113876e-23
2.616558e-22 1.907468e-22 1.297337e-22 1.002483e-22 7.204415e-23 4.852097e-23 7.887103e-24 5.268371e-24 3.403640e-24 2.618043e-24 1.056523e-25 1.000634e-25 9.599178e-26 9.511561e-26 1.592040e-24 2.398871e-25 5.358679e-08 3.550875e-24 2.968998e-24 2.445144e-24 3.928060e-24 -9.999000e+03 -9.999000e+03 -9.999000e+03 8.384498e-01 4.285226e-09 1.725010e-16 -9.999000e+03 -9.999000e+03 1.139046e-27 1.715107e-27 9.651969e-28 3.306301e-31 9.948265e-29 2.377126e-25 1.266957e-24 5.418959e-25 3.933718e-31 3.739220e-31 3.689781e-31 3.976982e-31 4.504767e-31 5.265282e-31 7.082295e-31 8.109791e-31 8.342856e-31 9.045854e-31 1.044837e-30 2.972205e-24 8.425694e-23 1.359916e-24 5.678256e-23
2.908321e-22 2.284034e-22 1.856681e-22 1.568078e-22 1.217242e-22 1.471545e-23 9.503953e-24 6.076140e-24 3.960144e-24 5.469835e-26 4.662726e-26 4.030968e-26 3.557439e-26 1.305406e-24 9.189240e-26 2.088965e-10 2.652779e-24 9.051319e-26 2.910919e-26 3.538981e-26 5.453720e-24 3.359988e-25 1.245770e-24 -9.999000e+03 -9.999000e+03 -9.999000e+03 4.727445e-04 -9.999000e+03 9.843317e-11 1.254657e-25 9.358876e-26 7.788482e-26 8.979092e-30 8.093394e-28 7.967516e-25 3.172568e-24 1.494969e-24 3.741469e-31 3.566156e-31 3.410323e-31 3.642676e-31 4.238608e-31 4.985673e-31 6.699576e-31 7.895193e-31 8.163871e-31 8.498931e-31 2.869265e-29 5.012011e-24 8.755637e-23 3.224241e-24 8.765624e-23
3.487631e-22 3.026469e-22 2.616577e-22 2.350626e-22 2.772723e-23 1.448258e-23 9.790012e-24 6.847716e-24 3.090636e-26 2.485088e-26 1.880777e-26 1.518369e-26 1.464477e-24 4.312938e-26 4.221602e-10 3.594631e-24 3.090667e-26 7.104419e-27 6.431845e-27 2.130505e-25 6.741553e-27 3.856172e-26 5.995640e-26 2.824552e-25 6.194979e-25 -9.999000e+03 -9.999000e+03 -9.999000e+03 1.249082e-07 -1.114992e-16 1.590931e-22 3.636495e-24 2.083796e-28 7.657809e-27 2.614150e-24 6.801388e-24 3.190872e-24 3.473197e-31 3.419916e-31 3.237256e-31 3.332436e-31 3.880323e-31 4.699645e-31 6.327164e-31 7.707022e-31 8.237950e-31 8.624875e-31 4.269802e-28 7.448593e-24 7.775257e-23 6.380582e-24 9.294270e-23
3.817444e-22 3.804457e-22 3.489986e-22 2.032822e-23 1.447398e-23 1.083697e-23 7.375151e-24 1.236821e-26 1.128498e-26 8.296135e-27 6.605267e-27 1.697693e-24 2.157224e-26 7.070137e-10 7.522573e-24 1.393838e-26 2.497000e-27 1.899518e-27 1.097836e-25 1.454862e-27 1.440813e-27 1.480936e-27 8.194180e-27 1.569244e-26 5.478910e-26 3.622555e-21 -9.999000e+03 -9.999000e+03 -9.999000e+03 -9.999000e+03 3.228527e-12 3.010229e-22 3.619531e-26 5.649146e-26 7.118757e-24 1.352391e-23 6.349423e-24 3.257264e-31 3.148332e-31 3.043620e-31 3.094762e-31 3.489162e-31 4.214935e-31 5.328143e-31 6.792228e-31 7.588421e-31 8.194755e-31 3.607926e-27 1.107921e-23 5.920866e-23 9.164265e-24 6.811742e-23
4.088964e-22 4.097969e-22 1.198907e-23 1.025317e-23 7.588185e-24 5.844434e-24 2.483946e-27 2.607971e-27 2.538706e-27 2.140614e-27 1.820706e-24 9.146667e-27 3.843092e-08 2.543488e-23 5.784581e-27 8.098564e-28 6.683462e-28 7.295352e-26 4.133925e-28 3.795928e-28 3.446380e-28 2.860868e-28 3.016506e-28 2.280409e-27 3.299973e-27 -9.999000e+03 -9.999000e+03 1.312494e-28 2.965170e-27 -9.999000e+03 -9.999000e+03 -9.999000e+03 8.796344e-25 2.084193e-24 1.495478e-23 3.610790e-23 1.230221e-23 3.173417e-31 2.871269e-31 2.819753e-31 2.884168e-31 3.142796e-31 3.662225e-31 4.488343e-31 5.223145e-31 6.249489e-31 7.193817e-31 2.267181e-26 1.432902e-23 4.797188e-23 1.006121e-23 4.059071e-23
