tests/data/reference/test_rill/control/massbalance.asc
ncols	123
nrows	77
xllcorner	-713746.79929998
yllcorner	-1061022.36961616
cellsize	10.0
NODATA_value	-9999
[rows 22 to 43 of 77, columns 0 to 50 of 123]
-9.999000e+03 -9.999000e+03 -9.999000e+03 -9.999000e+03 -9.999000e+03 -9.999000e+03 -9.999000e+03 -9.999000e+03 -9.999000e+03 -9.999000e+03 -9.999000e+03 -9.999000e+03 -9.999000e+03 -9.999000e+03 -9.999000e+03 -1.332268e-15 3.108624e-15 -1.332268e-15 2.486900e-14 2.220446e-16 -2.220446e-16 -3.330669e-16 -5.342615e-11 -9.880985e-15 -1.776357e-15 -3.552714e-15 -1.776357e-15 -1.243450e-14 -1.332268e-15 -5.329071e-15 -1.110223e-15 -2.664535e-15 1.776357e-15 -5.329071e-15 -5.329071e-15 -4.440892e-16 -7.993606e-15 -1.110223e-15 -4.440892e-15 8.881784e-16 0.000000e+00 -5.773160e-15 0.000000e+00 -1.776357e-15 -8.881784e-16 -1.332268e-15 4.440892e-16 -1.776357e-15 4.440892e-16 8.881784e-16 -2.220446e-15
-9.999000e+03 -9.999000e+03 -9.999000e+03 -9.999000e+03 -9.999000e+03 -9.999000e+03 -9.999000e+03 -9.999000e+03 -9.999000e+03 -9.999000e+03 -9.999000e+03 -9.999000e+03 -9.999000e+03 -9.999000e+03 -4.440892e-16 2.664535e-15 -7.105427e-15 -2.664535e-14 -1.332268e-15 -8.881784e-16 3.330669e-16 5.390355e-11 -3.330669e-16 2.664535e-15 0.000000e+00 3.552714e-15 3.552714e-15 1.332268e-14 4.440892e-16 7.993606e-15 -1.554312e-15 0.000000e+00 -8.881784e-16 -3.552714e-15 -7.105427e-15 0.000000e+00 7.105427e-15 -1.110223e-15 -2.664535e-15 -4.440892e-15 8.881784e-16 -2.664535e-15 8.881784e-16 -2.220446e-15 0.000000e+00 -5.329071e-15 -2.664535e-15 -4.440892e-15 0.000000e+00 -1.776357e-15 8.881784e-16
-9.999000e+03 -9.999000e+03 -9.999000e+03 -9.999000e+03 -9.999000e+03 -9.999000e+03 -9.999000e+03 -9.999000e+03 -9.999000e+03 -9.999000e+03 -9.999000e+03 -9.999000e+03 -9.999000e+03 -9.999000e+03 -2.350966e-09 2.459270e-09 -2.486900e-14 -1.998401e-15 2.220446e-16 -1.554312e-15 5.070211e-11 -4.760814e-11 -8.881784e-16 -1.110223e-15 -4.440892e-15 -8.881784e-15 5.329071e-15 -8.881784e-15 1.776357e-15 -8.881784e-16 -8.881784e-15 -4.440892e-16 4.440892e-16 -1.332268e-15 1.065814e-14 -1.776357e-15 -5.329071e-15 8.881784e-16 8.881784e-15 4.440892e-16 -5.329071e-15 3.552714e-15 -2.664535e-15 -4.440892e-15 -7.105427e-15 -4.440892e-16 -8.881784e-16 8.881784e-16 -8.881784e-16 -4.440892e-16 -1.332268e-15
-9.999000e+03 -9.999000e+03 -9.999000e+03 -9.999000e+03 -9.999000e+03 -9.999000e+03 -9.999000e+03 -9.999000e+03 -9.999000e+03 -9.999000e+03 -9.999000e+03 -9.999000e+03 -9.999000e+03 -9.999000e+03 1.332268e-15 4.440892e-16 0.000000e+00 -2.220446e-16 -1.110223e-15 -5.551115e-16 1.515454e-11 -2.220446e-15 3.552714e-15 8.881784e-16 0.000000e+00 -7.993606e-15 2.486900e-14 4.440892e-15 -1.776357e-15 -6.661338e-16 -8.881784e-16 7.993606e-15 1.332268e-15 0.000000e+00 -1.776357e-15 -1.065814e-14 -1.110223e-15 -1.776357e-15 -1.776357e-15 1.776357e-14 -8.881784e-16 -6.217249e-15 -2.664535e-15 -8.881784e-16 1.776357e-15 1.776357e-15 -8.881784e-16 -2.664535e-15 -4.440892e-15 -6.217249e-15 -1.332268e-15
-9.999000e+03 -9.999000e+03 -9.999000e+03 -9.999000e+03 -9.999000e+03 -9.999000e+03 -9.999000e+03 -9.999000e+03 -9.999000e+03 -9.999000e+03 -9.999000e+03 -9.999000e+03 -2.220446e-16 -4.440892e-16 5.329071e-15 -4.440892e-16 -1.554312e-15 -2.220446e-16 -3.330669e-16 5.352341e-11 2.442491e-15 -7.993606e-15 0.000000e+00 -8.881784e-16 0.000000e+00 -8.881784e-16 -3.552714e-14 -1.776357e-15 -8.881784e-16 -1.776357e-15 -8.881784e-16 2.664535e-15 -3.552714e-15 -2.220446e-15 -2.220446e-15 -1.776357e-15 5.329071e-15 8.881784e-16 6.217249e-15 0.000000e+00 -2.309264e-14 2.664535e-15 -1.776357e-15 -8.881784e-16 -1.776357e-15 -8.881784e-16 -4.440892e-15 2.664535e-15 8.881784e-16 1.332268e-15 4.440892e-16
-9.999000e+03 -9.999000e+03 -9.999000e+03 -9.999000e+03 -9.999000e+03 -9.999000e+03 -9.999000e+03 -9.999000e+03 -9.999000e+03 -9.999000e+03 -9.999000e+03 -9.999000e+03 -9.999000e+03 -1.998401e-15 -1.332268e-15 4.440892e-16 6.661338e-16 -1.110223e-16 -6.991385e-11 5.107026e-15 0.000000e+00 4.440892e-16 5.329071e-15 -5.329071e-15 7.105427e-15 -1.065814e-14 2.131628e-14 4.263256e-14 0.000000e+00 3.552714e-15 8.881784e-16 -1.332268e-15 -4.440892e-16 8.881784e-16 -1.332268e-15 0.000000e+00 4.440892e-16 1.598721e-14 -4.440892e-16 -8.881784e-15 -5.329071e-15 -2.664535e-15 -3.552714e-15 3.552714e-15 -3.552714e-15 -8.881784e-16 1.776357e-15 -7.105427e-15 -2.664535e-15 0.000000e+00 -1.332268e-15
-9.999000e+03 -9.999000e+03 -9.999000e+03 -9.999000e+03 -9.999000e+03 -9.999000e+03 -9.999000e+03 -9.999000e+03 -9.999000e+03 -9.999000e+03 -9.999000e+03 -9.999000e+03 -9.999000e+03 -9.999000e+03 -9.999000e+03 -6.661338e-16 -1.110223e-16 -4.997558e-11 6.452705e-11 3.552714e-15 8.881784e-16 2.664535e-15 -3.552714e-15 1.776357e-15 1.776357e-15 -1.776357e-15 -8.881784e-16 -3.552714e-15 2.131628e-14 -8.881784e-16 -2.664535e-15 -1.776357e-15 8.881784e-16 0.000000e+00 -2.664535e-15 0.000000e+00 2.220446e-15 -1.776357e-15 3.552714e-15 1.332268e-15 1.776357e-15 -3.552714e-15 -3.552714e-15 -6.217249e-15 1.776357e-15 -2.664535e-15 -2.664535e-15 1.776357e-15 0.000000e+00 -3.552714e-15 -2.220446e-15
-9.999000e+03 -9.999000e+03 -9.999000e+03 -9.999000e+03 -9.999000e+03 -9.999000e+03 -9.999000e+03 -9.999000e+03 -9.999000e+03 -9.999000e+03 -9.999000e+03 -9.999000e+03 -9.999000e+03 -9.999000e+03 -9.999000e+03 -9.999000e+03 -3.330669e-16 -7.152101e-11 1.776357e-15 1.332268e-15 -4.440892e-15 -8.881784e-16 -2.220446e-15 1.776357e-15 7.105427e-15 4.440892e-16 -4.440892e-15 -1.332268e-15 1.332268e-15 4.263256e-14 4.263256e-14 -2.842171e-14 3.108624e-15 8.881784e-16 -4.440892e-16 8.881784e-16 1.598721e-14 -3.552714e-15 3.552714e-15 -1.243450e-14 1.776357e-15 -1.065814e-14 4.440892e-15 -8.881784e-16 -1.776357e-15 2.664535e-15 0.000000e+00 -2.664535e-15 -1.776357e-15 1.776357e-15 -2.220446e-15
-9.999000e+03 -9.999000e+03 -9.999000e+03 -9.999000e+03 -9.999000e+03 -9.999000e+03 -9.999000e+03 -9.999000e+03 -9.999000e+03 -9.999000e+03 -9.999000e+03 -9.999000e+03 -9.999000e+03 -9.999000e+03 -9.999000e+03 -9.999000e+03 -3.158229e-11 5.107026e-15 -1.332268e-15 0.000000e+00 8.881784e-16 -2.842171e-14 1.421085e-14 0.000000e+00 -1.776357e-14 1.065814e-14 0.000000e+00 1.776357e-15 3.552714e-15 -2.811902e-10 1.641304e-09 -1.511031e-09 7.119567e-09 5.840533e-09 -1.469033e-09 1.914586e-09 5.402896e-10 -3.753776e-09 2.443323e-08 -9.032703e-10 -2.561087e-09 -1.978549e-09 0.000000e+00 3.552714e-15 -2.664535e-15 -4.440892e-15 -2.664535e-15 -3.552714e-15 0.000000e+00 -2.664535e-15 2.664535e-15
-9.999000e+03 -9.999000e+03 -9.999000e+03 -9.999000e+03 -9.999000e+03 -9.999000e+03 -9.999000e+03 -9.999000e+03 -9.999000e+03 -9.999000e+03 -9.999000e+03 -9.999000e+03 -9.999000e+03 -9.999000e+03 -9.999000e+03 2.433276e-11 -1.110223e-15 -2.664535e-15 -3.552714e-15 2.486900e-14 2.842171e-14 -1.332268e-15 -1.776357e-15 -6.217249e-15 5.329071e-15 -1.243450e-14 -7.105427e-15 -1.776357e-14 1.421085e-14 5.329071e-15 5.329071e-15 1.776357e-15 3.552714e-15 -3.552714e-15 -7.105427e-15 1.776357e-15 -2.131628e-14 1.776357e-14 -3.197442e-14 -2.131628e-14 3.552714e-15 1.065814e-14 1.612520e-09 -2.650751e-10 -7.486989e-10 5.329071e-15 1.776357e-15 -8.881784e-16 -6.217249e-15 -1.776357e-15 -5.329071e-15
-9.999000e+03 -9.999000e+03 -9.999000e+03 -9.999000e+03 -9.999000e+03 -9.999000e+03 -9.999000e+03 -9.999000e+03 -9.999000e+03 -9.999000e+03 -9.999000e+03 -9.999000e+03 -9.999000e+03 -9.999000e+03 3.204415e-11 7.320722e-11 1.776357e-15 0.000000e+00 -1.332268e-15 -2.664535e-15 0.000000e+00 -1.776357e-15 3.108624e-15 0.000000e+00 5.329071e-15 -1.776357e-15 3.108624e-15 -8.881784e-16 -8.881784e-16 8.881784e-16 -8.881784e-16 -2.664535e-14 7.105427e-15 -3.552714e-15 7.105427e-15 0.000000e+00 -8.881784e-16 -4.440892e-16 4.884981e-15 0.000000e+00 4.440892e-15 -8.881784e-16 0.000000e+00 -5.329071e-15 3.552714e-15 -1.216321e-09 -4.806111e-10 1.567159e-09 3.552714e-15 8.881784e-16 -2.664535e-15
-9.999000e+03 -9.999000e+03 -9.999000e+03 -9.999000e+03 -9.999000e+03 -9.999000e+03 -9.999000e+03 -9.999000e+03 -9.999000e+03 -9.999000e+03 -9.999000e+03 -9.999000e+03 -9.999000e+03 -9.999000e+03 -3.946088e-11 2.553513e-14 -5.329071e-15 4.440892e-16 8.881784e-16 -8.881784e-16 2.220446e-15 0.000000e+00 0.000000e+00 -2.220446e-15 -1.776357e-15 0.000000e+00 -4.440892e-16 -2.220446e-15 1.776357e-15 4.440892e-15 -5.329071e-15 -1.776357e-15 0.000000e+00 -2.220446e-15 7.105427e-15 -1.332268e-15 1.332268e-15 0.000000e+00 -3.108624e-15 -3.552714e-15 -3.108624e-15 3.996803e-15 -1.332268e-15 2.220446e-15 -1.776357e-15 -3.552714e-15 7.105427e-15 -7.105427e-15 -1.950497e-09 3.574058e-09 -1.262777e-10
-9.999000e+03 -9.999000e+03 -9.999000e+03 -9.999000e+03 -9.999000e+03 -9.999000e+03 -9.999000e+03 -9.999000e+03 -9.999000e+03 -9.999000e+03 -9.999000e+03 -9.999000e+03 -9.999000e+03 -1.917275e-10 -1.532108e-14 -1.776357e-15 -2.664535e-15 0.000000e+00 4.440892e-16 -5.329071e-15 -1.332268e-15 0.000000e+00 0.000000e+00 -8.881784e-16 -3.108624e-15 -8.881784e-16 -8.881784e-16 -2.664535e-15 -1.776357e-15 -1.332268e-15 4.440892e-16 4.440892e-16 -4.440892e-15 -6.217249e-15 -2.220446e-16 -2.664535e-15 -3.108624e-15 8.881784e-16 -4.440892e-16 -8.881784e-16 1.776357e-15 8.881784e-16 -1.776357e-15 8.881784e-16 -4.440892e-16 -2.220446e-15 -3.108624e-15 8.881784e-16 -1.332268e-15 2.664535e-15 -8.881784e-15
-9.999000e+03 -9.999000e+03 -9.999000e+03 -9.999000e+03 -9.999000e+03 -9.999000e+03 -9.999000e+03 -9.999000e+03 -9.999000e+03 -9.999000e+03 -9.999000e+03 -9.999000e+03 3.574008e-11 1.735136e-10 -8.881784e-16 -3.108624e-15 -8.881784e-15 -3.552714e-15 0.000000e+00 -2.664535e-15 -5.329071e-15 -2.220446e-15 0.000000e+00 -3.552714e-15 -2.220446e-15 -4.440892e-15 -1.332268e-15 -1.332268e-15 0.000000e+00 -3.108624e-15 -1.776357e-15 8.881784e-16 5.329071e-15 -8.881784e-16 -6.661338e-16 -1.332268e-15 -2.220446e-15 -3.996803e-15 -4.440892e-16 -3.996803e-15 8.881784e-16 -1.776357e-15 -1.776357e-15 -8.881784e-16 0.000000e+00 -8.881784e-16 -2.664535e-15 2.220446e-15 -1.776357e-15 0.000000e+00 -8.881784e-16
-9.999000e+03 -9.999000e+03 -9.999000e+03 -9.999000e+03 -9.999000e+03 -9.999000e+03 -9.999000e+03 -9.999000e+03 -9.999000e+03 -9.999000e+03 -9.999000e+03 -9.999000e+03 -2.040599e-10 -4.440892e-15 8.881784e-16 1.154632e-14 0.000000e+00 -2.664535e-15 -8.881784e-16 8.881784e-16 0.000000e+00 -2.220446e-15 -8.881784e-16 8.881784e-16 2.664535e-15 -4.440892e-15 -1.332268e-15 -3.996803e-15 -1.776357e-15 -5.329071e-15 -8.881784e-16 -7.993606e-15 -2.220446e-16 -1.776357e-15 8.881784e-16 -2.664535e-15 0.000000e+00 -8.881784e-16 -3.552714e-15 -3.996803e-15 -4.440892e-16 -8.881784e-16 0.000000e+00 4.440892e-16 0.000000e+00 -1.776357e-15 -1.776357e-15 4.440892e-16 -4.440892e-16 1.332268e-15 1.776357e-15
-9.999000e+03 -9.999000e+03 -9.999000e+03 -9.999000e+03 -9.999000e+03 -9.999000e+03 -9.999000e+03 -9.999000e+03 -9.999000e+03 -9.999000e+03 -9.999000e+03 4.900524e-12 -1.998401e-15 -3.996803e-15 -9.769963e-15 -1.554312e-15 4.440892e-16 -2.220446e-15 -4.440892e-16 0.000000e+00 -1.332268e-15 -2.220446e-15 -1.332268e-15 -1.332268e-15 2.664535e-15 -3.108624e-15 8.881784e-16 8.881784e-16 8.881784e-16 -3.552714e-15 8.881784e-16 -4.440892e-15 0.000000e+00 -1.776357e-15 0.000000e+00 8.881784e-16 -4.440892e-16 8.881784e-16 4.440892e-16 -4.440892e-16 -8.881784e-16 -2.664535e-15 -6.661338e-16 -1.554312e-15 -2.220446e-16 -6.661338e-16 -6.661338e-16 -8.881784e-16 -2.664535e-15 -1.776357e-15 0.000000e+00
-9.999000e+03 -9.999000e+03 -9.999000e+03 -9.999000e+03 -9.999000e+03 -9.999000e+03 -9.999000e+03 -9.999000e+03 -9.999000e+03 -9.999000e+03 -7.055445e-11 -1.303264e-10 -8.881784e-16 0.000000e+00 -4.440892e-16 0.000000e+00 -2.664535e-15 -1.776357e-15 -4.440892e-15 -1.332268e-15 -8.881784e-16 -3.552714e-15 -1.776357e-15 -3.996803e-15 0.000000e+00 -8.881784e-16 0.000000e+00 -1.776357e-15 1.776357e-15 -2.664535e-15 -3.996803e-15 -1.776357e-15 -4.440892e-16 -1.332268e-15 -2.220446e-16 -6.661338e-16 -2.220446e-15 -1.110223e-15 -6.661338e-16 -8.881784e-16 4.440892e-16 2.220446e-16 -4.440892e-16 -8.881784e-16 0.000000e+00 0.000000e+00 -3.108624e-15 1.776357e-15 -6.661338e-16 -8.881784e-16 -1.554312e-15
-9.999000e+03 -9.999000e+03 -9.999000e+03 -9.999000e+03 -9.999000e+03 -9.999000e+03 -9.999000e+03 -9.999000e+03 -9.999000e+03 -9.999000e+03 1.313849e-10 2.664535e-15 8.881784e-15 -8.881784e-16 -8.881784e-16 4.440892e-16 -2.220446e-15 1.332268e-15 -4.440892e-16 -1.776357e-15 -1.332268e-15 -3.108624e-15 -2.664535e-15 -1.332268e-15 -2.664535e-15 -1.776357e-15 -4.440892e-16 -2.664535e-15 -1.332268e-15 8.881784e-16 -2.664535e-15 -4.440892e-15 -1.110223e-15 -1.110223e-15 -1.332268e-15 0.000000e+00 -8.881784e-16 -3.108624e-15 -8.881784e-16 -2.220446e-15 -2.220446e-16 0.000000e+00 -1.332268e-15 -1.776357e-15 -4.440892e-16 -8.881784e-16 -1.332268e-15 0.000000e+00 -2.220446e-15 -2.664535e-15 3.552714e-15
-9.999000e+03 -9.999000e+03 -9.999000e+03 -9.999000e+03 -9.999000e+03 -9.999000e+03 -9.999000e+03 -9.999000e+03 -9.999000e+03 1.080072e-10 -7.327472e-15 -1.598721e-14 0.000000e+00 -8.881784e-16 -1.776357e-15 -2.220446e-15 -1.776357e-15 -1.998401e-15 -4.440892e-15 -8.881784e-16 -4.440892e-16 4.440892e-16 -2.664535e-15 8.881784e-16 -6.661338e-16 -2.664535e-15 8.881784e-16 -8.881784e-16 -2.220446e-15 -4.440892e-16 8.881784e-16 -1.110223e-15 -4.440892e-16 -2.664535e-15 -2.664535e-15 8.881784e-16 -3.996803e-15 8.881784e-16 -2.220446e-16 2.220446e-16 -8.881784e-16 -4.440892e-16 -1.332268e-15 -4.884981e-15 3.552714e-15 -3.108624e-15 -3.996803e-15 -2.664535e-15 0.000000e+00 -4.440892e-15 -1.776357e-15
-9.999000e+03 -9.999000e+03 -9.999000e+03 -9.999000e+03 -9.999000e+03 -9.999000e+03 -9.999000e+03 -9.999000e+03 -9.999000e+03 1.139318e-10 1.065814e-14 -2.220446e-15 -1.332268e-15 -8.881784e-16 0.000000e+00 4.440892e-16 -6.661338e-16 -4.440892e-16 -4.440892e-16 -1.776357e-15 -1.332268e-15 -2.664535e-15 -1.554312e-15 -1.998401e-15 -8.881784e-16 -4.440892e-16 -4.440892e-16 -6.661338e-16 -4.440892e-16 -1.110223e-15 6.661338e-16 -1.332268e-15 0.000000e+00 -1.776357e-15 -1.332268e-15 -2.664535e-15 -8.881784e-16 -1.554312e-15 -3.552714e-15 -8.881784e-16 -2.664535e-15 -3.552714e-15 0.000000e+00 -2.220446e-15 8.881784e-16 -5.329071e-15 8.881784e-16 -2.664535e-15 1.332268e-15 2.220446e-15 -1.421085e-14
-9.999000e+03 -9.999000e+03 -9.999000e+03 -9.999000e+03 -9.999000e+03 -9.999000e+03 -9.999000e+03 -9.999000e+03 -4.652145e-11 -9.103829e-15 0.000000e+00 0.000000e+00 0.000000e+00 -4.440892e-16 -4.440892e-15 -2.220446e-15 -2.664535e-15 -3.552714e-15 8.881784e-16 -1.776357e-15 -1.776357e-15 0.000000e+00 -1.776357e-15 -1.776357e-15 -2.220446e-15 -8.881784e-15 1.065814e-14 -3.552714e-15 1.776357e-15 0.000000e+00 -3.552714e-15 3.552714e-15 -9.769963e-15 6.217249e-15 -5.329071e-15 -2.664535e-15 1.776357e-15 -2.664535e-15 0.000000e+00 -4.440892e-15 1.065814e-14 -5.329071e-15 -3.552714e-15 -5.329071e-15 8.881784e-16 8.881784e-16 0.000000e+00 -3.552714e-15 -3.552714e-15 -2.842171e-14 2.220446e-15
-9.999000e+03 -9.999000e+03 -9.999000e+03 -9.999000e+03 -9.999000e+03 -9.999000e+03 -9.999000e+03 -6.578782e-11 2.035181e-10 -1.776357e-15 -1.776357e-15 -3.552714e-15 -1.332268e-15 -4.440892e-16 -8.881784e-16 -4.884981e-15 -3.996803e-15 -5.329071e-15 -1.332268e-15 2.220446e-15 -1.110223e-15 -1.110223e-15 -8.881784e-16 -8.881784e-15 -3.552714e-15 8.881784e-16 -1.332268e-15 -8.881784e-16 -2.664535e-15 -3.108624e-15 4.440892e-16 -3.996803e-15 -4.440892e-16 -5.773160e-15 4.440892e-15 -4.440892e-15 4.440892e-16 -4.440892e-15 8.881784e-16 1.776357e-15 -5.773160e-15 -8.881784e-16 -3.552714e-15 -1.776357e-15 8.881784e-16 -6.661338e-15 2.220446e-15 -2.664535e-15 4.263256e-14 -4.440892e-15 -6.661338e-15
