tests/data/reference/test_rill/control/massbalance.asc
ncols	123
nrows	77
xllcorner	-713746.79929998
yllcorner	-1061022.36961616
cellsize	10.0
NODATA_value	-9999
[rows 22 to 43 of 77, columns 51 to 101 of 123]
-4.440892e-16 8.881784e-16 2.664535e-15 -4.884981e-15 -2.220446e-15 -2.664535e-15 -2.664535e-15 -1.776357e-15 -6.217249e-15 -8.881784e-16 -3.108624e-15 0.000000e+00 -1.776357e-15 -5.329071e-15 -8.881784e-16 0.000000e+00 0.000000e+00 -1.065814e-14 -5.329071e-15 -4.440892e-16 -2.664535e-15 -4.440892e-16 -4.440892e-16 1.332268e-15 -1.332268e-15 2.220446e-16 2.131628e-14 -5.329071e-15 1.154632e-14 1.332268e-15 0.000000e+00 -1.776357e-15 -6.661338e-16 -9.999000e+03 -9.999000e+03 -9.999000e+03 -9.999000e+03 -9.999000e+03 -9.999000e+03 -9.999000e+03 -9.999000e+03 -9.999000e+03 -9.999000e+03 -9.999000e+03 -9.999000e+03 -9.999000e+03 -9.999000e+03 -9.999000e+03 -9.999000e+03 -9.999000e+03 -9.999000e+03
-4.440892e-16 -1.332268e-15 -1.776357e-15 -2.664535e-15 8.881784e-16 1.776357e-15 -1.776357e-15 -8.881784e-16 3.108624e-15 3.552714e-15 0.000000e+00 1.776357e-15 -8.881784e-16 2.220446e-15 2.220446e-15 -1.776357e-15 0.000000e+00 1.243450e-14 -1.776357e-15 -3.552714e-15 0.000000e+00 -1.776357e-15 -3.552714e-15 -1.776357e-15 0.000000e+00 -6.661338e-16 1.776357e-15 -1.421085e-14 2.664535e-15 -1.065814e-14 -4.440892e-15 1.776357e-15 -8.881784e-16 -8.881784e-16 -1.554312e-15 -9.999000e+03 -9.999000e+03 -9.999000e+03 -9.999000e+03 -9.999000e+03 -9.999000e+03 -9.999000e+03 -9.999000e+03 -9.999000e+03 -9.999000e+03 -9.999000e+03 -9.999000e+03 -9.999000e+03 -9.999000e+03 -9.999000e+03 -9.999000e+03
8.881784e-16 -1.776357e-15 8.881784e-16 -2.664535e-15 -8.881784e-16 -3.552714e-15 -7.105427e-15 -8.881784e-16 8.881784e-16 -5.329071e-15 -3.552714e-15 -3.108624e-15 -3.996803e-15 -1.332268e-15 -2.664535e-15 -3.552714e-15 8.881784e-16 3.552714e-15 0.000000e+00 0.000000e+00 -3.552714e-15 -4.440892e-16 1.776357e-15 -2.664535e-15 -1.776357e-15 4.440892e-16 -3.552714e-15 -1.110223e-15 1.065814e-14 -5.329071e-15 8.881784e-16 -2.664535e-15 8.881784e-16 0.000000e+00 4.440892e-16 -6.661338e-16 -9.999000e+03 -9.999000e+03 -9.999000e+03 -9.999000e+03 -9.999000e+03 -9.999000e+03 -9.999000e+03 -9.999000e+03 -9.999000e+03 -9.999000e+03 -9.999000e+03 -9.999000e+03 -9.999000e+03 -9.999000e+03 -9.999000e+03
-4.440892e-16 -3.108624e-15 -1.776357e-15 -2.220446e-15 -3.552714e-15 4.440892e-16 -1.776357e-15 -1.776357e-15 -3.552714e-15 -8.881784e-16 -3.552714e-15 -1.776357e-15 -4.440892e-15 0.000000e+00 -8.881784e-16 -1.776357e-15 -3.108624e-15 -1.953993e-14 -3.552714e-15 -3.552714e-15 -4.440892e-15 -4.440892e-16 -1.776357e-15 4.440892e-16 -1.776357e-15 -2.220446e-15 -2.220446e-15 -1.332268e-15 -1.953993e-14 -8.881784e-16 8.881784e-16 0.000000e+00 -1.332268e-15 -1.776357e-15 -2.664535e-15 -4.440892e-16 -1.110223e-15 -6.661338e-16 -1.554312e-15 -9.999000e+03 -9.999000e+03 -9.999000e+03 -9.999000e+03 -9.999000e+03 -9.999000e+03 -9.999000e+03 -9.999000e+03 -9.999000e+03 -9.999000e+03 -9.999000e+03 -9.999000e+03
-1.554312e-15 -8.881784e-16 -1.776357e-15 -2.220446e-15 -1.332268e-15 1.332268e-15 -7.105427e-15 -3.552714e-15 -8.881784e-16 -8.881784e-16 -3.552714e-15 -2.664535e-15 -1.776357e-15 -8.881784e-16 -8.881784e-16 -4.440892e-15 -2.664535e-15 2.486900e-14 0.000000e+00 -8.881784e-16 3.552714e-15 -8.881784e-16 -2.220446e-15 -4.440892e-15 0.000000e+00 -8.881784e-16 -8.881784e-16 -1.776357e-15 0.000000e+00 -8.881784e-16 -1.776357e-15 -5.329071e-15 -8.881784e-16 -3.108624e-15 -1.776357e-15 -8.881784e-16 -1.332268e-15 4.440892e-16 -1.554312e-15 -1.332268e-15 -1.776357e-15 -9.999000e+03 -9.999000e+03 -9.999000e+03 -9.999000e+03 -9.999000e+03 -9.999000e+03 -9.999000e+03 -9.999000e+03 -9.999000e+03 -9.999000e+03
4.440892e-16 1.332268e-15 2.220446e-16 8.881784e-16 -4.440892e-16 0.000000e+00 -1.776357e-15 0.000000e+00 8.881784e-16 1.776357e-15 -1.776357e-15 -1.776357e-15 8.881784e-16 -4.440892e-15 0.000000e+00 -4.440892e-15 3.552714e-15 3.552714e-14 -5.329071e-15 -8.881784e-16 -4.440892e-15 -1.332268e-15 0.000000e+00 0.000000e+00 -8.881784e-16 8.881784e-16 -8.881784e-16 4.440892e-16 8.881784e-15 -2.664535e-15 2.664535e-15 -1.243450e-14 -8.881784e-16 0.000000e+00 -1.332268e-15 -8.881784e-16 -1.776357e-15 -1.554312e-15 -1.110223e-15 -4.440892e-16 1.332268e-15 -4.440892e-16 -2.522382e-11 -9.999000e+03 -9.999000e+03 -9.999000e+03 -9.999000e+03 -9.999000e+03 -9.999000e+03 -9.999000e+03 -9.999000e+03
4.440892e-16 -3.108624e-15 -3.996803e-15 -2.664535e-15 1.776357e-15 -6.661338e-16 -5.329071e-15 -1.776357e-15 -8.881784e-16 8.881784e-16 0.000000e+00 -1.776357e-15 -1.776357e-15 3.552714e-15 0.000000e+00 1.776357e-15 0.000000e+00 -2.842171e-14 1.332268e-15 8.881784e-16 -3.996803e-15 -3.552714e-15 -7.105427e-15 -4.440892e-16 -1.776357e-15 -4.440892e-16 -3.552714e-15 -1.776357e-15 -1.065814e-14 -1.776357e-15 0.000000e+00 -3.552714e-15 -3.552714e-15 -1.776357e-15 -8.881784e-16 -2.220446e-15 -1.776357e-15 -4.440892e-16 4.440892e-16 -2.220446e-16 -4.440892e-15 -4.440892e-15 -1.080300e-10 8.479928e-11 -4.872547e-12 -9.999000e+03 -9.999000e+03 -9.999000e+03 -9.999000e+03 -9.999000e+03 -9.999000e+03
-8.881784e-16 -4.440892e-16 8.881784e-16 -8.881784e-16 -2.664535e-15 -1.110223e-15 -8.881784e-16 2.664535e-15 -2.664535e-15 1.776357e-15 8.881784e-16 -3.552714e-15 -8.881784e-16 -8.881784e-16 -8.881784e-15 0.000000e+00 -5.329071e-15 -1.776357e-15 2.131628e-14 -8.881784e-16 8.881784e-16 8.881784e-16 6.217249e-15 -2.664535e-15 -2.664535e-15 -2.664535e-15 -2.220446e-15 -5.773160e-15 5.329071e-15 -4.440892e-16 -3.552714e-15 8.881784e-15 0.000000e+00 -4.440892e-16 -2.664535e-15 -3.552714e-15 4.440892e-16 -3.108624e-15 -8.881784e-16 -8.881784e-16 -2.220446e-16 9.934897e-11 5.329071e-15 0.000000e+00 -2.220446e-16 -2.141207e-10 -9.999000e+03 -9.999000e+03 -9.999000e+03 -9.999000e+03 -9.999000e+03
4.440892e-16 8.881784e-16 -2.664535e-15 -1.776357e-15 1.776357e-15 0.000000e+00 -2.220446e-16 -2.220446e-15 -3.552714e-15 1.776357e-15 -6.217249e-15 -2.664535e-15 -8.881784e-16 -2.664535e-15 1.776357e-15 1.776357e-15 0.000000e+00 0.000000e+00 -1.776357e-15 -3.552714e-15 0.000000e+00 -1.776357e-15 -2.664535e-15 -2.664535e-15 3.108624e-15 1.332268e-15 8.881784e-16 4.440892e-15 -5.329071e-15 -8.881784e-16 -3.552714e-15 -3.552714e-15 1.776357e-15 -2.664535e-15 -4.440892e-15 -4.884981e-15 -1.776357e-15 8.881784e-16 -1.332268e-15 1.332268e-15 -2.840927e-11 1.776357e-15 4.440892e-15 -3.552714e-15 -2.664535e-15 -1.332268e-15 4.528022e-11 -9.999000e+03 -9.999000e+03 -9.999000e+03 -9.999000e+03
-3.552714e-15 -1.776357e-15 8.881784e-16 -1.776357e-15 -7.105427e-15 -2.664535e-15 -2.664535e-15 -4.440892e-16 0.000000e+00 0.000000e+00 -6.217249e-15 -8.881784e-16 8.881784e-16 0.000000e+00 1.776357e-15 -2.664535e-15 -8.881784e-16 -3.552714e-15 -2.664535e-15 3.552714e-15 -3.552714e-15 -1.776357e-15 -3.552714e-15 1.776357e-15 -4.440892e-15 -8.881784e-15 -2.664535e-15 -4.440892e-15 4.440892e-15 2.664535e-15 0.000000e+00 5.329071e-15 -4.884981e-15 -9.769963e-15 -8.881784e-16 0.000000e+00 -2.220446e-16 -3.552714e-15 -4.662937e-15 3.124034e-11 -5.329071e-15 -3.552714e-15 -1.154632e-14 2.664535e-15 -8.881784e-16 -4.440892e-16 -1.776357e-15 -2.220446e-16 -9.999000e+03 -9.999000e+03 -9.999000e+03
-3.552714e-15 -7.105427e-15 -1.776357e-15 -8.881784e-16 4.440892e-15 -6.661338e-16 0.000000e+00 -8.881784e-16 -4.440892e-16 -2.664535e-15 -2.664535e-15 0.000000e+00 -4.440892e-15 -4.440892e-15 -3.552714e-15 1.776357e-15 -3.552714e-15 -8.881784e-16 0.000000e+00 -3.552714e-15 -4.440892e-16 -8.881784e-16 -1.776357e-15 -3.996803e-15 -8.881784e-16 3.552714e-15 -3.552714e-15 0.000000e+00 -5.329071e-15 -3.996803e-15 0.000000e+00 -8.881784e-16 1.776357e-15 0.000000e+00 0.000000e+00 -8.881784e-16 -6.661338e-16 -2.220446e-16 8.881784e-16 -2.664535e-15 -8.881784e-16 -6.217249e-15 8.881784e-16 -8.881784e-16 -8.881784e-16 -1.776357e-15 -4.440892e-16 -1.332268e-15 0.000000e+00 -3.842504e-11 -9.999000e+03
3.552714e-15 8.881784e-16 5.329071e-15 0.000000e+00 -3.552714e-15 -2.664535e-15 -8.881784e-16 -2.664535e-15 1.776357e-15 -2.664535e-15 2.664535e-15 2.664535e-15 8.881784e-16 -8.881784e-16 -6.217249e-15 8.881784e-16 -7.993606e-15 0.000000e+00 -8.881784e-16 -8.881784e-16 1.065814e-14 1.776357e-15 8.881784e-16 -1.776357e-15 -7.993606e-15 -3.552714e-15 8.881784e-16 -1.776357e-15 -7.105427e-15 -8.881784e-16 -2.664535e-15 7.105427e-15 -1.776357e-15 -2.220446e-15 -1.776357e-15 2.220446e-16 -1.655964e-11 -1.332268e-15 -8.881784e-16 -3.552714e-15 -1.776357e-15 3.552714e-15 -1.332268e-15 -8.881784e-16 1.332268e-15 -8.881784e-16 -2.220446e-15 -4.440892e-15 -2.220446e-15 -1.554312e-15 1.074107e-10
1.931653e-09 2.097750e-09 3.201336e-09 0.000000e+00 -4.440892e-16 8.881784e-16 0.000000e+00 4.440892e-16 -4.440892e-16 -1.332268e-15 4.440892e-16 -4.440892e-15 -7.993606e-15 -5.329071e-15 8.881784e-16 -8.881784e-16 -5.329071e-15 0.000000e+00 -2.664535e-15 -3.552714e-15 -7.105427e-15 -1.776357e-15 -2.664535e-15 -2.664535e-15 1.776357e-15 6.217249e-15 -5.329071e-15 -8.881784e-16 0.000000e+00 0.000000e+00 2.664535e-15 7.105427e-15 -2.664535e-15 8.881784e-16 -1.998401e-15 1.865530e-11 -3.552714e-15 0.000000e+00 0.000000e+00 -8.881784e-16 -1.776357e-15 -1.776357e-15 -1.332268e-15 -2.220446e-16 -2.664535e-15 -8.881784e-16 -3.552714e-15 -1.332268e-15 -1.332268e-15 -6.661338e-16 0.000000e+00
1.243450e-14 5.329071e-15 -5.329071e-15 8.734276e-10 -3.552714e-15 -2.664535e-15 -3.552714e-15 -3.552714e-15 -8.881784e-16 8.881784e-16 -3.996803e-15 2.220446e-15 -8.881784e-16 0.000000e+00 2.664535e-15 0.000000e+00 1.776357e-15 3.552714e-15 -5.329071e-15 0.000000e+00 -8.881784e-16 0.000000e+00 1.776357e-15 -2.664535e-15 -8.881784e-16 -7.993606e-15 3.552714e-15 -5.329071e-15 -6.217249e-15 0.000000e+00 -7.993606e-15 -2.131628e-14 -1.332268e-15 -1.110223e-15 1.102007e-12 0.000000e+00 0.000000e+00 -8.881784e-16 -2.220446e-15 -2.486900e-14 1.776357e-15 -4.440892e-16 -1.332268e-15 -1.776357e-15 6.661338e-16 -2.664535e-15 9.769963e-15 -1.110223e-15 -2.664535e-15 -2.220446e-15 -4.440892e-15
0.000000e+00 -6.661338e-16 -8.881784e-16 -1.776357e-15 -7.081553e-10 -2.790927e-09 -2.952135e-09 2.845042e-09 2.664535e-15 -1.776357e-15 0.000000e+00 1.332268e-15 1.776357e-15 6.217249e-15 1.776357e-15 2.664535e-15 8.881784e-16 2.664535e-15 8.881784e-15 0.000000e+00 2.664535e-15 -4.440892e-16 7.105427e-15 8.881784e-16 -8.881784e-16 8.881784e-16 -2.664535e-15 2.664535e-15 -2.664535e-15 -4.440892e-15 0.000000e+00 1.065814e-14 -6.661338e-16 -1.268319e-12 -1.554312e-15 -3.552714e-15 -6.217249e-15 -2.220446e-15 -8.881784e-16 -1.065814e-14 -1.332268e-15 -8.881784e-16 -4.440892e-16 -1.776357e-15 -6.661338e-16 -8.881784e-16 -6.217249e-15 -1.332268e-15 4.440892e-16 0.000000e+00 -7.993606e-15
-4.440892e-16 8.881784e-16 2.664535e-15 8.881784e-16 -8.881784e-16 -5.329071e-15 2.664535e-15 2.664535e-15 -2.939174e-09 -2.044175e-09 7.923973e-10 -2.224795e-09 6.604353e-10 7.442793e-10 2.428067e-09 1.495351e-09 3.909406e-10 7.366054e-10 -5.329071e-15 -2.664535e-15 3.552714e-15 -1.776357e-15 0.000000e+00 1.207923e-13 4.440892e-15 -8.881784e-16 -1.776357e-15 2.664535e-15 0.000000e+00 -8.881784e-16 1.776357e-15 6.661338e-16 2.442491e-15 -1.332268e-15 -1.110223e-15 -1.776357e-15 2.664535e-15 -8.881784e-16 -4.884981e-15 -1.065814e-14 -3.552714e-15 -2.664535e-15 0.000000e+00 -2.664535e-15 -2.664535e-15 8.881784e-16 -8.881784e-16 0.000000e+00 -2.220446e-15 -2.664535e-15 0.000000e+00
-1.554312e-15 -8.881784e-16 8.881784e-16 0.000000e+00 3.552714e-14 1.421085e-14 -1.278977e-13 1.421085e-14 -2.842171e-14 2.131628e-14 -6.394885e-14 4.263256e-14 7.105427e-15 7.716523e-09 1.938996e-08 -1.872812e-08 -4.394259e-09 -7.259175e-09 -1.466645e-08 -1.415941e-09 8.881784e-16 -4.440892e-15 0.000000e+00 -7.105427e-14 1.776357e-15 1.776357e-15 1.776357e-15 2.664535e-15 0.000000e+00 1.776357e-15 -3.330669e-15 1.842970e-14 -4.440892e-16 -8.881784e-16 -1.332268e-15 8.881784e-16 1.776357e-15 -5.329071e-15 -3.552714e-15 1.776357e-15 -8.881784e-16 1.332268e-15 0.000000e+00 -2.664535e-15 -3.552714e-15 -8.881784e-16 -2.664535e-15 -2.220446e-16 -3.552714e-15 -8.881784e-16 -2.664535e-15
-5.329071e-15 -3.552714e-15 -3.552714e-14 2.842171e-14 -3.996803e-15 -6.217249e-15 -8.881784e-16 -8.881784e-16 -4.440892e-16 4.440892e-16 -2.664535e-15 8.881784e-16 2.664535e-15 2.664535e-15 -2.664535e-15 0.000000e+00 -8.881784e-16 -1.776357e-15 0.000000e+00 5.329071e-15 -7.310234e-09 -7.504212e-09 -9.844854e-09 -7.113726e-09 5.684342e-14 1.776357e-15 -1.776357e-15 -4.440892e-15 8.881784e-16 -4.662937e-15 -4.428902e-12 -3.197442e-14 -4.440892e-15 0.000000e+00 -1.332268e-15 -2.664535e-15 -4.440892e-15 -1.776357e-15 1.776357e-14 -8.881784e-16 -5.773160e-15 -8.881784e-16 -1.332268e-15 -2.664535e-15 8.881784e-16 -2.664535e-15 0.000000e+00 0.000000e+00 -8.881784e-16 1.776357e-15 -8.881784e-16
3.552714e-15 1.136868e-13 -2.664535e-15 -3.552714e-15 4.440892e-15 -8.881784e-16 -2.664535e-15 -8.881784e-16 3.552714e-15 8.881784e-16 -2.664535e-15 -5.329071e-15 -1.776357e-15 -1.332268e-15 4.440892e-16 -8.881784e-16 -8.881784e-16 0.000000e+00 -6.217249e-15 1.776357e-15 1.421085e-14 -3.552714e-15 -1.110223e-15 0.000000e+00 -4.766775e-09 -7.105427e-15 8.881784e-16 -1.776357e-15 0.000000e+00 4.450129e-11 -6.217249e-15 1.421085e-14 -8.881784e-15 -6.661338e-16 4.440892e-16 -8.881784e-16 -2.664535e-15 1.776357e-15 -1.776357e-14 1.332268e-15 -2.664535e-15 -1.776357e-15 -8.881784e-16 -2.220446e-15 0.000000e+00 -4.440892e-16 8.881784e-16 -1.332268e-15 -6.661338e-16 -3.552714e-15 -3.552714e-15
-7.105427e-15 4.440892e-16 8.881784e-16 -1.776357e-15 -4.440892e-15 0.000000e+00 0.000000e+00 -7.105427e-15 2.664535e-15 4.440892e-16 2.220446e-15 -4.440892e-16 -8.881784e-16 -3.108624e-15 -8.881784e-16 3.552714e-15 8.881784e-16 -1.776357e-15 -1.776357e-15 -3.552714e-15 0.000000e+00 -1.776357e-15 8.881784e-16 9.547918e-15 3.552714e-15 4.091106e-09 1.488267e-09 0.000000e+00 1.554312e-15 2.375877e-14 1.776357e-15 3.907985e-14 8.881784e-16 -1.554312e-15 -8.881784e-16 -8.881784e-16 -2.664535e-15 -3.552714e-15 -1.776357e-15 4.440892e-16 0.000000e+00 -4.440892e-15 -4.440892e-15 0.000000e+00 -3.996803e-15 -8.881784e-16 -4.440892e-16 0.000000e+00 -8.881784e-16 -8.881784e-16 0.000000e+00
-1.332268e-15 -3.552714e-15 -4.440892e-16 1.776357e-15 -3.552714e-15 -4.440892e-15 2.664535e-15 -1.776357e-15 -2.664535e-15 -1.776357e-15 0.000000e+00 8.881784e-16 3.552714e-15 -1.776357e-15 -2.220446e-15 -2.664535e-15 -5.329071e-15 -1.332268e-15 -1.776357e-15 -3.996803e-15 2.664535e-15 4.440892e-15 -8.881784e-16 -1.776357e-15 1.776357e-15 5.995204e-15 -1.860825e-08 2.917114e-08 -1.449587e-08 0.000000e+00 8.881784e-16 -3.197442e-14 -2.664535e-15 -1.332268e-15 1.776357e-15 -3.552714e-15 -6.217249e-15 3.552714e-15 -3.996803e-15 -1.776357e-15 -1.776357e-15 -4.440892e-16 -3.552714e-15 -8.881784e-16 0.000000e+00 -1.332268e-15 -1.776357e-15 2.220446e-16 -4.440892e-16 4.440892e-16 -1.776357e-15
-8.881784e-16 -7.993606e-15 -1.776357e-15 -4.440892e-16 0.000000e+00 -4.884981e-15 0.000000e+00 -1.776357e-15 -3.108624e-15 -2.664535e-15 1.332268e-15 -1.332268e-15 8.881784e-16 -5.329071e-15 4.440892e-16 3.552714e-15 0.000000e+00 -3.552714e-15 0.000000e+00 -5.329071e-15 0.000000e+00 -1.776357e-15 4.884981e-15 -1.776357e-15 1.776357e-15 -1.776357e-15 9.547918e-15 -4.551914e-15 -6.328271e-15 9.748760e-10 1.776357e-15 -2.131628e-14 7.993606e-15 -8.881784e-16 -5.329071e-15 4.440892e-15 1.776357e-15 1.776357e-14 -4.884981e-15 -3.552714e-15 -8.881784e-16 -1.776357e-15 -1.776357e-15 -3.108624e-15 -4.440892e-15 8.881784e-16 -4.440892e-16 -1.110223e-15 -2.220446e-15 -2.664535e-15 0.000000e+00
