tests/data/reference/test_rill/control/massbalance.asc
ncols	123
nrows	77
xllcorner	-713746.79929998
yllcorner	-1061022.36961616
cellsize	10.0
NODATA_value	-9999
[rows 23 to 45 of 77, columns 51 to 101 of 123]
-2.220446e-16 -8.881784e-16 -8.881784e-16 -4.440892e-16 2.220446e-15 3.996803e-15 8.881784e-16 1.776357e-15 2.220446e-15 3.552714e-15 -8.881784e-16 2.220446e-15 0.000000e+00 8.881784e-16 8.881784e-16 -8.881784e-16 0.000000e+00 1.776357e-14 8.881784e-16 -2.664535e-15 -4.440892e-16 -8.881784e-16 -3.108624e-15 -1.332268e-15 2.664535e-15 -4.440892e-16 1.332268e-15 -7.105427e-15 1.776357e-15 -1.243450e-14 -3.552714e-15 8.881784e-16 -8.881784e-16 -4.440892e-16 -1.332268e-15 -9.999000e+03 -9.999000e+03 -9.999000e+03 -9.999000e+03 -9.999000e+03 -9.999000e+03 -9.999000e+03 -9.999000e+03 -9.999000e+03 -9.999000e+03 -9.999000e+03 -9.999000e+03 -9.999000e+03 -9.999000e+03 -9.999000e+03 -9.999000e+03
0.000000e+00 -1.332268e-15 4.440892e-16 -2.664535e-15 -8.881784e-16 -3.552714e-15 -5.329071e-15 -1.776357e-15 -8.881784e-16 -3.552714e-15 -3.552714e-15 -3.996803e-15 -2.664535e-15 -4.440892e-16 -1.776357e-15 -8.881784e-16 0.000000e+00 3.552714e-15 -8.881784e-16 0.000000e+00 -2.664535e-15 -8.881784e-16 1.776357e-15 -3.552714e-15 -1.776357e-15 4.440892e-16 -1.776357e-15 -2.220446e-16 0.000000e+00 -5.329071e-15 0.000000e+00 -2.664535e-15 8.881784e-16 0.000000e+00 8.881784e-16 2.220446e-16 -9.999000e+03 -9.999000e+03 -9.999000e+03 -9.999000e+03 -9.999000e+03 -9.999000e+03 -9.999000e+03 -9.999000e+03 -9.999000e+03 -9.999000e+03 -9.999000e+03 -9.999000e+03 -9.999000e+03 -9.999000e+03 -9.999000e+03
0.000000e+00 -2.664535e-15 -1.332268e-15 -1.776357e-15 -2.664535e-15 0.000000e+00 -8.881784e-16 -2.664535e-15 8.881784e-16 0.000000e+00 -3.552714e-15 -2.664535e-15 -2.664535e-15 0.000000e+00 0.000000e+00 4.440892e-16 -2.664535e-15 -2.486900e-14 -8.881784e-16 -4.440892e-15 -3.552714e-15 8.881784e-16 -1.776357e-15 8.881784e-16 -8.881784e-16 -8.881784e-16 -2.664535e-15 -8.881784e-16 -5.329071e-15 -4.440892e-16 -8.881784e-16 0.000000e+00 -4.440892e-16 -8.881784e-16 -1.332268e-15 -8.881784e-16 -8.881784e-16 -2.220446e-16 -6.661338e-16 -9.999000e+03 -9.999000e+03 -9.999000e+03 -9.999000e+03 -9.999000e+03 -9.999000e+03 -9.999000e+03 -9.999000e+03 -9.999000e+03 -9.999000e+03 -9.999000e+03 -9.999000e+03
-1.110223e-15 -8.881784e-16 1.776357e-15 -1.776357e-15 -1.332268e-15 0.000000e+00 -7.105427e-15 -2.664535e-15 -8.881784e-16 -1.776357e-15 -5.329071e-15 -8.881784e-16 -8.881784e-16 -2.664535e-15 -8.881784e-16 -3.552714e-15 -4.440892e-15 2.131628e-14 8.881784e-16 -8.881784e-16 4.440892e-15 0.000000e+00 -4.440892e-15 -3.108624e-15 -8.881784e-16 -8.881784e-16 -2.220446e-15 -1.332268e-15 -1.598721e-14 4.440892e-16 0.000000e+00 -5.329071e-15 -1.332268e-15 -2.664535e-15 -8.881784e-16 0.000000e+00 -8.881784e-16 8.881784e-16 -8.881784e-16 -8.881784e-16 -1.332268e-15 -9.999000e+03 -9.999000e+03 -9.999000e+03 -9.999000e+03 -9.999000e+03 -9.999000e+03 -9.999000e+03 -9.999000e+03 -9.999000e+03 -9.999000e+03
8.881784e-16 1.332268e-15 2.220446e-16 -1.776357e-15 -4.440892e-16 8.881784e-16 0.000000e+00 0.000000e+00 0.000000e+00 1.776357e-15 -2.664535e-15 -1.776357e-15 8.881784e-16 -2.664535e-15 0.000000e+00 -1.776357e-15 2.664535e-15 3.197442e-14 -6.217249e-15 -4.440892e-16 -3.552714e-15 2.220446e-15 8.881784e-16 8.881784e-16 4.440892e-16 -4.440892e-16 0.000000e+00 8.881784e-16 1.243450e-14 -2.664535e-15 1.776357e-15 -8.881784e-15 -8.881784e-16 4.440892e-16 -2.220446e-15 -8.881784e-16 -4.440892e-16 -1.332268e-15 -4.440892e-16 -4.440892e-16 1.776357e-15 -4.440892e-16 -2.522360e-11 -9.999000e+03 -9.999000e+03 -9.999000e+03 -9.999000e+03 -9.999000e+03 -9.999000e+03 -9.999000e+03 -9.999000e+03
4.440892e-16 -1.776357e-15 -2.664535e-15 -1.776357e-15 8.881784e-16 -4.440892e-16 -5.329071e-15 -2.664535e-15 -1.776357e-15 1.776357e-15 0.000000e+00 -8.881784e-16 -1.776357e-15 1.776357e-15 0.000000e+00 1.776357e-15 -8.881784e-16 -1.776357e-14 8.881784e-16 0.000000e+00 -2.664535e-15 -3.996803e-15 -3.108624e-15 -4.440892e-16 -1.776357e-15 1.776357e-15 -2.664535e-15 -2.220446e-15 -1.065814e-14 -4.440892e-16 8.881784e-16 -7.105427e-15 -3.552714e-15 -1.776357e-15 0.000000e+00 -2.664535e-15 -8.881784e-16 0.000000e+00 4.440892e-16 0.000000e+00 -3.552714e-15 -3.996803e-15 -1.080283e-10 8.479994e-11 -4.872103e-12 -9.999000e+03 -9.999000e+03 -9.999000e+03 -9.999000e+03 -9.999000e+03 -9.999000e+03
0.000000e+00 -1.776357e-15 0.000000e+00 0.000000e+00 -1.332268e-15 -8.881784e-16 -8.881784e-16 3.552714e-15 -3.552714e-15 1.776357e-15 0.000000e+00 -5.329071e-15 0.000000e+00 -8.881784e-16 -7.993606e-15 0.000000e+00 -5.329071e-15 -8.881784e-16 1.776357e-14 -2.220446e-15 8.881784e-16 8.881784e-16 3.996803e-15 -1.776357e-15 -2.664535e-15 -3.552714e-15 -1.776357e-15 -5.773160e-15 5.329071e-15 -1.332268e-15 -2.664535e-15 7.105427e-15 8.881784e-16 -4.440892e-16 -2.664535e-15 -1.776357e-15 0.000000e+00 -3.108624e-15 -4.440892e-16 -8.881784e-16 0.000000e+00 9.934720e-11 7.105427e-15 1.776357e-15 0.000000e+00 -2.141203e-10 -9.999000e+03 -9.999000e+03 -9.999000e+03 -9.999000e+03 -9.999000e+03
1.776357e-15 1.776357e-15 -2.220446e-15 -3.552714e-15 2.664535e-15 0.000000e+00 2.220446e-16 -2.220446e-15 -3.552714e-15 0.000000e+00 -5.329071e-15 -3.552714e-15 0.000000e+00 -2.664535e-15 4.440892e-15 1.776357e-15 0.000000e+00 8.881784e-16 -8.881784e-16 0.000000e+00 1.776357e-15 1.776357e-15 -2.664535e-15 0.000000e+00 3.552714e-15 1.776357e-15 1.776357e-15 5.329071e-15 -1.776357e-15 -8.881784e-16 -3.996803e-15 0.000000e+00 0.000000e+00 -2.664535e-15 -3.552714e-15 -3.552714e-15 -1.332268e-15 2.220446e-15 -1.776357e-15 1.776357e-15 -2.840927e-11 3.552714e-15 1.776357e-15 -4.440892e-15 -2.220446e-15 -1.110223e-15 4.528111e-11 -9.999000e+03 -9.999000e+03 -9.999000e+03 -9.999000e+03
-5.329071e-15 -1.332268e-15 1.332268e-15 0.000000e+00 -7.105427e-15 -2.664535e-15 -1.332268e-15 0.000000e+00 1.776357e-15 8.881784e-16 -3.552714e-15 0.000000e+00 1.776357e-15 -8.881784e-16 3.552714e-15 -3.552714e-15 -1.776357e-15 -8.881784e-16 -3.552714e-15 1.065814e-14 -3.552714e-15 -5.329071e-15 -1.332268e-15 8.881784e-16 -4.440892e-15 -7.993606e-15 -1.776357e-15 -3.552714e-15 3.552714e-15 2.664535e-15 8.881784e-16 5.329071e-15 -4.440892e-15 -6.217249e-15 0.000000e+00 0.000000e+00 2.220446e-16 -3.552714e-15 -3.663736e-15 3.124212e-11 -3.552714e-15 -2.664535e-15 -7.105427e-15 2.220446e-15 -4.440892e-16 8.881784e-16 -1.776357e-15 0.000000e+00 -9.999000e+03 -9.999000e+03 -9.999000e+03
0.000000e+00 -8.881784e-15 0.000000e+00 -1.776357e-15 4.440892e-15 -8.881784e-16 1.332268e-15 -8.881784e-16 -4.440892e-16 -3.108624e-15 -8.881784e-16 0.000000e+00 -2.664535e-15 -4.440892e-15 -2.664535e-15 0.000000e+00 -1.776357e-15 0.000000e+00 2.664535e-15 -1.776357e-14 8.881784e-16 0.000000e+00 -3.552714e-15 -3.552714e-15 0.000000e+00 3.996803e-15 -3.552714e-15 2.664535e-15 -4.440892e-15 -3.108624e-15 8.881784e-16 0.000000e+00 -1.776357e-15 1.776357e-15 1.332268e-15 0.000000e+00 -4.440892e-16 3.330669e-16 8.881784e-16 -4.440892e-15 -8.881784e-16 -8.881784e-15 3.552714e-15 0.000000e+00 2.220446e-16 -1.332268e-15 -2.220446e-16 -1.332268e-15 8.881784e-16 -3.842482e-11 -9.999000e+03
2.664535e-15 2.664535e-15 4.440892e-15 8.881784e-16 -3.552714e-15 -1.776357e-15 0.000000e+00 -3.552714e-15 1.776357e-15 -4.440892e-16 2.220446e-15 1.776357e-15 8.881784e-16 -2.664535e-15 -4.440892e-15 8.881784e-16 -7.105427e-15 0.000000e+00 -8.881784e-16 -4.440892e-15 1.421085e-14 2.664535e-15 8.881784e-16 -8.881784e-16 -7.993606e-15 -5.329071e-15 0.000000e+00 -4.440892e-15 -3.552714e-15 -1.776357e-15 -2.664535e-15 1.065814e-14 -3.552714e-15 -2.664535e-15 -2.220446e-15 4.440892e-16 -1.656009e-11 -2.220446e-15 -8.881784e-16 -3.552714e-15 -8.881784e-16 1.776357e-15 -1.332268e-15 -4.440892e-16 6.661338e-16 0.000000e+00 -8.881784e-16 -3.552714e-15 -1.776357e-15 -6.661338e-16 1.074112e-10
1.931738e-09 2.097721e-09 3.201251e-09 0.000000e+00 4.440892e-16 2.664535e-15 8.881784e-16 -4.440892e-16 -1.332268e-15 -8.881784e-16 -4.440892e-16 -4.440892e-15 -7.993606e-15 -5.329071e-15 1.776357e-15 -1.776357e-15 -2.664535e-15 1.776357e-15 -3.552714e-15 -2.664535e-15 -1.421085e-14 -1.776357e-15 -3.552714e-15 -1.776357e-15 3.552714e-15 7.105427e-15 -8.881784e-16 -8.881784e-16 2.664535e-15 1.776357e-15 2.664535e-15 -5.329071e-15 -1.776357e-15 2.220446e-15 -1.443290e-15 1.865530e-11 -2.664535e-15 8.881784e-16 0.000000e+00 1.776357e-15 -1.776357e-15 -2.220446e-15 -1.332268e-15 4.440892e-16 -2.664535e-15 -4.440892e-16 -2.664535e-15 -8.881784e-16 8.881784e-16 0.000000e+00 -8.881784e-16
1.154632e-14 6.217249e-15 -7.105427e-15 8.733991e-10 -3.552714e-15 -2.664535e-15 -3.552714e-15 -2.664535e-15 -4.440892e-16 0.000000e+00 -3.996803e-15 2.664535e-15 -8.881784e-16 0.000000e+00 4.440892e-15 2.664535e-15 1.776357e-15 2.664535e-15 -4.440892e-15 0.000000e+00 -8.881784e-16 7.105427e-15 3.552714e-15 -4.440892e-15 0.000000e+00 -9.769963e-15 8.881784e-16 -5.329071e-15 -7.105427e-15 0.000000e+00 -6.217249e-15 -1.065814e-14 -1.776357e-15 -1.332268e-15 1.102451e-12 0.000000e+00 8.881784e-16 -8.881784e-16 -8.881784e-16 -2.131628e-14 1.776357e-15 -4.440892e-16 -8.881784e-16 -8.881784e-16 8.881784e-16 -2.664535e-15 8.881784e-15 -6.661338e-16 -3.108624e-15 -1.332268e-15 -4.440892e-15
-8.881784e-16 -4.440892e-16 0.000000e+00 -1.776357e-15 -7.082122e-10 -2.791069e-09 -2.952049e-09 2.845098e-09 2.664535e-15 -8.881784e-16 1.776357e-15 1.776357e-15 1.776357e-15 6.217249e-15 2.664535e-15 3.552714e-15 0.000000e+00 3.552714e-15 7.105427e-15 0.000000e+00 4.440892e-15 0.000000e+00 -7.105427e-15 1.776357e-15 1.776357e-15 1.776357e-15 -2.664535e-15 0.000000e+00 1.776357e-15 -3.552714e-15 0.000000e+00 3.552714e-15 -6.661338e-16 -1.268763e-12 -1.332268e-15 -3.108624e-15 -4.440892e-15 -1.332268e-15 -8.881784e-16 -7.105427e-15 -8.881784e-16 4.440892e-16 -1.332268e-15 -1.332268e-15 -2.220446e-16 -8.881784e-16 -3.552714e-15 -4.440892e-16 4.440892e-16 0.000000e+00 -5.329071e-15
-1.332268e-15 1.332268e-15 1.776357e-15 1.776357e-15 0.000000e+00 -3.552714e-15 5.329071e-15 8.881784e-16 -2.939117e-09 -2.044089e-09 7.922552e-10 -2.224681e-09 6.604068e-10 7.442509e-10 2.428038e-09 1.495579e-09 3.907417e-10 7.366623e-10 -7.105427e-15 0.000000e+00 4.440892e-15 -2.664535e-15 0.000000e+00 1.563194e-13 4.440892e-15 -3.552714e-15 0.000000e+00 5.329071e-15 -1.776357e-15 -1.776357e-15 1.776357e-15 7.771561e-15 2.442491e-15 -4.440892e-16 -8.881784e-16 8.881784e-16 1.776357e-15 8.881784e-16 -2.664535e-15 -1.421085e-14 -2.220446e-15 -1.332268e-15 1.332268e-15 -2.220446e-15 -1.332268e-15 0.000000e+00 -6.661338e-16 0.000000e+00 -1.776357e-15 -2.220446e-15 -2.664535e-15
-1.776357e-15 -4.440892e-16 2.664535e-15 0.000000e+00 4.263256e-14 2.131628e-14 -1.278977e-13 6.394885e-14 -1.421085e-14 7.105427e-15 -6.394885e-14 9.237056e-14 -2.842171e-14 7.716487e-09 1.938998e-08 -1.872809e-08 -4.394259e-09 -7.259239e-09 -1.466626e-08 -1.416112e-09 0.000000e+00 -5.329071e-15 8.881784e-16 -8.526513e-14 -1.776357e-15 4.440892e-15 0.000000e+00 1.776357e-15 0.000000e+00 2.220446e-15 -3.774758e-15 2.908784e-14 8.881784e-16 -8.881784e-16 -1.110223e-15 -1.776357e-15 3.552714e-15 -6.217249e-15 -3.552714e-15 1.776357e-15 -4.440892e-16 8.881784e-16 8.881784e-16 -8.881784e-16 -1.776357e-15 -8.881784e-16 -2.664535e-15 0.000000e+00 -1.776357e-15 -1.776357e-15 -1.776357e-15
-4.884981e-15 -2.664535e-15 -4.263256e-14 7.105427e-15 -3.552714e-15 -3.996803e-15 0.000000e+00 8.881784e-16 -1.776357e-15 0.000000e+00 -1.776357e-15 8.881784e-16 3.552714e-15 1.776357e-15 -8.881784e-16 0.000000e+00 -1.776357e-15 1.776357e-15 5.329071e-15 1.776357e-15 -7.310149e-09 -7.504099e-09 -9.844968e-09 -7.113528e-09 1.065814e-13 2.664535e-15 0.000000e+00 -6.217249e-15 -8.881784e-16 -3.330669e-15 -4.429346e-12 -3.907985e-14 -2.664535e-15 0.000000e+00 -1.332268e-15 -2.664535e-15 -3.552714e-15 8.881784e-16 1.421085e-14 0.000000e+00 -4.440892e-15 -8.881784e-16 1.332268e-15 -2.664535e-15 8.881784e-16 -8.881784e-16 8.881784e-16 0.000000e+00 -1.776357e-15 2.220446e-15 0.000000e+00
4.440892e-15 9.237056e-14 -1.776357e-15 -3.552714e-15 2.664535e-15 -8.881784e-16 -3.552714e-15 -8.881784e-16 3.552714e-15 1.776357e-15 -2.664535e-15 -4.884981e-15 0.000000e+00 -4.440892e-15 1.776357e-15 -4.440892e-16 0.000000e+00 -8.881784e-16 -7.105427e-15 1.776357e-15 5.329071e-15 -3.552714e-15 -4.662937e-15 7.105427e-15 -4.766946e-09 -3.552714e-14 0.000000e+00 0.000000e+00 2.220446e-16 4.450040e-11 -5.329071e-15 1.421085e-14 -1.154632e-14 -4.440892e-16 8.881784e-16 0.000000e+00 -2.664535e-15 0.000000e+00 0.000000e+00 1.776357e-15 -1.332268e-15 -8.881784e-16 0.000000e+00 -1.776357e-15 -4.440892e-16 1.332268e-15 8.881784e-16 -1.776357e-15 -4.440892e-16 -2.664535e-15 -3.552714e-15
1.421085e-14 0.000000e+00 1.776357e-15 -1.776357e-15 -2.664535e-15 1.776357e-15 4.440892e-16 -7.105427e-15 8.881784e-16 8.881784e-16 1.776357e-15 -4.440892e-16 0.000000e+00 -8.881784e-16 -1.332268e-15 2.664535e-15 8.881784e-16 -3.552714e-15 -1.776357e-15 -3.552714e-15 2.220446e-15 8.881784e-16 1.776357e-15 5.995204e-15 3.552714e-15 4.090992e-09 1.488281e-09 0.000000e+00 1.554312e-15 2.198242e-14 3.552714e-15 3.552714e-14 1.776357e-15 -1.332268e-15 -8.881784e-16 0.000000e+00 -2.664535e-15 -3.197442e-14 -2.664535e-15 -8.881784e-16 0.000000e+00 -2.664535e-15 -4.440892e-15 0.000000e+00 -3.996803e-15 -4.440892e-16 -4.440892e-16 8.881784e-16 -8.881784e-16 8.881784e-16 1.332268e-15
-8.881784e-16 -3.552714e-15 2.220446e-15 1.776357e-15 -3.108624e-15 -5.329071e-15 3.552714e-15 -8.881784e-16 -1.776357e-15 -1.332268e-15 8.881784e-16 3.552714e-15 8.881784e-16 -8.881784e-16 -1.332268e-15 -1.776357e-15 1.776357e-15 -1.332268e-15 -3.108624e-15 -3.108624e-15 1.776357e-15 5.329071e-15 0.000000e+00 0.000000e+00 2.664535e-15 7.771561e-15 -1.860825e-08 2.917149e-08 -1.449575e-08 3.552714e-15 8.881784e-16 -3.197442e-14 0.000000e+00 0.000000e+00 1.776357e-15 -2.664535e-15 -5.329071e-15 3.552714e-14 -2.664535e-15 -4.440892e-16 -1.776357e-15 1.776357e-15 -3.108624e-15 -1.332268e-15 8.881784e-16 -2.220446e-15 -1.776357e-15 2.220446e-16 0.000000e+00 -4.440892e-16 -2.220446e-15
-4.440892e-16 -9.769963e-15 -8.881784e-16 4.440892e-16 1.776357e-15 -4.440892e-15 0.000000e+00 -2.664535e-15 -2.664535e-15 -1.776357e-15 -4.440892e-16 -4.440892e-16 -4.440892e-16 -5.329071e-15 -4.440892e-16 1.776357e-15 8.881784e-16 -1.776357e-15 4.440892e-16 -4.884981e-15 -1.332268e-15 -1.776357e-15 3.552714e-15 0.000000e+00 2.220446e-15 -1.332268e-15 1.043610e-14 -6.439294e-15 -1.998401e-15 9.746486e-10 0.000000e+00 -2.131628e-14 1.065814e-14 -1.776357e-15 -3.552714e-15 5.329071e-15 3.552714e-15 3.552714e-15 -2.664535e-15 -1.776357e-15 0.000000e+00 -2.664535e-15 -8.881784e-16 -3.108624e-15 -4.440892e-15 8.881784e-16 -4.440892e-16 0.000000e+00 -1.776357e-15 -8.881784e-16 8.881784e-16
4.884981e-15 -3.108624e-15 -3.996803e-15 -8.881784e-16 -1.776357e-15 -2.664535e-15 8.881784e-16 1.776357e-15 -1.776357e-15 0.000000e+00 -1.776357e-15 8.881784e-16 2.664535e-15 -8.881784e-16 0.000000e+00 -3.552714e-15 8.881784e-16 -1.776357e-15 2.220446e-15 -5.329071e-15 8.881784e-16 -3.108624e-15 -1.776357e-15 1.332268e-15 4.440892e-16 8.881784e-16 2.220446e-16 -1.013989e-11 -6.217249e-15 5.995204e-15 -1.643643e-08 -1.350850e-08 -1.065814e-14 8.881784e-16 -8.881784e-16 -7.105427e-15 -4.440892e-15 -2.131628e-14 -8.881784e-16 -1.776357e-15 8.881784e-16 -4.440892e-16 8.881784e-16 -4.440892e-16 -2.664535e-15 -2.220446e-15 -8.881784e-16 4.440892e-16 -1.776357e-15 -1.776357e-15 -8.881784e-16
-2.220446e-15 -2.664535e-15 -5.329071e-15 0.000000e+00 -2.664535e-15 8.881784e-16 -1.776357e-15 -3.108624e-15 -2.664535e-15 -4.440892e-16 -1.776357e-15 -2.220446e-15 0.000000e+00 1.421085e-14 3.996803e-15 8.881784e-16 -2.220446e-15 -2.664535e-15 3.552714e-15 -1.776357e-15 -4.440892e-16 1.332268e-15 -2.664535e-15 -4.440892e-16 0.000000e+00 -8.881784e-16 1.665335e-15 8.575141e-12 -1.332268e-15 3.552714e-15 3.552714e-15 -4.662937e-15 -3.016133e-08 0.000000e+00 3.108624e-15 8.881784e-16 -8.881784e-16 1.421085e-14 1.332268e-15 4.440892e-16 -4.440892e-16 -8.881784e-16 4.440892e-15 -4.440892e-16 0.000000e+00 -1.776357e-15 0.000000e+00 -8.881784e-16 -1.776357e-15 -3.552714e-15 -6.217249e-15
