tests/data/reference/test_rill/control/massbalance.asc
ncols	123
nrows	77
xllcorner	-713746.79929998
yllcorner	-1061022.36961616
cellsize	10.0
NODATA_value	-9999
[rows 46 to 68 of 77, columns 0 to 50 of 123]
-9.999000e+03 -9.999000e+03 -9.999000e+03 -9.999000e+03 -9.999000e+03 -9.999000e+03 1.156248e-10 5.329071e-15 -4.440892e-16 -3.108624e-15 2.220446e-16 4.440892e-16 1.776357e-15 1.776357e-15 -3.552714e-15 0.000000e+00 -8.881784e-16 -8.881784e-16 1.776357e-15 3.552714e-15 -4.440892e-16 -1.776357e-15 -8.881784e-16 -4.440892e-16 -4.440892e-16 -2.220446e-15 1.332268e-15 -3.552714e-15 -2.664535e-15 2.664535e-15 -3.552714e-15 1.421085e-14 2.131628e-14 0.000000e+00 1.332268e-15 -1.332268e-15 8.881784e-16 -5.329071e-15 8.881784e-16 -1.776357e-15 8.881784e-16 -1.776357e-15 -8.881784e-16 4.440892e-16 -6.217249e-15 -3.552714e-15 -5.329071e-15 -1.776357e-15 -7.993606e-15 -8.881784e-16 -2.664535e-15
-9.999000e+03 -9.999000e+03 -9.999000e+03 -9.999000e+03 -9.999000e+03 -9.999000e+03 -9.992007e-16 -5.773160e-15 -4.440892e-16 -6.661338e-16 -4.440892e-16 -2.220446e-15 -4.440892e-16 8.881784e-16 8.881784e-16 0.000000e+00 -1.776357e-15 -3.552714e-15 -2.220446e-15 8.881784e-16 -1.554312e-15 -8.881784e-16 0.000000e+00 -8.881784e-16 4.440892e-16 0.000000e+00 8.881784e-16 -7.105427e-15 1.953993e-14 -1.598721e-14 -1.065814e-14 -4.440892e-16 -2.664535e-15 -5.773160e-15 1.332268e-15 -1.776357e-15 -1.776357e-15 -1.332268e-15 4.440892e-16 4.440892e-16 1.776357e-15 -2.664535e-15 -3.552714e-15 1.776357e-15 -8.881784e-16 -1.776357e-15 2.664535e-15 1.332268e-15 -3.552714e-15 -2.664535e-15 -3.108624e-15
-9.999000e+03 -9.999000e+03 -9.999000e+03 -9.999000e+03 -9.999000e+03 -1.719218e-10 -2.220446e-15 1.776357e-15 -8.881784e-16 0.000000e+00 -4.440892e-16 -3.996803e-15 1.332268e-15 -6.661338e-15 -1.776357e-15 -1.332268e-15 -4.440892e-16 -4.440892e-16 -1.776357e-15 -1.332268e-15 2.664535e-15 -8.881784e-15 -4.440892e-15 1.776357e-15 -5.329071e-15 -1.065814e-14 1.421085e-14 -2.220446e-15 -3.108624e-15 1.332268e-15 -8.881784e-16 -2.664535e-15 -1.776357e-15 -6.217249e-15 -1.332268e-15 2.220446e-15 1.776357e-15 0.000000e+00 8.881784e-16 0.000000e+00 -3.552714e-15 1.332268e-15 -5.329071e-15 -8.881784e-16 -1.332268e-15 -3.552714e-15 0.000000e+00 8.881784e-16 0.000000e+00 8.881784e-16 4.440892e-16
-9.999000e+03 -9.999000e+03 -9.999000e+03 -9.999000e+03 -3.495995e-10 -1.998401e-15 -2.664535e-15 -4.440892e-16 -4.440892e-16 -8.881784e-16 1.332268e-15 -8.881784e-16 -1.776357e-15 -4.440892e-16 0.000000e+00 -3.108624e-15 -8.881784e-16 -2.664535e-15 2.664535e-15 -1.776357e-15 0.000000e+00 8.881784e-16 8.881784e-16 -3.108624e-15 -2.664535e-15 -2.220446e-15 -8.881784e-16 1.332268e-15 -1.776357e-15 0.000000e+00 0.000000e+00 3.108624e-15 0.000000e+00 1.776357e-15 -2.664535e-15 -2.220446e-15 -2.664535e-15 -3.552714e-15 -4.440892e-15 4.440892e-16 -2.664535e-15 4.440892e-15 -4.440892e-15 -2.664535e-15 -8.881784e-16 -2.664535e-15 -4.440892e-16 0.000000e+00 -2.664535e-15 8.881784e-16 8.881784e-16
-9.999000e+03 -9.999000e+03 -9.999000e+03 -9.999000e+03 1.969429e-10 -1.332268e-15 -1.332268e-15 4.440892e-16 -1.554312e-15 -8.881784e-16 -8.881784e-16 4.440892e-15 -1.332268e-15 -6.661338e-16 0.000000e+00 8.881784e-16 0.000000e+00 -2.220446e-15 1.776357e-15 -1.332268e-15 -1.332268e-15 -5.329071e-15 -1.332268e-15 -1.776357e-15 4.440892e-16 2.664535e-15 1.776357e-15 4.440892e-16 -8.881784e-16 -8.881784e-16 -4.440892e-15 -4.440892e-16 8.881784e-16 8.881784e-16 -2.220446e-15 8.881784e-16 -4.440892e-16 -2.220446e-15 -1.776357e-15 -2.220446e-15 -1.776357e-15 3.996803e-15 -2.664535e-15 1.776357e-15 -8.881784e-16 -4.440892e-15 0.000000e+00 -3.996803e-15 -2.664535e-15 -1.776357e-15 -1.776357e-15
-9.999000e+03 -9.999000e+03 -9.999000e+03 -1.911458e-10 -3.219647e-15 -1.776357e-15 6.661338e-16 -1.332268e-15 -2.220446e-16 -4.440892e-16 -2.220446e-15 1.332268e-15 -8.881784e-16 0.000000e+00 -2.220446e-15 -4.440892e-16 -1.776357e-15 -2.664535e-15 -3.552714e-15 0.000000e+00 -1.776357e-15 -8.881784e-16 0.000000e+00 -2.220446e-15 -2.220446e-15 -3.552714e-15 -1.776357e-15 8.881784e-16 -3.552714e-15 -8.881784e-16 8.881784e-16 -6.661338e-15 -3.108624e-15 -1.332268e-15 -2.220446e-15 -8.881784e-16 4.440892e-16 1.776357e-15 -3.108624e-15 -2.664535e-15 -8.881784e-16 8.881784e-16 -1.776357e-15 4.440892e-16 8.881784e-16 0.000000e+00 1.776357e-15 2.664535e-15 8.881784e-16 8.881784e-16 -8.881784e-16
-9.999000e+03 -9.999000e+03 -9.999000e+03 1.388663e-10 8.881784e-16 2.220446e-16 -6.661338e-16 6.661338e-16 -2.442491e-15 -1.776357e-15 0.000000e+00 -4.440892e-15 -1.332268e-15 4.440892e-16 -1.776357e-15 -1.332268e-15 -3.108624e-15 1.776357e-15 -8.881784e-16 2.664535e-15 -4.440892e-16 -2.220446e-15 8.881784e-16 -1.776357e-15 -4.440892e-16 -1.776357e-15 -3.108624e-15 -2.220446e-15 -4.440892e-16 -4.440892e-16 1.776357e-15 1.332268e-15 -1.776357e-15 8.881784e-16 -1.776357e-15 -1.776357e-15 -4.440892e-16 -4.440892e-16 0.000000e+00 -8.881784e-16 -2.220446e-15 1.332268e-15 -8.881784e-16 0.000000e+00 -4.440892e-15 -3.552714e-15 -3.996803e-15 -8.881784e-16 4.440892e-16 0.000000e+00 -2.220446e-15
-9.999000e+03 -9.999000e+03 -3.414989e-09 -4.440892e-16 0.000000e+00 4.440892e-16 -1.554312e-15 4.440892e-16 -6.661338e-16 -8.881784e-16 2.664535e-15 1.332268e-15 -4.440892e-16 -8.881784e-16 -3.108624e-15 0.000000e+00 -2.220446e-15 -3.552714e-15 -1.776357e-15 -8.881784e-16 4.440892e-16 -1.110223e-15 -8.881784e-16 0.000000e+00 -1.776357e-15 1.332268e-15 -1.776357e-15 -1.776357e-15 -4.440892e-16 -4.440892e-16 -6.217249e-15 0.000000e+00 -3.108624e-15 0.000000e+00 8.881784e-16 -1.776357e-15 -2.220446e-15 -8.881784e-16 -3.996803e-15 -1.332268e-15 -5.329071e-15 -3.552714e-15 -4.440892e-15 0.000000e+00 2.664535e-15 -8.881784e-16 -8.881784e-16 -4.440892e-16 -2.220446e-16 0.000000e+00 1.243450e-14
-9.999000e+03 -9.999000e+03 -7.356989e-09 -4.440892e-16 0.000000e+00 -8.881784e-16 -1.110223e-15 -1.554312e-15 -8.881784e-16 -8.881784e-16 -4.440892e-16 -1.110223e-15 -1.332268e-15 1.998401e-15 -4.440892e-16 -3.108624e-15 -2.220446e-16 -8.881784e-16 4.440892e-16 0.000000e+00 -8.881784e-16 1.332268e-15 -8.881784e-16 -4.440892e-16 -2.664535e-15 8.881784e-16 -4.440892e-16 -1.776357e-15 -3.108624e-15 -8.881784e-16 -4.440892e-16 -1.332268e-15 -2.664535e-15 8.881784e-16 -1.776357e-15 2.220446e-15 -8.881784e-16 -8.881784e-16 8.881784e-16 1.776357e-15 4.440892e-16 0.000000e+00 -4.440892e-16 -2.664535e-15 -4.440892e-15 1.332268e-15 -1.776357e-15 -2.664535e-15 -1.065814e-14 -1.776357e-14 1.776357e-15
-9.999000e+03 3.058531e-10 -2.886580e-15 -8.881784e-16 -1.332268e-15 -8.881784e-16 8.881784e-16 0.000000e+00 -9.999000e+03 -9.999000e+03 -9.999000e+03 -4.440892e-16 -1.110223e-15 -2.220446e-16 6.661338e-16 -2.220446e-16 -6.661338e-16 2.220446e-16 -6.661338e-16 0.000000e+00 -1.110223e-15 0.000000e+00 8.881784e-16 -8.881784e-16 -4.440892e-16 0.000000e+00 -1.332268e-15 1.332268e-15 1.332268e-15 0.000000e+00 2.220446e-15 -1.776357e-15 -2.220446e-15 1.776357e-15 -2.220446e-15 4.440892e-16 -2.220446e-15 -1.332268e-15 -1.332268e-15 -1.776357e-15 8.881784e-16 0.000000e+00 0.000000e+00 -4.440892e-16 -1.776357e-15 -6.217249e-15 -8.881784e-15 -1.776357e-15 -1.776357e-15 8.881784e-16 -2.220446e-15
-9.999000e+03 4.209078e-10 -1.332268e-15 -2.220446e-16 -1.332268e-15 -1.332268e-15 -9.999000e+03 -9.999000e+03 -9.999000e+03 -9.999000e+03 -9.999000e+03 -9.999000e+03 -4.440892e-16 -1.332268e-15 0.000000e+00 0.000000e+00 -4.440892e-16 -1.332268e-15 -4.440892e-16 -3.108624e-15 -8.881784e-16 -1.332268e-15 -2.220446e-16 -1.110223e-15 -8.881784e-16 -1.332268e-15 -1.332268e-15 -1.332268e-15 -2.220446e-15 -8.881784e-16 0.000000e+00 -3.108624e-15 -8.881784e-16 -2.664535e-15 -2.664535e-15 3.108624e-15 -8.881784e-16 -4.440892e-16 -8.881784e-16 -1.776357e-15 -2.220446e-15 -8.881784e-16 -8.881784e-16 -8.881784e-16 3.108624e-15 -2.664535e-15 8.881784e-16 -2.664535e-15 -8.881784e-16 1.332268e-15 1.776357e-15
2.248450e-10 1.110223e-15 -1.776357e-15 0.000000e+00 0.000000e+00 -6.661338e-16 -9.999000e+03 -9.999000e+03 -9.999000e+03 -9.999000e+03 -9.999000e+03 -9.999000e+03 -9.999000e+03 -9.999000e+03 -9.999000e+03 4.440892e-16 -2.220446e-15 -2.220446e-16 -1.110223e-15 2.220446e-16 -2.220446e-15 -9.999000e+03 -9.999000e+03 -4.440892e-16 -8.881784e-16 -1.776357e-15 -2.220446e-16 0.000000e+00 -4.440892e-16 -1.776357e-15 8.881784e-16 -1.332268e-15 0.000000e+00 8.881784e-16 -2.220446e-15 -4.440892e-16 0.000000e+00 -8.881784e-16 -2.664535e-15 4.440892e-16 0.000000e+00 -8.881784e-16 -1.776357e-15 -8.881784e-16 -2.220446e-15 -3.552714e-15 -1.332268e-15 4.440892e-15 -2.664535e-15 -3.108624e-15 1.776357e-15
-3.936451e-11 -8.881784e-16 -2.220446e-16 -1.332268e-15 -1.110223e-15 -9.999000e+03 -9.999000e+03 -9.999000e+03 -9.999000e+03 -9.999000e+03 -9.999000e+03 -9.999000e+03 -9.999000e+03 -9.999000e+03 -9.999000e+03 -9.999000e+03 -9.999000e+03 -9.999000e+03 -9.999000e+03 -9.999000e+03 -9.999000e+03 -9.999000e+03 -9.999000e+03 -4.440892e-16 -4.440892e-16 0.000000e+00 -2.220446e-15 -4.440892e-16 0.000000e+00 -1.776357e-15 -4.440892e-16 -4.440892e-16 -1.776357e-15 -1.998401e-15 -1.332268e-15 0.000000e+00 -4.440892e-16 8.881784e-16 -1.332268e-15 -2.220446e-15 -8.881784e-16 0.000000e+00 -2.220446e-15 0.000000e+00 8.881784e-16 -2.220446e-15 -3.552714e-15 1.332268e-15 -1.332268e-15 -2.220446e-15 -4.440892e-15
-9.999000e+03 0.000000e+00 -8.881784e-16 -1.554312e-15 -9.999000e+03 -9.999000e+03 -9.999000e+03 -9.999000e+03 -9.999000e+03 -9.999000e+03 -9.999000e+03 -9.999000e+03 -9.999000e+03 -9.999000e+03 -9.999000e+03 -9.999000e+03 -9.999000e+03 -9.999000e+03 -9.999000e+03 -9.999000e+03 -9.999000e+03 -9.999000e+03 -9.999000e+03 -9.999000e+03 -9.999000e+03 -9.999000e+03 -2.220446e-16 -6.661338e-16 -8.881784e-16 8.881784e-16 -2.220446e-15 -4.440892e-16 0.000000e+00 2.220446e-16 0.000000e+00 4.440892e-16 -2.664535e-15 -2.664535e-15 0.000000e+00 4.440892e-16 -8.881784e-16 -8.881784e-16 3.108624e-15 -2.220446e-15 -1.776357e-15 -8.881784e-16 -8.881784e-16 0.000000e+00 0.000000e+00 2.664535e-15 -8.881784e-16
-9.999000e+03 -9.999000e+03 -9.999000e+03 -9.999000e+03 -9.999000e+03 -9.999000e+03 -9.999000e+03 -9.999000e+03 -9.999000e+03 -9.999000e+03 -9.999000e+03 -9.999000e+03 -9.999000e+03 -9.999000e+03 -9.999000e+03 -9.999000e+03 -9.999000e+03 -9.999000e+03 -9.999000e+03 -9.999000e+03 -9.999000e+03 -9.999000e+03 -9.999000e+03 -9.999000e+03 -9.999000e+03 -9.999000e+03 -9.999000e+03 -9.999000e+03 0.000000e+00 -4.440892e-16 2.220446e-16 -6.661338e-16 0.000000e+00 0.000000e+00 4.440892e-16 -1.776357e-15 1.110223e-15 -1.332268e-15 2.220446e-16 -1.776357e-15 0.000000e+00 -4.440892e-16 0.000000e+00 0.000000e+00 -8.881784e-16 -8.881784e-16 -6.661338e-16 -1.776357e-15 4.440892e-16 -4.440892e-15 -4.440892e-16
-9.999000e+03 -9.999000e+03 -9.999000e+03 -9.999000e+03 -9.999000e+03 -9.999000e+03 -9.999000e+03 -9.999000e+03 -9.999000e+03 -9.999000e+03 -9.999000e+03 -9.999000e+03 -9.999000e+03 -9.999000e+03 -9.999000e+03 -9.999000e+03 -9.999000e+03 -9.999000e+03 -9.999000e+03 -9.999000e+03 -9.999000e+03 -9.999000e+03 -9.999000e+03 -9.999000e+03 -9.999000e+03 -9.999000e+03 -9.999000e+03 -9.999000e+03 -9.999000e+03 0.000000e+00 -1.332268e-15 -2.220446e-15 0.000000e+00 -8.881784e-16 -8.881784e-16 -4.440892e-16 0.000000e+00 -1.554312e-15 -2.220446e-15 8.881784e-16 -3.108624e-15 8.881784e-16 -1.776357e-15 0.000000e+00 1.776357e-15 -2.220446e-15 1.776357e-15 0.000000e+00 -3.552714e-15 4.440892e-16 -4.440892e-16
-9.999000e+03 -9.999000e+03 -9.999000e+03 -9.999000e+03 -9.999000e+03 -9.999000e+03 -9.999000e+03 -9.999000e+03 -9.999000e+03 -9.999000e+03 -9.999000e+03 -9.999000e+03 -9.999000e+03 -9.999000e+03 -9.999000e+03 -9.999000e+03 -9.999000e+03 -9.999000e+03 -9.999000e+03 -9.999000e+03 -9.999000e+03 -9.999000e+03 -9.999000e+03 -9.999000e+03 -9.999000e+03 -9.999000e+03 -9.999000e+03 -9.999000e+03 -9.999000e+03 -9.999000e+03 -4.440892e-16 -9.999000e+03 -9.999000e+03 -9.999000e+03 -9.999000e+03 -9.999000e+03 -9.999000e+03 -9.999000e+03 -6.661338e-16 -1.776357e-15 -4.440892e-16 8.881784e-16 -2.220446e-15 0.000000e+00 -1.776357e-15 4.440892e-16 -3.108624e-15 3.108624e-15 -4.440892e-16 4.440892e-16 -8.881784e-16
-9.999000e+03 -9.999000e+03 -9.999000e+03 -9.999000e+03 -9.999000e+03 -9.999000e+03 -9.999000e+03 -9.999000e+03 -9.999000e+03 -9.999000e+03 -9.999000e+03 -9.999000e+03 -9.999000e+03 -9.999000e+03 -9.999000e+03 -9.999000e+03 -9.999000e+03 -9.999000e+03 -9.999000e+03 -9.999000e+03 -9.999000e+03 -9.999000e+03 -9.999000e+03 -9.999000e+03 -9.999000e+03 -9.999000e+03 -9.999000e+03 -9.999000e+03 -9.999000e+03 -9.999000e+03 -9.999000e+03 -9.999000e+03 -9.999000e+03 -9.999000e+03 -9.999000e+03 -9.999000e+03 -9.999000e+03 -9.999000e+03 -9.999000e+03 -9.999000e+03 -9.999000e+03 -4.440892e-16 -4.440892e-16 -4.440892e-16 0.000000e+00 -2.664535e-15 8.881784e-16 -1.776357e-15 -2.664535e-15 2.664535e-15 -2.664535e-15
-9.999000e+03 -9.999000e+03 -9.999000e+03 -9.999000e+03 -9.999000e+03 -9.999000e+03 -9.999000e+03 -9.999000e+03 -9.999000e+03 -9.999000e+03 -9.999000e+03 -9.999000e+03 -9.999000e+03 -9.999000e+03 -9.999000e+03 -9.999000e+03 -9.999000e+03 -9.999000e+03 -9.999000e+03 -9.999000e+03 -9.999000e+03 -9.999000e+03 -9.999000e+03 -9.999000e+03 -9.999000e+03 -9.999000e+03 -9.999000e+03 -9.999000e+03 -9.999000e+03 -9.999000e+03 -9.999000e+03 -9.999000e+03 -9.999000e+03 -9.999000e+03 -9.999000e+03 -9.999000e+03 -9.999000e+03 -9.999000e+03 -9.999000e+03 -9.999000e+03 -9.999000e+03 -9.999000e+03 -9.999000e+03 -9.999000e+03 -8.881784e-16 4.440892e-16 1.332268e-15 -1.332268e-15 -8.881784e-16 8.881784e-16 -2.220446e-15
-9.999000e+03 -9.999000e+03 -9.999000e+03 -9.999000e+03 -9.999000e+03 -9.999000e+03 -9.999000e+03 -9.999000e+03 -9.999000e+03 -9.999000e+03 -9.999000e+03 -9.999000e+03 -9.999000e+03 -9.999000e+03 -9.999000e+03 -9.999000e+03 -9.999000e+03 -9.999000e+03 -9.999000e+03 -9.999000e+03 -9.999000e+03 -9.999000e+03 -9.999000e+03 -9.999000e+03 -9.999000e+03 -9.999000e+03 -9.999000e+03 -9.999000e+03 -9.999000e+03 -9.999000e+03 -9.999000e+03 -9.999000e+03 -9.999000e+03 -9.999000e+03 -9.999000e+03 -9.999000e+03 -9.999000e+03 -9.999000e+03 -9.999000e+03 -9.999000e+03 -9.999000e+03 -9.999000e+03 -9.999000e+03 -9.999000e+03 -9.999000e+03 -9.999000e+03 -9.999000e+03 -9.999000e+03 -9.999000e+03 -9.999000e+03 -6.661338e-16
-9.999000e+03 -9.999000e+03 -9.999000e+03 -9.999000e+03 -9.999000e+03 -9.999000e+03 -9.999000e+03 -9.999000e+03 -9.999000e+03 -9.999000e+03 -9.999000e+03 -9.999000e+03 -9.999000e+03 -9.999000e+03 -9.999000e+03 -9.999000e+03 -9.999000e+03 -9.999000e+03 -9.999000e+03 -9.999000e+03 -9.999000e+03 -9.999000e+03 -9.999000e+03 -9.999000e+03 -9.999000e+03 -9.999000e+03 -9.999000e+03 -9.999000e+03 -9.999000e+03 -9.999000e+03 -9.999000e+03 -9.999000e+03 -9.999000e+03 -9.999000e+03 -9.999000e+03 -9.999000e+03 -9.999000e+03 -9.999000e+03 -9.999000e+03 -9.999000e+03 -9.999000e+03 -9.999000e+03 -9.999000e+03 -9.999000e+03 -9.999000e+03 -9.999000e+03 -9.999000e+03 -9.999000e+03 -9.999000e+03 -9.999000e+03 -9.999000e+03
-9.999000e+03 -9.999000e+03 -9.999000e+03 -9.999000e+03 -9.999000e+03 -9.999000e+03 -9.999000e+03 -9.999000e+03 -9.999000e+03 -9.999000e+03 -9.999000e+03 -9.999000e+03 -9.999000e+03 -9.999000e+03 -9.999000e+03 -9.999000e+03 -9.999000e+03 -9.999000e+03 -9.999000e+03 -9.999000e+03 -9.999000e+03 -9.999000e+03 -9.999000e+03 -9.999000e+03 -9.999000e+03 -9.999000e+03 -9.999000e+03 -9.999000e+03 -9.999000e+03 -9.999000e+03 -9.999000e+03 -9.999000e+03 -9.999000e+03 -9.999000e+03 -9.999000e+03 -9.999000e+03 -9.999000e+03 -9.999000e+03 -9.999000e+03 -9.999000e+03 -9.999000e+03 -9.999000e+03 -9.999000e+03 -9.999000e+03 -9.999000e+03 -9.999000e+03 -9.999000e+03 -9.999000e+03 -9.999000e+03 -9.999000e+03 -9.999000e+03
-9.999000e+03 -9.999000e+03 -9.999000e+03 -9.999000e+03 -9.999000e+03 -9.999000e+03 -9.999000e+03 -9.999000e+03 -9.999000e+03 -9.999000e+03 -9.999000e+03 -9.999000e+03 -9.999000e+03 -9.999000e+03 -9.999000e+03 -9.999000e+03 -9.999000e+03 -9.999000e+03 -9.999000e+03 -9.999000e+03 -9.999000e+03 -9.999000e+03 -9.999000e+03 -9.999000e+03 -9.999000e+03 -9.999000e+03 -9.999000e+03 -9.999000e+03 -9.999000e+03 -9.999000e+03 -9.999000e+03 -9.999000e+03 -9.999000e+03 -9.999000e+03 -9.999000e+03 -9.999000e+03 -9.999000e+03 -9.999000e+03 -9.999000e+03 -9.999000e+03 -9.999000e+03 -9.999000e+03 -9.999000e+03 -9.999000e+03 -9.999000e+03 -9.999000e+03 -9.999000e+03 -9.999000e+03 -9.999000e+03 -9.999000e+03 -9.999000e+03
