tests/data/reference/test_rill/control/massbalance.asc
ncols	123
nrows	77
xllcorner	-713746.79929998
yllcorner	-1061022.36961616
cellsize	10.0
NODATA_value	-9999
[rows 23 to 45 of 77, columns 0 to 50 of 123]
-9.999000e+03 -9.999000e+03 -9.999000e+03 -9.999000e+03 -9.999000e+03 -9.999000e+03 -9.999000e+03 -9.999000e+03 -9.999000e+03 -9.999000e+03 -9.999000e+03 -9.999000e+03 -9.999000e+03 -9.999000e+03 -4.440892e-16 1.332268e-15 -1.776357e-15 -1.776357e-15 -1.110223e-15 -2.220446e-16 4.440892e-16 5.390444e-11 2.220446e-16 2.664535e-15 0.000000e+00 3.552714e-15 3.552714e-15 1.065814e-14 8.881784e-16 8.881784e-15 -1.332268e-15 4.440892e-16 1.332268e-15 -3.552714e-15 -5.329071e-15 8.881784e-16 7.105427e-15 -8.881784e-16 -1.776357e-15 -4.440892e-15 4.440892e-16 -1.332268e-15 1.776357e-15 -2.664535e-15 1.776357e-15 -2.664535e-15 0.000000e+00 -3.552714e-15 -8.881784e-16 -8.881784e-16 1.332268e-15
-9.999000e+03 -9.999000e+03 -9.999000e+03 -9.999000e+03 -9.999000e+03 -9.999000e+03 -9.999000e+03 -9.999000e+03 -9.999000e+03 -9.999000e+03 -9.999000e+03 -9.999000e+03 -9.999000e+03 -9.999000e+03 -2.220446e-16 9.219193e-09 0.000000e+00 -8.881784e-16 6.661338e-16 -1.332268e-15 5.070300e-11 -4.760814e-11 -6.661338e-16 -1.110223e-15 -6.217249e-15 -7.105427e-15 7.993606e-15 -4.440892e-15 1.776357e-15 4.440892e-16 -8.881784e-15 -4.440892e-16 8.881784e-16 -1.776357e-15 1.243450e-14 -1.332268e-15 -7.105427e-15 1.332268e-15 7.993606e-15 4.440892e-16 -3.108624e-15 1.776357e-15 -2.664535e-15 -4.440892e-15 -5.329071e-15 1.332268e-15 -1.332268e-15 1.776357e-15 0.000000e+00 0.000000e+00 -4.440892e-16
-9.999000e+03 -9.999000e+03 -9.999000e+03 -9.999000e+03 -9.999000e+03 -9.999000e+03 -9.999000e+03 -9.999000e+03 -9.999000e+03 -9.999000e+03 -9.999000e+03 -9.999000e+03 -9.999000e+03 -9.999000e+03 -1.639271e-08 3.108624e-15 -8.881784e-16 0.000000e+00 -8.881784e-16 -2.220446e-16 1.515499e-11 -3.552714e-15 3.552714e-15 1.332268e-15 8.881784e-16 -7.105427e-15 1.421085e-14 3.552714e-15 -1.776357e-15 6.661338e-16 0.000000e+00 5.329071e-15 1.776357e-15 4.440892e-16 8.881784e-16 -5.329071e-15 -8.881784e-16 -3.552714e-15 -8.881784e-16 1.776357e-14 -8.881784e-16 -1.776357e-15 -2.664535e-15 -8.881784e-16 1.776357e-15 -8.881784e-16 -1.776357e-15 -8.881784e-16 -3.552714e-15 -3.552714e-15 -1.332268e-15
-9.999000e+03 -9.999000e+03 -9.999000e+03 -9.999000e+03 -9.999000e+03 -9.999000e+03 -9.999000e+03 -9.999000e+03 -9.999000e+03 -9.999000e+03 -9.999000e+03 -9.999000e+03 8.881784e-16 -4.440892e-16 -4.440892e-15 -8.881784e-16 -1.332268e-15 -2.220446e-16 2.220446e-16 5.352430e-11 2.442491e-15 -7.993606e-15 8.881784e-16 0.000000e+00 1.776357e-15 0.000000e+00 -3.197442e-14 -1.776357e-15 -8.881784e-16 -4.440892e-16 -8.881784e-16 1.332268e-15 -1.776357e-15 -2.664535e-15 -8.881784e-16 -1.776357e-15 1.776357e-15 8.881784e-16 5.329071e-15 4.440892e-16 -2.131628e-14 8.881784e-16 -8.881784e-16 0.000000e+00 -1.776357e-15 -8.881784e-16 -1.776357e-15 1.776357e-15 8.881784e-16 -4.440892e-16 8.881784e-16
-9.999000e+03 -9.999000e+03 -9.999000e+03 -9.999000e+03 -9.999000e+03 -9.999000e+03 -9.999000e+03 -9.999000e+03 -9.999000e+03 -9.999000e+03 -9.999000e+03 -9.999000e+03 -9.999000e+03 2.220446e-16 1.998401e-15 2.220446e-16 1.110223e-15 0.000000e+00 -6.991430e-11 5.107026e-15 -8.881784e-16 8.881784e-16 7.105427e-15 0.000000e+00 1.776357e-15 -1.598721e-14 2.842171e-14 3.907985e-14 8.881784e-16 3.552714e-15 -4.440892e-16 -4.440892e-16 0.000000e+00 2.664535e-15 -2.220446e-15 1.332268e-15 8.881784e-16 1.598721e-14 4.440892e-16 -7.105427e-15 -5.329071e-15 -1.776357e-15 -5.329071e-15 2.664535e-15 -5.329071e-15 8.881784e-16 1.776357e-15 -7.105427e-15 -4.440892e-15 0.000000e+00 0.000000e+00
-9.999000e+03 -9.999000e+03 -9.999000e+03 -9.999000e+03 -9.999000e+03 -9.999000e+03 -9.999000e+03 -9.999000e+03 -9.999000e+03 -9.999000e+03 -9.999000e+03 -9.999000e+03 -9.999000e+03 -9.999000e+03 -9.999000e+03 -6.661338e-16 -2.220446e-16 -4.997425e-11 6.452616e-11 4.440892e-15 -8.881784e-16 6.217249e-15 -8.881784e-16 -2.664535e-15 4.440892e-15 -3.552714e-15 0.000000e+00 -1.421085e-14 4.973799e-14 0.000000e+00 0.000000e+00 0.000000e+00 1.332268e-15 -8.881784e-16 -3.552714e-15 8.881784e-16 0.000000e+00 -3.108624e-15 1.776357e-15 8.881784e-16 8.881784e-15 -3.552714e-15 -2.664535e-15 -4.440892e-15 1.776357e-15 0.000000e+00 -1.776357e-15 1.776357e-15 1.776357e-15 -2.664535e-15 -2.664535e-15
-9.999000e+03 -9.999000e+03 -9.999000e+03 -9.999000e+03 -9.999000e+03 -9.999000e+03 -9.999000e+03 -9.999000e+03 -9.999000e+03 -9.999000e+03 -9.999000e+03 -9.999000e+03 -9.999000e+03 -9.999000e+03 -9.999000e+03 -9.999000e+03 0.000000e+00 -7.152079e-11 1.332268e-15 1.776357e-15 -2.664535e-15 -1.776357e-15 -1.776357e-15 2.664535e-15 7.105427e-15 1.776357e-15 -5.329071e-15 0.000000e+00 1.332268e-15 2.842171e-14 2.842171e-14 -1.421085e-14 2.220446e-15 0.000000e+00 4.440892e-16 1.776357e-15 1.687539e-14 -3.552714e-15 3.552714e-15 -8.881784e-15 2.220446e-15 -7.105427e-15 3.552714e-15 0.000000e+00 -2.664535e-15 0.000000e+00 8.881784e-16 8.881784e-16 -1.776357e-15 4.440892e-15 -8.881784e-16
-9.999000e+03 -9.999000e+03 -9.999000e+03 -9.999000e+03 -9.999000e+03 -9.999000e+03 -9.999000e+03 -9.999000e+03 -9.999000e+03 -9.999000e+03 -9.999000e+03 -9.999000e+03 -9.999000e+03 -9.999000e+03 -9.999000e+03 -9.999000e+03 -3.158229e-11 3.774758e-15 0.000000e+00 0.000000e+00 8.881784e-16 -3.552714e-14 0.000000e+00 7.105427e-15 -1.598721e-14 1.598721e-14 -3.552714e-15 -1.776357e-15 0.000000e+00 -2.811831e-10 1.641302e-09 -1.511031e-09 7.119496e-09 5.840555e-09 -1.469004e-09 1.914607e-09 5.402896e-10 -3.753790e-09 2.443316e-08 -9.031993e-10 -2.561137e-09 -1.978599e-09 -3.552714e-15 4.440892e-15 -2.664535e-15 -2.664535e-15 -1.776357e-15 -3.552714e-15 1.776357e-15 -8.881784e-16 2.220446e-15
-9.999000e+03 -9.999000e+03 -9.999000e+03 -9.999000e+03 -9.999000e+03 -9.999000e+03 -9.999000e+03 -9.999000e+03 -9.999000e+03 -9.999000e+03 -9.999000e+03 -9.999000e+03 -9.999000e+03 -9.999000e+03 -9.999000e+03 2.433298e-11 -1.998401e-15 -1.776357e-15 0.000000e+00 2.486900e-14 3.552714e-14 -8.881784e-16 -8.881784e-16 -7.105427e-15 1.776357e-15 -8.881784e-15 -7.105427e-15 -2.309264e-14 1.243450e-14 5.329071e-15 5.329071e-15 -3.552714e-15 1.065814e-14 -1.065814e-14 -1.065814e-14 1.065814e-14 -1.065814e-14 1.776357e-14 -1.776357e-14 -2.131628e-14 -3.552714e-15 -3.552714e-15 1.612548e-09 -2.650467e-10 -7.487131e-10 8.881784e-15 8.881784e-16 -4.440892e-15 -5.329071e-15 -1.776357e-15 -5.329071e-15
-9.999000e+03 -9.999000e+03 -9.999000e+03 -9.999000e+03 -9.999000e+03 -9.999000e+03 -9.999000e+03 -9.999000e+03 -9.999000e+03 -9.999000e+03 -9.999000e+03 -9.999000e+03 -9.999000e+03 -9.999000e+03 3.204481e-11 7.320766e-11 0.000000e+00 0.000000e+00 -8.881784e-16 -4.440892e-16 0.000000e+00 -4.440892e-16 1.776357e-15 1.332268e-15 7.105427e-15 0.000000e+00 3.108624e-15 -8.881784e-16 8.881784e-16 0.000000e+00 -8.881784e-16 -2.309264e-14 7.105427e-15 -7.105427e-15 7.105427e-15 1.065814e-14 -4.440892e-16 1.332268e-15 4.440892e-15 0.000000e+00 3.552714e-15 -4.440892e-16 2.664535e-15 0.000000e+00 3.552714e-15 -1.216350e-09 -4.805827e-10 1.567187e-09 3.552714e-15 0.000000e+00 -2.664535e-15
-9.999000e+03 -9.999000e+03 -9.999000e+03 -9.999000e+03 -9.999000e+03 -9.999000e+03 -9.999000e+03 -9.999000e+03 -9.999000e+03 -9.999000e+03 -9.999000e+03 -9.999000e+03 -9.999000e+03 -9.999000e+03 -3.946066e-11 2.375877e-14 -6.217249e-15 0.000000e+00 -1.776357e-15 -4.440892e-16 3.108624e-15 -4.440892e-16 -8.881784e-16 -2.664535e-15 -8.881784e-16 -8.881784e-16 -8.881784e-16 -1.776357e-15 2.664535e-15 4.440892e-15 -5.329071e-15 -1.332268e-15 -1.332268e-15 -1.776357e-15 8.881784e-15 -1.776357e-15 1.776357e-15 -4.440892e-16 -3.552714e-15 -2.664535e-15 -3.108624e-15 4.884981e-15 -8.881784e-16 2.664535e-15 0.000000e+00 -1.776357e-15 7.105427e-15 -8.881784e-15 -1.950497e-09 3.574115e-09 -1.263061e-10
-9.999000e+03 -9.999000e+03 -9.999000e+03 -9.999000e+03 -9.999000e+03 -9.999000e+03 -9.999000e+03 -9.999000e+03 -9.999000e+03 -9.999000e+03 -9.999000e+03 -9.999000e+03 -9.999000e+03 -1.917262e-10 -1.709743e-14 -1.332268e-15 -8.881784e-16 2.664535e-15 8.881784e-16 -3.996803e-15 -1.332268e-15 8.881784e-16 -8.881784e-16 -8.881784e-16 -1.776357e-15 0.000000e+00 -8.881784e-16 -1.776357e-15 -2.220446e-15 -8.881784e-16 -8.881784e-16 8.881784e-16 -3.552714e-15 -7.993606e-15 0.000000e+00 -2.664535e-15 -2.664535e-15 2.220446e-15 -4.440892e-16 -4.440892e-16 8.881784e-16 -8.881784e-16 -1.332268e-15 8.881784e-16 -1.332268e-15 -1.332268e-15 -4.440892e-16 1.332268e-15 -8.881784e-16 3.552714e-15 -8.881784e-15
-9.999000e+03 -9.999000e+03 -9.999000e+03 -9.999000e+03 -9.999000e+03 -9.999000e+03 -9.999000e+03 -9.999000e+03 -9.999000e+03 -9.999000e+03 -9.999000e+03 -9.999000e+03 3.574008e-11 1.735163e-10 0.000000e+00 -2.220446e-15 -1.065814e-14 -3.552714e-15 4.440892e-16 -1.776357e-15 -5.329071e-15 -4.440892e-16 0.000000e+00 -2.664535e-15 -2.664535e-15 -3.552714e-15 -2.220446e-15 -4.440892e-16 0.000000e+00 -2.220446e-15 -1.776357e-15 0.000000e+00 5.329071e-15 -8.881784e-16 0.000000e+00 8.881784e-16 -2.220446e-15 -3.552714e-15 -4.440892e-16 -2.220446e-15 8.881784e-16 -4.440892e-16 -8.881784e-16 4.440892e-16 0.000000e+00 -1.332268e-15 -2.664535e-15 3.552714e-15 -4.440892e-16 1.776357e-15 0.000000e+00
-9.999000e+03 -9.999000e+03 -9.999000e+03 -9.999000e+03 -9.999000e+03 -9.999000e+03 -9.999000e+03 -9.999000e+03 -9.999000e+03 -9.999000e+03 -9.999000e+03 -9.999000e+03 -2.040603e-10 -4.440892e-15 4.440892e-16 1.421085e-14 -4.440892e-16 -2.664535e-15 -1.332268e-15 8.881784e-16 0.000000e+00 -2.664535e-15 0.000000e+00 4.440892e-16 2.664535e-15 -3.552714e-15 0.000000e+00 -3.996803e-15 -1.332268e-15 -4.884981e-15 8.881784e-16 -7.105427e-15 0.000000e+00 0.000000e+00 0.000000e+00 -2.664535e-15 0.000000e+00 -1.332268e-15 -5.773160e-15 -3.996803e-15 -4.440892e-16 -8.881784e-16 0.000000e+00 4.440892e-16 4.440892e-16 -8.881784e-16 -8.881784e-16 4.440892e-16 0.000000e+00 1.332268e-15 1.332268e-15
-9.999000e+03 -9.999000e+03 -9.999000e+03 -9.999000e+03 -9.999000e+03 -9.999000e+03 -9.999000e+03 -9.999000e+03 -9.999000e+03 -9.999000e+03 -9.999000e+03 4.901413e-12 -1.110223e-15 -1.332268e-15 -1.065814e-14 -6.661338e-16 8.881784e-16 -2.220446e-15 -8.881784e-16 0.000000e+00 0.000000e+00 -8.881784e-16 0.000000e+00 -2.220446e-15 2.664535e-15 -3.552714e-15 1.332268e-15 8.881784e-16 4.440892e-16 -2.664535e-15 1.332268e-15 -3.552714e-15 0.000000e+00 -1.776357e-15 4.440892e-16 1.332268e-15 0.000000e+00 2.664535e-15 8.881784e-16 0.000000e+00 -4.440892e-16 -1.776357e-15 0.000000e+00 -8.881784e-16 2.220446e-16 -2.220446e-16 -4.440892e-16 -6.661338e-16 -1.776357e-15 -8.881784e-16 2.220446e-15
-9.999000e+03 -9.999000e+03 -9.999000e+03 -9.999000e+03 -9.999000e+03 -9.999000e+03 -9.999000e+03 -9.999000e+03 -9.999000e+03 -9.999000e+03 -7.055423e-11 -1.303264e-10 -1.776357e-15 1.776357e-15 -4.440892e-16 -8.881784e-16 -2.664535e-15 -4.440892e-16 -3.552714e-15 -1.332268e-15 -4.440892e-16 -2.664535e-15 0.000000e+00 -4.440892e-15 8.881784e-16 -8.881784e-16 0.000000e+00 -4.440892e-16 1.332268e-15 -1.332268e-15 -2.664535e-15 -1.776357e-15 4.440892e-16 0.000000e+00 4.440892e-16 -4.440892e-16 -8.881784e-16 -8.881784e-16 -4.440892e-16 -6.661338e-16 4.440892e-16 2.220446e-16 0.000000e+00 -1.776357e-15 0.000000e+00 -8.881784e-16 -2.664535e-15 0.000000e+00 -4.440892e-16 -6.661338e-16 -4.440892e-16
-9.999000e+03 -9.999000e+03 -9.999000e+03 -9.999000e+03 -9.999000e+03 -9.999000e+03 -9.999000e+03 -9.999000e+03 -9.999000e+03 -9.999000e+03 1.313853e-10 8.881784e-16 7.105427e-15 -8.881784e-16 -6.661338e-16 -8.881784e-16 -2.220446e-15 1.776357e-15 4.440892e-16 -1.776357e-15 0.000000e+00 -3.552714e-15 -1.776357e-15 -1.332268e-15 -2.220446e-15 -1.554312e-15 0.000000e+00 -2.664535e-15 -1.776357e-15 4.440892e-16 -2.220446e-15 -3.552714e-15 -8.881784e-16 -2.220446e-16 -1.332268e-15 -4.440892e-16 -6.661338e-16 -1.776357e-15 0.000000e+00 -1.332268e-15 -2.220446e-16 1.332268e-15 -1.776357e-15 -1.332268e-15 -4.440892e-16 -8.881784e-16 -1.332268e-15 0.000000e+00 -4.440892e-16 -1.776357e-15 2.664535e-15
-9.999000e+03 -9.999000e+03 -9.999000e+03 -9.999000e+03 -9.999000e+03 -9.999000e+03 -9.999000e+03 -9.999000e+03 -9.999000e+03 1.080074e-10 -9.992007e-15 -1.243450e-14 4.440892e-16 0.000000e+00 -4.440892e-16 -1.776357e-15 0.000000e+00 -1.332268e-15 -3.552714e-15 0.000000e+00 -4.440892e-16 1.332268e-15 -2.220446e-15 1.776357e-15 -2.220446e-16 -2.664535e-15 8.881784e-16 0.000000e+00 -1.776357e-15 -4.440892e-16 8.881784e-16 -6.661338e-16 0.000000e+00 -3.552714e-15 -1.332268e-15 2.664535e-15 -3.552714e-15 4.440892e-16 0.000000e+00 4.440892e-16 4.440892e-16 0.000000e+00 -8.881784e-16 -4.440892e-15 3.552714e-15 -2.220446e-15 -4.884981e-15 -2.220446e-15 0.000000e+00 -4.440892e-15 -1.776357e-15
-9.999000e+03 -9.999000e+03 -9.999000e+03 -9.999000e+03 -9.999000e+03 -9.999000e+03 -9.999000e+03 -9.999000e+03 -9.999000e+03 1.139318e-10 7.105427e-15 -1.332268e-15 -1.332268e-15 0.000000e+00 4.440892e-16 0.000000e+00 -4.440892e-16 0.000000e+00 -1.776357e-15 -1.776357e-15 -1.776357e-15 -1.776357e-15 -1.554312e-15 -1.332268e-15 -1.332268e-15 0.000000e+00 -2.220446e-16 -4.440892e-16 -2.220446e-16 -8.881784e-16 8.881784e-16 -4.440892e-16 0.000000e+00 -4.440892e-16 -2.664535e-15 -1.776357e-15 0.000000e+00 -4.440892e-16 -1.332268e-15 -8.881784e-16 -2.220446e-15 -3.108624e-15 8.881784e-16 -3.108624e-15 1.776357e-15 -3.996803e-15 8.881784e-16 -3.552714e-15 4.440892e-16 3.108624e-15 -3.552714e-14
-9.999000e+03 -9.999000e+03 -9.999000e+03 -9.999000e+03 -9.999000e+03 -9.999000e+03 -9.999000e+03 -9.999000e+03 -4.652190e-11 -9.992007e-15 3.552714e-15 8.881784e-16 2.220446e-16 0.000000e+00 -4.884981e-15 -1.776357e-15 -1.776357e-15 -8.881784e-16 1.332268e-15 -1.332268e-15 -8.881784e-16 4.440892e-16 -8.881784e-16 -1.332268e-15 -8.881784e-16 -8.881784e-15 1.065814e-14 -1.776357e-15 3.552714e-15 0.000000e+00 -7.105427e-15 8.881784e-15 -1.421085e-14 5.329071e-15 -3.552714e-15 -2.220446e-15 1.776357e-15 0.000000e+00 8.881784e-16 -7.993606e-15 7.105427e-15 -8.881784e-15 0.000000e+00 -8.881784e-15 2.664535e-15 1.776357e-15 -1.776357e-15 0.000000e+00 -3.552714e-15 -4.263256e-14 1.776357e-15
-9.999000e+03 -9.999000e+03 -9.999000e+03 -9.999000e+03 -9.999000e+03 -9.999000e+03 -9.999000e+03 -6.578715e-11 2.035168e-10 -2.664535e-15 -8.881784e-16 -2.664535e-15 -4.440892e-16 -4.440892e-16 -8.881784e-16 -5.329071e-15 -2.664535e-15 -5.773160e-15 -1.332268e-15 2.664535e-15 -8.881784e-16 -4.440892e-16 -8.881784e-16 -3.552714e-15 -7.105427e-15 1.332268e-15 -8.881784e-16 -1.332268e-15 -8.881784e-16 -1.776357e-15 0.000000e+00 -3.108624e-15 0.000000e+00 -4.884981e-15 3.108624e-15 -3.552714e-15 4.440892e-16 -3.996803e-15 4.440892e-16 2.664535e-15 -4.440892e-15 -1.776357e-15 -2.664535e-15 -1.776357e-15 8.881784e-16 -7.105427e-15 3.552714e-15 -1.776357e-15 4.263256e-14 -2.664535e-15 -5.773160e-15
-9.999000e+03 -9.999000e+03 -9.999000e+03 -9.999000e+03 -9.999000e+03 -9.999000e+03 -9.999000e+03 8.725642e-11 2.220446e-16 0.000000e+00 -8.881784e-16 0.000000e+00 -1.332268e-15 0.000000e+00 4.440892e-16 -1.332268e-15 0.000000e+00 -1.776357e-15 -5.329071e-15 -2.220446e-15 4.440892e-15 1.776357e-15 4.440892e-15 0.000000e+00 -4.440892e-16 -4.440892e-16 -1.332268e-15 -2.664535e-15 -8.881784e-16 -1.776357e-15 -4.440892e-16 -2.664535e-15 -8.881784e-16 -1.332268e-15 0.000000e+00 -2.664535e-15 7.105427e-15 -1.065814e-14 1.065814e-14 -4.618528e-14 2.486900e-14 -4.263256e-14 2.131628e-14 -3.552714e-15 2.486900e-14 7.105427e-15 -4.263256e-14 -2.842171e-14 0.000000e+00 1.332268e-15 -2.220446e-15
-9.999000e+03 -9.999000e+03 -9.999000e+03 -9.999000e+03 -9.999000e+03 -9.999000e+03 -9.999000e+03 0.000000e+00 8.881784e-16 -1.776357e-15 -1.332268e-15 -6.661338e-16 -1.332268e-15 -2.664535e-15 -2.220446e-15 -1.332268e-15 -3.552714e-15 0.000000e+00 -2.664535e-15 -2.664535e-15 -2.664535e-15 -2.664535e-15 -1.332268e-15 -1.776357e-15 -4.440892e-16 0.000000e+00 -8.881784e-16 0.000000e+00 -8.881784e-16 -1.776357e-15 0.000000e+00 -2.664535e-15 -3.108624e-15 0.000000e+00 1.421085e-14 -2.842171e-14 8.881784e-16 -2.664535e-15 3.552714e-15 -1.776357e-15 0.000000e+00 -3.552714e-15 -2.220446e-15 -1.776357e-15 5.329071e-15 1.243450e-14 -8.881784e-16 2.664535e-15 -7.105427e-15 5.329071e-15 -2.664535e-15
