tests/data/reference/test_rill/control/massbalance.asc
ncols	123
nrows	77
xllcorner	-713746.79929998
yllcorner	-1061022.36961616
cellsize	10.0
NODATA_value	-9999
[rows 44 to 65 of 77, columns 0 to 50 of 123]
-9.999000e+03 -9.999000e+03 -9.999000e+03 -9.999000e+03 -9.999000e+03 -9.999000e+03 -9.999000e+03 8.725576e-11 -4.440892e-16 -4.440892e-15 -1.332268e-15 -4.440892e-16 -2.220446e-15 -1.332268e-15 0.000000e+00 -1.332268e-15 -8.881784e-16 -2.220446e-15 -5.329071e-15 -2.664535e-15 3.552714e-15 -8.881784e-16 3.552714e-15 0.000000e+00 -8.881784e-16 -4.440892e-16 -1.998401e-15 -2.220446e-15 -1.332268e-15 -8.881784e-16 -8.881784e-16 -8.881784e-16 -1.776357e-15 -1.776357e-15 -1.776357e-15 -2.664535e-15 -3.552714e-15 -7.105427e-15 -3.552714e-15 -5.684342e-14 2.842171e-14 -5.329071e-14 2.486900e-14 -3.552714e-15 1.065814e-14 1.421085e-14 -3.197442e-14 -4.618528e-14 8.881784e-16 1.776357e-15 -1.776357e-15
-9.999000e+03 -9.999000e+03 -9.999000e+03 -9.999000e+03 -9.999000e+03 -9.999000e+03 -9.999000e+03 -4.440892e-16 -8.881784e-16 -1.776357e-15 -1.776357e-15 -8.881784e-16 -1.776357e-15 -3.108624e-15 -1.776357e-15 -8.881784e-16 -3.552714e-15 -8.881784e-16 -2.664535e-15 -3.108624e-15 -3.108624e-15 -1.776357e-15 -1.776357e-15 -2.664535e-15 -6.661338e-16 0.000000e+00 -8.881784e-16 -4.440892e-16 -1.776357e-15 -1.776357e-15 -4.440892e-16 -2.664535e-15 -3.552714e-15 1.065814e-14 3.552714e-15 -2.486900e-14 1.776357e-15 -2.664535e-15 3.996803e-15 -1.776357e-15 -8.881784e-16 -3.552714e-15 -1.776357e-15 -1.776357e-15 5.329071e-15 1.065814e-14 -8.881784e-16 2.664535e-15 -5.329071e-15 4.884981e-15 -1.776357e-15
-9.999000e+03 -9.999000e+03 -9.999000e+03 -9.999000e+03 -9.999000e+03 -9.999000e+03 1.156240e-10 6.217249e-15 4.440892e-16 -3.108624e-15 -6.661338e-16 -4.440892e-16 1.776357e-15 0.000000e+00 -3.108624e-15 0.000000e+00 -1.332268e-15 -8.881784e-16 1.332268e-15 2.664535e-15 -8.881784e-16 -8.881784e-16 -8.881784e-16 -8.881784e-16 -1.776357e-15 -1.332268e-15 8.881784e-16 -2.664535e-15 -3.552714e-15 1.776357e-15 -3.552714e-15 1.776357e-14 1.776357e-14 -8.881784e-16 0.000000e+00 -2.664535e-15 1.776357e-15 -3.108624e-15 -4.440892e-16 -2.664535e-15 8.881784e-16 -4.440892e-16 -1.776357e-15 8.881784e-16 -6.661338e-15 -2.220446e-15 -6.661338e-15 -3.108624e-15 -7.993606e-15 -2.664535e-15 -1.776357e-15
-9.999000e+03 -9.999000e+03 -9.999000e+03 -9.999000e+03 -9.999000e+03 -9.999000e+03 -1.998401e-15 -6.217249e-15 -1.332268e-15 -8.881784e-16 -6.661338e-16 -2.664535e-15 0.000000e+00 0.000000e+00 1.332268e-15 0.000000e+00 -1.332268e-15 -2.664535e-15 -3.996803e-15 4.440892e-16 -1.998401e-15 -1.110223e-15 -2.220446e-16 -1.110223e-15 -4.440892e-16 0.000000e+00 0.000000e+00 -7.105427e-15 1.421085e-14 -1.776357e-14 -7.105427e-15 -8.881784e-16 -1.776357e-15 -4.440892e-15 8.881784e-16 -1.776357e-15 -4.440892e-15 8.881784e-16 8.881784e-16 0.000000e+00 -2.664535e-15 -3.108624e-15 -3.552714e-15 0.000000e+00 -1.776357e-15 -1.332268e-15 2.664535e-15 1.776357e-15 -3.996803e-15 -2.220446e-15 -1.332268e-15
-9.999000e+03 -9.999000e+03 -9.999000e+03 -9.999000e+03 -9.999000e+03 -1.719220e-10 -5.329071e-15 1.332268e-15 -1.776357e-15 -2.220446e-16 -2.220446e-16 -3.996803e-15 8.881784e-16 -6.661338e-15 -1.776357e-15 -2.664535e-15 -2.664535e-15 -8.881784e-16 -2.220446e-15 -1.776357e-15 3.552714e-15 -9.769963e-15 -5.329071e-15 3.552714e-15 1.776357e-15 -3.552714e-15 1.776357e-14 -2.664535e-15 -2.220446e-15 0.000000e+00 -3.552714e-15 -3.552714e-15 -3.108624e-15 -6.217249e-15 -3.108624e-15 8.881784e-16 8.881784e-16 -8.881784e-16 -1.776357e-15 4.440892e-16 -3.552714e-15 2.664535e-15 -5.773160e-15 -8.881784e-16 -1.776357e-15 -4.440892e-15 -1.776357e-15 1.776357e-15 -1.776357e-15 0.000000e+00 -8.881784e-16
-9.999000e+03 -9.999000e+03 -9.999000e+03 -9.999000e+03 -3.495999e-10 -2.442491e-15 -2.664535e-15 -8.881784e-16 -6.661338e-16 -1.554312e-15 0.000000e+00 0.000000e+00 -1.332268e-15 -1.110223e-15 -1.332268e-15 -3.552714e-15 -8.881784e-16 -3.108624e-15 1.776357e-15 -2.664535e-15 -8.881784e-16 -8.881784e-16 8.881784e-16 -3.552714e-15 -2.220446e-15 -2.664535e-15 0.000000e+00 0.000000e+00 -8.881784e-16 0.000000e+00 0.000000e+00 2.664535e-15 0.000000e+00 1.776357e-15 -1.776357e-15 -2.664535e-15 -2.664535e-15 -1.776357e-15 -6.217249e-15 0.000000e+00 -4.884981e-15 4.884981e-15 -6.217249e-15 -4.440892e-15 -8.881784e-16 -2.220446e-15 -8.881784e-16 -8.881784e-16 -3.108624e-15 1.776357e-15 4.440892e-16
-9.999000e+03 -9.999000e+03 -9.999000e+03 -9.999000e+03 1.969420e-10 -1.776357e-15 -1.776357e-15 0.000000e+00 -1.554312e-15 -1.110223e-15 -2.220446e-15 4.440892e-15 -1.998401e-15 -1.332268e-15 0.000000e+00 -4.440892e-16 -8.881784e-16 -2.664535e-15 2.220446e-15 -1.332268e-15 -4.440892e-16 -3.552714e-15 -2.220446e-15 -1.776357e-15 8.881784e-16 4.440892e-16 8.881784e-16 0.000000e+00 -1.332268e-15 -1.776357e-15 -3.552714e-15 -8.881784e-16 4.440892e-16 0.000000e+00 -2.664535e-15 -4.440892e-16 -1.776357e-15 -2.220446e-15 -8.881784e-16 0.000000e+00 0.000000e+00 2.664535e-15 -2.220446e-15 4.440892e-16 0.000000e+00 -7.549517e-15 0.000000e+00 -3.108624e-15 -3.552714e-15 -2.220446e-15 -2.664535e-15
-9.999000e+03 -9.999000e+03 -9.999000e+03 -1.911462e-10 -2.775558e-15 -1.776357e-15 4.440892e-16 -2.220446e-15 -6.661338e-16 -4.440892e-16 -2.664535e-15 8.881784e-16 -1.110223e-15 -8.881784e-16 -2.664535e-15 -1.332268e-15 -1.776357e-15 -2.664535e-15 -3.552714e-15 -1.332268e-15 -2.664535e-15 -8.881784e-16 -8.881784e-16 -2.220446e-15 -8.881784e-16 -3.552714e-15 -8.881784e-16 0.000000e+00 -3.108624e-15 -2.664535e-15 8.881784e-16 -7.105427e-15 -3.552714e-15 -4.440892e-16 -2.664535e-15 -1.332268e-15 8.881784e-16 8.881784e-16 -6.661338e-15 -5.329071e-15 -8.881784e-16 8.881784e-16 -1.332268e-15 -8.881784e-16 2.664535e-15 -8.881784e-16 3.996803e-15 3.552714e-15 4.440892e-16 -8.881784e-16 -1.332268e-15
-9.999000e+03 -9.999000e+03 -9.999000e+03 1.388663e-10 8.881784e-16 0.000000e+00 -1.332268e-15 -2.220446e-16 -2.664535e-15 -2.220446e-15 0.000000e+00 -4.440892e-15 -1.776357e-15 0.000000e+00 -8.881784e-16 -2.220446e-15 -3.552714e-15 1.776357e-15 -1.776357e-15 1.776357e-15 -6.661338e-16 -2.220446e-15 0.000000e+00 -1.332268e-15 -8.881784e-16 -2.664535e-15 -3.108624e-15 -3.108624e-15 0.000000e+00 -8.881784e-16 1.332268e-15 8.881784e-16 -3.108624e-15 8.881784e-16 -2.664535e-15 -1.776357e-15 -8.881784e-16 8.881784e-16 -8.881784e-16 -4.440892e-16 -1.776357e-15 0.000000e+00 -3.552714e-15 -8.881784e-16 -5.329071e-15 -6.661338e-15 -5.329071e-15 -8.881784e-16 -4.440892e-16 -4.440892e-16 -2.220446e-15
-9.999000e+03 -9.999000e+03 1.880124e-09 -6.661338e-16 0.000000e+00 0.000000e+00 -2.442491e-15 -2.220446e-16 -6.661338e-16 -1.554312e-15 2.220446e-15 8.881784e-16 -4.440892e-16 -8.881784e-16 -3.552714e-15 0.000000e+00 -2.664535e-15 -2.220446e-15 -1.332268e-15 -8.881784e-16 2.220446e-16 -8.881784e-16 -8.881784e-16 -4.440892e-16 -1.332268e-15 8.881784e-16 -2.664535e-15 -2.220446e-15 -4.440892e-16 -8.881784e-16 -5.773160e-15 0.000000e+00 -4.440892e-15 0.000000e+00 -8.881784e-16 -2.220446e-15 -3.996803e-15 -1.332268e-15 -6.217249e-15 -3.552714e-15 -4.884981e-15 -4.440892e-15 -2.664535e-15 -8.881784e-16 8.881784e-16 -2.220446e-15 -1.110223e-15 -6.661338e-16 -4.440892e-16 -2.220446e-16 1.243450e-14
-9.999000e+03 -9.999000e+03 7.633816e-09 -8.881784e-16 -2.220446e-16 -1.554312e-15 -1.554312e-15 -1.776357e-15 -1.110223e-15 -1.332268e-15 -6.661338e-16 -1.332268e-15 -1.554312e-15 1.998401e-15 -8.881784e-16 -3.108624e-15 -4.440892e-16 -6.661338e-16 -6.661338e-16 0.000000e+00 -1.110223e-15 2.220446e-16 -1.332268e-15 -1.332268e-15 -3.552714e-15 8.881784e-16 0.000000e+00 -1.332268e-15 -3.108624e-15 -4.440892e-16 4.440892e-16 0.000000e+00 -3.108624e-15 2.664535e-15 -2.664535e-15 8.881784e-16 -1.332268e-15 -1.332268e-15 2.220446e-15 8.881784e-16 -4.440892e-16 -3.108624e-15 4.440892e-16 -3.108624e-15 -3.996803e-15 0.000000e+00 0.000000e+00 -3.552714e-15 -1.243450e-14 -1.953993e-14 4.440892e-16
-9.999000e+03 4.140142e-10 -7.216450e-15 -1.776357e-15 -1.776357e-15 -1.110223e-15 6.661338e-16 -6.661338e-16 -9.999000e+03 -9.999000e+03 -9.999000e+03 -8.881784e-16 -1.998401e-15 -4.440892e-16 -2.220446e-16 -2.220446e-16 -1.554312e-15 2.220446e-16 -8.881784e-16 -1.110223e-15 -1.776357e-15 -4.440892e-16 6.661338e-16 -4.440892e-16 -8.881784e-16 0.000000e+00 -1.332268e-15 4.440892e-16 1.332268e-15 -2.220446e-15 -4.440892e-16 -2.664535e-15 -2.664535e-15 0.000000e+00 -1.776357e-15 8.881784e-16 -2.664535e-15 -8.881784e-16 -2.664535e-15 -1.776357e-15 4.440892e-16 8.881784e-16 -4.440892e-16 0.000000e+00 -2.664535e-15 -6.217249e-15 -7.105427e-15 -3.552714e-15 0.000000e+00 -8.881784e-16 -1.776357e-15
-9.999000e+03 4.209051e-10 -1.332268e-15 -8.881784e-16 -1.554312e-15 -1.554312e-15 -9.999000e+03 -9.999000e+03 -9.999000e+03 -9.999000e+03 -9.999000e+03 -9.999000e+03 -1.110223e-15 -1.554312e-15 -2.220446e-16 -4.440892e-16 -1.110223e-15 -1.332268e-15 -8.881784e-16 -3.552714e-15 -1.332268e-15 -1.776357e-15 -1.332268e-15 -1.332268e-15 -1.110223e-15 -1.332268e-15 -1.332268e-15 -1.332268e-15 -2.664535e-15 -1.332268e-15 -8.881784e-16 -3.108624e-15 -2.220446e-15 -3.108624e-15 -3.996803e-15 1.776357e-15 -8.881784e-16 -4.440892e-16 -8.881784e-16 -2.220446e-15 -3.108624e-15 -8.881784e-16 -8.881784e-16 -1.332268e-15 8.881784e-16 -1.332268e-15 1.332268e-15 -4.440892e-15 -1.776357e-15 2.220446e-15 1.776357e-15
2.248444e-10 1.554312e-15 -1.998401e-15 -8.881784e-16 0.000000e+00 -1.110223e-15 -9.999000e+03 -9.999000e+03 -9.999000e+03 -9.999000e+03 -9.999000e+03 -9.999000e+03 -9.999000e+03 -9.999000e+03 -9.999000e+03 2.220446e-16 -3.108624e-15 -4.440892e-16 -1.332268e-15 -2.220446e-16 -2.664535e-15 -9.999000e+03 -9.999000e+03 -6.661338e-16 -1.110223e-15 -1.998401e-15 -1.110223e-15 -6.661338e-16 -6.661338e-16 -1.776357e-15 4.440892e-16 -1.776357e-15 4.440892e-16 1.332268e-15 -1.776357e-15 -8.881784e-16 -4.440892e-16 -8.881784e-16 -2.220446e-15 0.000000e+00 -1.776357e-15 0.000000e+00 -2.664535e-15 -8.881784e-16 -3.996803e-15 -3.996803e-15 -1.776357e-15 3.552714e-15 -3.552714e-15 -3.108624e-15 1.776357e-15
-3.936451e-11 -8.881784e-16 -8.881784e-16 -1.776357e-15 -1.332268e-15 -9.999000e+03 -9.999000e+03 -9.999000e+03 -9.999000e+03 -9.999000e+03 -9.999000e+03 -9.999000e+03 -9.999000e+03 -9.999000e+03 -9.999000e+03 -9.999000e+03 -9.999000e+03 -9.999000e+03 -9.999000e+03 -9.999000e+03 -9.999000e+03 -9.999000e+03 -9.999000e+03 -6.661338e-16 -1.332268e-15 -4.440892e-16 -2.220446e-15 -4.440892e-16 -4.440892e-16 -1.998401e-15 0.000000e+00 -2.220446e-15 -1.998401e-15 -2.220446e-15 -2.664535e-15 -1.776357e-15 -1.332268e-15 -4.440892e-16 -8.881784e-16 -8.881784e-16 -8.881784e-16 0.000000e+00 -2.664535e-15 0.000000e+00 1.332268e-15 -1.776357e-15 -3.996803e-15 8.881784e-16 0.000000e+00 -3.552714e-15 -3.552714e-15
-9.999000e+03 -4.440892e-16 -1.332268e-15 -1.554312e-15 -9.999000e+03 -9.999000e+03 -9.999000e+03 -9.999000e+03 -9.999000e+03 -9.999000e+03 -9.999000e+03 -9.999000e+03 -9.999000e+03 -9.999000e+03 -9.999000e+03 -9.999000e+03 -9.999000e+03 -9.999000e+03 -9.999000e+03 -9.999000e+03 -9.999000e+03 -9.999000e+03 -9.999000e+03 -9.999000e+03 -9.999000e+03 -9.999000e+03 -4.440892e-16 -1.110223e-15 -8.881784e-16 0.000000e+00 -2.442491e-15 -6.661338e-16 -2.220446e-16 0.000000e+00 -2.220446e-16 -6.661338e-16 -2.220446e-15 -3.552714e-15 0.000000e+00 2.220446e-16 -1.332268e-15 -4.440892e-16 2.664535e-15 -2.220446e-15 -2.220446e-15 -4.440892e-16 -1.332268e-15 -4.440892e-16 1.776357e-15 1.776357e-15 0.000000e+00
-9.999000e+03 -9.999000e+03 -9.999000e+03 -9.999000e+03 -9.999000e+03 -9.999000e+03 -9.999000e+03 -9.999000e+03 -9.999000e+03 -9.999000e+03 -9.999000e+03 -9.999000e+03 -9.999000e+03 -9.999000e+03 -9.999000e+03 -9.999000e+03 -9.999000e+03 -9.999000e+03 -9.999000e+03 -9.999000e+03 -9.999000e+03 -9.999000e+03 -9.999000e+03 -9.999000e+03 -9.999000e+03 -9.999000e+03 -9.999000e+03 -9.999000e+03 -2.220446e-16 0.000000e+00 0.000000e+00 -8.881784e-16 -4.440892e-16 -1.332268e-15 -4.440892e-16 -8.881784e-16 1.110223e-15 -1.554312e-15 -6.661338e-16 -1.776357e-15 -1.332268e-15 -6.661338e-16 -4.440892e-16 -8.881784e-16 -1.110223e-15 -1.332268e-15 -1.554312e-15 -1.776357e-15 -4.440892e-16 -5.329071e-15 -6.661338e-16
-9.999000e+03 -9.999000e+03 -9.999000e+03 -9.999000e+03 -9.999000e+03 -9.999000e+03 -9.999000e+03 -9.999000e+03 -9.999000e+03 -9.999000e+03 -9.999000e+03 -9.999000e+03 -9.999000e+03 -9.999000e+03 -9.999000e+03 -9.999000e+03 -9.999000e+03 -9.999000e+03 -9.999000e+03 -9.999000e+03 -9.999000e+03 -9.999000e+03 -9.999000e+03 -9.999000e+03 -9.999000e+03 -9.999000e+03 -9.999000e+03 -9.999000e+03 -9.999000e+03 0.000000e+00 -3.108624e-15 -2.664535e-15 -4.440892e-16 -1.110223e-15 -1.110223e-15 -1.110223e-15 -2.220446e-16 -1.554312e-15 -1.776357e-15 0.000000e+00 -2.664535e-15 4.440892e-16 -2.664535e-15 -6.661338e-16 4.440892e-16 -8.881784e-16 -1.332268e-15 -2.220446e-16 -2.664535e-15 0.000000e+00 -8.881784e-16
-9.999000e+03 -9.999000e+03 -9.999000e+03 -9.999000e+03 -9.999000e+03 -9.999000e+03 -9.999000e+03 -9.999000e+03 -9.999000e+03 -9.999000e+03 -9.999000e+03 -9.999000e+03 -9.999000e+03 -9.999000e+03 -9.999000e+03 -9.999000e+03 -9.999000e+03 -9.999000e+03 -9.999000e+03 -9.999000e+03 -9.999000e+03 -9.999000e+03 -9.999000e+03 -9.999000e+03 -9.999000e+03 -9.999000e+03 -9.999000e+03 -9.999000e+03 -9.999000e+03 -9.999000e+03 -1.332268e-15 -9.999000e+03 -9.999000e+03 -9.999000e+03 -9.999000e+03 -9.999000e+03 -9.999000e+03 -9.999000e+03 -8.881784e-16 -1.332268e-15 0.000000e+00 0.000000e+00 -2.664535e-15 0.000000e+00 -1.776357e-15 4.440892e-16 -3.108624e-15 2.220446e-15 -6.661338e-16 4.440892e-16 0.000000e+00
-9.999000e+03 -9.999000e+03 -9.999000e+03 -9.999000e+03 -9.999000e+03 -9.999000e+03 -9.999000e+03 -9.999000e+03 -9.999000e+03 -9.999000e+03 -9.999000e+03 -9.999000e+03 -9.999000e+03 -9.999000e+03 -9.999000e+03 -9.999000e+03 -9.999000e+03 -9.999000e+03 -9.999000e+03 -9.999000e+03 -9.999000e+03 -9.999000e+03 -9.999000e+03 -9.999000e+03 -9.999000e+03 -9.999000e+03 -9.999000e+03 -9.999000e+03 -9.999000e+03 -9.999000e+03 -9.999000e+03 -9.999000e+03 -9.999000e+03 -9.999000e+03 -9.999000e+03 -9.999000e+03 -9.999000e+03 -9.999000e+03 -9.999000e+03 -9.999000e+03 -9.999000e+03 -6.661338e-16 -6.661338e-16 -1.554312e-15 -8.881784e-16 -1.776357e-15 0.000000e+00 -1.776357e-15 -3.552714e-15 2.220446e-15 -3.108624e-15
-9.999000e+03 -9.999000e+03 -9.999000e+03 -9.999000e+03 -9.999000e+03 -9.999000e+03 -9.999000e+03 -9.999000e+03 -9.999000e+03 -9.999000e+03 -9.999000e+03 -9.999000e+03 -9.999000e+03 -9.999000e+03 -9.999000e+03 -9.999000e+03 -9.999000e+03 -9.999000e+03 -9.999000e+03 -9.999000e+03 -9.999000e+03 -9.999000e+03 -9.999000e+03 -9.999000e+03 -9.999000e+03 -9.999000e+03 -9.999000e+03 -9.999000e+03 -9.999000e+03 -9.999000e+03 -9.999000e+03 -9.999000e+03 -9.999000e+03 -9.999000e+03 -9.999000e+03 -9.999000e+03 -9.999000e+03 -9.999000e+03 -9.999000e+03 -9.999000e+03 -9.999000e+03 -9.999000e+03 -9.999000e+03 -9.999000e+03 -8.881784e-16 -2.220446e-16 1.332268e-15 -2.220446e-15 -1.110223e-15 8.881784e-16 -2.664535e-15
-9.999000e+03 -9.999000e+03 -9.999000e+03 -9.999000e+03 -9.999000e+03 -9.999000e+03 -9.999000e+03 -9.999000e+03 -9.999000e+03 -9.999000e+03 -9.999000e+03 -9.999000e+03 -9.999000e+03 -9.999000e+03 -9.999000e+03 -9.999000e+03 -9.999000e+03 -9.999000e+03 -9.999000e+03 -9.999000e+03 -9.999000e+03 -9.999000e+03 -9.999000e+03 -9.999000e+03 -9.999000e+03 -9.999000e+03 -9.999000e+03 -9.999000e+03 -9.999000e+03 -9.999000e+03 -9.999000e+03 -9.999000e+03 -9.999000e+03 -9.999000e+03 -9.999000e+03 -9.999000e+03 -9.999000e+03 -9.999000e+03 -9.999000e+03 -9.999000e+03 -9.999000e+03 -9.999000e+03 -9.999000e+03 -9.999000e+03 -9.999000e+03 -9.999000e+03 -9.999000e+03 -9.999000e+03 -9.999000e+03 -9.999000e+03 -1.110223e-15
