tests/data/reference/test_rill/control/massbalance.asc
ncols	123
nrows	77
xllcorner	-713746.79929998
yllcorner	-1061022.36961616
cellsize	10.0
NODATA_value	-9999
[rows 46 to 68 of 77, columns 51 to 101 of 123]
0.000000e+00 3.108624e-15 -4.440892e-15 2.664535e-15 8.881784e-16 -4.440892e-16 2.664535e-15 -1.332268e-15 -2.664535e-15 8.881784e-16 -4.440892e-16 -1.776357e-15 -7.105427e-15 8.881784e-16 -8.881784e-16 1.332268e-15 2.664535e-15 -3.108624e-15 -1.776357e-15 8.881784e-16 -1.332268e-15 0.000000e+00 -8.881784e-16 0.000000e+00 4.440892e-16 -8.881784e-16 2.220446e-16 2.220446e-16 2.220446e-16 4.440892e-16 -1.332268e-15 4.884981e-15 2.664535e-15 -2.288333e-08 -2.664535e-15 -6.217249e-15 -1.776357e-15 7.105427e-15 -3.996803e-15 -8.881784e-16 -1.776357e-15 -2.664535e-15 8.881784e-16 -1.332268e-15 0.000000e+00 0.000000e+00 1.332268e-15 -4.440892e-16 4.440892e-16 8.881784e-16 0.000000e+00
-3.552714e-15 1.776357e-15 4.440892e-16 -7.549517e-15 -2.664535e-15 -1.776357e-15 -4.440892e-16 1.332268e-15 -2.664535e-15 -4.440892e-16 4.440892e-16 -1.776357e-15 -5.329071e-15 8.881784e-16 -4.440892e-16 0.000000e+00 -8.881784e-16 0.000000e+00 -2.220446e-15 -1.776357e-15 -8.881784e-16 -1.776357e-15 -4.440892e-16 8.881784e-16 -8.881784e-16 -4.440892e-16 -2.664535e-15 1.110223e-15 -1.776357e-15 -4.440892e-16 1.332268e-15 1.332268e-15 -7.993606e-15 1.421085e-14 5.194029e-08 2.664535e-15 1.776357e-15 0.000000e+00 8.881784e-16 -1.776357e-15 0.000000e+00 -4.884981e-15 -3.108624e-15 0.000000e+00 0.000000e+00 -2.664535e-15 0.000000e+00 -6.661338e-16 -4.440892e-16 0.000000e+00 8.881784e-16
-1.776357e-15 -3.996803e-15 1.332268e-15 0.000000e+00 -4.440892e-16 0.000000e+00 0.000000e+00 -4.440892e-16 -8.881784e-16 8.881784e-16 -3.552714e-15 1.776357e-15 -2.664535e-15 -6.661338e-16 -6.661338e-16 -2.664535e-15 -4.440892e-16 -4.440892e-16 0.000000e+00 -6.661338e-16 6.661338e-16 2.220446e-16 -2.220446e-16 -3.996803e-15 -1.332268e-15 1.776357e-15 -9.992007e-16 -2.220446e-16 -1.065814e-14 1.953993e-14 -1.776357e-15 0.000000e+00 7.105427e-15 -1.776357e-15 0.000000e+00 1.081476e-08 -3.552714e-15 -2.842171e-14 2.664535e-15 -4.440892e-15 2.664535e-15 2.664535e-15 -4.440892e-15 0.000000e+00 1.332268e-15 -4.440892e-16 -4.440892e-16 -4.440892e-16 -1.332268e-15 -8.881784e-16 -2.664535e-15
-2.664535e-15 -1.776357e-15 -2.220446e-15 4.440892e-16 -1.332268e-15 -3.552714e-15 1.332268e-15 0.000000e+00 -8.881784e-16 0.000000e+00 -4.440892e-15 4.440892e-16 4.440892e-16 -3.108624e-15 8.881784e-16 -6.661338e-16 -4.440892e-16 -1.776357e-15 8.881784e-16 -3.108624e-15 1.776357e-15 -3.552714e-15 1.776357e-15 -1.554312e-15 -1.332268e-15 -1.776357e-15 5.107026e-15 -8.881784e-16 -5.773160e-15 0.000000e+00 2.664535e-15 2.664535e-15 -8.881784e-16 -4.440892e-15 3.552714e-15 4.185540e-08 0.000000e+00 5.684342e-14 0.000000e+00 -1.776357e-15 -1.776357e-15 0.000000e+00 -5.329071e-15 8.881784e-16 -2.220446e-15 -4.440892e-16 -8.881784e-16 0.000000e+00 2.664535e-15 -2.664535e-15 1.776357e-15
-1.332268e-15 -2.664535e-15 7.105427e-15 -3.552714e-15 0.000000e+00 -3.552714e-15 2.664535e-15 -5.329071e-15 -7.105427e-15 4.440892e-16 -4.440892e-16 -8.881784e-16 8.881784e-16 -3.552714e-15 8.881784e-16 -1.776357e-15 -2.220446e-15 8.881784e-16 1.776357e-15 -1.776357e-15 -4.440892e-16 -8.881784e-16 -8.881784e-16 -1.776357e-15 -8.881784e-16 -2.664535e-15 -4.601208e-11 2.664535e-15 -6.661338e-16 -4.440892e-16 0.000000e+00 -2.664535e-15 1.776357e-15 2.664535e-15 -3.552714e-15 -7.105427e-15 3.374931e-08 -7.105427e-14 0.000000e+00 2.220446e-15 8.881784e-16 4.440892e-15 -8.881784e-16 -8.881784e-16 0.000000e+00 -8.881784e-16 4.440892e-16 4.440892e-16 -2.664535e-15 -4.440892e-15 -4.440892e-15
2.664535e-15 -1.776357e-15 -2.220446e-15 -5.329071e-15 1.065814e-14 -3.552714e-15 -5.329071e-15 -5.329071e-15 1.776357e-15 -8.881784e-16 -1.776357e-15 0.000000e+00 -8.881784e-16 0.000000e+00 0.000000e+00 -2.664535e-15 -2.664535e-15 8.881784e-16 -5.329071e-15 0.000000e+00 0.000000e+00 -1.776357e-15 -3.552714e-15 -2.664535e-15 -8.881784e-16 -5.329071e-15 -1.328226e-11 -8.881784e-16 -8.881784e-16 -2.220446e-15 -1.776357e-15 8.881784e-16 0.000000e+00 0.000000e+00 2.664535e-15 1.065814e-14 -4.191054e-08 2.131628e-14 0.000000e+00 0.000000e+00 -4.440892e-15 -2.664535e-15 -8.881784e-16 -4.440892e-16 -4.440892e-16 -3.108624e-15 -8.881784e-16 8.881784e-16 -1.776357e-15 -1.776357e-15 8.881784e-16
-3.552714e-15 2.664535e-15 -1.776357e-15 0.000000e+00 -1.332268e-15 -4.440892e-15 -2.220446e-15 0.000000e+00 -2.664535e-15 3.996803e-15 -7.993606e-15 3.996803e-15 -7.549517e-15 -8.881784e-16 0.000000e+00 0.000000e+00 -1.332268e-15 4.440892e-16 4.440892e-16 -2.664535e-15 8.881784e-16 -2.664535e-15 -2.664535e-15 0.000000e+00 1.332268e-15 -8.881784e-16 8.340439e-12 1.776357e-15 -3.552714e-15 1.776357e-15 -4.440892e-15 5.329071e-15 -7.105427e-15 6.217249e-15 -4.440892e-15 8.881784e-16 1.128774e-08 1.143530e-14 -7.993606e-15 -1.776357e-15 8.881784e-16 8.881784e-16 -4.440892e-16 8.881784e-16 0.000000e+00 1.332268e-15 -8.881784e-16 -8.881784e-16 -8.881784e-16 -1.332268e-15 -5.329071e-15
-4.440892e-15 0.000000e+00 8.881784e-16 0.000000e+00 -1.776357e-15 -6.217249e-15 -3.552714e-15 -8.881784e-16 -1.332268e-15 0.000000e+00 3.552714e-15 -5.329071e-15 4.440892e-15 -2.664535e-15 0.000000e+00 -7.993606e-15 3.552714e-15 -2.664535e-15 -2.664535e-15 -3.552714e-15 4.440892e-15 -4.440892e-16 -5.329071e-15 -1.776357e-15 -8.881784e-15 0.000000e+00 -6.389556e-12 5.329071e-15 -6.217249e-15 3.552714e-15 -5.329071e-15 -4.440892e-15 1.776357e-15 2.664535e-15 -2.664535e-15 5.329071e-15 5.228094e-08 -4.973799e-14 5.329071e-15 0.000000e+00 -2.664535e-15 -2.220446e-15 -1.110223e-15 -1.776357e-15 -8.881784e-16 -3.108624e-15 -8.881784e-16 0.000000e+00 -2.664535e-15 8.881784e-16 0.000000e+00
-5.329071e-15 -3.108624e-15 -1.776357e-15 -5.329071e-15 8.881784e-16 -3.108624e-15 4.440892e-16 2.220446e-15 1.776357e-15 8.881784e-16 -2.220446e-15 -1.776357e-15 4.440892e-15 -3.552714e-15 4.440892e-16 -3.108624e-15 1.776357e-15 -2.664535e-15 -4.440892e-15 2.220446e-15 -3.996803e-15 -3.552714e-15 -1.776357e-15 4.440892e-16 -4.440892e-16 0.000000e+00 1.883738e-11 1.776357e-15 0.000000e+00 0.000000e+00 -8.881784e-16 -3.552714e-15 8.881784e-16 2.664535e-15 -8.881784e-16 2.664535e-14 -2.010523e-08 5.684342e-14 4.218847e-15 -2.664535e-15 0.000000e+00 1.332268e-15 -4.440892e-16 -8.881784e-16 -4.440892e-16 1.776357e-15 2.664535e-15 -8.881784e-16 0.000000e+00 3.552714e-15 -2.664535e-15
-1.776357e-15 1.776357e-15 2.664535e-15 -2.664535e-15 2.664535e-15 -8.881784e-16 -2.664535e-15 -2.664535e-15 -4.440892e-16 1.776357e-15 -8.881784e-16 -1.776357e-15 1.776357e-15 -5.329071e-15 -3.552714e-15 7.105427e-15 -1.598721e-14 1.776357e-15 5.329071e-15 0.000000e+00 7.105427e-15 -1.065814e-14 3.552714e-15 5.329071e-15 -1.776357e-15 -9.769963e-15 6.883383e-15 0.000000e+00 -8.881784e-16 -2.220446e-15 -1.776357e-15 -8.881784e-16 -3.552714e-15 -8.881784e-16 2.664535e-15 -1.776357e-15 -1.421085e-14 -2.865079e-08 -2.886580e-15 -2.664535e-15 -8.881784e-16 -1.332268e-15 -8.881784e-16 -1.776357e-15 -3.552714e-15 -2.664535e-15 -3.552714e-15 -1.332268e-15 -2.664535e-15 -5.329071e-15 4.440892e-15
-3.552714e-15 -3.552714e-15 1.776357e-15 -1.332268e-15 -8.881784e-16 -4.440892e-16 -2.664535e-15 -1.776357e-15 -1.332268e-15 1.776357e-15 -6.217249e-15 3.108624e-15 -7.105427e-15 -5.329071e-15 1.776357e-15 0.000000e+00 0.000000e+00 -4.440892e-15 -8.881784e-16 -8.881784e-16 -6.217249e-15 0.000000e+00 -5.329071e-15 -2.664535e-15 1.776357e-15 -2.775558e-15 -1.998401e-15 -1.776357e-15 -4.440892e-16 8.881784e-16 -1.776357e-15 -3.996803e-15 1.332268e-15 -3.552714e-15 3.552714e-15 0.000000e+00 1.065814e-14 -5.061020e-08 1.776357e-14 1.998401e-15 -4.440892e-16 0.000000e+00 4.440892e-16 -1.776357e-15 1.776357e-15 -1.776357e-15 -2.664535e-15 -1.776357e-15 -3.552714e-15 0.000000e+00 -8.881784e-15
8.881784e-16 -3.552714e-15 8.881784e-16 -2.664535e-15 -2.664535e-15 0.000000e+00 -1.332268e-15 4.440892e-16 -3.552714e-15 0.000000e+00 -8.881784e-16 2.220446e-15 -2.664535e-15 -4.440892e-15 -2.664535e-15 -2.664535e-15 0.000000e+00 -1.776357e-15 -8.881784e-15 -1.598721e-14 7.105427e-15 1.776357e-14 -1.598721e-14 1.065814e-14 -5.329071e-15 -2.886580e-15 2.442491e-15 -4.440892e-15 2.664535e-15 0.000000e+00 2.664535e-15 -2.220446e-15 -1.776357e-15 1.776357e-15 -7.993606e-15 -8.881784e-16 8.881784e-15 5.329071e-15 4.144727e-08 6.661338e-16 4.440892e-16 0.000000e+00 -1.776357e-15 -3.996803e-15 -1.776357e-15 -5.329071e-15 -1.776357e-15 -1.776357e-15 -8.881784e-16 -2.664535e-15 0.000000e+00
4.440892e-16 1.332268e-15 1.332268e-15 -2.664535e-15 8.881784e-16 -2.220446e-15 -3.552714e-15 8.881784e-16 -1.776357e-15 -4.440892e-16 -2.664535e-15 -2.220446e-15 -8.881784e-16 -3.996803e-15 0.000000e+00 -4.440892e-15 -2.664535e-15 4.440892e-16 -2.664535e-15 -3.552714e-15 -4.440892e-15 -1.332268e-14 6.217249e-15 -4.440892e-15 4.440892e-15 -1.110223e-15 -3.774758e-15 -3.108624e-15 -8.881784e-16 1.332268e-15 -2.220446e-15 1.776357e-14 -1.065814e-14 -3.552714e-15 0.000000e+00 0.000000e+00 -7.105427e-15 0.000000e+00 7.294886e-08 2.220446e-15 1.110223e-15 8.881784e-16 1.332268e-15 0.000000e+00 0.000000e+00 3.552714e-15 0.000000e+00 -1.776357e-15 1.776357e-15 -8.881784e-16 -1.776357e-15
-8.881784e-16 0.000000e+00 0.000000e+00 -2.220446e-15 0.000000e+00 -1.776357e-15 -2.664535e-15 -4.440892e-16 4.440892e-16 1.776357e-15 2.220446e-15 -3.996803e-15 0.000000e+00 -1.776357e-15 1.776357e-15 2.664535e-15 -2.220446e-15 8.881784e-16 0.000000e+00 -2.664535e-15 8.881784e-16 -4.440892e-15 0.000000e+00 -3.552714e-15 1.065814e-14 -9.992007e-15 -3.552714e-15 0.000000e+00 8.881784e-15 -1.243450e-14 -1.421085e-14 -4.440892e-16 -7.993606e-15 -6.217249e-15 -8.881784e-16 1.332268e-15 1.776357e-15 3.552714e-15 1.776357e-15 -1.074596e-08 2.220446e-16 -1.110223e-15 -4.440892e-16 1.776357e-15 1.776357e-15 -8.881784e-16 -2.664535e-15 1.776357e-15 -3.552714e-15 -2.664535e-15 0.000000e+00
-4.440892e-16 -8.881784e-16 -2.220446e-15 -1.776357e-15 4.440892e-16 -8.881784e-16 -1.776357e-15 4.440892e-16 -1.332268e-15 -3.552714e-15 -2.664535e-15 8.881784e-16 -8.881784e-16 1.776357e-15 -1.332268e-15 -2.220446e-15 -7.993606e-15 -4.440892e-16 4.440892e-16 -4.440892e-15 8.881784e-16 0.000000e+00 4.440892e-16 3.108624e-15 4.440892e-16 -2.220446e-16 -8.881784e-16 0.000000e+00 8.881784e-16 -1.065814e-14 1.332268e-15 0.000000e+00 -2.220446e-15 4.440892e-16 -2.220446e-15 -8.881784e-16 1.332268e-15 -4.440892e-16 4.440892e-16 -3.552714e-15 9.610585e-08 6.661338e-16 -8.881784e-16 -2.664535e-15 -4.440892e-15 -3.552714e-15 8.881784e-16 -6.217249e-15 1.776357e-15 0.000000e+00 8.881784e-16
-2.220446e-15 8.881784e-16 4.440892e-16 -2.664535e-15 1.776357e-15 8.881784e-16 -4.440892e-16 0.000000e+00 1.332268e-15 0.000000e+00 -2.664535e-15 -8.881784e-16 -5.773160e-15 -3.996803e-15 8.881784e-16 3.552714e-15 2.220446e-15 -8.881784e-16 1.776357e-15 -8.881784e-16 -6.661338e-16 -4.440892e-16 -3.552714e-15 0.000000e+00 -2.220446e-15 -7.347456e-12 1.776357e-15 -6.217249e-15 6.217249e-15 -8.881784e-16 -4.440892e-16 2.220446e-16 -8.881784e-16 -8.881784e-16 0.000000e+00 -8.881784e-16 -4.440892e-16 -1.776357e-15 -5.329071e-15 5.329071e-15 -8.881784e-16 -1.186139e-07 2.442491e-15 2.664535e-15 0.000000e+00 8.881784e-16 -5.329071e-15 1.776357e-15 1.776357e-15 -4.440892e-15 8.881784e-16
8.881784e-16 -1.776357e-15 0.000000e+00 -1.332268e-15 -6.661338e-16 -6.661338e-16 -8.881784e-16 0.000000e+00 0.000000e+00 0.000000e+00 -4.440892e-16 0.000000e+00 4.440892e-16 -3.108624e-15 -2.664535e-15 -2.664535e-15 -2.220446e-15 -1.332268e-15 -8.881784e-16 -2.220446e-16 8.881784e-16 4.440892e-16 -8.881784e-16 0.000000e+00 0.000000e+00 -1.616485e-13 -7.993606e-15 -8.881784e-16 -6.661338e-16 4.440892e-16 4.440892e-16 -4.440892e-16 -2.220446e-15 -3.552714e-15 -1.776357e-15 1.332268e-15 0.000000e+00 -4.440892e-16 -4.440892e-16 8.881784e-16 -1.332268e-15 -1.776357e-15 9.779188e-08 -1.998401e-15 -2.664535e-15 -8.881784e-16 -1.776357e-15 -8.881784e-16 -3.552714e-15 4.440892e-15 -2.131628e-14
0.000000e+00 -1.776357e-15 8.881784e-16 -6.217249e-15 -8.881784e-16 -4.440892e-16 -2.220446e-15 1.776357e-15 0.000000e+00 -6.661338e-16 -1.776357e-15 -4.440892e-16 4.440892e-16 -3.108624e-15 -4.440892e-16 0.000000e+00 8.881784e-16 -4.440892e-16 -1.110223e-15 1.332268e-15 -3.108624e-15 -4.440892e-16 8.881784e-16 -8.881784e-16 -2.664535e-15 1.329781e-11 -8.881784e-16 0.000000e+00 -6.217249e-15 -5.329071e-15 -1.776357e-15 3.552714e-15 -2.664535e-15 0.000000e+00 1.776357e-15 -5.329071e-15 1.776357e-15 -3.552714e-15 8.881784e-16 -4.440892e-15 0.000000e+00 0.000000e+00 1.776357e-15 5.632740e-09 3.552714e-15 -8.881784e-16 -1.776357e-15 0.000000e+00 -2.664535e-15 -2.131628e-14 -8.881784e-16
-2.664535e-15 0.000000e+00 -4.440892e-16 -8.881784e-16 0.000000e+00 -1.332268e-15 -3.108624e-15 4.440892e-16 -2.220446e-15 4.440892e-16 -8.881784e-16 -2.220446e-16 1.776357e-15 -2.220446e-15 4.440892e-16 -1.332268e-15 -1.554312e-15 0.000000e+00 8.881784e-16 -2.220446e-15 -1.776357e-15 -3.108624e-15 1.776357e-15 0.000000e+00 -5.329071e-15 5.569767e-12 -1.154632e-14 1.776357e-15 0.000000e+00 -3.552714e-15 -1.776357e-15 1.776357e-15 0.000000e+00 -7.105427e-15 -3.552714e-15 4.440892e-15 -2.664535e-15 -8.881784e-16 -4.440892e-15 -8.881784e-16 -8.881784e-16 -4.440892e-16 4.440892e-16 1.421085e-14 2.211227e-08 -5.329071e-15 4.440892e-15 -3.552714e-15 2.131628e-14 -8.881784e-16 1.776357e-14
-1.776357e-15 8.881784e-16 -1.776357e-15 -2.220446e-15 1.776357e-15 -2.664535e-15 -2.664535e-15 2.664535e-15 -2.220446e-15 -4.440892e-16 0.000000e+00 -3.108624e-15 2.220446e-16 -1.332268e-15 4.440892e-16 -4.440892e-16 0.000000e+00 0.000000e+00 -2.664535e-15 1.776357e-15 -4.884981e-15 1.776357e-15 -1.776357e-15 3.552714e-15 -1.776357e-15 9.170442e-12 -1.776357e-15 -3.552714e-15 -7.105427e-15 1.421085e-14 -7.105427e-15 8.881784e-15 -1.953993e-14 8.881784e-15 -1.776357e-15 -1.776357e-15 2.664535e-15 -1.065814e-14 5.329071e-15 -8.881784e-16 -5.329071e-15 1.776357e-15 -2.664535e-15 -1.776357e-15 -1.598721e-14 -8.671116e-08 -3.552714e-15 -1.421085e-14 3.552714e-15 1.065814e-14 -5.329071e-15
-1.332268e-15 4.440892e-16 -1.776357e-15 0.000000e+00 -8.881784e-16 -1.332268e-15 -8.881784e-16 -1.332268e-15 0.000000e+00 -2.220446e-15 4.440892e-16 -2.220446e-15 8.881784e-16 -8.881784e-16 -1.332268e-15 -3.108624e-15 4.440892e-16 0.000000e+00 -3.552714e-15 -4.440892e-16 -3.552714e-15 0.000000e+00 1.776357e-15 -2.220446e-16 -1.332268e-15 -1.675682e-11 7.993606e-15 -2.664535e-15 1.776357e-15 0.000000e+00 -3.552714e-15 -2.664535e-15 0.000000e+00 -1.776357e-15 -1.776357e-15 -2.664535e-15 -3.552714e-15 -3.552714e-15 2.664535e-15 0.000000e+00 -7.105427e-15 1.776357e-15 8.881784e-16 0.000000e+00 -1.776357e-15 0.000000e+00 -1.270985e-08 -1.421085e-14 -4.263256e-14 -3.552714e-15 -8.881784e-16
-9.999000e+03 -9.999000e+03 -9.999000e+03 -9.999000e+03 -9.999000e+03 -9.999000e+03 -9.999000e+03 -9.999000e+03 -1.332268e-15 -4.440892e-16 -1.110223e-15 -2.220446e-16 -8.881784e-16 -4.440892e-16 -8.881784e-16 -2.664535e-15 2.220446e-15 -1.332268e-15 -3.552714e-15 3.552714e-15 -6.217249e-15 4.440892e-15 -7.105427e-15 8.881784e-16 5.329071e-15 -9.103829e-15 -4.440892e-16 -2.664535e-15 -8.881784e-16 -1.776357e-15 4.440892e-16 -1.776357e-15 -5.329071e-15 -1.776357e-15 8.881784e-16 0.000000e+00 1.776357e-15 -8.881784e-16 -3.552714e-15 -2.664535e-15 0.000000e+00 3.552714e-15 -5.329071e-15 -3.552714e-15 6.217249e-15 -6.217249e-15 7.365601e-08 -2.842171e-14 3.552714e-15 8.881784e-16 -4.440892e-16
-9.999000e+03 -9.999000e+03 -9.999000e+03 -9.999000e+03 -9.999000e+03 -9.999000e+03 -9.999000e+03 -9.999000e+03 -9.999000e+03 -9.999000e+03 -9.999000e+03 -4.440892e-16 -8.881784e-16 0.000000e+00 -4.440892e-16 -1.332268e-15 -1.332268e-15 -8.881784e-16 0.000000e+00 -2.220446e-15 0.000000e+00 -2.664535e-15 -8.881784e-16 -1.776357e-15 -1.776357e-15 -6.661338e-16 -1.776357e-15 -2.664535e-15 -1.776357e-15 1.332268e-15 -2.220446e-15 4.440892e-16 -1.776357e-15 -1.776357e-15 1.776357e-15 -4.440892e-15 1.776357e-15 0.000000e+00 -8.881784e-16 -3.552714e-15 2.664535e-15 -8.881784e-15 0.000000e+00 0.000000e+00 1.776357e-15 8.881784e-16 -4.440892e-15 -7.151901e-08 1.776357e-15 1.332268e-15 -2.664535e-15
