tests/data/reference/test_rill/control/massbalance.asc
ncols	123
nrows	77
xllcorner	-713746.79929998
yllcorner	-1061022.36961616
cellsize	10.0
NODATA_value	-9999
[rows 44 to 65 of 77, columns 51 to 101 of 123]
3.108624e-15 -3.108624e-15 -3.552714e-15 1.776357e-15 -2.664535e-15 -3.552714e-15 -1.332268e-15 1.776357e-15 -2.220446e-15 -4.440892e-16 -4.440892e-15 0.000000e+00 2.664535e-15 -3.996803e-15 1.776357e-15 -5.329071e-15 1.776357e-15 -3.552714e-15 1.776357e-15 -5.329071e-15 0.000000e+00 -4.440892e-15 -1.332268e-15 1.332268e-15 4.440892e-16 -4.440892e-16 1.110223e-15 -1.014078e-11 -6.217249e-15 4.218847e-15 -1.643655e-08 -1.350867e-08 -1.065814e-14 8.881784e-16 -1.776357e-15 -7.105427e-15 -4.440892e-15 -1.065814e-14 0.000000e+00 -8.881784e-16 0.000000e+00 -2.664535e-15 -8.881784e-16 4.440892e-16 -2.664535e-15 -2.664535e-15 -4.440892e-16 4.440892e-16 -1.776357e-15 -1.332268e-15 -1.776357e-15
-8.881784e-16 -4.440892e-15 -7.993606e-15 8.881784e-16 -2.664535e-15 0.000000e+00 -1.332268e-15 -2.220446e-15 -3.108624e-15 -8.881784e-16 -8.881784e-16 -2.220446e-15 1.332268e-15 1.243450e-14 3.108624e-15 8.881784e-16 0.000000e+00 -2.664535e-15 2.664535e-15 -8.881784e-16 -2.664535e-15 1.332268e-15 -2.664535e-15 0.000000e+00 1.776357e-15 -8.881784e-16 1.998401e-15 8.575141e-12 -8.881784e-16 2.664535e-15 3.552714e-15 -5.551115e-15 -3.016133e-08 -4.440892e-16 2.664535e-15 1.776357e-15 0.000000e+00 2.842171e-14 8.881784e-16 -8.881784e-16 0.000000e+00 -4.440892e-16 2.664535e-15 -1.776357e-15 0.000000e+00 -1.776357e-15 -1.332268e-15 -1.110223e-15 -2.664535e-15 -3.552714e-15 -3.996803e-15
4.440892e-16 2.664535e-15 -5.329071e-15 2.664535e-15 1.776357e-15 -1.776357e-15 2.664535e-15 -1.332268e-15 -3.108624e-15 0.000000e+00 -1.332268e-15 -1.332268e-15 -3.552714e-15 -8.881784e-16 -8.881784e-16 0.000000e+00 8.881784e-16 -3.108624e-15 -2.664535e-15 8.881784e-16 -1.332268e-15 8.881784e-16 -8.881784e-16 -8.881784e-16 -8.881784e-16 -8.881784e-16 1.110223e-16 -1.110223e-16 -2.220446e-16 -8.881784e-16 -1.332268e-15 3.552714e-15 1.776357e-15 -2.288305e-08 -8.881784e-16 -7.105427e-15 -3.552714e-15 1.421085e-14 -2.664535e-15 -1.776357e-15 -2.664535e-15 -1.776357e-15 8.881784e-16 -1.776357e-15 0.000000e+00 0.000000e+00 8.881784e-16 -4.440892e-16 -8.881784e-16 -1.776357e-15 -8.881784e-16
-3.552714e-15 2.664535e-15 -8.881784e-16 -8.881784e-15 -3.996803e-15 -2.664535e-15 -1.332268e-15 4.440892e-16 -3.552714e-15 -1.332268e-15 -8.881784e-16 -5.329071e-15 -4.440892e-15 1.332268e-15 -1.332268e-15 -1.332268e-15 -4.440892e-16 0.000000e+00 -2.664535e-15 -2.220446e-15 -8.881784e-16 -1.776357e-15 -4.440892e-16 0.000000e+00 -8.881784e-16 -6.661338e-16 -2.664535e-15 3.330669e-16 -2.664535e-15 0.000000e+00 8.881784e-16 1.776357e-15 -7.549517e-15 1.065814e-14 5.194046e-08 2.664535e-15 1.776357e-15 0.000000e+00 8.881784e-16 -2.220446e-15 -2.220446e-15 -5.329071e-15 -3.552714e-15 -8.881784e-16 0.000000e+00 -3.552714e-15 4.440892e-16 -1.332268e-15 0.000000e+00 -4.440892e-16 0.000000e+00
-4.440892e-15 -4.884981e-15 8.881784e-16 4.440892e-16 -6.661338e-16 -8.881784e-16 -6.661338e-16 -4.440892e-16 -1.776357e-15 8.881784e-16 1.776357e-15 0.000000e+00 -2.664535e-15 -6.661338e-16 -1.110223e-15 -3.108624e-15 -6.661338e-16 -6.661338e-16 -2.220446e-16 -8.881784e-16 4.440892e-16 -6.661338e-16 -8.881784e-16 -4.440892e-15 -2.220446e-15 1.776357e-15 -1.887379e-15 -1.998401e-15 -7.105427e-15 1.421085e-14 0.000000e+00 -3.552714e-15 3.552714e-15 1.776357e-15 -8.881784e-16 1.081424e-08 -3.552714e-15 -1.421085e-14 1.332268e-15 -4.440892e-15 3.552714e-15 1.332268e-15 -2.664535e-15 -8.881784e-16 8.881784e-16 -1.776357e-15 0.000000e+00 -1.110223e-15 -1.776357e-15 -8.881784e-16 -2.664535e-15
-1.332268e-15 -2.220446e-15 -2.664535e-15 2.220446e-16 -1.776357e-15 -3.552714e-15 1.332268e-15 0.000000e+00 -1.332268e-15 -1.065814e-14 -5.329071e-15 -6.661338e-16 2.220446e-16 -2.664535e-15 0.000000e+00 -1.332268e-15 0.000000e+00 -1.776357e-15 8.881784e-16 -3.996803e-15 3.108624e-15 -4.884981e-15 1.776357e-15 -1.998401e-15 -1.332268e-15 0.000000e+00 4.218847e-15 -2.664535e-15 -4.884981e-15 8.881784e-16 2.664535e-15 1.776357e-15 0.000000e+00 -4.440892e-15 5.329071e-15 4.185580e-08 0.000000e+00 3.552714e-14 -8.881784e-16 -2.220446e-15 -1.332268e-15 -1.776357e-15 -6.661338e-15 -2.220446e-15 -1.776357e-15 0.000000e+00 -1.776357e-15 -2.220446e-16 8.881784e-16 -1.776357e-15 1.776357e-15
-4.440892e-16 -2.664535e-15 8.881784e-15 1.776357e-15 0.000000e+00 -5.329071e-15 -1.776357e-15 -1.776357e-15 0.000000e+00 8.881784e-16 -6.661338e-16 -2.220446e-15 0.000000e+00 -5.773160e-15 8.881784e-16 -3.552714e-15 -1.776357e-15 0.000000e+00 1.332268e-15 -4.440892e-16 0.000000e+00 -1.776357e-15 -3.552714e-15 -2.664535e-15 -1.776357e-15 -3.552714e-15 -4.601119e-11 4.440892e-16 -1.110223e-15 -2.220446e-15 1.776357e-15 -2.664535e-15 0.000000e+00 2.664535e-15 -3.552714e-15 -1.776357e-15 3.374920e-08 -4.263256e-14 8.881784e-16 1.776357e-15 1.776357e-15 4.440892e-15 0.000000e+00 0.000000e+00 -6.661338e-16 -1.776357e-15 8.881784e-16 -6.661338e-16 -1.776357e-15 -3.552714e-15 -4.440892e-15
2.220446e-15 -8.881784e-15 -2.664535e-15 -3.552714e-15 9.769963e-15 -3.552714e-15 -7.105427e-15 -7.105427e-15 0.000000e+00 -2.664535e-15 -3.552714e-15 -8.881784e-16 -1.332268e-15 0.000000e+00 -2.664535e-15 -2.664535e-15 -1.776357e-15 3.552714e-15 -7.993606e-15 -8.881784e-16 8.881784e-16 -3.552714e-15 -3.552714e-15 -1.776357e-15 0.000000e+00 -5.329071e-15 -1.328249e-11 -6.661338e-16 -1.332268e-15 -1.776357e-15 -2.220446e-15 8.881784e-16 -8.881784e-16 0.000000e+00 4.440892e-15 7.105427e-15 -4.191071e-08 -7.105427e-15 -8.881784e-16 0.000000e+00 -4.440892e-15 -2.664535e-15 -8.881784e-16 -1.332268e-15 -1.110223e-15 -3.552714e-15 -1.776357e-15 2.220446e-16 -2.220446e-15 -2.664535e-15 -1.776357e-15
-7.105427e-15 3.552714e-15 -8.881784e-16 -2.220446e-16 -1.776357e-15 -2.664535e-15 -2.664535e-15 -8.881784e-16 8.881784e-16 2.664535e-15 -7.993606e-15 3.552714e-15 -7.105427e-15 -8.881784e-16 0.000000e+00 0.000000e+00 -1.776357e-15 2.220446e-16 0.000000e+00 -1.776357e-15 8.881784e-16 -3.996803e-15 -2.664535e-15 8.881784e-16 4.440892e-16 -1.110223e-15 8.340439e-12 1.776357e-15 -3.552714e-15 1.776357e-15 -5.329071e-15 5.329071e-15 -6.217249e-15 3.552714e-15 -5.329071e-15 -8.881784e-16 1.128791e-08 5.395684e-14 -8.881784e-15 -1.776357e-15 -8.881784e-16 -8.881784e-16 1.332268e-15 6.661338e-16 0.000000e+00 -8.881784e-16 -8.881784e-16 -1.776357e-15 -8.881784e-16 -1.776357e-15 -4.440892e-15
-4.440892e-15 0.000000e+00 -8.881784e-16 1.776357e-15 -4.440892e-15 -7.105427e-15 -1.776357e-15 -3.108624e-15 -4.440892e-16 -1.776357e-15 5.329071e-15 -1.065814e-14 5.329071e-15 -2.664535e-15 -3.552714e-15 -4.440892e-15 -8.881784e-16 -8.881784e-16 -4.440892e-15 -2.220446e-15 8.881784e-16 8.881784e-16 -5.773160e-15 -7.105427e-15 -6.217249e-15 -6.217249e-15 -6.388667e-12 5.329071e-15 -6.217249e-15 0.000000e+00 -4.440892e-15 -6.217249e-15 5.329071e-15 -4.440892e-15 -1.776357e-15 2.664535e-15 5.228083e-08 -5.684342e-14 5.329071e-15 1.332268e-15 -3.108624e-15 -3.108624e-15 -1.332268e-15 -1.776357e-15 0.000000e+00 -3.996803e-15 -1.776357e-15 -4.440892e-16 -1.776357e-15 -8.881784e-16 0.000000e+00
-6.217249e-15 -3.108624e-15 -3.552714e-15 -6.217249e-15 2.664535e-15 -4.440892e-15 -8.881784e-16 8.881784e-16 1.776357e-15 0.000000e+00 -3.552714e-15 -8.881784e-16 2.664535e-15 -2.664535e-15 -8.881784e-16 -3.552714e-15 1.332268e-15 -1.776357e-15 -5.329071e-15 2.220446e-15 -3.552714e-15 -3.552714e-15 -1.776357e-15 0.000000e+00 -1.110223e-15 -8.881784e-16 1.883693e-11 8.881784e-16 8.881784e-16 8.881784e-16 2.664535e-15 -1.243450e-14 6.217249e-15 3.552714e-15 -8.881784e-15 2.131628e-14 -2.010501e-08 5.684342e-14 2.442491e-15 -2.664535e-15 -4.440892e-16 1.776357e-15 -6.661338e-16 -1.332268e-15 -1.332268e-15 2.220446e-15 3.552714e-15 -1.776357e-15 8.881784e-16 6.217249e-15 -2.664535e-15
-2.220446e-15 8.881784e-16 2.664535e-15 -2.664535e-15 0.000000e+00 -8.881784e-16 -3.552714e-15 -1.776357e-15 -4.440892e-16 8.881784e-16 -1.110223e-15 -3.552714e-15 0.000000e+00 -5.329071e-15 -7.105427e-15 3.552714e-15 -1.776357e-14 -1.776357e-15 8.881784e-15 1.776357e-15 1.776357e-15 -7.105427e-15 1.776357e-15 5.329071e-15 -7.105427e-15 -8.881784e-15 3.330669e-15 -8.881784e-16 -1.332268e-15 -2.664535e-15 -1.332268e-15 -1.332268e-15 -3.552714e-15 8.881784e-16 8.881784e-16 -3.552714e-15 -1.421085e-14 -2.865079e-08 -2.886580e-15 -1.332268e-15 -8.881784e-16 -1.554312e-15 -1.776357e-15 -3.108624e-15 -3.996803e-15 -2.664535e-15 -5.329071e-15 -8.881784e-16 -3.552714e-15 -6.217249e-15 1.776357e-15
-5.329071e-15 -4.440892e-15 1.776357e-15 -1.332268e-15 0.000000e+00 0.000000e+00 -3.108624e-15 -2.664535e-15 -8.881784e-16 4.440892e-16 -6.217249e-15 1.776357e-15 -9.769963e-15 -3.552714e-15 8.881784e-16 -8.881784e-16 -8.881784e-16 -6.217249e-15 -8.881784e-16 -8.881784e-16 -7.993606e-15 1.776357e-15 -7.105427e-15 -1.776357e-15 2.664535e-15 -5.551115e-15 -6.661338e-16 -2.664535e-15 -1.332268e-15 -8.881784e-16 -4.440892e-16 -2.664535e-15 4.440892e-16 -3.552714e-15 2.664535e-15 0.000000e+00 8.881784e-15 -5.060974e-08 1.065814e-14 1.665335e-15 -6.661338e-16 -8.881784e-16 0.000000e+00 -1.776357e-15 -4.440892e-16 -8.881784e-16 -2.664535e-15 -2.664535e-15 -3.552714e-15 3.552714e-15 -7.105427e-15
8.881784e-16 -4.440892e-15 1.332268e-15 -1.776357e-15 -2.664535e-15 -8.881784e-16 -1.332268e-15 -8.881784e-16 -3.108624e-15 -4.440892e-16 0.000000e+00 2.664535e-15 -3.552714e-15 -3.552714e-15 -4.440892e-15 -2.664535e-15 -1.776357e-15 -4.440892e-15 -7.105427e-15 -2.131628e-14 1.243450e-14 1.598721e-14 -1.776357e-14 1.243450e-14 -3.552714e-15 -4.662937e-15 6.661338e-16 -3.552714e-15 8.881784e-16 -8.881784e-16 1.776357e-15 -3.552714e-15 8.881784e-16 0.000000e+00 -7.105427e-15 -1.776357e-15 9.769963e-15 5.329071e-15 4.144727e-08 3.330669e-16 -8.881784e-16 0.000000e+00 -1.332268e-15 -3.996803e-15 -8.881784e-16 -7.105427e-15 -8.881784e-16 0.000000e+00 -1.776357e-15 -5.329071e-15 8.881784e-16
0.000000e+00 -8.881784e-16 0.000000e+00 -4.440892e-15 8.881784e-16 -2.220446e-15 -2.664535e-15 4.440892e-16 -1.776357e-15 -1.776357e-15 -1.776357e-15 -2.220446e-15 -1.776357e-15 -3.552714e-15 0.000000e+00 -3.552714e-15 -3.552714e-15 8.881784e-16 -8.881784e-16 -4.884981e-15 -1.776357e-15 -1.332268e-14 6.217249e-15 -6.217249e-15 3.552714e-15 6.661338e-16 -3.774758e-15 -3.552714e-15 -8.881784e-16 0.000000e+00 -1.332268e-15 1.421085e-14 -1.421085e-14 -3.552714e-15 -7.105427e-15 7.105427e-15 0.000000e+00 1.776357e-14 7.294869e-08 1.332268e-15 6.661338e-16 8.881784e-16 1.776357e-15 -4.440892e-16 8.881784e-16 5.329071e-15 8.881784e-16 -2.664535e-15 8.881784e-16 8.881784e-16 -4.440892e-15
-8.881784e-16 -4.440892e-16 0.000000e+00 -1.332268e-15 0.000000e+00 -2.664535e-15 -1.776357e-15 -8.881784e-16 8.881784e-16 4.440892e-16 2.220446e-15 -3.996803e-15 -8.881784e-16 -2.220446e-15 0.000000e+00 2.664535e-15 -2.220446e-15 0.000000e+00 1.776357e-15 -3.552714e-15 1.776357e-15 -6.217249e-15 -1.776357e-15 -3.552714e-15 1.243450e-14 -4.662937e-15 -3.552714e-15 -1.776357e-15 1.065814e-14 -1.421085e-14 -3.197442e-14 -8.881784e-16 -5.329071e-15 -5.329071e-15 0.000000e+00 -4.440892e-16 1.776357e-15 7.105427e-15 -7.105427e-15 -1.074591e-08 3.330669e-16 -2.886580e-15 -2.664535e-15 2.664535e-15 0.000000e+00 -3.552714e-15 -3.552714e-15 8.881784e-16 -4.440892e-15 -3.552714e-15 1.776357e-15
-6.661338e-16 -1.332268e-15 -3.552714e-15 -1.776357e-15 -8.881784e-16 -1.776357e-15 -1.332268e-15 -4.440892e-16 -8.881784e-16 -3.996803e-15 -2.664535e-15 4.440892e-16 -8.881784e-16 8.881784e-16 -2.220446e-15 -4.440892e-15 -6.217249e-15 -8.881784e-16 0.000000e+00 -4.440892e-15 -4.440892e-16 -2.220446e-16 2.220446e-16 3.552714e-15 2.220446e-16 -6.661338e-16 -8.881784e-16 -4.440892e-16 -1.776357e-15 -5.329071e-15 8.881784e-16 -4.440892e-16 -2.220446e-15 4.440892e-16 -1.776357e-15 -4.440892e-16 1.332268e-15 -8.881784e-16 8.881784e-16 -3.996803e-15 9.610585e-08 7.771561e-16 -8.881784e-16 -3.552714e-15 -4.440892e-15 -2.664535e-15 8.881784e-16 -5.329071e-15 0.000000e+00 -8.881784e-16 0.000000e+00
-3.108624e-15 8.881784e-16 -4.440892e-16 -2.664535e-15 1.332268e-15 0.000000e+00 -8.881784e-16 -8.881784e-16 8.881784e-16 0.000000e+00 -2.664535e-15 -4.440892e-16 -6.217249e-15 -3.996803e-15 1.332268e-15 1.776357e-15 4.440892e-16 -4.440892e-16 8.881784e-16 -8.881784e-16 -1.332268e-15 -4.440892e-16 -3.552714e-15 -2.220446e-16 -1.332268e-15 -7.348788e-12 -2.664535e-15 -4.440892e-15 1.776357e-15 -8.881784e-16 -4.440892e-16 -2.220446e-16 -1.110223e-15 -1.110223e-15 -6.661338e-16 -1.110223e-15 -6.661338e-16 -4.440892e-15 -8.881784e-15 7.993606e-15 0.000000e+00 -1.186137e-07 2.553513e-15 0.000000e+00 -8.881784e-16 -8.881784e-16 -5.329071e-15 1.776357e-15 2.664535e-15 -6.217249e-15 0.000000e+00
0.000000e+00 -2.220446e-15 -8.881784e-16 -1.110223e-15 -6.661338e-16 -6.661338e-16 -1.110223e-15 -2.220446e-16 0.000000e+00 0.000000e+00 -1.776357e-15 0.000000e+00 0.000000e+00 -3.108624e-15 -3.108624e-15 -2.664535e-15 -3.996803e-15 -2.220446e-15 -1.776357e-15 -2.220446e-16 -8.881784e-16 4.440892e-16 -1.332268e-15 -4.440892e-16 -8.881784e-16 -1.607603e-13 -1.243450e-14 2.664535e-15 -1.110223e-15 -2.220446e-16 0.000000e+00 -4.440892e-16 -2.664535e-15 -3.552714e-15 -8.881784e-16 0.000000e+00 -8.881784e-16 -1.110223e-15 -6.661338e-16 0.000000e+00 -1.332268e-15 -8.881784e-16 9.779171e-08 6.661338e-16 0.000000e+00 8.881784e-16 -3.552714e-15 -3.552714e-15 -1.776357e-15 4.440892e-15 0.000000e+00
-1.332268e-15 -1.776357e-15 -8.881784e-16 -5.773160e-15 -8.881784e-16 -8.881784e-16 -2.664535e-15 8.881784e-16 -6.661338e-16 -8.881784e-16 -3.108624e-15 -8.881784e-16 0.000000e+00 -4.440892e-15 -4.440892e-16 1.776357e-15 4.440892e-16 0.000000e+00 -1.110223e-15 4.440892e-16 -2.664535e-15 -1.776357e-15 4.440892e-16 8.881784e-16 -4.440892e-15 1.329692e-11 -8.881784e-16 0.000000e+00 -1.243450e-14 8.881784e-15 -1.332268e-14 4.440892e-15 -4.440892e-15 -5.329071e-15 0.000000e+00 -2.664535e-15 1.776357e-15 -2.664535e-15 -1.776357e-15 1.776357e-15 1.776357e-15 0.000000e+00 1.776357e-15 5.632569e-09 5.329071e-15 -3.552714e-15 -8.881784e-16 -2.220446e-16 -3.552714e-15 -3.552714e-14 -1.776357e-15
-2.220446e-15 0.000000e+00 -8.881784e-16 -1.776357e-15 -8.881784e-16 -1.332268e-15 -3.552714e-15 8.881784e-16 -3.108624e-15 8.881784e-16 -1.110223e-15 -4.440892e-16 1.776357e-15 -2.220446e-15 0.000000e+00 -1.776357e-15 -1.998401e-15 -4.440892e-16 0.000000e+00 -1.776357e-15 -1.776357e-15 -3.552714e-15 1.776357e-15 8.881784e-16 -5.329071e-15 5.567991e-12 -5.329071e-15 2.664535e-15 -3.552714e-15 -5.329071e-15 -4.440892e-15 -8.881784e-16 -8.881784e-16 -7.105427e-15 0.000000e+00 3.552714e-15 -3.552714e-15 -8.881784e-16 -6.217249e-15 -1.110223e-15 -1.110223e-15 0.000000e+00 0.000000e+00 1.776357e-15 2.211233e-08 0.000000e+00 6.217249e-15 -2.664535e-15 7.105427e-15 -8.881784e-16 3.552714e-15
-1.776357e-15 0.000000e+00 -2.664535e-15 -2.664535e-15 0.000000e+00 -1.776357e-15 -2.664535e-15 8.881784e-16 -2.664535e-15 -2.664535e-15 8.881784e-16 -2.220446e-15 0.000000e+00 -1.554312e-15 -2.220446e-16 -6.661338e-16 -8.881784e-16 4.440892e-16 -3.996803e-15 2.664535e-15 -5.329071e-15 2.664535e-15 -3.552714e-15 3.552714e-15 -4.440892e-15 9.170442e-12 -5.329071e-15 -3.552714e-15 -5.329071e-15 1.421085e-14 -5.329071e-15 7.105427e-15 -1.776357e-14 5.329071e-15 -1.776357e-15 -1.776357e-15 5.329071e-15 -1.598721e-14 5.329071e-15 -8.881784e-16 -3.552714e-15 1.776357e-15 -1.776357e-15 -2.664535e-15 -1.065814e-14 -8.671110e-08 -5.329071e-15 -3.552714e-14 1.776357e-15 1.065814e-14 -7.105427e-15
