tests/data/reference/test_rill/cvsur_m3.asc
ncols	123
nrows	77
xllcorner	-713746.79929998
yllcorner	-1061022.36961616
cellsize	10.0
NODATA_value	-9999
[rows 23 to 45 of 77, columns 52 to 103 of 123]
1.162519e+00 2.132887e+00 2.317665e+00 2.519810e+00 2.586041e+00 2.645933e+00 2.662052e+00 2.590940e+00 2.583859e+00 2.470661e+00 2.313420e+00 2.297780e+00 2.278938e+00 2.256289e+00 2.227191e+00 2.500445e+00 9.153701e+00 3.499157e+00 1.971437e+00 1.916184e+00 1.744446e+00 1.602228e+00 1.392585e+00 1.581585e+00 6.006778e-01 1.026891e+00 1.528042e+01 5.085203e+00 5.893933e+00 1.680718e+00 1.409778e+00 1.044591e+00 5.859299e-01 5.578976e-01 -9.999000e+03 -9.999000e+03 -9.999000e+03 -9.999000e+03 -9.999000e+03 -9.999000e+03 -9.999000e+03 -9.999000e+03 -9.999000e+03 -9.999000e+03 -9.999000e+03 -9.999000e+03 -9.999000e+03 -9.999000e+03 -9.999000e+03 -9.999000e+03 -9.999000e+03 -9.999000e+03
1.170178e+00 1.586703e+00 2.345267e+00 2.480823e+00 2.620910e+00 2.665674e+00 2.702230e+00 2.710663e+00 2.660678e+00 2.650323e+00 2.567453e+00 2.450786e+00 2.432716e+00 2.407176e+00 2.373352e+00 2.328884e+00 1.125912e+01 3.144572e+00 2.043680e+00 2.016276e+00 1.922422e+00 1.836035e+00 1.690091e+00 1.814237e+00 1.075353e+00 1.381712e+00 5.881085e-01 1.370985e+01 4.510553e+00 5.636613e+00 3.182266e+00 1.392466e+00 1.037258e+00 9.884977e-01 5.483196e-01 -9.999000e+03 -9.999000e+03 -9.999000e+03 -9.999000e+03 -9.999000e+03 -9.999000e+03 -9.999000e+03 -9.999000e+03 -9.999000e+03 -9.999000e+03 -9.999000e+03 -9.999000e+03 -9.999000e+03 -9.999000e+03 -9.999000e+03 -9.999000e+03 -9.999000e+03
2.168949e+00 1.597136e+00 1.929164e+00 2.508270e+00 2.600668e+00 2.690230e+00 2.715722e+00 2.734965e+00 2.738055e+00 2.704206e+00 2.691850e+00 2.631155e+00 2.542011e+00 2.514885e+00 2.480066e+00 2.437448e+00 1.311663e+01 2.806237e+00 2.112975e+00 2.110877e+00 2.071922e+00 2.028043e+00 1.930178e+00 2.006337e+00 1.455936e+00 1.669975e+00 1.057036e+00 1.212507e+01 5.949119e-01 3.907684e+00 8.462202e+00 1.629366e+00 1.379260e+00 1.338729e+00 9.976669e-01 5.771717e-01 5.546507e-01 5.524760e-01 -9.999000e+03 -9.999000e+03 -9.999000e+03 -9.999000e+03 -9.999000e+03 -9.999000e+03 -9.999000e+03 -9.999000e+03 -9.999000e+03 -9.999000e+03 -9.999000e+03 -9.999000e+03 -9.999000e+03 -9.999000e+03
1.187567e+00 2.385999e+00 1.940070e+00 2.196415e+00 2.622971e+00 2.678480e+00 2.729943e+00 2.743638e+00 2.753764e+00 2.753395e+00 2.728817e+00 2.712194e+00 2.662866e+00 2.590404e+00 2.555296e+00 2.513923e+00 1.501045e+01 2.526152e+00 2.176935e+00 2.195095e+00 2.192857e+00 2.179491e+00 2.117148e+00 2.160059e+00 1.758628e+00 1.904490e+00 1.439698e+00 1.053143e+01 1.068681e+00 3.302844e+00 8.021727e+00 1.789222e+00 1.631630e+00 1.613001e+00 1.358154e+00 1.028342e+00 9.805719e-01 5.615668e-01 9.601759e-01 5.497709e-01 -9.999000e+03 -9.999000e+03 -9.999000e+03 -9.999000e+03 -9.999000e+03 -9.999000e+03 -9.999000e+03 -9.999000e+03 -9.999000e+03 -9.999000e+03 -9.999000e+03 -9.999000e+03
1.620610e+00 6.585126e-01 2.549434e+00 2.201779e+00 2.391416e+00 2.694827e+00 2.725025e+00 2.753001e+00 2.759553e+00 2.762958e+00 2.758199e+00 2.736299e+00 2.714841e+00 2.672071e+00 2.609886e+00 2.564961e+00 1.690572e+01 2.354353e+00 2.227929e+00 2.260850e+00 2.280888e+00 2.287570e+00 2.251219e+00 2.274531e+00 1.992762e+00 2.092241e+00 1.750574e+00 8.927622e+00 1.454383e+00 2.743877e+00 7.532255e+00 1.912990e+00 1.812718e+00 1.805394e+00 1.622173e+00 2.250454e+00 5.810742e-01 5.684759e-01 9.719627e-01 1.252296e+00 9.455183e-01 1.747936e+00 -9.999000e+03 -9.999000e+03 -9.999000e+03 -9.999000e+03 -9.999000e+03 -9.999000e+03 -9.999000e+03 -9.999000e+03 -9.999000e+03 -9.999000e+03
1.970501e+00 1.183984e+00 2.666076e+00 2.395918e+00 6.399222e-01 2.529221e+00 2.737417e+00 2.752293e+00 2.765584e+00 2.766877e+00 2.764610e+00 2.754529e+00 2.731921e+00 2.705355e+00 2.661916e+00 2.599623e+00 1.877792e+01 2.294302e+00 2.269212e+00 2.312379e+00 2.344892e+00 2.363377e+00 2.344805e+00 2.357397e+00 2.170277e+00 2.240761e+00 2.000919e+00 7.377909e+00 1.767339e+00 2.334447e+00 6.997590e+00 2.014863e+00 1.942328e+00 1.932821e+00 1.803436e+00 2.379524e+00 1.016317e+00 9.938311e-01 5.675763e-01 1.273380e+00 1.456749e+00 4.439204e+00 1.746965e+00 1.745822e+00 -9.999000e+03 -9.999000e+03 -9.999000e+03 -9.999000e+03 -9.999000e+03 -9.999000e+03 -9.999000e+03 -9.999000e+03
2.245583e+00 1.603030e+00 2.742254e+00 2.534818e+00 6.418489e-01 1.147240e+00 2.622637e+00 2.760799e+00 2.768278e+00 2.772991e+00 2.769684e+00 2.760766e+00 2.743148e+00 2.713566e+00 2.675974e+00 2.625797e+00 2.565361e+00 2.031507e+01 2.309201e+00 2.359798e+00 2.399102e+00 2.422975e+00 2.414181e+00 2.419461e+00 2.303090e+00 2.356784e+00 2.199166e+00 6.019059e+00 2.015830e+00 2.260589e+00 6.416598e+00 2.103428e+00 2.041086e+00 2.020958e+00 1.924040e+00 2.419275e+00 1.336877e+00 1.312244e+00 9.937273e-01 5.655090e-01 4.477674e+00 4.399973e+00 1.921737e+00 4.666638e-01 1.744374e+00 -9.999000e+03 -9.999000e+03 -9.999000e+03 -9.999000e+03 -9.999000e+03 -9.999000e+03 -9.999000e+03
2.448971e+00 1.928107e+00 2.782733e+00 2.627607e+00 1.150550e+00 6.425322e-01 1.553998e+00 2.686076e+00 2.774027e+00 2.775862e+00 2.773114e+00 2.762334e+00 2.743330e+00 2.713660e+00 2.674287e+00 2.631172e+00 2.584141e+00 2.535222e+00 2.208286e+01 2.409276e+00 2.449854e+00 2.472950e+00 2.467054e+00 2.466901e+00 2.401301e+00 2.446877e+00 2.352588e+00 4.801095e+00 2.209437e+00 2.328768e+00 5.795923e+00 2.187707e+00 2.124592e+00 3.908618e+00 2.410503e+00 5.858118e-01 1.576171e+00 1.554829e+00 1.320117e+00 2.313864e+00 4.360570e+00 4.294521e+00 2.002119e+00 8.074676e-01 4.783792e-01 1.743754e+00 -9.999000e+03 -9.999000e+03 -9.999000e+03 -9.999000e+03 -9.999000e+03 -9.999000e+03
2.579365e+00 2.165438e+00 2.791433e+00 2.682110e+00 1.556228e+00 1.153527e+00 6.471296e-01 1.883536e+00 2.724811e+00 2.772568e+00 2.766326e+00 2.752960e+00 2.731657e+00 2.703537e+00 2.670330e+00 2.633794e+00 2.596978e+00 2.561197e+00 2.422463e+01 2.464694e+00 2.500181e+00 2.516394e+00 2.508020e+00 2.504158e+00 2.474011e+00 2.516670e+00 2.467062e+00 3.730575e+00 2.356748e+00 2.410110e+00 5.144351e+00 2.273458e+00 5.901093e+00 2.390955e+00 1.051828e+00 5.984167e-01 1.764883e+00 1.035380e+00 3.068557e+00 2.559208e+00 4.209719e+00 4.095773e+00 1.975083e+00 1.028403e+00 8.151876e-01 5.003452e-01 4.825724e-01 -9.999000e+03 -9.999000e+03 -9.999000e+03 -9.999000e+03 -9.999000e+03
2.630070e+00 2.315565e+00 2.766365e+00 2.698498e+00 6.338145e-01 1.874151e+00 1.561177e+00 1.158149e+00 2.135621e+00 2.736371e+00 2.754645e+00 2.739417e+00 2.717965e+00 2.692352e+00 2.664775e+00 2.637184e+00 2.609277e+00 2.583027e+00 2.641216e+01 2.520258e+00 2.546319e+00 2.552937e+00 2.540476e+00 2.535305e+00 2.528905e+00 2.570306e+00 2.547954e+00 2.873190e+00 2.461790e+00 2.481163e+00 4.465673e+00 7.959002e+00 2.377093e+00 1.435654e+00 1.076528e+00 6.095213e-01 1.204919e+00 1.140604e+00 3.185603e+00 2.735808e+00 4.005196e+00 5.767325e+00 1.216813e+00 5.129759e-01 1.063997e+00 8.695188e-01 8.527454e-01 4.975224e-01 1.744073e+00 -9.999000e+03 -9.999000e+03 -9.999000e+03
2.535289e+00 2.605890e+00 2.387713e+00 2.709104e+00 2.679955e+00 1.122073e+00 2.111551e+00 1.874570e+00 1.556916e+00 2.321497e+00 2.733821e+00 2.734683e+00 2.715871e+00 2.691707e+00 2.665613e+00 2.641163e+00 2.619596e+00 2.599323e+00 2.580194e+00 2.855926e+01 2.579371e+00 2.578855e+00 2.565765e+00 2.563237e+00 2.572088e+00 2.610746e+00 2.599832e+00 2.598487e+00 2.526072e+00 2.528953e+00 1.171764e+01 2.377659e+00 1.742135e+00 1.461823e+00 6.246500e-01 2.358459e+00 1.260857e+00 1.355197e+00 3.283198e+00 2.830000e+00 9.351772e+00 1.412988e+00 5.693467e-01 9.121231e-01 1.260417e+00 1.126753e+00 1.534722e+00 1.883882e+00 4.985888e-01 1.746229e+00 -9.999000e+03 -9.999000e+03
1.419583e+02 1.432461e+02 2.723105e+00 2.578684e+00 2.635062e+00 2.643307e+00 1.506302e+00 2.286858e+00 2.116939e+00 1.874774e+00 2.461979e+00 2.732698e+00 2.725880e+00 2.705816e+00 2.680222e+00 2.653876e+00 2.630604e+00 2.611364e+00 2.593028e+00 3.103996e+01 2.591688e+00 2.587331e+00 2.578897e+00 2.583420e+00 2.601755e+00 2.634417e+00 2.622101e+00 2.603926e+00 2.553378e+00 2.550359e+00 1.336307e+01 1.981901e+00 1.766972e+00 4.816079e-01 1.749076e+00 2.693682e+00 1.432395e+00 1.608090e+00 3.323548e+00 1.168781e+01 1.606410e+00 1.018287e+00 5.863434e-01 1.229115e+00 1.424378e+00 2.682740e+00 1.987589e+00 8.758526e-01 5.336567e-01 1.939077e+00 4.912599e-01 1.746356e+00
6.304410e+00 6.203017e+00 1.482213e+02 2.788083e+00 2.711855e+00 2.773409e+00 2.812093e+00 1.947844e+00 2.592311e+00 2.469146e+00 2.279630e+00 2.752435e+00 2.943678e+00 2.934178e+00 2.912504e+00 2.882863e+00 2.850347e+00 2.820342e+00 2.793407e+00 2.766429e+00 3.340736e+01 2.756960e+00 2.758861e+00 2.774874e+00 2.609784e+00 2.632212e+00 2.609656e+00 2.579826e+00 2.547306e+00 2.546876e+00 1.459131e+01 2.004660e+00 3.286904e-01 1.749088e+00 2.182886e+00 2.950450e+00 1.663911e+00 1.839184e+00 1.445647e+01 1.792047e+00 1.379737e+00 1.044240e+00 1.491475e+00 5.821882e-01 1.567877e+00 4.548230e+00 5.639369e-01 1.180898e+00 9.399597e-01 2.548906e+00 5.322830e-01 1.939693e+00
6.729711e-01 1.217141e+00 1.657626e+00 1.486568e+02 1.502179e+02 1.517042e+02 1.532493e+02 2.945771e+00 2.305037e+00 2.829091e+00 2.744272e+00 2.600391e+00 2.974887e+00 3.104900e+00 5.914548e+00 3.033850e+00 2.992761e+00 2.954283e+00 2.917312e+00 2.879138e+00 6.596097e-01 3.298238e+01 5.542253e+00 2.909724e+00 2.782710e+00 2.789978e+00 2.564138e+00 2.530098e+00 2.516668e+00 2.525851e+00 1.582436e+01 2.482004e-01 3.497328e+00 6.297022e-01 2.512368e+00 3.113738e+00 1.885009e+00 2.029063e+00 1.563246e+01 1.673125e+00 1.412538e+00 1.711127e+00 1.037276e+00 5.898001e-01 1.693028e+00 4.335330e+00 9.886705e-01 1.422025e+00 1.252563e+00 2.581806e+00 9.398099e-01 2.087769e+00
1.673335e+00 2.065702e+00 2.383769e+00 2.618994e+00 2.789965e+00 2.924127e+00 3.025931e+00 1.550566e+02 1.567801e+02 1.578579e+02 1.594551e+02 1.609641e+02 1.623235e+02 1.640458e+02 1.658794e+02 1.704953e+02 1.722054e+02 3.049463e+00 3.016482e+00 2.981397e+00 2.946799e+00 1.198394e+00 3.808478e+01 3.000786e+00 2.891157e+00 2.876116e+00 2.684226e+00 2.464426e+00 2.474344e+00 2.498667e+00 1.510626e+01 3.769265e+00 1.129554e+00 6.321271e-01 2.741901e+00 3.198002e+00 2.068802e+00 2.175967e+00 1.662890e+01 1.707160e+00 1.897378e+00 1.401055e+00 1.051047e+00 1.810740e+00 4.056373e+00 5.745620e-01 1.297621e+00 1.596164e+00 1.484077e+00 2.548192e+00 1.261715e+00 2.170982e+00
1.271105e+00 1.752635e+00 2.147806e+00 3.612673e+01 3.752140e+01 3.901490e+01 4.063601e+01 4.232199e+01 4.402694e+01 4.569387e+01 4.729579e+01 4.882172e+01 5.025057e+01 5.128387e+01 5.222383e+01 5.309044e+01 5.105592e+01 2.217812e+02 2.232924e+02 3.013730e+00 2.993098e+00 2.978557e+00 3.883290e+01 3.041731e+00 2.938268e+00 2.901812e+00 2.742386e+00 2.588882e+00 2.431697e+00 1.761044e+00 1.811012e+01 1.526355e+00 1.133838e+00 6.336262e-01 2.888014e+00 3.215878e+00 2.213366e+00 1.807304e+01 1.939805e+00 2.055068e+00 1.696171e+00 1.420695e+00 1.925297e+00 3.736774e+00 1.021052e+00 1.533682e+00 5.708077e-01 1.715386e+00 1.647258e+00 2.460336e+00 1.506376e+00 2.197009e+00
2.505340e+00 3.371226e+01 3.477816e+01 2.384705e+00 2.425431e+00 2.467487e+00 2.504731e+00 2.537898e+00 2.570362e+00 2.601513e+00 2.628307e+00 2.827007e+00 2.824290e+00 2.833762e+00 2.840763e+00 2.844868e+00 5.757302e+00 8.542086e+00 8.361973e+00 2.301953e+02 2.316942e+02 2.331425e+02 2.345093e+02 4.103965e+01 2.924025e+00 2.880504e+00 2.758784e+00 2.674268e+00 1.881809e+00 3.509359e+00 1.790242e+01 2.922395e+00 1.136396e+00 6.342661e-01 2.964094e+00 3.179711e+00 2.324297e+00 1.923050e+01 2.188304e+00 1.935995e+00 1.723008e+00 2.040426e+00 3.394671e+00 1.376909e+00 1.726335e+00 1.017053e+00 5.810612e-01 1.797344e+00 1.755105e+00 2.330993e+00 1.671551e+00 2.169184e+00
3.263593e+01 2.296515e+00 2.326970e+00 2.357258e+00 2.384530e+00 2.411041e+00 2.438196e+00 2.467751e+00 2.500282e+00 2.532019e+00 2.559596e+00 2.555824e+00 2.577232e+00 2.599298e+00 2.619575e+00 2.849011e+00 2.849858e+00 5.036138e+00 7.019491e+00 9.121611e+00 1.124312e+01 1.066772e+01 1.034894e+01 2.431392e+02 4.293671e+01 2.800338e+00 2.737929e+00 6.627186e-01 6.303984e+00 3.491724e+00 1.771509e+01 4.209478e+00 6.401103e-01 1.136207e+00 2.983982e+00 3.102426e+00 2.407868e+00 2.079272e+01 2.128105e+00 1.968214e+00 2.155805e+00 3.055787e+00 1.665465e+00 1.884407e+00 1.370656e+00 1.036308e+00 1.871587e+00 5.805374e-01 1.829139e+00 2.193544e+00 1.777537e+00 2.110087e+00
2.270133e+00 2.282587e+00 2.297829e+00 2.311101e+00 2.322998e+00 2.337139e+00 2.355770e+00 2.381774e+00 2.411828e+00 2.441710e+00 2.417248e+00 2.442941e+00 2.471914e+00 2.501355e+00 2.587030e+00 2.590209e+00 5.669017e+00 2.677276e+00 2.831668e+00 2.777613e+00 2.774551e+00 5.719567e+00 8.203362e+00 1.084324e+01 2.523401e+02 4.176266e+01 2.703912e+00 2.012619e+00 6.039265e+00 3.513552e+00 1.743700e+01 4.902947e+00 6.428138e-01 1.541436e+00 2.962615e+00 2.999024e+00 2.259518e+01 2.278360e+00 2.164009e+00 2.267276e+00 2.755138e+00 1.902703e+00 2.022355e+00 1.650478e+00 1.392028e+00 1.947241e+00 1.035422e+00 5.924617e-01 1.890760e+00 2.086546e+00 1.851489e+00 2.048906e+00
2.267849e+00 2.265054e+00 2.265553e+00 2.265769e+00 2.264542e+00 2.264375e+00 2.276668e+00 2.297763e+00 2.324047e+00 2.254814e+00 2.278830e+00 2.307584e+00 2.338424e+00 2.469253e+00 2.454036e+00 6.728458e+00 2.581745e+00 2.548471e+00 2.498257e+00 2.509805e+00 2.830979e+00 2.709384e+00 2.851624e+00 2.825171e+00 4.749920e+00 2.549833e+02 2.944818e+02 2.981981e+02 7.613068e+00 3.514973e+00 1.701554e+01 5.059500e+00 1.143301e+00 1.860178e+00 2.911937e+00 2.888070e+00 2.432994e+01 2.315848e+00 2.368783e+00 2.553237e+00 2.100664e+00 2.148427e+00 1.879049e+00 1.673114e+00 2.021449e+00 1.390779e+00 6.023114e-01 1.046801e+00 1.948306e+00 2.030365e+00 1.907666e+00 2.007381e+00
2.263199e+00 2.249440e+00 2.239833e+00 2.228131e+00 2.204931e+00 2.198731e+00 2.206017e+00 2.224339e+00 2.076834e+00 2.094105e+00 2.118220e+00 2.146212e+00 2.343482e+00 2.286766e+00 7.769818e+00 2.462735e+00 2.386227e+00 2.306223e+00 2.325689e+00 2.549747e+00 2.380115e+00 2.562968e+00 2.575160e+00 2.684928e+00 2.657018e+00 4.479460e+00 5.300122e+00 4.176229e+00 2.999468e+02 7.113625e+00 1.997149e+01 5.095103e+00 1.515427e+00 2.090510e+00 2.841755e+00 2.789266e+00 2.614428e+01 2.457105e+00 2.495674e+00 2.264652e+00 2.268210e+00 2.071255e+00 1.903485e+00 2.098573e+00 1.665182e+00 1.063421e+00 6.016188e-01 1.394905e+00 2.003143e+00 2.022277e+00 1.954647e+00 1.996578e+00
2.265021e+00 2.244832e+00 2.224926e+00 2.176472e+00 2.152441e+00 2.142122e+00 2.150983e+00 1.886079e+00 1.893098e+00 1.907166e+00 1.928879e+00 2.226540e+00 2.098849e+00 8.805788e+00 2.343901e+00 2.192457e+00 2.063918e+00 2.078980e+00 2.401861e+00 2.138008e+00 2.173488e+00 2.199657e+00 2.356949e+00 2.353149e+00 2.445592e+00 1.716238e+00 3.901305e+00 3.863047e+00 3.109653e+00 3.006282e+02 3.252777e+02 5.005554e+00 1.902665e+00 2.247884e+00 2.767427e+00 2.716597e+00 2.810378e+01 2.526802e+00 2.397626e+00 2.378912e+00 2.235650e+00 2.098912e+00 2.187397e+00 1.886424e+00 1.426954e+00 1.066972e+00 6.039858e-01 1.659058e+00 2.054593e+00 2.045992e+00 2.002634e+00 2.018853e+00
2.276219e+00 2.249418e+00 2.165640e+00 2.128553e+00 2.100240e+00 2.095418e+00 1.663918e+00 1.667413e+00 1.671374e+00 1.683545e+00 2.125727e+00 1.891717e+00 9.844424e+00 2.240447e+00 1.973226e+00 1.783405e+00 1.789298e+00 2.239368e+00 1.838142e+00 1.874841e+00 1.903292e+00 1.923882e+00 1.940556e+00 2.072397e+00 2.063626e+00 2.152913e+00 1.951645e+00 2.619959e+00 2.994073e+00 3.263530e+00 2.631136e+00 3.272601e+02 2.197246e+00 2.525914e+00 2.705258e+00 2.671870e+00 3.018431e+01 2.502518e+00 2.478432e+00 2.374752e+00 2.265177e+00 2.286876e+00 2.076138e+00 1.726291e+00 1.442040e+00 1.078424e+00 6.097417e-01 1.857565e+00 2.100676e+00 2.085349e+00 2.059177e+00 2.070873e+00
