tests/data/reference/test_rill/cvsur_m3.asc
ncols	123
nrows	77
xllcorner	-713746.79929998
yllcorner	-1061022.36961616
cellsize	10.0
NODATA_value	-9999
[rows 46 to 68 of 77, columns 0 to 51 of 123]
-9.999000e+03 -9.999000e+03 -9.999000e+03 -9.999000e+03 -9.999000e+03 -9.999000e+03 1.746266e+00 3.373684e+00 1.004953e+00 1.030936e+00 4.807794e-01 8.334670e-01 1.208594e+00 1.298959e+00 1.365402e+00 1.556774e+00 1.355686e+00 1.395533e+00 1.417524e+00 1.455031e+00 1.511247e+00 9.500011e-01 9.591630e-01 9.577691e-01 1.249099e+00 1.467140e+00 1.624066e+00 1.723687e+00 1.780893e+00 1.812455e+00 1.828360e+00 1.536460e+01 1.634988e+01 2.000908e+00 2.027793e+00 2.059222e+00 2.090471e+00 2.121546e+00 2.154671e+00 2.193487e+00 2.237689e+00 2.280198e+00 2.320928e+00 2.360284e+00 2.393053e+00 2.412744e+00 2.420035e+00 2.418219e+00 2.407363e+00 2.383857e+00 2.352246e+00 2.322887e+00
-9.999000e+03 -9.999000e+03 -9.999000e+03 -9.999000e+03 -9.999000e+03 -9.999000e+03 2.032819e+00 1.894420e+00 8.144653e-01 8.319007e-01 5.009904e-01 1.051145e+00 1.188922e+00 1.300717e+00 1.691764e+00 1.268576e+00 1.345253e+00 1.381365e+00 1.408148e+00 1.449346e+00 5.439260e-01 5.526944e-01 5.570158e-01 5.566557e-01 9.653633e-01 1.273389e+00 1.498457e+00 1.119716e+01 1.232175e+01 1.342415e+01 1.450954e+01 2.014058e+00 2.026628e+00 2.044115e+00 2.062721e+00 2.079301e+00 2.095728e+00 2.116226e+00 2.144822e+00 2.184966e+00 2.227416e+00 2.270507e+00 2.311698e+00 2.350195e+00 2.380461e+00 2.398483e+00 2.407452e+00 2.411090e+00 2.407473e+00 2.391163e+00 2.367010e+00 2.344328e+00
-9.999000e+03 -9.999000e+03 -9.999000e+03 -9.999000e+03 -9.999000e+03 1.745137e+00 1.433461e+00 2.084499e+00 4.904924e-01 4.948865e-01 8.079541e-01 1.007406e+00 1.187485e+00 1.876049e+00 1.104606e+00 1.250999e+00 1.335129e+00 1.379556e+00 1.409698e+00 1.449353e+00 2.798026e+00 4.088282e+00 5.346126e+00 7.197327e+00 8.193830e+00 9.291559e+00 1.043223e+01 1.924080e+00 1.957191e+00 1.995974e+00 2.023845e+00 2.039769e+00 2.054510e+00 2.065574e+00 2.073045e+00 2.078541e+00 2.086453e+00 2.103308e+00 2.136324e+00 2.171749e+00 2.212499e+00 2.252607e+00 2.292169e+00 2.326970e+00 2.353441e+00 2.371764e+00 2.384868e+00 2.393671e+00 2.393142e+00 2.385672e+00 2.374184e+00 2.100044e+00
-9.999000e+03 -9.999000e+03 -9.999000e+03 -9.999000e+03 3.984562e+00 5.531775e-01 1.002650e+00 1.688913e+00 4.765835e-01 4.664835e-01 7.633770e-01 1.053218e+00 2.096491e+00 8.454864e-01 1.075452e+00 1.226121e+00 1.320408e+00 1.371016e+00 1.401476e+00 1.437483e+00 1.489884e+00 1.553580e+00 2.279816e+00 1.515640e+00 1.690683e+00 1.801249e+00 1.867764e+00 1.914656e+00 1.962703e+00 1.999289e+00 2.026003e+00 2.047449e+00 2.058140e+00 2.062123e+00 2.062287e+00 2.061840e+00 2.066684e+00 2.094167e+00 2.120163e+00 2.157208e+00 2.193118e+00 2.230729e+00 2.265594e+00 2.294411e+00 2.317617e+00 2.338009e+00 2.358204e+00 2.367420e+00 2.371629e+00 2.371804e+00 1.975792e+00 1.961536e+00
-9.999000e+03 -9.999000e+03 -9.999000e+03 -9.999000e+03 2.245672e+00 1.234513e+00 7.879935e-01 9.062247e-01 7.251970e-01 4.473321e-01 9.212280e-01 2.326848e+00 4.884098e-01 8.217103e-01 1.044898e+00 1.194114e+00 1.292629e+00 1.344060e+00 1.367722e+00 1.402581e+00 1.452654e+00 2.468058e+00 1.285421e+00 1.514810e+00 1.664573e+00 1.754633e+00 1.817078e+00 1.883825e+00 1.931598e+00 1.969591e+00 2.007345e+00 2.027488e+00 2.035371e+00 2.035496e+00 2.032043e+00 2.029811e+00 2.056149e+00 2.069113e+00 2.103909e+00 2.135449e+00 2.170861e+00 2.204655e+00 2.233096e+00 2.256307e+00 2.278191e+00 2.307457e+00 2.324761e+00 2.338563e+00 2.341573e+00 1.768942e+00 1.767510e+00 1.751314e+00
-9.999000e+03 -9.999000e+03 -9.999000e+03 1.745454e+00 5.014737e-01 1.185091e+00 4.592572e-01 6.800212e-01 4.337175e-01 7.754602e-01 1.597215e+00 9.318121e-01 4.732792e-01 7.908349e-01 1.001776e+00 1.150734e+00 1.250582e+00 1.285221e+00 1.303189e+00 1.331700e+00 2.638732e+00 9.693478e-01 1.262367e+00 1.457722e+00 1.577282e+00 1.654517e+00 1.741284e+00 1.803068e+00 1.856038e+00 1.913592e+00 1.947472e+00 1.965812e+00 1.973096e+00 1.972938e+00 1.970518e+00 2.011679e+00 2.011741e+00 2.047307e+00 2.072957e+00 2.106821e+00 2.141611e+00 2.171044e+00 2.193743e+00 2.214656e+00 2.252284e+00 2.270547e+00 2.292198e+00 2.293751e+00 1.477848e+00 1.481831e+00 1.477545e+00 1.462100e+00
-9.999000e+03 -9.999000e+03 -9.999000e+03 1.744353e+00 1.229077e+00 6.457705e-01 4.218941e-01 3.942130e-01 5.851322e-01 6.077070e-01 1.076452e+00 8.108606e-01 4.506817e-01 7.428520e-01 9.480987e-01 1.097330e+00 1.160782e+00 1.182446e+00 1.192507e+00 2.766749e+00 5.461256e-01 9.289606e-01 1.181938e+00 1.332731e+00 1.423999e+00 1.535995e+00 1.608103e+00 1.674688e+00 1.760239e+00 1.811270e+00 1.841770e+00 1.858487e+00 1.865186e+00 1.866700e+00 1.940332e+00 1.929463e+00 1.978190e+00 1.999620e+00 2.031098e+00 2.066204e+00 2.099645e+00 2.124678e+00 2.146018e+00 2.198932e+00 2.212696e+00 2.237058e+00 2.228573e+00 1.098859e+00 1.103053e+00 1.102549e+00 1.096682e+00 9.043485e+00
-9.999000e+03 -9.999000e+03 4.585935e+00 5.724042e-02 6.266805e-01 5.872706e-01 3.627545e-01 3.397737e-01 3.583403e-01 3.284342e-01 7.498726e-01 6.736460e-01 4.127100e-01 6.884934e-01 8.939542e-01 9.739305e-01 1.007934e+00 1.022231e+00 1.684111e+00 1.155521e+00 5.119069e-01 8.484133e-01 1.039431e+00 1.135268e+00 1.278293e+00 1.359595e+00 1.435826e+00 1.553596e+00 1.624947e+00 1.670773e+00 1.698677e+00 1.711790e+00 1.715053e+00 1.839267e+00 1.805331e+00 1.878608e+00 1.900447e+00 1.937178e+00 1.971319e+00 2.004706e+00 2.033126e+00 2.057854e+00 2.140224e+00 2.148248e+00 2.175883e+00 2.146663e+00 6.148320e-01 6.192344e-01 6.198958e-01 6.172154e-01 9.515327e+00 2.283472e+00
-9.999000e+03 -9.999000e+03 2.909857e+00 6.433392e-01 4.191919e-01 3.670383e-01 3.155668e-01 3.643708e-01 5.352402e-01 4.062936e-01 3.384270e-01 5.288208e-01 3.747281e-01 6.454134e-01 7.297195e-01 7.601050e-01 7.748449e-01 7.923332e-01 7.887456e-01 1.021419e+00 4.620894e-01 7.136692e-01 8.035337e-01 9.825225e-01 1.065028e+00 1.146903e+00 1.303843e+00 1.390804e+00 1.451470e+00 1.493248e+00 1.515592e+00 1.520054e+00 1.720143e+00 1.640883e+00 1.748011e+00 1.758779e+00 1.807567e+00 1.851285e+00 1.883881e+00 1.908468e+00 1.933803e+00 2.063028e+00 2.060727e+00 2.097453e+00 2.041685e+00 2.053096e+00 2.163458e+00 2.244333e+00 7.930607e+00 9.908778e+00 2.214380e+00 2.210826e+00
-9.999000e+03 1.737750e+00 4.884229e+00 8.989597e-01 4.037977e-01 2.701596e-01 3.777040e-01 3.766854e-01 -9.999000e+03 -9.999000e+03 -9.999000e+03 3.350113e-01 3.560056e-01 4.187533e-01 4.426067e-01 4.439056e-01 4.544317e-01 4.718254e-01 4.537438e-01 3.808404e-01 3.612492e-01 4.286244e-01 6.669188e-01 7.387435e-01 8.120774e-01 1.019118e+00 1.112458e+00 1.177439e+00 1.228127e+00 1.260723e+00 1.272073e+00 1.593404e+00 1.440550e+00 1.602161e+00 1.581932e+00 1.635844e+00 1.691002e+00 1.731073e+00 1.752141e+00 1.771314e+00 1.966046e+00 1.935127e+00 1.982470e+00 1.894336e+00 1.901859e+00 2.175575e+00 4.071869e+00 5.890912e+00 2.286000e+00 2.105261e+00 2.103706e+00 2.104408e+00
-9.999000e+03 4.639070e+00 9.524946e-01 4.023861e-01 3.526391e-01 3.591303e-01 -9.999000e+03 -9.999000e+03 -9.999000e+03 -9.999000e+03 -9.999000e+03 -9.999000e+03 3.724628e-01 4.072591e-01 6.633542e-01 8.219560e-01 4.438488e-01 7.389969e-01 9.000558e-01 8.681771e-01 3.303937e-01 3.371573e-01 3.914234e-01 4.429076e-01 7.149358e-01 7.973220e-01 8.515733e-01 8.978579e-01 9.321168e-01 9.479488e-01 1.457318e+00 1.197957e+00 1.450489e+00 1.372841e+00 1.425865e+00 1.485909e+00 1.533112e+00 1.554022e+00 1.566134e+00 1.856430e+00 1.768206e+00 1.821158e+00 1.689355e+00 1.695770e+00 2.086809e+00 1.898912e+00 1.916167e+00 2.228156e+00 1.945131e+00 1.946223e+00 1.944067e+00 2.256065e+00
1.745544e+00 1.158702e+00 5.839418e-01 3.561166e-01 2.566992e-01 4.068621e-01 -9.999000e+03 -9.999000e+03 -9.999000e+03 -9.999000e+03 -9.999000e+03 -9.999000e+03 -9.999000e+03 -9.999000e+03 -9.999000e+03 4.494584e-01 9.525175e-01 4.648490e-01 4.497563e-01 4.252503e-01 1.141687e+00 -9.999000e+03 -9.999000e+03 3.912804e-01 4.440891e-01 4.713898e-01 4.979554e-01 5.216948e-01 5.328536e-01 1.310082e+00 8.912982e-01 1.296739e+00 1.122725e+00 1.169492e+00 1.227906e+00 1.277269e+00 1.300801e+00 1.307892e+00 1.736805e+00 1.552687e+00 1.606817e+00 1.414516e+00 1.421922e+00 1.969707e+00 1.682619e+00 1.693892e+00 2.158837e+00 1.721460e+00 1.727423e+00 1.724579e+00 2.179528e+00 1.921889e+00
1.742547e+00 3.446662e-01 3.296554e-01 3.287661e-01 4.112423e-01 -9.999000e+03 -9.999000e+03 -9.999000e+03 -9.999000e+03 -9.999000e+03 -9.999000e+03 -9.999000e+03 -9.999000e+03 -9.999000e+03 -9.999000e+03 -9.999000e+03 -9.999000e+03 -9.999000e+03 -9.999000e+03 -9.999000e+03 -9.999000e+03 -9.999000e+03 -9.999000e+03 3.768221e-01 4.319619e-01 4.501986e-01 7.619532e-01 9.959244e-01 1.162248e+00 5.002616e-01 1.141962e+00 8.217188e-01 8.556899e-01 9.055619e-01 9.502086e-01 9.711118e-01 9.792561e-01 1.613423e+00 1.282637e+00 1.328857e+00 1.055326e+00 1.063585e+00 1.814601e+00 1.405665e+00 1.408804e+00 2.082571e+00 1.426814e+00 1.433484e+00 1.434685e+00 2.085939e+00 1.683849e+00 2.171517e+00
-9.999000e+03 4.216990e-01 4.071612e-01 4.492779e-01 -9.999000e+03 -9.999000e+03 -9.999000e+03 -9.999000e+03 -9.999000e+03 -9.999000e+03 -9.999000e+03 -9.999000e+03 -9.999000e+03 -9.999000e+03 -9.999000e+03 -9.999000e+03 -9.999000e+03 -9.999000e+03 -9.999000e+03 -9.999000e+03 -9.999000e+03 -9.999000e+03 -9.999000e+03 -9.999000e+03 -9.999000e+03 -9.999000e+03 4.717838e-01 4.914256e-01 8.167461e-01 9.919498e-01 4.566838e-01 4.756200e-01 5.045208e-01 5.364693e-01 5.499598e-01 5.531308e-01 1.479724e+00 9.535154e-01 9.820792e-01 5.927110e-01 6.006667e-01 1.609512e+00 1.051610e+00 1.052362e+00 2.006162e+00 1.057747e+00 1.060760e+00 1.062089e+00 1.973382e+00 1.393832e+00 2.104304e+00 1.104156e+00
-9.999000e+03 -9.999000e+03 -9.999000e+03 -9.999000e+03 -9.999000e+03 -9.999000e+03 -9.999000e+03 -9.999000e+03 -9.999000e+03 -9.999000e+03 -9.999000e+03 -9.999000e+03 -9.999000e+03 -9.999000e+03 -9.999000e+03 -9.999000e+03 -9.999000e+03 -9.999000e+03 -9.999000e+03 -9.999000e+03 -9.999000e+03 -9.999000e+03 -9.999000e+03 -9.999000e+03 -9.999000e+03 -9.999000e+03 -9.999000e+03 -9.999000e+03 4.806664e-01 7.544665e-01 4.341648e-01 4.532739e-01 4.891961e-01 8.615686e-01 1.139209e+00 1.325615e+00 5.376290e-01 5.541216e-01 5.688455e-01 1.005130e+00 1.343296e+00 5.936860e-01 5.960273e-01 1.923622e+00 5.978701e-01 5.981824e-01 5.970329e-01 1.830249e+00 1.037799e+00 2.067198e+00 6.093923e-01 6.287273e-01
-9.999000e+03 -9.999000e+03 -9.999000e+03 -9.999000e+03 -9.999000e+03 -9.999000e+03 -9.999000e+03 -9.999000e+03 -9.999000e+03 -9.999000e+03 -9.999000e+03 -9.999000e+03 -9.999000e+03 -9.999000e+03 -9.999000e+03 -9.999000e+03 -9.999000e+03 -9.999000e+03 -9.999000e+03 -9.999000e+03 -9.999000e+03 -9.999000e+03 -9.999000e+03 -9.999000e+03 -9.999000e+03 -9.999000e+03 -9.999000e+03 -9.999000e+03 -9.999000e+03 4.455346e-01 9.158892e-01 7.470787e-01 8.017114e-01 5.369088e-01 5.429882e-01 5.274887e-01 5.285001e-01 5.481181e-01 9.596548e-01 1.274704e+00 1.513368e+00 1.689005e+00 1.819416e+00 5.941021e-01 1.047108e+00 1.392074e+00 1.645552e+00 5.849442e-01 2.047600e+00 5.979577e-01 1.064910e+00 1.443008e+00
-9.999000e+03 -9.999000e+03 -9.999000e+03 -9.999000e+03 -9.999000e+03 -9.999000e+03 -9.999000e+03 -9.999000e+03 -9.999000e+03 -9.999000e+03 -9.999000e+03 -9.999000e+03 -9.999000e+03 -9.999000e+03 -9.999000e+03 -9.999000e+03 -9.999000e+03 -9.999000e+03 -9.999000e+03 -9.999000e+03 -9.999000e+03 -9.999000e+03 -9.999000e+03 -9.999000e+03 -9.999000e+03 -9.999000e+03 -9.999000e+03 -9.999000e+03 -9.999000e+03 -9.999000e+03 7.685313e-01 -9.999000e+03 -9.999000e+03 -9.999000e+03 -9.999000e+03 -9.999000e+03 -9.999000e+03 -9.999000e+03 5.613538e-01 9.779327e-01 1.285958e+00 1.504952e+00 1.663201e+00 1.786775e+00 1.885357e+00 1.962327e+00 2.014669e+00 2.033864e+00 5.788560e-01 1.033398e+00 1.396201e+00 1.684231e+00
-9.999000e+03 -9.999000e+03 -9.999000e+03 -9.999000e+03 -9.999000e+03 -9.999000e+03 -9.999000e+03 -9.999000e+03 -9.999000e+03 -9.999000e+03 -9.999000e+03 -9.999000e+03 -9.999000e+03 -9.999000e+03 -9.999000e+03 -9.999000e+03 -9.999000e+03 -9.999000e+03 -9.999000e+03 -9.999000e+03 -9.999000e+03 -9.999000e+03 -9.999000e+03 -9.999000e+03 -9.999000e+03 -9.999000e+03 -9.999000e+03 -9.999000e+03 -9.999000e+03 -9.999000e+03 -9.999000e+03 -9.999000e+03 -9.999000e+03 -9.999000e+03 -9.999000e+03 -9.999000e+03 -9.999000e+03 -9.999000e+03 -9.999000e+03 -9.999000e+03 -9.999000e+03 5.626026e-01 5.684695e-01 5.838402e-01 1.028828e+00 1.365218e+00 1.606668e+00 1.757765e+00 1.855023e+00 1.938752e+00 2.016036e+00 2.083266e+00
-9.999000e+03 -9.999000e+03 -9.999000e+03 -9.999000e+03 -9.999000e+03 -9.999000e+03 -9.999000e+03 -9.999000e+03 -9.999000e+03 -9.999000e+03 -9.999000e+03 -9.999000e+03 -9.999000e+03 -9.999000e+03 -9.999000e+03 -9.999000e+03 -9.999000e+03 -9.999000e+03 -9.999000e+03 -9.999000e+03 -9.999000e+03 -9.999000e+03 -9.999000e+03 -9.999000e+03 -9.999000e+03 -9.999000e+03 -9.999000e+03 -9.999000e+03 -9.999000e+03 -9.999000e+03 -9.999000e+03 -9.999000e+03 -9.999000e+03 -9.999000e+03 -9.999000e+03 -9.999000e+03 -9.999000e+03 -9.999000e+03 -9.999000e+03 -9.999000e+03 -9.999000e+03 -9.999000e+03 -9.999000e+03 -9.999000e+03 5.939756e-01 5.903857e-01 1.026470e+00 1.337941e+00 5.794065e-01 1.037666e+00 1.395902e+00 1.654262e+00
-9.999000e+03 -9.999000e+03 -9.999000e+03 -9.999000e+03 -9.999000e+03 -9.999000e+03 -9.999000e+03 -9.999000e+03 -9.999000e+03 -9.999000e+03 -9.999000e+03 -9.999000e+03 -9.999000e+03 -9.999000e+03 -9.999000e+03 -9.999000e+03 -9.999000e+03 -9.999000e+03 -9.999000e+03 -9.999000e+03 -9.999000e+03 -9.999000e+03 -9.999000e+03 -9.999000e+03 -9.999000e+03 -9.999000e+03 -9.999000e+03 -9.999000e+03 -9.999000e+03 -9.999000e+03 -9.999000e+03 -9.999000e+03 -9.999000e+03 -9.999000e+03 -9.999000e+03 -9.999000e+03 -9.999000e+03 -9.999000e+03 -9.999000e+03 -9.999000e+03 -9.999000e+03 -9.999000e+03 -9.999000e+03 -9.999000e+03 -9.999000e+03 -9.999000e+03 -9.999000e+03 -9.999000e+03 -9.999000e+03 -9.999000e+03 6.028064e-01 1.035437e+00
-9.999000e+03 -9.999000e+03 -9.999000e+03 -9.999000e+03 -9.999000e+03 -9.999000e+03 -9.999000e+03 -9.999000e+03 -9.999000e+03 -9.999000e+03 -9.999000e+03 -9.999000e+03 -9.999000e+03 -9.999000e+03 -9.999000e+03 -9.999000e+03 -9.999000e+03 -9.999000e+03 -9.999000e+03 -9.999000e+03 -9.999000e+03 -9.999000e+03 -9.999000e+03 -9.999000e+03 -9.999000e+03 -9.999000e+03 -9.999000e+03 -9.999000e+03 -9.999000e+03 -9.999000e+03 -9.999000e+03 -9.999000e+03 -9.999000e+03 -9.999000e+03 -9.999000e+03 -9.999000e+03 -9.999000e+03 -9.999000e+03 -9.999000e+03 -9.999000e+03 -9.999000e+03 -9.999000e+03 -9.999000e+03 -9.999000e+03 -9.999000e+03 -9.999000e+03 -9.999000e+03 -9.999000e+03 -9.999000e+03 -9.999000e+03 -9.999000e+03 5.710972e-01
-9.999000e+03 -9.999000e+03 -9.999000e+03 -9.999000e+03 -9.999000e+03 -9.999000e+03 -9.999000e+03 -9.999000e+03 -9.999000e+03 -9.999000e+03 -9.999000e+03 -9.999000e+03 -9.999000e+03 -9.999000e+03 -9.999000e+03 -9.999000e+03 -9.999000e+03 -9.999000e+03 -9.999000e+03 -9.999000e+03 -9.999000e+03 -9.999000e+03 -9.999000e+03 -9.999000e+03 -9.999000e+03 -9.999000e+03 -9.999000e+03 -9.999000e+03 -9.999000e+03 -9.999000e+03 -9.999000e+03 -9.999000e+03 -9.999000e+03 -9.999000e+03 -9.999000e+03 -9.999000e+03 -9.999000e+03 -9.999000e+03 -9.999000e+03 -9.999000e+03 -9.999000e+03 -9.999000e+03 -9.999000e+03 -9.999000e+03 -9.999000e+03 -9.999000e+03 -9.999000e+03 -9.999000e+03 -9.999000e+03 -9.999000e+03 -9.999000e+03 -9.999000e+03
-9.999000e+03 -9.999000e+03 -9.999000e+03 -9.999000e+03 -9.999000e+03 -9.999000e+03 -9.999000e+03 -9.999000e+03 -9.999000e+03 -9.999000e+03 -9.999000e+03 -9.999000e+03 -9.999000e+03 -9.999000e+03 -9.999000e+03 -9.999000e+03 -9.999000e+03 -9.999000e+03 -9.999000e+03 -9.999000e+03 -9.999000e+03 -9.999000e+03 -9.999000e+03 -9.999000e+03 -9.999000e+03 -9.999000e+03 -9.999000e+03 -9.999000e+03 -9.999000e+03 -9.999000e+03 -9.999000e+03 -9.999000e+03 -9.999000e+03 -9.999000e+03 -9.999000e+03 -9.999000e+03 -9.999000e+03 -9.999000e+03 -9.999000e+03 -9.999000e+03 -9.999000e+03 -9.999000e+03 -9.999000e+03 -9.999000e+03 -9.999000e+03 -9.999000e+03 -9.999000e+03 -9.999000e+03 -9.999000e+03 -9.999000e+03 -9.999000e+03 -9.999000e+03
