tests/data/reference/test_rill/cvsur_m3.asc
ncols	123
nrows	77
xllcorner	-713746.79929998
yllcorner	-1061022.36961616
cellsize	10.0
NODATA_value	-9999
[rows 23 to 45 of 77, columns 0 to 51 of 123]
-9.999000e+03 -9.999000e+03 -9.999000e+03 -9.999000e+03 -9.999000e+03 -9.999000e+03 -9.999000e+03 -9.999000e+03 -9.999000e+03 -9.999000e+03 -9.999000e+03 -9.999000e+03 -9.999000e+03 -9.999000e+03 4.670883e-01 1.325634e+00 2.875512e+00 1.050430e+01 4.892737e-01 2.926823e-01 1.297685e-01 2.274857e+00 2.086177e-01 4.827766e+00 6.642688e+00 2.564529e+00 5.222711e+00 5.272710e+00 1.791826e+00 5.267711e+00 6.092784e-01 1.085160e+00 1.457963e+00 2.225812e+00 8.575763e+00 2.380129e+00 4.396306e+00 6.259092e-01 5.094204e+00 2.474921e+00 2.500170e+00 2.516595e+00 2.535643e+00 2.530369e+00 2.522294e+00 2.480969e+00 2.472949e+00 2.503796e+00 2.362908e+00 1.876526e+00 1.564579e+00 6.466737e-01
-9.999000e+03 -9.999000e+03 -9.999000e+03 -9.999000e+03 -9.999000e+03 -9.999000e+03 -9.999000e+03 -9.999000e+03 -9.999000e+03 -9.999000e+03 -9.999000e+03 -9.999000e+03 -9.999000e+03 -9.999000e+03 1.352589e+01 1.382896e+01 1.380906e+01 8.780380e-01 4.807206e-01 5.607054e-01 2.041037e+00 4.151701e+00 6.323551e-01 7.413442e-01 4.777220e+00 8.996019e+00 4.941126e+00 4.996618e+00 2.083675e+00 6.646165e-01 4.496461e+00 1.082882e+00 1.455180e+00 1.741318e+00 1.046701e+01 2.391347e+00 3.820947e+00 6.285063e-01 5.542399e+00 2.509053e+00 2.532762e+00 2.554593e+00 2.578315e+00 2.582088e+00 2.575806e+00 2.546774e+00 2.535794e+00 2.550435e+00 2.479300e+00 2.131667e+00 6.475885e-01 1.897095e+00
-9.999000e+03 -9.999000e+03 -9.999000e+03 -9.999000e+03 -9.999000e+03 -9.999000e+03 -9.999000e+03 -9.999000e+03 -9.999000e+03 -9.999000e+03 -9.999000e+03 -9.999000e+03 -9.999000e+03 -9.999000e+03 2.727424e-01 7.823545e-01 5.172600e-01 5.138749e-01 5.077326e-01 1.539646e-01 2.463293e+00 2.371486e+00 4.345390e+00 1.121051e+00 1.204600e+00 4.704025e+00 1.355741e+01 4.675833e+00 2.313348e+00 6.694244e-01 1.199256e+00 4.087108e+00 1.553877e+00 1.729666e+00 1.942893e+00 1.243105e+01 6.196296e-01 3.262258e+00 1.120116e+00 7.799243e+00 2.551907e+00 2.577082e+00 2.604794e+00 2.614921e+00 2.611656e+00 2.592629e+00 2.583827e+00 2.594991e+00 2.568527e+00 2.333278e+00 1.169791e+00 6.570161e-01
-9.999000e+03 -9.999000e+03 -9.999000e+03 -9.999000e+03 -9.999000e+03 -9.999000e+03 -9.999000e+03 -9.999000e+03 -9.999000e+03 -9.999000e+03 -9.999000e+03 -9.999000e+03 5.526905e-01 4.997965e-01 2.852486e+00 8.770019e-01 5.201575e-01 3.495426e-01 1.301405e-01 2.256186e+00 1.819035e+00 4.333875e+00 2.616926e+00 4.488398e+00 1.504083e+00 1.579089e+00 1.778742e+01 4.303217e+00 2.480642e+00 1.195255e+00 6.645107e-01 1.626836e+00 3.632341e+00 1.909187e+00 2.056991e+00 2.085437e+00 1.193114e+01 1.107011e+00 2.785972e+00 1.505913e+00 1.002107e+01 2.587165e+00 2.616519e+00 2.631212e+00 2.633037e+00 2.624675e+00 2.622894e+00 2.637506e+00 2.639304e+00 2.492683e+00 1.597634e+00 6.608436e-01
-9.999000e+03 -9.999000e+03 -9.999000e+03 -9.999000e+03 -9.999000e+03 -9.999000e+03 -9.999000e+03 -9.999000e+03 -9.999000e+03 -9.999000e+03 -9.999000e+03 -9.999000e+03 -9.999000e+03 5.452233e-01 7.999379e-01 7.581583e-01 4.051105e-01 1.127490e-01 2.210263e+00 1.813184e+00 1.871298e+00 1.936374e+00 6.165732e+00 8.570759e+00 1.274551e+01 1.384807e+01 1.494456e+01 1.719724e+01 3.875767e+00 2.586694e+00 1.606735e+00 1.184411e+00 1.951120e+00 3.170482e+00 2.171793e+00 2.312697e+00 2.358402e+00 1.169254e+01 1.491478e+00 2.540304e+00 1.112467e+01 2.586660e+00 2.614670e+00 2.633321e+00 2.643665e+00 2.649281e+00 2.659396e+00 2.680756e+00 2.699256e+00 2.619268e+00 1.948293e+00 1.195199e+00
-9.999000e+03 -9.999000e+03 -9.999000e+03 -9.999000e+03 -9.999000e+03 -9.999000e+03 -9.999000e+03 -9.999000e+03 -9.999000e+03 -9.999000e+03 -9.999000e+03 -9.999000e+03 -9.999000e+03 -9.999000e+03 -9.999000e+03 4.630474e-01 6.189478e-02 1.747878e+00 3.494171e+00 3.717911e+00 3.844626e+00 3.848334e+00 3.750898e+00 3.574891e+00 3.341674e+00 3.075052e+00 2.793386e+00 1.714274e+01 3.356543e+01 3.428146e+00 2.639124e+00 1.908118e+00 1.569206e+00 2.172627e+00 2.832498e+00 2.379357e+00 2.513740e+00 2.563720e+00 1.136477e+01 1.912096e+00 1.318450e+01 2.579921e+00 2.607245e+00 2.630959e+00 2.652170e+00 2.673469e+00 2.697227e+00 2.725329e+00 2.752436e+00 2.719886e+00 2.232872e+00 1.630837e+00
-9.999000e+03 -9.999000e+03 -9.999000e+03 -9.999000e+03 -9.999000e+03 -9.999000e+03 -9.999000e+03 -9.999000e+03 -9.999000e+03 -9.999000e+03 -9.999000e+03 -9.999000e+03 -9.999000e+03 -9.999000e+03 -9.999000e+03 -9.999000e+03 1.064792e-01 1.916060e+00 2.214861e+00 2.412768e+00 2.498940e+00 2.490992e+00 2.420026e+00 2.321447e+00 2.228186e+00 2.172303e+00 2.161866e+00 2.172133e+00 2.184966e+00 3.487956e+01 3.735022e+01 3.894574e+01 2.103055e+00 1.841550e+00 2.320429e+00 2.754837e+00 5.080452e+00 7.466377e+00 2.704017e+00 1.095903e+01 2.248078e+00 1.561079e+01 2.605328e+00 2.636087e+00 2.668145e+00 2.703313e+00 2.738293e+00 2.770421e+00 2.800569e+00 2.799627e+00 2.459284e+00 1.981786e+00
-9.999000e+03 -9.999000e+03 -9.999000e+03 -9.999000e+03 -9.999000e+03 -9.999000e+03 -9.999000e+03 -9.999000e+03 -9.999000e+03 -9.999000e+03 -9.999000e+03 -9.999000e+03 -9.999000e+03 -9.999000e+03 -9.999000e+03 -9.999000e+03 1.748082e+00 1.283437e+00 1.406805e+00 1.538452e+00 1.648980e+00 1.551840e+01 1.472499e+01 1.386989e+01 1.296220e+01 1.200864e+01 1.100537e+01 9.942303e+00 8.826350e+00 7.671866e+00 6.475284e+00 5.227436e+00 4.282705e+01 4.347489e+01 4.377761e+01 4.451425e+01 4.289122e+01 4.123241e+01 4.701627e+01 4.831795e+01 5.800276e+01 5.899483e+01 1.788008e+01 2.821206e+00 2.868154e+00 2.725009e+00 2.770800e+00 2.806881e+00 2.839458e+00 2.858871e+00 2.630019e+00 2.253167e+00
-9.999000e+03 -9.999000e+03 -9.999000e+03 -9.999000e+03 -9.999000e+03 -9.999000e+03 -9.999000e+03 -9.999000e+03 -9.999000e+03 -9.999000e+03 -9.999000e+03 -9.999000e+03 -9.999000e+03 -9.999000e+03 -9.999000e+03 1.748086e+00 1.250101e+00 1.330206e+00 1.240277e+01 1.347830e+01 1.458166e+01 1.877808e+00 3.661291e+00 5.382225e+00 5.156550e+00 8.620208e+00 1.018375e+01 1.169748e+01 1.115572e+01 1.055945e+01 9.906829e+00 9.188618e+00 8.395546e+00 7.512852e+00 6.557119e+00 5.562204e+00 2.393450e+01 2.435162e+01 2.507696e+01 2.634741e+01 2.762260e+01 2.885988e+01 8.663347e+01 1.032719e+02 1.048418e+02 2.996725e+00 5.599279e+00 2.819463e+00 2.861029e+00 2.893989e+00 2.743162e+00 2.443928e+00
-9.999000e+03 -9.999000e+03 -9.999000e+03 -9.999000e+03 -9.999000e+03 -9.999000e+03 -9.999000e+03 -9.999000e+03 -9.999000e+03 -9.999000e+03 -9.999000e+03 -9.999000e+03 -9.999000e+03 -9.999000e+03 1.747726e+00 3.493619e+00 1.081370e+01 1.187434e+01 1.590086e+00 1.714921e+00 1.770978e+00 1.819880e+00 1.864884e+00 2.004862e+00 3.780756e+00 1.961214e+00 1.987687e+00 1.864834e+00 1.915666e+00 2.131137e+00 2.292021e+00 9.255873e+00 1.098241e+01 1.262965e+01 1.418039e+01 1.939345e+01 1.456256e+00 1.778125e+00 2.333277e+00 2.355382e+00 2.350129e+00 2.387759e+00 4.953268e+00 7.296509e+00 9.565828e+00 1.131797e+02 1.149247e+02 1.192586e+02 2.987429e+00 5.847224e+00 2.781110e+00 2.542451e+00
-9.999000e+03 -9.999000e+03 -9.999000e+03 -9.999000e+03 -9.999000e+03 -9.999000e+03 -9.999000e+03 -9.999000e+03 -9.999000e+03 -9.999000e+03 -9.999000e+03 -9.999000e+03 -9.999000e+03 -9.999000e+03 1.747996e+00 8.048377e+00 1.793214e+00 1.581114e+00 2.055662e+00 1.594244e+00 1.645547e+00 1.689911e+00 1.875287e+00 1.753970e+00 1.772704e+00 1.794591e+00 1.817270e+00 1.864911e+00 3.661487e+00 5.413252e+00 7.099733e+00 1.993296e+00 2.039980e+00 2.049839e+00 5.793961e+00 1.041951e+00 1.405037e+00 2.097884e+00 2.084971e+00 2.045905e+00 2.080781e+00 2.423761e+00 2.319394e+00 2.357928e+00 2.506397e+00 4.927436e+00 7.034180e+00 9.132309e+00 1.292573e+02 1.310037e+02 1.355877e+02 2.883799e+00
-9.999000e+03 -9.999000e+03 -9.999000e+03 -9.999000e+03 -9.999000e+03 -9.999000e+03 -9.999000e+03 -9.999000e+03 -9.999000e+03 -9.999000e+03 -9.999000e+03 -9.999000e+03 -9.999000e+03 3.493088e+00 7.614833e+00 1.942343e+00 1.543227e+00 2.791222e+00 1.521046e+00 1.600920e+00 1.662307e+00 1.696754e+00 1.722572e+00 1.731342e+00 1.763512e+00 1.775405e+00 1.806482e+00 1.858042e+00 1.918909e+00 1.953922e+00 1.899226e+00 1.993585e+00 2.014791e+00 6.103213e+00 5.988156e-01 1.063277e+00 2.014982e+00 1.963250e+00 1.872995e+00 1.892837e+00 2.133804e+00 1.960442e+00 1.997474e+00 2.176953e+00 2.216497e+00 2.007386e+00 2.099504e+00 2.105949e+00 2.103747e+00 4.119187e+00 5.955832e+00 1.403159e+02
-9.999000e+03 -9.999000e+03 -9.999000e+03 -9.999000e+03 -9.999000e+03 -9.999000e+03 -9.999000e+03 -9.999000e+03 -9.999000e+03 -9.999000e+03 -9.999000e+03 -9.999000e+03 1.747636e+00 5.234292e+00 2.125235e+00 1.511626e+00 3.657364e+00 1.384582e+00 1.509897e+00 1.612588e+00 1.662050e+00 1.693855e+00 1.688578e+00 1.738111e+00 1.737233e+00 1.759325e+00 1.793371e+00 1.843118e+00 1.854702e+00 1.747713e+00 1.905627e+00 1.944862e+00 4.915381e+00 1.408624e+00 6.023337e-01 1.900200e+00 1.801143e+00 1.654026e+00 1.660789e+00 2.001883e+00 1.703553e+00 1.731524e+00 1.763655e+00 1.802775e+00 1.542533e+00 1.659431e+00 1.668949e+00 1.680762e+00 1.755745e+00 1.736846e+00 2.876262e+00 4.657018e+00
-9.999000e+03 -9.999000e+03 -9.999000e+03 -9.999000e+03 -9.999000e+03 -9.999000e+03 -9.999000e+03 -9.999000e+03 -9.999000e+03 -9.999000e+03 -9.999000e+03 -9.999000e+03 3.491788e+00 2.318889e+00 1.534684e+00 4.565733e+00 1.182393e+00 1.361705e+00 1.522652e+00 1.599133e+00 1.649967e+00 1.632511e+00 1.730454e+00 1.703128e+00 1.719781e+00 1.743469e+00 1.778108e+00 1.738627e+00 1.544900e+00 1.785201e+00 1.856900e+00 4.443745e+00 6.056315e-01 1.051623e+00 1.757448e+00 1.590362e+00 1.374413e+00 1.370250e+00 1.857072e+00 1.389713e+00 1.408916e+00 1.436328e+00 1.475257e+00 1.133196e+00 1.133739e+00 1.139887e+00 1.148694e+00 1.249436e+00 1.249441e+00 2.696002e+00 1.696413e+00 1.667373e+00
-9.999000e+03 -9.999000e+03 -9.999000e+03 -9.999000e+03 -9.999000e+03 -9.999000e+03 -9.999000e+03 -9.999000e+03 -9.999000e+03 -9.999000e+03 -9.999000e+03 1.746956e+00 2.558689e+00 1.653955e+00 5.481748e+00 9.008738e-01 1.150177e+00 1.392119e+00 1.502779e+00 1.575435e+00 1.534704e+00 1.737940e+00 1.664420e+00 1.681392e+00 1.702420e+00 1.731115e+00 1.607993e+00 1.291045e+00 1.643720e+00 1.769062e+00 1.616956e+00 2.878857e+00 5.899649e-01 1.585555e+00 1.323872e+00 1.025076e+00 1.015160e+00 1.702167e+00 1.015554e+00 1.023688e+00 1.040470e+00 1.075104e+00 6.314592e-01 6.300663e-01 6.316959e-01 6.360446e-01 6.394364e-01 6.421096e-01 2.439042e+00 1.218848e+00 1.205761e+00 1.202513e+00
-9.999000e+03 -9.999000e+03 -9.999000e+03 -9.999000e+03 -9.999000e+03 -9.999000e+03 -9.999000e+03 -9.999000e+03 -9.999000e+03 -9.999000e+03 1.746620e+00 3.488949e+00 1.874289e+00 6.401616e+00 5.139220e-01 8.633907e-01 1.223380e+00 1.382663e+00 1.478578e+00 1.378029e+00 1.777931e+00 1.605604e+00 1.630964e+00 1.658416e+00 1.690445e+00 1.450816e+00 9.733609e-01 1.473977e+00 1.685249e+00 1.443195e+00 1.419525e+00 1.394814e+00 1.382880e+00 9.839509e-01 5.838764e-01 5.734677e-01 1.527842e+00 5.673732e-01 5.686835e-01 5.723541e-01 5.894546e-01 6.154870e-01 1.102791e+00 1.485484e+00 1.784792e+00 2.018514e+00 2.198572e+00 2.334463e+00 6.323092e-01 6.248539e-01 6.246498e-01 6.967924e-01
-9.999000e+03 -9.999000e+03 -9.999000e+03 -9.999000e+03 -9.999000e+03 -9.999000e+03 -9.999000e+03 -9.999000e+03 -9.999000e+03 -9.999000e+03 1.745971e+00 2.153970e+00 6.523951e+00 8.036889e-01 4.883735e-01 1.020737e+00 1.252400e+00 1.378568e+00 1.159458e+00 1.881521e+00 1.529843e+00 1.565894e+00 1.605497e+00 1.648250e+00 1.237529e+00 5.588097e-01 1.253375e+00 1.583967e+00 1.230614e+00 1.204775e+00 1.173942e+00 1.152963e+00 5.495552e-01 5.731669e-01 1.004008e+00 1.309370e+00 5.549909e-01 9.518018e-01 1.239308e+00 1.453091e+00 5.861149e-01 6.133199e-01 1.096914e+00 1.473298e+00 1.763314e+00 1.985191e+00 2.153630e+00 2.280702e+00 2.371897e+00 2.428678e+00 2.461294e+00 2.484441e+00
-9.999000e+03 -9.999000e+03 -9.999000e+03 -9.999000e+03 -9.999000e+03 -9.999000e+03 -9.999000e+03 -9.999000e+03 -9.999000e+03 1.746049e+00 2.494388e+00 6.462554e+00 9.618050e-01 4.795131e-01 7.858908e-01 1.125378e+00 1.298980e+00 8.706320e-01 2.049266e+00 1.447391e+00 1.490945e+00 1.543824e+00 1.600726e+00 9.484625e-01 5.538607e-01 9.557390e-01 1.442667e+00 9.416084e-01 9.281238e-01 8.993211e-01 8.756821e-01 5.328676e-01 9.296910e-01 1.243592e+00 1.485752e+00 1.655697e+00 1.762996e+00 1.820132e+00 5.671988e-01 5.841961e-01 1.647694e+00 1.061917e+00 1.440001e+00 1.727787e+00 1.939483e+00 2.091008e+00 2.199551e+00 2.281428e+00 2.344209e+00 2.390689e+00 2.423652e+00 2.445749e+00
-9.999000e+03 -9.999000e+03 -9.999000e+03 -9.999000e+03 -9.999000e+03 -9.999000e+03 -9.999000e+03 -9.999000e+03 -9.999000e+03 1.746862e+00 6.126078e+00 1.201349e+00 7.694012e-01 4.730352e-01 9.875702e-01 1.251969e+00 4.986517e-01 2.253055e+00 1.379970e+00 1.418839e+00 1.478178e+00 1.546538e+00 5.490060e-01 5.556150e-01 9.587639e-01 1.242254e+00 5.452505e-01 5.421801e-01 5.316441e-01 5.108308e-01 5.121446e-01 8.964721e-01 1.197462e+00 1.438746e+00 1.628030e+00 1.767672e+00 1.862896e+00 5.737559e-01 1.867304e+00 1.020505e+00 1.051410e+00 1.823555e+00 1.971710e+00 2.083536e+00 2.161089e+00 2.213286e+00 2.249921e+00 2.280757e+00 2.310402e+00 2.340285e+00 3.120019e+01 3.184097e+01
-9.999000e+03 -9.999000e+03 -9.999000e+03 -9.999000e+03 -9.999000e+03 -9.999000e+03 -9.999000e+03 -9.999000e+03 3.490690e+00 2.540160e+00 4.337762e+00 1.154812e+00 4.674972e-01 7.829517e-01 1.212640e+00 1.284157e+00 2.461116e+00 1.347306e+00 1.371694e+00 1.424695e+00 1.492324e+00 9.302462e-01 1.216863e+00 1.428751e+00 1.576447e+00 7.963949e+00 8.915150e+00 8.203024e+00 7.409349e+00 6.521877e+00 5.569390e+00 4.593671e+00 3.614198e+00 2.663361e+00 1.894558e+00 1.894217e+00 1.953338e+00 3.738677e+00 4.161990e+00 5.801419e+00 6.529833e+00 7.228560e+00 6.816629e+00 6.345229e+00 5.823301e+00 5.264249e+00 4.674808e+00 4.062562e+00 3.447196e+00 3.049045e+01 2.285246e+00 2.274032e+00
-9.999000e+03 -9.999000e+03 -9.999000e+03 -9.999000e+03 -9.999000e+03 -9.999000e+03 -9.999000e+03 1.746548e+00 3.489039e+00 4.178977e+00 8.331748e-01 1.030013e+00 4.738995e-01 1.141682e+00 1.250224e+00 1.334264e+00 1.352424e+00 1.364765e+00 1.403284e+00 1.446768e+00 5.395053e-01 5.448023e-01 9.424436e-01 5.964981e+00 6.941172e+00 1.587381e+00 1.247102e+00 1.443044e+00 1.563254e+00 1.614989e+00 1.635285e+00 1.664355e+00 1.714257e+00 1.783012e+00 1.858507e+00 1.926440e+00 1.977473e+00 2.006598e+00 2.024190e+00 2.045724e+00 2.072371e+00 2.098093e+00 2.119419e+00 2.134314e+00 2.145745e+00 2.159626e+00 2.173179e+00 2.179176e+00 2.866825e+01 2.319311e+00 2.301924e+00 2.282581e+00
-9.999000e+03 -9.999000e+03 -9.999000e+03 -9.999000e+03 -9.999000e+03 -9.999000e+03 -9.999000e+03 1.745738e+00 5.147831e-01 4.310191e+00 4.951477e-01 8.116899e-01 1.021320e+00 1.180631e+00 1.326563e+00 1.359109e+00 1.382957e+00 1.427302e+00 1.418656e+00 1.470772e+00 2.844523e+00 4.153902e+00 5.418431e+00 1.444198e+00 1.449567e+00 9.609910e-01 5.588638e-01 9.643626e-01 1.251976e+00 1.439367e+00 1.562699e+00 1.658742e+00 1.741062e+00 1.814340e+00 1.877928e+00 1.928133e+00 1.954483e+01 2.035032e+01 2.115988e+01 2.198071e+01 2.281331e+01 2.365380e+01 2.450173e+01 2.304299e+01 2.155441e+01 2.003558e+01 2.727671e+01 2.810449e+01 2.367327e+00 2.344877e+00 2.318502e+00 2.290186e+00
-9.999000e+03 -9.999000e+03 -9.999000e+03 -9.999000e+03 -9.999000e+03 -9.999000e+03 -9.999000e+03 7.727640e-02 3.790314e+00 1.137164e+00 4.779178e-01 8.089526e-01 1.053625e+00 1.292788e+00 1.347934e+00 1.386538e+00 1.478198e+00 1.400296e+00 1.431705e+00 1.468747e+00 1.521059e+00 1.581498e+00 1.242137e+00 1.244594e+00 5.526764e-01 5.616803e-01 9.749076e-01 1.273333e+00 1.480483e+00 1.613794e+00 1.697352e+00 1.756269e+00 1.802633e+00 1.707828e+01 1.795970e+01 1.882534e+01 2.060195e+00 2.104630e+00 2.147916e+00 2.191888e+00 2.235600e+00 2.276763e+00 2.315412e+00 4.545287e+00 6.704565e+00 8.792624e+00 2.415750e+00 2.409647e+00 2.393122e+00 2.366053e+00 2.333622e+00 2.303021e+00
