tests/data/reference/test_rill/cvsur_m3.asc
ncols	123
nrows	77
xllcorner	-713746.79929998
yllcorner	-1061022.36961616
cellsize	10.0
NODATA_value	-9999
[rows 46 to 68 of 77, columns 52 to 103 of 123]
2.295157e+00 2.162696e+00 2.114860e+00 2.070711e+00 2.049979e+00 1.382830e+00 1.388227e+00 1.391408e+00 1.398743e+00 2.040938e+00 1.658214e+00 1.088790e+01 2.162466e+00 1.724054e+00 1.461737e+00 1.459648e+00 2.071832e+00 1.487802e+00 1.521489e+00 1.547790e+00 1.563430e+00 1.581918e+00 1.601186e+00 1.606049e+00 2.601215e+00 2.025075e-01 2.005930e-01 7.051928e-01 1.274784e+00 1.741499e+00 2.109432e+00 4.653326e+00 3.265245e+02 2.719492e+00 2.849332e+00 2.638591e+00 3.226521e+01 2.557961e+00 2.489349e+00 2.404162e+00 2.388759e+00 2.238601e+00 1.976367e+00 1.751337e+00 1.464249e+00 1.094262e+00 6.180623e-01 2.009721e+00 2.145089e+00 2.132007e+00 2.123257e+00 2.140924e+00
2.153026e+00 2.104318e+00 2.046317e+00 2.007991e+00 1.028772e+00 1.033893e+00 1.035055e+00 1.042040e+00 1.957685e+00 1.380793e+00 1.192986e+01 2.110618e+00 1.429204e+00 1.080329e+00 1.075798e+00 1.895394e+00 1.080045e+00 1.103605e+00 1.127063e+00 1.137297e+00 1.146192e+00 1.163528e+00 1.179144e+00 2.520455e+00 6.550747e-01 5.387311e-01 4.736505e-01 9.687909e-01 1.456139e+00 1.888735e+00 2.254145e+00 2.545972e+00 7.081580e+00 3.330874e+02 2.907118e+00 2.588078e+00 3.437326e+01 2.567975e+00 2.513851e+00 2.485042e+00 2.375724e+00 2.180534e+00 2.004378e+00 1.779495e+00 1.488775e+00 1.112755e+00 6.277851e-01 2.132775e+00 2.194162e+00 2.184243e+00 2.190702e+00 2.216221e+00
2.069248e+00 2.014836e+00 1.959735e+00 5.798464e-01 5.860101e-01 5.850270e-01 5.863457e-01 1.855710e+00 1.030378e+00 1.296283e+01 2.084610e+00 1.062558e+00 6.092401e-01 6.058758e-01 1.691489e+00 6.022283e-01 6.083318e-01 6.216695e-01 6.288757e-01 6.306540e-01 6.366948e-01 6.466811e-01 2.423932e+00 1.174509e+00 1.607900e+00 1.243901e+00 6.672180e+00 1.089668e+01 1.087620e+01 1.077359e+01 1.059415e+01 1.033534e+01 9.978548e+00 6.142988e-01 3.328487e+02 2.698823e+00 3.634125e+01 2.578700e+00 2.562345e+00 2.488055e+00 2.345865e+00 2.207340e+00 2.033255e+00 1.807972e+00 1.514092e+00 1.130742e+00 6.353799e-01 2.237627e+00 2.251455e+00 2.242652e+00 2.258564e+00 2.287763e+00
1.929427e+00 1.881636e+00 5.705288e-01 9.992108e-01 1.322962e+00 1.560639e+00 1.729285e+00 5.809416e-01 1.397745e+01 2.086896e+00 5.975047e-01 6.048075e-01 1.069806e+00 1.424418e+00 6.023926e-01 1.061753e+00 1.418991e+00 1.702412e+00 1.924990e+00 2.094353e+00 2.222887e+00 2.323923e+00 6.434979e-01 6.577335e-01 3.199725e+00 5.575549e+00 4.135428e+00 2.612899e+00 3.031232e+00 3.366624e+00 3.629039e+00 3.819620e+00 3.929241e+00 9.521752e+00 3.305818e+02 2.746010e+00 3.797396e+01 2.597488e+00 2.564077e+00 2.471949e+00 2.368534e+00 2.234407e+00 2.062271e+00 1.836137e+00 1.537267e+00 1.144940e+00 6.412333e-01 2.331454e+00 2.318578e+00 2.308275e+00 2.324646e+00 2.349184e+00
1.723097e+00 7.854489e+00 7.136905e+00 6.350686e+00 5.505913e+00 4.613704e+00 3.689997e+00 1.497020e+01 2.114263e+00 5.897405e-01 1.041530e+00 1.392172e+00 1.660779e+00 1.859093e+00 2.001070e+00 2.100566e+00 2.172551e+00 2.231535e+00 2.283298e+00 2.328505e+00 2.367574e+00 2.400269e+00 2.434305e+00 2.480297e+00 2.673728e+00 4.179570e+00 2.234448e+00 6.585833e-01 1.284076e+00 1.815310e+00 2.266613e+00 2.643642e+00 2.940425e+00 6.874550e+00 8.973532e+00 3.303263e+02 4.008724e+01 2.589295e+00 2.549212e+00 2.485412e+00 2.389587e+00 2.260766e+00 2.090236e+00 6.422604e-01 1.862719e+00 2.162816e+00 6.460904e-01 2.418555e+00 2.392896e+00 2.379061e+00 2.388738e+00 2.401731e+00
8.492807e+00 2.327236e+00 4.507358e+00 4.887995e+00 6.880682e+00 1.052167e+01 1.224291e+01 2.159074e+00 2.104609e+00 2.098772e+00 2.101460e+00 2.112349e+00 2.129428e+00 2.148869e+00 2.169181e+00 2.191349e+00 4.272327e+00 4.124137e+00 3.940777e+00 3.728871e+00 3.493325e+00 3.240158e+00 2.994916e+00 2.794022e+00 2.430639e+00 1.749251e+00 6.554015e-01 1.188057e+00 1.627781e+00 2.122861e+00 2.542494e+00 2.893122e+00 3.170913e+00 3.362079e+00 6.770673e+00 3.364630e+02 4.208086e+01 2.750013e+00 2.551974e+00 2.497285e+00 2.409287e+00 2.285117e+00 1.150743e+00 6.424421e-01 2.117731e+00 3.076568e+00 6.496366e-01 2.501200e+00 2.469861e+00 2.451369e+00 2.451968e+00 2.450916e+00
2.320778e+00 2.313962e+00 6.012577e-01 2.314631e+00 4.109838e+00 2.293998e+00 2.200883e+00 2.110926e+00 2.171586e+00 2.160859e+00 2.161305e+00 2.165173e+00 2.168863e+00 2.171714e+00 2.174930e+00 2.181751e+00 6.121077e-01 1.098922e+00 1.492257e+00 1.808659e+00 2.050458e+00 2.210375e+00 2.307627e+00 2.372386e+00 6.355983e-01 2.384769e+00 2.775634e+00 3.104722e+00 3.356609e+00 3.541071e+00 3.847630e+00 4.079968e+00 4.239779e+00 4.323593e+00 3.472020e+00 3.402353e+02 4.103245e+01 5.379051e+00 2.556948e+00 2.507886e+00 2.424781e+00 1.550230e+00 6.395805e-01 1.150350e+00 2.313541e+00 3.254031e+00 1.169118e+00 2.579192e+00 2.546493e+00 2.523013e+00 2.514064e+00 2.500219e+00
2.278335e+00 2.286278e+00 2.321788e+00 4.354893e+00 2.345009e+00 2.219642e+00 2.093069e+00 2.189923e+00 2.223234e+00 4.282624e+00 4.112873e+00 3.886411e+00 3.612162e+00 3.304606e+00 2.985873e+00 2.687651e+00 2.454962e+00 2.329760e+00 2.309379e+00 2.352590e+00 2.412992e+00 2.448365e+00 4.766611e+00 5.202696e+00 4.996347e+00 6.744982e+00 6.418654e+00 6.119883e+00 5.819056e+00 5.519681e+00 5.222217e+00 5.203780e+00 5.149024e+00 5.062510e+00 4.341781e+00 3.407215e+02 4.040945e+01 7.923943e+00 2.746236e+00 2.514971e+00 1.855376e+00 6.286672e-01 1.137289e+00 1.552624e+00 2.460489e+00 3.356075e+00 1.588436e+00 2.650801e+00 2.620712e+00 2.592882e+00 2.574204e+00 2.551695e+00
2.214693e+00 2.354764e+00 4.520988e+00 2.376058e+00 2.207551e+00 2.035354e+00 2.192235e+00 2.244093e+00 2.169826e+00 2.269606e+00 2.291189e+00 2.308333e+00 2.314209e+00 2.302713e+00 2.278595e+00 2.253014e+00 2.238432e+00 2.246534e+00 2.280626e+00 2.337720e+00 2.398016e+00 2.427834e+00 6.031012e-01 6.251735e-01 1.130264e+00 2.879419e+00 3.453633e+00 4.091073e+00 4.619329e+00 5.038959e+00 5.115748e+00 5.089460e+00 5.217946e+00 5.274000e+00 1.018125e+01 3.420638e+02 3.978578e+01 1.038663e+01 2.757852e+00 2.234338e+00 1.123681e+00 6.301616e-01 1.532053e+00 1.872189e+00 2.569775e+00 3.395636e+00 1.925524e+00 2.713675e+00 2.688945e+00 2.659089e+00 2.632558e+00 2.605397e+00
2.313120e+00 2.232562e+00 2.368678e+00 2.148922e+00 1.927969e+00 2.164225e+00 2.260419e+00 2.116515e+00 2.251884e+00 6.137240e-01 4.708495e+00 6.725173e+00 6.462273e+00 1.041332e+01 1.230986e+01 1.176676e+01 1.115744e+01 1.049254e+01 9.779259e+00 9.023142e+00 8.216253e+00 7.338617e+00 6.407338e+00 5.456084e+00 4.496646e+00 2.898153e+00 1.941996e+00 1.854230e+00 2.024533e+00 2.262882e+00 2.499636e+00 2.700767e+00 2.859906e+00 3.164828e+00 3.403512e+00 9.947580e+00 3.790764e+02 1.292572e+01 2.549777e+00 1.637710e+00 6.405605e-01 1.136607e+00 1.853625e+00 2.129847e+00 2.653218e+00 3.385300e+00 2.193552e+00 2.765631e+00 2.747431e+00 2.719409e+00 2.689410e+00 2.660036e+00
2.101892e+00 2.318658e+00 2.016371e+00 1.752520e+00 2.093679e+00 2.259470e+00 2.027172e+00 2.238155e+00 2.143970e+00 4.185039e+00 2.195681e+00 2.215572e+00 4.319537e+00 2.361391e+00 2.300455e+00 4.480348e+00 4.350239e+00 4.167223e+00 3.945290e+00 3.697886e+00 3.432380e+00 3.156436e+00 2.907090e+00 2.731932e+00 1.978303e+00 1.214247e+00 1.142002e+00 1.401171e+00 1.781701e+00 2.118893e+00 2.399272e+00 2.625838e+00 2.804369e+00 2.941357e+00 3.220373e+00 6.727907e+00 3.859426e+02 1.536358e+01 1.382765e+00 7.243460e-01 1.256135e+00 1.555414e+00 2.118368e+00 2.337890e+00 2.718473e+00 3.336538e+00 2.403867e+00 2.806737e+00 2.793748e+00 2.769646e+00 2.739978e+00 2.709669e+00
2.248725e+00 1.797954e+00 1.483181e+00 1.964291e+00 2.233654e+00 1.884221e+00 2.216463e+00 2.033911e+00 2.058800e+00 2.076653e+00 2.090694e+00 2.108639e+00 2.328087e+00 2.230771e+00 2.238653e+00 2.367463e+00 4.564080e+00 6.697578e+00 8.881561e+00 8.579353e+00 8.210907e+00 7.776478e+00 7.286531e+00 6.755891e+00 5.747687e+00 4.303554e+00 3.421327e+00 2.601589e+00 1.966447e+00 2.095365e+00 2.361857e+00 2.582961e+00 2.762958e+00 2.905164e+00 3.195999e+00 3.420752e+00 1.012344e+01 3.986914e+02 1.036108e+00 1.350825e+00 1.794563e+00 1.907827e+00 2.338077e+00 2.505508e+00 2.770838e+00 3.261465e+00 2.566387e+00 2.838590e+00 2.826506e+00 2.804573e+00 2.776606e+00 2.745493e+00
1.498783e+00 1.110398e+00 1.758360e+00 2.171867e+00 1.677073e+00 2.189685e+00 1.874595e+00 1.898112e+00 1.915670e+00 1.925859e+00 1.935514e+00 2.270124e+00 2.108360e+00 2.123913e+00 2.320668e+00 2.245396e+00 2.274420e+00 2.413725e+00 2.407678e+00 4.745180e+00 4.678092e+00 4.553909e+00 4.383601e+00 4.179159e+00 3.250294e+00 2.223543e+00 1.797638e+00 1.554097e+00 1.771268e+00 2.076111e+00 2.106031e+01 2.122208e+01 2.142306e+01 2.679315e+01 2.874010e+01 2.917179e+01 2.959289e+01 4.351198e+02 1.260643e+00 1.197292e+00 2.261466e+00 2.346645e+00 2.518143e+00 2.638338e+00 2.813613e+00 3.173419e+00 2.687273e+00 2.861338e+00 2.846480e+00 2.824486e+00 2.799019e+00 2.766722e+00
6.311474e-01 1.480282e+00 2.070473e+00 1.394574e+00 2.159579e+00 1.661530e+00 1.682777e+00 1.697552e+00 1.707083e+00 1.712695e+00 2.208187e+00 1.930181e+00 1.952997e+00 2.259667e+00 2.114400e+00 2.137960e+00 2.337786e+00 2.289947e+00 2.335783e+00 2.388699e+00 4.576583e+00 5.218900e+00 5.802538e+00 7.831645e+00 7.546327e+00 7.544703e+00 7.325734e+00 8.480685e+00 1.358199e+01 1.887371e+01 1.979805e+00 3.482474e+00 5.137392e+00 1.687272e+00 1.702324e+00 3.586467e+00 5.623645e+00 6.295288e+00 4.392814e+02 8.720745e-01 1.937179e+00 2.714867e+00 2.836357e+00 2.739614e+00 2.847712e+00 3.086690e+00 2.770978e+00 2.874115e+00 2.855213e+00 2.832652e+00 2.811266e+00 3.042236e+01
1.117133e+00 1.933155e+00 1.034126e+00 2.123618e+00 1.380987e+00 1.404695e+00 1.416838e+00 1.422453e+00 1.423935e+00 2.150312e+00 1.699942e+00 1.721979e+00 2.186035e+00 1.937136e+00 1.957590e+00 2.251774e+00 2.138219e+00 2.179043e+00 2.227601e+00 2.124774e+00 6.516350e-01 6.519138e-01 1.923905e+00 6.653213e-01 5.682293e-01 1.016936e+00 1.448026e+00 5.206163e+00 5.257548e+00 1.623585e+00 1.198083e+00 1.210068e+00 1.222605e+00 1.233033e+00 1.245368e+00 1.261768e+00 1.268675e+00 1.844638e+00 2.286809e+00 4.388059e+02 1.409813e+00 2.999973e+00 3.087638e+00 2.807560e+00 2.870787e+00 3.014000e+00 2.824617e+00 2.879162e+00 2.856149e+00 2.831254e+00 2.812006e+00 3.419851e+01
1.734331e+00 5.882380e-01 2.080444e+00 1.019904e+00 1.043734e+00 1.057096e+00 1.062497e+00 1.059080e+00 2.100152e+00 1.405438e+00 1.426555e+00 2.112140e+00 1.702294e+00 1.719541e+00 2.157721e+00 1.944317e+00 1.980653e+00 2.024189e+00 1.862718e+00 6.500976e-01 1.169306e+00 1.583945e+00 6.526904e-01 1.185962e+00 2.935240e+00 3.547741e+00 4.354632e+00 5.177216e+00 1.190350e+00 6.603972e-01 6.630939e-01 6.680929e-01 6.737132e-01 6.790247e-01 6.860186e-01 6.948286e-01 3.134188e+00 4.139884e+00 4.714736e+00 4.957130e+00 4.412796e+02 2.367950e+00 3.249688e+00 3.022765e+00 2.877325e+00 2.960061e+00 2.855580e+00 2.879847e+00 2.854128e+00 2.823387e+00 3.663952e+01 2.792513e+00
1.897319e+00 2.020681e+00 5.712887e-01 5.842039e-01 5.939170e-01 5.999033e-01 5.994959e-01 2.069089e+00 1.036365e+00 1.050489e+00 2.049689e+00 1.406548e+00 1.416971e+00 2.063921e+00 1.696605e+00 1.729086e+00 1.767842e+00 1.535769e+00 6.483174e-01 1.168304e+00 1.587356e+00 1.917861e+00 2.179501e+00 2.392611e+00 4.141728e+00 4.448685e+00 4.978973e+00 6.606032e-01 6.579866e-01 1.186424e+00 1.616070e+00 1.965495e+00 2.250596e+00 2.484912e+00 2.679776e+00 2.845430e+00 6.942311e-01 6.966265e-01 1.262363e+00 1.812579e+00 2.204888e+00 4.409957e+02 2.532643e+00 3.161422e+00 2.863833e+00 2.919150e+00 2.866846e+00 2.873437e+00 2.846616e+00 3.908858e+01 2.770207e+00 1.548894e+01
2.132359e+00 2.147543e+00 2.130703e+00 2.101174e+00 2.073387e+00 2.058964e+00 2.057563e+00 5.835497e-01 5.849645e-01 2.008125e+00 1.039247e+00 1.045854e+00 1.990420e+00 1.391370e+00 1.417458e+00 1.449502e+00 1.128325e+00 6.456146e-01 1.163871e+00 1.584488e+00 1.922136e+00 2.184815e+00 2.387214e+00 2.546143e+00 4.295195e+00 4.550795e+00 4.910839e+00 4.975058e+00 4.955307e+00 4.870680e+00 4.731635e+00 4.545889e+00 4.324197e+00 4.079979e+00 3.829120e+00 3.592666e+00 3.398358e+00 3.279679e+00 6.531170e+00 7.450510e+00 7.957074e+00 8.093089e+00 4.358646e+02 5.526426e+00 3.030140e+00 5.648669e+00 6.404244e-01 2.853797e+00 4.155882e+01 2.736449e+00 1.727215e+01 1.923088e+00
1.826555e+00 1.930271e+00 1.982170e+00 2.001269e+00 2.004128e+00 2.004414e+00 2.005242e+00 2.001234e+00 1.994948e+00 5.824483e-01 5.871946e-01 1.949181e+00 1.024652e+00 1.039714e+00 1.060948e+00 6.265143e-01 6.370737e-01 1.149722e+00 1.567702e+00 1.906114e+00 2.175291e+00 2.382317e+00 2.537874e+00 2.654125e+00 4.403118e+00 4.618856e+00 4.749832e+00 4.767039e+00 4.727591e+00 4.639069e+00 4.507631e+00 4.337406e+00 4.135384e+00 3.912090e+00 3.683492e+00 3.471378e+00 3.300466e+00 3.196209e+00 6.875435e-01 6.856111e-01 1.232453e+00 1.753058e+00 9.866506e+00 4.310159e+02 8.358940e+00 6.323418e+00 2.826760e+00 4.118608e+01 2.698896e+00 1.713161e+01 1.931625e+00 1.599129e+00
1.339458e+00 1.559438e+00 1.716551e+00 1.825337e+00 1.897449e+00 1.941423e+00 1.963460e+00 1.967723e+00 1.960252e+00 1.948120e+00 1.938131e+00 5.759243e-01 5.820710e-01 5.897133e-01 6.035864e-01 1.085358e+00 1.480094e+00 1.806787e+00 2.074821e+00 2.289630e+00 2.456868e+00 2.581594e+00 5.173505e+00 5.725514e+00 7.474348e+00 7.469958e+00 7.679310e+00 7.918656e+00 7.982630e+00 7.728047e+00 7.380916e+00 6.963129e+00 6.490489e+00 5.976742e+00 5.437247e+00 4.889082e+00 4.349071e+00 3.841586e+00 3.417384e+00 3.187720e+00 3.160772e+00 3.380261e+00 3.544081e+00 1.331594e+01 4.344237e+02 9.074166e+00 4.082528e+01 2.667724e+00 1.692036e+01 5.717708e+00 4.280346e+00 4.771938e+00
5.575194e-01 9.791564e-01 1.303335e+00 1.550181e+00 1.730736e+00 1.850065e+00 1.919495e+00 1.953788e+00 1.960856e+00 1.942735e+00 1.911404e+00 1.884869e+00 1.876718e+00 1.894708e+00 1.943042e+00 2.021469e+00 2.122686e+00 2.238108e+00 2.355765e+00 2.463737e+00 2.554382e+00 2.623011e+00 6.455347e-01 6.540470e-01 2.403303e+00 3.000065e+00 3.494516e+00 3.717071e+00 3.865315e+00 3.948862e+00 3.971691e+00 3.936360e+00 3.848914e+00 3.718293e+00 3.558400e+00 3.388152e+00 3.231807e+00 3.114383e+00 3.050981e+00 3.041227e+00 3.069015e+00 3.112709e+00 3.348336e+00 3.518704e+00 1.662316e+01 4.394786e+02 4.334978e+01 1.663094e+01 5.258107e+00 6.532001e-01 6.597745e-01 1.190590e+00
-9.999000e+03 -9.999000e+03 -9.999000e+03 -9.999000e+03 -9.999000e+03 -9.999000e+03 -9.999000e+03 5.799814e-01 5.743773e-01 5.579725e-01 5.503362e-01 5.571642e-01 9.792300e-01 1.314714e+00 1.587426e+00 1.812508e+00 2.002540e+00 2.167988e+00 2.310120e+00 2.426060e+00 2.514785e+00 2.575367e+00 2.618590e+00 2.659046e+00 2.004624e+00 1.926151e+00 1.935001e+00 2.051024e+00 2.255999e+00 2.478876e+00 2.675464e+00 2.828738e+00 2.934765e+00 2.994402e+00 3.013008e+00 2.999346e+00 2.970132e+00 2.944509e+00 2.934284e+00 2.946967e+00 2.983564e+00 3.038475e+00 3.096657e+00 3.333186e+00 3.488065e+00 4.541399e+02 5.979591e+01 5.157127e+00 1.180815e+00 1.193833e+00 1.628238e+00 6.653018e-01
-9.999000e+03 -9.999000e+03 -9.999000e+03 -9.999000e+03 -9.999000e+03 -9.999000e+03 -9.999000e+03 -9.999000e+03 -9.999000e+03 -9.999000e+03 9.624228e-01 9.596077e-01 5.754880e-01 5.981039e-01 1.067742e+00 1.438808e+00 1.735740e+00 1.979028e+00 2.174764e+00 2.323647e+00 2.430502e+00 2.500661e+00 2.550123e+00 2.597304e+00 1.951090e+00 1.880609e+00 1.899060e+00 2.025913e+00 2.238761e+00 2.469449e+00 2.676241e+00 2.841150e+00 2.958216e+00 3.025491e+00 3.046733e+00 3.029721e+00 2.989626e+00 2.945155e+00 2.912083e+00 2.903718e+00 2.925004e+00 2.973148e+00 3.035645e+00 3.093493e+00 3.317194e+00 3.445845e+00 5.093230e+02 6.242053e+00 1.630079e+00 1.990301e+00 -9.999000e+03 -9.999000e+03
