tests/data/reference/test_rill/mqsur_m3_s.asc
ncols	123
nrows	77
xllcorner	-713746.79929998
yllcorner	-1061022.36961616
cellsize	10.0
NODATA_value	-9999
[rows 46 to 68 of 77, columns 0 to 51 of 123]
-9.999000e+03 -9.999000e+03 -9.999000e+03 -9.999000e+03 -9.999000e+03 -9.999000e+03 8.102249e-03 3.957756e-03 3.032564e-03 3.144747e-03 2.488252e-03 3.260005e-03 3.502594e-03 3.541728e-03 3.543986e-03 3.518474e-03 3.526067e-03 3.546185e-03 3.663534e-03 3.958329e-03 4.229865e-03 4.228944e-03 4.269854e-03 4.218165e-03 4.416996e-03 4.608470e-03 4.693793e-03 4.600565e-03 4.537798e-03 4.563532e-03 4.585048e-03 1.578812e-02 1.616526e-02 4.783788e-03 4.964454e-03 5.168322e-03 5.390554e-03 5.609182e-03 5.793708e-03 5.950405e-03 6.053355e-03 6.096183e-03 6.127146e-03 6.173988e-03 6.159135e-03 6.051874e-03 5.931931e-03 5.806477e-03 5.623440e-03 5.369430e-03 5.191770e-03 5.171454e-03
-9.999000e+03 -9.999000e+03 -9.999000e+03 -9.999000e+03 -9.999000e+03 -9.999000e+03 2.702467e-03 2.949639e-03 3.142022e-03 3.283573e-03 2.680512e-03 3.505695e-03 3.645521e-03 3.725259e-03 3.754214e-03 3.676769e-03 3.539631e-03 3.440928e-03 3.523541e-03 3.821097e-03 3.121032e-03 3.216356e-03 3.263995e-03 3.260010e-03 4.314019e-03 4.647280e-03 4.732300e-03 1.327370e-02 1.415009e-02 1.489993e-02 1.553493e-02 4.736904e-03 4.794230e-03 4.932742e-03 5.096529e-03 5.252461e-03 5.418909e-03 5.605076e-03 5.777609e-03 5.937550e-03 6.074890e-03 6.183225e-03 6.265468e-03 6.325403e-03 6.325216e-03 6.235695e-03 6.113075e-03 5.990198e-03 5.841783e-03 5.631690e-03 5.418094e-03 5.282096e-03
-9.999000e+03 -9.999000e+03 -9.999000e+03 -9.999000e+03 -9.999000e+03 7.942026e-03 2.807446e-03 4.022267e-03 2.579451e-03 2.621436e-03 3.230956e-03 3.409369e-03 3.572998e-03 3.713257e-03 3.765953e-03 3.736501e-03 3.618731e-03 3.488584e-03 3.544556e-03 3.819973e-03 5.433183e-03 6.944171e-03 8.336357e-03 9.818634e-03 1.078253e-02 1.186530e-02 1.292771e-02 4.754391e-03 4.750515e-03 4.827472e-03 4.857018e-03 4.839937e-03 4.894177e-03 4.995235e-03 5.100798e-03 5.203451e-03 5.335169e-03 5.523786e-03 5.709599e-03 5.868686e-03 6.014370e-03 6.143419e-03 6.248810e-03 6.333979e-03 6.375097e-03 6.343367e-03 6.250994e-03 6.117644e-03 5.981994e-03 5.836025e-03 5.656921e-03 5.468356e-03
-9.999000e+03 -9.999000e+03 -9.999000e+03 -9.999000e+03 1.563502e-02 7.575942e-04 3.181910e-03 3.909409e-03 2.449535e-03 2.358010e-03 2.926093e-03 3.117112e-03 3.415565e-03 3.465048e-03 3.648712e-03 3.718078e-03 3.692787e-03 3.575756e-03 3.627435e-03 3.886995e-03 4.147404e-03 4.367169e-03 4.594330e-03 4.806224e-03 4.928383e-03 4.957793e-03 4.967196e-03 4.963819e-03 4.955504e-03 4.968212e-03 4.969143e-03 4.942273e-03 4.941368e-03 4.970731e-03 5.020791e-03 5.087108e-03 5.203137e-03 5.402732e-03 5.605750e-03 5.773567e-03 5.913225e-03 6.023476e-03 6.120987e-03 6.221703e-03 6.305950e-03 6.346477e-03 6.313064e-03 6.190295e-03 6.064299e-03 5.985413e-03 5.865335e-03 5.663155e-03
-9.999000e+03 -9.999000e+03 -9.999000e+03 -9.999000e+03 8.225102e-03 2.995627e-03 3.083238e-03 3.019055e-03 2.667376e-03 2.190851e-03 2.738511e-03 3.763395e-03 2.559711e-03 3.323731e-03 3.571344e-03 3.712329e-03 3.723160e-03 3.602098e-03 3.653410e-03 3.914929e-03 4.212313e-03 4.512437e-03 4.761105e-03 5.033357e-03 5.173562e-03 5.199029e-03 5.227819e-03 5.267858e-03 5.260812e-03 5.225526e-03 5.210850e-03 5.191701e-03 5.163241e-03 5.137285e-03 5.126415e-03 5.136751e-03 5.193803e-03 5.332113e-03 5.508070e-03 5.688936e-03 5.823674e-03 5.890107e-03 5.951630e-03 6.043467e-03 6.147284e-03 6.239691e-03 6.267202e-03 6.194066e-03 6.113080e-03 6.088167e-03 6.008756e-03 5.808483e-03
-9.999000e+03 -9.999000e+03 -9.999000e+03 7.988467e-03 6.656385e-04 3.103968e-03 2.293961e-03 2.498538e-03 2.077004e-03 2.464339e-03 3.052902e-03 2.717717e-03 2.419333e-03 3.165101e-03 3.488511e-03 3.670128e-03 3.702946e-03 3.606789e-03 3.647863e-03 3.891976e-03 4.393490e-03 4.452631e-03 4.883780e-03 5.158091e-03 5.333672e-03 5.407885e-03 5.474020e-03 5.545305e-03 5.554138e-03 5.502378e-03 5.464198e-03 5.441109e-03 5.414116e-03 5.374103e-03 5.326492e-03 5.292213e-03 5.282913e-03 5.324189e-03 5.447417e-03 5.636086e-03 5.761423e-03 5.773904e-03 5.787816e-03 5.850194e-03 5.946958e-03 6.064886e-03 6.143817e-03 6.143888e-03 6.062806e-03 6.070695e-03 6.006774e-03 5.835313e-03
-9.999000e+03 -9.999000e+03 -9.999000e+03 7.824763e-03 2.698599e-03 2.379104e-03 1.981412e-03 1.769145e-03 2.028456e-03 2.111868e-03 2.507503e-03 2.433755e-03 2.219491e-03 2.944422e-03 3.340791e-03 3.539441e-03 3.606778e-03 3.565969e-03 3.555259e-03 5.192877e-03 3.144776e-03 4.237392e-03 4.656970e-03 4.964604e-03 5.208387e-03 5.365151e-03 5.480003e-03 5.571270e-03 5.591237e-03 5.532334e-03 5.468567e-03 5.429840e-03 5.419038e-03 5.424858e-03 5.426342e-03 5.428603e-03 5.414208e-03 5.386932e-03 5.453760e-03 5.635127e-03 5.754734e-03 5.744020e-03 5.723648e-03 5.734030e-03 5.785340e-03 5.885753e-03 5.988658e-03 5.630039e-03 5.650825e-03 5.636680e-03 5.573727e-03 1.284809e-02
-9.999000e+03 -9.999000e+03 7.352659e-03 2.733070e-04 2.212685e-03 2.144828e-03 1.546588e-03 1.395802e-03 1.516874e-03 1.324875e-03 1.850217e-03 2.008954e-03 1.909219e-03 2.673308e-03 3.117497e-03 3.317119e-03 3.437344e-03 3.463738e-03 4.167326e-03 3.233903e-03 2.788365e-03 3.689454e-03 4.123486e-03 4.494345e-03 4.829009e-03 5.081799e-03 5.252667e-03 5.373091e-03 5.415980e-03 5.363602e-03 5.284047e-03 5.233008e-03 5.252061e-03 5.333447e-03 5.420387e-03 5.494116e-03 5.517224e-03 5.470222e-03 5.483615e-03 5.634453e-03 5.759190e-03 5.770643e-03 5.736947e-03 5.694983e-03 5.695411e-03 5.769800e-03 3.941109e-03 3.995458e-03 4.003654e-03 3.970489e-03 1.465758e-02 5.844892e-03
-9.999000e+03 -9.999000e+03 1.893884e-03 2.109970e-03 1.959986e-03 1.575773e-03 1.247064e-03 1.557559e-03 1.625176e-03 7.805973e-04 1.387261e-03 1.680344e-03 1.629036e-03 2.409174e-03 2.789073e-03 2.924144e-03 3.053742e-03 3.155559e-03 3.013726e-03 3.034862e-03 2.318922e-03 2.985653e-03 3.447162e-03 3.857736e-03 4.230351e-03 4.572489e-03 4.840703e-03 5.033258e-03 5.139401e-03 5.139398e-03 5.078786e-03 5.014130e-03 5.037963e-03 5.154644e-03 5.285143e-03 5.397694e-03 5.455669e-03 5.439231e-03 5.456128e-03 5.579013e-03 5.702066e-03 5.749569e-03 5.741340e-03 5.705010e-03 5.712344e-03 5.798453e-03 5.878232e-03 5.976003e-03 1.432641e-02 1.656165e-02 5.873709e-03 5.862798e-03
-9.999000e+03 6.895517e-03 5.198005e-03 2.497917e-03 1.840850e-03 9.938320e-04 1.649953e-03 1.642774e-03 -9.999000e+03 -9.999000e+03 -9.999000e+03 1.365740e-03 1.501305e-03 1.956523e-03 2.150873e-03 2.161813e-03 2.251852e-03 2.406125e-03 2.245892e-03 1.672184e-03 1.536414e-03 2.035457e-03 2.691277e-03 3.038266e-03 3.435018e-03 3.907312e-03 4.284903e-03 4.570641e-03 4.757327e-03 4.830141e-03 4.812271e-03 4.761863e-03 4.778898e-03 4.915924e-03 5.072330e-03 5.208464e-03 5.290202e-03 5.310235e-03 5.370413e-03 5.505313e-03 5.630679e-03 5.701636e-03 5.724336e-03 5.718157e-03 5.757181e-03 5.869026e-03 8.960720e-03 1.181256e-02 6.034308e-03 5.943082e-03 5.909867e-03 5.966189e-03
-9.999000e+03 1.486262e-02 2.118623e-03 1.830172e-03 1.479031e-03 1.522165e-03 -9.999000e+03 -9.999000e+03 -9.999000e+03 -9.999000e+03 -9.999000e+03 -9.999000e+03 1.613228e-03 1.867208e-03 2.305405e-03 2.433045e-03 2.161333e-03 2.730171e-03 2.620386e-03 1.852551e-03 1.336972e-03 1.379237e-03 1.748624e-03 2.153404e-03 2.814990e-03 3.273498e-03 3.653824e-03 3.976131e-03 4.193489e-03 4.295565e-03 4.469281e-03 4.432802e-03 4.503506e-03 4.685790e-03 4.881580e-03 5.047342e-03 5.139649e-03 5.155319e-03 5.244463e-03 5.441689e-03 5.606943e-03 5.682761e-03 5.703619e-03 5.707573e-03 5.767587e-03 5.899455e-03 6.011824e-03 6.068030e-03 6.059226e-03 5.981956e-03 5.990944e-03 6.123960e-03
8.001508e-03 1.904630e-03 2.061242e-03 1.502042e-03 9.247533e-04 1.864173e-03 -9.999000e+03 -9.999000e+03 -9.999000e+03 -9.999000e+03 -9.999000e+03 -9.999000e+03 -9.999000e+03 -9.999000e+03 -9.999000e+03 2.209002e-03 2.785704e-03 2.343418e-03 2.211553e-03 2.008241e-03 2.445973e-03 -9.999000e+03 -9.999000e+03 1.747576e-03 2.163361e-03 2.402176e-03 2.651027e-03 2.887475e-03 3.003244e-03 3.928131e-03 3.881059e-03 4.045987e-03 4.174061e-03 4.425864e-03 4.672708e-03 4.859270e-03 4.951610e-03 4.958354e-03 5.094169e-03 5.362146e-03 5.578188e-03 5.616407e-03 5.625804e-03 5.669824e-03 5.725519e-03 5.865772e-03 5.993431e-03 6.056469e-03 6.055670e-03 5.987552e-03 6.039236e-03 6.253540e-03
7.553225e-03 1.427102e-03 1.332406e-03 1.326920e-03 1.897847e-03 -9.999000e+03 -9.999000e+03 -9.999000e+03 -9.999000e+03 -9.999000e+03 -9.999000e+03 -9.999000e+03 -9.999000e+03 -9.999000e+03 -9.999000e+03 -9.999000e+03 -9.999000e+03 -9.999000e+03 -9.999000e+03 -9.999000e+03 -9.999000e+03 -9.999000e+03 -9.999000e+03 1.643736e-03 2.062619e-03 2.215344e-03 2.896381e-03 3.308457e-03 3.473154e-03 2.673412e-03 3.392296e-03 3.438586e-03 3.667567e-03 4.014230e-03 4.293237e-03 4.442208e-03 4.519500e-03 4.750321e-03 4.896188e-03 5.224676e-03 5.198737e-03 5.242755e-03 5.583183e-03 5.526203e-03 5.563984e-03 5.718019e-03 5.776211e-03 5.843666e-03 5.846200e-03 5.826475e-03 5.911689e-03 6.249438e-03
-9.999000e+03 1.979860e-03 1.866459e-03 2.207457e-03 -9.999000e+03 -9.999000e+03 -9.999000e+03 -9.999000e+03 -9.999000e+03 -9.999000e+03 -9.999000e+03 -9.999000e+03 -9.999000e+03 -9.999000e+03 -9.999000e+03 -9.999000e+03 -9.999000e+03 -9.999000e+03 -9.999000e+03 -9.999000e+03 -9.999000e+03 -9.999000e+03 -9.999000e+03 -9.999000e+03 -9.999000e+03 -9.999000e+03 2.405747e-03 2.588330e-03 3.158028e-03 2.906323e-03 2.271439e-03 2.440702e-03 2.715082e-03 3.041389e-03 3.186434e-03 3.221148e-03 4.373187e-03 4.324746e-03 4.547491e-03 3.673660e-03 3.768723e-03 5.436954e-03 5.136408e-03 5.125368e-03 5.463921e-03 5.185000e-03 5.225364e-03 5.255429e-03 5.605397e-03 5.517229e-03 5.718283e-03 5.766313e-03
-9.999000e+03 -9.999000e+03 -9.999000e+03 -9.999000e+03 -9.999000e+03 -9.999000e+03 -9.999000e+03 -9.999000e+03 -9.999000e+03 -9.999000e+03 -9.999000e+03 -9.999000e+03 -9.999000e+03 -9.999000e+03 -9.999000e+03 -9.999000e+03 -9.999000e+03 -9.999000e+03 -9.999000e+03 -9.999000e+03 -9.999000e+03 -9.999000e+03 -9.999000e+03 -9.999000e+03 -9.999000e+03 -9.999000e+03 -9.999000e+03 -9.999000e+03 2.487204e-03 2.666314e-03 2.080679e-03 2.241827e-03 2.567152e-03 3.631201e-03 4.008281e-03 3.974762e-03 3.053690e-03 3.232042e-03 3.396605e-03 4.721585e-03 5.162555e-03 3.685241e-03 3.713128e-03 5.334148e-03 3.735159e-03 3.738898e-03 3.725141e-03 5.363401e-03 5.022568e-03 5.368354e-03 3.874452e-03 4.113815e-03
-9.999000e+03 -9.999000e+03 -9.999000e+03 -9.999000e+03 -9.999000e+03 -9.999000e+03 -9.999000e+03 -9.999000e+03 -9.999000e+03 -9.999000e+03 -9.999000e+03 -9.999000e+03 -9.999000e+03 -9.999000e+03 -9.999000e+03 -9.999000e+03 -9.999000e+03 -9.999000e+03 -9.999000e+03 -9.999000e+03 -9.999000e+03 -9.999000e+03 -9.999000e+03 -9.999000e+03 -9.999000e+03 -9.999000e+03 -9.999000e+03 -9.999000e+03 -9.999000e+03 2.175585e-03 2.672605e-03 2.855516e-03 3.255997e-03 3.046046e-03 3.110943e-03 2.947215e-03 2.957725e-03 3.166381e-03 4.313471e-03 4.723796e-03 4.908224e-03 4.987533e-03 5.105547e-03 3.690188e-03 5.068895e-03 5.376637e-03 5.343819e-03 3.582134e-03 5.100913e-03 3.736207e-03 5.287617e-03 5.943542e-03
-9.999000e+03 -9.999000e+03 -9.999000e+03 -9.999000e+03 -9.999000e+03 -9.999000e+03 -9.999000e+03 -9.999000e+03 -9.999000e+03 -9.999000e+03 -9.999000e+03 -9.999000e+03 -9.999000e+03 -9.999000e+03 -9.999000e+03 -9.999000e+03 -9.999000e+03 -9.999000e+03 -9.999000e+03 -9.999000e+03 -9.999000e+03 -9.999000e+03 -9.999000e+03 -9.999000e+03 -9.999000e+03 -9.999000e+03 -9.999000e+03 -9.999000e+03 -9.999000e+03 -9.999000e+03 2.984330e-03 -9.999000e+03 -9.999000e+03 -9.999000e+03 -9.999000e+03 -9.999000e+03 -9.999000e+03 -9.999000e+03 3.312252e-03 4.432479e-03 4.678636e-03 4.675911e-03 4.776739e-03 5.036422e-03 5.235686e-03 5.305968e-03 5.217307e-03 4.952043e-03 3.511296e-03 5.017489e-03 5.609189e-03 5.875265e-03
-9.999000e+03 -9.999000e+03 -9.999000e+03 -9.999000e+03 -9.999000e+03 -9.999000e+03 -9.999000e+03 -9.999000e+03 -9.999000e+03 -9.999000e+03 -9.999000e+03 -9.999000e+03 -9.999000e+03 -9.999000e+03 -9.999000e+03 -9.999000e+03 -9.999000e+03 -9.999000e+03 -9.999000e+03 -9.999000e+03 -9.999000e+03 -9.999000e+03 -9.999000e+03 -9.999000e+03 -9.999000e+03 -9.999000e+03 -9.999000e+03 -9.999000e+03 -9.999000e+03 -9.999000e+03 -9.999000e+03 -9.999000e+03 -9.999000e+03 -9.999000e+03 -9.999000e+03 -9.999000e+03 -9.999000e+03 -9.999000e+03 -9.999000e+03 -9.999000e+03 -9.999000e+03 3.326223e-03 3.392341e-03 3.569228e-03 4.908242e-03 5.201440e-03 5.119421e-03 4.825772e-03 4.848659e-03 5.300203e-03 5.637464e-03 5.687185e-03
-9.999000e+03 -9.999000e+03 -9.999000e+03 -9.999000e+03 -9.999000e+03 -9.999000e+03 -9.999000e+03 -9.999000e+03 -9.999000e+03 -9.999000e+03 -9.999000e+03 -9.999000e+03 -9.999000e+03 -9.999000e+03 -9.999000e+03 -9.999000e+03 -9.999000e+03 -9.999000e+03 -9.999000e+03 -9.999000e+03 -9.999000e+03 -9.999000e+03 -9.999000e+03 -9.999000e+03 -9.999000e+03 -9.999000e+03 -9.999000e+03 -9.999000e+03 -9.999000e+03 -9.999000e+03 -9.999000e+03 -9.999000e+03 -9.999000e+03 -9.999000e+03 -9.999000e+03 -9.999000e+03 -9.999000e+03 -9.999000e+03 -9.999000e+03 -9.999000e+03 -9.999000e+03 -9.999000e+03 -9.999000e+03 -9.999000e+03 3.688684e-03 3.646124e-03 4.818162e-03 4.848964e-03 3.517668e-03 5.072503e-03 5.551798e-03 5.408282e-03
-9.999000e+03 -9.999000e+03 -9.999000e+03 -9.999000e+03 -9.999000e+03 -9.999000e+03 -9.999000e+03 -9.999000e+03 -9.999000e+03 -9.999000e+03 -9.999000e+03 -9.999000e+03 -9.999000e+03 -9.999000e+03 -9.999000e+03 -9.999000e+03 -9.999000e+03 -9.999000e+03 -9.999000e+03 -9.999000e+03 -9.999000e+03 -9.999000e+03 -9.999000e+03 -9.999000e+03 -9.999000e+03 -9.999000e+03 -9.999000e+03 -9.999000e+03 -9.999000e+03 -9.999000e+03 -9.999000e+03 -9.999000e+03 -9.999000e+03 -9.999000e+03 -9.999000e+03 -9.999000e+03 -9.999000e+03 -9.999000e+03 -9.999000e+03 -9.999000e+03 -9.999000e+03 -9.999000e+03 -9.999000e+03 -9.999000e+03 -9.999000e+03 -9.999000e+03 -9.999000e+03 -9.999000e+03 -9.999000e+03 -9.999000e+03 3.794510e-03 4.831825e-03
-9.999000e+03 -9.999000e+03 -9.999000e+03 -9.999000e+03 -9.999000e+03 -9.999000e+03 -9.999000e+03 -9.999000e+03 -9.999000e+03 -9.999000e+03 -9.999000e+03 -9.999000e+03 -9.999000e+03 -9.999000e+03 -9.999000e+03 -9.999000e+03 -9.999000e+03 -9.999000e+03 -9.999000e+03 -9.999000e+03 -9.999000e+03 -9.999000e+03 -9.999000e+03 -9.999000e+03 -9.999000e+03 -9.999000e+03 -9.999000e+03 -9.999000e+03 -9.999000e+03 -9.999000e+03 -9.999000e+03 -9.999000e+03 -9.999000e+03 -9.999000e+03 -9.999000e+03 -9.999000e+03 -9.999000e+03 -9.999000e+03 -9.999000e+03 -9.999000e+03 -9.999000e+03 -9.999000e+03 -9.999000e+03 -9.999000e+03 -9.999000e+03 -9.999000e+03 -9.999000e+03 -9.999000e+03 -9.999000e+03 -9.999000e+03 -9.999000e+03 3.422207e-03
-9.999000e+03 -9.999000e+03 -9.999000e+03 -9.999000e+03 -9.999000e+03 -9.999000e+03 -9.999000e+03 -9.999000e+03 -9.999000e+03 -9.999000e+03 -9.999000e+03 -9.999000e+03 -9.999000e+03 -9.999000e+03 -9.999000e+03 -9.999000e+03 -9.999000e+03 -9.999000e+03 -9.999000e+03 -9.999000e+03 -9.999000e+03 -9.999000e+03 -9.999000e+03 -9.999000e+03 -9.999000e+03 -9.999000e+03 -9.999000e+03 -9.999000e+03 -9.999000e+03 -9.999000e+03 -9.999000e+03 -9.999000e+03 -9.999000e+03 -9.999000e+03 -9.999000e+03 -9.999000e+03 -9.999000e+03 -9.999000e+03 -9.999000e+03 -9.999000e+03 -9.999000e+03 -9.999000e+03 -9.999000e+03 -9.999000e+03 -9.999000e+03 -9.999000e+03 -9.999000e+03 -9.999000e+03 -9.999000e+03 -9.999000e+03 -9.999000e+03 -9.999000e+03
-9.999000e+03 -9.999000e+03 -9.999000e+03 -9.999000e+03 -9.999000e+03 -9.999000e+03 -9.999000e+03 -9.999000e+03 -9.999000e+03 -9.999000e+03 -9.999000e+03 -9.999000e+03 -9.999000e+03 -9.999000e+03 -9.999000e+03 -9.999000e+03 -9.999000e+03 -9.999000e+03 -9.999000e+03 -9.999000e+03 -9.999000e+03 -9.999000e+03 -9.999000e+03 -9.999000e+03 -9.999000e+03 -9.999000e+03 -9.999000e+03 -9.999000e+03 -9.999000e+03 -9.999000e+03 -9.999000e+03 -9.999000e+03 -9.999000e+03 -9.999000e+03 -9.999000e+03 -9.999000e+03 -9.999000e+03 -9.999000e+03 -9.999000e+03 -9.999000e+03 -9.999000e+03 -9.999000e+03 -9.999000e+03 -9.999000e+03 -9.999000e+03 -9.999000e+03 -9.999000e+03 -9.999000e+03 -9.999000e+03 -9.999000e+03 -9.999000e+03 -9.999000e+03
