tests/data/reference/test_rill/mqsur_m3_s.asc
ncols	123
nrows	77
xllcorner	-713746.79929998
yllcorner	-1061022.36961616
cellsize	10.0
NODATA_value	-9999
[rows 23 to 45 of 77, columns 52 to 103 of 123]
6.344124e-03 7.077755e-03 7.124820e-03 7.097300e-03 7.054483e-03 7.025791e-03 6.973366e-03 6.873996e-03 6.790890e-03 6.767402e-03 6.744666e-03 6.701593e-03 6.641652e-03 6.520799e-03 6.288391e-03 5.954495e-03 1.601389e-02 5.312932e-03 5.381242e-03 5.471821e-03 5.552063e-03 5.639007e-03 5.641613e-03 5.539875e-03 3.768857e-03 4.929494e-03 1.407470e-02 5.704303e-03 1.189990e-02 5.218975e-03 5.447588e-03 5.092015e-03 3.593678e-03 3.273769e-03 -9.999000e+03 -9.999000e+03 -9.999000e+03 -9.999000e+03 -9.999000e+03 -9.999000e+03 -9.999000e+03 -9.999000e+03 -9.999000e+03 -9.999000e+03 -9.999000e+03 -9.999000e+03 -9.999000e+03 -9.999000e+03 -9.999000e+03 -9.999000e+03 -9.999000e+03 -9.999000e+03
6.447615e-03 7.074795e-03 7.183381e-03 7.124441e-03 7.055965e-03 7.009464e-03 6.952215e-03 6.859563e-03 6.787475e-03 6.765066e-03 6.746426e-03 6.715144e-03 6.635624e-03 6.471977e-03 6.231554e-03 5.931615e-03 1.806941e-02 5.375187e-03 5.523255e-03 5.712350e-03 5.871289e-03 5.993374e-03 6.022049e-03 5.932866e-03 5.414978e-03 5.468126e-03 3.619268e-03 1.259698e-02 4.673255e-03 9.640291e-03 7.787989e-03 5.414267e-03 5.005914e-03 4.598223e-03 3.168571e-03 -9.999000e+03 -9.999000e+03 -9.999000e+03 -9.999000e+03 -9.999000e+03 -9.999000e+03 -9.999000e+03 -9.999000e+03 -9.999000e+03 -9.999000e+03 -9.999000e+03 -9.999000e+03 -9.999000e+03 -9.999000e+03 -9.999000e+03 -9.999000e+03 -9.999000e+03
7.232270e-03 7.158230e-03 7.246421e-03 7.171494e-03 7.048192e-03 6.938505e-03 6.852768e-03 6.797742e-03 6.784361e-03 6.797961e-03 6.792543e-03 6.739024e-03 6.605216e-03 6.395119e-03 6.183947e-03 5.997178e-03 1.986455e-02 5.643189e-03 5.759075e-03 5.937263e-03 6.112438e-03 6.239973e-03 6.264359e-03 6.196229e-03 6.017031e-03 5.856766e-03 5.267628e-03 1.119110e-02 3.699828e-03 4.937887e-03 1.369536e-02 5.098596e-03 5.306496e-03 5.293163e-03 4.808435e-03 3.491844e-03 3.237869e-03 3.213961e-03 -9.999000e+03 -9.999000e+03 -9.999000e+03 -9.999000e+03 -9.999000e+03 -9.999000e+03 -9.999000e+03 -9.999000e+03 -9.999000e+03 -9.999000e+03 -9.999000e+03 -9.999000e+03 -9.999000e+03 -9.999000e+03
6.633216e-03 7.344129e-03 7.275128e-03 7.163036e-03 7.002486e-03 6.859682e-03 6.774498e-03 6.772474e-03 6.804435e-03 6.833769e-03 6.825474e-03 6.741851e-03 6.587653e-03 6.394014e-03 6.212886e-03 6.070369e-03 2.152443e-02 5.813646e-03 5.891344e-03 6.042223e-03 6.199783e-03 6.314097e-03 6.337343e-03 6.302173e-03 6.241431e-03 6.158985e-03 5.996570e-03 9.798520e-03 5.372386e-03 5.327994e-03 1.182269e-02 4.982307e-03 5.299812e-03 5.540803e-03 5.471194e-03 4.962504e-03 4.523332e-03 3.314633e-03 4.284087e-03 3.184374e-03 -9.999000e+03 -9.999000e+03 -9.999000e+03 -9.999000e+03 -9.999000e+03 -9.999000e+03 -9.999000e+03 -9.999000e+03 -9.999000e+03 -9.999000e+03 -9.999000e+03 -9.999000e+03
7.338544e-03 4.494106e-03 7.248023e-03 7.067818e-03 6.902551e-03 6.803510e-03 6.774844e-03 6.808826e-03 6.846946e-03 6.856469e-03 6.827842e-03 6.740528e-03 6.618793e-03 6.482103e-03 6.318423e-03 6.124476e-03 2.301746e-02 5.767160e-03 5.838617e-03 5.976441e-03 6.091995e-03 6.178805e-03 6.212897e-03 6.238792e-03 6.289973e-03 6.336081e-03 6.346876e-03 8.369842e-03 6.082053e-03 5.835211e-03 1.013503e-02 5.305086e-03 5.282342e-03 5.353176e-03 5.401629e-03 7.067270e-03 3.537012e-03 3.392414e-03 4.355784e-03 4.431443e-03 4.128124e-03 8.284538e-03 -9.999000e+03 -9.999000e+03 -9.999000e+03 -9.999000e+03 -9.999000e+03 -9.999000e+03 -9.999000e+03 -9.999000e+03 -9.999000e+03 -9.999000e+03
7.465590e-03 6.556888e-03 7.109449e-03 6.896678e-03 4.255288e-03 6.769269e-03 6.780915e-03 6.844834e-03 6.898382e-03 6.901769e-03 6.856738e-03 6.763465e-03 6.648215e-03 6.519415e-03 6.342677e-03 6.107814e-03 2.434036e-02 5.740900e-03 5.847497e-03 5.989685e-03 6.081331e-03 6.142113e-03 6.166478e-03 6.209615e-03 6.314945e-03 6.446769e-03 6.546810e-03 6.860037e-03 6.415277e-03 6.221017e-03 8.568884e-03 5.643707e-03 5.356016e-03 5.207685e-03 5.198660e-03 5.608773e-03 4.763240e-03 4.575996e-03 3.382225e-03 4.578599e-03 4.433927e-03 1.924738e-02 8.190190e-03 8.041121e-03 -9.999000e+03 -9.999000e+03 -9.999000e+03 -9.999000e+03 -9.999000e+03 -9.999000e+03 -9.999000e+03 -9.999000e+03
7.383767e-03 7.055410e-03 6.980301e-03 6.828979e-03 4.279827e-03 6.139395e-03 6.765778e-03 6.858942e-03 6.955714e-03 6.977594e-03 6.927476e-03 6.812813e-03 6.653152e-03 6.449032e-03 6.209310e-03 5.987190e-03 5.878018e-03 2.505200e-02 6.025730e-03 6.191822e-03 6.294056e-03 6.332814e-03 6.312714e-03 6.304055e-03 6.374860e-03 6.525868e-03 6.659918e-03 6.665100e-03 6.545269e-03 6.393238e-03 7.084662e-03 5.881250e-03 5.562042e-03 5.316588e-03 5.150779e-03 5.105421e-03 4.945610e-03 4.857536e-03 4.582367e-03 3.358879e-03 1.402217e-02 1.546005e-02 7.762859e-03 2.359623e-03 7.828018e-03 -9.999000e+03 -9.999000e+03 -9.999000e+03 -9.999000e+03 -9.999000e+03 -9.999000e+03 -9.999000e+03
7.136729e-03 6.939146e-03 6.829730e-03 6.784802e-03 6.173499e-03 4.288543e-03 6.697443e-03 6.888368e-03 6.975215e-03 6.972887e-03 6.894149e-03 6.744501e-03 6.544396e-03 6.302507e-03 6.084313e-03 5.967951e-03 5.978325e-03 6.098190e-03 2.598239e-02 6.465698e-03 6.542331e-03 6.534687e-03 6.465122e-03 6.414131e-03 6.452610e-03 6.598028e-03 6.715312e-03 6.703067e-03 6.604124e-03 6.504357e-03 6.366825e-03 6.118229e-03 5.839202e-03 7.972866e-03 5.272107e-03 3.592294e-03 5.046799e-03 5.044095e-03 4.966389e-03 1.068158e-02 1.128124e-02 1.041287e-02 5.138993e-03 3.224966e-03 2.466055e-03 7.734423e-03 -9.999000e+03 -9.999000e+03 -9.999000e+03 -9.999000e+03 -9.999000e+03 -9.999000e+03
6.696549e-03 6.607776e-03 6.636073e-03 6.715042e-03 6.689628e-03 6.215024e-03 4.347349e-03 6.925543e-03 6.924102e-03 6.827233e-03 6.673066e-03 6.468965e-03 6.263596e-03 6.105859e-03 6.058336e-03 6.119282e-03 6.243147e-03 6.416343e-03 2.732697e-02 6.739346e-03 6.730879e-03 6.647736e-03 6.539981e-03 6.489330e-03 6.536787e-03 6.664006e-03 6.717592e-03 6.678546e-03 6.638779e-03 6.622713e-03 6.571539e-03 6.393221e-03 1.093063e-02 5.801944e-03 5.214159e-03 3.741707e-03 5.334984e-03 1.848664e-03 1.162832e-02 1.142278e-02 8.367395e-03 7.634512e-03 3.740740e-03 3.284911e-03 3.225136e-03 2.674226e-03 2.504921e-03 -9.999000e+03 -9.999000e+03 -9.999000e+03 -9.999000e+03 -9.999000e+03
6.031409e-03 6.113989e-03 6.292034e-03 6.469275e-03 4.177861e-03 6.713336e-03 6.736459e-03 6.243787e-03 6.822984e-03 6.696297e-03 6.528220e-03 6.337890e-03 6.192679e-03 6.138372e-03 6.188903e-03 6.328785e-03 6.494155e-03 6.654809e-03 2.876248e-02 6.824950e-03 6.751645e-03 6.645138e-03 6.557561e-03 6.548316e-03 6.618224e-03 6.708461e-03 6.678521e-03 6.594677e-03 6.583834e-03 6.620043e-03 6.638798e-03 1.390994e-02 6.234808e-03 5.999812e-03 5.454665e-03 3.876026e-03 2.055066e-03 4.068957e-03 1.242500e-02 8.549983e-03 6.549986e-03 9.176343e-03 3.811237e-03 2.799078e-03 3.587166e-03 3.636416e-03 3.583747e-03 2.646840e-03 7.782526e-03 -9.999000e+03 -9.999000e+03 -9.999000e+03
5.151790e-03 5.415892e-03 5.664664e-03 5.901950e-03 6.140935e-03 5.801287e-03 6.536147e-03 6.640649e-03 6.593107e-03 6.672902e-03 6.607710e-03 6.529576e-03 6.479758e-03 6.467693e-03 6.497526e-03 6.574974e-03 6.658499e-03 6.712687e-03 6.700131e-03 3.018844e-02 6.562504e-03 6.525897e-03 6.537511e-03 6.605460e-03 6.692289e-03 6.724123e-03 6.602263e-03 6.449682e-03 6.403552e-03 6.426314e-03 1.677398e-02 6.374544e-03 6.262575e-03 6.099985e-03 4.062790e-03 1.130092e-02 4.228141e-03 5.453088e-03 9.639196e-03 6.656790e-03 1.370540e-02 4.682174e-03 3.402294e-03 4.023748e-03 3.954872e-03 3.802879e-03 4.426025e-03 7.255808e-03 2.657163e-03 8.097316e-03 -9.999000e+03 -9.999000e+03
9.203063e-02 9.212386e-02 4.985659e-03 5.303915e-03 5.752227e-03 6.048466e-03 6.217052e-03 6.483509e-03 6.624040e-03 6.708836e-03 6.767713e-03 6.798409e-03 6.827535e-03 6.843748e-03 6.842722e-03 6.826577e-03 6.780709e-03 6.694709e-03 6.555601e-03 3.157694e-02 6.267523e-03 6.285825e-03 6.393451e-03 6.533917e-03 6.625691e-03 6.594724e-03 6.402532e-03 6.225175e-03 6.176722e-03 6.193249e-03 1.890414e-02 6.334373e-03 6.291791e-03 1.503491e-03 8.328489e-03 1.338945e-02 5.668254e-03 5.916381e-03 7.595297e-03 1.645076e-02 5.291453e-03 4.895677e-03 3.598527e-03 4.622019e-03 4.323680e-03 5.805975e-03 5.144819e-03 3.718915e-03 3.011690e-03 8.050676e-03 2.586751e-03 8.114280e-03
1.140991e-02 9.412271e-03 9.560894e-02 5.168646e-03 5.473873e-03 5.907216e-03 6.263065e-03 6.505464e-03 6.719289e-03 6.881237e-03 7.002895e-03 7.109178e-03 7.186646e-03 7.217759e-03 7.189847e-03 7.070903e-03 6.861842e-03 6.604449e-03 6.311710e-03 6.009139e-03 3.268128e-02 5.769380e-03 5.952269e-03 6.162804e-03 6.334391e-03 6.242988e-03 6.022322e-03 5.897730e-03 5.930813e-03 5.999527e-03 2.052728e-02 6.356458e-03 9.618188e-04 8.328562e-03 1.216573e-02 1.082397e-02 6.075615e-03 6.076265e-03 2.005967e-02 5.750462e-03 5.545179e-03 5.100360e-03 5.126987e-03 3.549967e-03 4.672155e-03 8.595461e-03 3.341192e-03 4.377178e-03 4.190344e-03 7.177047e-03 2.997252e-03 8.056617e-03
3.907070e-03 5.451221e-03 5.794786e-03 9.480979e-02 9.541680e-02 9.569194e-02 9.588745e-02 6.462723e-03 6.589226e-03 6.700290e-03 6.803467e-03 6.908368e-03 6.960302e-03 6.946889e-03 1.117980e-02 6.662044e-03 6.398578e-03 6.139057e-03 5.868080e-03 5.607098e-03 3.741367e-03 3.118719e-02 9.211099e-03 5.930097e-03 5.873626e-03 5.683485e-03 5.644247e-03 5.619559e-03 5.763654e-03 5.912509e-03 2.187907e-02 9.310956e-04 1.665583e-02 4.126057e-03 1.046045e-02 8.471420e-03 6.160238e-03 6.144613e-03 2.075478e-02 5.926927e-03 5.726008e-03 5.538183e-03 5.040852e-03 3.639207e-03 4.920012e-03 6.827045e-03 4.548018e-03 4.725058e-03 4.639451e-03 5.423962e-03 4.199811e-03 5.873166e-03
6.180290e-03 6.415686e-03 6.413246e-03 6.005121e-03 5.809974e-03 6.076939e-03 6.274241e-03 9.620452e-02 9.629721e-02 9.557003e-02 9.512502e-02 9.450776e-02 9.376640e-02 9.317430e-02 9.266144e-02 9.246832e-02 9.176935e-02 5.271828e-03 5.345687e-03 5.384930e-03 5.479157e-03 5.310641e-03 3.482361e-02 5.841255e-03 5.568462e-03 5.283886e-03 5.177585e-03 5.474338e-03 5.733883e-03 5.961812e-03 2.111648e-02 4.399021e-02 5.959360e-03 4.156571e-03 8.205627e-03 6.878515e-03 6.200354e-03 6.168066e-03 2.100414e-02 6.020135e-03 5.880464e-03 5.635262e-03 5.164843e-03 5.250093e-03 5.362165e-03 3.461826e-03 4.718066e-03 4.732485e-03 4.758567e-03 4.841253e-03 4.762358e-03 4.930125e-03
6.055773e-03 6.660048e-03 6.676189e-03 2.552860e-02 2.624949e-02 2.712482e-02 2.803613e-02 2.886799e-02 2.958383e-02 3.014825e-02 3.055144e-02 3.083525e-02 3.121538e-02 3.166679e-02 3.232849e-02 3.303967e-02 3.194199e-02 1.174364e-01 1.167568e-01 4.817196e-03 5.070891e-03 5.456755e-03 3.380446e-02 5.524804e-03 5.218008e-03 4.993809e-03 4.990595e-03 5.275565e-03 5.785063e-03 2.542031e-03 3.921613e-02 6.463445e-03 6.003025e-03 4.175483e-03 6.757686e-03 6.370037e-03 6.259813e-03 2.202900e-02 6.178125e-03 6.133017e-03 6.004993e-03 5.767230e-03 5.598249e-03 5.383263e-03 4.885751e-03 4.927800e-03 3.418909e-03 4.697877e-03 4.755365e-03 4.874547e-03 4.950072e-03 4.919663e-03
6.445290e-03 2.469799e-02 2.525171e-02 6.531574e-03 6.676234e-03 6.964446e-03 7.178912e-03 7.264473e-03 7.282111e-03 7.256133e-03 7.194837e-03 7.074283e-03 6.902411e-03 6.673671e-03 6.411023e-03 6.146963e-03 1.030897e-02 1.394112e-02 1.195260e-02 1.174628e-01 1.169380e-01 1.163735e-01 1.157260e-01 3.455282e-02 4.800212e-03 4.832710e-03 4.965040e-03 5.369962e-03 2.486788e-03 9.067256e-03 3.286424e-02 9.612499e-03 6.028721e-03 4.183567e-03 6.501543e-03 6.429167e-03 6.345222e-03 2.249803e-02 6.320715e-03 6.287947e-03 6.167482e-03 5.968051e-03 5.729931e-03 5.467450e-03 5.314554e-03 4.865251e-03 3.536861e-03 4.759174e-03 4.722010e-03 4.756735e-03 4.797294e-03 4.804142e-03
2.409999e-02 6.250307e-03 6.454098e-03 6.609747e-03 6.807503e-03 7.070440e-03 7.290261e-03 7.422221e-03 7.504576e-03 7.551521e-03 7.552585e-03 7.499708e-03 7.404709e-03 7.284477e-03 7.143006e-03 6.955258e-03 6.749778e-03 6.510203e-03 1.067767e-02 1.432800e-02 1.739125e-02 1.495080e-02 1.278470e-02 1.192085e-01 3.504448e-02 4.360873e-03 4.817731e-03 3.779528e-03 1.285801e-02 1.181374e-02 2.710359e-02 1.186207e-02 4.257681e-03 6.019230e-03 6.541769e-03 6.488150e-03 6.424360e-03 2.354716e-02 6.462319e-03 6.430607e-03 6.306806e-03 6.101686e-03 5.849373e-03 5.611365e-03 5.422304e-03 5.037753e-03 5.107657e-03 3.530779e-03 4.814245e-03 4.755102e-03 4.720182e-03 4.730341e-03
5.959556e-03 6.161664e-03 6.335296e-03 6.431879e-03 6.557438e-03 6.776588e-03 6.990313e-03 7.147390e-03 7.284003e-03 7.403695e-03 7.479357e-03 7.504533e-03 7.506960e-03 7.507000e-03 7.486980e-03 7.438472e-03 7.371663e-03 7.281089e-03 7.054831e-03 6.602335e-03 6.300209e-03 1.085028e-02 1.307577e-02 1.516902e-02 1.192853e-01 3.365743e-02 4.439461e-03 2.137104e-03 7.299784e-03 9.206166e-03 2.096090e-02 1.182440e-02 4.292136e-03 6.631980e-03 6.627296e-03 6.529528e-03 2.509592e-02 6.539462e-03 6.579310e-03 6.549284e-03 6.406664e-03 6.191327e-03 5.943849e-03 5.692905e-03 5.508959e-03 5.448428e-03 5.030189e-03 3.670703e-03 5.056755e-03 4.955120e-03 4.868595e-03 4.816651e-03
5.879788e-03 6.051885e-03 6.161293e-03 6.202283e-03 6.271278e-03 6.436437e-03 6.608547e-03 6.739086e-03 6.884284e-03 7.062375e-03 7.216057e-03 7.312863e-03 7.391126e-03 7.474288e-03 7.536502e-03 7.567013e-03 7.595209e-03 7.624806e-03 7.578295e-03 7.390278e-03 7.166679e-03 7.082796e-03 6.931055e-03 6.212837e-03 7.070710e-03 1.189484e-01 1.406668e-01 1.408528e-01 7.749659e-03 6.816273e-03 1.817857e-02 9.853500e-03 6.047072e-03 6.702054e-03 6.653704e-03 6.571309e-03 2.646165e-02 6.627507e-03 6.664960e-03 6.650260e-03 6.514674e-03 6.283947e-03 6.019549e-03 5.757084e-03 5.609013e-03 5.500937e-03 3.788537e-03 5.079658e-03 5.268202e-03 5.155069e-03 5.043798e-03 4.977948e-03
5.728050e-03 5.832549e-03 5.903035e-03 5.936054e-03 5.988254e-03 6.102770e-03 6.207833e-03 6.274706e-03 6.399185e-03 6.615868e-03 6.826405e-03 6.977301e-03 7.109110e-03 7.243321e-03 7.354738e-03 7.436564e-03 7.535449e-03 7.665248e-03 7.754411e-03 7.748709e-03 7.681516e-03 7.664218e-03 7.401123e-03 7.011508e-03 6.510712e-03 7.369251e-03 6.886689e-03 4.320733e-03 1.417527e-01 6.505240e-03 1.984463e-02 8.155362e-03 6.089967e-03 6.381040e-03 6.534958e-03 6.607582e-03 2.790048e-02 6.721129e-03 6.740059e-03 6.736272e-03 6.623068e-03 6.393006e-03 6.103720e-03 5.817901e-03 5.648014e-03 5.225012e-03 3.780186e-03 5.422733e-03 5.385922e-03 5.288236e-03 5.170987e-03 5.163192e-03
5.521322e-03 5.585223e-03 5.654112e-03 5.730351e-03 5.805253e-03 5.885478e-03 5.934394e-03 5.942913e-03 6.017331e-03 6.198777e-03 6.393871e-03 6.562916e-03 6.721741e-03 8.332461e-03 6.993926e-03 7.091444e-03 7.224155e-03 7.413866e-03 7.580992e-03 7.664917e-03 7.695738e-03 7.711547e-03 7.674050e-03 7.232527e-03 6.976910e-03 3.169000e-03 9.325692e-03 1.178901e-02 4.215825e-03 1.413772e-01 1.471225e-01 6.655288e-03 5.566490e-03 6.119380e-03 6.414896e-03 6.595740e-03 2.977209e-02 6.799588e-03 6.836660e-03 6.827643e-03 6.725737e-03 6.516722e-03 6.231353e-03 5.938149e-03 5.705095e-03 5.282848e-03 3.808763e-03 5.507542e-03 5.456955e-03 5.412535e-03 5.351719e-03 5.412544e-03
5.288673e-03 5.319579e-03 5.400693e-03 5.544031e-03 5.664205e-03 5.726539e-03 5.742909e-03 5.728464e-03 5.744434e-03 5.834229e-03 5.973175e-03 6.141940e-03 9.687347e-03 6.432704e-03 6.528413e-03 6.601599e-03 6.744266e-03 6.985946e-03 7.197772e-03 7.321927e-03 7.421866e-03 7.562946e-03 7.570154e-03 7.313912e-03 7.019321e-03 3.363905e-03 8.932328e-03 1.262283e-02 1.026835e-02 7.985739e-03 3.956122e-03 1.448506e-01 5.468409e-03 6.135195e-03 6.423458e-03 6.533093e-03 3.178267e-02 6.859763e-03 6.938342e-03 6.922170e-03 6.829692e-03 6.654188e-03 6.407924e-03 6.140261e-03 5.899589e-03 5.428443e-03 3.878716e-03 5.585483e-03 5.506073e-03 5.533809e-03 5.614511e-03 5.742302e-03
