tests/data/reference/test_rill/mqsur_m3_s.asc
ncols	123
nrows	77
xllcorner	-713746.79929998
yllcorner	-1061022.36961616
cellsize	10.0
NODATA_value	-9999
[rows 23 to 45 of 77, columns 0 to 51 of 123]
-9.999000e+03 -9.999000e+03 -9.999000e+03 -9.999000e+03 -9.999000e+03 -9.999000e+03 -9.999000e+03 -9.999000e+03 -9.999000e+03 -9.999000e+03 -9.999000e+03 -9.999000e+03 -9.999000e+03 -9.999000e+03 1.869260e-03 2.437649e-03 3.511733e-03 1.030086e-02 2.037991e-03 8.670602e-04 5.602079e-04 9.964532e-03 7.658916e-04 1.167440e-02 1.491691e-02 4.410817e-03 5.911531e-03 5.908470e-03 5.371849e-03 5.595418e-03 3.873062e-03 5.465988e-03 5.911883e-03 6.001529e-03 1.516624e-02 5.969638e-03 6.001369e-03 4.078518e-03 9.994426e-03 6.387208e-03 6.424680e-03 6.502401e-03 6.620362e-03 6.687455e-03 6.683802e-03 6.650573e-03 6.626576e-03 6.659715e-03 6.743924e-03 6.816075e-03 6.769048e-03 4.341505e-03
-9.999000e+03 -9.999000e+03 -9.999000e+03 -9.999000e+03 -9.999000e+03 -9.999000e+03 -9.999000e+03 -9.999000e+03 -9.999000e+03 -9.999000e+03 -9.999000e+03 -9.999000e+03 -9.999000e+03 -9.999000e+03 8.953521e-03 1.051277e-02 1.168074e-02 3.018502e-03 1.971642e-03 2.660366e-03 8.894110e-03 1.807885e-02 3.417439e-03 3.386065e-03 8.628030e-03 1.530209e-02 5.060937e-03 5.216042e-03 5.344325e-03 3.802943e-03 5.705787e-03 5.443578e-03 5.873528e-03 5.926490e-03 1.722841e-02 5.921901e-03 6.060713e-03 4.111043e-03 1.033873e-02 6.390404e-03 6.394228e-03 6.442060e-03 6.525874e-03 6.587941e-03 6.612151e-03 6.618004e-03 6.628873e-03 6.685243e-03 6.777677e-03 6.860210e-03 4.353235e-03 7.001787e-03
-9.999000e+03 -9.999000e+03 -9.999000e+03 -9.999000e+03 -9.999000e+03 -9.999000e+03 -9.999000e+03 -9.999000e+03 -9.999000e+03 -9.999000e+03 -9.999000e+03 -9.999000e+03 -9.999000e+03 -9.999000e+03 7.821332e-04 2.062011e-03 2.266936e-03 2.238255e-03 2.186918e-03 7.054010e-04 1.061640e-02 1.015349e-02 1.685565e-02 4.489896e-03 4.667259e-03 6.983507e-03 1.680368e-02 5.478942e-03 5.520533e-03 3.862658e-03 5.268128e-03 5.679462e-03 5.665120e-03 5.777897e-03 5.743479e-03 1.910414e-02 4.000355e-03 6.214669e-03 5.822844e-03 1.358073e-02 6.371908e-03 6.426945e-03 6.488983e-03 6.539726e-03 6.580542e-03 6.620697e-03 6.672269e-03 6.760199e-03 6.873242e-03 6.986776e-03 6.431577e-03 4.474726e-03
-9.999000e+03 -9.999000e+03 -9.999000e+03 -9.999000e+03 -9.999000e+03 -9.999000e+03 -9.999000e+03 -9.999000e+03 -9.999000e+03 -9.999000e+03 -9.999000e+03 -9.999000e+03 2.584170e-03 2.121915e-03 4.652073e-03 2.747952e-03 2.291707e-03 1.138656e-03 5.623211e-04 9.834191e-03 4.159942e-03 1.160901e-02 7.012605e-03 1.168987e-02 4.730811e-03 4.964113e-03 2.143096e-02 5.326359e-03 5.409780e-03 5.156117e-03 3.801636e-03 5.544594e-03 5.551749e-03 5.415763e-03 5.388061e-03 5.724480e-03 1.734646e-02 5.707600e-03 6.269722e-03 6.241117e-03 1.643651e-02 6.404630e-03 6.445638e-03 6.495190e-03 6.568609e-03 6.664581e-03 6.776531e-03 6.896937e-03 7.017862e-03 7.153013e-03 7.171490e-03 4.524340e-03
-9.999000e+03 -9.999000e+03 -9.999000e+03 -9.999000e+03 -9.999000e+03 -9.999000e+03 -9.999000e+03 -9.999000e+03 -9.999000e+03 -9.999000e+03 -9.999000e+03 -9.999000e+03 -9.999000e+03 2.514676e-03 2.450036e-03 2.443290e-03 1.452384e-03 4.672105e-04 9.265667e-03 3.649957e-03 3.750528e-03 3.953587e-03 1.090258e-02 1.397044e-02 2.026364e-02 1.993978e-02 1.954572e-02 1.955661e-02 4.828387e-03 5.116120e-03 5.281728e-03 5.048027e-03 5.296272e-03 5.143443e-03 5.194397e-03 5.535724e-03 5.870635e-03 1.574425e-02 6.178581e-03 6.311432e-03 1.757223e-02 6.342613e-03 6.359507e-03 6.427678e-03 6.565241e-03 6.753041e-03 6.947871e-03 7.092237e-03 7.193016e-03 7.320668e-03 7.432237e-03 6.723723e-03
-9.999000e+03 -9.999000e+03 -9.999000e+03 -9.999000e+03 -9.999000e+03 -9.999000e+03 -9.999000e+03 -9.999000e+03 -9.999000e+03 -9.999000e+03 -9.999000e+03 -9.999000e+03 -9.999000e+03 -9.999000e+03 -9.999000e+03 1.839691e-03 2.279438e-04 8.280147e-03 1.648233e-02 1.438150e-02 9.348676e-03 6.731478e-03 5.070754e-03 3.903373e-03 4.047945e-03 4.236464e-03 4.272383e-03 1.979428e-02 3.745571e-02 4.598511e-03 4.862288e-03 4.945083e-03 4.870280e-03 4.831666e-03 4.970432e-03 5.412482e-03 5.746500e-03 5.860239e-03 1.418931e-02 6.095055e-03 1.975865e-02 6.307945e-03 6.371229e-03 6.487338e-03 6.671216e-03 6.907583e-03 7.131790e-03 7.264172e-03 7.335303e-03 7.449217e-03 7.547790e-03 7.419084e-03
-9.999000e+03 -9.999000e+03 -9.999000e+03 -9.999000e+03 -9.999000e+03 -9.999000e+03 -9.999000e+03 -9.999000e+03 -9.999000e+03 -9.999000e+03 -9.999000e+03 -9.999000e+03 -9.999000e+03 -9.999000e+03 -9.999000e+03 -9.999000e+03 4.347064e-04 8.575051e-03 8.500403e-03 5.716800e-03 4.248114e-03 3.640153e-03 3.665454e-03 3.848043e-03 4.089919e-03 4.366639e-03 4.445103e-03 4.243003e-03 4.142487e-03 3.730724e-02 3.750556e-02 3.737856e-02 4.474686e-03 4.517620e-03 4.692425e-03 5.104007e-03 7.962736e-03 1.086029e-02 5.581967e-03 1.269823e-02 6.133112e-03 2.181505e-02 6.555159e-03 6.732135e-03 6.918345e-03 7.124567e-03 7.294436e-03 7.373282e-03 7.418124e-03 7.522049e-03 7.584045e-03 7.508667e-03
-9.999000e+03 -9.999000e+03 -9.999000e+03 -9.999000e+03 -9.999000e+03 -9.999000e+03 -9.999000e+03 -9.999000e+03 -9.999000e+03 -9.999000e+03 -9.999000e+03 -9.999000e+03 -9.999000e+03 -9.999000e+03 -9.999000e+03 -9.999000e+03 8.294678e-03 2.831469e-03 3.170053e-03 3.505478e-03 3.598047e-03 1.604516e-02 1.446137e-02 1.299329e-02 1.161519e-02 1.031048e-02 9.041240e-03 7.776798e-03 6.552264e-03 5.393184e-03 4.590999e-03 4.442650e-03 3.688302e-02 3.579825e-02 3.447880e-02 3.348058e-02 3.222381e-02 3.101754e-02 3.101091e-02 2.995548e-02 3.306494e-02 3.220258e-02 2.371027e-02 6.365029e-03 6.665659e-03 6.965971e-03 7.146502e-03 7.249167e-03 7.346492e-03 7.465397e-03 7.471154e-03 7.324994e-03
-9.999000e+03 -9.999000e+03 -9.999000e+03 -9.999000e+03 -9.999000e+03 -9.999000e+03 -9.999000e+03 -9.999000e+03 -9.999000e+03 -9.999000e+03 -9.999000e+03 -9.999000e+03 -9.999000e+03 -9.999000e+03 -9.999000e+03 8.294982e-03 3.472400e-03 3.571364e-03 1.653246e-02 1.648620e-02 1.636855e-02 3.767774e-03 5.479375e-03 7.233563e-03 5.883904e-03 9.901544e-03 1.116940e-02 1.226778e-02 1.100037e-02 9.797602e-03 8.634210e-03 7.489557e-03 6.358343e-03 5.233402e-03 4.161241e-03 3.963540e-03 2.301968e-02 2.216644e-02 2.147481e-02 2.137648e-02 2.108889e-02 2.061635e-02 4.895574e-02 6.190182e-02 6.269876e-02 5.978794e-03 1.077243e-02 6.806591e-03 7.078728e-03 7.228915e-03 7.141135e-03 6.899038e-03
-9.999000e+03 -9.999000e+03 -9.999000e+03 -9.999000e+03 -9.999000e+03 -9.999000e+03 -9.999000e+03 -9.999000e+03 -9.999000e+03 -9.999000e+03 -9.999000e+03 -9.999000e+03 -9.999000e+03 -9.999000e+03 8.267837e-03 1.642547e-02 1.717694e-02 1.657775e-02 3.854004e-03 3.948898e-03 3.785136e-03 3.953880e-03 4.124534e-03 4.282978e-03 6.319052e-03 4.440248e-03 4.562354e-03 4.986719e-03 5.124926e-03 5.068494e-03 5.032533e-03 1.382198e-02 1.506781e-02 1.594419e-02 1.653909e-02 2.255806e-02 4.713139e-03 5.166633e-03 5.584784e-03 5.997641e-03 6.261972e-03 6.318535e-03 9.883869e-03 1.317429e-02 1.595193e-02 7.102080e-02 7.248803e-02 7.604810e-02 6.070614e-03 1.094808e-02 6.350998e-03 6.133017e-03
-9.999000e+03 -9.999000e+03 -9.999000e+03 -9.999000e+03 -9.999000e+03 -9.999000e+03 -9.999000e+03 -9.999000e+03 -9.999000e+03 -9.999000e+03 -9.999000e+03 -9.999000e+03 -9.999000e+03 -9.999000e+03 8.288841e-03 1.332917e-02 4.054966e-03 4.097386e-03 4.103858e-03 4.091323e-03 4.122356e-03 4.243226e-03 4.140686e-03 4.586983e-03 4.702571e-03 4.712804e-03 4.832811e-03 5.115653e-03 7.649656e-03 1.000300e-02 1.206110e-02 5.227388e-03 5.092309e-03 5.058768e-03 8.990782e-03 4.954797e-03 5.375378e-03 5.581493e-03 5.789358e-03 6.050153e-03 6.302183e-03 6.498854e-03 6.675316e-03 6.751074e-03 6.821283e-03 1.079862e-02 1.419001e-02 1.698077e-02 8.419282e-02 8.543663e-02 8.870140e-02 4.853436e-03
-9.999000e+03 -9.999000e+03 -9.999000e+03 -9.999000e+03 -9.999000e+03 -9.999000e+03 -9.999000e+03 -9.999000e+03 -9.999000e+03 -9.999000e+03 -9.999000e+03 -9.999000e+03 -9.999000e+03 1.636563e-02 2.009548e-02 3.995945e-03 4.118501e-03 4.232579e-03 4.263161e-03 4.234656e-03 4.216625e-03 4.261438e-03 4.356534e-03 4.497565e-03 4.625375e-03 4.698644e-03 4.860509e-03 5.167766e-03 5.398821e-03 5.494495e-03 5.478018e-03 5.398630e-03 5.399684e-03 1.092136e-02 3.746488e-03 5.222735e-03 5.643078e-03 5.733262e-03 5.879989e-03 6.086486e-03 6.325347e-03 6.561997e-03 6.766676e-03 6.939619e-03 7.025993e-03 7.042841e-03 7.114130e-03 7.065462e-03 6.805778e-03 1.022905e-02 1.252940e-02 9.130355e-02
-9.999000e+03 -9.999000e+03 -9.999000e+03 -9.999000e+03 -9.999000e+03 -9.999000e+03 -9.999000e+03 -9.999000e+03 -9.999000e+03 -9.999000e+03 -9.999000e+03 -9.999000e+03 8.259948e-03 2.378893e-02 3.928968e-03 4.042818e-03 4.141992e-03 4.258161e-03 4.321524e-03 4.335485e-03 4.319880e-03 4.292469e-03 4.305700e-03 4.377660e-03 4.494855e-03 4.628399e-03 4.837385e-03 5.140442e-03 5.353607e-03 5.445485e-03 5.484872e-03 5.517431e-03 8.952492e-03 5.572433e-03 3.788806e-03 5.559365e-03 5.616300e-03 5.712702e-03 5.871223e-03 6.077696e-03 6.294155e-03 6.486717e-03 6.624892e-03 6.710492e-03 6.696100e-03 6.794081e-03 6.883150e-03 6.973385e-03 6.987832e-03 6.622397e-03 6.196624e-03 9.244560e-03
-9.999000e+03 -9.999000e+03 -9.999000e+03 -9.999000e+03 -9.999000e+03 -9.999000e+03 -9.999000e+03 -9.999000e+03 -9.999000e+03 -9.999000e+03 -9.999000e+03 -9.999000e+03 1.617518e-02 3.769295e-03 3.928949e-03 4.069949e-03 4.153602e-03 4.285313e-03 4.374953e-03 4.419931e-03 4.410001e-03 4.347922e-03 4.319805e-03 4.347122e-03 4.437359e-03 4.571580e-03 4.759834e-03 5.010529e-03 5.163991e-03 5.218628e-03 5.274439e-03 8.889694e-03 3.828698e-03 5.171537e-03 5.399864e-03 5.386488e-03 5.380292e-03 5.439398e-03 5.600964e-03 5.736345e-03 5.939259e-03 6.168017e-03 6.351790e-03 5.999534e-03 6.022357e-03 6.104552e-03 6.202769e-03 6.353270e-03 6.322997e-03 6.659906e-03 6.345149e-03 6.029706e-03
-9.999000e+03 -9.999000e+03 -9.999000e+03 -9.999000e+03 -9.999000e+03 -9.999000e+03 -9.999000e+03 -9.999000e+03 -9.999000e+03 -9.999000e+03 -9.999000e+03 8.189204e-03 5.298222e-03 3.501050e-03 4.498032e-03 3.885007e-03 4.118816e-03 4.272208e-03 4.390320e-03 4.453338e-03 4.455279e-03 4.400345e-03 4.375891e-03 4.388139e-03 4.443022e-03 4.544642e-03 4.668629e-03 4.795107e-03 4.873422e-03 4.848766e-03 4.882669e-03 6.721773e-03 3.641153e-03 5.105861e-03 5.129314e-03 4.856648e-03 4.815239e-03 5.070902e-03 4.876291e-03 4.976987e-03 5.180689e-03 5.523115e-03 4.148158e-03 4.130633e-03 4.151139e-03 4.206067e-03 4.249110e-03 4.283152e-03 6.641937e-03 5.913025e-03 5.778997e-03 5.728701e-03
-9.999000e+03 -9.999000e+03 -9.999000e+03 -9.999000e+03 -9.999000e+03 -9.999000e+03 -9.999000e+03 -9.999000e+03 -9.999000e+03 -9.999000e+03 8.148300e-03 1.571039e-02 3.130981e-03 5.697359e-03 2.808583e-03 3.657231e-03 3.942109e-03 4.161071e-03 4.324697e-03 4.399211e-03 4.415331e-03 4.377085e-03 4.360050e-03 4.369815e-03 4.416573e-03 4.520826e-03 4.396022e-03 4.642473e-03 4.600810e-03 4.496575e-03 4.486186e-03 4.500734e-03 4.556265e-03 4.612416e-03 3.569651e-03 3.449283e-03 4.716338e-03 3.379927e-03 3.394768e-03 3.436549e-03 3.635129e-03 3.949173e-03 5.683746e-03 6.137424e-03 6.240421e-03 6.343752e-03 6.442838e-03 6.511632e-03 4.158867e-03 4.065336e-03 4.062788e-03 4.212899e-03
-9.999000e+03 -9.999000e+03 -9.999000e+03 -9.999000e+03 -9.999000e+03 -9.999000e+03 -9.999000e+03 -9.999000e+03 -9.999000e+03 -9.999000e+03 8.061946e-03 3.293189e-03 6.578276e-03 3.107089e-03 2.559367e-03 3.382630e-03 3.678039e-03 3.971013e-03 4.165919e-03 4.274586e-03 4.321460e-03 4.310509e-03 4.301759e-03 4.326719e-03 4.365464e-03 3.283899e-03 4.490439e-03 4.474771e-03 4.347905e-03 4.168128e-03 4.078411e-03 4.048037e-03 3.182022e-03 3.445841e-03 4.668703e-03 4.710923e-03 3.241619e-03 4.162274e-03 4.355646e-03 4.537071e-03 3.595847e-03 3.922524e-03 5.615300e-03 6.014655e-03 6.060332e-03 6.112854e-03 6.208334e-03 6.319509e-03 6.336150e-03 6.203062e-03 6.139788e-03 6.273609e-03
-9.999000e+03 -9.999000e+03 -9.999000e+03 -9.999000e+03 -9.999000e+03 -9.999000e+03 -9.999000e+03 -9.999000e+03 -9.999000e+03 8.072827e-03 5.117179e-03 7.181592e-03 2.950309e-03 2.476524e-03 2.980311e-03 3.217858e-03 3.483570e-03 3.660897e-03 3.980656e-03 4.107150e-03 4.204787e-03 4.240670e-03 4.272589e-03 4.169409e-03 3.229172e-03 4.218670e-03 4.374951e-03 4.117038e-03 3.982479e-03 3.735928e-03 3.627729e-03 3.003391e-03 4.073167e-03 4.632461e-03 4.888029e-03 4.829836e-03 4.693589e-03 4.578088e-03 3.377954e-03 3.573386e-03 5.225293e-03 5.358954e-03 5.939168e-03 5.946861e-03 5.850917e-03 5.823427e-03 5.910661e-03 6.100332e-03 6.232804e-03 6.237538e-03 6.186962e-03 6.145931e-03
-9.999000e+03 -9.999000e+03 -9.999000e+03 -9.999000e+03 -9.999000e+03 -9.999000e+03 -9.999000e+03 -9.999000e+03 -9.999000e+03 8.178067e-03 7.425665e-03 2.979400e-03 2.863904e-03 2.417113e-03 3.089002e-03 3.208616e-03 2.657773e-03 3.638787e-03 3.743093e-03 3.944567e-03 4.099409e-03 4.186509e-03 3.176039e-03 3.248505e-03 4.241417e-03 4.322914e-03 3.135316e-03 3.102268e-03 2.990553e-03 2.777608e-03 2.790744e-03 3.848342e-03 4.380274e-03 4.777078e-03 5.000113e-03 5.034863e-03 4.983431e-03 3.452584e-03 4.880242e-03 4.946504e-03 5.223724e-03 5.736393e-03 5.872763e-03 5.747186e-03 5.630575e-03 5.641196e-03 5.744628e-03 5.906021e-03 6.032825e-03 6.102055e-03 2.318717e-02 2.366745e-02
-9.999000e+03 -9.999000e+03 -9.999000e+03 -9.999000e+03 -9.999000e+03 -9.999000e+03 -9.999000e+03 -9.999000e+03 1.600432e-02 5.191616e-03 4.973025e-03 3.173507e-03 2.367090e-03 2.948531e-03 3.179885e-03 3.249506e-03 4.311936e-03 3.353024e-03 3.548839e-03 3.830235e-03 4.051209e-03 4.027691e-03 4.291122e-03 4.460290e-03 4.492058e-03 1.050282e-02 1.117946e-02 9.557522e-03 7.979772e-03 6.434067e-03 4.982472e-03 4.176180e-03 4.592554e-03 4.926935e-03 5.124259e-03 5.179214e-03 5.141025e-03 7.396520e-03 7.655955e-03 9.713523e-03 1.053748e-02 1.131603e-02 9.592063e-03 8.025183e-03 6.589488e-03 5.563702e-03 5.674167e-03 5.691989e-03 5.684721e-03 2.277651e-02 5.655432e-03 5.728015e-03
-9.999000e+03 -9.999000e+03 -9.999000e+03 -9.999000e+03 -9.999000e+03 -9.999000e+03 -9.999000e+03 8.139197e-03 1.572885e-02 4.455166e-03 3.294511e-03 3.275008e-03 2.424983e-03 3.122434e-03 3.245066e-03 3.284178e-03 3.294332e-03 3.284551e-03 3.457977e-03 3.798442e-03 3.073657e-03 3.130477e-03 4.130542e-03 8.558298e-03 9.591376e-03 4.433389e-03 4.359564e-03 4.323332e-03 4.215977e-03 3.989567e-03 4.026750e-03 4.394175e-03 4.753982e-03 5.016046e-03 5.155752e-03 5.175174e-03 5.121717e-03 5.016180e-03 5.056001e-03 5.286711e-03 5.441446e-03 5.426982e-03 5.373023e-03 5.337081e-03 5.376070e-03 5.501996e-03 5.536029e-03 5.417245e-03 2.194186e-02 5.333337e-03 5.466945e-03 5.607887e-03
-9.999000e+03 -9.999000e+03 -9.999000e+03 -9.999000e+03 -9.999000e+03 -9.999000e+03 -9.999000e+03 8.029290e-03 2.467465e-03 4.884107e-03 2.623945e-03 3.193894e-03 3.215047e-03 3.250436e-03 3.294351e-03 3.310009e-03 3.342564e-03 3.370187e-03 3.545279e-03 3.900540e-03 5.570031e-03 7.071960e-03 8.384363e-03 4.379750e-03 4.431894e-03 4.292499e-03 3.284500e-03 4.283779e-03 4.386885e-03 4.232894e-03 4.262009e-03 4.553020e-03 4.818095e-03 4.976326e-03 5.043128e-03 5.036000e-03 1.634735e-02 1.649466e-02 1.678356e-02 1.724727e-02 1.785574e-02 1.858779e-02 1.942955e-02 1.816754e-02 1.690974e-02 1.565294e-02 2.111972e-02 2.157261e-02 5.232570e-03 5.209716e-03 5.297391e-03 5.427502e-03
-9.999000e+03 -9.999000e+03 -9.999000e+03 -9.999000e+03 -9.999000e+03 -9.999000e+03 -9.999000e+03 3.863666e-04 4.292799e-03 3.033371e-03 2.461802e-03 3.149431e-03 3.348739e-03 3.378195e-03 3.378449e-03 3.386727e-03 3.461350e-03 3.542335e-03 3.704255e-03 4.021064e-03 4.275535e-03 4.396488e-03 4.405634e-03 4.346903e-03 3.216159e-03 3.315901e-03 4.391653e-03 4.547573e-03 4.506937e-03 4.427268e-03 4.446570e-03 4.606253e-03 4.746875e-03 1.613816e-02 1.631027e-02 1.642718e-02 5.207035e-03 5.400127e-03 5.580158e-03 5.750992e-03 5.846927e-03 5.850654e-03 5.862939e-03 9.105993e-03 1.212620e-02 1.474860e-02 5.693569e-03 5.552830e-03 5.384032e-03 5.195807e-03 5.132549e-03 5.214340e-03
