tests/data/reference/test_rill/mqsur_m3_s.asc
ncols	123
nrows	77
xllcorner	-713746.79929998
yllcorner	-1061022.36961616
cellsize	10.0
NODATA_value	-9999
[rows 46 to 68 of 77, columns 52 to 103 of 123]
5.143175e-03 5.060776e-03 5.095435e-03 5.284329e-03 5.449133e-03 5.461858e-03 5.479925e-03 5.514051e-03 5.539712e-03 5.598001e-03 5.681967e-03 1.108791e-02 5.994779e-03 6.060479e-03 6.042612e-03 6.069725e-03 6.263521e-03 6.494673e-03 6.757008e-03 6.888678e-03 7.022676e-03 7.239864e-03 7.347425e-03 7.200937e-03 7.158874e-03 1.050188e-03 1.035071e-03 4.323653e-03 6.018950e-03 6.385078e-03 6.152945e-03 6.544176e-03 1.440702e-01 5.855298e-03 6.090537e-03 6.298646e-03 3.386161e-02 6.848596e-03 6.985053e-03 6.981771e-03 6.901915e-03 6.752588e-03 6.555700e-03 6.337939e-03 6.112069e-03 5.610288e-03 3.980954e-03 5.755437e-03 5.635324e-03 5.675267e-03 5.845017e-03 6.003689e-03
5.116229e-03 4.876377e-03 4.826385e-03 5.040862e-03 4.943807e-03 4.958412e-03 4.983500e-03 5.069197e-03 5.437082e-03 5.411652e-03 1.253752e-02 5.688353e-03 5.753107e-03 5.406131e-03 5.371450e-03 5.731337e-03 5.469767e-03 5.768594e-03 6.001828e-03 6.091806e-03 6.218070e-03 6.441753e-03 6.599018e-03 7.266852e-03 4.449621e-03 1.796068e-03 1.145510e-03 4.587428e-03 6.189107e-03 6.718919e-03 6.755261e-03 6.496805e-03 1.027124e-02 1.449978e-01 5.115927e-03 5.759335e-03 3.632332e-02 6.712388e-03 6.945300e-03 6.989764e-03 6.919131e-03 6.775683e-03 6.629144e-03 6.482866e-03 6.309691e-03 5.812362e-03 4.102000e-03 6.023494e-03 5.876526e-03 5.866257e-03 6.009193e-03 6.141498e-03
5.225311e-03 4.902489e-03 4.779412e-03 3.522765e-03 3.594618e-03 3.583102e-03 3.598554e-03 5.172859e-03 4.956009e-03 1.403388e-02 5.413684e-03 5.257759e-03 3.872595e-03 3.831661e-03 5.607669e-03 3.787535e-03 3.861521e-03 4.025671e-03 4.115678e-03 4.138023e-03 4.214305e-03 4.341599e-03 6.905484e-03 6.554277e-03 7.306772e-03 2.932081e-03 1.451824e-02 1.751948e-02 1.581918e-02 1.439525e-02 1.309523e-02 1.185545e-02 1.061539e-02 3.213646e-03 1.446339e-01 5.034752e-03 3.818917e-02 6.506148e-03 6.834567e-03 6.951737e-03 6.905114e-03 6.772455e-03 6.675174e-03 6.600826e-03 6.488813e-03 5.997742e-03 4.197652e-03 6.299323e-03 6.160092e-03 6.099550e-03 6.152800e-03 6.204358e-03
5.404706e-03 5.095171e-03 3.415734e-03 4.628501e-03 4.944352e-03 4.991703e-03 4.993176e-03 3.535471e-03 1.556207e-02 5.186666e-03 3.730785e-03 3.818710e-03 5.293956e-03 5.586526e-03 3.789516e-03 5.200307e-03 5.602534e-03 5.860403e-03 6.040118e-03 6.103985e-03 6.184707e-03 6.351049e-03 4.300871e-03 4.484014e-03 9.679341e-03 1.358956e-02 1.503223e-02 1.216865e-02 9.614359e-03 8.149470e-03 7.554653e-03 7.371888e-03 6.798718e-03 9.384428e-03 1.438851e-01 4.816026e-03 3.887234e-02 6.270074e-03 6.664288e-03 6.863808e-03 6.870739e-03 6.779783e-03 6.726033e-03 6.702674e-03 6.640466e-03 6.148502e-03 4.271980e-03 6.541392e-03 6.450844e-03 6.362426e-03 6.291960e-03 6.215068e-03
5.580235e-03 9.434753e-03 7.830574e-03 6.311356e-03 4.974705e-03 4.976925e-03 4.958116e-03 1.712903e-02 4.997738e-03 3.638504e-03 5.030633e-03 5.445777e-03 5.570193e-03 5.573420e-03 5.574624e-03 5.615652e-03 5.732377e-03 5.936980e-03 6.092143e-03 6.140642e-03 6.150087e-03 6.157546e-03 6.326853e-03 6.711310e-03 6.870390e-03 1.311486e-02 1.300544e-02 4.495022e-03 6.750539e-03 7.610657e-03 7.838786e-03 7.760807e-03 7.304458e-03 1.124669e-02 8.171285e-03 1.434518e-01 3.912455e-02 6.072970e-03 6.498083e-03 6.754590e-03 6.816729e-03 6.779558e-03 6.767358e-03 4.285075e-03 6.813019e-03 8.983942e-03 4.334032e-03 6.747030e-03 6.687022e-03 6.589294e-03 6.449115e-03 6.285189e-03
1.111738e-02 5.607767e-03 8.449012e-03 8.505401e-03 1.095140e-02 1.490113e-02 1.632025e-02 5.009876e-03 5.062877e-03 5.234575e-03 5.387717e-03 5.436812e-03 5.460869e-03 5.482187e-03 5.532766e-03 5.626476e-03 8.498901e-03 6.969186e-03 6.330852e-03 6.358851e-03 6.303176e-03 6.094179e-03 6.049904e-03 6.313027e-03 6.524293e-03 8.329083e-03 4.453845e-03 6.658537e-03 7.472879e-03 7.881420e-03 8.111251e-03 8.072491e-03 7.663752e-03 6.808303e-03 9.499766e-03 1.496850e-01 3.922795e-02 5.803999e-03 6.378701e-03 6.652899e-03 6.752221e-03 6.763730e-03 6.172461e-03 4.287393e-03 6.830153e-03 1.034888e-02 4.379536e-03 6.931466e-03 6.853330e-03 6.752452e-03 6.634279e-03 6.465898e-03
5.796937e-03 5.771113e-03 3.775837e-03 5.369438e-03 5.862050e-03 5.132923e-03 5.145953e-03 5.117855e-03 5.207013e-03 5.418886e-03 5.551524e-03 5.473786e-03 5.386330e-03 5.375793e-03 5.424992e-03 5.520431e-03 3.907656e-03 5.657978e-03 6.304631e-03 6.556183e-03 6.500967e-03 6.073435e-03 5.827013e-03 6.012075e-03 4.200416e-03 1.169428e-02 1.462723e-02 1.314512e-02 1.070277e-02 9.019641e-03 8.271442e-03 8.231680e-03 7.883013e-03 7.242835e-03 6.091158e-03 1.500263e-01 3.824959e-02 9.496328e-03 6.337143e-03 6.554829e-03 6.645740e-03 6.581012e-03 4.250941e-03 6.164237e-03 6.831353e-03 8.451113e-03 6.399129e-03 7.081889e-03 7.002418e-03 6.896467e-03 6.803326e-03 6.679675e-03
5.833493e-03 5.891930e-03 5.754882e-03 7.351928e-03 5.177505e-03 5.162211e-03 5.209019e-03 5.228559e-03 5.364435e-03 8.254940e-03 6.709829e-03 5.704915e-03 5.469141e-03 5.344521e-03 5.323281e-03 5.394843e-03 5.612506e-03 5.979025e-03 6.333638e-03 6.616150e-03 6.581148e-03 6.062260e-03 9.214555e-03 9.425317e-03 7.885209e-03 1.315382e-02 1.506352e-02 1.338796e-02 1.101948e-02 9.346155e-03 8.316251e-03 8.202190e-03 7.987014e-03 7.655029e-03 6.775861e-03 1.494029e-01 3.731457e-02 1.294162e-02 6.342017e-03 6.470711e-03 6.469061e-03 4.113061e-03 5.983384e-03 6.627880e-03 6.851171e-03 7.113293e-03 7.006245e-03 7.182249e-03 7.153255e-03 7.049506e-03 6.937251e-03 6.877650e-03
5.915104e-03 6.019562e-03 9.213147e-03 5.524543e-03 5.241650e-03 5.235015e-03 5.292169e-03 5.331183e-03 5.481119e-03 5.784613e-03 5.944530e-03 5.884408e-03 5.693883e-03 5.451478e-03 5.338080e-03 5.403795e-03 5.609123e-03 5.930613e-03 6.254388e-03 6.537935e-03 6.505412e-03 5.952998e-03 3.798070e-03 4.069326e-03 6.016879e-03 1.286753e-02 1.738806e-02 1.713995e-02 1.466533e-02 1.294509e-02 1.054797e-02 8.866019e-03 7.977541e-03 7.947409e-03 1.272270e-02 1.490666e-01 3.642320e-02 1.625314e-02 6.509390e-03 6.445459e-03 5.877019e-03 4.131831e-03 6.447621e-03 6.734909e-03 6.922612e-03 7.072220e-03 7.141074e-03 7.225266e-03 7.248746e-03 7.180038e-03 7.066070e-03 7.033068e-03
6.053642e-03 6.142284e-03 6.020595e-03 5.631578e-03 5.380533e-03 5.373037e-03 5.419379e-03 5.467523e-03 5.599708e-03 3.927487e-03 9.360421e-03 1.229081e-02 1.039090e-02 1.654243e-02 1.845210e-02 1.666311e-02 1.493841e-02 1.329177e-02 1.170932e-02 1.018266e-02 8.671364e-03 7.138208e-03 5.720057e-03 6.159384e-03 6.712377e-03 2.969384e-03 5.042221e-03 7.072524e-03 7.931917e-03 8.252692e-03 8.312555e-03 8.160228e-03 7.995369e-03 8.071653e-03 7.879318e-03 1.106892e-02 1.775238e-01 1.908712e-02 6.780642e-03 6.535038e-03 4.263411e-03 6.067421e-03 6.736880e-03 6.921738e-03 7.071138e-03 7.160727e-03 7.185961e-03 7.216250e-03 7.260115e-03 7.260911e-03 7.202018e-03 7.147277e-03
6.229097e-03 6.238448e-03 6.071320e-03 5.757431e-03 5.579146e-03 5.553297e-03 5.582785e-03 5.660989e-03 5.766829e-03 8.870747e-03 6.011157e-03 6.135925e-03 9.386488e-03 5.902119e-03 5.773631e-03 8.972494e-03 7.339979e-03 6.188976e-03 6.313744e-03 6.501350e-03 6.512896e-03 6.213070e-03 6.128744e-03 6.488389e-03 2.935919e-03 1.456307e-03 4.936129e-03 7.104881e-03 7.894571e-03 8.062014e-03 8.066306e-03 8.051665e-03 8.046568e-03 8.053810e-03 7.904573e-03 1.265541e-02 1.793008e-01 2.052160e-02 2.813965e-03 4.581057e-03 6.458077e-03 6.882846e-03 7.043095e-03 7.138848e-03 7.214638e-03 7.252804e-03 7.233794e-03 7.205297e-03 7.213868e-03 7.239102e-03 7.226570e-03 7.141261e-03
6.376520e-03 6.257845e-03 5.989543e-03 5.881162e-03 5.765935e-03 5.712411e-03 5.722299e-03 5.821212e-03 5.911348e-03 5.949303e-03 6.028316e-03 6.172947e-03 6.204577e-03 6.044912e-03 5.964617e-03 6.073823e-03 9.469780e-03 1.272007e-02 1.569201e-02 1.380718e-02 1.206738e-02 1.042890e-02 8.901527e-03 7.476300e-03 6.200566e-03 4.291602e-03 4.930906e-03 7.018493e-03 7.684597e-03 7.741344e-03 7.770982e-03 7.941977e-03 8.100968e-03 8.158592e-03 8.139253e-03 7.814255e-03 1.722333e-02 1.806797e-01 1.467484e-03 7.154252e-03 7.675260e-03 7.378709e-03 7.343837e-03 7.326788e-03 7.307294e-03 7.310664e-03 7.293917e-03 7.222162e-03 7.136147e-03 7.094212e-03 7.072027e-03 6.966570e-03
6.348769e-03 5.647808e-03 5.881461e-03 5.818620e-03 5.796016e-03 5.763112e-03 5.766472e-03 5.862217e-03 5.946095e-03 5.976230e-03 6.041916e-03 6.163022e-03 6.206677e-03 6.127581e-03 6.100776e-03 6.197393e-03 6.330710e-03 6.480506e-03 6.640215e-03 1.048231e-02 8.724557e-03 7.309022e-03 6.970370e-03 7.090726e-03 3.767746e-03 2.339664e-03 4.910650e-03 6.914207e-03 7.498335e-03 7.530761e-03 5.411858e-02 5.290148e-02 5.169851e-02 6.951882e-02 7.409954e-02 7.217963e-02 7.096963e-02 1.805040e-01 4.616183e-03 2.952731e-03 8.192267e-03 7.780912e-03 7.534690e-03 7.429602e-03 7.343430e-03 7.315616e-03 7.300824e-03 7.217409e-03 7.070212e-03 6.965132e-03 6.930586e-03 6.820673e-03
4.144232e-03 5.862611e-03 5.590627e-03 5.573878e-03 5.713537e-03 5.721856e-03 5.731905e-03 5.802519e-03 5.881996e-03 5.954214e-03 6.037698e-03 6.116201e-03 6.163100e-03 6.169805e-03 6.197029e-03 6.273526e-03 6.386013e-03 6.540404e-03 6.715887e-03 6.895098e-03 1.094262e-02 1.164273e-02 1.211394e-02 1.651030e-02 1.529257e-02 1.342118e-02 1.156633e-02 1.137196e-02 4.051682e-02 4.917243e-02 7.602395e-03 1.182247e-02 2.371820e-02 8.132276e-03 8.275746e-03 2.748668e-02 2.748027e-02 2.271913e-02 1.796921e-01 1.338499e-03 3.756280e-03 7.936203e-03 7.655800e-03 7.420643e-03 7.321028e-03 7.266418e-03 7.223404e-03 7.152374e-03 7.021147e-03 6.921439e-03 6.912428e-03 3.264074e-02
5.774355e-03 5.661166e-03 4.941459e-03 5.399163e-03 5.544085e-03 5.610735e-03 5.629957e-03 5.647650e-03 5.713402e-03 5.894938e-03 6.005437e-03 6.054223e-03 6.116371e-03 6.204383e-03 6.287596e-03 6.359247e-03 6.459707e-03 6.604474e-03 6.776744e-03 6.962668e-03 4.405249e-03 4.408840e-03 7.183428e-03 4.582568e-03 1.972523e-03 5.123230e-03 7.067011e-03 3.056137e-02 1.180265e-02 7.349084e-03 6.778119e-03 6.958237e-03 7.126233e-03 7.252229e-03 7.418004e-03 7.642987e-03 7.676474e-03 8.417079e-03 7.508516e-03 1.788534e-01 1.841383e-03 7.389722e-03 7.444935e-03 7.227460e-03 7.210719e-03 7.191828e-03 7.146074e-03 7.103618e-03 7.012984e-03 6.904110e-03 6.856328e-03 3.500079e-02
6.027443e-03 3.620792e-03 5.027135e-03 4.900033e-03 5.113313e-03 5.212812e-03 5.234224e-03 5.188937e-03 5.573660e-03 5.715277e-03 5.869497e-03 5.961136e-03 6.024811e-03 6.164062e-03 6.305705e-03 6.408776e-03 6.527621e-03 6.678768e-03 6.839028e-03 4.385463e-03 6.397516e-03 6.920691e-03 4.418849e-03 6.651385e-03 1.349378e-02 3.088369e-02 3.454154e-02 1.433978e-02 6.643277e-03 4.518545e-03 4.553579e-03 4.618702e-03 4.692161e-03 4.761778e-03 4.853655e-03 4.969575e-03 9.433951e-03 2.125685e-02 1.487876e-02 1.184768e-02 1.780657e-01 3.303453e-03 6.467858e-03 6.700851e-03 6.974884e-03 7.093967e-03 7.107421e-03 7.109172e-03 7.064826e-03 6.896755e-03 3.727327e-02 6.688066e-03
5.809136e-03 5.282303e-03 3.424389e-03 3.573477e-03 3.687987e-03 3.759545e-03 3.754652e-03 5.315962e-03 5.015399e-03 5.202959e-03 5.674252e-03 5.696094e-03 5.775321e-03 5.978646e-03 6.156540e-03 6.318807e-03 6.500186e-03 6.648445e-03 4.362588e-03 6.399199e-03 6.999815e-03 7.011734e-03 7.043384e-03 7.292569e-03 1.374005e-02 2.079108e-02 1.908639e-02 4.521219e-03 4.487291e-03 6.603654e-03 7.266405e-03 7.445139e-03 7.591884e-03 7.806672e-03 8.080416e-03 8.406112e-03 4.961711e-03 4.993237e-03 7.541603e-03 7.809203e-03 6.462905e-03 1.772500e-01 3.135524e-03 6.147522e-03 6.686505e-03 6.947366e-03 7.016755e-03 7.021549e-03 6.998527e-03 3.951151e-02 6.554758e-03 2.623272e-02
5.526881e-03 5.154335e-03 4.882422e-03 4.905708e-03 5.041966e-03 5.205872e-03 5.257055e-03 3.565837e-03 3.582371e-03 5.212853e-03 5.066217e-03 5.115290e-03 5.503515e-03 5.644911e-03 5.863994e-03 6.106246e-03 5.972166e-03 4.327938e-03 6.353504e-03 7.012818e-03 7.144779e-03 7.068005e-03 7.050700e-03 7.212764e-03 1.364183e-02 1.935494e-02 1.562975e-02 1.234166e-02 1.019523e-02 8.512799e-03 7.377120e-03 7.339049e-03 7.380946e-03 7.536066e-03 7.781072e-03 8.089267e-03 8.386535e-03 8.640995e-03 2.300163e-02 3.167773e-02 2.299834e-02 1.907890e-02 1.760943e-01 6.701700e-03 6.356514e-03 1.092859e-02 4.261679e-03 6.764887e-03 4.173945e-02 6.466938e-03 2.912350e-02 7.210380e-03
5.159343e-03 4.995729e-03 4.905372e-03 4.901328e-03 4.947980e-03 5.029333e-03 5.039071e-03 4.926299e-03 4.883279e-03 3.552995e-03 3.608520e-03 5.082880e-03 4.922859e-03 5.076359e-03 5.309247e-03 4.086087e-03 4.219107e-03 6.208933e-03 6.914361e-03 7.124535e-03 7.167585e-03 7.113747e-03 7.086077e-03 7.153772e-03 1.356096e-02 1.788533e-02 1.426496e-02 1.162970e-02 9.700359e-03 8.153768e-03 7.490515e-03 7.358749e-03 7.291155e-03 7.321889e-03 7.481672e-03 7.771544e-03 8.070866e-03 8.322986e-03 4.873710e-03 4.848297e-03 7.116689e-03 7.065545e-03 1.955001e-02 1.751562e-01 1.050346e-02 1.116318e-02 6.639813e-03 4.065558e-02 6.401437e-03 2.757127e-02 7.075356e-03 7.190639e-03
4.772053e-03 4.809762e-03 4.902226e-03 4.961746e-03 4.981495e-03 4.959665e-03 4.903293e-03 4.818477e-03 4.759248e-03 4.750290e-03 4.789456e-03 3.477476e-03 3.548603e-03 3.638183e-03 3.803934e-03 5.536254e-03 6.286158e-03 6.718892e-03 6.980375e-03 7.086093e-03 7.096944e-03 7.049473e-03 1.101857e-02 1.164797e-02 1.543175e-02 2.062581e-02 1.842155e-02 1.628840e-02 1.401484e-02 1.162329e-02 9.887434e-03 8.374495e-03 7.296909e-03 7.204351e-03 7.242737e-03 7.442132e-03 7.712497e-03 7.987277e-03 8.229446e-03 8.426319e-03 8.406277e-03 8.096502e-03 7.384788e-03 2.273934e-02 1.742010e-01 1.452459e-02 3.958385e-02 6.461966e-03 2.559803e-02 1.125333e-02 7.310137e-03 7.345650e-03
3.269575e-03 4.480436e-03 4.897402e-03 5.077302e-03 5.119996e-03 5.013563e-03 4.898879e-03 4.853655e-03 4.774274e-03 4.591045e-03 4.491746e-03 4.574373e-03 4.771738e-03 5.035123e-03 5.390520e-03 5.836347e-03 6.271003e-03 6.660997e-03 6.908102e-03 6.974931e-03 6.933789e-03 6.833179e-03 4.326916e-03 4.436350e-03 1.196171e-02 1.599495e-02 1.447596e-02 1.159050e-02 9.694504e-03 8.227226e-03 7.892293e-03 7.635968e-03 7.390849e-03 7.193426e-03 7.090551e-03 7.113811e-03 7.301576e-03 7.636348e-03 7.976059e-03 8.258724e-03 8.403780e-03 8.341473e-03 8.063100e-03 7.334948e-03 2.562620e-02 1.734727e-01 4.126522e-02 2.395567e-02 9.323702e-03 4.425421e-03 4.510466e-03 6.677361e-03
-9.999000e+03 -9.999000e+03 -9.999000e+03 -9.999000e+03 -9.999000e+03 -9.999000e+03 -9.999000e+03 3.524330e-03 3.459707e-03 3.274601e-03 3.190543e-03 3.265640e-03 4.484411e-03 5.055289e-03 5.479478e-03 5.846597e-03 6.199322e-03 6.560816e-03 6.787610e-03 6.814087e-03 6.731368e-03 6.589344e-03 6.633733e-03 6.940316e-03 3.201666e-03 4.925666e-03 6.841472e-03 7.756079e-03 8.140052e-03 8.225790e-03 8.118125e-03 7.855871e-03 7.544982e-03 7.238835e-03 6.994404e-03 6.847277e-03 6.929072e-03 7.274398e-03 7.685068e-03 8.052092e-03 8.310465e-03 8.441565e-03 8.318880e-03 7.887275e-03 6.864002e-03 1.824748e-01 6.351256e-02 7.919344e-03 6.558453e-03 6.711477e-03 7.440789e-03 4.582314e-03
-9.999000e+03 -9.999000e+03 -9.999000e+03 -9.999000e+03 -9.999000e+03 -9.999000e+03 -9.999000e+03 -9.999000e+03 -9.999000e+03 -9.999000e+03 4.267178e-03 4.294588e-03 3.472460e-03 3.737958e-03 5.327595e-03 5.839489e-03 6.110895e-03 6.432310e-03 6.634523e-03 6.618675e-03 6.518932e-03 6.407176e-03 6.507593e-03 6.883844e-03 3.135653e-03 4.882528e-03 6.754087e-03 7.674651e-03 8.122990e-03 8.324707e-03 8.313620e-03 8.080400e-03 7.732282e-03 7.334212e-03 6.989737e-03 6.755787e-03 6.736638e-03 6.964139e-03 7.332288e-03 7.773203e-03 8.143805e-03 8.383609e-03 8.406018e-03 8.136875e-03 7.486987e-03 6.313244e-03 2.437416e-01 1.043058e-02 7.426035e-03 7.733349e-03 -9.999000e+03 -9.999000e+03
