tests/data/reference/test_rill/mrsearstr_pa.asc
ncols	123
nrows	77
xllcorner	-713746.79929998
yllcorner	-1061022.36961616
cellsize	10.0
NODATA_value	-9999
[rows 46 to 68 of 77, columns 0 to 51 of 123]
-9.999000e+03 -9.999000e+03 -9.999000e+03 -9.999000e+03 -9.999000e+03 -9.999000e+03 5.986021e-01 1.050905e+00 1.005869e+00 1.081524e+00 9.601868e-01 1.246098e+00 1.397684e+00 1.411996e+00 1.401132e+00 1.371894e+00 1.397933e+00 1.448776e+00 1.601567e+00 1.945358e+00 2.227352e+00 2.325428e+00 2.344030e+00 2.243383e+00 2.346286e+00 2.606508e+00 2.665961e+00 2.494323e+00 2.442439e+00 2.501444e+00 2.520105e+00 5.042589e+00 5.215701e+00 2.754269e+00 2.996538e+00 3.283548e+00 3.627905e+00 3.977954e+00 4.258459e+00 4.503730e+00 4.636642e+00 4.642328e+00 4.643692e+00 4.702844e+00 4.633130e+00 4.402984e+00 4.216133e+00 4.034764e+00 3.733776e+00 3.328353e+00 3.116186e+00 3.182525e+00
-9.999000e+03 -9.999000e+03 -9.999000e+03 -9.999000e+03 -9.999000e+03 -9.999000e+03 1.347833e+00 9.072411e-01 1.151866e+00 1.283408e+00 1.167031e+00 1.442458e+00 1.569724e+00 1.625253e+00 1.630886e+00 1.532777e+00 1.395920e+00 1.321028e+00 1.434422e+00 1.763494e+00 1.762193e+00 1.916642e+00 1.997679e+00 1.990797e+00 2.391934e+00 2.663444e+00 2.708658e+00 4.555349e+00 4.703954e+00 5.081164e+00 5.237759e+00 2.657215e+00 2.758327e+00 2.963677e+00 3.201614e+00 3.436166e+00 3.706728e+00 4.013925e+00 4.266315e+00 4.511417e+00 4.732172e+00 4.891577e+00 4.997628e+00 5.065594e+00 5.001315e+00 4.765017e+00 4.522091e+00 4.327848e+00 4.102358e+00 3.748481e+00 3.416070e+00 3.263536e+00
-9.999000e+03 -9.999000e+03 -9.999000e+03 -9.999000e+03 -9.999000e+03 4.717177e-01 7.928571e-01 1.212245e+00 1.054706e+00 1.100377e+00 1.288627e+00 1.403217e+00 1.553734e+00 1.659445e+00 1.688913e+00 1.626304e+00 1.482486e+00 1.354091e+00 1.438429e+00 1.739540e+00 2.354135e+00 2.896957e+00 3.393882e+00 3.850582e+00 4.153789e+00 4.511002e+00 4.764280e+00 2.652483e+00 2.649539e+00 2.780460e+00 2.822360e+00 2.790667e+00 2.893813e+00 3.069123e+00 3.243024e+00 3.406020e+00 3.624024e+00 3.939918e+00 4.206231e+00 4.425934e+00 4.654099e+00 4.872796e+00 5.055168e+00 5.188101e+00 5.205056e+00 5.059581e+00 4.814782e+00 4.547820e+00 4.346234e+00 4.113138e+00 3.787514e+00 3.496384e+00
-9.999000e+03 -9.999000e+03 -9.999000e+03 -9.999000e+03 8.956613e-01 8.116327e-01 1.143340e+00 1.349437e+00 9.219410e-01 8.358025e-01 1.023843e+00 1.145513e+00 1.365665e+00 1.497214e+00 1.582899e+00 1.620010e+00 1.564046e+00 1.437645e+00 1.523103e+00 1.816482e+00 2.080575e+00 2.298064e+00 2.546606e+00 2.788084e+00 2.887225e+00 2.887888e+00 2.904294e+00 2.889024e+00 2.860093e+00 2.890043e+00 2.909118e+00 2.866684e+00 2.871677e+00 2.933753e+00 3.031286e+00 3.151306e+00 3.355426e+00 3.709861e+00 4.041114e+00 4.284800e+00 4.476771e+00 4.652037e+00 4.849250e+00 5.044198e+00 5.172626e+00 5.185917e+00 5.029213e+00 4.727188e+00 4.510347e+00 4.396799e+00 4.144547e+00 3.784306e+00
-9.999000e+03 -9.999000e+03 -9.999000e+03 -9.999000e+03 5.731420e-01 1.006542e+00 1.152392e+00 1.084466e+00 8.232253e-01 6.931665e-01 8.512072e-01 1.094706e+00 1.033708e+00 1.373985e+00 1.527860e+00 1.628219e+00 1.605178e+00 1.467059e+00 1.548726e+00 1.852824e+00 2.176217e+00 2.473379e+00 2.773755e+00 3.099234e+00 3.232429e+00 3.206695e+00 3.239161e+00 3.287758e+00 3.244022e+00 3.184139e+00 3.187804e+00 3.168363e+00 3.124652e+00 3.090621e+00 3.092571e+00 3.137076e+00 3.258708e+00 3.526137e+00 3.853783e+00 4.150460e+00 4.314404e+00 4.392148e+00 4.542237e+00 4.746937e+00 4.943154e+00 5.087204e+00 5.052215e+00 4.815573e+00 4.640488e+00 4.621399e+00 4.434428e+00 4.045133e+00
-9.999000e+03 -9.999000e+03 -9.999000e+03 5.015744e-01 5.816663e-01 8.887261e-01 7.789713e-01 7.335932e-01 6.061730e-01 6.916465e-01 8.380087e-01 8.384233e-01 8.928609e-01 1.250459e+00 1.479322e+00 1.609069e+00 1.608659e+00 1.488557e+00 1.547927e+00 1.848146e+00 2.341464e+00 2.680391e+00 3.071544e+00 3.414355e+00 3.606127e+00 3.632396e+00 3.697793e+00 3.792875e+00 3.766548e+00 3.662001e+00 3.628592e+00 3.616974e+00 3.579202e+00 3.502729e+00 3.411189e+00 3.355117e+00 3.345048e+00 3.438318e+00 3.699462e+00 4.041973e+00 4.180789e+00 4.138275e+00 4.194225e+00 4.350341e+00 4.560645e+00 4.793327e+00 4.896437e+00 4.814373e+00 4.691921e+00 4.703023e+00 4.565766e+00 4.223334e+00
-9.999000e+03 -9.999000e+03 -9.999000e+03 4.110998e-01 6.248189e-01 6.720617e-01 5.390636e-01 4.080228e-01 4.637058e-01 5.024597e-01 6.203232e-01 6.741705e-01 7.163135e-01 1.091362e+00 1.371956e+00 1.506821e+00 1.544627e+00 1.473095e+00 1.459010e+00 1.982493e+00 1.799727e+00 2.499391e+00 2.923111e+00 3.303443e+00 3.597957e+00 3.734200e+00 3.838940e+00 3.950125e+00 3.935925e+00 3.803860e+00 3.720076e+00 3.693067e+00 3.697212e+00 3.688403e+00 3.640338e+00 3.601766e+00 3.540584e+00 3.485436e+00 3.651625e+00 4.015435e+00 4.164099e+00 4.063197e+00 4.027553e+00 4.080097e+00 4.222445e+00 4.444671e+00 4.625305e+00 4.534532e+00 4.526754e+00 4.482356e+00 4.363007e+00 6.645440e+00
-9.999000e+03 -9.999000e+03 2.601858e-01 2.341758e-01 5.585454e-01 5.440379e-01 2.948994e-01 2.309995e-01 2.815284e-01 2.042356e-01 3.363394e-01 4.394843e-01 4.917955e-01 8.909526e-01 1.191229e+00 1.328609e+00 1.433448e+00 1.432491e+00 1.466389e+00 1.233437e+00 1.296225e+00 1.855345e+00 2.305522e+00 2.738839e+00 3.174970e+00 3.473127e+00 3.633133e+00 3.747642e+00 3.744574e+00 3.597556e+00 3.460142e+00 3.405472e+00 3.479734e+00 3.619397e+00 3.720280e+00 3.798635e+00 3.786108e+00 3.666684e+00 3.713249e+00 4.018196e+00 4.206358e+00 4.154993e+00 4.062024e+00 3.986877e+00 4.016648e+00 4.171077e+00 3.483820e+00 3.635554e+00 3.658933e+00 3.565140e+00 7.256364e+00 4.240742e+00
-9.999000e+03 -9.999000e+03 2.361895e-01 4.681475e-01 5.247346e-01 3.084162e-01 1.771740e-01 2.999356e-01 2.654666e-01 4.916067e-02 2.276681e-01 2.956386e-01 3.340849e-01 6.985519e-01 9.411459e-01 1.029035e+00 1.149707e+00 1.233589e+00 1.065164e+00 8.772946e-01 8.007901e-01 1.205225e+00 1.622676e+00 2.011181e+00 2.466442e+00 2.894105e+00 3.177022e+00 3.362183e+00 3.428324e+00 3.343957e+00 3.207274e+00 3.108674e+00 3.190368e+00 3.398623e+00 3.576365e+00 3.721201e+00 3.768931e+00 3.697424e+00 3.727839e+00 3.943130e+00 4.120983e+00 4.156367e+00 4.105197e+00 4.018303e+00 4.040854e+00 4.198785e+00 4.351224e+00 4.515902e+00 7.336926e+00 7.697024e+00 4.268426e+00 4.258191e+00
-9.999000e+03 1.941068e-01 7.813819e-01 5.892863e-01 4.496303e-01 1.046331e-01 3.445254e-01 3.409188e-01 -9.999000e+03 -9.999000e+03 -9.999000e+03 2.194067e-01 2.746778e-01 5.224428e-01 6.617166e-01 6.702243e-01 7.430983e-01 8.803482e-01 7.381149e-01 3.558478e-01 2.902770e-01 5.763580e-01 9.440111e-01 1.217464e+00 1.573670e+00 2.053045e+00 2.473977e+00 2.793552e+00 2.975724e+00 3.008194e+00 2.930850e+00 2.811998e+00 2.860464e+00 3.075697e+00 3.273758e+00 3.440746e+00 3.520606e+00 3.519722e+00 3.638834e+00 3.856070e+00 3.995075e+00 4.060735e+00 4.080141e+00 4.056837e+00 4.139110e+00 4.343249e+00 5.626711e+00 6.647482e+00 4.524304e+00 4.334123e+00 4.320657e+00 4.429245e+00
-9.999000e+03 4.647088e-01 3.854720e-01 4.432670e-01 2.650609e-01 2.838809e-01 -9.999000e+03 -9.999000e+03 -9.999000e+03 -9.999000e+03 -9.999000e+03 -9.999000e+03 3.263303e-01 4.655927e-01 5.906962e-01 6.464939e-01 6.698497e-01 8.613019e-01 7.335918e-01 3.213264e-01 2.086566e-01 2.245659e-01 3.965951e-01 6.636779e-01 9.978724e-01 1.380585e+00 1.779016e+00 2.144797e+00 2.379064e+00 2.489081e+00 2.550252e+00 2.473828e+00 2.549103e+00 2.797649e+00 3.028333e+00 3.223915e+00 3.313212e+00 3.302101e+00 3.477651e+00 3.803788e+00 3.980235e+00 4.025896e+00 4.051179e+00 4.058047e+00 4.182477e+00 4.430368e+00 4.579305e+00 4.622408e+00 4.561540e+00 4.396683e+00 4.473802e+00 4.732468e+00
5.107608e-01 9.289907e-01 4.869436e-01 2.750000e-01 8.868571e-02 4.637359e-01 -9.999000e+03 -9.999000e+03 -9.999000e+03 -9.999000e+03 -9.999000e+03 -9.999000e+03 -9.999000e+03 -9.999000e+03 -9.999000e+03 7.077762e-01 8.964763e-01 8.226107e-01 7.098460e-01 5.573693e-01 5.841982e-01 -9.999000e+03 -9.999000e+03 3.960171e-01 6.714344e-01 8.766314e-01 1.133411e+00 1.423951e+00 1.584786e+00 1.915585e+00 1.996428e+00 2.088797e+00 2.236517e+00 2.543498e+00 2.810433e+00 3.019651e+00 3.117577e+00 3.088911e+00 3.292744e+00 3.736058e+00 3.985297e+00 3.996313e+00 3.997839e+00 4.017459e+00 4.158421e+00 4.444392e+00 4.645402e+00 4.721879e+00 4.666197e+00 4.509181e+00 4.683428e+00 5.126714e+00
3.166293e-01 2.434669e-01 2.069811e-01 2.049787e-01 4.846093e-01 -9.999000e+03 -9.999000e+03 -9.999000e+03 -9.999000e+03 -9.999000e+03 -9.999000e+03 -9.999000e+03 -9.999000e+03 -9.999000e+03 -9.999000e+03 -9.999000e+03 -9.999000e+03 -9.999000e+03 -9.999000e+03 -9.999000e+03 -9.999000e+03 -9.999000e+03 -9.999000e+03 3.414010e-01 5.957358e-01 7.129303e-01 9.930866e-01 1.302768e+00 1.401289e+00 1.158870e+00 1.408895e+00 1.545029e+00 1.784640e+00 2.175769e+00 2.466204e+00 2.639638e+00 2.754260e+00 2.841226e+00 3.070170e+00 3.586853e+00 3.776965e+00 3.791159e+00 3.907102e+00 3.853861e+00 3.946773e+00 4.200013e+00 4.376886e+00 4.500987e+00 4.477331e+00 4.333260e+00 4.577799e+00 5.282989e+00
-9.999000e+03 5.380171e-01 4.651341e-01 7.065247e-01 -9.999000e+03 -9.999000e+03 -9.999000e+03 -9.999000e+03 -9.999000e+03 -9.999000e+03 -9.999000e+03 -9.999000e+03 -9.999000e+03 -9.999000e+03 -9.999000e+03 -9.999000e+03 -9.999000e+03 -9.999000e+03 -9.999000e+03 -9.999000e+03 -9.999000e+03 -9.999000e+03 -9.999000e+03 -9.999000e+03 -9.999000e+03 -9.999000e+03 8.799920e-01 1.064248e+00 1.165427e+00 9.000890e-01 7.596401e-01 9.133679e-01 1.207367e+00 1.640670e+00 1.867073e+00 1.924675e+00 2.408479e+00 2.511887e+00 2.797542e+00 2.814162e+00 3.038323e+00 3.753193e+00 3.632011e+00 3.585765e+00 3.721822e+00 3.694434e+00 3.778996e+00 3.857720e+00 4.025797e+00 3.904693e+00 4.243624e+00 4.972297e+00
-9.999000e+03 -9.999000e+03 -9.999000e+03 -9.999000e+03 -9.999000e+03 -9.999000e+03 -9.999000e+03 -9.999000e+03 -9.999000e+03 -9.999000e+03 -9.999000e+03 -9.999000e+03 -9.999000e+03 -9.999000e+03 -9.999000e+03 -9.999000e+03 -9.999000e+03 -9.999000e+03 -9.999000e+03 -9.999000e+03 -9.999000e+03 -9.999000e+03 -9.999000e+03 -9.999000e+03 -9.999000e+03 -9.999000e+03 -9.999000e+03 -9.999000e+03 9.591367e-01 7.682533e-01 6.088591e-01 7.347287e-01 1.041588e+00 1.696656e+00 1.946621e+00 1.825141e+00 1.659007e+00 1.943035e+00 2.237586e+00 3.014197e+00 3.368495e+00 2.840701e+00 2.905474e+00 3.598385e+00 2.957518e+00 2.966430e+00 2.933755e+00 3.546264e+00 3.475290e+00 3.663640e+00 3.305300e+00 3.986403e+00
-9.999000e+03 -9.999000e+03 -9.999000e+03 -9.999000e+03 -9.999000e+03 -9.999000e+03 -9.999000e+03 -9.999000e+03 -9.999000e+03 -9.999000e+03 -9.999000e+03 -9.999000e+03 -9.999000e+03 -9.999000e+03 -9.999000e+03 -9.999000e+03 -9.999000e+03 -9.999000e+03 -9.999000e+03 -9.999000e+03 -9.999000e+03 -9.999000e+03 -9.999000e+03 -9.999000e+03 -9.999000e+03 -9.999000e+03 -9.999000e+03 -9.999000e+03 -9.999000e+03 6.810402e-01 7.822992e-01 9.793726e-01 1.342397e+00 1.647595e+00 1.746429e+00 1.505330e+00 1.520001e+00 1.834415e+00 2.436997e+00 2.783208e+00 2.968797e+00 3.039047e+00 3.223046e+00 2.852102e+00 3.486575e+00 3.596898e+00 3.466994e+00 2.611591e+00 3.260142e+00 2.960015e+00 3.920220e+00 4.684676e+00
-9.999000e+03 -9.999000e+03 -9.999000e+03 -9.999000e+03 -9.999000e+03 -9.999000e+03 -9.999000e+03 -9.999000e+03 -9.999000e+03 -9.999000e+03 -9.999000e+03 -9.999000e+03 -9.999000e+03 -9.999000e+03 -9.999000e+03 -9.999000e+03 -9.999000e+03 -9.999000e+03 -9.999000e+03 -9.999000e+03 -9.999000e+03 -9.999000e+03 -9.999000e+03 -9.999000e+03 -9.999000e+03 -9.999000e+03 -9.999000e+03 -9.999000e+03 -9.999000e+03 -9.999000e+03 1.080297e+00 -9.999000e+03 -9.999000e+03 -9.999000e+03 -9.999000e+03 -9.999000e+03 -9.999000e+03 -9.999000e+03 2.082489e+00 2.555904e+00 2.662416e+00 2.612241e+00 2.789576e+00 3.193086e+00 3.426712e+00 3.466575e+00 3.276669e+00 2.865327e+00 2.463216e+00 3.519944e+00 4.098127e+00 4.412814e+00
-9.999000e+03 -9.999000e+03 -9.999000e+03 -9.999000e+03 -9.999000e+03 -9.999000e+03 -9.999000e+03 -9.999000e+03 -9.999000e+03 -9.999000e+03 -9.999000e+03 -9.999000e+03 -9.999000e+03 -9.999000e+03 -9.999000e+03 -9.999000e+03 -9.999000e+03 -9.999000e+03 -9.999000e+03 -9.999000e+03 -9.999000e+03 -9.999000e+03 -9.999000e+03 -9.999000e+03 -9.999000e+03 -9.999000e+03 -9.999000e+03 -9.999000e+03 -9.999000e+03 -9.999000e+03 -9.999000e+03 -9.999000e+03 -9.999000e+03 -9.999000e+03 -9.999000e+03 -9.999000e+03 -9.999000e+03 -9.999000e+03 -9.999000e+03 -9.999000e+03 -9.999000e+03 2.107569e+00 2.229532e+00 2.584026e+00 3.254336e+00 3.345953e+00 3.138265e+00 2.699753e+00 2.868312e+00 3.678845e+00 4.081120e+00 3.998545e+00
-9.999000e+03 -9.999000e+03 -9.999000e+03 -9.999000e+03 -9.999000e+03 -9.999000e+03 -9.999000e+03 -9.999000e+03 -9.999000e+03 -9.999000e+03 -9.999000e+03 -9.999000e+03 -9.999000e+03 -9.999000e+03 -9.999000e+03 -9.999000e+03 -9.999000e+03 -9.999000e+03 -9.999000e+03 -9.999000e+03 -9.999000e+03 -9.999000e+03 -9.999000e+03 -9.999000e+03 -9.999000e+03 -9.999000e+03 -9.999000e+03 -9.999000e+03 -9.999000e+03 -9.999000e+03 -9.999000e+03 -9.999000e+03 -9.999000e+03 -9.999000e+03 -9.999000e+03 -9.999000e+03 -9.999000e+03 -9.999000e+03 -9.999000e+03 -9.999000e+03 -9.999000e+03 -9.999000e+03 -9.999000e+03 -9.999000e+03 2.848631e+00 2.751889e+00 3.030140e+00 2.782379e+00 2.476273e+00 3.632228e+00 3.930385e+00 3.482397e+00
-9.999000e+03 -9.999000e+03 -9.999000e+03 -9.999000e+03 -9.999000e+03 -9.999000e+03 -9.999000e+03 -9.999000e+03 -9.999000e+03 -9.999000e+03 -9.999000e+03 -9.999000e+03 -9.999000e+03 -9.999000e+03 -9.999000e+03 -9.999000e+03 -9.999000e+03 -9.999000e+03 -9.999000e+03 -9.999000e+03 -9.999000e+03 -9.999000e+03 -9.999000e+03 -9.999000e+03 -9.999000e+03 -9.999000e+03 -9.999000e+03 -9.999000e+03 -9.999000e+03 -9.999000e+03 -9.999000e+03 -9.999000e+03 -9.999000e+03 -9.999000e+03 -9.999000e+03 -9.999000e+03 -9.999000e+03 -9.999000e+03 -9.999000e+03 -9.999000e+03 -9.999000e+03 -9.999000e+03 -9.999000e+03 -9.999000e+03 -9.999000e+03 -9.999000e+03 -9.999000e+03 -9.999000e+03 -9.999000e+03 -9.999000e+03 3.101673e+00 2.957414e+00
-9.999000e+03 -9.999000e+03 -9.999000e+03 -9.999000e+03 -9.999000e+03 -9.999000e+03 -9.999000e+03 -9.999000e+03 -9.999000e+03 -9.999000e+03 -9.999000e+03 -9.999000e+03 -9.999000e+03 -9.999000e+03 -9.999000e+03 -9.999000e+03 -9.999000e+03 -9.999000e+03 -9.999000e+03 -9.999000e+03 -9.999000e+03 -9.999000e+03 -9.999000e+03 -9.999000e+03 -9.999000e+03 -9.999000e+03 -9.999000e+03 -9.999000e+03 -9.999000e+03 -9.999000e+03 -9.999000e+03 -9.999000e+03 -9.999000e+03 -9.999000e+03 -9.999000e+03 -9.999000e+03 -9.999000e+03 -9.999000e+03 -9.999000e+03 -9.999000e+03 -9.999000e+03 -9.999000e+03 -9.999000e+03 -9.999000e+03 -9.999000e+03 -9.999000e+03 -9.999000e+03 -9.999000e+03 -9.999000e+03 -9.999000e+03 -9.999000e+03 2.286443e+00
-9.999000e+03 -9.999000e+03 -9.999000e+03 -9.999000e+03 -9.999000e+03 -9.999000e+03 -9.999000e+03 -9.999000e+03 -9.999000e+03 -9.999000e+03 -9.999000e+03 -9.999000e+03 -9.999000e+03 -9.999000e+03 -9.999000e+03 -9.999000e+03 -9.999000e+03 -9.999000e+03 -9.999000e+03 -9.999000e+03 -9.999000e+03 -9.999000e+03 -9.999000e+03 -9.999000e+03 -9.999000e+03 -9.999000e+03 -9.999000e+03 -9.999000e+03 -9.999000e+03 -9.999000e+03 -9.999000e+03 -9.999000e+03 -9.999000e+03 -9.999000e+03 -9.999000e+03 -9.999000e+03 -9.999000e+03 -9.999000e+03 -9.999000e+03 -9.999000e+03 -9.999000e+03 -9.999000e+03 -9.999000e+03 -9.999000e+03 -9.999000e+03 -9.999000e+03 -9.999000e+03 -9.999000e+03 -9.999000e+03 -9.999000e+03 -9.999000e+03 -9.999000e+03
-9.999000e+03 -9.999000e+03 -9.999000e+03 -9.999000e+03 -9.999000e+03 -9.999000e+03 -9.999000e+03 -9.999000e+03 -9.999000e+03 -9.999000e+03 -9.999000e+03 -9.999000e+03 -9.999000e+03 -9.999000e+03 -9.999000e+03 -9.999000e+03 -9.999000e+03 -9.999000e+03 -9.999000e+03 -9.999000e+03 -9.999000e+03 -9.999000e+03 -9.999000e+03 -9.999000e+03 -9.999000e+03 -9.999000e+03 -9.999000e+03 -9.999000e+03 -9.999000e+03 -9.999000e+03 -9.999000e+03 -9.999000e+03 -9.999000e+03 -9.999000e+03 -9.999000e+03 -9.999000e+03 -9.999000e+03 -9.999000e+03 -9.999000e+03 -9.999000e+03 -9.999000e+03 -9.999000e+03 -9.999000e+03 -9.999000e+03 -9.999000e+03 -9.999000e+03 -9.999000e+03 -9.999000e+03 -9.999000e+03 -9.999000e+03 -9.999000e+03 -9.999000e+03
