tests/data/reference/test_rill/mrsearstr_pa.asc
ncols	123
nrows	77
xllcorner	-713746.79929998
yllcorner	-1061022.36961616
cellsize	10.0
NODATA_value	-9999
[rows 23 to 45 of 77, columns 52 to 103 of 123]
6.064042e+00 6.644609e+00 6.641974e+00 6.453263e+00 6.344229e+00 6.307674e+00 6.196016e+00 5.978010e+00 5.841485e+00 5.841074e+00 5.782502e+00 5.665950e+00 5.545158e+00 5.299334e+00 4.813025e+00 4.215669e+00 6.621107e+00 3.419301e+00 3.590652e+00 3.805856e+00 3.989484e+00 4.159879e+00 4.202334e+00 4.018242e+00 3.038650e+00 3.341103e+00 5.604302e+00 3.135295e+00 4.438532e+00 3.015800e+00 3.624877e+00 3.594762e+00 2.636453e+00 2.014633e+00 -9.999000e+03 -9.999000e+03 -9.999000e+03 -9.999000e+03 -9.999000e+03 -9.999000e+03 -9.999000e+03 -9.999000e+03 -9.999000e+03 -9.999000e+03 -9.999000e+03 -9.999000e+03 -9.999000e+03 -9.999000e+03 -9.999000e+03 -9.999000e+03 -9.999000e+03 -9.999000e+03
6.350411e+00 6.755164e+00 6.692268e+00 6.485136e+00 6.345226e+00 6.262413e+00 6.122229e+00 5.913094e+00 5.812097e+00 5.821825e+00 5.779894e+00 5.716098e+00 5.546442e+00 5.174775e+00 4.690768e+00 4.193120e+00 7.232456e+00 3.587230e+00 3.832878e+00 4.164973e+00 4.457969e+00 4.675623e+00 4.725187e+00 4.599776e+00 4.185740e+00 3.858976e+00 2.692265e+00 4.782171e+00 2.525327e+00 3.897975e+00 4.039950e+00 3.645533e+00 3.432091e+00 2.863900e+00 1.837960e+00 -9.999000e+03 -9.999000e+03 -9.999000e+03 -9.999000e+03 -9.999000e+03 -9.999000e+03 -9.999000e+03 -9.999000e+03 -9.999000e+03 -9.999000e+03 -9.999000e+03 -9.999000e+03 -9.999000e+03 -9.999000e+03 -9.999000e+03 -9.999000e+03 -9.999000e+03
6.943110e+00 6.875949e+00 6.814654e+00 6.582745e+00 6.302870e+00 6.060040e+00 5.862638e+00 5.769986e+00 5.825585e+00 5.922579e+00 5.914222e+00 5.782247e+00 5.451094e+00 4.989434e+00 4.624719e+00 4.380044e+00 8.331054e+00 4.095678e+00 4.250297e+00 4.519926e+00 4.814187e+00 5.033390e+00 5.071162e+00 4.963776e+00 4.750098e+00 4.474905e+00 3.981215e+00 5.711515e+00 2.874429e+00 3.091539e+00 5.028881e+00 3.005496e+00 3.487941e+00 3.698721e+00 3.340558e+00 2.423701e+00 1.952910e+00 1.912636e+00 -9.999000e+03 -9.999000e+03 -9.999000e+03 -9.999000e+03 -9.999000e+03 -9.999000e+03 -9.999000e+03 -9.999000e+03 -9.999000e+03 -9.999000e+03 -9.999000e+03 -9.999000e+03 -9.999000e+03 -9.999000e+03
6.736521e+00 7.029411e+00 6.821803e+00 6.489342e+00 6.126540e+00 5.854608e+00 5.728408e+00 5.808469e+00 5.947291e+00 6.023659e+00 5.967245e+00 5.736965e+00 5.380357e+00 5.018065e+00 4.758099e+00 4.577495e+00 9.033290e+00 4.275797e+00 4.380150e+00 4.609820e+00 4.858553e+00 5.043204e+00 5.083616e+00 5.045337e+00 4.996440e+00 4.931256e+00 4.811833e+00 6.171266e+00 4.151595e+00 3.660316e+00 4.950780e+00 2.986742e+00 3.419876e+00 3.861677e+00 3.906982e+00 3.420419e+00 2.751420e+00 2.086747e+00 2.367318e+00 1.863697e+00 -9.999000e+03 -9.999000e+03 -9.999000e+03 -9.999000e+03 -9.999000e+03 -9.999000e+03 -9.999000e+03 -9.999000e+03 -9.999000e+03 -9.999000e+03 -9.999000e+03 -9.999000e+03
7.227696e+00 5.334019e+00 6.643828e+00 6.197557e+00 5.874197e+00 5.763187e+00 5.815222e+00 5.982647e+00 6.073064e+00 6.048610e+00 5.931148e+00 5.704760e+00 5.469532e+00 5.261543e+00 5.009662e+00 4.666079e+00 9.167382e+00 4.081318e+00 4.192212e+00 4.403990e+00 4.563748e+00 4.687931e+00 4.751849e+00 4.834281e+00 4.990339e+00 5.153650e+00 5.259101e+00 6.115600e+00 4.940892e+00 4.528942e+00 5.655653e+00 3.627908e+00 3.409695e+00 3.399461e+00 3.491043e+00 4.019141e+00 2.516258e+00 2.229669e+00 2.430854e+00 2.337323e+00 2.145899e+00 1.004129e+00 -9.999000e+03 -9.999000e+03 -9.999000e+03 -9.999000e+03 -9.999000e+03 -9.999000e+03 -9.999000e+03 -9.999000e+03 -9.999000e+03 -9.999000e+03
7.229723e+00 6.441298e+00 6.383480e+00 5.973190e+00 4.445657e+00 5.777480e+00 5.883524e+00 6.064876e+00 6.158382e+00 6.123002e+00 5.992828e+00 5.774017e+00 5.556073e+00 5.325911e+00 4.982423e+00 4.537061e+00 9.252814e+00 4.081628e+00 4.270499e+00 4.503241e+00 4.643390e+00 4.730101e+00 4.761967e+00 4.837319e+00 5.040325e+00 5.318018e+00 5.548304e+00 5.722329e+00 5.372159e+00 5.082755e+00 5.725728e+00 4.107055e+00 3.559775e+00 3.261575e+00 3.215021e+00 3.385452e+00 3.000586e+00 2.754349e+00 2.210514e+00 2.538338e+00 2.336014e+00 1.668173e+00 7.188569e-01 5.413005e-01 -9.999000e+03 -9.999000e+03 -9.999000e+03 -9.999000e+03 -9.999000e+03 -9.999000e+03 -9.999000e+03 -9.999000e+03
6.943456e+00 6.453298e+00 6.148702e+00 5.924776e+00 4.530089e+00 5.524956e+00 5.855132e+00 6.084161e+00 6.283954e+00 6.293144e+00 6.153406e+00 5.883117e+00 5.544350e+00 5.116687e+00 4.637063e+00 4.264168e+00 4.185718e+00 9.776703e+00 4.665078e+00 4.966065e+00 5.157903e+00 5.213370e+00 5.143536e+00 5.084967e+00 5.173539e+00 5.444083e+00 5.703442e+00 5.710273e+00 5.487458e+00 5.236504e+00 5.298991e+00 4.423030e+00 3.930508e+00 3.533333e+00 3.229112e+00 3.088422e+00 2.963166e+00 2.896692e+00 2.771382e+00 2.167123e+00 1.526870e+00 3.532295e+00 2.058910e+00 8.372698e-01 4.125622e-01 -9.999000e+03 -9.999000e+03 -9.999000e+03 -9.999000e+03 -9.999000e+03 -9.999000e+03 -9.999000e+03
6.323888e+00 5.993942e+00 5.842066e+00 5.840240e+00 5.589569e+00 4.560431e+00 5.879505e+00 6.181510e+00 6.327339e+00 6.217882e+00 5.980325e+00 5.627560e+00 5.218127e+00 4.762499e+00 4.418372e+00 4.332393e+00 4.509302e+00 4.855596e+00 1.066000e+01 5.480498e+00 5.596244e+00 5.544984e+00 5.384695e+00 5.268728e+00 5.318432e+00 5.574213e+00 5.769933e+00 5.731035e+00 5.567739e+00 5.424627e+00 5.225016e+00 4.834326e+00 4.398014e+00 4.859409e+00 3.512999e+00 2.633462e+00 3.135216e+00 3.162280e+00 3.084274e+00 1.534630e+00 3.636792e+00 2.905313e+00 1.770003e+00 1.281965e+00 9.381252e-01 3.742866e-01 -9.999000e+03 -9.999000e+03 -9.999000e+03 -9.999000e+03 -9.999000e+03 -9.999000e+03
5.383246e+00 5.303339e+00 5.458372e+00 5.685940e+00 5.822263e+00 5.700634e+00 4.770164e+00 6.279452e+00 6.137401e+00 5.787861e+00 5.405314e+00 4.979781e+00 4.623452e+00 4.415727e+00 4.480065e+00 4.776235e+00 5.155268e+00 5.569789e+00 1.066000e+01 5.982575e+00 5.891437e+00 5.676663e+00 5.456342e+00 5.373294e+00 5.472342e+00 5.690757e+00 5.737094e+00 5.645609e+00 5.620665e+00 5.655106e+00 5.624333e+00 5.347102e+00 6.815805e+00 4.513631e+00 3.882809e+00 2.973137e+00 3.634930e+00 3.637149e+00 1.885414e+00 4.720281e+00 3.477760e+00 2.725744e+00 1.459283e+00 1.216236e+00 1.258324e+00 1.159804e+00 9.769939e-01 -9.999000e+03 -9.999000e+03 -9.999000e+03 -9.999000e+03 -9.999000e+03
4.182852e+00 4.400685e+00 4.763148e+00 5.111472e+00 4.188666e+00 5.693781e+00 5.905362e+00 5.697539e+00 5.806568e+00 5.502383e+00 5.189759e+00 4.867312e+00 4.688677e+00 4.712160e+00 4.942796e+00 5.306609e+00 5.650630e+00 5.942416e+00 1.066000e+01 5.967130e+00 5.789648e+00 5.589523e+00 5.455672e+00 5.473333e+00 5.617558e+00 5.754865e+00 5.639020e+00 5.454253e+00 5.447262e+00 5.540360e+00 5.618369e+00 8.353124e+00 5.137725e+00 4.867646e+00 4.309207e+00 3.309423e+00 4.232280e+00 3.342996e+00 5.807159e+00 4.346550e+00 3.428347e+00 3.613658e+00 1.817203e+00 1.309606e+00 1.538618e+00 1.669851e+00 1.655998e+00 1.128693e+00 3.930354e-01 -9.999000e+03 -9.999000e+03 -9.999000e+03
2.876023e+00 3.359973e+00 3.773054e+00 4.140910e+00 4.540084e+00 4.699350e+00 5.274335e+00 5.458816e+00 5.493827e+00 5.559061e+00 5.516588e+00 5.461439e+00 5.493675e+00 5.572966e+00 5.673312e+00 5.803042e+00 5.871542e+00 5.850736e+00 5.665471e+00 1.066000e+01 5.304318e+00 5.300320e+00 5.397991e+00 5.578197e+00 5.748519e+00 5.762570e+00 5.476546e+00 5.159924e+00 5.048928e+00 5.069073e+00 8.806005e+00 5.168078e+00 5.027051e+00 4.912095e+00 3.831609e+00 2.298318e+00 3.717127e+00 4.146168e+00 5.379913e+00 4.101283e+00 5.749442e+00 2.963358e+00 2.248369e+00 2.154851e+00 1.912679e+00 1.689590e+00 1.697146e+00 2.227430e+00 1.140348e+00 5.933989e-01 -9.999000e+03 -9.999000e+03
1.079000e+01 1.079000e+01 3.353775e+00 3.763945e+00 4.061892e+00 4.561266e+00 4.956581e+00 5.312363e+00 5.591201e+00 5.808621e+00 5.958454e+00 6.091884e+00 6.231765e+00 6.295536e+00 6.272669e+00 6.176484e+00 5.965245e+00 5.666384e+00 5.281459e+00 1.079000e+01 4.760616e+00 4.817562e+00 5.052671e+00 5.340074e+00 5.504438e+00 5.407778e+00 5.034747e+00 4.731646e+00 4.657228e+00 4.683099e+00 8.980757e+00 5.081634e+00 5.050691e+00 4.052203e+00 1.983545e+00 7.433734e+00 4.524047e+00 4.508714e+00 4.982703e+00 7.304658e+00 3.673047e+00 3.350179e+00 2.646955e+00 2.725579e+00 2.318479e+00 2.435523e+00 2.108260e+00 1.780656e+00 1.597034e+00 2.496472e+00 1.062547e+00 6.118139e-01
5.275517e+00 4.887086e+00 1.079000e+01 3.736735e+00 4.131380e+00 4.795020e+00 5.358380e+00 5.743985e+00 6.096273e+00 6.375399e+00 6.592997e+00 6.806342e+00 6.960607e+00 6.995896e+00 6.900205e+00 6.605287e+00 6.132514e+00 5.613975e+00 5.084920e+00 4.599011e+00 1.079000e+01 4.292844e+00 4.565963e+00 4.887631e+00 4.852623e+00 4.670160e+00 4.312303e+00 4.156636e+00 4.258125e+00 4.400471e+00 9.159077e+00 5.125090e+00 3.297545e+00 2.006440e+00 7.095658e+00 6.556386e+00 4.719439e+00 4.688038e+00 8.966623e+00 4.330641e+00 4.036306e+00 3.626186e+00 3.407967e+00 2.543331e+00 2.733421e+00 3.671954e+00 2.134702e+00 2.456070e+00 2.316109e+00 2.901320e+00 1.576142e+00 2.467864e+00
3.517297e+00 4.392047e+00 4.504302e+00 1.079000e+01 1.079000e+01 1.079000e+01 1.079000e+01 5.507628e+00 5.622246e+00 5.725135e+00 5.840160e+00 5.984808e+00 6.019013e+00 5.931110e+00 7.623568e+00 5.436123e+00 5.058362e+00 4.723229e+00 4.388437e+00 4.076859e+00 3.168860e+00 1.079000e+01 5.738996e+00 4.569898e+00 4.464799e+00 4.171438e+00 3.770583e+00 3.783036e+00 4.051580e+00 4.325797e+00 9.491451e+00 3.215298e+00 3.255572e+00 4.024366e+00 6.606680e+00 5.766436e+00 4.784385e+00 4.767779e+00 9.332999e+00 4.569972e+00 4.309003e+00 3.972806e+00 3.538718e+00 2.736429e+00 3.012287e+00 3.462674e+00 2.735309e+00 2.783314e+00 2.689921e+00 2.837839e+00 2.337626e+00 2.668157e+00
5.096659e+00 5.453744e+00 5.317271e+00 4.551563e+00 4.429742e+00 5.021173e+00 5.218065e+00 1.079000e+01 1.079000e+01 1.079000e+01 1.079000e+01 1.079000e+01 1.079000e+01 1.079000e+01 1.079000e+01 1.079000e+01 1.079000e+01 3.390609e+00 3.591797e+00 3.752089e+00 4.011695e+00 4.236444e+00 1.079000e+01 4.501262e+00 4.058955e+00 3.667093e+00 3.561490e+00 3.638121e+00 4.078932e+00 4.481073e+00 1.066000e+01 1.066000e+01 5.187686e+00 4.120423e+00 5.923526e+00 5.259458e+00 4.852774e+00 4.784382e+00 9.406754e+00 4.665967e+00 4.486463e+00 4.143777e+00 3.731998e+00 3.519999e+00 3.278653e+00 2.363740e+00 2.673448e+00 2.674424e+00 2.747143e+00 2.870962e+00 2.893763e+00 2.851312e+00
5.413522e+00 5.887465e+00 5.690506e+00 1.079000e+01 1.079000e+01 1.079000e+01 1.079000e+01 1.079000e+01 1.079000e+01 1.079000e+01 1.079000e+01 1.079000e+01 1.079000e+01 1.061794e+01 1.011897e+01 9.537269e+00 8.831003e+00 1.079000e+01 1.079000e+01 3.082929e+00 3.433307e+00 4.006808e+00 1.079000e+01 3.967817e+00 3.585763e+00 3.342353e+00 3.378819e+00 3.767706e+00 4.191838e+00 5.207722e+00 1.066000e+01 5.411115e+00 5.269923e+00 4.180991e+00 5.414713e+00 5.148792e+00 4.970812e+00 9.932224e+00 4.871105e+00 4.854541e+00 4.701463e+00 4.356138e+00 4.045192e+00 3.726571e+00 3.286922e+00 3.026236e+00 2.280101e+00 2.638248e+00 2.713519e+00 2.881033e+00 3.012543e+00 2.964473e+00
5.367547e+00 1.066000e+01 1.066000e+01 5.416937e+00 5.673154e+00 6.277743e+00 6.610548e+00 6.639752e+00 6.580284e+00 6.441114e+00 6.245111e+00 6.157820e+00 5.839042e+00 5.437251e+00 5.002350e+00 4.599153e+00 5.796192e+00 6.441073e+00 5.411540e+00 1.079000e+01 1.079000e+01 1.079000e+01 1.079000e+01 9.427945e+00 3.073622e+00 3.189784e+00 3.387751e+00 3.949048e+00 5.188584e+00 2.070885e+00 1.066000e+01 6.832871e+00 5.317239e+00 4.207130e+00 5.356914e+00 5.271333e+00 5.135266e+00 1.039756e+01 5.144109e+00 5.146023e+00 5.004562e+00 4.659894e+00 4.250880e+00 3.883619e+00 3.648167e+00 3.276743e+00 2.515944e+00 2.752381e+00 2.667470e+00 2.673522e+00 2.701695e+00 2.730296e+00
1.029779e+01 5.105996e+00 5.464718e+00 5.737999e+00 6.220829e+00 6.884528e+00 7.310738e+00 7.482328e+00 7.574047e+00 7.560647e+00 7.427548e+00 7.201489e+00 6.912032e+00 6.568825e+00 6.179554e+00 5.960739e+00 5.572989e+00 5.144350e+00 6.236276e+00 6.437880e+00 7.027090e+00 1.079000e+01 6.084589e+00 1.079000e+01 7.320138e+00 2.568439e+00 3.162336e+00 3.246581e+00 2.385311e+00 7.004752e+00 1.066000e+01 7.678926e+00 4.453828e+00 5.279140e+00 5.463903e+00 5.364952e+00 5.265072e+00 1.066000e+01 5.379193e+00 5.378497e+00 5.221491e+00 4.890568e+00 4.451356e+00 4.025449e+00 3.796642e+00 3.542550e+00 3.339794e+00 2.503316e+00 2.834512e+00 2.728307e+00 2.659146e+00 2.669297e+00
4.558112e+00 4.937227e+00 5.234365e+00 5.396429e+00 5.710509e+00 6.275278e+00 6.735158e+00 7.032883e+00 7.326965e+00 7.530268e+00 7.549062e+00 7.468923e+00 7.399146e+00 7.328116e+00 7.179496e+00 6.977118e+00 6.761899e+00 6.477565e+00 6.076783e+00 5.201885e+00 4.765380e+00 6.877992e+00 1.079000e+01 5.623236e+00 1.079000e+01 6.635133e+00 2.819099e+00 4.212389e+00 8.710515e+00 5.389241e+00 9.628191e+00 7.479885e+00 4.572996e+00 5.821622e+00 5.643713e+00 5.426792e+00 1.066000e+01 5.455909e+00 5.573978e+00 5.585358e+00 5.372291e+00 5.021048e+00 4.600874e+00 4.129229e+00 3.868653e+00 3.806202e+00 3.531388e+00 2.807418e+00 3.213349e+00 3.062616e+00 2.930864e+00 2.837464e+00
4.445466e+00 4.775192e+00 4.966323e+00 5.013145e+00 5.171526e+00 5.576735e+00 5.951107e+00 6.228385e+00 6.604426e+00 7.011253e+00 7.225370e+00 7.289368e+00 7.386361e+00 7.519406e+00 7.571436e+00 7.548235e+00 7.556001e+00 7.532603e+00 7.227358e+00 6.588282e+00 6.230289e+00 6.115505e+00 5.671862e+00 4.486014e+00 7.430550e+00 1.079000e+01 1.079000e+01 8.563714e+00 4.109881e+00 3.806417e+00 7.818364e+00 6.457396e+00 5.209460e+00 5.689420e+00 5.632865e+00 5.506064e+00 1.066000e+01 5.595553e+00 5.705420e+00 5.781834e+00 5.593311e+00 5.187981e+00 4.731002e+00 4.228935e+00 3.945620e+00 3.856444e+00 3.086900e+00 3.524253e+00 3.481003e+00 3.318904e+00 3.158138e+00 3.068474e+00
4.218048e+00 4.395105e+00 4.518427e+00 4.542525e+00 4.615093e+00 4.851754e+00 5.060468e+00 5.194723e+00 5.524414e+00 6.058851e+00 6.474774e+00 6.710661e+00 6.937390e+00 7.199265e+00 7.396636e+00 7.524436e+00 7.744068e+00 8.010981e+00 8.059538e+00 7.848603e+00 7.560310e+00 7.416980e+00 6.768421e+00 5.811061e+00 5.126484e+00 9.788181e+00 8.584711e+00 5.725636e+00 1.079000e+01 3.259607e+00 7.013279e+00 4.956509e+00 4.448305e+00 4.893228e+00 5.309991e+00 5.566699e+00 1.066000e+01 5.782085e+00 5.820042e+00 5.918510e+00 5.810792e+00 5.414083e+00 4.893405e+00 4.327539e+00 3.995066e+00 3.735277e+00 3.066348e+00 3.679303e+00 3.604603e+00 3.473693e+00 3.308319e+00 3.327272e+00
3.930393e+00 4.013710e+00 4.139789e+00 4.237077e+00 4.298998e+00 4.414400e+00 4.499838e+00 4.508908e+00 4.702054e+00 5.152184e+00 5.592282e+00 5.924121e+00 6.210904e+00 7.242981e+00 6.755351e+00 6.953965e+00 7.294129e+00 7.739898e+00 7.993311e+00 8.034633e+00 8.029664e+00 7.959174e+00 7.525758e+00 6.480012e+00 6.002927e+00 7.136590e+00 2.254773e+00 6.793476e+00 6.091747e+00 1.079000e+01 1.079000e+01 3.679656e+00 4.017958e+00 4.564860e+00 5.127266e+00 5.504718e+00 1.066000e+01 5.938336e+00 6.017543e+00 6.072580e+00 5.992960e+00 5.674856e+00 5.174973e+00 4.584957e+00 4.189670e+00 3.869760e+00 3.137169e+00 3.762545e+00 3.692431e+00 3.655167e+00 3.597854e+00 3.719091e+00
3.505516e+00 3.571243e+00 3.774741e+00 4.030883e+00 4.148700e+00 4.191067e+00 4.220151e+00 4.174903e+00 4.187498e+00 4.383749e+00 4.701328e+00 5.046361e+00 6.758082e+00 5.549135e+00 5.761926e+00 5.943598e+00 6.331150e+00 6.893141e+00 7.225285e+00 7.342366e+00 7.559867e+00 7.866805e+00 7.577433e+00 6.748119e+00 6.230648e+00 7.789170e+00 2.387430e+00 7.950015e+00 6.497218e+00 5.340437e+00 5.587492e+00 1.079000e+01 4.024027e+00 5.072009e+00 5.242163e+00 5.359699e+00 1.066000e+01 6.014700e+00 6.227628e+00 6.249853e+00 6.165525e+00 5.930489e+00 5.531929e+00 5.005421e+00 4.590743e+00 4.178434e+00 3.316479e+00 3.892390e+00 3.756653e+00 3.833199e+00 4.034681e+00 4.271889e+00
