tests/data/reference/test_rill/mrsearstr_pa.asc
ncols	123
nrows	77
xllcorner	-713746.79929998
yllcorner	-1061022.36961616
cellsize	10.0
NODATA_value	-9999
[rows 23 to 45 of 77, columns 0 to 51 of 123]
-9.999000e+03 -9.999000e+03 -9.999000e+03 -9.999000e+03 -9.999000e+03 -9.999000e+03 -9.999000e+03 -9.999000e+03 -9.999000e+03 -9.999000e+03 -9.999000e+03 -9.999000e+03 -9.999000e+03 -9.999000e+03 7.164056e-01 9.017655e-01 1.098310e+00 2.177968e+00 8.519915e-01 1.640123e-01 1.280895e+00 1.697280e+00 2.157571e+00 4.813210e+00 5.361312e+00 2.815566e+00 3.587141e+00 3.811100e+00 3.585609e+00 3.860401e+00 3.301665e+00 4.189219e+00 4.472331e+00 4.510006e+00 7.523325e+00 4.441853e+00 4.549891e+00 3.878738e+00 6.622154e+00 5.177012e+00 5.199273e+00 5.299997e+00 5.484793e+00 5.607032e+00 5.622771e+00 5.588769e+00 5.564744e+00 5.637546e+00 5.794904e+00 5.931491e+00 5.976839e+00 4.748926e+00
-9.999000e+03 -9.999000e+03 -9.999000e+03 -9.999000e+03 -9.999000e+03 -9.999000e+03 -9.999000e+03 -9.999000e+03 -9.999000e+03 -9.999000e+03 -9.999000e+03 -9.999000e+03 -9.999000e+03 -9.999000e+03 9.676950e-01 1.047556e+00 1.860316e+00 1.528358e+00 7.970645e-01 1.478137e+00 1.533746e+00 2.504056e+00 2.564845e+00 2.365598e+00 4.269499e+00 6.499912e+00 3.646945e+00 3.801977e+00 3.908125e+00 3.295002e+00 4.104462e+00 4.150775e+00 4.385604e+00 4.349766e+00 7.801186e+00 4.344331e+00 4.630032e+00 3.977850e+00 6.802856e+00 5.152731e+00 5.143077e+00 5.211227e+00 5.336585e+00 5.441992e+00 5.503316e+00 5.540760e+00 5.585725e+00 5.706010e+00 5.884460e+00 6.046349e+00 4.791647e+00 6.443703e+00
-9.999000e+03 -9.999000e+03 -9.999000e+03 -9.999000e+03 -9.999000e+03 -9.999000e+03 -9.999000e+03 -9.999000e+03 -9.999000e+03 -9.999000e+03 -9.999000e+03 -9.999000e+03 -9.999000e+03 -9.999000e+03 1.353650e-01 6.804803e-01 1.058240e+00 1.030941e+00 9.831388e-01 1.955723e+00 1.888820e+00 4.668399e+00 5.977755e+00 3.002187e+00 3.341273e+00 4.521962e+00 7.786011e+00 4.131854e+00 4.173545e+00 3.421071e+00 4.112961e+00 4.358152e+00 4.338050e+00 4.054809e+00 3.985963e+00 8.090028e+00 3.649506e+00 4.962309e+00 4.835377e+00 7.710264e+00 5.111904e+00 5.218651e+00 5.316655e+00 5.398812e+00 5.480992e+00 5.575798e+00 5.699425e+00 5.887714e+00 6.121281e+00 6.372565e+00 6.277076e+00 5.256065e+00
-9.999000e+03 -9.999000e+03 -9.999000e+03 -9.999000e+03 -9.999000e+03 -9.999000e+03 -9.999000e+03 -9.999000e+03 -9.999000e+03 -9.999000e+03 -9.999000e+03 -9.999000e+03 1.389923e+00 9.245374e-01 9.939143e-01 1.209087e+00 1.082164e+00 2.738644e-01 1.289750e+00 1.628263e+00 5.501136e+00 4.606341e+00 3.388802e+00 4.932406e+00 3.141772e+00 3.422331e+00 8.226179e+00 3.758427e+00 3.885217e+00 3.868521e+00 3.292285e+00 4.142876e+00 4.079018e+00 3.845808e+00 3.838502e+00 4.076338e+00 8.266080e+00 4.665736e+00 4.963699e+00 4.978870e+00 8.657045e+00 5.165083e+00 5.223365e+00 5.311782e+00 5.467381e+00 5.684686e+00 5.941365e+00 6.197180e+00 6.437775e+00 6.724030e+00 6.948977e+00 5.457862e+00
-9.999000e+03 -9.999000e+03 -9.999000e+03 -9.999000e+03 -9.999000e+03 -9.999000e+03 -9.999000e+03 -9.999000e+03 -9.999000e+03 -9.999000e+03 -9.999000e+03 -9.999000e+03 -9.999000e+03 1.312443e+00 1.008552e+00 1.048472e+00 4.365491e-01 9.195981e-01 1.297730e+00 4.351070e+00 2.312755e+00 2.288062e+00 4.053203e+00 4.730372e+00 5.987436e+00 6.183075e+00 6.262274e+00 6.380670e+00 3.072051e+00 3.473791e+00 3.755735e+00 3.715148e+00 3.691818e+00 3.464692e+00 3.605493e+00 4.210625e+00 4.724848e+00 8.580198e+00 4.913097e+00 5.044926e+00 8.946948e+00 5.028923e+00 5.042686e+00 5.175097e+00 5.465458e+00 5.882024e+00 6.324799e+00 6.630529e+00 6.812216e+00 7.062251e+00 7.302052e+00 6.957554e+00
-9.999000e+03 -9.999000e+03 -9.999000e+03 -9.999000e+03 -9.999000e+03 -9.999000e+03 -9.999000e+03 -9.999000e+03 -9.999000e+03 -9.999000e+03 -9.999000e+03 -9.999000e+03 -9.999000e+03 -9.999000e+03 -9.999000e+03 6.940173e-01 2.509402e-01 9.804423e-01 1.811045e+00 4.683234e+00 3.539600e+00 2.895604e+00 2.493604e+00 2.227235e+00 2.387007e+00 2.598557e+00 2.594536e+00 5.917705e+00 8.820489e+00 2.910250e+00 3.195629e+00 3.247429e+00 3.153275e+00 3.091813e+00 3.358517e+00 4.061907e+00 4.479877e+00 4.528992e+00 7.682889e+00 4.896246e+00 9.312624e+00 4.997780e+00 5.147829e+00 5.389689e+00 5.754946e+00 6.232853e+00 6.689540e+00 6.941319e+00 7.061482e+00 7.287654e+00 7.472409e+00 7.369596e+00
-9.999000e+03 -9.999000e+03 -9.999000e+03 -9.999000e+03 -9.999000e+03 -9.999000e+03 -9.999000e+03 -9.999000e+03 -9.999000e+03 -9.999000e+03 -9.999000e+03 -9.999000e+03 -9.999000e+03 -9.999000e+03 -9.999000e+03 -9.999000e+03 8.064994e-01 1.007381e+00 3.328950e+00 2.611588e+00 2.161942e+00 1.924369e+00 1.982621e+00 2.190932e+00 2.452712e+00 2.764321e+00 2.792677e+00 2.505705e+00 2.436232e+00 9.181942e+00 9.293893e+00 9.011358e+00 2.699038e+00 2.775751e+00 3.043155e+00 3.619557e+00 4.879433e+00 5.747639e+00 4.052700e+00 7.048979e+00 4.970828e+00 1.079000e+01 5.603898e+00 5.984796e+00 6.342155e+00 6.715213e+00 6.998111e+00 7.105102e+00 7.176911e+00 7.388324e+00 7.483126e+00 7.281388e+00
-9.999000e+03 -9.999000e+03 -9.999000e+03 -9.999000e+03 -9.999000e+03 -9.999000e+03 -9.999000e+03 -9.999000e+03 -9.999000e+03 -9.999000e+03 -9.999000e+03 -9.999000e+03 -9.999000e+03 -9.999000e+03 -9.999000e+03 -9.999000e+03 1.069131e+00 3.035844e+00 1.703728e+00 1.871817e+00 1.918697e+00 4.446516e+00 4.357195e+00 4.477777e+00 4.529450e+00 4.531641e+00 4.243067e+00 3.691516e+00 3.372231e+00 3.240350e+00 2.957696e+00 2.734390e+00 8.797314e+00 8.192916e+00 8.311947e+00 9.185401e+00 9.676607e+00 9.944902e+00 1.058798e+01 1.079000e+01 1.079000e+01 1.079000e+01 1.029191e+01 5.136414e+00 5.647801e+00 6.010284e+00 6.376766e+00 6.615611e+00 6.872569e+00 7.134584e+00 7.093429e+00 6.726465e+00
-9.999000e+03 -9.999000e+03 -9.999000e+03 -9.999000e+03 -9.999000e+03 -9.999000e+03 -9.999000e+03 -9.999000e+03 -9.999000e+03 -9.999000e+03 -9.999000e+03 -9.999000e+03 -9.999000e+03 -9.999000e+03 -9.999000e+03 1.071361e+00 3.607764e+00 1.668896e+00 3.647778e+00 4.442807e+00 4.695962e+00 2.076378e+00 2.686498e+00 3.384681e+00 3.144345e+00 4.366749e+00 4.818304e+00 5.105528e+00 4.901870e+00 4.881405e+00 4.547509e+00 3.929654e+00 3.244692e+00 2.502367e+00 2.139015e+00 2.329040e+00 7.296211e+00 8.144941e+00 8.918885e+00 9.741535e+00 9.648159e+00 8.617540e+00 1.079000e+01 1.079000e+01 1.079000e+01 4.411856e+00 6.846203e+00 5.551574e+00 6.190391e+00 6.504274e+00 6.257713e+00 5.742261e+00
-9.999000e+03 -9.999000e+03 -9.999000e+03 -9.999000e+03 -9.999000e+03 -9.999000e+03 -9.999000e+03 -9.999000e+03 -9.999000e+03 -9.999000e+03 -9.999000e+03 -9.999000e+03 -9.999000e+03 -9.999000e+03 9.238966e-01 1.629769e+00 4.465829e+00 3.902855e+00 1.669853e+00 1.785917e+00 2.056452e+00 2.251508e+00 2.435295e+00 2.646583e+00 3.381566e+00 2.732060e+00 2.907070e+00 3.074804e+00 3.252171e+00 3.540584e+00 3.460617e+00 5.730491e+00 5.517919e+00 5.140317e+00 5.150642e+00 6.612579e+00 3.003310e+00 3.616269e+00 4.259131e+00 4.939151e+00 5.326412e+00 5.291734e+00 6.470373e+00 6.917446e+00 7.080348e+00 1.079000e+01 1.079000e+01 1.079000e+01 4.622463e+00 6.703026e+00 4.575837e+00 4.272866e+00
-9.999000e+03 -9.999000e+03 -9.999000e+03 -9.999000e+03 -9.999000e+03 -9.999000e+03 -9.999000e+03 -9.999000e+03 -9.999000e+03 -9.999000e+03 -9.999000e+03 -9.999000e+03 -9.999000e+03 -9.999000e+03 1.029712e+00 6.705480e+00 1.941961e+00 1.962419e+00 1.938521e+00 1.917911e+00 1.969744e+00 2.139887e+00 2.455322e+00 2.598031e+00 2.723276e+00 2.685568e+00 2.859013e+00 3.290178e+00 4.351410e+00 5.132801e+00 5.526695e+00 3.217630e+00 3.027045e+00 2.971945e+00 4.263812e+00 3.217580e+00 3.504540e+00 3.803852e+00 4.186865e+00 4.680788e+00 5.142845e+00 5.664002e+00 5.901983e+00 5.934494e+00 5.840327e+00 7.309092e+00 8.105901e+00 8.463504e+00 1.079000e+01 1.079000e+01 1.079000e+01 2.762271e+00
-9.999000e+03 -9.999000e+03 -9.999000e+03 -9.999000e+03 -9.999000e+03 -9.999000e+03 -9.999000e+03 -9.999000e+03 -9.999000e+03 -9.999000e+03 -9.999000e+03 -9.999000e+03 -9.999000e+03 1.447299e+00 8.346459e+00 1.870632e+00 2.011309e+00 2.139603e+00 2.145189e+00 2.089737e+00 2.064574e+00 2.133191e+00 2.277792e+00 2.481737e+00 2.652743e+00 2.721000e+00 2.937499e+00 3.398141e+00 3.682419e+00 3.762162e+00 3.684337e+00 3.508726e+00 3.497215e+00 5.249946e+00 2.984587e+00 3.730121e+00 3.973560e+00 4.122818e+00 4.376298e+00 4.735272e+00 5.161623e+00 5.593936e+00 5.993689e+00 6.449839e+00 6.612184e+00 6.623237e+00 6.564920e+00 6.381655e+00 5.741234e+00 6.120552e+00 5.626101e+00 1.079000e+01
-9.999000e+03 -9.999000e+03 -9.999000e+03 -9.999000e+03 -9.999000e+03 -9.999000e+03 -9.999000e+03 -9.999000e+03 -9.999000e+03 -9.999000e+03 -9.999000e+03 -9.999000e+03 8.933831e-01 1.898942e+00 1.882123e+00 1.929297e+00 2.029655e+00 2.165640e+00 2.216689e+00 2.210915e+00 2.178236e+00 2.146423e+00 2.186973e+00 2.297905e+00 2.462282e+00 2.635487e+00 2.926952e+00 3.390065e+00 3.667303e+00 3.767853e+00 3.819294e+00 3.844965e+00 5.138912e+00 3.917998e+00 3.087564e+00 3.878179e+00 4.011702e+00 4.203244e+00 4.515454e+00 4.899824e+00 5.311584e+00 5.637265e+00 5.809072e+00 5.920402e+00 6.021170e+00 6.331919e+00 6.472652e+00 6.609367e+00 6.377325e+00 5.590458e+00 4.777977e+00 5.171838e+00
-9.999000e+03 -9.999000e+03 -9.999000e+03 -9.999000e+03 -9.999000e+03 -9.999000e+03 -9.999000e+03 -9.999000e+03 -9.999000e+03 -9.999000e+03 -9.999000e+03 -9.999000e+03 1.369051e+00 1.724726e+00 1.900890e+00 1.996913e+00 2.068283e+00 2.205395e+00 2.289821e+00 2.321605e+00 2.291237e+00 2.205204e+00 2.186148e+00 2.231507e+00 2.357595e+00 2.541175e+00 2.805126e+00 3.194156e+00 3.408285e+00 3.482475e+00 3.606199e+00 4.955346e+00 3.187399e+00 3.745021e+00 3.687756e+00 3.660849e+00 3.736127e+00 3.874672e+00 4.160861e+00 4.492776e+00 4.910080e+00 5.315078e+00 5.478737e+00 5.271435e+00 5.360865e+00 5.573332e+00 5.789262e+00 6.157037e+00 6.040617e+00 5.828931e+00 5.314260e+00 4.761671e+00
-9.999000e+03 -9.999000e+03 -9.999000e+03 -9.999000e+03 -9.999000e+03 -9.999000e+03 -9.999000e+03 -9.999000e+03 -9.999000e+03 -9.999000e+03 -9.999000e+03 7.171032e-01 3.126731e+00 1.469232e+00 1.940038e+00 1.951048e+00 2.088576e+00 2.236544e+00 2.341344e+00 2.386629e+00 2.370770e+00 2.288797e+00 2.270170e+00 2.293438e+00 2.370115e+00 2.507602e+00 2.661976e+00 2.873269e+00 2.958216e+00 2.934415e+00 3.040516e+00 3.742961e+00 2.740771e+00 3.403519e+00 3.348298e+00 3.154051e+00 3.157185e+00 3.296204e+00 3.327053e+00 3.525252e+00 3.944595e+00 4.595824e+00 4.093733e+00 4.038641e+00 4.103170e+00 4.280665e+00 4.424632e+00 4.541640e+00 5.709059e+00 5.200648e+00 4.991158e+00 4.885347e+00
-9.999000e+03 -9.999000e+03 -9.999000e+03 -9.999000e+03 -9.999000e+03 -9.999000e+03 -9.999000e+03 -9.999000e+03 -9.999000e+03 -9.999000e+03 6.538795e-01 1.022074e+00 1.158908e+00 1.712368e+00 1.321563e+00 1.732458e+00 1.951704e+00 2.165486e+00 2.307800e+00 2.354029e+00 2.349901e+00 2.282159e+00 2.266452e+00 2.285443e+00 2.346233e+00 2.487456e+00 2.511017e+00 2.628318e+00 2.573706e+00 2.454072e+00 2.505572e+00 2.552509e+00 2.650928e+00 2.946015e+00 2.584925e+00 2.339044e+00 2.679596e+00 2.206213e+00 2.234113e+00 2.314184e+00 2.727348e+00 3.505976e+00 4.662847e+00 4.823101e+00 4.930637e+00 5.146728e+00 5.311361e+00 5.410270e+00 4.127733e+00 3.839202e+00 3.831600e+00 4.241828e+00
-9.999000e+03 -9.999000e+03 -9.999000e+03 -9.999000e+03 -9.999000e+03 -9.999000e+03 -9.999000e+03 -9.999000e+03 -9.999000e+03 -9.999000e+03 5.592264e-01 9.381596e-01 1.617386e+00 1.139101e+00 1.033346e+00 1.367917e+00 1.662525e+00 1.965486e+00 2.159561e+00 2.235631e+00 2.263975e+00 2.221625e+00 2.203302e+00 2.231133e+00 2.283954e+00 2.032322e+00 2.455043e+00 2.417152e+00 2.276380e+00 2.069842e+00 2.026766e+00 2.011764e+00 1.859850e+00 2.332304e+00 2.886246e+00 2.614004e+00 1.959288e+00 2.170894e+00 2.276695e+00 2.516250e+00 2.641146e+00 3.433222e+00 4.517788e+00 4.586904e+00 4.595811e+00 4.721031e+00 4.907149e+00 5.104329e+00 5.056397e+00 4.736719e+00 4.705750e+00 5.067697e+00
-9.999000e+03 -9.999000e+03 -9.999000e+03 -9.999000e+03 -9.999000e+03 -9.999000e+03 -9.999000e+03 -9.999000e+03 -9.999000e+03 5.691988e-01 2.157937e+00 1.330214e+00 9.745878e-01 9.484853e-01 1.032906e+00 1.187539e+00 1.441439e+00 1.705756e+00 1.953849e+00 2.071292e+00 2.146457e+00 2.155143e+00 2.179204e+00 2.210099e+00 1.938184e+00 2.259923e+00 2.288781e+00 2.150707e+00 1.973974e+00 1.693286e+00 1.627532e+00 1.584999e+00 2.142399e+00 2.734978e+00 2.961146e+00 2.774074e+00 2.598617e+00 2.472759e+00 2.202525e+00 2.592880e+00 3.688416e+00 4.220842e+00 4.578141e+00 4.358305e+00 4.206648e+00 4.213247e+00 4.416323e+00 4.787174e+00 4.954290e+00 4.876930e+00 4.772396e+00 4.718022e+00
-9.999000e+03 -9.999000e+03 -9.999000e+03 -9.999000e+03 -9.999000e+03 -9.999000e+03 -9.999000e+03 -9.999000e+03 -9.999000e+03 6.981507e-01 1.741247e+00 9.653093e-01 9.402107e-01 8.907484e-01 1.083966e+00 1.164810e+00 1.141040e+00 1.508632e+00 1.711474e+00 1.911485e+00 2.035143e+00 2.094658e+00 1.850088e+00 1.971040e+00 2.285418e+00 2.199437e+00 1.784700e+00 1.732960e+00 1.566517e+00 1.282891e+00 1.299188e+00 1.907171e+00 2.413536e+00 2.880778e+00 3.104444e+00 3.077936e+00 2.987007e+00 2.345523e+00 3.017259e+00 3.473694e+00 3.921556e+00 4.323640e+00 4.319743e+00 4.011102e+00 3.870489e+00 3.956471e+00 4.156830e+00 4.441620e+00 4.617995e+00 4.697990e+00 9.743546e+00 9.566823e+00
-9.999000e+03 -9.999000e+03 -9.999000e+03 -9.999000e+03 -9.999000e+03 -9.999000e+03 -9.999000e+03 -9.999000e+03 1.222603e+00 2.901262e+00 1.543828e+00 1.117806e+00 8.440855e-01 1.003355e+00 1.149860e+00 1.194402e+00 1.433062e+00 1.288169e+00 1.500475e+00 1.793358e+00 1.983862e+00 2.048053e+00 2.224792e+00 2.416568e+00 2.407377e+00 3.570053e+00 3.552616e+00 3.241773e+00 2.748420e+00 2.126972e+00 1.938039e+00 2.176696e+00 2.656706e+00 3.055853e+00 3.265669e+00 3.283483e+00 3.199141e+00 3.756307e+00 4.022249e+00 5.173916e+00 5.709398e+00 5.908290e+00 5.220686e+00 4.495175e+00 4.043631e+00 3.895008e+00 4.038264e+00 4.012181e+00 3.997941e+00 8.863703e+00 4.141576e+00 4.198029e+00
-9.999000e+03 -9.999000e+03 -9.999000e+03 -9.999000e+03 -9.999000e+03 -9.999000e+03 -9.999000e+03 6.418552e-01 1.121744e+00 1.465628e+00 1.294135e+00 1.215170e+00 8.982514e-01 1.080783e+00 1.191340e+00 1.221284e+00 1.228168e+00 1.212715e+00 1.384500e+00 1.734314e+00 1.689106e+00 1.777051e+00 2.172554e+00 3.447525e+00 3.739116e+00 2.333678e+00 2.229777e+00 2.203817e+00 2.066873e+00 1.806607e+00 1.917312e+00 2.416429e+00 2.841167e+00 3.146534e+00 3.286991e+00 3.265538e+00 3.168855e+00 3.011615e+00 3.133567e+00 3.536869e+00 3.701813e+00 3.598215e+00 3.518206e+00 3.479154e+00 3.571726e+00 3.796474e+00 3.784904e+00 3.541215e+00 7.584315e+00 3.569218e+00 3.840011e+00 4.057846e+00
-9.999000e+03 -9.999000e+03 -9.999000e+03 -9.999000e+03 -9.999000e+03 -9.999000e+03 -9.999000e+03 5.317267e-01 9.064817e-01 1.456194e+00 1.103152e+00 1.227439e+00 1.166731e+00 1.177367e+00 1.218140e+00 1.233991e+00 1.264376e+00 1.276489e+00 1.441153e+00 1.816401e+00 2.430259e+00 2.853547e+00 3.196590e+00 2.263985e+00 2.365567e+00 2.379426e+00 2.033376e+00 2.333225e+00 2.277030e+00 2.068356e+00 2.163411e+00 2.581445e+00 2.888858e+00 3.052499e+00 3.108343e+00 3.072221e+00 5.899763e+00 5.909557e+00 6.173144e+00 6.733359e+00 7.064472e+00 7.131591e+00 7.372598e+00 7.293426e+00 7.041172e+00 6.689990e+00 7.655192e+00 7.316639e+00 3.225906e+00 3.267472e+00 3.528207e+00 3.808119e+00
-9.999000e+03 -9.999000e+03 -9.999000e+03 -9.999000e+03 -9.999000e+03 -9.999000e+03 -9.999000e+03 5.017205e-01 1.166360e+00 1.016005e+00 9.339402e-01 1.177671e+00 1.280347e+00 1.276744e+00 1.272465e+00 1.281934e+00 1.363568e+00 1.445777e+00 1.619824e+00 1.982908e+00 2.241230e+00 2.330303e+00 2.315304e+00 2.220516e+00 1.916312e+00 2.089017e+00 2.487495e+00 2.474337e+00 2.404616e+00 2.307137e+00 2.363642e+00 2.597598e+00 2.755312e+00 5.575603e+00 5.770640e+00 5.987895e+00 3.323873e+00 3.573789e+00 3.808170e+00 4.056614e+00 4.167512e+00 4.119132e+00 4.132068e+00 5.415944e+00 6.304240e+00 6.763792e+00 3.842629e+00 3.631088e+00 3.374786e+00 3.127914e+00 3.139550e+00 3.370552e+00
