tests/data/reference/test_rill/mrsearstr_pa.asc
ncols	123
nrows	77
xllcorner	-713746.79929998
yllcorner	-1061022.36961616
cellsize	10.0
NODATA_value	-9999
[rows 46 to 68 of 77, columns 52 to 103 of 123]
3.189517e+00 3.114700e+00 3.291182e+00 3.666773e+00 3.853847e+00 3.837164e+00 3.875313e+00 3.927780e+00 3.919785e+00 3.936838e+00 4.125635e+00 6.368071e+00 4.668580e+00 4.766758e+00 4.844651e+00 4.939303e+00 5.347444e+00 6.001195e+00 6.428746e+00 6.565010e+00 6.897069e+00 7.440958e+00 7.463541e+00 6.777333e+00 6.396468e+00 4.098557e+00 3.988522e+00 4.533526e+00 5.223161e+00 5.341409e+00 4.819495e+00 4.392783e+00 1.079000e+01 4.402640e+00 4.792208e+00 4.832644e+00 1.066000e+01 5.885169e+00 6.272449e+00 6.327565e+00 6.239678e+00 6.031926e+00 5.735973e+00 5.338258e+00 4.984839e+00 4.553335e+00 3.594502e+00 4.209907e+00 4.000583e+00 4.061124e+00 4.368757e+00 4.641943e+00
3.060937e+00 2.762038e+00 2.812280e+00 3.232103e+00 3.359096e+00 3.335255e+00 3.394415e+00 3.559862e+00 3.763239e+00 3.725151e+00 6.099834e+00 4.152737e+00 4.260501e+00 4.063920e+00 4.023018e+00 4.152407e+00 4.299413e+00 4.994571e+00 5.446890e+00 5.586767e+00 5.943053e+00 6.556406e+00 6.872416e+00 7.054812e+00 5.156715e+00 5.566423e+00 4.224847e+00 4.743298e+00 5.523744e+00 5.954425e+00 5.832891e+00 5.318124e+00 5.668858e+00 1.079000e+01 3.254623e+00 3.831234e+00 1.066000e+01 5.488956e+00 6.109574e+00 6.295892e+00 6.213488e+00 5.971450e+00 5.760977e+00 5.533176e+00 5.326979e+00 4.967033e+00 3.950067e+00 4.703240e+00 4.445175e+00 4.393235e+00 4.597074e+00 4.794686e+00
3.161661e+00 2.732995e+00 2.660603e+00 2.486758e+00 2.638486e+00 2.613669e+00 2.647014e+00 3.352754e+00 3.374361e+00 6.113390e+00 3.705904e+00 3.857904e+00 3.300442e+00 3.194923e+00 3.882138e+00 3.084427e+00 3.271605e+00 3.722396e+00 3.992158e+00 4.061791e+00 4.307883e+00 4.749267e+00 6.630120e+00 6.790957e+00 7.173448e+00 7.474599e+00 1.066000e+01 1.044989e+01 9.822143e+00 9.829485e+00 9.276521e+00 8.237596e+00 6.461788e+00 2.231230e+00 1.079000e+01 3.313665e+00 1.066000e+01 5.023536e+00 5.806378e+00 6.186502e+00 6.180222e+00 5.922590e+00 5.772814e+00 5.678739e+00 5.611452e+00 5.329277e+00 4.253027e+00 5.171972e+00 4.937915e+00 4.804062e+00 4.833251e+00 4.865067e+00
3.406807e+00 2.968790e+00 2.274010e+00 2.832772e+00 3.022323e+00 3.025595e+00 3.022457e+00 2.513054e+00 5.950270e+00 3.376720e+00 2.947122e+00 3.162147e+00 3.859893e+00 3.883387e+00 3.089318e+00 3.681297e+00 3.984117e+00 4.410938e+00 4.656848e+00 4.689861e+00 4.856559e+00 5.207641e+00 4.603675e+00 5.293287e+00 8.424720e+00 1.066000e+01 1.012778e+01 8.724281e+00 7.846734e+00 7.480065e+00 7.165899e+00 6.711495e+00 5.594596e+00 5.250417e+00 1.079000e+01 3.173895e+00 1.066000e+01 4.573592e+00 5.398224e+00 5.954430e+00 6.099274e+00 5.921923e+00 5.824942e+00 5.805623e+00 5.847620e+00 5.636743e+00 4.502930e+00 5.581777e+00 5.456178e+00 5.281045e+00 5.071820e+00 4.854857e+00
3.692498e+00 4.594968e+00 3.911549e+00 3.419564e+00 2.996173e+00 3.004433e+00 2.969320e+00 5.825653e+00 3.035444e+00 2.734860e+00 3.448260e+00 3.756829e+00 3.869570e+00 3.826815e+00 3.838955e+00 3.922746e+00 4.143566e+00 4.520828e+00 4.730559e+00 4.743131e+00 4.747622e+00 4.763314e+00 5.179771e+00 6.056519e+00 6.531473e+00 3.282446e+00 9.469724e+00 5.337728e+00 6.899756e+00 7.583470e+00 7.700916e+00 7.409673e+00 6.421429e+00 6.670843e+00 4.522495e+00 1.079000e+01 1.079000e+01 4.272475e+00 5.065985e+00 5.690023e+00 5.944544e+00 5.887517e+00 5.863965e+00 4.548337e+00 5.985054e+00 7.130721e+00 4.721893e+00 5.941545e+00 5.845352e+00 5.658804e+00 5.365510e+00 5.028106e+00
5.762447e+00 3.784068e+00 4.485343e+00 4.216926e+00 4.748635e+00 5.702357e+00 5.944558e+00 2.986200e+00 3.098335e+00 3.440398e+00 3.628007e+00 3.646470e+00 3.679306e+00 3.710612e+00 3.801803e+00 3.964723e+00 5.306608e+00 5.148924e+00 5.079177e+00 5.131578e+00 4.954406e+00 4.517610e+00 4.581595e+00 5.237501e+00 5.806680e+00 2.367818e+00 5.173303e+00 6.865749e+00 7.634518e+00 8.155285e+00 8.257284e+00 7.960998e+00 7.021800e+00 5.478598e+00 5.231255e+00 1.079000e+01 1.079000e+01 4.275373e+00 4.873462e+00 5.478813e+00 5.774999e+00 5.817308e+00 5.578733e+00 4.556419e+00 5.946497e+00 7.724182e+00 4.888757e+00 6.285288e+00 6.108884e+00 5.914713e+00 5.725899e+00 5.427123e+00
4.148872e+00 4.100500e+00 3.055689e+00 3.357538e+00 3.392211e+00 3.215822e+00 3.223589e+00 3.147909e+00 3.305603e+00 3.727977e+00 3.854066e+00 3.633307e+00 3.526132e+00 3.550311e+00 3.644907e+00 3.805532e+00 3.393207e+00 4.643462e+00 5.267726e+00 5.573330e+00 5.268371e+00 4.344022e+00 4.127175e+00 4.680982e+00 4.262087e+00 2.888028e+00 1.013404e+01 1.017876e+01 9.604011e+00 9.168442e+00 8.749505e+00 8.278456e+00 7.417210e+00 6.246580e+00 4.606272e+00 1.079000e+01 1.079000e+01 5.848121e+00 4.856164e+00 5.290910e+00 5.512739e+00 5.525986e+00 4.430857e+00 5.551056e+00 5.958503e+00 6.916510e+00 6.127140e+00 6.552616e+00 6.399122e+00 6.186983e+00 6.024453e+00 5.830536e+00
4.220015e+00 4.317394e+00 4.029316e+00 4.041711e+00 3.152116e+00 3.243588e+00 3.311308e+00 3.315076e+00 3.556679e+00 5.042326e+00 4.567407e+00 3.881151e+00 3.593481e+00 3.458531e+00 3.472489e+00 3.614135e+00 4.015627e+00 4.692994e+00 5.281126e+00 5.742467e+00 5.413476e+00 4.266834e+00 5.236856e+00 6.003757e+00 6.050890e+00 3.139939e+00 1.049883e+01 1.046575e+01 1.000705e+01 9.735081e+00 9.075779e+00 8.413387e+00 7.725904e+00 7.094138e+00 5.691146e+00 1.079000e+01 1.079000e+01 7.617691e+00 5.249477e+00 5.179658e+00 5.169167e+00 3.984075e+00 5.089221e+00 5.663982e+00 6.013626e+00 6.357905e+00 6.485596e+00 6.709691e+00 6.705597e+00 6.500534e+00 6.253454e+00 6.189845e+00
4.332352e+00 4.519748e+00 5.437505e+00 3.521375e+00 3.212629e+00 3.312206e+00 3.406037e+00 3.450322e+00 3.718590e+00 4.283511e+00 4.490003e+00 4.253827e+00 3.914018e+00 3.547688e+00 3.458518e+00 3.632722e+00 4.002428e+00 4.580206e+00 5.122237e+00 5.603415e+00 5.281394e+00 4.082821e+00 3.110506e+00 3.851130e+00 5.430216e+00 3.188478e+00 1.066000e+01 1.066000e+01 1.066000e+01 1.066000e+01 1.054380e+01 8.832432e+00 7.978886e+00 7.841803e+00 9.148838e+00 1.079000e+01 1.079000e+01 1.079000e+01 5.650026e+00 5.511098e+00 4.977603e+00 4.042384e+00 5.376238e+00 5.821360e+00 6.195661e+00 6.462673e+00 6.600909e+00 6.747901e+00 6.837908e+00 6.735861e+00 6.511124e+00 6.457161e+00
4.527604e+00 4.680871e+00 4.409123e+00 3.696793e+00 3.390082e+00 3.468713e+00 3.561377e+00 3.630547e+00 3.846238e+00 3.446672e+00 5.875895e+00 6.834515e+00 5.913974e+00 6.941766e+00 7.196254e+00 7.145737e+00 7.138553e+00 7.192533e+00 7.158241e+00 7.018804e+00 6.101085e+00 4.514357e+00 3.998283e+00 5.127638e+00 6.158072e+00 7.764096e+00 6.163004e+00 7.854070e+00 8.727264e+00 9.192279e+00 9.101281e+00 8.525445e+00 8.214796e+00 8.376266e+00 7.513603e+00 7.565979e+00 1.079000e+01 1.079000e+01 6.133064e+00 5.852189e+00 4.473446e+00 5.490837e+00 5.992195e+00 6.299520e+00 6.554474e+00 6.683718e+00 6.675390e+00 6.688769e+00 6.785276e+00 6.852793e+00 6.793339e+00 6.653185e+00
4.806885e+00 4.780155e+00 4.510970e+00 3.951255e+00 3.675210e+00 3.695988e+00 3.788335e+00 3.936519e+00 4.088630e+00 5.404633e+00 4.561963e+00 4.794433e+00 5.907108e+00 4.144602e+00 3.997855e+00 5.396649e+00 5.066181e+00 4.831079e+00 5.133733e+00 5.481885e+00 5.346987e+00 4.637289e+00 4.699519e+00 5.651825e+00 7.393931e+00 5.462959e+00 6.291733e+00 7.936332e+00 8.507186e+00 8.557140e+00 8.513098e+00 8.486207e+00 8.488316e+00 8.517583e+00 7.814571e+00 8.645190e+00 1.079000e+01 1.072704e+01 7.303450e+00 5.281217e+00 6.412740e+00 6.489282e+00 6.618835e+00 6.734896e+00 6.819462e+00 6.855614e+00 6.785135e+00 6.677781e+00 6.653441e+00 6.710864e+00 6.719281e+00 6.524370e+00
5.137779e+00 4.793493e+00 4.544460e+00 4.306355e+00 4.062910e+00 3.973436e+00 4.033524e+00 4.245417e+00 4.371519e+00 4.400028e+00 4.570160e+00 4.871255e+00 4.849467e+00 4.448669e+00 4.340464e+00 4.612665e+00 6.184720e+00 7.576885e+00 8.852052e+00 8.569825e+00 7.948156e+00 6.994607e+00 6.507007e+00 6.424747e+00 1.066000e+01 1.012888e+01 6.258266e+00 7.616449e+00 7.900269e+00 7.743662e+00 7.921147e+00 8.478859e+00 8.771158e+00 8.770197e+00 8.354870e+00 7.323237e+00 9.115349e+00 1.079000e+01 5.333369e+00 7.875373e+00 8.074093e+00 7.442261e+00 7.228201e+00 7.084547e+00 6.956858e+00 6.938539e+00 6.918199e+00 6.740340e+00 6.480220e+00 6.326504e+00 6.263693e+00 6.052006e+00
5.255901e+00 4.357131e+00 4.336390e+00 4.364473e+00 4.247487e+00 4.116447e+00 4.140991e+00 4.353880e+00 4.489956e+00 4.495067e+00 4.598540e+00 4.842175e+00 4.895104e+00 4.667991e+00 4.609098e+00 4.830256e+00 5.102985e+00 5.389945e+00 5.674552e+00 7.580834e+00 6.968749e+00 6.307974e+00 6.251854e+00 6.580117e+00 8.888125e+00 7.273596e+00 6.163084e+00 7.272396e+00 7.429734e+00 7.292970e+00 1.066000e+01 1.066000e+01 1.066000e+01 1.066000e+01 1.066000e+01 1.079000e+01 1.079000e+01 1.079000e+01 4.776713e+00 8.362417e+00 8.508839e+00 7.995934e+00 7.506070e+00 7.211273e+00 6.983172e+00 6.900161e+00 6.869811e+00 6.699329e+00 6.369755e+00 6.123583e+00 6.050156e+00 5.844052e+00
4.081333e+00 4.144661e+00 3.865457e+00 4.097999e+00 4.193269e+00 4.103268e+00 4.104889e+00 4.259968e+00 4.429247e+00 4.533948e+00 4.613935e+00 4.733252e+00 4.828520e+00 4.797184e+00 4.793986e+00 4.928894e+00 5.166895e+00 5.486055e+00 5.831076e+00 6.173970e+00 8.202131e+00 8.631519e+00 9.118387e+00 1.066000e+01 1.066000e+01 1.066000e+01 1.002741e+01 9.512315e+00 1.066000e+01 1.066000e+01 7.674909e+00 1.066000e+01 1.066000e+01 9.287059e+00 9.638728e+00 1.066000e+01 1.079000e+01 1.079000e+01 1.079000e+01 3.896844e+00 8.918650e+00 7.862805e+00 7.573761e+00 7.089472e+00 6.887551e+00 6.755998e+00 6.639451e+00 6.513759e+00 6.287161e+00 6.114491e+00 6.124632e+00 1.066000e+01
4.705742e+00 3.754874e+00 3.282425e+00 3.810933e+00 4.033879e+00 4.034893e+00 4.016896e+00 4.050317e+00 4.232449e+00 4.512532e+00 4.625063e+00 4.637781e+00 4.763368e+00 4.926487e+00 5.015093e+00 5.091797e+00 5.280448e+00 5.570023e+00 5.913979e+00 6.301003e+00 4.985492e+00 4.999143e+00 6.851469e+00 5.704313e+00 6.748400e+00 6.490026e+00 7.663526e+00 1.066000e+01 9.443285e+00 7.267544e+00 7.166160e+00 7.776159e+00 8.303665e+00 8.649548e+00 9.194387e+00 9.981752e+00 9.758579e+00 8.941476e+00 6.327838e+00 1.079000e+01 4.424257e+00 6.443242e+00 6.781567e+00 6.533207e+00 6.587487e+00 6.593939e+00 6.508642e+00 6.450554e+00 6.307958e+00 6.085831e+00 5.952077e+00 1.066000e+01
4.523029e+00 2.695620e+00 2.999625e+00 3.342856e+00 3.674784e+00 3.795633e+00 3.780458e+00 3.686418e+00 3.982393e+00 4.351609e+00 4.553331e+00 4.569727e+00 4.698800e+00 4.978328e+00 5.190749e+00 5.309606e+00 5.499653e+00 5.764574e+00 6.042814e+00 4.910896e+00 6.112043e+00 6.232439e+00 5.037387e+00 6.908985e+00 3.726843e+00 1.066000e+01 1.066000e+01 1.051541e+01 6.682382e+00 5.433911e+00 5.580286e+00 5.862703e+00 6.198284e+00 6.534102e+00 7.005932e+00 7.652341e+00 1.066000e+01 1.066000e+01 1.079000e+01 7.192240e+00 1.079000e+01 4.866799e+00 4.913275e+00 5.604799e+00 6.032356e+00 6.383036e+00 6.469390e+00 6.511029e+00 6.460421e+00 6.077335e+00 1.066000e+01 5.620576e+00
4.124156e+00 3.172004e+00 2.290647e+00 2.593075e+00 2.847025e+00 3.016044e+00 3.004222e+00 3.489315e+00 3.473072e+00 3.866167e+00 4.236337e+00 4.261259e+00 4.412995e+00 4.744677e+00 5.051430e+00 5.282920e+00 5.561473e+00 5.898059e+00 4.825972e+00 6.155900e+00 6.459383e+00 6.224609e+00 6.411533e+00 7.134726e+00 3.690952e+00 1.066000e+01 1.066000e+01 5.444949e+00 5.306482e+00 6.611089e+00 7.043072e+00 7.260986e+00 7.631554e+00 8.188546e+00 8.881386e+00 9.736632e+00 7.606552e+00 7.791882e+00 9.060464e+00 7.456052e+00 4.685311e+00 1.079000e+01 4.606865e+00 4.726253e+00 5.487457e+00 6.059858e+00 6.230474e+00 6.232001e+00 6.198049e+00 1.066000e+01 5.352701e+00 1.066000e+01
3.675849e+00 3.082590e+00 2.796293e+00 2.938725e+00 3.146754e+00 3.378094e+00 3.390679e+00 2.576823e+00 2.612100e+00 3.490415e+00 3.590109e+00 3.650064e+00 3.945050e+00 4.251872e+00 4.651697e+00 5.055246e+00 5.277520e+00 4.699960e+00 6.067427e+00 6.552279e+00 6.589477e+00 6.319991e+00 6.385170e+00 6.879967e+00 3.555556e+00 1.066000e+01 1.066000e+01 9.627603e+00 8.521983e+00 7.633869e+00 6.997495e+00 6.928865e+00 7.100096e+00 7.540127e+00 8.163388e+00 8.942156e+00 9.624568e+00 1.020161e+01 1.066000e+01 1.066000e+01 1.079000e+01 7.849786e+00 1.079000e+01 4.740975e+00 5.214790e+00 7.399503e+00 4.467505e+00 5.624516e+00 1.066000e+01 5.244182e+00 1.066000e+01 6.666088e+00
3.146686e+00 2.974850e+00 2.882582e+00 2.908775e+00 2.984809e+00 3.104269e+00 3.081808e+00 2.888499e+00 2.872190e+00 2.549694e+00 2.668707e+00 3.279453e+00 3.350167e+00 3.615373e+00 4.060864e+00 3.901602e+00 4.323822e+00 5.788200e+00 6.415907e+00 6.616742e+00 6.618425e+00 6.441882e+00 6.435859e+00 6.660129e+00 3.436682e+00 1.066000e+01 1.066000e+01 9.734775e+00 8.740019e+00 7.708245e+00 7.155021e+00 6.888512e+00 6.818999e+00 6.971793e+00 7.430635e+00 8.201080e+00 8.864932e+00 9.401400e+00 7.113525e+00 6.977472e+00 7.698738e+00 6.097978e+00 8.781959e+00 1.079000e+01 6.304591e+00 7.269724e+00 5.546734e+00 1.066000e+01 5.137606e+00 1.066000e+01 6.195183e+00 6.911488e+00
2.665327e+00 2.815689e+00 2.941809e+00 3.001398e+00 3.012828e+00 2.969165e+00 2.885063e+00 2.769044e+00 2.707755e+00 2.714500e+00 2.779166e+00 2.394850e+00 2.540469e+00 2.734146e+00 3.125104e+00 4.447072e+00 5.327453e+00 6.024755e+00 6.414818e+00 6.499178e+00 6.460353e+00 6.329176e+00 8.224002e+00 8.762510e+00 3.729831e+00 1.066000e+01 1.066000e+01 1.066000e+01 1.066000e+01 9.833244e+00 8.612377e+00 7.498131e+00 6.745651e+00 6.625812e+00 6.823781e+00 7.390267e+00 8.025520e+00 8.641903e+00 9.169826e+00 9.592946e+00 9.220546e+00 8.026349e+00 6.404244e+00 1.007666e+01 1.079000e+01 7.615429e+00 1.066000e+01 5.343378e+00 1.066000e+01 7.936176e+00 6.794931e+00 7.150011e+00
2.007344e+00 2.659323e+00 3.006146e+00 3.192015e+00 3.199189e+00 3.000868e+00 2.861885e+00 2.833029e+00 2.715133e+00 2.460490e+00 2.381056e+00 2.536982e+00 2.815052e+00 3.185345e+00 3.738574e+00 4.491979e+00 5.223259e+00 5.912592e+00 6.260553e+00 6.245079e+00 6.102928e+00 5.879117e+00 4.696287e+00 5.104923e+00 3.200080e+00 1.066000e+01 1.066000e+01 1.050694e+01 9.651097e+00 8.507263e+00 7.933430e+00 7.336499e+00 6.863333e+00 6.516309e+00 6.397849e+00 6.549178e+00 7.081553e+00 7.943976e+00 8.682995e+00 9.276915e+00 9.437833e+00 9.031907e+00 8.005705e+00 6.309150e+00 9.877980e+00 1.079000e+01 1.079000e+01 1.066000e+01 7.181606e+00 5.062649e+00 5.400690e+00 6.873219e+00
-9.999000e+03 -9.999000e+03 -9.999000e+03 -9.999000e+03 -9.999000e+03 -9.999000e+03 -9.999000e+03 2.489984e+00 2.359553e+00 2.016080e+00 1.873819e+00 2.000523e+00 2.668288e+00 3.295621e+00 3.889361e+00 4.446897e+00 5.043931e+00 5.712005e+00 6.012304e+00 5.904764e+00 5.696111e+00 5.408027e+00 5.658467e+00 6.460089e+00 8.029854e+00 5.684015e+00 7.219658e+00 8.457118e+00 8.985280e+00 8.909169e+00 8.485719e+00 7.770136e+00 7.108976e+00 6.512731e+00 6.101085e+00 5.900438e+00 6.253537e+00 7.189414e+00 8.100794e+00 8.878835e+00 9.355566e+00 9.521104e+00 8.895380e+00 7.577788e+00 5.461145e+00 1.079000e+01 1.079000e+01 6.566363e+00 6.572228e+00 6.941722e+00 7.504263e+00 5.703213e+00
-9.999000e+03 -9.999000e+03 -9.999000e+03 -9.999000e+03 -9.999000e+03 -9.999000e+03 -9.999000e+03 -9.999000e+03 -9.999000e+03 -9.999000e+03 2.312468e+00 2.395107e+00 2.384842e+00 2.964188e+00 4.010060e+00 4.399795e+00 4.823876e+00 5.456696e+00 5.707743e+00 5.513245e+00 5.308862e+00 5.115937e+00 5.468633e+00 6.405485e+00 7.903526e+00 5.524849e+00 6.982771e+00 8.298169e+00 9.038456e+00 9.290797e+00 9.025827e+00 8.262635e+00 7.446940e+00 6.617026e+00 6.020680e+00 5.674615e+00 5.806809e+00 6.439142e+00 7.300094e+00 8.343943e+00 9.091844e+00 9.503527e+00 9.273105e+00 8.327435e+00 6.767444e+00 4.652059e+00 1.079000e+01 7.491584e+00 7.407472e+00 7.996002e+00 -9.999000e+03 -9.999000e+03
