tests/data/reference/test_rill/mwlevel_m.asc
ncols	123
nrows	77
xllcorner	-713746.79929998
yllcorner	-1061022.36961616
cellsize	10.0
NODATA_value	-9999
[rows 23 to 45 of 77, columns 52 to 103 of 123]
1.044671e-02 1.098772e-02 1.104412e-02 1.112287e-02 1.113814e-02 1.112639e-02 1.113279e-02 1.115124e-02 1.113880e-02 1.111009e-02 1.112090e-02 1.114604e-02 1.115422e-02 1.117599e-02 1.124507e-02 1.130177e-02 2.032355e-02 1.115633e-02 1.107424e-02 1.098956e-02 1.093007e-02 1.089895e-02 1.086434e-02 1.088483e-02 8.979073e-03 1.063060e-02 1.954422e-02 1.212857e-02 1.868148e-02 1.149857e-02 1.113994e-02 1.061954e-02 9.101578e-03 9.316839e-03 -9.999000e+03 -9.999000e+03 -9.999000e+03 -9.999000e+03 -9.999000e+03 -9.999000e+03 -9.999000e+03 -9.999000e+03 -9.999000e+03 -9.999000e+03 -9.999000e+03 -9.999000e+03 -9.999000e+03 -9.999000e+03 -9.999000e+03 -9.999000e+03 -9.999000e+03 -9.999000e+03
1.040637e-02 1.092147e-02 1.108320e-02 1.113575e-02 1.113929e-02 1.113477e-02 1.115373e-02 1.117595e-02 1.115411e-02 1.111996e-02 1.112482e-02 1.112886e-02 1.114571e-02 1.120525e-02 1.126887e-02 1.129013e-02 2.158234e-02 1.106854e-02 1.103995e-02 1.100066e-02 1.096781e-02 1.095584e-02 1.095501e-02 1.093455e-02 1.054909e-02 1.093121e-02 9.083898e-03 1.899958e-02 1.125564e-02 1.668249e-02 1.403478e-02 1.106681e-02 1.065432e-02 1.064392e-02 9.385443e-03 -9.999000e+03 -9.999000e+03 -9.999000e+03 -9.999000e+03 -9.999000e+03 -9.999000e+03 -9.999000e+03 -9.999000e+03 -9.999000e+03 -9.999000e+03 -9.999000e+03 -9.999000e+03 -9.999000e+03 -9.999000e+03 -9.999000e+03 -9.999000e+03 -9.999000e+03
1.099834e-02 1.095051e-02 1.108621e-02 1.113306e-02 1.115600e-02 1.117677e-02 1.120093e-02 1.119504e-02 1.114129e-02 1.109424e-02 1.109304e-02 1.111407e-02 1.117442e-02 1.124670e-02 1.125944e-02 1.121261e-02 2.206390e-02 1.096411e-02 1.099052e-02 1.100741e-02 1.100680e-02 1.100738e-02 1.101106e-02 1.100243e-02 1.092817e-02 1.093300e-02 1.051399e-02 1.634233e-02 9.027763e-03 1.093521e-02 1.988136e-02 1.131207e-02 1.106947e-02 1.082559e-02 1.043434e-02 9.171236e-03 9.340367e-03 9.355968e-03 -9.999000e+03 -9.999000e+03 -9.999000e+03 -9.999000e+03 -9.999000e+03 -9.999000e+03 -9.999000e+03 -9.999000e+03 -9.999000e+03 -9.999000e+03 -9.999000e+03 -9.999000e+03 -9.999000e+03 -9.999000e+03
1.041497e-02 1.107832e-02 1.111516e-02 1.117855e-02 1.121156e-02 1.121476e-02 1.119435e-02 1.113799e-02 1.108613e-02 1.107285e-02 1.109897e-02 1.114799e-02 1.120280e-02 1.122290e-02 1.118795e-02 1.114329e-02 2.278612e-02 1.104573e-02 1.106345e-02 1.107732e-02 1.108942e-02 1.109801e-02 1.109789e-02 1.108062e-02 1.103753e-02 1.097772e-02 1.085143e-02 1.439624e-02 1.051654e-02 1.091862e-02 1.789804e-02 1.114177e-02 1.113496e-02 1.103756e-02 1.088895e-02 1.059733e-02 1.066072e-02 9.289911e-03 1.078286e-02 9.375203e-03 -9.999000e+03 -9.999000e+03 -9.999000e+03 -9.999000e+03 -9.999000e+03 -9.999000e+03 -9.999000e+03 -9.999000e+03 -9.999000e+03 -9.999000e+03 -9.999000e+03 -9.999000e+03
1.096549e-02 8.429118e-03 1.118629e-02 1.124498e-02 1.125434e-02 1.120677e-02 1.113643e-02 1.106869e-02 1.105747e-02 1.108455e-02 1.112529e-02 1.116817e-02 1.117856e-02 1.115380e-02 1.112950e-02 1.114342e-02 2.384192e-02 1.115829e-02 1.115765e-02 1.116229e-02 1.118480e-02 1.119945e-02 1.119308e-02 1.116123e-02 1.110671e-02 1.104361e-02 1.098020e-02 1.282823e-02 1.086711e-02 1.085736e-02 1.522081e-02 1.091700e-02 1.111887e-02 1.124250e-02 1.121485e-02 1.307021e-02 9.140475e-03 9.238209e-03 1.081823e-02 1.110960e-02 1.085038e-02 6.031324e-03 -9.999000e+03 -9.999000e+03 -9.999000e+03 -9.999000e+03 -9.999000e+03 -9.999000e+03 -9.999000e+03 -9.999000e+03 -9.999000e+03 -9.999000e+03
1.110681e-02 1.048677e-02 1.117933e-02 1.118202e-02 8.618760e-03 1.115474e-02 1.109881e-02 1.106008e-02 1.106608e-02 1.109235e-02 1.112062e-02 1.114988e-02 1.115488e-02 1.115480e-02 1.118276e-02 1.122949e-02 2.478478e-02 1.111978e-02 1.109883e-02 1.109464e-02 1.110314e-02 1.111478e-02 1.112193e-02 1.111955e-02 1.110133e-02 1.106694e-02 1.103210e-02 1.130460e-02 1.098754e-02 1.094505e-02 1.335916e-02 1.095431e-02 1.106835e-02 1.117160e-02 1.121291e-02 1.166039e-02 1.075418e-02 1.074991e-02 9.245015e-03 1.106405e-02 1.111644e-02 1.037894e-02 6.928297e-03 7.732335e-03 -9.999000e+03 -9.999000e+03 -9.999000e+03 -9.999000e+03 -9.999000e+03 -9.999000e+03 -9.999000e+03 -9.999000e+03
1.117089e-02 1.107347e-02 1.117082e-02 1.113084e-02 8.599698e-03 1.052734e-02 1.109882e-02 1.106500e-02 1.105733e-02 1.107784e-02 1.110426e-02 1.113830e-02 1.116930e-02 1.121929e-02 1.128368e-02 1.130338e-02 1.122024e-02 2.484750e-02 1.100891e-02 1.099479e-02 1.098535e-02 1.099523e-02 1.102050e-02 1.105302e-02 1.107954e-02 1.107831e-02 1.106851e-02 1.107037e-02 1.107249e-02 1.105697e-02 1.189519e-02 1.101186e-02 1.100161e-02 1.103560e-02 1.111828e-02 1.121687e-02 1.111058e-02 1.104826e-02 1.073814e-02 9.260572e-03 8.086747e-03 2.462161e-02 1.769537e-02 9.882365e-03 8.516979e-03 -9.999000e+03 -9.999000e+03 -9.999000e+03 -9.999000e+03 -9.999000e+03 -9.999000e+03 -9.999000e+03
1.124816e-02 1.122022e-02 1.118626e-02 1.113211e-02 1.052865e-02 8.592905e-03 1.099856e-02 1.103962e-02 1.105416e-02 1.111860e-02 1.117431e-02 1.122613e-02 1.126667e-02 1.130542e-02 1.130059e-02 1.121405e-02 1.107364e-02 1.095486e-02 2.274834e-02 1.097599e-02 1.099351e-02 1.101903e-02 1.104271e-02 1.106052e-02 1.107418e-02 1.107897e-02 1.109288e-02 1.110373e-02 1.109114e-02 1.106460e-02 1.103103e-02 1.099867e-02 1.097423e-02 1.339669e-02 1.098813e-02 9.102532e-03 1.106197e-02 1.102454e-02 1.099160e-02 6.294289e-03 1.923280e-02 1.957843e-02 1.367759e-02 1.077890e-02 9.819781e-03 8.797975e-03 -9.999000e+03 -9.999000e+03 -9.999000e+03 -9.999000e+03 -9.999000e+03 -9.999000e+03
1.133961e-02 1.128490e-02 1.120844e-02 1.114920e-02 1.102633e-02 1.050975e-02 8.546761e-03 1.102400e-02 1.111025e-02 1.121947e-02 1.129364e-02 1.135182e-02 1.136936e-02 1.133302e-02 1.121017e-02 1.104639e-02 1.092043e-02 1.085184e-02 2.046956e-02 1.098373e-02 1.103204e-02 1.107137e-02 1.108765e-02 1.108193e-02 1.107231e-02 1.108218e-02 1.111773e-02 1.113112e-02 1.109832e-02 1.105463e-02 1.101122e-02 1.097695e-02 1.509921e-02 1.082353e-02 1.052478e-02 8.998290e-03 1.095585e-02 1.104131e-02 6.204663e-03 1.773232e-02 1.560425e-02 1.585193e-02 1.152022e-02 1.113087e-02 1.084927e-02 9.695071e-03 9.796732e-03 -9.999000e+03 -9.999000e+03 -9.999000e+03 -9.999000e+03 -9.999000e+03
1.144236e-02 1.135782e-02 1.129076e-02 1.124974e-02 8.678303e-03 1.114174e-02 1.102986e-02 1.054828e-02 1.120165e-02 1.125337e-02 1.126705e-02 1.126755e-02 1.121773e-02 1.112437e-02 1.100884e-02 1.092249e-02 1.089593e-02 1.090549e-02 2.020066e-02 1.109840e-02 1.112477e-02 1.112777e-02 1.111052e-02 1.108629e-02 1.107460e-02 1.109444e-02 1.113560e-02 1.115877e-02 1.114994e-02 1.113028e-02 1.109992e-02 1.686372e-02 1.092239e-02 1.081243e-02 1.050056e-02 8.902356e-03 1.134250e-02 9.201112e-03 1.757736e-02 1.467716e-02 1.304541e-02 1.650391e-02 1.082574e-02 9.618736e-03 1.095941e-02 1.076189e-02 1.067536e-02 9.711657e-03 8.657051e-03 -9.999000e+03 -9.999000e+03 -9.999000e+03
1.157644e-02 1.138750e-02 1.131342e-02 1.129673e-02 1.127262e-02 1.067204e-02 1.121417e-02 1.121393e-02 1.112878e-02 1.118391e-02 1.113130e-02 1.107079e-02 1.098475e-02 1.091490e-02 1.088502e-02 1.089648e-02 1.095561e-02 1.103616e-02 1.114454e-02 2.284411e-02 1.122601e-02 1.118184e-02 1.112598e-02 1.108559e-02 1.107858e-02 1.110874e-02 1.115260e-02 1.118739e-02 1.121158e-02 1.122598e-02 1.905938e-02 1.108319e-02 1.104217e-02 1.091333e-02 8.765182e-03 5.533904e-03 9.127703e-03 1.063991e-02 1.491435e-02 1.240781e-02 1.898803e-02 1.066245e-02 9.231599e-03 1.062811e-02 1.093474e-02 1.108480e-02 1.240490e-02 1.636578e-02 9.705412e-03 7.469073e-03 -9.999000e+03 -9.999000e+03
6.911329e-02 6.252508e-02 1.162023e-02 1.159180e-02 1.115504e-02 1.112678e-02 1.103577e-02 1.111843e-02 1.110004e-02 1.105913e-02 1.103394e-02 1.098667e-02 1.093544e-02 1.091627e-02 1.092885e-02 1.096819e-02 1.104549e-02 1.113714e-02 1.123398e-02 2.875444e-02 1.125976e-02 1.123794e-02 1.119539e-02 1.116315e-02 1.116261e-02 1.119205e-02 1.122119e-02 1.122631e-02 1.122220e-02 1.122314e-02 2.070967e-02 1.109549e-02 1.106282e-02 9.104243e-03 4.473142e-03 1.706468e-02 1.062700e-02 1.098778e-02 1.280497e-02 2.004295e-02 1.084919e-02 1.056577e-02 9.098233e-03 1.087067e-02 1.093661e-02 1.341796e-02 1.288224e-02 1.070330e-02 9.485903e-03 1.700856e-02 9.747856e-03 7.382015e-03
1.891680e-02 1.666018e-02 5.304408e-02 1.137948e-02 1.138936e-02 1.131773e-02 1.128072e-02 1.127083e-02 1.126058e-02 1.124803e-02 1.123549e-02 1.120868e-02 1.119210e-02 1.120620e-02 1.124296e-02 1.131806e-02 1.143084e-02 1.154164e-02 1.164229e-02 1.171422e-02 3.187195e-02 1.169385e-02 1.166000e-02 1.162585e-02 1.127471e-02 1.130169e-02 1.130901e-02 1.127580e-02 1.122880e-02 1.119779e-02 2.188257e-02 1.109169e-02 6.990406e-03 4.450334e-03 1.613733e-02 1.519176e-02 1.103285e-02 1.105936e-02 2.166605e-02 1.090697e-02 1.087570e-02 1.060051e-02 1.087406e-02 9.131613e-03 1.094826e-02 1.562511e-02 9.272323e-03 1.081928e-02 1.068590e-02 1.480780e-02 9.495041e-03 1.708628e-02
9.234679e-03 1.102300e-02 1.147154e-02 4.910505e-02 4.901179e-02 4.480712e-02 4.345554e-02 1.143471e-02 1.151096e-02 1.157505e-02 1.161559e-02 1.163107e-02 1.167354e-02 1.173647e-02 1.559887e-02 1.180694e-02 1.180770e-02 1.177838e-02 1.173965e-02 1.169827e-02 9.354838e-03 3.157113e-02 1.515076e-02 1.161832e-02 1.165283e-02 1.170482e-02 1.128532e-02 1.123532e-02 1.118157e-02 1.114154e-02 2.267462e-02 6.882010e-03 6.749820e-03 8.717649e-03 1.476735e-02 1.321222e-02 1.109535e-02 1.108758e-02 2.192089e-02 1.095103e-02 1.089102e-02 1.092541e-02 1.059692e-02 9.070071e-03 1.100428e-02 1.341157e-02 1.072629e-02 1.097214e-02 1.095147e-02 1.208923e-02 1.066971e-02 1.311226e-02
1.142347e-02 1.141737e-02 1.155244e-02 1.176560e-02 1.158894e-02 1.134140e-02 1.144167e-02 4.391177e-02 4.624288e-02 4.838306e-02 4.984404e-02 5.037970e-02 5.209549e-02 5.537697e-02 5.909716e-02 6.242568e-02 6.183941e-02 1.212113e-02 1.193272e-02 1.175971e-02 1.155960e-02 1.096807e-02 3.105251e-02 1.155336e-02 1.165419e-02 1.169912e-02 1.166021e-02 1.116687e-02 1.111212e-02 1.107478e-02 2.547890e-02 2.461268e-02 1.052220e-02 8.694520e-03 1.277948e-02 1.166436e-02 1.109478e-02 1.110595e-02 2.205816e-02 1.100049e-02 1.095641e-02 1.090820e-02 1.059469e-02 1.094605e-02 1.139910e-02 9.191561e-03 1.111437e-02 1.113848e-02 1.108083e-02 1.105463e-02 1.088896e-02 1.123360e-02
1.090937e-02 1.136346e-02 1.157310e-02 2.663231e-02 2.735233e-02 2.647097e-02 2.640709e-02 2.752365e-02 2.861243e-02 2.966485e-02 3.046500e-02 3.096889e-02 3.162668e-02 3.225486e-02 3.358858e-02 3.519487e-02 3.547697e-02 6.670151e-02 6.836014e-02 1.174818e-02 1.165776e-02 1.152614e-02 3.259401e-02 1.170256e-02 1.169955e-02 1.165531e-02 1.158882e-02 1.153365e-02 1.108097e-02 1.238334e-02 2.562246e-02 1.102179e-02 1.052244e-02 8.680118e-03 1.139424e-02 1.109170e-02 1.108174e-02 2.243469e-02 1.105038e-02 1.100269e-02 1.095082e-02 1.090859e-02 1.094548e-02 1.093528e-02 1.061976e-02 1.099970e-02 9.220460e-03 1.112974e-02 1.112272e-02 1.109822e-02 1.105446e-02 1.106504e-02
1.102945e-02 2.141967e-02 2.146659e-02 1.110486e-02 1.110942e-02 1.107156e-02 1.112541e-02 1.120776e-02 1.126336e-02 1.131688e-02 1.136633e-02 1.170776e-02 1.176001e-02 1.182327e-02 1.189017e-02 1.194188e-02 1.659294e-02 2.039056e-02 1.944102e-02 6.537985e-02 6.691180e-02 6.080349e-02 6.315696e-02 3.676099e-02 1.172989e-02 1.159048e-02 1.152388e-02 1.144921e-02 1.297625e-02 4.741831e-03 2.373834e-02 1.369698e-02 1.052355e-02 8.673946e-03 1.110938e-02 1.107810e-02 1.106932e-02 2.243310e-02 1.103057e-02 1.098613e-02 1.093291e-02 1.093382e-02 1.094816e-02 1.090605e-02 1.091051e-02 1.059766e-02 9.140578e-03 1.107456e-02 1.113001e-02 1.118267e-02 1.121336e-02 1.118439e-02
2.370279e-02 1.096637e-02 1.097217e-02 1.098269e-02 1.091798e-02 1.084471e-02 1.086799e-02 1.092711e-02 1.097158e-02 1.102991e-02 1.109937e-02 1.116010e-02 1.121235e-02 1.127293e-02 1.134625e-02 1.172060e-02 1.179818e-02 1.188654e-02 1.650947e-02 2.087518e-02 2.360342e-02 3.291798e-02 1.946583e-02 8.126982e-02 4.197589e-02 1.177780e-02 1.160769e-02 9.327443e-03 6.123382e-03 1.702044e-02 2.395127e-02 1.540493e-02 8.616904e-03 1.053738e-02 1.108459e-02 1.108640e-02 1.107645e-02 2.237055e-02 1.104303e-02 1.100276e-02 1.095534e-02 1.093229e-02 1.094267e-02 1.098341e-02 1.092392e-02 1.058804e-02 1.091963e-02 9.144733e-03 1.105722e-02 1.110127e-02 1.113886e-02 1.114211e-02
1.100625e-02 1.097670e-02 1.098312e-02 1.099168e-02 1.093553e-02 1.084779e-02 1.083445e-02 1.085262e-02 1.085262e-02 1.088242e-02 1.095642e-02 1.102494e-02 1.106364e-02 1.110083e-02 1.115771e-02 1.121418e-02 1.126030e-02 1.132390e-02 1.175443e-02 1.196566e-02 1.198961e-02 1.597230e-02 3.028867e-02 2.337163e-02 8.838555e-02 4.250564e-02 1.143854e-02 1.260096e-02 2.530135e-02 1.560478e-02 2.380328e-02 1.550901e-02 8.590101e-03 1.095524e-02 1.106814e-02 1.109524e-02 2.244293e-02 1.108729e-02 1.105549e-02 1.100974e-02 1.097635e-02 1.095215e-02 1.094886e-02 1.100541e-02 1.098295e-02 1.095388e-02 1.058769e-02 9.048142e-03 1.098403e-02 1.099975e-02 1.102216e-02 1.105737e-02
1.099046e-02 1.095564e-02 1.095381e-02 1.097272e-02 1.094542e-02 1.087267e-02 1.084294e-02 1.083082e-02 1.078387e-02 1.076696e-02 1.082883e-02 1.090440e-02 1.094164e-02 1.096583e-02 1.100797e-02 1.105323e-02 1.108021e-02 1.112464e-02 1.123389e-02 1.138409e-02 1.177168e-02 1.175833e-02 1.196605e-02 1.219447e-02 2.656389e-02 7.505546e-02 8.196537e-02 3.076261e-02 1.534051e-02 1.426849e-02 2.329239e-02 1.516643e-02 1.062293e-02 1.113062e-02 1.110870e-02 1.109253e-02 2.204728e-02 1.110141e-02 1.107347e-02 1.100412e-02 1.096056e-02 1.094994e-02 1.094692e-02 1.100692e-02 1.105663e-02 1.098298e-02 8.965090e-03 1.067337e-02 1.101698e-02 1.101973e-02 1.102908e-02 1.103049e-02
1.097499e-02 1.096735e-02 1.096094e-02 1.098667e-02 1.099849e-02 1.096406e-02 1.094431e-02 1.093290e-02 1.086084e-02 1.078453e-02 1.078972e-02 1.083299e-02 1.086036e-02 1.087324e-02 1.089586e-02 1.092166e-02 1.092093e-02 1.093256e-02 1.100489e-02 1.110062e-02 1.117252e-02 1.146825e-02 1.162944e-02 1.194504e-02 1.190706e-02 2.412590e-02 2.424739e-02 1.979512e-02 8.039524e-02 1.476594e-02 2.642821e-02 1.465136e-02 1.128199e-02 1.130429e-02 1.118642e-02 1.109622e-02 2.140796e-02 1.109199e-02 1.109022e-02 1.102111e-02 1.095126e-02 1.092930e-02 1.093282e-02 1.100572e-02 1.106638e-02 1.068408e-02 8.971029e-03 1.104437e-02 1.106656e-02 1.105653e-02 1.105756e-02 1.102313e-02
1.094112e-02 1.095603e-02 1.093927e-02 1.096115e-02 1.101302e-02 1.102529e-02 1.102046e-02 1.102463e-02 1.096725e-02 1.086429e-02 1.080811e-02 1.080366e-02 1.082042e-02 1.205525e-02 1.082739e-02 1.083108e-02 1.080236e-02 1.079023e-02 1.085043e-02 1.092102e-02 1.095637e-02 1.100695e-02 1.140132e-02 1.164326e-02 1.171214e-02 1.369539e-02 4.683830e-03 1.724010e-02 1.882155e-02 6.962554e-02 7.992766e-02 1.420933e-02 1.170722e-02 1.122163e-02 1.116661e-02 1.112446e-02 2.142786e-02 1.108600e-02 1.108028e-02 1.103433e-02 1.096044e-02 1.090816e-02 1.089047e-02 1.095414e-02 1.096760e-02 1.064128e-02 8.950669e-03 1.108745e-02 1.108300e-02 1.105401e-02 1.102086e-02 1.098763e-02
1.102224e-02 1.099940e-02 1.091308e-02 1.087909e-02 1.094577e-02 1.099730e-02 1.099448e-02 1.101486e-02 1.102639e-02 1.097959e-02 1.090728e-02 1.086741e-02 1.382986e-02 1.088668e-02 1.086523e-02 1.083912e-02 1.077563e-02 1.074247e-02 1.080825e-02 1.088712e-02 1.088764e-02 1.089121e-02 1.104186e-02 1.152943e-02 1.156543e-02 1.381894e-02 4.389805e-03 1.695107e-02 1.566117e-02 1.388912e-02 1.858194e-02 8.767898e-02 1.152346e-02 1.137890e-02 1.109207e-02 1.114787e-02 2.209809e-02 1.111024e-02 1.107114e-02 1.103807e-02 1.097872e-02 1.091234e-02 1.086686e-02 1.089597e-02 1.089586e-02 1.057522e-02 8.900412e-03 1.107388e-02 1.109126e-02 1.105548e-02 1.097929e-02 1.094716e-02
