tests/data/reference/test_rill/mwlevel_m.asc
ncols	123
nrows	77
xllcorner	-713746.79929998
yllcorner	-1061022.36961616
cellsize	10.0
NODATA_value	-9999
[rows 46 to 68 of 77, columns 0 to 51 of 123]
-9.999000e+03 -9.999000e+03 -9.999000e+03 -9.999000e+03 -9.999000e+03 -9.999000e+03 7.444176e-03 1.347126e-02 1.119670e-02 1.122035e-02 9.806630e-03 1.097449e-02 1.112997e-02 1.118367e-02 1.121909e-02 1.124038e-02 1.118530e-02 1.109467e-02 1.098029e-02 1.087770e-02 1.090867e-02 1.074481e-02 1.079293e-02 1.085889e-02 1.106764e-02 1.101636e-02 1.108215e-02 1.117162e-02 1.113790e-02 1.109296e-02 1.110354e-02 2.210337e-02 2.223679e-02 1.111494e-02 1.109912e-02 1.108218e-02 1.104895e-02 1.102557e-02 1.103281e-02 1.103948e-02 1.107032e-02 1.112440e-02 1.116571e-02 1.118054e-02 1.121837e-02 1.126892e-02 1.126913e-02 1.126022e-02 1.129246e-02 1.135122e-02 1.132392e-02 1.120826e-02
-9.999000e+03 -9.999000e+03 -9.999000e+03 -9.999000e+03 -9.999000e+03 -9.999000e+03 2.073813e-02 1.136607e-02 1.097022e-02 1.092155e-02 9.691256e-03 1.101603e-02 1.101628e-02 1.106250e-02 1.111371e-02 1.117933e-02 1.122325e-02 1.119970e-02 1.107964e-02 1.096044e-02 9.416114e-03 9.354408e-03 9.323257e-03 9.325871e-03 1.080056e-02 1.100311e-02 1.108904e-02 2.009829e-02 2.085395e-02 2.110600e-02 2.155017e-02 1.117133e-02 1.112748e-02 1.108818e-02 1.106296e-02 1.104185e-02 1.101008e-02 1.098509e-02 1.100271e-02 1.101502e-02 1.102154e-02 1.104113e-02 1.106855e-02 1.109585e-02 1.114495e-02 1.121315e-02 1.124967e-02 1.124956e-02 1.124654e-02 1.128948e-02 1.132564e-02 1.128902e-02
-9.999000e+03 -9.999000e+03 -9.999000e+03 -9.999000e+03 -9.999000e+03 8.129332e-03 1.147667e-02 1.297585e-02 9.752236e-03 9.726993e-03 1.077453e-02 1.089158e-02 1.088980e-02 1.095616e-02 1.100532e-02 1.108510e-02 1.117520e-02 1.121933e-02 1.111850e-02 1.101021e-02 1.291666e-02 1.445270e-02 1.569327e-02 1.698599e-02 1.775111e-02 1.853605e-02 1.939858e-02 1.120925e-02 1.120671e-02 1.115441e-02 1.114761e-02 1.116184e-02 1.111469e-02 1.105846e-02 1.102061e-02 1.099793e-02 1.096758e-02 1.093559e-02 1.095908e-02 1.099166e-02 1.100231e-02 1.100235e-02 1.100258e-02 1.101532e-02 1.105649e-02 1.112412e-02 1.119335e-02 1.123382e-02 1.122144e-02 1.122797e-02 1.128678e-02 1.131282e-02
-9.999000e+03 -9.999000e+03 -9.999000e+03 -9.999000e+03 1.133104e-02 9.508571e-03 1.110337e-02 1.223678e-02 9.829545e-03 9.883307e-03 1.083302e-02 1.092575e-02 1.100974e-02 1.077943e-02 1.099157e-02 1.105887e-02 1.113749e-02 1.119410e-02 1.109075e-02 1.098862e-02 1.100603e-02 1.105312e-02 1.108009e-02 1.110691e-02 1.118188e-02 1.123111e-02 1.122501e-02 1.123984e-02 1.126500e-02 1.124593e-02 1.122184e-02 1.123340e-02 1.122506e-02 1.119170e-02 1.114891e-02 1.110855e-02 1.105477e-02 1.098213e-02 1.096035e-02 1.098042e-02 1.101053e-02 1.101652e-02 1.099062e-02 1.097496e-02 1.099006e-02 1.103327e-02 1.110736e-02 1.118265e-02 1.119223e-02 1.118123e-02 1.124058e-02 1.129946e-02
-9.999000e+03 -9.999000e+03 -9.999000e+03 -9.999000e+03 7.694879e-03 1.109145e-02 1.081386e-02 1.087127e-02 1.090023e-02 9.980061e-03 1.098966e-02 1.278814e-02 9.764060e-03 1.076373e-02 1.094971e-02 1.102664e-02 1.110567e-02 1.117711e-02 1.108595e-02 1.097215e-02 1.096273e-02 1.104267e-02 1.104821e-02 1.108418e-02 1.115125e-02 1.122362e-02 1.123093e-02 1.123723e-02 1.127829e-02 1.129425e-02 1.126590e-02 1.125866e-02 1.126649e-02 1.126667e-02 1.124628e-02 1.120755e-02 1.115261e-02 1.106765e-02 1.099632e-02 1.098006e-02 1.102557e-02 1.105119e-02 1.100858e-02 1.096678e-02 1.095287e-02 1.096641e-02 1.102915e-02 1.111600e-02 1.114911e-02 1.113087e-02 1.118084e-02 1.125311e-02
-9.999000e+03 -9.999000e+03 -9.999000e+03 7.951975e-03 9.685904e-03 1.189518e-02 9.920595e-03 1.080146e-02 1.004494e-02 1.091108e-02 1.199007e-02 1.098448e-02 9.847349e-03 1.072043e-02 1.087960e-02 1.097731e-02 1.105199e-02 1.113164e-02 1.107528e-02 1.093336e-02 1.103121e-02 1.063139e-02 1.086949e-02 1.091651e-02 1.098414e-02 1.107088e-02 1.110345e-02 1.111350e-02 1.115377e-02 1.118439e-02 1.116149e-02 1.113842e-02 1.113741e-02 1.115890e-02 1.118696e-02 1.119709e-02 1.119398e-02 1.115258e-02 1.106113e-02 1.100409e-02 1.105705e-02 1.111445e-02 1.108274e-02 1.103145e-02 1.098663e-02 1.095889e-02 1.098440e-02 1.104919e-02 1.103776e-02 1.103949e-02 1.106528e-02 1.112428e-02
-9.999000e+03 -9.999000e+03 -9.999000e+03 8.527244e-03 1.210169e-02 1.073274e-02 1.009880e-02 1.021649e-02 1.083059e-02 1.085667e-02 1.148044e-02 1.090567e-02 9.963612e-03 1.064515e-02 1.081078e-02 1.092863e-02 1.098953e-02 1.107692e-02 1.108886e-02 1.325280e-02 9.400820e-03 1.049456e-02 1.066985e-02 1.072964e-02 1.079813e-02 1.089987e-02 1.096888e-02 1.099629e-02 1.103971e-02 1.108281e-02 1.107200e-02 1.104092e-02 1.102011e-02 1.103815e-02 1.109085e-02 1.113546e-02 1.117961e-02 1.119815e-02 1.112098e-02 1.102789e-02 1.106277e-02 1.114183e-02 1.114619e-02 1.111123e-02 1.105340e-02 1.099953e-02 1.099060e-02 1.056459e-02 1.060022e-02 1.061656e-02 1.062648e-02 1.720042e-02
-9.999000e+03 -9.999000e+03 9.888699e-03 6.804921e-03 1.083810e-02 1.068454e-02 1.033721e-02 1.041752e-02 1.035313e-02 1.045490e-02 1.130010e-02 1.095452e-02 1.013912e-02 1.062261e-02 1.077921e-02 1.087376e-02 1.087784e-02 1.094310e-02 1.247335e-02 1.094715e-02 9.625333e-03 1.048869e-02 1.057430e-02 1.062623e-02 1.065443e-02 1.073109e-02 1.083039e-02 1.089838e-02 1.096683e-02 1.103957e-02 1.106496e-02 1.104548e-02 1.099299e-02 1.096979e-02 1.099838e-02 1.103048e-02 1.107804e-02 1.113028e-02 1.110197e-02 1.102427e-02 1.103044e-02 1.109418e-02 1.113264e-02 1.114343e-02 1.111529e-02 1.107808e-02 8.855071e-03 8.815166e-03 8.809114e-03 8.833547e-03 1.841976e-02 1.112210e-02
-9.999000e+03 -9.999000e+03 3.023071e-02 1.111926e-02 1.011080e-02 1.032153e-02 1.049563e-02 1.033132e-02 1.112884e-02 1.152160e-02 1.042204e-02 1.099271e-02 1.029280e-02 1.069000e-02 1.075972e-02 1.080859e-02 1.074471e-02 1.074672e-02 1.092479e-02 1.174827e-02 9.906095e-03 1.039243e-02 1.044153e-02 1.054660e-02 1.052989e-02 1.056055e-02 1.067142e-02 1.077480e-02 1.087133e-02 1.096585e-02 1.102723e-02 1.104066e-02 1.098068e-02 1.092855e-02 1.094039e-02 1.096280e-02 1.100237e-02 1.105074e-02 1.104506e-02 1.101456e-02 1.102637e-02 1.106244e-02 1.109820e-02 1.112778e-02 1.111689e-02 1.109386e-02 1.107039e-02 1.106478e-02 1.803671e-02 1.978152e-02 1.113808e-02 1.113181e-02
-9.999000e+03 1.061939e-02 3.638720e-02 1.165341e-02 1.017702e-02 1.062621e-02 1.028147e-02 1.028536e-02 -9.999000e+03 -9.999000e+03 -9.999000e+03 1.043340e-02 1.036145e-02 1.011274e-02 1.000293e-02 9.996685e-03 9.944963e-03 9.855115e-03 9.948402e-03 1.026941e-02 1.034266e-02 1.006842e-02 1.046381e-02 1.049290e-02 1.052541e-02 1.057238e-02 1.062054e-02 1.068785e-02 1.077524e-02 1.085796e-02 1.092619e-02 1.099708e-02 1.096137e-02 1.091810e-02 1.093844e-02 1.096718e-02 1.100819e-02 1.104048e-02 1.100639e-02 1.098992e-02 1.104083e-02 1.108231e-02 1.109706e-02 1.111015e-02 1.108947e-02 1.106440e-02 1.389980e-02 1.614579e-02 1.113864e-02 1.117735e-02 1.114240e-02 1.112577e-02
-9.999000e+03 1.449836e-02 1.193253e-02 1.018292e-02 1.037333e-02 1.035029e-02 -9.999000e+03 -9.999000e+03 -9.999000e+03 -9.999000e+03 -9.999000e+03 -9.999000e+03 1.030134e-02 1.016244e-02 1.096251e-02 1.106324e-02 9.996959e-03 1.091967e-02 1.119509e-02 1.149169e-02 1.044855e-02 1.042627e-02 1.022774e-02 1.000149e-02 1.061670e-02 1.062351e-02 1.056555e-02 1.055056e-02 1.059276e-02 1.061792e-02 1.084722e-02 1.089517e-02 1.091131e-02 1.088408e-02 1.091943e-02 1.095615e-02 1.100150e-02 1.103958e-02 1.098332e-02 1.094611e-02 1.102007e-02 1.108786e-02 1.109429e-02 1.109354e-02 1.106439e-02 1.103112e-02 1.106089e-02 1.110234e-02 1.114142e-02 1.117648e-02 1.112170e-02 1.108815e-02
7.899599e-03 1.814272e-02 1.077726e-02 1.036105e-02 1.066132e-02 1.016412e-02 -9.999000e+03 -9.999000e+03 -9.999000e+03 -9.999000e+03 -9.999000e+03 -9.999000e+03 -9.999000e+03 -9.999000e+03 -9.999000e+03 9.969642e-03 1.093311e-02 9.891826e-03 9.968176e-03 1.008374e-02 1.150538e-02 -9.999000e+03 -9.999000e+03 1.022831e-02 9.995800e-03 9.857435e-03 9.709125e-03 9.563955e-03 9.491251e-03 1.087337e-02 1.062163e-02 1.078831e-02 1.078491e-02 1.077784e-02 1.084404e-02 1.089275e-02 1.092616e-02 1.097251e-02 1.095180e-02 1.089340e-02 1.097271e-02 1.101860e-02 1.103099e-02 1.107696e-02 1.102575e-02 1.097168e-02 1.098063e-02 1.100473e-02 1.104908e-02 1.108659e-02 1.101242e-02 1.095521e-02
9.276832e-03 1.040094e-02 1.045095e-02 1.045383e-02 1.014544e-02 -9.999000e+03 -9.999000e+03 -9.999000e+03 -9.999000e+03 -9.999000e+03 -9.999000e+03 -9.999000e+03 -9.999000e+03 -9.999000e+03 -9.999000e+03 -9.999000e+03 -9.999000e+03 -9.999000e+03 -9.999000e+03 -9.999000e+03 -9.999000e+03 -9.999000e+03 -9.999000e+03 1.028484e-02 1.005308e-02 9.965997e-03 1.086476e-02 1.092672e-02 1.104968e-02 9.695565e-03 1.083534e-02 1.060107e-02 1.058380e-02 1.057366e-02 1.064770e-02 1.066932e-02 1.065011e-02 1.093767e-02 1.089194e-02 1.083513e-02 1.060270e-02 1.065622e-02 1.105595e-02 1.102345e-02 1.098872e-02 1.097687e-02 1.090335e-02 1.089259e-02 1.091611e-02 1.101285e-02 1.092336e-02 1.083617e-02
-9.999000e+03 1.009967e-02 1.016286e-02 9.970530e-03 -9.999000e+03 -9.999000e+03 -9.999000e+03 -9.999000e+03 -9.999000e+03 -9.999000e+03 -9.999000e+03 -9.999000e+03 -9.999000e+03 -9.999000e+03 -9.999000e+03 -9.999000e+03 -9.999000e+03 -9.999000e+03 -9.999000e+03 -9.999000e+03 -9.999000e+03 -9.999000e+03 -9.999000e+03 -9.999000e+03 -9.999000e+03 -9.999000e+03 9.855337e-03 9.746908e-03 1.096751e-02 1.127133e-02 9.933642e-03 9.834759e-03 9.670222e-03 9.467050e-03 9.373866e-03 9.351284e-03 1.088562e-02 1.063833e-02 1.064185e-02 9.046077e-03 8.979169e-03 1.098995e-02 1.065084e-02 1.068108e-02 1.106312e-02 1.066317e-02 1.064151e-02 1.061121e-02 1.097430e-02 1.095998e-02 1.093792e-02 1.041728e-02
-9.999000e+03 -9.999000e+03 -9.999000e+03 -9.999000e+03 -9.999000e+03 -9.999000e+03 -9.999000e+03 -9.999000e+03 -9.999000e+03 -9.999000e+03 -9.999000e+03 -9.999000e+03 -9.999000e+03 -9.999000e+03 -9.999000e+03 -9.999000e+03 -9.999000e+03 -9.999000e+03 -9.999000e+03 -9.999000e+03 -9.999000e+03 -9.999000e+03 -9.999000e+03 -9.999000e+03 -9.999000e+03 -9.999000e+03 -9.999000e+03 -9.999000e+03 9.807252e-03 1.116179e-02 1.004286e-02 9.950747e-03 9.759606e-03 1.069097e-02 1.097826e-02 1.115617e-02 9.459219e-03 9.344174e-03 9.235406e-03 1.066662e-02 1.097506e-02 9.037982e-03 9.018425e-03 1.099308e-02 9.002912e-03 9.000273e-03 9.009973e-03 1.109447e-02 1.063463e-02 1.097728e-02 8.903493e-03 8.726890e-03
-9.999000e+03 -9.999000e+03 -9.999000e+03 -9.999000e+03 -9.999000e+03 -9.999000e+03 -9.999000e+03 -9.999000e+03 -9.999000e+03 -9.999000e+03 -9.999000e+03 -9.999000e+03 -9.999000e+03 -9.999000e+03 -9.999000e+03 -9.999000e+03 -9.999000e+03 -9.999000e+03 -9.999000e+03 -9.999000e+03 -9.999000e+03 -9.999000e+03 -9.999000e+03 -9.999000e+03 -9.999000e+03 -9.999000e+03 -9.999000e+03 -9.999000e+03 -9.999000e+03 9.988807e-03 1.111142e-02 1.080139e-02 1.068441e-02 9.464086e-03 9.422597e-03 9.526576e-03 9.519970e-03 9.386861e-03 1.072972e-02 1.097008e-02 1.104010e-02 1.108350e-02 1.105203e-02 9.034519e-03 1.069623e-02 1.106043e-02 1.115125e-02 9.109530e-03 1.100066e-02 9.002172e-03 1.060067e-02 1.087998e-02
-9.999000e+03 -9.999000e+03 -9.999000e+03 -9.999000e+03 -9.999000e+03 -9.999000e+03 -9.999000e+03 -9.999000e+03 -9.999000e+03 -9.999000e+03 -9.999000e+03 -9.999000e+03 -9.999000e+03 -9.999000e+03 -9.999000e+03 -9.999000e+03 -9.999000e+03 -9.999000e+03 -9.999000e+03 -9.999000e+03 -9.999000e+03 -9.999000e+03 -9.999000e+03 -9.999000e+03 -9.999000e+03 -9.999000e+03 -9.999000e+03 -9.999000e+03 -9.999000e+03 -9.999000e+03 1.079157e-02 -9.999000e+03 -9.999000e+03 -9.999000e+03 -9.999000e+03 -9.999000e+03 -9.999000e+03 -9.999000e+03 9.291485e-03 1.077172e-02 1.106036e-02 1.112884e-02 1.105360e-02 1.097491e-02 1.102588e-02 1.109229e-02 1.116918e-02 1.125194e-02 9.158014e-03 1.057952e-02 1.091215e-02 1.101228e-02
-9.999000e+03 -9.999000e+03 -9.999000e+03 -9.999000e+03 -9.999000e+03 -9.999000e+03 -9.999000e+03 -9.999000e+03 -9.999000e+03 -9.999000e+03 -9.999000e+03 -9.999000e+03 -9.999000e+03 -9.999000e+03 -9.999000e+03 -9.999000e+03 -9.999000e+03 -9.999000e+03 -9.999000e+03 -9.999000e+03 -9.999000e+03 -9.999000e+03 -9.999000e+03 -9.999000e+03 -9.999000e+03 -9.999000e+03 -9.999000e+03 -9.999000e+03 -9.999000e+03 -9.999000e+03 -9.999000e+03 -9.999000e+03 -9.999000e+03 -9.999000e+03 -9.999000e+03 -9.999000e+03 -9.999000e+03 -9.999000e+03 -9.999000e+03 -9.999000e+03 -9.999000e+03 9.282244e-03 9.238257e-03 9.118403e-03 1.069344e-02 1.106292e-02 1.117764e-02 1.126617e-02 1.107089e-02 1.085672e-02 1.096932e-02 1.112066e-02
-9.999000e+03 -9.999000e+03 -9.999000e+03 -9.999000e+03 -9.999000e+03 -9.999000e+03 -9.999000e+03 -9.999000e+03 -9.999000e+03 -9.999000e+03 -9.999000e+03 -9.999000e+03 -9.999000e+03 -9.999000e+03 -9.999000e+03 -9.999000e+03 -9.999000e+03 -9.999000e+03 -9.999000e+03 -9.999000e+03 -9.999000e+03 -9.999000e+03 -9.999000e+03 -9.999000e+03 -9.999000e+03 -9.999000e+03 -9.999000e+03 -9.999000e+03 -9.999000e+03 -9.999000e+03 -9.999000e+03 -9.999000e+03 -9.999000e+03 -9.999000e+03 -9.999000e+03 -9.999000e+03 -9.999000e+03 -9.999000e+03 -9.999000e+03 -9.999000e+03 -9.999000e+03 -9.999000e+03 -9.999000e+03 -9.999000e+03 9.035572e-03 9.065265e-03 1.081038e-02 1.118904e-02 9.153675e-03 1.055086e-02 1.098650e-02 1.123490e-02
-9.999000e+03 -9.999000e+03 -9.999000e+03 -9.999000e+03 -9.999000e+03 -9.999000e+03 -9.999000e+03 -9.999000e+03 -9.999000e+03 -9.999000e+03 -9.999000e+03 -9.999000e+03 -9.999000e+03 -9.999000e+03 -9.999000e+03 -9.999000e+03 -9.999000e+03 -9.999000e+03 -9.999000e+03 -9.999000e+03 -9.999000e+03 -9.999000e+03 -9.999000e+03 -9.999000e+03 -9.999000e+03 -9.999000e+03 -9.999000e+03 -9.999000e+03 -9.999000e+03 -9.999000e+03 -9.999000e+03 -9.999000e+03 -9.999000e+03 -9.999000e+03 -9.999000e+03 -9.999000e+03 -9.999000e+03 -9.999000e+03 -9.999000e+03 -9.999000e+03 -9.999000e+03 -9.999000e+03 -9.999000e+03 -9.999000e+03 -9.999000e+03 -9.999000e+03 -9.999000e+03 -9.999000e+03 -9.999000e+03 -9.999000e+03 8.960836e-03 1.092524e-02
-9.999000e+03 -9.999000e+03 -9.999000e+03 -9.999000e+03 -9.999000e+03 -9.999000e+03 -9.999000e+03 -9.999000e+03 -9.999000e+03 -9.999000e+03 -9.999000e+03 -9.999000e+03 -9.999000e+03 -9.999000e+03 -9.999000e+03 -9.999000e+03 -9.999000e+03 -9.999000e+03 -9.999000e+03 -9.999000e+03 -9.999000e+03 -9.999000e+03 -9.999000e+03 -9.999000e+03 -9.999000e+03 -9.999000e+03 -9.999000e+03 -9.999000e+03 -9.999000e+03 -9.999000e+03 -9.999000e+03 -9.999000e+03 -9.999000e+03 -9.999000e+03 -9.999000e+03 -9.999000e+03 -9.999000e+03 -9.999000e+03 -9.999000e+03 -9.999000e+03 -9.999000e+03 -9.999000e+03 -9.999000e+03 -9.999000e+03 -9.999000e+03 -9.999000e+03 -9.999000e+03 -9.999000e+03 -9.999000e+03 -9.999000e+03 -9.999000e+03 9.218246e-03
-9.999000e+03 -9.999000e+03 -9.999000e+03 -9.999000e+03 -9.999000e+03 -9.999000e+03 -9.999000e+03 -9.999000e+03 -9.999000e+03 -9.999000e+03 -9.999000e+03 -9.999000e+03 -9.999000e+03 -9.999000e+03 -9.999000e+03 -9.999000e+03 -9.999000e+03 -9.999000e+03 -9.999000e+03 -9.999000e+03 -9.999000e+03 -9.999000e+03 -9.999000e+03 -9.999000e+03 -9.999000e+03 -9.999000e+03 -9.999000e+03 -9.999000e+03 -9.999000e+03 -9.999000e+03 -9.999000e+03 -9.999000e+03 -9.999000e+03 -9.999000e+03 -9.999000e+03 -9.999000e+03 -9.999000e+03 -9.999000e+03 -9.999000e+03 -9.999000e+03 -9.999000e+03 -9.999000e+03 -9.999000e+03 -9.999000e+03 -9.999000e+03 -9.999000e+03 -9.999000e+03 -9.999000e+03 -9.999000e+03 -9.999000e+03 -9.999000e+03 -9.999000e+03
-9.999000e+03 -9.999000e+03 -9.999000e+03 -9.999000e+03 -9.999000e+03 -9.999000e+03 -9.999000e+03 -9.999000e+03 -9.999000e+03 -9.999000e+03 -9.999000e+03 -9.999000e+03 -9.999000e+03 -9.999000e+03 -9.999000e+03 -9.999000e+03 -9.999000e+03 -9.999000e+03 -9.999000e+03 -9.999000e+03 -9.999000e+03 -9.999000e+03 -9.999000e+03 -9.999000e+03 -9.999000e+03 -9.999000e+03 -9.999000e+03 -9.999000e+03 -9.999000e+03 -9.999000e+03 -9.999000e+03 -9.999000e+03 -9.999000e+03 -9.999000e+03 -9.999000e+03 -9.999000e+03 -9.999000e+03 -9.999000e+03 -9.999000e+03 -9.999000e+03 -9.999000e+03 -9.999000e+03 -9.999000e+03 -9.999000e+03 -9.999000e+03 -9.999000e+03 -9.999000e+03 -9.999000e+03 -9.999000e+03 -9.999000e+03 -9.999000e+03 -9.999000e+03
