tests/data/reference/test_rill/mwlevel_m.asc
ncols	123
nrows	77
xllcorner	-713746.79929998
yllcorner	-1061022.36961616
cellsize	10.0
NODATA_value	-9999
[rows 23 to 45 of 77, columns 0 to 51 of 123]
-9.999000e+03 -9.999000e+03 -9.999000e+03 -9.999000e+03 -9.999000e+03 -9.999000e+03 -9.999000e+03 -9.999000e+03 -9.999000e+03 -9.999000e+03 -9.999000e+03 -9.999000e+03 -9.999000e+03 -9.999000e+03 1.054230e-02 1.183671e-02 1.469216e-02 2.644359e-02 1.044542e-02 1.108731e-02 7.128079e-03 5.647930e-03 7.250569e-03 2.015086e-02 2.357128e-02 1.138262e-02 1.300550e-02 1.262975e-02 1.106511e-02 1.112052e-02 8.904497e-03 1.062064e-02 1.101245e-02 1.110533e-02 1.866248e-02 1.111961e-02 1.107119e-02 8.753418e-03 1.425842e-02 1.109308e-02 1.112537e-02 1.115180e-02 1.116973e-02 1.116885e-02 1.115340e-02 1.113513e-02 1.112155e-02 1.111303e-02 1.111170e-02 1.111065e-02 1.102377e-02 8.551371e-03
-9.999000e+03 -9.999000e+03 -9.999000e+03 -9.999000e+03 -9.999000e+03 -9.999000e+03 -9.999000e+03 -9.999000e+03 -9.999000e+03 -9.999000e+03 -9.999000e+03 -9.999000e+03 -9.999000e+03 -9.999000e+03 1.184101e-02 3.814157e-02 3.172076e-02 1.103640e-02 1.048371e-02 1.007285e-02 5.326969e-03 8.177746e-03 9.581158e-03 9.880094e-03 1.650289e-02 2.197404e-02 1.130811e-02 1.137380e-02 1.145954e-02 9.310553e-03 1.104719e-02 1.062186e-02 1.103352e-02 1.113993e-02 2.028229e-02 1.113829e-02 1.108592e-02 8.728980e-03 1.448993e-02 1.111539e-02 1.112764e-02 1.113909e-02 1.115535e-02 1.115892e-02 1.114625e-02 1.112742e-02 1.110991e-02 1.109839e-02 1.109421e-02 1.109054e-02 8.542112e-03 1.101583e-02
-9.999000e+03 -9.999000e+03 -9.999000e+03 -9.999000e+03 -9.999000e+03 -9.999000e+03 -9.999000e+03 -9.999000e+03 -9.999000e+03 -9.999000e+03 -9.999000e+03 -9.999000e+03 -9.999000e+03 -9.999000e+03 4.774313e-02 1.174342e-02 1.031126e-02 1.032825e-02 1.035852e-02 7.085312e-03 5.705407e-03 1.816037e-02 2.482702e-02 1.120748e-02 1.100631e-02 1.341682e-02 2.183025e-02 1.139770e-02 1.141637e-02 9.267195e-03 1.104818e-02 1.145608e-02 1.145673e-02 1.119923e-02 1.121558e-02 2.164560e-02 8.811551e-03 1.102817e-02 1.059626e-02 1.703012e-02 1.112190e-02 1.111394e-02 1.112236e-02 1.112823e-02 1.112187e-02 1.110647e-02 1.108665e-02 1.107057e-02 1.105895e-02 1.104058e-02 1.042891e-02 8.444865e-03
-9.999000e+03 -9.999000e+03 -9.999000e+03 -9.999000e+03 -9.999000e+03 -9.999000e+03 -9.999000e+03 -9.999000e+03 -9.999000e+03 -9.999000e+03 -9.999000e+03 -9.999000e+03 1.011985e-02 1.039661e-02 1.956634e-02 1.139482e-02 1.029656e-02 1.094435e-02 7.127460e-03 5.684788e-03 1.953665e-02 2.047946e-02 1.544965e-02 1.993960e-02 1.146515e-02 1.146639e-02 2.614610e-02 1.164160e-02 1.161115e-02 1.116991e-02 9.311497e-03 1.149899e-02 1.159718e-02 1.167870e-02 1.163848e-02 1.110087e-02 1.998076e-02 1.056855e-02 1.110044e-02 1.105063e-02 1.888200e-02 1.112473e-02 1.113474e-02 1.113390e-02 1.111630e-02 1.108701e-02 1.105577e-02 1.104022e-02 1.103837e-02 1.102980e-02 1.092558e-02 8.404420e-03
-9.999000e+03 -9.999000e+03 -9.999000e+03 -9.999000e+03 -9.999000e+03 -9.999000e+03 -9.999000e+03 -9.999000e+03 -9.999000e+03 -9.999000e+03 -9.999000e+03 -9.999000e+03 -9.999000e+03 1.016236e-02 1.127005e-02 1.103749e-02 1.077499e-02 7.155222e-03 5.957646e-03 1.955089e-02 1.089315e-02 1.145060e-02 2.063703e-02 2.366610e-02 2.900838e-02 2.817875e-02 2.753735e-02 2.730545e-02 1.179122e-02 1.168056e-02 1.156263e-02 1.118435e-02 1.168492e-02 1.174821e-02 1.162411e-02 1.139489e-02 1.133759e-02 1.972062e-02 1.101808e-02 1.109317e-02 1.962865e-02 1.114664e-02 1.115835e-02 1.114731e-02 1.111338e-02 1.106548e-02 1.102311e-02 1.101273e-02 1.102611e-02 1.103382e-02 1.103127e-02 1.040425e-02
-9.999000e+03 -9.999000e+03 -9.999000e+03 -9.999000e+03 -9.999000e+03 -9.999000e+03 -9.999000e+03 -9.999000e+03 -9.999000e+03 -9.999000e+03 -9.999000e+03 -9.999000e+03 -9.999000e+03 -9.999000e+03 -9.999000e+03 1.055911e-02 7.224186e-03 6.092951e-03 8.684974e-03 2.437244e-02 1.931868e-02 1.608399e-02 1.357772e-02 1.147340e-02 1.144888e-02 1.142805e-02 1.151881e-02 2.859589e-02 4.063866e-02 1.160826e-02 1.164054e-02 1.171852e-02 1.173119e-02 1.176201e-02 1.158227e-02 1.137235e-02 1.141986e-02 1.155137e-02 1.902969e-02 1.150752e-02 2.114125e-02 1.112480e-02 1.109398e-02 1.106765e-02 1.104806e-02 1.103101e-02 1.102487e-02 1.103578e-02 1.105082e-02 1.105779e-02 1.107088e-02 1.098140e-02
-9.999000e+03 -9.999000e+03 -9.999000e+03 -9.999000e+03 -9.999000e+03 -9.999000e+03 -9.999000e+03 -9.999000e+03 -9.999000e+03 -9.999000e+03 -9.999000e+03 -9.999000e+03 -9.999000e+03 -9.999000e+03 -9.999000e+03 -9.999000e+03 7.164663e-03 6.215065e-03 1.834808e-02 1.470601e-02 1.250480e-02 1.159318e-02 1.149695e-02 1.142426e-02 1.140107e-02 1.138498e-02 1.150241e-02 1.164329e-02 1.156254e-02 3.973358e-02 3.968297e-02 4.015555e-02 1.175705e-02 1.169548e-02 1.156054e-02 1.143082e-02 1.446455e-02 1.741348e-02 1.168679e-02 1.804278e-02 1.148544e-02 2.337492e-02 1.100449e-02 1.097348e-02 1.097742e-02 1.100183e-02 1.103903e-02 1.107009e-02 1.108188e-02 1.108599e-02 1.110530e-02 1.112738e-02
-9.999000e+03 -9.999000e+03 -9.999000e+03 -9.999000e+03 -9.999000e+03 -9.999000e+03 -9.999000e+03 -9.999000e+03 -9.999000e+03 -9.999000e+03 -9.999000e+03 -9.999000e+03 -9.999000e+03 -9.999000e+03 -9.999000e+03 -9.999000e+03 5.871437e-03 1.870782e-02 1.092462e-02 1.137701e-02 1.149533e-02 2.741721e-02 2.534455e-02 2.284230e-02 2.065382e-02 1.866132e-02 1.722281e-02 1.619424e-02 1.461788e-02 1.262774e-02 1.150310e-02 1.161323e-02 4.016058e-02 4.050659e-02 3.896586e-02 3.623718e-02 3.421776e-02 3.269738e-02 3.172918e-02 3.018025e-02 3.139076e-02 3.141699e-02 2.560364e-02 1.166958e-02 1.159918e-02 1.124216e-02 1.122721e-02 1.120417e-02 1.116822e-02 1.115783e-02 1.118676e-02 1.122715e-02
-9.999000e+03 -9.999000e+03 -9.999000e+03 -9.999000e+03 -9.999000e+03 -9.999000e+03 -9.999000e+03 -9.999000e+03 -9.999000e+03 -9.999000e+03 -9.999000e+03 -9.999000e+03 -9.999000e+03 -9.999000e+03 -9.999000e+03 5.866178e-03 1.778450e-02 1.061895e-02 2.560690e-02 2.806726e-02 2.716954e-02 1.151255e-02 1.399554e-02 1.587141e-02 1.379371e-02 1.835216e-02 1.939817e-02 2.043501e-02 1.899216e-02 1.724737e-02 1.602364e-02 1.522408e-02 1.451391e-02 1.392349e-02 1.234986e-02 1.137837e-02 2.941926e-02 2.703402e-02 2.520108e-02 2.406890e-02 2.390306e-02 2.474492e-02 4.139775e-02 4.974431e-02 4.757033e-02 1.189731e-02 1.591000e-02 1.135725e-02 1.126255e-02 1.124676e-02 1.129458e-02 1.133917e-02
-9.999000e+03 -9.999000e+03 -9.999000e+03 -9.999000e+03 -9.999000e+03 -9.999000e+03 -9.999000e+03 -9.999000e+03 -9.999000e+03 -9.999000e+03 -9.999000e+03 -9.999000e+03 -9.999000e+03 -9.999000e+03 6.248092e-03 9.074711e-03 2.456466e-02 2.506405e-02 1.124243e-02 1.118567e-02 1.161086e-02 1.153959e-02 1.152208e-02 1.143427e-02 1.415604e-02 1.161262e-02 1.153669e-02 1.103720e-02 1.104896e-02 1.148337e-02 1.153913e-02 2.140270e-02 2.344954e-02 2.544893e-02 2.622821e-02 3.030615e-02 1.167703e-02 1.155485e-02 1.141809e-02 1.130398e-02 1.131127e-02 1.143356e-02 1.519158e-02 1.878374e-02 2.185452e-02 4.615906e-02 4.810275e-02 4.764915e-02 1.178732e-02 1.629347e-02 1.152980e-02 1.150157e-02
-9.999000e+03 -9.999000e+03 -9.999000e+03 -9.999000e+03 -9.999000e+03 -9.999000e+03 -9.999000e+03 -9.999000e+03 -9.999000e+03 -9.999000e+03 -9.999000e+03 -9.999000e+03 -9.999000e+03 -9.999000e+03 5.966834e-03 3.941327e-02 1.108346e-02 1.112991e-02 1.119066e-02 1.120649e-02 1.116639e-02 1.108782e-02 1.151534e-02 1.099016e-02 1.101602e-02 1.108761e-02 1.105615e-02 1.098947e-02 1.349424e-02 1.558813e-02 1.748714e-02 1.125628e-02 1.127356e-02 1.128953e-02 1.534453e-02 1.081218e-02 1.115888e-02 1.115677e-02 1.109173e-02 1.102954e-02 1.100719e-02 1.133664e-02 1.137222e-02 1.145173e-02 1.164126e-02 1.545319e-02 1.855031e-02 2.116650e-02 4.698091e-02 5.529950e-02 6.412185e-02 1.245886e-02
-9.999000e+03 -9.999000e+03 -9.999000e+03 -9.999000e+03 -9.999000e+03 -9.999000e+03 -9.999000e+03 -9.999000e+03 -9.999000e+03 -9.999000e+03 -9.999000e+03 -9.999000e+03 -9.999000e+03 9.536557e-03 4.973212e-02 1.110543e-02 1.107788e-02 1.106741e-02 1.111739e-02 1.116258e-02 1.117376e-02 1.113569e-02 1.106689e-02 1.100240e-02 1.097945e-02 1.101230e-02 1.099975e-02 1.095000e-02 1.100451e-02 1.106809e-02 1.112362e-02 1.119051e-02 1.120493e-02 1.652205e-02 8.994912e-03 1.068571e-02 1.107987e-02 1.106998e-02 1.105079e-02 1.103484e-02 1.102362e-02 1.101993e-02 1.101009e-02 1.126651e-02 1.125136e-02 1.126530e-02 1.141011e-02 1.149794e-02 1.171397e-02 1.606116e-02 1.986342e-02 6.474581e-02
-9.999000e+03 -9.999000e+03 -9.999000e+03 -9.999000e+03 -9.999000e+03 -9.999000e+03 -9.999000e+03 -9.999000e+03 -9.999000e+03 -9.999000e+03 -9.999000e+03 -9.999000e+03 6.336888e-03 1.188522e-02 1.094191e-02 1.108366e-02 1.109030e-02 1.107103e-02 1.110439e-02 1.114143e-02 1.116891e-02 1.117256e-02 1.112586e-02 1.107334e-02 1.102753e-02 1.100978e-02 1.097410e-02 1.091546e-02 1.095080e-02 1.098802e-02 1.099578e-02 1.101914e-02 1.433482e-02 1.102927e-02 8.964898e-03 1.104896e-02 1.100374e-02 1.096626e-02 1.091900e-02 1.089280e-02 1.087399e-02 1.089551e-02 1.095465e-02 1.098817e-02 1.090631e-02 1.116326e-02 1.116976e-02 1.118203e-02 1.139422e-02 1.159146e-02 1.180708e-02 1.597054e-02
-9.999000e+03 -9.999000e+03 -9.999000e+03 -9.999000e+03 -9.999000e+03 -9.999000e+03 -9.999000e+03 -9.999000e+03 -9.999000e+03 -9.999000e+03 -9.999000e+03 -9.999000e+03 9.672113e-03 1.093267e-02 1.090421e-02 1.100700e-02 1.104110e-02 1.105397e-02 1.108175e-02 1.111392e-02 1.114602e-02 1.117549e-02 1.115471e-02 1.112801e-02 1.108743e-02 1.104701e-02 1.100291e-02 1.093119e-02 1.093265e-02 1.093735e-02 1.089224e-02 1.444052e-02 8.936408e-03 1.059219e-02 1.100057e-02 1.100805e-02 1.092103e-02 1.087267e-02 1.084274e-02 1.074869e-02 1.069798e-02 1.070732e-02 1.083152e-02 1.051679e-02 1.048539e-02 1.045069e-02 1.043807e-02 1.068667e-02 1.074072e-02 1.141752e-02 1.145124e-02 1.155517e-02
-9.999000e+03 -9.999000e+03 -9.999000e+03 -9.999000e+03 -9.999000e+03 -9.999000e+03 -9.999000e+03 -9.999000e+03 -9.999000e+03 -9.999000e+03 -9.999000e+03 6.935088e-03 2.567872e-02 1.093496e-02 1.198611e-02 1.071501e-02 1.093436e-02 1.097494e-02 1.102543e-02 1.107025e-02 1.109956e-02 1.113179e-02 1.111677e-02 1.110076e-02 1.107766e-02 1.104898e-02 1.104320e-02 1.097226e-02 1.099483e-02 1.098378e-02 1.090604e-02 1.290213e-02 9.068720e-03 1.084528e-02 1.094474e-02 1.072484e-02 1.065235e-02 1.091019e-02 1.055969e-02 1.050975e-02 1.041666e-02 1.036495e-02 8.700910e-03 8.714189e-03 8.698648e-03 8.656716e-03 8.623544e-03 8.597108e-03 1.104226e-02 1.089699e-02 1.089838e-02 1.092885e-02
-9.999000e+03 -9.999000e+03 -9.999000e+03 -9.999000e+03 -9.999000e+03 -9.999000e+03 -9.999000e+03 -9.999000e+03 -9.999000e+03 -9.999000e+03 7.193659e-03 1.072991e-02 1.091809e-02 1.495127e-02 9.612875e-03 1.067082e-02 1.083192e-02 1.088100e-02 1.095611e-02 1.102150e-02 1.105858e-02 1.109872e-02 1.109282e-02 1.107933e-02 1.106693e-02 1.103631e-02 1.077116e-02 1.104538e-02 1.105112e-02 1.104351e-02 1.094506e-02 1.090121e-02 1.085848e-02 1.056434e-02 9.118113e-03 9.200026e-03 1.110245e-02 9.246549e-03 9.236635e-03 9.208605e-03 9.072903e-03 8.849174e-03 1.053760e-02 1.103351e-02 1.108714e-02 1.105882e-02 1.106668e-02 1.108411e-02 8.692774e-03 8.763281e-03 8.765185e-03 9.004080e-03
-9.999000e+03 -9.999000e+03 -9.999000e+03 -9.999000e+03 -9.999000e+03 -9.999000e+03 -9.999000e+03 -9.999000e+03 -9.999000e+03 -9.999000e+03 7.638770e-03 1.220454e-02 1.699122e-02 1.092061e-02 9.764265e-03 1.092358e-02 1.087095e-02 1.086497e-02 1.090090e-02 1.098109e-02 1.102313e-02 1.107454e-02 1.108950e-02 1.108937e-02 1.107354e-02 9.310179e-03 1.103066e-02 1.106133e-02 1.105279e-02 1.106721e-02 1.096751e-02 1.093424e-02 9.376728e-03 9.202347e-03 1.073729e-02 1.118879e-02 9.337915e-03 1.087394e-02 1.106705e-02 1.102195e-02 9.100082e-03 8.868629e-03 1.055736e-02 1.105843e-02 1.111401e-02 1.108234e-02 1.106260e-02 1.105877e-02 1.111704e-02 1.119215e-02 1.113156e-02 1.102590e-02
-9.999000e+03 -9.999000e+03 -9.999000e+03 -9.999000e+03 -9.999000e+03 -9.999000e+03 -9.999000e+03 -9.999000e+03 -9.999000e+03 7.588107e-03 2.845632e-02 1.942523e-02 1.108868e-02 9.813583e-03 1.094999e-02 1.105094e-02 1.096642e-02 1.073665e-02 1.090728e-02 1.094262e-02 1.100051e-02 1.105548e-02 1.107517e-02 1.082045e-02 9.346048e-03 1.083218e-02 1.108349e-02 1.082005e-02 1.087225e-02 1.092947e-02 1.083879e-02 9.491158e-03 1.074771e-02 1.087611e-02 1.101581e-02 1.116744e-02 1.118074e-02 1.116419e-02 9.247865e-03 9.115547e-03 1.073148e-02 1.043661e-02 1.096122e-02 1.116110e-02 1.116198e-02 1.111647e-02 1.105906e-02 1.101191e-02 1.105856e-02 1.112554e-02 1.114122e-02 1.112986e-02
-9.999000e+03 -9.999000e+03 -9.999000e+03 -9.999000e+03 -9.999000e+03 -9.999000e+03 -9.999000e+03 -9.999000e+03 -9.999000e+03 7.009744e-03 1.814043e-02 1.120796e-02 1.097980e-02 9.848655e-03 1.106184e-02 1.110136e-02 9.705042e-03 1.115376e-02 1.090467e-02 1.091568e-02 1.099416e-02 1.105800e-02 9.380606e-03 9.333409e-03 1.083375e-02 1.113726e-02 9.406920e-03 9.428165e-03 9.499276e-03 9.631948e-03 9.623868e-03 1.072331e-02 1.089094e-02 1.093132e-02 1.102267e-02 1.111327e-02 1.114332e-02 9.197800e-03 1.093108e-02 1.051502e-02 1.050300e-02 1.089302e-02 1.109059e-02 1.119654e-02 1.116288e-02 1.109369e-02 1.105487e-02 1.103062e-02 1.105755e-02 1.108645e-02 2.347156e-02 2.398816e-02
-9.999000e+03 -9.999000e+03 -9.999000e+03 -9.999000e+03 -9.999000e+03 -9.999000e+03 -9.999000e+03 -9.999000e+03 1.007471e-02 2.595557e-02 1.399335e-02 1.116862e-02 9.877999e-03 1.097220e-02 1.107615e-02 1.111027e-02 1.289996e-02 1.108048e-02 1.096650e-02 1.091626e-02 1.099390e-02 1.082545e-02 1.103162e-02 1.103534e-02 1.110907e-02 1.834410e-02 1.925828e-02 1.767098e-02 1.634074e-02 1.519360e-02 1.294872e-02 1.089113e-02 1.091517e-02 1.096110e-02 1.103199e-02 1.109981e-02 1.113848e-02 1.384692e-02 1.387669e-02 1.520558e-02 1.562152e-02 1.628648e-02 1.501541e-02 1.383213e-02 1.237411e-02 1.103882e-02 1.106346e-02 1.111457e-02 1.111762e-02 2.393254e-02 1.093955e-02 1.099309e-02
-9.999000e+03 -9.999000e+03 -9.999000e+03 -9.999000e+03 -9.999000e+03 -9.999000e+03 -9.999000e+03 7.246075e-03 1.030464e-02 1.311795e-02 1.091727e-02 1.110902e-02 9.844023e-03 1.116311e-02 1.110876e-02 1.111300e-02 1.111709e-02 1.114117e-02 1.105958e-02 1.097500e-02 9.446479e-03 9.410036e-03 1.080869e-02 1.591934e-02 1.686081e-02 1.111930e-02 1.115494e-02 1.113038e-02 1.116815e-02 1.122713e-02 1.107448e-02 1.091237e-02 1.094409e-02 1.099749e-02 1.105789e-02 1.111444e-02 1.114379e-02 1.116645e-02 1.107915e-02 1.098513e-02 1.104957e-02 1.113678e-02 1.114013e-02 1.112714e-02 1.108657e-02 1.104455e-02 1.110764e-02 1.118363e-02 2.456530e-02 1.102295e-02 1.094816e-02 1.094776e-02
-9.999000e+03 -9.999000e+03 -9.999000e+03 -9.999000e+03 -9.999000e+03 -9.999000e+03 -9.999000e+03 7.783672e-03 9.941821e-03 1.408801e-02 9.725480e-03 1.086356e-02 1.111172e-02 1.116827e-02 1.114885e-02 1.113851e-02 1.112633e-02 1.115835e-02 1.111290e-02 1.101756e-02 1.301575e-02 1.472923e-02 1.609255e-02 1.113469e-02 1.106418e-02 1.077965e-02 9.309783e-03 1.083676e-02 1.112609e-02 1.119903e-02 1.108252e-02 1.095328e-02 1.099110e-02 1.104781e-02 1.108904e-02 1.112234e-02 2.148490e-02 2.161781e-02 2.157225e-02 2.136416e-02 2.156558e-02 2.215397e-02 2.264100e-02 2.160728e-02 2.072472e-02 1.990652e-02 2.379310e-02 2.455857e-02 1.125462e-02 1.116786e-02 1.101118e-02 1.092033e-02
-9.999000e+03 -9.999000e+03 -9.999000e+03 -9.999000e+03 -9.999000e+03 -9.999000e+03 -9.999000e+03 6.774337e-03 1.381048e-02 1.116000e-02 9.822296e-03 1.090539e-02 1.109329e-02 1.117750e-02 1.119118e-02 1.118294e-02 1.112643e-02 1.109360e-02 1.102839e-02 1.093417e-02 1.097338e-02 1.105521e-02 1.109736e-02 1.114669e-02 9.354536e-03 9.289073e-03 1.079836e-02 1.110575e-02 1.114116e-02 1.115198e-02 1.109485e-02 1.102549e-02 1.104896e-02 2.169981e-02 2.161380e-02 2.145291e-02 1.109736e-02 1.112161e-02 1.115036e-02 1.115828e-02 1.119254e-02 1.124343e-02 1.124891e-02 1.425672e-02 1.677311e-02 1.896321e-02 1.128492e-02 1.129461e-02 1.131980e-02 1.131576e-02 1.119759e-02 1.105536e-02
