tests/data/reference/test_rill/mwlevel_m.asc
ncols	123
nrows	77
xllcorner	-713746.79929998
yllcorner	-1061022.36961616
cellsize	10.0
NODATA_value	-9999
[rows 46 to 68 of 77, columns 52 to 103 of 123]
1.115365e-02 1.111031e-02 1.095565e-02 1.084465e-02 1.090770e-02 1.094332e-02 1.093288e-02 1.093282e-02 1.097881e-02 1.104886e-02 1.099283e-02 1.562683e-02 1.096351e-02 1.097408e-02 1.088826e-02 1.085176e-02 1.080888e-02 1.067107e-02 1.073373e-02 1.081151e-02 1.078277e-02 1.074535e-02 1.085370e-02 1.105494e-02 1.122977e-02 6.981748e-03 6.986350e-03 8.917457e-03 1.103983e-02 1.148449e-02 1.168802e-02 1.287302e-02 7.010787e-02 1.169988e-02 1.161865e-02 1.124295e-02 2.386917e-02 1.118089e-02 1.109943e-02 1.106184e-02 1.102001e-02 1.096859e-02 1.091646e-02 1.091179e-02 1.087389e-02 1.052158e-02 8.825853e-03 1.102180e-02 1.104239e-02 1.104339e-02 1.100794e-02 1.099760e-02
1.126967e-02 1.126524e-02 1.110852e-02 1.093593e-02 1.063393e-02 1.068394e-02 1.065924e-02 1.061968e-02 1.097995e-02 1.098006e-02 1.739711e-02 1.097712e-02 1.097281e-02 1.064481e-02 1.063073e-02 1.103972e-02 1.053073e-02 1.040421e-02 1.040082e-02 1.042556e-02 1.036259e-02 1.028455e-02 1.030284e-02 1.097681e-02 8.465165e-03 9.319345e-03 7.408528e-03 9.177439e-03 1.100679e-02 1.138716e-02 1.155250e-02 1.167928e-02 1.671747e-02 9.152877e-02 1.204883e-02 1.139451e-02 2.749237e-02 1.128327e-02 1.115340e-02 1.109067e-02 1.105682e-02 1.103535e-02 1.099164e-02 1.096139e-02 1.088321e-02 1.048362e-02 8.735790e-03 1.097473e-02 1.098613e-02 1.101659e-02 1.104238e-02 1.106170e-02
1.132174e-02 1.135217e-02 1.124163e-02 9.150201e-03 9.100930e-03 9.108864e-03 9.098214e-03 1.100942e-02 1.063688e-02 1.892129e-02 1.100294e-02 1.061458e-02 8.904834e-03 8.934284e-03 1.111711e-02 8.965803e-03 8.912822e-03 8.792814e-03 8.725486e-03 8.708595e-03 8.650388e-03 8.551297e-03 1.079425e-02 1.029284e-02 1.095843e-02 1.215942e-02 1.920394e-02 1.965684e-02 1.856432e-02 1.712877e-02 1.624789e-02 1.580156e-02 1.615174e-02 9.718287e-03 8.725513e-02 1.178477e-02 3.104023e-02 1.136623e-02 1.121607e-02 1.111275e-02 1.106059e-02 1.106293e-02 1.104109e-02 1.101119e-02 1.091555e-02 1.047464e-02 8.663169e-03 1.098186e-02 1.097406e-02 1.099739e-02 1.104621e-02 1.109041e-02
1.131527e-02 1.135473e-02 9.222591e-03 1.073726e-02 1.103242e-02 1.110758e-02 1.111404e-02 9.141528e-03 2.064313e-02 1.100424e-02 9.005996e-03 8.943559e-03 1.066755e-02 1.108435e-02 8.964392e-03 1.070006e-02 1.100982e-02 1.099296e-02 1.103543e-02 1.109576e-02 1.107072e-02 1.102323e-02 8.583277e-03 8.437327e-03 1.280226e-02 1.766158e-02 1.671921e-02 1.502214e-02 1.353525e-02 1.203349e-02 1.151639e-02 1.163717e-02 1.184893e-02 1.605968e-02 7.393249e-02 1.158402e-02 3.331446e-02 1.142114e-02 1.128761e-02 1.115412e-02 1.106976e-02 1.107236e-02 1.106963e-02 1.105347e-02 1.094881e-02 1.046598e-02 8.605803e-03 1.100222e-02 1.097397e-02 1.098452e-02 1.104701e-02 1.111290e-02
1.127062e-02 1.550254e-02 1.425146e-02 1.269781e-02 1.111681e-02 1.110991e-02 1.112367e-02 2.235062e-02 1.110512e-02 9.070560e-03 1.067639e-02 1.099966e-02 1.107368e-02 1.112135e-02 1.111093e-02 1.108884e-02 1.104940e-02 1.100625e-02 1.104637e-02 1.110216e-02 1.111134e-02 1.110873e-02 1.101215e-02 1.090273e-02 1.080914e-02 5.407220e-03 1.534871e-02 8.428373e-03 1.065699e-02 1.128010e-02 1.148223e-02 1.159635e-02 1.179251e-02 1.670852e-02 1.533111e-02 7.192426e-02 3.777484e-02 1.141718e-02 1.132249e-02 1.119573e-02 1.110297e-02 1.109452e-02 1.109495e-02 8.595609e-03 1.107227e-02 1.282654e-02 8.557259e-03 1.101946e-02 1.100795e-02 1.101017e-02 1.103582e-02 1.107132e-02
1.621126e-02 1.121653e-02 1.438868e-02 1.477419e-02 1.714369e-02 2.027816e-02 2.140180e-02 1.118879e-02 1.113413e-02 1.100887e-02 1.104447e-02 1.110044e-02 1.110271e-02 1.110254e-02 1.108555e-02 1.106391e-02 1.363240e-02 1.186700e-02 1.109271e-02 1.108995e-02 1.115220e-02 1.122739e-02 1.111159e-02 1.095180e-02 1.083092e-02 4.133628e-03 8.461758e-03 1.037611e-02 1.090655e-02 1.122423e-02 1.143370e-02 1.158742e-02 1.177098e-02 1.198222e-02 1.625551e-02 7.316903e-02 3.821780e-02 1.177631e-02 1.131708e-02 1.121522e-02 1.113528e-02 1.112131e-02 1.053442e-02 8.593802e-03 1.111813e-02 1.387463e-02 8.521269e-03 1.102752e-02 1.104263e-02 1.104346e-02 1.102140e-02 1.101363e-02
1.113787e-02 1.114587e-02 8.974119e-03 1.131685e-02 1.204567e-02 1.110520e-02 1.111706e-02 1.116316e-02 1.111860e-02 1.098819e-02 1.106119e-02 1.117117e-02 1.115214e-02 1.110933e-02 1.108394e-02 1.106319e-02 8.879443e-03 1.051688e-02 1.091900e-02 1.102671e-02 1.117316e-02 1.135214e-02 1.120166e-02 1.097716e-02 8.661050e-03 5.156329e-03 1.637594e-02 1.508913e-02 1.319261e-02 1.178899e-02 1.130868e-02 1.156362e-02 1.174559e-02 1.186308e-02 1.184099e-02 7.083575e-02 4.363922e-02 1.540936e-02 1.127553e-02 1.122601e-02 1.118214e-02 1.109092e-02 8.622126e-03 1.054207e-02 1.111181e-02 1.238088e-02 1.047697e-02 1.104592e-02 1.104319e-02 1.104597e-02 1.103524e-02 1.100856e-02
1.112471e-02 1.111989e-02 1.119018e-02 1.343783e-02 1.125560e-02 1.111953e-02 1.111515e-02 1.114208e-02 1.108478e-02 1.357602e-02 1.202384e-02 1.126272e-02 1.120687e-02 1.116183e-02 1.111290e-02 1.107017e-02 1.099441e-02 1.092204e-02 1.094708e-02 1.098772e-02 1.117064e-02 1.140727e-02 1.455334e-02 1.411641e-02 1.231118e-02 5.530309e-03 1.653732e-02 1.515112e-02 1.329377e-02 1.185870e-02 1.113020e-02 1.143989e-02 1.164841e-02 1.170227e-02 1.171908e-02 6.271102e-02 3.216730e-02 1.767017e-02 1.151358e-02 1.119993e-02 1.120568e-02 8.727459e-03 1.062457e-02 1.105509e-02 1.110046e-02 1.119949e-02 1.099632e-02 1.107188e-02 1.104061e-02 1.103849e-02 1.105392e-02 1.102154e-02
1.113936e-02 1.112206e-02 1.436281e-02 1.137191e-02 1.128546e-02 1.115578e-02 1.113857e-02 1.115008e-02 1.109263e-02 1.099735e-02 1.104299e-02 1.116661e-02 1.121344e-02 1.122958e-02 1.115173e-02 1.106424e-02 1.100201e-02 1.094764e-02 1.095966e-02 1.098307e-02 1.116931e-02 1.142605e-02 8.958299e-03 8.760298e-03 1.043153e-02 5.383393e-03 1.641291e-02 1.515794e-02 1.389686e-02 1.280973e-02 1.263245e-02 1.178969e-02 1.145926e-02 1.151726e-02 1.595953e-02 5.819543e-02 3.002413e-02 2.682181e-02 1.136563e-02 1.140533e-02 1.056335e-02 8.713283e-03 1.102625e-02 1.108298e-02 1.107205e-02 1.108770e-02 1.108692e-02 1.109977e-02 1.107577e-02 1.105436e-02 1.105173e-02 1.104480e-02
1.116263e-02 1.115549e-02 1.121968e-02 1.134390e-02 1.129650e-02 1.119513e-02 1.116489e-02 1.116450e-02 1.114115e-02 8.865012e-03 1.414871e-02 1.647514e-02 1.526997e-02 2.048634e-02 2.196331e-02 2.039237e-02 1.879098e-02 1.716663e-02 1.563232e-02 1.417050e-02 1.318498e-02 1.264766e-02 1.116920e-02 1.083031e-02 1.084122e-02 1.211452e-02 8.740853e-03 1.036175e-02 1.088840e-02 1.101726e-02 1.111564e-02 1.121395e-02 1.118656e-02 1.130886e-02 1.166885e-02 1.552338e-02 5.745108e-02 2.661058e-02 1.131535e-02 1.121410e-02 8.612459e-03 1.045691e-02 1.097458e-02 1.100723e-02 1.103223e-02 1.106183e-02 1.109593e-02 1.112332e-02 1.111863e-02 1.108136e-02 1.104713e-02 1.106379e-02
1.117023e-02 1.120452e-02 1.120144e-02 1.127025e-02 1.128736e-02 1.122601e-02 1.117457e-02 1.114249e-02 1.115088e-02 1.398912e-02 1.107456e-02 1.105436e-02 1.415224e-02 1.129348e-02 1.124816e-02 1.411681e-02 1.240820e-02 1.109673e-02 1.102916e-02 1.102048e-02 1.113113e-02 1.128862e-02 1.112163e-02 1.088786e-02 1.221736e-02 8.012321e-03 8.540676e-03 1.035980e-02 1.094655e-02 1.109803e-02 1.112239e-02 1.111943e-02 1.111318e-02 1.110740e-02 1.148354e-02 1.632259e-02 6.413468e-02 2.220464e-02 1.224482e-02 8.708914e-03 1.062803e-02 1.084827e-02 1.096204e-02 1.100720e-02 1.104693e-02 1.107048e-02 1.108840e-02 1.111698e-02 1.114104e-02 1.113702e-02 1.111768e-02 1.113216e-02
1.110845e-02 1.121983e-02 1.105937e-02 1.111449e-02 1.117405e-02 1.118217e-02 1.113848e-02 1.108396e-02 1.109928e-02 1.112764e-02 1.109139e-02 1.104330e-02 1.110308e-02 1.121887e-02 1.120209e-02 1.111845e-02 1.402102e-02 1.631086e-02 1.809481e-02 1.662141e-02 1.541921e-02 1.444465e-02 1.314959e-02 1.158428e-02 1.722431e-02 1.456886e-02 8.549710e-03 1.041275e-02 1.100639e-02 1.114469e-02 1.108910e-02 1.100868e-02 1.104313e-02 1.110254e-02 1.140317e-02 1.172960e-02 2.067841e-02 5.390868e-02 8.182104e-03 1.051179e-02 1.102681e-02 1.089923e-02 1.097117e-02 1.102867e-02 1.107638e-02 1.109038e-02 1.108257e-02 1.110051e-02 1.115244e-02 1.119614e-02 1.120860e-02 1.121590e-02
1.098499e-02 1.073750e-02 1.108811e-02 1.097429e-02 1.104601e-02 1.111925e-02 1.110117e-02 1.104537e-02 1.104522e-02 1.108289e-02 1.108633e-02 1.105292e-02 1.106983e-02 1.114608e-02 1.115852e-02 1.110873e-02 1.107452e-02 1.105871e-02 1.106338e-02 1.410036e-02 1.264771e-02 1.146171e-02 1.109456e-02 1.104020e-02 1.382430e-02 1.035957e-02 8.568801e-03 1.046292e-02 1.103825e-02 1.114583e-02 1.749396e-02 1.569344e-02 1.493142e-02 1.557439e-02 1.586082e-02 2.658968e-02 2.931636e-02 6.921522e-02 9.195453e-03 1.195839e-02 1.136682e-02 1.120747e-02 1.103918e-02 1.107637e-02 1.110296e-02 1.111743e-02 1.111754e-02 1.111857e-02 1.114125e-02 1.116844e-02 1.117351e-02 1.117379e-02
8.703889e-03 1.123655e-02 1.110831e-02 1.086059e-02 1.097653e-02 1.107169e-02 1.108478e-02 1.104406e-02 1.100753e-02 1.101916e-02 1.106765e-02 1.107695e-02 1.106387e-02 1.109799e-02 1.113737e-02 1.113269e-02 1.109906e-02 1.106728e-02 1.105304e-02 1.105241e-02 1.417015e-02 1.458550e-02 1.474327e-02 1.648683e-02 1.621628e-02 1.469573e-02 1.377695e-02 1.385408e-02 1.760077e-02 1.820184e-02 1.102810e-02 1.362421e-02 1.358991e-02 1.085744e-02 1.085996e-02 1.251267e-02 1.825447e-02 2.199082e-02 7.290806e-02 8.788356e-03 1.422776e-02 1.148881e-02 1.134384e-02 1.113201e-02 1.113068e-02 1.114262e-02 1.116027e-02 1.115148e-02 1.113345e-02 1.112148e-02 1.110420e-02 2.081270e-02
1.062976e-02 1.132716e-02 1.071575e-02 1.087464e-02 1.087636e-02 1.097354e-02 1.101889e-02 1.101316e-02 1.094092e-02 1.095460e-02 1.101394e-02 1.107057e-02 1.105280e-02 1.104220e-02 1.108448e-02 1.112050e-02 1.111097e-02 1.109000e-02 1.107379e-02 1.105522e-02 8.500781e-03 8.497912e-03 1.099309e-02 8.356384e-03 9.352440e-03 8.688719e-03 1.044443e-02 1.676377e-02 1.428277e-02 1.095638e-02 1.036057e-02 1.027115e-02 1.022124e-02 1.021098e-02 1.016784e-02 1.010613e-02 1.021936e-02 1.135943e-02 1.215658e-02 8.149657e-02 1.084668e-02 1.189010e-02 1.167708e-02 1.122773e-02 1.117600e-02 1.115019e-02 1.114714e-02 1.113194e-02 1.111096e-02 1.111867e-02 1.114651e-02 2.164771e-02
1.113020e-02 9.082842e-03 1.120028e-02 1.058088e-02 1.057173e-02 1.060609e-02 1.065364e-02 1.067731e-02 1.096879e-02 1.083856e-02 1.088495e-02 1.099871e-02 1.098013e-02 1.094833e-02 1.097639e-02 1.102394e-02 1.104152e-02 1.105104e-02 1.106704e-02 8.516556e-03 1.048397e-02 1.104700e-02 8.489901e-03 1.034515e-02 5.243989e-03 1.582911e-02 1.634050e-02 1.592769e-02 1.045611e-02 8.409166e-03 8.380377e-03 8.326257e-03 8.264230e-03 8.204443e-03 8.123957e-03 8.019662e-03 1.092706e-02 1.217798e-02 1.572689e-02 1.684844e-02 9.140015e-02 1.702833e-02 1.208272e-02 1.169371e-02 1.123865e-02 1.116130e-02 1.112514e-02 1.110243e-02 1.108033e-02 1.111516e-02 2.248427e-02 1.116026e-02
1.117866e-02 1.140149e-02 9.216780e-03 9.115484e-03 9.036060e-03 8.985674e-03 8.989139e-03 1.108279e-02 1.062558e-02 1.052348e-02 1.088104e-02 1.089030e-02 1.087101e-02 1.088004e-02 1.088302e-02 1.092651e-02 1.096395e-02 1.092605e-02 8.534713e-03 1.046002e-02 1.100421e-02 1.116094e-02 1.108425e-02 1.096301e-02 5.354319e-03 1.592807e-02 1.608184e-02 8.406977e-03 8.434663e-03 1.044806e-02 1.098266e-02 1.106732e-02 1.103834e-02 1.099974e-02 1.097434e-02 1.094980e-02 8.026840e-03 7.997974e-03 1.034754e-02 1.162312e-02 1.235151e-02 1.018958e-01 1.672210e-02 1.178857e-02 1.125161e-02 1.118761e-02 1.116329e-02 1.116807e-02 1.116170e-02 2.214147e-02 1.118072e-02 2.012574e-02
1.120710e-02 1.130499e-02 1.122755e-02 1.107495e-02 1.103991e-02 1.103329e-02 1.110039e-02 9.120732e-03 9.109367e-03 1.091961e-02 1.058383e-02 1.059963e-02 1.090048e-02 1.082495e-02 1.079681e-02 1.081328e-02 1.047651e-02 8.562053e-03 1.045629e-02 1.096503e-02 1.109793e-02 1.116903e-02 1.110880e-02 1.101093e-02 5.408815e-03 1.639905e-02 1.610582e-02 1.467149e-02 1.325887e-02 1.202916e-02 1.113330e-02 1.112812e-02 1.108145e-02 1.102335e-02 1.098435e-02 1.095738e-02 1.097468e-02 1.099927e-02 1.266905e-02 1.486864e-02 2.145399e-02 2.422238e-02 8.734841e-02 1.266659e-02 1.157246e-02 1.467218e-02 8.613804e-03 1.125374e-02 2.320311e-02 1.114697e-02 2.267396e-02 1.112965e-02
1.123264e-02 1.117982e-02 1.114885e-02 1.110698e-02 1.108651e-02 1.107127e-02 1.111539e-02 1.117662e-02 1.112503e-02 9.129539e-03 9.091332e-03 1.094892e-02 1.060985e-02 1.057396e-02 1.050383e-02 8.747744e-03 8.646695e-03 1.044653e-02 1.092868e-02 1.105840e-02 1.110761e-02 1.114908e-02 1.112008e-02 1.106734e-02 5.461778e-03 1.656206e-02 1.574080e-02 1.397674e-02 1.266049e-02 1.160659e-02 1.117492e-02 1.117322e-02 1.113515e-02 1.108474e-02 1.101934e-02 1.095669e-02 1.097165e-02 1.100141e-02 8.106139e-03 8.128702e-03 1.048286e-02 1.175006e-02 2.344117e-02 7.375211e-02 1.619602e-02 1.593623e-02 1.115080e-02 2.395388e-02 1.114119e-02 2.220065e-02 1.125549e-02 1.096810e-02
1.122169e-02 1.107508e-02 1.106501e-02 1.108832e-02 1.110680e-02 1.112648e-02 1.114197e-02 1.115472e-02 1.113777e-02 1.111240e-02 1.109011e-02 9.180976e-03 9.132547e-03 9.070783e-03 8.954117e-03 1.050286e-02 1.085235e-02 1.093194e-02 1.100767e-02 1.108233e-02 1.111821e-02 1.114139e-02 1.423085e-02 1.451428e-02 5.925040e-03 1.666966e-02 1.568603e-02 1.466108e-02 1.445596e-02 1.392218e-02 1.290942e-02 1.195625e-02 1.118370e-02 1.114610e-02 1.107682e-02 1.099633e-02 1.097627e-02 1.098292e-02 1.100327e-02 1.102639e-02 1.115913e-02 1.157149e-02 1.191780e-02 2.496051e-02 7.617998e-02 1.949278e-02 2.337316e-02 1.106823e-02 2.277619e-02 1.463824e-02 1.117065e-02 1.101475e-02
9.319594e-03 1.071058e-02 1.097402e-02 1.104309e-02 1.110416e-02 1.117594e-02 1.116567e-02 1.112721e-02 1.115364e-02 1.120729e-02 1.115100e-02 1.105843e-02 1.101007e-02 1.098204e-02 1.093414e-02 1.088991e-02 1.090727e-02 1.093220e-02 1.101465e-02 1.110420e-02 1.114372e-02 1.116596e-02 8.562857e-03 8.475853e-03 5.028320e-03 1.632526e-02 1.522452e-02 1.357644e-02 1.222619e-02 1.129147e-02 1.121293e-02 1.123942e-02 1.122411e-02 1.119804e-02 1.114827e-02 1.108535e-02 1.100175e-02 1.093343e-02 1.095326e-02 1.098827e-02 1.106671e-02 1.117436e-02 1.154510e-02 1.193426e-02 2.789139e-02 6.732882e-02 3.194252e-02 2.128408e-02 1.315695e-02 8.484631e-03 8.415774e-03 1.039423e-02
-9.999000e+03 -9.999000e+03 -9.999000e+03 -9.999000e+03 -9.999000e+03 -9.999000e+03 -9.999000e+03 9.149134e-03 9.192992e-03 9.316293e-03 9.371199e-03 9.322178e-03 1.070520e-02 1.088560e-02 1.091847e-02 1.094257e-02 1.094547e-02 1.093876e-02 1.102380e-02 1.112566e-02 1.116264e-02 1.118501e-02 1.106617e-02 1.093340e-02 1.267115e-02 8.833379e-03 1.040636e-02 1.082406e-02 1.099066e-02 1.111036e-02 1.118858e-02 1.125505e-02 1.126118e-02 1.125328e-02 1.121805e-02 1.116921e-02 1.104408e-02 1.091348e-02 1.091146e-02 1.094650e-02 1.100764e-02 1.107026e-02 1.121077e-02 1.163159e-02 1.208381e-02 8.967444e-02 4.218959e-02 1.249689e-02 1.041557e-02 1.039823e-02 1.093652e-02 8.356595e-03
-9.999000e+03 -9.999000e+03 -9.999000e+03 -9.999000e+03 -9.999000e+03 -9.999000e+03 -9.999000e+03 -9.999000e+03 -9.999000e+03 -9.999000e+03 1.083878e-02 1.075901e-02 9.184372e-03 9.000936e-03 1.057727e-02 1.097309e-02 1.099702e-02 1.094990e-02 1.103387e-02 1.114753e-02 1.116662e-02 1.116508e-02 1.103771e-02 1.089856e-02 1.254317e-02 8.862184e-03 1.042644e-02 1.080955e-02 1.095087e-02 1.104846e-02 1.114891e-02 1.125315e-02 1.128707e-02 1.130200e-02 1.126422e-02 1.120778e-02 1.109476e-02 1.097398e-02 1.092058e-02 1.089289e-02 1.094953e-02 1.102015e-02 1.113685e-02 1.128156e-02 1.174475e-02 1.214930e-02 8.377635e-02 1.482922e-02 1.096958e-02 1.101266e-02 -9.999000e+03 -9.999000e+03
