tests/data/reference/test_implicit_stream_rill_mfda/cvsur_m3.asc
ncols	123
nrows	77
xllcorner	-713746.79929998
yllcorner	-1061022.36961616
cellsize	10.0
NODATA_value	-9999
[rows 46 to 68 of 77, columns 0 to 51 of 123]
-9.999000e+03 -9.999000e+03 -9.999000e+03 -9.999000e+03 -9.999000e+03 -9.999000e+03 1.876919e+00 5.850741e+00 1.450708e+00 1.481396e+00 6.434923e-01 1.149626e+00 1.779678e+00 1.963851e+00 2.144696e+00 2.945334e+00 2.052514e+00 2.174762e+00 2.257499e+00 2.339939e+00 2.431407e+00 1.280406e+00 1.290863e+00 1.289609e+00 1.733079e+00 2.093837e+00 2.381428e+00 2.596913e+00 2.753553e+00 2.866590e+00 2.945117e+00 2.795896e+01 3.016609e+01 3.294829e+00 3.346231e+00 3.392344e+00 3.432301e+00 3.468168e+00 3.504335e+00 3.547552e+00 3.619766e+00 3.669718e+00 3.736392e+00 3.793711e+00 3.847891e+00 3.887776e+00 3.911669e+00 3.922418e+00 3.922170e+00 3.920170e+00 3.892000e+00 3.868880e+00
-9.999000e+03 -9.999000e+03 -9.999000e+03 -9.999000e+03 -9.999000e+03 -9.999000e+03 3.349900e+00 3.065580e+00 1.127636e+00 1.147396e+00 6.662744e-01 1.499091e+00 1.747750e+00 2.013097e+00 3.193286e+00 1.855030e+00 2.033880e+00 2.150159e+00 2.237277e+00 2.324208e+00 7.139747e-01 7.236189e-01 7.283646e-01 7.279698e-01 1.297808e+00 1.759604e+00 2.129088e+00 1.942350e+01 2.159479e+01 2.377451e+01 2.598210e+01 3.233460e+00 3.269078e+00 3.318391e+00 3.355157e+00 3.382277e+00 3.404229e+00 3.427152e+00 3.457889e+00 3.534432e+00 3.576045e+00 3.648090e+00 3.704002e+00 3.763226e+00 3.813775e+00 3.849045e+00 3.871252e+00 3.886579e+00 3.913887e+00 3.900971e+00 3.886773e+00 3.855460e+00
-9.999000e+03 -9.999000e+03 -9.999000e+03 -9.999000e+03 -9.999000e+03 1.874806e+00 2.600945e+00 3.171535e+00 6.544527e-01 6.594014e-01 1.118130e+00 1.444537e+00 1.825919e+00 3.429248e+00 1.563097e+00 1.830081e+00 2.013669e+00 2.135148e+00 2.224466e+00 2.308699e+00 4.531417e+00 6.706781e+00 8.862247e+00 1.243341e+01 1.409637e+01 1.598311e+01 1.800915e+01 2.956029e+00 3.023075e+00 3.110082e+00 3.167488e+00 3.209527e+00 3.264509e+00 3.298223e+00 3.319420e+00 3.332597e+00 3.343855e+00 3.362168e+00 3.446333e+00 3.470405e+00 3.546257e+00 3.597314e+00 3.657380e+00 3.712601e+00 3.756843e+00 3.788725e+00 3.813753e+00 3.865664e+00 3.865792e+00 3.871479e+00 3.845285e+00 3.056704e+00
-9.999000e+03 -9.999000e+03 -9.999000e+03 -9.999000e+03 4.954214e+00 1.312432e+00 1.442910e+00 2.510670e+00 6.387349e-01 6.272232e-01 1.066265e+00 1.611676e+00 3.647407e+00 1.161832e+00 1.527676e+00 1.795276e+00 1.983705e+00 2.108607e+00 2.196811e+00 2.257501e+00 2.325052e+00 2.403903e+00 3.959364e+00 2.147523e+00 2.450633e+00 2.662794e+00 2.796659e+00 2.878894e+00 2.981839e+00 3.049570e+00 3.104755e+00 3.175524e+00 3.213172e+00 3.234168e+00 3.244781e+00 3.249320e+00 3.255660e+00 3.355931e+00 3.357117e+00 3.439142e+00 3.480991e+00 3.539519e+00 3.595253e+00 3.642132e+00 3.678819e+00 3.711127e+00 3.791481e+00 3.795030e+00 3.814960e+00 3.791177e+00 2.792182e+00 2.777661e+00
-9.999000e+03 -9.999000e+03 -9.999000e+03 -9.999000e+03 3.093481e+00 1.888849e+00 1.095121e+00 1.316310e+00 1.021614e+00 6.052935e-01 1.392168e+00 3.843444e+00 6.521084e-01 1.134091e+00 1.488934e+00 1.747771e+00 1.936003e+00 2.060132e+00 2.111550e+00 2.159488e+00 2.219640e+00 4.086378e+00 1.771787e+00 2.139417e+00 2.402400e+00 2.568492e+00 2.666391e+00 2.795607e+00 2.875171e+00 2.942627e+00 3.039442e+00 3.090317e+00 3.117985e+00 3.131034e+00 3.134357e+00 3.133943e+00 3.261332e+00 3.231304e+00 3.325358e+00 3.355451e+00 3.412674e+00 3.468105e+00 3.514641e+00 3.550541e+00 3.583610e+00 3.696113e+00 3.697283e+00 3.729157e+00 3.695739e+00 2.434796e+00 2.433781e+00 2.416542e+00
-9.999000e+03 -9.999000e+03 -9.999000e+03 1.875364e+00 1.220292e+00 1.734916e+00 6.189819e-01 9.650889e-01 5.895600e-01 1.148286e+00 2.558119e+00 1.438648e+00 6.349782e-01 1.097346e+00 1.432115e+00 1.685023e+00 1.872996e+00 1.937907e+00 1.967564e+00 2.002755e+00 4.167036e+00 1.301493e+00 1.741757e+00 2.061878e+00 2.267285e+00 2.378607e+00 2.535991e+00 2.629465e+00 2.711815e+00 2.838411e+00 2.905383e+00 2.945304e+00 2.967388e+00 2.975558e+00 2.975556e+00 3.153869e+00 3.086976e+00 3.200516e+00 3.213448e+00 3.269925e+00 3.327470e+00 3.374976e+00 3.409025e+00 3.439470e+00 3.589565e+00 3.575011e+00 3.616873e+00 3.567737e+00 1.985634e+00 1.990172e+00 1.985635e+00 1.969031e+00
-9.999000e+03 -9.999000e+03 -9.999000e+03 1.873512e+00 1.862821e+00 9.210943e-01 5.758097e-01 5.432652e-01 8.468679e-01 8.762444e-01 1.712311e+00 1.241489e+00 6.091502e-01 1.038857e+00 1.361602e+00 1.613203e+00 1.707425e+00 1.739963e+00 1.754172e+00 4.187660e+00 7.163882e-01 1.255209e+00 1.644214e+00 1.891840e+00 2.014643e+00 2.206558e+00 2.308950e+00 2.403596e+00 2.569001e+00 2.653717e+00 2.705779e+00 2.737891e+00 2.753911e+00 2.758586e+00 3.014284e+00 2.906039e+00 3.057807e+00 3.049819e+00 3.103432e+00 3.161966e+00 3.213762e+00 3.248811e+00 3.277570e+00 3.478966e+00 3.435418e+00 3.480603e+00 3.406091e+00 1.443154e+00 1.447709e+00 1.447192e+00 1.440912e+00 1.492307e+01
-9.999000e+03 -9.999000e+03 7.016381e+00 1.718103e-01 8.996653e-01 8.452112e-01 5.056628e-01 4.777500e-01 5.003364e-01 4.638390e-01 1.200460e+00 1.019782e+00 5.650587e-01 9.718134e-01 1.293254e+00 1.400636e+00 1.444268e+00 1.461699e+00 2.431421e+00 1.714709e+00 6.784893e-01 1.162258e+00 1.462718e+00 1.585676e+00 1.819721e+00 1.928906e+00 2.030361e+00 2.239697e+00 2.343540e+00 2.409340e+00 2.451771e+00 2.474090e+00 2.480812e+00 2.840544e+00 2.671342e+00 2.880717e+00 2.850468e+00 2.907826e+00 2.964426e+00 3.015786e+00 3.053416e+00 3.083754e+00 3.358274e+00 3.276229e+00 3.323608e+00 3.212214e+00 7.909647e-01 7.956778e-01 7.963846e-01 7.935184e-01 1.530614e+01 3.476603e+00
-9.999000e+03 -9.999000e+03 5.238572e+00 9.239704e-01 5.726505e-01 5.108214e-01 4.479166e-01 5.076090e-01 7.906873e-01 6.818446e-01 4.761039e-01 7.789876e-01 5.200620e-01 9.195784e-01 1.024889e+00 1.062052e+00 1.078702e+00 1.099440e+00 1.097247e+00 1.460023e+00 6.222164e-01 9.978552e-01 1.108581e+00 1.391205e+00 1.497865e+00 1.600937e+00 1.862192e+00 1.978424e+00 2.056259e+00 2.110783e+00 2.141399e+00 2.148931e+00 2.644859e+00 2.384939e+00 2.669827e+00 2.598370e+00 2.665728e+00 2.730182e+00 2.779135e+00 2.811709e+00 2.841364e+00 3.214777e+00 3.081577e+00 3.135936e+00 2.981932e+00 2.995973e+00 3.232336e+00 3.425578e+00 1.218108e+01 1.560810e+01 3.291260e+00 3.288696e+00
-9.999000e+03 1.864470e+00 5.488065e+00 1.311217e+00 5.545938e-01 3.906523e-01 5.236238e-01 5.224054e-01 -9.999000e+03 -9.999000e+03 -9.999000e+03 4.719215e-01 4.975126e-01 5.721371e-01 5.998364e-01 6.013385e-01 6.134568e-01 6.333225e-01 6.126677e-01 5.273692e-01 5.038482e-01 5.836510e-01 9.407547e-01 1.031068e+00 1.119938e+00 1.445076e+00 1.562499e+00 1.640781e+00 1.701665e+00 1.741197e+00 1.755270e+00 2.437492e+00 2.052506e+00 2.441760e+00 2.301560e+00 2.371105e+00 2.444540e+00 2.499090e+00 2.526685e+00 2.548926e+00 3.046945e+00 2.836781e+00 2.899048e+00 2.697570e+00 2.707122e+00 3.323526e+00 6.128017e+00 8.857801e+00 3.643140e+00 3.052960e+00 3.052384e+00 3.053139e+00
-9.999000e+03 5.334153e+00 1.450939e+00 5.529304e-01 4.934323e-01 5.012909e-01 -9.999000e+03 -9.999000e+03 -9.999000e+03 -9.999000e+03 -9.999000e+03 -9.999000e+03 5.173455e-01 5.586658e-01 9.476280e-01 1.219967e+00 6.012727e-01 1.038390e+00 1.321412e+00 1.369808e+00 4.662512e-01 4.745505e-01 5.399527e-01 6.001844e-01 1.004332e+00 1.103757e+00 1.166798e+00 1.220141e+00 1.259437e+00 1.277458e+00 2.215057e+00 1.668995e+00 2.204999e+00 1.964046e+00 2.029298e+00 2.104311e+00 2.163631e+00 2.189613e+00 2.203730e+00 2.860901e+00 2.540039e+00 2.604697e+00 2.345734e+00 2.353707e+00 3.126948e+00 2.701672e+00 2.720514e+00 3.533248e+00 2.753015e+00 2.754777e+00 2.752618e+00 3.504887e+00
1.875527e+00 1.602475e+00 8.438095e-01 4.976469e-01 3.733295e-01 5.581993e-01 -9.999000e+03 -9.999000e+03 -9.999000e+03 -9.999000e+03 -9.999000e+03 -9.999000e+03 -9.999000e+03 -9.999000e+03 -9.999000e+03 6.077428e-01 1.447934e+00 6.253624e-01 6.080856e-01 5.797247e-01 1.838626e+00 -9.999000e+03 -9.999000e+03 5.397826e-01 6.015505e-01 6.328259e-01 6.628610e-01 6.893786e-01 7.017740e-01 1.972135e+00 1.213210e+00 1.960166e+00 1.577390e+00 1.633027e+00 1.702625e+00 1.761316e+00 1.788743e+00 1.796937e+00 2.656656e+00 2.185168e+00 2.248033e+00 1.916230e+00 1.924828e+00 2.889060e+00 2.338321e+00 2.350606e+00 3.404755e+00 2.380554e+00 2.387142e+00 2.384129e+00 3.336839e+00 2.723940e+00
1.870837e+00 4.837276e-01 4.653427e-01 4.642479e-01 5.633397e-01 -9.999000e+03 -9.999000e+03 -9.999000e+03 -9.999000e+03 -9.999000e+03 -9.999000e+03 -9.999000e+03 -9.999000e+03 -9.999000e+03 -9.999000e+03 -9.999000e+03 -9.999000e+03 -9.999000e+03 -9.999000e+03 -9.999000e+03 -9.999000e+03 -9.999000e+03 -9.999000e+03 5.225691e-01 5.875255e-01 6.085946e-01 1.064977e+00 1.431961e+00 1.717405e+00 6.654555e-01 1.703032e+00 1.132277e+00 1.171776e+00 1.229137e+00 1.280159e+00 1.303642e+00 1.312613e+00 2.438143e+00 1.767353e+00 1.819613e+00 1.396120e+00 1.405207e+00 2.601664e+00 1.906791e+00 1.910334e+00 3.258999e+00 1.929759e+00 1.936922e+00 1.938134e+00 3.136767e+00 2.337981e+00 3.533086e+00
-9.999000e+03 5.755819e-01 5.585507e-01 6.075350e-01 -9.999000e+03 -9.999000e+03 -9.999000e+03 -9.999000e+03 -9.999000e+03 -9.999000e+03 -9.999000e+03 -9.999000e+03 -9.999000e+03 -9.999000e+03 -9.999000e+03 -9.999000e+03 -9.999000e+03 -9.999000e+03 -9.999000e+03 -9.999000e+03 -9.999000e+03 -9.999000e+03 -9.999000e+03 -9.999000e+03 -9.999000e+03 -9.999000e+03 6.332750e-01 6.555022e-01 1.130252e+00 1.436390e+00 6.160377e-01 6.376404e-01 6.702351e-01 7.057683e-01 7.206074e-01 7.240990e-01 2.196572e+00 1.283822e+00 1.315710e+00 7.671749e-01 7.757299e-01 2.254203e+00 1.392178e+00 1.393069e+00 3.100682e+00 1.398871e+00 1.402113e+00 1.403502e+00 2.903494e+00 1.893255e+00 3.444650e+00 1.448659e+00
-9.999000e+03 -9.999000e+03 -9.999000e+03 -9.999000e+03 -9.999000e+03 -9.999000e+03 -9.999000e+03 -9.999000e+03 -9.999000e+03 -9.999000e+03 -9.999000e+03 -9.999000e+03 -9.999000e+03 -9.999000e+03 -9.999000e+03 -9.999000e+03 -9.999000e+03 -9.999000e+03 -9.999000e+03 -9.999000e+03 -9.999000e+03 -9.999000e+03 -9.999000e+03 -9.999000e+03 -9.999000e+03 -9.999000e+03 -9.999000e+03 -9.999000e+03 6.433643e-01 1.059376e+00 5.900778e-01 6.121284e-01 6.529939e-01 1.179623e+00 1.602101e+00 1.921152e+00 7.070473e-01 7.251881e-01 7.412776e-01 1.341320e+00 1.837112e+00 7.682259e-01 7.707466e-01 2.922675e+00 7.727279e-01 7.730633e-01 7.718280e-01 2.626775e+00 1.377094e+00 3.379100e+00 7.851178e-01 8.057885e-01
-9.999000e+03 -9.999000e+03 -9.999000e+03 -9.999000e+03 -9.999000e+03 -9.999000e+03 -9.999000e+03 -9.999000e+03 -9.999000e+03 -9.999000e+03 -9.999000e+03 -9.999000e+03 -9.999000e+03 -9.999000e+03 -9.999000e+03 -9.999000e+03 -9.999000e+03 -9.999000e+03 -9.999000e+03 -9.999000e+03 -9.999000e+03 -9.999000e+03 -9.999000e+03 -9.999000e+03 -9.999000e+03 -9.999000e+03 -9.999000e+03 -9.999000e+03 -9.999000e+03 6.032200e-01 1.344125e+00 1.046402e+00 1.109737e+00 7.062530e-01 7.129448e-01 6.958278e-01 6.969506e-01 7.185753e-01 1.291138e+00 1.760056e+00 2.144092e+00 2.454744e+00 2.708342e+00 7.686741e-01 1.387400e+00 1.892213e+00 2.298264e+00 7.587760e-01 3.320507e+00 7.728220e-01 1.406548e+00 1.947113e+00
-9.999000e+03 -9.999000e+03 -9.999000e+03 -9.999000e+03 -9.999000e+03 -9.999000e+03 -9.999000e+03 -9.999000e+03 -9.999000e+03 -9.999000e+03 -9.999000e+03 -9.999000e+03 -9.999000e+03 -9.999000e+03 -9.999000e+03 -9.999000e+03 -9.999000e+03 -9.999000e+03 -9.999000e+03 -9.999000e+03 -9.999000e+03 -9.999000e+03 -9.999000e+03 -9.999000e+03 -9.999000e+03 -9.999000e+03 -9.999000e+03 -9.999000e+03 -9.999000e+03 -9.999000e+03 1.071842e+00 -9.999000e+03 -9.999000e+03 -9.999000e+03 -9.999000e+03 -9.999000e+03 -9.999000e+03 -9.999000e+03 7.331127e-01 1.311662e+00 1.774018e+00 2.137824e+00 2.429913e+00 2.674513e+00 2.879197e+00 3.046709e+00 3.174806e+00 3.255994e+00 7.521564e-01 1.372113e+00 1.895211e+00 2.337616e+00
-9.999000e+03 -9.999000e+03 -9.999000e+03 -9.999000e+03 -9.999000e+03 -9.999000e+03 -9.999000e+03 -9.999000e+03 -9.999000e+03 -9.999000e+03 -9.999000e+03 -9.999000e+03 -9.999000e+03 -9.999000e+03 -9.999000e+03 -9.999000e+03 -9.999000e+03 -9.999000e+03 -9.999000e+03 -9.999000e+03 -9.999000e+03 -9.999000e+03 -9.999000e+03 -9.999000e+03 -9.999000e+03 -9.999000e+03 -9.999000e+03 -9.999000e+03 -9.999000e+03 -9.999000e+03 -9.999000e+03 -9.999000e+03 -9.999000e+03 -9.999000e+03 -9.999000e+03 -9.999000e+03 -9.999000e+03 -9.999000e+03 -9.999000e+03 -9.999000e+03 -9.999000e+03 7.344766e-01 7.408688e-01 7.575781e-01 1.367457e+00 1.862388e+00 2.254294e+00 2.544808e+00 2.768936e+00 2.965201e+00 3.137010e+00 3.280558e+00
-9.999000e+03 -9.999000e+03 -9.999000e+03 -9.999000e+03 -9.999000e+03 -9.999000e+03 -9.999000e+03 -9.999000e+03 -9.999000e+03 -9.999000e+03 -9.999000e+03 -9.999000e+03 -9.999000e+03 -9.999000e+03 -9.999000e+03 -9.999000e+03 -9.999000e+03 -9.999000e+03 -9.999000e+03 -9.999000e+03 -9.999000e+03 -9.999000e+03 -9.999000e+03 -9.999000e+03 -9.999000e+03 -9.999000e+03 -9.999000e+03 -9.999000e+03 -9.999000e+03 -9.999000e+03 -9.999000e+03 -9.999000e+03 -9.999000e+03 -9.999000e+03 -9.999000e+03 -9.999000e+03 -9.999000e+03 -9.999000e+03 -9.999000e+03 -9.999000e+03 -9.999000e+03 -9.999000e+03 -9.999000e+03 -9.999000e+03 7.685379e-01 7.646655e-01 1.365167e+00 1.833549e+00 7.527563e-01 1.376690e+00 1.895008e+00 2.305906e+00
-9.999000e+03 -9.999000e+03 -9.999000e+03 -9.999000e+03 -9.999000e+03 -9.999000e+03 -9.999000e+03 -9.999000e+03 -9.999000e+03 -9.999000e+03 -9.999000e+03 -9.999000e+03 -9.999000e+03 -9.999000e+03 -9.999000e+03 -9.999000e+03 -9.999000e+03 -9.999000e+03 -9.999000e+03 -9.999000e+03 -9.999000e+03 -9.999000e+03 -9.999000e+03 -9.999000e+03 -9.999000e+03 -9.999000e+03 -9.999000e+03 -9.999000e+03 -9.999000e+03 -9.999000e+03 -9.999000e+03 -9.999000e+03 -9.999000e+03 -9.999000e+03 -9.999000e+03 -9.999000e+03 -9.999000e+03 -9.999000e+03 -9.999000e+03 -9.999000e+03 -9.999000e+03 -9.999000e+03 -9.999000e+03 -9.999000e+03 -9.999000e+03 -9.999000e+03 -9.999000e+03 -9.999000e+03 -9.999000e+03 -9.999000e+03 7.780234e-01 1.375160e+00
-9.999000e+03 -9.999000e+03 -9.999000e+03 -9.999000e+03 -9.999000e+03 -9.999000e+03 -9.999000e+03 -9.999000e+03 -9.999000e+03 -9.999000e+03 -9.999000e+03 -9.999000e+03 -9.999000e+03 -9.999000e+03 -9.999000e+03 -9.999000e+03 -9.999000e+03 -9.999000e+03 -9.999000e+03 -9.999000e+03 -9.999000e+03 -9.999000e+03 -9.999000e+03 -9.999000e+03 -9.999000e+03 -9.999000e+03 -9.999000e+03 -9.999000e+03 -9.999000e+03 -9.999000e+03 -9.999000e+03 -9.999000e+03 -9.999000e+03 -9.999000e+03 -9.999000e+03 -9.999000e+03 -9.999000e+03 -9.999000e+03 -9.999000e+03 -9.999000e+03 -9.999000e+03 -9.999000e+03 -9.999000e+03 -9.999000e+03 -9.999000e+03 -9.999000e+03 -9.999000e+03 -9.999000e+03 -9.999000e+03 -9.999000e+03 -9.999000e+03 7.437236e-01
-9.999000e+03 -9.999000e+03 -9.999000e+03 -9.999000e+03 -9.999000e+03 -9.999000e+03 -9.999000e+03 -9.999000e+03 -9.999000e+03 -9.999000e+03 -9.999000e+03 -9.999000e+03 -9.999000e+03 -9.999000e+03 -9.999000e+03 -9.999000e+03 -9.999000e+03 -9.999000e+03 -9.999000e+03 -9.999000e+03 -9.999000e+03 -9.999000e+03 -9.999000e+03 -9.999000e+03 -9.999000e+03 -9.999000e+03 -9.999000e+03 -9.999000e+03 -9.999000e+03 -9.999000e+03 -9.999000e+03 -9.999000e+03 -9.999000e+03 -9.999000e+03 -9.999000e+03 -9.999000e+03 -9.999000e+03 -9.999000e+03 -9.999000e+03 -9.999000e+03 -9.999000e+03 -9.999000e+03 -9.999000e+03 -9.999000e+03 -9.999000e+03 -9.999000e+03 -9.999000e+03 -9.999000e+03 -9.999000e+03 -9.999000e+03 -9.999000e+03 -9.999000e+03
-9.999000e+03 -9.999000e+03 -9.999000e+03 -9.999000e+03 -9.999000e+03 -9.999000e+03 -9.999000e+03 -9.999000e+03 -9.999000e+03 -9.999000e+03 -9.999000e+03 -9.999000e+03 -9.999000e+03 -9.999000e+03 -9.999000e+03 -9.999000e+03 -9.999000e+03 -9.999000e+03 -9.999000e+03 -9.999000e+03 -9.999000e+03 -9.999000e+03 -9.999000e+03 -9.999000e+03 -9.999000e+03 -9.999000e+03 -9.999000e+03 -9.999000e+03 -9.999000e+03 -9.999000e+03 -9.999000e+03 -9.999000e+03 -9.999000e+03 -9.999000e+03 -9.999000e+03 -9.999000e+03 -9.999000e+03 -9.999000e+03 -9.999000e+03 -9.999000e+03 -9.999000e+03 -9.999000e+03 -9.999000e+03 -9.999000e+03 -9.999000e+03 -9.999000e+03 -9.999000e+03 -9.999000e+03 -9.999000e+03 -9.999000e+03 -9.999000e+03 -9.999000e+03
