tests/data/reference/test_implicit_stream_rill_mfda/cvsur_m3.asc
ncols	123
nrows	77
xllcorner	-713746.79929998
yllcorner	-1061022.36961616
cellsize	10.0
NODATA_value	-9999
[rows 46 to 68 of 77, columns 0 to 51 of 123]
-9.999000e+03 -9.999000e+03 -9.999000e+03 -9.999000e+03 -9.999000e+03 -9.999000e+03 1.877159e+00 5.920064e+00 1.471620e+00 1.503249e+00 6.532124e-01 1.167572e+00 1.802885e+00 1.985316e+00 2.156734e+00 2.940782e+00 2.078115e+00 2.196927e+00 2.275220e+00 2.353392e+00 2.441513e+00 1.302070e+00 1.312994e+00 1.311839e+00 1.762475e+00 2.127422e+00 2.416550e+00 2.631368e+00 2.785334e+00 2.894052e+00 2.967168e+00 2.837028e+01 3.061156e+01 3.318448e+00 3.366328e+00 3.410624e+00 3.449128e+00 3.483819e+00 3.519276e+00 3.562544e+00 3.629024e+00 3.683215e+00 3.747694e+00 3.806929e+00 3.861632e+00 3.901980e+00 3.926292e+00 3.937509e+00 3.937813e+00 3.931023e+00 3.904975e+00 3.881006e+00
-9.999000e+03 -9.999000e+03 -9.999000e+03 -9.999000e+03 -9.999000e+03 -9.999000e+03 3.377608e+00 3.109772e+00 1.144891e+00 1.165136e+00 6.766352e-01 1.520219e+00 1.768878e+00 2.024787e+00 3.203038e+00 1.880788e+00 2.058379e+00 2.171753e+00 2.255355e+00 2.338584e+00 7.257253e-01 7.356441e-01 7.405196e-01 7.401137e-01 1.320181e+00 1.789499e+00 2.163783e+00 1.970209e+01 2.190855e+01 2.412515e+01 2.636800e+01 3.263546e+00 3.299058e+00 3.344615e+00 3.379764e+00 3.405520e+00 3.426168e+00 3.448102e+00 3.478424e+00 3.546298e+00 3.593306e+00 3.661467e+00 3.719849e+00 3.779314e+00 3.830131e+00 3.865840e+00 3.888695e+00 3.904688e+00 3.925171e+00 3.915969e+00 3.901451e+00 3.874835e+00
-9.999000e+03 -9.999000e+03 -9.999000e+03 -9.999000e+03 -9.999000e+03 1.875135e+00 2.627003e+00 3.216992e+00 6.644950e-01 6.695833e-01 1.134598e+00 1.463601e+00 1.837478e+00 3.450686e+00 1.586236e+00 1.854464e+00 2.036972e+00 2.156186e+00 2.242580e+00 2.323220e+00 4.562746e+00 6.757237e+00 8.934492e+00 1.256330e+01 1.426367e+01 1.618889e+01 1.825164e+01 2.989585e+00 3.058186e+00 3.143036e+00 3.201330e+00 3.244007e+00 3.295293e+00 3.327978e+00 3.348273e+00 3.360433e+00 3.370726e+00 3.388487e+00 3.460915e+00 3.492194e+00 3.562288e+00 3.616790e+00 3.676946e+00 3.732287e+00 3.776917e+00 3.809510e+00 3.835380e+00 3.878002e+00 3.883676e+00 3.889241e+00 3.868993e+00 3.111018e+00
-9.999000e+03 -9.999000e+03 -9.999000e+03 -9.999000e+03 4.970420e+00 1.327451e+00 1.462773e+00 2.543999e+00 6.483232e-01 6.365161e-01 1.081318e+00 1.623624e+00 3.675896e+00 1.179690e+00 1.549599e+00 1.818200e+00 2.005652e+00 2.128758e+00 2.214083e+00 2.274376e+00 2.342380e+00 2.422581e+00 4.013972e+00 2.182776e+00 2.487616e+00 2.698303e+00 2.830206e+00 2.914772e+00 3.015701e+00 3.084943e+00 3.141526e+00 3.208749e+00 3.246252e+00 3.267135e+00 3.277282e+00 3.281200e+00 3.287086e+00 3.372635e+00 3.383224e+00 3.457527e+00 3.504322e+00 3.563070e+00 3.618971e+00 3.666298e+00 3.703812e+00 3.737118e+00 3.805329e+00 3.816934e+00 3.837031e+00 3.819974e+00 2.843746e+00 2.829430e+00
-9.999000e+03 -9.999000e+03 -9.999000e+03 -9.999000e+03 3.108556e+00 1.911958e+00 1.111000e+00 1.331567e+00 1.035538e+00 6.139763e-01 1.404224e+00 3.874431e+00 6.620800e-01 1.151025e+00 1.509365e+00 1.768793e+00 1.956348e+00 2.078727e+00 2.130899e+00 2.179256e+00 2.240104e+00 4.149506e+00 1.801812e+00 2.172971e+00 2.435593e+00 2.599927e+00 2.700875e+00 2.828134e+00 2.909799e+00 2.979430e+00 3.072913e+00 3.124657e+00 3.153142e+00 3.166481e+00 3.169670e+00 3.169054e+00 3.279130e+00 3.261010e+00 3.345132e+00 3.382243e+00 3.440079e+00 3.495982e+00 3.543184e+00 3.580093e+00 3.614359e+00 3.711720e+00 3.723946e+00 3.756442e+00 3.730299e+00 2.480804e+00 2.480067e+00 2.462661e+00
-9.999000e+03 -9.999000e+03 -9.999000e+03 1.875669e+00 1.234458e+00 1.757965e+00 6.280349e-01 9.772320e-01 5.978288e-01 1.159536e+00 2.579473e+00 1.447288e+00 6.444664e-01 1.113048e+00 1.450429e+00 1.703931e+00 1.891293e+00 1.958269e+00 1.988889e+00 2.024585e+00 4.233538e+00 1.323571e+00 1.769621e+00 2.091019e+00 2.294975e+00 2.409943e+00 2.565537e+00 2.661535e+00 2.746738e+00 2.870368e+00 2.939350e+00 2.981008e+00 3.004206e+00 3.012828e+00 3.012827e+00 3.171714e+00 3.119029e+00 3.220551e+00 3.242779e+00 3.300487e+00 3.358993e+00 3.407472e+00 3.442661e+00 3.474486e+00 3.606704e+00 3.606614e+00 3.649681e+00 3.607959e+00 2.023374e+00 2.028195e+00 2.023643e+00 2.006619e+00
-9.999000e+03 -9.999000e+03 -9.999000e+03 1.873896e+00 1.884992e+00 9.319294e-01 5.837187e-01 5.503564e-01 8.560815e-01 8.862073e-01 1.723496e+00 1.250059e+00 6.179332e-01 1.052670e+00 1.377675e+00 1.629994e+00 1.727157e+00 1.761072e+00 1.775992e+00 4.253226e+00 7.282168e-01 1.275370e+00 1.667977e+00 1.914904e+00 2.041550e+00 2.232049e+00 2.337304e+00 2.435238e+00 2.598242e+00 2.685994e+00 2.740693e+00 2.774719e+00 2.791771e+00 2.796637e+00 3.031749e+00 2.939309e+00 3.076938e+00 3.080535e+00 3.136160e+00 3.196369e+00 3.249482e+00 3.285688e+00 3.315804e+00 3.496997e+00 3.471200e+00 3.518442e+00 3.451115e+00 1.470109e+00 1.474909e+00 1.474405e+00 1.467907e+00 1.515567e+01
-9.999000e+03 -9.999000e+03 7.103774e+00 1.727286e-01 9.101797e-01 8.541437e-01 5.118533e-01 4.833043e-01 5.063980e-01 4.690789e-01 1.207411e+00 1.028388e+00 5.727013e-01 9.837426e-01 1.307496e+00 1.418190e+00 1.463218e+00 1.481309e+00 2.469811e+00 1.737379e+00 6.892008e-01 1.179397e+00 1.480560e+00 1.607305e+00 1.840570e+00 1.952688e+00 2.057655e+00 2.265416e+00 2.373017e+00 2.441992e+00 2.486957e+00 2.510847e+00 2.518035e+00 2.857829e+00 2.704932e+00 2.898584e+00 2.881473e+00 2.941374e+00 3.000525e+00 3.053739e+00 3.092449e+00 3.123878e+00 3.376747e+00 3.314900e+00 3.365116e+00 3.260288e+00 8.049771e-01 8.098289e-01 8.105571e-01 8.076047e-01 1.553064e+01 3.525710e+00
-9.999000e+03 -9.999000e+03 5.323713e+00 9.357555e-01 5.804823e-01 5.171348e-01 4.528218e-01 5.138475e-01 7.991864e-01 6.862404e-01 4.816198e-01 7.869486e-01 5.265847e-01 9.303006e-01 1.038582e+00 1.076922e+00 1.093922e+00 1.115273e+00 1.113450e+00 1.481239e+00 6.313624e-01 1.009977e+00 1.123932e+00 1.407189e+00 1.516588e+00 1.622964e+00 1.883927e+00 2.004153e+00 2.085183e+00 2.142393e+00 2.174906e+00 2.183231e+00 2.662302e+00 2.417732e+00 2.686815e+00 2.628903e+00 2.698940e+00 2.766486e+00 2.817936e+00 2.851684e+00 2.882063e+00 3.233809e+00 3.121628e+00 3.179275e+00 3.030700e+00 3.045128e+00 3.280781e+00 3.471171e+00 1.237242e+01 1.582435e+01 3.342353e+00 3.340042e+00
-9.999000e+03 1.865249e+00 5.543020e+00 1.328378e+00 5.619614e-01 3.944138e-01 5.302313e-01 5.289837e-01 -9.999000e+03 -9.999000e+03 -9.999000e+03 4.773412e-01 5.035073e-01 5.799567e-01 6.083838e-01 6.099224e-01 6.223556e-01 6.427677e-01 6.215450e-01 5.340682e-01 5.099944e-01 5.917607e-01 9.515658e-01 1.044301e+00 1.135839e+00 1.462580e+00 1.583701e+00 1.664668e+00 1.727932e+00 1.769287e+00 1.784204e+00 2.455515e+00 2.082835e+00 2.458519e+00 2.330734e+00 2.402823e+00 2.479473e+00 2.536805e+00 2.565745e+00 2.588503e+00 3.067127e+00 2.876771e+00 2.942351e+00 2.744450e+00 2.754475e+00 3.363896e+00 6.216305e+00 8.997142e+00 3.659915e+00 3.103713e+00 3.103534e+00 3.104183e+00
-9.999000e+03 5.351824e+00 1.467621e+00 5.602559e-01 4.993324e-01 5.073753e-01 -9.999000e+03 -9.999000e+03 -9.999000e+03 -9.999000e+03 -9.999000e+03 -9.999000e+03 5.238050e-01 5.661384e-01 9.596659e-01 1.233666e+00 6.098550e-01 1.052843e+00 1.338364e+00 1.384752e+00 4.715438e-01 4.800304e-01 5.469680e-01 6.087402e-01 1.017105e+00 1.119419e+00 1.184270e+00 1.239283e+00 1.280006e+00 1.298680e+00 2.234082e+00 1.694792e+00 2.222483e+00 1.990500e+00 2.058001e+00 2.136053e+00 2.198132e+00 2.225488e+00 2.240062e+00 2.882963e+00 2.578310e+00 2.645985e+00 2.388086e+00 2.396590e+00 3.169700e+00 2.747972e+00 2.767135e+00 3.552847e+00 2.800989e+00 2.803224e+00 2.801055e+00 3.540683e+00
1.875825e+00 1.618155e+00 8.528503e-01 5.036447e-01 3.767684e-01 5.656597e-01 -9.999000e+03 -9.999000e+03 -9.999000e+03 -9.999000e+03 -9.999000e+03 -9.999000e+03 -9.999000e+03 -9.999000e+03 -9.999000e+03 6.164889e-01 1.461226e+00 6.346003e-01 6.168406e-01 5.877323e-01 1.855179e+00 -9.999000e+03 -9.999000e+03 5.467941e-01 6.101396e-01 6.422585e-01 6.731312e-01 7.004177e-01 7.131496e-01 1.992448e+00 1.232301e+00 1.979253e+00 1.599667e+00 1.657039e+00 1.729248e+00 1.790416e+00 1.819007e+00 1.827628e+00 2.681175e+00 2.219936e+00 2.285190e+00 1.951354e+00 1.960479e+00 2.932481e+00 2.380237e+00 2.392644e+00 3.428216e+00 2.423422e+00 2.430346e+00 2.427409e+00 3.377233e+00 2.769536e+00
1.871338e+00 4.894134e-01 4.706154e-01 4.694967e-01 5.709361e-01 -9.999000e+03 -9.999000e+03 -9.999000e+03 -9.999000e+03 -9.999000e+03 -9.999000e+03 -9.999000e+03 -9.999000e+03 -9.999000e+03 -9.999000e+03 -9.999000e+03 -9.999000e+03 -9.999000e+03 -9.999000e+03 -9.999000e+03 -9.999000e+03 -9.999000e+03 -9.999000e+03 5.291512e-01 5.957388e-01 6.173629e-01 1.080075e+00 1.450879e+00 1.737995e+00 6.757942e-01 1.723855e+00 1.148748e+00 1.189452e+00 1.248636e+00 1.301549e+00 1.325883e+00 1.335123e+00 2.464916e+00 1.796629e+00 1.850575e+00 1.421463e+00 1.430999e+00 2.643664e+00 1.941730e+00 1.945356e+00 3.286923e+00 1.965157e+00 1.972504e+00 1.973759e+00 3.180753e+00 2.379030e+00 3.538294e+00
-9.999000e+03 5.834852e-01 5.660203e-01 6.162757e-01 -9.999000e+03 -9.999000e+03 -9.999000e+03 -9.999000e+03 -9.999000e+03 -9.999000e+03 -9.999000e+03 -9.999000e+03 -9.999000e+03 -9.999000e+03 -9.999000e+03 -9.999000e+03 -9.999000e+03 -9.999000e+03 -9.999000e+03 -9.999000e+03 -9.999000e+03 -9.999000e+03 -9.999000e+03 -9.999000e+03 -9.999000e+03 -9.999000e+03 6.427190e-01 6.655765e-01 1.147584e+00 1.457206e+00 6.250078e-01 6.471991e-01 6.807054e-01 7.172625e-01 7.325544e-01 7.361369e-01 2.224638e+00 1.305309e+00 1.338312e+00 7.804802e-01 7.893132e-01 2.292530e+00 1.417501e+00 1.418488e+00 3.132851e+00 1.424468e+00 1.427760e+00 1.429118e+00 2.949233e+00 1.927393e+00 3.453954e+00 1.475459e+00
-9.999000e+03 -9.999000e+03 -9.999000e+03 -9.999000e+03 -9.999000e+03 -9.999000e+03 -9.999000e+03 -9.999000e+03 -9.999000e+03 -9.999000e+03 -9.999000e+03 -9.999000e+03 -9.999000e+03 -9.999000e+03 -9.999000e+03 -9.999000e+03 -9.999000e+03 -9.999000e+03 -9.999000e+03 -9.999000e+03 -9.999000e+03 -9.999000e+03 -9.999000e+03 -9.999000e+03 -9.999000e+03 -9.999000e+03 -9.999000e+03 -9.999000e+03 6.530808e-01 1.075042e+00 5.983609e-01 6.209911e-01 6.629920e-01 1.197806e+00 1.626193e+00 1.948614e+00 7.185805e-01 7.372553e-01 7.538239e-01 1.364874e+00 1.869315e+00 7.815642e-01 7.841654e-01 2.958131e+00 7.862112e-01 7.865577e-01 7.852819e-01 2.671777e+00 1.401823e+00 3.392862e+00 7.989713e-01 8.202652e-01
-9.999000e+03 -9.999000e+03 -9.999000e+03 -9.999000e+03 -9.999000e+03 -9.999000e+03 -9.999000e+03 -9.999000e+03 -9.999000e+03 -9.999000e+03 -9.999000e+03 -9.999000e+03 -9.999000e+03 -9.999000e+03 -9.999000e+03 -9.999000e+03 -9.999000e+03 -9.999000e+03 -9.999000e+03 -9.999000e+03 -9.999000e+03 -9.999000e+03 -9.999000e+03 -9.999000e+03 -9.999000e+03 -9.999000e+03 -9.999000e+03 -9.999000e+03 -9.999000e+03 6.118505e-01 1.361935e+00 1.060804e+00 1.125724e+00 7.177620e-01 7.246623e-01 7.070358e-01 7.081894e-01 7.304718e-01 1.313110e+00 1.789634e+00 2.178710e+00 2.491930e+00 2.745724e+00 7.820266e-01 1.412639e+00 1.926892e+00 2.339572e+00 7.718316e-01 3.338613e+00 7.863084e-01 1.432244e+00 1.982912e+00
-9.999000e+03 -9.999000e+03 -9.999000e+03 -9.999000e+03 -9.999000e+03 -9.999000e+03 -9.999000e+03 -9.999000e+03 -9.999000e+03 -9.999000e+03 -9.999000e+03 -9.999000e+03 -9.999000e+03 -9.999000e+03 -9.999000e+03 -9.999000e+03 -9.999000e+03 -9.999000e+03 -9.999000e+03 -9.999000e+03 -9.999000e+03 -9.999000e+03 -9.999000e+03 -9.999000e+03 -9.999000e+03 -9.999000e+03 -9.999000e+03 -9.999000e+03 -9.999000e+03 -9.999000e+03 1.086959e+00 -9.999000e+03 -9.999000e+03 -9.999000e+03 -9.999000e+03 -9.999000e+03 -9.999000e+03 -9.999000e+03 7.454056e-01 1.334421e+00 1.804573e+00 2.173307e+00 2.467313e+00 2.711157e+00 2.913114e+00 3.076835e+00 3.200827e+00 3.278224e+00 7.650345e-01 1.396543e+00 1.929076e+00 2.378628e+00
-9.999000e+03 -9.999000e+03 -9.999000e+03 -9.999000e+03 -9.999000e+03 -9.999000e+03 -9.999000e+03 -9.999000e+03 -9.999000e+03 -9.999000e+03 -9.999000e+03 -9.999000e+03 -9.999000e+03 -9.999000e+03 -9.999000e+03 -9.999000e+03 -9.999000e+03 -9.999000e+03 -9.999000e+03 -9.999000e+03 -9.999000e+03 -9.999000e+03 -9.999000e+03 -9.999000e+03 -9.999000e+03 -9.999000e+03 -9.999000e+03 -9.999000e+03 -9.999000e+03 -9.999000e+03 -9.999000e+03 -9.999000e+03 -9.999000e+03 -9.999000e+03 -9.999000e+03 -9.999000e+03 -9.999000e+03 -9.999000e+03 -9.999000e+03 -9.999000e+03 -9.999000e+03 7.468105e-01 7.534020e-01 7.706002e-01 1.391970e+00 1.895936e+00 2.294106e+00 2.587869e+00 2.812000e+00 3.005001e+00 3.171388e+00 3.308862e+00
-9.999000e+03 -9.999000e+03 -9.999000e+03 -9.999000e+03 -9.999000e+03 -9.999000e+03 -9.999000e+03 -9.999000e+03 -9.999000e+03 -9.999000e+03 -9.999000e+03 -9.999000e+03 -9.999000e+03 -9.999000e+03 -9.999000e+03 -9.999000e+03 -9.999000e+03 -9.999000e+03 -9.999000e+03 -9.999000e+03 -9.999000e+03 -9.999000e+03 -9.999000e+03 -9.999000e+03 -9.999000e+03 -9.999000e+03 -9.999000e+03 -9.999000e+03 -9.999000e+03 -9.999000e+03 -9.999000e+03 -9.999000e+03 -9.999000e+03 -9.999000e+03 -9.999000e+03 -9.999000e+03 -9.999000e+03 -9.999000e+03 -9.999000e+03 -9.999000e+03 -9.999000e+03 -9.999000e+03 -9.999000e+03 -9.999000e+03 7.818860e-01 7.778936e-01 1.389884e+00 1.866877e+00 7.656497e-01 1.401228e+00 1.929065e+00 2.347061e+00
-9.999000e+03 -9.999000e+03 -9.999000e+03 -9.999000e+03 -9.999000e+03 -9.999000e+03 -9.999000e+03 -9.999000e+03 -9.999000e+03 -9.999000e+03 -9.999000e+03 -9.999000e+03 -9.999000e+03 -9.999000e+03 -9.999000e+03 -9.999000e+03 -9.999000e+03 -9.999000e+03 -9.999000e+03 -9.999000e+03 -9.999000e+03 -9.999000e+03 -9.999000e+03 -9.999000e+03 -9.999000e+03 -9.999000e+03 -9.999000e+03 -9.999000e+03 -9.999000e+03 -9.999000e+03 -9.999000e+03 -9.999000e+03 -9.999000e+03 -9.999000e+03 -9.999000e+03 -9.999000e+03 -9.999000e+03 -9.999000e+03 -9.999000e+03 -9.999000e+03 -9.999000e+03 -9.999000e+03 -9.999000e+03 -9.999000e+03 -9.999000e+03 -9.999000e+03 -9.999000e+03 -9.999000e+03 -9.999000e+03 -9.999000e+03 7.916844e-01 1.400503e+00
-9.999000e+03 -9.999000e+03 -9.999000e+03 -9.999000e+03 -9.999000e+03 -9.999000e+03 -9.999000e+03 -9.999000e+03 -9.999000e+03 -9.999000e+03 -9.999000e+03 -9.999000e+03 -9.999000e+03 -9.999000e+03 -9.999000e+03 -9.999000e+03 -9.999000e+03 -9.999000e+03 -9.999000e+03 -9.999000e+03 -9.999000e+03 -9.999000e+03 -9.999000e+03 -9.999000e+03 -9.999000e+03 -9.999000e+03 -9.999000e+03 -9.999000e+03 -9.999000e+03 -9.999000e+03 -9.999000e+03 -9.999000e+03 -9.999000e+03 -9.999000e+03 -9.999000e+03 -9.999000e+03 -9.999000e+03 -9.999000e+03 -9.999000e+03 -9.999000e+03 -9.999000e+03 -9.999000e+03 -9.999000e+03 -9.999000e+03 -9.999000e+03 -9.999000e+03 -9.999000e+03 -9.999000e+03 -9.999000e+03 -9.999000e+03 -9.999000e+03 7.563492e-01
-9.999000e+03 -9.999000e+03 -9.999000e+03 -9.999000e+03 -9.999000e+03 -9.999000e+03 -9.999000e+03 -9.999000e+03 -9.999000e+03 -9.999000e+03 -9.999000e+03 -9.999000e+03 -9.999000e+03 -9.999000e+03 -9.999000e+03 -9.999000e+03 -9.999000e+03 -9.999000e+03 -9.999000e+03 -9.999000e+03 -9.999000e+03 -9.999000e+03 -9.999000e+03 -9.999000e+03 -9.999000e+03 -9.999000e+03 -9.999000e+03 -9.999000e+03 -9.999000e+03 -9.999000e+03 -9.999000e+03 -9.999000e+03 -9.999000e+03 -9.999000e+03 -9.999000e+03 -9.999000e+03 -9.999000e+03 -9.999000e+03 -9.999000e+03 -9.999000e+03 -9.999000e+03 -9.999000e+03 -9.999000e+03 -9.999000e+03 -9.999000e+03 -9.999000e+03 -9.999000e+03 -9.999000e+03 -9.999000e+03 -9.999000e+03 -9.999000e+03 -9.999000e+03
-9.999000e+03 -9.999000e+03 -9.999000e+03 -9.999000e+03 -9.999000e+03 -9.999000e+03 -9.999000e+03 -9.999000e+03 -9.999000e+03 -9.999000e+03 -9.999000e+03 -9.999000e+03 -9.999000e+03 -9.999000e+03 -9.999000e+03 -9.999000e+03 -9.999000e+03 -9.999000e+03 -9.999000e+03 -9.999000e+03 -9.999000e+03 -9.999000e+03 -9.999000e+03 -9.999000e+03 -9.999000e+03 -9.999000e+03 -9.999000e+03 -9.999000e+03 -9.999000e+03 -9.999000e+03 -9.999000e+03 -9.999000e+03 -9.999000e+03 -9.999000e+03 -9.999000e+03 -9.999000e+03 -9.999000e+03 -9.999000e+03 -9.999000e+03 -9.999000e+03 -9.999000e+03 -9.999000e+03 -9.999000e+03 -9.999000e+03 -9.999000e+03 -9.999000e+03 -9.999000e+03 -9.999000e+03 -9.999000e+03 -9.999000e+03 -9.999000e+03 -9.999000e+03
