tests/data/reference/test_implicit_stream_rill_mfda/cvsur_m3.asc
ncols	123
nrows	77
xllcorner	-713746.79929998
yllcorner	-1061022.36961616
cellsize	10.0
NODATA_value	-9999
[rows 23 to 45 of 77, columns 52 to 103 of 123]
1.468179e+00 2.730365e+00 2.994844e+00 3.324303e+00 3.439806e+00 3.576616e+00 3.569151e+00 3.411433e+00 3.403526e+00 3.220795e+00 2.986346e+00 2.968461e+00 2.946739e+00 2.919871e+00 2.884203e+00 3.447756e+00 1.191522e+01 4.978476e+00 2.658622e+00 2.583224e+00 2.275218e+00 2.064980e+00 1.776450e+00 2.040268e+00 7.620298e-01 1.305144e+00 2.239120e+01 7.086272e+00 7.458930e+00 2.147663e+00 1.793222e+00 1.326392e+00 7.440721e-01 7.100066e-01 -9.999000e+03 -9.999000e+03 -9.999000e+03 -9.999000e+03 -9.999000e+03 -9.999000e+03 -9.999000e+03 -9.999000e+03 -9.999000e+03 -9.999000e+03 -9.999000e+03 -9.999000e+03 -9.999000e+03 -9.999000e+03 -9.999000e+03 -9.999000e+03 -9.999000e+03 -9.999000e+03
1.477562e+00 2.005602e+00 3.026607e+00 3.234126e+00 3.485597e+00 3.571885e+00 3.666531e+00 3.661585e+00 3.541452e+00 3.531137e+00 3.386159e+00 3.198091e+00 3.176584e+00 3.145458e+00 3.103960e+00 3.049882e+00 1.485293e+01 4.630786e+00 2.772667e+00 2.727750e+00 2.528361e+00 2.383819e+00 2.168098e+00 2.357955e+00 1.363562e+00 1.762499e+00 7.467244e-01 2.078398e+01 6.519823e+00 7.188081e+00 4.048621e+00 1.773736e+00 1.317381e+00 1.259163e+00 6.983438e-01 -9.999000e+03 -9.999000e+03 -9.999000e+03 -9.999000e+03 -9.999000e+03 -9.999000e+03 -9.999000e+03 -9.999000e+03 -9.999000e+03 -9.999000e+03 -9.999000e+03 -9.999000e+03 -9.999000e+03 -9.999000e+03 -9.999000e+03 -9.999000e+03 -9.999000e+03
2.772161e+00 2.017807e+00 2.446443e+00 3.266212e+00 3.422397e+00 3.606269e+00 3.665158e+00 3.727769e+00 3.725970e+00 3.638683e+00 3.626435e+00 3.510957e+00 3.355433e+00 3.321379e+00 3.278612e+00 3.227561e+00 1.732189e+01 4.283989e+00 2.879387e+00 2.862458e+00 2.745492e+00 2.653410e+00 2.494055e+00 2.627354e+00 1.850732e+00 2.144118e+00 1.341966e+00 1.918811e+01 7.550018e-01 5.928788e+00 1.081642e+01 2.089675e+00 1.757910e+00 1.712663e+00 1.271493e+00 7.334129e-01 7.060561e-01 7.034085e-01 -9.999000e+03 -9.999000e+03 -9.999000e+03 -9.999000e+03 -9.999000e+03 -9.999000e+03 -9.999000e+03 -9.999000e+03 -9.999000e+03 -9.999000e+03 -9.999000e+03 -9.999000e+03 -9.999000e+03 -9.999000e+03
1.498151e+00 3.074230e+00 2.458571e+00 2.800798e+00 3.448218e+00 3.559024e+00 3.688665e+00 3.730347e+00 3.773659e+00 3.773420e+00 3.708515e+00 3.689804e+00 3.591961e+00 3.459444e+00 3.416344e+00 3.366733e+00 1.989434e+01 3.950831e+00 2.974384e+00 2.981645e+00 2.924787e+00 2.873261e+00 2.758076e+00 2.849528e+00 2.247047e+00 2.464658e+00 1.832595e+00 1.759316e+01 1.355829e+00 5.328651e+00 1.036861e+01 2.322351e+00 2.094881e+00 2.076055e+00 1.735764e+00 1.307118e+00 1.249557e+00 7.144674e-01 1.224323e+00 7.001129e-01 -9.999000e+03 -9.999000e+03 -9.999000e+03 -9.999000e+03 -9.999000e+03 -9.999000e+03 -9.999000e+03 -9.999000e+03 -9.999000e+03 -9.999000e+03 -9.999000e+03 -9.999000e+03
2.045178e+00 8.325091e-01 3.313919e+00 2.805240e+00 3.073474e+00 3.579029e+00 3.657891e+00 3.750343e+00 3.779493e+00 3.806417e+00 3.802578e+00 3.749704e+00 3.723990e+00 3.640836e+00 3.527133e+00 3.472509e+00 2.252133e+01 3.650254e+00 3.049178e+00 3.076389e+00 3.060617e+00 3.038848e+00 2.958876e+00 3.022534e+00 2.565142e+00 2.730627e+00 2.239221e+00 1.598892e+01 1.849753e+00 4.744669e+00 9.916345e+00 2.519826e+00 2.352196e+00 2.342210e+00 2.083927e+00 1.745401e+00 7.381575e-01 7.228592e-01 1.238196e+00 1.606383e+00 1.206313e+00 1.929456e+00 -9.999000e+03 -9.999000e+03 -9.999000e+03 -9.999000e+03 -9.999000e+03 -9.999000e+03 -9.999000e+03 -9.999000e+03 -9.999000e+03 -9.999000e+03
2.493968e+00 1.493421e+00 3.499520e+00 3.078376e+00 8.098768e-01 3.285021e+00 3.675436e+00 3.732110e+00 3.795533e+00 3.813213e+00 3.825925e+00 3.815375e+00 3.769186e+00 3.736476e+00 3.659178e+00 3.552063e+00 2.516993e+01 3.422994e+00 3.112059e+00 3.155442e+00 3.167213e+00 3.166230e+00 3.112886e+00 3.157250e+00 2.819918e+00 2.949939e+00 2.576746e+00 1.437002e+01 2.258696e+00 4.190607e+00 9.427640e+00 2.688736e+00 2.552193e+00 2.535470e+00 2.337961e+00 2.075024e+00 1.291683e+00 1.264827e+00 7.217670e-01 1.631790e+00 0.000000e+00 5.049464e+00 1.926486e+00 1.922051e+00 -9.999000e+03 -9.999000e+03 -9.999000e+03 -9.999000e+03 -9.999000e+03 -9.999000e+03 -9.999000e+03 -9.999000e+03
2.857271e+00 2.022740e+00 3.637372e+00 3.292508e+00 8.122281e-01 1.449405e+00 3.448563e+00 3.746315e+00 3.787633e+00 3.828488e+00 3.835333e+00 3.833883e+00 3.813225e+00 3.763639e+00 3.716019e+00 3.636889e+00 3.541047e+00 2.810230e+01 3.174578e+00 3.231415e+00 3.262267e+00 3.274687e+00 3.238754e+00 3.266556e+00 3.024300e+00 3.129398e+00 2.855102e+00 1.273231e+01 2.593502e+00 3.703315e+00 8.884602e+00 2.833801e+00 2.716080e+00 2.685983e+00 2.525768e+00 2.316523e+00 1.706803e+00 1.678356e+00 1.264785e+00 0.000000e+00 0.000000e+00 4.941066e+00 2.141306e+00 5.985790e-01 1.916201e+00 -9.999000e+03 -9.999000e+03 -9.999000e+03 -9.999000e+03 -9.999000e+03 -9.999000e+03 -9.999000e+03
3.139919e+00 2.441097e+00 3.730930e+00 3.455191e+00 1.453344e+00 8.130638e-01 1.965679e+00 3.577735e+00 3.799232e+00 3.824394e+00 3.844082e+00 3.836937e+00 3.818799e+00 3.782591e+00 3.725923e+00 3.673226e+00 3.605936e+00 3.531979e+00 3.080952e+01 3.308800e+00 3.349573e+00 3.367300e+00 3.340761e+00 3.355007e+00 3.187521e+00 3.275700e+00 3.081788e+00 1.107453e+01 2.866368e+00 3.390605e+00 8.296213e+00 2.965458e+00 2.857816e+00 2.812183e+00 7.554761e-01 7.439284e-01 2.030237e+00 2.005988e+00 0.000000e+00 0.000000e+00 1.074763e+00 4.791147e+00 2.274996e+00 1.040523e+00 6.129050e-01 1.913734e+00 -9.999000e+03 -9.999000e+03 -9.999000e+03 -9.999000e+03 -9.999000e+03 -9.999000e+03
3.339725e+00 2.759446e+00 3.782838e+00 3.571780e+00 1.967971e+00 1.457030e+00 8.186772e-01 2.392798e+00 3.672491e+00 3.823155e+00 3.829075e+00 3.825962e+00 3.803216e+00 3.772819e+00 3.734763e+00 3.687958e+00 3.644829e+00 3.595075e+00 3.393436e+01 3.390042e+00 3.430419e+00 3.445010e+00 3.421366e+00 3.425936e+00 3.317584e+00 3.394386e+00 3.262014e+00 9.454731e+00 3.086548e+00 3.346347e+00 7.677964e+00 3.092082e+00 2.988333e+00 7.859612e-01 7.719191e-01 7.592751e-01 2.299251e+00 0.000000e+00 0.000000e+00 1.001854e+00 1.516786e+00 4.606935e+00 2.320354e+00 1.337868e+00 1.049515e+00 6.397781e-01 6.180479e-01 -9.999000e+03 -9.999000e+03 -9.999000e+03 -9.999000e+03 -9.999000e+03
3.447373e+00 2.979964e+00 3.787646e+00 3.637365e+00 8.024671e-01 2.379767e+00 1.973874e+00 1.462269e+00 2.730064e+00 3.724716e+00 3.817746e+00 3.806798e+00 3.789266e+00 3.762031e+00 3.733475e+00 3.703449e+00 3.668509e+00 3.635688e+00 3.713693e+01 3.465933e+00 3.499252e+00 3.506938e+00 3.484052e+00 3.483951e+00 3.421372e+00 3.489396e+00 3.400609e+00 7.974251e+00 3.256119e+00 3.402763e+00 7.031984e+00 3.207799e+00 7.995785e-01 7.946383e-01 7.841312e-01 7.727904e-01 0.000000e+00 0.000000e+00 1.057584e+00 1.521309e+00 1.865418e+00 4.409983e+00 6.800858e-01 6.552134e-01 1.382233e+00 1.115549e+00 1.095779e+00 6.363332e-01 1.914996e+00 -9.999000e+03 -9.999000e+03 -9.999000e+03
3.330231e+00 3.470146e+00 3.115215e+00 3.747729e+00 3.654679e+00 1.418465e+00 2.699844e+00 2.379187e+00 1.967443e+00 2.993879e+00 3.753707e+00 3.807337e+00 3.790460e+00 3.767910e+00 3.739966e+00 3.713359e+00 3.687264e+00 3.658093e+00 3.628116e+00 4.017095e+01 3.547044e+00 3.550170e+00 3.531537e+00 3.532936e+00 3.504763e+00 3.563852e+00 3.501402e+00 6.601977e+00 3.374603e+00 3.458434e+00 6.354641e+00 7.985983e-01 7.959013e-01 7.946159e-01 0.000000e+00 0.000000e+00 0.000000e+00 8.153093e-01 1.603342e+00 1.927430e+00 2.152506e+00 7.392665e-01 7.239163e-01 1.167612e+00 1.654417e+00 1.456737e+00 1.424318e+00 6.551706e-01 6.376348e-01 1.923678e+00 -9.999000e+03 -9.999000e+03
1.965583e+02 1.984196e+02 3.644636e+00 3.377793e+00 3.684101e+00 3.646097e+00 1.908146e+00 2.953584e+00 2.706954e+00 2.380464e+00 3.210802e+00 3.779302e+00 3.808463e+00 3.788747e+00 3.761970e+00 3.731299e+00 3.701752e+00 3.673250e+00 3.641686e+00 4.371389e+01 3.568670e+00 3.569113e+00 3.558813e+00 3.567306e+00 3.563875e+00 3.612374e+00 3.561578e+00 5.343926e+00 3.445977e+00 3.493440e+00 5.655277e+00 7.965755e-01 7.962195e-01 0.000000e+00 0.000000e+00 1.222875e+00 8.275909e-01 1.416199e+00 2.030990e+00 2.256216e+00 7.620774e-01 7.545220e-01 7.445756e-01 1.581531e+00 1.887031e+00 1.725939e+00 6.770848e-01 6.790280e-01 6.804371e-01 2.166325e+00 6.286823e-01 1.924178e+00
7.990921e+00 7.879028e+00 2.048668e+02 3.768578e+00 3.583674e+00 3.859265e+00 3.865183e+00 2.457750e+00 3.352060e+00 3.157597e+00 2.889453e+00 3.592924e+00 4.041810e+00 4.057559e+00 4.034074e+00 3.999199e+00 3.957101e+00 3.914953e+00 3.873173e+00 3.828894e+00 4.714478e+01 3.768264e+00 3.770896e+00 3.792223e+00 3.589513e+00 3.624322e+00 3.573993e+00 4.239414e+00 3.473576e+00 3.504287e+00 4.953640e+00 7.975727e-01 0.000000e+00 0.000000e+00 1.119493e+00 1.776527e+00 1.434063e+00 1.893426e+00 2.374862e+00 7.803573e-01 7.726011e-01 7.632667e-01 7.531780e-01 7.395149e-01 2.092230e+00 1.962126e+00 7.173471e-01 1.205829e+00 1.200705e+00 2.374227e+00 6.787653e-01 2.166469e+00
8.448779e-01 1.522750e+00 2.073095e+00 2.055274e+02 2.078504e+02 2.099536e+02 2.123376e+02 4.040690e+00 2.911224e+00 3.670579e+00 3.518970e+00 3.300808e+00 3.891016e+00 4.236503e+00 8.107475e+00 4.168277e+00 4.114171e+00 4.061286e+00 4.008351e+00 3.953068e+00 8.285783e-01 4.702733e+01 7.524109e+00 3.956965e+00 3.796981e+00 3.812965e+00 3.543084e+00 3.540455e+00 3.467795e+00 3.496775e+00 4.293902e+00 0.000000e+00 0.000000e+00 7.974675e-01 1.695827e+00 2.205282e+00 1.913187e+00 2.275197e+00 2.651738e+00 7.860402e-01 7.799511e-01 7.702688e-01 7.604979e-01 7.487830e-01 2.271194e+00 2.162490e+00 1.258812e+00 1.619127e+00 1.608641e+00 2.529632e+00 1.200626e+00 2.380526e+00
2.092088e+00 2.587756e+00 2.999167e+00 3.314533e+00 3.562923e+00 3.778095e+00 3.954949e+00 2.148172e+02 2.173415e+02 2.187062e+02 2.208203e+02 2.227788e+02 2.245093e+02 2.268094e+02 2.294395e+02 2.358845e+02 2.384230e+02 4.167285e+00 4.125510e+00 4.080407e+00 4.036337e+00 1.500885e+00 5.434616e+01 4.077508e+00 3.935079e+00 3.924640e+00 3.693437e+00 3.454962e+00 3.442836e+00 3.481221e+00 0.000000e+00 0.000000e+00 8.048428e-01 8.004167e-01 2.149131e+00 2.544389e+00 2.296214e+00 2.579490e+00 2.869763e+00 7.878925e-01 7.838818e-01 7.752792e-01 7.666300e-01 7.561492e-01 7.432501e-01 7.302460e-01 1.660343e+00 1.927739e+00 1.921613e+00 2.641382e+00 1.620240e+00 2.548913e+00
1.587950e+00 2.186910e+00 2.683167e+00 6.156244e+01 6.411586e+01 6.671015e+01 6.932507e+01 7.195885e+01 7.459980e+01 7.724997e+01 7.990843e+01 8.257368e+01 8.544400e+01 8.822391e+01 9.096614e+01 9.365251e+01 9.258219e+01 3.293940e+02 3.318980e+02 4.125910e+00 4.101190e+00 4.085218e+00 5.558975e+01 4.140160e+00 4.005672e+00 3.972242e+00 3.777653e+00 3.604180e+00 3.409429e+00 0.000000e+00 0.000000e+00 8.043713e-01 8.065953e-01 8.022383e-01 2.510038e+00 2.817606e+00 2.604805e+00 2.823302e+00 7.922586e-01 7.923625e-01 7.892673e-01 7.810124e-01 7.721220e-01 7.628318e-01 7.517358e-01 7.380866e-01 7.256896e-01 2.155858e+00 2.155566e+00 2.708299e+00 1.948726e+00 2.668231e+00
3.449305e+00 5.759215e+01 5.959808e+01 3.305614e+00 3.347784e+00 3.394756e+00 3.436276e+00 3.471188e+00 3.501027e+00 3.533402e+00 3.563469e+00 3.792204e+00 3.736135e+00 3.744586e+00 3.750494e+00 3.754112e+00 7.588673e+00 1.119428e+01 1.096980e+01 3.412758e+02 3.437919e+02 3.463028e+02 3.486418e+02 5.930885e+01 4.006969e+00 3.969082e+00 3.816181e+00 3.712398e+00 0.000000e+00 0.000000e+00 8.105148e-01 1.437032e+00 8.075797e-01 8.030156e-01 2.800881e+00 3.035290e+00 2.854381e+00 3.020358e+00 7.986108e-01 7.991062e-01 7.965167e-01 7.884353e-01 7.777929e-01 7.678740e-01 7.606472e-01 7.516182e-01 7.381416e-01 2.327958e+00 2.324719e+00 2.729879e+00 2.183097e+00 2.728333e+00
5.543720e+01 3.220900e+00 3.250365e+00 3.278259e+00 3.304548e+00 3.332385e+00 3.360041e+00 3.381719e+00 3.413387e+00 3.447122e+00 3.479945e+00 3.406736e+00 3.429918e+00 3.453854e+00 3.476528e+00 3.811612e+00 3.763143e+00 1.127958e+01 1.403192e+01 1.673522e+01 1.924598e+01 1.803390e+01 1.717088e+01 3.638443e+02 6.233224e+01 3.891660e+00 3.806853e+00 8.323792e-01 0.000000e+00 1.192768e+00 1.428045e+00 1.943259e+00 8.101047e-01 1.436198e+00 3.033827e+00 3.206302e+00 3.054734e+00 3.178908e+00 8.034947e-01 8.038887e-01 8.010553e-01 7.939240e-01 7.831282e-01 7.711681e-01 7.650902e-01 7.607189e-01 7.503632e-01 7.375031e-01 2.453128e+00 2.730594e+00 2.350311e+00 2.747338e+00
3.198696e+00 3.209306e+00 3.220567e+00 3.228295e+00 3.236066e+00 3.247579e+00 3.248877e+00 3.270789e+00 3.299774e+00 3.334082e+00 3.208946e+00 3.238213e+00 3.270739e+00 3.304585e+00 3.503219e+00 3.443905e+00 1.199880e+01 3.626216e+00 3.715222e+00 3.603044e+00 3.594509e+00 0.000000e+00 0.000000e+00 0.000000e+00 3.620667e+02 6.123460e+01 3.798707e+00 0.000000e+00 0.000000e+00 1.807242e+00 2.018733e+00 2.346465e+00 8.134081e-01 1.951338e+00 3.220518e+00 3.338132e+00 3.213178e+00 8.046304e-01 8.073393e-01 8.080284e-01 8.040282e-01 7.966891e-01 7.868299e-01 7.738518e-01 7.666267e-01 7.650645e-01 7.603595e-01 7.520209e-01 2.562971e+00 2.736356e+00 2.480739e+00 2.750268e+00
3.197367e+00 3.191608e+00 3.186371e+00 3.179703e+00 3.171829e+00 3.138271e+00 3.143380e+00 3.158613e+00 3.185695e+00 2.974255e+00 3.003408e+00 3.036605e+00 3.072444e+00 3.353779e+00 3.249850e+00 1.320426e+01 3.508876e+00 3.362670e+00 3.255968e+00 3.265467e+00 3.748679e+00 3.479332e+00 3.633337e+00 0.000000e+00 0.000000e+00 0.000000e+00 9.132927e+01 0.000000e+00 8.442376e-01 2.245083e+00 2.466469e+00 2.803474e+00 1.444059e+00 2.364412e+00 3.364824e+00 3.438925e+00 3.338774e+00 8.073080e-01 8.097521e-01 8.119410e-01 8.086850e-01 8.003884e-01 7.900183e-01 7.765832e-01 7.681174e-01 7.662641e-01 7.640190e-01 1.328655e+00 2.659545e+00 2.753629e+00 2.584884e+00 2.753291e+00
3.189782e+00 3.172132e+00 3.157176e+00 3.138755e+00 3.059662e+00 3.044542e+00 3.042505e+00 3.056225e+00 2.714802e+00 2.737367e+00 2.766909e+00 2.800215e+00 3.190281e+00 3.011666e+00 1.438927e+01 3.363359e+00 3.130058e+00 2.988187e+00 3.010283e+00 3.406379e+00 3.068679e+00 3.268694e+00 3.279031e+00 3.392367e+00 3.354132e+00 0.000000e+00 0.000000e+00 0.000000e+00 3.482354e+01 1.412568e+00 4.872411e+00 3.135431e+00 1.916242e+00 2.674499e+00 3.465485e+00 3.515265e+00 3.440257e+00 8.110543e-01 8.118057e-01 8.143820e-01 8.130395e-01 8.053738e-01 7.939839e-01 7.792422e-01 7.694417e-01 7.657675e-01 7.631757e-01 1.776614e+00 2.744186e+00 2.783204e+00 2.669486e+00 2.767615e+00
3.185264e+00 3.162138e+00 3.137967e+00 3.006836e+00 2.975009e+00 2.954810e+00 2.956350e+00 2.441542e+00 2.450708e+00 2.468707e+00 2.495455e+00 3.031105e+00 2.743547e+00 1.557335e+01 3.219104e+00 2.854331e+00 2.656230e+00 2.675024e+00 3.197669e+00 2.742474e+00 2.781994e+00 2.811308e+00 2.982245e+00 2.971555e+00 3.068144e+00 2.365291e+00 0.000000e+00 0.000000e+00 0.000000e+00 0.000000e+00 6.690751e+00 3.343519e+00 2.395054e+00 2.905020e+00 3.531099e+00 3.570072e+00 3.520292e+00 8.140998e-01 8.156366e-01 8.171140e-01 8.163924e-01 8.108292e-01 8.007177e-01 7.863806e-01 7.759218e-01 7.702768e-01 7.660570e-01 2.128058e+00 2.819146e+00 2.825732e+00 2.747728e+00 2.803747e+00
3.188888e+00 3.158882e+00 2.958047e+00 2.916741e+00 2.881327e+00 2.869460e+00 2.135997e+00 2.139876e+00 2.144401e+00 2.159061e+00 2.883837e+00 2.450658e+00 1.676662e+01 3.095664e+00 2.546807e+00 2.279240e+00 2.287419e+00 2.960533e+00 2.346349e+00 2.387976e+00 2.420484e+00 2.444778e+00 2.462780e+00 2.603206e+00 2.589630e+00 0.000000e+00 0.000000e+00 1.534055e+00 2.118074e+00 0.000000e+00 0.000000e+00 0.000000e+00 2.777461e+00 3.269530e+00 3.575372e+00 3.605610e+00 3.579172e+00 8.152827e-01 8.195462e-01 8.202732e-01 8.193641e-01 8.157147e-01 8.084125e-01 7.969172e-01 7.871312e-01 7.797970e-01 7.730583e-01 2.406277e+00 2.885235e+00 2.878287e+00 2.830512e+00 2.867606e+00
