tests/data/reference/test_implicit_stream_rill_mfda/cvsur_m3.asc
ncols	123
nrows	77
xllcorner	-713746.79929998
yllcorner	-1061022.36961616
cellsize	10.0
NODATA_value	-9999
[rows 23 to 45 of 77, columns 0 to 51 of 123]
-9.999000e+03 -9.999000e+03 -9.999000e+03 -9.999000e+03 -9.999000e+03 -9.999000e+03 -9.999000e+03 -9.999000e+03 -9.999000e+03 -9.999000e+03 -9.999000e+03 -9.999000e+03 -9.999000e+03 -9.999000e+03 6.213589e-01 1.944237e+00 2.233747e+00 1.127640e+00 6.555708e-01 4.193539e-01 3.241242e-01 2.581669e+00 5.659970e-01 6.180513e+00 7.716923e+00 4.341678e+00 8.446090e+00 4.858998e+00 2.578958e+00 4.191600e+00 7.849951e-01 1.428503e+00 1.964131e+00 3.387879e+00 1.299185e+01 3.916180e+00 8.671604e+00 8.027940e-01 8.236348e+00 3.961209e+00 3.964723e+00 3.935832e+00 4.065096e+00 3.963186e+00 3.949072e+00 3.779408e+00 3.822499e+00 4.105275e+00 3.457837e+00 2.552238e+00 2.079244e+00 8.248855e-01
-9.999000e+03 -9.999000e+03 -9.999000e+03 -9.999000e+03 -9.999000e+03 -9.999000e+03 -9.999000e+03 -9.999000e+03 -9.999000e+03 -9.999000e+03 -9.999000e+03 -9.999000e+03 -9.999000e+03 -9.999000e+03 8.405525e-01 5.402866e+00 4.021754e+00 1.200969e+00 6.457678e-01 7.359760e-01 2.303297e+00 4.778463e+00 8.144321e-01 1.166363e+00 6.263061e+00 1.195991e+01 8.212351e+00 4.925374e+00 3.021677e+00 8.491051e-01 4.033626e+00 1.426047e+00 1.961148e+00 2.404407e+00 1.614613e+01 3.933224e+00 8.146795e+00 8.055539e-01 8.872260e+00 4.038394e+00 4.054512e+00 4.047370e+00 4.139656e+00 4.080322e+00 4.068887e+00 3.942505e+00 3.967614e+00 4.160390e+00 3.700067e+00 2.964519e+00 8.258549e-01 2.574887e+00
-9.999000e+03 -9.999000e+03 -9.999000e+03 -9.999000e+03 -9.999000e+03 -9.999000e+03 -9.999000e+03 -9.999000e+03 -9.999000e+03 -9.999000e+03 -9.999000e+03 -9.999000e+03 -9.999000e+03 -9.999000e+03 4.369285e+00 1.072044e+00 6.845167e-01 6.834739e-01 6.765846e-01 3.701409e-01 2.990587e+00 2.727879e+00 5.037402e+00 1.476499e+00 1.741581e+00 6.325372e+00 1.985577e+01 4.949769e+00 3.393539e+00 8.542437e-01 1.560641e+00 4.181198e+00 2.071386e+00 2.391919e+00 2.755053e+00 1.974300e+01 7.961002e-01 7.591195e+00 1.465993e+00 1.267684e+01 4.123995e+00 4.133060e+00 4.204270e+00 4.173705e+00 4.165712e+00 4.073656e+00 4.088278e+00 4.219294e+00 3.904006e+00 3.317151e+00 1.518745e+00 8.358055e-01
-9.999000e+03 -9.999000e+03 -9.999000e+03 -9.999000e+03 -9.999000e+03 -9.999000e+03 -9.999000e+03 -9.999000e+03 -9.999000e+03 -9.999000e+03 -9.999000e+03 -9.999000e+03 7.254756e-01 6.552740e-01 4.025231e+00 1.191465e+00 6.891682e-01 4.903098e-01 3.248543e-01 2.560380e+00 2.266480e+00 5.396210e+00 3.139853e+00 5.332652e+00 2.027508e+00 2.244836e+00 2.577553e+01 4.926304e+00 3.692590e+00 1.556526e+00 8.489924e-01 2.160879e+00 4.302586e+00 2.595243e+00 2.883165e+00 3.037538e+00 1.933373e+01 1.451906e+00 7.007270e+00 2.016365e+00 1.672633e+01 4.195532e+00 4.254447e+00 4.243943e+00 4.241367e+00 4.178760e+00 4.190519e+00 4.282662e+00 4.077252e+00 3.619748e+00 2.114251e+00 8.398271e-01
-9.999000e+03 -9.999000e+03 -9.999000e+03 -9.999000e+03 -9.999000e+03 -9.999000e+03 -9.999000e+03 -9.999000e+03 -9.999000e+03 -9.999000e+03 -9.999000e+03 -9.999000e+03 -9.999000e+03 7.170564e-01 1.108034e+00 1.054467e+00 5.574425e-01 2.898573e-01 2.662220e+00 2.559340e+00 2.721249e+00 2.883114e+00 8.291783e+00 1.134245e+01 1.648796e+01 1.824336e+01 2.013703e+01 2.526073e+01 4.848840e+00 3.918890e+00 2.139912e+00 1.544930e+00 2.652396e+00 4.388892e+00 3.020473e+00 3.296461e+00 3.460948e+00 1.941032e+01 2.000473e+00 6.405951e+00 1.871893e+01 4.236381e+00 4.287104e+00 4.291796e+00 4.298321e+00 4.264217e+00 4.280927e+00 4.351213e+00 4.226753e+00 3.879990e+00 2.629416e+00 1.545529e+00
-9.999000e+03 -9.999000e+03 -9.999000e+03 -9.999000e+03 -9.999000e+03 -9.999000e+03 -9.999000e+03 -9.999000e+03 -9.999000e+03 -9.999000e+03 -9.999000e+03 -9.999000e+03 -9.999000e+03 -9.999000e+03 -9.999000e+03 6.254108e-01 1.755670e-01 1.881051e+00 3.753458e+00 4.078587e+00 4.380623e+00 4.564804e+00 4.649969e+00 4.656760e+00 4.603343e+00 4.507665e+00 4.375260e+00 2.404839e+01 4.863115e+01 4.739478e+00 4.078887e+00 2.606991e+00 2.099758e+00 3.033856e+00 4.448535e+00 3.384447e+00 3.647084e+00 3.806223e+00 1.920476e+01 2.593278e+00 2.488048e+01 4.260397e+00 4.307968e+00 4.326172e+00 4.344711e+00 4.337662e+00 4.363805e+00 4.422944e+00 4.356303e+00 4.102907e+00 3.074391e+00 2.149623e+00
-9.999000e+03 -9.999000e+03 -9.999000e+03 -9.999000e+03 -9.999000e+03 -9.999000e+03 -9.999000e+03 -9.999000e+03 -9.999000e+03 -9.999000e+03 -9.999000e+03 -9.999000e+03 -9.999000e+03 -9.999000e+03 -9.999000e+03 -9.999000e+03 2.767968e-01 2.332845e+00 2.689624e+00 3.030814e+00 3.270409e+00 3.415964e+00 3.491400e+00 3.523652e+00 3.534258e+00 3.543472e+00 3.556039e+00 3.565252e+00 3.576325e+00 5.163443e+01 5.579833e+01 5.917724e+01 2.959245e+00 2.535395e+00 3.333334e+00 4.493782e+00 7.886684e+00 1.148043e+01 4.075298e+00 1.890451e+01 3.096577e+00 2.918531e+01 4.326816e+00 4.358684e+00 4.389938e+00 4.406168e+00 4.442117e+00 4.495318e+00 4.468406e+00 4.292359e+00 3.455989e+00 2.665838e+00
-9.999000e+03 -9.999000e+03 -9.999000e+03 -9.999000e+03 -9.999000e+03 -9.999000e+03 -9.999000e+03 -9.999000e+03 -9.999000e+03 -9.999000e+03 -9.999000e+03 -9.999000e+03 -9.999000e+03 -9.999000e+03 -9.999000e+03 -9.999000e+03 1.881775e+00 1.584005e+00 1.866444e+00 2.144835e+00 2.387149e+00 2.420589e+01 2.338115e+01 2.250262e+01 2.158054e+01 2.062200e+01 1.962198e+01 1.856743e+01 1.746377e+01 1.632623e+01 1.514624e+01 1.390789e+01 7.177589e+01 7.322730e+01 7.414980e+01 7.642691e+01 7.540156e+01 7.439483e+01 8.487100e+01 8.794389e+01 1.058346e+02 1.079083e+02 3.360982e+01 4.609497e+00 4.658121e+00 4.456840e+00 4.505210e+00 4.558221e+00 4.560436e+00 4.447758e+00 3.774951e+00 3.098083e+00
-9.999000e+03 -9.999000e+03 -9.999000e+03 -9.999000e+03 -9.999000e+03 -9.999000e+03 -9.999000e+03 -9.999000e+03 -9.999000e+03 -9.999000e+03 -9.999000e+03 -9.999000e+03 -9.999000e+03 -9.999000e+03 -9.999000e+03 1.881792e+00 1.545974e+00 1.778010e+00 1.536669e+01 1.760041e+01 2.256971e+01 2.936766e+00 5.837642e+00 8.742354e+00 8.596127e+00 1.447444e+01 1.725950e+01 2.006152e+01 1.958184e+01 1.904475e+01 1.844764e+01 1.778057e+01 1.703349e+01 1.618998e+01 1.526532e+01 1.429066e+01 4.559260e+01 4.672113e+01 4.836277e+01 5.117206e+01 5.396872e+01 5.674327e+01 1.636425e+02 1.961982e+02 1.997333e+02 4.849120e+00 9.131666e+00 4.596492e+00 4.626431e+00 4.565396e+00 4.027278e+00 3.443480e+00
-9.999000e+03 -9.999000e+03 -9.999000e+03 -9.999000e+03 -9.999000e+03 -9.999000e+03 -9.999000e+03 -9.999000e+03 -9.999000e+03 -9.999000e+03 -9.999000e+03 -9.999000e+03 -9.999000e+03 -9.999000e+03 1.880556e+00 3.752128e+00 1.204583e+01 1.424212e+01 2.584243e+00 5.615392e+00 2.727765e+00 2.847514e+00 2.966584e+00 3.185150e+00 6.125632e+00 3.116888e+00 3.213851e+00 3.027859e+00 3.104231e+00 3.391803e+00 3.623809e+00 1.525126e+01 1.806744e+01 2.094929e+01 2.380003e+01 3.231744e+01 1.966487e+00 2.447529e+00 3.590430e+00 3.524988e+00 3.431367e+00 3.471572e+00 7.391981e+00 1.081902e+01 1.417817e+01 2.128693e+02 2.166450e+02 2.246826e+02 4.836030e+00 9.372053e+00 4.192094e+00 3.687410e+00
-9.999000e+03 -9.999000e+03 -9.999000e+03 -9.999000e+03 -9.999000e+03 -9.999000e+03 -9.999000e+03 -9.999000e+03 -9.999000e+03 -9.999000e+03 -9.999000e+03 -9.999000e+03 -9.999000e+03 -9.999000e+03 1.881460e+00 8.928518e+00 2.777833e+00 2.545301e+00 6.693942e+00 2.433558e+00 2.567095e+00 2.702800e+00 2.976257e+00 2.848589e+00 2.842819e+00 2.967566e+00 2.954448e+00 3.016360e+00 5.976537e+00 8.913420e+00 1.169010e+01 3.008692e+00 3.199289e+00 3.273425e+00 9.020324e+00 1.382052e+00 1.906890e+00 3.242000e+00 3.119085e+00 2.978509e+00 3.014752e+00 3.656784e+00 3.280902e+00 3.324907e+00 3.495199e+00 6.904156e+00 9.850448e+00 1.279776e+01 2.392145e+02 2.429627e+02 2.511834e+02 4.429401e+00
-9.999000e+03 -9.999000e+03 -9.999000e+03 -9.999000e+03 -9.999000e+03 -9.999000e+03 -9.999000e+03 -9.999000e+03 -9.999000e+03 -9.999000e+03 -9.999000e+03 -9.999000e+03 -9.999000e+03 3.750797e+00 8.199989e+00 2.817073e+00 2.481223e+00 7.757583e+00 2.253537e+00 2.431617e+00 2.611392e+00 2.709562e+00 2.778101e+00 2.741139e+00 2.948397e+00 2.884083e+00 2.929123e+00 2.998671e+00 3.082174e+00 3.017143e+00 2.800368e+00 3.072959e+00 3.186197e+00 9.223523e+00 7.737434e-01 1.404920e+00 3.070142e+00 2.876690e+00 2.669141e+00 2.688705e+00 3.245983e+00 2.761755e+00 2.803051e+00 3.003717e+00 3.050983e+00 2.695696e+00 2.798954e+00 2.805897e+00 2.803870e+00 5.519715e+00 8.052878e+00 2.581253e+02
-9.999000e+03 -9.999000e+03 -9.999000e+03 -9.999000e+03 -9.999000e+03 -9.999000e+03 -9.999000e+03 -9.999000e+03 -9.999000e+03 -9.999000e+03 -9.999000e+03 -9.999000e+03 1.880278e+00 5.615925e+00 2.857599e+00 2.427952e+00 8.799233e+00 1.993371e+00 2.232421e+00 2.484347e+00 2.616847e+00 2.703448e+00 2.620752e+00 2.959517e+00 2.812478e+00 2.850474e+00 2.903947e+00 2.977130e+00 2.828401e+00 2.521599e+00 2.892011e+00 3.057869e+00 7.427147e+00 1.909672e+00 7.775170e-01 2.856872e+00 2.582672e+00 2.304907e+00 2.310571e+00 3.014257e+00 2.355925e+00 2.386505e+00 2.422294e+00 2.467546e+00 2.055373e+00 2.184334e+00 2.194414e+00 2.207030e+00 2.292050e+00 2.272263e+00 4.363542e+00 6.794881e+00
-9.999000e+03 -9.999000e+03 -9.999000e+03 -9.999000e+03 -9.999000e+03 -9.999000e+03 -9.999000e+03 -9.999000e+03 -9.999000e+03 -9.999000e+03 -9.999000e+03 -9.999000e+03 3.749013e+00 2.893304e+00 2.412048e+00 9.829785e+00 1.654124e+00 1.961080e+00 2.304459e+00 2.488480e+00 2.610142e+00 2.470298e+00 3.025393e+00 2.740093e+00 2.775571e+00 2.822456e+00 2.883597e+00 2.609059e+00 2.180429e+00 2.664668e+00 2.901679e+00 6.667277e+00 7.810597e-01 1.392057e+00 2.606497e+00 2.230116e+00 1.872115e+00 1.866617e+00 2.757075e+00 1.886884e+00 1.907698e+00 1.937537e+00 1.980808e+00 1.479912e+00 1.480466e+00 1.486984e+00 1.496336e+00 1.608261e+00 1.608285e+00 4.057482e+00 2.229574e+00 2.198613e+00
-9.999000e+03 -9.999000e+03 -9.999000e+03 -9.999000e+03 -9.999000e+03 -9.999000e+03 -9.999000e+03 -9.999000e+03 -9.999000e+03 -9.999000e+03 -9.999000e+03 1.878449e+00 2.970639e+00 2.442822e+00 1.084384e+01 1.224838e+00 1.614096e+00 2.072503e+00 2.320995e+00 2.487138e+00 2.262137e+00 3.145212e+00 2.661008e+00 2.699216e+00 2.748040e+00 2.807455e+00 2.361334e+00 1.779105e+00 2.402960e+00 2.731947e+00 2.369350e+00 4.232082e+00 7.642109e-01 2.317373e+00 1.813914e+00 1.363434e+00 1.352330e+00 2.476997e+00 1.352449e+00 1.361218e+00 1.379369e+00 1.417068e+00 8.086863e-01 8.072095e-01 8.089371e-01 8.135680e-01 8.171909e-01 8.200385e-01 3.663322e+00 1.575947e+00 1.562032e+00 1.558584e+00
-9.999000e+03 -9.999000e+03 -9.999000e+03 -9.999000e+03 -9.999000e+03 -9.999000e+03 -9.999000e+03 -9.999000e+03 -9.999000e+03 -9.999000e+03 1.877672e+00 3.744411e+00 2.531100e+00 1.184969e+01 6.807341e-01 1.181540e+00 1.791086e+00 2.123720e+00 2.346740e+00 1.980837e+00 3.307824e+00 2.564089e+00 2.611450e+00 2.670657e+00 2.736420e+00 2.074434e+00 1.306587e+00 2.100982e+00 2.550990e+00 2.065061e+00 2.036890e+00 2.005086e+00 1.987140e+00 1.317425e+00 7.576174e-01 7.462950e-01 2.165933e+00 7.396763e-01 7.411015e-01 7.450875e-01 7.636594e-01 7.916670e-01 1.447331e+00 1.993815e+00 2.451942e+00 2.838413e+00 3.163443e+00 3.434622e+00 8.095869e-01 8.016713e-01 8.014539e-01 8.833801e-01
-9.999000e+03 -9.999000e+03 -9.999000e+03 -9.999000e+03 -9.999000e+03 -9.999000e+03 -9.999000e+03 -9.999000e+03 -9.999000e+03 -9.999000e+03 1.876329e+00 2.656661e+00 1.174261e+01 1.114658e+00 6.520675e-01 1.464109e+00 1.906704e+00 2.207347e+00 1.625772e+00 3.498543e+00 2.458253e+00 2.514726e+00 2.588594e+00 2.663573e+00 1.719514e+00 7.303300e-01 1.737341e+00 2.336617e+00 1.711403e+00 1.682461e+00 1.646422e+00 1.620223e+00 7.201613e-01 7.459689e-01 1.340311e+00 1.800994e+00 7.261430e-01 1.283038e+00 1.722074e+00 2.077644e+00 7.600452e-01 7.893420e-01 1.441052e+00 1.980670e+00 2.428612e+00 2.801876e+00 3.113336e+00 3.373148e+00 3.584416e+00 3.746630e+00 3.869629e+00 3.968047e+00
-9.999000e+03 -9.999000e+03 -9.999000e+03 -9.999000e+03 -9.999000e+03 -9.999000e+03 -9.999000e+03 -9.999000e+03 -9.999000e+03 1.876483e+00 2.836129e+00 1.132205e+01 1.396360e+00 6.420580e-01 1.094162e+00 1.679744e+00 2.085303e+00 1.190448e+00 3.701019e+00 2.357194e+00 2.418854e+00 2.508419e+00 2.586999e+00 1.279068e+00 7.249014e-01 1.287232e+00 2.067105e+00 1.271411e+00 1.256560e+00 1.224447e+00 1.197019e+00 7.017895e-01 1.257658e+00 1.723749e+00 2.109435e+00 2.411952e+00 2.638918e+00 2.800263e+00 7.394865e-01 7.579644e-01 2.404979e+00 1.402912e+00 1.942910e+00 2.386698e+00 2.747299e+00 3.038904e+00 3.276606e+00 3.474513e+00 3.637878e+00 3.768334e+00 3.869536e+00 3.946227e+00
-9.999000e+03 -9.999000e+03 -9.999000e+03 -9.999000e+03 -9.999000e+03 -9.999000e+03 -9.999000e+03 -9.999000e+03 -9.999000e+03 1.878225e+00 1.039637e+01 1.860914e+00 1.075106e+00 6.347004e-01 1.427050e+00 1.983806e+00 6.636448e-01 3.898674e+00 2.279549e+00 2.337405e+00 2.442148e+00 2.506418e+00 7.195554e-01 7.268280e-01 1.290603e+00 1.725614e+00 7.154284e-01 7.120569e-01 7.004355e-01 6.772893e-01 6.787542e-01 1.219879e+00 1.670003e+00 2.052048e+00 2.372136e+00 2.631154e+00 2.833125e+00 7.466074e-01 2.935620e+00 1.357736e+00 1.391615e+00 2.701893e+00 2.959433e+00 3.170365e+00 3.337937e+00 3.471044e+00 3.578244e+00 3.668127e+00 3.744790e+00 3.810878e+00 7.490721e+01 7.763500e+01
-9.999000e+03 -9.999000e+03 -9.999000e+03 -9.999000e+03 -9.999000e+03 -9.999000e+03 -9.999000e+03 -9.999000e+03 3.747188e+00 2.946467e+00 8.263224e+00 1.719721e+00 6.283818e-01 1.090940e+00 1.871109e+00 2.033230e+00 4.075470e+00 2.234842e+00 2.285429e+00 2.411963e+00 2.426348e+00 1.258708e+00 1.695471e+00 2.047443e+00 2.322485e+00 1.348241e+01 1.520449e+01 1.451300e+01 1.373879e+01 1.286686e+01 1.192339e+01 1.094569e+01 9.942216e+00 8.917105e+00 7.870227e+00 6.801430e+00 5.715942e+00 7.460779e+00 7.190594e+00 9.462421e+00 1.053520e+01 1.160944e+01 1.124148e+01 1.081406e+01 1.033359e+01 9.811036e+00 9.248911e+00 8.646939e+00 8.008902e+00 7.227201e+01 3.875437e+00 3.862655e+00
-9.999000e+03 -9.999000e+03 -9.999000e+03 -9.999000e+03 -9.999000e+03 -9.999000e+03 -9.999000e+03 1.877515e+00 3.744969e+00 7.849453e+00 1.148832e+00 1.477214e+00 6.356841e-01 1.704276e+00 1.922940e+00 2.153803e+00 2.215841e+00 2.267370e+00 2.442261e+00 2.348500e+00 7.091144e-01 7.149366e-01 1.272288e+00 1.007854e+01 1.169630e+01 2.340673e+00 1.730710e+00 2.067666e+00 2.314631e+00 2.474474e+00 2.582253e+00 2.677353e+00 2.773043e+00 2.874860e+00 2.980484e+00 3.081841e+00 3.170333e+00 3.238275e+00 3.292609e+00 3.345974e+00 3.397701e+00 3.442739e+00 3.480453e+00 3.510925e+00 3.537688e+00 3.565918e+00 3.591780e+00 3.607941e+00 6.549299e+01 3.899014e+00 3.885749e+00 3.866502e+00
-9.999000e+03 -9.999000e+03 -9.999000e+03 -9.999000e+03 -9.999000e+03 -9.999000e+03 -9.999000e+03 1.875885e+00 7.642769e-01 7.767859e+00 6.596962e-01 1.123419e+00 1.467611e+00 1.754008e+00 2.085962e+00 2.178332e+00 2.260751e+00 2.552205e+00 2.273083e+00 2.371464e+00 4.673633e+00 6.936984e+00 9.181533e+00 2.067224e+00 2.074514e+00 1.292849e+00 7.303892e-01 1.296832e+00 1.736614e+00 2.064561e+00 2.314873e+00 2.522454e+00 2.698665e+00 2.848926e+00 2.975806e+00 3.079365e+00 3.815706e+01 4.030572e+01 4.246323e+01 4.463374e+01 4.681632e+01 4.900878e+01 5.146334e+01 5.024445e+01 4.887479e+01 4.721826e+01 6.052340e+01 6.316003e+01 3.924960e+00 3.910626e+00 3.889649e+00 3.867697e+00
-9.999000e+03 -9.999000e+03 -9.999000e+03 -9.999000e+03 -9.999000e+03 -9.999000e+03 -9.999000e+03 2.212499e-01 6.702318e+00 1.703219e+00 6.402493e-01 1.120633e+00 1.507235e+00 1.968755e+00 2.100494e+00 2.222335e+00 2.726194e+00 2.187338e+00 2.281159e+00 2.361522e+00 2.447020e+00 2.538178e+00 1.724124e+00 1.727923e+00 7.235992e-01 7.334694e-01 1.308409e+00 1.760298e+00 2.110833e+00 2.374505e+00 2.572834e+00 2.728863e+00 2.853112e+00 3.194499e+01 3.411755e+01 3.629578e+01 3.416792e+00 3.470251e+00 3.519807e+00 3.569619e+00 3.621732e+00 3.687622e+00 3.740460e+00 7.414102e+00 1.103399e+01 1.460336e+01 3.928214e+00 3.937289e+00 3.931548e+00 3.912941e+00 3.894450e+00 3.865150e+00
