tests/data/reference/test_implicit_stream_rill_mfda/cvsur_m3.asc
ncols	123
nrows	77
xllcorner	-713746.79929998
yllcorner	-1061022.36961616
cellsize	10.0
NODATA_value	-9999
[rows 46 to 68 of 77, columns 52 to 103 of 123]
3.882734e+00 3.425579e+00 3.369721e+00 3.310300e+00 3.271396e+00 1.911674e+00 1.918322e+00 1.921673e+00 1.930024e+00 3.202998e+00 2.349097e+00 2.646717e+01 3.596033e+00 2.424882e+00 2.000925e+00 1.998169e+00 3.070663e+00 2.027715e+00 2.064934e+00 2.094837e+00 2.112310e+00 2.132212e+00 2.153511e+00 2.159868e+00 4.122318e+00 0.000000e+00 4.555827e-01 9.027404e-01 1.661865e+00 2.316036e+00 2.868312e+00 0.000000e+00 0.000000e+00 0.000000e+00 4.526213e+00 4.330834e+00 4.305983e+00 8.323363e-01 8.393819e-01 8.405803e-01 8.395737e-01 8.366860e-01 8.321627e-01 8.250213e-01 8.184727e-01 8.126331e-01 8.064419e-01 2.996796e+00 3.499251e+00 3.492961e+00 3.447329e+00 3.493438e+00
3.303322e+00 3.250904e+00 3.183506e+00 3.132106e+00 1.388405e+00 1.394425e+00 1.395600e+00 1.403232e+00 3.023698e+00 1.909736e+00 2.765068e+01 3.560554e+00 1.964536e+00 1.446048e+00 1.440962e+00 2.750579e+00 1.445270e+00 1.470952e+00 1.496898e+00 1.508250e+00 1.517850e+00 1.536648e+00 1.553756e+00 3.965758e+00 8.467653e-01 0.000000e+00 4.698866e-01 1.244144e+00 1.941109e+00 2.563052e+00 3.109138e+00 3.575702e+00 4.004667e+00 0.000000e+00 0.000000e+00 4.322298e+00 4.334039e+00 8.244554e-01 8.362975e-01 8.398282e-01 8.388287e-01 8.350850e-01 8.319123e-01 8.281592e-01 8.250723e-01 8.217994e-01 8.170843e-01 3.246152e+00 3.581493e+00 3.567943e+00 3.548401e+00 3.588403e+00
3.085921e+00 3.026480e+00 2.962760e+00 7.642431e-01 7.710902e-01 7.699995e-01 7.714625e-01 2.808389e+00 1.390227e+00 2.878442e+01 3.554178e+00 1.426154e+00 7.967526e-01 7.930503e-01 2.391861e+00 7.890299e-01 7.957533e-01 8.103944e-01 8.182755e-01 8.202167e-01 8.268043e-01 8.376645e-01 3.780354e+00 1.548678e+00 2.161435e+00 0.000000e+00 4.481468e-01 2.519242e+00 3.127263e+00 3.663047e+00 4.129943e+00 4.524783e+00 4.829074e+00 8.032304e-01 0.000000e+00 4.509659e+00 4.325557e+00 8.147723e-01 8.306799e-01 8.378990e-01 8.382641e-01 8.340214e-01 8.316697e-01 8.303015e-01 8.299825e-01 8.289471e-01 8.253720e-01 3.461917e+00 3.670026e+00 3.653079e+00 3.651365e+00 3.690144e+00
2.796847e+00 2.744065e+00 7.538624e-01 1.355665e+00 1.845114e+00 2.239086e+00 2.552072e+00 7.654609e-01 2.986019e+01 3.567790e+00 7.838167e-01 7.918736e-01 1.434454e+00 1.960566e+00 7.892112e-01 1.425631e+00 1.954135e+00 2.402049e+00 2.780361e+00 3.094933e+00 3.356324e+00 3.576228e+00 8.342067e-01 8.496428e-01 5.004354e+00 0.000000e+00 1.369489e+00 1.847556e+00 2.546867e+00 3.162467e+00 3.704332e+00 4.172499e+00 4.556030e+00 5.040456e+00 0.000000e+00 0.000000e+00 4.283397e+00 8.047121e-01 8.227413e-01 8.337385e-01 8.368765e-01 8.339256e-01 8.323078e-01 8.321225e-01 8.337859e-01 8.346175e-01 8.317449e-01 3.651347e+00 3.767389e+00 3.748288e+00 3.755062e+00 3.789709e+00
2.429986e+00 1.435532e+01 1.371914e+01 1.298985e+01 1.217681e+01 1.129498e+01 1.035791e+01 3.087713e+01 3.586925e+00 7.752266e-01 1.402945e+00 1.923361e+00 2.354213e+00 2.705024e+00 2.987432e+00 3.212650e+00 3.393513e+00 3.543369e+00 3.668307e+00 3.771307e+00 3.856570e+00 3.927575e+00 3.994518e+00 4.069203e+00 5.277975e+00 0.000000e+00 1.172294e+00 8.505616e-01 1.668229e+00 2.389540e+00 3.029462e+00 3.593065e+00 4.073479e+00 8.886219e+00 5.166887e+00 0.000000e+00 4.461488e+00 7.977451e-01 8.160164e-01 8.288394e-01 8.340301e-01 8.331476e-01 8.327450e-01 8.328618e-01 1.526580e+00 1.530612e+00 8.370229e-01 3.820305e+00 3.872638e+00 3.851149e+00 3.858910e+00 3.884629e+00
1.489378e+01 3.766722e+00 7.387105e+00 8.027303e+00 1.153432e+01 1.809291e+01 2.147504e+01 3.596629e+00 3.430374e+00 3.478778e+00 3.512011e+00 3.536186e+00 3.558072e+00 3.581216e+00 3.607914e+00 3.639658e+00 7.209107e+00 7.075132e+00 6.904076e+00 6.699022e+00 6.458797e+00 6.179785e+00 5.874903e+00 5.565988e+00 3.835218e+00 0.000000e+00 8.471192e-01 1.563596e+00 2.183595e+00 2.867293e+00 3.472616e+00 4.006221e+00 4.463260e+00 4.828868e+00 9.029081e+00 0.000000e+00 0.000000e+00 8.617695e-01 8.121305e-01 8.248770e-01 8.308605e-01 8.317134e-01 8.329418e-01 8.330594e-01 2.111741e+00 2.120975e+00 8.408720e-01 3.973752e+00 3.983156e+00 3.958228e+00 3.963006e+00 3.976828e+00
3.678857e+00 3.671972e+00 7.879592e-01 3.754151e+00 6.941933e+00 3.870805e+00 3.573679e+00 3.356707e+00 3.588051e+00 3.617056e+00 3.635269e+00 3.642591e+00 3.644412e+00 3.645890e+00 3.649984e+00 3.659122e+00 7.999060e-01 1.466174e+00 2.034294e+00 2.520239e+00 2.924608e+00 3.237993e+00 3.477046e+00 3.668511e+00 8.256099e-01 0.000000e+00 1.267544e+00 1.951340e+00 2.543606e+00 3.060023e+00 3.672925e+00 4.207192e+00 4.664550e+00 5.039946e+00 5.106493e+00 9.118271e+00 0.000000e+00 1.586147e+00 8.121430e-01 8.212701e-01 8.257925e-01 8.268537e-01 8.299465e-01 1.522857e+00 2.608171e+00 2.623561e+00 1.543190e+00 4.114516e+00 4.097138e+00 4.067554e+00 4.066092e+00 4.067129e+00
3.536170e+00 3.544035e+00 3.680223e+00 7.102294e+00 3.889081e+00 3.499066e+00 3.233873e+00 3.541681e+00 3.730662e+00 7.075409e+00 6.960717e+00 6.780260e+00 6.537526e+00 6.239003e+00 5.895233e+00 5.520842e+00 5.138233e+00 4.774428e+00 4.456698e+00 4.222074e+00 4.099359e+00 4.061410e+00 7.932455e+00 8.573821e+00 8.397075e+00 0.000000e+00 1.463454e+00 2.093602e+00 2.660798e+00 3.164410e+00 3.603783e+00 4.156769e+00 4.630531e+00 5.031564e+00 5.341457e+00 1.418734e+01 0.000000e+00 0.000000e+00 8.896947e-01 8.193608e-01 8.191044e-01 8.180478e-01 1.508761e+00 2.102517e+00 3.028707e+00 3.051466e+00 2.141326e+00 4.243510e+00 4.212552e+00 4.177778e+00 4.166729e+00 4.156246e+00
3.353926e+00 3.796531e+00 7.177575e+00 3.879789e+00 3.369309e+00 3.049127e+00 3.454207e+00 3.717663e+00 3.398854e+00 3.765827e+00 3.804449e+00 3.836210e+00 3.855250e+00 3.856008e+00 3.842089e+00 3.822127e+00 3.806244e+00 3.805748e+00 3.827000e+00 3.873433e+00 3.932796e+00 3.976126e+00 7.899927e-01 8.142292e-01 1.500521e+00 0.000000e+00 1.328287e+00 2.014230e+00 2.611391e+00 3.378816e+00 4.117602e+00 4.515057e+00 5.005701e+00 5.413159e+00 1.085592e+01 1.943274e+01 9.157195e-01 0.000000e+00 9.000703e-01 8.966789e-01 8.212500e-01 8.196792e-01 2.080159e+00 2.594812e+00 3.385039e+00 3.415151e+00 2.653097e+00 4.360118e+00 4.325015e+00 4.286372e+00 4.264828e+00 4.244296e+00
3.691022e+00 3.360432e+00 3.832444e+00 3.173808e+00 2.797012e+00 3.313685e+00 3.680628e+00 3.234431e+00 3.727964e+00 8.016813e-01 7.258289e+00 1.053165e+01 1.039420e+01 1.674856e+01 2.026357e+01 1.984695e+01 1.935547e+01 1.879804e+01 1.817917e+01 1.750067e+01 1.675018e+01 1.590454e+01 1.498935e+01 1.404946e+01 0.000000e+00 0.000000e+00 8.744043e-01 1.605962e+00 2.243044e+00 2.801915e+00 3.288407e+00 3.703874e+00 4.055261e+00 4.550745e+00 4.968378e+00 1.101133e+01 2.018285e+01 0.000000e+00 9.103169e-01 9.058426e-01 8.310131e-01 1.507577e+00 2.573625e+00 3.019086e+00 3.688603e+00 3.723902e+00 3.090418e+00 4.462990e+00 4.429466e+00 4.390207e+00 4.360639e+00 4.331167e+00
3.095797e+00 3.749635e+00 2.889904e+00 2.463705e+00 3.111417e+00 3.605790e+00 3.016798e+00 3.690206e+00 3.258098e+00 6.423074e+00 3.325941e+00 3.349667e+00 6.590010e+00 3.848725e+00 3.552739e+00 6.994505e+00 6.981874e+00 6.905627e+00 6.776109e+00 6.601437e+00 6.380400e+00 6.106616e+00 5.800235e+00 5.492025e+00 0.000000e+00 4.244783e-01 1.162962e+00 1.830605e+00 2.420918e+00 2.937998e+00 3.388000e+00 3.776866e+00 4.110377e+00 4.393704e+00 4.833095e+00 1.007598e+01 3.120085e+01 0.000000e+00 0.000000e+00 9.234249e-01 1.637978e+00 2.103965e+00 3.003938e+00 3.385717e+00 3.945968e+00 3.984113e+00 3.462877e+00 4.552180e+00 4.521979e+00 4.484112e+00 4.449541e+00 4.412569e+00
3.656409e+00 2.509608e+00 2.026867e+00 2.835011e+00 3.485564e+00 2.731323e+00 3.637746e+00 3.018802e+00 3.052120e+00 3.075131e+00 3.092029e+00 3.111288e+00 3.783367e+00 3.362467e+00 3.378164e+00 3.834355e+00 7.241766e+00 1.061299e+01 1.464242e+01 1.479536e+01 1.464094e+01 1.426015e+01 1.381022e+01 1.330812e+01 0.000000e+00 4.282864e-01 1.164881e+00 1.827215e+00 2.407585e+00 2.910263e+00 3.346851e+00 3.729279e+00 4.062135e+00 4.347749e+00 4.796359e+00 5.170369e+00 1.560105e+01 3.135936e+01 0.000000e+00 1.742655e+00 2.366052e+00 2.629956e+00 3.381376e+00 3.702254e+00 4.162012e+00 4.200786e+00 3.778615e+00 4.628690e+00 4.599635e+00 4.561951e+00 4.524049e+00 4.481043e+00
2.041163e+00 1.479557e+00 2.470056e+00 3.309618e+00 2.370483e+00 3.567305e+00 2.716999e+00 2.747701e+00 2.769470e+00 2.781768e+00 2.791818e+00 3.700253e+00 3.105506e+00 3.127690e+00 3.748307e+00 3.378750e+00 3.414254e+00 3.857464e+00 3.666197e+00 7.276241e+00 7.334783e+00 7.329073e+00 7.267720e+00 7.159264e+00 0.000000e+00 4.294594e-01 1.164710e+00 1.821186e+00 2.392927e+00 2.886026e+00 1.484714e+01 1.560294e+01 1.638535e+01 2.461826e+01 2.765216e+01 2.853407e+01 2.939442e+01 7.641501e+01 0.000000e+00 0.000000e+00 3.020791e+00 3.251783e+00 3.709969e+00 3.972583e+00 4.340815e+00 4.377677e+00 4.041609e+00 4.691866e+00 4.661680e+00 4.622861e+00 4.583462e+00 4.535752e+00
8.207555e-01 2.023955e+00 3.076231e+00 1.925242e+00 3.473960e+00 2.350723e+00 2.377703e+00 2.395816e+00 2.407010e+00 2.412577e+00 3.621820e+00 2.780966e+00 2.808982e+00 3.655462e+00 3.112473e+00 3.140748e+00 3.734422e+00 3.422681e+00 3.480690e+00 3.547834e+00 6.767680e+00 7.745381e+00 8.932975e+00 1.193414e+01 0.000000e+00 9.128679e-01 1.633681e+00 4.044936e+00 7.448457e+00 1.127939e+01 2.712443e+00 5.029675e+00 7.442210e+00 2.247620e+00 2.263942e+00 4.725974e+00 7.318747e+00 8.225639e+00 8.474198e+01 0.000000e+00 0.000000e+00 3.798734e+00 4.189624e+00 4.198589e+00 4.485501e+00 4.517924e+00 4.254257e+00 4.740110e+00 4.708156e+00 4.668621e+00 4.630624e+00 4.580026e+00
1.486647e+00 2.792576e+00 1.394848e+00 3.351359e+00 1.908233e+00 1.936212e+00 1.950813e+00 1.957616e+00 1.958936e+00 3.557326e+00 2.394823e+00 2.420432e+00 3.560990e+00 2.788588e+00 2.812361e+00 3.611204e+00 3.133595e+00 3.183878e+00 3.243610e+00 3.009684e+00 8.430382e-01 8.433402e-01 2.651348e+00 8.578419e-01 0.000000e+00 8.870147e-01 1.615243e+00 2.647500e+00 3.146754e+00 2.179621e+00 1.574451e+00 1.587300e+00 1.600786e+00 1.612018e+00 1.625241e+00 1.642775e+00 1.650216e+00 2.418420e+00 3.050650e+00 8.786411e+01 0.000000e+00 0.000000e+00 4.594145e+00 4.377579e+00 4.597098e+00 4.625215e+00 4.421940e+00 4.775080e+00 4.741124e+00 4.699810e+00 4.662695e+00 4.610080e+00
2.436525e+00 7.735610e-01 3.198957e+00 1.378105e+00 1.404884e+00 1.420017e+00 1.426259e+00 1.422556e+00 3.510509e+00 1.936440e+00 1.959789e+00 3.477350e+00 2.397555e+00 2.417116e+00 3.493922e+00 2.792402e+00 2.835712e+00 2.887601e+00 2.581568e+00 8.413719e-01 1.543410e+00 2.136646e+00 8.441817e-01 1.561264e+00 0.000000e+00 1.383567e+00 2.067042e+00 2.663717e+00 1.566216e+00 8.525225e-01 8.554373e-01 8.608316e-01 8.668878e-01 8.726025e-01 8.801131e-01 8.895533e-01 5.169854e+00 6.809245e+00 7.677354e+00 8.178567e+00 9.624228e+01 0.000000e+00 4.902216e+00 4.723751e+00 4.673815e+00 4.702465e+00 4.550730e+00 4.799755e+00 4.764296e+00 4.717997e+00 4.676479e+00 8.279284e-01
2.744840e+00 3.011192e+00 7.547102e-01 7.690859e-01 7.798499e-01 7.864651e-01 7.860155e-01 3.490402e+00 1.396895e+00 1.412213e+00 3.412822e+00 1.937703e+00 1.949602e+00 3.391429e+00 2.388741e+00 2.426026e+00 2.470656e+00 2.082668e+00 8.394409e-01 1.542268e+00 2.140068e+00 2.644961e+00 3.075576e+00 3.450410e+00 0.000000e+00 1.432136e+00 2.096748e+00 8.527453e-01 8.499165e-01 1.561945e+00 2.171445e+00 2.697004e+00 3.153516e+00 3.552994e+00 3.905256e+00 4.487783e+00 8.889138e-01 8.914762e-01 1.643538e+00 2.385088e+00 2.966409e+00 0.000000e+00 0.000000e+00 4.983742e+00 4.715465e+00 4.751016e+00 4.642756e+00 4.811442e+00 4.774669e+00 4.720006e+00 8.228465e-01 3.065706e+00
3.435030e+00 3.500147e+00 3.525251e+00 3.526972e+00 3.516384e+00 3.503970e+00 3.492818e+00 7.683594e-01 7.699301e-01 3.371712e+00 1.399910e+00 1.407405e+00 3.319018e+00 1.920014e+00 1.949205e+00 1.985087e+00 1.498523e+00 8.365059e-01 1.537429e+00 2.136714e+00 2.648820e+00 3.080447e+00 3.444630e+00 3.756232e+00 0.000000e+00 1.420687e+00 2.081458e+00 2.646738e+00 3.126501e+00 3.530769e+00 3.867771e+00 4.144340e+00 4.369906e+00 4.554947e+00 4.709242e+00 4.842125e+00 5.250791e+00 5.736338e+00 1.141154e+01 1.271922e+01 1.335085e+01 1.367588e+01 0.000000e+00 0.000000e+00 4.971221e+00 4.771426e+00 8.308650e-01 4.804503e+00 4.765789e+00 8.210881e-01 3.066399e+00 2.648879e+00
2.670408e+00 2.911729e+00 3.082793e+00 3.198808e+00 3.273857e+00 3.321797e+00 3.349496e+00 3.358365e+00 3.357384e+00 7.671358e-01 7.724038e-01 3.281575e+00 1.383632e+00 1.400380e+00 1.423834e+00 8.156955e-01 8.272168e-01 1.521943e+00 2.117930e+00 2.630068e+00 3.067515e+00 3.435626e+00 3.743371e+00 4.000654e+00 0.000000e+00 1.411128e+00 2.072977e+00 2.645201e+00 3.135370e+00 3.549524e+00 3.894126e+00 4.174702e+00 4.398990e+00 4.576072e+00 4.716952e+00 4.833207e+00 4.932082e+00 5.290516e+00 8.817485e-01 8.796759e-01 1.611635e+00 2.322198e+00 1.650529e+01 0.000000e+00 5.228303e+00 5.014293e+00 8.266898e-01 8.215156e-01 8.190688e-01 8.260627e-01 2.659432e+00 2.152194e+00
1.868102e+00 2.244656e+00 2.544894e+00 2.780347e+00 2.960403e+00 3.092514e+00 3.183152e+00 3.237786e+00 3.264381e+00 3.272178e+00 3.270549e+00 7.598784e-01 7.667166e-01 7.751966e-01 7.905277e-01 1.451064e+00 2.020013e+00 2.515911e+00 2.946905e+00 3.317099e+00 3.630872e+00 3.891634e+00 8.123625e+00 9.059287e+00 0.000000e+00 1.646867e+00 2.250097e+00 2.794647e+00 3.271010e+00 3.677475e+00 4.016719e+00 4.291680e+00 4.507650e+00 4.671303e+00 4.792818e+00 4.884389e+00 4.955370e+00 5.013914e+00 5.140198e+00 5.441636e+00 5.885650e+00 6.254802e+00 6.517693e+00 0.000000e+00 0.000000e+00 5.185864e+00 8.240137e-01 8.236881e-01 8.222509e-01 3.101880e+00 2.671442e+00 2.152604e+00
7.393044e-01 1.332746e+00 1.821341e+00 2.223552e+00 2.548181e+00 2.797653e+00 2.980480e+00 3.108813e+00 3.188595e+00 3.221188e+00 3.219500e+00 3.203700e+00 3.191426e+00 3.197259e+00 3.234167e+00 3.310057e+00 3.422936e+00 3.565621e+00 3.724768e+00 3.885471e+00 4.036403e+00 4.169049e+00 8.364191e-01 0.000000e+00 0.000000e+00 1.205965e+00 1.902468e+00 2.509070e+00 3.035897e+00 3.487198e+00 3.867067e+00 4.178276e+00 4.425228e+00 4.613016e+00 4.749343e+00 4.844213e+00 4.910381e+00 4.960670e+00 5.003257e+00 5.233531e+00 5.540914e+00 5.794658e+00 6.082209e+00 6.286542e+00 0.000000e+00 0.000000e+00 1.587733e+00 8.292716e-01 8.359465e-01 8.447342e-01 8.518492e-01 1.566377e+00
-9.999000e+03 -9.999000e+03 -9.999000e+03 -9.999000e+03 -9.999000e+03 -9.999000e+03 -9.999000e+03 7.643932e-01 7.581544e-01 7.398126e-01 7.312338e-01 7.389060e-01 1.332792e+00 1.833397e+00 2.263393e+00 2.636636e+00 2.964817e+00 3.257725e+00 3.516424e+00 3.738500e+00 3.923620e+00 4.071152e+00 4.191636e+00 0.000000e+00 4.527049e-01 1.169076e+00 1.818768e+00 2.402096e+00 2.921115e+00 3.376342e+00 3.768140e+00 4.095584e+00 4.360050e+00 4.563303e+00 4.709665e+00 4.805907e+00 4.866242e+00 4.907301e+00 4.938970e+00 4.969318e+00 5.244792e+00 5.600659e+00 5.917203e+00 6.227733e+00 6.433922e+00 0.000000e+00 0.000000e+00 9.066521e-01 8.502063e-01 8.556861e-01 8.583410e-01 8.578209e-01
-9.999000e+03 -9.999000e+03 -9.999000e+03 -9.999000e+03 -9.999000e+03 -9.999000e+03 -9.999000e+03 -9.999000e+03 -9.999000e+03 -9.999000e+03 1.314580e+00 1.310802e+00 7.593924e-01 7.844786e-01 1.431767e+00 1.975030e+00 2.438083e+00 2.839915e+00 3.184917e+00 3.472344e+00 3.705657e+00 3.888777e+00 4.036521e+00 0.000000e+00 4.513663e-01 1.164992e+00 1.810496e+00 2.390745e+00 2.909471e+00 3.518025e+00 3.895983e+00 4.210708e+00 4.468006e+00 4.665848e+00 4.805516e+00 4.891762e+00 4.936423e+00 4.954895e+00 4.960062e+00 4.964107e+00 4.974655e+00 5.281483e+00 5.713020e+00 5.838890e+00 6.126385e+00 6.300360e+00 0.000000e+00 0.000000e+00 8.567946e-01 8.637828e-01 -9.999000e+03 -9.999000e+03
