tests/data/reference/test_implicit_stream_rill_mfda/cvsur_m3.asc
ncols	123
nrows	77
xllcorner	-713746.79929998
yllcorner	-1061022.36961616
cellsize	10.0
NODATA_value	-9999
[rows 46 to 68 of 77, columns 52 to 103 of 123]
3.850294e+00 3.407902e+00 3.351839e+00 3.292792e+00 3.254556e+00 1.914522e+00 1.921228e+00 1.924628e+00 1.933056e+00 3.187976e+00 2.350018e+00 2.614344e+01 3.568285e+00 2.426733e+00 2.004776e+00 2.002014e+00 3.065312e+00 2.031965e+00 2.069548e+00 2.099729e+00 2.117378e+00 2.137480e+00 2.158973e+00 2.165368e+00 4.100797e+00 0.000000e+00 4.555805e-01 9.045614e-01 1.664535e+00 2.317069e+00 2.864898e+00 0.000000e+00 0.000000e+00 0.000000e+00 4.490950e+00 4.298220e+00 4.276416e+00 8.345556e-01 8.416351e-01 8.428392e-01 8.418278e-01 8.389269e-01 8.343812e-01 8.272058e-01 8.206263e-01 8.147591e-01 8.085379e-01 2.990280e+00 3.474988e+00 3.467356e+00 3.424684e+00 3.468812e+00
3.290793e+00 3.237461e+00 3.169559e+00 3.118480e+00 1.391590e+00 1.397655e+00 1.398844e+00 1.406545e+00 3.011856e+00 1.912536e+00 2.730825e+01 3.532087e+00 1.967953e+00 1.449720e+00 1.444593e+00 2.748425e+00 1.448935e+00 1.474792e+00 1.500916e+00 1.512344e+00 1.521993e+00 1.540909e+00 1.558130e+00 3.947045e+00 8.490540e-01 0.000000e+00 4.689060e-01 1.244371e+00 1.941086e+00 2.561069e+00 3.103163e+00 3.563699e+00 3.977079e+00 0.000000e+00 0.000000e+00 4.287099e+00 4.301703e+00 8.266370e-01 8.385368e-01 8.420835e-01 8.410793e-01 8.373183e-01 8.341297e-01 8.303596e-01 8.272570e-01 8.239687e-01 8.192308e-01 3.235886e+00 3.556584e+00 3.542333e+00 3.524980e+00 3.563864e+00
3.078589e+00 3.018044e+00 2.953649e+00 7.661413e-01 7.730200e-01 7.719239e-01 7.733941e-01 2.800055e+00 1.393427e+00 2.843666e+01 3.525417e+00 1.429662e+00 7.988031e-01 7.950826e-01 2.392975e+00 7.910439e-01 7.977992e-01 8.125094e-01 8.204280e-01 8.223790e-01 8.289979e-01 8.399098e-01 3.764162e+00 1.553016e+00 2.166963e+00 0.000000e+00 4.395450e-01 2.453193e+00 3.066514e+00 3.604511e+00 4.071176e+00 4.463774e+00 4.763568e+00 8.044156e-01 0.000000e+00 4.466863e+00 4.290550e+00 8.169079e-01 8.328915e-01 8.401454e-01 8.405122e-01 8.362493e-01 8.338859e-01 8.325114e-01 8.321909e-01 8.311508e-01 8.275582e-01 3.448260e+00 3.644790e+00 3.627484e+00 3.627226e+00 3.665327e+00
2.794448e+00 2.740734e+00 7.557119e-01 1.358543e+00 1.847097e+00 2.238454e+00 2.547643e+00 7.673646e-01 2.951702e+01 3.539323e+00 7.858057e-01 7.939005e-01 1.438029e+00 1.963848e+00 7.912259e-01 1.429130e+00 1.957383e+00 2.403509e+00 2.778908e+00 3.089619e+00 3.346853e+00 3.562839e+00 8.364356e-01 8.519455e-01 4.977466e+00 0.000000e+00 1.302482e+00 1.839538e+00 2.539294e+00 3.153023e+00 3.690829e+00 4.153032e+00 4.528598e+00 4.970016e+00 0.000000e+00 0.000000e+00 4.246240e+00 8.068004e-01 8.249148e-01 8.359649e-01 8.391183e-01 8.361530e-01 8.345270e-01 8.343408e-01 8.360126e-01 8.368485e-01 8.339615e-01 3.634712e+00 3.741998e+00 3.722704e+00 3.730203e+00 3.764191e+00
2.431346e+00 1.415103e+01 1.351953e+01 1.281294e+01 1.203786e+01 1.119902e+01 1.029845e+01 3.054539e+01 3.559486e+00 7.771755e-01 1.406251e+00 1.926279e+00 2.355033e+00 2.702418e+00 2.980576e+00 3.201429e+00 3.378369e+00 3.525041e+00 3.647308e+00 3.747963e+00 3.831165e+00 3.900392e+00 3.966151e+00 4.040410e+00 5.223220e+00 0.000000e+00 1.160068e+00 8.528691e-01 1.672078e+00 2.393179e+00 3.030764e+00 3.589885e+00 4.063342e+00 8.828671e+00 5.092996e+00 0.000000e+00 4.418100e+00 7.998001e-01 8.181578e-01 8.310426e-01 8.362580e-01 8.353710e-01 8.349663e-01 8.350838e-01 1.530816e+00 1.534870e+00 8.392653e-01 3.801076e+00 3.847050e+00 3.825431e+00 3.833342e+00 3.858249e+00
1.469890e+01 3.743704e+00 7.332800e+00 7.963567e+00 1.142931e+01 1.789576e+01 2.121809e+01 3.571403e+00 3.409034e+00 3.454989e+00 3.486610e+00 3.509607e+00 3.530630e+00 3.553170e+00 3.579513e+00 3.611126e+00 7.144294e+00 7.005302e+00 6.830478e+00 6.623396e+00 6.383510e+00 6.107449e+00 5.807880e+00 5.505311e+00 3.817181e+00 0.000000e+00 8.494096e-01 1.568052e+00 2.189350e+00 2.871147e+00 3.472683e+00 4.000558e+00 4.449940e+00 4.805637e+00 8.950197e+00 0.000000e+00 0.000000e+00 8.633848e-01 8.142544e-01 8.270607e-01 8.330729e-01 8.339298e-01 8.351641e-01 8.352823e-01 2.116748e+00 2.126084e+00 8.431324e-01 3.952265e+00 3.957188e+00 3.932159e+00 3.936767e+00 3.949680e+00
3.659841e+00 3.652858e+00 7.899684e-01 3.730574e+00 6.875182e+00 3.837856e+00 3.551913e+00 3.339198e+00 3.563702e+00 3.590858e+00 3.607877e+00 3.614126e+00 3.615062e+00 3.615981e+00 3.619872e+00 3.629124e+00 8.019708e-01 1.470001e+00 2.038534e+00 2.523277e+00 2.924829e+00 3.233502e+00 3.467121e+00 3.653874e+00 8.277974e-01 0.000000e+00 1.240770e+00 1.930898e+00 2.527718e+00 3.046677e+00 3.657283e+00 4.187089e+00 4.638037e+00 5.005241e+00 5.072658e+00 9.010354e+00 0.000000e+00 1.587915e+00 8.142669e-01 8.234370e-01 8.279809e-01 8.290475e-01 8.321548e-01 1.527074e+00 2.612141e+00 2.627759e+00 1.547534e+00 4.091015e+00 4.070640e+00 4.040948e+00 4.039156e+00 4.039324e+00
3.521302e+00 3.529360e+00 3.661150e+00 7.045917e+00 3.857695e+00 3.481703e+00 3.221058e+00 3.520555e+00 3.702239e+00 7.021646e+00 6.899038e+00 6.712064e+00 6.465453e+00 6.166930e+00 5.827283e+00 5.459768e+00 5.084417e+00 4.726146e+00 4.411349e+00 4.178298e+00 4.058639e+00 4.024195e+00 7.858155e+00 8.495106e+00 8.312642e+00 0.000000e+00 1.330297e+00 2.005710e+00 2.596154e+00 3.114091e+00 3.562318e+00 4.115397e+00 4.586583e+00 4.983231e+00 5.298244e+00 1.402224e+01 0.000000e+00 0.000000e+00 8.914563e-01 8.215189e-01 8.212612e-01 8.201992e-01 1.512901e+00 2.107420e+00 3.030094e+00 3.053204e+00 2.146647e+00 4.218132e+00 4.185397e+00 4.150524e+00 4.139028e+00 4.127855e+00
3.343806e+00 3.773139e+00 7.133282e+00 3.850826e+00 3.357348e+00 3.041438e+00 3.437327e+00 3.691286e+00 3.383030e+00 3.737150e+00 3.775322e+00 3.806521e+00 3.824734e+00 3.824395e+00 3.809577e+00 3.789301e+00 3.773789e+00 3.774224e+00 3.796597e+00 3.844069e+00 3.903761e+00 3.945957e+00 7.920110e-01 8.163623e-01 1.504570e+00 0.000000e+00 1.287216e+00 1.982043e+00 2.585744e+00 3.374196e+00 4.152158e+00 4.555795e+00 5.045792e+00 5.450836e+00 1.082880e+01 1.919794e+01 9.000000e+20 0.000000e+00 9.018795e-01 8.984723e-01 8.234168e-01 8.218390e-01 2.084827e+00 2.598603e+00 3.382795e+00 3.413362e+00 2.657683e+00 4.332953e+00 4.296998e+00 4.258341e+00 4.236330e+00 4.215307e+00
3.670407e+00 3.351200e+00 3.805820e+00 3.167954e+00 2.794521e+00 3.301766e+00 3.657270e+00 3.223003e+00 3.700164e+00 8.037548e-01 7.220735e+00 1.046620e+01 1.031138e+01 1.660954e+01 2.006463e+01 1.962027e+01 1.910648e+01 1.853407e+01 1.791012e+01 1.723982e+01 1.651436e+01 1.571238e+01 1.484957e+01 1.395676e+01 0.000000e+00 0.000000e+00 8.762172e-01 1.720000e+22 1.700000e+22 2.807980e+00 3.293109e+00 3.705636e+00 4.052872e+00 4.540196e+00 4.948793e+00 1.096839e+01 1.992709e+01 0.000000e+00 9.121729e-01 9.076784e-01 8.332262e-01 1.511676e+00 2.577234e+00 3.020458e+00 3.682128e+00 3.717844e+00 3.092694e+00 4.434051e+00 4.400325e+00 4.361234e+00 4.331337e+00 4.301514e+00
3.090908e+00 3.724288e+00 2.889318e+00 2.465500e+00 3.104918e+00 3.586178e+00 3.010207e+00 3.664104e+00 3.247609e+00 6.394811e+00 3.315976e+00 3.340019e+00 6.563259e+00 3.820880e+00 3.538213e+00 6.957508e+00 6.933615e+00 6.848192e+00 6.712426e+00 6.535223e+00 6.315367e+00 6.045603e+00 5.744587e+00 5.441174e+00 0.000000e+00 4.232839e-01 1.163949e+00 1.833625e+00 2.424957e+00 2.941665e+00 3.389839e+00 3.775730e+00 4.105247e+00 4.383972e+00 4.814534e+00 1.001709e+01 3.085325e+01 0.000000e+00 0.000000e+00 9.253412e-01 1.641560e+00 2.108938e+00 3.005306e+00 3.383789e+00 3.935077e+00 3.973506e+00 3.461718e+00 4.521535e+00 4.491478e+00 4.453938e+00 4.419220e+00 4.381999e+00
3.631728e+00 2.512310e+00 2.030901e+00 2.833587e+00 3.470288e+00 2.729164e+00 3.613599e+00 3.012776e+00 3.046300e+00 3.069449e+00 3.086558e+00 3.106210e+00 3.756753e+00 3.352971e+00 3.368435e+00 3.807699e+00 7.196062e+00 1.054218e+01 1.451781e+01 1.464728e+01 1.454658e+01 1.416478e+01 1.370589e+01 1.319781e+01 0.000000e+00 4.260362e-01 1.165636e+00 1.830080e+00 2.411371e+00 2.913407e+00 3.347970e+00 3.727500e+00 4.056606e+00 4.337884e+00 4.778282e+00 5.143477e+00 1.548130e+01 3.096455e+01 0.000000e+00 1.746208e+00 2.369546e+00 2.634484e+00 3.379738e+00 3.696373e+00 4.146788e+00 4.185667e+00 3.773159e+00 4.596484e+00 4.567595e+00 4.530222e+00 4.492316e+00 4.449131e+00
2.045465e+00 1.483501e+00 2.472049e+00 3.298839e+00 2.371667e+00 3.545355e+00 2.714907e+00 2.745859e+00 2.767845e+00 2.780251e+00 2.790481e+00 3.673838e+00 3.100620e+00 3.122744e+00 3.722637e+00 3.369618e+00 3.405499e+00 3.832936e+00 3.654117e+00 7.245115e+00 7.292756e+00 7.276980e+00 7.207217e+00 7.093022e+00 0.000000e+00 4.274777e-01 1.165382e+00 3.000000e+20 2.396474e+00 2.888749e+00 1.483759e+01 1.562143e+01 1.642550e+01 2.468386e+01 2.772760e+01 2.861246e+01 2.947534e+01 7.597430e+01 0.000000e+00 0.000000e+00 3.022358e+00 3.252408e+00 3.704611e+00 3.962410e+00 4.321509e+00 4.358269e+00 4.031377e+00 4.658195e+00 4.628075e+00 4.589475e+00 4.550191e+00 4.502368e+00
8.229201e-01 2.027881e+00 3.069789e+00 1.928264e+00 3.454534e+00 2.351734e+00 2.378891e+00 2.397193e+00 2.408536e+00 2.414216e+00 3.595125e+00 2.779755e+00 2.808019e+00 3.630462e+00 3.107625e+00 3.136184e+00 3.710627e+00 3.414625e+00 3.473134e+00 3.540831e+00 6.751320e+00 7.720375e+00 8.888205e+00 1.191854e+01 0.000000e+00 9.010678e-01 1.628135e+00 4.073065e+00 7.463145e+00 1.126007e+01 2.717838e+00 5.028411e+00 7.452132e+00 2.253968e+00 2.270437e+00 4.727067e+00 7.334108e+00 8.250100e+00 8.430532e+01 0.000000e+00 0.000000e+00 3.793867e+00 4.176817e+00 4.183977e+00 4.462409e+00 4.494529e+00 4.239076e+00 4.705012e+00 4.673068e+00 4.633714e+00 4.595980e+00 4.545383e+00
1.490640e+00 2.790714e+00 1.398078e+00 3.334884e+00 1.911121e+00 1.939340e+00 1.954057e+00 1.960923e+00 1.962289e+00 3.530081e+00 2.396414e+00 2.422274e+00 3.536016e+00 2.787539e+00 2.811564e+00 3.587803e+00 3.129442e+00 3.180205e+00 3.240517e+00 3.011077e+00 8.453097e-01 8.456133e-01 2.655957e+00 8.601842e-01 0.000000e+00 8.881417e-01 1.618847e+00 2.616757e+00 3.106312e+00 2.185335e+00 1.578967e+00 1.591864e+00 1.605415e+00 1.616711e+00 1.630000e+00 1.647621e+00 1.655143e+00 2.424155e+00 3.053431e+00 8.737684e+01 0.000000e+00 0.000000e+00 4.573253e+00 4.358363e+00 4.570392e+00 4.598156e+00 4.402046e+00 4.738713e+00 4.704778e+00 4.663577e+00 4.626727e+00 4.574232e+00
2.438431e+00 7.755024e-01 3.186342e+00 1.381207e+00 1.408215e+00 1.423474e+00 1.429766e+00 1.426029e+00 3.482419e+00 1.939630e+00 1.963242e+00 3.451894e+00 2.399193e+00 2.419018e+00 3.470367e+00 2.791673e+00 2.835405e+00 2.887831e+00 2.585327e+00 8.436348e-01 1.547757e+00 2.141908e+00 8.464589e-01 1.565696e+00 0.000000e+00 1.336412e+00 2.029424e+00 2.615684e+00 1.570711e+00 8.548397e-01 8.577676e-01 8.631887e-01 8.692739e-01 8.750152e-01 8.825620e-01 8.920476e-01 5.155039e+00 6.826465e+00 7.714586e+00 8.200329e+00 9.555785e+01 0.000000e+00 4.871329e+00 4.695365e+00 4.643577e+00 4.672100e+00 4.526569e+00 4.762369e+00 4.727028e+00 4.680707e+00 4.639210e+00 8.301277e-01
2.742958e+00 3.004057e+00 7.565639e-01 7.710059e-01 7.818209e-01 7.884668e-01 7.880149e-01 3.461697e+00 1.400153e+00 1.415609e+00 3.386536e+00 1.940892e+00 1.952925e+00 3.366972e+00 2.390443e+00 2.428149e+00 2.473275e+00 2.087407e+00 8.416944e-01 1.546603e+00 2.145375e+00 2.649389e+00 3.077586e+00 3.449209e+00 0.000000e+00 1.354107e+00 2.036854e+00 8.550634e-01 8.522206e-01 1.566410e+00 2.177073e+00 2.702168e+00 3.156749e+00 3.553311e+00 3.902012e+00 4.457431e+00 8.914048e-01 8.939806e-01 1.648463e+00 2.390318e+00 2.967081e+00 0.000000e+00 0.000000e+00 4.946200e+00 4.681886e+00 4.717686e+00 4.614719e+00 4.773047e+00 4.736517e+00 4.681706e+00 8.250206e-01 3.067600e+00
3.414191e+00 3.476198e+00 3.498470e+00 3.498448e+00 3.487170e+00 3.474815e+00 3.463861e+00 7.702761e-01 7.718542e-01 3.344577e+00 1.403199e+00 1.410756e+00 3.293420e+00 1.923045e+00 1.952576e+00 1.988850e+00 1.502565e+00 8.387461e-01 1.541728e+00 2.141993e+00 2.653368e+00 3.082530e+00 3.443083e+00 3.750457e+00 0.000000e+00 1.341901e+00 2.021671e+00 2.599128e+00 3.086552e+00 3.495219e+00 3.834157e+00 4.110943e+00 4.335958e+00 4.520369e+00 4.674284e+00 4.807074e+00 5.152424e+00 5.657828e+00 1.131896e+01 1.269622e+01 1.336369e+01 1.372521e+01 0.000000e+00 0.000000e+00 4.930214e+00 4.735455e+00 8.330774e-01 4.764909e+00 4.726508e+00 8.232541e-01 3.068080e+00 2.653461e+00
2.666925e+00 2.903245e+00 3.069375e+00 3.181202e+00 3.253034e+00 3.298718e+00 3.324728e+00 3.332138e+00 3.330151e+00 7.690470e-01 7.743401e-01 3.255152e+00 1.386778e+00 1.403674e+00 1.427327e+00 8.178354e-01 8.294125e-01 1.526132e+00 2.123027e+00 2.634439e+00 3.069597e+00 3.434153e+00 3.737421e+00 3.989980e+00 0.000000e+00 1.332498e+00 2.013846e+00 2.598509e+00 3.096575e+00 3.515207e+00 3.861702e+00 4.142229e+00 4.365489e+00 4.541328e+00 4.681275e+00 4.797092e+00 4.895869e+00 5.210408e+00 8.842055e-01 8.821227e-01 1.616411e+00 2.326525e+00 1.647258e+01 0.000000e+00 5.168303e+00 4.971489e+00 8.288827e-01 8.236836e-01 8.212254e-01 8.282525e-01 2.664021e+00 2.157630e+00
1.870055e+00 2.243693e+00 2.540010e+00 2.771236e+00 2.947263e+00 3.075760e+00 3.163253e+00 3.215256e+00 3.239840e+00 3.246287e+00 3.243930e+00 7.617558e-01 7.686258e-01 7.771452e-01 7.925484e-01 1.454773e+00 2.024132e+00 2.519048e+00 2.947868e+00 3.314889e+00 3.624631e+00 3.880872e+00 8.077006e+00 9.016872e+00 0.000000e+00 1.436724e+00 2.101346e+00 2.681187e+00 3.180566e+00 3.602451e+00 3.951864e+00 4.233208e+00 4.453178e+00 4.619523e+00 4.743226e+00 4.836997e+00 4.910223e+00 4.970897e+00 5.101467e+00 5.344734e+00 5.783010e+00 6.191331e+00 6.478746e+00 0.000000e+00 0.000000e+00 5.136672e+00 8.261932e-01 8.258660e-01 8.244223e-01 3.104141e+00 2.676284e+00 2.158051e+00
7.410873e-01 1.335423e+00 1.823136e+00 2.222976e+00 2.544079e+00 2.789179e+00 2.967536e+00 3.091896e+00 3.168259e+00 3.197930e+00 3.194173e+00 3.177373e+00 3.164995e+00 3.171338e+00 3.209186e+00 3.286266e+00 3.400261e+00 3.543754e+00 3.703090e+00 3.863249e+00 4.012968e+00 4.143826e+00 8.386589e-01 0.000000e+00 0.000000e+00 1.192816e+00 1.893730e+00 2.503470e+00 3.031595e+00 3.482225e+00 3.859737e+00 4.167004e+00 4.409073e+00 4.591717e+00 4.723265e+00 4.814153e+00 4.877473e+00 4.926040e+00 4.967621e+00 5.207003e+00 5.496958e+00 5.796390e+00 6.096857e+00 6.304451e+00 0.000000e+00 0.000000e+00 1.590745e+00 8.314768e-01 8.381843e-01 8.470138e-01 8.541634e-01 1.570855e+00
-9.999000e+03 -9.999000e+03 -9.999000e+03 -9.999000e+03 -9.999000e+03 -9.999000e+03 -9.999000e+03 7.662921e-01 7.600241e-01 7.415980e-01 7.329799e-01 7.406870e-01 1.335471e+00 1.835407e+00 2.263557e+00 2.634242e+00 2.959445e+00 3.249321e+00 3.504873e+00 3.723603e+00 3.905272e+00 4.049317e+00 4.166781e+00 0.000000e+00 4.474689e-01 1.167599e+00 1.819856e+00 2.404542e+00 2.923560e+00 3.377339e+00 3.766372e+00 4.089650e+00 4.348918e+00 4.546443e+00 4.687147e+00 4.778236e+00 4.834649e+00 4.873322e+00 4.903709e+00 4.933444e+00 5.187575e+00 5.579481e+00 5.955555e+00 6.279038e+00 6.486575e+00 0.000000e+00 0.000000e+00 9.084913e-01 8.525119e-01 8.580176e-01 8.606858e-01 8.601630e-01
-9.999000e+03 -9.999000e+03 -9.999000e+03 -9.999000e+03 -9.999000e+03 -9.999000e+03 -9.999000e+03 -9.999000e+03 -9.999000e+03 -9.999000e+03 1.317056e+00 1.313267e+00 7.612676e-01 7.864706e-01 1.435323e+00 1.978578e+00 2.440084e+00 2.839422e+00 3.181081e+00 3.464363e+00 3.693178e+00 3.871799e+00 4.015745e+00 0.000000e+00 4.463386e-01 1.163619e+00 1.811603e+00 2.393144e+00 2.911864e+00 3.541244e+00 3.922104e+00 4.232688e+00 4.482094e+00 4.670728e+00 4.801191e+00 4.878905e+00 4.916493e+00 4.929708e+00 4.931212e+00 4.932797e+00 4.941548e+00 5.178106e+00 5.603723e+00 5.795756e+00 6.112417e+00 6.301469e+00 0.000000e+00 0.000000e+00 8.591314e-01 8.661533e-01 -9.999000e+03 -9.999000e+03
