tests/data/reference/test_implicit_stream_rill_mfda/cvsur_m3.asc
ncols	123
nrows	77
xllcorner	-713746.79929998
yllcorner	-1061022.36961616
cellsize	10.0
NODATA_value	-9999
[rows 23 to 45 of 77, columns 0 to 51 of 123]
-9.999000e+03 -9.999000e+03 -9.999000e+03 -9.999000e+03 -9.999000e+03 -9.999000e+03 -9.999000e+03 -9.999000e+03 -9.999000e+03 -9.999000e+03 -9.999000e+03 -9.999000e+03 -9.999000e+03 -9.999000e+03 6.395762e-01 2.002542e+00 2.298697e+00 1.162547e+00 6.744865e-01 4.317187e-01 3.347690e-01 2.641072e+00 5.845222e-01 6.354959e+00 7.989185e+00 4.457548e+00 8.642537e+00 4.992634e+00 2.664069e+00 4.311596e+00 8.014165e-01 1.467555e+00 2.026100e+00 3.493990e+00 1.341700e+01 4.024564e+00 8.891849e+00 8.188176e-01 8.479856e+00 4.074443e+00 4.081076e+00 4.054910e+00 4.180981e+00 4.081501e+00 4.067146e+00 3.897769e+00 3.939727e+00 4.223450e+00 3.570883e+00 2.636387e+00 2.142927e+00 8.403385e-01
-9.999000e+03 -9.999000e+03 -9.999000e+03 -9.999000e+03 -9.999000e+03 -9.999000e+03 -9.999000e+03 -9.999000e+03 -9.999000e+03 -9.999000e+03 -9.999000e+03 -9.999000e+03 -9.999000e+03 -9.999000e+03 8.656701e-01 5.543975e+00 4.141428e+00 1.237571e+00 6.645064e-01 7.559591e-01 2.355137e+00 4.857673e+00 8.343085e-01 1.199261e+00 6.456230e+00 1.232435e+01 8.402700e+00 5.062195e+00 3.118087e+00 8.685428e-01 4.148711e+00 1.465106e+00 2.023127e+00 2.484529e+00 1.665506e+01 4.042359e+00 8.364782e+00 8.215337e-01 9.135018e+00 4.153662e+00 4.172352e+00 4.167861e+00 4.257916e+00 4.201129e+00 4.189459e+00 4.063748e+00 4.087538e+00 4.279607e+00 3.818810e+00 3.064496e+00 8.412774e-01 2.659361e+00
-9.999000e+03 -9.999000e+03 -9.999000e+03 -9.999000e+03 -9.999000e+03 -9.999000e+03 -9.999000e+03 -9.999000e+03 -9.999000e+03 -9.999000e+03 -9.999000e+03 -9.999000e+03 -9.999000e+03 -9.999000e+03 4.482905e+00 1.105237e+00 7.039238e-01 7.028613e-01 6.958657e-01 3.822878e-01 3.063080e+00 2.791363e+00 5.157191e+00 1.520643e+00 1.793219e+00 6.512280e+00 2.038029e+01 5.090669e+00 3.497526e+00 8.735962e-01 1.605337e+00 4.299691e+00 2.137397e+00 2.472013e+00 2.847951e+00 2.032705e+01 8.122438e-01 7.806483e+00 1.504942e+00 1.305468e+01 4.242733e+00 4.254072e+00 4.324046e+00 4.295743e+00 4.287655e+00 4.196573e+00 4.209937e+00 4.339485e+00 4.026648e+00 3.428417e+00 1.556737e+00 8.509973e-01
-9.999000e+03 -9.999000e+03 -9.999000e+03 -9.999000e+03 -9.999000e+03 -9.999000e+03 -9.999000e+03 -9.999000e+03 -9.999000e+03 -9.999000e+03 -9.999000e+03 -9.999000e+03 7.453579e-01 6.741845e-01 4.150515e+00 1.228564e+00 7.086569e-01 5.049208e-01 3.355233e-01 2.618777e+00 2.333527e+00 5.550365e+00 3.242729e+00 5.507740e+00 2.092339e+00 2.314500e+00 2.644561e+01 5.070463e+00 3.802939e+00 1.601497e+00 8.684314e-01 2.229646e+00 4.423015e+00 2.681020e+00 2.979263e+00 3.138033e+00 1.986036e+01 1.490841e+00 7.217711e+00 2.079410e+00 1.730033e+01 4.316820e+00 4.375118e+00 4.366542e+00 4.364018e+00 4.302569e+00 4.313374e+00 4.403985e+00 4.202697e+00 3.739060e+00 2.177689e+00 8.549364e-01
-9.999000e+03 -9.999000e+03 -9.999000e+03 -9.999000e+03 -9.999000e+03 -9.999000e+03 -9.999000e+03 -9.999000e+03 -9.999000e+03 -9.999000e+03 -9.999000e+03 -9.999000e+03 -9.999000e+03 7.368833e-01 1.142062e+00 1.086300e+00 5.740324e-01 2.993427e-01 2.720902e+00 2.633763e+00 2.798466e+00 2.963978e+00 8.550367e+00 1.169492e+01 1.698482e+01 1.875058e+01 2.065816e+01 2.587052e+01 4.992586e+00 4.033888e+00 2.208556e+00 1.589863e+00 2.738983e+00 4.510251e+00 3.118143e+00 3.401446e+00 3.570191e+00 1.988883e+01 2.063001e+00 6.606999e+00 1.953312e+01 4.357613e+00 4.408249e+00 4.414617e+00 4.421510e+00 4.388588e+00 4.404907e+00 4.474032e+00 4.354465e+00 4.005295e+00 2.714848e+00 1.583044e+00
-9.999000e+03 -9.999000e+03 -9.999000e+03 -9.999000e+03 -9.999000e+03 -9.999000e+03 -9.999000e+03 -9.999000e+03 -9.999000e+03 -9.999000e+03 -9.999000e+03 -9.999000e+03 -9.999000e+03 -9.999000e+03 -9.999000e+03 6.437155e-01 1.811193e-01 1.912498e+00 3.790115e+00 4.174142e+00 4.520751e+00 4.703378e+00 4.776419e+00 4.776183e+00 4.722098e+00 4.628541e+00 4.497756e+00 2.463863e+01 4.975102e+01 4.878238e+00 4.196406e+00 2.691986e+00 2.167807e+00 3.130588e+00 4.569577e+00 3.489138e+00 3.758380e+00 3.922124e+00 1.963775e+01 2.679121e+00 2.620068e+01 4.381296e+00 4.428974e+00 4.448770e+00 4.468037e+00 4.462652e+00 4.489089e+00 4.547782e+00 4.486116e+00 4.232871e+00 3.177544e+00 2.213546e+00
-9.999000e+03 -9.999000e+03 -9.999000e+03 -9.999000e+03 -9.999000e+03 -9.999000e+03 -9.999000e+03 -9.999000e+03 -9.999000e+03 -9.999000e+03 -9.999000e+03 -9.999000e+03 -9.999000e+03 -9.999000e+03 -9.999000e+03 -9.999000e+03 2.858290e-01 2.378297e+00 2.758091e+00 3.127483e+00 3.371089e+00 3.514488e+00 3.588883e+00 3.622023e+00 3.634260e+00 3.644815e+00 3.658140e+00 3.667107e+00 3.676912e+00 5.283632e+01 5.713894e+01 6.067114e+01 3.052653e+00 2.617536e+00 3.435173e+00 4.614714e+00 8.116356e+00 1.182015e+01 4.196535e+00 1.931473e+01 3.198577e+00 3.051206e+01 4.447493e+00 4.481023e+00 4.513524e+00 4.532042e+00 4.569110e+00 4.622546e+00 4.600247e+00 4.425964e+00 3.572709e+00 2.752824e+00
-9.999000e+03 -9.999000e+03 -9.999000e+03 -9.999000e+03 -9.999000e+03 -9.999000e+03 -9.999000e+03 -9.999000e+03 -9.999000e+03 -9.999000e+03 -9.999000e+03 -9.999000e+03 -9.999000e+03 -9.999000e+03 -9.999000e+03 -9.999000e+03 1.914814e+00 1.629201e+00 1.920015e+00 2.206471e+00 2.456123e+00 2.475087e+01 2.389364e+01 2.300714e+01 2.209496e+01 2.115308e+01 2.016960e+01 1.912447e+01 1.801669e+01 1.686031e+01 1.564787e+01 1.437083e+01 7.378357e+01 7.530680e+01 7.627907e+01 7.875011e+01 7.780798e+01 7.684610e+01 8.772101e+01 9.096273e+01 1.092173e+02 1.113851e+02 3.475090e+01 4.739450e+00 4.789756e+00 4.584342e+00 4.634411e+00 4.688055e+00 4.694077e+00 4.584233e+00 3.901624e+00 3.203395e+00
-9.999000e+03 -9.999000e+03 -9.999000e+03 -9.999000e+03 -9.999000e+03 -9.999000e+03 -9.999000e+03 -9.999000e+03 -9.999000e+03 -9.999000e+03 -9.999000e+03 -9.999000e+03 -9.999000e+03 -9.999000e+03 -9.999000e+03 1.914872e+00 1.591286e+00 1.832669e+00 1.575144e+01 1.800492e+01 2.308895e+01 3.021109e+00 6.006237e+00 8.988366e+00 8.821215e+00 1.485502e+01 1.770428e+01 2.056689e+01 2.004836e+01 1.948248e+01 1.887566e+01 1.821447e+01 1.748214e+01 1.665854e+01 1.574855e+01 1.477438e+01 4.678365e+01 4.796483e+01 4.969382e+01 5.256264e+01 5.543093e+01 5.830768e+01 1.686216e+02 2.021039e+02 2.056287e+02 4.986565e+00 9.403786e+00 4.728179e+00 4.761383e+00 4.703691e+00 4.160536e+00 3.561768e+00
-9.999000e+03 -9.999000e+03 -9.999000e+03 -9.999000e+03 -9.999000e+03 -9.999000e+03 -9.999000e+03 -9.999000e+03 -9.999000e+03 -9.999000e+03 -9.999000e+03 -9.999000e+03 -9.999000e+03 -9.999000e+03 1.911005e+00 3.787215e+00 1.232885e+01 1.460902e+01 2.657716e+00 5.785225e+00 2.809099e+00 2.930855e+00 3.051586e+00 3.274552e+00 6.301963e+00 3.206814e+00 3.303267e+00 3.113742e+00 3.192380e+00 3.488060e+00 3.726009e+00 1.568326e+01 1.855539e+01 2.148115e+01 2.437324e+01 3.309440e+01 2.030845e+00 2.528911e+00 3.697032e+00 3.633197e+00 3.539793e+00 3.582139e+00 7.627227e+00 1.117006e+01 1.463077e+01 2.191442e+02 2.229221e+02 2.311395e+02 4.974030e+00 9.658301e+00 4.327956e+00 3.812484e+00
-9.999000e+03 -9.999000e+03 -9.999000e+03 -9.999000e+03 -9.999000e+03 -9.999000e+03 -9.999000e+03 -9.999000e+03 -9.999000e+03 -9.999000e+03 -9.999000e+03 -9.999000e+03 -9.999000e+03 -9.999000e+03 1.913789e+00 9.164807e+00 2.851876e+00 2.617600e+00 6.887259e+00 2.509772e+00 2.645264e+00 2.781972e+00 3.061363e+00 2.929405e+00 2.925665e+00 3.049227e+00 3.038183e+00 3.101943e+00 6.153212e+00 9.180124e+00 1.204028e+01 3.104330e+00 3.296362e+00 3.369978e+00 9.296833e+00 1.421571e+00 1.968368e+00 3.341199e+00 3.218477e+00 3.075793e+00 3.113257e+00 3.767555e+00 3.387733e+00 3.433793e+00 3.609278e+00 7.138707e+00 1.019114e+01 1.323510e+01 2.461630e+02 2.498947e+02 2.581680e+02 4.565994e+00
-9.999000e+03 -9.999000e+03 -9.999000e+03 -9.999000e+03 -9.999000e+03 -9.999000e+03 -9.999000e+03 -9.999000e+03 -9.999000e+03 -9.999000e+03 -9.999000e+03 -9.999000e+03 -9.999000e+03 3.784281e+00 8.418348e+00 2.890438e+00 2.551201e+00 7.967322e+00 2.326059e+00 2.507959e+00 2.689821e+00 2.788796e+00 2.857808e+00 2.822554e+00 3.028493e+00 2.965752e+00 3.012085e+00 3.083703e+00 3.169980e+00 3.109108e+00 2.890752e+00 3.167485e+00 3.280787e+00 9.523929e+00 7.903670e-01 1.444197e+00 3.165216e+00 2.970011e+00 2.757377e+00 2.777307e+00 3.346133e+00 2.852550e+00 2.895264e+00 3.101924e+00 3.151197e+00 2.783171e+00 2.889504e+00 2.897022e+00 2.895960e+00 5.713995e+00 8.340065e+00 2.651587e+02
-9.999000e+03 -9.999000e+03 -9.999000e+03 -9.999000e+03 -9.999000e+03 -9.999000e+03 -9.999000e+03 -9.999000e+03 -9.999000e+03 -9.999000e+03 -9.999000e+03 -9.999000e+03 1.910195e+00 5.665654e+00 2.930995e+00 2.495418e+00 9.022147e+00 2.058672e+00 2.304150e+00 2.560516e+00 2.694716e+00 2.782142e+00 2.700965e+00 3.039883e+00 2.892513e+00 2.931399e+00 2.986175e+00 3.061368e+00 2.915589e+00 2.603817e+00 2.981855e+00 3.148659e+00 7.666395e+00 1.970409e+00 7.940947e-01 2.946337e+00 2.667480e+00 2.380715e+00 2.386071e+00 3.107963e+00 2.432036e+00 2.463457e+00 2.500501e+00 2.547750e+00 2.118185e+00 2.250959e+00 2.261161e+00 2.274032e+00 2.362123e+00 2.343017e+00 4.495171e+00 7.013708e+00
-9.999000e+03 -9.999000e+03 -9.999000e+03 -9.999000e+03 -9.999000e+03 -9.999000e+03 -9.999000e+03 -9.999000e+03 -9.999000e+03 -9.999000e+03 -9.999000e+03 -9.999000e+03 3.784769e+00 2.970175e+00 2.477305e+00 1.006698e+01 1.707894e+00 2.024890e+00 2.376113e+00 2.563250e+00 2.686641e+00 2.548190e+00 3.107890e+00 2.818742e+00 2.854850e+00 2.902628e+00 2.965235e+00 2.691207e+00 2.251934e+00 2.748967e+00 2.988556e+00 6.890293e+00 7.975772e-01 1.430978e+00 2.688731e+00 2.303445e+00 1.931831e+00 1.925764e+00 2.844382e+00 1.945661e+00 1.966555e+00 1.996777e+00 2.041440e+00 1.518499e+00 1.518947e+00 1.525351e+00 1.534626e+00 1.649905e+00 1.650094e+00 4.182350e+00 2.299347e+00 2.268134e+00
-9.999000e+03 -9.999000e+03 -9.999000e+03 -9.999000e+03 -9.999000e+03 -9.999000e+03 -9.999000e+03 -9.999000e+03 -9.999000e+03 -9.999000e+03 -9.999000e+03 1.905472e+00 3.051518e+00 2.507297e+00 1.110262e+01 1.261924e+00 1.666030e+00 2.137499e+00 2.390912e+00 2.559779e+00 2.334969e+00 3.230841e+00 2.737755e+00 2.776676e+00 2.826276e+00 2.887127e+00 2.437746e+00 1.836559e+00 2.480829e+00 2.815490e+00 2.445585e+00 4.374605e+00 7.809656e-01 2.390983e+00 1.871697e+00 1.402572e+00 1.391145e+00 2.557673e+00 1.390924e+00 1.399626e+00 1.417597e+00 1.455326e+00 8.246129e-01 8.231616e-01 8.248592e-01 8.293759e-01 8.328855e-01 8.356438e-01 3.779970e+00 1.618450e+00 1.604610e+00 1.601270e+00
-9.999000e+03 -9.999000e+03 -9.999000e+03 -9.999000e+03 -9.999000e+03 -9.999000e+03 -9.999000e+03 -9.999000e+03 -9.999000e+03 -9.999000e+03 1.903765e+00 3.781334e+00 2.597254e+00 1.213890e+01 6.981604e-01 1.217514e+00 1.847762e+00 2.187810e+00 2.414580e+00 2.045189e+00 3.396605e+00 2.637862e+00 2.686437e+00 2.746699e+00 2.814292e+00 2.142721e+00 1.345261e+00 2.170261e+00 2.631120e+00 2.132981e+00 2.103411e+00 2.070064e+00 2.051216e+00 1.355589e+00 7.744950e-01 7.633498e-01 2.238188e+00 7.567717e-01 7.581894e-01 7.621509e-01 7.804246e-01 8.079224e-01 1.486185e+00 2.056200e+00 2.533309e+00 2.933636e+00 3.268460e+00 3.546496e+00 8.254974e-01 8.177119e-01 8.174978e-01 9.020801e-01
-9.999000e+03 -9.999000e+03 -9.999000e+03 -9.999000e+03 -9.999000e+03 -9.999000e+03 -9.999000e+03 -9.999000e+03 -9.999000e+03 -9.999000e+03 1.901193e+00 2.729354e+00 1.202640e+01 1.149729e+00 6.694212e-01 1.511264e+00 1.965245e+00 2.270778e+00 1.678069e+00 3.590686e+00 2.528184e+00 2.586483e+00 2.661978e+00 2.739583e+00 1.775681e+00 7.475252e-01 1.793959e+00 2.412132e+00 1.767231e+00 1.737555e+00 1.700048e+00 1.672690e+00 7.374761e-01 7.630261e-01 1.379308e+00 1.859924e+00 7.433888e-01 1.321655e+00 1.778400e+00 2.146001e+00 7.768780e-01 8.056556e-01 1.479952e+00 2.043002e+00 2.509525e+00 2.895983e+00 3.216442e+00 3.482375e+00 3.697937e+00 3.862911e+00 3.987048e+00 4.085587e+00
-9.999000e+03 -9.999000e+03 -9.999000e+03 -9.999000e+03 -9.999000e+03 -9.999000e+03 -9.999000e+03 -9.999000e+03 -9.999000e+03 1.901465e+00 2.914149e+00 1.160137e+01 1.441549e+00 6.593343e-01 1.128752e+00 1.733001e+00 2.145801e+00 1.226841e+00 3.798594e+00 2.423273e+00 2.486879e+00 2.578618e+00 2.660867e+00 1.317468e+00 7.421619e-01 1.325816e+00 2.135451e+00 1.309677e+00 1.294753e+00 1.262173e+00 1.233901e+00 7.191651e-01 1.295451e+00 1.779064e+00 2.178428e+00 2.490766e+00 2.723457e+00 2.887196e+00 7.565828e-01 7.748357e-01 2.481832e+00 1.441305e+00 2.003616e+00 2.465921e+00 2.839652e+00 3.139459e+00 3.382073e+00 3.583236e+00 3.749168e+00 3.881802e+00 3.984402e+00 4.061686e+00
-9.999000e+03 -9.999000e+03 -9.999000e+03 -9.999000e+03 -9.999000e+03 -9.999000e+03 -9.999000e+03 -9.999000e+03 -9.999000e+03 1.904961e+00 1.066540e+01 1.918155e+00 1.109240e+00 6.519369e-01 1.473315e+00 2.042765e+00 6.810488e-01 4.006314e+00 2.343147e+00 2.402373e+00 2.509089e+00 2.577901e+00 7.368770e-01 7.440657e-01 1.329254e+00 1.782263e+00 7.327716e-01 7.294037e-01 7.178192e-01 6.946969e-01 6.961705e-01 1.256899e+00 1.723697e+00 2.118621e+00 2.448718e+00 2.715117e+00 2.921844e+00 7.636599e-01 3.023597e+00 1.396116e+00 1.430215e+00 2.786820e+00 3.052185e+00 3.269285e+00 3.440604e+00 3.575485e+00 3.683649e+00 3.774468e+00 3.852341e+00 3.919907e+00 7.660858e+01 7.963627e+01
-9.999000e+03 -9.999000e+03 -9.999000e+03 -9.999000e+03 -9.999000e+03 -9.999000e+03 -9.999000e+03 -9.999000e+03 3.783328e+00 3.026522e+00 8.484423e+00 1.774787e+00 6.455800e-01 1.125505e+00 1.928568e+00 2.093816e+00 4.195375e+00 2.297867e+00 2.348945e+00 2.476749e+00 2.495475e+00 1.296780e+00 1.750725e+00 2.114630e+00 2.397580e+00 1.385302e+01 1.561094e+01 1.486592e+01 1.404659e+01 1.315029e+01 1.219847e+01 1.121908e+01 1.021525e+01 9.186240e+00 8.127618e+00 7.035911e+00 5.918078e+00 7.722310e+00 7.434746e+00 9.740207e+00 1.084564e+01 1.195258e+01 1.155843e+01 1.109480e+01 1.058313e+01 1.004024e+01 9.467599e+00 8.860947e+00 8.219701e+00 7.451296e+01 3.981408e+00 3.968246e+00
-9.999000e+03 -9.999000e+03 -9.999000e+03 -9.999000e+03 -9.999000e+03 -9.999000e+03 -9.999000e+03 1.903439e+00 3.783126e+00 8.053990e+00 1.184797e+00 1.525319e+00 6.529263e-01 1.758716e+00 1.982366e+00 2.216543e+00 2.279306e+00 2.331158e+00 2.507524e+00 2.415950e+00 7.264612e-01 7.322805e-01 1.310534e+00 1.036240e+01 1.202436e+01 2.416531e+00 1.787475e+00 2.136234e+00 2.389655e+00 2.551905e+00 2.659779e+00 2.755258e+00 2.852754e+00 2.957478e+00 3.066460e+00 3.170982e+00 3.261885e+00 3.331274e+00 3.386262e+00 3.440212e+00 3.493254e+00 3.539931e+00 3.578857e+00 3.609958e+00 3.636961e+00 3.665526e+00 3.692157e+00 3.709060e+00 6.741842e+01 4.007131e+00 3.992750e+00 3.972427e+00
-9.999000e+03 -9.999000e+03 -9.999000e+03 -9.999000e+03 -9.999000e+03 -9.999000e+03 -9.999000e+03 1.900439e+00 7.863815e-01 7.972568e+00 6.770972e-01 1.158580e+00 1.515425e+00 1.810348e+00 2.148786e+00 2.242280e+00 2.325262e+00 2.620653e+00 2.339859e+00 2.440049e+00 4.812181e+00 7.141429e+00 9.445019e+00 2.135658e+00 2.143063e+00 1.331385e+00 7.475837e-01 1.335604e+00 1.793558e+00 2.133169e+00 2.389717e+00 2.601069e+00 2.780708e+00 2.934277e+00 3.064015e+00 3.169709e+00 3.908854e+01 4.129836e+01 4.351919e+01 4.575529e+01 4.800575e+01 5.026763e+01 5.289387e+01 5.158326e+01 5.012897e+01 4.843015e+01 6.218708e+01 6.517961e+01 4.036132e+00 4.020620e+00 3.997958e+00 3.973918e+00
-9.999000e+03 -9.999000e+03 -9.999000e+03 -9.999000e+03 -9.999000e+03 -9.999000e+03 -9.999000e+03 2.286984e-01 6.877381e+00 1.757586e+00 6.575163e-01 1.155842e+00 1.556486e+00 2.030364e+00 2.164444e+00 2.287177e+00 2.799898e+00 2.253680e+00 2.348327e+00 2.429684e+00 2.517273e+00 2.611272e+00 1.780394e+00 1.784599e+00 7.408748e-01 7.506255e-01 1.347198e+00 1.817846e+00 2.180968e+00 2.451930e+00 2.653980e+00 2.812092e+00 2.938109e+00 3.271275e+01 3.493830e+01 3.717340e+01 3.513506e+00 3.568841e+00 3.620268e+00 3.671978e+00 3.726153e+00 3.793641e+00 3.848791e+00 7.636052e+00 1.136715e+01 1.503770e+01 4.041717e+00 4.050673e+00 4.044306e+00 4.024543e+00 4.003850e+00 3.972930e+00
