tests/data/reference/test_implicit_stream_rill_mfda/cvsur_m3.asc
ncols	123
nrows	77
xllcorner	-713746.79929998
yllcorner	-1061022.36961616
cellsize	10.0
NODATA_value	-9999
[rows 23 to 45 of 77, columns 52 to 103 of 123]
1.549192e+00 3.063558e+00 3.404737e+00 3.858558e+00 4.025152e+00 4.252974e+00 4.213173e+00 3.972227e+00 3.967182e+00 3.717718e+00 3.407694e+00 3.388683e+00 3.365802e+00 3.338689e+00 3.304754e+00 4.187766e+00 1.446049e+01 6.362349e+00 3.144851e+00 3.046424e+00 2.595378e+00 2.314920e+00 1.950155e+00 2.289758e+00 7.923418e-01 1.403971e+00 3.267990e+01 9.019810e+00 8.765366e+00 2.417002e+00 1.973198e+00 1.423420e+00 7.766812e-01 7.465385e-01 -9.999000e+03 -9.999000e+03 -9.999000e+03 -9.999000e+03 -9.999000e+03 -9.999000e+03 -9.999000e+03 -9.999000e+03 -9.999000e+03 -9.999000e+03 -9.999000e+03 -9.999000e+03 -9.999000e+03 -9.999000e+03 -9.999000e+03 -9.999000e+03 -9.999000e+03 -9.999000e+03
1.557071e+00 2.165926e+00 3.438904e+00 3.718482e+00 4.081796e+00 4.213370e+00 4.381700e+00 4.356969e+00 4.165739e+00 4.156907e+00 3.951065e+00 3.693784e+00 3.671295e+00 3.640133e+00 3.599718e+00 3.547538e+00 1.829393e+01 6.038403e+00 3.298852e+00 3.228945e+00 2.910955e+00 2.704415e+00 2.419548e+00 2.676739e+00 1.456589e+00 1.939249e+00 7.789963e-01 3.113090e+01 8.515512e+00 8.615259e+00 4.645598e+00 1.952689e+00 1.415543e+00 1.361317e+00 7.361277e-01 -9.999000e+03 -9.999000e+03 -9.999000e+03 -9.999000e+03 -9.999000e+03 -9.999000e+03 -9.999000e+03 -9.999000e+03 -9.999000e+03 -9.999000e+03 -9.999000e+03 -9.999000e+03 -9.999000e+03 -9.999000e+03 -9.999000e+03 -9.999000e+03 -9.999000e+03
3.106095e+00 2.177122e+00 2.694008e+00 3.753935e+00 3.976757e+00 4.260174e+00 4.359068e+00 4.480386e+00 4.466142e+00 4.318210e+00 4.306502e+00 4.136839e+00 3.919913e+00 3.886535e+00 3.843886e+00 3.792095e+00 2.140274e+01 5.698998e+00 3.438258e+00 3.398059e+00 3.186385e+00 3.041342e+00 2.821263e+00 3.012492e+00 2.022476e+00 2.397910e+00 1.436445e+00 2.955684e+01 7.862146e-01 7.975135e+00 1.300524e+01 2.357156e+00 1.938002e+00 1.888701e+00 1.369936e+00 7.673281e-01 7.430195e-01 7.406569e-01 -9.999000e+03 -9.999000e+03 -9.999000e+03 -9.999000e+03 -9.999000e+03 -9.999000e+03 -9.999000e+03 -9.999000e+03 -9.999000e+03 -9.999000e+03 -9.999000e+03 -9.999000e+03 -9.999000e+03 -9.999000e+03
1.575168e+00 3.488221e+00 2.706313e+00 3.137714e+00 4.008073e+00 4.179225e+00 4.395062e+00 4.469621e+00 4.557644e+00 4.550055e+00 4.435736e+00 4.418076e+00 4.273981e+00 4.087419e+00 4.043962e+00 3.992331e+00 2.508704e+01 5.348258e+00 3.562843e+00 3.550688e+00 3.421306e+00 3.326155e+00 3.158531e+00 3.298520e+00 2.501327e+00 2.792286e+00 2.003146e+00 2.796258e+01 1.449162e+00 7.407988e+00 1.264571e+01 2.668199e+00 2.358194e+00 2.329699e+00 1.909039e+00 1.405357e+00 1.352507e+00 7.505032e-01 1.330486e+00 7.377113e-01 -9.999000e+03 -9.999000e+03 -9.999000e+03 -9.999000e+03 -9.999000e+03 -9.999000e+03 -9.999000e+03 -9.999000e+03 -9.999000e+03 -9.999000e+03 -9.999000e+03 -9.999000e+03
2.202576e+00 8.525393e-01 3.805707e+00 3.144735e+00 3.497875e+00 4.205453e+00 4.335974e+00 4.499783e+00 4.555373e+00 4.616926e+00 4.610447e+00 4.519001e+00 4.494292e+00 4.371016e+00 4.209153e+00 4.153108e+00 2.899004e+01 4.990774e+00 3.666615e+00 3.679388e+00 3.610912e+00 3.554774e+00 3.430068e+00 3.532975e+00 2.900699e+00 3.128641e+00 2.489627e+00 2.634602e+01 2.019878e+00 6.828626e+00 1.223766e+01 2.928032e+00 2.692487e+00 2.675453e+00 2.340802e+00 1.925290e+00 7.715052e-01 7.579650e-01 1.344037e+00 1.793043e+00 1.314361e+00 1.913120e+00 -9.999000e+03 -9.999000e+03 -9.999000e+03 -9.999000e+03 -9.999000e+03 -9.999000e+03 -9.999000e+03 -9.999000e+03 -9.999000e+03 -9.999000e+03
2.740201e+00 1.571665e+00 4.064082e+00 3.504261e+00 8.333872e-01 3.788490e+00 4.359023e+00 4.458557e+00 4.580363e+00 4.619852e+00 4.659216e+00 4.649273e+00 4.573634e+00 4.541051e+00 4.430274e+00 4.282084e+00 3.311714e+01 4.649189e+00 3.754527e+00 3.788740e+00 3.764521e+00 3.737912e+00 3.647346e+00 3.723067e+00 3.231448e+00 3.413827e+00 2.905903e+00 2.470130e+01 2.509447e+00 6.240500e+00 1.179766e+01 3.150471e+00 2.960150e+00 2.940777e+00 2.675360e+00 2.338708e+00 1.393083e+00 1.368016e+00 7.569915e-01 1.817644e+00 0.000000e+00 5.097393e+00 1.905519e+00 1.900702e+00 -9.999000e+03 -9.999000e+03 -9.999000e+03 -9.999000e+03 -9.999000e+03 -9.999000e+03 -9.999000e+03 -9.999000e+03
3.194072e+00 2.184578e+00 4.268404e+00 3.796301e+00 8.353751e-01 1.533382e+00 4.021694e+00 4.478152e+00 4.554452e+00 4.642488e+00 4.667001e+00 4.686144e+00 4.667944e+00 4.597525e+00 4.550734e+00 4.444545e+00 4.311374e+00 3.780431e+01 3.836442e+00 3.889175e+00 3.897207e+00 3.891946e+00 3.826518e+00 3.879724e+00 3.504668e+00 3.653945e+00 3.259324e+00 2.301777e+01 2.924706e+00 5.648306e+00 1.132463e+01 3.343261e+00 3.181553e+00 3.151114e+00 2.933342e+00 2.658185e+00 1.890996e+00 1.861847e+00 1.367826e+00 0.000000e+00 0.000000e+00 5.206750e+00 2.232917e+00 6.446206e-01 1.897082e+00 -9.999000e+03 -9.999000e+03 -9.999000e+03 -9.999000e+03 -9.999000e+03 -9.999000e+03 -9.999000e+03
3.565496e+00 2.695567e+00 4.422214e+00 4.029230e+00 1.536875e+00 8.360793e-01 2.131381e+00 4.211324e+00 4.571224e+00 4.625934e+00 4.683526e+00 4.691284e+00 4.689319e+00 4.656845e+00 4.585024e+00 4.529671e+00 4.436017e+00 4.325824e+00 4.143508e+01 3.986794e+00 4.015853e+00 4.023381e+00 3.974654e+00 4.009018e+00 3.729707e+00 3.855162e+00 3.556335e+00 2.128510e+01 3.274008e+00 5.073445e+00 1.081828e+01 3.515978e+00 3.372019e+00 3.326402e+00 7.866290e-01 7.765556e-01 2.293890e+00 2.266590e+00 0.000000e+00 0.000000e+00 1.243986e+00 5.286073e+00 2.508930e+00 1.152350e+00 6.580424e-01 1.895937e+00 -9.999000e+03 -9.999000e+03 -9.999000e+03 -9.999000e+03 -9.999000e+03 -9.999000e+03
3.850911e+00 3.107521e+00 4.527935e+00 4.209369e+00 2.133989e+00 1.539952e+00 8.408064e-01 2.644106e+00 4.360690e+00 4.632333e+00 4.663719e+00 4.690986e+00 4.680229e+00 4.660530e+00 4.621881e+00 4.558626e+00 4.506675e+00 4.431115e+00 4.562861e+01 4.085518e+00 4.123870e+00 4.135175e+00 4.095751e+00 4.115309e+00 3.914822e+00 4.022934e+00 3.801879e+00 1.950723e+01 3.565059e+00 4.568186e+00 1.027874e+01 3.677071e+00 3.543509e+00 8.129085e-01 8.009186e-01 7.899435e-01 2.632497e+00 0.000000e+00 0.000000e+00 1.074990e+00 1.747742e+00 5.233732e+00 2.652796e+00 1.521898e+00 1.162573e+00 6.829543e-01 6.628143e-01 -9.999000e+03 -9.999000e+03 -9.999000e+03 -9.999000e+03 -9.999000e+03
4.040276e+00 3.417971e+00 4.581831e+00 4.334080e+00 8.270621e-01 2.634770e+00 2.139264e+00 1.544918e+00 3.069345e+00 4.464442e+00 4.659576e+00 4.668634e+00 4.672120e+00 4.650780e+00 4.624981e+00 4.589241e+00 4.537821e+00 4.493307e+00 5.004383e+01 4.179891e+00 4.218309e+00 4.227462e+00 4.193293e+00 4.203086e+00 4.066901e+00 4.161508e+00 4.000357e+00 1.772123e+01 3.800751e+00 4.256254e+00 9.700219e+00 3.824817e+00 8.245903e-01 8.203551e-01 8.113500e-01 8.016717e-01 0.000000e+00 0.000000e+00 1.131015e+00 1.671362e+00 2.159100e+00 5.113390e+00 7.197152e-01 6.971017e-01 1.564025e+00 1.225837e+00 1.204986e+00 6.797767e-01 1.896504e+00 -9.999000e+03 -9.999000e+03 -9.999000e+03
3.936686e+00 4.135285e+00 3.633891e+00 4.583878e+00 4.404110e+00 1.507304e+00 3.043985e+00 2.635631e+00 2.135432e+00 3.416789e+00 4.535278e+00 4.669436e+00 4.664551e+00 4.653531e+00 4.626648e+00 4.598535e+00 4.565642e+00 4.522684e+00 4.482024e+00 5.392676e+01 4.291898e+00 4.298161e+00 4.270091e+00 4.276651e+00 4.191915e+00 4.274198e+00 4.155367e+00 1.595287e+01 3.981018e+00 4.214427e+00 9.074430e+00 8.237508e-01 8.214389e-01 8.203358e-01 0.000000e+00 0.000000e+00 0.000000e+00 8.524757e-01 1.754676e+00 2.156663e+00 2.504672e+00 7.724770e-01 7.589063e-01 1.274022e+00 1.897994e+00 1.642101e+00 1.609078e+00 6.970626e-01 6.809780e-01 1.902125e+00 -9.999000e+03 -9.999000e+03
2.683263e+02 2.708701e+02 4.384622e+00 3.977115e+00 4.549044e+00 4.436033e+00 2.080309e+00 3.378788e+00 3.050138e+00 2.636163e+00 3.706664e+00 4.589897e+00 4.678420e+00 4.664649e+00 4.643377e+00 4.611623e+00 4.579629e+00 4.545472e+00 4.503860e+00 5.985887e+01 4.338771e+00 4.342502e+00 4.323469e+00 4.333148e+00 4.288368e+00 4.357736e+00 4.265036e+00 1.417342e+01 4.108083e+00 4.246067e+00 8.400367e+00 8.220170e-01 8.217118e-01 0.000000e+00 0.000000e+00 1.333631e+00 8.637288e-01 1.517718e+00 2.263093e+00 2.562438e+00 7.923833e-01 7.857949e-01 7.771210e-01 1.759666e+00 2.185591e+00 1.977926e+00 7.170027e-01 7.187595e-01 7.200323e-01 2.253229e+00 6.726978e-01 1.902625e+00
9.389848e+00 9.390932e+00 2.789858e+02 4.567540e+00 4.250133e+00 4.762700e+00 4.702070e+00 2.718967e+00 3.855066e+00 3.584233e+00 3.232829e+00 4.160419e+00 4.891809e+00 4.953983e+00 4.934233e+00 4.903531e+00 4.862026e+00 4.819510e+00 4.775076e+00 4.724265e+00 6.397677e+01 4.592573e+00 4.586001e+00 4.605741e+00 4.349242e+00 4.403674e+00 4.323237e+00 1.244793e+01 4.184186e+00 4.271897e+00 7.681946e+00 8.228720e-01 0.000000e+00 0.000000e+00 1.172727e+00 1.971328e+00 1.534694e+00 2.075935e+00 2.688372e+00 8.081342e-01 8.015081e-01 7.934174e-01 7.846172e-01 7.726947e-01 2.440077e+00 2.270074e+00 7.530576e-01 1.310919e+00 1.306676e+00 2.595971e+00 7.185222e-01 2.253326e+00
8.773091e-01 1.624446e+00 2.263437e+00 2.800451e+02 2.834577e+02 2.865620e+02 2.901973e+02 4.919231e+00 3.262601e+00 4.251120e+00 4.029983e+00 3.734543e+00 4.534649e+00 5.133206e+00 1.001743e+01 5.106164e+00 5.052177e+00 4.997676e+00 4.941146e+00 4.879064e+00 8.632510e-01 6.410763e+01 9.278172e+00 4.814505e+00 4.611871e+00 4.647972e+00 4.330896e+00 1.073420e+01 4.217859e+00 4.281308e+00 6.930268e+00 0.000000e+00 0.000000e+00 8.227819e-01 1.836019e+00 2.479656e+00 2.095996e+00 2.542028e+00 3.039939e+00 8.129757e-01 8.077879e-01 7.994909e-01 7.910086e-01 7.807909e-01 2.664808e+00 2.522169e+00 1.362074e+00 1.799463e+00 1.789822e+00 2.850330e+00 1.306361e+00 2.601292e+00
2.274162e+00 2.859899e+00 3.361916e+00 3.770001e+00 4.103043e+00 4.390071e+00 4.634846e+00 2.937410e+02 2.975208e+02 2.996050e+02 3.026664e+02 3.054677e+02 3.079888e+02 3.112712e+02 3.151440e+02 3.238283e+02 3.276610e+02 5.150024e+00 5.098927e+00 5.043675e+00 4.986410e+00 1.604041e+00 7.349043e+01 4.973601e+00 4.799564e+00 4.809610e+00 4.536321e+00 9.043569e+00 4.221220e+00 4.278798e+00 0.000000e+00 0.000000e+00 8.290924e-01 8.253079e-01 2.372128e+00 2.902105e+00 2.564294e+00 2.927293e+00 3.326616e+00 8.145552e-01 8.111376e-01 8.038019e-01 7.963375e-01 7.872169e-01 7.759629e-01 7.645267e-01 1.845338e+00 2.185722e+00 2.178418e+00 3.039426e+00 1.799527e+00 2.867718e+00
1.681370e+00 2.366225e+00 2.957072e+00 9.185913e+01 9.524549e+01 9.858958e+01 1.020524e+02 1.055313e+02 1.090863e+02 1.126864e+02 1.162981e+02 1.199711e+02 1.239185e+02 1.276775e+02 1.314842e+02 1.353602e+02 1.349436e+02 4.612219e+02 4.648266e+02 5.130255e+00 5.090692e+00 5.056109e+00 7.528694e+01 5.076115e+00 4.916257e+00 4.900549e+00 4.665346e+00 7.916984e+00 4.205322e+00 0.000000e+00 0.000000e+00 8.286897e-01 8.305887e-01 8.268664e-01 2.821536e+00 3.249490e+00 2.953806e+00 3.245193e+00 8.183113e-01 8.184007e-01 8.157389e-01 8.086927e-01 8.010940e-01 7.930393e-01 7.833615e-01 7.714430e-01 7.604837e-01 2.485374e+00 2.483164e+00 3.172507e+00 2.203159e+00 3.065879e+00
4.166551e+00 8.656664e+01 8.888740e+01 4.030079e+00 4.064940e+00 4.102408e+00 4.136802e+00 4.166558e+00 4.183061e+00 4.214122e+00 4.246606e+00 4.502408e+00 4.377297e+00 4.393651e+00 4.409099e+00 4.423035e+00 9.119224e+00 1.356796e+01 1.346085e+01 4.768553e+02 4.808286e+02 4.845850e+02 4.882452e+02 8.041669e+01 4.960506e+00 4.933391e+00 4.739017e+00 6.810289e+00 0.000000e+00 0.000000e+00 8.398610e-01 1.522627e+00 8.314286e-01 8.275311e-01 3.193307e+00 3.533678e+00 3.277519e+00 3.508583e+00 8.237615e-01 8.241858e-01 8.219666e-01 8.150226e-01 8.059472e-01 7.974163e-01 7.911386e-01 7.832592e-01 7.714913e-01 2.719193e+00 2.715616e+00 3.251432e+00 2.511918e+00 3.195641e+00
8.231882e+01 3.964458e+00 3.984135e+00 4.001972e+00 4.017738e+00 4.034655e+00 4.051989e+00 4.046174e+00 4.070376e+00 4.100592e+00 4.135641e+00 3.970569e+00 3.998560e+00 4.028711e+00 4.058893e+00 4.518642e+00 4.411773e+00 2.080587e+01 2.432300e+01 2.772164e+01 3.084482e+01 2.962004e+01 2.853135e+01 5.155828e+02 8.520605e+01 4.891155e+00 4.759507e+00 8.665407e-01 0.000000e+00 1.260229e+00 1.520909e+00 2.111292e+00 8.335814e-01 1.521763e+00 3.499543e+00 3.764729e+00 3.545307e+00 3.726649e+00 8.279405e-01 8.282773e-01 8.258545e-01 8.197419e-01 8.104957e-01 8.002691e-01 7.950014e-01 7.912011e-01 7.821671e-01 7.709315e-01 2.896902e+00 3.295395e+00 2.744466e+00 3.272256e+00
3.955344e+00 3.957226e+00 3.958404e+00 3.956276e+00 3.954233e+00 3.953811e+00 3.909247e+00 3.918950e+00 3.938705e+00 3.969976e+00 3.715790e+00 3.746765e+00 3.782149e+00 3.820075e+00 4.149644e+00 4.012299e+00 2.152091e+01 4.320266e+00 4.320028e+00 4.167391e+00 4.165750e+00 0.000000e+00 0.000000e+00 0.000000e+00 5.142780e+02 8.459701e+01 4.814232e+00 0.000000e+00 0.000000e+00 1.971941e+00 2.204369e+00 2.602920e+00 8.363693e-01 2.117459e+00 3.752043e+00 3.950643e+00 3.764931e+00 8.289110e-01 8.312236e-01 8.318114e-01 8.283965e-01 8.221145e-01 8.136480e-01 8.025829e-01 7.963346e-01 7.949790e-01 7.908881e-01 7.836095e-01 3.048754e+00 3.327701e+00 2.927893e+00 3.317806e+00
3.955653e+00 3.942648e+00 3.928416e+00 3.913791e+00 3.896516e+00 3.796070e+00 3.787067e+00 3.789785e+00 3.809996e+00 3.426475e+00 3.454411e+00 3.487690e+00 3.525182e+00 3.969120e+00 3.757556e+00 2.316365e+01 4.173595e+00 3.884757e+00 3.724424e+00 3.738050e+00 4.384944e+00 3.972538e+00 4.142773e+00 0.000000e+00 0.000000e+00 0.000000e+00 1.400167e+02 0.000000e+00 9.112349e-01 2.511615e+00 2.752699e+00 3.157371e+00 1.529543e+00 2.618232e+00 3.956446e+00 4.099122e+00 3.944902e+00 8.311969e-01 8.332809e-01 8.351331e-01 8.323713e-01 8.252837e-01 8.163851e-01 8.049149e-01 7.976273e-01 7.960201e-01 7.940711e-01 1.426139e+00 3.180024e+00 3.359470e+00 3.075932e+00 3.348693e+00
3.949732e+00 3.925729e+00 3.904392e+00 3.878424e+00 3.707933e+00 3.679958e+00 3.664214e+00 3.669470e+00 3.111059e+00 3.131128e+00 3.158058e+00 3.190844e+00 3.780454e+00 3.461298e+00 2.377921e+01 4.013412e+00 3.587803e+00 3.381169e+00 3.402022e+00 3.966854e+00 3.466576e+00 3.678793e+00 3.697405e+00 3.826710e+00 3.798699e+00 0.000000e+00 0.000000e+00 0.000000e+00 6.113244e+01 1.500000e+21 5.590817e+00 3.585936e+00 2.091511e+00 3.019252e+00 4.112943e+00 4.216506e+00 4.093437e+00 8.343858e-01 8.350191e-01 8.371898e-01 8.360587e-01 8.295459e-01 8.197933e-01 8.071834e-01 7.987747e-01 7.955893e-01 7.933383e-01 1.955811e+00 3.294201e+00 3.396223e+00 3.197086e+00 3.378112e+00
3.944006e+00 3.917619e+00 3.886984e+00 3.633740e+00 3.591510e+00 3.558403e+00 3.549984e+00 2.772643e+00 2.781441e+00 2.796904e+00 2.821825e+00 3.596915e+00 3.134359e+00 2.448068e+01 3.866606e+00 3.249110e+00 2.978115e+00 2.993474e+00 3.705465e+00 3.059485e+00 3.102290e+00 3.134605e+00 3.313816e+00 3.312032e+00 3.421119e+00 2.794795e+00 0.000000e+00 0.000000e+00 0.000000e+00 0.000000e+00 9.035852e+00 3.886774e+00 2.673237e+00 3.333734e+00 4.227496e+00 4.306397e+00 4.214430e+00 8.369520e-01 8.382464e-01 8.394904e-01 8.388828e-01 8.341961e-01 8.255655e-01 8.132655e-01 8.043504e-01 7.994978e-01 7.958405e-01 2.389614e+00 3.394391e+00 3.442345e+00 3.303734e+00 3.419213e+00
3.945707e+00 3.911051e+00 3.554582e+00 3.504259e+00 3.456928e+00 3.434665e+00 2.391830e+00 2.396706e+00 2.401148e+00 2.415147e+00 3.421522e+00 2.778313e+00 2.508477e+01 3.749845e+00 2.875378e+00 2.528525e+00 2.533982e+00 3.418179e+00 2.586428e+00 2.628490e+00 2.661793e+00 2.684870e+00 2.703570e+00 2.854852e+00 2.847442e+00 0.000000e+00 0.000000e+00 1.653780e+00 2.337781e+00 0.000000e+00 0.000000e+00 0.000000e+00 3.147188e+00 3.778751e+00 4.311123e+00 4.371663e+00 4.309228e+00 8.379483e-01 8.415378e-01 8.421498e-01 8.413846e-01 8.383121e-01 8.321389e-01 8.223101e-01 8.139044e-01 8.076565e-01 8.019032e-01 2.744553e+00 3.482344e+00 3.498576e+00 3.407586e+00 3.482540e+00
