tests/data/reference/test_implicit_stream_rill_mfda/cvsur_m3.asc
ncols	123
nrows	77
xllcorner	-713746.79929998
yllcorner	-1061022.36961616
cellsize	10.0
NODATA_value	-9999
[rows 23 to 45 of 77, columns 52 to 103 of 123]
1.540220e+00 3.020398e+00 3.353702e+00 3.792164e+00 3.951321e+00 4.154016e+00 4.134200e+00 3.910080e+00 3.905985e+00 3.662812e+00 3.358356e+00 3.339137e+00 3.316015e+00 3.288750e+00 3.254800e+00 4.098742e+00 1.421575e+01 6.283888e+00 3.081450e+00 2.981741e+00 2.551152e+00 2.278566e+00 1.924239e+00 2.253328e+00 7.893256e-01 1.389437e+00 3.256620e+01 8.990453e+00 8.642896e+00 2.381268e+00 1.947314e+00 1.409429e+00 7.729306e-01 7.415136e-01 -9.999000e+03 -9.999000e+03 -9.999000e+03 -9.999000e+03 -9.999000e+03 -9.999000e+03 -9.999000e+03 -9.999000e+03 -9.999000e+03 -9.999000e+03 -9.999000e+03 -9.999000e+03 -9.999000e+03 -9.999000e+03 -9.999000e+03 -9.999000e+03 -9.999000e+03 -9.999000e+03
1.548535e+00 2.144211e+00 3.388151e+00 3.660638e+00 4.009031e+00 4.133656e+00 4.280731e+00 4.272559e+00 4.098310e+00 4.090464e+00 3.890951e+00 3.638844e+00 3.616096e+00 3.584740e+00 3.544481e+00 3.493085e+00 1.800563e+01 5.965440e+00 3.228553e+00 3.157119e+00 2.859023e+00 2.659559e+00 2.383583e+00 2.631905e+00 1.443749e+00 1.913077e+00 7.753581e-01 3.099931e+01 8.500910e+00 8.532994e+00 4.574438e+00 1.926588e+00 1.401312e+00 1.345698e+00 7.306997e-01 -9.999000e+03 -9.999000e+03 -9.999000e+03 -9.999000e+03 -9.999000e+03 -9.999000e+03 -9.999000e+03 -9.999000e+03 -9.999000e+03 -9.999000e+03 -9.999000e+03 -9.999000e+03 -9.999000e+03 -9.999000e+03 -9.999000e+03 -9.999000e+03 -9.999000e+03
3.063426e+00 2.155692e+00 2.660651e+00 3.696456e+00 3.912750e+00 4.181528e+00 4.274073e+00 4.377792e+00 4.376706e+00 4.245108e+00 4.234064e+00 4.071041e+00 3.859691e+00 3.826316e+00 3.783961e+00 3.732982e+00 2.139481e+01 5.622490e+00 3.361417e+00 3.319838e+00 3.126867e+00 2.988715e+00 2.776725e+00 2.959818e+00 1.997546e+00 2.362080e+00 1.422961e+00 2.941346e+01 7.829263e-01 7.963836e+00 1.289271e+01 2.321521e+00 1.911774e+00 1.862088e+00 1.354766e+00 7.631512e-01 7.378524e-01 7.353975e-01 -9.999000e+03 -9.999000e+03 -9.999000e+03 -9.999000e+03 -9.999000e+03 -9.999000e+03 -9.999000e+03 -9.999000e+03 -9.999000e+03 -9.999000e+03 -9.999000e+03 -9.999000e+03 -9.999000e+03 -9.999000e+03
1.567594e+00 3.437807e+00 2.673078e+00 3.094806e+00 3.944671e+00 4.109680e+00 4.311247e+00 4.379977e+00 4.453506e+00 4.455639e+00 4.356205e+00 4.338822e+00 4.201912e+00 4.022015e+00 3.979190e+00 3.928369e+00 2.504581e+01 5.259614e+00 3.479766e+00 3.466886e+00 3.354522e+00 3.266337e+00 3.106571e+00 3.238533e+00 2.465956e+00 2.748045e+00 1.977991e+00 2.781254e+01 1.436103e+00 7.390830e+00 1.259471e+01 2.626718e+00 2.322539e+00 2.293347e+00 1.882587e+00 1.390900e+00 1.336710e+00 7.456454e-01 1.314091e+00 7.323409e-01 -9.999000e+03 -9.999000e+03 -9.999000e+03 -9.999000e+03 -9.999000e+03 -9.999000e+03 -9.999000e+03 -9.999000e+03 -9.999000e+03 -9.999000e+03 -9.999000e+03 -9.999000e+03
2.181848e+00 8.527923e-01 3.748484e+00 3.101948e+00 3.447944e+00 4.136918e+00 4.261337e+00 4.411110e+00 4.461114e+00 4.510453e+00 4.510420e+00 4.432363e+00 4.407724e+00 4.292348e+00 4.138416e+00 4.083590e+00 2.890742e+01 4.882519e+00 3.578398e+00 3.591329e+00 3.537838e+00 3.488711e+00 3.371778e+00 3.466518e+00 2.856883e+00 3.076784e+00 2.454077e+00 2.644263e+01 1.994992e+00 6.798341e+00 1.224486e+01 2.881413e+00 2.650004e+00 2.631329e+00 2.304336e+00 1.898898e+00 7.675127e-01 7.534092e-01 1.327874e+00 1.765729e+00 1.297666e+00 1.881323e+00 -9.999000e+03 -9.999000e+03 -9.999000e+03 -9.999000e+03 -9.999000e+03 -9.999000e+03 -9.999000e+03 -9.999000e+03 -9.999000e+03 -9.999000e+03
2.707523e+00 1.563820e+00 4.001072e+00 3.454853e+00 8.325284e-01 3.733806e+00 4.285661e+00 4.378525e+00 4.486411e+00 4.520186e+00 4.549588e+00 4.543591e+00 4.479427e+00 4.447105e+00 4.344781e+00 4.205621e+00 3.301028e+01 4.516524e+00 3.662659e+00 3.697789e+00 3.686367e+00 3.666718e+00 3.583828e+00 3.651183e+00 3.180884e+00 3.354927e+00 2.861495e+00 2.512414e+01 2.474082e+00 6.190134e+00 1.184547e+01 3.096946e+00 2.911984e+00 2.891380e+00 2.631970e+00 2.302937e+00 1.378102e+00 1.352478e+00 7.523994e-01 1.790465e+00 0.000000e+00 5.049278e+00 1.878648e+00 1.876319e+00 -9.999000e+03 -9.999000e+03 -9.999000e+03 -9.999000e+03 -9.999000e+03 -9.999000e+03 -9.999000e+03 -9.999000e+03
3.151758e+00 2.163196e+00 4.200296e+00 3.742221e+00 8.346342e-01 1.523613e+00 3.963011e+00 4.399269e+00 4.467975e+00 4.542207e+00 4.561431e+00 4.572750e+00 4.557011e+00 4.496383e+00 4.450229e+00 4.352619e+00 4.228701e+00 3.743262e+01 3.741669e+00 3.795670e+00 3.814329e+00 3.815752e+00 3.757765e+00 3.802774e+00 3.448259e+00 3.588381e+00 3.207446e+00 2.372001e+01 2.880443e+00 5.570160e+00 1.139401e+01 3.281031e+00 3.127363e+00 3.097199e+00 2.885254e+00 2.615953e+00 1.864276e+00 1.834921e+00 1.352288e+00 0.000000e+00 0.000000e+00 5.121074e+00 2.202976e+00 6.367273e-01 1.873929e+00 -9.999000e+03 -9.999000e+03 -9.999000e+03 -9.999000e+03 -9.999000e+03 -9.999000e+03 -9.999000e+03
3.515991e+00 2.662253e+00 4.349181e+00 3.970857e+00 1.527261e+00 8.353807e-01 2.108590e+00 4.147784e+00 4.485494e+00 4.531876e+00 4.576643e+00 4.579886e+00 4.572360e+00 4.541789e+00 4.478444e+00 4.424248e+00 4.338538e+00 4.236590e+00 4.123782e+01 3.890074e+00 3.927525e+00 3.941251e+00 3.899679e+00 3.926646e+00 3.667415e+00 3.783133e+00 3.497901e+00 2.199808e+01 3.222469e+00 4.957333e+00 1.089535e+01 3.444438e+00 3.310468e+00 3.266661e+00 7.833583e-01 7.727990e-01 2.258413e+00 2.230868e+00 0.000000e+00 0.000000e+00 9.951719e-01 5.189886e+00 2.469272e+00 1.134071e+00 6.504167e-01 1.873012e+00 -9.999000e+03 -9.999000e+03 -9.999000e+03 -9.999000e+03 -9.999000e+03 -9.999000e+03
3.796695e+00 3.065444e+00 4.449921e+00 4.146093e+00 2.111221e+00 1.530489e+00 8.403991e-01 2.610266e+00 4.290557e+00 4.538591e+00 4.561865e+00 4.578335e+00 4.564512e+00 4.541476e+00 4.504632e+00 4.448280e+00 4.397338e+00 4.327799e+00 4.558001e+01 3.984603e+00 4.029337e+00 4.046213e+00 4.013555e+00 4.027030e+00 3.846042e+00 3.944498e+00 3.737382e+00 2.020135e+01 3.507305e+00 4.400580e+00 1.035493e+01 3.596521e+00 3.473340e+00 8.109668e-01 7.983220e-01 7.868177e-01 2.589988e+00 0.000000e+00 0.000000e+00 9.946187e-01 1.538137e+00 5.166186e+00 2.618183e+00 1.494780e+00 1.144297e+00 6.758907e-01 6.552988e-01 -9.999000e+03 -9.999000e+03 -9.999000e+03 -9.999000e+03 -9.999000e+03
3.984058e+00 3.370723e+00 4.498645e+00 4.265189e+00 8.258436e-01 2.600728e+00 2.116638e+00 1.535662e+00 3.026366e+00 4.386607e+00 4.558187e+00 4.560624e+00 4.556130e+00 4.533129e+00 4.505517e+00 4.470830e+00 4.423882e+00 4.379310e+00 5.001523e+01 4.074299e+00 4.117503e+00 4.131559e+00 4.103628e+00 4.108733e+00 3.990985e+00 4.076674e+00 3.930003e+00 1.837649e+01 3.737243e+00 4.061486e+00 9.769676e+00 3.736239e+00 8.232384e-01 8.187842e-01 8.093193e-01 7.991139e-01 0.000000e+00 0.000000e+00 1.043111e+00 1.585083e+00 1.983878e+00 5.078453e+00 7.137353e-01 6.904281e-01 1.536658e+00 1.208048e+00 1.187093e+00 6.726310e-01 1.873477e+00 -9.999000e+03 -9.999000e+03 -9.999000e+03
3.885730e+00 4.079529e+00 3.584499e+00 4.495834e+00 4.329440e+00 1.496232e+00 3.001308e+00 2.601534e+00 2.112587e+00 3.367028e+00 4.449576e+00 4.561854e+00 4.552222e+00 4.535714e+00 4.507821e+00 4.478206e+00 4.445088e+00 4.404053e+00 4.362223e+00 5.420501e+01 4.185942e+00 4.196213e+00 4.173463e+00 4.176349e+00 4.108432e+00 4.183144e+00 4.079248e+00 1.653564e+01 3.912120e+00 4.071088e+00 9.132903e+00 8.223545e-01 8.199229e-01 8.187640e-01 0.000000e+00 0.000000e+00 0.000000e+00 8.355745e-01 1.659035e+00 2.073396e+00 2.355826e+00 7.685289e-01 7.543862e-01 1.256914e+00 1.862970e+00 1.614533e+00 1.581516e+00 6.903879e-01 6.738628e-01 1.877087e+00 -9.999000e+03 -9.999000e+03
2.673831e+02 2.700907e+02 4.323676e+00 3.921755e+00 4.456431e+00 4.355172e+00 2.056318e+00 3.330123e+00 3.007673e+00 2.602329e+00 3.651798e+00 4.496101e+00 4.565273e+00 4.548158e+00 4.523051e+00 4.490334e+00 4.456683e+00 4.421422e+00 4.380243e+00 5.886018e+01 4.229826e+00 4.236295e+00 4.220932e+00 4.227557e+00 4.197463e+00 4.261069e+00 4.183481e+00 1.475850e+01 4.034362e+00 4.124104e+00 8.445403e+00 8.205307e-01 8.202098e-01 0.000000e+00 0.000000e+00 1.158406e+00 8.464834e-01 1.492021e+00 2.171291e+00 2.481131e+00 7.893690e-01 7.824890e-01 7.733916e-01 1.732178e+00 2.143244e+00 1.942932e+00 7.109277e-01 7.127458e-01 7.140638e-01 2.224763e+00 6.653845e-01 1.877339e+00
9.207329e+00 9.233361e+00 2.781833e+02 4.499949e+00 4.188448e+00 4.658533e+00 4.608385e+00 2.678209e+00 3.795867e+00 3.529587e+00 3.184323e+00 4.094861e+00 4.783594e+00 4.828144e+00 4.805582e+00 4.771748e+00 4.729178e+00 4.685283e+00 4.640102e+00 4.590195e+00 6.334283e+01 4.477616e+00 4.473040e+00 4.489608e+00 4.251961e+00 4.302447e+00 4.236895e+00 1.301586e+01 4.106160e+00 4.159929e+00 7.711177e+00 8.214298e-01 0.000000e+00 0.000000e+00 1.097603e+00 1.793084e+00 1.508643e+00 2.040362e+00 2.598914e+00 8.059229e-01 7.989418e-01 7.904514e-01 7.812607e-01 7.687566e-01 2.390427e+00 2.227931e+00 7.483109e-01 1.294301e+00 1.289961e+00 2.556724e+00 7.125001e-01 2.224776e+00
8.693645e-01 1.601331e+00 2.224027e+00 2.792605e+02 2.825909e+02 2.856115e+02 2.890900e+02 4.812530e+00 3.208956e+00 4.182732e+00 3.965522e+00 3.674515e+00 4.458770e+00 5.010987e+00 9.746702e+00 4.963885e+00 4.909679e+00 4.855135e+00 4.799471e+00 4.739821e+00 8.546752e-01 6.356648e+01 9.044685e+00 4.691434e+00 4.504146e+00 4.537878e+00 4.240969e+00 1.130742e+01 4.135277e+00 4.174435e+00 6.938630e+00 0.000000e+00 0.000000e+00 8.213350e-01 1.742419e+00 2.318134e+00 2.059956e+00 2.498064e+00 2.953373e+00 8.110380e-01 8.055575e-01 7.968216e-01 7.879310e-01 7.772418e-01 2.608097e+00 2.472477e+00 1.346432e+00 1.772136e+00 1.762452e+00 2.812034e+00 1.289652e+00 2.561886e+00
2.238576e+00 2.810429e+00 3.301679e+00 3.702111e+00 4.030034e+00 4.311835e+00 4.548967e+00 2.924735e+02 2.961040e+02 2.981126e+02 3.010800e+02 3.038204e+02 3.062543e+02 3.094459e+02 3.131526e+02 3.215484e+02 3.251338e+02 5.003284e+00 4.952968e+00 4.899569e+00 4.845284e+00 1.580422e+00 7.278565e+01 4.845765e+00 4.685196e+00 4.694631e+00 4.437826e+00 9.648213e+00 4.133573e+00 4.173613e+00 0.000000e+00 0.000000e+00 8.279866e-01 8.239944e-01 2.281395e+00 2.753785e+00 2.519893e+00 2.876993e+00 3.242623e+00 8.127062e-01 8.090948e-01 8.013558e-01 7.935119e-01 7.839714e-01 7.721779e-01 7.602310e-01 1.818265e+00 2.149595e+00 2.142328e+00 3.002315e+00 1.772221e+00 2.828871e+00
1.660269e+00 2.328172e+00 2.904677e+00 8.942593e+01 9.280816e+01 9.623255e+01 9.970697e+01 1.032246e+02 1.067754e+02 1.103475e+02 1.139467e+02 1.175719e+02 1.214350e+02 1.251872e+02 1.289406e+02 1.326980e+02 1.321380e+02 4.559311e+02 4.595261e+02 4.985684e+00 4.946892e+00 4.913703e+00 7.452853e+01 4.944351e+00 4.797522e+00 4.782587e+00 4.560509e+00 8.552217e+00 4.111692e+00 0.000000e+00 0.000000e+00 8.275613e-01 8.295677e-01 8.256372e-01 2.731607e+00 3.114143e+00 2.903199e+00 3.189953e+00 8.166397e-01 8.167333e-01 8.139445e-01 8.065123e-01 7.985064e-01 7.900556e-01 7.799423e-01 7.674478e-01 7.560246e-01 2.442837e+00 2.440372e+00 3.132592e+00 2.166834e+00 3.027917e+00
4.078421e+00 8.426645e+01 8.704618e+01 3.912576e+00 3.945973e+00 3.982889e+00 4.016620e+00 4.045763e+00 4.067783e+00 4.099456e+00 4.133071e+00 4.382574e+00 4.286238e+00 4.303286e+00 4.320022e+00 4.335551e+00 8.911115e+00 1.327897e+01 1.321559e+01 4.714317e+02 4.750461e+02 4.785978e+02 4.820466e+02 7.964371e+01 4.838739e+00 4.812285e+00 4.627720e+00 7.434264e+00 0.000000e+00 0.000000e+00 8.319696e-01 1.512359e+00 8.304557e-01 8.263383e-01 3.105489e+00 3.410126e+00 3.221933e+00 3.448626e+00 8.223657e-01 8.228124e-01 8.204777e-01 8.131951e-01 8.036161e-01 7.946435e-01 7.880670e-01 7.798348e-01 7.674982e-01 2.671297e+00 2.667372e+00 3.205049e+00 2.468680e+00 3.155364e+00
8.126979e+01 3.853786e+00 3.870710e+00 3.886070e+00 3.900597e+00 3.917005e+00 3.933584e+00 3.936121e+00 3.959894e+00 3.990737e+00 4.026398e+00 3.892660e+00 3.920198e+00 3.950449e+00 3.981036e+00 4.403300e+00 4.321311e+00 2.081322e+01 2.420588e+01 2.751945e+01 3.059818e+01 2.947830e+01 2.847460e+01 5.089287e+02 8.450761e+01 4.766686e+00 4.640850e+00 8.580982e-01 0.000000e+00 1.166644e+00 2.000000e+22 2.088009e+00 8.327340e-01 1.511469e+00 3.414221e+00 3.650460e+00 3.484905e+00 3.661352e+00 8.267704e-01 8.271259e-01 8.245703e-01 8.181405e-01 8.084165e-01 7.976393e-01 7.921109e-01 7.881323e-01 7.786871e-01 7.669132e-01 2.843317e+00 3.239930e+00 2.696243e+00 3.226451e+00
3.850193e+00 3.849430e+00 3.847598e+00 3.843475e+00 3.840236e+00 3.839047e+00 3.807312e+00 3.815407e+00 3.834851e+00 3.866657e+00 3.647485e+00 3.677534e+00 3.712336e+00 3.750074e+00 4.044990e+00 3.933731e+00 2.150560e+01 4.204346e+00 4.237290e+00 4.093376e+00 4.092697e+00 0.000000e+00 0.000000e+00 0.000000e+00 5.074832e+02 8.434499e+01 4.685582e+00 0.000000e+00 0.000000e+00 1.855709e+00 1.600000e+21 2.568576e+00 8.356883e-01 2.094379e+00 3.668230e+00 3.842738e+00 3.699260e+00 8.277951e-01 8.302389e-01 8.308605e-01 8.272518e-01 8.206331e-01 8.117492e-01 8.000726e-01 7.935090e-01 7.920875e-01 7.878050e-01 7.802030e-01 2.988800e+00 3.261709e+00 2.874742e+00 3.263245e+00
3.853508e+00 3.837644e+00 3.821340e+00 3.804877e+00 3.786688e+00 3.704528e+00 3.692972e+00 3.693977e+00 3.714087e+00 3.367407e+00 3.394646e+00 3.427173e+00 3.464225e+00 3.871569e+00 3.687782e+00 2.244089e+01 4.059108e+00 3.815286e+00 3.662703e+00 3.675863e+00 4.291627e+00 3.905382e+00 4.072500e+00 0.000000e+00 0.000000e+00 0.000000e+00 8.728114e+01 0.000000e+00 8.590935e-01 2.394349e+00 2.702693e+00 3.108492e+00 1.519519e+00 2.583946e+00 3.872394e+00 3.994707e+00 3.873214e+00 8.302106e-01 8.324159e-01 8.343777e-01 8.314530e-01 8.239688e-01 8.146210e-01 8.025281e-01 7.948650e-01 7.931791e-01 7.911360e-01 1.412186e+00 3.112610e+00 3.282756e+00 3.016543e+00 3.283311e+00
3.849420e+00 3.824130e+00 3.800975e+00 3.774434e+00 3.628047e+00 3.597312e+00 3.578589e+00 3.582380e+00 3.059867e+00 3.079760e+00 3.106314e+00 3.138779e+00 3.691618e+00 3.400803e+00 2.316776e+01 3.901223e+00 3.527381e+00 3.328279e+00 3.348589e+00 3.888387e+00 3.412880e+00 3.619581e+00 3.638725e+00 3.763625e+00 3.737347e+00 0.000000e+00 0.000000e+00 0.000000e+00 3.781567e+00 1.496670e+00 5.421746e+00 3.528823e+00 2.067505e+00 2.976203e+00 4.027116e+00 4.113086e+00 4.015056e+00 8.335860e-01 8.342569e-01 8.365587e-01 8.353590e-01 8.284657e-01 8.181945e-01 8.049198e-01 7.960695e-01 7.927272e-01 7.903686e-01 1.929774e+00 3.219287e+00 3.310441e+00 3.130437e+00 3.301617e+00
3.845993e+00 3.818434e+00 3.788481e+00 3.565611e+00 3.521170e+00 3.484610e+00 3.473384e+00 2.728660e+00 2.737571e+00 2.753051e+00 2.777949e+00 3.517303e+00 3.082561e+00 2.398618e+01 3.756700e+00 3.197272e+00 2.934143e+00 2.949350e+00 3.638023e+00 3.015016e+00 3.058247e+00 3.091025e+00 3.263715e+00 3.261701e+00 3.366494e+00 2.754710e+00 0.000000e+00 0.000000e+00 0.000000e+00 0.000000e+00 7.116470e+00 3.826645e+00 2.632501e+00 3.285178e+00 4.138995e+00 4.202067e+00 4.128848e+00 8.363064e-01 8.376799e-01 8.390008e-01 8.383556e-01 8.333850e-01 8.242658e-01 8.113445e-01 8.019335e-01 7.968290e-01 7.929907e-01 2.354022e+00 3.313037e+00 3.350370e+00 3.229651e+00 3.333124e+00
3.848463e+00 3.816240e+00 3.495879e+00 3.445005e+00 3.395179e+00 3.369468e+00 2.355957e+00 2.360907e+00 2.365330e+00 2.379454e+00 3.350735e+00 2.734474e+00 2.495260e+01 3.642314e+00 2.831572e+00 2.493590e+00 2.499104e+00 3.360800e+00 2.551851e+00 2.594278e+00 2.628087e+00 2.651565e+00 2.670317e+00 2.814561e+00 2.807156e+00 0.000000e+00 0.000000e+00 1.544062e+00 2.196831e+00 0.000000e+00 0.000000e+00 0.000000e+00 3.097038e+00 3.721050e+00 4.219234e+00 4.265136e+00 4.216550e+00 8.373636e-01 8.411765e-01 8.418271e-01 8.410137e-01 8.377497e-01 8.312071e-01 8.208388e-01 8.120205e-01 8.054188e-01 7.993575e-01 2.701603e+00 3.396188e+00 3.403114e+00 3.326378e+00 3.389225e+00
