tests/data/reference/test_implicit_stream_rill_mfda/cvsur_m3.asc
ncols	123
nrows	77
xllcorner	-713746.79929998
yllcorner	-1061022.36961616
cellsize	10.0
NODATA_value	-9999
[rows 46 to 68 of 77, columns 52 to 103 of 123]
3.854203e+00 3.410470e+00 3.354427e+00 3.295308e+00 3.256948e+00 1.914819e+00 1.921525e+00 1.924925e+00 1.933353e+00 3.190005e+00 2.350447e+00 2.615072e+01 3.571441e+00 2.427141e+00 2.005071e+00 2.002308e+00 3.066361e+00 2.032259e+00 2.069840e+00 2.100019e+00 2.117667e+00 2.137768e+00 2.159260e+00 2.165652e+00 4.103591e+00 0.000000e+00 4.556795e-01 9.046441e-01 1.664705e+00 2.317352e+00 2.865589e+00 0.000000e+00 0.000000e+00 0.000000e+00 4.495430e+00 4.302270e+00 4.280159e+00 8.346449e-01 8.417237e-01 8.429277e-01 8.419164e-01 8.390158e-01 8.344706e-01 8.272958e-01 8.207170e-01 8.148502e-01 8.086296e-01 2.991432e+00 3.477891e+00 3.470301e+00 3.427413e+00 3.471632e+00
3.292726e+00 3.239512e+00 3.171659e+00 3.120505e+00 1.391785e+00 1.397850e+00 1.399038e+00 1.406739e+00 3.013531e+00 1.912834e+00 2.731754e+01 3.535381e+00 1.968249e+00 1.449912e+00 1.444785e+00 2.749160e+00 1.449127e+00 1.474983e+00 1.501105e+00 1.512531e+00 1.522180e+00 1.541095e+00 1.558314e+00 3.949536e+00 8.491419e-01 0.000000e+00 4.690923e-01 1.244623e+00 1.941411e+00 2.561556e+00 3.104053e+00 3.565269e+00 3.980149e+00 0.000000e+00 0.000000e+00 4.291355e+00 4.305696e+00 8.267271e-01 8.386257e-01 8.421721e-01 8.411680e-01 8.374074e-01 8.342190e-01 8.304493e-01 8.273471e-01 8.240590e-01 8.193216e-01 3.237440e+00 3.559547e+00 3.545294e+00 3.527758e+00 3.566663e+00
3.079918e+00 3.019490e+00 2.955152e+00 7.662360e-01 7.731143e-01 7.720182e-01 7.734884e-01 2.801343e+00 1.393622e+00 2.844807e+01 3.528851e+00 1.429855e+00 7.988956e-01 7.951754e-01 2.393413e+00 7.911370e-01 7.978917e-01 8.126008e-01 8.205187e-01 8.224695e-01 8.290877e-01 8.399986e-01 3.766390e+00 1.553201e+00 2.167248e+00 0.000000e+00 4.401361e-01 2.457912e+00 3.071068e+00 3.609171e+00 4.076202e+00 4.469436e+00 4.770102e+00 8.045038e-01 0.000000e+00 4.471740e+00 4.294774e+00 8.169989e-01 8.329810e-01 8.402342e-01 8.406009e-01 8.363385e-01 8.339753e-01 8.326009e-01 8.322804e-01 8.312405e-01 8.276482e-01 3.450184e+00 3.647779e+00 3.630460e+00 3.630066e+00 3.668172e+00
2.795247e+00 2.741607e+00 7.558072e-01 1.358739e+00 1.847396e+00 2.238955e+00 2.548516e+00 7.674593e-01 2.953127e+01 3.542877e+00 7.858991e-01 7.939933e-01 1.438221e+00 1.964143e+00 7.913190e-01 1.429322e+00 1.957679e+00 2.403928e+00 2.779585e+00 3.090678e+00 3.348353e+00 3.564773e+00 8.365247e-01 8.520331e-01 4.980968e+00 0.000000e+00 1.306870e+00 1.841123e+00 2.540813e+00 3.154607e+00 3.692766e+00 4.155611e+00 4.532168e+00 4.977333e+00 0.000000e+00 0.000000e+00 4.250639e+00 8.068922e-01 8.250051e-01 8.360541e-01 8.392072e-01 8.362422e-01 8.346164e-01 8.344302e-01 8.361018e-01 8.369376e-01 8.340508e-01 3.636956e+00 3.744991e+00 3.725687e+00 3.733122e+00 3.767148e+00
2.431787e+00 1.417570e+01 1.354396e+01 1.283505e+01 1.205447e+01 1.120605e+01 1.029261e+01 3.056367e+01 3.563084e+00 7.772695e-01 1.406445e+00 1.926576e+00 2.355472e+00 2.703173e+00 2.981767e+00 3.203104e+00 3.380493e+00 3.527526e+00 3.650074e+00 3.750956e+00 3.834344e+00 3.903722e+00 3.969572e+00 4.043848e+00 5.228307e+00 0.000000e+00 1.161781e+00 8.529566e-01 1.672251e+00 2.393442e+00 3.031173e+00 3.590702e+00 4.064903e+00 8.836249e+00 5.100787e+00 0.000000e+00 4.422978e+00 7.998925e-01 8.182486e-01 8.311323e-01 8.363472e-01 8.354603e-01 8.350556e-01 8.351731e-01 1.531002e+00 1.535055e+00 8.393542e-01 3.803588e+00 3.850051e+00 3.828434e+00 3.836348e+00 3.861343e+00
1.472254e+01 3.746833e+00 7.340070e+00 7.972002e+00 1.144256e+01 1.791941e+01 2.124755e+01 3.574870e+00 3.412002e+00 3.458170e+00 3.489864e+00 3.512869e+00 3.533886e+00 3.556428e+00 3.582786e+00 3.614415e+00 7.151583e+00 7.013046e+00 6.838571e+00 6.631697e+00 6.391796e+00 6.115373e+00 5.815035e+00 5.511419e+00 3.819756e+00 0.000000e+00 8.494974e-01 1.568235e+00 2.189634e+00 2.871523e+00 3.473324e+00 4.001738e+00 4.451965e+00 4.808882e+00 8.960106e+00 0.000000e+00 0.000000e+00 8.634703e-01 8.143456e-01 8.271508e-01 8.331624e-01 8.340192e-01 8.352534e-01 8.353716e-01 2.117036e+00 2.126371e+00 8.432209e-01 3.954999e+00 3.960222e+00 3.935206e+00 3.939862e+00 3.952896e+00
3.662485e+00 3.655519e+00 7.900615e-01 3.733778e+00 6.883558e+00 3.841772e+00 3.555016e+00 3.341718e+00 3.567001e+00 3.594275e+00 3.611304e+00 3.617544e+00 3.618481e+00 3.619411e+00 3.623313e+00 3.632563e+00 8.020630e-01 1.470191e+00 2.038827e+00 2.523675e+00 2.925433e+00 3.234560e+00 3.468766e+00 3.656060e+00 8.278874e-01 0.000000e+00 1.243780e+00 1.933634e+00 2.530222e+00 3.048985e+00 3.659618e+00 4.189803e+00 4.641459e+00 5.009701e+00 5.077142e+00 9.022751e+00 0.000000e+00 1.588090e+00 8.143581e-01 8.235274e-01 8.280709e-01 8.291374e-01 8.322443e-01 1.527260e+00 2.612533e+00 2.628152e+00 1.547719e+00 4.093942e+00 4.073730e+00 4.044061e+00 4.042342e+00 4.042639e+00
3.523451e+00 3.531481e+00 3.663803e+00 7.053219e+00 3.861398e+00 3.484256e+00 3.223002e+00 3.523515e+00 3.705825e+00 7.028591e+00 6.906738e+00 6.720309e+00 6.473960e+00 6.175277e+00 5.834915e+00 5.466151e+00 5.089326e+00 4.729893e+00 4.414670e+00 4.181854e+00 4.062407e+00 4.027932e+00 7.866072e+00 8.503816e+00 8.321978e+00 0.000000e+00 1.335125e+00 2.010060e+00 2.600084e+00 3.117651e+00 3.565574e+00 4.118885e+00 4.590633e+00 4.988107e+00 5.303746e+00 1.404141e+01 0.000000e+00 0.000000e+00 8.915400e-01 8.216095e-01 8.213518e-01 8.202899e-01 1.513088e+00 2.107708e+00 3.030662e+00 3.053758e+00 2.146932e+00 4.221242e+00 4.188569e+00 4.153719e+00 4.142311e+00 4.131249e+00
3.345401e+00 3.776120e+00 7.139248e+00 3.854213e+00 3.359235e+00 3.042792e+00 3.439769e+00 3.694730e+00 3.385267e+00 3.740551e+00 3.778752e+00 3.810002e+00 3.828292e+00 3.828060e+00 3.813332e+00 3.793092e+00 3.777541e+00 3.777868e+00 3.800097e+00 3.847424e+00 3.907054e+00 3.949378e+00 7.921039e-01 8.164533e-01 1.504759e+00 0.000000e+00 1.291079e+00 1.985547e+00 2.588937e+00 3.376806e+00 4.153983e+00 4.557337e+00 5.048133e+00 5.454349e+00 1.084104e+01 1.922503e+01 9.163455e-01 0.000000e+00 9.019624e-01 8.985555e-01 8.235072e-01 8.219295e-01 2.085116e+00 2.598997e+00 3.383695e+00 3.414233e+00 2.658073e+00 4.336251e+00 4.300286e+00 4.261638e+00 4.239712e+00 4.218767e+00
3.673094e+00 3.352668e+00 3.808903e+00 3.169146e+00 2.795331e+00 3.303609e+00 3.660423e+00 3.224719e+00 3.703512e+00 8.038468e-01 7.226445e+00 1.047566e+01 1.032272e+01 1.662837e+01 2.008996e+01 1.964827e+01 1.913653e+01 1.856547e+01 1.794208e+01 1.727134e+01 1.654386e+01 1.573685e+01 1.486474e+01 1.395872e+01 0.000000e+00 0.000000e+00 8.763523e-01 1.610347e+00 2.249187e+00 2.808392e+00 3.293622e+00 3.706347e+00 4.053962e+00 4.542138e+00 4.951797e+00 1.098179e+01 1.995601e+01 0.000000e+00 9.122550e-01 9.077609e-01 8.333156e-01 1.511864e+00 2.577629e+00 3.021020e+00 3.683450e+00 3.719137e+00 3.093230e+00 4.437550e+00 4.403769e+00 4.364658e+00 4.334815e+00 4.305039e+00
3.091915e+00 3.727220e+00 2.889984e+00 2.465927e+00 3.106149e+00 3.588904e+00 3.011381e+00 3.667342e+00 3.249203e+00 6.399067e+00 3.317531e+00 3.341542e+00 6.567373e+00 3.824121e+00 3.540310e+00 6.962890e+00 6.940347e+00 6.855965e+00 6.720912e+00 6.544024e+00 6.323991e+00 6.053440e+00 5.751120e+00 5.446319e+00 0.000000e+00 4.235191e-01 1.164242e+00 1.833988e+00 2.425400e+00 2.942193e+00 3.390481e+00 3.776627e+00 4.106533e+00 4.385741e+00 4.817373e+00 1.002558e+01 3.090661e+01 0.000000e+00 0.000000e+00 9.254222e-01 1.641736e+00 2.109227e+00 3.005859e+00 3.384652e+00 3.936869e+00 3.975283e+00 3.462555e+00 4.525238e+00 4.495110e+00 4.457523e+00 4.422822e+00 4.385620e+00
3.634613e+00 2.512710e+00 2.031193e+00 2.834302e+00 3.472489e+00 2.729885e+00 3.616712e+00 3.013880e+00 3.047398e+00 3.070543e+00 3.087636e+00 3.107250e+00 3.759819e+00 3.354480e+00 3.369989e+00 3.810803e+00 7.201987e+00 1.055163e+01 1.454200e+01 1.467348e+01 1.457010e+01 1.418806e+01 1.372989e+01 1.322225e+01 0.000000e+00 4.262802e-01 1.165935e+00 1.830449e+00 2.411819e+00 2.913939e+00 3.348635e+00 3.728427e+00 4.057902e+00 4.339636e+00 4.781016e+00 5.147302e+00 1.549824e+01 3.101103e+01 0.000000e+00 1.746374e+00 2.369811e+00 2.634878e+00 3.380563e+00 3.697626e+00 4.149063e+00 4.187948e+00 3.774417e+00 4.600374e+00 4.571434e+00 4.534014e+00 4.496091e+00 4.452902e+00
2.045758e+00 1.483690e+00 2.472466e+00 3.300509e+00 2.372090e+00 3.548292e+00 2.715613e+00 2.746557e+00 2.768534e+00 2.780936e+00 2.791154e+00 3.676861e+00 3.101634e+00 3.123782e+00 3.725589e+00 3.371086e+00 3.406937e+00 3.835767e+00 3.655906e+00 7.249738e+00 7.298750e+00 7.284162e+00 7.215379e+00 7.101891e+00 0.000000e+00 4.277298e-01 1.165688e+00 1.824301e+00 2.396926e+00 2.889285e+00 1.484439e+01 1.562774e+01 1.643114e+01 2.468987e+01 2.773368e+01 2.861856e+01 2.948145e+01 7.603819e+01 0.000000e+00 0.000000e+00 3.022743e+00 3.253009e+00 3.705798e+00 3.964113e+00 4.324249e+00 4.361045e+00 4.033140e+00 4.662261e+00 4.632115e+00 4.593474e+00 4.554152e+00 4.506313e+00
8.230106e-01 2.028173e+00 3.070985e+00 1.928562e+00 3.457208e+00 2.352159e+00 2.379317e+00 2.397615e+00 2.408954e+00 2.414630e+00 3.598165e+00 2.780407e+00 2.808665e+00 3.633318e+00 3.108639e+00 3.137181e+00 3.713338e+00 3.415973e+00 3.474452e+00 3.542121e+00 6.754353e+00 7.724752e+00 8.904709e+00 1.192634e+01 0.000000e+00 9.015243e-01 1.628630e+00 4.072944e+00 7.466035e+00 1.126634e+01 2.718225e+00 5.029093e+00 7.453101e+00 2.254247e+00 2.270714e+00 4.727621e+00 7.334925e+00 8.250537e+00 8.437046e+01 0.000000e+00 0.000000e+00 3.794956e+00 4.178824e+00 4.186171e+00 4.465581e+00 4.497767e+00 4.241399e+00 4.709241e+00 4.677290e+00 4.637899e+00 4.600107e+00 4.549483e+00
1.490829e+00 2.791446e+00 1.398272e+00 3.337216e+00 1.911418e+00 1.939637e+00 1.954353e+00 1.961218e+00 1.962585e+00 3.533176e+00 2.396825e+00 2.422683e+00 3.538877e+00 2.788179e+00 2.812193e+00 3.590451e+00 3.130384e+00 3.181124e+00 3.241410e+00 3.011633e+00 8.453980e-01 8.457015e-01 2.656347e+00 8.602708e-01 0.000000e+00 8.883444e-01 1.619125e+00 2.620421e+00 3.110090e+00 2.185618e+00 1.579149e+00 1.592045e+00 1.605595e+00 1.616890e+00 1.630177e+00 1.647796e+00 1.655316e+00 2.424417e+00 3.053845e+00 8.744528e+01 0.000000e+00 0.000000e+00 4.576221e+00 4.361091e+00 4.573963e+00 4.601804e+00 4.404923e+00 4.743079e+00 4.709145e+00 4.667919e+00 4.631013e+00 4.578485e+00
2.438842e+00 7.755965e-01 3.188220e+00 1.381402e+00 1.408409e+00 1.423667e+00 1.429958e+00 1.426222e+00 3.485610e+00 1.939928e+00 1.963538e+00 3.454827e+00 2.399602e+00 2.419423e+00 3.473041e+00 2.792282e+00 2.836000e+00 2.888410e+00 2.585722e+00 8.437232e-01 1.547941e+00 2.142194e+00 8.465471e-01 1.565880e+00 0.000000e+00 1.340834e+00 2.033443e+00 2.619841e+00 1.570893e+00 8.549269e-01 8.578546e-01 8.632750e-01 8.693595e-01 8.751002e-01 8.826460e-01 8.921305e-01 5.155994e+00 6.827590e+00 7.715778e+00 8.202185e+00 9.563217e+01 0.000000e+00 4.875472e+00 4.699271e+00 4.647528e+00 4.676097e+00 4.529951e+00 4.766833e+00 4.731493e+00 4.685166e+00 4.643644e+00 8.302174e-01
2.743659e+00 3.005304e+00 7.566592e-01 7.711003e-01 7.819146e-01 7.885600e-01 7.881082e-01 3.464981e+00 1.400348e+00 1.415802e+00 3.389579e+00 1.941189e+00 1.953222e+00 3.369781e+00 2.390847e+00 2.428550e+00 2.473675e+00 2.087697e+00 8.417830e-01 1.546788e+00 2.145661e+00 2.649779e+00 3.078133e+00 3.450042e+00 0.000000e+00 1.359154e+00 2.041431e+00 8.551507e-01 8.523081e-01 1.566593e+00 2.177357e+00 2.702556e+00 3.157258e+00 3.554059e+00 3.903094e+00 4.458726e+00 8.914878e-01 8.940632e-01 1.648637e+00 2.390580e+00 2.967626e+00 0.000000e+00 0.000000e+00 4.951071e+00 4.686167e+00 4.721963e+00 4.618549e+00 4.777598e+00 4.741057e+00 4.686260e+00 8.251108e-01 3.068151e+00
3.416848e+00 3.479181e+00 3.501741e+00 3.501891e+00 3.490666e+00 3.478265e+00 3.467229e+00 7.703706e-01 7.719486e-01 3.347729e+00 1.403393e+00 1.410950e+00 3.296387e+00 1.923342e+00 1.952872e+00 1.989146e+00 1.502754e+00 8.388350e-01 1.541913e+00 2.142280e+00 2.653759e+00 3.083074e+00 3.443950e+00 3.751740e+00 0.000000e+00 1.346824e+00 2.026129e+00 2.603172e+00 3.090225e+00 3.498656e+00 3.837584e+00 4.114530e+00 4.339792e+00 4.524456e+00 4.678567e+00 4.811462e+00 5.173010e+00 5.663004e+00 1.132732e+01 1.269981e+01 1.336721e+01 1.373128e+01 0.000000e+00 0.000000e+00 4.935205e+00 4.739954e+00 8.331669e-01 4.769557e+00 4.731131e+00 8.233446e-01 3.068649e+00 2.653853e+00
2.667763e+00 2.904619e+00 3.071330e+00 3.183666e+00 3.255861e+00 3.301738e+00 3.327837e+00 3.335304e+00 3.333348e+00 7.691415e-01 7.744343e-01 3.258240e+00 1.386973e+00 1.403869e+00 1.427520e+00 8.179263e-01 8.295023e-01 1.526319e+00 2.123315e+00 2.634832e+00 3.070134e+00 3.435003e+00 3.738715e+00 3.991777e+00 0.000000e+00 1.337311e+00 2.018203e+00 2.602459e+00 3.100163e+00 3.518547e+00 3.865029e+00 4.145736e+00 4.369295e+00 4.545463e+00 4.685684e+00 4.801663e+00 4.900496e+00 5.235127e+00 8.842894e-01 8.822068e-01 1.616588e+00 2.326792e+00 1.648912e+01 0.000000e+00 5.174341e+00 4.976589e+00 8.289726e-01 8.237740e-01 8.213160e-01 8.283424e-01 2.664411e+00 2.157915e+00
1.870353e+00 2.244232e+00 2.540937e+00 2.772620e+00 2.949107e+00 3.078022e+00 3.165867e+00 3.218132e+00 3.242883e+00 3.249416e+00 3.247080e+00 7.618508e-01 7.687204e-01 7.772393e-01 7.926414e-01 1.454965e+00 2.024426e+00 2.519446e+00 2.948420e+00 3.315732e+00 3.625877e+00 3.882603e+00 8.083214e+00 9.026725e+00 0.000000e+00 1.443760e+00 2.107717e+00 2.686940e+00 3.185754e+00 3.607194e+00 3.956413e+00 4.237781e+00 4.457931e+00 4.624528e+00 4.748454e+00 4.842336e+00 4.915542e+00 4.976078e+00 5.108087e+00 5.373338e+00 5.794329e+00 6.200478e+00 6.488839e+00 0.000000e+00 0.000000e+00 5.142236e+00 8.262834e-01 8.259562e-01 8.245126e-01 3.104686e+00 2.676674e+00 2.158337e+00
7.411834e-01 1.335620e+00 1.823435e+00 2.223461e+00 2.544910e+00 2.790481e+00 2.969359e+00 3.094196e+00 3.170963e+00 3.200929e+00 3.197325e+00 3.180547e+00 3.168104e+00 3.174335e+00 3.212044e+00 3.288968e+00 3.402812e+00 3.546212e+00 3.705543e+00 3.865797e+00 4.015700e+00 4.146817e+00 8.387478e-01 0.000000e+00 0.000000e+00 1.194625e+00 1.895404e+00 2.505039e+00 3.033087e+00 3.483682e+00 3.861354e+00 4.168989e+00 4.411585e+00 4.594846e+00 4.727011e+00 4.818419e+00 4.882074e+00 4.930771e+00 4.972337e+00 5.221154e+00 5.504828e+00 5.804726e+00 6.104783e+00 6.311934e+00 0.000000e+00 0.000000e+00 1.590924e+00 8.315664e-01 8.382732e-01 8.471018e-01 8.542507e-01 1.571038e+00
-9.999000e+03 -9.999000e+03 -9.999000e+03 -9.999000e+03 -9.999000e+03 -9.999000e+03 -9.999000e+03 7.663869e-01 7.601192e-01 7.416941e-01 7.330764e-01 7.407831e-01 1.335668e+00 1.835706e+00 2.263998e+00 2.634928e+00 2.960431e+00 3.250623e+00 3.506514e+00 3.725617e+00 3.907682e+00 4.052142e+00 4.169960e+00 0.000000e+00 4.479501e-01 1.168061e+00 1.820344e+00 2.405078e+00 2.924161e+00 3.378029e+00 3.767299e+00 4.090989e+00 4.350818e+00 4.549015e+00 4.690433e+00 4.782193e+00 4.839091e+00 4.878003e+00 4.908441e+00 4.938097e+00 5.220362e+00 5.592846e+00 5.965319e+00 6.287523e+00 6.494838e+00 0.000000e+00 0.000000e+00 9.085737e-01 8.525994e-01 8.581045e-01 8.607724e-01 8.602497e-01
-9.999000e+03 -9.999000e+03 -9.999000e+03 -9.999000e+03 -9.999000e+03 -9.999000e+03 -9.999000e+03 -9.999000e+03 -9.999000e+03 -9.999000e+03 1.317253e+00 1.313465e+00 7.613626e-01 7.865640e-01 1.435515e+00 1.978873e+00 2.440491e+00 2.840038e+00 3.182019e+00 3.465731e+00 3.695043e+00 3.874188e+00 4.018578e+00 0.000000e+00 4.468115e-01 1.164074e+00 1.812086e+00 2.393678e+00 2.912462e+00 3.541271e+00 3.922249e+00 4.233316e+00 4.483352e+00 4.672743e+00 4.804036e+00 4.882558e+00 4.920758e+00 4.934330e+00 4.935960e+00 4.937492e+00 4.946094e+00 5.209163e+00 5.618772e+00 5.804104e+00 6.121453e+00 6.310423e+00 0.000000e+00 0.000000e+00 8.592182e-01 8.662392e-01 -9.999000e+03 -9.999000e+03
