tests/data/reference/test_implicit_stream_rill_mfda/cvsur_m3.asc
ncols	123
nrows	77
xllcorner	-713746.79929998
yllcorner	-1061022.36961616
cellsize	10.0
NODATA_value	-9999
[rows 23 to 45 of 77, columns 52 to 103 of 123]
1.515274e+00 2.982023e+00 3.315922e+00 3.763594e+00 3.928455e+00 4.154761e+00 4.114737e+00 3.874963e+00 3.870369e+00 3.623821e+00 3.318632e+00 3.300274e+00 3.278170e+00 3.251931e+00 3.218895e+00 4.098235e+00 1.413738e+01 6.279920e+00 3.072128e+00 2.975530e+00 2.529235e+00 2.254570e+00 1.900024e+00 2.230113e+00 7.777073e-01 1.370381e+00 3.259551e+01 8.933327e+00 8.534943e+00 2.351740e+00 1.921520e+00 1.389632e+00 7.618519e-01 7.314500e-01 -9.999000e+03 -9.999000e+03 -9.999000e+03 -9.999000e+03 -9.999000e+03 -9.999000e+03 -9.999000e+03 -9.999000e+03 -9.999000e+03 -9.999000e+03 -9.999000e+03 -9.999000e+03 -9.999000e+03 -9.999000e+03 -9.999000e+03 -9.999000e+03 -9.999000e+03 -9.999000e+03
1.523311e+00 2.111905e+00 3.348884e+00 3.623953e+00 3.983993e+00 4.114610e+00 4.282149e+00 4.257696e+00 4.067561e+00 4.059463e+00 3.855299e+00 3.600772e+00 3.578969e+00 3.548682e+00 3.509524e+00 3.459225e+00 1.793675e+01 5.963150e+00 3.223748e+00 3.154344e+00 2.838435e+00 2.634657e+00 2.355949e+00 2.607879e+00 1.422750e+00 1.888961e+00 7.642055e-01 3.102395e+01 8.448890e+00 8.426087e+00 4.516877e+00 1.901729e+00 1.381777e+00 1.328206e+00 7.209667e-01 -9.999000e+03 -9.999000e+03 -9.999000e+03 -9.999000e+03 -9.999000e+03 -9.999000e+03 -9.999000e+03 -9.999000e+03 -9.999000e+03 -9.999000e+03 -9.999000e+03 -9.999000e+03 -9.999000e+03 -9.999000e+03 -9.999000e+03 -9.999000e+03 -9.999000e+03
3.023230e+00 2.122909e+00 2.622615e+00 3.658253e+00 3.878746e+00 4.160702e+00 4.259365e+00 4.380849e+00 4.367103e+00 4.219922e+00 4.208936e+00 4.040382e+00 3.825117e+00 3.792673e+00 3.751431e+00 3.701661e+00 2.102507e+01 5.624862e+00 3.360920e+00 3.320060e+00 3.108637e+00 2.964400e+00 2.747605e+00 2.936451e+00 1.970562e+00 2.334922e+00 1.402820e+00 2.942321e+01 7.715293e-01 7.915569e+00 1.273498e+01 2.294202e+00 1.887378e+00 1.839964e+00 1.337289e+00 7.523726e-01 7.278948e-01 7.255082e-01 -9.999000e+03 -9.999000e+03 -9.999000e+03 -9.999000e+03 -9.999000e+03 -9.999000e+03 -9.999000e+03 -9.999000e+03 -9.999000e+03 -9.999000e+03 -9.999000e+03 -9.999000e+03 -9.999000e+03 -9.999000e+03
1.541485e+00 3.396567e+00 2.634481e+00 3.053198e+00 3.909131e+00 4.079618e+00 4.295281e+00 4.370257e+00 4.458794e+00 4.451739e+00 4.337715e+00 4.320786e+00 4.177512e+00 3.992479e+00 3.950568e+00 3.900867e+00 2.469860e+01 5.271580e+00 3.483058e+00 3.469458e+00 3.339292e+00 3.243781e+00 3.077694e+00 3.216933e+00 2.435022e+00 2.719738e+00 1.951938e+00 2.780028e+01 1.415461e+00 7.347141e+00 1.244321e+01 2.599473e+00 2.295616e+00 2.268516e+00 1.859911e+00 1.371847e+00 1.319520e+00 7.354563e-01 1.297455e+00 7.225512e-01 -9.999000e+03 -9.999000e+03 -9.999000e+03 -9.999000e+03 -9.999000e+03 -9.999000e+03 -9.999000e+03 -9.999000e+03 -9.999000e+03 -9.999000e+03 -9.999000e+03 -9.999000e+03
2.147941e+00 8.391286e-01 3.708198e+00 3.059730e+00 3.405039e+00 4.105399e+00 4.236306e+00 4.400747e+00 4.456839e+00 4.518579e+00 4.512499e+00 4.421628e+00 4.397738e+00 4.275484e+00 4.115146e+00 4.061392e+00 2.863021e+01 4.910231e+00 3.585047e+00 3.595754e+00 3.525975e+00 3.468860e+00 3.344656e+00 3.447540e+00 2.824140e+00 3.049068e+00 2.424058e+00 2.615676e+01 1.968307e+00 6.761390e+00 1.209794e+01 2.856546e+00 2.622925e+00 2.605919e+00 2.278787e+00 1.875009e+00 7.565906e-01 7.429692e-01 1.310702e+00 1.745865e+00 1.281500e+00 1.897598e+00 -9.999000e+03 -9.999000e+03 -9.999000e+03 -9.999000e+03 -9.999000e+03 -9.999000e+03 -9.999000e+03 -9.999000e+03 -9.999000e+03 -9.999000e+03
2.667511e+00 1.537743e+00 3.963387e+00 3.411311e+00 8.194800e-01 3.691743e+00 4.259266e+00 4.359438e+00 4.482086e+00 4.521723e+00 4.561279e+00 4.551733e+00 4.476786e+00 4.445369e+00 4.336115e+00 4.190166e+00 3.268095e+01 4.565354e+00 3.671896e+00 3.703990e+00 3.678045e+00 3.650307e+00 3.559812e+00 3.635545e+00 3.148328e+00 3.329221e+00 2.829392e+00 2.448626e+01 2.443279e+00 6.163865e+00 1.170148e+01 3.076480e+00 2.886870e+00 2.867266e+00 2.605775e+00 2.276627e+00 1.359240e+00 1.334592e+00 7.419931e-01 1.769845e+00 0.000000e+00 5.020228e+00 1.887333e+00 1.880234e+00 -9.999000e+03 -9.999000e+03 -9.999000e+03 -9.999000e+03 -9.999000e+03 -9.999000e+03 -9.999000e+03 -9.999000e+03
3.107811e+00 2.129768e+00 4.166568e+00 3.699535e+00 8.215298e-01 1.499305e+00 3.923781e+00 4.379137e+00 4.455998e+00 4.544254e+00 4.568920e+00 4.588317e+00 4.570899e+00 4.501683e+00 4.456562e+00 4.352576e+00 4.221846e+00 3.740696e+01 3.752949e+00 3.803512e+00 3.809818e+00 3.803494e+00 3.737959e+00 3.791042e+00 3.417728e+00 3.565769e+00 3.175122e+00 2.277527e+01 2.847464e+00 5.561619e+00 1.125081e+01 3.266255e+00 3.106076e+00 3.076143e+00 2.860540e+00 2.589647e+00 1.841234e+00 1.813022e+00 1.334426e+00 0.000000e+00 0.000000e+00 5.079008e+00 2.180057e+00 6.297731e-01 1.874503e+00 -9.999000e+03 -9.999000e+03 -9.999000e+03 -9.999000e+03 -9.999000e+03 -9.999000e+03 -9.999000e+03
3.470374e+00 2.623233e+00 4.320649e+00 3.931181e+00 1.502787e+00 8.222559e-01 2.077332e+00 4.113332e+00 4.472845e+00 4.527547e+00 4.585142e+00 4.593198e+00 4.592012e+00 4.561069e+00 4.491217e+00 4.437904e+00 4.346561e+00 4.238291e+00 4.103837e+01 3.899707e+00 3.927167e+00 3.933823e+00 3.885127e+00 3.919380e+00 3.640517e+00 3.764542e+00 3.466993e+00 2.101703e+01 3.189285e+00 4.978319e+00 1.075176e+01 3.435736e+00 3.294309e+00 3.250290e+00 7.719467e-01 7.617242e-01 2.233503e+00 2.207191e+00 0.000000e+00 0.000000e+00 1.219049e+00 5.145701e+00 2.442532e+00 1.123040e+00 6.430932e-01 1.872635e+00 -9.999000e+03 -9.999000e+03 -9.999000e+03 -9.999000e+03 -9.999000e+03 -9.999000e+03
3.751668e+00 3.023290e+00 4.427905e+00 4.111302e+00 2.079795e+00 1.505899e+00 8.271305e-01 2.573900e+00 4.262469e+00 4.534058e+00 4.565432e+00 4.593070e+00 4.583411e+00 4.565144e+00 4.528427e+00 4.467171e+00 4.416945e+00 4.342819e+00 4.497414e+01 3.996247e+00 4.033379e+00 4.044241e+00 4.005032e+00 4.024904e+00 3.824027e+00 3.930527e+00 3.709358e+00 1.922839e+01 3.475605e+00 4.468122e+00 1.021142e+01 3.593486e+00 3.463078e+00 7.986609e-01 7.863833e-01 7.752876e-01 2.565414e+00 0.000000e+00 0.000000e+00 1.054993e+00 1.704122e+00 5.112983e+00 2.588355e+00 1.482687e+00 1.132876e+00 6.678307e-01 6.478410e-01 -9.999000e+03 -9.999000e+03 -9.999000e+03 -9.999000e+03 -9.999000e+03
3.941776e+00 3.328079e+00 4.484444e+00 4.236850e+00 8.130158e-01 2.564307e+00 2.085027e+00 1.510771e+00 2.987053e+00 4.366444e+00 4.561968e+00 4.571628e+00 4.576254e+00 4.556438e+00 4.532250e+00 4.497903e+00 4.447600e+00 4.403849e+00 4.946379e+01 4.088021e+00 4.125754e+00 4.135082e+00 4.101619e+00 4.111799e+00 3.974772e+00 4.067674e+00 3.906014e+00 1.744772e+01 3.708545e+00 4.157757e+00 9.628068e+00 3.737877e+00 8.105063e-01 8.062121e-01 7.970647e-01 7.871530e-01 0.000000e+00 0.000000e+00 1.110966e+00 1.630123e+00 2.103279e+00 5.019872e+00 7.045508e-01 6.819499e-01 1.523779e+00 1.194884e+00 1.174678e+00 6.646558e-01 1.873562e+00 -9.999000e+03 -9.999000e+03 -9.999000e+03
3.843467e+00 4.042222e+00 3.543913e+00 4.490262e+00 4.309423e+00 1.472831e+00 2.962213e+00 2.564930e+00 2.080874e+00 3.327078e+00 4.438206e+00 4.573148e+00 4.569432e+00 4.559821e+00 4.534275e+00 4.507144e+00 4.474696e+00 4.431910e+00 4.391047e+00 5.343480e+01 4.197927e+00 4.204806e+00 4.177644e+00 4.184409e+00 4.098563e+00 4.179411e+00 4.060173e+00 1.566971e+01 3.887692e+00 4.119680e+00 8.995123e+00 8.096546e-01 8.073103e-01 8.061926e-01 0.000000e+00 0.000000e+00 0.000000e+00 8.372762e-01 1.712339e+00 2.099532e+00 2.441211e+00 7.575784e-01 7.439133e-01 1.242419e+00 1.850350e+00 1.599297e+00 1.567197e+00 6.819110e-01 6.658560e-01 1.882392e+00 -9.999000e+03 -9.999000e+03
2.673620e+02 2.700676e+02 4.298295e+00 3.889151e+00 4.459679e+00 4.344220e+00 2.026755e+00 3.290727e+00 2.968347e+00 2.565699e+00 3.613218e+00 4.493478e+00 4.582895e+00 4.570271e+00 4.550273e+00 4.519413e+00 4.487726e+00 4.453448e+00 4.411590e+00 5.946914e+01 4.244820e+00 4.249233e+00 4.230652e+00 4.240063e+00 4.194331e+00 4.262668e+00 4.170204e+00 1.389150e+01 4.015174e+00 4.152736e+00 8.313234e+00 8.078964e-01 8.075869e-01 0.000000e+00 0.000000e+00 1.310949e+00 8.487162e-01 1.482463e+00 2.203120e+00 2.494771e+00 7.777492e-01 7.711065e-01 7.622990e-01 1.714162e+00 2.132151e+00 1.927779e+00 7.018257e-01 7.035907e-01 7.048694e-01 2.200224e+00 6.576307e-01 1.883138e+00
9.177951e+00 9.215635e+00 2.782608e+02 4.486938e+00 4.165615e+00 4.674369e+00 4.610216e+00 2.647595e+00 3.760999e+00 3.492772e+00 3.148080e+00 4.062007e+00 4.792702e+00 4.855338e+00 4.836407e+00 4.806658e+00 4.765900e+00 4.723947e+00 4.679900e+00 4.629809e+00 6.386299e+01 4.499327e+00 4.492260e+00 4.510798e+00 4.255240e+00 4.309276e+00 4.230271e+00 1.217412e+01 4.093560e+00 4.180588e+00 7.587964e+00 8.087632e-01 0.000000e+00 0.000000e+00 1.153370e+00 1.924219e+00 1.499278e+00 2.022217e+00 2.616594e+00 7.937709e-01 7.869858e-01 7.787931e-01 7.699191e-01 7.577996e-01 2.381604e+00 2.214450e+00 7.380379e-01 1.278543e+00 1.274296e+00 2.526844e+00 7.033522e-01 2.200340e+00
8.603469e-01 1.585824e+00 2.205673e+00 2.793864e+02 2.828188e+02 2.859558e+02 2.893080e+02 4.826662e+00 3.178723e+00 4.153687e+00 3.932485e+00 3.640124e+00 4.433111e+00 5.031480e+00 9.819360e+00 5.006343e+00 4.953834e+00 4.900955e+00 4.846234e+00 4.786424e+00 8.461463e-01 6.407803e+01 9.099733e+00 4.720503e+00 4.517782e+00 4.554545e+00 4.241416e+00 1.049854e+01 4.129978e+00 4.192414e+00 6.830733e+00 0.000000e+00 0.000000e+00 8.086718e-01 1.793192e+00 2.413492e+00 2.041728e+00 2.474225e+00 2.960804e+00 7.987298e-01 7.934162e-01 7.849309e-01 7.763620e-01 7.660302e-01 2.601796e+00 2.461708e+00 1.328800e+00 1.752663e+00 1.743220e+00 2.777347e+00 1.274018e+00 2.532075e+00
2.216042e+00 2.786239e+00 3.277588e+00 3.680156e+00 4.012629e+00 4.300314e+00 4.544954e+00 2.931207e+02 2.967534e+02 2.986758e+02 3.016932e+02 3.044587e+02 3.069167e+02 3.101236e+02 3.138755e+02 3.225551e+02 3.260698e+02 5.055315e+00 5.005820e+00 4.952656e+00 4.897587e+00 1.565746e+00 7.345174e+01 4.881997e+00 4.708448e+00 4.720691e+00 4.450153e+00 8.877710e+00 4.135907e+00 4.191808e+00 0.000000e+00 0.000000e+00 8.150791e-01 8.112346e-01 2.309556e+00 2.823793e+00 2.495753e+00 2.850005e+00 3.243242e+00 8.003427e-01 7.968472e-01 7.893338e-01 7.817430e-01 7.725390e-01 7.611217e-01 7.495562e-01 1.796789e+00 2.128598e+00 2.121672e+00 2.967281e+00 1.752853e+00 2.794019e+00
1.642542e+00 2.306481e+00 2.880605e+00 9.149977e+01 9.467896e+01 9.801719e+01 1.015214e+02 1.050358e+02 1.085719e+02 1.121242e+02 1.157324e+02 1.193738e+02 1.232645e+02 1.270013e+02 1.307420e+02 1.344997e+02 1.339467e+02 4.586800e+02 4.623922e+02 5.044756e+00 5.005459e+00 4.970798e+00 7.532385e+01 4.987697e+00 4.830071e+00 4.817665e+00 4.584055e+00 7.820831e+00 4.121732e+00 0.000000e+00 0.000000e+00 8.146697e-01 8.166008e-01 8.128171e-01 2.745324e+00 3.164394e+00 2.875739e+00 3.162255e+00 8.041424e-01 8.042328e-01 8.015395e-01 7.943429e-01 7.865625e-01 7.784114e-01 7.686439e-01 7.565275e-01 7.454961e-01 2.422474e+00 2.420359e+00 3.101650e+00 2.145749e+00 2.992510e+00
4.077348e+00 8.499938e+01 8.842408e+01 3.942557e+00 3.975352e+00 4.011124e+00 4.043688e+00 4.071637e+00 4.086489e+00 4.116147e+00 4.147477e+00 4.400104e+00 4.274731e+00 4.290908e+00 4.306480e+00 4.320843e+00 8.920706e+00 1.329314e+01 1.324594e+01 4.743517e+02 4.781829e+02 4.816957e+02 4.852410e+02 8.044732e+01 4.880314e+00 4.855850e+00 4.661741e+00 6.727881e+00 0.000000e+00 0.000000e+00 8.255093e-01 1.488509e+00 8.174614e-01 8.134923e-01 3.108786e+00 3.445109e+00 3.193574e+00 3.422312e+00 8.096654e-01 8.100959e-01 8.078453e-01 8.008153e-01 7.915310e-01 7.828333e-01 7.764932e-01 7.685399e-01 7.565766e-01 2.653432e+00 2.649772e+00 3.181970e+00 2.447917e+00 3.123804e+00
8.215423e+01 3.882147e+00 3.899891e+00 3.915929e+00 3.930284e+00 3.946215e+00 3.962147e+00 3.954744e+00 3.977391e+00 4.006286e+00 4.040179e+00 3.874800e+00 3.901549e+00 3.930502e+00 3.959636e+00 4.415489e+00 4.308342e+00 2.061096e+01 2.401501e+01 2.732017e+01 3.037880e+01 2.925182e+01 2.829156e+01 5.119003e+02 8.524109e+01 4.818889e+00 4.684922e+00 8.494556e-01 0.000000e+00 1.237523e+00 1.486161e+00 2.057467e+00 8.196803e-01 1.487682e+00 3.410418e+00 3.674271e+00 3.457819e+00 3.638239e+00 8.139083e-01 8.142505e-01 8.117895e-01 8.055910e-01 7.961896e-01 7.857194e-01 7.803929e-01 7.765562e-01 7.674294e-01 7.560076e-01 2.829563e+00 3.226827e+00 2.677618e+00 3.202481e+00
3.875621e+00 3.876120e+00 3.875886e+00 3.872562e+00 3.869785e+00 3.868583e+00 3.822982e+00 3.831087e+00 3.849625e+00 3.879840e+00 3.625797e+00 3.655375e+00 3.689248e+00 3.725755e+00 4.052664e+00 3.914689e+00 2.132072e+01 4.219229e+00 4.216404e+00 4.064386e+00 4.062906e+00 0.000000e+00 0.000000e+00 0.000000e+00 5.105761e+02 8.470526e+01 4.745228e+00 0.000000e+00 0.000000e+00 1.923547e+00 2.147238e+00 2.533332e+00 8.225549e-01 2.063748e+00 3.660425e+00 3.859013e+00 3.675289e+00 8.148947e-01 8.172506e-01 8.178556e-01 8.143717e-01 8.079951e-01 7.994176e-01 7.880855e-01 7.817402e-01 7.803703e-01 7.762404e-01 7.688961e-01 2.979970e+00 3.258984e+00 2.859838e+00 3.249084e+00
3.876846e+00 3.863148e+00 3.848029e+00 3.832775e+00 3.815114e+00 3.714234e+00 3.704017e+00 3.705321e+00 3.724666e+00 3.342412e+00 3.369299e+00 3.401221e+00 3.437321e+00 3.877600e+00 3.665539e+00 2.269484e+01 4.076994e+00 3.788632e+00 3.628982e+00 3.641485e+00 4.281604e+00 3.870847e+00 4.038342e+00 0.000000e+00 0.000000e+00 0.000000e+00 1.392505e+02 0.000000e+00 8.923962e-01 2.445930e+00 2.680669e+00 3.074260e+00 1.495227e+00 2.548392e+00 3.863253e+00 4.006577e+00 3.853680e+00 8.172231e-01 8.193704e-01 8.212802e-01 8.184327e-01 8.112100e-01 8.021931e-01 7.904737e-01 7.830466e-01 7.814223e-01 7.794532e-01 1.392203e+00 3.109204e+00 3.289480e+00 3.006635e+00 3.279732e+00
3.871857e+00 3.847686e+00 3.826082e+00 3.799991e+00 3.629458e+00 3.600826e+00 3.583897e+00 3.587986e+00 3.032586e+00 3.052211e+00 3.078360e+00 3.110051e+00 3.694358e+00 3.375659e+00 2.353950e+01 3.922019e+00 3.498129e+00 3.293866e+00 3.313808e+00 3.871744e+00 3.375329e+00 3.582923e+00 3.600527e+00 3.727271e+00 3.700487e+00 0.000000e+00 0.000000e+00 0.000000e+00 6.077722e+01 9.000000e+20 5.448885e+00 3.497345e+00 2.037057e+00 2.938123e+00 4.018891e+00 4.123268e+00 4.000966e+00 8.205097e-01 8.211627e-01 8.234010e-01 8.222347e-01 8.155402e-01 8.056431e-01 7.927971e-01 7.842066e-01 7.809869e-01 7.787132e-01 1.904770e+00 3.221203e+00 3.324343e+00 3.126215e+00 3.307865e+00
3.866524e+00 3.840436e+00 3.810208e+00 3.557600e+00 3.515418e+00 3.481536e+00 3.471905e+00 2.700509e+00 2.709161e+00 2.724440e+00 2.748725e+00 3.515572e+00 3.055311e+00 2.419448e+01 3.780199e+00 3.166340e+00 2.900403e+00 2.915533e+00 3.616749e+00 2.979143e+00 3.020291e+00 3.051390e+00 3.226390e+00 3.223681e+00 3.330670e+00 2.726968e+00 0.000000e+00 0.000000e+00 0.000000e+00 0.000000e+00 8.758375e+00 3.801462e+00 2.601914e+00 3.246920e+00 4.133541e+00 4.212833e+00 4.120796e+00 8.231558e-01 8.244906e-01 8.257735e-01 8.251469e-01 8.203141e-01 8.114961e-01 7.990262e-01 7.898956e-01 7.849379e-01 7.812408e-01 2.326239e+00 3.319410e+00 3.368481e+00 3.231155e+00 3.346908e+00
3.867578e+00 3.834063e+00 3.478970e+00 3.429914e+00 3.382777e+00 3.359494e+00 2.328783e+00 2.333448e+00 2.337734e+00 2.351429e+00 3.343791e+00 2.706462e+00 2.499926e+01 3.667887e+00 2.800374e+00 2.462157e+00 2.467778e+00 3.335225e+00 2.519245e+00 2.559901e+00 2.592215e+00 2.614849e+00 2.632710e+00 2.779544e+00 2.771814e+00 0.000000e+00 0.000000e+00 1.620259e+00 2.280203e+00 0.000000e+00 0.000000e+00 0.000000e+00 3.067979e+00 3.687545e+00 4.218037e+00 4.277880e+00 4.214914e+00 8.241832e-01 8.278848e-01 8.285158e-01 8.277268e-01 8.245584e-01 8.181932e-01 8.081934e-01 7.996799e-01 7.932816e-01 7.873896e-01 2.673274e+00 3.405808e+00 3.422743e+00 3.332762e+00 3.407396e+00
