tests/data/reference/test_implicit_stream_rill_mfda/cvsur_m3.asc
ncols	123
nrows	77
xllcorner	-713746.79929998
yllcorner	-1061022.36961616
cellsize	10.0
NODATA_value	-9999
[rows 23 to 45 of 77, columns 0 to 51 of 123]
-9.999000e+03 -9.999000e+03 -9.999000e+03 -9.999000e+03 -9.999000e+03 -9.999000e+03 -9.999000e+03 -9.999000e+03 -9.999000e+03 -9.999000e+03 -9.999000e+03 -9.999000e+03 -9.999000e+03 -9.999000e+03 6.267794e-01 1.963555e+00 2.257293e+00 1.137639e+00 6.617272e-01 4.213208e-01 3.257264e-01 2.589067e+00 5.680670e-01 6.240181e+00 7.826833e+00 4.356274e+00 8.495561e+00 4.983241e+00 2.621836e+00 4.242523e+00 7.989380e-01 1.455219e+00 2.001431e+00 3.432166e+00 1.321904e+01 3.906664e+00 8.900582e+00 8.172616e-01 8.253827e+00 3.971266e+00 3.988064e+00 3.972612e+00 4.064865e+00 3.988009e+00 3.975085e+00 3.827433e+00 3.861592e+00 4.118763e+00 3.513801e+00 2.602698e+00 2.120696e+00 8.399906e-01
-9.999000e+03 -9.999000e+03 -9.999000e+03 -9.999000e+03 -9.999000e+03 -9.999000e+03 -9.999000e+03 -9.999000e+03 -9.999000e+03 -9.999000e+03 -9.999000e+03 -9.999000e+03 -9.999000e+03 -9.999000e+03 8.460995e-01 5.466024e+00 4.063639e+00 1.211804e+00 6.517133e-01 7.440895e-01 2.305513e+00 4.788267e+00 8.246168e-01 1.170728e+00 6.328387e+00 1.208467e+01 8.261290e+00 5.041998e+00 3.065309e+00 8.602720e-01 4.053168e+00 1.452677e+00 1.998395e+00 2.449685e+00 1.643255e+01 3.931760e+00 8.362617e+00 8.201133e-01 8.913556e+00 4.052672e+00 4.078049e+00 4.081603e+00 4.146398e+00 4.105978e+00 4.095215e+00 3.987925e+00 4.004133e+00 4.167654e+00 3.756015e+00 3.022181e+00 8.409883e-01 2.626132e+00
-9.999000e+03 -9.999000e+03 -9.999000e+03 -9.999000e+03 -9.999000e+03 -9.999000e+03 -9.999000e+03 -9.999000e+03 -9.999000e+03 -9.999000e+03 -9.999000e+03 -9.999000e+03 -9.999000e+03 -9.999000e+03 4.426483e+00 1.081708e+00 6.913510e-01 6.902818e-01 6.832245e-01 3.725343e-01 3.001458e+00 2.742667e+00 5.063922e+00 1.495320e+00 1.751778e+00 6.395160e+00 2.003417e+01 5.052227e+00 3.436492e+00 8.655563e-01 1.581826e+00 4.179586e+00 2.105923e+00 2.437097e+00 2.805803e+00 2.004492e+01 8.103556e-01 7.786573e+00 1.494031e+00 1.274444e+01 4.146625e+00 4.164181e+00 4.216225e+00 4.199470e+00 4.191765e+00 4.115534e+00 4.121837e+00 4.224642e+00 3.958150e+00 3.379492e+00 1.548347e+00 8.512531e-01
-9.999000e+03 -9.999000e+03 -9.999000e+03 -9.999000e+03 -9.999000e+03 -9.999000e+03 -9.999000e+03 -9.999000e+03 -9.999000e+03 -9.999000e+03 -9.999000e+03 -9.999000e+03 7.333110e-01 6.614236e-01 4.069997e+00 1.202981e+00 6.961217e-01 4.933111e-01 3.264682e-01 2.567313e+00 2.283632e+00 5.434231e+00 3.169681e+00 5.377261e+00 2.053028e+00 2.261370e+00 2.603178e+01 5.008531e+00 3.733691e+00 1.577793e+00 8.601557e-01 2.190325e+00 4.288169e+00 2.636061e+00 2.932294e+00 3.090956e+00 1.992458e+01 1.479393e+00 7.174265e+00 2.055700e+00 1.687608e+01 4.223033e+00 4.269477e+00 4.268955e+00 4.266392e+00 4.216342e+00 4.220745e+00 4.288738e+00 4.128017e+00 3.684303e+00 2.156571e+00 8.554118e-01
-9.999000e+03 -9.999000e+03 -9.999000e+03 -9.999000e+03 -9.999000e+03 -9.999000e+03 -9.999000e+03 -9.999000e+03 -9.999000e+03 -9.999000e+03 -9.999000e+03 -9.999000e+03 -9.999000e+03 7.246829e-01 1.117264e+00 1.062039e+00 5.615972e-01 2.909643e-01 2.666879e+00 2.573452e+00 2.737255e+00 2.898969e+00 8.354280e+00 1.144645e+01 1.665240e+01 1.845099e+01 2.038013e+01 2.552692e+01 4.906411e+00 3.956986e+00 2.169190e+00 1.565846e+00 2.688325e+00 4.370568e+00 3.065559e+00 3.347530e+00 3.513911e+00 2.010064e+01 2.039005e+00 6.536110e+00 1.895360e+01 4.259926e+00 4.303275e+00 4.315147e+00 4.321515e+00 4.296941e+00 4.307493e+00 4.358928e+00 4.272840e+00 3.944400e+00 2.682224e+00 1.576085e+00
-9.999000e+03 -9.999000e+03 -9.999000e+03 -9.999000e+03 -9.999000e+03 -9.999000e+03 -9.999000e+03 -9.999000e+03 -9.999000e+03 -9.999000e+03 -9.999000e+03 -9.999000e+03 -9.999000e+03 -9.999000e+03 -9.999000e+03 6.309115e-01 1.755474e-01 1.881238e+00 3.754177e+00 4.106720e+00 4.430427e+00 4.631945e+00 4.729576e+00 4.742983e+00 4.689341e+00 4.585968e+00 4.438503e+00 2.437079e+01 4.923872e+01 4.770422e+00 4.112724e+00 2.642321e+00 2.128373e+00 3.074239e+00 4.431233e+00 3.431194e+00 3.697963e+00 3.857467e+00 1.994360e+01 2.638281e+00 2.509932e+01 4.279791e+00 4.323411e+00 4.346838e+00 4.365121e+00 4.365087e+00 4.386525e+00 4.432150e+00 4.396940e+00 4.165197e+00 3.135433e+00 2.193434e+00
-9.999000e+03 -9.999000e+03 -9.999000e+03 -9.999000e+03 -9.999000e+03 -9.999000e+03 -9.999000e+03 -9.999000e+03 -9.999000e+03 -9.999000e+03 -9.999000e+03 -9.999000e+03 -9.999000e+03 -9.999000e+03 -9.999000e+03 -9.999000e+03 2.777279e-01 2.334261e+00 2.702751e+00 3.056712e+00 3.305927e+00 3.456667e+00 3.532024e+00 3.558737e+00 3.559013e+00 3.554788e+00 3.553977e+00 3.553765e+00 3.560625e+00 5.232066e+01 5.668216e+01 6.034867e+01 2.998336e+00 2.569353e+00 3.375543e+00 4.478764e+00 7.923317e+00 1.157497e+01 4.123597e+00 1.967363e+01 3.146566e+00 2.947899e+01 4.340043e+00 4.375657e+00 4.406803e+00 4.428258e+00 4.461082e+00 4.505472e+00 4.503412e+00 4.350869e+00 3.523023e+00 2.720729e+00
-9.999000e+03 -9.999000e+03 -9.999000e+03 -9.999000e+03 -9.999000e+03 -9.999000e+03 -9.999000e+03 -9.999000e+03 -9.999000e+03 -9.999000e+03 -9.999000e+03 -9.999000e+03 -9.999000e+03 -9.999000e+03 -9.999000e+03 -9.999000e+03 1.881927e+00 1.594884e+00 1.881149e+00 2.160225e+00 2.401357e+00 2.449481e+01 2.366284e+01 2.277525e+01 2.184114e+01 2.086648e+01 1.984618e+01 1.877020e+01 1.765006e+01 1.650319e+01 1.531903e+01 1.407920e+01 7.346925e+01 7.517281e+01 7.628903e+01 7.861770e+01 7.759737e+01 7.659402e+01 8.717543e+01 9.031649e+01 1.090146e+02 1.111863e+02 3.395451e+01 4.623248e+00 4.671914e+00 4.474524e+00 4.521295e+00 4.569109e+00 4.590232e+00 4.501484e+00 3.845881e+00 3.161704e+00
-9.999000e+03 -9.999000e+03 -9.999000e+03 -9.999000e+03 -9.999000e+03 -9.999000e+03 -9.999000e+03 -9.999000e+03 -9.999000e+03 -9.999000e+03 -9.999000e+03 -9.999000e+03 -9.999000e+03 -9.999000e+03 -9.999000e+03 1.881943e+00 1.562838e+00 1.801755e+00 1.558961e+01 1.784754e+01 2.285116e+01 2.961694e+00 5.886974e+00 8.809992e+00 8.663943e+00 1.457048e+01 1.737667e+01 2.018061e+01 1.970431e+01 1.916898e+01 1.857169e+01 1.790166e+01 1.714743e+01 1.629197e+01 1.535359e+01 1.436723e+01 4.608382e+01 4.726294e+01 4.904241e+01 5.199254e+01 5.490012e+01 5.772597e+01 1.679495e+02 2.009233e+02 2.045445e+02 4.860808e+00 9.167374e+00 4.608342e+00 4.652072e+00 4.613988e+00 4.100177e+00 3.513563e+00
-9.999000e+03 -9.999000e+03 -9.999000e+03 -9.999000e+03 -9.999000e+03 -9.999000e+03 -9.999000e+03 -9.999000e+03 -9.999000e+03 -9.999000e+03 -9.999000e+03 -9.999000e+03 -9.999000e+03 -9.999000e+03 1.880769e+00 3.752922e+00 1.216363e+01 1.441718e+01 2.590359e+00 5.658748e+00 2.756690e+00 2.872650e+00 2.983649e+00 3.197471e+00 6.150608e+00 3.134065e+00 3.211367e+00 3.035165e+00 3.111055e+00 3.398236e+00 3.630130e+00 1.533806e+01 1.820700e+01 2.113256e+01 2.401612e+01 3.272702e+01 1.998589e+00 2.488467e+00 3.619305e+00 3.566884e+00 3.478477e+00 3.519698e+00 7.475401e+00 1.095849e+01 1.437845e+01 2.179350e+02 2.217815e+02 2.299097e+02 4.848564e+00 9.447885e+00 4.265334e+00 3.761689e+00
-9.999000e+03 -9.999000e+03 -9.999000e+03 -9.999000e+03 -9.999000e+03 -9.999000e+03 -9.999000e+03 -9.999000e+03 -9.999000e+03 -9.999000e+03 -9.999000e+03 -9.999000e+03 -9.999000e+03 -9.999000e+03 1.881627e+00 9.014848e+00 2.807862e+00 2.548772e+00 6.768089e+00 2.464839e+00 2.595406e+00 2.722677e+00 2.990983e+00 2.859997e+00 2.863755e+00 2.962302e+00 2.962764e+00 3.024041e+00 5.995261e+00 8.945518e+00 1.176036e+01 3.049226e+00 3.228948e+00 3.291482e+00 9.196959e+00 1.407546e+00 1.942747e+00 3.272343e+00 3.162654e+00 3.025725e+00 3.062262e+00 3.688569e+00 3.329939e+00 3.375725e+00 3.547124e+00 7.014478e+00 1.001838e+01 1.302359e+01 2.447532e+02 2.485502e+02 2.568836e+02 4.502268e+00
-9.999000e+03 -9.999000e+03 -9.999000e+03 -9.999000e+03 -9.999000e+03 -9.999000e+03 -9.999000e+03 -9.999000e+03 -9.999000e+03 -9.999000e+03 -9.999000e+03 -9.999000e+03 -9.999000e+03 3.751666e+00 8.246854e+00 2.857302e+00 2.483288e+00 7.857699e+00 2.285473e+00 2.461949e+00 2.633503e+00 2.725665e+00 2.790373e+00 2.766879e+00 2.937145e+00 2.893465e+00 2.937724e+00 3.006135e+00 3.088841e+00 3.046437e+00 2.840923e+00 3.104853e+00 3.205534e+00 9.394136e+00 7.873536e-01 1.430973e+00 3.101133e+00 2.920151e+00 2.714057e+00 2.733430e+00 3.280186e+00 2.807958e+00 2.850597e+00 3.051396e+00 3.101291e+00 2.743048e+00 2.844391e+00 2.851837e+00 2.850554e+00 5.614797e+00 8.198995e+00 2.639911e+02
-9.999000e+03 -9.999000e+03 -9.999000e+03 -9.999000e+03 -9.999000e+03 -9.999000e+03 -9.999000e+03 -9.999000e+03 -9.999000e+03 -9.999000e+03 -9.999000e+03 -9.999000e+03 1.880504e+00 5.617908e+00 2.901837e+00 2.433528e+00 8.921392e+00 2.023808e+00 2.262861e+00 2.507518e+00 2.633226e+00 2.715041e+00 2.650185e+00 2.942087e+00 2.822415e+00 2.859747e+00 2.912007e+00 2.983963e+00 2.860616e+00 2.560752e+00 2.926180e+00 3.080132e+00 7.556494e+00 1.944859e+00 7.912538e-01 2.888211e+00 2.624174e+00 2.345320e+00 2.350518e+00 3.051199e+00 2.396477e+00 2.427976e+00 2.465201e+00 2.512906e+00 2.095501e+00 2.221844e+00 2.232257e+00 2.245382e+00 2.328502e+00 2.308680e+00 4.414331e+00 6.880701e+00
-9.999000e+03 -9.999000e+03 -9.999000e+03 -9.999000e+03 -9.999000e+03 -9.999000e+03 -9.999000e+03 -9.999000e+03 -9.999000e+03 -9.999000e+03 -9.999000e+03 -9.999000e+03 3.750022e+00 2.933216e+00 2.427930e+00 9.970083e+00 1.680581e+00 1.989641e+00 2.327945e+00 2.504702e+00 2.619825e+00 2.501493e+00 3.005850e+00 2.749376e+00 2.784653e+00 2.830585e+00 2.890943e+00 2.643619e+00 2.216447e+00 2.700639e+00 2.928310e+00 6.776733e+00 7.949052e-01 1.417429e+00 2.637678e+00 2.267630e+00 1.905904e+00 1.899782e+00 2.796280e+00 1.920084e+00 1.941329e+00 1.972077e+00 2.017345e+00 1.508269e+00 1.508776e+00 1.515472e+00 1.525161e+00 1.634527e+00 1.634646e+00 4.110991e+00 2.264401e+00 2.232652e+00
-9.999000e+03 -9.999000e+03 -9.999000e+03 -9.999000e+03 -9.999000e+03 -9.999000e+03 -9.999000e+03 -9.999000e+03 -9.999000e+03 -9.999000e+03 -9.999000e+03 1.878774e+00 2.997554e+00 2.471317e+00 1.099910e+01 1.244748e+00 1.638643e+00 2.095758e+00 2.337513e+00 2.494964e+00 2.293175e+00 3.132123e+00 2.668230e+00 2.706860e+00 2.755196e+00 2.814885e+00 2.396573e+00 1.809798e+00 2.439231e+00 2.763014e+00 2.404009e+00 4.299668e+00 7.775193e-01 2.347822e+00 1.845153e+00 1.388076e+00 1.376417e+00 2.516720e+00 1.376314e+00 1.385289e+00 1.403848e+00 1.442806e+00 8.233525e-01 8.218250e-01 8.236120e-01 8.283760e-01 8.320868e-01 8.350083e-01 3.719423e+00 1.601457e+00 1.587056e+00 1.583558e+00
-9.999000e+03 -9.999000e+03 -9.999000e+03 -9.999000e+03 -9.999000e+03 -9.999000e+03 -9.999000e+03 -9.999000e+03 -9.999000e+03 -9.999000e+03 1.878041e+00 3.745738e+00 2.566941e+00 1.201743e+01 6.916116e-01 1.199936e+00 1.813478e+00 2.141519e+00 2.354128e+00 2.009829e+00 3.307931e+00 2.568638e+00 2.616670e+00 2.675662e+00 2.743432e+00 2.107916e+00 1.329369e+00 2.135249e+00 2.585184e+00 2.098126e+00 2.068663e+00 2.035077e+00 2.015909e+00 1.340112e+00 7.707350e-01 7.591006e-01 2.203503e+00 7.522669e-01 7.537376e-01 7.578533e-01 7.769512e-01 8.057913e-01 1.474584e+00 2.032059e+00 2.498701e+00 2.891133e+00 3.219613e+00 3.491886e+00 8.242844e-01 8.161022e-01 8.158778e-01 8.954988e-01
-9.999000e+03 -9.999000e+03 -9.999000e+03 -9.999000e+03 -9.999000e+03 -9.999000e+03 -9.999000e+03 -9.999000e+03 -9.999000e+03 -9.999000e+03 1.876776e+00 2.690993e+00 1.190351e+01 1.131585e+00 6.621360e-01 1.484574e+00 1.926526e+00 2.216737e+00 1.650741e+00 3.512710e+00 2.460614e+00 2.517365e+00 2.590373e+00 2.669877e+00 1.748654e+00 7.426372e-01 1.766986e+00 2.371908e+00 1.740172e+00 1.710454e+00 1.672938e+00 1.645453e+00 7.321935e-01 7.587638e-01 1.364207e+00 1.833233e+00 7.383324e-01 1.305270e+00 1.751428e+00 2.111266e+00 7.732311e-01 8.034008e-01 1.468104e+00 2.018580e+00 2.474800e+00 2.853680e+00 3.168174e+00 3.428478e+00 3.638113e+00 3.797068e+00 3.915358e+00 4.007825e+00
-9.999000e+03 -9.999000e+03 -9.999000e+03 -9.999000e+03 -9.999000e+03 -9.999000e+03 -9.999000e+03 -9.999000e+03 -9.999000e+03 1.876921e+00 2.859631e+00 1.147239e+01 1.415625e+00 6.518359e-01 1.110535e+00 1.700809e+00 2.098759e+00 1.209290e+00 3.726306e+00 2.359376e+00 2.420032e+00 2.506283e+00 2.592906e+00 1.301048e+00 7.370571e-01 1.309519e+00 2.101013e+00 1.293125e+00 1.277903e+00 1.244863e+00 1.216324e+00 7.132628e-01 1.278732e+00 1.752004e+00 2.142701e+00 2.448244e+00 2.676113e+00 2.836148e+00 7.520710e-01 7.710916e-01 2.439917e+00 1.428277e+00 1.978663e+00 2.430557e+00 2.796828e+00 3.091436e+00 3.329431e+00 3.525070e+00 3.684090e+00 3.808967e+00 3.904127e+00 3.974948e+00
-9.999000e+03 -9.999000e+03 -9.999000e+03 -9.999000e+03 -9.999000e+03 -9.999000e+03 -9.999000e+03 -9.999000e+03 -9.999000e+03 1.878562e+00 1.053253e+01 1.882692e+00 1.090999e+00 6.442794e-01 1.447099e+00 2.001638e+00 6.740335e-01 3.931203e+00 2.284275e+00 2.339461e+00 2.435889e+00 2.513247e+00 7.315726e-01 7.390363e-01 1.313012e+00 1.755268e+00 7.273225e-01 7.238430e-01 7.118697e-01 6.880625e-01 6.895714e-01 1.239655e+00 1.696418e+00 2.082903e+00 2.405617e+00 2.665712e+00 2.867300e+00 7.594234e-01 2.967634e+00 1.381689e+00 1.416739e+00 2.736492e+00 2.993231e+00 3.203451e+00 3.370253e+00 3.501963e+00 3.606867e+00 3.693443e+00 3.766094e+00 3.828082e+00 7.565925e+01 7.839807e+01
-9.999000e+03 -9.999000e+03 -9.999000e+03 -9.999000e+03 -9.999000e+03 -9.999000e+03 -9.999000e+03 -9.999000e+03 3.748323e+00 2.972851e+00 8.382555e+00 1.742732e+00 6.378017e-01 1.107278e+00 1.892244e+00 2.052733e+00 4.111505e+00 2.244109e+00 2.290581e+00 2.401206e+00 2.436157e+00 1.280004e+00 1.723610e+00 2.079736e+00 2.356534e+00 1.364393e+01 1.540898e+01 1.472438e+01 1.395606e+01 1.308789e+01 1.214354e+01 1.115871e+01 1.014148e+01 9.097447e+00 8.029435e+00 6.937710e+00 5.822963e+00 7.560010e+00 7.231981e+00 9.498634e+00 1.063172e+01 1.174658e+01 1.138863e+01 1.096823e+01 1.049223e+01 9.971269e+00 9.407242e+00 8.798987e+00 8.148897e+00 7.303001e+01 3.886276e+00 3.871829e+00
-9.999000e+03 -9.999000e+03 -9.999000e+03 -9.999000e+03 -9.999000e+03 -9.999000e+03 -9.999000e+03 1.877892e+00 3.746270e+00 7.961969e+00 1.166803e+00 1.498694e+00 6.452890e-01 1.726887e+00 1.945842e+00 2.171174e+00 2.229934e+00 2.276238e+00 2.426696e+00 2.363205e+00 7.208081e-01 7.268148e-01 1.294006e+00 1.016094e+01 1.181740e+01 2.376274e+00 1.760455e+00 2.101825e+00 2.350250e+00 2.508858e+00 2.612598e+00 2.701288e+00 2.789938e+00 2.886075e+00 2.988761e+00 3.089884e+00 3.179740e+00 3.249288e+00 3.304394e+00 3.357150e+00 3.407352e+00 3.450729e+00 3.487236e+00 3.517151e+00 3.543691e+00 3.571652e+00 3.597152e+00 3.613023e+00 6.609036e+01 3.913304e+00 3.898970e+00 3.878282e+00
-9.999000e+03 -9.999000e+03 -9.999000e+03 -9.999000e+03 -9.999000e+03 -9.999000e+03 -9.999000e+03 1.876360e+00 7.725308e-01 7.880523e+00 6.699835e-01 1.140476e+00 1.488923e+00 1.778202e+00 2.107505e+00 2.196783e+00 2.272448e+00 2.533826e+00 2.293220e+00 2.386484e+00 4.702768e+00 6.979482e+00 9.237785e+00 2.100930e+00 2.108510e+00 1.315204e+00 7.426982e-01 1.319468e+00 1.766617e+00 2.098958e+00 2.350495e+00 2.556240e+00 2.728638e+00 2.874342e+00 2.997033e+00 3.097385e+00 3.874758e+01 4.091100e+01 4.308110e+01 4.526232e+01 4.745449e+01 4.965657e+01 5.206295e+01 5.079744e+01 4.941952e+01 4.777059e+01 6.103193e+01 6.369732e+01 3.941137e+00 3.926598e+00 3.905046e+00 3.879666e+00
-9.999000e+03 -9.999000e+03 -9.999000e+03 -9.999000e+03 -9.999000e+03 -9.999000e+03 -9.999000e+03 2.229606e-01 6.797207e+00 1.726462e+00 6.499770e-01 1.137715e+00 1.529887e+00 1.992647e+00 2.121943e+00 2.235723e+00 2.712177e+00 2.211716e+00 2.300933e+00 2.376255e+00 2.458009e+00 2.547265e+00 1.753310e+00 1.757577e+00 7.357201e-01 7.458688e-01 1.331321e+00 1.790954e+00 2.146293e+00 2.411914e+00 2.609365e+00 2.761940e+00 2.881144e+00 3.246289e+01 3.466455e+01 3.686761e+01 3.431822e+00 3.484255e+00 3.533153e+00 3.582838e+00 3.635636e+00 3.698468e+00 3.754797e+00 7.445983e+00 1.108858e+01 1.468390e+01 3.944805e+00 3.954282e+00 3.948927e+00 3.930654e+00 3.908511e+00 3.879706e+00
