tests/data/reference/test_implicit_stream_rill_mfda/cvsur_m3.asc
ncols	123
nrows	77
xllcorner	-713746.79929998
yllcorner	-1061022.36961616
cellsize	10.0
NODATA_value	-9999
[rows 46 to 68 of 77, columns 52 to 103 of 123]
3.863921e+00 3.383560e+00 3.328749e+00 3.271921e+00 3.236348e+00 1.890325e+00 1.896744e+00 1.900054e+00 1.908147e+00 3.175614e+00 2.322904e+00 2.618904e+01 3.594064e+00 2.397096e+00 1.977472e+00 1.974929e+00 3.036602e+00 2.004344e+00 2.040619e+00 2.069487e+00 2.086465e+00 2.105895e+00 2.126414e+00 2.132107e+00 4.094278e+00 0.000000e+00 4.540206e-01 8.944245e-01 1.646473e+00 2.295439e+00 2.841403e+00 0.000000e+00 0.000000e+00 0.000000e+00 4.499457e+00 4.313749e+00 4.280862e+00 8.214533e-01 8.283296e-01 8.294972e-01 8.285165e-01 8.257017e-01 8.212836e-01 8.143275e-01 8.079886e-01 8.023266e-01 7.963073e-01 2.963498e+00 3.486837e+00 3.486835e+00 3.434736e+00 3.488495e+00
3.261221e+00 3.208603e+00 3.142319e+00 3.093513e+00 1.372449e+00 1.378209e+00 1.379395e+00 1.386861e+00 2.994558e+00 1.888332e+00 2.735034e+01 3.555280e+00 1.941866e+00 1.428312e+00 1.423411e+00 2.718357e+00 1.427761e+00 1.452770e+00 1.477833e+00 1.488717e+00 1.498034e+00 1.516273e+00 1.532682e+00 3.934792e+00 8.355149e-01 0.000000e+00 4.792091e-01 1.246602e+00 1.935723e+00 2.551284e+00 3.090289e+00 3.549526e+00 4.050436e+00 0.000000e+00 0.000000e+00 4.305953e+00 4.311679e+00 8.137799e-01 8.253229e-01 8.287644e-01 8.277905e-01 8.241393e-01 8.210389e-01 8.173679e-01 8.143768e-01 8.112099e-01 8.066429e-01 3.212400e+00 3.569899e+00 3.560925e+00 3.537379e+00 3.583072e+00
3.046160e+00 2.986720e+00 2.924094e+00 7.552570e-01 7.619386e-01 7.608752e-01 7.623015e-01 2.778798e+00 1.374214e+00 2.847068e+01 3.542992e+00 1.409075e+00 7.868509e-01 7.832563e-01 2.363630e+00 7.793645e-01 7.858749e-01 8.001525e-01 8.077974e-01 8.096782e-01 8.160524e-01 8.266558e-01 3.746301e+00 1.527823e+00 2.133824e+00 0.000000e+00 5.727872e-01 3.082752e+00 3.599089e+00 4.061389e+00 4.465557e+00 4.805683e+00 5.062270e+00 7.974524e-01 0.000000e+00 4.494876e+00 4.305445e+00 8.044013e-01 8.198336e-01 8.268844e-01 8.272402e-01 8.231003e-01 8.208016e-01 8.194634e-01 8.191513e-01 8.181384e-01 8.146667e-01 3.429306e+00 3.659191e+00 3.645074e+00 3.640795e+00 3.683017e+00
2.761448e+00 2.709021e+00 7.451941e-01 1.340450e+00 1.824840e+00 2.214368e+00 2.523985e+00 7.564466e-01 2.953910e+01 3.548765e+00 7.743105e-01 7.821174e-01 1.417023e+00 1.937527e+00 7.795399e-01 1.408428e+00 1.931426e+00 2.374358e+00 2.748667e+00 3.060323e+00 3.320123e+00 3.540022e+00 8.232813e-01 8.383104e-01 4.980648e+00 0.000000e+00 1.885116e+00 1.893864e+00 2.574294e+00 3.176845e+00 3.706574e+00 4.163191e+00 4.536244e+00 5.232801e+00 0.000000e+00 0.000000e+00 4.265325e+00 7.946225e-01 8.121213e-01 8.228238e-01 8.258875e-01 8.230067e-01 8.214255e-01 8.212443e-01 8.228702e-01 8.236827e-01 8.208752e-01 3.621031e+00 3.757256e+00 3.739560e+00 3.744140e+00 3.780159e+00
2.400179e+00 1.412141e+01 1.349175e+01 1.278407e+01 1.200668e+01 1.116425e+01 1.025771e+01 3.055148e+01 3.559305e+00 7.659659e-01 1.386493e+00 1.901488e+00 2.327396e+00 2.674166e+00 2.953824e+00 3.177917e+00 3.359496e+00 3.511857e+00 3.640348e+00 3.747348e+00 3.836168e+00 3.909975e+00 3.979146e+00 4.055811e+00 5.289429e+00 0.000000e+00 1.210727e+00 8.392028e-01 1.649075e+00 2.365295e+00 2.999247e+00 3.556433e+00 4.029769e+00 8.808171e+00 5.325321e+00 0.000000e+00 4.446750e+00 7.878203e-01 8.056076e-01 8.180330e-01 8.231088e-01 8.222464e-01 8.218529e-01 8.219671e-01 1.506198e+00 1.510105e+00 8.260303e-01 3.792806e+00 3.862865e+00 3.841771e+00 3.847261e+00 3.872812e+00
1.466285e+01 3.731875e+00 7.312696e+00 7.942879e+00 1.141150e+01 1.788525e+01 2.124346e+01 3.561164e+00 3.395741e+00 3.450447e+00 3.490757e+00 3.521320e+00 3.547922e+00 3.573711e+00 3.601380e+00 3.633146e+00 7.193589e+00 7.056378e+00 6.881356e+00 6.674702e+00 6.435463e+00 6.160736e+00 5.863638e+00 5.565223e+00 3.793302e+00 0.000000e+00 8.358588e-01 1.541997e+00 2.155360e+00 2.834220e+00 3.433999e+00 3.961727e+00 4.412633e+00 4.772289e+00 8.937468e+00 0.000000e+00 0.000000e+00 8.545585e-01 8.018389e-01 8.141878e-01 8.200102e-01 8.208443e-01 8.220452e-01 8.221602e-01 2.085122e+00 2.094216e+00 8.297813e-01 3.949031e+00 3.973188e+00 3.948117e+00 3.950605e+00 3.963436e+00
3.641328e+00 3.634479e+00 7.783273e-01 3.718969e+00 6.864870e+00 3.854352e+00 3.532369e+00 3.317839e+00 3.555641e+00 3.591543e+00 3.616919e+00 3.630220e+00 3.635947e+00 3.639363e+00 3.644103e+00 3.653398e+00 7.899319e-01 1.447975e+00 2.010145e+00 2.490415e+00 2.889624e+00 3.198192e+00 3.433690e+00 3.624269e+00 8.148969e-01 0.000000e+00 1.402848e+00 2.081391e+00 2.637311e+00 3.127198e+00 3.722651e+00 4.239753e+00 4.680931e+00 5.041976e+00 5.045916e+00 9.119052e+00 0.000000e+00 1.572874e+00 8.018510e-01 8.106977e-01 8.150736e-01 8.161002e-01 8.191162e-01 1.502587e+00 2.575382e+00 2.590582e+00 1.522199e+00 4.092107e+00 4.086405e+00 4.056525e+00 4.053064e+00 4.053027e+00
3.497426e+00 3.505565e+00 3.642741e+00 7.030497e+00 3.873799e+00 3.454713e+00 3.193591e+00 3.504032e+00 3.708033e+00 7.016136e+00 6.901664e+00 6.721556e+00 6.482353e+00 6.190890e+00 5.858374e+00 5.499001e+00 5.133613e+00 4.787583e+00 4.486320e+00 4.262159e+00 4.136159e+00 4.083519e+00 7.936029e+00 8.555475e+00 8.367693e+00 0.000000e+00 2.898287e+00 3.142444e+00 3.411250e+00 3.711560e+00 4.008018e+00 4.477697e+00 4.883653e+00 5.229551e+00 5.332022e+00 1.411650e+01 0.000000e+00 0.000000e+00 8.817077e-01 8.088492e-01 8.086007e-01 8.075767e-01 1.488888e+00 2.076069e+00 2.990465e+00 3.012908e+00 2.114051e+00 4.222662e+00 4.200618e+00 4.165681e+00 4.153228e+00 4.142202e+00
3.315867e+00 3.772053e+00 7.111704e+00 3.867461e+00 3.325500e+00 3.009914e+00 3.413663e+00 3.689648e+00 3.362757e+00 3.753801e+00 3.794019e+00 3.826763e+00 3.846246e+00 3.846872e+00 3.832830e+00 3.813226e+00 3.798663e+00 3.800158e+00 3.823603e+00 3.871563e+00 3.930695e+00 3.971508e+00 7.802966e-01 8.038747e-01 1.481275e+00 0.000000e+00 1.561550e+00 2.227322e+00 2.774217e+00 3.499743e+00 4.181951e+00 4.355584e+00 4.798856e+00 5.197056e+00 1.079169e+01 1.934221e+01 9.215671e-01 0.000000e+00 8.918288e-01 8.885261e-01 8.106783e-01 8.091577e-01 2.054301e+00 2.562293e+00 3.342502e+00 3.372173e+00 2.619474e+00 4.340199e+00 4.311626e+00 4.273134e+00 4.250981e+00 4.230727e+00
3.664102e+00 3.324773e+00 3.823436e+00 3.133325e+00 2.761295e+00 3.272884e+00 3.647958e+00 3.198267e+00 3.713632e+00 7.916657e-01 7.164043e+00 1.039121e+01 1.024334e+01 1.650130e+01 1.999061e+01 1.955945e+01 1.905763e+01 1.849469e+01 1.787488e+01 1.720392e+01 1.647571e+01 1.567136e+01 1.480539e+01 1.390620e+01 0.000000e+00 0.000000e+00 8.705238e-01 1.590456e+00 2.219317e+00 2.770421e+00 3.249646e+00 3.658430e+00 4.004083e+00 4.494916e+00 4.907945e+00 1.091106e+01 2.009278e+01 0.000000e+00 9.017750e-01 8.974373e-01 8.201595e-01 1.488024e+00 2.541931e+00 2.981378e+00 3.643277e+00 3.677833e+00 3.051000e+00 4.443496e+00 4.414550e+00 4.375838e+00 4.346519e+00 4.318107e+00
3.062414e+00 3.742639e+00 2.854260e+00 2.433106e+00 3.072588e+00 3.569534e+00 2.982625e+00 3.672606e+00 3.223128e+00 6.345087e+00 3.289650e+00 3.313147e+00 6.509200e+00 3.839232e+00 3.514544e+00 6.910067e+00 6.891866e+00 6.811735e+00 6.682807e+00 6.513169e+00 6.302162e+00 6.043767e+00 5.756655e+00 5.469661e+00 0.000000e+00 4.468872e-01 1.168604e+00 1.822676e+00 2.403591e+00 2.911943e+00 3.353942e+00 3.735889e+00 4.063691e+00 4.342784e+00 4.778421e+00 9.951396e+00 3.101281e+01 0.000000e+00 0.000000e+00 9.145469e-01 1.620039e+00 2.078178e+00 2.967361e+00 3.344117e+00 3.899477e+00 3.936491e+00 3.418823e+00 4.532748e+00 4.505585e+00 4.468602e+00 4.434997e+00 4.399631e+00
3.649407e+00 2.479278e+00 2.002135e+00 2.799915e+00 3.447444e+00 2.700533e+00 3.615471e+00 2.985714e+00 3.018031e+00 3.040402e+00 3.057062e+00 3.076353e+00 3.776515e+00 3.325796e+00 3.340064e+00 3.823856e+00 7.186205e+00 1.050867e+01 1.449311e+01 1.456915e+01 1.420526e+01 1.381610e+01 1.336288e+01 1.286682e+01 0.000000e+00 4.715958e-01 1.175074e+00 1.821631e+00 2.391813e+00 2.885308e+00 3.313801e+00 3.689618e+00 4.017389e+00 4.299452e+00 4.745129e+00 5.116896e+00 1.537728e+01 3.120622e+01 0.000000e+00 1.725232e+00 2.343031e+00 2.598102e+00 3.341209e+00 3.658098e+00 4.115957e+00 4.153212e+00 3.731124e+00 4.609346e+00 4.582009e+00 4.545293e+00 4.508855e+00 4.467585e+00
2.016815e+00 1.460560e+00 2.439565e+00 3.271158e+00 2.343953e+00 3.539397e+00 2.686975e+00 2.716628e+00 2.737825e+00 2.749822e+00 2.759893e+00 3.695468e+00 3.071360e+00 3.092184e+00 3.740663e+00 3.342159e+00 3.377011e+00 3.847003e+00 3.629095e+00 7.193006e+00 7.245307e+00 7.232616e+00 7.168149e+00 7.060143e+00 0.000000e+00 4.644513e-01 1.175533e+00 1.816553e+00 2.378083e+00 2.861918e+00 1.526735e+01 1.604444e+01 1.677484e+01 2.498280e+01 2.797538e+01 2.875306e+01 2.984731e+01 7.664882e+01 0.000000e+00 0.000000e+00 2.991965e+00 3.215598e+00 3.667322e+00 3.927204e+00 4.296478e+00 4.331492e+00 3.992059e+00 4.672758e+00 4.643222e+00 4.605230e+00 4.567460e+00 4.521338e+00
8.101997e-01 1.999000e+00 3.039199e+00 1.903669e+00 3.440598e+00 2.324800e+00 2.350683e+00 2.368261e+00 2.379247e+00 2.384896e+00 3.618560e+00 2.750099e+00 2.777139e+00 3.650367e+00 3.078160e+00 3.105850e+00 3.727306e+00 3.386870e+00 3.443395e+00 3.508717e+00 6.681806e+00 7.638951e+00 8.826643e+00 1.185032e+01 0.000000e+00 1.113867e+00 1.760661e+00 4.040140e+00 7.621068e+00 1.172141e+01 2.677598e+00 5.079785e+00 7.494466e+00 2.217605e+00 2.233407e+00 4.765107e+00 7.305439e+00 8.177935e+00 8.486114e+01 0.000000e+00 0.000000e+00 3.757686e+00 4.144723e+00 4.153128e+00 4.443881e+00 4.474255e+00 4.204090e+00 4.721519e+00 4.689473e+00 4.650507e+00 4.614064e+00 4.564733e+00
1.467553e+00 2.759246e+00 1.378560e+00 3.314440e+00 1.887290e+00 1.914317e+00 1.928354e+00 1.934917e+00 1.936379e+00 3.554958e+00 2.368159e+00 2.392986e+00 3.557249e+00 2.757727e+00 2.781012e+00 3.606986e+00 3.100234e+00 3.149151e+00 3.207229e+00 2.972960e+00 8.318909e-01 8.321849e-01 2.617885e+00 8.462637e-01 0.000000e+00 8.899710e-01 1.605401e+00 2.830488e+00 3.426247e+00 2.151254e+00 1.552408e+00 1.564806e+00 1.577820e+00 1.588577e+00 1.601257e+00 1.618023e+00 1.624885e+00 2.388637e+00 3.014430e+00 8.790377e+01 0.000000e+00 0.000000e+00 4.546964e+00 4.332692e+00 4.558710e+00 4.584954e+00 4.372657e+00 4.757298e+00 4.722813e+00 4.681732e+00 4.645842e+00 4.594199e+00
2.408296e+00 7.643453e-01 3.161206e+00 1.362539e+00 1.388533e+00 1.403135e+00 1.409103e+00 1.405487e+00 3.507940e+00 1.914842e+00 1.937648e+00 3.473613e+00 2.370832e+00 2.390070e+00 3.491319e+00 2.762407e+00 2.804551e+00 2.855027e+00 2.550100e+00 8.302682e-01 1.522396e+00 2.109361e+00 8.330038e-01 1.539812e+00 0.000000e+00 1.633396e+00 2.302860e+00 3.018328e+00 1.544373e+00 8.411063e-01 8.439324e-01 8.491692e-01 8.551047e-01 8.606910e-01 8.680319e-01 8.772357e-01 5.131395e+00 6.840685e+00 7.611430e+00 8.044695e+00 9.598475e+01 0.000000e+00 4.853305e+00 4.678891e+00 4.638936e+00 4.666239e+00 4.503674e+00 4.783139e+00 4.747121e+00 4.700757e+00 4.659926e+00 8.171424e-01
2.714007e+00 2.976045e+00 7.460168e-01 7.599843e-01 7.704607e-01 7.768789e-01 7.764429e-01 3.486443e+00 1.380706e+00 1.395715e+00 3.407898e+00 1.916001e+00 1.927629e+00 3.388557e+00 2.362809e+00 2.399260e+00 2.442752e+00 2.057198e+00 8.283871e-01 1.521346e+00 2.112836e+00 2.611308e+00 3.036195e+00 3.406701e+00 0.000000e+00 1.974930e+00 2.551235e+00 8.413223e-01 8.385762e-01 1.540292e+00 2.143299e+00 2.662350e+00 3.113000e+00 3.507739e+00 3.856608e+00 4.510172e+00 8.766127e-01 8.791091e-01 1.618335e+00 2.355758e+00 2.930263e+00 0.000000e+00 0.000000e+00 4.940123e+00 4.684017e+00 4.719018e+00 4.599430e+00 4.796155e+00 4.759048e+00 4.704070e+00 8.122232e-01 3.026907e+00
3.413896e+00 3.480863e+00 3.507154e+00 3.510551e+00 3.502722e+00 3.493895e+00 3.486280e+00 7.592756e-01 7.608076e-01 3.364767e+00 1.383695e+00 1.390936e+00 3.314448e+00 1.898892e+00 1.927485e+00 1.962538e+00 1.479275e+00 8.255262e-01 1.516695e+00 2.109676e+00 2.615435e+00 3.041168e+00 3.400562e+00 3.708846e+00 0.000000e+00 1.996660e+00 2.552879e+00 3.011202e+00 3.411819e+00 3.752982e+00 4.036855e+00 4.268804e+00 4.457608e+00 4.613176e+00 4.744893e+00 4.861496e+00 5.294280e+00 5.800140e+00 1.168812e+01 1.299041e+01 1.384464e+01 1.407252e+01 0.000000e+00 0.000000e+00 4.943129e+00 4.743554e+00 8.200146e-01 4.790514e+00 4.751849e+00 8.105215e-01 3.027012e+00 2.615747e+00
2.638909e+00 2.877122e+00 3.047301e+00 3.164987e+00 3.244308e+00 3.298015e+00 3.331631e+00 3.345382e+00 3.347820e+00 7.580817e-01 7.632187e-01 3.274448e+00 1.367856e+00 1.384166e+00 1.407043e+00 8.052965e-01 8.164514e-01 1.501843e+00 2.091548e+00 2.597465e+00 3.029214e+00 3.392576e+00 3.696649e+00 3.951843e+00 0.000000e+00 2.009013e+00 2.553441e+00 3.013629e+00 3.422147e+00 3.771926e+00 4.062801e+00 4.298349e+00 4.485488e+00 4.632680e+00 4.750719e+00 4.850736e+00 4.938779e+00 5.259996e+00 8.696281e-01 8.676051e-01 1.587683e+00 2.294281e+00 1.658602e+01 0.000000e+00 5.341513e+00 4.990432e+00 8.159416e-01 8.109353e-01 8.085662e-01 8.153350e-01 2.625480e+00 2.124797e+00
1.846259e+00 2.218469e+00 2.515860e+00 2.750246e+00 2.930925e+00 3.064990e+00 3.158692e+00 3.216895e+00 3.247231e+00 3.258670e+00 3.260340e+00 7.510270e-01 7.576725e-01 7.659366e-01 7.808146e-01 1.433407e+00 1.996451e+00 2.486795e+00 2.913021e+00 3.279283e+00 3.589903e+00 3.848458e+00 8.054325e+00 8.874390e+00 0.000000e+00 3.459328e+00 3.726364e+00 3.965892e+00 4.200639e+00 4.413681e+00 4.594609e+00 4.739349e+00 4.848486e+00 4.925272e+00 4.977058e+00 5.013814e+00 5.043013e+00 5.070998e+00 5.153324e+00 5.488591e+00 5.977390e+00 6.086681e+00 6.269791e+00 0.000000e+00 0.000000e+00 5.165937e+00 8.133526e-01 8.130375e-01 8.116469e-01 3.061823e+00 2.637642e+00 2.125287e+00
7.310364e-01 1.318198e+00 1.801854e+00 2.199813e+00 2.521119e+00 2.768315e+00 2.950258e+00 3.079457e+00 3.161986e+00 3.198458e+00 3.201365e+00 3.190524e+00 3.182925e+00 3.192508e+00 3.231819e+00 3.308538e+00 3.420787e+00 3.561858e+00 3.718433e+00 3.875834e+00 4.023090e+00 4.152047e+00 8.254415e-01 0.000000e+00 0.000000e+00 1.255876e+00 1.960361e+00 2.541275e+00 3.050976e+00 3.487691e+00 3.854406e+00 4.154045e+00 4.391480e+00 4.572236e+00 4.704446e+00 4.798766e+00 4.867673e+00 4.923455e+00 4.973419e+00 5.165690e+00 5.490874e+00 5.657172e+00 5.887419e+00 6.058824e+00 0.000000e+00 0.000000e+00 1.570874e+00 8.184559e-01 8.249805e-01 8.335409e-01 8.404531e-01 1.544631e+00
-9.999000e+03 -9.999000e+03 -9.999000e+03 -9.999000e+03 -9.999000e+03 -9.999000e+03 -9.999000e+03 7.554036e-01 7.493567e-01 7.315320e-01 7.231680e-01 7.306479e-01 1.318254e+00 1.813938e+00 2.239748e+00 2.609887e+00 2.936041e+00 3.227963e+00 3.486385e+00 3.708424e+00 3.893495e+00 4.040942e+00 4.161973e+00 0.000000e+00 5.240975e-01 1.204621e+00 1.831832e+00 2.400469e+00 2.907361e+00 3.352286e+00 3.735294e+00 4.055022e+00 4.313109e+00 4.511520e+00 4.655036e+00 4.751163e+00 4.814507e+00 4.861565e+00 4.901460e+00 4.941378e+00 5.207475e+00 5.557416e+00 5.693956e+00 5.912426e+00 6.077558e+00 0.000000e+00 0.000000e+00 8.982224e-01 8.388577e-01 8.441736e-01 8.467475e-01 8.462433e-01
-9.999000e+03 -9.999000e+03 -9.999000e+03 -9.999000e+03 -9.999000e+03 -9.999000e+03 -9.999000e+03 -9.999000e+03 -9.999000e+03 -9.999000e+03 1.300243e+00 1.296692e+00 7.505561e-01 7.749526e-01 1.414598e+00 1.952165e+00 2.409975e+00 2.807680e+00 3.149585e+00 3.434762e+00 3.666723e+00 3.849464e+00 3.998393e+00 0.000000e+00 5.197809e-01 1.198989e+00 1.822698e+00 2.388601e+00 2.895467e+00 3.435379e+00 3.794357e+00 4.109873e+00 4.370201e+00 4.570863e+00 4.713728e+00 4.804881e+00 4.857073e+00 4.885743e+00 4.903435e+00 4.921445e+00 4.946008e+00 5.283130e+00 5.600739e+00 5.598387e+00 5.828853e+00 5.973496e+00 0.000000e+00 0.000000e+00 8.452483e-01 8.520629e-01 -9.999000e+03 -9.999000e+03
