tests/data/reference/test_implicit_stream_rill_mfda/cvsur_m3.asc
ncols	123
nrows	77
xllcorner	-713746.79929998
yllcorner	-1061022.36961616
cellsize	10.0
NODATA_value	-9999
[rows 23 to 45 of 77, columns 52 to 103 of 123]
1.535933e+00 3.018814e+00 3.355710e+00 3.802884e+00 3.965993e+00 4.177174e+00 4.153051e+00 3.921564e+00 3.917779e+00 3.669966e+00 3.361058e+00 3.342034e+00 3.319151e+00 3.292247e+00 3.258885e+00 4.127364e+00 1.432090e+01 6.356952e+00 3.096420e+00 2.995761e+00 2.554374e+00 2.278096e+00 1.921200e+00 2.253095e+00 7.873196e-01 1.386271e+00 3.282880e+01 9.100954e+00 8.675731e+00 2.380655e+00 1.944245e+00 1.406091e+00 7.710013e-01 7.397285e-01 -9.999000e+03 -9.999000e+03 -9.999000e+03 -9.999000e+03 -9.999000e+03 -9.999000e+03 -9.999000e+03 -9.999000e+03 -9.999000e+03 -9.999000e+03 -9.999000e+03 -9.999000e+03 -9.999000e+03 -9.999000e+03 -9.999000e+03 -9.999000e+03 -9.999000e+03 -9.999000e+03
1.544196e+00 2.138902e+00 3.389874e+00 3.666833e+00 4.023981e+00 4.152284e+00 4.306369e+00 4.295295e+00 4.114712e+00 4.107105e+00 3.903074e+00 3.646241e+00 3.623734e+00 3.592817e+00 3.553211e+00 3.502696e+00 1.817032e+01 6.033333e+00 3.246107e+00 3.173217e+00 2.865281e+00 2.661531e+00 2.382043e+00 2.634071e+00 1.440125e+00 1.910234e+00 7.734174e-01 3.117715e+01 8.607561e+00 8.587486e+00 4.580058e+00 1.923687e+00 1.398046e+00 1.342914e+00 7.289640e-01 -9.999000e+03 -9.999000e+03 -9.999000e+03 -9.999000e+03 -9.999000e+03 -9.999000e+03 -9.999000e+03 -9.999000e+03 -9.999000e+03 -9.999000e+03 -9.999000e+03 -9.999000e+03 -9.999000e+03 -9.999000e+03 -9.999000e+03 -9.999000e+03 -9.999000e+03
3.061362e+00 2.150272e+00 2.655973e+00 3.702426e+00 3.923628e+00 4.200735e+00 4.296662e+00 4.406079e+00 4.402995e+00 4.265913e+00 4.255034e+00 4.087931e+00 3.872201e+00 3.839341e+00 3.797573e+00 3.747219e+00 2.159222e+01 5.681065e+00 3.380992e+00 3.337758e+00 3.136305e+00 2.993783e+00 2.777735e+00 2.965020e+00 1.993766e+00 2.360883e+00 1.419505e+00 2.952650e+01 7.809502e-01 8.055201e+00 1.298261e+01 2.321487e+00 1.909061e+00 1.859709e+00 1.351867e+00 7.612675e-01 7.360841e-01 7.336399e-01 -9.999000e+03 -9.999000e+03 -9.999000e+03 -9.999000e+03 -9.999000e+03 -9.999000e+03 -9.999000e+03 -9.999000e+03 -9.999000e+03 -9.999000e+03 -9.999000e+03 -9.999000e+03 -9.999000e+03 -9.999000e+03
1.563130e+00 3.438991e+00 2.668272e+00 3.092519e+00 3.955600e+00 4.125548e+00 4.334599e+00 4.406176e+00 4.484053e+00 4.484833e+00 4.380883e+00 4.363740e+00 4.223421e+00 4.039722e+00 3.997417e+00 3.947074e+00 2.526505e+01 5.308536e+00 3.501135e+00 3.486624e+00 3.367302e+00 3.275050e+00 3.111099e+00 3.247254e+00 2.463637e+00 2.749418e+00 1.974367e+00 2.788372e+01 1.432540e+00 7.460549e+00 1.271059e+01 2.630871e+00 2.322255e+00 2.292904e+00 1.879932e+00 1.387717e+00 1.334009e+00 7.438417e-01 1.311625e+00 7.305978e-01 -9.999000e+03 -9.999000e+03 -9.999000e+03 -9.999000e+03 -9.999000e+03 -9.999000e+03 -9.999000e+03 -9.999000e+03 -9.999000e+03 -9.999000e+03 -9.999000e+03 -9.999000e+03
2.176171e+00 8.504852e-01 3.754070e+00 3.099690e+00 3.449640e+00 4.153007e+00 4.281836e+00 4.437926e+00 4.490232e+00 4.542890e+00 4.542083e+00 4.460512e+00 4.436164e+00 4.317931e+00 4.160715e+00 4.106454e+00 2.919627e+01 4.925100e+00 3.601650e+00 3.613136e+00 3.554197e+00 3.501576e+00 3.380695e+00 3.479155e+00 2.857407e+00 3.081537e+00 2.451736e+00 2.646642e+01 1.991197e+00 6.846841e+00 1.237906e+01 2.889520e+00 2.653436e+00 2.634482e+00 2.303926e+00 1.896309e+00 7.656084e-01 7.515701e-01 1.325293e+00 1.764761e+00 1.295379e+00 1.882538e+00 -9.999000e+03 -9.999000e+03 -9.999000e+03 -9.999000e+03 -9.999000e+03 -9.999000e+03 -9.999000e+03 -9.999000e+03 -9.999000e+03 -9.999000e+03
2.702303e+00 1.559360e+00 4.011639e+00 3.456523e+00 8.303184e-01 3.740457e+00 4.306388e+00 4.402972e+00 4.516048e+00 4.551682e+00 4.583617e+00 4.577314e+00 4.510505e+00 4.478483e+00 4.373948e+00 4.232221e+00 3.337506e+01 4.557551e+00 3.687576e+00 3.721512e+00 3.706003e+00 3.683545e+00 3.597203e+00 3.667649e+00 3.185265e+00 3.363486e+00 2.861620e+00 2.506285e+01 2.471538e+00 6.223113e+00 1.198983e+01 3.108618e+00 2.919660e+00 2.899049e+00 2.635376e+00 2.302894e+00 1.375054e+00 1.349657e+00 7.505647e-01 1.789199e+00 0.000000e+00 5.053367e+00 1.880307e+00 1.878447e+00 -9.999000e+03 -9.999000e+03 -9.999000e+03 -9.999000e+03 -9.999000e+03 -9.999000e+03 -9.999000e+03 -9.999000e+03
3.148754e+00 2.157721e+00 4.215987e+00 3.748776e+00 8.324145e-01 1.519421e+00 3.974857e+00 4.423976e+00 4.495655e+00 4.574049e+00 4.594795e+00 4.608118e+00 4.592481e+00 4.530105e+00 4.484458e+00 4.385209e+00 4.258962e+00 3.790824e+01 3.767755e+00 3.820835e+00 3.836555e+00 3.835824e+00 3.775037e+00 3.822599e+00 3.456974e+00 3.600848e+00 3.210950e+00 2.345749e+01 2.880456e+00 5.595753e+00 1.153834e+01 3.295833e+00 3.138971e+00 3.109122e+00 2.893188e+00 2.619924e+00 1.862184e+00 1.833100e+00 1.349466e+00 0.000000e+00 0.000000e+00 5.129046e+00 2.202886e+00 6.355510e-01 1.876591e+00 -9.999000e+03 -9.999000e+03 -9.999000e+03 -9.999000e+03 -9.999000e+03 -9.999000e+03 -9.999000e+03
3.516829e+00 2.657762e+00 4.369844e+00 3.982673e+00 1.523045e+00 8.331573e-01 2.103659e+00 4.164406e+00 4.513407e+00 4.562262e+00 4.610432e+00 4.615068e+00 4.609259e+00 4.579171e+00 4.514740e+00 4.460811e+00 4.373365e+00 4.268911e+00 4.176652e+01 3.916235e+00 3.951761e+00 3.964028e+00 3.920307e+00 3.949392e+00 3.680465e+00 3.799349e+00 3.505458e+00 2.163682e+01 3.226017e+00 4.983824e+00 1.102697e+01 3.461827e+00 3.325379e+00 3.282077e+00 7.813803e-01 7.708703e-01 2.258883e+00 2.231484e+00 0.000000e+00 0.000000e+00 1.019051e+00 5.207753e+00 2.472758e+00 1.133290e+00 6.491409e-01 1.875886e+00 -9.999000e+03 -9.999000e+03 -9.999000e+03 -9.999000e+03 -9.999000e+03 -9.999000e+03
3.803091e+00 3.064039e+00 4.475294e+00 4.163083e+00 2.106270e+00 1.526258e+00 8.381516e-01 2.606230e+00 4.311542e+00 4.569495e+00 4.595005e+00 4.614394e+00 4.601887e+00 4.580194e+00 4.543597e+00 4.486047e+00 4.434753e+00 4.363288e+00 4.617060e+01 4.011445e+00 4.055184e+00 4.071280e+00 4.037123e+00 4.052269e+00 3.863109e+00 3.964158e+00 3.749292e+00 1.981968e+01 3.515060e+00 4.436463e+00 1.046212e+01 3.615983e+00 3.490862e+00 8.088595e-01 7.962735e-01 7.848241e-01 2.593682e+00 0.000000e+00 0.000000e+00 1.002602e+00 1.556006e+00 5.195434e+00 2.627484e+00 1.496483e+00 1.143485e+00 6.744454e-01 6.539887e-01 -9.999000e+03 -9.999000e+03 -9.999000e+03 -9.999000e+03 -9.999000e+03
3.997465e+00 3.374485e+00 4.528525e+00 4.287278e+00 8.236657e-01 2.596936e+00 2.111632e+00 1.531388e+00 3.025033e+00 4.411888e+00 4.591902e+00 4.596336e+00 4.594149e+00 4.572022e+00 4.545034e+00 4.510094e+00 4.461842e+00 4.416510e+00 5.067222e+01 4.101955e+00 4.144916e+00 4.158721e+00 4.129738e+00 4.136060e+00 4.011597e+00 4.099450e+00 3.946269e+00 1.802388e+01 3.749583e+00 4.105765e+00 9.845915e+00 3.757625e+00 8.210724e-01 8.166399e-01 8.072197e-01 7.970620e-01 0.000000e+00 0.000000e+00 1.052277e+00 1.590301e+00 1.998822e+00 5.116738e+00 7.120794e-01 6.889025e-01 1.537775e+00 1.206571e+00 1.185750e+00 6.712037e-01 1.876244e+00 -9.999000e+03 -9.999000e+03 -9.999000e+03
3.902068e+00 4.100342e+00 3.594717e+00 4.529735e+00 4.356351e+00 1.492193e+00 3.000511e+00 2.597794e+00 2.107651e+00 3.369727e+00 4.478395e+00 4.597535e+00 4.589381e+00 4.574418e+00 4.546946e+00 4.517450e+00 4.483867e+00 4.441669e+00 4.399105e+00 5.491152e+01 4.215182e+00 4.225425e+00 4.201808e+00 4.205396e+00 4.132128e+00 4.208711e+00 4.099663e+00 1.621892e+01 3.929211e+00 4.105059e+00 9.179745e+00 8.201922e-01 8.177729e-01 8.166198e-01 0.000000e+00 0.000000e+00 0.000000e+00 8.346148e-01 1.664963e+00 2.077980e+00 2.369788e+00 7.666201e-01 7.525427e-01 1.254910e+00 1.866615e+00 1.615060e+00 1.582343e+00 6.888626e-01 6.724275e-01 1.879053e+00 -9.999000e+03 -9.999000e+03
2.698205e+02 2.725658e+02 4.355410e+00 3.942681e+00 4.493187e+00 4.385813e+00 2.051977e+00 3.333476e+00 3.006725e+00 2.598519e+00 3.659007e+00 4.527386e+00 4.601892e+00 4.585741e+00 4.561573e+00 4.528983e+00 4.495274e+00 4.459631e+00 4.417706e+00 5.966199e+01 4.261166e+00 4.267676e+00 4.251434e+00 4.258262e+00 4.224039e+00 4.289355e+00 4.207965e+00 1.445313e+01 4.056081e+00 4.156181e+00 8.471193e+00 8.183776e-01 8.180583e-01 0.000000e+00 0.000000e+00 1.180876e+00 8.455478e-01 1.489148e+00 2.176086e+00 2.486748e+00 7.873628e-01 7.805147e-01 7.714600e-01 1.731146e+00 2.149521e+00 1.946293e+00 7.092869e-01 7.110946e-01 7.124063e-01 2.224226e+00 6.640048e-01 1.879253e+00
9.271700e+00 9.319271e+00 2.807832e+02 4.538860e+00 4.217745e+00 4.700817e+00 4.645360e+00 2.677304e+00 3.806996e+00 3.535263e+00 3.185389e+00 4.109782e+00 4.820280e+00 4.869032e+00 4.847117e+00 4.813958e+00 4.771615e+00 4.727903e+00 4.682806e+00 4.632798e+00 6.422155e+01 4.516069e+00 4.510385e+00 4.526691e+00 4.281513e+00 4.333637e+00 4.265478e+00 1.271385e+01 4.132217e+00 4.192552e+00 7.725643e+00 8.192721e-01 0.000000e+00 0.000000e+00 1.108364e+00 1.810048e+00 1.505709e+00 2.037221e+00 2.604453e+00 8.038386e-01 7.968907e-01 7.884399e-01 7.792925e-01 7.668468e-01 2.399177e+00 2.234035e+00 7.464951e-01 1.291969e+00 1.287682e+00 2.558184e+00 7.108500e-01 2.224241e+00
8.677086e-01 1.599393e+00 2.224307e+00 2.818999e+02 2.853102e+02 2.883975e+02 2.919481e+02 4.854481e+00 3.213520e+00 4.202015e+00 3.979050e+00 3.682487e+00 4.481954e+00 5.053277e+00 9.841608e+00 5.010363e+00 4.956487e+00 4.902287e+00 4.846993e+00 4.787602e+00 8.531125e-01 6.450973e+01 9.135200e+00 4.734381e+00 4.541115e+00 4.576671e+00 4.273274e+00 1.098354e+01 4.164931e+00 4.208122e+00 6.948949e+00 0.000000e+00 0.000000e+00 8.191778e-01 1.749420e+00 2.332076e+00 2.056690e+00 2.496468e+00 2.961054e+00 8.089304e-01 8.034750e-01 7.947806e-01 7.859319e-01 7.752927e-01 2.619236e+00 2.481368e+00 1.343659e+00 1.770811e+00 1.761256e+00 2.817434e+00 1.287370e+00 2.563196e+00
2.237275e+00 2.812790e+00 3.309667e+00 3.717675e+00 4.053483e+00 4.341744e+00 4.584270e+00 2.953847e+02 2.990602e+02 3.010552e+02 3.039999e+02 3.066859e+02 3.090306e+02 3.121200e+02 3.157915e+02 3.242683e+02 3.277612e+02 5.056154e+00 5.005568e+00 4.952021e+00 4.897355e+00 1.578703e+00 7.389525e+01 4.893621e+00 4.728821e+00 4.740227e+00 4.477846e+00 9.307661e+00 4.165760e+00 4.208077e+00 0.000000e+00 0.000000e+00 8.257982e-01 8.218250e-01 2.286661e+00 2.766987e+00 2.518138e+00 2.878355e+00 3.253497e+00 8.105901e-01 8.069963e-01 7.992938e-01 7.914869e-01 7.819907e-01 7.702522e-01 7.583603e-01 1.816677e+00 2.150968e+00 2.143713e+00 3.012239e+00 1.770848e+00 2.833835e+00
1.657611e+00 2.326784e+00 2.906906e+00 9.040477e+01 9.384207e+01 9.732684e+01 1.008662e+02 1.044511e+02 1.080689e+02 1.117046e+02 1.153696e+02 1.190764e+02 1.230686e+02 1.268572e+02 1.306390e+02 1.344201e+02 1.338503e+02 4.601457e+02 4.636969e+02 5.043119e+00 5.003341e+00 4.968751e+00 7.576248e+01 4.996539e+00 4.846864e+00 4.833508e+00 4.606359e+00 8.238512e+00 4.145397e+00 0.000000e+00 0.000000e+00 8.253750e-01 8.273712e-01 8.234603e-01 2.737205e+00 3.128274e+00 2.904327e+00 3.195247e+00 8.145053e-01 8.145986e-01 8.118222e-01 8.044252e-01 7.964570e-01 7.880460e-01 7.779806e-01 7.655437e-01 7.541736e-01 2.448056e+00 2.445477e+00 3.146915e+00 2.167810e+00 3.037423e+00
4.105590e+00 8.519381e+01 8.800435e+01 3.942670e+00 3.975398e+00 4.011365e+00 4.044247e+00 4.072702e+00 4.093007e+00 4.124229e+00 4.157647e+00 4.411504e+00 4.307947e+00 4.325634e+00 4.343186e+00 4.359651e+00 8.983214e+00 1.340214e+01 1.336677e+01 4.756414e+02 4.791728e+02 4.826292e+02 4.859938e+02 8.087526e+01 4.892460e+00 4.866441e+00 4.677244e+00 7.153996e+00 0.000000e+00 0.000000e+00 8.302452e-01 1.508235e+00 8.282549e-01 8.241581e-01 3.112999e+00 3.426385e+00 3.226915e+00 3.458181e+00 8.202034e-01 8.206482e-01 8.183248e-01 8.110766e-01 8.015434e-01 7.926132e-01 7.860673e-01 7.778736e-01 7.655939e-01 2.680567e+00 2.676659e+00 3.223390e+00 2.473524e+00 3.169720e+00
8.217409e+01 3.885310e+00 3.901451e+00 3.916084e+00 3.929849e+00 3.945402e+00 3.961083e+00 3.960805e+00 3.983796e+00 4.014059e+00 4.049506e+00 3.906293e+00 3.933891e+00 3.964278e+00 3.995126e+00 4.431523e+00 4.343402e+00 2.083384e+01 2.424527e+01 2.758938e+01 3.070591e+01 2.966571e+01 2.867661e+01 5.128719e+02 8.577016e+01 4.822774e+00 4.692473e+00 8.565165e-01 0.000000e+00 1.178371e+00 1.500027e+00 2.083298e+00 8.305232e-01 1.507354e+00 3.424807e+00 3.669394e+00 3.494192e+00 3.675085e+00 8.245881e-01 8.249418e-01 8.223983e-01 8.159992e-01 8.063210e-01 7.955942e-01 7.900922e-01 7.861322e-01 7.767314e-01 7.650113e-01 2.856359e+00 3.261252e+00 2.705446e+00 3.244949e+00
3.882811e+00 3.881273e+00 3.878694e+00 3.873947e+00 3.870125e+00 3.868116e+00 3.832245e+00 3.839430e+00 3.858046e+00 3.889349e+00 3.657870e+00 3.687697e+00 3.722283e+00 3.759873e+00 4.066666e+00 3.947233e+00 2.156757e+01 4.229278e+00 4.255227e+00 4.108037e+00 4.108087e+00 0.000000e+00 0.000000e+00 0.000000e+00 5.112286e+02 8.555966e+01 4.741288e+00 0.000000e+00 0.000000e+00 1.866175e+00 2.166164e+00 2.565199e+00 8.334633e-01 2.089582e+00 3.682371e+00 3.864433e+00 3.712874e+00 8.256076e-01 8.280390e-01 8.286580e-01 8.250671e-01 8.184795e-01 8.096380e-01 7.980165e-01 7.914839e-01 7.900689e-01 7.858066e-01 7.782400e-01 3.004718e+00 3.284855e+00 2.887731e+00 3.284630e+00
3.886431e+00 3.869939e+00 3.852960e+00 3.836042e+00 3.817266e+00 3.729523e+00 3.717055e+00 3.717223e+00 3.736731e+00 3.374945e+00 3.401792e+00 3.433932e+00 3.470651e+00 3.891969e+00 3.697732e+00 2.261766e+01 4.082974e+00 3.824834e+00 3.667778e+00 3.681052e+00 4.312770e+00 3.914091e+00 4.084227e+00 0.000000e+00 0.000000e+00 0.000000e+00 1.006412e+02 0.000000e+00 8.604307e-01 2.407843e+00 2.705990e+00 3.111455e+00 1.515334e+00 2.580306e+00 3.890235e+00 4.018945e+00 3.890816e+00 8.280109e-01 8.302065e-01 8.321592e-01 8.292479e-01 8.217995e-01 8.124956e-01 8.004607e-01 7.928336e-01 7.911555e-01 7.891216e-01 1.408830e+00 3.130798e+00 3.307034e+00 3.032630e+00 3.306565e+00
3.882844e+00 3.856964e+00 3.833333e+00 3.806228e+00 3.652516e+00 3.620985e+00 3.601436e+00 3.604687e+00 3.064697e+00 3.084180e+00 3.110243e+00 3.142292e+00 3.711187e+00 3.407766e+00 2.344674e+01 3.925352e+00 3.533397e+00 3.329695e+00 3.349704e+00 3.901908e+00 3.413517e+00 3.622793e+00 3.642322e+00 3.770337e+00 3.745385e+00 0.000000e+00 0.000000e+00 0.000000e+00 1.615108e+01 1.498930e+00 5.454043e+00 3.540677e+00 2.063150e+00 2.975777e+00 4.048697e+00 4.139610e+00 4.036118e+00 8.313712e-01 8.320390e-01 8.343292e-01 8.331356e-01 8.262749e-01 8.160530e-01 8.028405e-01 7.940322e-01 7.907057e-01 7.883574e-01 1.926846e+00 3.239371e+00 3.335441e+00 3.149058e+00 3.326031e+00
3.879611e+00 3.851769e+00 3.821224e+00 3.588740e+00 3.543682e+00 3.506330e+00 3.494491e+00 2.730469e+00 2.739253e+00 2.754389e+00 2.778899e+00 3.535961e+00 3.086758e+00 2.429098e+01 3.781900e+00 3.200328e+00 2.933092e+00 2.947984e+00 3.648693e+00 3.012845e+00 3.055695e+00 3.088217e+00 3.263110e+00 3.261693e+00 3.368986e+00 2.769116e+00 0.000000e+00 0.000000e+00 0.000000e+00 0.000000e+00 7.189532e+00 3.849185e+00 2.633320e+00 3.289427e+00 4.164069e+00 4.230686e+00 4.152983e+00 8.340783e-01 8.354447e-01 8.367595e-01 8.361170e-01 8.311711e-01 8.220952e-01 8.092353e-01 7.998688e-01 7.947879e-01 7.909680e-01 2.353289e+00 3.334763e+00 3.375744e+00 3.250142e+00 3.358073e+00
3.882082e+00 3.849424e+00 3.516897e+00 3.465618e+00 3.415114e+00 3.388728e+00 2.354922e+00 2.359869e+00 2.364238e+00 2.378165e+00 3.368031e+00 2.736000e+00 2.524240e+01 3.668917e+00 2.832020e+00 2.490761e+00 2.496121e+00 3.368912e+00 2.548124e+00 2.590121e+00 2.623584e+00 2.646790e+00 2.665384e+00 2.811706e+00 2.804642e+00 0.000000e+00 0.000000e+00 1.559068e+00 2.211714e+00 0.000000e+00 0.000000e+00 0.000000e+00 3.104919e+00 3.733895e+00 4.247200e+00 4.295688e+00 4.243455e+00 8.351300e-01 8.389255e-01 8.395730e-01 8.387633e-01 8.355142e-01 8.290031e-01 8.186841e-01 8.099079e-01 8.033371e-01 7.973045e-01 2.704228e+00 3.419365e+00 3.428654e+00 3.348116e+00 3.414119e+00
