tests/data/reference/test_implicit_stream_rill_mfda/cvsur_m3.asc
ncols	123
nrows	77
xllcorner	-713746.79929998
yllcorner	-1061022.36961616
cellsize	10.0
NODATA_value	-9999
[rows 23 to 45 of 77, columns 52 to 103 of 123]
1.511030e+00 2.964344e+00 3.294841e+00 3.738249e+00 3.901731e+00 4.129280e+00 4.086202e+00 3.847348e+00 3.842563e+00 3.598524e+00 3.296743e+00 3.278508e+00 3.256552e+00 3.230416e+00 3.197408e+00 4.068126e+00 1.400586e+01 6.206351e+00 3.051657e+00 2.956571e+00 2.513772e+00 2.241973e+00 1.890770e+00 2.217618e+00 7.757419e-01 1.365147e+00 3.181834e+01 8.805076e+00 8.464564e+00 2.337531e+00 1.911751e+00 1.384460e+00 7.598447e-01 7.293310e-01 -9.999000e+03 -9.999000e+03 -9.999000e+03 -9.999000e+03 -9.999000e+03 -9.999000e+03 -9.999000e+03 -9.999000e+03 -9.999000e+03 -9.999000e+03 -9.999000e+03 -9.999000e+03 -9.999000e+03 -9.999000e+03 -9.999000e+03 -9.999000e+03 -9.999000e+03 -9.999000e+03
1.519155e+00 2.102622e+00 3.327547e+00 3.599609e+00 3.956424e+00 4.086231e+00 4.255313e+00 4.227860e+00 4.037785e+00 4.029593e+00 3.827385e+00 3.575614e+00 3.553953e+00 3.523805e+00 3.484674e+00 3.434399e+00 1.775319e+01 5.889123e+00 3.202605e+00 3.134653e+00 2.820477e+00 2.618912e+00 2.342914e+00 2.592329e+00 1.417772e+00 1.879567e+00 7.622038e-01 3.024506e+01 8.314958e+00 8.343329e+00 4.485528e+00 1.892100e+00 1.376560e+00 1.322835e+00 7.187978e-01 -9.999000e+03 -9.999000e+03 -9.999000e+03 -9.999000e+03 -9.999000e+03 -9.999000e+03 -9.999000e+03 -9.999000e+03 -9.999000e+03 -9.999000e+03 -9.999000e+03 -9.999000e+03 -9.999000e+03 -9.999000e+03 -9.999000e+03 -9.999000e+03 -9.999000e+03
3.005409e+00 2.113665e+00 2.608803e+00 3.633554e+00 3.851566e+00 4.131470e+00 4.229633e+00 4.352416e+00 4.336279e+00 4.188824e+00 4.177820e+00 4.010564e+00 3.797301e+00 3.764968e+00 3.723818e+00 3.674203e+00 2.079280e+01 5.553785e+00 3.339392e+00 3.299624e+00 3.088621e+00 2.945795e+00 2.731069e+00 2.918099e+00 1.961193e+00 2.321791e+00 1.397788e+00 2.865589e+01 7.695462e-01 7.781494e+00 1.260209e+01 2.280286e+00 1.877734e+00 1.830733e+00 1.332116e+00 7.503192e-01 7.257693e-01 7.233787e-01 -9.999000e+03 -9.999000e+03 -9.999000e+03 -9.999000e+03 -9.999000e+03 -9.999000e+03 -9.999000e+03 -9.999000e+03 -9.999000e+03 -9.999000e+03 -9.999000e+03 -9.999000e+03 -9.999000e+03 -9.999000e+03
1.537511e+00 3.375007e+00 2.620595e+00 3.035056e+00 3.881499e+00 4.050151e+00 4.264767e+00 4.339453e+00 4.429228e+00 4.420289e+00 4.305805e+00 4.288807e+00 4.146381e+00 3.962640e+00 3.920896e+00 3.871454e+00 2.441663e+01 5.206296e+00 3.461231e+00 3.448302e+00 3.317459e+00 3.222608e+00 3.057952e+00 3.196068e+00 2.421562e+00 2.703275e+00 1.942736e+00 2.705450e+01 1.410469e+00 7.217320e+00 1.229244e+01 2.582038e+00 2.281995e+00 2.255637e+00 1.850889e+00 1.366631e+00 1.314123e+00 7.333455e-01 1.291952e+00 7.203991e-01 -9.999000e+03 -9.999000e+03 -9.999000e+03 -9.999000e+03 -9.999000e+03 -9.999000e+03 -9.999000e+03 -9.999000e+03 -9.999000e+03 -9.999000e+03 -9.999000e+03 -9.999000e+03
2.138769e+00 8.373791e-01 3.683080e+00 3.041350e+00 3.382731e+00 4.075388e+00 4.205252e+00 4.369318e+00 4.425378e+00 4.488257e+00 4.480634e+00 4.389015e+00 4.365073e+00 4.243383e+00 4.084151e+00 4.030452e+00 2.827942e+01 4.853500e+00 3.562516e+00 3.573699e+00 3.502516e+00 3.445389e+00 3.322033e+00 3.424495e+00 2.806823e+00 3.029574e+00 2.410875e+00 2.543864e+01 1.959053e+00 6.640504e+00 1.193267e+01 2.836730e+00 2.605851e+00 2.589370e+00 2.265643e+00 1.865441e+00 7.545721e-01 7.408758e-01 1.305214e+00 1.736266e+00 1.275925e+00 1.881250e+00 -9.999000e+03 -9.999000e+03 -9.999000e+03 -9.999000e+03 -9.999000e+03 -9.999000e+03 -9.999000e+03 -9.999000e+03 -9.999000e+03 -9.999000e+03
2.653646e+00 1.533725e+00 3.935233e+00 3.388844e+00 8.177088e-01 3.665801e+00 4.227766e+00 4.327528e+00 4.450179e+00 4.489902e+00 4.530402e+00 4.519617e+00 4.443801e+00 4.412374e+00 4.303336e+00 4.157976e+00 3.233400e+01 4.519895e+00 3.648762e+00 3.680895e+00 3.653408e+00 3.625159e+00 3.534880e+00 3.610769e+00 3.127633e+00 3.307099e+00 2.812536e+00 2.380608e+01 2.429993e+00 6.056893e+00 1.152514e+01 3.055098e+00 2.867090e+00 2.847700e+00 2.588928e+00 2.263033e+00 1.353901e+00 1.329156e+00 7.398973e-01 1.760238e+00 0.000000e+00 5.027010e+00 1.878470e+00 1.876043e+00 -9.999000e+03 -9.999000e+03 -9.999000e+03 -9.999000e+03 -9.999000e+03 -9.999000e+03 -9.999000e+03 -9.999000e+03
3.089471e+00 2.120307e+00 4.136085e+00 3.673553e+00 8.197611e-01 1.494862e+00 3.895034e+00 4.346765e+00 4.423473e+00 4.512169e+00 4.536992e+00 4.557135e+00 4.538709e+00 4.468449e+00 4.423126e+00 4.318992e+00 4.188769e+00 3.682715e+01 3.729519e+00 3.779804e+00 3.784528e+00 3.777354e+00 3.711570e+00 3.765144e+00 3.394228e+00 3.541594e+00 3.154886e+00 2.215343e+01 2.830420e+00 5.473756e+00 1.106754e+01 3.243883e+00 3.084366e+00 3.054507e+00 2.840758e+00 2.572550e+00 1.831467e+00 1.803402e+00 1.328998e+00 0.000000e+00 0.000000e+00 5.071581e+00 2.177584e+00 6.274286e-01 1.873546e+00 -9.999000e+03 -9.999000e+03 -9.999000e+03 -9.999000e+03 -9.999000e+03 -9.999000e+03 -9.999000e+03
3.447742e+00 2.608990e+00 4.288464e+00 3.902326e+00 1.498373e+00 8.204881e-01 2.067903e+00 4.082607e+00 4.439928e+00 4.494771e+00 4.552958e+00 4.561092e+00 4.560332e+00 4.528419e+00 4.457503e+00 4.404276e+00 4.313078e+00 4.205699e+00 4.056909e+01 3.875661e+00 3.901498e+00 3.907160e+00 3.857869e+00 3.892805e+00 3.614817e+00 3.738687e+00 3.443827e+00 2.047823e+01 3.168734e+00 4.914827e+00 1.056528e+01 3.412830e+00 3.271497e+00 3.227427e+00 7.699647e-01 7.597167e-01 2.220009e+00 2.193978e+00 0.000000e+00 0.000000e+00 1.221095e+00 5.118343e+00 2.428701e+00 1.117608e+00 6.407727e-01 1.872588e+00 -9.999000e+03 -9.999000e+03 -9.999000e+03 -9.999000e+03 -9.999000e+03 -9.999000e+03
3.725011e+00 3.004475e+00 4.394333e+00 4.080349e+00 2.070336e+00 1.501517e+00 8.253686e-01 2.560066e+00 4.230552e+00 4.500706e+00 4.532188e+00 4.560311e+00 4.550549e+00 4.532632e+00 4.495554e+00 4.433955e+00 4.384437e+00 4.310913e+00 4.481154e+01 3.972033e+00 4.007461e+00 4.017133e+00 3.977291e+00 3.997700e+00 3.796864e+00 3.903530e+00 3.683699e+00 1.877791e+01 3.452085e+00 4.432076e+00 1.002448e+01 3.570417e+00 3.439716e+00 7.967821e-01 7.844847e-01 7.733151e-01 2.548947e+00 0.000000e+00 0.000000e+00 1.057000e+00 1.700205e+00 5.076688e+00 2.570078e+00 1.473933e+00 1.127358e+00 6.655495e-01 6.455209e-01 -9.999000e+03 -9.999000e+03 -9.999000e+03 -9.999000e+03 -9.999000e+03
3.911543e+00 3.304983e+00 4.449441e+00 4.204437e+00 8.111808e-01 2.550242e+00 2.075594e+00 1.506427e+00 2.968999e+00 4.333494e+00 4.528157e+00 4.537947e+00 4.543154e+00 4.523530e+00 4.500006e+00 4.466000e+00 4.415944e+00 4.373153e+00 4.916842e+01 4.063479e+00 4.099549e+00 4.107651e+00 4.073476e+00 4.084264e+00 3.946720e+00 4.039935e+00 3.878389e+00 1.704939e+01 3.682555e+00 4.141808e+00 9.442694e+00 3.714523e+00 8.086634e-01 8.043559e-01 7.951832e-01 7.852568e-01 0.000000e+00 0.000000e+00 1.116803e+00 1.621143e+00 2.097288e+00 4.976159e+00 7.023430e-01 6.796805e-01 1.515072e+00 1.189378e+00 1.169282e+00 6.623735e-01 1.873074e+00 -9.999000e+03 -9.999000e+03 -9.999000e+03
3.812432e+00 4.009026e+00 3.517191e+00 4.453968e+00 4.275483e+00 1.468118e+00 2.943854e+00 2.550776e+00 2.071237e+00 3.305026e+00 4.404688e+00 4.539660e+00 4.536360e+00 4.527591e+00 4.502492e+00 4.476153e+00 4.444246e+00 4.401773e+00 4.361716e+00 5.328668e+01 4.171129e+00 4.176994e+00 4.149311e+00 4.156760e+00 4.070080e+00 4.151054e+00 4.031222e+00 1.528871e+01 3.859713e+00 4.101975e+00 8.814308e+00 8.078090e-01 8.054575e-01 8.043364e-01 0.000000e+00 0.000000e+00 0.000000e+00 8.316141e-01 1.704128e+00 2.088629e+00 2.431225e+00 7.555618e-01 7.418223e-01 1.237019e+00 1.839120e+00 1.590222e+00 1.558208e+00 6.796416e-01 6.635741e-01 1.876843e+00 -9.999000e+03 -9.999000e+03
2.613893e+02 2.640160e+02 4.257922e+00 3.856723e+00 4.422959e+00 4.309576e+00 2.017081e+00 3.268622e+00 2.950046e+00 2.551538e+00 3.588017e+00 4.460297e+00 4.550581e+00 4.538564e+00 4.519372e+00 4.488995e+00 4.457947e+00 4.424066e+00 4.382370e+00 5.790242e+01 4.217086e+00 4.220775e+00 4.201994e+00 4.212182e+00 4.165282e+00 4.233616e+00 4.140073e+00 1.349317e+01 3.985790e+00 4.130719e+00 8.142103e+00 8.060453e-01 8.057349e-01 0.000000e+00 0.000000e+00 1.324093e+00 8.429413e-01 1.473101e+00 2.193381e+00 2.479991e+00 7.757839e-01 7.691223e-01 7.602928e-01 1.705223e+00 2.118889e+00 1.915841e+00 6.996142e-01 7.013815e-01 7.026621e-01 2.198810e+00 6.553158e-01 1.877106e+00
9.091779e+00 9.114583e+00 2.719823e+02 4.440994e+00 4.127778e+00 4.633257e+00 4.571287e+00 2.632670e+00 3.734289e+00 3.469556e+00 3.128836e+00 4.032714e+00 4.756168e+00 4.819864e+00 4.801457e+00 4.772289e+00 4.731635e+00 4.689845e+00 4.645768e+00 4.595457e+00 6.230812e+01 4.464933e+00 4.458108e+00 4.477666e+00 4.225444e+00 4.279182e+00 4.198745e+00 1.175975e+01 4.062739e+00 4.155348e+00 7.432859e+00 8.069148e-01 0.000000e+00 0.000000e+00 1.170445e+00 1.914589e+00 1.489722e+00 2.009081e+00 2.602486e+00 7.918843e-01 7.850891e-01 7.768310e-01 7.679317e-01 7.557835e-01 2.366750e+00 2.200471e+00 7.359327e-01 1.273156e+00 1.268836e+00 2.514522e+00 7.011427e-01 2.198835e+00
8.580444e-01 1.579765e+00 2.193987e+00 2.730320e+02 2.763127e+02 2.792835e+02 2.827520e+02 4.784189e+00 3.158636e+00 4.122406e+00 3.904418e+00 3.615662e+00 4.399174e+00 4.990788e+00 9.735484e+00 4.967563e+00 4.914973e+00 4.862082e+00 4.807165e+00 4.746988e+00 8.437589e-01 6.247150e+01 9.016497e+00 4.682200e+00 4.482312e+00 4.518239e+00 4.208583e+00 1.007761e+01 4.098168e+00 4.164988e+00 6.698775e+00 0.000000e+00 0.000000e+00 8.068232e-01 1.786015e+00 2.403902e+00 2.028336e+00 2.457322e+00 2.942717e+00 7.968511e-01 7.915290e-01 7.830211e-01 7.743925e-01 7.640329e-01 2.585586e+00 2.446049e+00 1.323370e+00 1.743465e+00 1.734002e+00 2.760222e+00 1.268575e+00 2.519633e+00
2.204917e+00 2.769842e+00 3.256041e+00 3.653256e+00 3.980001e+00 4.262908e+00 4.503268e+00 2.861092e+02 2.897323e+02 2.917128e+02 2.946411e+02 2.973395e+02 2.997311e+02 3.028762e+02 3.065711e+02 3.149576e+02 3.185429e+02 5.009873e+00 4.961103e+00 4.908373e+00 4.853720e+00 1.559618e+00 7.161279e+01 4.839035e+00 4.667370e+00 4.678214e+00 4.410919e+00 8.461323e+00 4.103846e+00 4.163295e+00 0.000000e+00 0.000000e+00 8.132754e-01 8.093940e-01 2.301304e+00 2.809736e+00 2.478531e+00 2.829730e+00 3.221795e+00 7.984688e-01 7.949653e-01 7.874410e-01 7.797902e-01 7.705587e-01 7.591128e-01 7.474808e-01 1.787155e+00 2.115830e+00 2.108992e+00 2.947044e+00 1.743706e+00 2.776850e+00
1.636978e+00 2.295206e+00 2.863776e+00 8.857245e+01 9.196213e+01 9.540931e+01 9.890706e+01 1.024449e+02 1.060122e+02 1.095893e+02 1.131873e+02 1.168046e+02 1.206555e+02 1.243609e+02 1.280638e+02 1.317668e+02 1.311965e+02 4.483780e+02 4.519504e+02 4.994462e+00 4.956410e+00 4.923230e+00 7.326134e+01 4.939931e+00 4.783422e+00 4.769576e+00 4.539364e+00 7.431357e+00 4.090177e+00 0.000000e+00 0.000000e+00 8.128597e-01 8.148199e-01 8.109814e-01 2.732139e+00 3.145806e+00 2.855145e+00 3.139009e+00 8.022799e-01 8.023706e-01 7.996692e-01 7.924571e-01 7.846645e-01 7.764481e-01 7.666532e-01 7.545088e-01 7.434093e-01 2.406638e+00 2.404651e+00 3.079344e+00 2.133130e+00 2.972107e+00
4.048818e+00 8.343333e+01 8.622697e+01 3.920504e+00 3.953806e+00 3.990156e+00 4.023065e+00 4.051101e+00 4.064651e+00 4.093889e+00 4.124610e+00 4.373655e+00 4.245461e+00 4.260931e+00 4.275587e+00 4.288931e+00 8.845229e+00 1.316383e+01 1.309320e+01 4.637066e+02 4.672958e+02 4.708194e+02 4.742364e+02 7.824217e+01 4.828427e+00 4.803390e+00 4.613029e+00 6.414016e+00 0.000000e+00 0.000000e+00 8.215495e-01 1.483967e+00 8.156869e-01 8.116639e-01 3.090863e+00 3.422821e+00 3.170070e+00 3.396800e+00 8.078198e-01 8.082517e-01 8.059941e-01 7.989428e-01 7.896411e-01 7.808947e-01 7.745241e-01 7.665490e-01 7.545579e-01 2.635293e+00 2.631666e+00 3.158209e+00 2.432058e+00 3.101115e+00
8.046933e+01 3.858210e+00 3.876951e+00 3.893900e+00 3.908988e+00 3.925641e+00 3.942149e+00 3.933558e+00 3.956235e+00 3.984871e+00 4.018265e+00 3.849861e+00 3.876259e+00 3.904754e+00 3.933329e+00 4.387922e+00 4.278353e+00 2.013174e+01 2.350085e+01 2.676007e+01 2.978776e+01 2.868815e+01 2.770176e+01 5.003015e+02 8.300637e+01 4.762554e+00 4.633278e+00 8.470806e-01 0.000000e+00 1.251086e+00 1.479012e+00 2.047923e+00 8.179093e-01 1.483134e+00 3.388568e+00 3.649093e+00 3.431969e+00 3.611070e+00 8.120865e-01 8.124341e-01 8.099505e-01 8.037328e-01 7.943067e-01 7.838188e-01 7.784357e-01 7.745873e-01 7.654356e-01 7.539879e-01 2.809946e+00 3.202590e+00 2.659212e+00 3.178253e+00
3.849855e+00 3.851417e+00 3.852384e+00 3.849881e+00 3.847852e+00 3.847469e+00 3.801000e+00 3.809849e+00 3.828493e+00 3.858552e+00 3.602702e+00 3.632135e+00 3.665737e+00 3.701883e+00 4.029657e+00 3.889370e+00 2.085134e+01 4.196405e+00 4.187336e+00 4.035697e+00 4.033724e+00 0.000000e+00 0.000000e+00 0.000000e+00 4.989285e+02 8.247570e+01 4.687936e+00 0.000000e+00 0.000000e+00 1.915612e+00 2.134446e+00 2.519300e+00 8.207875e-01 2.054338e+00 3.635414e+00 3.831828e+00 3.647645e+00 8.130882e-01 8.154753e-01 8.160820e-01 8.125572e-01 8.061444e-01 7.975409e-01 7.861911e-01 7.797873e-01 7.784131e-01 7.742706e-01 7.669061e-01 2.959627e+00 3.235400e+00 2.839894e+00 3.224488e+00
3.850392e+00 3.837821e+00 3.823619e+00 3.809133e+00 3.792110e+00 3.690661e+00 3.681526e+00 3.683643e+00 3.703063e+00 3.321029e+00 3.348041e+00 3.379889e+00 3.415757e+00 3.855457e+00 3.642356e+00 2.202992e+01 4.056129e+00 3.764169e+00 3.605851e+00 3.618078e+00 4.252987e+00 3.844822e+00 4.010312e+00 0.000000e+00 0.000000e+00 0.000000e+00 1.376916e+02 0.000000e+00 8.835075e-01 2.434799e+00 2.662186e+00 3.054571e+00 1.490732e+00 2.534492e+00 3.835909e+00 3.978148e+00 3.824956e+00 8.154477e-01 8.175991e-01 8.195112e-01 8.166601e-01 8.093693e-01 8.003247e-01 7.885824e-01 7.811110e-01 7.794684e-01 7.774931e-01 1.387010e+00 3.088618e+00 3.267049e+00 2.985860e+00 3.255747e+00
3.844938e+00 3.821446e+00 3.800592e+00 3.774969e+00 3.604283e+00 3.576798e+00 3.560958e+00 3.565572e+00 3.013199e+00 3.032960e+00 3.059254e+00 3.090894e+00 3.672507e+00 3.354489e+00 2.283650e+01 3.902346e+00 3.476037e+00 3.274065e+00 3.294068e+00 3.847189e+00 3.354965e+00 3.560753e+00 3.577748e+00 3.702685e+00 3.675146e+00 0.000000e+00 0.000000e+00 0.000000e+00 6.214827e+01 1.505266e+00 5.408068e+00 3.471976e+00 2.027125e+00 2.919827e+00 3.989903e+00 4.094142e+00 3.971709e+00 8.187398e-01 8.193935e-01 8.216346e-01 8.204669e-01 8.137435e-01 8.037851e-01 7.909090e-01 7.822870e-01 7.790316e-01 7.767509e-01 1.895101e+00 3.200386e+00 3.303017e+00 3.105089e+00 3.285070e+00
3.838845e+00 3.813316e+00 3.783384e+00 3.531412e+00 3.490256e+00 3.457562e+00 3.448728e+00 2.683864e+00 2.692536e+00 2.707885e+00 2.732203e+00 3.493589e+00 3.036316e+00 2.363884e+01 3.760968e+00 3.146719e+00 2.883801e+00 2.899105e+00 3.593629e+00 2.962645e+00 3.003415e+00 3.034210e+00 3.207856e+00 3.204528e+00 3.310018e+00 2.700838e+00 0.000000e+00 0.000000e+00 0.000000e+00 0.000000e+00 9.038044e+00 3.768905e+00 2.586000e+00 3.224689e+00 4.103408e+00 4.183210e+00 4.091365e+00 8.213891e-01 8.227255e-01 8.240099e-01 8.233826e-01 8.185439e-01 8.096563e-01 7.971484e-01 7.880035e-01 7.830282e-01 7.792863e-01 2.312604e+00 3.298405e+00 3.347957e+00 3.209939e+00 3.325535e+00
3.839392e+00 3.805746e+00 3.452322e+00 3.404163e+00 3.358203e+00 3.335939e+00 2.315561e+00 2.320159e+00 2.324435e+00 2.338096e+00 3.321742e+00 2.690013e+00 2.448074e+01 3.648119e+00 2.783618e+00 2.448876e+00 2.454702e+00 3.313532e+00 2.506430e+00 2.546923e+00 2.579017e+00 2.601618e+00 2.619412e+00 2.764877e+00 2.756653e+00 0.000000e+00 0.000000e+00 1.637942e+00 2.269977e+00 0.000000e+00 0.000000e+00 0.000000e+00 3.046766e+00 3.660596e+00 4.187258e+00 4.247981e+00 4.185213e+00 8.224178e-01 8.261238e-01 8.267555e-01 8.259656e-01 8.227934e-01 8.164202e-01 8.063433e-01 7.978040e-01 7.913942e-01 7.854942e-01 2.656225e+00 3.384531e+00 3.402573e+00 3.311777e+00 3.387300e+00
