tests/data/reference/test_implicit_stream_rill_mfda/cvsur_m3.asc
ncols	123
nrows	77
xllcorner	-713746.79929998
yllcorner	-1061022.36961616
cellsize	10.0
NODATA_value	-9999
[rows 46 to 68 of 77, columns 0 to 51 of 123]
-9.999000e+03 -9.999000e+03 -9.999000e+03 -9.999000e+03 -9.999000e+03 -9.999000e+03 1.879110e+00 5.989571e+00 1.473949e+00 1.505273e+00 6.519169e-01 1.166643e+00 1.807522e+00 1.993143e+00 2.169397e+00 2.971680e+00 2.086538e+00 2.208663e+00 2.289310e+00 2.368646e+00 2.457385e+00 1.299701e+00 1.310542e+00 1.309420e+00 1.761552e+00 2.129241e+00 2.422056e+00 2.641119e+00 2.799086e+00 2.911127e+00 2.986877e+00 2.874576e+01 3.102108e+01 3.343291e+00 3.391722e+00 3.436016e+00 3.474272e+00 3.508583e+00 3.543617e+00 3.586477e+00 3.654013e+00 3.707761e+00 3.773091e+00 3.832527e+00 3.887852e+00 3.929041e+00 3.954186e+00 3.966165e+00 3.967351e+00 3.962541e+00 3.937109e+00 3.913713e+00
-9.999000e+03 -9.999000e+03 -9.999000e+03 -9.999000e+03 -9.999000e+03 -9.999000e+03 3.415097e+00 3.135434e+00 1.144178e+00 1.164187e+00 6.751863e-01 1.521471e+00 1.773107e+00 2.034970e+00 3.236676e+00 1.884987e+00 2.066580e+00 2.183420e+00 2.269361e+00 2.353716e+00 7.240122e-01 7.338853e-01 7.387394e-01 7.383353e-01 1.317665e+00 1.788163e+00 2.165188e+00 1.993413e+01 2.217636e+01 2.442876e+01 2.670775e+01 3.285373e+00 3.321565e+00 3.368162e+00 3.403575e+00 3.429330e+00 3.449780e+00 3.471332e+00 3.501182e+00 3.570550e+00 3.616476e+00 3.685539e+00 3.743825e+00 3.803701e+00 3.855081e+00 3.891452e+00 3.914928e+00 3.931551e+00 3.954163e+00 3.945394e+00 3.931944e+00 3.905118e+00
-9.999000e+03 -9.999000e+03 -9.999000e+03 -9.999000e+03 -9.999000e+03 1.877523e+00 2.648738e+00 3.234787e+00 6.631215e-01 6.681761e-01 1.133808e+00 1.465139e+00 1.845945e+00 3.487708e+00 1.586916e+00 1.858527e+00 2.044767e+00 2.167252e+00 2.255946e+00 2.337735e+00 4.597981e+00 6.817069e+00 9.021700e+00 1.270390e+01 1.442267e+01 1.637087e+01 1.846160e+01 3.004116e+00 3.073774e+00 3.160351e+00 3.219534e+00 3.263154e+00 3.316123e+00 3.349448e+00 3.370014e+00 3.382239e+00 3.392357e+00 3.409680e+00 3.484404e+00 3.514025e+00 3.585328e+00 3.639388e+00 3.699825e+00 3.755552e+00 3.800573e+00 3.833516e+00 3.859816e+00 3.905045e+00 3.910553e+00 3.917023e+00 3.896241e+00 3.117583e+00
-9.999000e+03 -9.999000e+03 -9.999000e+03 -9.999000e+03 4.992017e+00 1.342166e+00 1.464738e+00 2.553463e+00 6.470626e-01 6.353413e-01 1.081057e+00 1.630771e+00 3.714256e+00 1.178490e+00 1.550553e+00 1.822234e+00 2.012894e+00 2.139038e+00 2.226604e+00 2.287101e+00 2.354734e+00 2.434489e+00 4.050666e+00 2.183913e+00 2.491990e+00 2.706011e+00 2.840335e+00 2.925826e+00 3.028853e+00 3.098977e+00 3.156449e+00 3.225894e+00 3.264426e+00 3.285894e+00 3.296360e+00 3.300365e+00 3.306061e+00 3.395062e+00 3.403306e+00 3.479386e+00 3.525398e+00 3.584390e+00 3.640631e+00 3.688249e+00 3.725901e+00 3.759330e+00 3.830738e+00 3.841525e+00 3.862402e+00 3.844089e+00 2.845016e+00 2.831135e+00
-9.999000e+03 -9.999000e+03 -9.999000e+03 -9.999000e+03 3.126476e+00 1.921061e+00 1.110459e+00 1.333851e+00 1.035741e+00 6.129710e-01 1.409594e+00 3.909572e+00 6.607230e-01 1.150079e+00 1.510510e+00 1.772653e+00 1.963076e+00 2.088400e+00 2.141376e+00 2.189451e+00 2.249660e+00 4.184961e+00 1.800270e+00 2.173700e+00 2.439209e+00 2.605942e+00 2.707483e+00 2.836860e+00 2.919281e+00 2.989723e+00 3.085695e+00 3.138541e+00 3.167778e+00 3.181664e+00 3.185177e+00 3.184650e+00 3.299852e+00 3.278721e+00 3.365442e+00 3.401315e+00 3.459372e+00 3.515640e+00 3.563167e+00 3.600189e+00 3.634459e+00 3.735925e+00 3.746338e+00 3.779431e+00 3.751425e+00 2.478523e+00 2.477880e+00 2.460815e+00
-9.999000e+03 -9.999000e+03 -9.999000e+03 1.877938e+00 1.248699e+00 1.762777e+00 6.269233e-01 9.777579e-01 5.969468e-01 1.162724e+00 2.598510e+00 1.454346e+00 6.432334e-01 1.112400e+00 1.451740e+00 1.707653e+00 1.897734e+00 1.965670e+00 1.996479e+00 2.031721e+00 4.264143e+00 1.320979e+00 1.768111e+00 2.091767e+00 2.297779e+00 2.412931e+00 2.570615e+00 2.666993e+00 2.752657e+00 2.878991e+00 2.948980e+00 2.991306e+00 3.015041e+00 3.024057e+00 3.024255e+00 3.189982e+00 3.133499e+00 3.238805e+00 3.259374e+00 3.317278e+00 3.376058e+00 3.424869e+00 3.460229e+00 3.492096e+00 3.629795e+00 3.626860e+00 3.670267e+00 3.625913e+00 2.019374e+00 2.024152e+00 2.019666e+00 2.002867e+00
-9.999000e+03 -9.999000e+03 -9.999000e+03 1.876566e+00 1.893962e+00 9.326511e-01 5.829447e-01 5.498499e-01 8.573946e-01 8.874019e-01 1.734917e+00 1.255582e+00 6.168981e-01 1.052437e+00 1.379219e+00 1.633856e+00 1.731327e+00 1.765439e+00 1.780397e+00 4.275784e+00 7.264919e-01 1.273154e+00 1.667141e+00 1.915921e+00 2.042263e+00 2.234673e+00 2.339996e+00 2.437974e+00 2.603569e+00 2.692051e+00 2.747250e+00 2.781695e+00 2.799034e+00 2.803996e+00 3.047651e+00 2.950011e+00 3.092636e+00 3.093973e+00 3.149991e+00 3.210416e+00 3.263644e+00 3.299945e+00 3.330127e+00 3.518502e+00 3.488848e+00 3.536402e+00 3.465705e+00 1.466277e+00 1.471038e+00 1.470537e+00 1.464089e+00 1.533337e+01
-9.999000e+03 -9.999000e+03 7.156725e+00 1.730958e-01 9.112025e-01 8.551826e-01 5.116517e-01 4.833186e-01 5.062385e-01 4.691955e-01 1.215493e+00 1.032400e+00 5.720127e-01 9.839694e-01 1.309430e+00 1.419887e+00 1.464694e+00 1.482684e+00 2.475320e+00 1.742622e+00 6.876810e-01 1.177996e+00 1.480678e+00 1.606819e+00 1.841793e+00 1.953645e+00 2.058323e+00 2.268429e+00 2.376226e+00 2.445345e+00 2.490534e+00 2.514632e+00 2.521871e+00 2.871843e+00 2.712141e+00 2.911959e+00 2.891359e+00 2.951665e+00 3.011241e+00 3.064501e+00 3.103011e+00 3.134320e+00 3.396134e+00 3.329115e+00 3.379735e+00 3.271059e+00 8.028975e-01 8.077269e-01 8.084518e-01 8.055129e-01 1.568682e+01 3.540486e+00
-9.999000e+03 -9.999000e+03 5.380069e+00 9.370498e-01 5.797335e-01 5.168904e-01 4.530502e-01 5.136299e-01 8.013955e-01 6.922583e-01 4.816466e-01 7.889418e-01 5.262675e-01 9.309621e-01 1.038591e+00 1.076673e+00 1.093461e+00 1.114631e+00 1.112992e+00 1.483193e+00 6.302262e-01 1.009725e+00 1.122941e+00 1.407729e+00 1.516622e+00 1.622386e+00 1.885436e+00 2.005354e+00 2.086047e+00 2.143097e+00 2.175622e+00 2.184031e+00 2.674710e+00 2.421913e+00 2.698503e+00 2.635735e+00 2.705758e+00 2.773536e+00 2.825151e+00 2.858696e+00 2.888727e+00 3.251075e+00 3.131887e+00 3.189780e+00 3.037075e+00 3.051318e+00 3.291285e+00 3.485726e+00 1.245450e+01 1.595619e+01 3.352514e+00 3.350302e+00
-9.999000e+03 1.869870e+00 5.607067e+00 1.331662e+00 5.613606e-01 3.949869e-01 5.298842e-01 5.286469e-01 -9.999000e+03 -9.999000e+03 -9.999000e+03 4.773989e-01 5.033690e-01 5.792119e-01 6.074214e-01 6.089482e-01 6.212868e-01 6.415471e-01 6.204822e-01 5.336911e-01 5.098074e-01 5.909252e-01 9.517438e-01 1.043952e+00 1.134826e+00 1.463199e+00 1.583623e+00 1.663970e+00 1.726761e+00 1.767848e+00 1.782706e+00 2.466183e+00 2.084351e+00 2.468775e+00 2.334912e+00 2.406691e+00 2.483160e+00 2.540443e+00 2.569248e+00 2.591690e+00 3.082456e+00 2.883205e+00 2.948658e+00 2.746568e+00 2.756508e+00 3.378244e+00 6.243328e+00 9.042388e+00 3.683136e+00 3.109169e+00 3.109086e+00 3.109645e+00
-9.999000e+03 5.377144e+00 1.474883e+00 5.596694e-01 4.992266e-01 5.072085e-01 -9.999000e+03 -9.999000e+03 -9.999000e+03 -9.999000e+03 -9.999000e+03 -9.999000e+03 5.235100e-01 5.655025e-01 9.605442e-01 1.237318e+00 6.088814e-01 1.052921e+00 1.341682e+00 1.393523e+00 4.716424e-01 4.800689e-01 5.464871e-01 6.077751e-01 1.017098e+00 1.118627e+00 1.182880e+00 1.237398e+00 1.277784e+00 1.296302e+00 2.242887e+00 1.694143e+00 2.231260e+00 1.992317e+00 2.059356e+00 2.136954e+00 2.198704e+00 2.225924e+00 2.240311e+00 2.896334e+00 2.581242e+00 2.648511e+00 2.386881e+00 2.395337e+00 3.180306e+00 2.749805e+00 2.768673e+00 3.574158e+00 2.802206e+00 2.804530e+00 2.802368e+00 3.558198e+00
1.878060e+00 1.631756e+00 8.540745e-01 5.035055e-01 3.774269e-01 5.650278e-01 -9.999000e+03 -9.999000e+03 -9.999000e+03 -9.999000e+03 -9.999000e+03 -9.999000e+03 -9.999000e+03 -9.999000e+03 -9.999000e+03 6.154647e-01 1.467161e+00 6.334398e-01 6.158138e-01 5.869279e-01 1.868401e+00 -9.999000e+03 -9.999000e+03 5.463145e-01 6.091638e-01 6.410416e-01 6.717006e-01 6.988402e-01 7.114966e-01 1.999468e+00 1.230522e+00 1.986369e+00 1.599673e+00 1.656539e+00 1.728166e+00 1.788842e+00 1.817187e+00 1.825748e+00 2.692576e+00 2.220119e+00 2.284755e+00 1.948138e+00 1.957192e+00 2.939137e+00 2.379075e+00 2.391251e+00 3.447606e+00 2.421605e+00 2.428475e+00 2.425625e+00 3.391567e+00 2.770689e+00
1.874603e+00 4.893818e-01 4.707208e-01 4.696102e-01 5.702612e-01 -9.999000e+03 -9.999000e+03 -9.999000e+03 -9.999000e+03 -9.999000e+03 -9.999000e+03 -9.999000e+03 -9.999000e+03 -9.999000e+03 -9.999000e+03 -9.999000e+03 -9.999000e+03 -9.999000e+03 -9.999000e+03 -9.999000e+03 -9.999000e+03 -9.999000e+03 -9.999000e+03 5.288131e-01 5.948731e-01 6.163321e-01 1.079858e+00 1.452631e+00 1.742661e+00 6.743493e-01 1.729136e+00 1.147689e+00 1.188029e+00 1.246679e+00 1.299155e+00 1.323280e+00 1.332434e+00 2.473963e+00 1.794986e+00 1.848326e+00 1.418023e+00 1.427482e+00 2.646497e+00 1.938648e+00 1.942221e+00 3.304362e+00 1.961745e+00 1.968996e+00 1.970241e+00 3.191661e+00 2.377669e+00 3.562943e+00
-9.999000e+03 5.827130e-01 5.653854e-01 6.152531e-01 -9.999000e+03 -9.999000e+03 -9.999000e+03 -9.999000e+03 -9.999000e+03 -9.999000e+03 -9.999000e+03 -9.999000e+03 -9.999000e+03 -9.999000e+03 -9.999000e+03 -9.999000e+03 -9.999000e+03 -9.999000e+03 -9.999000e+03 -9.999000e+03 -9.999000e+03 -9.999000e+03 -9.999000e+03 -9.999000e+03 -9.999000e+03 -9.999000e+03 6.414987e-01 6.641956e-01 1.146843e+00 1.459833e+00 6.239192e-01 6.459466e-01 6.792355e-01 7.155893e-01 7.308103e-01 7.343761e-01 2.230963e+00 1.302879e+00 1.335593e+00 7.785158e-01 7.873073e-01 2.292256e+00 1.414097e+00 1.415078e+00 3.147813e+00 1.421007e+00 1.424270e+00 1.425615e+00 2.956316e+00 1.924417e+00 3.479020e+00 1.471612e+00
-9.999000e+03 -9.999000e+03 -9.999000e+03 -9.999000e+03 -9.999000e+03 -9.999000e+03 -9.999000e+03 -9.999000e+03 -9.999000e+03 -9.999000e+03 -9.999000e+03 -9.999000e+03 -9.999000e+03 -9.999000e+03 -9.999000e+03 -9.999000e+03 -9.999000e+03 -9.999000e+03 -9.999000e+03 -9.999000e+03 -9.999000e+03 -9.999000e+03 -9.999000e+03 -9.999000e+03 -9.999000e+03 -9.999000e+03 -9.999000e+03 -9.999000e+03 6.517862e-01 1.075183e+00 5.974748e-01 6.199324e-01 6.616288e-01 1.196379e+00 1.626366e+00 1.951995e+00 7.169006e-01 7.354897e-01 7.519829e-01 1.361927e+00 1.866997e+00 7.795945e-01 7.821838e-01 2.969912e+00 7.842204e-01 7.845653e-01 7.832953e-01 2.674980e+00 1.398551e+00 3.417601e+00 7.969201e-01 8.181134e-01
-9.999000e+03 -9.999000e+03 -9.999000e+03 -9.999000e+03 -9.999000e+03 -9.999000e+03 -9.999000e+03 -9.999000e+03 -9.999000e+03 -9.999000e+03 -9.999000e+03 -9.999000e+03 -9.999000e+03 -9.999000e+03 -9.999000e+03 -9.999000e+03 -9.999000e+03 -9.999000e+03 -9.999000e+03 -9.999000e+03 -9.999000e+03 -9.999000e+03 -9.999000e+03 -9.999000e+03 -9.999000e+03 -9.999000e+03 -9.999000e+03 -9.999000e+03 -9.999000e+03 6.108616e-01 1.365241e+00 1.060682e+00 1.124933e+00 7.160863e-01 7.229543e-01 7.054186e-01 7.065652e-01 7.287371e-01 1.310637e+00 1.788211e+00 2.179743e+00 2.496466e+00 2.754063e+00 7.800546e-01 1.409281e+00 1.924019e+00 2.339134e+00 7.699076e-01 3.362233e+00 7.843171e-01 1.428715e+00 1.979277e+00
-9.999000e+03 -9.999000e+03 -9.999000e+03 -9.999000e+03 -9.999000e+03 -9.999000e+03 -9.999000e+03 -9.999000e+03 -9.999000e+03 -9.999000e+03 -9.999000e+03 -9.999000e+03 -9.999000e+03 -9.999000e+03 -9.999000e+03 -9.999000e+03 -9.999000e+03 -9.999000e+03 -9.999000e+03 -9.999000e+03 -9.999000e+03 -9.999000e+03 -9.999000e+03 -9.999000e+03 -9.999000e+03 -9.999000e+03 -9.999000e+03 -9.999000e+03 -9.999000e+03 -9.999000e+03 1.086605e+00 -9.999000e+03 -9.999000e+03 -9.999000e+03 -9.999000e+03 -9.999000e+03 -9.999000e+03 -9.999000e+03 7.436030e-01 1.331768e+00 1.803113e+00 2.174760e+00 2.472514e+00 2.719976e+00 2.925300e+00 3.092152e+00 3.219214e+00 3.299807e+00 7.631417e-01 1.393310e+00 1.926022e+00 2.377285e+00
-9.999000e+03 -9.999000e+03 -9.999000e+03 -9.999000e+03 -9.999000e+03 -9.999000e+03 -9.999000e+03 -9.999000e+03 -9.999000e+03 -9.999000e+03 -9.999000e+03 -9.999000e+03 -9.999000e+03 -9.999000e+03 -9.999000e+03 -9.999000e+03 -9.999000e+03 -9.999000e+03 -9.999000e+03 -9.999000e+03 -9.999000e+03 -9.999000e+03 -9.999000e+03 -9.999000e+03 -9.999000e+03 -9.999000e+03 -9.999000e+03 -9.999000e+03 -9.999000e+03 -9.999000e+03 -9.999000e+03 -9.999000e+03 -9.999000e+03 -9.999000e+03 -9.999000e+03 -9.999000e+03 -9.999000e+03 -9.999000e+03 -9.999000e+03 -9.999000e+03 -9.999000e+03 7.450017e-01 7.515629e-01 7.686820e-01 1.388790e+00 1.893412e+00 2.294235e+00 2.592482e+00 2.821234e+00 3.017662e+00 3.186849e+00 3.326962e+00
-9.999000e+03 -9.999000e+03 -9.999000e+03 -9.999000e+03 -9.999000e+03 -9.999000e+03 -9.999000e+03 -9.999000e+03 -9.999000e+03 -9.999000e+03 -9.999000e+03 -9.999000e+03 -9.999000e+03 -9.999000e+03 -9.999000e+03 -9.999000e+03 -9.999000e+03 -9.999000e+03 -9.999000e+03 -9.999000e+03 -9.999000e+03 -9.999000e+03 -9.999000e+03 -9.999000e+03 -9.999000e+03 -9.999000e+03 -9.999000e+03 -9.999000e+03 -9.999000e+03 -9.999000e+03 -9.999000e+03 -9.999000e+03 -9.999000e+03 -9.999000e+03 -9.999000e+03 -9.999000e+03 -9.999000e+03 -9.999000e+03 -9.999000e+03 -9.999000e+03 -9.999000e+03 -9.999000e+03 -9.999000e+03 -9.999000e+03 7.799147e-01 7.759415e-01 1.386741e+00 1.864866e+00 7.637540e-01 1.397953e+00 1.926051e+00 2.346446e+00
-9.999000e+03 -9.999000e+03 -9.999000e+03 -9.999000e+03 -9.999000e+03 -9.999000e+03 -9.999000e+03 -9.999000e+03 -9.999000e+03 -9.999000e+03 -9.999000e+03 -9.999000e+03 -9.999000e+03 -9.999000e+03 -9.999000e+03 -9.999000e+03 -9.999000e+03 -9.999000e+03 -9.999000e+03 -9.999000e+03 -9.999000e+03 -9.999000e+03 -9.999000e+03 -9.999000e+03 -9.999000e+03 -9.999000e+03 -9.999000e+03 -9.999000e+03 -9.999000e+03 -9.999000e+03 -9.999000e+03 -9.999000e+03 -9.999000e+03 -9.999000e+03 -9.999000e+03 -9.999000e+03 -9.999000e+03 -9.999000e+03 -9.999000e+03 -9.999000e+03 -9.999000e+03 -9.999000e+03 -9.999000e+03 -9.999000e+03 -9.999000e+03 -9.999000e+03 -9.999000e+03 -9.999000e+03 -9.999000e+03 -9.999000e+03 7.896676e-01 1.397285e+00
-9.999000e+03 -9.999000e+03 -9.999000e+03 -9.999000e+03 -9.999000e+03 -9.999000e+03 -9.999000e+03 -9.999000e+03 -9.999000e+03 -9.999000e+03 -9.999000e+03 -9.999000e+03 -9.999000e+03 -9.999000e+03 -9.999000e+03 -9.999000e+03 -9.999000e+03 -9.999000e+03 -9.999000e+03 -9.999000e+03 -9.999000e+03 -9.999000e+03 -9.999000e+03 -9.999000e+03 -9.999000e+03 -9.999000e+03 -9.999000e+03 -9.999000e+03 -9.999000e+03 -9.999000e+03 -9.999000e+03 -9.999000e+03 -9.999000e+03 -9.999000e+03 -9.999000e+03 -9.999000e+03 -9.999000e+03 -9.999000e+03 -9.999000e+03 -9.999000e+03 -9.999000e+03 -9.999000e+03 -9.999000e+03 -9.999000e+03 -9.999000e+03 -9.999000e+03 -9.999000e+03 -9.999000e+03 -9.999000e+03 -9.999000e+03 -9.999000e+03 7.544966e-01
-9.999000e+03 -9.999000e+03 -9.999000e+03 -9.999000e+03 -9.999000e+03 -9.999000e+03 -9.999000e+03 -9.999000e+03 -9.999000e+03 -9.999000e+03 -9.999000e+03 -9.999000e+03 -9.999000e+03 -9.999000e+03 -9.999000e+03 -9.999000e+03 -9.999000e+03 -9.999000e+03 -9.999000e+03 -9.999000e+03 -9.999000e+03 -9.999000e+03 -9.999000e+03 -9.999000e+03 -9.999000e+03 -9.999000e+03 -9.999000e+03 -9.999000e+03 -9.999000e+03 -9.999000e+03 -9.999000e+03 -9.999000e+03 -9.999000e+03 -9.999000e+03 -9.999000e+03 -9.999000e+03 -9.999000e+03 -9.999000e+03 -9.999000e+03 -9.999000e+03 -9.999000e+03 -9.999000e+03 -9.999000e+03 -9.999000e+03 -9.999000e+03 -9.999000e+03 -9.999000e+03 -9.999000e+03 -9.999000e+03 -9.999000e+03 -9.999000e+03 -9.999000e+03
-9.999000e+03 -9.999000e+03 -9.999000e+03 -9.999000e+03 -9.999000e+03 -9.999000e+03 -9.999000e+03 -9.999000e+03 -9.999000e+03 -9.999000e+03 -9.999000e+03 -9.999000e+03 -9.999000e+03 -9.999000e+03 -9.999000e+03 -9.999000e+03 -9.999000e+03 -9.999000e+03 -9.999000e+03 -9.999000e+03 -9.999000e+03 -9.999000e+03 -9.999000e+03 -9.999000e+03 -9.999000e+03 -9.999000e+03 -9.999000e+03 -9.999000e+03 -9.999000e+03 -9.999000e+03 -9.999000e+03 -9.999000e+03 -9.999000e+03 -9.999000e+03 -9.999000e+03 -9.999000e+03 -9.999000e+03 -9.999000e+03 -9.999000e+03 -9.999000e+03 -9.999000e+03 -9.999000e+03 -9.999000e+03 -9.999000e+03 -9.999000e+03 -9.999000e+03 -9.999000e+03 -9.999000e+03 -9.999000e+03 -9.999000e+03 -9.999000e+03 -9.999000e+03
