tests/data/reference/test_implicit_stream_rill_mfda/cvsur_m3.asc
ncols	123
nrows	77
xllcorner	-713746.79929998
yllcorner	-1061022.36961616
cellsize	10.0
NODATA_value	-9999
[rows 23 to 45 of 77, columns 0 to 51 of 123]
-9.999000e+03 -9.999000e+03 -9.999000e+03 -9.999000e+03 -9.999000e+03 -9.999000e+03 -9.999000e+03 -9.999000e+03 -9.999000e+03 -9.999000e+03 -9.999000e+03 -9.999000e+03 -9.999000e+03 -9.999000e+03 6.273286e-01 1.977115e+00 2.275627e+00 1.141049e+00 6.619354e-01 4.232036e-01 3.265219e-01 2.591113e+00 5.705860e-01 6.272723e+00 7.861346e+00 4.399900e+00 8.604847e+00 5.020053e+00 2.624442e+00 4.271335e+00 7.967947e-01 1.451313e+00 1.997376e+00 3.444249e+00 1.329382e+01 3.935901e+00 8.984498e+00 8.150339e-01 8.316575e+00 3.995435e+00 4.010085e+00 3.991637e+00 4.090707e+00 4.008064e+00 3.994899e+00 3.841178e+00 3.877979e+00 4.144784e+00 3.519977e+00 2.598423e+00 2.115362e+00 8.376565e-01
-9.999000e+03 -9.999000e+03 -9.999000e+03 -9.999000e+03 -9.999000e+03 -9.999000e+03 -9.999000e+03 -9.999000e+03 -9.999000e+03 -9.999000e+03 -9.999000e+03 -9.999000e+03 -9.999000e+03 -9.999000e+03 8.518397e-01 5.532103e+00 4.099252e+00 1.213939e+00 6.520234e-01 7.434088e-01 2.309123e+00 4.794355e+00 8.231705e-01 1.172936e+00 6.371771e+00 1.218595e+01 8.368754e+00 5.079680e+00 3.074649e+00 8.585919e-01 4.083058e+00 1.448791e+00 1.994388e+00 2.447397e+00 1.654459e+01 3.960302e+00 8.430019e+00 8.178721e-01 8.980222e+00 4.077680e+00 4.101875e+00 4.103306e+00 4.172645e+00 4.128145e+00 4.117141e+00 4.004995e+00 4.023232e+00 4.194797e+00 3.766024e+00 3.020270e+00 8.386498e-01 2.621519e+00
-9.999000e+03 -9.999000e+03 -9.999000e+03 -9.999000e+03 -9.999000e+03 -9.999000e+03 -9.999000e+03 -9.999000e+03 -9.999000e+03 -9.999000e+03 -9.999000e+03 -9.999000e+03 -9.999000e+03 -9.999000e+03 4.479682e+00 1.086157e+00 6.912438e-01 6.901867e-01 6.832059e-01 3.730786e-01 3.004236e+00 2.746102e+00 5.074274e+00 1.494622e+00 1.754994e+00 6.447553e+00 2.026264e+01 5.088881e+00 3.452060e+00 8.638414e-01 1.579963e+00 4.214667e+00 2.104009e+00 2.435049e+00 2.806801e+00 2.021372e+01 8.081601e-01 7.838704e+00 1.489832e+00 1.284873e+01 4.172130e+00 4.188224e+00 4.243242e+00 4.223679e+00 4.215717e+00 4.135620e+00 4.143378e+00 4.252479e+00 3.971783e+00 3.380748e+00 1.543822e+00 8.488667e-01
-9.999000e+03 -9.999000e+03 -9.999000e+03 -9.999000e+03 -9.999000e+03 -9.999000e+03 -9.999000e+03 -9.999000e+03 -9.999000e+03 -9.999000e+03 -9.999000e+03 -9.999000e+03 7.327455e-01 6.616348e-01 4.101195e+00 1.205845e+00 6.959629e-01 4.948982e-01 3.272602e-01 2.569600e+00 2.295922e+00 5.457842e+00 3.178158e+00 5.397006e+00 2.055420e+00 2.267454e+00 2.634016e+01 5.045460e+00 3.755508e+00 1.576042e+00 8.584763e-01 2.190777e+00 4.327841e+00 2.638898e+00 2.936919e+00 3.095968e+00 2.011030e+01 1.475302e+00 7.216227e+00 2.051068e+00 1.703352e+01 4.249095e+00 4.297487e+00 4.295079e+00 4.292192e+00 4.239029e+00 4.244325e+00 4.316883e+00 4.144874e+00 3.689268e+00 2.150857e+00 8.530053e-01
-9.999000e+03 -9.999000e+03 -9.999000e+03 -9.999000e+03 -9.999000e+03 -9.999000e+03 -9.999000e+03 -9.999000e+03 -9.999000e+03 -9.999000e+03 -9.999000e+03 -9.999000e+03 -9.999000e+03 7.242103e-01 1.120576e+00 1.065188e+00 5.627178e-01 2.918987e-01 2.672151e+00 2.591958e+00 2.757932e+00 2.922090e+00 8.418081e+00 1.154371e+01 1.680492e+01 1.864274e+01 2.061392e+01 2.586112e+01 4.946272e+00 3.984819e+00 2.170126e+00 1.564254e+00 2.693609e+00 4.414081e+00 3.074743e+00 3.358767e+00 3.525942e+00 2.030113e+01 2.034534e+00 6.573178e+00 1.911202e+01 4.287720e+00 4.332397e+00 4.343000e+00 4.348919e+00 4.321750e+00 4.332650e+00 4.387149e+00 4.292449e+00 3.953204e+00 2.676862e+00 1.571392e+00
-9.999000e+03 -9.999000e+03 -9.999000e+03 -9.999000e+03 -9.999000e+03 -9.999000e+03 -9.999000e+03 -9.999000e+03 -9.999000e+03 -9.999000e+03 -9.999000e+03 -9.999000e+03 -9.999000e+03 -9.999000e+03 -9.999000e+03 6.314234e-01 1.765515e-01 1.882374e+00 3.757277e+00 4.111981e+00 4.445202e+00 4.659252e+00 4.767685e+00 4.786527e+00 4.732637e+00 4.626026e+00 4.475991e+00 2.467510e+01 4.991872e+01 4.814394e+00 4.145805e+00 2.648560e+00 2.130145e+00 3.086261e+00 4.477195e+00 3.446416e+00 3.715479e+00 3.876393e+00 2.015501e+01 2.637678e+00 2.537773e+01 4.308971e+00 4.353420e+00 4.375942e+00 4.393681e+00 4.391492e+00 4.412879e+00 4.460445e+00 4.418957e+00 4.177745e+00 3.131914e+00 2.187365e+00
-9.999000e+03 -9.999000e+03 -9.999000e+03 -9.999000e+03 -9.999000e+03 -9.999000e+03 -9.999000e+03 -9.999000e+03 -9.999000e+03 -9.999000e+03 -9.999000e+03 -9.999000e+03 -9.999000e+03 -9.999000e+03 -9.999000e+03 -9.999000e+03 2.787016e-01 2.338582e+00 2.708873e+00 3.069007e+00 3.326200e+00 3.483883e+00 3.563080e+00 3.590841e+00 3.591129e+00 3.587164e+00 3.587508e+00 3.589181e+00 3.597502e+00 5.307357e+01 5.748819e+01 6.114770e+01 3.011614e+00 2.576855e+00 3.394339e+00 4.525625e+00 7.995034e+00 1.168113e+01 4.149300e+00 1.988953e+01 3.151366e+00 2.979730e+01 4.370481e+00 4.405377e+00 4.435980e+00 4.455756e+00 4.488382e+00 4.533987e+00 4.527545e+00 4.366951e+00 3.522396e+00 2.714981e+00
-9.999000e+03 -9.999000e+03 -9.999000e+03 -9.999000e+03 -9.999000e+03 -9.999000e+03 -9.999000e+03 -9.999000e+03 -9.999000e+03 -9.999000e+03 -9.999000e+03 -9.999000e+03 -9.999000e+03 -9.999000e+03 -9.999000e+03 -9.999000e+03 1.882972e+00 1.604204e+00 1.891909e+00 2.173599e+00 2.417893e+00 2.481138e+01 2.398368e+01 2.307973e+01 2.211104e+01 2.109340e+01 2.003586e+01 1.893654e+01 1.780041e+01 1.663367e+01 1.542401e+01 1.416112e+01 7.436497e+01 7.596121e+01 7.694319e+01 7.925415e+01 7.820222e+01 7.716211e+01 8.784559e+01 9.101537e+01 1.099197e+02 1.121003e+02 3.433570e+01 4.658166e+00 4.706085e+00 4.503384e+00 4.549839e+00 4.598339e+00 4.616453e+00 4.520963e+00 3.849216e+00 3.158156e+00
-9.999000e+03 -9.999000e+03 -9.999000e+03 -9.999000e+03 -9.999000e+03 -9.999000e+03 -9.999000e+03 -9.999000e+03 -9.999000e+03 -9.999000e+03 -9.999000e+03 -9.999000e+03 -9.999000e+03 -9.999000e+03 -9.999000e+03 1.882987e+00 1.567530e+00 1.806392e+00 1.573979e+01 1.804845e+01 2.312947e+01 2.983831e+00 5.939470e+00 8.898755e+00 8.763378e+00 1.474243e+01 1.758885e+01 2.043672e+01 1.997177e+01 1.943784e+01 1.882998e+01 1.813641e+01 1.735063e+01 1.646644e+01 1.550825e+01 1.450539e+01 4.665918e+01 4.786084e+01 4.965029e+01 5.260798e+01 5.552515e+01 5.837240e+01 1.695167e+02 2.028924e+02 2.065534e+02 4.900740e+00 9.239145e+00 4.639083e+00 4.680539e+00 4.636922e+00 4.108414e+00 3.513903e+00
-9.999000e+03 -9.999000e+03 -9.999000e+03 -9.999000e+03 -9.999000e+03 -9.999000e+03 -9.999000e+03 -9.999000e+03 -9.999000e+03 -9.999000e+03 -9.999000e+03 -9.999000e+03 -9.999000e+03 -9.999000e+03 1.881970e+00 3.756269e+00 1.225186e+01 1.454166e+01 2.607817e+00 5.707515e+00 2.773227e+00 2.891280e+00 3.004770e+00 3.222914e+00 6.205015e+00 3.155631e+00 3.236635e+00 3.054280e+00 3.130570e+00 3.422245e+00 3.658383e+00 1.549434e+01 1.840663e+01 2.138496e+01 2.432293e+01 3.314039e+01 1.998455e+00 2.490254e+00 3.639500e+00 3.581911e+00 3.489287e+00 3.530082e+00 7.516395e+00 1.102697e+01 1.448129e+01 2.200583e+02 2.239380e+02 2.321288e+02 4.885974e+00 9.515908e+00 4.279675e+00 3.767954e+00
-9.999000e+03 -9.999000e+03 -9.999000e+03 -9.999000e+03 -9.999000e+03 -9.999000e+03 -9.999000e+03 -9.999000e+03 -9.999000e+03 -9.999000e+03 -9.999000e+03 -9.999000e+03 -9.999000e+03 -9.999000e+03 1.882711e+00 9.088369e+00 2.826177e+00 2.565145e+00 6.826903e+00 2.474194e+00 2.607560e+00 2.738206e+00 3.012274e+00 2.877970e+00 2.879704e+00 2.983832e+00 2.981477e+00 3.042530e+00 6.037844e+00 9.017041e+00 1.185989e+01 3.059276e+00 3.244922e+00 3.310626e+00 9.261594e+00 1.404055e+00 1.939474e+00 3.286560e+00 3.171488e+00 3.030259e+00 3.066113e+00 3.705027e+00 3.335359e+00 3.380752e+00 3.554050e+00 7.035934e+00 1.005770e+01 1.308849e+01 2.470480e+02 2.508829e+02 2.592830e+02 4.529244e+00
-9.999000e+03 -9.999000e+03 -9.999000e+03 -9.999000e+03 -9.999000e+03 -9.999000e+03 -9.999000e+03 -9.999000e+03 -9.999000e+03 -9.999000e+03 -9.999000e+03 -9.999000e+03 -9.999000e+03 3.755257e+00 8.283962e+00 2.875444e+00 2.499283e+00 7.930647e+00 2.291018e+00 2.470749e+00 2.646822e+00 2.741426e+00 2.807615e+00 2.781100e+00 2.960048e+00 2.911695e+00 2.955988e+00 3.024252e+00 3.107015e+00 3.058935e+00 2.846983e+00 3.117581e+00 3.222277e+00 9.443146e+00 7.852645e-01 1.427267e+00 3.112558e+00 2.925485e+00 2.715375e+00 2.734301e+00 3.291345e+00 2.807757e+00 2.849881e+00 3.052516e+00 3.102024e+00 2.740609e+00 2.843366e+00 2.850799e+00 2.849811e+00 5.622659e+00 8.225177e+00 2.664305e+02
-9.999000e+03 -9.999000e+03 -9.999000e+03 -9.999000e+03 -9.999000e+03 -9.999000e+03 -9.999000e+03 -9.999000e+03 -9.999000e+03 -9.999000e+03 -9.999000e+03 -9.999000e+03 1.881744e+00 5.625625e+00 2.919703e+00 2.449436e+00 9.012883e+00 2.025925e+00 2.268130e+00 2.518097e+00 2.646996e+00 2.731003e+00 2.662007e+00 2.967099e+00 2.840132e+00 2.877643e+00 2.930051e+00 3.002063e+00 2.870684e+00 2.563451e+00 2.935936e+00 3.094914e+00 7.593308e+00 1.941427e+00 7.891462e-01 2.896990e+00 2.626232e+00 2.343988e+00 2.348968e+00 3.059976e+00 2.394183e+00 2.425281e+00 2.462115e+00 2.509402e+00 2.090392e+00 2.218156e+00 2.228438e+00 2.241413e+00 2.325538e+00 2.306176e+00 4.439416e+00 6.917867e+00
-9.999000e+03 -9.999000e+03 -9.999000e+03 -9.999000e+03 -9.999000e+03 -9.999000e+03 -9.999000e+03 -9.999000e+03 -9.999000e+03 -9.999000e+03 -9.999000e+03 -9.999000e+03 3.754087e+00 2.950560e+00 2.444036e+00 1.008115e+01 1.680039e+00 1.991721e+00 2.335815e+00 2.516390e+00 2.634229e+00 2.510034e+00 3.032626e+00 2.766310e+00 2.801967e+00 2.848348e+00 2.909099e+00 2.651173e+00 2.216505e+00 2.707683e+00 2.941444e+00 6.804042e+00 7.927813e-01 1.413830e+00 2.643882e+00 2.267065e+00 1.902877e+00 1.896755e+00 2.802650e+00 1.916718e+00 1.937704e+00 1.968108e+00 2.012967e+00 1.503993e+00 1.504501e+00 1.511165e+00 1.520795e+00 1.630841e+00 1.630968e+00 4.128579e+00 2.262471e+00 2.231251e+00
-9.999000e+03 -9.999000e+03 -9.999000e+03 -9.999000e+03 -9.999000e+03 -9.999000e+03 -9.999000e+03 -9.999000e+03 -9.999000e+03 -9.999000e+03 -9.999000e+03 1.880291e+00 3.014706e+00 2.488706e+00 1.112596e+01 1.242711e+00 1.638304e+00 2.101112e+00 2.347388e+00 2.508198e+00 2.298152e+00 3.160229e+00 2.684095e+00 2.723313e+00 2.772397e+00 2.832735e+00 2.401243e+00 1.807895e+00 2.443404e+00 2.774263e+00 2.408284e+00 4.310844e+00 7.754753e-01 2.351611e+00 1.842710e+00 1.384742e+00 1.373173e+00 2.520409e+00 1.373057e+00 1.381950e+00 1.400351e+00 1.439005e+00 8.210960e-01 8.195752e-01 8.213543e-01 8.260961e-01 8.297897e-01 8.326979e-01 3.730161e+00 1.598124e+00 1.583865e+00 1.580410e+00
-9.999000e+03 -9.999000e+03 -9.999000e+03 -9.999000e+03 -9.999000e+03 -9.999000e+03 -9.999000e+03 -9.999000e+03 -9.999000e+03 -9.999000e+03 1.879688e+00 3.750862e+00 2.585688e+00 1.215323e+01 6.899834e-01 1.198281e+00 1.816616e+00 2.149813e+00 2.366714e+00 2.011703e+00 3.337891e+00 2.583714e+00 2.632354e+00 2.692289e+00 2.760766e+00 2.109381e+00 1.326567e+00 2.136405e+00 2.593711e+00 2.099660e+00 2.070366e+00 2.036869e+00 2.017615e+00 1.337166e+00 7.687222e-01 7.571400e-01 2.204222e+00 7.503377e-01 7.518020e-01 7.558987e-01 7.749098e-01 8.036162e-01 1.470532e+00 2.027666e+00 2.495739e+00 2.890778e+00 3.222690e+00 3.498846e+00 8.220237e-01 8.138796e-01 8.136562e-01 8.936353e-01
-9.999000e+03 -9.999000e+03 -9.999000e+03 -9.999000e+03 -9.999000e+03 -9.999000e+03 -9.999000e+03 -9.999000e+03 -9.999000e+03 -9.999000e+03 1.878663e+00 2.709863e+00 1.204031e+01 1.130760e+00 6.606811e-01 1.485795e+00 1.933292e+00 2.229019e+00 1.650316e+00 3.545447e+00 2.475351e+00 2.532592e+00 2.606654e+00 2.686604e+00 1.747550e+00 7.407513e-01 1.765645e+00 2.377087e+00 1.739132e+00 1.709782e+00 1.672566e+00 1.645219e+00 7.303551e-01 7.568049e-01 1.361085e+00 1.831269e+00 7.364663e-01 1.302724e+00 1.750326e+00 2.112713e+00 7.712065e-01 8.012375e-01 1.464099e+00 2.014350e+00 2.472186e+00 2.853867e+00 3.171946e+00 3.436107e+00 3.649653e+00 3.812478e+00 3.934224e+00 4.029398e+00
-9.999000e+03 -9.999000e+03 -9.999000e+03 -9.999000e+03 -9.999000e+03 -9.999000e+03 -9.999000e+03 -9.999000e+03 -9.999000e+03 1.878779e+00 2.876836e+00 1.160115e+01 1.417730e+00 6.504524e-01 1.109933e+00 1.705502e+00 2.110605e+00 1.207591e+00 3.761434e+00 2.374298e+00 2.435232e+00 2.522672e+00 2.608990e+00 1.298520e+00 7.351965e-01 1.306917e+00 2.102758e+00 1.290673e+00 1.275629e+00 1.242941e+00 1.214625e+00 7.115125e-01 1.276386e+00 1.750585e+00 2.143405e+00 2.452234e+00 2.683976e+00 2.847818e+00 7.501427e-01 7.690772e-01 2.443586e+00 1.424586e+00 1.974772e+00 2.428346e+00 2.797631e+00 3.096116e+00 3.338100e+00 3.537324e+00 3.699522e+00 3.827313e+00 3.925117e+00 3.998265e+00
-9.999000e+03 -9.999000e+03 -9.999000e+03 -9.999000e+03 -9.999000e+03 -9.999000e+03 -9.999000e+03 -9.999000e+03 -9.999000e+03 1.880115e+00 1.064125e+01 1.891077e+00 1.090603e+00 6.429503e-01 1.448900e+00 2.012091e+00 6.724996e-01 3.966344e+00 2.299629e+00 2.355092e+00 2.453204e+00 2.528753e+00 7.297369e-01 7.371671e-01 1.310377e+00 1.754174e+00 7.255055e-01 7.220424e-01 7.101267e-01 6.864526e-01 6.879523e-01 1.237668e+00 1.695542e+00 2.083981e+00 2.409367e+00 2.672667e+00 2.877640e+00 7.574615e-01 2.981913e+00 1.378381e+00 1.413141e+00 2.742473e+00 3.001856e+00 3.215088e+00 3.384939e+00 3.519397e+00 3.626567e+00 3.714864e+00 3.788856e+00 3.851973e+00 7.652026e+01 7.928538e+01
-9.999000e+03 -9.999000e+03 -9.999000e+03 -9.999000e+03 -9.999000e+03 -9.999000e+03 -9.999000e+03 -9.999000e+03 3.752804e+00 2.990255e+00 8.465147e+00 1.747495e+00 6.365202e-01 1.106726e+00 1.900198e+00 2.063394e+00 4.142675e+00 2.259592e+00 2.306775e+00 2.420472e+00 2.451080e+00 1.277685e+00 1.722720e+00 2.081394e+00 2.361573e+00 1.378019e+01 1.556955e+01 1.489835e+01 1.413448e+01 1.325669e+01 1.228652e+01 1.126799e+01 1.022094e+01 9.157620e+00 8.077405e+00 6.973567e+00 5.848300e+00 7.602378e+00 7.286351e+00 9.578675e+00 1.071611e+01 1.183877e+01 1.149214e+01 1.108126e+01 1.061042e+01 1.008774e+01 9.514148e+00 8.889784e+00 8.221611e+00 7.386836e+01 3.916031e+00 3.901376e+00
-9.999000e+03 -9.999000e+03 -9.999000e+03 -9.999000e+03 -9.999000e+03 -9.999000e+03 -9.999000e+03 1.879566e+00 3.751302e+00 8.043416e+00 1.165638e+00 1.500032e+00 6.439527e-01 1.731791e+00 1.953794e+00 2.184058e+00 2.244413e+00 2.292381e+00 2.448753e+00 2.377413e+00 7.190210e-01 7.250002e-01 1.291540e+00 1.025782e+01 1.193086e+01 2.381485e+00 1.759285e+00 2.103629e+00 2.355975e+00 2.518785e+00 2.625776e+00 2.716268e+00 2.805925e+00 2.902753e+00 3.006106e+00 3.108062e+00 3.198976e+00 3.269802e+00 3.325943e+00 3.379204e+00 3.429775e+00 3.473698e+00 3.510868e+00 3.541464e+00 3.568495e+00 3.596656e+00 3.622364e+00 3.638704e+00 6.687739e+01 3.943216e+00 3.928848e+00 3.907941e+00
-9.999000e+03 -9.999000e+03 -9.999000e+03 -9.999000e+03 -9.999000e+03 -9.999000e+03 -9.999000e+03 1.878329e+00 7.719556e-01 7.960071e+00 6.684762e-01 1.139516e+00 1.490400e+00 1.782853e+00 2.118055e+00 2.209432e+00 2.287438e+00 2.558354e+00 2.306103e+00 2.400313e+00 4.736497e+00 7.037719e+00 9.324240e+00 2.102611e+00 2.110120e+00 1.312532e+00 7.408120e-01 1.316775e+00 1.765391e+00 2.100934e+00 2.356191e+00 2.565051e+00 2.740016e+00 2.887910e+00 3.012589e+00 3.114794e+00 3.920566e+01 4.139011e+01 4.358021e+01 4.578107e+01 4.799333e+01 5.021676e+01 5.265893e+01 5.140498e+01 5.003856e+01 4.835801e+01 6.180577e+01 6.448245e+01 3.970078e+00 3.956029e+00 3.934683e+00 3.909610e+00
-9.999000e+03 -9.999000e+03 -9.999000e+03 -9.999000e+03 -9.999000e+03 -9.999000e+03 -9.999000e+03 2.231198e-01 6.866208e+00 1.731657e+00 6.486070e-01 1.136817e+00 1.531062e+00 2.000073e+00 2.131947e+00 2.249045e+00 2.738443e+00 2.222103e+00 2.313317e+00 2.389662e+00 2.472026e+00 2.561899e+00 1.752125e+00 1.756438e+00 7.338651e-01 7.439688e-01 1.328508e+00 1.789411e+00 2.147604e+00 2.417053e+00 2.618281e+00 2.773922e+00 2.895592e+00 3.285360e+01 3.508184e+01 3.730893e+01 3.455054e+00 3.507291e+00 3.555908e+00 3.605279e+00 3.657922e+00 3.721655e+00 3.777984e+00 7.499556e+00 1.117814e+01 1.481490e+01 3.970742e+00 3.981070e+00 3.976534e+00 3.959106e+00 3.938108e+00 3.909305e+00
