tests/data/reference/test_implicit_stream_rill_mfda/cvsur_m3.asc
ncols	123
nrows	77
xllcorner	-713746.79929998
yllcorner	-1061022.36961616
cellsize	10.0
NODATA_value	-9999
[rows 23 to 45 of 77, columns 52 to 103 of 123]
1.540406e+00 3.020944e+00 3.354551e+00 3.793839e+00 3.953403e+00 4.156847e+00 4.136781e+00 3.911937e+00 3.907887e+00 3.664211e+00 3.359291e+00 3.340080e+00 3.316968e+00 3.289726e+00 3.255823e+00 4.102469e+00 1.422984e+01 6.293064e+00 3.083430e+00 2.983547e+00 2.551882e+00 2.278993e+00 1.924536e+00 2.253761e+00 7.894188e-01 1.389632e+00 3.255465e+01 9.005152e+00 8.648597e+00 2.381745e+00 1.947610e+00 1.409623e+00 7.730249e-01 7.416096e-01 -9.999000e+03 -9.999000e+03 -9.999000e+03 -9.999000e+03 -9.999000e+03 -9.999000e+03 -9.999000e+03 -9.999000e+03 -9.999000e+03 -9.999000e+03 -9.999000e+03 -9.999000e+03 -9.999000e+03 -9.999000e+03 -9.999000e+03 -9.999000e+03 -9.999000e+03 -9.999000e+03
1.548720e+00 2.144498e+00 3.388994e+00 3.661905e+00 4.011181e+00 4.136198e+00 4.283887e+00 4.275607e+00 4.100736e+00 4.092928e+00 3.892896e+00 3.640258e+00 3.617526e+00 3.586206e+00 3.546009e+00 3.494702e+00 1.802668e+01 5.974153e+00 3.230813e+00 3.159142e+00 2.860065e+00 2.660216e+00 2.383992e+00 2.632567e+00 1.443941e+00 1.913375e+00 7.754523e-01 3.096369e+01 8.515306e+00 8.541118e+00 4.576023e+00 1.926885e+00 1.401506e+00 1.345894e+00 7.307962e-01 -9.999000e+03 -9.999000e+03 -9.999000e+03 -9.999000e+03 -9.999000e+03 -9.999000e+03 -9.999000e+03 -9.999000e+03 -9.999000e+03 -9.999000e+03 -9.999000e+03 -9.999000e+03 -9.999000e+03 -9.999000e+03 -9.999000e+03 -9.999000e+03 -9.999000e+03
3.063960e+00 2.155977e+00 2.661042e+00 3.697719e+00 3.914519e+00 4.184178e+00 4.277094e+00 4.381301e+00 4.380174e+00 4.248059e+00 4.237044e+00 4.073540e+00 3.861673e+00 3.828351e+00 3.786059e+00 3.735144e+00 2.142037e+01 5.629852e+00 3.363880e+00 3.322052e+00 3.128248e+00 2.989683e+00 2.777353e+00 2.960787e+00 1.997841e+00 2.362497e+00 1.423154e+00 2.935008e+01 7.830200e-01 7.976213e+00 1.290594e+01 2.322011e+00 1.912071e+00 1.862387e+00 1.354962e+00 7.632461e-01 7.379486e-01 7.354939e-01 -9.999000e+03 -9.999000e+03 -9.999000e+03 -9.999000e+03 -9.999000e+03 -9.999000e+03 -9.999000e+03 -9.999000e+03 -9.999000e+03 -9.999000e+03 -9.999000e+03 -9.999000e+03 -9.999000e+03 -9.999000e+03
1.567777e+00 3.438627e+00 2.673468e+00 3.095344e+00 3.946469e+00 4.112022e+00 4.314396e+00 4.383428e+00 4.457306e+00 4.459436e+00 4.359612e+00 4.342269e+00 4.204970e+00 4.024615e+00 3.981850e+00 3.931081e+00 2.508772e+01 5.264991e+00 3.482409e+00 3.469299e+00 3.356274e+00 3.267691e+00 3.107544e+00 3.239876e+00 2.466357e+00 2.748693e+00 1.978287e+00 2.772240e+01 1.436295e+00 7.399348e+00 1.261098e+01 2.627611e+00 2.323005e+00 2.293784e+00 1.882885e+00 1.391095e+00 1.336907e+00 7.457412e-01 1.314288e+00 7.324373e-01 -9.999000e+03 -9.999000e+03 -9.999000e+03 -9.999000e+03 -9.999000e+03 -9.999000e+03 -9.999000e+03 -9.999000e+03 -9.999000e+03 -9.999000e+03 -9.999000e+03 -9.999000e+03
2.182132e+00 8.528798e-01 3.749736e+00 3.102491e+00 3.448832e+00 4.139311e+00 4.264232e+00 4.414663e+00 4.464899e+00 4.514479e+00 4.514469e+00 4.436163e+00 4.411560e+00 4.295886e+00 4.141572e+00 4.086816e+00 2.896739e+01 4.886013e+00 3.581241e+00 3.593984e+00 3.540003e+00 3.490534e+00 3.373218e+00 3.468300e+00 2.857516e+00 3.077764e+00 2.454478e+00 2.632658e+01 1.995288e+00 6.801721e+00 1.226346e+01 2.882721e+00 2.650822e+00 2.632102e+00 2.304783e+00 1.899196e+00 7.676074e-01 7.535047e-01 1.328071e+00 1.766038e+00 1.297863e+00 1.881427e+00 -9.999000e+03 -9.999000e+03 -9.999000e+03 -9.999000e+03 -9.999000e+03 -9.999000e+03 -9.999000e+03 -9.999000e+03 -9.999000e+03 -9.999000e+03
2.707910e+00 1.564003e+00 4.002854e+00 3.455744e+00 8.326179e-01 3.735191e+00 4.288606e+00 4.381888e+00 4.490280e+00 4.524217e+00 4.553784e+00 4.547819e+00 4.483506e+00 4.451209e+00 4.348698e+00 4.209289e+00 3.308892e+01 4.519213e+00 3.665680e+00 3.700673e+00 3.688916e+00 3.669002e+00 3.585771e+00 3.653409e+00 3.181890e+00 3.356307e+00 2.862089e+00 2.497887e+01 2.474482e+00 6.188442e+00 1.186571e+01 3.098645e+00 2.913247e+00 2.892629e+00 2.632776e+00 2.303414e+00 1.378297e+00 1.352674e+00 7.524949e-01 1.790769e+00 0.000000e+00 5.050007e+00 1.878793e+00 1.876508e+00 -9.999000e+03 -9.999000e+03 -9.999000e+03 -9.999000e+03 -9.999000e+03 -9.999000e+03 -9.999000e+03 -9.999000e+03
3.152277e+00 2.163480e+00 4.202663e+00 3.743602e+00 8.347235e-01 1.523799e+00 3.964965e+00 4.402689e+00 4.471707e+00 4.546290e+00 4.565628e+00 4.577064e+00 4.561364e+00 4.500667e+00 4.454550e+00 4.356843e+00 4.232741e+00 3.753027e+01 3.744812e+00 3.798725e+00 3.817171e+00 3.818415e+00 3.760160e+00 3.805395e+00 3.449720e+00 3.590190e+00 3.208364e+00 2.356310e+01 2.881040e+00 5.565711e+00 1.141503e+01 3.283070e+00 3.129060e+00 3.098928e+00 2.886540e+00 2.616815e+00 1.864574e+00 1.835220e+00 1.352484e+00 0.000000e+00 0.000000e+00 5.122190e+00 2.203123e+00 6.368254e-01 1.874167e+00 -9.999000e+03 -9.999000e+03 -9.999000e+03 -9.999000e+03 -9.999000e+03 -9.999000e+03 -9.999000e+03
3.516837e+00 2.662642e+00 4.352147e+00 3.972816e+00 1.527447e+00 8.354700e-01 2.108878e+00 4.150292e+00 4.489278e+00 4.535884e+00 4.580885e+00 4.584217e+00 4.576787e+00 4.546266e+00 4.482898e+00 4.428711e+00 4.342902e+00 4.240771e+00 4.135774e+01 3.893244e+00 3.930589e+00 3.944223e+00 3.902467e+00 3.929607e+00 3.669358e+00 3.785368e+00 3.499237e+00 2.184732e+01 3.223403e+00 4.954039e+00 1.091582e+01 3.446738e+00 3.312531e+00 3.268792e+00 7.834519e-01 7.728933e-01 2.258910e+00 2.231362e+00 0.000000e+00 0.000000e+00 9.971955e-01 5.192167e+00 2.469862e+00 1.134267e+00 6.505149e-01 1.873271e+00 -9.999000e+03 -9.999000e+03 -9.999000e+03 -9.999000e+03 -9.999000e+03 -9.999000e+03
3.798097e+00 3.066037e+00 4.453467e+00 4.148662e+00 2.111509e+00 1.530675e+00 8.404878e-01 2.610659e+00 4.293592e+00 4.542680e+00 4.566112e+00 4.582742e+00 4.568995e+00 4.546027e+00 4.509199e+00 4.452795e+00 4.401805e+00 4.332137e+00 4.571988e+01 3.987842e+00 4.032566e+00 4.049434e+00 4.016673e+00 4.030271e+00 3.848448e+00 3.947129e+00 3.739193e+00 2.007248e+01 3.508673e+00 4.401563e+00 1.037296e+01 3.599008e+00 3.475675e+00 8.110583e-01 7.984145e-01 7.869111e-01 2.590797e+00 0.000000e+00 0.000000e+00 9.957822e-01 1.539914e+00 5.169842e+00 2.619512e+00 1.495187e+00 1.144494e+00 6.759887e-01 6.553969e-01 -9.999000e+03 -9.999000e+03 -9.999000e+03 -9.999000e+03 -9.999000e+03
3.986266e+00 3.371802e+00 4.502726e+00 4.268391e+00 8.259337e-01 2.601121e+00 2.116926e+00 1.535847e+00 3.026936e+00 4.390160e+00 4.562507e+00 4.565052e+00 4.560659e+00 4.537699e+00 4.510102e+00 4.475384e+00 4.428351e+00 4.383689e+00 5.017168e+01 4.077618e+00 4.120884e+00 4.134991e+00 4.107011e+00 4.112191e+00 3.993800e+00 4.079660e+00 3.932317e+00 1.826245e+01 3.739118e+00 4.065940e+00 9.782658e+00 3.738897e+00 8.233288e-01 8.188750e-01 8.094109e-01 7.992063e-01 0.000000e+00 0.000000e+00 1.044410e+00 1.586160e+00 1.985468e+00 5.083315e+00 7.138324e-01 6.905258e-01 1.537023e+00 1.208246e+00 1.187291e+00 6.727290e-01 1.873725e+00 -9.999000e+03 -9.999000e+03 -9.999000e+03
3.888343e+00 4.082683e+00 3.586285e+00 4.500314e+00 4.333228e+00 1.496420e+00 3.001911e+00 2.601927e+00 2.112874e+00 3.367968e+00 4.453504e+00 4.566282e+00 4.556710e+00 4.540257e+00 4.512373e+00 4.482739e+00 4.449562e+00 4.408429e+00 4.366499e+00 5.437193e+01 4.189501e+00 4.199834e+00 4.177051e+00 4.179960e+00 4.111585e+00 4.186440e+00 4.082056e+00 1.642812e+01 3.914556e+00 4.074738e+00 9.137876e+00 8.224449e-01 8.200137e-01 8.188548e-01 0.000000e+00 0.000000e+00 0.000000e+00 8.357705e-01 1.660236e+00 2.074416e+00 2.357392e+00 7.686235e-01 7.544816e-01 1.257112e+00 1.863594e+00 1.614882e+00 1.581877e+00 6.904857e-01 6.739608e-01 1.877260e+00 -9.999000e+03 -9.999000e+03
2.673422e+02 2.700487e+02 4.328163e+00 3.924912e+00 4.461120e+00 4.359337e+00 2.056609e+00 3.331115e+00 3.008266e+00 2.602722e+00 3.653195e+00 4.500221e+00 4.569704e+00 4.552620e+00 4.527539e+00 4.494809e+00 4.461123e+00 4.425799e+00 4.384535e+00 5.903707e+01 4.233590e+00 4.240111e+00 4.224702e+00 4.231307e+00 4.200918e+00 4.264663e+00 4.186779e+00 1.465477e+01 4.037364e+00 4.127743e+00 8.441090e+00 8.206214e-01 8.203005e-01 0.000000e+00 0.000000e+00 1.160940e+00 8.466848e-01 1.492297e+00 2.172425e+00 2.482192e+00 7.894622e-01 7.825826e-01 7.734858e-01 1.732477e+00 2.144148e+00 1.943561e+00 7.110250e-01 7.128429e-01 7.141609e-01 2.224883e+00 6.654826e-01 1.877507e+00
9.215532e+00 9.243670e+00 2.781406e+02 4.505131e+00 4.192555e+00 4.663605e+00 4.613127e+00 2.678675e+00 3.797702e+00 3.530797e+00 3.185046e+00 4.097153e+00 4.788193e+00 4.832896e+00 4.810343e+00 4.776513e+00 4.733928e+00 4.690003e+00 4.644785e+00 4.594837e+00 6.352355e+01 4.482097e+00 4.477449e+00 4.493964e+00 4.255713e+00 4.306341e+00 4.240671e+00 1.291874e+01 4.109688e+00 4.163761e+00 7.700086e+00 8.215203e-01 0.000000e+00 0.000000e+00 1.099124e+00 1.795372e+00 1.508922e+00 2.040724e+00 2.600047e+00 8.060148e-01 7.990343e-01 7.905445e-01 7.813545e-01 7.688512e-01 2.391600e+00 2.228848e+00 7.484066e-01 1.294499e+00 1.290159e+00 2.557136e+00 7.125973e-01 2.224896e+00
8.694497e-01 1.601505e+00 2.224360e+00 2.792089e+02 2.825355e+02 2.855479e+02 2.890197e+02 4.817592e+00 3.209913e+00 4.185542e+00 3.967602e+00 3.675921e+00 4.462076e+00 5.015982e+00 9.757016e+00 4.968926e+00 4.914701e+00 4.860137e+00 4.804462e+00 4.744809e+00 8.547612e-01 6.374058e+01 9.054705e+00 4.696268e+00 4.508616e+00 4.542501e+00 4.245119e+00 1.121749e+01 4.139193e+00 4.178460e+00 6.926128e+00 0.000000e+00 0.000000e+00 8.214256e-01 1.743824e+00 2.320216e+00 2.060321e+00 2.498527e+00 2.954687e+00 8.111295e-01 8.056494e-01 7.969143e-01 7.880243e-01 7.773358e-01 2.609534e+00 2.473695e+00 1.346628e+00 1.772436e+00 1.762751e+00 2.812927e+00 1.289849e+00 2.562284e+00
2.238865e+00 2.811040e+00 3.302875e+00 3.704210e+00 4.033086e+00 4.315623e+00 4.553314e+00 2.923983e+02 2.960247e+02 2.980255e+02 3.009876e+02 3.037222e+02 3.061503e+02 3.093389e+02 3.130444e+02 3.214429e+02 3.250222e+02 5.008657e+00 4.958293e+00 4.904871e+00 4.850564e+00 1.580597e+00 7.296326e+01 4.850959e+00 4.690198e+00 4.699792e+00 4.442653e+00 9.567425e+00 4.137703e+00 4.177750e+00 0.000000e+00 0.000000e+00 8.280766e-01 8.240847e-01 2.282714e+00 2.755726e+00 2.520358e+00 2.877703e+00 3.244259e+00 8.127975e-01 8.091864e-01 8.014481e-01 7.936048e-01 7.840649e-01 7.722723e-01 7.603261e-01 1.818564e+00 2.150120e+00 2.142849e+00 3.003781e+00 1.772520e+00 2.829718e+00
1.660441e+00 2.328441e+00 2.905263e+00 8.942999e+01 9.281323e+01 9.623760e+01 9.971133e+01 1.032285e+02 1.067792e+02 1.103513e+02 1.139505e+02 1.175752e+02 1.214374e+02 1.251874e+02 1.289377e+02 1.326912e+02 1.321223e+02 4.557773e+02 4.593430e+02 4.991287e+00 4.952432e+00 4.919164e+00 7.467811e+01 4.949807e+00 4.802901e+00 4.788073e+00 4.565708e+00 8.490177e+00 4.115889e+00 0.000000e+00 0.000000e+00 8.276513e-01 8.296575e-01 8.257274e-01 2.732880e+00 3.116141e+00 2.903902e+00 3.191048e+00 8.167307e-01 8.168243e-01 8.140357e-01 8.066042e-01 7.985989e-01 7.901487e-01 7.800361e-01 7.675424e-01 7.561199e-01 2.443750e+00 2.441269e+00 3.134646e+00 2.167326e+00 3.029336e+00
4.081941e+00 8.426985e+01 8.705194e+01 3.915967e+00 3.949272e+00 3.986073e+00 4.019696e+00 4.048755e+00 4.070648e+00 4.102279e+00 4.135897e+00 4.385964e+00 4.289147e+00 4.306294e+00 4.323159e+00 4.338832e+00 8.919911e+00 1.329373e+01 1.323287e+01 4.712287e+02 4.748027e+02 4.783072e+02 4.817005e+02 7.971325e+01 4.844292e+00 4.817830e+00 4.633006e+00 7.396510e+00 0.000000e+00 0.000000e+00 8.321002e-01 1.512546e+00 8.305454e-01 8.264284e-01 3.106895e+00 3.412340e+00 3.223010e+00 3.450173e+00 8.224562e-01 8.229028e-01 8.205684e-01 8.132863e-01 8.037082e-01 7.947363e-01 7.881603e-01 7.799286e-01 7.675929e-01 2.672656e+00 2.668730e+00 3.207629e+00 2.469560e+00 3.157429e+00
8.127176e+01 3.857411e+00 3.874225e+00 3.889473e+00 3.903896e+00 3.920194e+00 3.936650e+00 3.938955e+00 3.962622e+00 3.993402e+00 4.029058e+00 3.894557e+00 3.922112e+00 3.952393e+00 3.983031e+00 4.406683e+00 4.324286e+00 2.076331e+01 2.414357e+01 2.746081e+01 3.055453e+01 2.946513e+01 2.847273e+01 5.085122e+02 8.455932e+01 4.771989e+00 4.645988e+00 8.581840e-01 0.000000e+00 1.168197e+00 1.503914e+00 2.088299e+00 8.328236e-01 1.511657e+00 3.415916e+00 3.652984e+00 3.486436e+00 3.663368e+00 8.268605e-01 8.272159e-01 8.246606e-01 8.182313e-01 8.085082e-01 7.977319e-01 7.922039e-01 7.882256e-01 7.787811e-01 7.670079e-01 2.845107e+00 3.242820e+00 2.697604e+00 3.229060e+00
3.854001e+00 3.853129e+00 3.851180e+00 3.846959e+00 3.843633e+00 3.842336e+00 3.810277e+00 3.818220e+00 3.837545e+00 3.869296e+00 3.649032e+00 3.679064e+00 3.713853e+00 3.751590e+00 4.047555e+00 3.935622e+00 2.148373e+01 4.207205e+00 4.239824e+00 4.095606e+00 4.095035e+00 0.000000e+00 0.000000e+00 0.000000e+00 5.070031e+02 8.438536e+01 4.690385e+00 0.000000e+00 0.000000e+00 1.857166e+00 2.168401e+00 2.568971e+00 8.357776e-01 2.094669e+00 3.670305e+00 3.845609e+00 3.701276e+00 8.278850e-01 8.303286e-01 8.309502e-01 8.273418e-01 8.207238e-01 8.118406e-01 8.001650e-01 7.936018e-01 7.921805e-01 7.878983e-01 7.802968e-01 2.990916e+00 3.264701e+00 2.876539e+00 3.266160e+00
3.857382e+00 3.841418e+00 3.825011e+00 3.808466e+00 3.790192e+00 3.707646e+00 3.695921e+00 3.696774e+00 3.716792e+00 3.368660e+00 3.395862e+00 3.428358e+00 3.465388e+00 3.874012e+00 3.689287e+00 2.244073e+01 4.061799e+00 3.816805e+00 3.663823e+00 3.677007e+00 4.294441e+00 3.906934e+00 4.074372e+00 0.000000e+00 0.000000e+00 0.000000e+00 8.957624e+01 0.000000e+00 8.593723e-01 2.396023e+00 2.703449e+00 3.109375e+00 1.519706e+00 2.584340e+00 3.874896e+00 3.997905e+00 3.875689e+00 8.303004e-01 8.325054e-01 8.344671e-01 8.315427e-01 8.240592e-01 8.147121e-01 8.026203e-01 7.949577e-01 7.932720e-01 7.912290e-01 1.412380e+00 3.114961e+00 3.285748e+00 3.018698e+00 3.286335e+00
3.853355e+00 3.827983e+00 3.804748e+00 3.778131e+00 3.631251e+00 3.600368e+00 3.581478e+00 3.585158e+00 3.060846e+00 3.080701e+00 3.107213e+00 3.139650e+00 3.694016e+00 3.401998e+00 2.317810e+01 3.903924e+00 3.528531e+00 3.329039e+00 3.349332e+00 3.890263e+00 3.413622e+00 3.620546e+00 3.639751e+00 3.764928e+00 3.738808e+00 0.000000e+00 0.000000e+00 0.000000e+00 6.193262e+00 1.497036e+00 5.426025e+00 3.530681e+00 2.067794e+00 2.976825e+00 4.030076e+00 4.116562e+00 4.017925e+00 8.336754e-01 8.343463e-01 8.366478e-01 8.354482e-01 8.285556e-01 8.182854e-01 8.050118e-01 7.961622e-01 7.928202e-01 7.904617e-01 1.930071e+00 3.221816e+00 3.313408e+00 3.132865e+00 3.304638e+00
3.849959e+00 3.822350e+00 3.792339e+00 3.568769e+00 3.524220e+00 3.487503e+00 3.476142e+00 2.729342e+00 2.738245e+00 2.753697e+00 2.778570e+00 3.519659e+00 3.083478e+00 2.399531e+01 3.759521e+00 3.198128e+00 2.934681e+00 2.949874e+00 3.639605e+00 3.015527e+00 3.058756e+00 3.091533e+00 3.264327e+00 3.262372e+00 3.367329e+00 2.756948e+00 0.000000e+00 0.000000e+00 0.000000e+00 0.000000e+00 7.124248e+00 3.829784e+00 2.633110e+00 3.286246e+00 4.142377e+00 4.205774e+00 4.132050e+00 8.363956e-01 8.377689e-01 8.390897e-01 8.384445e-01 8.334744e-01 8.243561e-01 8.114360e-01 8.020257e-01 7.969216e-01 7.930836e-01 2.354468e+00 3.315708e+00 3.353313e+00 3.232249e+00 3.336091e+00
3.852431e+00 3.820188e+00 3.498840e+00 3.447899e+00 3.397949e+00 3.372100e+00 2.356382e+00 2.361334e+00 2.365755e+00 2.379873e+00 3.352991e+00 2.735129e+00 2.495723e+01 3.645315e+00 2.832178e+00 2.493990e+00 2.499504e+00 3.362125e+00 2.552250e+00 2.594674e+00 2.628481e+00 2.651959e+00 2.670709e+00 2.814961e+00 2.807574e+00 0.000000e+00 0.000000e+00 1.545995e+00 2.198715e+00 0.000000e+00 0.000000e+00 0.000000e+00 3.098355e+00 3.723095e+00 4.222940e+00 4.269021e+00 4.220038e+00 8.374526e-01 8.412652e-01 8.419157e-01 8.411024e-01 8.378387e-01 8.312968e-01 8.209294e-01 8.121119e-01 8.055108e-01 7.994499e-01 2.702360e+00 3.398990e+00 3.406049e+00 3.329059e+00 3.392114e+00
