tests/data/reference/test_implicit_stream_rill_mfda/cvsur_m3.asc
ncols	123
nrows	77
xllcorner	-713746.79929998
yllcorner	-1061022.36961616
cellsize	10.0
NODATA_value	-9999
[rows 23 to 45 of 77, columns 0 to 51 of 123]
-9.999000e+03 -9.999000e+03 -9.999000e+03 -9.999000e+03 -9.999000e+03 -9.999000e+03 -9.999000e+03 -9.999000e+03 -9.999000e+03 -9.999000e+03 -9.999000e+03 -9.999000e+03 -9.999000e+03 -9.999000e+03 6.330466e-01 1.968174e+00 2.259616e+00 1.134556e+00 6.585245e-01 4.218349e-01 3.261661e-01 2.611169e+00 5.699539e-01 6.223030e+00 7.780757e+00 4.392949e+00 8.565313e+00 4.919810e+00 2.595583e+00 4.233964e+00 7.868921e-01 1.433454e+00 1.973746e+00 3.411394e+00 1.310930e+01 3.937988e+00 8.817355e+00 8.046550e-01 8.295219e+00 3.983952e+00 3.989540e+00 3.962349e+00 4.087086e+00 3.987585e+00 3.973618e+00 3.805535e+00 3.848111e+00 4.131844e+00 3.481132e+00 2.566095e+00 2.088674e+00 8.266480e-01
-9.999000e+03 -9.999000e+03 -9.999000e+03 -9.999000e+03 -9.999000e+03 -9.999000e+03 -9.999000e+03 -9.999000e+03 -9.999000e+03 -9.999000e+03 -9.999000e+03 -9.999000e+03 -9.999000e+03 -9.999000e+03 6.650473e+00 5.591921e+00 4.080113e+00 1.207571e+00 6.487326e-01 7.387809e-01 2.333623e+00 4.798245e+00 8.169458e-01 1.171686e+00 6.323995e+00 1.209107e+01 8.336040e+00 4.990884e+00 3.042763e+00 8.514723e-01 4.068735e+00 1.431010e+00 1.970780e+00 2.418241e+00 1.630606e+01 3.956303e+00 8.289975e+00 8.074065e-01 8.940312e+00 4.062794e+00 4.080624e+00 4.074872e+00 4.163414e+00 4.106079e+00 4.094658e+00 3.970002e+00 3.994230e+00 4.186093e+00 3.725848e+00 2.982545e+00 8.276162e-01 2.588776e+00
-9.999000e+03 -9.999000e+03 -9.999000e+03 -9.999000e+03 -9.999000e+03 -9.999000e+03 -9.999000e+03 -9.999000e+03 -9.999000e+03 -9.999000e+03 -9.999000e+03 -9.999000e+03 -9.999000e+03 -9.999000e+03 3.962652e-01 1.104615e+00 6.902789e-01 6.864623e-01 6.795136e-01 3.723810e-01 3.022546e+00 2.730766e+00 5.040885e+00 1.483213e+00 1.750014e+00 6.394719e+00 2.013395e+01 5.017095e+00 3.418842e+00 8.565698e-01 1.566853e+00 4.215831e+00 2.082057e+00 2.405831e+00 2.772820e+00 1.995065e+01 7.979802e-01 7.727997e+00 1.470673e+00 1.278333e+01 4.151120e+00 4.161385e+00 4.229725e+00 4.200806e+00 4.192746e+00 4.102003e+00 4.115594e+00 4.244690e+00 3.931567e+00 3.338812e+00 1.522906e+00 8.375565e-01
-9.999000e+03 -9.999000e+03 -9.999000e+03 -9.999000e+03 -9.999000e+03 -9.999000e+03 -9.999000e+03 -9.999000e+03 -9.999000e+03 -9.999000e+03 -9.999000e+03 -9.999000e+03 7.299081e-01 6.705093e-01 4.133905e+00 1.211146e+00 6.935389e-01 4.930588e-01 3.269000e-01 2.589241e+00 2.281084e+00 5.426530e+00 3.159615e+00 5.365835e+00 2.039371e+00 2.257617e+00 2.615370e+01 4.993614e+00 3.722801e+00 1.562845e+00 8.513600e-01 2.172655e+00 4.337731e+00 2.611519e+00 2.902615e+00 3.058572e+00 1.956361e+01 1.456708e+00 7.133329e+00 2.025964e+00 1.687458e+01 4.224477e+00 4.281381e+00 4.272167e+00 4.269410e+00 4.207829e+00 4.218477e+00 4.308176e+00 4.106041e+00 3.644533e+00 2.123501e+00 8.415744e-01
-9.999000e+03 -9.999000e+03 -9.999000e+03 -9.999000e+03 -9.999000e+03 -9.999000e+03 -9.999000e+03 -9.999000e+03 -9.999000e+03 -9.999000e+03 -9.999000e+03 -9.999000e+03 -9.999000e+03 7.215934e-01 1.118818e+00 1.063130e+00 5.603522e-01 2.917325e-01 2.688529e+00 2.579776e+00 2.744981e+00 2.909216e+00 8.373510e+00 1.146675e+01 1.667529e+01 1.847487e+01 2.041586e+01 2.567128e+01 4.914709e+00 3.954413e+00 2.151915e+00 1.551316e+00 2.669585e+00 4.426438e+00 3.041929e+00 3.320494e+00 3.486162e+00 1.968144e+01 2.009999e+00 6.516153e+00 1.889843e+01 4.265780e+00 4.315290e+00 4.320958e+00 4.327140e+00 4.293659e+00 4.309168e+00 4.377022e+00 4.256187e+00 3.907263e+00 2.643108e+00 1.549414e+00
-9.999000e+03 -9.999000e+03 -9.999000e+03 -9.999000e+03 -9.999000e+03 -9.999000e+03 -9.999000e+03 -9.999000e+03 -9.999000e+03 -9.999000e+03 -9.999000e+03 -9.999000e+03 -9.999000e+03 -9.999000e+03 -9.999000e+03 6.283759e-01 1.767625e-01 1.896789e+00 3.750352e+00 4.077115e+00 4.403821e+00 4.600373e+00 4.697085e+00 4.712819e+00 4.664661e+00 4.570551e+00 4.436642e+00 2.442541e+01 4.947839e+01 4.801861e+00 4.119345e+00 2.624394e+00 2.112042e+00 3.056447e+00 4.489035e+00 3.410628e+00 3.675815e+00 3.836142e+00 1.950480e+01 2.608371e+00 2.536399e+01 4.289962e+00 4.336835e+00 4.355737e+00 4.373836e+00 4.367100e+00 4.392074e+00 4.449164e+00 4.386038e+00 4.132196e+00 3.092357e+00 2.158776e+00
-9.999000e+03 -9.999000e+03 -9.999000e+03 -9.999000e+03 -9.999000e+03 -9.999000e+03 -9.999000e+03 -9.999000e+03 -9.999000e+03 -9.999000e+03 -9.999000e+03 -9.999000e+03 -9.999000e+03 -9.999000e+03 -9.999000e+03 -9.999000e+03 2.785954e-01 2.352275e+00 2.695380e+00 3.050617e+00 3.298403e+00 3.451263e+00 3.531969e+00 3.566602e+00 3.576971e+00 3.583963e+00 3.593828e+00 3.601392e+00 3.611788e+00 5.261176e+01 5.690757e+01 6.045104e+01 2.982226e+00 2.552908e+00 3.361553e+00 4.536600e+00 7.966179e+00 1.160661e+01 4.110686e+00 1.922827e+01 3.116902e+00 2.992517e+01 4.355630e+00 4.387933e+00 4.418786e+00 4.435253e+00 4.470314e+00 4.522046e+00 4.498443e+00 4.323038e+00 3.477923e+00 2.679748e+00
-9.999000e+03 -9.999000e+03 -9.999000e+03 -9.999000e+03 -9.999000e+03 -9.999000e+03 -9.999000e+03 -9.999000e+03 -9.999000e+03 -9.999000e+03 -9.999000e+03 -9.999000e+03 -9.999000e+03 -9.999000e+03 -9.999000e+03 -9.999000e+03 1.899779e+00 1.593628e+00 1.879522e+00 2.160723e+00 2.406223e+00 2.457293e+01 2.377618e+01 2.291988e+01 2.201289e+01 2.106226e+01 2.006273e+01 1.899875e+01 1.787332e+01 1.670113e+01 1.547569e+01 1.419185e+01 7.345499e+01 7.497449e+01 7.594432e+01 7.840224e+01 7.748715e+01 7.655850e+01 8.721284e+01 9.033829e+01 1.085661e+02 1.107175e+02 3.409464e+01 4.643890e+00 4.691793e+00 4.486054e+00 4.533779e+00 4.585806e+00 4.590820e+00 4.479415e+00 3.800571e+00 3.116570e+00
-9.999000e+03 -9.999000e+03 -9.999000e+03 -9.999000e+03 -9.999000e+03 -9.999000e+03 -9.999000e+03 -9.999000e+03 -9.999000e+03 -9.999000e+03 -9.999000e+03 -9.999000e+03 -9.999000e+03 -9.999000e+03 -9.999000e+03 1.899853e+00 1.551978e+00 1.788361e+00 1.551763e+01 1.780272e+01 2.288522e+01 2.963335e+00 5.899551e+00 8.844528e+00 8.711751e+00 1.466970e+01 1.750308e+01 2.035366e+01 1.989665e+01 1.937699e+01 1.879288e+01 1.813570e+01 1.739701e+01 1.656130e+01 1.563749e+01 1.464830e+01 4.646626e+01 4.767011e+01 4.933921e+01 5.218703e+01 5.500998e+01 5.780788e+01 1.675789e+02 2.007705e+02 2.044617e+02 4.888764e+00 9.204565e+00 4.625568e+00 4.657493e+00 4.597947e+00 4.056382e+00 3.466410e+00
-9.999000e+03 -9.999000e+03 -9.999000e+03 -9.999000e+03 -9.999000e+03 -9.999000e+03 -9.999000e+03 -9.999000e+03 -9.999000e+03 -9.999000e+03 -9.999000e+03 -9.999000e+03 -9.999000e+03 -9.999000e+03 1.894829e+00 3.745804e+00 1.211187e+01 1.436120e+01 2.600255e+00 5.700413e+00 2.749694e+00 2.870292e+00 2.989590e+00 3.211667e+00 6.182178e+00 3.140533e+00 3.235572e+00 3.046025e+00 3.122641e+00 3.414711e+00 3.651168e+00 1.541048e+01 1.828003e+01 2.122150e+01 2.413400e+01 3.279570e+01 1.977645e+00 2.462801e+00 3.615801e+00 3.549811e+00 3.454965e+00 3.495285e+00 7.450861e+00 1.091744e+01 1.432114e+01 2.178529e+02 2.217995e+02 2.298497e+02 4.871967e+00 9.451260e+00 4.224407e+00 3.714684e+00
-9.999000e+03 -9.999000e+03 -9.999000e+03 -9.999000e+03 -9.999000e+03 -9.999000e+03 -9.999000e+03 -9.999000e+03 -9.999000e+03 -9.999000e+03 -9.999000e+03 -9.999000e+03 -9.999000e+03 -9.999000e+03 1.898463e+00 8.988409e+00 2.795959e+00 2.559800e+00 6.807594e+00 2.450546e+00 2.585055e+00 2.721044e+00 2.998743e+00 2.866558e+00 2.861823e+00 2.984287e+00 2.972445e+00 3.034137e+00 6.017807e+00 8.983267e+00 1.179334e+01 3.029513e+00 3.221019e+00 3.294640e+00 9.115669e+00 1.387322e+00 1.916726e+00 3.263242e+00 3.140280e+00 2.998058e+00 3.034132e+00 3.680708e+00 3.301923e+00 3.346201e+00 3.518096e+00 6.955087e+00 9.932270e+00 1.291492e+01 2.448813e+02 2.486150e+02 2.569683e+02 4.470735e+00
-9.999000e+03 -9.999000e+03 -9.999000e+03 -9.999000e+03 -9.999000e+03 -9.999000e+03 -9.999000e+03 -9.999000e+03 -9.999000e+03 -9.999000e+03 -9.999000e+03 -9.999000e+03 -9.999000e+03 3.741188e+00 8.215788e+00 2.835441e+00 2.494940e+00 7.894680e+00 2.268502e+00 2.448221e+00 2.628702e+00 2.727103e+00 2.795693e+00 2.759924e+00 2.964931e+00 2.901825e+00 2.946788e+00 3.016090e+00 3.099611e+00 3.036851e+00 2.818853e+00 3.093434e+00 3.206125e+00 9.307978e+00 7.757147e-01 1.410031e+00 3.089880e+00 2.895560e+00 2.685760e+00 2.705068e+00 3.266766e+00 2.777975e+00 2.819377e+00 3.021470e+00 3.069126e+00 2.710308e+00 2.814378e+00 2.821421e+00 2.819729e+00 5.556735e+00 8.117850e+00 2.640416e+02
-9.999000e+03 -9.999000e+03 -9.999000e+03 -9.999000e+03 -9.999000e+03 -9.999000e+03 -9.999000e+03 -9.999000e+03 -9.999000e+03 -9.999000e+03 -9.999000e+03 -9.999000e+03 1.893753e+00 5.587007e+00 2.875006e+00 2.442056e+00 8.954736e+00 2.005748e+00 2.246956e+00 2.500439e+00 2.633188e+00 2.720043e+00 2.638939e+00 2.976938e+00 2.829880e+00 2.867909e+00 2.921280e+00 2.994365e+00 2.847076e+00 2.537378e+00 2.911125e+00 3.077184e+00 7.489846e+00 1.919179e+00 7.794770e-01 2.874978e+00 2.598771e+00 2.318086e+00 2.323547e+00 3.033813e+00 2.368621e+00 2.399190e+00 2.435047e+00 2.480666e+00 2.064701e+00 2.194417e+00 2.204455e+00 2.217053e+00 2.302694e+00 2.283249e+00 4.398837e+00 6.852990e+00
-9.999000e+03 -9.999000e+03 -9.999000e+03 -9.999000e+03 -9.999000e+03 -9.999000e+03 -9.999000e+03 -9.999000e+03 -9.999000e+03 -9.999000e+03 -9.999000e+03 -9.999000e+03 3.739733e+00 2.909184e+00 2.427967e+00 9.998738e+00 1.663274e+00 1.972970e+00 2.318983e+00 2.503675e+00 2.625264e+00 2.487062e+00 3.045022e+00 2.756758e+00 2.792479e+00 2.839500e+00 2.900859e+00 2.626466e+00 2.193241e+00 2.682241e+00 2.920747e+00 6.719895e+00 7.829960e-01 1.397167e+00 2.622630e+00 2.243034e+00 1.881647e+00 1.875942e+00 2.775245e+00 1.895994e+00 1.916659e+00 1.946458e+00 1.989871e+00 1.484479e+00 1.485021e+00 1.491484e+00 1.500753e+00 1.613067e+00 1.613096e+00 4.087313e+00 2.240667e+00 2.209884e+00
-9.999000e+03 -9.999000e+03 -9.999000e+03 -9.999000e+03 -9.999000e+03 -9.999000e+03 -9.999000e+03 -9.999000e+03 -9.999000e+03 -9.999000e+03 -9.999000e+03 1.887266e+00 2.983227e+00 2.461621e+00 1.102237e+01 1.230299e+00 1.622887e+00 2.085232e+00 2.335027e+00 2.501135e+00 2.276755e+00 3.168920e+00 2.676470e+00 2.715162e+00 2.764376e+00 2.824442e+00 2.376839e+00 1.788582e+00 2.418583e+00 2.750563e+00 2.384617e+00 4.262028e+00 7.662078e-01 2.331455e+00 1.823156e+00 1.368709e+00 1.357596e+00 2.493223e+00 1.357671e+00 1.366396e+00 1.384404e+00 1.421964e+00 8.105292e-01 8.090569e-01 8.107792e-01 8.153673e-01 8.189627e-01 8.218068e-01 3.689298e+00 1.581158e+00 1.567337e+00 1.563953e+00
-9.999000e+03 -9.999000e+03 -9.999000e+03 -9.999000e+03 -9.999000e+03 -9.999000e+03 -9.999000e+03 -9.999000e+03 -9.999000e+03 -9.999000e+03 1.884814e+00 3.731424e+00 2.551584e+00 1.203340e+01 6.830021e-01 1.186957e+00 1.801828e+00 2.136751e+00 2.359994e+00 1.992774e+00 3.336871e+00 2.578379e+00 2.626291e+00 2.686026e+00 2.752905e+00 2.087285e+00 1.312040e+00 2.113907e+00 2.568547e+00 2.077839e+00 2.049427e+00 2.017240e+00 1.998961e+00 1.322738e+00 7.596295e-01 7.483738e-01 2.179446e+00 7.417727e-01 7.431943e-01 7.471697e-01 7.656576e-01 7.935540e-01 1.452151e+00 2.003312e+00 2.465730e+00 2.856059e+00 3.184432e+00 3.458451e+00 8.114270e-01 8.035356e-01 8.033189e-01 8.855578e-01
-9.999000e+03 -9.999000e+03 -9.999000e+03 -9.999000e+03 -9.999000e+03 -9.999000e+03 -9.999000e+03 -9.999000e+03 -9.999000e+03 -9.999000e+03 1.880985e+00 2.676958e+00 1.191885e+01 1.120259e+00 6.543848e-01 1.472634e+00 1.918871e+00 2.220486e+00 1.634638e+00 3.532578e+00 2.471723e+00 2.528622e+00 2.602927e+00 2.679465e+00 1.729057e+00 7.324470e-01 1.746892e+00 2.352292e+00 1.720891e+00 1.691946e+00 1.655732e+00 1.629275e+00 7.223158e-01 7.480487e-01 1.345713e+00 1.810771e+00 7.282678e-01 1.288622e+00 1.731671e+00 2.090519e+00 7.620519e-01 7.912323e-01 1.445915e+00 1.990250e+00 2.442509e+00 2.819515e+00 3.134259e+00 3.396689e+00 3.610028e+00 3.773807e+00 3.897673e+00 3.996595e+00
-9.999000e+03 -9.999000e+03 -9.999000e+03 -9.999000e+03 -9.999000e+03 -9.999000e+03 -9.999000e+03 -9.999000e+03 -9.999000e+03 1.881399e+00 2.851611e+00 1.148468e+01 1.404914e+00 6.443786e-01 1.099735e+00 1.690634e+00 2.098906e+00 1.195935e+00 3.738367e+00 2.370630e+00 2.432297e+00 2.521860e+00 2.602356e+00 1.284622e+00 7.270284e-01 1.292787e+00 2.080142e+00 1.276968e+00 1.262152e+00 1.230124e+00 1.202599e+00 7.039981e-01 1.263162e+00 1.732900e+00 2.121922e+00 2.427544e+00 2.657062e+00 2.820191e+00 7.415833e-01 7.599758e-01 2.420098e+00 1.407892e+00 1.952185e+00 2.400257e+00 2.764759e+00 3.059597e+00 3.299834e+00 3.499478e+00 3.663860e+00 3.794855e+00 3.896572e+00 3.973571e+00
-9.999000e+03 -9.999000e+03 -9.999000e+03 -9.999000e+03 -9.999000e+03 -9.999000e+03 -9.999000e+03 -9.999000e+03 -9.999000e+03 1.886539e+00 1.053700e+01 1.873977e+00 1.080698e+00 6.370199e-01 1.435710e+00 1.997354e+00 6.659267e-01 3.936880e+00 2.293850e+00 2.351288e+00 2.455248e+00 2.521557e+00 7.217163e-01 7.289516e-01 1.296157e+00 1.735276e+00 7.176111e-01 7.142472e-01 7.026460e-01 6.795615e-01 6.810247e-01 1.225364e+00 1.679009e+00 2.064113e+00 2.386932e+00 2.648372e+00 2.852312e+00 7.486853e-01 2.956208e+00 1.362924e+00 1.396659e+00 2.718824e+00 2.978230e+00 3.190978e+00 3.360129e+00 3.494318e+00 3.602376e+00 3.692720e+00 3.769531e+00 3.835645e+00 7.620568e+01 7.928385e+01
-9.999000e+03 -9.999000e+03 -9.999000e+03 -9.999000e+03 -9.999000e+03 -9.999000e+03 -9.999000e+03 -9.999000e+03 3.736302e+00 2.959517e+00 8.382864e+00 1.731118e+00 6.307207e-01 1.096538e+00 1.883910e+00 2.047346e+00 4.110905e+00 2.250293e+00 2.300440e+00 2.425652e+00 2.441660e+00 1.264269e+00 1.704882e+00 2.060083e+00 2.337857e+00 1.364603e+01 1.540085e+01 1.472400e+01 1.396171e+01 1.309734e+01 1.215485e+01 1.117160e+01 1.015636e+01 9.112172e+00 8.038087e+00 6.933284e+00 5.806915e+00 7.543557e+00 7.253551e+00 9.535802e+00 1.062998e+01 1.172344e+01 1.136653e+01 1.094844e+01 1.047578e+01 9.957095e+00 9.395144e+00 8.790480e+00 8.146608e+00 7.392199e+01 3.903117e+00 3.889895e+00
-9.999000e+03 -9.999000e+03 -9.999000e+03 -9.999000e+03 -9.999000e+03 -9.999000e+03 -9.999000e+03 1.884338e+00 3.734156e+00 7.961352e+00 1.154457e+00 1.486043e+00 6.380039e-01 1.715598e+00 1.936238e+00 2.169034e+00 2.231552e+00 2.283162e+00 2.457651e+00 2.364297e+00 7.113106e-01 7.171204e-01 1.277837e+00 1.018568e+01 1.182934e+01 2.356423e+00 1.740350e+00 2.080808e+00 2.330552e+00 2.492398e+00 2.601139e+00 2.696111e+00 2.791137e+00 2.892372e+00 2.997905e+00 3.099791e+00 3.189267e+00 3.258395e+00 3.313608e+00 3.367229e+00 3.419023e+00 3.464273e+00 3.502274e+00 3.533078e+00 3.560102e+00 3.588384e+00 3.614379e+00 3.630940e+00 6.669548e+01 3.927555e+00 3.914033e+00 3.894322e+00
-9.999000e+03 -9.999000e+03 -9.999000e+03 -9.999000e+03 -9.999000e+03 -9.999000e+03 -9.999000e+03 1.879829e+00 7.673949e-01 7.873618e+00 6.619929e-01 1.128961e+00 1.476443e+00 1.765682e+00 2.100539e+00 2.193659e+00 2.276221e+00 2.570063e+00 2.289084e+00 2.387115e+00 4.709912e+00 6.997963e+00 9.270484e+00 2.080191e+00 2.087518e+00 1.298343e+00 7.325061e-01 1.302383e+00 1.746297e+00 2.077809e+00 2.330783e+00 2.539909e+00 2.717009e+00 2.867765e+00 2.994998e+00 3.099144e+00 3.883041e+01 4.102774e+01 4.323339e+01 4.545059e+01 4.767948e+01 4.991917e+01 5.250152e+01 5.123898e+01 4.986481e+01 4.820290e+01 6.168555e+01 6.466676e+01 3.953266e+00 3.939238e+00 3.918281e+00 3.895664e+00
-9.999000e+03 -9.999000e+03 -9.999000e+03 -9.999000e+03 -9.999000e+03 -9.999000e+03 -9.999000e+03 2.225155e-01 6.791516e+00 1.714789e+00 6.425698e-01 1.126233e+00 1.516297e+00 1.982174e+00 2.114871e+00 2.237001e+00 2.748110e+00 2.202661e+00 2.296770e+00 2.376784e+00 2.462001e+00 2.553294e+00 1.733630e+00 1.737561e+00 7.257283e-01 7.355800e-01 1.313875e+00 1.769962e+00 2.124072e+00 2.390653e+00 2.591050e+00 2.748129e+00 2.872778e+00 3.247742e+01 3.469846e+01 3.692504e+01 3.440423e+00 3.493536e+00 3.542774e+00 3.592376e+00 3.644592e+00 3.710326e+00 3.764114e+00 7.468370e+00 1.112534e+01 1.473607e+01 3.954433e+00 3.964212e+00 3.959181e+00 3.941349e+00 3.922711e+00 3.893612e+00
