tests/data/reference/test_implicit_stream_rill_mfda/cvsur_m3.asc
ncols	123
nrows	77
xllcorner	-713746.79929998
yllcorner	-1061022.36961616
cellsize	10.0
NODATA_value	-9999
[rows 23 to 45 of 77, columns 0 to 51 of 123]
-9.999000e+03 -9.999000e+03 -9.999000e+03 -9.999000e+03 -9.999000e+03 -9.999000e+03 -9.999000e+03 -9.999000e+03 -9.999000e+03 -9.999000e+03 -9.999000e+03 -9.999000e+03 -9.999000e+03 -9.999000e+03 6.266699e-01 1.961725e+00 2.254883e+00 1.137173e+00 6.616334e-01 4.210875e-01 3.256119e-01 2.588721e+00 5.677361e-01 6.235791e+00 7.822251e+00 4.351905e+00 8.484852e+00 4.977100e+00 2.621043e+00 4.238739e+00 7.988455e-01 1.455028e+00 2.001137e+00 3.430195e+00 1.320687e+01 3.903123e+00 8.886642e+00 8.171707e-01 8.245878e+00 3.968083e+00 3.985000e+00 3.969791e+00 4.061631e+00 3.985225e+00 3.972317e+00 3.825219e+00 3.859117e+00 4.115184e+00 3.512464e+00 2.602305e+00 2.120408e+00 8.399018e-01
-9.999000e+03 -9.999000e+03 -9.999000e+03 -9.999000e+03 -9.999000e+03 -9.999000e+03 -9.999000e+03 -9.999000e+03 -9.999000e+03 -9.999000e+03 -9.999000e+03 -9.999000e+03 -9.999000e+03 -9.999000e+03 8.453578e-01 5.460178e+00 4.059297e+00 1.211487e+00 6.516159e-01 7.440001e-01 2.305085e+00 4.787387e+00 8.245293e-01 1.170422e+00 6.322868e+00 1.207376e+01 8.250958e+00 5.035901e+00 3.063672e+00 8.601863e-01 4.049857e+00 1.452485e+00 1.998101e+00 2.449269e+00 1.641501e+01 3.928145e+00 8.352186e+00 8.200226e-01 8.904842e+00 4.049288e+00 4.074706e+00 4.078420e+00 4.143000e+00 4.102879e+00 4.092139e+00 3.985272e+00 4.001304e+00 4.164085e+00 3.754210e+00 3.021615e+00 8.408996e-01 2.625740e+00
-9.999000e+03 -9.999000e+03 -9.999000e+03 -9.999000e+03 -9.999000e+03 -9.999000e+03 -9.999000e+03 -9.999000e+03 -9.999000e+03 -9.999000e+03 -9.999000e+03 -9.999000e+03 -9.999000e+03 -9.999000e+03 4.422101e+00 1.081087e+00 6.912617e-01 6.901926e-01 6.831353e-01 3.724328e-01 3.000931e+00 2.742259e+00 5.062641e+00 1.495137e+00 1.751323e+00 6.388692e+00 2.001229e+01 5.046971e+00 3.434026e+00 8.654709e-01 1.581651e+00 4.176073e+00 2.105621e+00 2.436672e+00 2.805076e+00 2.002049e+01 8.102641e-01 7.781192e+00 1.493842e+00 1.273096e+01 4.143038e+00 4.160686e+00 4.212627e+00 4.196065e+00 4.188391e+00 4.112484e+00 4.118693e+00 4.221040e+00 3.955884e+00 3.378608e+00 1.548163e+00 8.511654e-01
-9.999000e+03 -9.999000e+03 -9.999000e+03 -9.999000e+03 -9.999000e+03 -9.999000e+03 -9.999000e+03 -9.999000e+03 -9.999000e+03 -9.999000e+03 -9.999000e+03 -9.999000e+03 7.332216e-01 6.613297e-01 4.065858e+00 1.202569e+00 6.960324e-01 4.931142e-01 3.263538e-01 2.566942e+00 2.282148e+00 5.431253e+00 3.168616e+00 5.374866e+00 2.052534e+00 2.260551e+00 2.600254e+01 5.004476e+00 3.730445e+00 1.577618e+00 8.600700e-01 2.189963e+00 4.284160e+00 2.635305e+00 2.931191e+00 3.089779e+00 1.989826e+01 1.479203e+00 7.174434e+00 2.055409e+00 1.685941e+01 4.219293e+00 4.265675e+00 4.265269e+00 4.262751e+00 4.212958e+00 4.217345e+00 4.285083e+00 4.125333e+00 3.683009e+00 2.156286e+00 8.553246e-01
-9.999000e+03 -9.999000e+03 -9.999000e+03 -9.999000e+03 -9.999000e+03 -9.999000e+03 -9.999000e+03 -9.999000e+03 -9.999000e+03 -9.999000e+03 -9.999000e+03 -9.999000e+03 -9.999000e+03 7.245935e-01 1.116821e+00 1.061635e+00 5.614456e-01 2.908404e-01 2.666165e+00 2.571288e+00 2.734781e+00 2.896230e+00 8.346943e+00 1.143550e+01 1.663578e+01 1.843037e+01 2.035505e+01 2.549758e+01 4.903266e+00 3.953099e+00 2.168790e+00 1.565671e+00 2.687415e+00 4.366051e+00 3.064017e+00 3.345599e+00 3.511799e+00 2.007218e+01 2.038712e+00 6.540191e+00 1.892678e+01 4.255998e+00 4.299289e+00 4.311231e+00 4.317661e+00 4.293302e+00 4.303908e+00 4.355222e+00 4.269806e+00 3.942653e+00 2.681834e+00 1.575903e+00
-9.999000e+03 -9.999000e+03 -9.999000e+03 -9.999000e+03 -9.999000e+03 -9.999000e+03 -9.999000e+03 -9.999000e+03 -9.999000e+03 -9.999000e+03 -9.999000e+03 -9.999000e+03 -9.999000e+03 -9.999000e+03 -9.999000e+03 6.308045e-01 1.754212e-01 1.881131e+00 3.753883e+00 4.106105e+00 4.428580e+00 4.628509e+00 4.724692e+00 4.737294e+00 4.683860e+00 4.581641e+00 4.435662e+00 2.434087e+01 4.917943e+01 4.767411e+00 4.108397e+00 2.641297e+00 2.127903e+00 3.072413e+00 4.426377e+00 3.428833e+00 3.695182e+00 3.854417e+00 1.991160e+01 2.637763e+00 2.506539e+01 4.275740e+00 4.319305e+00 4.342777e+00 4.361134e+00 4.361289e+00 4.382814e+00 4.428395e+00 4.393622e+00 4.162984e+00 3.134920e+00 2.193151e+00
-9.999000e+03 -9.999000e+03 -9.999000e+03 -9.999000e+03 -9.999000e+03 -9.999000e+03 -9.999000e+03 -9.999000e+03 -9.999000e+03 -9.999000e+03 -9.999000e+03 -9.999000e+03 -9.999000e+03 -9.999000e+03 -9.999000e+03 -9.999000e+03 2.776012e-01 2.333703e+00 2.702030e+00 3.055182e+00 3.303355e+00 3.453203e+00 3.528146e+00 3.554974e+00 3.555640e+00 3.551729e+00 3.550947e+00 3.550514e+00 3.557111e+00 5.225662e+01 5.661709e+01 6.028893e+01 2.996339e+00 2.568176e+00 3.372806e+00 4.473792e+00 7.914850e+00 1.156195e+01 4.119737e+00 1.963979e+01 3.145490e+00 2.943388e+01 4.335901e+00 4.371550e+00 4.402769e+00 4.424380e+00 4.457293e+00 4.501661e+00 4.499861e+00 4.348208e+00 3.522250e+00 2.720342e+00
-9.999000e+03 -9.999000e+03 -9.999000e+03 -9.999000e+03 -9.999000e+03 -9.999000e+03 -9.999000e+03 -9.999000e+03 -9.999000e+03 -9.999000e+03 -9.999000e+03 -9.999000e+03 -9.999000e+03 -9.999000e+03 -9.999000e+03 -9.999000e+03 1.881828e+00 1.593844e+00 1.879833e+00 2.158563e+00 2.399334e+00 2.447487e+01 2.364358e+01 2.275941e+01 2.183241e+01 2.086931e+01 1.986498e+01 1.880587e+01 1.769556e+01 1.654750e+01 1.535298e+01 1.409957e+01 7.344950e+01 7.515084e+01 7.627107e+01 7.862253e+01 7.763153e+01 7.665881e+01 8.724835e+01 9.040431e+01 1.090845e+02 1.112678e+02 3.389983e+01 4.618646e+00 4.667379e+00 4.470537e+00 4.517386e+00 4.565192e+00 4.586459e+00 4.498386e+00 3.844687e+00 3.161181e+00
-9.999000e+03 -9.999000e+03 -9.999000e+03 -9.999000e+03 -9.999000e+03 -9.999000e+03 -9.999000e+03 -9.999000e+03 -9.999000e+03 -9.999000e+03 -9.999000e+03 -9.999000e+03 -9.999000e+03 -9.999000e+03 -9.999000e+03 1.881845e+00 1.562214e+00 1.801091e+00 1.557301e+01 1.782623e+01 2.283464e+01 2.958618e+00 5.880166e+00 8.799222e+00 8.652844e+00 1.455222e+01 1.735527e+01 2.015640e+01 1.968149e+01 1.914873e+01 1.855566e+01 1.789246e+01 1.714883e+01 1.630778e+01 1.538286e+01 1.440333e+01 4.606970e+01 4.725008e+01 4.902655e+01 5.197181e+01 5.487674e+01 5.770167e+01 1.680232e+02 2.009617e+02 2.045939e+02 4.855800e+00 9.158019e+00 4.604232e+00 4.648060e+00 4.610447e+00 4.098400e+00 3.512675e+00
-9.999000e+03 -9.999000e+03 -9.999000e+03 -9.999000e+03 -9.999000e+03 -9.999000e+03 -9.999000e+03 -9.999000e+03 -9.999000e+03 -9.999000e+03 -9.999000e+03 -9.999000e+03 -9.999000e+03 -9.999000e+03 1.880655e+00 3.752604e+00 1.215418e+01 1.440337e+01 2.588070e+00 5.666081e+00 2.754184e+00 2.869925e+00 2.980738e+00 3.194196e+00 6.143836e+00 3.131085e+00 3.208252e+00 3.032600e+00 3.108454e+00 3.395116e+00 3.626591e+00 1.531905e+01 1.818332e+01 2.110339e+01 2.398173e+01 3.267977e+01 1.998188e+00 2.487783e+00 3.616349e+00 3.564491e+00 3.476629e+00 3.517897e+00 7.469156e+00 1.094825e+01 1.436344e+01 2.179837e+02 2.218352e+02 2.299629e+02 4.843728e+00 9.438304e+00 4.262724e+00 3.760116e+00
-9.999000e+03 -9.999000e+03 -9.999000e+03 -9.999000e+03 -9.999000e+03 -9.999000e+03 -9.999000e+03 -9.999000e+03 -9.999000e+03 -9.999000e+03 -9.999000e+03 -9.999000e+03 -9.999000e+03 -9.999000e+03 1.881525e+00 9.007487e+00 2.805303e+00 2.546681e+00 6.775554e+00 2.463334e+00 2.593537e+00 2.720433e+00 2.988093e+00 2.857524e+00 2.861425e+00 2.959601e+00 2.960231e+00 3.021557e+00 5.989606e+00 8.936264e+00 1.174737e+01 3.047560e+00 3.226573e+00 3.288815e+00 9.186716e+00 1.407353e+00 1.942451e+00 3.270247e+00 3.161125e+00 3.024674e+00 3.061281e+00 3.686116e+00 3.328761e+00 3.374569e+00 3.545777e+00 7.010550e+00 1.001146e+01 1.301295e+01 2.448047e+02 2.486016e+02 2.569279e+02 4.497819e+00
-9.999000e+03 -9.999000e+03 -9.999000e+03 -9.999000e+03 -9.999000e+03 -9.999000e+03 -9.999000e+03 -9.999000e+03 -9.999000e+03 -9.999000e+03 -9.999000e+03 -9.999000e+03 -9.999000e+03 3.751324e+00 8.243073e+00 2.854714e+00 2.481278e+00 7.861537e+00 2.284469e+00 2.460541e+00 2.631561e+00 2.723456e+00 2.788006e+00 2.764746e+00 2.934381e+00 2.890985e+00 2.935252e+00 3.003709e+00 3.086433e+00 3.044559e+00 2.839769e+00 3.102915e+00 3.203178e+00 9.385687e+00 7.872602e-01 1.430780e+00 3.099412e+00 2.919052e+00 2.713363e+00 2.732775e+00 3.278456e+00 2.807372e+00 2.850033e+00 3.050690e+00 3.100591e+00 2.742632e+00 2.843935e+00 2.851376e+00 2.850062e+00 5.612800e+00 8.194149e+00 2.640343e+02
-9.999000e+03 -9.999000e+03 -9.999000e+03 -9.999000e+03 -9.999000e+03 -9.999000e+03 -9.999000e+03 -9.999000e+03 -9.999000e+03 -9.999000e+03 -9.999000e+03 -9.999000e+03 1.880387e+00 5.617165e+00 2.899381e+00 2.431506e+00 8.920191e+00 2.023210e+00 2.261910e+00 2.505958e+00 2.631306e+00 2.712877e+00 2.648361e+00 2.939227e+00 2.820009e+00 2.857321e+00 2.909576e+00 2.981547e+00 2.859035e+00 2.559991e+00 2.924625e+00 3.078000e+00 7.550074e+00 1.944562e+00 7.911607e-01 2.886828e+00 2.623449e+00 2.344892e+00 2.350102e+00 3.049746e+00 2.396075e+00 2.427575e+00 2.464801e+00 2.512507e+00 2.095211e+00 2.221565e+00 2.231979e+00 2.245105e+00 2.328235e+00 2.308411e+00 4.410452e+00 6.875010e+00
-9.999000e+03 -9.999000e+03 -9.999000e+03 -9.999000e+03 -9.999000e+03 -9.999000e+03 -9.999000e+03 -9.999000e+03 -9.999000e+03 -9.999000e+03 -9.999000e+03 -9.999000e+03 3.749632e+00 2.931022e+00 2.425797e+00 9.964330e+00 1.680261e+00 1.989066e+00 2.326746e+00 2.503073e+00 2.617906e+00 2.500114e+00 3.002920e+00 2.747097e+00 2.782317e+00 2.828195e+00 2.888506e+00 2.642342e+00 2.215971e+00 2.699413e+00 2.926350e+00 6.771958e+00 7.948124e-01 1.417235e+00 2.636612e+00 2.267182e+00 1.905607e+00 1.899483e+00 2.795103e+00 1.919786e+00 1.941031e+00 1.971780e+00 2.017050e+00 1.508081e+00 1.508588e+00 1.515285e+00 1.524974e+00 1.634350e+00 1.634470e+00 4.108090e+00 2.264121e+00 2.232353e+00
-9.999000e+03 -9.999000e+03 -9.999000e+03 -9.999000e+03 -9.999000e+03 -9.999000e+03 -9.999000e+03 -9.999000e+03 -9.999000e+03 -9.999000e+03 -9.999000e+03 1.878629e+00 2.995663e+00 2.468970e+00 1.099022e+01 1.244550e+00 1.638327e+00 2.094877e+00 2.336118e+00 2.493215e+00 2.292252e+00 3.129033e+00 2.666134e+00 2.704672e+00 2.752901e+00 2.812493e+00 2.395640e+00 1.809499e+00 2.438345e+00 2.761262e+00 2.403130e+00 4.297541e+00 7.774253e-01 2.347044e+00 1.844854e+00 1.387881e+00 1.376222e+00 2.515850e+00 1.376119e+00 1.385093e+00 1.403654e+00 1.442613e+00 8.232621e-01 8.217345e-01 8.235216e-01 8.282861e-01 8.319972e-01 8.349190e-01 3.717511e+00 1.601278e+00 1.586877e+00 1.583379e+00
-9.999000e+03 -9.999000e+03 -9.999000e+03 -9.999000e+03 -9.999000e+03 -9.999000e+03 -9.999000e+03 -9.999000e+03 -9.999000e+03 -9.999000e+03 1.877882e+00 3.745240e+00 2.564485e+00 1.200674e+01 6.915139e-01 1.199738e+00 1.812865e+00 2.140311e+00 2.352447e+00 2.009270e+00 3.304407e+00 2.566677e+00 2.614619e+00 2.673479e+00 2.741120e+00 2.107348e+00 1.329173e+00 2.134700e+00 2.583771e+00 2.097555e+00 2.068092e+00 2.034517e+00 2.015370e+00 1.339916e+00 7.706406e-01 7.590055e-01 2.202958e+00 7.521714e-01 7.536421e-01 7.577581e-01 7.768572e-01 8.056994e-01 1.474394e+00 2.031766e+00 2.498300e+00 2.890503e+00 3.218618e+00 3.490440e+00 8.241940e-01 8.160111e-01 8.157867e-01 8.954154e-01
-9.999000e+03 -9.999000e+03 -9.999000e+03 -9.999000e+03 -9.999000e+03 -9.999000e+03 -9.999000e+03 -9.999000e+03 -9.999000e+03 -9.999000e+03 1.876593e+00 2.688698e+00 1.189215e+01 1.131388e+00 6.620379e-01 1.484184e+00 1.925492e+00 2.215045e+00 1.650426e+00 3.508562e+00 2.458705e+00 2.515394e+00 2.588273e+00 2.667655e+00 1.748342e+00 7.425412e-01 1.766680e+00 2.370912e+00 1.739859e+00 1.710130e+00 1.672610e+00 1.645127e+00 7.320971e-01 7.586687e-01 1.364012e+00 1.832934e+00 7.382362e-01 1.305073e+00 1.751115e+00 2.110698e+00 7.731368e-01 8.033087e-01 1.467913e+00 2.018287e+00 2.474391e+00 2.853014e+00 3.167121e+00 3.426971e+00 3.636110e+00 3.794549e+00 3.912383e+00 4.004522e+00
-9.999000e+03 -9.999000e+03 -9.999000e+03 -9.999000e+03 -9.999000e+03 -9.999000e+03 -9.999000e+03 -9.999000e+03 -9.999000e+03 1.876741e+00 2.857775e+00 1.146137e+01 1.415160e+00 6.517377e-01 1.110337e+00 1.700023e+00 2.097059e+00 1.209092e+00 3.721661e+00 2.357412e+00 2.418054e+00 2.504202e+00 2.590767e+00 1.300850e+00 7.369609e-01 1.309322e+00 2.100413e+00 1.292927e+00 1.277706e+00 1.244665e+00 1.216125e+00 7.131656e-01 1.278534e+00 1.751705e+00 2.142200e+00 2.447375e+00 2.674763e+00 2.834285e+00 7.519755e-01 7.709972e-01 2.439104e+00 1.428084e+00 1.978368e+00 2.430145e+00 2.796131e+00 3.090308e+00 3.327817e+00 3.522998e+00 3.681604e+00 3.806114e+00 3.900966e+00 3.971544e+00
-9.999000e+03 -9.999000e+03 -9.999000e+03 -9.999000e+03 -9.999000e+03 -9.999000e+03 -9.999000e+03 -9.999000e+03 -9.999000e+03 1.878413e+00 1.052280e+01 1.881383e+00 1.090797e+00 6.441813e-01 1.446658e+00 2.000080e+00 6.739355e-01 3.926424e+00 2.282208e+00 2.337395e+00 2.433729e+00 2.511154e+00 7.314761e-01 7.389402e-01 1.312815e+00 1.754952e+00 7.272259e-01 7.237462e-01 7.117725e-01 6.879648e-01 6.894737e-01 1.239457e+00 1.696112e+00 2.082396e+00 2.404809e+00 2.664515e+00 2.865664e+00 7.593283e-01 2.965433e+00 1.381494e+00 1.416545e+00 2.735414e+00 2.991835e+00 3.201676e+00 3.368074e+00 3.499410e+00 3.604003e+00 3.690354e+00 3.762855e+00 3.824741e+00 7.565813e+01 7.839679e+01
-9.999000e+03 -9.999000e+03 -9.999000e+03 -9.999000e+03 -9.999000e+03 -9.999000e+03 -9.999000e+03 -9.999000e+03 3.747890e+00 2.970942e+00 8.374217e+00 1.741912e+00 6.377036e-01 1.107079e+00 1.891014e+00 2.051126e+00 4.107074e+00 2.241968e+00 2.288405e+00 2.398886e+00 2.434085e+00 1.279806e+00 1.723295e+00 2.079162e+00 2.355568e+00 1.362648e+01 1.538831e+01 1.470246e+01 1.393421e+01 1.306818e+01 1.212891e+01 1.115221e+01 1.014581e+01 9.112680e+00 8.050790e+00 6.957230e+00 5.834992e+00 7.562630e+00 7.228504e+00 9.487109e+00 1.061962e+01 1.173342e+01 1.137450e+01 1.095321e+01 1.047669e+01 9.955898e+00 9.393100e+00 8.787592e+00 8.141983e+00 7.302898e+01 3.882283e+00 3.867876e+00
-9.999000e+03 -9.999000e+03 -9.999000e+03 -9.999000e+03 -9.999000e+03 -9.999000e+03 -9.999000e+03 1.877731e+00 3.745780e+00 7.952865e+00 1.166605e+00 1.498281e+00 6.451908e-01 1.726052e+00 1.944594e+00 2.169271e+00 2.227858e+00 2.274028e+00 2.424191e+00 2.361156e+00 7.207112e-01 7.267182e-01 1.293809e+00 1.014867e+01 1.180299e+01 2.375269e+00 1.760142e+00 2.101215e+00 2.349178e+00 2.507224e+00 2.610527e+00 2.699023e+00 2.787624e+00 2.883769e+00 2.986440e+00 3.087481e+00 3.177183e+00 3.246528e+00 3.301469e+00 3.354145e+00 3.404306e+00 3.447639e+00 3.484092e+00 3.513940e+00 3.540420e+00 3.568350e+00 3.593823e+00 3.609642e+00 6.609308e+01 3.909282e+00 3.894953e+00 3.874296e+00
-9.999000e+03 -9.999000e+03 -9.999000e+03 -9.999000e+03 -9.999000e+03 -9.999000e+03 -9.999000e+03 1.876168e+00 7.723691e-01 7.871009e+00 6.698855e-01 1.140279e+00 1.488499e+00 1.777383e+00 2.105900e+00 2.194912e+00 2.270353e+00 2.531205e+00 2.291291e+00 2.384495e+00 4.698081e+00 6.971758e+00 9.226743e+00 2.100337e+00 2.107923e+00 1.315007e+00 7.426022e-01 1.319271e+00 1.766305e+00 2.098328e+00 2.349429e+00 2.554789e+00 2.726871e+00 2.872319e+00 2.994791e+00 3.094935e+00 3.870663e+01 4.087253e+01 4.304611e+01 4.523146e+01 4.742829e+01 4.963538e+01 5.204457e+01 5.078612e+01 4.941354e+01 4.777005e+01 6.102208e+01 6.369466e+01 3.937230e+00 3.922631e+00 3.901048e+00 3.875663e+00
-9.999000e+03 -9.999000e+03 -9.999000e+03 -9.999000e+03 -9.999000e+03 -9.999000e+03 -9.999000e+03 2.228828e-01 6.788874e+00 1.725580e+00 6.498789e-01 1.137518e+00 1.529476e+00 1.991470e+00 2.120433e+00 2.233847e+00 2.709447e+00 2.210113e+00 2.299092e+00 2.374332e+00 2.456057e+00 2.545270e+00 1.753000e+00 1.757264e+00 7.356238e-01 7.457730e-01 1.331124e+00 1.790649e+00 2.145716e+00 2.410896e+00 2.607868e+00 2.760044e+00 2.878944e+00 3.242046e+01 3.462130e+01 3.682459e+01 3.428578e+00 3.481055e+00 3.530006e+00 3.579744e+00 3.632568e+00 3.695336e+00 3.751627e+00 7.438807e+00 1.107688e+01 1.466719e+01 3.941262e+00 3.950626e+00 3.945165e+00 3.926787e+00 3.904553e+00 3.875733e+00
