tests/data/reference/test_implicit_stream_rill_mfda/cvsur_m3.asc
ncols	123
nrows	77
xllcorner	-713746.79929998
yllcorner	-1061022.36961616
cellsize	10.0
NODATA_value	-9999
[rows 46 to 68 of 77, columns 52 to 103 of 123]
3.835078e+00 3.357441e+00 3.303049e+00 3.247221e+00 3.212584e+00 1.880904e+00 1.887270e+00 1.890621e+00 1.898687e+00 3.154073e+00 2.309638e+00 2.566059e+01 3.573106e+00 2.383639e+00 1.968035e+00 1.965547e+00 3.016697e+00 1.995272e+00 2.031582e+00 2.060350e+00 2.077323e+00 2.096965e+00 2.117502e+00 2.122917e+00 4.067484e+00 0.000000e+00 4.515453e-01 8.922732e-01 1.640893e+00 2.283818e+00 2.824090e+00 0.000000e+00 0.000000e+00 0.000000e+00 4.463394e+00 4.283418e+00 4.250837e+00 8.196846e-01 8.265691e-01 8.277381e-01 8.267562e-01 8.239381e-01 8.195146e-01 8.125122e-01 8.061378e-01 8.004586e-01 7.944246e-01 2.943643e+00 3.465334e+00 3.466614e+00 3.413925e+00 3.469015e+00
3.236762e+00 3.184092e+00 3.118252e+00 3.070247e+00 1.367219e+00 1.372969e+00 1.374168e+00 1.381679e+00 2.974057e+00 1.878830e+00 2.681707e+01 3.532613e+00 1.932349e+00 1.423328e+00 1.418405e+00 2.701020e+00 1.422812e+00 1.448046e+00 1.473252e+00 1.484204e+00 1.493608e+00 1.512063e+00 1.528623e+00 3.908768e+00 8.337619e-01 0.000000e+00 4.743086e-01 1.240397e+00 1.926592e+00 2.537051e+00 3.071025e+00 3.525189e+00 4.015148e+00 0.000000e+00 0.000000e+00 4.274515e+00 4.280962e+00 8.119561e-01 8.235589e-01 8.270045e-01 8.260294e-01 8.223738e-01 8.192696e-01 8.155931e-01 8.125623e-01 8.093692e-01 8.047880e-01 3.190427e+00 3.548307e+00 3.540456e+00 3.516481e+00 3.563389e+00
3.024361e+00 2.964865e+00 2.902571e+00 7.532355e-01 7.599316e-01 7.588658e-01 7.602953e-01 2.759862e+00 1.368987e+00 2.793971e+01 3.518195e+00 1.404019e+00 7.849538e-01 7.813236e-01 2.349772e+00 7.774041e-01 7.839748e-01 7.982780e-01 8.059461e-01 8.078327e-01 8.142634e-01 8.248933e-01 3.720814e+00 1.523719e+00 2.124810e+00 0.000000e+00 5.701447e-01 3.082711e+00 3.600232e+00 4.056689e+00 4.452985e+00 4.784547e+00 5.031459e+00 7.948516e-01 0.000000e+00 4.456545e+00 4.273821e+00 8.025396e-01 8.180628e-01 8.251222e-01 8.254785e-01 8.213336e-01 8.190320e-01 8.176922e-01 8.173797e-01 8.163653e-01 8.128567e-01 3.405906e+00 3.637552e+00 3.624265e+00 3.619569e+00 3.662576e+00
2.743177e+00 2.690703e+00 7.431065e-01 1.335036e+00 1.815233e+00 2.201034e+00 2.507442e+00 7.544277e-01 2.901660e+01 3.521929e+00 7.723352e-01 7.801687e-01 1.411976e+00 1.927846e+00 7.775801e-01 1.403285e+00 1.921794e+00 2.360806e+00 2.731640e+00 3.040119e+00 3.297397e+00 3.515427e+00 8.215148e-01 8.365601e-01 4.954554e+00 0.000000e+00 1.920695e+00 1.887279e+00 2.567193e+00 3.163711e+00 3.687048e+00 4.137386e+00 4.503630e+00 5.192088e+00 0.000000e+00 0.000000e+00 4.233048e+00 7.927371e-01 8.102834e-01 8.210568e-01 8.241241e-01 8.212398e-01 8.196567e-01 8.194753e-01 8.211031e-01 8.219166e-01 8.191057e-01 3.596668e+00 3.735559e+00 3.718360e+00 3.722389e+00 3.758613e+00
2.385957e+00 1.390253e+01 1.326369e+01 1.255105e+01 1.177183e+01 1.093165e+01 1.003359e+01 3.004367e+01 3.530980e+00 7.639684e-01 1.381279e+00 1.891900e+00 2.313860e+00 2.657134e+00 2.933769e+00 3.155587e+00 3.335733e+00 3.487362e+00 3.615582e+00 3.722285e+00 3.810917e+00 3.884567e+00 3.953798e+00 4.030905e+00 5.240616e+00 0.000000e+00 1.238850e+00 8.374533e-01 1.644710e+00 2.354970e+00 2.983275e+00 3.534718e+00 4.002164e+00 8.732604e+00 5.275678e+00 0.000000e+00 4.408467e+00 7.859255e-01 8.037496e-01 8.162597e-01 8.213420e-01 8.204786e-01 8.200846e-01 8.201990e-01 1.501816e+00 1.505765e+00 8.242671e-01 3.767817e+00 3.840939e+00 3.820095e+00 3.824874e+00 3.850142e+00
1.445837e+01 3.704227e+00 7.250315e+00 7.869496e+00 1.129543e+01 1.767738e+01 2.098157e+01 3.532488e+00 3.369715e+00 3.424623e+00 3.465725e+00 3.497196e+00 3.524638e+00 3.551008e+00 3.578978e+00 3.610858e+00 7.141708e+00 6.999486e+00 6.821901e+00 6.612843e+00 6.372331e+00 6.097687e+00 5.802774e+00 5.509123e+00 3.765555e+00 0.000000e+00 8.341062e-01 1.538030e+00 2.146289e+00 2.819726e+00 3.414126e+00 3.936336e+00 4.381473e+00 4.734374e+00 8.844560e+00 0.000000e+00 0.000000e+00 8.522042e-01 7.999695e-01 8.123704e-01 8.182397e-01 8.190748e-01 8.202772e-01 8.203922e-01 2.075679e+00 2.084807e+00 8.280225e-01 3.923660e+00 3.950781e+00 3.925801e+00 3.927570e+00 3.939880e+00
3.614769e+00 3.607936e+00 7.763637e-01 3.690938e+00 6.795975e+00 3.826734e+00 3.504355e+00 3.292688e+00 3.528295e+00 3.564827e+00 3.591267e+00 3.605414e+00 3.611809e+00 3.615741e+00 3.620826e+00 3.630400e+00 7.880398e-01 1.443139e+00 2.000778e+00 2.476846e+00 2.872026e+00 3.176620e+00 3.408920e+00 3.597432e+00 8.130905e-01 0.000000e+00 1.427993e+00 2.070812e+00 2.628952e+00 3.114671e+00 3.703677e+00 4.214666e+00 4.649688e+00 5.003713e+00 5.000140e+00 9.007763e+00 0.000000e+00 1.566722e+00 7.999816e-01 8.088554e-01 8.132698e-01 8.143119e-01 8.173445e-01 1.498169e+00 2.561414e+00 2.576640e+00 1.518028e+00 4.066323e+00 4.063326e+00 4.033466e+00 4.029362e+00 4.028805e+00
3.472144e+00 3.480322e+00 3.616159e+00 6.968099e+00 3.847389e+00 3.427949e+00 3.169763e+00 3.477145e+00 3.680631e+00 6.958459e+00 6.838650e+00 6.654683e+00 6.412037e+00 6.119212e+00 5.788049e+00 5.432856e+00 5.074663e+00 4.738632e+00 4.448947e+00 4.235745e+00 4.116217e+00 4.063881e+00 7.883981e+00 8.493276e+00 8.298746e+00 0.000000e+00 2.933266e+00 3.162932e+00 3.436231e+00 3.728819e+00 4.015066e+00 4.475383e+00 4.872518e+00 5.209151e+00 5.286217e+00 1.393770e+01 0.000000e+00 0.000000e+00 8.795171e-01 8.070011e-01 8.067519e-01 8.057247e-01 1.484340e+00 2.066529e+00 2.972333e+00 2.994771e+00 2.104661e+00 4.196504e+00 4.176741e+00 4.141836e+00 4.128828e+00 4.117467e+00
3.292613e+00 3.746740e+00 7.057254e+00 3.843111e+00 3.300547e+00 2.988301e+00 3.387856e+00 3.662069e+00 3.338339e+00 3.729483e+00 3.770038e+00 3.802657e+00 3.821677e+00 3.821594e+00 3.807020e+00 3.787437e+00 3.773438e+00 3.776086e+00 3.800806e+00 3.849771e+00 3.908940e+00 3.948280e+00 7.783391e-01 8.020113e-01 1.476708e+00 0.000000e+00 1.590530e+00 2.218337e+00 2.768301e+00 3.434574e+00 4.054724e+00 4.347375e+00 4.792491e+00 5.172217e+00 1.072101e+01 1.909115e+01 9.153783e-01 0.000000e+00 8.896696e-01 8.863571e-01 8.088359e-01 8.073105e-01 2.044676e+00 2.548260e+00 3.320684e+00 3.350289e+00 2.605517e+00 4.313411e+00 4.286792e+00 4.248436e+00 4.225906e+00 4.205563e+00
3.639418e+00 3.302182e+00 3.801135e+00 3.111488e+00 2.742935e+00 3.248713e+00 3.620844e+00 3.175523e+00 3.688944e+00 7.897760e-01 7.106626e+00 1.029936e+01 1.014075e+01 1.632936e+01 1.977097e+01 1.931720e+01 1.879414e+01 1.821304e+01 1.758112e+01 1.690377e+01 1.617190e+01 1.536374e+01 1.449633e+01 1.360184e+01 0.000000e+00 0.000000e+00 8.661668e-01 1.583713e+00 2.207869e+00 2.754561e+00 3.229436e+00 3.634028e+00 3.975722e+00 4.461563e+00 4.869791e+00 1.082273e+01 1.980917e+01 0.000000e+00 8.996469e-01 8.952954e-01 8.183891e-01 1.483498e+00 2.528080e+00 2.963384e+00 3.618317e+00 3.652691e+00 3.032857e+00 4.415914e+00 4.388596e+00 4.350203e+00 4.320811e+00 4.292514e+00
3.042661e+00 3.721483e+00 2.836285e+00 2.418873e+00 3.051139e+00 3.543340e+00 2.962385e+00 3.647897e+00 3.200819e+00 6.296739e+00 3.266866e+00 3.290319e+00 6.460241e+00 3.816422e+00 3.489306e+00 6.855064e+00 6.830276e+00 6.745500e+00 6.612389e+00 6.440532e+00 6.229210e+00 5.971962e+00 5.688617e+00 5.408769e+00 0.000000e+00 4.436005e-01 1.164238e+00 1.816745e+00 2.393049e+00 2.896893e+00 3.334637e+00 3.712572e+00 4.036672e+00 4.312492e+00 4.743478e+00 9.864123e+00 3.059021e+01 0.000000e+00 0.000000e+00 9.124851e-01 1.615311e+00 2.068933e+00 2.949697e+00 3.322597e+00 3.871967e+00 3.908689e+00 3.396762e+00 4.504341e+00 4.478424e+00 4.441895e+00 4.408509e+00 4.373439e+00
3.628886e+00 2.465463e+00 1.992312e+00 2.781961e+00 3.422450e+00 2.683543e+00 3.590628e+00 2.965925e+00 2.997979e+00 3.020161e+00 3.036744e+00 3.056129e+00 3.755241e+00 3.302918e+00 3.316769e+00 3.801492e+00 7.134636e+00 1.042291e+01 1.438464e+01 1.439572e+01 1.407680e+01 1.366872e+01 1.320363e+01 1.270045e+01 0.000000e+00 4.719332e-01 1.171634e+00 1.816102e+00 2.381337e+00 2.870270e+00 3.294483e+00 3.666561e+00 3.990897e+00 4.269842e+00 4.711107e+00 5.077859e+00 1.521983e+01 3.069810e+01 0.000000e+00 1.720749e+00 2.332984e+00 2.584765e+00 3.320158e+00 3.633498e+00 4.086533e+00 4.123343e+00 3.705661e+00 4.580201e+00 4.553665e+00 4.517361e+00 4.481300e+00 4.440396e+00
2.007503e+00 1.455721e+00 2.425357e+00 3.247907e+00 2.330690e+00 3.514474e+00 2.670208e+00 2.699621e+00 2.720723e+00 2.732671e+00 2.742807e+00 3.674947e+00 3.051395e+00 3.071822e+00 3.719559e+00 3.319389e+00 3.354045e+00 3.825570e+00 3.604337e+00 7.139871e+00 7.185407e+00 7.168455e+00 7.098941e+00 6.986969e+00 0.000000e+00 4.621621e-01 1.171625e+00 1.810790e+00 2.367442e+00 2.846708e+00 1.519354e+01 1.591472e+01 1.664761e+01 2.485837e+01 2.780882e+01 2.861934e+01 2.942638e+01 7.536873e+01 0.000000e+00 0.000000e+00 2.976653e+00 3.197184e+00 3.643184e+00 3.900023e+00 4.265733e+00 4.300173e+00 3.963759e+00 4.642878e+00 4.613751e+00 4.576084e+00 4.538797e+00 4.493082e+00
8.083559e-01 1.989116e+00 3.018206e+00 1.894240e+00 3.415918e+00 2.311654e+00 2.337254e+00 2.354719e+00 2.365690e+00 2.371416e+00 3.598411e+00 2.733300e+00 2.760109e+00 3.630377e+00 3.058155e+00 3.085666e+00 3.707203e+00 3.364353e+00 3.420547e+00 3.485374e+00 6.634421e+00 7.583035e+00 8.744531e+00 1.174108e+01 0.000000e+00 1.116529e+00 1.762123e+00 4.019624e+00 7.588990e+00 1.167789e+01 2.663788e+00 5.055760e+00 7.469392e+00 2.208938e+00 2.224784e+00 4.758123e+00 7.283060e+00 8.128519e+00 8.357448e+01 0.000000e+00 0.000000e+00 3.734138e+00 4.116166e+00 4.123752e+00 4.412225e+00 4.441923e+00 4.173467e+00 4.690906e+00 4.659055e+00 4.620383e+00 4.584530e+00 4.535643e+00
1.462815e+00 2.741612e+00 1.373307e+00 3.290056e+00 1.878033e+00 1.904900e+00 1.918825e+00 1.925327e+00 1.926831e+00 3.534757e+00 2.354975e+00 2.379649e+00 3.537807e+00 2.740972e+00 2.764182e+00 3.588040e+00 3.080508e+00 3.129160e+00 3.186880e+00 2.955204e+00 8.301343e-01 8.304286e-01 2.603941e+00 8.445431e-01 0.000000e+00 8.847597e-01 1.597874e+00 2.825197e+00 3.423185e+00 2.142042e+00 1.548560e+00 1.561157e+00 1.574353e+00 1.585263e+00 1.598129e+00 1.615198e+00 1.622196e+00 2.379343e+00 2.998056e+00 8.657652e+01 0.000000e+00 0.000000e+00 4.513912e+00 4.301637e+00 4.526343e+00 4.551934e+00 4.340312e+00 4.726093e+00 4.691698e+00 4.650849e+00 4.615492e+00 4.564297e+00
2.394765e+00 7.623439e-01 3.137982e+00 1.357312e+00 1.383384e+00 1.398057e+00 1.404021e+00 1.400345e+00 3.486950e+00 1.905510e+00 1.928348e+00 3.454089e+00 2.357629e+00 2.376938e+00 3.473037e+00 2.746018e+00 2.787960e+00 2.838130e+00 2.536437e+00 8.285100e-01 1.518226e+00 2.099929e+00 8.312483e-01 1.535823e+00 0.000000e+00 1.671617e+00 2.294300e+00 3.019441e+00 1.540429e+00 8.393585e-01 8.421871e-01 8.474821e-01 8.534191e-01 8.590035e-01 8.663211e-01 8.754971e-01 5.161555e+00 6.754987e+00 7.516357e+00 7.942504e+00 9.448543e+01 0.000000e+00 4.813388e+00 4.642779e+00 4.605732e+00 4.632630e+00 4.470400e+00 4.751610e+00 4.715677e+00 4.669343e+00 4.628709e+00 8.153667e-01
2.697058e+00 2.955503e+00 7.439314e-01 7.579729e-01 7.684748e-01 7.749110e-01 7.744737e-01 3.464402e+00 1.375502e+00 1.390659e+00 3.387628e+00 1.906657e+00 1.918263e+00 3.369933e+00 2.349939e+00 2.386279e+00 2.429611e+00 2.047903e+00 8.266267e-01 1.517167e+00 2.103458e+00 2.597283e+00 3.017887e+00 3.384769e+00 0.000000e+00 2.014130e+00 2.549051e+00 8.395747e-01 8.368262e-01 1.536303e+00 2.134015e+00 2.648471e+00 3.094844e+00 3.485733e+00 3.831281e+00 4.473000e+00 8.748694e-01 8.773939e-01 1.615561e+00 2.345866e+00 2.912984e+00 0.000000e+00 0.000000e+00 4.897607e+00 4.649906e+00 4.684900e+00 4.565268e+00 4.764272e+00 4.727304e+00 4.672189e+00 8.103856e-01 3.008749e+00
3.391284e+00 3.457218e+00 3.482424e+00 3.485431e+00 3.477882e+00 3.469932e+00 3.463286e+00 7.572627e-01 7.587980e-01 3.343189e+00 1.378524e+00 1.385779e+00 3.294672e+00 1.889628e+00 1.918254e+00 1.953365e+00 1.474681e+00 8.237623e-01 1.512465e+00 2.100337e+00 2.601541e+00 3.022924e+00 3.378403e+00 3.683405e+00 0.000000e+00 2.034209e+00 2.552113e+00 3.013431e+00 3.409492e+00 3.743949e+00 4.021950e+00 4.248828e+00 4.433524e+00 4.586108e+00 4.715833e+00 4.831160e+00 5.266123e+00 5.784348e+00 1.138275e+01 1.263448e+01 1.316055e+01 1.338672e+01 0.000000e+00 0.000000e+00 4.903362e+00 4.708983e+00 8.182440e-01 4.758003e+00 4.719515e+00 8.086787e-01 3.008613e+00 2.601994e+00
2.621555e+00 2.856774e+00 3.024838e+00 3.141427e+00 3.220203e+00 3.274036e+00 3.308102e+00 3.322227e+00 3.325116e+00 7.560662e-01 7.612146e-01 3.253309e+00 1.362624e+00 1.379002e+00 1.402029e+00 8.034375e-01 8.146683e-01 1.497436e+00 2.082245e+00 2.583719e+00 3.011306e+00 3.370696e+00 3.671309e+00 3.923680e+00 0.000000e+00 2.045451e+00 2.553805e+00 3.016743e+00 3.420561e+00 3.763490e+00 4.048281e+00 4.278524e+00 4.461261e+00 4.605147e+00 4.720887e+00 4.819454e+00 4.906877e+00 5.226629e+00 8.679117e-01 8.658958e-01 1.584406e+00 2.283836e+00 1.596123e+01 0.000000e+00 5.293674e+00 4.950361e+00 8.141509e-01 8.090937e-01 8.067172e-01 8.135352e-01 2.611459e+00 2.115614e+00
1.836172e+00 2.204670e+00 2.499082e+00 2.731163e+00 2.910272e+00 3.043399e+00 3.136404e+00 3.194144e+00 3.224310e+00 3.235924e+00 3.238075e+00 7.489569e-01 7.556561e-01 7.639391e-01 7.788587e-01 1.428495e+00 1.987182e+00 2.473573e+00 2.895966e+00 3.258653e+00 3.566041e+00 3.821845e+00 7.996948e+00 8.807794e+00 0.000000e+00 3.489823e+00 3.738946e+00 3.987178e+00 4.218745e+00 4.423803e+00 4.596852e+00 4.734352e+00 4.836987e+00 4.908046e+00 4.955209e+00 4.988626e+00 5.015758e+00 5.042618e+00 5.129007e+00 5.503404e+00 5.821235e+00 6.073830e+00 6.250606e+00 0.000000e+00 0.000000e+00 5.120188e+00 8.115220e-01 8.112025e-01 8.098075e-01 3.043393e+00 2.623795e+00 2.116183e+00
7.289166e-01 1.312771e+00 1.792408e+00 2.186784e+00 2.504955e+00 2.749425e+00 2.929402e+00 3.057436e+00 3.139036e+00 3.174827e+00 3.177614e+00 3.167445e+00 3.161139e+00 3.172270e+00 3.213011e+00 3.290754e+00 3.403256e+00 3.543745e+00 3.699184e+00 3.855021e+00 4.000533e+00 4.127785e+00 8.236776e-01 0.000000e+00 0.000000e+00 1.281184e+00 1.949342e+00 2.532067e+00 3.036921e+00 3.468074e+00 3.829778e+00 4.124985e+00 4.358637e+00 4.536481e+00 4.666774e+00 4.759796e+00 4.828415e+00 4.884957e+00 4.936444e+00 5.134224e+00 5.460327e+00 5.622237e+00 5.849045e+00 6.016598e+00 0.000000e+00 0.000000e+00 1.565502e+00 8.166832e-01 8.232160e-01 8.317860e-01 8.387047e-01 1.540692e+00
-9.999000e+03 -9.999000e+03 -9.999000e+03 -9.999000e+03 -9.999000e+03 -9.999000e+03 -9.999000e+03 7.533826e-01 7.472807e-01 7.294132e-01 7.210223e-01 7.285274e-01 1.312829e+00 1.804635e+00 2.226973e+00 2.594058e+00 2.917597e+00 3.207377e+00 3.463884e+00 3.684160e+00 3.867731e+00 4.013875e+00 4.133994e+00 0.000000e+00 5.197617e-01 1.199524e+00 1.825362e+00 2.389790e+00 2.892607e+00 3.333426e+00 3.712372e+00 4.028231e+00 4.282705e+00 4.478089e+00 4.619328e+00 4.713676e+00 4.776014e+00 4.823298e+00 4.864423e+00 4.906190e+00 5.166810e+00 5.537908e+00 5.655200e+00 5.883383e+00 6.040154e+00 0.000000e+00 0.000000e+00 8.960829e-01 8.371079e-01 8.424285e-01 8.450340e-01 8.445223e-01
-9.999000e+03 -9.999000e+03 -9.999000e+03 -9.999000e+03 -9.999000e+03 -9.999000e+03 -9.999000e+03 -9.999000e+03 -9.999000e+03 -9.999000e+03 1.294689e+00 1.291216e+00 7.484837e-01 7.729790e-01 1.409577e+00 1.942674e+00 2.396503e+00 2.790676e+00 3.129432e+00 3.411703e+00 3.641235e+00 3.822120e+00 3.969912e+00 0.000000e+00 5.153425e-01 1.193817e+00 1.816098e+00 2.377851e+00 2.880741e+00 3.410033e+00 3.767163e+00 4.079958e+00 4.337377e+00 4.535249e+00 4.675912e+00 4.765233e+00 4.816248e+00 4.844924e+00 4.863825e+00 4.884059e+00 4.911362e+00 5.251068e+00 5.558424e+00 5.567270e+00 5.791880e+00 5.927951e+00 0.000000e+00 0.000000e+00 8.435122e-01 8.503769e-01 -9.999000e+03 -9.999000e+03
