tests/data/reference/test_implicit_stream_rill_mfda/cvsur_m3.asc
ncols	123
nrows	77
xllcorner	-713746.79929998
yllcorner	-1061022.36961616
cellsize	10.0
NODATA_value	-9999
[rows 46 to 68 of 77, columns 52 to 103 of 123]
3.198519e+00 2.905146e+00 2.852626e+00 2.804618e+00 2.780028e+00 1.763672e+00 1.769947e+00 1.773821e+00 1.782159e+00 2.750588e+00 2.128979e+00 1.796635e+01 3.007564e+00 2.206844e+00 1.857528e+00 1.855558e+00 2.710794e+00 1.891422e+00 1.931134e+00 1.961309e+00 1.979940e+00 2.002519e+00 2.024453e+00 2.027764e+00 3.528713e+00 0.000000e+00 4.077281e-01 8.840957e-01 1.591278e+00 2.171199e+00 2.634176e+00 0.000000e+00 0.000000e+00 0.000000e+00 3.799510e+00 3.614238e+00 3.613003e+00 8.121402e-01 8.200586e-01 8.214041e-01 8.202740e-01 8.170314e-01 8.119449e-01 8.039773e-01 7.966815e-01 7.901716e-01 7.832631e-01 2.633225e+00 2.949562e+00 2.938757e+00 2.917630e+00 2.950816e+00
2.842565e+00 2.785610e+00 2.720575e+00 2.680149e+00 1.307372e+00 1.313143e+00 1.314710e+00 1.323343e+00 2.614660e+00 1.760835e+00 1.915342e+01 2.954409e+00 1.818292e+00 1.368846e+00 1.363545e+00 2.450864e+00 1.369300e+00 1.398287e+00 1.426244e+00 1.438282e+00 1.449328e+00 1.470473e+00 1.488894e+00 3.409381e+00 8.283411e-01 0.000000e+00 4.237756e-01 1.179603e+00 1.827112e+00 2.380687e+00 2.846234e+00 3.223897e+00 3.585771e+00 0.000000e+00 0.000000e+00 3.577206e+00 3.612641e+00 8.033468e-01 8.165951e-01 8.205597e-01 8.194375e-01 8.152321e-01 8.116632e-01 8.074731e-01 8.040341e-01 8.003882e-01 7.951337e-01 2.826133e+00 3.019949e+00 3.007525e+00 3.006301e+00 3.041561e+00
2.694904e+00 2.630321e+00 2.567567e+00 7.366608e-01 7.441698e-01 7.429728e-01 7.445785e-01 2.449703e+00 1.309273e+00 2.031354e+01 2.930864e+00 1.347873e+00 7.724485e-01 7.683567e-01 2.165341e+00 7.639178e-01 7.713440e-01 7.876740e-01 7.964616e-01 7.986255e-01 8.059637e-01 8.181303e-01 3.258938e+00 1.483457e+00 2.031118e+00 0.000000e+00 4.432354e-01 2.642140e+00 3.112581e+00 3.513525e+00 3.857726e+00 4.133935e+00 4.316137e+00 7.733982e-01 0.000000e+00 3.710949e+00 3.577983e+00 7.925562e-01 8.102793e-01 8.183936e-01 8.188036e-01 8.140359e-01 8.113901e-01 8.098579e-01 8.095027e-01 8.083501e-01 8.043679e-01 2.993733e+00 3.099180e+00 3.085107e+00 3.095498e+00 3.131179e+00
2.484254e+00 2.427305e+00 7.253512e-01 1.271352e+00 1.691286e+00 2.011811e+00 2.254096e+00 7.379958e-01 2.144366e+01 2.934280e+00 7.581635e-01 7.670570e-01 1.356154e+00 1.811027e+00 7.641178e-01 1.346323e+00 1.805321e+00 2.180666e+00 2.487329e+00 2.732605e+00 2.930536e+00 3.095206e+00 8.142443e-01 8.315653e-01 4.316584e+00 0.000000e+00 1.631955e+00 1.805233e+00 2.424017e+00 2.947253e+00 3.396449e+00 3.768854e+00 4.050512e+00 4.409675e+00 0.000000e+00 0.000000e+00 3.515554e+00 7.813326e-01 8.014373e-01 8.137176e-01 8.172454e-01 8.139281e-01 8.121081e-01 8.118996e-01 8.137710e-01 8.147063e-01 8.114748e-01 3.141983e+00 3.188516e+00 3.172027e+00 3.183777e+00 3.212425e+00
2.199737e+00 1.102153e+01 1.029207e+01 9.491891e+00 8.639515e+00 7.746127e+00 6.814504e+00 2.256833e+01 2.955431e+00 7.487104e-01 1.322332e+00 1.773886e+00 2.130660e+00 2.407515e+00 2.620689e+00 2.784397e+00 2.913495e+00 3.022455e+00 3.114508e+00 3.189930e+00 3.251987e+00 3.303182e+00 3.356088e+00 3.423797e+00 4.038485e+00 0.000000e+00 1.192422e+00 8.325947e-01 1.606656e+00 2.262864e+00 2.823494e+00 3.298337e+00 3.680648e+00 7.792799e+00 4.431818e+00 0.000000e+00 3.652965e+00 7.735485e-01 7.939431e-01 8.082302e-01 8.140457e-01 8.130529e-01 8.126000e-01 8.127315e-01 1.457305e+00 1.461949e+00 8.174098e-01 3.275466e+00 3.284639e+00 3.264783e+00 3.271264e+00 3.287136e+00
1.166180e+01 3.173502e+00 6.125059e+00 6.615281e+00 9.357988e+00 1.438982e+01 1.688512e+01 2.984930e+00 2.878912e+00 2.902620e+00 2.923268e+00 2.941922e+00 2.962165e+00 2.984279e+00 3.009220e+00 3.038504e+00 5.920195e+00 5.736502e+00 5.536094e+00 5.314503e+00 5.065932e+00 4.787211e+00 4.502193e+00 4.242216e+00 3.276735e+00 0.000000e+00 8.287377e-01 1.498989e+00 2.054525e+00 2.665592e+00 3.189745e+00 3.635618e+00 3.997761e+00 4.258765e+00 7.751565e+00 0.000000e+00 0.000000e+00 8.382460e-01 7.896113e-01 8.038164e-01 8.104803e-01 8.114393e-01 8.128214e-01 8.129537e-01 1.973889e+00 1.984418e+00 8.217316e-01 3.398060e+00 3.383260e+00 3.359083e+00 3.358937e+00 3.360784e+00
3.131177e+00 3.123699e+00 7.627360e-01 3.155883e+00 5.618750e+00 3.191647e+00 2.998378e+00 2.846982e+00 2.993443e+00 3.005486e+00 3.017137e+00 3.021427e+00 3.022304e+00 3.023963e+00 3.028558e+00 3.038742e+00 7.759633e-01 1.391937e+00 1.893905e+00 2.306125e+00 2.631733e+00 2.861534e+00 3.023651e+00 3.153842e+00 8.046330e-01 0.000000e+00 1.325783e+00 1.939046e+00 2.446446e+00 2.865206e+00 3.387702e+00 3.827098e+00 4.185041e+00 4.456254e+00 4.432963e+00 7.740457e+00 0.000000e+00 1.508050e+00 7.896252e-01 7.997987e-01 8.048364e-01 8.060187e-01 8.094627e-01 1.453010e+00 2.392436e+00 2.409502e+00 1.475824e+00 3.510916e+00 3.482650e+00 3.453399e+00 3.445331e+00 3.434694e+00
3.039541e+00 3.049064e+00 3.131877e+00 5.864800e+00 3.232254e+00 2.972244e+00 2.778617e+00 2.981198e+00 3.092726e+00 5.856514e+00 5.667842e+00 5.432690e+00 5.152253e+00 4.832901e+00 4.489337e+00 4.142776e+00 3.824542e+00 3.570827e+00 3.410789e+00 3.356232e+00 3.367933e+00 3.379945e+00 6.534584e+00 7.069421e+00 6.830735e+00 0.000000e+00 2.249240e+00 2.543232e+00 2.861812e+00 3.167444e+00 3.450412e+00 3.876826e+00 4.229831e+00 4.515221e+00 4.657615e+00 1.194096e+01 0.000000e+00 0.000000e+00 8.694721e-01 7.976716e-01 7.973858e-01 7.962078e-01 1.436896e+00 1.963305e+00 2.733094e+00 2.757663e+00 2.006550e+00 3.613372e+00 3.581144e+00 3.547066e+00 3.528856e+00 3.509314e+00
2.918610e+00 3.214255e+00 6.054314e+00 3.254906e+00 2.905371e+00 2.658572e+00 2.941034e+00 3.098439e+00 2.908482e+00 3.144501e+00 3.177813e+00 3.201700e+00 3.210093e+00 3.198314e+00 3.174567e+00 3.151027e+00 3.139032e+00 3.149939e+00 3.186320e+00 3.247101e+00 3.310116e+00 3.337611e+00 7.649803e-01 7.919508e-01 1.429844e+00 0.000000e+00 1.438692e+00 2.039402e+00 2.544288e+00 2.963487e+00 3.319143e+00 3.602294e+00 4.014696e+00 4.359137e+00 8.961834e+00 1.626971e+01 8.993066e-01 0.000000e+00 8.811038e-01 8.773026e-01 7.997764e-01 7.980265e-01 1.938898e+00 2.377976e+00 3.012790e+00 3.044201e+00 2.441139e+00 3.703889e+00 3.673860e+00 3.637468e+00 3.609960e+00 3.583951e+00
3.142370e+00 2.937848e+00 3.239678e+00 2.787991e+00 2.482741e+00 2.859514e+00 3.092303e+00 2.800069e+00 3.114184e+00 7.779471e-01 6.180012e+00 8.846299e+00 8.556349e+00 1.374859e+01 1.640668e+01 1.580532e+01 1.518551e+01 1.452842e+01 1.381987e+01 1.305919e+01 1.223731e+01 1.133835e+01 1.040187e+01 9.467097e+00 0.000000e+00 0.000000e+00 8.601278e-01 1.546776e+00 2.119858e+00 2.603947e+00 3.009028e+00 3.339064e+00 3.606235e+00 4.020003e+00 4.352118e+00 8.960782e+00 1.678927e+01 0.000000e+00 8.925890e-01 8.875732e-01 8.106513e-01 1.437232e+00 2.357964e+00 2.725365e+00 3.246023e+00 3.280916e+00 2.798205e+00 3.780606e+00 3.755696e+00 3.721407e+00 3.689172e+00 3.657631e+00
2.740633e+00 3.177537e+00 2.588337e+00 2.234515e+00 2.727771e+00 3.058721e+00 2.649197e+00 3.090883e+00 2.833029e+00 5.502708e+00 2.897593e+00 2.922047e+00 5.665287e+00 3.240242e+00 3.059527e+00 5.934413e+00 5.811091e+00 5.653219e+00 5.463810e+00 5.246089e+00 4.995747e+00 4.707993e+00 4.417641e+00 4.166806e+00 0.000000e+00 3.860749e-01 1.106650e+00 1.731779e+00 2.259939e+00 2.703260e+00 3.073913e+00 3.382917e+00 3.639050e+00 3.849340e+00 4.210482e+00 8.659766e+00 2.545582e+01 0.000000e+00 0.000000e+00 9.073503e-01 1.573524e+00 1.969523e+00 2.714574e+00 3.018913e+00 3.439475e+00 3.475029e+00 3.092315e+00 3.844522e+00 3.823679e+00 3.792991e+00 3.759605e+00 3.723573e+00
3.096194e+00 2.290245e+00 1.880253e+00 2.529827e+00 2.989743e+00 2.436743e+00 3.055798e+00 2.658707e+00 2.689316e+00 2.710523e+00 2.727547e+00 2.749218e+00 3.196622e+00 2.935283e+00 2.944584e+00 3.240123e+00 6.116789e+00 8.900714e+00 1.186362e+01 1.150622e+01 1.112163e+01 1.069160e+01 1.021255e+01 9.692740e+00 0.000000e+00 3.962960e-01 1.109712e+00 1.727635e+00 2.243760e+00 2.670406e+00 3.027831e+00 3.334270e+00 3.594707e+00 3.811065e+00 4.186277e+00 4.481569e+00 1.303472e+01 2.531698e+01 0.000000e+00 1.685878e+00 2.241781e+00 2.425039e+00 3.021642e+00 3.266929e+00 3.597714e+00 3.631666e+00 3.334000e+00 3.897739e+00 3.876213e+00 3.845868e+00 3.811992e+00 3.772177e+00
1.901414e+00 1.404078e+00 2.242596e+00 2.870831e+00 2.151416e+00 3.007602e+00 2.425875e+00 2.454270e+00 2.475393e+00 2.487301e+00 2.498689e+00 3.123873e+00 2.747608e+00 2.764536e+00 3.174772e+00 2.953787e+00 2.988663e+00 3.285881e+00 3.189459e+00 6.250553e+00 6.191483e+00 6.090951e+00 5.954902e+00 5.788101e+00 0.000000e+00 3.961889e-01 1.109424e+00 1.720327e+00 2.226545e+00 2.643048e+00 1.342291e+01 1.396686e+01 1.458611e+01 2.218323e+01 2.489870e+01 2.547023e+01 2.606466e+01 6.404343e+01 0.000000e+00 0.000000e+00 2.823088e+00 2.972806e+00 3.282677e+00 3.473046e+00 3.724752e+00 3.754615e+00 3.527651e+00 3.939267e+00 3.914158e+00 3.881953e+00 3.848678e+00 3.805805e+00
7.992257e-01 1.875329e+00 2.699313e+00 1.778122e+00 2.943268e+00 2.132640e+00 2.156712e+00 2.174258e+00 2.185983e+00 2.193049e+00 3.048919e+00 2.492694e+00 2.518774e+00 3.098259e+00 2.754192e+00 2.781718e+00 3.184472e+00 3.006160e+00 3.061358e+00 3.124636e+00 5.917261e+00 6.729301e+00 7.475962e+00 1.018957e+01 0.000000e+00 9.769347e-01 1.620484e+00 3.590347e+00 6.737228e+00 1.026649e+01 2.505874e+00 4.731832e+00 7.003652e+00 2.126029e+00 2.143711e+00 4.627710e+00 6.972874e+00 7.513187e+00 7.098305e+01 0.000000e+00 0.000000e+00 3.439137e+00 3.691068e+00 3.638606e+00 3.823358e+00 3.846865e+00 3.675638e+00 3.967229e+00 3.938845e+00 3.905716e+00 3.875848e+00 3.831542e+00
1.412874e+00 2.490681e+00 1.313194e+00 2.856955e+00 1.762460e+00 1.789487e+00 1.803149e+00 1.809607e+00 1.812108e+00 2.981766e+00 2.179093e+00 2.203940e+00 3.010794e+00 2.501598e+00 2.525485e+00 3.077666e+00 2.782805e+00 2.830980e+00 2.888171e+00 2.719822e+00 8.241629e-01 8.245018e-01 2.440023e+00 8.407411e-01 0.000000e+00 8.752134e-01 1.556952e+00 2.586617e+00 3.025757e+00 2.048504e+00 1.511019e+00 1.525891e+00 1.541095e+00 1.553514e+00 1.568393e+00 1.588166e+00 1.595595e+00 2.300428e+00 2.836271e+00 7.329604e+01 0.000000e+00 0.000000e+00 4.018526e+00 3.759316e+00 3.893493e+00 3.912360e+00 3.785313e+00 3.984671e+00 3.953623e+00 3.918013e+00 3.889118e+00 3.843740e+00
2.217561e+00 7.468820e-01 2.753769e+00 1.297133e+00 1.325698e+00 1.341414e+00 1.347532e+00 1.343291e+00 2.924320e+00 1.791686e+00 1.816634e+00 2.925536e+00 2.181923e+00 2.202823e+00 2.967180e+00 2.511503e+00 2.553632e+00 2.604131e+00 2.368858e+00 8.222927e-01 1.476000e+00 2.000610e+00 8.254458e-01 1.496707e+00 0.000000e+00 1.513610e+00 2.104330e+00 2.679396e+00 1.501179e+00 8.347905e-01 8.380512e-01 8.440843e-01 8.508828e-01 8.573356e-01 8.657950e-01 8.763951e-01 4.334158e+00 5.865098e+00 6.526499e+00 6.772865e+00 7.956156e+01 0.000000e+00 4.234537e+00 4.032617e+00 3.931857e+00 3.953855e+00 3.864070e+00 3.995754e+00 3.963507e+00 3.921183e+00 3.885097e+00 8.072161e-01
2.452100e+00 2.637362e+00 7.262734e-01 7.419705e-01 7.537909e-01 7.610864e-01 7.605900e-01 2.892043e+00 1.316517e+00 1.334091e+00 2.852940e+00 1.792601e+00 1.805089e+00 2.858320e+00 2.177071e+00 2.215084e+00 2.260152e+00 1.945374e+00 8.201249e-01 1.474971e+00 2.005297e+00 2.431021e+00 2.780908e+00 3.080932e+00 0.000000e+00 1.726472e+00 2.244295e+00 8.350397e-01 8.318719e-01 1.496575e+00 2.039424e+00 2.488352e+00 2.865798e+00 3.188932e+00 3.469897e+00 3.718546e+00 8.756780e-01 8.785512e-01 1.587319e+00 2.258573e+00 2.732921e+00 0.000000e+00 0.000000e+00 4.217955e+00 3.938817e+00 3.971881e+00 3.912990e+00 3.995304e+00 3.962468e+00 3.909983e+00 8.015545e-01 2.772458e+00
2.911609e+00 2.942452e+00 2.937219e+00 2.919785e+00 2.900989e+00 2.890086e+00 2.885318e+00 7.411737e-01 7.428967e-01 2.800748e+00 1.320254e+00 1.328039e+00 2.772583e+00 1.775245e+00 1.806626e+00 1.844652e+00 1.427235e+00 8.168292e-01 1.469721e+00 2.002413e+00 2.437490e+00 2.786947e+00 3.071280e+00 3.310408e+00 0.000000e+00 1.729493e+00 2.236249e+00 2.665389e+00 3.006817e+00 3.289217e+00 3.515633e+00 3.693075e+00 3.832094e+00 3.944293e+00 4.039719e+00 4.127403e+00 4.212002e+00 4.574088e+00 9.173302e+00 1.034476e+01 1.087564e+01 1.088530e+01 0.000000e+00 0.000000e+00 4.143615e+00 3.966330e+00 8.104853e-01 3.975370e+00 3.941274e+00 7.995960e-01 2.769057e+00 2.439356e+00
2.365387e+00 2.533967e+00 2.642677e+00 2.709276e+00 2.748407e+00 2.773418e+00 2.787158e+00 2.786498e+00 2.780859e+00 7.398319e-01 7.456119e-01 2.723159e+00 1.302613e+00 1.320879e+00 1.346698e+00 7.935854e-01 8.064233e-01 1.452942e+00 1.983123e+00 2.419837e+00 2.777833e+00 3.066397e+00 3.298496e+00 3.487276e+00 0.000000e+00 1.728007e+00 2.231472e+00 2.666896e+00 3.019734e+00 3.311841e+00 3.544311e+00 3.723127e+00 3.857276e+00 3.957128e+00 4.035294e+00 4.104003e+00 4.168558e+00 4.232956e+00 8.676340e-01 8.653032e-01 1.551023e+00 2.185850e+00 1.298010e+01 0.000000e+00 4.414763e+00 4.163983e+00 8.058361e-01 8.000722e-01 7.973460e-01 8.051374e-01 2.446596e+00 2.020305e+00
1.707678e+00 2.009348e+00 2.241011e+00 2.415413e+00 2.542608e+00 2.630231e+00 2.684548e+00 2.710652e+00 2.716965e+00 2.712741e+00 2.706453e+00 7.318992e-01 7.393722e-01 7.486774e-01 7.655710e-01 1.375847e+00 1.880399e+00 2.305995e+00 2.664522e+00 2.961989e+00 3.204659e+00 3.397613e+00 6.900434e+00 7.594137e+00 0.000000e+00 2.696542e+00 2.964234e+00 3.225331e+00 3.451275e+00 3.652654e+00 3.817889e+00 3.944283e+00 4.033822e+00 4.091530e+00 4.127585e+00 4.154533e+00 4.179829e+00 4.209280e+00 4.246801e+00 4.294434e+00 4.342870e+00 4.606626e+00 4.795391e+00 0.000000e+00 0.000000e+00 4.289218e+00 8.028547e-01 8.024920e-01 8.008912e-01 2.807050e+00 2.462416e+00 2.021482e+00
7.095466e-01 1.247520e+00 1.668751e+00 2.000638e+00 2.256108e+00 2.439166e+00 2.562558e+00 2.641788e+00 2.682068e+00 2.683463e+00 2.662091e+00 2.640292e+00 2.633372e+00 2.651725e+00 2.704141e+00 2.793879e+00 2.913668e+00 3.054221e+00 3.200637e+00 3.338325e+00 3.458810e+00 3.556533e+00 8.167317e-01 0.000000e+00 0.000000e+00 1.231467e+00 1.869020e+00 2.398600e+00 2.832920e+00 3.191716e+00 3.479159e+00 3.700502e+00 3.862845e+00 3.973613e+00 4.043085e+00 4.083622e+00 4.110282e+00 4.136525e+00 4.168041e+00 4.208949e+00 4.257723e+00 4.307228e+00 4.573916e+00 4.763550e+00 0.000000e+00 0.000000e+00 1.514247e+00 8.087113e-01 8.162008e-01 8.260650e-01 8.340369e-01 1.501873e+00
-9.999000e+03 -9.999000e+03 -9.999000e+03 -9.999000e+03 -9.999000e+03 -9.999000e+03 -9.999000e+03 7.368254e-01 7.300219e-01 7.100977e-01 7.008018e-01 7.091146e-01 1.247645e+00 1.683246e+00 2.046997e+00 2.356334e+00 2.624932e+00 2.863544e+00 3.070718e+00 3.241961e+00 3.377561e+00 3.477664e+00 3.558189e+00 0.000000e+00 4.286234e-01 1.116775e+00 1.719582e+00 2.241640e+00 2.690212e+00 3.068549e+00 3.380014e+00 3.625532e+00 3.809627e+00 3.936758e+00 4.014210e+00 4.051284e+00 4.066837e+00 4.080251e+00 4.099048e+00 4.128788e+00 4.171442e+00 4.226059e+00 4.280767e+00 4.543870e+00 4.711939e+00 0.000000e+00 0.000000e+00 8.884801e-01 8.321966e-01 8.383295e-01 8.412993e-01 8.407176e-01
-9.999000e+03 -9.999000e+03 -9.999000e+03 -9.999000e+03 -9.999000e+03 -9.999000e+03 -9.999000e+03 -9.999000e+03 -9.999000e+03 -9.999000e+03 1.226647e+00 1.223796e+00 7.313698e-01 7.588939e-01 1.354305e+00 1.829839e+00 2.220292e+00 2.551940e+00 2.828835e+00 3.049056e+00 3.218293e+00 3.342443e+00 3.441876e+00 0.000000e+00 4.261797e-01 1.111784e+00 1.710112e+00 2.229346e+00 2.678827e+00 3.063915e+00 3.386207e+00 3.643700e+00 3.838267e+00 3.971431e+00 4.049753e+00 4.082249e+00 4.085850e+00 4.079252e+00 4.075271e+00 4.085188e+00 4.112502e+00 4.157919e+00 4.214004e+00 4.265188e+00 4.511947e+00 4.650428e+00 0.000000e+00 0.000000e+00 8.395695e-01 8.473814e-01 -9.999000e+03 -9.999000e+03
