tests/data/reference/test_implicit_stream_rill_mfda/cvsur_m3.asc
ncols	123
nrows	77
xllcorner	-713746.79929998
yllcorner	-1061022.36961616
cellsize	10.0
NODATA_value	-9999
[rows 46 to 68 of 77, columns 0 to 51 of 123]
-9.999000e+03 -9.999000e+03 -9.999000e+03 -9.999000e+03 -9.999000e+03 -9.999000e+03 1.877331e+00 5.927643e+00 1.472084e+00 1.503695e+00 6.533105e-01 1.167770e+00 1.803607e+00 1.986379e+00 2.158286e+00 2.943843e+00 2.079294e+00 2.198488e+00 2.277040e+00 2.355313e+00 2.443465e+00 1.302267e+00 1.313191e+00 1.312036e+00 1.762784e+00 2.127978e+00 2.417482e+00 2.632773e+00 2.787210e+00 2.896317e+00 2.969719e+00 2.840947e+01 3.065313e+01 3.321655e+00 3.369559e+00 3.413831e+00 3.452287e+00 3.486913e+00 3.522302e+00 3.565508e+00 3.632031e+00 3.686208e+00 3.750754e+00 3.810029e+00 3.864808e+00 3.905260e+00 3.929677e+00 3.940990e+00 3.941401e+00 3.934769e+00 3.908810e+00 3.884896e+00
-9.999000e+03 -9.999000e+03 -9.999000e+03 -9.999000e+03 -9.999000e+03 -9.999000e+03 3.381151e+00 3.113224e+00 1.145088e+00 1.165334e+00 6.767332e-01 1.520591e+00 1.769534e+00 2.026028e+00 3.206754e+00 1.881490e+00 2.059519e+00 2.173299e+00 2.257165e+00 2.340495e+00 7.258220e-01 7.357404e-01 7.406157e-01 7.402098e-01 1.320378e+00 1.789799e+00 2.164318e+00 1.972784e+01 2.193788e+01 2.415805e+01 2.640432e+01 3.266435e+00 3.302038e+00 3.347680e+00 3.382845e+00 3.408586e+00 3.429192e+00 3.451063e+00 3.481312e+00 3.549251e+00 3.596181e+00 3.664397e+00 3.722790e+00 3.782300e+00 3.833184e+00 3.868982e+00 3.891925e+00 3.908004e+00 3.928649e+00 3.919540e+00 3.905136e+00 3.878561e+00
-9.999000e+03 -9.999000e+03 -9.999000e+03 -9.999000e+03 -9.999000e+03 1.875348e+00 2.629861e+00 3.219562e+00 6.645931e-01 6.696814e-01 1.134794e+00 1.463975e+00 1.838518e+00 3.455056e+00 1.586584e+00 1.855137e+00 2.038048e+00 2.157644e+00 2.244300e+00 2.325044e+00 4.567165e+00 6.764577e+00 8.945006e+00 1.258006e+01 1.428223e+01 1.620974e+01 1.827535e+01 2.991544e+00 3.060300e+00 3.145340e+00 3.203762e+00 3.246575e+00 3.298037e+00 3.330799e+00 3.351123e+00 3.363282e+00 3.373540e+00 3.391233e+00 3.463797e+00 3.494952e+00 3.565121e+00 3.619605e+00 3.679790e+00 3.735175e+00 3.779856e+00 3.812504e+00 3.838442e+00 3.881270e+00 3.886999e+00 3.892669e+00 3.872436e+00 3.112262e+00
-9.999000e+03 -9.999000e+03 -9.999000e+03 -9.999000e+03 4.972400e+00 1.329288e+00 1.463192e+00 2.545385e+00 6.484213e-01 6.366142e-01 1.081514e+00 1.624520e+00 3.680536e+00 1.179888e+00 1.549956e+00 1.818854e+00 2.006647e+00 2.130101e+00 2.215679e+00 2.275993e+00 2.343944e+00 2.424091e+00 4.018976e+00 2.183296e+00 2.488452e+00 2.699472e+00 2.831624e+00 2.916324e+00 3.017478e+00 3.086845e+00 3.143557e+00 3.211021e+00 3.248662e+00 3.269626e+00 3.279815e+00 3.283740e+00 3.289595e+00 3.375393e+00 3.385799e+00 3.460226e+00 3.506986e+00 3.565766e+00 3.621707e+00 3.669072e+00 3.706612e+00 3.739948e+00 3.808415e+00 3.820030e+00 3.840233e+00 3.823099e+00 2.844451e+00 2.830174e+00
-9.999000e+03 -9.999000e+03 -9.999000e+03 -9.999000e+03 3.110449e+00 1.913211e+00 1.111196e+00 1.331966e+00 1.035744e+00 6.140741e-01 1.404919e+00 3.878775e+00 6.621781e-01 1.151222e+00 1.509720e+00 1.769410e+00 1.957266e+00 2.079977e+00 2.132259e+00 2.180580e+00 2.241351e+00 4.154397e+00 1.802112e+00 2.173445e+00 2.436319e+00 2.600874e+00 2.701915e+00 2.829379e+00 2.911150e+00 2.980898e+00 3.074633e+00 3.126526e+00 3.155120e+00 3.168537e+00 3.171772e+00 3.171165e+00 3.281677e+00 3.263318e+00 3.347640e+00 3.384683e+00 3.442557e+00 3.498513e+00 3.545761e+00 3.582692e+00 3.616971e+00 3.714668e+00 3.726815e+00 3.759405e+00 3.733106e+00 2.481211e+00 2.480477e+00 2.463085e+00
-9.999000e+03 -9.999000e+03 -9.999000e+03 1.875871e+00 1.236204e+00 1.758722e+00 6.281329e-01 9.774400e-01 5.979262e-01 1.159984e+00 2.581915e+00 1.448149e+00 6.445645e-01 1.113244e+00 1.450777e+00 1.704513e+00 1.892158e+00 1.959268e+00 1.989920e+00 2.025565e+00 4.237816e+00 1.323768e+00 1.769919e+00 2.091457e+00 2.295574e+00 2.410595e+00 2.566370e+00 2.662431e+00 2.747710e+00 2.871594e+00 2.940709e+00 2.982463e+00 3.005739e+00 3.014417e+00 3.014442e+00 3.173950e+00 3.120954e+00 3.222799e+00 3.244930e+00 3.302676e+00 3.361231e+00 3.409765e+00 3.444986e+00 3.476827e+00 3.609521e+00 3.609257e+00 3.652392e+00 3.610413e+00 2.023667e+00 2.028487e+00 2.023936e+00 2.006912e+00
-9.999000e+03 -9.999000e+03 -9.999000e+03 1.874135e+00 1.886241e+00 9.321371e-01 5.838157e-01 5.504521e-01 8.563189e-01 8.864427e-01 1.724947e+00 1.250745e+00 6.180310e-01 1.052862e+00 1.378018e+00 1.630568e+00 1.727792e+00 1.761743e+00 1.776674e+00 4.256513e+00 7.283134e-01 1.275567e+00 1.668273e+00 1.915305e+00 2.041968e+00 2.232611e+00 2.337902e+00 2.435872e+00 2.599097e+00 2.686952e+00 2.741730e+00 2.775819e+00 2.792912e+00 2.797792e+00 3.033686e+00 2.940793e+00 3.078858e+00 3.082312e+00 3.138005e+00 3.198259e+00 3.251402e+00 3.287633e+00 3.317768e+00 3.499622e+00 3.473553e+00 3.520864e+00 3.453187e+00 1.470300e+00 1.475099e+00 1.474595e+00 1.468097e+00 1.517755e+01
-9.999000e+03 -9.999000e+03 7.106373e+00 1.727965e-01 9.104064e-01 8.543546e-01 5.119468e-01 4.833958e-01 5.064911e-01 4.691697e-01 1.208436e+00 1.028904e+00 5.727980e-01 9.839345e-01 1.307853e+00 1.418561e+00 1.463585e+00 1.481674e+00 2.470805e+00 1.738163e+00 6.892986e-01 1.179594e+00 1.480840e+00 1.607597e+00 1.840964e+00 1.953094e+00 2.058074e+00 2.266014e+00 2.373669e+00 2.442688e+00 2.487698e+00 2.511622e+00 2.518819e+00 2.859540e+00 2.706025e+00 2.900214e+00 2.882834e+00 2.942809e+00 3.002036e+00 3.055275e+00 3.093972e+00 3.125398e+00 3.379115e+00 3.316852e+00 3.367152e+00 3.261930e+00 8.050690e-01 8.099204e-01 8.106486e-01 8.076965e-01 1.555040e+01 3.527843e+00
-9.999000e+03 -9.999000e+03 5.325808e+00 9.360216e-01 5.805793e-01 5.172286e-01 4.529135e-01 5.139411e-01 7.995061e-01 6.869815e-01 4.817111e-01 7.872385e-01 5.266791e-01 9.305033e-01 1.038778e+00 1.077117e+00 1.094117e+00 1.115469e+00 1.113647e+00 1.481683e+00 6.314604e-01 1.010164e+00 1.124127e+00 1.407469e+00 1.516873e+00 1.623257e+00 1.884347e+00 2.004590e+00 2.085626e+00 2.142848e+00 2.175379e+00 2.183716e+00 2.663833e+00 2.418504e+00 2.688247e+00 2.629924e+00 2.699986e+00 2.767589e+00 2.819083e+00 2.852820e+00 2.883170e+00 3.235926e+00 3.123123e+00 3.180834e+00 3.031861e+00 3.046273e+00 3.282395e+00 3.473244e+00 1.238399e+01 1.584166e+01 3.343950e+00 3.341655e+00
-9.999000e+03 1.865681e+00 5.547413e+00 1.328906e+00 5.620576e-01 3.945160e-01 5.303259e-01 5.290782e-01 -9.999000e+03 -9.999000e+03 -9.999000e+03 4.774322e-01 5.036002e-01 5.800536e-01 6.084815e-01 6.100201e-01 6.224535e-01 6.428659e-01 6.216429e-01 5.341631e-01 5.100877e-01 5.918579e-01 9.517482e-01 1.044492e+00 1.136035e+00 1.462876e+00 1.583997e+00 1.664964e+00 1.728230e+00 1.769586e+00 1.784504e+00 2.456856e+00 2.083337e+00 2.459795e+00 2.331470e+00 2.403555e+00 2.480221e+00 2.537577e+00 2.566517e+00 2.589251e+00 3.069030e+00 2.877847e+00 2.943448e+00 2.745178e+00 2.755200e+00 3.365886e+00 6.220344e+00 9.003921e+00 3.662753e+00 3.104801e+00 3.104634e+00 3.105273e+00
-9.999000e+03 5.354179e+00 1.468624e+00 5.603520e-01 4.994250e-01 5.074685e-01 -9.999000e+03 -9.999000e+03 -9.999000e+03 -9.999000e+03 -9.999000e+03 -9.999000e+03 5.238992e-01 5.662348e-01 9.598980e-01 1.234189e+00 6.099527e-01 1.053047e+00 1.338887e+00 1.385941e+00 4.716345e-01 4.801216e-01 5.470635e-01 6.088379e-01 1.017295e+00 1.119615e+00 1.184467e+00 1.239481e+00 1.280204e+00 1.298877e+00 2.235221e+00 1.695095e+00 2.223606e+00 1.990988e+00 2.058475e+00 2.136522e+00 2.198602e+00 2.225962e+00 2.240526e+00 2.884658e+00 2.579024e+00 2.646695e+00 2.388514e+00 2.397019e+00 3.171265e+00 2.748670e+00 2.767813e+00 3.555492e+00 2.801656e+00 2.803902e+00 2.801733e+00 3.543030e+00
1.876023e+00 1.619596e+00 8.530782e-01 5.037377e-01 3.768747e-01 5.657561e-01 -9.999000e+03 -9.999000e+03 -9.999000e+03 -9.999000e+03 -9.999000e+03 -9.999000e+03 -9.999000e+03 -9.999000e+03 -9.999000e+03 6.165867e-01 1.462001e+00 6.346984e-01 6.169385e-01 5.878294e-01 1.856914e+00 -9.999000e+03 -9.999000e+03 5.468896e-01 6.102373e-01 6.423566e-01 6.732292e-01 7.005152e-01 7.132468e-01 1.993399e+00 1.232499e+00 1.980207e+00 1.599971e+00 1.657338e+00 1.729546e+00 1.790716e+00 1.819306e+00 1.827927e+00 2.682668e+00 2.220383e+00 2.285623e+00 1.951650e+00 1.960775e+00 2.933615e+00 2.380664e+00 2.393063e+00 3.430672e+00 2.423831e+00 2.430755e+00 2.427821e+00 3.379230e+00 2.770173e+00
1.871635e+00 4.895053e-01 4.707060e-01 4.695874e-01 5.710327e-01 -9.999000e+03 -9.999000e+03 -9.999000e+03 -9.999000e+03 -9.999000e+03 -9.999000e+03 -9.999000e+03 -9.999000e+03 -9.999000e+03 -9.999000e+03 -9.999000e+03 -9.999000e+03 -9.999000e+03 -9.999000e+03 -9.999000e+03 -9.999000e+03 -9.999000e+03 -9.999000e+03 5.292458e-01 5.958361e-01 6.174607e-01 1.080273e+00 1.451268e+00 1.738692e+00 6.758921e-01 1.724623e+00 1.148944e+00 1.189650e+00 1.248834e+00 1.301747e+00 1.326080e+00 1.335320e+00 2.466157e+00 1.796928e+00 1.850874e+00 1.421656e+00 1.431192e+00 2.644405e+00 1.942027e+00 1.945653e+00 3.289189e+00 1.965453e+00 1.972800e+00 1.974055e+00 3.182372e+00 2.379445e+00 3.541230e+00
-9.999000e+03 5.835822e-01 5.661167e-01 6.163735e-01 -9.999000e+03 -9.999000e+03 -9.999000e+03 -9.999000e+03 -9.999000e+03 -9.999000e+03 -9.999000e+03 -9.999000e+03 -9.999000e+03 -9.999000e+03 -9.999000e+03 -9.999000e+03 -9.999000e+03 -9.999000e+03 -9.999000e+03 -9.999000e+03 -9.999000e+03 -9.999000e+03 -9.999000e+03 -9.999000e+03 -9.999000e+03 -9.999000e+03 6.428171e-01 6.656746e-01 1.147781e+00 1.457699e+00 6.251058e-01 6.472973e-01 6.808033e-01 7.173595e-01 7.326509e-01 7.362332e-01 2.225585e+00 1.305506e+00 1.338509e+00 7.805740e-01 7.894064e-01 2.292978e+00 1.417695e+00 1.418681e+00 3.134852e+00 1.424661e+00 1.427953e+00 1.429311e+00 2.950436e+00 1.927690e+00 3.456993e+00 1.475650e+00
-9.999000e+03 -9.999000e+03 -9.999000e+03 -9.999000e+03 -9.999000e+03 -9.999000e+03 -9.999000e+03 -9.999000e+03 -9.999000e+03 -9.999000e+03 -9.999000e+03 -9.999000e+03 -9.999000e+03 -9.999000e+03 -9.999000e+03 -9.999000e+03 -9.999000e+03 -9.999000e+03 -9.999000e+03 -9.999000e+03 -9.999000e+03 -9.999000e+03 -9.999000e+03 -9.999000e+03 -9.999000e+03 -9.999000e+03 -9.999000e+03 -9.999000e+03 6.531789e-01 1.075260e+00 5.984583e-01 6.210890e-01 6.630901e-01 1.198004e+00 1.626518e+00 1.949251e+00 7.186774e-01 7.373516e-01 7.539193e-01 1.365070e+00 1.869613e+00 7.816579e-01 7.842589e-01 2.959773e+00 7.863047e-01 7.866511e-01 7.853754e-01 2.672582e+00 1.402017e+00 3.395905e+00 7.990638e-01 8.203558e-01
-9.999000e+03 -9.999000e+03 -9.999000e+03 -9.999000e+03 -9.999000e+03 -9.999000e+03 -9.999000e+03 -9.999000e+03 -9.999000e+03 -9.999000e+03 -9.999000e+03 -9.999000e+03 -9.999000e+03 -9.999000e+03 -9.999000e+03 -9.999000e+03 -9.999000e+03 -9.999000e+03 -9.999000e+03 -9.999000e+03 -9.999000e+03 -9.999000e+03 -9.999000e+03 -9.999000e+03 -9.999000e+03 -9.999000e+03 -9.999000e+03 -9.999000e+03 -9.999000e+03 6.119483e-01 1.362465e+00 1.061001e+00 1.125920e+00 7.178590e-01 7.247591e-01 7.071331e-01 7.082867e-01 7.305683e-01 1.313307e+00 1.789934e+00 2.179214e+00 2.492783e+00 2.746984e+00 7.821203e-01 1.412833e+00 1.927189e+00 2.340034e+00 7.719260e-01 3.341562e+00 7.864018e-01 1.432437e+00 1.983207e+00
-9.999000e+03 -9.999000e+03 -9.999000e+03 -9.999000e+03 -9.999000e+03 -9.999000e+03 -9.999000e+03 -9.999000e+03 -9.999000e+03 -9.999000e+03 -9.999000e+03 -9.999000e+03 -9.999000e+03 -9.999000e+03 -9.999000e+03 -9.999000e+03 -9.999000e+03 -9.999000e+03 -9.999000e+03 -9.999000e+03 -9.999000e+03 -9.999000e+03 -9.999000e+03 -9.999000e+03 -9.999000e+03 -9.999000e+03 -9.999000e+03 -9.999000e+03 -9.999000e+03 -9.999000e+03 1.087154e+00 -9.999000e+03 -9.999000e+03 -9.999000e+03 -9.999000e+03 -9.999000e+03 -9.999000e+03 -9.999000e+03 7.455015e-01 1.334618e+00 1.804873e+00 2.173853e+00 2.468235e+00 2.712468e+00 2.914798e+00 3.078870e+00 3.203207e+00 3.280969e+00 7.651293e-01 1.396737e+00 1.929374e+00 2.379044e+00
-9.999000e+03 -9.999000e+03 -9.999000e+03 -9.999000e+03 -9.999000e+03 -9.999000e+03 -9.999000e+03 -9.999000e+03 -9.999000e+03 -9.999000e+03 -9.999000e+03 -9.999000e+03 -9.999000e+03 -9.999000e+03 -9.999000e+03 -9.999000e+03 -9.999000e+03 -9.999000e+03 -9.999000e+03 -9.999000e+03 -9.999000e+03 -9.999000e+03 -9.999000e+03 -9.999000e+03 -9.999000e+03 -9.999000e+03 -9.999000e+03 -9.999000e+03 -9.999000e+03 -9.999000e+03 -9.999000e+03 -9.999000e+03 -9.999000e+03 -9.999000e+03 -9.999000e+03 -9.999000e+03 -9.999000e+03 -9.999000e+03 -9.999000e+03 -9.999000e+03 -9.999000e+03 7.469063e-01 7.534975e-01 7.706946e-01 1.392164e+00 1.896233e+00 2.294593e+00 2.588794e+00 2.813427e+00 3.006807e+00 3.173498e+00 3.311246e+00
-9.999000e+03 -9.999000e+03 -9.999000e+03 -9.999000e+03 -9.999000e+03 -9.999000e+03 -9.999000e+03 -9.999000e+03 -9.999000e+03 -9.999000e+03 -9.999000e+03 -9.999000e+03 -9.999000e+03 -9.999000e+03 -9.999000e+03 -9.999000e+03 -9.999000e+03 -9.999000e+03 -9.999000e+03 -9.999000e+03 -9.999000e+03 -9.999000e+03 -9.999000e+03 -9.999000e+03 -9.999000e+03 -9.999000e+03 -9.999000e+03 -9.999000e+03 -9.999000e+03 -9.999000e+03 -9.999000e+03 -9.999000e+03 -9.999000e+03 -9.999000e+03 -9.999000e+03 -9.999000e+03 -9.999000e+03 -9.999000e+03 -9.999000e+03 -9.999000e+03 -9.999000e+03 -9.999000e+03 -9.999000e+03 -9.999000e+03 7.819797e-01 7.779876e-01 1.390078e+00 1.867175e+00 7.657445e-01 1.401423e+00 1.929363e+00 2.347514e+00
-9.999000e+03 -9.999000e+03 -9.999000e+03 -9.999000e+03 -9.999000e+03 -9.999000e+03 -9.999000e+03 -9.999000e+03 -9.999000e+03 -9.999000e+03 -9.999000e+03 -9.999000e+03 -9.999000e+03 -9.999000e+03 -9.999000e+03 -9.999000e+03 -9.999000e+03 -9.999000e+03 -9.999000e+03 -9.999000e+03 -9.999000e+03 -9.999000e+03 -9.999000e+03 -9.999000e+03 -9.999000e+03 -9.999000e+03 -9.999000e+03 -9.999000e+03 -9.999000e+03 -9.999000e+03 -9.999000e+03 -9.999000e+03 -9.999000e+03 -9.999000e+03 -9.999000e+03 -9.999000e+03 -9.999000e+03 -9.999000e+03 -9.999000e+03 -9.999000e+03 -9.999000e+03 -9.999000e+03 -9.999000e+03 -9.999000e+03 -9.999000e+03 -9.999000e+03 -9.999000e+03 -9.999000e+03 -9.999000e+03 -9.999000e+03 7.917774e-01 1.400696e+00
-9.999000e+03 -9.999000e+03 -9.999000e+03 -9.999000e+03 -9.999000e+03 -9.999000e+03 -9.999000e+03 -9.999000e+03 -9.999000e+03 -9.999000e+03 -9.999000e+03 -9.999000e+03 -9.999000e+03 -9.999000e+03 -9.999000e+03 -9.999000e+03 -9.999000e+03 -9.999000e+03 -9.999000e+03 -9.999000e+03 -9.999000e+03 -9.999000e+03 -9.999000e+03 -9.999000e+03 -9.999000e+03 -9.999000e+03 -9.999000e+03 -9.999000e+03 -9.999000e+03 -9.999000e+03 -9.999000e+03 -9.999000e+03 -9.999000e+03 -9.999000e+03 -9.999000e+03 -9.999000e+03 -9.999000e+03 -9.999000e+03 -9.999000e+03 -9.999000e+03 -9.999000e+03 -9.999000e+03 -9.999000e+03 -9.999000e+03 -9.999000e+03 -9.999000e+03 -9.999000e+03 -9.999000e+03 -9.999000e+03 -9.999000e+03 -9.999000e+03 7.564445e-01
-9.999000e+03 -9.999000e+03 -9.999000e+03 -9.999000e+03 -9.999000e+03 -9.999000e+03 -9.999000e+03 -9.999000e+03 -9.999000e+03 -9.999000e+03 -9.999000e+03 -9.999000e+03 -9.999000e+03 -9.999000e+03 -9.999000e+03 -9.999000e+03 -9.999000e+03 -9.999000e+03 -9.999000e+03 -9.999000e+03 -9.999000e+03 -9.999000e+03 -9.999000e+03 -9.999000e+03 -9.999000e+03 -9.999000e+03 -9.999000e+03 -9.999000e+03 -9.999000e+03 -9.999000e+03 -9.999000e+03 -9.999000e+03 -9.999000e+03 -9.999000e+03 -9.999000e+03 -9.999000e+03 -9.999000e+03 -9.999000e+03 -9.999000e+03 -9.999000e+03 -9.999000e+03 -9.999000e+03 -9.999000e+03 -9.999000e+03 -9.999000e+03 -9.999000e+03 -9.999000e+03 -9.999000e+03 -9.999000e+03 -9.999000e+03 -9.999000e+03 -9.999000e+03
-9.999000e+03 -9.999000e+03 -9.999000e+03 -9.999000e+03 -9.999000e+03 -9.999000e+03 -9.999000e+03 -9.999000e+03 -9.999000e+03 -9.999000e+03 -9.999000e+03 -9.999000e+03 -9.999000e+03 -9.999000e+03 -9.999000e+03 -9.999000e+03 -9.999000e+03 -9.999000e+03 -9.999000e+03 -9.999000e+03 -9.999000e+03 -9.999000e+03 -9.999000e+03 -9.999000e+03 -9.999000e+03 -9.999000e+03 -9.999000e+03 -9.999000e+03 -9.999000e+03 -9.999000e+03 -9.999000e+03 -9.999000e+03 -9.999000e+03 -9.999000e+03 -9.999000e+03 -9.999000e+03 -9.999000e+03 -9.999000e+03 -9.999000e+03 -9.999000e+03 -9.999000e+03 -9.999000e+03 -9.999000e+03 -9.999000e+03 -9.999000e+03 -9.999000e+03 -9.999000e+03 -9.999000e+03 -9.999000e+03 -9.999000e+03 -9.999000e+03 -9.999000e+03
