tests/data/reference/test_implicit_stream_rill_mfda/cvsur_m3.asc
ncols	123
nrows	77
xllcorner	-713746.79929998
yllcorner	-1061022.36961616
cellsize	10.0
NODATA_value	-9999
[rows 23 to 45 of 77, columns 0 to 51 of 123]
-9.999000e+03 -9.999000e+03 -9.999000e+03 -9.999000e+03 -9.999000e+03 -9.999000e+03 -9.999000e+03 -9.999000e+03 -9.999000e+03 -9.999000e+03 -9.999000e+03 -9.999000e+03 -9.999000e+03 -9.999000e+03 5.848486e-01 1.709205e+00 1.929542e+00 1.035190e+00 6.211102e-01 3.796655e-01 2.821598e-01 2.585605e+00 4.792748e-01 5.712321e+00 7.205461e+00 3.382865e+00 6.826549e+00 4.150939e+00 2.329446e+00 3.375475e+00 7.724951e-01 1.374762e+00 1.851747e+00 2.973473e+00 1.113853e+01 3.287358e+00 6.645982e+00 7.928478e-01 6.907419e+00 3.381604e+00 3.403986e+00 3.405496e+00 3.464379e+00 3.426429e+00 3.415511e+00 3.315408e+00 3.330288e+00 3.469737e+00 3.094810e+00 2.383653e+00 1.977945e+00 8.181213e-01
-9.999000e+03 -9.999000e+03 -9.999000e+03 -9.999000e+03 -9.999000e+03 -9.999000e+03 -9.999000e+03 -9.999000e+03 -9.999000e+03 -9.999000e+03 -9.999000e+03 -9.999000e+03 -9.999000e+03 -9.999000e+03 7.401554e-01 4.435366e+00 3.454397e+00 1.117631e+00 6.106742e-01 7.081410e-01 2.303884e+00 4.795632e+00 7.953968e-01 1.072190e+00 5.651572e+00 1.036486e+01 6.557344e+00 4.147621e+00 2.704922e+00 8.346970e-01 3.250889e+00 1.372041e+00 1.848223e+00 2.224253e+00 1.368207e+01 3.305920e+00 6.075578e+00 7.960119e-01 7.459039e+00 3.438987e+00 3.463902e+00 3.477563e+00 3.525021e+00 3.508831e+00 3.500586e+00 3.429313e+00 3.433711e+00 3.520241e+00 3.277743e+00 2.726197e+00 8.192367e-01 2.408543e+00
-9.999000e+03 -9.999000e+03 -9.999000e+03 -9.999000e+03 -9.999000e+03 -9.999000e+03 -9.999000e+03 -9.999000e+03 -9.999000e+03 -9.999000e+03 -9.999000e+03 -9.999000e+03 -9.999000e+03 -9.999000e+03 3.598277e+00 9.723312e-01 6.521553e-01 6.510301e-01 6.436068e-01 3.265221e-01 2.948657e+00 2.686578e+00 4.951168e+00 1.406832e+00 1.613285e+00 5.612017e+00 1.647252e+01 4.115436e+00 3.013784e+00 8.405599e-01 1.501270e+00 3.416467e+00 1.953931e+00 2.209448e+00 2.503423e+00 1.645234e+01 7.851806e-01 5.497795e+00 1.416658e+00 1.054310e+01 3.506313e+00 3.528994e+00 3.571500e+00 3.569824e+00 3.565168e+00 3.516570e+00 3.517444e+00 3.574130e+00 3.427642e+00 3.011241e+00 1.476949e+00 8.306957e-01
-9.999000e+03 -9.999000e+03 -9.999000e+03 -9.999000e+03 -9.999000e+03 -9.999000e+03 -9.999000e+03 -9.999000e+03 -9.999000e+03 -9.999000e+03 -9.999000e+03 -9.999000e+03 6.966197e-01 6.207934e-01 3.528202e+00 1.100567e+00 6.571785e-01 4.500341e-01 2.828553e-01 2.563272e+00 2.096842e+00 5.069797e+00 2.974188e+00 5.060961e+00 1.891794e+00 2.061725e+00 2.150571e+01 4.045837e+00 3.248270e+00 1.495503e+00 8.345679e-01 2.036410e+00 3.552604e+00 2.400920e+00 2.622177e+00 2.719116e+00 1.590040e+01 1.401232e+00 4.920886e+00 1.907968e+00 1.359280e+01 3.562061e+00 3.601887e+00 3.610470e+00 3.611813e+00 3.583813e+00 3.588199e+00 3.631173e+00 3.552762e+00 3.249976e+00 2.018537e+00 8.353306e-01
-9.999000e+03 -9.999000e+03 -9.999000e+03 -9.999000e+03 -9.999000e+03 -9.999000e+03 -9.999000e+03 -9.999000e+03 -9.999000e+03 -9.999000e+03 -9.999000e+03 -9.999000e+03 -9.999000e+03 6.874233e-01 1.017938e+00 9.696810e-01 5.182926e-01 2.498294e-01 2.618349e+00 2.293679e+00 2.403498e+00 2.516766e+00 7.401354e+00 1.006314e+01 1.467098e+01 1.607179e+01 1.758021e+01 2.084731e+01 3.935807e+00 3.409557e+00 2.011061e+00 1.482465e+00 2.450546e+00 3.639426e+00 2.747196e+00 2.964447e+00 3.077435e+00 1.567583e+01 1.891510e+00 4.374597e+00 1.496695e+01 3.577986e+00 3.614783e+00 3.631971e+00 3.643528e+00 3.637965e+00 3.653071e+00 3.692492e+00 3.660339e+00 3.450505e+00 2.469604e+00 1.507270e+00
-9.999000e+03 -9.999000e+03 -9.999000e+03 -9.999000e+03 -9.999000e+03 -9.999000e+03 -9.999000e+03 -9.999000e+03 -9.999000e+03 -9.999000e+03 -9.999000e+03 -9.999000e+03 -9.999000e+03 -9.999000e+03 -9.999000e+03 5.891127e-01 1.462699e-01 1.929325e+00 3.861034e+00 4.063640e+00 4.180712e+00 4.220666e+00 4.197125e+00 4.110198e+00 3.972047e+00 3.804993e+00 3.617306e+00 2.052507e+01 4.045557e+01 3.818639e+00 3.508611e+00 2.398797e+00 1.964600e+00 2.748813e+00 3.693516e+00 3.041087e+00 3.248684e+00 3.357248e+00 1.537279e+01 2.412881e+00 1.859201e+01 3.582589e+00 3.619739e+00 3.646194e+00 3.670541e+00 3.686949e+00 3.715364e+00 3.755657e+00 3.753353e+00 3.617718e+00 2.845831e+00 2.057077e+00
-9.999000e+03 -9.999000e+03 -9.999000e+03 -9.999000e+03 -9.999000e+03 -9.999000e+03 -9.999000e+03 -9.999000e+03 -9.999000e+03 -9.999000e+03 -9.999000e+03 -9.999000e+03 -9.999000e+03 -9.999000e+03 -9.999000e+03 -9.999000e+03 2.376617e-01 2.305807e+00 2.602048e+00 2.825437e+00 2.964168e+00 3.024699e+00 3.027939e+00 3.002483e+00 2.972328e+00 2.960146e+00 2.965766e+00 2.973023e+00 2.984196e+00 4.243874e+01 4.515665e+01 4.746043e+01 2.667823e+00 2.320009e+00 2.971692e+00 3.733139e+00 6.702630e+00 9.759859e+00 3.558999e+00 1.498463e+01 2.842187e+00 2.198924e+01 3.629268e+00 3.666748e+00 3.703490e+00 3.737799e+00 3.776992e+00 3.818004e+00 3.833550e+00 3.755381e+00 3.157386e+00 2.506667e+00
-9.999000e+03 -9.999000e+03 -9.999000e+03 -9.999000e+03 -9.999000e+03 -9.999000e+03 -9.999000e+03 -9.999000e+03 -9.999000e+03 -9.999000e+03 -9.999000e+03 -9.999000e+03 -9.999000e+03 -9.999000e+03 -9.999000e+03 -9.999000e+03 1.929742e+00 1.464760e+00 1.690250e+00 1.914844e+00 2.104382e+00 1.893381e+01 1.807226e+01 1.717603e+01 1.624404e+01 1.528840e+01 1.430360e+01 1.327215e+01 1.219842e+01 1.109453e+01 9.947782e+00 8.742640e+00 5.466357e+01 5.566945e+01 5.625609e+01 5.747065e+01 5.573573e+01 5.408322e+01 6.254347e+01 6.481127e+01 7.850114e+01 8.003139e+01 2.544937e+01 3.882007e+00 3.937653e+00 3.769764e+00 3.821611e+00 3.866674e+00 3.895900e+00 3.861928e+00 3.405708e+00 2.864589e+00
-9.999000e+03 -9.999000e+03 -9.999000e+03 -9.999000e+03 -9.999000e+03 -9.999000e+03 -9.999000e+03 -9.999000e+03 -9.999000e+03 -9.999000e+03 -9.999000e+03 -9.999000e+03 -9.999000e+03 -9.999000e+03 -9.999000e+03 1.929750e+00 1.440237e+00 1.612420e+00 1.354138e+01 1.515135e+01 1.765809e+01 2.517803e+00 4.914535e+00 7.254390e+00 7.020669e+00 1.175139e+01 1.392469e+01 1.606430e+01 1.547112e+01 1.485320e+01 1.418104e+01 1.343754e+01 1.262027e+01 1.171768e+01 1.075350e+01 9.759513e+00 3.467542e+01 3.531746e+01 3.634660e+01 3.841231e+01 4.055810e+01 4.237841e+01 1.210104e+02 1.449512e+02 1.474069e+02 4.085092e+00 7.644207e+00 3.884023e+00 3.932426e+00 3.932538e+00 3.586367e+00 3.130909e+00
-9.999000e+03 -9.999000e+03 -9.999000e+03 -9.999000e+03 -9.999000e+03 -9.999000e+03 -9.999000e+03 -9.999000e+03 -9.999000e+03 -9.999000e+03 -9.999000e+03 -9.999000e+03 -9.999000e+03 -9.999000e+03 1.928945e+00 3.858395e+00 1.132928e+01 1.282675e+01 2.185202e+00 3.222628e+00 2.361374e+00 2.447959e+00 2.530274e+00 2.712364e+00 5.128460e+00 2.662035e+00 2.715239e+00 2.571437e+00 2.638431e+00 2.894609e+00 3.093026e+00 1.251153e+01 1.477508e+01 1.702084e+01 1.919747e+01 2.609063e+01 1.834820e+00 2.253533e+00 3.120081e+00 3.110569e+00 3.066852e+00 3.108336e+00 6.465788e+00 9.410861e+00 1.225194e+01 1.582320e+02 1.609193e+02 1.671263e+02 4.076807e+00 7.910312e+00 3.674481e+00 3.291054e+00
-9.999000e+03 -9.999000e+03 -9.999000e+03 -9.999000e+03 -9.999000e+03 -9.999000e+03 -9.999000e+03 -9.999000e+03 -9.999000e+03 -9.999000e+03 -9.999000e+03 -9.999000e+03 -9.999000e+03 -9.999000e+03 1.929581e+00 8.300236e+00 2.352156e+00 2.163636e+00 4.116312e+00 2.128911e+00 2.221585e+00 2.310811e+00 2.540208e+00 2.418433e+00 2.432291e+00 2.490920e+00 2.507621e+00 2.568688e+00 5.022319e+00 7.407370e+00 9.666538e+00 2.648147e+00 2.761854e+00 2.798143e+00 7.619915e+00 1.321878e+00 1.787169e+00 2.823351e+00 2.761657e+00 2.675492e+00 2.716580e+00 3.221044e+00 2.983474e+00 3.027274e+00 3.191580e+00 6.226958e+00 8.815714e+00 1.137072e+01 1.795943e+02 1.821587e+02 1.884817e+02 3.813064e+00
-9.999000e+03 -9.999000e+03 -9.999000e+03 -9.999000e+03 -9.999000e+03 -9.999000e+03 -9.999000e+03 -9.999000e+03 -9.999000e+03 -9.999000e+03 -9.999000e+03 -9.999000e+03 -9.999000e+03 3.855855e+00 7.959725e+00 2.425729e+00 2.106878e+00 5.075883e+00 2.004450e+00 2.134308e+00 2.252787e+00 2.317183e+00 2.363910e+00 2.358400e+00 2.457560e+00 2.448660e+00 2.490182e+00 2.557344e+00 2.635271e+00 2.634222e+00 2.499299e+00 2.681924e+00 2.744444e+00 7.952973e+00 7.597612e-01 1.348242e+00 2.696412e+00 2.575525e+00 2.426299e+00 2.450227e+00 2.859689e+00 2.530610e+00 2.574239e+00 2.773388e+00 2.818948e+00 2.529584e+00 2.631275e+00 2.637467e+00 2.631333e+00 5.095133e+00 7.308725e+00 1.942532e+02
-9.999000e+03 -9.999000e+03 -9.999000e+03 -9.999000e+03 -9.999000e+03 -9.999000e+03 -9.999000e+03 -9.999000e+03 -9.999000e+03 -9.999000e+03 -9.999000e+03 -9.999000e+03 1.928696e+00 5.752031e+00 2.519323e+00 2.051224e+00 6.050543e+00 1.802595e+00 1.989221e+00 2.167341e+00 2.255697e+00 2.311776e+00 2.274698e+00 2.436750e+00 2.389942e+00 2.422524e+00 2.470274e+00 2.537873e+00 2.485931e+00 2.278979e+00 2.547383e+00 2.647030e+00 6.430778e+00 1.793397e+00 7.640461e-01 2.528914e+00 2.340705e+00 2.124863e+00 2.133923e+00 2.670016e+00 2.186040e+00 2.219231e+00 2.256349e+00 2.300940e+00 1.953322e+00 2.082919e+00 2.094307e+00 2.108165e+00 2.191144e+00 2.165977e+00 3.806151e+00 5.990933e+00
-9.999000e+03 -9.999000e+03 -9.999000e+03 -9.999000e+03 -9.999000e+03 -9.999000e+03 -9.999000e+03 -9.999000e+03 -9.999000e+03 -9.999000e+03 -9.999000e+03 -9.999000e+03 3.848413e+00 2.620146e+00 2.031268e+00 7.039913e+00 1.523852e+00 1.774965e+00 2.032050e+00 2.161801e+00 2.245013e+00 2.172559e+00 2.454411e+00 2.334067e+00 2.361608e+00 2.399009e+00 2.450360e+00 2.309593e+00 1.995944e+00 2.365857e+00 2.519754e+00 5.811771e+00 7.680596e-01 1.334978e+00 2.325975e+00 2.048762e+00 1.753562e+00 1.749490e+00 2.456446e+00 1.774349e+00 1.797860e+00 1.830674e+00 1.875654e+00 1.432757e+00 1.433611e+00 1.441190e+00 1.451777e+00 1.565103e+00 1.564726e+00 3.568318e+00 2.119055e+00 2.083556e+00
-9.999000e+03 -9.999000e+03 -9.999000e+03 -9.999000e+03 -9.999000e+03 -9.999000e+03 -9.999000e+03 -9.999000e+03 -9.999000e+03 -9.999000e+03 -9.999000e+03 1.926455e+00 2.784491e+00 2.069084e+00 8.029539e+00 1.153554e+00 1.486171e+00 1.845967e+00 2.027853e+00 2.145224e+00 2.019675e+00 2.513543e+00 2.275033e+00 2.302737e+00 2.338174e+00 2.384131e+00 2.111330e+00 1.653970e+00 2.154570e+00 2.382742e+00 2.123653e+00 3.752793e+00 7.489835e-01 2.085231e+00 1.693980e+00 1.302338e+00 1.290982e+00 2.225386e+00 1.292072e+00 1.302160e+00 1.322842e+00 1.364570e+00 7.996048e-01 7.979106e-01 7.998925e-01 8.051747e-01 8.092881e-01 8.125470e-01 3.235173e+00 1.527070e+00 1.511457e+00 1.507355e+00
-9.999000e+03 -9.999000e+03 -9.999000e+03 -9.999000e+03 -9.999000e+03 -9.999000e+03 -9.999000e+03 -9.999000e+03 -9.999000e+03 -9.999000e+03 1.925199e+00 3.833884e+00 2.190753e+00 9.034215e+00 6.563704e-01 1.108661e+00 1.610394e+00 1.862544e+00 2.021548e+00 1.795373e+00 2.619706e+00 2.195276e+00 2.231665e+00 2.274761e+00 2.325316e+00 1.882429e+00 1.240174e+00 1.910041e+00 2.244870e+00 1.873344e+00 1.846427e+00 1.817748e+00 1.803469e+00 1.254240e+00 7.415716e-01 7.289180e-01 1.972080e+00 7.215204e-01 7.231112e-01 7.275666e-01 7.483625e-01 7.801089e-01 1.396412e+00 1.884446e+00 2.275963e+00 2.594962e+00 2.854498e+00 3.063360e+00 8.006381e-01 7.915611e-01 7.913121e-01 8.738914e-01
-9.999000e+03 -9.999000e+03 -9.999000e+03 -9.999000e+03 -9.999000e+03 -9.999000e+03 -9.999000e+03 -9.999000e+03 -9.999000e+03 -9.999000e+03 1.922648e+00 2.374132e+00 9.053905e+00 1.035286e+00 6.251520e-01 1.330336e+00 1.677663e+00 1.893259e+00 1.497638e+00 2.775078e+00 2.100367e+00 2.147336e+00 2.203656e+00 2.265426e+00 1.589102e+00 7.111158e-01 1.608364e+00 2.082634e+00 1.581097e+00 1.550018e+00 1.514162e+00 1.489488e+00 6.998501e-01 7.285530e-01 1.277089e+00 1.673371e+00 7.064702e-01 1.213689e+00 1.591124e+00 1.885454e+00 7.442974e-01 7.774512e-01 1.389260e+00 1.869673e+00 2.250111e+00 2.555172e+00 2.801562e+00 3.000715e+00 3.154794e+00 3.262719e+00 3.337903e+00 3.398287e+00
-9.999000e+03 -9.999000e+03 -9.999000e+03 -9.999000e+03 -9.999000e+03 -9.999000e+03 -9.999000e+03 -9.999000e+03 -9.999000e+03 1.922963e+00 2.649877e+00 8.826853e+00 1.257926e+00 6.142963e-01 1.013619e+00 1.490127e+00 1.783277e+00 1.117035e+00 2.966265e+00 2.001423e+00 2.056678e+00 2.127712e+00 2.201457e+00 1.210044e+00 7.050946e-01 1.218687e+00 1.871888e+00 1.201825e+00 1.185308e+00 1.150393e+00 1.122520e+00 6.794768e-01 1.187988e+00 1.598579e+00 1.924863e+00 2.165229e+00 2.332230e+00 2.439316e+00 7.213086e-01 7.419610e-01 2.163344e+00 1.348299e+00 1.832100e+00 2.208894e+00 2.499846e+00 2.724797e+00 2.902040e+00 3.047078e+00 3.163403e+00 3.251497e+00 3.315614e+00 3.361169e+00
-9.999000e+03 -9.999000e+03 -9.999000e+03 -9.999000e+03 -9.999000e+03 -9.999000e+03 -9.999000e+03 -9.999000e+03 -9.999000e+03 1.926109e+00 8.227752e+00 1.614900e+00 9.935279e-01 6.063723e-01 1.289308e+00 1.705192e+00 6.377115e-01 3.174410e+00 1.920536e+00 1.972315e+00 2.053517e+00 2.131660e+00 6.991806e-01 7.072297e-01 1.222299e+00 1.593977e+00 6.946001e-01 6.908512e-01 6.779876e-01 6.525888e-01 6.541964e-01 1.148216e+00 1.543317e+00 1.869387e+00 2.133600e+00 2.337262e+00 2.486505e+00 7.292678e-01 2.534837e+00 1.298314e+00 1.335328e+00 2.414038e+00 2.623906e+00 2.785376e+00 2.905745e+00 2.997215e+00 3.069348e+00 3.131051e+00 3.184954e+00 3.232644e+00 5.157681e+01 5.338010e+01
-9.999000e+03 -9.999000e+03 -9.999000e+03 -9.999000e+03 -9.999000e+03 -9.999000e+03 -9.999000e+03 -9.999000e+03 3.842715e+00 2.758744e+00 6.369892e+00 1.524973e+00 5.995990e-01 1.009949e+00 1.629640e+00 1.747684e+00 3.391682e+00 1.875888e+00 1.914915e+00 1.999368e+00 2.061803e+00 1.188143e+00 1.564926e+00 1.856309e+00 2.072264e+00 1.091638e+01 1.224579e+01 1.146518e+01 1.062687e+01 9.690874e+00 8.694068e+00 7.688603e+00 6.680657e+00 5.672358e+00 4.666719e+00 3.685865e+00 2.854045e+00 5.073156e+00 5.603384e+00 7.846089e+00 8.783369e+00 9.686730e+00 9.225411e+00 8.732673e+00 8.203675e+00 7.639912e+00 7.040167e+00 6.408499e+00 5.757359e+00 4.982201e+01 3.216310e+00 3.204673e+00
-9.999000e+03 -9.999000e+03 -9.999000e+03 -9.999000e+03 -9.999000e+03 -9.999000e+03 -9.999000e+03 1.924923e+00 3.834477e+00 6.092670e+00 1.070884e+00 1.340136e+00 6.074287e-01 1.509332e+00 1.676709e+00 1.832687e+00 1.870973e+00 1.899588e+00 1.988221e+00 1.996447e+00 6.875821e-01 6.940530e-01 1.202902e+00 8.206552e+00 9.512543e+00 2.085843e+00 1.599723e+00 1.871533e+00 2.056086e+00 2.158037e+00 2.220910e+00 2.287602e+00 2.365705e+00 2.455663e+00 2.549720e+00 2.636128e+00 2.705885e+00 2.752583e+00 2.788478e+00 2.829334e+00 2.871136e+00 2.906174e+00 2.934250e+00 2.955642e+00 2.974898e+00 2.998048e+00 3.018532e+00 3.027303e+00 4.555346e+01 3.242808e+00 3.228331e+00 3.210151e+00
-9.999000e+03 -9.999000e+03 -9.999000e+03 -9.999000e+03 -9.999000e+03 -9.999000e+03 -9.999000e+03 1.921714e+00 7.092360e-01 6.123439e+00 6.334334e-01 1.045219e+00 1.329690e+00 1.557108e+00 1.797756e+00 1.859165e+00 1.909484e+00 2.043744e+00 1.942231e+00 2.023178e+00 3.914016e+00 5.724659e+00 7.487939e+00 1.873033e+00 1.880231e+00 1.225320e+00 7.111816e-01 1.228982e+00 1.605643e+00 1.866515e+00 2.056547e+00 2.215211e+00 2.350519e+00 2.465584e+00 2.561548e+00 2.637275e+00 2.882477e+01 3.025701e+01 3.169944e+01 3.316022e+01 3.463367e+01 3.611178e+01 3.760191e+01 3.598279e+01 3.437264e+01 3.274171e+01 4.294004e+01 4.440684e+01 3.282812e+00 3.262119e+00 3.237857e+00 3.211788e+00
-9.999000e+03 -9.999000e+03 -9.999000e+03 -9.999000e+03 -9.999000e+03 -9.999000e+03 -9.999000e+03 1.882129e-01 5.329748e+00 1.504613e+00 6.123387e-01 1.041717e+00 1.368819e+00 1.725070e+00 1.818464e+00 1.895604e+00 2.150696e+00 1.892120e+00 1.956266e+00 2.019386e+00 2.092788e+00 2.171650e+00 1.594546e+00 1.596789e+00 7.036526e-01 7.146053e-01 1.241847e+00 1.631347e+00 1.916093e+00 2.116534e+00 2.259190e+00 2.369660e+00 2.456816e+00 2.459129e+01 2.608521e+01 2.757261e+01 2.870358e+00 2.924315e+00 2.975699e+00 3.027590e+00 3.079293e+00 3.132456e+00 3.180888e+00 6.221780e+00 9.158704e+00 1.200600e+01 3.322760e+00 3.320572e+00 3.304957e+00 3.276812e+00 3.245965e+00 3.215814e+00
