tests/data/reference/test_implicit_stream_rill_mfda/mqsur_m3_s.asc
ncols	123
nrows	77
xllcorner	-713746.79929998
yllcorner	-1061022.36961616
cellsize	10.0
NODATA_value	-9999
[rows 23 to 45 of 77, columns 52 to 103 of 123]
7.059760e-03 9.266743e-03 9.410546e-03 9.450104e-03 9.436390e-03 9.418581e-03 9.368520e-03 9.259579e-03 9.154387e-03 9.095225e-03 9.025935e-03 8.965816e-03 8.886075e-03 8.744600e-03 8.488732e-03 8.136071e-03 2.355141e-02 7.195215e-03 7.152011e-03 7.203374e-03 7.234378e-03 7.236495e-03 7.005699e-03 7.113781e-03 3.965888e-03 5.767170e-03 2.760683e-02 1.027636e-02 1.680874e-02 7.031676e-03 6.892086e-03 5.924670e-03 3.818444e-03 3.542389e-03 -9.999000e+03 -9.999000e+03 -9.999000e+03 -9.999000e+03 -9.999000e+03 -9.999000e+03 -9.999000e+03 -9.999000e+03 -9.999000e+03 -9.999000e+03 -9.999000e+03 -9.999000e+03 -9.999000e+03 -9.999000e+03 -9.999000e+03 -9.999000e+03 -9.999000e+03 -9.999000e+03
7.146212e-03 8.555980e-03 9.506457e-03 9.501179e-03 9.461216e-03 9.419548e-03 9.360345e-03 9.258957e-03 9.162892e-03 9.111185e-03 9.071450e-03 9.020429e-03 8.928201e-03 8.747286e-03 8.475776e-03 8.118763e-03 2.732344e-02 7.216347e-03 7.342434e-03 7.530899e-03 7.684531e-03 7.792870e-03 7.737113e-03 7.702408e-03 6.224661e-03 6.843651e-03 3.840141e-03 2.603346e-02 8.712428e-03 1.409288e-02 1.085672e-02 6.826382e-03 5.845896e-03 5.437816e-03 3.449562e-03 -9.999000e+03 -9.999000e+03 -9.999000e+03 -9.999000e+03 -9.999000e+03 -9.999000e+03 -9.999000e+03 -9.999000e+03 -9.999000e+03 -9.999000e+03 -9.999000e+03 -9.999000e+03 -9.999000e+03 -9.999000e+03 -9.999000e+03 -9.999000e+03 -9.999000e+03
9.465374e-03 8.642830e-03 9.276100e-03 9.579169e-03 9.472098e-03 9.360999e-03 9.267411e-03 9.200351e-03 9.163426e-03 9.147864e-03 9.122246e-03 9.058143e-03 8.914255e-03 8.685882e-03 8.436504e-03 8.187719e-03 3.066133e-02 7.481941e-03 7.622178e-03 7.837238e-03 8.040623e-03 8.188162e-03 8.191137e-03 8.118919e-03 7.444676e-03 7.548778e-03 6.078718e-03 2.452416e-02 3.908087e-03 7.302478e-03 2.045090e-02 6.812990e-03 6.709925e-03 6.607808e-03 5.612646e-03 3.731553e-03 3.510828e-03 3.489743e-03 -9.999000e+03 -9.999000e+03 -9.999000e+03 -9.999000e+03 -9.999000e+03 -9.999000e+03 -9.999000e+03 -9.999000e+03 -9.999000e+03 -9.999000e+03 -9.999000e+03 -9.999000e+03 -9.999000e+03 -9.999000e+03
7.307117e-03 9.715073e-03 9.327216e-03 9.482782e-03 9.451932e-03 9.291493e-03 9.182371e-03 9.158459e-03 9.171094e-03 9.182136e-03 9.161140e-03 9.070454e-03 8.905425e-03 8.685035e-03 8.455432e-03 8.251609e-03 3.487860e-02 7.703151e-03 7.817443e-03 8.021225e-03 8.226379e-03 8.375688e-03 8.398532e-03 8.343839e-03 8.062716e-03 8.040916e-03 7.390535e-03 2.308976e-02 6.179507e-03 7.001945e-03 1.817429e-02 6.734840e-03 6.989097e-03 7.176221e-03 6.797614e-03 5.794449e-03 5.364482e-03 3.578165e-03 5.139476e-03 3.463574e-03 -9.999000e+03 -9.999000e+03 -9.999000e+03 -9.999000e+03 -9.999000e+03 -9.999000e+03 -9.999000e+03 -9.999000e+03 -9.999000e+03 -9.999000e+03 -9.999000e+03 -9.999000e+03
8.832201e-03 4.552417e-03 9.710920e-03 9.412582e-03 9.331236e-03 9.240524e-03 9.170888e-03 9.171871e-03 9.194588e-03 9.198848e-03 9.169094e-03 9.079507e-03 8.942813e-03 8.773104e-03 8.558098e-03 8.302849e-03 3.921637e-02 7.719453e-03 7.822740e-03 8.014094e-03 8.183069e-03 8.309038e-03 8.348762e-03 8.356711e-03 8.315520e-03 8.352136e-03 8.137385e-03 2.169250e-02 7.490777e-03 7.590158e-03 1.621876e-02 7.036452e-03 7.065753e-03 7.164428e-03 7.086974e-03 6.647942e-03 3.770203e-03 3.645838e-03 5.219447e-03 5.717308e-03 4.988428e-03 8.001179e-03 -9.999000e+03 -9.999000e+03 -9.999000e+03 -9.999000e+03 -9.999000e+03 -9.999000e+03 -9.999000e+03 -9.999000e+03 -9.999000e+03 -9.999000e+03
9.551919e-03 7.247862e-03 9.601265e-03 9.319061e-03 4.363097e-03 9.182787e-03 9.164884e-03 9.196954e-03 9.237050e-03 9.241683e-03 9.200507e-03 9.106771e-03 8.977253e-03 8.817856e-03 8.597070e-03 8.304303e-03 4.353330e-02 7.713768e-03 7.847439e-03 8.039671e-03 8.178321e-03 8.274187e-03 8.308027e-03 8.347337e-03 8.428163e-03 8.554914e-03 8.569504e-03 2.027121e-02 8.229023e-03 8.105009e-03 1.442954e-02 7.419817e-03 7.162251e-03 7.044507e-03 7.006245e-03 6.865811e-03 5.621561e-03 5.433013e-03 3.637004e-03 5.882397e-03 0.000000e+00 1.921255e-02 7.793440e-03 7.569164e-03 -9.999000e+03 -9.999000e+03 -9.999000e+03 -9.999000e+03 -9.999000e+03 -9.999000e+03 -9.999000e+03 -9.999000e+03
9.772855e-03 8.583216e-03 9.452959e-03 9.230842e-03 4.382707e-03 6.887200e-03 9.129080e-03 9.203202e-03 9.294883e-03 9.323563e-03 9.279442e-03 9.162604e-03 8.987959e-03 8.755384e-03 8.475418e-03 8.197490e-03 8.016811e-03 4.705827e-02 8.027048e-03 8.240730e-03 8.380157e-03 8.446353e-03 8.436625e-03 8.436666e-03 8.521766e-03 8.693934e-03 8.815538e-03 1.884790e-02 8.594505e-03 8.416419e-03 1.276044e-02 7.746507e-03 7.387014e-03 7.126078e-03 6.950509e-03 6.822403e-03 6.322172e-03 6.196867e-03 5.437554e-03 0.000000e+00 0.000000e+00 1.545285e-02 7.773408e-03 2.697630e-03 7.313439e-03 -9.999000e+03 -9.999000e+03 -9.999000e+03 -9.999000e+03 -9.999000e+03 -9.999000e+03 -9.999000e+03
9.639518e-03 9.023475e-03 9.264845e-03 9.153866e-03 6.917592e-03 4.389663e-03 8.197147e-03 9.219164e-03 9.313810e-03 9.332489e-03 9.267214e-03 9.115231e-03 8.894271e-03 8.614016e-03 8.341575e-03 8.159995e-03 8.101308e-03 8.163333e-03 5.071420e-02 8.544429e-03 8.655680e-03 8.668759e-03 8.602908e-03 8.557662e-03 8.620510e-03 8.805686e-03 8.947681e-03 1.737307e-02 8.775452e-03 8.627231e-03 1.118085e-02 8.069521e-03 7.708239e-03 7.391326e-03 3.911979e-03 3.817270e-03 6.651659e-03 6.614165e-03 0.000000e+00 0.000000e+00 5.395230e-03 1.125136e-02 6.231685e-03 3.989285e-03 2.800693e-03 7.212430e-03 -9.999000e+03 -9.999000e+03 -9.999000e+03 -9.999000e+03 -9.999000e+03 -9.999000e+03
9.195138e-03 8.911542e-03 9.024856e-03 9.060955e-03 8.196971e-03 6.952429e-03 4.436474e-03 8.902616e-03 9.264332e-03 9.196246e-03 9.059951e-03 8.850394e-03 8.614087e-03 8.404921e-03 8.290825e-03 8.281572e-03 8.346276e-03 8.480257e-03 5.480659e-02 8.881450e-03 8.906569e-03 8.835082e-03 8.718077e-03 8.660953e-03 8.727330e-03 8.901464e-03 8.993452e-03 1.588541e-02 8.868714e-03 8.807028e-03 9.736514e-03 8.422278e-03 8.092280e-03 4.163499e-03 4.047656e-03 3.943199e-03 7.029716e-03 0.000000e+00 0.000000e+00 5.168320e-03 6.042607e-03 8.853526e-03 5.218049e-03 4.311910e-03 4.004296e-03 2.998507e-03 2.838001e-03 -9.999000e+03 -9.999000e+03 -9.999000e+03 -9.999000e+03 -9.999000e+03
8.424456e-03 8.422000e-03 8.622079e-03 8.795836e-03 4.300973e-03 8.709564e-03 8.244077e-03 6.981545e-03 9.053545e-03 9.062329e-03 8.895695e-03 8.684295e-03 8.494401e-03 8.382390e-03 8.374231e-03 8.466460e-03 8.601505e-03 8.751161e-03 5.873475e-02 9.055378e-03 9.000604e-03 8.885918e-03 8.773152e-03 8.749106e-03 8.834663e-03 8.971672e-03 8.974187e-03 1.434057e-02 8.844610e-03 8.854333e-03 8.832949e-03 8.650932e-03 4.276817e-03 4.235594e-03 4.148348e-03 4.054881e-03 0.000000e+00 0.000000e+00 5.586240e-03 6.529271e-03 6.400208e-03 7.195631e-03 3.306393e-03 3.114838e-03 4.637593e-03 4.444530e-03 4.368340e-03 2.972761e-03 7.263731e-03 -9.999000e+03 -9.999000e+03 -9.999000e+03
7.367891e-03 7.605933e-03 7.852344e-03 8.134688e-03 8.412942e-03 6.598522e-03 8.744600e-03 8.653235e-03 8.126950e-03 8.990885e-03 8.945714e-03 8.831627e-03 8.729417e-03 8.661589e-03 8.647479e-03 8.701636e-03 8.788564e-03 8.864929e-03 8.887528e-03 6.233667e-02 8.859189e-03 8.795330e-03 8.774677e-03 8.830477e-03 8.935984e-03 9.008402e-03 8.899216e-03 1.273787e-02 8.669885e-03 8.689155e-03 8.730279e-03 4.268628e-03 4.246122e-03 4.235407e-03 0.000000e+00 0.000000e+00 0.000000e+00 4.329279e-03 7.104163e-03 7.081673e-03 6.758819e-03 3.779232e-03 3.654395e-03 4.836441e-03 5.159184e-03 4.939955e-03 4.766523e-03 3.114514e-03 2.982476e-03 7.646675e-03 -9.999000e+03 -9.999000e+03
1.653916e-01 1.664912e-01 6.888486e-03 7.273560e-03 7.861104e-03 8.227303e-03 7.717769e-03 8.730567e-03 8.824807e-03 8.701149e-03 9.075964e-03 9.089279e-03 9.077959e-03 9.052068e-03 9.018825e-03 8.989792e-03 8.956105e-03 8.900590e-03 8.795577e-03 6.601534e-02 8.550340e-03 8.545894e-03 8.638055e-03 8.783528e-03 8.899974e-03 8.895552e-03 8.686417e-03 1.107322e-02 8.409742e-03 8.431796e-03 8.531346e-03 4.251744e-03 4.248775e-03 0.000000e+00 0.000000e+00 6.757710e-03 4.428534e-03 6.500742e-03 7.679430e-03 7.424302e-03 3.966281e-03 3.904148e-03 3.822560e-03 5.834412e-03 5.649684e-03 5.331483e-03 3.282997e-03 3.298137e-03 3.309136e-03 8.024684e-03 2.915981e-03 7.671423e-03
1.558054e-02 1.326739e-02 1.727712e-01 6.889301e-03 7.288031e-03 7.876849e-03 8.321149e-03 8.359292e-03 8.898024e-03 9.074919e-03 9.136312e-03 9.356376e-03 9.424463e-03 9.439342e-03 9.397169e-03 9.271381e-03 9.064993e-03 8.815042e-03 8.524282e-03 8.207257e-03 6.952157e-02 7.908548e-03 8.111805e-03 8.356390e-03 8.616744e-03 8.530672e-03 8.260758e-03 9.307834e-03 8.099439e-03 8.174983e-03 8.347227e-03 4.260065e-03 0.000000e+00 0.000000e+00 5.974202e-03 8.071037e-03 6.627447e-03 7.551423e-03 7.958370e-03 4.117169e-03 4.053310e-03 3.976089e-03 3.893094e-03 3.781256e-03 6.113040e-03 5.869193e-03 3.601335e-03 5.078048e-03 5.024217e-03 7.098867e-03 3.296089e-03 8.025851e-03
4.096556e-03 6.271046e-03 7.220706e-03 1.720623e-01 1.741021e-01 1.754252e-01 1.771950e-01 8.491418e-03 8.608120e-03 8.870038e-03 9.013997e-03 9.124968e-03 9.231412e-03 9.230150e-03 1.543380e-02 8.923309e-03 8.626308e-03 8.320867e-03 7.989938e-03 7.656650e-03 3.956726e-03 6.821077e-02 1.321993e-02 8.013067e-03 8.037211e-03 7.823591e-03 7.780800e-03 7.706574e-03 7.852152e-03 8.017987e-03 8.249669e-03 0.000000e+00 0.000000e+00 4.259188e-03 7.759829e-03 8.399175e-03 7.654722e-03 8.014540e-03 8.121497e-03 4.164154e-03 4.113818e-03 4.033979e-03 3.953265e-03 3.857008e-03 6.470970e-03 6.269584e-03 5.400787e-03 5.972359e-03 5.894384e-03 6.595768e-03 5.031091e-03 7.168538e-03
7.626164e-03 8.229025e-03 8.411867e-03 8.076011e-03 7.827859e-03 8.023130e-03 8.231647e-03 1.785916e-01 1.801548e-01 1.796676e-01 1.798739e-01 1.797024e-01 1.791944e-01 1.792538e-01 1.799354e-01 1.823639e-01 1.828328e-01 7.390290e-03 7.403942e-03 7.369850e-03 7.388677e-03 6.128397e-03 7.670206e-02 7.832616e-03 7.571819e-03 7.230782e-03 7.117815e-03 7.460927e-03 7.753040e-03 8.017781e-03 0.000000e+00 0.000000e+00 4.320867e-03 4.283822e-03 8.392819e-03 8.470674e-03 8.098337e-03 8.196900e-03 8.200026e-03 4.179509e-03 4.146285e-03 4.075355e-03 4.003866e-03 3.917505e-03 3.811728e-03 3.705768e-03 6.051928e-03 6.238244e-03 6.248908e-03 6.529281e-03 6.014608e-03 6.762892e-03
6.822391e-03 8.120044e-03 8.588626e-03 6.016471e-02 6.259051e-02 6.468890e-02 6.724571e-02 6.876841e-02 7.092093e-02 7.292762e-02 7.483822e-02 7.663685e-02 7.859355e-02 8.021443e-02 8.177452e-02 8.320752e-02 8.209940e-02 2.596170e-01 2.602234e-01 6.655075e-03 6.902279e-03 7.286767e-03 7.595448e-02 7.457282e-03 7.091111e-03 6.784175e-03 6.756752e-03 7.132511e-03 7.768334e-03 0.000000e+00 0.000000e+00 4.316918e-03 4.335558e-03 4.299058e-03 8.600422e-03 8.527265e-03 8.310784e-03 8.309785e-03 4.215781e-03 4.216646e-03 4.190919e-03 4.122575e-03 4.049338e-03 3.972501e-03 3.881242e-03 3.769627e-03 3.668764e-03 6.289642e-03 6.346461e-03 6.537354e-03 6.462629e-03 6.664643e-03
8.573464e-03 5.699040e-02 5.775692e-02 8.663615e-03 8.860836e-03 9.188154e-03 9.453243e-03 9.602766e-03 9.679430e-03 9.700825e-03 9.677726e-03 9.529256e-03 9.372467e-03 9.143763e-03 8.867374e-03 8.579238e-03 1.464155e-02 2.010095e-02 1.777872e-02 2.645024e-01 2.653251e-01 2.660726e-01 2.666775e-01 7.894111e-02 6.545657e-03 6.510737e-03 6.636956e-03 7.137565e-03 0.000000e+00 0.000000e+00 4.353083e-03 6.783261e-03 4.343815e-03 4.305564e-03 8.684370e-03 8.601321e-03 8.457256e-03 8.443140e-03 4.268732e-03 4.272870e-03 4.251254e-03 4.184012e-03 4.096033e-03 4.014154e-03 3.954495e-03 3.880276e-03 3.770075e-03 6.369296e-03 6.342084e-03 6.418802e-03 6.434386e-03 6.499445e-03
5.575392e-02 8.231254e-03 8.487812e-03 8.694965e-03 8.919569e-03 9.197973e-03 9.451228e-03 9.635310e-03 9.768708e-03 9.859797e-03 9.905016e-03 9.899748e-03 9.849399e-03 9.764104e-03 9.651302e-03 9.427608e-03 9.233049e-03 1.497073e-02 1.513400e-02 2.057185e-02 2.529758e-02 2.351474e-02 2.114408e-02 2.778825e-01 8.071551e-02 5.942589e-03 6.448865e-03 3.989117e-03 0.000000e+00 5.941747e-03 6.659410e-03 8.013999e-03 4.365012e-03 6.780914e-03 8.755336e-03 8.675759e-03 8.572848e-03 8.581274e-03 4.309575e-03 4.312875e-03 4.289162e-03 4.229644e-03 4.140053e-03 4.041431e-03 3.991142e-03 3.955086e-03 3.869971e-03 3.764880e-03 6.438245e-03 6.398806e-03 6.367565e-03 6.391460e-03
7.869608e-03 8.110882e-03 8.327102e-03 8.456022e-03 8.595288e-03 8.822137e-03 9.061907e-03 9.258204e-03 9.427318e-03 9.575057e-03 9.691023e-03 9.773346e-03 9.831045e-03 9.876972e-03 9.902863e-03 9.897606e-03 1.626977e-02 9.806571e-03 9.552743e-03 9.114406e-03 8.797930e-03 0.000000e+00 0.000000e+00 0.000000e+00 2.766549e-01 7.846613e-02 5.922275e-03 0.000000e+00 0.000000e+00 7.147123e-03 7.459519e-03 8.496377e-03 4.392529e-03 8.117132e-03 8.854839e-03 8.736836e-03 8.658241e-03 4.319088e-03 4.341799e-03 4.347580e-03 4.314044e-03 4.252692e-03 4.170698e-03 4.063632e-03 4.003839e-03 3.990929e-03 3.952126e-03 3.883584e-03 6.701339e-03 6.594242e-03 6.502727e-03 6.454493e-03
7.752172e-03 7.951775e-03 8.088397e-03 8.150298e-03 8.231396e-03 8.409837e-03 8.608495e-03 8.767574e-03 8.927377e-03 9.114740e-03 9.303619e-03 9.454321e-03 9.583524e-03 9.717623e-03 9.828100e-03 1.778554e-02 9.975165e-03 1.003742e-02 1.003103e-02 9.901726e-03 9.674083e-03 9.601634e-03 9.419305e-03 0.000000e+00 0.000000e+00 0.000000e+00 1.055886e-01 0.000000e+00 3.989933e-03 6.788638e-03 7.352083e-03 8.301093e-03 6.814685e-03 8.669648e-03 8.904300e-03 8.795846e-03 8.748942e-03 4.341536e-03 4.362050e-03 4.380318e-03 4.353091e-03 4.283586e-03 4.197156e-03 4.086076e-03 4.016168e-03 4.000841e-03 3.982297e-03 5.920580e-03 6.968182e-03 6.831709e-03 6.700816e-03 6.625850e-03
7.558859e-03 7.680243e-03 7.766528e-03 7.812229e-03 7.881268e-03 8.020784e-03 8.156519e-03 8.245285e-03 8.360320e-03 8.578263e-03 8.811419e-03 8.999379e-03 9.186096e-03 9.360706e-03 1.878425e-02 9.648406e-03 9.769470e-03 9.902850e-03 1.003385e-02 1.012226e-02 1.009338e-02 1.007106e-02 9.846975e-03 9.445820e-03 8.893080e-03 0.000000e+00 0.000000e+00 0.000000e+00 5.167061e-02 3.333333e+18 1.080953e-02 7.674202e-03 7.643759e-03 8.577787e-03 8.807239e-03 8.847463e-03 8.869005e-03 4.372944e-03 4.379193e-03 4.400642e-03 4.389460e-03 4.325318e-03 4.230143e-03 4.107973e-03 4.027129e-03 3.996737e-03 3.975338e-03 6.837358e-03 7.152424e-03 7.022131e-03 6.874262e-03 6.849361e-03
7.329598e-03 7.397319e-03 7.462243e-03 7.535910e-03 7.628887e-03 7.745286e-03 7.828844e-03 7.812602e-03 7.885131e-03 8.066680e-03 8.274049e-03 8.512103e-03 8.691011e-03 1.985148e-02 9.064058e-03 9.170775e-03 9.256208e-03 9.453361e-03 9.739764e-03 9.812250e-03 9.910640e-03 9.971655e-03 9.939470e-03 9.557675e-03 9.260339e-03 4.940013e-03 0.000000e+00 0.000000e+00 0.000000e+00 0.000000e+00 1.222614e-02 6.768954e-03 7.444670e-03 8.336785e-03 8.676677e-03 8.850667e-03 8.950299e-03 4.398291e-03 4.411098e-03 4.423423e-03 4.417402e-03 4.371072e-03 4.286339e-03 4.166974e-03 4.080637e-03 4.034046e-03 3.999130e-03 7.222582e-03 7.275209e-03 7.197518e-03 7.100670e-03 7.151601e-03
7.117578e-03 7.123399e-03 7.164696e-03 7.279059e-03 7.415142e-03 7.523974e-03 7.440582e-03 7.433135e-03 7.456447e-03 7.556074e-03 7.847639e-03 7.988181e-03 2.087273e-02 8.403433e-03 8.474599e-03 8.404888e-03 8.534681e-03 8.987797e-03 9.020144e-03 9.209847e-03 9.353930e-03 9.513261e-03 9.565670e-03 9.343721e-03 9.074638e-03 0.000000e+00 0.000000e+00 7.042869e-03 8.069684e-03 0.000000e+00 0.000000e+00 0.000000e+00 7.327600e-03 8.234093e-03 8.651473e-03 8.794918e-03 8.942646e-03 4.408148e-03 4.443734e-03 4.449811e-03 4.442213e-03 4.411750e-03 4.350803e-03 4.254595e-03 4.173195e-03 4.112547e-03 4.057103e-03 7.421012e-03 7.358668e-03 7.363283e-03 7.415123e-03 7.548620e-03
