tests/data/reference/test_implicit_stream_rill_mfda/mqsur_m3_s.asc
ncols	123
nrows	77
xllcorner	-713746.79929998
yllcorner	-1061022.36961616
cellsize	10.0
NODATA_value	-9999
[rows 46 to 68 of 77, columns 0 to 51 of 123]
-9.999000e+03 -9.999000e+03 -9.999000e+03 -9.999000e+03 -9.999000e+03 -9.999000e+03 7.704153e-03 6.525072e-03 4.044020e-03 4.191462e-03 2.857528e-03 4.100178e-03 4.673045e-03 4.757564e-03 4.785684e-03 4.775755e-03 4.770954e-03 4.772518e-03 4.878900e-03 5.203682e-03 5.548031e-03 5.130271e-03 5.182460e-03 5.138700e-03 5.726723e-03 6.080752e-03 6.247846e-03 6.190066e-03 6.118793e-03 6.130231e-03 6.151794e-03 2.918470e-02 3.061175e-02 6.439062e-03 6.657976e-03 6.908484e-03 7.175514e-03 7.438991e-03 7.673590e-03 7.884606e-03 8.042503e-03 8.134703e-03 8.207952e-03 8.290240e-03 8.303007e-03 8.208070e-03 8.078264e-03 7.927629e-03 7.708621e-03 7.402228e-03 7.160305e-03 7.082484e-03
-9.999000e+03 -9.999000e+03 -9.999000e+03 -9.999000e+03 -9.999000e+03 -9.999000e+03 3.866986e-03 4.437301e-03 3.963674e-03 4.117198e-03 3.044190e-03 4.566454e-03 4.794923e-03 4.928183e-03 5.016596e-03 4.920689e-03 4.787802e-03 4.666631e-03 4.737467e-03 5.066393e-03 3.456975e-03 3.543710e-03 3.586727e-03 3.583136e-03 5.230677e-03 5.975877e-03 6.256588e-03 2.248729e-02 2.444131e-02 2.626343e-02 2.796228e-02 6.418894e-03 6.476037e-03 6.629072e-03 6.817740e-03 7.000030e-03 7.193048e-03 7.411831e-03 7.631624e-03 7.847565e-03 8.038928e-03 8.196992e-03 8.324174e-03 8.421204e-03 8.451116e-03 8.383025e-03 8.266694e-03 8.134020e-03 7.958610e-03 7.706446e-03 7.443164e-03 7.257914e-03
-9.999000e+03 -9.999000e+03 -9.999000e+03 -9.999000e+03 -9.999000e+03 7.508713e-03 4.086968e-03 5.882768e-03 2.946584e-03 2.987270e-03 4.027117e-03 4.407249e-03 4.661966e-03 4.947040e-03 4.890003e-03 4.957056e-03 4.866017e-03 4.730525e-03 4.776706e-03 5.081271e-03 7.869497e-03 1.046716e-02 1.294395e-02 1.597893e-02 1.762032e-02 1.956366e-02 2.158129e-02 6.472852e-03 6.473834e-03 6.560305e-03 6.596075e-03 6.576244e-03 6.626634e-03 6.730023e-03 6.842350e-03 6.954972e-03 7.100859e-03 7.314705e-03 7.544672e-03 7.755906e-03 7.951787e-03 8.128611e-03 8.274414e-03 8.389425e-03 8.456991e-03 8.451911e-03 8.381036e-03 8.254950e-03 8.103080e-03 7.927177e-03 7.721155e-03 7.487935e-03
-9.999000e+03 -9.999000e+03 -9.999000e+03 -9.999000e+03 1.477552e-02 1.618924e-03 4.189790e-03 5.554213e-03 2.819438e-03 2.728708e-03 3.684569e-03 4.086785e-03 4.752021e-03 4.295669e-03 4.736431e-03 4.913462e-03 4.938675e-03 4.828093e-03 4.869722e-03 5.156732e-03 5.484294e-03 5.786670e-03 6.154892e-03 6.361102e-03 6.603959e-03 6.697850e-03 6.737180e-03 6.753349e-03 6.763609e-03 6.786657e-03 6.785735e-03 6.751910e-03 6.743539e-03 6.765947e-03 6.810353e-03 6.873852e-03 6.992579e-03 7.206266e-03 7.438902e-03 7.645610e-03 7.831479e-03 7.988123e-03 8.116585e-03 8.234165e-03 8.336714e-03 8.402370e-03 8.397263e-03 8.294737e-03 8.167268e-03 8.077111e-03 7.899044e-03 7.680490e-03
-9.999000e+03 -9.999000e+03 -9.999000e+03 -9.999000e+03 8.226779e-03 4.090305e-03 3.864361e-03 3.901756e-03 3.391776e-03 2.560472e-03 3.602765e-03 5.716797e-03 2.927387e-03 4.131416e-03 4.619350e-03 4.878284e-03 4.952808e-03 4.843606e-03 4.890491e-03 5.180148e-03 5.539682e-03 6.114218e-03 6.104247e-03 6.590998e-03 6.845045e-03 6.942697e-03 7.018764e-03 7.097432e-03 7.122159e-03 7.102342e-03 7.085437e-03 7.056344e-03 7.016551e-03 6.979429e-03 6.958475e-03 6.961353e-03 7.017011e-03 7.161658e-03 7.351377e-03 7.557153e-03 7.734356e-03 7.843593e-03 7.924788e-03 8.022877e-03 8.137191e-03 8.247424e-03 8.300828e-03 8.253717e-03 8.186846e-03 7.989069e-03 7.915729e-03 7.705435e-03
-9.999000e+03 -9.999000e+03 -9.999000e+03 7.562254e-03 1.455053e-03 4.313361e-03 2.664637e-03 3.167752e-03 2.443974e-03 3.206511e-03 4.431330e-03 3.575830e-03 2.789605e-03 3.939259e-03 4.481429e-03 4.791213e-03 4.893391e-03 4.815890e-03 4.862238e-03 5.126350e-03 6.359581e-03 5.347076e-03 6.165705e-03 6.622616e-03 6.906481e-03 7.068517e-03 7.206898e-03 7.333997e-03 7.386862e-03 7.360529e-03 7.323473e-03 7.288668e-03 7.248194e-03 7.199653e-03 7.151953e-03 7.125365e-03 7.127095e-03 7.178403e-03 7.306621e-03 7.509850e-03 7.672245e-03 7.723073e-03 7.751988e-03 7.817224e-03 7.915823e-03 8.039496e-03 8.136030e-03 8.163502e-03 7.602368e-03 7.617492e-03 7.556304e-03 7.382601e-03
-9.999000e+03 -9.999000e+03 -9.999000e+03 7.380823e-03 3.853361e-03 3.007382e-03 2.344924e-03 2.120849e-03 2.597898e-03 2.706769e-03 3.465780e-03 3.180675e-03 2.589532e-03 3.664066e-03 4.268707e-03 4.599739e-03 4.728521e-03 4.713174e-03 4.712822e-03 7.716752e-03 3.478663e-03 5.090033e-03 5.817527e-03 6.267335e-03 6.617785e-03 6.882995e-03 7.083030e-03 7.245921e-03 7.328786e-03 7.308392e-03 7.254446e-03 7.207538e-03 7.184838e-03 7.188475e-03 7.208819e-03 7.237679e-03 7.252939e-03 7.245068e-03 7.316022e-03 7.505369e-03 7.657310e-03 7.683705e-03 7.682223e-03 7.697045e-03 7.744329e-03 7.843758e-03 7.961547e-03 6.522313e-03 6.547000e-03 6.535613e-03 6.476536e-03 2.111201e-02
-9.999000e+03 -9.999000e+03 7.170751e-03 5.569410e-04 2.827145e-03 2.709187e-03 1.879585e-03 1.712304e-03 1.846868e-03 1.632521e-03 2.513352e-03 2.638132e-03 2.269361e-03 3.336525e-03 3.983429e-03 4.276490e-03 4.434975e-03 4.484496e-03 5.876987e-03 4.319479e-03 3.147130e-03 4.484597e-03 5.117759e-03 5.596540e-03 6.061573e-03 6.408197e-03 6.675662e-03 6.901187e-03 7.023513e-03 7.025778e-03 6.970896e-03 6.920628e-03 6.929382e-03 7.024224e-03 7.132417e-03 7.247232e-03 7.311062e-03 7.293778e-03 7.318643e-03 7.480604e-03 7.636014e-03 7.686363e-03 7.681390e-03 7.651320e-03 7.651885e-03 7.728344e-03 4.175991e-03 4.221621e-03 4.228483e-03 4.200687e-03 2.318986e-02 7.873808e-03
-9.999000e+03 -9.999000e+03 3.561091e-03 2.743312e-03 2.322567e-03 1.911601e-03 1.544173e-03 1.891634e-03 2.146505e-03 1.101231e-03 1.702734e-03 2.193123e-03 1.969735e-03 3.034013e-03 3.506704e-03 3.677082e-03 3.815076e-03 3.933976e-03 3.805942e-03 4.109367e-03 2.689664e-03 3.647949e-03 4.197905e-03 4.791656e-03 5.245488e-03 5.678507e-03 6.096470e-03 6.396579e-03 6.587602e-03 6.651804e-03 6.626075e-03 6.568052e-03 6.633376e-03 6.744683e-03 6.916758e-03 7.077289e-03 7.185840e-03 7.207850e-03 7.243830e-03 7.383872e-03 7.541639e-03 7.640254e-03 7.669520e-03 7.653411e-03 7.659697e-03 7.755203e-03 7.858178e-03 7.979538e-03 2.145778e-02 2.538116e-02 7.923056e-03 7.898496e-03
-9.999000e+03 6.493888e-03 5.581736e-03 3.401609e-03 2.197190e-03 1.250535e-03 1.992461e-03 1.984668e-03 -9.999000e+03 -9.999000e+03 -9.999000e+03 1.678575e-03 1.829677e-03 2.318948e-03 2.519744e-03 2.530908e-03 2.622250e-03 2.776525e-03 2.616234e-03 2.016550e-03 1.868396e-03 2.401064e-03 3.317269e-03 3.736707e-03 4.204799e-03 4.882983e-03 5.366890e-03 5.732268e-03 5.988379e-03 6.113070e-03 6.120325e-03 6.243379e-03 6.224877e-03 6.413564e-03 6.612490e-03 6.811791e-03 6.954318e-03 7.015505e-03 7.091547e-03 7.246233e-03 7.439341e-03 7.568135e-03 7.636847e-03 7.625236e-03 7.667945e-03 7.829578e-03 1.275991e-02 1.722193e-02 8.089609e-03 7.995619e-03 7.950417e-03 8.002253e-03
-9.999000e+03 1.440903e-02 3.009567e-03 2.185864e-03 1.805026e-03 1.852703e-03 -9.999000e+03 -9.999000e+03 -9.999000e+03 -9.999000e+03 -9.999000e+03 -9.999000e+03 1.952522e-03 2.225085e-03 2.966483e-03 3.222534e-03 2.530419e-03 3.470651e-03 3.504046e-03 2.595794e-03 1.646179e-03 1.693735e-03 2.098879e-03 2.522327e-03 3.504099e-03 4.042579e-03 4.462427e-03 4.817474e-03 5.063033e-03 5.177664e-03 5.804863e-03 5.651418e-03 5.850627e-03 6.045355e-03 6.307231e-03 6.549338e-03 6.703466e-03 6.750343e-03 6.848223e-03 7.141027e-03 7.357659e-03 7.509886e-03 7.488726e-03 7.500476e-03 7.692655e-03 7.800378e-03 7.940682e-03 8.070531e-03 8.044857e-03 7.975815e-03 7.974016e-03 8.151715e-03
7.577666e-03 2.548233e-03 2.627023e-03 1.830493e-03 1.168770e-03 2.221877e-03 -9.999000e+03 -9.999000e+03 -9.999000e+03 -9.999000e+03 -9.999000e+03 -9.999000e+03 -9.999000e+03 -9.999000e+03 -9.999000e+03 2.578901e-03 3.662260e-03 2.714154e-03 2.581488e-03 2.372838e-03 3.408396e-03 -9.999000e+03 -9.999000e+03 2.097755e-03 2.532487e-03 2.772611e-03 3.015830e-03 3.240633e-03 3.348561e-03 5.139036e-03 4.728000e-03 5.226091e-03 5.291193e-03 5.593680e-03 5.915827e-03 6.169092e-03 6.294639e-03 6.316154e-03 6.683486e-03 6.934640e-03 7.228814e-03 7.094838e-03 7.118169e-03 7.549499e-03 7.489684e-03 7.633805e-03 7.912929e-03 7.862182e-03 7.876731e-03 7.813325e-03 7.996819e-03 8.177327e-03
7.109332e-03 1.747288e-03 1.641026e-03 1.634831e-03 2.257398e-03 -9.999000e+03 -9.999000e+03 -9.999000e+03 -9.999000e+03 -9.999000e+03 -9.999000e+03 -9.999000e+03 -9.999000e+03 -9.999000e+03 -9.999000e+03 -9.999000e+03 -9.999000e+03 -9.999000e+03 -9.999000e+03 -9.999000e+03 -9.999000e+03 -9.999000e+03 -9.999000e+03 1.985713e-03 2.429141e-03 2.585331e-03 3.656232e-03 4.295357e-03 4.590292e-03 3.037369e-03 4.447433e-03 4.226748e-03 4.482009e-03 4.864230e-03 5.180912e-03 5.343044e-03 5.420854e-03 6.227579e-03 6.211499e-03 6.581374e-03 6.106549e-03 6.158157e-03 7.384273e-03 6.999997e-03 7.036813e-03 7.570009e-03 7.249596e-03 7.319676e-03 7.325504e-03 7.716818e-03 7.657724e-03 8.145990e-03
-9.999000e+03 2.343307e-03 2.224293e-03 2.577334e-03 -9.999000e+03 -9.999000e+03 -9.999000e+03 -9.999000e+03 -9.999000e+03 -9.999000e+03 -9.999000e+03 -9.999000e+03 -9.999000e+03 -9.999000e+03 -9.999000e+03 -9.999000e+03 -9.999000e+03 -9.999000e+03 -9.999000e+03 -9.999000e+03 -9.999000e+03 -9.999000e+03 -9.999000e+03 -9.999000e+03 -9.999000e+03 -9.999000e+03 2.776151e-03 2.955205e-03 3.981646e-03 3.903970e-03 2.641993e-03 2.810723e-03 3.077322e-03 3.383823e-03 3.516580e-03 3.548047e-03 5.754163e-03 5.212746e-03 5.448694e-03 3.947984e-03 4.029702e-03 7.097151e-03 6.051858e-03 6.045392e-03 7.263115e-03 6.102017e-03 6.138805e-03 6.164030e-03 7.442579e-03 6.965783e-03 7.526959e-03 6.632275e-03
-9.999000e+03 -9.999000e+03 -9.999000e+03 -9.999000e+03 -9.999000e+03 -9.999000e+03 -9.999000e+03 -9.999000e+03 -9.999000e+03 -9.999000e+03 -9.999000e+03 -9.999000e+03 -9.999000e+03 -9.999000e+03 -9.999000e+03 -9.999000e+03 -9.999000e+03 -9.999000e+03 -9.999000e+03 -9.999000e+03 -9.999000e+03 -9.999000e+03 -9.999000e+03 -9.999000e+03 -9.999000e+03 -9.999000e+03 -9.999000e+03 -9.999000e+03 2.856499e-03 3.439678e-03 2.447759e-03 2.612128e-03 2.934628e-03 4.464583e-03 5.170477e-03 5.293216e-03 3.395162e-03 3.557898e-03 3.705339e-03 5.633874e-03 6.561421e-03 3.957980e-03 3.982004e-03 7.073625e-03 4.000936e-03 4.004146e-03 3.992332e-03 7.173931e-03 5.935303e-03 7.116578e-03 4.119709e-03 4.320210e-03
-9.999000e+03 -9.999000e+03 -9.999000e+03 -9.999000e+03 -9.999000e+03 -9.999000e+03 -9.999000e+03 -9.999000e+03 -9.999000e+03 -9.999000e+03 -9.999000e+03 -9.999000e+03 -9.999000e+03 -9.999000e+03 -9.999000e+03 -9.999000e+03 -9.999000e+03 -9.999000e+03 -9.999000e+03 -9.999000e+03 -9.999000e+03 -9.999000e+03 -9.999000e+03 -9.999000e+03 -9.999000e+03 -9.999000e+03 -9.999000e+03 -9.999000e+03 -9.999000e+03 2.544943e-03 3.565075e-03 3.594597e-03 4.036310e-03 3.388118e-03 3.447744e-03 3.296499e-03 3.306290e-03 3.498349e-03 5.217665e-03 6.046435e-03 6.449184e-03 6.633086e-03 6.802231e-03 3.962246e-03 5.991286e-03 6.845711e-03 7.076291e-03 3.868576e-03 6.838586e-03 4.001836e-03 6.194239e-03 7.422586e-03
-9.999000e+03 -9.999000e+03 -9.999000e+03 -9.999000e+03 -9.999000e+03 -9.999000e+03 -9.999000e+03 -9.999000e+03 -9.999000e+03 -9.999000e+03 -9.999000e+03 -9.999000e+03 -9.999000e+03 -9.999000e+03 -9.999000e+03 -9.999000e+03 -9.999000e+03 -9.999000e+03 -9.999000e+03 -9.999000e+03 -9.999000e+03 -9.999000e+03 -9.999000e+03 -9.999000e+03 -9.999000e+03 -9.999000e+03 -9.999000e+03 -9.999000e+03 -9.999000e+03 -9.999000e+03 3.744102e-03 -9.999000e+03 -9.999000e+03 -9.999000e+03 -9.999000e+03 -9.999000e+03 -9.999000e+03 -9.999000e+03 3.630081e-03 5.350779e-03 6.029688e-03 6.213029e-03 6.371162e-03 6.671311e-03 6.935640e-03 7.070978e-03 7.017854e-03 6.736793e-03 3.806614e-03 5.921270e-03 7.046972e-03 7.635873e-03
-9.999000e+03 -9.999000e+03 -9.999000e+03 -9.999000e+03 -9.999000e+03 -9.999000e+03 -9.999000e+03 -9.999000e+03 -9.999000e+03 -9.999000e+03 -9.999000e+03 -9.999000e+03 -9.999000e+03 -9.999000e+03 -9.999000e+03 -9.999000e+03 -9.999000e+03 -9.999000e+03 -9.999000e+03 -9.999000e+03 -9.999000e+03 -9.999000e+03 -9.999000e+03 -9.999000e+03 -9.999000e+03 -9.999000e+03 -9.999000e+03 -9.999000e+03 -9.999000e+03 -9.999000e+03 -9.999000e+03 -9.999000e+03 -9.999000e+03 -9.999000e+03 -9.999000e+03 -9.999000e+03 -9.999000e+03 -9.999000e+03 -9.999000e+03 -9.999000e+03 -9.999000e+03 3.642592e-03 3.701551e-03 3.857320e-03 5.829082e-03 6.641253e-03 6.802104e-03 6.554231e-03 6.535330e-03 6.982590e-03 7.403680e-03 7.559439e-03
-9.999000e+03 -9.999000e+03 -9.999000e+03 -9.999000e+03 -9.999000e+03 -9.999000e+03 -9.999000e+03 -9.999000e+03 -9.999000e+03 -9.999000e+03 -9.999000e+03 -9.999000e+03 -9.999000e+03 -9.999000e+03 -9.999000e+03 -9.999000e+03 -9.999000e+03 -9.999000e+03 -9.999000e+03 -9.999000e+03 -9.999000e+03 -9.999000e+03 -9.999000e+03 -9.999000e+03 -9.999000e+03 -9.999000e+03 -9.999000e+03 -9.999000e+03 -9.999000e+03 -9.999000e+03 -9.999000e+03 -9.999000e+03 -9.999000e+03 -9.999000e+03 -9.999000e+03 -9.999000e+03 -9.999000e+03 -9.999000e+03 -9.999000e+03 -9.999000e+03 -9.999000e+03 -9.999000e+03 -9.999000e+03 -9.999000e+03 3.960949e-03 3.924169e-03 5.755550e-03 6.282781e-03 3.812206e-03 5.972018e-03 7.001212e-03 7.167101e-03
-9.999000e+03 -9.999000e+03 -9.999000e+03 -9.999000e+03 -9.999000e+03 -9.999000e+03 -9.999000e+03 -9.999000e+03 -9.999000e+03 -9.999000e+03 -9.999000e+03 -9.999000e+03 -9.999000e+03 -9.999000e+03 -9.999000e+03 -9.999000e+03 -9.999000e+03 -9.999000e+03 -9.999000e+03 -9.999000e+03 -9.999000e+03 -9.999000e+03 -9.999000e+03 -9.999000e+03 -9.999000e+03 -9.999000e+03 -9.999000e+03 -9.999000e+03 -9.999000e+03 -9.999000e+03 -9.999000e+03 -9.999000e+03 -9.999000e+03 -9.999000e+03 -9.999000e+03 -9.999000e+03 -9.999000e+03 -9.999000e+03 -9.999000e+03 -9.999000e+03 -9.999000e+03 -9.999000e+03 -9.999000e+03 -9.999000e+03 -9.999000e+03 -9.999000e+03 -9.999000e+03 -9.999000e+03 -9.999000e+03 -9.999000e+03 4.051739e-03 5.785730e-03
-9.999000e+03 -9.999000e+03 -9.999000e+03 -9.999000e+03 -9.999000e+03 -9.999000e+03 -9.999000e+03 -9.999000e+03 -9.999000e+03 -9.999000e+03 -9.999000e+03 -9.999000e+03 -9.999000e+03 -9.999000e+03 -9.999000e+03 -9.999000e+03 -9.999000e+03 -9.999000e+03 -9.999000e+03 -9.999000e+03 -9.999000e+03 -9.999000e+03 -9.999000e+03 -9.999000e+03 -9.999000e+03 -9.999000e+03 -9.999000e+03 -9.999000e+03 -9.999000e+03 -9.999000e+03 -9.999000e+03 -9.999000e+03 -9.999000e+03 -9.999000e+03 -9.999000e+03 -9.999000e+03 -9.999000e+03 -9.999000e+03 -9.999000e+03 -9.999000e+03 -9.999000e+03 -9.999000e+03 -9.999000e+03 -9.999000e+03 -9.999000e+03 -9.999000e+03 -9.999000e+03 -9.999000e+03 -9.999000e+03 -9.999000e+03 -9.999000e+03 3.728050e-03
-9.999000e+03 -9.999000e+03 -9.999000e+03 -9.999000e+03 -9.999000e+03 -9.999000e+03 -9.999000e+03 -9.999000e+03 -9.999000e+03 -9.999000e+03 -9.999000e+03 -9.999000e+03 -9.999000e+03 -9.999000e+03 -9.999000e+03 -9.999000e+03 -9.999000e+03 -9.999000e+03 -9.999000e+03 -9.999000e+03 -9.999000e+03 -9.999000e+03 -9.999000e+03 -9.999000e+03 -9.999000e+03 -9.999000e+03 -9.999000e+03 -9.999000e+03 -9.999000e+03 -9.999000e+03 -9.999000e+03 -9.999000e+03 -9.999000e+03 -9.999000e+03 -9.999000e+03 -9.999000e+03 -9.999000e+03 -9.999000e+03 -9.999000e+03 -9.999000e+03 -9.999000e+03 -9.999000e+03 -9.999000e+03 -9.999000e+03 -9.999000e+03 -9.999000e+03 -9.999000e+03 -9.999000e+03 -9.999000e+03 -9.999000e+03 -9.999000e+03 -9.999000e+03
-9.999000e+03 -9.999000e+03 -9.999000e+03 -9.999000e+03 -9.999000e+03 -9.999000e+03 -9.999000e+03 -9.999000e+03 -9.999000e+03 -9.999000e+03 -9.999000e+03 -9.999000e+03 -9.999000e+03 -9.999000e+03 -9.999000e+03 -9.999000e+03 -9.999000e+03 -9.999000e+03 -9.999000e+03 -9.999000e+03 -9.999000e+03 -9.999000e+03 -9.999000e+03 -9.999000e+03 -9.999000e+03 -9.999000e+03 -9.999000e+03 -9.999000e+03 -9.999000e+03 -9.999000e+03 -9.999000e+03 -9.999000e+03 -9.999000e+03 -9.999000e+03 -9.999000e+03 -9.999000e+03 -9.999000e+03 -9.999000e+03 -9.999000e+03 -9.999000e+03 -9.999000e+03 -9.999000e+03 -9.999000e+03 -9.999000e+03 -9.999000e+03 -9.999000e+03 -9.999000e+03 -9.999000e+03 -9.999000e+03 -9.999000e+03 -9.999000e+03 -9.999000e+03
