tests/data/reference/test_implicit_stream_rill_mfda/mqsur_m3_s.asc
ncols	123
nrows	77
xllcorner	-713746.79929998
yllcorner	-1061022.36961616
cellsize	10.0
NODATA_value	-9999
[rows 46 to 68 of 77, columns 0 to 51 of 123]
-9.999000e+03 -9.999000e+03 -9.999000e+03 -9.999000e+03 -9.999000e+03 -9.999000e+03 7.718498e-03 6.578801e-03 4.044755e-03 4.192445e-03 2.864931e-03 4.106280e-03 4.673081e-03 4.756735e-03 4.784277e-03 4.773620e-03 4.769088e-03 4.770696e-03 4.877742e-03 5.203697e-03 5.548679e-03 5.141367e-03 5.193809e-03 5.149786e-03 5.732131e-03 6.082430e-03 6.247668e-03 6.188430e-03 6.116484e-03 6.128095e-03 6.149899e-03 2.955120e-02 3.098483e-02 6.436460e-03 6.655894e-03 6.906910e-03 7.174519e-03 7.438576e-03 7.673563e-03 7.884676e-03 8.042321e-03 8.134019e-03 8.206755e-03 8.288641e-03 8.300850e-03 8.205072e-03 8.074467e-03 7.923186e-03 7.703515e-03 7.396426e-03 7.154319e-03 7.077010e-03
-9.999000e+03 -9.999000e+03 -9.999000e+03 -9.999000e+03 -9.999000e+03 -9.999000e+03 3.895146e-03 4.448932e-03 3.969249e-03 4.123440e-03 3.052543e-03 4.569311e-03 4.796188e-03 4.928692e-03 5.015504e-03 4.920656e-03 4.786198e-03 4.664435e-03 4.735642e-03 5.065696e-03 3.467540e-03 3.554755e-03 3.598010e-03 3.594400e-03 5.242283e-03 5.982436e-03 6.258573e-03 2.276890e-02 2.475409e-02 2.660083e-02 2.831771e-02 6.415374e-03 6.472763e-03 6.626363e-03 6.815635e-03 6.998462e-03 7.192034e-03 7.411413e-03 7.631641e-03 7.847745e-03 8.039063e-03 8.196969e-03 8.323892e-03 8.420636e-03 8.450160e-03 8.381379e-03 8.264201e-03 8.130711e-03 7.954541e-03 7.701674e-03 7.437887e-03 7.252426e-03
-9.999000e+03 -9.999000e+03 -9.999000e+03 -9.999000e+03 -9.999000e+03 7.524079e-03 4.082127e-03 5.910904e-03 2.954436e-03 2.995329e-03 4.033246e-03 4.410216e-03 4.663306e-03 4.944636e-03 4.893559e-03 4.957678e-03 4.864972e-03 4.728486e-03 4.774822e-03 5.080441e-03 7.895435e-03 1.054618e-02 1.306710e-02 1.610815e-02 1.779448e-02 1.978258e-02 2.184717e-02 6.469146e-03 6.469839e-03 6.556342e-03 6.592065e-03 6.572172e-03 6.622842e-03 6.726702e-03 6.839518e-03 6.952610e-03 7.099050e-03 7.313615e-03 7.544186e-03 7.755747e-03 7.951789e-03 8.128605e-03 8.274260e-03 8.389200e-03 8.456725e-03 8.451327e-03 8.379785e-03 8.252790e-03 8.100058e-03 7.923510e-03 7.716867e-03 7.483782e-03
-9.999000e+03 -9.999000e+03 -9.999000e+03 -9.999000e+03 1.480715e-02 1.625713e-03 4.191507e-03 5.562008e-03 2.826652e-03 2.735478e-03 3.689395e-03 4.087605e-03 4.744296e-03 4.302835e-03 4.739757e-03 4.914450e-03 4.938228e-03 4.826525e-03 4.868243e-03 5.156214e-03 5.484389e-03 5.786884e-03 6.152304e-03 6.363262e-03 6.603823e-03 6.696347e-03 6.734787e-03 6.750303e-03 6.760008e-03 6.782675e-03 6.781524e-03 6.747593e-03 6.739325e-03 6.761986e-03 6.806727e-03 6.870604e-03 6.989856e-03 7.204316e-03 7.437662e-03 7.644887e-03 7.831059e-03 7.987673e-03 8.115990e-03 8.233687e-03 8.336493e-03 8.402224e-03 8.396815e-03 8.293498e-03 8.165167e-03 8.074454e-03 7.898846e-03 7.679307e-03
-9.999000e+03 -9.999000e+03 -9.999000e+03 -9.999000e+03 8.234793e-03 4.087385e-03 3.869832e-03 3.904162e-03 3.395557e-03 2.566448e-03 3.603465e-03 5.739728e-03 2.935141e-03 4.137957e-03 4.622739e-03 4.879851e-03 4.952973e-03 4.842553e-03 4.889455e-03 5.180006e-03 5.540404e-03 6.107974e-03 6.111567e-03 6.594888e-03 6.847145e-03 6.943517e-03 7.018581e-03 7.096468e-03 7.120418e-03 7.099852e-03 7.082512e-03 7.053267e-03 7.013470e-03 6.976404e-03 6.955521e-03 6.958449e-03 7.014232e-03 7.159247e-03 7.349492e-03 7.555902e-03 7.733503e-03 7.842598e-03 7.923547e-03 8.021757e-03 8.136421e-03 8.247022e-03 8.300526e-03 8.252955e-03 8.185411e-03 7.995253e-03 7.921437e-03 7.710101e-03
-9.999000e+03 -9.999000e+03 -9.999000e+03 7.577390e-03 1.464186e-03 4.312063e-03 2.671100e-03 3.171163e-03 2.449421e-03 3.207925e-03 4.434348e-03 3.576425e-03 2.796672e-03 3.945176e-03 4.485094e-03 4.793335e-03 4.894163e-03 4.815609e-03 4.861865e-03 5.126806e-03 6.381027e-03 5.359383e-03 6.174137e-03 6.628507e-03 6.911339e-03 7.072373e-03 7.209654e-03 7.335979e-03 7.387929e-03 7.360498e-03 7.322706e-03 7.287591e-03 7.247045e-03 7.198466e-03 7.150610e-03 7.123678e-03 7.125038e-03 7.176123e-03 7.304536e-03 7.508420e-03 7.671236e-03 7.721751e-03 7.750242e-03 7.815428e-03 7.914303e-03 8.038471e-03 8.135363e-03 8.162691e-03 7.616562e-03 7.631695e-03 7.570126e-03 7.395432e-03
-9.999000e+03 -9.999000e+03 -9.999000e+03 7.396620e-03 3.856282e-03 3.010606e-03 2.349938e-03 2.124937e-03 2.600003e-03 2.709002e-03 3.463449e-03 3.181517e-03 2.595642e-03 3.669258e-03 4.272414e-03 4.602041e-03 4.730064e-03 4.714109e-03 4.713479e-03 7.770062e-03 3.489347e-03 5.101119e-03 5.825584e-03 6.274349e-03 6.624622e-03 6.888864e-03 7.088268e-03 7.250365e-03 7.331915e-03 7.310194e-03 7.255211e-03 7.207745e-03 7.184925e-03 7.188688e-03 7.208854e-03 7.237481e-03 7.252179e-03 7.243657e-03 7.314459e-03 7.504339e-03 7.656627e-03 7.682625e-03 7.680559e-03 7.695007e-03 7.742263e-03 7.842040e-03 7.960215e-03 6.541809e-03 6.566695e-03 6.555243e-03 6.495770e-03 2.162998e-02
-9.999000e+03 -9.999000e+03 7.181694e-03 5.572446e-04 2.829673e-03 2.711961e-03 1.882768e-03 1.714919e-03 1.849936e-03 1.634883e-03 2.512357e-03 2.638677e-03 2.274054e-03 3.340867e-03 3.986692e-03 4.279521e-03 4.438114e-03 4.487598e-03 5.890196e-03 4.318660e-03 3.156022e-03 4.493011e-03 5.124908e-03 5.604355e-03 6.068689e-03 6.415482e-03 6.682640e-03 6.906771e-03 7.027939e-03 7.028908e-03 6.972857e-03 6.921903e-03 6.930628e-03 7.025111e-03 7.133763e-03 7.248373e-03 7.311690e-03 7.293537e-03 7.317917e-03 7.480203e-03 7.635915e-03 7.685907e-03 7.680139e-03 7.649343e-03 7.649575e-03 7.726319e-03 4.190568e-03 4.236450e-03 4.243349e-03 4.215400e-03 2.367585e-02 7.870689e-03
-9.999000e+03 -9.999000e+03 3.600261e-03 2.744965e-03 2.327485e-03 1.914899e-03 1.546268e-03 1.894860e-03 2.147101e-03 1.099825e-03 1.705318e-03 2.194122e-03 1.973245e-03 3.037426e-03 3.511143e-03 3.681935e-03 3.820517e-03 3.939822e-03 3.811010e-03 4.110504e-03 2.696247e-03 3.653832e-03 4.205345e-03 4.798062e-03 5.252741e-03 5.686497e-03 6.103115e-03 6.402816e-03 6.593385e-03 6.656772e-03 6.630154e-03 6.571545e-03 6.634497e-03 6.746836e-03 6.918732e-03 7.079236e-03 7.187230e-03 7.208365e-03 7.243847e-03 7.384170e-03 7.542226e-03 7.640162e-03 7.668631e-03 7.651706e-03 7.658138e-03 7.753942e-03 7.856487e-03 7.977927e-03 2.177006e-02 2.580073e-02 7.920156e-03 7.895661e-03
-9.999000e+03 6.509849e-03 5.649738e-03 3.401383e-03 2.201585e-03 1.251851e-03 1.996055e-03 1.988233e-03 -9.999000e+03 -9.999000e+03 -9.999000e+03 1.681082e-03 1.832686e-03 2.323850e-03 2.525532e-03 2.536748e-03 2.628513e-03 2.783528e-03 2.622469e-03 2.020235e-03 1.871540e-03 2.406321e-03 3.322080e-03 3.742529e-03 4.212073e-03 4.888913e-03 5.373565e-03 5.739770e-03 5.996361e-03 6.121064e-03 6.128074e-03 6.245106e-03 6.228353e-03 6.415862e-03 6.615381e-03 6.814473e-03 6.956404e-03 7.016891e-03 7.092793e-03 7.247950e-03 7.440161e-03 7.568690e-03 7.636507e-03 7.625709e-03 7.668473e-03 7.828306e-03 1.283925e-02 1.742386e-02 8.088153e-03 7.994163e-03 7.948679e-03 8.000863e-03
-9.999000e+03 1.443926e-02 3.007605e-03 2.190213e-03 1.807950e-03 1.855792e-03 -9.999000e+03 -9.999000e+03 -9.999000e+03 -9.999000e+03 -9.999000e+03 -9.999000e+03 1.955968e-03 2.229594e-03 2.969001e-03 3.222958e-03 2.536256e-03 3.474626e-03 3.504212e-03 2.593001e-03 1.648583e-03 1.696290e-03 2.102881e-03 2.528128e-03 3.508904e-03 4.049061e-03 4.470615e-03 4.827213e-03 5.073894e-03 5.189085e-03 5.806910e-03 5.657774e-03 5.853168e-03 6.049608e-03 6.311760e-03 6.553742e-03 6.707511e-03 6.754078e-03 6.852207e-03 7.142438e-03 7.360256e-03 7.511898e-03 7.493585e-03 7.505193e-03 7.691606e-03 7.801884e-03 7.942677e-03 8.070276e-03 8.046692e-03 7.977127e-03 7.975291e-03 8.151184e-03
7.592729e-03 2.578854e-03 2.629344e-03 1.833504e-03 1.169900e-03 2.226373e-03 -9.999000e+03 -9.999000e+03 -9.999000e+03 -9.999000e+03 -9.999000e+03 -9.999000e+03 -9.999000e+03 -9.999000e+03 -9.999000e+03 2.584962e-03 3.662736e-03 2.720854e-03 2.587561e-03 2.377973e-03 3.405243e-03 -9.999000e+03 -9.999000e+03 2.101753e-03 2.538334e-03 2.779595e-03 3.024036e-03 3.250023e-03 3.358532e-03 5.140096e-03 4.737243e-03 5.228277e-03 5.297080e-03 5.600415e-03 5.923288e-03 6.177020e-03 6.302867e-03 6.324396e-03 6.684811e-03 6.939655e-03 7.234388e-03 7.106405e-03 7.129711e-03 7.549178e-03 7.494675e-03 7.639479e-03 7.913171e-03 7.868830e-03 7.883371e-03 7.819602e-03 7.996722e-03 8.180700e-03
7.125604e-03 1.750017e-03 1.643414e-03 1.637200e-03 2.262041e-03 -9.999000e+03 -9.999000e+03 -9.999000e+03 -9.999000e+03 -9.999000e+03 -9.999000e+03 -9.999000e+03 -9.999000e+03 -9.999000e+03 -9.999000e+03 -9.999000e+03 -9.999000e+03 -9.999000e+03 -9.999000e+03 -9.999000e+03 -9.999000e+03 -9.999000e+03 -9.999000e+03 1.989282e-03 2.434523e-03 2.591422e-03 3.660902e-03 4.297901e-03 4.591025e-03 3.045687e-03 4.447936e-03 4.233949e-03 4.490246e-03 4.874155e-03 5.192330e-03 5.355313e-03 5.433557e-03 6.228652e-03 6.219604e-03 6.590978e-03 6.123331e-03 6.175295e-03 7.385650e-03 7.011003e-03 7.047974e-03 7.569776e-03 7.261923e-03 7.332403e-03 7.338298e-03 7.716438e-03 7.663887e-03 8.147872e-03
-9.999000e+03 2.348314e-03 2.228799e-03 2.583388e-03 -9.999000e+03 -9.999000e+03 -9.999000e+03 -9.999000e+03 -9.999000e+03 -9.999000e+03 -9.999000e+03 -9.999000e+03 -9.999000e+03 -9.999000e+03 -9.999000e+03 -9.999000e+03 -9.999000e+03 -9.999000e+03 -9.999000e+03 -9.999000e+03 -9.999000e+03 -9.999000e+03 -9.999000e+03 -9.999000e+03 -9.999000e+03 -9.999000e+03 2.783152e-03 2.963100e-03 3.987293e-03 3.904204e-03 2.648349e-03 2.817894e-03 3.085847e-03 3.393986e-03 3.527474e-03 3.559116e-03 5.754617e-03 5.224336e-03 5.461554e-03 3.961290e-03 4.043466e-03 7.101571e-03 6.068311e-03 6.061816e-03 7.262578e-03 6.118795e-03 6.155810e-03 6.181184e-03 7.441709e-03 6.976769e-03 7.527286e-03 6.652395e-03
-9.999000e+03 -9.999000e+03 -9.999000e+03 -9.999000e+03 -9.999000e+03 -9.999000e+03 -9.999000e+03 -9.999000e+03 -9.999000e+03 -9.999000e+03 -9.999000e+03 -9.999000e+03 -9.999000e+03 -9.999000e+03 -9.999000e+03 -9.999000e+03 -9.999000e+03 -9.999000e+03 -9.999000e+03 -9.999000e+03 -9.999000e+03 -9.999000e+03 -9.999000e+03 -9.999000e+03 -9.999000e+03 -9.999000e+03 -9.999000e+03 -9.999000e+03 2.863897e-03 3.443131e-03 2.453223e-03 2.618344e-03 2.942419e-03 4.472580e-03 5.175041e-03 5.293907e-03 3.405388e-03 3.569021e-03 3.717284e-03 5.647784e-03 6.570570e-03 3.971342e-03 3.995501e-03 7.073098e-03 4.014540e-03 4.017767e-03 4.005887e-03 7.173436e-03 5.951021e-03 7.115529e-03 4.133974e-03 4.335577e-03
-9.999000e+03 -9.999000e+03 -9.999000e+03 -9.999000e+03 -9.999000e+03 -9.999000e+03 -9.999000e+03 -9.999000e+03 -9.999000e+03 -9.999000e+03 -9.999000e+03 -9.999000e+03 -9.999000e+03 -9.999000e+03 -9.999000e+03 -9.999000e+03 -9.999000e+03 -9.999000e+03 -9.999000e+03 -9.999000e+03 -9.999000e+03 -9.999000e+03 -9.999000e+03 -9.999000e+03 -9.999000e+03 -9.999000e+03 -9.999000e+03 -9.999000e+03 -9.999000e+03 2.550847e-03 3.565199e-03 3.599204e-03 4.042644e-03 3.398305e-03 3.458258e-03 3.306189e-03 3.316032e-03 3.509142e-03 5.229231e-03 6.053506e-03 6.452023e-03 6.633332e-03 6.801497e-03 3.975633e-03 6.007372e-03 6.855849e-03 7.079498e-03 3.881437e-03 6.835953e-03 4.015445e-03 6.211583e-03 7.435925e-03
-9.999000e+03 -9.999000e+03 -9.999000e+03 -9.999000e+03 -9.999000e+03 -9.999000e+03 -9.999000e+03 -9.999000e+03 -9.999000e+03 -9.999000e+03 -9.999000e+03 -9.999000e+03 -9.999000e+03 -9.999000e+03 -9.999000e+03 -9.999000e+03 -9.999000e+03 -9.999000e+03 -9.999000e+03 -9.999000e+03 -9.999000e+03 -9.999000e+03 -9.999000e+03 -9.999000e+03 -9.999000e+03 -9.999000e+03 -9.999000e+03 -9.999000e+03 -9.999000e+03 -9.999000e+03 3.749209e-03 -9.999000e+03 -9.999000e+03 -9.999000e+03 -9.999000e+03 -9.999000e+03 -9.999000e+03 -9.999000e+03 3.641605e-03 5.363056e-03 6.036353e-03 6.214515e-03 6.370566e-03 6.670873e-03 6.935479e-03 7.070338e-03 7.016051e-03 6.733468e-03 3.819128e-03 5.936891e-03 7.058536e-03 7.642017e-03
-9.999000e+03 -9.999000e+03 -9.999000e+03 -9.999000e+03 -9.999000e+03 -9.999000e+03 -9.999000e+03 -9.999000e+03 -9.999000e+03 -9.999000e+03 -9.999000e+03 -9.999000e+03 -9.999000e+03 -9.999000e+03 -9.999000e+03 -9.999000e+03 -9.999000e+03 -9.999000e+03 -9.999000e+03 -9.999000e+03 -9.999000e+03 -9.999000e+03 -9.999000e+03 -9.999000e+03 -9.999000e+03 -9.999000e+03 -9.999000e+03 -9.999000e+03 -9.999000e+03 -9.999000e+03 -9.999000e+03 -9.999000e+03 -9.999000e+03 -9.999000e+03 -9.999000e+03 -9.999000e+03 -9.999000e+03 -9.999000e+03 -9.999000e+03 -9.999000e+03 -9.999000e+03 3.654186e-03 3.713475e-03 3.870118e-03 5.844159e-03 6.650493e-03 6.804583e-03 6.552106e-03 6.532483e-03 6.981880e-03 7.404492e-03 7.559588e-03
-9.999000e+03 -9.999000e+03 -9.999000e+03 -9.999000e+03 -9.999000e+03 -9.999000e+03 -9.999000e+03 -9.999000e+03 -9.999000e+03 -9.999000e+03 -9.999000e+03 -9.999000e+03 -9.999000e+03 -9.999000e+03 -9.999000e+03 -9.999000e+03 -9.999000e+03 -9.999000e+03 -9.999000e+03 -9.999000e+03 -9.999000e+03 -9.999000e+03 -9.999000e+03 -9.999000e+03 -9.999000e+03 -9.999000e+03 -9.999000e+03 -9.999000e+03 -9.999000e+03 -9.999000e+03 -9.999000e+03 -9.999000e+03 -9.999000e+03 -9.999000e+03 -9.999000e+03 -9.999000e+03 -9.999000e+03 -9.999000e+03 -9.999000e+03 -9.999000e+03 -9.999000e+03 -9.999000e+03 -9.999000e+03 -9.999000e+03 3.974328e-03 3.937342e-03 5.770199e-03 6.290020e-03 3.824751e-03 5.987944e-03 7.012517e-03 7.170858e-03
-9.999000e+03 -9.999000e+03 -9.999000e+03 -9.999000e+03 -9.999000e+03 -9.999000e+03 -9.999000e+03 -9.999000e+03 -9.999000e+03 -9.999000e+03 -9.999000e+03 -9.999000e+03 -9.999000e+03 -9.999000e+03 -9.999000e+03 -9.999000e+03 -9.999000e+03 -9.999000e+03 -9.999000e+03 -9.999000e+03 -9.999000e+03 -9.999000e+03 -9.999000e+03 -9.999000e+03 -9.999000e+03 -9.999000e+03 -9.999000e+03 -9.999000e+03 -9.999000e+03 -9.999000e+03 -9.999000e+03 -9.999000e+03 -9.999000e+03 -9.999000e+03 -9.999000e+03 -9.999000e+03 -9.999000e+03 -9.999000e+03 -9.999000e+03 -9.999000e+03 -9.999000e+03 -9.999000e+03 -9.999000e+03 -9.999000e+03 -9.999000e+03 -9.999000e+03 -9.999000e+03 -9.999000e+03 -9.999000e+03 -9.999000e+03 4.065626e-03 5.800598e-03
-9.999000e+03 -9.999000e+03 -9.999000e+03 -9.999000e+03 -9.999000e+03 -9.999000e+03 -9.999000e+03 -9.999000e+03 -9.999000e+03 -9.999000e+03 -9.999000e+03 -9.999000e+03 -9.999000e+03 -9.999000e+03 -9.999000e+03 -9.999000e+03 -9.999000e+03 -9.999000e+03 -9.999000e+03 -9.999000e+03 -9.999000e+03 -9.999000e+03 -9.999000e+03 -9.999000e+03 -9.999000e+03 -9.999000e+03 -9.999000e+03 -9.999000e+03 -9.999000e+03 -9.999000e+03 -9.999000e+03 -9.999000e+03 -9.999000e+03 -9.999000e+03 -9.999000e+03 -9.999000e+03 -9.999000e+03 -9.999000e+03 -9.999000e+03 -9.999000e+03 -9.999000e+03 -9.999000e+03 -9.999000e+03 -9.999000e+03 -9.999000e+03 -9.999000e+03 -9.999000e+03 -9.999000e+03 -9.999000e+03 -9.999000e+03 -9.999000e+03 3.740123e-03
-9.999000e+03 -9.999000e+03 -9.999000e+03 -9.999000e+03 -9.999000e+03 -9.999000e+03 -9.999000e+03 -9.999000e+03 -9.999000e+03 -9.999000e+03 -9.999000e+03 -9.999000e+03 -9.999000e+03 -9.999000e+03 -9.999000e+03 -9.999000e+03 -9.999000e+03 -9.999000e+03 -9.999000e+03 -9.999000e+03 -9.999000e+03 -9.999000e+03 -9.999000e+03 -9.999000e+03 -9.999000e+03 -9.999000e+03 -9.999000e+03 -9.999000e+03 -9.999000e+03 -9.999000e+03 -9.999000e+03 -9.999000e+03 -9.999000e+03 -9.999000e+03 -9.999000e+03 -9.999000e+03 -9.999000e+03 -9.999000e+03 -9.999000e+03 -9.999000e+03 -9.999000e+03 -9.999000e+03 -9.999000e+03 -9.999000e+03 -9.999000e+03 -9.999000e+03 -9.999000e+03 -9.999000e+03 -9.999000e+03 -9.999000e+03 -9.999000e+03 -9.999000e+03
-9.999000e+03 -9.999000e+03 -9.999000e+03 -9.999000e+03 -9.999000e+03 -9.999000e+03 -9.999000e+03 -9.999000e+03 -9.999000e+03 -9.999000e+03 -9.999000e+03 -9.999000e+03 -9.999000e+03 -9.999000e+03 -9.999000e+03 -9.999000e+03 -9.999000e+03 -9.999000e+03 -9.999000e+03 -9.999000e+03 -9.999000e+03 -9.999000e+03 -9.999000e+03 -9.999000e+03 -9.999000e+03 -9.999000e+03 -9.999000e+03 -9.999000e+03 -9.999000e+03 -9.999000e+03 -9.999000e+03 -9.999000e+03 -9.999000e+03 -9.999000e+03 -9.999000e+03 -9.999000e+03 -9.999000e+03 -9.999000e+03 -9.999000e+03 -9.999000e+03 -9.999000e+03 -9.999000e+03 -9.999000e+03 -9.999000e+03 -9.999000e+03 -9.999000e+03 -9.999000e+03 -9.999000e+03 -9.999000e+03 -9.999000e+03 -9.999000e+03 -9.999000e+03
