tests/data/reference/test_implicit_stream_rill_mfda/mqsur_m3_s.asc
ncols	123
nrows	77
xllcorner	-713746.79929998
yllcorner	-1061022.36961616
cellsize	10.0
NODATA_value	-9999
[rows 23 to 45 of 77, columns 52 to 103 of 123]
7.210433e-03 9.304592e-03 9.432550e-03 9.461350e-03 9.442603e-03 9.421117e-03 9.367987e-03 9.256561e-03 9.149513e-03 9.093900e-03 9.033825e-03 8.974741e-03 8.895416e-03 8.752404e-03 8.491810e-03 8.124123e-03 2.466624e-02 7.177604e-03 7.160141e-03 7.218246e-03 7.260312e-03 7.280973e-03 7.082296e-03 7.156375e-03 4.050488e-03 5.862993e-03 2.949799e-02 1.082340e-02 1.759096e-02 7.054129e-03 6.961465e-03 6.026597e-03 3.898016e-03 3.612508e-03 -9.999000e+03 -9.999000e+03 -9.999000e+03 -9.999000e+03 -9.999000e+03 -9.999000e+03 -9.999000e+03 -9.999000e+03 -9.999000e+03 -9.999000e+03 -9.999000e+03 -9.999000e+03 -9.999000e+03 -9.999000e+03 -9.999000e+03 -9.999000e+03 -9.999000e+03 -9.999000e+03
7.300612e-03 8.684994e-03 9.527862e-03 9.512336e-03 9.464618e-03 9.419263e-03 9.357617e-03 9.253548e-03 9.156120e-03 9.105244e-03 9.067960e-03 9.020343e-03 8.927421e-03 8.743993e-03 8.468024e-03 8.105181e-03 2.864059e-02 7.210553e-03 7.349260e-03 7.545351e-03 7.707006e-03 7.825449e-03 7.787894e-03 7.735002e-03 6.338525e-03 6.914071e-03 3.920455e-03 2.796001e-02 9.210058e-03 1.496788e-02 1.107518e-02 6.895033e-03 5.944814e-03 5.521537e-03 3.516525e-03 -9.999000e+03 -9.999000e+03 -9.999000e+03 -9.999000e+03 -9.999000e+03 -9.999000e+03 -9.999000e+03 -9.999000e+03 -9.999000e+03 -9.999000e+03 -9.999000e+03 -9.999000e+03 -9.999000e+03 -9.999000e+03 -9.999000e+03 -9.999000e+03 -9.999000e+03
9.505054e-03 8.775855e-03 9.356470e-03 9.588687e-03 9.473614e-03 9.357158e-03 9.260858e-03 9.192319e-03 9.155320e-03 9.141610e-03 9.118052e-03 9.054381e-03 8.909078e-03 8.676578e-03 8.423183e-03 8.171902e-03 3.278411e-02 7.486124e-03 7.631324e-03 7.851127e-03 8.059703e-03 8.212157e-03 8.222971e-03 8.143901e-03 7.533510e-03 7.594020e-03 6.186456e-03 2.649952e-02 3.990722e-03 7.753131e-03 2.154905e-02 6.834327e-03 6.774881e-03 6.673433e-03 5.702728e-03 3.808147e-03 3.579872e-03 3.558070e-03 -9.999000e+03 -9.999000e+03 -9.999000e+03 -9.999000e+03 -9.999000e+03 -9.999000e+03 -9.999000e+03 -9.999000e+03 -9.999000e+03 -9.999000e+03 -9.999000e+03 -9.999000e+03 -9.999000e+03 -9.999000e+03
7.469556e-03 9.737627e-03 9.408380e-03 9.518982e-03 9.450087e-03 9.284269e-03 9.172646e-03 9.148843e-03 9.162877e-03 9.176352e-03 9.157499e-03 9.066477e-03 8.898580e-03 8.674125e-03 8.441183e-03 8.236512e-03 3.716263e-02 7.712054e-03 7.826804e-03 8.031955e-03 8.239348e-03 8.390476e-03 8.416065e-03 8.360164e-03 8.115544e-03 8.071353e-03 7.478865e-03 2.507599e-02 6.291350e-03 7.011536e-03 1.936022e-02 6.733397e-03 7.016825e-03 7.216765e-03 6.870787e-03 5.891259e-03 5.445618e-03 3.649506e-03 5.212717e-03 3.531012e-03 -9.999000e+03 -9.999000e+03 -9.999000e+03 -9.999000e+03 -9.999000e+03 -9.999000e+03 -9.999000e+03 -9.999000e+03 -9.999000e+03 -9.999000e+03 -9.999000e+03 -9.999000e+03
8.972916e-03 4.655820e-03 9.719175e-03 9.444655e-03 9.335967e-03 9.229714e-03 9.160051e-03 9.163212e-03 9.188472e-03 9.194598e-03 9.165731e-03 9.075119e-03 8.935923e-03 8.763428e-03 8.546170e-03 8.289714e-03 4.164509e-02 7.723769e-03 7.826312e-03 8.017439e-03 8.186047e-03 8.311818e-03 8.352630e-03 8.362485e-03 8.340729e-03 8.372672e-03 8.195646e-03 2.404653e-02 7.581946e-03 7.611282e-03 1.740870e-02 7.039491e-03 7.073333e-03 7.177308e-03 7.122452e-03 6.712040e-03 3.848123e-03 3.719495e-03 5.295356e-03 5.756749e-03 5.056510e-03 8.032104e-03 -9.999000e+03 -9.999000e+03 -9.999000e+03 -9.999000e+03 -9.999000e+03 -9.999000e+03 -9.999000e+03 -9.999000e+03 -9.999000e+03 -9.999000e+03
9.638657e-03 7.408253e-03 9.597833e-03 9.321362e-03 4.460763e-03 9.173239e-03 9.153473e-03 9.189975e-03 9.233993e-03 9.240068e-03 9.198318e-03 9.102470e-03 8.970244e-03 8.808686e-03 8.585956e-03 8.291204e-03 4.616692e-02 7.712956e-03 7.846933e-03 8.038817e-03 8.175892e-03 8.270448e-03 8.304554e-03 8.346304e-03 8.437751e-03 8.567948e-03 8.604013e-03 2.296914e-02 8.288303e-03 8.130795e-03 1.560112e-02 7.432144e-03 7.164433e-03 7.041304e-03 7.011889e-03 6.891364e-03 5.712029e-03 5.516510e-03 3.710358e-03 5.925415e-03 0.000000e+00 1.940776e-02 7.851935e-03 7.648299e-03 -9.999000e+03 -9.999000e+03 -9.999000e+03 -9.999000e+03 -9.999000e+03 -9.999000e+03 -9.999000e+03 -9.999000e+03
9.811761e-03 8.713262e-03 9.443271e-03 9.223084e-03 4.480988e-03 7.030470e-03 9.119208e-03 9.197412e-03 9.294066e-03 9.324586e-03 9.279305e-03 9.159418e-03 8.980844e-03 8.744301e-03 8.460722e-03 8.180508e-03 8.001162e-03 4.988987e-02 8.029543e-03 8.243623e-03 8.382055e-03 8.446602e-03 8.435758e-03 8.436058e-03 8.525426e-03 8.701859e-03 8.834766e-03 2.165033e-02 8.627433e-03 8.437746e-03 1.388895e-02 7.761704e-03 7.392152e-03 7.123326e-03 6.946281e-03 6.825656e-03 6.375302e-03 6.248007e-03 5.521217e-03 0.000000e+00 0.000000e+00 1.597043e-02 7.978796e-03 2.740424e-03 7.408398e-03 -9.999000e+03 -9.999000e+03 -9.999000e+03 -9.999000e+03 -9.999000e+03 -9.999000e+03 -9.999000e+03
9.645677e-03 9.091059e-03 9.252335e-03 9.145446e-03 7.062321e-03 4.488160e-03 8.311526e-03 9.215548e-03 9.314070e-03 9.333662e-03 9.266246e-03 9.110167e-03 8.884310e-03 8.599072e-03 8.323194e-03 8.141448e-03 8.086718e-03 8.156595e-03 5.372640e-02 8.554228e-03 8.664650e-03 8.675489e-03 8.607141e-03 8.560070e-03 8.623156e-03 8.810714e-03 8.957510e-03 1.983095e-02 8.791232e-03 8.641206e-03 1.227020e-02 8.084545e-03 7.718774e-03 7.396390e-03 3.994746e-03 3.896801e-03 6.674685e-03 6.639682e-03 0.000000e+00 0.000000e+00 4.535865e-03 1.195050e-02 6.302286e-03 4.030095e-03 2.846597e-03 7.311984e-03 -9.999000e+03 -9.999000e+03 -9.999000e+03 -9.999000e+03 -9.999000e+03 -9.999000e+03
9.178925e-03 8.927758e-03 9.010136e-03 9.053063e-03 8.311324e-03 7.098625e-03 4.536416e-03 8.971219e-03 9.264668e-03 9.194190e-03 9.052729e-03 8.837115e-03 8.595754e-03 8.384016e-03 8.271151e-03 8.266803e-03 8.338891e-03 8.482084e-03 5.803492e-02 8.896316e-03 8.918719e-03 8.843542e-03 8.723448e-03 8.664560e-03 8.730396e-03 8.905038e-03 8.997041e-03 1.817483e-02 8.875251e-03 8.816404e-03 1.073804e-02 8.438131e-03 8.107664e-03 4.254724e-03 4.135018e-03 4.027029e-03 7.044405e-03 0.000000e+00 0.000000e+00 4.716450e-03 5.915982e-03 9.394553e-03 5.188334e-03 4.329218e-03 4.044753e-03 3.050586e-03 2.885049e-03 -9.999000e+03 -9.999000e+03 -9.999000e+03 -9.999000e+03 -9.999000e+03
8.391110e-03 8.406718e-03 8.602467e-03 8.783903e-03 4.396670e-03 8.771297e-03 8.360440e-03 7.129550e-03 9.083349e-03 9.056908e-03 8.883889e-03 8.666324e-03 8.472991e-03 8.361537e-03 8.357900e-03 8.458102e-03 8.602431e-03 8.760796e-03 6.232562e-02 9.068470e-03 9.009220e-03 8.890730e-03 8.776205e-03 8.752250e-03 8.838131e-03 8.974083e-03 8.973176e-03 1.648579e-02 8.844864e-03 8.858975e-03 9.264628e-03 8.664939e-03 4.371738e-03 4.329182e-03 4.239072e-03 4.142486e-03 0.000000e+00 0.000000e+00 5.034311e-03 6.496970e-03 6.403650e-03 7.591804e-03 3.368536e-03 3.170663e-03 4.661947e-03 4.496849e-03 4.419370e-03 3.024023e-03 7.361052e-03 -9.999000e+03 -9.999000e+03 -9.999000e+03
7.318405e-03 7.565624e-03 7.824258e-03 8.109911e-03 8.394331e-03 6.729621e-03 8.764704e-03 8.712804e-03 8.238424e-03 8.995334e-03 8.935621e-03 8.819086e-03 8.716634e-03 8.651373e-03 8.642124e-03 8.702736e-03 8.795829e-03 8.876493e-03 8.900311e-03 6.652133e-02 8.857699e-03 8.793220e-03 8.774468e-03 8.832939e-03 8.939456e-03 9.009260e-03 8.894570e-03 1.472288e-02 8.663050e-03 8.685078e-03 8.730776e-03 4.363286e-03 4.340052e-03 4.328989e-03 0.000000e+00 0.000000e+00 0.000000e+00 4.316691e-03 7.055152e-03 7.113239e-03 6.774593e-03 3.857461e-03 3.728344e-03 4.900729e-03 5.176843e-03 4.966820e-03 4.790874e-03 3.170328e-03 3.034045e-03 7.719529e-03 -9.999000e+03 -9.999000e+03
1.713189e-01 1.729724e-01 6.846422e-03 7.237564e-03 7.839545e-03 8.209992e-03 7.813150e-03 8.731138e-03 8.845844e-03 8.760661e-03 9.074113e-03 9.085336e-03 9.076992e-03 9.055239e-03 9.026256e-03 9.000465e-03 8.967933e-03 8.910561e-03 8.800834e-03 7.028447e-02 8.537610e-03 8.535499e-03 8.632653e-03 8.782572e-03 8.899998e-03 8.891737e-03 8.676658e-03 1.288602e-02 8.396604e-03 8.419469e-03 8.522549e-03 4.345856e-03 4.342791e-03 0.000000e+00 0.000000e+00 5.689928e-03 4.410495e-03 6.590177e-03 7.716354e-03 7.447272e-03 4.050894e-03 3.986648e-03 3.902273e-03 5.883113e-03 5.666320e-03 5.345944e-03 3.344360e-03 3.360005e-03 3.371371e-03 8.244443e-03 2.965453e-03 7.742096e-03
1.617683e-02 1.390581e-02 1.801748e-01 6.870366e-03 7.270452e-03 7.858224e-03 8.305149e-03 8.402011e-03 8.888151e-03 9.073754e-03 9.155851e-03 9.350373e-03 9.421185e-03 9.439937e-03 9.400515e-03 9.274718e-03 9.064768e-03 8.808164e-03 8.508614e-03 8.182472e-03 7.402608e-02 7.876989e-03 8.085227e-03 8.334093e-03 8.607273e-03 8.516882e-03 8.242592e-03 1.098235e-02 8.082578e-03 8.159395e-03 8.334883e-03 4.354446e-03 0.000000e+00 0.000000e+00 5.411395e-03 7.885497e-03 6.719163e-03 7.630098e-03 7.983905e-03 4.206858e-03 4.140863e-03 4.061035e-03 3.975217e-03 3.859554e-03 6.129917e-03 5.885452e-03 3.673468e-03 5.149690e-03 5.093979e-03 7.174116e-03 3.357888e-03 8.245235e-03
4.178499e-03 6.375261e-03 7.290122e-03 1.796705e-01 1.821826e-01 1.840217e-01 1.861636e-01 8.488658e-03 8.626470e-03 8.864391e-03 9.010280e-03 9.129560e-03 9.226890e-03 9.226166e-03 1.566836e-02 8.915762e-03 8.612521e-03 8.300763e-03 7.963890e-03 7.626291e-03 4.034174e-03 7.280977e-02 1.339760e-02 7.989385e-03 8.006243e-03 7.788260e-03 7.756763e-03 9.071869e-03 7.835747e-03 8.004578e-03 8.239268e-03 0.000000e+00 0.000000e+00 4.353541e-03 7.722723e-03 8.404575e-03 7.735197e-03 8.057692e-03 8.133506e-03 4.255400e-03 4.203395e-03 4.120881e-03 4.037437e-03 3.937899e-03 6.486031e-03 6.285877e-03 5.483138e-03 6.021987e-03 5.941721e-03 6.584849e-03 5.101133e-03 7.246207e-03
7.707242e-03 8.273561e-03 8.430946e-03 8.071693e-03 7.813734e-03 8.018155e-03 8.236241e-03 1.879720e-01 1.899079e-01 1.896088e-01 1.901693e-01 1.902786e-01 1.899790e-01 1.903526e-01 1.913782e-01 1.944096e-01 1.951495e-01 7.366004e-03 7.370706e-03 7.341597e-03 7.367247e-03 6.227008e-03 8.175782e-02 7.816237e-03 7.542883e-03 7.197962e-03 7.082916e-03 7.443558e-03 7.741566e-03 8.010488e-03 0.000000e+00 0.000000e+00 4.417199e-03 4.378969e-03 8.443508e-03 8.483891e-03 8.141344e-03 8.214825e-03 8.205267e-03 4.271261e-03 4.236940e-03 4.163648e-03 4.089752e-03 4.000460e-03 3.891069e-03 3.781478e-03 6.099191e-03 6.260463e-03 6.272471e-03 6.515459e-03 6.065754e-03 6.755248e-03
6.948471e-03 8.217936e-03 8.639886e-03 5.964489e-02 6.155807e-02 6.439379e-02 6.709885e-02 6.964628e-02 7.204342e-02 7.429845e-02 7.642954e-02 7.844534e-02 8.058033e-02 8.247192e-02 8.423710e-02 8.590464e-02 8.492043e-02 2.750441e-01 2.759051e-01 6.621407e-03 6.878037e-03 7.275263e-03 8.119806e-02 7.441569e-03 7.067489e-03 6.760116e-03 6.731972e-03 7.109702e-03 7.763107e-03 0.000000e+00 0.000000e+00 4.413123e-03 4.432356e-03 4.394694e-03 8.630333e-03 8.530839e-03 8.329121e-03 8.316385e-03 4.308723e-03 4.309616e-03 4.283047e-03 4.212444e-03 4.136757e-03 4.057326e-03 3.962960e-03 3.847526e-03 3.743206e-03 6.295129e-03 6.354391e-03 6.532855e-03 6.491370e-03 6.651323e-03
8.577295e-03 5.785423e-02 5.952618e-02 8.677354e-03 8.874645e-03 9.207608e-03 9.477778e-03 9.627697e-03 9.701273e-03 9.718324e-03 9.690344e-03 9.522158e-03 9.357685e-03 9.120178e-03 8.835014e-03 8.538776e-03 1.497796e-02 2.077355e-02 1.853109e-02 2.807897e-01 2.818496e-01 2.828005e-01 2.835775e-01 8.448846e-02 6.523395e-03 6.494667e-03 6.624429e-03 7.125860e-03 0.000000e+00 0.000000e+00 4.403171e-03 6.921859e-03 4.440874e-03 4.401408e-03 8.693752e-03 8.602946e-03 8.465375e-03 8.447277e-03 4.363393e-03 4.367665e-03 4.345350e-03 4.275913e-03 4.185017e-03 4.100388e-03 4.038709e-03 3.961962e-03 3.847990e-03 6.370490e-03 6.342354e-03 6.414385e-03 6.441632e-03 6.490676e-03
5.590600e-02 8.246166e-03 8.505305e-03 8.713523e-03 8.940717e-03 9.224790e-03 9.483665e-03 9.669872e-03 9.802889e-03 9.893173e-03 9.936740e-03 9.927392e-03 9.870376e-03 9.777769e-03 9.657775e-03 9.412811e-03 9.210110e-03 1.611893e-02 1.545698e-02 2.126445e-02 2.635517e-02 2.492035e-02 2.261347e-02 2.941729e-01 8.675451e-02 5.924638e-03 6.440057e-03 4.067608e-03 0.000000e+00 5.368884e-03 6.774585e-03 8.121363e-03 4.462738e-03 6.919285e-03 8.758014e-03 8.677598e-03 8.577652e-03 8.585917e-03 4.405547e-03 4.408952e-03 4.384481e-03 4.323038e-03 4.230502e-03 4.128584e-03 4.076598e-03 4.039319e-03 3.951305e-03 3.842617e-03 6.438637e-03 6.394830e-03 6.364764e-03 6.384472e-03
7.881394e-03 8.126163e-03 8.345102e-03 8.474663e-03 8.615516e-03 8.846965e-03 9.091493e-03 9.290175e-03 9.460797e-03 9.610864e-03 9.728896e-03 9.809846e-03 9.863876e-03 9.906195e-03 9.927833e-03 9.917820e-03 1.763989e-02 9.815929e-03 9.540773e-03 9.088840e-03 8.761482e-03 0.000000e+00 0.000000e+00 0.000000e+00 2.930052e-01 8.409421e-02 5.912696e-03 0.000000e+00 0.000000e+00 7.094659e-03 7.527932e-03 8.553085e-03 4.491115e-03 8.228470e-03 8.857101e-03 8.738373e-03 8.661479e-03 4.415363e-03 4.438794e-03 4.444758e-03 4.410158e-03 4.346835e-03 4.262160e-03 4.151531e-03 4.089724e-03 4.076378e-03 4.036259e-03 3.965383e-03 6.707066e-03 6.596225e-03 6.502603e-03 6.452021e-03
7.763404e-03 7.967007e-03 8.105397e-03 8.167359e-03 8.249327e-03 8.430757e-03 8.632123e-03 8.792311e-03 8.953971e-03 9.147025e-03 9.340488e-03 9.492752e-03 9.621655e-03 9.753679e-03 9.863281e-03 1.889817e-02 1.000495e-02 1.006677e-02 1.006014e-02 9.923192e-03 9.668203e-03 9.591280e-03 9.404455e-03 0.000000e+00 0.000000e+00 0.000000e+00 8.371565e-02 0.000000e+00 3.884466e-03 6.792120e-03 7.366956e-03 8.302798e-03 6.955454e-03 8.732592e-03 8.906065e-03 8.796908e-03 8.751519e-03 4.438523e-03 4.459683e-03 4.478524e-03 4.450443e-03 4.378725e-03 4.289489e-03 4.174727e-03 4.102470e-03 4.086625e-03 4.067453e-03 6.022506e-03 6.977502e-03 6.838640e-03 6.705461e-03 6.628671e-03
7.566595e-03 7.691402e-03 7.779312e-03 7.826299e-03 7.897002e-03 8.038298e-03 8.174258e-03 8.262181e-03 8.382776e-03 8.606345e-03 8.845286e-03 9.036750e-03 9.220898e-03 9.398227e-03 1.988363e-02 9.683466e-03 9.807024e-03 9.949279e-03 1.008305e-02 1.016094e-02 1.013383e-02 1.009113e-02 9.857106e-03 9.444514e-03 8.875027e-03 0.000000e+00 0.000000e+00 0.000000e+00 6.570913e-03 5.166675e-03 1.106396e-02 7.651232e-03 7.736440e-03 8.595715e-03 8.804414e-03 8.848138e-03 8.872270e-03 4.470919e-03 4.477363e-03 4.499480e-03 4.487951e-03 4.421791e-03 4.323554e-03 4.197355e-03 4.113801e-03 4.082383e-03 4.060259e-03 6.905713e-03 7.160784e-03 7.029682e-03 6.880310e-03 6.855873e-03
7.329427e-03 7.400819e-03 7.469253e-03 7.547772e-03 7.644905e-03 7.762421e-03 7.844061e-03 7.836801e-03 7.910728e-03 8.096456e-03 8.308317e-03 8.537466e-03 8.723772e-03 2.086880e-02 9.093868e-03 9.206325e-03 9.308255e-03 9.511922e-03 9.783552e-03 9.877219e-03 9.972120e-03 1.003075e-02 9.981630e-03 9.584849e-03 9.276626e-03 5.120052e-03 0.000000e+00 0.000000e+00 0.000000e+00 0.000000e+00 1.255262e-02 6.735548e-03 7.458374e-03 8.329056e-03 8.669001e-03 8.849951e-03 8.953476e-03 4.497055e-03 4.510260e-03 4.522964e-03 4.516758e-03 4.468988e-03 4.381567e-03 4.258313e-03 4.169106e-03 4.120950e-03 4.084856e-03 7.255297e-03 7.280700e-03 7.204179e-03 7.107962e-03 7.161561e-03
7.107554e-03 7.117404e-03 7.164603e-03 7.287799e-03 7.430504e-03 7.539816e-03 7.482342e-03 7.474007e-03 7.497716e-03 7.598997e-03 7.862242e-03 8.017791e-03 2.186221e-02 8.424633e-03 8.509339e-03 8.467650e-03 8.602327e-03 9.020625e-03 9.104452e-03 9.297295e-03 9.442383e-03 9.606085e-03 9.660529e-03 9.414193e-03 9.132356e-03 0.000000e+00 0.000000e+00 6.389180e-03 7.979161e-03 0.000000e+00 0.000000e+00 0.000000e+00 7.318028e-03 8.213471e-03 8.644391e-03 8.791499e-03 8.942947e-03 4.507218e-03 4.543898e-03 4.550160e-03 4.542330e-03 4.510931e-03 4.448083e-03 4.348800e-03 4.264740e-03 4.202082e-03 4.144784e-03 7.434546e-03 7.361696e-03 7.369333e-03 7.425676e-03 7.563064e-03
