tests/data/reference/test_implicit_stream_rill_mfda/mqsur_m3_s.asc
ncols	123
nrows	77
xllcorner	-713746.79929998
yllcorner	-1061022.36961616
cellsize	10.0
NODATA_value	-9999
[rows 23 to 45 of 77, columns 52 to 103 of 123]
7.187671e-03 9.300517e-03 9.431412e-03 9.462261e-03 9.444368e-03 9.423498e-03 9.370877e-03 9.259801e-03 9.153035e-03 9.096722e-03 9.034944e-03 8.975700e-03 8.896297e-03 8.753512e-03 8.493657e-03 8.128608e-03 2.449469e-02 7.183023e-03 7.160922e-03 7.217888e-03 7.257969e-03 7.275411e-03 7.071308e-03 7.151096e-03 4.037255e-03 5.848704e-03 2.905472e-02 1.072354e-02 1.746661e-02 7.052160e-03 6.951658e-03 6.011362e-03 3.885612e-03 3.601648e-03 -9.999000e+03 -9.999000e+03 -9.999000e+03 -9.999000e+03 -9.999000e+03 -9.999000e+03 -9.999000e+03 -9.999000e+03 -9.999000e+03 -9.999000e+03 -9.999000e+03 -9.999000e+03 -9.999000e+03 -9.999000e+03 -9.999000e+03 -9.999000e+03 -9.999000e+03 -9.999000e+03
7.277267e-03 8.665754e-03 9.526857e-03 9.513205e-03 9.466858e-03 9.422116e-03 9.360887e-03 9.257257e-03 9.160011e-03 9.108983e-03 9.071252e-03 9.022961e-03 8.930130e-03 8.747087e-03 8.471799e-03 8.109827e-03 2.843810e-02 7.213826e-03 7.350303e-03 7.545162e-03 7.705448e-03 7.822121e-03 7.781358e-03 7.731652e-03 6.321426e-03 6.904064e-03 3.907929e-03 2.753649e-02 9.118407e-03 1.482773e-02 1.104036e-02 6.885332e-03 5.930054e-03 5.509127e-03 3.506178e-03 -9.999000e+03 -9.999000e+03 -9.999000e+03 -9.999000e+03 -9.999000e+03 -9.999000e+03 -9.999000e+03 -9.999000e+03 -9.999000e+03 -9.999000e+03 -9.999000e+03 -9.999000e+03 -9.999000e+03 -9.999000e+03 -9.999000e+03 -9.999000e+03 -9.999000e+03
9.500699e-03 8.756003e-03 9.345192e-03 9.589835e-03 9.476144e-03 9.360609e-03 9.264762e-03 9.196458e-03 9.159448e-03 9.145419e-03 9.121525e-03 9.057753e-03 8.912617e-03 8.680754e-03 8.427946e-03 8.176991e-03 3.245975e-02 7.487720e-03 7.632062e-03 7.851126e-03 8.058856e-03 8.210458e-03 8.219823e-03 8.142028e-03 7.520599e-03 7.588346e-03 6.170290e-03 2.609933e-02 3.977814e-03 7.662204e-03 2.137504e-02 6.832495e-03 6.765760e-03 6.664162e-03 5.689273e-03 3.796231e-03 3.569187e-03 3.547501e-03 -9.999000e+03 -9.999000e+03 -9.999000e+03 -9.999000e+03 -9.999000e+03 -9.999000e+03 -9.999000e+03 -9.999000e+03 -9.999000e+03 -9.999000e+03 -9.999000e+03 -9.999000e+03 -9.999000e+03 -9.999000e+03
7.445002e-03 9.736466e-03 9.396971e-03 9.515214e-03 9.453192e-03 9.288268e-03 9.177052e-03 9.153213e-03 9.167009e-03 9.180098e-03 9.160907e-03 9.069932e-03 8.902466e-03 8.678598e-03 8.446123e-03 8.241525e-03 3.677572e-02 7.712931e-03 7.827597e-03 8.032557e-03 8.239612e-03 8.390439e-03 8.415493e-03 8.359858e-03 8.108689e-03 8.068414e-03 7.466024e-03 2.469819e-02 6.274551e-03 7.012098e-03 1.916188e-02 6.735443e-03 7.013948e-03 7.211863e-03 6.860363e-03 5.876808e-03 5.433614e-03 3.638447e-03 5.201969e-03 3.520588e-03 -9.999000e+03 -9.999000e+03 -9.999000e+03 -9.999000e+03 -9.999000e+03 -9.999000e+03 -9.999000e+03 -9.999000e+03 -9.999000e+03 -9.999000e+03 -9.999000e+03 -9.999000e+03
8.951859e-03 4.639401e-03 9.720582e-03 9.441552e-03 9.337646e-03 9.234286e-03 9.164615e-03 9.167414e-03 9.192274e-03 9.198118e-03 9.169117e-03 9.078654e-03 8.939820e-03 8.767715e-03 8.550758e-03 8.294449e-03 4.121915e-02 7.725404e-03 7.828082e-03 8.019287e-03 8.187992e-03 8.313816e-03 8.354418e-03 8.363986e-03 8.338676e-03 8.371597e-03 8.187932e-03 2.357633e-02 7.568658e-03 7.610036e-03 1.719765e-02 7.040991e-03 7.073979e-03 7.177133e-03 7.118378e-03 6.703065e-03 3.835990e-03 3.708058e-03 5.284202e-03 5.751644e-03 5.046579e-03 8.021263e-03 -9.999000e+03 -9.999000e+03 -9.999000e+03 -9.999000e+03 -9.999000e+03 -9.999000e+03 -9.999000e+03 -9.999000e+03 -9.999000e+03 -9.999000e+03
9.626332e-03 7.384041e-03 9.601215e-03 9.323396e-03 4.445338e-03 9.177410e-03 9.158128e-03 9.193924e-03 9.237329e-03 9.243182e-03 9.201518e-03 9.105987e-03 8.974156e-03 8.812907e-03 8.590457e-03 8.295977e-03 4.571646e-02 7.715402e-03 7.849359e-03 8.041351e-03 8.178720e-03 8.273515e-03 8.307575e-03 8.348943e-03 8.438479e-03 8.568246e-03 8.600472e-03 2.240990e-02 8.280424e-03 8.128917e-03 1.538799e-02 7.432317e-03 7.166131e-03 7.043842e-03 7.012830e-03 6.888833e-03 5.698604e-03 5.504163e-03 3.698971e-03 5.919738e-03 0.000000e+00 1.937477e-02 7.838869e-03 7.633733e-03 -9.999000e+03 -9.999000e+03 -9.999000e+03 -9.999000e+03 -9.999000e+03 -9.999000e+03 -9.999000e+03 -9.999000e+03
9.807539e-03 8.693893e-03 9.447713e-03 9.226986e-03 4.465457e-03 7.008866e-03 9.123558e-03 9.201187e-03 9.297052e-03 9.327279e-03 9.282174e-03 9.162757e-03 8.984784e-03 8.748849e-03 8.465815e-03 8.185907e-03 8.006260e-03 4.942744e-02 8.031522e-03 8.245595e-03 8.384228e-03 8.449071e-03 8.438411e-03 8.438675e-03 8.527280e-03 8.703092e-03 8.833979e-03 2.085649e-02 8.624159e-03 8.436689e-03 1.367875e-02 7.761502e-03 7.393482e-03 7.125879e-03 6.948970e-03 6.826972e-03 6.368045e-03 6.241054e-03 5.508841e-03 0.000000e+00 0.000000e+00 1.588670e-02 7.950202e-03 2.733965e-03 7.392869e-03 -9.999000e+03 -9.999000e+03 -9.999000e+03 -9.999000e+03 -9.999000e+03 -9.999000e+03 -9.999000e+03
9.647158e-03 9.081797e-03 9.257249e-03 9.149590e-03 7.040496e-03 4.472593e-03 8.294595e-03 9.218945e-03 9.316886e-03 9.336346e-03 9.269268e-03 9.113831e-03 8.888728e-03 8.604246e-03 8.328856e-03 8.147053e-03 8.091607e-03 8.160174e-03 5.324855e-02 8.555167e-03 8.665773e-03 8.677001e-03 8.609050e-03 8.562261e-03 8.625279e-03 8.812492e-03 8.958436e-03 1.916384e-02 8.791003e-03 8.641399e-03 1.204933e-02 8.084430e-03 7.719323e-03 7.397768e-03 3.981816e-03 3.884404e-03 6.672523e-03 6.637118e-03 0.000000e+00 0.000000e+00 4.626648e-03 1.184215e-02 6.289812e-03 4.024377e-03 2.839641e-03 7.296236e-03 -9.999000e+03 -9.999000e+03 -9.999000e+03 -9.999000e+03 -9.999000e+03 -9.999000e+03
9.184258e-03 8.927168e-03 9.015378e-03 9.057154e-03 8.294403e-03 7.076570e-03 4.520600e-03 8.961794e-03 9.267476e-03 9.197403e-03 9.056754e-03 8.842084e-03 8.601490e-03 8.390108e-03 8.276972e-03 8.271766e-03 8.342623e-03 8.484326e-03 5.753716e-02 8.896511e-03 8.919392e-03 8.844822e-03 8.725211e-03 8.666592e-03 8.732511e-03 8.907110e-03 8.999094e-03 1.753264e-02 8.876704e-03 8.817423e-03 1.053146e-02 8.437969e-03 8.107514e-03 4.240389e-03 4.121328e-03 4.013924e-03 7.043866e-03 0.000000e+00 0.000000e+00 4.767470e-03 5.927720e-03 9.306798e-03 5.194932e-03 4.327512e-03 4.039105e-03 3.042640e-03 2.877909e-03 -9.999000e+03 -9.999000e+03 -9.999000e+03 -9.999000e+03 -9.999000e+03
8.399239e-03 8.411552e-03 8.608436e-03 8.788629e-03 4.381580e-03 8.762991e-03 8.343207e-03 7.107236e-03 9.080626e-03 9.060632e-03 8.888593e-03 8.671972e-03 8.479136e-03 8.367536e-03 8.363127e-03 8.462032e-03 8.604884e-03 8.761874e-03 6.179843e-02 9.069031e-03 9.010511e-03 8.892620e-03 8.778352e-03 8.754373e-03 8.840220e-03 8.976385e-03 8.976032e-03 1.586353e-02 8.847450e-03 8.860853e-03 9.044151e-03 8.665187e-03 4.356780e-03 4.314449e-03 4.224821e-03 4.128755e-03 0.000000e+00 0.000000e+00 5.096303e-03 6.497378e-03 6.403179e-03 7.526543e-03 3.358969e-03 3.162114e-03 4.659127e-03 4.489345e-03 4.412046e-03 3.016208e-03 7.345405e-03 -9.999000e+03 -9.999000e+03 -9.999000e+03
7.328957e-03 7.574731e-03 7.831260e-03 8.116588e-03 8.400043e-03 6.709927e-03 8.763499e-03 8.704858e-03 8.221977e-03 8.997002e-03 8.939999e-03 8.823819e-03 8.721361e-03 8.655656e-03 8.645615e-03 8.705203e-03 8.797335e-03 8.877333e-03 8.900972e-03 6.595046e-02 8.860633e-03 8.796235e-03 8.777155e-03 8.835194e-03 8.941576e-03 9.011841e-03 8.898038e-03 1.413219e-02 8.666818e-03 8.688395e-03 8.733339e-03 4.348373e-03 4.325262e-03 4.314257e-03 0.000000e+00 0.000000e+00 0.000000e+00 4.310391e-03 7.057016e-03 7.108171e-03 6.774032e-03 3.845277e-03 3.716860e-03 4.891335e-03 5.175329e-03 4.963657e-03 4.788106e-03 3.161781e-03 3.026181e-03 7.705399e-03 -9.999000e+03 -9.999000e+03
1.702726e-01 1.718249e-01 6.855455e-03 7.245631e-03 7.845577e-03 8.215395e-03 7.799199e-03 8.733383e-03 8.844445e-03 8.752659e-03 9.076975e-03 9.088716e-03 9.079886e-03 9.057469e-03 9.027802e-03 9.001486e-03 8.968768e-03 8.911684e-03 8.802693e-03 6.967465e-02 8.542324e-03 8.539837e-03 8.636190e-03 8.785410e-03 8.902709e-03 8.895094e-03 8.680952e-03 1.237461e-02 8.401361e-03 8.424082e-03 8.526583e-03 4.331035e-03 4.327986e-03 0.000000e+00 0.000000e+00 5.828141e-03 4.404365e-03 6.573897e-03 7.710006e-03 7.445371e-03 4.037659e-03 3.973762e-03 3.889846e-03 5.876512e-03 5.665164e-03 5.344986e-03 3.334918e-03 3.350482e-03 3.361788e-03 8.214165e-03 2.957925e-03 7.728122e-03
1.608287e-02 1.380369e-02 1.788452e-01 6.875539e-03 7.275472e-03 7.863556e-03 8.310140e-03 8.396602e-03 8.892102e-03 9.076121e-03 9.154551e-03 9.353875e-03 9.424335e-03 9.442479e-03 9.402612e-03 9.276798e-03 9.067393e-03 8.811815e-03 8.513629e-03 8.188900e-03 7.337007e-02 7.884497e-03 8.091955e-03 8.340166e-03 8.611500e-03 8.521815e-03 8.248186e-03 1.052709e-02 8.087887e-03 8.164496e-03 8.339472e-03 4.339580e-03 0.000000e+00 0.000000e+00 5.489386e-03 7.908511e-03 6.702265e-03 7.617715e-03 7.981615e-03 4.192779e-03 4.127141e-03 4.047745e-03 3.962393e-03 3.847359e-03 6.128878e-03 5.884408e-03 3.662280e-03 5.139156e-03 5.083747e-03 7.165266e-03 3.348377e-03 8.214938e-03
4.165677e-03 6.359681e-03 7.280250e-03 1.782430e-01 1.806566e-01 1.823940e-01 1.844591e-01 8.491550e-03 8.625422e-03 8.867835e-03 9.013362e-03 9.131124e-03 9.230308e-03 9.229534e-03 1.563390e-02 8.919589e-03 8.617270e-03 8.306452e-03 7.970466e-03 7.633499e-03 4.022094e-03 7.212435e-02 1.337604e-02 7.995580e-03 8.013667e-03 7.796372e-03 7.763187e-03 8.629076e-03 7.840912e-03 8.009283e-03 8.243528e-03 0.000000e+00 0.000000e+00 4.338679e-03 7.727440e-03 8.402747e-03 7.722414e-03 8.052088e-03 8.133983e-03 4.241061e-03 4.189336e-03 4.107267e-03 4.024275e-03 3.925278e-03 6.485418e-03 6.285004e-03 5.470962e-03 6.015260e-03 5.935351e-03 6.588850e-03 5.090854e-03 7.236920e-03
7.695487e-03 8.267915e-03 8.429840e-03 8.074645e-03 7.818323e-03 8.021328e-03 8.237979e-03 1.861809e-01 1.880392e-01 1.876936e-01 1.881473e-01 1.881657e-01 1.877821e-01 1.880302e-01 1.889206e-01 1.917388e-01 1.923665e-01 7.371677e-03 7.378439e-03 7.348488e-03 7.372996e-03 6.212275e-03 8.099289e-02 7.821257e-03 7.549873e-03 7.205529e-03 7.090796e-03 7.448778e-03 7.745878e-03 8.014173e-03 0.000000e+00 0.000000e+00 4.402002e-03 4.363973e-03 8.435547e-03 8.483655e-03 8.135718e-03 8.213886e-03 8.206955e-03 4.256838e-03 4.222701e-03 4.149802e-03 4.076306e-03 3.987499e-03 3.878703e-03 3.769707e-03 6.092863e-03 6.258419e-03 6.270202e-03 6.519903e-03 6.058774e-03 6.758706e-03
6.929507e-03 8.203547e-03 8.633229e-03 5.959656e-02 6.152524e-02 6.431783e-02 6.698325e-02 6.949376e-02 7.185332e-02 7.407370e-02 7.616989e-02 7.814768e-02 8.024955e-02 8.209590e-02 8.382125e-02 8.542543e-02 8.440570e-02 2.713558e-01 2.721060e-01 6.629064e-03 6.884197e-03 7.279404e-03 8.039845e-02 7.446478e-03 7.073574e-03 6.766192e-03 6.738083e-03 7.115563e-03 7.766382e-03 0.000000e+00 0.000000e+00 4.397947e-03 4.417079e-03 4.379615e-03 8.627381e-03 8.532891e-03 8.328109e-03 8.317594e-03 4.294099e-03 4.294988e-03 4.268560e-03 4.198335e-03 4.123057e-03 4.044056e-03 3.950203e-03 3.835397e-03 3.731642e-03 6.295972e-03 6.354850e-03 6.535749e-03 6.488292e-03 6.655717e-03
8.579270e-03 5.777173e-02 5.944901e-02 8.677668e-03 8.874996e-03 9.207118e-03 9.476562e-03 9.626477e-03 9.700580e-03 9.718358e-03 9.691181e-03 9.525961e-03 9.362707e-03 9.126607e-03 8.842843e-03 8.547886e-03 1.493261e-02 2.067951e-02 1.841300e-02 2.767577e-01 2.777737e-01 2.786855e-01 2.794345e-01 8.363100e-02 6.529147e-03 6.499363e-03 6.628520e-03 7.129853e-03 0.000000e+00 0.000000e+00 4.391348e-03 6.900975e-03 4.425553e-03 4.386294e-03 8.694718e-03 8.605442e-03 8.466367e-03 8.449053e-03 4.348480e-03 4.352729e-03 4.330532e-03 4.261465e-03 4.171056e-03 4.086884e-03 4.025540e-03 3.949210e-03 3.835857e-03 6.372150e-03 6.344168e-03 6.417158e-03 6.442236e-03 6.494278e-03
5.584608e-02 8.246132e-03 8.504908e-03 8.713001e-03 8.939797e-03 9.222990e-03 9.481034e-03 9.666966e-03 9.800093e-03 9.890562e-03 9.934437e-03 9.925746e-03 9.869802e-03 9.778386e-03 9.659570e-03 9.417847e-03 9.216455e-03 1.587975e-02 1.540879e-02 2.116150e-02 2.619250e-02 2.470243e-02 2.236862e-02 2.899217e-01 8.581025e-02 5.929517e-03 6.443507e-03 4.055356e-03 0.000000e+00 5.442893e-03 6.755648e-03 8.105541e-03 4.447303e-03 6.898430e-03 8.760259e-03 8.680025e-03 8.579361e-03 8.587710e-03 4.390411e-03 4.393798e-03 4.369455e-03 4.308338e-03 4.216297e-03 4.114928e-03 4.063224e-03 4.026148e-03 3.938611e-03 3.830514e-03 6.440491e-03 6.397454e-03 6.367080e-03 6.387651e-03
7.881827e-03 8.126054e-03 8.344593e-03 8.474078e-03 8.614679e-03 8.845397e-03 9.089206e-03 9.287558e-03 9.457982e-03 9.607737e-03 9.725472e-03 9.806673e-03 9.861302e-03 9.904223e-03 9.926615e-03 9.917386e-03 1.731810e-02 9.817309e-03 9.545386e-03 9.095579e-03 8.769521e-03 0.000000e+00 0.000000e+00 0.000000e+00 2.888039e-01 8.306395e-02 5.916094e-03 0.000000e+00 0.000000e+00 7.100089e-03 7.517515e-03 8.545590e-03 4.475533e-03 8.212006e-03 8.859450e-03 8.740810e-03 8.663530e-03 4.400176e-03 4.423484e-03 4.429416e-03 4.394998e-03 4.332009e-03 4.247785e-03 4.137751e-03 4.076279e-03 4.063005e-03 4.023103e-03 3.952613e-03 6.708119e-03 6.597890e-03 6.504556e-03 6.454417e-03
7.763920e-03 7.966880e-03 8.104997e-03 8.166962e-03 8.248785e-03 8.429726e-03 8.630678e-03 8.790721e-03 8.952108e-03 9.144225e-03 9.337021e-03 9.489090e-03 9.618072e-03 9.750547e-03 9.860302e-03 1.864779e-02 1.000295e-02 1.006485e-02 1.005821e-02 9.922505e-03 9.671835e-03 9.595483e-03 9.409398e-03 0.000000e+00 0.000000e+00 0.000000e+00 8.958333e-02 0.000000e+00 3.885108e-03 6.791857e-03 7.365819e-03 8.304400e-03 6.934269e-03 8.724116e-03 8.908507e-03 8.799408e-03 8.753719e-03 4.423214e-03 4.444264e-03 4.463006e-03 4.435071e-03 4.363730e-03 4.274968e-03 4.160822e-03 4.088955e-03 4.073197e-03 4.054129e-03 6.007287e-03 6.978050e-03 6.839559e-03 6.706716e-03 6.630222e-03
7.567655e-03 7.691906e-03 7.779551e-03 7.826335e-03 7.896764e-03 8.037758e-03 8.173689e-03 8.261772e-03 8.381327e-03 8.604003e-03 8.842063e-03 9.033019e-03 9.217814e-03 9.394669e-03 1.965754e-02 9.680478e-03 9.803576e-03 9.944258e-03 1.007763e-02 1.015754e-02 1.012983e-02 1.009023e-02 9.857836e-03 9.447063e-03 8.880163e-03 0.000000e+00 0.000000e+00 0.000000e+00 1.644261e-02 5.160119e-03 1.102744e-02 7.657046e-03 7.722975e-03 8.594879e-03 8.807591e-03 8.850710e-03 8.874395e-03 4.455441e-03 4.461852e-03 4.483854e-03 4.472385e-03 4.406569e-03 4.308851e-03 4.183328e-03 4.100225e-03 4.068977e-03 4.046973e-03 6.896047e-03 7.161541e-03 7.030544e-03 6.881382e-03 6.856861e-03
7.331711e-03 7.402512e-03 7.470371e-03 7.548114e-03 7.644584e-03 7.761911e-03 7.843862e-03 7.834846e-03 7.908540e-03 8.093581e-03 8.304728e-03 8.535718e-03 8.720720e-03 2.064761e-02 9.091540e-03 9.202908e-03 9.301910e-03 9.504554e-03 9.779144e-03 9.868876e-03 9.964316e-03 1.002334e-02 9.976819e-03 9.582436e-03 9.275874e-03 5.091899e-03 0.000000e+00 0.000000e+00 0.000000e+00 0.000000e+00 1.249766e-02 6.743096e-03 7.457619e-03 8.332599e-03 8.672918e-03 8.852763e-03 8.955660e-03 4.481442e-03 4.494578e-03 4.507217e-03 4.501043e-03 4.453521e-03 4.366557e-03 4.243959e-03 4.155232e-03 4.107336e-03 4.071437e-03 7.251626e-03 7.281962e-03 7.205223e-03 7.108870e-03 7.162040e-03
7.111412e-03 7.120595e-03 7.166803e-03 7.288572e-03 7.430233e-03 7.539473e-03 7.477232e-03 7.469045e-03 7.492693e-03 7.593696e-03 7.862107e-03 8.014941e-03 2.164533e-02 8.423562e-03 8.505712e-03 8.459168e-03 8.593058e-03 9.017738e-03 9.092582e-03 9.284926e-03 9.429817e-03 9.592823e-03 9.646997e-03 9.404444e-03 9.124578e-03 0.000000e+00 0.000000e+00 6.482169e-03 7.992420e-03 0.000000e+00 0.000000e+00 0.000000e+00 7.321330e-03 8.219071e-03 8.648190e-03 8.794748e-03 8.945615e-03 4.491552e-03 4.528043e-03 4.534274e-03 4.526484e-03 4.495246e-03 4.432724e-03 4.333963e-03 4.250351e-03 4.188029e-03 4.131040e-03 7.434272e-03 7.363398e-03 7.370528e-03 7.426124e-03 7.562896e-03
