tests/data/reference/test_implicit_stream_rill_mfda/mqsur_m3_s.asc
ncols	123
nrows	77
xllcorner	-713746.79929998
yllcorner	-1061022.36961616
cellsize	10.0
NODATA_value	-9999
[rows 46 to 68 of 77, columns 0 to 51 of 123]
-9.999000e+03 -9.999000e+03 -9.999000e+03 -9.999000e+03 -9.999000e+03 -9.999000e+03 7.711947e-03 6.556541e-03 4.044320e-03 4.191891e-03 2.861517e-03 4.103411e-03 4.672958e-03 4.757022e-03 4.784845e-03 4.774557e-03 4.769846e-03 4.771462e-03 4.878220e-03 5.203642e-03 5.548327e-03 5.136217e-03 5.188543e-03 5.144639e-03 5.729533e-03 6.081505e-03 6.247596e-03 6.189056e-03 6.117449e-03 6.128999e-03 6.150699e-03 2.944180e-02 3.087856e-02 6.437596e-03 6.656789e-03 6.907568e-03 7.174908e-03 7.438695e-03 7.673497e-03 7.884560e-03 8.042312e-03 8.134230e-03 8.207193e-03 8.289259e-03 8.301720e-03 8.206326e-03 8.076091e-03 7.925110e-03 7.705743e-03 7.398975e-03 7.156965e-03 7.079441e-03
-9.999000e+03 -9.999000e+03 -9.999000e+03 -9.999000e+03 -9.999000e+03 -9.999000e+03 3.884395e-03 4.443507e-03 3.966622e-03 4.120508e-03 3.048695e-03 4.567902e-03 4.795509e-03 4.928384e-03 5.015991e-03 4.920551e-03 4.786834e-03 4.665366e-03 4.736420e-03 5.065963e-03 3.462681e-03 3.549676e-03 3.592823e-03 3.589221e-03 5.236899e-03 5.979313e-03 6.257497e-03 2.266337e-02 2.464362e-02 2.648721e-02 2.820333e-02 6.416915e-03 6.474197e-03 6.627541e-03 6.816535e-03 6.999113e-03 7.192429e-03 7.411532e-03 7.631553e-03 7.847579e-03 8.038914e-03 8.196887e-03 8.323920e-03 8.420788e-03 8.450485e-03 8.382017e-03 8.265228e-03 8.132115e-03 7.956296e-03 7.703749e-03 7.440198e-03 7.254846e-03
-9.999000e+03 -9.999000e+03 -9.999000e+03 -9.999000e+03 -9.999000e+03 7.517078e-03 4.084310e-03 5.899123e-03 2.950817e-03 2.991615e-03 4.030371e-03 4.408769e-03 4.662629e-03 4.945752e-03 4.891823e-03 4.957280e-03 4.865353e-03 4.729339e-03 4.775620e-03 5.080762e-03 7.884694e-03 1.051567e-02 1.302008e-02 1.605435e-02 1.772315e-02 1.969391e-02 2.174370e-02 6.470724e-03 6.471558e-03 6.558057e-03 6.593807e-03 6.573947e-03 6.624499e-03 6.728151e-03 6.840745e-03 6.953621e-03 7.099807e-03 7.314041e-03 7.544329e-03 7.755734e-03 7.951700e-03 8.128519e-03 8.274237e-03 8.389203e-03 8.456742e-03 8.451486e-03 8.380247e-03 8.253669e-03 8.101335e-03 7.925083e-03 7.718722e-03 7.485442e-03
-9.999000e+03 -9.999000e+03 -9.999000e+03 -9.999000e+03 1.479280e-02 1.622530e-03 4.190626e-03 5.558525e-03 2.823324e-03 2.732353e-03 3.687118e-03 4.087170e-03 4.747862e-03 4.299482e-03 4.738131e-03 4.913890e-03 4.938335e-03 4.827158e-03 4.868851e-03 5.156386e-03 5.484272e-03 5.786702e-03 6.153509e-03 6.362104e-03 6.603709e-03 6.696877e-03 6.735735e-03 6.751552e-03 6.761516e-03 6.784365e-03 6.783328e-03 6.749455e-03 6.741149e-03 6.763704e-03 6.808297e-03 6.872005e-03 6.991018e-03 7.205127e-03 7.438144e-03 7.645128e-03 7.831158e-03 7.987786e-03 8.116169e-03 8.233809e-03 8.336494e-03 8.402189e-03 8.396916e-03 8.293960e-03 8.166026e-03 8.075568e-03 7.898664e-03 7.679574e-03
-9.999000e+03 -9.999000e+03 -9.999000e+03 -9.999000e+03 8.231521e-03 4.088653e-03 3.867258e-03 3.902987e-03 3.393761e-03 2.563686e-03 3.603085e-03 5.730934e-03 2.931566e-03 4.134892e-03 4.621090e-03 4.879032e-03 4.952801e-03 4.842949e-03 4.889853e-03 5.179996e-03 5.539990e-03 6.110843e-03 6.108093e-03 6.592943e-03 6.846017e-03 6.942980e-03 7.018498e-03 7.096749e-03 7.121050e-03 7.100829e-03 7.083703e-03 7.054537e-03 7.014750e-03 6.977666e-03 6.956759e-03 6.959668e-03 7.015404e-03 7.160252e-03 7.350261e-03 7.556379e-03 7.733794e-03 7.842954e-03 7.924020e-03 8.022175e-03 8.136678e-03 8.247112e-03 8.300567e-03 8.253203e-03 8.185965e-03 7.992228e-03 7.918626e-03 7.707760e-03
-9.999000e+03 -9.999000e+03 -9.999000e+03 7.570488e-03 1.459987e-03 4.312529e-03 2.668116e-03 3.169544e-03 2.446901e-03 3.207221e-03 4.432642e-03 3.576101e-03 2.793411e-03 3.942400e-03 4.483328e-03 4.792270e-03 4.893719e-03 4.815646e-03 4.861947e-03 5.126510e-03 6.370991e-03 5.353682e-03 6.170162e-03 6.625668e-03 6.908972e-03 7.070448e-03 7.208238e-03 7.334911e-03 7.387271e-03 7.360353e-03 7.322904e-03 7.287937e-03 7.247429e-03 7.198871e-03 7.151089e-03 7.124337e-03 7.125859e-03 7.177054e-03 7.305385e-03 7.508972e-03 7.671590e-03 7.722247e-03 7.750936e-03 7.816147e-03 7.914904e-03 8.038849e-03 8.135577e-03 8.162961e-03 7.609974e-03 7.625106e-03 7.563709e-03 7.389461e-03
-9.999000e+03 -9.999000e+03 -9.999000e+03 7.389438e-03 3.854694e-03 3.009078e-03 2.347616e-03 2.123039e-03 2.598993e-03 2.707930e-03 3.464453e-03 3.181086e-03 2.592819e-03 3.666820e-03 4.270638e-03 4.600903e-03 4.729263e-03 4.713580e-03 4.713076e-03 7.749388e-03 3.484434e-03 5.095978e-03 5.821794e-03 6.271028e-03 6.621364e-03 6.886046e-03 7.085726e-03 7.248174e-03 7.330334e-03 7.309214e-03 7.254704e-03 7.207494e-03 7.184731e-03 7.188435e-03 7.208725e-03 7.237438e-03 7.252403e-03 7.244173e-03 7.315052e-03 7.504697e-03 7.656822e-03 7.682995e-03 7.681195e-03 7.695830e-03 7.743104e-03 7.842730e-03 7.960714e-03 6.532827e-03 6.557622e-03 6.546200e-03 6.486907e-03 2.143985e-02
-9.999000e+03 -9.999000e+03 7.177032e-03 5.570891e-04 2.828464e-03 2.710647e-03 1.881285e-03 1.713698e-03 1.848507e-03 1.633779e-03 2.512773e-03 2.638385e-03 2.271879e-03 3.338825e-03 3.985128e-03 4.278050e-03 4.436588e-03 4.486084e-03 5.884224e-03 4.318953e-03 3.151928e-03 4.489094e-03 5.121555e-03 5.600683e-03 6.065332e-03 6.412033e-03 6.679312e-03 6.904084e-03 7.025767e-03 7.027314e-03 6.971790e-03 6.921147e-03 6.929887e-03 7.024603e-03 7.133004e-03 7.247734e-03 7.311267e-03 7.293506e-03 7.318112e-03 7.480255e-03 7.635824e-03 7.685970e-03 7.680594e-03 7.650117e-03 7.650508e-03 7.727094e-03 4.183868e-03 4.229634e-03 4.236516e-03 4.208637e-03 2.348588e-02 7.871986e-03
-9.999000e+03 -9.999000e+03 3.589083e-03 2.744150e-03 2.325207e-03 1.913364e-03 1.545286e-03 1.893358e-03 2.146785e-03 1.100455e-03 1.704111e-03 2.193624e-03 1.971612e-03 3.035813e-03 3.509048e-03 3.679646e-03 3.817960e-03 3.937078e-03 3.808618e-03 4.109869e-03 2.693207e-03 3.651088e-03 4.201879e-03 4.795056e-03 5.249339e-03 5.682747e-03 6.099970e-03 6.399837e-03 6.590598e-03 6.654344e-03 6.628124e-03 6.569781e-03 6.633888e-03 6.745702e-03 6.917725e-03 7.078209e-03 7.186448e-03 7.207974e-03 7.243680e-03 7.383871e-03 7.541788e-03 7.640092e-03 7.668889e-03 7.652330e-03 7.658644e-03 7.754310e-03 7.857105e-03 7.978545e-03 2.165294e-02 2.564218e-02 7.921308e-03 7.896783e-03
-9.999000e+03 6.502729e-03 5.623809e-03 3.401395e-03 2.199547e-03 1.251229e-03 1.994384e-03 1.986575e-03 -9.999000e+03 -9.999000e+03 -9.999000e+03 1.679911e-03 1.831284e-03 2.321579e-03 2.522856e-03 2.534048e-03 2.625620e-03 2.780297e-03 2.619589e-03 2.018522e-03 1.870075e-03 2.403888e-03 3.319830e-03 3.739808e-03 4.208680e-03 4.886120e-03 5.370417e-03 5.736234e-03 5.992597e-03 6.117290e-03 6.124409e-03 6.244223e-03 6.226617e-03 6.414720e-03 6.613921e-03 6.813096e-03 6.955284e-03 7.016079e-03 7.092041e-03 7.246976e-03 7.439677e-03 7.568262e-03 7.636476e-03 7.625258e-03 7.667994e-03 7.828768e-03 1.280999e-02 1.734651e-02 8.088709e-03 7.994599e-03 7.949247e-03 8.001271e-03
-9.999000e+03 1.442621e-02 3.008016e-03 2.188196e-03 1.806586e-03 1.854353e-03 -9.999000e+03 -9.999000e+03 -9.999000e+03 -9.999000e+03 -9.999000e+03 -9.999000e+03 1.954365e-03 2.227503e-03 2.967790e-03 3.222700e-03 2.533558e-03 3.472739e-03 3.504056e-03 2.594231e-03 1.647459e-03 1.695096e-03 2.101023e-03 2.525446e-03 3.506647e-03 4.046028e-03 4.466800e-03 4.822687e-03 5.068855e-03 5.183789e-03 5.805892e-03 5.654751e-03 5.851923e-03 6.047534e-03 6.309548e-03 6.551573e-03 6.705493e-03 6.752195e-03 6.850212e-03 7.141697e-03 7.358879e-03 7.510771e-03 7.491169e-03 7.502840e-03 7.691941e-03 7.800963e-03 7.941524e-03 8.070283e-03 8.045600e-03 7.976273e-03 7.974459e-03 8.151320e-03
7.585859e-03 2.566833e-03 2.628236e-03 1.832100e-03 1.169365e-03 2.224288e-03 -9.999000e+03 -9.999000e+03 -9.999000e+03 -9.999000e+03 -9.999000e+03 -9.999000e+03 -9.999000e+03 -9.999000e+03 -9.999000e+03 2.582161e-03 3.662461e-03 2.717761e-03 2.584754e-03 2.375596e-03 3.406634e-03 -9.999000e+03 -9.999000e+03 2.099897e-03 2.535631e-03 2.776372e-03 3.020255e-03 3.245701e-03 3.353945e-03 5.139529e-03 4.732943e-03 5.227201e-03 5.294285e-03 5.597226e-03 5.919760e-03 6.173275e-03 6.298984e-03 6.320504e-03 6.684111e-03 6.937198e-03 7.231660e-03 7.101003e-03 7.124323e-03 7.549143e-03 7.492203e-03 7.636696e-03 7.912965e-03 7.865597e-03 7.880139e-03 7.816535e-03 7.996658e-03 8.178926e-03
7.118245e-03 1.748743e-03 1.642298e-03 1.636092e-03 2.259889e-03 -9.999000e+03 -9.999000e+03 -9.999000e+03 -9.999000e+03 -9.999000e+03 -9.999000e+03 -9.999000e+03 -9.999000e+03 -9.999000e+03 -9.999000e+03 -9.999000e+03 -9.999000e+03 -9.999000e+03 -9.999000e+03 -9.999000e+03 -9.999000e+03 -9.999000e+03 -9.999000e+03 1.987622e-03 2.432032e-03 2.588608e-03 3.658696e-03 4.296648e-03 4.590594e-03 3.041855e-03 4.447628e-03 4.230586e-03 4.486408e-03 4.869544e-03 5.187034e-03 5.349629e-03 5.427675e-03 6.228060e-03 6.215778e-03 6.586470e-03 6.115589e-03 6.167390e-03 7.384814e-03 7.005856e-03 7.042760e-03 7.569793e-03 7.256183e-03 7.326481e-03 7.332344e-03 7.716475e-03 7.660886e-03 8.146940e-03
-9.999000e+03 2.345995e-03 2.226710e-03 2.580590e-03 -9.999000e+03 -9.999000e+03 -9.999000e+03 -9.999000e+03 -9.999000e+03 -9.999000e+03 -9.999000e+03 -9.999000e+03 -9.999000e+03 -9.999000e+03 -9.999000e+03 -9.999000e+03 -9.999000e+03 -9.999000e+03 -9.999000e+03 -9.999000e+03 -9.999000e+03 -9.999000e+03 -9.999000e+03 -9.999000e+03 -9.999000e+03 -9.999000e+03 2.779921e-03 2.959461e-03 3.984633e-03 3.903999e-03 2.645413e-03 2.814586e-03 3.081921e-03 3.389311e-03 3.522465e-03 3.554026e-03 5.754301e-03 5.218962e-03 5.455601e-03 3.955175e-03 4.037140e-03 7.099369e-03 6.060718e-03 6.054236e-03 7.262721e-03 6.111054e-03 6.147965e-03 6.173272e-03 7.441933e-03 6.971631e-03 7.527068e-03 6.643130e-03
-9.999000e+03 -9.999000e+03 -9.999000e+03 -9.999000e+03 -9.999000e+03 -9.999000e+03 -9.999000e+03 -9.999000e+03 -9.999000e+03 -9.999000e+03 -9.999000e+03 -9.999000e+03 -9.999000e+03 -9.999000e+03 -9.999000e+03 -9.999000e+03 -9.999000e+03 -9.999000e+03 -9.999000e+03 -9.999000e+03 -9.999000e+03 -9.999000e+03 -9.999000e+03 -9.999000e+03 -9.999000e+03 -9.999000e+03 -9.999000e+03 -9.999000e+03 2.860485e-03 3.441477e-03 2.450695e-03 2.615472e-03 2.938828e-03 4.468849e-03 5.172840e-03 5.293459e-03 3.400684e-03 3.563907e-03 3.711793e-03 5.641351e-03 6.566266e-03 3.965201e-03 3.989298e-03 7.073228e-03 4.008288e-03 4.011507e-03 3.999658e-03 7.173447e-03 5.943764e-03 7.115938e-03 4.127418e-03 4.328512e-03
-9.999000e+03 -9.999000e+03 -9.999000e+03 -9.999000e+03 -9.999000e+03 -9.999000e+03 -9.999000e+03 -9.999000e+03 -9.999000e+03 -9.999000e+03 -9.999000e+03 -9.999000e+03 -9.999000e+03 -9.999000e+03 -9.999000e+03 -9.999000e+03 -9.999000e+03 -9.999000e+03 -9.999000e+03 -9.999000e+03 -9.999000e+03 -9.999000e+03 -9.999000e+03 -9.999000e+03 -9.999000e+03 -9.999000e+03 -9.999000e+03 -9.999000e+03 -9.999000e+03 2.548118e-03 3.565064e-03 3.597030e-03 4.039677e-03 3.393619e-03 3.453422e-03 3.301730e-03 3.311549e-03 3.504178e-03 5.223867e-03 6.050150e-03 6.450557e-03 6.633049e-03 6.801692e-03 3.969481e-03 5.999946e-03 6.851096e-03 7.077835e-03 3.875526e-03 6.837089e-03 4.009191e-03 6.203584e-03 7.429725e-03
-9.999000e+03 -9.999000e+03 -9.999000e+03 -9.999000e+03 -9.999000e+03 -9.999000e+03 -9.999000e+03 -9.999000e+03 -9.999000e+03 -9.999000e+03 -9.999000e+03 -9.999000e+03 -9.999000e+03 -9.999000e+03 -9.999000e+03 -9.999000e+03 -9.999000e+03 -9.999000e+03 -9.999000e+03 -9.999000e+03 -9.999000e+03 -9.999000e+03 -9.999000e+03 -9.999000e+03 -9.999000e+03 -9.999000e+03 -9.999000e+03 -9.999000e+03 -9.999000e+03 -9.999000e+03 3.746804e-03 -9.999000e+03 -9.999000e+03 -9.999000e+03 -9.999000e+03 -9.999000e+03 -9.999000e+03 -9.999000e+03 3.636307e-03 5.357367e-03 6.033180e-03 6.213664e-03 6.370677e-03 6.670947e-03 6.935448e-03 7.070535e-03 7.016780e-03 6.734895e-03 3.813377e-03 5.929679e-03 7.053135e-03 7.639019e-03
-9.999000e+03 -9.999000e+03 -9.999000e+03 -9.999000e+03 -9.999000e+03 -9.999000e+03 -9.999000e+03 -9.999000e+03 -9.999000e+03 -9.999000e+03 -9.999000e+03 -9.999000e+03 -9.999000e+03 -9.999000e+03 -9.999000e+03 -9.999000e+03 -9.999000e+03 -9.999000e+03 -9.999000e+03 -9.999000e+03 -9.999000e+03 -9.999000e+03 -9.999000e+03 -9.999000e+03 -9.999000e+03 -9.999000e+03 -9.999000e+03 -9.999000e+03 -9.999000e+03 -9.999000e+03 -9.999000e+03 -9.999000e+03 -9.999000e+03 -9.999000e+03 -9.999000e+03 -9.999000e+03 -9.999000e+03 -9.999000e+03 -9.999000e+03 -9.999000e+03 -9.999000e+03 3.648856e-03 3.707994e-03 3.864236e-03 5.837193e-03 6.646146e-03 6.803256e-03 6.552876e-03 6.533644e-03 6.982113e-03 7.404035e-03 7.559429e-03
-9.999000e+03 -9.999000e+03 -9.999000e+03 -9.999000e+03 -9.999000e+03 -9.999000e+03 -9.999000e+03 -9.999000e+03 -9.999000e+03 -9.999000e+03 -9.999000e+03 -9.999000e+03 -9.999000e+03 -9.999000e+03 -9.999000e+03 -9.999000e+03 -9.999000e+03 -9.999000e+03 -9.999000e+03 -9.999000e+03 -9.999000e+03 -9.999000e+03 -9.999000e+03 -9.999000e+03 -9.999000e+03 -9.999000e+03 -9.999000e+03 -9.999000e+03 -9.999000e+03 -9.999000e+03 -9.999000e+03 -9.999000e+03 -9.999000e+03 -9.999000e+03 -9.999000e+03 -9.999000e+03 -9.999000e+03 -9.999000e+03 -9.999000e+03 -9.999000e+03 -9.999000e+03 -9.999000e+03 -9.999000e+03 -9.999000e+03 3.968180e-03 3.931288e-03 5.763428e-03 6.286582e-03 3.818985e-03 5.980593e-03 7.007231e-03 7.168940e-03
-9.999000e+03 -9.999000e+03 -9.999000e+03 -9.999000e+03 -9.999000e+03 -9.999000e+03 -9.999000e+03 -9.999000e+03 -9.999000e+03 -9.999000e+03 -9.999000e+03 -9.999000e+03 -9.999000e+03 -9.999000e+03 -9.999000e+03 -9.999000e+03 -9.999000e+03 -9.999000e+03 -9.999000e+03 -9.999000e+03 -9.999000e+03 -9.999000e+03 -9.999000e+03 -9.999000e+03 -9.999000e+03 -9.999000e+03 -9.999000e+03 -9.999000e+03 -9.999000e+03 -9.999000e+03 -9.999000e+03 -9.999000e+03 -9.999000e+03 -9.999000e+03 -9.999000e+03 -9.999000e+03 -9.999000e+03 -9.999000e+03 -9.999000e+03 -9.999000e+03 -9.999000e+03 -9.999000e+03 -9.999000e+03 -9.999000e+03 -9.999000e+03 -9.999000e+03 -9.999000e+03 -9.999000e+03 -9.999000e+03 -9.999000e+03 4.059244e-03 5.793726e-03
-9.999000e+03 -9.999000e+03 -9.999000e+03 -9.999000e+03 -9.999000e+03 -9.999000e+03 -9.999000e+03 -9.999000e+03 -9.999000e+03 -9.999000e+03 -9.999000e+03 -9.999000e+03 -9.999000e+03 -9.999000e+03 -9.999000e+03 -9.999000e+03 -9.999000e+03 -9.999000e+03 -9.999000e+03 -9.999000e+03 -9.999000e+03 -9.999000e+03 -9.999000e+03 -9.999000e+03 -9.999000e+03 -9.999000e+03 -9.999000e+03 -9.999000e+03 -9.999000e+03 -9.999000e+03 -9.999000e+03 -9.999000e+03 -9.999000e+03 -9.999000e+03 -9.999000e+03 -9.999000e+03 -9.999000e+03 -9.999000e+03 -9.999000e+03 -9.999000e+03 -9.999000e+03 -9.999000e+03 -9.999000e+03 -9.999000e+03 -9.999000e+03 -9.999000e+03 -9.999000e+03 -9.999000e+03 -9.999000e+03 -9.999000e+03 -9.999000e+03 3.734574e-03
-9.999000e+03 -9.999000e+03 -9.999000e+03 -9.999000e+03 -9.999000e+03 -9.999000e+03 -9.999000e+03 -9.999000e+03 -9.999000e+03 -9.999000e+03 -9.999000e+03 -9.999000e+03 -9.999000e+03 -9.999000e+03 -9.999000e+03 -9.999000e+03 -9.999000e+03 -9.999000e+03 -9.999000e+03 -9.999000e+03 -9.999000e+03 -9.999000e+03 -9.999000e+03 -9.999000e+03 -9.999000e+03 -9.999000e+03 -9.999000e+03 -9.999000e+03 -9.999000e+03 -9.999000e+03 -9.999000e+03 -9.999000e+03 -9.999000e+03 -9.999000e+03 -9.999000e+03 -9.999000e+03 -9.999000e+03 -9.999000e+03 -9.999000e+03 -9.999000e+03 -9.999000e+03 -9.999000e+03 -9.999000e+03 -9.999000e+03 -9.999000e+03 -9.999000e+03 -9.999000e+03 -9.999000e+03 -9.999000e+03 -9.999000e+03 -9.999000e+03 -9.999000e+03
-9.999000e+03 -9.999000e+03 -9.999000e+03 -9.999000e+03 -9.999000e+03 -9.999000e+03 -9.999000e+03 -9.999000e+03 -9.999000e+03 -9.999000e+03 -9.999000e+03 -9.999000e+03 -9.999000e+03 -9.999000e+03 -9.999000e+03 -9.999000e+03 -9.999000e+03 -9.999000e+03 -9.999000e+03 -9.999000e+03 -9.999000e+03 -9.999000e+03 -9.999000e+03 -9.999000e+03 -9.999000e+03 -9.999000e+03 -9.999000e+03 -9.999000e+03 -9.999000e+03 -9.999000e+03 -9.999000e+03 -9.999000e+03 -9.999000e+03 -9.999000e+03 -9.999000e+03 -9.999000e+03 -9.999000e+03 -9.999000e+03 -9.999000e+03 -9.999000e+03 -9.999000e+03 -9.999000e+03 -9.999000e+03 -9.999000e+03 -9.999000e+03 -9.999000e+03 -9.999000e+03 -9.999000e+03 -9.999000e+03 -9.999000e+03 -9.999000e+03 -9.999000e+03
