tests/data/reference/test_implicit_stream_rill_mfda/mqsur_m3_s.asc
ncols	123
nrows	77
xllcorner	-713746.79929998
yllcorner	-1061022.36961616
cellsize	10.0
NODATA_value	-9999
[rows 23 to 45 of 77, columns 52 to 103 of 123]
7.213871e-03 9.305204e-03 9.432737e-03 9.461245e-03 9.442371e-03 9.420795e-03 9.367590e-03 9.256109e-03 9.149020e-03 9.093506e-03 9.033674e-03 8.974615e-03 8.895302e-03 8.752255e-03 8.491551e-03 8.123484e-03 2.466307e-02 7.176850e-03 7.160050e-03 7.218325e-03 7.260679e-03 7.281814e-03 7.083946e-03 7.157173e-03 4.052491e-03 5.865147e-03 2.953458e-02 1.082050e-02 1.759009e-02 7.054421e-03 6.962934e-03 6.028894e-03 3.899893e-03 3.614150e-03 -9.999000e+03 -9.999000e+03 -9.999000e+03 -9.999000e+03 -9.999000e+03 -9.999000e+03 -9.999000e+03 -9.999000e+03 -9.999000e+03 -9.999000e+03 -9.999000e+03 -9.999000e+03 -9.999000e+03 -9.999000e+03 -9.999000e+03 -9.999000e+03 -9.999000e+03 -9.999000e+03
7.304139e-03 8.687880e-03 9.528029e-03 9.512232e-03 9.464316e-03 9.418870e-03 9.357163e-03 9.253030e-03 9.155575e-03 9.104722e-03 9.067503e-03 9.019979e-03 8.927043e-03 8.743557e-03 8.467485e-03 8.104512e-03 2.863574e-02 7.210105e-03 7.349132e-03 7.545406e-03 7.707261e-03 7.825962e-03 7.788877e-03 7.735519e-03 6.341103e-03 6.915573e-03 3.922350e-03 2.802598e-02 9.207206e-03 1.496646e-02 1.107499e-02 6.896487e-03 5.947039e-03 5.523407e-03 3.518090e-03 -9.999000e+03 -9.999000e+03 -9.999000e+03 -9.999000e+03 -9.999000e+03 -9.999000e+03 -9.999000e+03 -9.999000e+03 -9.999000e+03 -9.999000e+03 -9.999000e+03 -9.999000e+03 -9.999000e+03 -9.999000e+03 -9.999000e+03 -9.999000e+03 -9.999000e+03
9.505706e-03 8.778835e-03 9.358149e-03 9.588541e-03 9.473267e-03 9.356677e-03 9.260310e-03 9.191736e-03 9.154740e-03 9.141079e-03 9.117572e-03 9.053915e-03 8.908582e-03 8.675986e-03 8.422501e-03 8.171172e-03 3.277710e-02 7.485921e-03 7.631243e-03 7.851156e-03 8.059855e-03 8.212432e-03 8.223454e-03 8.144202e-03 7.535446e-03 7.594874e-03 6.188894e-03 2.659427e-02 3.992675e-03 7.750273e-03 2.154639e-02 6.834602e-03 6.776248e-03 6.674826e-03 5.704757e-03 3.809949e-03 3.581488e-03 3.559668e-03 -9.999000e+03 -9.999000e+03 -9.999000e+03 -9.999000e+03 -9.999000e+03 -9.999000e+03 -9.999000e+03 -9.999000e+03 -9.999000e+03 -9.999000e+03 -9.999000e+03 -9.999000e+03 -9.999000e+03 -9.999000e+03
7.473267e-03 9.737816e-03 9.410077e-03 9.519542e-03 9.449654e-03 9.283706e-03 9.172023e-03 9.148227e-03 9.162297e-03 9.175831e-03 9.157029e-03 9.065999e-03 8.898036e-03 8.673491e-03 8.440479e-03 8.235797e-03 3.715372e-02 7.711956e-03 7.826716e-03 8.031894e-03 8.239336e-03 8.390506e-03 8.416170e-03 8.360235e-03 8.116570e-03 8.071806e-03 7.480792e-03 2.519531e-02 6.293883e-03 7.011486e-03 1.935730e-02 6.733103e-03 7.017258e-03 7.217505e-03 6.872354e-03 5.893437e-03 5.447427e-03 3.651179e-03 5.214337e-03 3.532588e-03 -9.999000e+03 -9.999000e+03 -9.999000e+03 -9.999000e+03 -9.999000e+03 -9.999000e+03 -9.999000e+03 -9.999000e+03 -9.999000e+03 -9.999000e+03 -9.999000e+03 -9.999000e+03
8.976077e-03 4.658310e-03 9.718991e-03 9.445113e-03 9.335726e-03 9.229065e-03 9.159405e-03 9.162622e-03 9.187944e-03 9.194112e-03 9.165265e-03 9.074629e-03 8.935379e-03 8.762824e-03 8.545521e-03 8.289043e-03 4.163326e-02 7.723555e-03 7.826077e-03 8.017191e-03 8.185784e-03 8.311546e-03 8.352387e-03 8.362288e-03 8.341044e-03 8.372854e-03 8.196802e-03 2.420836e-02 7.583939e-03 7.611501e-03 1.740565e-02 7.039291e-03 7.073249e-03 7.177346e-03 7.123065e-03 6.713386e-03 3.849958e-03 3.721224e-03 5.297036e-03 5.757516e-03 5.058006e-03 8.033747e-03 -9.999000e+03 -9.999000e+03 -9.999000e+03 -9.999000e+03 -9.999000e+03 -9.999000e+03 -9.999000e+03 -9.999000e+03 -9.999000e+03 -9.999000e+03
9.640489e-03 7.411912e-03 9.597359e-03 9.321068e-03 4.463100e-03 9.172640e-03 9.152815e-03 9.189425e-03 9.233535e-03 9.239644e-03 9.197880e-03 9.101983e-03 8.969696e-03 8.808091e-03 8.585321e-03 8.290527e-03 4.615320e-02 7.712619e-03 7.846600e-03 8.038469e-03 8.175500e-03 8.270019e-03 8.304132e-03 8.345939e-03 8.437661e-03 8.567930e-03 8.604552e-03 2.316861e-02 8.289483e-03 8.131107e-03 1.559795e-02 7.432150e-03 7.164202e-03 7.040944e-03 7.011759e-03 6.891746e-03 5.714052e-03 5.518370e-03 3.712080e-03 5.926267e-03 0.000000e+00 1.941271e-02 7.853910e-03 7.650496e-03 -9.999000e+03 -9.999000e+03 -9.999000e+03 -9.999000e+03 -9.999000e+03 -9.999000e+03 -9.999000e+03 -9.999000e+03
9.812384e-03 8.716166e-03 9.442643e-03 9.222526e-03 4.483341e-03 7.033732e-03 9.118593e-03 9.196888e-03 9.293661e-03 9.324224e-03 9.278916e-03 9.158957e-03 8.980292e-03 8.743657e-03 8.459996e-03 8.179736e-03 8.000436e-03 4.987398e-02 8.029280e-03 8.243362e-03 8.381764e-03 8.446268e-03 8.435395e-03 8.435700e-03 8.525176e-03 8.701705e-03 8.834902e-03 2.192331e-02 8.627930e-03 8.437933e-03 1.388573e-02 7.761765e-03 7.391982e-03 7.122971e-03 6.945900e-03 6.825472e-03 6.376389e-03 6.249050e-03 5.523081e-03 0.000000e+00 0.000000e+00 1.597801e-02 7.983114e-03 2.741400e-03 7.410734e-03 -9.999000e+03 -9.999000e+03 -9.999000e+03 -9.999000e+03 -9.999000e+03 -9.999000e+03 -9.999000e+03
9.645463e-03 9.092431e-03 9.251639e-03 9.144863e-03 7.065616e-03 4.490519e-03 8.314064e-03 9.215081e-03 9.313691e-03 9.333302e-03 9.265833e-03 9.109657e-03 8.883686e-03 8.598334e-03 8.322383e-03 8.140645e-03 8.086023e-03 8.156097e-03 5.370871e-02 8.554124e-03 8.664519e-03 8.675300e-03 8.606892e-03 8.559778e-03 8.622871e-03 8.810480e-03 8.957398e-03 2.005165e-02 8.791284e-03 8.641205e-03 1.226691e-02 8.084592e-03 7.718724e-03 7.396216e-03 3.996703e-03 3.898677e-03 6.675013e-03 6.640072e-03 0.000000e+00 0.000000e+00 4.523976e-03 1.195359e-02 6.303337e-03 4.030958e-03 2.847648e-03 7.314351e-03 -9.999000e+03 -9.999000e+03 -9.999000e+03 -9.999000e+03 -9.999000e+03 -9.999000e+03
9.178150e-03 8.927840e-03 9.009391e-03 9.052490e-03 8.313860e-03 7.101956e-03 4.538813e-03 8.972622e-03 9.264290e-03 9.193749e-03 9.052164e-03 8.836407e-03 8.594931e-03 8.383140e-03 8.270316e-03 8.266099e-03 8.338372e-03 8.481789e-03 5.801515e-02 8.896324e-03 8.918655e-03 8.843387e-03 8.723221e-03 8.664292e-03 8.730114e-03 8.904762e-03 8.996765e-03 1.836038e-02 8.875060e-03 8.816281e-03 1.073478e-02 8.438187e-03 8.107719e-03 4.256894e-03 4.137091e-03 4.029012e-03 7.044502e-03 0.000000e+00 0.000000e+00 4.710039e-03 5.915416e-03 9.395746e-03 5.187338e-03 4.329480e-03 4.045606e-03 3.051787e-03 2.886128e-03 -9.999000e+03 -9.999000e+03 -9.999000e+03 -9.999000e+03 -9.999000e+03
8.389926e-03 8.406008e-03 8.601613e-03 8.783234e-03 4.398956e-03 8.772531e-03 8.363023e-03 7.132920e-03 9.083757e-03 9.056389e-03 8.883221e-03 8.665514e-03 8.472107e-03 8.360675e-03 8.357156e-03 8.457554e-03 8.602106e-03 8.760677e-03 6.230362e-02 9.068421e-03 9.009061e-03 8.890482e-03 8.775919e-03 8.751968e-03 8.837854e-03 8.973774e-03 8.972782e-03 1.663909e-02 8.844508e-03 8.858726e-03 9.261313e-03 8.664933e-03 4.374004e-03 4.331413e-03 4.241230e-03 4.144565e-03 0.000000e+00 0.000000e+00 5.026428e-03 6.497944e-03 6.404259e-03 7.592147e-03 3.369982e-03 3.171955e-03 4.662376e-03 4.497980e-03 4.420475e-03 3.025203e-03 7.363404e-03 -9.999000e+03 -9.999000e+03 -9.999000e+03
7.316858e-03 7.564298e-03 7.823239e-03 8.108949e-03 8.393513e-03 6.732593e-03 8.764884e-03 8.713983e-03 8.240887e-03 8.995099e-03 8.935002e-03 8.818416e-03 8.715965e-03 8.650773e-03 8.641644e-03 8.702410e-03 8.795646e-03 8.876409e-03 8.900252e-03 6.649708e-02 8.857293e-03 8.792803e-03 8.774101e-03 8.832637e-03 8.939175e-03 9.008910e-03 8.894086e-03 1.484956e-02 8.662520e-03 8.684615e-03 8.730424e-03 4.365545e-03 4.342292e-03 4.331220e-03 0.000000e+00 0.000000e+00 0.000000e+00 4.317932e-03 7.056151e-03 7.114466e-03 6.774821e-03 3.859304e-03 3.730081e-03 4.902146e-03 5.177083e-03 4.967299e-03 4.791294e-03 3.171619e-03 3.035234e-03 7.721662e-03 -9.999000e+03 -9.999000e+03
1.712641e-01 1.729168e-01 6.845097e-03 7.236379e-03 7.838681e-03 8.209222e-03 7.815239e-03 8.730819e-03 8.846053e-03 8.761848e-03 9.073712e-03 9.084870e-03 9.076600e-03 9.054949e-03 9.026070e-03 9.000356e-03 8.967850e-03 8.910433e-03 8.800592e-03 7.025794e-02 8.536937e-03 8.534883e-03 8.632158e-03 8.782182e-03 8.899628e-03 8.891271e-03 8.676051e-03 1.302623e-02 8.395927e-03 8.418812e-03 8.521978e-03 4.348101e-03 4.345033e-03 0.000000e+00 0.000000e+00 5.670818e-03 4.411730e-03 6.592821e-03 7.717939e-03 7.447682e-03 4.052897e-03 3.988598e-03 3.904153e-03 5.884108e-03 5.666511e-03 5.346099e-03 3.345787e-03 3.361444e-03 3.372819e-03 8.249018e-03 2.966590e-03 7.744205e-03
1.617613e-02 1.390457e-02 1.801170e-01 6.869627e-03 7.269734e-03 7.857450e-03 8.304425e-03 8.402797e-03 8.887571e-03 9.073398e-03 9.156028e-03 9.349866e-03 9.420735e-03 9.439579e-03 9.400224e-03 9.274428e-03 9.064395e-03 8.807635e-03 8.507878e-03 8.181523e-03 7.399728e-02 7.875883e-03 8.084237e-03 8.333201e-03 8.606674e-03 8.516179e-03 8.241790e-03 1.114126e-02 8.081819e-03 8.158667e-03 8.334231e-03 4.356698e-03 0.000000e+00 0.000000e+00 5.401007e-03 7.883923e-03 6.721918e-03 7.632031e-03 7.984422e-03 4.208989e-03 4.142940e-03 4.063046e-03 3.977157e-03 3.861399e-03 6.130093e-03 5.885628e-03 3.675160e-03 5.151277e-03 5.095520e-03 7.175415e-03 3.359326e-03 8.249814e-03
4.180434e-03 6.377603e-03 7.291597e-03 1.796125e-01 1.821237e-01 1.839618e-01 1.861024e-01 8.488256e-03 8.626625e-03 8.863902e-03 9.009839e-03 9.129334e-03 9.226406e-03 9.225689e-03 1.566666e-02 8.915213e-03 8.611833e-03 8.299935e-03 7.962930e-03 7.625238e-03 4.035997e-03 7.278110e-02 1.339531e-02 7.988485e-03 8.005149e-03 7.787064e-03 7.755837e-03 9.237797e-03 7.835010e-03 8.003911e-03 8.238668e-03 0.000000e+00 0.000000e+00 4.355792e-03 7.723472e-03 8.406087e-03 7.737198e-03 8.058549e-03 8.133484e-03 4.257571e-03 4.205524e-03 4.122942e-03 4.039429e-03 3.939809e-03 6.486144e-03 6.286030e-03 5.484973e-03 6.022999e-03 5.942680e-03 6.584229e-03 5.102682e-03 7.247571e-03
7.708995e-03 8.274402e-03 8.431120e-03 8.071272e-03 7.813076e-03 8.017716e-03 8.236019e-03 1.879100e-01 1.898448e-01 1.895453e-01 1.901052e-01 1.902140e-01 1.899140e-01 1.902871e-01 1.913115e-01 1.943559e-01 1.951266e-01 7.364862e-03 7.369582e-03 7.340601e-03 7.366424e-03 6.229224e-03 8.172542e-02 7.815523e-03 7.541867e-03 7.196860e-03 7.081759e-03 7.442813e-03 7.740958e-03 8.009974e-03 0.000000e+00 0.000000e+00 4.419501e-03 4.381241e-03 8.445555e-03 8.484307e-03 8.142205e-03 8.214978e-03 8.205046e-03 4.273446e-03 4.239097e-03 4.165744e-03 4.091787e-03 4.002422e-03 3.892940e-03 3.783259e-03 6.100140e-03 6.260777e-03 6.272819e-03 6.514809e-03 6.066805e-03 6.754707e-03
6.951325e-03 8.220088e-03 8.640876e-03 5.960504e-02 6.153379e-02 6.436742e-02 6.707035e-02 6.961581e-02 7.201121e-02 7.426452e-02 7.639380e-02 7.840805e-02 8.054151e-02 8.243175e-02 8.419585e-02 8.586209e-02 8.487809e-02 2.750177e-01 2.759270e-01 6.620298e-03 6.877152e-03 7.274681e-03 8.116514e-02 7.440872e-03 7.066615e-03 6.759244e-03 6.731089e-03 7.108846e-03 7.762654e-03 0.000000e+00 0.000000e+00 4.415422e-03 4.434671e-03 4.396978e-03 8.631026e-03 8.530629e-03 8.329284e-03 8.316225e-03 4.310938e-03 4.311832e-03 4.285241e-03 4.214580e-03 4.138831e-03 4.059334e-03 3.964891e-03 3.849361e-03 3.744955e-03 6.295017e-03 6.354337e-03 6.532453e-03 6.491839e-03 6.650680e-03
8.577037e-03 5.782019e-02 5.948787e-02 8.677338e-03 8.874624e-03 9.207715e-03 9.477994e-03 9.627913e-03 9.701408e-03 9.718349e-03 9.690248e-03 9.521596e-03 9.356938e-03 9.119221e-03 8.833849e-03 8.537421e-03 1.497587e-02 2.077037e-02 1.852768e-02 2.808514e-01 2.819495e-01 2.829354e-01 2.837503e-01 8.445363e-02 6.522570e-03 6.494000e-03 6.623852e-03 7.125292e-03 0.000000e+00 0.000000e+00 4.405078e-03 6.925012e-03 4.443195e-03 4.403698e-03 8.693672e-03 8.602616e-03 8.465249e-03 8.447041e-03 4.365652e-03 4.369927e-03 4.347594e-03 4.278101e-03 4.187130e-03 4.102431e-03 4.040702e-03 3.963891e-03 3.849825e-03 6.370263e-03 6.342104e-03 6.413999e-03 6.441556e-03 6.490166e-03
5.587552e-02 8.246204e-03 8.505396e-03 8.713633e-03 8.940887e-03 9.225093e-03 9.484094e-03 9.670342e-03 9.803343e-03 9.893598e-03 9.937119e-03 9.927670e-03 9.870491e-03 9.777705e-03 9.657533e-03 9.412063e-03 9.209166e-03 1.616773e-02 1.545505e-02 2.126128e-02 2.635097e-02 2.491562e-02 2.260849e-02 2.945150e-01 8.671753e-02 5.923939e-03 6.439572e-03 4.069458e-03 0.000000e+00 5.359179e-03 2.666667e+19 8.123734e-03 4.465077e-03 6.922433e-03 8.757713e-03 8.677272e-03 8.577426e-03 8.585682e-03 4.407840e-03 4.411247e-03 4.386757e-03 4.325264e-03 4.232653e-03 4.130651e-03 4.078622e-03 4.041313e-03 3.953226e-03 3.844448e-03 6.438385e-03 6.394465e-03 6.364438e-03 6.384026e-03
7.881364e-03 8.126213e-03 8.345210e-03 8.474783e-03 8.615674e-03 8.847233e-03 9.091869e-03 9.290601e-03 9.461253e-03 9.611369e-03 9.729443e-03 9.810355e-03 9.864292e-03 9.906520e-03 9.928047e-03 9.917914e-03 1.767080e-02 9.815752e-03 9.540088e-03 9.087834e-03 8.760265e-03 0.000000e+00 0.000000e+00 0.000000e+00 2.933735e-01 8.405669e-02 5.912217e-03 0.000000e+00 0.000000e+00 7.095148e-03 2.666667e+19 8.554199e-03 4.493477e-03 8.230938e-03 8.856785e-03 8.738046e-03 8.661205e-03 4.417664e-03 4.441114e-03 4.447082e-03 4.412455e-03 4.349080e-03 4.264337e-03 4.153617e-03 4.091759e-03 4.078402e-03 4.038250e-03 3.967315e-03 6.706936e-03 6.596005e-03 6.502337e-03 6.451692e-03
7.763362e-03 7.967061e-03 8.105491e-03 8.167451e-03 8.249440e-03 8.430944e-03 8.632372e-03 8.792581e-03 8.954283e-03 9.147476e-03 9.341039e-03 9.493331e-03 9.622222e-03 9.754182e-03 9.863759e-03 1.888950e-02 1.000528e-02 1.006708e-02 1.006045e-02 9.923316e-03 9.667663e-03 9.590647e-03 9.403722e-03 0.000000e+00 0.000000e+00 0.000000e+00 8.367778e-02 0.000000e+00 3.884806e-03 6.792705e-03 7.367123e-03 8.302543e-03 6.958652e-03 8.733853e-03 8.905737e-03 8.796570e-03 8.751225e-03 4.440842e-03 4.462020e-03 4.480875e-03 4.452771e-03 4.380996e-03 4.291688e-03 4.176832e-03 4.104515e-03 4.088658e-03 4.069470e-03 6.024800e-03 6.977449e-03 6.838532e-03 6.705302e-03 6.628468e-03
7.566474e-03 7.691363e-03 7.779312e-03 7.826327e-03 7.897070e-03 8.038410e-03 8.174373e-03 8.262272e-03 8.383016e-03 8.606720e-03 8.845793e-03 9.037333e-03 9.221395e-03 9.398791e-03 1.987506e-02 9.683948e-03 9.807571e-03 9.950052e-03 1.008388e-02 1.016149e-02 1.013444e-02 1.009125e-02 9.856984e-03 9.444129e-03 8.874256e-03 0.000000e+00 0.000000e+00 0.000000e+00 2.707527e-03 5.167855e-03 1.106303e-02 7.650373e-03 7.738454e-03 8.595841e-03 8.803975e-03 8.847789e-03 8.871988e-03 4.473264e-03 4.479713e-03 4.501848e-03 4.490309e-03 4.424097e-03 4.325780e-03 4.199479e-03 4.115856e-03 4.084412e-03 4.062270e-03 6.907161e-03 7.160698e-03 7.029581e-03 6.880178e-03 6.855754e-03
7.329122e-03 7.400602e-03 7.469121e-03 7.547757e-03 7.644987e-03 7.762529e-03 7.844120e-03 7.837106e-03 7.911068e-03 8.096900e-03 8.308867e-03 8.537761e-03 8.724254e-03 2.086016e-02 9.094251e-03 9.206860e-03 9.309215e-03 9.513036e-03 9.784250e-03 9.878476e-03 9.973292e-03 1.003186e-02 9.982327e-03 9.585184e-03 9.276721e-03 5.119836e-03 0.000000e+00 0.000000e+00 0.000000e+00 0.000000e+00 1.255093e-02 6.734449e-03 7.458463e-03 8.328540e-03 8.668451e-03 8.849566e-03 8.953186e-03 4.499421e-03 4.512636e-03 4.525350e-03 4.519139e-03 4.471332e-03 4.383840e-03 4.260487e-03 4.171207e-03 4.123011e-03 4.086887e-03 7.255848e-03 7.280539e-03 7.204051e-03 7.107854e-03 7.161518e-03
7.107012e-03 7.116962e-03 7.164310e-03 7.287720e-03 7.430580e-03 7.539900e-03 7.483110e-03 7.474753e-03 7.498471e-03 7.599794e-03 7.862292e-03 8.018232e-03 2.185363e-02 8.424825e-03 8.509894e-03 8.468921e-03 8.603717e-03 9.021091e-03 9.106232e-03 9.299147e-03 9.444261e-03 9.608068e-03 9.662550e-03 9.415622e-03 9.133486e-03 0.000000e+00 0.000000e+00 6.376603e-03 7.978673e-03 0.000000e+00 0.000000e+00 0.000000e+00 7.317538e-03 8.212646e-03 8.643859e-03 8.791049e-03 8.942583e-03 4.509592e-03 4.546300e-03 4.552568e-03 4.544732e-03 4.513308e-03 4.450410e-03 4.351047e-03 4.266919e-03 4.204209e-03 4.146864e-03 7.434599e-03 7.361470e-03 7.369183e-03 7.425638e-03 7.563119e-03
