tests/data/reference/test_implicit_stream_rill_mfda/mqsur_m3_s.asc
ncols	123
nrows	77
xllcorner	-713746.79929998
yllcorner	-1061022.36961616
cellsize	10.0
NODATA_value	-9999
[rows 46 to 68 of 77, columns 0 to 51 of 123]
-9.999000e+03 -9.999000e+03 -9.999000e+03 -9.999000e+03 -9.999000e+03 -9.999000e+03 7.726033e-03 6.574395e-03 4.044904e-03 4.192704e-03 2.868578e-03 4.109109e-03 4.672859e-03 4.756053e-03 4.783284e-03 4.772226e-03 4.767905e-03 4.769532e-03 4.876911e-03 5.203442e-03 5.548708e-03 5.146660e-03 5.199218e-03 5.155056e-03 5.734518e-03 6.083005e-03 6.247294e-03 6.187281e-03 6.114991e-03 6.126686e-03 6.148594e-03 2.958343e-02 3.102701e-02 6.434771e-03 6.654451e-03 6.905707e-03 7.173596e-03 7.437932e-03 7.673094e-03 7.884242e-03 8.041746e-03 8.133178e-03 8.205647e-03 8.287327e-03 8.299248e-03 8.203041e-03 8.072052e-03 7.920471e-03 7.700484e-03 7.393057e-03 7.150879e-03 7.073858e-03
-9.999000e+03 -9.999000e+03 -9.999000e+03 -9.999000e+03 -9.999000e+03 -9.999000e+03 3.893155e-03 4.445106e-03 3.971823e-03 4.126343e-03 3.056672e-03 4.570505e-03 4.796581e-03 4.928666e-03 5.014611e-03 4.920384e-03 4.785132e-03 4.663072e-03 4.734472e-03 5.065082e-03 3.472797e-03 3.560257e-03 3.603635e-03 3.600014e-03 5.247817e-03 5.985389e-03 6.259271e-03 2.275989e-02 2.475506e-02 2.661254e-02 2.833914e-02 6.413239e-03 6.470752e-03 6.624630e-03 6.814194e-03 6.997281e-03 7.191124e-03 7.410794e-03 7.631216e-03 7.847381e-03 8.038663e-03 8.196477e-03 8.323260e-03 8.419853e-03 8.449165e-03 8.380018e-03 8.262415e-03 8.128535e-03 7.952011e-03 7.698808e-03 7.434778e-03 7.249232e-03
-9.999000e+03 -9.999000e+03 -9.999000e+03 -9.999000e+03 -9.999000e+03 7.532195e-03 4.078687e-03 5.907574e-03 2.958310e-03 2.999309e-03 4.036117e-03 4.411491e-03 4.663740e-03 4.943151e-03 4.895088e-03 4.957743e-03 4.864185e-03 4.727194e-03 4.773616e-03 5.079753e-03 7.890665e-03 1.053853e-02 1.305651e-02 1.609239e-02 1.777733e-02 1.976350e-02 2.182846e-02 6.466949e-03 6.467495e-03 6.554016e-03 6.589712e-03 6.569779e-03 6.620589e-03 6.724686e-03 6.837746e-03 6.951069e-03 7.097782e-03 7.312700e-03 7.543545e-03 7.755240e-03 7.951341e-03 8.128142e-03 8.273719e-03 8.388621e-03 8.456106e-03 8.450518e-03 8.378622e-03 8.251171e-03 8.098033e-03 7.921186e-03 7.714233e-03 7.481371e-03
-9.999000e+03 -9.999000e+03 -9.999000e+03 -9.999000e+03 1.482435e-02 1.623928e-03 4.192143e-03 5.559617e-03 2.830203e-03 2.738805e-03 3.691627e-03 4.087809e-03 4.740238e-03 4.306207e-03 4.741180e-03 4.914698e-03 4.937738e-03 4.825467e-03 4.867240e-03 5.155686e-03 5.484139e-03 5.786665e-03 6.150583e-03 6.364032e-03 6.603427e-03 6.695234e-03 6.733227e-03 6.748418e-03 6.757835e-03 6.780315e-03 6.779056e-03 6.745060e-03 6.736837e-03 6.759623e-03 6.804533e-03 6.868604e-03 6.988125e-03 7.202976e-03 7.436667e-03 7.644125e-03 7.830418e-03 7.987001e-03 8.115253e-03 8.233012e-03 8.335934e-03 8.401676e-03 8.396084e-03 8.292350e-03 8.163598e-03 8.072626e-03 7.898404e-03 7.678374e-03
-9.999000e+03 -9.999000e+03 -9.999000e+03 -9.999000e+03 8.239739e-03 4.085745e-03 3.872379e-03 3.905180e-03 3.397276e-03 2.569374e-03 3.603627e-03 5.735041e-03 2.938966e-03 4.141029e-03 4.624203e-03 4.880386e-03 4.952787e-03 4.841750e-03 4.888674e-03 5.179674e-03 5.540482e-03 6.104557e-03 6.114879e-03 6.596492e-03 6.847824e-03 6.943525e-03 7.018095e-03 7.095584e-03 7.119141e-03 7.098203e-03 7.080647e-03 7.051325e-03 7.011518e-03 6.974473e-03 6.953627e-03 6.956590e-03 7.012441e-03 7.157663e-03 7.348179e-03 7.554895e-03 7.732659e-03 7.841661e-03 7.922500e-03 8.020785e-03 8.135621e-03 8.246387e-03 8.299906e-03 8.252071e-03 8.184189e-03 7.997908e-03 7.923849e-03 7.711994e-03
-9.999000e+03 -9.999000e+03 -9.999000e+03 7.585375e-03 1.462543e-03 4.311075e-03 2.674273e-03 3.172718e-03 2.452082e-03 3.208474e-03 4.431304e-03 3.576530e-03 2.800149e-03 3.947952e-03 4.486710e-03 4.794152e-03 4.894287e-03 4.815204e-03 4.861426e-03 5.126795e-03 6.375689e-03 5.365289e-03 6.178036e-03 6.631128e-03 6.913405e-03 7.073922e-03 7.210631e-03 7.336570e-03 7.388062e-03 7.360071e-03 7.321926e-03 7.286669e-03 7.246087e-03 7.197479e-03 7.149535e-03 7.122405e-03 7.123594e-03 7.174575e-03 7.303110e-03 7.507322e-03 7.670313e-03 7.720644e-03 7.748936e-03 7.814118e-03 7.913134e-03 8.037547e-03 8.134594e-03 8.161829e-03 7.623160e-03 7.638295e-03 7.576534e-03 7.401346e-03
-9.999000e+03 -9.999000e+03 -9.999000e+03 7.404976e-03 3.854329e-03 3.012081e-03 2.352381e-03 2.126916e-03 2.600931e-03 2.709987e-03 3.462052e-03 3.181778e-03 2.598637e-03 3.671694e-03 4.274067e-03 4.602962e-03 4.730599e-03 4.714332e-03 4.713564e-03 7.765477e-03 3.494665e-03 5.106450e-03 5.829357e-03 6.277571e-03 6.627733e-03 6.891448e-03 7.090516e-03 7.252214e-03 7.333085e-03 7.310705e-03 7.255227e-03 7.207506e-03 7.184637e-03 7.188456e-03 7.208463e-03 7.236977e-03 7.251369e-03 7.242528e-03 7.313276e-03 7.503435e-03 7.655872e-03 7.681643e-03 7.679291e-03 7.693555e-03 7.740819e-03 7.840777e-03 7.959150e-03 6.551273e-03 6.576251e-03 6.564765e-03 6.505093e-03 2.163105e-02
-9.999000e+03 -9.999000e+03 7.187966e-03 5.573524e-04 2.830801e-03 2.713229e-03 1.884295e-03 1.716164e-03 1.851407e-03 1.636003e-03 2.511704e-03 2.638816e-03 2.276336e-03 3.342897e-03 3.988141e-03 4.280834e-03 4.439475e-03 4.488927e-03 5.888541e-03 4.318075e-03 3.160425e-03 4.497038e-03 5.128271e-03 5.608025e-03 6.071985e-03 6.418835e-03 6.685812e-03 6.909214e-03 7.029796e-03 7.030115e-03 6.973497e-03 6.922223e-03 6.930953e-03 7.025188e-03 7.134088e-03 7.248547e-03 7.311609e-03 7.293018e-03 7.317168e-03 7.479631e-03 7.635480e-03 7.685274e-03 7.679070e-03 7.647934e-03 7.648011e-03 7.724938e-03 4.197898e-03 4.243911e-03 4.250830e-03 4.222801e-03 2.365818e-02 7.868721e-03
-9.999000e+03 -9.999000e+03 3.606514e-03 2.745639e-03 2.329879e-03 1.916483e-03 1.547256e-03 1.896408e-03 2.147280e-03 1.099048e-03 1.706547e-03 2.194507e-03 1.974935e-03 3.038999e-03 3.513198e-03 3.684183e-03 3.823059e-03 3.942560e-03 3.813345e-03 4.110764e-03 2.699479e-03 3.656643e-03 4.208906e-03 4.801072e-03 5.256162e-03 5.690266e-03 6.106177e-03 6.405649e-03 6.595968e-03 6.658932e-03 6.631868e-03 6.572975e-03 6.634699e-03 6.747617e-03 6.919359e-03 7.079865e-03 7.187575e-03 7.208271e-03 7.243515e-03 7.383984e-03 7.542172e-03 7.639685e-03 7.667790e-03 7.650466e-03 7.657031e-03 7.752986e-03 7.855266e-03 7.976698e-03 2.175726e-02 2.578323e-02 7.918329e-03 7.893873e-03
-9.999000e+03 6.518230e-03 5.647888e-03 3.401028e-03 2.203717e-03 1.252456e-03 1.997788e-03 1.989950e-03 -9.999000e+03 -9.999000e+03 -9.999000e+03 1.682273e-03 1.834126e-03 2.326237e-03 2.528364e-03 2.539606e-03 2.631584e-03 2.786973e-03 2.625526e-03 2.022013e-03 1.873047e-03 2.408886e-03 3.324361e-03 3.745294e-03 4.215540e-03 4.891684e-03 5.376683e-03 5.743270e-03 6.000068e-03 6.124753e-03 6.131625e-03 6.245624e-03 6.229801e-03 6.416671e-03 6.616513e-03 6.815492e-03 6.957124e-03 7.017267e-03 7.093115e-03 7.248505e-03 7.440151e-03 7.568595e-03 7.635977e-03 7.625632e-03 7.668431e-03 7.827254e-03 1.283429e-02 1.741609e-02 8.086938e-03 7.993072e-03 7.947468e-03 7.999831e-03
-9.999000e+03 1.445631e-02 3.006019e-03 2.192322e-03 1.809348e-03 1.857272e-03 -9.999000e+03 -9.999000e+03 -9.999000e+03 -9.999000e+03 -9.999000e+03 -9.999000e+03 1.957626e-03 2.231783e-03 2.970106e-03 3.223003e-03 2.539113e-03 3.476436e-03 3.504103e-03 2.591441e-03 1.649724e-03 1.697505e-03 2.104816e-03 2.530966e-03 3.511158e-03 4.052127e-03 4.474519e-03 4.831876e-03 5.079099e-03 5.194559e-03 5.807654e-03 5.660668e-03 5.854127e-03 6.051454e-03 6.313726e-03 6.555634e-03 6.709217e-03 6.755622e-03 6.853885e-03 7.142763e-03 7.361220e-03 7.512555e-03 7.495635e-03 7.507175e-03 7.690698e-03 7.802331e-03 7.943349e-03 8.069668e-03 8.047252e-03 7.977423e-03 7.975587e-03 8.150441e-03
7.600673e-03 2.579240e-03 2.630383e-03 1.834946e-03 1.170414e-03 2.228556e-03 -9.999000e+03 -9.999000e+03 -9.999000e+03 -9.999000e+03 -9.999000e+03 -9.999000e+03 -9.999000e+03 -9.999000e+03 -9.999000e+03 2.587931e-03 3.662796e-03 2.724145e-03 2.590536e-03 2.380476e-03 3.403439e-03 -9.999000e+03 -9.999000e+03 2.103686e-03 2.541195e-03 2.783030e-03 3.028090e-03 3.254679e-03 3.363486e-03 5.140390e-03 4.741652e-03 5.229136e-03 5.299780e-03 5.603522e-03 5.926726e-03 6.180665e-03 6.306644e-03 6.328167e-03 6.685120e-03 6.941858e-03 7.236834e-03 7.111751e-03 7.135038e-03 7.548669e-03 7.496813e-03 7.641963e-03 7.912862e-03 7.871769e-03 7.886290e-03 7.822333e-03 7.996240e-03 8.182068e-03
7.134213e-03 1.751319e-03 1.644547e-03 1.638323e-03 2.264297e-03 -9.999000e+03 -9.999000e+03 -9.999000e+03 -9.999000e+03 -9.999000e+03 -9.999000e+03 -9.999000e+03 -9.999000e+03 -9.999000e+03 -9.999000e+03 -9.999000e+03 -9.999000e+03 -9.999000e+03 -9.999000e+03 -9.999000e+03 -9.999000e+03 -9.999000e+03 -9.999000e+03 1.991002e-03 2.437150e-03 2.594406e-03 3.663054e-03 4.298967e-03 4.591159e-03 3.049797e-03 4.448010e-03 4.237367e-03 4.494171e-03 4.878906e-03 5.197797e-03 5.361194e-03 5.439653e-03 6.228887e-03 6.223333e-03 6.595441e-03 6.131444e-03 6.183573e-03 7.386023e-03 7.016076e-03 7.053131e-03 7.569252e-03 7.267665e-03 7.338341e-03 7.344263e-03 7.715874e-03 7.666621e-03 8.148389e-03
-9.999000e+03 2.350753e-03 2.230987e-03 2.586353e-03 -9.999000e+03 -9.999000e+03 -9.999000e+03 -9.999000e+03 -9.999000e+03 -9.999000e+03 -9.999000e+03 -9.999000e+03 -9.999000e+03 -9.999000e+03 -9.999000e+03 -9.999000e+03 -9.999000e+03 -9.999000e+03 -9.999000e+03 -9.999000e+03 -9.999000e+03 -9.999000e+03 -9.999000e+03 -9.999000e+03 -9.999000e+03 -9.999000e+03 2.786595e-03 2.966997e-03 3.989903e-03 3.904101e-03 2.651467e-03 2.821424e-03 3.090064e-03 3.399038e-03 3.532899e-03 3.564630e-03 5.754605e-03 5.229889e-03 5.467729e-03 3.967959e-03 4.050372e-03 7.103454e-03 6.076253e-03 6.069738e-03 7.261905e-03 6.126895e-03 6.164026e-03 6.189478e-03 7.440983e-03 6.981854e-03 7.527036e-03 6.662196e-03
-9.999000e+03 -9.999000e+03 -9.999000e+03 -9.999000e+03 -9.999000e+03 -9.999000e+03 -9.999000e+03 -9.999000e+03 -9.999000e+03 -9.999000e+03 -9.999000e+03 -9.999000e+03 -9.999000e+03 -9.999000e+03 -9.999000e+03 -9.999000e+03 -9.999000e+03 -9.999000e+03 -9.999000e+03 -9.999000e+03 -9.999000e+03 -9.999000e+03 -9.999000e+03 -9.999000e+03 -9.999000e+03 -9.999000e+03 -9.999000e+03 -9.999000e+03 2.867541e-03 3.444657e-03 2.455892e-03 2.621391e-03 2.946263e-03 4.476371e-03 5.177057e-03 5.293980e-03 3.410471e-03 3.574564e-03 3.723249e-03 5.654470e-03 6.574772e-03 3.978040e-03 4.002269e-03 7.072484e-03 4.021362e-03 4.024599e-03 4.012685e-03 7.172905e-03 5.958603e-03 7.114625e-03 4.141141e-03 4.343320e-03
-9.999000e+03 -9.999000e+03 -9.999000e+03 -9.999000e+03 -9.999000e+03 -9.999000e+03 -9.999000e+03 -9.999000e+03 -9.999000e+03 -9.999000e+03 -9.999000e+03 -9.999000e+03 -9.999000e+03 -9.999000e+03 -9.999000e+03 -9.999000e+03 -9.999000e+03 -9.999000e+03 -9.999000e+03 -9.999000e+03 -9.999000e+03 -9.999000e+03 -9.999000e+03 -9.999000e+03 -9.999000e+03 -9.999000e+03 -9.999000e+03 -9.999000e+03 -9.999000e+03 2.553737e-03 3.565082e-03 3.601335e-03 4.045628e-03 3.403369e-03 3.463489e-03 3.310998e-03 3.320869e-03 3.514515e-03 5.234757e-03 6.056715e-03 6.453142e-03 6.633154e-03 6.800807e-03 3.982343e-03 6.015125e-03 6.860495e-03 7.080746e-03 3.887875e-03 6.834284e-03 4.022270e-03 6.219973e-03 7.442162e-03
-9.999000e+03 -9.999000e+03 -9.999000e+03 -9.999000e+03 -9.999000e+03 -9.999000e+03 -9.999000e+03 -9.999000e+03 -9.999000e+03 -9.999000e+03 -9.999000e+03 -9.999000e+03 -9.999000e+03 -9.999000e+03 -9.999000e+03 -9.999000e+03 -9.999000e+03 -9.999000e+03 -9.999000e+03 -9.999000e+03 -9.999000e+03 -9.999000e+03 -9.999000e+03 -9.999000e+03 -9.999000e+03 -9.999000e+03 -9.999000e+03 -9.999000e+03 -9.999000e+03 -9.999000e+03 3.751582e-03 -9.999000e+03 -9.999000e+03 -9.999000e+03 -9.999000e+03 -9.999000e+03 -9.999000e+03 -9.999000e+03 3.647355e-03 5.368923e-03 6.039342e-03 6.214963e-03 6.369998e-03 6.670354e-03 6.935032e-03 7.069607e-03 7.014725e-03 6.731389e-03 3.825386e-03 5.944435e-03 7.063916e-03 7.644713e-03
-9.999000e+03 -9.999000e+03 -9.999000e+03 -9.999000e+03 -9.999000e+03 -9.999000e+03 -9.999000e+03 -9.999000e+03 -9.999000e+03 -9.999000e+03 -9.999000e+03 -9.999000e+03 -9.999000e+03 -9.999000e+03 -9.999000e+03 -9.999000e+03 -9.999000e+03 -9.999000e+03 -9.999000e+03 -9.999000e+03 -9.999000e+03 -9.999000e+03 -9.999000e+03 -9.999000e+03 -9.999000e+03 -9.999000e+03 -9.999000e+03 -9.999000e+03 -9.999000e+03 -9.999000e+03 -9.999000e+03 -9.999000e+03 -9.999000e+03 -9.999000e+03 -9.999000e+03 -9.999000e+03 -9.999000e+03 -9.999000e+03 -9.999000e+03 -9.999000e+03 -9.999000e+03 3.659971e-03 3.719430e-03 3.876524e-03 5.851415e-03 6.654710e-03 6.805479e-03 6.550743e-03 6.530781e-03 6.981226e-03 7.404494e-03 7.559184e-03
-9.999000e+03 -9.999000e+03 -9.999000e+03 -9.999000e+03 -9.999000e+03 -9.999000e+03 -9.999000e+03 -9.999000e+03 -9.999000e+03 -9.999000e+03 -9.999000e+03 -9.999000e+03 -9.999000e+03 -9.999000e+03 -9.999000e+03 -9.999000e+03 -9.999000e+03 -9.999000e+03 -9.999000e+03 -9.999000e+03 -9.999000e+03 -9.999000e+03 -9.999000e+03 -9.999000e+03 -9.999000e+03 -9.999000e+03 -9.999000e+03 -9.999000e+03 -9.999000e+03 -9.999000e+03 -9.999000e+03 -9.999000e+03 -9.999000e+03 -9.999000e+03 -9.999000e+03 -9.999000e+03 -9.999000e+03 -9.999000e+03 -9.999000e+03 -9.999000e+03 -9.999000e+03 -9.999000e+03 -9.999000e+03 -9.999000e+03 3.981035e-03 3.943942e-03 5.777224e-03 6.293242e-03 3.831025e-03 5.995644e-03 7.017752e-03 7.172340e-03
-9.999000e+03 -9.999000e+03 -9.999000e+03 -9.999000e+03 -9.999000e+03 -9.999000e+03 -9.999000e+03 -9.999000e+03 -9.999000e+03 -9.999000e+03 -9.999000e+03 -9.999000e+03 -9.999000e+03 -9.999000e+03 -9.999000e+03 -9.999000e+03 -9.999000e+03 -9.999000e+03 -9.999000e+03 -9.999000e+03 -9.999000e+03 -9.999000e+03 -9.999000e+03 -9.999000e+03 -9.999000e+03 -9.999000e+03 -9.999000e+03 -9.999000e+03 -9.999000e+03 -9.999000e+03 -9.999000e+03 -9.999000e+03 -9.999000e+03 -9.999000e+03 -9.999000e+03 -9.999000e+03 -9.999000e+03 -9.999000e+03 -9.999000e+03 -9.999000e+03 -9.999000e+03 -9.999000e+03 -9.999000e+03 -9.999000e+03 -9.999000e+03 -9.999000e+03 -9.999000e+03 -9.999000e+03 -9.999000e+03 -9.999000e+03 4.072596e-03 5.807713e-03
-9.999000e+03 -9.999000e+03 -9.999000e+03 -9.999000e+03 -9.999000e+03 -9.999000e+03 -9.999000e+03 -9.999000e+03 -9.999000e+03 -9.999000e+03 -9.999000e+03 -9.999000e+03 -9.999000e+03 -9.999000e+03 -9.999000e+03 -9.999000e+03 -9.999000e+03 -9.999000e+03 -9.999000e+03 -9.999000e+03 -9.999000e+03 -9.999000e+03 -9.999000e+03 -9.999000e+03 -9.999000e+03 -9.999000e+03 -9.999000e+03 -9.999000e+03 -9.999000e+03 -9.999000e+03 -9.999000e+03 -9.999000e+03 -9.999000e+03 -9.999000e+03 -9.999000e+03 -9.999000e+03 -9.999000e+03 -9.999000e+03 -9.999000e+03 -9.999000e+03 -9.999000e+03 -9.999000e+03 -9.999000e+03 -9.999000e+03 -9.999000e+03 -9.999000e+03 -9.999000e+03 -9.999000e+03 -9.999000e+03 -9.999000e+03 -9.999000e+03 3.746154e-03
-9.999000e+03 -9.999000e+03 -9.999000e+03 -9.999000e+03 -9.999000e+03 -9.999000e+03 -9.999000e+03 -9.999000e+03 -9.999000e+03 -9.999000e+03 -9.999000e+03 -9.999000e+03 -9.999000e+03 -9.999000e+03 -9.999000e+03 -9.999000e+03 -9.999000e+03 -9.999000e+03 -9.999000e+03 -9.999000e+03 -9.999000e+03 -9.999000e+03 -9.999000e+03 -9.999000e+03 -9.999000e+03 -9.999000e+03 -9.999000e+03 -9.999000e+03 -9.999000e+03 -9.999000e+03 -9.999000e+03 -9.999000e+03 -9.999000e+03 -9.999000e+03 -9.999000e+03 -9.999000e+03 -9.999000e+03 -9.999000e+03 -9.999000e+03 -9.999000e+03 -9.999000e+03 -9.999000e+03 -9.999000e+03 -9.999000e+03 -9.999000e+03 -9.999000e+03 -9.999000e+03 -9.999000e+03 -9.999000e+03 -9.999000e+03 -9.999000e+03 -9.999000e+03
-9.999000e+03 -9.999000e+03 -9.999000e+03 -9.999000e+03 -9.999000e+03 -9.999000e+03 -9.999000e+03 -9.999000e+03 -9.999000e+03 -9.999000e+03 -9.999000e+03 -9.999000e+03 -9.999000e+03 -9.999000e+03 -9.999000e+03 -9.999000e+03 -9.999000e+03 -9.999000e+03 -9.999000e+03 -9.999000e+03 -9.999000e+03 -9.999000e+03 -9.999000e+03 -9.999000e+03 -9.999000e+03 -9.999000e+03 -9.999000e+03 -9.999000e+03 -9.999000e+03 -9.999000e+03 -9.999000e+03 -9.999000e+03 -9.999000e+03 -9.999000e+03 -9.999000e+03 -9.999000e+03 -9.999000e+03 -9.999000e+03 -9.999000e+03 -9.999000e+03 -9.999000e+03 -9.999000e+03 -9.999000e+03 -9.999000e+03 -9.999000e+03 -9.999000e+03 -9.999000e+03 -9.999000e+03 -9.999000e+03 -9.999000e+03 -9.999000e+03 -9.999000e+03
