tests/data/reference/test_implicit_stream_rill_mfda/mqsur_m3_s.asc
ncols	123
nrows	77
xllcorner	-713746.79929998
yllcorner	-1061022.36961616
cellsize	10.0
NODATA_value	-9999
[rows 23 to 45 of 77, columns 0 to 51 of 123]
-9.999000e+03 -9.999000e+03 -9.999000e+03 -9.999000e+03 -9.999000e+03 -9.999000e+03 -9.999000e+03 -9.999000e+03 -9.999000e+03 -9.999000e+03 -9.999000e+03 -9.999000e+03 -9.999000e+03 -9.999000e+03 2.139253e-03 3.314049e-03 3.296701e-03 3.045770e-03 2.370065e-03 1.086486e-03 1.035007e-03 1.019704e-02 1.499142e-03 1.300982e-02 1.539186e-02 5.878505e-03 8.538440e-03 6.592858e-03 7.127694e-03 7.504283e-03 4.044066e-03 6.270620e-03 7.354987e-03 8.031670e-03 2.234615e-02 8.050707e-03 8.083894e-03 4.211841e-03 1.429141e-02 8.579187e-03 8.648117e-03 8.762449e-03 8.918060e-03 8.996972e-03 8.980947e-03 8.923986e-03 8.880053e-03 8.908771e-03 9.000058e-03 8.788776e-03 8.258838e-03 4.422373e-03
-9.999000e+03 -9.999000e+03 -9.999000e+03 -9.999000e+03 -9.999000e+03 -9.999000e+03 -9.999000e+03 -9.999000e+03 -9.999000e+03 -9.999000e+03 -9.999000e+03 -9.999000e+03 -9.999000e+03 -9.999000e+03 1.575331e-03 5.148873e-03 5.379531e-03 3.699315e-03 2.302224e-03 2.981356e-03 8.922315e-03 1.836502e-02 3.670278e-03 4.039029e-03 1.031155e-02 1.753776e-02 7.331983e-03 6.849041e-03 7.117391e-03 4.001262e-03 7.631649e-03 6.249746e-03 7.319002e-03 7.748760e-03 2.590912e-02 7.993055e-03 8.133599e-03 4.238125e-03 1.484532e-02 8.590795e-03 8.618221e-03 8.699927e-03 8.826307e-03 8.907541e-03 8.923957e-03 8.910760e-03 8.906553e-03 8.966556e-03 9.079306e-03 9.070475e-03 4.431661e-03 8.982260e-03
-9.999000e+03 -9.999000e+03 -9.999000e+03 -9.999000e+03 -9.999000e+03 -9.999000e+03 -9.999000e+03 -9.999000e+03 -9.999000e+03 -9.999000e+03 -9.999000e+03 -9.999000e+03 -9.999000e+03 -9.999000e+03 4.003639e-03 2.547219e-03 2.578905e-03 2.571154e-03 2.520398e-03 1.275313e-03 1.142592e-02 9.866993e-03 1.632788e-02 5.335932e-03 5.638148e-03 8.826743e-03 2.148158e-02 7.162763e-03 7.285407e-03 4.051470e-03 6.087822e-03 7.581231e-03 7.093571e-03 7.598698e-03 7.720326e-03 2.943202e-02 4.148372e-03 8.295625e-03 6.597177e-03 1.994662e-02 8.589481e-03 8.668988e-03 8.767774e-03 8.840051e-03 8.881370e-03 8.912561e-03 8.957602e-03 9.056551e-03 9.195774e-03 9.292632e-03 7.120943e-03 4.527391e-03
-9.999000e+03 -9.999000e+03 -9.999000e+03 -9.999000e+03 -9.999000e+03 -9.999000e+03 -9.999000e+03 -9.999000e+03 -9.999000e+03 -9.999000e+03 -9.999000e+03 -9.999000e+03 2.895896e-03 2.367988e-03 6.131937e-03 3.364215e-03 2.613687e-03 1.401509e-03 1.038580e-03 1.004979e-02 4.825870e-03 1.296380e-02 7.972318e-03 1.228197e-02 6.013287e-03 6.307871e-03 2.779820e-02 7.083051e-03 7.203158e-03 5.995044e-03 4.000160e-03 6.941430e-03 7.428625e-03 7.137993e-03 7.279920e-03 7.717978e-03 2.722739e-02 6.488511e-03 8.384414e-03 7.720884e-03 2.505403e-02 8.634890e-03 8.704684e-03 8.774132e-03 8.855125e-03 8.953008e-03 9.069062e-03 9.208902e-03 9.361685e-03 9.511998e-03 8.634438e-03 4.566246e-03
-9.999000e+03 -9.999000e+03 -9.999000e+03 -9.999000e+03 -9.999000e+03 -9.999000e+03 -9.999000e+03 -9.999000e+03 -9.999000e+03 -9.999000e+03 -9.999000e+03 -9.999000e+03 -9.999000e+03 2.828672e-03 3.051647e-03 3.004279e-03 1.751856e-03 8.754609e-04 9.668822e-03 4.526489e-03 4.844907e-03 5.140138e-03 1.341388e-02 1.703409e-02 2.410079e-02 2.441187e-02 2.482956e-02 2.582578e-02 6.572941e-03 6.900123e-03 6.679012e-03 5.891557e-03 6.983996e-03 6.980982e-03 6.967842e-03 7.362693e-03 7.805733e-03 2.508370e-02 7.639121e-03 8.456345e-03 2.760720e-02 8.564852e-03 8.602844e-03 8.689067e-03 8.842382e-03 9.045471e-03 9.258189e-03 9.431462e-03 9.569694e-03 9.730091e-03 9.452841e-03 7.369691e-03
-9.999000e+03 -9.999000e+03 -9.999000e+03 -9.999000e+03 -9.999000e+03 -9.999000e+03 -9.999000e+03 -9.999000e+03 -9.999000e+03 -9.999000e+03 -9.999000e+03 -9.999000e+03 -9.999000e+03 -9.999000e+03 -9.999000e+03 2.165681e-03 4.433040e-04 7.948805e-03 1.549250e-02 1.359847e-02 9.790738e-03 7.590929e-03 6.151348e-03 5.255781e-03 5.357963e-03 5.572099e-03 5.651154e-03 2.632349e-02 4.990849e-02 6.238631e-03 6.579099e-03 6.577554e-03 6.256267e-03 6.556534e-03 6.717005e-03 7.156919e-03 7.565152e-03 7.783582e-03 2.315844e-02 7.937119e-03 3.250960e-02 8.515213e-03 8.590290e-03 8.725900e-03 8.940407e-03 9.214705e-03 9.478919e-03 9.650655e-03 9.759826e-03 9.913907e-03 9.879767e-03 8.895179e-03
-9.999000e+03 -9.999000e+03 -9.999000e+03 -9.999000e+03 -9.999000e+03 -9.999000e+03 -9.999000e+03 -9.999000e+03 -9.999000e+03 -9.999000e+03 -9.999000e+03 -9.999000e+03 -9.999000e+03 -9.999000e+03 -9.999000e+03 -9.999000e+03 8.186189e-04 8.773606e-03 8.628845e-03 6.745429e-03 5.550637e-03 4.997131e-03 4.907619e-03 5.077541e-03 5.360241e-03 5.703155e-03 5.854399e-03 5.681349e-03 5.551469e-03 5.044630e-02 5.173014e-02 5.240687e-02 6.095279e-03 6.057422e-03 6.332996e-03 6.784396e-03 1.123852e-02 1.567002e-02 7.507598e-03 2.138764e-02 8.089623e-03 3.676617e-02 8.757574e-03 8.961204e-03 9.194219e-03 9.461673e-03 9.693355e-03 9.818192e-03 9.896013e-03 1.004056e-02 1.007657e-02 9.595939e-03
-9.999000e+03 -9.999000e+03 -9.999000e+03 -9.999000e+03 -9.999000e+03 -9.999000e+03 -9.999000e+03 -9.999000e+03 -9.999000e+03 -9.999000e+03 -9.999000e+03 -9.999000e+03 -9.999000e+03 -9.999000e+03 -9.999000e+03 -9.999000e+03 7.990871e-03 3.263589e-03 4.018203e-03 4.515476e-03 4.720886e-03 2.219314e-02 2.040355e-02 1.875979e-02 1.726201e-02 1.584847e-02 1.451037e-02 1.319068e-02 1.192892e-02 1.074374e-02 9.595524e-03 8.454398e-03 5.294162e-02 5.242219e-02 5.140577e-02 5.091743e-02 4.975400e-02 4.865069e-02 5.157104e-02 5.137294e-02 6.283921e-02 6.200970e-02 4.058098e-02 8.592870e-03 8.951042e-03 9.372381e-03 9.615965e-03 9.755866e-03 9.874850e-03 1.003132e-02 1.004756e-02 9.731872e-03
-9.999000e+03 -9.999000e+03 -9.999000e+03 -9.999000e+03 -9.999000e+03 -9.999000e+03 -9.999000e+03 -9.999000e+03 -9.999000e+03 -9.999000e+03 -9.999000e+03 -9.999000e+03 -9.999000e+03 -9.999000e+03 -9.999000e+03 7.991838e-03 3.961732e-03 4.595123e-03 1.980140e-02 2.078926e-02 2.187444e-02 5.045127e-03 7.945851e-03 1.084327e-02 9.324812e-03 1.565954e-02 1.796716e-02 2.007805e-02 1.860322e-02 1.721433e-02 1.587512e-02 1.455350e-02 1.324195e-02 1.192471e-02 1.066055e-02 9.491781e-03 3.835053e-02 3.741988e-02 3.721766e-02 3.841061e-02 3.935060e-02 3.988073e-02 9.663427e-02 1.216679e-01 1.233809e-01 8.211795e-03 1.524656e-02 9.335756e-03 9.630148e-03 9.818730e-03 9.744419e-03 9.416101e-03
-9.999000e+03 -9.999000e+03 -9.999000e+03 -9.999000e+03 -9.999000e+03 -9.999000e+03 -9.999000e+03 -9.999000e+03 -9.999000e+03 -9.999000e+03 -9.999000e+03 -9.999000e+03 -9.999000e+03 -9.999000e+03 7.917747e-03 1.536452e-02 1.837021e-02 1.944455e-02 5.251665e-03 5.367105e-03 5.144548e-03 5.334731e-03 5.539376e-03 5.673146e-03 9.030003e-03 5.975509e-03 6.118602e-03 6.633703e-03 6.821659e-03 6.763012e-03 6.708188e-03 2.097182e-02 2.335882e-02 2.537341e-02 2.706742e-02 3.681023e-02 6.092007e-03 6.843805e-03 7.464845e-03 7.926318e-03 8.249136e-03 8.377308e-03 1.373211e-02 1.852996e-02 2.267193e-02 1.326718e-01 1.350113e-01 1.404462e-01 8.450205e-03 1.565426e-02 8.902070e-03 8.599545e-03
-9.999000e+03 -9.999000e+03 -9.999000e+03 -9.999000e+03 -9.999000e+03 -9.999000e+03 -9.999000e+03 -9.999000e+03 -9.999000e+03 -9.999000e+03 -9.999000e+03 -9.999000e+03 -9.999000e+03 -9.999000e+03 7.973082e-03 1.373768e-02 5.423641e-03 5.505940e-03 5.547847e-03 5.546939e-03 5.585268e-03 5.714527e-03 5.569077e-03 6.097511e-03 6.242484e-03 6.282356e-03 6.429672e-03 6.760335e-03 1.086839e-02 1.458874e-02 1.802660e-02 7.090875e-03 6.946685e-03 6.916808e-03 1.366926e-02 5.808017e-03 6.812540e-03 7.502866e-03 7.730306e-03 8.013247e-03 8.312898e-03 8.542696e-03 8.768400e-03 8.906514e-03 8.993307e-03 1.472414e-02 1.935650e-02 2.317572e-02 1.499836e-01 1.527509e-01 1.591795e-01 7.119498e-03
-9.999000e+03 -9.999000e+03 -9.999000e+03 -9.999000e+03 -9.999000e+03 -9.999000e+03 -9.999000e+03 -9.999000e+03 -9.999000e+03 -9.999000e+03 -9.999000e+03 -9.999000e+03 -9.999000e+03 1.523489e-02 1.888522e-02 5.323639e-03 5.495662e-03 5.662134e-03 5.705924e-03 5.709567e-03 5.706605e-03 5.758976e-03 5.855854e-03 6.000664e-03 6.142822e-03 6.241807e-03 6.440056e-03 6.802175e-03 7.110064e-03 7.274395e-03 7.288343e-03 7.232458e-03 7.244165e-03 1.593707e-02 3.939134e-03 6.049048e-03 7.513956e-03 7.607631e-03 7.737620e-03 7.967933e-03 8.293993e-03 8.525129e-03 8.776219e-03 8.956788e-03 9.090018e-03 8.942767e-03 8.997046e-03 8.974200e-03 8.756840e-03 1.346114e-02 1.658120e-02 1.633396e-01
-9.999000e+03 -9.999000e+03 -9.999000e+03 -9.999000e+03 -9.999000e+03 -9.999000e+03 -9.999000e+03 -9.999000e+03 -9.999000e+03 -9.999000e+03 -9.999000e+03 -9.999000e+03 7.899376e-03 2.156746e-02 5.205366e-03 5.355750e-03 6.177215e-03 5.627749e-03 5.763398e-03 5.819930e-03 5.828123e-03 5.808165e-03 5.813509e-03 5.881410e-03 6.006015e-03 6.161627e-03 6.405385e-03 6.756464e-03 7.029429e-03 7.138802e-03 7.223519e-03 7.263018e-03 1.316510e-02 6.977864e-03 3.974355e-03 7.345977e-03 7.385827e-03 7.386418e-03 7.539769e-03 7.894595e-03 7.988422e-03 8.209478e-03 8.395743e-03 8.548176e-03 8.150481e-03 8.219890e-03 8.310210e-03 8.406400e-03 8.429684e-03 8.105492e-03 8.392593e-03 1.258592e-02
-9.999000e+03 -9.999000e+03 -9.999000e+03 -9.999000e+03 -9.999000e+03 -9.999000e+03 -9.999000e+03 -9.999000e+03 -9.999000e+03 -9.999000e+03 -9.999000e+03 -9.999000e+03 1.499033e-02 4.956586e-03 5.128157e-03 7.416927e-03 5.344482e-03 5.628580e-03 5.800907e-03 5.895145e-03 5.917866e-03 5.863059e-03 5.831833e-03 5.854445e-03 5.950275e-03 6.100711e-03 6.317794e-03 6.600768e-03 6.702855e-03 6.862475e-03 6.913683e-03 1.286488e-02 4.007429e-03 5.986729e-03 7.057126e-03 6.995344e-03 6.745802e-03 6.784689e-03 7.292289e-03 7.061453e-03 7.261929e-03 7.501045e-03 7.732673e-03 6.748027e-03 6.765032e-03 6.834836e-03 6.920924e-03 7.055209e-03 7.033539e-03 8.868614e-03 7.795454e-03 7.481375e-03
-9.999000e+03 -9.999000e+03 -9.999000e+03 -9.999000e+03 -9.999000e+03 -9.999000e+03 -9.999000e+03 -9.999000e+03 -9.999000e+03 -9.999000e+03 -9.999000e+03 7.764154e-03 5.744573e-03 4.595051e-03 8.706377e-03 4.698934e-03 5.256592e-03 5.579758e-03 5.772971e-03 5.897885e-03 5.926554e-03 5.899985e-03 5.872945e-03 5.885238e-03 5.945538e-03 6.063198e-03 6.197689e-03 6.093442e-03 6.440384e-03 6.424944e-03 6.406558e-03 9.492541e-03 3.850842e-03 6.597807e-03 6.439773e-03 5.699626e-03 5.647523e-03 6.684469e-03 5.692939e-03 5.784123e-03 5.968051e-03 6.288517e-03 4.268032e-03 4.253922e-03 4.270429e-03 4.314509e-03 4.348914e-03 4.376040e-03 8.862246e-03 6.679320e-03 6.556155e-03 6.512914e-03
-9.999000e+03 -9.999000e+03 -9.999000e+03 -9.999000e+03 -9.999000e+03 -9.999000e+03 -9.999000e+03 -9.999000e+03 -9.999000e+03 -9.999000e+03 7.699410e-03 1.442585e-02 4.168797e-03 1.005477e-02 3.118078e-03 4.443067e-03 5.094959e-03 5.410065e-03 5.656027e-03 5.755025e-03 5.862438e-03 5.836445e-03 5.830101e-03 5.846653e-03 5.906143e-03 5.962519e-03 5.244533e-03 6.113199e-03 6.134838e-03 5.929895e-03 5.876004e-03 5.853436e-03 5.891475e-03 5.429087e-03 3.790389e-03 3.687639e-03 6.266937e-03 3.627859e-03 3.640687e-03 3.676695e-03 3.845765e-03 4.106576e-03 6.462691e-03 7.594008e-03 8.106979e-03 8.393498e-03 8.578193e-03 8.699148e-03 4.276644e-03 4.201167e-03 4.199102e-03 4.340732e-03
-9.999000e+03 -9.999000e+03 -9.999000e+03 -9.999000e+03 -9.999000e+03 -9.999000e+03 -9.999000e+03 -9.999000e+03 -9.999000e+03 -9.999000e+03 7.578779e-03 4.035579e-03 1.082861e-02 3.881472e-03 2.885194e-03 4.380443e-03 4.810414e-03 5.180328e-03 5.310758e-03 5.652626e-03 5.702132e-03 5.728763e-03 5.745373e-03 5.790902e-03 5.626473e-03 3.544372e-03 5.762421e-03 5.969870e-03 5.597980e-03 5.393404e-03 5.255729e-03 5.194267e-03 3.454867e-03 3.684683e-03 5.514983e-03 6.064180e-03 3.507346e-03 5.020420e-03 5.619824e-03 5.977971e-03 3.812586e-03 4.084738e-03 6.401806e-03 7.471206e-03 7.908751e-03 8.122827e-03 8.282756e-03 8.433428e-03 8.489368e-03 8.382065e-03 8.304820e-03 8.411973e-03
-9.999000e+03 -9.999000e+03 -9.999000e+03 -9.999000e+03 -9.999000e+03 -9.999000e+03 -9.999000e+03 -9.999000e+03 -9.999000e+03 7.593105e-03 5.415458e-03 1.109799e-02 3.895554e-03 2.806248e-03 3.742646e-03 4.276633e-03 4.613809e-03 4.460840e-03 5.350950e-03 5.382863e-03 5.535796e-03 5.626814e-03 5.701215e-03 5.018891e-03 3.496413e-03 5.072052e-03 5.811933e-03 4.964152e-03 4.831706e-03 4.578701e-03 4.444860e-03 3.295518e-03 4.905165e-03 5.862806e-03 6.367660e-03 6.448314e-03 6.346918e-03 6.209844e-03 3.626152e-03 3.793557e-03 6.755024e-03 6.143249e-03 7.336863e-03 7.752024e-03 7.826401e-03 7.837258e-03 7.925397e-03 8.126325e-03 8.299495e-03 8.353949e-03 8.330303e-03 8.290022e-03
-9.999000e+03 -9.999000e+03 -9.999000e+03 -9.999000e+03 -9.999000e+03 -9.999000e+03 -9.999000e+03 -9.999000e+03 -9.999000e+03 7.745857e-03 1.061266e-02 4.056122e-03 3.614491e-03 2.749145e-03 4.062240e-03 4.307352e-03 2.977964e-03 5.220866e-03 4.926730e-03 5.174324e-03 5.400958e-03 5.561809e-03 3.449580e-03 3.513388e-03 5.095865e-03 5.599565e-03 3.413503e-03 3.384107e-03 3.283944e-03 3.089499e-03 3.101632e-03 4.661211e-03 5.563586e-03 6.189751e-03 6.570615e-03 6.708566e-03 6.702101e-03 3.690474e-03 6.489133e-03 5.754931e-03 6.023591e-03 7.416201e-03 7.727546e-03 7.714089e-03 7.617857e-03 7.607000e-03 7.698971e-03 7.874328e-03 8.039102e-03 8.152452e-03 5.219915e-02 5.395047e-02
-9.999000e+03 -9.999000e+03 -9.999000e+03 -9.999000e+03 -9.999000e+03 -9.999000e+03 -9.999000e+03 -9.999000e+03 1.476962e-02 5.630887e-03 7.930720e-03 4.272018e-03 2.700745e-03 3.710534e-03 4.267601e-03 4.372676e-03 6.369184e-03 4.500212e-03 4.712327e-03 5.046069e-03 5.354977e-03 4.871259e-03 5.522862e-03 5.874831e-03 5.995453e-03 1.690465e-02 1.837671e-02 1.644299e-02 1.457680e-02 1.275852e-02 1.106060e-02 9.529424e-03 8.089631e-03 6.719432e-03 6.764518e-03 6.903497e-03 6.908789e-03 1.068467e-02 1.114015e-02 1.454677e-02 1.577250e-02 1.693713e-02 1.495217e-02 1.318432e-02 1.156866e-02 1.007832e-02 8.686169e-03 7.639094e-03 7.644515e-03 5.087935e-02 7.504637e-03 7.591411e-03
-9.999000e+03 -9.999000e+03 -9.999000e+03 -9.999000e+03 -9.999000e+03 -9.999000e+03 -9.999000e+03 7.685813e-03 1.448300e-02 7.606322e-03 4.092006e-03 4.302508e-03 2.756733e-03 4.203694e-03 4.370475e-03 4.429711e-03 4.444704e-03 4.440448e-03 4.639684e-03 5.042210e-03 3.358573e-03 3.409206e-03 4.976306e-03 1.337029e-02 1.513858e-02 5.939773e-03 5.642060e-03 5.767993e-03 5.693568e-03 5.440616e-03 5.432751e-03 5.805035e-03 6.239597e-03 6.603653e-03 6.836790e-03 6.921326e-03 6.896307e-03 6.787965e-03 6.806558e-03 7.036075e-03 7.234499e-03 7.273033e-03 7.240076e-03 7.199724e-03 7.228590e-03 7.357192e-03 7.417064e-03 7.318152e-03 4.626915e-02 7.212670e-03 7.319986e-03 7.449460e-03
-9.999000e+03 -9.999000e+03 -9.999000e+03 -9.999000e+03 -9.999000e+03 -9.999000e+03 -9.999000e+03 7.536945e-03 2.963556e-03 8.115014e-03 2.946196e-03 3.968308e-03 4.232469e-03 4.374721e-03 4.461308e-03 4.483726e-03 4.522968e-03 4.566185e-03 4.771348e-03 5.180277e-03 8.016714e-03 1.056445e-02 1.291234e-02 5.828108e-03 5.876402e-03 5.139566e-03 3.544898e-03 5.140092e-03 5.672824e-03 5.678804e-03 5.727772e-03 6.034715e-03 6.362062e-03 6.599073e-03 6.729392e-03 6.759680e-03 3.362570e-02 3.447903e-02 3.528030e-02 3.601838e-02 3.675510e-02 3.753001e-02 3.856339e-02 3.752094e-02 3.642251e-02 3.512681e-02 4.337932e-02 4.486697e-02 7.219940e-03 7.147665e-03 7.177707e-03 7.264355e-03
-9.999000e+03 -9.999000e+03 -9.999000e+03 -9.999000e+03 -9.999000e+03 -9.999000e+03 -9.999000e+03 7.687036e-04 7.072178e-03 4.100882e-03 2.792136e-03 3.926453e-03 4.402383e-03 4.568149e-03 4.588534e-03 4.606226e-03 4.689655e-03 4.774122e-03 4.944574e-03 5.292225e-03 5.614396e-03 5.813532e-03 5.672133e-03 5.625917e-03 3.484968e-03 3.572289e-03 5.244543e-03 5.851935e-03 5.999907e-03 5.966357e-03 5.983315e-03 6.148598e-03 6.323469e-03 3.082239e-02 3.198642e-02 3.306046e-02 6.979900e-03 7.234735e-03 7.475868e-03 7.704416e-03 7.854912e-03 7.904487e-03 7.949160e-03 1.305475e-02 1.778614e-02 2.206787e-02 7.826079e-03 7.654019e-03 7.444468e-03 7.200323e-03 7.067707e-03 7.091581e-03
