tests/data/reference/test_implicit_stream_rill_mfda/mqsur_m3_s.asc
ncols	123
nrows	77
xllcorner	-713746.79929998
yllcorner	-1061022.36961616
cellsize	10.0
NODATA_value	-9999
[rows 23 to 45 of 77, columns 0 to 51 of 123]
-9.999000e+03 -9.999000e+03 -9.999000e+03 -9.999000e+03 -9.999000e+03 -9.999000e+03 -9.999000e+03 -9.999000e+03 -9.999000e+03 -9.999000e+03 -9.999000e+03 -9.999000e+03 -9.999000e+03 -9.999000e+03 2.160424e-03 3.298443e-03 3.277095e-03 3.059667e-03 2.396055e-03 1.091356e-03 1.042134e-03 1.024660e-02 1.501945e-03 1.315421e-02 1.619290e-02 5.859501e-03 8.769814e-03 6.564662e-03 7.135840e-03 7.495858e-03 4.118532e-03 6.371656e-03 7.433420e-03 8.025452e-03 2.280452e-02 8.034748e-03 8.340721e-03 4.290919e-03 1.440170e-02 8.566095e-03 8.634125e-03 8.748955e-03 8.906683e-03 8.987446e-03 8.971920e-03 8.915875e-03 8.872870e-03 8.903236e-03 9.000870e-03 8.853490e-03 8.366688e-03 4.507004e-03
-9.999000e+03 -9.999000e+03 -9.999000e+03 -9.999000e+03 -9.999000e+03 -9.999000e+03 -9.999000e+03 -9.999000e+03 -9.999000e+03 -9.999000e+03 -9.999000e+03 -9.999000e+03 -9.999000e+03 -9.999000e+03 1.572246e-03 5.225325e-03 5.433262e-03 3.726781e-03 2.326758e-03 3.021761e-03 8.956831e-03 1.847444e-02 3.728826e-03 4.071863e-03 1.048884e-02 1.827489e-02 7.524698e-03 6.836603e-03 7.106106e-03 4.068746e-03 7.622705e-03 6.350052e-03 7.396373e-03 7.788853e-03 2.649516e-02 7.976168e-03 8.117692e-03 4.317913e-03 1.499707e-02 8.576712e-03 8.602141e-03 8.682716e-03 8.808968e-03 8.891124e-03 8.908846e-03 8.897400e-03 8.894830e-03 8.956585e-03 9.072362e-03 9.099049e-03 4.516530e-03 9.051291e-03
-9.999000e+03 -9.999000e+03 -9.999000e+03 -9.999000e+03 -9.999000e+03 -9.999000e+03 -9.999000e+03 -9.999000e+03 -9.999000e+03 -9.999000e+03 -9.999000e+03 -9.999000e+03 -9.999000e+03 -9.999000e+03 4.077539e-03 2.552069e-03 2.609573e-03 2.601644e-03 2.549727e-03 1.286642e-03 1.147309e-02 1.005491e-02 1.664775e-02 5.398744e-03 5.685905e-03 8.951150e-03 2.204136e-02 7.159061e-03 7.274315e-03 4.120299e-03 6.172847e-03 7.562324e-03 7.154825e-03 7.634784e-03 7.727522e-03 3.012079e-02 4.225721e-03 8.284658e-03 6.709845e-03 2.019279e-02 8.572454e-03 8.650789e-03 8.748235e-03 8.820556e-03 8.863389e-03 8.896869e-03 8.944179e-03 9.045027e-03 9.186003e-03 9.300663e-03 7.251978e-03 4.614661e-03
-9.999000e+03 -9.999000e+03 -9.999000e+03 -9.999000e+03 -9.999000e+03 -9.999000e+03 -9.999000e+03 -9.999000e+03 -9.999000e+03 -9.999000e+03 -9.999000e+03 -9.999000e+03 2.934163e-03 2.393933e-03 6.238100e-03 3.382648e-03 2.645161e-03 1.410178e-03 1.045763e-03 1.009740e-02 4.930628e-03 1.313122e-02 8.096673e-03 1.270877e-02 6.049439e-03 6.340644e-03 2.855018e-02 7.074839e-03 7.190569e-03 6.077482e-03 4.067615e-03 6.998759e-03 7.408433e-03 7.155814e-03 7.270432e-03 7.709295e-03 2.843320e-02 6.597044e-03 8.375005e-03 7.810569e-03 2.557316e-02 8.616890e-03 8.684976e-03 8.754099e-03 8.836796e-03 8.937563e-03 9.056670e-03 9.198605e-03 9.352580e-03 9.511648e-03 8.755370e-03 4.654466e-03
-9.999000e+03 -9.999000e+03 -9.999000e+03 -9.999000e+03 -9.999000e+03 -9.999000e+03 -9.999000e+03 -9.999000e+03 -9.999000e+03 -9.999000e+03 -9.999000e+03 -9.999000e+03 -9.999000e+03 2.865283e-03 3.067016e-03 3.022085e-03 1.765870e-03 8.803019e-04 9.700564e-03 4.618700e-03 4.833705e-03 5.135656e-03 1.371749e-02 1.755004e-02 2.495390e-02 2.536206e-02 2.578317e-02 2.662571e-02 6.551524e-03 6.880926e-03 6.728726e-03 5.970785e-03 7.001437e-03 6.955774e-03 6.959970e-03 7.346219e-03 7.786881e-03 2.624589e-02 7.726477e-03 8.446100e-03 2.839356e-02 8.546350e-03 8.582540e-03 8.668798e-03 8.824662e-03 9.031879e-03 9.248783e-03 9.424155e-03 9.562701e-03 9.727132e-03 9.536486e-03 7.510083e-03
-9.999000e+03 -9.999000e+03 -9.999000e+03 -9.999000e+03 -9.999000e+03 -9.999000e+03 -9.999000e+03 -9.999000e+03 -9.999000e+03 -9.999000e+03 -9.999000e+03 -9.999000e+03 -9.999000e+03 -9.999000e+03 -9.999000e+03 2.187383e-03 4.440791e-04 8.004091e-03 1.564475e-02 1.390877e-02 1.010857e-02 7.827590e-03 6.308958e-03 5.223455e-03 5.344109e-03 5.565971e-03 5.644952e-03 2.726514e-02 5.175454e-02 6.213700e-03 6.555953e-03 6.586935e-03 6.295293e-03 6.543860e-03 6.691741e-03 7.146493e-03 7.554628e-03 7.766653e-03 2.431160e-02 7.970793e-03 3.346173e-02 8.496497e-03 8.571122e-03 8.707830e-03 8.925409e-03 9.204214e-03 9.472638e-03 9.645714e-03 9.754107e-03 9.909569e-03 9.925743e-03 9.026029e-03
-9.999000e+03 -9.999000e+03 -9.999000e+03 -9.999000e+03 -9.999000e+03 -9.999000e+03 -9.999000e+03 -9.999000e+03 -9.999000e+03 -9.999000e+03 -9.999000e+03 -9.999000e+03 -9.999000e+03 -9.999000e+03 -9.999000e+03 -9.999000e+03 8.227457e-04 8.810843e-03 8.772644e-03 6.838964e-03 5.570244e-03 4.964262e-03 4.888793e-03 5.068715e-03 5.356989e-03 5.702968e-03 5.851805e-03 5.670778e-03 5.537510e-03 5.242999e-02 5.368808e-02 5.440657e-02 6.078610e-03 6.058263e-03 6.312404e-03 6.766874e-03 1.128638e-02 1.580700e-02 7.487364e-03 2.250494e-02 8.094708e-03 3.789097e-02 8.743625e-03 8.949620e-03 9.185000e-03 9.455177e-03 9.688779e-03 9.813151e-03 9.889395e-03 1.003397e-02 1.009454e-02 9.682727e-03
-9.999000e+03 -9.999000e+03 -9.999000e+03 -9.999000e+03 -9.999000e+03 -9.999000e+03 -9.999000e+03 -9.999000e+03 -9.999000e+03 -9.999000e+03 -9.999000e+03 -9.999000e+03 -9.999000e+03 -9.999000e+03 -9.999000e+03 -9.999000e+03 8.043040e-03 3.336542e-03 4.023254e-03 4.520359e-03 4.721380e-03 2.284757e-02 2.104759e-02 1.942989e-02 1.793177e-02 1.651670e-02 1.516961e-02 1.384621e-02 1.253961e-02 1.128648e-02 1.007721e-02 8.914801e-03 5.472985e-02 5.420444e-02 5.318039e-02 5.281293e-02 5.169191e-02 5.064926e-02 5.360816e-02 5.344164e-02 6.495154e-02 6.410677e-02 4.196434e-02 8.566261e-03 8.927517e-03 9.361890e-03 9.605862e-03 9.744971e-03 9.863507e-03 1.001990e-02 1.004531e-02 9.769738e-03
-9.999000e+03 -9.999000e+03 -9.999000e+03 -9.999000e+03 -9.999000e+03 -9.999000e+03 -9.999000e+03 -9.999000e+03 -9.999000e+03 -9.999000e+03 -9.999000e+03 -9.999000e+03 -9.999000e+03 -9.999000e+03 -9.999000e+03 8.043930e-03 4.065425e-03 4.604051e-03 2.036197e-02 2.142306e-02 2.251629e-02 5.028305e-03 7.960256e-03 1.090666e-02 9.410784e-03 1.577668e-02 1.811820e-02 2.026227e-02 1.885972e-02 1.750472e-02 1.619166e-02 1.490248e-02 1.361357e-02 1.229616e-02 1.104145e-02 9.844859e-03 3.931871e-02 3.848239e-02 3.829693e-02 3.950301e-02 4.040891e-02 4.094314e-02 9.869753e-02 1.238304e-01 1.255695e-01 8.174397e-03 1.538557e-02 9.311100e-03 9.609440e-03 9.798668e-03 9.724744e-03 9.413085e-03
-9.999000e+03 -9.999000e+03 -9.999000e+03 -9.999000e+03 -9.999000e+03 -9.999000e+03 -9.999000e+03 -9.999000e+03 -9.999000e+03 -9.999000e+03 -9.999000e+03 -9.999000e+03 -9.999000e+03 -9.999000e+03 7.975143e-03 1.552403e-02 1.862922e-02 1.985590e-02 5.237797e-03 5.352653e-03 5.122476e-03 5.314619e-03 5.521285e-03 5.660478e-03 9.063276e-03 5.958623e-03 6.102327e-03 6.630410e-03 6.818049e-03 6.748033e-03 6.692436e-03 2.132605e-02 2.383062e-02 2.592104e-02 2.767321e-02 3.774778e-02 6.126536e-03 6.855604e-03 7.445144e-03 7.913621e-03 8.241687e-03 8.368768e-03 1.383659e-02 1.882575e-02 2.318794e-02 1.345536e-01 1.368186e-01 1.420469e-01 8.398624e-03 1.578669e-02 8.860919e-03 8.563960e-03
-9.999000e+03 -9.999000e+03 -9.999000e+03 -9.999000e+03 -9.999000e+03 -9.999000e+03 -9.999000e+03 -9.999000e+03 -9.999000e+03 -9.999000e+03 -9.999000e+03 -9.999000e+03 -9.999000e+03 -9.999000e+03 8.026608e-03 1.432703e-02 5.417749e-03 5.498978e-03 5.536797e-03 5.536184e-03 5.572640e-03 5.702969e-03 5.549870e-03 6.091659e-03 6.238712e-03 6.277989e-03 6.426341e-03 6.760737e-03 1.091320e-02 1.474199e-02 1.826162e-02 7.080409e-03 6.931058e-03 6.899875e-03 1.396414e-02 5.893866e-03 6.874820e-03 7.495262e-03 7.727639e-03 8.019924e-03 8.324504e-03 8.540008e-03 8.774621e-03 8.912218e-03 8.999166e-03 1.491143e-02 1.976584e-02 2.384639e-02 1.515106e-01 1.545081e-01 1.614268e-01 7.114356e-03
-9.999000e+03 -9.999000e+03 -9.999000e+03 -9.999000e+03 -9.999000e+03 -9.999000e+03 -9.999000e+03 -9.999000e+03 -9.999000e+03 -9.999000e+03 -9.999000e+03 -9.999000e+03 -9.999000e+03 1.540174e-02 1.980089e-02 5.316996e-03 5.493350e-03 5.653452e-03 5.704467e-03 5.701948e-03 5.695375e-03 5.746905e-03 5.844897e-03 5.992766e-03 6.137533e-03 6.237584e-03 6.437875e-03 6.804359e-03 7.114379e-03 7.277433e-03 7.292070e-03 7.229556e-03 7.240851e-03 1.616476e-02 4.010656e-03 6.142651e-03 7.514084e-03 7.612465e-03 7.755802e-03 7.991762e-03 8.307017e-03 8.560225e-03 8.815395e-03 8.986423e-03 9.117987e-03 9.001464e-03 9.057741e-03 9.034038e-03 8.810325e-03 1.370492e-02 1.705699e-02 1.660594e-01
-9.999000e+03 -9.999000e+03 -9.999000e+03 -9.999000e+03 -9.999000e+03 -9.999000e+03 -9.999000e+03 -9.999000e+03 -9.999000e+03 -9.999000e+03 -9.999000e+03 -9.999000e+03 7.957950e-03 2.187190e-02 5.190434e-03 5.358385e-03 6.326844e-03 5.638724e-03 5.764872e-03 5.815212e-03 5.819752e-03 5.796961e-03 5.802080e-03 5.871048e-03 5.998186e-03 6.156078e-03 6.403104e-03 6.758723e-03 7.034802e-03 7.153819e-03 7.228531e-03 7.268495e-03 1.327663e-02 7.046031e-03 4.046869e-03 7.353335e-03 7.401353e-03 7.423669e-03 7.582134e-03 7.909396e-03 8.043088e-03 8.269722e-03 8.459841e-03 8.612898e-03 8.254281e-03 8.314526e-03 8.407926e-03 8.507288e-03 8.530729e-03 8.196515e-03 8.364465e-03 1.274801e-02
-9.999000e+03 -9.999000e+03 -9.999000e+03 -9.999000e+03 -9.999000e+03 -9.999000e+03 -9.999000e+03 -9.999000e+03 -9.999000e+03 -9.999000e+03 -9.999000e+03 -9.999000e+03 1.516226e-02 4.931506e-03 5.134206e-03 7.564884e-03 5.375422e-03 5.643002e-03 5.804611e-03 5.894786e-03 5.913305e-03 5.856029e-03 5.821378e-03 5.844675e-03 5.942105e-03 6.094782e-03 6.314634e-03 6.603547e-03 6.729388e-03 6.867471e-03 6.917667e-03 1.300630e-02 4.080871e-03 6.077856e-03 7.071841e-03 7.027169e-03 6.807176e-03 6.848092e-03 7.302092e-03 7.133499e-03 7.339901e-03 7.586370e-03 7.824811e-03 6.865723e-03 6.883133e-03 6.955271e-03 7.044473e-03 7.172874e-03 7.150834e-03 8.849442e-03 7.876098e-03 7.553084e-03
-9.999000e+03 -9.999000e+03 -9.999000e+03 -9.999000e+03 -9.999000e+03 -9.999000e+03 -9.999000e+03 -9.999000e+03 -9.999000e+03 -9.999000e+03 -9.999000e+03 7.830051e-03 5.932266e-03 4.593897e-03 8.846065e-03 4.751519e-03 5.288346e-03 5.591062e-03 5.780050e-03 5.901190e-03 5.930119e-03 5.894200e-03 5.866487e-03 5.878101e-03 5.938817e-03 6.057551e-03 6.200533e-03 6.138858e-03 6.446078e-03 6.422923e-03 6.414546e-03 9.530683e-03 3.919864e-03 6.616788e-03 6.495518e-03 5.781625e-03 5.727686e-03 6.689680e-03 5.774386e-03 5.868379e-03 6.058014e-03 6.388956e-03 4.348621e-03 4.334134e-03 4.351083e-03 4.396334e-03 4.431643e-03 4.459477e-03 8.855497e-03 6.785033e-03 6.657566e-03 6.613001e-03
-9.999000e+03 -9.999000e+03 -9.999000e+03 -9.999000e+03 -9.999000e+03 -9.999000e+03 -9.999000e+03 -9.999000e+03 -9.999000e+03 -9.999000e+03 7.768109e-03 1.461082e-02 4.152610e-03 1.019726e-02 3.166289e-03 4.489492e-03 5.109658e-03 5.419496e-03 5.663853e-03 5.771614e-03 5.860065e-03 5.835022e-03 5.825934e-03 5.840845e-03 5.899703e-03 5.975701e-03 5.312313e-03 6.128602e-03 6.130881e-03 5.943086e-03 5.890271e-03 5.870544e-03 5.911600e-03 5.502396e-03 3.857689e-03 3.752004e-03 6.280008e-03 3.690512e-03 3.703707e-03 3.740746e-03 3.914643e-03 4.182776e-03 6.570112e-03 7.680247e-03 8.155205e-03 8.413133e-03 8.582115e-03 8.695077e-03 4.357463e-03 4.279956e-03 4.277835e-03 4.417160e-03
-9.999000e+03 -9.999000e+03 -9.999000e+03 -9.999000e+03 -9.999000e+03 -9.999000e+03 -9.999000e+03 -9.999000e+03 -9.999000e+03 -9.999000e+03 7.651742e-03 4.073600e-03 1.100430e-02 3.913725e-03 2.927053e-03 4.397065e-03 4.815078e-03 5.185698e-03 5.343008e-03 5.645799e-03 5.705839e-03 5.728955e-03 5.741941e-03 5.785074e-03 5.660790e-03 3.604635e-03 5.799747e-03 5.968747e-03 5.632014e-03 5.422924e-03 5.283664e-03 5.222822e-03 3.512572e-03 3.748962e-03 5.591074e-03 6.107317e-03 3.566549e-03 5.081547e-03 5.653496e-03 5.991330e-03 3.880519e-03 4.160334e-03 6.507162e-03 7.553565e-03 7.951969e-03 8.137469e-03 8.283200e-03 8.428453e-03 8.480745e-03 8.367571e-03 8.286562e-03 8.396394e-03
-9.999000e+03 -9.999000e+03 -9.999000e+03 -9.999000e+03 -9.999000e+03 -9.999000e+03 -9.999000e+03 -9.999000e+03 -9.999000e+03 7.665620e-03 5.584783e-03 1.127357e-02 3.903549e-03 2.846008e-03 3.771829e-03 4.277818e-03 4.611646e-03 4.507346e-03 5.325178e-03 5.387508e-03 5.539712e-03 5.627217e-03 5.697709e-03 5.080010e-03 3.555304e-03 5.134706e-03 5.820984e-03 5.023704e-03 4.887460e-03 4.627481e-03 4.490514e-03 3.348697e-03 4.963180e-03 5.904920e-03 6.391099e-03 6.452979e-03 6.338199e-03 6.195084e-03 3.688756e-03 3.860948e-03 6.769887e-03 6.239071e-03 7.416696e-03 7.795054e-03 7.837501e-03 7.831355e-03 7.914972e-03 8.118126e-03 8.293324e-03 8.345759e-03 8.317889e-03 8.274462e-03
-9.999000e+03 -9.999000e+03 -9.999000e+03 -9.999000e+03 -9.999000e+03 -9.999000e+03 -9.999000e+03 -9.999000e+03 -9.999000e+03 7.812586e-03 1.075617e-02 4.045592e-03 3.640921e-03 2.787407e-03 4.072452e-03 4.300780e-03 3.022326e-03 5.163609e-03 4.926470e-03 5.176864e-03 5.403364e-03 5.560770e-03 3.507135e-03 3.572764e-03 5.159217e-03 5.632465e-03 3.470029e-03 3.439797e-03 3.336796e-03 3.136919e-03 3.149387e-03 4.712791e-03 5.600368e-03 6.213069e-03 6.582964e-03 6.710270e-03 6.695051e-03 3.754919e-03 6.480674e-03 5.838267e-03 6.115646e-03 7.435029e-03 7.740171e-03 7.712776e-03 7.605486e-03 7.591633e-03 7.685990e-03 7.865341e-03 8.032387e-03 8.145264e-03 5.220824e-02 5.403317e-02
-9.999000e+03 -9.999000e+03 -9.999000e+03 -9.999000e+03 -9.999000e+03 -9.999000e+03 -9.999000e+03 -9.999000e+03 1.494742e-02 5.812660e-03 7.919305e-03 4.269389e-03 2.737752e-03 3.738915e-03 4.261548e-03 4.364723e-03 6.376741e-03 4.492362e-03 4.707823e-03 5.045272e-03 5.354702e-03 4.928190e-03 5.555713e-03 5.888151e-03 5.996119e-03 1.716695e-02 1.868423e-02 1.682168e-02 1.499582e-02 1.316380e-02 1.147532e-02 9.936433e-03 8.479781e-03 7.104237e-03 6.769431e-03 6.902544e-03 6.901231e-03 1.073323e-02 1.122332e-02 1.467742e-02 1.594672e-02 1.712322e-02 1.521830e-02 1.347370e-02 1.186164e-02 1.036468e-02 8.941815e-03 7.623998e-03 7.631149e-03 5.090232e-02 7.493281e-03 7.583758e-03
-9.999000e+03 -9.999000e+03 -9.999000e+03 -9.999000e+03 -9.999000e+03 -9.999000e+03 -9.999000e+03 7.755051e-03 1.466349e-02 7.608327e-03 4.128892e-03 4.315611e-03 2.795194e-03 4.200673e-03 4.363153e-03 4.419872e-03 4.434520e-03 4.429605e-03 4.631066e-03 5.038188e-03 3.413537e-03 3.465609e-03 5.036218e-03 1.351493e-02 1.534568e-02 5.937362e-03 5.676188e-03 5.775586e-03 5.686683e-03 5.425576e-03 5.419363e-03 5.801035e-03 6.242728e-03 6.608309e-03 6.838424e-03 6.917351e-03 6.886593e-03 6.773660e-03 6.792645e-03 7.027789e-03 7.229758e-03 7.265838e-03 7.228543e-03 7.185675e-03 7.215110e-03 7.346726e-03 7.407366e-03 7.304685e-03 4.639241e-02 7.187895e-03 7.300820e-03 7.436900e-03
-9.999000e+03 -9.999000e+03 -9.999000e+03 -9.999000e+03 -9.999000e+03 -9.999000e+03 -9.999000e+03 7.611136e-03 2.991955e-03 8.148296e-03 2.989696e-03 4.002789e-03 4.244236e-03 4.372133e-03 4.450689e-03 4.472059e-03 4.511184e-03 4.554058e-03 4.762198e-03 5.177230e-03 8.041707e-03 1.063276e-02 1.303043e-02 5.837791e-03 5.886648e-03 5.204225e-03 3.605176e-03 5.204752e-03 5.707252e-03 5.684116e-03 5.721800e-03 6.031333e-03 6.362390e-03 6.599058e-03 6.726027e-03 6.751959e-03 3.406250e-02 3.487799e-02 3.560403e-02 3.627209e-02 3.690680e-02 3.757313e-02 3.846323e-02 3.745323e-02 3.642577e-02 3.524535e-02 4.333174e-02 4.488929e-02 7.186965e-03 7.116432e-03 7.151226e-03 7.244520e-03
-9.999000e+03 -9.999000e+03 -9.999000e+03 -9.999000e+03 -9.999000e+03 -9.999000e+03 -9.999000e+03 7.728184e-04 7.109816e-03 4.095413e-03 2.831525e-03 3.959762e-03 4.415660e-03 4.560810e-03 4.577914e-03 4.593898e-03 4.677030e-03 4.764263e-03 4.938242e-03 5.292580e-03 5.618358e-03 5.815980e-03 5.707921e-03 5.659673e-03 3.543532e-03 3.633350e-03 5.312329e-03 5.890625e-03 6.010514e-03 5.961147e-03 5.973532e-03 6.141083e-03 6.318193e-03 3.137400e-02 3.254374e-02 3.356283e-02 6.970410e-03 7.226884e-03 7.469472e-03 7.698926e-03 7.848269e-03 7.894352e-03 7.935780e-03 1.312279e-02 1.798573e-02 2.241171e-02 7.799632e-03 7.624552e-03 7.412501e-03 7.166245e-03 7.034965e-03 7.063944e-03
