tests/data/reference/test_implicit_stream_rill_mfda/mqsur_m3_s.asc
ncols	123
nrows	77
xllcorner	-713746.79929998
yllcorner	-1061022.36961616
cellsize	10.0
NODATA_value	-9999
[rows 23 to 45 of 77, columns 0 to 51 of 123]
-9.999000e+03 -9.999000e+03 -9.999000e+03 -9.999000e+03 -9.999000e+03 -9.999000e+03 -9.999000e+03 -9.999000e+03 -9.999000e+03 -9.999000e+03 -9.999000e+03 -9.999000e+03 -9.999000e+03 -9.999000e+03 2.162472e-03 3.296727e-03 3.275146e-03 3.060819e-03 2.398595e-03 1.091799e-03 1.042771e-03 1.025212e-02 1.502119e-03 1.316226e-02 1.653582e-02 5.857777e-03 8.884324e-03 6.562724e-03 7.135890e-03 7.494961e-03 4.126237e-03 6.381641e-03 7.440487e-03 8.024585e-03 2.303950e-02 8.033079e-03 8.500398e-03 4.299136e-03 1.446527e-02 8.564656e-03 8.632576e-03 8.747407e-03 8.905290e-03 8.986206e-03 8.970743e-03 8.914761e-03 8.871887e-03 8.902459e-03 9.000271e-03 8.858612e-03 8.376799e-03 4.515840e-03
-9.999000e+03 -9.999000e+03 -9.999000e+03 -9.999000e+03 -9.999000e+03 -9.999000e+03 -9.999000e+03 -9.999000e+03 -9.999000e+03 -9.999000e+03 -9.999000e+03 -9.999000e+03 -9.999000e+03 -9.999000e+03 1.571841e-03 5.256497e-03 5.459905e-03 3.729304e-03 2.329149e-03 3.025802e-03 8.960837e-03 1.848639e-02 3.734812e-03 4.075222e-03 1.055583e-02 1.861733e-02 7.613692e-03 6.835829e-03 7.104581e-03 4.075708e-03 7.621743e-03 6.359959e-03 7.403325e-03 7.791653e-03 2.680493e-02 7.974455e-03 8.116393e-03 4.326208e-03 1.507010e-02 8.575232e-03 8.600451e-03 8.680874e-03 8.807051e-03 8.889264e-03 8.907128e-03 8.895853e-03 8.893456e-03 8.955384e-03 9.071234e-03 9.100368e-03 4.525392e-03 9.056853e-03
-9.999000e+03 -9.999000e+03 -9.999000e+03 -9.999000e+03 -9.999000e+03 -9.999000e+03 -9.999000e+03 -9.999000e+03 -9.999000e+03 -9.999000e+03 -9.999000e+03 -9.999000e+03 -9.999000e+03 -9.999000e+03 4.108279e-03 2.552324e-03 2.612596e-03 2.604648e-03 2.552611e-03 1.287680e-03 1.147849e-02 1.007477e-02 1.668165e-02 5.404732e-03 5.690506e-03 9.007184e-03 2.229717e-02 7.158862e-03 7.273048e-03 4.127408e-03 6.181177e-03 7.560449e-03 7.160182e-03 7.637172e-03 7.727092e-03 3.046831e-02 4.233746e-03 8.283698e-03 6.721079e-03 2.033232e-02 8.570718e-03 8.648924e-03 8.746196e-03 8.818491e-03 8.861475e-03 8.895179e-03 8.942713e-03 9.043735e-03 9.184780e-03 9.300233e-03 7.265216e-03 4.623792e-03
-9.999000e+03 -9.999000e+03 -9.999000e+03 -9.999000e+03 -9.999000e+03 -9.999000e+03 -9.999000e+03 -9.999000e+03 -9.999000e+03 -9.999000e+03 -9.999000e+03 -9.999000e+03 2.937979e-03 2.396468e-03 6.287147e-03 3.384212e-03 2.648267e-03 1.410986e-03 1.046406e-03 1.010272e-02 4.958309e-03 1.314141e-02 8.123187e-03 1.283468e-02 6.052369e-03 6.343399e-03 2.888946e-02 7.073962e-03 7.189216e-03 6.085522e-03 4.074573e-03 7.003734e-03 7.406417e-03 7.156510e-03 7.268496e-03 7.707705e-03 2.898389e-02 6.607837e-03 8.374093e-03 7.818773e-03 2.585439e-02 8.615092e-03 8.682994e-03 8.752067e-03 8.834926e-03 8.935973e-03 9.055376e-03 9.197502e-03 9.351543e-03 9.510838e-03 8.766895e-03 4.663704e-03
-9.999000e+03 -9.999000e+03 -9.999000e+03 -9.999000e+03 -9.999000e+03 -9.999000e+03 -9.999000e+03 -9.999000e+03 -9.999000e+03 -9.999000e+03 -9.999000e+03 -9.999000e+03 -9.999000e+03 2.868924e-03 3.068341e-03 3.023708e-03 1.767202e-03 8.807257e-04 9.704467e-03 4.649603e-03 4.832395e-03 5.135092e-03 1.385145e-02 1.778703e-02 2.537890e-02 2.579336e-02 2.623037e-02 2.698415e-02 6.549253e-03 6.878933e-03 6.732909e-03 5.978485e-03 7.002162e-03 6.953238e-03 6.958352e-03 7.344099e-03 7.784792e-03 2.683786e-02 7.734458e-03 8.445045e-03 2.884847e-02 8.544517e-03 8.580532e-03 8.666791e-03 8.822901e-03 9.030521e-03 9.247832e-03 9.423392e-03 9.561935e-03 9.726415e-03 9.543526e-03 7.524339e-03
-9.999000e+03 -9.999000e+03 -9.999000e+03 -9.999000e+03 -9.999000e+03 -9.999000e+03 -9.999000e+03 -9.999000e+03 -9.999000e+03 -9.999000e+03 -9.999000e+03 -9.999000e+03 -9.999000e+03 -9.999000e+03 -9.999000e+03 2.189486e-03 4.441347e-04 8.010238e-03 1.566166e-02 1.394128e-02 1.021816e-02 7.925536e-03 6.373142e-03 5.220777e-03 5.343163e-03 5.565550e-03 5.644349e-03 2.769064e-02 5.260089e-02 6.211205e-03 6.553634e-03 6.586913e-03 6.298379e-03 6.541831e-03 6.689281e-03 7.145082e-03 7.553448e-03 7.764928e-03 2.490127e-02 7.972971e-03 3.405569e-02 8.494654e-03 8.569262e-03 8.706088e-03 8.923959e-03 9.203186e-03 9.472000e-03 9.645180e-03 9.753470e-03 9.908897e-03 9.928622e-03 9.038598e-03
-9.999000e+03 -9.999000e+03 -9.999000e+03 -9.999000e+03 -9.999000e+03 -9.999000e+03 -9.999000e+03 -9.999000e+03 -9.999000e+03 -9.999000e+03 -9.999000e+03 -9.999000e+03 -9.999000e+03 -9.999000e+03 -9.999000e+03 -9.999000e+03 8.231035e-04 8.815353e-03 8.787655e-03 6.862920e-03 5.581436e-03 4.960861e-03 4.887116e-03 5.068014e-03 5.356737e-03 5.702937e-03 5.851459e-03 5.669606e-03 5.536067e-03 5.337429e-02 5.472741e-02 5.548018e-02 6.076328e-03 6.057506e-03 6.310060e-03 6.765270e-03 1.131407e-02 1.588431e-02 7.485316e-03 2.309336e-02 8.094116e-03 3.857421e-02 8.742324e-03 8.948566e-03 9.184151e-03 9.454545e-03 9.688279e-03 9.812564e-03 9.888635e-03 1.003314e-02 1.009474e-02 9.690011e-03
-9.999000e+03 -9.999000e+03 -9.999000e+03 -9.999000e+03 -9.999000e+03 -9.999000e+03 -9.999000e+03 -9.999000e+03 -9.999000e+03 -9.999000e+03 -9.999000e+03 -9.999000e+03 -9.999000e+03 -9.999000e+03 -9.999000e+03 -9.999000e+03 8.048851e-03 3.355593e-03 4.023477e-03 4.520610e-03 4.721226e-03 2.313599e-02 2.136453e-02 1.975409e-02 1.819889e-02 1.675736e-02 1.540320e-02 1.406122e-02 1.273945e-02 1.149043e-02 1.027817e-02 9.071569e-03 5.574543e-02 5.510311e-02 5.398169e-02 5.357189e-02 5.246320e-02 5.148809e-02 5.441854e-02 5.425204e-02 6.575710e-02 6.489461e-02 4.271277e-02 8.563668e-03 8.925217e-03 9.360742e-03 9.604700e-03 9.743712e-03 9.862216e-03 1.001857e-02 1.004392e-02 9.771631e-03
-9.999000e+03 -9.999000e+03 -9.999000e+03 -9.999000e+03 -9.999000e+03 -9.999000e+03 -9.999000e+03 -9.999000e+03 -9.999000e+03 -9.999000e+03 -9.999000e+03 -9.999000e+03 -9.999000e+03 -9.999000e+03 -9.999000e+03 8.049734e-03 4.088695e-03 4.604461e-03 2.059166e-02 2.169220e-02 2.279599e-02 5.026714e-03 7.976809e-03 1.095019e-02 9.454084e-03 1.583610e-02 1.819221e-02 2.034808e-02 1.897041e-02 1.763777e-02 1.634879e-02 1.503506e-02 1.371451e-02 1.240466e-02 1.113580e-02 9.937442e-03 3.980065e-02 3.901984e-02 3.883508e-02 4.006564e-02 4.100335e-02 4.153414e-02 9.934460e-02 1.250343e-01 1.267710e-01 8.170596e-03 1.546813e-02 9.308392e-03 9.607169e-03 9.796456e-03 9.722044e-03 9.411079e-03
-9.999000e+03 -9.999000e+03 -9.999000e+03 -9.999000e+03 -9.999000e+03 -9.999000e+03 -9.999000e+03 -9.999000e+03 -9.999000e+03 -9.999000e+03 -9.999000e+03 -9.999000e+03 -9.999000e+03 -9.999000e+03 7.981515e-03 1.554170e-02 1.870433e-02 2.001703e-02 5.236332e-03 5.351203e-03 5.120268e-03 5.312655e-03 5.519536e-03 5.659296e-03 9.088011e-03 5.956926e-03 6.100690e-03 6.630014e-03 6.817603e-03 6.746502e-03 6.690837e-03 2.152830e-02 2.406902e-02 2.620141e-02 2.798288e-02 3.821157e-02 6.129174e-03 6.855781e-03 7.443109e-03 7.912238e-03 8.240627e-03 8.367489e-03 1.389570e-02 1.898086e-02 2.344000e-02 1.356351e-01 1.378332e-01 1.428734e-01 8.393404e-03 1.586485e-02 8.856379e-03 8.559349e-03
-9.999000e+03 -9.999000e+03 -9.999000e+03 -9.999000e+03 -9.999000e+03 -9.999000e+03 -9.999000e+03 -9.999000e+03 -9.999000e+03 -9.999000e+03 -9.999000e+03 -9.999000e+03 -9.999000e+03 -9.999000e+03 8.032566e-03 1.458177e-02 5.417127e-03 5.498160e-03 5.535719e-03 5.534894e-03 5.571271e-03 5.701780e-03 5.547995e-03 6.091095e-03 6.238338e-03 6.277525e-03 6.425966e-03 6.760726e-03 1.094375e-02 1.483403e-02 1.840742e-02 7.078997e-03 6.929272e-03 6.897956e-03 1.412198e-02 5.902213e-03 6.880207e-03 7.494239e-03 7.726994e-03 8.019932e-03 8.324938e-03 8.539533e-03 8.774441e-03 8.911884e-03 8.998768e-03 1.498075e-02 1.994833e-02 2.413860e-02 1.521694e-01 1.553518e-01 1.626218e-01 7.123696e-03
-9.999000e+03 -9.999000e+03 -9.999000e+03 -9.999000e+03 -9.999000e+03 -9.999000e+03 -9.999000e+03 -9.999000e+03 -9.999000e+03 -9.999000e+03 -9.999000e+03 -9.999000e+03 -9.999000e+03 1.542016e-02 2.007046e-02 5.316294e-03 5.492968e-03 5.652802e-03 5.703923e-03 5.700938e-03 5.694117e-03 5.745613e-03 5.843766e-03 5.991966e-03 6.137021e-03 6.237156e-03 6.437633e-03 6.804537e-03 7.114721e-03 7.277559e-03 7.291944e-03 7.229033e-03 7.240304e-03 1.629021e-02 4.018037e-03 6.151836e-03 7.513782e-03 7.612377e-03 7.756718e-03 7.993217e-03 8.308077e-03 8.562702e-03 8.818212e-03 8.988319e-03 9.119621e-03 9.006159e-03 9.062634e-03 9.038806e-03 8.814371e-03 1.380272e-02 1.726841e-02 1.675924e-01
-9.999000e+03 -9.999000e+03 -9.999000e+03 -9.999000e+03 -9.999000e+03 -9.999000e+03 -9.999000e+03 -9.999000e+03 -9.999000e+03 -9.999000e+03 -9.999000e+03 -9.999000e+03 7.964446e-03 2.190481e-02 5.188783e-03 5.358519e-03 6.365574e-03 5.639236e-03 5.764606e-03 5.814521e-03 5.818737e-03 5.795706e-03 5.800812e-03 5.869983e-03 5.997381e-03 6.155502e-03 6.402850e-03 6.758919e-03 7.035184e-03 7.154666e-03 7.228828e-03 7.268934e-03 1.334283e-02 7.052074e-03 4.054359e-03 7.353719e-03 7.402128e-03 7.426422e-03 7.585427e-03 7.910689e-03 8.047610e-03 8.274776e-03 8.465222e-03 8.618238e-03 8.264001e-03 8.323394e-03 8.417118e-03 8.516809e-03 8.540238e-03 8.204922e-03 8.361558e-03 1.281934e-02
-9.999000e+03 -9.999000e+03 -9.999000e+03 -9.999000e+03 -9.999000e+03 -9.999000e+03 -9.999000e+03 -9.999000e+03 -9.999000e+03 -9.999000e+03 -9.999000e+03 -9.999000e+03 1.518106e-02 4.928503e-03 5.134800e-03 7.624594e-03 5.377910e-03 5.643896e-03 5.804716e-03 5.894539e-03 5.912656e-03 5.855044e-03 5.820252e-03 5.843609e-03 5.941228e-03 6.094146e-03 6.314282e-03 6.603578e-03 6.731258e-03 6.867678e-03 6.918018e-03 1.307304e-02 4.088464e-03 6.086794e-03 7.072946e-03 7.029472e-03 6.812568e-03 6.853721e-03 7.302790e-03 7.140054e-03 7.347075e-03 7.594295e-03 7.833386e-03 6.877507e-03 6.894966e-03 6.967360e-03 7.056900e-03 7.184738e-03 7.162651e-03 8.847464e-03 7.883447e-03 7.559492e-03
-9.999000e+03 -9.999000e+03 -9.999000e+03 -9.999000e+03 -9.999000e+03 -9.999000e+03 -9.999000e+03 -9.999000e+03 -9.999000e+03 -9.999000e+03 -9.999000e+03 7.837305e-03 5.995049e-03 4.593839e-03 8.914042e-03 4.756459e-03 5.290992e-03 5.591913e-03 5.780584e-03 5.901344e-03 5.930038e-03 5.893575e-03 5.865702e-03 5.877283e-03 5.938076e-03 6.056942e-03 6.200353e-03 6.142690e-03 6.446146e-03 6.422627e-03 6.414906e-03 9.548297e-03 3.926970e-03 6.618287e-03 6.500401e-03 5.789582e-03 5.735463e-03 6.689651e-03 5.782315e-03 5.876611e-03 6.066862e-03 6.398919e-03 4.357006e-03 4.342477e-03 4.359475e-03 4.404856e-03 4.440267e-03 4.468180e-03 8.854536e-03 6.795585e-03 6.667656e-03 6.622946e-03
-9.999000e+03 -9.999000e+03 -9.999000e+03 -9.999000e+03 -9.999000e+03 -9.999000e+03 -9.999000e+03 -9.999000e+03 -9.999000e+03 -9.999000e+03 7.775650e-03 1.463082e-02 4.150977e-03 1.025913e-02 3.171141e-03 4.493831e-03 5.110817e-03 5.420331e-03 5.664540e-03 5.772718e-03 5.859950e-03 5.834720e-03 5.825378e-03 5.840163e-03 5.898996e-03 5.976343e-03 5.318785e-03 6.129430e-03 6.130274e-03 5.943742e-03 5.891104e-03 5.871721e-03 5.913107e-03 5.509480e-03 3.864607e-03 3.758600e-03 6.280470e-03 3.696921e-03 3.710156e-03 3.747308e-03 3.921733e-03 4.190673e-03 6.580791e-03 7.688114e-03 8.158778e-03 8.413844e-03 8.581585e-03 8.694116e-03 4.365874e-03 4.288140e-03 4.286013e-03 4.425108e-03
-9.999000e+03 -9.999000e+03 -9.999000e+03 -9.999000e+03 -9.999000e+03 -9.999000e+03 -9.999000e+03 -9.999000e+03 -9.999000e+03 -9.999000e+03 7.659716e-03 4.089924e-03 1.108692e-02 3.916615e-03 2.931231e-03 4.398336e-03 4.815418e-03 5.186218e-03 5.345696e-03 5.645503e-03 5.706096e-03 5.728836e-03 5.741472e-03 5.784401e-03 5.663527e-03 3.610785e-03 5.802779e-03 5.968209e-03 5.634738e-03 5.425218e-03 5.285864e-03 5.225129e-03 3.518445e-03 3.755549e-03 5.598412e-03 6.110832e-03 3.572584e-03 5.087316e-03 5.656161e-03 5.991994e-03 3.887506e-03 4.168164e-03 6.517617e-03 7.561025e-03 7.955052e-03 8.137741e-03 8.282418e-03 8.427499e-03 8.479639e-03 8.365959e-03 8.284650e-03 8.394844e-03
-9.999000e+03 -9.999000e+03 -9.999000e+03 -9.999000e+03 -9.999000e+03 -9.999000e+03 -9.999000e+03 -9.999000e+03 -9.999000e+03 7.673548e-03 5.637036e-03 1.135692e-02 3.903990e-03 2.849966e-03 3.774417e-03 4.277681e-03 4.611425e-03 4.511676e-03 5.323186e-03 5.387939e-03 5.540029e-03 5.627153e-03 5.697260e-03 5.085790e-03 3.561305e-03 5.140640e-03 5.821208e-03 5.029324e-03 4.892684e-03 4.631991e-03 4.494734e-03 3.354082e-03 4.968660e-03 5.908508e-03 6.392738e-03 6.452844e-03 6.336946e-03 6.193443e-03 3.695160e-03 3.867875e-03 6.770961e-03 6.248533e-03 7.423965e-03 7.798195e-03 7.837476e-03 7.829997e-03 7.913556e-03 8.117184e-03 8.292658e-03 8.344865e-03 8.316545e-03 8.272818e-03
-9.999000e+03 -9.999000e+03 -9.999000e+03 -9.999000e+03 -9.999000e+03 -9.999000e+03 -9.999000e+03 -9.999000e+03 -9.999000e+03 7.819926e-03 1.082793e-02 4.044421e-03 3.643238e-03 2.791208e-03 4.073090e-03 4.300087e-03 3.026769e-03 5.158314e-03 4.926475e-03 5.177129e-03 5.403570e-03 5.560593e-03 3.512991e-03 3.578817e-03 5.165222e-03 5.635032e-03 3.475774e-03 3.445452e-03 3.342145e-03 3.141687e-03 3.154191e-03 4.717629e-03 5.603472e-03 6.214793e-03 6.583677e-03 6.710035e-03 6.694069e-03 3.761524e-03 6.479845e-03 5.846402e-03 6.124698e-03 7.436616e-03 7.741099e-03 7.712258e-03 7.603935e-03 7.589941e-03 7.684666e-03 7.864470e-03 8.031721e-03 8.144499e-03 5.218489e-02 5.405934e-02
-9.999000e+03 -9.999000e+03 -9.999000e+03 -9.999000e+03 -9.999000e+03 -9.999000e+03 -9.999000e+03 -9.999000e+03 1.496675e-02 5.873397e-03 7.928298e-03 4.268820e-03 2.741421e-03 3.741420e-03 4.260833e-03 4.363896e-03 6.389176e-03 4.491608e-03 4.707422e-03 5.045234e-03 5.354660e-03 4.933543e-03 5.558341e-03 5.888847e-03 5.995736e-03 1.729819e-02 1.884003e-02 1.700902e-02 1.520169e-02 1.338843e-02 1.167954e-02 1.009192e-02 8.628768e-03 7.235568e-03 6.769763e-03 6.902235e-03 6.900278e-03 1.076946e-02 1.126855e-02 1.476310e-02 1.604229e-02 1.723885e-02 1.536079e-02 1.362198e-02 1.200731e-02 1.050601e-02 9.082206e-03 7.737922e-03 7.629983e-03 5.090146e-02 7.492403e-03 7.583216e-03
-9.999000e+03 -9.999000e+03 -9.999000e+03 -9.999000e+03 -9.999000e+03 -9.999000e+03 -9.999000e+03 7.762647e-03 1.468303e-02 7.615371e-03 4.132231e-03 4.316478e-03 2.799015e-03 4.200084e-03 4.362292e-03 4.418899e-03 4.433532e-03 4.428558e-03 4.630253e-03 5.037811e-03 3.419114e-03 3.471341e-03 5.041877e-03 1.360364e-02 1.546101e-02 5.936672e-03 5.678873e-03 5.775648e-03 5.685569e-03 5.423902e-03 5.418032e-03 5.800713e-03 6.243068e-03 6.608702e-03 6.838432e-03 6.916766e-03 6.885461e-03 6.772127e-03 6.791238e-03 7.027006e-03 7.229300e-03 7.265059e-03 7.227300e-03 7.184205e-03 7.213748e-03 7.345701e-03 7.406395e-03 7.303290e-03 4.647566e-02 7.185628e-03 7.299155e-03 7.435908e-03
-9.999000e+03 -9.999000e+03 -9.999000e+03 -9.999000e+03 -9.999000e+03 -9.999000e+03 -9.999000e+03 7.619235e-03 2.994759e-03 8.167617e-03 2.994048e-03 4.005909e-03 4.244978e-03 4.371550e-03 4.449568e-03 4.470881e-03 4.510022e-03 4.552884e-03 4.761284e-03 5.176922e-03 8.059005e-03 1.068604e-02 1.311321e-02 5.838060e-03 5.886984e-03 5.210374e-03 3.611327e-03 5.210890e-03 5.709963e-03 5.683939e-03 5.720804e-03 6.030856e-03 6.362361e-03 6.598966e-03 6.725561e-03 6.751055e-03 3.430802e-02 3.509083e-02 3.577698e-02 3.639524e-02 3.697473e-02 3.757762e-02 3.839728e-02 3.739060e-02 3.637927e-02 3.522243e-02 4.333000e-02 4.491677e-02 7.183707e-03 7.113419e-03 7.148777e-03 7.242796e-03
-9.999000e+03 -9.999000e+03 -9.999000e+03 -9.999000e+03 -9.999000e+03 -9.999000e+03 -9.999000e+03 7.731736e-04 7.129114e-03 4.094596e-03 2.835443e-03 3.962757e-03 4.416514e-03 4.559871e-03 4.576730e-03 4.592597e-03 4.675800e-03 4.763214e-03 4.937608e-03 5.292635e-03 5.618731e-03 5.816137e-03 5.710801e-03 5.662325e-03 3.549497e-03 3.639587e-03 5.318796e-03 5.893751e-03 6.010812e-03 5.960131e-03 5.972343e-03 6.140282e-03 6.317647e-03 3.164218e-02 3.279765e-02 3.381434e-02 6.969475e-03 7.226070e-03 7.468758e-03 7.698260e-03 7.847445e-03 7.893143e-03 7.934237e-03 1.317824e-02 1.811105e-02 2.261336e-02 7.796831e-03 7.621491e-03 7.409236e-03 7.162832e-03 7.031778e-03 7.061352e-03
