tests/data/reference/test_implicit_stream_rill_mfda/mqsur_m3_s.asc
ncols	123
nrows	77
xllcorner	-713746.79929998
yllcorner	-1061022.36961616
cellsize	10.0
NODATA_value	-9999
[rows 46 to 68 of 77, columns 0 to 51 of 123]
-9.999000e+03 -9.999000e+03 -9.999000e+03 -9.999000e+03 -9.999000e+03 -9.999000e+03 7.632965e-03 6.461315e-03 4.036703e-03 4.182478e-03 2.817472e-03 4.064222e-03 4.670178e-03 4.760445e-03 4.792442e-03 4.788192e-03 4.779588e-03 4.782239e-03 4.885776e-03 5.204507e-03 5.545136e-03 5.067675e-03 5.118428e-03 5.075942e-03 5.691507e-03 6.066277e-03 6.245417e-03 6.197202e-03 6.130873e-03 6.142255e-03 6.162816e-03 2.866800e-02 3.006902e-02 6.454853e-03 6.670821e-03 6.918378e-03 7.182099e-03 7.442263e-03 7.674488e-03 7.884614e-03 8.043496e-03 8.138076e-03 8.213860e-03 8.298222e-03 8.313948e-03 8.223491e-03 8.098061e-03 7.951135e-03 7.736027e-03 7.433818e-03 7.193483e-03 7.113525e-03
-9.999000e+03 -9.999000e+03 -9.999000e+03 -9.999000e+03 -9.999000e+03 -9.999000e+03 3.836431e-03 4.443088e-03 3.930672e-03 4.080594e-03 2.999248e-03 4.547522e-03 4.785712e-03 4.924533e-03 5.025124e-03 4.917553e-03 4.794858e-03 4.678083e-03 4.747686e-03 5.070849e-03 3.400811e-03 3.485141e-03 3.526963e-03 3.523472e-03 5.165265e-03 5.934432e-03 6.239843e-03 2.213741e-02 2.403430e-02 2.580140e-02 2.745323e-02 6.439349e-03 6.495389e-03 6.645486e-03 6.830872e-03 7.010162e-03 7.200085e-03 7.415511e-03 7.632678e-03 7.847375e-03 8.038641e-03 8.197267e-03 8.325606e-03 8.424067e-03 8.456002e-03 8.391445e-03 8.279497e-03 8.151199e-03 7.980080e-03 7.732056e-03 7.471928e-03 7.288273e-03
-9.999000e+03 -9.999000e+03 -9.999000e+03 -9.999000e+03 -9.999000e+03 7.431924e-03 4.122090e-03 5.860422e-03 2.904215e-03 2.943834e-03 3.991510e-03 4.388398e-03 4.654145e-03 4.965155e-03 4.866735e-03 4.950676e-03 4.869968e-03 4.740791e-03 4.786909e-03 5.086125e-03 7.847997e-03 1.040458e-02 1.281953e-02 1.585452e-02 1.742383e-02 1.932014e-02 2.128270e-02 6.491824e-03 6.494867e-03 6.581678e-03 6.618086e-03 6.598941e-03 6.648175e-03 6.749231e-03 6.858988e-03 6.969065e-03 7.111949e-03 7.321887e-03 7.548470e-03 7.757696e-03 7.952478e-03 8.129071e-03 8.275471e-03 8.390857e-03 8.458666e-03 8.455141e-03 8.387564e-03 8.266126e-03 8.118891e-03 7.946699e-03 7.744262e-03 7.504678e-03
-9.999000e+03 -9.999000e+03 -9.999000e+03 -9.999000e+03 1.462076e-02 1.614653e-03 4.177351e-03 5.562169e-03 2.780359e-03 2.691928e-03 3.656146e-03 4.081671e-03 4.799090e-03 4.254291e-03 4.714767e-03 4.905302e-03 4.939216e-03 4.835502e-03 4.877453e-03 5.159570e-03 5.483557e-03 5.784780e-03 6.174807e-03 6.342993e-03 6.599565e-03 6.702044e-03 6.746844e-03 6.766973e-03 6.780774e-03 6.806311e-03 6.807151e-03 6.774506e-03 6.765994e-03 6.787307e-03 6.830069e-03 6.891628e-03 7.007641e-03 7.217435e-03 7.446330e-03 7.650300e-03 7.834399e-03 7.990923e-03 8.120031e-03 8.237144e-03 8.338480e-03 8.403715e-03 8.400019e-03 8.301386e-03 8.178379e-03 8.091283e-03 7.890478e-03 7.677321e-03
-9.999000e+03 -9.999000e+03 -9.999000e+03 -9.999000e+03 8.191276e-03 4.105040e-03 3.832339e-03 3.886789e-03 3.369140e-03 2.527839e-03 3.597985e-03 5.710048e-03 2.885519e-03 4.093545e-03 4.597761e-03 4.867160e-03 4.949946e-03 4.848053e-03 4.895385e-03 5.180412e-03 5.535058e-03 6.155812e-03 6.058689e-03 6.563799e-03 6.828616e-03 6.933637e-03 7.015128e-03 7.098556e-03 7.127657e-03 7.112231e-03 7.098533e-03 7.070958e-03 7.031704e-03 6.994606e-03 6.973439e-03 6.976120e-03 7.031504e-03 7.174321e-03 7.361590e-03 7.564209e-03 7.739244e-03 7.848980e-03 7.931455e-03 8.029148e-03 8.141868e-03 8.250370e-03 8.303191e-03 8.258267e-03 8.194691e-03 7.944971e-03 7.874018e-03 7.669302e-03
-9.999000e+03 -9.999000e+03 -9.999000e+03 7.486739e-03 1.446759e-03 4.316321e-03 2.629456e-03 3.147563e-03 2.414114e-03 3.197648e-03 4.446495e-03 3.572045e-03 2.751287e-03 3.904994e-03 4.458892e-03 4.777363e-03 4.887400e-03 4.815757e-03 4.862774e-03 5.122543e-03 6.366979e-03 5.278266e-03 6.115164e-03 6.586034e-03 6.875954e-03 7.042806e-03 7.187490e-03 7.318595e-03 7.376364e-03 7.356730e-03 7.324269e-03 7.291792e-03 7.252261e-03 7.204231e-03 7.157370e-03 7.133272e-03 7.136662e-03 7.189496e-03 7.317021e-03 7.517189e-03 7.677411e-03 7.729688e-03 7.760825e-03 7.826570e-03 7.924287e-03 8.045703e-03 8.140496e-03 8.168337e-03 7.518636e-03 7.533609e-03 7.474356e-03 7.305816e-03
-9.999000e+03 -9.999000e+03 -9.999000e+03 7.301638e-03 3.862185e-03 2.988507e-03 2.317353e-03 2.098201e-03 2.585314e-03 2.693339e-03 3.477619e-03 3.175622e-03 2.556195e-03 3.634130e-03 4.246473e-03 4.585321e-03 4.717945e-03 4.705663e-03 4.706706e-03 7.665416e-03 3.421898e-03 5.028026e-03 5.770387e-03 6.226194e-03 6.576778e-03 6.847535e-03 7.050392e-03 7.217067e-03 7.307716e-03 7.294531e-03 7.246378e-03 7.202899e-03 7.181276e-03 7.184418e-03 7.207410e-03 7.236610e-03 7.255205e-03 7.250713e-03 7.322910e-03 7.509960e-03 7.660156e-03 7.688392e-03 7.689891e-03 7.707434e-03 7.755252e-03 7.853349e-03 7.968692e-03 6.416395e-03 6.440030e-03 6.428947e-03 6.371867e-03 2.042914e-02
-9.999000e+03 -9.999000e+03 7.121166e-03 5.551158e-04 2.812019e-03 2.693117e-03 1.861806e-03 1.697613e-03 1.829713e-03 1.619215e-03 2.518374e-03 2.634505e-03 2.243491e-03 3.311529e-03 3.964009e-03 4.257617e-03 4.415214e-03 4.464685e-03 5.871460e-03 4.321723e-03 3.099436e-03 4.437118e-03 5.076917e-03 5.551279e-03 6.020466e-03 6.365584e-03 6.633855e-03 6.867473e-03 6.995493e-03 7.004177e-03 6.955325e-03 6.908814e-03 6.917946e-03 7.018237e-03 7.122470e-03 7.239346e-03 7.305289e-03 7.292647e-03 7.320453e-03 7.481086e-03 7.634835e-03 7.686702e-03 7.687014e-03 7.660625e-03 7.663459e-03 7.737501e-03 4.099974e-03 4.144382e-03 4.151060e-03 4.124007e-03 2.257557e-02 7.890077e-03
-9.999000e+03 -9.999000e+03 3.499899e-03 2.732518e-03 2.295503e-03 1.893204e-03 1.532330e-03 1.873623e-03 2.142175e-03 1.109074e-03 1.688212e-03 2.186725e-03 1.950192e-03 3.014173e-03 3.480711e-03 3.648579e-03 3.783422e-03 3.900036e-03 3.775906e-03 4.099021e-03 2.653861e-03 3.614935e-03 4.155965e-03 4.755187e-03 5.204010e-03 5.632320e-03 6.057920e-03 6.359311e-03 6.551822e-03 6.619560e-03 6.598058e-03 6.543005e-03 6.625986e-03 6.729285e-03 6.904516e-03 7.063924e-03 7.175174e-03 7.201767e-03 7.240530e-03 7.379132e-03 7.535066e-03 7.639488e-03 7.671761e-03 7.660155e-03 7.663623e-03 7.757540e-03 7.865447e-03 7.987859e-03 2.106922e-02 2.491042e-02 7.935880e-03 7.911228e-03
-9.999000e+03 6.413382e-03 5.488033e-03 3.399930e-03 2.172906e-03 1.243011e-03 1.972463e-03 1.964826e-03 -9.999000e+03 -9.999000e+03 -9.999000e+03 1.664477e-03 1.812846e-03 2.291966e-03 2.488090e-03 2.498987e-03 2.588113e-03 2.738539e-03 2.582245e-03 1.996065e-03 1.850832e-03 2.372203e-03 3.290119e-03 3.703695e-03 4.163519e-03 4.848797e-03 5.327820e-03 5.688008e-03 5.940799e-03 6.064775e-03 6.072987e-03 6.232938e-03 6.201222e-03 6.399786e-03 6.593367e-03 6.793247e-03 6.938445e-03 7.003016e-03 7.079677e-03 7.231706e-03 7.433755e-03 7.561158e-03 7.634243e-03 7.615057e-03 7.657455e-03 7.835680e-03 1.267610e-02 1.697887e-02 8.096736e-03 7.997640e-03 7.954061e-03 8.004176e-03
-9.999000e+03 1.425567e-02 3.022401e-03 2.161826e-03 1.788654e-03 1.835437e-03 -9.999000e+03 -9.999000e+03 -9.999000e+03 -9.999000e+03 -9.999000e+03 -9.999000e+03 1.933321e-03 2.200192e-03 2.951027e-03 3.218725e-03 2.498509e-03 3.446844e-03 3.500878e-03 2.610660e-03 1.632640e-03 1.679371e-03 2.076694e-03 2.490612e-03 3.476463e-03 4.005426e-03 4.415979e-03 4.762596e-03 5.002005e-03 5.113590e-03 5.793112e-03 5.612455e-03 5.836020e-03 6.018501e-03 6.278258e-03 6.520168e-03 6.675428e-03 6.723515e-03 6.819958e-03 7.132563e-03 7.338337e-03 7.492686e-03 7.453283e-03 7.465638e-03 7.696354e-03 7.784922e-03 7.922314e-03 8.071506e-03 8.026490e-03 7.960031e-03 7.958546e-03 8.154204e-03
7.502551e-03 2.500352e-03 2.613326e-03 1.813646e-03 1.162292e-03 2.197055e-03 -9.999000e+03 -9.999000e+03 -9.999000e+03 -9.999000e+03 -9.999000e+03 -9.999000e+03 -9.999000e+03 -9.999000e+03 -9.999000e+03 2.545822e-03 3.658971e-03 2.677739e-03 2.548346e-03 2.344629e-03 3.425426e-03 -9.999000e+03 -9.999000e+03 2.075594e-03 2.500528e-03 2.734724e-03 2.971640e-03 3.190409e-03 3.295385e-03 5.132174e-03 4.675635e-03 5.213805e-03 5.255838e-03 5.553347e-03 5.870809e-03 6.120788e-03 6.244343e-03 6.265603e-03 6.675593e-03 6.901420e-03 7.191650e-03 7.025456e-03 7.048721e-03 7.547398e-03 7.453837e-03 7.594336e-03 7.911644e-03 7.817132e-03 7.831520e-03 7.769939e-03 7.997069e-03 8.151800e-03
7.027432e-03 1.731972e-03 1.627575e-03 1.621486e-03 2.231793e-03 -9.999000e+03 -9.999000e+03 -9.999000e+03 -9.999000e+03 -9.999000e+03 -9.999000e+03 -9.999000e+03 -9.999000e+03 -9.999000e+03 -9.999000e+03 -9.999000e+03 -9.999000e+03 -9.999000e+03 -9.999000e+03 -9.999000e+03 -9.999000e+03 -9.999000e+03 -9.999000e+03 1.965851e-03 2.399628e-03 2.552096e-03 3.628608e-03 4.278829e-03 4.584156e-03 2.992609e-03 4.443364e-03 4.185658e-03 4.435240e-03 4.808282e-03 5.116791e-03 5.274364e-03 5.349917e-03 6.220862e-03 6.162211e-03 6.523735e-03 6.014450e-03 6.064155e-03 7.370817e-03 6.933571e-03 6.969576e-03 7.571224e-03 7.176298e-03 7.244273e-03 7.249727e-03 7.717886e-03 7.616046e-03 8.136719e-03
-9.999000e+03 2.315773e-03 2.199418e-03 2.544293e-03 -9.999000e+03 -9.999000e+03 -9.999000e+03 -9.999000e+03 -9.999000e+03 -9.999000e+03 -9.999000e+03 -9.999000e+03 -9.999000e+03 -9.999000e+03 -9.999000e+03 -9.999000e+03 -9.999000e+03 -9.999000e+03 -9.999000e+03 -9.999000e+03 -9.999000e+03 -9.999000e+03 -9.999000e+03 -9.999000e+03 -9.999000e+03 -9.999000e+03 2.738174e-03 2.912610e-03 3.948245e-03 3.899410e-03 2.607371e-03 2.771867e-03 3.031499e-03 3.329677e-03 3.458764e-03 3.489358e-03 5.749670e-03 5.147730e-03 5.376945e-03 3.878185e-03 3.957657e-03 7.065827e-03 5.961380e-03 5.955022e-03 7.265709e-03 6.009848e-03 6.045502e-03 6.070009e-03 7.444223e-03 6.899780e-03 7.526470e-03 6.523391e-03
-9.999000e+03 -9.999000e+03 -9.999000e+03 -9.999000e+03 -9.999000e+03 -9.999000e+03 -9.999000e+03 -9.999000e+03 -9.999000e+03 -9.999000e+03 -9.999000e+03 -9.999000e+03 -9.999000e+03 -9.999000e+03 -9.999000e+03 -9.999000e+03 -9.999000e+03 -9.999000e+03 -9.999000e+03 -9.999000e+03 -9.999000e+03 -9.999000e+03 -9.999000e+03 -9.999000e+03 -9.999000e+03 -9.999000e+03 -9.999000e+03 -9.999000e+03 2.816469e-03 3.418245e-03 2.417811e-03 2.578239e-03 2.892572e-03 4.418847e-03 5.141517e-03 5.285511e-03 3.340704e-03 3.498935e-03 3.642273e-03 5.556571e-03 6.505607e-03 3.887906e-03 3.911269e-03 7.075635e-03 3.929681e-03 3.932802e-03 3.921313e-03 7.170175e-03 5.848645e-03 7.123720e-03 4.045211e-03 4.240362e-03
-9.999000e+03 -9.999000e+03 -9.999000e+03 -9.999000e+03 -9.999000e+03 -9.999000e+03 -9.999000e+03 -9.999000e+03 -9.999000e+03 -9.999000e+03 -9.999000e+03 -9.999000e+03 -9.999000e+03 -9.999000e+03 -9.999000e+03 -9.999000e+03 -9.999000e+03 -9.999000e+03 -9.999000e+03 -9.999000e+03 -9.999000e+03 -9.999000e+03 -9.999000e+03 -9.999000e+03 -9.999000e+03 -9.999000e+03 -9.999000e+03 -9.999000e+03 -9.999000e+03 2.512685e-03 3.562133e-03 3.567513e-03 3.999809e-03 3.333854e-03 3.391835e-03 3.244751e-03 3.254273e-03 3.441038e-03 5.152597e-03 6.002419e-03 6.427746e-03 6.627340e-03 6.803840e-03 3.892055e-03 5.902633e-03 6.783837e-03 7.050224e-03 3.800973e-03 6.853688e-03 3.930556e-03 6.099259e-03 7.343990e-03
-9.999000e+03 -9.999000e+03 -9.999000e+03 -9.999000e+03 -9.999000e+03 -9.999000e+03 -9.999000e+03 -9.999000e+03 -9.999000e+03 -9.999000e+03 -9.999000e+03 -9.999000e+03 -9.999000e+03 -9.999000e+03 -9.999000e+03 -9.999000e+03 -9.999000e+03 -9.999000e+03 -9.999000e+03 -9.999000e+03 -9.999000e+03 -9.999000e+03 -9.999000e+03 -9.999000e+03 -9.999000e+03 -9.999000e+03 -9.999000e+03 -9.999000e+03 -9.999000e+03 -9.999000e+03 3.714204e-03 -9.999000e+03 -9.999000e+03 -9.999000e+03 -9.999000e+03 -9.999000e+03 -9.999000e+03 -9.999000e+03 3.569110e-03 5.281872e-03 5.987405e-03 6.198696e-03 6.370517e-03 6.672164e-03 6.936026e-03 7.074038e-03 7.027119e-03 6.754524e-03 3.740732e-03 5.835204e-03 6.978119e-03 7.594137e-03
-9.999000e+03 -9.999000e+03 -9.999000e+03 -9.999000e+03 -9.999000e+03 -9.999000e+03 -9.999000e+03 -9.999000e+03 -9.999000e+03 -9.999000e+03 -9.999000e+03 -9.999000e+03 -9.999000e+03 -9.999000e+03 -9.999000e+03 -9.999000e+03 -9.999000e+03 -9.999000e+03 -9.999000e+03 -9.999000e+03 -9.999000e+03 -9.999000e+03 -9.999000e+03 -9.999000e+03 -9.999000e+03 -9.999000e+03 -9.999000e+03 -9.999000e+03 -9.999000e+03 -9.999000e+03 -9.999000e+03 -9.999000e+03 -9.999000e+03 -9.999000e+03 -9.999000e+03 -9.999000e+03 -9.999000e+03 -9.999000e+03 -9.999000e+03 -9.999000e+03 -9.999000e+03 3.581273e-03 3.638591e-03 3.790030e-03 5.745654e-03 6.584428e-03 6.780570e-03 6.560032e-03 6.548704e-03 6.986987e-03 7.400230e-03 7.558529e-03
-9.999000e+03 -9.999000e+03 -9.999000e+03 -9.999000e+03 -9.999000e+03 -9.999000e+03 -9.999000e+03 -9.999000e+03 -9.999000e+03 -9.999000e+03 -9.999000e+03 -9.999000e+03 -9.999000e+03 -9.999000e+03 -9.999000e+03 -9.999000e+03 -9.999000e+03 -9.999000e+03 -9.999000e+03 -9.999000e+03 -9.999000e+03 -9.999000e+03 -9.999000e+03 -9.999000e+03 -9.999000e+03 -9.999000e+03 -9.999000e+03 -9.999000e+03 -9.999000e+03 -9.999000e+03 -9.999000e+03 -9.999000e+03 -9.999000e+03 -9.999000e+03 -9.999000e+03 -9.999000e+03 -9.999000e+03 -9.999000e+03 -9.999000e+03 -9.999000e+03 -9.999000e+03 -9.999000e+03 -9.999000e+03 -9.999000e+03 3.890793e-03 3.855028e-03 5.674171e-03 6.236411e-03 3.746168e-03 5.884418e-03 6.933578e-03 7.137844e-03
-9.999000e+03 -9.999000e+03 -9.999000e+03 -9.999000e+03 -9.999000e+03 -9.999000e+03 -9.999000e+03 -9.999000e+03 -9.999000e+03 -9.999000e+03 -9.999000e+03 -9.999000e+03 -9.999000e+03 -9.999000e+03 -9.999000e+03 -9.999000e+03 -9.999000e+03 -9.999000e+03 -9.999000e+03 -9.999000e+03 -9.999000e+03 -9.999000e+03 -9.999000e+03 -9.999000e+03 -9.999000e+03 -9.999000e+03 -9.999000e+03 -9.999000e+03 -9.999000e+03 -9.999000e+03 -9.999000e+03 -9.999000e+03 -9.999000e+03 -9.999000e+03 -9.999000e+03 -9.999000e+03 -9.999000e+03 -9.999000e+03 -9.999000e+03 -9.999000e+03 -9.999000e+03 -9.999000e+03 -9.999000e+03 -9.999000e+03 -9.999000e+03 -9.999000e+03 -9.999000e+03 -9.999000e+03 -9.999000e+03 -9.999000e+03 3.979091e-03 5.703053e-03
-9.999000e+03 -9.999000e+03 -9.999000e+03 -9.999000e+03 -9.999000e+03 -9.999000e+03 -9.999000e+03 -9.999000e+03 -9.999000e+03 -9.999000e+03 -9.999000e+03 -9.999000e+03 -9.999000e+03 -9.999000e+03 -9.999000e+03 -9.999000e+03 -9.999000e+03 -9.999000e+03 -9.999000e+03 -9.999000e+03 -9.999000e+03 -9.999000e+03 -9.999000e+03 -9.999000e+03 -9.999000e+03 -9.999000e+03 -9.999000e+03 -9.999000e+03 -9.999000e+03 -9.999000e+03 -9.999000e+03 -9.999000e+03 -9.999000e+03 -9.999000e+03 -9.999000e+03 -9.999000e+03 -9.999000e+03 -9.999000e+03 -9.999000e+03 -9.999000e+03 -9.999000e+03 -9.999000e+03 -9.999000e+03 -9.999000e+03 -9.999000e+03 -9.999000e+03 -9.999000e+03 -9.999000e+03 -9.999000e+03 -9.999000e+03 -9.999000e+03 3.664352e-03
-9.999000e+03 -9.999000e+03 -9.999000e+03 -9.999000e+03 -9.999000e+03 -9.999000e+03 -9.999000e+03 -9.999000e+03 -9.999000e+03 -9.999000e+03 -9.999000e+03 -9.999000e+03 -9.999000e+03 -9.999000e+03 -9.999000e+03 -9.999000e+03 -9.999000e+03 -9.999000e+03 -9.999000e+03 -9.999000e+03 -9.999000e+03 -9.999000e+03 -9.999000e+03 -9.999000e+03 -9.999000e+03 -9.999000e+03 -9.999000e+03 -9.999000e+03 -9.999000e+03 -9.999000e+03 -9.999000e+03 -9.999000e+03 -9.999000e+03 -9.999000e+03 -9.999000e+03 -9.999000e+03 -9.999000e+03 -9.999000e+03 -9.999000e+03 -9.999000e+03 -9.999000e+03 -9.999000e+03 -9.999000e+03 -9.999000e+03 -9.999000e+03 -9.999000e+03 -9.999000e+03 -9.999000e+03 -9.999000e+03 -9.999000e+03 -9.999000e+03 -9.999000e+03
-9.999000e+03 -9.999000e+03 -9.999000e+03 -9.999000e+03 -9.999000e+03 -9.999000e+03 -9.999000e+03 -9.999000e+03 -9.999000e+03 -9.999000e+03 -9.999000e+03 -9.999000e+03 -9.999000e+03 -9.999000e+03 -9.999000e+03 -9.999000e+03 -9.999000e+03 -9.999000e+03 -9.999000e+03 -9.999000e+03 -9.999000e+03 -9.999000e+03 -9.999000e+03 -9.999000e+03 -9.999000e+03 -9.999000e+03 -9.999000e+03 -9.999000e+03 -9.999000e+03 -9.999000e+03 -9.999000e+03 -9.999000e+03 -9.999000e+03 -9.999000e+03 -9.999000e+03 -9.999000e+03 -9.999000e+03 -9.999000e+03 -9.999000e+03 -9.999000e+03 -9.999000e+03 -9.999000e+03 -9.999000e+03 -9.999000e+03 -9.999000e+03 -9.999000e+03 -9.999000e+03 -9.999000e+03 -9.999000e+03 -9.999000e+03 -9.999000e+03 -9.999000e+03
