tests/data/reference/test_implicit_stream_rill_mfda/mqsur_m3_s.asc
ncols	123
nrows	77
xllcorner	-713746.79929998
yllcorner	-1061022.36961616
cellsize	10.0
NODATA_value	-9999
[rows 23 to 45 of 77, columns 52 to 103 of 123]
7.046377e-03 9.263098e-03 9.415667e-03 9.463115e-03 9.451075e-03 9.434666e-03 9.385523e-03 9.275755e-03 9.171104e-03 9.108823e-03 9.033379e-03 8.973340e-03 8.893639e-03 8.752381e-03 8.497171e-03 8.153735e-03 2.357524e-02 7.224559e-03 7.163406e-03 7.213174e-03 7.238105e-03 7.233336e-03 6.995299e-03 7.111047e-03 3.957769e-03 5.756917e-03 2.741490e-02 1.021833e-02 1.681273e-02 7.028378e-03 6.881416e-03 5.913897e-03 3.810750e-03 3.535517e-03 -9.999000e+03 -9.999000e+03 -9.999000e+03 -9.999000e+03 -9.999000e+03 -9.999000e+03 -9.999000e+03 -9.999000e+03 -9.999000e+03 -9.999000e+03 -9.999000e+03 -9.999000e+03 -9.999000e+03 -9.999000e+03 -9.999000e+03 -9.999000e+03 -9.999000e+03 -9.999000e+03
7.132712e-03 8.537210e-03 9.511519e-03 9.512179e-03 9.476626e-03 9.436258e-03 9.378135e-03 9.277548e-03 9.181387e-03 9.129877e-03 9.088524e-03 9.034011e-03 8.941675e-03 8.760904e-03 8.489874e-03 8.133692e-03 2.736640e-02 7.237188e-03 7.354552e-03 7.541399e-03 7.691456e-03 7.794790e-03 7.731483e-03 7.704530e-03 6.213004e-03 6.833833e-03 3.832383e-03 2.581055e-02 8.659297e-03 1.409114e-02 1.085695e-02 6.816323e-03 5.835361e-03 5.428738e-03 3.442976e-03 -9.999000e+03 -9.999000e+03 -9.999000e+03 -9.999000e+03 -9.999000e+03 -9.999000e+03 -9.999000e+03 -9.999000e+03 -9.999000e+03 -9.999000e+03 -9.999000e+03 -9.999000e+03 -9.999000e+03 -9.999000e+03 -9.999000e+03 -9.999000e+03 -9.999000e+03
9.460862e-03 8.623671e-03 9.260444e-03 9.590322e-03 9.486972e-03 9.378575e-03 9.286026e-03 9.219601e-03 9.183021e-03 9.167341e-03 9.141582e-03 9.076606e-03 8.931243e-03 8.703135e-03 8.454061e-03 8.205616e-03 3.065282e-02 7.498520e-03 7.634730e-03 7.848460e-03 8.049727e-03 8.194290e-03 8.192008e-03 8.124983e-03 7.431711e-03 7.544156e-03 6.067515e-03 2.432055e-02 3.900134e-03 7.259407e-03 2.045729e-02 6.811285e-03 6.700441e-03 6.599469e-03 5.603097e-03 3.724113e-03 3.504053e-03 3.483032e-03 -9.999000e+03 -9.999000e+03 -9.999000e+03 -9.999000e+03 -9.999000e+03 -9.999000e+03 -9.999000e+03 -9.999000e+03 -9.999000e+03 -9.999000e+03 -9.999000e+03 -9.999000e+03 -9.999000e+03 -9.999000e+03
7.293516e-03 9.719651e-03 9.310960e-03 9.477250e-03 9.467426e-03 9.309357e-03 9.201728e-03 9.178242e-03 9.191030e-03 9.202093e-03 9.180845e-03 9.089930e-03 8.924669e-03 8.703947e-03 8.474656e-03 8.271033e-03 3.486418e-02 7.717708e-03 7.830401e-03 8.033421e-03 8.237449e-03 8.385295e-03 8.405289e-03 8.353119e-03 8.055036e-03 8.042648e-03 7.378177e-03 2.285552e-02 6.167996e-03 7.016795e-03 1.810314e-02 6.741926e-03 6.986843e-03 7.173209e-03 6.788438e-03 5.784125e-03 5.355666e-03 3.571184e-03 5.131426e-03 3.456945e-03 -9.999000e+03 -9.999000e+03 -9.999000e+03 -9.999000e+03 -9.999000e+03 -9.999000e+03 -9.999000e+03 -9.999000e+03 -9.999000e+03 -9.999000e+03 -9.999000e+03 -9.999000e+03
8.812001e-03 4.542584e-03 9.722153e-03 9.407163e-03 9.337046e-03 9.259071e-03 9.190562e-03 9.192016e-03 9.214776e-03 9.218981e-03 9.189017e-03 9.099141e-03 8.962344e-03 8.792704e-03 8.577833e-03 8.322894e-03 3.921034e-02 7.733521e-03 7.836463e-03 8.027684e-03 8.196343e-03 8.321841e-03 8.360276e-03 8.368963e-03 8.316220e-03 8.358958e-03 8.129566e-03 2.142540e-02 7.477815e-03 7.602007e-03 1.612073e-02 7.047822e-03 7.071484e-03 7.168706e-03 7.083810e-03 6.638857e-03 3.762650e-03 3.638653e-03 5.211061e-03 5.712761e-03 4.980919e-03 7.960776e-03 -9.999000e+03 -9.999000e+03 -9.999000e+03 -9.999000e+03 -9.999000e+03 -9.999000e+03 -9.999000e+03 -9.999000e+03 -9.999000e+03 -9.999000e+03
9.533982e-03 7.234365e-03 9.616991e-03 9.325153e-03 4.353842e-03 9.196792e-03 9.185122e-03 9.217324e-03 9.257261e-03 9.261644e-03 9.220266e-03 9.126382e-03 8.996826e-03 8.837594e-03 8.617111e-03 8.324572e-03 4.356311e-02 7.728354e-03 7.862097e-03 8.054566e-03 8.193447e-03 8.289420e-03 8.322781e-03 8.361999e-03 8.436089e-03 8.565328e-03 8.568864e-03 1.999414e-02 8.220639e-03 8.115373e-03 1.430792e-02 7.432073e-03 7.172976e-03 7.054818e-03 7.011281e-03 6.864016e-03 5.611733e-03 5.423871e-03 3.629846e-03 5.877101e-03 0.000000e+00 1.918416e-02 7.765803e-03 7.551913e-03 -9.999000e+03 -9.999000e+03 -9.999000e+03 -9.999000e+03 -9.999000e+03 -9.999000e+03 -9.999000e+03 -9.999000e+03
9.765449e-03 8.563710e-03 9.471851e-03 9.245161e-03 4.373395e-03 6.874082e-03 9.147565e-03 9.223855e-03 9.314926e-03 9.343079e-03 9.298743e-03 9.181981e-03 9.007594e-03 8.775426e-03 8.495853e-03 8.218079e-03 8.037055e-03 4.713462e-02 8.042249e-03 8.256265e-03 8.396163e-03 8.462765e-03 8.452993e-03 8.452806e-03 8.534388e-03 8.706927e-03 8.821571e-03 1.855400e-02 8.593801e-03 8.426744e-03 1.262549e-02 7.758391e-03 7.399692e-03 7.139532e-03 6.961638e-03 6.828852e-03 6.314557e-03 6.190057e-03 5.428404e-03 0.000000e+00 0.000000e+00 1.549000e-02 7.775793e-03 2.693495e-03 7.305129e-03 -9.999000e+03 -9.999000e+03 -9.999000e+03 -9.999000e+03 -9.999000e+03 -9.999000e+03 -9.999000e+03
9.644338e-03 9.008274e-03 9.285621e-03 9.172366e-03 6.904433e-03 4.380330e-03 8.179804e-03 9.238882e-03 9.333767e-03 9.351820e-03 9.286310e-03 9.134557e-03 8.914087e-03 8.634433e-03 8.362403e-03 8.180798e-03 8.121591e-03 8.182589e-03 5.078160e-02 8.559773e-03 8.671581e-03 8.685223e-03 8.619602e-03 8.574316e-03 8.635592e-03 8.820458e-03 8.958652e-03 1.708489e-02 8.781867e-03 8.638677e-03 1.107107e-02 8.081279e-03 7.721179e-03 7.405320e-03 3.904015e-03 3.809579e-03 6.651172e-03 6.613806e-03 0.000000e+00 0.000000e+00 5.423875e-03 1.126830e-02 6.228786e-03 3.985688e-03 2.796215e-03 7.207046e-03 -9.999000e+03 -9.999000e+03 -9.999000e+03 -9.999000e+03 -9.999000e+03 -9.999000e+03
9.209777e-03 8.909039e-03 9.046496e-03 9.080873e-03 8.179539e-03 6.939213e-03 4.427001e-03 8.889424e-03 9.283857e-03 9.215744e-03 9.079404e-03 8.870256e-03 8.634547e-03 8.425863e-03 8.311864e-03 8.302259e-03 8.366245e-03 8.499128e-03 5.490405e-02 8.896125e-03 8.921872e-03 8.851065e-03 8.734486e-03 8.677549e-03 8.743455e-03 8.917401e-03 9.007745e-03 1.560120e-02 8.880338e-03 8.820182e-03 9.608643e-03 8.434357e-03 8.104854e-03 4.154819e-03 4.039304e-03 3.935145e-03 7.035364e-03 0.000000e+00 0.000000e+00 5.181014e-03 6.046772e-03 8.867385e-03 5.227824e-03 4.312721e-03 4.000633e-03 2.993371e-03 2.833397e-03 -9.999000e+03 -9.999000e+03 -9.999000e+03 -9.999000e+03 -9.999000e+03
8.445754e-03 8.432386e-03 8.644280e-03 8.816349e-03 4.291899e-03 8.697118e-03 8.226439e-03 6.968317e-03 9.050804e-03 9.081738e-03 8.915450e-03 8.704690e-03 8.515410e-03 8.403676e-03 8.395313e-03 8.486878e-03 8.620946e-03 8.769394e-03 5.902258e-02 9.069908e-03 9.015886e-03 8.901910e-03 8.789540e-03 8.765659e-03 8.851199e-03 8.988375e-03 8.990645e-03 1.408224e-02 8.859667e-03 8.869263e-03 8.848104e-03 8.663764e-03 4.267812e-03 4.226708e-03 4.139711e-03 4.046508e-03 0.000000e+00 0.000000e+00 5.616957e-03 6.507280e-03 6.406143e-03 7.205498e-03 3.300257e-03 3.109320e-03 4.637393e-03 4.439228e-03 4.363371e-03 2.967710e-03 7.256897e-03 -9.999000e+03 -9.999000e+03 -9.999000e+03
7.392048e-03 7.630485e-03 7.870785e-03 8.157268e-03 8.434009e-03 6.585943e-03 8.743346e-03 8.640878e-03 8.109526e-03 8.998019e-03 8.965284e-03 8.851843e-03 8.750179e-03 8.682544e-03 8.668158e-03 8.721585e-03 8.807426e-03 8.882533e-03 8.903986e-03 6.301317e-02 8.875539e-03 8.812173e-03 8.791551e-03 8.847203e-03 8.952745e-03 9.025674e-03 8.917116e-03 1.250884e-02 8.687225e-03 8.705837e-03 8.746163e-03 4.259648e-03 4.237206e-03 4.226522e-03 0.000000e+00 0.000000e+00 0.000000e+00 4.305475e-03 7.083631e-03 7.068426e-03 6.768059e-03 3.771652e-03 3.647184e-03 4.829695e-03 5.162494e-03 4.938712e-03 4.765814e-03 3.108997e-03 2.977393e-03 7.626158e-03 -9.999000e+03 -9.999000e+03
1.654853e-01 1.665381e-01 6.913463e-03 7.295694e-03 7.883307e-03 8.248472e-03 7.702585e-03 8.739165e-03 8.823232e-03 8.688679e-03 9.089534e-03 9.108924e-03 9.097865e-03 9.071994e-03 9.038377e-03 9.008622e-03 8.974032e-03 8.917641e-03 8.812017e-03 6.661873e-02 8.568591e-03 8.564193e-03 8.655852e-03 8.800808e-03 8.917247e-03 8.913601e-03 8.705488e-03 1.084707e-02 8.428706e-03 8.450178e-03 8.548753e-03 4.242812e-03 4.239852e-03 0.000000e+00 0.000000e+00 6.813454e-03 4.403981e-03 6.472393e-03 7.662003e-03 7.424158e-03 3.958161e-03 3.896206e-03 3.814854e-03 5.829657e-03 5.655238e-03 5.334938e-03 3.276935e-03 3.292028e-03 3.302991e-03 8.029943e-03 2.911118e-03 7.649797e-03
1.559268e-02 1.327653e-02 1.727585e-01 6.910817e-03 7.308712e-03 7.898100e-03 8.342035e-03 8.351070e-03 8.913134e-03 9.083668e-03 9.135176e-03 9.373708e-03 9.444057e-03 9.458618e-03 9.415905e-03 9.289513e-03 9.082692e-03 8.832607e-03 8.542193e-03 8.225914e-03 7.010864e-02 7.929583e-03 8.131951e-03 8.375804e-03 8.635115e-03 8.549982e-03 8.281039e-03 9.100345e-03 8.119506e-03 8.194676e-03 8.366113e-03 4.251109e-03 0.000000e+00 0.000000e+00 6.042897e-03 8.053723e-03 6.597568e-03 7.529483e-03 7.955555e-03 4.108620e-03 4.044943e-03 3.967941e-03 3.885183e-03 3.773671e-03 6.119908e-03 5.875252e-03 3.594284e-03 5.070349e-03 5.016693e-03 7.094503e-03 3.289986e-03 8.030661e-03
4.088637e-03 6.260314e-03 7.210254e-03 1.720353e-01 1.740042e-01 1.753294e-01 1.770656e-01 8.510536e-03 8.609805e-03 8.887770e-03 9.028813e-03 9.133608e-03 9.250155e-03 9.249451e-03 1.547422e-02 8.941195e-03 8.644401e-03 8.339586e-03 8.009638e-03 7.677377e-03 3.949200e-03 6.867837e-02 1.325984e-02 8.033478e-03 8.058124e-03 7.845464e-03 7.802051e-03 7.727446e-03 7.872456e-03 8.037948e-03 8.269084e-03 0.000000e+00 0.000000e+00 4.250234e-03 7.744504e-03 8.376097e-03 7.631273e-03 8.004240e-03 8.128507e-03 4.155471e-03 4.105279e-03 4.025666e-03 3.945182e-03 3.849202e-03 6.478977e-03 6.277059e-03 5.391784e-03 5.966889e-03 5.889264e-03 6.600891e-03 5.023552e-03 7.163509e-03
7.613372e-03 8.222227e-03 8.414170e-03 8.086532e-03 7.843385e-03 8.040210e-03 8.248310e-03 1.783869e-01 1.799318e-01 1.794091e-01 1.795786e-01 1.793607e-01 1.788271e-01 1.788387e-01 1.794695e-01 1.818470e-01 1.822752e-01 7.411477e-03 7.425045e-03 7.390942e-03 7.409470e-03 6.118104e-03 7.718283e-02 7.852812e-03 7.593566e-03 7.253231e-03 7.140136e-03 7.481358e-03 7.772676e-03 8.036984e-03 0.000000e+00 0.000000e+00 4.311736e-03 4.274798e-03 8.365128e-03 8.466558e-03 8.087130e-03 8.197969e-03 8.212338e-03 4.170783e-03 4.137653e-03 4.066925e-03 3.995638e-03 3.909524e-03 3.804053e-03 3.698405e-03 6.045751e-03 6.238923e-03 6.249613e-03 6.543681e-03 6.009027e-03 6.766978e-03
6.810350e-03 8.105276e-03 8.579640e-03 5.975709e-02 6.175633e-02 6.420527e-02 6.664981e-02 6.897754e-02 7.111587e-02 7.317140e-02 7.505613e-02 7.686744e-02 7.878576e-02 8.039764e-02 8.192437e-02 8.332088e-02 8.221942e-02 2.588745e-01 2.594527e-01 6.677040e-03 6.923049e-03 7.305974e-03 7.637900e-02 7.476847e-03 7.112195e-03 6.805296e-03 6.777633e-03 7.152575e-03 7.786737e-03 0.000000e+00 0.000000e+00 4.307797e-03 4.326384e-03 4.289990e-03 8.589878e-03 8.535606e-03 8.311434e-03 8.318711e-03 4.206952e-03 4.207814e-03 4.182161e-03 4.114011e-03 4.040981e-03 3.964363e-03 3.873366e-03 3.762075e-03 3.661511e-03 6.296367e-03 6.352887e-03 6.553191e-03 6.462462e-03 6.678633e-03
8.590674e-03 5.757702e-02 5.931627e-02 8.676561e-03 8.873800e-03 9.200765e-03 9.465410e-03 9.614524e-03 9.691144e-03 9.712928e-03 9.690320e-03 9.543583e-03 9.387553e-03 9.160248e-03 8.885502e-03 8.598946e-03 1.467569e-02 2.014115e-02 1.778027e-02 2.636593e-01 2.644870e-01 2.652401e-01 2.658158e-01 7.931820e-02 6.565441e-03 6.529594e-03 6.655301e-03 7.155727e-03 0.000000e+00 0.000000e+00 4.335946e-03 6.770315e-03 4.334617e-03 4.296477e-03 8.688160e-03 8.615771e-03 8.465993e-03 8.456287e-03 4.259751e-03 4.263877e-03 4.242323e-03 4.175274e-03 4.087544e-03 4.005897e-03 3.946409e-03 3.872403e-03 3.762522e-03 6.379692e-03 6.352379e-03 6.433688e-03 6.440501e-03 6.515693e-03
5.569947e-02 8.244226e-03 8.500312e-03 8.707161e-03 8.931506e-03 9.209513e-03 9.462307e-03 9.646019e-03 9.779358e-03 9.870645e-03 9.915967e-03 9.910306e-03 9.860271e-03 9.775791e-03 9.663981e-03 9.443044e-03 9.249641e-03 1.490701e-02 1.516658e-02 2.061808e-02 2.534224e-02 2.351256e-02 2.104907e-02 2.770491e-01 8.101919e-02 5.959977e-03 6.465164e-03 3.981499e-03 0.000000e+00 6.001859e-03 6.637587e-03 7.997518e-03 4.355751e-03 6.767968e-03 8.767458e-03 8.692231e-03 8.585949e-03 8.596289e-03 4.300476e-03 4.303766e-03 4.280122e-03 4.220775e-03 4.131439e-03 4.033097e-03 3.982951e-03 3.946998e-03 3.862128e-03 3.757342e-03 6.450247e-03 6.412964e-03 6.378150e-03 6.406930e-03
7.883670e-03 8.124042e-03 8.339587e-03 8.468244e-03 8.607295e-03 8.833669e-03 9.072945e-03 9.268987e-03 9.438134e-03 9.585990e-03 9.700813e-03 9.782691e-03 9.840224e-03 9.886321e-03 9.913756e-03 9.908629e-03 1.620443e-02 9.819692e-03 9.567472e-03 9.129424e-03 8.814343e-03 0.000000e+00 0.000000e+00 0.000000e+00 2.758508e-01 7.857019e-02 5.937721e-03 0.000000e+00 0.000000e+00 7.130074e-03 7.441871e-03 8.485378e-03 4.383188e-03 8.100334e-03 8.870460e-03 8.753803e-03 8.673420e-03 4.309962e-03 4.332606e-03 4.338370e-03 4.304932e-03 4.243757e-03 4.161997e-03 4.055235e-03 3.995611e-03 3.982739e-03 3.944046e-03 3.875701e-03 6.713514e-03 6.607643e-03 6.515148e-03 6.468913e-03
7.767026e-03 7.965452e-03 8.101394e-03 8.163017e-03 8.243713e-03 8.421452e-03 8.619585e-03 8.778621e-03 8.938602e-03 9.123693e-03 9.312039e-03 9.462188e-03 9.591010e-03 9.727617e-03 9.837096e-03 1.772778e-02 9.986100e-03 1.004729e-02 1.003819e-02 9.908940e-03 9.687377e-03 9.611816e-03 9.431441e-03 0.000000e+00 0.000000e+00 0.000000e+00 1.056243e-01 0.000000e+00 3.964303e-03 6.775082e-03 7.347221e-03 8.303151e-03 6.801718e-03 8.657794e-03 8.921199e-03 8.813001e-03 8.765084e-03 4.332344e-03 4.352798e-03 4.371012e-03 4.343865e-03 4.274562e-03 4.188380e-03 4.077615e-03 4.007906e-03 3.992623e-03 3.974131e-03 5.909789e-03 6.980066e-03 6.844328e-03 6.713410e-03 6.639258e-03
7.574886e-03 7.695153e-03 7.780703e-03 7.825810e-03 7.893954e-03 8.032457e-03 8.167751e-03 8.256811e-03 8.367346e-03 8.584739e-03 8.817229e-03 9.004669e-03 9.196581e-03 9.368534e-03 1.876473e-02 9.659025e-03 9.777290e-03 9.905316e-03 1.003548e-02 1.013171e-02 1.009404e-02 1.007356e-02 9.850645e-03 9.451473e-03 8.901297e-03 0.000000e+00 0.000000e+00 0.000000e+00 5.183275e-02 5.121382e-03 1.080386e-02 7.687217e-03 7.628372e-03 8.577106e-03 8.824906e-03 8.864814e-03 8.885604e-03 4.363660e-03 4.369890e-03 4.391276e-03 4.380127e-03 4.316173e-03 4.221273e-03 4.099450e-03 4.018836e-03 3.988530e-03 3.967192e-03 6.827202e-03 7.164300e-03 7.034324e-03 6.886608e-03 6.861944e-03
7.346911e-03 7.413662e-03 7.477738e-03 7.550299e-03 7.641901e-03 7.757115e-03 7.840447e-03 7.815235e-03 7.887620e-03 8.068527e-03 8.275229e-03 8.523312e-03 8.697007e-03 1.976818e-02 9.074985e-03 9.175919e-03 9.253369e-03 9.449623e-03 9.749320e-03 9.805957e-03 9.903443e-03 9.964131e-03 9.933236e-03 9.552380e-03 9.257100e-03 4.939936e-03 0.000000e+00 0.000000e+00 0.000000e+00 0.000000e+00 1.222049e-02 6.788110e-03 7.440169e-03 8.346457e-03 8.695087e-03 8.868304e-03 8.967213e-03 4.388932e-03 4.401701e-03 4.413989e-03 4.407986e-03 4.361794e-03 4.277307e-03 4.158283e-03 4.072192e-03 4.025733e-03 3.990916e-03 7.219289e-03 7.287593e-03 7.209800e-03 7.112877e-03 7.163607e-03
7.135986e-03 7.141107e-03 7.181251e-03 7.294245e-03 7.428701e-03 7.536429e-03 7.436380e-03 7.429005e-03 7.452151e-03 7.551277e-03 7.859424e-03 7.990345e-03 2.078498e-02 8.414928e-03 8.475040e-03 8.395934e-03 8.525239e-03 8.997722e-03 9.008271e-03 9.196291e-03 9.339097e-03 9.497477e-03 9.549174e-03 9.328834e-03 9.060514e-03 0.000000e+00 0.000000e+00 7.124264e-03 8.056114e-03 0.000000e+00 0.000000e+00 0.000000e+00 7.334931e-03 8.250805e-03 8.670389e-03 8.812954e-03 8.959953e-03 4.398759e-03 4.434239e-03 4.440298e-03 4.432723e-03 4.402351e-03 4.341585e-03 4.245655e-03 4.164487e-03 4.104011e-03 4.048725e-03 7.425540e-03 7.371839e-03 7.375973e-03 7.427237e-03 7.560199e-03
