tests/data/reference/test_implicit_stream_rill_mfda/mqsur_m3_s.asc
ncols	123
nrows	77
xllcorner	-713746.79929998
yllcorner	-1061022.36961616
cellsize	10.0
NODATA_value	-9999
[rows 46 to 68 of 77, columns 52 to 103 of 123]
7.000559e-03 6.862403e-03 6.826888e-03 6.977797e-03 7.168504e-03 6.911400e-03 6.936709e-03 6.972759e-03 7.012066e-03 7.424529e-03 7.414535e-03 2.332977e-02 7.898896e-03 7.878505e-03 7.565060e-03 7.581680e-03 8.201551e-03 7.985064e-03 8.274757e-03 8.442936e-03 8.584344e-03 8.796350e-03 8.928707e-03 8.832763e-03 9.546291e-03 0.000000e+00 1.813369e-03 4.532001e-03 6.928427e-03 7.965544e-03 8.080432e-03 0.000000e+00 0.000000e+00 0.000000e+00 8.222816e-03 8.544232e-03 8.777456e-03 4.480233e-03 4.548311e-03 4.559905e-03 4.550167e-03 4.522254e-03 4.478557e-03 4.409717e-03 4.346770e-03 4.290804e-03 4.231654e-03 7.651696e-03 7.514247e-03 7.552436e-03 7.728819e-03 7.916347e-03
7.024308e-03 6.703391e-03 6.563877e-03 6.736058e-03 5.878190e-03 5.901144e-03 5.922789e-03 6.003525e-03 7.193975e-03 6.865580e-03 2.486641e-02 7.513624e-03 7.256474e-03 6.343763e-03 6.307561e-03 7.621866e-03 6.389800e-03 6.662484e-03 6.885258e-03 6.973441e-03 7.083562e-03 7.280893e-03 7.426580e-03 9.510921e-03 4.619777e-03 0.000000e+00 1.857694e-03 5.337744e-03 7.355644e-03 8.403728e-03 8.773411e-03 8.648292e-03 8.083913e-03 0.000000e+00 0.000000e+00 7.938845e-03 8.386510e-03 4.404269e-03 4.518501e-03 4.552628e-03 4.542962e-03 4.506783e-03 4.476141e-03 4.439952e-03 4.410208e-03 4.378724e-03 4.333444e-03 7.968643e-03 7.790401e-03 7.788270e-03 7.968551e-03 8.144446e-03
7.181155e-03 6.769587e-03 6.558296e-03 3.835534e-03 3.898842e-03 3.888726e-03 3.902297e-03 6.884575e-03 5.891146e-03 2.646994e-02 7.175963e-03 6.192314e-03 4.139555e-03 4.104517e-03 7.405649e-03 4.066590e-03 4.130090e-03 4.269390e-03 4.344876e-03 4.363521e-03 4.426892e-03 4.531708e-03 9.039306e-03 7.384802e-03 8.916579e-03 0.000000e+00 1.931060e-03 9.861008e-03 9.785727e-03 9.666615e-03 9.592279e-03 9.351110e-03 8.570568e-03 3.559002e-03 0.000000e+00 6.972172e-03 7.912655e-03 4.311280e-03 4.464250e-03 4.533975e-03 4.537504e-03 4.496507e-03 4.473799e-03 4.460600e-03 4.457524e-03 4.447543e-03 4.413094e-03 8.314693e-03 8.134205e-03 8.076580e-03 8.175562e-03 8.272298e-03
7.368085e-03 6.984463e-03 3.740368e-03 5.569347e-03 6.344910e-03 6.605386e-03 6.678628e-03 3.846762e-03 2.811918e-02 6.911477e-03 4.017574e-03 4.093402e-03 6.236155e-03 7.108627e-03 4.068297e-03 6.147638e-03 7.107782e-03 7.651847e-03 7.976863e-03 8.127316e-03 8.253822e-03 8.451281e-03 4.498297e-03 4.647655e-03 1.269296e-02 0.000000e+00 6.454056e-03 8.552844e-03 9.392867e-03 9.758557e-03 9.916828e-03 9.805023e-03 9.223716e-03 7.658305e-03 0.000000e+00 0.000000e+00 7.518712e-03 4.215175e-03 4.387778e-03 4.493773e-03 4.524094e-03 4.495581e-03 4.479958e-03 4.478169e-03 4.494231e-03 4.502266e-03 4.474525e-03 8.639819e-03 8.504387e-03 8.406457e-03 8.367768e-03 8.320625e-03
7.446491e-03 1.773729e-02 1.587654e-02 1.410254e-02 1.241034e-02 1.077850e-02 9.201568e-03 2.982327e-02 6.729562e-03 3.937284e-03 5.973374e-03 6.918202e-03 7.317473e-03 7.434347e-03 7.471429e-03 7.522993e-03 7.652172e-03 7.885576e-03 8.092518e-03 8.194898e-03 8.236988e-03 8.258140e-03 8.433724e-03 8.846712e-03 8.986280e-03 0.000000e+00 5.837170e-03 4.656561e-03 7.566952e-03 9.187820e-03 9.958384e-03 1.016636e-02 9.812847e-03 1.594710e-02 6.997869e-03 0.000000e+00 6.981958e-03 4.148959e-03 4.323203e-03 4.446505e-03 4.496590e-03 4.488066e-03 4.484179e-03 4.485307e-03 7.098302e-03 7.144743e-03 4.525509e-03 8.927726e-03 8.830097e-03 8.711556e-03 8.572990e-03 8.407188e-03
1.967023e-02 7.596101e-03 1.238571e-02 1.264781e-02 1.691873e-02 2.440551e-02 2.752894e-02 6.772951e-03 6.825697e-03 6.984677e-03 7.167285e-03 7.259885e-03 7.311502e-03 7.347091e-03 7.407650e-03 7.516229e-03 1.224565e-02 1.057028e-02 9.197681e-03 8.662732e-03 8.513259e-03 8.266721e-03 8.171238e-03 8.402709e-03 8.567644e-03 0.000000e+00 4.623205e-03 7.488256e-03 9.091919e-03 9.997151e-03 1.048565e-02 1.060987e-02 1.028027e-02 9.369379e-03 1.387243e-02 0.000000e+00 0.000000e+00 4.119486e-03 4.285997e-03 4.408328e-03 4.465992e-03 4.474221e-03 4.486079e-03 4.487214e-03 8.357625e-03 8.458702e-03 4.562727e-03 9.186453e-03 9.081655e-03 8.953013e-03 8.807308e-03 8.605560e-03
7.805155e-03 7.774056e-03 4.056509e-03 7.344705e-03 9.613336e-03 6.960283e-03 6.936852e-03 6.907624e-03 7.008658e-03 7.214644e-03 7.385710e-03 7.349138e-03 7.261717e-03 7.231983e-03 7.272141e-03 7.376186e-03 4.169459e-03 6.571678e-03 7.850214e-03 8.494944e-03 8.642472e-03 8.274196e-03 7.957186e-03 8.060651e-03 4.415386e-03 0.000000e+00 6.213674e-03 9.131287e-03 1.023609e-02 1.065831e-02 1.087226e-02 1.087701e-02 1.055982e-02 9.877749e-03 8.436460e-03 1.210683e-02 0.000000e+00 6.250105e-03 4.286116e-03 4.373638e-03 4.417144e-03 4.427368e-03 4.457177e-03 7.055272e-03 8.886288e-03 9.026472e-03 7.264191e-03 9.403750e-03 9.299642e-03 9.162534e-03 9.032044e-03 8.859253e-03
7.849680e-03 7.924487e-03 7.774780e-03 1.130911e-02 7.121446e-03 7.013455e-03 7.029115e-03 7.056441e-03 7.208025e-03 1.196968e-02 1.027373e-02 8.832991e-03 7.564031e-03 7.278213e-03 7.183702e-03 7.230563e-03 7.459193e-03 7.874110e-03 8.317683e-03 8.707264e-03 8.777974e-03 8.294415e-03 1.352798e-02 1.396552e-02 1.227238e-02 0.000000e+00 6.517684e-03 9.410210e-03 1.046651e-02 1.089308e-02 1.104103e-02 1.094143e-02 1.068488e-02 1.030787e-02 9.259287e-03 1.772506e-02 0.000000e+00 0.000000e+00 4.399288e-03 4.355299e-03 4.352836e-03 4.342690e-03 6.896026e-03 8.254264e-03 9.099623e-03 9.271555e-03 8.637602e-03 9.562755e-03 9.506837e-03 9.369647e-03 9.223290e-03 9.116056e-03
7.956660e-03 8.096072e-03 1.336109e-02 7.601590e-03 7.212069e-03 7.116152e-03 7.163258e-03 7.207147e-03 7.372645e-03 7.716662e-03 7.905174e-03 7.890313e-03 7.704947e-03 7.418067e-03 7.236908e-03 7.257273e-03 7.462786e-03 7.827561e-03 8.231111e-03 8.611125e-03 8.678652e-03 8.157338e-03 4.075660e-03 4.306079e-03 6.903611e-03 0.000000e+00 6.454078e-03 9.453863e-03 1.059144e-02 1.319455e-02 1.402321e-02 1.151442e-02 1.075308e-02 1.060870e-02 1.812412e-02 2.358652e-02 4.434939e-03 0.000000e+00 4.504753e-03 4.470199e-03 4.373445e-03 4.358358e-03 8.060063e-03 8.781559e-03 9.237562e-03 9.415624e-03 9.255291e-03 9.652181e-03 9.655531e-03 9.551672e-03 9.402898e-03 9.336432e-03
8.125896e-03 8.256519e-03 8.161318e-03 7.713429e-03 7.333312e-03 7.312294e-03 7.343509e-03 7.390987e-03 7.545046e-03 4.186328e-03 1.360372e-02 1.840491e-02 1.631602e-02 2.609440e-02 2.976725e-02 2.777334e-02 2.584801e-02 2.400060e-02 2.222440e-02 2.051143e-02 1.881035e-02 1.706059e-02 1.535783e-02 1.376916e-02 0.000000e+00 0.000000e+00 4.812725e-03 7.844713e-03 9.577672e-03 1.050867e-02 1.091165e-02 1.092525e-02 1.080085e-02 1.077568e-02 1.052348e-02 1.640801e-02 2.271130e-02 0.000000e+00 4.609548e-03 4.563721e-03 4.467463e-03 6.954538e-03 8.734582e-03 9.140618e-03 9.418047e-03 9.552467e-03 9.518555e-03 9.673056e-03 9.711665e-03 9.681306e-03 9.584222e-03 9.510126e-03
8.291225e-03 8.372972e-03 8.168619e-03 7.661973e-03 7.576605e-03 7.521605e-03 7.528842e-03 7.619419e-03 7.746096e-03 1.280243e-02 8.039436e-03 8.185324e-03 1.347939e-02 8.007392e-03 7.853880e-03 1.308167e-02 1.128845e-02 9.794321e-03 8.590764e-03 8.687553e-03 8.714995e-03 8.431472e-03 8.297711e-03 8.612426e-03 0.000000e+00 1.930742e-03 5.693422e-03 8.236747e-03 9.689302e-03 1.038562e-02 1.066610e-02 1.076113e-02 1.079069e-02 1.080657e-02 1.059407e-02 1.799086e-02 3.676253e-02 0.000000e+00 0.000000e+00 4.744327e-03 7.296315e-03 8.457500e-03 9.230956e-03 9.446196e-03 9.599688e-03 9.677303e-03 9.651652e-03 9.673214e-03 9.689582e-03 9.699581e-03 9.656349e-03 9.554654e-03
8.416278e-03 8.222126e-03 7.573464e-03 7.863253e-03 7.731259e-03 7.625349e-03 7.674452e-03 7.774345e-03 7.887452e-03 7.949466e-03 8.043494e-03 8.209572e-03 8.286569e-03 8.143927e-03 8.055916e-03 8.167976e-03 1.365982e-02 1.890933e-02 2.474079e-02 2.319951e-02 2.116730e-02 1.903472e-02 1.720968e-02 1.554005e-02 0.000000e+00 1.946684e-03 5.694597e-03 8.165880e-03 9.494017e-03 1.004899e-02 1.030477e-02 1.055362e-02 1.076406e-02 1.087889e-02 1.083531e-02 1.048102e-02 2.501970e-02 3.574528e-02 0.000000e+00 7.915423e-03 9.184426e-03 9.412902e-03 9.655948e-03 9.708365e-03 9.738458e-03 9.767801e-03 9.748634e-03 9.690610e-03 9.613184e-03 9.571541e-03 9.533562e-03 9.405014e-03
7.903516e-03 6.590878e-03 7.775895e-03 7.756547e-03 7.555948e-03 7.668244e-03 7.662213e-03 7.773067e-03 7.875040e-03 7.922154e-03 8.005984e-03 8.194949e-03 8.260573e-03 8.200757e-03 8.194008e-03 8.306319e-03 8.468148e-03 8.654891e-03 8.857906e-03 1.496502e-02 1.307277e-02 1.149381e-02 1.010186e-02 9.572224e-03 0.000000e+00 1.956095e-03 5.680013e-03 8.076033e-03 9.313016e-03 9.811665e-03 5.810526e-02 6.054491e-02 6.171624e-02 9.790254e-02 1.064356e-01 1.032448e-01 1.016405e-01 1.528882e-01 0.000000e+00 0.000000e+00 1.024885e-02 1.003808e-02 9.956176e-03 9.881446e-03 9.815700e-03 9.800302e-03 9.780971e-03 9.688285e-03 9.531117e-03 9.421179e-03 9.377077e-03 9.235574e-03
4.368695e-03 7.467379e-03 7.560459e-03 7.026558e-03 7.532882e-03 7.469386e-03 7.513098e-03 7.598069e-03 7.683397e-03 7.761634e-03 8.001735e-03 8.083268e-03 8.159413e-03 8.224385e-03 8.268470e-03 8.377411e-03 8.533613e-03 8.722198e-03 8.943190e-03 9.177323e-03 1.550404e-02 1.662007e-02 1.835728e-02 2.989685e-02 0.000000e+00 4.937889e-03 7.887577e-03 1.680962e-02 3.133100e-02 4.521080e-02 9.770121e-03 2.326977e-02 3.655492e-02 9.733117e-03 9.876677e-03 2.443152e-02 3.197535e-02 2.728525e-02 1.717872e-01 0.000000e+00 0.000000e+00 1.034028e-02 1.010200e-02 9.928028e-03 9.820401e-03 9.766072e-03 9.718546e-03 9.625395e-03 9.460161e-03 9.337966e-03 9.318380e-03 9.193401e-03
6.698755e-03 7.656638e-03 5.888838e-03 7.177502e-03 6.975999e-03 7.085237e-03 7.128079e-03 7.154083e-03 7.209887e-03 7.771178e-03 7.791397e-03 7.883188e-03 8.096515e-03 8.173435e-03 8.289835e-03 8.441806e-03 8.577042e-03 8.767374e-03 8.994245e-03 9.192321e-03 4.583696e-03 4.586621e-03 9.281951e-03 4.727121e-03 0.000000e+00 4.896919e-03 7.871300e-03 1.050197e-02 1.035615e-02 8.988286e-03 7.593538e-03 7.744080e-03 7.886370e-03 7.994549e-03 8.132880e-03 8.318129e-03 8.354159e-03 1.004843e-02 9.861760e-03 1.742450e-01 0.000000e+00 0.000000e+00 9.912282e-03 9.762564e-03 9.719356e-03 9.688980e-03 9.633632e-03 9.565957e-03 9.431795e-03 9.291853e-03 9.237241e-03 9.124444e-03
7.880930e-03 3.921790e-03 6.881273e-03 5.824379e-03 6.040461e-03 6.146079e-03 6.174682e-03 6.132939e-03 7.390820e-03 7.169253e-03 7.346205e-03 7.833226e-03 7.811619e-03 7.966567e-03 8.263389e-03 8.386957e-03 8.559587e-03 8.772267e-03 8.858267e-03 4.567565e-03 7.263483e-03 8.560919e-03 4.594769e-03 7.478541e-03 0.000000e+00 6.708189e-03 9.703679e-03 1.036867e-02 7.482740e-03 4.675567e-03 4.703809e-03 4.756105e-03 4.814790e-03 4.870120e-03 4.942737e-03 5.033746e-03 2.022999e-02 3.036171e-02 2.570621e-02 2.153434e-02 1.895810e-01 0.000000e+00 8.904780e-03 9.133138e-03 9.466995e-03 9.574589e-03 9.573636e-03 9.554730e-03 9.471750e-03 9.269578e-03 9.073465e-03 4.437727e-03
7.741907e-03 7.239640e-03 3.748103e-03 3.880263e-03 3.980429e-03 4.042449e-03 4.038222e-03 7.106763e-03 5.949858e-03 6.123056e-03 7.430203e-03 7.157994e-03 7.245607e-03 7.801711e-03 7.914990e-03 8.125401e-03 8.365484e-03 8.227678e-03 4.548882e-03 7.262392e-03 8.630149e-03 9.131103e-03 9.357552e-03 9.667435e-03 0.000000e+00 6.739453e-03 9.635103e-03 4.677725e-03 4.650307e-03 7.446391e-03 8.906715e-03 9.606104e-03 9.998087e-03 1.032476e-02 1.067292e-02 1.532988e-02 5.027592e-03 5.052244e-03 8.250390e-03 9.510118e-03 8.713808e-03 0.000000e+00 0.000000e+00 8.409965e-03 9.122687e-03 9.401053e-03 9.464786e-03 9.460464e-03 9.411437e-03 9.142870e-03 4.388790e-03 9.330345e-03
7.447890e-03 7.044578e-03 6.677012e-03 6.618312e-03 6.735261e-03 6.925220e-03 7.019114e-03 3.873539e-03 3.888083e-03 6.905715e-03 5.994709e-03 6.046955e-03 7.219723e-03 7.080306e-03 7.318285e-03 7.589342e-03 6.867213e-03 4.520514e-03 7.220135e-03 8.632402e-03 9.253090e-03 9.403308e-03 9.452036e-03 9.622408e-03 0.000000e+00 6.666092e-03 9.521604e-03 1.027433e-02 1.024755e-02 1.008971e-02 9.969821e-03 9.891904e-03 9.908674e-03 1.005642e-02 1.032127e-02 1.067828e-02 1.479869e-02 1.920676e-02 3.590945e-02 4.483102e-02 3.853257e-02 3.343151e-02 0.000000e+00 0.000000e+00 8.632127e-03 9.160549e-03 4.466035e-03 9.187185e-03 9.131747e-03 4.371889e-03 9.150703e-03 9.314626e-03
6.985990e-03 6.779506e-03 6.635302e-03 6.596368e-03 6.632992e-03 6.723604e-03 6.751976e-03 6.642868e-03 6.579447e-03 3.862225e-03 3.911038e-03 6.732456e-03 5.852744e-03 6.003383e-03 6.226454e-03 4.320127e-03 4.430868e-03 7.085502e-03 8.513901e-03 9.199546e-03 9.478774e-03 9.523047e-03 9.519204e-03 9.583946e-03 0.000000e+00 6.616368e-03 9.493896e-03 1.037365e-02 1.046841e-02 1.032744e-02 1.014723e-02 9.966562e-03 9.850122e-03 9.843007e-03 9.987155e-03 1.029257e-02 1.064792e-02 1.321039e-02 4.958529e-03 4.938514e-03 7.900227e-03 8.783368e-03 3.483102e-02 0.000000e+00 8.363815e-03 8.692999e-03 4.425788e-03 4.375997e-03 4.352494e-03 4.419747e-03 9.227151e-03 8.806090e-03
6.226363e-03 6.406982e-03 6.541678e-03 6.630931e-03 6.672387e-03 6.660366e-03 6.600365e-03 6.499367e-03 6.416283e-03 6.388148e-03 6.421445e-03 3.795393e-03 3.858352e-03 3.937004e-03 4.080704e-03 6.450950e-03 7.805656e-03 8.631433e-03 9.129832e-03 9.382725e-03 9.476426e-03 9.464736e-03 1.581228e-02 1.703504e-02 0.000000e+00 6.951451e-03 9.800837e-03 1.068102e-02 1.080183e-02 1.065040e-02 1.041639e-02 1.014819e-02 9.912641e-03 9.753824e-03 9.741955e-03 9.920722e-03 1.021362e-02 1.054797e-02 1.108951e-02 1.492617e-02 1.449311e-02 1.188377e-02 1.050254e-02 0.000000e+00 0.000000e+00 8.148286e-03 4.400018e-03 4.396885e-03 4.383064e-03 9.427830e-03 9.440641e-03 8.840920e-03
3.608702e-03 5.409120e-03 6.264555e-03 6.671212e-03 6.818597e-03 6.747426e-03 6.618190e-03 6.543166e-03 6.440019e-03 6.223865e-03 6.076699e-03 6.131775e-03 6.344370e-03 6.658928e-03 7.089639e-03 7.633164e-03 8.189394e-03 8.711058e-03 9.089919e-03 9.266688e-03 9.289167e-03 9.206059e-03 4.519676e-03 0.000000e+00 0.000000e+00 5.993503e-03 9.033972e-03 1.032425e-02 1.078051e-02 1.082558e-02 1.066854e-02 1.038614e-02 1.007432e-02 9.793903e-03 9.612268e-03 9.578125e-03 9.740940e-03 1.009207e-02 1.049648e-02 1.188108e-02 1.417751e-02 1.221653e-02 1.095218e-02 1.003115e-02 0.000000e+00 0.000000e+00 6.656916e-03 4.450671e-03 4.515110e-03 4.600115e-03 4.669044e-03 7.507013e-03
-9.999000e+03 -9.999000e+03 -9.999000e+03 -9.999000e+03 -9.999000e+03 -9.999000e+03 -9.999000e+03 3.836917e-03 3.779593e-03 3.613263e-03 3.536661e-03 3.605129e-03 5.412379e-03 6.421566e-03 7.104341e-03 7.641041e-03 8.125610e-03 8.603707e-03 8.947838e-03 9.074015e-03 9.042072e-03 8.902159e-03 8.916123e-03 0.000000e+00 1.993444e-03 5.586716e-03 7.992751e-03 9.517508e-03 1.039659e-02 1.079431e-02 1.084878e-02 1.063868e-02 1.029499e-02 9.904254e-03 9.555415e-03 9.310609e-03 9.319173e-03 9.639370e-03 1.009448e-02 1.055870e-02 1.272186e-02 1.536379e-02 1.293473e-02 1.121842e-02 9.905222e-03 0.000000e+00 0.000000e+00 4.572001e-03 4.653116e-03 4.706220e-03 4.731960e-03 4.726917e-03
-9.999000e+03 -9.999000e+03 -9.999000e+03 -9.999000e+03 -9.999000e+03 -9.999000e+03 -9.999000e+03 -9.999000e+03 -9.999000e+03 -9.999000e+03 5.204229e-03 5.219765e-03 3.790935e-03 4.023786e-03 6.256198e-03 7.349929e-03 7.949302e-03 8.436344e-03 8.758223e-03 8.834610e-03 8.772194e-03 8.651796e-03 8.723565e-03 0.000000e+00 1.987311e-03 5.547515e-03 7.910754e-03 9.428472e-03 1.035621e-02 1.168819e-02 1.108573e-02 1.090045e-02 1.054684e-02 1.007032e-02 9.602754e-03 9.239622e-03 9.116540e-03 9.291712e-03 9.673682e-03 1.018345e-02 1.066600e-02 1.420352e-02 1.443234e-02 1.173948e-02 1.045026e-02 9.210748e-03 0.000000e+00 0.000000e+00 4.716966e-03 4.784699e-03 -9.999000e+03 -9.999000e+03
