tests/data/reference/test_implicit_stream_rill_mfda/mqsur_m3_s.asc
ncols	123
nrows	77
xllcorner	-713746.79929998
yllcorner	-1061022.36961616
cellsize	10.0
NODATA_value	-9999
[rows 23 to 45 of 77, columns 52 to 103 of 123]
7.198708e-03 9.302782e-03 9.432279e-03 9.462163e-03 9.443862e-03 9.422691e-03 9.369822e-03 9.258576e-03 9.151665e-03 9.095680e-03 9.034724e-03 8.975562e-03 8.896198e-03 8.753305e-03 8.493100e-03 8.126778e-03 2.467913e-02 7.180657e-03 7.160795e-03 7.218297e-03 7.259325e-03 7.278314e-03 7.076802e-03 7.153856e-03 4.043581e-03 5.855697e-03 2.933925e-02 1.079862e-02 1.759532e-02 7.053431e-03 6.956622e-03 6.018808e-03 3.891549e-03 3.606858e-03 -9.999000e+03 -9.999000e+03 -9.999000e+03 -9.999000e+03 -9.999000e+03 -9.999000e+03 -9.999000e+03 -9.999000e+03 -9.999000e+03 -9.999000e+03 -9.999000e+03 -9.999000e+03 -9.999000e+03 -9.999000e+03 -9.999000e+03 -9.999000e+03 -9.999000e+03 -9.999000e+03
7.288579e-03 8.675248e-03 9.527673e-03 9.513132e-03 9.466124e-03 9.421082e-03 9.359653e-03 9.255812e-03 9.158467e-03 9.107501e-03 9.069985e-03 9.022020e-03 8.929148e-03 8.745927e-03 8.470314e-03 8.107911e-03 2.865975e-02 7.212493e-03 7.350049e-03 7.545503e-03 7.706448e-03 7.823976e-03 7.784756e-03 7.733510e-03 6.329761e-03 6.909092e-03 3.913923e-03 2.780923e-02 9.176339e-03 1.497432e-02 1.107659e-02 6.890232e-03 5.937275e-03 5.515216e-03 3.511146e-03 -9.999000e+03 -9.999000e+03 -9.999000e+03 -9.999000e+03 -9.999000e+03 -9.999000e+03 -9.999000e+03 -9.999000e+03 -9.999000e+03 -9.999000e+03 -9.999000e+03 -9.999000e+03 -9.999000e+03 -9.999000e+03 -9.999000e+03 -9.999000e+03 -9.999000e+03
9.503105e-03 8.765797e-03 9.350942e-03 9.589630e-03 9.475274e-03 9.359294e-03 9.263230e-03 9.194808e-03 9.157787e-03 9.143898e-03 9.120165e-03 9.056446e-03 8.911239e-03 8.679077e-03 8.425979e-03 8.174844e-03 3.281131e-02 7.487186e-03 7.631953e-03 7.851387e-03 8.059533e-03 8.211552e-03 8.221615e-03 8.143202e-03 7.527036e-03 7.591317e-03 6.178173e-03 2.635857e-02 3.983987e-03 7.715712e-03 2.155989e-02 6.833658e-03 6.770378e-03 6.668814e-03 5.695846e-03 3.801938e-03 3.574315e-03 3.552574e-03 -9.999000e+03 -9.999000e+03 -9.999000e+03 -9.999000e+03 -9.999000e+03 -9.999000e+03 -9.999000e+03 -9.999000e+03 -9.999000e+03 -9.999000e+03 -9.999000e+03 -9.999000e+03 -9.999000e+03 -9.999000e+03
7.456893e-03 9.737363e-03 9.402792e-03 9.517386e-03 9.452057e-03 9.286694e-03 9.175272e-03 9.151434e-03 9.165331e-03 9.178603e-03 9.159582e-03 9.068594e-03 8.900928e-03 8.676772e-03 8.444053e-03 8.239399e-03 3.720071e-02 7.712771e-03 7.827485e-03 8.032549e-03 8.239777e-03 8.390757e-03 8.416068e-03 8.360301e-03 8.112265e-03 8.070092e-03 7.472415e-03 2.494330e-02 6.282739e-03 7.012039e-03 1.937187e-02 6.734698e-03 7.015590e-03 7.214471e-03 6.865584e-03 5.883875e-03 5.439509e-03 3.643751e-03 5.207269e-03 3.525592e-03 -9.999000e+03 -9.999000e+03 -9.999000e+03 -9.999000e+03 -9.999000e+03 -9.999000e+03 -9.999000e+03 -9.999000e+03 -9.999000e+03 -9.999000e+03 -9.999000e+03 -9.999000e+03
8.962236e-03 4.647220e-03 9.720271e-03 9.443416e-03 9.337204e-03 9.232431e-03 9.162741e-03 9.165697e-03 9.190748e-03 9.196735e-03 9.167810e-03 9.077284e-03 8.938274e-03 8.765967e-03 8.548848e-03 8.292459e-03 4.169151e-02 7.724904e-03 7.827520e-03 8.018695e-03 8.187365e-03 8.313171e-03 8.353874e-03 8.363574e-03 8.339963e-03 8.372402e-03 8.191913e-03 2.389972e-02 7.575268e-03 7.610860e-03 1.737921e-02 7.040473e-03 7.073919e-03 7.177502e-03 7.120617e-03 6.707614e-03 3.841799e-03 3.713540e-03 5.289701e-03 5.754306e-03 5.051490e-03 8.026367e-03 -9.999000e+03 -9.999000e+03 -9.999000e+03 -9.999000e+03 -9.999000e+03 -9.999000e+03 -9.999000e+03 -9.999000e+03 -9.999000e+03 -9.999000e+03
9.632598e-03 7.395774e-03 9.599944e-03 9.322763e-03 4.452692e-03 9.175730e-03 9.156198e-03 9.192326e-03 9.236030e-03 9.241999e-03 9.200302e-03 9.104623e-03 8.972598e-03 8.811192e-03 8.588603e-03 8.293991e-03 4.622022e-02 7.714500e-03 7.848466e-03 8.040412e-03 8.177645e-03 8.272330e-03 8.306415e-03 8.347969e-03 8.438426e-03 8.568400e-03 8.602471e-03 2.281791e-02 8.284489e-03 8.130082e-03 1.554330e-02 7.432464e-03 7.165556e-03 7.042879e-03 7.012647e-03 6.890310e-03 5.705192e-03 5.510231e-03 3.704429e-03 5.922675e-03 0.000000e+00 1.938921e-02 7.844969e-03 7.640495e-03 -9.999000e+03 -9.999000e+03 -9.999000e+03 -9.999000e+03 -9.999000e+03 -9.999000e+03 -9.999000e+03 -9.999000e+03
9.809936e-03 8.703473e-03 9.445917e-03 9.225428e-03 4.472860e-03 7.019357e-03 9.121770e-03 9.199674e-03 9.295924e-03 9.326301e-03 9.281118e-03 9.161479e-03 8.983216e-03 8.746989e-03 8.463695e-03 8.183633e-03 8.004105e-03 4.995107e-02 8.030829e-03 8.244908e-03 8.383445e-03 8.448149e-03 8.437406e-03 8.437697e-03 8.526680e-03 8.702801e-03 8.834665e-03 2.148034e-02 8.626038e-03 8.437495e-03 1.381171e-02 7.761858e-03 7.393079e-03 7.124881e-03 6.947917e-03 6.826590e-03 6.371762e-03 6.244613e-03 5.514922e-03 0.000000e+00 0.000000e+00 1.594461e-02 7.963929e-03 2.737093e-03 7.400048e-03 -9.999000e+03 -9.999000e+03 -9.999000e+03 -9.999000e+03 -9.999000e+03 -9.999000e+03 -9.999000e+03
9.646820e-03 9.086598e-03 9.255221e-03 9.147913e-03 7.051092e-03 4.480013e-03 8.302988e-03 9.217608e-03 9.315841e-03 9.335385e-03 9.268157e-03 9.112417e-03 8.886950e-03 8.602099e-03 8.326460e-03 8.144657e-03 8.089521e-03 8.158695e-03 5.379427e-02 8.554986e-03 8.665510e-03 8.676556e-03 8.608416e-03 8.561495e-03 8.624551e-03 8.811941e-03 8.958305e-03 1.969932e-02 8.791424e-03 8.641609e-03 1.218197e-02 8.084753e-03 7.719304e-03 7.397336e-03 3.988000e-03 3.890337e-03 6.673795e-03 6.638577e-03 0.000000e+00 0.000000e+00 4.582389e-03 1.194032e-02 6.298860e-03 4.027239e-03 2.843005e-03 7.303507e-03 -9.999000e+03 -9.999000e+03 -9.999000e+03 -9.999000e+03 -9.999000e+03 -9.999000e+03
9.182065e-03 8.927808e-03 9.013188e-03 9.055507e-03 8.302796e-03 7.087275e-03 4.528137e-03 8.966628e-03 9.266448e-03 9.196207e-03 9.055182e-03 8.840061e-03 8.599090e-03 8.387516e-03 8.274475e-03 8.269643e-03 8.341065e-03 8.483476e-03 5.811049e-02 8.896705e-03 8.919369e-03 8.844512e-03 8.724667e-03 8.665913e-03 8.731791e-03 8.906420e-03 8.998426e-03 1.806263e-02 8.876316e-03 8.817234e-03 1.064385e-02 8.438321e-03 8.107844e-03 4.247232e-03 4.127869e-03 4.020190e-03 7.044346e-03 0.000000e+00 0.000000e+00 4.745394e-03 5.930684e-03 9.390770e-03 5.191916e-03 4.328492e-03 4.041939e-03 3.046473e-03 2.881361e-03 -9.999000e+03 -9.999000e+03 -9.999000e+03 -9.999000e+03 -9.999000e+03
8.395683e-03 8.409569e-03 8.605900e-03 8.786692e-03 4.388777e-03 8.767306e-03 8.351750e-03 7.118068e-03 9.082282e-03 9.059195e-03 8.886680e-03 8.669593e-03 8.476493e-03 8.364934e-03 8.360869e-03 8.460382e-03 8.603946e-03 8.761610e-03 6.240942e-02 9.069084e-03 9.010216e-03 8.892032e-03 8.777631e-03 8.753656e-03 8.839518e-03 8.975590e-03 8.974979e-03 1.639130e-02 8.846526e-03 8.860268e-03 9.170134e-03 8.665368e-03 4.363915e-03 4.321479e-03 4.231625e-03 4.135315e-03 0.000000e+00 0.000000e+00 5.068807e-03 6.504028e-03 6.406152e-03 7.590902e-03 3.363569e-03 3.166233e-03 4.660636e-03 4.493074e-03 4.415680e-03 3.019979e-03 7.352633e-03 -9.999000e+03 -9.999000e+03 -9.999000e+03
7.324204e-03 7.570648e-03 7.828192e-03 8.113690e-03 8.397620e-03 6.719516e-03 8.764414e-03 8.709013e-03 8.230156e-03 8.996535e-03 8.938209e-03 8.821834e-03 8.719350e-03 8.653837e-03 8.644171e-03 8.704260e-03 8.796877e-03 8.877224e-03 8.900981e-03 6.661333e-02 8.859564e-03 8.795112e-03 8.776175e-03 8.834415e-03 8.940864e-03 9.010916e-03 8.896690e-03 1.464576e-02 8.665331e-03 8.687133e-03 8.732442e-03 4.355487e-03 4.332318e-03 4.321287e-03 0.000000e+00 0.000000e+00 0.000000e+00 4.314082e-03 7.064697e-03 7.113005e-03 6.775013e-03 3.851110e-03 3.722364e-03 4.895967e-03 5.176222e-03 4.965356e-03 4.789616e-03 3.165899e-03 3.029976e-03 7.711969e-03 -9.999000e+03 -9.999000e+03
1.710128e-01 1.725879e-01 6.851221e-03 7.241867e-03 7.842944e-03 8.213076e-03 7.806157e-03 8.732608e-03 8.845430e-03 8.756809e-03 9.075892e-03 9.087371e-03 9.078760e-03 9.056657e-03 9.027324e-03 9.001273e-03 8.968667e-03 8.911469e-03 8.802146e-03 7.038493e-02 8.540388e-03 8.538077e-03 8.634810e-03 8.784366e-03 8.901731e-03 8.893811e-03 8.679213e-03 1.281965e-02 8.399387e-03 8.422180e-03 8.524963e-03 4.338106e-03 4.335050e-03 0.000000e+00 0.000000e+00 5.757395e-03 4.408002e-03 6.582833e-03 7.716273e-03 7.446986e-03 4.043986e-03 3.979925e-03 3.895793e-03 5.879867e-03 5.665900e-03 5.345621e-03 3.339459e-03 3.355061e-03 3.366395e-03 8.228706e-03 2.961560e-03 7.734624e-03
1.618029e-02 1.391104e-02 1.796827e-01 6.873217e-03 7.273234e-03 7.861071e-03 8.307814e-03 8.399303e-03 8.890276e-03 9.075059e-03 9.155260e-03 9.352255e-03 9.422885e-03 9.441328e-03 9.401688e-03 9.275902e-03 9.066260e-03 8.810210e-03 8.511382e-03 8.185979e-03 7.410032e-02 7.881039e-03 8.088872e-03 8.337397e-03 8.609806e-03 8.519782e-03 8.245822e-03 1.092527e-02 8.085634e-03 8.162339e-03 8.337563e-03 4.346672e-03 0.000000e+00 0.000000e+00 5.452691e-03 7.913372e-03 6.711592e-03 7.624248e-03 7.983653e-03 4.199502e-03 4.133697e-03 4.054098e-03 3.968527e-03 3.853198e-03 6.129574e-03 5.885086e-03 3.667644e-03 5.144340e-03 5.088789e-03 7.169871e-03 3.352950e-03 8.229485e-03
4.171774e-03 6.367241e-03 7.285191e-03 1.791389e-01 1.815866e-01 1.833635e-01 1.854470e-01 8.490370e-03 8.626155e-03 8.866420e-03 9.012132e-03 9.130630e-03 9.228933e-03 9.228199e-03 1.567515e-02 8.918047e-03 8.615278e-03 8.303994e-03 7.967563e-03 7.630273e-03 4.027844e-03 7.284640e-02 1.340633e-02 7.992837e-03 8.010243e-03 7.792622e-03 7.760394e-03 9.019278e-03 7.838707e-03 8.007298e-03 8.241763e-03 0.000000e+00 0.000000e+00 4.345769e-03 7.735930e-03 8.410178e-03 7.729182e-03 8.055143e-03 8.134146e-03 4.247906e-03 4.196050e-03 4.113772e-03 4.030568e-03 3.931317e-03 6.485929e-03 6.285632e-03 5.476946e-03 6.018691e-03 5.938607e-03 6.587116e-03 5.095918e-03 7.241732e-03
7.701314e-03 8.270867e-03 8.430658e-03 8.073551e-03 7.816402e-03 8.020044e-03 8.237413e-03 1.871943e-01 1.890734e-01 1.887359e-01 1.892340e-01 1.892912e-01 1.889514e-01 1.892621e-01 1.902228e-01 1.931578e-01 1.938681e-01 7.370412e-03 7.375042e-03 7.345462e-03 7.370483e-03 6.219427e-03 8.175922e-02 7.819109e-03 7.546740e-03 7.202117e-03 7.087138e-03 7.446527e-03 7.744066e-03 8.012666e-03 0.000000e+00 0.000000e+00 4.409249e-03 4.371126e-03 8.443788e-03 8.485578e-03 8.138796e-03 8.214642e-03 8.206445e-03 4.263723e-03 4.229499e-03 4.156416e-03 4.082732e-03 3.993698e-03 3.884622e-03 3.775346e-03 6.096125e-03 6.259634e-03 6.271517e-03 6.517936e-03 6.062319e-03 6.757232e-03
6.938672e-03 8.210647e-03 8.636704e-03 5.961455e-02 6.160414e-02 6.442137e-02 6.710627e-02 6.963528e-02 7.201251e-02 7.424597e-02 7.635404e-02 7.834695e-02 8.045616e-02 8.231971e-02 8.405559e-02 8.569064e-02 8.468720e-02 2.733633e-01 2.742125e-01 6.625648e-03 6.881496e-03 7.277666e-03 8.116041e-02 7.444410e-03 7.070915e-03 6.763518e-03 6.735345e-03 7.112862e-03 7.765067e-03 0.000000e+00 0.000000e+00 4.405185e-03 4.424364e-03 4.386807e-03 8.630110e-03 8.532470e-03 8.328899e-03 8.317300e-03 4.301078e-03 4.301968e-03 4.275474e-03 4.205072e-03 4.129602e-03 4.050399e-03 3.956306e-03 3.841204e-03 3.737184e-03 6.295793e-03 6.354858e-03 6.534571e-03 6.490000e-03 6.653786e-03
8.578600e-03 5.780302e-02 5.947880e-02 8.677828e-03 8.875147e-03 9.207677e-03 9.477494e-03 9.627441e-03 9.701309e-03 9.718752e-03 9.691200e-03 9.524329e-03 9.360493e-03 9.123722e-03 8.839290e-03 8.543718e-03 1.498605e-02 2.078600e-02 1.854419e-02 2.789998e-01 2.800448e-01 2.809793e-01 2.817470e-01 8.439652e-02 6.526642e-03 6.497342e-03 6.626777e-03 7.128124e-03 0.000000e+00 0.000000e+00 4.397258e-03 6.911123e-03 4.432858e-03 4.393502e-03 8.694739e-03 8.604573e-03 8.466180e-03 8.448482e-03 4.355594e-03 4.359854e-03 4.337601e-03 4.268361e-03 4.177724e-03 4.093337e-03 4.031836e-03 3.955310e-03 3.841666e-03 6.371568e-03 6.343521e-03 6.416059e-03 6.442194e-03 6.492773e-03
5.587080e-02 8.246413e-03 8.505375e-03 8.713538e-03 8.940518e-03 9.224125e-03 9.482583e-03 9.668670e-03 9.801762e-03 9.892160e-03 9.935908e-03 9.926918e-03 9.870469e-03 9.778490e-03 9.659118e-03 9.415617e-03 9.213606e-03 1.602772e-02 1.546463e-02 2.127681e-02 2.637154e-02 2.493854e-02 2.258202e-02 2.922001e-01 8.658209e-02 5.927416e-03 6.442087e-03 4.061188e-03 0.000000e+00 5.409061e-03 6.765279e-03 8.113402e-03 4.454661e-03 6.908563e-03 8.759504e-03 8.679160e-03 8.578832e-03 8.587138e-03 4.397629e-03 4.401025e-03 4.376622e-03 4.315352e-03 4.223079e-03 4.121453e-03 4.069616e-03 4.032445e-03 3.944684e-03 3.836309e-03 6.439814e-03 6.396412e-03 6.366193e-03 6.386347e-03
7.881880e-03 8.126371e-03 8.345111e-03 8.474639e-03 8.615354e-03 8.846410e-03 9.090569e-03 9.289090e-03 9.459615e-03 9.609532e-03 9.727433e-03 9.808537e-03 9.862891e-03 9.905533e-03 9.927579e-03 9.917986e-03 1.751306e-02 9.817060e-03 9.543371e-03 9.092578e-03 8.765950e-03 0.000000e+00 0.000000e+00 0.000000e+00 2.910581e-01 8.386573e-02 5.914655e-03 0.000000e+00 0.000000e+00 7.106539e-03 7.522785e-03 8.549507e-03 4.482960e-03 8.220166e-03 8.858622e-03 8.739942e-03 8.662843e-03 4.407418e-03 4.430784e-03 4.436731e-03 4.402228e-03 4.339082e-03 4.254647e-03 4.144334e-03 4.082704e-03 4.069397e-03 4.029393e-03 3.958721e-03 6.707825e-03 6.597300e-03 6.503826e-03 6.453478e-03
7.763922e-03 7.967195e-03 8.105449e-03 8.167418e-03 8.249308e-03 8.430475e-03 8.631624e-03 8.791738e-03 8.953249e-03 9.145818e-03 9.338957e-03 9.491145e-03 9.620105e-03 9.752376e-03 9.862071e-03 1.878026e-02 1.000427e-02 1.006614e-02 1.005954e-02 9.923273e-03 9.670303e-03 9.593665e-03 9.407361e-03 0.000000e+00 0.000000e+00 0.000000e+00 8.500856e-02 0.000000e+00 3.885587e-03 6.794798e-03 7.366636e-03 8.303786e-03 6.944567e-03 8.728509e-03 8.907644e-03 8.798511e-03 8.752961e-03 4.430513e-03 4.451615e-03 4.470403e-03 4.442400e-03 4.370883e-03 4.281898e-03 4.167464e-03 4.095413e-03 4.079615e-03 4.060498e-03 6.014730e-03 6.978017e-03 6.839342e-03 6.706333e-03 6.629694e-03
7.567381e-03 7.691907e-03 7.779682e-03 7.826572e-03 7.897140e-03 8.038279e-03 8.174223e-03 8.262228e-03 8.382269e-03 8.605365e-03 8.843857e-03 9.035074e-03 9.219573e-03 9.396665e-03 1.977136e-02 9.682221e-03 9.805543e-03 9.946990e-03 1.008058e-02 1.015955e-02 1.013215e-02 1.009081e-02 9.857665e-03 9.446173e-03 8.878006e-03 0.000000e+00 0.000000e+00 0.000000e+00 7.866866e-03 5.164389e-03 1.107184e-02 7.654514e-03 7.729736e-03 8.595633e-03 8.806390e-03 8.849780e-03 8.873673e-03 4.462819e-03 4.469246e-03 4.491302e-03 4.479804e-03 4.413828e-03 4.315866e-03 4.190027e-03 4.106712e-03 4.075384e-03 4.053324e-03 6.900927e-03 7.161425e-03 7.030370e-03 6.881101e-03 6.856613e-03
7.330828e-03 7.401922e-03 7.470059e-03 7.548186e-03 7.644994e-03 7.762421e-03 7.844223e-03 7.836051e-03 7.909848e-03 8.095204e-03 8.306688e-03 8.536796e-03 8.722436e-03 2.075779e-02 9.092922e-03 9.204816e-03 9.305225e-03 9.508366e-03 9.781556e-03 9.873203e-03 9.968395e-03 1.002724e-02 9.979267e-03 9.583780e-03 9.276517e-03 5.121246e-03 0.000000e+00 0.000000e+00 0.000000e+00 0.000000e+00 1.256374e-02 6.739751e-03 7.458147e-03 8.331208e-03 8.671349e-03 8.851725e-03 8.954921e-03 4.488884e-03 4.502052e-03 4.514722e-03 4.508533e-03 4.460894e-03 4.373716e-03 4.250811e-03 4.161859e-03 4.113841e-03 4.077851e-03 7.253650e-03 7.281609e-03 7.204967e-03 7.108669e-03 7.162042e-03
7.109777e-03 7.119279e-03 7.165950e-03 7.288407e-03 7.430594e-03 7.539887e-03 7.479940e-03 7.471685e-03 7.495365e-03 7.596496e-03 7.862411e-03 8.016550e-03 2.175242e-02 8.424331e-03 8.507709e-03 8.463496e-03 8.597755e-03 9.019362e-03 9.098551e-03 9.291157e-03 9.436147e-03 9.599491e-03 9.653830e-03 9.409288e-03 9.128478e-03 0.000000e+00 0.000000e+00 6.437854e-03 7.997286e-03 0.000000e+00 0.000000e+00 0.000000e+00 7.319947e-03 8.216468e-03 8.646656e-03 8.793502e-03 8.944654e-03 4.499019e-03 4.535598e-03 4.541843e-03 4.534035e-03 4.502722e-03 4.440047e-03 4.341041e-03 4.257220e-03 4.194740e-03 4.137606e-03 7.434661e-03 7.362836e-03 7.370204e-03 7.426147e-03 7.563215e-03
