tests/data/reference/test_implicit_stream_rill_mfda/mqsur_m3_s.asc
ncols	123
nrows	77
xllcorner	-713746.79929998
yllcorner	-1061022.36961616
cellsize	10.0
NODATA_value	-9999
[rows 46 to 68 of 77, columns 0 to 51 of 123]
-9.999000e+03 -9.999000e+03 -9.999000e+03 -9.999000e+03 -9.999000e+03 -9.999000e+03 7.728159e-03 6.572907e-03 4.044997e-03 4.192832e-03 2.869645e-03 4.109968e-03 4.672856e-03 4.755924e-03 4.783067e-03 4.771897e-03 4.767630e-03 4.769262e-03 4.876736e-03 5.203435e-03 5.548788e-03 5.148234e-03 5.200826e-03 5.156625e-03 5.735267e-03 6.083239e-03 6.247266e-03 6.187037e-03 6.114648e-03 6.126366e-03 6.148305e-03 2.957423e-02 3.101691e-02 6.434378e-03 6.654132e-03 6.905458e-03 7.173431e-03 7.437849e-03 7.673065e-03 7.884225e-03 8.041692e-03 8.133051e-03 8.205446e-03 8.287069e-03 8.298909e-03 8.202580e-03 8.071477e-03 7.919808e-03 7.699728e-03 7.392202e-03 7.150000e-03 7.073055e-03
-9.999000e+03 -9.999000e+03 -9.999000e+03 -9.999000e+03 -9.999000e+03 -9.999000e+03 3.892656e-03 4.444095e-03 3.972607e-03 4.127223e-03 3.057877e-03 4.570903e-03 4.796754e-03 4.928725e-03 5.014429e-03 4.920371e-03 4.784893e-03 4.662746e-03 4.734201e-03 5.064972e-03 3.474326e-03 3.561857e-03 3.605270e-03 3.601646e-03 5.249461e-03 5.986302e-03 6.259544e-03 2.275387e-02 2.474832e-02 2.660492e-02 2.833073e-02 6.412719e-03 6.470267e-03 6.624225e-03 6.813876e-03 6.997039e-03 7.190961e-03 7.410716e-03 7.631198e-03 7.847384e-03 8.038657e-03 8.196448e-03 8.323193e-03 8.419745e-03 8.449000e-03 8.379750e-03 8.262025e-03 8.128030e-03 7.951400e-03 7.698099e-03 7.433997e-03 7.248423e-03
-9.999000e+03 -9.999000e+03 -9.999000e+03 -9.999000e+03 -9.999000e+03 7.534471e-03 4.077741e-03 5.906731e-03 2.959442e-03 3.000471e-03 4.036985e-03 4.411907e-03 4.663923e-03 4.942794e-03 4.895583e-03 4.957824e-03 4.864026e-03 4.726891e-03 4.773336e-03 5.079624e-03 7.889459e-03 1.053656e-02 1.305380e-02 1.608825e-02 1.777283e-02 1.975850e-02 2.182282e-02 6.466408e-03 6.466913e-03 6.553439e-03 6.589128e-03 6.569185e-03 6.620035e-03 6.724199e-03 6.837329e-03 6.950718e-03 7.097510e-03 7.312531e-03 7.543461e-03 7.755200e-03 7.951320e-03 8.128118e-03 8.273674e-03 8.388567e-03 8.456044e-03 8.450407e-03 8.378411e-03 8.250828e-03 8.097569e-03 7.920633e-03 7.713592e-03 7.480781e-03
-9.999000e+03 -9.999000e+03 -9.999000e+03 -9.999000e+03 1.482908e-02 1.623466e-03 4.192378e-03 5.559033e-03 2.831242e-03 2.739780e-03 3.692309e-03 4.087919e-03 4.739131e-03 4.307222e-03 4.741644e-03 4.914830e-03 4.937664e-03 4.825231e-03 4.867018e-03 5.155601e-03 5.484141e-03 5.786680e-03 6.150184e-03 6.364328e-03 6.603397e-03 6.695006e-03 6.732871e-03 6.747970e-03 6.757306e-03 6.779733e-03 6.778442e-03 6.744429e-03 6.736219e-03 6.759040e-03 6.803997e-03 6.868123e-03 6.987722e-03 7.202684e-03 7.436478e-03 7.644007e-03 7.830340e-03 7.986916e-03 8.115148e-03 8.232926e-03 8.335884e-03 8.401634e-03 8.395993e-03 8.292141e-03 8.163265e-03 8.072217e-03 7.898371e-03 7.678200e-03
-9.999000e+03 -9.999000e+03 -9.999000e+03 -9.999000e+03 8.240974e-03 4.085324e-03 3.873152e-03 3.905518e-03 3.397808e-03 2.570233e-03 3.603720e-03 5.733829e-03 2.940084e-03 4.141955e-03 4.624678e-03 4.880601e-03 4.952800e-03 4.841587e-03 4.888515e-03 5.179645e-03 5.540576e-03 6.103664e-03 6.115898e-03 6.597031e-03 6.848107e-03 6.943622e-03 7.018051e-03 7.095428e-03 7.118874e-03 7.097831e-03 7.080212e-03 7.050869e-03 7.011060e-03 6.974021e-03 6.953184e-03 6.956155e-03 7.012025e-03 7.157303e-03 7.347897e-03 7.554704e-03 7.732521e-03 7.841499e-03 7.922303e-03 8.020609e-03 8.135497e-03 8.246313e-03 8.299842e-03 8.251935e-03 8.183956e-03 7.998754e-03 7.924627e-03 7.712622e-03
-9.999000e+03 -9.999000e+03 -9.999000e+03 7.587618e-03 1.462117e-03 4.310865e-03 2.675203e-03 3.173200e-03 2.452864e-03 3.208670e-03 4.430511e-03 3.576607e-03 2.801167e-03 3.948791e-03 4.487225e-03 4.794446e-03 4.894386e-03 4.815153e-03 4.861364e-03 5.126854e-03 6.374280e-03 5.367038e-03 6.179223e-03 6.631957e-03 6.914083e-03 7.074456e-03 7.211004e-03 7.336834e-03 7.388197e-03 7.360048e-03 7.321800e-03 7.286502e-03 7.245910e-03 7.197295e-03 7.149327e-03 7.122141e-03 7.123279e-03 7.174230e-03 7.302797e-03 7.507104e-03 7.670152e-03 7.720434e-03 7.748666e-03 7.813844e-03 7.912902e-03 8.037385e-03 8.134481e-03 8.161694e-03 7.625136e-03 7.640271e-03 7.578454e-03 7.403125e-03
-9.999000e+03 -9.999000e+03 -9.999000e+03 7.407313e-03 3.853837e-03 3.012538e-03 2.353101e-03 2.127502e-03 2.601227e-03 2.710301e-03 3.461705e-03 3.181893e-03 2.599515e-03 3.672432e-03 4.274590e-03 4.603283e-03 4.730811e-03 4.714457e-03 4.713649e-03 7.764309e-03 3.496212e-03 5.108029e-03 5.830500e-03 6.278564e-03 6.628700e-03 6.892273e-03 7.091248e-03 7.252833e-03 7.333513e-03 7.310945e-03 7.255324e-03 7.207528e-03 7.184644e-03 7.188481e-03 7.208449e-03 7.236931e-03 7.251238e-03 7.242306e-03 7.313035e-03 7.503274e-03 7.655758e-03 7.681469e-03 7.679034e-03 7.693244e-03 7.740508e-03 7.840517e-03 7.958949e-03 6.554056e-03 6.579061e-03 6.567566e-03 6.507837e-03 2.162636e-02
-9.999000e+03 -9.999000e+03 7.189604e-03 5.573951e-04 2.831157e-03 2.713622e-03 1.884751e-03 1.716538e-03 1.851846e-03 1.636340e-03 2.511553e-03 2.638889e-03 2.277009e-03 3.343515e-03 3.988602e-03 4.281260e-03 4.439917e-03 4.489361e-03 5.888174e-03 4.317955e-03 3.161708e-03 4.498237e-03 5.129289e-03 5.609135e-03 6.072996e-03 6.419867e-03 6.686799e-03 6.909998e-03 7.030415e-03 7.030549e-03 6.973767e-03 6.922398e-03 6.931128e-03 7.025299e-03 7.134272e-03 7.248692e-03 7.311683e-03 7.292968e-03 7.317051e-03 7.479564e-03 7.635456e-03 7.685195e-03 7.678870e-03 7.647636e-03 7.647667e-03 7.724644e-03 4.200022e-03 4.246073e-03 4.252997e-03 4.224946e-03 2.365366e-02 7.868265e-03
-9.999000e+03 -9.999000e+03 3.605732e-03 2.745867e-03 2.330585e-03 1.916955e-03 1.547555e-03 1.896870e-03 2.147359e-03 1.098843e-03 1.706917e-03 2.194645e-03 1.975438e-03 3.039484e-03 3.513827e-03 3.684869e-03 3.823830e-03 3.943388e-03 3.814059e-03 4.110903e-03 2.700426e-03 3.657485e-03 4.209968e-03 4.801985e-03 5.257196e-03 5.691404e-03 6.107121e-03 6.406533e-03 6.596784e-03 6.659629e-03 6.632438e-03 6.573461e-03 6.634842e-03 6.747920e-03 6.919626e-03 7.080133e-03 7.187764e-03 7.208337e-03 7.243511e-03 7.384024e-03 7.542252e-03 7.639651e-03 7.667650e-03 7.650213e-03 7.656811e-03 7.752810e-03 7.855019e-03 7.976454e-03 2.175407e-02 2.577879e-02 7.917910e-03 7.893465e-03
-9.999000e+03 6.520543e-03 5.647427e-03 3.400978e-03 2.204348e-03 1.252643e-03 1.998303e-03 1.990461e-03 -9.999000e+03 -9.999000e+03 -9.999000e+03 1.682631e-03 1.834557e-03 2.326941e-03 2.529197e-03 2.540445e-03 2.632485e-03 2.787981e-03 2.626423e-03 2.022541e-03 1.873497e-03 2.409642e-03 3.325048e-03 3.746125e-03 4.216576e-03 4.892529e-03 5.377632e-03 5.744333e-03 6.001195e-03 6.125877e-03 6.132711e-03 6.245855e-03 6.230288e-03 6.416983e-03 6.616918e-03 6.815867e-03 6.957415e-03 7.017460e-03 7.093290e-03 7.248749e-03 7.440248e-03 7.568666e-03 7.635923e-03 7.625699e-03 7.668507e-03 7.827057e-03 1.283314e-02 1.741424e-02 8.086703e-03 7.992863e-03 7.947221e-03 7.999636e-03
-9.999000e+03 1.446077e-02 3.005616e-03 2.192946e-03 1.809766e-03 1.857714e-03 -9.999000e+03 -9.999000e+03 -9.999000e+03 -9.999000e+03 -9.999000e+03 -9.999000e+03 1.958120e-03 2.232430e-03 2.970459e-03 3.223056e-03 2.539952e-03 3.476995e-03 3.504117e-03 2.591034e-03 1.650067e-03 1.697870e-03 2.105390e-03 2.531800e-03 3.511841e-03 4.053048e-03 4.475684e-03 4.833262e-03 5.080643e-03 5.196183e-03 5.807939e-03 5.661561e-03 5.854477e-03 6.052053e-03 6.314363e-03 6.556251e-03 6.709783e-03 6.756142e-03 6.854442e-03 7.142948e-03 7.361586e-03 7.512835e-03 7.496304e-03 7.507824e-03 7.690538e-03 7.802549e-03 7.943634e-03 8.069607e-03 8.047509e-03 7.977604e-03 7.975764e-03 8.150341e-03
7.602905e-03 2.579396e-03 2.630711e-03 1.835377e-03 1.170574e-03 2.229201e-03 -9.999000e+03 -9.999000e+03 -9.999000e+03 -9.999000e+03 -9.999000e+03 -9.999000e+03 -9.999000e+03 -9.999000e+03 -9.999000e+03 2.588803e-03 3.662859e-03 2.725110e-03 2.591409e-03 2.381214e-03 3.402975e-03 -9.999000e+03 -9.999000e+03 2.104259e-03 2.542036e-03 2.784036e-03 3.029274e-03 3.256035e-03 3.364928e-03 5.140536e-03 4.742966e-03 5.229444e-03 5.300612e-03 5.604473e-03 5.927777e-03 6.181777e-03 6.307796e-03 6.329318e-03 6.685295e-03 6.942565e-03 7.237616e-03 7.113362e-03 7.136643e-03 7.548620e-03 7.497504e-03 7.642753e-03 7.912878e-03 7.872694e-03 7.887211e-03 7.823201e-03 7.996209e-03 8.182552e-03
7.136608e-03 1.751710e-03 1.644888e-03 1.638661e-03 2.264964e-03 -9.999000e+03 -9.999000e+03 -9.999000e+03 -9.999000e+03 -9.999000e+03 -9.999000e+03 -9.999000e+03 -9.999000e+03 -9.999000e+03 -9.999000e+03 -9.999000e+03 -9.999000e+03 -9.999000e+03 -9.999000e+03 -9.999000e+03 -9.999000e+03 -9.999000e+03 -9.999000e+03 1.991513e-03 2.437923e-03 2.595282e-03 3.663713e-03 4.299322e-03 4.591256e-03 3.050997e-03 4.448082e-03 4.238390e-03 4.495343e-03 4.880318e-03 5.199419e-03 5.362937e-03 5.441458e-03 6.229034e-03 6.224470e-03 6.596789e-03 6.133834e-03 6.186013e-03 7.386218e-03 7.017608e-03 7.054685e-03 7.569201e-03 7.269386e-03 7.340119e-03 7.346050e-03 7.715814e-03 7.667483e-03 8.148639e-03
-9.999000e+03 2.351472e-03 2.231634e-03 2.587224e-03 -9.999000e+03 -9.999000e+03 -9.999000e+03 -9.999000e+03 -9.999000e+03 -9.999000e+03 -9.999000e+03 -9.999000e+03 -9.999000e+03 -9.999000e+03 -9.999000e+03 -9.999000e+03 -9.999000e+03 -9.999000e+03 -9.999000e+03 -9.999000e+03 -9.999000e+03 -9.999000e+03 -9.999000e+03 -9.999000e+03 -9.999000e+03 -9.999000e+03 2.787604e-03 2.968135e-03 3.990698e-03 3.904123e-03 2.652382e-03 2.822457e-03 3.091294e-03 3.400508e-03 3.534477e-03 3.566234e-03 5.754669e-03 5.231535e-03 5.469557e-03 3.969893e-03 4.052375e-03 7.104071e-03 6.078595e-03 6.072075e-03 7.261811e-03 6.129284e-03 6.166448e-03 6.191922e-03 7.440865e-03 6.983387e-03 7.527063e-03 6.665073e-03
-9.999000e+03 -9.999000e+03 -9.999000e+03 -9.999000e+03 -9.999000e+03 -9.999000e+03 -9.999000e+03 -9.999000e+03 -9.999000e+03 -9.999000e+03 -9.999000e+03 -9.999000e+03 -9.999000e+03 -9.999000e+03 -9.999000e+03 -9.999000e+03 -9.999000e+03 -9.999000e+03 -9.999000e+03 -9.999000e+03 -9.999000e+03 -9.999000e+03 -9.999000e+03 -9.999000e+03 -9.999000e+03 -9.999000e+03 -9.999000e+03 -9.999000e+03 2.868608e-03 3.445138e-03 2.456678e-03 2.622285e-03 2.947386e-03 4.477506e-03 5.177695e-03 5.294068e-03 3.411951e-03 3.576175e-03 3.724982e-03 5.656447e-03 6.576049e-03 3.979983e-03 4.004232e-03 7.072399e-03 4.023341e-03 4.026580e-03 4.014656e-03 7.172836e-03 5.960840e-03 7.114460e-03 4.143219e-03 4.345563e-03
-9.999000e+03 -9.999000e+03 -9.999000e+03 -9.999000e+03 -9.999000e+03 -9.999000e+03 -9.999000e+03 -9.999000e+03 -9.999000e+03 -9.999000e+03 -9.999000e+03 -9.999000e+03 -9.999000e+03 -9.999000e+03 -9.999000e+03 -9.999000e+03 -9.999000e+03 -9.999000e+03 -9.999000e+03 -9.999000e+03 -9.999000e+03 -9.999000e+03 -9.999000e+03 -9.999000e+03 -9.999000e+03 -9.999000e+03 -9.999000e+03 -9.999000e+03 -9.999000e+03 2.554586e-03 3.565092e-03 3.601986e-03 4.046527e-03 3.404842e-03 3.465010e-03 3.312399e-03 3.322277e-03 3.516078e-03 5.236398e-03 6.057702e-03 6.453537e-03 6.633186e-03 6.800697e-03 3.984290e-03 6.017413e-03 6.861903e-03 7.081183e-03 3.889743e-03 6.833893e-03 4.024249e-03 6.222445e-03 7.444027e-03
-9.999000e+03 -9.999000e+03 -9.999000e+03 -9.999000e+03 -9.999000e+03 -9.999000e+03 -9.999000e+03 -9.999000e+03 -9.999000e+03 -9.999000e+03 -9.999000e+03 -9.999000e+03 -9.999000e+03 -9.999000e+03 -9.999000e+03 -9.999000e+03 -9.999000e+03 -9.999000e+03 -9.999000e+03 -9.999000e+03 -9.999000e+03 -9.999000e+03 -9.999000e+03 -9.999000e+03 -9.999000e+03 -9.999000e+03 -9.999000e+03 -9.999000e+03 -9.999000e+03 -9.999000e+03 3.752305e-03 -9.999000e+03 -9.999000e+03 -9.999000e+03 -9.999000e+03 -9.999000e+03 -9.999000e+03 -9.999000e+03 3.649025e-03 5.370664e-03 6.040267e-03 6.215164e-03 6.369913e-03 6.670289e-03 6.934996e-03 7.069495e-03 7.014444e-03 6.730891e-03 3.827203e-03 5.946660e-03 7.065534e-03 7.645568e-03
-9.999000e+03 -9.999000e+03 -9.999000e+03 -9.999000e+03 -9.999000e+03 -9.999000e+03 -9.999000e+03 -9.999000e+03 -9.999000e+03 -9.999000e+03 -9.999000e+03 -9.999000e+03 -9.999000e+03 -9.999000e+03 -9.999000e+03 -9.999000e+03 -9.999000e+03 -9.999000e+03 -9.999000e+03 -9.999000e+03 -9.999000e+03 -9.999000e+03 -9.999000e+03 -9.999000e+03 -9.999000e+03 -9.999000e+03 -9.999000e+03 -9.999000e+03 -9.999000e+03 -9.999000e+03 -9.999000e+03 -9.999000e+03 -9.999000e+03 -9.999000e+03 -9.999000e+03 -9.999000e+03 -9.999000e+03 -9.999000e+03 -9.999000e+03 -9.999000e+03 -9.999000e+03 3.661652e-03 3.721159e-03 3.878383e-03 5.853558e-03 6.655994e-03 6.805814e-03 6.550437e-03 6.530376e-03 6.981123e-03 7.404595e-03 7.559177e-03
-9.999000e+03 -9.999000e+03 -9.999000e+03 -9.999000e+03 -9.999000e+03 -9.999000e+03 -9.999000e+03 -9.999000e+03 -9.999000e+03 -9.999000e+03 -9.999000e+03 -9.999000e+03 -9.999000e+03 -9.999000e+03 -9.999000e+03 -9.999000e+03 -9.999000e+03 -9.999000e+03 -9.999000e+03 -9.999000e+03 -9.999000e+03 -9.999000e+03 -9.999000e+03 -9.999000e+03 -9.999000e+03 -9.999000e+03 -9.999000e+03 -9.999000e+03 -9.999000e+03 -9.999000e+03 -9.999000e+03 -9.999000e+03 -9.999000e+03 -9.999000e+03 -9.999000e+03 -9.999000e+03 -9.999000e+03 -9.999000e+03 -9.999000e+03 -9.999000e+03 -9.999000e+03 -9.999000e+03 -9.999000e+03 -9.999000e+03 3.982980e-03 3.945857e-03 5.779303e-03 6.294238e-03 3.832847e-03 5.997913e-03 7.019330e-03 7.172850e-03
-9.999000e+03 -9.999000e+03 -9.999000e+03 -9.999000e+03 -9.999000e+03 -9.999000e+03 -9.999000e+03 -9.999000e+03 -9.999000e+03 -9.999000e+03 -9.999000e+03 -9.999000e+03 -9.999000e+03 -9.999000e+03 -9.999000e+03 -9.999000e+03 -9.999000e+03 -9.999000e+03 -9.999000e+03 -9.999000e+03 -9.999000e+03 -9.999000e+03 -9.999000e+03 -9.999000e+03 -9.999000e+03 -9.999000e+03 -9.999000e+03 -9.999000e+03 -9.999000e+03 -9.999000e+03 -9.999000e+03 -9.999000e+03 -9.999000e+03 -9.999000e+03 -9.999000e+03 -9.999000e+03 -9.999000e+03 -9.999000e+03 -9.999000e+03 -9.999000e+03 -9.999000e+03 -9.999000e+03 -9.999000e+03 -9.999000e+03 -9.999000e+03 -9.999000e+03 -9.999000e+03 -9.999000e+03 -9.999000e+03 -9.999000e+03 4.074617e-03 5.809821e-03
-9.999000e+03 -9.999000e+03 -9.999000e+03 -9.999000e+03 -9.999000e+03 -9.999000e+03 -9.999000e+03 -9.999000e+03 -9.999000e+03 -9.999000e+03 -9.999000e+03 -9.999000e+03 -9.999000e+03 -9.999000e+03 -9.999000e+03 -9.999000e+03 -9.999000e+03 -9.999000e+03 -9.999000e+03 -9.999000e+03 -9.999000e+03 -9.999000e+03 -9.999000e+03 -9.999000e+03 -9.999000e+03 -9.999000e+03 -9.999000e+03 -9.999000e+03 -9.999000e+03 -9.999000e+03 -9.999000e+03 -9.999000e+03 -9.999000e+03 -9.999000e+03 -9.999000e+03 -9.999000e+03 -9.999000e+03 -9.999000e+03 -9.999000e+03 -9.999000e+03 -9.999000e+03 -9.999000e+03 -9.999000e+03 -9.999000e+03 -9.999000e+03 -9.999000e+03 -9.999000e+03 -9.999000e+03 -9.999000e+03 -9.999000e+03 -9.999000e+03 3.747905e-03
-9.999000e+03 -9.999000e+03 -9.999000e+03 -9.999000e+03 -9.999000e+03 -9.999000e+03 -9.999000e+03 -9.999000e+03 -9.999000e+03 -9.999000e+03 -9.999000e+03 -9.999000e+03 -9.999000e+03 -9.999000e+03 -9.999000e+03 -9.999000e+03 -9.999000e+03 -9.999000e+03 -9.999000e+03 -9.999000e+03 -9.999000e+03 -9.999000e+03 -9.999000e+03 -9.999000e+03 -9.999000e+03 -9.999000e+03 -9.999000e+03 -9.999000e+03 -9.999000e+03 -9.999000e+03 -9.999000e+03 -9.999000e+03 -9.999000e+03 -9.999000e+03 -9.999000e+03 -9.999000e+03 -9.999000e+03 -9.999000e+03 -9.999000e+03 -9.999000e+03 -9.999000e+03 -9.999000e+03 -9.999000e+03 -9.999000e+03 -9.999000e+03 -9.999000e+03 -9.999000e+03 -9.999000e+03 -9.999000e+03 -9.999000e+03 -9.999000e+03 -9.999000e+03
-9.999000e+03 -9.999000e+03 -9.999000e+03 -9.999000e+03 -9.999000e+03 -9.999000e+03 -9.999000e+03 -9.999000e+03 -9.999000e+03 -9.999000e+03 -9.999000e+03 -9.999000e+03 -9.999000e+03 -9.999000e+03 -9.999000e+03 -9.999000e+03 -9.999000e+03 -9.999000e+03 -9.999000e+03 -9.999000e+03 -9.999000e+03 -9.999000e+03 -9.999000e+03 -9.999000e+03 -9.999000e+03 -9.999000e+03 -9.999000e+03 -9.999000e+03 -9.999000e+03 -9.999000e+03 -9.999000e+03 -9.999000e+03 -9.999000e+03 -9.999000e+03 -9.999000e+03 -9.999000e+03 -9.999000e+03 -9.999000e+03 -9.999000e+03 -9.999000e+03 -9.999000e+03 -9.999000e+03 -9.999000e+03 -9.999000e+03 -9.999000e+03 -9.999000e+03 -9.999000e+03 -9.999000e+03 -9.999000e+03 -9.999000e+03 -9.999000e+03 -9.999000e+03
