tests/data/reference/test_implicit_stream_rill_mfda/mqsur_m3_s.asc
ncols	123
nrows	77
xllcorner	-713746.79929998
yllcorner	-1061022.36961616
cellsize	10.0
NODATA_value	-9999
[rows 46 to 68 of 77, columns 0 to 51 of 123]
-9.999000e+03 -9.999000e+03 -9.999000e+03 -9.999000e+03 -9.999000e+03 -9.999000e+03 7.653797e-03 6.448686e-03 4.034794e-03 4.181005e-03 2.822021e-03 4.068162e-03 4.665534e-03 4.753465e-03 4.784038e-03 4.777344e-03 4.771128e-03 4.772535e-03 4.875996e-03 5.195353e-03 5.536513e-03 5.075446e-03 5.126435e-03 5.083832e-03 5.695919e-03 6.064450e-03 6.238471e-03 6.186910e-03 6.118714e-03 6.129414e-03 6.149954e-03 2.873145e-02 3.013887e-02 6.439769e-03 6.656163e-03 6.904166e-03 7.168364e-03 7.428995e-03 7.661600e-03 7.871939e-03 8.030671e-03 8.124796e-03 8.200057e-03 8.283898e-03 8.298978e-03 8.207772e-03 8.081603e-03 7.933891e-03 7.717885e-03 7.414764e-03 7.174001e-03 7.094221e-03
-9.999000e+03 -9.999000e+03 -9.999000e+03 -9.999000e+03 -9.999000e+03 -9.999000e+03 3.819518e-03 4.428478e-03 3.934102e-03 4.084578e-03 3.004404e-03 4.547511e-03 4.782041e-03 4.918252e-03 5.013380e-03 4.913099e-03 4.786855e-03 4.668385e-03 4.737578e-03 5.061261e-03 3.407265e-03 3.491858e-03 3.533808e-03 3.530307e-03 5.173460e-03 5.939897e-03 6.238782e-03 2.213572e-02 2.405028e-02 2.585132e-02 2.752059e-02 6.423309e-03 6.479380e-03 6.629802e-03 6.815625e-03 6.995364e-03 7.185765e-03 7.401702e-03 7.619321e-03 7.834333e-03 8.025685e-03 8.184199e-03 8.312243e-03 8.410251e-03 8.441712e-03 8.376695e-03 8.264224e-03 8.135257e-03 7.963283e-03 7.714296e-03 7.453459e-03 7.269438e-03
-9.999000e+03 -9.999000e+03 -9.999000e+03 -9.999000e+03 -9.999000e+03 7.444506e-03 4.107680e-03 5.848508e-03 2.909055e-03 2.948805e-03 3.995128e-03 4.388039e-03 4.648973e-03 4.949128e-03 4.867724e-03 4.946659e-03 4.862629e-03 4.731529e-03 4.776999e-03 5.076657e-03 7.827296e-03 1.037310e-02 1.278157e-02 1.581665e-02 1.738430e-02 1.928061e-02 2.127020e-02 6.477955e-03 6.480130e-03 6.566366e-03 6.602252e-03 6.582694e-03 6.631892e-03 6.733197e-03 6.843309e-03 6.953775e-03 7.097105e-03 7.307572e-03 7.534589e-03 7.744132e-03 7.939124e-03 8.115814e-03 8.262028e-03 8.377042e-03 8.444594e-03 8.440901e-03 8.373033e-03 8.251096e-03 8.103165e-03 7.930151e-03 7.726932e-03 7.492981e-03
-9.999000e+03 -9.999000e+03 -9.999000e+03 -9.999000e+03 1.459960e-02 1.610523e-03 4.176165e-03 5.552295e-03 2.784784e-03 2.696058e-03 3.658592e-03 4.076881e-03 4.776963e-03 4.258888e-03 4.715293e-03 4.901601e-03 4.932707e-03 4.826986e-03 4.868188e-03 5.150696e-03 5.475153e-03 5.776597e-03 6.156059e-03 6.342546e-03 6.594148e-03 6.693592e-03 6.736611e-03 6.755393e-03 6.767921e-03 6.792524e-03 6.792539e-03 6.759195e-03 6.750428e-03 6.771805e-03 6.814792e-03 6.876616e-03 6.992924e-03 7.203005e-03 7.432194e-03 7.636336e-03 7.820668e-03 7.977339e-03 8.106280e-03 8.223067e-03 8.324262e-03 8.389487e-03 8.385710e-03 8.286813e-03 8.163317e-03 8.075629e-03 7.887674e-03 7.673564e-03
-9.999000e+03 -9.999000e+03 -9.999000e+03 -9.999000e+03 8.200985e-03 4.096217e-03 3.835391e-03 3.885583e-03 3.370639e-03 2.531421e-03 3.594134e-03 5.691770e-03 2.890297e-03 4.097533e-03 4.598058e-03 4.864059e-03 4.944288e-03 4.840340e-03 4.887071e-03 5.172497e-03 5.527783e-03 6.129971e-03 6.064740e-03 6.564745e-03 6.825558e-03 6.928432e-03 7.008559e-03 7.090355e-03 7.118202e-03 7.101497e-03 7.086444e-03 7.057956e-03 7.018208e-03 6.980940e-03 6.959789e-03 6.962506e-03 7.017615e-03 7.160450e-03 7.347621e-03 7.550298e-03 7.725511e-03 7.835322e-03 7.917545e-03 8.014887e-03 8.127439e-03 8.235899e-03 8.288776e-03 8.243746e-03 8.179903e-03 7.952503e-03 7.881257e-03 7.675563e-03
-9.999000e+03 -9.999000e+03 -9.999000e+03 7.501369e-03 1.443110e-03 4.312017e-03 2.633376e-03 3.148508e-03 2.417320e-03 3.195541e-03 4.433982e-03 3.567682e-03 2.755615e-03 3.908304e-03 4.459116e-03 4.774795e-03 4.882433e-03 4.809418e-03 4.856081e-03 5.116294e-03 6.348111e-03 5.286763e-03 6.121159e-03 6.587669e-03 6.875331e-03 7.041294e-03 7.184142e-03 7.314301e-03 7.370823e-03 7.349100e-03 7.315114e-03 7.281530e-03 7.241314e-03 7.192975e-03 7.146055e-03 7.121188e-03 7.124461e-03 7.176684e-03 7.303867e-03 7.503936e-03 7.664195e-03 7.716351e-03 7.747123e-03 7.812422e-03 7.909665e-03 8.030984e-03 8.125805e-03 8.153787e-03 7.532465e-03 7.547626e-03 7.488154e-03 7.318845e-03
-9.999000e+03 -9.999000e+03 -9.999000e+03 7.309839e-03 3.853639e-03 2.989164e-03 2.320244e-03 2.100399e-03 2.585002e-03 2.693173e-03 3.470081e-03 3.172108e-03 2.559871e-03 3.636585e-03 4.246507e-03 4.582845e-03 4.714593e-03 4.701801e-03 4.702647e-03 7.652265e-03 3.428418e-03 5.035443e-03 5.774872e-03 6.228178e-03 6.578860e-03 6.847602e-03 7.050019e-03 7.216035e-03 7.304273e-03 7.289404e-03 7.239819e-03 7.195205e-03 7.172929e-03 7.175929e-03 7.197195e-03 7.226938e-03 7.244655e-03 7.239495e-03 7.310994e-03 7.497768e-03 7.647905e-03 7.675943e-03 7.676979e-03 7.693428e-03 7.740693e-03 7.838476e-03 7.954333e-03 6.428600e-03 6.452297e-03 6.441189e-03 6.383971e-03 2.048856e-02
-9.999000e+03 -9.999000e+03 7.020066e-03 5.545171e-04 2.812124e-03 2.693312e-03 1.863304e-03 1.698665e-03 1.831121e-03 1.620067e-03 2.513556e-03 2.631686e-03 2.246144e-03 3.313111e-03 3.963519e-03 4.257156e-03 4.414989e-03 4.464597e-03 5.865427e-03 4.316351e-03 3.104922e-03 4.442295e-03 5.079781e-03 5.555129e-03 6.022260e-03 6.367602e-03 6.635952e-03 6.866916e-03 6.993917e-03 7.001637e-03 6.951737e-03 6.904385e-03 6.913207e-03 7.009429e-03 7.115298e-03 7.230979e-03 7.296769e-03 7.283114e-03 7.309959e-03 7.470264e-03 7.624119e-03 7.675902e-03 7.674485e-03 7.647355e-03 7.649282e-03 7.724219e-03 4.108498e-03 4.153032e-03 4.159730e-03 4.132599e-03 2.257076e-02 7.874100e-03
-9.999000e+03 -9.999000e+03 3.314229e-03 2.743716e-03 2.298323e-03 1.894792e-03 1.532973e-03 1.875155e-03 2.140633e-03 1.105377e-03 1.689239e-03 2.185490e-03 1.951945e-03 3.014958e-03 3.482629e-03 3.651006e-03 3.786313e-03 3.903327e-03 3.778759e-03 4.098160e-03 2.657863e-03 3.617587e-03 4.160159e-03 4.757304e-03 5.206934e-03 5.636308e-03 6.059024e-03 6.360403e-03 6.553140e-03 6.620793e-03 6.598923e-03 6.543504e-03 6.618314e-03 6.724975e-03 6.897608e-03 7.057896e-03 7.168577e-03 7.194148e-03 7.232095e-03 7.370649e-03 7.526940e-03 7.628639e-03 7.660996e-03 7.648192e-03 7.653656e-03 7.747727e-03 7.852431e-03 7.973443e-03 2.103460e-02 2.485775e-02 7.922334e-03 7.897433e-03
-9.999000e+03 6.421887e-03 6.989686e-03 3.405951e-03 2.175337e-03 1.243055e-03 1.974282e-03 1.966622e-03 -9.999000e+03 -9.999000e+03 -9.999000e+03 1.665443e-03 1.814207e-03 2.294775e-03 2.491540e-03 2.502473e-03 2.591896e-03 2.742825e-03 2.586008e-03 1.997954e-03 1.852299e-03 2.375272e-03 3.291910e-03 3.706470e-03 4.167731e-03 4.850546e-03 5.330692e-03 5.692125e-03 5.945946e-03 6.070548e-03 6.078903e-03 6.226225e-03 6.200755e-03 6.393918e-03 6.589941e-03 6.789832e-03 6.934603e-03 6.998584e-03 7.075101e-03 7.227512e-03 7.424139e-03 7.553678e-03 7.626034e-03 7.611305e-03 7.653695e-03 7.822359e-03 1.265299e-02 1.695389e-02 8.083053e-03 7.988774e-03 7.944846e-03 7.995032e-03
-9.999000e+03 1.419837e-02 3.015912e-03 2.164221e-03 1.789949e-03 1.836861e-03 -9.999000e+03 -9.999000e+03 -9.999000e+03 -9.999000e+03 -9.999000e+03 -9.999000e+03 1.935025e-03 2.202708e-03 2.951298e-03 3.215711e-03 2.501994e-03 3.448578e-03 3.497915e-03 2.603347e-03 1.633525e-03 1.680376e-03 2.078826e-03 2.494070e-03 3.478486e-03 4.009090e-03 4.421103e-03 4.769027e-03 5.009398e-03 5.121438e-03 5.787014e-03 5.616329e-03 5.830684e-03 6.018133e-03 6.278494e-03 6.520888e-03 6.676390e-03 6.724577e-03 6.821366e-03 7.123876e-03 7.335056e-03 7.489624e-03 7.457860e-03 7.470238e-03 7.684651e-03 7.781770e-03 7.919759e-03 8.058776e-03 8.024581e-03 7.957909e-03 7.956344e-03 8.141041e-03
7.517798e-03 2.489882e-03 2.613174e-03 1.815009e-03 1.162201e-03 2.199561e-03 -9.999000e+03 -9.999000e+03 -9.999000e+03 -9.999000e+03 -9.999000e+03 -9.999000e+03 -9.999000e+03 -9.999000e+03 -9.999000e+03 2.549464e-03 3.654449e-03 2.681821e-03 2.551996e-03 2.347608e-03 3.416189e-03 -9.999000e+03 -9.999000e+03 2.077723e-03 2.504019e-03 2.738997e-03 2.976704e-03 3.196191e-03 3.301506e-03 5.126436e-03 4.681776e-03 5.208494e-03 5.258431e-03 5.556976e-03 5.875722e-03 6.126890e-03 6.251115e-03 6.272555e-03 6.667314e-03 6.903216e-03 7.194681e-03 7.036518e-03 7.060060e-03 7.538600e-03 7.458227e-03 7.599283e-03 7.899372e-03 7.823251e-03 7.837827e-03 7.776065e-03 7.984454e-03 8.150310e-03
7.028133e-03 1.733114e-03 1.628448e-03 1.622343e-03 2.234409e-03 -9.999000e+03 -9.999000e+03 -9.999000e+03 -9.999000e+03 -9.999000e+03 -9.999000e+03 -9.999000e+03 -9.999000e+03 -9.999000e+03 -9.999000e+03 -9.999000e+03 -9.999000e+03 -9.999000e+03 -9.999000e+03 -9.999000e+03 -9.999000e+03 -9.999000e+03 -9.999000e+03 1.967650e-03 2.402787e-03 2.555758e-03 3.630954e-03 4.278092e-03 4.579949e-03 2.997742e-03 4.438287e-03 4.189953e-03 4.440443e-03 4.814906e-03 5.124677e-03 5.282878e-03 5.358703e-03 6.212982e-03 6.168503e-03 6.531705e-03 6.025536e-03 6.075419e-03 7.366753e-03 6.944226e-03 6.980396e-03 7.559079e-03 7.188009e-03 7.256292e-03 7.261777e-03 7.705734e-03 7.621029e-03 8.125346e-03
-9.999000e+03 2.318658e-03 2.201932e-03 2.547930e-03 -9.999000e+03 -9.999000e+03 -9.999000e+03 -9.999000e+03 -9.999000e+03 -9.999000e+03 -9.999000e+03 -9.999000e+03 -9.999000e+03 -9.999000e+03 -9.999000e+03 -9.999000e+03 -9.999000e+03 -9.999000e+03 -9.999000e+03 -9.999000e+03 -9.999000e+03 -9.999000e+03 -9.999000e+03 -9.999000e+03 -9.999000e+03 -9.999000e+03 2.742458e-03 2.917478e-03 3.951740e-03 3.897055e-03 2.611218e-03 2.776264e-03 3.036761e-03 3.335907e-03 3.465399e-03 3.496088e-03 5.743123e-03 5.155729e-03 5.385826e-03 3.886075e-03 3.965776e-03 7.068246e-03 5.972323e-03 5.965961e-03 7.253725e-03 6.020949e-03 6.056703e-03 6.081270e-03 7.434004e-03 6.910043e-03 7.513651e-03 6.535833e-03
-9.999000e+03 -9.999000e+03 -9.999000e+03 -9.999000e+03 -9.999000e+03 -9.999000e+03 -9.999000e+03 -9.999000e+03 -9.999000e+03 -9.999000e+03 -9.999000e+03 -9.999000e+03 -9.999000e+03 -9.999000e+03 -9.999000e+03 -9.999000e+03 -9.999000e+03 -9.999000e+03 -9.999000e+03 -9.999000e+03 -9.999000e+03 -9.999000e+03 -9.999000e+03 -9.999000e+03 -9.999000e+03 -9.999000e+03 -9.999000e+03 -9.999000e+03 2.821015e-03 3.419843e-03 2.421029e-03 2.581989e-03 2.897373e-03 4.424035e-03 5.143564e-03 5.282078e-03 3.346969e-03 3.505695e-03 3.649469e-03 5.566139e-03 6.513821e-03 3.895824e-03 3.919254e-03 7.064468e-03 3.937719e-03 3.940849e-03 3.929327e-03 7.164637e-03 5.859212e-03 7.109537e-03 4.053580e-03 4.249288e-03
-9.999000e+03 -9.999000e+03 -9.999000e+03 -9.999000e+03 -9.999000e+03 -9.999000e+03 -9.999000e+03 -9.999000e+03 -9.999000e+03 -9.999000e+03 -9.999000e+03 -9.999000e+03 -9.999000e+03 -9.999000e+03 -9.999000e+03 -9.999000e+03 -9.999000e+03 -9.999000e+03 -9.999000e+03 -9.999000e+03 -9.999000e+03 -9.999000e+03 -9.999000e+03 -9.999000e+03 -9.999000e+03 -9.999000e+03 -9.999000e+03 -9.999000e+03 -9.999000e+03 2.516216e-03 3.559070e-03 3.569679e-03 4.003451e-03 3.340097e-03 3.398261e-03 3.250709e-03 3.260262e-03 3.447618e-03 5.160688e-03 6.008121e-03 6.427538e-03 6.621445e-03 6.794323e-03 3.899985e-03 5.913413e-03 6.793835e-03 7.052760e-03 3.808639e-03 6.838864e-03 3.938597e-03 6.110604e-03 7.356443e-03
-9.999000e+03 -9.999000e+03 -9.999000e+03 -9.999000e+03 -9.999000e+03 -9.999000e+03 -9.999000e+03 -9.999000e+03 -9.999000e+03 -9.999000e+03 -9.999000e+03 -9.999000e+03 -9.999000e+03 -9.999000e+03 -9.999000e+03 -9.999000e+03 -9.999000e+03 -9.999000e+03 -9.999000e+03 -9.999000e+03 -9.999000e+03 -9.999000e+03 -9.999000e+03 -9.999000e+03 -9.999000e+03 -9.999000e+03 -9.999000e+03 -9.999000e+03 -9.999000e+03 -9.999000e+03 3.716854e-03 -9.999000e+03 -9.999000e+03 -9.999000e+03 -9.999000e+03 -9.999000e+03 -9.999000e+03 -9.999000e+03 3.576085e-03 5.290494e-03 5.993218e-03 6.197444e-03 6.363430e-03 6.662289e-03 6.925115e-03 7.062453e-03 7.014362e-03 6.740089e-03 3.748220e-03 5.845690e-03 6.988584e-03 7.599206e-03
-9.999000e+03 -9.999000e+03 -9.999000e+03 -9.999000e+03 -9.999000e+03 -9.999000e+03 -9.999000e+03 -9.999000e+03 -9.999000e+03 -9.999000e+03 -9.999000e+03 -9.999000e+03 -9.999000e+03 -9.999000e+03 -9.999000e+03 -9.999000e+03 -9.999000e+03 -9.999000e+03 -9.999000e+03 -9.999000e+03 -9.999000e+03 -9.999000e+03 -9.999000e+03 -9.999000e+03 -9.999000e+03 -9.999000e+03 -9.999000e+03 -9.999000e+03 -9.999000e+03 -9.999000e+03 -9.999000e+03 -9.999000e+03 -9.999000e+03 -9.999000e+03 -9.999000e+03 -9.999000e+03 -9.999000e+03 -9.999000e+03 -9.999000e+03 -9.999000e+03 -9.999000e+03 3.588285e-03 3.645775e-03 3.797664e-03 5.755910e-03 6.593317e-03 6.781854e-03 6.552649e-03 6.536601e-03 6.974206e-03 7.388248e-03 7.546926e-03
-9.999000e+03 -9.999000e+03 -9.999000e+03 -9.999000e+03 -9.999000e+03 -9.999000e+03 -9.999000e+03 -9.999000e+03 -9.999000e+03 -9.999000e+03 -9.999000e+03 -9.999000e+03 -9.999000e+03 -9.999000e+03 -9.999000e+03 -9.999000e+03 -9.999000e+03 -9.999000e+03 -9.999000e+03 -9.999000e+03 -9.999000e+03 -9.999000e+03 -9.999000e+03 -9.999000e+03 -9.999000e+03 -9.999000e+03 -9.999000e+03 -9.999000e+03 -9.999000e+03 -9.999000e+03 -9.999000e+03 -9.999000e+03 -9.999000e+03 -9.999000e+03 -9.999000e+03 -9.999000e+03 -9.999000e+03 -9.999000e+03 -9.999000e+03 -9.999000e+03 -9.999000e+03 -9.999000e+03 -9.999000e+03 -9.999000e+03 3.898720e-03 3.862851e-03 5.684251e-03 6.243855e-03 3.753673e-03 5.895050e-03 6.943943e-03 7.141107e-03
-9.999000e+03 -9.999000e+03 -9.999000e+03 -9.999000e+03 -9.999000e+03 -9.999000e+03 -9.999000e+03 -9.999000e+03 -9.999000e+03 -9.999000e+03 -9.999000e+03 -9.999000e+03 -9.999000e+03 -9.999000e+03 -9.999000e+03 -9.999000e+03 -9.999000e+03 -9.999000e+03 -9.999000e+03 -9.999000e+03 -9.999000e+03 -9.999000e+03 -9.999000e+03 -9.999000e+03 -9.999000e+03 -9.999000e+03 -9.999000e+03 -9.999000e+03 -9.999000e+03 -9.999000e+03 -9.999000e+03 -9.999000e+03 -9.999000e+03 -9.999000e+03 -9.999000e+03 -9.999000e+03 -9.999000e+03 -9.999000e+03 -9.999000e+03 -9.999000e+03 -9.999000e+03 -9.999000e+03 -9.999000e+03 -9.999000e+03 -9.999000e+03 -9.999000e+03 -9.999000e+03 -9.999000e+03 -9.999000e+03 -9.999000e+03 3.987271e-03 5.713289e-03
-9.999000e+03 -9.999000e+03 -9.999000e+03 -9.999000e+03 -9.999000e+03 -9.999000e+03 -9.999000e+03 -9.999000e+03 -9.999000e+03 -9.999000e+03 -9.999000e+03 -9.999000e+03 -9.999000e+03 -9.999000e+03 -9.999000e+03 -9.999000e+03 -9.999000e+03 -9.999000e+03 -9.999000e+03 -9.999000e+03 -9.999000e+03 -9.999000e+03 -9.999000e+03 -9.999000e+03 -9.999000e+03 -9.999000e+03 -9.999000e+03 -9.999000e+03 -9.999000e+03 -9.999000e+03 -9.999000e+03 -9.999000e+03 -9.999000e+03 -9.999000e+03 -9.999000e+03 -9.999000e+03 -9.999000e+03 -9.999000e+03 -9.999000e+03 -9.999000e+03 -9.999000e+03 -9.999000e+03 -9.999000e+03 -9.999000e+03 -9.999000e+03 -9.999000e+03 -9.999000e+03 -9.999000e+03 -9.999000e+03 -9.999000e+03 -9.999000e+03 3.671614e-03
-9.999000e+03 -9.999000e+03 -9.999000e+03 -9.999000e+03 -9.999000e+03 -9.999000e+03 -9.999000e+03 -9.999000e+03 -9.999000e+03 -9.999000e+03 -9.999000e+03 -9.999000e+03 -9.999000e+03 -9.999000e+03 -9.999000e+03 -9.999000e+03 -9.999000e+03 -9.999000e+03 -9.999000e+03 -9.999000e+03 -9.999000e+03 -9.999000e+03 -9.999000e+03 -9.999000e+03 -9.999000e+03 -9.999000e+03 -9.999000e+03 -9.999000e+03 -9.999000e+03 -9.999000e+03 -9.999000e+03 -9.999000e+03 -9.999000e+03 -9.999000e+03 -9.999000e+03 -9.999000e+03 -9.999000e+03 -9.999000e+03 -9.999000e+03 -9.999000e+03 -9.999000e+03 -9.999000e+03 -9.999000e+03 -9.999000e+03 -9.999000e+03 -9.999000e+03 -9.999000e+03 -9.999000e+03 -9.999000e+03 -9.999000e+03 -9.999000e+03 -9.999000e+03
-9.999000e+03 -9.999000e+03 -9.999000e+03 -9.999000e+03 -9.999000e+03 -9.999000e+03 -9.999000e+03 -9.999000e+03 -9.999000e+03 -9.999000e+03 -9.999000e+03 -9.999000e+03 -9.999000e+03 -9.999000e+03 -9.999000e+03 -9.999000e+03 -9.999000e+03 -9.999000e+03 -9.999000e+03 -9.999000e+03 -9.999000e+03 -9.999000e+03 -9.999000e+03 -9.999000e+03 -9.999000e+03 -9.999000e+03 -9.999000e+03 -9.999000e+03 -9.999000e+03 -9.999000e+03 -9.999000e+03 -9.999000e+03 -9.999000e+03 -9.999000e+03 -9.999000e+03 -9.999000e+03 -9.999000e+03 -9.999000e+03 -9.999000e+03 -9.999000e+03 -9.999000e+03 -9.999000e+03 -9.999000e+03 -9.999000e+03 -9.999000e+03 -9.999000e+03 -9.999000e+03 -9.999000e+03 -9.999000e+03 -9.999000e+03 -9.999000e+03 -9.999000e+03
