tests/data/reference/test_implicit_stream_rill_mfda/mqsur_m3_s.asc
ncols	123
nrows	77
xllcorner	-713746.79929998
yllcorner	-1061022.36961616
cellsize	10.0
NODATA_value	-9999
[rows 23 to 45 of 77, columns 0 to 51 of 123]
-9.999000e+03 -9.999000e+03 -9.999000e+03 -9.999000e+03 -9.999000e+03 -9.999000e+03 -9.999000e+03 -9.999000e+03 -9.999000e+03 -9.999000e+03 -9.999000e+03 -9.999000e+03 -9.999000e+03 -9.999000e+03 2.164237e-03 3.295415e-03 3.273595e-03 3.061891e-03 2.400772e-03 1.092200e-03 1.043367e-03 1.025605e-02 1.502343e-03 1.319581e-02 1.674834e-02 5.856330e-03 8.938035e-03 6.560829e-03 7.136303e-03 7.494354e-03 4.132791e-03 6.390178e-03 7.446627e-03 8.024090e-03 2.317939e-02 8.031856e-03 8.563315e-03 4.306127e-03 1.450735e-02 8.563654e-03 8.631493e-03 8.746340e-03 8.904367e-03 8.985421e-03 8.970009e-03 8.914091e-03 8.871306e-03 8.902032e-03 9.000174e-03 8.863252e-03 8.385435e-03 4.523365e-03
-9.999000e+03 -9.999000e+03 -9.999000e+03 -9.999000e+03 -9.999000e+03 -9.999000e+03 -9.999000e+03 -9.999000e+03 -9.999000e+03 -9.999000e+03 -9.999000e+03 -9.999000e+03 -9.999000e+03 -9.999000e+03 1.571559e-03 5.273178e-03 5.476937e-03 3.731526e-03 2.331200e-03 3.029233e-03 8.963853e-03 1.849563e-02 3.739870e-03 4.077984e-03 1.060059e-02 1.882447e-02 7.650792e-03 6.835117e-03 7.103428e-03 4.081588e-03 7.621092e-03 6.368431e-03 7.409372e-03 7.794382e-03 2.698285e-02 7.973184e-03 8.115356e-03 4.333267e-03 1.511732e-02 8.574183e-03 8.599226e-03 8.679532e-03 8.805663e-03 8.887935e-03 8.905914e-03 8.894787e-03 8.892530e-03 8.954601e-03 9.070604e-03 9.102025e-03 4.532940e-03 9.061834e-03
-9.999000e+03 -9.999000e+03 -9.999000e+03 -9.999000e+03 -9.999000e+03 -9.999000e+03 -9.999000e+03 -9.999000e+03 -9.999000e+03 -9.999000e+03 -9.999000e+03 -9.999000e+03 -9.999000e+03 -9.999000e+03 4.123559e-03 2.552640e-03 2.615176e-03 2.607213e-03 2.555075e-03 1.288630e-03 1.148162e-02 1.009149e-02 1.671034e-02 5.409868e-03 5.694492e-03 9.044260e-03 2.246429e-02 7.158772e-03 7.272160e-03 4.133414e-03 6.188256e-03 7.558848e-03 7.164734e-03 7.639560e-03 7.727210e-03 3.068187e-02 4.240573e-03 8.283001e-03 6.730667e-03 2.041801e-02 8.569439e-03 8.647542e-03 8.744682e-03 8.816965e-03 8.860075e-03 8.893970e-03 8.941693e-03 9.042866e-03 9.184010e-03 9.300455e-03 7.276502e-03 4.631575e-03
-9.999000e+03 -9.999000e+03 -9.999000e+03 -9.999000e+03 -9.999000e+03 -9.999000e+03 -9.999000e+03 -9.999000e+03 -9.999000e+03 -9.999000e+03 -9.999000e+03 -9.999000e+03 2.941223e-03 2.398641e-03 6.317123e-03 3.385641e-03 2.650918e-03 1.411700e-03 1.047007e-03 1.010651e-02 4.980329e-03 1.317618e-02 8.145523e-03 1.292873e-02 6.055041e-03 6.345935e-03 2.909435e-02 7.073378e-03 7.188280e-03 6.092362e-03 4.080451e-03 7.008099e-03 7.404846e-03 7.157424e-03 7.267139e-03 7.706766e-03 2.930807e-02 6.617055e-03 8.373480e-03 7.825844e-03 2.601524e-02 8.613755e-03 8.681512e-03 8.750550e-03 8.833546e-03 8.934829e-03 9.054484e-03 9.196779e-03 9.350899e-03 9.510641e-03 8.776698e-03 4.671579e-03
-9.999000e+03 -9.999000e+03 -9.999000e+03 -9.999000e+03 -9.999000e+03 -9.999000e+03 -9.999000e+03 -9.999000e+03 -9.999000e+03 -9.999000e+03 -9.999000e+03 -9.999000e+03 -9.999000e+03 2.872023e-03 3.069553e-03 3.025155e-03 1.768361e-03 8.811309e-04 9.706841e-03 4.669244e-03 4.831178e-03 5.134773e-03 1.392899e-02 1.792907e-02 2.562308e-02 2.606149e-02 2.647717e-02 2.715932e-02 6.547514e-03 6.877430e-03 6.736618e-03 5.985042e-03 7.003129e-03 6.951279e-03 6.957403e-03 7.342613e-03 7.783104e-03 2.714094e-02 7.741352e-03 8.444320e-03 2.911906e-02 8.543141e-03 8.579012e-03 8.665275e-03 8.821596e-03 9.029557e-03 9.247216e-03 9.422945e-03 9.561501e-03 9.726172e-03 9.549720e-03 7.536497e-03
-9.999000e+03 -9.999000e+03 -9.999000e+03 -9.999000e+03 -9.999000e+03 -9.999000e+03 -9.999000e+03 -9.999000e+03 -9.999000e+03 -9.999000e+03 -9.999000e+03 -9.999000e+03 -9.999000e+03 -9.999000e+03 -9.999000e+03 2.191296e-03 4.442025e-04 8.015419e-03 1.567590e-02 1.396854e-02 1.029086e-02 7.985584e-03 6.416331e-03 5.238385e-03 5.342339e-03 5.565223e-03 5.643933e-03 2.789439e-02 5.294840e-02 6.209243e-03 6.551828e-03 6.587250e-03 6.301190e-03 6.540509e-03 6.687344e-03 7.144198e-03 7.552708e-03 7.763637e-03 2.515874e-02 7.974964e-03 3.439481e-02 8.493258e-03 8.567844e-03 8.704769e-03 8.922895e-03 9.202493e-03 9.471650e-03 9.644931e-03 9.753142e-03 9.908609e-03 9.931606e-03 9.049255e-03
-9.999000e+03 -9.999000e+03 -9.999000e+03 -9.999000e+03 -9.999000e+03 -9.999000e+03 -9.999000e+03 -9.999000e+03 -9.999000e+03 -9.999000e+03 -9.999000e+03 -9.999000e+03 -9.999000e+03 -9.999000e+03 -9.999000e+03 -9.999000e+03 8.234492e-04 8.818460e-03 8.800247e-03 6.880699e-03 5.589855e-03 4.958217e-03 4.885785e-03 5.067467e-03 5.356593e-03 5.703010e-03 5.851297e-03 5.668763e-03 5.534980e-03 5.371720e-02 5.511944e-02 5.585670e-02 6.074751e-03 6.057201e-03 6.308344e-03 6.764024e-03 1.133337e-02 1.593328e-02 7.483774e-03 2.331888e-02 8.094034e-03 3.898457e-02 8.741368e-03 8.947819e-03 9.183590e-03 9.454187e-03 9.688053e-03 9.812279e-03 9.888210e-03 1.003268e-02 1.009561e-02 9.696386e-03
-9.999000e+03 -9.999000e+03 -9.999000e+03 -9.999000e+03 -9.999000e+03 -9.999000e+03 -9.999000e+03 -9.999000e+03 -9.999000e+03 -9.999000e+03 -9.999000e+03 -9.999000e+03 -9.999000e+03 -9.999000e+03 -9.999000e+03 -9.999000e+03 8.053752e-03 3.370391e-03 4.023609e-03 4.520979e-03 4.721270e-03 2.325391e-02 2.148551e-02 1.985794e-02 1.834181e-02 1.691689e-02 1.554061e-02 1.417646e-02 1.286315e-02 1.162663e-02 1.042176e-02 9.217996e-03 5.613186e-02 5.552681e-02 5.433094e-02 5.402262e-02 5.295850e-02 5.198128e-02 5.493554e-02 5.476996e-02 6.637669e-02 6.549199e-02 4.318667e-02 8.561443e-03 8.923228e-03 9.360002e-03 9.603959e-03 9.742890e-03 9.861363e-03 1.001770e-02 1.004337e-02 9.773818e-03
-9.999000e+03 -9.999000e+03 -9.999000e+03 -9.999000e+03 -9.999000e+03 -9.999000e+03 -9.999000e+03 -9.999000e+03 -9.999000e+03 -9.999000e+03 -9.999000e+03 -9.999000e+03 -9.999000e+03 -9.999000e+03 -9.999000e+03 8.054628e-03 4.107022e-03 4.604696e-03 2.073363e-02 2.184744e-02 2.292919e-02 5.025454e-03 7.988476e-03 1.097769e-02 9.484098e-03 1.588051e-02 1.823976e-02 2.039771e-02 1.901766e-02 1.769372e-02 1.639844e-02 1.510616e-02 1.380588e-02 1.247944e-02 1.119592e-02 1.001008e-02 3.999266e-02 3.921243e-02 3.904005e-02 4.028926e-02 4.122759e-02 4.175294e-02 9.994724e-02 1.256125e-01 1.273395e-01 8.167540e-03 1.551644e-02 9.306365e-03 9.605503e-03 9.794846e-03 9.720242e-03 9.410126e-03
-9.999000e+03 -9.999000e+03 -9.999000e+03 -9.999000e+03 -9.999000e+03 -9.999000e+03 -9.999000e+03 -9.999000e+03 -9.999000e+03 -9.999000e+03 -9.999000e+03 -9.999000e+03 -9.999000e+03 -9.999000e+03 7.986883e-03 1.555657e-02 1.876265e-02 2.011317e-02 5.235230e-03 5.350087e-03 5.118439e-03 5.311012e-03 5.518067e-03 5.658383e-03 9.104527e-03 5.955509e-03 6.099316e-03 6.629820e-03 6.817381e-03 6.745215e-03 6.689614e-03 2.165053e-02 2.422365e-02 2.635950e-02 2.812741e-02 3.842468e-02 6.131508e-03 6.856129e-03 7.441392e-03 7.911075e-03 8.239802e-03 8.366514e-03 1.393513e-02 1.907707e-02 2.358967e-02 1.361745e-01 1.383510e-01 1.433355e-01 8.388990e-03 1.591438e-02 8.852908e-03 8.556052e-03
-9.999000e+03 -9.999000e+03 -9.999000e+03 -9.999000e+03 -9.999000e+03 -9.999000e+03 -9.999000e+03 -9.999000e+03 -9.999000e+03 -9.999000e+03 -9.999000e+03 -9.999000e+03 -9.999000e+03 -9.999000e+03 8.037589e-03 1.472784e-02 5.416736e-03 5.497615e-03 5.534904e-03 5.533995e-03 5.570267e-03 5.700904e-03 5.546425e-03 6.090735e-03 6.238147e-03 6.277267e-03 6.425785e-03 6.760856e-03 1.096485e-02 1.488865e-02 1.849439e-02 7.078063e-03 6.927965e-03 6.896535e-03 1.421563e-02 5.909377e-03 6.884963e-03 7.493603e-03 7.726727e-03 8.020306e-03 8.325687e-03 8.539116e-03 8.774469e-03 8.911809e-03 8.998849e-03 1.503175e-02 2.006515e-02 2.431557e-02 1.526204e-01 1.558620e-01 1.632329e-01 7.130010e-03
-9.999000e+03 -9.999000e+03 -9.999000e+03 -9.999000e+03 -9.999000e+03 -9.999000e+03 -9.999000e+03 -9.999000e+03 -9.999000e+03 -9.999000e+03 -9.999000e+03 -9.999000e+03 -9.999000e+03 1.543568e-02 2.026591e-02 5.315896e-03 5.492788e-03 5.652281e-03 5.703702e-03 5.700283e-03 5.693212e-03 5.744665e-03 5.842942e-03 5.991416e-03 6.136705e-03 6.236919e-03 6.437560e-03 6.804826e-03 7.115169e-03 7.277856e-03 7.292143e-03 7.228801e-03 7.240040e-03 1.636545e-02 4.024314e-03 6.159702e-03 7.513756e-03 7.612639e-03 7.757902e-03 7.994860e-03 8.309191e-03 8.565226e-03 8.821032e-03 8.990103e-03 9.121200e-03 9.010173e-03 9.066976e-03 9.043049e-03 8.818034e-03 1.386295e-02 1.739384e-02 1.682983e-01
-9.999000e+03 -9.999000e+03 -9.999000e+03 -9.999000e+03 -9.999000e+03 -9.999000e+03 -9.999000e+03 -9.999000e+03 -9.999000e+03 -9.999000e+03 -9.999000e+03 -9.999000e+03 7.969918e-03 2.193265e-02 5.187540e-03 5.358767e-03 6.402349e-03 5.639927e-03 5.764618e-03 5.814113e-03 5.818047e-03 5.794804e-03 5.799900e-03 5.869210e-03 5.996827e-03 6.155141e-03 6.402763e-03 6.759216e-03 7.035694e-03 7.155717e-03 7.229285e-03 7.269474e-03 1.338501e-02 7.057377e-03 4.060729e-03 7.354275e-03 7.403144e-03 7.429086e-03 7.588536e-03 7.911997e-03 8.051754e-03 8.279372e-03 8.470095e-03 8.623071e-03 8.272320e-03 8.330786e-03 8.424774e-03 8.524731e-03 8.548267e-03 8.212051e-03 8.359279e-03 1.286651e-02
-9.999000e+03 -9.999000e+03 -9.999000e+03 -9.999000e+03 -9.999000e+03 -9.999000e+03 -9.999000e+03 -9.999000e+03 -9.999000e+03 -9.999000e+03 -9.999000e+03 -9.999000e+03 1.519692e-02 4.925621e-03 5.135407e-03 7.654528e-03 5.380229e-03 5.644898e-03 5.804988e-03 5.894497e-03 5.912275e-03 5.854420e-03 5.819438e-03 5.842855e-03 5.940623e-03 6.093740e-03 6.314116e-03 6.603814e-03 6.733142e-03 6.868085e-03 6.918457e-03 1.311843e-02 4.094921e-03 6.094452e-03 7.074122e-03 7.031738e-03 6.817319e-03 6.858673e-03 7.303631e-03 7.145774e-03 7.353310e-03 7.601160e-03 7.840794e-03 6.887561e-03 6.905060e-03 6.977670e-03 7.067496e-03 7.194716e-03 7.172592e-03 8.845772e-03 7.889712e-03 7.564997e-03
-9.999000e+03 -9.999000e+03 -9.999000e+03 -9.999000e+03 -9.999000e+03 -9.999000e+03 -9.999000e+03 -9.999000e+03 -9.999000e+03 -9.999000e+03 -9.999000e+03 7.843411e-03 6.036851e-03 4.593912e-03 8.945789e-03 4.760762e-03 5.293430e-03 5.592820e-03 5.781188e-03 5.901629e-03 5.930216e-03 5.893162e-03 5.865193e-03 5.876740e-03 5.937588e-03 6.056559e-03 6.200472e-03 6.146143e-03 6.446485e-03 6.422533e-03 6.415470e-03 9.561769e-03 3.933012e-03 6.619795e-03 6.504741e-03 5.796418e-03 5.742148e-03 6.689931e-03 5.789124e-03 5.883674e-03 6.074441e-03 6.407434e-03 4.364142e-03 4.349576e-03 4.366617e-03 4.412111e-03 4.447608e-03 4.475589e-03 8.854003e-03 6.804465e-03 6.676151e-03 6.631320e-03
-9.999000e+03 -9.999000e+03 -9.999000e+03 -9.999000e+03 -9.999000e+03 -9.999000e+03 -9.999000e+03 -9.999000e+03 -9.999000e+03 -9.999000e+03 7.781993e-03 1.464766e-02 4.149699e-03 1.029078e-02 3.175282e-03 4.497624e-03 5.111976e-03 5.421168e-03 5.665248e-03 5.773902e-03 5.859912e-03 5.834618e-03 5.825058e-03 5.839730e-03 5.898533e-03 5.977171e-03 5.324377e-03 6.130424e-03 6.129961e-03 5.944577e-03 5.892070e-03 5.872964e-03 5.914618e-03 5.515580e-03 3.870489e-03 3.764210e-03 6.281178e-03 3.702374e-03 3.715643e-03 3.752890e-03 3.927762e-03 4.197390e-03 6.589912e-03 7.694919e-03 8.162141e-03 8.414938e-03 8.581623e-03 8.693688e-03 4.373031e-03 4.295104e-03 4.292971e-03 4.431828e-03
-9.999000e+03 -9.999000e+03 -9.999000e+03 -9.999000e+03 -9.999000e+03 -9.999000e+03 -9.999000e+03 -9.999000e+03 -9.999000e+03 -9.999000e+03 7.666412e-03 4.101525e-03 1.112859e-02 3.919188e-03 2.934805e-03 4.399579e-03 4.815836e-03 5.186755e-03 5.348170e-03 5.645258e-03 5.706446e-03 5.728878e-03 5.741219e-03 5.783971e-03 5.666064e-03 3.616018e-03 5.805562e-03 5.968015e-03 5.637261e-03 5.427376e-03 5.287931e-03 5.227280e-03 3.523444e-03 3.761152e-03 5.604730e-03 6.114034e-03 3.577720e-03 5.092321e-03 5.658637e-03 5.992839e-03 3.893447e-03 4.174824e-03 6.526550e-03 7.567495e-03 7.958008e-03 8.138453e-03 8.282211e-03 8.427040e-03 8.478969e-03 8.364820e-03 8.283221e-03 8.393701e-03
-9.999000e+03 -9.999000e+03 -9.999000e+03 -9.999000e+03 -9.999000e+03 -9.999000e+03 -9.999000e+03 -9.999000e+03 -9.999000e+03 7.680208e-03 5.673163e-03 1.140511e-02 3.904525e-03 2.853353e-03 3.776734e-03 4.277724e-03 4.611327e-03 4.515463e-03 5.321473e-03 5.388411e-03 5.540418e-03 5.627230e-03 5.697016e-03 5.090802e-03 3.566412e-03 5.145782e-03 5.821684e-03 5.034202e-03 4.897231e-03 4.635938e-03 4.498432e-03 3.358670e-03 4.973418e-03 5.911748e-03 6.394417e-03 6.453037e-03 6.336138e-03 6.192245e-03 3.700608e-03 3.873766e-03 6.772121e-03 6.256627e-03 7.430291e-03 7.801205e-03 7.837910e-03 7.829266e-03 7.912670e-03 8.116608e-03 8.292284e-03 8.344292e-03 8.315594e-03 8.271618e-03
-9.999000e+03 -9.999000e+03 -9.999000e+03 -9.999000e+03 -9.999000e+03 -9.999000e+03 -9.999000e+03 -9.999000e+03 -9.999000e+03 7.826103e-03 1.087529e-02 4.043559e-03 3.645327e-03 2.794463e-03 4.073797e-03 4.299602e-03 3.030566e-03 5.153815e-03 4.926560e-03 5.177444e-03 5.403855e-03 5.560567e-03 3.517976e-03 3.583969e-03 5.170424e-03 5.637430e-03 3.480666e-03 3.450268e-03 3.346704e-03 3.145757e-03 3.158291e-03 4.721845e-03 5.606300e-03 6.216514e-03 6.584557e-03 6.710092e-03 6.693457e-03 3.767142e-03 6.479271e-03 5.853383e-03 6.132449e-03 7.438209e-03 7.742124e-03 7.712063e-03 7.602860e-03 7.588720e-03 7.683724e-03 7.863888e-03 8.031313e-03 8.144020e-03 5.220112e-02 5.407878e-02
-9.999000e+03 -9.999000e+03 -9.999000e+03 -9.999000e+03 -9.999000e+03 -9.999000e+03 -9.999000e+03 -9.999000e+03 1.498306e-02 5.913668e-03 7.937198e-03 4.268515e-03 2.744566e-03 3.743668e-03 4.260353e-03 4.363299e-03 6.397669e-03 4.491052e-03 4.707158e-03 5.045283e-03 5.354730e-03 4.938197e-03 5.560781e-03 5.889710e-03 5.995675e-03 1.738602e-02 1.893908e-02 1.709928e-02 1.528051e-02 1.346781e-02 1.175639e-02 1.019378e-02 8.722295e-03 7.311645e-03 6.770204e-03 6.902162e-03 6.899666e-03 1.079354e-02 1.129860e-02 1.481311e-02 1.610126e-02 1.730679e-02 1.544766e-02 1.371102e-02 1.208003e-02 1.056558e-02 9.139883e-03 7.783375e-03 7.629073e-03 5.093666e-02 7.491747e-03 7.582856e-03
-9.999000e+03 -9.999000e+03 -9.999000e+03 -9.999000e+03 -9.999000e+03 -9.999000e+03 -9.999000e+03 7.769035e-03 1.469946e-02 7.625429e-03 4.135187e-03 4.317395e-03 2.802288e-03 4.199755e-03 4.361698e-03 4.418167e-03 4.432783e-03 4.427756e-03 4.629645e-03 5.037581e-03 3.423864e-03 3.476222e-03 5.046787e-03 1.365938e-02 1.553217e-02 5.936359e-03 5.681373e-03 5.775989e-03 5.684887e-03 5.422671e-03 5.417022e-03 5.800534e-03 6.243465e-03 6.609170e-03 6.838603e-03 6.916455e-03 6.884687e-03 6.771004e-03 6.790193e-03 7.026473e-03 7.229054e-03 7.264556e-03 7.226411e-03 7.183127e-03 7.212751e-03 7.344978e-03 7.405725e-03 7.302271e-03 4.651436e-02 7.183807e-03 7.297831e-03 7.435158e-03
-9.999000e+03 -9.999000e+03 -9.999000e+03 -9.999000e+03 -9.999000e+03 -9.999000e+03 -9.999000e+03 7.626031e-03 2.997137e-03 8.185405e-03 2.997768e-03 4.008676e-03 4.245787e-03 4.371242e-03 4.448735e-03 4.469985e-03 4.509132e-03 4.551978e-03 4.760612e-03 5.176763e-03 8.071215e-03 1.071836e-02 1.316275e-02 5.838577e-03 5.887554e-03 5.215696e-03 3.616562e-03 5.216204e-03 5.712483e-03 5.684087e-03 5.720211e-03 6.030630e-03 6.362487e-03 6.599037e-03 6.725329e-03 6.750459e-03 3.440459e-02 3.517432e-02 3.584732e-02 3.644836e-02 3.701135e-02 3.759689e-02 3.839900e-02 3.739248e-02 3.638275e-02 3.524954e-02 4.336153e-02 4.494875e-02 7.181112e-03 7.111002e-03 7.146802e-03 7.241417e-03
-9.999000e+03 -9.999000e+03 -9.999000e+03 -9.999000e+03 -9.999000e+03 -9.999000e+03 -9.999000e+03 7.735202e-04 7.146031e-03 4.094070e-03 2.838798e-03 3.965420e-03 4.417426e-03 4.559237e-03 4.575863e-03 4.591615e-03 4.674843e-03 4.762451e-03 4.937175e-03 5.292779e-03 5.619159e-03 5.816403e-03 5.713462e-03 5.664797e-03 3.554575e-03 3.644893e-03 5.324384e-03 5.896619e-03 6.011372e-03 5.959556e-03 5.971541e-03 6.139752e-03 6.317318e-03 3.174244e-02 3.290058e-02 3.392453e-02 6.968813e-03 7.225527e-03 7.468317e-03 7.697874e-03 7.846942e-03 7.892331e-03 7.933147e-03 1.321036e-02 1.818605e-02 2.272828e-02 7.794670e-03 7.619103e-03 7.406670e-03 7.160120e-03 7.029220e-03 7.059263e-03
