tests/data/reference/test_implicit_stream_rill_mfda/mqsur_m3_s.asc
ncols	123
nrows	77
xllcorner	-713746.79929998
yllcorner	-1061022.36961616
cellsize	10.0
NODATA_value	-9999
[rows 23 to 45 of 77, columns 0 to 51 of 123]
-9.999000e+03 -9.999000e+03 -9.999000e+03 -9.999000e+03 -9.999000e+03 -9.999000e+03 -9.999000e+03 -9.999000e+03 -9.999000e+03 -9.999000e+03 -9.999000e+03 -9.999000e+03 -9.999000e+03 -9.999000e+03 2.166094e-03 3.293706e-03 3.271639e-03 3.062859e-03 2.403084e-03 1.092578e-03 1.043907e-03 1.026143e-02 1.502433e-03 1.320322e-02 1.676316e-02 5.854575e-03 8.955262e-03 6.558587e-03 7.136237e-03 7.493141e-03 4.139955e-03 6.399149e-03 7.452758e-03 8.022966e-03 2.316678e-02 8.029952e-03 8.605799e-03 4.313786e-03 1.450059e-02 8.561960e-03 8.629688e-03 8.744529e-03 8.902687e-03 8.983882e-03 8.968532e-03 8.912699e-03 8.870019e-03 8.900909e-03 8.999402e-03 8.867600e-03 8.394226e-03 4.531631e-03
-9.999000e+03 -9.999000e+03 -9.999000e+03 -9.999000e+03 -9.999000e+03 -9.999000e+03 -9.999000e+03 -9.999000e+03 -9.999000e+03 -9.999000e+03 -9.999000e+03 -9.999000e+03 -9.999000e+03 -9.999000e+03 1.571115e-03 5.275739e-03 5.474079e-03 3.733764e-03 2.333374e-03 3.032945e-03 8.967719e-03 1.850771e-02 3.745414e-03 4.081125e-03 1.060187e-02 1.882986e-02 7.672708e-03 6.833976e-03 7.101935e-03 4.088065e-03 7.619859e-03 6.377330e-03 7.415397e-03 7.796729e-03 2.696601e-02 7.971226e-03 8.113657e-03 4.341004e-03 1.511012e-02 8.572427e-03 8.597273e-03 8.677440e-03 8.803503e-03 8.885828e-03 8.903937e-03 8.892978e-03 8.890881e-03 8.953105e-03 9.069266e-03 9.103145e-03 4.541233e-03 9.066582e-03
-9.999000e+03 -9.999000e+03 -9.999000e+03 -9.999000e+03 -9.999000e+03 -9.999000e+03 -9.999000e+03 -9.999000e+03 -9.999000e+03 -9.999000e+03 -9.999000e+03 -9.999000e+03 -9.999000e+03 -9.999000e+03 4.127129e-03 2.552780e-03 2.617937e-03 2.609956e-03 2.557707e-03 1.289526e-03 1.148712e-02 1.010992e-02 1.674147e-02 5.415213e-03 5.698606e-03 9.043302e-03 2.245953e-02 7.158209e-03 7.270801e-03 4.140033e-03 6.195745e-03 7.556873e-03 7.169390e-03 7.641529e-03 7.726721e-03 3.065940e-02 4.248045e-03 8.281680e-03 6.740786e-03 2.040602e-02 8.567433e-03 8.645426e-03 8.742414e-03 8.814676e-03 8.857920e-03 8.892023e-03 8.939954e-03 9.041289e-03 9.182537e-03 9.300050e-03 7.288503e-03 4.640134e-03
-9.999000e+03 -9.999000e+03 -9.999000e+03 -9.999000e+03 -9.999000e+03 -9.999000e+03 -9.999000e+03 -9.999000e+03 -9.999000e+03 -9.999000e+03 -9.999000e+03 -9.999000e+03 2.944723e-03 2.400949e-03 6.314619e-03 3.386978e-03 2.653756e-03 1.412411e-03 1.047550e-03 1.011171e-02 4.984033e-03 1.318551e-02 8.152751e-03 1.294274e-02 6.057555e-03 6.348266e-03 2.910550e-02 7.072190e-03 7.186730e-03 6.099569e-03 4.086924e-03 7.012405e-03 7.402681e-03 7.157930e-03 7.265366e-03 7.705203e-03 2.927975e-02 6.626774e-03 8.372208e-03 7.832953e-03 2.599398e-02 8.611685e-03 8.679278e-03 8.748275e-03 8.831419e-03 8.932960e-03 9.052892e-03 9.195364e-03 9.349559e-03 9.509779e-03 8.786774e-03 4.680244e-03
-9.999000e+03 -9.999000e+03 -9.999000e+03 -9.999000e+03 -9.999000e+03 -9.999000e+03 -9.999000e+03 -9.999000e+03 -9.999000e+03 -9.999000e+03 -9.999000e+03 -9.999000e+03 -9.999000e+03 2.875361e-03 3.070687e-03 3.026577e-03 1.769555e-03 8.814806e-04 9.710831e-03 4.670638e-03 4.830056e-03 5.134190e-03 1.392935e-02 1.792958e-02 2.562468e-02 2.606026e-02 2.650266e-02 2.721174e-02 6.545068e-03 6.875249e-03 6.740206e-03 5.991939e-03 7.003643e-03 6.948592e-03 6.955861e-03 7.340626e-03 7.781092e-03 2.717129e-02 7.748282e-03 8.442924e-03 2.909133e-02 8.541022e-03 8.576730e-03 8.662998e-03 8.819549e-03 9.027885e-03 9.245922e-03 9.421823e-03 9.560375e-03 9.725237e-03 9.555741e-03 7.549454e-03
-9.999000e+03 -9.999000e+03 -9.999000e+03 -9.999000e+03 -9.999000e+03 -9.999000e+03 -9.999000e+03 -9.999000e+03 -9.999000e+03 -9.999000e+03 -9.999000e+03 -9.999000e+03 -9.999000e+03 -9.999000e+03 -9.999000e+03 2.193203e-03 4.442328e-04 8.021249e-03 1.569207e-02 1.399847e-02 1.030239e-02 7.989871e-03 6.417598e-03 5.240408e-03 5.341080e-03 5.564488e-03 5.643073e-03 2.795588e-02 5.312262e-02 6.206645e-03 6.549360e-03 6.587101e-03 6.303781e-03 6.538538e-03 6.684746e-03 7.142787e-03 7.551424e-03 7.761783e-03 2.523692e-02 7.976819e-03 3.435984e-02 8.491133e-03 8.565704e-03 8.702740e-03 8.921131e-03 9.201113e-03 9.470620e-03 9.643990e-03 9.752101e-03 9.907598e-03 9.934105e-03 9.060232e-03
-9.999000e+03 -9.999000e+03 -9.999000e+03 -9.999000e+03 -9.999000e+03 -9.999000e+03 -9.999000e+03 -9.999000e+03 -9.999000e+03 -9.999000e+03 -9.999000e+03 -9.999000e+03 -9.999000e+03 -9.999000e+03 -9.999000e+03 -9.999000e+03 8.237407e-04 8.823010e-03 8.814020e-03 6.884387e-03 5.589246e-03 4.955028e-03 4.884006e-03 5.066531e-03 5.356079e-03 5.702712e-03 5.850703e-03 5.667405e-03 5.533391e-03 5.396023e-02 5.540841e-02 5.619289e-02 6.072543e-03 6.056399e-03 6.306025e-03 6.762220e-03 1.132733e-02 1.592392e-02 7.481520e-03 2.343180e-02 8.093493e-03 3.894205e-02 8.739759e-03 8.946434e-03 9.182385e-03 9.453164e-03 9.687130e-03 9.811265e-03 9.887034e-03 1.003145e-02 1.009580e-02 9.702550e-03
-9.999000e+03 -9.999000e+03 -9.999000e+03 -9.999000e+03 -9.999000e+03 -9.999000e+03 -9.999000e+03 -9.999000e+03 -9.999000e+03 -9.999000e+03 -9.999000e+03 -9.999000e+03 -9.999000e+03 -9.999000e+03 -9.999000e+03 -9.999000e+03 8.059242e-03 3.373317e-03 4.023858e-03 4.521153e-03 4.720987e-03 2.331791e-02 2.157341e-02 1.996305e-02 1.845862e-02 1.701859e-02 1.562649e-02 1.424720e-02 1.291948e-02 1.167200e-02 1.045773e-02 9.245692e-03 5.649521e-02 5.589905e-02 5.454933e-02 5.427489e-02 5.321644e-02 5.224257e-02 5.519980e-02 5.503299e-02 6.664844e-02 6.575257e-02 4.313654e-02 8.558695e-03 8.920757e-03 9.358443e-03 9.602385e-03 9.741231e-03 9.859683e-03 1.001599e-02 1.004200e-02 9.775391e-03
-9.999000e+03 -9.999000e+03 -9.999000e+03 -9.999000e+03 -9.999000e+03 -9.999000e+03 -9.999000e+03 -9.999000e+03 -9.999000e+03 -9.999000e+03 -9.999000e+03 -9.999000e+03 -9.999000e+03 -9.999000e+03 -9.999000e+03 8.060110e-03 4.111928e-03 4.605128e-03 2.073477e-02 2.185973e-02 2.296993e-02 5.023770e-03 7.983000e-03 1.096916e-02 9.478332e-03 1.586888e-02 1.823330e-02 2.039612e-02 1.903636e-02 1.772904e-02 1.644848e-02 1.516751e-02 1.386100e-02 1.252416e-02 1.123061e-02 1.003708e-02 4.007646e-02 3.933425e-02 3.917968e-02 4.044302e-02 4.139032e-02 4.192351e-02 1.002368e-01 1.258562e-01 1.275936e-01 8.163625e-03 1.550870e-02 9.303368e-03 9.602919e-03 9.792318e-03 9.717493e-03 9.408292e-03
-9.999000e+03 -9.999000e+03 -9.999000e+03 -9.999000e+03 -9.999000e+03 -9.999000e+03 -9.999000e+03 -9.999000e+03 -9.999000e+03 -9.999000e+03 -9.999000e+03 -9.999000e+03 -9.999000e+03 -9.999000e+03 7.992942e-03 1.557352e-02 1.877095e-02 2.011512e-02 5.233625e-03 5.348476e-03 5.116226e-03 5.309011e-03 5.516250e-03 5.657060e-03 9.099024e-03 5.953703e-03 6.097576e-03 6.629147e-03 6.816659e-03 6.743575e-03 6.687874e-03 2.163393e-02 2.420356e-02 2.635973e-02 2.815624e-02 3.847253e-02 6.133726e-03 6.856219e-03 7.439311e-03 7.909624e-03 8.238707e-03 8.365205e-03 1.392940e-02 1.906850e-02 2.357809e-02 1.363787e-01 1.385346e-01 1.434457e-01 8.383869e-03 1.590561e-02 8.848328e-03 8.551709e-03
-9.999000e+03 -9.999000e+03 -9.999000e+03 -9.999000e+03 -9.999000e+03 -9.999000e+03 -9.999000e+03 -9.999000e+03 -9.999000e+03 -9.999000e+03 -9.999000e+03 -9.999000e+03 -9.999000e+03 -9.999000e+03 8.043227e-03 1.473722e-02 5.415924e-03 5.496618e-03 5.533596e-03 5.532593e-03 5.568765e-03 5.699555e-03 5.544501e-03 6.089944e-03 6.237515e-03 6.276533e-03 6.425133e-03 6.760538e-03 1.095992e-02 1.488001e-02 1.848190e-02 7.076477e-03 6.925984e-03 6.894429e-03 1.420643e-02 5.916827e-03 6.889582e-03 7.492347e-03 7.725875e-03 8.020147e-03 8.325918e-03 8.538432e-03 8.774248e-03 8.911444e-03 8.998386e-03 1.502840e-02 2.006113e-02 2.430958e-02 1.525832e-01 1.558828e-01 1.633552e-01 7.124584e-03
-9.999000e+03 -9.999000e+03 -9.999000e+03 -9.999000e+03 -9.999000e+03 -9.999000e+03 -9.999000e+03 -9.999000e+03 -9.999000e+03 -9.999000e+03 -9.999000e+03 -9.999000e+03 -9.999000e+03 1.545341e-02 2.029728e-02 5.315105e-03 5.492197e-03 5.651316e-03 5.703042e-03 5.699142e-03 5.691803e-03 5.743221e-03 5.841646e-03 5.990426e-03 6.135961e-03 6.236240e-03 6.437046e-03 6.804692e-03 7.115162e-03 7.277647e-03 7.291808e-03 7.227979e-03 7.239173e-03 1.635693e-02 4.031165e-03 6.167934e-03 7.513182e-03 7.612374e-03 7.758623e-03 7.996061e-03 8.309799e-03 8.567338e-03 8.823448e-03 8.991808e-03 9.122696e-03 9.014291e-03 9.071228e-03 9.047161e-03 8.821449e-03 1.386558e-02 1.739460e-02 1.685295e-01
-9.999000e+03 -9.999000e+03 -9.999000e+03 -9.999000e+03 -9.999000e+03 -9.999000e+03 -9.999000e+03 -9.999000e+03 -9.999000e+03 -9.999000e+03 -9.999000e+03 -9.999000e+03 7.976104e-03 2.196489e-02 5.186091e-03 5.358640e-03 6.419493e-03 5.640260e-03 5.764204e-03 5.813234e-03 5.816858e-03 5.793389e-03 5.798494e-03 5.867964e-03 5.995821e-03 6.154336e-03 6.402247e-03 6.759107e-03 7.035781e-03 7.156362e-03 7.229283e-03 7.269548e-03 1.337708e-02 7.062615e-03 4.067685e-03 7.354343e-03 7.403727e-03 7.431456e-03 7.591393e-03 7.912905e-03 8.055713e-03 8.283796e-03 8.474781e-03 8.627689e-03 8.280810e-03 8.338606e-03 8.432881e-03 8.533124e-03 8.556593e-03 8.219347e-03 8.356234e-03 1.286412e-02
-9.999000e+03 -9.999000e+03 -9.999000e+03 -9.999000e+03 -9.999000e+03 -9.999000e+03 -9.999000e+03 -9.999000e+03 -9.999000e+03 -9.999000e+03 -9.999000e+03 -9.999000e+03 1.521516e-02 4.922905e-03 5.135733e-03 7.672743e-03 5.382343e-03 5.645569e-03 5.804853e-03 5.894009e-03 5.911413e-03 5.853297e-03 5.818121e-03 5.841609e-03 5.939546e-03 6.092877e-03 6.313509e-03 6.603647e-03 6.734731e-03 6.868080e-03 6.918498e-03 1.311177e-02 4.101975e-03 6.102475e-03 7.074896e-03 7.033686e-03 6.822008e-03 6.863591e-03 7.304105e-03 7.151548e-03 7.359647e-03 7.608164e-03 7.848335e-03 6.898201e-03 6.915749e-03 6.988602e-03 7.078742e-03 7.205512e-03 7.183336e-03 8.843705e-03 7.896106e-03 7.570544e-03
-9.999000e+03 -9.999000e+03 -9.999000e+03 -9.999000e+03 -9.999000e+03 -9.999000e+03 -9.999000e+03 -9.999000e+03 -9.999000e+03 -9.999000e+03 -9.999000e+03 7.850386e-03 6.042460e-03 4.593713e-03 8.960246e-03 4.765156e-03 5.295706e-03 5.593415e-03 5.781429e-03 5.901504e-03 5.929967e-03 5.892273e-03 5.864210e-03 5.875726e-03 5.936638e-03 6.055723e-03 6.200165e-03 6.149451e-03 6.446414e-03 6.422003e-03 6.415674e-03 9.558288e-03 3.939600e-03 6.621016e-03 6.508993e-03 5.803528e-03 5.749108e-03 6.689818e-03 5.796237e-03 5.891070e-03 6.082411e-03 6.416429e-03 4.371965e-03 4.357359e-03 4.374447e-03 4.420069e-03 4.455665e-03 4.483724e-03 8.852813e-03 6.814016e-03 6.685278e-03 6.640309e-03
-9.999000e+03 -9.999000e+03 -9.999000e+03 -9.999000e+03 -9.999000e+03 -9.999000e+03 -9.999000e+03 -9.999000e+03 -9.999000e+03 -9.999000e+03 7.789266e-03 1.466720e-02 4.148216e-03 1.029942e-02 3.179736e-03 4.501484e-03 5.112915e-03 5.421730e-03 5.665631e-03 5.774770e-03 5.859449e-03 5.834076e-03 5.824288e-03 5.838844e-03 5.897615e-03 5.977640e-03 5.330140e-03 6.131059e-03 6.129195e-03 5.945055e-03 5.892725e-03 5.873930e-03 5.915881e-03 5.521928e-03 3.876896e-03 3.770311e-03 6.281479e-03 3.708297e-03 3.721604e-03 3.758957e-03 3.934334e-03 4.204740e-03 6.599531e-03 7.701751e-03 8.165167e-03 8.415518e-03 8.581057e-03 8.692603e-03 4.380880e-03 4.302732e-03 4.300593e-03 4.439260e-03
-9.999000e+03 -9.999000e+03 -9.999000e+03 -9.999000e+03 -9.999000e+03 -9.999000e+03 -9.999000e+03 -9.999000e+03 -9.999000e+03 -9.999000e+03 7.674133e-03 4.102053e-03 1.113642e-02 3.921715e-03 2.938629e-03 4.400630e-03 4.815991e-03 5.187016e-03 5.350489e-03 5.644626e-03 5.706422e-03 5.728506e-03 5.740527e-03 5.783089e-03 5.668386e-03 3.621694e-03 5.808153e-03 5.967385e-03 5.639577e-03 5.429309e-03 5.289801e-03 5.229253e-03 3.528858e-03 3.767244e-03 5.611279e-03 6.117013e-03 3.583288e-03 5.097437e-03 5.660897e-03 5.993332e-03 3.899920e-03 4.182109e-03 6.535961e-03 7.573962e-03 7.960600e-03 8.138633e-03 8.281406e-03 8.425954e-03 8.477623e-03 8.362941e-03 8.281071e-03 8.391906e-03
-9.999000e+03 -9.999000e+03 -9.999000e+03 -9.999000e+03 -9.999000e+03 -9.999000e+03 -9.999000e+03 -9.999000e+03 -9.999000e+03 7.687882e-03 5.678270e-03 1.140598e-02 3.904813e-03 2.856971e-03 3.778987e-03 4.277468e-03 4.610919e-03 4.519305e-03 5.319360e-03 5.388566e-03 5.540454e-03 5.626908e-03 5.696341e-03 5.095934e-03 3.571948e-03 5.151052e-03 5.821774e-03 5.039192e-03 4.901856e-03 4.639916e-03 4.502162e-03 3.363623e-03 4.978292e-03 5.914868e-03 6.395775e-03 6.452742e-03 6.334779e-03 6.190491e-03 3.706526e-03 3.880182e-03 6.773009e-03 6.265153e-03 7.436639e-03 7.803842e-03 7.837773e-03 7.827909e-03 7.911168e-03 8.115443e-03 8.291295e-03 8.343051e-03 8.313944e-03 8.269713e-03
-9.999000e+03 -9.999000e+03 -9.999000e+03 -9.999000e+03 -9.999000e+03 -9.999000e+03 -9.999000e+03 -9.999000e+03 -9.999000e+03 7.833166e-03 1.086881e-02 4.042319e-03 3.647335e-03 2.797935e-03 4.074264e-03 4.298769e-03 3.034637e-03 5.148680e-03 4.926345e-03 5.177454e-03 5.403791e-03 5.560141e-03 3.523375e-03 3.589555e-03 5.175757e-03 5.639589e-03 3.485959e-03 3.455476e-03 3.351625e-03 3.150132e-03 3.162699e-03 4.726145e-03 5.608989e-03 6.217958e-03 6.585042e-03 6.709651e-03 6.692294e-03 3.773251e-03 6.478252e-03 5.860690e-03 6.140590e-03 7.439454e-03 7.742647e-03 7.711235e-03 7.601122e-03 7.586866e-03 7.682179e-03 7.862721e-03 8.030306e-03 8.142911e-03 5.219020e-02 5.409314e-02
-9.999000e+03 -9.999000e+03 -9.999000e+03 -9.999000e+03 -9.999000e+03 -9.999000e+03 -9.999000e+03 -9.999000e+03 1.500189e-02 5.919017e-03 7.929083e-03 4.267858e-03 2.747915e-03 3.745844e-03 4.259535e-03 4.362341e-03 6.392985e-03 4.490134e-03 4.706568e-03 5.045020e-03 5.354443e-03 4.942945e-03 5.563017e-03 5.890223e-03 5.995166e-03 1.737056e-02 1.892652e-02 1.711521e-02 1.532041e-02 1.352405e-02 1.182339e-02 1.025856e-02 8.774246e-03 7.352966e-03 6.770199e-03 6.901572e-03 6.898485e-03 1.078762e-02 1.129210e-02 1.480271e-02 1.609007e-02 1.729501e-02 1.543560e-02 1.370533e-02 1.209339e-02 1.059123e-02 9.172017e-03 7.818135e-03 7.627526e-03 5.092328e-02 7.490576e-03 7.581968e-03
-9.999000e+03 -9.999000e+03 -9.999000e+03 -9.999000e+03 -9.999000e+03 -9.999000e+03 -9.999000e+03 7.776365e-03 1.471853e-02 7.617798e-03 4.138116e-03 4.318058e-03 2.805779e-03 4.199081e-03 4.360744e-03 4.417060e-03 4.431653e-03 4.426564e-03 4.628667e-03 5.037002e-03 3.428998e-03 3.481503e-03 5.051813e-03 1.364776e-02 1.551894e-02 5.935583e-03 5.683633e-03 5.775922e-03 5.683722e-03 5.420921e-03 5.415558e-03 5.799983e-03 6.243484e-03 6.609218e-03 6.838295e-03 6.915605e-03 6.883336e-03 6.769281e-03 6.788589e-03 7.025437e-03 7.228281e-03 7.263465e-03 7.224910e-03 7.181436e-03 7.211163e-03 7.343691e-03 7.404461e-03 7.300608e-03 4.653336e-02 7.181383e-03 7.295962e-03 7.433889e-03
-9.999000e+03 -9.999000e+03 -9.999000e+03 -9.999000e+03 -9.999000e+03 -9.999000e+03 -9.999000e+03 7.633879e-03 2.999706e-03 8.177314e-03 3.001754e-03 4.011416e-03 4.246340e-03 4.370575e-03 4.447509e-03 4.468694e-03 4.507847e-03 4.550663e-03 4.759544e-03 5.176238e-03 8.066658e-03 1.071078e-02 1.315210e-02 5.838692e-03 5.887745e-03 5.221167e-03 3.622239e-03 5.221657e-03 5.714771e-03 5.683798e-03 5.719167e-03 6.030002e-03 6.362193e-03 6.598644e-03 6.724586e-03 6.749316e-03 3.446118e-02 3.522664e-02 3.589103e-02 3.648044e-02 3.702589e-02 3.759098e-02 3.836598e-02 3.736088e-02 3.635627e-02 3.524238e-02 4.334220e-02 4.494824e-02 7.177759e-03 7.107883e-03 7.144221e-03 7.239507e-03
-9.999000e+03 -9.999000e+03 -9.999000e+03 -9.999000e+03 -9.999000e+03 -9.999000e+03 -9.999000e+03 7.738068e-04 7.139846e-03 4.093196e-03 2.842380e-03 3.968043e-03 4.418081e-03 4.558205e-03 4.574577e-03 4.590207e-03 4.673473e-03 4.761292e-03 4.936373e-03 5.292594e-03 5.619242e-03 5.816269e-03 5.715908e-03 5.667029e-03 3.560077e-03 3.650652e-03 5.330138e-03 5.899276e-03 6.011517e-03 5.958489e-03 5.970251e-03 6.138764e-03 6.316521e-03 3.179301e-02 3.295615e-02 3.398216e-02 6.967593e-03 7.224403e-03 7.467270e-03 7.696863e-03 7.845779e-03 7.890811e-03 7.931325e-03 1.320374e-02 1.817476e-02 2.271255e-02 7.791703e-03 7.615910e-03 7.403296e-03 7.156617e-03 7.025943e-03 7.056548e-03
