tests/data/reference/test_implicit_stream_rill_mfda/mqsur_m3_s.asc
ncols	123
nrows	77
xllcorner	-713746.79929998
yllcorner	-1061022.36961616
cellsize	10.0
NODATA_value	-9999
[rows 46 to 68 of 77, columns 52 to 103 of 123]
7.005672e-03 6.867081e-03 6.830500e-03 6.979646e-03 7.169143e-03 6.901435e-03 6.926735e-03 6.962580e-03 7.001716e-03 7.425057e-03 7.409758e-03 2.312577e-02 7.898661e-03 7.872439e-03 7.552155e-03 7.568625e-03 8.200821e-03 7.969669e-03 8.257674e-03 8.424981e-03 8.565643e-03 8.776319e-03 8.907743e-03 8.812377e-03 9.546342e-03 0.000000e+00 1.809485e-03 4.517383e-03 6.909496e-03 7.952691e-03 8.076414e-03 0.000000e+00 0.000000e+00 0.000000e+00 8.228933e-03 8.548477e-03 8.781130e-03 4.464707e-03 4.532435e-03 4.543969e-03 4.534281e-03 4.506511e-03 4.463040e-03 4.394559e-03 4.331944e-03 4.276276e-03 4.217443e-03 7.652465e-03 7.515886e-03 7.553639e-03 7.729013e-03 7.915972e-03
7.029852e-03 6.709142e-03 6.568785e-03 6.739188e-03 5.863815e-03 5.886637e-03 5.908157e-03 5.988425e-03 7.194574e-03 6.855878e-03 2.466896e-02 7.513907e-03 7.245040e-03 6.326592e-03 6.290622e-03 7.621553e-03 6.372392e-03 6.643424e-03 6.864752e-03 6.952326e-03 7.061764e-03 7.257833e-03 7.402482e-03 9.509417e-03 4.603538e-03 0.000000e+00 1.857141e-03 5.327290e-03 7.340872e-03 8.392401e-03 8.768297e-03 8.648822e-03 8.115484e-03 0.000000e+00 0.000000e+00 7.945045e-03 8.391689e-03 4.389140e-03 4.502777e-03 4.536730e-03 4.527113e-03 4.491120e-03 4.460636e-03 4.424636e-03 4.395048e-03 4.363729e-03 4.318689e-03 7.969167e-03 7.791416e-03 7.789252e-03 7.968956e-03 8.144613e-03
7.185977e-03 6.775029e-03 6.563346e-03 3.823469e-03 3.886433e-03 3.876372e-03 3.889869e-03 6.885719e-03 5.876697e-03 2.630218e-02 7.176945e-03 6.176089e-03 4.125840e-03 4.090991e-03 7.401913e-03 4.053270e-03 4.116426e-03 4.254976e-03 4.330060e-03 4.348606e-03 4.411644e-03 4.515916e-03 9.039056e-03 7.361011e-03 8.895682e-03 0.000000e+00 1.946502e-03 9.932668e-03 9.801509e-03 9.673924e-03 9.597796e-03 9.356224e-03 8.577654e-03 3.549337e-03 0.000000e+00 6.981193e-03 7.918921e-03 4.296643e-03 4.448807e-03 4.518171e-03 4.521682e-03 4.480896e-03 4.458306e-03 4.445176e-03 4.442116e-03 4.432187e-03 4.397918e-03 8.314759e-03 8.134503e-03 8.077190e-03 8.176332e-03 8.273355e-03
7.370264e-03 6.987509e-03 3.728819e-03 5.556710e-03 6.337546e-03 6.603165e-03 6.679290e-03 3.834637e-03 2.796571e-02 6.913444e-03 4.004521e-03 4.079937e-03 6.219645e-03 7.098135e-03 4.054968e-03 6.131660e-03 7.097247e-03 7.646770e-03 7.975106e-03 8.127613e-03 8.255173e-03 8.452721e-03 4.482677e-03 4.631276e-03 1.268026e-02 0.000000e+00 6.717851e-03 8.561316e-03 9.384043e-03 9.754357e-03 9.916815e-03 9.807616e-03 9.229377e-03 7.667030e-03 0.000000e+00 0.000000e+00 7.524903e-03 4.201052e-03 4.372736e-03 4.478177e-03 4.508342e-03 4.479975e-03 4.464433e-03 4.462654e-03 4.478633e-03 4.486626e-03 4.459028e-03 8.639736e-03 8.504193e-03 8.406674e-03 8.368810e-03 8.322538e-03
7.443314e-03 1.753463e-02 1.566158e-02 1.389131e-02 1.218285e-02 1.054148e-02 9.004884e-03 2.969001e-02 6.732628e-03 3.924667e-03 5.958445e-03 6.908411e-03 7.313405e-03 7.434100e-03 7.473038e-03 7.525155e-03 7.654128e-03 7.886908e-03 8.093549e-03 8.196325e-03 8.239055e-03 8.260647e-03 8.435822e-03 8.847398e-03 8.986303e-03 0.000000e+00 5.933337e-03 4.640138e-03 7.543775e-03 9.167917e-03 9.946236e-03 1.016191e-02 9.814935e-03 1.589849e-02 7.005789e-03 0.000000e+00 6.988994e-03 4.135193e-03 4.308502e-03 4.431155e-03 4.480980e-03 4.472500e-03 4.468632e-03 4.469755e-03 7.076240e-03 7.122387e-03 4.509749e-03 8.927809e-03 8.829863e-03 8.711650e-03 8.574114e-03 8.409408e-03
1.946994e-02 7.599902e-03 1.236508e-02 1.261630e-02 1.686211e-02 2.429444e-02 2.739570e-02 6.776402e-03 6.828858e-03 6.986844e-03 7.168690e-03 7.261391e-03 7.313408e-03 7.349275e-03 7.409849e-03 7.518210e-03 1.222832e-02 1.055516e-02 9.191308e-03 8.673666e-03 8.519523e-03 8.271731e-03 8.175625e-03 8.405403e-03 8.568653e-03 0.000000e+00 4.606949e-03 7.463622e-03 9.070079e-03 9.985003e-03 1.048007e-02 1.060872e-02 1.028338e-02 9.377151e-03 1.380393e-02 0.000000e+00 0.000000e+00 4.106967e-03 4.271495e-03 4.393177e-03 4.450539e-03 4.458726e-03 4.470523e-03 4.471652e-03 8.340422e-03 8.440868e-03 4.546777e-03 9.186827e-03 9.081834e-03 8.953393e-03 8.808322e-03 8.607356e-03
7.808429e-03 7.777321e-03 4.043244e-03 7.349530e-03 9.578324e-03 6.965228e-03 6.940619e-03 6.911002e-03 7.011783e-03 7.216610e-03 7.387041e-03 7.351165e-03 7.264560e-03 7.234929e-03 7.274719e-03 7.378284e-03 4.155582e-03 6.553130e-03 7.835682e-03 8.486789e-03 8.640110e-03 8.276941e-03 7.962240e-03 8.064558e-03 4.400198e-03 0.000000e+00 6.392440e-03 9.168062e-03 1.023124e-02 1.065216e-02 1.087278e-02 1.088000e-02 1.056458e-02 9.885172e-03 8.446473e-03 1.204176e-02 0.000000e+00 6.235233e-03 4.271613e-03 4.358670e-03 4.401947e-03 4.412118e-03 4.441771e-03 7.033482e-03 8.877461e-03 9.016965e-03 7.241017e-03 9.404487e-03 9.300326e-03 9.163334e-03 9.032993e-03 8.860412e-03
7.852832e-03 7.927512e-03 7.778287e-03 1.127319e-02 7.127729e-03 7.018553e-03 7.032835e-03 7.060049e-03 7.211155e-03 1.195468e-02 1.025939e-02 8.822838e-03 7.575622e-03 7.285127e-03 7.188131e-03 7.233527e-03 7.460872e-03 7.874384e-03 8.317002e-03 8.706405e-03 8.778513e-03 8.298439e-03 1.349790e-02 1.393421e-02 1.223494e-02 0.000000e+00 6.809351e-03 9.482590e-03 1.047272e-02 1.089023e-02 1.104065e-02 1.094593e-02 1.069091e-02 1.031456e-02 9.268019e-03 1.765302e-02 0.000000e+00 0.000000e+00 4.385338e-03 4.340428e-03 4.337978e-03 4.327886e-03 6.875247e-03 8.237698e-03 9.097061e-03 9.268469e-03 8.618689e-03 9.563978e-03 9.507857e-03 9.370715e-03 9.224386e-03 9.116844e-03
7.959305e-03 8.098901e-03 1.333454e-02 7.607225e-03 7.217994e-03 7.120283e-03 7.167411e-03 7.210963e-03 7.375829e-03 7.718983e-03 7.906696e-03 7.892338e-03 7.708239e-03 7.422409e-03 7.241225e-03 7.260575e-03 7.464726e-03 7.828149e-03 8.230805e-03 8.610538e-03 8.679317e-03 8.161524e-03 4.062291e-03 4.291469e-03 6.882957e-03 0.000000e+00 6.689367e-03 9.510022e-03 1.059188e-02 1.267125e-02 1.349790e-02 1.137518e-02 1.077392e-02 1.061729e-02 1.807674e-02 2.352168e-02 4.429827e-03 0.000000e+00 4.490272e-03 4.455891e-03 4.358478e-03 4.343470e-03 8.044706e-03 8.773224e-03 9.238116e-03 9.415904e-03 9.244790e-03 9.654034e-03 9.656934e-03 9.552947e-03 9.404210e-03 9.337257e-03
8.127931e-03 8.258395e-03 8.164755e-03 7.717583e-03 7.335627e-03 7.316688e-03 7.347459e-03 7.394312e-03 7.548160e-03 4.172361e-03 1.357162e-02 1.833694e-02 1.622760e-02 2.595912e-02 2.960195e-02 2.757012e-02 2.561557e-02 2.374970e-02 2.196043e-02 2.020861e-02 1.850854e-02 1.673399e-02 1.499695e-02 1.342774e-02 0.000000e+00 0.000000e+00 4.800046e-03 7.819200e-03 9.553139e-03 1.049196e-02 1.090333e-02 1.092367e-02 1.080356e-02 1.078179e-02 1.052972e-02 1.631167e-02 2.264839e-02 0.000000e+00 4.594547e-03 4.548946e-03 4.452004e-03 6.933520e-03 8.726197e-03 9.137605e-03 9.419510e-03 9.554025e-03 9.514837e-03 9.675619e-03 9.713742e-03 9.682935e-03 9.585661e-03 9.511286e-03
8.290781e-03 8.374215e-03 8.168515e-03 7.658137e-03 7.579712e-03 7.525006e-03 7.530968e-03 7.622119e-03 7.748293e-03 1.277861e-02 8.041248e-03 8.186818e-03 1.345194e-02 8.010765e-03 7.857975e-03 1.305858e-02 1.126066e-02 9.770530e-03 8.602648e-03 8.693033e-03 8.718134e-03 8.435431e-03 8.302151e-03 8.615028e-03 0.000000e+00 1.931489e-03 5.681172e-03 8.215572e-03 9.669171e-03 1.037263e-02 1.066058e-02 1.076066e-02 1.079283e-02 1.080979e-02 1.060030e-02 1.794766e-02 3.656215e-02 0.000000e+00 0.000000e+00 4.728671e-03 7.275004e-03 8.439583e-03 9.226875e-03 9.445469e-03 9.601226e-03 9.679256e-03 9.651728e-03 9.676312e-03 9.692494e-03 9.701945e-03 9.658268e-03 9.556609e-03
8.415257e-03 8.215487e-03 7.560874e-03 7.863386e-03 7.733574e-03 7.624604e-03 7.676280e-03 7.775296e-03 7.888254e-03 7.950328e-03 8.044229e-03 8.209904e-03 8.288056e-03 8.146173e-03 8.058777e-03 8.170867e-03 1.363656e-02 1.884483e-02 2.461485e-02 2.300094e-02 2.080730e-02 1.875097e-02 1.694083e-02 1.528203e-02 0.000000e+00 1.947716e-03 5.682479e-03 8.145177e-03 9.475152e-03 1.003790e-02 1.030074e-02 1.055317e-02 1.076488e-02 1.088047e-02 1.084002e-02 1.048712e-02 2.491302e-02 3.551815e-02 0.000000e+00 7.890571e-03 9.164553e-03 9.400764e-03 9.653864e-03 9.708533e-03 9.740139e-03 9.770015e-03 9.750364e-03 9.693886e-03 9.616832e-03 9.575069e-03 9.536734e-03 9.408385e-03
7.888563e-03 6.572058e-03 7.771694e-03 7.758958e-03 7.550624e-03 7.668982e-03 7.661076e-03 7.771935e-03 7.873724e-03 7.920769e-03 8.004355e-03 8.195721e-03 8.260717e-03 8.201602e-03 8.196165e-03 8.308161e-03 8.469856e-03 8.656737e-03 8.859502e-03 1.493626e-02 1.303740e-02 1.146042e-02 1.007724e-02 9.582096e-03 0.000000e+00 1.957462e-03 5.668081e-03 8.055901e-03 9.295303e-03 9.801802e-03 5.688405e-02 5.887318e-02 5.933783e-02 9.473215e-02 1.035172e-01 9.992095e-02 9.822906e-02 1.494691e-01 0.000000e+00 0.000000e+00 1.023436e-02 1.003288e-02 9.955319e-03 9.882324e-03 9.817815e-03 9.802938e-03 9.783511e-03 9.691630e-03 9.535170e-03 9.425594e-03 9.381366e-03 9.240025e-03
4.353753e-03 7.455293e-03 7.563580e-03 7.016153e-03 7.533531e-03 7.464174e-03 7.508280e-03 7.593170e-03 7.678219e-03 7.756007e-03 8.001967e-03 8.081012e-03 8.157427e-03 8.225230e-03 8.268656e-03 8.377647e-03 8.534825e-03 8.723079e-03 8.943932e-03 9.178020e-03 1.546909e-02 1.656944e-02 1.825972e-02 2.930395e-02 0.000000e+00 4.957161e-03 7.870691e-03 1.618535e-02 3.085951e-02 4.436160e-02 9.757161e-03 2.297863e-02 3.604458e-02 9.706884e-03 9.849436e-03 2.436003e-02 3.163736e-02 2.677366e-02 1.677997e-01 0.000000e+00 0.000000e+00 1.033859e-02 1.010432e-02 9.929924e-03 9.823168e-03 9.769299e-03 9.721865e-03 9.629033e-03 9.464288e-03 9.342450e-03 9.322749e-03 9.197747e-03
6.679301e-03 7.657123e-03 5.874400e-03 7.180280e-03 6.965514e-03 7.074456e-03 7.117266e-03 7.143250e-03 7.198748e-03 7.771326e-03 7.785076e-03 7.876835e-03 8.096223e-03 8.170806e-03 8.286985e-03 8.441482e-03 8.576109e-03 8.766464e-03 8.993336e-03 9.188691e-03 4.567639e-03 4.570549e-03 9.271386e-03 4.710351e-03 0.000000e+00 4.889084e-03 7.847352e-03 1.050740e-02 1.035751e-02 8.967195e-03 7.568168e-03 7.717756e-03 7.859090e-03 7.966490e-03 8.103874e-03 8.287858e-03 8.323384e-03 1.002225e-02 9.851494e-03 1.699859e-01 0.000000e+00 0.000000e+00 9.916206e-03 9.766055e-03 9.722986e-03 9.692775e-03 9.637564e-03 9.569851e-03 9.435713e-03 9.295966e-03 9.241380e-03 9.128440e-03
7.874931e-03 3.909256e-03 6.886364e-03 5.810304e-03 6.025149e-03 6.130136e-03 6.158554e-03 6.117058e-03 7.391902e-03 7.158008e-03 7.334031e-03 7.832254e-03 7.805289e-03 7.959660e-03 8.261687e-03 8.383050e-03 8.555646e-03 8.768257e-03 8.848931e-03 4.551590e-03 7.240305e-03 8.542472e-03 4.578656e-03 7.454018e-03 0.000000e+00 6.983753e-03 9.773603e-03 1.037814e-02 7.458033e-03 4.659050e-03 4.687153e-03 4.739195e-03 4.797601e-03 4.852673e-03 4.924962e-03 5.015578e-03 1.977941e-02 2.998514e-02 2.514293e-02 2.101415e-02 1.844843e-01 0.000000e+00 8.912446e-03 9.140903e-03 9.471782e-03 9.578828e-03 9.577734e-03 9.558518e-03 9.475201e-03 9.273323e-03 9.077823e-03 4.422423e-03
7.740826e-03 7.243173e-03 3.736512e-03 3.867955e-03 3.967577e-03 4.029260e-03 4.025056e-03 7.108474e-03 5.935070e-03 6.107265e-03 7.429750e-03 7.146788e-03 7.234030e-03 7.800159e-03 7.907778e-03 8.117569e-03 8.357013e-03 8.211094e-03 4.533002e-03 7.239251e-03 8.611253e-03 9.121236e-03 9.354607e-03 9.667193e-03 0.000000e+00 7.053070e-03 9.715956e-03 4.661198e-03 4.633915e-03 7.421958e-03 8.886114e-03 9.593998e-03 9.992838e-03 1.032308e-02 1.067244e-02 1.480851e-02 5.009450e-03 5.033999e-03 8.220151e-03 9.487498e-03 8.709728e-03 0.000000e+00 0.000000e+00 8.418786e-03 9.128537e-03 9.405725e-03 9.469009e-03 9.464369e-03 9.414914e-03 9.146818e-03 4.373742e-03 9.327100e-03
7.450004e-03 7.048798e-03 6.681962e-03 6.622142e-03 6.737631e-03 6.926657e-03 7.020581e-03 3.861268e-03 3.875733e-03 6.907103e-03 5.979663e-03 6.031602e-03 7.219357e-03 7.069370e-03 7.306213e-03 7.575920e-03 6.846763e-03 4.504780e-03 7.197294e-03 8.613488e-03 9.242448e-03 9.400030e-03 9.452948e-03 9.624397e-03 0.000000e+00 6.969269e-03 9.598581e-03 1.028287e-02 1.024869e-02 1.009368e-02 9.974871e-03 9.896707e-03 9.912778e-03 1.005949e-02 1.032313e-02 1.067896e-02 1.432497e-02 1.864852e-02 3.539957e-02 4.454916e-02 3.781779e-02 3.287884e-02 0.000000e+00 0.000000e+00 8.640160e-03 9.165711e-03 4.450582e-03 9.191994e-03 9.136325e-03 4.356930e-03 9.148549e-03 9.303383e-03
6.987619e-03 6.782992e-03 6.638882e-03 6.599392e-03 6.635412e-03 6.725562e-03 6.753977e-03 6.645495e-03 6.582275e-03 3.850015e-03 3.898563e-03 6.733538e-03 5.838513e-03 5.988287e-03 6.210052e-03 4.305443e-03 4.415599e-03 7.063604e-03 8.495661e-03 9.188865e-03 9.474679e-03 9.523294e-03 9.521649e-03 9.586900e-03 0.000000e+00 6.911497e-03 9.568384e-03 1.038106e-02 1.046816e-02 1.033045e-02 1.015221e-02 9.972020e-03 9.855324e-03 9.847454e-03 9.990420e-03 1.029434e-02 1.064842e-02 1.278408e-02 4.940685e-03 4.920758e-03 7.872398e-03 8.765571e-03 3.402857e-02 0.000000e+00 8.400677e-03 8.700499e-03 4.410546e-03 4.361017e-03 4.337638e-03 4.404536e-03 9.216702e-03 8.785962e-03
6.220250e-03 6.406087e-03 6.542578e-03 6.632409e-03 6.674232e-03 6.662579e-03 6.602925e-03 6.502215e-03 6.419167e-03 6.390790e-03 6.423715e-03 3.783546e-03 3.846163e-03 3.924388e-03 4.067308e-03 6.433173e-03 7.791252e-03 8.622235e-03 9.124949e-03 9.381082e-03 9.477156e-03 9.467111e-03 1.578059e-02 1.693080e-02 0.000000e+00 7.384145e-03 9.919784e-03 1.070238e-02 1.080542e-02 1.065440e-02 1.042194e-02 1.015441e-02 9.918888e-03 9.759576e-03 9.746687e-03 9.923936e-03 1.021527e-02 1.054853e-02 1.104904e-02 1.447471e-02 1.394959e-02 1.164980e-02 1.035937e-02 0.000000e+00 0.000000e+00 8.155754e-03 4.384911e-03 4.381794e-03 4.368046e-03 9.424927e-03 9.428943e-03 8.820589e-03
3.597862e-03 5.397328e-03 6.257265e-03 6.668259e-03 6.818508e-03 6.749302e-03 6.621078e-03 6.546142e-03 6.442976e-03 6.227196e-03 6.079972e-03 6.134202e-03 6.345750e-03 6.659450e-03 7.089333e-03 7.631942e-03 8.187535e-03 8.709023e-03 9.088452e-03 9.266628e-03 9.290815e-03 9.209147e-03 4.503946e-03 0.000000e+00 0.000000e+00 6.098930e-03 9.045065e-03 1.030955e-02 1.077012e-02 1.082323e-02 1.067123e-02 1.039146e-02 1.008079e-02 9.800531e-03 9.618320e-03 9.583054e-03 9.744293e-03 1.009358e-02 1.049650e-02 1.164670e-02 1.378183e-02 1.202352e-02 1.092769e-02 1.004467e-02 0.000000e+00 0.000000e+00 6.639374e-03 4.435298e-03 4.499404e-03 4.583975e-03 4.652559e-03 7.482219e-03
-9.999000e+03 -9.999000e+03 -9.999000e+03 -9.999000e+03 -9.999000e+03 -9.999000e+03 -9.999000e+03 3.824845e-03 3.767832e-03 3.602399e-03 3.526206e-03 3.594308e-03 5.400568e-03 6.413495e-03 7.099581e-03 7.638203e-03 8.123691e-03 8.602106e-03 8.946825e-03 9.074417e-03 9.044206e-03 8.905717e-03 8.919779e-03 0.000000e+00 2.004570e-03 5.577975e-03 7.974106e-03 9.498870e-03 1.038316e-02 1.078728e-02 1.084737e-02 1.064159e-02 1.030070e-02 9.911316e-03 9.562644e-03 9.317167e-03 9.324163e-03 9.641959e-03 1.009477e-02 1.055762e-02 1.229977e-02 1.493967e-02 1.253277e-02 1.101805e-02 9.772672e-03 0.000000e+00 0.000000e+00 4.557185e-03 4.636710e-03 4.689553e-03 4.715166e-03 4.710148e-03
-9.999000e+03 -9.999000e+03 -9.999000e+03 -9.999000e+03 -9.999000e+03 -9.999000e+03 -9.999000e+03 -9.999000e+03 -9.999000e+03 -9.999000e+03 5.193553e-03 5.208967e-03 3.779113e-03 4.010698e-03 6.239596e-03 7.337990e-03 7.943049e-03 8.433333e-03 8.757015e-03 8.835282e-03 8.774654e-03 8.655398e-03 8.726880e-03 0.000000e+00 1.998107e-03 5.538807e-03 7.892522e-03 9.410328e-03 1.034286e-02 1.145914e-02 1.110011e-02 1.090594e-02 1.055246e-02 1.007773e-02 9.610883e-03 9.247270e-03 9.122651e-03 9.295512e-03 9.675088e-03 1.018288e-02 1.066437e-02 1.373635e-02 1.381508e-02 1.151865e-02 1.034300e-02 9.122363e-03 0.000000e+00 0.000000e+00 4.700246e-03 4.767652e-03 -9.999000e+03 -9.999000e+03
