tests/data/reference/test_implicit_stream_rill_mfda/mqsur_m3_s.asc
ncols	123
nrows	77
xllcorner	-713746.79929998
yllcorner	-1061022.36961616
cellsize	10.0
NODATA_value	-9999
[rows 46 to 68 of 77, columns 52 to 103 of 123]
7.037316e-03 6.895888e-03 6.853486e-03 6.992103e-03 7.173486e-03 6.831392e-03 6.856512e-03 6.891098e-03 6.928968e-03 7.426334e-03 7.371015e-03 2.225536e-02 7.895413e-03 7.824534e-03 7.463170e-03 7.478927e-03 8.192323e-03 7.866327e-03 8.143743e-03 8.305171e-03 8.441199e-03 8.644010e-03 8.769450e-03 8.676657e-03 9.542759e-03 0.000000e+00 1.784241e-03 4.430471e-03 6.790281e-03 7.863247e-03 8.039375e-03 0.000000e+00 0.000000e+00 0.000000e+00 8.265817e-03 8.572747e-03 8.801526e-03 4.372665e-03 4.438509e-03 4.449726e-03 4.440304e-03 4.413302e-03 4.371045e-03 4.304506e-03 4.243694e-03 4.189650e-03 4.132551e-03 7.652909e-03 7.524285e-03 7.559186e-03 7.728260e-03 7.911456e-03
7.061691e-03 6.743027e-03 6.598458e-03 6.758472e-03 5.771496e-03 5.793389e-03 5.814222e-03 5.891773e-03 7.196391e-03 6.787339e-03 2.382680e-02 7.514386e-03 7.165238e-03 6.217513e-03 6.182954e-03 7.612166e-03 6.262173e-03 6.523754e-03 6.736624e-03 6.820589e-03 6.926214e-03 7.115170e-03 7.253831e-03 9.498341e-03 4.507678e-03 0.000000e+00 1.866720e-03 5.265482e-03 7.247065e-03 8.314071e-03 8.725950e-03 8.642789e-03 8.435638e-03 0.000000e+00 0.000000e+00 7.981470e-03 8.421540e-03 4.299242e-03 4.409672e-03 4.442686e-03 4.433334e-03 4.398339e-03 4.368709e-03 4.333725e-03 4.304981e-03 4.274561e-03 4.230824e-03 7.969717e-03 7.796233e-03 7.793499e-03 7.969074e-03 8.142811e-03
7.210505e-03 6.804333e-03 6.591294e-03 3.750514e-03 3.811546e-03 3.801794e-03 3.814877e-03 6.889778e-03 5.783922e-03 2.546164e-02 7.182323e-03 6.072710e-03 4.043681e-03 4.009881e-03 7.368340e-03 3.973299e-03 4.034550e-03 4.168976e-03 4.241865e-03 4.259874e-03 4.321103e-03 4.422447e-03 9.036095e-03 7.214131e-03 8.757287e-03 0.000000e+00 2.171658e-03 1.043136e-02 9.896169e-03 9.708410e-03 9.625053e-03 9.384368e-03 8.618917e-03 3.490180e-03 0.000000e+00 7.036862e-03 7.956375e-03 4.209421e-03 4.357213e-03 4.424639e-03 4.428054e-03 4.388401e-03 4.366444e-03 4.353684e-03 4.350710e-03 4.341063e-03 4.307769e-03 8.312925e-03 8.134776e-03 8.079111e-03 8.178507e-03 8.276822e-03
7.374701e-03 6.998247e-03 3.658775e-03 5.474681e-03 6.283920e-03 6.581610e-03 6.678015e-03 3.761339e-03 2.721224e-02 6.925312e-03 3.926028e-03 3.999160e-03 6.114438e-03 7.023630e-03 3.974945e-03 6.029553e-03 7.022790e-03 7.605296e-03 7.956312e-03 8.123745e-03 8.259559e-03 8.458915e-03 4.390132e-03 4.534675e-03 1.259520e-02 0.000000e+00 8.544752e-03 8.589408e-03 9.299190e-03 9.702624e-03 9.899868e-03 9.813906e-03 9.258423e-03 7.720025e-03 0.000000e+00 0.000000e+00 7.563124e-03 4.116647e-03 4.283308e-03 4.385758e-03 4.415082e-03 4.387506e-03 4.372399e-03 4.370670e-03 4.386201e-03 4.393970e-03 4.367146e-03 8.636752e-03 8.501016e-03 8.406000e-03 8.372721e-03 8.331485e-03
7.411855e-03 1.648589e-02 1.465608e-02 1.293599e-02 1.130601e-02 9.754397e-03 8.288597e-03 2.902138e-02 6.751231e-03 3.848609e-03 5.862681e-03 6.839001e-03 7.278691e-03 7.425274e-03 7.478357e-03 7.535773e-03 7.664475e-03 7.893768e-03 8.098277e-03 8.202969e-03 8.249470e-03 8.274018e-03 8.447255e-03 8.850644e-03 8.987043e-03 0.000000e+00 6.590563e-03 4.543301e-03 7.400461e-03 9.035808e-03 9.856411e-03 1.011953e-02 9.816099e-03 1.562681e-02 7.055886e-03 0.000000e+00 7.033457e-03 4.052753e-03 4.220934e-03 4.340060e-03 4.388482e-03 4.380239e-03 4.376480e-03 4.377571e-03 6.938829e-03 6.983335e-03 4.416450e-03 8.925500e-03 8.825854e-03 8.709843e-03 8.578678e-03 8.420822e-03
1.843696e-02 7.622096e-03 1.225453e-02 1.246196e-02 1.655425e-02 2.367837e-02 2.668958e-02 6.797622e-03 6.847826e-03 6.999870e-03 7.176627e-03 7.269243e-03 7.323421e-03 7.361081e-03 7.421963e-03 7.529110e-03 1.212938e-02 1.048706e-02 9.184712e-03 8.751785e-03 8.565432e-03 8.305554e-03 8.203598e-03 8.422657e-03 8.575457e-03 0.000000e+00 4.510997e-03 7.311757e-03 8.925825e-03 9.894440e-03 1.043084e-02 1.059015e-02 1.029390e-02 9.419059e-03 1.342577e-02 0.000000e+00 0.000000e+00 4.031618e-03 4.185009e-03 4.303163e-03 4.358896e-03 4.366852e-03 4.378318e-03 4.379415e-03 8.223813e-03 8.320510e-03 4.452458e-03 9.186126e-03 9.079875e-03 8.952928e-03 8.812329e-03 8.616750e-03
7.827322e-03 7.796117e-03 3.963576e-03 7.377803e-03 9.405309e-03 6.996516e-03 6.964417e-03 6.931296e-03 7.030738e-03 7.228481e-03 7.394399e-03 7.361905e-03 7.280281e-03 7.251821e-03 7.289707e-03 7.390324e-03 4.072532e-03 6.436206e-03 7.736548e-03 8.424144e-03 8.614354e-03 8.285593e-03 7.989071e-03 8.087710e-03 4.309983e-03 0.000000e+00 7.603446e-03 9.378125e-03 1.017232e-02 1.058545e-02 1.085442e-02 1.088609e-02 1.058704e-02 9.926581e-03 8.506073e-03 1.178996e-02 0.000000e+00 6.140057e-03 4.185124e-03 4.269648e-03 4.311683e-03 4.321563e-03 4.350375e-03 6.897591e-03 8.808300e-03 8.943400e-03 7.097291e-03 9.405951e-03 9.301334e-03 9.165286e-03 9.036535e-03 8.866009e-03
7.870324e-03 7.944017e-03 7.798317e-03 1.107985e-02 7.165789e-03 7.049930e-03 7.054625e-03 7.082037e-03 7.230144e-03 1.188977e-02 1.019837e-02 8.787981e-03 7.657209e-03 7.334603e-03 7.218897e-03 7.253118e-03 7.471401e-03 7.875554e-03 8.311394e-03 8.698679e-03 8.778188e-03 8.318896e-03 1.333099e-02 1.377500e-02 1.205576e-02 0.000000e+00 8.920153e-03 1.001391e-02 1.052553e-02 1.086280e-02 1.102362e-02 1.096290e-02 1.072232e-02 1.035304e-02 9.320079e-03 1.736643e-02 0.000000e+00 0.000000e+00 4.302069e-03 4.251932e-03 4.249554e-03 4.239754e-03 6.745047e-03 8.124871e-03 9.068407e-03 9.236076e-03 8.491715e-03 9.568418e-03 9.511080e-03 9.374419e-03 9.228640e-03 9.119822e-03
7.972000e-03 8.113983e-03 1.320310e-02 7.639442e-03 7.251798e-03 7.141821e-03 7.192210e-03 7.233830e-03 7.394096e-03 7.732439e-03 7.915169e-03 7.903062e-03 7.726408e-03 7.447544e-03 7.267171e-03 7.280913e-03 7.476635e-03 7.831254e-03 8.227583e-03 8.604693e-03 8.680026e-03 8.183158e-03 3.982046e-03 4.204399e-03 6.753895e-03 0.000000e+00 8.283504e-03 9.854932e-03 1.057176e-02 1.153621e-02 1.212617e-02 1.132086e-02 1.087573e-02 1.068105e-02 1.786172e-02 2.324127e-02 4.427952e-03 0.000000e+00 4.404099e-03 4.370663e-03 4.269461e-03 4.254887e-03 7.939361e-03 8.707378e-03 9.232817e-03 9.408329e-03 9.164587e-03 9.662394e-03 9.662608e-03 9.558032e-03 9.409688e-03 9.339968e-03
8.137663e-03 8.264970e-03 8.182282e-03 7.736546e-03 7.341144e-03 7.341176e-03 7.370528e-03 7.411827e-03 7.565731e-03 4.088809e-03 1.341096e-02 1.797128e-02 1.575145e-02 2.519535e-02 2.870295e-02 2.647895e-02 2.437680e-02 2.240865e-02 2.058693e-02 1.884598e-02 1.712978e-02 1.543549e-02 1.379681e-02 1.228326e-02 0.000000e+00 0.000000e+00 4.752794e-03 7.666637e-03 9.392005e-03 1.037071e-02 1.083248e-02 1.089756e-02 1.080892e-02 1.081365e-02 1.056600e-02 1.590475e-02 2.238952e-02 0.000000e+00 4.505553e-03 4.461177e-03 4.360319e-03 6.802283e-03 8.661014e-03 9.106828e-03 9.423299e-03 9.557858e-03 9.477664e-03 9.688502e-03 9.723536e-03 9.690195e-03 9.591962e-03 9.515702e-03
8.281608e-03 8.377776e-03 8.156989e-03 7.622086e-03 7.593544e-03 7.544172e-03 7.538648e-03 7.636570e-03 7.758328e-03 1.264167e-02 8.048827e-03 8.192393e-03 1.328456e-02 8.028606e-03 7.880057e-03 1.294606e-02 1.112155e-02 9.663537e-03 8.689633e-03 8.736408e-03 8.741520e-03 8.459773e-03 8.328676e-03 8.631242e-03 0.000000e+00 1.966884e-03 5.614971e-03 8.086546e-03 9.537220e-03 1.027757e-02 1.061038e-02 1.074477e-02 1.079729e-02 1.082420e-02 1.063551e-02 1.770501e-02 3.584149e-02 0.000000e+00 0.000000e+00 4.636163e-03 7.142480e-03 8.319606e-03 9.190296e-03 9.432658e-03 9.607351e-03 9.687573e-03 9.642002e-03 9.692859e-03 9.707538e-03 9.713608e-03 9.667362e-03 9.565622e-03
8.406081e-03 8.161426e-03 7.472634e-03 7.855541e-03 7.746367e-03 7.611897e-03 7.685169e-03 7.775825e-03 7.887882e-03 7.950106e-03 8.043110e-03 8.206109e-03 8.294490e-03 8.155414e-03 8.072058e-03 8.186266e-03 1.350249e-02 1.848169e-02 2.388742e-02 2.185835e-02 1.953030e-02 1.758023e-02 1.578994e-02 1.417447e-02 0.000000e+00 1.987805e-03 5.617817e-03 8.018952e-03 9.350548e-03 9.954501e-03 1.026070e-02 1.053920e-02 1.076269e-02 1.088517e-02 1.086528e-02 1.052210e-02 2.433298e-02 3.463745e-02 0.000000e+00 7.738205e-03 9.033805e-03 9.312332e-03 9.632700e-03 9.703982e-03 9.747719e-03 9.780804e-03 9.754586e-03 9.712012e-03 9.636778e-03 9.593884e-03 9.553246e-03 9.425985e-03
7.786767e-03 6.453053e-03 7.733581e-03 7.771833e-03 7.508187e-03 7.672062e-03 7.646170e-03 7.757065e-03 7.857610e-03 7.904021e-03 7.985812e-03 8.197844e-03 8.255295e-03 8.200292e-03 8.206295e-03 8.314959e-03 8.475721e-03 8.665047e-03 8.865604e-03 1.478752e-02 1.286402e-02 1.131090e-02 9.985008e-03 9.656808e-03 0.000000e+00 2.002602e-03 5.605266e-03 7.933056e-03 9.177517e-03 9.726286e-03 4.993227e-02 4.994063e-02 4.775166e-02 8.068392e-02 9.070383e-02 8.477597e-02 8.270586e-02 1.331325e-01 0.000000e+00 0.000000e+00 1.013173e-02 9.987886e-03 9.943760e-03 9.883420e-03 9.828115e-03 9.816585e-03 9.794998e-03 9.710468e-03 9.558170e-03 9.450424e-03 9.405163e-03 9.264901e-03
4.264873e-03 7.369725e-03 7.577457e-03 6.943416e-03 7.537735e-03 7.422518e-03 7.468443e-03 7.552642e-03 7.635946e-03 7.710950e-03 8.001238e-03 8.058452e-03 8.136075e-03 8.227100e-03 8.263215e-03 8.372117e-03 8.538369e-03 8.723117e-03 8.942972e-03 9.176542e-03 1.529337e-02 1.627366e-02 1.777790e-02 2.583803e-02 0.000000e+00 5.384903e-03 7.865481e-03 1.479255e-02 2.695473e-02 3.869483e-02 9.661059e-03 2.068698e-02 3.277093e-02 9.536741e-03 9.673281e-03 2.349813e-02 2.915984e-02 2.379635e-02 1.486932e-01 0.000000e+00 0.000000e+00 1.031830e-02 1.011384e-02 9.937732e-03 9.837488e-03 9.786711e-03 9.739205e-03 9.649683e-03 9.488256e-03 9.368624e-03 9.348086e-03 9.223152e-03
6.556807e-03 7.650594e-03 5.781495e-03 7.197667e-03 6.892674e-03 6.999095e-03 7.041289e-03 7.066996e-03 7.120828e-03 7.770882e-03 7.736189e-03 7.826968e-03 8.091482e-03 8.146031e-03 8.260388e-03 8.435623e-03 8.563128e-03 8.753208e-03 8.979590e-03 9.153859e-03 4.472750e-03 4.475581e-03 9.191059e-03 4.611680e-03 0.000000e+00 4.891008e-03 7.708953e-03 1.050307e-02 1.034301e-02 8.827026e-03 7.412160e-03 7.556526e-03 7.692571e-03 7.795626e-03 7.927806e-03 8.104894e-03 8.137440e-03 9.851446e-03 9.767841e-03 1.494672e-01 0.000000e+00 0.000000e+00 9.936767e-03 9.783865e-03 9.742732e-03 9.713945e-03 9.659387e-03 9.592204e-03 9.458757e-03 9.320435e-03 9.265866e-03 9.152198e-03
7.826797e-03 3.833670e-03 6.915219e-03 5.719941e-03 5.927345e-03 6.028459e-03 6.055654e-03 6.015577e-03 7.397264e-03 7.080217e-03 7.250279e-03 7.824466e-03 7.756315e-03 7.906973e-03 8.248514e-03 8.350389e-03 8.521975e-03 8.733236e-03 8.777652e-03 4.457139e-03 7.096544e-03 8.418141e-03 4.483468e-03 7.302854e-03 0.000000e+00 8.780150e-03 1.017571e-02 1.042098e-02 7.305604e-03 4.561714e-03 4.589082e-03 4.639787e-03 4.696730e-03 4.750463e-03 4.821061e-03 4.909671e-03 1.745796e-02 2.732184e-02 2.198606e-02 1.817780e-02 1.602332e-01 0.000000e+00 8.956221e-03 9.186018e-03 9.498876e-03 9.603090e-03 9.601258e-03 9.580542e-03 9.495562e-03 9.295613e-03 9.103578e-03 4.331575e-03
7.725781e-03 7.258945e-03 3.666231e-03 3.793634e-03 3.890209e-03 3.950016e-03 3.945939e-03 7.117435e-03 5.840283e-03 6.006707e-03 7.426400e-03 7.069097e-03 7.153959e-03 7.789047e-03 7.854014e-03 8.059265e-03 8.293823e-03 8.099037e-03 4.439061e-03 7.095750e-03 8.484409e-03 9.044765e-03 9.322385e-03 9.656352e-03 0.000000e+00 9.172345e-03 1.023514e-02 4.563805e-03 4.537244e-03 7.271095e-03 8.748873e-03 9.503179e-03 9.945008e-03 1.030127e-02 1.066186e-02 1.275525e-02 4.903674e-03 4.927701e-03 8.036933e-03 9.336807e-03 8.664955e-03 0.000000e+00 0.000000e+00 8.472650e-03 9.162780e-03 9.432968e-03 9.493633e-03 9.487085e-03 9.435082e-03 9.169981e-03 4.284286e-03 9.292933e-03
7.459986e-03 7.072302e-03 6.711450e-03 6.645985e-03 6.752540e-03 6.935131e-03 7.028363e-03 3.787152e-03 3.801174e-03 6.915249e-03 5.883427e-03 5.933482e-03 7.216249e-03 6.993757e-03 7.223461e-03 7.484577e-03 6.718787e-03 4.411619e-03 7.055527e-03 8.486729e-03 9.161541e-03 9.365420e-03 9.448396e-03 9.630844e-03 0.000000e+00 9.040836e-03 1.010197e-02 1.032408e-02 1.023498e-02 1.010134e-02 9.996940e-03 9.922380e-03 9.936438e-03 1.007763e-02 1.033388e-02 1.068206e-02 1.243168e-02 1.564608e-02 3.229871e-02 4.086328e-02 3.295891e-02 2.842411e-02 0.000000e+00 0.000000e+00 8.689339e-03 9.196245e-03 4.358938e-03 9.219953e-03 9.162671e-03 4.267958e-03 9.120258e-03 9.219007e-03
6.990372e-03 6.800894e-03 6.659621e-03 6.617543e-03 6.649877e-03 6.736916e-03 6.765188e-03 6.660303e-03 6.598626e-03 3.776245e-03 3.823305e-03 6.739650e-03 5.747124e-03 5.891777e-03 6.105887e-03 4.217964e-03 4.324945e-03 6.927292e-03 8.373307e-03 9.108399e-03 9.435582e-03 9.514461e-03 9.530094e-03 9.601328e-03 0.000000e+00 8.947342e-03 1.006362e-02 1.041914e-02 1.044726e-02 1.033181e-02 1.017276e-02 1.000086e-02 9.885403e-03 9.874139e-03 1.001027e-02 1.030496e-02 1.065061e-02 1.171042e-02 4.836426e-03 4.816953e-03 7.702324e-03 8.643441e-03 2.907902e-02 0.000000e+00 8.790204e-03 8.746241e-03 4.320036e-03 4.271926e-03 4.249223e-03 4.314198e-03 9.136114e-03 8.652049e-03
6.173171e-03 6.392925e-03 6.543704e-03 6.638935e-03 6.683750e-03 6.674676e-03 6.617389e-03 6.518673e-03 6.436103e-03 6.406411e-03 6.437036e-03 3.711818e-03 3.772511e-03 3.848339e-03 3.986912e-03 6.320836e-03 7.693357e-03 8.553816e-03 9.083901e-03 9.362039e-03 9.474857e-03 9.476795e-03 1.559861e-02 1.652271e-02 0.000000e+00 1.041862e-02 1.078603e-02 1.087154e-02 1.082843e-02 1.066987e-02 1.044856e-02 1.018868e-02 9.955663e-03 9.794561e-03 9.775999e-03 9.944075e-03 1.022546e-02 1.055102e-02 1.095325e-02 1.257383e-02 1.270407e-02 1.136639e-02 1.027274e-02 0.000000e+00 0.000000e+00 8.202359e-03 4.295134e-03 4.292107e-03 4.278754e-03 9.391423e-03 9.341028e-03 8.685630e-03
3.531847e-03 5.320550e-03 6.204640e-03 6.642565e-03 6.812381e-03 6.757124e-03 6.636667e-03 6.563334e-03 6.460412e-03 6.246958e-03 6.099670e-03 6.148959e-03 6.353869e-03 6.661779e-03 7.086083e-03 7.622619e-03 8.173675e-03 8.693378e-03 9.075548e-03 9.261810e-03 9.296579e-03 9.224508e-03 4.410808e-03 0.000000e+00 0.000000e+00 6.851382e-03 9.099714e-03 1.018959e-02 1.067410e-02 1.078253e-02 1.067099e-02 1.041498e-02 1.011623e-02 9.839703e-03 9.655391e-03 9.613828e-03 9.765484e-03 1.010314e-02 1.049606e-02 1.119404e-02 1.227155e-02 1.187150e-02 1.109467e-02 1.014682e-02 0.000000e+00 0.000000e+00 6.528082e-03 4.344086e-03 4.406392e-03 4.488643e-03 4.555394e-03 7.329409e-03
-9.999000e+03 -9.999000e+03 -9.999000e+03 -9.999000e+03 -9.999000e+03 -9.999000e+03 -9.999000e+03 3.751848e-03 3.696587e-03 3.536244e-03 3.462391e-03 3.528402e-03 5.323685e-03 6.356217e-03 7.062630e-03 7.614420e-03 8.106840e-03 8.588049e-03 8.936525e-03 9.072583e-03 9.053239e-03 8.924334e-03 8.940379e-03 0.000000e+00 2.156864e-03 5.545839e-03 7.863544e-03 9.377693e-03 1.028732e-02 1.072889e-02 1.082526e-02 1.064937e-02 1.032941e-02 9.951534e-03 9.606167e-03 9.357871e-03 9.355933e-03 9.659176e-03 1.009717e-02 1.055012e-02 1.147080e-02 1.279325e-02 1.184053e-02 1.092004e-02 9.658731e-03 0.000000e+00 0.000000e+00 4.469194e-03 4.539965e-03 4.591419e-03 4.616371e-03 4.611482e-03
-9.999000e+03 -9.999000e+03 -9.999000e+03 -9.999000e+03 -9.999000e+03 -9.999000e+03 -9.999000e+03 -9.999000e+03 -9.999000e+03 -9.999000e+03 5.123305e-03 5.138188e-03 3.707521e-03 3.932018e-03 6.134054e-03 7.255043e-03 7.893649e-03 8.405957e-03 8.743001e-03 8.834114e-03 8.785557e-03 8.674577e-03 8.745737e-03 0.000000e+00 2.146020e-03 5.505952e-03 7.783997e-03 9.292093e-03 1.024787e-02 1.096865e-02 1.106262e-02 1.091614e-02 1.058100e-02 1.012000e-02 9.659693e-03 9.294792e-03 9.161691e-03 9.320597e-03 9.684878e-03 1.017937e-02 1.065274e-02 1.204256e-02 1.247214e-02 1.140258e-02 1.041835e-02 9.046671e-03 0.000000e+00 0.000000e+00 4.601836e-03 4.667526e-03 -9.999000e+03 -9.999000e+03
