tests/data/reference/test_implicit_stream_rill_mfda/mqsur_m3_s.asc
ncols	123
nrows	77
xllcorner	-713746.79929998
yllcorner	-1061022.36961616
cellsize	10.0
NODATA_value	-9999
[rows 46 to 68 of 77, columns 52 to 103 of 123]
7.003453e-03 6.865057e-03 6.828959e-03 6.978941e-03 7.169046e-03 6.906444e-03 6.931748e-03 6.967692e-03 7.006918e-03 7.425056e-03 7.412303e-03 2.323214e-02 7.899027e-03 7.875615e-03 7.558583e-03 7.575120e-03 8.201395e-03 7.977266e-03 8.266097e-03 8.433838e-03 8.574855e-03 8.786166e-03 8.918057e-03 8.822445e-03 9.546697e-03 0.000000e+00 1.811439e-03 4.524320e-03 6.918655e-03 7.959068e-03 8.078628e-03 0.000000e+00 0.000000e+00 0.000000e+00 8.226137e-03 8.546763e-03 8.779694e-03 4.472108e-03 4.540000e-03 4.551561e-03 4.541850e-03 4.514013e-03 4.470437e-03 4.401788e-03 4.339017e-03 4.283210e-03 4.224228e-03 7.652346e-03 7.515349e-03 7.553315e-03 7.729176e-03 7.916414e-03
7.027450e-03 6.706624e-03 6.566638e-03 6.737873e-03 5.870849e-03 5.893739e-03 5.915317e-03 5.995806e-03 7.194515e-03 6.860765e-03 2.478621e-02 7.514013e-03 7.250768e-03 6.334969e-03 6.298887e-03 7.621959e-03 6.380873e-03 6.652685e-03 6.874706e-03 6.962573e-03 7.072332e-03 7.268997e-03 7.414144e-03 9.510447e-03 4.611273e-03 0.000000e+00 1.857867e-03 5.332511e-03 7.348165e-03 8.398091e-03 8.771050e-03 8.648893e-03 8.100533e-03 0.000000e+00 0.000000e+00 7.942396e-03 8.389530e-03 4.396355e-03 4.510271e-03 4.544305e-03 4.534665e-03 4.498585e-03 4.468027e-03 4.431939e-03 4.402278e-03 4.370881e-03 4.325729e-03 7.969168e-03 7.791177e-03 7.789036e-03 7.969033e-03 8.144816e-03
7.183942e-03 6.772682e-03 6.561157e-03 3.829246e-03 3.892372e-03 3.882285e-03 3.895817e-03 6.885391e-03 5.883767e-03 2.640988e-02 7.176705e-03 6.184010e-03 4.132392e-03 4.097455e-03 7.403978e-03 4.059637e-03 4.122955e-03 4.261856e-03 4.337128e-03 4.355721e-03 4.418915e-03 4.523442e-03 9.039420e-03 7.372526e-03 8.905981e-03 0.000000e+00 1.939863e-03 9.925397e-03 9.806325e-03 9.673869e-03 9.596090e-03 9.354222e-03 8.574646e-03 3.553956e-03 0.000000e+00 6.977004e-03 7.916212e-03 4.303628e-03 4.456169e-03 4.525702e-03 4.529222e-03 4.488337e-03 4.465692e-03 4.452529e-03 4.449462e-03 4.439509e-03 4.405155e-03 8.314995e-03 8.134620e-03 8.077160e-03 8.176240e-03 8.273139e-03
7.369514e-03 6.986331e-03 3.734354e-03 5.562917e-03 6.341303e-03 6.604472e-03 6.679209e-03 3.840442e-03 2.808721e-02 6.912718e-03 4.010763e-03 4.086372e-03 6.227708e-03 7.103423e-03 4.061339e-03 6.139470e-03 7.102545e-03 7.649466e-03 7.976221e-03 8.127757e-03 8.254807e-03 8.452306e-03 4.490122e-03 4.639076e-03 1.268712e-02 0.000000e+00 6.565554e-03 8.570821e-03 9.394044e-03 9.758076e-03 9.917423e-03 9.806777e-03 9.227055e-03 7.663170e-03 0.000000e+00 0.000000e+00 7.522198e-03 4.207796e-03 4.379910e-03 4.485611e-03 4.515849e-03 4.487413e-03 4.471834e-03 4.470050e-03 4.486068e-03 4.494080e-03 4.466416e-03 8.640062e-03 8.504561e-03 8.406842e-03 8.368593e-03 8.321914e-03
7.445140e-03 1.766623e-02 1.578647e-02 1.399995e-02 1.230328e-02 1.068334e-02 9.127207e-03 2.982302e-02 6.731385e-03 3.930704e-03 5.965749e-03 6.913345e-03 7.315620e-03 7.434486e-03 7.472527e-03 7.524373e-03 7.653442e-03 7.886523e-03 8.093326e-03 8.195929e-03 8.238353e-03 8.259731e-03 8.435086e-03 8.847330e-03 8.986536e-03 0.000000e+00 5.886076e-03 4.647958e-03 7.554894e-03 9.177627e-03 9.952345e-03 1.016439e-02 9.814325e-03 1.595300e-02 7.002253e-03 0.000000e+00 6.985735e-03 4.141769e-03 4.315517e-03 4.438474e-03 4.488420e-03 4.479920e-03 4.476043e-03 4.477168e-03 7.086949e-03 7.133234e-03 4.517259e-03 8.928069e-03 8.830270e-03 8.711894e-03 8.573861e-03 8.408627e-03
1.963051e-02 7.598359e-03 1.239333e-02 1.265577e-02 1.693142e-02 2.442701e-02 2.755044e-02 6.774990e-03 6.827578e-03 6.986025e-03 7.168254e-03 7.260923e-03 7.312749e-03 7.348481e-03 7.409046e-03 7.517512e-03 1.225213e-02 1.057804e-02 9.205961e-03 8.668625e-03 8.516796e-03 8.269632e-03 8.173797e-03 8.404360e-03 8.568397e-03 0.000000e+00 4.614691e-03 7.475547e-03 9.080823e-03 9.990937e-03 1.048298e-02 1.060962e-02 1.028229e-02 9.373846e-03 1.387937e-02 0.000000e+00 0.000000e+00 4.112923e-03 4.278416e-03 4.400402e-03 4.457906e-03 4.466112e-03 4.477938e-03 4.479070e-03 8.348951e-03 8.449698e-03 4.554376e-03 9.186957e-03 9.082059e-03 8.953516e-03 8.808126e-03 8.606771e-03
7.807130e-03 7.776027e-03 4.049585e-03 7.347502e-03 9.621633e-03 6.963076e-03 6.939042e-03 6.909623e-03 7.010523e-03 7.215891e-03 7.386652e-03 7.350463e-03 7.263456e-03 7.233762e-03 7.273726e-03 7.377523e-03 4.162210e-03 6.562157e-03 7.842903e-03 8.491000e-03 8.641572e-03 8.275967e-03 7.960099e-03 8.062917e-03 4.407440e-03 0.000000e+00 6.296924e-03 9.172070e-03 1.024458e-02 1.065873e-02 1.087335e-02 1.087896e-02 1.056270e-02 9.882029e-03 8.442018e-03 1.211522e-02 0.000000e+00 6.242458e-03 4.278535e-03 4.365810e-03 4.409194e-03 4.419390e-03 4.449116e-03 7.044063e-03 8.882022e-03 9.021856e-03 7.252254e-03 9.404453e-03 9.300314e-03 9.163262e-03 9.032840e-03 8.860143e-03
7.851590e-03 7.926334e-03 7.776886e-03 1.131695e-02 7.124970e-03 7.016332e-03 7.031282e-03 7.058560e-03 7.209892e-03 1.197674e-02 1.028179e-02 8.841321e-03 7.570258e-03 7.282039e-03 7.186243e-03 7.232343e-03 7.460303e-03 7.874493e-03 8.317593e-03 8.707106e-03 8.778586e-03 8.296865e-03 1.353554e-02 1.397377e-02 1.228132e-02 0.000000e+00 6.635305e-03 9.474880e-03 1.048484e-02 1.089665e-02 1.104235e-02 1.094411e-02 1.068833e-02 1.031172e-02 9.264189e-03 1.773612e-02 0.000000e+00 0.000000e+00 4.391963e-03 4.347522e-03 4.345066e-03 4.334949e-03 6.885351e-03 8.245923e-03 9.098615e-03 9.270280e-03 8.628038e-03 9.563721e-03 9.507687e-03 9.370517e-03 9.224174e-03 9.116768e-03
7.958316e-03 8.097827e-03 1.336774e-02 7.604828e-03 7.215418e-03 7.118544e-03 7.165660e-03 7.209381e-03 7.374546e-03 7.718110e-03 7.906227e-03 7.891656e-03 7.706948e-03 7.420599e-03 7.239403e-03 7.259225e-03 7.464030e-03 7.828110e-03 8.231215e-03 8.611103e-03 8.679324e-03 8.159870e-03 4.068681e-03 4.298441e-03 6.892984e-03 0.000000e+00 6.557105e-03 9.509018e-03 1.060568e-02 1.320643e-02 1.403348e-02 1.152042e-02 1.075697e-02 1.061257e-02 1.813517e-02 2.360675e-02 4.432913e-03 0.000000e+00 4.497144e-03 4.462683e-03 4.365617e-03 4.350572e-03 8.052342e-03 8.777540e-03 9.238165e-03 9.416093e-03 9.250163e-03 9.653483e-03 9.656593e-03 9.552659e-03 9.403899e-03 9.337178e-03
8.127253e-03 8.257797e-03 8.163413e-03 7.715897e-03 7.334805e-03 7.314841e-03 7.345823e-03 7.392978e-03 7.546931e-03 4.179032e-03 1.361002e-02 1.841518e-02 1.632707e-02 2.611323e-02 2.979107e-02 2.778544e-02 2.581481e-02 2.392782e-02 2.211927e-02 2.038139e-02 1.866148e-02 1.690060e-02 1.520080e-02 1.363516e-02 0.000000e+00 0.000000e+00 4.806412e-03 7.832178e-03 9.565453e-03 1.050042e-02 1.090774e-02 1.092485e-02 1.080266e-02 1.077892e-02 1.052700e-02 1.642036e-02 2.272000e-02 0.000000e+00 4.601663e-03 4.555956e-03 4.459374e-03 6.943724e-03 8.730512e-03 9.139355e-03 9.419116e-03 9.553598e-03 9.516962e-03 9.674731e-03 9.713090e-03 9.682488e-03 9.585293e-03 9.511056e-03
8.291307e-03 8.373943e-03 8.168876e-03 7.660287e-03 7.578516e-03 7.523658e-03 7.530224e-03 7.621094e-03 7.747516e-03 1.280834e-02 8.040652e-03 8.186376e-03 1.348501e-02 8.009465e-03 7.856307e-03 1.308883e-02 1.129653e-02 9.802861e-03 8.597114e-03 8.690653e-03 8.716934e-03 8.433867e-03 8.300306e-03 8.614019e-03 0.000000e+00 1.931581e-03 5.687419e-03 8.226048e-03 9.679202e-03 1.037927e-02 1.066363e-02 1.076127e-02 1.079218e-02 1.080862e-02 1.059743e-02 1.800001e-02 3.680271e-02 0.000000e+00 0.000000e+00 4.736092e-03 7.285232e-03 8.448428e-03 9.229132e-03 9.446126e-03 9.600807e-03 9.678645e-03 9.652026e-03 9.675163e-03 9.691443e-03 9.701159e-03 9.657690e-03 9.556014e-03
8.416054e-03 8.219000e-03 7.567177e-03 7.863597e-03 7.732743e-03 7.625252e-03 7.675681e-03 7.775108e-03 7.888145e-03 7.950199e-03 8.044157e-03 8.210022e-03 8.287634e-03 8.145404e-03 8.057703e-03 8.169764e-03 1.366661e-02 1.891990e-02 2.475729e-02 2.322074e-02 2.119986e-02 1.904290e-02 1.718346e-02 1.548961e-02 0.000000e+00 1.947672e-03 5.688694e-03 8.155444e-03 9.484585e-03 1.004362e-02 1.030305e-02 1.055373e-02 1.076484e-02 1.088009e-02 1.083787e-02 1.048448e-02 2.503541e-02 3.576947e-02 0.000000e+00 7.902505e-03 9.174215e-03 9.406889e-03 9.655176e-03 9.708776e-03 9.739666e-03 9.769289e-03 9.749866e-03 9.692646e-03 9.615425e-03 9.573732e-03 9.535571e-03 9.407123e-03
7.895997e-03 6.581234e-03 7.773988e-03 7.758033e-03 7.553447e-03 7.668905e-03 7.661898e-03 7.772745e-03 7.874625e-03 7.921713e-03 8.005422e-03 8.195632e-03 8.260934e-03 8.201494e-03 8.195429e-03 8.307568e-03 8.469325e-03 8.656142e-03 8.859035e-03 1.497095e-02 1.308047e-02 1.150228e-02 1.011081e-02 9.577601e-03 0.000000e+00 1.957256e-03 5.674239e-03 8.065911e-03 9.304186e-03 9.806930e-03 5.815282e-02 6.064588e-02 6.191370e-02 9.816000e-02 1.067541e-01 1.035123e-01 1.019029e-01 1.531811e-01 0.000000e+00 0.000000e+00 1.024157e-02 1.003547e-02 9.956070e-03 9.882245e-03 9.817144e-03 9.802017e-03 9.782633e-03 9.690361e-03 9.533559e-03 9.423813e-03 9.379647e-03 9.238221e-03
4.360881e-03 7.461378e-03 7.562339e-03 7.021364e-03 7.533454e-03 7.466946e-03 7.510865e-03 7.595789e-03 7.680968e-03 7.758977e-03 8.002134e-03 8.082384e-03 8.158668e-03 8.225117e-03 8.268869e-03 8.377840e-03 8.534547e-03 8.722956e-03 8.943880e-03 9.177997e-03 1.550794e-02 1.662448e-02 1.836555e-02 2.993908e-02 0.000000e+00 4.941175e-03 7.880740e-03 1.674492e-02 3.130877e-02 4.522590e-02 9.763717e-03 2.324976e-02 3.652030e-02 9.719733e-03 9.862769e-03 2.439932e-02 3.189724e-02 2.723166e-02 1.721038e-01 0.000000e+00 0.000000e+00 1.033965e-02 1.010332e-02 9.929371e-03 9.822189e-03 9.768098e-03 9.720622e-03 9.627630e-03 9.462636e-03 9.340617e-03 9.320966e-03 9.195967e-03
6.688772e-03 7.657208e-03 5.881472e-03 7.179137e-03 6.970765e-03 7.079867e-03 7.122700e-03 7.148693e-03 7.204328e-03 7.771499e-03 7.788381e-03 7.880170e-03 8.096646e-03 8.172352e-03 8.288651e-03 8.441948e-03 8.576869e-03 8.767214e-03 8.994088e-03 9.190755e-03 4.575289e-03 4.578205e-03 9.276770e-03 4.718334e-03 0.000000e+00 4.893086e-03 7.860191e-03 1.052060e-02 1.036203e-02 8.977587e-03 7.580443e-03 7.730478e-03 7.872264e-03 7.980035e-03 8.117867e-03 8.302448e-03 8.338225e-03 1.003491e-02 9.856773e-03 1.745571e-01 0.000000e+00 0.000000e+00 9.914602e-03 9.764751e-03 9.721598e-03 9.691298e-03 9.636018e-03 9.568317e-03 9.434155e-03 9.294309e-03 9.239715e-03 9.126839e-03
7.878105e-03 3.915254e-03 6.884162e-03 5.817189e-03 6.032627e-03 6.137921e-03 6.166432e-03 6.124819e-03 7.391615e-03 7.163622e-03 7.340103e-03 7.832982e-03 7.808592e-03 7.963239e-03 8.262778e-03 8.385217e-03 8.557839e-03 8.770492e-03 8.853729e-03 4.559201e-03 7.251544e-03 8.551604e-03 4.586332e-03 7.465887e-03 0.000000e+00 6.825791e-03 9.769494e-03 1.039000e-02 7.470000e-03 4.666915e-03 4.695083e-03 4.747243e-03 4.805779e-03 4.860972e-03 4.933414e-03 5.024213e-03 2.023023e-02 3.035053e-02 2.569426e-02 2.152710e-02 1.898984e-01 0.000000e+00 8.909174e-03 9.137336e-03 9.469841e-03 9.577134e-03 9.576097e-03 9.557025e-03 9.473862e-03 9.271844e-03 9.076061e-03 4.429720e-03
7.741639e-03 7.241784e-03 3.742066e-03 3.873846e-03 3.973724e-03 4.035566e-03 4.031350e-03 7.107898e-03 5.942302e-03 6.114970e-03 7.430187e-03 7.152391e-03 7.239811e-03 7.801141e-03 7.911490e-03 8.121594e-03 8.361360e-03 8.219307e-03 4.540569e-03 7.250471e-03 8.620595e-03 9.126317e-03 9.356351e-03 9.667609e-03 0.000000e+00 6.867089e-03 9.707309e-03 4.669067e-03 4.641721e-03 7.433794e-03 8.896274e-03 9.600149e-03 9.995701e-03 1.032423e-02 1.067301e-02 1.533017e-02 5.018072e-03 5.042670e-03 8.234748e-03 9.498493e-03 8.712049e-03 0.000000e+00 0.000000e+00 8.414815e-03 9.126071e-03 9.403822e-03 9.467318e-03 9.462834e-03 9.413583e-03 9.145255e-03 4.380919e-03 9.329019e-03
7.449273e-03 7.047050e-03 6.679827e-03 6.620515e-03 6.736710e-03 6.926195e-03 7.020123e-03 3.867142e-03 3.881645e-03 6.906641e-03 5.987015e-03 6.039103e-03 7.219750e-03 7.074832e-03 7.312222e-03 7.582586e-03 6.856697e-03 4.512279e-03 7.208370e-03 8.622832e-03 9.247892e-03 9.401958e-03 9.452842e-03 9.623748e-03 0.000000e+00 6.790272e-03 9.590844e-03 1.029449e-02 1.025306e-02 1.009312e-02 9.972962e-03 9.894764e-03 9.911140e-03 1.005834e-02 1.032256e-02 1.067897e-02 1.479984e-02 1.920788e-02 3.590834e-02 4.481083e-02 3.852546e-02 3.342794e-02 0.000000e+00 0.000000e+00 8.636426e-03 9.163568e-03 4.457949e-03 9.190036e-03 9.134481e-03 4.364066e-03 9.149977e-03 9.309124e-03
6.987105e-03 6.781558e-03 6.637391e-03 6.598163e-03 6.634474e-03 6.724848e-03 6.753253e-03 6.644476e-03 6.581146e-03 3.855860e-03 3.904533e-03 6.733225e-03 5.845476e-03 5.995663e-03 6.218048e-03 4.312450e-03 4.422879e-03 7.074228e-03 8.504674e-03 9.194318e-03 9.476989e-03 9.523523e-03 9.520809e-03 9.585800e-03 0.000000e+00 6.737768e-03 9.561257e-03 1.039307e-02 1.047325e-02 1.033041e-02 1.015037e-02 9.969777e-03 9.853167e-03 9.845646e-03 9.989171e-03 1.029381e-02 1.064852e-02 1.321198e-02 4.949169e-03 4.929201e-03 7.885858e-03 8.774277e-03 3.483047e-02 0.000000e+00 8.382755e-03 8.697029e-03 4.417814e-03 4.368162e-03 4.344725e-03 4.411789e-03 9.222087e-03 8.795892e-03
6.223426e-03 6.406738e-03 6.542365e-03 6.631927e-03 6.673578e-03 6.661750e-03 6.601930e-03 6.501079e-03 6.418006e-03 6.389740e-03 6.422843e-03 3.789221e-03 3.851998e-03 3.930424e-03 4.073711e-03 6.441828e-03 7.798400e-03 8.626932e-03 9.127605e-03 9.382205e-03 9.477146e-03 9.466310e-03 1.581947e-02 1.704944e-02 0.000000e+00 7.112731e-03 9.897319e-03 1.071279e-02 1.081050e-02 1.065436e-02 1.041994e-02 1.015184e-02 9.916245e-03 9.757151e-03 9.744735e-03 9.922702e-03 1.021480e-02 1.054860e-02 1.109123e-02 1.492836e-02 1.450030e-02 1.188843e-02 1.050722e-02 0.000000e+00 0.000000e+00 8.152418e-03 4.392116e-03 4.388992e-03 4.375209e-03 9.426701e-03 9.434915e-03 8.830610e-03
3.603063e-03 5.403126e-03 6.260975e-03 6.669910e-03 6.818794e-03 6.748649e-03 6.619928e-03 6.544939e-03 6.441783e-03 6.225825e-03 6.078612e-03 6.133237e-03 6.345291e-03 6.659413e-03 7.089701e-03 7.632762e-03 8.188683e-03 8.710279e-03 9.089467e-03 9.266992e-03 9.290364e-03 9.208000e-03 4.511442e-03 0.000000e+00 0.000000e+00 6.046985e-03 9.055111e-03 1.032431e-02 1.077774e-02 1.082528e-02 1.067043e-02 1.038930e-02 1.007805e-02 9.797694e-03 9.615742e-03 9.581001e-03 9.742987e-03 1.009316e-02 1.049682e-02 1.188126e-02 1.417885e-02 1.221979e-02 1.095554e-02 1.003615e-02 0.000000e+00 0.000000e+00 6.647842e-03 4.442627e-03 4.506889e-03 4.591663e-03 4.660408e-03 7.494223e-03
-9.999000e+03 -9.999000e+03 -9.999000e+03 -9.999000e+03 -9.999000e+03 -9.999000e+03 -9.999000e+03 3.830626e-03 3.773466e-03 3.607611e-03 3.531225e-03 3.599500e-03 5.406374e-03 6.417573e-03 7.102095e-03 7.639812e-03 8.124874e-03 8.603149e-03 8.947616e-03 9.074555e-03 9.043515e-03 8.904335e-03 8.918317e-03 0.000000e+00 2.000153e-03 5.583554e-03 7.983746e-03 9.508259e-03 1.039001e-02 1.079106e-02 1.084847e-02 1.064061e-02 1.029835e-02 9.908290e-03 9.559512e-03 9.314337e-03 9.322059e-03 9.640993e-03 1.009493e-02 1.055848e-02 1.272036e-02 1.536369e-02 1.293622e-02 1.122078e-02 9.908549e-03 0.000000e+00 0.000000e+00 4.564214e-03 4.644523e-03 4.697488e-03 4.723160e-03 4.718130e-03
-9.999000e+03 -9.999000e+03 -9.999000e+03 -9.999000e+03 -9.999000e+03 -9.999000e+03 -9.999000e+03 -9.999000e+03 -9.999000e+03 -9.999000e+03 5.198823e-03 5.214289e-03 3.784776e-03 4.016956e-03 6.247695e-03 7.343963e-03 7.946322e-03 8.435050e-03 8.757892e-03 8.835285e-03 8.773795e-03 8.653979e-03 8.725569e-03 0.000000e+00 1.993852e-03 5.544334e-03 7.901945e-03 9.419468e-03 1.034965e-02 1.166712e-02 1.108382e-02 1.090173e-02 1.054993e-02 1.007453e-02 9.607327e-03 9.243918e-03 9.120009e-03 9.293964e-03 9.674700e-03 1.018346e-02 1.066549e-02 1.420147e-02 1.443315e-02 1.174060e-02 1.045278e-02 9.214336e-03 0.000000e+00 0.000000e+00 4.708205e-03 4.775764e-03 -9.999000e+03 -9.999000e+03
