tests/data/reference/test_implicit_stream_rill_mfda/mqsur_m3_s.asc
ncols	123
nrows	77
xllcorner	-713746.79929998
yllcorner	-1061022.36961616
cellsize	10.0
NODATA_value	-9999
[rows 23 to 45 of 77, columns 0 to 51 of 123]
-9.999000e+03 -9.999000e+03 -9.999000e+03 -9.999000e+03 -9.999000e+03 -9.999000e+03 -9.999000e+03 -9.999000e+03 -9.999000e+03 -9.999000e+03 -9.999000e+03 -9.999000e+03 -9.999000e+03 -9.999000e+03 2.166640e-03 3.293268e-03 3.271131e-03 3.063170e-03 2.403761e-03 1.092697e-03 1.044082e-03 1.026281e-02 1.502487e-03 1.320530e-02 1.676761e-02 5.854114e-03 8.953939e-03 6.558000e-03 7.136304e-03 7.492898e-03 4.142031e-03 6.401789e-03 7.454596e-03 8.022754e-03 2.316379e-02 8.029518e-03 8.602715e-03 4.316005e-03 1.449899e-02 8.561591e-03 8.629290e-03 8.744132e-03 8.902330e-03 8.983566e-03 8.968234e-03 8.912423e-03 8.869771e-03 8.900708e-03 8.999298e-03 8.868938e-03 8.396839e-03 4.534024e-03
-9.999000e+03 -9.999000e+03 -9.999000e+03 -9.999000e+03 -9.999000e+03 -9.999000e+03 -9.999000e+03 -9.999000e+03 -9.999000e+03 -9.999000e+03 -9.999000e+03 -9.999000e+03 -9.999000e+03 -9.999000e+03 1.571011e-03 5.274668e-03 5.473371e-03 3.734437e-03 2.334012e-03 3.034022e-03 8.968758e-03 1.851087e-02 3.747014e-03 4.082010e-03 1.060229e-02 1.883159e-02 7.671248e-03 6.833728e-03 7.101547e-03 4.089930e-03 7.619607e-03 6.379950e-03 7.417205e-03 7.797486e-03 2.696175e-02 7.970776e-03 8.113285e-03 4.343244e-03 1.510839e-02 8.572043e-03 8.596833e-03 8.676961e-03 8.803006e-03 8.885347e-03 8.903493e-03 8.892582e-03 8.890529e-03 8.952797e-03 9.069003e-03 9.103561e-03 4.543633e-03 9.068029e-03
-9.999000e+03 -9.999000e+03 -9.999000e+03 -9.999000e+03 -9.999000e+03 -9.999000e+03 -9.999000e+03 -9.999000e+03 -9.999000e+03 -9.999000e+03 -9.999000e+03 -9.999000e+03 -9.999000e+03 -9.999000e+03 4.126331e-03 2.552853e-03 2.618742e-03 2.610756e-03 2.558475e-03 1.289810e-03 1.148838e-02 1.011523e-02 1.675052e-02 5.416787e-03 5.699828e-03 9.043085e-03 2.245842e-02 7.158141e-03 7.270487e-03 4.141939e-03 6.197935e-03 7.556353e-03 7.170754e-03 7.642179e-03 7.726673e-03 3.065363e-02 4.250211e-03 8.281414e-03 6.743760e-03 2.040303e-02 8.566977e-03 8.644939e-03 8.741884e-03 8.814141e-03 8.857424e-03 8.891586e-03 8.939577e-03 9.040958e-03 9.182236e-03 9.300039e-03 7.292021e-03 4.642611e-03
-9.999000e+03 -9.999000e+03 -9.999000e+03 -9.999000e+03 -9.999000e+03 -9.999000e+03 -9.999000e+03 -9.999000e+03 -9.999000e+03 -9.999000e+03 -9.999000e+03 -9.999000e+03 2.945740e-03 2.401625e-03 6.314035e-03 3.387397e-03 2.654584e-03 1.412628e-03 1.047728e-03 1.011305e-02 4.985185e-03 1.318813e-02 8.154910e-03 1.294691e-02 6.058332e-03 6.349003e-03 2.910379e-02 7.071952e-03 7.186387e-03 6.101681e-03 4.088789e-03 7.013701e-03 7.402146e-03 7.158136e-03 7.264892e-03 7.704849e-03 2.927236e-02 6.629631e-03 8.371961e-03 7.835077e-03 2.598844e-02 8.611212e-03 8.678759e-03 8.747745e-03 8.830932e-03 8.932547e-03 9.052558e-03 9.195081e-03 9.349300e-03 9.509649e-03 8.789757e-03 4.682752e-03
-9.999000e+03 -9.999000e+03 -9.999000e+03 -9.999000e+03 -9.999000e+03 -9.999000e+03 -9.999000e+03 -9.999000e+03 -9.999000e+03 -9.999000e+03 -9.999000e+03 -9.999000e+03 -9.999000e+03 2.876331e-03 3.071044e-03 3.027012e-03 1.769911e-03 8.815984e-04 9.711771e-03 4.671106e-03 4.829689e-03 5.134067e-03 1.392958e-02 1.792992e-02 2.562543e-02 2.606022e-02 2.650183e-02 2.720955e-02 6.544467e-03 6.874726e-03 6.741295e-03 5.993961e-03 7.003866e-03 6.947927e-03 6.955501e-03 7.340124e-03 7.780553e-03 2.716392e-02 7.750353e-03 8.442641e-03 2.908406e-02 8.540535e-03 8.576199e-03 8.662468e-03 8.819086e-03 9.027529e-03 9.245675e-03 9.421627e-03 9.560181e-03 9.725097e-03 9.557560e-03 7.553250e-03
-9.999000e+03 -9.999000e+03 -9.999000e+03 -9.999000e+03 -9.999000e+03 -9.999000e+03 -9.999000e+03 -9.999000e+03 -9.999000e+03 -9.999000e+03 -9.999000e+03 -9.999000e+03 -9.999000e+03 -9.999000e+03 -9.999000e+03 2.193763e-03 4.442498e-04 8.022917e-03 1.569668e-02 1.400710e-02 1.030577e-02 7.991137e-03 6.417999e-03 5.240372e-03 5.340799e-03 5.564355e-03 5.642904e-03 2.795381e-02 5.311807e-02 6.205991e-03 6.548750e-03 6.587132e-03 6.304587e-03 6.538060e-03 6.684099e-03 7.142469e-03 7.551153e-03 7.761339e-03 2.522974e-02 7.977374e-03 3.435069e-02 8.490642e-03 8.565210e-03 8.702278e-03 8.920747e-03 9.200841e-03 9.470453e-03 9.643851e-03 9.751936e-03 9.907442e-03 9.934921e-03 9.063478e-03
-9.999000e+03 -9.999000e+03 -9.999000e+03 -9.999000e+03 -9.999000e+03 -9.999000e+03 -9.999000e+03 -9.999000e+03 -9.999000e+03 -9.999000e+03 -9.999000e+03 -9.999000e+03 -9.999000e+03 -9.999000e+03 -9.999000e+03 -9.999000e+03 8.238405e-04 8.824150e-03 8.817988e-03 6.885509e-03 5.589122e-03 4.954180e-03 4.883569e-03 5.066334e-03 5.356004e-03 5.702700e-03 5.850611e-03 5.667098e-03 5.533013e-03 5.395437e-02 5.540097e-02 5.618426e-02 6.071993e-03 6.056239e-03 6.305447e-03 6.761797e-03 1.132582e-02 1.592155e-02 7.480984e-03 2.342476e-02 8.093401e-03 3.893091e-02 8.739414e-03 8.946155e-03 9.182160e-03 9.452997e-03 9.686997e-03 9.811110e-03 9.886833e-03 1.003124e-02 1.009597e-02 9.704414e-03
-9.999000e+03 -9.999000e+03 -9.999000e+03 -9.999000e+03 -9.999000e+03 -9.999000e+03 -9.999000e+03 -9.999000e+03 -9.999000e+03 -9.999000e+03 -9.999000e+03 -9.999000e+03 -9.999000e+03 -9.999000e+03 -9.999000e+03 -9.999000e+03 8.060818e-03 3.374198e-03 4.023899e-03 4.521242e-03 4.720966e-03 2.331542e-02 2.157078e-02 1.996030e-02 1.845583e-02 1.703954e-02 1.566775e-02 1.430418e-02 1.298821e-02 1.174226e-02 1.051621e-02 9.292139e-03 5.648550e-02 5.588918e-02 5.455256e-02 5.430399e-02 5.327739e-02 5.232899e-02 5.530094e-02 5.515257e-02 6.676985e-02 6.588906e-02 4.312337e-02 8.557969e-03 8.920106e-03 9.358137e-03 9.602076e-03 9.740897e-03 9.859342e-03 1.001564e-02 1.004174e-02 9.775943e-03
-9.999000e+03 -9.999000e+03 -9.999000e+03 -9.999000e+03 -9.999000e+03 -9.999000e+03 -9.999000e+03 -9.999000e+03 -9.999000e+03 -9.999000e+03 -9.999000e+03 -9.999000e+03 -9.999000e+03 -9.999000e+03 -9.999000e+03 8.061683e-03 4.113414e-03 4.605197e-03 2.073521e-02 2.185907e-02 2.296801e-02 5.023351e-03 7.981568e-03 1.096691e-02 9.476101e-03 1.586509e-02 1.822870e-02 2.039077e-02 1.903104e-02 1.772379e-02 1.644327e-02 1.516236e-02 1.387069e-02 1.254945e-02 1.126769e-02 1.008240e-02 4.006586e-02 3.932260e-02 3.916738e-02 4.042977e-02 4.137633e-02 4.190879e-02 1.002929e-01 1.258116e-01 1.275475e-01 8.162607e-03 1.550676e-02 9.302650e-03 9.602319e-03 9.791736e-03 9.716844e-03 9.407882e-03
-9.999000e+03 -9.999000e+03 -9.999000e+03 -9.999000e+03 -9.999000e+03 -9.999000e+03 -9.999000e+03 -9.999000e+03 -9.999000e+03 -9.999000e+03 -9.999000e+03 -9.999000e+03 -9.999000e+03 -9.999000e+03 7.994673e-03 1.557834e-02 1.877310e-02 2.011575e-02 5.233241e-03 5.348090e-03 5.115635e-03 5.308481e-03 5.515773e-03 5.656747e-03 9.097606e-03 5.953234e-03 6.097123e-03 6.629043e-03 6.816545e-03 6.743150e-03 6.687454e-03 2.162964e-02 2.419838e-02 2.635348e-02 2.814888e-02 3.846288e-02 6.134394e-03 6.856272e-03 7.438757e-03 7.909246e-03 8.238429e-03 8.364871e-03 1.392797e-02 1.906635e-02 2.357518e-02 1.363292e-01 1.384837e-01 1.433923e-01 8.382458e-03 1.590339e-02 8.847157e-03 8.550588e-03
-9.999000e+03 -9.999000e+03 -9.999000e+03 -9.999000e+03 -9.999000e+03 -9.999000e+03 -9.999000e+03 -9.999000e+03 -9.999000e+03 -9.999000e+03 -9.999000e+03 -9.999000e+03 -9.999000e+03 -9.999000e+03 8.044844e-03 1.474009e-02 5.415767e-03 5.496408e-03 5.533301e-03 5.532269e-03 5.568413e-03 5.699247e-03 5.543993e-03 6.089798e-03 6.237419e-03 6.276410e-03 6.425035e-03 6.760537e-03 1.095875e-02 1.487787e-02 1.847874e-02 7.076123e-03 6.925516e-03 6.893926e-03 1.420410e-02 5.919029e-03 6.890985e-03 7.492091e-03 7.725733e-03 8.020201e-03 8.326085e-03 8.538277e-03 8.774217e-03 8.911375e-03 8.998334e-03 1.502766e-02 2.006031e-02 2.430827e-02 1.525343e-01 1.558330e-01 1.633031e-01 7.123133e-03
-9.999000e+03 -9.999000e+03 -9.999000e+03 -9.999000e+03 -9.999000e+03 -9.999000e+03 -9.999000e+03 -9.999000e+03 -9.999000e+03 -9.999000e+03 -9.999000e+03 -9.999000e+03 -9.999000e+03 1.545844e-02 2.030666e-02 5.314950e-03 5.492101e-03 5.651120e-03 5.702927e-03 5.698894e-03 5.691479e-03 5.742886e-03 5.841353e-03 5.990221e-03 6.135829e-03 6.236129e-03 6.436984e-03 6.804742e-03 7.115255e-03 7.277687e-03 7.291809e-03 7.227847e-03 7.239029e-03 1.635483e-02 4.033152e-03 6.170361e-03 7.513117e-03 7.612395e-03 7.758921e-03 7.996500e-03 8.310086e-03 8.568043e-03 8.824241e-03 8.992318e-03 9.123142e-03 9.015483e-03 9.072499e-03 9.048395e-03 8.822490e-03 1.386657e-02 1.739512e-02 1.684758e-01
-9.999000e+03 -9.999000e+03 -9.999000e+03 -9.999000e+03 -9.999000e+03 -9.999000e+03 -9.999000e+03 -9.999000e+03 -9.999000e+03 -9.999000e+03 -9.999000e+03 -9.999000e+03 7.977870e-03 2.197395e-02 5.185695e-03 5.358677e-03 6.419736e-03 5.640424e-03 5.764160e-03 5.813061e-03 5.816597e-03 5.793064e-03 5.798170e-03 5.867686e-03 5.995613e-03 6.154187e-03 6.402183e-03 6.759163e-03 7.035897e-03 7.156632e-03 7.229377e-03 7.269667e-03 1.337509e-02 7.064195e-03 4.069702e-03 7.354459e-03 7.403981e-03 7.432214e-03 7.592291e-03 7.913267e-03 8.056932e-03 8.285152e-03 8.476216e-03 8.629104e-03 8.283331e-03 8.340869e-03 8.435227e-03 8.535552e-03 8.559035e-03 8.221498e-03 8.355461e-03 1.286365e-02
-9.999000e+03 -9.999000e+03 -9.999000e+03 -9.999000e+03 -9.999000e+03 -9.999000e+03 -9.999000e+03 -9.999000e+03 -9.999000e+03 -9.999000e+03 -9.999000e+03 -9.999000e+03 1.522031e-02 4.922020e-03 5.135894e-03 7.670045e-03 5.383012e-03 5.645831e-03 5.804892e-03 5.893950e-03 5.911248e-03 5.853055e-03 5.817825e-03 5.841333e-03 5.939318e-03 6.092712e-03 6.313419e-03 6.603681e-03 6.735259e-03 6.868163e-03 6.918598e-03 1.311013e-02 4.104021e-03 6.104839e-03 7.075210e-03 7.034323e-03 6.823424e-03 6.865073e-03 7.304328e-03 7.153275e-03 7.361536e-03 7.610248e-03 7.850580e-03 6.901325e-03 6.918886e-03 6.991809e-03 7.082041e-03 7.208636e-03 7.186446e-03 8.843158e-03 7.897994e-03 7.572191e-03
-9.999000e+03 -9.999000e+03 -9.999000e+03 -9.999000e+03 -9.999000e+03 -9.999000e+03 -9.999000e+03 -9.999000e+03 -9.999000e+03 -9.999000e+03 -9.999000e+03 7.852363e-03 6.044169e-03 4.593716e-03 8.957524e-03 4.766466e-03 5.296418e-03 5.593657e-03 5.781576e-03 5.901549e-03 5.929973e-03 5.892101e-03 5.864008e-03 5.875516e-03 5.936447e-03 6.055565e-03 6.200154e-03 6.150467e-03 6.446472e-03 6.421936e-03 6.415807e-03 9.557480e-03 3.941511e-03 6.621443e-03 6.510284e-03 5.805630e-03 5.751164e-03 6.689861e-03 5.798336e-03 5.893250e-03 6.084756e-03 6.419071e-03 4.374231e-03 4.359613e-03 4.376715e-03 4.422373e-03 4.457998e-03 4.486079e-03 8.852589e-03 6.816785e-03 6.687924e-03 6.642916e-03
-9.999000e+03 -9.999000e+03 -9.999000e+03 -9.999000e+03 -9.999000e+03 -9.999000e+03 -9.999000e+03 -9.999000e+03 -9.999000e+03 -9.999000e+03 7.791322e-03 1.467268e-02 4.147814e-03 1.029669e-02 3.181035e-03 4.502638e-03 5.113243e-03 5.421960e-03 5.665815e-03 5.775089e-03 5.859400e-03 5.834001e-03 5.824146e-03 5.838669e-03 5.897432e-03 5.977844e-03 5.331850e-03 6.131311e-03 6.129056e-03 5.945261e-03 5.892978e-03 5.874273e-03 5.916308e-03 5.523804e-03 3.878755e-03 3.772082e-03 6.281635e-03 3.710017e-03 3.723335e-03 3.760719e-03 3.936241e-03 4.206869e-03 6.602359e-03 7.703794e-03 8.166119e-03 8.415775e-03 8.580998e-03 8.692405e-03 4.383153e-03 4.304942e-03 4.302802e-03 4.441398e-03
-9.999000e+03 -9.999000e+03 -9.999000e+03 -9.999000e+03 -9.999000e+03 -9.999000e+03 -9.999000e+03 -9.999000e+03 -9.999000e+03 -9.999000e+03 7.676308e-03 4.102206e-03 1.113387e-02 3.922485e-03 2.939747e-03 4.400981e-03 4.816095e-03 5.187156e-03 5.351213e-03 5.644526e-03 5.706491e-03 5.728477e-03 5.740407e-03 5.782915e-03 5.669117e-03 3.623344e-03 5.808961e-03 5.967279e-03 5.640305e-03 5.429925e-03 5.290395e-03 5.229876e-03 3.530432e-03 3.769012e-03 5.613217e-03 6.117939e-03 3.584906e-03 5.098961e-03 5.661608e-03 5.993542e-03 3.901798e-03 4.184220e-03 6.538728e-03 7.575901e-03 7.961427e-03 8.138774e-03 8.281276e-03 8.425753e-03 8.477354e-03 8.362523e-03 8.280569e-03 8.391502e-03
-9.999000e+03 -9.999000e+03 -9.999000e+03 -9.999000e+03 -9.999000e+03 -9.999000e+03 -9.999000e+03 -9.999000e+03 -9.999000e+03 7.690045e-03 5.679818e-03 1.140371e-02 3.904943e-03 2.858030e-03 3.779678e-03 4.277448e-03 4.610862e-03 4.520456e-03 5.318823e-03 5.388681e-03 5.540539e-03 5.626892e-03 5.696225e-03 5.097462e-03 3.573557e-03 5.152620e-03 5.821867e-03 5.040678e-03 4.903238e-03 4.641109e-03 4.503281e-03 3.365065e-03 4.979743e-03 5.915826e-03 6.396239e-03 6.452741e-03 6.334474e-03 6.190074e-03 3.708245e-03 3.882044e-03 6.773336e-03 6.267659e-03 7.438541e-03 7.804687e-03 7.837825e-03 7.827616e-03 7.910840e-03 8.115217e-03 8.291126e-03 8.342814e-03 8.313587e-03 8.269282e-03
-9.999000e+03 -9.999000e+03 -9.999000e+03 -9.999000e+03 -9.999000e+03 -9.999000e+03 -9.999000e+03 -9.999000e+03 -9.999000e+03 7.835167e-03 1.086716e-02 4.042020e-03 3.647954e-03 2.798951e-03 4.074447e-03 4.298590e-03 3.035826e-03 5.147272e-03 4.926346e-03 5.177524e-03 5.403846e-03 5.560095e-03 3.524945e-03 3.591178e-03 5.177344e-03 5.640273e-03 3.487499e-03 3.456991e-03 3.353057e-03 3.151408e-03 3.163985e-03 4.727429e-03 5.609822e-03 6.218443e-03 6.585263e-03 6.709614e-03 6.692051e-03 3.775025e-03 6.478042e-03 5.862844e-03 6.142987e-03 7.439905e-03 7.742903e-03 7.711105e-03 7.600727e-03 7.586436e-03 7.681840e-03 7.862494e-03 8.030127e-03 8.142706e-03 5.216581e-02 5.406565e-02
-9.999000e+03 -9.999000e+03 -9.999000e+03 -9.999000e+03 -9.999000e+03 -9.999000e+03 -9.999000e+03 -9.999000e+03 1.500720e-02 5.920649e-03 7.926923e-03 4.267726e-03 2.748896e-03 3.746513e-03 4.259357e-03 4.362127e-03 6.391773e-03 4.489933e-03 4.706460e-03 5.045009e-03 5.354432e-03 4.944361e-03 5.563722e-03 5.890439e-03 5.995098e-03 1.736654e-02 1.892192e-02 1.711063e-02 1.531579e-02 1.351952e-02 1.181888e-02 1.026154e-02 8.792536e-03 7.381652e-03 6.770287e-03 6.901496e-03 6.898242e-03 1.078615e-02 1.129048e-02 1.480005e-02 1.608722e-02 1.729202e-02 1.543250e-02 1.370214e-02 1.209019e-02 1.058803e-02 9.168797e-03 7.814964e-03 7.627191e-03 5.089752e-02 7.490340e-03 7.581818e-03
-9.999000e+03 -9.999000e+03 -9.999000e+03 -9.999000e+03 -9.999000e+03 -9.999000e+03 -9.999000e+03 7.778437e-03 1.472388e-02 7.615518e-03 4.139004e-03 4.318301e-03 2.806801e-03 4.198943e-03 4.360529e-03 4.416804e-03 4.431392e-03 4.426286e-03 4.628450e-03 5.036902e-03 3.430492e-03 3.483039e-03 5.053310e-03 1.364475e-02 1.551550e-02 5.935438e-03 5.684348e-03 5.775972e-03 5.683463e-03 5.420496e-03 5.415212e-03 5.799899e-03 6.243573e-03 6.609320e-03 6.838298e-03 6.915456e-03 6.883044e-03 6.768882e-03 6.788221e-03 7.025233e-03 7.228159e-03 7.263256e-03 7.224581e-03 7.181051e-03 7.210806e-03 7.343422e-03 7.404203e-03 7.300236e-03 4.651290e-02 7.180783e-03 7.295521e-03 7.433625e-03
-9.999000e+03 -9.999000e+03 -9.999000e+03 -9.999000e+03 -9.999000e+03 -9.999000e+03 -9.999000e+03 7.636087e-03 3.000451e-03 8.175156e-03 3.002918e-03 4.012247e-03 4.246551e-03 4.370442e-03 4.447219e-03 4.468386e-03 4.507542e-03 4.550351e-03 4.759304e-03 5.176157e-03 8.065519e-03 1.070884e-02 1.314935e-02 5.838795e-03 5.887868e-03 5.222793e-03 3.623889e-03 5.223278e-03 5.715492e-03 5.683785e-03 5.718939e-03 6.029898e-03 6.362194e-03 6.598621e-03 6.724465e-03 6.749082e-03 3.444785e-02 3.521245e-02 3.587612e-02 3.646475e-02 3.700959e-02 3.757420e-02 3.834879e-02 3.734363e-02 3.633857e-02 3.522390e-02 4.331763e-02 4.492944e-02 7.176902e-03 7.107089e-03 7.143575e-03 7.239052e-03
-9.999000e+03 -9.999000e+03 -9.999000e+03 -9.999000e+03 -9.999000e+03 -9.999000e+03 -9.999000e+03 7.739064e-04 7.138089e-03 4.092999e-03 2.843428e-03 3.968841e-03 4.418322e-03 4.557971e-03 4.574273e-03 4.589868e-03 4.673146e-03 4.761024e-03 4.936210e-03 5.292610e-03 5.619341e-03 5.816311e-03 5.716676e-03 5.667736e-03 3.561677e-03 3.652325e-03 5.331847e-03 5.900105e-03 6.011630e-03 5.958260e-03 5.969961e-03 6.138563e-03 6.316379e-03 3.178215e-02 3.294443e-02 3.396953e-02 6.967340e-03 7.224182e-03 7.467076e-03 7.696683e-03 7.845559e-03 7.890490e-03 7.930918e-03 1.320213e-02 1.817194e-02 2.270856e-02 7.790966e-03 7.615106e-03 7.402439e-03 7.155719e-03 7.025103e-03 7.055864e-03
