tests/data/reference/test_implicit_stream_rill_mfda/mqsur_m3_s.asc
ncols	123
nrows	77
xllcorner	-713746.79929998
yllcorner	-1061022.36961616
cellsize	10.0
NODATA_value	-9999
[rows 46 to 68 of 77, columns 52 to 103 of 123]
7.018232e-03 6.877820e-03 6.836123e-03 6.976243e-03 7.159201e-03 6.841234e-03 6.866550e-03 6.901285e-03 6.939415e-03 7.414315e-03 7.374909e-03 2.229788e-02 7.883413e-03 7.830775e-03 7.476434e-03 7.492136e-03 8.183661e-03 7.880920e-03 8.159668e-03 8.322197e-03 8.458965e-03 8.662513e-03 8.788600e-03 8.695988e-03 9.529035e-03 0.000000e+00 1.787282e-03 4.439350e-03 6.802253e-03 7.877381e-03 8.045726e-03 0.000000e+00 0.000000e+00 0.000000e+00 8.245316e-03 8.553888e-03 8.783398e-03 4.381976e-03 4.448018e-03 4.459269e-03 4.449818e-03 4.422734e-03 4.380351e-03 4.313617e-03 4.252629e-03 4.198430e-03 4.141168e-03 7.643293e-03 7.510604e-03 7.546110e-03 7.716147e-03 7.899966e-03
7.044861e-03 6.725632e-03 6.581419e-03 6.742767e-03 5.781801e-03 5.803801e-03 5.824689e-03 5.902473e-03 7.184790e-03 6.797040e-03 2.385810e-02 7.501815e-03 7.176982e-03 6.229216e-03 6.194556e-03 7.608016e-03 6.273962e-03 6.536194e-03 6.749538e-03 6.833657e-03 6.939477e-03 7.128735e-03 7.267519e-03 9.484582e-03 4.517400e-03 0.000000e+00 1.876713e-03 5.276492e-03 7.257170e-03 8.324858e-03 8.731203e-03 8.638706e-03 8.430245e-03 0.000000e+00 0.000000e+00 7.961097e-03 8.402036e-03 4.308337e-03 4.419093e-03 4.452207e-03 4.442826e-03 4.407726e-03 4.378008e-03 4.342921e-03 4.314092e-03 4.283584e-03 4.239722e-03 7.957810e-03 7.782536e-03 7.780217e-03 7.956730e-03 8.130908e-03
7.197721e-03 6.790380e-03 6.577105e-03 3.758032e-03 3.819242e-03 3.809462e-03 3.822583e-03 6.879531e-03 5.794272e-03 2.549662e-02 7.168787e-03 6.083981e-03 4.052045e-03 4.018148e-03 7.372515e-03 3.981462e-03 4.042888e-03 4.177697e-03 4.250794e-03 4.268856e-03 4.330262e-03 4.431907e-03 9.022142e-03 7.227796e-03 8.776707e-03 0.000000e+00 2.171656e-03 1.039562e-02 9.900884e-03 9.699447e-03 9.606854e-03 9.362695e-03 8.595922e-03 3.496361e-03 0.000000e+00 7.014137e-03 7.935522e-03 4.218258e-03 4.366478e-03 4.434106e-03 4.437530e-03 4.397758e-03 4.375737e-03 4.362939e-03 4.359956e-03 4.350280e-03 4.316889e-03 8.300285e-03 8.121407e-03 8.065798e-03 8.165616e-03 8.263919e-03
7.369576e-03 6.991548e-03 3.666020e-03 5.484002e-03 6.291175e-03 6.581916e-03 6.671531e-03 3.768888e-03 2.723692e-02 6.910688e-03 3.934056e-03 4.007397e-03 6.125855e-03 7.035004e-03 3.983113e-03 6.040731e-03 7.034011e-03 7.610356e-03 7.953722e-03 8.115320e-03 8.247548e-03 8.444974e-03 4.399494e-03 4.544482e-03 1.258475e-02 0.000000e+00 8.403929e-03 8.593435e-03 9.335390e-03 9.721719e-03 9.901258e-03 9.803338e-03 9.240722e-03 7.695931e-03 0.000000e+00 0.000000e+00 7.541758e-03 4.125218e-03 4.292357e-03 4.395107e-03 4.424519e-03 4.396860e-03 4.381709e-03 4.379974e-03 4.395551e-03 4.403344e-03 4.376441e-03 8.623907e-03 8.488041e-03 8.392763e-03 8.359101e-03 8.317213e-03
7.416738e-03 1.660698e-02 1.475657e-02 1.304242e-02 1.143734e-02 9.882930e-03 8.389257e-03 2.901112e-02 6.735548e-03 3.856413e-03 5.873319e-03 6.849108e-03 7.282227e-03 7.420908e-03 7.468295e-03 7.522618e-03 7.650145e-03 7.879363e-03 8.084037e-03 8.188616e-03 8.234543e-03 8.258275e-03 8.431202e-03 8.835065e-03 8.970296e-03 0.000000e+00 6.482437e-03 4.553136e-03 7.413420e-03 9.054976e-03 9.873377e-03 1.012654e-02 9.810656e-03 1.561175e-02 7.031914e-03 0.000000e+00 7.011926e-03 4.061143e-03 4.229803e-03 4.349274e-03 4.397840e-03 4.389572e-03 4.385802e-03 4.386896e-03 6.952040e-03 6.996616e-03 4.425892e-03 8.912343e-03 8.812942e-03 8.696553e-03 8.564427e-03 8.405457e-03
1.853791e-02 7.604792e-03 1.221830e-02 1.242542e-02 1.650183e-02 2.364496e-02 2.668348e-02 6.780886e-03 6.832036e-03 6.984974e-03 7.162587e-03 7.255673e-03 7.309710e-03 7.346887e-03 7.407417e-03 7.514481e-03 1.209814e-02 1.045338e-02 9.152693e-03 8.710347e-03 8.533411e-03 8.280571e-03 8.182315e-03 8.403578e-03 8.558253e-03 0.000000e+00 4.520730e-03 7.325408e-03 8.946276e-03 9.912446e-03 1.043919e-02 1.058791e-02 1.028257e-02 9.399752e-03 1.341354e-02 0.000000e+00 0.000000e+00 4.039376e-03 4.193776e-03 4.312270e-03 4.368166e-03 4.376145e-03 4.387645e-03 4.388746e-03 8.241462e-03 8.338537e-03 4.462008e-03 9.172395e-03 9.066566e-03 8.939305e-03 8.797653e-03 8.600905e-03
7.810468e-03 7.779371e-03 3.971711e-03 7.359899e-03 9.379314e-03 6.976960e-03 6.946402e-03 6.915015e-03 7.014415e-03 7.213329e-03 7.380136e-03 7.347803e-03 7.265604e-03 7.236514e-03 7.274318e-03 7.375307e-03 4.080978e-03 6.448452e-03 7.751119e-03 8.433994e-03 8.615084e-03 8.276791e-03 7.973710e-03 8.069758e-03 4.319110e-03 0.000000e+00 7.507963e-03 9.385613e-03 1.021506e-02 1.060904e-02 1.085866e-02 1.087599e-02 1.056932e-02 9.904448e-03 8.481256e-03 1.179670e-02 0.000000e+00 6.150448e-03 4.193891e-03 4.278657e-03 4.320814e-03 4.330724e-03 4.359620e-03 6.910734e-03 8.821372e-03 8.957295e-03 7.110702e-03 9.391434e-03 9.287262e-03 9.151040e-03 9.021537e-03 8.850221e-03
7.854374e-03 7.928342e-03 7.781500e-03 1.105322e-02 7.145924e-03 7.031122e-03 7.038643e-03 7.064949e-03 7.213530e-03 1.185673e-02 1.016481e-02 8.756321e-03 7.617625e-03 7.304818e-03 7.196275e-03 7.234735e-03 7.455593e-03 7.861576e-03 8.298661e-03 8.686582e-03 8.765355e-03 8.303382e-03 1.329661e-02 1.374036e-02 1.202225e-02 0.000000e+00 8.746691e-03 9.949332e-03 1.052421e-02 1.086229e-02 1.101754e-02 1.094801e-02 1.070166e-02 1.032966e-02 9.294992e-03 1.736991e-02 0.000000e+00 0.000000e+00 4.310584e-03 4.260891e-03 4.258505e-03 4.248677e-03 6.757925e-03 8.142131e-03 9.071128e-03 9.239789e-03 8.510576e-03 9.553002e-03 9.496071e-03 9.359390e-03 9.213310e-03 9.104342e-03
7.958482e-03 8.098512e-03 1.317433e-02 7.621328e-03 7.234628e-03 7.128743e-03 7.175029e-03 7.216731e-03 7.378393e-03 7.716702e-03 7.899842e-03 7.887925e-03 7.710616e-03 7.430492e-03 7.249491e-03 7.263718e-03 7.460740e-03 7.816914e-03 8.214464e-03 8.592236e-03 8.666926e-03 8.167458e-03 3.990235e-03 4.213221e-03 6.766839e-03 0.000000e+00 8.171268e-03 9.841244e-03 1.060414e-02 1.157948e-02 1.217036e-02 1.133317e-02 1.085833e-02 1.065174e-02 1.782482e-02 2.324887e-02 4.451465e-03 0.000000e+00 4.412903e-03 4.379372e-03 4.278470e-03 4.263854e-03 7.955744e-03 8.719780e-03 9.226124e-03 9.402363e-03 9.179955e-03 9.645980e-03 9.646639e-03 9.542227e-03 9.393935e-03 9.324591e-03
8.123429e-03 8.253462e-03 8.167404e-03 7.725236e-03 7.335675e-03 7.325576e-03 7.353798e-03 7.397791e-03 7.550003e-03 4.097302e-03 1.338324e-02 1.793486e-02 1.571655e-02 2.515404e-02 2.869399e-02 2.651319e-02 2.446734e-02 2.255887e-02 2.074114e-02 1.898558e-02 1.729577e-02 1.563546e-02 1.398202e-02 1.245406e-02 0.000000e+00 0.000000e+00 4.772317e-03 7.693246e-03 9.422966e-03 1.039809e-02 1.084861e-02 1.090000e-02 1.079993e-02 1.079592e-02 1.054320e-02 1.587886e-02 2.241269e-02 0.000000e+00 4.514650e-03 4.470145e-03 4.369593e-03 6.815311e-03 8.672578e-03 9.109428e-03 9.410757e-03 9.545550e-03 9.482827e-03 9.671003e-03 9.706613e-03 9.673673e-03 9.575698e-03 9.500036e-03
8.274367e-03 8.365475e-03 8.155702e-03 7.628043e-03 7.582053e-03 7.528140e-03 7.528811e-03 7.621879e-03 7.745532e-03 1.261948e-02 8.036246e-03 8.180004e-03 1.325907e-02 8.012909e-03 7.864271e-03 1.291673e-02 1.109135e-02 9.635941e-03 8.643933e-03 8.702574e-03 8.716680e-03 8.439160e-03 8.309293e-03 8.612683e-03 0.000000e+00 1.973603e-03 5.626090e-03 8.097980e-03 9.554086e-03 1.029405e-02 1.061865e-02 1.074222e-02 1.078584e-02 1.080708e-02 1.061389e-02 1.767146e-02 3.586395e-02 0.000000e+00 0.000000e+00 4.645653e-03 7.155259e-03 8.337018e-03 9.192959e-03 9.426677e-03 9.591883e-03 9.671886e-03 9.636963e-03 9.674345e-03 9.689551e-03 9.696204e-03 9.650370e-03 9.549123e-03
8.394829e-03 8.170502e-03 7.486720e-03 7.851855e-03 7.730770e-03 7.608587e-03 7.671593e-03 7.766939e-03 7.878854e-03 7.941088e-03 8.034326e-03 8.197869e-03 8.280637e-03 8.142986e-03 8.058878e-03 8.170670e-03 1.347437e-02 1.843941e-02 2.380024e-02 2.175300e-02 1.948784e-02 1.757747e-02 1.584915e-02 1.424015e-02 0.000000e+00 1.993978e-03 5.628680e-03 8.030161e-03 9.366844e-03 9.969310e-03 1.026666e-02 1.053502e-02 1.075097e-02 1.086920e-02 1.084584e-02 1.050000e-02 2.428459e-02 3.466730e-02 0.000000e+00 7.751534e-03 9.052187e-03 9.327230e-03 9.627915e-03 9.692747e-03 9.730998e-03 9.763498e-03 9.742511e-03 9.692715e-03 9.617637e-03 9.575284e-03 9.535193e-03 9.408125e-03
7.801526e-03 6.465348e-03 7.740087e-03 7.757404e-03 7.512673e-03 7.658526e-03 7.643194e-03 7.754062e-03 7.854764e-03 7.901305e-03 7.983575e-03 8.184996e-03 8.247699e-03 8.192055e-03 8.192268e-03 8.302984e-03 8.463838e-03 8.650698e-03 8.851927e-03 1.475816e-02 1.283560e-02 1.128441e-02 9.956070e-03 9.611249e-03 0.000000e+00 2.008265e-03 5.615817e-03 7.944020e-03 9.193207e-03 9.739711e-03 5.014000e-02 5.015443e-02 4.779077e-02 8.003314e-02 9.050576e-02 8.445051e-02 8.239539e-02 1.330722e-01 0.000000e+00 0.000000e+00 1.014868e-02 9.993844e-03 9.934024e-03 9.869257e-03 9.810661e-03 9.798352e-03 9.778865e-03 9.690661e-03 9.538080e-03 9.430580e-03 9.385857e-03 9.245583e-03
4.273869e-03 7.383479e-03 7.566640e-03 6.953800e-03 7.522796e-03 7.426816e-03 7.473074e-03 7.557637e-03 7.641254e-03 7.716571e-03 7.988640e-03 8.056980e-03 8.134849e-03 8.214872e-03 8.255669e-03 8.364859e-03 8.525920e-03 8.712627e-03 8.932445e-03 9.165928e-03 1.527820e-02 1.625754e-02 1.792572e-02 2.584899e-02 0.000000e+00 5.344041e-03 7.853214e-03 1.484054e-02 2.711121e-02 3.891030e-02 9.679581e-03 2.073098e-02 3.282211e-02 9.559189e-03 9.696235e-03 2.351902e-02 2.925336e-02 2.390603e-02 1.482321e-01 0.000000e+00 0.000000e+00 1.031526e-02 1.009984e-02 9.921619e-03 9.819223e-03 9.767675e-03 9.720853e-03 9.629552e-03 9.467593e-03 9.347857e-03 9.327715e-03 9.202819e-03
6.569334e-03 7.647351e-03 5.791886e-03 7.181370e-03 6.902586e-03 7.009824e-03 7.052448e-03 7.078383e-03 7.132363e-03 7.758142e-03 7.741850e-03 7.833406e-03 8.080362e-03 8.144805e-03 8.259639e-03 8.424831e-03 8.557150e-03 8.747473e-03 8.974149e-03 9.157155e-03 4.482363e-03 4.485203e-03 9.206465e-03 4.621739e-03 0.000000e+00 4.914409e-03 7.737907e-03 1.053679e-02 1.034766e-02 8.847436e-03 7.425859e-03 7.570349e-03 7.706430e-03 7.809433e-03 7.941564e-03 8.118531e-03 8.150690e-03 9.874343e-03 9.788599e-03 1.492681e-01 0.000000e+00 0.000000e+00 9.919440e-03 9.765774e-03 9.723424e-03 9.694105e-03 9.639734e-03 9.571846e-03 9.438003e-03 9.299406e-03 9.244986e-03 9.131502e-03
7.833294e-03 3.841431e-03 6.899619e-03 5.730030e-03 5.938133e-03 6.039590e-03 6.066891e-03 6.026702e-03 7.384148e-03 7.091132e-03 7.262048e-03 7.813240e-03 7.762121e-03 7.913457e-03 8.238491e-03 8.350191e-03 8.522530e-03 8.734713e-03 8.789942e-03 4.466704e-03 7.109950e-03 8.436785e-03 4.493114e-03 7.316534e-03 0.000000e+00 8.641179e-03 1.014842e-02 1.043427e-02 7.319162e-03 4.571609e-03 4.599066e-03 4.649941e-03 4.707084e-03 4.761015e-03 4.831888e-03 4.920876e-03 1.744666e-02 2.729997e-02 2.200530e-02 1.817898e-02 1.603875e-01 0.000000e+00 8.935108e-03 9.164296e-03 9.478298e-03 9.582492e-03 9.580770e-03 9.560022e-03 9.475109e-03 9.274937e-03 9.082732e-03 4.340765e-03
7.722987e-03 7.248235e-03 3.673499e-03 3.801279e-03 3.898134e-03 3.958113e-03 3.954024e-03 7.104196e-03 5.850816e-03 6.017722e-03 7.414136e-03 7.080010e-03 7.165319e-03 7.778577e-03 7.860015e-03 8.066416e-03 8.302444e-03 8.115537e-03 4.448571e-03 7.109173e-03 8.503193e-03 9.059616e-03 9.326804e-03 9.651031e-03 0.000000e+00 9.008025e-03 1.018145e-02 4.573706e-03 4.547059e-03 7.284650e-03 8.768929e-03 9.520843e-03 9.952933e-03 1.029896e-02 1.065240e-02 1.274510e-02 4.914852e-03 4.938988e-03 8.050044e-03 9.358801e-03 8.679577e-03 0.000000e+00 0.000000e+00 8.448516e-03 9.140934e-03 9.411744e-03 9.472648e-03 9.466385e-03 9.414839e-03 9.149559e-03 4.293338e-03 9.297339e-03
7.447170e-03 7.057022e-03 6.694420e-03 6.629071e-03 6.736990e-03 6.921122e-03 7.015074e-03 3.794777e-03 3.808840e-03 6.901687e-03 5.894078e-03 5.944307e-03 7.204608e-03 7.004133e-03 7.234946e-03 7.497389e-03 6.731657e-03 4.421046e-03 7.068913e-03 8.505395e-03 9.176765e-03 9.370217e-03 9.442736e-03 9.618218e-03 0.000000e+00 8.882048e-03 1.005185e-02 1.033610e-02 1.023847e-02 1.009318e-02 9.979504e-03 9.900863e-03 9.914338e-03 1.005621e-02 1.031356e-02 1.066302e-02 1.241126e-02 1.562521e-02 3.223114e-02 4.081160e-02 3.287547e-02 2.833931e-02 0.000000e+00 0.000000e+00 8.665608e-03 9.174533e-03 4.368208e-03 9.198922e-03 9.142199e-03 4.276963e-03 9.124367e-03 9.234270e-03
6.984512e-03 6.788632e-03 6.644692e-03 6.602348e-03 6.635292e-03 6.723039e-03 6.751612e-03 6.646435e-03 6.584419e-03 3.783838e-03 3.831035e-03 6.726840e-03 5.757329e-03 5.902449e-03 6.117203e-03 4.226825e-03 4.334115e-03 6.940522e-03 8.391219e-03 9.122904e-03 9.440589e-03 9.509443e-03 9.517791e-03 9.584845e-03 0.000000e+00 8.793940e-03 1.001601e-02 1.043100e-02 1.045140e-02 1.032494e-02 1.015627e-02 9.979355e-03 9.862426e-03 9.851284e-03 9.988359e-03 1.028445e-02 1.063153e-02 1.169027e-02 4.847316e-03 4.827763e-03 7.715671e-03 8.663108e-03 2.900761e-02 0.000000e+00 8.767892e-03 8.723111e-03 4.329192e-03 4.280943e-03 4.258174e-03 4.323337e-03 9.151774e-03 8.671196e-03
6.180489e-03 6.392028e-03 6.536135e-03 6.628057e-03 6.671420e-03 6.661536e-03 6.603667e-03 6.504522e-03 6.421793e-03 6.392262e-03 6.423286e-03 3.719221e-03 3.780093e-03 3.856142e-03 3.995114e-03 6.332777e-03 7.707443e-03 8.563963e-03 9.086724e-03 9.357642e-03 9.464717e-03 9.462401e-03 1.556450e-02 1.648577e-02 0.000000e+00 1.021899e-02 1.067519e-02 1.083948e-02 1.080711e-02 1.065084e-02 1.042666e-02 1.016444e-02 9.930729e-03 9.769847e-03 9.752215e-03 9.921767e-03 1.020485e-02 1.053209e-02 1.093347e-02 1.255368e-02 1.268345e-02 1.134200e-02 1.023652e-02 0.000000e+00 0.000000e+00 8.178911e-03 4.304218e-03 4.301181e-03 4.287789e-03 9.397065e-03 9.357501e-03 8.704817e-03
3.538708e-03 5.329272e-03 6.211339e-03 6.643186e-03 6.806752e-03 6.746852e-03 6.623622e-03 6.549093e-03 6.445867e-03 6.232280e-03 6.085110e-03 6.135084e-03 6.341073e-03 6.650032e-03 7.075182e-03 7.612389e-03 8.163837e-03 8.683593e-03 9.065127e-03 9.249966e-03 9.282634e-03 9.208153e-03 4.420232e-03 0.000000e+00 0.000000e+00 6.754296e-03 9.117183e-03 1.024334e-02 1.070914e-02 1.079589e-02 1.066633e-02 1.039892e-02 1.009440e-02 9.815380e-03 9.630624e-03 9.589872e-03 9.743117e-03 1.008273e-02 1.047751e-02 1.117471e-02 1.225246e-02 1.185365e-02 1.106575e-02 1.010917e-02 0.000000e+00 0.000000e+00 6.539674e-03 4.353312e-03 4.415804e-03 4.498305e-03 4.565268e-03 7.343047e-03
-9.999000e+03 -9.999000e+03 -9.999000e+03 -9.999000e+03 -9.999000e+03 -9.999000e+03 -9.999000e+03 3.759369e-03 3.703945e-03 3.543118e-03 3.469037e-03 3.535253e-03 5.332415e-03 6.363503e-03 7.064944e-03 7.611653e-03 8.100432e-03 8.579343e-03 8.926055e-03 9.060319e-03 9.038815e-03 8.907522e-03 8.922098e-03 0.000000e+00 2.163936e-03 5.556506e-03 7.874075e-03 9.392670e-03 1.030195e-02 1.073684e-02 1.082369e-02 1.063852e-02 1.031132e-02 9.928688e-03 9.581070e-03 9.332509e-03 9.331822e-03 9.637250e-03 1.007771e-02 1.053304e-02 1.145352e-02 1.277689e-02 1.182544e-02 1.089139e-02 9.625727e-03 0.000000e+00 0.000000e+00 4.478185e-03 4.549789e-03 4.601411e-03 4.626446e-03 4.621540e-03
-9.999000e+03 -9.999000e+03 -9.999000e+03 -9.999000e+03 -9.999000e+03 -9.999000e+03 -9.999000e+03 -9.999000e+03 -9.999000e+03 -9.999000e+03 5.131365e-03 5.146246e-03 3.714912e-03 3.940063e-03 6.145492e-03 7.267211e-03 7.900367e-03 8.405348e-03 8.736350e-03 8.823205e-03 8.771447e-03 8.657876e-03 8.727818e-03 0.000000e+00 2.153407e-03 5.516676e-03 7.794523e-03 9.306807e-03 1.026210e-02 1.099175e-02 1.106815e-02 1.090729e-02 1.056316e-02 1.009692e-02 9.633829e-03 9.268159e-03 9.136110e-03 9.297269e-03 9.664291e-03 1.016152e-02 1.063693e-02 1.202678e-02 1.245746e-02 1.138852e-02 1.038894e-02 9.018680e-03 0.000000e+00 0.000000e+00 4.611861e-03 4.677776e-03 -9.999000e+03 -9.999000e+03
