tests/data/reference/test_implicit_stream_rill_mfda/mqsur_m3_s.asc
ncols	123
nrows	77
xllcorner	-713746.79929998
yllcorner	-1061022.36961616
cellsize	10.0
NODATA_value	-9999
[rows 23 to 45 of 77, columns 52 to 103 of 123]
7.174726e-03 9.298450e-03 9.431056e-03 9.462815e-03 9.445341e-03 9.424779e-03 9.372443e-03 9.261686e-03 9.155076e-03 9.098520e-03 9.035903e-03 8.976553e-03 8.897085e-03 8.754404e-03 8.494945e-03 8.131000e-03 2.417307e-02 7.185531e-03 7.161291e-03 7.217620e-03 7.256745e-03 7.272344e-03 7.065033e-03 7.148184e-03 4.029817e-03 5.840559e-03 2.856327e-02 1.055702e-02 1.725329e-02 7.051129e-03 6.946024e-03 6.002675e-03 3.878631e-03 3.595526e-03 -9.999000e+03 -9.999000e+03 -9.999000e+03 -9.999000e+03 -9.999000e+03 -9.999000e+03 -9.999000e+03 -9.999000e+03 -9.999000e+03 -9.999000e+03 -9.999000e+03 -9.999000e+03 -9.999000e+03 -9.999000e+03 -9.999000e+03 -9.999000e+03 -9.999000e+03 -9.999000e+03
7.263999e-03 8.654604e-03 9.526605e-03 9.513878e-03 9.468087e-03 9.423662e-03 9.362651e-03 9.259259e-03 9.162165e-03 9.111045e-03 9.073155e-03 9.024628e-03 8.931830e-03 8.748985e-03 8.474065e-03 8.112569e-03 2.806381e-02 7.215241e-03 7.350810e-03 7.544985e-03 7.704622e-03 7.820361e-03 7.777730e-03 7.729872e-03 6.311681e-03 6.898347e-03 3.900880e-03 2.702948e-02 8.965896e-03 1.458203e-02 1.098236e-02 6.879776e-03 5.921636e-03 5.502058e-03 3.500342e-03 -9.999000e+03 -9.999000e+03 -9.999000e+03 -9.999000e+03 -9.999000e+03 -9.999000e+03 -9.999000e+03 -9.999000e+03 -9.999000e+03 -9.999000e+03 -9.999000e+03 -9.999000e+03 -9.999000e+03 -9.999000e+03 -9.999000e+03 -9.999000e+03 -9.999000e+03
9.498494e-03 8.744493e-03 9.338711e-03 9.590682e-03 9.477620e-03 9.362486e-03 9.266883e-03 9.198695e-03 9.161667e-03 9.147471e-03 9.123377e-03 9.059588e-03 8.914641e-03 8.683131e-03 8.430649e-03 8.179872e-03 3.187367e-02 7.488351e-03 7.632395e-03 7.851050e-03 8.058375e-03 8.209587e-03 8.218205e-03 8.141049e-03 7.513179e-03 7.585219e-03 6.161080e-03 2.558138e-02 3.970554e-03 7.520142e-03 2.106309e-02 6.831558e-03 6.760541e-03 6.658891e-03 5.681621e-03 3.789521e-03 3.563162e-03 3.541541e-03 -9.999000e+03 -9.999000e+03 -9.999000e+03 -9.999000e+03 -9.999000e+03 -9.999000e+03 -9.999000e+03 -9.999000e+03 -9.999000e+03 -9.999000e+03 -9.999000e+03 -9.999000e+03 -9.999000e+03 -9.999000e+03
7.431057e-03 9.736162e-03 9.390395e-03 9.513319e-03 9.455001e-03 9.290491e-03 9.179450e-03 9.155576e-03 9.169224e-03 9.182088e-03 9.162703e-03 9.071742e-03 8.904536e-03 8.681050e-03 8.448840e-03 8.244287e-03 3.609941e-02 7.713246e-03 7.827953e-03 8.032819e-03 8.239720e-03 8.390450e-03 8.415313e-03 8.359709e-03 8.104863e-03 8.066919e-03 7.458665e-03 2.417039e-02 6.264980e-03 7.012189e-03 1.882803e-02 6.736769e-03 7.012421e-03 7.209171e-03 6.854427e-03 5.868572e-03 5.426777e-03 3.632215e-03 5.195845e-03 3.514709e-03 -9.999000e+03 -9.999000e+03 -9.999000e+03 -9.999000e+03 -9.999000e+03 -9.999000e+03 -9.999000e+03 -9.999000e+03 -9.999000e+03 -9.999000e+03 -9.999000e+03 -9.999000e+03
8.939631e-03 4.630228e-03 9.721601e-03 9.440035e-03 9.338959e-03 9.236834e-03 9.167112e-03 9.169677e-03 9.194301e-03 9.199978e-03 9.170888e-03 9.080498e-03 8.941865e-03 8.769993e-03 8.553231e-03 8.297012e-03 4.048436e-02 7.726182e-03 7.828980e-03 8.020248e-03 8.189033e-03 8.314929e-03 8.355495e-03 8.364816e-03 8.337720e-03 8.371119e-03 8.183616e-03 2.276529e-02 7.561032e-03 7.609157e-03 1.684181e-02 7.041937e-03 7.074510e-03 7.177161e-03 7.116140e-03 6.697936e-03 3.829159e-03 3.701615e-03 5.277842e-03 5.748763e-03 5.040919e-03 8.015207e-03 -9.999000e+03 -9.999000e+03 -9.999000e+03 -9.999000e+03 -9.999000e+03 -9.999000e+03 -9.999000e+03 -9.999000e+03 -9.999000e+03 -9.999000e+03
9.619191e-03 7.370281e-03 9.603193e-03 9.324924e-03 4.436701e-03 9.180024e-03 9.160678e-03 9.196047e-03 9.239086e-03 9.244799e-03 9.203172e-03 9.107811e-03 8.976205e-03 8.815140e-03 8.592858e-03 8.298541e-03 4.494465e-02 7.716667e-03 7.850632e-03 8.042699e-03 8.180251e-03 8.275202e-03 8.309279e-03 8.350391e-03 8.439089e-03 8.568462e-03 8.598652e-03 2.141745e-02 8.276009e-03 8.127709e-03 1.502632e-02 7.432397e-03 7.167186e-03 7.045364e-03 7.013500e-03 6.887498e-03 5.690944e-03 5.497122e-03 3.692556e-03 5.916528e-03 0.000000e+00 1.935573e-02 7.831623e-03 7.625678e-03 -9.999000e+03 -9.999000e+03 -9.999000e+03 -9.999000e+03 -9.999000e+03 -9.999000e+03 -9.999000e+03 -9.999000e+03
9.805383e-03 8.682625e-03 9.450200e-03 9.229467e-03 4.456763e-03 6.996566e-03 9.126109e-03 9.203209e-03 9.298602e-03 9.328642e-03 9.283627e-03 9.164475e-03 8.986848e-03 8.751268e-03 8.468549e-03 8.188812e-03 8.008988e-03 4.863281e-02 8.032549e-03 8.246623e-03 8.385381e-03 8.450400e-03 8.439861e-03 8.440090e-03 8.528427e-03 8.703775e-03 8.833725e-03 1.980151e-02 8.622500e-03 8.435969e-03 1.332662e-02 7.761289e-03 7.394228e-03 7.127340e-03 6.950594e-03 6.827873e-03 6.363908e-03 6.237104e-03 5.501784e-03 0.000000e+00 0.000000e+00 1.585787e-02 7.933863e-03 2.730315e-03 7.384260e-03 -9.999000e+03 -9.999000e+03 -9.999000e+03 -9.999000e+03 -9.999000e+03 -9.999000e+03 -9.999000e+03
9.648414e-03 9.076452e-03 9.259948e-03 9.152021e-03 7.028072e-03 4.463878e-03 8.284780e-03 9.220818e-03 9.318325e-03 9.337693e-03 9.270800e-03 9.115730e-03 8.891063e-03 8.607019e-03 8.331909e-03 8.150073e-03 8.094218e-03 8.162041e-03 5.241333e-02 8.555594e-03 8.666307e-03 8.677756e-03 8.610036e-03 8.563406e-03 8.626474e-03 8.813444e-03 8.959071e-03 1.822784e-02 8.791076e-03 8.641417e-03 1.169736e-02 8.084249e-03 7.719559e-03 7.398491e-03 3.974545e-03 3.877427e-03 6.671410e-03 6.635770e-03 0.000000e+00 0.000000e+00 4.683514e-03 1.169241e-02 6.281077e-03 4.021139e-03 2.835711e-03 7.287487e-03 -9.999000e+03 -9.999000e+03 -9.999000e+03 -9.999000e+03 -9.999000e+03 -9.999000e+03
9.187575e-03 8.927121e-03 9.018215e-03 9.059402e-03 8.284589e-03 7.064017e-03 4.511751e-03 8.956421e-03 9.268925e-03 9.199040e-03 9.058851e-03 8.844725e-03 8.604576e-03 8.393402e-03 8.280116e-03 8.274425e-03 8.344588e-03 8.485448e-03 5.666873e-02 8.896492e-03 8.919637e-03 8.845408e-03 8.726073e-03 8.667614e-03 8.733630e-03 8.908198e-03 9.000274e-03 1.666408e-02 8.877645e-03 8.817937e-03 1.020669e-02 8.437778e-03 8.107322e-03 4.232344e-03 4.113637e-03 4.006555e-03 7.043704e-03 0.000000e+00 0.000000e+00 4.799900e-03 5.939681e-03 9.173034e-03 5.198758e-03 4.326572e-03 4.035905e-03 3.038152e-03 2.873876e-03 -9.999000e+03 -9.999000e+03 -9.999000e+03 -9.999000e+03 -9.999000e+03
8.403926e-03 8.414655e-03 8.611655e-03 8.791159e-03 4.373125e-03 8.758260e-03 8.333211e-03 7.094536e-03 9.079345e-03 9.062560e-03 8.891074e-03 8.675006e-03 8.482466e-03 8.370790e-03 8.365945e-03 8.464115e-03 8.606127e-03 8.762334e-03 6.089577e-02 9.069207e-03 9.011095e-03 8.893540e-03 8.779421e-03 8.755435e-03 8.841288e-03 8.977583e-03 8.977599e-03 1.510581e-02 8.848932e-03 8.861853e-03 8.844019e-03 8.665238e-03 4.348396e-03 4.306188e-03 4.216822e-03 4.121042e-03 0.000000e+00 0.000000e+00 5.135679e-03 6.500773e-03 6.404002e-03 7.426579e-03 3.353570e-03 3.157288e-03 4.657558e-03 4.485085e-03 4.407895e-03 3.011794e-03 7.336722e-03 -9.999000e+03 -9.999000e+03 -9.999000e+03
7.334979e-03 7.579816e-03 7.835401e-03 8.120198e-03 8.403111e-03 6.698695e-03 8.763086e-03 8.700328e-03 8.212419e-03 8.998258e-03 8.942304e-03 8.826347e-03 8.723905e-03 8.657955e-03 8.647464e-03 8.706465e-03 8.798038e-03 8.877637e-03 8.901156e-03 6.499388e-02 8.862160e-03 8.797807e-03 8.778540e-03 8.836335e-03 8.942647e-03 9.013182e-03 8.899909e-03 1.342815e-02 8.668891e-03 8.690185e-03 8.734664e-03 4.340013e-03 4.316969e-03 4.305997e-03 0.000000e+00 0.000000e+00 0.000000e+00 4.307899e-03 7.061933e-03 7.106482e-03 6.773709e-03 3.838419e-03 3.710390e-03 4.885999e-03 5.174509e-03 4.961894e-03 4.786564e-03 3.156955e-03 3.021739e-03 7.697582e-03 -9.999000e+03 -9.999000e+03
1.685607e-01 1.699428e-01 6.860374e-03 7.250124e-03 7.848822e-03 8.218297e-03 7.791120e-03 8.734967e-03 8.843922e-03 8.748101e-03 9.078791e-03 9.090491e-03 9.081399e-03 9.058606e-03 9.028540e-03 9.001910e-03 8.969065e-03 8.912126e-03 8.803543e-03 6.863472e-02 8.544881e-03 8.542175e-03 8.638068e-03 8.786887e-03 8.904112e-03 8.896865e-03 8.683265e-03 1.175207e-02 8.403951e-03 8.426589e-03 8.528760e-03 4.322726e-03 4.319686e-03 0.000000e+00 0.000000e+00 5.910589e-03 4.402035e-03 6.565438e-03 7.707686e-03 7.444839e-03 4.030219e-03 3.966515e-03 3.882852e-03 5.872788e-03 5.664521e-03 5.344499e-03 3.329590e-03 3.345108e-03 3.356381e-03 8.196872e-03 2.953673e-03 7.720389e-03
1.592044e-02 1.362426e-02 1.766726e-01 6.878289e-03 7.278192e-03 7.866351e-03 8.312754e-03 8.393523e-03 8.894441e-03 9.077715e-03 9.154024e-03 9.355834e-03 9.425907e-03 9.443692e-03 9.403552e-03 9.277708e-03 9.068599e-03 8.813605e-03 8.516212e-03 8.192316e-03 7.224481e-02 7.888577e-03 8.095582e-03 8.343413e-03 8.613759e-03 8.524473e-03 8.251218e-03 9.974542e-03 8.090770e-03 8.167272e-03 8.341971e-03 4.331246e-03 0.000000e+00 0.000000e+00 5.537102e-03 7.929888e-03 6.693504e-03 7.611115e-03 7.980938e-03 4.184876e-03 4.119433e-03 4.040275e-03 3.955180e-03 3.840494e-03 6.128268e-03 5.883846e-03 3.655975e-03 5.133164e-03 5.077927e-03 7.159790e-03 3.343009e-03 8.197638e-03
4.158458e-03 6.350772e-03 7.274569e-03 1.759624e-01 1.782166e-01 1.798080e-01 1.817513e-01 8.493025e-03 8.625084e-03 8.869793e-03 9.015280e-03 9.132325e-03 9.232168e-03 9.231274e-03 1.556488e-02 8.921553e-03 8.619773e-03 8.309516e-03 7.974067e-03 7.637484e-03 4.015285e-03 7.095374e-02 1.332520e-02 7.998975e-03 8.017687e-03 7.800781e-03 7.766683e-03 8.111854e-03 7.843696e-03 8.011818e-03 8.245824e-03 0.000000e+00 0.000000e+00 4.330347e-03 7.734283e-03 8.404157e-03 7.715609e-03 8.049273e-03 8.134452e-03 4.233015e-03 4.181442e-03 4.099618e-03 4.016875e-03 3.918177e-03 6.485028e-03 6.284491e-03 5.464022e-03 6.011457e-03 5.931753e-03 6.591157e-03 5.085008e-03 7.231189e-03
7.688679e-03 8.264795e-03 8.429459e-03 8.076506e-03 7.820985e-03 8.023095e-03 8.238854e-03 1.833440e-01 1.850787e-01 1.846747e-01 1.850411e-01 1.850022e-01 1.845911e-01 1.847873e-01 1.856246e-01 1.883585e-01 1.889879e-01 7.374193e-03 7.382732e-03 7.352308e-03 7.376164e-03 6.203856e-03 7.968684e-02 7.823997e-03 7.553719e-03 7.209693e-03 7.095067e-03 7.451578e-03 7.748165e-03 8.016108e-03 0.000000e+00 0.000000e+00 4.393488e-03 4.355568e-03 8.432228e-03 8.484671e-03 8.132914e-03 8.213675e-03 8.207904e-03 4.248745e-03 4.214708e-03 4.142026e-03 4.068750e-03 3.980210e-03 3.871743e-03 3.763077e-03 6.089271e-03 6.257342e-03 6.268999e-03 6.522700e-03 6.054829e-03 6.760691e-03
6.918675e-03 8.195213e-03 8.629488e-03 5.958875e-02 6.150719e-02 6.422306e-02 6.681044e-02 6.924709e-02 7.153913e-02 7.369221e-02 7.571987e-02 7.763141e-02 7.965971e-02 8.143996e-02 8.309295e-02 8.463671e-02 8.354821e-02 2.672095e-01 2.679850e-01 6.633293e-03 6.887561e-03 7.281606e-03 7.903419e-02 7.449116e-03 7.076895e-03 6.769495e-03 6.741395e-03 7.118675e-03 7.768071e-03 0.000000e+00 0.000000e+00 4.389445e-03 4.408522e-03 4.371165e-03 8.626707e-03 8.534451e-03 8.327884e-03 8.318490e-03 4.285898e-03 4.286783e-03 4.260433e-03 4.190415e-03 4.115361e-03 4.036597e-03 3.943027e-03 3.828568e-03 3.725128e-03 6.296535e-03 6.355192e-03 6.537456e-03 6.486629e-03 6.658499e-03
8.580261e-03 5.766816e-02 5.937989e-02 8.677731e-03 8.875091e-03 9.206744e-03 9.475775e-03 9.625677e-03 9.700072e-03 9.718264e-03 9.691536e-03 9.527911e-03 9.365373e-03 9.130100e-03 8.847154e-03 8.552938e-03 1.484554e-02 2.049721e-02 1.821185e-02 2.725312e-01 2.734058e-01 2.742818e-01 2.749857e-01 8.215546e-02 6.532244e-03 6.501853e-03 6.630681e-03 7.131959e-03 0.000000e+00 0.000000e+00 4.385176e-03 6.889080e-03 4.416972e-03 4.377825e-03 8.695858e-03 8.606847e-03 8.467162e-03 8.450134e-03 4.340120e-03 4.344356e-03 4.322224e-03 4.253358e-03 4.163217e-03 4.079297e-03 4.018137e-03 3.942037e-03 3.829027e-03 6.373118e-03 6.345219e-03 6.418620e-03 6.442664e-03 6.496397e-03
5.576357e-02 8.245958e-03 8.504544e-03 8.712577e-03 8.939159e-03 9.221863e-03 9.479444e-03 9.665221e-03 9.798413e-03 9.888983e-03 9.933018e-03 9.924715e-03 9.869381e-03 9.778657e-03 9.660525e-03 9.420532e-03 9.219908e-03 1.561157e-02 1.531708e-02 2.097014e-02 2.589311e-02 2.432154e-02 2.193824e-02 2.856961e-01 8.418852e-02 5.932109e-03 6.445295e-03 4.048453e-03 0.000000e+00 5.488856e-03 6.745267e-03 8.096375e-03 4.438660e-03 6.886552e-03 8.761725e-03 8.681269e-03 8.580412e-03 8.588692e-03 4.381930e-03 4.385307e-03 4.361035e-03 4.300095e-03 4.208324e-03 4.107256e-03 4.055707e-03 4.018742e-03 3.931470e-03 3.823700e-03 6.441504e-03 6.398805e-03 6.368425e-03 6.389350e-03
7.881896e-03 8.125822e-03 8.344145e-03 8.473601e-03 8.614071e-03 8.844386e-03 9.087806e-03 9.285987e-03 9.456310e-03 9.605886e-03 9.723513e-03 9.804841e-03 9.859806e-03 9.903074e-03 9.925806e-03 9.917063e-03 1.696417e-02 9.817983e-03 9.547851e-03 9.099341e-03 8.774306e-03 0.000000e+00 0.000000e+00 0.000000e+00 2.845571e-01 8.134934e-02 5.917866e-03 0.000000e+00 0.000000e+00 7.106876e-03 7.511710e-03 8.541348e-03 4.466810e-03 8.202475e-03 8.860770e-03 8.742032e-03 8.664658e-03 4.391667e-03 4.414908e-03 4.420824e-03 4.386504e-03 4.323696e-03 4.239719e-03 4.130011e-03 4.068722e-03 4.055489e-03 4.015707e-03 3.945429e-03 6.708639e-03 6.598715e-03 6.505636e-03 6.455639e-03
7.764037e-03 7.966629e-03 8.104600e-03 8.166579e-03 8.248327e-03 8.429003e-03 8.629742e-03 8.789727e-03 8.950971e-03 9.142703e-03 9.335123e-03 9.487079e-03 9.616104e-03 9.748656e-03 9.858580e-03 1.836817e-02 1.000171e-02 1.006374e-02 1.005723e-02 9.922229e-03 9.673682e-03 9.597944e-03 9.412395e-03 0.000000e+00 0.000000e+00 0.000000e+00 9.870611e-02 0.000000e+00 3.887253e-03 6.792815e-03 7.365427e-03 8.305507e-03 6.922198e-03 8.719305e-03 8.909784e-03 8.800673e-03 8.754872e-03 4.414639e-03 4.435629e-03 4.454319e-03 4.426463e-03 4.355326e-03 4.266822e-03 4.153014e-03 4.081361e-03 4.065650e-03 4.046639e-03 5.998606e-03 6.978262e-03 6.839964e-03 6.707349e-03 6.630974e-03
7.568093e-03 7.692023e-03 7.779519e-03 7.826191e-03 7.896465e-03 8.037293e-03 8.173230e-03 8.261430e-03 8.380641e-03 8.602820e-03 8.840393e-03 9.031072e-03 9.215972e-03 9.392705e-03 1.936205e-02 9.678687e-03 9.801716e-03 9.941644e-03 1.007478e-02 1.015549e-02 1.012780e-02 1.008990e-02 9.858459e-03 9.448801e-03 8.883394e-03 0.000000e+00 0.000000e+00 0.000000e+00 3.736141e-02 5.157179e-03 1.096134e-02 7.660587e-03 7.715146e-03 8.594660e-03 8.809251e-03 8.852026e-03 8.875483e-03 4.446775e-03 4.453167e-03 4.475108e-03 4.463671e-03 4.398042e-03 4.300606e-03 4.175453e-03 4.092597e-03 4.061443e-03 4.039505e-03 6.890509e-03 7.161865e-03 7.030916e-03 6.881884e-03 6.857299e-03
7.332858e-03 7.403316e-03 7.470845e-03 7.548150e-03 7.644236e-03 7.761456e-03 7.843603e-03 7.833907e-03 7.907474e-03 8.092130e-03 8.302883e-03 8.534637e-03 8.719133e-03 2.034511e-02 9.090124e-03 9.201167e-03 9.298536e-03 9.500594e-03 9.776598e-03 9.864327e-03 9.960072e-03 1.001934e-02 9.974203e-03 9.581176e-03 9.275662e-03 5.044590e-03 0.000000e+00 0.000000e+00 0.000000e+00 0.000000e+00 1.238949e-02 6.747449e-03 7.457221e-03 8.334887e-03 8.674995e-03 8.854219e-03 8.956770e-03 4.472703e-03 4.485802e-03 4.498406e-03 4.492249e-03 4.444860e-03 4.358144e-03 4.235904e-03 4.147440e-03 4.099687e-03 4.063896e-03 7.249648e-03 7.282578e-03 7.205709e-03 7.109278e-03 7.162198e-03
7.113461e-03 7.122259e-03 7.167921e-03 7.288873e-03 7.429933e-03 7.539129e-03 7.474426e-03 7.466328e-03 7.489939e-03 7.590779e-03 7.861933e-03 8.013500e-03 2.133745e-02 8.422850e-03 8.503863e-03 8.454421e-03 8.587861e-03 9.016159e-03 9.085874e-03 9.277892e-03 9.422643e-03 9.585235e-03 9.639230e-03 9.398727e-03 9.119989e-03 0.000000e+00 0.000000e+00 6.538470e-03 8.004700e-03 0.000000e+00 0.000000e+00 0.000000e+00 7.323475e-03 8.222325e-03 8.650211e-03 8.796450e-03 8.946992e-03 4.482784e-03 4.519174e-03 4.525387e-03 4.517619e-03 4.486468e-03 4.424122e-03 4.325645e-03 4.242277e-03 4.180140e-03 4.123320e-03 7.434297e-03 7.364270e-03 7.371109e-03 7.426278e-03 7.562697e-03
