tests/data/reference/test_implicit_stream_rill_mfda/mqsur_m3_s.asc
ncols	123
nrows	77
xllcorner	-713746.79929998
yllcorner	-1061022.36961616
cellsize	10.0
NODATA_value	-9999
[rows 46 to 68 of 77, columns 52 to 103 of 123]
7.008443e-03 6.869662e-03 6.832463e-03 6.980600e-03 7.169402e-03 6.895741e-03 6.921032e-03 6.956760e-03 6.995791e-03 7.425276e-03 7.407143e-03 2.280330e-02 7.898410e-03 7.869080e-03 7.544731e-03 7.561120e-03 8.200565e-03 7.960830e-03 8.247848e-03 8.414625e-03 8.554844e-03 8.764756e-03 8.895627e-03 8.800557e-03 9.546223e-03 0.000000e+00 1.807300e-03 4.509181e-03 6.898672e-03 7.945228e-03 8.074212e-03 0.000000e+00 0.000000e+00 0.000000e+00 8.232202e-03 8.550743e-03 8.783075e-03 4.456014e-03 4.523553e-03 4.535055e-03 4.525394e-03 4.497701e-03 4.454352e-03 4.386067e-03 4.323632e-03 4.268126e-03 4.209466e-03 7.653020e-03 7.516723e-03 7.554226e-03 7.729025e-03 7.915659e-03
7.033036e-03 6.712425e-03 6.571568e-03 6.740949e-03 5.855620e-03 5.878361e-03 5.899812e-03 5.979815e-03 7.194888e-03 6.850333e-03 2.436543e-02 7.513940e-03 7.238476e-03 6.316797e-03 6.280961e-03 7.621582e-03 6.362471e-03 6.632575e-03 6.853084e-03 6.940310e-03 7.049369e-03 7.244734e-03 7.388801e-03 9.508470e-03 4.594461e-03 0.000000e+00 1.857447e-03 5.321712e-03 7.332591e-03 8.385924e-03 8.765457e-03 8.649330e-03 8.136075e-03 0.000000e+00 0.000000e+00 7.948418e-03 8.394491e-03 4.380663e-03 4.493978e-03 4.527836e-03 4.518246e-03 4.482353e-03 4.451955e-03 4.416057e-03 4.386553e-03 4.355325e-03 4.310415e-03 7.969482e-03 7.791892e-03 7.789710e-03 7.969084e-03 8.144607e-03
7.188887e-03 6.778267e-03 6.566332e-03 3.816676e-03 3.879450e-03 3.869420e-03 3.882876e-03 6.886420e-03 5.868459e-03 2.601225e-02 7.177372e-03 6.166836e-03 4.118136e-03 4.083391e-03 7.399894e-03 4.045783e-03 4.108750e-03 4.246889e-03 4.321753e-03 4.340246e-03 4.403102e-03 4.507081e-03 9.038844e-03 7.347501e-03 8.883582e-03 0.000000e+00 1.957918e-03 9.991597e-03 9.815177e-03 9.679668e-03 9.601391e-03 9.358894e-03 8.581329e-03 3.543877e-03 0.000000e+00 6.986122e-03 7.922338e-03 4.288434e-03 4.440159e-03 4.509329e-03 4.512830e-03 4.472158e-03 4.449632e-03 4.436539e-03 4.433487e-03 4.423587e-03 4.389416e-03 8.314739e-03 8.134563e-03 8.077433e-03 8.176669e-03 8.273861e-03
7.371732e-03 6.989456e-03 3.722313e-03 5.549504e-03 6.333358e-03 6.602012e-03 6.679790e-03 3.827810e-03 2.769251e-02 6.914423e-03 3.997180e-03 4.072370e-03 6.210225e-03 7.092101e-03 4.047476e-03 6.122542e-03 7.091198e-03 7.643988e-03 7.974312e-03 8.127930e-03 8.255984e-03 8.453508e-03 4.473934e-03 4.622124e-03 1.267287e-02 0.000000e+00 6.865412e-03 8.571513e-03 9.380154e-03 9.753270e-03 9.917885e-03 9.809551e-03 9.232663e-03 7.671725e-03 0.000000e+00 0.000000e+00 7.528271e-03 4.193124e-03 4.364305e-03 4.469447e-03 4.499527e-03 4.471240e-03 4.455742e-03 4.453967e-03 4.469901e-03 4.477872e-03 4.450352e-03 8.639590e-03 8.503967e-03 8.406690e-03 8.369307e-03 8.323536e-03
7.441601e-03 1.718663e-02 1.533085e-02 1.354800e-02 1.189268e-02 1.032203e-02 8.798473e-03 2.945497e-02 6.734209e-03 3.917568e-03 5.949929e-03 6.902805e-03 7.311198e-03 7.434135e-03 7.474064e-03 7.526395e-03 7.655177e-03 7.887563e-03 8.094015e-03 8.197009e-03 8.240107e-03 8.261959e-03 8.436903e-03 8.847673e-03 8.986145e-03 0.000000e+00 5.991211e-03 4.630963e-03 7.530563e-03 9.156318e-03 9.939203e-03 1.015963e-02 9.816530e-03 1.581243e-02 7.010089e-03 0.000000e+00 6.992779e-03 4.127461e-03 4.300258e-03 4.422557e-03 4.472241e-03 4.463785e-03 4.459929e-03 4.461048e-03 7.063683e-03 7.109666e-03 4.500930e-03 8.927747e-03 8.829613e-03 8.711592e-03 8.574656e-03 8.410578e-03
1.912209e-02 7.601927e-03 1.231748e-02 1.255605e-02 1.674490e-02 2.409089e-02 2.715123e-02 6.778193e-03 6.830511e-03 6.987937e-03 7.169356e-03 7.262115e-03 7.314369e-03 7.350405e-03 7.410991e-03 7.519221e-03 1.219501e-02 1.052094e-02 9.174274e-03 8.679649e-03 8.522632e-03 8.274116e-03 8.177784e-03 8.406714e-03 8.569142e-03 0.000000e+00 4.597863e-03 7.449635e-03 9.057411e-03 9.977855e-03 1.047710e-02 1.060851e-02 1.028549e-02 9.381702e-03 1.368030e-02 0.000000e+00 0.000000e+00 4.099916e-03 4.263359e-03 4.384688e-03 4.441887e-03 4.450050e-03 4.461814e-03 4.462940e-03 8.330442e-03 8.430524e-03 4.537855e-03 9.186935e-03 9.081824e-03 8.953497e-03 8.808795e-03 8.608275e-03
7.810191e-03 7.779071e-03 4.035787e-03 7.352138e-03 9.508443e-03 6.967899e-03 6.942621e-03 6.912817e-03 7.013409e-03 7.217581e-03 7.387659e-03 7.352178e-03 7.266052e-03 7.236493e-03 7.276070e-03 7.379350e-03 4.147789e-03 6.542562e-03 7.827310e-03 8.482198e-03 8.638994e-03 8.278724e-03 7.965215e-03 8.066775e-03 4.391689e-03 0.000000e+00 6.496412e-03 9.200599e-03 1.023184e-02 1.065074e-02 1.087430e-02 1.088212e-02 1.056734e-02 9.889298e-03 8.452148e-03 1.194688e-02 0.000000e+00 6.226729e-03 4.263477e-03 4.350281e-03 4.393433e-03 4.403574e-03 4.433143e-03 7.021076e-03 8.872423e-03 9.011525e-03 7.227838e-03 9.404804e-03 9.300611e-03 9.163680e-03 9.033422e-03 8.860955e-03
7.854584e-03 7.929189e-03 7.780178e-03 1.120390e-02 7.131190e-03 7.021384e-03 7.034954e-03 7.061973e-03 7.212798e-03 1.192563e-02 1.022592e-02 8.797952e-03 7.581888e-03 7.288615e-03 7.190259e-03 7.234931e-03 7.461623e-03 7.874380e-03 8.316477e-03 8.705787e-03 8.778699e-03 8.300619e-03 1.343771e-02 1.386578e-02 1.216326e-02 0.000000e+00 6.969916e-03 9.543740e-03 1.048182e-02 1.089020e-02 1.104100e-02 1.094824e-02 1.069410e-02 1.031819e-02 9.272849e-03 1.754754e-02 0.000000e+00 0.000000e+00 4.377500e-03 4.332091e-03 4.329648e-03 4.319585e-03 6.863405e-03 8.228085e-03 9.095877e-03 9.266983e-03 8.607710e-03 9.564570e-03 9.508339e-03 9.371219e-03 9.224890e-03 9.117159e-03
7.960863e-03 8.100406e-03 1.327795e-02 7.610351e-03 7.221422e-03 7.122787e-03 7.169697e-03 7.213006e-03 7.377582e-03 7.720192e-03 7.907438e-03 7.893347e-03 7.709971e-03 7.424754e-03 7.243557e-03 7.262319e-03 7.465681e-03 7.828333e-03 8.230488e-03 8.610071e-03 8.679574e-03 8.163791e-03 4.054777e-03 4.283275e-03 6.871202e-03 0.000000e+00 6.823010e-03 9.558456e-03 1.059730e-02 1.266889e-02 1.350133e-02 1.135437e-02 1.077802e-02 1.062117e-02 1.801522e-02 2.341552e-02 4.427990e-03 0.000000e+00 4.482143e-03 4.447857e-03 4.350089e-03 4.335125e-03 8.035801e-03 8.768480e-03 9.238767e-03 9.416415e-03 9.238752e-03 9.654978e-03 9.657631e-03 9.553567e-03 9.404833e-03 9.337586e-03
8.128979e-03 8.259500e-03 8.166621e-03 7.720162e-03 7.337179e-03 7.319203e-03 7.349570e-03 7.396227e-03 7.549830e-03 4.164518e-03 1.351395e-02 1.820587e-02 1.605678e-02 2.569956e-02 2.929783e-02 2.721190e-02 2.520783e-02 2.330766e-02 2.150066e-02 1.971156e-02 1.801255e-02 1.629266e-02 1.463825e-02 1.308200e-02 0.000000e+00 0.000000e+00 4.793608e-03 7.805301e-03 9.539330e-03 1.048251e-02 1.089890e-02 1.092328e-02 1.080557e-02 1.078542e-02 1.053333e-02 1.620710e-02 2.254750e-02 0.000000e+00 4.586136e-03 4.540658e-03 4.443347e-03 6.921557e-03 8.721452e-03 9.136170e-03 9.420546e-03 9.555136e-03 9.512988e-03 9.676959e-03 9.714808e-03 9.683747e-03 9.586358e-03 9.511812e-03
8.290666e-03 8.374803e-03 8.168685e-03 7.656049e-03 7.581654e-03 7.526803e-03 7.532294e-03 7.623543e-03 7.749574e-03 1.273630e-02 8.042314e-03 8.187713e-03 1.340424e-02 8.012581e-03 7.860269e-03 1.301293e-02 1.120083e-02 9.721664e-03 8.609097e-03 8.695622e-03 8.719386e-03 8.437294e-03 8.304434e-03 8.616357e-03 0.000000e+00 1.932689e-03 5.674723e-03 8.203727e-03 9.657577e-03 1.036507e-02 1.065758e-02 1.076078e-02 1.079442e-02 1.081181e-02 1.060375e-02 1.786992e-02 3.637231e-02 0.000000e+00 0.000000e+00 4.719907e-03 7.262842e-03 8.429229e-03 9.224832e-03 9.445392e-03 9.602143e-03 9.680423e-03 9.652151e-03 9.677951e-03 9.694024e-03 9.703163e-03 9.659237e-03 9.557593e-03
8.414558e-03 8.211750e-03 7.553589e-03 7.863720e-03 7.734828e-03 7.624349e-03 7.677170e-03 7.775960e-03 7.888850e-03 7.950964e-03 8.044796e-03 8.210249e-03 8.288800e-03 8.147509e-03 8.060467e-03 8.172425e-03 1.359313e-02 1.871366e-02 2.437224e-02 2.261265e-02 2.026779e-02 1.830432e-02 1.651351e-02 1.487386e-02 0.000000e+00 1.949109e-03 5.676122e-03 8.133589e-03 9.464269e-03 1.003144e-02 1.029861e-02 1.055329e-02 1.076569e-02 1.088152e-02 1.084255e-02 1.049046e-02 2.471312e-02 3.528829e-02 0.000000e+00 7.876456e-03 9.153032e-03 9.393830e-03 9.652992e-03 9.708827e-03 9.741022e-03 9.771212e-03 9.751608e-03 9.695618e-03 9.618777e-03 9.576942e-03 9.538403e-03 9.410176e-03
7.879947e-03 6.561317e-03 7.769389e-03 7.760388e-03 7.547700e-03 7.669238e-03 7.660589e-03 7.771475e-03 7.873174e-03 7.920186e-03 8.003628e-03 8.196044e-03 8.260949e-03 8.202252e-03 8.197311e-03 8.309269e-03 8.470902e-03 8.657723e-03 8.860422e-03 1.488385e-02 1.296835e-02 1.139888e-02 1.002932e-02 9.587248e-03 0.000000e+00 1.959074e-03 5.661844e-03 8.044623e-03 9.285071e-03 9.796073e-03 5.690525e-02 5.893813e-02 5.953964e-02 9.492738e-02 1.036585e-01 9.941960e-02 9.750894e-02 1.481343e-01 0.000000e+00 0.000000e+00 1.022603e-02 1.003006e-02 9.955015e-03 9.882860e-03 9.818892e-03 9.804315e-03 9.785036e-03 9.693391e-03 9.537340e-03 9.427969e-03 9.383667e-03 9.242428e-03
4.345378e-03 7.448291e-03 7.565511e-03 7.010204e-03 7.533784e-03 7.461302e-03 7.505633e-03 7.590481e-03 7.675374e-03 7.752906e-03 8.001986e-03 8.079905e-03 8.156485e-03 8.225613e-03 8.268912e-03 8.377939e-03 8.535430e-03 8.723653e-03 8.944453e-03 9.178545e-03 1.541728e-02 1.649078e-02 1.814099e-02 2.935908e-02 0.000000e+00 6.666667e+18 6.666667e+18 1.610741e-02 3.082305e-02 4.437199e-02 9.749650e-03 2.295504e-02 3.597947e-02 9.691684e-03 9.833648e-03 2.431147e-02 3.141452e-02 2.617468e-02 1.657388e-01 0.000000e+00 0.000000e+00 1.033794e-02 1.010558e-02 9.930937e-03 9.824601e-03 9.770991e-03 9.723698e-03 9.630944e-03 9.466489e-03 9.344865e-03 9.325104e-03 9.200094e-03
6.668209e-03 7.657592e-03 5.866162e-03 7.181807e-03 6.959531e-03 7.068284e-03 7.111064e-03 7.137030e-03 7.192356e-03 7.771309e-03 7.781574e-03 7.873301e-03 8.095935e-03 8.169494e-03 8.285551e-03 8.441197e-03 8.575720e-03 8.766114e-03 8.993021e-03 9.186870e-03 4.558660e-03 4.561562e-03 9.265314e-03 4.700990e-03 0.000000e+00 4.885922e-03 7.834877e-03 1.051632e-02 1.036059e-02 8.954938e-03 7.553774e-03 7.702839e-03 7.843647e-03 7.950620e-03 8.087487e-03 8.270787e-03 8.306033e-03 1.000690e-02 9.845284e-03 1.674779e-01 0.000000e+00 0.000000e+00 9.918383e-03 9.767932e-03 9.724910e-03 9.694786e-03 9.639679e-03 9.571898e-03 9.437781e-03 9.298157e-03 9.243595e-03 9.130573e-03
7.871602e-03 3.902204e-03 6.889276e-03 5.802285e-03 6.016422e-03 6.121045e-03 6.149353e-03 6.107996e-03 7.392413e-03 7.151577e-03 7.327058e-03 7.831578e-03 7.801779e-03 7.955820e-03 8.260611e-03 8.381000e-03 8.553585e-03 8.766170e-03 8.843625e-03 4.542655e-03 7.227123e-03 8.531758e-03 4.569647e-03 7.440096e-03 0.000000e+00 7.137453e-03 9.832041e-03 1.038979e-02 7.444001e-03 4.649824e-03 4.677853e-03 4.729760e-03 4.788017e-03 4.842953e-03 4.915070e-03 5.005481e-03 1.977894e-02 2.995440e-02 2.481780e-02 2.065598e-02 1.811314e-01 0.000000e+00 8.916738e-03 9.145116e-03 9.474359e-03 9.581088e-03 9.579922e-03 9.560509e-03 9.476994e-03 9.275281e-03 9.080130e-03 4.413850e-03
7.740384e-03 7.245296e-03 3.729983e-03 3.861028e-03 3.960348e-03 4.021845e-03 4.017654e-03 7.109325e-03 5.926640e-03 6.098268e-03 7.429382e-03 7.140377e-03 7.227401e-03 7.799167e-03 7.903770e-03 8.113199e-03 8.352261e-03 8.201511e-03 4.524119e-03 7.226092e-03 8.600287e-03 9.115565e-03 9.353197e-03 9.667440e-03 0.000000e+00 7.225119e-03 9.783189e-03 4.651966e-03 4.624757e-03 7.408077e-03 8.874144e-03 9.586991e-03 9.990103e-03 1.032256e-02 1.067251e-02 1.480824e-02 4.999366e-03 5.023862e-03 8.203082e-03 9.474162e-03 8.707218e-03 0.000000e+00 0.000000e+00 8.423678e-03 9.131711e-03 9.408224e-03 9.471255e-03 9.466425e-03 9.416713e-03 9.148877e-03 4.365309e-03 9.325509e-03
7.451091e-03 7.051107e-03 6.684681e-03 6.624201e-03 6.738839e-03 6.927324e-03 7.021274e-03 3.854360e-03 3.868782e-03 6.907785e-03 5.971088e-03 6.022850e-03 7.219038e-03 7.063125e-03 7.299308e-03 7.568227e-03 6.835119e-03 4.495975e-03 7.184305e-03 8.602519e-03 9.236335e-03 9.398424e-03 9.453830e-03 9.625787e-03 0.000000e+00 7.136278e-03 9.662883e-03 1.029373e-02 1.025150e-02 1.009686e-02 9.977802e-03 9.899252e-03 9.914867e-03 1.006100e-02 1.032397e-02 1.067914e-02 1.432418e-02 1.864746e-02 3.538282e-02 4.444616e-02 3.717708e-02 3.223711e-02 0.000000e+00 0.000000e+00 8.644499e-03 9.168478e-03 4.441930e-03 9.194550e-03 9.138742e-03 4.348546e-03 9.147566e-03 9.296933e-03
6.988709e-03 6.785070e-03 6.640897e-03 6.601012e-03 6.636659e-03 6.726543e-03 6.754989e-03 6.646869e-03 6.583771e-03 3.843142e-03 3.891543e-03 6.734037e-03 5.830402e-03 5.979684e-03 6.200707e-03 4.297208e-03 4.407046e-03 7.051145e-03 8.485102e-03 9.182751e-03 9.472596e-03 9.523777e-03 9.523275e-03 9.588661e-03 0.000000e+00 7.074617e-03 9.630926e-03 1.039122e-02 1.047013e-02 1.033307e-02 1.015508e-02 9.974942e-03 9.858055e-03 9.849758e-03 9.992063e-03 1.029514e-02 1.064851e-02 1.278301e-02 4.930756e-03 4.910876e-03 7.856636e-03 8.755039e-03 3.308661e-02 0.000000e+00 8.423986e-03 8.704517e-03 4.402007e-03 4.352620e-03 4.329309e-03 4.396015e-03 9.210671e-03 8.774300e-03
6.216756e-03 6.405709e-03 6.543226e-03 6.633280e-03 6.675227e-03 6.663746e-03 6.604278e-03 6.503724e-03 6.420692e-03 6.392175e-03 6.424885e-03 3.776874e-03 3.839302e-03 3.917290e-03 4.059779e-03 6.423044e-03 7.782971e-03 8.617052e-03 9.122388e-03 9.380387e-03 9.477722e-03 9.468511e-03 1.572681e-02 1.675675e-02 0.000000e+00 7.613891e-03 1.001835e-02 1.072456e-02 1.080986e-02 1.065700e-02 1.042457e-02 1.015748e-02 9.922105e-03 9.762587e-03 9.749149e-03 9.925545e-03 1.021601e-02 1.054863e-02 1.104837e-02 1.447400e-02 1.395188e-02 1.159344e-02 1.033224e-02 0.000000e+00 0.000000e+00 8.159831e-03 4.376446e-03 4.373338e-03 4.359629e-03 9.423510e-03 9.422193e-03 8.808816e-03
3.591752e-03 5.390610e-03 6.253128e-03 6.666681e-03 6.818572e-03 6.750413e-03 6.622690e-03 6.547756e-03 6.444550e-03 6.228967e-03 6.081709e-03 6.135462e-03 6.346415e-03 6.659629e-03 7.089050e-03 7.631150e-03 8.186388e-03 8.707778e-03 9.087534e-03 9.266513e-03 9.291677e-03 9.210832e-03 4.495143e-03 0.000000e+00 0.000000e+00 6.162400e-03 9.058099e-03 1.030325e-02 1.076620e-02 1.082348e-02 1.067353e-02 1.039477e-02 1.008449e-02 9.804185e-03 9.621583e-03 9.585648e-03 9.745982e-03 1.009422e-02 1.049631e-02 1.164429e-02 1.377948e-02 1.202277e-02 1.093000e-02 1.005016e-02 0.000000e+00 0.000000e+00 6.629319e-03 4.426689e-03 4.490614e-03 4.574952e-03 4.643350e-03 7.468142e-03
-9.999000e+03 -9.999000e+03 -9.999000e+03 -9.999000e+03 -9.999000e+03 -9.999000e+03 -9.999000e+03 3.818048e-03 3.761207e-03 3.596274e-03 3.520310e-03 3.588208e-03 5.393839e-03 6.408914e-03 7.096977e-03 7.636722e-03 8.122687e-03 8.601222e-03 8.946225e-03 9.074584e-03 9.045342e-03 8.907661e-03 8.921767e-03 0.000000e+00 2.012825e-03 5.574218e-03 7.963837e-03 9.488150e-03 1.037534e-02 1.078334e-02 1.084685e-02 1.064353e-02 1.030412e-02 9.915358e-03 9.566663e-03 9.320725e-03 9.326791e-03 9.643213e-03 1.009472e-02 1.055679e-02 1.229540e-02 1.493641e-02 1.240174e-02 1.095268e-02 9.730723e-03 0.000000e+00 0.000000e+00 4.548875e-03 4.627544e-03 4.680246e-03 4.705793e-03 4.700787e-03
-9.999000e+03 -9.999000e+03 -9.999000e+03 -9.999000e+03 -9.999000e+03 -9.999000e+03 -9.999000e+03 -9.999000e+03 -9.999000e+03 -9.999000e+03 5.187466e-03 5.202817e-03 3.772454e-03 4.003339e-03 6.230131e-03 7.331134e-03 7.939577e-03 8.431835e-03 8.756520e-03 8.835742e-03 8.776036e-03 8.657384e-03 8.728676e-03 0.000000e+00 2.006141e-03 5.535034e-03 7.882476e-03 9.399899e-03 1.033510e-02 1.143963e-02 1.109732e-02 1.090706e-02 1.055555e-02 1.008194e-02 9.615434e-03 9.251468e-03 9.125920e-03 9.297445e-03 9.675655e-03 1.018232e-02 1.066322e-02 1.373078e-02 1.381169e-02 1.147345e-02 1.033226e-02 9.106692e-03 0.000000e+00 0.000000e+00 4.690911e-03 4.758144e-03 -9.999000e+03 -9.999000e+03
