tests/data/reference/test_implicit_stream_rill_mfda/mqsur_m3_s.asc
ncols	123
nrows	77
xllcorner	-713746.79929998
yllcorner	-1061022.36961616
cellsize	10.0
NODATA_value	-9999
[rows 23 to 45 of 77, columns 0 to 51 of 123]
-9.999000e+03 -9.999000e+03 -9.999000e+03 -9.999000e+03 -9.999000e+03 -9.999000e+03 -9.999000e+03 -9.999000e+03 -9.999000e+03 -9.999000e+03 -9.999000e+03 -9.999000e+03 -9.999000e+03 -9.999000e+03 2.198609e-03 3.351251e-03 3.303345e-03 3.046413e-03 2.372724e-03 1.086169e-03 1.035559e-03 1.024566e-02 1.498430e-03 1.299684e-02 1.541081e-02 5.864553e-03 8.569972e-03 6.571415e-03 7.122496e-03 7.490493e-03 4.052431e-03 6.282461e-03 7.367949e-03 8.018335e-03 2.231616e-02 8.034122e-03 8.097261e-03 4.220684e-03 1.425910e-02 8.562696e-03 8.631404e-03 8.745991e-03 8.902275e-03 8.981696e-03 8.965703e-03 8.909137e-03 8.865386e-03 8.894323e-03 8.989095e-03 8.801540e-03 8.276637e-03 4.431832e-03
-9.999000e+03 -9.999000e+03 -9.999000e+03 -9.999000e+03 -9.999000e+03 -9.999000e+03 -9.999000e+03 -9.999000e+03 -9.999000e+03 -9.999000e+03 -9.999000e+03 -9.999000e+03 -9.999000e+03 -9.999000e+03 5.364604e-03 5.454379e-03 5.423211e-03 3.702072e-03 2.304678e-03 2.985946e-03 8.972241e-03 1.844562e-02 3.676998e-03 4.040987e-03 1.030576e-02 1.754582e-02 7.356608e-03 6.833255e-03 7.106507e-03 4.008935e-03 7.617517e-03 6.261531e-03 7.331817e-03 7.755064e-03 2.586331e-02 7.975980e-03 8.114991e-03 4.247044e-03 1.481056e-02 8.573629e-03 8.600687e-03 8.682304e-03 8.808912e-03 8.890467e-03 8.907067e-03 8.894256e-03 8.890399e-03 8.950789e-03 9.065137e-03 9.073331e-03 4.441148e-03 8.996171e-03
-9.999000e+03 -9.999000e+03 -9.999000e+03 -9.999000e+03 -9.999000e+03 -9.999000e+03 -9.999000e+03 -9.999000e+03 -9.999000e+03 -9.999000e+03 -9.999000e+03 -9.999000e+03 -9.999000e+03 -9.999000e+03 9.852110e-04 2.695088e-03 2.603461e-03 2.574895e-03 2.523523e-03 1.276522e-03 1.147213e-02 9.873566e-03 1.630706e-02 5.343705e-03 5.641722e-03 8.821120e-03 2.150837e-02 7.149730e-03 7.272414e-03 4.059284e-03 6.098057e-03 7.565681e-03 7.104254e-03 7.604331e-03 7.716816e-03 2.944319e-02 4.157034e-03 8.278692e-03 6.609791e-03 1.989541e-02 8.571498e-03 8.650668e-03 8.749233e-03 8.821597e-03 8.863211e-03 8.894887e-03 8.940395e-03 9.039735e-03 9.179653e-03 9.286361e-03 7.134414e-03 4.537175e-03
-9.999000e+03 -9.999000e+03 -9.999000e+03 -9.999000e+03 -9.999000e+03 -9.999000e+03 -9.999000e+03 -9.999000e+03 -9.999000e+03 -9.999000e+03 -9.999000e+03 -9.999000e+03 2.913200e-03 2.458029e-03 6.466835e-03 3.460425e-03 2.628056e-03 1.401681e-03 1.039141e-03 1.009780e-02 4.823922e-03 1.296273e-02 7.986919e-03 1.228471e-02 6.017835e-03 6.309806e-03 2.785160e-02 7.070260e-03 7.189095e-03 6.005042e-03 4.007830e-03 6.950549e-03 7.412537e-03 7.139852e-03 7.273660e-03 7.707276e-03 2.728879e-02 6.500889e-03 8.368167e-03 7.736004e-03 2.496146e-02 8.616310e-03 8.685618e-03 8.754976e-03 8.836319e-03 8.934793e-03 9.051421e-03 9.191619e-03 9.344655e-03 9.499900e-03 8.653666e-03 4.576155e-03
-9.999000e+03 -9.999000e+03 -9.999000e+03 -9.999000e+03 -9.999000e+03 -9.999000e+03 -9.999000e+03 -9.999000e+03 -9.999000e+03 -9.999000e+03 -9.999000e+03 -9.999000e+03 -9.999000e+03 2.846305e-03 3.083686e-03 3.025203e-03 1.752789e-03 8.756693e-04 9.709760e-03 4.520332e-03 4.835405e-03 5.131311e-03 1.340384e-02 1.703144e-02 2.409887e-02 2.445927e-02 2.493043e-02 2.593954e-02 6.558379e-03 6.885090e-03 6.687065e-03 5.901236e-03 6.984783e-03 6.964118e-03 6.960203e-03 7.350091e-03 7.790719e-03 2.517200e-02 7.653590e-03 8.440337e-03 2.749635e-02 8.546256e-03 8.583693e-03 8.669773e-03 8.823483e-03 9.027265e-03 9.240664e-03 9.414250e-03 9.552493e-03 9.715118e-03 9.469643e-03 7.383328e-03
-9.999000e+03 -9.999000e+03 -9.999000e+03 -9.999000e+03 -9.999000e+03 -9.999000e+03 -9.999000e+03 -9.999000e+03 -9.999000e+03 -9.999000e+03 -9.999000e+03 -9.999000e+03 -9.999000e+03 -9.999000e+03 -9.999000e+03 2.167730e-03 4.430196e-04 7.988310e-03 1.553683e-02 1.356904e-02 9.784548e-03 7.585152e-03 6.147306e-03 5.233854e-03 5.343146e-03 5.560721e-03 5.640626e-03 2.645486e-02 5.019722e-02 6.222770e-03 6.563138e-03 6.576445e-03 6.262470e-03 6.547742e-03 6.699968e-03 7.144694e-03 7.550631e-03 7.767448e-03 2.332169e-02 7.943515e-03 3.236015e-02 8.496690e-03 8.571385e-03 8.706952e-03 8.921874e-03 9.196871e-03 9.461748e-03 9.633675e-03 9.742668e-03 9.897630e-03 9.887298e-03 8.915795e-03
-9.999000e+03 -9.999000e+03 -9.999000e+03 -9.999000e+03 -9.999000e+03 -9.999000e+03 -9.999000e+03 -9.999000e+03 -9.999000e+03 -9.999000e+03 -9.999000e+03 -9.999000e+03 -9.999000e+03 -9.999000e+03 -9.999000e+03 -9.999000e+03 8.187245e-04 8.809187e-03 8.627750e-03 6.749334e-03 5.547181e-03 4.980723e-03 4.893264e-03 5.066095e-03 5.350470e-03 5.694082e-03 5.844951e-03 5.670499e-03 5.539556e-03 5.075376e-02 5.203488e-02 5.275058e-02 6.085197e-03 6.054136e-03 6.319255e-03 6.768285e-03 1.121175e-02 1.563264e-02 7.491141e-03 2.154969e-02 8.086046e-03 3.659957e-02 8.739284e-03 8.943035e-03 9.176396e-03 9.444383e-03 9.676520e-03 9.801319e-03 9.878769e-03 1.002350e-02 1.007384e-02 9.614510e-03
-9.999000e+03 -9.999000e+03 -9.999000e+03 -9.999000e+03 -9.999000e+03 -9.999000e+03 -9.999000e+03 -9.999000e+03 -9.999000e+03 -9.999000e+03 -9.999000e+03 -9.999000e+03 -9.999000e+03 -9.999000e+03 -9.999000e+03 -9.999000e+03 8.033599e-03 3.259677e-03 4.014153e-03 4.510654e-03 4.714683e-03 2.223200e-02 2.043650e-02 1.884464e-02 1.734133e-02 1.592318e-02 1.457921e-02 1.325492e-02 1.201536e-02 1.083856e-02 9.685376e-03 8.536184e-03 5.325650e-02 5.278514e-02 5.171243e-02 5.128158e-02 5.008637e-02 4.901096e-02 5.193018e-02 5.172692e-02 6.318895e-02 6.233718e-02 4.046301e-02 8.573574e-03 8.932107e-03 9.354804e-03 9.598579e-03 9.738299e-03 9.856933e-03 1.001328e-02 1.003659e-02 9.739340e-03
-9.999000e+03 -9.999000e+03 -9.999000e+03 -9.999000e+03 -9.999000e+03 -9.999000e+03 -9.999000e+03 -9.999000e+03 -9.999000e+03 -9.999000e+03 -9.999000e+03 -9.999000e+03 -9.999000e+03 -9.999000e+03 -9.999000e+03 8.034642e-03 3.956618e-03 4.591450e-03 1.975480e-02 2.078106e-02 2.189741e-02 5.032678e-03 7.921434e-03 1.080734e-02 9.310973e-03 1.563412e-02 1.793854e-02 2.007476e-02 1.862668e-02 1.724475e-02 1.592347e-02 1.461704e-02 1.331077e-02 1.199120e-02 1.072201e-02 9.574836e-03 3.845222e-02 3.753831e-02 3.734289e-02 3.855896e-02 3.948528e-02 4.003036e-02 9.694347e-02 1.216387e-01 1.233987e-01 8.191394e-03 1.520681e-02 9.316349e-03 9.610834e-03 9.799234e-03 9.727500e-03 9.410264e-03
-9.999000e+03 -9.999000e+03 -9.999000e+03 -9.999000e+03 -9.999000e+03 -9.999000e+03 -9.999000e+03 -9.999000e+03 -9.999000e+03 -9.999000e+03 -9.999000e+03 -9.999000e+03 -9.999000e+03 -9.999000e+03 7.954998e-03 1.539938e-02 1.827524e-02 1.936048e-02 5.240237e-03 5.355013e-03 5.131766e-03 5.321841e-03 5.526568e-03 5.660801e-03 9.004627e-03 5.962901e-03 6.106026e-03 6.622468e-03 6.810090e-03 6.749901e-03 6.694385e-03 2.091205e-02 2.333198e-02 2.538990e-02 2.714489e-02 3.691236e-02 6.098003e-03 6.844450e-03 7.449909e-03 7.912580e-03 8.237169e-03 8.365553e-03 1.370672e-02 1.849901e-02 2.264315e-02 1.326364e-01 1.349422e-01 1.403760e-01 8.426819e-03 1.561466e-02 8.880074e-03 8.582542e-03
-9.999000e+03 -9.999000e+03 -9.999000e+03 -9.999000e+03 -9.999000e+03 -9.999000e+03 -9.999000e+03 -9.999000e+03 -9.999000e+03 -9.999000e+03 -9.999000e+03 -9.999000e+03 -9.999000e+03 -9.999000e+03 8.014423e-03 1.368097e-02 5.413424e-03 5.495975e-03 5.536117e-03 5.536434e-03 5.573684e-03 5.702564e-03 5.556066e-03 6.085838e-03 6.231138e-03 6.271035e-03 6.418508e-03 6.749570e-03 1.084265e-02 1.454896e-02 1.797667e-02 7.078937e-03 6.933175e-03 6.903105e-03 1.364941e-02 5.818548e-03 6.822953e-03 7.490288e-03 7.719017e-03 8.005363e-03 8.306193e-03 8.531426e-03 8.762275e-03 8.900738e-03 8.987042e-03 1.471701e-02 1.934848e-02 2.317393e-02 1.497991e-01 1.525438e-01 1.589930e-01 7.099653e-03
-9.999000e+03 -9.999000e+03 -9.999000e+03 -9.999000e+03 -9.999000e+03 -9.999000e+03 -9.999000e+03 -9.999000e+03 -9.999000e+03 -9.999000e+03 -9.999000e+03 -9.999000e+03 -9.999000e+03 1.526059e-02 1.881092e-02 5.312149e-03 5.487107e-03 5.649777e-03 5.698504e-03 5.699773e-03 5.695392e-03 5.747172e-03 5.843812e-03 5.988877e-03 6.131262e-03 6.230461e-03 6.428987e-03 6.791629e-03 7.099768e-03 7.264096e-03 7.279945e-03 7.221241e-03 7.232881e-03 1.590876e-02 3.947199e-03 6.060280e-03 7.503610e-03 7.599360e-03 7.734702e-03 7.966168e-03 8.284750e-03 8.525967e-03 8.778267e-03 8.958463e-03 9.091964e-03 8.954368e-03 9.008289e-03 8.985628e-03 8.767691e-03 1.347337e-02 1.659122e-02 1.631952e-01
-9.999000e+03 -9.999000e+03 -9.999000e+03 -9.999000e+03 -9.999000e+03 -9.999000e+03 -9.999000e+03 -9.999000e+03 -9.999000e+03 -9.999000e+03 -9.999000e+03 -9.999000e+03 7.935342e-03 2.153043e-02 5.190694e-03 5.348393e-03 6.187107e-03 5.624988e-03 5.756748e-03 5.810631e-03 5.817705e-03 5.796827e-03 5.801958e-03 5.869462e-03 5.994380e-03 6.150262e-03 6.394411e-03 6.745989e-03 7.019757e-03 7.134375e-03 7.213753e-03 7.252814e-03 1.313729e-02 6.988669e-03 3.982521e-03 7.337830e-03 7.382185e-03 7.390198e-03 7.544281e-03 7.885687e-03 7.995051e-03 8.217247e-03 8.404742e-03 8.558474e-03 8.167340e-03 8.235687e-03 8.326407e-03 8.423112e-03 8.446156e-03 8.120972e-03 8.373796e-03 1.257329e-02
-9.999000e+03 -9.999000e+03 -9.999000e+03 -9.999000e+03 -9.999000e+03 -9.999000e+03 -9.999000e+03 -9.999000e+03 -9.999000e+03 -9.999000e+03 -9.999000e+03 -9.999000e+03 1.500576e-02 4.939289e-03 5.121129e-03 7.426096e-03 5.347313e-03 5.626300e-03 5.793860e-03 5.886753e-03 5.908331e-03 5.853391e-03 5.820367e-03 5.843032e-03 5.938895e-03 6.089504e-03 6.306821e-03 6.591785e-03 6.703566e-03 6.853784e-03 6.903396e-03 1.284608e-02 4.015690e-03 5.997721e-03 7.050921e-03 6.997668e-03 6.755265e-03 6.794127e-03 7.283632e-03 7.071907e-03 7.273227e-03 7.513440e-03 7.746527e-03 6.760944e-03 6.777987e-03 6.847921e-03 6.934149e-03 7.067841e-03 7.046110e-03 8.851589e-03 7.809266e-03 7.493728e-03
-9.999000e+03 -9.999000e+03 -9.999000e+03 -9.999000e+03 -9.999000e+03 -9.999000e+03 -9.999000e+03 -9.999000e+03 -9.999000e+03 -9.999000e+03 -9.999000e+03 7.791698e-03 5.721754e-03 4.586183e-03 8.701763e-03 4.705227e-03 5.259076e-03 5.574742e-03 5.766145e-03 5.890091e-03 5.920263e-03 5.889421e-03 5.862659e-03 5.874494e-03 5.934551e-03 6.052116e-03 6.190772e-03 6.099624e-03 6.434006e-03 6.414311e-03 6.400373e-03 9.480660e-03 3.858652e-03 6.593571e-03 6.447465e-03 5.709743e-03 5.657407e-03 6.677854e-03 5.702916e-03 5.794382e-03 5.978869e-03 6.300309e-03 4.277036e-03 4.262886e-03 4.279441e-03 4.323649e-03 4.358154e-03 4.385361e-03 8.847457e-03 6.691248e-03 6.567826e-03 6.524486e-03
-9.999000e+03 -9.999000e+03 -9.999000e+03 -9.999000e+03 -9.999000e+03 -9.999000e+03 -9.999000e+03 -9.999000e+03 -9.999000e+03 -9.999000e+03 7.723486e-03 1.441965e-02 4.156814e-03 1.004940e-02 3.123625e-03 4.448339e-03 5.091859e-03 5.403848e-03 5.649054e-03 5.753042e-03 5.851701e-03 5.827548e-03 5.820436e-03 5.836286e-03 5.895276e-03 5.960414e-03 5.253012e-03 6.111625e-03 6.124802e-03 5.927734e-03 5.873662e-03 5.851258e-03 5.889752e-03 5.438101e-03 3.798023e-03 3.694971e-03 6.265828e-03 3.635011e-03 3.647877e-03 3.683993e-03 3.853561e-03 4.115119e-03 6.475005e-03 7.608181e-03 8.115371e-03 8.392758e-03 8.570015e-03 8.686516e-03 4.285673e-03 4.209980e-03 4.207909e-03 4.349356e-03
-9.999000e+03 -9.999000e+03 -9.999000e+03 -9.999000e+03 -9.999000e+03 -9.999000e+03 -9.999000e+03 -9.999000e+03 -9.999000e+03 -9.999000e+03 7.597175e-03 4.023571e-03 1.082773e-02 3.884708e-03 2.889970e-03 4.379820e-03 4.804213e-03 5.173073e-03 5.313385e-03 5.639140e-03 5.694326e-03 5.720287e-03 5.735937e-03 5.780558e-03 5.630570e-03 3.551271e-03 5.767107e-03 5.962141e-03 5.601916e-03 5.396433e-03 5.258074e-03 5.196391e-03 3.461491e-03 3.692005e-03 5.524452e-03 6.070612e-03 3.514131e-03 5.028103e-03 5.623896e-03 5.975840e-03 3.820286e-03 4.093219e-03 6.413974e-03 7.484808e-03 7.916063e-03 8.120843e-03 8.273658e-03 8.420446e-03 8.474430e-03 8.365786e-03 8.287556e-03 8.394388e-03
-9.999000e+03 -9.999000e+03 -9.999000e+03 -9.999000e+03 -9.999000e+03 -9.999000e+03 -9.999000e+03 -9.999000e+03 -9.999000e+03 7.612129e-03 5.402784e-03 1.108174e-02 3.893461e-03 2.810760e-03 3.745382e-03 4.271411e-03 4.605695e-03 4.466213e-03 5.332016e-03 5.375196e-03 5.528019e-03 5.618334e-03 5.691655e-03 5.026528e-03 3.503164e-03 5.079907e-03 5.809174e-03 4.971572e-03 4.838638e-03 4.584655e-03 4.450226e-03 3.301639e-03 4.912297e-03 5.867716e-03 6.367391e-03 6.442444e-03 6.336677e-03 6.197021e-03 3.633299e-03 3.801201e-03 6.749687e-03 6.154643e-03 7.349122e-03 7.758474e-03 7.823828e-03 7.827311e-03 7.911563e-03 8.111306e-03 8.284383e-03 8.338731e-03 8.314490e-03 8.273353e-03
-9.999000e+03 -9.999000e+03 -9.999000e+03 -9.999000e+03 -9.999000e+03 -9.999000e+03 -9.999000e+03 -9.999000e+03 -9.999000e+03 7.772387e-03 1.057568e-02 4.047609e-03 3.616775e-03 2.753466e-03 4.060584e-03 4.298852e-03 2.983049e-03 5.196820e-03 4.918332e-03 5.166250e-03 5.392762e-03 5.552864e-03 3.456187e-03 3.520192e-03 5.103814e-03 5.603628e-03 3.419997e-03 3.390509e-03 3.290028e-03 3.094953e-03 3.107125e-03 4.667360e-03 5.567216e-03 6.189050e-03 6.565778e-03 6.700279e-03 6.691069e-03 3.697814e-03 6.476229e-03 5.765092e-03 6.034648e-03 7.409431e-03 7.719663e-03 7.703808e-03 7.604586e-03 7.591705e-03 7.683130e-03 7.858898e-03 8.024176e-03 8.137674e-03 5.175585e-02 5.500732e-02
-9.999000e+03 -9.999000e+03 -9.999000e+03 -9.999000e+03 -9.999000e+03 -9.999000e+03 -9.999000e+03 -9.999000e+03 1.477575e-02 5.609035e-03 7.895572e-03 4.266291e-03 2.704904e-03 3.713156e-03 4.259724e-03 4.363717e-03 6.347916e-03 4.490755e-03 4.703193e-03 5.037261e-03 5.346111e-03 4.878314e-03 5.526431e-03 5.872559e-03 5.988309e-03 1.688427e-02 1.837583e-02 1.648548e-02 1.462689e-02 1.281735e-02 1.115663e-02 9.605159e-03 8.160962e-03 6.789495e-03 6.755612e-03 6.893303e-03 6.896902e-03 1.065895e-02 1.111388e-02 1.450425e-02 1.573215e-02 1.689373e-02 1.494056e-02 1.318429e-02 1.160146e-02 1.011987e-02 8.727146e-03 7.620520e-03 7.628243e-03 5.074096e-02 7.487710e-03 7.575355e-03
-9.999000e+03 -9.999000e+03 -9.999000e+03 -9.999000e+03 -9.999000e+03 -9.999000e+03 -9.999000e+03 7.709200e-03 1.448123e-02 7.581525e-03 4.096032e-03 4.301568e-03 2.761080e-03 4.197855e-03 4.362241e-03 4.419989e-03 4.434761e-03 4.430334e-03 4.629715e-03 5.032785e-03 3.364894e-03 3.415686e-03 4.983766e-03 1.333007e-02 1.511820e-02 5.931926e-03 5.646333e-03 5.765121e-03 5.684978e-03 5.428946e-03 5.420530e-03 5.793912e-03 6.229730e-03 6.594333e-03 6.826968e-03 6.910227e-03 6.883700e-03 6.774042e-03 6.792161e-03 7.022141e-03 7.221193e-03 7.259783e-03 7.226179e-03 7.185010e-03 7.213552e-03 7.342395e-03 7.402488e-03 7.303300e-03 4.606777e-02 7.193607e-03 7.301715e-03 7.432223e-03
-9.999000e+03 -9.999000e+03 -9.999000e+03 -9.999000e+03 -9.999000e+03 -9.999000e+03 -9.999000e+03 7.553575e-03 2.965899e-03 8.089965e-03 2.951175e-03 3.971855e-03 4.231274e-03 4.368922e-03 4.451764e-03 4.473623e-03 4.512603e-03 4.555551e-03 4.761251e-03 5.170985e-03 7.994374e-03 1.053180e-02 1.287095e-02 5.825605e-03 5.873910e-03 5.147645e-03 3.551799e-03 5.148217e-03 5.677226e-03 5.675557e-03 5.719212e-03 6.024479e-03 6.351758e-03 6.588729e-03 6.718394e-03 6.747601e-03 3.365280e-02 3.450613e-02 3.528525e-02 3.602545e-02 3.673277e-02 3.747134e-02 3.842976e-02 3.740475e-02 3.634200e-02 3.507970e-02 4.318022e-02 4.467792e-02 7.200033e-03 7.127879e-03 7.158455e-03 7.245996e-03
-9.999000e+03 -9.999000e+03 -9.999000e+03 -9.999000e+03 -9.999000e+03 -9.999000e+03 -9.999000e+03 7.688170e-04 7.053224e-03 4.094536e-03 2.796601e-03 3.929852e-03 4.401613e-03 4.560101e-03 4.579227e-03 4.596196e-03 4.678871e-03 4.764213e-03 4.934830e-03 5.283327e-03 5.606072e-03 5.805024e-03 5.676457e-03 5.630105e-03 3.491684e-03 3.579273e-03 5.253042e-03 5.857167e-03 5.997837e-03 5.958170e-03 5.972174e-03 6.136803e-03 6.311802e-03 3.089747e-02 3.205640e-02 3.309444e-02 6.966173e-03 7.221227e-03 7.462579e-03 7.691267e-03 7.841522e-03 7.890425e-03 7.934371e-03 1.302342e-02 1.773845e-02 2.200126e-02 7.808219e-03 7.635356e-03 7.425135e-03 7.180485e-03 7.047891e-03 7.072386e-03
