tests/data/reference/test_implicit_stream_rill_mfda/mqsur_m3_s.asc
ncols	123
nrows	77
xllcorner	-713746.79929998
yllcorner	-1061022.36961616
cellsize	10.0
NODATA_value	-9999
[rows 46 to 68 of 77, columns 52 to 103 of 123]
6.999828e-03 6.861736e-03 6.826381e-03 6.977556e-03 7.168443e-03 6.912895e-03 6.938205e-03 6.974285e-03 7.013618e-03 7.424479e-03 7.415254e-03 2.332119e-02 7.898962e-03 7.879414e-03 7.566994e-03 7.583638e-03 8.201685e-03 7.987375e-03 8.277323e-03 8.445631e-03 8.587152e-03 8.799358e-03 8.931856e-03 8.835823e-03 9.546318e-03 0.000000e+00 1.813963e-03 4.534210e-03 6.931276e-03 7.967463e-03 8.081027e-03 0.000000e+00 0.000000e+00 0.000000e+00 8.221920e-03 8.543632e-03 8.776942e-03 4.482585e-03 4.550718e-03 4.562320e-03 4.552574e-03 4.524639e-03 4.480908e-03 4.412014e-03 4.349015e-03 4.293004e-03 4.233806e-03 7.651603e-03 7.514032e-03 7.552285e-03 7.728820e-03 7.916433e-03
7.023506e-03 6.702559e-03 6.563173e-03 6.735621e-03 5.880357e-03 5.903331e-03 5.924995e-03 6.005801e-03 7.193914e-03 6.867035e-03 2.485797e-02 7.513612e-03 7.258188e-03 6.346352e-03 6.310115e-03 7.621924e-03 6.392426e-03 6.665361e-03 6.888353e-03 6.976630e-03 7.086854e-03 7.284377e-03 7.430222e-03 9.511185e-03 4.622239e-03 0.000000e+00 1.857920e-03 5.339376e-03 7.357891e-03 8.405435e-03 8.774180e-03 8.648223e-03 8.079887e-03 0.000000e+00 0.000000e+00 7.937951e-03 8.385769e-03 4.406561e-03 4.520884e-03 4.555038e-03 4.545364e-03 4.509157e-03 4.478490e-03 4.442272e-03 4.412505e-03 4.380995e-03 4.335679e-03 7.968594e-03 7.790281e-03 7.788154e-03 7.968521e-03 8.144451e-03
7.180453e-03 6.768794e-03 6.557563e-03 3.837359e-03 3.900719e-03 3.890595e-03 3.904177e-03 6.884428e-03 5.893324e-03 2.646151e-02 7.175847e-03 6.194760e-03 4.141631e-03 4.106564e-03 7.406207e-03 4.068606e-03 4.132159e-03 4.271572e-03 4.347120e-03 4.365780e-03 4.429202e-03 4.534101e-03 9.039380e-03 7.388397e-03 8.919717e-03 0.000000e+00 1.929397e-03 9.852671e-03 2.666667e+19 9.666309e-03 9.591667e-03 9.350420e-03 8.569553e-03 3.560459e-03 0.000000e+00 6.970842e-03 7.911752e-03 4.313497e-03 4.466590e-03 4.536370e-03 4.539902e-03 4.498872e-03 4.476146e-03 4.462937e-03 4.459858e-03 4.449870e-03 4.415393e-03 8.314715e-03 8.134194e-03 8.076520e-03 8.175478e-03 8.272169e-03
7.367766e-03 6.984016e-03 3.742115e-03 5.571251e-03 6.346015e-03 6.605724e-03 6.678544e-03 3.848597e-03 2.811080e-02 6.911214e-03 4.019550e-03 4.095440e-03 6.238645e-03 7.110199e-03 4.070314e-03 6.150047e-03 7.109360e-03 7.652608e-03 7.977138e-03 8.127293e-03 8.253647e-03 8.451097e-03 4.500663e-03 4.650138e-03 1.269492e-02 0.000000e+00 6.416343e-03 8.553280e-03 9.395310e-03 9.759538e-03 9.916919e-03 9.804675e-03 9.222905e-03 7.657039e-03 0.000000e+00 0.000000e+00 7.517821e-03 4.217313e-03 4.390057e-03 4.496137e-03 4.526481e-03 4.497945e-03 4.482310e-03 4.480520e-03 4.496595e-03 4.504636e-03 4.476873e-03 8.639865e-03 8.504449e-03 8.406457e-03 8.367643e-03 8.320370e-03
7.446963e-03 1.773243e-02 1.587176e-02 1.409771e-02 1.240558e-02 1.078641e-02 9.227252e-03 2.981490e-02 6.729134e-03 3.939193e-03 5.975625e-03 6.919670e-03 7.318084e-03 7.434396e-03 7.471210e-03 7.522697e-03 7.651911e-03 7.885410e-03 8.092397e-03 8.194716e-03 8.236711e-03 8.257797e-03 8.433445e-03 8.846647e-03 8.986319e-03 0.000000e+00 5.824039e-03 4.659050e-03 7.570441e-03 9.190794e-03 9.960187e-03 1.016701e-02 9.812544e-03 1.594577e-02 6.996724e-03 0.000000e+00 6.980927e-03 4.151043e-03 4.325429e-03 4.448831e-03 4.498956e-03 4.490425e-03 4.486534e-03 4.487664e-03 7.101634e-03 7.148119e-03 4.527897e-03 8.927747e-03 8.830166e-03 8.711576e-03 8.572854e-03 8.406889e-03
1.966557e-02 7.595565e-03 1.238380e-02 1.264582e-02 1.691552e-02 2.439993e-02 2.752208e-02 6.772467e-03 6.825255e-03 6.984384e-03 7.167106e-03 7.259689e-03 7.311246e-03 7.346794e-03 7.407351e-03 7.515964e-03 1.224406e-02 1.056827e-02 9.195504e-03 8.661169e-03 8.512384e-03 8.266019e-03 8.170622e-03 8.402345e-03 8.567534e-03 0.000000e+00 4.625669e-03 7.491980e-03 9.095197e-03 9.998936e-03 1.048646e-02 1.061004e-02 1.027982e-02 9.368247e-03 1.387092e-02 0.000000e+00 0.000000e+00 4.121375e-03 4.288193e-03 4.410623e-03 4.468333e-03 4.476568e-03 4.488436e-03 4.489572e-03 8.360204e-03 8.461375e-03 4.565145e-03 9.186431e-03 9.081662e-03 8.952990e-03 8.807190e-03 8.605326e-03
7.804699e-03 7.773600e-03 4.058516e-03 7.344014e-03 9.611176e-03 6.959578e-03 6.936324e-03 6.907150e-03 7.008223e-03 7.214382e-03 7.385543e-03 7.348865e-03 7.261320e-03 7.231572e-03 7.271787e-03 7.375904e-03 4.171559e-03 6.574477e-03 7.852393e-03 8.496162e-03 8.642830e-03 8.273800e-03 7.956456e-03 8.060101e-03 4.417686e-03 0.000000e+00 6.188359e-03 9.127961e-03 1.023884e-02 1.066003e-02 1.087237e-02 1.087661e-02 1.055915e-02 9.876680e-03 8.435001e-03 1.210492e-02 0.000000e+00 6.252341e-03 4.288313e-03 4.375905e-03 4.419446e-03 4.429678e-03 4.459511e-03 7.058563e-03 8.887600e-03 9.027886e-03 7.267692e-03 9.403674e-03 9.299573e-03 9.162448e-03 9.031937e-03 8.859116e-03
7.849241e-03 7.924066e-03 7.774287e-03 1.130710e-02 7.120538e-03 7.012726e-03 7.028589e-03 7.055934e-03 7.207589e-03 1.196791e-02 1.027164e-02 8.830799e-03 7.562363e-03 7.277233e-03 7.183083e-03 7.230156e-03 7.458976e-03 7.874103e-03 8.317819e-03 8.707426e-03 8.777925e-03 8.293840e-03 1.352610e-02 1.396346e-02 1.227010e-02 0.000000e+00 6.476307e-03 9.401291e-03 1.046814e-02 1.089461e-02 1.104141e-02 1.094082e-02 1.068401e-02 1.030691e-02 9.258023e-03 1.772181e-02 0.000000e+00 0.000000e+00 4.401395e-03 4.357551e-03 4.355086e-03 4.344932e-03 6.899162e-03 8.256747e-03 9.100006e-03 9.272015e-03 8.640439e-03 9.562607e-03 9.506719e-03 9.369522e-03 9.223161e-03 9.115975e-03
7.956292e-03 8.095680e-03 1.335948e-02 7.600776e-03 7.211210e-03 7.115557e-03 7.162669e-03 7.206608e-03 7.372199e-03 7.716347e-03 7.904981e-03 7.890042e-03 7.704485e-03 7.417448e-03 7.236295e-03 7.256812e-03 7.462530e-03 7.827508e-03 8.231191e-03 8.611246e-03 8.678583e-03 8.156739e-03 4.077683e-03 4.308292e-03 6.906729e-03 0.000000e+00 6.420337e-03 9.447636e-03 1.059384e-02 1.320438e-02 1.403126e-02 1.151773e-02 1.075207e-02 1.060768e-02 1.812212e-02 2.358132e-02 2.666667e+19 0.000000e+00 4.506941e-03 4.472361e-03 4.375712e-03 4.360612e-03 8.062363e-03 8.782797e-03 9.237495e-03 9.415597e-03 9.256852e-03 9.651940e-03 9.655357e-03 9.551517e-03 9.402738e-03 9.336345e-03
8.125621e-03 8.256264e-03 8.160831e-03 7.712824e-03 7.332973e-03 7.311665e-03 7.342949e-03 7.390516e-03 7.544610e-03 4.188443e-03 1.360222e-02 1.840236e-02 1.631322e-02 2.608962e-02 2.976121e-02 2.776736e-02 2.584194e-02 2.399442e-02 2.221827e-02 2.050531e-02 1.880405e-02 1.705434e-02 1.536025e-02 1.379873e-02 0.000000e+00 0.000000e+00 4.814809e-03 2.666667e+19 2.666667e+19 2.666667e+19 1.091289e-02 1.092549e-02 1.080046e-02 1.077477e-02 1.052258e-02 1.640645e-02 2.270573e-02 0.000000e+00 4.611816e-03 4.565954e-03 4.469806e-03 6.957711e-03 8.735830e-03 9.141071e-03 9.417857e-03 9.552262e-03 9.519108e-03 9.672709e-03 9.711391e-03 9.681099e-03 9.584043e-03 9.509988e-03
8.291312e-03 8.372813e-03 8.168638e-03 7.662542e-03 7.576161e-03 7.521127e-03 7.528544e-03 7.619044e-03 7.745794e-03 1.280100e-02 8.039193e-03 8.185129e-03 1.347806e-02 8.006918e-03 7.853296e-03 1.307989e-02 1.128637e-02 9.792119e-03 8.589067e-03 8.686802e-03 8.714578e-03 8.430918e-03 8.297081e-03 8.612076e-03 0.000000e+00 1.930838e-03 5.695361e-03 2.666667e+19 1.333333e+19 1.038757e-02 1.066692e-02 1.076120e-02 1.079039e-02 1.080613e-02 1.059315e-02 1.798850e-02 3.675524e-02 0.000000e+00 0.000000e+00 4.746694e-03 7.299520e-03 8.460189e-03 9.231571e-03 9.446323e-03 9.599493e-03 9.677046e-03 9.651654e-03 9.672788e-03 9.689183e-03 9.699265e-03 9.656099e-03 9.554398e-03
8.416462e-03 8.223115e-03 7.575348e-03 7.863242e-03 7.730946e-03 7.625471e-03 7.674208e-03 7.774223e-03 7.887353e-03 7.949358e-03 8.043405e-03 8.209544e-03 8.286378e-03 8.143617e-03 8.055514e-03 8.167575e-03 1.365816e-02 1.890671e-02 2.473662e-02 2.319404e-02 2.115839e-02 1.902750e-02 1.720271e-02 1.553327e-02 0.000000e+00 1.946748e-03 5.696521e-03 8.169053e-03 1.333333e+19 1.005065e-02 1.030538e-02 1.055370e-02 1.076397e-02 1.087869e-02 1.083462e-02 1.048013e-02 2.501574e-02 3.573801e-02 0.000000e+00 7.919170e-03 9.187399e-03 9.414715e-03 9.656279e-03 9.708370e-03 9.738245e-03 9.767508e-03 9.748402e-03 9.690159e-03 9.612676e-03 9.571050e-03 9.533124e-03 9.404545e-03
7.905759e-03 6.593717e-03 7.776518e-03 7.756216e-03 7.556749e-03 7.668165e-03 7.662394e-03 7.773247e-03 7.875248e-03 7.922373e-03 8.006239e-03 8.194864e-03 8.260571e-03 8.200649e-03 8.193715e-03 8.306069e-03 8.467919e-03 8.654646e-03 8.857698e-03 1.496365e-02 1.307084e-02 1.149162e-02 1.009952e-02 9.570834e-03 0.000000e+00 1.956120e-03 5.681913e-03 2.666667e+19 9.315698e-03 9.813142e-03 5.828404e-02 6.084363e-02 6.204958e-02 9.830149e-02 1.067481e-01 1.035935e-01 1.019906e-01 1.532054e-01 0.000000e+00 0.000000e+00 1.025101e-02 1.003884e-02 9.956333e-03 9.881349e-03 9.815422e-03 9.799947e-03 9.780626e-03 9.687824e-03 9.530549e-03 9.420556e-03 9.376472e-03 9.234944e-03
4.370959e-03 7.469187e-03 7.560011e-03 7.028118e-03 7.532821e-03 7.470170e-03 7.513821e-03 7.598803e-03 7.684173e-03 7.762477e-03 8.001732e-03 8.083616e-03 8.159720e-03 8.224287e-03 8.268461e-03 8.377395e-03 8.533460e-03 8.722091e-03 8.943104e-03 9.177245e-03 1.550327e-02 1.661919e-02 1.835542e-02 2.988606e-02 0.000000e+00 4.937053e-03 7.890694e-03 1.683452e-02 3.136541e-02 4.530234e-02 9.772049e-03 2.331307e-02 3.664696e-02 9.737060e-03 9.880773e-03 2.444241e-02 3.204870e-02 2.732851e-02 1.721307e-01 0.000000e+00 0.000000e+00 1.034053e-02 1.010167e-02 9.927780e-03 9.820026e-03 9.765628e-03 9.718088e-03 9.624891e-03 9.459584e-03 9.337335e-03 9.317765e-03 9.192790e-03
6.701691e-03 7.656573e-03 5.891014e-03 7.177120e-03 6.977573e-03 7.086854e-03 7.129699e-03 7.155706e-03 7.211556e-03 7.771188e-03 7.792347e-03 7.884141e-03 8.096588e-03 8.173839e-03 8.290272e-03 8.441882e-03 8.577200e-03 8.767528e-03 8.994398e-03 9.192865e-03 4.586130e-03 4.589057e-03 9.283522e-03 4.729664e-03 0.000000e+00 4.898395e-03 7.875138e-03 1.050388e-02 1.035708e-02 8.991451e-03 7.597373e-03 7.748060e-03 7.890497e-03 7.998795e-03 8.137271e-03 8.322712e-03 8.358819e-03 1.005235e-02 9.863257e-03 1.745879e-01 0.000000e+00 0.000000e+00 9.911716e-03 9.762078e-03 9.718851e-03 9.688451e-03 9.633083e-03 9.565414e-03 9.431250e-03 9.291279e-03 9.236662e-03 9.123886e-03
7.881828e-03 3.923686e-03 6.880537e-03 5.826501e-03 6.042769e-03 6.148483e-03 6.177114e-03 6.135334e-03 7.390688e-03 7.170940e-03 7.348032e-03 7.833402e-03 7.812570e-03 7.967604e-03 8.263674e-03 8.387554e-03 8.560187e-03 8.772875e-03 8.859659e-03 4.569986e-03 7.266984e-03 8.563684e-03 4.597211e-03 7.482247e-03 0.000000e+00 6.668178e-03 9.695399e-03 1.037001e-02 7.486474e-03 4.678071e-03 4.706335e-03 4.758670e-03 4.817398e-03 4.872767e-03 4.945434e-03 5.036503e-03 2.025676e-02 3.042769e-02 2.575865e-02 2.157721e-02 1.899386e-01 0.000000e+00 8.903666e-03 9.131991e-03 9.466317e-03 9.573994e-03 9.573063e-03 9.554203e-03 9.471275e-03 9.269059e-03 9.072853e-03 4.440046e-03
7.742079e-03 7.239129e-03 3.749856e-03 3.882124e-03 3.982374e-03 4.044445e-03 4.040214e-03 7.106535e-03 5.952088e-03 6.125438e-03 7.430303e-03 7.159675e-03 7.247344e-03 7.801975e-03 7.916075e-03 8.126577e-03 8.366754e-03 8.230165e-03 4.551289e-03 7.265888e-03 8.632983e-03 9.132568e-03 9.357990e-03 9.667486e-03 0.000000e+00 6.694198e-03 9.624992e-03 4.680231e-03 4.652792e-03 7.450084e-03 8.909806e-03 9.607904e-03 9.998866e-03 1.032503e-02 1.067302e-02 1.533023e-02 5.030345e-03 5.055014e-03 8.254969e-03 9.513491e-03 8.714382e-03 0.000000e+00 0.000000e+00 8.408673e-03 9.121850e-03 9.400394e-03 9.464195e-03 9.459920e-03 9.410958e-03 9.142319e-03 4.391070e-03 9.330828e-03
7.447600e-03 7.043973e-03 6.676300e-03 6.617771e-03 6.734938e-03 6.925036e-03 7.018924e-03 3.875395e-03 3.889952e-03 6.905538e-03 5.996978e-03 6.049270e-03 7.219808e-03 7.081948e-03 7.320098e-03 7.591356e-03 6.870300e-03 4.522899e-03 7.223585e-03 8.635239e-03 9.254673e-03 9.403795e-03 9.451912e-03 9.622138e-03 0.000000e+00 6.622477e-03 9.512098e-03 1.027572e-02 1.024845e-02 1.008940e-02 9.969150e-03 9.891237e-03 9.908107e-03 1.005600e-02 1.032104e-02 1.067822e-02 1.479892e-02 1.920712e-02 3.591221e-02 4.485212e-02 3.855244e-02 3.344357e-02 0.000000e+00 0.000000e+00 8.630945e-03 9.159817e-03 4.468376e-03 9.186505e-03 9.131100e-03 4.374155e-03 9.151020e-03 9.316300e-03
6.985757e-03 6.779006e-03 6.634795e-03 6.595946e-03 6.632660e-03 6.723340e-03 6.751705e-03 6.642502e-03 6.579051e-03 3.864072e-03 3.912925e-03 6.732324e-03 5.854890e-03 6.005659e-03 6.228928e-03 4.322351e-03 4.433181e-03 7.088809e-03 8.516638e-03 9.201137e-03 9.479385e-03 9.523022e-03 9.518864e-03 9.583538e-03 0.000000e+00 6.574011e-03 9.484770e-03 1.037519e-02 1.046954e-02 1.032729e-02 1.014657e-02 9.965795e-03 9.849389e-03 9.842387e-03 9.986713e-03 1.029235e-02 1.064790e-02 1.321068e-02 4.961237e-03 4.941208e-03 7.904437e-03 8.786013e-03 3.484183e-02 0.000000e+00 8.359089e-03 8.691896e-03 4.428097e-03 4.378266e-03 4.354744e-03 4.422051e-03 9.228704e-03 8.809111e-03
6.227276e-03 6.407120e-03 6.541560e-03 6.630734e-03 6.672138e-03 6.660062e-03 6.600010e-03 6.498969e-03 6.415879e-03 6.387780e-03 6.421133e-03 3.797185e-03 3.860195e-03 3.938913e-03 4.082732e-03 6.453632e-03 7.807818e-03 8.632809e-03 9.130570e-03 9.382988e-03 9.476341e-03 9.464411e-03 1.581057e-02 1.703165e-02 0.000000e+00 6.889299e-03 9.784488e-03 1.068108e-02 1.080278e-02 1.065023e-02 1.041568e-02 1.014732e-02 9.911753e-03 9.753010e-03 9.741293e-03 9.920288e-03 1.021341e-02 1.054794e-02 1.108966e-02 1.492630e-02 1.449247e-02 1.188314e-02 1.050170e-02 0.000000e+00 0.000000e+00 8.147199e-03 4.402307e-03 4.399171e-03 4.385339e-03 9.428257e-03 9.442383e-03 8.843973e-03
3.610341e-03 5.410897e-03 6.265650e-03 6.671661e-03 6.818625e-03 6.747167e-03 6.617783e-03 6.542748e-03 6.439605e-03 6.223394e-03 6.076236e-03 6.131440e-03 6.344191e-03 6.658878e-03 7.089713e-03 7.633376e-03 8.189702e-03 8.711393e-03 9.090169e-03 9.266727e-03 9.288951e-03 9.205629e-03 4.522059e-03 0.000000e+00 0.000000e+00 5.979129e-03 9.034232e-03 1.032795e-02 1.078261e-02 1.082607e-02 1.066818e-02 1.038538e-02 1.007340e-02 9.792955e-03 9.611408e-03 9.577434e-03 9.740485e-03 1.009189e-02 1.049652e-02 1.188186e-02 1.417814e-02 1.221673e-02 1.095171e-02 1.002982e-02 0.000000e+00 0.000000e+00 6.659550e-03 4.453000e-03 4.517490e-03 4.602562e-03 4.671543e-03 7.510761e-03
-9.999000e+03 -9.999000e+03 -9.999000e+03 -9.999000e+03 -9.999000e+03 -9.999000e+03 -9.999000e+03 3.838743e-03 3.781372e-03 3.614906e-03 3.538241e-03 3.606765e-03 5.414159e-03 6.422779e-03 7.105061e-03 7.641481e-03 8.125920e-03 8.603974e-03 8.948019e-03 9.073985e-03 9.041783e-03 8.901659e-03 8.915612e-03 0.000000e+00 1.992318e-03 5.588298e-03 7.995696e-03 9.520359e-03 1.039862e-02 1.079536e-02 1.084900e-02 1.063827e-02 1.029417e-02 9.903236e-03 9.554377e-03 9.309674e-03 9.318473e-03 9.639030e-03 1.009448e-02 1.055890e-02 1.272307e-02 1.536483e-02 1.293551e-02 1.121846e-02 9.904791e-03 0.000000e+00 0.000000e+00 4.574240e-03 4.655603e-03 4.708748e-03 4.734506e-03 4.729459e-03
-9.999000e+03 -9.999000e+03 -9.999000e+03 -9.999000e+03 -9.999000e+03 -9.999000e+03 -9.999000e+03 -9.999000e+03 -9.999000e+03 -9.999000e+03 5.205837e-03 5.221392e-03 3.792724e-03 4.025766e-03 6.258702e-03 7.351719e-03 7.950238e-03 8.436805e-03 8.758425e-03 8.834536e-03 8.771855e-03 8.651290e-03 8.723105e-03 0.000000e+00 1.986224e-03 5.549085e-03 7.913631e-03 9.431246e-03 1.035822e-02 1.169496e-02 1.108644e-02 1.090023e-02 1.054610e-02 1.006926e-02 9.601580e-03 9.238523e-03 9.115673e-03 9.291191e-03 9.673520e-03 1.018358e-02 1.066629e-02 1.420486e-02 1.443346e-02 1.173983e-02 1.044996e-02 9.210062e-03 0.000000e+00 0.000000e+00 4.719502e-03 4.787285e-03 -9.999000e+03 -9.999000e+03
