tests/data/reference/test_implicit_stream_rill_mfda/mrsearstr_pa.asc
ncols	123
nrows	77
xllcorner	-713746.79929998
yllcorner	-1061022.36961616
cellsize	10.0
NODATA_value	-9999
[rows 23 to 45 of 77, columns 52 to 103 of 123]
6.429813e+00 7.720825e+00 7.759679e+00 7.576724e+00 7.468589e+00 7.435246e+00 7.312873e+00 7.065764e+00 6.907545e+00 6.894165e+00 6.806206e+00 6.668046e+00 6.526119e+00 6.245002e+00 5.693148e+00 5.023699e+00 8.235807e+00 4.058836e+00 4.211945e+00 4.440122e+00 4.625600e+00 4.779777e+00 4.738034e+00 4.618799e+00 3.122702e+00 3.643209e+00 8.326542e+00 4.397301e+00 5.382380e+00 3.560571e+00 4.129555e+00 3.907720e+00 2.724144e+00 2.102964e+00 -9.999000e+03 -9.999000e+03 -9.999000e+03 -9.999000e+03 -9.999000e+03 -9.999000e+03 -9.999000e+03 -9.999000e+03 -9.999000e+03 -9.999000e+03 -9.999000e+03 -9.999000e+03 -9.999000e+03 -9.999000e+03 -9.999000e+03 -9.999000e+03 -9.999000e+03 -9.999000e+03
6.718434e+00 7.501707e+00 7.826914e+00 7.619901e+00 7.480145e+00 7.392178e+00 7.234862e+00 6.997991e+00 6.879023e+00 6.881627e+00 6.825280e+00 6.744794e+00 6.550593e+00 6.127163e+00 5.574038e+00 5.000700e+00 9.164681e+00 4.234714e+00 4.496800e+00 4.863101e+00 5.182776e+00 5.413922e+00 5.431994e+00 5.321644e+00 4.519396e+00 4.370078e+00 2.779586e+00 7.328661e+00 3.618026e+00 4.841898e+00 4.862597e+00 4.145290e+00 3.738564e+00 3.141854e+00 1.925126e+00 -9.999000e+03 -9.999000e+03 -9.999000e+03 -9.999000e+03 -9.999000e+03 -9.999000e+03 -9.999000e+03 -9.999000e+03 -9.999000e+03 -9.999000e+03 -9.999000e+03 -9.999000e+03 -9.999000e+03 -9.999000e+03 -9.999000e+03 -9.999000e+03 -9.999000e+03
8.065552e+00 7.628824e+00 7.813806e+00 7.741492e+00 7.439311e+00 7.169449e+00 6.945653e+00 6.839254e+00 6.897437e+00 6.997771e+00 6.980040e+00 6.827242e+00 6.450299e+00 5.925305e+00 5.506115e+00 5.217251e+00 1.066000e+01 4.799507e+00 4.974239e+00 5.281355e+00 5.613411e+00 5.859678e+00 5.889904e+00 5.773934e+00 5.343968e+00 5.153761e+00 4.307915e+00 9.066394e+00 2.960233e+00 3.901356e+00 6.319737e+00 3.532526e+00 3.972646e+00 4.183050e+00 3.638110e+00 2.512360e+00 2.040910e+00 2.000377e+00 -9.999000e+03 -9.999000e+03 -9.999000e+03 -9.999000e+03 -9.999000e+03 -9.999000e+03 -9.999000e+03 -9.999000e+03 -9.999000e+03 -9.999000e+03 -9.999000e+03 -9.999000e+03 -9.999000e+03 -9.999000e+03
7.102766e+00 8.218996e+00 7.828492e+00 7.586311e+00 7.249136e+00 6.941950e+00 6.795597e+00 6.881904e+00 7.033359e+00 7.111368e+00 7.040457e+00 6.777736e+00 6.373441e+00 5.960191e+00 5.657854e+00 5.439714e+00 1.066000e+01 5.007933e+00 5.133647e+00 5.403757e+00 5.693226e+00 5.908012e+00 5.951057e+00 5.904069e+00 5.760557e+00 5.722821e+00 5.401888e+00 1.021995e+01 4.484095e+00 4.268027e+00 6.345798e+00 3.535715e+00 3.989950e+00 4.460022e+00 4.406643e+00 3.725623e+00 3.023292e+00 2.175365e+00 2.618081e+00 1.951075e+00 -9.999000e+03 -9.999000e+03 -9.999000e+03 -9.999000e+03 -9.999000e+03 -9.999000e+03 -9.999000e+03 -9.999000e+03 -9.999000e+03 -9.999000e+03 -9.999000e+03 -9.999000e+03
8.004452e+00 5.366042e+00 7.826579e+00 7.269329e+00 6.952521e+00 6.844257e+00 6.893717e+00 7.073048e+00 7.167499e+00 7.134920e+00 6.999988e+00 6.744236e+00 6.477256e+00 6.237062e+00 5.941246e+00 5.536875e+00 1.066000e+01 4.807097e+00 4.940216e+00 5.192031e+00 5.385306e+00 5.535074e+00 5.607744e+00 5.695098e+00 5.831606e+00 6.015136e+00 6.037924e+00 1.066000e+01 5.544480e+00 5.249058e+00 7.430308e+00 4.250869e+00 4.012269e+00 4.000973e+00 4.061077e+00 3.881344e+00 2.604584e+00 2.318557e+00 2.686553e+00 2.693106e+00 2.382913e+00 9.791843e-01 -9.999000e+03 -9.999000e+03 -9.999000e+03 -9.999000e+03 -9.999000e+03 -9.999000e+03 -9.999000e+03 -9.999000e+03 -9.999000e+03 -9.999000e+03
8.286558e+00 6.804502e+00 7.555326e+00 7.068016e+00 4.502808e+00 6.854713e+00 6.968900e+00 7.160172e+00 7.256507e+00 7.214747e+00 7.069515e+00 6.824560e+00 6.577557e+00 6.311085e+00 5.911372e+00 5.392574e+00 1.066000e+01 4.817921e+00 5.037376e+00 5.312389e+00 5.483562e+00 5.591264e+00 5.629111e+00 5.710948e+00 5.924123e+00 6.231509e+00 6.447225e+00 1.066000e+01 6.169175e+00 5.895286e+00 7.756557e+00 4.788754e+00 4.189805e+00 3.863482e+00 3.798881e+00 3.789208e+00 3.287941e+00 3.028334e+00 2.299388e+00 2.917700e+00 0.000000e+00 1.664713e+00 6.951215e-01 5.202795e-01 -9.999000e+03 -9.999000e+03 -9.999000e+03 -9.999000e+03 -9.999000e+03 -9.999000e+03 -9.999000e+03 -9.999000e+03
8.115406e+00 7.189880e+00 7.290149e+00 7.015618e+00 4.585077e+00 5.884570e+00 6.928068e+00 7.177529e+00 7.395936e+00 7.406245e+00 7.251705e+00 6.948872e+00 6.565341e+00 6.076010e+00 5.523394e+00 5.088259e+00 4.983873e+00 1.066000e+01 5.480234e+00 5.830797e+00 6.057480e+00 6.128642e+00 6.053378e+00 5.988959e+00 6.087964e+00 6.394199e+00 6.671775e+00 1.057382e+01 6.387705e+00 6.108759e+00 7.468992e+00 5.162189e+00 4.609080e+00 4.164987e+00 3.820105e+00 3.632503e+00 3.395939e+00 3.316157e+00 3.046116e+00 0.000000e+00 0.000000e+00 3.536110e+00 2.060824e+00 9.014235e-01 3.949510e-01 -9.999000e+03 -9.999000e+03 -9.999000e+03 -9.999000e+03 -9.999000e+03 -9.999000e+03 -9.999000e+03
7.480661e+00 6.933302e+00 6.934128e+00 6.910060e+00 5.949622e+00 4.614629e+00 6.573303e+00 7.281587e+00 7.443764e+00 7.324247e+00 7.061444e+00 6.665212e+00 6.199922e+00 5.676865e+00 5.276141e+00 5.165840e+00 5.349851e+00 5.721081e+00 1.066000e+01 6.409084e+00 6.548805e+00 6.498751e+00 6.321879e+00 6.194882e+00 6.257301e+00 6.554195e+00 6.776481e+00 1.012992e+01 6.527226e+00 6.355133e+00 7.284586e+00 5.646225e+00 5.139777e+00 4.663284e+00 2.970912e+00 2.721171e+00 3.657189e+00 3.678282e+00 0.000000e+00 0.000000e+00 2.417054e+00 3.036137e+00 1.970476e+00 1.442743e+00 1.006244e+00 3.579729e-01 -9.999000e+03 -9.999000e+03 -9.999000e+03 -9.999000e+03 -9.999000e+03 -9.999000e+03
6.430633e+00 6.265397e+00 6.488386e+00 6.728660e+00 6.513430e+00 6.062160e+00 4.818727e+00 7.217836e+00 7.228345e+00 6.842296e+00 6.418408e+00 5.938768e+00 5.530235e+00 5.284836e+00 5.344491e+00 5.662425e+00 6.069779e+00 6.515513e+00 1.066000e+01 6.984882e+00 6.894408e+00 6.659625e+00 6.412174e+00 6.318930e+00 6.436413e+00 6.694891e+00 6.757208e+00 9.534182e+00 6.611059e+00 6.635356e+00 7.141416e+00 6.240931e+00 5.768310e+00 3.746463e+00 3.367360e+00 3.057930e+00 4.241576e+00 0.000000e+00 0.000000e+00 3.036798e+00 2.901358e+00 2.963440e+00 1.758875e+00 1.415712e+00 1.419055e+00 1.235093e+00 1.046516e+00 -9.999000e+03 -9.999000e+03 -9.999000e+03 -9.999000e+03 -9.999000e+03
5.047142e+00 5.265199e+00 5.686523e+00 6.074962e+00 4.252070e+00 6.578503e+00 6.601756e+00 6.057409e+00 6.797959e+00 6.521950e+00 6.175263e+00 5.809916e+00 5.600415e+00 5.614665e+00 5.859344e+00 6.250380e+00 6.618112e+00 6.931322e+00 1.066000e+01 6.993033e+00 6.803326e+00 6.579819e+00 6.424272e+00 6.440360e+00 6.606719e+00 6.775142e+00 6.656284e+00 8.787743e+00 6.428513e+00 6.522344e+00 6.594955e+00 6.414139e+00 4.158473e+00 4.003553e+00 3.694574e+00 3.389855e+00 0.000000e+00 0.000000e+00 3.729144e+00 3.732495e+00 3.386138e+00 3.171256e+00 1.676972e+00 1.388699e+00 1.775608e+00 1.866419e+00 1.848205e+00 1.203093e+00 3.760688e-01 -9.999000e+03 -9.999000e+03 -9.999000e+03
3.517804e+00 4.068124e+00 4.532970e+00 4.960271e+00 5.419254e+00 5.043980e+00 6.203819e+00 6.322526e+00 6.166395e+00 6.567986e+00 6.540289e+00 6.471877e+00 6.495955e+00 6.568072e+00 6.663025e+00 6.793731e+00 6.863084e+00 6.840239e+00 6.639492e+00 1.066000e+01 6.277427e+00 6.267200e+00 6.368030e+00 6.565842e+00 6.761790e+00 6.791064e+00 6.476311e+00 7.906043e+00 5.985439e+00 6.004602e+00 6.123505e+00 4.127223e+00 4.042555e+00 4.002865e+00 0.000000e+00 0.000000e+00 0.000000e+00 3.634097e+00 4.530429e+00 4.240889e+00 3.878608e+00 2.626578e+00 2.337264e+00 2.385894e+00 2.219239e+00 1.954795e+00 1.768643e+00 1.388250e+00 1.215086e+00 5.713702e-01 -9.999000e+03 -9.999000e+03
1.079000e+01 1.079000e+01 4.047605e+00 4.521603e+00 4.842691e+00 5.423101e+00 5.585912e+00 6.275125e+00 6.560906e+00 6.710063e+00 7.024217e+00 7.171925e+00 7.314169e+00 7.367534e+00 7.326198e+00 7.210095e+00 6.974760e+00 6.649243e+00 6.229035e+00 1.079000e+01 5.668012e+00 5.724850e+00 5.983067e+00 6.305339e+00 6.496498e+00 6.397659e+00 5.976156e+00 6.861688e+00 5.539147e+00 5.569520e+00 5.768158e+00 4.063539e+00 4.052444e+00 0.000000e+00 0.000000e+00 5.099498e+00 3.929898e+00 4.740399e+00 5.007069e+00 4.686306e+00 3.123835e+00 2.949461e+00 2.734580e+00 3.102412e+00 2.693088e+00 2.323231e+00 1.639208e+00 1.663561e+00 1.681448e+00 2.492883e+00 1.134934e+00 5.894742e-01
6.313724e+00 5.981512e+00 1.079000e+01 4.416278e+00 4.878769e+00 5.666920e+00 6.318854e+00 6.631360e+00 7.172103e+00 7.479533e+00 7.682182e+00 7.979794e+00 8.144894e+00 8.173111e+00 8.058297e+00 7.727950e+00 7.205828e+00 6.635779e+00 6.051728e+00 5.509430e+00 1.079000e+01 5.154584e+00 5.463615e+00 5.831011e+00 5.768284e+00 5.565740e+00 5.150812e+00 5.672047e+00 5.073666e+00 5.236539e+00 5.551186e+00 4.094799e+00 0.000000e+00 0.000000e+00 4.802384e+00 5.559534e+00 4.941502e+00 5.283791e+00 5.352474e+00 3.590028e+00 3.384954e+00 3.152255e+00 2.919432e+00 2.631533e+00 3.177646e+00 2.969693e+00 2.223454e+00 2.665986e+00 2.560750e+00 2.882657e+00 1.660248e+00 2.463426e+00
3.610409e+00 4.755961e+00 5.107665e+00 1.079000e+01 1.079000e+01 1.079000e+01 1.079000e+01 6.452467e+00 6.557305e+00 6.735399e+00 6.872552e+00 7.027551e+00 7.088847e+00 6.992767e+00 9.191007e+00 6.438640e+00 6.013977e+00 5.633346e+00 5.248440e+00 4.884578e+00 3.268951e+00 1.079000e+01 7.077001e+00 5.441806e+00 5.355424e+00 5.021312e+00 4.516978e+00 4.748751e+00 4.821345e+00 5.134196e+00 5.515545e+00 0.000000e+00 0.000000e+00 4.091491e+00 5.586610e+00 5.730147e+00 5.391489e+00 5.525543e+00 5.532279e+00 3.748722e+00 3.578969e+00 3.325175e+00 3.086504e+00 2.823425e+00 3.512250e+00 3.304168e+00 3.007734e+00 3.170284e+00 3.072789e+00 3.166410e+00 2.583257e+00 2.980784e+00
5.746206e+00 6.290300e+00 6.216202e+00 5.401331e+00 5.264353e+00 5.898485e+00 6.107260e+00 1.079000e+01 1.079000e+01 1.079000e+01 1.079000e+01 1.079000e+01 1.079000e+01 1.079000e+01 1.079000e+01 1.079000e+01 1.079000e+01 4.124546e+00 4.339018e+00 4.501691e+00 4.772242e+00 4.595783e+00 1.079000e+01 5.336538e+00 4.851778e+00 4.400054e+00 4.284685e+00 4.330648e+00 4.833420e+00 5.293553e+00 0.000000e+00 0.000000e+00 4.330769e+00 4.185400e+00 5.987488e+00 5.905662e+00 5.628039e+00 5.607328e+00 5.570768e+00 3.802086e+00 3.687564e+00 3.454410e+00 3.234104e+00 2.986138e+00 2.707192e+00 2.452539e+00 3.070066e+00 3.120235e+00 3.198316e+00 3.396519e+00 3.294571e+00 3.402309e+00
5.791825e+00 6.591559e+00 6.573768e+00 1.079000e+01 1.079000e+01 1.079000e+01 1.079000e+01 1.079000e+01 1.079000e+01 1.079000e+01 1.079000e+01 1.079000e+01 1.079000e+01 1.079000e+01 1.079000e+01 1.079000e+01 1.079000e+01 1.079000e+01 1.079000e+01 3.719822e+00 4.106657e+00 4.739173e+00 1.079000e+01 4.722097e+00 4.284957e+00 3.993641e+00 4.029257e+00 4.488650e+00 4.947633e+00 0.000000e+00 0.000000e+00 4.315026e+00 4.389839e+00 4.244574e+00 6.190139e+00 6.061885e+00 5.822514e+00 5.768960e+00 3.931184e+00 3.934315e+00 3.842231e+00 3.607943e+00 3.372583e+00 3.141830e+00 2.887561e+00 2.603185e+00 2.368993e+00 3.106501e+00 3.189386e+00 3.398178e+00 3.495652e+00 3.515664e+00
6.300729e+00 1.066000e+01 1.066000e+01 6.346832e+00 6.649153e+00 7.332837e+00 7.713085e+00 7.763528e+00 7.717692e+00 7.579031e+00 7.373668e+00 7.315109e+00 6.968858e+00 6.523715e+00 6.035490e+00 5.578719e+00 7.101827e+00 7.976230e+00 6.848159e+00 1.079000e+01 1.079000e+01 1.079000e+01 1.079000e+01 1.079000e+01 3.680280e+00 3.792612e+00 4.009625e+00 4.658122e+00 0.000000e+00 0.000000e+00 4.160390e+00 5.619253e+00 4.423400e+00 4.270102e+00 6.297354e+00 6.206532e+00 6.031522e+00 6.023545e+00 4.127619e+00 4.143383e+00 4.061704e+00 3.817880e+00 3.520830e+00 3.264941e+00 3.090014e+00 2.884979e+00 2.604271e+00 3.241223e+00 3.147457e+00 3.164101e+00 3.184213e+00 3.236251e+00
1.066000e+01 5.958881e+00 6.372207e+00 6.691663e+00 7.238404e+00 7.978355e+00 8.455578e+00 8.660269e+00 8.779613e+00 8.779031e+00 8.645873e+00 8.412975e+00 8.109524e+00 7.740319e+00 7.314639e+00 7.107013e+00 6.680317e+00 8.547036e+00 7.631215e+00 7.941192e+00 8.762958e+00 1.079000e+01 8.240136e+00 1.079000e+01 1.079000e+01 3.074033e+00 3.745272e+00 3.345270e+00 0.000000e+00 4.744856e+00 5.158129e+00 6.162948e+00 4.510772e+00 5.635974e+00 6.433590e+00 6.315712e+00 6.189763e+00 6.240753e+00 4.285918e+00 4.298974e+00 4.206042e+00 3.981680e+00 3.666469e+00 3.348094e+00 3.196358e+00 3.091701e+00 2.857563e+00 2.591697e+00 3.336998e+00 3.223749e+00 3.145409e+00 3.161563e+00
5.328139e+00 5.760631e+00 6.101862e+00 6.291415e+00 6.646279e+00 7.275481e+00 7.789841e+00 8.130356e+00 8.466318e+00 8.697574e+00 8.727746e+00 8.659430e+00 8.605088e+00 8.544706e+00 8.396865e+00 8.187452e+00 1.066000e+01 7.653873e+00 7.240689e+00 6.267855e+00 5.780735e+00 0.000000e+00 0.000000e+00 0.000000e+00 1.079000e+01 1.079000e+01 3.332370e+00 0.000000e+00 0.000000e+00 4.652520e+00 5.307102e+00 6.215844e+00 4.626864e+00 6.508806e+00 6.640457e+00 6.391012e+00 6.289333e+00 4.323670e+00 4.415180e+00 4.438790e+00 4.303609e+00 4.067088e+00 3.771373e+00 3.417301e+00 3.234023e+00 3.195732e+00 3.083257e+00 2.893834e+00 3.763750e+00 3.596030e+00 3.448094e+00 3.344930e+00
5.192315e+00 5.566177e+00 5.785756e+00 5.843390e+00 6.023880e+00 6.478997e+00 6.901860e+00 7.218288e+00 7.640199e+00 8.088034e+00 8.329951e+00 8.416256e+00 8.541944e+00 8.710146e+00 8.784628e+00 1.066000e+01 8.802368e+00 8.785983e+00 8.454497e+00 7.759386e+00 7.409626e+00 7.289628e+00 6.771366e+00 0.000000e+00 0.000000e+00 0.000000e+00 1.079000e+01 0.000000e+00 2.794969e+00 3.793169e+00 4.643097e+00 5.851834e+00 5.562699e+00 6.563022e+00 6.634081e+00 6.485677e+00 6.449865e+00 4.414110e+00 4.498458e+00 4.574971e+00 4.461419e+00 4.184487e+00 3.864355e+00 3.488692e+00 3.271011e+00 3.225093e+00 3.170371e+00 3.834783e+00 4.072637e+00 3.887475e+00 3.704347e+00 3.603263e+00
4.929706e+00 5.129973e+00 5.271101e+00 5.299813e+00 5.384222e+00 5.655433e+00 5.897515e+00 6.054416e+00 6.415915e+00 7.006626e+00 7.468397e+00 7.736908e+00 8.008908e+00 8.310406e+00 1.066000e+01 8.706175e+00 8.955103e+00 9.242751e+00 9.306508e+00 9.115059e+00 8.804692e+00 8.679867e+00 7.978280e+00 6.900063e+00 6.136874e+00 0.000000e+00 0.000000e+00 0.000000e+00 1.079000e+01 2.840631e+00 4.943440e+00 4.790798e+00 5.043880e+00 5.771049e+00 6.278833e+00 6.558406e+00 6.687700e+00 4.543924e+00 4.570218e+00 4.661677e+00 4.613764e+00 4.348576e+00 3.983511e+00 3.559758e+00 3.304242e+00 3.212904e+00 3.150070e+00 4.183765e+00 4.226553e+00 4.073045e+00 3.881731e+00 3.899443e+00
4.609433e+00 4.700682e+00 4.838470e+00 4.941865e+00 5.011493e+00 5.149581e+00 5.256305e+00 5.253239e+00 5.468422e+00 5.968457e+00 6.457742e+00 6.854090e+00 7.170920e+00 1.066000e+01 7.811924e+00 8.029114e+00 8.374381e+00 8.861738e+00 9.197592e+00 9.218270e+00 9.242837e+00 9.182456e+00 8.729948e+00 7.604548e+00 7.063265e+00 9.212774e+00 0.000000e+00 0.000000e+00 0.000000e+00 0.000000e+00 4.943254e+00 3.721720e+00 4.747692e+00 5.427837e+00 6.075374e+00 6.493302e+00 6.750635e+00 4.651558e+00 4.706949e+00 4.760896e+00 4.734461e+00 4.536078e+00 4.195115e+00 3.758466e+00 3.471258e+00 3.325380e+00 3.220005e+00 4.375755e+00 4.339113e+00 4.289195e+00 4.216680e+00 4.348582e+00
4.143202e+00 4.208872e+00 4.425121e+00 4.697581e+00 4.826316e+00 4.885004e+00 4.874596e+00 4.826439e+00 4.841883e+00 5.062311e+00 5.479132e+00 5.844154e+00 1.052497e+01 6.446230e+00 6.664914e+00 6.796779e+00 7.215378e+00 7.938387e+00 8.188732e+00 8.337946e+00 8.593815e+00 8.932692e+00 8.625623e+00 7.761924e+00 7.216051e+00 0.000000e+00 0.000000e+00 5.721060e+00 5.650864e+00 0.000000e+00 0.000000e+00 0.000000e+00 4.764531e+00 6.014380e+00 6.197056e+00 6.333829e+00 6.612026e+00 4.694128e+00 4.851214e+00 4.878583e+00 4.844388e+00 4.709784e+00 4.452012e+00 4.074222e+00 3.780053e+00 3.574783e+00 3.396806e+00 4.562552e+00 4.420825e+00 4.499685e+00 4.716286e+00 4.980319e+00
