tests/data/reference/test_implicit_stream_rill_mfda/mrsearstr_pa.asc
ncols	123
nrows	77
xllcorner	-713746.79929998
yllcorner	-1061022.36961616
cellsize	10.0
NODATA_value	-9999
[rows 46 to 68 of 77, columns 52 to 103 of 123]
3.787918e+00 3.691284e+00 3.874430e+00 4.281813e+00 4.490932e+00 4.376153e+00 4.420528e+00 4.477825e+00 4.471155e+00 4.608526e+00 4.786268e+00 9.641576e+00 5.445240e+00 5.518413e+00 5.492457e+00 5.592647e+00 6.215347e+00 6.735370e+00 7.199383e+00 7.355389e+00 7.716022e+00 8.296459e+00 8.322558e+00 7.596804e+00 7.510525e+00 0.000000e+00 5.507651e+00 4.659235e+00 5.664863e+00 6.066865e+00 5.637632e+00 0.000000e+00 0.000000e+00 0.000000e+00 5.695024e+00 5.728561e+00 6.162577e+00 4.645884e+00 4.938799e+00 4.990587e+00 4.947049e+00 4.824455e+00 4.638908e+00 4.361529e+00 4.122854e+00 3.921847e+00 3.720134e+00 4.934781e+00 4.697132e+00 4.762936e+00 5.105567e+00 5.416360e+00
3.652758e+00 3.298352e+00 3.338344e+00 3.799331e+00 3.700447e+00 3.676131e+00 3.738450e+00 3.913010e+00 4.399463e+00 4.254521e+00 8.936146e+00 4.850215e+00 4.850261e+00 4.444210e+00 4.401223e+00 4.868222e+00 4.690033e+00 5.413863e+00 5.882035e+00 6.025866e+00 6.392872e+00 7.021828e+00 7.342650e+00 8.197759e+00 5.267379e+00 0.000000e+00 5.579829e+00 5.176055e+00 6.101636e+00 6.773063e+00 6.779647e+00 6.269240e+00 4.937973e+00 0.000000e+00 0.000000e+00 4.582173e+00 5.366911e+00 4.340322e+00 4.808220e+00 4.958017e+00 4.915095e+00 4.757890e+00 4.628868e+00 4.481174e+00 4.363445e+00 4.242293e+00 4.074065e+00 5.497916e+00 5.202254e+00 5.145702e+00 5.380915e+00 5.612408e+00
3.775069e+00 3.271861e+00 3.174059e+00 2.608303e+00 2.761564e+00 2.736520e+00 2.770167e+00 3.932379e+00 3.716720e+00 8.708488e+00 4.336783e+00 4.227521e+00 3.426456e+00 3.320839e+00 4.533884e+00 3.210100e+00 3.397605e+00 3.847581e+00 4.115883e+00 4.185032e+00 4.429083e+00 4.865617e+00 7.704818e+00 7.260307e+00 8.017788e+00 0.000000e+00 5.644151e+00 7.504613e+00 7.451076e+00 7.817060e+00 7.755433e+00 7.186278e+00 5.713089e+00 2.366714e+00 0.000000e+00 3.995671e+00 4.702432e+00 3.994212e+00 4.579788e+00 4.875539e+00 4.891032e+00 4.714205e+00 4.619158e+00 4.564833e+00 4.552266e+00 4.511744e+00 4.374726e+00 6.038242e+00 5.766270e+00 5.618611e+00 5.663753e+00 5.711901e+00
4.049654e+00 3.539804e+00 2.392780e+00 3.141434e+00 3.473845e+00 3.537439e+00 3.554865e+00 2.634890e+00 8.275677e+00 3.963180e+00 3.072280e+00 3.288006e+00 4.230168e+00 4.442659e+00 3.215005e+00 4.042427e+00 4.550326e+00 5.118930e+00 5.438572e+00 5.502025e+00 5.704873e+00 6.107393e+00 4.721784e+00 5.401810e+00 9.800879e+00 0.000000e+00 6.298632e+00 7.166594e+00 7.743397e+00 8.297441e+00 8.379895e+00 7.907904e+00 6.667296e+00 4.670635e+00 0.000000e+00 0.000000e+00 4.295857e+00 3.665810e+00 4.276775e+00 4.702657e+00 4.832440e+00 4.710290e+00 4.644739e+00 4.637294e+00 4.704590e+00 4.738635e+00 4.622166e+00 6.519059e+00 6.365766e+00 6.169044e+00 5.946192e+00 5.712919e+00
4.337480e+00 6.533752e+00 5.801281e+00 5.354085e+00 4.988403e+00 4.625548e+00 4.199023e+00 7.936457e+00 3.583376e+00 2.858731e+00 3.795836e+00 4.293932e+00 4.505952e+00 4.494088e+00 4.520241e+00 4.617705e+00 4.868016e+00 5.296410e+00 5.542466e+00 5.571584e+00 5.587993e+00 5.610669e+00 6.080561e+00 7.065660e+00 7.586826e+00 0.000000e+00 6.049124e+00 5.445530e+00 7.370029e+00 8.452697e+00 8.838423e+00 8.654924e+00 7.609739e+00 8.154444e+00 4.136295e+00 0.000000e+00 4.225059e+00 3.455359e+00 4.036967e+00 4.507552e+00 4.714560e+00 4.678641e+00 4.662354e+00 4.667075e+00 6.125201e+00 6.276966e+00 4.838585e+00 6.946306e+00 6.826010e+00 6.612596e+00 6.288964e+00 5.913902e+00
7.921291e+00 4.481990e+00 5.551757e+00 5.261287e+00 6.052089e+00 7.508190e+00 7.956700e+00 3.533105e+00 3.660138e+00 4.040930e+00 4.254135e+00 4.284772e+00 4.329780e+00 4.368946e+00 4.473882e+00 4.659778e+00 6.505428e+00 6.495214e+00 6.255084e+00 6.097015e+00 5.858553e+00 5.355026e+00 5.417809e+00 6.143164e+00 6.759859e+00 0.000000e+00 5.283713e+00 7.332655e+00 8.518876e+00 9.351613e+00 9.571866e+00 9.316446e+00 8.314057e+00 6.582706e+00 6.503780e+00 0.000000e+00 0.000000e+00 3.511147e+00 3.905052e+00 4.356109e+00 4.586943e+00 4.620905e+00 4.670307e+00 4.675066e+00 6.656340e+00 6.903424e+00 5.003283e+00 7.354718e+00 7.147766e+00 6.922734e+00 6.706366e+00 6.365376e+00
4.897612e+00 4.841787e+00 3.181273e+00 3.998482e+00 4.469662e+00 3.811131e+00 3.807820e+00 3.721040e+00 3.901467e+00 4.373324e+00 4.519388e+00 4.282260e+00 4.165511e+00 4.189053e+00 4.292124e+00 4.473220e+00 3.519201e+00 5.049119e+00 5.954054e+00 6.440450e+00 6.175525e+00 5.161773e+00 4.910428e+00 5.512696e+00 4.383705e+00 0.000000e+00 6.271424e+00 8.304855e+00 9.369488e+00 1.006423e+01 1.023966e+01 9.717456e+00 8.775173e+00 7.466624e+00 5.554892e+00 5.493257e+00 0.000000e+00 4.598419e+00 3.905467e+00 4.223049e+00 4.390610e+00 4.430970e+00 4.550853e+00 5.986867e+00 6.900657e+00 7.176003e+00 6.578017e+00 7.675679e+00 7.496518e+00 7.249581e+00 7.056188e+00 6.825337e+00
4.979940e+00 5.093491e+00 4.765450e+00 5.138791e+00 3.765377e+00 3.848152e+00 3.913692e+00 3.918448e+00 4.193742e+00 6.203253e+00 5.792121e+00 4.952434e+00 4.305568e+00 4.108466e+00 4.104296e+00 4.255488e+00 4.706132e+00 5.472127e+00 6.148301e+00 6.693372e+00 6.357137e+00 5.082121e+00 6.487365e+00 7.475695e+00 7.743755e+00 0.000000e+00 6.555756e+00 8.592528e+00 9.724560e+00 1.060431e+01 1.063058e+01 9.929812e+00 9.133280e+00 8.417945e+00 6.810381e+00 8.106296e+00 0.000000e+00 0.000000e+00 4.254678e+00 4.154395e+00 4.145261e+00 4.107854e+00 5.510054e+00 6.402695e+00 7.045472e+00 7.371026e+00 7.290295e+00 7.871470e+00 7.858700e+00 7.618685e+00 7.330363e+00 7.243420e+00
5.111518e+00 5.332206e+00 6.690077e+00 4.207393e+00 3.838393e+00 3.930770e+00 4.032532e+00 4.082161e+00 4.387256e+00 5.030505e+00 5.263842e+00 5.010034e+00 4.633317e+00 4.212660e+00 4.098297e+00 4.282201e+00 4.693488e+00 5.347156e+00 5.970386e+00 6.534154e+00 6.202698e+00 4.867071e+00 3.236249e+00 3.975702e+00 5.864551e+00 0.000000e+00 6.705566e+00 8.868298e+00 1.005877e+01 1.066000e+01 1.066000e+01 1.022061e+01 9.473328e+00 9.258576e+00 1.079000e+01 1.069192e+01 4.045131e+00 0.000000e+00 4.573130e+00 4.466248e+00 4.222320e+00 4.165765e+00 6.090149e+00 6.750697e+00 7.277484e+00 7.581449e+00 7.629160e+00 7.931004e+00 8.023842e+00 7.898415e+00 7.636173e+00 7.562732e+00
5.335655e+00 5.520627e+00 5.224508e+00 4.405774e+00 4.029209e+00 4.119180e+00 4.219044e+00 4.295263e+00 4.542194e+00 3.572612e+00 7.238123e+00 8.560522e+00 7.606073e+00 8.950697e+00 9.395611e+00 9.501078e+00 9.691640e+00 9.999845e+00 1.023285e+01 1.037198e+01 9.396070e+00 7.338572e+00 6.937499e+00 8.041622e+00 0.000000e+00 0.000000e+00 6.006355e+00 8.323841e+00 9.697353e+00 1.052039e+01 1.059368e+01 1.003280e+01 9.715342e+00 9.890262e+00 8.873882e+00 9.487975e+00 1.065163e+01 0.000000e+00 4.913469e+00 4.761555e+00 4.592998e+00 5.926678e+00 6.926920e+00 7.356806e+00 7.690829e+00 7.849397e+00 7.809085e+00 7.876421e+00 7.980846e+00 8.045731e+00 7.967336e+00 7.802409e+00
5.638342e+00 5.632954e+00 5.323068e+00 4.634390e+00 4.359273e+00 4.377451e+00 4.476047e+00 4.646045e+00 4.820125e+00 6.631739e+00 5.365208e+00 5.630584e+00 7.228221e+00 4.913356e+00 4.746368e+00 6.659537e+00 6.440593e+00 6.240309e+00 6.095354e+00 6.443810e+00 6.290215e+00 5.498212e+00 5.564737e+00 6.618990e+00 0.000000e+00 6.393878e+00 6.814501e+00 8.620461e+00 9.538791e+00 9.856770e+00 9.949343e+00 9.976833e+00 9.997933e+00 1.003553e+01 9.247856e+00 1.058326e+01 1.079000e+01 0.000000e+00 0.000000e+00 5.390225e+00 6.880811e+00 7.280972e+00 7.697315e+00 7.873873e+00 7.997349e+00 8.052181e+00 7.969387e+00 7.870185e+00 7.843707e+00 7.900588e+00 7.898469e+00 7.674860e+00
5.998264e+00 5.582428e+00 5.180731e+00 5.063840e+00 4.785093e+00 4.668213e+00 4.751095e+00 4.989010e+00 5.134569e+00 5.172180e+00 5.367876e+00 5.711119e+00 5.698927e+00 5.253335e+00 5.132695e+00 5.441424e+00 7.586687e+00 9.451848e+00 1.066000e+01 1.066000e+01 1.066000e+01 9.782501e+00 9.397425e+00 9.661075e+00 0.000000e+00 6.516822e+00 6.783028e+00 8.289577e+00 8.890871e+00 8.957721e+00 9.272085e+00 9.936244e+00 1.027825e+01 1.029729e+01 9.849120e+00 8.670220e+00 1.079000e+01 1.079000e+01 0.000000e+00 8.349236e+00 8.954004e+00 8.525966e+00 8.420827e+00 8.289022e+00 8.165715e+00 8.155759e+00 8.133372e+00 7.941506e+00 7.651888e+00 7.476858e+00 7.399164e+00 7.154868e+00
5.940014e+00 4.750270e+00 5.067562e+00 5.123561e+00 4.924962e+00 4.827462e+00 4.852628e+00 5.096116e+00 5.251961e+00 5.260612e+00 5.380504e+00 5.676453e+00 5.741471e+00 5.492055e+00 5.433479e+00 5.687547e+00 6.002029e+00 6.333978e+00 6.664139e+00 9.246010e+00 8.731652e+00 8.119432e+00 7.688693e+00 7.778621e+00 0.000000e+00 6.582178e+00 6.685639e+00 7.932359e+00 8.385978e+00 8.453634e+00 1.066000e+01 1.066000e+01 1.066000e+01 1.066000e+01 1.066000e+01 1.079000e+01 1.079000e+01 1.079000e+01 0.000000e+00 0.000000e+00 9.679972e+00 9.258014e+00 8.768697e+00 8.454847e+00 8.210153e+00 8.122595e+00 8.087097e+00 7.895025e+00 7.524397e+00 7.247196e+00 7.161421e+00 6.920461e+00
4.204432e+00 4.744256e+00 4.574227e+00 4.663802e+00 4.892464e+00 4.761336e+00 4.774049e+00 4.951651e+00 5.141436e+00 5.256915e+00 5.398924e+00 5.530091e+00 5.646850e+00 5.631510e+00 5.630751e+00 5.791855e+00 6.073851e+00 6.441754e+00 6.841330e+00 7.241650e+00 9.961739e+00 1.052714e+01 1.066000e+01 1.066000e+01 0.000000e+00 6.245748e+00 8.100949e+00 1.066000e+01 1.066000e+01 1.066000e+01 8.828803e+00 1.066000e+01 1.066000e+01 1.026865e+01 1.064063e+01 1.066000e+01 1.079000e+01 1.079000e+01 1.079000e+01 0.000000e+00 0.000000e+00 9.155587e+00 8.883172e+00 8.339420e+00 8.113667e+00 7.967279e+00 7.834456e+00 7.687194e+00 7.424717e+00 7.226026e+00 7.234800e+00 7.056472e+00
5.113430e+00 4.443748e+00 3.620599e+00 4.466822e+00 4.586071e+00 4.596422e+00 4.582581e+00 4.622006e+00 4.819616e+00 5.264661e+00 5.348439e+00 5.373990e+00 5.570171e+00 5.745541e+00 5.851559e+00 5.963607e+00 6.185347e+00 6.523760e+00 6.925828e+00 7.357529e+00 5.098677e+00 5.112133e+00 7.905347e+00 5.805748e+00 0.000000e+00 6.329557e+00 8.140695e+00 9.055733e+00 8.779460e+00 8.133099e+00 7.637159e+00 8.256855e+00 8.789271e+00 9.135512e+00 9.681551e+00 1.046765e+01 1.023337e+01 9.902874e+00 7.402836e+00 1.079000e+01 0.000000e+00 0.000000e+00 7.995057e+00 7.726117e+00 7.781105e+00 7.786513e+00 7.688581e+00 7.615328e+00 7.441649e+00 7.182381e+00 7.028640e+00 6.856944e+00
5.253140e+00 2.819184e+00 3.573609e+00 3.681927e+00 4.033638e+00 4.161806e+00 4.146432e+00 4.047583e+00 4.661323e+00 4.938814e+00 5.161330e+00 5.321901e+00 5.431803e+00 5.744672e+00 6.035972e+00 6.169590e+00 6.397548e+00 6.711903e+00 6.981642e+00 5.025120e+00 6.562376e+00 7.018886e+00 5.149827e+00 7.377905e+00 0.000000e+00 7.352220e+00 8.915290e+00 8.776009e+00 7.143030e+00 5.540116e+00 5.683958e+00 5.961165e+00 6.290039e+00 6.618633e+00 7.079532e+00 7.709666e+00 1.066000e+01 1.066000e+01 1.079000e+01 1.015375e+01 1.079000e+01 0.000000e+00 5.904930e+00 6.697127e+00 7.152971e+00 7.545109e+00 7.638690e+00 7.678347e+00 7.608216e+00 7.167041e+00 6.645577e+00 4.472256e+00
4.840925e+00 3.781698e+00 2.409662e+00 2.715731e+00 2.971653e+00 3.141490e+00 3.129623e+00 4.102754e+00 3.821201e+00 4.234741e+00 4.923990e+00 4.841105e+00 5.008895e+00 5.504255e+00 5.811923e+00 6.079041e+00 6.402519e+00 6.643825e+00 4.941335e+00 6.607938e+00 7.261053e+00 7.213376e+00 7.512854e+00 8.349880e+00 0.000000e+00 7.132074e+00 8.622329e+00 5.550967e+00 5.414792e+00 7.071198e+00 7.891537e+00 8.371130e+00 8.898895e+00 9.570784e+00 1.037296e+01 1.066000e+01 7.665074e+00 7.845516e+00 9.529020e+00 8.352632e+00 5.564237e+00 0.000000e+00 0.000000e+00 5.659279e+00 6.525594e+00 7.173424e+00 7.362345e+00 7.359488e+00 7.311619e+00 6.790912e+00 4.280647e+00 7.212130e+00
4.341335e+00 3.669352e+00 3.329653e+00 3.472873e+00 3.698342e+00 3.961038e+00 3.983972e+00 2.699320e+00 2.734936e+00 4.083255e+00 3.944316e+00 4.008044e+00 4.590061e+00 4.825351e+00 5.264393e+00 5.708041e+00 5.706548e+00 4.816922e+00 6.517792e+00 7.358929e+00 7.612743e+00 7.411346e+00 7.519407e+00 8.080088e+00 0.000000e+00 6.890020e+00 8.436375e+00 8.692255e+00 8.546774e+00 8.392907e+00 8.277464e+00 8.184071e+00 8.367682e+00 8.856665e+00 9.556819e+00 1.044039e+01 1.066000e+01 1.066000e+01 1.066000e+01 1.066000e+01 1.079000e+01 1.079000e+01 0.000000e+00 0.000000e+00 6.217948e+00 6.705418e+00 4.587120e+00 6.671472e+00 6.563930e+00 4.216452e+00 6.513658e+00 7.690506e+00
3.726328e+00 3.527131e+00 3.411542e+00 3.432861e+00 3.514894e+00 3.650009e+00 3.628202e+00 3.412645e+00 3.391811e+00 2.671918e+00 2.792048e+00 3.836132e+00 3.690418e+00 3.970846e+00 4.439401e+00 4.025892e+00 4.444873e+00 6.232367e+00 7.207012e+00 7.631613e+00 7.735447e+00 7.580241e+00 7.587788e+00 7.840221e+00 0.000000e+00 6.771563e+00 8.517144e+00 9.134200e+00 9.120116e+00 8.794467e+00 8.475078e+00 8.158357e+00 8.064677e+00 8.222794e+00 8.729662e+00 9.592604e+00 1.034696e+01 1.066000e+01 7.184515e+00 7.051756e+00 8.163097e+00 6.912373e+00 1.079000e+01 0.000000e+00 5.528553e+00 6.295179e+00 4.424708e+00 4.231964e+00 4.143994e+00 4.400847e+00 7.185042e+00 7.740283e+00
3.091985e+00 3.304172e+00 3.455494e+00 3.528383e+00 3.546273e+00 3.499914e+00 3.405285e+00 3.272034e+00 3.198721e+00 3.202210e+00 3.273006e+00 2.515289e+00 2.662598e+00 2.858011e+00 3.250883e+00 4.844204e+00 6.012303e+00 6.928946e+00 7.451502e+00 7.601217e+00 7.591173e+00 7.459687e+00 1.005938e+01 1.066000e+01 0.000000e+00 6.979942e+00 8.854056e+00 9.744964e+00 9.826209e+00 9.365137e+00 8.866117e+00 8.345955e+00 8.002549e+00 7.845575e+00 8.050670e+00 8.675581e+00 9.386877e+00 1.009215e+01 1.066000e+01 1.066000e+01 1.066000e+01 1.000846e+01 7.842051e+00 0.000000e+00 0.000000e+00 5.460872e+00 4.323850e+00 4.311748e+00 4.258785e+00 7.190159e+00 7.837847e+00 7.930150e+00
2.121497e+00 2.954532e+00 3.449081e+00 3.717321e+00 3.753663e+00 3.541599e+00 3.384699e+00 3.346595e+00 3.208401e+00 2.915589e+00 2.818216e+00 2.987425e+00 3.299864e+00 3.722872e+00 4.356047e+00 5.217625e+00 6.062018e+00 6.867488e+00 7.296580e+00 7.317669e+00 7.184339e+00 6.942548e+00 4.813295e+00 0.000000e+00 0.000000e+00 6.448365e+00 8.542579e+00 9.852199e+00 1.024117e+01 9.915141e+00 9.385995e+00 8.709604e+00 8.157548e+00 7.740078e+00 7.581129e+00 7.730992e+00 8.316776e+00 9.280894e+00 1.012047e+01 1.066000e+01 1.066000e+01 1.066000e+01 9.547526e+00 7.553350e+00 0.000000e+00 0.000000e+00 5.224348e+00 4.524402e+00 4.793598e+00 5.174720e+00 5.507452e+00 7.339326e+00
-9.999000e+03 -9.999000e+03 -9.999000e+03 -9.999000e+03 -9.999000e+03 -9.999000e+03 -9.999000e+03 2.611566e+00 2.479531e+00 2.130406e+00 1.985131e+00 2.114540e+00 2.964023e+00 3.766551e+00 4.495967e+00 5.163263e+00 5.865917e+00 6.644679e+00 7.014426e+00 6.927834e+00 6.715390e+00 6.396083e+00 6.673086e+00 0.000000e+00 6.162751e+00 6.098671e+00 7.875694e+00 9.481563e+00 1.030057e+01 1.036813e+01 9.975731e+00 9.202130e+00 8.454413e+00 7.757027e+00 7.260605e+00 7.003493e+00 7.377479e+00 8.411756e+00 9.431936e+00 1.032819e+01 1.066000e+01 1.066000e+01 1.066000e+01 9.280105e+00 6.743665e+00 0.000000e+00 0.000000e+00 4.788641e+00 5.428575e+00 5.696425e+00 5.831382e+00 5.804668e+00
-9.999000e+03 -9.999000e+03 -9.999000e+03 -9.999000e+03 -9.999000e+03 -9.999000e+03 -9.999000e+03 -9.999000e+03 -9.999000e+03 -9.999000e+03 2.583739e+00 2.670971e+00 2.505153e+00 3.089422e+00 4.387087e+00 5.002974e+00 5.586606e+00 6.348252e+00 6.664290e+00 6.476980e+00 6.264992e+00 6.048959e+00 6.439756e+00 0.000000e+00 6.126231e+00 5.933699e+00 7.628077e+00 9.309329e+00 1.035116e+01 1.066000e+01 1.059798e+01 9.764378e+00 8.854646e+00 7.896809e+00 7.187322e+00 6.757206e+00 6.874048e+00 7.562699e+00 8.520529e+00 9.700874e+00 1.056885e+01 1.066000e+01 1.066000e+01 1.021711e+01 8.198211e+00 5.780763e+00 0.000000e+00 0.000000e+00 5.752349e+00 6.118973e+00 -9.999000e+03 -9.999000e+03
