tests/data/reference/test_implicit_stream_rill_mfda/mrsearstr_pa.asc
ncols	123
nrows	77
xllcorner	-713746.79929998
yllcorner	-1061022.36961616
cellsize	10.0
NODATA_value	-9999
[rows 46 to 68 of 77, columns 0 to 51 of 123]
-9.999000e+03 -9.999000e+03 -9.999000e+03 -9.999000e+03 -9.999000e+03 -9.999000e+03 5.810097e-01 1.394663e+00 1.181236e+00 1.269777e+00 1.039698e+00 1.418032e+00 1.641540e+00 1.664382e+00 1.656239e+00 1.626105e+00 1.654152e+00 1.709207e+00 1.878668e+00 2.266019e+00 2.591475e+00 2.595139e+00 2.616681e+00 2.509423e+00 2.714310e+00 3.043177e+00 3.126969e+00 2.942632e+00 2.884588e+00 2.948117e+00 2.968239e+00 7.156854e+00 7.502423e+00 3.249562e+00 3.528525e+00 3.859656e+00 4.254859e+00 4.656148e+00 4.981047e+00 5.269292e+00 5.432738e+00 5.452302e+00 5.465465e+00 5.542137e+00 5.471680e+00 5.217003e+00 5.006505e+00 4.797571e+00 4.449221e+00 3.978218e+00 3.725319e+00 3.790010e+00
-9.999000e+03 -9.999000e+03 -9.999000e+03 -9.999000e+03 -9.999000e+03 -9.999000e+03 1.652160e+00 1.140338e+00 1.312899e+00 1.458037e+00 1.256014e+00 1.672578e+00 1.829430e+00 1.899971e+00 1.916684e+00 1.803301e+00 1.651563e+00 1.565068e+00 1.691354e+00 2.063727e+00 1.870834e+00 2.028906e+00 2.111638e+00 2.104618e+00 2.668694e+00 3.067524e+00 3.166067e+00 6.153198e+00 6.425527e+00 7.021420e+00 7.323579e+00 3.146404e+00 3.260496e+00 3.493538e+00 3.764685e+00 4.032357e+00 4.340506e+00 4.690598e+00 4.982758e+00 5.270867e+00 5.532532e+00 5.724523e+00 5.855593e+00 5.941897e+00 5.877957e+00 5.619094e+00 5.349645e+00 5.131162e+00 4.872285e+00 4.462565e+00 4.075360e+00 3.893695e+00
-9.999000e+03 -9.999000e+03 -9.999000e+03 -9.999000e+03 -9.999000e+03 4.562943e-01 9.764091e-01 1.502061e+00 1.138746e+00 1.186483e+00 1.459112e+00 1.620246e+00 1.802743e+00 1.946531e+00 1.955088e+00 1.904250e+00 1.748414e+00 1.604157e+00 1.698244e+00 2.039313e+00 2.898705e+00 3.655630e+00 4.358628e+00 5.071870e+00 5.489395e+00 5.995558e+00 6.380479e+00 3.148964e+00 3.147038e+00 3.297425e+00 3.345863e+00 3.309199e+00 3.424944e+00 3.622663e+00 3.818910e+00 4.003078e+00 4.249567e+00 4.607382e+00 4.913343e+00 5.170559e+00 5.438486e+00 5.696462e+00 5.912100e+00 6.068426e+00 6.093494e+00 5.937489e+00 5.669516e+00 5.373773e+00 5.146111e+00 4.877216e+00 4.502852e+00 4.164292e+00
-9.999000e+03 -9.999000e+03 -9.999000e+03 -9.999000e+03 8.662435e-01 1.241714e+00 1.333504e+00 1.642275e+00 9.995167e-01 9.087842e-01 1.165695e+00 1.332570e+00 1.639437e+00 1.690429e+00 1.832037e+00 1.892898e+00 1.839228e+00 1.699261e+00 1.794527e+00 2.126491e+00 2.431488e+00 2.688757e+00 2.996581e+00 3.260908e+00 3.399121e+00 3.414780e+00 3.441363e+00 3.428849e+00 3.400311e+00 3.437361e+00 3.459318e+00 3.409603e+00 3.413571e+00 3.482418e+00 3.591390e+00 3.725802e+00 3.955447e+00 4.355382e+00 4.731204e+00 5.010986e+00 5.236026e+00 5.445043e+00 5.675458e+00 5.897330e+00 6.044033e+00 6.064468e+00 5.896352e+00 5.564533e+00 5.323815e+00 5.195226e+00 4.893056e+00 4.484753e+00
-9.999000e+03 -9.999000e+03 -9.999000e+03 -9.999000e+03 5.738396e-01 1.196741e+00 1.308768e+00 1.251962e+00 9.422368e-01 7.577606e-01 9.920989e-01 1.384568e+00 1.116773e+00 1.553474e+00 1.764840e+00 1.896723e+00 1.882203e+00 1.730204e+00 1.821942e+00 2.166003e+00 2.535766e+00 2.927340e+00 3.189620e+00 3.604127e+00 3.779794e+00 3.768452e+00 3.817536e+00 3.882027e+00 3.840309e+00 3.777354e+00 3.782392e+00 3.758336e+00 3.706144e+00 3.665254e+00 3.665778e+00 3.715242e+00 3.852739e+00 4.155509e+00 4.525990e+00 4.862050e+00 5.053698e+00 5.152381e+00 5.328036e+00 5.558899e+00 5.779611e+00 5.943423e+00 5.909368e+00 5.651304e+00 5.460706e+00 5.381487e+00 5.174776e+00 4.738379e+00
-9.999000e+03 -9.999000e+03 -9.999000e+03 4.855419e-01 9.022481e-01 1.067451e+00 8.487337e-01 8.382425e-01 6.651134e-01 8.013662e-01 1.031527e+00 9.772372e-01 9.689226e-01 1.414714e+00 1.702394e+00 1.867758e+00 1.879540e+00 1.748935e+00 1.816891e+00 2.155281e+00 2.881727e+00 2.974763e+00 3.502352e+00 3.928283e+00 4.167914e+00 4.219671e+00 4.312359e+00 4.434018e+00 4.416488e+00 4.307205e+00 4.272085e+00 4.256987e+00 4.211090e+00 4.122693e+00 4.019908e+00 3.959673e+00 3.952017e+00 4.060726e+00 4.356683e+00 4.742929e+00 4.904428e+00 4.866405e+00 4.935623e+00 5.112646e+00 5.348429e+00 5.608689e+00 5.726391e+00 5.640882e+00 5.332134e+00 5.346785e+00 5.197874e+00 4.822951e+00
-9.999000e+03 -9.999000e+03 -9.999000e+03 3.971202e-01 7.622350e-01 7.666595e-01 5.933276e-01 4.522457e-01 5.327221e-01 5.774946e-01 7.425887e-01 7.829100e-01 7.823400e-01 1.234524e+00 1.574195e+00 1.744754e+00 1.797012e+00 1.721377e+00 1.707617e+00 2.481249e+00 1.909298e+00 2.774015e+00 3.313567e+00 3.765798e+00 4.116044e+00 4.294217e+00 4.432629e+00 4.576336e+00 4.578966e+00 4.443901e+00 4.355622e+00 4.325199e+00 4.327183e+00 4.315574e+00 4.265281e+00 4.228399e+00 4.167324e+00 4.111161e+00 4.300917e+00 4.710895e+00 4.882896e+00 4.778462e+00 4.745102e+00 4.807106e+00 4.967098e+00 5.215782e+00 5.420672e+00 4.935735e+00 4.927607e+00 4.881339e+00 4.756924e+00 8.885571e+00
-9.999000e+03 -9.999000e+03 2.604135e-01 3.489582e-01 6.408797e-01 6.203267e-01 3.292943e-01 2.592539e-01 3.146773e-01 2.297673e-01 3.988590e-01 5.117110e-01 5.425846e-01 1.009381e+00 1.366773e+00 1.531850e+00 1.653451e+00 1.655508e+00 1.778279e+00 1.449304e+00 1.390353e+00 2.072273e+00 2.604067e+00 3.099210e+00 3.608061e+00 3.956856e+00 4.156890e+00 4.312296e+00 4.331242e+00 4.183856e+00 4.039419e+00 3.980729e+00 4.062152e+00 4.220758e+00 4.336522e+00 4.433789e+00 4.430166e+00 4.304793e+00 4.361534e+00 4.706131e+00 4.923022e+00 4.875147e+00 4.779465e+00 4.699600e+00 4.734505e+00 4.908418e+00 3.609705e+00 3.761060e+00 3.784360e+00 3.690851e+00 9.476909e+00 5.005709e+00
-9.999000e+03 -9.999000e+03 3.382720e-01 5.373077e-01 5.779617e-01 3.440511e-01 1.998504e-01 3.347948e-01 3.101100e-01 5.949324e-02 2.555887e-01 3.431281e-01 3.720229e-01 7.952550e-01 1.070591e+00 1.170723e+00 1.303386e+00 1.396913e+00 1.214726e+00 1.039138e+00 8.718069e-01 1.349713e+00 1.814117e+00 2.272475e+00 2.784340e+00 3.270018e+00 3.616812e+00 3.846561e+00 3.940643e+00 3.864055e+00 3.722217e+00 3.615606e+00 3.720057e+00 3.949653e+00 4.156505e+00 4.329322e+00 4.395638e+00 4.326400e+00 4.366288e+00 4.610574e+00 4.816880e+00 4.870545e+00 4.824265e+00 4.732888e+00 4.758326e+00 4.937402e+00 5.115038e+00 5.305204e+00 9.262225e+00 9.852004e+00 5.042243e+00 5.026694e+00
-9.999000e+03 1.850210e-01 8.007826e-01 6.960005e-01 4.971829e-01 1.190540e-01 3.833814e-01 3.794589e-01 -9.999000e+03 -9.999000e+03 -9.999000e+03 2.464935e-01 3.071806e-01 5.755026e-01 7.243172e-01 7.333696e-01 8.107466e-01 9.557471e-01 8.054643e-01 3.956876e-01 3.242434e-01 6.332565e-01 1.062215e+00 1.368356e+00 1.764340e+00 2.327440e+00 2.808216e+00 3.173462e+00 3.387417e+00 3.434660e+00 3.355364e+00 3.271460e+00 3.316602e+00 3.568656e+00 3.797108e+00 3.997784e+00 4.101962e+00 4.111959e+00 4.249879e+00 4.495738e+00 4.667059e+00 4.755925e+00 4.791663e+00 4.763605e+00 4.856949e+00 5.099972e+00 6.875090e+00 8.254555e+00 5.327002e+00 5.113227e+00 5.096994e+00 5.216614e+00
-9.999000e+03 4.567402e-01 4.685150e-01 4.903193e-01 2.966478e-01 3.172505e-01 -9.999000e+03 -9.999000e+03 -9.999000e+03 -9.999000e+03 -9.999000e+03 -9.999000e+03 3.635796e-01 5.143863e-01 6.804145e-01 7.562956e-01 7.329711e-01 9.856909e-01 8.627130e-01 3.874639e-01 2.346448e-01 2.521745e-01 4.398783e-01 7.264044e-01 1.128922e+00 1.555312e+00 1.992212e+00 2.391570e+00 2.647901e+00 2.767934e+00 2.951625e+00 2.835624e+00 2.950875e+00 3.226895e+00 3.495887e+00 3.730394e+00 3.844482e+00 3.839809e+00 4.037860e+00 4.427171e+00 4.633139e+00 4.704381e+00 4.718456e+00 4.728678e+00 4.910749e+00 5.178216e+00 5.349464e+00 5.419215e+00 5.344007e+00 5.162695e+00 5.248177e+00 5.550662e+00
4.945537e-01 1.100242e+00 5.579339e-01 3.075333e-01 1.011499e-01 5.123861e-01 -9.999000e+03 -9.999000e+03 -9.999000e+03 -9.999000e+03 -9.999000e+03 -9.999000e+03 -9.999000e+03 -9.999000e+03 -9.999000e+03 7.732778e-01 1.044389e+00 8.948589e-01 7.754751e-01 6.129379e-01 7.023671e-01 -9.999000e+03 -9.999000e+03 4.392525e-01 7.346568e-01 9.518321e-01 1.220962e+00 1.522650e+00 1.688580e+00 2.225740e+00 2.232774e+00 2.410247e+00 2.555417e+00 2.901580e+00 3.209336e+00 3.453654e+00 3.568352e+00 3.539577e+00 3.831900e+00 4.315164e+00 4.608485e+00 4.559394e+00 4.565197e+00 4.712971e+00 4.833450e+00 5.151415e+00 5.424210e+00 5.465873e+00 5.407370e+00 5.234644e+00 5.477351e+00 5.956330e+00
3.054936e-01 2.729575e-01 2.327965e-01 2.305874e-01 5.348562e-01 -9.999000e+03 -9.999000e+03 -9.999000e+03 -9.999000e+03 -9.999000e+03 -9.999000e+03 -9.999000e+03 -9.999000e+03 -9.999000e+03 -9.999000e+03 -9.999000e+03 -9.999000e+03 -9.999000e+03 -9.999000e+03 -9.999000e+03 -9.999000e+03 -9.999000e+03 -9.999000e+03 3.799834e-01 6.539678e-01 7.787492e-01 1.132212e+00 1.507786e+00 1.637370e+00 1.247509e+00 1.638813e+00 1.736217e+00 1.999212e+00 2.426312e+00 2.744277e+00 2.932115e+00 3.054808e+00 3.304966e+00 3.510089e+00 4.085186e+00 4.142074e+00 4.157731e+00 4.567300e+00 4.403347e+00 4.505624e+00 4.911373e+00 4.975906e+00 5.111494e+00 5.085689e+00 5.068304e+00 5.292543e+00 6.125931e+00
-9.999000e+03 5.922058e-01 5.138923e-01 7.719489e-01 -9.999000e+03 -9.999000e+03 -9.999000e+03 -9.999000e+03 -9.999000e+03 -9.999000e+03 -9.999000e+03 -9.999000e+03 -9.999000e+03 -9.999000e+03 -9.999000e+03 -9.999000e+03 -9.999000e+03 -9.999000e+03 -9.999000e+03 -9.999000e+03 -9.999000e+03 -9.999000e+03 -9.999000e+03 -9.999000e+03 -9.999000e+03 -9.999000e+03 9.553719e-01 1.148727e+00 1.327956e+00 1.061193e+00 8.282714e-01 9.905011e-01 1.298016e+00 1.746075e+00 1.978232e+00 2.037113e+00 2.807078e+00 2.793311e+00 3.101042e+00 2.938586e+00 3.163849e+00 4.357120e+00 3.989813e+00 3.941382e+00 4.361907e+00 4.055869e+00 4.144750e+00 4.227285e+00 4.714988e+00 4.453313e+00 4.946812e+00 5.390778e+00
-9.999000e+03 -9.999000e+03 -9.999000e+03 -9.999000e+03 -9.999000e+03 -9.999000e+03 -9.999000e+03 -9.999000e+03 -9.999000e+03 -9.999000e+03 -9.999000e+03 -9.999000e+03 -9.999000e+03 -9.999000e+03 -9.999000e+03 -9.999000e+03 -9.999000e+03 -9.999000e+03 -9.999000e+03 -9.999000e+03 -9.999000e+03 -9.999000e+03 -9.999000e+03 -9.999000e+03 -9.999000e+03 -9.999000e+03 -9.999000e+03 -9.999000e+03 1.038596e+00 8.863267e-01 6.679808e-01 8.018743e-01 1.125021e+00 1.907010e+00 2.245461e+00 2.141610e+00 1.764923e+00 2.055866e+00 2.355804e+00 3.333808e+00 3.855398e+00 2.965291e+00 3.030427e+00 4.211617e+00 3.082723e+00 3.091674e+00 3.058849e+00 4.170650e+00 3.823729e+00 4.286886e+00 3.431315e+00 4.110167e+00
-9.999000e+03 -9.999000e+03 -9.999000e+03 -9.999000e+03 -9.999000e+03 -9.999000e+03 -9.999000e+03 -9.999000e+03 -9.999000e+03 -9.999000e+03 -9.999000e+03 -9.999000e+03 -9.999000e+03 -9.999000e+03 -9.999000e+03 -9.999000e+03 -9.999000e+03 -9.999000e+03 -9.999000e+03 -9.999000e+03 -9.999000e+03 -9.999000e+03 -9.999000e+03 -9.999000e+03 -9.999000e+03 -9.999000e+03 -9.999000e+03 -9.999000e+03 -9.999000e+03 7.448722e-01 9.187212e-01 1.114845e+00 1.515458e+00 1.753193e+00 1.854670e+00 1.606695e+00 1.621827e+00 1.944816e+00 2.715387e+00 3.197468e+00 3.458579e+00 3.563061e+00 3.782063e+00 2.976760e+00 3.836711e+00 4.121227e+00 4.056544e+00 2.734422e+00 3.837944e+00 3.085231e+00 4.292924e+00 5.311527e+00
-9.999000e+03 -9.999000e+03 -9.999000e+03 -9.999000e+03 -9.999000e+03 -9.999000e+03 -9.999000e+03 -9.999000e+03 -9.999000e+03 -9.999000e+03 -9.999000e+03 -9.999000e+03 -9.999000e+03 -9.999000e+03 -9.999000e+03 -9.999000e+03 -9.999000e+03 -9.999000e+03 -9.999000e+03 -9.999000e+03 -9.999000e+03 -9.999000e+03 -9.999000e+03 -9.999000e+03 -9.999000e+03 -9.999000e+03 -9.999000e+03 -9.999000e+03 -9.999000e+03 -9.999000e+03 1.227510e+00 -9.999000e+03 -9.999000e+03 -9.999000e+03 -9.999000e+03 -9.999000e+03 -9.999000e+03 -9.999000e+03 2.198081e+00 2.844863e+00 3.070191e+00 3.061678e+00 3.275475e+00 3.734948e+00 4.008478e+00 4.068420e+00 3.864972e+00 3.400423e+00 2.584491e+00 3.869901e+00 4.661332e+00 5.111251e+00
-9.999000e+03 -9.999000e+03 -9.999000e+03 -9.999000e+03 -9.999000e+03 -9.999000e+03 -9.999000e+03 -9.999000e+03 -9.999000e+03 -9.999000e+03 -9.999000e+03 -9.999000e+03 -9.999000e+03 -9.999000e+03 -9.999000e+03 -9.999000e+03 -9.999000e+03 -9.999000e+03 -9.999000e+03 -9.999000e+03 -9.999000e+03 -9.999000e+03 -9.999000e+03 -9.999000e+03 -9.999000e+03 -9.999000e+03 -9.999000e+03 -9.999000e+03 -9.999000e+03 -9.999000e+03 -9.999000e+03 -9.999000e+03 -9.999000e+03 -9.999000e+03 -9.999000e+03 -9.999000e+03 -9.999000e+03 -9.999000e+03 -9.999000e+03 -9.999000e+03 -9.999000e+03 2.223615e+00 2.347624e+00 2.706594e+00 3.590350e+00 3.839395e+00 3.678550e+00 3.201523e+00 3.386643e+00 4.289950e+00 4.751625e+00 4.686441e+00
-9.999000e+03 -9.999000e+03 -9.999000e+03 -9.999000e+03 -9.999000e+03 -9.999000e+03 -9.999000e+03 -9.999000e+03 -9.999000e+03 -9.999000e+03 -9.999000e+03 -9.999000e+03 -9.999000e+03 -9.999000e+03 -9.999000e+03 -9.999000e+03 -9.999000e+03 -9.999000e+03 -9.999000e+03 -9.999000e+03 -9.999000e+03 -9.999000e+03 -9.999000e+03 -9.999000e+03 -9.999000e+03 -9.999000e+03 -9.999000e+03 -9.999000e+03 -9.999000e+03 -9.999000e+03 -9.999000e+03 -9.999000e+03 -9.999000e+03 -9.999000e+03 -9.999000e+03 -9.999000e+03 -9.999000e+03 -9.999000e+03 -9.999000e+03 -9.999000e+03 -9.999000e+03 -9.999000e+03 -9.999000e+03 -9.999000e+03 2.973268e+00 2.875886e+00 3.353759e+00 3.218258e+00 2.597699e+00 3.988176e+00 4.479833e+00 4.076546e+00
-9.999000e+03 -9.999000e+03 -9.999000e+03 -9.999000e+03 -9.999000e+03 -9.999000e+03 -9.999000e+03 -9.999000e+03 -9.999000e+03 -9.999000e+03 -9.999000e+03 -9.999000e+03 -9.999000e+03 -9.999000e+03 -9.999000e+03 -9.999000e+03 -9.999000e+03 -9.999000e+03 -9.999000e+03 -9.999000e+03 -9.999000e+03 -9.999000e+03 -9.999000e+03 -9.999000e+03 -9.999000e+03 -9.999000e+03 -9.999000e+03 -9.999000e+03 -9.999000e+03 -9.999000e+03 -9.999000e+03 -9.999000e+03 -9.999000e+03 -9.999000e+03 -9.999000e+03 -9.999000e+03 -9.999000e+03 -9.999000e+03 -9.999000e+03 -9.999000e+03 -9.999000e+03 -9.999000e+03 -9.999000e+03 -9.999000e+03 -9.999000e+03 -9.999000e+03 -9.999000e+03 -9.999000e+03 -9.999000e+03 -9.999000e+03 3.227393e+00 3.277715e+00
-9.999000e+03 -9.999000e+03 -9.999000e+03 -9.999000e+03 -9.999000e+03 -9.999000e+03 -9.999000e+03 -9.999000e+03 -9.999000e+03 -9.999000e+03 -9.999000e+03 -9.999000e+03 -9.999000e+03 -9.999000e+03 -9.999000e+03 -9.999000e+03 -9.999000e+03 -9.999000e+03 -9.999000e+03 -9.999000e+03 -9.999000e+03 -9.999000e+03 -9.999000e+03 -9.999000e+03 -9.999000e+03 -9.999000e+03 -9.999000e+03 -9.999000e+03 -9.999000e+03 -9.999000e+03 -9.999000e+03 -9.999000e+03 -9.999000e+03 -9.999000e+03 -9.999000e+03 -9.999000e+03 -9.999000e+03 -9.999000e+03 -9.999000e+03 -9.999000e+03 -9.999000e+03 -9.999000e+03 -9.999000e+03 -9.999000e+03 -9.999000e+03 -9.999000e+03 -9.999000e+03 -9.999000e+03 -9.999000e+03 -9.999000e+03 -9.999000e+03 2.405397e+00
-9.999000e+03 -9.999000e+03 -9.999000e+03 -9.999000e+03 -9.999000e+03 -9.999000e+03 -9.999000e+03 -9.999000e+03 -9.999000e+03 -9.999000e+03 -9.999000e+03 -9.999000e+03 -9.999000e+03 -9.999000e+03 -9.999000e+03 -9.999000e+03 -9.999000e+03 -9.999000e+03 -9.999000e+03 -9.999000e+03 -9.999000e+03 -9.999000e+03 -9.999000e+03 -9.999000e+03 -9.999000e+03 -9.999000e+03 -9.999000e+03 -9.999000e+03 -9.999000e+03 -9.999000e+03 -9.999000e+03 -9.999000e+03 -9.999000e+03 -9.999000e+03 -9.999000e+03 -9.999000e+03 -9.999000e+03 -9.999000e+03 -9.999000e+03 -9.999000e+03 -9.999000e+03 -9.999000e+03 -9.999000e+03 -9.999000e+03 -9.999000e+03 -9.999000e+03 -9.999000e+03 -9.999000e+03 -9.999000e+03 -9.999000e+03 -9.999000e+03 -9.999000e+03
-9.999000e+03 -9.999000e+03 -9.999000e+03 -9.999000e+03 -9.999000e+03 -9.999000e+03 -9.999000e+03 -9.999000e+03 -9.999000e+03 -9.999000e+03 -9.999000e+03 -9.999000e+03 -9.999000e+03 -9.999000e+03 -9.999000e+03 -9.999000e+03 -9.999000e+03 -9.999000e+03 -9.999000e+03 -9.999000e+03 -9.999000e+03 -9.999000e+03 -9.999000e+03 -9.999000e+03 -9.999000e+03 -9.999000e+03 -9.999000e+03 -9.999000e+03 -9.999000e+03 -9.999000e+03 -9.999000e+03 -9.999000e+03 -9.999000e+03 -9.999000e+03 -9.999000e+03 -9.999000e+03 -9.999000e+03 -9.999000e+03 -9.999000e+03 -9.999000e+03 -9.999000e+03 -9.999000e+03 -9.999000e+03 -9.999000e+03 -9.999000e+03 -9.999000e+03 -9.999000e+03 -9.999000e+03 -9.999000e+03 -9.999000e+03 -9.999000e+03 -9.999000e+03
