tests/data/reference/test_implicit_stream_rill_mfda/mrsearstr_pa.asc
ncols	123
nrows	77
xllcorner	-713746.79929998
yllcorner	-1061022.36961616
cellsize	10.0
NODATA_value	-9999
[rows 23 to 45 of 77, columns 0 to 51 of 123]
-9.999000e+03 -9.999000e+03 -9.999000e+03 -9.999000e+03 -9.999000e+03 -9.999000e+03 -9.999000e+03 -9.999000e+03 -9.999000e+03 -9.999000e+03 -9.999000e+03 -9.999000e+03 -9.999000e+03 -9.999000e+03 7.864999e-01 1.082949e+00 1.060335e+00 1.080731e+00 9.298758e-01 1.867065e-01 1.823870e+00 1.727342e+00 3.174101e+00 5.119664e+00 5.462712e+00 3.316868e+00 4.441378e+00 4.051499e+00 4.196701e+00 4.542589e+00 3.386114e+00 4.527548e+00 5.056837e+00 5.301159e+00 9.332316e+00 5.242342e+00 5.377425e+00 3.953593e+00 8.074195e+00 6.096731e+00 6.130270e+00 6.253087e+00 6.470150e+00 6.609918e+00 6.623904e+00 6.578909e+00 6.545848e+00 6.625090e+00 6.802546e+00 6.840725e+00 6.686351e+00 4.803796e+00
-9.999000e+03 -9.999000e+03 -9.999000e+03 -9.999000e+03 -9.999000e+03 -9.999000e+03 -9.999000e+03 -9.999000e+03 -9.999000e+03 -9.999000e+03 -9.999000e+03 -9.999000e+03 -9.999000e+03 -9.999000e+03 7.207419e-01 7.182222e-01 1.196518e+00 1.718776e+00 8.719315e-01 1.579633e+00 1.542234e+00 2.535994e+00 2.675152e+00 2.618861e+00 4.728951e+00 7.032148e+00 4.522410e+00 4.440928e+00 4.604243e+00 3.396513e+00 4.822464e+00 4.487930e+00 4.963183e+00 5.053817e+00 9.785711e+00 5.129436e+00 5.448831e+00 4.050736e+00 8.313403e+00 6.070762e+00 6.068024e+00 6.155268e+00 6.308790e+00 6.432501e+00 6.498449e+00 6.534185e+00 6.579592e+00 6.714916e+00 6.920910e+00 7.067018e+00 4.845393e+00 7.410714e+00
-9.999000e+03 -9.999000e+03 -9.999000e+03 -9.999000e+03 -9.999000e+03 -9.999000e+03 -9.999000e+03 -9.999000e+03 -9.999000e+03 -9.999000e+03 -9.999000e+03 -9.999000e+03 -9.999000e+03 -9.999000e+03 1.545860e-01 7.937833e-01 1.145938e+00 1.117468e+00 1.067526e+00 2.750911e+00 1.983514e+00 4.593929e+00 5.865059e+00 3.318388e+00 3.726321e+00 5.172278e+00 8.973855e+00 4.815429e+00 4.890532e+00 3.520185e+00 4.474047e+00 5.139719e+00 4.941320e+00 4.726292e+00 4.699900e+00 1.029798e+01 3.728571e+00 5.823234e+00 5.189709e+00 9.540748e+00 6.031572e+00 6.159563e+00 6.281272e+00 6.379927e+00 6.471567e+00 6.574274e+00 6.710087e+00 6.923873e+00 7.193630e+00 7.468799e+00 6.650967e+00 5.296862e+00
-9.999000e+03 -9.999000e+03 -9.999000e+03 -9.999000e+03 -9.999000e+03 -9.999000e+03 -9.999000e+03 -9.999000e+03 -9.999000e+03 -9.999000e+03 -9.999000e+03 -9.999000e+03 1.489121e+00 1.006136e+00 1.201240e+00 1.380536e+00 1.170857e+00 3.086397e-01 1.836150e+00 1.655671e+00 5.990261e+00 4.908053e+00 3.652123e+00 5.075250e+00 3.608167e+00 3.928656e+00 9.564489e+00 4.423435e+00 4.575625e+00 4.222989e+00 3.393844e+00 4.718004e+00 4.816878e+00 4.508475e+00 4.561663e+00 4.812034e+00 1.064328e+01 5.017081e+00 5.831141e+00 5.612489e+00 1.066000e+01 6.094632e+00 6.169006e+00 6.274466e+00 6.451091e+00 6.694700e+00 6.982597e+00 7.274140e+00 7.552885e+00 7.877297e+00 7.716826e+00 5.492645e+00
-9.999000e+03 -9.999000e+03 -9.999000e+03 -9.999000e+03 -9.999000e+03 -9.999000e+03 -9.999000e+03 -9.999000e+03 -9.999000e+03 -9.999000e+03 -9.999000e+03 -9.999000e+03 -9.999000e+03 1.409374e+00 1.151226e+00 1.185563e+00 4.864048e-01 1.319869e+00 1.336640e+00 4.920654e+00 2.676692e+00 2.658292e+00 4.564512e+00 5.301356e+00 6.615187e+00 6.954067e+00 7.203093e+00 7.506306e+00 3.663767e+00 4.120858e+00 4.301605e+00 4.064317e+00 4.328828e+00 4.124479e+00 4.266445e+00 4.956388e+00 5.560024e+00 1.079000e+01 5.536370e+00 5.933037e+00 1.066000e+01 5.939156e+00 5.961097e+00 6.115290e+00 6.445438e+00 6.915942e+00 7.415509e+00 7.765488e+00 7.980358e+00 8.269993e+00 8.358758e+00 7.330442e+00
-9.999000e+03 -9.999000e+03 -9.999000e+03 -9.999000e+03 -9.999000e+03 -9.999000e+03 -9.999000e+03 -9.999000e+03 -9.999000e+03 -9.999000e+03 -9.999000e+03 -9.999000e+03 -9.999000e+03 -9.999000e+03 -9.999000e+03 7.627108e-01 3.677668e-01 9.584921e-01 1.744774e+00 4.529171e+00 3.633607e+00 3.101458e+00 2.785621e+00 2.636556e+00 2.800284e+00 3.038647e+00 3.044127e+00 6.992135e+00 1.043848e+01 3.463327e+00 3.797425e+00 3.826138e+00 3.643928e+00 3.682456e+00 3.987859e+00 4.765328e+00 5.241725e+00 5.325811e+00 1.022478e+01 5.702068e+00 1.066000e+01 5.901270e+00 6.074276e+00 6.351270e+00 6.768216e+00 7.312051e+00 7.832290e+00 8.125337e+00 8.272944e+00 8.539681e+00 8.687131e+00 8.165221e+00
-9.999000e+03 -9.999000e+03 -9.999000e+03 -9.999000e+03 -9.999000e+03 -9.999000e+03 -9.999000e+03 -9.999000e+03 -9.999000e+03 -9.999000e+03 -9.999000e+03 -9.999000e+03 -9.999000e+03 -9.999000e+03 -9.999000e+03 -9.999000e+03 1.160788e+00 1.024651e+00 3.357546e+00 2.873305e+00 2.520559e+00 2.304708e+00 2.341055e+00 2.566422e+00 2.862598e+00 3.220301e+00 3.268982e+00 2.960577e+00 2.879506e+00 1.079000e+01 1.079000e+01 1.079000e+01 3.221115e+00 3.284838e+00 3.611440e+00 4.257525e+00 5.940891e+00 7.087324e+00 4.799914e+00 9.555434e+00 5.827544e+00 1.079000e+01 6.579082e+00 7.012193e+00 7.424581e+00 7.858737e+00 8.193096e+00 8.327939e+00 8.420593e+00 8.671698e+00 8.767310e+00 8.358159e+00
-9.999000e+03 -9.999000e+03 -9.999000e+03 -9.999000e+03 -9.999000e+03 -9.999000e+03 -9.999000e+03 -9.999000e+03 -9.999000e+03 -9.999000e+03 -9.999000e+03 -9.999000e+03 -9.999000e+03 -9.999000e+03 -9.999000e+03 -9.999000e+03 1.047771e+00 3.292008e+00 1.951529e+00 2.163935e+00 2.241442e+00 5.364005e+00 5.316205e+00 5.545498e+00 5.703798e+00 5.818707e+00 5.585204e+00 5.016599e+00 4.779647e+00 4.841196e+00 4.544033e+00 3.981091e+00 1.079000e+01 1.024348e+01 1.049456e+01 1.079000e+01 1.079000e+01 1.079000e+01 1.079000e+01 1.079000e+01 1.079000e+01 1.079000e+01 1.079000e+01 6.096350e+00 6.683356e+00 7.084892e+00 7.517482e+00 7.799871e+00 8.097279e+00 8.404490e+00 8.363260e+00 7.885134e+00
-9.999000e+03 -9.999000e+03 -9.999000e+03 -9.999000e+03 -9.999000e+03 -9.999000e+03 -9.999000e+03 -9.999000e+03 -9.999000e+03 -9.999000e+03 -9.999000e+03 -9.999000e+03 -9.999000e+03 -9.999000e+03 -9.999000e+03 1.050018e+00 3.880312e+00 1.920007e+00 4.028767e+00 5.075666e+00 5.551634e+00 2.452553e+00 3.320945e+00 4.263977e+00 4.094362e+00 5.678880e+00 6.327721e+00 6.777488e+00 6.636332e+00 6.757402e+00 6.466549e+00 5.772936e+00 4.962888e+00 4.031541e+00 3.686848e+00 3.868205e+00 9.800914e+00 1.079000e+01 1.079000e+01 1.079000e+01 1.079000e+01 1.079000e+01 1.079000e+01 1.079000e+01 1.079000e+01 5.287833e+00 8.347813e+00 6.613999e+00 7.341889e+00 7.707355e+00 7.435362e+00 6.827985e+00
-9.999000e+03 -9.999000e+03 -9.999000e+03 -9.999000e+03 -9.999000e+03 -9.999000e+03 -9.999000e+03 -9.999000e+03 -9.999000e+03 -9.999000e+03 -9.999000e+03 -9.999000e+03 -9.999000e+03 -9.999000e+03 9.016799e-01 1.564760e+00 4.622945e+00 4.255770e+00 1.982080e+00 2.116705e+00 2.449925e+00 2.671146e+00 2.881705e+00 3.107146e+00 4.145652e+00 3.237024e+00 3.437632e+00 3.602060e+00 3.811117e+00 4.174855e+00 4.077892e+00 7.271593e+00 7.095912e+00 6.717626e+00 6.849086e+00 8.777903e+00 3.482996e+00 4.251199e+00 5.026957e+00 5.792573e+00 6.236243e+00 6.218754e+00 7.809313e+00 8.408987e+00 8.660790e+00 1.079000e+01 1.079000e+01 1.079000e+01 5.582143e+00 8.221766e+00 5.516756e+00 5.153915e+00
-9.999000e+03 -9.999000e+03 -9.999000e+03 -9.999000e+03 -9.999000e+03 -9.999000e+03 -9.999000e+03 -9.999000e+03 -9.999000e+03 -9.999000e+03 -9.999000e+03 -9.999000e+03 -9.999000e+03 -9.999000e+03 1.008066e+00 6.803645e+00 2.281634e+00 2.311759e+00 2.290879e+00 2.270467e+00 2.330722e+00 2.523528e+00 2.907768e+00 3.041924e+00 3.186269e+00 3.149536e+00 3.349392e+00 3.840380e+00 5.286220e+00 6.325901e+00 6.904917e+00 3.810655e+00 3.595709e+00 3.534715e+00 5.382088e+00 3.519356e+00 4.003197e+00 4.482205e+00 4.915704e+00 5.472244e+00 5.999283e+00 6.623755e+00 6.901698e+00 6.957277e+00 6.844139e+00 8.733754e+00 9.688605e+00 1.012110e+01 1.079000e+01 1.079000e+01 1.079000e+01 3.437825e+00
-9.999000e+03 -9.999000e+03 -9.999000e+03 -9.999000e+03 -9.999000e+03 -9.999000e+03 -9.999000e+03 -9.999000e+03 -9.999000e+03 -9.999000e+03 -9.999000e+03 -9.999000e+03 -9.999000e+03 1.384839e+00 8.044471e+00 2.192656e+00 2.360441e+00 2.513657e+00 2.522172e+00 2.466495e+00 2.441555e+00 2.520561e+00 2.683332e+00 2.911643e+00 3.104426e+00 3.184897e+00 3.433510e+00 3.957725e+00 4.290327e+00 4.396252e+00 4.317775e+00 4.126914e+00 4.116624e+00 6.475747e+00 3.072759e+00 4.052836e+00 4.658217e+00 4.824639e+00 5.099552e+00 5.502392e+00 6.000218e+00 6.473702e+00 6.930320e+00 7.470304e+00 7.669014e+00 7.604262e+00 7.519693e+00 7.328070e+00 6.641749e+00 7.171483e+00 6.612308e+00 1.079000e+01
-9.999000e+03 -9.999000e+03 -9.999000e+03 -9.999000e+03 -9.999000e+03 -9.999000e+03 -9.999000e+03 -9.999000e+03 -9.999000e+03 -9.999000e+03 -9.999000e+03 -9.999000e+03 8.710646e-01 1.783092e+00 2.198478e+00 2.255295e+00 2.538918e+00 2.529494e+00 2.601257e+00 2.603313e+00 2.571744e+00 2.538103e+00 2.582891e+00 2.706335e+00 2.891270e+00 3.088435e+00 3.419992e+00 3.945146e+00 4.265752e+00 4.380705e+00 4.450081e+00 4.478697e+00 6.364918e+00 4.445611e+00 3.174661e+00 4.527684e+00 4.672704e+00 4.852479e+00 5.193361e+00 5.666006e+00 6.069861e+00 6.432259e+00 6.633783e+00 6.780891e+00 6.726713e+00 7.073023e+00 7.221626e+00 7.367898e+00 7.111935e+00 6.286468e+00 5.681493e+00 6.172647e+00
-9.999000e+03 -9.999000e+03 -9.999000e+03 -9.999000e+03 -9.999000e+03 -9.999000e+03 -9.999000e+03 -9.999000e+03 -9.999000e+03 -9.999000e+03 -9.999000e+03 -9.999000e+03 1.305730e+00 2.005476e+00 2.203754e+00 2.792940e+00 2.381307e+00 2.567145e+00 2.678304e+00 2.724095e+00 2.697338e+00 2.603068e+00 2.581769e+00 2.631785e+00 2.773871e+00 2.981943e+00 3.281978e+00 3.722292e+00 3.942350e+00 4.054399e+00 4.190428e+00 6.085131e+00 3.273328e+00 4.067833e+00 4.279567e+00 4.236269e+00 4.241901e+00 4.386484e+00 4.817582e+00 5.049249e+00 5.497676e+00 5.933572e+00 6.120343e+00 5.634783e+00 5.726288e+00 5.942317e+00 6.160683e+00 6.546330e+00 6.428821e+00 6.865272e+00 5.988368e+00 5.395853e+00
-9.999000e+03 -9.999000e+03 -9.999000e+03 -9.999000e+03 -9.999000e+03 -9.999000e+03 -9.999000e+03 -9.999000e+03 -9.999000e+03 -9.999000e+03 -9.999000e+03 6.949368e-01 3.263797e+00 1.708061e+00 2.803433e+00 2.171087e+00 2.393658e+00 2.594496e+00 2.725915e+00 2.789536e+00 2.778234e+00 2.692942e+00 2.672544e+00 2.698764e+00 2.785482e+00 2.942138e+00 3.115842e+00 3.286074e+00 3.454114e+00 3.430161e+00 3.536103e+00 4.534583e+00 2.830932e+00 3.925381e+00 3.803980e+00 3.452045e+00 3.454232e+00 3.843347e+00 3.630778e+00 3.837363e+00 4.272875e+00 4.946087e+00 4.164208e+00 4.110277e+00 4.173444e+00 4.347018e+00 4.487623e+00 4.601786e+00 6.699368e+00 5.583991e+00 5.372361e+00 5.264886e+00
-9.999000e+03 -9.999000e+03 -9.999000e+03 -9.999000e+03 -9.999000e+03 -9.999000e+03 -9.999000e+03 -9.999000e+03 -9.999000e+03 -9.999000e+03 6.321554e-01 9.682501e-01 1.357416e+00 2.350151e+00 1.402317e+00 1.932448e+00 2.251236e+00 2.505380e+00 2.678696e+00 2.734120e+00 2.749722e+00 2.677263e+00 2.662812e+00 2.685846e+00 2.756384e+00 2.902243e+00 2.773326e+00 3.064029e+00 3.019116e+00 2.863102e+00 2.912035e+00 2.954925e+00 3.059108e+00 3.229489e+00 2.675918e+00 2.430575e+00 3.139764e+00 2.297607e+00 2.325561e+00 2.405713e+00 2.817595e+00 3.587416e+00 5.014530e+00 5.437179e+00 5.708921e+00 6.016532e+00 6.227727e+00 6.353907e+00 4.197480e+00 3.914818e+00 3.907361e+00 4.320323e+00
-9.999000e+03 -9.999000e+03 -9.999000e+03 -9.999000e+03 -9.999000e+03 -9.999000e+03 -9.999000e+03 -9.999000e+03 -9.999000e+03 -9.999000e+03 5.386600e-01 1.049082e+00 2.135762e+00 1.290265e+00 1.105809e+00 1.579992e+00 1.929682e+00 2.277933e+00 2.473497e+00 2.609298e+00 2.640659e+00 2.601526e+00 2.586937e+00 2.622485e+00 2.632360e+00 2.123035e+00 2.822823e+00 2.836830e+00 2.622063e+00 2.390629e+00 2.335380e+00 2.312507e+00 1.949278e+00 2.423835e+00 3.170374e+00 3.011228e+00 2.049535e+00 2.412269e+00 2.625555e+00 2.934198e+00 2.731880e+00 3.515785e+00 4.865705e+00 5.182048e+00 5.334373e+00 5.531658e+00 5.759826e+00 5.990725e+00 5.946933e+00 5.596888e+00 5.562956e+00 5.961652e+00
-9.999000e+03 -9.999000e+03 -9.999000e+03 -9.999000e+03 -9.999000e+03 -9.999000e+03 -9.999000e+03 -9.999000e+03 -9.999000e+03 5.484793e-01 2.224321e+00 1.694411e+00 1.137700e+00 1.017896e+00 1.173334e+00 1.390816e+00 1.684421e+00 1.905859e+00 2.299887e+00 2.406754e+00 2.500417e+00 2.521355e+00 2.557292e+00 2.453059e+00 2.028275e+00 2.506707e+00 2.681034e+00 2.389332e+00 2.200499e+00 1.898150e+00 1.824063e+00 1.670966e+00 2.378402e+00 3.120501e+00 3.431784e+00 3.257759e+00 3.072314e+00 2.927807e+00 2.293910e+00 2.683839e+00 4.254623e+00 4.559744e+00 5.155829e+00 5.055293e+00 4.946956e+00 4.968985e+00 5.196406e+00 5.611899e+00 5.806607e+00 5.734398e+00 5.627881e+00 5.569020e+00
-9.999000e+03 -9.999000e+03 -9.999000e+03 -9.999000e+03 -9.999000e+03 -9.999000e+03 -9.999000e+03 -9.999000e+03 -9.999000e+03 6.760919e-01 2.120976e+00 1.145258e+00 1.070961e+00 9.579029e-01 1.262627e+00 1.371277e+00 1.216954e+00 1.840486e+00 1.993094e+00 2.221985e+00 2.371553e+00 2.452141e+00 1.939425e+00 2.061369e+00 2.534021e+00 2.542029e+00 1.873363e+00 1.821020e+00 1.652183e+00 1.362701e+00 1.379402e+00 2.123923e+00 2.758987e+00 3.328510e+00 3.613971e+00 3.609902e+00 3.520680e+00 2.437053e+00 3.533177e+00 3.783510e+00 4.250321e+00 4.987187e+00 5.031639e+00 4.723392e+00 4.577011e+00 4.669353e+00 4.888879e+00 5.209017e+00 5.414563e+00 5.516462e+00 1.066000e+01 1.066000e+01
-9.999000e+03 -9.999000e+03 -9.999000e+03 -9.999000e+03 -9.999000e+03 -9.999000e+03 -9.999000e+03 -9.999000e+03 1.162509e+00 3.029170e+00 1.998024e+00 1.318439e+00 9.093026e-01 1.141089e+00 1.353565e+00 1.407930e+00 1.778140e+00 1.516206e+00 1.755743e+00 2.089476e+00 2.315848e+00 2.279106e+00 2.562040e+00 2.817382e+00 2.826183e+00 4.652607e+00 4.687630e+00 4.394042e+00 3.853858e+00 3.124225e+00 3.038572e+00 3.464153e+00 3.661331e+00 3.654460e+00 3.810102e+00 3.851263e+00 3.768958e+00 4.605633e+00 4.951889e+00 6.470779e+00 7.139865e+00 7.388399e+00 6.684891e+00 5.929615e+00 5.543972e+00 5.438158e+00 5.134540e+00 4.721450e+00 4.710708e+00 1.066000e+01 4.843528e+00 4.906496e+00
-9.999000e+03 -9.999000e+03 -9.999000e+03 -9.999000e+03 -9.999000e+03 -9.999000e+03 -9.999000e+03 6.202434e-01 1.064744e+00 1.971670e+00 1.461301e+00 1.414810e+00 9.657077e-01 1.274809e+00 1.405127e+00 1.441385e+00 1.449711e+00 1.433049e+00 1.629274e+00 2.029095e+00 1.776603e+00 1.865629e+00 2.412493e+00 4.414369e+00 4.819663e+00 2.745303e+00 2.575873e+00 2.587646e+00 2.441989e+00 2.145370e+00 2.263122e+00 2.819502e+00 3.303683e+00 3.665336e+00 3.844360e+00 3.837128e+00 3.737125e+00 3.561137e+00 3.694534e+00 4.143780e+00 4.334859e+00 4.232371e+00 4.150638e+00 4.106853e+00 4.208339e+00 4.459566e+00 4.450900e+00 4.183426e+00 1.066000e+01 4.217628e+00 4.512809e+00 4.748267e+00
-9.999000e+03 -9.999000e+03 -9.999000e+03 -9.999000e+03 -9.999000e+03 -9.999000e+03 -9.999000e+03 5.116236e-01 1.004469e+00 1.929679e+00 1.177903e+00 1.386168e+00 1.359931e+00 1.388551e+00 1.440943e+00 1.459821e+00 1.494839e+00 1.510206e+00 1.698862e+00 2.125805e+00 2.973028e+00 3.563506e+00 4.060046e+00 2.654546e+00 2.768122e+00 2.633225e+00 2.124095e+00 2.585187e+00 2.629299e+00 2.436032e+00 2.549133e+00 3.017951e+00 3.370405e+00 3.569909e+00 3.647720e+00 3.616918e+00 8.826148e+00 8.920412e+00 9.344142e+00 1.015527e+01 1.056453e+01 1.054496e+01 1.066000e+01 1.066000e+01 1.066000e+01 1.049398e+01 1.066000e+01 1.066000e+01 3.854648e+00 3.891931e+00 4.173505e+00 4.474282e+00
-9.999000e+03 -9.999000e+03 -9.999000e+03 -9.999000e+03 -9.999000e+03 -9.999000e+03 -9.999000e+03 7.364945e-01 1.538643e+00 1.201092e+00 1.002797e+00 1.332481e+00 1.491300e+00 1.509349e+00 1.507744e+00 1.520025e+00 1.613247e+00 1.705695e+00 1.900919e+00 2.309131e+00 2.606941e+00 2.721118e+00 2.666940e+00 2.565217e+00 2.006232e+00 2.180017e+00 2.748880e+00 2.849538e+00 2.820240e+00 2.722871e+00 2.786444e+00 3.048461e+00 3.230025e+00 8.010367e+00 8.412709e+00 8.850686e+00 3.909871e+00 4.202787e+00 4.478623e+00 4.770885e+00 4.908980e+00 4.867120e+00 4.891829e+00 6.612529e+00 7.794523e+00 8.454584e+00 4.583016e+00 4.337105e+00 4.037611e+00 3.746600e+00 3.747159e+00 3.995267e+00
