tests/data/reference/test_implicit_stream_rill_mfda/mrsearstr_pa.asc
ncols	123
nrows	77
xllcorner	-713746.79929998
yllcorner	-1061022.36961616
cellsize	10.0
NODATA_value	-9999
[rows 46 to 68 of 77, columns 52 to 103 of 123]
3.790554e+00 3.693684e+00 3.876386e+00 4.282896e+00 4.491316e+00 4.370099e+00 4.414429e+00 4.471553e+00 4.464824e+00 4.608833e+00 4.783289e+00 9.568832e+00 5.445076e+00 5.514313e+00 5.483473e+00 5.583414e+00 6.214803e+00 6.722931e+00 7.185151e+00 7.340412e+00 7.699928e+00 8.278376e+00 8.303859e+00 7.580023e+00 7.510554e+00 0.000000e+00 5.496014e+00 4.644457e+00 5.649619e+00 6.057181e+00 5.634819e+00 0.000000e+00 0.000000e+00 0.000000e+00 5.699173e+00 5.731269e+00 6.165028e+00 4.630528e+00 4.922358e+00 4.973954e+00 4.930578e+00 4.808438e+00 4.623579e+00 4.347229e+00 4.109441e+00 3.909180e+00 3.708215e+00 4.935243e+00 4.698101e+00 4.763651e+00 5.105681e+00 5.416105e+00
3.655505e+00 3.301050e+00 3.340724e+00 3.801015e+00 3.691798e+00 3.667493e+00 3.729623e+00 3.903604e+00 4.399807e+00 4.248752e+00 8.879357e+00 4.850383e+00 4.842931e+00 4.432718e+00 4.389931e+00 4.868005e+00 4.677826e+00 5.399071e+00 5.865308e+00 6.008445e+00 6.374091e+00 7.000600e+00 7.319912e+00 8.196516e+00 5.249723e+00 0.000000e+00 5.578773e+00 5.166146e+00 6.089583e+00 6.764042e+00 6.775707e+00 6.269581e+00 4.957590e+00 0.000000e+00 0.000000e+00 4.585582e+00 5.370065e+00 4.326101e+00 4.792263e+00 4.941505e+00 4.898742e+00 4.742119e+00 4.613576e+00 4.466431e+00 4.349138e+00 4.228436e+00 4.060833e+00 5.498254e+00 5.202892e+00 5.146313e+00 5.381166e+00 5.612506e+00
3.777478e+00 3.274363e+00 3.176384e+00 2.600472e+00 2.753176e+00 2.728223e+00 2.761748e+00 3.932994e+00 3.708007e+00 8.664362e+00 4.337344e+00 4.216937e+00 3.415625e+00 3.310398e+00 4.531663e+00 3.200067e+00 3.386881e+00 3.835189e+00 4.102496e+00 4.171388e+00 4.414533e+00 4.849447e+00 7.704602e+00 7.237983e+00 7.999806e+00 0.000000e+00 5.690554e+00 7.565706e+00 7.463985e+00 7.822750e+00 7.759739e+00 7.190140e+00 5.717731e+00 2.360386e+00 0.000000e+00 4.000744e+00 4.705979e+00 3.981276e+00 4.564678e+00 4.859332e+00 4.874768e+00 4.698596e+00 4.603902e+00 4.549778e+00 4.537259e+00 4.496887e+00 4.360377e+00 6.038281e+00 5.766463e+00 5.619006e+00 5.664250e+00 5.712585e+00
4.050771e+00 3.541256e+00 2.385728e+00 3.134618e+00 3.469971e+00 3.536281e+00 3.555188e+00 2.626964e+00 8.246072e+00 3.964251e+00 3.062755e+00 3.277687e+00 4.219467e+00 4.436365e+00 3.204954e+00 4.032387e+00 4.543854e+00 5.115647e+00 5.437400e+00 5.502202e+00 5.705754e+00 6.108377e+00 4.706148e+00 5.383658e+00 9.791550e+00 0.000000e+00 6.541036e+00 7.175664e+00 7.736227e+00 8.293664e+00 8.379778e+00 7.909953e+00 6.671323e+00 4.675860e+00 0.000000e+00 0.000000e+00 4.299229e+00 3.654093e+00 4.262790e+00 4.687092e+00 4.816393e+00 4.694696e+00 4.629388e+00 4.621971e+00 4.689017e+00 4.722936e+00 4.606899e+00 6.518989e+00 6.365618e+00 6.169186e+00 5.946887e+00 5.714160e+00
4.335674e+00 6.467533e+00 5.729715e+00 5.276775e+00 4.907094e+00 4.541238e+00 4.114995e+00 7.910173e+00 3.584929e+00 2.849989e+00 3.786770e+00 4.288100e+00 4.503528e+00 4.493924e+00 4.521158e+00 4.618965e+00 4.869198e+00 5.297257e+00 5.543132e+00 5.572501e+00 5.589319e+00 5.612284e+00 6.081994e+00 7.066172e+00 7.586836e+00 0.000000e+00 6.145482e+00 5.427217e+00 7.347809e+00 8.434621e+00 8.827722e+00 8.651117e+00 7.611287e+00 8.114886e+00 4.140898e+00 0.000000e+00 4.229239e+00 3.444421e+00 4.023872e+00 4.492710e+00 4.698950e+00 4.663164e+00 4.646938e+00 4.651641e+00 6.107027e+00 6.258217e+00 4.822515e+00 6.946353e+00 6.825824e+00 6.612651e+00 6.289739e+00 5.915381e+00
7.853257e+00 4.484126e+00 5.535176e+00 5.240454e+00 6.020225e+00 7.471850e+00 7.921214e+00 3.534821e+00 3.661752e+00 4.042121e+00 4.254926e+00 4.285614e+00 4.330849e+00 4.370177e+00 4.475143e+00 4.660943e+00 6.490925e+00 6.479016e+00 6.247240e+00 6.104392e+00 5.862692e+00 5.358126e+00 5.420575e+00 6.145032e+00 6.760618e+00 0.000000e+00 5.265996e+00 7.309635e+00 8.499294e+00 9.340304e+00 9.566763e+00 9.315407e+00 8.316511e+00 6.588071e+00 6.458610e+00 0.000000e+00 0.000000e+00 3.500649e+00 3.892447e+00 4.341829e+00 4.571807e+00 4.605642e+00 4.654862e+00 4.659602e+00 6.643215e+00 6.889484e+00 4.986603e+00 7.354989e+00 7.147886e+00 6.923001e+00 6.707091e+00 6.366633e+00
4.899568e+00 4.843724e+00 3.171347e+00 4.000985e+00 4.450820e+00 3.813713e+00 3.809794e+00 3.722776e+00 3.903124e+00 4.374456e+00 4.520161e+00 4.283381e+00 4.167059e+00 4.190674e+00 4.293571e+00 4.474429e+00 3.508027e+00 5.035508e+00 5.943492e+00 6.434492e+00 6.173871e+00 5.163387e+00 4.913393e+00 5.515241e+00 4.369323e+00 0.000000e+00 6.443889e+00 8.342200e+00 9.365880e+00 1.005835e+01 1.023988e+01 9.720051e+00 8.779068e+00 7.472137e+00 5.561373e+00 5.462804e+00 0.000000e+00 4.587635e+00 3.892861e+00 4.209264e+00 4.376202e+00 4.416413e+00 4.535850e+00 5.969214e+00 6.894042e+00 7.168714e+00 6.557987e+00 7.676237e+00 7.497027e+00 7.250170e+00 7.056884e+00 6.826180e+00
4.981844e+00 5.095341e+00 4.767497e+00 5.112543e+00 3.768542e+00 3.850821e+00 3.915667e+00 3.920358e+00 4.195476e+00 6.191050e+00 5.777747e+00 4.945103e+00 4.311887e+00 4.112204e+00 4.106712e+00 4.257148e+00 4.707136e+00 5.472300e+00 6.147811e+00 6.692729e+00 6.357496e+00 5.084462e+00 6.463684e+00 7.446482e+00 7.706065e+00 0.000000e+00 6.830098e+00 8.665573e+00 9.732133e+00 1.060157e+01 1.063001e+01 9.933717e+00 9.138330e+00 8.423307e+00 6.816689e+00 8.076905e+00 0.000000e+00 0.000000e+00 4.241408e+00 4.140864e+00 4.131765e+00 4.094496e+00 5.494202e+00 6.390382e+00 7.043519e+00 7.368619e+00 7.275009e+00 7.872415e+00 7.859487e+00 7.619498e+00 7.331182e+00 7.244008e+00
5.113131e+00 5.333973e+00 6.667236e+00 4.210362e+00 3.841397e+00 3.932938e+00 4.034760e+00 4.084219e+00 4.389060e+00 5.031941e+00 5.264804e+00 5.011255e+00 4.635197e+00 4.215006e+00 4.100624e+00 4.284057e+00 4.694648e+00 5.347533e+00 5.970166e+00 6.533717e+00 6.203140e+00 4.869443e+00 3.226121e+00 3.962836e+00 5.847798e+00 0.000000e+00 6.937138e+00 8.926525e+00 1.006047e+01 1.066000e+01 1.066000e+01 1.013740e+01 9.486340e+00 9.265362e+00 1.079000e+01 1.066884e+01 4.040909e+00 0.000000e+00 4.558672e+00 4.452188e+00 4.208537e+00 4.152193e+00 6.079027e+00 6.744511e+00 7.277867e+00 7.581627e+00 7.620818e+00 7.932442e+00 8.024940e+00 7.899406e+00 7.637175e+00 7.563357e+00
5.336920e+00 5.521810e+00 5.226593e+00 4.408023e+00 4.030398e+00 4.121537e+00 4.221202e+00 4.297099e+00 4.543976e+00 3.561240e+00 7.211843e+00 8.509324e+00 7.550545e+00 8.889405e+00 9.335372e+00 9.433637e+00 9.616556e+00 9.912974e+00 1.011816e+01 1.023320e+01 9.248679e+00 7.208781e+00 6.799837e+00 7.866662e+00 0.000000e+00 0.000000e+00 5.991585e+00 8.298158e+00 9.673604e+00 1.050431e+01 1.058586e+01 1.003133e+01 9.717627e+00 9.895722e+00 8.879067e+00 9.427045e+00 1.063366e+01 0.000000e+00 4.897745e+00 4.746396e+00 4.577839e+00 5.909576e+00 6.920503e+00 7.354429e+00 7.691955e+00 7.850603e+00 7.806101e+00 7.878398e+00 7.982460e+00 8.047009e+00 7.968463e+00 7.803302e+00
5.638038e+00 5.633737e+00 5.322963e+00 4.632132e+00 4.360969e+00 4.379334e+00 4.477239e+00 4.647606e+00 4.821422e+00 6.612938e+00 5.366352e+00 5.631554e+00 7.206013e+00 4.915322e+00 4.748722e+00 6.640429e+00 6.413246e+00 6.220953e+00 6.103443e+00 6.447722e+00 6.292384e+00 5.500667e+00 5.567563e+00 6.620885e+00 0.000000e+00 6.397251e+00 6.800706e+00 8.599363e+00 9.519847e+00 9.844921e+00 9.944337e+00 9.976351e+00 9.999794e+00 1.003837e+01 9.253173e+00 1.054293e+01 1.079000e+01 0.000000e+00 0.000000e+00 5.372737e+00 6.861023e+00 7.266201e+00 7.694009e+00 7.873261e+00 7.998566e+00 8.053724e+00 7.969404e+00 7.872577e+00 7.845942e+00 7.902411e+00 7.899954e+00 7.676344e+00
5.997561e+00 5.578075e+00 5.172468e+00 5.063890e+00 4.786461e+00 4.667754e+00 4.752164e+00 4.989577e+00 5.135052e+00 5.172701e+00 5.368328e+00 5.711320e+00 5.699890e+00 5.254708e+00 5.134425e+00 5.443250e+00 7.566478e+00 9.397791e+00 1.066000e+01 1.066000e+01 1.065141e+01 9.625928e+00 9.252811e+00 9.496571e+00 0.000000e+00 6.521208e+00 6.769466e+00 8.269571e+00 8.873979e+00 8.948205e+00 9.268529e+00 9.935774e+00 1.027897e+01 1.029871e+01 9.853281e+00 8.675181e+00 1.079000e+01 1.079000e+01 0.000000e+00 8.323445e+00 8.934881e+00 8.515392e+00 8.419059e+00 8.289144e+00 8.167052e+00 8.157515e+00 8.134732e+00 7.944055e+00 7.654645e+00 7.479475e+00 7.401500e+00 7.157302e+00
5.929248e+00 4.737314e+00 5.064899e+00 5.125076e+00 4.921615e+00 4.827901e+00 4.851915e+00 5.095380e+00 5.251095e+00 5.259706e+00 5.379429e+00 5.676951e+00 5.741547e+00 5.492576e+00 5.434832e+00 5.688737e+00 6.003169e+00 6.335252e+00 6.665272e+00 9.218403e+00 8.693297e+00 8.082912e+00 7.667033e+00 7.786336e+00 0.000000e+00 6.587728e+00 6.672464e+00 7.913537e+00 8.370724e+00 8.445448e+00 1.066000e+01 1.066000e+01 1.066000e+01 1.066000e+01 1.066000e+01 1.079000e+01 1.079000e+01 1.079000e+01 0.000000e+00 0.000000e+00 9.666422e+00 9.253188e+00 8.767959e+00 8.455555e+00 8.211830e+00 8.124669e+00 8.089093e+00 7.897616e+00 7.527439e+00 7.250424e+00 7.164533e+00 6.923629e+00
4.190715e+00 4.736888e+00 4.576012e+00 4.657177e+00 4.892868e+00 4.758131e+00 4.771090e+00 4.948565e+00 5.138087e+00 5.253236e+00 5.399066e+00 5.528587e+00 5.645504e+00 5.632047e+00 5.630853e+00 5.791989e+00 6.074656e+00 6.442356e+00 6.841853e+00 7.242156e+00 9.930653e+00 1.048152e+01 1.066000e+01 1.066000e+01 0.000000e+00 6.265995e+00 8.085378e+00 1.066000e+01 1.066000e+01 1.066000e+01 8.817529e+00 1.066000e+01 1.066000e+01 1.024218e+01 1.061257e+01 1.066000e+01 1.079000e+01 1.079000e+01 1.079000e+01 0.000000e+00 0.000000e+00 9.154076e+00 8.885134e+00 8.340928e+00 8.115834e+00 7.969778e+00 7.837002e+00 7.689957e+00 7.427798e+00 7.229325e+00 7.238024e+00 7.059644e+00
5.099247e+00 4.443990e+00 3.612115e+00 4.468468e+00 4.579462e+00 4.589714e+00 4.575913e+00 4.615292e+00 4.812473e+00 5.264749e+00 5.344259e+00 5.369815e+00 5.569967e+00 5.743746e+00 5.849606e+00 5.963375e+00 6.184683e+00 6.523087e+00 6.925130e+00 7.354697e+00 5.081644e+00 5.095051e+00 7.896673e+00 5.786110e+00 0.000000e+00 6.320538e+00 8.117428e+00 9.061561e+00 8.780404e+00 8.114830e+00 7.612813e+00 8.230078e+00 8.760268e+00 9.104928e+00 9.648619e+00 1.043133e+01 1.019743e+01 9.877411e+00 7.395156e+00 1.079000e+01 0.000000e+00 0.000000e+00 7.998163e+00 7.728740e+00 7.783865e+00 7.789411e+00 7.691565e+00 7.618275e+00 7.444591e+00 7.185407e+00 7.031639e+00 6.859805e+00
5.249281e+00 2.810586e+00 3.576125e+00 3.673422e+00 4.023867e+00 4.151490e+00 4.136083e+00 4.037567e+00 4.661966e+00 4.931386e+00 5.153131e+00 5.321264e+00 5.427561e+00 5.739874e+00 6.034774e+00 6.166815e+00 6.394700e+00 6.708932e+00 6.974553e+00 5.008359e+00 6.542388e+00 7.004402e+00 5.132606e+00 7.354818e+00 0.000000e+00 7.636805e+00 8.985686e+00 8.785455e+00 7.120523e+00 5.521454e+00 5.664767e+00 5.940957e+00 6.268630e+00 6.596029e+00 7.055263e+00 7.683144e+00 1.066000e+01 1.066000e+01 1.079000e+01 9.902188e+00 1.079000e+01 0.000000e+00 5.909929e+00 6.702697e+00 7.156411e+00 7.548285e+00 7.641799e+00 7.681242e+00 7.610853e+00 7.169798e+00 6.648617e+00 4.457546e+00
4.840255e+00 3.783447e+00 2.402549e+00 2.707510e+00 2.962497e+00 3.131710e+00 3.119887e+00 4.103690e+00 3.812124e+00 4.224305e+00 4.923698e+00 4.833837e+00 5.001220e+00 5.503201e+00 5.806828e+00 6.073405e+00 6.396282e+00 6.630996e+00 4.924885e+00 6.587840e+00 7.245829e+00 7.205860e+00 7.510525e+00 8.349635e+00 0.000000e+00 7.442447e+00 8.701660e+00 5.532265e+00 5.396592e+00 7.049055e+00 7.874064e+00 8.360969e+00 8.894347e+00 9.569238e+00 1.037248e+01 1.066000e+01 7.638710e+00 7.818512e+00 9.495717e+00 8.333014e+00 5.561594e+00 0.000000e+00 0.000000e+00 5.665116e+00 6.529577e+00 7.176817e+00 7.365471e+00 7.362379e+00 7.314190e+00 6.793703e+00 4.266648e+00 7.209672e+00
4.342500e+00 3.671442e+00 3.332003e+00 3.474788e+00 3.699583e+00 3.961819e+00 3.984760e+00 2.691160e+00 2.726645e+00 4.084032e+00 3.934854e+00 3.998319e+00 4.589833e+00 4.818204e+00 5.256068e+00 5.698368e+00 5.690321e+00 4.800933e+00 6.498110e+00 7.343489e+00 7.604308e+00 7.408812e+00 7.520057e+00 8.081663e+00 0.000000e+00 7.183457e+00 8.511246e+00 8.700853e+00 8.547542e+00 8.395886e+00 8.281426e+00 8.187858e+00 8.370979e+00 8.859236e+00 9.558451e+00 1.044101e+01 1.066000e+01 1.066000e+01 1.066000e+01 1.066000e+01 1.079000e+01 1.063503e+01 0.000000e+00 0.000000e+00 6.223616e+00 6.709015e+00 4.571982e+00 6.674797e+00 6.567062e+00 4.202691e+00 6.512137e+00 7.681571e+00
3.727137e+00 3.528853e+00 3.413296e+00 3.434360e+00 3.516115e+00 3.651019e+00 3.629223e+00 3.413928e+00 3.393197e+00 2.663857e+00 2.783549e+00 3.836715e+00 3.681841e+00 3.961304e+00 4.428227e+00 4.012839e+00 4.430264e+00 6.213979e+00 7.192226e+00 7.623080e+00 7.732189e+00 7.580388e+00 7.589628e+00 7.842518e+00 0.000000e+00 7.054702e+00 8.590616e+00 9.142197e+00 9.119762e+00 8.796733e+00 8.479003e+00 8.162610e+00 8.068729e+00 8.226329e+00 8.732375e+00 9.594168e+00 1.034741e+01 1.066000e+01 7.159869e+00 7.027587e+00 8.135669e+00 6.898524e+00 1.079000e+01 0.000000e+00 5.553291e+00 6.300499e+00 4.410174e+00 4.218145e+00 4.130502e+00 4.386401e+00 7.177200e+00 7.723349e+00
3.089062e+00 3.303708e+00 3.455937e+00 3.529129e+00 3.547205e+00 3.501019e+00 3.406540e+00 3.273398e+00 3.200089e+00 3.203470e+00 3.274106e+00 2.507796e+00 2.654570e+00 2.849272e+00 3.240700e+00 4.831452e+00 6.001672e+00 6.921840e+00 7.447648e+00 7.599914e+00 7.591709e+00 7.461459e+00 1.002956e+01 1.066000e+01 0.000000e+00 7.380403e+00 8.971727e+00 9.767215e+00 9.829495e+00 9.368324e+00 8.870548e+00 8.350811e+00 8.007338e+00 7.849976e+00 8.054393e+00 8.678255e+00 9.388324e+00 1.009265e+01 1.066000e+01 1.066000e+01 1.066000e+01 9.867925e+00 7.769193e+00 0.000000e+00 0.000000e+00 5.465797e+00 4.309690e+00 4.297633e+00 4.244867e+00 7.187976e+00 7.828497e+00 7.912695e+00
2.115413e+00 2.948373e+00 3.445227e+00 3.715727e+00 3.753602e+00 3.542531e+00 3.386104e+00 3.348044e+00 3.209804e+00 2.917075e+00 2.819661e+00 2.988550e+00 3.300546e+00 3.723146e+00 4.355861e+00 5.216819e+00 6.060693e+00 6.865942e+00 7.295439e+00 7.317605e+00 7.185536e+00 6.944754e+00 4.797319e+00 0.000000e+00 0.000000e+00 6.558084e+00 8.555650e+00 9.838915e+00 1.023140e+01 9.912894e+00 9.388216e+00 8.713853e+00 8.162541e+00 7.745072e+00 7.585680e+00 7.734784e+00 8.319502e+00 9.282211e+00 1.012049e+01 1.066000e+01 1.066000e+01 1.066000e+01 9.537063e+00 7.561969e+00 0.000000e+00 0.000000e+00 5.210784e+00 4.509497e+00 4.777696e+00 5.157406e+00 5.488911e+00 7.316194e+00
-9.999000e+03 -9.999000e+03 -9.999000e+03 -9.999000e+03 -9.999000e+03 -9.999000e+03 -9.999000e+03 2.603724e+00 2.472166e+00 2.124291e+00 1.979529e+00 2.108481e+00 2.957838e+00 3.762007e+00 4.493065e+00 5.161412e+00 5.864578e+00 6.643485e+00 7.013654e+00 6.928112e+00 6.716885e+00 6.398508e+00 6.675684e+00 0.000000e+00 6.198156e+00 6.090114e+00 7.858256e+00 9.463813e+00 1.028779e+01 1.036159e+01 9.974425e+00 9.204487e+00 8.458868e+00 7.762298e+00 7.265844e+00 7.008199e+00 7.381246e+00 8.413908e+00 9.432194e+00 1.032718e+01 1.066000e+01 1.066000e+01 1.066000e+01 9.154130e+00 6.675576e+00 0.000000e+00 0.000000e+00 4.773381e+00 5.410325e+00 5.677189e+00 5.811649e+00 5.785034e+00
-9.999000e+03 -9.999000e+03 -9.999000e+03 -9.999000e+03 -9.999000e+03 -9.999000e+03 -9.999000e+03 -9.999000e+03 -9.999000e+03 -9.999000e+03 2.578668e+00 2.665687e+00 2.497696e+00 3.079834e+00 4.375964e+00 4.995182e+00 5.582365e+00 6.346052e+00 6.663391e+00 6.477437e+00 6.266657e+00 6.051351e+00 6.442081e+00 0.000000e+00 6.160511e+00 5.925328e+00 7.611387e+00 9.292202e+00 1.033835e+01 1.066000e+01 1.060355e+01 9.767600e+00 8.858967e+00 7.902322e+00 7.193122e+00 6.762542e+00 6.878444e+00 7.565649e+00 8.521708e+00 9.700349e+00 1.056729e+01 1.066000e+01 1.066000e+01 1.008778e+01 8.145011e+00 5.743324e+00 0.000000e+00 0.000000e+00 5.732907e+00 6.098188e+00 -9.999000e+03 -9.999000e+03
