tests/data/reference/test_implicit_stream_rill_mfda/mrsearstr_pa.asc
ncols	123
nrows	77
xllcorner	-713746.79929998
yllcorner	-1061022.36961616
cellsize	10.0
NODATA_value	-9999
[rows 46 to 68 of 77, columns 52 to 103 of 123]
3.789012e+00 3.692281e+00 3.875246e+00 4.282287e+00 4.491143e+00 4.373874e+00 4.418232e+00 4.475463e+00 4.468772e+00 4.608725e+00 4.785205e+00 9.621020e+00 5.445265e+00 5.516928e+00 5.489050e+00 5.589142e+00 6.215224e+00 6.730613e+00 7.193934e+00 7.349657e+00 7.709856e+00 8.289517e+00 8.315383e+00 7.590386e+00 7.510692e+00 0.000000e+00 5.503242e+00 4.653387e+00 5.658927e+00 6.063187e+00 5.636670e+00 0.000000e+00 0.000000e+00 0.000000e+00 5.696704e+00 5.729732e+00 6.163655e+00 4.639822e+00 4.932307e+00 4.984018e+00 4.940544e+00 4.818131e+00 4.632857e+00 4.355887e+00 4.117564e+00 3.916853e+00 3.715437e+00 4.935048e+00 4.697591e+00 4.763298e+00 5.105698e+00 5.416352e+00
3.653902e+00 3.299468e+00 3.339327e+00 3.800040e+00 3.697108e+00 3.672798e+00 3.735043e+00 3.909375e+00 4.399668e+00 4.252353e+00 8.921744e+00 4.850360e+00 4.847494e+00 4.439762e+00 4.396852e+00 4.868234e+00 4.685302e+00 5.408117e+00 5.875531e+00 6.019090e+00 6.385560e+00 7.013553e+00 7.333782e+00 8.197404e+00 5.260403e+00 0.000000e+00 5.579739e+00 5.172227e+00 6.096996e+00 6.769658e+00 6.778255e+00 6.269519e+00 4.945226e+00 0.000000e+00 0.000000e+00 4.583604e+00 5.368254e+00 4.334711e+00 4.801920e+00 4.951496e+00 4.908637e+00 4.751664e+00 4.622832e+00 4.475356e+00 4.357800e+00 4.236826e+00 4.068846e+00 5.498137e+00 5.202588e+00 5.146028e+00 5.381109e+00 5.612549e+00
3.776093e+00 3.272909e+00 3.175029e+00 2.605225e+00 2.758265e+00 2.733257e+00 2.766857e+00 3.932686e+00 3.713356e+00 8.699005e+00 4.337072e+00 4.223427e+00 3.422190e+00 3.316727e+00 4.533123e+00 3.206150e+00 3.393381e+00 3.842696e+00 4.110603e+00 4.179650e+00 4.423341e+00 4.859232e+00 7.704837e+00 7.251601e+00 8.010898e+00 0.000000e+00 5.661211e+00 7.536427e+00 7.460162e+00 7.820576e+00 7.757489e+00 7.187959e+00 5.715042e+00 2.364226e+00 0.000000e+00 3.997703e+00 4.703911e+00 3.989111e+00 4.573824e+00 4.869139e+00 4.884610e+00 4.708043e+00 4.613136e+00 4.558891e+00 4.546343e+00 4.505881e+00 4.369064e+00 6.038356e+00 5.766439e+00 5.618859e+00 5.664047e+00 5.712274e+00
4.050190e+00 3.540458e+00 2.390010e+00 3.138811e+00 3.472406e+00 3.537065e+00 3.555062e+00 2.631774e+00 8.271801e+00 3.963661e+00 3.068531e+00 3.283943e+00 4.226029e+00 4.440297e+00 3.211048e+00 4.038547e+00 4.547892e+00 5.117757e+00 5.438223e+00 5.502200e+00 5.705320e+00 6.107880e+00 4.715611e+00 5.394637e+00 9.797517e+00 0.000000e+00 6.379931e+00 7.174790e+00 7.742797e+00 8.296725e+00 8.380140e+00 7.908879e+00 6.669021e+00 4.672785e+00 0.000000e+00 0.000000e+00 4.297251e+00 3.661192e+00 4.271258e+00 4.696512e+00 4.826104e+00 4.704134e+00 4.638679e+00 4.631246e+00 4.698442e+00 4.732437e+00 4.616140e+00 6.519142e+00 6.365813e+00 6.169202e+00 5.946569e+00 5.713510e+00
4.336888e+00 6.520133e+00 5.783869e+00 5.333340e+00 4.965410e+00 4.600838e+00 4.173563e+00 7.937663e+00 3.584045e+00 2.855292e+00 3.792336e+00 4.291742e+00 4.505106e+00 4.494119e+00 4.520685e+00 4.618279e+00 4.868560e+00 5.296827e+00 5.542821e+00 5.572044e+00 5.588614e+00 5.611402e+00 6.081221e+00 7.065964e+00 7.586929e+00 0.000000e+00 6.084986e+00 5.438294e+00 7.361319e+00 8.445729e+00 8.834419e+00 8.653638e+00 7.610534e+00 8.156569e+00 4.138175e+00 0.000000e+00 4.226733e+00 3.451051e+00 4.031803e+00 4.501695e+00 4.708397e+00 4.672531e+00 4.656268e+00 4.660982e+00 6.118132e+00 6.269671e+00 4.832240e+00 6.946445e+00 6.826055e+00 6.612731e+00 6.289376e+00 5.914584e+00
7.913409e+00 4.482909e+00 5.554140e+00 5.263597e+00 6.055263e+00 7.512836e+00 7.961274e+00 3.533839e+00 3.660833e+00 4.041460e+00 4.254515e+00 4.285178e+00 4.330276e+00 4.369506e+00 4.474453e+00 4.660314e+00 6.507822e+00 6.498564e+00 6.259051e+00 6.099942e+00 5.860246e+00 5.356332e+00 5.418984e+00 6.143986e+00 6.760239e+00 0.000000e+00 5.276713e+00 7.323678e+00 8.511363e+00 9.347310e+00 9.570040e+00 9.316233e+00 8.315206e+00 6.584969e+00 6.506059e+00 0.000000e+00 0.000000e+00 3.507003e+00 3.900082e+00 4.350475e+00 4.580969e+00 4.614880e+00 4.664210e+00 4.668961e+00 6.651340e+00 6.898107e+00 4.996695e+00 7.354953e+00 7.147941e+00 6.922961e+00 6.706764e+00 6.365972e+00
4.898463e+00 4.842630e+00 3.177365e+00 3.999542e+00 4.472375e+00 3.812200e+00 3.808652e+00 3.721783e+00 3.902182e+00 4.373834e+00 4.519767e+00 4.282780e+00 4.166194e+00 4.189761e+00 4.292763e+00 4.473768e+00 3.514799e+00 5.043839e+00 5.950039e+00 6.438267e+00 6.175023e+00 5.162527e+00 4.911683e+00 5.513771e+00 4.378030e+00 0.000000e+00 6.332567e+00 8.327220e+00 9.372420e+00 1.006355e+01 1.024019e+01 9.718661e+00 8.776871e+00 7.468950e+00 5.557550e+00 5.495945e+00 0.000000e+00 4.594236e+00 3.900497e+00 4.217611e+00 4.384925e+00 4.425226e+00 4.544932e+00 5.980003e+00 6.898240e+00 7.173329e+00 6.570218e+00 7.676034e+00 7.496851e+00 7.249940e+00 7.056581e+00 6.825779e+00
4.980772e+00 5.094304e+00 4.766338e+00 5.141289e+00 3.766684e+00 3.849256e+00 3.914528e+00 3.919262e+00 4.194489e+00 6.205806e+00 5.795312e+00 4.955725e+00 4.308075e+00 4.109979e+00 4.105303e+00 4.256206e+00 4.706599e+00 5.472278e+00 6.148208e+00 6.693235e+00 6.357404e+00 5.083155e+00 6.489891e+00 7.478775e+00 7.747704e+00 0.000000e+00 6.645065e+00 8.629986e+00 9.733211e+00 1.060542e+01 1.063109e+01 9.931526e+00 9.135403e+00 8.420204e+00 6.812990e+00 8.110061e+00 0.000000e+00 0.000000e+00 4.249431e+00 4.149058e+00 4.139938e+00 4.102585e+00 5.503898e+00 6.398011e+00 7.044872e+00 7.370256e+00 7.284456e+00 7.871981e+00 7.859146e+00 7.619137e+00 7.330812e+00 7.243772e+00
5.112243e+00 5.332995e+00 6.692385e+00 4.208644e+00 3.839642e+00 3.931691e+00 4.033471e+00 4.083038e+00 4.388035e+00 5.031146e+00 5.264305e+00 5.010606e+00 4.634143e+00 4.213659e+00 4.099278e+00 4.282995e+00 4.694014e+00 5.347386e+00 5.970396e+00 6.534094e+00 6.202994e+00 4.868113e+00 3.232262e+00 3.970629e+00 5.858037e+00 0.000000e+00 6.784884e+00 8.900396e+00 1.006504e+01 1.066000e+01 1.066000e+01 1.022194e+01 9.475812e+00 9.261028e+00 1.079000e+01 1.069854e+01 4.043513e+00 0.000000e+00 4.567409e+00 4.460686e+00 4.216883e+00 4.160412e+00 6.085925e+00 6.748443e+00 7.277778e+00 7.581672e+00 7.626084e+00 7.931711e+00 8.024415e+00 7.898941e+00 7.636699e+00 7.563109e+00
5.336252e+00 5.521199e+00 5.225430e+00 4.406753e+00 4.029771e+00 4.120178e+00 4.219965e+00 4.296061e+00 4.542974e+00 3.568131e+00 7.240439e+00 8.563846e+00 7.609674e+00 8.955215e+00 9.400869e+00 9.504529e+00 9.685962e+00 9.984352e+00 1.020739e+01 1.033696e+01 9.356259e+00 7.301592e+00 6.897230e+00 7.988303e+00 0.000000e+00 0.000000e+00 6.000508e+00 8.314064e+00 9.688332e+00 1.051438e+01 1.059089e+01 1.003247e+01 9.716445e+00 9.892455e+00 8.876026e+00 9.492603e+00 1.065548e+01 0.000000e+00 4.907244e+00 4.755555e+00 4.587015e+00 5.920028e+00 6.924567e+00 7.356035e+00 7.691403e+00 7.850009e+00 7.808103e+00 7.877339e+00 7.981625e+00 8.046375e+00 7.967916e+00 7.802898e+00
5.638340e+00 5.633378e+00 5.323154e+00 4.633629e+00 4.360029e+00 4.378272e+00 4.476605e+00 4.646742e+00 4.820723e+00 6.633861e+00 5.365751e+00 5.631062e+00 7.230299e+00 4.914228e+00 4.747384e+00 6.662077e+00 6.443828e+00 6.244128e+00 6.098540e+00 6.445403e+00 6.291163e+00 5.499285e+00 5.565944e+00 6.619824e+00 0.000000e+00 6.395251e+00 6.809198e+00 8.612321e+00 9.531570e+00 9.852377e+00 9.947631e+00 9.976867e+00 9.998857e+00 1.003682e+01 9.250005e+00 1.058716e+01 1.079000e+01 0.000000e+00 0.000000e+00 5.383296e+00 6.873061e+00 7.275324e+00 7.696180e+00 7.873782e+00 7.997959e+00 8.052923e+00 7.969559e+00 7.871263e+00 7.844727e+00 7.901448e+00 7.899195e+00 7.675585e+00
5.998102e+00 5.580870e+00 5.177613e+00 5.063967e+00 4.785714e+00 4.668138e+00 4.751604e+00 4.989327e+00 5.134856e+00 5.172485e+00 5.368156e+00 5.711304e+00 5.699409e+00 5.253978e+00 5.133473e+00 5.442238e+00 7.589305e+00 9.455526e+00 1.066000e+01 1.066000e+01 1.066000e+01 9.786917e+00 9.391556e+00 9.645917e+00 0.000000e+00 6.518548e+00 6.777827e+00 8.281870e+00 8.884451e+00 8.954227e+00 9.270917e+00 9.936259e+00 1.027872e+01 1.029803e+01 9.850818e+00 8.672292e+00 1.079000e+01 1.079000e+01 0.000000e+00 8.339124e+00 8.946611e+00 8.522011e+00 8.420291e+00 8.289215e+00 8.166379e+00 8.156588e+00 8.134054e+00 7.942643e+00 7.653108e+00 7.478027e+00 7.400223e+00 7.155962e+00
5.935921e+00 4.745251e+00 5.066643e+00 5.124231e+00 4.923761e+00 4.827722e+00 4.852452e+00 5.095933e+00 5.251729e+00 5.260368e+00 5.380198e+00 5.676749e+00 5.741612e+00 5.492370e+00 5.434113e+00 5.688119e+00 6.002585e+00 6.334589e+00 6.664700e+00 9.248525e+00 8.735237e+00 8.123632e+00 7.693486e+00 7.781688e+00 0.000000e+00 6.584310e+00 6.680601e+00 7.925120e+00 8.380196e+00 8.450648e+00 1.066000e+01 1.066000e+01 1.066000e+01 1.066000e+01 1.066000e+01 1.079000e+01 1.079000e+01 1.079000e+01 0.000000e+00 0.000000e+00 9.674846e+00 9.256227e+00 8.768568e+00 8.455274e+00 8.210956e+00 8.123552e+00 8.088022e+00 7.896178e+00 7.525723e+00 7.248594e+00 7.162774e+00 6.921831e+00
4.199021e+00 4.741488e+00 4.575012e+00 4.661301e+00 4.892693e+00 4.760189e+00 4.773001e+00 4.950556e+00 5.140239e+00 5.255592e+00 5.399076e+00 5.529620e+00 5.646444e+00 5.631826e+00 5.630905e+00 5.792026e+00 6.074282e+00 6.442110e+00 6.841661e+00 7.241981e+00 9.963411e+00 1.052901e+01 1.066000e+01 1.066000e+01 0.000000e+00 6.248657e+00 8.095247e+00 1.066000e+01 1.066000e+01 1.066000e+01 8.824603e+00 1.066000e+01 1.066000e+01 1.025845e+01 1.062981e+01 1.066000e+01 1.079000e+01 1.079000e+01 1.079000e+01 0.000000e+00 0.000000e+00 9.155141e+00 8.884008e+00 8.340165e+00 8.114664e+00 7.968403e+00 7.835595e+00 7.688414e+00 7.426053e+00 7.227442e+00 7.236186e+00 7.057832e+00
5.107928e+00 4.443954e+00 3.617326e+00 4.467522e+00 4.583575e+00 4.593893e+00 4.580071e+00 4.619479e+00 4.816921e+00 5.264779e+00 5.346920e+00 5.372480e+00 5.570193e+00 5.744958e+00 5.850921e+00 5.963633e+00 6.185214e+00 6.523629e+00 6.925695e+00 7.356587e+00 5.091949e+00 5.105386e+00 7.902139e+00 5.797985e+00 0.000000e+00 6.325728e+00 8.132071e+00 9.063769e+00 8.781798e+00 8.126100e+00 7.627660e+00 8.246397e+00 8.777935e+00 9.123553e+00 9.668665e+00 1.045343e+01 1.021930e+01 9.892990e+00 7.400036e+00 1.079000e+01 0.000000e+00 0.000000e+00 7.996396e+00 7.727298e+00 7.782332e+00 7.787790e+00 7.689888e+00 7.616617e+00 7.442928e+00 7.183687e+00 7.029936e+00 6.858182e+00
5.251755e+00 2.815803e+00 3.574660e+00 3.678643e+00 4.029860e+00 4.157816e+00 4.142431e+00 4.043712e+00 4.661649e+00 4.936002e+00 5.158222e+00 5.321742e+00 5.430260e+00 5.742916e+00 6.035607e+00 6.168631e+00 6.396569e+00 6.710886e+00 6.979035e+00 5.018500e+00 6.554593e+00 7.013360e+00 5.143025e+00 7.368901e+00 0.000000e+00 7.448669e+00 8.953236e+00 8.785441e+00 7.134257e+00 5.532741e+00 5.676373e+00 5.953175e+00 6.281572e+00 6.609690e+00 7.069927e+00 7.699164e+00 1.066000e+01 1.066000e+01 1.079000e+01 1.014018e+01 1.079000e+01 0.000000e+00 5.907031e+00 6.699382e+00 7.154456e+00 7.546489e+00 7.640041e+00 7.679612e+00 7.609375e+00 7.168242e+00 6.646888e+00 4.466451e+00
4.840772e+00 3.782471e+00 2.406868e+00 2.712498e+00 2.968051e+00 3.137640e+00 3.125791e+00 4.103193e+00 3.817695e+00 4.230702e+00 4.923947e+00 4.838356e+00 5.005990e+00 5.503927e+00 5.810045e+00 6.076961e+00 6.400216e+00 6.638933e+00 4.934839e+00 6.600112e+00 7.255238e+00 7.210621e+00 7.512120e+00 8.349940e+00 0.000000e+00 7.234256e+00 8.663391e+00 5.543576e+00 5.407600e+00 7.062568e+00 7.884849e+00 8.367359e+00 8.897324e+00 9.570371e+00 1.037295e+01 1.066000e+01 7.654635e+00 7.834823e+00 9.515991e+00 8.345056e+00 5.563380e+00 0.000000e+00 0.000000e+00 5.661656e+00 6.527279e+00 7.174884e+00 7.363701e+00 7.360752e+00 7.312757e+00 6.792128e+00 4.275124e+00 7.211349e+00
4.341879e+00 3.670246e+00 3.330634e+00 3.473677e+00 3.698885e+00 3.961408e+00 3.984351e+00 2.696112e+00 2.731676e+00 4.083619e+00 3.940659e+00 4.004284e+00 4.590041e+00 4.822646e+00 5.261233e+00 5.704361e+00 5.700242e+00 4.810609e+00 6.510129e+00 7.353028e+00 7.609631e+00 7.410538e+00 7.519820e+00 8.080842e+00 0.000000e+00 6.986872e+00 8.475267e+00 8.701108e+00 8.548917e+00 8.394631e+00 8.279230e+00 8.185699e+00 8.369111e+00 8.857813e+00 9.557607e+00 1.044080e+01 1.066000e+01 1.066000e+01 1.066000e+01 1.066000e+01 1.079000e+01 1.079000e+01 0.000000e+00 0.000000e+00 6.220219e+00 6.706950e+00 4.581145e+00 6.672903e+00 6.565286e+00 4.211024e+00 6.513244e+00 7.687201e+00
3.726729e+00 3.527872e+00 3.412287e+00 3.433504e+00 3.515431e+00 3.650466e+00 3.628666e+00 3.413211e+00 3.392414e+00 2.668749e+00 2.788706e+00 3.836419e+00 3.687106e+00 3.967157e+00 4.435073e+00 4.020745e+00 4.439108e+00 6.225212e+00 7.201362e+00 7.628457e+00 7.734356e+00 7.580463e+00 7.588653e+00 7.841253e+00 0.000000e+00 6.865153e+00 8.555393e+00 9.142976e+00 9.121922e+00 8.795951e+00 8.476847e+00 8.160175e+00 8.066403e+00 8.224313e+00 8.730860e+00 9.593361e+00 1.034730e+01 1.066000e+01 7.174760e+00 7.042191e+00 8.152387e+00 6.907061e+00 1.079000e+01 0.000000e+00 5.537551e+00 6.297317e+00 4.418973e+00 4.226512e+00 4.138673e+00 4.395147e+00 7.182168e+00 7.733801e+00
3.090919e+00 3.304062e+00 3.455732e+00 3.528737e+00 3.546700e+00 3.500410e+00 3.405837e+00 3.272627e+00 3.199312e+00 3.202758e+00 3.273492e+00 2.512345e+00 2.659442e+00 2.854574e+00 3.246874e+00 4.839259e+00 6.008256e+00 6.926314e+00 7.450152e+00 7.600864e+00 7.591532e+00 7.460522e+00 1.006254e+01 1.066000e+01 0.000000e+00 7.105339e+00 8.910872e+00 9.761093e+00 9.830125e+00 9.367162e+00 8.868136e+00 8.348030e+00 8.004572e+00 7.847433e+00 8.052257e+00 8.676758e+00 9.387586e+00 1.009251e+01 1.066000e+01 1.066000e+01 1.066000e+01 1.001102e+01 7.844419e+00 0.000000e+00 0.000000e+00 5.462884e+00 4.318263e+00 4.306179e+00 4.253295e+00 7.189497e+00 7.834388e+00 7.923463e+00
2.119109e+00 2.952164e+00 3.447646e+00 3.716776e+00 3.753715e+00 3.542033e+00 3.385312e+00 3.347220e+00 3.209006e+00 2.916224e+00 2.818831e+00 2.987914e+00 3.300183e+00 3.723039e+00 4.356043e+00 5.217391e+00 6.061597e+00 6.866998e+00 7.296266e+00 7.317786e+00 7.184949e+00 6.943545e+00 4.806987e+00 0.000000e+00 0.000000e+00 6.489089e+00 8.553587e+00 9.850265e+00 1.023859e+01 9.914735e+00 9.387101e+00 8.711438e+00 8.159651e+00 7.742167e+00 7.583035e+00 7.732599e+00 8.317968e+00 9.281544e+00 1.012063e+01 1.066000e+01 1.066000e+01 1.066000e+01 9.549444e+00 7.556091e+00 0.000000e+00 0.000000e+00 5.219063e+00 4.518519e+00 4.787320e+00 5.167881e+00 5.500125e+00 7.330306e+00
-9.999000e+03 -9.999000e+03 -9.999000e+03 -9.999000e+03 -9.999000e+03 -9.999000e+03 -9.999000e+03 2.608483e+00 2.476637e+00 2.128007e+00 1.982934e+00 2.112163e+00 2.961645e+00 3.764848e+00 4.494920e+00 5.162634e+00 5.865495e+00 6.644324e+00 7.014249e+00 6.928077e+00 6.716107e+00 6.397155e+00 6.674216e+00 0.000000e+00 6.176260e+00 6.095782e+00 7.869125e+00 9.474838e+00 1.029581e+01 1.036582e+01 9.975457e+00 9.203258e+00 8.456329e+00 7.759236e+00 7.262782e+00 7.005450e+00 7.379063e+00 8.412712e+00 9.432171e+00 1.032795e+01 1.066000e+01 1.066000e+01 1.066000e+01 9.281213e+00 6.745136e+00 0.000000e+00 0.000000e+00 4.782601e+00 5.421364e+00 5.688822e+00 5.823581e+00 5.796907e+00
-9.999000e+03 -9.999000e+03 -9.999000e+03 -9.999000e+03 -9.999000e+03 -9.999000e+03 -9.999000e+03 -9.999000e+03 -9.999000e+03 -9.999000e+03 2.581796e+00 2.668944e+00 2.502223e+00 3.085649e+00 4.382781e+00 5.000029e+00 5.585070e+00 6.347515e+00 6.664064e+00 6.477286e+00 6.265765e+00 6.050008e+00 6.440771e+00 0.000000e+00 6.139346e+00 5.930864e+00 7.621791e+00 9.302841e+00 1.034639e+01 1.066000e+01 1.059658e+01 9.765126e+00 8.856443e+00 7.899117e+00 7.189722e+00 6.759407e+00 6.875872e+00 7.563958e+00 8.521109e+00 9.700810e+00 1.056841e+01 1.066000e+01 1.066000e+01 1.021749e+01 8.199483e+00 5.782306e+00 0.000000e+00 0.000000e+00 5.744664e+00 6.110754e+00 -9.999000e+03 -9.999000e+03
