tests/data/reference/test_implicit_stream_rill_mfda/mrsearstr_pa.asc
ncols	123
nrows	77
xllcorner	-713746.79929998
yllcorner	-1061022.36961616
cellsize	10.0
NODATA_value	-9999
[rows 23 to 45 of 77, columns 52 to 103 of 123]
6.436623e+00 7.722520e+00 7.757324e+00 7.570910e+00 7.462113e+00 7.428171e+00 7.305479e+00 7.058887e+00 6.900518e+00 6.888422e+00 6.803077e+00 6.664926e+00 6.523022e+00 6.241904e+00 5.689993e+00 5.017624e+00 8.210825e+00 4.049631e+00 4.208205e+00 4.436756e+00 4.624271e+00 4.780941e+00 4.741963e+00 4.619790e+00 3.126274e+00 3.646827e+00 8.161025e+00 4.354046e+00 5.381667e+00 3.561503e+00 4.133126e+00 3.911690e+00 2.727211e+00 2.105243e+00 -9.999000e+03 -9.999000e+03 -9.999000e+03 -9.999000e+03 -9.999000e+03 -9.999000e+03 -9.999000e+03 -9.999000e+03 -9.999000e+03 -9.999000e+03 -9.999000e+03 -9.999000e+03 -9.999000e+03 -9.999000e+03 -9.999000e+03 -9.999000e+03 -9.999000e+03 -9.999000e+03
6.725525e+00 7.510904e+00 7.824590e+00 7.614984e+00 7.473357e+00 7.384872e+00 7.227202e+00 6.990164e+00 6.871289e+00 6.873764e+00 6.818124e+00 6.739135e+00 6.545085e+00 6.121847e+00 5.568873e+00 4.995578e+00 9.109119e+00 4.227906e+00 4.492665e+00 4.859322e+00 5.180172e+00 5.413179e+00 5.434200e+00 5.320826e+00 4.524125e+00 4.373580e+00 2.782723e+00 7.169773e+00 3.574663e+00 4.817690e+00 4.862539e+00 4.148701e+00 3.742328e+00 3.144784e+00 1.927179e+00 -9.999000e+03 -9.999000e+03 -9.999000e+03 -9.999000e+03 -9.999000e+03 -9.999000e+03 -9.999000e+03 -9.999000e+03 -9.999000e+03 -9.999000e+03 -9.999000e+03 -9.999000e+03 -9.999000e+03 -9.999000e+03 -9.999000e+03 -9.999000e+03 -9.999000e+03
8.067698e+00 7.638275e+00 7.821172e+00 7.736468e+00 7.432801e+00 7.161951e+00 6.937882e+00 6.831284e+00 6.889223e+00 6.989473e+00 6.971800e+00 6.819490e+00 6.443451e+00 5.918749e+00 5.499733e+00 5.210900e+00 1.061371e+01 4.793584e+00 4.969675e+00 5.277141e+00 5.609869e+00 5.857233e+00 5.889554e+00 5.771530e+00 5.349167e+00 5.155523e+00 4.312350e+00 8.847750e+00 2.963599e+00 3.845694e+00 6.289556e+00 3.533020e+00 3.975782e+00 4.185998e+00 3.641567e+00 2.515159e+00 2.043111e+00 2.002526e+00 -9.999000e+03 -9.999000e+03 -9.999000e+03 -9.999000e+03 -9.999000e+03 -9.999000e+03 -9.999000e+03 -9.999000e+03 -9.999000e+03 -9.999000e+03 -9.999000e+03 -9.999000e+03 -9.999000e+03 -9.999000e+03
7.110152e+00 8.216836e+00 7.836114e+00 7.588780e+00 7.242515e+00 6.934515e+00 6.787619e+00 6.873624e+00 7.024844e+00 7.102760e+00 7.032023e+00 6.769631e+00 6.365770e+00 5.952963e+00 5.650690e+00 5.432583e+00 1.066000e+01 5.002661e+00 5.128906e+00 5.399179e+00 5.688957e+00 5.904234e+00 5.948388e+00 5.900409e+00 5.763620e+00 5.722134e+00 5.406933e+00 9.955203e+00 4.488762e+00 4.262985e+00 6.292930e+00 3.533642e+00 3.990668e+00 4.461067e+00 4.409966e+00 3.729331e+00 3.026068e+00 2.177737e+00 2.620372e+00 1.953161e+00 -9.999000e+03 -9.999000e+03 -9.999000e+03 -9.999000e+03 -9.999000e+03 -9.999000e+03 -9.999000e+03 -9.999000e+03 -9.999000e+03 -9.999000e+03 -9.999000e+03 -9.999000e+03
8.014684e+00 5.372518e+00 7.821533e+00 7.271665e+00 6.950108e+00 6.836605e+00 6.885481e+00 7.064396e+00 7.158734e+00 7.126224e+00 6.991517e+00 6.736114e+00 6.469377e+00 6.229302e+00 5.933616e+00 5.529432e+00 1.066000e+01 4.802217e+00 4.935388e+00 5.187126e+00 5.380439e+00 5.530322e+00 5.603433e+00 5.690446e+00 5.831332e+00 6.012397e+00 6.041164e+00 1.040337e+01 5.549840e+00 5.244492e+00 7.351868e+00 4.247041e+00 4.010454e+00 3.999641e+00 4.062089e+00 3.884306e+00 2.607499e+00 2.321110e+00 2.688964e+00 2.694301e+00 2.384916e+00 9.823173e-01 -9.999000e+03 -9.999000e+03 -9.999000e+03 -9.999000e+03 -9.999000e+03 -9.999000e+03 -9.999000e+03 -9.999000e+03 -9.999000e+03 -9.999000e+03
8.295252e+00 6.811582e+00 7.548431e+00 7.065440e+00 4.508145e+00 6.848887e+00 6.960329e+00 7.151340e+00 7.247664e+00 7.206068e+00 7.061059e+00 6.816375e+00 6.569570e+00 6.303218e+00 5.903698e+00 5.385245e+00 1.066000e+01 4.812846e+00 5.032134e+00 5.306907e+00 5.477912e+00 5.585530e+00 5.623542e+00 5.705359e+00 5.921017e+00 6.227281e+00 6.447493e+00 1.047334e+01 6.172684e+00 5.891084e+00 7.657637e+00 4.784347e+00 4.186309e+00 3.860331e+00 3.797359e+00 3.789761e+00 3.291153e+00 3.031181e+00 2.301916e+00 2.919166e+00 0.000000e+00 1.666267e+00 6.966815e-01 5.210292e-01 -9.999000e+03 -9.999000e+03 -9.999000e+03 -9.999000e+03 -9.999000e+03 -9.999000e+03 -9.999000e+03 -9.999000e+03
8.118839e+00 7.199011e+00 7.282034e+00 7.009554e+00 4.590521e+00 5.890832e+00 6.920254e+00 7.168559e+00 7.387054e+00 7.397611e+00 7.243304e+00 6.940687e+00 6.557353e+00 6.068265e+00 5.515978e+00 5.081143e+00 4.976866e+00 1.066000e+01 5.474453e+00 5.824674e+00 6.051035e+00 6.122009e+00 6.046836e+00 5.982577e+00 6.082939e+00 6.388874e+00 6.669229e+00 1.019801e+01 6.387997e+00 6.104582e+00 7.357960e+00 5.157777e+00 4.604673e+00 4.160607e+00 3.816697e+00 3.630588e+00 3.398223e+00 3.318192e+00 3.048979e+00 0.000000e+00 0.000000e+00 3.531377e+00 2.060471e+00 9.021952e-01 3.952345e-01 -9.999000e+03 -9.999000e+03 -9.999000e+03 -9.999000e+03 -9.999000e+03 -9.999000e+03 -9.999000e+03
7.478574e+00 6.939827e+00 6.925468e+00 6.902282e+00 5.955946e+00 4.620112e+00 6.581075e+00 7.272912e+00 7.434881e+00 7.315797e+00 7.053340e+00 6.657341e+00 6.192229e+00 5.669372e+00 5.268806e+00 5.158507e+00 5.342393e+00 5.713566e+00 1.066000e+01 6.402672e+00 6.542103e+00 6.491875e+00 6.315045e+00 6.188167e+00 6.251202e+00 6.548069e+00 6.771850e+00 9.749311e+00 6.524565e+00 6.350434e+00 7.153494e+00 5.641640e+00 5.134970e+00 4.658366e+00 2.974292e+00 2.724235e+00 3.657338e+00 3.678393e+00 0.000000e+00 0.000000e+00 2.409924e+00 3.033591e+00 1.970987e+00 1.443469e+00 1.007142e+00 3.581416e-01 -9.999000e+03 -9.999000e+03 -9.999000e+03 -9.999000e+03 -9.999000e+03 -9.999000e+03
6.424928e+00 6.266379e+00 6.479722e+00 6.720423e+00 6.521170e+00 6.068598e+00 4.824477e+00 7.223809e+00 7.219860e+00 6.834216e+00 6.410733e+00 5.931346e+00 5.522921e+00 5.277505e+00 5.336940e+00 5.654550e+00 6.061692e+00 6.507438e+00 1.066000e+01 6.978451e+00 6.887808e+00 6.652913e+00 6.405451e+00 6.312186e+00 6.429788e+00 6.688213e+00 6.751224e+00 9.154830e+00 6.606230e+00 6.629834e+00 7.003602e+00 6.235943e+00 5.763316e+00 3.750828e+00 3.371242e+00 3.061420e+00 4.239676e+00 0.000000e+00 0.000000e+00 3.032645e+00 2.900243e+00 2.960576e+00 1.757039e+00 1.415563e+00 1.419780e+00 1.236275e+00 1.047464e+00 -9.999000e+03 -9.999000e+03 -9.999000e+03 -9.999000e+03 -9.999000e+03
5.040037e+00 5.261579e+00 5.678371e+00 6.067073e+00 4.257083e+00 6.583754e+00 6.609649e+00 6.063822e+00 6.799108e+00 6.514170e+00 6.167625e+00 5.802317e+00 5.592702e+00 5.606726e+00 5.851131e+00 6.241987e+00 6.609781e+00 6.923278e+00 1.066000e+01 6.986781e+00 6.796890e+00 6.573222e+00 6.417587e+00 6.433573e+00 6.599831e+00 6.768116e+00 6.649483e+00 8.412961e+00 6.422416e+00 6.516216e+00 6.588651e+00 6.408838e+00 4.163365e+00 4.008247e+00 3.698872e+00 3.393766e+00 0.000000e+00 0.000000e+00 3.717754e+00 3.739527e+00 3.384388e+00 3.155255e+00 1.678710e+00 1.390074e+00 1.775650e+00 1.867662e+00 1.849379e+00 1.204234e+00 3.762923e-01 -9.999000e+03 -9.999000e+03 -9.999000e+03
3.511386e+00 4.060817e+00 4.527041e+00 4.952607e+00 5.411698e+00 5.049353e+00 6.204316e+00 6.327568e+00 6.173783e+00 6.565081e+00 6.532321e+00 6.463627e+00 6.487351e+00 6.559224e+00 6.654152e+00 6.785058e+00 6.854881e+00 6.832673e+00 6.632643e+00 1.066000e+01 6.270973e+00 6.260514e+00 6.361209e+00 6.558914e+00 6.754725e+00 6.783811e+00 6.469055e+00 7.542746e+00 5.978771e+00 5.998180e+00 6.117299e+00 4.132075e+00 4.047298e+00 4.007558e+00 0.000000e+00 0.000000e+00 0.000000e+00 3.645292e+00 4.537750e+00 4.245321e+00 3.875653e+00 2.629522e+00 2.339840e+00 2.387752e+00 2.218445e+00 1.955069e+00 1.768789e+00 1.389624e+00 1.216242e+00 5.723397e-01 -9.999000e+03 -9.999000e+03
1.079000e+01 1.079000e+01 4.039187e+00 4.513708e+00 4.835077e+00 5.415332e+00 5.592052e+00 6.271680e+00 6.561559e+00 6.715434e+00 7.018364e+00 7.163292e+00 7.305237e+00 7.358502e+00 7.317352e+00 7.201683e+00 6.966983e+00 6.642147e+00 6.222549e+00 1.079000e+01 5.661274e+00 5.718022e+00 5.976201e+00 6.298430e+00 6.489475e+00 6.390428e+00 5.968849e+00 6.524551e+00 5.532191e+00 5.562758e+00 5.761603e+00 4.068309e+00 4.057200e+00 0.000000e+00 0.000000e+00 5.076181e+00 3.942106e+00 4.751971e+00 5.013419e+00 4.686357e+00 3.127408e+00 2.952813e+00 2.737660e+00 3.103823e+00 2.691612e+00 2.322392e+00 1.640899e+00 1.665283e+00 1.683192e+00 2.491972e+00 1.135991e+00 5.905253e-01
6.310895e+00 5.953994e+00 1.079000e+01 4.408364e+00 4.870824e+00 5.658144e+00 6.309750e+00 6.635115e+00 7.165107e+00 7.475388e+00 7.682731e+00 7.971304e+00 8.135170e+00 8.163526e+00 8.049070e+00 7.719270e+00 7.197748e+00 6.628185e+00 6.044426e+00 5.502239e+00 1.079000e+01 5.146714e+00 5.455825e+00 5.823234e+00 5.761435e+00 5.558724e+00 5.143770e+00 5.361590e+00 5.066667e+00 5.229515e+00 5.544191e+00 4.099610e+00 0.000000e+00 0.000000e+00 4.771851e+00 5.566199e+00 4.953974e+00 5.292374e+00 5.353530e+00 3.594194e+00 3.388859e+00 3.155864e+00 2.922746e+00 2.634483e+00 3.175656e+00 2.967984e+00 2.225887e+00 2.668244e+00 2.562892e+00 2.883646e+00 1.661966e+00 2.462602e+00
3.614430e+00 4.760649e+00 5.111922e+00 1.079000e+01 1.079000e+01 1.079000e+01 1.079000e+01 6.444125e+00 6.556567e+00 6.727667e+00 6.866063e+00 7.023727e+00 7.080581e+00 6.984370e+00 9.177190e+00 6.431228e+00 6.006733e+00 5.626069e+00 5.241011e+00 4.876989e+00 3.272533e+00 1.079000e+01 7.064742e+00 5.433849e+00 5.347426e+00 5.013255e+00 4.510110e+00 4.511893e+00 4.814404e+00 5.127079e+00 5.508317e+00 0.000000e+00 0.000000e+00 4.096297e+00 5.592774e+00 5.738949e+00 5.400725e+00 5.529509e+00 5.529617e+00 3.753090e+00 3.583120e+00 3.329003e+00 3.090031e+00 2.826618e+00 3.509828e+00 3.301972e+00 3.010535e+00 3.171905e+00 3.074279e+00 3.165039e+00 2.585419e+00 2.981951e+00
5.751757e+00 6.293291e+00 6.215223e+00 5.397288e+00 5.258356e+00 5.891274e+00 6.100160e+00 1.079000e+01 1.079000e+01 1.079000e+01 1.079000e+01 1.079000e+01 1.079000e+01 1.079000e+01 1.079000e+01 1.079000e+01 1.079000e+01 4.117760e+00 4.331920e+00 4.494297e+00 4.764534e+00 4.600229e+00 1.079000e+01 5.328639e+00 4.843781e+00 4.392215e+00 4.276975e+00 4.324046e+00 4.826604e+00 5.286493e+00 0.000000e+00 0.000000e+00 4.335883e+00 4.190327e+00 5.998537e+00 5.907264e+00 5.632388e+00 5.606920e+00 5.566107e+00 3.806521e+00 3.691853e+00 3.458403e+00 3.237818e+00 2.989537e+00 2.710238e+00 2.455262e+00 3.071815e+00 3.120046e+00 3.198115e+00 3.392348e+00 3.296277e+00 3.401163e+00
5.797714e+00 6.598464e+00 6.577727e+00 1.079000e+01 1.079000e+01 1.079000e+01 1.079000e+01 1.079000e+01 1.079000e+01 1.079000e+01 1.079000e+01 1.079000e+01 1.079000e+01 1.079000e+01 1.079000e+01 1.079000e+01 1.079000e+01 1.079000e+01 1.079000e+01 3.712778e+00 4.099566e+00 4.732002e+00 1.079000e+01 4.714986e+00 4.277646e+00 3.986507e+00 4.022111e+00 4.481404e+00 4.941106e+00 0.000000e+00 0.000000e+00 4.320120e+00 4.395029e+00 4.249577e+00 6.194377e+00 6.058580e+00 5.822260e+00 5.765505e+00 3.935785e+00 3.938920e+00 3.846718e+00 3.612131e+00 3.376472e+00 3.145426e+00 2.890836e+00 2.606099e+00 2.371610e+00 3.104649e+00 3.187586e+00 3.393594e+00 3.495703e+00 3.511553e+00
6.293684e+00 1.066000e+01 1.066000e+01 6.341547e+00 6.643732e+00 7.327228e+00 7.707552e+00 7.758229e+00 7.712486e+00 7.573760e+00 7.368321e+00 7.308790e+00 6.962415e+00 6.516959e+00 6.028404e+00 5.571361e+00 7.092319e+00 7.950046e+00 6.799996e+00 1.079000e+01 1.079000e+01 1.079000e+01 1.079000e+01 1.079000e+01 3.673897e+00 3.786308e+00 4.003264e+00 4.651317e+00 0.000000e+00 0.000000e+00 4.169556e+00 5.625245e+00 4.428635e+00 4.275138e+00 6.295821e+00 6.200723e+00 6.028049e+00 6.018318e+00 4.132471e+00 4.148256e+00 4.066472e+00 3.822336e+00 3.524908e+00 3.268694e+00 3.093545e+00 2.888250e+00 2.607187e+00 3.238276e+00 3.144610e+00 3.160014e+00 3.182526e+00 3.231746e+00
1.066000e+01 5.953649e+00 6.366977e+00 6.686432e+00 7.233006e+00 7.972776e+00 8.450054e+00 8.654905e+00 8.774278e+00 8.773647e+00 8.640545e+00 8.407974e+00 8.104534e+00 7.735155e+00 7.309283e+00 7.100328e+00 6.673422e+00 8.305271e+00 7.621781e+00 7.926859e+00 8.717455e+00 1.079000e+01 8.126681e+00 1.079000e+01 1.079000e+01 3.068871e+00 3.739838e+00 3.348950e+00 0.000000e+00 4.717462e+00 5.167583e+00 6.170030e+00 4.516119e+00 5.641985e+00 6.428626e+00 6.309033e+00 6.184492e+00 6.234669e+00 4.290975e+00 4.304048e+00 4.210996e+00 3.986345e+00 3.670731e+00 3.351952e+00 3.200023e+00 3.095233e+00 2.860799e+00 2.594596e+00 3.333533e+00 3.219776e+00 3.142496e+00 3.157302e+00
5.322835e+00 5.755423e+00 6.096764e+00 6.286348e+00 6.641105e+00 7.270181e+00 7.784553e+00 8.125078e+00 8.460904e+00 8.692039e+00 8.722831e+00 8.654815e+00 8.600609e+00 8.540197e+00 8.391716e+00 8.182370e+00 1.051663e+01 7.648165e+00 7.234275e+00 6.261922e+00 5.774541e+00 0.000000e+00 0.000000e+00 0.000000e+00 1.079000e+01 1.079000e+01 3.327381e+00 0.000000e+00 0.000000e+00 4.658916e+00 5.314338e+00 6.220337e+00 4.632363e+00 6.516333e+00 6.633931e+00 6.384098e+00 6.283190e+00 4.328776e+00 4.420404e+00 4.444044e+00 4.308689e+00 4.071862e+00 3.775770e+00 3.421247e+00 3.237737e+00 3.199396e+00 3.086779e+00 2.897116e+00 3.759940e+00 3.591959e+00 3.444425e+00 3.340768e+00
5.186773e+00 5.560843e+00 5.780576e+00 5.838309e+00 6.018857e+00 6.474010e+00 6.896905e+00 7.213219e+00 7.634845e+00 8.083605e+00 8.325748e+00 8.412352e+00 8.538224e+00 8.705153e+00 8.780146e+00 1.066000e+01 8.796989e+00 8.781166e+00 8.451133e+00 7.756234e+00 7.403775e+00 7.285185e+00 6.766352e+00 0.000000e+00 0.000000e+00 0.000000e+00 1.079000e+01 0.000000e+00 2.805349e+00 3.797532e+00 4.644864e+00 5.851000e+00 5.568613e+00 6.568034e+00 6.627068e+00 6.478631e+00 6.443236e+00 4.419332e+00 4.503790e+00 4.580402e+00 4.466702e+00 4.189413e+00 3.868870e+00 3.492728e+00 3.274772e+00 3.228795e+00 3.174004e+00 3.838687e+00 4.068767e+00 3.883475e+00 3.700468e+00 3.599202e+00
4.923885e+00 5.124425e+00 5.265742e+00 5.294680e+00 5.379393e+00 5.650846e+00 5.892989e+00 6.049699e+00 6.412909e+00 7.003677e+00 7.465651e+00 7.734372e+00 8.003813e+00 8.306532e+00 1.066000e+01 8.700834e+00 8.951107e+00 9.241466e+00 9.305666e+00 9.110315e+00 8.804370e+00 8.678626e+00 7.976570e+00 6.897689e+00 6.133614e+00 0.000000e+00 0.000000e+00 0.000000e+00 1.079000e+01 2.846947e+00 4.944930e+00 4.786131e+00 5.049553e+00 5.771304e+00 6.271817e+00 6.551242e+00 6.680727e+00 4.549315e+00 4.575643e+00 4.667221e+00 4.619246e+00 4.353713e+00 3.988178e+00 3.563885e+00 3.308044e+00 3.216591e+00 3.153677e+00 4.187236e+00 4.222643e+00 4.069104e+00 3.877847e+00 3.895452e+00
4.603370e+00 4.694899e+00 4.832875e+00 4.936608e+00 5.006730e+00 5.145198e+00 5.251964e+00 5.252251e+00 5.467459e+00 5.967695e+00 6.457228e+00 6.849060e+00 7.168162e+00 1.066000e+01 7.806676e+00 8.026602e+00 8.375814e+00 8.863694e+00 9.192562e+00 9.221570e+00 9.246583e+00 9.186324e+00 8.733100e+00 7.606972e+00 7.064686e+00 9.212856e+00 0.000000e+00 0.000000e+00 0.000000e+00 0.000000e+00 4.944569e+00 3.715675e+00 4.749344e+00 5.424327e+00 6.068195e+00 6.486095e+00 6.743528e+00 4.657089e+00 4.712552e+00 4.766570e+00 4.740101e+00 4.541459e+00 4.200054e+00 3.762846e+00 3.475272e+00 3.329209e+00 3.223701e+00 4.376868e+00 4.334998e+00 4.285117e+00 4.212642e+00 4.344515e+00
4.137236e+00 4.203046e+00 4.419427e+00 4.692122e+00 4.821399e+00 4.880498e+00 4.876132e+00 4.827936e+00 4.843440e+00 5.064105e+00 5.474547e+00 5.843270e+00 1.037066e+01 6.441316e+00 6.664720e+00 6.800822e+00 7.219835e+00 7.933501e+00 8.194752e+00 8.344801e+00 8.601427e+00 8.940971e+00 8.633932e+00 7.769046e+00 7.222519e+00 0.000000e+00 0.000000e+00 5.683370e+00 5.656337e+00 0.000000e+00 0.000000e+00 0.000000e+00 4.761791e+00 6.007370e+00 6.189510e+00 6.326594e+00 6.604898e+00 4.699714e+00 4.857006e+00 4.884412e+00 4.850172e+00 4.715391e+00 4.457283e+00 4.079006e+00 3.784461e+00 3.578929e+00 3.400725e+00 4.561000e+00 4.416417e+00 4.495365e+00 4.711994e+00 4.976062e+00
