tests/data/reference/test_implicit_stream_rill_mfda/mrsearstr_pa.asc
ncols	123
nrows	77
xllcorner	-713746.79929998
yllcorner	-1061022.36961616
cellsize	10.0
NODATA_value	-9999
[rows 23 to 45 of 77, columns 0 to 51 of 123]
-9.999000e+03 -9.999000e+03 -9.999000e+03 -9.999000e+03 -9.999000e+03 -9.999000e+03 -9.999000e+03 -9.999000e+03 -9.999000e+03 -9.999000e+03 -9.999000e+03 -9.999000e+03 -9.999000e+03 -9.999000e+03 7.476197e-01 1.048473e+00 1.045666e+00 1.083701e+00 9.367012e-01 1.873394e-01 1.832312e+00 1.729019e+00 3.178976e+00 5.166269e+00 5.733515e+00 3.313620e+00 4.555159e+00 4.046948e+00 4.201215e+00 4.543486e+00 3.426720e+00 4.574271e+00 5.089227e+00 5.302867e+00 9.529121e+00 5.240824e+00 5.563294e+00 4.002011e+00 8.150199e+00 6.096438e+00 6.129590e+00 6.252504e+00 6.470317e+00 6.610815e+00 6.625070e+00 6.580377e+00 6.547757e+00 6.627826e+00 6.806896e+00 6.869322e+00 6.739182e+00 4.863847e+00
-9.999000e+03 -9.999000e+03 -9.999000e+03 -9.999000e+03 -9.999000e+03 -9.999000e+03 -9.999000e+03 -9.999000e+03 -9.999000e+03 -9.999000e+03 -9.999000e+03 -9.999000e+03 -9.999000e+03 -9.999000e+03 2.817181e-01 5.883852e-01 1.173303e+00 1.726598e+00 8.781601e-01 1.593887e+00 1.541744e+00 2.541377e+00 2.703671e+00 2.633792e+00 4.806637e+00 7.323718e+00 4.633185e+00 4.441198e+00 4.602538e+00 3.434916e+00 4.823292e+00 4.534046e+00 4.994668e+00 5.068946e+00 1.001632e+01 5.127730e+00 5.448331e+00 4.100489e+00 8.406795e+00 6.070288e+00 6.066680e+00 6.153344e+00 6.306629e+00 6.430629e+00 6.497175e+00 6.533661e+00 6.579791e+00 6.715885e+00 6.922669e+00 7.079964e+00 4.906010e+00 7.443016e+00
-9.999000e+03 -9.999000e+03 -9.999000e+03 -9.999000e+03 -9.999000e+03 -9.999000e+03 -9.999000e+03 -9.999000e+03 -9.999000e+03 -9.999000e+03 -9.999000e+03 -9.999000e+03 -9.999000e+03 -9.999000e+03 3.130969e-01 7.061375e-01 1.133637e+00 1.125855e+00 1.075820e+00 2.766996e+00 1.985150e+00 4.656865e+00 5.954428e+00 3.343858e+00 3.747886e+00 5.246819e+00 9.200026e+00 4.818713e+00 4.889908e+00 3.560295e+00 4.515134e+00 5.136276e+00 4.967329e+00 4.739176e+00 4.703265e+00 1.053316e+01 3.773893e+00 5.824407e+00 5.246839e+00 9.676585e+00 6.029976e+00 6.157480e+00 6.278540e+00 6.377134e+00 6.469412e+00 6.573092e+00 6.709903e+00 6.924537e+00 7.194891e+00 7.474940e+00 6.730726e+00 5.363585e+00
-9.999000e+03 -9.999000e+03 -9.999000e+03 -9.999000e+03 -9.999000e+03 -9.999000e+03 -9.999000e+03 -9.999000e+03 -9.999000e+03 -9.999000e+03 -9.999000e+03 -9.999000e+03 1.486347e+00 9.348708e-01 1.054899e+00 1.301757e+00 1.169029e+00 3.099966e-01 1.844682e+00 1.657109e+00 6.103832e+00 4.956396e+00 3.695550e+00 5.229890e+00 3.621846e+00 3.942412e+00 9.809855e+00 4.424129e+00 4.574759e+00 4.261099e+00 3.432210e+00 4.742110e+00 4.813193e+00 4.515037e+00 4.558671e+00 4.811312e+00 1.066000e+01 5.071050e+00 5.832712e+00 5.651621e+00 1.066000e+01 6.092806e+00 6.166494e+00 6.271786e+00 6.449095e+00 6.693934e+00 6.983230e+00 7.275793e+00 7.555096e+00 7.881866e+00 7.782821e+00 5.561998e+00
-9.999000e+03 -9.999000e+03 -9.999000e+03 -9.999000e+03 -9.999000e+03 -9.999000e+03 -9.999000e+03 -9.999000e+03 -9.999000e+03 -9.999000e+03 -9.999000e+03 -9.999000e+03 -9.999000e+03 1.405651e+00 1.128519e+00 1.172259e+00 4.890757e-01 1.324900e+00 1.336733e+00 5.014115e+00 2.674989e+00 2.659150e+00 4.666608e+00 5.460406e+00 6.852961e+00 7.212359e+00 7.460988e+00 7.715910e+00 3.659488e+00 4.117469e+00 4.321235e+00 4.100133e+00 4.335548e+00 4.119187e+00 4.264913e+00 4.952715e+00 5.556071e+00 1.079000e+01 5.574479e+00 5.934052e+00 1.066000e+01 5.937127e+00 5.958400e+00 6.112623e+00 6.443835e+00 6.916207e+00 7.417862e+00 7.768972e+00 7.984032e+00 8.274797e+00 8.401071e+00 7.422004e+00
-9.999000e+03 -9.999000e+03 -9.999000e+03 -9.999000e+03 -9.999000e+03 -9.999000e+03 -9.999000e+03 -9.999000e+03 -9.999000e+03 -9.999000e+03 -9.999000e+03 -9.999000e+03 -9.999000e+03 -9.999000e+03 -9.999000e+03 7.678533e-01 3.683458e-01 9.609842e-01 1.755756e+00 4.611075e+00 3.743011e+00 3.195593e+00 2.855429e+00 2.638454e+00 2.799661e+00 3.039831e+00 3.044887e+00 7.217657e+00 1.078418e+01 3.458161e+00 3.792838e+00 3.829703e+00 3.657736e+00 3.679478e+00 3.982645e+00 4.764596e+00 5.242041e+00 5.323577e+00 1.069966e+01 5.715807e+00 1.066000e+01 5.899117e+00 6.072030e+00 6.349556e+00 6.767902e+00 7.313932e+00 7.836386e+00 8.130189e+00 8.277412e+00 8.544478e+00 8.710050e+00 8.238754e+00
-9.999000e+03 -9.999000e+03 -9.999000e+03 -9.999000e+03 -9.999000e+03 -9.999000e+03 -9.999000e+03 -9.999000e+03 -9.999000e+03 -9.999000e+03 -9.999000e+03 -9.999000e+03 -9.999000e+03 -9.999000e+03 -9.999000e+03 -9.999000e+03 1.164874e+00 1.025666e+00 3.399053e+00 2.906237e+00 2.531536e+00 2.297862e+00 2.338506e+00 2.566549e+00 2.864324e+00 3.223107e+00 3.270832e+00 2.959648e+00 2.877662e+00 1.079000e+01 1.079000e+01 1.079000e+01 3.217261e+00 3.285545e+00 3.607089e+00 4.255330e+00 5.976043e+00 7.162984e+00 4.796367e+00 1.002692e+01 5.830631e+00 1.079000e+01 6.579281e+00 7.013680e+00 7.427283e+00 7.862812e+00 8.198106e+00 8.332652e+00 8.424523e+00 8.675537e+00 8.777966e+00 8.400770e+00
-9.999000e+03 -9.999000e+03 -9.999000e+03 -9.999000e+03 -9.999000e+03 -9.999000e+03 -9.999000e+03 -9.999000e+03 -9.999000e+03 -9.999000e+03 -9.999000e+03 -9.999000e+03 -9.999000e+03 -9.999000e+03 -9.999000e+03 -9.999000e+03 1.049880e+00 3.357542e+00 1.954242e+00 2.166831e+00 2.243166e+00 5.513183e+00 5.484362e+00 5.732489e+00 5.912375e+00 6.045698e+00 5.812577e+00 5.229299e+00 4.983330e+00 5.051953e+00 4.749063e+00 4.168193e+00 1.079000e+01 1.058683e+01 1.079000e+01 1.079000e+01 1.079000e+01 1.079000e+01 1.079000e+01 1.079000e+01 1.079000e+01 1.079000e+01 1.079000e+01 6.090262e+00 6.678470e+00 7.086430e+00 7.519145e+00 7.801181e+00 8.098539e+00 8.405761e+00 8.365776e+00 7.901403e+00
-9.999000e+03 -9.999000e+03 -9.999000e+03 -9.999000e+03 -9.999000e+03 -9.999000e+03 -9.999000e+03 -9.999000e+03 -9.999000e+03 -9.999000e+03 -9.999000e+03 -9.999000e+03 -9.999000e+03 -9.999000e+03 -9.999000e+03 1.052117e+00 3.964562e+00 1.923196e+00 4.139067e+00 5.225579e+00 5.706452e+00 2.450055e+00 3.335768e+00 4.300585e+00 4.136533e+00 5.727775e+00 6.387322e+00 6.839685e+00 6.719904e+00 6.865918e+00 6.588344e+00 5.897007e+00 5.079877e+00 4.133657e+00 3.786454e+00 3.974546e+00 1.003695e+01 1.079000e+01 1.079000e+01 1.079000e+01 1.079000e+01 1.079000e+01 1.079000e+01 1.079000e+01 1.079000e+01 5.277515e+00 8.442737e+00 6.608856e+00 7.338515e+00 7.704320e+00 7.431094e+00 6.827187e+00
-9.999000e+03 -9.999000e+03 -9.999000e+03 -9.999000e+03 -9.999000e+03 -9.999000e+03 -9.999000e+03 -9.999000e+03 -9.999000e+03 -9.999000e+03 -9.999000e+03 -9.999000e+03 -9.999000e+03 -9.999000e+03 9.043914e-01 1.575903e+00 4.692486e+00 4.347530e+00 1.980684e+00 2.115263e+00 2.445655e+00 2.667439e+00 2.878609e+00 3.105965e+00 4.170595e+00 3.234151e+00 3.434895e+00 3.604087e+00 3.813167e+00 4.172604e+00 4.075610e+00 7.414938e+00 7.247196e+00 6.864045e+00 6.994726e+00 8.989435e+00 3.494717e+00 4.255402e+00 5.022843e+00 5.791328e+00 6.236913e+00 6.218605e+00 7.882039e+00 8.556931e+00 8.864717e+00 1.079000e+01 1.079000e+01 1.079000e+01 5.565760e+00 8.309541e+00 5.505744e+00 5.143577e+00
-9.999000e+03 -9.999000e+03 -9.999000e+03 -9.999000e+03 -9.999000e+03 -9.999000e+03 -9.999000e+03 -9.999000e+03 -9.999000e+03 -9.999000e+03 -9.999000e+03 -9.999000e+03 -9.999000e+03 -9.999000e+03 1.010351e+00 7.091865e+00 2.282222e+00 2.311910e+00 2.290297e+00 2.269588e+00 2.329574e+00 2.522786e+00 2.904285e+00 3.043068e+00 3.188088e+00 3.151076e+00 3.351321e+00 3.843861e+00 5.318041e+00 6.405803e+00 7.012516e+00 3.809916e+00 3.593628e+00 3.532236e+00 5.503535e+00 3.552395e+00 4.024959e+00 4.482893e+00 4.918140e+00 5.477879e+00 6.007227e+00 6.626884e+00 6.907121e+00 6.962089e+00 6.849106e+00 8.839576e+00 9.892292e+00 1.040349e+01 1.079000e+01 1.079000e+01 1.079000e+01 3.444764e+00
-9.999000e+03 -9.999000e+03 -9.999000e+03 -9.999000e+03 -9.999000e+03 -9.999000e+03 -9.999000e+03 -9.999000e+03 -9.999000e+03 -9.999000e+03 -9.999000e+03 -9.999000e+03 -9.999000e+03 1.395855e+00 8.393114e+00 2.193337e+00 2.361662e+00 2.514039e+00 2.523292e+00 2.466343e+00 2.440697e+00 2.519594e+00 2.682777e+00 2.912063e+00 3.105753e+00 3.186545e+00 3.435910e+00 3.961970e+00 4.295514e+00 4.400825e+00 4.321699e+00 4.129062e+00 4.118622e+00 6.576894e+00 3.109055e+00 4.092843e+00 4.661531e+00 4.829247e+00 5.108344e+00 5.513902e+00 6.010333e+00 6.491208e+00 6.950197e+00 7.486285e+00 7.683914e+00 7.633493e+00 7.549869e+00 7.356893e+00 6.665143e+00 7.290833e+00 6.794627e+00 1.079000e+01
-9.999000e+03 -9.999000e+03 -9.999000e+03 -9.999000e+03 -9.999000e+03 -9.999000e+03 -9.999000e+03 -9.999000e+03 -9.999000e+03 -9.999000e+03 -9.999000e+03 -9.999000e+03 8.738855e-01 1.805714e+00 2.197390e+00 2.257704e+00 2.591684e+00 2.533323e+00 2.603136e+00 2.603964e+00 2.571535e+00 2.537264e+00 2.582031e+00 2.705950e+00 2.891658e+00 3.089576e+00 3.422329e+00 3.949424e+00 4.271182e+00 4.388232e+00 4.455423e+00 4.484458e+00 6.429471e+00 4.471792e+00 3.212357e+00 4.533365e+00 4.680307e+00 4.867574e+00 5.211429e+00 5.676908e+00 6.095511e+00 6.461269e+00 6.664566e+00 6.811430e+00 6.778690e+00 7.123731e+00 7.274601e+00 7.423098e+00 7.165277e+00 6.330159e+00 5.674636e+00 6.254373e+00
-9.999000e+03 -9.999000e+03 -9.999000e+03 -9.999000e+03 -9.999000e+03 -9.999000e+03 -9.999000e+03 -9.999000e+03 -9.999000e+03 -9.999000e+03 -9.999000e+03 -9.999000e+03 1.317199e+00 2.001762e+00 2.207258e+00 2.844317e+00 2.389997e+00 2.572046e+00 2.681138e+00 2.725967e+00 2.698123e+00 2.603045e+00 2.581213e+00 2.631427e+00 2.774040e+00 2.982864e+00 3.283919e+00 3.726027e+00 3.952564e+00 4.059115e+00 4.195540e+00 6.155027e+00 3.312382e+00 4.107316e+00 4.287679e+00 4.248420e+00 4.265232e+00 4.411448e+00 4.825132e+00 5.080893e+00 5.534024e+00 5.975189e+00 6.165087e+00 5.698317e+00 5.790929e+00 6.010115e+00 6.232023e+00 6.619376e+00 6.500544e+00 6.861754e+00 6.026582e+00 5.427600e+00
-9.999000e+03 -9.999000e+03 -9.999000e+03 -9.999000e+03 -9.999000e+03 -9.999000e+03 -9.999000e+03 -9.999000e+03 -9.999000e+03 -9.999000e+03 -9.999000e+03 6.982353e-01 3.364622e+00 1.709625e+00 2.849590e+00 2.186471e+00 2.402945e+00 2.599341e+00 2.729943e+00 2.792550e+00 2.780773e+00 2.693670e+00 2.672939e+00 2.699080e+00 2.786028e+00 2.943117e+00 3.118479e+00 3.301023e+00 3.457829e+00 3.432455e+00 3.540817e+00 4.555259e+00 2.863911e+00 3.934487e+00 3.824189e+00 3.483564e+00 3.485356e+00 3.847187e+00 3.663804e+00 3.872954e+00 4.314000e+00 4.996738e+00 4.215520e+00 4.160848e+00 4.224883e+00 4.400835e+00 4.543365e+00 4.659087e+00 6.701630e+00 5.642695e+00 5.427415e+00 5.318445e+00
-9.999000e+03 -9.999000e+03 -9.999000e+03 -9.999000e+03 -9.999000e+03 -9.999000e+03 -9.999000e+03 -9.999000e+03 -9.999000e+03 -9.999000e+03 6.355476e-01 9.787065e-01 1.355849e+00 2.382593e+00 1.416315e+00 1.945295e+00 2.256425e+00 2.510002e+00 2.683078e+00 2.739876e+00 2.751753e+00 2.678935e+00 2.663795e+00 2.686502e+00 2.756995e+00 2.906919e+00 2.795969e+00 3.069461e+00 3.020324e+00 2.867766e+00 2.917304e+00 2.961307e+00 3.066672e+00 3.257168e+00 2.706778e+00 2.458100e+00 3.144136e+00 2.323335e+00 2.351666e+00 2.432901e+00 2.850392e+00 3.630794e+00 5.068104e+00 5.474383e+00 5.728438e+00 6.025629e+00 6.232202e+00 6.356390e+00 4.249248e+00 3.962703e+00 3.955143e+00 4.371468e+00
-9.999000e+03 -9.999000e+03 -9.999000e+03 -9.999000e+03 -9.999000e+03 -9.999000e+03 -9.999000e+03 -9.999000e+03 -9.999000e+03 -9.999000e+03 5.420968e-01 1.060449e+00 2.169520e+00 1.297108e+00 1.116157e+00 1.584176e+00 1.932320e+00 2.281356e+00 2.483118e+00 2.610714e+00 2.643786e+00 2.603611e+00 2.588091e+00 2.623126e+00 2.642208e+00 2.146420e+00 2.834013e+00 2.838221e+00 2.631882e+00 2.398743e+00 2.343231e+00 2.320655e+00 1.970352e+00 2.451269e+00 3.198076e+00 3.024047e+00 2.071939e+00 2.430770e+00 2.635178e+00 2.938986e+00 2.763505e+00 3.558177e+00 4.917116e+00 5.216393e+00 5.351096e+00 5.538415e+00 5.762835e+00 5.992911e+00 5.948183e+00 5.595826e+00 5.560527e+00 5.960668e+00
-9.999000e+03 -9.999000e+03 -9.999000e+03 -9.999000e+03 -9.999000e+03 -9.999000e+03 -9.999000e+03 -9.999000e+03 -9.999000e+03 5.519174e-01 2.286898e+00 1.721893e+00 1.139549e+00 1.027199e+00 1.179195e+00 1.391916e+00 1.685487e+00 1.918466e+00 2.296840e+00 2.410092e+00 2.503554e+00 2.523501e+00 2.558467e+00 2.471898e+00 2.050396e+00 2.526232e+00 2.684276e+00 2.407408e+00 2.216492e+00 1.910880e+00 1.835908e+00 1.688395e+00 2.396175e+00 3.134465e+00 3.440310e+00 3.260663e+00 3.071800e+00 2.926085e+00 2.319588e+00 2.714808e+00 4.262819e+00 4.605239e+00 5.189993e+00 5.071763e+00 4.951873e+00 4.969196e+00 5.196261e+00 5.613495e+00 5.809309e+00 5.736055e+00 5.627675e+00 5.567653e+00
-9.999000e+03 -9.999000e+03 -9.999000e+03 -9.999000e+03 -9.999000e+03 -9.999000e+03 -9.999000e+03 -9.999000e+03 -9.999000e+03 6.794233e-01 2.153575e+00 1.144423e+00 1.076000e+00 9.665029e-01 1.264998e+00 1.371262e+00 1.228651e+00 1.830955e+00 1.994905e+00 2.224672e+00 2.374258e+00 2.453933e+00 1.960369e+00 2.083932e+00 2.553886e+00 2.551117e+00 1.893435e+00 1.840405e+00 1.669369e+00 1.376202e+00 1.393112e+00 2.138806e+00 2.770517e+00 3.337175e+00 3.619882e+00 3.612718e+00 3.521039e+00 2.464665e+00 3.533792e+00 3.818384e+00 4.291788e+00 4.998450e+00 5.039991e+00 4.725932e+00 4.575847e+00 4.667693e+00 4.888541e+00 5.210430e+00 5.416871e+00 5.518442e+00 1.066000e+01 1.066000e+01
-9.999000e+03 -9.999000e+03 -9.999000e+03 -9.999000e+03 -9.999000e+03 -9.999000e+03 -9.999000e+03 -9.999000e+03 1.173705e+00 3.121451e+00 2.002750e+00 1.318709e+00 9.173409e-01 1.146682e+00 1.353531e+00 1.407683e+00 1.785172e+00 1.516089e+00 1.756446e+00 2.091271e+00 2.317861e+00 2.295902e+00 2.571489e+00 2.822107e+00 2.827988e+00 4.726893e+00 4.765490e+00 4.486904e+00 3.954753e+00 3.219183e+00 3.138580e+00 3.593704e+00 3.812366e+00 3.820673e+00 3.814689e+00 3.853839e+00 3.769441e+00 4.636568e+00 4.996033e+00 6.544729e+00 7.230037e+00 7.485799e+00 6.807568e+00 6.059227e+00 5.673910e+00 5.578044e+00 5.278952e+00 4.789368e+00 4.710461e+00 1.066000e+01 4.844562e+00 4.908884e+00
-9.999000e+03 -9.999000e+03 -9.999000e+03 -9.999000e+03 -9.999000e+03 -9.999000e+03 -9.999000e+03 6.236479e-01 1.075721e+00 1.976927e+00 1.469658e+00 1.417833e+00 9.743986e-01 1.275016e+00 1.404858e+00 1.440852e+00 1.449144e+00 1.432369e+00 1.629069e+00 2.030043e+00 1.795406e+00 1.885600e+00 2.430814e+00 4.472756e+00 4.890523e+00 2.746247e+00 2.585353e+00 2.590350e+00 2.441688e+00 2.143601e+00 2.261963e+00 2.821150e+00 3.307751e+00 3.669949e+00 3.847917e+00 3.838794e+00 3.737015e+00 3.559741e+00 3.693450e+00 4.144865e+00 4.337232e+00 4.233568e+00 4.150231e+00 4.105713e+00 4.207561e+00 4.460005e+00 4.451562e+00 4.182565e+00 1.066000e+01 4.213629e+00 4.510825e+00 4.748861e+00
-9.999000e+03 -9.999000e+03 -9.999000e+03 -9.999000e+03 -9.999000e+03 -9.999000e+03 -9.999000e+03 5.150492e-01 1.010841e+00 1.941274e+00 1.189123e+00 1.393854e+00 1.362630e+00 1.388844e+00 1.440174e+00 1.458923e+00 1.493960e+00 1.509302e+00 1.698522e+00 2.127009e+00 2.987995e+00 3.597165e+00 4.109287e+00 2.657871e+00 2.771757e+00 2.654141e+00 2.147494e+00 2.605696e+00 2.638986e+00 2.438005e+00 2.549122e+00 3.019494e+00 3.373493e+00 3.572905e+00 3.649595e+00 3.617431e+00 8.943805e+00 9.023851e+00 9.433301e+00 1.022662e+01 1.061148e+01 1.056373e+01 1.066000e+01 1.066000e+01 1.066000e+01 1.052110e+01 1.066000e+01 1.066000e+01 3.847991e+00 3.885836e+00 4.168873e+00 4.472047e+00
-9.999000e+03 -9.999000e+03 -9.999000e+03 -9.999000e+03 -9.999000e+03 -9.999000e+03 -9.999000e+03 7.391573e-01 1.549156e+00 1.200872e+00 1.011922e+00 1.339689e+00 1.494410e+00 1.508999e+00 1.506890e+00 1.518920e+00 1.612208e+00 1.705111e+00 1.901251e+00 2.311390e+00 2.610356e+00 2.724058e+00 2.677265e+00 2.574589e+00 2.028061e+00 2.204164e+00 2.771314e+00 2.860948e+00 2.823826e+00 2.722952e+00 2.785943e+00 3.049004e+00 3.231372e+00 8.139074e+00 8.543633e+00 8.982356e+00 3.910316e+00 4.203817e+00 4.480193e+00 4.772821e+00 4.910467e+00 4.867253e+00 4.890781e+00 6.663450e+00 7.900906e+00 8.605996e+00 4.577606e+00 4.330939e+00 4.030982e+00 3.739648e+00 3.740644e+00 3.990273e+00
