tests/data/reference/test_implicit_stream_rill_mfda/mrsearstr_pa.asc
ncols	123
nrows	77
xllcorner	-713746.79929998
yllcorner	-1061022.36961616
cellsize	10.0
NODATA_value	-9999
[rows 46 to 68 of 77, columns 52 to 103 of 123]
3.789682e+00 3.692888e+00 3.875734e+00 4.282528e+00 4.491177e+00 4.372104e+00 4.416449e+00 4.473631e+00 4.466921e+00 4.608726e+00 4.784288e+00 9.596419e+00 5.445125e+00 5.515687e+00 5.486445e+00 5.586468e+00 6.214982e+00 6.727037e+00 7.189844e+00 7.345350e+00 7.705234e+00 8.284333e+00 8.310016e+00 7.585552e+00 7.510536e+00 0.000000e+00 5.499826e+00 4.649282e+00 5.654617e+00 6.060392e+00 5.635781e+00 0.000000e+00 0.000000e+00 0.000000e+00 5.697818e+00 5.730374e+00 6.164218e+00 4.635537e+00 4.927720e+00 4.979378e+00 4.935949e+00 4.813662e+00 4.628579e+00 4.351894e+00 4.113818e+00 3.913314e+00 3.712106e+00 4.935091e+00 4.697778e+00 4.763412e+00 5.105639e+00 5.416184e+00
3.654599e+00 3.300159e+00 3.339936e+00 3.800454e+00 3.694636e+00 3.670328e+00 3.732520e+00 3.906690e+00 4.399688e+00 4.250663e+00 8.898174e+00 4.850322e+00 4.845357e+00 4.436485e+00 4.393633e+00 4.868090e+00 4.681827e+00 5.403915e+00 5.870784e+00 6.014146e+00 6.380235e+00 7.007541e+00 7.327344e+00 8.196908e+00 5.255479e+00 0.000000e+00 5.578484e+00 5.169313e+00 6.093514e+00 6.767019e+00 6.777032e+00 6.269490e+00 4.950474e+00 0.000000e+00 0.000000e+00 4.584457e+00 5.369024e+00 4.330741e+00 4.797467e+00 4.946889e+00 4.904075e+00 4.747263e+00 4.618564e+00 4.471240e+00 4.353805e+00 4.232957e+00 4.065151e+00 5.498137e+00 5.202677e+00 5.146107e+00 5.381080e+00 5.612471e+00
3.776689e+00 3.273542e+00 3.175620e+00 2.603031e+00 2.755917e+00 2.730934e+00 2.764499e+00 3.932790e+00 3.710866e+00 8.679197e+00 4.337153e+00 4.220408e+00 3.419161e+00 3.313808e+00 4.532417e+00 3.203344e+00 3.390382e+00 3.839234e+00 4.106865e+00 4.175840e+00 4.419279e+00 4.854720e+00 7.704664e+00 7.245281e+00 8.005728e+00 0.000000e+00 5.672011e+00 7.539602e+00 7.458055e+00 7.820602e+00 7.758282e+00 7.188844e+00 5.716195e+00 2.362458e+00 0.000000e+00 3.999083e+00 4.704809e+00 3.985498e+00 4.569607e+00 4.864618e+00 4.880072e+00 4.703687e+00 4.608878e+00 4.554689e+00 4.542154e+00 4.501734e+00 4.365058e+00 6.038260e+00 5.766392e+00 5.618870e+00 5.664083e+00 5.712358e+00
4.050420e+00 3.540791e+00 2.388034e+00 3.136857e+00 3.471258e+00 3.536675e+00 3.555087e+00 2.629554e+00 8.251820e+00 3.963893e+00 3.065866e+00 3.281057e+00 4.222976e+00 4.438452e+00 3.208236e+00 4.035680e+00 4.546000e+00 5.116751e+00 5.437799e+00 5.502146e+00 5.705462e+00 6.108048e+00 4.711248e+00 5.389575e+00 9.794562e+00 0.000000e+00 6.462074e+00 7.170350e+00 7.738055e+00 8.294907e+00 8.379845e+00 7.909269e+00 6.669987e+00 4.674139e+00 0.000000e+00 0.000000e+00 4.298114e+00 3.657918e+00 4.267353e+00 4.692168e+00 4.821626e+00 4.699782e+00 4.634395e+00 4.626969e+00 4.694096e+00 4.728056e+00 4.611879e+00 6.519005e+00 6.365659e+00 6.169133e+00 5.946655e+00 5.713749e+00
4.336294e+00 6.492992e+00 5.758296e+00 5.310213e+00 4.938238e+00 4.566654e+00 4.142266e+00 7.917893e+00 3.584414e+00 2.852845e+00 3.789745e+00 4.290033e+00 4.504345e+00 4.493988e+00 4.520858e+00 4.618547e+00 4.868803e+00 5.296971e+00 5.542906e+00 5.572194e+00 5.588880e+00 5.611749e+00 6.081517e+00 7.065994e+00 7.586819e+00 0.000000e+00 6.112195e+00 5.433187e+00 7.355085e+00 8.440588e+00 8.831300e+00 8.652424e+00 7.610806e+00 8.140526e+00 4.139377e+00 0.000000e+00 4.227867e+00 3.447993e+00 4.028146e+00 4.497552e+00 4.704041e+00 4.668212e+00 4.651966e+00 4.656675e+00 6.112973e+00 6.264350e+00 4.827756e+00 6.946332e+00 6.825880e+00 6.612627e+00 6.289479e+00 5.914891e+00
7.877233e+00 4.483417e+00 5.547075e+00 5.254433e+00 6.041421e+00 7.490064e+00 7.936296e+00 3.534250e+00 3.661216e+00 4.041724e+00 4.254660e+00 4.285332e+00 4.330494e+00 4.369769e+00 4.474724e+00 4.660555e+00 6.500761e+00 6.490718e+00 6.253491e+00 6.101921e+00 5.861293e+00 5.357090e+00 5.419660e+00 6.144411e+00 6.760351e+00 0.000000e+00 5.271772e+00 7.317158e+00 8.505743e+00 9.344116e+00 9.568510e+00 9.315778e+00 8.315710e+00 6.586304e+00 6.485694e+00 0.000000e+00 0.000000e+00 3.504081e+00 3.896561e+00 4.346488e+00 4.576744e+00 4.610621e+00 4.659900e+00 4.664646e+00 6.647549e+00 6.894085e+00 4.992042e+00 7.354895e+00 7.147842e+00 6.922908e+00 6.706847e+00 6.366213e+00
4.898918e+00 4.843080e+00 3.174589e+00 4.000157e+00 4.461133e+00 3.812857e+00 3.809135e+00 3.722197e+00 3.902573e+00 4.374077e+00 4.519900e+00 4.283008e+00 4.166548e+00 4.190137e+00 4.293089e+00 4.474026e+00 3.511676e+00 5.039967e+00 5.946982e+00 6.436486e+00 6.174440e+00 5.162866e+00 4.912420e+00 5.514396e+00 4.374015e+00 0.000000e+00 6.385976e+00 8.325190e+00 9.365608e+00 1.006008e+01 1.023988e+01 9.719197e+00 8.777766e+00 7.470316e+00 5.559237e+00 5.476754e+00 0.000000e+00 4.591177e+00 3.896975e+00 4.213762e+00 4.380902e+00 4.421162e+00 4.540744e+00 5.974990e+00 6.896264e+00 7.171159e+00 6.564537e+00 7.676049e+00 7.496856e+00 7.249972e+00 7.056648e+00 6.825894e+00
4.981211e+00 5.094727e+00 4.766818e+00 5.130186e+00 3.767498e+00 3.849936e+00 3.915011e+00 3.919723e+00 4.194899e+00 6.199424e+00 5.788267e+00 4.949943e+00 4.309778e+00 4.110951e+00 4.105905e+00 4.256595e+00 4.706799e+00 5.472236e+00 6.147964e+00 6.692934e+00 6.357375e+00 5.083693e+00 6.479817e+00 7.466955e+00 7.731367e+00 0.000000e+00 6.741748e+00 8.633903e+00 9.726933e+00 1.060193e+01 1.063018e+01 9.932480e+00 9.136673e+00 8.421536e+00 6.814610e+00 8.088182e+00 0.000000e+00 0.000000e+00 4.245743e+00 4.145279e+00 4.136169e+00 4.098855e+00 5.499390e+00 6.394450e+00 7.044200e+00 7.369453e+00 7.280052e+00 7.872099e+00 7.859224e+00 7.619226e+00 7.330906e+00 7.243806e+00
5.112598e+00 5.333390e+00 6.683107e+00 4.209384e+00 3.840406e+00 3.932227e+00 4.034021e+00 4.083537e+00 4.388461e+00 5.031463e+00 5.264479e+00 5.010847e+00 4.634576e+00 4.214232e+00 4.099854e+00 4.283439e+00 4.694258e+00 5.347401e+00 5.970230e+00 6.533855e+00 6.202991e+00 4.868664e+00 3.229429e+00 3.967035e+00 5.853281e+00 0.000000e+00 6.860896e+00 8.900920e+00 1.005773e+01 1.066000e+01 1.066000e+01 1.014985e+01 9.484397e+00 9.263397e+00 1.079000e+01 1.067635e+01 4.041894e+00 0.000000e+00 4.563393e+00 4.456780e+00 4.213035e+00 4.156621e+00 6.082704e+00 6.746591e+00 7.277757e+00 7.581588e+00 7.623613e+00 7.931964e+00 8.024573e+00 7.899074e+00 7.636840e+00 7.563144e+00
5.336501e+00 5.521422e+00 5.225909e+00 4.407290e+00 4.030023e+00 4.120759e+00 4.220490e+00 4.296493e+00 4.543387e+00 3.564953e+00 7.229034e+00 8.543531e+00 7.583775e+00 8.925694e+00 9.367528e+00 9.463368e+00 9.644185e+00 9.942820e+00 1.016643e+01 1.028798e+01 9.313404e+00 7.261349e+00 6.845474e+00 7.920280e+00 0.000000e+00 0.000000e+00 5.996074e+00 8.306376e+00 9.681372e+00 1.050965e+01 1.058850e+01 1.003186e+01 9.716897e+00 9.893966e+00 8.877348e+00 9.456408e+00 1.063616e+01 0.000000e+00 4.902877e+00 4.751345e+00 4.582784e+00 5.915173e+00 6.922657e+00 7.355249e+00 7.691582e+00 7.850205e+00 7.807130e+00 7.877743e+00 7.981924e+00 8.046582e+00 7.968086e+00 7.803003e+00
5.638141e+00 5.633480e+00 5.323023e+00 4.632904e+00 4.360413e+00 4.378710e+00 4.476852e+00 4.647091e+00 4.820993e+00 6.625264e+00 5.365973e+00 5.631232e+00 7.220403e+00 4.914673e+00 4.747946e+00 6.653482e+00 6.432404e+00 6.232631e+00 6.100729e+00 6.446388e+00 6.291647e+00 5.499854e+00 5.566634e+00 6.620256e+00 0.000000e+00 6.395081e+00 6.805024e+00 8.606201e+00 9.526058e+00 9.848862e+00 9.946045e+00 9.976552e+00 9.999195e+00 1.003743e+01 9.251446e+00 1.056944e+01 1.079000e+01 0.000000e+00 0.000000e+00 5.378443e+00 6.867508e+00 7.271073e+00 7.695130e+00 7.873476e+00 7.998154e+00 8.053206e+00 7.969422e+00 7.871785e+00 7.845202e+00 7.901805e+00 7.899459e+00 7.675851e+00
5.997785e+00 5.579539e+00 5.175207e+00 5.063891e+00 4.786001e+00 4.667917e+00 4.751811e+00 4.989394e+00 5.134896e+00 5.172531e+00 5.368183e+00 5.711259e+00 5.699571e+00 5.254255e+00 5.133855e+00 5.442647e+00 7.579991e+00 9.434577e+00 1.066000e+01 1.066000e+01 1.066000e+01 9.702931e+00 9.317343e+00 9.573585e+00 0.000000e+00 6.518629e+00 6.773695e+00 8.276052e+00 8.879520e+00 8.951378e+00 9.269756e+00 9.935964e+00 1.027873e+01 1.029823e+01 9.851939e+00 8.673546e+00 1.079000e+01 1.079000e+01 0.000000e+00 8.331878e+00 8.941189e+00 8.518915e+00 8.419653e+00 8.289099e+00 8.166601e+00 8.156926e+00 8.134286e+00 7.943209e+00 7.653733e+00 7.478609e+00 7.400727e+00 7.156498e+00
5.932803e+00 4.741558e+00 5.065808e+00 5.124572e+00 4.922735e+00 4.827749e+00 4.852162e+00 5.095636e+00 5.251394e+00 5.260018e+00 5.379798e+00 5.676784e+00 5.741528e+00 5.492411e+00 5.434386e+00 5.688346e+00 6.002795e+00 6.334832e+00 6.664896e+00 9.236563e+00 8.719182e+00 8.107125e+00 7.679224e+00 7.783726e+00 0.000000e+00 6.584695e+00 6.676555e+00 7.919632e+00 8.375731e+00 8.448183e+00 1.066000e+01 1.066000e+01 1.066000e+01 1.066000e+01 1.066000e+01 1.079000e+01 1.079000e+01 1.079000e+01 0.000000e+00 0.000000e+00 9.670926e+00 9.254852e+00 8.768199e+00 8.455312e+00 8.211270e+00 8.123978e+00 8.088427e+00 7.896755e+00 7.526432e+00 7.249358e+00 7.163507e+00 6.922585e+00
4.195191e+00 4.739331e+00 4.575431e+00 4.659371e+00 4.892721e+00 4.759203e+00 4.772084e+00 4.949604e+00 5.139213e+00 5.254470e+00 5.399013e+00 5.529097e+00 5.645965e+00 5.631870e+00 5.630824e+00 5.791952e+00 6.074393e+00 6.442160e+00 6.841683e+00 7.241992e+00 9.949480e+00 1.050955e+01 1.066000e+01 1.066000e+01 0.000000e+00 6.259927e+00 8.089486e+00 1.066000e+01 1.066000e+01 1.066000e+01 8.821296e+00 1.066000e+01 1.066000e+01 1.025088e+01 1.062179e+01 1.066000e+01 1.079000e+01 1.079000e+01 1.079000e+01 0.000000e+00 0.000000e+00 9.154602e+00 8.884516e+00 8.340424e+00 8.115115e+00 7.968949e+00 7.836154e+00 7.689040e+00 7.426777e+00 7.228234e+00 7.236958e+00 7.058595e+00
5.103892e+00 4.443926e+00 3.614899e+00 4.467919e+00 4.581648e+00 4.591934e+00 4.578121e+00 4.617517e+00 4.814839e+00 5.264713e+00 5.345655e+00 5.371211e+00 5.570031e+00 5.744352e+00 5.850265e+00 5.963449e+00 6.184908e+00 6.523318e+00 6.925372e+00 7.355665e+00 5.087198e+00 5.100621e+00 7.899580e+00 5.792510e+00 0.000000e+00 6.322842e+00 8.124658e+00 9.057424e+00 8.779660e+00 8.120851e+00 7.620767e+00 8.238823e+00 8.769737e+00 9.114910e+00 9.659364e+00 1.044317e+01 1.020915e+01 9.885807e+00 7.397757e+00 1.079000e+01 0.000000e+00 0.000000e+00 7.997140e+00 7.727873e+00 7.782952e+00 7.788452e+00 7.690576e+00 7.617299e+00 7.443614e+00 7.184402e+00 7.030643e+00 6.858853e+00
5.250574e+00 2.813395e+00 3.575298e+00 3.676214e+00 4.027072e+00 4.154873e+00 4.139477e+00 4.040852e+00 4.661751e+00 4.933843e+00 5.155841e+00 5.321466e+00 5.428978e+00 5.741475e+00 6.035162e+00 6.167742e+00 6.395655e+00 6.709932e+00 6.976925e+00 5.013825e+00 6.548924e+00 7.009181e+00 5.138221e+00 7.362363e+00 0.000000e+00 7.544348e+00 8.955337e+00 8.779842e+00 7.127878e+00 5.527537e+00 5.671022e+00 5.947543e+00 6.275606e+00 6.603393e+00 7.063168e+00 7.691780e+00 1.066000e+01 1.066000e+01 1.079000e+01 1.000049e+01 1.079000e+01 0.000000e+00 5.908279e+00 6.700886e+00 7.155274e+00 7.547234e+00 7.640769e+00 7.680282e+00 7.609975e+00 7.168880e+00 6.647607e+00 4.462345e+00
4.840488e+00 3.782876e+00 2.404875e+00 2.710196e+00 2.965488e+00 3.134904e+00 3.123067e+00 4.103379e+00 3.815102e+00 4.227728e+00 4.923785e+00 4.836241e+00 5.003759e+00 5.503540e+00 5.808524e+00 6.075281e+00 6.398359e+00 6.635231e+00 4.930249e+00 6.594412e+00 7.250851e+00 7.208381e+00 7.511339e+00 8.349739e+00 0.000000e+00 7.342912e+00 8.667696e+00 5.538362e+00 5.402525e+00 7.056292e+00 7.879824e+00 8.364368e+00 8.895902e+00 9.569779e+00 1.037264e+01 1.066000e+01 7.647295e+00 7.827305e+00 9.506577e+00 8.339498e+00 5.562527e+00 0.000000e+00 0.000000e+00 5.663193e+00 6.528262e+00 7.175694e+00 7.364434e+00 7.361419e+00 7.313334e+00 6.792775e+00 4.271215e+00 7.210522e+00
4.342116e+00 3.670754e+00 3.331228e+00 3.474153e+00 3.699167e+00 3.961555e+00 3.984496e+00 2.693826e+00 2.729355e+00 4.083771e+00 3.937958e+00 4.001509e+00 4.589902e+00 4.820568e+00 5.258820e+00 5.701563e+00 5.695633e+00 4.806148e+00 6.504547e+00 7.348582e+00 7.607132e+00 7.409691e+00 7.519867e+00 8.081147e+00 0.000000e+00 7.089031e+00 8.479081e+00 8.695628e+00 8.546888e+00 8.394890e+00 8.280114e+00 8.186595e+00 8.369883e+00 8.858379e+00 9.557900e+00 1.044079e+01 1.066000e+01 1.066000e+01 1.066000e+01 1.066000e+01 1.079000e+01 1.073534e+01 0.000000e+00 0.000000e+00 6.221766e+00 6.707825e+00 4.576920e+00 6.673696e+00 6.566025e+00 4.207181e+00 6.512677e+00 7.684556e+00
3.726882e+00 3.528288e+00 3.412714e+00 3.433861e+00 3.515708e+00 3.650682e+00 3.628883e+00 3.413503e+00 3.392738e+00 2.666491e+00 2.786326e+00 3.836519e+00 3.684656e+00 3.964434e+00 4.431890e+00 4.017099e+00 4.435030e+00 6.219995e+00 7.197103e+00 7.625933e+00 7.733304e+00 7.580362e+00 7.589027e+00 7.841755e+00 0.000000e+00 6.963349e+00 8.558951e+00 9.137081e+00 9.119446e+00 8.795972e+00 8.477707e+00 8.161199e+00 8.067388e+00 8.225156e+00 8.731469e+00 9.593638e+00 1.034724e+01 1.066000e+01 7.167896e+00 7.035459e+00 8.144621e+00 6.903118e+00 1.079000e+01 0.000000e+00 5.544358e+00 6.298762e+00 4.414916e+00 4.222654e+00 4.134905e+00 4.391114e+00 7.179827e+00 7.728930e+00
3.090039e+00 3.303875e+00 3.455794e+00 3.528881e+00 3.546894e+00 3.500652e+00 3.406124e+00 3.272946e+00 3.199635e+00 3.203052e+00 3.273740e+00 2.510245e+00 2.657194e+00 2.852127e+00 3.244026e+00 4.835631e+00 6.005183e+00 6.924209e+00 7.448942e+00 7.600356e+00 7.591537e+00 7.460874e+00 1.004873e+01 1.066000e+01 0.000000e+00 7.255345e+00 8.922150e+00 9.755801e+00 9.827548e+00 9.367181e+00 8.869086e+00 8.349212e+00 8.005762e+00 7.848521e+00 8.053156e+00 8.677360e+00 9.387831e+00 1.009247e+01 1.066000e+01 1.066000e+01 1.066000e+01 9.894939e+00 7.780737e+00 0.000000e+00 0.000000e+00 5.464170e+00 4.314310e+00 4.302238e+00 4.249408e+00 7.188742e+00 7.831622e+00 7.918446e+00
2.117403e+00 2.950397e+00 3.446506e+00 3.716263e+00 3.753627e+00 3.542224e+00 3.385640e+00 3.347564e+00 3.209338e+00 2.916583e+00 2.819182e+00 2.988176e+00 3.300317e+00 3.723051e+00 4.355917e+00 5.217079e+00 6.061123e+00 6.866445e+00 7.295811e+00 7.317625e+00 7.185144e+00 6.944028e+00 4.802529e+00 0.000000e+00 0.000000e+00 6.520128e+00 8.548292e+00 9.842404e+00 1.023456e+01 9.913690e+00 9.387494e+00 8.712445e+00 8.160889e+00 7.743418e+00 7.584169e+00 7.733523e+00 8.318590e+00 9.281760e+00 1.012046e+01 1.066000e+01 1.066000e+01 1.066000e+01 9.535473e+00 7.559780e+00 0.000000e+00 0.000000e+00 5.215238e+00 4.514359e+00 4.782882e+00 5.163052e+00 5.494955e+00 7.323753e+00
-9.999000e+03 -9.999000e+03 -9.999000e+03 -9.999000e+03 -9.999000e+03 -9.999000e+03 -9.999000e+03 2.606286e+00 2.474574e+00 2.126291e+00 1.981361e+00 2.110463e+00 2.959870e+00 3.763513e+00 4.494032e+00 5.162028e+00 5.865019e+00 6.643875e+00 7.013903e+00 6.928018e+00 6.716393e+00 6.397709e+00 6.674826e+00 0.000000e+00 6.183865e+00 6.092384e+00 7.863823e+00 9.469617e+00 1.029203e+01 1.036379e+01 9.974895e+00 9.203730e+00 8.457405e+00 7.760558e+00 7.264109e+00 7.006637e+00 7.379992e+00 8.413182e+00 9.432087e+00 1.032749e+01 1.066000e+01 1.066000e+01 1.066000e+01 9.184383e+00 6.691775e+00 0.000000e+00 0.000000e+00 4.778363e+00 5.416274e+00 5.683459e+00 5.818081e+00 5.791433e+00
-9.999000e+03 -9.999000e+03 -9.999000e+03 -9.999000e+03 -9.999000e+03 -9.999000e+03 -9.999000e+03 -9.999000e+03 -9.999000e+03 -9.999000e+03 2.580336e+00 2.667424e+00 2.500133e+00 3.082966e+00 4.379611e+00 4.997760e+00 5.583787e+00 6.346795e+00 6.663691e+00 6.477285e+00 6.266108e+00 6.050561e+00 6.441311e+00 0.000000e+00 6.146651e+00 5.927565e+00 7.616719e+00 9.297804e+00 1.034260e+01 1.066000e+01 1.060527e+01 9.767230e+00 8.857628e+00 7.900513e+00 7.191206e+00 6.760775e+00 6.876983e+00 7.564661e+00 8.521299e+00 9.700502e+00 1.056779e+01 1.066000e+01 1.066000e+01 1.010927e+01 8.149840e+00 5.749036e+00 0.000000e+00 0.000000e+00 5.739244e+00 6.104961e+00 -9.999000e+03 -9.999000e+03
