tests/data/reference/test_implicit_stream_rill_mfda/mrsearstr_pa.asc
ncols	123
nrows	77
xllcorner	-713746.79929998
yllcorner	-1061022.36961616
cellsize	10.0
NODATA_value	-9999
[rows 23 to 45 of 77, columns 52 to 103 of 123]
6.501425e+00 7.738209e+00 7.766915e+00 7.576342e+00 7.465632e+00 7.430334e+00 7.306504e+00 7.058982e+00 6.899950e+00 6.889055e+00 6.806864e+00 6.669024e+00 6.527207e+00 6.245452e+00 5.691834e+00 5.015056e+00 8.392694e+00 4.045801e+00 4.211130e+00 4.441741e+00 4.632677e+00 4.795268e+00 4.766687e+00 4.633293e+00 3.157535e+00 3.675501e+00 8.397108e+00 4.458750e+00 5.498175e+00 3.567287e+00 4.153019e+00 3.943519e+00 2.753870e+00 2.124818e+00 -9.999000e+03 -9.999000e+03 -9.999000e+03 -9.999000e+03 -9.999000e+03 -9.999000e+03 -9.999000e+03 -9.999000e+03 -9.999000e+03 -9.999000e+03 -9.999000e+03 -9.999000e+03 -9.999000e+03 -9.999000e+03 -9.999000e+03 -9.999000e+03 -9.999000e+03 -9.999000e+03
6.794057e+00 7.564512e+00 7.833953e+00 7.620360e+00 7.475843e+00 7.385995e+00 7.227436e+00 6.989448e+00 6.870084e+00 6.872837e+00 6.818041e+00 6.740191e+00 6.545874e+00 6.121770e+00 5.567415e+00 4.992510e+00 9.314597e+00 4.227082e+00 4.495350e+00 4.864454e+00 5.188034e+00 5.424505e+00 5.451515e+00 5.332086e+00 4.563227e+00 4.395077e+00 2.810021e+00 7.397835e+00 3.666653e+00 4.956260e+00 4.908256e+00 4.168650e+00 3.772289e+00 3.167725e+00 1.944761e+00 -9.999000e+03 -9.999000e+03 -9.999000e+03 -9.999000e+03 -9.999000e+03 -9.999000e+03 -9.999000e+03 -9.999000e+03 -9.999000e+03 -9.999000e+03 -9.999000e+03 -9.999000e+03 -9.999000e+03 -9.999000e+03 -9.999000e+03 -9.999000e+03 -9.999000e+03
8.084481e+00 7.693913e+00 7.853619e+00 7.741273e+00 7.434572e+00 7.161784e+00 6.936776e+00 6.829671e+00 6.887554e+00 6.988431e+00 6.971493e+00 6.819327e+00 6.442790e+00 5.916799e+00 5.496620e+00 5.207090e+00 1.066000e+01 4.795649e+00 4.973269e+00 5.282356e+00 5.616962e+00 5.866125e+00 5.901052e+00 5.780688e+00 5.379532e+00 5.170581e+00 4.348472e+00 9.160418e+00 2.992982e+00 3.950256e+00 6.446562e+00 3.538659e+00 3.994204e+00 4.205876e+00 3.669220e+00 2.539387e+00 2.061988e+00 2.020949e+00 -9.999000e+03 -9.999000e+03 -9.999000e+03 -9.999000e+03 -9.999000e+03 -9.999000e+03 -9.999000e+03 -9.999000e+03 -9.999000e+03 -9.999000e+03 -9.999000e+03 -9.999000e+03 -9.999000e+03 -9.999000e+03
7.184692e+00 8.226925e+00 7.868754e+00 7.603249e+00 7.243053e+00 6.933172e+00 6.785425e+00 6.871428e+00 7.023098e+00 7.101880e+00 7.031923e+00 6.769413e+00 6.364590e+00 5.950501e+00 5.647218e+00 5.428879e+00 1.066000e+01 5.006203e+00 5.132621e+00 5.403433e+00 5.694060e+00 5.910034e+00 5.955087e+00 5.906726e+00 5.781931e+00 5.733042e+00 5.437675e+00 1.033632e+01 4.527148e+00 4.266433e+00 6.481468e+00 3.533818e+00 3.998578e+00 4.473414e+00 4.432630e+00 3.758810e+00 3.047761e+00 2.198129e+00 2.638099e+00 1.971033e+00 -9.999000e+03 -9.999000e+03 -9.999000e+03 -9.999000e+03 -9.999000e+03 -9.999000e+03 -9.999000e+03 -9.999000e+03 -9.999000e+03 -9.999000e+03 -9.999000e+03 -9.999000e+03
8.075079e+00 5.429548e+00 7.825874e+00 7.284142e+00 6.952771e+00 6.834029e+00 6.882853e+00 7.062481e+00 7.157729e+00 7.125908e+00 6.991527e+00 6.735761e+00 6.468169e+00 6.227167e+00 5.930777e+00 5.526310e+00 1.066000e+01 4.804282e+00 4.937268e+00 5.189001e+00 5.382244e+00 5.532096e+00 5.605551e+00 5.693209e+00 5.840386e+00 6.020208e+00 6.062070e+00 1.066000e+01 5.581957e+00 5.252150e+00 7.596205e+00 4.248570e+00 4.013058e+00 4.003596e+00 4.072121e+00 3.902241e+00 2.632785e+00 2.343126e+00 2.707524e+00 2.703316e+00 2.400386e+00 9.838726e-01 -9.999000e+03 -9.999000e+03 -9.999000e+03 -9.999000e+03 -9.999000e+03 -9.999000e+03 -9.999000e+03 -9.999000e+03 -9.999000e+03 -9.999000e+03
8.331242e+00 6.882686e+00 7.548409e+00 7.067273e+00 4.555355e+00 6.846649e+00 6.957466e+00 7.150025e+00 7.247786e+00 7.206720e+00 7.061492e+00 6.816048e+00 6.568305e+00 6.301244e+00 5.901164e+00 5.382233e+00 1.066000e+01 4.813415e+00 5.032821e+00 5.307525e+00 5.478062e+00 5.585276e+00 5.623371e+00 5.705972e+00 5.925059e+00 6.232693e+00 6.460481e+00 1.066000e+01 6.194164e+00 5.900772e+00 7.937360e+00 4.788842e+00 4.187574e+00 3.860127e+00 3.799349e+00 3.796845e+00 3.316240e+00 3.053262e+00 2.323715e+00 2.929490e+00 0.000000e+00 1.675131e+00 6.992415e-01 5.238295e-01 -9.999000e+03 -9.999000e+03 -9.999000e+03 -9.999000e+03 -9.999000e+03 -9.999000e+03 -9.999000e+03 -9.999000e+03
8.134901e+00 7.250651e+00 7.279779e+00 7.007920e+00 4.638675e+00 5.948663e+00 6.917919e+00 7.167683e+00 7.388016e+00 7.399255e+00 7.244493e+00 6.940752e+00 6.556060e+00 6.065738e+00 5.512491e+00 5.077137e+00 4.973210e+00 1.066000e+01 5.476155e+00 5.826592e+00 6.052675e+00 6.123108e+00 6.047551e+00 5.983372e+00 6.085134e+00 6.392627e+00 6.677009e+00 1.066000e+01 6.400284e+00 6.112780e+00 7.648825e+00 5.163344e+00 4.606922e+00 4.160542e+00 3.816225e+00 3.631945e+00 3.411957e+00 3.331371e+00 3.071215e+00 0.000000e+00 0.000000e+00 3.586350e+00 2.086484e+00 9.089543e-01 3.979378e-01 -9.999000e+03 -9.999000e+03 -9.999000e+03 -9.999000e+03 -9.999000e+03 -9.999000e+03 -9.999000e+03
7.481881e+00 6.964815e+00 6.922300e+00 6.900483e+00 6.014750e+00 4.668604e+00 6.624607e+00 7.272816e+00 7.436250e+00 7.317483e+00 7.054212e+00 6.656770e+00 6.190076e+00 5.665784e+00 5.264322e+00 5.153941e+00 5.338824e+00 5.712333e+00 1.066000e+01 6.407159e+00 6.546358e+00 6.495318e+00 6.317560e+00 6.190022e+00 6.253131e+00 6.550892e+00 6.776390e+00 1.029777e+01 6.531013e+00 6.356250e+00 7.458349e+00 5.647453e+00 5.139088e+00 4.660631e+00 3.003798e+00 2.750860e+00 3.663734e+00 3.685509e+00 0.000000e+00 0.000000e+00 2.211915e+00 3.121448e+00 1.981223e+00 1.450539e+00 1.014932e+00 3.607620e-01 -9.999000e+03 -9.999000e+03 -9.999000e+03 -9.999000e+03 -9.999000e+03 -9.999000e+03
6.420686e+00 6.272507e+00 6.475925e+00 6.718850e+00 6.564300e+00 6.128813e+00 4.875301e+00 7.250559e+00 7.221226e+00 6.834696e+00 6.409471e+00 5.928238e+00 5.518414e+00 5.272313e+00 5.331963e+00 5.650813e+00 6.060212e+00 6.509180e+00 1.066000e+01 6.985051e+00 6.893339e+00 6.657004e+00 6.408374e+00 6.314478e+00 6.431918e+00 6.690579e+00 6.753587e+00 9.672857e+00 6.609549e+00 6.634198e+00 7.317064e+00 6.242422e+00 5.769366e+00 3.789315e+00 3.405338e+00 3.091932e+00 4.244434e+00 0.000000e+00 0.000000e+00 2.899089e+00 2.869350e+00 3.044201e+00 1.752692e+00 1.418419e+00 1.426652e+00 1.246394e+00 1.055656e+00 -9.999000e+03 -9.999000e+03 -9.999000e+03 -9.999000e+03 -9.999000e+03
5.031615e+00 5.257937e+00 5.673356e+00 6.064299e+00 4.301411e+00 6.606254e+00 6.653870e+00 6.124485e+00 6.810446e+00 6.513490e+00 6.164878e+00 5.797723e+00 5.587093e+00 5.601181e+00 5.846801e+00 6.240165e+00 6.611230e+00 6.928005e+00 1.066000e+01 6.992655e+00 6.801063e+00 6.575987e+00 6.419709e+00 6.435733e+00 6.602146e+00 6.770099e+00 6.650246e+00 8.900259e+00 6.423566e+00 6.518893e+00 6.676080e+00 6.414727e+00 4.206614e+00 4.049708e+00 3.736759e+00 3.428122e+00 0.000000e+00 0.000000e+00 3.532166e+00 3.729325e+00 3.385264e+00 3.235400e+00 1.693550e+00 1.401805e+00 1.780245e+00 1.878144e+00 1.859679e+00 1.214021e+00 3.789567e-01 -9.999000e+03 -9.999000e+03 -9.999000e+03
3.501022e+00 4.051515e+00 4.520256e+00 4.946456e+00 5.407067e+00 5.096736e+00 6.211792e+00 6.348600e+00 6.213952e+00 6.567572e+00 6.529992e+00 6.460438e+00 6.484011e+00 6.556717e+00 6.653352e+00 6.786610e+00 6.858696e+00 6.838005e+00 6.638238e+00 1.066000e+01 6.271543e+00 6.260874e+00 6.362211e+00 6.560869e+00 6.757083e+00 6.785256e+00 6.468578e+00 7.992764e+00 5.977591e+00 5.997888e+00 6.118495e+00 4.174964e+00 4.089209e+00 4.049011e+00 0.000000e+00 0.000000e+00 0.000000e+00 3.636411e+00 4.520925e+00 4.254176e+00 3.880517e+00 2.655060e+00 2.362069e+00 2.402834e+00 2.222315e+00 1.960297e+00 1.773253e+00 1.401350e+00 1.226153e+00 5.751095e-01 -9.999000e+03 -9.999000e+03
1.079000e+01 1.079000e+01 4.028034e+00 4.503730e+00 4.829747e+00 5.410958e+00 5.624891e+00 6.272808e+00 6.569701e+00 6.737584e+00 7.018800e+00 7.163045e+00 7.306103e+00 7.360951e+00 7.321414e+00 7.206908e+00 6.972477e+00 6.646765e+00 6.225357e+00 1.079000e+01 5.658312e+00 5.715761e+00 5.975481e+00 6.299183e+00 6.490587e+00 6.390245e+00 5.966754e+00 6.941805e+00 5.529114e+00 5.559918e+00 5.759809e+00 4.110463e+00 4.099225e+00 0.000000e+00 0.000000e+00 4.673932e+00 3.930089e+00 4.781730e+00 5.024545e+00 4.693772e+00 3.158683e+00 2.982071e+00 2.764440e+00 3.116298e+00 2.695724e+00 2.325671e+00 1.655327e+00 1.679976e+00 1.698081e+00 2.524629e+00 1.145078e+00 5.932757e-01
6.427143e+00 6.091265e+00 1.079000e+01 4.403296e+00 4.865994e+00 5.652650e+00 6.304947e+00 6.652133e+00 7.162364e+00 7.475958e+00 7.691550e+00 7.970078e+00 8.135106e+00 8.165086e+00 8.051752e+00 7.721864e+00 7.198844e+00 6.626789e+00 6.040080e+00 5.495157e+00 1.079000e+01 5.137705e+00 5.448142e+00 5.816728e+00 5.759479e+00 5.555503e+00 5.139402e+00 5.742721e+00 5.062634e+00 5.225771e+00 5.541317e+00 4.142124e+00 0.000000e+00 0.000000e+00 4.551781e+00 5.503387e+00 4.985096e+00 5.318244e+00 5.362248e+00 3.630869e+00 3.423158e+00 3.187468e+00 2.951658e+00 2.660078e+00 3.180243e+00 2.972274e+00 2.246823e+00 2.686109e+00 2.579789e+00 2.898662e+00 1.676623e+00 2.494803e+00
3.649385e+00 4.799238e+00 5.136127e+00 1.079000e+01 1.079000e+01 1.079000e+01 1.079000e+01 6.444183e+00 6.564144e+00 6.726705e+00 6.865785e+00 7.026452e+00 7.080094e+00 6.984102e+00 9.245442e+00 6.429686e+00 6.003112e+00 5.620460e+00 5.233660e+00 4.868501e+00 3.303522e+00 1.079000e+01 7.112611e+00 5.427025e+00 5.338409e+00 5.003215e+00 4.504412e+00 4.805652e+00 4.810558e+00 5.123974e+00 5.506029e+00 0.000000e+00 0.000000e+00 4.138774e+00 5.579739e+00 5.740311e+00 5.427317e+00 5.543946e+00 5.534358e+00 3.791603e+00 3.619667e+00 3.362610e+00 3.120873e+00 2.854422e+00 3.514198e+00 3.306501e+00 3.032295e+00 3.184596e+00 3.086181e+00 3.163186e+00 2.602508e+00 2.997787e+00
5.781774e+00 6.310382e+00 6.222858e+00 5.396762e+00 5.254670e+00 5.890513e+00 6.102859e+00 1.079000e+01 1.079000e+01 1.079000e+01 1.079000e+01 1.079000e+01 1.079000e+01 1.079000e+01 1.079000e+01 1.079000e+01 1.079000e+01 4.111791e+00 4.323331e+00 4.486799e+00 4.758715e+00 4.636341e+00 1.079000e+01 5.324193e+00 4.835700e+00 4.383385e+00 4.267629e+00 4.320117e+00 4.824116e+00 5.285166e+00 0.000000e+00 0.000000e+00 4.381117e+00 4.233886e+00 6.015554e+00 5.912312e+00 5.646878e+00 5.613399e+00 5.568730e+00 3.845652e+00 3.729658e+00 3.493507e+00 3.270369e+00 3.019219e+00 2.736703e+00 2.478806e+00 3.083389e+00 3.125671e+00 3.204190e+00 3.389629e+00 3.309759e+00 3.399989e+00
5.849900e+00 6.637411e+00 6.597354e+00 1.079000e+01 1.079000e+01 1.079000e+01 1.079000e+01 1.079000e+01 1.079000e+01 1.079000e+01 1.079000e+01 1.079000e+01 1.079000e+01 1.079000e+01 1.079000e+01 1.079000e+01 1.079000e+01 1.079000e+01 1.079000e+01 3.704425e+00 4.093385e+00 4.729251e+00 1.079000e+01 4.711055e+00 4.271558e+00 3.980425e+00 4.015715e+00 4.475276e+00 4.940414e+00 0.000000e+00 0.000000e+00 4.365173e+00 4.440942e+00 4.293819e+00 6.205202e+00 6.060810e+00 5.829028e+00 5.768527e+00 3.976409e+00 3.979580e+00 3.886314e+00 3.649014e+00 3.410628e+00 3.176910e+00 2.919379e+00 2.631368e+00 2.394200e+00 3.106392e+00 3.189935e+00 3.393129e+00 3.503440e+00 3.508929e+00
6.296061e+00 1.066000e+01 1.066000e+01 6.347283e+00 6.649653e+00 7.335662e+00 7.718153e+00 7.768911e+00 7.721883e+00 7.581394e+00 7.374034e+00 7.307337e+00 6.958243e+00 6.509923e+00 6.018806e+00 5.559640e+00 7.173076e+00 8.080873e+00 6.938502e+00 1.079000e+01 1.079000e+01 1.079000e+01 1.079000e+01 1.079000e+01 3.668564e+00 3.782502e+00 4.000337e+00 4.648426e+00 0.000000e+00 0.000000e+00 4.189963e+00 5.679497e+00 4.474933e+00 4.319674e+00 6.300005e+00 6.202380e+00 6.031671e+00 6.020670e+00 4.175365e+00 4.191330e+00 4.108604e+00 3.861650e+00 3.560781e+00 3.301602e+00 3.124428e+00 2.916764e+00 2.632468e+00 3.239085e+00 3.145186e+00 3.159563e+00 3.184692e+00 3.230313e+00
1.066000e+01 5.959650e+00 6.374129e+00 6.694166e+00 7.242152e+00 7.984866e+00 8.464910e+00 8.670756e+00 8.789994e+00 8.788909e+00 8.654854e+00 8.420285e+00 8.113896e+00 7.741465e+00 7.312776e+00 7.096099e+00 6.666520e+00 8.591709e+00 7.701078e+00 8.056766e+00 8.893531e+00 1.079000e+01 8.394160e+00 1.079000e+01 1.079000e+01 3.064986e+00 3.738051e+00 3.380825e+00 0.000000e+00 4.485408e+00 5.209113e+00 6.209250e+00 4.563421e+00 5.696327e+00 6.430642e+00 6.310763e+00 6.187113e+00 6.237277e+00 4.335692e+00 4.348915e+00 4.254793e+00 4.027553e+00 3.708292e+00 3.385824e+00 3.232138e+00 3.126136e+00 2.888996e+00 2.619734e+00 3.334182e+00 3.219397e+00 3.142363e+00 3.156252e+00
5.327444e+00 5.761427e+00 6.103905e+00 6.293833e+00 6.649459e+00 7.280868e+00 7.797627e+00 8.139439e+00 8.476246e+00 8.708576e+00 8.740116e+00 8.671267e+00 8.615366e+00 8.553334e+00 8.402939e+00 8.191488e+00 1.066000e+01 7.652837e+00 7.231070e+00 6.254478e+00 5.763808e+00 0.000000e+00 0.000000e+00 0.000000e+00 1.079000e+01 1.079000e+01 3.325383e+00 0.000000e+00 0.000000e+00 4.641256e+00 5.338065e+00 6.240412e+00 4.680995e+00 6.558713e+00 6.635858e+00 6.385718e+00 6.285331e+00 4.373928e+00 4.466608e+00 4.490520e+00 4.353610e+00 4.114057e+00 3.814545e+00 3.455921e+00 3.270287e+00 3.231503e+00 3.117584e+00 2.925732e+00 3.762062e+00 3.593068e+00 3.444965e+00 3.340746e+00
5.191157e+00 5.566733e+00 5.787192e+00 5.844966e+00 6.025948e+00 6.482547e+00 6.906814e+00 7.223836e+00 7.646638e+00 8.098184e+00 8.342410e+00 8.429597e+00 8.555381e+00 8.721595e+00 8.796183e+00 1.066000e+01 8.810654e+00 8.794544e+00 8.463899e+00 7.765311e+00 7.402786e+00 7.282500e+00 6.762258e+00 0.000000e+00 0.000000e+00 0.000000e+00 1.079000e+01 0.000000e+00 2.762715e+00 3.798568e+00 4.649854e+00 5.852341e+00 5.622918e+00 6.591022e+00 6.628814e+00 6.480095e+00 6.445198e+00 4.465524e+00 4.550950e+00 4.628440e+00 4.513438e+00 4.232962e+00 3.908722e+00 3.528230e+00 3.307751e+00 3.261242e+00 3.205817e+00 3.869950e+00 4.071981e+00 3.885964e+00 3.702286e+00 3.600527e+00
4.927080e+00 5.128765e+00 5.270666e+00 5.300011e+00 5.385291e+00 5.657515e+00 5.899907e+00 6.056445e+00 6.421894e+00 7.015394e+00 7.480125e+00 7.750488e+00 8.019219e+00 8.323332e+00 1.066000e+01 8.716957e+00 8.968526e+00 9.263005e+00 9.328294e+00 9.128014e+00 8.822098e+00 8.688129e+00 7.981630e+00 6.898211e+00 6.128488e+00 0.000000e+00 0.000000e+00 0.000000e+00 1.078341e+01 2.852970e+00 5.002028e+00 4.779974e+00 5.078681e+00 5.777717e+00 6.271957e+00 6.552583e+00 6.682992e+00 4.596997e+00 4.623626e+00 4.716251e+00 4.667728e+00 4.399152e+00 4.029408e+00 3.600210e+00 3.341408e+00 3.248897e+00 3.185255e+00 4.207249e+00 4.225645e+00 4.071823e+00 3.880088e+00 3.897831e+00
4.604110e+00 4.696737e+00 4.835810e+00 4.941067e+00 5.012474e+00 5.151356e+00 5.257582e+00 5.260589e+00 5.476508e+00 5.978789e+00 6.470574e+00 6.859653e+00 7.181821e+00 1.066000e+01 7.819871e+00 8.042280e+00 8.398860e+00 8.890440e+00 9.213278e+00 9.251221e+00 9.274488e+00 9.212855e+00 8.751961e+00 7.618302e+00 7.071501e+00 9.374741e+00 0.000000e+00 0.000000e+00 0.000000e+00 0.000000e+00 5.007437e+00 3.707503e+00 4.754093e+00 5.422807e+00 6.066728e+00 6.486952e+00 6.745781e+00 4.706004e+00 4.762100e+00 4.816734e+00 4.789963e+00 4.589051e+00 4.243725e+00 3.801472e+00 3.510571e+00 3.362818e+00 3.256089e+00 4.386679e+00 4.337242e+00 4.287676e+00 4.215355e+00 4.348052e+00
4.135237e+00 4.202123e+00 4.420152e+00 4.695543e+00 4.826871e+00 4.886104e+00 4.889517e+00 4.840934e+00 4.856561e+00 5.078156e+00 5.480176e+00 5.854183e+00 1.058309e+01 6.449919e+00 6.678360e+00 6.825290e+00 7.247344e+00 7.948235e+00 8.231400e+00 8.382684e+00 8.640287e+00 8.982610e+00 8.674807e+00 7.798048e+00 7.245355e+00 0.000000e+00 0.000000e+00 5.418532e+00 5.625122e+00 0.000000e+00 0.000000e+00 0.000000e+00 4.759447e+00 6.001063e+00 6.188199e+00 6.326526e+00 6.606122e+00 4.749116e+00 4.908201e+00 4.935919e+00 4.901289e+00 4.764971e+00 4.503910e+00 4.121283e+00 3.823337e+00 3.615427e+00 3.435162e+00 4.565544e+00 4.418001e+00 4.497832e+00 4.715892e+00 4.981310e+00
