tests/data/reference/test_implicit_stream_rill_mfda/mrsearstr_pa.asc
ncols	123
nrows	77
xllcorner	-713746.79929998
yllcorner	-1061022.36961616
cellsize	10.0
NODATA_value	-9999
[rows 46 to 68 of 77, columns 52 to 103 of 123]
3.790518e+00 3.693662e+00 3.876356e+00 4.282855e+00 4.491267e+00 4.370091e+00 4.414421e+00 4.471544e+00 4.464812e+00 4.608802e+00 4.783347e+00 9.521537e+00 5.445028e+00 5.514374e+00 5.483436e+00 5.583377e+00 6.214873e+00 6.722873e+00 7.185070e+00 7.340312e+00 7.699813e+00 8.278242e+00 8.303709e+00 7.579874e+00 7.510484e+00 0.000000e+00 5.496006e+00 4.644424e+00 5.649520e+00 6.057120e+00 5.634897e+00 0.000000e+00 0.000000e+00 0.000000e+00 5.699119e+00 5.731221e+00 6.164979e+00 4.630500e+00 4.922330e+00 4.973926e+00 4.930550e+00 4.808410e+00 4.623550e+00 4.347200e+00 4.109412e+00 3.909151e+00 3.708188e+00 4.935291e+00 4.698070e+00 4.763618e+00 5.105643e+00 5.416064e+00
3.655522e+00 3.301060e+00 3.340725e+00 3.801008e+00 3.691755e+00 3.667448e+00 3.729578e+00 3.903555e+00 4.399795e+00 4.248745e+00 8.836928e+00 4.850334e+00 4.842908e+00 4.432652e+00 4.389867e+00 4.868100e+00 4.677759e+00 5.398990e+00 5.865214e+00 6.008345e+00 6.373985e+00 7.000483e+00 7.319786e+00 8.196453e+00 5.249696e+00 0.000000e+00 5.579012e+00 5.166199e+00 6.089559e+00 6.764015e+00 6.775769e+00 6.269702e+00 4.957696e+00 0.000000e+00 0.000000e+00 4.585543e+00 5.370024e+00 4.326072e+00 4.792235e+00 4.941477e+00 4.898714e+00 4.742091e+00 4.613547e+00 4.466402e+00 4.349109e+00 4.228407e+00 4.060804e+00 5.498258e+00 5.202854e+00 5.146276e+00 5.381128e+00 5.612468e+00
3.777542e+00 3.274415e+00 3.176426e+00 2.600451e+00 2.753153e+00 2.728201e+00 2.761725e+00 3.933014e+00 3.707963e+00 8.625693e+00 4.337297e+00 4.216880e+00 3.415598e+00 3.310372e+00 4.531727e+00 3.200041e+00 3.386854e+00 3.835161e+00 4.102467e+00 4.171359e+00 4.414504e+00 4.849419e+00 7.704563e+00 7.237860e+00 7.999652e+00 0.000000e+00 5.690545e+00 7.565299e+00 7.464035e+00 7.823273e+00 7.759954e+00 7.190024e+00 5.717604e+00 2.360367e+00 0.000000e+00 4.000707e+00 4.705941e+00 3.981248e+00 4.564650e+00 4.859304e+00 4.874740e+00 4.698568e+00 4.603874e+00 4.549750e+00 4.537230e+00 4.496858e+00 4.360348e+00 6.038252e+00 5.766416e+00 5.618965e+00 5.664213e+00 5.712553e+00
4.050870e+00 3.541342e+00 2.385708e+00 3.134587e+00 3.469978e+00 3.536330e+00 3.555235e+00 2.626942e+00 8.206750e+00 3.964206e+00 3.062730e+00 3.277660e+00 4.219407e+00 4.436347e+00 3.204928e+00 4.032331e+00 4.543837e+00 5.115712e+00 5.437497e+00 5.502266e+00 5.705774e+00 6.108365e+00 4.706119e+00 5.383631e+00 9.791377e+00 0.000000e+00 6.540881e+00 7.175113e+00 7.736210e+00 8.294375e+00 8.380364e+00 7.910166e+00 6.671352e+00 4.675785e+00 0.000000e+00 0.000000e+00 4.299187e+00 3.654065e+00 4.262761e+00 4.687063e+00 4.816365e+00 4.694668e+00 4.629360e+00 4.621942e+00 4.688989e+00 4.722907e+00 4.606870e+00 6.518944e+00 6.365565e+00 6.169140e+00 5.946852e+00 5.714132e+00
4.335738e+00 6.420785e+00 5.690138e+00 5.236594e+00 4.872272e+00 4.513372e+00 4.089024e+00 7.882863e+00 3.584884e+00 2.849965e+00 3.786722e+00 4.288091e+00 4.503587e+00 4.494000e+00 4.521204e+00 4.618971e+00 4.869175e+00 5.297216e+00 5.543084e+00 5.572454e+00 5.589278e+00 5.612246e+00 6.081952e+00 7.066117e+00 7.586745e+00 0.000000e+00 6.145384e+00 5.427191e+00 7.347673e+00 8.434444e+00 8.827708e+00 8.651310e+00 7.611517e+00 8.115149e+00 4.140838e+00 0.000000e+00 4.229184e+00 3.444394e+00 4.023844e+00 4.492682e+00 4.698921e+00 4.663135e+00 4.646909e+00 4.651612e+00 6.106918e+00 6.258106e+00 4.822487e+00 6.946305e+00 6.825772e+00 6.612603e+00 6.289701e+00 5.915350e+00
7.798407e+00 4.484084e+00 5.535151e+00 5.240419e+00 6.017958e+00 7.454988e+00 7.896708e+00 3.534771e+00 3.661710e+00 4.042077e+00 4.254880e+00 4.285571e+00 4.330812e+00 4.370144e+00 4.475108e+00 4.660905e+00 6.490876e+00 6.478969e+00 6.247023e+00 6.104269e+00 5.862487e+00 5.357952e+00 5.420458e+00 6.144946e+00 6.760566e+00 0.000000e+00 5.265970e+00 7.309505e+00 8.499114e+00 9.340267e+00 9.566949e+00 9.315670e+00 8.316691e+00 6.588143e+00 6.452217e+00 0.000000e+00 0.000000e+00 3.500619e+00 3.892419e+00 4.341801e+00 4.571778e+00 4.605614e+00 4.654833e+00 4.659574e+00 6.643110e+00 6.889370e+00 4.986575e+00 7.354943e+00 7.147838e+00 6.922953e+00 6.707048e+00 6.366593e+00
4.899535e+00 4.843688e+00 3.171321e+00 4.000949e+00 4.442946e+00 3.813672e+00 3.809748e+00 3.722743e+00 3.903078e+00 4.374406e+00 4.520111e+00 4.283337e+00 4.167025e+00 4.190643e+00 4.293534e+00 4.474386e+00 3.508000e+00 5.035431e+00 5.943436e+00 6.434543e+00 6.173996e+00 5.163487e+00 4.913444e+00 5.515242e+00 4.369294e+00 0.000000e+00 6.443715e+00 8.341660e+00 9.365916e+00 1.005933e+01 1.024070e+01 9.720284e+00 8.779089e+00 7.472110e+00 5.561385e+00 5.451889e+00 0.000000e+00 4.587574e+00 3.892832e+00 4.209235e+00 4.376173e+00 4.416384e+00 4.535822e+00 5.969108e+00 6.894080e+00 7.168745e+00 6.557869e+00 7.676194e+00 7.496984e+00 7.250125e+00 7.056835e+00 6.826127e+00
4.981831e+00 5.095328e+00 4.767464e+00 5.112572e+00 3.768519e+00 3.850802e+00 3.915669e+00 3.920319e+00 4.195432e+00 6.191016e+00 5.777722e+00 4.942149e+00 4.311766e+00 4.112049e+00 4.106583e+00 4.257056e+00 4.707063e+00 5.472234e+00 6.147747e+00 6.692669e+00 6.357450e+00 5.084438e+00 6.463680e+00 7.446477e+00 7.706066e+00 0.000000e+00 6.829977e+00 8.664920e+00 9.731647e+00 1.060192e+01 1.063036e+01 9.933684e+00 9.138240e+00 8.423243e+00 6.816652e+00 8.060348e+00 0.000000e+00 0.000000e+00 4.241376e+00 4.140835e+00 4.131736e+00 4.094467e+00 5.494104e+00 6.390286e+00 7.043689e+00 7.368794e+00 7.274877e+00 7.872371e+00 7.859447e+00 7.619455e+00 7.331130e+00 7.243945e+00
5.113156e+00 5.333943e+00 6.667271e+00 4.210349e+00 3.841424e+00 3.932998e+00 4.034739e+00 4.084183e+00 4.389043e+00 5.031903e+00 5.264755e+00 5.011204e+00 4.635157e+00 4.214975e+00 4.100591e+00 4.284013e+00 4.694593e+00 5.347471e+00 5.970102e+00 6.533657e+00 6.203093e+00 4.869418e+00 3.226095e+00 3.962807e+00 5.847702e+00 0.000000e+00 6.937030e+00 8.926181e+00 1.006060e+01 1.066000e+01 1.066000e+01 1.013948e+01 9.486474e+00 9.265347e+00 1.079000e+01 1.064861e+01 4.040929e+00 0.000000e+00 4.558640e+00 4.452156e+00 4.208509e+00 4.152164e+00 6.078947e+00 6.744556e+00 7.278043e+00 7.581817e+00 7.620835e+00 7.932397e+00 8.024896e+00 7.899361e+00 7.637122e+00 7.563293e+00
5.336885e+00 5.521834e+00 5.226576e+00 4.408112e+00 4.030499e+00 4.121549e+00 4.221166e+00 4.297114e+00 4.543947e+00 3.561213e+00 7.211880e+00 8.509407e+00 7.539135e+00 8.875795e+00 9.313716e+00 9.394574e+00 9.558241e+00 9.839149e+00 1.004713e+01 1.014604e+01 9.173335e+00 7.153880e+00 6.753645e+00 7.805856e+00 0.000000e+00 0.000000e+00 5.991585e+00 8.298135e+00 9.673563e+00 1.050437e+01 1.058610e+01 1.003166e+01 9.717902e+00 9.895883e+00 8.879100e+00 9.421489e+00 1.060888e+01 0.000000e+00 4.897713e+00 4.746363e+00 4.577810e+00 5.909477e+00 6.920557e+00 7.354605e+00 7.692054e+00 7.850715e+00 7.806284e+00 7.878351e+00 7.982413e+00 8.046959e+00 7.968410e+00 7.803244e+00
5.638097e+00 5.633701e+00 5.323085e+00 4.632199e+00 4.361036e+00 4.379293e+00 4.477291e+00 4.647575e+00 4.821438e+00 6.613020e+00 5.366370e+00 5.631575e+00 7.206108e+00 4.915295e+00 4.748719e+00 6.640497e+00 6.413314e+00 6.215221e+00 6.103280e+00 6.447459e+00 6.292150e+00 5.500532e+00 5.567488e+00 6.620826e+00 0.000000e+00 6.397296e+00 6.800714e+00 8.599276e+00 9.519684e+00 9.844855e+00 9.944480e+00 9.976614e+00 1.000002e+01 1.003847e+01 9.253176e+00 1.054308e+01 1.079000e+01 0.000000e+00 0.000000e+00 5.372707e+00 6.860902e+00 7.266096e+00 7.694179e+00 7.873440e+00 7.998581e+00 8.053748e+00 7.969616e+00 7.872528e+00 7.845893e+00 7.902359e+00 7.899901e+00 7.676292e+00
5.997507e+00 5.578123e+00 5.172424e+00 5.064011e+00 4.786434e+00 4.667830e+00 4.752118e+00 4.989632e+00 5.135112e+00 5.172762e+00 5.368394e+00 5.711393e+00 5.699856e+00 5.254736e+00 5.134455e+00 5.443227e+00 7.566513e+00 9.397885e+00 1.066000e+01 1.066000e+01 1.061445e+01 9.573305e+00 9.185487e+00 9.430081e+00 0.000000e+00 6.521230e+00 6.769467e+00 8.269481e+00 8.873829e+00 8.948167e+00 9.268687e+00 9.936031e+00 1.027916e+01 1.029878e+01 9.853261e+00 8.675136e+00 1.079000e+01 1.079000e+01 0.000000e+00 8.323302e+00 8.934723e+00 8.515409e+00 8.419228e+00 8.289240e+00 8.167014e+00 8.157484e+00 8.134865e+00 7.944001e+00 7.654597e+00 7.479425e+00 7.401449e+00 7.157257e+00
5.929187e+00 4.737234e+00 5.064970e+00 5.125098e+00 4.921671e+00 4.827838e+00 4.851990e+00 5.095468e+00 5.251189e+00 5.259802e+00 5.379525e+00 5.676909e+00 5.741618e+00 5.492654e+00 5.434809e+00 5.688769e+00 6.003209e+00 6.335235e+00 6.665282e+00 9.218471e+00 8.693390e+00 8.082809e+00 7.658835e+00 7.786060e+00 0.000000e+00 6.587720e+00 6.672456e+00 7.913444e+00 8.370586e+00 8.445428e+00 1.066000e+01 1.066000e+01 1.066000e+01 1.066000e+01 1.066000e+01 1.079000e+01 1.079000e+01 1.079000e+01 0.000000e+00 0.000000e+00 9.666395e+00 9.253355e+00 8.768050e+00 8.455568e+00 8.211772e+00 8.124615e+00 8.089130e+00 7.897555e+00 7.527387e+00 7.250377e+00 7.164487e+00 6.923589e+00
4.190687e+00 4.736847e+00 4.576083e+00 4.657167e+00 4.892813e+00 4.758182e+00 4.771146e+00 4.948626e+00 5.138151e+00 5.253298e+00 5.399020e+00 5.528674e+00 5.645601e+00 5.632016e+00 5.630922e+00 5.792064e+00 6.074633e+00 6.442397e+00 6.841906e+00 7.242223e+00 9.930874e+00 1.048168e+01 1.066000e+01 1.066000e+01 0.000000e+00 6.265815e+00 8.085022e+00 1.066000e+01 1.066000e+01 1.066000e+01 8.817507e+00 1.066000e+01 1.066000e+01 1.024192e+01 1.061229e+01 1.066000e+01 1.079000e+01 1.079000e+01 1.079000e+01 0.000000e+00 0.000000e+00 9.154271e+00 8.885153e+00 8.340899e+00 8.115776e+00 7.969719e+00 7.836979e+00 7.689891e+00 7.427740e+00 7.229276e+00 7.237978e+00 7.059599e+00
5.099162e+00 4.444078e+00 3.612070e+00 4.468449e+00 4.579452e+00 4.589699e+00 4.575895e+00 4.615273e+00 4.812453e+00 5.264707e+00 5.344313e+00 5.369867e+00 5.569920e+00 5.743837e+00 5.849700e+00 5.963337e+00 6.184752e+00 6.523172e+00 6.925237e+00 7.354852e+00 5.081617e+00 5.095024e+00 7.896694e+00 5.786085e+00 0.000000e+00 6.320560e+00 8.117450e+00 9.061712e+00 8.781117e+00 8.114657e+00 7.612678e+00 8.229935e+00 8.760119e+00 9.104776e+00 9.648462e+00 1.043117e+01 1.019727e+01 9.877096e+00 7.395074e+00 1.079000e+01 0.000000e+00 0.000000e+00 7.998150e+00 7.728702e+00 7.783811e+00 7.789353e+00 7.691518e+00 7.618208e+00 7.444524e+00 7.185346e+00 7.031583e+00 6.859747e+00
5.249336e+00 2.810563e+00 3.576141e+00 3.673382e+00 4.023817e+00 4.151435e+00 4.136026e+00 4.037512e+00 4.661930e+00 4.931370e+00 5.153106e+00 5.321209e+00 5.427616e+00 5.739930e+00 6.034724e+00 6.166900e+00 6.394795e+00 6.709041e+00 6.974591e+00 5.008332e+00 6.542270e+00 7.004276e+00 5.132578e+00 7.354689e+00 0.000000e+00 7.636531e+00 8.985169e+00 8.785341e+00 7.120393e+00 5.521428e+00 5.664742e+00 5.940934e+00 6.268609e+00 6.596011e+00 7.055250e+00 7.683137e+00 1.066000e+01 1.066000e+01 1.079000e+01 9.902086e+00 1.079000e+01 0.000000e+00 5.909916e+00 6.702662e+00 7.156360e+00 7.548227e+00 7.641743e+00 7.681174e+00 7.610778e+00 7.169725e+00 6.648550e+00 4.457517e+00
4.840334e+00 3.783495e+00 2.402529e+00 2.707487e+00 2.962473e+00 3.131685e+00 3.119861e+00 4.103653e+00 3.812078e+00 4.224252e+00 4.923649e+00 4.833821e+00 5.001201e+00 5.503149e+00 5.806882e+00 6.073456e+00 6.396329e+00 6.630910e+00 4.924857e+00 6.587723e+00 7.245698e+00 7.205880e+00 7.510707e+00 8.349858e+00 0.000000e+00 7.442307e+00 8.701106e+00 5.532240e+00 5.396566e+00 7.048927e+00 7.873901e+00 8.360960e+00 8.894544e+00 9.569509e+00 1.037268e+01 1.066000e+01 7.638703e+00 7.818507e+00 9.495559e+00 8.332753e+00 5.561605e+00 0.000000e+00 0.000000e+00 5.665085e+00 6.529529e+00 7.176757e+00 7.365409e+00 7.362311e+00 7.314113e+00 6.793629e+00 4.266619e+00 7.209836e+00
4.342470e+00 3.671425e+00 3.331984e+00 3.474756e+00 3.699537e+00 3.961768e+00 3.984716e+00 2.691137e+00 2.726623e+00 4.083996e+00 3.934807e+00 3.998269e+00 4.589788e+00 4.818192e+00 5.256047e+00 5.698333e+00 5.690227e+00 4.800905e+00 6.497995e+00 7.343360e+00 7.604324e+00 7.408984e+00 7.520259e+00 8.081797e+00 0.000000e+00 7.183306e+00 8.510723e+00 8.700749e+00 8.548191e+00 8.396367e+00 8.281471e+00 8.187770e+00 8.370867e+00 8.859121e+00 9.558336e+00 1.044090e+01 1.066000e+01 1.066000e+01 1.066000e+01 1.066000e+01 1.079000e+01 1.061431e+01 0.000000e+00 0.000000e+00 6.223563e+00 6.708954e+00 4.571954e+00 6.674731e+00 6.566994e+00 4.202662e+00 6.512287e+00 7.681583e+00
3.727206e+00 3.528890e+00 3.413292e+00 3.434331e+00 3.516077e+00 3.650979e+00 3.629186e+00 3.413897e+00 3.393168e+00 2.663835e+00 2.783526e+00 3.836677e+00 3.681799e+00 3.961256e+00 4.428169e+00 4.012811e+00 4.430235e+00 6.213872e+00 7.192111e+00 7.623101e+00 7.732356e+00 7.580576e+00 7.589750e+00 7.842559e+00 0.000000e+00 7.054561e+00 8.590116e+00 9.142069e+00 9.120405e+00 8.797213e+00 8.479044e+00 8.162533e+00 8.068635e+00 8.226229e+00 8.732270e+00 9.594054e+00 1.034729e+01 1.066000e+01 7.159856e+00 7.027573e+00 8.135520e+00 6.898346e+00 1.079000e+01 0.000000e+00 5.553201e+00 6.300436e+00 4.410145e+00 4.218116e+00 4.130474e+00 4.386373e+00 7.177206e+00 7.723205e+00
3.089070e+00 3.303766e+00 3.455985e+00 3.529139e+00 3.547189e+00 3.500995e+00 3.406513e+00 3.273370e+00 3.200059e+00 3.203439e+00 3.274073e+00 2.507775e+00 2.654548e+00 2.849248e+00 3.240674e+00 4.831382e+00 6.001621e+00 6.921887e+00 7.447776e+00 7.600042e+00 7.591790e+00 7.461490e+00 1.002962e+01 1.066000e+01 0.000000e+00 7.380426e+00 8.971500e+00 9.767070e+00 9.829800e+00 9.368457e+00 8.870338e+00 8.350619e+00 8.007211e+00 7.849872e+00 8.054291e+00 8.678145e+00 9.388206e+00 1.009253e+01 1.066000e+01 1.066000e+01 1.066000e+01 9.867373e+00 7.769009e+00 0.000000e+00 0.000000e+00 5.465741e+00 4.309661e+00 4.297605e+00 4.244838e+00 7.188139e+00 7.828494e+00 7.912548e+00
2.115396e+00 2.948347e+00 3.445234e+00 3.715773e+00 3.753647e+00 3.542550e+00 3.386099e+00 3.348024e+00 3.209775e+00 2.917046e+00 2.819632e+00 2.988518e+00 3.300509e+00 3.723107e+00 4.355820e+00 5.216777e+00 6.060649e+00 6.865898e+00 7.295400e+00 7.317575e+00 7.185515e+00 6.944737e+00 4.797290e+00 0.000000e+00 0.000000e+00 6.557896e+00 8.555162e+00 9.839049e+00 1.023248e+01 9.913819e+00 9.388620e+00 8.713995e+00 8.162559e+00 7.745028e+00 7.585605e+00 7.734691e+00 8.319394e+00 9.282090e+00 1.012036e+01 1.066000e+01 1.066000e+01 1.066000e+01 9.536630e+00 7.562155e+00 0.000000e+00 0.000000e+00 5.210693e+00 4.509469e+00 4.777667e+00 5.157379e+00 5.488885e+00 7.316063e+00
-9.999000e+03 -9.999000e+03 -9.999000e+03 -9.999000e+03 -9.999000e+03 -9.999000e+03 -9.999000e+03 2.603702e+00 2.472146e+00 2.124274e+00 1.979513e+00 2.108464e+00 2.957812e+00 3.762013e+00 4.493113e+00 5.161469e+00 5.864614e+00 6.643494e+00 7.013641e+00 6.928089e+00 6.716864e+00 6.398488e+00 6.675656e+00 0.000000e+00 6.198060e+00 6.090094e+00 7.858172e+00 9.463654e+00 1.028770e+01 1.036168e+01 9.974629e+00 9.204670e+00 8.458971e+00 7.762323e+00 7.265812e+00 7.008130e+00 7.381152e+00 8.413792e+00 9.432061e+00 1.032704e+01 1.066000e+01 1.066000e+01 1.066000e+01 9.152999e+00 6.675238e+00 0.000000e+00 0.000000e+00 4.773349e+00 5.410298e+00 5.677164e+00 5.811625e+00 5.785010e+00
-9.999000e+03 -9.999000e+03 -9.999000e+03 -9.999000e+03 -9.999000e+03 -9.999000e+03 -9.999000e+03 -9.999000e+03 -9.999000e+03 -9.999000e+03 2.578648e+00 2.665666e+00 2.497675e+00 3.079809e+00 4.375903e+00 4.995155e+00 5.582425e+00 6.346165e+00 6.663481e+00 6.477473e+00 6.266658e+00 6.051336e+00 6.442050e+00 0.000000e+00 6.160426e+00 5.925312e+00 7.611309e+00 9.292054e+00 1.033827e+01 1.066000e+01 1.060378e+01 9.767791e+00 8.859072e+00 7.902358e+00 7.193106e+00 6.762487e+00 6.878358e+00 7.565538e+00 8.521578e+00 9.700208e+00 1.056715e+01 1.066000e+01 1.066000e+01 1.008712e+01 8.144972e+00 5.743354e+00 0.000000e+00 0.000000e+00 5.732883e+00 6.098166e+00 -9.999000e+03 -9.999000e+03
