tests/data/reference/test_implicit_stream_rill_mfda/mrsearstr_pa.asc
ncols	123
nrows	77
xllcorner	-713746.79929998
yllcorner	-1061022.36961616
cellsize	10.0
NODATA_value	-9999
[rows 46 to 68 of 77, columns 0 to 51 of 123]
-9.999000e+03 -9.999000e+03 -9.999000e+03 -9.999000e+03 -9.999000e+03 -9.999000e+03 5.715494e-01 1.208621e+00 1.087533e+00 1.169055e+00 9.742324e-01 1.313231e+00 1.511425e+00 1.531276e+00 1.522912e+00 1.494377e+00 1.520842e+00 1.572464e+00 1.730422e+00 2.090164e+00 2.390729e+00 2.412758e+00 2.432383e+00 2.331495e+00 2.506185e+00 2.805654e+00 2.880001e+00 2.706922e+00 2.653119e+00 2.712702e+00 2.731441e+00 6.013822e+00 6.276814e+00 2.989314e+00 3.247138e+00 3.553084e+00 3.918689e+00 4.289964e+00 4.589825e+00 4.855190e+00 5.004277e+00 5.019763e+00 5.029673e+00 5.098972e+00 5.031940e+00 4.794590e+00 4.599424e+00 4.406526e+00 4.084804e+00 3.650056e+00 3.418014e+00 3.480322e+00
-9.999000e+03 -9.999000e+03 -9.999000e+03 -9.999000e+03 -9.999000e+03 -9.999000e+03 1.475554e+00 1.018177e+00 1.215541e+00 1.350828e+00 1.178638e+00 1.543814e+00 1.687024e+00 1.750891e+00 1.764313e+00 1.659749e+00 1.518398e+00 1.438549e+00 1.556207e+00 1.901732e+00 1.761525e+00 1.911780e+00 1.990479e+00 1.983799e+00 2.480924e+00 2.834858e+00 2.918000e+00 5.278214e+00 5.481557e+00 5.958927e+00 6.185657e+00 2.892316e+00 2.998315e+00 3.214391e+00 3.465531e+00 3.713390e+00 3.998916e+00 4.323223e+00 4.592818e+00 4.858007e+00 5.098555e+00 5.274432e+00 5.393837e+00 5.471988e+00 5.410767e+00 5.168843e+00 4.917992e+00 4.715370e+00 4.476154e+00 4.097733e+00 3.740554e+00 3.573953e+00
-9.999000e+03 -9.999000e+03 -9.999000e+03 -9.999000e+03 -9.999000e+03 4.474690e-01 8.911973e-01 1.352565e+00 1.067777e+00 1.112891e+00 1.353043e+00 1.496958e+00 1.664024e+00 1.792760e+00 1.805154e+00 1.754397e+00 1.608467e+00 1.474455e+00 1.562106e+00 1.878492e+00 2.623973e+00 3.253622e+00 3.841645e+00 4.423386e+00 4.772236e+00 5.190084e+00 5.497855e+00 2.893362e+00 2.891315e+00 3.030541e+00 3.075266e+00 3.041318e+00 3.148982e+00 3.332660e+00 3.514885e+00 3.685797e+00 3.914537e+00 4.246428e+00 4.529101e+00 4.765824e+00 5.012477e+00 5.249898e+00 5.448283e+00 5.592067e+00 5.613857e+00 5.467151e+00 5.216692e+00 4.941290e+00 4.730413e+00 4.482053e+00 4.135701e+00 3.823771e+00
-9.999000e+03 -9.999000e+03 -9.999000e+03 -9.999000e+03 8.418142e-01 1.070101e+00 1.229381e+00 1.496522e+00 9.363083e-01 8.507298e-01 1.079774e+00 1.229389e+00 1.503690e+00 1.568317e+00 1.691627e+00 1.744650e+00 1.692995e+00 1.562571e+00 1.651359e+00 1.959381e+00 2.241016e+00 2.477444e+00 2.757719e+00 3.005005e+00 3.128202e+00 3.139856e+00 3.163149e+00 3.150643e+00 3.123320e+00 3.157193e+00 3.177570e+00 3.131679e+00 3.135649e+00 3.199846e+00 3.301302e+00 3.426343e+00 3.639743e+00 4.011136e+00 4.359513e+00 4.618009e+00 4.825038e+00 5.016980e+00 5.229651e+00 5.435258e+00 5.570816e+00 5.588385e+00 5.430296e+00 5.120471e+00 4.896605e+00 4.777576e+00 4.500847e+00 4.122151e+00
-9.999000e+03 -9.999000e+03 -9.999000e+03 -9.999000e+03 5.597325e-01 1.099568e+00 1.212886e+00 1.156757e+00 8.718563e-01 7.084698e-01 9.148762e-01 1.238135e+00 1.047017e+00 1.440952e+00 1.630263e+00 1.749197e+00 1.733521e+00 1.591692e+00 1.677066e+00 1.996370e+00 2.338556e+00 2.691301e+00 2.948204e+00 3.324666e+00 3.482782e+00 3.468827e+00 3.512220e+00 3.570330e+00 3.530109e+00 3.470850e+00 3.475481e+00 3.453517e+00 3.405516e+00 3.367997e+00 3.368875e+00 3.415095e+00 3.542863e+00 3.823994e+00 4.167941e+00 4.479503e+00 4.655719e+00 4.745202e+00 4.907466e+00 5.121983e+00 5.326903e+00 5.478445e+00 5.445292e+00 5.203661e+00 5.025510e+00 4.963137e+00 4.770324e+00 4.364621e+00
-9.999000e+03 -9.999000e+03 -9.999000e+03 4.765412e-01 7.708624e-01 9.778152e-01 7.941352e-01 7.760133e-01 6.213238e-01 7.398824e-01 9.370458e-01 9.011577e-01 9.074433e-01 1.312220e+00 1.573809e+00 1.723706e+00 1.732315e+00 1.610130e+00 1.673147e+00 1.987533e+00 2.602908e+00 2.769133e+00 3.243190e+00 3.631527e+00 3.849373e+00 3.893098e+00 3.975637e+00 4.086011e+00 4.067433e+00 3.964376e+00 3.931496e+00 3.917930e+00 3.875864e+00 3.794067e+00 3.698492e+00 3.642057e+00 3.634392e+00 3.734867e+00 4.009700e+00 4.368338e+00 4.516828e+00 4.479448e+00 4.542902e+00 4.707344e+00 4.926619e+00 5.168602e+00 5.277257e+00 5.196155e+00 4.938461e+00 4.951667e+00 4.812366e+00 4.462358e+00
-9.999000e+03 -9.999000e+03 -9.999000e+03 3.887127e-01 6.945328e-01 7.100511e-01 5.538722e-01 4.215120e-01 4.926698e-01 5.340091e-01 6.810202e-01 7.225346e-01 7.316063e-01 1.145303e+00 1.456234e+00 1.611023e+00 1.657717e+00 1.586469e+00 1.573327e+00 2.220421e+00 1.798073e+00 2.583111e+00 3.072825e+00 3.488218e+00 3.809779e+00 3.970156e+00 4.094673e+00 4.224754e+00 4.223685e+00 4.095773e+00 4.012941e+00 3.984915e+00 3.987315e+00 3.976662e+00 3.928847e+00 3.893274e+00 3.835008e+00 3.781809e+00 3.957885e+00 4.338818e+00 4.497298e+00 4.398264e+00 4.366181e+00 4.423460e+00 4.572358e+00 4.803751e+00 4.993686e+00 4.611036e+00 4.602968e+00 4.559218e+00 4.441983e+00 7.532633e+00
-9.999000e+03 -9.999000e+03 2.522291e-01 3.152758e-01 5.928201e-01 5.746240e-01 3.064156e-01 2.409758e-01 2.927506e-01 2.134576e-01 3.664886e-01 4.719951e-01 5.062336e-01 9.362167e-01 1.264435e+00 1.415690e+00 1.527952e+00 1.529147e+00 1.620038e+00 1.334766e+00 1.305771e+00 1.927531e+00 2.416872e+00 2.875189e+00 3.344465e+00 3.665567e+00 3.847227e+00 3.986431e+00 3.999789e+00 3.859528e+00 3.723672e+00 3.668887e+00 3.745158e+00 3.891958e+00 3.998877e+00 4.087295e+00 4.081862e+00 3.963656e+00 4.015751e+00 4.335789e+00 4.536104e+00 4.489525e+00 4.398915e+00 4.323955e+00 4.356272e+00 4.517943e+00 3.421184e+00 3.566244e+00 3.588583e+00 3.498945e+00 8.158441e+00 4.604583e+00
-9.999000e+03 -9.999000e+03 2.857081e-01 4.956799e-01 5.394427e-01 3.202156e-01 1.855591e-01 3.115590e-01 2.857905e-01 5.445301e-02 2.375542e-01 3.166576e-01 3.463846e-01 7.368672e-01 9.919879e-01 1.084632e+00 1.208458e+00 1.295424e+00 1.124652e+00 9.543543e-01 8.158762e-01 1.255119e+00 1.687308e+00 2.109094e+00 2.584700e+00 3.034906e+00 3.351398e+00 3.560460e+00 3.643885e+00 3.569150e+00 3.435184e+00 3.335479e+00 3.430260e+00 3.644681e+00 3.835228e+00 3.993875e+00 4.053026e+00 3.986541e+00 4.022634e+00 4.249185e+00 4.439493e+00 4.486514e+00 4.441490e+00 4.355391e+00 4.379233e+00 4.545325e+00 4.709052e+00 4.884611e+00 8.163840e+00 8.618785e+00 4.637644e+00 4.623917e+00
-9.999000e+03 1.792024e-01 7.142288e-01 6.388124e-01 4.636400e-01 1.103369e-01 3.570151e-01 3.533437e-01 -9.999000e+03 -9.999000e+03 -9.999000e+03 2.290648e-01 2.857437e-01 5.371338e-01 6.770007e-01 6.855174e-01 7.583536e-01 8.950151e-01 7.533792e-01 3.685351e-01 3.016932e-01 5.913823e-01 9.867648e-01 1.271343e+00 1.639860e+00 2.158733e+00 2.603836e+00 2.941686e+00 3.138301e+00 3.179860e+00 3.104557e+00 3.017678e+00 3.061678e+00 3.293911e+00 3.505022e+00 3.688964e+00 3.783002e+00 3.790245e+00 3.917842e+00 4.145894e+00 4.301561e+00 4.381384e+00 4.412156e+00 4.386724e+00 4.473375e+00 4.696087e+00 6.223680e+00 7.357774e+00 4.902177e+00 4.703930e+00 4.689357e+00 4.800888e+00
-9.999000e+03 4.372130e-01 4.280596e-01 4.572035e-01 2.759010e-01 2.951559e-01 -9.999000e+03 -9.999000e+03 -9.999000e+03 -9.999000e+03 -9.999000e+03 -9.999000e+03 3.384840e-01 4.797759e-01 6.288060e-01 6.969011e-01 6.851425e-01 9.120493e-01 7.940617e-01 3.548892e-01 2.180081e-01 2.343672e-01 4.099233e-01 6.789643e-01 1.047371e+00 1.444026e+00 1.851870e+00 2.224854e+00 2.463864e+00 2.575791e+00 2.725914e+00 2.623257e+00 2.724781e+00 2.981967e+00 3.229881e+00 3.444953e+00 3.548338e+00 3.542487e+00 3.726600e+00 4.083823e+00 4.273520e+00 4.335849e+00 4.351672e+00 4.360786e+00 4.522017e+00 4.773024e+00 4.931054e+00 4.991035e+00 4.922897e+00 4.753707e+00 4.833721e+00 5.111855e+00
4.855026e-01 9.887331e-01 5.162838e-01 2.860734e-01 9.369671e-02 4.778996e-01 -9.999000e+03 -9.999000e+03 -9.999000e+03 -9.999000e+03 -9.999000e+03 -9.999000e+03 -9.999000e+03 -9.999000e+03 -9.999000e+03 7.230753e-01 9.632667e-01 8.376027e-01 7.251438e-01 5.722919e-01 6.436092e-01 -9.999000e+03 -9.999000e+03 4.093370e-01 6.867286e-01 8.913225e-01 1.145489e+00 1.431103e+00 1.588470e+00 2.054056e+00 2.075687e+00 2.227370e+00 2.365870e+00 2.687158e+00 2.971253e+00 3.196267e+00 3.301755e+00 3.274167e+00 3.534724e+00 3.986824e+00 4.256347e+00 4.220218e+00 4.224816e+00 4.340599e+00 4.459887e+00 4.756091e+00 5.000295e+00 5.047251e+00 4.991849e+00 4.830570e+00 5.047535e+00 5.496759e+00
2.979467e-01 2.537713e-01 2.162837e-01 2.142227e-01 4.989811e-01 -9.999000e+03 -9.999000e+03 -9.999000e+03 -9.999000e+03 -9.999000e+03 -9.999000e+03 -9.999000e+03 -9.999000e+03 -9.999000e+03 -9.999000e+03 -9.999000e+03 -9.999000e+03 -9.999000e+03 -9.999000e+03 -9.999000e+03 -9.999000e+03 -9.999000e+03 -9.999000e+03 3.538347e-01 6.108469e-01 7.282259e-01 1.048439e+00 1.392386e+00 1.509129e+00 1.170593e+00 1.512252e+00 1.612783e+00 1.858182e+00 2.257015e+00 2.553301e+00 2.728761e+00 2.843830e+00 3.048999e+00 3.248717e+00 3.783953e+00 3.864097e+00 3.878167e+00 4.209480e+00 4.074712e+00 4.170275e+00 4.526396e+00 4.609679e+00 4.736271e+00 4.711951e+00 4.670549e+00 4.888962e+00 5.655574e+00
-9.999000e+03 5.528187e-01 4.793125e-01 7.218244e-01 -9.999000e+03 -9.999000e+03 -9.999000e+03 -9.999000e+03 -9.999000e+03 -9.999000e+03 -9.999000e+03 -9.999000e+03 -9.999000e+03 -9.999000e+03 -9.999000e+03 -9.999000e+03 -9.999000e+03 -9.999000e+03 -9.999000e+03 -9.999000e+03 -9.999000e+03 -9.999000e+03 -9.999000e+03 -9.999000e+03 -9.999000e+03 -9.999000e+03 8.946612e-01 1.077208e+00 1.229554e+00 9.762157e-01 7.748591e-01 9.278013e-01 1.218371e+00 1.643041e+00 1.863596e+00 1.919586e+00 2.589150e+00 2.599274e+00 2.887218e+00 2.779024e+00 2.994367e+00 4.021372e+00 3.720505e+00 3.674679e+00 4.017785e+00 3.782398e+00 3.866142e+00 3.944054e+00 4.344478e+00 4.122810e+00 4.561765e+00 5.041633e+00
-9.999000e+03 -9.999000e+03 -9.999000e+03 -9.999000e+03 -9.999000e+03 -9.999000e+03 -9.999000e+03 -9.999000e+03 -9.999000e+03 -9.999000e+03 -9.999000e+03 -9.999000e+03 -9.999000e+03 -9.999000e+03 -9.999000e+03 -9.999000e+03 -9.999000e+03 -9.999000e+03 -9.999000e+03 -9.999000e+03 -9.999000e+03 -9.999000e+03 -9.999000e+03 -9.999000e+03 -9.999000e+03 -9.999000e+03 -9.999000e+03 -9.999000e+03 9.731917e-01 8.185573e-01 6.240193e-01 7.499986e-01 1.054809e+00 1.771003e+00 2.074649e+00 1.972138e+00 1.660934e+00 1.937421e+00 2.222955e+00 3.104947e+00 3.567007e+00 2.804542e+00 2.866795e+00 3.880812e+00 2.916789e+00 2.925347e+00 2.893964e+00 3.839656e+00 3.564782e+00 3.950291e+00 3.250320e+00 3.901138e+00
-9.999000e+03 -9.999000e+03 -9.999000e+03 -9.999000e+03 -9.999000e+03 -9.999000e+03 -9.999000e+03 -9.999000e+03 -9.999000e+03 -9.999000e+03 -9.999000e+03 -9.999000e+03 -9.999000e+03 -9.999000e+03 -9.999000e+03 -9.999000e+03 -9.999000e+03 -9.999000e+03 -9.999000e+03 -9.999000e+03 -9.999000e+03 -9.999000e+03 -9.999000e+03 -9.999000e+03 -9.999000e+03 -9.999000e+03 -9.999000e+03 -9.999000e+03 -9.999000e+03 6.963408e-01 8.459484e-01 1.032776e+00 1.406312e+00 1.649798e+00 1.746169e+00 1.510788e+00 1.525140e+00 1.831830e+00 2.525336e+00 2.956416e+00 3.189728e+00 3.281961e+00 3.483160e+00 2.815502e+00 3.576245e+00 3.811536e+00 3.737850e+00 2.584040e+00 3.532763e+00 2.919187e+00 4.005869e+00 4.923117e+00
-9.999000e+03 -9.999000e+03 -9.999000e+03 -9.999000e+03 -9.999000e+03 -9.999000e+03 -9.999000e+03 -9.999000e+03 -9.999000e+03 -9.999000e+03 -9.999000e+03 -9.999000e+03 -9.999000e+03 -9.999000e+03 -9.999000e+03 -9.999000e+03 -9.999000e+03 -9.999000e+03 -9.999000e+03 -9.999000e+03 -9.999000e+03 -9.999000e+03 -9.999000e+03 -9.999000e+03 -9.999000e+03 -9.999000e+03 -9.999000e+03 -9.999000e+03 -9.999000e+03 -9.999000e+03 1.137534e+00 -9.999000e+03 -9.999000e+03 -9.999000e+03 -9.999000e+03 -9.999000e+03 -9.999000e+03 -9.999000e+03 2.072746e+00 2.645972e+00 2.836380e+00 2.820276e+00 3.016421e+00 3.442119e+00 3.693712e+00 3.746352e+00 3.555425e+00 3.124317e+00 2.440970e+00 3.608810e+00 4.317847e+00 4.719125e+00
-9.999000e+03 -9.999000e+03 -9.999000e+03 -9.999000e+03 -9.999000e+03 -9.999000e+03 -9.999000e+03 -9.999000e+03 -9.999000e+03 -9.999000e+03 -9.999000e+03 -9.999000e+03 -9.999000e+03 -9.999000e+03 -9.999000e+03 -9.999000e+03 -9.999000e+03 -9.999000e+03 -9.999000e+03 -9.999000e+03 -9.999000e+03 -9.999000e+03 -9.999000e+03 -9.999000e+03 -9.999000e+03 -9.999000e+03 -9.999000e+03 -9.999000e+03 -9.999000e+03 -9.999000e+03 -9.999000e+03 -9.999000e+03 -9.999000e+03 -9.999000e+03 -9.999000e+03 -9.999000e+03 -9.999000e+03 -9.999000e+03 -9.999000e+03 -9.999000e+03 -9.999000e+03 2.097056e+00 2.215162e+00 2.557478e+00 3.345130e+00 3.549980e+00 3.388283e+00 2.942274e+00 3.115513e+00 3.956452e+00 4.382434e+00 4.316190e+00
-9.999000e+03 -9.999000e+03 -9.999000e+03 -9.999000e+03 -9.999000e+03 -9.999000e+03 -9.999000e+03 -9.999000e+03 -9.999000e+03 -9.999000e+03 -9.999000e+03 -9.999000e+03 -9.999000e+03 -9.999000e+03 -9.999000e+03 -9.999000e+03 -9.999000e+03 -9.999000e+03 -9.999000e+03 -9.999000e+03 -9.999000e+03 -9.999000e+03 -9.999000e+03 -9.999000e+03 -9.999000e+03 -9.999000e+03 -9.999000e+03 -9.999000e+03 -9.999000e+03 -9.999000e+03 -9.999000e+03 -9.999000e+03 -9.999000e+03 -9.999000e+03 -9.999000e+03 -9.999000e+03 -9.999000e+03 -9.999000e+03 -9.999000e+03 -9.999000e+03 -9.999000e+03 -9.999000e+03 -9.999000e+03 -9.999000e+03 2.812165e+00 2.719124e+00 3.122059e+00 2.970856e+00 2.453569e+00 3.720224e+00 4.147574e+00 3.755348e+00
-9.999000e+03 -9.999000e+03 -9.999000e+03 -9.999000e+03 -9.999000e+03 -9.999000e+03 -9.999000e+03 -9.999000e+03 -9.999000e+03 -9.999000e+03 -9.999000e+03 -9.999000e+03 -9.999000e+03 -9.999000e+03 -9.999000e+03 -9.999000e+03 -9.999000e+03 -9.999000e+03 -9.999000e+03 -9.999000e+03 -9.999000e+03 -9.999000e+03 -9.999000e+03 -9.999000e+03 -9.999000e+03 -9.999000e+03 -9.999000e+03 -9.999000e+03 -9.999000e+03 -9.999000e+03 -9.999000e+03 -9.999000e+03 -9.999000e+03 -9.999000e+03 -9.999000e+03 -9.999000e+03 -9.999000e+03 -9.999000e+03 -9.999000e+03 -9.999000e+03 -9.999000e+03 -9.999000e+03 -9.999000e+03 -9.999000e+03 -9.999000e+03 -9.999000e+03 -9.999000e+03 -9.999000e+03 -9.999000e+03 -9.999000e+03 3.055150e+00 3.049713e+00
-9.999000e+03 -9.999000e+03 -9.999000e+03 -9.999000e+03 -9.999000e+03 -9.999000e+03 -9.999000e+03 -9.999000e+03 -9.999000e+03 -9.999000e+03 -9.999000e+03 -9.999000e+03 -9.999000e+03 -9.999000e+03 -9.999000e+03 -9.999000e+03 -9.999000e+03 -9.999000e+03 -9.999000e+03 -9.999000e+03 -9.999000e+03 -9.999000e+03 -9.999000e+03 -9.999000e+03 -9.999000e+03 -9.999000e+03 -9.999000e+03 -9.999000e+03 -9.999000e+03 -9.999000e+03 -9.999000e+03 -9.999000e+03 -9.999000e+03 -9.999000e+03 -9.999000e+03 -9.999000e+03 -9.999000e+03 -9.999000e+03 -9.999000e+03 -9.999000e+03 -9.999000e+03 -9.999000e+03 -9.999000e+03 -9.999000e+03 -9.999000e+03 -9.999000e+03 -9.999000e+03 -9.999000e+03 -9.999000e+03 -9.999000e+03 -9.999000e+03 2.270212e+00
-9.999000e+03 -9.999000e+03 -9.999000e+03 -9.999000e+03 -9.999000e+03 -9.999000e+03 -9.999000e+03 -9.999000e+03 -9.999000e+03 -9.999000e+03 -9.999000e+03 -9.999000e+03 -9.999000e+03 -9.999000e+03 -9.999000e+03 -9.999000e+03 -9.999000e+03 -9.999000e+03 -9.999000e+03 -9.999000e+03 -9.999000e+03 -9.999000e+03 -9.999000e+03 -9.999000e+03 -9.999000e+03 -9.999000e+03 -9.999000e+03 -9.999000e+03 -9.999000e+03 -9.999000e+03 -9.999000e+03 -9.999000e+03 -9.999000e+03 -9.999000e+03 -9.999000e+03 -9.999000e+03 -9.999000e+03 -9.999000e+03 -9.999000e+03 -9.999000e+03 -9.999000e+03 -9.999000e+03 -9.999000e+03 -9.999000e+03 -9.999000e+03 -9.999000e+03 -9.999000e+03 -9.999000e+03 -9.999000e+03 -9.999000e+03 -9.999000e+03 -9.999000e+03
-9.999000e+03 -9.999000e+03 -9.999000e+03 -9.999000e+03 -9.999000e+03 -9.999000e+03 -9.999000e+03 -9.999000e+03 -9.999000e+03 -9.999000e+03 -9.999000e+03 -9.999000e+03 -9.999000e+03 -9.999000e+03 -9.999000e+03 -9.999000e+03 -9.999000e+03 -9.999000e+03 -9.999000e+03 -9.999000e+03 -9.999000e+03 -9.999000e+03 -9.999000e+03 -9.999000e+03 -9.999000e+03 -9.999000e+03 -9.999000e+03 -9.999000e+03 -9.999000e+03 -9.999000e+03 -9.999000e+03 -9.999000e+03 -9.999000e+03 -9.999000e+03 -9.999000e+03 -9.999000e+03 -9.999000e+03 -9.999000e+03 -9.999000e+03 -9.999000e+03 -9.999000e+03 -9.999000e+03 -9.999000e+03 -9.999000e+03 -9.999000e+03 -9.999000e+03 -9.999000e+03 -9.999000e+03 -9.999000e+03 -9.999000e+03 -9.999000e+03 -9.999000e+03
