tests/data/reference/test_implicit_stream_rill_mfda/mrsearstr_pa.asc
ncols	123
nrows	77
xllcorner	-713746.79929998
yllcorner	-1061022.36961616
cellsize	10.0
NODATA_value	-9999
[rows 46 to 68 of 77, columns 0 to 51 of 123]
-9.999000e+03 -9.999000e+03 -9.999000e+03 -9.999000e+03 -9.999000e+03 -9.999000e+03 5.809089e-01 1.394839e+00 1.181221e+00 1.269755e+00 1.039483e+00 1.417867e+00 1.641540e+00 1.664407e+00 1.656281e+00 1.626168e+00 1.654205e+00 1.709261e+00 1.878705e+00 2.266021e+00 2.591454e+00 2.594696e+00 2.616230e+00 2.508998e+00 2.714112e+00 3.043112e+00 3.126977e+00 2.942697e+00 2.884678e+00 2.948203e+00 2.968317e+00 7.158096e+00 7.503786e+00 3.249672e+00 3.528620e+00 3.859733e+00 4.254914e+00 4.656177e+00 4.981058e+00 5.269298e+00 5.432759e+00 5.452349e+00 5.465540e+00 5.542233e+00 5.471805e+00 5.217166e+00 5.006704e+00 4.797795e+00 4.449464e+00 3.978475e+00 3.725574e+00 3.790250e+00
-9.999000e+03 -9.999000e+03 -9.999000e+03 -9.999000e+03 -9.999000e+03 -9.999000e+03 1.652278e+00 1.140482e+00 1.312754e+00 1.457863e+00 1.255738e+00 1.672497e+00 1.829394e+00 1.899958e+00 1.916722e+00 1.803304e+00 1.651609e+00 1.565129e+00 1.691409e+00 2.063752e+00 1.870375e+00 2.028397e+00 2.111104e+00 2.104086e+00 2.668228e+00 3.067263e+00 3.165990e+00 6.154106e+00 6.426503e+00 7.022542e+00 7.324792e+00 3.146546e+00 3.260632e+00 3.493657e+00 3.764783e+00 4.032434e+00 4.340560e+00 4.690625e+00 4.982764e+00 5.270866e+00 5.532534e+00 5.724535e+00 5.855619e+00 5.941939e+00 5.878021e+00 5.619194e+00 5.349786e+00 5.131340e+00 4.872494e+00 4.462794e+00 4.075599e+00 3.893938e+00
-9.999000e+03 -9.999000e+03 -9.999000e+03 -9.999000e+03 -9.999000e+03 4.562073e-01 9.765354e-01 1.502181e+00 1.138503e+00 1.186226e+00 1.458937e+00 1.620161e+00 1.802704e+00 1.946609e+00 1.954977e+00 1.904232e+00 1.748446e+00 1.604214e+00 1.698300e+00 2.039342e+00 2.898952e+00 3.656010e+00 4.359133e+00 5.072598e+00 5.490170e+00 5.996404e+00 6.381399e+00 3.149111e+00 3.147196e+00 3.297587e+00 3.346028e+00 3.309366e+00 3.425105e+00 3.622810e+00 3.819040e+00 4.003191e+00 4.249658e+00 4.607441e+00 4.913374e+00 5.170574e+00 5.438494e+00 5.696471e+00 5.912118e+00 6.068447e+00 6.093519e+00 5.937533e+00 5.669596e+00 5.373898e+00 5.146276e+00 4.877406e+00 4.503060e+00 4.164475e+00
-9.999000e+03 -9.999000e+03 -9.999000e+03 -9.999000e+03 8.660693e-01 1.241911e+00 1.333462e+00 1.642371e+00 9.993120e-01 9.086038e-01 1.165575e+00 1.332550e+00 1.639651e+00 1.690207e+00 1.831937e+00 1.892869e+00 1.839244e+00 1.699307e+00 1.794573e+00 2.126511e+00 2.431488e+00 2.688753e+00 2.996690e+00 3.260823e+00 3.399129e+00 3.414845e+00 3.441464e+00 3.428976e+00 3.400459e+00 3.437526e+00 3.459493e+00 3.409781e+00 3.413746e+00 3.482585e+00 3.591548e+00 3.725947e+00 3.955575e+00 4.355480e+00 4.731271e+00 5.011029e+00 5.236055e+00 5.445075e+00 5.675499e+00 5.897364e+00 6.044053e+00 6.064485e+00 5.896387e+00 5.564611e+00 5.323936e+00 5.195373e+00 4.893067e+00 4.484810e+00
-9.999000e+03 -9.999000e+03 -9.999000e+03 -9.999000e+03 5.737854e-01 1.196810e+00 1.308622e+00 1.251901e+00 9.421544e-01 7.576192e-01 9.920847e-01 1.384731e+00 1.116536e+00 1.553280e+00 1.764739e+00 1.896677e+00 1.882200e+00 1.730237e+00 1.821975e+00 2.166010e+00 2.535742e+00 2.927579e+00 3.189323e+00 3.603963e+00 3.779707e+00 3.768422e+00 3.817549e+00 3.882074e+00 3.840389e+00 3.777465e+00 3.782521e+00 3.758471e+00 3.706279e+00 3.665387e+00 3.665908e+00 3.715372e+00 3.852867e+00 4.155625e+00 4.526087e+00 4.862119e+00 5.053748e+00 5.152441e+00 5.328110e+00 5.558967e+00 5.779660e+00 5.943452e+00 5.909393e+00 5.651356e+00 5.460793e+00 5.381169e+00 5.174493e+00 4.738163e+00
-9.999000e+03 -9.999000e+03 -9.999000e+03 4.854513e-01 9.023947e-01 1.067480e+00 8.485691e-01 8.381715e-01 6.649950e-01 8.013388e-01 1.031630e+00 9.772255e-01 9.687262e-01 1.414547e+00 1.702285e+00 1.867694e+00 1.879518e+00 1.748945e+00 1.816904e+00 2.155267e+00 2.882083e+00 2.974222e+00 3.501976e+00 3.928009e+00 4.167686e+00 4.219493e+00 4.312234e+00 4.433929e+00 4.416443e+00 4.307212e+00 4.272126e+00 4.257041e+00 4.211147e+00 4.122752e+00 4.019974e+00 3.959755e+00 3.952115e+00 4.060835e+00 4.356787e+00 4.743006e+00 4.904486e+00 4.866479e+00 4.935719e+00 5.112746e+00 5.348517e+00 5.608752e+00 5.726436e+00 5.640935e+00 5.331363e+00 5.346014e+00 5.197139e+00 4.822305e+00
-9.999000e+03 -9.999000e+03 -9.999000e+03 3.970412e-01 7.622892e-01 7.665946e-01 5.932263e-01 4.521761e-01 5.326882e-01 5.774572e-01 7.426303e-01 7.828943e-01 7.821925e-01 1.234385e+00 1.574088e+00 1.744686e+00 1.796967e+00 1.721352e+00 1.707600e+00 2.481457e+00 1.908827e+00 2.773537e+00 3.313204e+00 3.765466e+00 4.115709e+00 4.293931e+00 4.432374e+00 4.576118e+00 4.578817e+00 4.443819e+00 4.355590e+00 4.325192e+00 4.327180e+00 4.315565e+00 4.265286e+00 4.228413e+00 4.167365e+00 4.111232e+00 4.300995e+00 4.710951e+00 4.882936e+00 4.778522e+00 4.745190e+00 4.807214e+00 4.967209e+00 5.215879e+00 5.420749e+00 4.934566e+00 4.926432e+00 4.880178e+00 4.755805e+00 8.886645e+00
-9.999000e+03 -9.999000e+03 2.603761e-01 3.489433e-01 6.408347e-01 6.202765e-01 3.292499e-01 2.592224e-01 3.146357e-01 2.297409e-01 3.988724e-01 5.117031e-01 5.424951e-01 1.009277e+00 1.366685e+00 1.531765e+00 1.653359e+00 1.655418e+00 1.778341e+00 1.449326e+00 1.390038e+00 2.071965e+00 2.603779e+00 3.098867e+00 3.607725e+00 3.956501e+00 4.156548e+00 4.312023e+00 4.331029e+00 4.183712e+00 4.039332e+00 3.980673e+00 4.062094e+00 4.220720e+00 4.336459e+00 4.433739e+00 4.430141e+00 4.304810e+00 4.361573e+00 4.706154e+00 4.923031e+00 4.875175e+00 4.779535e+00 4.699703e+00 4.734624e+00 4.908522e+00 3.608686e+00 3.759991e+00 3.783284e+00 3.689806e+00 9.477918e+00 5.005871e+00
-9.999000e+03 -9.999000e+03 3.383130e-01 5.372828e-01 5.778639e-01 3.440039e-01 1.998289e-01 3.347493e-01 3.101036e-01 5.949944e-02 2.555578e-01 3.431161e-01 3.719701e-01 7.951843e-01 1.070485e+00 1.170602e+00 1.303240e+00 1.396749e+00 1.214599e+00 1.039118e+00 8.716363e-01 1.349540e+00 1.813862e+00 2.272234e+00 2.784035e+00 3.269653e+00 3.616500e+00 3.846265e+00 3.940371e+00 3.863829e+00 3.722039e+00 3.615457e+00 3.720012e+00 3.949554e+00 4.156415e+00 4.329230e+00 4.395574e+00 4.326378e+00 4.366289e+00 4.610560e+00 4.816852e+00 4.870557e+00 4.824314e+00 4.732975e+00 4.758403e+00 4.937465e+00 5.115128e+00 5.305295e+00 9.262983e+00 9.852950e+00 5.042392e+00 5.026839e+00
-9.999000e+03 1.849796e-01 8.008191e-01 6.960062e-01 4.971035e-01 1.190441e-01 3.833263e-01 3.794045e-01 -9.999000e+03 -9.999000e+03 -9.999000e+03 2.464642e-01 3.071404e-01 5.754055e-01 7.241842e-01 7.332344e-01 8.105918e-01 9.555542e-01 8.053108e-01 3.956300e-01 3.242000e-01 6.331458e-01 1.062093e+00 1.368187e+00 1.764098e+00 2.327215e+00 2.807940e+00 3.173135e+00 3.387062e+00 3.434309e+00 3.355033e+00 3.271393e+00 3.316457e+00 3.568559e+00 3.796978e+00 3.997662e+00 4.101866e+00 4.111896e+00 4.249820e+00 4.495653e+00 4.667025e+00 4.755900e+00 4.791682e+00 4.763582e+00 4.856922e+00 5.100044e+00 6.875434e+00 8.255044e+00 5.327089e+00 5.113302e+00 5.097083e+00 5.216685e+00
-9.999000e+03 4.566512e-01 4.685501e-01 4.902415e-01 2.966095e-01 3.172083e-01 -9.999000e+03 -9.999000e+03 -9.999000e+03 -9.999000e+03 -9.999000e+03 -9.999000e+03 3.635284e-01 5.143032e-01 6.803694e-01 7.562885e-01 7.328360e-01 9.856024e-01 8.627110e-01 3.874978e-01 2.346175e-01 2.521442e-01 4.398114e-01 7.262709e-01 1.128799e+00 1.555115e+00 1.991923e+00 2.391187e+00 2.647452e+00 2.767452e+00 2.951544e+00 2.835374e+00 2.950777e+00 3.226717e+00 3.495690e+00 3.730198e+00 3.844301e+00 3.839644e+00 4.037677e+00 4.427107e+00 4.633011e+00 4.704283e+00 4.718221e+00 4.728450e+00 4.910806e+00 5.178135e+00 5.349357e+00 5.419238e+00 5.343912e+00 5.162630e+00 5.248112e+00 5.550701e+00
4.944621e-01 1.100205e+00 5.578951e-01 3.074931e-01 1.011422e-01 5.123034e-01 -9.999000e+03 -9.999000e+03 -9.999000e+03 -9.999000e+03 -9.999000e+03 -9.999000e+03 -9.999000e+03 -9.999000e+03 -9.999000e+03 7.731325e-01 1.044379e+00 8.946822e-01 7.753293e-01 6.128319e-01 7.024206e-01 -9.999000e+03 -9.999000e+03 4.391858e-01 7.345213e-01 9.516403e-01 1.220696e+00 1.522296e+00 1.688176e+00 2.225705e+00 2.232430e+00 2.410167e+00 2.555193e+00 2.901305e+00 3.209019e+00 3.453308e+00 3.567989e+00 3.539218e+00 3.831844e+00 4.314919e+00 4.608208e+00 4.558818e+00 4.564624e+00 4.712988e+00 4.833201e+00 5.151118e+00 5.424205e+00 5.465515e+00 5.407017e+00 5.234320e+00 5.477363e+00 5.956133e+00
3.054289e-01 2.729236e-01 2.327696e-01 2.305608e-01 5.347684e-01 -9.999000e+03 -9.999000e+03 -9.999000e+03 -9.999000e+03 -9.999000e+03 -9.999000e+03 -9.999000e+03 -9.999000e+03 -9.999000e+03 -9.999000e+03 -9.999000e+03 -9.999000e+03 -9.999000e+03 -9.999000e+03 -9.999000e+03 -9.999000e+03 -9.999000e+03 -9.999000e+03 3.799290e-01 6.538521e-01 7.786026e-01 1.132098e+00 1.507716e+00 1.637351e+00 1.247235e+00 1.638799e+00 1.735983e+00 1.998921e+00 2.425921e+00 2.743799e+00 2.931583e+00 3.054243e+00 3.304923e+00 3.509732e+00 4.084721e+00 4.141173e+00 4.156816e+00 4.567233e+00 4.402811e+00 4.505071e+00 4.911391e+00 4.975248e+00 5.110803e+00 5.084999e+00 5.068326e+00 5.292211e+00 6.125826e+00
-9.999000e+03 5.921048e-01 5.138092e-01 7.718040e-01 -9.999000e+03 -9.999000e+03 -9.999000e+03 -9.999000e+03 -9.999000e+03 -9.999000e+03 -9.999000e+03 -9.999000e+03 -9.999000e+03 -9.999000e+03 -9.999000e+03 -9.999000e+03 -9.999000e+03 -9.999000e+03 -9.999000e+03 -9.999000e+03 -9.999000e+03 -9.999000e+03 -9.999000e+03 -9.999000e+03 -9.999000e+03 -9.999000e+03 9.551791e-01 1.148481e+00 1.327809e+00 1.061190e+00 8.281121e-01 9.902988e-01 1.297727e+00 1.745654e+00 1.977739e+00 2.036602e+00 2.807061e+00 2.792820e+00 3.100464e+00 2.937787e+00 3.162977e+00 4.356909e+00 3.988956e+00 3.940536e+00 4.361938e+00 4.054987e+00 4.143842e+00 4.226354e+00 4.715030e+00 4.452767e+00 4.946802e+00 5.389480e+00
-9.999000e+03 -9.999000e+03 -9.999000e+03 -9.999000e+03 -9.999000e+03 -9.999000e+03 -9.999000e+03 -9.999000e+03 -9.999000e+03 -9.999000e+03 -9.999000e+03 -9.999000e+03 -9.999000e+03 -9.999000e+03 -9.999000e+03 -9.999000e+03 -9.999000e+03 -9.999000e+03 -9.999000e+03 -9.999000e+03 -9.999000e+03 -9.999000e+03 -9.999000e+03 -9.999000e+03 -9.999000e+03 -9.999000e+03 -9.999000e+03 -9.999000e+03 1.038381e+00 8.862576e-01 6.678616e-01 8.017218e-01 1.124782e+00 1.906740e+00 2.245307e+00 2.141590e+00 1.764496e+00 2.055349e+00 2.355192e+00 3.333158e+00 3.854981e+00 2.964483e+00 3.029598e+00 4.211645e+00 3.081877e+00 3.090825e+00 3.058011e+00 4.170672e+00 3.822929e+00 4.286941e+00 3.430355e+00 4.108983e+00
-9.999000e+03 -9.999000e+03 -9.999000e+03 -9.999000e+03 -9.999000e+03 -9.999000e+03 -9.999000e+03 -9.999000e+03 -9.999000e+03 -9.999000e+03 -9.999000e+03 -9.999000e+03 -9.999000e+03 -9.999000e+03 -9.999000e+03 -9.999000e+03 -9.999000e+03 -9.999000e+03 -9.999000e+03 -9.999000e+03 -9.999000e+03 -9.999000e+03 -9.999000e+03 -9.999000e+03 -9.999000e+03 -9.999000e+03 -9.999000e+03 -9.999000e+03 -9.999000e+03 7.447341e-01 9.187197e-01 1.114732e+00 1.515270e+00 1.752770e+00 1.854216e+00 1.606316e+00 1.621443e+00 1.944334e+00 2.714912e+00 3.197177e+00 3.458460e+00 3.563052e+00 3.782097e+00 2.975949e+00 3.835897e+00 4.120755e+00 4.056404e+00 2.733690e+00 3.838066e+00 3.084384e+00 4.291972e+00 5.310785e+00
-9.999000e+03 -9.999000e+03 -9.999000e+03 -9.999000e+03 -9.999000e+03 -9.999000e+03 -9.999000e+03 -9.999000e+03 -9.999000e+03 -9.999000e+03 -9.999000e+03 -9.999000e+03 -9.999000e+03 -9.999000e+03 -9.999000e+03 -9.999000e+03 -9.999000e+03 -9.999000e+03 -9.999000e+03 -9.999000e+03 -9.999000e+03 -9.999000e+03 -9.999000e+03 -9.999000e+03 -9.999000e+03 -9.999000e+03 -9.999000e+03 -9.999000e+03 -9.999000e+03 -9.999000e+03 1.227378e+00 -9.999000e+03 -9.999000e+03 -9.999000e+03 -9.999000e+03 -9.999000e+03 -9.999000e+03 -9.999000e+03 2.197519e+00 2.844348e+00 3.069928e+00 3.061623e+00 3.275500e+00 3.734968e+00 4.008489e+00 4.068455e+00 3.865058e+00 3.400563e+00 2.583807e+00 3.869093e+00 4.660737e+00 5.110932e+00
-9.999000e+03 -9.999000e+03 -9.999000e+03 -9.999000e+03 -9.999000e+03 -9.999000e+03 -9.999000e+03 -9.999000e+03 -9.999000e+03 -9.999000e+03 -9.999000e+03 -9.999000e+03 -9.999000e+03 -9.999000e+03 -9.999000e+03 -9.999000e+03 -9.999000e+03 -9.999000e+03 -9.999000e+03 -9.999000e+03 -9.999000e+03 -9.999000e+03 -9.999000e+03 -9.999000e+03 -9.999000e+03 -9.999000e+03 -9.999000e+03 -9.999000e+03 -9.999000e+03 -9.999000e+03 -9.999000e+03 -9.999000e+03 -9.999000e+03 -9.999000e+03 -9.999000e+03 -9.999000e+03 -9.999000e+03 -9.999000e+03 -9.999000e+03 -9.999000e+03 -9.999000e+03 2.223046e+00 2.347016e+00 2.705870e+00 3.589617e+00 3.838982e+00 3.678449e+00 3.201606e+00 3.386761e+00 4.289985e+00 4.751589e+00 4.686444e+00
-9.999000e+03 -9.999000e+03 -9.999000e+03 -9.999000e+03 -9.999000e+03 -9.999000e+03 -9.999000e+03 -9.999000e+03 -9.999000e+03 -9.999000e+03 -9.999000e+03 -9.999000e+03 -9.999000e+03 -9.999000e+03 -9.999000e+03 -9.999000e+03 -9.999000e+03 -9.999000e+03 -9.999000e+03 -9.999000e+03 -9.999000e+03 -9.999000e+03 -9.999000e+03 -9.999000e+03 -9.999000e+03 -9.999000e+03 -9.999000e+03 -9.999000e+03 -9.999000e+03 -9.999000e+03 -9.999000e+03 -9.999000e+03 -9.999000e+03 -9.999000e+03 -9.999000e+03 -9.999000e+03 -9.999000e+03 -9.999000e+03 -9.999000e+03 -9.999000e+03 -9.999000e+03 -9.999000e+03 -9.999000e+03 -9.999000e+03 2.972458e+00 2.875108e+00 3.353086e+00 3.217973e+00 2.597010e+00 3.987335e+00 4.479271e+00 4.076385e+00
-9.999000e+03 -9.999000e+03 -9.999000e+03 -9.999000e+03 -9.999000e+03 -9.999000e+03 -9.999000e+03 -9.999000e+03 -9.999000e+03 -9.999000e+03 -9.999000e+03 -9.999000e+03 -9.999000e+03 -9.999000e+03 -9.999000e+03 -9.999000e+03 -9.999000e+03 -9.999000e+03 -9.999000e+03 -9.999000e+03 -9.999000e+03 -9.999000e+03 -9.999000e+03 -9.999000e+03 -9.999000e+03 -9.999000e+03 -9.999000e+03 -9.999000e+03 -9.999000e+03 -9.999000e+03 -9.999000e+03 -9.999000e+03 -9.999000e+03 -9.999000e+03 -9.999000e+03 -9.999000e+03 -9.999000e+03 -9.999000e+03 -9.999000e+03 -9.999000e+03 -9.999000e+03 -9.999000e+03 -9.999000e+03 -9.999000e+03 -9.999000e+03 -9.999000e+03 -9.999000e+03 -9.999000e+03 -9.999000e+03 -9.999000e+03 3.226500e+00 3.277052e+00
-9.999000e+03 -9.999000e+03 -9.999000e+03 -9.999000e+03 -9.999000e+03 -9.999000e+03 -9.999000e+03 -9.999000e+03 -9.999000e+03 -9.999000e+03 -9.999000e+03 -9.999000e+03 -9.999000e+03 -9.999000e+03 -9.999000e+03 -9.999000e+03 -9.999000e+03 -9.999000e+03 -9.999000e+03 -9.999000e+03 -9.999000e+03 -9.999000e+03 -9.999000e+03 -9.999000e+03 -9.999000e+03 -9.999000e+03 -9.999000e+03 -9.999000e+03 -9.999000e+03 -9.999000e+03 -9.999000e+03 -9.999000e+03 -9.999000e+03 -9.999000e+03 -9.999000e+03 -9.999000e+03 -9.999000e+03 -9.999000e+03 -9.999000e+03 -9.999000e+03 -9.999000e+03 -9.999000e+03 -9.999000e+03 -9.999000e+03 -9.999000e+03 -9.999000e+03 -9.999000e+03 -9.999000e+03 -9.999000e+03 -9.999000e+03 -9.999000e+03 2.404770e+00
-9.999000e+03 -9.999000e+03 -9.999000e+03 -9.999000e+03 -9.999000e+03 -9.999000e+03 -9.999000e+03 -9.999000e+03 -9.999000e+03 -9.999000e+03 -9.999000e+03 -9.999000e+03 -9.999000e+03 -9.999000e+03 -9.999000e+03 -9.999000e+03 -9.999000e+03 -9.999000e+03 -9.999000e+03 -9.999000e+03 -9.999000e+03 -9.999000e+03 -9.999000e+03 -9.999000e+03 -9.999000e+03 -9.999000e+03 -9.999000e+03 -9.999000e+03 -9.999000e+03 -9.999000e+03 -9.999000e+03 -9.999000e+03 -9.999000e+03 -9.999000e+03 -9.999000e+03 -9.999000e+03 -9.999000e+03 -9.999000e+03 -9.999000e+03 -9.999000e+03 -9.999000e+03 -9.999000e+03 -9.999000e+03 -9.999000e+03 -9.999000e+03 -9.999000e+03 -9.999000e+03 -9.999000e+03 -9.999000e+03 -9.999000e+03 -9.999000e+03 -9.999000e+03
-9.999000e+03 -9.999000e+03 -9.999000e+03 -9.999000e+03 -9.999000e+03 -9.999000e+03 -9.999000e+03 -9.999000e+03 -9.999000e+03 -9.999000e+03 -9.999000e+03 -9.999000e+03 -9.999000e+03 -9.999000e+03 -9.999000e+03 -9.999000e+03 -9.999000e+03 -9.999000e+03 -9.999000e+03 -9.999000e+03 -9.999000e+03 -9.999000e+03 -9.999000e+03 -9.999000e+03 -9.999000e+03 -9.999000e+03 -9.999000e+03 -9.999000e+03 -9.999000e+03 -9.999000e+03 -9.999000e+03 -9.999000e+03 -9.999000e+03 -9.999000e+03 -9.999000e+03 -9.999000e+03 -9.999000e+03 -9.999000e+03 -9.999000e+03 -9.999000e+03 -9.999000e+03 -9.999000e+03 -9.999000e+03 -9.999000e+03 -9.999000e+03 -9.999000e+03 -9.999000e+03 -9.999000e+03 -9.999000e+03 -9.999000e+03 -9.999000e+03 -9.999000e+03
