tests/data/reference/test_implicit_stream_rill_mfda/mrsearstr_pa.asc
ncols	123
nrows	77
xllcorner	-713746.79929998
yllcorner	-1061022.36961616
cellsize	10.0
NODATA_value	-9999
[rows 23 to 45 of 77, columns 0 to 51 of 123]
-9.999000e+03 -9.999000e+03 -9.999000e+03 -9.999000e+03 -9.999000e+03 -9.999000e+03 -9.999000e+03 -9.999000e+03 -9.999000e+03 -9.999000e+03 -9.999000e+03 -9.999000e+03 -9.999000e+03 -9.999000e+03 7.422769e-01 1.052193e+00 1.050267e+00 1.080219e+00 9.292761e-01 1.867379e-01 1.823310e+00 1.722165e+00 3.174968e+00 5.122603e+00 5.458848e+00 3.321405e+00 4.478875e+00 4.059098e+00 4.198409e+00 4.547253e+00 3.382213e+00 4.522786e+00 5.051871e+00 5.306075e+00 9.341836e+00 5.248377e+00 5.452824e+00 3.948970e+00 8.084396e+00 6.103278e+00 6.136889e+00 6.259649e+00 6.476548e+00 6.616187e+00 6.630185e+00 6.585024e+00 6.551888e+00 6.631091e+00 6.807173e+00 6.835189e+00 6.678326e+00 4.798073e+00
-9.999000e+03 -9.999000e+03 -9.999000e+03 -9.999000e+03 -9.999000e+03 -9.999000e+03 -9.999000e+03 -9.999000e+03 -9.999000e+03 -9.999000e+03 -9.999000e+03 -9.999000e+03 -9.999000e+03 -9.999000e+03 2.821527e-01 5.842352e-01 1.161603e+00 1.717417e+00 8.713974e-01 1.578235e+00 1.536814e+00 2.528996e+00 2.672339e+00 2.618131e+00 4.730478e+00 7.067279e+00 4.565803e+00 4.446827e+00 4.608297e+00 3.392772e+00 4.827454e+00 4.483216e+00 4.958341e+00 5.051525e+00 9.831925e+00 5.135559e+00 5.455797e+00 4.045988e+00 8.324281e+00 6.077540e+00 6.074923e+00 6.162235e+00 6.315737e+00 6.439390e+00 6.505320e+00 6.540946e+00 6.586259e+00 6.721512e+00 6.926943e+00 7.065777e+00 4.839616e+00 7.404319e+00
-9.999000e+03 -9.999000e+03 -9.999000e+03 -9.999000e+03 -9.999000e+03 -9.999000e+03 -9.999000e+03 -9.999000e+03 -9.999000e+03 -9.999000e+03 -9.999000e+03 -9.999000e+03 -9.999000e+03 -9.999000e+03 3.101652e-01 7.052523e-01 1.123884e+00 1.116197e+00 1.066765e+00 2.749412e+00 1.978469e+00 4.592169e+00 5.869365e+00 3.315611e+00 3.724963e+00 5.174174e+00 9.025896e+00 4.820476e+00 4.895556e+00 3.516285e+00 4.469726e+00 5.145793e+00 4.937045e+00 4.724338e+00 4.701093e+00 1.035346e+01 3.724235e+00 5.829876e+00 5.184182e+00 9.554439e+00 6.038628e+00 6.166837e+00 6.288694e+00 6.387369e+00 6.478961e+00 6.581558e+00 6.717289e+00 6.931056e+00 7.200675e+00 7.471613e+00 6.643958e+00 5.290487e+00
-9.999000e+03 -9.999000e+03 -9.999000e+03 -9.999000e+03 -9.999000e+03 -9.999000e+03 -9.999000e+03 -9.999000e+03 -9.999000e+03 -9.999000e+03 -9.999000e+03 -9.999000e+03 1.472120e+00 9.274667e-01 1.037235e+00 1.296717e+00 1.158843e+00 3.086179e-01 1.835580e+00 1.650698e+00 5.991652e+00 4.908285e+00 3.648281e+00 5.074601e+00 3.606598e+00 3.927963e+00 9.626922e+00 4.428036e+00 4.580771e+00 4.218943e+00 3.390107e+00 4.714442e+00 4.822888e+00 4.507799e+00 4.563921e+00 4.815761e+00 1.066000e+01 5.011749e+00 5.837454e+00 5.606367e+00 1.066000e+01 6.101960e+00 6.176558e+00 6.282121e+00 6.458746e+00 6.702311e+00 6.990186e+00 7.281767e+00 7.560561e+00 7.882892e+00 7.707256e+00 5.486007e+00
-9.999000e+03 -9.999000e+03 -9.999000e+03 -9.999000e+03 -9.999000e+03 -9.999000e+03 -9.999000e+03 -9.999000e+03 -9.999000e+03 -9.999000e+03 -9.999000e+03 -9.999000e+03 -9.999000e+03 1.392476e+00 1.124488e+00 1.167284e+00 4.862559e-01 1.319688e+00 1.333081e+00 4.924509e+00 2.679716e+00 2.660922e+00 4.566479e+00 5.314651e+00 6.648898e+00 7.006697e+00 7.264858e+00 7.566156e+00 3.668444e+00 4.126031e+00 4.298625e+00 4.060481e+00 4.328548e+00 4.130221e+00 4.269138e+00 4.961274e+00 5.566185e+00 1.079000e+01 5.530528e+00 5.939312e+00 1.066000e+01 5.946363e+00 5.968513e+00 6.122878e+00 6.453137e+00 6.923720e+00 7.423351e+00 7.773406e+00 7.988372e+00 8.277100e+00 8.350481e+00 7.322886e+00
-9.999000e+03 -9.999000e+03 -9.999000e+03 -9.999000e+03 -9.999000e+03 -9.999000e+03 -9.999000e+03 -9.999000e+03 -9.999000e+03 -9.999000e+03 -9.999000e+03 -9.999000e+03 -9.999000e+03 -9.999000e+03 -9.999000e+03 7.622960e-01 3.679026e-01 9.554982e-01 1.741631e+00 4.534820e+00 3.634929e+00 3.102816e+00 2.796478e+00 2.642904e+00 2.804748e+00 3.042222e+00 3.047394e+00 7.056284e+00 1.054847e+01 3.468401e+00 3.802735e+00 3.826509e+00 3.641852e+00 3.685300e+00 3.993689e+00 4.770016e+00 5.247521e+00 5.332172e+00 1.038492e+01 5.699427e+00 1.066000e+01 5.908444e+00 6.081747e+00 6.358977e+00 6.776056e+00 7.319958e+00 7.840216e+00 8.133323e+00 8.281069e+00 8.547513e+00 8.683439e+00 8.154683e+00
-9.999000e+03 -9.999000e+03 -9.999000e+03 -9.999000e+03 -9.999000e+03 -9.999000e+03 -9.999000e+03 -9.999000e+03 -9.999000e+03 -9.999000e+03 -9.999000e+03 -9.999000e+03 -9.999000e+03 -9.999000e+03 -9.999000e+03 -9.999000e+03 1.160702e+00 1.022038e+00 3.357791e+00 2.872348e+00 2.521463e+00 2.309073e+00 2.345003e+00 2.569756e+00 2.865604e+00 3.223251e+00 3.272021e+00 2.963834e+00 2.883066e+00 1.079000e+01 1.079000e+01 1.079000e+01 3.224184e+00 3.285864e+00 3.615955e+00 4.263351e+00 5.949048e+00 7.097341e+00 4.805977e+00 9.722575e+00 5.829027e+00 1.079000e+01 6.586760e+00 7.020137e+00 7.432622e+00 7.866760e+00 8.201045e+00 8.335934e+00 8.428790e+00 8.679931e+00 8.768636e+00 8.349148e+00
-9.999000e+03 -9.999000e+03 -9.999000e+03 -9.999000e+03 -9.999000e+03 -9.999000e+03 -9.999000e+03 -9.999000e+03 -9.999000e+03 -9.999000e+03 -9.999000e+03 -9.999000e+03 -9.999000e+03 -9.999000e+03 -9.999000e+03 -9.999000e+03 1.044251e+00 3.294279e+00 1.952661e+00 2.165266e+00 2.243138e+00 5.421013e+00 5.387282e+00 5.625429e+00 5.795997e+00 5.926660e+00 5.698441e+00 5.128111e+00 4.888293e+00 4.956424e+00 4.660278e+00 4.091668e+00 1.079000e+01 1.036889e+01 1.063472e+01 1.079000e+01 1.079000e+01 1.079000e+01 1.079000e+01 1.079000e+01 1.079000e+01 1.079000e+01 1.079000e+01 6.104239e+00 6.691502e+00 7.092315e+00 7.525076e+00 7.807718e+00 8.105487e+00 8.412937e+00 8.368360e+00 7.881760e+00
-9.999000e+03 -9.999000e+03 -9.999000e+03 -9.999000e+03 -9.999000e+03 -9.999000e+03 -9.999000e+03 -9.999000e+03 -9.999000e+03 -9.999000e+03 -9.999000e+03 -9.999000e+03 -9.999000e+03 -9.999000e+03 -9.999000e+03 1.046484e+00 3.883110e+00 1.920864e+00 4.053705e+00 5.120186e+00 5.606572e+00 2.456041e+00 3.326830e+00 4.280720e+00 4.117946e+00 5.708689e+00 6.366944e+00 6.820017e+00 6.690154e+00 6.826117e+00 6.541913e+00 5.849913e+00 5.038070e+00 4.100697e+00 3.757973e+00 3.945664e+00 9.908475e+00 1.079000e+01 1.079000e+01 1.079000e+01 1.079000e+01 1.079000e+01 1.079000e+01 1.079000e+01 1.079000e+01 5.295404e+00 8.360355e+00 6.621682e+00 7.350117e+00 7.715906e+00 7.442573e+00 6.830347e+00
-9.999000e+03 -9.999000e+03 -9.999000e+03 -9.999000e+03 -9.999000e+03 -9.999000e+03 -9.999000e+03 -9.999000e+03 -9.999000e+03 -9.999000e+03 -9.999000e+03 -9.999000e+03 -9.999000e+03 -9.999000e+03 8.990131e-01 1.562524e+00 4.636331e+00 4.270385e+00 1.984490e+00 2.119370e+00 2.453433e+00 2.674865e+00 2.885544e+00 3.111042e+00 4.152368e+00 3.240959e+00 3.441703e+00 3.605468e+00 3.814727e+00 4.179518e+00 4.082726e+00 7.316796e+00 7.147929e+00 6.774737e+00 6.909471e+00 8.862648e+00 3.481025e+00 4.250969e+00 5.032752e+00 5.798356e+00 6.241453e+00 6.223779e+00 7.817628e+00 8.417078e+00 8.686597e+00 1.079000e+01 1.079000e+01 1.079000e+01 5.591049e+00 8.233753e+00 5.524375e+00 5.159609e+00
-9.999000e+03 -9.999000e+03 -9.999000e+03 -9.999000e+03 -9.999000e+03 -9.999000e+03 -9.999000e+03 -9.999000e+03 -9.999000e+03 -9.999000e+03 -9.999000e+03 -9.999000e+03 -9.999000e+03 -9.999000e+03 1.004782e+00 6.837057e+00 2.284035e+00 2.314096e+00 2.293586e+00 2.272869e+00 2.333423e+00 2.526480e+00 2.911683e+00 3.045177e+00 3.189505e+00 3.152707e+00 3.352641e+00 3.843796e+00 5.293217e+00 6.335544e+00 6.915610e+00 3.814239e+00 3.599616e+00 3.538627e+00 5.406647e+00 3.515801e+00 3.999787e+00 4.486403e+00 4.919714e+00 5.475249e+00 6.001984e+00 6.628787e+00 6.904472e+00 6.959873e+00 6.846883e+00 8.736191e+00 9.690915e+00 1.012155e+01 1.079000e+01 1.079000e+01 1.079000e+01 3.443349e+00
-9.999000e+03 -9.999000e+03 -9.999000e+03 -9.999000e+03 -9.999000e+03 -9.999000e+03 -9.999000e+03 -9.999000e+03 -9.999000e+03 -9.999000e+03 -9.999000e+03 -9.999000e+03 -9.999000e+03 1.383367e+00 8.062182e+00 2.195301e+00 2.362493e+00 2.516723e+00 2.524003e+00 2.468858e+00 2.444235e+00 2.523448e+00 2.686416e+00 2.914838e+00 3.107690e+00 3.188132e+00 3.436806e+00 3.961153e+00 4.293797e+00 4.399728e+00 4.320553e+00 4.130489e+00 4.120206e+00 6.482173e+00 3.069254e+00 4.048644e+00 4.661799e+00 4.827568e+00 5.100625e+00 5.503073e+00 6.003952e+00 6.473347e+00 6.929418e+00 7.469500e+00 7.668070e+00 7.598594e+00 7.514293e+00 7.322707e+00 6.637020e+00 7.167737e+00 6.610010e+00 1.079000e+01
-9.999000e+03 -9.999000e+03 -9.999000e+03 -9.999000e+03 -9.999000e+03 -9.999000e+03 -9.999000e+03 -9.999000e+03 -9.999000e+03 -9.999000e+03 -9.999000e+03 -9.999000e+03 8.685712e-01 1.785027e+00 2.201942e+00 2.257025e+00 2.572457e+00 2.530187e+00 2.602933e+00 2.605637e+00 2.574312e+00 2.540872e+00 2.585759e+00 2.709407e+00 2.894400e+00 3.091617e+00 3.423265e+00 3.948563e+00 4.269030e+00 4.382221e+00 4.453441e+00 4.482211e+00 6.372429e+00 4.441775e+00 3.171028e+00 4.530488e+00 4.673990e+00 4.851094e+00 5.191629e+00 5.669575e+00 6.067053e+00 6.428865e+00 6.629819e+00 6.776338e+00 6.718963e+00 7.065216e+00 7.213542e+00 7.359486e+00 7.103954e+00 6.279572e+00 5.688825e+00 6.176210e+00
-9.999000e+03 -9.999000e+03 -9.999000e+03 -9.999000e+03 -9.999000e+03 -9.999000e+03 -9.999000e+03 -9.999000e+03 -9.999000e+03 -9.999000e+03 -9.999000e+03 -9.999000e+03 1.304883e+00 2.009391e+00 2.205440e+00 2.823797e+00 2.380604e+00 2.567725e+00 2.680121e+00 2.726261e+00 2.699766e+00 2.605466e+00 2.584605e+00 2.634651e+00 2.776835e+00 2.985003e+00 3.285162e+00 3.725121e+00 3.942116e+00 4.057267e+00 4.193910e+00 6.090099e+00 3.269570e+00 4.063672e+00 4.281667e+00 4.235485e+00 4.238585e+00 4.383084e+00 4.820776e+00 5.045084e+00 5.492911e+00 5.928108e+00 6.114234e+00 5.628774e+00 5.720180e+00 5.935980e+00 6.154125e+00 6.539598e+00 6.422221e+00 6.872864e+00 5.982273e+00 5.390735e+00
-9.999000e+03 -9.999000e+03 -9.999000e+03 -9.999000e+03 -9.999000e+03 -9.999000e+03 -9.999000e+03 -9.999000e+03 -9.999000e+03 -9.999000e+03 -9.999000e+03 6.933856e-01 3.271053e+00 1.709903e+00 2.830727e+00 2.169467e+00 2.393027e+00 2.595798e+00 2.727715e+00 2.791595e+00 2.779880e+00 2.695636e+00 2.675159e+00 2.701516e+00 2.788357e+00 2.945143e+00 3.117784e+00 3.284216e+00 3.456024e+00 3.433332e+00 3.538009e+00 4.537752e+00 2.827734e+00 3.926787e+00 3.801447e+00 3.448632e+00 3.450863e+00 3.845471e+00 3.627233e+00 3.833571e+00 4.268560e+00 4.940920e+00 4.159315e+00 4.105452e+00 4.168539e+00 4.341889e+00 4.482313e+00 4.596327e+00 6.705613e+00 5.578263e+00 5.366868e+00 5.259513e+00
-9.999000e+03 -9.999000e+03 -9.999000e+03 -9.999000e+03 -9.999000e+03 -9.999000e+03 -9.999000e+03 -9.999000e+03 -9.999000e+03 -9.999000e+03 6.309112e-01 9.685128e-01 1.359597e+00 2.368468e+00 1.400927e+00 1.931171e+00 2.252000e+00 2.506988e+00 2.680540e+00 2.734646e+00 2.752536e+00 2.679542e+00 2.665277e+00 2.688506e+00 2.759218e+00 2.902815e+00 2.770828e+00 3.064469e+00 3.021875e+00 2.863684e+00 2.912683e+00 2.955539e+00 3.059607e+00 3.226502e+00 2.672916e+00 2.427883e+00 3.140073e+00 2.295083e+00 2.323003e+00 2.403053e+00 2.814414e+00 3.583259e+00 5.009208e+00 5.431526e+00 5.705627e+00 6.016828e+00 6.231042e+00 6.359060e+00 4.192544e+00 3.910244e+00 3.902797e+00 4.315393e+00
-9.999000e+03 -9.999000e+03 -9.999000e+03 -9.999000e+03 -9.999000e+03 -9.999000e+03 -9.999000e+03 -9.999000e+03 -9.999000e+03 -9.999000e+03 5.378366e-01 1.050828e+00 2.151934e+00 1.289666e+00 1.104789e+00 1.580118e+00 1.931071e+00 2.279715e+00 2.472815e+00 2.612777e+00 2.642677e+00 2.603676e+00 2.589310e+00 2.625102e+00 2.631291e+00 2.120733e+00 2.821543e+00 2.838881e+00 2.621035e+00 2.389881e+00 2.334799e+00 2.311980e+00 1.947197e+00 2.421152e+00 3.167341e+00 3.009448e+00 2.047326e+00 2.410212e+00 2.624494e+00 2.934781e+00 2.728807e+00 3.511719e+00 4.860553e+00 5.176792e+00 5.331624e+00 5.532412e+00 5.763359e+00 5.995876e+00 5.952779e+00 5.602961e+00 5.569418e+00 5.968616e+00
-9.999000e+03 -9.999000e+03 -9.999000e+03 -9.999000e+03 -9.999000e+03 -9.999000e+03 -9.999000e+03 -9.999000e+03 -9.999000e+03 5.476139e-01 2.227230e+00 1.706680e+00 1.138041e+00 1.016984e+00 1.172856e+00 1.391764e+00 1.686076e+00 1.904580e+00 2.304440e+00 2.408669e+00 2.502379e+00 2.523477e+00 2.559688e+00 2.450979e+00 2.026093e+00 2.504544e+00 2.681744e+00 2.387342e+00 2.198740e+00 1.896774e+00 1.822836e+00 1.669238e+00 2.376475e+00 3.119044e+00 3.431865e+00 3.259415e+00 3.075083e+00 2.931185e+00 2.291391e+00 2.680827e+00 4.256500e+00 4.555033e+00 5.151030e+00 5.052948e+00 4.947863e+00 4.972507e+00 5.201473e+00 5.617693e+00 5.812514e+00 5.740234e+00 5.633849e+00 5.575277e+00
-9.999000e+03 -9.999000e+03 -9.999000e+03 -9.999000e+03 -9.999000e+03 -9.999000e+03 -9.999000e+03 -9.999000e+03 -9.999000e+03 6.746347e-01 2.133349e+00 1.146601e+00 1.070584e+00 9.570640e-01 1.262914e+00 1.372789e+00 1.215797e+00 1.845232e+00 1.994992e+00 2.223922e+00 2.373564e+00 2.454343e+00 1.937356e+00 2.059146e+00 2.531818e+00 2.541001e+00 1.871378e+00 1.819101e+00 1.650478e+00 1.361361e+00 1.378041e+00 2.122362e+00 2.757984e+00 3.328720e+00 3.615455e+00 3.612392e+00 3.523917e+00 2.434353e+00 3.537102e+00 3.779789e+00 4.245974e+00 4.989728e+00 5.034505e+00 4.726908e+00 4.581465e+00 4.674599e+00 4.894500e+00 5.214719e+00 5.420180e+00 5.522048e+00 1.066000e+01 1.066000e+01
-9.999000e+03 -9.999000e+03 -9.999000e+03 -9.999000e+03 -9.999000e+03 -9.999000e+03 -9.999000e+03 -9.999000e+03 1.162205e+00 3.035748e+00 2.005473e+00 1.319426e+00 9.085224e-01 1.140639e+00 1.354961e+00 1.409542e+00 1.781461e+00 1.517987e+00 1.757645e+00 2.091514e+00 2.317990e+00 2.277267e+00 2.561117e+00 2.817990e+00 2.828064e+00 4.679439e+00 4.717115e+00 4.431467e+00 3.898482e+00 3.169265e+00 3.086609e+00 3.531060e+00 3.744155e+00 3.750987e+00 3.812903e+00 3.854439e+00 3.772581e+00 4.611830e+00 4.958417e+00 6.481356e+00 7.150076e+00 7.398983e+00 6.717216e+00 5.974778e+00 5.591562e+00 5.495228e+00 5.198854e+00 4.727867e+00 4.716312e+00 1.066000e+01 4.849633e+00 4.912294e+00
-9.999000e+03 -9.999000e+03 -9.999000e+03 -9.999000e+03 -9.999000e+03 -9.999000e+03 -9.999000e+03 6.190554e-01 1.064826e+00 1.980180e+00 1.460499e+00 1.414983e+00 9.648593e-01 1.275798e+00 1.406606e+00 1.443153e+00 1.451524e+00 1.434873e+00 1.631231e+00 2.031214e+00 1.774741e+00 1.863654e+00 2.410478e+00 4.433528e+00 4.842731e+00 2.747328e+00 2.574786e+00 2.588365e+00 2.444047e+00 2.147942e+00 2.265967e+00 2.822521e+00 3.306601e+00 3.668225e+00 3.847445e+00 3.840565e+00 3.740942e+00 3.565219e+00 3.698901e+00 4.148365e+00 4.339313e+00 4.236678e+00 4.155089e+00 4.111543e+00 4.213231e+00 4.464577e+00 4.455788e+00 4.188170e+00 1.066000e+01 4.223860e+00 4.519105e+00 4.754408e+00
-9.999000e+03 -9.999000e+03 -9.999000e+03 -9.999000e+03 -9.999000e+03 -9.999000e+03 -9.999000e+03 5.109125e-01 1.004027e+00 1.938851e+00 1.176794e+00 1.385478e+00 1.360145e+00 1.389579e+00 1.442665e+00 1.461659e+00 1.496754e+00 1.512172e+00 1.700870e+00 2.127935e+00 2.977660e+00 3.569666e+00 4.073363e+00 2.655182e+00 2.768777e+00 2.630919e+00 2.121792e+00 2.582910e+00 2.628162e+00 2.436809e+00 2.551261e+00 3.020811e+00 3.373454e+00 3.573034e+00 3.651050e+00 3.620529e+00 8.912172e+00 9.005619e+00 9.429680e+00 1.024131e+01 1.064770e+01 1.062120e+01 1.066000e+01 1.066000e+01 1.066000e+01 1.059386e+01 1.066000e+01 1.066000e+01 3.860590e+00 3.897954e+00 4.179763e+00 4.480603e+00
-9.999000e+03 -9.999000e+03 -9.999000e+03 -9.999000e+03 -9.999000e+03 -9.999000e+03 -9.999000e+03 7.364338e-01 1.545842e+00 1.202130e+00 1.001903e+00 1.331838e+00 1.491446e+00 1.510835e+00 1.509453e+00 1.521875e+00 1.615320e+00 1.707673e+00 1.903012e+00 2.311300e+00 2.609100e+00 2.723343e+00 2.665807e+00 2.564152e+00 2.004078e+00 2.177643e+00 2.746398e+00 2.848117e+00 2.820783e+00 2.724957e+00 2.789343e+00 3.051728e+00 3.233354e+00 8.084117e+00 8.493415e+00 8.939389e+00 3.914168e+00 4.207171e+00 4.483070e+00 4.775433e+00 4.913655e+00 4.871957e+00 4.896914e+00 6.621398e+00 7.806206e+00 8.484290e+00 4.588862e+00 4.343016e+00 4.043472e+00 3.752372e+00 3.753033e+00 4.001312e+00
