tests/data/reference/test_implicit_stream_rill_mfda/mrsearstr_pa.asc
ncols	123
nrows	77
xllcorner	-713746.79929998
yllcorner	-1061022.36961616
cellsize	10.0
NODATA_value	-9999
[rows 23 to 45 of 77, columns 52 to 103 of 123]
6.514635e+00 7.740384e+00 7.767524e+00 7.575888e+00 7.464751e+00 7.429145e+00 7.305074e+00 7.057411e+00 6.898261e+00 6.887696e+00 6.806330e+00 6.668574e+00 6.526800e+00 6.244952e+00 5.691047e+00 5.013292e+00 8.424832e+00 4.043861e+00 4.210844e+00 4.441891e+00 4.633642e+00 4.797622e+00 4.771437e+00 4.635489e+00 3.164177e+00 3.681262e+00 8.474196e+00 4.481197e+00 5.519825e+00 3.567925e+00 4.156775e+00 3.949931e+00 2.759512e+00 2.128930e+00 -9.999000e+03 -9.999000e+03 -9.999000e+03 -9.999000e+03 -9.999000e+03 -9.999000e+03 -9.999000e+03 -9.999000e+03 -9.999000e+03 -9.999000e+03 -9.999000e+03 -9.999000e+03 -9.999000e+03 -9.999000e+03 -9.999000e+03 -9.999000e+03 -9.999000e+03 -9.999000e+03
6.808042e+00 7.575282e+00 7.834491e+00 7.619925e+00 7.474723e+00 7.384576e+00 7.225832e+00 6.987667e+00 6.868227e+00 6.871043e+00 6.816469e+00 6.738948e+00 6.544611e+00 6.120392e+00 5.565833e+00 4.990684e+00 9.350655e+00 4.225866e+00 4.494951e+00 4.864542e+00 5.188715e+00 5.425991e+00 5.454453e+00 5.333574e+00 4.571145e+00 4.399162e+00 2.815802e+00 7.470913e+00 3.686531e+00 4.982076e+00 4.916839e+00 4.172416e+00 3.778313e+00 3.172303e+00 1.948444e+00 -9.999000e+03 -9.999000e+03 -9.999000e+03 -9.999000e+03 -9.999000e+03 -9.999000e+03 -9.999000e+03 -9.999000e+03 -9.999000e+03 -9.999000e+03 -9.999000e+03 -9.999000e+03 -9.999000e+03 -9.999000e+03 -9.999000e+03 -9.999000e+03 -9.999000e+03
8.086858e+00 7.705099e+00 7.859692e+00 7.740690e+00 7.433313e+00 7.160106e+00 6.934916e+00 6.827714e+00 6.885579e+00 6.986581e+00 6.969807e+00 6.817714e+00 6.441163e+00 5.914986e+00 5.494639e+00 5.205022e+00 1.066000e+01 4.795007e+00 4.972972e+00 5.282367e+00 5.617350e+00 5.866912e+00 5.902506e+00 5.781550e+00 5.385454e+00 5.173062e+00 4.355781e+00 9.256927e+00 2.999215e+00 3.975522e+00 6.475341e+00 3.539268e+00 3.997657e+00 4.209630e+00 3.674788e+00 2.544503e+00 2.065950e+00 2.024813e+00 -9.999000e+03 -9.999000e+03 -9.999000e+03 -9.999000e+03 -9.999000e+03 -9.999000e+03 -9.999000e+03 -9.999000e+03 -9.999000e+03 -9.999000e+03 -9.999000e+03 -9.999000e+03 -9.999000e+03 -9.999000e+03
7.199897e+00 8.227561e+00 7.874875e+00 7.605178e+00 7.241541e+00 6.931272e+00 6.783350e+00 6.869339e+00 7.021084e+00 7.100039e+00 7.030262e+00 6.767776e+00 6.362823e+00 5.948547e+00 5.645113e+00 5.426773e+00 1.066000e+01 5.005850e+00 5.132299e+00 5.403184e+00 5.693954e+00 5.910060e+00 5.955354e+00 5.906875e+00 5.785065e+00 5.734387e+00 5.443673e+00 1.045187e+01 4.534924e+00 4.266225e+00 6.518260e+00 3.533133e+00 3.999630e+00 4.475366e+00 4.436950e+00 3.764740e+00 3.052081e+00 2.202417e+00 2.641597e+00 1.974778e+00 -9.999000e+03 -9.999000e+03 -9.999000e+03 -9.999000e+03 -9.999000e+03 -9.999000e+03 -9.999000e+03 -9.999000e+03 -9.999000e+03 -9.999000e+03 -9.999000e+03 -9.999000e+03
8.087260e+00 5.441882e+00 7.825159e+00 7.285675e+00 6.951973e+00 6.831874e+00 6.880670e+00 7.060421e+00 7.155848e+00 7.124176e+00 6.989888e+00 6.734094e+00 6.466376e+00 6.225228e+00 5.928750e+00 5.524300e+00 1.066000e+01 4.803640e+00 4.936563e+00 5.188244e+00 5.381434e+00 5.531253e+00 5.604791e+00 5.692564e+00 5.841311e+00 6.020712e+00 6.065733e+00 1.066000e+01 5.588241e+00 5.252714e+00 7.647323e+00 4.247998e+00 4.012827e+00 4.003662e+00 4.073616e+00 3.905592e+00 2.638129e+00 2.347763e+00 2.711191e+00 2.704856e+00 2.403417e+00 9.848386e-01 -9.999000e+03 -9.999000e+03 -9.999000e+03 -9.999000e+03 -9.999000e+03 -9.999000e+03 -9.999000e+03 -9.999000e+03 -9.999000e+03 -9.999000e+03
8.338075e+00 6.897167e+00 7.546717e+00 7.066289e+00 4.565501e+00 6.844664e+00 6.955214e+00 7.148073e+00 7.246126e+00 7.205181e+00 7.059934e+00 6.814376e+00 6.566484e+00 6.299323e+00 5.899196e+00 5.380260e+00 1.066000e+01 4.812446e+00 5.031834e+00 5.306464e+00 5.476858e+00 5.583960e+00 5.622071e+00 5.704826e+00 5.924738e+00 6.232565e+00 6.462191e+00 1.066000e+01 6.197944e+00 5.901659e+00 7.997595e+00 4.788782e+00 4.186945e+00 3.859241e+00 3.799026e+00 3.797741e+00 3.321252e+00 3.057657e+00 2.328305e+00 2.931292e+00 0.000000e+00 1.677200e+00 7.000878e-01 5.245550e-01 -9.999000e+03 -9.999000e+03 -9.999000e+03 -9.999000e+03 -9.999000e+03 -9.999000e+03 -9.999000e+03 -9.999000e+03
8.137143e+00 7.261008e+00 7.277599e+00 7.006030e+00 4.649029e+00 5.960427e+00 6.915818e+00 7.165815e+00 7.386512e+00 7.397903e+00 7.243075e+00 6.939146e+00 6.554232e+00 6.063729e+00 5.510377e+00 5.075001e+00 4.971192e+00 1.066000e+01 5.475302e+00 5.825712e+00 6.051683e+00 6.121974e+00 6.046345e+00 5.982195e+00 6.084297e+00 6.392059e+00 6.677398e+00 1.066000e+01 6.401845e+00 6.113283e+00 7.713178e+00 5.163441e+00 4.606401e+00 4.159595e+00 3.815284e+00 3.631499e+00 3.414450e+00 3.333752e+00 3.075642e+00 0.000000e+00 0.000000e+00 3.597835e+00 2.091299e+00 9.103326e-01 3.985444e-01 -9.999000e+03 -9.999000e+03 -9.999000e+03 -9.999000e+03 -9.999000e+03 -9.999000e+03 -9.999000e+03
7.481147e+00 6.969363e+00 6.919959e+00 6.898493e+00 6.026713e+00 4.679033e+00 6.633277e+00 7.271115e+00 7.434828e+00 7.316152e+00 7.052754e+00 6.655070e+00 6.188117e+00 5.663612e+00 5.262040e+00 5.151680e+00 5.336768e+00 5.710741e+00 1.066000e+01 6.406723e+00 6.545829e+00 6.494607e+00 6.316677e+00 6.189020e+00 6.252157e+00 6.550058e+00 6.775951e+00 1.056124e+01 6.531129e+00 6.356171e+00 7.533185e+00 5.647516e+00 5.138865e+00 4.660085e+00 3.010058e+00 2.756495e+00 3.664496e+00 3.686425e+00 0.000000e+00 0.000000e+00 2.184396e+00 3.137801e+00 1.983598e+00 1.451862e+00 1.016528e+00 3.613270e-01 -9.999000e+03 -9.999000e+03 -9.999000e+03 -9.999000e+03 -9.999000e+03 -9.999000e+03
6.418304e+00 6.272770e+00 6.473526e+00 6.716919e+00 6.572886e+00 6.141069e+00 4.886249e+00 7.255445e+00 7.219842e+00 6.833181e+00 6.407658e+00 5.926114e+00 5.516066e+00 5.269870e+00 5.329571e+00 5.648653e+00 6.058489e+00 6.508094e+00 1.066000e+01 6.984969e+00 6.893021e+00 6.656402e+00 6.407559e+00 6.313543e+00 6.430933e+00 6.689596e+00 6.752612e+00 9.925023e+00 6.608866e+00 6.633719e+00 7.395537e+00 6.242512e+00 5.769448e+00 3.797537e+00 3.412598e+00 3.098411e+00 4.244648e+00 0.000000e+00 0.000000e+00 2.879553e+00 2.866026e+00 3.060398e+00 1.751263e+00 1.418778e+00 1.427933e+00 1.248483e+00 1.057337e+00 -9.999000e+03 -9.999000e+03 -9.999000e+03 -9.999000e+03 -9.999000e+03
5.028502e+00 5.256004e+00 5.670847e+00 6.062222e+00 4.310918e+00 6.610265e+00 6.662682e+00 6.136822e+00 6.811756e+00 6.511788e+00 6.162799e+00 5.795314e+00 5.584509e+00 5.598619e+00 5.844472e+00 6.238323e+00 6.610039e+00 6.927477e+00 1.066000e+01 6.992393e+00 6.800452e+00 6.575105e+00 6.418716e+00 6.434747e+00 6.601161e+00 6.769000e+00 6.648903e+00 9.140448e+00 6.422375e+00 6.518020e+00 6.765040e+00 6.414622e+00 4.215883e+00 4.058583e+00 3.744848e+00 3.435439e+00 0.000000e+00 0.000000e+00 3.505066e+00 3.729507e+00 3.385583e+00 3.251103e+00 1.696646e+00 1.404237e+00 1.780938e+00 1.880159e+00 1.861660e+00 1.216040e+00 3.795424e-01 -9.999000e+03 -9.999000e+03 -9.999000e+03
3.497797e+00 4.048401e+00 4.517673e+00 4.943858e+00 5.404722e+00 5.106333e+00 6.212340e+00 6.352311e+00 6.221922e+00 6.566797e+00 6.527956e+00 6.458231e+00 6.481773e+00 6.554653e+00 6.651647e+00 6.785394e+00 6.857962e+00 6.837608e+00 6.637938e+00 1.066000e+01 6.270224e+00 6.259511e+00 6.360976e+00 6.559809e+00 6.756070e+00 6.784024e+00 6.466975e+00 8.216628e+00 5.975937e+00 5.996432e+00 6.117356e+00 4.184154e+00 4.098184e+00 4.057884e+00 0.000000e+00 0.000000e+00 0.000000e+00 3.639959e+00 4.520616e+00 4.256277e+00 3.880769e+00 2.660459e+00 2.366753e+00 2.405795e+00 2.222735e+00 1.961099e+00 1.773912e+00 1.403781e+00 1.228198e+00 5.758751e-01 -9.999000e+03 -9.999000e+03
1.079000e+01 1.079000e+01 4.024533e+00 4.500421e+00 4.827378e+00 5.408689e+00 5.631342e+00 6.271781e+00 6.570368e+00 6.741529e+00 7.017393e+00 7.161354e+00 7.304627e+00 7.359808e+00 7.320631e+00 7.206403e+00 6.972079e+00 6.646244e+00 6.224528e+00 1.079000e+01 5.656321e+00 5.713911e+00 5.973925e+00 6.297891e+00 6.489334e+00 6.388713e+00 5.964874e+00 7.143419e+00 5.527119e+00 5.557977e+00 5.758073e+00 4.119491e+00 4.108225e+00 0.000000e+00 0.000000e+00 4.603121e+00 3.933754e+00 4.789404e+00 5.027429e+00 4.694585e+00 3.165328e+00 2.988277e+00 2.770108e+00 3.118545e+00 2.696081e+00 2.325941e+00 1.658334e+00 1.683040e+00 1.701187e+00 2.530600e+00 1.146948e+00 5.940545e-01
6.448555e+00 6.116832e+00 1.079000e+01 4.401118e+00 4.863786e+00 5.650125e+00 6.302452e+00 6.654956e+00 7.160265e+00 7.474667e+00 7.692263e+00 7.968113e+00 8.133319e+00 8.163644e+00 8.050575e+00 7.720729e+00 7.197475e+00 6.624981e+00 6.037732e+00 5.492309e+00 1.079000e+01 5.134476e+00 5.445152e+00 5.813933e+00 5.757678e+00 5.553453e+00 5.137178e+00 5.927289e+00 5.060515e+00 5.223689e+00 5.539374e+00 4.151231e+00 0.000000e+00 0.000000e+00 4.510751e+00 5.493835e+00 4.993246e+00 5.323817e+00 5.363300e+00 3.638694e+00 3.430462e+00 3.194184e+00 2.957788e+00 2.665489e+00 3.180595e+00 2.972618e+00 2.251228e+00 2.689642e+00 2.583121e+00 2.900952e+00 1.679679e+00 2.500706e+00
3.656816e+00 4.807013e+00 5.140731e+00 1.079000e+01 1.079000e+01 1.079000e+01 1.079000e+01 6.442745e+00 6.564671e+00 6.724989e+00 6.864241e+00 7.025659e+00 7.078372e+00 6.982429e+00 9.256580e+00 6.427871e+00 6.000933e+00 5.617924e+00 5.230813e+00 4.865470e+00 3.310086e+00 1.079000e+01 7.118500e+00 5.424254e+00 5.335145e+00 4.999778e+00 4.502032e+00 4.991923e+00 4.808538e+00 5.122056e+00 5.504218e+00 0.000000e+00 0.000000e+00 4.147873e+00 5.578141e+00 5.741584e+00 5.433111e+00 5.546427e+00 5.534169e+00 3.799830e+00 3.627464e+00 3.369763e+00 3.127424e+00 2.860312e+00 3.514418e+00 3.306802e+00 3.036625e+00 3.186881e+00 3.088307e+00 3.161948e+00 2.605879e+00 3.000248e+00
5.787609e+00 6.313229e+00 6.223401e+00 5.395466e+00 5.252641e+00 5.888988e+00 6.102024e+00 1.079000e+01 1.079000e+01 1.079000e+01 1.079000e+01 1.079000e+01 1.079000e+01 1.079000e+01 1.079000e+01 1.079000e+01 1.079000e+01 4.109604e+00 4.320345e+00 4.484028e+00 4.756274e+00 4.643613e+00 1.079000e+01 5.321947e+00 4.832750e+00 4.380351e+00 4.264499e+00 4.318187e+00 4.822406e+00 5.283621e+00 0.000000e+00 0.000000e+00 4.390825e+00 4.243224e+00 6.019535e+00 5.912566e+00 5.649389e+00 5.613815e+00 5.568008e+00 3.854016e+00 3.737730e+00 3.500987e+00 3.277292e+00 3.025517e+00 2.742302e+00 2.483773e+00 3.085444e+00 3.126328e+00 3.204936e+00 3.388151e+00 3.312206e+00 3.398866e+00
5.860488e+00 6.645105e+00 6.600715e+00 1.079000e+01 1.079000e+01 1.079000e+01 1.079000e+01 1.079000e+01 1.079000e+01 1.079000e+01 1.079000e+01 1.079000e+01 1.079000e+01 1.079000e+01 1.079000e+01 1.079000e+01 1.079000e+01 1.079000e+01 1.079000e+01 3.701606e+00 4.090975e+00 4.727487e+00 1.079000e+01 4.709015e+00 4.269140e+00 3.978074e+00 4.013317e+00 4.472845e+00 4.939090e+00 0.000000e+00 0.000000e+00 4.374840e+00 4.450800e+00 4.303307e+00 6.206665e+00 6.059913e+00 5.829487e+00 5.767998e+00 3.985100e+00 3.988280e+00 3.894779e+00 3.656884e+00 3.417901e+00 3.183600e+00 2.925430e+00 2.636709e+00 2.398962e+00 3.106129e+00 3.189792e+00 3.392174e+00 3.504508e+00 3.507447e+00
6.295147e+00 1.066000e+01 1.066000e+01 6.347149e+00 6.649497e+00 7.335927e+00 7.718804e+00 7.769557e+00 7.722251e+00 7.581390e+00 7.373638e+00 7.305410e+00 6.955777e+00 6.506892e+00 6.015284e+00 5.555724e+00 7.185023e+00 8.101277e+00 6.963326e+00 1.079000e+01 1.079000e+01 1.079000e+01 1.079000e+01 1.079000e+01 3.666437e+00 3.780707e+00 3.998716e+00 4.646715e+00 0.000000e+00 0.000000e+00 4.197267e+00 5.690525e+00 4.484877e+00 4.329227e+00 6.299582e+00 6.201244e+00 6.031226e+00 6.019870e+00 4.184555e+00 4.200561e+00 4.117628e+00 3.870053e+00 3.568430e+00 3.308603e+00 3.130987e+00 2.922808e+00 2.637812e+00 3.238550e+00 3.144616e+00 3.158695e+00 3.184504e+00 3.229172e+00
1.066000e+01 5.959679e+00 6.374333e+00 6.694437e+00 7.242645e+00 7.985882e+00 8.466434e+00 8.672446e+00 8.791619e+00 8.790414e+00 8.656157e+00 8.421195e+00 8.114212e+00 7.741165e+00 7.311916e+00 7.093592e+00 6.663488e+00 8.680990e+00 7.714367e+00 8.078594e+00 8.924441e+00 1.079000e+01 8.445820e+00 1.079000e+01 1.079000e+01 3.063327e+00 3.736737e+00 3.387582e+00 0.000000e+00 4.445596e+00 5.218515e+00 6.217021e+00 4.573587e+00 5.707376e+00 6.429599e+00 6.309647e+00 6.186334e+00 6.236456e+00 4.345286e+00 4.358542e+00 4.264184e+00 4.036373e+00 3.716311e+00 3.393036e+00 3.238965e+00 3.132700e+00 2.894971e+00 2.625046e+00 3.333574e+00 3.218558e+00 3.141635e+00 3.155253e+00
5.327270e+00 5.761490e+00 6.104157e+00 6.294125e+00 6.649887e+00 7.281711e+00 7.798901e+00 8.140927e+00 8.477882e+00 8.710413e+00 8.742107e+00 8.673083e+00 8.616823e+00 8.554441e+00 8.403615e+00 8.191732e+00 1.066000e+01 7.652159e+00 7.228761e+00 6.251414e+00 5.760308e+00 0.000000e+00 0.000000e+00 0.000000e+00 1.079000e+01 1.079000e+01 3.324129e+00 0.000000e+00 0.000000e+00 4.639397e+00 5.342960e+00 6.243918e+00 4.691456e+00 6.567145e+00 6.634744e+00 6.384592e+00 6.284391e+00 4.383617e+00 4.476530e+00 4.500502e+00 4.363248e+00 4.123094e+00 3.822830e+00 3.463307e+00 3.277210e+00 3.238329e+00 3.124127e+00 2.931798e+00 3.761692e+00 3.592495e+00 3.444310e+00 3.339959e+00
5.190949e+00 5.566804e+00 5.787388e+00 5.845161e+00 6.026215e+00 6.483069e+00 6.907570e+00 7.224689e+00 7.647674e+00 8.099790e+00 8.344413e+00 8.431699e+00 8.557441e+00 8.723408e+00 8.797904e+00 1.066000e+01 8.811796e+00 8.795635e+00 8.464952e+00 7.765665e+00 7.400948e+00 7.280389e+00 6.759912e+00 0.000000e+00 0.000000e+00 0.000000e+00 1.079000e+01 0.000000e+00 2.762591e+00 3.798841e+00 4.650328e+00 5.851588e+00 5.633940e+00 6.595125e+00 6.627664e+00 6.478929e+00 6.444174e+00 4.475444e+00 4.561084e+00 4.638769e+00 4.523478e+00 4.242297e+00 3.917243e+00 3.535797e+00 3.314767e+00 3.268142e+00 3.212579e+00 3.876239e+00 4.071785e+00 3.885638e+00 3.701850e+00 3.599995e+00
4.926651e+00 5.128563e+00 5.270575e+00 5.300008e+00 5.385408e+00 5.657771e+00 5.900182e+00 6.056649e+00 6.422615e+00 7.016629e+00 7.481885e+00 7.752553e+00 8.020956e+00 8.325369e+00 1.066000e+01 8.718700e+00 8.970565e+00 9.266015e+00 9.331523e+00 9.129992e+00 8.824337e+00 8.688633e+00 7.981233e+00 6.896979e+00 6.126143e+00 0.000000e+00 0.000000e+00 0.000000e+00 3.820666e+00 2.855429e+00 5.011308e+00 4.777577e+00 5.084357e+00 5.778078e+00 6.270520e+00 6.551377e+00 6.681981e+00 4.607246e+00 4.633943e+00 4.726801e+00 4.678156e+00 4.408905e+00 4.038232e+00 3.607957e+00 3.348508e+00 3.255766e+00 3.191966e+00 4.211030e+00 4.225368e+00 4.071512e+00 3.879709e+00 3.897480e+00
4.603203e+00 4.696061e+00 4.835359e+00 4.940936e+00 5.012621e+00 5.151585e+00 5.257679e+00 5.261435e+00 5.477485e+00 5.980157e+00 6.472373e+00 6.860569e+00 7.183445e+00 1.066000e+01 7.821172e+00 8.044206e+00 8.402540e+00 8.894865e+00 9.215961e+00 9.256240e+00 9.279148e+00 9.217223e+00 8.754739e+00 7.619558e+00 7.071873e+00 9.404292e+00 0.000000e+00 0.000000e+00 0.000000e+00 0.000000e+00 5.019702e+00 3.704768e+00 4.754403e+00 5.421333e+00 6.064984e+00 6.485645e+00 6.744742e+00 4.716528e+00 4.772765e+00 4.827536e+00 4.800697e+00 4.599281e+00 4.253088e+00 3.809724e+00 3.518094e+00 3.369972e+00 3.262976e+00 4.388103e+00 4.336770e+00 4.287287e+00 4.215019e+00 4.347875e+00
4.133809e+00 4.200926e+00 4.419294e+00 4.695236e+00 4.826996e+00 4.886258e+00 4.891661e+00 4.842998e+00 4.858649e+00 5.080430e+00 5.480247e+00 5.855524e+00 1.063979e+01 6.450459e+00 6.680191e+00 6.829678e+00 7.252357e+00 7.949883e+00 8.238292e+00 8.389844e+00 8.647668e+00 8.990571e+00 8.682607e+00 7.803378e+00 7.249423e+00 0.000000e+00 0.000000e+00 5.367596e+00 5.619554e+00 0.000000e+00 0.000000e+00 0.000000e+00 4.758029e+00 5.998364e+00 6.186470e+00 6.325041e+00 6.604872e+00 4.759748e+00 4.919232e+00 4.947018e+00 4.912302e+00 4.775643e+00 4.513927e+00 4.130338e+00 3.831644e+00 3.623213e+00 3.442496e+00 4.565657e+00 4.417355e+00 4.497374e+00 4.715720e+00 4.981392e+00
