tests/data/reference/test_implicit_stream_rill_mfda/mrsearstr_pa.asc
ncols	123
nrows	77
xllcorner	-713746.79929998
yllcorner	-1061022.36961616
cellsize	10.0
NODATA_value	-9999
[rows 46 to 68 of 77, columns 52 to 103 of 123]
3.799222e+00 3.701522e+00 3.883005e+00 4.286790e+00 4.492695e+00 4.347293e+00 4.391415e+00 4.447949e+00 4.440969e+00 4.609168e+00 4.770317e+00 9.540962e+00 5.443875e+00 5.496937e+00 5.450287e+00 5.549435e+00 6.211388e+00 6.678233e+00 7.134333e+00 7.286892e+00 7.642581e+00 8.214424e+00 8.237793e+00 7.520154e+00 7.508964e+00 0.000000e+00 5.455560e+00 4.597617e+00 5.598290e+00 6.021091e+00 5.620900e+00 0.000000e+00 0.000000e+00 0.000000e+00 5.712494e+00 5.739444e+00 6.172201e+00 4.581979e+00 4.870487e+00 4.921497e+00 4.878613e+00 4.757862e+00 4.575108e+00 4.301916e+00 4.066852e+00 3.868889e+00 3.670234e+00 4.935251e+00 4.700706e+00 4.765363e+00 5.105361e+00 5.414460e+00
3.663824e+00 3.309447e+00 3.348344e+00 3.806517e+00 3.662072e+00 3.637778e+00 3.699296e+00 3.871387e+00 4.400308e+00 4.226903e+00 8.846463e+00 4.850494e+00 4.815510e+00 4.393648e+00 4.351520e+00 4.864744e+00 4.636476e+00 5.349392e+00 5.809399e+00 5.950302e+00 6.311620e+00 6.930360e+00 7.244888e+00 8.191581e+00 5.194144e+00 0.000000e+00 5.595017e+00 5.134729e+00 6.048602e+00 6.730617e+00 6.758185e+00 6.266974e+00 5.061886e+00 0.000000e+00 0.000000e+00 4.596171e+00 5.379671e+00 4.281029e+00 4.741871e+00 4.889416e+00 4.847139e+00 4.692298e+00 4.565219e+00 4.419754e+00 4.303803e+00 4.184482e+00 4.018801e+00 5.498348e+00 5.204471e+00 5.147672e+00 5.381124e+00 5.611778e+00
3.783876e+00 3.281434e+00 3.183157e+00 2.575205e+00 2.726164e+00 2.701497e+00 2.734638e+00 3.934084e+00 3.678069e+00 8.625934e+00 4.338966e+00 4.180850e+00 3.381008e+00 3.276992e+00 4.520937e+00 3.167929e+00 3.352595e+00 3.795749e+00 4.059986e+00 4.128088e+00 4.368449e+00 4.798404e+00 7.703256e+00 7.164269e+00 7.936004e+00 0.000000e+00 6.029159e+00 7.755073e+00 7.499401e+00 7.836626e+00 7.770948e+00 7.201274e+00 5.731996e+00 2.339728e+00 0.000000e+00 4.017395e+00 4.717210e+00 3.940157e+00 4.516880e+00 4.808177e+00 4.823437e+00 4.649271e+00 4.555656e+00 4.502150e+00 4.489773e+00 4.449862e+00 4.314913e+00 6.037517e+00 5.766501e+00 5.619616e+00 5.664923e+00 5.713693e+00
4.051780e+00 3.543826e+00 2.362903e+00 3.110938e+00 3.454841e+00 3.530229e+00 3.554708e+00 2.601394e+00 8.205110e+00 3.967688e+00 3.032194e+00 3.244656e+00 4.182975e+00 4.412401e+00 3.172760e+00 3.998049e+00 4.519331e+00 5.101250e+00 5.430646e+00 5.500685e+00 5.707152e+00 6.110544e+00 4.656736e+00 5.326567e+00 9.757854e+00 0.000000e+00 7.390149e+00 7.183466e+00 7.697730e+00 8.269573e+00 8.371604e+00 7.912186e+00 6.682053e+00 4.692696e+00 0.000000e+00 0.000000e+00 4.310279e+00 3.616734e+00 4.218443e+00 4.637897e+00 4.765726e+00 4.645415e+00 4.580851e+00 4.573519e+00 4.639800e+00 4.673333e+00 4.558619e+00 6.517749e+00 6.364332e+00 6.168857e+00 5.948205e+00 5.717176e+00
4.326060e+00 6.387564e+00 5.666960e+00 5.225552e+00 4.865067e+00 4.508075e+00 4.088829e+00 7.876519e+00 3.589936e+00 2.821869e+00 3.755643e+00 4.265933e+00 4.492405e+00 4.491011e+00 4.522652e+00 4.622181e+00 4.872474e+00 5.299541e+00 5.544712e+00 5.574714e+00 5.592820e+00 5.616814e+00 6.086113e+00 7.067440e+00 7.587168e+00 0.000000e+00 6.481114e+00 5.369636e+00 7.274384e+00 8.370411e+00 8.785335e+00 8.631650e+00 7.611325e+00 8.060218e+00 4.156378e+00 0.000000e+00 4.243318e+00 3.409474e+00 3.982265e+00 4.445733e+00 4.649620e+00 4.614242e+00 4.598201e+00 4.602850e+00 6.046462e+00 6.195824e+00 4.771779e+00 6.945330e+00 6.824150e+00 6.611862e+00 6.291347e+00 5.919368e+00
7.751438e+00 4.490717e+00 5.519352e+00 5.218475e+00 5.987215e+00 7.426608e+00 7.874968e+00 3.540420e+00 3.666886e+00 4.045926e+00 4.257287e+00 4.287917e+00 4.333801e+00 4.373684e+00 4.478804e+00 4.664323e+00 6.471366e+00 6.467320e+00 6.250987e+00 6.132519e+00 5.878893e+00 5.369299e+00 5.429997e+00 6.151444e+00 6.763346e+00 0.000000e+00 5.210233e+00 7.233721e+00 8.430007e+00 9.295272e+00 9.542628e+00 9.306393e+00 8.320603e+00 6.603220e+00 6.395571e+00 0.000000e+00 0.000000e+00 3.466957e+00 3.852348e+00 4.296578e+00 4.523927e+00 4.557376e+00 4.606034e+00 4.610721e+00 6.595537e+00 6.839070e+00 4.934003e+00 7.354582e+00 7.146982e+00 6.922708e+00 6.708549e+00 6.370089e+00
4.905527e+00 4.849606e+00 3.139539e+00 4.008735e+00 4.429064e+00 3.822402e+00 3.816416e+00 3.728291e+00 3.908455e+00 4.378090e+00 4.522411e+00 4.286498e+00 4.171576e+00 4.195593e+00 4.298022e+00 4.478097e+00 3.472348e+00 4.989600e+00 5.904890e+00 6.409937e+00 6.164165e+00 5.165876e+00 4.921648e+00 5.523223e+00 4.323757e+00 0.000000e+00 7.034936e+00 8.431072e+00 9.335481e+00 1.002489e+01 1.022993e+01 9.722323e+00 8.788498e+00 7.488300e+00 5.581767e+00 5.426115e+00 0.000000e+00 4.550734e+00 3.852757e+00 4.165530e+00 4.330557e+00 4.370308e+00 4.488381e+00 5.910311e+00 6.866239e+00 7.138461e+00 6.491524e+00 7.676716e+00 7.497309e+00 7.250833e+00 7.058192e+00 6.828299e+00
4.987398e+00 5.100641e+00 4.773661e+00 5.080916e+00 3.778708e+00 3.859528e+00 3.921773e+00 3.926528e+00 4.201058e+00 6.180624e+00 5.769034e+00 4.943114e+00 4.335611e+00 4.126503e+00 4.115700e+00 4.263022e+00 4.710504e+00 5.472689e+00 6.145651e+00 6.689620e+00 6.357244e+00 5.090681e+00 6.434991e+00 7.419237e+00 7.667998e+00 0.000000e+00 7.837782e+00 8.900529e+00 9.754265e+00 1.058703e+01 1.062103e+01 9.941335e+00 9.152104e+00 8.439593e+00 6.836602e+00 8.044619e+00 0.000000e+00 0.000000e+00 4.199181e+00 4.097914e+00 4.088920e+00 4.052078e+00 5.441045e+00 6.345441e+00 7.031813e+00 7.355073e+00 7.220022e+00 7.874138e+00 7.860710e+00 7.620906e+00 7.332792e+00 7.245126e+00
5.117145e+00 5.338928e+00 6.646277e+00 4.219320e+00 3.850430e+00 3.938858e+00 4.041801e+00 4.090756e+00 4.394521e+00 5.036354e+00 5.267626e+00 5.014644e+00 4.640668e+00 4.222188e+00 4.108043e+00 4.290129e+00 4.698435e+00 5.348584e+00 5.968926e+00 6.531380e+00 6.203273e+00 4.875859e+00 3.193683e+00 3.921929e+00 5.791796e+00 0.000000e+00 7.729801e+00 9.079595e+00 1.004707e+01 1.066000e+01 1.066000e+01 1.012278e+01 9.535845e+00 9.295356e+00 1.079000e+01 1.064859e+01 4.040910e+00 0.000000e+00 4.512812e+00 4.407545e+00 4.164812e+00 4.109113e+00 6.038139e+00 6.718296e+00 7.275427e+00 7.578184e+00 7.586644e+00 7.935795e+00 8.027203e+00 7.901420e+00 7.639321e+00 7.564369e+00
5.340065e+00 5.523874e+00 5.232165e+00 4.413328e+00 4.031714e+00 4.128447e+00 4.227877e+00 4.302168e+00 4.549284e+00 3.524949e+00 7.181167e+00 8.448061e+00 7.482082e+00 8.810763e+00 9.257058e+00 9.336665e+00 9.503957e+00 9.788672e+00 9.998049e+00 1.011884e+01 9.151969e+00 7.140680e+00 6.743002e+00 7.803800e+00 0.000000e+00 0.000000e+00 5.963072e+00 8.215567e+00 9.589930e+00 1.044172e+01 1.055006e+01 1.001848e+01 9.719582e+00 9.910772e+00 8.894930e+00 9.334770e+00 1.062031e+01 0.000000e+00 4.848025e+00 4.698395e+00 4.529890e+00 5.852448e+00 6.893761e+00 7.341418e+00 7.693308e+00 7.851962e+00 7.790099e+00 7.883593e+00 7.986412e+00 8.049947e+00 7.971008e+00 7.805024e+00
5.634660e+00 5.634816e+00 5.318831e+00 4.620724e+00 4.364850e+00 4.384928e+00 4.479398e+00 4.652004e+00 4.824475e+00 6.585561e+00 5.368794e+00 5.633371e+00 7.170142e+00 4.920776e+00 4.755385e+00 6.621437e+00 6.387950e+00 6.202123e+00 6.135067e+00 6.464312e+00 6.301056e+00 5.508703e+00 5.576549e+00 6.627204e+00 0.000000e+00 6.460196e+00 6.760671e+00 8.530533e+00 9.453315e+00 9.798405e+00 9.919886e+00 9.968332e+00 1.000150e+01 1.004489e+01 9.269106e+00 1.048700e+01 1.079000e+01 0.000000e+00 0.000000e+00 5.317666e+00 6.795268e+00 7.213225e+00 7.678096e+00 7.867517e+00 8.001000e+00 8.057066e+00 7.964940e+00 7.879291e+00 7.851993e+00 7.907103e+00 7.903607e+00 7.679889e+00
5.994135e+00 5.559026e+00 5.141425e+00 5.061072e+00 4.790416e+00 4.663576e+00 4.754880e+00 4.989584e+00 5.134761e+00 5.172451e+00 5.367766e+00 5.709786e+00 5.702039e+00 5.257579e+00 5.138573e+00 5.448367e+00 7.538323e+00 9.332716e+00 1.066000e+01 1.066000e+01 1.048931e+01 9.473757e+00 9.099784e+00 9.344465e+00 0.000000e+00 6.593142e+00 6.730585e+00 8.204255e+00 8.814186e+00 8.909813e+00 9.249637e+00 9.928624e+00 1.027757e+01 1.030071e+01 9.865139e+00 8.690176e+00 1.079000e+01 1.079000e+01 0.000000e+00 8.238951e+00 8.867591e+00 8.474115e+00 8.409350e+00 8.286931e+00 8.170145e+00 8.161950e+00 8.136250e+00 7.951492e+00 7.662585e+00 7.486804e+00 7.407872e+00 7.163963e+00
5.889970e+00 4.693466e+00 5.051934e+00 5.129314e+00 4.907281e+00 4.828830e+00 4.846893e+00 5.090195e+00 5.245396e+00 5.253811e+00 5.372841e+00 5.677604e+00 5.739425e+00 5.491921e+00 5.438132e+00 5.690942e+00 6.005114e+00 6.338224e+00 6.667456e+00 9.185137e+00 8.654302e+00 8.047948e+00 7.649986e+00 7.817525e+00 0.000000e+00 6.668981e+00 6.635175e+00 7.852029e+00 8.316354e+00 8.411810e+00 1.066000e+01 1.066000e+01 1.066000e+01 1.066000e+01 1.066000e+01 1.079000e+01 1.079000e+01 1.079000e+01 0.000000e+00 0.000000e+00 9.615021e+00 9.230954e+00 8.762518e+00 8.455835e+00 8.216074e+00 8.130286e+00 8.093724e+00 7.905314e+00 7.536555e+00 7.260006e+00 7.173638e+00 6.932976e+00
4.147194e+00 4.708907e+00 4.580112e+00 4.632361e+00 4.894244e+00 4.744368e+00 4.757943e+00 4.934848e+00 5.123409e+00 5.237419e+00 5.398738e+00 5.520480e+00 5.637716e+00 5.632584e+00 5.628757e+00 5.789819e+00 6.075800e+00 6.442176e+00 6.841274e+00 7.241341e+00 9.886269e+00 1.040447e+01 1.066000e+01 1.066000e+01 0.000000e+00 6.555747e+00 8.086498e+00 1.066000e+01 1.066000e+01 1.066000e+01 8.772719e+00 1.066000e+01 1.066000e+01 1.015025e+01 1.051539e+01 1.066000e+01 1.079000e+01 1.079000e+01 1.079000e+01 0.000000e+00 0.000000e+00 9.144259e+00 8.889328e+00 8.344083e+00 8.121713e+00 7.976870e+00 7.843949e+00 7.698235e+00 7.437263e+00 7.239524e+00 7.247925e+00 7.069465e+00
5.051460e+00 4.441812e+00 3.582893e+00 4.473951e+00 4.554857e+00 4.564580e+00 4.550792e+00 4.589952e+00 4.785694e+00 5.264546e+00 5.326901e+00 5.352214e+00 5.568211e+00 5.734628e+00 5.839782e+00 5.961140e+00 6.179684e+00 6.517813e+00 6.919464e+00 7.340096e+00 5.027967e+00 5.041222e+00 7.861325e+00 5.724501e+00 0.000000e+00 6.324230e+00 8.044406e+00 9.055340e+00 8.772805e+00 8.049788e+00 7.532725e+00 8.142355e+00 8.665584e+00 9.005325e+00 9.541717e+00 1.031392e+01 1.008127e+01 9.788546e+00 7.361558e+00 1.079000e+01 0.000000e+00 0.000000e+00 8.006674e+00 7.735732e+00 7.791766e+00 7.797937e+00 7.700286e+00 7.627219e+00 7.453750e+00 7.194946e+00 7.041029e+00 6.868806e+00
5.232646e+00 2.782917e+00 3.583647e+00 3.644207e+00 3.990472e+00 4.116285e+00 4.100748e+00 4.003316e+00 4.663637e+00 4.903858e+00 5.122911e+00 5.318513e+00 5.409948e+00 5.720243e+00 6.029792e+00 6.154324e+00 6.381600e+00 6.694967e+00 6.945516e+00 4.955512e+00 6.476060e+00 6.952085e+00 5.078351e+00 7.278692e+00 0.000000e+00 8.572002e+00 9.159048e+00 8.800044e+00 7.046235e+00 5.462813e+00 5.604517e+00 5.877618e+00 6.201650e+00 6.525436e+00 6.979646e+00 7.600743e+00 1.066000e+01 1.066000e+01 1.079000e+01 9.200259e+00 1.079000e+01 0.000000e+00 5.924954e+00 6.719889e+00 7.166685e+00 7.557892e+00 7.651233e+00 7.690149e+00 7.619093e+00 7.178488e+00 6.658123e+00 4.410971e+00
4.835237e+00 3.787469e+00 2.379534e+00 2.681020e+00 2.933087e+00 3.100357e+00 3.088670e+00 4.106264e+00 3.780990e+00 4.188751e+00 4.922546e+00 4.806841e+00 4.972785e+00 5.499165e+00 5.786459e+00 6.050899e+00 6.371324e+00 6.584561e+00 4.872985e+00 6.521164e+00 7.191071e+00 7.174603e+00 7.496894e+00 8.344514e+00 0.000000e+00 8.502051e+00 8.923113e+00 5.473502e+00 5.339356e+00 6.975913e+00 7.811697e+00 8.320103e+00 8.872123e+00 9.558492e+00 1.036691e+01 1.066000e+01 7.556786e+00 7.734662e+00 9.387778e+00 8.263048e+00 5.546061e+00 0.000000e+00 0.000000e+00 5.684006e+00 6.541913e+00 7.187281e+00 7.375112e+00 7.371270e+00 7.322070e+00 6.802367e+00 4.222257e+00 7.195774e+00
4.345361e+00 3.677577e+00 3.339421e+00 3.481126e+00 3.703731e+00 3.964258e+00 3.986960e+00 2.664857e+00 2.699937e+00 4.086457e+00 3.902475e+00 3.965062e+00 4.588799e+00 4.791736e+00 5.225508e+00 5.663110e+00 5.635994e+00 4.750442e+00 6.432756e+00 7.288053e+00 7.569909e+00 7.394458e+00 7.517847e+00 8.084166e+00 0.000000e+00 8.196703e+00 8.724354e+00 8.715052e+00 8.540504e+00 8.398444e+00 8.290329e+00 8.198436e+00 8.381022e+00 8.867287e+00 9.563450e+00 1.044249e+01 1.066000e+01 1.066000e+01 1.066000e+01 1.066000e+01 1.079000e+01 9.898058e+00 0.000000e+00 0.000000e+00 6.242112e+00 6.720282e+00 4.524100e+00 6.685013e+00 6.576581e+00 4.159033e+00 6.501434e+00 7.645596e+00
3.727701e+00 3.533480e+00 3.418658e+00 3.439127e+00 3.519982e+00 3.654119e+00 3.632242e+00 3.417744e+00 3.397438e+00 2.637866e+00 2.756190e+00 3.838461e+00 3.652368e+00 3.928661e+00 4.390263e+00 3.971358e+00 4.384001e+00 6.152743e+00 7.139093e+00 7.588605e+00 7.715485e+00 7.576438e+00 7.592781e+00 7.848337e+00 0.000000e+00 8.042087e+00 8.803327e+00 9.155764e+00 9.109284e+00 8.796617e+00 8.487275e+00 8.174359e+00 8.081115e+00 8.237583e+00 8.741145e+00 9.599160e+00 1.034843e+01 1.066000e+01 7.083114e+00 6.952271e+00 8.045986e+00 6.847629e+00 1.079000e+01 0.000000e+00 5.690809e+00 6.317789e+00 4.364141e+00 4.174310e+00 4.087672e+00 4.340640e+00 7.144737e+00 7.662987e+00
3.076969e+00 3.300086e+00 3.456126e+00 3.530817e+00 3.549715e+00 3.504197e+00 3.410284e+00 3.277565e+00 3.204342e+00 3.207417e+00 3.277526e+00 2.483584e+00 2.628685e+00 2.821160e+00 3.208095e+00 4.788340e+00 5.962971e+00 6.893503e+00 7.430230e+00 7.591745e+00 7.590509e+00 7.465131e+00 9.983922e+00 1.064957e+01 0.000000e+00 8.791575e+00 9.348755e+00 9.841525e+00 9.839216e+00 9.374767e+00 8.881720e+00 8.364919e+00 8.022308e+00 7.864204e+00 8.066659e+00 8.687180e+00 9.393049e+00 1.009380e+01 1.066000e+01 1.066000e+01 1.066000e+01 9.755752e+00 7.743245e+00 0.000000e+00 0.000000e+00 5.482109e+00 4.264806e+00 4.252887e+00 4.200726e+00 7.174475e+00 7.790800e+00 7.850625e+00
2.095640e+00 2.926908e+00 3.430305e+00 3.708268e+00 3.751745e+00 3.544514e+00 3.390084e+00 3.352465e+00 3.214180e+00 2.921743e+00 2.824274e+00 2.992184e+00 3.302672e+00 3.723777e+00 4.354803e+00 5.213522e+00 6.055397e+00 6.859561e+00 7.290030e+00 7.315502e+00 7.187630e+00 6.950487e+00 4.746869e+00 0.000000e+00 0.000000e+00 6.957333e+00 8.577066e+00 9.778349e+00 1.018355e+01 9.892873e+00 9.387376e+00 8.723443e+00 8.176882e+00 7.760669e+00 7.600463e+00 7.747368e+00 8.328677e+00 9.286666e+00 1.012022e+01 1.066000e+01 1.066000e+01 1.066000e+01 9.619013e+00 7.603905e+00 0.000000e+00 0.000000e+00 5.164772e+00 4.462329e+00 4.727469e+00 5.102871e+00 5.430636e+00 7.239929e+00
-9.999000e+03 -9.999000e+03 -9.999000e+03 -9.999000e+03 -9.999000e+03 -9.999000e+03 -9.999000e+03 2.578419e+00 2.448360e+00 2.104418e+00 1.961276e+00 2.088786e+00 2.936288e+00 3.744725e+00 4.480968e+00 5.153055e+00 5.858229e+00 6.637816e+00 7.009398e+00 6.927237e+00 6.720135e+00 6.405167e+00 6.683421e+00 0.000000e+00 6.441715e+00 6.072777e+00 7.802808e+00 9.402032e+00 1.023892e+01 1.033246e+01 9.963544e+00 9.207484e+00 8.470549e+00 7.778110e+00 7.282535e+00 7.023697e+00 7.394009e+00 8.421560e+00 9.433336e+00 1.032339e+01 1.066000e+01 1.066000e+01 1.066000e+01 9.137301e+00 6.646785e+00 0.000000e+00 0.000000e+00 4.725074e+00 5.352934e+00 5.616799e+00 5.749755e+00 5.723437e+00
-9.999000e+03 -9.999000e+03 -9.999000e+03 -9.999000e+03 -9.999000e+03 -9.999000e+03 -9.999000e+03 -9.999000e+03 -9.999000e+03 -9.999000e+03 2.560806e+00 2.647142e+00 2.473599e+00 3.049077e+00 4.338127e+00 4.966164e+00 5.564387e+00 6.335292e+00 6.657740e+00 6.476807e+00 6.270450e+00 6.058037e+00 6.449072e+00 0.000000e+00 6.396483e+00 5.907924e+00 7.558112e+00 9.232450e+00 1.028950e+01 1.066000e+01 1.058527e+01 9.772327e+00 8.870984e+00 7.918985e+00 7.211558e+00 6.780136e+00 6.893386e+00 7.576042e+00 8.526108e+00 9.698639e+00 1.056136e+01 1.066000e+01 1.066000e+01 1.005231e+01 8.183938e+00 5.721549e+00 0.000000e+00 0.000000e+00 5.671894e+00 6.033099e+00 -9.999000e+03 -9.999000e+03
