tests/data/reference/test_implicit_stream_rill_mfda/mrsearstr_pa.asc
ncols	123
nrows	77
xllcorner	-713746.79929998
yllcorner	-1061022.36961616
cellsize	10.0
NODATA_value	-9999
[rows 46 to 68 of 77, columns 0 to 51 of 123]
-9.999000e+03 -9.999000e+03 -9.999000e+03 -9.999000e+03 -9.999000e+03 -9.999000e+03 5.805513e-01 1.395360e+00 1.181196e+00 1.269711e+00 1.038745e+00 1.417322e+00 1.641584e+00 1.664540e+00 1.656473e+00 1.626433e+00 1.654434e+00 1.709494e+00 1.878884e+00 2.266083e+00 2.591447e+00 2.593207e+00 2.614711e+00 2.507566e+00 2.713482e+00 3.042951e+00 3.127082e+00 2.943002e+00 2.885071e+00 2.948582e+00 2.968669e+00 7.153744e+00 7.498095e+00 3.250148e+00 3.529047e+00 3.860109e+00 4.255220e+00 4.656402e+00 4.981228e+00 5.269460e+00 5.432975e+00 5.452664e+00 5.465951e+00 5.542724e+00 5.472394e+00 5.217887e+00 5.007539e+00 4.798713e+00 4.450441e+00 3.979486e+00 3.726574e+00 3.791192e+00
-9.999000e+03 -9.999000e+03 -9.999000e+03 -9.999000e+03 -9.999000e+03 -9.999000e+03 1.652750e+00 1.141030e+00 1.312279e+00 1.457291e+00 1.254792e+00 1.672254e+00 1.829310e+00 1.899963e+00 1.916913e+00 1.803359e+00 1.651814e+00 1.565385e+00 1.691642e+00 2.063892e+00 1.868795e+00 2.026648e+00 2.109265e+00 2.102255e+00 2.666658e+00 3.066418e+00 3.165793e+00 6.155465e+00 6.426363e+00 7.020818e+00 7.321701e+00 3.147131e+00 3.261197e+00 3.494167e+00 3.765227e+00 4.032814e+00 4.340867e+00 4.690844e+00 4.982919e+00 5.271003e+00 5.532687e+00 5.724726e+00 5.855867e+00 5.942247e+00 5.878408e+00 5.619703e+00 5.350431e+00 5.132106e+00 4.873358e+00 4.463721e+00 4.076550e+00 3.894895e+00
-9.999000e+03 -9.999000e+03 -9.999000e+03 -9.999000e+03 -9.999000e+03 4.558970e-01 9.769948e-01 1.502653e+00 1.137671e+00 1.185348e+00 1.458358e+00 1.619899e+00 1.802610e+00 1.946936e+00 1.954637e+00 1.904219e+00 1.748604e+00 1.604459e+00 1.698539e+00 2.039496e+00 2.899930e+00 3.657491e+00 4.361105e+00 5.075368e+00 5.493125e+00 5.999633e+00 6.384450e+00 3.149708e+00 3.147832e+00 3.298240e+00 3.346695e+00 3.310039e+00 3.425755e+00 3.623416e+00 3.819592e+00 4.003686e+00 4.250081e+00 4.607763e+00 4.913607e+00 5.170763e+00 5.438665e+00 5.696652e+00 5.912334e+00 6.068681e+00 6.093768e+00 5.937850e+00 5.670034e+00 5.374486e+00 5.146993e+00 4.878204e+00 4.503918e+00 4.165224e+00
-9.999000e+03 -9.999000e+03 -9.999000e+03 -9.999000e+03 8.654351e-01 1.242672e+00 1.333349e+00 1.642765e+00 9.986122e-01 9.079879e-01 1.165182e+00 1.332513e+00 1.640433e+00 1.689468e+00 1.831630e+00 1.892816e+00 1.839345e+00 1.699515e+00 1.794779e+00 2.126632e+00 2.431549e+00 2.688810e+00 2.997157e+00 3.260603e+00 3.399243e+00 3.415162e+00 3.441909e+00 3.429511e+00 3.401069e+00 3.438193e+00 3.460196e+00 3.410496e+00 3.414449e+00 3.483265e+00 3.592194e+00 3.726553e+00 3.956121e+00 4.355932e+00 4.731624e+00 5.011308e+00 5.236294e+00 5.445331e+00 5.675787e+00 5.897634e+00 6.044279e+00 6.064705e+00 5.896674e+00 5.565041e+00 5.324507e+00 5.196029e+00 4.893220e+00 4.485114e+00
-9.999000e+03 -9.999000e+03 -9.999000e+03 -9.999000e+03 5.735680e-01 1.197078e+00 1.308142e+00 1.251719e+00 9.418885e-01 7.571377e-01 9.920597e-01 1.385363e+00 1.115725e+00 1.552637e+00 1.764427e+00 1.896561e+00 1.882240e+00 1.730397e+00 1.822137e+00 2.166088e+00 2.535722e+00 2.928493e+00 3.188359e+00 3.603474e+00 3.779498e+00 3.768420e+00 3.817697e+00 3.882344e+00 3.840773e+00 3.777954e+00 3.783077e+00 3.759049e+00 3.706855e+00 3.665953e+00 3.666466e+00 3.715926e+00 3.853416e+00 4.156139e+00 4.526538e+00 4.862480e+00 5.054056e+00 5.152784e+00 5.328503e+00 5.559342e+00 5.779977e+00 5.943708e+00 5.909640e+00 5.651694e+00 5.461248e+00 5.380172e+00 5.173614e+00 4.737514e+00
-9.999000e+03 -9.999000e+03 -9.999000e+03 4.851288e-01 9.029599e-01 1.067617e+00 8.480074e-01 8.379422e-01 6.645924e-01 8.012623e-01 1.032025e+00 9.772095e-01 9.680549e-01 1.413992e+00 1.701943e+00 1.867516e+00 1.879492e+00 1.749027e+00 1.816996e+00 2.155270e+00 2.883429e+00 2.972395e+00 3.500743e+00 3.927143e+00 4.166991e+00 4.218978e+00 4.311909e+00 4.433730e+00 4.416398e+00 4.307352e+00 4.272380e+00 4.257342e+00 4.211458e+00 4.123068e+00 4.020311e+00 3.960150e+00 3.952561e+00 4.061324e+00 4.357262e+00 4.743393e+00 4.904815e+00 4.866868e+00 4.936183e+00 5.113225e+00 5.348957e+00 5.609112e+00 5.726738e+00 5.641267e+00 5.328788e+00 5.343436e+00 5.194686e+00 4.820155e+00
-9.999000e+03 -9.999000e+03 -9.999000e+03 3.967584e-01 7.625048e-01 7.663851e-01 5.928826e-01 4.519414e-01 5.325821e-01 5.773402e-01 7.427974e-01 7.828585e-01 7.816896e-01 1.233928e+00 1.573748e+00 1.744491e+00 1.796853e+00 1.721306e+00 1.707583e+00 2.482274e+00 1.907206e+00 2.771921e+00 3.312008e+00 3.764387e+00 4.114631e+00 4.293032e+00 4.431590e+00 4.575467e+00 4.578409e+00 4.443646e+00 4.355585e+00 4.325272e+00 4.327277e+00 4.315643e+00 4.265415e+00 4.228578e+00 4.167625e+00 4.111589e+00 4.301384e+00 4.711268e+00 4.883205e+00 4.778863e+00 4.745627e+00 4.807720e+00 4.967726e+00 5.216348e+00 5.421153e+00 4.930588e+00 4.922437e+00 4.876228e+00 4.752001e+00 8.886401e+00
-9.999000e+03 -9.999000e+03 2.602327e-01 3.489056e-01 6.406922e-01 6.201147e-01 3.291009e-01 2.591174e-01 3.144963e-01 2.296532e-01 3.989302e-01 5.116881e-01 5.421916e-01 1.008935e+00 1.366408e+00 1.531503e+00 1.653077e+00 1.655145e+00 1.778620e+00 1.449436e+00 1.388958e+00 2.070930e+00 2.602826e+00 3.097736e+00 3.606633e+00 3.955348e+00 4.155447e+00 4.311172e+00 4.330391e+00 4.183311e+00 4.039125e+00 3.980570e+00 4.061988e+00 4.220695e+00 4.336349e+00 4.433680e+00 4.430168e+00 4.304981e+00 4.361822e+00 4.706355e+00 4.923188e+00 4.875399e+00 4.779906e+00 4.700185e+00 4.735164e+00 4.909012e+00 3.605170e+00 3.756302e+00 3.779568e+00 3.686197e+00 9.481867e+00 5.006569e+00
-9.999000e+03 -9.999000e+03 3.379856e-01 5.372093e-01 5.775325e-01 3.438452e-01 1.997577e-01 3.345968e-01 3.100892e-01 5.952291e-02 2.554551e-01 3.430825e-01 3.717924e-01 7.949547e-01 1.070135e+00 1.170203e+00 1.302756e+00 1.396208e+00 1.214184e+00 1.039081e+00 8.710539e-01 1.348961e+00 1.813006e+00 2.271439e+00 2.783024e+00 3.268445e+00 3.615488e+00 3.845316e+00 3.939510e+00 3.863130e+00 3.721502e+00 3.615018e+00 3.719949e+00 3.949299e+00 4.156205e+00 4.329016e+00 4.395456e+00 4.326410e+00 4.366401e+00 4.610625e+00 4.816871e+00 4.870727e+00 4.824609e+00 4.733403e+00 4.758787e+00 4.937805e+00 5.115571e+00 5.305751e+00 9.266022e+00 9.856681e+00 5.043041e+00 5.027474e+00
-9.999000e+03 1.848295e-01 8.009654e-01 6.960467e-01 4.968351e-01 1.190120e-01 3.831408e-01 3.792218e-01 -9.999000e+03 -9.999000e+03 -9.999000e+03 2.463668e-01 3.070058e-01 5.750760e-01 7.237316e-01 7.327739e-01 8.100639e-01 9.548952e-01 8.047876e-01 3.954359e-01 3.240544e-01 6.327696e-01 1.061686e+00 1.367623e+00 1.763289e+00 2.326480e+00 2.807031e+00 3.172056e+00 3.385894e+00 3.433155e+00 3.353949e+00 3.271242e+00 3.316027e+00 3.568308e+00 3.796616e+00 3.997328e+00 4.101629e+00 4.111773e+00 4.249712e+00 4.495461e+00 4.667029e+00 4.755933e+00 4.791867e+00 4.763609e+00 4.856937e+00 5.100426e+00 6.876916e+00 8.257098e+00 5.327535e+00 5.113691e+00 5.097516e+00 5.217060e+00
-9.999000e+03 4.563113e-01 4.686879e-01 4.899783e-01 2.964816e-01 3.170673e-01 -9.999000e+03 -9.999000e+03 -9.999000e+03 -9.999000e+03 -9.999000e+03 -9.999000e+03 3.633566e-01 5.140216e-01 6.802281e-01 7.562827e-01 7.323759e-01 9.853162e-01 8.627260e-01 3.876279e-01 2.345270e-01 2.520435e-01 4.395857e-01 7.258165e-01 1.128395e+00 1.554458e+00 1.990953e+00 2.389899e+00 2.645938e+00 2.765824e+00 2.951333e+00 2.834565e+00 2.950507e+00 3.226168e+00 3.495083e+00 3.729598e+00 3.843756e+00 3.839154e+00 4.037126e+00 4.426995e+00 4.632672e+00 4.704053e+00 4.717502e+00 4.727753e+00 4.911129e+00 5.177970e+00 5.349105e+00 5.419466e+00 5.343704e+00 5.162523e+00 5.248003e+00 5.550983e+00
4.941359e-01 1.100113e+00 5.577721e-01 3.073582e-01 1.011174e-01 5.120233e-01 -9.999000e+03 -9.999000e+03 -9.999000e+03 -9.999000e+03 -9.999000e+03 -9.999000e+03 -9.999000e+03 -9.999000e+03 -9.999000e+03 7.726375e-01 1.044370e+00 8.940789e-01 7.748324e-01 6.124723e-01 7.026282e-01 -9.999000e+03 -9.999000e+03 4.389605e-01 7.340598e-01 9.509848e-01 1.219784e+00 1.521080e+00 1.686789e+00 2.225634e+00 2.231271e+00 2.409947e+00 2.554467e+00 2.900407e+00 3.207980e+00 3.452172e+00 3.566797e+00 3.538042e+00 3.831745e+00 4.314155e+00 4.607339e+00 4.556905e+00 4.562723e+00 4.713165e+00 4.832432e+00 5.150184e+00 5.424322e+00 5.464376e+00 5.405901e+00 5.233300e+00 5.477547e+00 5.955578e+00
3.051963e-01 2.728104e-01 2.326801e-01 2.304726e-01 5.344710e-01 -9.999000e+03 -9.999000e+03 -9.999000e+03 -9.999000e+03 -9.999000e+03 -9.999000e+03 -9.999000e+03 -9.999000e+03 -9.999000e+03 -9.999000e+03 -9.999000e+03 -9.999000e+03 -9.999000e+03 -9.999000e+03 -9.999000e+03 -9.999000e+03 -9.999000e+03 -9.999000e+03 3.797459e-01 6.534587e-01 7.781028e-01 1.131727e+00 1.507507e+00 1.637324e+00 1.246297e+00 1.638784e+00 1.735201e+00 1.997947e+00 2.424603e+00 2.742189e+00 2.929789e+00 3.052333e+00 3.304853e+00 3.508558e+00 4.083178e+00 4.138115e+00 4.153710e+00 4.567105e+00 4.401034e+00 4.503233e+00 4.911581e+00 4.973055e+00 5.108495e+00 5.082695e+00 5.068533e+00 5.291158e+00 6.125609e+00
-9.999000e+03 5.917619e-01 5.135281e-01 7.713101e-01 -9.999000e+03 -9.999000e+03 -9.999000e+03 -9.999000e+03 -9.999000e+03 -9.999000e+03 -9.999000e+03 -9.999000e+03 -9.999000e+03 -9.999000e+03 -9.999000e+03 -9.999000e+03 -9.999000e+03 -9.999000e+03 -9.999000e+03 -9.999000e+03 -9.999000e+03 -9.999000e+03 -9.999000e+03 -9.999000e+03 -9.999000e+03 -9.999000e+03 9.545204e-01 1.147639e+00 1.327324e+00 1.061205e+00 8.275687e-01 9.896075e-01 1.296739e+00 1.744206e+00 1.976044e+00 2.034844e+00 2.807065e+00 2.791165e+00 3.098510e+00 2.935031e+00 3.159967e+00 4.356265e+00 3.986046e+00 3.937666e+00 4.362164e+00 4.051996e+00 4.140760e+00 4.223193e+00 4.715286e+00 4.450958e+00 4.946894e+00 5.385055e+00
-9.999000e+03 -9.999000e+03 -9.999000e+03 -9.999000e+03 -9.999000e+03 -9.999000e+03 -9.999000e+03 -9.999000e+03 -9.999000e+03 -9.999000e+03 -9.999000e+03 -9.999000e+03 -9.999000e+03 -9.999000e+03 -9.999000e+03 -9.999000e+03 -9.999000e+03 -9.999000e+03 -9.999000e+03 -9.999000e+03 -9.999000e+03 -9.999000e+03 -9.999000e+03 -9.999000e+03 -9.999000e+03 -9.999000e+03 -9.999000e+03 -9.999000e+03 1.037644e+00 8.860385e-01 6.674566e-01 8.012017e-01 1.123963e+00 1.905839e+00 2.244819e+00 2.141573e+00 1.763028e+00 2.053570e+00 2.353086e+00 3.330959e+00 3.853606e+00 2.961698e+00 3.026739e+00 4.211849e+00 3.078959e+00 3.087897e+00 3.055120e+00 4.170844e+00 3.820214e+00 4.287245e+00 3.427041e+00 4.104895e+00
-9.999000e+03 -9.999000e+03 -9.999000e+03 -9.999000e+03 -9.999000e+03 -9.999000e+03 -9.999000e+03 -9.999000e+03 -9.999000e+03 -9.999000e+03 -9.999000e+03 -9.999000e+03 -9.999000e+03 -9.999000e+03 -9.999000e+03 -9.999000e+03 -9.999000e+03 -9.999000e+03 -9.999000e+03 -9.999000e+03 -9.999000e+03 -9.999000e+03 -9.999000e+03 -9.999000e+03 -9.999000e+03 -9.999000e+03 -9.999000e+03 -9.999000e+03 -9.999000e+03 7.442638e-01 9.187366e-01 1.114364e+00 1.514647e+00 1.751315e+00 1.852653e+00 1.605014e+00 1.620126e+00 1.942674e+00 2.713313e+00 3.196232e+00 3.458126e+00 3.563105e+00 3.782311e+00 2.973150e+00 3.833138e+00 4.119198e+00 4.056005e+00 2.731163e+00 3.838589e+00 3.081463e+00 4.288742e+00 5.308301e+00
-9.999000e+03 -9.999000e+03 -9.999000e+03 -9.999000e+03 -9.999000e+03 -9.999000e+03 -9.999000e+03 -9.999000e+03 -9.999000e+03 -9.999000e+03 -9.999000e+03 -9.999000e+03 -9.999000e+03 -9.999000e+03 -9.999000e+03 -9.999000e+03 -9.999000e+03 -9.999000e+03 -9.999000e+03 -9.999000e+03 -9.999000e+03 -9.999000e+03 -9.999000e+03 -9.999000e+03 -9.999000e+03 -9.999000e+03 -9.999000e+03 -9.999000e+03 -9.999000e+03 -9.999000e+03 1.226944e+00 -9.999000e+03 -9.999000e+03 -9.999000e+03 -9.999000e+03 -9.999000e+03 -9.999000e+03 -9.999000e+03 2.195586e+00 2.842614e+00 3.069080e+00 3.061500e+00 3.275662e+00 3.735130e+00 4.008633e+00 4.068690e+00 3.865466e+00 3.401149e+00 2.581447e+00 3.866353e+00 4.658756e+00 5.109926e+00
-9.999000e+03 -9.999000e+03 -9.999000e+03 -9.999000e+03 -9.999000e+03 -9.999000e+03 -9.999000e+03 -9.999000e+03 -9.999000e+03 -9.999000e+03 -9.999000e+03 -9.999000e+03 -9.999000e+03 -9.999000e+03 -9.999000e+03 -9.999000e+03 -9.999000e+03 -9.999000e+03 -9.999000e+03 -9.999000e+03 -9.999000e+03 -9.999000e+03 -9.999000e+03 -9.999000e+03 -9.999000e+03 -9.999000e+03 -9.999000e+03 -9.999000e+03 -9.999000e+03 -9.999000e+03 -9.999000e+03 -9.999000e+03 -9.999000e+03 -9.999000e+03 -9.999000e+03 -9.999000e+03 -9.999000e+03 -9.999000e+03 -9.999000e+03 -9.999000e+03 -9.999000e+03 2.221085e+00 2.344919e+00 2.703375e+00 3.587133e+00 3.837625e+00 3.678178e+00 3.201978e+00 3.387253e+00 4.290209e+00 4.751588e+00 4.686583e+00
-9.999000e+03 -9.999000e+03 -9.999000e+03 -9.999000e+03 -9.999000e+03 -9.999000e+03 -9.999000e+03 -9.999000e+03 -9.999000e+03 -9.999000e+03 -9.999000e+03 -9.999000e+03 -9.999000e+03 -9.999000e+03 -9.999000e+03 -9.999000e+03 -9.999000e+03 -9.999000e+03 -9.999000e+03 -9.999000e+03 -9.999000e+03 -9.999000e+03 -9.999000e+03 -9.999000e+03 -9.999000e+03 -9.999000e+03 -9.999000e+03 -9.999000e+03 -9.999000e+03 -9.999000e+03 -9.999000e+03 -9.999000e+03 -9.999000e+03 -9.999000e+03 -9.999000e+03 -9.999000e+03 -9.999000e+03 -9.999000e+03 -9.999000e+03 -9.999000e+03 -9.999000e+03 -9.999000e+03 -9.999000e+03 -9.999000e+03 2.969664e+00 2.872423e+00 3.350811e+00 3.217054e+00 2.594636e+00 3.984477e+00 4.477407e+00 4.075915e+00
-9.999000e+03 -9.999000e+03 -9.999000e+03 -9.999000e+03 -9.999000e+03 -9.999000e+03 -9.999000e+03 -9.999000e+03 -9.999000e+03 -9.999000e+03 -9.999000e+03 -9.999000e+03 -9.999000e+03 -9.999000e+03 -9.999000e+03 -9.999000e+03 -9.999000e+03 -9.999000e+03 -9.999000e+03 -9.999000e+03 -9.999000e+03 -9.999000e+03 -9.999000e+03 -9.999000e+03 -9.999000e+03 -9.999000e+03 -9.999000e+03 -9.999000e+03 -9.999000e+03 -9.999000e+03 -9.999000e+03 -9.999000e+03 -9.999000e+03 -9.999000e+03 -9.999000e+03 -9.999000e+03 -9.999000e+03 -9.999000e+03 -9.999000e+03 -9.999000e+03 -9.999000e+03 -9.999000e+03 -9.999000e+03 -9.999000e+03 -9.999000e+03 -9.999000e+03 -9.999000e+03 -9.999000e+03 -9.999000e+03 -9.999000e+03 3.223418e+00 3.274812e+00
-9.999000e+03 -9.999000e+03 -9.999000e+03 -9.999000e+03 -9.999000e+03 -9.999000e+03 -9.999000e+03 -9.999000e+03 -9.999000e+03 -9.999000e+03 -9.999000e+03 -9.999000e+03 -9.999000e+03 -9.999000e+03 -9.999000e+03 -9.999000e+03 -9.999000e+03 -9.999000e+03 -9.999000e+03 -9.999000e+03 -9.999000e+03 -9.999000e+03 -9.999000e+03 -9.999000e+03 -9.999000e+03 -9.999000e+03 -9.999000e+03 -9.999000e+03 -9.999000e+03 -9.999000e+03 -9.999000e+03 -9.999000e+03 -9.999000e+03 -9.999000e+03 -9.999000e+03 -9.999000e+03 -9.999000e+03 -9.999000e+03 -9.999000e+03 -9.999000e+03 -9.999000e+03 -9.999000e+03 -9.999000e+03 -9.999000e+03 -9.999000e+03 -9.999000e+03 -9.999000e+03 -9.999000e+03 -9.999000e+03 -9.999000e+03 -9.999000e+03 2.402610e+00
-9.999000e+03 -9.999000e+03 -9.999000e+03 -9.999000e+03 -9.999000e+03 -9.999000e+03 -9.999000e+03 -9.999000e+03 -9.999000e+03 -9.999000e+03 -9.999000e+03 -9.999000e+03 -9.999000e+03 -9.999000e+03 -9.999000e+03 -9.999000e+03 -9.999000e+03 -9.999000e+03 -9.999000e+03 -9.999000e+03 -9.999000e+03 -9.999000e+03 -9.999000e+03 -9.999000e+03 -9.999000e+03 -9.999000e+03 -9.999000e+03 -9.999000e+03 -9.999000e+03 -9.999000e+03 -9.999000e+03 -9.999000e+03 -9.999000e+03 -9.999000e+03 -9.999000e+03 -9.999000e+03 -9.999000e+03 -9.999000e+03 -9.999000e+03 -9.999000e+03 -9.999000e+03 -9.999000e+03 -9.999000e+03 -9.999000e+03 -9.999000e+03 -9.999000e+03 -9.999000e+03 -9.999000e+03 -9.999000e+03 -9.999000e+03 -9.999000e+03 -9.999000e+03
-9.999000e+03 -9.999000e+03 -9.999000e+03 -9.999000e+03 -9.999000e+03 -9.999000e+03 -9.999000e+03 -9.999000e+03 -9.999000e+03 -9.999000e+03 -9.999000e+03 -9.999000e+03 -9.999000e+03 -9.999000e+03 -9.999000e+03 -9.999000e+03 -9.999000e+03 -9.999000e+03 -9.999000e+03 -9.999000e+03 -9.999000e+03 -9.999000e+03 -9.999000e+03 -9.999000e+03 -9.999000e+03 -9.999000e+03 -9.999000e+03 -9.999000e+03 -9.999000e+03 -9.999000e+03 -9.999000e+03 -9.999000e+03 -9.999000e+03 -9.999000e+03 -9.999000e+03 -9.999000e+03 -9.999000e+03 -9.999000e+03 -9.999000e+03 -9.999000e+03 -9.999000e+03 -9.999000e+03 -9.999000e+03 -9.999000e+03 -9.999000e+03 -9.999000e+03 -9.999000e+03 -9.999000e+03 -9.999000e+03 -9.999000e+03 -9.999000e+03 -9.999000e+03
