tests/data/reference/test_implicit_stream_rill_mfda/mrsearstr_pa.asc
ncols	123
nrows	77
xllcorner	-713746.79929998
yllcorner	-1061022.36961616
cellsize	10.0
NODATA_value	-9999
[rows 23 to 45 of 77, columns 0 to 51 of 123]
-9.999000e+03 -9.999000e+03 -9.999000e+03 -9.999000e+03 -9.999000e+03 -9.999000e+03 -9.999000e+03 -9.999000e+03 -9.999000e+03 -9.999000e+03 -9.999000e+03 -9.999000e+03 -9.999000e+03 -9.999000e+03 7.464956e-01 1.049337e+00 1.046676e+00 1.083049e+00 9.351279e-01 1.872193e-01 1.830520e+00 1.727451e+00 3.178375e+00 5.155242e+00 5.620776e+00 3.315249e+00 4.525107e+00 4.049256e+00 4.201024e+00 4.544446e+00 3.416843e+00 4.563365e+00 5.081890e+00 5.303800e+00 9.445476e+00 5.242605e+00 5.500482e+00 3.990191e+00 8.119180e+00 6.098113e+00 6.131380e+00 6.254299e+00 6.471965e+00 6.612304e+00 6.626492e+00 6.581703e+00 6.548957e+00 6.628829e+00 6.807464e+00 6.863184e+00 6.726947e+00 4.849112e+00
-9.999000e+03 -9.999000e+03 -9.999000e+03 -9.999000e+03 -9.999000e+03 -9.999000e+03 -9.999000e+03 -9.999000e+03 -9.999000e+03 -9.999000e+03 -9.999000e+03 -9.999000e+03 -9.999000e+03 -9.999000e+03 2.818346e-01 5.869559e-01 1.168259e+00 1.724740e+00 8.767300e-01 1.590514e+00 1.540569e+00 2.538482e+00 2.696800e+00 2.630364e+00 4.777097e+00 7.215376e+00 4.600346e+00 4.442288e+00 4.604062e+00 3.425599e+00 4.824331e+00 4.523284e+00 4.987547e+00 5.066027e+00 9.934794e+00 5.129545e+00 5.449934e+00 4.088335e+00 8.371675e+00 6.072023e+00 6.068638e+00 6.155468e+00 6.308844e+00 6.432795e+00 6.499203e+00 6.535502e+00 6.581452e+00 6.717373e+00 6.923977e+00 7.078022e+00 4.891132e+00 7.435978e+00
-9.999000e+03 -9.999000e+03 -9.999000e+03 -9.999000e+03 -9.999000e+03 -9.999000e+03 -9.999000e+03 -9.999000e+03 -9.999000e+03 -9.999000e+03 -9.999000e+03 -9.999000e+03 -9.999000e+03 -9.999000e+03 3.120202e-01 7.060217e-01 1.131558e+00 1.123797e+00 1.073893e+00 2.763434e+00 1.983629e+00 4.642366e+00 5.935389e+00 3.338033e+00 3.743100e+00 5.215964e+00 9.128370e+00 4.819113e+00 4.891270e+00 3.550553e+00 4.505586e+00 5.138445e+00 4.961546e+00 4.736780e+00 4.703436e+00 1.045566e+01 3.762844e+00 5.825647e+00 5.233478e+00 9.620065e+00 6.031995e+00 6.159656e+00 6.280910e+00 6.379541e+00 6.471676e+00 6.575128e+00 6.711710e+00 6.926171e+00 7.196425e+00 7.475039e+00 6.712007e+00 5.347166e+00
-9.999000e+03 -9.999000e+03 -9.999000e+03 -9.999000e+03 -9.999000e+03 -9.999000e+03 -9.999000e+03 -9.999000e+03 -9.999000e+03 -9.999000e+03 -9.999000e+03 -9.999000e+03 1.483288e+00 9.333020e-01 1.047516e+00 1.300797e+00 1.166855e+00 3.097151e-01 1.842870e+00 1.655636e+00 6.066023e+00 4.944683e+00 3.681027e+00 5.175537e+00 3.619037e+00 3.939684e+00 9.737020e+00 4.425127e+00 4.576189e+00 4.252273e+00 3.422902e+00 4.736806e+00 4.815380e+00 4.514194e+00 4.560395e+00 4.812664e+00 1.066000e+01 5.058426e+00 5.833861e+00 5.642665e+00 1.066000e+01 6.094913e+00 6.168801e+00 6.274161e+00 6.451332e+00 6.695906e+00 6.984905e+00 7.277272e+00 7.556499e+00 7.882629e+00 7.767436e+00 5.544912e+00
-9.999000e+03 -9.999000e+03 -9.999000e+03 -9.999000e+03 -9.999000e+03 -9.999000e+03 -9.999000e+03 -9.999000e+03 -9.999000e+03 -9.999000e+03 -9.999000e+03 -9.999000e+03 -9.999000e+03 1.402823e+00 1.127741e+00 1.171259e+00 4.884906e-01 1.323880e+00 1.335847e+00 4.981900e+00 2.676126e+00 2.659575e+00 4.625633e+00 5.397983e+00 6.767820e+00 7.129195e+00 7.383984e+00 7.658835e+00 3.661590e+00 4.119455e+00 4.316997e+00 4.091851e+00 4.334692e+00 4.121668e+00 4.266271e+00 4.954817e+00 5.558429e+00 1.079000e+01 5.565775e+00 5.935353e+00 1.066000e+01 5.939250e+00 5.960708e+00 6.114962e+00 6.445976e+00 6.917973e+00 7.419204e+00 7.770107e+00 7.985174e+00 8.275679e+00 8.391625e+00 7.400519e+00
-9.999000e+03 -9.999000e+03 -9.999000e+03 -9.999000e+03 -9.999000e+03 -9.999000e+03 -9.999000e+03 -9.999000e+03 -9.999000e+03 -9.999000e+03 -9.999000e+03 -9.999000e+03 -9.999000e+03 -9.999000e+03 -9.999000e+03 7.666831e-01 3.682727e-01 9.596907e-01 1.752419e+00 4.594184e+00 3.702518e+00 3.158146e+00 2.832882e+00 2.633594e+00 2.800655e+00 3.040355e+00 3.045506e+00 7.156514e+00 1.068464e+01 3.460446e+00 3.795065e+00 3.829578e+00 3.654889e+00 3.681131e+00 3.985078e+00 4.765974e+00 5.243319e+00 5.325526e+00 1.057134e+01 5.713256e+00 1.066000e+01 5.901253e+00 6.074233e+00 6.351690e+00 6.769777e+00 7.315375e+00 7.837388e+00 8.131071e+00 8.278430e+00 8.545463e+00 8.705779e+00 8.221570e+00
-9.999000e+03 -9.999000e+03 -9.999000e+03 -9.999000e+03 -9.999000e+03 -9.999000e+03 -9.999000e+03 -9.999000e+03 -9.999000e+03 -9.999000e+03 -9.999000e+03 -9.999000e+03 -9.999000e+03 -9.999000e+03 -9.999000e+03 -9.999000e+03 1.164063e+00 1.024777e+00 3.389944e+00 2.895252e+00 2.526542e+00 2.300298e+00 2.339855e+00 2.567230e+00 2.864642e+00 3.223222e+00 3.271212e+00 2.960680e+00 2.878914e+00 1.079000e+01 1.079000e+01 1.079000e+01 3.219056e+00 3.286063e+00 3.609165e+00 4.257062e+00 5.963592e+00 7.132625e+00 4.798562e+00 9.883187e+00 5.830998e+00 1.079000e+01 6.580970e+00 7.015143e+00 7.428536e+00 7.863820e+00 8.198959e+00 8.333618e+00 8.425716e+00 8.676811e+00 8.777121e+00 8.391215e+00
-9.999000e+03 -9.999000e+03 -9.999000e+03 -9.999000e+03 -9.999000e+03 -9.999000e+03 -9.999000e+03 -9.999000e+03 -9.999000e+03 -9.999000e+03 -9.999000e+03 -9.999000e+03 -9.999000e+03 -9.999000e+03 -9.999000e+03 -9.999000e+03 1.048553e+00 3.336403e+00 1.954055e+00 2.166597e+00 2.243269e+00 5.473894e+00 5.435207e+00 5.671299e+00 5.839509e+00 5.967221e+00 5.734077e+00 5.159693e+00 4.917089e+00 4.979668e+00 4.680887e+00 4.108449e+00 1.079000e+01 1.045241e+01 1.071332e+01 1.079000e+01 1.079000e+01 1.079000e+01 1.079000e+01 1.079000e+01 1.079000e+01 1.079000e+01 1.079000e+01 6.093426e+00 6.681451e+00 7.087953e+00 7.520729e+00 7.802915e+00 8.100354e+00 8.407648e+00 8.367156e+00 7.898669e+00
-9.999000e+03 -9.999000e+03 -9.999000e+03 -9.999000e+03 -9.999000e+03 -9.999000e+03 -9.999000e+03 -9.999000e+03 -9.999000e+03 -9.999000e+03 -9.999000e+03 -9.999000e+03 -9.999000e+03 -9.999000e+03 -9.999000e+03 1.050789e+00 3.939455e+00 1.922925e+00 4.105766e+00 5.185457e+00 5.669139e+00 2.451350e+00 3.330313e+00 4.290040e+00 4.128604e+00 5.719293e+00 6.378761e+00 6.831547e+00 6.705075e+00 6.839807e+00 6.553265e+00 5.856700e+00 5.041461e+00 4.100650e+00 3.757396e+00 3.942636e+00 9.977435e+00 1.079000e+01 1.079000e+01 1.079000e+01 1.079000e+01 1.079000e+01 1.079000e+01 1.079000e+01 1.079000e+01 5.281564e+00 8.404173e+00 6.611965e+00 7.341345e+00 7.707157e+00 7.434127e+00 6.828907e+00
-9.999000e+03 -9.999000e+03 -9.999000e+03 -9.999000e+03 -9.999000e+03 -9.999000e+03 -9.999000e+03 -9.999000e+03 -9.999000e+03 -9.999000e+03 -9.999000e+03 -9.999000e+03 -9.999000e+03 -9.999000e+03 9.031235e-01 1.572745e+00 4.672655e+00 4.316522e+00 1.981577e+00 2.116204e+00 2.447387e+00 2.669081e+00 2.880146e+00 3.107073e+00 4.161187e+00 3.235717e+00 3.436463e+00 3.604498e+00 3.813628e+00 4.174220e+00 4.077235e+00 7.369661e+00 7.204305e+00 6.826251e+00 6.960039e+00 8.938562e+00 3.492349e+00 4.255111e+00 5.025129e+00 5.793028e+00 6.238194e+00 6.220104e+00 7.851743e+00 8.494009e+00 8.785563e+00 1.079000e+01 1.079000e+01 1.079000e+01 5.571422e+00 8.273770e+00 5.510114e+00 5.147575e+00
-9.999000e+03 -9.999000e+03 -9.999000e+03 -9.999000e+03 -9.999000e+03 -9.999000e+03 -9.999000e+03 -9.999000e+03 -9.999000e+03 -9.999000e+03 -9.999000e+03 -9.999000e+03 -9.999000e+03 -9.999000e+03 1.009038e+00 6.986397e+00 2.282667e+00 2.312475e+00 2.291063e+00 2.270411e+00 2.330488e+00 2.523645e+00 2.905925e+00 3.043573e+00 3.188458e+00 3.151514e+00 3.351701e+00 3.843955e+00 5.305413e+00 6.372614e+00 6.965783e+00 3.811097e+00 3.595113e+00 3.533807e+00 5.461071e+00 3.544745e+00 4.020156e+00 4.483878e+00 4.918761e+00 5.477743e+00 6.006599e+00 6.627619e+00 6.907210e+00 6.962347e+00 6.849345e+00 8.799713e+00 9.808038e+00 1.028880e+01 1.079000e+01 1.079000e+01 1.079000e+01 3.441891e+00
-9.999000e+03 -9.999000e+03 -9.999000e+03 -9.999000e+03 -9.999000e+03 -9.999000e+03 -9.999000e+03 -9.999000e+03 -9.999000e+03 -9.999000e+03 -9.999000e+03 -9.999000e+03 -9.999000e+03 1.392910e+00 8.278235e+00 2.193774e+00 2.361950e+00 2.514618e+00 2.523628e+00 2.467019e+00 2.441561e+00 2.520509e+00 2.683628e+00 2.912718e+00 3.106223e+00 3.186956e+00 3.436186e+00 3.961894e+00 4.295285e+00 4.400780e+00 4.321766e+00 4.129587e+00 4.119182e+00 6.533602e+00 3.100246e+00 4.083533e+00 4.661852e+00 4.829243e+00 5.107232e+00 5.512172e+00 6.009249e+00 6.488119e+00 6.946570e+00 7.483602e+00 7.681504e+00 7.627202e+00 7.543368e+00 7.350715e+00 6.660267e+00 7.242012e+00 6.718300e+00 1.079000e+01
-9.999000e+03 -9.999000e+03 -9.999000e+03 -9.999000e+03 -9.999000e+03 -9.999000e+03 -9.999000e+03 -9.999000e+03 -9.999000e+03 -9.999000e+03 -9.999000e+03 -9.999000e+03 8.726328e-01 1.800866e+00 2.198386e+00 2.257660e+00 2.577069e+00 2.532913e+00 2.603290e+00 2.604465e+00 2.572258e+00 2.538148e+00 2.582931e+00 2.706762e+00 2.892316e+00 3.090088e+00 3.422612e+00 3.949330e+00 4.270869e+00 4.387316e+00 4.455181e+00 4.484131e+00 6.402390e+00 4.465946e+00 3.203202e+00 4.533026e+00 4.679410e+00 4.864669e+00 5.207828e+00 5.675528e+00 6.090133e+00 6.455100e+00 6.657973e+00 6.804876e+00 6.766658e+00 7.111988e+00 7.262316e+00 7.410278e+00 7.152922e+00 6.320128e+00 5.677889e+00 6.221819e+00
-9.999000e+03 -9.999000e+03 -9.999000e+03 -9.999000e+03 -9.999000e+03 -9.999000e+03 -9.999000e+03 -9.999000e+03 -9.999000e+03 -9.999000e+03 -9.999000e+03 -9.999000e+03 1.314303e+00 2.003702e+00 2.206911e+00 2.830276e+00 2.388270e+00 2.571373e+00 2.681081e+00 2.726179e+00 2.698616e+00 2.603721e+00 2.582037e+00 2.632213e+00 2.774726e+00 2.983407e+00 3.284272e+00 3.725994e+00 3.950768e+00 4.058909e+00 4.195289e+00 6.127239e+00 3.302890e+00 4.098117e+00 4.286647e+00 4.246178e+00 4.260060e+00 4.405893e+00 4.824378e+00 5.073749e+00 5.525757e+00 5.965668e+00 6.154823e+00 5.683431e+00 5.775774e+00 5.994208e+00 6.215280e+00 6.602230e+00 6.483726e+00 6.864352e+00 6.017853e+00 5.420436e+00
-9.999000e+03 -9.999000e+03 -9.999000e+03 -9.999000e+03 -9.999000e+03 -9.999000e+03 -9.999000e+03 -9.999000e+03 -9.999000e+03 -9.999000e+03 -9.999000e+03 6.970939e-01 3.330310e+00 1.709673e+00 2.838664e+00 2.182988e+00 2.401071e+00 2.598731e+00 2.729595e+00 2.792483e+00 2.780798e+00 2.694188e+00 2.673531e+00 2.699703e+00 2.786617e+00 2.943635e+00 3.118557e+00 3.297839e+00 3.457697e+00 3.432748e+00 3.540443e+00 4.547854e+00 2.855922e+00 3.933071e+00 3.819769e+00 3.476264e+00 3.478142e+00 3.847096e+00 3.656131e+00 3.864667e+00 4.304388e+00 4.984857e+00 4.202977e+00 4.148490e+00 4.212308e+00 4.387665e+00 4.529712e+00 4.645043e+00 6.702771e+00 5.628975e+00 5.414553e+00 5.305942e+00
-9.999000e+03 -9.999000e+03 -9.999000e+03 -9.999000e+03 -9.999000e+03 -9.999000e+03 -9.999000e+03 -9.999000e+03 -9.999000e+03 -9.999000e+03 6.344575e-01 9.763239e-01 1.356637e+00 2.375941e+00 1.412980e+00 1.942408e+00 2.255615e+00 2.509439e+00 2.682628e+00 2.739019e+00 2.751960e+00 2.679192e+00 2.664228e+00 2.687031e+00 2.757558e+00 2.906357e+00 2.790773e+00 3.068736e+00 3.020789e+00 2.867202e+00 2.916593e+00 2.960328e+00 3.065410e+00 3.250764e+00 2.699312e+00 2.451455e+00 3.143677e+00 2.317131e+00 2.345370e+00 2.426339e+00 2.842447e+00 3.620229e+00 5.055567e+00 5.465900e+00 5.724479e+00 6.024546e+00 6.232523e+00 6.357356e+00 4.236591e+00 3.951015e+00 3.943481e+00 4.358969e+00
-9.999000e+03 -9.999000e+03 -9.999000e+03 -9.999000e+03 -9.999000e+03 -9.999000e+03 -9.999000e+03 -9.999000e+03 -9.999000e+03 -9.999000e+03 5.410974e-01 1.056326e+00 2.162701e+00 1.295634e+00 1.113709e+00 1.583451e+00 1.932120e+00 2.281052e+00 2.481169e+00 2.611077e+00 2.643655e+00 2.603741e+00 2.588462e+00 2.623645e+00 2.640218e+00 2.140791e+00 2.831710e+00 2.838560e+00 2.629899e+00 2.397154e+00 2.341699e+00 2.319049e+00 1.965290e+00 2.444646e+00 3.191680e+00 3.021363e+00 2.066551e+00 2.426557e+00 2.633240e+00 2.938401e+00 2.755850e+00 3.547857e+00 4.905093e+00 5.208593e+00 5.347797e+00 5.537853e+00 5.763438e+00 5.993872e+00 5.949422e+00 5.597589e+00 5.562623e+00 5.962491e+00
-9.999000e+03 -9.999000e+03 -9.999000e+03 -9.999000e+03 -9.999000e+03 -9.999000e+03 -9.999000e+03 -9.999000e+03 -9.999000e+03 5.509075e-01 2.265817e+00 1.715634e+00 1.139337e+00 1.025004e+00 1.177949e+00 1.391974e+00 1.685649e+00 1.915638e+00 2.298292e+00 2.409849e+00 2.503387e+00 2.523596e+00 2.558827e+00 2.467603e+00 2.045078e+00 2.521776e+00 2.684037e+00 2.403293e+00 2.212871e+00 1.908029e+00 1.833263e+00 1.684225e+00 2.392129e+00 3.131512e+00 3.438873e+00 3.260701e+00 3.072714e+00 2.927302e+00 2.313397e+00 2.707314e+00 4.261690e+00 4.594593e+00 5.182255e+00 5.068525e+00 4.951680e+00 4.970341e+00 5.197631e+00 5.614552e+00 5.810149e+00 5.737145e+00 5.629209e+00 5.569476e+00
-9.999000e+03 -9.999000e+03 -9.999000e+03 -9.999000e+03 -9.999000e+03 -9.999000e+03 -9.999000e+03 -9.999000e+03 -9.999000e+03 6.782967e-01 2.144569e+00 1.144942e+00 1.074943e+00 9.644780e-01 1.264676e+00 1.371630e+00 1.225876e+00 1.833941e+00 1.994953e+00 2.224552e+00 2.374175e+00 2.454107e+00 1.955339e+00 2.078505e+00 2.549349e+00 2.549305e+00 1.888619e+00 1.835756e+00 1.665258e+00 1.372989e+00 1.389848e+00 2.135441e+00 2.768129e+00 3.335682e+00 3.619222e+00 3.612896e+00 3.521852e+00 2.457998e+00 3.534553e+00 3.810268e+00 4.282107e+00 4.996793e+00 5.039113e+00 4.726473e+00 4.577318e+00 4.669342e+00 4.889926e+00 5.211446e+00 5.417708e+00 5.519382e+00 1.066000e+01 1.066000e+01
-9.999000e+03 -9.999000e+03 -9.999000e+03 -9.999000e+03 -9.999000e+03 -9.999000e+03 -9.999000e+03 -9.999000e+03 1.171007e+00 3.090084e+00 2.002436e+00 1.318966e+00 9.154517e-01 1.145498e+00 1.353891e+00 1.408121e+00 1.782648e+00 1.516524e+00 1.756726e+00 2.091350e+00 2.317944e+00 2.292090e+00 2.569590e+00 2.821521e+00 2.828219e+00 4.705976e+00 4.744678e+00 4.464474e+00 3.927352e+00 3.189800e+00 3.103415e+00 3.547114e+00 3.759350e+00 3.762876e+00 3.814474e+00 3.854160e+00 3.770294e+00 4.623498e+00 4.979031e+00 6.513756e+00 7.194031e+00 7.444230e+00 6.767523e+00 6.023358e+00 5.640481e+00 5.538869e+00 5.234731e+00 4.744117e+00 4.711783e+00 1.066000e+01 4.845604e+00 4.909601e+00
-9.999000e+03 -9.999000e+03 -9.999000e+03 -9.999000e+03 -9.999000e+03 -9.999000e+03 -9.999000e+03 6.225684e-01 1.073174e+00 1.977637e+00 1.467831e+00 1.417376e+00 9.723517e-01 1.275280e+00 1.405293e+00 1.441377e+00 1.449681e+00 1.432933e+00 1.629557e+00 2.030329e+00 1.790900e+00 1.880808e+00 2.426642e+00 4.453597e+00 4.868527e+00 2.746683e+00 2.583449e+00 2.590230e+00 2.442376e+00 2.144630e+00 2.262866e+00 2.821464e+00 3.307562e+00 3.669701e+00 3.847983e+00 3.839354e+00 3.738020e+00 3.561046e+00 3.694709e+00 4.145676e+00 4.337770e+00 4.234380e+00 4.151427e+00 4.107094e+00 4.208879e+00 4.461073e+00 4.452579e+00 4.183907e+00 1.066000e+01 4.215806e+00 4.512555e+00 4.749997e+00
-9.999000e+03 -9.999000e+03 -9.999000e+03 -9.999000e+03 -9.999000e+03 -9.999000e+03 -9.999000e+03 5.140795e-01 1.009386e+00 1.939789e+00 1.186464e+00 1.392182e+00 1.362244e+00 1.389112e+00 1.440756e+00 1.459547e+00 1.494590e+00 1.509945e+00 1.699065e+00 2.127256e+00 2.982854e+00 3.582544e+00 4.091016e+00 2.657608e+00 2.771432e+00 2.649354e+00 2.141862e+00 2.601008e+00 2.637034e+00 2.438046e+00 2.549755e+00 3.019870e+00 3.373575e+00 3.573059e+00 3.650056e+00 3.618243e+00 8.916218e+00 9.000834e+00 9.416183e+00 1.021676e+01 1.061242e+01 1.057632e+01 1.066000e+01 1.066000e+01 1.066000e+01 1.053697e+01 1.066000e+01 1.066000e+01 3.850774e+00 3.888477e+00 4.171196e+00 4.473826e+00
-9.999000e+03 -9.999000e+03 -9.999000e+03 -9.999000e+03 -9.999000e+03 -9.999000e+03 -9.999000e+03 7.386302e-01 1.547511e+00 1.201228e+00 1.009770e+00 1.338130e+00 1.493942e+00 1.509479e+00 1.507508e+00 1.519609e+00 1.612908e+00 1.705712e+00 1.901668e+00 2.311408e+00 2.610152e+00 2.724005e+00 2.675164e+00 2.572710e+00 2.022814e+00 2.198349e+00 2.766169e+00 2.858595e+00 2.823523e+00 2.723602e+00 2.786795e+00 3.049665e+00 3.231877e+00 8.108288e+00 8.511936e+00 8.950587e+00 3.911239e+00 4.204665e+00 4.480973e+00 4.773576e+00 4.911375e+00 4.868505e+00 4.892344e+00 6.640649e+00 7.854988e+00 8.546908e+00 4.580229e+00 4.333704e+00 4.033801e+00 3.742481e+00 3.743355e+00 3.992645e+00
