tests/data/reference/test_implicit_stream_rill_mfda/mrsearstr_pa.asc
ncols	123
nrows	77
xllcorner	-713746.79929998
yllcorner	-1061022.36961616
cellsize	10.0
NODATA_value	-9999
[rows 46 to 68 of 77, columns 52 to 103 of 123]
3.793471e+00 3.696108e+00 3.877514e+00 4.281363e+00 4.487701e+00 4.350786e+00 4.395000e+00 4.451616e+00 4.444703e+00 4.605005e+00 4.771722e+00 9.403218e+00 5.439258e+00 5.499383e+00 5.455688e+00 5.554901e+00 6.207723e+00 6.685142e+00 7.142113e+00 7.295222e+00 7.651550e+00 8.224229e+00 8.247824e+00 7.529496e+00 7.502937e+00 0.000000e+00 5.460906e+00 4.602915e+00 5.603966e+00 6.027314e+00 5.623453e+00 0.000000e+00 0.000000e+00 0.000000e+00 5.704340e+00 5.732397e+00 6.165106e+00 4.587419e+00 4.876305e+00 4.927382e+00 4.884442e+00 4.763532e+00 4.580539e+00 4.306993e+00 4.071626e+00 3.873410e+00 3.674502e+00 4.931790e+00 4.695936e+00 4.760763e+00 5.100895e+00 5.410071e+00
3.658950e+00 3.304682e+00 3.343518e+00 3.801579e+00 3.665718e+00 3.641424e+00 3.703009e+00 3.875308e+00 4.396349e+00 4.230273e+00 8.733802e+00 4.845966e+00 4.819912e+00 4.398260e+00 4.356073e+00 4.863264e+00 4.641344e+00 5.355080e+00 5.815609e+00 5.956659e+00 6.318360e+00 6.937728e+00 7.252512e+00 8.184959e+00 5.200390e+00 0.000000e+00 5.612226e+00 5.140902e+00 6.053452e+00 6.735639e+00 6.760526e+00 6.265271e+00 5.060024e+00 0.000000e+00 0.000000e+00 4.589622e+00 5.372716e+00 4.286080e+00 4.747520e+00 4.895259e+00 4.852926e+00 4.697882e+00 4.570638e+00 4.424984e+00 4.308882e+00 4.189408e+00 4.023514e+00 5.493764e+00 5.199368e+00 5.142776e+00 5.376472e+00 5.607200e+00
3.780131e+00 3.277678e+00 3.179332e+00 2.578083e+00 2.729234e+00 2.704535e+00 2.737719e+00 3.930818e+00 3.681739e+00 8.529882e+00 4.334402e+00 4.185177e+00 3.384908e+00 3.280759e+00 4.522366e+00 3.171558e+00 3.356458e+00 3.800176e+00 4.064752e+00 4.132942e+00 4.373612e+00 4.804128e+00 7.696617e+00 7.171836e+00 7.945817e+00 0.000000e+00 6.029156e+00 7.739779e+00 7.501456e+00 7.832464e+00 7.762493e+00 7.191703e+00 5.723194e+00 2.342111e+00 0.000000e+00 4.009927e+00 4.710309e+00 3.944770e+00 4.522235e+00 4.813913e+00 4.829193e+00 4.654799e+00 4.561062e+00 4.507486e+00 4.495094e+00 4.455131e+00 4.320007e+00 6.032394e+00 5.761211e+00 5.614448e+00 5.659940e+00 5.708722e+00
4.050209e+00 3.541933e+00 2.365513e+00 3.113892e+00 3.457065e+00 3.530321e+00 3.552782e+00 2.604305e+00 8.131151e+00 3.963012e+00 3.035651e+00 3.248383e+00 4.187330e+00 4.416386e+00 3.176395e+00 4.002182e+00 4.523358e+00 5.103143e+00 5.429660e+00 5.497502e+00 5.702521e+00 6.104924e+00 4.662274e+00 5.332991e+00 9.753336e+00 0.000000e+00 7.321952e+00 7.185345e+00 7.714952e+00 8.278930e+00 8.372280e+00 7.907284e+00 6.674702e+00 4.684266e+00 0.000000e+00 0.000000e+00 4.303482e+00 3.620933e+00 4.223413e+00 4.643410e+00 4.771407e+00 4.650938e+00 4.586290e+00 4.578948e+00 4.645316e+00 4.678892e+00 4.564029e+00 6.512339e+00 6.358912e+00 6.163436e+00 5.942805e+00 5.711710e+00
4.327650e+00 6.299059e+00 5.570225e+00 5.126658e+00 4.767303e+00 4.405231e+00 3.981810e+00 7.816373e+00 3.585281e+00 2.825060e+00 3.759443e+00 4.269449e+00 4.493622e+00 4.489538e+00 4.519257e+00 4.617678e+00 4.867390e+00 5.294144e+00 5.539271e+00 5.569270e+00 5.587172e+00 5.610850e+00 6.079658e+00 7.060497e+00 7.579277e+00 0.000000e+00 6.421577e+00 5.376118e+00 7.281709e+00 8.380620e+00 8.794031e+00 8.635090e+00 7.608897e+00 8.055749e+00 4.148249e+00 0.000000e+00 4.235841e+00 3.413409e+00 3.986931e+00 4.450997e+00 4.655149e+00 4.619724e+00 4.603662e+00 4.608318e+00 6.052881e+00 6.202395e+00 4.777467e+00 6.939617e+00 6.818579e+00 6.606232e+00 6.285514e+00 5.913340e+00
7.664587e+00 4.485027e+00 5.510243e+00 5.209933e+00 5.969066e+00 7.377686e+00 7.820522e+00 3.535554e+00 3.662166e+00 4.041121e+00 4.252638e+00 4.283449e+00 4.329272e+00 4.368977e+00 4.473904e+00 4.659265e+00 6.462063e+00 6.455725e+00 6.238821e+00 6.116304e+00 5.866622e+00 5.360283e+00 5.422134e+00 6.143667e+00 6.755773e+00 0.000000e+00 5.216502e+00 7.241253e+00 8.440776e+00 9.304999e+00 9.547021e+00 9.305262e+00 8.315334e+00 6.595431e+00 6.379545e+00 0.000000e+00 0.000000e+00 3.470793e+00 3.856848e+00 4.301648e+00 4.529292e+00 4.562784e+00 4.611506e+00 4.616199e+00 6.603431e+00 6.847332e+00 4.939904e+00 7.348447e+00 7.141136e+00 6.916829e+00 6.702314e+00 6.363551e+00
4.899632e+00 4.843792e+00 3.143132e+00 4.003305e+00 4.409183e+00 3.816438e+00 3.810906e+00 3.723403e+00 3.903390e+00 4.372968e+00 4.517542e+00 4.281915e+00 4.166882e+00 4.190650e+00 4.292957e+00 4.473018e+00 3.476364e+00 4.994894e+00 5.911091e+00 6.414117e+00 6.164457e+00 5.162814e+00 4.916366e+00 5.516380e+00 4.328862e+00 0.000000e+00 6.985513e+00 8.434827e+00 9.357344e+00 1.003734e+01 1.023223e+01 9.717137e+00 8.780033e+00 7.478692e+00 5.572393e+00 5.412362e+00 0.000000e+00 4.555162e+00 3.857258e+00 4.170431e+00 4.335671e+00 4.375473e+00 4.493699e+00 5.916591e+00 6.871922e+00 7.144646e+00 6.498364e+00 7.670104e+00 7.490979e+00 7.244544e+00 7.051653e+00 6.821513e+00
4.981757e+00 5.095024e+00 4.767916e+00 5.074100e+00 3.772860e+00 3.853781e+00 3.916814e+00 3.921240e+00 4.195670e+00 6.171037e+00 5.758436e+00 4.929089e+00 4.323093e+00 4.117147e+00 4.108500e+00 4.256991e+00 4.704941e+00 5.467268e+00 6.140397e+00 6.684428e+00 6.352057e+00 5.085382e+00 6.425727e+00 7.408822e+00 7.656098e+00 0.000000e+00 7.752384e+00 8.868464e+00 9.753582e+00 1.058675e+01 1.061776e+01 9.933563e+00 9.141958e+00 8.428628e+00 6.826011e+00 8.013312e+00 0.000000e+00 0.000000e+00 4.203960e+00 4.102729e+00 4.093723e+00 4.056834e+00 5.446838e+00 6.352958e+00 7.032990e+00 7.356723e+00 7.228964e+00 7.867058e+00 7.853788e+00 7.614088e+00 7.325994e+00 7.238262e+00
5.112303e+00 5.333247e+00 6.638193e+00 4.213736e+00 3.845341e+00 3.934832e+00 4.036412e+00 4.085359e+00 4.389312e+00 5.030634e+00 5.261933e+00 5.009284e+00 4.635374e+00 4.216792e+00 4.102464e+00 4.284474e+00 4.692860e+00 5.343118e+00 5.963615e+00 6.526103e+00 6.198049e+00 4.870638e+00 3.197345e+00 3.926517e+00 5.797986e+00 0.000000e+00 7.671196e+00 9.072558e+00 1.006422e+01 1.066000e+01 1.066000e+01 1.012892e+01 9.527066e+00 9.280675e+00 1.079000e+01 1.060495e+01 4.053239e+00 0.000000e+00 4.517998e+00 4.412594e+00 4.169713e+00 4.113942e+00 6.045087e+00 6.723632e+00 7.272485e+00 7.575503e+00 7.593739e+00 7.928271e+00 8.019799e+00 7.894128e+00 7.632184e+00 7.557419e+00
5.334852e+00 5.519582e+00 5.226855e+00 4.409728e+00 4.030038e+00 4.123550e+00 4.222521e+00 4.297621e+00 4.544005e+00 3.529031e+00 7.172882e+00 8.438506e+00 7.449595e+00 8.770188e+00 9.206134e+00 9.259228e+00 9.400567e+00 9.661534e+00 9.847555e+00 9.935842e+00 8.967859e+00 6.991429e+00 6.583028e+00 7.594557e+00 0.000000e+00 0.000000e+00 5.976725e+00 8.231463e+00 9.607554e+00 1.045709e+01 1.055882e+01 1.001973e+01 9.715074e+00 9.901424e+00 8.883883e+00 9.311256e+00 1.057234e+01 0.000000e+00 4.853653e+00 4.703825e+00 4.535263e+00 5.858699e+00 6.898894e+00 7.342587e+00 7.687594e+00 7.846320e+00 7.792466e+00 7.875646e+00 7.978655e+00 8.042288e+00 7.963465e+00 7.797853e+00
5.631911e+00 5.630199e+00 5.318363e+00 4.622738e+00 4.361164e+00 4.379727e+00 4.476136e+00 4.647009e+00 4.820034e+00 6.579110e+00 5.364110e+00 5.628617e+00 7.162465e+00 4.915407e+00 4.750068e+00 6.613066e+00 6.378267e+00 6.184587e+00 6.117046e+00 6.450334e+00 6.291061e+00 5.501210e+00 5.569305e+00 6.619251e+00 0.000000e+00 6.472499e+00 6.768137e+00 8.537260e+00 9.462638e+00 9.807169e+00 9.924199e+00 9.967012e+00 9.995578e+00 1.003602e+01 9.258265e+00 1.047557e+01 1.079000e+01 0.000000e+00 0.000000e+00 5.323924e+00 6.802259e+00 7.221644e+00 7.679337e+00 7.864734e+00 7.993812e+00 8.049785e+00 7.962618e+00 7.870892e+00 7.843873e+00 7.899197e+00 7.895854e+00 7.672496e+00
5.989658e+00 5.562474e+00 5.146829e+00 5.059747e+00 4.785032e+00 4.662444e+00 4.750192e+00 4.986402e+00 5.131481e+00 5.169177e+00 5.364495e+00 5.706587e+00 5.696724e+00 5.253108e+00 5.133891e+00 5.442574e+00 7.529562e+00 9.320800e+00 1.066000e+01 1.066000e+01 1.038460e+01 9.359330e+00 8.977456e+00 9.203783e+00 0.000000e+00 6.604558e+00 6.737843e+00 8.210651e+00 8.822752e+00 8.917205e+00 9.252634e+00 9.926430e+00 1.027132e+01 1.029227e+01 9.854983e+00 8.679674e+00 1.079000e+01 1.079000e+01 0.000000e+00 8.247112e+00 8.877966e+00 8.481676e+00 8.407019e+00 8.281578e+00 8.162324e+00 8.153890e+00 8.130630e+00 7.942674e+00 7.654091e+00 7.478703e+00 7.400060e+00 7.156387e+00
5.896196e+00 4.698453e+00 5.054305e+00 5.123999e+00 4.908916e+00 4.824075e+00 4.845840e+00 5.089096e+00 5.244336e+00 5.252803e+00 5.372002e+00 5.672638e+00 5.736479e+00 5.488843e+00 5.432944e+00 5.686368e+00 6.000416e+00 6.332366e+00 6.661716e+00 9.174958e+00 8.643628e+00 8.037428e+00 7.627576e+00 7.796928e+00 0.000000e+00 6.679496e+00 6.642140e+00 7.858081e+00 8.324283e+00 8.418286e+00 1.066000e+01 1.066000e+01 1.066000e+01 1.066000e+01 1.066000e+01 1.079000e+01 1.079000e+01 1.079000e+01 0.000000e+00 0.000000e+00 9.624272e+00 9.234121e+00 8.757731e+00 8.449073e+00 8.207931e+00 8.121858e+00 8.086284e+00 7.896314e+00 7.527713e+00 7.251497e+00 7.165419e+00 6.924908e+00
4.152072e+00 4.713808e+00 4.576464e+00 4.636225e+00 4.888831e+00 4.745900e+00 4.759588e+00 4.936668e+00 5.125395e+00 5.239548e+00 5.393994e+00 5.519918e+00 5.637242e+00 5.627912e+00 5.625889e+00 5.787018e+00 6.070856e+00 6.437853e+00 6.836780e+00 7.236667e+00 9.880795e+00 1.039872e+01 1.066000e+01 1.066000e+01 0.000000e+00 6.527948e+00 8.079460e+00 1.066000e+01 1.066000e+01 1.066000e+01 8.782099e+00 1.066000e+01 1.066000e+01 1.016357e+01 1.052930e+01 1.066000e+01 1.079000e+01 1.079000e+01 1.079000e+01 0.000000e+00 0.000000e+00 9.142710e+00 8.882249e+00 8.336532e+00 8.113297e+00 7.968210e+00 7.835700e+00 7.689271e+00 7.428223e+00 7.230567e+00 7.239109e+00 7.060766e+00
5.056842e+00 4.440761e+00 3.586484e+00 4.468297e+00 4.558510e+00 4.568483e+00 4.554814e+00 4.594077e+00 4.790018e+00 5.259729e+00 5.329075e+00 5.354670e+00 5.563941e+00 5.734147e+00 5.839487e+00 5.956884e+00 6.177277e+00 6.515430e+00 6.917125e+00 7.341571e+00 5.033992e+00 5.047265e+00 7.868673e+00 5.731463e+00 0.000000e+00 6.341093e+00 8.061247e+00 9.071548e+00 8.775004e+00 8.060166e+00 7.540489e+00 8.150661e+00 8.674291e+00 9.014219e+00 9.550951e+00 1.032360e+01 1.009043e+01 9.801626e+00 7.370553e+00 1.079000e+01 0.000000e+00 0.000000e+00 7.998640e+00 7.727749e+00 7.783147e+00 7.789048e+00 7.691542e+00 7.618184e+00 7.444622e+00 7.185885e+00 7.032173e+00 6.860136e+00
5.235069e+00 2.786059e+00 3.579135e+00 3.647792e+00 3.994522e+00 4.120524e+00 4.104992e+00 4.007445e+00 4.659022e+00 4.908074e+00 5.127548e+00 5.314255e+00 5.412207e+00 5.722859e+00 6.025704e+00 6.154242e+00 6.381832e+00 6.695599e+00 6.950939e+00 4.961442e+00 6.482882e+00 6.960670e+00 5.084444e+00 7.286295e+00 0.000000e+00 8.496044e+00 9.145338e+00 8.806303e+00 7.053527e+00 5.469420e+00 5.611316e+00 5.884791e+00 6.209273e+00 6.533517e+00 6.988386e+00 7.610416e+00 1.066000e+01 1.066000e+01 1.079000e+01 9.200600e+00 1.079000e+01 0.000000e+00 5.916916e+00 6.710745e+00 7.158020e+00 7.548844e+00 7.642120e+00 7.680956e+00 7.609933e+00 7.169576e+00 6.649613e+00 4.416189e+00
4.834262e+00 3.784351e+00 2.382164e+00 2.684033e+00 2.936419e+00 3.103901e+00 3.092199e+00 4.102001e+00 3.784792e+00 4.193035e+00 4.918010e+00 4.810979e+00 4.977189e+00 5.495039e+00 5.788926e+00 6.053893e+00 6.375017e+00 6.592042e+00 4.878806e+00 6.528044e+00 7.199948e+00 7.181173e+00 7.498876e+00 8.341948e+00 0.000000e+00 8.416740e+00 8.896968e+00 5.480124e+00 5.345797e+00 6.983165e+00 7.821682e+00 8.328727e+00 8.876066e+00 9.557298e+00 1.036177e+01 1.066000e+01 7.566392e+00 7.744541e+00 9.396319e+00 8.274239e+00 5.551442e+00 0.000000e+00 0.000000e+00 5.674688e+00 6.533207e+00 7.178255e+00 7.366013e+00 7.362293e+00 7.313301e+00 6.793911e+00 4.227231e+00 7.197678e+00
4.341195e+00 3.673143e+00 3.334691e+00 3.476181e+00 3.698971e+00 3.959789e+00 3.982753e+00 2.667849e+00 2.702973e+00 4.081984e+00 3.906414e+00 3.969096e+00 4.584668e+00 4.795700e+00 5.230141e+00 5.668516e+00 5.642014e+00 4.756102e+00 6.439562e+00 7.296991e+00 7.576924e+00 7.396571e+00 7.515334e+00 8.078252e+00 0.000000e+00 8.116075e+00 8.700178e+00 8.720712e+00 8.542130e+00 8.394660e+00 8.282259e+00 8.188513e+00 8.370618e+00 8.856766e+00 9.552956e+00 1.043210e+01 1.066000e+01 1.066000e+01 1.066000e+01 1.066000e+01 1.079000e+01 9.855969e+00 0.000000e+00 0.000000e+00 6.232300e+00 6.711425e+00 4.529465e+00 6.676501e+00 6.568380e+00 4.163926e+00 6.503068e+00 7.652655e+00
3.725957e+00 3.529924e+00 3.414380e+00 3.434719e+00 3.515673e+00 3.649918e+00 3.628174e+00 3.413773e+00 3.393355e+00 2.640824e+00 2.759297e+00 3.834389e+00 3.655984e+00 3.932630e+00 4.394801e+00 3.976010e+00 4.389184e+00 6.159296e+00 7.147608e+00 7.595345e+00 7.717769e+00 7.574209e+00 7.587311e+00 7.840817e+00 0.000000e+00 7.964872e+00 8.780070e+00 9.161576e+00 9.111300e+00 8.793351e+00 8.479597e+00 8.164548e+00 8.070630e+00 8.226940e+00 8.730465e+00 9.588496e+00 1.033808e+01 1.066000e+01 7.092007e+00 6.960971e+00 8.053761e+00 6.856587e+00 1.079000e+01 0.000000e+00 5.682496e+00 6.308174e+00 4.369298e+00 4.179222e+00 4.092473e+00 4.345767e+00 7.151566e+00 7.672443e+00
3.079003e+00 3.299828e+00 3.453896e+00 3.527589e+00 3.546060e+00 3.500347e+00 3.406337e+00 3.273593e+00 3.200365e+00 3.203463e+00 3.273618e+00 2.486346e+00 2.631631e+00 2.824350e+00 3.211775e+00 4.793384e+00 5.969060e+00 6.898064e+00 7.431518e+00 7.589756e+00 7.585976e+00 7.458803e+00 9.971737e+00 1.063628e+01 0.000000e+00 8.697196e+00 9.295035e+00 9.825324e+00 9.828405e+00 9.365435e+00 8.871330e+00 8.353808e+00 8.011093e+00 7.853128e+00 8.055704e+00 8.676302e+00 9.382483e+00 1.008369e+01 1.066000e+01 1.066000e+01 1.066000e+01 9.743705e+00 7.727530e+00 0.000000e+00 0.000000e+00 5.473089e+00 4.269835e+00 4.257901e+00 4.205672e+00 7.176879e+00 7.798462e+00 7.860296e+00
2.097910e+00 2.929584e+00 3.432371e+00 3.708461e+00 3.750016e+00 3.541507e+00 3.386365e+00 3.348405e+00 3.210141e+00 2.917911e+00 2.820511e+00 2.988416e+00 3.298959e+00 3.720112e+00 4.351064e+00 5.209618e+00 6.051330e+00 6.855253e+00 7.285359e+00 7.310282e+00 7.181613e+00 6.943610e+00 4.752525e+00 0.000000e+00 0.000000e+00 6.902159e+00 8.586248e+00 9.807090e+00 1.020219e+01 9.899710e+00 9.385085e+00 8.715937e+00 8.167031e+00 7.749961e+00 7.589580e+00 7.736592e+00 8.318030e+00 9.276194e+00 1.011024e+01 1.066000e+01 1.066000e+01 1.066000e+01 9.604582e+00 7.587663e+00 0.000000e+00 0.000000e+00 5.170046e+00 4.467614e+00 4.733099e+00 5.108996e+00 5.437199e+00 7.247441e+00
-9.999000e+03 -9.999000e+03 -9.999000e+03 -9.999000e+03 -9.999000e+03 -9.999000e+03 -9.999000e+03 2.581301e+00 2.451077e+00 2.106699e+00 1.963376e+00 2.091047e+00 2.938973e+00 3.747119e+00 4.481787e+00 5.152010e+00 5.855645e+00 6.634061e+00 7.004815e+00 6.922011e+00 6.714159e+00 6.398432e+00 6.675794e+00 0.000000e+00 6.453490e+00 6.079291e+00 7.808636e+00 9.410406e+00 1.024704e+01 1.033673e+01 9.962740e+00 9.202251e+00 8.462270e+00 7.768143e+00 7.271914e+00 7.013071e+00 7.383373e+00 8.410889e+00 9.423188e+00 1.031406e+01 1.066000e+01 1.066000e+01 1.066000e+01 9.123504e+00 6.633712e+00 0.000000e+00 0.000000e+00 4.730539e+00 5.359393e+00 5.623615e+00 5.756752e+00 5.730398e+00
-9.999000e+03 -9.999000e+03 -9.999000e+03 -9.999000e+03 -9.999000e+03 -9.999000e+03 -9.999000e+03 -9.999000e+03 -9.999000e+03 -9.999000e+03 2.563053e+00 2.649457e+00 2.476349e+00 3.052556e+00 4.342638e+00 4.970810e+00 5.567028e+00 6.335036e+00 6.654914e+00 6.472344e+00 6.264829e+00 6.051528e+00 6.441697e+00 0.000000e+00 6.408757e+00 5.914341e+00 7.563812e+00 9.240603e+00 1.029747e+01 1.066000e+01 1.058822e+01 9.767906e+00 8.862634e+00 7.908906e+00 7.200780e+00 6.769291e+00 6.882642e+00 7.565458e+00 8.515993e+00 9.689147e+00 1.055261e+01 1.066000e+01 1.066000e+01 1.004540e+01 8.170644e+00 5.711360e+00 0.000000e+00 0.000000e+00 5.678784e+00 6.040487e+00 -9.999000e+03 -9.999000e+03
