tests/data/reference/test_implicit_stream_rill_mfda/mrsearstr_pa.asc
ncols	123
nrows	77
xllcorner	-713746.79929998
yllcorner	-1061022.36961616
cellsize	10.0
NODATA_value	-9999
[rows 46 to 68 of 77, columns 0 to 51 of 123]
-9.999000e+03 -9.999000e+03 -9.999000e+03 -9.999000e+03 -9.999000e+03 -9.999000e+03 5.802403e-01 1.392724e+00 1.181126e+00 1.269618e+00 1.038055e+00 1.416770e+00 1.641560e+00 1.664596e+00 1.656583e+00 1.626611e+00 1.654581e+00 1.709647e+00 1.878987e+00 2.266070e+00 2.591355e+00 2.591758e+00 2.613232e+00 2.506168e+00 2.712796e+00 3.042693e+00 3.127061e+00 2.943167e+00 2.885325e+00 2.948824e+00 2.968884e+00 7.138958e+00 7.483736e+00 3.250468e+00 3.529311e+00 3.860314e+00 4.255348e+00 4.656444e+00 4.981204e+00 5.269417e+00 5.432972e+00 5.452743e+00 5.466114e+00 5.542954e+00 5.472714e+00 5.218332e+00 5.008101e+00 4.799363e+00 4.451159e+00 3.980251e+00 3.727343e+00 3.791919e+00
-9.999000e+03 -9.999000e+03 -9.999000e+03 -9.999000e+03 -9.999000e+03 -9.999000e+03 1.650203e+00 1.140254e+00 1.311795e+00 1.456713e+00 1.253909e+00 1.671966e+00 1.829166e+00 1.899897e+00 1.917017e+00 1.803338e+00 1.651936e+00 1.565559e+00 1.691797e+00 2.063952e+00 1.867333e+00 2.025032e+00 2.107568e+00 2.100565e+00 2.665130e+00 3.065525e+00 3.165489e+00 6.139533e+00 6.410348e+00 7.004072e+00 7.305188e+00 3.147553e+00 3.261601e+00 3.494514e+00 3.765504e+00 4.033023e+00 4.341000e+00 4.690886e+00 4.982887e+00 5.270940e+00 5.532630e+00 5.724694e+00 5.855878e+00 5.942307e+00 5.878534e+00 5.619942e+00 5.350802e+00 5.132600e+00 4.873958e+00 4.464392e+00 4.077256e+00 3.895620e+00
-9.999000e+03 -9.999000e+03 -9.999000e+03 -9.999000e+03 -9.999000e+03 4.556293e-01 9.772863e-01 1.500981e+00 1.136893e+00 1.184528e+00 1.457778e+00 1.619603e+00 1.802464e+00 1.947181e+00 1.954250e+00 1.904133e+00 1.748680e+00 1.604620e+00 1.698697e+00 2.039568e+00 2.897728e+00 3.651583e+00 4.352343e+00 5.065904e+00 5.480829e+00 5.984615e+00 6.367563e+00 3.150137e+00 3.148298e+00 3.298721e+00 3.347188e+00 3.310537e+00 3.426233e+00 3.623851e+00 3.819974e+00 4.004011e+00 4.250334e+00 4.607913e+00 4.913659e+00 5.170758e+00 5.438631e+00 5.696619e+00 5.912324e+00 6.068682e+00 6.093774e+00 5.937912e+00 5.670209e+00 5.374805e+00 5.147446e+00 4.878745e+00 4.504522e+00 4.165739e+00
-9.999000e+03 -9.999000e+03 -9.999000e+03 -9.999000e+03 8.649057e-01 1.241314e+00 1.333193e+00 1.642191e+00 9.979562e-01 9.074090e-01 1.164780e+00 1.332434e+00 1.641121e+00 1.688734e+00 1.831279e+00 1.892696e+00 1.839368e+00 1.699639e+00 1.794904e+00 2.126672e+00 2.431520e+00 2.688763e+00 2.997485e+00 3.260272e+00 3.399210e+00 3.415313e+00 3.442179e+00 3.429865e+00 3.401493e+00 3.438671e+00 3.460709e+00 3.411021e+00 3.414965e+00 3.483758e+00 3.592656e+00 3.726976e+00 3.956488e+00 4.356206e+00 4.731795e+00 5.011396e+00 5.236331e+00 5.445374e+00 5.675857e+00 5.897683e+00 6.044279e+00 6.064691e+00 5.896713e+00 5.565213e+00 5.324820e+00 5.196429e+00 4.893157e+00 4.485201e+00
-9.999000e+03 -9.999000e+03 -9.999000e+03 -9.999000e+03 5.734242e-01 1.197285e+00 1.307656e+00 1.251509e+00 9.416105e-01 7.566831e-01 9.920013e-01 1.384178e+00 1.114967e+00 1.551996e+00 1.764076e+00 1.896383e+00 1.882203e+00 1.730476e+00 1.822220e+00 2.166085e+00 2.535616e+00 2.929260e+00 3.187348e+00 3.602881e+00 3.779150e+00 3.768257e+00 3.817671e+00 3.882430e+00 3.840963e+00 3.778244e+00 3.783432e+00 3.759426e+00 3.707232e+00 3.666323e+00 3.666829e+00 3.716289e+00 3.853775e+00 4.156464e+00 4.526802e+00 4.862652e+00 5.054162e+00 5.152915e+00 5.328681e+00 5.559504e+00 5.780079e+00 5.943744e+00 5.909656e+00 5.651789e+00 5.461454e+00 5.379037e+00 5.172590e+00 4.736712e+00
-9.999000e+03 -9.999000e+03 -9.999000e+03 4.848499e-01 9.015145e-01 1.067681e+00 8.474786e-01 8.377035e-01 6.642108e-01 8.011643e-01 1.031804e+00 9.771601e-01 9.674251e-01 1.413436e+00 1.701569e+00 1.867285e+00 1.879397e+00 1.749035e+00 1.817013e+00 2.155200e+00 2.880898e+00 2.970630e+00 3.499486e+00 3.926204e+00 4.166195e+00 4.218337e+00 4.311436e+00 4.433370e+00 4.416179e+00 4.307304e+00 4.272444e+00 4.257454e+00 4.211582e+00 4.123197e+00 4.020461e+00 3.960354e+00 3.952816e+00 4.061618e+00 4.357544e+00 4.743587e+00 4.904941e+00 4.867042e+00 4.936429e+00 5.113487e+00 5.349184e+00 5.609259e+00 5.726822e+00 5.641371e+00 5.326216e+00 5.340862e+00 5.192229e+00 4.817983e+00
-9.999000e+03 -9.999000e+03 -9.999000e+03 3.965152e-01 7.623296e-01 7.661681e-01 5.925557e-01 4.517161e-01 5.324667e-01 5.772128e-01 7.429176e-01 7.827993e-01 7.812151e-01 1.233471e+00 1.573383e+00 1.744251e+00 1.796684e+00 1.721199e+00 1.707502e+00 2.478588e+00 1.905707e+00 2.770362e+00 3.310806e+00 3.763276e+00 4.113502e+00 4.292053e+00 4.430703e+00 4.574696e+00 4.577859e+00 4.443314e+00 4.355415e+00 4.325188e+00 4.327212e+00 4.315558e+00 4.265373e+00 4.228564e+00 4.167697e+00 4.111752e+00 4.301578e+00 4.711393e+00 4.883275e+00 4.778992e+00 4.745847e+00 4.808007e+00 4.968027e+00 5.216604e+00 5.421343e+00 4.926810e+00 4.918642e+00 4.872474e+00 4.748383e+00 8.842738e+00
-9.999000e+03 -9.999000e+03 2.601261e-01 3.488513e-01 6.405395e-01 6.199471e-01 3.289564e-01 2.590145e-01 3.143607e-01 2.295666e-01 3.989671e-01 5.116565e-01 5.419023e-01 1.008591e+00 1.366109e+00 1.531209e+00 1.652759e+00 1.654833e+00 1.777613e+00 1.449491e+00 1.387952e+00 2.069923e+00 2.601876e+00 3.096603e+00 3.605520e+00 3.954162e+00 4.154293e+00 4.310236e+00 4.329644e+00 4.182782e+00 4.038780e+00 3.980327e+00 4.061746e+00 4.220524e+00 4.336092e+00 4.433462e+00 4.430025e+00 4.304971e+00 4.361886e+00 4.706373e+00 4.923155e+00 4.875421e+00 4.780064e+00 4.700451e+00 4.735486e+00 4.909286e+00 3.601953e+00 3.752929e+00 3.776172e+00 3.682896e+00 9.439347e+00 5.007030e+00
-9.999000e+03 -9.999000e+03 3.373998e-01 5.371202e-01 5.772171e-01 3.436914e-01 1.996870e-01 3.344488e-01 3.100637e-01 5.954192e-02 2.553542e-01 3.430390e-01 3.716208e-01 7.947190e-01 1.069779e+00 1.169797e+00 1.302270e+00 1.395666e+00 1.213759e+00 1.038992e+00 8.705060e-01 1.348396e+00 1.812172e+00 2.270645e+00 2.782018e+00 3.267242e+00 3.614449e+00 3.844318e+00 3.938581e+00 3.862344e+00 3.720866e+00 3.614477e+00 3.719759e+00 3.948929e+00 4.155868e+00 4.328666e+00 4.395189e+00 4.326279e+00 4.366345e+00 4.610521e+00 4.816715e+00 4.870702e+00 4.824699e+00 4.733618e+00 4.758962e+00 4.937935e+00 5.115796e+00 5.305980e+00 9.238179e+00 9.822842e+00 5.043450e+00 5.027873e+00
-9.999000e+03 1.847019e-01 7.989126e-01 6.960481e-01 4.965785e-01 1.189791e-01 3.829618e-01 3.790454e-01 -9.999000e+03 -9.999000e+03 -9.999000e+03 2.462711e-01 3.068748e-01 5.747625e-01 7.233036e-01 7.323388e-01 8.095663e-01 9.542766e-01 8.042944e-01 3.952489e-01 3.239129e-01 6.324125e-01 1.061285e+00 1.367068e+00 1.762496e+00 2.325738e+00 2.806113e+00 3.170965e+00 3.384708e+00 3.431973e+00 3.352830e+00 3.270983e+00 3.315512e+00 3.567954e+00 3.796148e+00 3.996877e+00 4.101261e+00 4.111507e+00 4.249461e+00 4.495124e+00 4.666859e+00 4.755783e+00 4.791856e+00 4.763451e+00 4.856768e+00 5.100594e+00 6.868169e+00 8.236631e+00 5.327740e+00 5.113847e+00 5.097719e+00 5.217208e+00
-9.999000e+03 4.560510e-01 4.687236e-01 4.897265e-01 2.963569e-01 3.169301e-01 -9.999000e+03 -9.999000e+03 -9.999000e+03 -9.999000e+03 -9.999000e+03 -9.999000e+03 3.631904e-01 5.137527e-01 6.800733e-01 7.562489e-01 7.319411e-01 9.850177e-01 8.627046e-01 3.877306e-01 2.344378e-01 2.519446e-01 4.393690e-01 7.253869e-01 1.127990e+00 1.553809e+00 1.990005e+00 2.388649e+00 2.644471e+00 2.764249e+00 2.951044e+00 2.833720e+00 2.950157e+00 3.225551e+00 3.494400e+00 3.728909e+00 3.843110e+00 3.838557e+00 4.036470e+00 4.426738e+00 4.632189e+00 4.703660e+00 4.716653e+00 4.726926e+00 4.911249e+00 5.177629e+00 5.348672e+00 5.419469e+00 5.343300e+00 5.162214e+00 5.247698e+00 5.551034e+00
4.938538e-01 1.097250e+00 5.576410e-01 3.072270e-01 1.010916e-01 5.117558e-01 -9.999000e+03 -9.999000e+03 -9.999000e+03 -9.999000e+03 -9.999000e+03 -9.999000e+03 -9.999000e+03 -9.999000e+03 -9.999000e+03 7.721704e-01 1.044326e+00 8.935118e-01 7.743635e-01 6.121307e-01 7.027883e-01 -9.999000e+03 -9.999000e+03 4.387442e-01 7.336236e-01 9.503696e-01 1.218933e+00 1.519952e+00 1.685503e+00 2.225497e+00 2.230141e+00 2.409670e+00 2.553715e+00 2.899486e+00 3.206914e+00 3.451004e+00 3.565571e+00 3.536827e+00 3.831521e+00 4.313303e+00 4.606369e+00 4.554973e+00 4.560799e+00 4.713153e+00 4.831543e+00 5.149137e+00 5.424244e+00 5.463124e+00 5.404664e+00 5.232155e+00 5.477523e+00 5.954857e+00
3.049973e-01 2.726996e-01 2.325919e-01 2.303856e-01 5.341873e-01 -9.999000e+03 -9.999000e+03 -9.999000e+03 -9.999000e+03 -9.999000e+03 -9.999000e+03 -9.999000e+03 -9.999000e+03 -9.999000e+03 -9.999000e+03 -9.999000e+03 -9.999000e+03 -9.999000e+03 -9.999000e+03 -9.999000e+03 -9.999000e+03 -9.999000e+03 -9.999000e+03 3.795691e-01 6.530858e-01 7.776313e-01 1.131346e+00 1.507262e+00 1.637239e+00 1.245422e+00 1.638720e+00 1.734432e+00 1.996994e+00 2.423322e+00 2.740628e+00 2.928054e+00 3.050489e+00 3.304678e+00 3.507354e+00 4.081620e+00 4.135195e+00 4.150743e+00 4.566816e+00 4.399232e+00 4.501374e+00 4.911587e+00 4.970862e+00 5.106193e+00 5.080394e+00 5.068546e+00 5.290002e+00 6.125218e+00
-9.999000e+03 5.914359e-01 5.132595e-01 7.708441e-01 -9.999000e+03 -9.999000e+03 -9.999000e+03 -9.999000e+03 -9.999000e+03 -9.999000e+03 -9.999000e+03 -9.999000e+03 -9.999000e+03 -9.999000e+03 -9.999000e+03 -9.999000e+03 -9.999000e+03 -9.999000e+03 -9.999000e+03 -9.999000e+03 -9.999000e+03 -9.999000e+03 -9.999000e+03 -9.999000e+03 -9.999000e+03 -9.999000e+03 9.539021e-01 1.146853e+00 1.326830e+00 1.061174e+00 8.270568e-01 9.889592e-01 1.295818e+00 1.742865e+00 1.974478e+00 2.033220e+00 2.806978e+00 2.789563e+00 3.096625e+00 2.932503e+00 3.157208e+00 4.355511e+00 3.983263e+00 3.934918e+00 4.362212e+00 4.049135e+00 4.137815e+00 4.220176e+00 4.715365e+00 4.449129e+00 4.946813e+00 5.380870e+00
-9.999000e+03 -9.999000e+03 -9.999000e+03 -9.999000e+03 -9.999000e+03 -9.999000e+03 -9.999000e+03 -9.999000e+03 -9.999000e+03 -9.999000e+03 -9.999000e+03 -9.999000e+03 -9.999000e+03 -9.999000e+03 -9.999000e+03 -9.999000e+03 -9.999000e+03 -9.999000e+03 -9.999000e+03 -9.999000e+03 -9.999000e+03 -9.999000e+03 -9.999000e+03 -9.999000e+03 -9.999000e+03 -9.999000e+03 -9.999000e+03 -9.999000e+03 1.036954e+00 8.858011e-01 6.670728e-01 8.007114e-01 1.123197e+00 1.904952e+00 2.244286e+00 2.141472e+00 1.761669e+00 2.051928e+00 2.351147e+00 3.328842e+00 3.852198e+00 2.959142e+00 3.024117e+00 4.211893e+00 3.076283e+00 3.085212e+00 3.052468e+00 4.170848e+00 3.817614e+00 4.287383e+00 3.424008e+00 4.101162e+00
-9.999000e+03 -9.999000e+03 -9.999000e+03 -9.999000e+03 -9.999000e+03 -9.999000e+03 -9.999000e+03 -9.999000e+03 -9.999000e+03 -9.999000e+03 -9.999000e+03 -9.999000e+03 -9.999000e+03 -9.999000e+03 -9.999000e+03 -9.999000e+03 -9.999000e+03 -9.999000e+03 -9.999000e+03 -9.999000e+03 -9.999000e+03 -9.999000e+03 -9.999000e+03 -9.999000e+03 -9.999000e+03 -9.999000e+03 -9.999000e+03 -9.999000e+03 -9.999000e+03 7.438194e-01 9.187171e-01 1.113988e+00 1.514026e+00 1.749967e+00 1.851207e+00 1.603806e+00 1.618903e+00 1.941141e+00 2.711760e+00 3.195243e+00 3.457687e+00 3.563020e+00 3.782372e+00 2.970583e+00 3.830494e+00 4.117605e+00 4.055474e+00 2.728842e+00 3.838945e+00 3.078785e+00 4.285660e+00 5.305831e+00
-9.999000e+03 -9.999000e+03 -9.999000e+03 -9.999000e+03 -9.999000e+03 -9.999000e+03 -9.999000e+03 -9.999000e+03 -9.999000e+03 -9.999000e+03 -9.999000e+03 -9.999000e+03 -9.999000e+03 -9.999000e+03 -9.999000e+03 -9.999000e+03 -9.999000e+03 -9.999000e+03 -9.999000e+03 -9.999000e+03 -9.999000e+03 -9.999000e+03 -9.999000e+03 -9.999000e+03 -9.999000e+03 -9.999000e+03 -9.999000e+03 -9.999000e+03 -9.999000e+03 -9.999000e+03 1.226505e+00 -9.999000e+03 -9.999000e+03 -9.999000e+03 -9.999000e+03 -9.999000e+03 -9.999000e+03 -9.999000e+03 2.193803e+00 2.840931e+00 3.068180e+00 3.061266e+00 3.275694e+00 3.735153e+00 4.008623e+00 4.068753e+00 3.865690e+00 3.401551e+00 2.579278e+00 3.863732e+00 4.656767e+00 5.108808e+00
-9.999000e+03 -9.999000e+03 -9.999000e+03 -9.999000e+03 -9.999000e+03 -9.999000e+03 -9.999000e+03 -9.999000e+03 -9.999000e+03 -9.999000e+03 -9.999000e+03 -9.999000e+03 -9.999000e+03 -9.999000e+03 -9.999000e+03 -9.999000e+03 -9.999000e+03 -9.999000e+03 -9.999000e+03 -9.999000e+03 -9.999000e+03 -9.999000e+03 -9.999000e+03 -9.999000e+03 -9.999000e+03 -9.999000e+03 -9.999000e+03 -9.999000e+03 -9.999000e+03 -9.999000e+03 -9.999000e+03 -9.999000e+03 -9.999000e+03 -9.999000e+03 -9.999000e+03 -9.999000e+03 -9.999000e+03 -9.999000e+03 -9.999000e+03 -9.999000e+03 -9.999000e+03 2.219277e+00 2.342987e+00 2.701082e+00 3.584747e+00 3.836225e+00 3.677778e+00 3.202188e+00 3.387589e+00 4.290290e+00 4.751425e+00 4.686529e+00
-9.999000e+03 -9.999000e+03 -9.999000e+03 -9.999000e+03 -9.999000e+03 -9.999000e+03 -9.999000e+03 -9.999000e+03 -9.999000e+03 -9.999000e+03 -9.999000e+03 -9.999000e+03 -9.999000e+03 -9.999000e+03 -9.999000e+03 -9.999000e+03 -9.999000e+03 -9.999000e+03 -9.999000e+03 -9.999000e+03 -9.999000e+03 -9.999000e+03 -9.999000e+03 -9.999000e+03 -9.999000e+03 -9.999000e+03 -9.999000e+03 -9.999000e+03 -9.999000e+03 -9.999000e+03 -9.999000e+03 -9.999000e+03 -9.999000e+03 -9.999000e+03 -9.999000e+03 -9.999000e+03 -9.999000e+03 -9.999000e+03 -9.999000e+03 -9.999000e+03 -9.999000e+03 -9.999000e+03 -9.999000e+03 -9.999000e+03 2.967100e+00 2.869958e+00 3.348617e+00 3.216073e+00 2.592454e+00 3.981748e+00 4.475524e+00 4.075307e+00
-9.999000e+03 -9.999000e+03 -9.999000e+03 -9.999000e+03 -9.999000e+03 -9.999000e+03 -9.999000e+03 -9.999000e+03 -9.999000e+03 -9.999000e+03 -9.999000e+03 -9.999000e+03 -9.999000e+03 -9.999000e+03 -9.999000e+03 -9.999000e+03 -9.999000e+03 -9.999000e+03 -9.999000e+03 -9.999000e+03 -9.999000e+03 -9.999000e+03 -9.999000e+03 -9.999000e+03 -9.999000e+03 -9.999000e+03 -9.999000e+03 -9.999000e+03 -9.999000e+03 -9.999000e+03 -9.999000e+03 -9.999000e+03 -9.999000e+03 -9.999000e+03 -9.999000e+03 -9.999000e+03 -9.999000e+03 -9.999000e+03 -9.999000e+03 -9.999000e+03 -9.999000e+03 -9.999000e+03 -9.999000e+03 -9.999000e+03 -9.999000e+03 -9.999000e+03 -9.999000e+03 -9.999000e+03 -9.999000e+03 -9.999000e+03 3.220594e+00 3.272647e+00
-9.999000e+03 -9.999000e+03 -9.999000e+03 -9.999000e+03 -9.999000e+03 -9.999000e+03 -9.999000e+03 -9.999000e+03 -9.999000e+03 -9.999000e+03 -9.999000e+03 -9.999000e+03 -9.999000e+03 -9.999000e+03 -9.999000e+03 -9.999000e+03 -9.999000e+03 -9.999000e+03 -9.999000e+03 -9.999000e+03 -9.999000e+03 -9.999000e+03 -9.999000e+03 -9.999000e+03 -9.999000e+03 -9.999000e+03 -9.999000e+03 -9.999000e+03 -9.999000e+03 -9.999000e+03 -9.999000e+03 -9.999000e+03 -9.999000e+03 -9.999000e+03 -9.999000e+03 -9.999000e+03 -9.999000e+03 -9.999000e+03 -9.999000e+03 -9.999000e+03 -9.999000e+03 -9.999000e+03 -9.999000e+03 -9.999000e+03 -9.999000e+03 -9.999000e+03 -9.999000e+03 -9.999000e+03 -9.999000e+03 -9.999000e+03 -9.999000e+03 2.400620e+00
-9.999000e+03 -9.999000e+03 -9.999000e+03 -9.999000e+03 -9.999000e+03 -9.999000e+03 -9.999000e+03 -9.999000e+03 -9.999000e+03 -9.999000e+03 -9.999000e+03 -9.999000e+03 -9.999000e+03 -9.999000e+03 -9.999000e+03 -9.999000e+03 -9.999000e+03 -9.999000e+03 -9.999000e+03 -9.999000e+03 -9.999000e+03 -9.999000e+03 -9.999000e+03 -9.999000e+03 -9.999000e+03 -9.999000e+03 -9.999000e+03 -9.999000e+03 -9.999000e+03 -9.999000e+03 -9.999000e+03 -9.999000e+03 -9.999000e+03 -9.999000e+03 -9.999000e+03 -9.999000e+03 -9.999000e+03 -9.999000e+03 -9.999000e+03 -9.999000e+03 -9.999000e+03 -9.999000e+03 -9.999000e+03 -9.999000e+03 -9.999000e+03 -9.999000e+03 -9.999000e+03 -9.999000e+03 -9.999000e+03 -9.999000e+03 -9.999000e+03 -9.999000e+03
-9.999000e+03 -9.999000e+03 -9.999000e+03 -9.999000e+03 -9.999000e+03 -9.999000e+03 -9.999000e+03 -9.999000e+03 -9.999000e+03 -9.999000e+03 -9.999000e+03 -9.999000e+03 -9.999000e+03 -9.999000e+03 -9.999000e+03 -9.999000e+03 -9.999000e+03 -9.999000e+03 -9.999000e+03 -9.999000e+03 -9.999000e+03 -9.999000e+03 -9.999000e+03 -9.999000e+03 -9.999000e+03 -9.999000e+03 -9.999000e+03 -9.999000e+03 -9.999000e+03 -9.999000e+03 -9.999000e+03 -9.999000e+03 -9.999000e+03 -9.999000e+03 -9.999000e+03 -9.999000e+03 -9.999000e+03 -9.999000e+03 -9.999000e+03 -9.999000e+03 -9.999000e+03 -9.999000e+03 -9.999000e+03 -9.999000e+03 -9.999000e+03 -9.999000e+03 -9.999000e+03 -9.999000e+03 -9.999000e+03 -9.999000e+03 -9.999000e+03 -9.999000e+03
