tests/data/reference/test_implicit_stream_rill_mfda/mrsearstr_pa.asc
ncols	123
nrows	77
xllcorner	-713746.79929998
yllcorner	-1061022.36961616
cellsize	10.0
NODATA_value	-9999
[rows 46 to 68 of 77, columns 52 to 103 of 123]
3.788139e+00 3.691484e+00 3.874591e+00 4.281895e+00 4.490954e+00 4.375625e+00 4.419996e+00 4.477278e+00 4.470603e+00 4.608543e+00 4.786009e+00 9.643554e+00 5.445215e+00 5.518058e+00 5.491673e+00 5.591842e+00 6.215290e+00 6.734283e+00 7.198138e+00 7.354079e+00 7.714614e+00 8.294876e+00 8.320921e+00 7.595336e+00 7.510514e+00 0.000000e+00 5.506613e+00 4.657929e+00 5.663523e+00 6.066024e+00 5.637394e+00 0.000000e+00 0.000000e+00 0.000000e+00 5.695381e+00 5.728786e+00 6.162779e+00 4.644523e+00 4.937342e+00 4.989113e+00 4.945589e+00 4.823036e+00 4.637550e+00 4.360262e+00 4.121667e+00 3.920725e+00 3.719079e+00 4.934814e+00 4.697207e+00 4.762989e+00 5.105567e+00 5.416327e+00
3.652991e+00 3.298581e+00 3.338544e+00 3.799469e+00 3.699687e+00 3.675372e+00 3.737674e+00 3.912182e+00 4.399484e+00 4.254018e+00 8.937837e+00 4.850220e+00 4.849622e+00 4.443198e+00 4.400229e+00 4.868201e+00 4.688958e+00 5.412559e+00 5.880560e+00 6.024330e+00 6.391215e+00 7.019954e+00 7.340642e+00 8.197632e+00 5.265814e+00 0.000000e+00 5.579439e+00 5.175146e+00 6.100565e+00 6.772272e+00 6.779305e+00 6.269269e+00 4.939388e+00 0.000000e+00 0.000000e+00 4.582461e+00 5.367175e+00 4.339062e+00 4.806806e+00 4.956553e+00 4.913646e+00 4.756493e+00 4.627513e+00 4.479868e+00 4.362177e+00 4.241065e+00 4.072893e+00 5.497935e+00 5.202299e+00 5.145745e+00 5.380927e+00 5.612407e+00
3.775275e+00 3.272075e+00 3.174257e+00 2.607610e+00 2.760822e+00 2.735786e+00 2.769423e+00 3.932426e+00 3.715954e+00 8.710036e+00 4.336822e+00 4.226590e+00 3.425498e+00 3.319915e+00 4.533693e+00 3.209212e+00 3.396656e+00 3.846484e+00 4.114698e+00 4.183824e+00 4.427794e+00 4.864184e+00 7.704783e+00 7.258335e+00 8.016215e+00 0.000000e+00 5.646864e+00 7.508265e+00 7.451145e+00 7.817203e+00 7.755717e+00 7.186583e+00 5.713478e+00 2.366156e+00 0.000000e+00 3.996110e+00 4.702731e+00 3.993066e+00 4.578450e+00 4.874103e+00 4.889590e+00 4.712822e+00 4.617807e+00 4.563499e+00 4.550937e+00 4.510428e+00 4.373455e+00 6.038233e+00 5.766275e+00 5.618634e+00 5.663786e+00 5.711950e+00
4.049752e+00 3.539930e+00 2.392157e+00 3.140835e+00 3.473507e+00 3.537338e+00 3.554890e+00 2.634190e+00 8.277052e+00 3.963264e+00 3.071437e+00 3.287093e+00 4.229226e+00 4.442111e+00 3.214116e+00 4.041543e+00 4.549763e+00 5.118646e+00 5.438467e+00 5.502034e+00 5.704940e+00 6.107467e+00 4.720399e+00 5.400201e+00 9.800033e+00 0.000000e+00 6.319259e+00 7.166391e+00 7.742239e+00 8.296961e+00 8.379851e+00 7.908066e+00 6.667633e+00 4.671079e+00 0.000000e+00 0.000000e+00 4.296140e+00 3.664773e+00 4.275537e+00 4.701278e+00 4.831018e+00 4.708909e+00 4.643379e+00 4.635937e+00 4.703210e+00 4.737244e+00 4.620814e+00 6.519040e+00 6.365740e+00 6.169044e+00 5.946242e+00 5.713017e+00
4.337327e+00 6.534753e+00 5.802256e+00 5.355108e+00 4.989469e+00 4.623657e+00 4.192499e+00 7.937699e+00 3.583503e+00 2.857958e+00 3.795039e+00 4.293424e+00 4.505743e+00 4.494072e+00 4.520315e+00 4.617806e+00 4.868109e+00 5.296472e+00 5.542512e+00 5.571653e+00 5.588098e+00 5.610798e+00 6.080673e+00 7.065689e+00 7.586808e+00 0.000000e+00 6.056728e+00 5.443907e+00 7.368075e+00 8.451123e+00 8.837502e+00 8.654601e+00 7.609874e+00 8.154835e+00 4.136685e+00 0.000000e+00 4.225418e+00 3.454391e+00 4.035807e+00 4.506237e+00 4.713177e+00 4.677269e+00 4.660988e+00 4.665707e+00 6.123598e+00 6.275312e+00 4.837161e+00 6.946297e+00 6.825981e+00 6.612587e+00 6.289019e+00 5.914020e+00
7.922338e+00 4.482166e+00 5.552236e+00 5.261749e+00 6.052730e+00 7.509148e+00 7.957806e+00 3.533245e+00 3.660270e+00 4.041025e+00 4.254194e+00 4.284836e+00 4.329865e+00 4.369045e+00 4.473983e+00 4.659870e+00 6.505899e+00 6.495901e+00 6.255910e+00 6.097629e+00 5.858889e+00 5.355280e+00 5.418037e+00 6.143312e+00 6.759907e+00 0.000000e+00 5.282142e+00 7.330622e+00 8.517163e+00 9.350653e+00 9.571439e+00 9.316357e+00 8.314262e+00 6.583164e+00 6.504185e+00 0.000000e+00 0.000000e+00 3.510221e+00 3.903936e+00 4.354844e+00 4.585602e+00 4.619552e+00 4.668939e+00 4.673696e+00 6.655194e+00 6.902207e+00 5.001804e+00 7.354728e+00 7.147764e+00 6.922744e+00 6.706416e+00 6.365472e+00
4.897772e+00 4.841946e+00 3.180395e+00 3.998692e+00 4.470223e+00 3.811346e+00 3.807982e+00 3.721182e+00 3.901603e+00 4.373413e+00 4.519446e+00 4.282349e+00 4.165638e+00 4.189186e+00 4.292241e+00 4.473316e+00 3.518213e+00 5.047920e+00 5.953132e+00 6.439935e+00 6.175382e+00 5.161911e+00 4.910680e+00 5.512906e+00 4.382431e+00 0.000000e+00 6.285723e+00 8.306543e+00 9.368086e+00 1.006332e+01 1.023960e+01 9.717662e+00 8.775494e+00 7.467089e+00 5.555445e+00 5.493757e+00 0.000000e+00 4.597473e+00 3.904351e+00 4.221828e+00 4.389333e+00 4.429681e+00 4.549524e+00 5.985310e+00 6.900089e+00 7.175376e+00 6.576249e+00 7.675714e+00 7.496548e+00 7.249619e+00 7.056234e+00 6.825396e+00
4.980096e+00 5.093642e+00 4.765618e+00 5.139299e+00 3.765645e+00 3.848375e+00 3.913855e+00 3.918605e+00 4.193883e+00 6.203764e+00 5.792779e+00 4.953120e+00 4.306098e+00 4.108774e+00 4.104494e+00 4.255621e+00 4.706208e+00 5.472129e+00 6.148245e+00 6.693302e+00 6.357157e+00 5.082318e+00 6.487868e+00 7.476309e+00 7.744560e+00 0.000000e+00 6.579090e+00 8.597075e+00 9.723716e+00 1.060348e+01 1.063038e+01 9.930131e+00 9.133709e+00 8.418396e+00 6.810916e+00 8.107151e+00 0.000000e+00 0.000000e+00 4.253506e+00 4.153196e+00 4.144066e+00 4.106671e+00 5.508656e+00 6.401621e+00 7.045307e+00 7.370822e+00 7.288960e+00 7.871538e+00 7.858754e+00 7.618742e+00 7.330420e+00 7.243456e+00
5.111650e+00 5.332350e+00 6.690529e+00 4.207644e+00 3.838648e+00 3.930954e+00 4.032717e+00 4.082332e+00 4.387404e+00 5.030619e+00 5.263914e+00 5.010130e+00 4.633472e+00 4.212857e+00 4.098491e+00 4.282352e+00 4.693578e+00 5.347177e+00 5.970354e+00 6.534103e+00 6.202725e+00 4.867271e+00 3.235353e+00 3.974563e+00 5.863074e+00 0.000000e+00 6.725202e+00 8.871558e+00 1.005750e+01 1.066000e+01 1.066000e+01 1.021897e+01 9.473841e+00 9.259086e+00 1.079000e+01 1.069327e+01 4.044576e+00 0.000000e+00 4.571853e+00 4.465006e+00 4.221100e+00 4.164563e+00 6.089180e+00 6.750166e+00 7.277513e+00 7.581462e+00 7.628442e+00 7.931114e+00 8.023922e+00 7.898486e+00 7.636245e+00 7.562771e+00
5.335755e+00 5.520723e+00 5.224682e+00 4.405967e+00 4.029313e+00 4.119378e+00 4.219223e+00 4.295415e+00 4.542341e+00 3.571606e+00 7.238570e+00 8.561182e+00 7.606801e+00 8.951613e+00 9.396675e+00 9.502220e+00 9.692910e+00 1.000128e+01 1.023442e+01 1.037370e+01 9.397826e+00 7.340074e+00 6.936889e+00 8.032004e+00 0.000000e+00 0.000000e+00 6.004904e+00 8.321485e+00 9.695235e+00 1.051899e+01 1.059301e+01 1.003268e+01 9.715537e+00 9.890741e+00 8.874322e+00 9.488496e+00 1.065314e+01 0.000000e+00 4.912079e+00 4.760215e+00 4.591655e+00 5.925170e+00 6.926367e+00 7.356602e+00 7.690916e+00 7.849491e+00 7.808832e+00 7.876578e+00 7.980972e+00 8.045827e+00 7.967419e+00 7.802472e+00
5.638309e+00 5.633013e+00 5.323061e+00 4.634198e+00 4.359415e+00 4.377606e+00 4.476147e+00 4.646173e+00 4.820230e+00 6.632151e+00 5.365299e+00 5.630659e+00 7.228617e+00 4.913519e+00 4.746565e+00 6.660043e+00 6.441255e+00 6.241093e+00 6.096026e+00 6.444120e+00 6.290383e+00 5.498414e+00 5.564973e+00 6.619141e+00 0.000000e+00 6.393701e+00 6.813207e+00 8.618568e+00 9.537118e+00 9.855740e+00 9.948915e+00 9.976792e+00 9.998086e+00 1.003576e+01 9.248317e+00 1.058406e+01 1.079000e+01 0.000000e+00 0.000000e+00 5.388679e+00 6.879072e+00 7.279681e+00 7.697028e+00 7.873814e+00 7.997439e+00 8.052300e+00 7.969386e+00 7.870378e+00 7.843887e+00 7.900731e+00 7.898583e+00 7.674975e+00
5.998191e+00 5.582054e+00 5.180012e+00 5.063844e+00 4.785201e+00 4.668171e+00 4.751180e+00 4.989054e+00 5.134605e+00 5.172219e+00 5.367910e+00 5.711130e+00 5.699000e+00 5.253447e+00 5.132838e+00 5.441573e+00 7.587199e+00 9.452578e+00 1.066000e+01 1.066000e+01 1.066000e+01 9.784572e+00 9.399548e+00 9.663427e+00 0.000000e+00 6.516702e+00 6.781750e+00 8.287781e+00 8.889379e+00 8.956895e+00 9.271783e+00 9.936202e+00 1.027830e+01 1.029739e+01 9.849481e+00 8.670643e+00 1.079000e+01 1.079000e+01 0.000000e+00 8.346963e+00 8.952337e+00 8.525050e+00 8.420666e+00 8.289020e+00 8.165814e+00 8.155895e+00 8.133480e+00 7.941712e+00 7.652113e+00 7.477072e+00 7.399353e+00 7.155067e+00
5.939074e+00 4.749129e+00 5.067336e+00 5.123683e+00 4.924671e+00 4.827489e+00 4.852564e+00 5.096050e+00 5.251883e+00 5.260531e+00 5.380409e+00 5.676485e+00 5.741472e+00 5.492095e+00 5.433588e+00 5.687642e+00 6.002120e+00 6.334079e+00 6.664226e+00 9.246482e+00 8.732371e+00 8.120294e+00 7.689688e+00 7.779251e+00 0.000000e+00 6.582130e+00 6.684392e+00 7.930667e+00 8.384631e+00 8.452925e+00 1.066000e+01 1.066000e+01 1.066000e+01 1.066000e+01 1.066000e+01 1.079000e+01 1.079000e+01 1.079000e+01 0.000000e+00 0.000000e+00 9.678798e+00 9.257612e+00 8.768620e+00 8.454893e+00 8.210282e+00 8.122760e+00 8.087256e+00 7.895234e+00 7.524647e+00 7.247464e+00 7.161679e+00 6.920724e+00
4.203217e+00 4.743615e+00 4.574378e+00 4.663225e+00 4.892486e+00 4.761057e+00 4.773792e+00 4.951385e+00 5.141146e+00 5.256596e+00 5.398926e+00 5.529958e+00 5.646732e+00 5.631547e+00 5.630754e+00 5.791861e+00 6.073912e+00 6.441798e+00 6.841367e+00 7.241685e+00 9.962012e+00 1.052745e+01 1.066000e+01 1.066000e+01 0.000000e+00 6.246338e+00 8.099164e+00 1.066000e+01 1.066000e+01 1.066000e+01 8.827831e+00 1.066000e+01 1.066000e+01 1.026633e+01 1.063817e+01 1.066000e+01 1.079000e+01 1.079000e+01 1.079000e+01 0.000000e+00 0.000000e+00 9.155459e+00 8.883343e+00 8.339536e+00 8.113840e+00 7.967481e+00 7.834662e+00 7.687419e+00 7.424970e+00 7.226298e+00 7.235066e+00 7.056734e+00
5.112180e+00 4.443769e+00 3.619853e+00 4.466954e+00 4.585494e+00 4.595837e+00 4.582000e+00 4.621422e+00 4.818994e+00 5.264658e+00 5.348076e+00 5.373628e+00 5.570143e+00 5.745383e+00 5.851387e+00 5.963577e+00 6.185284e+00 6.523696e+00 6.925762e+00 7.357286e+00 5.097167e+00 5.110619e+00 7.904601e+00 5.804006e+00 0.000000e+00 6.328493e+00 8.138481e+00 9.054813e+00 8.779020e+00 8.131501e+00 7.635008e+00 8.254488e+00 8.786706e+00 9.132806e+00 9.678637e+00 1.046444e+01 1.023019e+01 9.900657e+00 7.402190e+00 1.079000e+01 0.000000e+00 0.000000e+00 7.995320e+00 7.726332e+00 7.781331e+00 7.786750e+00 7.688826e+00 7.615569e+00 7.441889e+00 7.182628e+00 7.028886e+00 6.857178e+00
5.252806e+00 2.818424e+00 3.573823e+00 3.681179e+00 4.032778e+00 4.160898e+00 4.145522e+00 4.046702e+00 4.661370e+00 4.938166e+00 5.160614e+00 5.321834e+00 5.431434e+00 5.744255e+00 6.035856e+00 6.169345e+00 6.397298e+00 6.711644e+00 6.981030e+00 5.023634e+00 6.560612e+00 7.017621e+00 5.148301e+00 7.375866e+00 0.000000e+00 7.376799e+00 8.919537e+00 8.775372e+00 7.141042e+00 5.538461e+00 5.682256e+00 5.959372e+00 6.288140e+00 6.616627e+00 7.077378e+00 7.707310e+00 1.066000e+01 1.066000e+01 1.079000e+01 1.014214e+01 1.079000e+01 0.000000e+00 5.905355e+00 6.697611e+00 7.153257e+00 7.545370e+00 7.638945e+00 7.678583e+00 7.608429e+00 7.167265e+00 6.645827e+00 4.470953e+00
4.840865e+00 3.781847e+00 2.409033e+00 2.715004e+00 2.970843e+00 3.140625e+00 3.128762e+00 4.102828e+00 3.820402e+00 4.233823e+00 4.923953e+00 4.840470e+00 5.008225e+00 5.504151e+00 5.811479e+00 6.078550e+00 6.401977e+00 6.642704e+00 4.939877e+00 6.606164e+00 7.259723e+00 7.212730e+00 7.512658e+00 8.349856e+00 0.000000e+00 7.158932e+00 8.627382e+00 5.549309e+00 5.413178e+00 7.069242e+00 7.890010e+00 8.370255e+00 8.898508e+00 9.570648e+00 1.037290e+01 1.066000e+01 7.662733e+00 7.843118e+00 9.526071e+00 8.350929e+00 5.564026e+00 0.000000e+00 0.000000e+00 5.659779e+00 6.525928e+00 7.173705e+00 7.362602e+00 7.359724e+00 7.311827e+00 6.791140e+00 4.279407e+00 7.211921e+00
4.341429e+00 3.669528e+00 3.329851e+00 3.473032e+00 3.698441e+00 3.961097e+00 3.984032e+00 2.698599e+00 2.734203e+00 4.083314e+00 3.943483e+00 4.007188e+00 4.590031e+00 4.824727e+00 5.263666e+00 5.707196e+00 5.705117e+00 4.815505e+00 6.516055e+00 7.357580e+00 7.612017e+00 7.411132e+00 7.519462e+00 8.080215e+00 0.000000e+00 6.915298e+00 8.441078e+00 8.691599e+00 8.546354e+00 8.393049e+00 8.277775e+00 8.184379e+00 8.367949e+00 8.856869e+00 9.556939e+00 1.044042e+01 1.066000e+01 1.066000e+01 1.066000e+01 1.066000e+01 1.079000e+01 1.079000e+01 0.000000e+00 0.000000e+00 6.218438e+00 6.705717e+00 4.585779e+00 6.671748e+00 6.564190e+00 4.215233e+00 6.513532e+00 7.689735e+00
3.726397e+00 3.527276e+00 3.411687e+00 3.432983e+00 3.514993e+00 3.650089e+00 3.628283e+00 3.412750e+00 3.391925e+00 2.671206e+00 2.791296e+00 3.836175e+00 3.689663e+00 3.970006e+00 4.438417e+00 4.024737e+00 4.443579e+00 6.230745e+00 7.205720e+00 7.630876e+00 7.735169e+00 7.580252e+00 7.587939e+00 7.840407e+00 0.000000e+00 6.795869e+00 8.521715e+00 9.133444e+00 9.119568e+00 8.794541e+00 8.475386e+00 8.158707e+00 8.065012e+00 8.223083e+00 8.729878e+00 9.592718e+00 1.034697e+01 1.066000e+01 7.182327e+00 7.049610e+00 8.160671e+00 6.911176e+00 1.079000e+01 0.000000e+00 5.530351e+00 6.295639e+00 4.423421e+00 4.230740e+00 4.142799e+00 4.399567e+00 7.184368e+00 7.738802e+00
3.091732e+00 3.304133e+00 3.455529e+00 3.528442e+00 3.546347e+00 3.500004e+00 3.405387e+00 3.272146e+00 3.198833e+00 3.202313e+00 3.273095e+00 2.514627e+00 2.661888e+00 2.857239e+00 3.249982e+00 4.843081e+00 6.011374e+00 6.928329e+00 7.451166e+00 7.601099e+00 7.591210e+00 7.459830e+00 1.005999e+01 1.066000e+01 0.000000e+00 7.015002e+00 8.862307e+00 9.744930e+00 9.825725e+00 9.365219e+00 8.866454e+00 8.346357e+00 8.002949e+00 7.845941e+00 8.050975e+00 8.675793e+00 9.386980e+00 1.009217e+01 1.066000e+01 1.066000e+01 1.066000e+01 1.000877e+01 7.842412e+00 0.000000e+00 0.000000e+00 5.461291e+00 4.322595e+00 4.310498e+00 4.257553e+00 7.189977e+00 7.837041e+00 7.928623e+00
2.120959e+00 2.953991e+00 3.448745e+00 3.717181e+00 3.753655e+00 3.541675e+00 3.384816e+00 3.346714e+00 3.208516e+00 2.915712e+00 2.818336e+00 2.987516e+00 3.299916e+00 3.722888e+00 4.356022e+00 5.217545e+00 6.061891e+00 6.867340e+00 7.296468e+00 7.317652e+00 7.184433e+00 6.942729e+00 4.811879e+00 0.000000e+00 0.000000e+00 6.457008e+00 8.542442e+00 9.850233e+00 1.024006e+01 9.914893e+00 9.386173e+00 8.709959e+00 8.157967e+00 7.740496e+00 7.581507e+00 7.731304e+00 8.316993e+00 9.280985e+00 1.012045e+01 1.066000e+01 1.066000e+01 1.066000e+01 9.547758e+00 7.553922e+00 0.000000e+00 0.000000e+00 5.223159e+00 4.523081e+00 4.792189e+00 5.173185e+00 5.505808e+00 7.337283e+00
-9.999000e+03 -9.999000e+03 -9.999000e+03 -9.999000e+03 -9.999000e+03 -9.999000e+03 -9.999000e+03 2.610872e+00 2.478880e+00 2.129866e+00 1.984637e+00 2.114005e+00 2.963479e+00 3.766154e+00 4.495713e+00 5.163097e+00 5.865792e+00 6.644564e+00 7.014346e+00 6.927847e+00 6.715509e+00 6.396283e+00 6.673300e+00 0.000000e+00 6.164694e+00 6.097708e+00 7.874076e+00 9.479979e+00 1.029945e+01 1.036756e+01 9.975618e+00 9.202329e+00 8.454790e+00 7.757472e+00 7.261045e+00 7.003886e+00 7.377788e+00 8.411921e+00 9.431934e+00 1.032807e+01 1.066000e+01 1.066000e+01 1.066000e+01 9.280089e+00 6.743833e+00 0.000000e+00 0.000000e+00 4.787292e+00 5.426957e+00 5.694719e+00 5.829632e+00 5.802927e+00
-9.999000e+03 -9.999000e+03 -9.999000e+03 -9.999000e+03 -9.999000e+03 -9.999000e+03 -9.999000e+03 -9.999000e+03 -9.999000e+03 -9.999000e+03 2.583293e+00 2.670507e+00 2.504494e+00 3.088574e+00 4.386108e+00 5.002295e+00 5.586239e+00 6.348058e+00 6.664204e+00 6.477010e+00 6.265127e+00 6.049157e+00 6.439946e+00 0.000000e+00 6.128101e+00 5.932762e+00 7.626530e+00 9.307801e+00 1.035004e+01 1.066000e+01 1.059760e+01 9.764489e+00 8.854994e+00 7.897275e+00 7.187812e+00 6.757655e+00 6.874413e+00 7.562935e+00 8.520609e+00 9.700804e+00 1.056869e+01 1.066000e+01 1.066000e+01 1.021694e+01 8.198347e+00 5.781011e+00 0.000000e+00 0.000000e+00 5.750625e+00 6.117129e+00 -9.999000e+03 -9.999000e+03
