tests/data/reference/test_implicit_stream_rill_mfda/mrsearstr_pa.asc
ncols	123
nrows	77
xllcorner	-713746.79929998
yllcorner	-1061022.36961616
cellsize	10.0
NODATA_value	-9999
[rows 23 to 45 of 77, columns 0 to 51 of 123]
-9.999000e+03 -9.999000e+03 -9.999000e+03 -9.999000e+03 -9.999000e+03 -9.999000e+03 -9.999000e+03 -9.999000e+03 -9.999000e+03 -9.999000e+03 -9.999000e+03 -9.999000e+03 -9.999000e+03 -9.999000e+03 7.464934e-01 1.049340e+00 1.046669e+00 1.083051e+00 9.351242e-01 1.872189e-01 1.830521e+00 1.727443e+00 3.178381e+00 5.155228e+00 5.620499e+00 3.315224e+00 4.500659e+00 4.049103e+00 4.201085e+00 4.544405e+00 3.416817e+00 4.563297e+00 5.081856e+00 5.303783e+00 9.445704e+00 5.242570e+00 5.467034e+00 3.990162e+00 8.119142e+00 6.098081e+00 6.131348e+00 6.254269e+00 6.471937e+00 6.612278e+00 6.626466e+00 6.581685e+00 6.548931e+00 6.628792e+00 6.807516e+00 6.863221e+00 6.726839e+00 4.849083e+00
-9.999000e+03 -9.999000e+03 -9.999000e+03 -9.999000e+03 -9.999000e+03 -9.999000e+03 -9.999000e+03 -9.999000e+03 -9.999000e+03 -9.999000e+03 -9.999000e+03 -9.999000e+03 -9.999000e+03 -9.999000e+03 2.818348e-01 5.851445e-01 1.168263e+00 1.724740e+00 8.767268e-01 1.590503e+00 1.540563e+00 2.538493e+00 2.696777e+00 2.630352e+00 4.777093e+00 7.198770e+00 4.581562e+00 4.442180e+00 4.604093e+00 3.425569e+00 4.824297e+00 4.523216e+00 4.987515e+00 5.066089e+00 9.918369e+00 5.129504e+00 5.449842e+00 4.088307e+00 8.371645e+00 6.071980e+00 6.068596e+00 6.155431e+00 6.308813e+00 6.432767e+00 6.499173e+00 6.535473e+00 6.581421e+00 6.717341e+00 6.923987e+00 7.078186e+00 4.891104e+00 7.436011e+00
-9.999000e+03 -9.999000e+03 -9.999000e+03 -9.999000e+03 -9.999000e+03 -9.999000e+03 -9.999000e+03 -9.999000e+03 -9.999000e+03 -9.999000e+03 -9.999000e+03 -9.999000e+03 -9.999000e+03 -9.999000e+03 3.109273e-01 7.060242e-01 1.131553e+00 1.123791e+00 1.073888e+00 2.763435e+00 1.983620e+00 4.642275e+00 5.935233e+00 3.338005e+00 3.743079e+00 5.215998e+00 9.101104e+00 4.819043e+00 4.891267e+00 3.550523e+00 4.505528e+00 5.138407e+00 4.961522e+00 4.736842e+00 4.703537e+00 1.042953e+01 3.762816e+00 5.825575e+00 5.233390e+00 9.620043e+00 6.031947e+00 6.159611e+00 6.280872e+00 6.379507e+00 6.471640e+00 6.575090e+00 6.711672e+00 6.926134e+00 7.196406e+00 7.475214e+00 6.711888e+00 5.347139e+00
-9.999000e+03 -9.999000e+03 -9.999000e+03 -9.999000e+03 -9.999000e+03 -9.999000e+03 -9.999000e+03 -9.999000e+03 -9.999000e+03 -9.999000e+03 -9.999000e+03 -9.999000e+03 1.483279e+00 9.332983e-01 1.047527e+00 1.300799e+00 1.166850e+00 3.097146e-01 1.842871e+00 1.655628e+00 6.066125e+00 4.944648e+00 3.680907e+00 5.175298e+00 3.619054e+00 3.939689e+00 9.701754e+00 4.425082e+00 4.576164e+00 4.252217e+00 3.422873e+00 4.736799e+00 4.815344e+00 4.514269e+00 4.560499e+00 4.812737e+00 1.066000e+01 5.058346e+00 5.833799e+00 5.642605e+00 1.066000e+01 6.094860e+00 6.168752e+00 6.274115e+00 6.451285e+00 6.695858e+00 6.984856e+00 7.277224e+00 7.556458e+00 7.882730e+00 7.767291e+00 5.544886e+00
-9.999000e+03 -9.999000e+03 -9.999000e+03 -9.999000e+03 -9.999000e+03 -9.999000e+03 -9.999000e+03 -9.999000e+03 -9.999000e+03 -9.999000e+03 -9.999000e+03 -9.999000e+03 -9.999000e+03 1.402815e+00 1.127743e+00 1.171258e+00 4.884896e-01 1.323881e+00 1.335841e+00 4.981966e+00 2.676151e+00 2.659587e+00 4.625648e+00 5.393616e+00 6.749192e+00 7.100569e+00 7.343800e+00 7.619888e+00 3.661564e+00 4.119425e+00 4.317000e+00 4.091801e+00 4.334762e+00 4.121636e+00 4.266363e+00 4.954886e+00 5.558448e+00 1.079000e+01 5.565722e+00 5.935297e+00 1.066000e+01 5.939193e+00 5.960651e+00 6.114906e+00 6.445919e+00 6.917914e+00 7.419143e+00 7.770045e+00 7.985115e+00 8.275696e+00 8.391623e+00 7.400385e+00
-9.999000e+03 -9.999000e+03 -9.999000e+03 -9.999000e+03 -9.999000e+03 -9.999000e+03 -9.999000e+03 -9.999000e+03 -9.999000e+03 -9.999000e+03 -9.999000e+03 -9.999000e+03 -9.999000e+03 -9.999000e+03 -9.999000e+03 7.666807e-01 3.682725e-01 9.596866e-01 1.752413e+00 4.594057e+00 3.702343e+00 3.158097e+00 2.827524e+00 2.633542e+00 2.800574e+00 3.040297e+00 3.045470e+00 7.114532e+00 1.062354e+01 3.460422e+00 3.795033e+00 3.829647e+00 3.654902e+00 3.681200e+00 3.985042e+00 4.766018e+00 5.243320e+00 5.325498e+00 1.047221e+01 5.713323e+00 1.066000e+01 5.901196e+00 6.074172e+00 6.351627e+00 6.769712e+00 7.315307e+00 7.837317e+00 8.131000e+00 8.278361e+00 8.545426e+00 8.705960e+00 8.221389e+00
-9.999000e+03 -9.999000e+03 -9.999000e+03 -9.999000e+03 -9.999000e+03 -9.999000e+03 -9.999000e+03 -9.999000e+03 -9.999000e+03 -9.999000e+03 -9.999000e+03 -9.999000e+03 -9.999000e+03 -9.999000e+03 -9.999000e+03 -9.999000e+03 1.164064e+00 1.024773e+00 3.389865e+00 2.895191e+00 2.526582e+00 2.300324e+00 2.339824e+00 2.567185e+00 2.864603e+00 3.223190e+00 3.271187e+00 2.960661e+00 2.878894e+00 1.079000e+01 1.079000e+01 1.079000e+01 3.219110e+00 3.286126e+00 3.609188e+00 4.257014e+00 5.963608e+00 7.132684e+00 4.798522e+00 9.796829e+00 5.831134e+00 1.079000e+01 6.580905e+00 7.015073e+00 7.428464e+00 7.863746e+00 8.198885e+00 8.333546e+00 8.425645e+00 8.676754e+00 8.777355e+00 8.391191e+00
-9.999000e+03 -9.999000e+03 -9.999000e+03 -9.999000e+03 -9.999000e+03 -9.999000e+03 -9.999000e+03 -9.999000e+03 -9.999000e+03 -9.999000e+03 -9.999000e+03 -9.999000e+03 -9.999000e+03 -9.999000e+03 -9.999000e+03 -9.999000e+03 1.048548e+00 3.336439e+00 1.954073e+00 2.166612e+00 2.243273e+00 5.448940e+00 5.407069e+00 5.643918e+00 5.814711e+00 5.942491e+00 5.714206e+00 5.144128e+00 4.898513e+00 4.955287e+00 4.648885e+00 4.081723e+00 1.079000e+01 1.040101e+01 1.066490e+01 1.079000e+01 1.079000e+01 1.079000e+01 1.079000e+01 1.079000e+01 1.079000e+01 1.079000e+01 1.079000e+01 6.093358e+00 6.681381e+00 7.087885e+00 7.520664e+00 7.802852e+00 8.100291e+00 8.407590e+00 8.367314e+00 7.898854e+00
-9.999000e+03 -9.999000e+03 -9.999000e+03 -9.999000e+03 -9.999000e+03 -9.999000e+03 -9.999000e+03 -9.999000e+03 -9.999000e+03 -9.999000e+03 -9.999000e+03 -9.999000e+03 -9.999000e+03 -9.999000e+03 -9.999000e+03 1.050784e+00 3.939486e+00 1.922945e+00 4.097383e+00 5.165277e+00 5.641352e+00 2.451327e+00 3.330298e+00 4.286474e+00 4.119551e+00 5.708607e+00 6.364098e+00 6.813830e+00 6.683964e+00 6.815813e+00 6.528976e+00 5.837515e+00 5.027519e+00 4.090203e+00 3.749635e+00 3.930583e+00 9.927351e+00 1.079000e+01 1.079000e+01 1.079000e+01 1.079000e+01 1.079000e+01 1.079000e+01 1.079000e+01 1.079000e+01 5.281519e+00 8.404118e+00 6.611920e+00 7.341295e+00 7.707107e+00 7.434186e+00 6.829127e+00
-9.999000e+03 -9.999000e+03 -9.999000e+03 -9.999000e+03 -9.999000e+03 -9.999000e+03 -9.999000e+03 -9.999000e+03 -9.999000e+03 -9.999000e+03 -9.999000e+03 -9.999000e+03 -9.999000e+03 -9.999000e+03 9.031201e-01 1.572741e+00 4.672688e+00 4.316185e+00 1.981565e+00 2.116185e+00 2.447373e+00 2.669060e+00 2.880120e+00 3.107045e+00 4.161162e+00 3.235688e+00 3.436434e+00 3.604470e+00 3.813601e+00 4.174191e+00 4.077209e+00 7.354054e+00 7.182750e+00 6.798103e+00 6.925449e+00 8.891633e+00 3.492361e+00 4.255183e+00 5.025108e+00 5.793012e+00 6.238211e+00 6.220129e+00 7.851789e+00 8.494103e+00 8.780043e+00 1.079000e+01 1.079000e+01 1.079000e+01 5.571392e+00 8.273745e+00 5.510114e+00 5.147687e+00
-9.999000e+03 -9.999000e+03 -9.999000e+03 -9.999000e+03 -9.999000e+03 -9.999000e+03 -9.999000e+03 -9.999000e+03 -9.999000e+03 -9.999000e+03 -9.999000e+03 -9.999000e+03 -9.999000e+03 -9.999000e+03 1.009033e+00 6.981056e+00 2.282651e+00 2.312463e+00 2.291036e+00 2.270410e+00 2.330478e+00 2.523628e+00 2.905902e+00 3.043546e+00 3.188429e+00 3.151484e+00 3.351672e+00 3.843924e+00 5.305380e+00 6.372587e+00 6.965764e+00 3.811097e+00 3.595096e+00 3.533792e+00 5.450972e+00 3.544698e+00 4.020145e+00 4.483865e+00 4.918767e+00 5.477794e+00 6.006658e+00 6.627587e+00 6.907290e+00 6.962437e+00 6.849448e+00 8.799937e+00 9.808271e+00 1.028901e+01 1.079000e+01 1.079000e+01 1.079000e+01 3.441918e+00
-9.999000e+03 -9.999000e+03 -9.999000e+03 -9.999000e+03 -9.999000e+03 -9.999000e+03 -9.999000e+03 -9.999000e+03 -9.999000e+03 -9.999000e+03 -9.999000e+03 -9.999000e+03 -9.999000e+03 1.392908e+00 8.277976e+00 2.193772e+00 2.361939e+00 2.514569e+00 2.523644e+00 2.467020e+00 2.441551e+00 2.520496e+00 2.683610e+00 2.912698e+00 3.106197e+00 3.186928e+00 3.436157e+00 3.961862e+00 4.295251e+00 4.400753e+00 4.321786e+00 4.129565e+00 4.119154e+00 6.533675e+00 3.100220e+00 4.083476e+00 4.661844e+00 4.829279e+00 5.107308e+00 5.512248e+00 6.009210e+00 6.488201e+00 6.946658e+00 7.483706e+00 7.681632e+00 7.627243e+00 7.543410e+00 7.350753e+00 6.660308e+00 7.242119e+00 6.718456e+00 1.079000e+01
-9.999000e+03 -9.999000e+03 -9.999000e+03 -9.999000e+03 -9.999000e+03 -9.999000e+03 -9.999000e+03 -9.999000e+03 -9.999000e+03 -9.999000e+03 -9.999000e+03 -9.999000e+03 8.726298e-01 1.800886e+00 2.198416e+00 2.257644e+00 2.570750e+00 2.532938e+00 2.603304e+00 2.604458e+00 2.572249e+00 2.538136e+00 2.582922e+00 2.706743e+00 2.892295e+00 3.090064e+00 3.422585e+00 3.949299e+00 4.270850e+00 4.387362e+00 4.455165e+00 4.484096e+00 6.402490e+00 4.465931e+00 3.203176e+00 4.533019e+00 4.679469e+00 4.864727e+00 5.207883e+00 5.675503e+00 6.090180e+00 6.455142e+00 6.658009e+00 6.804913e+00 6.766566e+00 7.111891e+00 7.262211e+00 7.410162e+00 7.152811e+00 6.320039e+00 5.677850e+00 6.221838e+00
-9.999000e+03 -9.999000e+03 -9.999000e+03 -9.999000e+03 -9.999000e+03 -9.999000e+03 -9.999000e+03 -9.999000e+03 -9.999000e+03 -9.999000e+03 -9.999000e+03 -9.999000e+03 1.314307e+00 2.003713e+00 2.206891e+00 2.821941e+00 2.388282e+00 2.571394e+00 2.681076e+00 2.726168e+00 2.698605e+00 2.603723e+00 2.582019e+00 2.632198e+00 2.774707e+00 2.983384e+00 3.284245e+00 3.725996e+00 3.950814e+00 4.058914e+00 4.195259e+00 6.127356e+00 3.302864e+00 4.098064e+00 4.286646e+00 4.246224e+00 4.260056e+00 4.405888e+00 4.824390e+00 5.073735e+00 5.525736e+00 5.965634e+00 6.154772e+00 5.683334e+00 5.775677e+00 5.994107e+00 6.215174e+00 6.602113e+00 6.483609e+00 6.864314e+00 6.017793e+00 5.420396e+00
-9.999000e+03 -9.999000e+03 -9.999000e+03 -9.999000e+03 -9.999000e+03 -9.999000e+03 -9.999000e+03 -9.999000e+03 -9.999000e+03 -9.999000e+03 -9.999000e+03 6.970934e-01 3.330252e+00 1.709663e+00 2.829274e+00 2.182978e+00 2.401081e+00 2.598731e+00 2.729580e+00 2.792467e+00 2.780813e+00 2.694161e+00 2.673518e+00 2.699688e+00 2.786599e+00 2.943612e+00 3.118582e+00 3.297849e+00 3.457728e+00 3.432729e+00 3.540469e+00 4.547915e+00 2.855898e+00 3.933085e+00 3.819770e+00 3.476223e+00 3.478105e+00 3.847143e+00 3.656092e+00 3.864625e+00 4.304338e+00 4.984791e+00 4.202948e+00 4.148461e+00 4.212279e+00 4.387636e+00 4.529684e+00 4.645014e+00 6.702764e+00 5.628877e+00 5.414463e+00 5.305854e+00
-9.999000e+03 -9.999000e+03 -9.999000e+03 -9.999000e+03 -9.999000e+03 -9.999000e+03 -9.999000e+03 -9.999000e+03 -9.999000e+03 -9.999000e+03 6.344577e-01 9.763310e-01 1.356650e+00 2.369380e+00 1.412970e+00 1.942402e+00 2.255622e+00 2.509425e+00 2.682608e+00 2.739040e+00 2.751914e+00 2.679177e+00 2.664215e+00 2.687016e+00 2.757539e+00 2.906393e+00 2.790749e+00 3.068775e+00 3.020788e+00 2.867236e+00 2.916626e+00 2.960355e+00 3.065434e+00 3.250735e+00 2.699289e+00 2.451434e+00 3.143725e+00 2.317112e+00 2.345350e+00 2.426318e+00 2.842424e+00 3.620201e+00 5.055488e+00 5.465851e+00 5.724538e+00 6.024676e+00 6.232631e+00 6.357399e+00 4.236562e+00 3.950987e+00 3.943453e+00 4.358937e+00
-9.999000e+03 -9.999000e+03 -9.999000e+03 -9.999000e+03 -9.999000e+03 -9.999000e+03 -9.999000e+03 -9.999000e+03 -9.999000e+03 -9.999000e+03 5.410982e-01 1.056339e+00 2.155124e+00 1.295633e+00 1.113702e+00 1.583460e+00 1.932115e+00 2.281033e+00 2.481181e+00 2.611017e+00 2.643636e+00 2.603724e+00 2.588447e+00 2.623628e+00 2.640233e+00 2.140774e+00 2.831724e+00 2.838583e+00 2.629913e+00 2.397169e+00 2.341714e+00 2.319062e+00 1.965274e+00 2.444625e+00 3.191647e+00 3.021372e+00 2.066534e+00 2.426539e+00 2.633255e+00 2.938438e+00 2.755827e+00 3.547829e+00 4.905018e+00 5.208551e+00 5.347858e+00 5.537973e+00 5.763531e+00 5.993903e+00 5.949405e+00 5.597554e+00 5.562584e+00 5.962447e+00
-9.999000e+03 -9.999000e+03 -9.999000e+03 -9.999000e+03 -9.999000e+03 -9.999000e+03 -9.999000e+03 -9.999000e+03 -9.999000e+03 5.509083e-01 2.265816e+00 1.710712e+00 1.139344e+00 1.024998e+00 1.177949e+00 1.391979e+00 1.685635e+00 1.915632e+00 2.298241e+00 2.409828e+00 2.503366e+00 2.523578e+00 2.558810e+00 2.467586e+00 2.045061e+00 2.521757e+00 2.684073e+00 2.403277e+00 2.212858e+00 1.908021e+00 1.833257e+00 1.684212e+00 2.392115e+00 3.131523e+00 3.438907e+00 3.260730e+00 3.072726e+00 2.927296e+00 2.313377e+00 2.707292e+00 4.261722e+00 4.594534e+00 5.182224e+00 5.068576e+00 4.951777e+00 4.970417e+00 5.197655e+00 5.614530e+00 5.810102e+00 5.737093e+00 5.629164e+00 5.569437e+00
-9.999000e+03 -9.999000e+03 -9.999000e+03 -9.999000e+03 -9.999000e+03 -9.999000e+03 -9.999000e+03 -9.999000e+03 -9.999000e+03 6.782964e-01 2.141094e+00 1.144940e+00 1.074944e+00 9.644724e-01 1.264684e+00 1.371620e+00 1.225868e+00 1.833915e+00 1.994933e+00 2.224531e+00 2.374153e+00 2.454088e+00 1.955323e+00 2.078488e+00 2.549330e+00 2.549319e+00 1.888603e+00 1.835741e+00 1.665245e+00 1.372979e+00 1.389838e+00 2.135432e+00 2.768141e+00 3.335711e+00 3.619245e+00 3.612904e+00 3.521849e+00 2.457978e+00 3.534529e+00 3.810227e+00 4.282053e+00 4.996791e+00 5.039092e+00 4.726459e+00 4.577313e+00 4.669329e+00 4.889894e+00 5.211398e+00 5.417654e+00 5.519332e+00 1.066000e+01 1.066000e+01
-9.999000e+03 -9.999000e+03 -9.999000e+03 -9.999000e+03 -9.999000e+03 -9.999000e+03 -9.999000e+03 -9.999000e+03 1.171014e+00 3.090035e+00 2.001372e+00 1.318973e+00 9.154465e-01 1.145498e+00 1.353888e+00 1.408111e+00 1.782640e+00 1.516509e+00 1.756707e+00 2.091329e+00 2.317923e+00 2.292076e+00 2.569604e+00 2.821553e+00 2.828239e+00 4.695902e+00 4.731358e+00 4.443811e+00 3.907787e+00 3.171059e+00 3.086693e+00 3.530307e+00 3.740450e+00 3.748023e+00 3.814448e+00 3.854142e+00 3.770278e+00 4.623510e+00 4.979033e+00 6.513766e+00 7.194031e+00 7.444226e+00 6.753935e+00 6.001883e+00 5.612993e+00 5.511162e+00 5.204621e+00 4.722653e+00 4.711709e+00 1.066000e+01 4.845538e+00 4.909531e+00
-9.999000e+03 -9.999000e+03 -9.999000e+03 -9.999000e+03 -9.999000e+03 -9.999000e+03 -9.999000e+03 6.225687e-01 1.073180e+00 1.975555e+00 1.467829e+00 1.417385e+00 9.723460e-01 1.275286e+00 1.405291e+00 1.441364e+00 1.449667e+00 1.432918e+00 1.629540e+00 2.030310e+00 1.790886e+00 1.880793e+00 2.426625e+00 4.448418e+00 4.859988e+00 2.746706e+00 2.583463e+00 2.590265e+00 2.442397e+00 2.144628e+00 2.262850e+00 2.821435e+00 3.307527e+00 3.669668e+00 3.847958e+00 3.839334e+00 3.738002e+00 3.561025e+00 3.694681e+00 4.145639e+00 4.337727e+00 4.234340e+00 4.151395e+00 4.107065e+00 4.208846e+00 4.461033e+00 4.452536e+00 4.183868e+00 1.066000e+01 4.215760e+00 4.512500e+00 4.749934e+00
-9.999000e+03 -9.999000e+03 -9.999000e+03 -9.999000e+03 -9.999000e+03 -9.999000e+03 -9.999000e+03 5.140804e-01 1.009383e+00 1.937428e+00 1.186456e+00 1.392181e+00 1.362254e+00 1.389121e+00 1.440749e+00 1.459536e+00 1.494577e+00 1.509930e+00 1.699050e+00 2.127237e+00 2.982835e+00 3.582523e+00 4.088036e+00 2.657642e+00 2.771469e+00 2.649333e+00 2.141845e+00 2.600987e+00 2.637048e+00 2.438081e+00 2.549777e+00 3.019866e+00 3.373552e+00 3.573030e+00 3.650031e+00 3.618221e+00 8.885932e+00 8.973916e+00 9.391144e+00 1.019400e+01 1.059242e+01 1.056093e+01 1.066000e+01 1.066000e+01 1.066000e+01 1.052159e+01 1.066000e+01 1.066000e+01 3.850744e+00 3.888442e+00 4.171153e+00 4.473774e+00
-9.999000e+03 -9.999000e+03 -9.999000e+03 -9.999000e+03 -9.999000e+03 -9.999000e+03 -9.999000e+03 7.386304e-01 1.545518e+00 1.201235e+00 1.009764e+00 1.338129e+00 1.493953e+00 1.509480e+00 1.507503e+00 1.519601e+00 1.612892e+00 1.705704e+00 1.901652e+00 2.311386e+00 2.610127e+00 2.723982e+00 2.675177e+00 2.572724e+00 2.022797e+00 2.198331e+00 2.766145e+00 2.858607e+00 2.823564e+00 2.723630e+00 2.786797e+00 3.049647e+00 3.231849e+00 8.079057e+00 8.483822e+00 8.920350e+00 3.911198e+00 4.204623e+00 4.480930e+00 4.773534e+00 4.911336e+00 4.868471e+00 4.892314e+00 6.640627e+00 7.854955e+00 8.542217e+00 4.580204e+00 4.333680e+00 4.033777e+00 3.742454e+00 3.743323e+00 3.992605e+00
