tests/data/reference/test_implicit_stream_rill_mfda/mrsearstr_pa.asc
ncols	123
nrows	77
xllcorner	-713746.79929998
yllcorner	-1061022.36961616
cellsize	10.0
NODATA_value	-9999
[rows 23 to 45 of 77, columns 52 to 103 of 123]
6.436610e+00 7.722523e+00 7.757330e+00 7.570918e+00 7.462121e+00 7.428180e+00 7.305488e+00 7.058896e+00 6.900527e+00 6.888431e+00 6.803084e+00 6.664933e+00 6.523029e+00 6.241910e+00 5.689999e+00 5.017632e+00 8.219428e+00 4.049638e+00 4.208210e+00 4.436760e+00 4.624274e+00 4.780942e+00 4.741960e+00 4.619791e+00 3.126266e+00 3.646822e+00 8.165081e+00 4.352556e+00 5.381670e+00 3.561505e+00 4.133125e+00 3.911684e+00 2.727204e+00 2.105238e+00 -9.999000e+03 -9.999000e+03 -9.999000e+03 -9.999000e+03 -9.999000e+03 -9.999000e+03 -9.999000e+03 -9.999000e+03 -9.999000e+03 -9.999000e+03 -9.999000e+03 -9.999000e+03 -9.999000e+03 -9.999000e+03 -9.999000e+03 -9.999000e+03 -9.999000e+03 -9.999000e+03
6.725511e+00 7.510895e+00 7.824597e+00 7.614992e+00 7.473366e+00 7.384882e+00 7.227212e+00 6.990174e+00 6.871299e+00 6.873774e+00 6.818133e+00 6.739144e+00 6.545093e+00 6.121856e+00 5.568881e+00 4.995585e+00 9.128058e+00 4.227913e+00 4.492670e+00 4.859327e+00 5.180176e+00 5.413181e+00 5.434201e+00 5.320829e+00 4.524118e+00 4.373578e+00 2.782716e+00 7.173153e+00 3.577954e+00 4.830645e+00 4.862546e+00 4.148700e+00 3.742323e+00 3.144780e+00 1.927175e+00 -9.999000e+03 -9.999000e+03 -9.999000e+03 -9.999000e+03 -9.999000e+03 -9.999000e+03 -9.999000e+03 -9.999000e+03 -9.999000e+03 -9.999000e+03 -9.999000e+03 -9.999000e+03 -9.999000e+03 -9.999000e+03 -9.999000e+03 -9.999000e+03 -9.999000e+03
8.067701e+00 7.638266e+00 7.821170e+00 7.736476e+00 7.432811e+00 7.161960e+00 6.937892e+00 6.831293e+00 6.889232e+00 6.989483e+00 6.971810e+00 6.819500e+00 6.443460e+00 5.918758e+00 5.499741e+00 5.210908e+00 1.062731e+01 4.793590e+00 4.969680e+00 5.277147e+00 5.609873e+00 5.857237e+00 5.889557e+00 5.771534e+00 5.349163e+00 5.155524e+00 4.312344e+00 8.855008e+00 2.963592e+00 3.851728e+00 6.296539e+00 3.533022e+00 3.975780e+00 4.185996e+00 3.641563e+00 2.515153e+00 2.043107e+00 2.002522e+00 -9.999000e+03 -9.999000e+03 -9.999000e+03 -9.999000e+03 -9.999000e+03 -9.999000e+03 -9.999000e+03 -9.999000e+03 -9.999000e+03 -9.999000e+03 -9.999000e+03 -9.999000e+03 -9.999000e+03 -9.999000e+03
7.110137e+00 8.216843e+00 7.836112e+00 7.588784e+00 7.242524e+00 6.934525e+00 6.787629e+00 6.873634e+00 7.024854e+00 7.102770e+00 7.032032e+00 6.769640e+00 6.365779e+00 5.952972e+00 5.650699e+00 5.432592e+00 1.066000e+01 5.002666e+00 5.128911e+00 5.399184e+00 5.688962e+00 5.904240e+00 5.948393e+00 5.900415e+00 5.763621e+00 5.722137e+00 5.406930e+00 9.962617e+00 4.488755e+00 4.262990e+00 6.303042e+00 3.533646e+00 3.990670e+00 4.461068e+00 4.409963e+00 3.729326e+00 3.026064e+00 2.177732e+00 2.620369e+00 1.953157e+00 -9.999000e+03 -9.999000e+03 -9.999000e+03 -9.999000e+03 -9.999000e+03 -9.999000e+03 -9.999000e+03 -9.999000e+03 -9.999000e+03 -9.999000e+03 -9.999000e+03 -9.999000e+03
8.014674e+00 5.372503e+00 7.821542e+00 7.271669e+00 6.950115e+00 6.836615e+00 6.885491e+00 7.064406e+00 7.158744e+00 7.126233e+00 6.991526e+00 6.736123e+00 6.469387e+00 6.229311e+00 5.933625e+00 5.529441e+00 1.066000e+01 4.802223e+00 4.935394e+00 5.187132e+00 5.380445e+00 5.530328e+00 5.603440e+00 5.690452e+00 5.831336e+00 6.012402e+00 6.041164e+00 1.040945e+01 5.549836e+00 5.244496e+00 7.352627e+00 4.247046e+00 4.010458e+00 3.999644e+00 4.062090e+00 3.884305e+00 2.607493e+00 2.321105e+00 2.688961e+00 2.694302e+00 2.384914e+00 9.823145e-01 -9.999000e+03 -9.999000e+03 -9.999000e+03 -9.999000e+03 -9.999000e+03 -9.999000e+03 -9.999000e+03 -9.999000e+03 -9.999000e+03 -9.999000e+03
8.295250e+00 6.811568e+00 7.548440e+00 7.065448e+00 4.508133e+00 6.848897e+00 6.960340e+00 7.151350e+00 7.247674e+00 7.206078e+00 7.061069e+00 6.816385e+00 6.569579e+00 6.303227e+00 5.903707e+00 5.385254e+00 1.066000e+01 4.812852e+00 5.032140e+00 5.306913e+00 5.477920e+00 5.585537e+00 5.623549e+00 5.705366e+00 5.921023e+00 6.227287e+00 6.447497e+00 1.047395e+01 6.172684e+00 5.891089e+00 7.660206e+00 4.784352e+00 4.186314e+00 3.860336e+00 3.797363e+00 3.789763e+00 3.291149e+00 3.031177e+00 2.301911e+00 2.919166e+00 0.000000e+00 1.666263e+00 6.966795e-01 5.210277e-01 -9.999000e+03 -9.999000e+03 -9.999000e+03 -9.999000e+03 -9.999000e+03 -9.999000e+03 -9.999000e+03 -9.999000e+03
8.118842e+00 7.199003e+00 7.282044e+00 7.009563e+00 4.590508e+00 5.890821e+00 6.920264e+00 7.168569e+00 7.387064e+00 7.397620e+00 7.243313e+00 6.940697e+00 6.557362e+00 6.068274e+00 5.515987e+00 5.081152e+00 4.976874e+00 1.066000e+01 5.474460e+00 5.824681e+00 6.051043e+00 6.122017e+00 6.046844e+00 5.982585e+00 6.082946e+00 6.388881e+00 6.669235e+00 1.019430e+01 6.388001e+00 6.104587e+00 7.364678e+00 5.157782e+00 4.604679e+00 4.160612e+00 3.816702e+00 3.630593e+00 3.398223e+00 3.318192e+00 3.048976e+00 0.000000e+00 0.000000e+00 3.531372e+00 2.060467e+00 9.021939e-01 3.952334e-01 -9.999000e+03 -9.999000e+03 -9.999000e+03 -9.999000e+03 -9.999000e+03 -9.999000e+03 -9.999000e+03
7.478582e+00 6.939827e+00 6.925479e+00 6.902292e+00 5.955934e+00 4.620099e+00 6.581068e+00 7.272922e+00 7.434890e+00 7.315806e+00 7.053349e+00 6.657350e+00 6.192238e+00 5.669381e+00 5.268814e+00 5.158516e+00 5.342402e+00 5.713575e+00 1.066000e+01 6.402679e+00 6.542110e+00 6.491883e+00 6.315053e+00 6.188175e+00 6.251210e+00 6.548077e+00 6.771857e+00 9.750210e+00 6.524571e+00 6.350440e+00 7.164415e+00 5.641646e+00 5.134975e+00 4.658372e+00 2.974285e+00 2.724228e+00 3.657340e+00 3.678395e+00 0.000000e+00 0.000000e+00 2.409944e+00 3.033590e+00 1.970988e+00 1.443469e+00 1.007141e+00 3.581406e-01 -9.999000e+03 -9.999000e+03 -9.999000e+03 -9.999000e+03 -9.999000e+03 -9.999000e+03
6.424938e+00 6.266384e+00 6.479733e+00 6.720432e+00 6.521164e+00 6.068586e+00 4.824463e+00 7.223809e+00 7.219869e+00 6.834225e+00 6.410742e+00 5.931355e+00 5.522930e+00 5.277514e+00 5.336949e+00 5.654559e+00 6.061701e+00 6.507446e+00 1.066000e+01 6.978459e+00 6.887815e+00 6.652921e+00 6.405458e+00 6.312193e+00 6.429796e+00 6.688221e+00 6.751233e+00 9.152703e+00 6.606237e+00 6.629841e+00 7.007380e+00 6.235949e+00 5.763322e+00 3.750818e+00 3.371234e+00 3.061412e+00 4.239679e+00 0.000000e+00 0.000000e+00 3.032660e+00 2.900250e+00 2.961419e+00 1.757043e+00 1.415564e+00 1.419779e+00 1.236273e+00 1.047463e+00 -9.999000e+03 -9.999000e+03 -9.999000e+03 -9.999000e+03 -9.999000e+03
5.040047e+00 5.261587e+00 5.678380e+00 6.067082e+00 4.257072e+00 6.583753e+00 6.609642e+00 6.063810e+00 6.799112e+00 6.514180e+00 6.167635e+00 5.802327e+00 5.592712e+00 5.606736e+00 5.851140e+00 6.241996e+00 6.609790e+00 6.923286e+00 1.066000e+01 6.986788e+00 6.796898e+00 6.573230e+00 6.417595e+00 6.433581e+00 6.599839e+00 6.768124e+00 6.649492e+00 8.415414e+00 6.422424e+00 6.516224e+00 6.588658e+00 6.408844e+00 4.163354e+00 4.008236e+00 3.698863e+00 3.393757e+00 0.000000e+00 0.000000e+00 3.717777e+00 3.739530e+00 3.384390e+00 3.161733e+00 1.678707e+00 1.390071e+00 1.775651e+00 1.867661e+00 1.849378e+00 1.204232e+00 3.762912e-01 -9.999000e+03 -9.999000e+03 -9.999000e+03
3.511394e+00 4.060826e+00 4.527050e+00 4.952615e+00 5.411707e+00 5.049344e+00 6.204320e+00 6.327568e+00 6.173777e+00 6.565088e+00 6.532330e+00 6.463636e+00 6.487361e+00 6.559233e+00 6.654161e+00 6.785067e+00 6.854889e+00 6.832681e+00 6.632650e+00 1.066000e+01 6.270981e+00 6.260523e+00 6.361217e+00 6.558923e+00 6.754733e+00 6.783819e+00 6.469064e+00 7.547342e+00 5.978780e+00 5.998189e+00 6.117307e+00 4.132064e+00 4.047287e+00 4.007547e+00 0.000000e+00 0.000000e+00 0.000000e+00 3.645288e+00 4.537756e+00 4.245322e+00 3.875656e+00 2.629516e+00 2.339835e+00 2.387750e+00 2.218446e+00 1.955070e+00 1.768790e+00 1.389621e+00 1.216240e+00 5.723381e-01 -9.999000e+03 -9.999000e+03
1.079000e+01 1.079000e+01 4.039196e+00 4.513717e+00 4.835086e+00 5.415341e+00 5.592048e+00 6.271687e+00 6.561564e+00 6.715434e+00 7.018373e+00 7.163302e+00 7.305247e+00 7.358511e+00 7.317361e+00 7.201691e+00 6.966991e+00 6.642155e+00 6.222557e+00 1.079000e+01 5.661282e+00 5.718031e+00 5.976209e+00 6.298438e+00 6.489483e+00 6.390437e+00 5.968858e+00 6.540490e+00 5.532199e+00 5.562766e+00 5.761612e+00 4.068298e+00 4.057189e+00 0.000000e+00 0.000000e+00 5.076217e+00 3.942101e+00 4.751965e+00 5.013420e+00 4.686360e+00 3.127401e+00 2.952806e+00 2.737654e+00 3.103823e+00 2.691614e+00 2.322393e+00 1.640896e+00 1.665280e+00 1.683189e+00 2.491967e+00 1.135989e+00 5.905236e-01
6.310900e+00 5.960770e+00 1.079000e+01 4.408372e+00 4.870832e+00 5.658154e+00 6.309760e+00 6.635117e+00 7.165117e+00 7.475397e+00 7.682737e+00 7.971314e+00 8.135181e+00 8.163536e+00 8.049080e+00 7.719279e+00 7.197758e+00 6.628195e+00 6.044435e+00 5.502249e+00 1.079000e+01 5.146724e+00 5.455835e+00 5.823244e+00 5.761443e+00 5.558732e+00 5.143779e+00 5.392850e+00 5.066675e+00 5.229523e+00 5.544200e+00 4.099599e+00 0.000000e+00 0.000000e+00 4.771883e+00 5.566218e+00 4.953968e+00 5.292371e+00 5.353534e+00 3.594184e+00 3.388850e+00 3.155856e+00 2.922739e+00 2.634477e+00 3.175658e+00 2.967987e+00 2.225882e+00 2.668241e+00 2.562890e+00 2.883646e+00 1.661963e+00 2.462597e+00
3.614421e+00 4.760642e+00 5.111920e+00 1.079000e+01 1.079000e+01 1.079000e+01 1.079000e+01 6.444134e+00 6.556572e+00 6.727676e+00 6.866072e+00 7.023735e+00 7.080591e+00 6.984380e+00 9.177207e+00 6.431237e+00 6.006742e+00 5.626078e+00 5.241020e+00 4.876998e+00 3.272525e+00 1.079000e+01 7.064757e+00 5.433858e+00 5.347436e+00 5.013265e+00 4.510118e+00 4.511901e+00 4.814412e+00 5.127087e+00 5.508326e+00 0.000000e+00 0.000000e+00 4.096286e+00 5.592788e+00 5.738954e+00 5.400721e+00 5.529510e+00 5.529623e+00 3.753080e+00 3.583111e+00 3.328995e+00 3.090023e+00 2.826612e+00 3.509831e+00 3.301975e+00 3.010531e+00 3.171905e+00 3.074279e+00 3.165043e+00 2.585416e+00 2.981951e+00
5.751754e+00 6.293292e+00 6.215228e+00 5.397295e+00 5.258364e+00 5.891282e+00 6.100167e+00 1.079000e+01 1.079000e+01 1.079000e+01 1.079000e+01 1.079000e+01 1.079000e+01 1.079000e+01 1.079000e+01 1.079000e+01 1.079000e+01 4.117769e+00 4.331929e+00 4.494306e+00 4.764542e+00 4.600223e+00 1.079000e+01 5.328647e+00 4.843790e+00 4.392224e+00 4.276984e+00 4.324054e+00 4.826612e+00 5.286501e+00 0.000000e+00 0.000000e+00 4.335871e+00 4.190315e+00 5.998540e+00 5.907269e+00 5.632390e+00 5.606925e+00 5.566114e+00 3.806511e+00 3.691844e+00 3.458394e+00 3.237810e+00 2.989530e+00 2.710232e+00 2.455256e+00 3.071815e+00 3.120048e+00 3.198117e+00 3.392353e+00 3.296277e+00 3.401168e+00
5.797704e+00 6.598459e+00 6.577728e+00 1.079000e+01 1.079000e+01 1.079000e+01 1.079000e+01 1.079000e+01 1.079000e+01 1.079000e+01 1.079000e+01 1.079000e+01 1.079000e+01 1.079000e+01 1.079000e+01 1.079000e+01 1.079000e+01 1.079000e+01 1.079000e+01 3.712786e+00 4.099573e+00 4.732010e+00 1.079000e+01 4.714994e+00 4.277654e+00 3.986515e+00 4.022119e+00 4.481412e+00 4.941113e+00 0.000000e+00 0.000000e+00 4.320108e+00 4.395017e+00 4.249566e+00 6.194382e+00 6.058587e+00 5.822265e+00 5.765512e+00 3.935774e+00 3.938909e+00 3.846708e+00 3.612121e+00 3.376464e+00 3.145419e+00 2.890829e+00 2.606093e+00 2.371605e+00 3.104653e+00 3.187589e+00 3.393599e+00 3.495704e+00 3.511559e+00
6.293692e+00 1.066000e+01 1.066000e+01 6.341554e+00 6.643739e+00 7.327235e+00 7.707559e+00 7.758236e+00 7.712493e+00 7.573768e+00 7.368329e+00 7.308800e+00 6.962425e+00 6.516970e+00 6.028416e+00 5.571372e+00 7.092332e+00 7.966629e+00 6.808225e+00 1.079000e+01 1.079000e+01 1.079000e+01 1.079000e+01 1.079000e+01 3.673904e+00 3.786315e+00 4.003271e+00 4.651325e+00 0.000000e+00 0.000000e+00 4.169547e+00 5.625235e+00 4.428623e+00 4.275127e+00 6.295828e+00 6.200731e+00 6.028055e+00 6.018326e+00 4.132460e+00 4.148244e+00 4.066461e+00 3.822326e+00 3.524899e+00 3.268686e+00 3.093537e+00 2.888243e+00 2.607181e+00 3.238280e+00 3.144614e+00 3.160019e+00 3.182530e+00 3.231752e+00
1.066000e+01 5.953655e+00 6.366983e+00 6.686439e+00 7.233012e+00 7.972782e+00 8.450060e+00 8.654911e+00 8.774284e+00 8.773654e+00 8.640552e+00 8.407981e+00 8.104542e+00 7.735163e+00 7.309292e+00 7.100339e+00 6.673433e+00 8.324271e+00 7.621793e+00 7.932232e+00 8.729532e+00 1.079000e+01 8.127415e+00 1.079000e+01 1.079000e+01 3.068876e+00 3.739844e+00 3.348942e+00 0.000000e+00 4.717497e+00 5.167575e+00 6.170024e+00 4.516107e+00 5.641975e+00 6.428634e+00 6.309041e+00 6.184499e+00 6.234677e+00 4.290963e+00 4.304036e+00 4.210984e+00 3.986334e+00 3.670722e+00 3.351944e+00 3.200015e+00 3.095226e+00 2.860792e+00 2.594590e+00 3.333537e+00 3.219781e+00 3.142501e+00 3.157306e+00
5.322841e+00 5.755429e+00 6.096770e+00 6.286354e+00 6.641110e+00 7.270187e+00 7.784558e+00 8.125084e+00 8.460910e+00 8.692045e+00 8.722837e+00 8.654821e+00 8.600615e+00 8.540204e+00 8.391724e+00 8.182377e+00 1.053144e+01 7.648174e+00 7.234285e+00 6.261932e+00 5.774552e+00 0.000000e+00 0.000000e+00 0.000000e+00 1.079000e+01 1.079000e+01 3.327386e+00 0.000000e+00 0.000000e+00 4.658927e+00 5.314336e+00 6.220337e+00 4.632350e+00 6.516326e+00 6.633939e+00 6.384106e+00 6.283198e+00 4.328764e+00 4.420392e+00 4.444032e+00 4.308677e+00 4.071851e+00 3.775760e+00 3.421238e+00 3.237729e+00 3.199388e+00 3.086771e+00 2.897109e+00 3.759945e+00 3.591964e+00 3.444429e+00 3.340773e+00
5.186779e+00 5.560848e+00 5.780582e+00 5.838315e+00 6.018863e+00 6.474015e+00 6.896911e+00 7.213224e+00 7.634851e+00 8.083611e+00 8.325753e+00 8.412357e+00 8.538229e+00 8.705159e+00 8.780152e+00 1.066000e+01 8.796996e+00 8.781173e+00 8.451140e+00 7.756242e+00 7.403785e+00 7.285195e+00 6.766363e+00 0.000000e+00 0.000000e+00 0.000000e+00 1.079000e+01 0.000000e+00 2.805351e+00 3.797537e+00 4.644868e+00 5.851007e+00 5.568603e+00 6.568033e+00 6.627076e+00 6.478640e+00 6.443244e+00 4.419320e+00 4.503777e+00 4.580389e+00 4.466690e+00 4.189401e+00 3.868860e+00 3.492719e+00 3.274763e+00 3.228787e+00 3.173996e+00 3.838682e+00 4.068772e+00 3.883480e+00 3.700473e+00 3.599206e+00
4.923890e+00 5.124431e+00 5.265748e+00 5.294685e+00 5.379399e+00 5.650852e+00 5.892995e+00 6.049705e+00 6.412914e+00 7.003682e+00 7.465656e+00 7.734376e+00 8.003818e+00 8.306537e+00 1.066000e+01 8.700840e+00 8.951112e+00 9.241471e+00 9.305670e+00 9.110321e+00 8.804375e+00 8.678633e+00 7.976578e+00 6.897698e+00 6.133624e+00 0.000000e+00 0.000000e+00 0.000000e+00 1.079000e+01 2.846946e+00 4.944936e+00 4.786139e+00 5.049550e+00 5.771309e+00 6.271825e+00 6.551250e+00 6.680736e+00 4.549302e+00 4.575630e+00 4.667208e+00 4.619233e+00 4.353701e+00 3.988168e+00 3.563876e+00 3.308036e+00 3.216583e+00 3.153669e+00 4.187234e+00 4.222648e+00 4.069109e+00 3.877852e+00 3.895457e+00
4.603376e+00 4.694904e+00 4.832880e+00 4.936614e+00 5.006735e+00 5.145203e+00 5.251969e+00 5.252255e+00 5.467463e+00 5.967698e+00 6.457231e+00 6.849065e+00 7.168166e+00 1.066000e+01 7.806681e+00 8.026607e+00 8.375816e+00 8.863695e+00 9.192567e+00 9.221571e+00 9.246585e+00 9.186325e+00 8.733103e+00 7.606977e+00 7.064692e+00 9.212860e+00 0.000000e+00 0.000000e+00 0.000000e+00 0.000000e+00 4.944576e+00 3.715683e+00 4.749347e+00 5.424334e+00 6.068203e+00 6.486103e+00 6.743537e+00 4.657076e+00 4.712539e+00 4.766556e+00 4.740087e+00 4.541447e+00 4.200043e+00 3.762836e+00 3.475263e+00 3.329201e+00 3.223693e+00 4.376870e+00 4.335003e+00 4.285122e+00 4.212646e+00 4.344520e+00
4.137243e+00 4.203052e+00 4.419433e+00 4.692128e+00 4.821404e+00 4.880503e+00 4.876133e+00 4.827937e+00 4.843441e+00 5.064106e+00 5.474552e+00 5.843274e+00 1.037007e+01 6.441322e+00 6.664724e+00 6.800822e+00 7.219834e+00 7.933506e+00 8.194749e+00 8.344798e+00 8.601424e+00 8.940968e+00 8.633929e+00 7.769046e+00 7.222519e+00 0.000000e+00 0.000000e+00 5.683414e+00 5.656358e+00 0.000000e+00 0.000000e+00 0.000000e+00 4.761797e+00 6.007379e+00 6.189518e+00 6.326603e+00 6.604907e+00 4.699701e+00 4.856993e+00 4.884398e+00 4.850158e+00 4.715377e+00 4.457271e+00 4.078995e+00 3.784451e+00 3.578919e+00 3.400717e+00 4.561004e+00 4.416423e+00 4.495370e+00 4.711999e+00 4.976067e+00
