tests/data/reference/test_implicit_stream_rill_mfda/mrsearstr_pa.asc
ncols	123
nrows	77
xllcorner	-713746.79929998
yllcorner	-1061022.36961616
cellsize	10.0
NODATA_value	-9999
[rows 46 to 68 of 77, columns 52 to 103 of 123]
3.793477e+00 3.696115e+00 3.877520e+00 4.281369e+00 4.487706e+00 4.350784e+00 4.394998e+00 4.451614e+00 4.444701e+00 4.605010e+00 4.771724e+00 9.415285e+00 5.439263e+00 5.499384e+00 5.455685e+00 5.554897e+00 6.207729e+00 6.685136e+00 7.142106e+00 7.295214e+00 7.651542e+00 8.224219e+00 8.247814e+00 7.529487e+00 7.502945e+00 0.000000e+00 5.460901e+00 4.602903e+00 5.603956e+00 6.027310e+00 5.623456e+00 0.000000e+00 0.000000e+00 0.000000e+00 5.704350e+00 5.732405e+00 6.165115e+00 4.587406e+00 4.876291e+00 4.927368e+00 4.884428e+00 4.763518e+00 4.580527e+00 4.306981e+00 4.071615e+00 3.873400e+00 3.674492e+00 4.931795e+00 4.695942e+00 4.760768e+00 5.100900e+00 5.410077e+00
3.658956e+00 3.304688e+00 3.343524e+00 3.801585e+00 3.665713e+00 3.641419e+00 3.703004e+00 3.875303e+00 4.396354e+00 4.230271e+00 8.738825e+00 4.845971e+00 4.819909e+00 4.398253e+00 4.356067e+00 4.863268e+00 4.641336e+00 5.355071e+00 5.815598e+00 5.956648e+00 6.318348e+00 6.937714e+00 7.252497e+00 8.184966e+00 5.200375e+00 0.000000e+00 5.612228e+00 5.140895e+00 6.053446e+00 6.735637e+00 6.760528e+00 6.265277e+00 5.060044e+00 0.000000e+00 0.000000e+00 4.589630e+00 5.372725e+00 4.286068e+00 4.747507e+00 4.895245e+00 4.852912e+00 4.697869e+00 4.570625e+00 4.424971e+00 4.308870e+00 4.189397e+00 4.023503e+00 5.493770e+00 5.199374e+00 5.142782e+00 5.376478e+00 5.607206e+00
3.780138e+00 3.277684e+00 3.179338e+00 2.578077e+00 2.729228e+00 2.704529e+00 2.737712e+00 3.930823e+00 3.681734e+00 8.540833e+00 4.334407e+00 4.185171e+00 3.384899e+00 3.280751e+00 4.522368e+00 3.171551e+00 3.356450e+00 3.800166e+00 4.064741e+00 4.132930e+00 4.373600e+00 4.804114e+00 7.696625e+00 7.171821e+00 7.945807e+00 0.000000e+00 6.029207e+00 7.739838e+00 7.501479e+00 7.832478e+00 7.762506e+00 7.191715e+00 5.723205e+00 2.342106e+00 0.000000e+00 4.009936e+00 4.710317e+00 3.944759e+00 4.522223e+00 4.813900e+00 4.829180e+00 4.654786e+00 4.561049e+00 4.507474e+00 4.495081e+00 4.455119e+00 4.319995e+00 6.032400e+00 5.761217e+00 5.614454e+00 5.659946e+00 5.708728e+00
4.050214e+00 3.541937e+00 2.365507e+00 3.113888e+00 3.457065e+00 3.530323e+00 3.552786e+00 2.604299e+00 8.130509e+00 3.963017e+00 3.035644e+00 3.248375e+00 4.187324e+00 4.416384e+00 3.176387e+00 4.002176e+00 4.523356e+00 5.103144e+00 5.429664e+00 5.497508e+00 5.702527e+00 6.104931e+00 4.662261e+00 5.332976e+00 9.753339e+00 0.000000e+00 7.322029e+00 7.185368e+00 7.714958e+00 8.278936e+00 8.372289e+00 7.907294e+00 6.674712e+00 4.684276e+00 0.000000e+00 0.000000e+00 4.303490e+00 3.620924e+00 4.223401e+00 4.643397e+00 4.771393e+00 4.650925e+00 4.586277e+00 4.578935e+00 4.645303e+00 4.678879e+00 4.564016e+00 6.512346e+00 6.358918e+00 6.163442e+00 5.942811e+00 5.711717e+00
4.327652e+00 6.302772e+00 5.579600e+00 5.133759e+00 4.770968e+00 4.408490e+00 3.986062e+00 7.821117e+00 3.585286e+00 2.825053e+00 3.759438e+00 4.269448e+00 4.493624e+00 4.489542e+00 4.519262e+00 4.617684e+00 4.867396e+00 5.294150e+00 5.539277e+00 5.569276e+00 5.587179e+00 5.610857e+00 6.079666e+00 7.060505e+00 7.579285e+00 0.000000e+00 6.421627e+00 5.376102e+00 7.281694e+00 8.380611e+00 8.794028e+00 8.635094e+00 7.608905e+00 8.055760e+00 4.148258e+00 0.000000e+00 4.235849e+00 3.413401e+00 3.986920e+00 4.450984e+00 4.655136e+00 4.619712e+00 4.603649e+00 4.608305e+00 6.052870e+00 6.202383e+00 4.777454e+00 6.939624e+00 6.818586e+00 6.606238e+00 6.285521e+00 5.913348e+00
7.660628e+00 4.485033e+00 5.510254e+00 5.209943e+00 5.977515e+00 7.388149e+00 7.821603e+00 3.535559e+00 3.662172e+00 4.041126e+00 4.252643e+00 4.283455e+00 4.329278e+00 4.368983e+00 4.473910e+00 4.659271e+00 6.462075e+00 6.455739e+00 6.239247e+00 6.116318e+00 5.866632e+00 5.360292e+00 5.422142e+00 6.143675e+00 6.755780e+00 0.000000e+00 5.216487e+00 7.241237e+00 8.440766e+00 9.304996e+00 9.547024e+00 9.305269e+00 8.315344e+00 6.595443e+00 6.386714e+00 0.000000e+00 0.000000e+00 3.470784e+00 3.856838e+00 4.301636e+00 4.529279e+00 4.562772e+00 4.611493e+00 4.616186e+00 6.603424e+00 6.847325e+00 4.939890e+00 7.348455e+00 7.141143e+00 6.916836e+00 6.702321e+00 6.363559e+00
4.899639e+00 4.843799e+00 3.143124e+00 4.003312e+00 4.414998e+00 3.816445e+00 3.810911e+00 3.723409e+00 3.903396e+00 4.372974e+00 4.517548e+00 4.281920e+00 4.166888e+00 4.190655e+00 4.292963e+00 4.473024e+00 3.476355e+00 4.994885e+00 5.911087e+00 6.414117e+00 6.164461e+00 5.162820e+00 4.916374e+00 5.516388e+00 4.328850e+00 0.000000e+00 6.985568e+00 8.434865e+00 9.357353e+00 1.003735e+01 1.023224e+01 9.717150e+00 8.780046e+00 7.478705e+00 5.572405e+00 5.416425e+00 0.000000e+00 4.555156e+00 3.857247e+00 4.170420e+00 4.335659e+00 4.375461e+00 4.493687e+00 5.916579e+00 6.871922e+00 7.144645e+00 6.498351e+00 7.670112e+00 7.490987e+00 7.244552e+00 7.051661e+00 6.821521e+00
4.981764e+00 5.095031e+00 4.767923e+00 5.074376e+00 3.772867e+00 3.853787e+00 3.916820e+00 3.921246e+00 4.195676e+00 6.171049e+00 5.758446e+00 4.931616e+00 4.323104e+00 4.117155e+00 4.108506e+00 4.256997e+00 4.704947e+00 5.467274e+00 6.140402e+00 6.684434e+00 6.352064e+00 5.085390e+00 6.425740e+00 7.408835e+00 7.656638e+00 0.000000e+00 7.752479e+00 8.868532e+00 9.753603e+00 1.058676e+01 1.061777e+01 9.933577e+00 9.141972e+00 8.428642e+00 6.826024e+00 8.023497e+00 0.000000e+00 0.000000e+00 4.203949e+00 4.102718e+00 4.093712e+00 4.056823e+00 5.446828e+00 6.352952e+00 7.032995e+00 7.356727e+00 7.228956e+00 7.867067e+00 7.853796e+00 7.614096e+00 7.326002e+00 7.238270e+00
5.112309e+00 5.333254e+00 6.638205e+00 4.213743e+00 3.845348e+00 3.934838e+00 4.036419e+00 4.085365e+00 4.389318e+00 5.030640e+00 5.261939e+00 5.009290e+00 4.635380e+00 4.216798e+00 4.102471e+00 4.284480e+00 4.692866e+00 5.343124e+00 5.963620e+00 6.526109e+00 6.198055e+00 4.870646e+00 3.197337e+00 3.926507e+00 5.797975e+00 0.000000e+00 7.671263e+00 9.072610e+00 1.006424e+01 1.066000e+01 1.066000e+01 1.012892e+01 9.527088e+00 9.280696e+00 1.079000e+01 1.061532e+01 4.053234e+00 0.000000e+00 4.517986e+00 4.412583e+00 4.169701e+00 4.113931e+00 6.045081e+00 6.723632e+00 7.272492e+00 7.575510e+00 7.593737e+00 7.928281e+00 8.019809e+00 7.894137e+00 7.632192e+00 7.557427e+00
5.334858e+00 5.519589e+00 5.226863e+00 4.409735e+00 4.030043e+00 4.123557e+00 4.222527e+00 4.297627e+00 4.544012e+00 3.529022e+00 7.172894e+00 8.438517e+00 7.465420e+00 8.788886e+00 9.207538e+00 9.265088e+00 9.409144e+00 9.663580e+00 9.852034e+00 9.941949e+00 8.977242e+00 6.988514e+00 6.582524e+00 7.599816e+00 0.000000e+00 0.000000e+00 5.976713e+00 8.231446e+00 9.607540e+00 1.045709e+01 1.055883e+01 1.001974e+01 9.715086e+00 9.901439e+00 8.883898e+00 9.324640e+00 1.057601e+01 0.000000e+00 4.853640e+00 4.703813e+00 4.535250e+00 5.858688e+00 6.898894e+00 7.342592e+00 7.687603e+00 7.846329e+00 7.792470e+00 7.875655e+00 7.978665e+00 8.042297e+00 7.963474e+00 7.797861e+00
5.631916e+00 5.630205e+00 5.318368e+00 4.622740e+00 4.361170e+00 4.379734e+00 4.476141e+00 4.647016e+00 4.820041e+00 6.579120e+00 5.364117e+00 5.628623e+00 7.162475e+00 4.915413e+00 4.750075e+00 6.613078e+00 6.378277e+00 6.191007e+00 6.117061e+00 6.450345e+00 6.291070e+00 5.501219e+00 5.569314e+00 6.619259e+00 0.000000e+00 6.472508e+00 6.768127e+00 8.537248e+00 9.462629e+00 9.807167e+00 9.924203e+00 9.967021e+00 9.995590e+00 1.003604e+01 9.258279e+00 1.047558e+01 1.079000e+01 0.000000e+00 0.000000e+00 5.323909e+00 6.802246e+00 7.221636e+00 7.679341e+00 7.864740e+00 7.993821e+00 8.049795e+00 7.962625e+00 7.870902e+00 7.843883e+00 7.899207e+00 7.895863e+00 7.672505e+00
5.989663e+00 5.562475e+00 5.146826e+00 5.059752e+00 4.785039e+00 4.662448e+00 4.750198e+00 4.986408e+00 5.131487e+00 5.169182e+00 5.364501e+00 5.706592e+00 5.696730e+00 5.253114e+00 5.133898e+00 5.442582e+00 7.529574e+00 9.320817e+00 1.066000e+01 1.066000e+01 1.038243e+01 9.365045e+00 8.978185e+00 9.205359e+00 0.000000e+00 6.604568e+00 6.737834e+00 8.210640e+00 8.822745e+00 8.917204e+00 9.252639e+00 9.926439e+00 1.027133e+01 1.029229e+01 9.854997e+00 8.679688e+00 1.079000e+01 1.079000e+01 0.000000e+00 8.247094e+00 8.877955e+00 8.481673e+00 8.407026e+00 8.281586e+00 8.162334e+00 8.153900e+00 8.130639e+00 7.942685e+00 7.654101e+00 7.478713e+00 7.400069e+00 7.156397e+00
5.896191e+00 4.698445e+00 5.054306e+00 5.124005e+00 4.908917e+00 4.824081e+00 4.845844e+00 5.089100e+00 5.244340e+00 5.252807e+00 5.372006e+00 5.672644e+00 5.736484e+00 5.488849e+00 5.432951e+00 5.686375e+00 6.000422e+00 6.332374e+00 6.661724e+00 9.174975e+00 8.643643e+00 8.038101e+00 7.637978e+00 7.796945e+00 0.000000e+00 6.679508e+00 6.642131e+00 7.858071e+00 8.324277e+00 8.418286e+00 1.066000e+01 1.066000e+01 1.066000e+01 1.066000e+01 1.066000e+01 1.079000e+01 1.079000e+01 1.079000e+01 0.000000e+00 0.000000e+00 9.624267e+00 9.234124e+00 8.757738e+00 8.449082e+00 8.207941e+00 8.121868e+00 8.086294e+00 7.896325e+00 7.527724e+00 7.251508e+00 7.165430e+00 6.924918e+00
4.152061e+00 4.713805e+00 4.576470e+00 4.636222e+00 4.888836e+00 4.745902e+00 4.759589e+00 4.936670e+00 5.125397e+00 5.239549e+00 5.394000e+00 5.519922e+00 5.637246e+00 5.627918e+00 5.625895e+00 5.787023e+00 6.070863e+00 6.437860e+00 6.836787e+00 7.236675e+00 9.880809e+00 1.039873e+01 1.066000e+01 1.066000e+01 0.000000e+00 6.527992e+00 8.079465e+00 1.066000e+01 1.066000e+01 1.066000e+01 8.782095e+00 1.066000e+01 1.066000e+01 1.016356e+01 1.052929e+01 1.066000e+01 1.079000e+01 1.079000e+01 1.079000e+01 0.000000e+00 0.000000e+00 9.142717e+00 8.882260e+00 8.336542e+00 8.113307e+00 7.968221e+00 7.835710e+00 7.689281e+00 7.428234e+00 7.230577e+00 7.239119e+00 7.060776e+00
5.056833e+00 4.440766e+00 3.586479e+00 4.468303e+00 4.558508e+00 4.568480e+00 4.554812e+00 4.594074e+00 4.790015e+00 5.259734e+00 5.329076e+00 5.354671e+00 5.563946e+00 5.734150e+00 5.839490e+00 5.956890e+00 6.177282e+00 6.515436e+00 6.917131e+00 7.341575e+00 5.033978e+00 5.047251e+00 7.868672e+00 5.731446e+00 0.000000e+00 6.341082e+00 8.061233e+00 9.071568e+00 8.775015e+00 8.060156e+00 7.540472e+00 8.150643e+00 8.674271e+00 9.014198e+00 9.550928e+00 1.032358e+01 1.009040e+01 9.801611e+00 7.370552e+00 1.079000e+01 0.000000e+00 0.000000e+00 7.998652e+00 7.727759e+00 7.783158e+00 7.789059e+00 7.691553e+00 7.618195e+00 7.444632e+00 7.185895e+00 7.032183e+00 6.860146e+00
5.235070e+00 2.786052e+00 3.579141e+00 3.647787e+00 3.994516e+00 4.120518e+00 4.104986e+00 4.007439e+00 4.659027e+00 4.908071e+00 5.127545e+00 5.314260e+00 5.412208e+00 5.722859e+00 6.025709e+00 6.154246e+00 6.381835e+00 6.695602e+00 6.950939e+00 4.961428e+00 6.482869e+00 6.960663e+00 5.084429e+00 7.286280e+00 0.000000e+00 8.496121e+00 9.145400e+00 8.806326e+00 7.053512e+00 5.469404e+00 5.611299e+00 5.884774e+00 6.209254e+00 6.533498e+00 6.988365e+00 7.610392e+00 1.066000e+01 1.066000e+01 1.079000e+01 9.200377e+00 1.079000e+01 0.000000e+00 5.916927e+00 6.710757e+00 7.158031e+00 7.548855e+00 7.642131e+00 7.680966e+00 7.609944e+00 7.169586e+00 6.649623e+00 4.416177e+00
4.834266e+00 3.784356e+00 2.382159e+00 2.684026e+00 2.936412e+00 3.103894e+00 3.092191e+00 4.102006e+00 3.784787e+00 4.193028e+00 4.918015e+00 4.810976e+00 4.977186e+00 5.495044e+00 5.788926e+00 6.053893e+00 6.375017e+00 6.592035e+00 4.878793e+00 6.528031e+00 7.199941e+00 7.181172e+00 7.498880e+00 8.341956e+00 0.000000e+00 8.416831e+00 8.897039e+00 5.480108e+00 5.345781e+00 6.983150e+00 7.821673e+00 8.328725e+00 8.876070e+00 9.557305e+00 1.036178e+01 1.066000e+01 7.566368e+00 7.744517e+00 9.396296e+00 8.274228e+00 5.551445e+00 0.000000e+00 0.000000e+00 5.674699e+00 6.533217e+00 7.178266e+00 7.366024e+00 7.362304e+00 7.313311e+00 6.793921e+00 4.227220e+00 7.197682e+00
4.341201e+00 3.673149e+00 3.334697e+00 3.476186e+00 3.698976e+00 3.959794e+00 3.982757e+00 2.667842e+00 2.702967e+00 4.081989e+00 3.906409e+00 3.969090e+00 4.584672e+00 4.795697e+00 5.230138e+00 5.668512e+00 5.642004e+00 4.756089e+00 6.439549e+00 7.296983e+00 7.576923e+00 7.396575e+00 7.515342e+00 8.078261e+00 0.000000e+00 8.116163e+00 8.700244e+00 8.720733e+00 8.542140e+00 8.394671e+00 8.282271e+00 8.188525e+00 8.370630e+00 8.856778e+00 9.552968e+00 1.043211e+01 1.066000e+01 1.066000e+01 1.066000e+01 1.066000e+01 1.079000e+01 9.865353e+00 0.000000e+00 0.000000e+00 6.232312e+00 6.711436e+00 4.529453e+00 6.676511e+00 6.568390e+00 4.163914e+00 6.503072e+00 7.652654e+00
3.725962e+00 3.529929e+00 3.414385e+00 3.434724e+00 3.515677e+00 3.649923e+00 3.628178e+00 3.413777e+00 3.393360e+00 2.640818e+00 2.759291e+00 3.834393e+00 3.655979e+00 3.932624e+00 4.394794e+00 3.976000e+00 4.389172e+00 6.159284e+00 7.147600e+00 7.595343e+00 7.717773e+00 7.574216e+00 7.587320e+00 7.840827e+00 0.000000e+00 7.964958e+00 8.780135e+00 9.161597e+00 9.111309e+00 8.793362e+00 8.479610e+00 8.164560e+00 8.070643e+00 8.226952e+00 8.730476e+00 9.588507e+00 1.033809e+01 1.066000e+01 7.091985e+00 6.960949e+00 8.053743e+00 6.856580e+00 1.079000e+01 0.000000e+00 5.682522e+00 6.308185e+00 4.369286e+00 4.179211e+00 4.092462e+00 4.345755e+00 7.151565e+00 7.672434e+00
3.079003e+00 3.299831e+00 3.453899e+00 3.527593e+00 3.546065e+00 3.500351e+00 3.406342e+00 3.273598e+00 3.200370e+00 3.203468e+00 3.273623e+00 2.486341e+00 2.631625e+00 2.824343e+00 3.211767e+00 4.793376e+00 5.969055e+00 6.898063e+00 7.431521e+00 7.589762e+00 7.585984e+00 7.458812e+00 9.971752e+00 1.063630e+01 0.000000e+00 8.697314e+00 9.295134e+00 9.825361e+00 9.828419e+00 9.365448e+00 8.871343e+00 8.353821e+00 8.011106e+00 7.853141e+00 8.055716e+00 8.676314e+00 9.382494e+00 1.008370e+01 1.066000e+01 1.066000e+01 1.066000e+01 9.743720e+00 7.727553e+00 0.000000e+00 0.000000e+00 5.473099e+00 4.269824e+00 4.257890e+00 4.205661e+00 7.176883e+00 7.798460e+00 7.860286e+00
2.097905e+00 2.929581e+00 3.432370e+00 3.708463e+00 3.750019e+00 3.541511e+00 3.386370e+00 3.348410e+00 3.210146e+00 2.917916e+00 2.820516e+00 2.988420e+00 3.298963e+00 3.720116e+00 4.351069e+00 5.209622e+00 6.051334e+00 6.855258e+00 7.285365e+00 7.310289e+00 7.181622e+00 6.943619e+00 4.752511e+00 0.000000e+00 0.000000e+00 6.902214e+00 8.586276e+00 9.807093e+00 1.020219e+01 9.899717e+00 9.385096e+00 8.715950e+00 8.167044e+00 7.749974e+00 7.589593e+00 7.736604e+00 8.318041e+00 9.276205e+00 1.011025e+01 1.066000e+01 1.066000e+01 1.066000e+01 9.604605e+00 7.587685e+00 0.000000e+00 0.000000e+00 5.170038e+00 4.467601e+00 4.733086e+00 5.108981e+00 5.437183e+00 7.247426e+00
-9.999000e+03 -9.999000e+03 -9.999000e+03 -9.999000e+03 -9.999000e+03 -9.999000e+03 -9.999000e+03 2.581295e+00 2.451072e+00 2.106695e+00 1.963372e+00 2.091043e+00 2.938970e+00 3.747118e+00 4.481788e+00 5.152013e+00 5.855649e+00 6.634066e+00 7.004821e+00 6.922018e+00 6.714168e+00 6.398441e+00 6.675803e+00 0.000000e+00 6.453521e+00 6.079287e+00 7.808627e+00 9.410398e+00 1.024704e+01 1.033674e+01 9.962748e+00 9.202263e+00 8.462282e+00 7.768156e+00 7.271927e+00 7.013083e+00 7.383384e+00 8.410900e+00 9.423198e+00 1.031407e+01 1.066000e+01 1.066000e+01 1.066000e+01 9.123526e+00 6.633730e+00 0.000000e+00 0.000000e+00 4.730526e+00 5.359377e+00 5.623598e+00 5.756735e+00 5.730381e+00
-9.999000e+03 -9.999000e+03 -9.999000e+03 -9.999000e+03 -9.999000e+03 -9.999000e+03 -9.999000e+03 -9.999000e+03 -9.999000e+03 -9.999000e+03 2.563050e+00 2.649455e+00 2.476343e+00 3.052549e+00 4.342631e+00 4.970807e+00 5.567029e+00 6.335040e+00 6.654920e+00 6.472351e+00 6.264837e+00 6.051536e+00 6.441706e+00 0.000000e+00 6.408787e+00 5.914336e+00 7.563804e+00 9.240596e+00 1.029746e+01 1.066000e+01 1.058823e+01 9.767918e+00 8.862648e+00 7.908920e+00 7.200793e+00 6.769303e+00 6.882653e+00 7.565469e+00 8.516003e+00 9.689156e+00 1.055262e+01 1.066000e+01 1.066000e+01 1.004541e+01 8.170666e+00 5.711373e+00 0.000000e+00 0.000000e+00 5.678768e+00 6.040469e+00 -9.999000e+03 -9.999000e+03
