tests/data/reference/test_implicit_stream_rill_mfda/mrsearstr_pa.asc
ncols	123
nrows	77
xllcorner	-713746.79929998
yllcorner	-1061022.36961616
cellsize	10.0
NODATA_value	-9999
[rows 23 to 45 of 77, columns 0 to 51 of 123]
-9.999000e+03 -9.999000e+03 -9.999000e+03 -9.999000e+03 -9.999000e+03 -9.999000e+03 -9.999000e+03 -9.999000e+03 -9.999000e+03 -9.999000e+03 -9.999000e+03 -9.999000e+03 -9.999000e+03 -9.999000e+03 7.426699e-01 1.050713e+00 1.048401e+00 1.080219e+00 9.298749e-01 1.867066e-01 1.823870e+00 1.727339e+00 3.174104e+00 5.119665e+00 5.462712e+00 3.316873e+00 4.439592e+00 4.051506e+00 4.196704e+00 4.542595e+00 3.386105e+00 4.527541e+00 5.056834e+00 5.301165e+00 9.336972e+00 5.242349e+00 5.385574e+00 3.953583e+00 8.074209e+00 6.096739e+00 6.130278e+00 6.253095e+00 6.470158e+00 6.609926e+00 6.623913e+00 6.578917e+00 6.545856e+00 6.625097e+00 6.802553e+00 6.840725e+00 6.686345e+00 4.803782e+00
-9.999000e+03 -9.999000e+03 -9.999000e+03 -9.999000e+03 -9.999000e+03 -9.999000e+03 -9.999000e+03 -9.999000e+03 -9.999000e+03 -9.999000e+03 -9.999000e+03 -9.999000e+03 -9.999000e+03 -9.999000e+03 2.818839e-01 5.809066e-01 1.160266e+00 1.717957e+00 8.719307e-01 1.579630e+00 1.542231e+00 2.535987e+00 2.675147e+00 2.618860e+00 4.728954e+00 7.056661e+00 4.527826e+00 4.440934e+00 4.604249e+00 3.396505e+00 4.822470e+00 4.487923e+00 4.963180e+00 5.053818e+00 9.811147e+00 5.129443e+00 5.448838e+00 4.050725e+00 8.313419e+00 6.070770e+00 6.068033e+00 6.155277e+00 6.308799e+00 6.432510e+00 6.498457e+00 6.534193e+00 6.579601e+00 6.714924e+00 6.920918e+00 7.067022e+00 4.845379e+00 7.410713e+00
-9.999000e+03 -9.999000e+03 -9.999000e+03 -9.999000e+03 -9.999000e+03 -9.999000e+03 -9.999000e+03 -9.999000e+03 -9.999000e+03 -9.999000e+03 -9.999000e+03 -9.999000e+03 -9.999000e+03 -9.999000e+03 3.081298e-01 7.050324e-01 1.124712e+00 1.117016e+00 1.067524e+00 2.750910e+00 1.983512e+00 4.593919e+00 5.865048e+00 3.318385e+00 3.726319e+00 5.172637e+00 8.982550e+00 4.815435e+00 4.890538e+00 3.520176e+00 4.474041e+00 5.139726e+00 4.941318e+00 4.726294e+00 4.699905e+00 1.030792e+01 3.728561e+00 5.823241e+00 5.189700e+00 9.540763e+00 6.031580e+00 6.159572e+00 6.281281e+00 6.379936e+00 6.471576e+00 6.574282e+00 6.710096e+00 6.923882e+00 7.193639e+00 7.468806e+00 6.650953e+00 5.296847e+00
-9.999000e+03 -9.999000e+03 -9.999000e+03 -9.999000e+03 -9.999000e+03 -9.999000e+03 -9.999000e+03 -9.999000e+03 -9.999000e+03 -9.999000e+03 -9.999000e+03 -9.999000e+03 1.473380e+00 9.280634e-01 1.036526e+00 1.296905e+00 1.159713e+00 3.086397e-01 1.836150e+00 1.655667e+00 5.990259e+00 4.908053e+00 3.652123e+00 5.075247e+00 3.608167e+00 3.928657e+00 9.567274e+00 4.423440e+00 4.575631e+00 4.222984e+00 3.393836e+00 4.718002e+00 4.816885e+00 4.508478e+00 4.561669e+00 4.812040e+00 1.064823e+01 5.017072e+00 5.831148e+00 5.612485e+00 1.066000e+01 6.094640e+00 6.169015e+00 6.274475e+00 6.451100e+00 6.694709e+00 6.982606e+00 7.274149e+00 7.552894e+00 7.877306e+00 7.716817e+00 5.492629e+00
-9.999000e+03 -9.999000e+03 -9.999000e+03 -9.999000e+03 -9.999000e+03 -9.999000e+03 -9.999000e+03 -9.999000e+03 -9.999000e+03 -9.999000e+03 -9.999000e+03 -9.999000e+03 -9.999000e+03 1.393636e+00 1.124519e+00 1.167374e+00 4.864046e-01 1.319869e+00 1.336638e+00 4.920657e+00 2.676696e+00 2.658296e+00 4.564516e+00 5.307765e+00 6.620952e+00 6.960772e+00 7.203793e+00 7.504516e+00 3.663773e+00 4.120865e+00 4.301605e+00 4.064312e+00 4.328831e+00 4.124486e+00 4.266450e+00 4.956395e+00 5.560032e+00 1.079000e+01 5.536366e+00 5.933045e+00 1.066000e+01 5.939165e+00 5.961106e+00 6.115299e+00 6.445447e+00 6.915951e+00 7.415518e+00 7.765497e+00 7.980368e+00 8.270002e+00 8.358756e+00 7.330426e+00
-9.999000e+03 -9.999000e+03 -9.999000e+03 -9.999000e+03 -9.999000e+03 -9.999000e+03 -9.999000e+03 -9.999000e+03 -9.999000e+03 -9.999000e+03 -9.999000e+03 -9.999000e+03 -9.999000e+03 -9.999000e+03 -9.999000e+03 7.627102e-01 3.677672e-01 9.584894e-01 1.744769e+00 4.529162e+00 3.633604e+00 3.101754e+00 2.790245e+00 2.636561e+00 2.800288e+00 3.038651e+00 3.044131e+00 6.994853e+00 1.044311e+01 3.463332e+00 3.797432e+00 3.826142e+00 3.643929e+00 3.682462e+00 3.987866e+00 4.765334e+00 5.241731e+00 5.325819e+00 1.022969e+01 5.702071e+00 1.066000e+01 5.901279e+00 6.074285e+00 6.351279e+00 6.768225e+00 7.312060e+00 7.832299e+00 8.125346e+00 8.272953e+00 8.539690e+00 8.687134e+00 8.165211e+00
-9.999000e+03 -9.999000e+03 -9.999000e+03 -9.999000e+03 -9.999000e+03 -9.999000e+03 -9.999000e+03 -9.999000e+03 -9.999000e+03 -9.999000e+03 -9.999000e+03 -9.999000e+03 -9.999000e+03 -9.999000e+03 -9.999000e+03 -9.999000e+03 1.160788e+00 1.024649e+00 3.357541e+00 2.873305e+00 2.520562e+00 2.304713e+00 2.341059e+00 2.566425e+00 2.862601e+00 3.220304e+00 3.268986e+00 2.960581e+00 2.879510e+00 1.079000e+01 1.079000e+01 1.079000e+01 3.221120e+00 3.284842e+00 3.611446e+00 4.257531e+00 5.940902e+00 7.088615e+00 4.799921e+00 9.557428e+00 5.827550e+00 1.079000e+01 6.579091e+00 7.012201e+00 7.424590e+00 7.858746e+00 8.193106e+00 8.327948e+00 8.420603e+00 8.671708e+00 8.767317e+00 8.358156e+00
-9.999000e+03 -9.999000e+03 -9.999000e+03 -9.999000e+03 -9.999000e+03 -9.999000e+03 -9.999000e+03 -9.999000e+03 -9.999000e+03 -9.999000e+03 -9.999000e+03 -9.999000e+03 -9.999000e+03 -9.999000e+03 -9.999000e+03 -9.999000e+03 1.047768e+00 3.292007e+00 1.951531e+00 2.163937e+00 2.241445e+00 5.365142e+00 5.321557e+00 5.547632e+00 5.704702e+00 5.822904e+00 5.589224e+00 5.021433e+00 4.783882e+00 4.842042e+00 4.545455e+00 3.984418e+00 1.079000e+01 1.024804e+01 1.050184e+01 1.079000e+01 1.079000e+01 1.079000e+01 1.079000e+01 1.079000e+01 1.079000e+01 1.079000e+01 1.079000e+01 6.096360e+00 6.683366e+00 7.084901e+00 7.517492e+00 7.799881e+00 8.097289e+00 8.404501e+00 8.363270e+00 7.885138e+00
-9.999000e+03 -9.999000e+03 -9.999000e+03 -9.999000e+03 -9.999000e+03 -9.999000e+03 -9.999000e+03 -9.999000e+03 -9.999000e+03 -9.999000e+03 -9.999000e+03 -9.999000e+03 -9.999000e+03 -9.999000e+03 -9.999000e+03 1.050015e+00 3.880310e+00 1.920009e+00 4.029250e+00 5.076483e+00 5.554156e+00 2.452557e+00 3.320951e+00 4.270513e+00 4.098683e+00 5.682127e+00 6.334651e+00 6.781739e+00 6.641680e+00 6.764095e+00 6.471058e+00 5.778585e+00 4.965872e+00 4.035738e+00 3.693210e+00 3.872563e+00 9.811622e+00 1.079000e+01 1.079000e+01 1.079000e+01 1.079000e+01 1.079000e+01 1.079000e+01 1.079000e+01 1.079000e+01 5.287843e+00 8.347829e+00 6.614009e+00 7.341899e+00 7.707366e+00 7.435372e+00 6.827993e+00
-9.999000e+03 -9.999000e+03 -9.999000e+03 -9.999000e+03 -9.999000e+03 -9.999000e+03 -9.999000e+03 -9.999000e+03 -9.999000e+03 -9.999000e+03 -9.999000e+03 -9.999000e+03 -9.999000e+03 -9.999000e+03 9.016773e-01 1.564755e+00 4.622948e+00 4.260611e+00 1.982083e+00 2.116708e+00 2.449929e+00 2.671150e+00 2.881709e+00 3.107151e+00 4.145660e+00 3.237029e+00 3.437638e+00 3.602064e+00 3.811121e+00 4.174861e+00 4.077898e+00 7.286036e+00 7.103820e+00 6.720864e+00 6.847149e+00 8.780961e+00 3.482996e+00 4.251203e+00 5.026965e+00 5.792581e+00 6.236250e+00 6.218762e+00 7.809326e+00 8.408997e+00 8.676555e+00 1.079000e+01 1.079000e+01 1.079000e+01 5.582155e+00 8.221781e+00 5.516766e+00 5.153924e+00
-9.999000e+03 -9.999000e+03 -9.999000e+03 -9.999000e+03 -9.999000e+03 -9.999000e+03 -9.999000e+03 -9.999000e+03 -9.999000e+03 -9.999000e+03 -9.999000e+03 -9.999000e+03 -9.999000e+03 -9.999000e+03 1.008063e+00 6.818899e+00 2.281637e+00 2.311762e+00 2.290882e+00 2.270470e+00 2.330725e+00 2.523532e+00 2.907772e+00 3.041927e+00 3.186273e+00 3.149540e+00 3.349396e+00 3.840384e+00 5.286230e+00 6.325913e+00 6.905238e+00 3.810660e+00 3.595714e+00 3.534720e+00 5.391697e+00 3.519351e+00 4.003195e+00 4.482211e+00 4.915710e+00 5.472249e+00 5.999288e+00 6.623763e+00 6.901704e+00 6.957284e+00 6.844146e+00 8.733764e+00 9.688613e+00 1.012174e+01 1.079000e+01 1.079000e+01 1.079000e+01 3.437832e+00
-9.999000e+03 -9.999000e+03 -9.999000e+03 -9.999000e+03 -9.999000e+03 -9.999000e+03 -9.999000e+03 -9.999000e+03 -9.999000e+03 -9.999000e+03 -9.999000e+03 -9.999000e+03 -9.999000e+03 1.384835e+00 8.044460e+00 2.192659e+00 2.360443e+00 2.513660e+00 2.522174e+00 2.466498e+00 2.441558e+00 2.520564e+00 2.683336e+00 2.911647e+00 3.104429e+00 3.184901e+00 3.433513e+00 3.957729e+00 4.290331e+00 4.396256e+00 4.317780e+00 4.126919e+00 4.116629e+00 6.475754e+00 3.072751e+00 4.052830e+00 4.658222e+00 4.824644e+00 5.099555e+00 5.502396e+00 6.000223e+00 6.473705e+00 6.930323e+00 7.470308e+00 7.669018e+00 7.604262e+00 7.519693e+00 7.328070e+00 6.641750e+00 7.171488e+00 6.612310e+00 1.079000e+01
-9.999000e+03 -9.999000e+03 -9.999000e+03 -9.999000e+03 -9.999000e+03 -9.999000e+03 -9.999000e+03 -9.999000e+03 -9.999000e+03 -9.999000e+03 -9.999000e+03 -9.999000e+03 8.710621e-01 1.783087e+00 2.198481e+00 2.255297e+00 2.543056e+00 2.529496e+00 2.601260e+00 2.603317e+00 2.571747e+00 2.538107e+00 2.582895e+00 2.706338e+00 2.891274e+00 3.088438e+00 3.419995e+00 3.945150e+00 4.265756e+00 4.380708e+00 4.450085e+00 4.478701e+00 6.364928e+00 4.445609e+00 3.174653e+00 4.527688e+00 4.672708e+00 4.852480e+00 5.193362e+00 5.666010e+00 6.069861e+00 6.432258e+00 6.633782e+00 6.780890e+00 6.726706e+00 7.073017e+00 7.221620e+00 7.367892e+00 7.111929e+00 6.286463e+00 5.681502e+00 6.172654e+00
-9.999000e+03 -9.999000e+03 -9.999000e+03 -9.999000e+03 -9.999000e+03 -9.999000e+03 -9.999000e+03 -9.999000e+03 -9.999000e+03 -9.999000e+03 -9.999000e+03 -9.999000e+03 1.305726e+00 2.005480e+00 2.203755e+00 2.796004e+00 2.381308e+00 2.567147e+00 2.678307e+00 2.724097e+00 2.697341e+00 2.603072e+00 2.581772e+00 2.631788e+00 2.773874e+00 2.981946e+00 3.281982e+00 3.722296e+00 3.942351e+00 4.054403e+00 4.190432e+00 6.085140e+00 3.273320e+00 4.067827e+00 4.279570e+00 4.236271e+00 4.241900e+00 4.386483e+00 4.817586e+00 5.049246e+00 5.497673e+00 5.933567e+00 6.120338e+00 5.634772e+00 5.726278e+00 5.942306e+00 6.160671e+00 6.546318e+00 6.428809e+00 6.865281e+00 5.988364e+00 5.395851e+00
-9.999000e+03 -9.999000e+03 -9.999000e+03 -9.999000e+03 -9.999000e+03 -9.999000e+03 -9.999000e+03 -9.999000e+03 -9.999000e+03 -9.999000e+03 -9.999000e+03 6.949348e-01 3.263796e+00 1.708063e+00 2.807217e+00 2.171085e+00 2.393658e+00 2.594498e+00 2.725917e+00 2.789538e+00 2.778236e+00 2.692946e+00 2.672548e+00 2.698767e+00 2.785485e+00 2.942142e+00 3.115845e+00 3.286074e+00 3.454117e+00 3.430164e+00 3.536106e+00 4.534590e+00 2.830926e+00 3.925383e+00 3.803979e+00 3.452041e+00 3.454227e+00 3.843351e+00 3.630773e+00 3.837358e+00 4.272869e+00 4.946078e+00 4.164197e+00 4.110266e+00 4.173433e+00 4.347006e+00 4.487611e+00 4.601774e+00 6.699376e+00 5.583982e+00 5.372352e+00 5.264878e+00
-9.999000e+03 -9.999000e+03 -9.999000e+03 -9.999000e+03 -9.999000e+03 -9.999000e+03 -9.999000e+03 -9.999000e+03 -9.999000e+03 -9.999000e+03 6.321536e-01 9.682473e-01 1.357418e+00 2.352579e+00 1.402314e+00 1.932447e+00 2.251237e+00 2.505382e+00 2.678698e+00 2.734122e+00 2.749725e+00 2.677265e+00 2.662815e+00 2.685849e+00 2.756388e+00 2.902245e+00 2.773323e+00 3.064031e+00 3.019120e+00 2.863104e+00 2.912037e+00 2.954927e+00 3.059109e+00 3.229485e+00 2.675911e+00 2.430569e+00 3.139766e+00 2.297601e+00 2.325556e+00 2.405708e+00 2.817588e+00 3.587407e+00 5.014522e+00 5.437175e+00 5.708922e+00 6.016537e+00 6.227734e+00 6.353914e+00 4.197469e+00 3.914807e+00 3.907351e+00 4.320312e+00
-9.999000e+03 -9.999000e+03 -9.999000e+03 -9.999000e+03 -9.999000e+03 -9.999000e+03 -9.999000e+03 -9.999000e+03 -9.999000e+03 -9.999000e+03 5.386584e-01 1.049083e+00 2.135833e+00 1.290265e+00 1.105807e+00 1.579993e+00 1.929684e+00 2.277935e+00 2.473497e+00 2.609301e+00 2.640661e+00 2.601529e+00 2.586940e+00 2.622488e+00 2.632360e+00 2.123030e+00 2.822823e+00 2.836833e+00 2.622063e+00 2.390630e+00 2.335381e+00 2.312508e+00 1.949274e+00 2.423830e+00 3.170370e+00 3.011228e+00 2.049531e+00 2.412267e+00 2.625555e+00 2.934200e+00 2.731874e+00 3.515776e+00 4.865697e+00 5.182045e+00 5.334374e+00 5.531662e+00 5.759833e+00 5.990732e+00 5.946941e+00 5.596895e+00 5.562964e+00 5.961660e+00
-9.999000e+03 -9.999000e+03 -9.999000e+03 -9.999000e+03 -9.999000e+03 -9.999000e+03 -9.999000e+03 -9.999000e+03 -9.999000e+03 5.484777e-01 2.224320e+00 1.695033e+00 1.137701e+00 1.017895e+00 1.173334e+00 1.390817e+00 1.684423e+00 1.905858e+00 2.299891e+00 2.406756e+00 2.500420e+00 2.521357e+00 2.557295e+00 2.453057e+00 2.028270e+00 2.506704e+00 2.681036e+00 2.389330e+00 2.200497e+00 1.898149e+00 1.824062e+00 1.670963e+00 2.378400e+00 3.120500e+00 3.431786e+00 3.257762e+00 3.072318e+00 2.927811e+00 2.293905e+00 2.683833e+00 4.254626e+00 4.559737e+00 5.155826e+00 5.055294e+00 4.946960e+00 4.968991e+00 5.196413e+00 5.611905e+00 5.806614e+00 5.734405e+00 5.627888e+00 5.569028e+00
-9.999000e+03 -9.999000e+03 -9.999000e+03 -9.999000e+03 -9.999000e+03 -9.999000e+03 -9.999000e+03 -9.999000e+03 -9.999000e+03 6.760900e-01 2.122464e+00 1.145260e+00 1.070961e+00 9.579015e-01 1.262628e+00 1.371279e+00 1.216952e+00 1.840491e+00 1.993096e+00 2.221987e+00 2.371556e+00 2.452143e+00 1.939421e+00 2.061365e+00 2.534018e+00 2.542030e+00 1.873359e+00 1.821016e+00 1.652180e+00 1.362699e+00 1.379400e+00 2.123922e+00 2.758987e+00 3.328512e+00 3.613973e+00 3.609906e+00 3.520684e+00 2.437047e+00 3.533181e+00 3.783505e+00 4.250314e+00 4.987190e+00 5.031643e+00 4.723398e+00 4.577017e+00 4.669360e+00 4.888885e+00 5.209023e+00 5.414570e+00 5.516468e+00 1.066000e+01 1.066000e+01
-9.999000e+03 -9.999000e+03 -9.999000e+03 -9.999000e+03 -9.999000e+03 -9.999000e+03 -9.999000e+03 -9.999000e+03 1.162506e+00 3.029169e+00 1.999540e+00 1.318440e+00 9.093013e-01 1.141089e+00 1.353566e+00 1.407932e+00 1.778144e+00 1.516208e+00 1.755745e+00 2.089478e+00 2.315850e+00 2.279104e+00 2.562040e+00 2.817384e+00 2.826186e+00 4.656654e+00 4.688249e+00 4.393273e+00 3.859014e+00 3.126671e+00 3.039131e+00 3.467622e+00 3.664581e+00 3.659952e+00 3.810105e+00 3.851267e+00 3.768963e+00 4.605641e+00 4.951897e+00 6.470790e+00 7.140245e+00 7.388821e+00 6.692584e+00 5.937465e+00 5.544412e+00 5.441156e+00 5.142030e+00 4.721457e+00 4.710714e+00 1.066000e+01 4.843534e+00 4.906501e+00
-9.999000e+03 -9.999000e+03 -9.999000e+03 -9.999000e+03 -9.999000e+03 -9.999000e+03 -9.999000e+03 6.202416e-01 1.064741e+00 1.972861e+00 1.461300e+00 1.414811e+00 9.657063e-01 1.274810e+00 1.405129e+00 1.441387e+00 1.449713e+00 1.433051e+00 1.629277e+00 2.029097e+00 1.776600e+00 1.865626e+00 2.412491e+00 4.421140e+00 4.825682e+00 2.745306e+00 2.575874e+00 2.587648e+00 2.441992e+00 2.145374e+00 2.263125e+00 2.819505e+00 3.303686e+00 3.665339e+00 3.844364e+00 3.837133e+00 3.737130e+00 3.561142e+00 3.694540e+00 4.143785e+00 4.334864e+00 4.232376e+00 4.150643e+00 4.106859e+00 4.208345e+00 4.459571e+00 4.450906e+00 4.183431e+00 1.066000e+01 4.217635e+00 4.512816e+00 4.748273e+00
-9.999000e+03 -9.999000e+03 -9.999000e+03 -9.999000e+03 -9.999000e+03 -9.999000e+03 -9.999000e+03 5.116222e-01 1.004469e+00 1.931582e+00 1.177901e+00 1.386168e+00 1.359932e+00 1.388553e+00 1.440945e+00 1.459823e+00 1.494841e+00 1.510208e+00 1.698864e+00 2.125807e+00 2.973034e+00 3.563513e+00 4.062212e+00 2.654548e+00 2.768124e+00 2.633223e+00 2.124091e+00 2.585185e+00 2.629299e+00 2.436034e+00 2.549136e+00 3.017954e+00 3.370409e+00 3.569913e+00 3.647724e+00 3.616923e+00 8.836812e+00 8.929613e+00 9.356492e+00 1.016612e+01 1.057578e+01 1.055752e+01 1.066000e+01 1.066000e+01 1.066000e+01 1.050946e+01 1.066000e+01 1.066000e+01 3.854655e+00 3.891938e+00 4.173512e+00 4.474289e+00
-9.999000e+03 -9.999000e+03 -9.999000e+03 -9.999000e+03 -9.999000e+03 -9.999000e+03 -9.999000e+03 7.364948e-01 1.539965e+00 1.201093e+00 1.002795e+00 1.332480e+00 1.491301e+00 1.509351e+00 1.507746e+00 1.520027e+00 1.613249e+00 1.705697e+00 1.900922e+00 2.309133e+00 2.606944e+00 2.721121e+00 2.666940e+00 2.565218e+00 2.006228e+00 2.180012e+00 2.748877e+00 2.849538e+00 2.820242e+00 2.722874e+00 2.786447e+00 3.048465e+00 3.230029e+00 8.017463e+00 8.422110e+00 8.863592e+00 3.909876e+00 4.202792e+00 4.478628e+00 4.770890e+00 4.908986e+00 4.867126e+00 4.891836e+00 6.612541e+00 7.794536e+00 8.471320e+00 4.583024e+00 4.337112e+00 4.037618e+00 3.746607e+00 3.747166e+00 3.995273e+00
