tests/data/reference/test_implicit_stream_rill_mfda/mrsearstr_pa.asc
ncols	123
nrows	77
xllcorner	-713746.79929998
yllcorner	-1061022.36961616
cellsize	10.0
NODATA_value	-9999
[rows 46 to 68 of 77, columns 0 to 51 of 123]
-9.999000e+03 -9.999000e+03 -9.999000e+03 -9.999000e+03 -9.999000e+03 -9.999000e+03 5.774739e-01 1.380454e+00 1.179574e+00 1.267778e+00 1.030035e+00 1.409967e+00 1.640106e+00 1.663904e+00 1.656429e+00 1.627143e+00 1.654831e+00 1.709864e+00 1.878511e+00 2.264057e+00 2.588278e+00 2.574602e+00 2.595732e+00 2.489597e+00 2.703905e+00 3.037932e+00 3.124516e+00 2.942602e+00 2.885662e+00 2.948940e+00 2.968687e+00 7.043564e+00 7.387736e+00 3.251085e+00 3.529131e+00 3.859258e+00 4.253188e+00 4.653060e+00 4.976899e+00 5.264715e+00 5.428590e+00 5.449220e+00 5.463469e+00 5.540961e+00 5.471713e+00 5.218852e+00 5.010015e+00 4.802336e+00 4.455078e+00 3.984995e+00 3.732297e+00 3.796340e+00
-9.999000e+03 -9.999000e+03 -9.999000e+03 -9.999000e+03 -9.999000e+03 -9.999000e+03 1.635537e+00 1.138102e+00 1.305784e+00 1.449612e+00 1.243711e+00 1.667799e+00 1.826299e+00 1.897719e+00 1.916463e+00 1.801816e+00 1.651943e+00 1.566126e+00 1.692030e+00 2.062886e+00 1.850598e+00 2.006560e+00 2.088180e+00 2.081255e+00 2.647067e+00 3.054235e+00 3.160206e+00 6.063218e+00 6.327516e+00 6.911585e+00 7.207898e+00 3.149307e+00 3.263062e+00 3.495184e+00 3.765229e+00 4.031823e+00 4.338761e+00 4.687419e+00 4.978435e+00 5.265981e+00 5.527555e+00 5.719755e+00 5.851300e+00 5.938164e+00 5.875135e+00 5.617957e+00 5.350446e+00 5.133714e+00 4.876353e+00 4.467808e+00 4.081316e+00 3.899996e+00
-9.999000e+03 -9.999000e+03 -9.999000e+03 -9.999000e+03 -9.999000e+03 4.528473e-01 9.804046e-01 1.493786e+00 1.127887e+00 1.175039e+00 1.450652e+00 1.615351e+00 1.799518e+00 1.947925e+00 1.948874e+00 1.901858e+00 1.748136e+00 1.605037e+00 1.698973e+00 2.038651e+00 2.885946e+00 3.623888e+00 4.312490e+00 5.024243e+00 5.428763e+00 5.919552e+00 6.291673e+00 3.152105e+00 3.150629e+00 3.301058e+00 3.349585e+00 3.312999e+00 3.428371e+00 3.625373e+00 3.820779e+00 4.004065e+00 4.249437e+00 4.605644e+00 4.910124e+00 5.166447e+00 5.433837e+00 5.691656e+00 5.907462e+00 6.063780e+00 6.088896e+00 5.933769e+00 5.667492e+00 5.373877e+00 5.148102e+00 4.880492e+00 4.507201e+00 4.168085e+00
-9.999000e+03 -9.999000e+03 -9.999000e+03 -9.999000e+03 8.577582e-01 1.237067e+00 1.330625e+00 1.641167e+00 9.903319e-01 9.006634e-01 1.159744e+00 1.330563e+00 1.646730e+00 1.679819e+00 1.826350e+00 1.890055e+00 1.838200e+00 1.699608e+00 1.794770e+00 2.125365e+00 2.429267e+00 2.686145e+00 2.998182e+00 3.254679e+00 3.396467e+00 3.414382e+00 3.442434e+00 3.430958e+00 3.403295e+00 3.440983e+00 3.463335e+00 3.413771e+00 3.417592e+00 3.486091e+00 3.594573e+00 3.728377e+00 3.957095e+00 4.355496e+00 4.729689e+00 5.008186e+00 5.232423e+00 5.441406e+00 5.672004e+00 5.893395e+00 6.039336e+00 6.059581e+00 5.892328e+00 5.562545e+00 5.323841e+00 5.196458e+00 4.889362e+00 4.483247e+00
-9.999000e+03 -9.999000e+03 -9.999000e+03 -9.999000e+03 5.720800e-01 1.198522e+00 1.301634e+00 1.248393e+00 9.380261e-01 7.513545e-01 9.906265e-01 1.378895e+00 1.106181e+00 1.544156e+00 1.759166e+00 1.893135e+00 1.880400e+00 1.729958e+00 1.821644e+00 2.164338e+00 2.532500e+00 2.934378e+00 3.174707e+00 3.594278e+00 3.772848e+00 3.763854e+00 3.814658e+00 3.880482e+00 3.840111e+00 3.778447e+00 3.784254e+00 3.760448e+00 3.708257e+00 3.667287e+00 3.667726e+00 3.717139e+00 3.854458e+00 4.156534e+00 4.525901e+00 4.860474e+00 5.051148e+00 5.150123e+00 5.326257e+00 5.556692e+00 5.776423e+00 5.939241e+00 5.904978e+00 5.648181e+00 5.459204e+00 5.364106e+00 5.158959e+00 4.725665e+00
-9.999000e+03 -9.999000e+03 -9.999000e+03 4.820504e-01 8.961936e-01 1.067612e+00 8.413038e-01 8.345974e-01 6.597184e-01 7.995357e-01 1.031980e+00 9.758770e-01 9.600992e-01 1.406603e+00 1.696437e+00 1.863484e+00 1.876979e+00 1.747774e+00 1.815792e+00 2.152805e+00 2.875125e+00 2.949854e+00 3.483952e+00 3.913627e+00 4.154866e+00 4.208627e+00 4.303393e+00 4.426419e+00 4.410695e+00 4.303634e+00 4.269913e+00 4.255371e+00 4.209604e+00 4.121317e+00 4.018887e+00 3.959382e+00 3.952388e+00 4.061506e+00 4.357045e+00 4.741818e+00 4.902308e+00 4.864975e+00 4.935080e+00 5.112134e+00 5.347215e+00 5.606203e+00 5.722990e+00 5.637840e+00 5.295880e+00 5.310514e+00 5.163227e+00 4.792240e+00
-9.999000e+03 -9.999000e+03 -9.999000e+03 3.938135e-01 7.622147e-01 7.633352e-01 5.886907e-01 4.490220e-01 5.308658e-01 5.754558e-01 7.435918e-01 7.815667e-01 7.756602e-01 1.227786e+00 1.568418e+00 1.740429e+00 1.793573e+00 1.718799e+00 1.705394e+00 2.461213e+00 1.888551e+00 2.751952e+00 3.295891e+00 3.748908e+00 4.098750e+00 4.278669e+00 4.418235e+00 4.563370e+00 4.568774e+00 4.436595e+00 4.350431e+00 4.321076e+00 4.323249e+00 4.311373e+00 4.261570e+00 4.225145e+00 4.165217e+00 4.110276e+00 4.300252e+00 4.708972e+00 4.880107e+00 4.776549e+00 4.744399e+00 4.807176e+00 4.967171e+00 5.215032e+00 5.418925e+00 4.882794e+00 4.874403e+00 4.828705e+00 4.706191e+00 8.630030e+00
-9.999000e+03 -9.999000e+03 2.585300e-01 3.480980e-01 6.384726e-01 6.177322e-01 3.271984e-01 2.577443e-01 3.127076e-01 2.284897e-01 3.990370e-01 5.109318e-01 5.384686e-01 1.004250e+00 1.361972e+00 1.527033e+00 1.648266e+00 1.650407e+00 1.774446e+00 1.449005e+00 1.376364e+00 2.057855e+00 2.590014e+00 3.082526e+00 3.591213e+00 3.938852e+00 4.139226e+00 4.297277e+00 4.318685e+00 4.174251e+00 4.032298e+00 3.974950e+00 4.056292e+00 4.215440e+00 4.330087e+00 4.427745e+00 4.425126e+00 4.301552e+00 4.359180e+00 4.702871e+00 4.918949e+00 4.871862e+00 4.777948e+00 4.699510e+00 4.735069e+00 4.908273e+00 3.565599e+00 3.714849e+00 3.737825e+00 3.645616e+00 9.243911e+00 5.007787e+00
-9.999000e+03 -9.999000e+03 3.325539e-01 5.358030e-01 5.734839e-01 3.418260e-01 1.987977e-01 3.326510e-01 3.095680e-01 5.969049e-02 2.541085e-01 3.423290e-01 3.695479e-01 7.916687e-01 1.065278e+00 1.164709e+00 1.296236e+00 1.388978e+00 1.208441e+00 1.037340e+00 8.641129e-01 1.341479e+00 1.802111e+00 2.260654e+00 2.769457e+00 3.252319e+00 3.600893e+00 3.831085e+00 3.926078e+00 3.851469e+00 3.711714e+00 3.606406e+00 3.714887e+00 3.942158e+00 4.149124e+00 4.321734e+00 4.389092e+00 4.321651e+00 4.362452e+00 4.605917e+00 4.811427e+00 4.866632e+00 4.821934e+00 4.732196e+00 4.757238e+00 4.935602e+00 5.114104e+00 5.304094e+00 9.090539e+00 9.662304e+00 5.043821e+00 5.028110e+00
-9.999000e+03 1.828980e-01 7.861052e-01 6.955725e-01 4.935213e-01 1.185448e-01 3.808033e-01 3.769165e-01 -9.999000e+03 -9.999000e+03 -9.999000e+03 2.450855e-01 3.052748e-01 5.710502e-01 7.182801e-01 7.272330e-01 8.037477e-01 9.470785e-01 7.985250e-01 3.929966e-01 3.221913e-01 6.282008e-01 1.056296e+00 1.360255e+00 1.752908e+00 2.316276e+00 2.794514e+00 3.157338e+00 3.369982e+00 3.417318e+00 3.338908e+00 3.265723e+00 3.307824e+00 3.561497e+00 3.788466e+00 3.989261e+00 4.094456e+00 4.105788e+00 4.243799e+00 4.488389e+00 4.661424e+00 4.750673e+00 4.788205e+00 4.758591e+00 4.851717e+00 5.098270e+00 6.821092e+00 8.132110e+00 5.325667e+00 5.111774e+00 5.096151e+00 5.214945e+00
-9.999000e+03 4.514919e-01 4.694106e-01 4.867254e-01 2.948310e-01 3.152586e-01 -9.999000e+03 -9.999000e+03 -9.999000e+03 -9.999000e+03 -9.999000e+03 -9.999000e+03 3.611807e-01 5.105540e-01 6.779626e-01 7.553342e-01 7.268389e-01 9.811885e-01 8.618616e-01 3.884909e-01 2.333294e-01 2.507215e-01 4.367730e-01 7.203444e-01 1.122927e+00 1.545878e+00 1.978620e+00 2.373783e+00 2.627119e+00 2.745648e+00 2.945690e+00 2.822962e+00 2.944180e+00 3.216794e+00 3.484796e+00 3.719157e+00 3.833798e+00 3.829792e+00 4.026980e+00 4.420576e+00 4.623820e+00 4.696270e+00 4.704943e+00 4.715458e+00 4.908657e+00 5.170522e+00 5.340493e+00 5.415162e+00 5.335512e+00 5.155585e+00 5.241048e+00 5.547134e+00
4.910516e-01 1.078776e+00 5.558560e-01 3.056246e-01 1.007456e-01 5.085737e-01 -9.999000e+03 -9.999000e+03 -9.999000e+03 -9.999000e+03 -9.999000e+03 -9.999000e+03 -9.999000e+03 -9.999000e+03 -9.999000e+03 7.666991e-01 1.043052e+00 8.868993e-01 7.688720e-01 6.080962e-01 7.038887e-01 -9.999000e+03 -9.999000e+03 4.361532e-01 7.285061e-01 9.432094e-01 1.209094e+00 1.506970e+00 1.670747e+00 2.222334e+00 2.216656e+00 2.404857e+00 2.544052e+00 2.887835e+00 3.193582e+00 3.436513e+00 3.550428e+00 3.521832e+00 3.826150e+00 4.301504e+00 4.593215e+00 4.531848e+00 4.537800e+00 4.709485e+00 4.819309e+00 5.135050e+00 5.419049e+00 5.446697e+00 5.388456e+00 5.217026e+00 5.472864e+00 5.943228e+00
3.025543e-01 2.713370e-01 2.314955e-01 2.293034e-01 5.308184e-01 -9.999000e+03 -9.999000e+03 -9.999000e+03 -9.999000e+03 -9.999000e+03 -9.999000e+03 -9.999000e+03 -9.999000e+03 -9.999000e+03 -9.999000e+03 -9.999000e+03 -9.999000e+03 -9.999000e+03 -9.999000e+03 -9.999000e+03 -9.999000e+03 -9.999000e+03 -9.999000e+03 3.774363e-01 6.486920e-01 7.721095e-01 1.126552e+00 1.503628e+00 1.635121e+00 1.235312e+00 1.636801e+00 1.725118e+00 1.985552e+00 2.408114e+00 2.722196e+00 2.907611e+00 3.028799e+00 3.300215e+00 3.492446e+00 4.062650e+00 4.101108e+00 4.116091e+00 4.560585e+00 4.377598e+00 4.479091e+00 4.907713e+00 4.944750e+00 5.078841e+00 5.053055e+00 5.064614e+00 5.274631e+00 6.116161e+00
-9.999000e+03 5.875806e-01 5.100648e-01 7.653851e-01 -9.999000e+03 -9.999000e+03 -9.999000e+03 -9.999000e+03 -9.999000e+03 -9.999000e+03 -9.999000e+03 -9.999000e+03 -9.999000e+03 -9.999000e+03 -9.999000e+03 -9.999000e+03 -9.999000e+03 -9.999000e+03 -9.999000e+03 -9.999000e+03 -9.999000e+03 -9.999000e+03 -9.999000e+03 -9.999000e+03 -9.999000e+03 -9.999000e+03 9.467077e-01 1.137746e+00 1.320708e+00 1.060122e+00 8.210743e-01 9.814231e-01 1.285189e+00 1.727487e+00 1.956565e+00 2.014657e+00 2.803938e+00 2.770654e+00 3.074464e+00 2.903803e+00 3.125942e+00 4.344850e+00 3.950742e+00 3.902801e+00 4.359201e+00 4.015713e+00 4.103429e+00 4.184966e+00 4.712567e+00 4.427157e+00 4.941897e+00 5.332201e+00
-9.999000e+03 -9.999000e+03 -9.999000e+03 -9.999000e+03 -9.999000e+03 -9.999000e+03 -9.999000e+03 -9.999000e+03 -9.999000e+03 -9.999000e+03 -9.999000e+03 -9.999000e+03 -9.999000e+03 -9.999000e+03 -9.999000e+03 -9.999000e+03 -9.999000e+03 -9.999000e+03 -9.999000e+03 -9.999000e+03 -9.999000e+03 -9.999000e+03 -9.999000e+03 -9.999000e+03 -9.999000e+03 -9.999000e+03 -9.999000e+03 -9.999000e+03 1.028946e+00 8.826904e-01 6.625550e-01 7.949754e-01 1.114329e+00 1.894270e+00 2.237192e+00 2.138904e+00 1.746088e+00 2.033158e+00 2.329035e+00 3.304005e+00 3.835001e+00 2.930138e+00 2.994372e+00 4.208986e+00 3.045942e+00 3.054769e+00 3.022399e+00 4.167993e+00 3.787217e+00 4.285236e+00 3.389691e+00 4.059104e+00
-9.999000e+03 -9.999000e+03 -9.999000e+03 -9.999000e+03 -9.999000e+03 -9.999000e+03 -9.999000e+03 -9.999000e+03 -9.999000e+03 -9.999000e+03 -9.999000e+03 -9.999000e+03 -9.999000e+03 -9.999000e+03 -9.999000e+03 -9.999000e+03 -9.999000e+03 -9.999000e+03 -9.999000e+03 -9.999000e+03 -9.999000e+03 -9.999000e+03 -9.999000e+03 -9.999000e+03 -9.999000e+03 -9.999000e+03 -9.999000e+03 -9.999000e+03 -9.999000e+03 7.386088e-01 9.178559e-01 1.109255e+00 1.506436e+00 1.734512e+00 1.834649e+00 1.589929e+00 1.604865e+00 1.923595e+00 2.693411e+00 3.182841e+00 3.450800e+00 3.559545e+00 3.780089e+00 2.941448e+00 3.799570e+00 4.098368e+00 4.047454e+00 2.702461e+00 3.839506e+00 3.048415e+00 4.249699e+00 5.276568e+00
-9.999000e+03 -9.999000e+03 -9.999000e+03 -9.999000e+03 -9.999000e+03 -9.999000e+03 -9.999000e+03 -9.999000e+03 -9.999000e+03 -9.999000e+03 -9.999000e+03 -9.999000e+03 -9.999000e+03 -9.999000e+03 -9.999000e+03 -9.999000e+03 -9.999000e+03 -9.999000e+03 -9.999000e+03 -9.999000e+03 -9.999000e+03 -9.999000e+03 -9.999000e+03 -9.999000e+03 -9.999000e+03 -9.999000e+03 -9.999000e+03 -9.999000e+03 -9.999000e+03 -9.999000e+03 1.221026e+00 -9.999000e+03 -9.999000e+03 -9.999000e+03 -9.999000e+03 -9.999000e+03 -9.999000e+03 -9.999000e+03 2.173455e+00 2.821090e+00 3.056826e+00 3.056807e+00 3.273618e+00 3.732452e+00 4.005295e+00 4.066163e+00 3.864952e+00 3.403020e+00 2.554593e+00 3.833099e+00 4.632940e+00 5.093937e+00
-9.999000e+03 -9.999000e+03 -9.999000e+03 -9.999000e+03 -9.999000e+03 -9.999000e+03 -9.999000e+03 -9.999000e+03 -9.999000e+03 -9.999000e+03 -9.999000e+03 -9.999000e+03 -9.999000e+03 -9.999000e+03 -9.999000e+03 -9.999000e+03 -9.999000e+03 -9.999000e+03 -9.999000e+03 -9.999000e+03 -9.999000e+03 -9.999000e+03 -9.999000e+03 -9.999000e+03 -9.999000e+03 -9.999000e+03 -9.999000e+03 -9.999000e+03 -9.999000e+03 -9.999000e+03 -9.999000e+03 -9.999000e+03 -9.999000e+03 -9.999000e+03 -9.999000e+03 -9.999000e+03 -9.999000e+03 -9.999000e+03 -9.999000e+03 -9.999000e+03 -9.999000e+03 2.198643e+00 2.320967e+00 2.675016e+00 3.556808e+00 3.819182e+00 3.671321e+00 3.202130e+00 3.388449e+00 4.287583e+00 4.745775e+00 4.682208e+00
-9.999000e+03 -9.999000e+03 -9.999000e+03 -9.999000e+03 -9.999000e+03 -9.999000e+03 -9.999000e+03 -9.999000e+03 -9.999000e+03 -9.999000e+03 -9.999000e+03 -9.999000e+03 -9.999000e+03 -9.999000e+03 -9.999000e+03 -9.999000e+03 -9.999000e+03 -9.999000e+03 -9.999000e+03 -9.999000e+03 -9.999000e+03 -9.999000e+03 -9.999000e+03 -9.999000e+03 -9.999000e+03 -9.999000e+03 -9.999000e+03 -9.999000e+03 -9.999000e+03 -9.999000e+03 -9.999000e+03 -9.999000e+03 -9.999000e+03 -9.999000e+03 -9.999000e+03 -9.999000e+03 -9.999000e+03 -9.999000e+03 -9.999000e+03 -9.999000e+03 -9.999000e+03 -9.999000e+03 -9.999000e+03 -9.999000e+03 2.938005e+00 2.841971e+00 3.322870e+00 3.203860e+00 2.567619e+00 3.949868e+00 4.452926e+00 4.066474e+00
-9.999000e+03 -9.999000e+03 -9.999000e+03 -9.999000e+03 -9.999000e+03 -9.999000e+03 -9.999000e+03 -9.999000e+03 -9.999000e+03 -9.999000e+03 -9.999000e+03 -9.999000e+03 -9.999000e+03 -9.999000e+03 -9.999000e+03 -9.999000e+03 -9.999000e+03 -9.999000e+03 -9.999000e+03 -9.999000e+03 -9.999000e+03 -9.999000e+03 -9.999000e+03 -9.999000e+03 -9.999000e+03 -9.999000e+03 -9.999000e+03 -9.999000e+03 -9.999000e+03 -9.999000e+03 -9.999000e+03 -9.999000e+03 -9.999000e+03 -9.999000e+03 -9.999000e+03 -9.999000e+03 -9.999000e+03 -9.999000e+03 -9.999000e+03 -9.999000e+03 -9.999000e+03 -9.999000e+03 -9.999000e+03 -9.999000e+03 -9.999000e+03 -9.999000e+03 -9.999000e+03 -9.999000e+03 -9.999000e+03 -9.999000e+03 3.188604e+00 3.247217e+00
-9.999000e+03 -9.999000e+03 -9.999000e+03 -9.999000e+03 -9.999000e+03 -9.999000e+03 -9.999000e+03 -9.999000e+03 -9.999000e+03 -9.999000e+03 -9.999000e+03 -9.999000e+03 -9.999000e+03 -9.999000e+03 -9.999000e+03 -9.999000e+03 -9.999000e+03 -9.999000e+03 -9.999000e+03 -9.999000e+03 -9.999000e+03 -9.999000e+03 -9.999000e+03 -9.999000e+03 -9.999000e+03 -9.999000e+03 -9.999000e+03 -9.999000e+03 -9.999000e+03 -9.999000e+03 -9.999000e+03 -9.999000e+03 -9.999000e+03 -9.999000e+03 -9.999000e+03 -9.999000e+03 -9.999000e+03 -9.999000e+03 -9.999000e+03 -9.999000e+03 -9.999000e+03 -9.999000e+03 -9.999000e+03 -9.999000e+03 -9.999000e+03 -9.999000e+03 -9.999000e+03 -9.999000e+03 -9.999000e+03 -9.999000e+03 -9.999000e+03 2.377952e+00
-9.999000e+03 -9.999000e+03 -9.999000e+03 -9.999000e+03 -9.999000e+03 -9.999000e+03 -9.999000e+03 -9.999000e+03 -9.999000e+03 -9.999000e+03 -9.999000e+03 -9.999000e+03 -9.999000e+03 -9.999000e+03 -9.999000e+03 -9.999000e+03 -9.999000e+03 -9.999000e+03 -9.999000e+03 -9.999000e+03 -9.999000e+03 -9.999000e+03 -9.999000e+03 -9.999000e+03 -9.999000e+03 -9.999000e+03 -9.999000e+03 -9.999000e+03 -9.999000e+03 -9.999000e+03 -9.999000e+03 -9.999000e+03 -9.999000e+03 -9.999000e+03 -9.999000e+03 -9.999000e+03 -9.999000e+03 -9.999000e+03 -9.999000e+03 -9.999000e+03 -9.999000e+03 -9.999000e+03 -9.999000e+03 -9.999000e+03 -9.999000e+03 -9.999000e+03 -9.999000e+03 -9.999000e+03 -9.999000e+03 -9.999000e+03 -9.999000e+03 -9.999000e+03
-9.999000e+03 -9.999000e+03 -9.999000e+03 -9.999000e+03 -9.999000e+03 -9.999000e+03 -9.999000e+03 -9.999000e+03 -9.999000e+03 -9.999000e+03 -9.999000e+03 -9.999000e+03 -9.999000e+03 -9.999000e+03 -9.999000e+03 -9.999000e+03 -9.999000e+03 -9.999000e+03 -9.999000e+03 -9.999000e+03 -9.999000e+03 -9.999000e+03 -9.999000e+03 -9.999000e+03 -9.999000e+03 -9.999000e+03 -9.999000e+03 -9.999000e+03 -9.999000e+03 -9.999000e+03 -9.999000e+03 -9.999000e+03 -9.999000e+03 -9.999000e+03 -9.999000e+03 -9.999000e+03 -9.999000e+03 -9.999000e+03 -9.999000e+03 -9.999000e+03 -9.999000e+03 -9.999000e+03 -9.999000e+03 -9.999000e+03 -9.999000e+03 -9.999000e+03 -9.999000e+03 -9.999000e+03 -9.999000e+03 -9.999000e+03 -9.999000e+03 -9.999000e+03
