tests/data/reference/test_implicit_stream_rill_mfda/mrsearstr_pa.asc
ncols	123
nrows	77
xllcorner	-713746.79929998
yllcorner	-1061022.36961616
cellsize	10.0
NODATA_value	-9999
[rows 46 to 68 of 77, columns 0 to 51 of 123]
-9.999000e+03 -9.999000e+03 -9.999000e+03 -9.999000e+03 -9.999000e+03 -9.999000e+03 5.764832e-01 1.387270e+00 1.179884e+00 1.268026e+00 1.029110e+00 1.409205e+00 1.641015e+00 1.665264e+00 1.658049e+00 1.629201e+00 1.656465e+00 1.711800e+00 1.880610e+00 2.266280e+00 2.590524e+00 2.572405e+00 2.593472e+00 2.487443e+00 2.702737e+00 3.038440e+00 3.126453e+00 2.945328e+00 2.888855e+00 2.952381e+00 2.972145e+00 7.101811e+00 7.448640e+00 3.255326e+00 3.533460e+00 3.863683e+00 4.257727e+00 4.657690e+00 4.981563e+00 5.269437e+00 5.433419e+00 5.454181e+00 5.468591e+00 5.546297e+00 5.477209e+00 5.224418e+00 5.015697e+00 4.808149e+00 4.460910e+00 3.990697e+00 3.737941e+00 3.802093e+00
-9.999000e+03 -9.999000e+03 -9.999000e+03 -9.999000e+03 -9.999000e+03 -9.999000e+03 1.640454e+00 1.140194e+00 1.305149e+00 1.448824e+00 1.242522e+00 1.667800e+00 1.827080e+00 1.899069e+00 1.918963e+00 1.802725e+00 1.653481e+00 1.567938e+00 1.694040e+00 2.065063e+00 1.848645e+00 2.004410e+00 2.085927e+00 2.079010e+00 2.644730e+00 3.052667e+00 3.160504e+00 6.100639e+00 6.369836e+00 6.960885e+00 7.263136e+00 3.153687e+00 3.267552e+00 3.499789e+00 3.769920e+00 4.036574e+00 4.343577e+00 4.692291e+00 4.983297e+00 5.270864e+00 5.532525e+00 5.724843e+00 5.856540e+00 5.943598e+00 5.880674e+00 5.623467e+00 5.355953e+00 5.139316e+00 4.882081e+00 4.473536e+00 4.086947e+00 3.905623e+00
-9.999000e+03 -9.999000e+03 -9.999000e+03 -9.999000e+03 -9.999000e+03 4.523654e-01 9.823192e-01 1.495480e+00 1.126842e+00 1.173935e+00 1.449920e+00 1.615424e+00 1.800634e+00 1.951439e+00 1.948652e+00 1.902717e+00 1.749606e+00 1.606787e+00 1.700936e+00 2.040769e+00 2.890196e+00 3.630012e+00 4.321055e+00 5.047585e+00 5.453998e+00 5.949579e+00 6.328629e+00 3.155863e+00 3.154619e+00 3.305345e+00 3.354059e+00 3.317553e+00 3.433059e+00 3.630181e+00 3.825654e+00 4.008969e+00 4.254388e+00 4.610670e+00 4.915163e+00 5.171487e+00 5.438928e+00 5.696835e+00 5.912817e+00 6.069350e+00 6.094548e+00 5.939345e+00 5.672970e+00 5.379329e+00 5.153666e+00 4.886164e+00 4.512831e+00 4.171708e+00
-9.999000e+03 -9.999000e+03 -9.999000e+03 -9.999000e+03 8.585445e-01 1.240839e+00 1.330835e+00 1.642792e+00 9.894550e-01 8.998949e-01 1.159312e+00 1.331434e+00 1.650976e+00 1.678808e+00 1.826236e+00 1.890850e+00 1.839551e+00 1.701278e+00 1.796673e+00 2.127404e+00 2.431344e+00 2.688264e+00 3.003268e+00 3.254805e+00 3.398020e+00 3.416783e+00 3.445345e+00 3.434233e+00 3.406894e+00 3.444872e+00 3.467484e+00 3.418078e+00 3.421980e+00 3.490535e+00 3.599061e+00 3.732910e+00 3.961734e+00 4.360355e+00 4.734700e+00 5.013287e+00 5.237540e+00 5.446567e+00 5.677363e+00 5.899015e+00 6.045082e+00 6.065306e+00 5.897929e+00 5.567993e+00 5.329312e+00 5.202068e+00 4.890328e+00 4.484467e+00
-9.999000e+03 -9.999000e+03 -9.999000e+03 -9.999000e+03 5.716535e-01 1.199960e+00 1.301056e+00 1.248609e+00 9.377935e-01 7.507622e-01 9.912179e-01 1.381362e+00 1.105163e+00 1.543318e+00 1.759102e+00 1.893807e+00 1.881598e+00 1.731493e+00 1.823370e+00 2.166182e+00 2.534357e+00 2.941266e+00 3.172940e+00 3.593987e+00 3.773788e+00 3.765428e+00 3.816649e+00 3.882981e+00 3.842951e+00 3.781627e+00 3.787849e+00 3.764306e+00 3.712228e+00 3.671286e+00 3.671732e+00 3.721187e+00 3.858706e+00 4.161018e+00 4.530693e+00 4.865462e+00 5.056149e+00 5.155123e+00 5.331469e+00 5.562199e+00 5.782135e+00 5.945054e+00 5.910698e+00 5.653723e+00 5.464701e+00 5.361270e+00 5.156314e+00 4.723512e+00
-9.999000e+03 -9.999000e+03 -9.999000e+03 4.814583e-01 9.000162e-01 1.068205e+00 8.406060e-01 8.344575e-01 6.592308e-01 7.998292e-01 1.033601e+00 9.765417e-01 9.592590e-01 1.405939e+00 1.696389e+00 1.864042e+00 1.878043e+00 1.749057e+00 1.817185e+00 2.154270e+00 2.879886e+00 2.947212e+00 3.482049e+00 3.913084e+00 4.155075e+00 4.209129e+00 4.304508e+00 4.427865e+00 4.412540e+00 4.306122e+00 4.272889e+00 4.258711e+00 4.213148e+00 4.124909e+00 4.022431e+00 3.963124e+00 3.956158e+00 4.065544e+00 4.361415e+00 4.746483e+00 4.907017e+00 4.869658e+00 4.939942e+00 5.117290e+00 5.352721e+00 5.611927e+00 5.728753e+00 5.643443e+00 5.290457e+00 5.305014e+00 5.157920e+00 4.787482e+00
-9.999000e+03 -9.999000e+03 -9.999000e+03 3.935357e-01 7.631557e-01 7.632417e-01 5.882820e-01 4.487602e-01 5.309015e-01 5.754755e-01 7.444912e-01 7.820488e-01 7.750396e-01 1.227324e+00 1.568410e+00 1.740953e+00 1.794283e+00 1.719585e+00 1.706214e+00 2.463568e+00 1.886550e+00 2.749692e+00 3.294464e+00 3.748242e+00 4.098026e+00 4.278645e+00 4.418364e+00 4.563732e+00 4.569973e+00 4.438332e+00 4.352625e+00 4.323649e+00 4.326051e+00 4.314213e+00 4.264939e+00 4.228294e+00 4.168595e+00 4.113823e+00 4.304156e+00 4.713237e+00 4.884461e+00 4.780864e+00 4.748843e+00 4.812050e+00 4.972374e+00 5.220543e+00 5.424373e+00 4.877629e+00 4.869239e+00 4.823591e+00 4.701218e+00 8.704704e+00
-9.999000e+03 -9.999000e+03 2.588465e-01 3.481614e-01 6.384592e-01 6.177072e-01 3.270518e-01 2.576554e-01 3.125736e-01 2.284227e-01 3.994630e-01 5.112366e-01 5.381142e-01 1.003982e+00 1.362066e+00 1.527125e+00 1.648313e+00 1.650425e+00 1.775461e+00 1.450009e+00 1.375009e+00 2.056518e+00 2.589200e+00 3.081335e+00 3.590616e+00 3.938156e+00 4.138496e+00 4.297470e+00 4.319226e+00 4.175093e+00 4.033456e+00 3.976369e+00 4.057840e+00 4.218390e+00 4.332518e+00 4.430598e+00 4.428004e+00 4.304688e+00 4.362665e+00 4.706665e+00 4.922799e+00 4.875680e+00 4.782293e+00 4.704052e+00 4.739957e+00 4.912974e+00 3.561479e+00 3.710539e+00 3.733487e+00 3.641395e+00 9.299292e+00 5.013446e+00
-9.999000e+03 -9.999000e+03 3.358001e-01 5.358489e-01 5.730918e-01 3.416664e-01 1.987512e-01 3.324995e-01 3.096920e-01 5.980165e-02 2.540224e-01 3.424367e-01 3.693630e-01 7.915538e-01 1.064951e+00 1.164277e+00 1.295684e+00 1.388325e+00 1.207932e+00 1.037461e+00 8.633880e-01 1.340930e+00 1.801098e+00 2.260093e+00 2.768590e+00 3.251036e+00 3.600528e+00 3.830718e+00 3.925637e+00 3.851068e+00 3.711441e+00 3.606251e+00 3.717286e+00 3.943564e+00 4.151439e+00 4.323789e+00 4.391341e+00 4.324200e+00 4.365285e+00 4.608870e+00 4.814319e+00 4.870487e+00 4.825707e+00 4.736318e+00 4.760687e+00 4.939083e+00 5.118825e+00 5.309435e+00 9.098404e+00 9.686488e+00 5.048624e+00 5.033001e+00
-9.999000e+03 1.830964e-01 7.914456e-01 6.958808e-01 4.932141e-01 1.185424e-01 3.806079e-01 3.767247e-01 -9.999000e+03 -9.999000e+03 -9.999000e+03 2.450063e-01 3.051472e-01 5.706607e-01 7.177259e-01 7.266686e-01 8.030942e-01 9.462541e-01 7.978776e-01 3.927896e-01 3.220491e-01 6.277486e-01 1.055976e+00 1.359688e+00 1.751920e+00 2.315811e+00 2.793674e+00 3.156065e+00 3.368355e+00 3.415506e+00 3.337096e+00 3.267684e+00 3.307961e+00 3.563317e+00 3.789562e+00 3.990377e+00 4.095719e+00 4.107235e+00 4.245326e+00 4.489838e+00 4.664787e+00 4.753292e+00 4.791074e+00 4.759895e+00 4.853043e+00 5.103106e+00 6.828028e+00 8.138781e+00 5.330688e+00 5.114932e+00 5.099441e+00 5.218265e+00
-9.999000e+03 4.526415e-01 4.699729e-01 4.864253e-01 2.947122e-01 3.151224e-01 -9.999000e+03 -9.999000e+03 -9.999000e+03 -9.999000e+03 -9.999000e+03 -9.999000e+03 3.610035e-01 5.102290e-01 6.779277e-01 7.557284e-01 7.262750e-01 9.809132e-01 8.622681e-01 3.890985e-01 2.332589e-01 2.506380e-01 4.365234e-01 7.197879e-01 1.122563e+00 1.545090e+00 1.977342e+00 2.371999e+00 2.624957e+00 2.743303e+00 2.947419e+00 2.821876e+00 2.945682e+00 3.216903e+00 3.484722e+00 3.718927e+00 3.833488e+00 3.829452e+00 4.026515e+00 4.423579e+00 4.624970e+00 4.697338e+00 4.703330e+00 4.713837e+00 4.912820e+00 5.171686e+00 5.341450e+00 5.419927e+00 5.336216e+00 5.156348e+00 5.241853e+00 5.552130e+00
4.904244e-01 1.081303e+00 5.558739e-01 3.054966e-01 1.007500e-01 5.082508e-01 -9.999000e+03 -9.999000e+03 -9.999000e+03 -9.999000e+03 -9.999000e+03 -9.999000e+03 -9.999000e+03 -9.999000e+03 -9.999000e+03 7.660890e-01 1.043771e+00 8.861472e-01 7.682593e-01 6.076662e-01 7.049485e-01 -9.999000e+03 -9.999000e+03 4.359042e-01 7.279402e-01 9.423896e-01 1.207948e+00 1.505452e+00 1.669021e+00 2.223719e+00 2.215036e+00 2.406223e+00 2.543353e+00 2.886783e+00 3.192093e+00 3.434604e+00 3.548282e+00 3.519655e+00 3.828796e+00 4.300878e+00 4.592134e+00 4.527874e+00 4.533735e+00 4.712546e+00 4.817724e+00 5.133184e+00 5.423739e+00 5.444319e+00 5.386036e+00 5.214732e+00 5.477680e+00 5.943831e+00
3.025361e-01 2.712374e-01 2.314264e-01 2.292359e-01 5.304721e-01 -9.999000e+03 -9.999000e+03 -9.999000e+03 -9.999000e+03 -9.999000e+03 -9.999000e+03 -9.999000e+03 -9.999000e+03 -9.999000e+03 -9.999000e+03 -9.999000e+03 -9.999000e+03 -9.999000e+03 -9.999000e+03 -9.999000e+03 -9.999000e+03 -9.999000e+03 -9.999000e+03 3.772440e-01 6.482169e-01 7.714931e-01 1.126146e+00 1.503772e+00 1.635957e+00 1.234133e+00 1.637843e+00 1.724132e+00 1.984255e+00 2.406267e+00 2.719861e+00 2.905000e+00 3.026031e+00 3.302547e+00 3.490459e+00 4.059886e+00 4.096903e+00 4.111838e+00 4.561985e+00 4.373851e+00 4.475218e+00 4.912105e+00 4.940257e+00 5.074150e+00 5.048379e+00 5.069063e+00 5.272706e+00 6.120930e+00
-9.999000e+03 5.871731e-01 5.097404e-01 7.647765e-01 -9.999000e+03 -9.999000e+03 -9.999000e+03 -9.999000e+03 -9.999000e+03 -9.999000e+03 -9.999000e+03 -9.999000e+03 -9.999000e+03 -9.999000e+03 -9.999000e+03 -9.999000e+03 -9.999000e+03 -9.999000e+03 -9.999000e+03 -9.999000e+03 -9.999000e+03 -9.999000e+03 -9.999000e+03 -9.999000e+03 -9.999000e+03 -9.999000e+03 9.458837e-01 1.136689e+00 1.320057e+00 1.060478e+00 8.204004e-01 9.805570e-01 1.283948e+00 1.725690e+00 1.954478e+00 2.012497e+00 2.805718e+00 2.768258e+00 3.071638e+00 2.900519e+00 3.122378e+00 4.344019e+00 3.946707e+00 3.898812e+00 4.363213e+00 4.011586e+00 4.099200e+00 4.180648e+00 4.716175e+00 4.423489e+00 4.946594e+00 5.326545e+00
-9.999000e+03 -9.999000e+03 -9.999000e+03 -9.999000e+03 -9.999000e+03 -9.999000e+03 -9.999000e+03 -9.999000e+03 -9.999000e+03 -9.999000e+03 -9.999000e+03 -9.999000e+03 -9.999000e+03 -9.999000e+03 -9.999000e+03 -9.999000e+03 -9.999000e+03 -9.999000e+03 -9.999000e+03 -9.999000e+03 -9.999000e+03 -9.999000e+03 -9.999000e+03 -9.999000e+03 -9.999000e+03 -9.999000e+03 -9.999000e+03 -9.999000e+03 1.028022e+00 8.824601e-01 6.620642e-01 7.943322e-01 1.113300e+00 1.893031e+00 2.236695e+00 2.139678e+00 1.744267e+00 2.030974e+00 2.326477e+00 3.300839e+00 3.832304e+00 2.926821e+00 2.990974e+00 4.212692e+00 3.042480e+00 3.051295e+00 3.018966e+00 4.169786e+00 3.783410e+00 4.289998e+00 3.385794e+00 4.054356e+00
-9.999000e+03 -9.999000e+03 -9.999000e+03 -9.999000e+03 -9.999000e+03 -9.999000e+03 -9.999000e+03 -9.999000e+03 -9.999000e+03 -9.999000e+03 -9.999000e+03 -9.999000e+03 -9.999000e+03 -9.999000e+03 -9.999000e+03 -9.999000e+03 -9.999000e+03 -9.999000e+03 -9.999000e+03 -9.999000e+03 -9.999000e+03 -9.999000e+03 -9.999000e+03 -9.999000e+03 -9.999000e+03 -9.999000e+03 -9.999000e+03 -9.999000e+03 -9.999000e+03 7.380313e-01 9.182956e-01 1.108879e+00 1.505672e+00 1.732706e+00 1.832716e+00 1.588306e+00 1.603222e+00 1.921550e+00 2.691057e+00 3.181156e+00 3.450861e+00 3.561309e+00 3.783038e+00 2.938117e+00 3.795710e+00 4.095004e+00 4.046640e+00 2.699431e+00 3.844142e+00 3.044949e+00 4.245302e+00 5.271587e+00
-9.999000e+03 -9.999000e+03 -9.999000e+03 -9.999000e+03 -9.999000e+03 -9.999000e+03 -9.999000e+03 -9.999000e+03 -9.999000e+03 -9.999000e+03 -9.999000e+03 -9.999000e+03 -9.999000e+03 -9.999000e+03 -9.999000e+03 -9.999000e+03 -9.999000e+03 -9.999000e+03 -9.999000e+03 -9.999000e+03 -9.999000e+03 -9.999000e+03 -9.999000e+03 -9.999000e+03 -9.999000e+03 -9.999000e+03 -9.999000e+03 -9.999000e+03 -9.999000e+03 -9.999000e+03 1.220541e+00 -9.999000e+03 -9.999000e+03 -9.999000e+03 -9.999000e+03 -9.999000e+03 -9.999000e+03 -9.999000e+03 2.171093e+00 2.818527e+00 3.055172e+00 3.057150e+00 3.275648e+00 3.735534e+00 4.008810e+00 4.069878e+00 3.868866e+00 3.407079e+00 2.551750e+00 3.829267e+00 4.629071e+00 5.092041e+00
-9.999000e+03 -9.999000e+03 -9.999000e+03 -9.999000e+03 -9.999000e+03 -9.999000e+03 -9.999000e+03 -9.999000e+03 -9.999000e+03 -9.999000e+03 -9.999000e+03 -9.999000e+03 -9.999000e+03 -9.999000e+03 -9.999000e+03 -9.999000e+03 -9.999000e+03 -9.999000e+03 -9.999000e+03 -9.999000e+03 -9.999000e+03 -9.999000e+03 -9.999000e+03 -9.999000e+03 -9.999000e+03 -9.999000e+03 -9.999000e+03 -9.999000e+03 -9.999000e+03 -9.999000e+03 -9.999000e+03 -9.999000e+03 -9.999000e+03 -9.999000e+03 -9.999000e+03 -9.999000e+03 -9.999000e+03 -9.999000e+03 -9.999000e+03 -9.999000e+03 -9.999000e+03 2.196250e+00 2.318420e+00 2.672021e+00 3.553276e+00 3.816310e+00 3.670931e+00 3.204138e+00 3.391943e+00 4.291960e+00 4.750062e+00 4.686217e+00
-9.999000e+03 -9.999000e+03 -9.999000e+03 -9.999000e+03 -9.999000e+03 -9.999000e+03 -9.999000e+03 -9.999000e+03 -9.999000e+03 -9.999000e+03 -9.999000e+03 -9.999000e+03 -9.999000e+03 -9.999000e+03 -9.999000e+03 -9.999000e+03 -9.999000e+03 -9.999000e+03 -9.999000e+03 -9.999000e+03 -9.999000e+03 -9.999000e+03 -9.999000e+03 -9.999000e+03 -9.999000e+03 -9.999000e+03 -9.999000e+03 -9.999000e+03 -9.999000e+03 -9.999000e+03 -9.999000e+03 -9.999000e+03 -9.999000e+03 -9.999000e+03 -9.999000e+03 -9.999000e+03 -9.999000e+03 -9.999000e+03 -9.999000e+03 -9.999000e+03 -9.999000e+03 -9.999000e+03 -9.999000e+03 -9.999000e+03 2.934678e+00 2.838765e+00 3.319586e+00 3.201729e+00 2.564760e+00 3.945898e+00 4.449218e+00 4.065436e+00
-9.999000e+03 -9.999000e+03 -9.999000e+03 -9.999000e+03 -9.999000e+03 -9.999000e+03 -9.999000e+03 -9.999000e+03 -9.999000e+03 -9.999000e+03 -9.999000e+03 -9.999000e+03 -9.999000e+03 -9.999000e+03 -9.999000e+03 -9.999000e+03 -9.999000e+03 -9.999000e+03 -9.999000e+03 -9.999000e+03 -9.999000e+03 -9.999000e+03 -9.999000e+03 -9.999000e+03 -9.999000e+03 -9.999000e+03 -9.999000e+03 -9.999000e+03 -9.999000e+03 -9.999000e+03 -9.999000e+03 -9.999000e+03 -9.999000e+03 -9.999000e+03 -9.999000e+03 -9.999000e+03 -9.999000e+03 -9.999000e+03 -9.999000e+03 -9.999000e+03 -9.999000e+03 -9.999000e+03 -9.999000e+03 -9.999000e+03 -9.999000e+03 -9.999000e+03 -9.999000e+03 -9.999000e+03 -9.999000e+03 -9.999000e+03 3.184961e+00 3.243974e+00
-9.999000e+03 -9.999000e+03 -9.999000e+03 -9.999000e+03 -9.999000e+03 -9.999000e+03 -9.999000e+03 -9.999000e+03 -9.999000e+03 -9.999000e+03 -9.999000e+03 -9.999000e+03 -9.999000e+03 -9.999000e+03 -9.999000e+03 -9.999000e+03 -9.999000e+03 -9.999000e+03 -9.999000e+03 -9.999000e+03 -9.999000e+03 -9.999000e+03 -9.999000e+03 -9.999000e+03 -9.999000e+03 -9.999000e+03 -9.999000e+03 -9.999000e+03 -9.999000e+03 -9.999000e+03 -9.999000e+03 -9.999000e+03 -9.999000e+03 -9.999000e+03 -9.999000e+03 -9.999000e+03 -9.999000e+03 -9.999000e+03 -9.999000e+03 -9.999000e+03 -9.999000e+03 -9.999000e+03 -9.999000e+03 -9.999000e+03 -9.999000e+03 -9.999000e+03 -9.999000e+03 -9.999000e+03 -9.999000e+03 -9.999000e+03 -9.999000e+03 2.375332e+00
-9.999000e+03 -9.999000e+03 -9.999000e+03 -9.999000e+03 -9.999000e+03 -9.999000e+03 -9.999000e+03 -9.999000e+03 -9.999000e+03 -9.999000e+03 -9.999000e+03 -9.999000e+03 -9.999000e+03 -9.999000e+03 -9.999000e+03 -9.999000e+03 -9.999000e+03 -9.999000e+03 -9.999000e+03 -9.999000e+03 -9.999000e+03 -9.999000e+03 -9.999000e+03 -9.999000e+03 -9.999000e+03 -9.999000e+03 -9.999000e+03 -9.999000e+03 -9.999000e+03 -9.999000e+03 -9.999000e+03 -9.999000e+03 -9.999000e+03 -9.999000e+03 -9.999000e+03 -9.999000e+03 -9.999000e+03 -9.999000e+03 -9.999000e+03 -9.999000e+03 -9.999000e+03 -9.999000e+03 -9.999000e+03 -9.999000e+03 -9.999000e+03 -9.999000e+03 -9.999000e+03 -9.999000e+03 -9.999000e+03 -9.999000e+03 -9.999000e+03 -9.999000e+03
-9.999000e+03 -9.999000e+03 -9.999000e+03 -9.999000e+03 -9.999000e+03 -9.999000e+03 -9.999000e+03 -9.999000e+03 -9.999000e+03 -9.999000e+03 -9.999000e+03 -9.999000e+03 -9.999000e+03 -9.999000e+03 -9.999000e+03 -9.999000e+03 -9.999000e+03 -9.999000e+03 -9.999000e+03 -9.999000e+03 -9.999000e+03 -9.999000e+03 -9.999000e+03 -9.999000e+03 -9.999000e+03 -9.999000e+03 -9.999000e+03 -9.999000e+03 -9.999000e+03 -9.999000e+03 -9.999000e+03 -9.999000e+03 -9.999000e+03 -9.999000e+03 -9.999000e+03 -9.999000e+03 -9.999000e+03 -9.999000e+03 -9.999000e+03 -9.999000e+03 -9.999000e+03 -9.999000e+03 -9.999000e+03 -9.999000e+03 -9.999000e+03 -9.999000e+03 -9.999000e+03 -9.999000e+03 -9.999000e+03 -9.999000e+03 -9.999000e+03 -9.999000e+03
