tests/data/reference/test_implicit_stream_rill_mfda/mrsearstr_pa.asc
ncols	123
nrows	77
xllcorner	-713746.79929998
yllcorner	-1061022.36961616
cellsize	10.0
NODATA_value	-9999
[rows 23 to 45 of 77, columns 0 to 51 of 123]
-9.999000e+03 -9.999000e+03 -9.999000e+03 -9.999000e+03 -9.999000e+03 -9.999000e+03 -9.999000e+03 -9.999000e+03 -9.999000e+03 -9.999000e+03 -9.999000e+03 -9.999000e+03 -9.999000e+03 -9.999000e+03 7.472510e-01 1.048786e+00 1.046026e+00 1.083504e+00 9.361826e-01 1.873021e-01 1.831768e+00 1.728447e+00 3.178866e+00 5.164600e+00 5.730598e+00 3.314192e+00 4.550117e+00 4.047743e+00 4.201237e+00 4.543896e+00 3.423411e+00 4.570692e+00 5.086891e+00 5.303281e+00 9.532014e+00 5.241517e+00 5.547955e+00 3.998046e+00 8.152319e+00 6.097111e+00 6.130305e+00 6.253226e+00 6.470998e+00 6.611447e+00 6.625679e+00 6.580950e+00 6.548287e+00 6.628293e+00 6.807222e+00 6.867442e+00 6.735244e+00 4.858896e+00
-9.999000e+03 -9.999000e+03 -9.999000e+03 -9.999000e+03 -9.999000e+03 -9.999000e+03 -9.999000e+03 -9.999000e+03 -9.999000e+03 -9.999000e+03 -9.999000e+03 -9.999000e+03 -9.999000e+03 -9.999000e+03 2.817639e-01 5.882209e-01 1.173656e+00 1.726003e+00 8.776893e-01 1.592765e+00 1.541325e+00 2.540330e+00 2.701369e+00 2.632626e+00 4.806303e+00 7.322513e+00 4.625568e+00 4.441624e+00 4.603095e+00 3.431784e+00 4.823727e+00 4.530515e+00 4.992403e+00 5.068095e+00 1.001981e+01 5.128433e+00 5.448967e+00 4.096411e+00 8.409027e+00 6.070981e+00 6.067449e+00 6.154171e+00 6.307492e+00 6.431479e+00 6.497979e+00 6.534402e+00 6.580472e+00 6.716511e+00 6.923238e+00 7.079478e+00 4.901011e+00 7.440842e+00
-9.999000e+03 -9.999000e+03 -9.999000e+03 -9.999000e+03 -9.999000e+03 -9.999000e+03 -9.999000e+03 -9.999000e+03 -9.999000e+03 -9.999000e+03 -9.999000e+03 -9.999000e+03 -9.999000e+03 -9.999000e+03 3.129411e-01 7.061151e-01 1.132950e+00 1.125174e+00 1.075183e+00 2.765890e+00 1.984550e+00 4.651982e+00 5.948059e+00 3.341959e+00 3.746329e+00 5.247138e+00 9.201147e+00 4.818931e+00 4.890434e+00 3.557020e+00 4.511994e+00 5.137048e+00 4.965473e+00 4.738495e+00 4.703431e+00 1.053747e+01 3.770188e+00 5.824925e+00 5.242444e+00 9.679756e+00 6.030763e+00 6.158321e+00 6.279449e+00 6.378058e+00 6.470290e+00 6.573895e+00 6.710631e+00 6.925210e+00 7.195535e+00 7.475121e+00 6.724541e+00 5.358064e+00
-9.999000e+03 -9.999000e+03 -9.999000e+03 -9.999000e+03 -9.999000e+03 -9.999000e+03 -9.999000e+03 -9.999000e+03 -9.999000e+03 -9.999000e+03 -9.999000e+03 -9.999000e+03 1.485330e+00 9.343537e-01 1.055139e+00 1.301461e+00 1.168310e+00 3.099068e-01 1.844131e+00 1.656572e+00 6.101222e+00 4.954380e+00 3.693665e+00 5.226633e+00 3.620982e+00 3.941580e+00 9.807693e+00 4.424557e+00 4.575326e+00 4.258202e+00 3.429082e+00 4.740434e+00 4.814002e+00 4.514854e+00 4.559310e+00 4.811856e+00 1.066000e+01 5.066900e+00 5.833206e+00 5.648759e+00 1.066000e+01 6.093623e+00 6.167379e+00 6.272696e+00 6.449961e+00 6.694715e+00 6.983916e+00 7.276418e+00 7.555700e+00 7.882265e+00 7.777841e+00 5.556251e+00
-9.999000e+03 -9.999000e+03 -9.999000e+03 -9.999000e+03 -9.999000e+03 -9.999000e+03 -9.999000e+03 -9.999000e+03 -9.999000e+03 -9.999000e+03 -9.999000e+03 -9.999000e+03 -9.999000e+03 1.404712e+00 1.128279e+00 1.171942e+00 4.888859e-01 1.324598e+00 1.336386e+00 5.013254e+00 2.675346e+00 2.659324e+00 4.666538e+00 5.460316e+00 6.852713e+00 7.212555e+00 7.456861e+00 7.707357e+00 3.660275e+00 4.118220e+00 4.319912e+00 4.097418e+00 4.335364e+00 4.120103e+00 4.265457e+00 4.953486e+00 5.556897e+00 1.079000e+01 5.571697e+00 5.934599e+00 1.066000e+01 5.937949e+00 5.959284e+00 6.113520e+00 6.444669e+00 6.916922e+00 7.418442e+00 7.769489e+00 7.984556e+00 8.275240e+00 8.398117e+00 7.414894e+00
-9.999000e+03 -9.999000e+03 -9.999000e+03 -9.999000e+03 -9.999000e+03 -9.999000e+03 -9.999000e+03 -9.999000e+03 -9.999000e+03 -9.999000e+03 -9.999000e+03 -9.999000e+03 -9.999000e+03 -9.999000e+03 -9.999000e+03 7.674692e-01 3.683313e-01 9.605434e-01 1.754614e+00 4.605401e+00 3.740601e+00 3.194607e+00 2.855105e+00 2.637869e+00 2.800041e+00 3.040062e+00 3.045154e+00 7.208521e+00 1.076382e+01 3.458994e+00 3.793660e+00 3.829753e+00 3.656871e+00 3.680116e+00 3.983536e+00 4.765137e+00 5.242554e+00 5.324308e+00 1.068058e+01 5.715043e+00 1.066000e+01 5.899941e+00 6.072876e+00 6.350382e+00 6.768648e+00 7.314544e+00 7.836861e+00 8.130632e+00 8.277905e+00 8.544964e+00 8.708828e+00 8.233184e+00
-9.999000e+03 -9.999000e+03 -9.999000e+03 -9.999000e+03 -9.999000e+03 -9.999000e+03 -9.999000e+03 -9.999000e+03 -9.999000e+03 -9.999000e+03 -9.999000e+03 -9.999000e+03 -9.999000e+03 -9.999000e+03 -9.999000e+03 -9.999000e+03 1.164636e+00 1.025332e+00 3.395996e+00 2.905341e+00 2.531695e+00 2.298712e+00 2.338996e+00 2.566821e+00 2.864482e+00 3.223204e+00 3.271023e+00 2.960055e+00 2.878138e+00 1.079000e+01 1.079000e+01 1.079000e+01 3.217934e+00 3.285795e+00 3.607852e+00 4.255983e+00 5.977876e+00 7.165407e+00 4.797198e+00 9.999100e+00 5.830855e+00 1.079000e+01 6.579957e+00 7.014285e+00 7.427828e+00 7.863287e+00 8.198542e+00 8.333133e+00 8.425082e+00 8.676128e+00 8.777875e+00 8.397792e+00
-9.999000e+03 -9.999000e+03 -9.999000e+03 -9.999000e+03 -9.999000e+03 -9.999000e+03 -9.999000e+03 -9.999000e+03 -9.999000e+03 -9.999000e+03 -9.999000e+03 -9.999000e+03 -9.999000e+03 -9.999000e+03 -9.999000e+03 -9.999000e+03 1.049429e+00 3.355866e+00 1.954172e+00 2.166783e+00 2.243243e+00 5.504474e+00 5.471497e+00 5.715108e+00 5.890825e+00 6.024891e+00 5.794180e+00 5.214349e+00 4.970821e+00 5.040648e+00 4.739661e+00 4.161007e+00 1.079000e+01 1.054622e+01 1.079000e+01 1.079000e+01 1.079000e+01 1.079000e+01 1.079000e+01 1.079000e+01 1.079000e+01 1.079000e+01 1.079000e+01 6.091387e+00 6.679534e+00 7.087088e+00 7.519833e+00 7.801923e+00 8.099309e+00 8.406559e+00 8.366413e+00 7.900694e+00
-9.999000e+03 -9.999000e+03 -9.999000e+03 -9.999000e+03 -9.999000e+03 -9.999000e+03 -9.999000e+03 -9.999000e+03 -9.999000e+03 -9.999000e+03 -9.999000e+03 -9.999000e+03 -9.999000e+03 -9.999000e+03 -9.999000e+03 1.051665e+00 3.961922e+00 1.923095e+00 4.138939e+00 5.223889e+00 5.700629e+00 2.450527e+00 3.337084e+00 4.302509e+00 4.137981e+00 5.730188e+00 6.388624e+00 6.839992e+00 6.716105e+00 6.858046e+00 6.576807e+00 5.883275e+00 5.068247e+00 4.125162e+00 3.779721e+00 3.968391e+00 1.002488e+01 1.079000e+01 1.079000e+01 1.079000e+01 1.079000e+01 1.079000e+01 1.079000e+01 1.079000e+01 1.079000e+01 5.278970e+00 8.445161e+00 6.610044e+00 7.339617e+00 7.705429e+00 7.432266e+00 6.827929e+00
-9.999000e+03 -9.999000e+03 -9.999000e+03 -9.999000e+03 -9.999000e+03 -9.999000e+03 -9.999000e+03 -9.999000e+03 -9.999000e+03 -9.999000e+03 -9.999000e+03 -9.999000e+03 -9.999000e+03 -9.999000e+03 9.039588e-01 1.574820e+00 4.691328e+00 4.347296e+00 1.981023e+00 2.115619e+00 2.446263e+00 2.668018e+00 2.879154e+00 3.106383e+00 4.172046e+00 3.234715e+00 3.435459e+00 3.604291e+00 3.813392e+00 4.173188e+00 4.076220e+00 7.418208e+00 7.250655e+00 6.864010e+00 6.990605e+00 8.983003e+00 3.493991e+00 4.255370e+00 5.023651e+00 5.791940e+00 6.237390e+00 6.219165e+00 7.883903e+00 8.559144e+00 8.867221e+00 1.079000e+01 1.079000e+01 1.079000e+01 5.567715e+00 8.312173e+00 5.507334e+00 5.145035e+00
-9.999000e+03 -9.999000e+03 -9.999000e+03 -9.999000e+03 -9.999000e+03 -9.999000e+03 -9.999000e+03 -9.999000e+03 -9.999000e+03 -9.999000e+03 -9.999000e+03 -9.999000e+03 -9.999000e+03 -9.999000e+03 1.009904e+00 7.089346e+00 2.282413e+00 2.312144e+00 2.290599e+00 2.269909e+00 2.329924e+00 2.523118e+00 2.904864e+00 3.043289e+00 3.188268e+00 3.151282e+00 3.351510e+00 3.843961e+00 5.319374e+00 6.407877e+00 7.015159e+00 3.810393e+00 3.594201e+00 3.532838e+00 5.505523e+00 3.549899e+00 4.023454e+00 4.483312e+00 4.918443e+00 5.477940e+00 6.007134e+00 6.627189e+00 6.907221e+00 6.962253e+00 6.849309e+00 8.840712e+00 9.893431e+00 1.040497e+01 1.079000e+01 1.079000e+01 1.079000e+01 3.446272e+00
-9.999000e+03 -9.999000e+03 -9.999000e+03 -9.999000e+03 -9.999000e+03 -9.999000e+03 -9.999000e+03 -9.999000e+03 -9.999000e+03 -9.999000e+03 -9.999000e+03 -9.999000e+03 -9.999000e+03 1.394844e+00 8.385875e+00 2.193519e+00 2.361804e+00 2.514279e+00 2.523455e+00 2.466618e+00 2.441034e+00 2.519948e+00 2.683110e+00 2.912332e+00 3.105963e+00 3.186739e+00 3.436063e+00 3.962014e+00 4.295517e+00 4.400896e+00 4.321810e+00 4.129324e+00 4.118897e+00 6.578806e+00 3.106106e+00 4.089795e+00 4.661730e+00 4.829341e+00 5.108079e+00 5.513440e+00 6.010087e+00 6.490315e+00 6.949136e+00 7.485469e+00 7.683189e+00 7.631486e+00 7.547833e+00 7.354970e+00 6.663659e+00 7.290035e+00 6.794458e+00 1.079000e+01
-9.999000e+03 -9.999000e+03 -9.999000e+03 -9.999000e+03 -9.999000e+03 -9.999000e+03 -9.999000e+03 -9.999000e+03 -9.999000e+03 -9.999000e+03 -9.999000e+03 -9.999000e+03 8.734577e-01 1.804040e+00 2.197732e+00 2.257734e+00 2.587820e+00 2.533239e+00 2.603240e+00 2.604184e+00 2.571828e+00 2.537609e+00 2.582380e+00 2.706270e+00 2.891929e+00 3.089801e+00 3.422483e+00 3.949460e+00 4.271152e+00 4.388011e+00 4.455423e+00 4.484433e+00 6.431596e+00 4.469941e+00 3.209291e+00 4.533342e+00 4.680101e+00 4.866708e+00 5.210335e+00 5.676544e+00 6.093840e+00 6.459343e+00 6.662510e+00 6.809396e+00 6.774812e+00 7.119887e+00 7.270578e+00 7.418898e+00 7.161266e+00 6.326926e+00 5.675825e+00 6.255042e+00
-9.999000e+03 -9.999000e+03 -9.999000e+03 -9.999000e+03 -9.999000e+03 -9.999000e+03 -9.999000e+03 -9.999000e+03 -9.999000e+03 -9.999000e+03 -9.999000e+03 -9.999000e+03 1.316203e+00 2.002378e+00 2.207179e+00 2.840548e+00 2.389474e+00 2.571876e+00 2.681173e+00 2.726093e+00 2.698342e+00 2.603323e+00 2.581539e+00 2.631740e+00 2.774321e+00 2.983100e+00 3.284095e+00 3.726080e+00 3.952044e+00 4.059117e+00 4.195526e+00 6.156771e+00 3.309202e+00 4.104303e+00 4.287417e+00 4.247764e+00 4.263596e+00 4.409684e+00 4.824957e+00 5.078604e+00 5.531365e+00 5.972119e+00 6.161782e+00 5.693413e+00 5.785934e+00 6.004869e+00 6.226498e+00 6.613669e+00 6.494949e+00 6.862676e+00 6.023774e+00 5.425312e+00
-9.999000e+03 -9.999000e+03 -9.999000e+03 -9.999000e+03 -9.999000e+03 -9.999000e+03 -9.999000e+03 -9.999000e+03 -9.999000e+03 -9.999000e+03 -9.999000e+03 6.978438e-01 3.362880e+00 1.709666e+00 2.847024e+00 2.185346e+00 2.402369e+00 2.599186e+00 2.729880e+00 2.792583e+00 2.780838e+00 2.693897e+00 2.673189e+00 2.699339e+00 2.786277e+00 2.943343e+00 3.118565e+00 3.300032e+00 3.457850e+00 3.432613e+00 3.540754e+00 4.556185e+00 2.861239e+00 3.934083e+00 3.822795e+00 3.481182e+00 3.483001e+00 3.847223e+00 3.661295e+00 3.870241e+00 4.310846e+00 4.992829e+00 4.211310e+00 4.156700e+00 4.220662e+00 4.396413e+00 4.538780e+00 4.654369e+00 6.702133e+00 5.638144e+00 5.423152e+00 5.314303e+00
-9.999000e+03 -9.999000e+03 -9.999000e+03 -9.999000e+03 -9.999000e+03 -9.999000e+03 -9.999000e+03 -9.999000e+03 -9.999000e+03 -9.999000e+03 6.351731e-01 9.778836e-01 1.356119e+00 2.381479e+00 1.415207e+00 1.944364e+00 2.256193e+00 2.509857e+00 2.682977e+00 2.739646e+00 2.751874e+00 2.679074e+00 2.663991e+00 2.686730e+00 2.757234e+00 2.906792e+00 2.794282e+00 3.069284e+00 3.020535e+00 2.867638e+00 2.917123e+00 2.961036e+00 3.066306e+00 3.255078e+00 2.704282e+00 2.455880e+00 3.144052e+00 2.321264e+00 2.349564e+00 2.430709e+00 2.847734e+00 3.627253e+00 5.063982e+00 5.471674e+00 5.727253e+00 6.025397e+00 6.232432e+00 6.356833e+00 4.244999e+00 3.958782e+00 3.951231e+00 4.367257e+00
-9.999000e+03 -9.999000e+03 -9.999000e+03 -9.999000e+03 -9.999000e+03 -9.999000e+03 -9.999000e+03 -9.999000e+03 -9.999000e+03 -9.999000e+03 5.417526e-01 1.060373e+00 2.168668e+00 1.296642e+00 1.115347e+00 1.583965e+00 1.932285e+00 2.281292e+00 2.482518e+00 2.610877e+00 2.643793e+00 2.603705e+00 2.588265e+00 2.623349e+00 2.641604e+00 2.144542e+00 2.833308e+00 2.838389e+00 2.631279e+00 2.398267e+00 2.342769e+00 2.320166e+00 1.968665e+00 2.449056e+00 3.195993e+00 3.023225e+00 2.070143e+00 2.429408e+00 2.634591e+00 2.938851e+00 2.760945e+00 3.554718e+00 4.913165e+00 5.213908e+00 5.350124e+00 5.538347e+00 5.763147e+00 5.993342e+00 5.948710e+00 5.596527e+00 5.561333e+00 5.961380e+00
-9.999000e+03 -9.999000e+03 -9.999000e+03 -9.999000e+03 -9.999000e+03 -9.999000e+03 -9.999000e+03 -9.999000e+03 -9.999000e+03 5.515697e-01 2.285750e+00 1.721819e+00 1.139503e+00 1.026473e+00 1.178803e+00 1.391962e+00 1.685570e+00 1.917556e+00 2.297349e+00 2.410053e+00 2.503544e+00 2.523581e+00 2.558636e+00 2.470509e+00 2.048623e+00 2.524790e+00 2.684253e+00 2.406078e+00 2.215325e+00 1.909966e+00 1.835060e+00 1.687008e+00 2.394866e+00 3.133543e+00 3.439902e+00 3.260746e+00 3.072168e+00 2.926548e+00 2.317521e+00 2.712302e+00 4.262507e+00 4.601742e+00 5.187521e+00 5.070807e+00 4.951921e+00 4.969677e+00 5.196812e+00 5.613945e+00 5.809696e+00 5.736531e+00 5.628298e+00 5.568369e+00
-9.999000e+03 -9.999000e+03 -9.999000e+03 -9.999000e+03 -9.999000e+03 -9.999000e+03 -9.999000e+03 -9.999000e+03 -9.999000e+03 6.790367e-01 2.154290e+00 1.144619e+00 1.075669e+00 9.658337e-01 1.264917e+00 1.371411e+00 1.227731e+00 1.831974e+00 1.994954e+00 2.224670e+00 2.374274e+00 2.454038e+00 1.958693e+00 2.082122e+00 2.552418e+00 2.550573e+00 1.891831e+00 1.838856e+00 1.668002e+00 1.375135e+00 1.392029e+00 2.137720e+00 2.769776e+00 3.336742e+00 3.619733e+00 3.612851e+00 3.521381e+00 2.462438e+00 3.534102e+00 3.815727e+00 4.288613e+00 4.997983e+00 5.039801e+00 4.726215e+00 4.576431e+00 4.668329e+00 4.889090e+00 5.210861e+00 5.417250e+00 5.518861e+00 1.066000e+01 1.066000e+01
-9.999000e+03 -9.999000e+03 -9.999000e+03 -9.999000e+03 -9.999000e+03 -9.999000e+03 -9.999000e+03 -9.999000e+03 1.172775e+00 3.119877e+00 2.003894e+00 1.318822e+00 9.167169e-01 1.146311e+00 1.353676e+00 1.407855e+00 1.785902e+00 1.516262e+00 1.756569e+00 2.091332e+00 2.317930e+00 2.294671e+00 2.570912e+00 2.821970e+00 2.828122e+00 4.729240e+00 4.767253e+00 4.484574e+00 3.949004e+00 3.211708e+00 3.128645e+00 3.581026e+00 3.799756e+00 3.808680e+00 3.814691e+00 3.854023e+00 3.769801e+00 4.637987e+00 4.997639e+00 6.547293e+00 7.232841e+00 7.488642e+00 6.810536e+00 6.060631e+00 5.670414e+00 5.570502e+00 5.268626e+00 4.777477e+00 4.710994e+00 1.066000e+01 4.844985e+00 4.909205e+00
-9.999000e+03 -9.999000e+03 -9.999000e+03 -9.999000e+03 -9.999000e+03 -9.999000e+03 -9.999000e+03 6.232769e-01 1.074841e+00 1.978031e+00 1.469077e+00 1.417712e+00 9.737220e-01 1.275131e+00 1.405029e+00 1.441054e+00 1.449350e+00 1.432584e+00 1.629261e+00 2.030173e+00 1.793906e+00 1.884004e+00 2.429465e+00 4.474880e+00 4.892850e+00 2.746447e+00 2.584779e+00 2.590366e+00 2.441967e+00 2.143987e+00 2.262304e+00 2.821299e+00 3.307745e+00 3.669934e+00 3.848014e+00 3.839057e+00 3.737425e+00 3.560246e+00 3.693937e+00 4.145206e+00 4.337491e+00 4.233923e+00 4.150712e+00 4.106253e+00 4.208078e+00 4.460441e+00 4.451986e+00 4.183097e+00 1.066000e+01 4.214422e+00 4.511470e+00 4.749313e+00
-9.999000e+03 -9.999000e+03 -9.999000e+03 -9.999000e+03 -9.999000e+03 -9.999000e+03 -9.999000e+03 5.147150e-01 1.010358e+00 1.942346e+00 1.188242e+00 1.393323e+00 1.362531e+00 1.388963e+00 1.440396e+00 1.459159e+00 1.494198e+00 1.509545e+00 1.698735e+00 2.127130e+00 2.988936e+00 3.598585e+00 4.111143e+00 2.657842e+00 2.771707e+00 2.652589e+00 2.145616e+00 2.604178e+00 2.638396e+00 2.438074e+00 2.549381e+00 3.019670e+00 3.373580e+00 3.573024e+00 3.649820e+00 3.617773e+00 8.935609e+00 9.016371e+00 9.426889e+00 1.022161e+01 1.060915e+01 1.056466e+01 1.066000e+01 1.066000e+01 1.066000e+01 1.052229e+01 1.066000e+01 1.066000e+01 3.848994e+00 3.886787e+00 4.169713e+00 4.472705e+00
-9.999000e+03 -9.999000e+03 -9.999000e+03 -9.999000e+03 -9.999000e+03 -9.999000e+03 -9.999000e+03 7.390046e-01 1.549905e+00 1.201015e+00 1.011210e+00 1.339195e+00 1.494286e+00 1.509190e+00 1.507126e+00 1.519180e+00 1.612472e+00 1.705343e+00 1.901423e+00 2.311434e+00 2.610335e+00 2.724093e+00 2.676625e+00 2.574023e+00 2.026311e+00 2.202224e+00 2.769645e+00 2.860230e+00 2.823788e+00 2.723224e+00 2.786279e+00 3.049278e+00 3.231599e+00 8.131849e+00 8.535593e+00 8.973854e+00 3.910698e+00 4.204182e+00 4.480544e+00 4.773171e+00 4.910873e+00 4.867776e+00 4.891408e+00 6.665313e+00 7.903644e+00 8.609322e+00 4.578578e+00 4.331952e+00 4.032006e+00 3.740669e+00 3.741618e+00 3.991129e+00
