tests/data/reference/test_implicit_stream_rill_mfda/mrsearstr_pa.asc
ncols	123
nrows	77
xllcorner	-713746.79929998
yllcorner	-1061022.36961616
cellsize	10.0
NODATA_value	-9999
[rows 23 to 45 of 77, columns 0 to 51 of 123]
-9.999000e+03 -9.999000e+03 -9.999000e+03 -9.999000e+03 -9.999000e+03 -9.999000e+03 -9.999000e+03 -9.999000e+03 -9.999000e+03 -9.999000e+03 -9.999000e+03 -9.999000e+03 -9.999000e+03 -9.999000e+03 7.477282e-01 1.048393e+00 1.045573e+00 1.083764e+00 9.368530e-01 1.873512e-01 1.832489e+00 1.729166e+00 3.179041e+00 5.166737e+00 5.734390e+00 3.313470e+00 4.554772e+00 4.046739e+00 4.201237e+00 4.543403e+00 3.427679e+00 4.575324e+00 5.089927e+00 5.302788e+00 9.528436e+00 5.240666e+00 5.562182e+00 4.003160e+00 8.149696e+00 6.096292e+00 6.129432e+00 6.252345e+00 6.470172e+00 6.610685e+00 6.624948e+00 6.580263e+00 6.547655e+00 6.627743e+00 6.806853e+00 6.869900e+00 6.740352e+00 4.865280e+00
-9.999000e+03 -9.999000e+03 -9.999000e+03 -9.999000e+03 -9.999000e+03 -9.999000e+03 -9.999000e+03 -9.999000e+03 -9.999000e+03 -9.999000e+03 -9.999000e+03 -9.999000e+03 -9.999000e+03 -9.999000e+03 2.817074e-01 5.883165e-01 1.173216e+00 1.726777e+00 8.782980e-01 1.594212e+00 1.541857e+00 2.541651e+00 2.704335e+00 2.634121e+00 4.806747e+00 7.324106e+00 4.632678e+00 4.441105e+00 4.602394e+00 3.435817e+00 4.823203e+00 4.535085e+00 4.995347e+00 5.069221e+00 1.001544e+01 5.127569e+00 5.448192e+00 4.101670e+00 8.406258e+00 6.070136e+00 6.066507e+00 6.153155e+00 6.306430e+00 6.430435e+00 6.496994e+00 6.533499e+00 6.579646e+00 6.715756e+00 6.922556e+00 7.080144e+00 4.907457e+00 7.443679e+00
-9.999000e+03 -9.999000e+03 -9.999000e+03 -9.999000e+03 -9.999000e+03 -9.999000e+03 -9.999000e+03 -9.999000e+03 -9.999000e+03 -9.999000e+03 -9.999000e+03 -9.999000e+03 -9.999000e+03 -9.999000e+03 3.130620e-01 7.061491e-01 1.133838e+00 1.126054e+00 1.076006e+00 2.767347e+00 1.985287e+00 4.658272e+00 5.956279e+00 3.344417e+00 3.748348e+00 5.246746e+00 9.199765e+00 4.818687e+00 4.889787e+00 3.561238e+00 4.516052e+00 5.136073e+00 4.967873e+00 4.739401e+00 4.703249e+00 1.053206e+01 3.774966e+00 5.824302e+00 5.248130e+00 9.675794e+00 6.029797e+00 6.157287e+00 6.278328e+00 6.376918e+00 6.469209e+00 6.572912e+00 6.709745e+00 6.924396e+00 7.194759e+00 7.474935e+00 6.732538e+00 5.365182e+00
-9.999000e+03 -9.999000e+03 -9.999000e+03 -9.999000e+03 -9.999000e+03 -9.999000e+03 -9.999000e+03 -9.999000e+03 -9.999000e+03 -9.999000e+03 -9.999000e+03 -9.999000e+03 1.486642e+00 9.350221e-01 1.054843e+00 1.301850e+00 1.169239e+00 3.100239e-01 1.844862e+00 1.657247e+00 6.104643e+00 4.956964e+00 3.696113e+00 5.230859e+00 3.622114e+00 3.942676e+00 9.809524e+00 4.424044e+00 4.574633e+00 4.261948e+00 3.433111e+00 4.742614e+00 4.812993e+00 4.515112e+00 4.558499e+00 4.811189e+00 1.066000e+01 5.072270e+00 5.832616e+00 5.652476e+00 1.066000e+01 6.092620e+00 6.166288e+00 6.271574e+00 6.448896e+00 6.693761e+00 6.983086e+00 7.275669e+00 7.554979e+00 7.881806e+00 7.784295e+00 5.563660e+00
-9.999000e+03 -9.999000e+03 -9.999000e+03 -9.999000e+03 -9.999000e+03 -9.999000e+03 -9.999000e+03 -9.999000e+03 -9.999000e+03 -9.999000e+03 -9.999000e+03 -9.999000e+03 -9.999000e+03 1.405924e+00 1.128594e+00 1.172356e+00 4.891323e-01 1.325002e+00 1.336815e+00 5.014403e+00 2.674872e+00 2.659114e+00 4.666651e+00 5.460465e+00 6.853076e+00 7.212353e+00 7.460854e+00 7.715553e+00 3.659295e+00 4.117289e+00 4.321637e+00 4.100929e+00 4.335627e+00 4.118961e+00 4.264787e+00 4.952521e+00 5.555849e+00 1.079000e+01 5.575310e+00 5.933941e+00 1.066000e+01 5.936938e+00 5.958194e+00 6.112415e+00 6.443646e+00 6.916055e+00 7.417751e+00 7.768882e+00 7.983941e+00 8.274730e+00 8.401963e+00 7.424086e+00
-9.999000e+03 -9.999000e+03 -9.999000e+03 -9.999000e+03 -9.999000e+03 -9.999000e+03 -9.999000e+03 -9.999000e+03 -9.999000e+03 -9.999000e+03 -9.999000e+03 -9.999000e+03 -9.999000e+03 -9.999000e+03 -9.999000e+03 7.679662e-01 3.683539e-01 9.611104e-01 1.756081e+00 4.612711e+00 3.743716e+00 3.195885e+00 2.855531e+00 2.638444e+00 2.799577e+00 3.039789e+00 3.044834e+00 7.217350e+00 1.078365e+01 3.457952e+00 3.792634e+00 3.829713e+00 3.658005e+00 3.679323e+00 3.982424e+00 4.764474e+00 5.241933e+00 5.323401e+00 1.069791e+01 5.716036e+00 1.066000e+01 5.898927e+00 6.071834e+00 6.349368e+00 6.767739e+00 7.313812e+00 7.836309e+00 8.130124e+00 8.277333e+00 8.544403e+00 8.710450e+00 8.240401e+00
-9.999000e+03 -9.999000e+03 -9.999000e+03 -9.999000e+03 -9.999000e+03 -9.999000e+03 -9.999000e+03 -9.999000e+03 -9.999000e+03 -9.999000e+03 -9.999000e+03 -9.999000e+03 -9.999000e+03 -9.999000e+03 -9.999000e+03 -9.999000e+03 1.164955e+00 1.025749e+00 3.399933e+00 2.906509e+00 2.531504e+00 2.297636e+00 2.338386e+00 2.566491e+00 2.864300e+00 3.223103e+00 3.270803e+00 2.959555e+00 2.877549e+00 1.079000e+01 1.079000e+01 1.079000e+01 3.217093e+00 3.285495e+00 3.606899e+00 4.255177e+00 5.975587e+00 7.162371e+00 4.796169e+00 1.002519e+01 5.830592e+00 1.079000e+01 6.579136e+00 7.013557e+00 7.427182e+00 7.862735e+00 8.198044e+00 8.332579e+00 8.424428e+00 8.675435e+00 8.778048e+00 8.401671e+00
-9.999000e+03 -9.999000e+03 -9.999000e+03 -9.999000e+03 -9.999000e+03 -9.999000e+03 -9.999000e+03 -9.999000e+03 -9.999000e+03 -9.999000e+03 -9.999000e+03 -9.999000e+03 -9.999000e+03 -9.999000e+03 -9.999000e+03 -9.999000e+03 1.050010e+00 3.358046e+00 1.954253e+00 2.166856e+00 2.243160e+00 5.512845e+00 5.483977e+00 5.732034e+00 5.911860e+00 6.049977e+00 5.821399e+00 5.241320e+00 4.998561e+00 5.069424e+00 4.764321e+00 4.180225e+00 1.079000e+01 1.058575e+01 1.079000e+01 1.079000e+01 1.079000e+01 1.079000e+01 1.079000e+01 1.079000e+01 1.079000e+01 1.079000e+01 1.079000e+01 6.089965e+00 6.678190e+00 7.086300e+00 7.519010e+00 7.801032e+00 8.098383e+00 8.405598e+00 8.365654e+00 7.901652e+00
-9.999000e+03 -9.999000e+03 -9.999000e+03 -9.999000e+03 -9.999000e+03 -9.999000e+03 -9.999000e+03 -9.999000e+03 -9.999000e+03 -9.999000e+03 -9.999000e+03 -9.999000e+03 -9.999000e+03 -9.999000e+03 -9.999000e+03 1.052247e+00 3.965361e+00 1.923212e+00 4.139115e+00 5.225489e+00 5.706177e+00 2.449938e+00 3.335423e+00 4.300079e+00 4.135973e+00 5.726986e+00 6.386395e+00 6.838652e+00 6.718822e+00 6.864748e+00 6.587142e+00 5.895854e+00 5.081919e+00 4.138457e+00 3.793638e+00 3.984858e+00 1.003543e+01 1.079000e+01 1.079000e+01 1.079000e+01 1.079000e+01 1.079000e+01 1.079000e+01 1.079000e+01 1.079000e+01 5.277136e+00 8.442129e+00 6.608572e+00 7.338259e+00 7.704064e+00 7.430816e+00 6.827021e+00
-9.999000e+03 -9.999000e+03 -9.999000e+03 -9.999000e+03 -9.999000e+03 -9.999000e+03 -9.999000e+03 -9.999000e+03 -9.999000e+03 -9.999000e+03 -9.999000e+03 -9.999000e+03 -9.999000e+03 -9.999000e+03 9.045150e-01 1.576211e+00 4.692785e+00 4.347606e+00 1.980603e+00 2.115178e+00 2.445492e+00 2.667286e+00 2.878466e+00 3.105867e+00 4.170221e+00 3.234004e+00 3.434748e+00 3.604055e+00 3.813131e+00 4.172453e+00 4.075463e+00 7.414092e+00 7.246303e+00 6.863109e+00 6.993675e+00 8.988138e+00 3.494936e+00 4.255421e+00 5.022628e+00 5.791169e+00 6.236792e+00 6.218462e+00 7.881572e+00 8.556377e+00 8.864088e+00 1.079000e+01 1.079000e+01 1.079000e+01 5.565221e+00 8.308872e+00 5.505338e+00 5.143201e+00
-9.999000e+03 -9.999000e+03 -9.999000e+03 -9.999000e+03 -9.999000e+03 -9.999000e+03 -9.999000e+03 -9.999000e+03 -9.999000e+03 -9.999000e+03 -9.999000e+03 -9.999000e+03 -9.999000e+03 -9.999000e+03 1.010479e+00 7.092636e+00 2.282185e+00 2.311860e+00 2.290229e+00 2.269514e+00 2.329492e+00 2.522709e+00 2.904132e+00 3.043028e+00 3.188061e+00 3.151042e+00 3.351292e+00 3.843860e+00 5.317723e+00 6.405288e+00 7.011848e+00 3.809810e+00 3.593492e+00 3.532092e+00 5.503033e+00 3.553133e+00 4.025416e+00 4.482807e+00 4.918090e+00 5.477900e+00 6.007294e+00 6.626814e+00 6.907107e+00 6.962058e+00 6.849084e+00 8.839327e+00 9.892058e+00 1.040317e+01 1.079000e+01 1.079000e+01 1.079000e+01 3.444360e+00
-9.999000e+03 -9.999000e+03 -9.999000e+03 -9.999000e+03 -9.999000e+03 -9.999000e+03 -9.999000e+03 -9.999000e+03 -9.999000e+03 -9.999000e+03 -9.999000e+03 -9.999000e+03 -9.999000e+03 1.396142e+00 8.395278e+00 2.193301e+00 2.361639e+00 2.513990e+00 2.523264e+00 2.466282e+00 2.440619e+00 2.519512e+00 2.682702e+00 2.912007e+00 3.105716e+00 3.186513e+00 3.435892e+00 3.961986e+00 4.295546e+00 4.400838e+00 4.321700e+00 4.129020e+00 4.118576e+00 6.576424e+00 3.109909e+00 4.093742e+00 4.661509e+00 4.829254e+00 5.108454e+00 5.514071e+00 6.010448e+00 6.491506e+00 6.950546e+00 7.486529e+00 7.684130e+00 7.634073e+00 7.550477e+00 7.357470e+00 6.665596e+00 7.291130e+00 6.794743e+00 1.079000e+01
-9.999000e+03 -9.999000e+03 -9.999000e+03 -9.999000e+03 -9.999000e+03 -9.999000e+03 -9.999000e+03 -9.999000e+03 -9.999000e+03 -9.999000e+03 -9.999000e+03 -9.999000e+03 8.740075e-01 1.806184e+00 2.197296e+00 2.257713e+00 2.591739e+00 2.533364e+00 2.603125e+00 2.603921e+00 2.571471e+00 2.537184e+00 2.581951e+00 2.705878e+00 2.891602e+00 3.089534e+00 3.422310e+00 3.949442e+00 4.271221e+00 4.388324e+00 4.455455e+00 4.484499e+00 6.428937e+00 4.472350e+00 3.213246e+00 4.533405e+00 4.680396e+00 4.867851e+00 5.211773e+00 5.677052e+00 6.096026e+00 6.461859e+00 6.665196e+00 6.812053e+00 6.779842e+00 7.124843e+00 7.275765e+00 7.424313e+00 7.166454e+00 6.331112e+00 5.674334e+00 6.254243e+00
-9.999000e+03 -9.999000e+03 -9.999000e+03 -9.999000e+03 -9.999000e+03 -9.999000e+03 -9.999000e+03 -9.999000e+03 -9.999000e+03 -9.999000e+03 -9.999000e+03 -9.999000e+03 1.317481e+00 2.001562e+00 2.207296e+00 2.843759e+00 2.390163e+00 2.572113e+00 2.681148e+00 2.725952e+00 2.698081e+00 2.602985e+00 2.581140e+00 2.631358e+00 2.773981e+00 2.982819e+00 3.283893e+00 3.726038e+00 3.952737e+00 4.059143e+00 4.195573e+00 6.154598e+00 3.313303e+00 4.108204e+00 4.287785e+00 4.248635e+00 4.265725e+00 4.411979e+00 4.825214e+00 5.081577e+00 5.534816e+00 5.976102e+00 6.166071e+00 5.699757e+00 5.792395e+00 6.011654e+00 6.233643e+00 6.621026e+00 6.502163e+00 6.861509e+00 6.027410e+00 5.428279e+00
-9.999000e+03 -9.999000e+03 -9.999000e+03 -9.999000e+03 -9.999000e+03 -9.999000e+03 -9.999000e+03 -9.999000e+03 -9.999000e+03 -9.999000e+03 -9.999000e+03 6.983463e-01 3.365153e+00 1.709626e+00 2.849107e+00 2.186806e+00 2.403125e+00 2.599403e+00 2.729982e+00 2.792562e+00 2.780775e+00 2.693626e+00 2.672888e+00 2.699026e+00 2.785978e+00 2.943074e+00 3.118476e+00 3.301327e+00 3.457846e+00 3.432435e+00 3.540858e+00 4.555045e+00 2.864686e+00 3.934629e+00 3.824612e+00 3.484268e+00 3.486051e+00 3.847201e+00 3.664544e+00 3.873754e+00 4.314928e+00 4.997886e+00 4.216739e+00 4.162048e+00 4.226104e+00 4.402115e+00 4.544692e+00 4.660452e+00 6.701536e+00 5.644014e+00 5.428651e+00 5.319646e+00
-9.999000e+03 -9.999000e+03 -9.999000e+03 -9.999000e+03 -9.999000e+03 -9.999000e+03 -9.999000e+03 -9.999000e+03 -9.999000e+03 -9.999000e+03 6.356535e-01 9.789373e-01 1.355775e+00 2.382241e+00 1.416637e+00 1.945573e+00 2.256505e+00 2.510061e+00 2.683127e+00 2.739960e+00 2.751740e+00 2.678916e+00 2.663758e+00 2.686457e+00 2.756947e+00 2.906975e+00 2.796470e+00 3.069531e+00 3.020286e+00 2.867822e+00 2.917374e+00 2.961404e+00 3.066795e+00 3.257785e+00 2.707502e+00 2.458744e+00 3.144180e+00 2.323936e+00 2.352276e+00 2.433537e+00 2.851162e+00 3.631820e+00 5.069316e+00 5.475194e+00 5.728810e+00 6.025732e+00 6.232179e+00 6.356309e+00 4.250478e+00 3.963838e+00 3.956276e+00 4.372679e+00
-9.999000e+03 -9.999000e+03 -9.999000e+03 -9.999000e+03 -9.999000e+03 -9.999000e+03 -9.999000e+03 -9.999000e+03 -9.999000e+03 -9.999000e+03 5.421938e-01 1.060471e+00 2.169242e+00 1.297250e+00 1.116394e+00 1.584247e+00 1.932343e+00 2.281391e+00 2.483306e+00 2.610688e+00 2.643804e+00 2.603603e+00 2.588061e+00 2.623082e+00 2.642398e+00 2.146965e+00 2.834233e+00 2.838193e+00 2.632072e+00 2.398895e+00 2.343378e+00 2.320809e+00 1.970843e+00 2.451911e+00 3.198692e+00 3.024302e+00 2.072461e+00 2.431175e+00 2.635362e+00 2.939044e+00 2.764247e+00 3.559179e+00 4.918278e+00 5.217138e+00 5.351406e+00 5.538469e+00 5.762784e+00 5.992831e+00 5.948078e+00 5.595670e+00 5.560339e+00 5.960508e+00
-9.999000e+03 -9.999000e+03 -9.999000e+03 -9.999000e+03 -9.999000e+03 -9.999000e+03 -9.999000e+03 -9.999000e+03 -9.999000e+03 5.520153e-01 2.287246e+00 1.721701e+00 1.139571e+00 1.027411e+00 1.179316e+00 1.391912e+00 1.685475e+00 1.918738e+00 2.296711e+00 2.410121e+00 2.503575e+00 2.523497e+00 2.558438e+00 2.472312e+00 2.050912e+00 2.526661e+00 2.684300e+00 2.407804e+00 2.216840e+00 1.911154e+00 1.836163e+00 1.688799e+00 2.396565e+00 3.134748e+00 3.440449e+00 3.260663e+00 3.071718e+00 2.925975e+00 2.320188e+00 2.715534e+00 4.262933e+00 4.606267e+00 5.190733e+00 5.072069e+00 4.951891e+00 4.969093e+00 5.196141e+00 5.613408e+00 5.809243e+00 5.735964e+00 5.627540e+00 5.567491e+00
-9.999000e+03 -9.999000e+03 -9.999000e+03 -9.999000e+03 -9.999000e+03 -9.999000e+03 -9.999000e+03 -9.999000e+03 -9.999000e+03 6.795329e-01 2.153391e+00 1.144376e+00 1.076102e+00 9.666988e-01 1.265030e+00 1.371230e+00 1.228919e+00 1.830676e+00 1.994905e+00 2.224689e+00 2.374272e+00 2.453921e+00 1.960856e+00 2.084457e+00 2.554323e+00 2.551290e+00 1.893902e+00 1.840855e+00 1.669767e+00 1.376513e+00 1.393428e+00 2.139130e+00 2.770747e+00 3.337320e+00 3.619950e+00 3.612707e+00 3.520968e+00 2.465311e+00 3.533729e+00 3.819167e+00 4.292722e+00 4.998619e+00 5.040084e+00 4.725888e+00 4.575714e+00 4.667545e+00 4.888421e+00 5.210346e+00 5.416804e+00 5.518365e+00 1.066000e+01 1.066000e+01
-9.999000e+03 -9.999000e+03 -9.999000e+03 -9.999000e+03 -9.999000e+03 -9.999000e+03 -9.999000e+03 -9.999000e+03 1.173967e+00 3.121931e+00 2.002446e+00 1.318686e+00 9.175236e-01 1.146796e+00 1.353500e+00 1.407644e+00 1.784983e+00 1.516051e+00 1.756424e+00 2.091268e+00 2.317858e+00 2.296269e+00 2.571670e+00 2.822165e+00 2.827970e+00 4.726283e+00 4.764843e+00 4.486234e+00 3.954088e+00 3.218582e+00 3.137912e+00 3.594286e+00 3.816797e+00 3.828981e+00 3.814717e+00 3.853816e+00 3.769367e+00 4.636216e+00 4.995633e+00 6.544072e+00 7.229321e+00 7.485076e+00 6.806805e+00 6.058441e+00 5.673073e+00 5.577104e+00 5.277918e+00 4.788285e+00 4.710346e+00 1.066000e+01 4.844477e+00 4.908830e+00
-9.999000e+03 -9.999000e+03 -9.999000e+03 -9.999000e+03 -9.999000e+03 -9.999000e+03 -9.999000e+03 6.237528e-01 1.075967e+00 1.976597e+00 1.469834e+00 1.417878e+00 9.745965e-01 1.274993e+00 1.404819e+00 1.440806e+00 1.449097e+00 1.432319e+00 1.629026e+00 2.030021e+00 1.795843e+00 1.886064e+00 2.431216e+00 4.472204e+00 4.889918e+00 2.746210e+00 2.585534e+00 2.590362e+00 2.441626e+00 2.143507e+00 2.261883e+00 2.821127e+00 3.307777e+00 3.669980e+00 3.847918e+00 3.838747e+00 3.736927e+00 3.559624e+00 3.693339e+00 4.144798e+00 4.337191e+00 4.233500e+00 4.150126e+00 4.105591e+00 4.207445e+00 4.459913e+00 4.451476e+00 4.182446e+00 1.066000e+01 4.213433e+00 4.510673e+00 4.748767e+00
-9.999000e+03 -9.999000e+03 -9.999000e+03 -9.999000e+03 -9.999000e+03 -9.999000e+03 -9.999000e+03 5.151432e-01 1.010981e+00 1.940989e+00 1.189380e+00 1.394015e+00 1.362668e+00 1.388821e+00 1.440122e+00 1.458867e+00 1.493904e+00 1.509244e+00 1.698474e+00 2.126991e+00 2.987759e+00 3.596801e+00 4.108807e+00 2.657897e+00 2.771789e+00 2.654602e+00 2.148040e+00 2.606148e+00 2.639171e+00 2.438002e+00 2.549065e+00 3.019465e+00 3.373494e+00 3.572898e+00 3.649558e+00 3.617361e+00 8.941876e+00 9.021823e+00 9.431115e+00 1.022417e+01 1.060887e+01 1.056110e+01 1.066000e+01 1.066000e+01 1.066000e+01 1.051802e+01 1.066000e+01 1.066000e+01 3.847735e+00 3.885594e+00 4.168663e+00 4.471890e+00
-9.999000e+03 -9.999000e+03 -9.999000e+03 -9.999000e+03 -9.999000e+03 -9.999000e+03 -9.999000e+03 7.392104e-01 1.548944e+00 1.200840e+00 1.012130e+00 1.339840e+00 1.494456e+00 1.508956e+00 1.506834e+00 1.518857e+00 1.612145e+00 1.705057e+00 1.901216e+00 2.311394e+00 2.610382e+00 2.724069e+00 2.677465e+00 2.574768e+00 2.028569e+00 2.204728e+00 2.771810e+00 2.861173e+00 2.823856e+00 2.722894e+00 2.785868e+00 3.048949e+00 3.231332e+00 8.137523e+00 8.541937e+00 8.980494e+00 3.910237e+00 4.203746e+00 4.480128e+00 4.772759e+00 4.910390e+00 4.867142e+00 4.890641e+00 6.662996e+00 7.900221e+00 8.605153e+00 4.577364e+00 4.330684e+00 4.030721e+00 3.739386e+00 3.740395e+00 3.990057e+00
