tests/data/reference/test_implicit_stream_rill_mfda/mrsearstr_pa.asc
ncols	123
nrows	77
xllcorner	-713746.79929998
yllcorner	-1061022.36961616
cellsize	10.0
NODATA_value	-9999
[rows 23 to 45 of 77, columns 52 to 103 of 123]
6.494890e+00 7.737250e+00 7.766752e+00 7.576589e+00 7.466061e+00 7.430898e+00 7.307185e+00 7.059783e+00 6.900808e+00 6.889814e+00 6.807267e+00 6.669378e+00 6.527530e+00 6.245807e+00 5.692315e+00 5.015880e+00 8.331039e+00 4.046589e+00 4.211251e+00 4.441649e+00 4.632241e+00 4.794140e+00 4.764326e+00 4.632240e+00 3.154288e+00 3.672644e+00 8.317571e+00 4.419990e+00 5.460613e+00 3.566996e+00 4.151141e+00 3.940339e+00 2.751109e+00 2.122802e+00 -9.999000e+03 -9.999000e+03 -9.999000e+03 -9.999000e+03 -9.999000e+03 -9.999000e+03 -9.999000e+03 -9.999000e+03 -9.999000e+03 -9.999000e+03 -9.999000e+03 -9.999000e+03 -9.999000e+03 -9.999000e+03 -9.999000e+03 -9.999000e+03 -9.999000e+03 -9.999000e+03
6.787144e+00 7.559081e+00 7.833837e+00 7.620661e+00 7.476384e+00 7.386671e+00 7.228196e+00 6.990291e+00 6.870985e+00 6.873705e+00 6.818839e+00 6.740885e+00 6.546569e+00 6.122511e+00 5.568245e+00 4.993451e+00 9.246002e+00 4.227545e+00 4.495523e+00 4.864390e+00 5.187724e+00 5.423824e+00 5.450097e+00 5.331402e+00 4.559301e+00 4.393046e+00 2.807193e+00 7.321534e+00 3.632313e+00 4.910274e+00 4.893854e+00 4.166773e+00 3.769301e+00 3.165457e+00 1.942955e+00 -9.999000e+03 -9.999000e+03 -9.999000e+03 -9.999000e+03 -9.999000e+03 -9.999000e+03 -9.999000e+03 -9.999000e+03 -9.999000e+03 -9.999000e+03 -9.999000e+03 -9.999000e+03 -9.999000e+03 -9.999000e+03 -9.999000e+03 -9.999000e+03 -9.999000e+03
8.083435e+00 7.688269e+00 7.850580e+00 7.741654e+00 7.435218e+00 7.162585e+00 6.937662e+00 6.830598e+00 6.888485e+00 6.989306e+00 6.972282e+00 6.820097e+00 6.443607e+00 5.917703e+00 5.497603e+00 5.208113e+00 1.066000e+01 4.795875e+00 4.973390e+00 5.282328e+00 5.616775e+00 5.865778e+00 5.900404e+00 5.780301e+00 5.376571e+00 5.169392e+00 4.344850e+00 9.058550e+00 2.989933e+00 3.909228e+00 6.393904e+00 3.538388e+00 3.992485e+00 4.204020e+00 3.666467e+00 2.536882e+00 2.060046e+00 2.019054e+00 -9.999000e+03 -9.999000e+03 -9.999000e+03 -9.999000e+03 -9.999000e+03 -9.999000e+03 -9.999000e+03 -9.999000e+03 -9.999000e+03 -9.999000e+03 -9.999000e+03 -9.999000e+03 -9.999000e+03 -9.999000e+03
7.177182e+00 8.226782e+00 7.865682e+00 7.602404e+00 7.243827e+00 6.934098e+00 6.786414e+00 6.872417e+00 7.024045e+00 7.102739e+00 7.032692e+00 6.770167e+00 6.365416e+00 5.951439e+00 5.648232e+00 5.429893e+00 1.066000e+01 5.006317e+00 5.132751e+00 5.403531e+00 5.694102e+00 5.910038e+00 5.955016e+00 5.906667e+00 5.780409e+00 5.732449e+00 5.434684e+00 1.021250e+01 4.523294e+00 4.266464e+00 6.418224e+00 3.534206e+00 3.998092e+00 4.472482e+00 4.430490e+00 3.755870e+00 3.045621e+00 2.196027e+00 2.636366e+00 1.969196e+00 -9.999000e+03 -9.999000e+03 -9.999000e+03 -9.999000e+03 -9.999000e+03 -9.999000e+03 -9.999000e+03 -9.999000e+03 -9.999000e+03 -9.999000e+03 -9.999000e+03 -9.999000e+03
8.068924e+00 5.423556e+00 7.826331e+00 7.283489e+00 6.953316e+00 6.835082e+00 6.883899e+00 7.063453e+00 7.158609e+00 7.126712e+00 6.992280e+00 6.736524e+00 6.468994e+00 6.228069e+00 5.931734e+00 5.527263e+00 1.066000e+01 4.804552e+00 4.937584e+00 5.189348e+00 5.382626e+00 5.532509e+00 5.605954e+00 5.693524e+00 5.840012e+00 6.020016e+00 6.060287e+00 1.066000e+01 5.578818e+00 5.251811e+00 7.508115e+00 4.248888e+00 4.013227e+00 4.003605e+00 4.071407e+00 3.900575e+00 2.630168e+00 2.340854e+00 2.705706e+00 2.702561e+00 2.398884e+00 9.834038e-01 -9.999000e+03 -9.999000e+03 -9.999000e+03 -9.999000e+03 -9.999000e+03 -9.999000e+03 -9.999000e+03 -9.999000e+03 -9.999000e+03 -9.999000e+03
8.327794e+00 6.875528e+00 7.549276e+00 7.067919e+00 4.550415e+00 6.847738e+00 6.958547e+00 7.150946e+00 7.248556e+00 7.207424e+00 7.062200e+00 6.816809e+00 6.569142e+00 6.302135e+00 5.902085e+00 5.383160e+00 1.066000e+01 4.813855e+00 5.033276e+00 5.308022e+00 5.478634e+00 5.585912e+00 5.624014e+00 5.706523e+00 5.925298e+00 6.232781e+00 6.459719e+00 1.066000e+01 6.192321e+00 5.900283e+00 7.832738e+00 4.788871e+00 4.187918e+00 3.860593e+00 3.799552e+00 3.796435e+00 3.313752e+00 3.051083e+00 2.321465e+00 2.928603e+00 0.000000e+00 1.674092e+00 6.988335e-01 5.234806e-01 -9.999000e+03 -9.999000e+03 -9.999000e+03 -9.999000e+03 -9.999000e+03 -9.999000e+03 -9.999000e+03 -9.999000e+03
8.133903e+00 7.245407e+00 7.280848e+00 7.008971e+00 4.633634e+00 5.942837e+00 6.918998e+00 7.168562e+00 7.388703e+00 7.399858e+00 7.245126e+00 6.941478e+00 6.556900e+00 6.066673e+00 5.513484e+00 5.078142e+00 4.974156e+00 1.066000e+01 5.476545e+00 5.826997e+00 6.053140e+00 6.123645e+00 6.048130e+00 5.983931e+00 6.085591e+00 6.392907e+00 6.676902e+00 1.048271e+01 6.399597e+00 6.112489e+00 7.538342e+00 5.163265e+00 4.607181e+00 4.161018e+00 3.816723e+00 3.632212e+00 3.410720e+00 3.330195e+00 3.069020e+00 0.000000e+00 0.000000e+00 3.582717e+00 2.084091e+00 9.082772e-01 3.976453e-01 -9.999000e+03 -9.999000e+03 -9.999000e+03 -9.999000e+03 -9.999000e+03 -9.999000e+03 -9.999000e+03
7.482424e+00 6.962528e+00 6.923425e+00 6.901505e+00 6.008826e+00 4.663527e+00 6.620233e+00 7.273640e+00 7.436891e+00 7.318072e+00 7.054863e+00 6.657544e+00 6.190983e+00 5.666802e+00 5.265399e+00 5.155007e+00 5.339785e+00 5.713062e+00 1.066000e+01 6.407338e+00 6.546583e+00 6.495633e+00 6.317964e+00 6.190484e+00 6.253615e+00 6.551287e+00 6.776658e+00 1.001407e+01 6.531043e+00 6.356258e+00 7.336010e+00 5.647382e+00 5.139176e+00 4.660885e+00 3.000737e+00 2.748103e+00 3.663393e+00 3.685092e+00 0.000000e+00 0.000000e+00 2.227041e+00 3.099367e+00 1.979687e+00 1.449888e+00 1.014148e+00 3.604890e-01 -9.999000e+03 -9.999000e+03 -9.999000e+03 -9.999000e+03 -9.999000e+03 -9.999000e+03
6.421980e+00 6.272488e+00 6.477062e+00 6.719780e+00 6.559966e+00 6.122746e+00 4.869975e+00 7.248134e+00 7.221857e+00 6.835374e+00 6.410298e+00 5.929226e+00 5.519518e+00 5.273468e+00 5.333093e+00 5.651827e+00 6.061008e+00 6.509660e+00 1.066000e+01 6.985042e+00 6.893444e+00 6.657250e+00 6.408727e+00 6.314893e+00 6.432377e+00 6.691035e+00 6.754081e+00 9.402528e+00 6.609940e+00 6.634414e+00 7.190309e+00 6.242343e+00 5.769290e+00 3.785303e+00 3.401791e+00 3.088764e+00 4.244380e+00 0.000000e+00 0.000000e+00 2.910074e+00 2.872579e+00 3.019714e+00 1.753412e+00 1.418247e+00 1.426021e+00 1.245368e+00 1.054831e+00 -9.999000e+03 -9.999000e+03 -9.999000e+03 -9.999000e+03 -9.999000e+03
5.033181e+00 5.259019e+00 5.674540e+00 6.065273e+00 4.296778e+00 6.604264e+00 6.649422e+00 6.118376e+00 6.809910e+00 6.514263e+00 6.165838e+00 5.798854e+00 5.588317e+00 5.602396e+00 5.847900e+00 6.241022e+00 6.611763e+00 6.928208e+00 1.066000e+01 6.992731e+00 6.801309e+00 6.576367e+00 6.420144e+00 6.436168e+00 6.602591e+00 6.770603e+00 6.650894e+00 8.660532e+00 6.424166e+00 6.519303e+00 6.593257e+00 6.414748e+00 4.202096e+00 4.045380e+00 3.732810e+00 3.424548e+00 0.000000e+00 0.000000e+00 3.547365e+00 3.730413e+00 3.385507e+00 3.211357e+00 1.692031e+00 1.400611e+00 1.779911e+00 1.877150e+00 1.858702e+00 1.213030e+00 3.786740e-01 -9.999000e+03 -9.999000e+03 -9.999000e+03
3.502627e+00 4.053032e+00 4.521589e+00 4.947683e+00 5.408169e+00 5.091974e+00 6.211629e+00 6.346756e+00 6.209922e+00 6.568084e+00 6.530932e+00 6.461470e+00 6.485066e+00 6.557688e+00 6.654146e+00 6.787158e+00 6.859002e+00 6.838136e+00 6.638315e+00 1.066000e+01 6.272146e+00 6.261498e+00 6.362771e+00 6.561342e+00 6.757534e+00 6.785819e+00 6.469337e+00 7.768117e+00 5.978389e+00 5.998577e+00 6.119013e+00 4.170484e+00 4.084833e+00 4.044684e+00 0.000000e+00 0.000000e+00 0.000000e+00 3.635238e+00 4.522682e+00 4.253612e+00 3.880414e+00 2.652417e+00 2.359775e+00 2.401371e+00 2.222119e+00 1.959909e+00 1.772934e+00 1.400156e+00 1.225149e+00 5.747412e-01 -9.999000e+03 -9.999000e+03
1.079000e+01 1.079000e+01 4.029697e+00 4.505336e+00 4.830861e+00 5.412024e+00 5.621640e+00 6.273443e+00 6.569485e+00 6.735626e+00 7.019584e+00 7.163825e+00 7.306781e+00 7.361466e+00 7.321749e+00 7.207097e+00 6.972606e+00 6.646949e+00 6.225693e+00 1.079000e+01 5.659257e+00 5.716634e+00 5.976206e+00 6.299773e+00 6.491158e+00 6.390955e+00 5.967641e+00 6.744759e+00 5.530065e+00 5.560841e+00 5.760629e+00 4.106061e+00 4.094837e+00 0.000000e+00 0.000000e+00 4.710705e+00 3.928929e+00 4.778296e+00 5.023702e+00 4.693585e+00 3.155435e+00 2.979036e+00 2.761666e+00 3.115196e+00 2.695553e+00 2.325553e+00 1.653851e+00 1.678472e+00 1.696557e+00 2.521663e+00 1.144159e+00 5.929010e-01
6.389725e+00 6.045595e+00 1.079000e+01 4.404309e+00 4.867040e+00 5.653806e+00 6.306087e+00 6.650730e+00 7.163448e+00 7.476713e+00 7.691295e+00 7.971038e+00 8.135887e+00 8.165690e+00 8.052214e+00 7.722300e+00 7.199395e+00 6.627564e+00 6.041134e+00 5.496475e+00 1.079000e+01 5.139235e+00 5.449546e+00 5.818030e+00 5.760321e+00 5.556470e+00 5.140456e+00 5.572560e+00 5.063641e+00 5.226762e+00 5.542243e+00 4.137684e+00 0.000000e+00 0.000000e+00 4.573812e+00 5.511681e+00 4.981460e+00 5.315673e+00 5.361995e+00 3.627049e+00 3.419589e+00 3.184185e+00 2.948659e+00 2.657429e+00 3.180067e+00 2.972116e+00 2.244664e+00 2.684361e+00 2.578141e+00 2.897426e+00 1.675123e+00 2.491871e+00
3.645746e+00 4.795370e+00 5.133822e+00 1.079000e+01 1.079000e+01 1.079000e+01 1.079000e+01 6.444827e+00 6.563996e+00 6.727560e+00 6.866625e+00 7.026983e+00 7.080915e+00 6.984859e+00 9.221944e+00 6.430500e+00 6.004115e+00 5.621653e+00 5.235020e+00 4.869963e+00 3.300305e+00 1.079000e+01 7.097046e+00 5.428350e+00 5.339950e+00 5.004843e+00 4.505543e+00 4.642763e+00 4.811511e+00 5.124878e+00 5.506885e+00 0.000000e+00 0.000000e+00 4.134338e+00 5.582495e+00 5.740848e+00 5.424648e+00 5.542864e+00 5.534536e+00 3.787588e+00 3.615861e+00 3.359115e+00 3.117671e+00 2.851540e+00 3.514080e+00 3.306350e+00 3.030149e+00 3.183473e+00 3.085138e+00 3.163804e+00 2.600840e+00 2.996463e+00
5.778831e+00 6.309012e+00 6.222696e+00 5.397478e+00 5.255699e+00 5.891259e+00 6.103232e+00 1.079000e+01 1.079000e+01 1.079000e+01 1.079000e+01 1.079000e+01 1.079000e+01 1.079000e+01 1.079000e+01 1.079000e+01 1.079000e+01 4.112598e+00 4.324778e+00 4.488140e+00 4.759891e+00 4.632726e+00 1.079000e+01 5.325265e+00 4.837117e+00 4.384842e+00 4.269107e+00 4.321023e+00 4.824910e+00 5.285878e+00 0.000000e+00 0.000000e+00 4.376388e+00 4.229335e+00 6.014234e+00 5.912707e+00 5.645792e+00 5.613318e+00 5.569090e+00 3.841572e+00 3.725719e+00 3.489853e+00 3.266986e+00 3.016139e+00 2.733962e+00 2.476373e+00 3.082375e+00 3.125371e+00 3.203847e+00 3.390440e+00 3.308557e+00 3.400546e+00
5.844639e+00 6.633531e+00 6.595710e+00 1.079000e+01 1.079000e+01 1.079000e+01 1.079000e+01 1.079000e+01 1.079000e+01 1.079000e+01 1.079000e+01 1.079000e+01 1.079000e+01 1.079000e+01 1.079000e+01 1.079000e+01 1.079000e+01 1.079000e+01 1.079000e+01 3.705784e+00 4.094535e+00 4.730075e+00 1.079000e+01 4.712015e+00 4.272711e+00 3.981543e+00 4.016851e+00 4.476401e+00 4.941013e+00 0.000000e+00 0.000000e+00 4.360463e+00 4.436141e+00 4.289195e+00 6.204932e+00 6.061427e+00 5.828940e+00 5.768874e+00 3.972170e+00 3.975338e+00 3.882184e+00 3.645172e+00 3.407075e+00 3.173639e+00 2.916419e+00 2.628753e+00 2.391868e+00 3.106547e+00 3.190031e+00 3.393624e+00 3.502939e+00 3.509747e+00
6.296467e+00 1.066000e+01 1.066000e+01 6.347309e+00 6.649693e+00 7.335495e+00 7.717796e+00 7.768550e+00 7.721658e+00 7.581353e+00 7.374185e+00 7.308197e+00 6.959383e+00 6.511356e+00 6.020494e+00 5.561530e+00 7.148989e+00 8.039820e+00 6.894800e+00 1.079000e+01 1.079000e+01 1.079000e+01 1.079000e+01 1.079000e+01 3.669564e+00 3.783336e+00 4.001087e+00 4.649216e+00 0.000000e+00 0.000000e+00 4.186677e+00 5.674033e+00 4.470090e+00 4.315019e+00 6.300466e+00 6.202945e+00 6.031987e+00 6.021099e+00 4.170884e+00 4.186831e+00 4.104205e+00 3.857550e+00 3.557046e+00 3.298181e+00 3.121221e+00 2.913807e+00 2.629852e+00 3.239360e+00 3.145477e+00 3.159964e+00 3.184810e+00 3.230901e+00
1.066000e+01 5.959580e+00 6.373976e+00 6.693985e+00 7.241864e+00 7.984322e+00 8.464118e+00 8.669883e+00 8.789153e+00 8.788126e+00 8.654164e+00 8.419797e+00 8.113703e+00 7.741585e+00 7.313179e+00 7.097262e+00 6.667957e+00 8.507944e+00 7.674680e+00 8.014777e+00 8.834914e+00 1.079000e+01 8.300878e+00 1.079000e+01 1.079000e+01 3.065756e+00 3.738647e+00 3.377513e+00 0.000000e+00 4.507157e+00 5.204646e+00 6.205331e+00 4.558471e+00 5.690853e+00 6.431242e+00 6.311268e+00 6.187535e+00 6.237675e+00 4.331018e+00 4.344225e+00 4.250217e+00 4.023252e+00 3.704378e+00 3.382301e+00 3.228801e+00 3.122927e+00 2.886073e+00 2.617133e+00 3.334474e+00 3.219776e+00 3.142733e+00 3.156720e+00
5.327470e+00 5.761335e+00 6.103723e+00 6.293635e+00 6.649197e+00 7.280404e+00 7.796957e+00 8.138671e+00 8.475410e+00 8.707640e+00 8.739134e+00 8.670363e+00 8.614637e+00 8.552780e+00 8.402557e+00 8.191339e+00 1.066000e+01 7.653129e+00 7.232143e+00 6.255966e+00 5.765617e+00 0.000000e+00 0.000000e+00 0.000000e+00 1.079000e+01 1.079000e+01 3.325956e+00 0.000000e+00 0.000000e+00 4.643807e+00 5.335694e+00 6.238684e+00 4.675903e+00 6.554466e+00 6.636409e+00 6.386216e+00 6.285788e+00 4.369207e+00 4.461775e+00 4.485658e+00 4.348914e+00 4.109651e+00 3.810503e+00 3.452313e+00 3.266904e+00 3.228167e+00 3.114385e+00 2.922764e+00 3.762225e+00 3.593318e+00 3.445285e+00 3.341099e+00
5.191201e+00 5.566636e+00 5.787034e+00 5.844813e+00 6.025761e+00 6.482237e+00 6.906396e+00 7.223381e+00 7.646096e+00 8.097431e+00 8.341464e+00 8.428600e+00 8.554405e+00 8.720651e+00 8.795326e+00 1.066000e+01 8.810043e+00 8.794006e+00 8.463441e+00 7.765190e+00 7.403599e+00 7.283575e+00 6.763497e+00 0.000000e+00 0.000000e+00 0.000000e+00 1.079000e+01 0.000000e+00 2.763592e+00 3.798876e+00 4.649712e+00 5.852789e+00 5.617455e+00 6.588994e+00 6.629344e+00 6.480614e+00 6.445672e+00 4.460692e+00 4.546015e+00 4.623411e+00 4.508548e+00 4.228412e+00 3.904565e+00 3.524534e+00 3.304322e+00 3.257869e+00 3.202512e+00 3.866828e+00 4.072050e+00 3.886093e+00 3.702481e+00 3.600754e+00
4.927239e+00 5.128809e+00 5.270654e+00 5.299956e+00 5.385177e+00 5.657332e+00 5.899722e+00 6.056305e+00 6.421600e+00 7.014855e+00 7.479337e+00 7.749556e+00 8.018325e+00 8.322361e+00 1.066000e+01 8.716057e+00 8.967577e+00 9.261646e+00 9.326823e+00 9.126985e+00 8.821107e+00 8.687964e+00 7.981920e+00 6.898942e+00 6.129771e+00 0.000000e+00 0.000000e+00 0.000000e+00 1.079000e+01 2.852035e+00 4.984759e+00 4.781245e+00 5.075808e+00 5.777635e+00 6.272616e+00 6.553126e+00 6.683449e+00 4.592006e+00 4.618604e+00 4.711117e+00 4.662652e+00 4.394401e+00 4.025104e+00 3.596427e+00 3.337939e+00 3.245539e+00 3.181975e+00 4.205363e+00 4.225752e+00 4.071944e+00 3.880246e+00 3.897970e+00
4.604512e+00 4.697022e+00 4.835982e+00 4.941080e+00 5.012347e+00 5.151188e+00 5.257485e+00 5.260237e+00 5.476096e+00 5.978191e+00 6.469772e+00 6.859169e+00 7.181092e+00 1.066000e+01 7.819192e+00 8.041431e+00 8.397160e+00 8.888373e+00 9.211940e+00 9.248842e+00 9.272284e+00 9.210803e+00 8.750640e+00 7.617726e+00 7.071408e+00 9.324539e+00 0.000000e+00 0.000000e+00 0.000000e+00 0.000000e+00 4.982462e+00 3.708880e+00 4.753947e+00 5.423638e+00 6.067538e+00 6.487547e+00 6.746248e+00 4.700882e+00 4.756911e+00 4.811479e+00 4.784740e+00 4.584070e+00 4.239162e+00 3.797445e+00 3.506897e+00 3.359323e+00 3.252723e+00 4.386011e+00 4.337447e+00 4.287837e+00 4.215490e+00 4.348105e+00
4.135901e+00 4.202671e+00 4.420537e+00 4.695651e+00 4.826762e+00 4.885980e+00 4.888493e+00 4.839951e+00 4.855565e+00 5.077068e+00 5.480108e+00 5.853596e+00 1.049884e+01 6.449615e+00 6.677550e+00 6.823152e+00 7.244898e+00 7.947458e+00 8.228012e+00 8.379140e+00 8.636619e+00 8.978646e+00 8.670910e+00 7.795321e+00 7.243259e+00 0.000000e+00 0.000000e+00 5.445553e+00 5.630092e+00 0.000000e+00 0.000000e+00 0.000000e+00 4.760249e+00 6.002430e+00 6.189006e+00 6.327209e+00 6.606689e+00 4.743942e+00 4.902835e+00 4.930519e+00 4.895931e+00 4.759778e+00 4.499032e+00 4.116869e+00 3.819283e+00 3.611626e+00 3.431579e+00 4.565553e+00 4.418293e+00 4.498029e+00 4.715947e+00 4.981237e+00
