tests/data/reference/test_implicit_stream_rill_mfda/mrsearstr_pa.asc
ncols	123
nrows	77
xllcorner	-713746.79929998
yllcorner	-1061022.36961616
cellsize	10.0
NODATA_value	-9999
[rows 46 to 68 of 77, columns 0 to 51 of 123]
-9.999000e+03 -9.999000e+03 -9.999000e+03 -9.999000e+03 -9.999000e+03 -9.999000e+03 5.798696e-01 1.391571e+00 1.181067e+00 1.269535e+00 1.037253e+00 1.416148e+00 1.641567e+00 1.664701e+00 1.656751e+00 1.626861e+00 1.654791e+00 1.709865e+00 1.879147e+00 2.266100e+00 2.591302e+00 2.590102e+00 2.611542e+00 2.504572e+00 2.712039e+00 3.042444e+00 3.127104e+00 2.943432e+00 2.885690e+00 2.949176e+00 2.969206e+00 7.132747e+00 7.476047e+00 3.250921e+00 3.529705e+00 3.860645e+00 4.255597e+00 4.656598e+00 4.981290e+00 5.269486e+00 5.433094e+00 5.452964e+00 5.466437e+00 5.543358e+00 5.473224e+00 5.218986e+00 5.008884e+00 4.800241e+00 4.452111e+00 3.981251e+00 3.728340e+00 3.792860e+00
-9.999000e+03 -9.999000e+03 -9.999000e+03 -9.999000e+03 -9.999000e+03 -9.999000e+03 1.646521e+00 1.139350e+00 1.311251e+00 1.456062e+00 1.252883e+00 1.671661e+00 1.829034e+00 1.899863e+00 1.917187e+00 1.803352e+00 1.652119e+00 1.565801e+00 1.692016e+00 2.064067e+00 1.865631e+00 2.023150e+00 2.105590e+00 2.098595e+00 2.663384e+00 3.064530e+00 3.165193e+00 6.131144e+00 6.402829e+00 6.997368e+00 7.299806e+00 3.148124e+00 3.262151e+00 3.495002e+00 3.765917e+00 4.033362e+00 4.341254e+00 4.691040e+00 4.982964e+00 5.270988e+00 5.532688e+00 5.724786e+00 5.856026e+00 5.942516e+00 5.878824e+00 5.620363e+00 5.351372e+00 5.133306e+00 4.874779e+00 4.465290e+00 4.078189e+00 3.896567e+00
-9.999000e+03 -9.999000e+03 -9.999000e+03 -9.999000e+03 -9.999000e+03 4.553085e-01 9.776430e-01 1.498638e+00 1.135991e+00 1.183575e+00 1.457123e+00 1.619285e+00 1.802329e+00 1.947513e+00 1.953833e+00 1.904073e+00 1.748810e+00 1.604848e+00 1.698921e+00 2.039697e+00 2.894621e+00 3.642183e+00 4.339995e+00 5.059768e+00 5.472790e+00 5.975140e+00 6.357911e+00 3.150713e+00 3.148920e+00 3.299361e+00 3.347843e+00 3.311200e+00 3.426872e+00 3.624441e+00 3.820504e+00 4.004476e+00 4.250720e+00 4.608184e+00 4.913826e+00 5.170868e+00 5.438714e+00 5.696706e+00 5.912443e+00 6.068818e+00 6.093923e+00 5.938130e+00 5.670557e+00 5.375315e+00 5.148102e+00 4.879496e+00 4.505344e+00 4.166441e+00
-9.999000e+03 -9.999000e+03 -9.999000e+03 -9.999000e+03 8.642628e-01 1.240999e+00 1.333037e+00 1.641467e+00 9.971956e-01 9.067385e-01 1.164331e+00 1.332368e+00 1.641953e+00 1.687902e+00 1.830903e+00 1.892594e+00 1.839435e+00 1.699825e+00 1.795091e+00 2.126764e+00 2.431540e+00 2.688768e+00 2.997948e+00 3.259945e+00 3.399245e+00 3.415568e+00 3.442574e+00 3.430359e+00 3.402070e+00 3.439312e+00 3.461391e+00 3.411717e+00 3.415651e+00 3.484419e+00 3.593280e+00 3.727556e+00 3.957003e+00 4.356616e+00 4.732094e+00 5.011609e+00 5.236493e+00 5.445546e+00 5.676060e+00 5.897865e+00 6.044413e+00 6.064815e+00 5.896902e+00 5.565555e+00 5.325317e+00 5.197023e+00 4.893178e+00 4.485393e+00
-9.999000e+03 -9.999000e+03 -9.999000e+03 -9.999000e+03 5.732168e-01 1.197550e+00 1.307110e+00 1.251286e+00 9.413023e-01 7.561575e-01 9.919537e-01 1.382270e+00 1.114087e+00 1.551270e+00 1.763698e+00 1.896214e+00 1.882203e+00 1.730609e+00 1.822358e+00 2.166128e+00 2.535546e+00 2.930229e+00 3.186220e+00 3.602256e+00 3.778826e+00 3.768154e+00 3.817730e+00 3.882620e+00 3.841278e+00 3.778676e+00 3.783939e+00 3.759961e+00 3.707767e+00 3.666849e+00 3.667347e+00 3.716804e+00 3.854285e+00 4.156935e+00 4.527205e+00 4.862955e+00 5.054399e+00 5.153184e+00 5.329002e+00 5.559808e+00 5.780319e+00 5.943914e+00 5.909811e+00 5.652038e+00 5.461829e+00 5.377790e+00 5.171473e+00 4.735852e+00
-9.999000e+03 -9.999000e+03 -9.999000e+03 4.845162e-01 9.011267e-01 1.067790e+00 8.468665e-01 8.374388e-01 6.637703e-01 8.010652e-01 1.031630e+00 9.771231e-01 9.666951e-01 1.412809e+00 1.701162e+00 1.867052e+00 1.879326e+00 1.749083e+00 1.817073e+00 2.155162e+00 2.877952e+00 2.968609e+00 3.498071e+00 3.925178e+00 4.165347e+00 4.217676e+00 4.310976e+00 4.433043e+00 4.416020e+00 4.307347e+00 4.272616e+00 4.257683e+00 4.211825e+00 4.123448e+00 4.020735e+00 3.960690e+00 3.953208e+00 4.062055e+00 4.357968e+00 4.743915e+00 4.905200e+00 4.867361e+00 4.936828e+00 5.113903e+00 5.349561e+00 5.609549e+00 5.727046e+00 5.641623e+00 5.323290e+00 5.337932e+00 5.189436e+00 4.815522e+00
-9.999000e+03 -9.999000e+03 -9.999000e+03 3.962231e-01 7.621773e-01 7.659270e-01 5.921789e-01 4.514575e-01 5.323414e-01 5.770743e-01 7.430785e-01 7.827458e-01 7.806664e-01 1.232955e+00 1.572984e+00 1.744003e+00 1.796522e+00 1.721109e+00 1.707443e+00 2.472706e+00 1.903961e+00 2.768575e+00 3.309448e+00 3.762038e+00 4.112252e+00 4.290989e+00 4.429754e+00 4.573884e+00 4.577310e+00 4.443020e+00 4.355307e+00 4.325179e+00 4.327225e+00 4.315552e+00 4.265421e+00 4.228646e+00 4.167881e+00 4.112043e+00 4.301904e+00 4.711642e+00 4.883467e+00 4.779257e+00 4.746215e+00 4.808453e+00 4.968488e+00 5.217015e+00 5.421682e+00 4.922461e+00 4.914274e+00 4.868154e+00 4.744220e+00 8.811382e+00
-9.999000e+03 -9.999000e+03 2.599855e-01 3.487997e-01 6.403723e-01 6.197613e-01 3.287912e-01 2.588975e-01 3.142059e-01 2.294685e-01 3.990202e-01 5.116300e-01 5.415691e-01 1.008204e+00 1.365783e+00 1.530893e+00 1.652418e+00 1.654500e+00 1.776372e+00 1.449578e+00 1.386783e+00 2.068772e+00 2.600802e+00 3.095324e+00 3.604275e+00 3.952840e+00 4.153016e+00 4.309225e+00 4.328857e+00 4.182249e+00 4.038459e+00 3.980122e+00 4.061539e+00 4.220412e+00 4.335882e+00 4.433303e+00 4.429957e+00 4.305059e+00 4.362061e+00 4.706496e+00 4.923225e+00 4.875560e+00 4.780360e+00 4.700871e+00 4.735973e+00 4.909718e+00 3.598196e+00 3.748989e+00 3.772204e+00 3.679041e+00 9.400651e+00 5.007685e+00
-9.999000e+03 -9.999000e+03 3.368852e-01 5.370274e-01 5.768537e-01 3.435155e-01 1.996070e-01 3.342797e-01 3.100407e-01 5.956586e-02 2.552396e-01 3.429952e-01 3.714243e-01 7.944563e-01 1.069380e+00 1.169342e+00 1.301721e+00 1.395053e+00 1.213284e+00 1.038916e+00 8.698715e-01 1.347751e+00 1.811220e+00 2.269750e+00 2.780880e+00 3.265879e+00 3.613291e+00 3.843216e+00 3.937564e+00 3.861495e+00 3.720191e+00 3.613908e+00 3.719614e+00 3.948569e+00 4.155557e+00 4.328343e+00 4.394968e+00 4.326218e+00 4.366372e+00 4.610495e+00 4.816634e+00 4.870781e+00 4.824913e+00 4.733978e+00 4.759270e+00 4.938194e+00 5.116174e+00 5.306371e+00 9.191492e+00 9.777900e+00 5.044043e+00 5.028454e+00
-9.999000e+03 1.845467e-01 7.969224e-01 6.960693e-01 4.962833e-01 1.189424e-01 3.827568e-01 3.788433e-01 -9.999000e+03 -9.999000e+03 -9.999000e+03 2.461623e-01 3.067252e-01 5.744011e-01 7.228090e-01 7.318359e-01 8.089907e-01 9.535597e-01 8.037237e-01 3.950345e-01 3.237513e-01 6.320005e-01 1.060830e+00 1.366438e+00 1.761593e+00 2.324904e+00 2.805080e+00 3.169736e+00 3.383373e+00 3.430645e+00 3.351575e+00 3.270753e+00 3.314968e+00 3.567611e+00 3.795675e+00 3.996428e+00 4.100910e+00 4.111277e+00 4.249247e+00 4.494815e+00 4.666765e+00 4.755711e+00 4.791946e+00 4.763356e+00 4.856659e+00 5.100906e+00 6.853100e+00 8.203427e+00 5.328104e+00 5.114142e+00 5.098065e+00 5.217492e+00
-9.999000e+03 4.557108e-01 4.688569e-01 4.894370e-01 2.962147e-01 3.167735e-01 -9.999000e+03 -9.999000e+03 -9.999000e+03 -9.999000e+03 -9.999000e+03 -9.999000e+03 3.630002e-01 5.134432e-01 6.799051e-01 7.562252e-01 7.314385e-01 9.846863e-01 8.626986e-01 3.878615e-01 2.343365e-01 2.518321e-01 4.391202e-01 7.248904e-01 1.127533e+00 1.553072e+00 1.988924e+00 2.387219e+00 2.642792e+00 2.762446e+00 2.950764e+00 2.832779e+00 2.949809e+00 3.224887e+00 3.493664e+00 3.728170e+00 3.842423e+00 3.837926e+00 4.035770e+00 4.426531e+00 4.631715e+00 4.703293e+00 4.715735e+00 4.726033e+00 4.911498e+00 5.177322e+00 5.348264e+00 5.419600e+00 5.342930e+00 5.161955e+00 5.247438e+00 5.551224e+00
4.935162e-01 1.092815e+00 5.574974e-01 3.070772e-01 1.010631e-01 5.114480e-01 -9.999000e+03 -9.999000e+03 -9.999000e+03 -9.999000e+03 -9.999000e+03 -9.999000e+03 -9.999000e+03 -9.999000e+03 -9.999000e+03 7.716302e-01 1.044296e+00 8.928549e-01 7.738212e-01 6.117367e-01 7.029953e-01 -9.999000e+03 -9.999000e+03 4.384959e-01 7.331195e-01 9.496566e-01 1.217944e+00 1.518639e+00 1.684006e+00 2.225379e+00 2.228851e+00 2.409392e+00 2.552876e+00 2.898454e+00 3.205718e+00 3.449691e+00 3.564192e+00 3.535463e+00 3.831341e+00 4.312374e+00 4.605312e+00 4.552783e+00 4.558619e+00 4.713241e+00 4.830575e+00 5.147987e+00 5.424268e+00 5.461740e+00 5.403302e+00 5.230899e+00 5.477618e+00 5.954116e+00
3.047573e-01 2.725735e-01 2.324919e-01 2.302869e-01 5.338606e-01 -9.999000e+03 -9.999000e+03 -9.999000e+03 -9.999000e+03 -9.999000e+03 -9.999000e+03 -9.999000e+03 -9.999000e+03 -9.999000e+03 -9.999000e+03 -9.999000e+03 -9.999000e+03 -9.999000e+03 -9.999000e+03 -9.999000e+03 -9.999000e+03 -9.999000e+03 -9.999000e+03 3.793666e-01 6.526553e-01 7.770859e-01 1.130921e+00 1.507003e+00 1.637173e+00 1.244406e+00 1.638674e+00 1.733558e+00 1.995907e+00 2.421859e+00 2.738842e+00 2.926066e+00 3.048376e+00 3.304542e+00 3.506000e+00 4.079856e+00 4.131839e+00 4.147333e+00 4.566567e+00 4.397192e+00 4.499267e+00 4.911699e+00 4.968365e+00 5.103571e+00 5.077775e+00 5.068676e+00 5.288724e+00 6.124881e+00
-9.999000e+03 5.910601e-01 5.129504e-01 7.703051e-01 -9.999000e+03 -9.999000e+03 -9.999000e+03 -9.999000e+03 -9.999000e+03 -9.999000e+03 -9.999000e+03 -9.999000e+03 -9.999000e+03 -9.999000e+03 -9.999000e+03 -9.999000e+03 -9.999000e+03 -9.999000e+03 -9.999000e+03 -9.999000e+03 -9.999000e+03 -9.999000e+03 -9.999000e+03 -9.999000e+03 -9.999000e+03 -9.999000e+03 9.531856e-01 1.145940e+00 1.326276e+00 1.061161e+00 8.264644e-01 9.882077e-01 1.294749e+00 1.741304e+00 1.972654e+00 2.031328e+00 2.806929e+00 2.787729e+00 3.094465e+00 2.929551e+00 3.153987e+00 4.354699e+00 3.980065e+00 3.931762e+00 4.362369e+00 4.045848e+00 4.134431e+00 4.216708e+00 4.715552e+00 4.447057e+00 4.946827e+00 5.376044e+00
-9.999000e+03 -9.999000e+03 -9.999000e+03 -9.999000e+03 -9.999000e+03 -9.999000e+03 -9.999000e+03 -9.999000e+03 -9.999000e+03 -9.999000e+03 -9.999000e+03 -9.999000e+03 -9.999000e+03 -9.999000e+03 -9.999000e+03 -9.999000e+03 -9.999000e+03 -9.999000e+03 -9.999000e+03 -9.999000e+03 -9.999000e+03 -9.999000e+03 -9.999000e+03 -9.999000e+03 -9.999000e+03 -9.999000e+03 -9.999000e+03 -9.999000e+03 1.036154e+00 8.855413e-01 6.666298e-01 8.001442e-01 1.122309e+00 1.903943e+00 2.243703e+00 2.141399e+00 1.760087e+00 2.050014e+00 2.348885e+00 3.326414e+00 3.850610e+00 2.956158e+00 3.021056e+00 4.212033e+00 3.073160e+00 3.082078e+00 3.049373e+00 4.170931e+00 3.814628e+00 4.287638e+00 3.420466e+00 4.096801e+00
-9.999000e+03 -9.999000e+03 -9.999000e+03 -9.999000e+03 -9.999000e+03 -9.999000e+03 -9.999000e+03 -9.999000e+03 -9.999000e+03 -9.999000e+03 -9.999000e+03 -9.999000e+03 -9.999000e+03 -9.999000e+03 -9.999000e+03 -9.999000e+03 -9.999000e+03 -9.999000e+03 -9.999000e+03 -9.999000e+03 -9.999000e+03 -9.999000e+03 -9.999000e+03 -9.999000e+03 -9.999000e+03 -9.999000e+03 -9.999000e+03 -9.999000e+03 -9.999000e+03 7.433058e-01 9.187129e-01 1.113568e+00 1.513324e+00 1.748398e+00 1.849524e+00 1.602400e+00 1.617481e+00 1.939355e+00 2.709984e+00 3.194138e+00 3.457236e+00 3.562994e+00 3.782525e+00 2.967586e+00 3.827459e+00 4.115807e+00 4.054921e+00 2.726134e+00 3.839440e+00 3.075658e+00 4.282116e+00 5.303016e+00
-9.999000e+03 -9.999000e+03 -9.999000e+03 -9.999000e+03 -9.999000e+03 -9.999000e+03 -9.999000e+03 -9.999000e+03 -9.999000e+03 -9.999000e+03 -9.999000e+03 -9.999000e+03 -9.999000e+03 -9.999000e+03 -9.999000e+03 -9.999000e+03 -9.999000e+03 -9.999000e+03 -9.999000e+03 -9.999000e+03 -9.999000e+03 -9.999000e+03 -9.999000e+03 -9.999000e+03 -9.999000e+03 -9.999000e+03 -9.999000e+03 -9.999000e+03 -9.999000e+03 -9.999000e+03 1.226012e+00 -9.999000e+03 -9.999000e+03 -9.999000e+03 -9.999000e+03 -9.999000e+03 -9.999000e+03 -9.999000e+03 2.191725e+00 2.839007e+00 3.067179e+00 3.061049e+00 3.275797e+00 3.735259e+00 4.008702e+00 4.068923e+00 3.866045e+00 3.402107e+00 2.576747e+00 3.860720e+00 4.654509e+00 5.107580e+00
-9.999000e+03 -9.999000e+03 -9.999000e+03 -9.999000e+03 -9.999000e+03 -9.999000e+03 -9.999000e+03 -9.999000e+03 -9.999000e+03 -9.999000e+03 -9.999000e+03 -9.999000e+03 -9.999000e+03 -9.999000e+03 -9.999000e+03 -9.999000e+03 -9.999000e+03 -9.999000e+03 -9.999000e+03 -9.999000e+03 -9.999000e+03 -9.999000e+03 -9.999000e+03 -9.999000e+03 -9.999000e+03 -9.999000e+03 -9.999000e+03 -9.999000e+03 -9.999000e+03 -9.999000e+03 -9.999000e+03 -9.999000e+03 -9.999000e+03 -9.999000e+03 -9.999000e+03 -9.999000e+03 -9.999000e+03 -9.999000e+03 -9.999000e+03 -9.999000e+03 -9.999000e+03 2.217169e+00 2.340735e+00 2.698407e+00 3.582010e+00 3.834651e+00 3.677376e+00 3.202504e+00 3.388054e+00 4.290468e+00 4.751342e+00 4.686579e+00
-9.999000e+03 -9.999000e+03 -9.999000e+03 -9.999000e+03 -9.999000e+03 -9.999000e+03 -9.999000e+03 -9.999000e+03 -9.999000e+03 -9.999000e+03 -9.999000e+03 -9.999000e+03 -9.999000e+03 -9.999000e+03 -9.999000e+03 -9.999000e+03 -9.999000e+03 -9.999000e+03 -9.999000e+03 -9.999000e+03 -9.999000e+03 -9.999000e+03 -9.999000e+03 -9.999000e+03 -9.999000e+03 -9.999000e+03 -9.999000e+03 -9.999000e+03 -9.999000e+03 -9.999000e+03 -9.999000e+03 -9.999000e+03 -9.999000e+03 -9.999000e+03 -9.999000e+03 -9.999000e+03 -9.999000e+03 -9.999000e+03 -9.999000e+03 -9.999000e+03 -9.999000e+03 -9.999000e+03 -9.999000e+03 -9.999000e+03 2.964107e+00 2.867081e+00 3.346103e+00 3.214982e+00 2.589907e+00 3.978609e+00 4.473392e+00 4.074671e+00
-9.999000e+03 -9.999000e+03 -9.999000e+03 -9.999000e+03 -9.999000e+03 -9.999000e+03 -9.999000e+03 -9.999000e+03 -9.999000e+03 -9.999000e+03 -9.999000e+03 -9.999000e+03 -9.999000e+03 -9.999000e+03 -9.999000e+03 -9.999000e+03 -9.999000e+03 -9.999000e+03 -9.999000e+03 -9.999000e+03 -9.999000e+03 -9.999000e+03 -9.999000e+03 -9.999000e+03 -9.999000e+03 -9.999000e+03 -9.999000e+03 -9.999000e+03 -9.999000e+03 -9.999000e+03 -9.999000e+03 -9.999000e+03 -9.999000e+03 -9.999000e+03 -9.999000e+03 -9.999000e+03 -9.999000e+03 -9.999000e+03 -9.999000e+03 -9.999000e+03 -9.999000e+03 -9.999000e+03 -9.999000e+03 -9.999000e+03 -9.999000e+03 -9.999000e+03 -9.999000e+03 -9.999000e+03 -9.999000e+03 -9.999000e+03 3.217297e+00 3.270169e+00
-9.999000e+03 -9.999000e+03 -9.999000e+03 -9.999000e+03 -9.999000e+03 -9.999000e+03 -9.999000e+03 -9.999000e+03 -9.999000e+03 -9.999000e+03 -9.999000e+03 -9.999000e+03 -9.999000e+03 -9.999000e+03 -9.999000e+03 -9.999000e+03 -9.999000e+03 -9.999000e+03 -9.999000e+03 -9.999000e+03 -9.999000e+03 -9.999000e+03 -9.999000e+03 -9.999000e+03 -9.999000e+03 -9.999000e+03 -9.999000e+03 -9.999000e+03 -9.999000e+03 -9.999000e+03 -9.999000e+03 -9.999000e+03 -9.999000e+03 -9.999000e+03 -9.999000e+03 -9.999000e+03 -9.999000e+03 -9.999000e+03 -9.999000e+03 -9.999000e+03 -9.999000e+03 -9.999000e+03 -9.999000e+03 -9.999000e+03 -9.999000e+03 -9.999000e+03 -9.999000e+03 -9.999000e+03 -9.999000e+03 -9.999000e+03 -9.999000e+03 2.398300e+00
-9.999000e+03 -9.999000e+03 -9.999000e+03 -9.999000e+03 -9.999000e+03 -9.999000e+03 -9.999000e+03 -9.999000e+03 -9.999000e+03 -9.999000e+03 -9.999000e+03 -9.999000e+03 -9.999000e+03 -9.999000e+03 -9.999000e+03 -9.999000e+03 -9.999000e+03 -9.999000e+03 -9.999000e+03 -9.999000e+03 -9.999000e+03 -9.999000e+03 -9.999000e+03 -9.999000e+03 -9.999000e+03 -9.999000e+03 -9.999000e+03 -9.999000e+03 -9.999000e+03 -9.999000e+03 -9.999000e+03 -9.999000e+03 -9.999000e+03 -9.999000e+03 -9.999000e+03 -9.999000e+03 -9.999000e+03 -9.999000e+03 -9.999000e+03 -9.999000e+03 -9.999000e+03 -9.999000e+03 -9.999000e+03 -9.999000e+03 -9.999000e+03 -9.999000e+03 -9.999000e+03 -9.999000e+03 -9.999000e+03 -9.999000e+03 -9.999000e+03 -9.999000e+03
-9.999000e+03 -9.999000e+03 -9.999000e+03 -9.999000e+03 -9.999000e+03 -9.999000e+03 -9.999000e+03 -9.999000e+03 -9.999000e+03 -9.999000e+03 -9.999000e+03 -9.999000e+03 -9.999000e+03 -9.999000e+03 -9.999000e+03 -9.999000e+03 -9.999000e+03 -9.999000e+03 -9.999000e+03 -9.999000e+03 -9.999000e+03 -9.999000e+03 -9.999000e+03 -9.999000e+03 -9.999000e+03 -9.999000e+03 -9.999000e+03 -9.999000e+03 -9.999000e+03 -9.999000e+03 -9.999000e+03 -9.999000e+03 -9.999000e+03 -9.999000e+03 -9.999000e+03 -9.999000e+03 -9.999000e+03 -9.999000e+03 -9.999000e+03 -9.999000e+03 -9.999000e+03 -9.999000e+03 -9.999000e+03 -9.999000e+03 -9.999000e+03 -9.999000e+03 -9.999000e+03 -9.999000e+03 -9.999000e+03 -9.999000e+03 -9.999000e+03 -9.999000e+03
