tests/data/reference/test_implicit_stream_rill_mfda/mrsearstr_pa.asc
ncols	123
nrows	77
xllcorner	-713746.79929998
yllcorner	-1061022.36961616
cellsize	10.0
NODATA_value	-9999
[rows 46 to 68 of 77, columns 0 to 51 of 123]
-9.999000e+03 -9.999000e+03 -9.999000e+03 -9.999000e+03 -9.999000e+03 -9.999000e+03 5.774756e-01 1.379896e+00 1.179573e+00 1.267777e+00 1.030037e+00 1.409967e+00 1.640104e+00 1.663902e+00 1.656427e+00 1.627141e+00 1.654829e+00 1.709862e+00 1.878509e+00 2.264055e+00 2.588275e+00 2.574605e+00 2.595734e+00 2.489599e+00 2.703905e+00 3.037930e+00 3.124513e+00 2.942598e+00 2.885658e+00 2.948936e+00 2.968683e+00 7.042348e+00 7.383188e+00 3.251080e+00 3.529126e+00 3.859253e+00 4.253183e+00 4.653055e+00 4.976894e+00 5.264709e+00 5.428584e+00 5.449214e+00 5.463462e+00 5.540954e+00 5.471706e+00 5.218845e+00 5.010008e+00 4.802329e+00 4.455071e+00 3.984987e+00 3.732290e+00 3.796333e+00
-9.999000e+03 -9.999000e+03 -9.999000e+03 -9.999000e+03 -9.999000e+03 -9.999000e+03 1.634770e+00 1.138100e+00 1.305784e+00 1.449613e+00 1.243713e+00 1.667798e+00 1.826298e+00 1.897717e+00 1.916460e+00 1.801814e+00 1.651940e+00 1.566124e+00 1.692027e+00 2.062883e+00 1.850602e+00 2.006564e+00 2.088184e+00 2.081259e+00 2.647070e+00 3.054235e+00 3.160204e+00 6.059374e+00 6.323781e+00 6.909761e+00 7.205998e+00 3.149302e+00 3.263057e+00 3.495179e+00 3.765224e+00 4.031818e+00 4.338756e+00 4.687414e+00 4.978430e+00 5.265975e+00 5.527549e+00 5.719749e+00 5.851294e+00 5.938158e+00 5.875128e+00 5.617950e+00 5.350439e+00 5.133707e+00 4.876345e+00 4.467801e+00 4.081309e+00 3.899989e+00
-9.999000e+03 -9.999000e+03 -9.999000e+03 -9.999000e+03 -9.999000e+03 4.528485e-01 9.804020e-01 1.493783e+00 1.127889e+00 1.175041e+00 1.450653e+00 1.615350e+00 1.799517e+00 1.947922e+00 1.948873e+00 1.901856e+00 1.748134e+00 1.605035e+00 1.698971e+00 2.038649e+00 2.885941e+00 3.623882e+00 4.307681e+00 5.023923e+00 5.422121e+00 5.914220e+00 6.289830e+00 3.152100e+00 3.150624e+00 3.301052e+00 3.349579e+00 3.312994e+00 3.428365e+00 3.625367e+00 3.820773e+00 4.004060e+00 4.249432e+00 4.605639e+00 4.910119e+00 5.166441e+00 5.433831e+00 5.691650e+00 5.907456e+00 6.063773e+00 6.088890e+00 5.933762e+00 5.667485e+00 5.373870e+00 5.148095e+00 4.880485e+00 4.507194e+00 4.168079e+00
-9.999000e+03 -9.999000e+03 -9.999000e+03 -9.999000e+03 8.577601e-01 1.236181e+00 1.330624e+00 1.641164e+00 9.903333e-01 9.006647e-01 1.159744e+00 1.330562e+00 1.646725e+00 1.679820e+00 1.826350e+00 1.890054e+00 1.838198e+00 1.699605e+00 1.794768e+00 2.125362e+00 2.429264e+00 2.686142e+00 2.998178e+00 3.254677e+00 3.396464e+00 3.414378e+00 3.442429e+00 3.430953e+00 3.403290e+00 3.440977e+00 3.463330e+00 3.413766e+00 3.417586e+00 3.486086e+00 3.594568e+00 3.728371e+00 3.957090e+00 4.355490e+00 4.729683e+00 5.008180e+00 5.232417e+00 5.441400e+00 5.671997e+00 5.893389e+00 6.039330e+00 6.059575e+00 5.892322e+00 5.562538e+00 5.323834e+00 5.196451e+00 4.889358e+00 4.483242e+00
-9.999000e+03 -9.999000e+03 -9.999000e+03 -9.999000e+03 5.720809e-01 1.198520e+00 1.301634e+00 1.248393e+00 9.380261e-01 7.513555e-01 9.906257e-01 1.378893e+00 1.106183e+00 1.544157e+00 1.759166e+00 1.893134e+00 1.880398e+00 1.729956e+00 1.821642e+00 2.164335e+00 2.532498e+00 2.934372e+00 3.174707e+00 3.594276e+00 3.772845e+00 3.763850e+00 3.814654e+00 3.880478e+00 3.840106e+00 3.778442e+00 3.784248e+00 3.760443e+00 3.708251e+00 3.667282e+00 3.667720e+00 3.717134e+00 3.854453e+00 4.156528e+00 4.525895e+00 4.860468e+00 5.051142e+00 5.150117e+00 5.326251e+00 5.556686e+00 5.776417e+00 5.939234e+00 5.904971e+00 5.648175e+00 5.459197e+00 5.364104e+00 5.158958e+00 4.725663e+00
-9.999000e+03 -9.999000e+03 -9.999000e+03 4.820518e-01 8.956859e-01 1.067610e+00 8.413049e-01 8.345974e-01 6.597191e-01 7.995352e-01 1.031978e+00 9.758761e-01 9.601006e-01 1.406604e+00 1.696436e+00 1.863483e+00 1.876978e+00 1.747773e+00 1.815790e+00 2.152804e+00 2.875121e+00 2.949858e+00 3.483953e+00 3.913627e+00 4.154865e+00 4.208625e+00 4.303390e+00 4.426416e+00 4.410691e+00 4.303629e+00 4.269908e+00 4.255366e+00 4.209599e+00 4.121313e+00 4.018882e+00 3.959377e+00 3.952383e+00 4.061501e+00 4.357039e+00 4.741812e+00 4.902303e+00 4.864969e+00 4.935074e+00 5.112127e+00 5.347208e+00 5.606197e+00 5.722983e+00 5.637833e+00 5.295884e+00 5.310518e+00 5.163230e+00 4.792243e+00
-9.999000e+03 -9.999000e+03 -9.999000e+03 3.938145e-01 7.622131e-01 7.633352e-01 5.886913e-01 4.490224e-01 5.308657e-01 5.754557e-01 7.435906e-01 7.815661e-01 7.756612e-01 1.227787e+00 1.568417e+00 1.740428e+00 1.793572e+00 1.718798e+00 1.705393e+00 2.461209e+00 1.888555e+00 2.751954e+00 3.295892e+00 3.748908e+00 4.098750e+00 4.278668e+00 4.418233e+00 4.563368e+00 4.568772e+00 4.436591e+00 4.350427e+00 4.321072e+00 4.323245e+00 4.311368e+00 4.261565e+00 4.225140e+00 4.165212e+00 4.110271e+00 4.300247e+00 4.708966e+00 4.880101e+00 4.776544e+00 4.744393e+00 4.807170e+00 4.967164e+00 5.215025e+00 5.418918e+00 4.882803e+00 4.874411e+00 4.828713e+00 4.706198e+00 8.621658e+00
-9.999000e+03 -9.999000e+03 2.526956e-01 3.475030e-01 6.384725e-01 6.177322e-01 3.271986e-01 2.577445e-01 3.127078e-01 2.284898e-01 3.990364e-01 5.109314e-01 5.384692e-01 1.004250e+00 1.361972e+00 1.527033e+00 1.648266e+00 1.650407e+00 1.774443e+00 1.449003e+00 1.376366e+00 2.057856e+00 2.590015e+00 3.082527e+00 3.591213e+00 3.938853e+00 4.139226e+00 4.297276e+00 4.318683e+00 4.174249e+00 4.032295e+00 3.974947e+00 4.056289e+00 4.215436e+00 4.330084e+00 4.427741e+00 4.425122e+00 4.301548e+00 4.359175e+00 4.702866e+00 4.918943e+00 4.871857e+00 4.777943e+00 4.699504e+00 4.735063e+00 4.908267e+00 3.565608e+00 3.714858e+00 3.737835e+00 3.645626e+00 9.232356e+00 5.007780e+00
-9.999000e+03 -9.999000e+03 3.227317e-01 5.420211e-01 5.734845e-01 3.418262e-01 1.987977e-01 3.326512e-01 3.095677e-01 5.969036e-02 2.541086e-01 3.423288e-01 3.695482e-01 7.916687e-01 1.065278e+00 1.164709e+00 1.296237e+00 1.388978e+00 1.208442e+00 1.037339e+00 8.641141e-01 1.341479e+00 1.802112e+00 2.260654e+00 2.769458e+00 3.252320e+00 3.600893e+00 3.831085e+00 3.926077e+00 3.851468e+00 3.711712e+00 3.606404e+00 3.714884e+00 3.942155e+00 4.149121e+00 4.321731e+00 4.389088e+00 4.321647e+00 4.362448e+00 4.605913e+00 4.811422e+00 4.866627e+00 4.821929e+00 4.732190e+00 4.757232e+00 4.935596e+00 5.114097e+00 5.304087e+00 9.090061e+00 9.654052e+00 5.043815e+00 5.028103e+00
-9.999000e+03 1.855834e-01 9.217613e-01 7.005686e-01 4.935218e-01 1.185448e-01 3.808036e-01 3.769167e-01 -9.999000e+03 -9.999000e+03 -9.999000e+03 2.450856e-01 3.052750e-01 5.710508e-01 7.182809e-01 7.272339e-01 8.037487e-01 9.470799e-01 7.985260e-01 3.929969e-01 3.221915e-01 6.282015e-01 1.056296e+00 1.360256e+00 1.752909e+00 2.316277e+00 2.794515e+00 3.157339e+00 3.369983e+00 3.417319e+00 3.338909e+00 3.265720e+00 3.307822e+00 3.561495e+00 3.788464e+00 3.989258e+00 4.094453e+00 4.105784e+00 4.243795e+00 4.488385e+00 4.661419e+00 4.750668e+00 4.788200e+00 4.758587e+00 4.851713e+00 5.098264e+00 6.821080e+00 8.132099e+00 5.325661e+00 5.111768e+00 5.096145e+00 5.214939e+00
-9.999000e+03 4.514926e-01 4.694097e-01 4.867259e-01 2.948312e-01 3.152588e-01 -9.999000e+03 -9.999000e+03 -9.999000e+03 -9.999000e+03 -9.999000e+03 -9.999000e+03 3.611809e-01 5.105544e-01 6.779625e-01 7.553335e-01 7.268398e-01 9.811885e-01 8.618608e-01 3.884901e-01 2.333295e-01 2.507216e-01 4.367734e-01 7.203453e-01 1.122927e+00 1.545879e+00 1.978622e+00 2.373785e+00 2.627121e+00 2.745651e+00 2.945688e+00 2.822963e+00 2.944179e+00 3.216793e+00 3.484794e+00 3.719156e+00 3.833796e+00 3.829790e+00 4.026979e+00 4.420572e+00 4.623817e+00 4.696267e+00 4.704941e+00 4.715457e+00 4.908651e+00 5.170518e+00 5.340489e+00 5.415156e+00 5.335508e+00 5.155581e+00 5.241044e+00 5.547128e+00
4.910530e-01 1.078775e+00 5.558559e-01 3.056247e-01 1.007456e-01 5.085741e-01 -9.999000e+03 -9.999000e+03 -9.999000e+03 -9.999000e+03 -9.999000e+03 -9.999000e+03 -9.999000e+03 -9.999000e+03 -9.999000e+03 7.667001e-01 1.043051e+00 8.869006e-01 7.688730e-01 6.080969e-01 7.038874e-01 -9.999000e+03 -9.999000e+03 4.361535e-01 7.285070e-01 9.432108e-01 1.209096e+00 1.506973e+00 1.670750e+00 2.222332e+00 2.216658e+00 2.404855e+00 2.544052e+00 2.887836e+00 3.193583e+00 3.436514e+00 3.550429e+00 3.521833e+00 3.826147e+00 4.301503e+00 4.593214e+00 4.531850e+00 4.537802e+00 4.709480e+00 4.819307e+00 5.135049e+00 5.419043e+00 5.446696e+00 5.388455e+00 5.217025e+00 5.472858e+00 5.943225e+00
3.025551e-01 2.713372e-01 2.314956e-01 2.293035e-01 5.308189e-01 -9.999000e+03 -9.999000e+03 -9.999000e+03 -9.999000e+03 -9.999000e+03 -9.999000e+03 -9.999000e+03 -9.999000e+03 -9.999000e+03 -9.999000e+03 -9.999000e+03 -9.999000e+03 -9.999000e+03 -9.999000e+03 -9.999000e+03 -9.999000e+03 -9.999000e+03 -9.999000e+03 3.774365e-01 6.486927e-01 7.721105e-01 1.126553e+00 1.503627e+00 1.635120e+00 1.235314e+00 1.636799e+00 1.725119e+00 1.985554e+00 2.408116e+00 2.722198e+00 2.907615e+00 3.028802e+00 3.300212e+00 3.492447e+00 4.062652e+00 4.101114e+00 4.116097e+00 4.560582e+00 4.377600e+00 4.479093e+00 4.907708e+00 4.944753e+00 5.078844e+00 5.053058e+00 5.064609e+00 5.274630e+00 6.116156e+00
-9.999000e+03 5.875812e-01 5.100653e-01 7.653861e-01 -9.999000e+03 -9.999000e+03 -9.999000e+03 -9.999000e+03 -9.999000e+03 -9.999000e+03 -9.999000e+03 -9.999000e+03 -9.999000e+03 -9.999000e+03 -9.999000e+03 -9.999000e+03 -9.999000e+03 -9.999000e+03 -9.999000e+03 -9.999000e+03 -9.999000e+03 -9.999000e+03 -9.999000e+03 -9.999000e+03 -9.999000e+03 -9.999000e+03 9.467091e-01 1.137748e+00 1.320709e+00 1.060121e+00 8.210754e-01 9.814245e-01 1.285191e+00 1.727491e+00 1.956569e+00 2.014661e+00 2.803935e+00 2.770657e+00 3.074468e+00 2.903810e+00 3.125950e+00 4.344849e+00 3.950748e+00 3.902806e+00 4.359197e+00 4.015719e+00 4.103435e+00 4.184973e+00 4.712562e+00 4.427159e+00 4.941892e+00 5.332210e+00
-9.999000e+03 -9.999000e+03 -9.999000e+03 -9.999000e+03 -9.999000e+03 -9.999000e+03 -9.999000e+03 -9.999000e+03 -9.999000e+03 -9.999000e+03 -9.999000e+03 -9.999000e+03 -9.999000e+03 -9.999000e+03 -9.999000e+03 -9.999000e+03 -9.999000e+03 -9.999000e+03 -9.999000e+03 -9.999000e+03 -9.999000e+03 -9.999000e+03 -9.999000e+03 -9.999000e+03 -9.999000e+03 -9.999000e+03 -9.999000e+03 -9.999000e+03 1.028948e+00 8.826903e-01 6.625557e-01 7.949764e-01 1.114331e+00 1.894271e+00 2.237191e+00 2.138902e+00 1.746091e+00 2.033162e+00 2.329040e+00 3.304009e+00 3.835003e+00 2.930145e+00 2.994379e+00 4.208982e+00 3.045950e+00 3.054777e+00 3.022407e+00 4.167989e+00 3.787222e+00 4.285231e+00 3.389699e+00 4.059115e+00
-9.999000e+03 -9.999000e+03 -9.999000e+03 -9.999000e+03 -9.999000e+03 -9.999000e+03 -9.999000e+03 -9.999000e+03 -9.999000e+03 -9.999000e+03 -9.999000e+03 -9.999000e+03 -9.999000e+03 -9.999000e+03 -9.999000e+03 -9.999000e+03 -9.999000e+03 -9.999000e+03 -9.999000e+03 -9.999000e+03 -9.999000e+03 -9.999000e+03 -9.999000e+03 -9.999000e+03 -9.999000e+03 -9.999000e+03 -9.999000e+03 -9.999000e+03 -9.999000e+03 7.386097e-01 9.178550e-01 1.109255e+00 1.506437e+00 1.734516e+00 1.834652e+00 1.589932e+00 1.604868e+00 1.923599e+00 2.693414e+00 3.182841e+00 3.450798e+00 3.559541e+00 3.780085e+00 2.941456e+00 3.799576e+00 4.098370e+00 4.047452e+00 2.702467e+00 3.839501e+00 3.048423e+00 4.249705e+00 5.276572e+00
-9.999000e+03 -9.999000e+03 -9.999000e+03 -9.999000e+03 -9.999000e+03 -9.999000e+03 -9.999000e+03 -9.999000e+03 -9.999000e+03 -9.999000e+03 -9.999000e+03 -9.999000e+03 -9.999000e+03 -9.999000e+03 -9.999000e+03 -9.999000e+03 -9.999000e+03 -9.999000e+03 -9.999000e+03 -9.999000e+03 -9.999000e+03 -9.999000e+03 -9.999000e+03 -9.999000e+03 -9.999000e+03 -9.999000e+03 -9.999000e+03 -9.999000e+03 -9.999000e+03 -9.999000e+03 1.221026e+00 -9.999000e+03 -9.999000e+03 -9.999000e+03 -9.999000e+03 -9.999000e+03 -9.999000e+03 -9.999000e+03 2.173459e+00 2.821093e+00 3.056826e+00 3.056805e+00 3.273615e+00 3.732448e+00 4.005291e+00 4.066158e+00 3.864947e+00 3.403015e+00 2.554599e+00 3.833105e+00 4.632942e+00 5.093936e+00
-9.999000e+03 -9.999000e+03 -9.999000e+03 -9.999000e+03 -9.999000e+03 -9.999000e+03 -9.999000e+03 -9.999000e+03 -9.999000e+03 -9.999000e+03 -9.999000e+03 -9.999000e+03 -9.999000e+03 -9.999000e+03 -9.999000e+03 -9.999000e+03 -9.999000e+03 -9.999000e+03 -9.999000e+03 -9.999000e+03 -9.999000e+03 -9.999000e+03 -9.999000e+03 -9.999000e+03 -9.999000e+03 -9.999000e+03 -9.999000e+03 -9.999000e+03 -9.999000e+03 -9.999000e+03 -9.999000e+03 -9.999000e+03 -9.999000e+03 -9.999000e+03 -9.999000e+03 -9.999000e+03 -9.999000e+03 -9.999000e+03 -9.999000e+03 -9.999000e+03 -9.999000e+03 2.198648e+00 2.320972e+00 2.675022e+00 3.556813e+00 3.819183e+00 3.671319e+00 3.202126e+00 3.388444e+00 4.287578e+00 4.745770e+00 4.682203e+00
-9.999000e+03 -9.999000e+03 -9.999000e+03 -9.999000e+03 -9.999000e+03 -9.999000e+03 -9.999000e+03 -9.999000e+03 -9.999000e+03 -9.999000e+03 -9.999000e+03 -9.999000e+03 -9.999000e+03 -9.999000e+03 -9.999000e+03 -9.999000e+03 -9.999000e+03 -9.999000e+03 -9.999000e+03 -9.999000e+03 -9.999000e+03 -9.999000e+03 -9.999000e+03 -9.999000e+03 -9.999000e+03 -9.999000e+03 -9.999000e+03 -9.999000e+03 -9.999000e+03 -9.999000e+03 -9.999000e+03 -9.999000e+03 -9.999000e+03 -9.999000e+03 -9.999000e+03 -9.999000e+03 -9.999000e+03 -9.999000e+03 -9.999000e+03 -9.999000e+03 -9.999000e+03 -9.999000e+03 -9.999000e+03 -9.999000e+03 2.938012e+00 2.841977e+00 3.322874e+00 3.203860e+00 2.567625e+00 3.949874e+00 4.452928e+00 4.066472e+00
-9.999000e+03 -9.999000e+03 -9.999000e+03 -9.999000e+03 -9.999000e+03 -9.999000e+03 -9.999000e+03 -9.999000e+03 -9.999000e+03 -9.999000e+03 -9.999000e+03 -9.999000e+03 -9.999000e+03 -9.999000e+03 -9.999000e+03 -9.999000e+03 -9.999000e+03 -9.999000e+03 -9.999000e+03 -9.999000e+03 -9.999000e+03 -9.999000e+03 -9.999000e+03 -9.999000e+03 -9.999000e+03 -9.999000e+03 -9.999000e+03 -9.999000e+03 -9.999000e+03 -9.999000e+03 -9.999000e+03 -9.999000e+03 -9.999000e+03 -9.999000e+03 -9.999000e+03 -9.999000e+03 -9.999000e+03 -9.999000e+03 -9.999000e+03 -9.999000e+03 -9.999000e+03 -9.999000e+03 -9.999000e+03 -9.999000e+03 -9.999000e+03 -9.999000e+03 -9.999000e+03 -9.999000e+03 -9.999000e+03 -9.999000e+03 3.188612e+00 3.247221e+00
-9.999000e+03 -9.999000e+03 -9.999000e+03 -9.999000e+03 -9.999000e+03 -9.999000e+03 -9.999000e+03 -9.999000e+03 -9.999000e+03 -9.999000e+03 -9.999000e+03 -9.999000e+03 -9.999000e+03 -9.999000e+03 -9.999000e+03 -9.999000e+03 -9.999000e+03 -9.999000e+03 -9.999000e+03 -9.999000e+03 -9.999000e+03 -9.999000e+03 -9.999000e+03 -9.999000e+03 -9.999000e+03 -9.999000e+03 -9.999000e+03 -9.999000e+03 -9.999000e+03 -9.999000e+03 -9.999000e+03 -9.999000e+03 -9.999000e+03 -9.999000e+03 -9.999000e+03 -9.999000e+03 -9.999000e+03 -9.999000e+03 -9.999000e+03 -9.999000e+03 -9.999000e+03 -9.999000e+03 -9.999000e+03 -9.999000e+03 -9.999000e+03 -9.999000e+03 -9.999000e+03 -9.999000e+03 -9.999000e+03 -9.999000e+03 -9.999000e+03 2.377957e+00
-9.999000e+03 -9.999000e+03 -9.999000e+03 -9.999000e+03 -9.999000e+03 -9.999000e+03 -9.999000e+03 -9.999000e+03 -9.999000e+03 -9.999000e+03 -9.999000e+03 -9.999000e+03 -9.999000e+03 -9.999000e+03 -9.999000e+03 -9.999000e+03 -9.999000e+03 -9.999000e+03 -9.999000e+03 -9.999000e+03 -9.999000e+03 -9.999000e+03 -9.999000e+03 -9.999000e+03 -9.999000e+03 -9.999000e+03 -9.999000e+03 -9.999000e+03 -9.999000e+03 -9.999000e+03 -9.999000e+03 -9.999000e+03 -9.999000e+03 -9.999000e+03 -9.999000e+03 -9.999000e+03 -9.999000e+03 -9.999000e+03 -9.999000e+03 -9.999000e+03 -9.999000e+03 -9.999000e+03 -9.999000e+03 -9.999000e+03 -9.999000e+03 -9.999000e+03 -9.999000e+03 -9.999000e+03 -9.999000e+03 -9.999000e+03 -9.999000e+03 -9.999000e+03
-9.999000e+03 -9.999000e+03 -9.999000e+03 -9.999000e+03 -9.999000e+03 -9.999000e+03 -9.999000e+03 -9.999000e+03 -9.999000e+03 -9.999000e+03 -9.999000e+03 -9.999000e+03 -9.999000e+03 -9.999000e+03 -9.999000e+03 -9.999000e+03 -9.999000e+03 -9.999000e+03 -9.999000e+03 -9.999000e+03 -9.999000e+03 -9.999000e+03 -9.999000e+03 -9.999000e+03 -9.999000e+03 -9.999000e+03 -9.999000e+03 -9.999000e+03 -9.999000e+03 -9.999000e+03 -9.999000e+03 -9.999000e+03 -9.999000e+03 -9.999000e+03 -9.999000e+03 -9.999000e+03 -9.999000e+03 -9.999000e+03 -9.999000e+03 -9.999000e+03 -9.999000e+03 -9.999000e+03 -9.999000e+03 -9.999000e+03 -9.999000e+03 -9.999000e+03 -9.999000e+03 -9.999000e+03 -9.999000e+03 -9.999000e+03 -9.999000e+03 -9.999000e+03
