tests/data/reference/test_implicit_stream_rill_mfda/mrsearstr_pa.asc
ncols	123
nrows	77
xllcorner	-713746.79929998
yllcorner	-1061022.36961616
cellsize	10.0
NODATA_value	-9999
[rows 23 to 45 of 77, columns 52 to 103 of 123]
6.512903e+00 7.740100e+00 7.767438e+00 7.575935e+00 7.464853e+00 7.429287e+00 7.305247e+00 7.057604e+00 6.898468e+00 6.887862e+00 6.806394e+00 6.668627e+00 6.526846e+00 6.245011e+00 5.691144e+00 5.013512e+00 8.425435e+00 4.044098e+00 4.210873e+00 4.441864e+00 4.633512e+00 4.797313e+00 4.770818e+00 4.635201e+00 3.163305e+00 3.680508e+00 8.468338e+00 4.481866e+00 5.519979e+00 3.567843e+00 4.156286e+00 3.949092e+00 2.758771e+00 2.128390e+00 -9.999000e+03 -9.999000e+03 -9.999000e+03 -9.999000e+03 -9.999000e+03 -9.999000e+03 -9.999000e+03 -9.999000e+03 -9.999000e+03 -9.999000e+03 -9.999000e+03 -9.999000e+03 -9.999000e+03 -9.999000e+03 -9.999000e+03 -9.999000e+03 -9.999000e+03 -9.999000e+03
6.806208e+00 7.573877e+00 7.834414e+00 7.619971e+00 7.474856e+00 7.384747e+00 7.226027e+00 6.987886e+00 6.868456e+00 6.871263e+00 6.816660e+00 6.739099e+00 6.544766e+00 6.120562e+00 5.566031e+00 4.990914e+00 9.351539e+00 4.226013e+00 4.494994e+00 4.864522e+00 5.188619e+00 5.425792e+00 5.454069e+00 5.333375e+00 4.570108e+00 4.398630e+00 2.815042e+00 7.461096e+00 3.687168e+00 4.982340e+00 4.916886e+00 4.171926e+00 3.777524e+00 3.171704e+00 1.947961e+00 -9.999000e+03 -9.999000e+03 -9.999000e+03 -9.999000e+03 -9.999000e+03 -9.999000e+03 -9.999000e+03 -9.999000e+03 -9.999000e+03 -9.999000e+03 -9.999000e+03 -9.999000e+03 -9.999000e+03 -9.999000e+03 -9.999000e+03 -9.999000e+03 -9.999000e+03
8.086548e+00 7.703640e+00 7.858905e+00 7.740755e+00 7.433465e+00 7.160311e+00 6.935145e+00 6.827956e+00 6.885822e+00 6.986807e+00 6.970012e+00 6.817910e+00 6.441363e+00 5.915212e+00 5.494887e+00 5.205282e+00 1.066000e+01 4.795079e+00 4.973001e+00 5.282357e+00 5.617291e+00 5.866802e+00 5.902313e+00 5.781430e+00 5.384682e+00 5.172738e+00 4.354824e+00 9.238514e+00 2.998396e+00 3.976340e+00 6.475787e+00 3.539188e+00 3.997207e+00 4.209140e+00 3.674059e+00 2.543831e+00 2.065430e+00 2.024305e+00 -9.999000e+03 -9.999000e+03 -9.999000e+03 -9.999000e+03 -9.999000e+03 -9.999000e+03 -9.999000e+03 -9.999000e+03 -9.999000e+03 -9.999000e+03 -9.999000e+03 -9.999000e+03 -9.999000e+03 -9.999000e+03
7.197902e+00 8.227472e+00 7.874082e+00 7.604929e+00 7.241726e+00 6.931507e+00 6.783607e+00 6.869597e+00 7.021331e+00 7.100263e+00 7.030463e+00 6.767975e+00 6.363040e+00 5.948790e+00 5.645375e+00 5.427036e+00 1.066000e+01 5.005886e+00 5.132331e+00 5.403207e+00 5.693958e+00 5.910048e+00 5.955313e+00 5.906847e+00 5.784658e+00 5.734207e+00 5.442890e+00 1.042423e+01 4.533905e+00 4.266242e+00 6.518809e+00 3.533219e+00 3.999493e+00 4.475110e+00 4.436386e+00 3.763964e+00 3.051516e+00 2.201854e+00 2.641139e+00 1.974287e+00 -9.999000e+03 -9.999000e+03 -9.999000e+03 -9.999000e+03 -9.999000e+03 -9.999000e+03 -9.999000e+03 -9.999000e+03 -9.999000e+03 -9.999000e+03 -9.999000e+03 -9.999000e+03
8.085671e+00 5.440259e+00 7.825242e+00 7.285478e+00 6.952073e+00 6.832142e+00 6.880940e+00 7.060675e+00 7.156077e+00 7.124386e+00 6.990086e+00 6.734297e+00 6.466596e+00 6.225468e+00 5.929001e+00 5.524550e+00 1.066000e+01 4.803715e+00 4.936646e+00 5.188333e+00 5.381531e+00 5.531354e+00 5.604882e+00 5.692639e+00 5.841188e+00 6.020639e+00 6.065255e+00 1.066000e+01 5.587422e+00 5.252630e+00 7.648069e+00 4.248065e+00 4.012854e+00 4.003651e+00 4.073421e+00 3.905155e+00 2.637427e+00 2.347155e+00 2.710711e+00 2.704655e+00 2.403021e+00 9.847115e-01 -9.999000e+03 -9.999000e+03 -9.999000e+03 -9.999000e+03 -9.999000e+03 -9.999000e+03 -9.999000e+03 -9.999000e+03 -9.999000e+03 -9.999000e+03
8.337191e+00 6.895267e+00 7.546925e+00 7.066413e+00 4.564167e+00 6.844913e+00 6.955493e+00 7.148312e+00 7.246326e+00 7.205366e+00 7.060122e+00 6.814579e+00 6.566708e+00 6.299560e+00 5.899439e+00 5.380505e+00 1.066000e+01 4.812563e+00 5.031953e+00 5.306592e+00 5.477005e+00 5.584121e+00 5.622230e+00 5.704965e+00 5.924774e+00 6.232572e+00 6.461965e+00 1.066000e+01 6.197452e+00 5.901533e+00 7.998502e+00 4.788780e+00 4.187020e+00 3.859351e+00 3.799065e+00 3.797624e+00 3.320596e+00 3.057082e+00 2.327702e+00 2.931057e+00 0.000000e+00 1.676930e+00 6.999767e-01 5.244600e-01 -9.999000e+03 -9.999000e+03 -9.999000e+03 -9.999000e+03 -9.999000e+03 -9.999000e+03 -9.999000e+03 -9.999000e+03
8.136854e+00 7.259659e+00 7.277869e+00 7.006267e+00 4.647668e+00 5.958885e+00 6.916079e+00 7.166042e+00 7.386692e+00 7.398063e+00 7.243244e+00 6.939341e+00 6.554456e+00 6.063978e+00 5.510641e+00 5.075268e+00 4.971443e+00 1.066000e+01 5.475402e+00 5.825815e+00 6.051800e+00 6.122110e+00 6.046490e+00 5.982336e+00 6.084396e+00 6.392122e+00 6.677340e+00 1.066000e+01 6.401639e+00 6.113207e+00 7.714177e+00 5.163419e+00 4.606460e+00 4.159710e+00 3.815401e+00 3.631554e+00 3.414125e+00 3.333441e+00 3.075062e+00 0.000000e+00 0.000000e+00 3.596882e+00 2.090667e+00 9.101518e-01 3.984651e-01 -9.999000e+03 -9.999000e+03 -9.999000e+03 -9.999000e+03 -9.999000e+03 -9.999000e+03 -9.999000e+03
7.481240e+00 6.968777e+00 6.920249e+00 6.898739e+00 6.025144e+00 4.677662e+00 6.632147e+00 7.271321e+00 7.434996e+00 7.316310e+00 7.052929e+00 6.655277e+00 6.188359e+00 5.663883e+00 5.262326e+00 5.151963e+00 5.337024e+00 5.710935e+00 1.066000e+01 6.406767e+00 6.545884e+00 6.494686e+00 6.316779e+00 6.189138e+00 6.252272e+00 6.550155e+00 6.775999e+00 1.049624e+01 6.531108e+00 6.356171e+00 7.534313e+00 5.647498e+00 5.138884e+00 4.660147e+00 3.009236e+00 2.755755e+00 3.664396e+00 3.686304e+00 0.000000e+00 0.000000e+00 2.187597e+00 3.137348e+00 1.983414e+00 1.451689e+00 1.016318e+00 3.612532e-01 -9.999000e+03 -9.999000e+03 -9.999000e+03 -9.999000e+03 -9.999000e+03 -9.999000e+03
6.418606e+00 6.272738e+00 6.473824e+00 6.717156e+00 6.571768e+00 6.139462e+00 4.884809e+00 7.254812e+00 7.220006e+00 6.833363e+00 6.407881e+00 5.926379e+00 5.516360e+00 5.270178e+00 5.329871e+00 5.648922e+00 6.058699e+00 6.508220e+00 1.066000e+01 6.984965e+00 6.893048e+00 6.656467e+00 6.407652e+00 6.313652e+00 6.431048e+00 6.689711e+00 6.752728e+00 9.868942e+00 6.608946e+00 6.633770e+00 7.396791e+00 6.242489e+00 5.769426e+00 3.796456e+00 3.411644e+00 3.097560e+00 4.244616e+00 0.000000e+00 0.000000e+00 2.881739e+00 2.866179e+00 3.060182e+00 1.751450e+00 1.418731e+00 1.427765e+00 1.248208e+00 1.057117e+00 -9.999000e+03 -9.999000e+03 -9.999000e+03 -9.999000e+03 -9.999000e+03
5.028898e+00 5.256251e+00 5.671162e+00 6.062480e+00 4.309669e+00 6.609747e+00 6.661534e+00 6.135204e+00 6.811585e+00 6.511996e+00 6.163057e+00 5.795616e+00 5.584834e+00 5.598940e+00 5.844762e+00 6.238548e+00 6.610178e+00 6.927529e+00 1.066000e+01 6.992414e+00 6.800519e+00 6.575207e+00 6.418832e+00 6.434862e+00 6.601276e+00 6.769130e+00 6.649065e+00 9.093369e+00 6.422519e+00 6.518122e+00 6.766390e+00 6.414624e+00 4.214665e+00 4.057416e+00 3.743785e+00 3.434478e+00 0.000000e+00 0.000000e+00 3.508132e+00 3.729195e+00 3.385403e+00 3.251021e+00 1.696240e+00 1.403918e+00 1.780846e+00 1.879895e+00 1.861400e+00 1.215775e+00 3.794659e-01 -9.999000e+03 -9.999000e+03 -9.999000e+03
3.498209e+00 4.048796e+00 4.518001e+00 4.944185e+00 5.405016e+00 5.105076e+00 6.212269e+00 6.351832e+00 6.220884e+00 6.566893e+00 6.528208e+00 6.458505e+00 6.482050e+00 6.554907e+00 6.651853e+00 6.785536e+00 6.858041e+00 6.837644e+00 6.637963e+00 1.066000e+01 6.270385e+00 6.259677e+00 6.361124e+00 6.559934e+00 6.756189e+00 6.784171e+00 6.467171e+00 8.177452e+00 5.976142e+00 5.996610e+00 6.117493e+00 4.182946e+00 4.097004e+00 4.056718e+00 0.000000e+00 0.000000e+00 0.000000e+00 3.639375e+00 4.520258e+00 4.255868e+00 3.880696e+00 2.659750e+00 2.366138e+00 2.405407e+00 2.222678e+00 1.960994e+00 1.773825e+00 1.403462e+00 1.227930e+00 5.757748e-01 -9.999000e+03 -9.999000e+03
1.079000e+01 1.079000e+01 4.024981e+00 4.500845e+00 4.827675e+00 5.408972e+00 5.630502e+00 6.271909e+00 6.570281e+00 6.741019e+00 7.017566e+00 7.161559e+00 7.304803e+00 7.359940e+00 7.320715e+00 7.206452e+00 6.972115e+00 6.646298e+00 6.224624e+00 1.079000e+01 5.656570e+00 5.714141e+00 5.974116e+00 6.298047e+00 6.489484e+00 6.388900e+00 5.965107e+00 7.100422e+00 5.527368e+00 5.558219e+00 5.758288e+00 4.118304e+00 4.107042e+00 0.000000e+00 0.000000e+00 4.611768e+00 3.933140e+00 4.788333e+00 5.026852e+00 4.694440e+00 3.164455e+00 2.987462e+00 2.769364e+00 3.118250e+00 2.696031e+00 2.325904e+00 1.657940e+00 1.682638e+00 1.700780e+00 2.529817e+00 1.146703e+00 5.939524e-01
6.448715e+00 6.117147e+00 1.079000e+01 4.401390e+00 4.864062e+00 5.650445e+00 6.302768e+00 6.654598e+00 7.160534e+00 7.474836e+00 7.692178e+00 7.968362e+00 8.133542e+00 8.163822e+00 8.050719e+00 7.720868e+00 7.197646e+00 6.625210e+00 6.038033e+00 5.492675e+00 1.079000e+01 5.134891e+00 5.445536e+00 5.814291e+00 5.757901e+00 5.553709e+00 5.137457e+00 5.879975e+00 5.060780e+00 5.223950e+00 5.539616e+00 4.150034e+00 0.000000e+00 0.000000e+00 4.515589e+00 5.494447e+00 4.992104e+00 5.323065e+00 5.363107e+00 3.637665e+00 3.429503e+00 3.193302e+00 2.956983e+00 2.664778e+00 3.180544e+00 2.972568e+00 2.250650e+00 2.689179e+00 2.582684e+00 2.900659e+00 1.679278e+00 2.499932e+00
3.655842e+00 4.805997e+00 5.140132e+00 1.079000e+01 1.079000e+01 1.079000e+01 1.079000e+01 6.442920e+00 6.564603e+00 6.725203e+00 6.864434e+00 7.025760e+00 7.078586e+00 6.982636e+00 9.257158e+00 6.428098e+00 6.001209e+00 5.618246e+00 5.231176e+00 4.865856e+00 3.309226e+00 1.079000e+01 7.119202e+00 5.424605e+00 5.335564e+00 5.000220e+00 4.502332e+00 4.941701e+00 4.808790e+00 5.122294e+00 5.504442e+00 0.000000e+00 0.000000e+00 4.146677e+00 5.577839e+00 5.741008e+00 5.432327e+00 5.546098e+00 5.534177e+00 3.798749e+00 3.626439e+00 3.368823e+00 3.126564e+00 2.859538e+00 3.514383e+00 3.306757e+00 3.036058e+00 3.186582e+00 3.088029e+00 3.162115e+00 2.605438e+00 2.999933e+00
5.786852e+00 6.312860e+00 6.223327e+00 5.395628e+00 5.252896e+00 5.889173e+00 6.102118e+00 1.079000e+01 1.079000e+01 1.079000e+01 1.079000e+01 1.079000e+01 1.079000e+01 1.079000e+01 1.079000e+01 1.079000e+01 1.079000e+01 4.109971e+00 4.320724e+00 4.484378e+00 4.756580e+00 4.642663e+00 1.079000e+01 5.322226e+00 4.833125e+00 4.380737e+00 4.264900e+00 4.318428e+00 4.822618e+00 5.283810e+00 0.000000e+00 0.000000e+00 4.389548e+00 4.241997e+00 6.018721e+00 5.912404e+00 5.649056e+00 5.613757e+00 5.568091e+00 3.852916e+00 3.736670e+00 3.500004e+00 3.276383e+00 3.024690e+00 2.741567e+00 2.483121e+00 3.085176e+00 3.126240e+00 3.204837e+00 3.388339e+00 3.311886e+00 3.399018e+00
5.859104e+00 6.644105e+00 6.600280e+00 1.079000e+01 1.079000e+01 1.079000e+01 1.079000e+01 1.079000e+01 1.079000e+01 1.079000e+01 1.079000e+01 1.079000e+01 1.079000e+01 1.079000e+01 1.079000e+01 1.079000e+01 1.079000e+01 1.079000e+01 1.079000e+01 3.701963e+00 4.091277e+00 4.727704e+00 1.079000e+01 4.709269e+00 4.269444e+00 3.978369e+00 4.013620e+00 4.473155e+00 4.939251e+00 0.000000e+00 0.000000e+00 4.373570e+00 4.449504e+00 4.302060e+00 6.206386e+00 6.059996e+00 5.829423e+00 5.768059e+00 3.983958e+00 3.987136e+00 3.893667e+00 3.655849e+00 3.416946e+00 3.182721e+00 2.924635e+00 2.636007e+00 2.398337e+00 3.106160e+00 3.189807e+00 3.392291e+00 3.504367e+00 3.507636e+00
6.295253e+00 1.066000e+01 1.066000e+01 6.347155e+00 6.649506e+00 7.335880e+00 7.718706e+00 7.769460e+00 7.722191e+00 7.581379e+00 7.373679e+00 7.305659e+00 6.956096e+00 6.507285e+00 6.015740e+00 5.556231e+00 7.185600e+00 8.101991e+00 6.964063e+00 1.079000e+01 1.079000e+01 1.079000e+01 1.079000e+01 1.079000e+01 3.666704e+00 3.780930e+00 3.998916e+00 4.646928e+00 0.000000e+00 0.000000e+00 4.196253e+00 5.689079e+00 4.483569e+00 4.327971e+00 6.299615e+00 6.201376e+00 6.031277e+00 6.019963e+00 4.183347e+00 4.199348e+00 4.116442e+00 3.868949e+00 3.567425e+00 3.307684e+00 3.130126e+00 2.922014e+00 2.637110e+00 3.238614e+00 3.144685e+00 3.158801e+00 3.184525e+00 3.229313e+00
1.066000e+01 5.959663e+00 6.374294e+00 6.694390e+00 7.242568e+00 7.985735e+00 8.466220e+00 8.672210e+00 8.791393e+00 8.790203e+00 8.655973e+00 8.421064e+00 8.114159e+00 7.741193e+00 7.312018e+00 7.093916e+00 6.663880e+00 8.665910e+00 7.714922e+00 8.079286e+00 8.925260e+00 1.079000e+01 8.446891e+00 1.079000e+01 1.079000e+01 3.063535e+00 3.736899e+00 3.386696e+00 0.000000e+00 4.450224e+00 5.217254e+00 6.216008e+00 4.572250e+00 5.705928e+00 6.429723e+00 6.309779e+00 6.186425e+00 6.236551e+00 4.344025e+00 4.357277e+00 4.262949e+00 4.035213e+00 3.715257e+00 3.392088e+00 3.238069e+00 3.131838e+00 2.894187e+00 2.624348e+00 3.333646e+00 3.218660e+00 3.141725e+00 3.155375e+00
5.327281e+00 5.761470e+00 6.104113e+00 6.294075e+00 6.649819e+00 7.281588e+00 7.798721e+00 8.140718e+00 8.477653e+00 8.710158e+00 8.741832e+00 8.672832e+00 8.616620e+00 8.554284e+00 8.403515e+00 8.191688e+00 1.066000e+01 7.652236e+00 7.229059e+00 6.251813e+00 5.760768e+00 0.000000e+00 0.000000e+00 0.000000e+00 1.079000e+01 1.079000e+01 3.324284e+00 0.000000e+00 0.000000e+00 4.639213e+00 5.342319e+00 6.243465e+00 4.690081e+00 6.566046e+00 6.634876e+00 6.384725e+00 6.284501e+00 4.382343e+00 4.475226e+00 4.499190e+00 4.361981e+00 4.121906e+00 3.821741e+00 3.462337e+00 3.276301e+00 3.237433e+00 3.123267e+00 2.931001e+00 3.761733e+00 3.592562e+00 3.444388e+00 3.340054e+00
5.190964e+00 5.566783e+00 5.787351e+00 5.845124e+00 6.026168e+00 6.482989e+00 6.907459e+00 7.224565e+00 7.647525e+00 8.099567e+00 8.344138e+00 8.431412e+00 8.557159e+00 8.723157e+00 8.797666e+00 1.066000e+01 8.811633e+00 8.795480e+00 8.464805e+00 7.765610e+00 7.401186e+00 7.280666e+00 6.760215e+00 0.000000e+00 0.000000e+00 0.000000e+00 1.079000e+01 0.000000e+00 2.762452e+00 3.798653e+00 4.650267e+00 5.851691e+00 5.632495e+00 6.594594e+00 6.627800e+00 6.479067e+00 6.444295e+00 4.474139e+00 4.559752e+00 4.637411e+00 4.522158e+00 4.241070e+00 3.916123e+00 3.534803e+00 3.313845e+00 3.267236e+00 3.211691e+00 3.875416e+00 4.071803e+00 3.885673e+00 3.701899e+00 3.600057e+00
4.926695e+00 5.128578e+00 5.270576e+00 5.299997e+00 5.385382e+00 5.657727e+00 5.900136e+00 6.056612e+00 6.422513e+00 7.016459e+00 7.481646e+00 7.752274e+00 8.020715e+00 8.325091e+00 1.066000e+01 8.718458e+00 8.970286e+00 9.265613e+00 9.331094e+00 9.129720e+00 8.824040e+00 8.688572e+00 7.981290e+00 6.897141e+00 6.126449e+00 0.000000e+00 0.000000e+00 0.000000e+00 6.362455e+00 2.855054e+00 5.011549e+00 4.777886e+00 5.083619e+00 5.778031e+00 6.270695e+00 6.551521e+00 6.682099e+00 4.605899e+00 4.632587e+00 4.725414e+00 4.676784e+00 4.407623e+00 4.037072e+00 3.606939e+00 3.347575e+00 3.254864e+00 3.191085e+00 4.210538e+00 4.225396e+00 4.071545e+00 3.879751e+00 3.897518e+00
4.603310e+00 4.696138e+00 4.835407e+00 4.940942e+00 5.012591e+00 5.151545e+00 5.257656e+00 5.261321e+00 5.477353e+00 5.979974e+00 6.472134e+00 6.860437e+00 7.183224e+00 1.066000e+01 7.820988e+00 8.043946e+00 8.402056e+00 8.894284e+00 9.215595e+00 9.255583e+00 9.278540e+00 9.216654e+00 8.754388e+00 7.619405e+00 7.071831e+00 9.404520e+00 0.000000e+00 0.000000e+00 0.000000e+00 0.000000e+00 5.020092e+00 3.705116e+00 4.754370e+00 5.421521e+00 6.065199e+00 6.485802e+00 6.744864e+00 4.715144e+00 4.771362e+00 4.826115e+00 4.799286e+00 4.597936e+00 4.251857e+00 3.808640e+00 3.517106e+00 3.369032e+00 3.262072e+00 4.387918e+00 4.336823e+00 4.287329e+00 4.215054e+00 4.347889e+00
4.133985e+00 4.201072e+00 4.419395e+00 4.695265e+00 4.826969e+00 4.886228e+00 4.891381e+00 4.842728e+00 4.858376e+00 5.080133e+00 5.480228e+00 5.855344e+00 1.064212e+01 6.450377e+00 6.679948e+00 6.829107e+00 7.251704e+00 7.949654e+00 8.237394e+00 8.388912e+00 8.646709e+00 8.989536e+00 8.681593e+00 7.802697e+00 7.248907e+00 0.000000e+00 0.000000e+00 5.373683e+00 5.619752e+00 0.000000e+00 0.000000e+00 0.000000e+00 4.758212e+00 5.998711e+00 6.186682e+00 6.325222e+00 6.605022e+00 4.758350e+00 4.917781e+00 4.945559e+00 4.910854e+00 4.774239e+00 4.512610e+00 4.129148e+00 3.830552e+00 3.622190e+00 3.441533e+00 4.565638e+00 4.417431e+00 4.497425e+00 4.715734e+00 4.981372e+00
