tests/data/reference/test_implicit_stream_rill_mfda/mrsearstr_pa.asc
ncols	123
nrows	77
xllcorner	-713746.79929998
yllcorner	-1061022.36961616
cellsize	10.0
NODATA_value	-9999
[rows 23 to 45 of 77, columns 0 to 51 of 123]
-9.999000e+03 -9.999000e+03 -9.999000e+03 -9.999000e+03 -9.999000e+03 -9.999000e+03 -9.999000e+03 -9.999000e+03 -9.999000e+03 -9.999000e+03 -9.999000e+03 -9.999000e+03 -9.999000e+03 -9.999000e+03 7.469005e-01 1.049026e+00 1.046311e+00 1.083286e+00 9.356943e-01 1.872626e-01 1.831165e+00 1.728029e+00 3.178593e+00 5.157042e+00 5.688658e+00 3.314663e+00 4.534369e+00 4.048415e+00 4.201101e+00 4.544101e+00 3.420381e+00 4.567285e+00 5.084551e+00 5.303463e+00 9.499878e+00 5.241962e+00 5.525178e+00 3.994423e+00 8.139119e+00 6.097509e+00 6.130734e+00 6.253652e+00 6.471372e+00 6.611769e+00 6.625981e+00 6.581226e+00 6.548526e+00 6.628470e+00 6.807263e+00 6.865436e+00 6.731373e+00 4.854385e+00
-9.999000e+03 -9.999000e+03 -9.999000e+03 -9.999000e+03 -9.999000e+03 -9.999000e+03 -9.999000e+03 -9.999000e+03 -9.999000e+03 -9.999000e+03 -9.999000e+03 -9.999000e+03 -9.999000e+03 -9.999000e+03 2.817930e-01 5.871498e-01 1.171555e+00 1.725411e+00 8.772449e-01 1.591726e+00 1.540997e+00 2.539529e+00 2.699266e+00 2.631600e+00 4.794618e+00 7.276056e+00 4.612652e+00 4.441890e+00 4.603525e+00 3.428940e+00 4.823957e+00 4.527152e+00 4.990130e+00 5.067105e+00 9.982897e+00 5.128889e+00 5.449356e+00 4.092687e+00 8.394364e+00 6.071396e+00 6.067931e+00 6.154702e+00 6.308047e+00 6.432016e+00 6.498473e+00 6.534839e+00 6.580854e+00 6.716838e+00 6.923507e+00 7.078759e+00 4.896456e+00 7.438560e+00
-9.999000e+03 -9.999000e+03 -9.999000e+03 -9.999000e+03 -9.999000e+03 -9.999000e+03 -9.999000e+03 -9.999000e+03 -9.999000e+03 -9.999000e+03 -9.999000e+03 -9.999000e+03 -9.999000e+03 -9.999000e+03 3.122735e-01 7.060649e-01 1.132307e+00 1.124538e+00 1.074586e+00 2.764716e+00 1.984208e+00 4.647547e+00 5.942181e+00 3.340134e+00 3.744821e+00 5.234755e+00 9.161712e+00 4.818966e+00 4.890777e+00 3.554046e+00 4.509024e+00 5.137674e+00 4.963659e+00 4.737668e+00 4.703391e+00 1.049649e+01 3.766801e+00 5.825198e+00 5.238276e+00 9.657071e+00 6.031266e+00 6.158870e+00 6.280055e+00 6.378674e+00 6.470860e+00 6.574394e+00 6.711058e+00 6.925582e+00 7.195871e+00 7.475021e+00 6.718720e+00 5.353039e+00
-9.999000e+03 -9.999000e+03 -9.999000e+03 -9.999000e+03 -9.999000e+03 -9.999000e+03 -9.999000e+03 -9.999000e+03 -9.999000e+03 -9.999000e+03 -9.999000e+03 -9.999000e+03 1.484388e+00 9.338668e-01 1.052257e+00 1.301145e+00 1.167637e+00 3.098166e-01 1.843522e+00 1.656179e+00 6.085691e+00 4.946855e+00 3.687836e+00 5.204729e+00 3.620063e+00 3.940674e+00 9.767906e+00 4.424767e+00 4.575669e+00 4.255452e+00 3.426240e+00 4.738736e+00 4.814590e+00 4.514522e+00 4.559800e+00 4.812183e+00 1.066000e+01 5.062961e+00 5.833445e+00 5.645911e+00 1.066000e+01 6.094151e+00 6.167967e+00 6.273302e+00 6.450523e+00 6.695193e+00 6.984299e+00 7.276737e+00 7.555990e+00 7.882356e+00 7.772994e+00 5.551023e+00
-9.999000e+03 -9.999000e+03 -9.999000e+03 -9.999000e+03 -9.999000e+03 -9.999000e+03 -9.999000e+03 -9.999000e+03 -9.999000e+03 -9.999000e+03 -9.999000e+03 -9.999000e+03 -9.999000e+03 1.403840e+00 1.128023e+00 1.171620e+00 4.887015e-01 1.324247e+00 1.336180e+00 5.001112e+00 2.675733e+00 2.659419e+00 4.651579e+00 5.435391e+00 6.815074e+00 7.169777e+00 7.416799e+00 7.678724e+00 3.660834e+00 4.118738e+00 4.318543e+00 4.094835e+00 4.335020e+00 4.120771e+00 4.265792e+00 4.954063e+00 5.557590e+00 1.079000e+01 5.568928e+00 5.934883e+00 1.066000e+01 5.938482e+00 5.959873e+00 6.114116e+00 6.445201e+00 6.917334e+00 7.418717e+00 7.769694e+00 7.984758e+00 8.275356e+00 8.395078e+00 7.408219e+00
-9.999000e+03 -9.999000e+03 -9.999000e+03 -9.999000e+03 -9.999000e+03 -9.999000e+03 -9.999000e+03 -9.999000e+03 -9.999000e+03 -9.999000e+03 -9.999000e+03 -9.999000e+03 -9.999000e+03 -9.999000e+03 -9.999000e+03 7.671046e-01 3.682990e-01 9.601516e-01 1.753608e+00 4.600230e+00 3.725378e+00 3.180767e+00 2.844034e+00 2.632765e+00 2.800289e+00 3.040164e+00 3.045283e+00 7.178187e+00 1.072313e+01 3.459623e+00 3.794261e+00 3.829640e+00 3.655932e+00 3.680544e+00 3.984199e+00 4.765477e+00 5.242850e+00 5.324817e+00 1.061757e+01 5.714221e+00 1.066000e+01 5.900482e+00 6.073437e+00 6.350918e+00 6.769098e+00 7.314851e+00 7.837023e+00 8.130749e+00 8.278060e+00 8.545103e+00 8.707368e+00 8.227774e+00
-9.999000e+03 -9.999000e+03 -9.999000e+03 -9.999000e+03 -9.999000e+03 -9.999000e+03 -9.999000e+03 -9.999000e+03 -9.999000e+03 -9.999000e+03 -9.999000e+03 -9.999000e+03 -9.999000e+03 -9.999000e+03 -9.999000e+03 -9.999000e+03 1.164355e+00 1.025104e+00 3.393200e+00 2.901020e+00 2.529501e+00 2.299417e+00 2.339363e+00 2.566981e+00 2.864526e+00 3.223180e+00 3.271075e+00 2.960308e+00 2.878463e+00 1.079000e+01 1.079000e+01 1.079000e+01 3.218414e+00 3.285890e+00 3.608417e+00 4.256434e+00 5.972018e+00 7.152730e+00 4.797767e+00 9.943361e+00 5.830889e+00 1.079000e+01 6.580358e+00 7.014612e+00 7.428081e+00 7.863453e+00 8.198649e+00 8.333268e+00 8.425284e+00 8.676350e+00 8.777456e+00 8.394712e+00
-9.999000e+03 -9.999000e+03 -9.999000e+03 -9.999000e+03 -9.999000e+03 -9.999000e+03 -9.999000e+03 -9.999000e+03 -9.999000e+03 -9.999000e+03 -9.999000e+03 -9.999000e+03 -9.999000e+03 -9.999000e+03 -9.999000e+03 -9.999000e+03 1.049026e+00 3.347383e+00 1.954135e+00 2.166681e+00 2.243231e+00 5.488401e+00 5.453754e+00 5.697897e+00 5.864377e+00 5.992144e+00 5.764655e+00 5.189927e+00 4.943267e+00 5.006598e+00 4.701987e+00 4.122858e+00 1.079000e+01 1.049986e+01 1.075704e+01 1.079000e+01 1.079000e+01 1.079000e+01 1.079000e+01 1.079000e+01 1.079000e+01 1.079000e+01 1.079000e+01 6.092297e+00 6.680390e+00 7.087400e+00 7.520156e+00 7.802290e+00 8.099700e+00 8.406967e+00 8.366668e+00 7.899708e+00
-9.999000e+03 -9.999000e+03 -9.999000e+03 -9.999000e+03 -9.999000e+03 -9.999000e+03 -9.999000e+03 -9.999000e+03 -9.999000e+03 -9.999000e+03 -9.999000e+03 -9.999000e+03 -9.999000e+03 -9.999000e+03 -9.999000e+03 1.051262e+00 3.952050e+00 1.923041e+00 4.123104e+00 5.202505e+00 5.681556e+00 2.450881e+00 3.334279e+00 4.296305e+00 4.130443e+00 5.720964e+00 6.379040e+00 6.830414e+00 6.706502e+00 6.845565e+00 6.565345e+00 5.867330e+00 5.048927e+00 4.110925e+00 3.768032e+00 3.951802e+00 9.997161e+00 1.079000e+01 1.079000e+01 1.079000e+01 1.079000e+01 1.079000e+01 1.079000e+01 1.079000e+01 1.079000e+01 5.280106e+00 8.430026e+00 6.610847e+00 7.340327e+00 7.706136e+00 7.433035e+00 6.828315e+00
-9.999000e+03 -9.999000e+03 -9.999000e+03 -9.999000e+03 -9.999000e+03 -9.999000e+03 -9.999000e+03 -9.999000e+03 -9.999000e+03 -9.999000e+03 -9.999000e+03 -9.999000e+03 -9.999000e+03 -9.999000e+03 9.035754e-01 1.573870e+00 4.683188e+00 4.335691e+00 1.981255e+00 2.115865e+00 2.446766e+00 2.668492e+00 2.879595e+00 3.106671e+00 4.167691e+00 3.235158e+00 3.435904e+00 3.604349e+00 3.813462e+00 4.173646e+00 4.076649e+00 7.394090e+00 7.223996e+00 6.840301e+00 6.969921e+00 8.954310e+00 3.493225e+00 4.255246e+00 5.024318e+00 5.792430e+00 6.237749e+00 6.219582e+00 7.871063e+00 8.534289e+00 8.834816e+00 1.079000e+01 1.079000e+01 1.079000e+01 5.569400e+00 8.297285e+00 5.508539e+00 5.146140e+00
-9.999000e+03 -9.999000e+03 -9.999000e+03 -9.999000e+03 -9.999000e+03 -9.999000e+03 -9.999000e+03 -9.999000e+03 -9.999000e+03 -9.999000e+03 -9.999000e+03 -9.999000e+03 -9.999000e+03 -9.999000e+03 1.009506e+00 7.050034e+00 2.282505e+00 2.312271e+00 2.290787e+00 2.270115e+00 2.330159e+00 2.523335e+00 2.905337e+00 3.043389e+00 3.188323e+00 3.151354e+00 3.351563e+00 3.843920e+00 5.313660e+00 6.394752e+00 6.996737e+00 3.810673e+00 3.594580e+00 3.533244e+00 5.485260e+00 3.547498e+00 4.021903e+00 4.483524e+00 4.918538e+00 5.477797e+00 6.006833e+00 6.627375e+00 6.907209e+00 6.962287e+00 6.849274e+00 8.823445e+00 9.860259e+00 1.036134e+01 1.079000e+01 1.079000e+01 1.079000e+01 3.444517e+00
-9.999000e+03 -9.999000e+03 -9.999000e+03 -9.999000e+03 -9.999000e+03 -9.999000e+03 -9.999000e+03 -9.999000e+03 -9.999000e+03 -9.999000e+03 -9.999000e+03 -9.999000e+03 -9.999000e+03 1.393959e+00 8.340660e+00 2.193611e+00 2.361847e+00 2.514408e+00 2.523509e+00 2.466776e+00 2.441250e+00 2.520179e+00 2.683321e+00 2.912481e+00 3.106052e+00 3.186806e+00 3.436085e+00 3.961920e+00 4.295366e+00 4.400795e+00 4.321744e+00 4.129398e+00 4.118981e+00 6.561914e+00 3.103402e+00 4.086881e+00 4.661739e+00 4.829248e+00 5.107644e+00 5.512808e+00 6.009638e+00 6.489248e+00 6.947896e+00 7.484614e+00 7.682424e+00 7.629531e+00 7.545754e+00 7.352985e+00 6.662066e+00 7.271803e+00 6.766231e+00 1.079000e+01
-9.999000e+03 -9.999000e+03 -9.999000e+03 -9.999000e+03 -9.999000e+03 -9.999000e+03 -9.999000e+03 -9.999000e+03 -9.999000e+03 -9.999000e+03 -9.999000e+03 -9.999000e+03 8.730792e-01 1.802595e+00 2.198026e+00 2.257676e+00 2.579517e+00 2.533066e+00 2.603237e+00 2.604286e+00 2.571999e+00 2.537830e+00 2.582607e+00 2.706469e+00 2.892078e+00 3.089902e+00 3.422509e+00 3.949363e+00 4.270980e+00 4.387651e+00 4.455266e+00 4.484247e+00 6.420280e+00 4.468067e+00 3.206482e+00 4.533151e+00 4.679743e+00 4.865734e+00 5.209144e+00 5.676021e+00 6.092090e+00 6.457343e+00 6.660371e+00 6.807267e+00 6.771011e+00 7.116253e+00 7.266776e+00 7.414931e+00 7.157396e+00 6.323766e+00 5.676715e+00 6.241840e+00
-9.999000e+03 -9.999000e+03 -9.999000e+03 -9.999000e+03 -9.999000e+03 -9.999000e+03 -9.999000e+03 -9.999000e+03 -9.999000e+03 -9.999000e+03 -9.999000e+03 -9.999000e+03 1.315336e+00 2.003032e+00 2.207034e+00 2.834346e+00 2.388899e+00 2.571621e+00 2.681103e+00 2.726104e+00 2.698439e+00 2.603478e+00 2.581740e+00 2.631930e+00 2.774479e+00 2.983211e+00 3.284144e+00 3.726006e+00 3.951427e+00 4.058983e+00 4.195377e+00 6.144876e+00 3.306290e+00 4.101425e+00 4.287019e+00 4.247000e+00 4.261938e+00 4.407908e+00 4.824647e+00 5.076336e+00 5.528748e+00 5.969110e+00 6.158534e+00 5.688775e+00 5.781214e+00 5.999917e+00 6.221288e+00 6.608392e+00 6.489770e+00 6.863431e+00 6.021022e+00 5.423041e+00
-9.999000e+03 -9.999000e+03 -9.999000e+03 -9.999000e+03 -9.999000e+03 -9.999000e+03 -9.999000e+03 -9.999000e+03 -9.999000e+03 -9.999000e+03 -9.999000e+03 6.975009e-01 3.349869e+00 1.709651e+00 2.841383e+00 2.184244e+00 2.401751e+00 2.598951e+00 2.729721e+00 2.792508e+00 2.780792e+00 2.694002e+00 2.673318e+00 2.699478e+00 2.786404e+00 2.943447e+00 3.118531e+00 3.298997e+00 3.457748e+00 3.432641e+00 3.540580e+00 4.552602e+00 2.858786e+00 3.933583e+00 3.821372e+00 3.478891e+00 3.480739e+00 3.847134e+00 3.658892e+00 3.867649e+00 4.307844e+00 4.989126e+00 4.207467e+00 4.152914e+00 4.216809e+00 4.392379e+00 4.534599e+00 4.650069e+00 6.702358e+00 5.633910e+00 5.419182e+00 5.310442e+00
-9.999000e+03 -9.999000e+03 -9.999000e+03 -9.999000e+03 -9.999000e+03 -9.999000e+03 -9.999000e+03 -9.999000e+03 -9.999000e+03 -9.999000e+03 6.348463e-01 9.771738e-01 1.356352e+00 2.377390e+00 1.414178e+00 1.943449e+00 2.255908e+00 2.509641e+00 2.682790e+00 2.739333e+00 2.751884e+00 2.679100e+00 2.664073e+00 2.686841e+00 2.757355e+00 2.906568e+00 2.792645e+00 3.069006e+00 3.020621e+00 2.867413e+00 2.916856e+00 2.960686e+00 3.065869e+00 3.253069e+00 2.701988e+00 2.453837e+00 3.143854e+00 2.319356e+00 2.347628e+00 2.428692e+00 2.845295e+00 3.624013e+00 5.060071e+00 5.468974e+00 5.725937e+00 6.024960e+00 6.232416e+00 6.357008e+00 4.241122e+00 3.955200e+00 3.947657e+00 4.363447e+00
-9.999000e+03 -9.999000e+03 -9.999000e+03 -9.999000e+03 -9.999000e+03 -9.999000e+03 -9.999000e+03 -9.999000e+03 -9.999000e+03 -9.999000e+03 5.414540e-01 1.058699e+00 2.164135e+00 1.296167e+00 1.114589e+00 1.583715e+00 1.932191e+00 2.281161e+00 2.481877e+00 2.610940e+00 2.643702e+00 2.603694e+00 2.588329e+00 2.623458e+00 2.640945e+00 2.142810e+00 2.832550e+00 2.838440e+00 2.630622e+00 2.397735e+00 2.342258e+00 2.319633e+00 1.967107e+00 2.447021e+00 3.193983e+00 3.022342e+00 2.068484e+00 2.428076e+00 2.633948e+00 2.938620e+00 2.758594e+00 3.551553e+00 4.909413e+00 5.211421e+00 5.349015e+00 5.538076e+00 5.763228e+00 5.993524e+00 5.948972e+00 5.596952e+00 5.561868e+00 5.961833e+00
-9.999000e+03 -9.999000e+03 -9.999000e+03 -9.999000e+03 -9.999000e+03 -9.999000e+03 -9.999000e+03 -9.999000e+03 -9.999000e+03 5.512678e-01 2.277618e+00 1.717757e+00 1.139416e+00 1.025793e+00 1.178400e+00 1.391954e+00 1.685590e+00 1.916658e+00 2.297762e+00 2.409936e+00 2.503446e+00 2.523562e+00 2.558697e+00 2.469152e+00 2.046986e+00 2.523382e+00 2.684131e+00 2.404777e+00 2.214177e+00 1.909058e+00 1.834218e+00 1.685722e+00 2.393588e+00 3.132584e+00 3.439399e+00 3.260692e+00 3.072387e+00 2.926864e+00 2.315617e+00 2.710000e+00 4.262099e+00 4.598420e+00 5.185056e+00 5.069716e+00 4.951768e+00 4.969936e+00 5.197136e+00 5.614167e+00 5.809842e+00 5.736750e+00 5.628656e+00 5.568819e+00
-9.999000e+03 -9.999000e+03 -9.999000e+03 -9.999000e+03 -9.999000e+03 -9.999000e+03 -9.999000e+03 -9.999000e+03 -9.999000e+03 6.786984e-01 2.149051e+00 1.144755e+00 1.075326e+00 9.652058e-01 1.264795e+00 1.371497e+00 1.226873e+00 1.832866e+00 1.994934e+00 2.224594e+00 2.374204e+00 2.454044e+00 1.957143e+00 2.080452e+00 2.550985e+00 2.549967e+00 1.890347e+00 1.837424e+00 1.666734e+00 1.374143e+00 1.391020e+00 2.136655e+00 2.768997e+00 3.336227e+00 3.619463e+00 3.612834e+00 3.521560e+00 2.460389e+00 3.534277e+00 3.813188e+00 4.285588e+00 4.997386e+00 5.039429e+00 4.726282e+00 4.576792e+00 4.668748e+00 4.889424e+00 5.211076e+00 5.417403e+00 5.519042e+00 1.066000e+01 1.066000e+01
-9.999000e+03 -9.999000e+03 -9.999000e+03 -9.999000e+03 -9.999000e+03 -9.999000e+03 -9.999000e+03 -9.999000e+03 1.171970e+00 3.108006e+00 2.002640e+00 1.318875e+00 9.161307e-01 1.145926e+00 1.353761e+00 1.407962e+00 1.784579e+00 1.516367e+00 1.756624e+00 2.091320e+00 2.317913e+00 2.293465e+00 2.570282e+00 2.821739e+00 2.828138e+00 4.715897e+00 4.753327e+00 4.471352e+00 3.937626e+00 3.201134e+00 3.117220e+00 3.561019e+00 3.776972e+00 3.786521e+00 3.814552e+00 3.854046e+00 3.769988e+00 4.632211e+00 4.990219e+00 6.534953e+00 7.218051e+00 7.472229e+00 6.789143e+00 6.038643e+00 5.651346e+00 5.552959e+00 5.250052e+00 4.761893e+00 4.711308e+00 1.066000e+01 4.845221e+00 4.909335e+00
-9.999000e+03 -9.999000e+03 -9.999000e+03 -9.999000e+03 -9.999000e+03 -9.999000e+03 -9.999000e+03 6.229534e-01 1.074083e+00 1.976575e+00 1.468491e+00 1.417544e+00 9.730874e-01 1.275186e+00 1.405136e+00 1.441187e+00 1.449487e+00 1.432729e+00 1.629380e+00 2.030225e+00 1.792517e+00 1.882527e+00 2.428146e+00 4.464684e+00 4.880331e+00 2.746528e+00 2.584144e+00 2.590281e+00 2.442130e+00 2.144258e+00 2.262540e+00 2.821348e+00 3.307627e+00 3.669789e+00 3.847960e+00 3.839153e+00 3.737659e+00 3.560576e+00 3.694254e+00 4.145381e+00 4.337573e+00 4.234086e+00 4.150997e+00 4.106597e+00 4.208403e+00 4.460686e+00 4.452211e+00 4.183423e+00 1.066000e+01 4.215018e+00 4.511926e+00 4.749580e+00
-9.999000e+03 -9.999000e+03 -9.999000e+03 -9.999000e+03 -9.999000e+03 -9.999000e+03 -9.999000e+03 5.144255e-01 1.009910e+00 1.939990e+00 1.187419e+00 1.392786e+00 1.362387e+00 1.389017e+00 1.440546e+00 1.459322e+00 1.494362e+00 1.509713e+00 1.698868e+00 2.127166e+00 2.986413e+00 3.592528e+00 4.102504e+00 2.657711e+00 2.771557e+00 2.651079e+00 2.143883e+00 2.602698e+00 2.637747e+00 2.438039e+00 2.549529e+00 3.019733e+00 3.373543e+00 3.573002e+00 3.649890e+00 3.617951e+00 8.921608e+00 9.004426e+00 9.416566e+00 1.021329e+01 1.060329e+01 1.056164e+01 1.066000e+01 1.066000e+01 1.066000e+01 1.051777e+01 1.066000e+01 1.066000e+01 3.849770e+00 3.887524e+00 4.170356e+00 4.473180e+00
-9.999000e+03 -9.999000e+03 -9.999000e+03 -9.999000e+03 -9.999000e+03 -9.999000e+03 -9.999000e+03 7.388198e-01 1.547857e+00 1.201101e+00 1.010543e+00 1.338693e+00 1.494114e+00 1.509307e+00 1.507285e+00 1.519361e+00 1.612656e+00 1.705495e+00 1.901516e+00 2.311400e+00 2.610224e+00 2.724024e+00 2.675930e+00 2.573397e+00 2.024696e+00 2.200435e+00 2.768023e+00 2.859453e+00 2.823642e+00 2.723371e+00 2.786488e+00 3.049425e+00 3.231693e+00 8.117510e+00 8.520685e+00 8.957582e+00 3.910905e+00 4.204359e+00 4.480691e+00 4.773304e+00 4.911049e+00 4.868055e+00 4.891783e+00 6.656268e+00 7.885442e+00 8.585009e+00 4.579286e+00 4.332709e+00 4.032785e+00 3.741459e+00 3.742377e+00 3.991788e+00
