tests/data/reference/test_implicit_stream_rill_mfda/mrsearstr_pa.asc
ncols	123
nrows	77
xllcorner	-713746.79929998
yllcorner	-1061022.36961616
cellsize	10.0
NODATA_value	-9999
[rows 46 to 68 of 77, columns 0 to 51 of 123]
-9.999000e+03 -9.999000e+03 -9.999000e+03 -9.999000e+03 -9.999000e+03 -9.999000e+03 5.798702e-01 1.388991e+00 1.181077e+00 1.269545e+00 1.037247e+00 1.416147e+00 1.641577e+00 1.664702e+00 1.656745e+00 1.626839e+00 1.654795e+00 1.709858e+00 1.879133e+00 2.266079e+00 2.591278e+00 2.590083e+00 2.611522e+00 2.504553e+00 2.712053e+00 3.042483e+00 3.127131e+00 2.943435e+00 2.885678e+00 2.949155e+00 2.969179e+00 7.104112e+00 7.447593e+00 3.250881e+00 3.529662e+00 3.860599e+00 4.255549e+00 4.656547e+00 4.981237e+00 5.269434e+00 5.433044e+00 5.452919e+00 5.466396e+00 5.543320e+00 5.473187e+00 5.218950e+00 5.008853e+00 4.800214e+00 4.452087e+00 3.981227e+00 3.728313e+00 3.792828e+00
-9.999000e+03 -9.999000e+03 -9.999000e+03 -9.999000e+03 -9.999000e+03 -9.999000e+03 1.646073e+00 1.139365e+00 1.311251e+00 1.456060e+00 1.252875e+00 1.671670e+00 1.829041e+00 1.899854e+00 1.917146e+00 1.803366e+00 1.652123e+00 1.565796e+00 1.692005e+00 2.064050e+00 1.865616e+00 2.023133e+00 2.105572e+00 2.098577e+00 2.663362e+00 3.064542e+00 3.165233e+00 6.112877e+00 6.380936e+00 6.970998e+00 7.270291e+00 3.148094e+00 3.262117e+00 3.494964e+00 3.765876e+00 4.033318e+00 4.341208e+00 4.690991e+00 4.982913e+00 5.270935e+00 5.532636e+00 5.724735e+00 5.855978e+00 5.942471e+00 5.878779e+00 5.620318e+00 5.351331e+00 5.133271e+00 4.874749e+00 4.465264e+00 4.078163e+00 3.896539e+00
-9.999000e+03 -9.999000e+03 -9.999000e+03 -9.999000e+03 -9.999000e+03 4.553093e-01 9.776411e-01 1.498658e+00 1.135983e+00 1.183568e+00 1.457121e+00 1.619292e+00 1.802321e+00 1.947464e+00 1.953844e+00 1.904085e+00 1.748813e+00 1.604845e+00 1.698913e+00 2.039682e+00 2.894611e+00 3.642177e+00 4.338127e+00 5.052614e+00 5.463066e+00 5.962502e+00 6.340986e+00 3.150714e+00 3.148916e+00 3.299352e+00 3.347831e+00 3.311183e+00 3.426849e+00 3.624414e+00 3.820474e+00 4.004444e+00 4.250686e+00 4.608146e+00 4.913784e+00 5.170822e+00 5.438665e+00 5.696655e+00 5.912395e+00 6.068772e+00 6.093875e+00 5.938079e+00 5.670507e+00 5.375271e+00 5.148064e+00 4.879464e+00 4.505314e+00 4.166513e+00
-9.999000e+03 -9.999000e+03 -9.999000e+03 -9.999000e+03 8.642678e-01 1.239774e+00 1.333044e+00 1.641481e+00 9.971896e-01 9.067335e-01 1.164331e+00 1.332364e+00 1.641923e+00 1.687898e+00 1.830913e+00 1.892604e+00 1.839438e+00 1.699823e+00 1.795083e+00 2.126752e+00 2.431526e+00 2.688754e+00 2.997861e+00 3.259986e+00 3.399282e+00 3.415590e+00 3.442591e+00 3.430374e+00 3.402080e+00 3.439319e+00 3.461394e+00 3.411713e+00 3.415640e+00 3.484403e+00 3.593261e+00 3.727535e+00 3.956981e+00 4.356590e+00 4.732064e+00 5.011572e+00 5.236451e+00 5.445502e+00 5.676019e+00 5.897825e+00 6.044368e+00 6.064764e+00 5.896849e+00 5.565505e+00 5.325272e+00 5.196983e+00 4.893288e+00 4.485499e+00
-9.999000e+03 -9.999000e+03 -9.999000e+03 -9.999000e+03 5.732157e-01 1.197555e+00 1.307110e+00 1.251289e+00 9.413032e-01 7.561538e-01 9.919523e-01 1.382272e+00 1.114080e+00 1.551268e+00 1.763706e+00 1.896221e+00 1.882205e+00 1.730607e+00 1.822353e+00 2.166121e+00 2.535537e+00 2.930163e+00 3.186228e+00 3.602288e+00 3.778851e+00 3.768172e+00 3.817752e+00 3.882638e+00 3.841297e+00 3.778693e+00 3.783949e+00 3.759963e+00 3.707763e+00 3.666839e+00 3.667334e+00 3.716791e+00 3.854267e+00 4.156919e+00 4.527185e+00 4.862930e+00 5.054367e+00 5.153149e+00 5.328969e+00 5.559776e+00 5.780283e+00 5.943869e+00 5.909760e+00 5.651985e+00 5.461782e+00 5.377850e+00 5.171534e+00 4.735915e+00
-9.999000e+03 -9.999000e+03 -9.999000e+03 4.845171e-01 8.998136e-01 1.067796e+00 8.468621e-01 8.374393e-01 6.637674e-01 8.010652e-01 1.031633e+00 9.771188e-01 9.666895e-01 1.412808e+00 1.701167e+00 1.867055e+00 1.879327e+00 1.749084e+00 1.817074e+00 2.155163e+00 2.878018e+00 2.968585e+00 3.498075e+00 3.925195e+00 4.165356e+00 4.217694e+00 4.310989e+00 4.433061e+00 4.416043e+00 4.307362e+00 4.272630e+00 4.257693e+00 4.211830e+00 4.123447e+00 4.020732e+00 3.960673e+00 3.953198e+00 4.062044e+00 4.357955e+00 4.743897e+00 4.905174e+00 4.867333e+00 4.936803e+00 5.113880e+00 5.349530e+00 5.609511e+00 5.727000e+00 5.641579e+00 5.323246e+00 5.337886e+00 5.189393e+00 4.815488e+00
-9.999000e+03 -9.999000e+03 -9.999000e+03 3.962235e-01 7.621825e-01 7.659271e-01 5.921765e-01 4.514561e-01 5.323415e-01 5.770747e-01 7.430763e-01 7.827428e-01 7.806625e-01 1.232954e+00 1.572986e+00 1.744004e+00 1.796526e+00 1.721116e+00 1.707450e+00 2.472759e+00 1.903946e+00 2.768559e+00 3.309451e+00 3.762039e+00 4.112262e+00 4.290992e+00 4.429763e+00 4.573902e+00 4.577319e+00 4.443035e+00 4.355328e+00 4.325202e+00 4.327248e+00 4.315572e+00 4.265403e+00 4.228642e+00 4.167869e+00 4.112036e+00 4.301896e+00 4.711629e+00 4.883448e+00 4.779238e+00 4.746201e+00 4.808431e+00 4.968466e+00 5.216985e+00 5.421660e+00 4.922385e+00 4.914196e+00 4.868076e+00 4.744146e+00 8.767048e+00
-9.999000e+03 -9.999000e+03 2.599824e-01 3.487996e-01 6.403728e-01 6.197608e-01 3.287904e-01 2.588969e-01 3.142052e-01 2.294681e-01 3.990184e-01 5.116292e-01 5.415671e-01 1.008203e+00 1.365784e+00 1.530898e+00 1.652424e+00 1.654506e+00 1.776393e+00 1.449589e+00 1.386773e+00 2.068765e+00 2.600800e+00 3.095325e+00 3.604273e+00 3.952842e+00 4.153026e+00 4.309228e+00 4.328869e+00 4.182272e+00 4.038491e+00 3.980161e+00 4.061581e+00 4.220398e+00 4.335893e+00 4.433290e+00 4.429956e+00 4.305060e+00 4.362063e+00 4.706496e+00 4.923223e+00 4.875560e+00 4.780340e+00 4.700863e+00 4.735962e+00 4.909729e+00 3.598168e+00 3.748961e+00 3.772176e+00 3.679013e+00 9.372787e+00 5.007676e+00
-9.999000e+03 -9.999000e+03 3.359292e-01 5.370287e-01 5.768514e-01 3.435147e-01 1.996067e-01 3.342789e-01 3.100411e-01 5.956534e-02 2.552391e-01 3.429953e-01 3.714234e-01 7.944561e-01 1.069380e+00 1.169343e+00 1.301721e+00 1.395052e+00 1.213284e+00 1.038921e+00 8.698668e-01 1.347749e+00 1.811216e+00 2.269747e+00 2.780879e+00 3.265882e+00 3.613292e+00 3.843226e+00 3.937582e+00 3.861522e+00 3.720225e+00 3.613946e+00 3.719598e+00 3.948596e+00 4.155544e+00 4.328352e+00 4.394982e+00 4.326237e+00 4.366395e+00 4.610521e+00 4.816662e+00 4.870760e+00 4.824921e+00 4.733991e+00 4.759327e+00 4.938253e+00 5.116185e+00 5.306349e+00 9.191634e+00 9.766934e+00 5.044071e+00 5.028481e+00
-9.999000e+03 1.845434e-01 7.955727e-01 6.960726e-01 4.962816e-01 1.189422e-01 3.827558e-01 3.788423e-01 -9.999000e+03 -9.999000e+03 -9.999000e+03 2.461618e-01 3.067246e-01 5.743989e-01 7.228057e-01 7.318324e-01 8.089865e-01 9.535542e-01 8.037197e-01 3.950334e-01 3.237506e-01 6.319979e-01 1.060828e+00 1.366436e+00 1.761589e+00 2.324905e+00 2.805085e+00 3.169742e+00 3.383379e+00 3.430652e+00 3.351582e+00 3.270737e+00 3.314995e+00 3.567595e+00 3.795690e+00 3.996450e+00 4.100943e+00 4.111320e+00 4.249296e+00 4.494867e+00 4.666742e+00 4.755739e+00 4.791986e+00 4.763444e+00 4.856751e+00 5.100889e+00 6.853176e+00 8.203576e+00 5.328070e+00 5.114211e+00 5.098138e+00 5.217566e+00
-9.999000e+03 4.557083e-01 4.688585e-01 4.894353e-01 2.962141e-01 3.167728e-01 -9.999000e+03 -9.999000e+03 -9.999000e+03 -9.999000e+03 -9.999000e+03 -9.999000e+03 3.629993e-01 5.134414e-01 6.799063e-01 7.562272e-01 7.314351e-01 9.846872e-01 8.627033e-01 3.878609e-01 2.343361e-01 2.518317e-01 4.391189e-01 7.248870e-01 1.127533e+00 1.553070e+00 1.988918e+00 2.387208e+00 2.642776e+00 2.762427e+00 2.950753e+00 2.832789e+00 2.949793e+00 3.224902e+00 3.493684e+00 3.728199e+00 3.842462e+00 3.837969e+00 4.035816e+00 4.426507e+00 4.631760e+00 4.703351e+00 4.715795e+00 4.726096e+00 4.911503e+00 5.177412e+00 5.348355e+00 5.419561e+00 5.343024e+00 5.162049e+00 5.247535e+00 5.551184e+00
4.935171e-01 1.092807e+00 5.574974e-01 3.070765e-01 1.010629e-01 5.114463e-01 -9.999000e+03 -9.999000e+03 -9.999000e+03 -9.999000e+03 -9.999000e+03 -9.999000e+03 -9.999000e+03 -9.999000e+03 -9.999000e+03 7.716264e-01 1.044294e+00 8.928500e-01 7.738174e-01 6.117342e-01 7.029911e-01 -9.999000e+03 -9.999000e+03 4.384946e-01 7.331160e-01 9.496511e-01 1.217936e+00 1.518627e+00 1.683993e+00 2.225378e+00 2.228841e+00 2.409384e+00 2.552883e+00 2.898461e+00 3.205725e+00 3.449699e+00 3.564198e+00 3.535469e+00 3.831321e+00 4.312416e+00 4.605358e+00 4.552766e+00 4.558601e+00 4.713277e+00 4.830636e+00 5.148050e+00 5.424230e+00 5.461800e+00 5.403360e+00 5.230957e+00 5.477584e+00 5.954207e+00
3.047563e-01 2.725729e-01 2.324915e-01 2.302865e-01 5.338587e-01 -9.999000e+03 -9.999000e+03 -9.999000e+03 -9.999000e+03 -9.999000e+03 -9.999000e+03 -9.999000e+03 -9.999000e+03 -9.999000e+03 -9.999000e+03 -9.999000e+03 -9.999000e+03 -9.999000e+03 -9.999000e+03 -9.999000e+03 -9.999000e+03 -9.999000e+03 -9.999000e+03 3.793656e-01 6.526525e-01 7.770821e-01 1.130921e+00 1.507010e+00 1.637178e+00 1.244397e+00 1.638680e+00 1.733554e+00 1.995901e+00 2.421847e+00 2.738823e+00 2.926042e+00 3.048350e+00 3.304535e+00 3.506007e+00 4.079858e+00 4.131784e+00 4.147276e+00 4.566630e+00 4.397179e+00 4.499253e+00 4.911665e+00 4.968344e+00 5.103547e+00 5.077749e+00 5.068672e+00 5.288784e+00 6.124820e+00
-9.999000e+03 5.910577e-01 5.129487e-01 7.703013e-01 -9.999000e+03 -9.999000e+03 -9.999000e+03 -9.999000e+03 -9.999000e+03 -9.999000e+03 -9.999000e+03 -9.999000e+03 -9.999000e+03 -9.999000e+03 -9.999000e+03 -9.999000e+03 -9.999000e+03 -9.999000e+03 -9.999000e+03 -9.999000e+03 -9.999000e+03 -9.999000e+03 -9.999000e+03 -9.999000e+03 -9.999000e+03 -9.999000e+03 9.531801e-01 1.145932e+00 1.326275e+00 1.061170e+00 8.264601e-01 9.882018e-01 1.294739e+00 1.741290e+00 1.972637e+00 2.031311e+00 2.806941e+00 2.787709e+00 3.094437e+00 2.929527e+00 3.153961e+00 4.354752e+00 3.980013e+00 3.931710e+00 4.362344e+00 4.045793e+00 4.134374e+00 4.216651e+00 4.715594e+00 4.447046e+00 4.946774e+00 5.375963e+00
-9.999000e+03 -9.999000e+03 -9.999000e+03 -9.999000e+03 -9.999000e+03 -9.999000e+03 -9.999000e+03 -9.999000e+03 -9.999000e+03 -9.999000e+03 -9.999000e+03 -9.999000e+03 -9.999000e+03 -9.999000e+03 -9.999000e+03 -9.999000e+03 -9.999000e+03 -9.999000e+03 -9.999000e+03 -9.999000e+03 -9.999000e+03 -9.999000e+03 -9.999000e+03 -9.999000e+03 -9.999000e+03 -9.999000e+03 -9.999000e+03 -9.999000e+03 1.036148e+00 8.855428e-01 6.666268e-01 8.001401e-01 1.122302e+00 1.903937e+00 2.243714e+00 2.141417e+00 1.760073e+00 2.049997e+00 2.348865e+00 3.326380e+00 3.850612e+00 2.956134e+00 3.021031e+00 4.212025e+00 3.073135e+00 3.082053e+00 3.049348e+00 4.171005e+00 3.814582e+00 4.287598e+00 3.420439e+00 4.096772e+00
-9.999000e+03 -9.999000e+03 -9.999000e+03 -9.999000e+03 -9.999000e+03 -9.999000e+03 -9.999000e+03 -9.999000e+03 -9.999000e+03 -9.999000e+03 -9.999000e+03 -9.999000e+03 -9.999000e+03 -9.999000e+03 -9.999000e+03 -9.999000e+03 -9.999000e+03 -9.999000e+03 -9.999000e+03 -9.999000e+03 -9.999000e+03 -9.999000e+03 -9.999000e+03 -9.999000e+03 -9.999000e+03 -9.999000e+03 -9.999000e+03 -9.999000e+03 -9.999000e+03 7.433023e-01 9.187188e-01 1.113568e+00 1.513322e+00 1.748384e+00 1.849509e+00 1.602388e+00 1.617468e+00 1.939339e+00 2.709963e+00 3.194149e+00 3.457277e+00 3.563031e+00 3.782539e+00 2.967561e+00 3.827409e+00 4.115799e+00 4.054980e+00 2.726111e+00 3.839414e+00 3.075633e+00 4.282057e+00 5.302987e+00
-9.999000e+03 -9.999000e+03 -9.999000e+03 -9.999000e+03 -9.999000e+03 -9.999000e+03 -9.999000e+03 -9.999000e+03 -9.999000e+03 -9.999000e+03 -9.999000e+03 -9.999000e+03 -9.999000e+03 -9.999000e+03 -9.999000e+03 -9.999000e+03 -9.999000e+03 -9.999000e+03 -9.999000e+03 -9.999000e+03 -9.999000e+03 -9.999000e+03 -9.999000e+03 -9.999000e+03 -9.999000e+03 -9.999000e+03 -9.999000e+03 -9.999000e+03 -9.999000e+03 -9.999000e+03 1.226012e+00 -9.999000e+03 -9.999000e+03 -9.999000e+03 -9.999000e+03 -9.999000e+03 -9.999000e+03 -9.999000e+03 2.191707e+00 2.838982e+00 3.067190e+00 3.061091e+00 3.275833e+00 3.735267e+00 4.008685e+00 4.068896e+00 3.866020e+00 3.402086e+00 2.576725e+00 3.860674e+00 4.654496e+00 5.107634e+00
-9.999000e+03 -9.999000e+03 -9.999000e+03 -9.999000e+03 -9.999000e+03 -9.999000e+03 -9.999000e+03 -9.999000e+03 -9.999000e+03 -9.999000e+03 -9.999000e+03 -9.999000e+03 -9.999000e+03 -9.999000e+03 -9.999000e+03 -9.999000e+03 -9.999000e+03 -9.999000e+03 -9.999000e+03 -9.999000e+03 -9.999000e+03 -9.999000e+03 -9.999000e+03 -9.999000e+03 -9.999000e+03 -9.999000e+03 -9.999000e+03 -9.999000e+03 -9.999000e+03 -9.999000e+03 -9.999000e+03 -9.999000e+03 -9.999000e+03 -9.999000e+03 -9.999000e+03 -9.999000e+03 -9.999000e+03 -9.999000e+03 -9.999000e+03 -9.999000e+03 -9.999000e+03 2.217150e+00 2.340715e+00 2.698384e+00 3.581967e+00 3.834649e+00 3.677431e+00 3.202557e+00 3.388076e+00 4.290453e+00 4.751298e+00 4.686532e+00
-9.999000e+03 -9.999000e+03 -9.999000e+03 -9.999000e+03 -9.999000e+03 -9.999000e+03 -9.999000e+03 -9.999000e+03 -9.999000e+03 -9.999000e+03 -9.999000e+03 -9.999000e+03 -9.999000e+03 -9.999000e+03 -9.999000e+03 -9.999000e+03 -9.999000e+03 -9.999000e+03 -9.999000e+03 -9.999000e+03 -9.999000e+03 -9.999000e+03 -9.999000e+03 -9.999000e+03 -9.999000e+03 -9.999000e+03 -9.999000e+03 -9.999000e+03 -9.999000e+03 -9.999000e+03 -9.999000e+03 -9.999000e+03 -9.999000e+03 -9.999000e+03 -9.999000e+03 -9.999000e+03 -9.999000e+03 -9.999000e+03 -9.999000e+03 -9.999000e+03 -9.999000e+03 -9.999000e+03 -9.999000e+03 -9.999000e+03 2.964082e+00 2.867057e+00 3.346063e+00 3.214988e+00 2.589885e+00 3.978562e+00 4.473379e+00 4.074723e+00
-9.999000e+03 -9.999000e+03 -9.999000e+03 -9.999000e+03 -9.999000e+03 -9.999000e+03 -9.999000e+03 -9.999000e+03 -9.999000e+03 -9.999000e+03 -9.999000e+03 -9.999000e+03 -9.999000e+03 -9.999000e+03 -9.999000e+03 -9.999000e+03 -9.999000e+03 -9.999000e+03 -9.999000e+03 -9.999000e+03 -9.999000e+03 -9.999000e+03 -9.999000e+03 -9.999000e+03 -9.999000e+03 -9.999000e+03 -9.999000e+03 -9.999000e+03 -9.999000e+03 -9.999000e+03 -9.999000e+03 -9.999000e+03 -9.999000e+03 -9.999000e+03 -9.999000e+03 -9.999000e+03 -9.999000e+03 -9.999000e+03 -9.999000e+03 -9.999000e+03 -9.999000e+03 -9.999000e+03 -9.999000e+03 -9.999000e+03 -9.999000e+03 -9.999000e+03 -9.999000e+03 -9.999000e+03 -9.999000e+03 -9.999000e+03 3.217271e+00 3.270126e+00
-9.999000e+03 -9.999000e+03 -9.999000e+03 -9.999000e+03 -9.999000e+03 -9.999000e+03 -9.999000e+03 -9.999000e+03 -9.999000e+03 -9.999000e+03 -9.999000e+03 -9.999000e+03 -9.999000e+03 -9.999000e+03 -9.999000e+03 -9.999000e+03 -9.999000e+03 -9.999000e+03 -9.999000e+03 -9.999000e+03 -9.999000e+03 -9.999000e+03 -9.999000e+03 -9.999000e+03 -9.999000e+03 -9.999000e+03 -9.999000e+03 -9.999000e+03 -9.999000e+03 -9.999000e+03 -9.999000e+03 -9.999000e+03 -9.999000e+03 -9.999000e+03 -9.999000e+03 -9.999000e+03 -9.999000e+03 -9.999000e+03 -9.999000e+03 -9.999000e+03 -9.999000e+03 -9.999000e+03 -9.999000e+03 -9.999000e+03 -9.999000e+03 -9.999000e+03 -9.999000e+03 -9.999000e+03 -9.999000e+03 -9.999000e+03 -9.999000e+03 2.398280e+00
-9.999000e+03 -9.999000e+03 -9.999000e+03 -9.999000e+03 -9.999000e+03 -9.999000e+03 -9.999000e+03 -9.999000e+03 -9.999000e+03 -9.999000e+03 -9.999000e+03 -9.999000e+03 -9.999000e+03 -9.999000e+03 -9.999000e+03 -9.999000e+03 -9.999000e+03 -9.999000e+03 -9.999000e+03 -9.999000e+03 -9.999000e+03 -9.999000e+03 -9.999000e+03 -9.999000e+03 -9.999000e+03 -9.999000e+03 -9.999000e+03 -9.999000e+03 -9.999000e+03 -9.999000e+03 -9.999000e+03 -9.999000e+03 -9.999000e+03 -9.999000e+03 -9.999000e+03 -9.999000e+03 -9.999000e+03 -9.999000e+03 -9.999000e+03 -9.999000e+03 -9.999000e+03 -9.999000e+03 -9.999000e+03 -9.999000e+03 -9.999000e+03 -9.999000e+03 -9.999000e+03 -9.999000e+03 -9.999000e+03 -9.999000e+03 -9.999000e+03 -9.999000e+03
-9.999000e+03 -9.999000e+03 -9.999000e+03 -9.999000e+03 -9.999000e+03 -9.999000e+03 -9.999000e+03 -9.999000e+03 -9.999000e+03 -9.999000e+03 -9.999000e+03 -9.999000e+03 -9.999000e+03 -9.999000e+03 -9.999000e+03 -9.999000e+03 -9.999000e+03 -9.999000e+03 -9.999000e+03 -9.999000e+03 -9.999000e+03 -9.999000e+03 -9.999000e+03 -9.999000e+03 -9.999000e+03 -9.999000e+03 -9.999000e+03 -9.999000e+03 -9.999000e+03 -9.999000e+03 -9.999000e+03 -9.999000e+03 -9.999000e+03 -9.999000e+03 -9.999000e+03 -9.999000e+03 -9.999000e+03 -9.999000e+03 -9.999000e+03 -9.999000e+03 -9.999000e+03 -9.999000e+03 -9.999000e+03 -9.999000e+03 -9.999000e+03 -9.999000e+03 -9.999000e+03 -9.999000e+03 -9.999000e+03 -9.999000e+03 -9.999000e+03 -9.999000e+03
