tests/data/reference/test_implicit_stream_rill_mfda/mrsearstr_pa.asc
ncols	123
nrows	77
xllcorner	-713746.79929998
yllcorner	-1061022.36961616
cellsize	10.0
NODATA_value	-9999
[rows 46 to 68 of 77, columns 52 to 103 of 123]
3.480354e+00 3.393066e+00 3.566516e+00 3.947910e+00 4.141748e+00 4.051554e+00 4.092583e+00 4.146036e+00 4.139058e+00 4.245899e+00 4.418016e+00 7.784868e+00 5.020790e+00 5.095988e+00 5.090744e+00 5.185175e+00 5.736493e+00 6.256732e+00 6.689275e+00 6.832312e+00 7.169502e+00 7.713950e+00 7.736016e+00 7.051740e+00 6.913580e+00 0.000000e+00 5.024611e+00 4.426852e+00 5.295507e+00 5.620734e+00 5.196231e+00 0.000000e+00 0.000000e+00 0.000000e+00 5.230212e+00 5.264461e+00 5.665667e+00 4.415815e+00 4.697593e+00 4.747437e+00 4.705533e+00 4.587568e+00 4.409108e+00 4.142516e+00 3.913317e+00 3.720433e+00 3.527012e+00 4.545974e+00 4.325354e+00 4.386795e+00 4.705589e+00 4.993512e+00
3.352895e+00 3.027193e+00 3.067833e+00 3.498477e+00 3.449109e+00 3.425701e+00 3.484459e+00 3.648769e+00 4.054783e+00 3.937660e+00 7.333035e+00 4.470902e+00 4.491542e+00 4.147575e+00 4.107316e+00 4.484856e+00 4.380188e+00 5.063575e+00 5.505198e+00 5.640656e+00 5.988112e+00 6.583852e+00 6.887329e+00 7.563442e+00 5.013967e+00 0.000000e+00 5.116365e+00 4.868365e+00 5.688990e+00 6.275018e+00 6.256760e+00 5.770409e+00 4.572142e+00 0.000000e+00 0.000000e+00 4.203395e+00 4.928441e+00 4.122144e+00 4.571949e+00 4.716089e+00 4.674781e+00 4.523533e+00 4.399454e+00 4.257480e+00 4.144357e+00 4.027991e+00 3.866487e+00 5.067372e+00 4.793677e+00 4.740642e+00 4.957699e+00 5.170802e+00
3.464806e+00 3.001387e+00 2.913902e+00 2.463685e+00 2.609951e+00 2.586042e+00 2.618165e+00 3.622169e+00 3.464340e+00 7.253410e+00 3.996020e+00 3.944236e+00 3.245667e+00 3.144565e+00 4.179360e+00 3.038606e+00 3.218045e+00 3.649204e+00 3.906625e+00 3.973009e+00 4.207422e+00 4.627170e+00 7.111144e+00 6.809473e+00 7.447835e+00 0.000000e+00 5.257758e+00 7.074886e+00 6.880846e+00 7.192268e+00 7.137250e+00 6.609011e+00 5.241160e+00 2.229240e+00 0.000000e+00 3.659736e+00 4.316040e+00 3.789858e+00 4.352268e+00 4.636717e+00 4.651625e+00 4.481517e+00 4.390119e+00 4.337891e+00 4.325811e+00 4.286861e+00 4.155195e+00 5.566442e+00 5.315540e+00 5.177837e+00 5.217260e+00 5.259483e+00
3.720166e+00 3.249820e+00 2.258188e+00 2.923926e+00 3.211278e+00 3.260096e+00 3.272470e+00 2.489051e+00 6.976374e+00 3.649883e+00 2.906805e+00 3.113145e+00 3.946103e+00 4.109650e+00 3.043298e+00 3.769355e+00 4.211115e+00 4.724929e+00 5.013689e+00 5.067174e+00 5.252833e+00 5.625401e+00 4.488806e+00 5.143488e+00 9.010860e+00 0.000000e+00 6.541615e+00 6.766707e+00 7.175309e+00 7.655661e+00 7.723602e+00 7.278575e+00 6.122624e+00 4.281122e+00 0.000000e+00 0.000000e+00 3.944249e+00 3.474946e+00 4.061106e+00 4.470411e+00 4.595249e+00 4.477752e+00 4.414715e+00 4.407556e+00 4.472269e+00 4.505013e+00 4.393011e+00 6.009083e+00 5.869125e+00 5.686429e+00 5.476962e+00 5.258110e+00
3.993281e+00 5.365717e+00 4.670181e+00 4.211266e+00 3.812290e+00 3.410841e+00 3.221357e+00 6.774116e+00 3.296147e+00 2.702738e+00 3.538108e+00 3.973445e+00 4.155974e+00 4.138284e+00 4.160182e+00 4.250022e+00 4.482153e+00 4.879319e+00 5.105568e+00 5.129593e+00 5.142876e+00 5.163089e+00 5.599740e+00 6.515323e+00 7.002314e+00 0.000000e+00 6.046249e+00 5.185622e+00 6.911348e+00 7.858288e+00 8.175464e+00 7.980717e+00 6.996820e+00 7.324010e+00 3.795471e+00 0.000000e+00 3.877776e+00 3.273343e+00 3.830884e+00 4.282831e+00 4.481858e+00 4.447314e+00 4.431653e+00 4.436192e+00 5.733432e+00 5.877091e+00 4.601162e+00 6.401610e+00 6.292116e+00 6.094642e+00 5.793026e+00 5.443910e+00
6.602376e+00 4.119591e+00 4.993631e+00 4.702018e+00 5.338940e+00 6.502684e+00 6.837964e+00 3.248105e+00 3.366179e+00 3.720974e+00 3.918194e+00 3.944605e+00 3.985048e+00 4.020727e+00 4.117791e+00 4.289976e+00 5.887703e+00 5.806126e+00 5.636111e+00 5.600767e+00 5.385862e+00 4.920815e+00 4.981930e+00 5.658687e+00 6.236323e+00 0.000000e+00 5.029702e+00 6.877091e+00 7.916240e+00 8.649223e+00 8.838794e+00 8.586773e+00 7.644930e+00 6.035726e+00 5.743575e+00 0.000000e+00 0.000000e+00 3.323060e+00 3.704323e+00 4.137310e+00 4.359146e+00 4.391798e+00 4.439301e+00 4.443877e+00 6.172197e+00 6.403453e+00 4.759658e+00 6.776874e+00 6.586072e+00 6.378337e+00 6.178461e+00 5.862920e+00
4.504867e+00 4.453256e+00 3.011032e+00 3.671111e+00 3.894059e+00 3.503203e+00 3.502054e+00 3.421615e+00 3.588770e+00 4.028057e+00 4.162346e+00 3.939728e+00 3.830971e+00 3.853690e+00 3.950003e+00 4.118097e+00 3.334483e+00 4.718400e+00 5.521036e+00 5.948796e+00 5.688286e+00 4.741444e+00 4.510381e+00 5.074269e+00 4.163821e+00 0.000000e+00 6.401776e+00 7.883678e+00 8.706432e+00 9.283835e+00 9.430976e+00 8.949027e+00 8.068952e+00 6.852915e+00 5.091008e+00 4.807998e+00 0.000000e+00 4.290014e+00 3.704721e+00 4.009512e+00 4.170455e+00 4.209235e+00 4.324452e+00 5.602525e+00 6.369817e+00 6.625526e+00 6.161846e+00 7.071066e+00 6.905972e+00 6.678171e+00 6.500542e+00 6.288701e+00
4.581039e+00 4.685775e+00 4.381489e+00 4.547419e+00 3.455610e+00 3.536552e+00 3.599246e+00 3.603303e+00 3.858517e+00 5.607577e+00 5.163873e+00 4.371215e+00 3.948527e+00 3.773949e+00 3.774120e+00 3.916259e+00 4.335244e+00 5.046121e+00 5.670998e+00 6.172071e+00 5.852526e+00 4.665433e+00 5.827218e+00 6.695782e+00 6.837122e+00 0.000000e+00 6.836178e+00 8.186063e+00 9.037956e+00 9.780104e+00 9.788217e+00 9.131164e+00 8.399274e+00 7.737087e+00 6.250897e+00 7.100131e+00 0.000000e+00 0.000000e+00 4.037251e+00 3.943594e+00 3.934827e+00 3.898918e+00 5.151664e+00 5.934848e+00 6.491343e+00 6.792501e+00 6.764817e+00 7.249174e+00 7.239141e+00 7.018006e+00 6.751942e+00 6.674164e+00
4.702299e+00 4.905410e+00 6.027312e+00 3.860503e+00 3.522487e+00 3.612456e+00 3.707266e+00 3.753247e+00 4.036190e+00 4.632461e+00 4.848363e+00 4.609871e+00 4.259212e+00 3.870337e+00 3.767052e+00 3.940232e+00 4.323081e+00 4.929554e+00 5.505608e+00 6.024837e+00 5.710231e+00 4.467207e+00 3.063623e+00 3.772099e+00 5.488300e+00 0.000000e+00 6.933907e+00 8.444462e+00 9.354994e+00 1.007943e+01 1.003246e+01 9.166445e+00 8.699592e+00 8.518260e+00 1.008606e+01 9.388919e+00 3.858942e+00 0.000000e+00 4.343875e+00 4.240916e+00 4.008812e+00 3.954511e+00 5.643536e+00 6.231123e+00 6.701662e+00 6.981923e+00 7.045963e+00 7.301257e+00 7.389117e+00 7.274798e+00 7.033067e+00 6.967097e+00
4.909155e+00 5.078945e+00 4.802011e+00 4.044944e+00 3.701576e+00 3.784703e+00 3.878190e+00 3.949315e+00 4.177700e+00 3.385646e+00 6.509468e+00 7.600418e+00 6.639705e+00 7.804857e+00 8.140875e+00 8.113180e+00 8.152046e+00 8.300777e+00 8.363060e+00 8.323398e+00 7.394800e+00 5.644377e+00 5.191827e+00 5.821301e+00 0.000000e+00 0.000000e+00 5.743033e+00 7.821907e+00 9.020795e+00 9.734605e+00 9.772319e+00 9.234706e+00 8.934223e+00 9.097465e+00 8.162008e+00 8.352585e+00 9.310566e+00 0.000000e+00 4.672022e+00 4.525494e+00 4.364967e+00 5.546631e+00 6.398623e+00 6.783155e+00 7.083446e+00 7.227965e+00 7.197049e+00 7.248293e+00 7.345911e+00 7.408448e+00 7.338112e+00 7.186079e+00
5.192186e+00 5.182421e+00 4.897262e+00 4.267812e+00 4.005719e+00 4.023491e+00 4.116657e+00 4.273719e+00 4.434743e+00 5.991861e+00 4.938994e+00 5.184782e+00 6.536810e+00 4.514932e+00 4.360763e+00 5.994181e+00 5.717383e+00 5.478450e+00 5.600167e+00 5.931227e+00 5.788652e+00 5.051985e+00 5.115962e+00 6.099471e+00 0.000000e+00 5.870499e+00 6.427247e+00 8.066014e+00 8.856302e+00 9.107754e+00 9.170727e+00 9.185922e+00 9.201436e+00 9.234928e+00 8.500133e+00 9.528711e+00 1.079000e+01 0.000000e+00 0.000000e+00 5.132437e+00 6.447949e+00 6.760852e+00 7.102765e+00 7.257588e+00 7.365915e+00 7.414137e+00 7.338876e+00 7.241534e+00 7.216527e+00 7.270623e+00 7.270836e+00 7.063974e+00
5.528300e+00 5.147460e+00 4.795375e+00 4.662180e+00 4.402808e+00 4.297849e+00 4.371863e+00 4.593492e+00 4.727774e+00 4.761494e+00 4.942676e+00 5.260902e+00 5.246541e+00 4.831418e+00 4.719452e+00 5.005986e+00 6.857129e+00 8.423318e+00 9.870112e+00 9.613043e+00 8.995157e+00 8.009341e+00 7.577461e+00 7.659064e+00 0.000000e+00 5.985869e+00 6.396745e+00 7.752561e+00 8.248451e+00 8.270323e+00 8.544633e+00 9.155327e+00 9.468804e+00 9.481411e+00 9.060003e+00 7.970589e+00 1.005560e+01 1.079000e+01 0.000000e+00 7.847096e+00 8.336657e+00 7.889047e+00 7.766945e+00 7.638222e+00 7.519296e+00 7.508109e+00 7.487961e+00 7.307708e+00 7.037902e+00 6.875361e+00 6.804302e+00 6.578685e+00
5.507331e+00 4.434577e+00 4.671229e+00 4.718848e+00 4.546016e+00 4.445513e+00 4.470284e+00 4.696080e+00 4.840259e+00 4.847465e+00 4.958103e+00 5.228522e+00 5.288273e+00 5.055149e+00 4.998977e+00 5.234418e+00 5.525289e+00 5.831751e+00 6.136410e+00 8.373259e+00 7.793294e+00 7.169966e+00 6.878383e+00 7.151998e+00 0.000000e+00 6.048280e+00 6.303618e+00 7.414597e+00 7.775602e+00 7.802224e+00 1.066000e+01 1.066000e+01 1.066000e+01 1.066000e+01 1.066000e+01 1.079000e+01 1.079000e+01 1.079000e+01 0.000000e+00 0.000000e+00 8.969204e+00 8.548545e+00 8.082312e+00 7.787263e+00 7.557694e+00 7.475277e+00 7.442771e+00 7.264345e+00 6.920247e+00 6.662867e+00 6.583797e+00 6.361796e+00
3.991635e+00 4.386706e+00 4.206384e+00 4.320192e+00 4.510494e+00 4.394129e+00 4.404090e+00 4.568775e+00 4.745362e+00 4.852794e+00 4.974282e+00 5.097288e+00 5.204256e+00 5.185544e+00 5.184377e+00 5.332367e+00 5.591564e+00 5.931962e+00 6.300984e+00 6.670025e+00 9.025863e+00 9.500965e+00 1.004412e+01 1.066000e+01 0.000000e+00 6.028533e+00 7.615678e+00 1.003933e+01 1.066000e+01 1.066000e+01 8.161476e+00 1.066000e+01 1.066000e+01 9.557874e+00 9.906530e+00 1.066000e+01 1.079000e+01 1.079000e+01 1.079000e+01 0.000000e+00 0.000000e+00 8.445770e+00 8.180090e+00 7.675723e+00 7.465976e+00 7.329707e+00 7.206582e+00 7.070935e+00 6.828936e+00 6.645540e+00 6.654369e+00 6.490837e+00
4.777681e+00 4.085138e+00 3.373248e+00 4.115675e+00 4.248824e+00 4.256027e+00 4.241721e+00 4.278046e+00 4.463265e+00 4.854104e+00 4.939500e+00 4.960836e+00 5.132870e+00 5.297889e+00 5.394809e+00 5.493296e+00 5.697985e+00 6.010169e+00 6.380986e+00 6.783262e+00 4.851495e+00 4.864452e+00 7.304536e+00 5.532953e+00 0.000000e+00 6.069822e+00 7.649982e+00 8.412777e+00 8.079252e+00 7.553014e+00 7.165781e+00 7.754354e+00 8.260327e+00 8.589468e+00 9.109164e+00 9.858179e+00 9.634581e+00 9.207099e+00 6.816516e+00 1.079000e+01 0.000000e+00 0.000000e+00 7.356138e+00 7.103452e+00 7.156028e+00 7.161646e+00 7.071173e+00 7.004654e+00 6.845953e+00 6.606881e+00 6.464490e+00 6.307014e+00
4.846851e+00 2.664968e+00 3.281630e+00 3.432406e+00 3.762639e+00 3.882593e+00 3.867581e+00 3.774453e+00 4.295276e+00 4.577339e+00 4.784093e+00 4.907972e+00 5.017132e+00 5.308122e+00 5.568341e+00 5.692686e+00 5.901762e+00 6.190781e+00 6.448456e+00 4.780678e+00 6.146985e+00 6.510154e+00 4.900748e+00 6.920262e+00 0.000000e+00 7.678835e+00 8.504927e+00 8.148363e+00 6.696763e+00 5.276792e+00 5.415483e+00 5.682909e+00 6.000417e+00 6.317901e+00 6.763612e+00 7.373679e+00 1.066000e+01 1.066000e+01 1.079000e+01 7.920277e+00 1.079000e+01 0.000000e+00 5.412677e+00 6.143875e+00 6.573204e+00 6.938221e+00 7.026085e+00 7.064325e+00 7.001680e+00 6.593619e+00 6.109568e+00 4.248909e+00
4.457620e+00 3.471330e+00 2.274277e+00 2.566198e+00 2.810622e+00 2.972983e+00 2.961634e+00 3.776780e+00 3.562520e+00 3.952189e+00 4.543547e+00 4.485499e+00 4.641881e+00 5.080789e+00 5.373647e+00 5.620041e+00 5.918223e+00 6.164004e+00 4.700034e+00 6.190311e+00 6.737550e+00 6.657955e+00 6.922204e+00 7.695871e+00 0.000000e+00 7.488967e+00 8.227095e+00 5.287252e+00 5.155998e+00 6.628810e+00 7.326780e+00 7.734840e+00 8.207109e+00 8.822755e+00 9.562863e+00 1.047042e+01 7.330482e+00 7.505304e+00 8.963355e+00 7.746708e+00 5.108140e+00 0.000000e+00 0.000000e+00 5.192296e+00 5.993526e+00 6.594432e+00 6.770449e+00 6.768494e+00 6.725759e+00 6.244513e+00 4.064825e+00 6.642209e+00
3.992538e+00 3.369391e+00 3.057603e+00 3.194062e+00 3.404867e+00 3.648286e+00 3.667719e+00 2.550535e+00 2.584531e+00 3.763244e+00 3.678611e+00 3.738248e+00 4.234538e+00 4.472373e+00 4.881939e+00 5.295215e+00 5.338645e+00 4.580320e+00 6.105104e+00 6.830048e+00 7.031117e+00 6.826657e+00 6.921096e+00 7.441234e+00 0.000000e+00 7.216502e+00 8.043429e+00 8.069256e+00 7.864412e+00 7.714649e+00 7.610676e+00 7.526807e+00 7.699394e+00 8.155048e+00 8.805557e+00 9.624743e+00 1.035096e+01 1.066000e+01 1.066000e+01 1.066000e+01 1.079000e+01 8.435810e+00 0.000000e+00 0.000000e+00 5.707473e+00 6.162008e+00 4.359316e+00 6.130122e+00 6.031221e+00 4.003177e+00 5.990690e+00 7.104167e+00
3.425712e+00 3.241855e+00 3.136540e+00 3.157842e+00 3.234655e+00 3.360006e+00 3.338954e+00 3.138335e+00 3.119709e+00 2.524384e+00 2.639056e+00 3.535340e+00 3.440000e+00 3.703648e+00 4.144817e+00 3.820257e+00 4.222594e+00 5.835443e+00 6.689529e+00 7.051041e+00 7.129998e+00 6.977493e+00 6.981808e+00 7.216264e+00 0.000000e+00 7.079000e+00 8.118782e+00 8.484383e+00 8.397464e+00 8.084899e+00 7.790099e+00 7.499179e+00 7.415400e+00 7.565112e+00 8.037899e+00 8.840298e+00 9.538844e+00 1.011702e+01 6.865196e+00 6.736738e+00 7.664009e+00 6.397328e+00 9.484750e+00 0.000000e+00 5.128044e+00 5.779254e+00 4.203218e+00 4.018072e+00 3.933610e+00 4.180291e+00 6.629592e+00 7.187455e+00
2.852665e+00 3.043426e+00 3.181946e+00 3.248203e+00 3.263779e+00 3.220175e+00 3.132288e+00 3.009048e+00 2.941842e+00 2.945888e+00 3.012013e+00 2.374971e+00 2.515489e+00 2.702050e+00 3.077623e+00 4.525640e+00 5.577405e+00 6.406444e+00 6.876455e+00 7.004769e+00 6.988991e+00 6.863775e+00 9.099924e+00 9.672112e+00 0.000000e+00 7.466078e+00 8.479882e+00 9.059343e+00 9.047847e+00 8.608081e+00 8.146840e+00 7.667998e+00 7.353677e+00 7.212302e+00 7.406424e+00 7.989465e+00 8.650399e+00 9.302825e+00 9.871859e+00 1.033609e+01 9.971038e+00 8.744867e+00 7.031432e+00 0.000000e+00 0.000000e+00 5.014665e+00 4.106321e+00 4.094697e+00 4.043829e+00 6.617491e+00 7.238813e+00 7.366138e+00
1.999859e+00 2.749259e+00 3.189755e+00 3.428590e+00 3.456980e+00 3.257743e+00 3.112217e+00 3.077945e+00 2.950494e+00 2.679672e+00 2.590947e+00 2.749400e+00 3.039624e+00 3.431267e+00 4.017425e+00 4.815111e+00 5.595024e+00 6.337306e+00 6.728241e+00 6.740303e+00 6.611714e+00 6.385422e+00 4.576830e+00 0.000000e+00 0.000000e+00 6.473825e+00 8.092873e+00 9.159402e+00 9.449876e+00 9.126754e+00 8.629966e+00 8.002415e+00 7.493512e+00 7.110960e+00 6.968316e+00 7.111505e+00 7.658347e+00 8.555117e+00 9.332606e+00 9.973104e+00 1.016994e+01 9.775969e+00 8.722901e+00 6.928098e+00 0.000000e+00 0.000000e+00 4.877275e+00 4.299027e+00 4.557883e+00 4.924720e+00 5.245305e+00 6.883239e+00
-9.999000e+03 -9.999000e+03 -9.999000e+03 -9.999000e+03 -9.999000e+03 -9.999000e+03 -9.999000e+03 2.466798e+00 2.340876e+00 2.008337e+00 1.870156e+00 1.993240e+00 2.758202e+00 3.486340e+00 4.153121e+00 4.765344e+00 5.412016e+00 6.130141e+00 6.466826e+00 6.379513e+00 6.178312e+00 5.881014e+00 6.139943e+00 0.000000e+00 5.724096e+00 5.747142e+00 7.361529e+00 8.805716e+00 9.527514e+00 9.563488e+00 9.183659e+00 8.459055e+00 7.765493e+00 7.122788e+00 6.668047e+00 6.435220e+00 6.787496e+00 7.752132e+00 8.699832e+00 9.527549e+00 1.005472e+01 1.026196e+01 9.638130e+00 8.280681e+00 6.035371e+00 0.000000e+00 0.000000e+00 4.551614e+00 5.169282e+00 5.427507e+00 5.557682e+00 5.531911e+00
-9.999000e+03 -9.999000e+03 -9.999000e+03 -9.999000e+03 -9.999000e+03 -9.999000e+03 -9.999000e+03 -9.999000e+03 -9.999000e+03 -9.999000e+03 2.401131e+00 2.483489e+00 2.365305e+00 2.923194e+00 4.094673e+00 4.633882e+00 5.158405e+00 5.857290e+00 6.143495e+00 5.962870e+00 5.762932e+00 5.562285e+00 5.927035e+00 0.000000e+00 5.688382e+00 5.590023e+00 7.127827e+00 8.645144e+00 9.576778e+00 9.950589e+00 9.741062e+00 8.978357e+00 8.133076e+00 7.248218e+00 6.596762e+00 6.205054e+00 6.319919e+00 6.964135e+00 7.855580e+00 8.950564e+00 9.750806e+00 1.021442e+01 1.001155e+01 9.052439e+00 7.433220e+00 5.168618e+00 0.000000e+00 0.000000e+00 5.481444e+00 5.835232e+00 -9.999000e+03 -9.999000e+03
