tests/data/reference/test_implicit_stream_rill_mfda/mrsearstr_pa.asc
ncols	123
nrows	77
xllcorner	-713746.79929998
yllcorner	-1061022.36961616
cellsize	10.0
NODATA_value	-9999
[rows 23 to 45 of 77, columns 52 to 103 of 123]
6.102220e+00 7.140119e+00 7.158733e+00 6.975662e+00 6.870345e+00 6.836483e+00 6.721013e+00 6.491541e+00 6.344933e+00 6.337420e+00 6.264952e+00 6.137911e+00 6.007207e+00 5.746338e+00 5.232954e+00 4.604177e+00 7.349368e+00 3.717355e+00 3.878161e+00 4.095059e+00 4.276339e+00 4.433713e+00 4.421652e+00 4.283775e+00 2.994680e+00 3.431152e+00 6.580434e+00 3.708603e+00 4.865211e+00 3.279394e+00 3.843210e+00 3.683435e+00 2.607992e+00 2.006932e+00 -9.999000e+03 -9.999000e+03 -9.999000e+03 -9.999000e+03 -9.999000e+03 -9.999000e+03 -9.999000e+03 -9.999000e+03 -9.999000e+03 -9.999000e+03 -9.999000e+03 -9.999000e+03 -9.999000e+03 -9.999000e+03 -9.999000e+03 -9.999000e+03 -9.999000e+03 -9.999000e+03
6.380146e+00 7.033385e+00 7.218654e+00 7.015193e+00 6.878073e+00 6.793973e+00 6.646602e+00 6.425841e+00 6.316265e+00 6.320583e+00 6.271224e+00 6.200499e+00 6.020595e+00 5.627474e+00 5.114178e+00 4.583098e+00 8.098728e+00 3.888520e+00 4.140084e+00 4.484047e+00 4.786268e+00 5.008189e+00 5.039518e+00 4.923784e+00 4.268109e+00 4.073261e+00 2.661738e+00 5.701843e+00 2.982472e+00 4.301815e+00 4.446011e+00 3.859551e+00 3.521923e+00 2.953924e+00 1.835279e+00 -9.999000e+03 -9.999000e+03 -9.999000e+03 -9.999000e+03 -9.999000e+03 -9.999000e+03 -9.999000e+03 -9.999000e+03 -9.999000e+03 -9.999000e+03 -9.999000e+03 -9.999000e+03 -9.999000e+03 -9.999000e+03 -9.999000e+03 -9.999000e+03 -9.999000e+03
7.459934e+00 7.154294e+00 7.261438e+00 7.125446e+00 6.838509e+00 6.584697e+00 6.375985e+00 6.277048e+00 6.332069e+00 6.427641e+00 6.413287e+00 6.272589e+00 5.923426e+00 5.435798e+00 5.047496e+00 4.781651e+00 9.380188e+00 4.418130e+00 4.582613e+00 4.868601e+00 5.178900e+00 5.410212e+00 5.444802e+00 5.332197e+00 4.991132e+00 4.778549e+00 4.066070e+00 6.933197e+00 2.836962e+00 3.344092e+00 5.602884e+00 3.256644e+00 3.696994e+00 3.899775e+00 3.427783e+00 2.402829e+00 1.947013e+00 1.907887e+00 -9.999000e+03 -9.999000e+03 -9.999000e+03 -9.999000e+03 -9.999000e+03 -9.999000e+03 -9.999000e+03 -9.999000e+03 -9.999000e+03 -9.999000e+03 -9.999000e+03 -9.999000e+03 -9.999000e+03 -9.999000e+03
6.750982e+00 7.581190e+00 7.273932e+00 7.005823e+00 6.658864e+00 6.371629e+00 6.235525e+00 6.316545e+00 6.458631e+00 6.533173e+00 6.469146e+00 6.225642e+00 5.850089e+00 5.466803e+00 5.187508e+00 4.987890e+00 1.024035e+01 4.611793e+00 4.727575e+00 4.976765e+00 5.244680e+00 5.443823e+00 5.486135e+00 5.441967e+00 5.341466e+00 5.290853e+00 5.047866e+00 7.666253e+00 4.234467e+00 3.934279e+00 5.539374e+00 3.249176e+00 3.685772e+00 4.131312e+00 4.111347e+00 3.509890e+00 2.841149e+00 2.076874e+00 2.455776e+00 1.860313e+00 -9.999000e+03 -9.999000e+03 -9.999000e+03 -9.999000e+03 -9.999000e+03 -9.999000e+03 -9.999000e+03 -9.999000e+03 -9.999000e+03 -9.999000e+03 -9.999000e+03 -9.999000e+03
7.510567e+00 5.182105e+00 7.200529e+00 6.707211e+00 6.391740e+00 6.278923e+00 6.326492e+00 6.495403e+00 6.585095e+00 6.556051e+00 6.431314e+00 6.193730e+00 5.945832e+00 5.723614e+00 5.451022e+00 5.078655e+00 1.047032e+01 4.420583e+00 4.542586e+00 4.773830e+00 4.950655e+00 5.087869e+00 5.155974e+00 5.238425e+00 5.382292e+00 5.549491e+00 5.604909e+00 7.847113e+00 5.181944e+00 4.848901e+00 6.386633e+00 3.914704e+00 3.693733e+00 3.683995e+00 3.754746e+00 3.611762e+00 2.492141e+00 2.215295e+00 2.520475e+00 2.497101e+00 2.232560e+00 9.744808e-01 -9.999000e+03 -9.999000e+03 -9.999000e+03 -9.999000e+03 -9.999000e+03 -9.999000e+03 -9.999000e+03 -9.999000e+03 -9.999000e+03 -9.999000e+03
7.703182e+00 6.463717e+00 6.939670e+00 6.498162e+00 4.338533e+00 6.292379e+00 6.396441e+00 6.577608e+00 6.669647e+00 6.631498e+00 6.496206e+00 6.268005e+00 6.038499e+00 5.792066e+00 5.422893e+00 4.944072e+00 1.065170e+01 4.427717e+00 4.630276e+00 4.882982e+00 5.038895e+00 5.136580e+00 5.171528e+00 5.248640e+00 5.454747e+00 5.741121e+00 5.960310e+00 7.713024e+00 5.726743e+00 5.446114e+00 6.567793e+00 4.415760e+00 3.854394e+00 3.548474e+00 3.493951e+00 3.498577e+00 3.092185e+00 2.845345e+00 2.196757e+00 2.707375e+00 0.000000e+00 1.624405e+00 6.902332e-01 5.153474e-01 -9.999000e+03 -9.999000e+03 -9.999000e+03 -9.999000e+03 -9.999000e+03 -9.999000e+03 -9.999000e+03 -9.999000e+03
7.496256e+00 6.735220e+00 6.690802e+00 6.443060e+00 4.418840e+00 5.577708e+00 6.361270e+00 6.594610e+00 6.800099e+00 6.810224e+00 6.665895e+00 6.383567e+00 6.026837e+00 5.572922e+00 5.061376e+00 4.660053e+00 4.567005e+00 1.066000e+01 5.042565e+00 5.365880e+00 5.573970e+00 5.637777e+00 5.566858e+00 5.506726e+00 5.601027e+00 5.885916e+00 6.152399e+00 7.286945e+00 5.902561e+00 5.634968e+00 6.209772e+00 4.759716e+00 4.243506e+00 3.828713e+00 3.509241e+00 3.340586e+00 3.154500e+00 3.080991e+00 2.862312e+00 0.000000e+00 0.000000e+00 3.350024e+00 1.957602e+00 8.521896e-01 3.901257e-01 -9.999000e+03 -9.999000e+03 -9.999000e+03 -9.999000e+03 -9.999000e+03 -9.999000e+03 -9.999000e+03
6.878969e+00 6.428401e+00 6.360796e+00 6.344836e+00 5.640292e+00 4.447692e+00 6.151432e+00 6.693319e+00 6.845014e+00 6.733407e+00 6.487826e+00 6.118553e+00 5.686117e+00 5.201296e+00 4.831303e+00 4.731915e+00 4.907128e+00 5.257843e+00 1.066000e+01 5.904760e+00 6.032136e+00 5.983230e+00 5.817486e+00 5.698420e+00 5.755791e+00 6.030464e+00 6.239249e+00 6.701374e+00 6.015382e+00 5.855129e+00 5.919388e+00 5.205556e+00 4.736677e+00 4.293964e+00 2.847325e+00 2.605111e+00 3.377695e+00 3.399645e+00 0.000000e+00 0.000000e+00 2.163433e+00 2.836017e+00 1.812674e+00 1.346259e+00 9.523617e-01 3.532206e-01 -9.999000e+03 -9.999000e+03 -9.999000e+03 -9.999000e+03 -9.999000e+03 -9.999000e+03
5.892119e+00 5.768301e+00 5.948825e+00 6.177347e+00 6.094369e+00 5.748505e+00 4.647023e+00 6.701967e+00 6.645108e+00 6.284114e+00 5.887939e+00 5.441328e+00 5.062469e+00 4.836536e+00 4.895014e+00 5.194818e+00 5.579127e+00 5.999949e+00 1.066000e+01 6.439003e+00 6.351316e+00 6.130473e+00 5.899593e+00 5.812550e+00 5.920642e+00 6.158411e+00 6.214823e+00 6.119167e+00 6.084025e+00 6.109699e+00 6.063826e+00 5.754924e+00 5.319811e+00 3.601217e+00 3.232399e+00 2.931788e+00 3.913499e+00 0.000000e+00 0.000000e+00 2.820282e+00 2.677211e+00 2.716514e+00 1.601836e+00 1.307897e+00 1.323405e+00 1.171514e+00 9.908846e-01 -9.999000e+03 -9.999000e+03 -9.999000e+03 -9.999000e+03 -9.999000e+03
4.608574e+00 4.823884e+00 5.206966e+00 5.570432e+00 4.093900e+00 6.099605e+00 6.178201e+00 5.744110e+00 6.273435e+00 5.985727e+00 5.661539e+00 5.321545e+00 5.128110e+00 5.144061e+00 5.375489e+00 5.744400e+00 6.092192e+00 6.388453e+00 1.066000e+01 6.440455e+00 6.260797e+00 6.051735e+00 5.907790e+00 5.923549e+00 6.077386e+00 6.230681e+00 6.117177e+00 5.922829e+00 5.908767e+00 5.999177e+00 6.070816e+00 5.909944e+00 4.002631e+00 3.851628e+00 3.550703e+00 3.254268e+00 0.000000e+00 0.000000e+00 3.452853e+00 3.488969e+00 3.125060e+00 2.846126e+00 1.596125e+00 1.318918e+00 1.644523e+00 1.745250e+00 1.728892e+00 1.140835e+00 3.712777e-01 -9.999000e+03 -9.999000e+03 -9.999000e+03
3.198618e+00 3.709002e+00 4.144217e+00 4.537193e+00 4.962894e+00 4.770567e+00 5.717310e+00 5.858425e+00 5.764483e+00 6.040069e+00 6.002095e+00 5.939360e+00 5.964224e+00 6.035307e+00 6.128267e+00 6.254255e+00 6.321605e+00 6.301240e+00 6.113335e+00 1.066000e+01 5.765307e+00 5.756830e+00 5.852905e+00 6.038427e+00 6.219800e+00 6.243375e+00 5.948004e+00 5.613357e+00 5.493613e+00 5.512858e+00 5.625972e+00 3.972165e+00 3.889636e+00 3.850958e+00 0.000000e+00 0.000000e+00 0.000000e+00 3.470380e+00 4.239316e+00 3.933171e+00 3.577293e+00 2.513448e+00 2.233387e+00 2.237178e+00 2.051088e+00 1.809597e+00 1.636062e+00 1.318486e+00 1.152331e+00 5.664357e-01 -9.999000e+03 -9.999000e+03
1.079000e+01 1.079000e+01 3.690014e+00 4.129178e+00 4.434826e+00 4.971139e+00 5.215716e+00 5.769920e+00 6.050503e+00 6.222099e+00 6.459093e+00 6.593730e+00 6.729591e+00 6.783717e+00 6.749361e+00 6.643822e+00 6.424902e+00 6.119902e+00 5.725942e+00 1.079000e+01 5.195961e+00 5.250605e+00 5.492897e+00 5.793614e+00 5.970113e+00 5.875108e+00 5.482357e+00 5.158424e+00 5.078517e+00 5.106885e+00 5.292348e+00 3.910088e+00 3.899274e+00 0.000000e+00 0.000000e+00 4.639911e+00 3.754914e+00 4.476502e+00 4.648125e+00 4.327341e+00 2.995781e+00 2.826509e+00 2.618108e+00 2.886055e+00 2.487484e+00 2.144655e+00 1.559772e+00 1.583214e+00 1.600435e+00 2.370821e+00 1.075527e+00 5.845426e-01
5.733643e+00 5.351660e+00 1.079000e+01 4.051941e+00 4.478253e+00 5.199255e+00 5.801663e+00 6.144341e+00 6.593529e+00 6.885981e+00 7.093485e+00 7.341803e+00 7.496381e+00 7.525785e+00 7.421217e+00 7.113937e+00 6.625911e+00 6.092161e+00 5.545553e+00 5.039226e+00 1.079000e+01 4.709820e+00 4.997524e+00 5.338552e+00 5.290101e+00 5.100265e+00 4.716388e+00 4.543966e+00 4.648547e+00 4.799684e+00 5.091665e+00 3.940558e+00 0.000000e+00 0.000000e+00 4.471630e+00 5.178257e+00 4.668797e+00 4.930603e+00 4.941890e+00 3.448960e+00 3.249503e+00 3.023382e+00 2.797373e+00 2.518248e+00 2.934070e+00 2.743257e+00 2.123347e+00 2.502278e+00 2.402185e+00 2.658543e+00 1.580025e+00 2.342943e+00
3.462780e+00 4.486648e+00 4.759185e+00 1.079000e+01 1.079000e+01 1.079000e+01 1.079000e+01 5.938068e+00 6.053200e+00 6.192444e+00 6.319855e+00 6.470251e+00 6.515292e+00 6.425056e+00 8.361324e+00 5.909834e+00 5.514329e+00 5.160441e+00 4.803467e+00 4.467320e+00 3.130381e+00 1.079000e+01 6.385246e+00 4.985542e+00 4.894987e+00 4.584545e+00 4.131782e+00 4.136566e+00 4.418408e+00 4.708728e+00 5.061694e+00 0.000000e+00 0.000000e+00 3.937333e+00 5.245910e+00 5.309731e+00 5.031330e+00 5.116698e+00 5.096183e+00 3.603415e+00 3.438199e+00 3.191393e+00 2.959532e+00 2.704248e+00 3.240150e+00 3.049560e+00 2.825918e+00 2.947551e+00 2.855905e+00 2.899187e+00 2.423644e+00 2.750417e+00
5.362641e+00 5.831883e+00 5.736466e+00 4.960272e+00 4.829834e+00 5.427179e+00 5.625136e+00 1.079000e+01 1.079000e+01 1.079000e+01 1.079000e+01 1.079000e+01 1.079000e+01 1.079000e+01 1.079000e+01 1.079000e+01 1.079000e+01 3.758040e+00 3.960529e+00 4.116105e+00 4.373263e+00 4.333588e+00 1.079000e+01 4.895774e+00 4.439231e+00 4.021138e+00 3.911321e+00 3.967834e+00 4.434607e+00 4.861339e+00 0.000000e+00 0.000000e+00 4.170662e+00 4.028885e+00 5.570800e+00 5.442459e+00 5.211037e+00 5.170540e+00 5.125335e+00 3.655375e+00 3.543879e+00 3.317038e+00 3.102892e+00 2.862102e+00 2.591562e+00 2.344921e+00 2.849759e+00 2.880985e+00 2.954809e+00 3.116075e+00 3.064976e+00 3.117934e+00
5.481881e+00 6.164572e+00 6.093723e+00 1.079000e+01 1.079000e+01 1.079000e+01 1.079000e+01 1.079000e+01 1.079000e+01 1.079000e+01 1.079000e+01 1.079000e+01 1.079000e+01 1.079000e+01 1.079000e+01 1.079000e+01 1.079000e+01 1.079000e+01 1.079000e+01 3.395255e+00 3.757750e+00 4.350633e+00 1.079000e+01 4.328093e+00 3.921588e+00 3.654640e+00 3.688362e+00 4.109297e+00 4.544836e+00 0.000000e+00 0.000000e+00 4.155305e+00 4.228290e+00 4.086589e+00 5.717307e+00 5.576785e+00 5.369970e+00 5.310413e+00 3.781116e+00 3.784166e+00 3.694470e+00 3.466391e+00 3.237477e+00 3.013257e+00 2.766454e+00 2.490786e+00 2.264079e+00 2.858755e+00 2.936573e+00 3.121535e+00 3.232774e+00 3.225353e+00
5.797990e+00 1.066000e+01 1.066000e+01 5.846246e+00 6.124377e+00 6.760627e+00 7.113698e+00 7.156711e+00 7.108921e+00 6.975061e+00 6.779723e+00 6.710041e+00 6.384036e+00 5.966914e+00 5.511106e+00 5.085804e+00 6.421170e+00 7.145510e+00 6.036028e+00 1.079000e+01 1.079000e+01 1.079000e+01 1.079000e+01 1.079000e+01 3.366734e+00 3.476207e+00 3.679632e+00 4.278437e+00 0.000000e+00 0.000000e+00 3.993820e+00 5.322691e+00 4.261038e+00 4.111487e+00 5.798465e+00 5.707911e+00 5.553839e+00 5.542929e+00 3.972551e+00 3.987919e+00 3.908300e+00 3.670755e+00 3.381640e+00 3.132855e+00 2.962939e+00 2.763949e+00 2.491839e+00 2.981044e+00 2.893341e+00 2.904639e+00 2.929880e+00 2.968848e+00
1.066000e+01 5.494397e+00 5.877318e+00 6.172162e+00 6.680881e+00 7.372289e+00 7.817782e+00 8.005876e+00 8.113115e+00 8.108773e+00 7.980553e+00 7.758563e+00 7.470129e+00 7.121275e+00 6.720896e+00 6.512026e+00 6.111606e+00 5.729962e+00 6.893981e+00 7.127560e+00 7.792710e+00 1.079000e+01 6.999425e+00 1.079000e+01 9.425277e+00 2.812790e+00 3.437531e+00 3.204622e+00 0.000000e+00 4.398668e+00 4.878791e+00 5.762567e+00 4.346306e+00 5.338729e+00 5.918058e+00 5.807899e+00 5.695783e+00 5.742624e+00 4.126912e+00 4.139647e+00 4.049014e+00 3.830314e+00 3.523347e+00 3.213671e+00 3.066221e+00 2.964577e+00 2.737355e+00 2.479659e+00 3.068764e+00 2.960978e+00 2.889492e+00 2.901439e+00
4.909704e+00 5.311697e+00 5.628280e+00 5.803226e+00 6.133620e+00 6.721742e+00 7.202041e+00 7.518064e+00 7.829783e+00 8.044465e+00 8.070986e+00 8.002372e+00 7.945984e+00 7.884740e+00 7.741238e+00 7.541353e+00 7.576282e+00 7.035778e+00 6.636125e+00 5.727371e+00 5.272108e+00 0.000000e+00 0.000000e+00 0.000000e+00 1.079000e+01 8.560846e+00 3.059962e+00 0.000000e+00 0.000000e+00 4.346464e+00 4.940692e+00 5.760587e+00 4.459639e+00 6.090891e+00 6.107922e+00 5.876498e+00 5.785110e+00 4.163737e+00 4.253017e+00 4.276056e+00 4.144168e+00 3.913547e+00 3.625469e+00 3.280953e+00 3.102814e+00 3.065613e+00 2.956378e+00 2.772539e+00 3.466079e+00 3.308878e+00 3.171318e+00 3.074059e+00
4.784882e+00 5.133218e+00 5.337079e+00 5.389692e+00 5.557550e+00 5.982262e+00 6.376155e+00 6.669824e+00 7.063089e+00 7.484155e+00 7.709649e+00 7.786937e+00 7.900312e+00 8.051023e+00 8.116988e+00 9.000357e+00 8.123486e+00 8.106246e+00 7.796091e+00 7.142408e+00 6.795596e+00 6.683065e+00 6.205923e+00 0.000000e+00 0.000000e+00 0.000000e+00 1.079000e+01 0.000000e+00 2.627804e+00 3.497835e+00 4.280112e+00 5.379477e+00 5.268564e+00 6.087307e+00 6.100007e+00 5.963230e+00 5.932256e+00 4.251972e+00 4.334287e+00 4.408974e+00 4.298139e+00 4.027995e+00 3.716017e+00 3.350379e+00 3.138754e+00 3.094137e+00 3.040978e+00 3.613610e+00 3.752090e+00 3.579950e+00 3.409859e+00 3.315476e+00
4.541140e+00 4.728152e+00 4.859500e+00 4.886223e+00 4.964774e+00 5.216913e+00 5.440899e+00 5.585340e+00 5.927012e+00 6.480583e+00 6.912901e+00 7.162673e+00 7.408598e+00 7.689558e+00 9.580702e+00 8.049090e+00 8.282316e+00 8.557712e+00 8.615494e+00 8.420127e+00 8.133545e+00 8.001981e+00 7.340253e+00 6.336905e+00 5.622737e+00 0.000000e+00 0.000000e+00 0.000000e+00 1.079000e+01 2.652407e+00 4.510635e+00 4.385675e+00 4.701785e+00 5.314406e+00 5.766872e+00 6.029706e+00 6.152133e+00 4.378666e+00 4.404334e+00 4.493631e+00 4.446848e+00 4.188033e+00 3.832098e+00 3.419509e+00 3.171047e+00 3.082296e+00 3.021260e+00 3.895452e+00 3.891847e+00 3.750240e+00 3.573224e+00 3.590519e+00
4.241253e+00 4.327465e+00 4.457316e+00 4.555764e+00 4.621525e+00 4.748922e+00 4.845841e+00 4.851123e+00 5.052372e+00 5.520643e+00 5.978748e+00 6.335735e+00 6.635651e+00 9.302310e+00 7.222864e+00 7.430531e+00 7.768441e+00 8.227238e+00 8.516677e+00 8.555591e+00 8.571796e+00 8.510810e+00 8.074336e+00 7.011689e+00 6.509133e+00 8.276225e+00 0.000000e+00 0.000000e+00 0.000000e+00 0.000000e+00 4.472122e+00 3.396216e+00 4.370704e+00 4.981509e+00 5.576438e+00 5.967746e+00 6.208825e+00 4.483750e+00 4.537841e+00 4.590531e+00 4.564712e+00 4.371008e+00 4.038358e+00 3.612902e+00 3.333423e+00 3.191592e+00 3.089194e+00 4.046106e+00 3.993016e+00 3.948560e+00 3.883031e+00 4.007129e+00
3.803679e+00 3.867247e+00 4.072296e+00 4.330699e+00 4.452570e+00 4.505267e+00 4.515962e+00 4.470274e+00 4.484455e+00 4.690548e+00 5.054149e+00 5.405821e+00 8.444508e+00 5.952096e+00 6.168260e+00 6.316865e+00 6.712317e+00 7.348030e+00 7.630440e+00 7.766595e+00 8.003844e+00 8.322533e+00 8.031275e+00 7.202779e+00 6.684245e+00 0.000000e+00 0.000000e+00 5.272514e+00 5.264795e+00 0.000000e+00 0.000000e+00 0.000000e+00 4.377865e+00 5.516065e+00 5.691164e+00 5.818085e+00 6.077172e+00 4.525320e+00 4.678762e+00 4.705504e+00 4.672094e+00 4.540610e+00 4.288958e+00 3.920501e+00 3.633921e+00 3.434127e+00 3.261026e+00 4.205420e+00 4.066323e+00 4.141843e+00 4.346425e+00 4.593432e+00
