tests/data/reference/test_implicit_stream_rill_mfda/mrsearstr_pa.asc
ncols	123
nrows	77
xllcorner	-713746.79929998
yllcorner	-1061022.36961616
cellsize	10.0
NODATA_value	-9999
[rows 23 to 45 of 77, columns 0 to 51 of 123]
-9.999000e+03 -9.999000e+03 -9.999000e+03 -9.999000e+03 -9.999000e+03 -9.999000e+03 -9.999000e+03 -9.999000e+03 -9.999000e+03 -9.999000e+03 -9.999000e+03 -9.999000e+03 -9.999000e+03 -9.999000e+03 6.972132e-01 9.616795e-01 9.590745e-01 1.001743e+00 8.749406e-01 1.735446e-01 1.662893e+00 1.690148e+00 2.872365e+00 4.780906e+00 5.091989e+00 3.049937e+00 3.868505e+00 3.724249e+00 3.870443e+00 4.181465e+00 3.246838e+00 4.271169e+00 4.713260e+00 4.881374e+00 8.373481e+00 4.821082e+00 4.933848e+00 3.798443e+00 7.328813e+00 5.610392e+00 5.639452e+00 5.751635e+00 5.951910e+00 6.081790e+00 6.095753e+00 6.055585e+00 6.026417e+00 6.101115e+00 6.267216e+00 6.342094e+00 6.250760e+00 4.626846e+00
-9.999000e+03 -9.999000e+03 -9.999000e+03 -9.999000e+03 -9.999000e+03 -9.999000e+03 -9.999000e+03 -9.999000e+03 -9.999000e+03 -9.999000e+03 -9.999000e+03 -9.999000e+03 -9.999000e+03 -9.999000e+03 2.587169e-01 5.095597e-01 1.048249e+00 1.602667e+00 8.198704e-01 1.495508e+00 1.519142e+00 2.485140e+00 2.551163e+00 2.461039e+00 4.352919e+00 6.433315e+00 3.918993e+00 4.094816e+00 4.235221e+00 3.250847e+00 4.440759e+00 4.233305e+00 4.624819e+00 4.674395e+00 8.732230e+00 4.716520e+00 5.014440e+00 3.892982e+00 7.546528e+00 5.585637e+00 5.580950e+00 5.659584e+00 5.799618e+00 5.913738e+00 5.976014e+00 6.011017e+00 6.054768e+00 6.181060e+00 6.372078e+00 6.523999e+00 4.667431e+00 6.876217e+00
-9.999000e+03 -9.999000e+03 -9.999000e+03 -9.999000e+03 -9.999000e+03 -9.999000e+03 -9.999000e+03 -9.999000e+03 -9.999000e+03 -9.999000e+03 -9.999000e+03 -9.999000e+03 -9.999000e+03 -9.999000e+03 2.701904e-01 6.503230e-01 1.060471e+00 1.053132e+00 1.005960e+00 2.515367e+00 1.924658e+00 4.394324e+00 5.592980e+00 3.110720e+00 3.484409e+00 4.703063e+00 8.052073e+00 4.444536e+00 4.506141e+00 3.371093e+00 4.212481e+00 4.725316e+00 4.593936e+00 4.367566e+00 4.326780e+00 9.117553e+00 3.579576e+00 5.363621e+00 4.904978e+00 8.585560e+00 5.547194e+00 5.664326e+00 5.774762e+00 5.865159e+00 5.950874e+00 6.047743e+00 6.175293e+00 6.374179e+00 6.623955e+00 6.885568e+00 6.308482e+00 5.108194e+00
-9.999000e+03 -9.999000e+03 -9.999000e+03 -9.999000e+03 -9.999000e+03 -9.999000e+03 -9.999000e+03 -9.999000e+03 -9.999000e+03 -9.999000e+03 -9.999000e+03 -9.999000e+03 1.393693e+00 8.732182e-01 9.380537e-01 1.203905e+00 1.093854e+00 2.877184e-01 1.674160e+00 1.620616e+00 5.559370e+00 4.585889e+00 3.385748e+00 4.758475e+00 3.347665e+00 3.644315e+00 8.559517e+00 4.072461e+00 4.211007e+00 3.972028e+00 3.248253e+00 4.388165e+00 4.428449e+00 4.158523e+00 4.188028e+00 4.426296e+00 9.345206e+00 4.739580e+00 5.369551e+00 5.235817e+00 9.690713e+00 5.604908e+00 5.671794e+00 5.768514e+00 5.932835e+00 6.160276e+00 6.428990e+00 6.699864e+00 6.957628e+00 7.260668e+00 7.228640e+00 5.299489e+00
-9.999000e+03 -9.999000e+03 -9.999000e+03 -9.999000e+03 -9.999000e+03 -9.999000e+03 -9.999000e+03 -9.999000e+03 -9.999000e+03 -9.999000e+03 -9.999000e+03 -9.999000e+03 -9.999000e+03 1.317356e+00 1.044349e+00 1.087069e+00 4.549325e-01 1.201095e+00 1.305190e+00 4.547544e+00 2.463656e+00 2.452964e+00 4.195039e+00 4.841268e+00 6.051601e+00 6.303219e+00 6.470709e+00 6.664120e+00 3.360927e+00 3.785381e+00 3.994694e+00 3.820560e+00 3.993289e+00 3.784454e+00 3.923311e+00 4.561295e+00 5.114597e+00 9.768572e+00 5.165162e+00 5.462004e+00 1.000877e+01 5.460673e+00 5.479295e+00 5.621588e+00 5.928469e+00 6.366677e+00 6.832107e+00 7.156866e+00 7.354463e+00 7.622771e+00 7.766436e+00 6.963456e+00
-9.999000e+03 -9.999000e+03 -9.999000e+03 -9.999000e+03 -9.999000e+03 -9.999000e+03 -9.999000e+03 -9.999000e+03 -9.999000e+03 -9.999000e+03 -9.999000e+03 -9.999000e+03 -9.999000e+03 -9.999000e+03 -9.999000e+03 7.162115e-01 3.329830e-01 9.507806e-01 1.729380e+00 4.320786e+00 3.404709e+00 2.858556e+00 2.528483e+00 2.420611e+00 2.579224e+00 2.802120e+00 2.804873e+00 6.222762e+00 9.257495e+00 3.178223e+00 3.486327e+00 3.524615e+00 3.375606e+00 3.380494e+00 3.661648e+00 4.390743e+00 4.832020e+00 4.901611e+00 8.813847e+00 5.268305e+00 1.048316e+01 5.426136e+00 5.586147e+00 5.842991e+00 6.230142e+00 6.735628e+00 7.219077e+00 7.489801e+00 7.624183e+00 7.869852e+00 8.033114e+00 7.653313e+00
-9.999000e+03 -9.999000e+03 -9.999000e+03 -9.999000e+03 -9.999000e+03 -9.999000e+03 -9.999000e+03 -9.999000e+03 -9.999000e+03 -9.999000e+03 -9.999000e+03 -9.999000e+03 -9.999000e+03 -9.999000e+03 -9.999000e+03 -9.999000e+03 1.055620e+00 1.005129e+00 3.184807e+00 2.657108e+00 2.296904e+00 2.109824e+00 2.152103e+00 2.365233e+00 2.641302e+00 2.973127e+00 3.014206e+00 2.722801e+00 2.647677e+00 9.696284e+00 9.884035e+00 9.658288e+00 2.954940e+00 3.021946e+00 3.316923e+00 3.919147e+00 5.401021e+00 6.388007e+00 4.410478e+00 8.157857e+00 5.372385e+00 1.079000e+01 6.058754e+00 6.461235e+00 6.843091e+00 7.244313e+00 7.552112e+00 7.674157e+00 7.757374e+00 7.988041e+00 8.085244e+00 7.760990e+00
-9.999000e+03 -9.999000e+03 -9.999000e+03 -9.999000e+03 -9.999000e+03 -9.999000e+03 -9.999000e+03 -9.999000e+03 -9.999000e+03 -9.999000e+03 -9.999000e+03 -9.999000e+03 -9.999000e+03 -9.999000e+03 -9.999000e+03 -9.999000e+03 1.039582e+00 3.056509e+00 1.803842e+00 2.000882e+00 2.067872e+00 4.702737e+00 4.621503e+00 4.771520e+00 4.854095e+00 4.892933e+00 4.629611e+00 4.089315e+00 3.811500e+00 3.764304e+00 3.423479e+00 2.968754e+00 9.505039e+00 8.897979e+00 9.067847e+00 1.007912e+01 1.064240e+01 1.079000e+01 1.079000e+01 1.079000e+01 1.079000e+01 1.079000e+01 1.079000e+01 5.594535e+00 6.138379e+00 6.518260e+00 6.916438e+00 7.176125e+00 7.451035e+00 7.734099e+00 7.696348e+00 7.275662e+00
-9.999000e+03 -9.999000e+03 -9.999000e+03 -9.999000e+03 -9.999000e+03 -9.999000e+03 -9.999000e+03 -9.999000e+03 -9.999000e+03 -9.999000e+03 -9.999000e+03 -9.999000e+03 -9.999000e+03 -9.999000e+03 -9.999000e+03 1.041817e+00 3.610873e+00 1.771420e+00 3.664622e+00 4.542473e+00 4.901101e+00 2.254604e+00 2.999201e+00 3.813036e+00 3.603587e+00 5.000737e+00 5.548603e+00 5.912376e+00 5.734518e+00 5.774952e+00 5.457079e+00 4.800839e+00 4.060501e+00 3.236370e+00 2.891796e+00 2.945824e+00 8.460698e+00 9.493720e+00 1.046291e+01 1.079000e+01 1.079000e+01 1.046269e+01 1.079000e+01 1.079000e+01 1.079000e+01 4.841796e+00 7.576117e+00 6.067710e+00 6.743599e+00 7.080947e+00 6.826528e+00 6.271170e+00
-9.999000e+03 -9.999000e+03 -9.999000e+03 -9.999000e+03 -9.999000e+03 -9.999000e+03 -9.999000e+03 -9.999000e+03 -9.999000e+03 -9.999000e+03 -9.999000e+03 -9.999000e+03 -9.999000e+03 -9.999000e+03 8.942595e-01 1.550202e+00 4.337589e+00 3.916544e+00 1.819971e+00 1.944298e+00 2.246212e+00 2.451778e+00 2.646965e+00 2.861276e+00 3.757938e+00 2.972633e+00 3.158566e+00 3.319809e+00 3.512138e+00 3.838855e+00 3.751563e+00 6.455712e+00 6.252767e+00 5.871983e+00 5.937838e+00 7.605658e+00 3.222023e+00 3.916632e+00 4.620842e+00 5.334176e+00 5.745919e+00 5.724231e+00 7.107097e+00 7.606181e+00 7.790948e+00 1.079000e+01 1.079000e+01 1.079000e+01 5.098374e+00 7.437498e+00 5.044163e+00 4.712590e+00
-9.999000e+03 -9.999000e+03 -9.999000e+03 -9.999000e+03 -9.999000e+03 -9.999000e+03 -9.999000e+03 -9.999000e+03 -9.999000e+03 -9.999000e+03 -9.999000e+03 -9.999000e+03 -9.999000e+03 -9.999000e+03 1.000093e+00 6.352225e+00 2.101047e+00 2.127319e+00 2.106089e+00 2.086474e+00 2.141941e+00 2.321177e+00 2.670286e+00 2.803569e+00 2.937319e+00 2.901696e+00 3.086817e+00 3.543032e+00 4.817638e+00 5.713212e+00 6.183804e+00 3.501932e+00 3.301464e+00 3.244341e+00 4.786180e+00 3.308953e+00 3.720567e+00 4.124569e+00 4.528212e+00 5.047720e+00 5.537652e+00 6.105649e+00 6.363604e+00 6.410653e+00 6.308721e+00 7.990571e+00 8.822875e+00 9.185181e+00 1.079000e+01 1.079000e+01 1.079000e+01 3.103192e+00
-9.999000e+03 -9.999000e+03 -9.999000e+03 -9.999000e+03 -9.999000e+03 -9.999000e+03 -9.999000e+03 -9.999000e+03 -9.999000e+03 -9.999000e+03 -9.999000e+03 -9.999000e+03 -9.999000e+03 1.371255e+00 7.708207e+00 2.019794e+00 2.174605e+00 2.314499e+00 2.322659e+00 2.268616e+00 2.244277e+00 2.317311e+00 2.468899e+00 2.681976e+00 2.861613e+00 2.935746e+00 3.166257e+00 3.653473e+00 3.960330e+00 4.054982e+00 3.979932e+00 3.799745e+00 3.789543e+00 5.832316e+00 2.942783e+00 3.817716e+00 4.293056e+00 4.448935e+00 4.709512e+00 5.085771e+00 5.542996e+00 5.991126e+00 6.415742e+00 6.909024e+00 7.090256e+00 7.054328e+00 6.981857e+00 6.799445e+00 6.150350e+00 6.606612e+00 6.045133e+00 1.079000e+01
-9.999000e+03 -9.999000e+03 -9.999000e+03 -9.999000e+03 -9.999000e+03 -9.999000e+03 -9.999000e+03 -9.999000e+03 -9.999000e+03 -9.999000e+03 -9.999000e+03 -9.999000e+03 8.637971e-01 1.758408e+00 2.024900e+00 2.080100e+00 2.196747e+00 2.334537e+00 2.396917e+00 2.396172e+00 2.365209e+00 2.333112e+00 2.374966e+00 2.490282e+00 2.662681e+00 2.845917e+00 3.154102e+00 3.642653e+00 3.939414e+00 4.047531e+00 4.107840e+00 4.134533e+00 5.743690e+00 4.139196e+00 3.041616e+00 4.177926e+00 4.315610e+00 4.494903e+00 4.815720e+00 5.241389e+00 5.638836e+00 5.978256e+00 6.164615e+00 6.297037e+00 6.290846e+00 6.611570e+00 6.752625e+00 6.891003e+00 6.652088e+00 5.866661e+00 5.213276e+00 5.638677e+00
-9.999000e+03 -9.999000e+03 -9.999000e+03 -9.999000e+03 -9.999000e+03 -9.999000e+03 -9.999000e+03 -9.999000e+03 -9.999000e+03 -9.999000e+03 -9.999000e+03 -9.999000e+03 1.291382e+00 1.833420e+00 2.037048e+00 2.263777e+00 2.207388e+00 2.371532e+00 2.470034e+00 2.509923e+00 2.482859e+00 2.394254e+00 2.374068e+00 2.420898e+00 2.553254e+00 2.746818e+00 3.025722e+00 3.435822e+00 3.649118e+00 3.743480e+00 3.870760e+00 5.511224e+00 3.137353e+00 3.832411e+00 3.955624e+00 3.921260e+00 3.948740e+00 4.086463e+00 4.454741e+00 4.713420e+00 5.137422e+00 5.549343e+00 5.723094e+00 5.331767e+00 5.419546e+00 5.626932e+00 5.836746e+00 6.201151e+00 6.087925e+00 6.313922e+00 5.585570e+00 5.025073e+00
-9.999000e+03 -9.999000e+03 -9.999000e+03 -9.999000e+03 -9.999000e+03 -9.999000e+03 -9.999000e+03 -9.999000e+03 -9.999000e+03 -9.999000e+03 -9.999000e+03 6.884963e-01 3.059182e+00 1.576965e+00 2.341944e+00 2.031727e+00 2.221493e+00 2.398326e+00 2.517085e+00 2.573000e+00 2.561048e+00 2.479018e+00 2.459838e+00 2.484143e+00 2.564786e+00 2.710263e+00 2.872989e+00 3.052372e+00 3.187187e+00 3.163171e+00 3.266348e+00 4.138944e+00 2.708426e+00 3.634667e+00 3.539976e+00 3.245301e+00 3.247815e+00 3.547608e+00 3.416380e+00 3.613368e+00 4.029080e+00 4.672290e+00 4.003452e+00 3.950942e+00 4.012446e+00 4.181510e+00 4.318530e+00 4.429824e+00 6.171434e+00 5.274845e+00 5.071628e+00 4.968436e+00
-9.999000e+03 -9.999000e+03 -9.999000e+03 -9.999000e+03 -9.999000e+03 -9.999000e+03 -9.999000e+03 -9.999000e+03 -9.999000e+03 -9.999000e+03 6.259920e-01 9.550152e-01 1.248766e+00 2.006310e+00 1.330662e+00 1.807173e+00 2.084511e+00 2.317332e+00 2.475426e+00 2.527331e+00 2.534954e+00 2.466773e+00 2.452307e+00 2.473180e+00 2.538263e+00 2.679519e+00 2.600712e+00 2.829656e+00 2.781477e+00 2.643406e+00 2.691258e+00 2.733776e+00 2.832705e+00 3.035012e+00 2.558344e+00 2.321059e+00 2.895894e+00 2.192595e+00 2.219595e+00 2.297032e+00 2.695509e+00 3.442374e+00 4.737166e+00 5.071948e+00 5.285932e+00 5.552612e+00 5.739929e+00 5.852351e+00 4.035851e+00 3.760716e+00 3.753461e+00 4.150820e+00
-9.999000e+03 -9.999000e+03 -9.999000e+03 -9.999000e+03 -9.999000e+03 -9.999000e+03 -9.999000e+03 -9.999000e+03 -9.999000e+03 -9.999000e+03 5.329017e-01 9.548516e-01 1.844202e+00 1.201357e+00 1.046659e+00 1.462844e+00 1.783165e+00 2.105739e+00 2.296018e+00 2.406341e+00 2.436966e+00 2.398203e+00 2.382864e+00 2.414712e+00 2.439724e+00 2.024095e+00 2.618042e+00 2.613619e+00 2.430536e+00 2.214249e+00 2.164314e+00 2.144435e+00 1.856571e+00 2.314546e+00 2.977551e+00 2.791693e+00 1.953207e+00 2.258259e+00 2.433045e+00 2.709407e+00 2.612513e+00 3.372777e+00 4.594686e+00 4.831062e+00 4.935590e+00 5.101551e+00 5.306800e+00 5.518536e+00 5.474750e+00 5.145888e+00 5.113745e+00 5.487154e+00
-9.999000e+03 -9.999000e+03 -9.999000e+03 -9.999000e+03 -9.999000e+03 -9.999000e+03 -9.999000e+03 -9.999000e+03 -9.999000e+03 5.426784e-01 2.080177e+00 1.483430e+00 1.050151e+00 9.626339e-01 1.091587e+00 1.282187e+00 1.553385e+00 1.781464e+00 2.114679e+00 2.223265e+00 2.308268e+00 2.324834e+00 2.355848e+00 2.297202e+00 1.932709e+00 2.347861e+00 2.472535e+00 2.236954e+00 2.058179e+00 1.772605e+00 1.703523e+00 1.588679e+00 2.227204e+00 2.900153e+00 3.174579e+00 3.001623e+00 2.824722e+00 2.690179e+00 2.189025e+00 2.566011e+00 3.939043e+00 4.302685e+00 4.810329e+00 4.677835e+00 4.557836e+00 4.572078e+00 4.783093e+00 5.170513e+00 5.350420e+00 5.279528e+00 5.177320e+00 5.121522e+00
-9.999000e+03 -9.999000e+03 -9.999000e+03 -9.999000e+03 -9.999000e+03 -9.999000e+03 -9.999000e+03 -9.999000e+03 -9.999000e+03 6.697353e-01 1.891708e+00 1.051734e+00 9.955657e-01 9.053454e-01 1.166220e+00 1.261969e+00 1.153013e+00 1.675663e+00 1.839791e+00 2.052214e+00 2.188972e+00 2.260507e+00 1.847077e+00 1.964619e+00 2.373692e+00 2.354250e+00 1.783443e+00 1.733045e+00 1.570620e+00 1.292667e+00 1.308683e+00 1.987149e+00 2.562587e+00 3.081439e+00 3.337851e+00 3.326690e+00 3.239565e+00 2.327320e+00 3.256073e+00 3.562063e+00 4.006954e+00 4.616872e+00 4.645941e+00 4.348210e+00 4.207789e+00 4.294184e+00 4.500060e+00 4.798675e+00 4.988678e+00 5.080753e+00 1.066000e+01 1.066000e+01
-9.999000e+03 -9.999000e+03 -9.999000e+03 -9.999000e+03 -9.999000e+03 -9.999000e+03 -9.999000e+03 -9.999000e+03 1.148537e+00 2.838088e+00 1.767164e+00 1.213125e+00 8.589693e-01 1.061240e+00 1.245757e+00 1.295205e+00 1.607266e+00 1.395348e+00 1.618443e+00 1.928463e+00 2.136403e+00 2.132760e+00 2.374976e+00 2.601638e+00 2.603784e+00 4.092317e+00 4.097882e+00 3.786203e+00 3.273512e+00 2.601447e+00 2.464697e+00 2.723449e+00 2.848959e+00 3.280119e+00 3.516057e+00 3.548726e+00 3.468368e+00 4.174963e+00 4.483921e+00 5.809854e+00 6.407760e+00 6.621436e+00 5.914556e+00 5.172317e+00 4.752114e+00 4.576536e+00 4.369536e+00 4.345108e+00 4.334213e+00 1.066000e+01 4.464550e+00 4.523680e+00
-9.999000e+03 -9.999000e+03 -9.999000e+03 -9.999000e+03 -9.999000e+03 -9.999000e+03 -9.999000e+03 6.141319e-01 1.050474e+00 1.717694e+00 1.361833e+00 1.307069e+00 9.127958e-01 1.172939e+00 1.292520e+00 1.325461e+00 1.333045e+00 1.317319e+00 1.499443e+00 1.870549e+00 1.690294e+00 1.775995e+00 2.258934e+00 3.919533e+00 4.263344e+00 2.527688e+00 2.385916e+00 2.384898e+00 2.245638e+00 1.969624e+00 2.080960e+00 2.600964e+00 3.050971e+00 3.383702e+00 3.545142e+00 3.533776e+00 3.437943e+00 3.273352e+00 3.398462e+00 3.818323e+00 3.995232e+00 3.896308e+00 3.817875e+00 3.776726e+00 3.871838e+00 4.106424e+00 4.097363e+00 3.846429e+00 9.383006e+00 3.876208e+00 4.153805e+00 4.375908e+00
-9.999000e+03 -9.999000e+03 -9.999000e+03 -9.999000e+03 -9.999000e+03 -9.999000e+03 -9.999000e+03 5.059829e-01 9.425498e-01 1.688857e+00 1.115630e+00 1.291747e+00 1.255957e+00 1.277672e+00 1.324287e+00 1.341533e+00 1.373913e+00 1.387771e+00 1.562779e+00 1.959610e+00 2.705110e+00 3.200212e+00 3.615956e+00 2.447555e+00 2.553628e+00 2.467968e+00 2.025117e+00 2.422094e+00 2.435736e+00 2.243254e+00 2.345859e+00 2.782787e+00 3.109689e+00 3.291847e+00 3.360444e+00 3.328956e+00 7.352754e+00 7.398802e+00 7.727217e+00 8.383252e+00 8.727505e+00 8.739302e+00 8.973043e+00 8.983371e+00 8.790504e+00 8.478227e+00 9.447928e+00 9.048076e+00 3.532091e+00 3.569194e+00 3.834535e+00 4.118518e+00
-9.999000e+03 -9.999000e+03 -9.999000e+03 -9.999000e+03 -9.999000e+03 -9.999000e+03 -9.999000e+03 6.688202e-01 1.347428e+00 1.104364e+00 9.482112e-01 1.241054e+00 1.377629e+00 1.387642e+00 1.385158e+00 1.396086e+00 1.482499e+00 1.568735e+00 1.750851e+00 2.131529e+00 2.407434e+00 2.510324e+00 2.472173e+00 2.376024e+00 1.911460e+00 2.079075e+00 2.577363e+00 2.641790e+00 2.600253e+00 2.504841e+00 2.563447e+00 2.807826e+00 2.976086e+00 6.772592e+00 7.075109e+00 7.406170e+00 3.599099e+00 3.869189e+00 4.123276e+00 4.392509e+00 4.517787e+00 4.475417e+00 4.495679e+00 6.003867e+00 7.013826e+00 7.569731e+00 4.202765e+00 3.975337e+00 3.698880e+00 3.430950e+00 3.434556e+00 3.668739e+00
