tests/data/reference/test_implicit_stream_rill_mfda/mrsearstr_pa.asc
ncols	123
nrows	77
xllcorner	-713746.79929998
yllcorner	-1061022.36961616
cellsize	10.0
NODATA_value	-9999
[rows 23 to 45 of 77, columns 52 to 103 of 123]
6.495005e+00 7.737086e+00 7.766595e+00 7.576571e+00 7.466069e+00 7.430922e+00 7.307212e+00 7.059760e+00 6.900787e+00 6.889722e+00 6.807105e+00 6.669227e+00 6.527391e+00 6.245682e+00 5.692206e+00 5.015923e+00 8.341329e+00 4.046794e+00 4.211275e+00 4.441672e+00 4.632198e+00 4.794094e+00 4.764340e+00 4.632198e+00 3.154314e+00 3.672687e+00 8.362285e+00 4.446875e+00 5.460488e+00 3.566944e+00 4.151154e+00 3.940389e+00 2.751132e+00 2.122820e+00 -9.999000e+03 -9.999000e+03 -9.999000e+03 -9.999000e+03 -9.999000e+03 -9.999000e+03 -9.999000e+03 -9.999000e+03 -9.999000e+03 -9.999000e+03 -9.999000e+03 -9.999000e+03 -9.999000e+03 -9.999000e+03 -9.999000e+03 -9.999000e+03 -9.999000e+03 -9.999000e+03
6.787264e+00 7.559214e+00 7.833667e+00 7.620573e+00 7.476397e+00 7.386696e+00 7.228229e+00 6.990329e+00 6.871005e+00 6.873729e+00 6.818825e+00 6.740804e+00 6.546495e+00 6.122447e+00 5.568191e+00 4.993404e+00 9.270317e+00 4.227694e+00 4.495550e+00 4.864416e+00 5.187701e+00 5.423764e+00 5.450045e+00 5.331347e+00 4.559365e+00 4.393054e+00 2.807216e+00 7.358937e+00 3.652680e+00 4.922307e+00 4.893719e+00 4.166783e+00 3.769347e+00 3.165486e+00 1.942971e+00 -9.999000e+03 -9.999000e+03 -9.999000e+03 -9.999000e+03 -9.999000e+03 -9.999000e+03 -9.999000e+03 -9.999000e+03 -9.999000e+03 -9.999000e+03 -9.999000e+03 -9.999000e+03 -9.999000e+03 -9.999000e+03 -9.999000e+03 -9.999000e+03 -9.999000e+03
8.083252e+00 7.688413e+00 7.850570e+00 7.741557e+00 7.435195e+00 7.162612e+00 6.937695e+00 6.830638e+00 6.888531e+00 6.989350e+00 6.972333e+00 6.820132e+00 6.443600e+00 5.917698e+00 5.497598e+00 5.208109e+00 1.066000e+01 4.795973e+00 4.973421e+00 5.282355e+00 5.616775e+00 5.865736e+00 5.900318e+00 5.780264e+00 5.376607e+00 5.169336e+00 4.344906e+00 9.100945e+00 2.989958e+00 3.933582e+00 6.409505e+00 3.538334e+00 3.992491e+00 4.204020e+00 3.666500e+00 2.536904e+00 2.060063e+00 2.019071e+00 -9.999000e+03 -9.999000e+03 -9.999000e+03 -9.999000e+03 -9.999000e+03 -9.999000e+03 -9.999000e+03 -9.999000e+03 -9.999000e+03 -9.999000e+03 -9.999000e+03 -9.999000e+03 -9.999000e+03 -9.999000e+03
7.177311e+00 8.226587e+00 7.865679e+00 7.602235e+00 7.243801e+00 6.934110e+00 6.786449e+00 6.872459e+00 7.024094e+00 7.102795e+00 7.032752e+00 6.770230e+00 6.365469e+00 5.951470e+00 5.648259e+00 5.429919e+00 1.066000e+01 5.006386e+00 5.132787e+00 5.403560e+00 5.694116e+00 5.910021e+00 5.954947e+00 5.906654e+00 5.780353e+00 5.732366e+00 5.434715e+00 1.026639e+01 4.523355e+00 4.266546e+00 6.447638e+00 3.534140e+00 3.998035e+00 4.472437e+00 4.430498e+00 3.755914e+00 3.045648e+00 2.196046e+00 2.636387e+00 1.969212e+00 -9.999000e+03 -9.999000e+03 -9.999000e+03 -9.999000e+03 -9.999000e+03 -9.999000e+03 -9.999000e+03 -9.999000e+03 -9.999000e+03 -9.999000e+03 -9.999000e+03 -9.999000e+03
8.069093e+00 5.423582e+00 7.826223e+00 7.283321e+00 6.953127e+00 6.835092e+00 6.883930e+00 7.063500e+00 7.158664e+00 7.126772e+00 6.992346e+00 6.736591e+00 6.469059e+00 6.228125e+00 5.931779e+00 5.527306e+00 1.066000e+01 4.804602e+00 4.937619e+00 5.189375e+00 5.382643e+00 5.532510e+00 5.605923e+00 5.693526e+00 5.839902e+00 6.019956e+00 6.060236e+00 1.066000e+01 5.578855e+00 5.251885e+00 7.560110e+00 4.248854e+00 4.013158e+00 4.003550e+00 4.071365e+00 3.900579e+00 2.630190e+00 2.340873e+00 2.705729e+00 2.702548e+00 2.398901e+00 9.834082e-01 -9.999000e+03 -9.999000e+03 -9.999000e+03 -9.999000e+03 -9.999000e+03 -9.999000e+03 -9.999000e+03 -9.999000e+03 -9.999000e+03 -9.999000e+03
8.327810e+00 6.875654e+00 7.549242e+00 7.067717e+00 4.550444e+00 6.847615e+00 6.958579e+00 7.150995e+00 7.248618e+00 7.207492e+00 7.062272e+00 6.816880e+00 6.569208e+00 6.302194e+00 5.902139e+00 5.383211e+00 1.066000e+01 4.813892e+00 5.033308e+00 5.308049e+00 5.478653e+00 5.585923e+00 5.624011e+00 5.706535e+00 5.925204e+00 6.232758e+00 6.459612e+00 1.066000e+01 6.192270e+00 5.900347e+00 7.899729e+00 4.788886e+00 4.187883e+00 3.860556e+00 3.799491e+00 3.796381e+00 3.313790e+00 3.051113e+00 2.321485e+00 2.928591e+00 0.000000e+00 1.674100e+00 6.988340e-01 5.234798e-01 -9.999000e+03 -9.999000e+03 -9.999000e+03 -9.999000e+03 -9.999000e+03 -9.999000e+03 -9.999000e+03 -9.999000e+03
8.133719e+00 7.245552e+00 7.280855e+00 7.008842e+00 4.633662e+00 5.942941e+00 6.918961e+00 7.168616e+00 7.388772e+00 7.399936e+00 7.245204e+00 6.941552e+00 6.556967e+00 6.066731e+00 5.513536e+00 5.078193e+00 4.974209e+00 1.066000e+01 5.476580e+00 5.827031e+00 6.053170e+00 6.123672e+00 6.048151e+00 5.983956e+00 6.085548e+00 6.392911e+00 6.676804e+00 1.062806e+01 6.399486e+00 6.112537e+00 7.598947e+00 5.163309e+00 4.607186e+00 4.161011e+00 3.816683e+00 3.632151e+00 3.410715e+00 3.330186e+00 3.069050e+00 0.000000e+00 0.000000e+00 3.582781e+00 2.084147e+00 9.082823e-01 3.976450e-01 -9.999000e+03 -9.999000e+03 -9.999000e+03 -9.999000e+03 -9.999000e+03 -9.999000e+03 -9.999000e+03
7.482197e+00 6.962508e+00 6.923459e+00 6.901474e+00 6.008932e+00 4.663555e+00 6.620332e+00 7.273672e+00 7.436968e+00 7.318154e+00 7.054941e+00 6.657615e+00 6.191045e+00 5.666856e+00 5.265449e+00 5.155057e+00 5.339839e+00 5.713124e+00 1.066000e+01 6.407387e+00 6.546633e+00 6.495682e+00 6.318009e+00 6.190526e+00 6.253619e+00 6.551308e+00 6.776604e+00 1.017658e+01 6.530940e+00 6.356288e+00 7.404264e+00 5.647429e+00 5.139208e+00 4.660910e+00 3.000761e+00 2.748126e+00 3.663338e+00 3.685042e+00 0.000000e+00 0.000000e+00 2.227027e+00 3.099461e+00 1.979727e+00 1.449889e+00 1.014154e+00 3.604891e-01 -9.999000e+03 -9.999000e+03 -9.999000e+03 -9.999000e+03 -9.999000e+03 -9.999000e+03
6.421846e+00 6.272314e+00 6.477114e+00 6.719815e+00 6.560066e+00 6.122854e+00 4.870003e+00 7.248095e+00 7.221928e+00 6.835455e+00 6.410369e+00 5.929285e+00 5.519569e+00 5.273516e+00 5.333142e+00 5.651880e+00 6.061068e+00 6.509730e+00 1.066000e+01 6.985106e+00 6.893510e+00 6.657314e+00 6.408787e+00 6.314948e+00 6.432412e+00 6.691070e+00 6.754071e+00 9.571580e+00 6.609883e+00 6.634434e+00 7.252424e+00 6.242384e+00 5.769337e+00 3.785331e+00 3.401818e+00 3.088789e+00 4.244321e+00 0.000000e+00 0.000000e+00 2.910157e+00 2.872489e+00 3.019846e+00 1.753367e+00 1.418238e+00 1.426023e+00 1.245376e+00 1.054837e+00 -9.999000e+03 -9.999000e+03 -9.999000e+03 -9.999000e+03 -9.999000e+03
5.033148e+00 5.258862e+00 5.674598e+00 6.065331e+00 4.296807e+00 6.604222e+00 6.649526e+00 6.118487e+00 6.809752e+00 6.514337e+00 6.165903e+00 5.798906e+00 5.588361e+00 5.602440e+00 5.847949e+00 6.241080e+00 6.611833e+00 6.928290e+00 1.066000e+01 6.992795e+00 6.801371e+00 6.576428e+00 6.420204e+00 6.436226e+00 6.602641e+00 6.770647e+00 6.650913e+00 8.816216e+00 6.424157e+00 6.519326e+00 6.619531e+00 6.414785e+00 4.202125e+00 4.045408e+00 3.732838e+00 3.424575e+00 0.000000e+00 0.000000e+00 3.547459e+00 3.730350e+00 3.385419e+00 3.219021e+00 1.692044e+00 1.400621e+00 1.779901e+00 1.877156e+00 1.858707e+00 1.213038e+00 3.786738e-01 -9.999000e+03 -9.999000e+03 -9.999000e+03
3.502609e+00 4.053050e+00 4.521525e+00 4.947738e+00 5.408225e+00 5.092062e+00 6.211473e+00 6.346716e+00 6.210019e+00 6.567926e+00 6.530995e+00 6.461523e+00 6.485114e+00 6.557739e+00 6.654204e+00 6.787227e+00 6.859082e+00 6.838226e+00 6.638407e+00 1.066000e+01 6.272193e+00 6.261546e+00 6.362823e+00 6.561397e+00 6.757589e+00 6.785869e+00 6.469372e+00 7.925467e+00 5.978410e+00 5.998607e+00 6.119056e+00 4.170513e+00 4.084862e+00 4.044712e+00 0.000000e+00 0.000000e+00 0.000000e+00 3.635227e+00 4.522705e+00 4.253352e+00 3.880428e+00 2.652439e+00 2.359795e+00 2.401383e+00 2.222107e+00 1.959897e+00 1.772924e+00 1.400166e+00 1.225157e+00 5.747406e-01 -9.999000e+03 -9.999000e+03
1.079000e+01 1.079000e+01 4.029750e+00 4.505348e+00 4.830918e+00 5.412078e+00 5.621700e+00 6.273290e+00 6.569318e+00 6.735578e+00 7.019488e+00 7.163883e+00 7.306842e+00 7.361535e+00 7.321828e+00 7.207186e+00 6.972700e+00 6.647041e+00 6.225776e+00 1.079000e+01 5.659289e+00 5.716672e+00 5.976251e+00 6.299824e+00 6.491211e+00 6.391005e+00 5.967684e+00 6.874065e+00 5.530099e+00 5.560873e+00 5.760661e+00 4.106090e+00 4.094866e+00 0.000000e+00 0.000000e+00 4.710825e+00 3.928924e+00 4.778229e+00 5.023454e+00 4.693381e+00 3.155460e+00 2.979061e+00 2.761689e+00 3.115187e+00 2.695550e+00 2.325534e+00 1.653864e+00 1.678485e+00 1.696570e+00 2.521733e+00 1.144167e+00 5.929005e-01
6.389686e+00 6.059277e+00 1.079000e+01 4.404385e+00 4.867097e+00 5.653881e+00 6.306157e+00 6.650659e+00 7.163364e+00 7.476531e+00 7.691102e+00 7.971019e+00 8.135963e+00 8.165779e+00 8.052317e+00 7.722409e+00 7.199501e+00 6.627656e+00 6.041206e+00 5.496527e+00 1.079000e+01 5.139271e+00 5.449588e+00 5.818076e+00 5.760367e+00 5.556514e+00 5.140499e+00 5.679668e+00 5.063681e+00 5.226798e+00 5.542275e+00 4.137713e+00 0.000000e+00 0.000000e+00 4.573945e+00 5.511858e+00 4.981394e+00 5.315538e+00 5.361741e+00 3.627077e+00 3.419616e+00 3.184211e+00 2.948683e+00 2.657451e+00 3.180074e+00 2.972107e+00 2.244683e+00 2.684379e+00 2.578158e+00 2.897505e+00 1.675136e+00 2.491939e+00
3.645776e+00 4.795437e+00 5.133839e+00 1.079000e+01 1.079000e+01 1.079000e+01 1.079000e+01 6.444909e+00 6.563848e+00 6.727566e+00 6.866552e+00 7.026824e+00 7.080959e+00 6.984941e+00 9.222062e+00 6.430582e+00 6.004182e+00 5.621703e+00 5.235055e+00 4.869988e+00 3.300333e+00 1.079000e+01 7.097071e+00 5.428388e+00 5.339989e+00 5.004882e+00 4.505584e+00 4.753977e+00 4.811558e+00 5.124924e+00 5.506928e+00 0.000000e+00 0.000000e+00 4.134366e+00 5.582814e+00 5.740577e+00 5.424507e+00 5.542699e+00 5.534442e+00 3.787616e+00 3.615889e+00 3.359142e+00 3.117696e+00 2.851564e+00 3.514093e+00 3.306357e+00 3.030177e+00 3.183464e+00 3.085127e+00 3.163736e+00 2.600857e+00 2.996546e+00
5.778876e+00 6.308935e+00 6.222562e+00 5.397391e+00 5.255668e+00 5.891276e+00 6.103290e+00 1.079000e+01 1.079000e+01 1.079000e+01 1.079000e+01 1.079000e+01 1.079000e+01 1.079000e+01 1.079000e+01 1.079000e+01 1.079000e+01 4.112619e+00 4.324801e+00 4.488168e+00 4.759928e+00 4.632785e+00 1.079000e+01 5.325311e+00 4.837156e+00 4.384883e+00 4.269155e+00 4.321074e+00 4.824966e+00 5.285937e+00 0.000000e+00 0.000000e+00 4.376416e+00 4.229364e+00 6.014089e+00 5.912276e+00 5.645613e+00 5.613172e+00 5.569087e+00 3.841600e+00 3.725746e+00 3.489880e+00 3.267012e+00 3.016164e+00 2.733985e+00 2.476394e+00 3.082366e+00 3.125336e+00 3.203812e+00 3.390345e+00 3.308547e+00 3.400477e+00
5.844737e+00 6.633604e+00 6.595648e+00 1.079000e+01 1.079000e+01 1.079000e+01 1.079000e+01 1.079000e+01 1.079000e+01 1.079000e+01 1.079000e+01 1.079000e+01 1.079000e+01 1.079000e+01 1.079000e+01 1.079000e+01 1.079000e+01 1.079000e+01 1.079000e+01 3.705817e+00 4.094580e+00 4.730136e+00 1.079000e+01 4.712072e+00 4.272760e+00 3.981595e+00 4.016905e+00 4.476462e+00 4.941075e+00 0.000000e+00 0.000000e+00 4.360491e+00 4.436169e+00 4.289224e+00 6.204489e+00 6.061248e+00 5.828779e+00 5.768782e+00 3.972199e+00 3.975366e+00 3.882213e+00 3.645199e+00 3.407102e+00 3.173665e+00 2.916443e+00 2.628775e+00 2.391888e+00 3.106515e+00 3.190000e+00 3.393613e+00 3.502903e+00 3.509645e+00
6.296524e+00 1.066000e+01 1.066000e+01 6.347355e+00 6.649735e+00 7.335540e+00 7.717847e+00 7.768605e+00 7.721710e+00 7.581400e+00 7.374229e+00 7.308237e+00 6.959407e+00 6.511365e+00 6.020492e+00 5.561523e+00 7.148958e+00 8.044161e+00 6.914686e+00 1.079000e+01 1.079000e+01 1.079000e+01 1.079000e+01 1.079000e+01 3.669619e+00 3.783397e+00 4.001149e+00 4.649277e+00 0.000000e+00 0.000000e+00 4.186677e+00 5.674132e+00 4.470119e+00 4.315048e+00 6.300191e+00 6.202950e+00 6.031884e+00 6.021069e+00 4.170913e+00 4.186860e+00 4.104234e+00 3.857579e+00 3.557074e+00 3.298208e+00 3.121246e+00 2.913831e+00 2.629874e+00 3.239349e+00 3.145467e+00 3.159999e+00 3.184777e+00 3.230886e+00
1.066000e+01 5.959644e+00 6.374036e+00 6.694039e+00 7.241916e+00 7.984377e+00 8.464177e+00 8.669943e+00 8.789211e+00 8.788186e+00 8.654229e+00 8.419848e+00 8.113743e+00 7.741610e+00 7.313193e+00 7.097281e+00 6.667963e+00 8.545186e+00 7.674668e+00 8.014746e+00 8.852964e+00 1.079000e+01 8.363113e+00 1.079000e+01 1.079000e+01 3.065808e+00 3.738706e+00 3.377542e+00 0.000000e+00 4.507274e+00 5.204642e+00 6.205414e+00 4.558500e+00 5.690951e+00 6.431161e+00 6.311324e+00 6.187503e+00 6.237692e+00 4.331046e+00 4.344254e+00 4.250246e+00 4.023280e+00 3.704406e+00 3.382328e+00 3.228827e+00 3.122953e+00 2.886096e+00 2.617155e+00 3.334485e+00 3.219814e+00 3.142718e+00 3.156753e+00
5.327543e+00 5.761407e+00 6.103791e+00 6.293697e+00 6.649256e+00 7.280463e+00 7.797013e+00 8.138722e+00 8.475459e+00 8.707696e+00 8.739163e+00 8.670395e+00 8.614663e+00 8.552798e+00 8.402610e+00 8.191370e+00 1.066000e+01 7.653165e+00 7.232158e+00 6.255938e+00 5.765575e+00 0.000000e+00 0.000000e+00 0.000000e+00 1.079000e+01 1.079000e+01 3.326006e+00 0.000000e+00 0.000000e+00 4.643909e+00 5.335635e+00 6.238633e+00 4.675932e+00 6.554555e+00 6.636419e+00 6.386280e+00 6.285804e+00 4.369236e+00 4.461804e+00 4.485687e+00 4.348942e+00 4.109680e+00 3.810531e+00 3.452340e+00 3.266930e+00 3.228193e+00 3.114411e+00 2.922788e+00 3.762251e+00 3.593355e+00 3.445292e+00 3.341140e+00
5.191276e+00 5.566713e+00 5.787108e+00 5.844881e+00 6.025825e+00 6.482298e+00 6.906449e+00 7.223425e+00 7.646139e+00 8.097409e+00 8.341446e+00 8.428583e+00 8.554385e+00 8.720719e+00 8.795353e+00 1.066000e+01 8.810102e+00 8.794020e+00 8.463383e+00 7.765131e+00 7.403638e+00 7.283476e+00 6.763388e+00 0.000000e+00 0.000000e+00 0.000000e+00 1.079000e+01 0.000000e+00 2.763568e+00 3.798651e+00 4.649581e+00 5.852639e+00 5.617556e+00 6.588951e+00 6.629391e+00 6.480675e+00 6.445711e+00 4.460721e+00 4.546044e+00 4.623440e+00 4.508577e+00 4.228440e+00 3.904593e+00 3.524561e+00 3.304348e+00 3.257896e+00 3.202538e+00 3.866878e+00 4.072085e+00 3.886132e+00 3.702508e+00 3.600795e+00
4.927310e+00 5.128882e+00 5.270725e+00 5.300026e+00 5.385245e+00 5.657396e+00 5.899775e+00 6.056349e+00 6.421536e+00 7.014785e+00 7.479263e+00 7.749478e+00 8.018385e+00 8.322348e+00 1.066000e+01 8.716118e+00 8.967540e+00 9.261521e+00 9.326702e+00 9.127061e+00 8.820973e+00 8.687800e+00 7.981746e+00 6.898775e+00 6.129596e+00 0.000000e+00 0.000000e+00 0.000000e+00 1.079000e+01 2.851993e+00 4.984479e+00 4.781137e+00 5.075869e+00 5.777495e+00 6.272671e+00 6.553183e+00 6.683498e+00 4.592035e+00 4.618632e+00 4.711145e+00 4.662681e+00 4.394429e+00 4.025133e+00 3.596454e+00 3.337965e+00 3.245566e+00 3.182001e+00 4.205372e+00 4.225787e+00 4.071982e+00 3.880281e+00 3.898011e+00
4.604571e+00 4.697085e+00 4.836048e+00 4.941148e+00 5.012418e+00 5.151255e+00 5.257541e+00 5.260156e+00 5.476011e+00 5.978098e+00 6.469670e+00 6.859216e+00 7.181027e+00 1.066000e+01 7.819246e+00 8.041333e+00 8.397022e+00 8.888237e+00 9.211992e+00 9.248717e+00 9.272147e+00 9.210651e+00 8.750488e+00 7.617578e+00 7.071241e+00 9.324292e+00 0.000000e+00 0.000000e+00 0.000000e+00 0.000000e+00 4.982215e+00 3.708854e+00 4.753867e+00 5.423509e+00 6.067588e+00 6.487602e+00 6.746302e+00 4.700910e+00 4.756939e+00 4.811507e+00 4.784768e+00 4.584099e+00 4.239191e+00 3.797473e+00 3.506924e+00 3.359349e+00 3.252749e+00 4.385951e+00 4.337478e+00 4.287872e+00 4.215525e+00 4.348145e+00
4.135948e+00 4.202722e+00 4.420588e+00 4.695712e+00 4.826829e+00 4.886043e+00 4.888437e+00 4.839893e+00 4.855507e+00 5.077008e+00 5.480147e+00 5.853507e+00 1.054788e+01 6.449664e+00 6.677435e+00 6.823092e+00 7.244840e+00 7.947448e+00 8.227977e+00 8.379121e+00 8.636606e+00 8.978642e+00 8.670921e+00 7.795327e+00 7.243247e+00 0.000000e+00 0.000000e+00 5.445635e+00 5.630215e+00 0.000000e+00 0.000000e+00 0.000000e+00 4.760115e+00 6.002363e+00 6.189055e+00 6.327262e+00 6.606743e+00 4.743970e+00 4.902863e+00 4.930547e+00 4.895959e+00 4.759806e+00 4.499061e+00 4.116897e+00 3.819311e+00 3.611654e+00 3.431606e+00 4.565473e+00 4.418321e+00 4.498061e+00 4.715983e+00 4.981277e+00
