tests/data/reference/test_implicit_stream_rill_mfda/mrsearstr_pa.asc
ncols	123
nrows	77
xllcorner	-713746.79929998
yllcorner	-1061022.36961616
cellsize	10.0
NODATA_value	-9999
[rows 23 to 45 of 77, columns 52 to 103 of 123]
6.506992e+00 7.739260e+00 7.767313e+00 7.576298e+00 7.465409e+00 7.429979e+00 7.306045e+00 7.058460e+00 6.899373e+00 6.888614e+00 6.806772e+00 6.668967e+00 6.527166e+00 6.245369e+00 5.691626e+00 5.014426e+00 8.427892e+00 4.045057e+00 4.211088e+00 4.441881e+00 4.633160e+00 4.796335e+00 4.768752e+00 4.634291e+00 3.160294e+00 3.677952e+00 8.442883e+00 4.476139e+00 5.520742e+00 3.567646e+00 4.154673e+00 3.946244e+00 2.756217e+00 2.126532e+00 -9.999000e+03 -9.999000e+03 -9.999000e+03 -9.999000e+03 -9.999000e+03 -9.999000e+03 -9.999000e+03 -9.999000e+03 -9.999000e+03 -9.999000e+03 -9.999000e+03 -9.999000e+03 -9.999000e+03 -9.999000e+03 -9.999000e+03 -9.999000e+03 -9.999000e+03 -9.999000e+03
6.799947e+00 7.569135e+00 7.834327e+00 7.620327e+00 7.475519e+00 7.385543e+00 7.226904e+00 6.988839e+00 6.869438e+00 6.872213e+00 6.817510e+00 6.739798e+00 6.545472e+00 6.121317e+00 5.566870e+00 4.991851e+00 9.355028e+00 4.226647e+00 4.495263e+00 4.864577e+00 5.188409e+00 5.425222e+00 5.452843e+00 5.332801e+00 4.566582e+00 4.396862e+00 2.812425e+00 7.438623e+00 3.679631e+00 4.983536e+00 4.917234e+00 4.170305e+00 3.774851e+00 3.169677e+00 1.946298e+00 -9.999000e+03 -9.999000e+03 -9.999000e+03 -9.999000e+03 -9.999000e+03 -9.999000e+03 -9.999000e+03 -9.999000e+03 -9.999000e+03 -9.999000e+03 -9.999000e+03 -9.999000e+03 -9.999000e+03 -9.999000e+03 -9.999000e+03 -9.999000e+03 -9.999000e+03
8.085623e+00 7.698713e+00 7.856314e+00 7.741180e+00 7.434191e+00 7.161223e+00 6.936136e+00 6.828987e+00 6.886857e+00 6.987783e+00 6.970913e+00 6.818778e+00 6.442235e+00 5.916162e+00 5.495904e+00 5.206327e+00 1.066000e+01 4.795459e+00 4.973230e+00 5.282454e+00 5.617225e+00 5.866561e+00 5.901770e+00 5.781153e+00 5.382100e+00 5.171711e+00 4.351571e+00 9.211067e+00 2.995572e+00 3.965622e+00 6.477604e+00 3.538995e+00 3.995725e+00 4.207514e+00 3.671585e+00 2.541516e+00 2.063641e+00 2.022560e+00 -9.999000e+03 -9.999000e+03 -9.999000e+03 -9.999000e+03 -9.999000e+03 -9.999000e+03 -9.999000e+03 -9.999000e+03 -9.999000e+03 -9.999000e+03 -9.999000e+03 -9.999000e+03 -9.999000e+03 -9.999000e+03
7.191092e+00 8.227348e+00 7.871473e+00 7.604217e+00 7.242568e+00 6.932517e+00 6.784690e+00 6.870683e+00 7.022381e+00 7.101235e+00 7.031355e+00 6.768856e+00 6.363977e+00 5.949803e+00 5.646446e+00 5.428097e+00 1.066000e+01 5.006145e+00 5.132580e+00 5.403430e+00 5.694124e+00 5.910158e+00 5.955314e+00 5.906901e+00 5.783354e+00 5.733707e+00 5.440271e+00 1.039342e+01 4.530442e+00 4.266413e+00 6.520997e+00 3.533600e+00 3.999100e+00 4.474316e+00 4.434512e+00 3.761331e+00 3.049606e+00 2.199916e+00 2.639599e+00 1.972596e+00 -9.999000e+03 -9.999000e+03 -9.999000e+03 -9.999000e+03 -9.999000e+03 -9.999000e+03 -9.999000e+03 -9.999000e+03 -9.999000e+03 -9.999000e+03 -9.999000e+03 -9.999000e+03
8.080300e+00 5.434650e+00 7.825734e+00 7.284945e+00 6.952587e+00 6.833264e+00 6.882068e+00 7.061743e+00 7.157066e+00 7.125310e+00 6.990971e+00 6.735194e+00 6.467545e+00 6.226474e+00 5.930038e+00 5.525571e+00 1.066000e+01 4.804109e+00 4.937070e+00 5.188787e+00 5.382014e+00 5.531856e+00 5.605347e+00 5.693053e+00 5.840889e+00 6.020531e+00 6.063714e+00 1.066000e+01 5.584676e+00 5.252467e+00 7.640840e+00 4.248396e+00 4.013040e+00 4.003711e+00 4.072835e+00 3.903718e+00 2.635008e+00 2.345058e+00 2.709096e+00 2.704014e+00 2.401689e+00 9.842676e-01 -9.999000e+03 -9.999000e+03 -9.999000e+03 -9.999000e+03 -9.999000e+03 -9.999000e+03 -9.999000e+03 -9.999000e+03 -9.999000e+03 -9.999000e+03
8.334267e+00 6.888785e+00 7.547851e+00 7.067005e+00 4.559558e+00 6.845950e+00 6.956648e+00 7.149332e+00 7.247218e+00 7.206206e+00 7.060971e+00 6.815478e+00 6.567669e+00 6.300560e+00 5.900454e+00 5.381513e+00 1.066000e+01 4.813101e+00 5.032501e+00 5.307179e+00 5.477660e+00 5.584830e+00 5.622933e+00 5.705600e+00 5.925038e+00 6.232756e+00 6.461319e+00 1.066000e+01 6.195860e+00 5.901244e+00 7.981952e+00 4.788895e+00 4.187386e+00 3.859833e+00 3.799294e+00 3.797300e+00 3.318378e+00 3.055140e+00 2.325627e+00 2.930300e+00 0.000000e+00 1.675919e+00 6.995848e-01 5.241222e-01 -9.999000e+03 -9.999000e+03 -9.999000e+03 -9.999000e+03 -9.999000e+03 -9.999000e+03 -9.999000e+03 -9.999000e+03
8.136010e+00 7.255108e+00 7.279007e+00 7.007260e+00 4.642963e+00 5.953628e+00 6.917163e+00 7.167026e+00 7.387516e+00 7.398823e+00 7.244033e+00 6.940212e+00 6.555422e+00 6.065018e+00 5.511721e+00 5.076350e+00 4.972463e+00 1.066000e+01 5.475891e+00 5.826321e+00 6.052360e+00 6.122735e+00 6.047149e+00 5.982984e+00 6.084895e+00 6.392508e+00 6.677298e+00 1.066000e+01 6.401062e+00 6.113106e+00 7.690214e+00 5.163476e+00 4.606782e+00 4.160217e+00 3.815902e+00 3.631831e+00 3.413068e+00 3.332431e+00 3.073106e+00 0.000000e+00 0.000000e+00 3.593637e+00 2.088493e+00 9.095345e-01 3.981816e-01 -9.999000e+03 -9.999000e+03 -9.999000e+03 -9.999000e+03 -9.999000e+03 -9.999000e+03 -9.999000e+03
7.481735e+00 6.966869e+00 6.921454e+00 6.899777e+00 6.019798e+00 4.672923e+00 6.628345e+00 7.272228e+00 7.435785e+00 7.317063e+00 7.053740e+00 6.656194e+00 6.189385e+00 5.664995e+00 5.263478e+00 5.153096e+00 5.338055e+00 5.711755e+00 1.066000e+01 6.407084e+00 6.546247e+00 6.495132e+00 6.317301e+00 6.189713e+00 6.252837e+00 6.550664e+00 6.776335e+00 1.045731e+01 6.531187e+00 6.356336e+00 7.504042e+00 5.647579e+00 5.139081e+00 4.660479e+00 3.006400e+00 2.753204e+00 3.664123e+00 3.685961e+00 0.000000e+00 0.000000e+00 2.200086e+00 3.135857e+00 1.982812e+00 1.451115e+00 1.015603e+00 3.609888e-01 -9.999000e+03 -9.999000e+03 -9.999000e+03 -9.999000e+03 -9.999000e+03 -9.999000e+03
6.419831e+00 6.272757e+00 6.475047e+00 6.718168e+00 6.568005e+00 6.133984e+00 4.879834e+00 7.252740e+00 7.220780e+00 6.834200e+00 6.408850e+00 5.927481e+00 5.517555e+00 5.271405e+00 5.331066e+00 5.650004e+00 6.059581e+00 6.508816e+00 1.066000e+01 6.985136e+00 6.893328e+00 6.656874e+00 6.408151e+00 6.314202e+00 6.431622e+00 6.690290e+00 6.753307e+00 9.834907e+00 6.609388e+00 6.634119e+00 7.360524e+00 6.242567e+00 5.769497e+00 3.792726e+00 3.408352e+00 3.094624e+00 4.244596e+00 0.000000e+00 0.000000e+00 2.891592e+00 2.870151e+00 3.059494e+00 1.752125e+00 1.418598e+00 1.427211e+00 1.247269e+00 1.056362e+00 -9.999000e+03 -9.999000e+03 -9.999000e+03 -9.999000e+03 -9.999000e+03
5.030427e+00 5.257246e+00 5.672424e+00 6.063553e+00 4.305351e+00 6.608068e+00 6.657671e+00 6.129690e+00 6.811139e+00 6.512913e+00 6.164138e+00 5.796835e+00 5.586122e+00 5.600210e+00 5.845920e+00 6.239486e+00 6.610828e+00 6.927889e+00 1.066000e+01 6.992678e+00 6.800939e+00 6.575745e+00 6.419414e+00 6.435439e+00 6.601854e+00 6.769764e+00 6.649811e+00 9.064255e+00 6.423192e+00 6.518653e+00 6.727802e+00 6.414802e+00 4.210456e+00 4.053387e+00 3.740115e+00 3.431159e+00 0.000000e+00 0.000000e+00 3.521522e+00 3.731454e+00 3.386141e+00 3.250805e+00 1.694844e+00 1.402823e+00 1.780567e+00 1.879014e+00 1.860533e+00 1.214868e+00 3.791920e-01 -9.999000e+03 -9.999000e+03 -9.999000e+03
3.499755e+00 4.050296e+00 4.519268e+00 4.945470e+00 5.406197e+00 5.100798e+00 6.212154e+00 6.350290e+00 6.217400e+00 6.567382e+00 6.529263e+00 6.459627e+00 6.483177e+00 6.555948e+00 6.652732e+00 6.786199e+00 6.858497e+00 6.837958e+00 6.638242e+00 1.066000e+01 6.271121e+00 6.260428e+00 6.361815e+00 6.560546e+00 6.756783e+00 6.784867e+00 6.468031e+00 8.153527e+00 5.977019e+00 5.997401e+00 6.118144e+00 4.178773e+00 4.092930e+00 4.052689e+00 0.000000e+00 0.000000e+00 0.000000e+00 3.638148e+00 4.523669e+00 4.255790e+00 3.880830e+00 2.657306e+00 2.364020e+00 2.404103e+00 2.222529e+00 1.960671e+00 1.773565e+00 1.402368e+00 1.227011e+00 5.754189e-01 -9.999000e+03 -9.999000e+03
1.079000e+01 1.079000e+01 4.026603e+00 4.502384e+00 4.828843e+00 5.410105e+00 5.627690e+00 6.272498e+00 6.570109e+00 6.739365e+00 7.018333e+00 7.162453e+00 7.305597e+00 7.360583e+00 7.321198e+00 7.206813e+00 6.972433e+00 6.646676e+00 6.225141e+00 1.079000e+01 5.657597e+00 5.715104e+00 5.974948e+00 6.298765e+00 6.490189e+00 6.389731e+00 5.966087e+00 7.079995e+00 5.528390e+00 5.559218e+00 5.759198e+00 4.114205e+00 4.102956e+00 0.000000e+00 0.000000e+00 4.642195e+00 3.931899e+00 4.785355e+00 5.026823e+00 4.694340e+00 3.161444e+00 2.984651e+00 2.766797e+00 3.117290e+00 2.695919e+00 2.325825e+00 1.656584e+00 1.681257e+00 1.699379e+00 2.527122e+00 1.145863e+00 5.935906e-01
6.449508e+00 6.118469e+00 1.079000e+01 4.402441e+00 4.865133e+00 5.651622e+00 6.303932e+00 6.653364e+00 7.161518e+00 7.475454e+00 7.691892e+00 7.969284e+00 8.134386e+00 8.164514e+00 8.051296e+00 7.721435e+00 7.198327e+00 6.626095e+00 6.039163e+00 5.494029e+00 1.079000e+01 5.136409e+00 5.446948e+00 5.815617e+00 5.758847e+00 5.554764e+00 5.138580e+00 5.862906e+00 5.061847e+00 5.225001e+00 5.540610e+00 4.145899e+00 0.000000e+00 0.000000e+00 4.534781e+00 5.505274e+00 4.988965e+00 5.320787e+00 5.363012e+00 3.634116e+00 3.426190e+00 3.190258e+00 2.954206e+00 2.662329e+00 3.180445e+00 2.972465e+00 2.248659e+00 2.687620e+00 2.581216e+00 2.899701e+00 1.677900e+00 2.497267e+00
3.652456e+00 4.802519e+00 5.138132e+00 1.079000e+01 1.079000e+01 1.079000e+01 1.079000e+01 6.443667e+00 6.564465e+00 6.726088e+00 6.865246e+00 7.026233e+00 7.079487e+00 6.983521e+00 9.259467e+00 6.429046e+00 6.002314e+00 5.619504e+00 5.232564e+00 4.867317e+00 3.306238e+00 1.079000e+01 7.121868e+00 5.425953e+00 5.337097e+00 5.001831e+00 4.503507e+00 4.925698e+00 4.809803e+00 5.123265e+00 5.505371e+00 0.000000e+00 0.000000e+00 4.142545e+00 5.583159e+00 5.743143e+00 5.429970e+00 5.545119e+00 5.534420e+00 3.795016e+00 3.622902e+00 3.365580e+00 3.123595e+00 2.856871e+00 3.514353e+00 3.306685e+00 3.034145e+00 3.185609e+00 3.087126e+00 3.162722e+00 2.603951e+00 2.998899e+00
5.784292e+00 6.311678e+00 6.223205e+00 5.396342e+00 5.253927e+00 5.889971e+00 6.102618e+00 1.079000e+01 1.079000e+01 1.079000e+01 1.079000e+01 1.079000e+01 1.079000e+01 1.079000e+01 1.079000e+01 1.079000e+01 1.079000e+01 4.111385e+00 4.322186e+00 4.485736e+00 4.757782e+00 4.639411e+00 1.079000e+01 5.323351e+00 4.834546e+00 4.382191e+00 4.266362e+00 4.319389e+00 4.823487e+00 5.284612e+00 0.000000e+00 0.000000e+00 4.385139e+00 4.237756e+00 6.018832e+00 5.913059e+00 5.648069e+00 5.613687e+00 5.568537e+00 3.849121e+00 3.733007e+00 3.496611e+00 3.273244e+00 3.021837e+00 2.739032e+00 2.480874e+00 3.084310e+00 3.126009e+00 3.204565e+00 3.389058e+00 3.310839e+00 3.399575e+00
5.854349e+00 6.640714e+00 6.598882e+00 1.079000e+01 1.079000e+01 1.079000e+01 1.079000e+01 1.079000e+01 1.079000e+01 1.079000e+01 1.079000e+01 1.079000e+01 1.079000e+01 1.079000e+01 1.079000e+01 1.079000e+01 1.079000e+01 1.079000e+01 1.079000e+01 3.703327e+00 4.092461e+00 4.728602e+00 1.079000e+01 4.710303e+00 4.270634e+00 3.979520e+00 4.014776e+00 4.474298e+00 4.939947e+00 0.000000e+00 0.000000e+00 4.369179e+00 4.445027e+00 4.297751e+00 6.206297e+00 6.060643e+00 5.829337e+00 5.768413e+00 3.980013e+00 3.983188e+00 3.889825e+00 3.652279e+00 3.413647e+00 3.179689e+00 2.921894e+00 2.633590e+00 2.396183e+00 3.106343e+00 3.189938e+00 3.392788e+00 3.503955e+00 3.508361e+00
6.295787e+00 1.066000e+01 1.066000e+01 6.347349e+00 6.649716e+00 7.335910e+00 7.718577e+00 7.769344e+00 7.722207e+00 7.581565e+00 7.374042e+00 7.306616e+00 6.957297e+00 6.508739e+00 6.017415e+00 5.558081e+00 7.187833e+00 8.104783e+00 6.966895e+00 1.079000e+01 1.079000e+01 1.079000e+01 1.079000e+01 1.079000e+01 3.667754e+00 3.781826e+00 3.999732e+00 4.647777e+00 0.000000e+00 0.000000e+00 4.193108e+00 5.684155e+00 4.479053e+00 4.323633e+00 6.300014e+00 6.202031e+00 6.031596e+00 6.020443e+00 4.179174e+00 4.195157e+00 4.112345e+00 3.865135e+00 3.563956e+00 3.304510e+00 3.127153e+00 2.919276e+00 2.634692e+00 3.238920e+00 3.145008e+00 3.159261e+00 3.184680e+00 3.229895e+00
1.066000e+01 5.959763e+00 6.374324e+00 6.694396e+00 7.242478e+00 7.985414e+00 8.465682e+00 8.671609e+00 8.790828e+00 8.789701e+00 8.655569e+00 8.420840e+00 8.114202e+00 7.741511e+00 7.312585e+00 7.095132e+00 6.665335e+00 8.637669e+00 7.717118e+00 8.081989e+00 8.928447e+00 1.079000e+01 8.440131e+00 1.079000e+01 1.079000e+01 3.064361e+00 3.737577e+00 3.383620e+00 0.000000e+00 4.469350e+00 5.213254e+00 6.212609e+00 4.567632e+00 5.700993e+00 6.430333e+00 6.310412e+00 6.186900e+00 6.237046e+00 4.339668e+00 4.352904e+00 4.258685e+00 4.031210e+00 3.711619e+00 3.388818e+00 3.234974e+00 3.128863e+00 2.891480e+00 2.621944e+00 3.333986e+00 3.219104e+00 3.142118e+00 3.155892e+00
5.327464e+00 5.761552e+00 6.104117e+00 6.294065e+00 6.649749e+00 7.281333e+00 7.798279e+00 8.140188e+00 8.477063e+00 8.709484e+00 8.741099e+00 8.672187e+00 8.616140e+00 8.553965e+00 8.403395e+00 8.191764e+00 1.066000e+01 7.652728e+00 7.230192e+00 6.253291e+00 5.762458e+00 0.000000e+00 0.000000e+00 0.000000e+00 1.079000e+01 1.079000e+01 3.324918e+00 0.000000e+00 0.000000e+00 4.643680e+00 5.340217e+00 6.242008e+00 4.685328e+00 6.562349e+00 6.635512e+00 6.385364e+00 6.285053e+00 4.377942e+00 4.470719e+00 4.494655e+00 4.357604e+00 4.117803e+00 3.817982e+00 3.458987e+00 3.273162e+00 3.234338e+00 3.120302e+00 2.928253e+00 3.761970e+00 3.592888e+00 3.444750e+00 3.340475e+00
5.191158e+00 5.566856e+00 5.787372e+00 5.845148e+00 6.026161e+00 6.482868e+00 6.907237e+00 7.224303e+00 7.647181e+00 8.098970e+00 8.343375e+00 8.430616e+00 8.556390e+00 8.722507e+00 8.797063e+00 1.066000e+01 8.811302e+00 8.795176e+00 8.464523e+00 7.765646e+00 7.402111e+00 7.281707e+00 6.761416e+00 0.000000e+00 0.000000e+00 0.000000e+00 1.079000e+01 0.000000e+00 2.762910e+00 3.799514e+00 4.650151e+00 5.852092e+00 5.627575e+00 6.592874e+00 6.628456e+00 6.479726e+00 6.444887e+00 4.469633e+00 4.555148e+00 4.632718e+00 4.517597e+00 4.236831e+00 3.912256e+00 3.531370e+00 3.310664e+00 3.264108e+00 3.208626e+00 3.872624e+00 4.071970e+00 3.885895e+00 3.702168e+00 3.600367e+00
4.926981e+00 5.128765e+00 5.270716e+00 5.300100e+00 5.385435e+00 5.657719e+00 5.900122e+00 6.056631e+00 6.422296e+00 7.016013e+00 7.480972e+00 7.751472e+00 8.020072e+00 8.324318e+00 1.066000e+01 8.717832e+00 8.969530e+00 9.264424e+00 9.329817e+00 9.129022e+00 8.823221e+00 8.688415e+00 7.981550e+00 6.897837e+00 6.127632e+00 0.000000e+00 0.000000e+00 0.000000e+00 7.056548e+00 2.854328e+00 5.013603e+00 4.779065e+00 5.081161e+00 5.778000e+00 6.271480e+00 6.552199e+00 6.682689e+00 4.601242e+00 4.627899e+00 4.720620e+00 4.672047e+00 4.403193e+00 4.033066e+00 3.603425e+00 3.344356e+00 3.251750e+00 3.188043e+00 4.208909e+00 4.225607e+00 4.071767e+00 3.879999e+00 3.897753e+00
4.603801e+00 4.696528e+00 4.835698e+00 4.941093e+00 5.012624e+00 5.151545e+00 5.257717e+00 5.261040e+00 5.477013e+00 5.979458e+00 6.471426e+00 6.860137e+00 7.182610e+00 1.066000e+01 7.820534e+00 8.043210e+00 8.400530e+00 8.892428e+00 9.214546e+00 9.253484e+00 9.276606e+00 9.214855e+00 8.753196e+00 7.618916e+00 7.071783e+00 9.405781e+00 0.000000e+00 0.000000e+00 0.000000e+00 0.000000e+00 5.022648e+00 3.706445e+00 4.754287e+00 5.422302e+00 6.066116e+00 6.486527e+00 6.745471e+00 4.710362e+00 4.766516e+00 4.821207e+00 4.794408e+00 4.593288e+00 4.247606e+00 3.804895e+00 3.513694e+00 3.365788e+00 3.258949e+00 4.387362e+00 4.337125e+00 4.287591e+00 4.215288e+00 4.348052e+00
4.134706e+00 4.201689e+00 4.419858e+00 4.695483e+00 4.827002e+00 4.886254e+00 4.890505e+00 4.841889e+00 4.857527e+00 5.079201e+00 5.480294e+00 5.854838e+00 1.061227e+01 6.450248e+00 6.679234e+00 6.827238e+00 7.249554e+00 7.949033e+00 8.234414e+00 8.385822e+00 8.643522e+00 8.986093e+00 8.678234e+00 7.800358e+00 7.247136e+00 0.000000e+00 0.000000e+00 5.397193e+00 5.627091e+00 0.000000e+00 0.000000e+00 0.000000e+00 4.758930e+00 5.999970e+00 6.187587e+00 6.326026e+00 6.605726e+00 4.753519e+00 4.912768e+00 4.940514e+00 4.905849e+00 4.769390e+00 4.508060e+00 4.125037e+00 3.826782e+00 3.618658e+00 3.438207e+00 4.565678e+00 4.417813e+00 4.497721e+00 4.715900e+00 4.981427e+00
