tests/data/reference/test_implicit_stream_rill_mfda/mvel_m_s.asc
ncols	123
nrows	77
xllcorner	-713746.79929998
yllcorner	-1061022.36961616
cellsize	10.0
NODATA_value	-9999
[rows 46 to 68 of 77, columns 0 to 51 of 123]
-9.999000e+03 -9.999000e+03 -9.999000e+03 -9.999000e+03 -9.999000e+03 -9.999000e+03 1.068355e-01 3.670116e-02 3.075980e-02 3.182322e-02 2.697406e-02 3.287476e-02 3.574799e-02 3.608254e-02 3.607540e-02 3.582959e-02 3.603287e-02 3.644815e-02 3.787024e-02 4.106776e-02 4.371647e-02 4.286801e-02 4.309915e-02 4.238807e-02 4.476434e-02 4.728741e-02 4.806300e-02 4.695446e-02 4.649856e-02 4.687326e-02 4.702465e-02 9.402102e-02 9.669975e-02 4.908229e-02 5.092660e-02 5.302128e-02 5.536515e-02 5.763850e-02 5.946088e-02 6.104402e-02 6.200042e-02 6.225503e-02 6.244725e-02 6.290677e-02 6.265302e-02 6.145042e-02 6.034006e-02 5.917741e-02 5.724990e-02 5.451731e-02 5.285038e-02 5.302234e-02
-9.999000e+03 -9.999000e+03 -9.999000e+03 -9.999000e+03 -9.999000e+03 -9.999000e+03 1.527157e-02 3.108593e-02 3.173942e-02 3.322793e-02 2.925964e-02 3.576884e-02 3.735470e-02 3.810971e-02 3.839954e-02 3.741128e-02 3.604419e-02 3.515402e-02 3.624915e-02 3.949365e-02 3.467836e-02 3.588900e-02 3.649968e-02 3.644844e-02 4.349441e-02 4.720225e-02 4.828226e-02 8.357591e-02 8.663509e-02 9.097313e-02 9.377995e-02 4.849955e-02 4.921101e-02 5.069725e-02 5.239329e-02 5.400990e-02 5.578359e-02 5.773379e-02 5.938689e-02 6.097873e-02 6.238609e-02 6.343624e-02 6.418264e-02 6.469630e-02 6.451130e-02 6.338396e-02 6.209723e-02 6.096070e-02 5.955272e-02 5.730472e-02 5.505024e-02 5.384774e-02
-9.999000e+03 -9.999000e+03 -9.999000e+03 -9.999000e+03 -9.999000e+03 9.569425e-02 2.888030e-02 3.667154e-02 2.805279e-02 2.855267e-02 3.305427e-02 3.506510e-02 3.690585e-02 3.847594e-02 3.840800e-02 3.819421e-02 3.691177e-02 3.557607e-02 3.637488e-02 3.935964e-02 4.954949e-02 5.760519e-02 6.454996e-02 7.177182e-02 7.558024e-02 7.998458e-02 8.376554e-02 4.861412e-02 4.860637e-02 4.956399e-02 4.988316e-02 4.965568e-02 5.034698e-02 5.153483e-02 5.270297e-02 5.378882e-02 5.519948e-02 5.718976e-02 5.893135e-02 6.039731e-02 6.184826e-02 6.319637e-02 6.430101e-02 6.510962e-02 6.533308e-02 6.473821e-02 6.357634e-02 6.217169e-02 6.096398e-02 5.951424e-02 5.751004e-02 5.554331e-02
-9.999000e+03 -9.999000e+03 -9.999000e+03 -9.999000e+03 1.351347e-01 1.115495e-02 3.236432e-02 3.731379e-02 2.651896e-02 2.544958e-02 2.990845e-02 3.215943e-02 3.590037e-02 3.534870e-02 3.725423e-02 3.803057e-02 3.770392e-02 3.647832e-02 3.725541e-02 4.008185e-02 4.263796e-02 4.474627e-02 4.718863e-02 4.898068e-02 5.016249e-02 5.042258e-02 5.063433e-02 5.060195e-02 5.047563e-02 5.070976e-02 5.082094e-02 5.050370e-02 5.050840e-02 5.090136e-02 5.153200e-02 5.231348e-02 5.363812e-02 5.587745e-02 5.796118e-02 5.953226e-02 6.080873e-02 6.194529e-02 6.309346e-02 6.416811e-02 6.491685e-02 6.511964e-02 6.447777e-02 6.300271e-02 6.180607e-02 6.111592e-02 5.951883e-02 5.734541e-02
-9.999000e+03 -9.999000e+03 -9.999000e+03 -9.999000e+03 1.068988e-01 3.099578e-02 3.150543e-02 3.110552e-02 2.721324e-02 2.351884e-02 2.813174e-02 3.540372e-02 2.781848e-02 3.399634e-02 3.654550e-02 3.798802e-02 3.803320e-02 3.673576e-02 3.749063e-02 4.038342e-02 4.337101e-02 4.673838e-02 4.809840e-02 5.115880e-02 5.250730e-02 5.264059e-02 5.302343e-02 5.348267e-02 5.333014e-02 5.298988e-02 5.298420e-02 5.281337e-02 5.248379e-02 5.221304e-02 5.217656e-02 5.242534e-02 5.319622e-02 5.488923e-02 5.690909e-02 5.874267e-02 5.987969e-02 6.049403e-02 6.135998e-02 6.246106e-02 6.353368e-02 6.436747e-02 6.434198e-02 6.326323e-02 6.238909e-02 6.167769e-02 6.070586e-02 5.848562e-02
-9.999000e+03 -9.999000e+03 -9.999000e+03 9.844692e-02 9.722143e-03 3.018024e-02 2.470649e-02 2.569037e-02 2.221935e-02 2.537356e-02 3.002162e-02 2.793283e-02 2.616509e-02 3.252288e-02 3.581940e-02 3.761546e-02 3.789927e-02 3.681901e-02 3.739892e-02 4.020784e-02 4.690198e-02 4.541275e-02 4.980820e-02 5.277054e-02 5.443506e-02 5.498735e-02 5.567436e-02 5.646161e-02 5.648680e-02 5.595031e-02 5.572329e-02 5.558977e-02 5.530453e-02 5.480706e-02 5.423924e-02 5.390664e-02 5.387444e-02 5.448222e-02 5.607561e-02 5.814826e-02 5.914100e-02 5.907888e-02 5.942558e-02 6.028293e-02 6.142484e-02 6.268687e-02 6.332742e-02 6.305037e-02 6.070787e-02 6.079583e-02 6.008235e-02 5.820432e-02
-9.999000e+03 -9.999000e+03 -9.999000e+03 8.980551e-02 2.610277e-02 2.458667e-02 2.113729e-02 1.876195e-02 2.089403e-02 2.170819e-02 2.520161e-02 2.511996e-02 2.384768e-02 3.046727e-02 3.443930e-02 3.636482e-02 3.699435e-02 3.641782e-02 3.631640e-02 4.668198e-02 3.497853e-02 4.378635e-02 4.815806e-02 5.129100e-02 5.362145e-02 5.495356e-02 5.596121e-02 5.690754e-02 5.708333e-02 5.645670e-02 5.596386e-02 5.573918e-02 5.570470e-02 5.565945e-02 5.547308e-02 5.536126e-02 5.511241e-02 5.483993e-02 5.584171e-02 5.800189e-02 5.902123e-02 5.863063e-02 5.848665e-02 5.878015e-02 5.954308e-02 6.075362e-02 6.179958e-02 5.687365e-02 5.689412e-02 5.668353e-02 5.605141e-02 9.341080e-02
-9.999000e+03 -9.999000e+03 7.422857e-02 5.504371e-03 2.275203e-02 2.225811e-02 1.630850e-02 1.466565e-02 1.598358e-02 1.389788e-02 1.874811e-02 2.068673e-02 2.032530e-02 2.775683e-02 3.223169e-02 3.413168e-02 3.536777e-02 3.548093e-02 3.889355e-02 3.357376e-02 3.056163e-02 3.834569e-02 4.290332e-02 4.660154e-02 5.011613e-02 5.246902e-02 5.392200e-02 5.507068e-02 5.539881e-02 5.474391e-02 5.397723e-02 5.360858e-02 5.400401e-02 5.491416e-02 5.564221e-02 5.629634e-02 5.640418e-02 5.581367e-02 5.611673e-02 5.793224e-02 5.914674e-02 5.904340e-02 5.863095e-02 5.823357e-02 5.838536e-02 5.926683e-02 4.566090e-02 4.644200e-02 4.656048e-02 4.608217e-02 9.769811e-02 5.995211e-02
-9.999000e+03 -9.999000e+03 8.631337e-03 2.124305e-02 2.089584e-02 1.662823e-02 1.305908e-02 1.642862e-02 1.651475e-02 7.888466e-03 1.457303e-02 1.719614e-02 1.721325e-02 2.495564e-02 2.868289e-02 2.993800e-02 3.136014e-02 3.236949e-02 3.058462e-02 2.953672e-02 2.499558e-02 3.139001e-02 3.601895e-02 4.025755e-02 4.418255e-02 4.764983e-02 5.023118e-02 5.193535e-02 5.275884e-02 5.252875e-02 5.180284e-02 5.117188e-02 5.181452e-02 5.311988e-02 5.441079e-02 5.550156e-02 5.600815e-02 5.574446e-02 5.599284e-02 5.733319e-02 5.851750e-02 5.893529e-02 5.879750e-02 5.837958e-02 5.849944e-02 5.943696e-02 6.037032e-02 6.137409e-02 9.496063e-02 1.012051e-01 6.019591e-02 6.008487e-02
-9.999000e+03 6.315446e-02 1.300885e-02 2.452169e-02 1.956030e-02 1.035264e-02 1.744355e-02 1.736447e-02 -9.999000e+03 -9.999000e+03 -9.999000e+03 1.433986e-02 1.581356e-02 2.085685e-02 2.306115e-02 2.318625e-02 2.422020e-02 2.601064e-02 2.415152e-02 1.768866e-02 1.619718e-02 2.174807e-02 2.821133e-02 3.172935e-02 3.568748e-02 4.078549e-02 4.456819e-02 4.726813e-02 4.887914e-02 4.936730e-02 4.898338e-02 4.881051e-02 4.900235e-02 5.064331e-02 5.213919e-02 5.347401e-02 5.423372e-02 5.439946e-02 5.517438e-02 5.656420e-02 5.768271e-02 5.831003e-02 5.859528e-02 5.845124e-02 5.892816e-02 6.025325e-02 7.536990e-02 8.643116e-02 6.167079e-02 6.062211e-02 6.047063e-02 6.105754e-02
-9.999000e+03 1.013471e-01 2.073583e-02 1.944116e-02 1.557061e-02 1.604140e-02 -9.999000e+03 -9.999000e+03 -9.999000e+03 -9.999000e+03 -9.999000e+03 -9.999000e+03 1.703941e-02 1.985478e-02 2.350968e-02 2.490156e-02 2.318076e-02 2.780085e-02 2.661542e-02 1.871360e-02 1.402861e-02 1.448607e-02 1.853421e-02 2.309008e-02 2.921010e-02 3.382699e-02 3.777834e-02 4.102432e-02 4.302782e-02 4.393849e-02 4.625143e-02 4.529786e-02 4.633652e-02 4.818424e-02 5.006761e-02 5.169173e-02 5.253922e-02 5.260877e-02 5.372729e-02 5.606064e-02 5.737395e-02 5.797443e-02 5.798702e-02 5.805356e-02 5.920625e-02 6.050862e-02 6.146688e-02 6.200036e-02 6.164473e-02 6.078086e-02 6.112527e-02 6.267500e-02
9.927624e-02 1.194009e-02 2.129078e-02 1.582161e-02 9.620117e-03 1.982083e-02 -9.999000e+03 -9.999000e+03 -9.999000e+03 -9.999000e+03 -9.999000e+03 -9.999000e+03 -9.999000e+03 -9.999000e+03 -9.999000e+03 2.372716e-02 2.875557e-02 2.527992e-02 2.375646e-02 2.144017e-02 2.461849e-02 -9.999000e+03 -9.999000e+03 1.852259e-02 2.320396e-02 2.596450e-02 2.890626e-02 3.177157e-02 3.320227e-02 4.068322e-02 3.987146e-02 4.199669e-02 4.298109e-02 4.554376e-02 4.782670e-02 4.957451e-02 5.039157e-02 5.029267e-02 5.244799e-02 5.515061e-02 5.700948e-02 5.651991e-02 5.659119e-02 5.809296e-02 5.847566e-02 6.006662e-02 6.171596e-02 6.176452e-02 6.156237e-02 6.075063e-02 6.208852e-02 6.426883e-02
7.962115e-02 1.500547e-02 1.397926e-02 1.391997e-02 2.019779e-02 -9.999000e+03 -9.999000e+03 -9.999000e+03 -9.999000e+03 -9.999000e+03 -9.999000e+03 -9.999000e+03 -9.999000e+03 -9.999000e+03 -9.999000e+03 -9.999000e+03 -9.999000e+03 -9.999000e+03 -9.999000e+03 -9.999000e+03 -9.999000e+03 -9.999000e+03 -9.999000e+03 1.737507e-02 2.205600e-02 2.380002e-02 2.955074e-02 3.398277e-02 3.555666e-02 2.917444e-02 3.528987e-02 3.553502e-02 3.786552e-02 4.132917e-02 4.381451e-02 4.517711e-02 4.598927e-02 4.895424e-02 4.993905e-02 5.340116e-02 5.264888e-02 5.282768e-02 5.714337e-02 5.565488e-02 5.617352e-02 5.897150e-02 5.857457e-02 5.926495e-02 5.917240e-02 5.990448e-02 6.067929e-02 6.484222e-02
-9.999000e+03 2.111979e-02 1.984640e-02 2.370942e-02 -9.999000e+03 -9.999000e+03 -9.999000e+03 -9.999000e+03 -9.999000e+03 -9.999000e+03 -9.999000e+03 -9.999000e+03 -9.999000e+03 -9.999000e+03 -9.999000e+03 -9.999000e+03 -9.999000e+03 -9.999000e+03 -9.999000e+03 -9.999000e+03 -9.999000e+03 -9.999000e+03 -9.999000e+03 -9.999000e+03 -9.999000e+03 -9.999000e+03 2.600622e-02 2.815833e-02 3.190112e-02 2.937847e-02 2.444618e-02 2.641536e-02 2.967535e-02 3.367797e-02 3.550739e-02 3.595025e-02 4.535624e-02 4.415177e-02 4.628851e-02 4.192465e-02 4.323317e-02 5.565721e-02 5.185278e-02 5.161956e-02 5.601224e-02 5.225594e-02 5.272929e-02 5.314561e-02 5.789741e-02 5.580541e-02 5.903415e-02 5.888627e-02
-9.999000e+03 -9.999000e+03 -9.999000e+03 -9.999000e+03 -9.999000e+03 -9.999000e+03 -9.999000e+03 -9.999000e+03 -9.999000e+03 -9.999000e+03 -9.999000e+03 -9.999000e+03 -9.999000e+03 -9.999000e+03 -9.999000e+03 -9.999000e+03 -9.999000e+03 -9.999000e+03 -9.999000e+03 -9.999000e+03 -9.999000e+03 -9.999000e+03 -9.999000e+03 -9.999000e+03 -9.999000e+03 -9.999000e+03 -9.999000e+03 -9.999000e+03 2.696172e-02 2.673487e-02 2.226112e-02 2.410469e-02 2.790676e-02 3.721397e-02 4.086104e-02 4.043865e-02 3.383184e-02 3.608965e-02 3.822051e-02 4.786122e-02 5.229946e-02 4.208297e-02 4.246544e-02 5.497180e-02 4.276882e-02 4.282043e-02 4.263072e-02 5.497620e-02 5.084740e-02 5.539602e-02 4.471341e-02 4.817117e-02
-9.999000e+03 -9.999000e+03 -9.999000e+03 -9.999000e+03 -9.999000e+03 -9.999000e+03 -9.999000e+03 -9.999000e+03 -9.999000e+03 -9.999000e+03 -9.999000e+03 -9.999000e+03 -9.999000e+03 -9.999000e+03 -9.999000e+03 -9.999000e+03 -9.999000e+03 -9.999000e+03 -9.999000e+03 -9.999000e+03 -9.999000e+03 -9.999000e+03 -9.999000e+03 -9.999000e+03 -9.999000e+03 -9.999000e+03 -9.999000e+03 -9.999000e+03 -9.999000e+03 2.334390e-02 2.732042e-02 2.926859e-02 3.351074e-02 3.373620e-02 3.455109e-02 3.250745e-02 3.263744e-02 3.525245e-02 4.373026e-02 4.802628e-02 5.016192e-02 5.104496e-02 5.244345e-02 4.215069e-02 5.102557e-02 5.409052e-02 5.425519e-02 4.068362e-02 5.278635e-02 4.278329e-02 5.349550e-02 6.026817e-02
-9.999000e+03 -9.999000e+03 -9.999000e+03 -9.999000e+03 -9.999000e+03 -9.999000e+03 -9.999000e+03 -9.999000e+03 -9.999000e+03 -9.999000e+03 -9.999000e+03 -9.999000e+03 -9.999000e+03 -9.999000e+03 -9.999000e+03 -9.999000e+03 -9.999000e+03 -9.999000e+03 -9.999000e+03 -9.999000e+03 -9.999000e+03 -9.999000e+03 -9.999000e+03 -9.999000e+03 -9.999000e+03 -9.999000e+03 -9.999000e+03 -9.999000e+03 -9.999000e+03 -9.999000e+03 3.057112e-02 -9.999000e+03 -9.999000e+03 -9.999000e+03 -9.999000e+03 -9.999000e+03 -9.999000e+03 -9.999000e+03 3.712225e-02 4.472156e-02 4.732164e-02 4.764154e-02 4.908259e-02 5.196351e-02 5.377127e-02 5.431059e-02 5.325419e-02 5.042626e-02 3.973515e-02 5.103001e-02 5.685985e-02 5.990647e-02
-9.999000e+03 -9.999000e+03 -9.999000e+03 -9.999000e+03 -9.999000e+03 -9.999000e+03 -9.999000e+03 -9.999000e+03 -9.999000e+03 -9.999000e+03 -9.999000e+03 -9.999000e+03 -9.999000e+03 -9.999000e+03 -9.999000e+03 -9.999000e+03 -9.999000e+03 -9.999000e+03 -9.999000e+03 -9.999000e+03 -9.999000e+03 -9.999000e+03 -9.999000e+03 -9.999000e+03 -9.999000e+03 -9.999000e+03 -9.999000e+03 -9.999000e+03 -9.999000e+03 -9.999000e+03 -9.999000e+03 -9.999000e+03 -9.999000e+03 -9.999000e+03 -9.999000e+03 -9.999000e+03 -9.999000e+03 -9.999000e+03 -9.999000e+03 -9.999000e+03 -9.999000e+03 3.730328e-02 3.816469e-02 4.051006e-02 4.952533e-02 5.238111e-02 5.193177e-02 4.904183e-02 4.997535e-02 5.514770e-02 5.797470e-02 5.799797e-02
-9.999000e+03 -9.999000e+03 -9.999000e+03 -9.999000e+03 -9.999000e+03 -9.999000e+03 -9.999000e+03 -9.999000e+03 -9.999000e+03 -9.999000e+03 -9.999000e+03 -9.999000e+03 -9.999000e+03 -9.999000e+03 -9.999000e+03 -9.999000e+03 -9.999000e+03 -9.999000e+03 -9.999000e+03 -9.999000e+03 -9.999000e+03 -9.999000e+03 -9.999000e+03 -9.999000e+03 -9.999000e+03 -9.999000e+03 -9.999000e+03 -9.999000e+03 -9.999000e+03 -9.999000e+03 -9.999000e+03 -9.999000e+03 -9.999000e+03 -9.999000e+03 -9.999000e+03 -9.999000e+03 -9.999000e+03 -9.999000e+03 -9.999000e+03 -9.999000e+03 -9.999000e+03 -9.999000e+03 -9.999000e+03 -9.999000e+03 4.213009e-02 4.154939e-02 4.821461e-02 4.859541e-02 3.982005e-02 5.167548e-02 5.599051e-02 5.451924e-02
-9.999000e+03 -9.999000e+03 -9.999000e+03 -9.999000e+03 -9.999000e+03 -9.999000e+03 -9.999000e+03 -9.999000e+03 -9.999000e+03 -9.999000e+03 -9.999000e+03 -9.999000e+03 -9.999000e+03 -9.999000e+03 -9.999000e+03 -9.999000e+03 -9.999000e+03 -9.999000e+03 -9.999000e+03 -9.999000e+03 -9.999000e+03 -9.999000e+03 -9.999000e+03 -9.999000e+03 -9.999000e+03 -9.999000e+03 -9.999000e+03 -9.999000e+03 -9.999000e+03 -9.999000e+03 -9.999000e+03 -9.999000e+03 -9.999000e+03 -9.999000e+03 -9.999000e+03 -9.999000e+03 -9.999000e+03 -9.999000e+03 -9.999000e+03 -9.999000e+03 -9.999000e+03 -9.999000e+03 -9.999000e+03 -9.999000e+03 -9.999000e+03 -9.999000e+03 -9.999000e+03 -9.999000e+03 -9.999000e+03 -9.999000e+03 4.359172e-02 4.789378e-02
-9.999000e+03 -9.999000e+03 -9.999000e+03 -9.999000e+03 -9.999000e+03 -9.999000e+03 -9.999000e+03 -9.999000e+03 -9.999000e+03 -9.999000e+03 -9.999000e+03 -9.999000e+03 -9.999000e+03 -9.999000e+03 -9.999000e+03 -9.999000e+03 -9.999000e+03 -9.999000e+03 -9.999000e+03 -9.999000e+03 -9.999000e+03 -9.999000e+03 -9.999000e+03 -9.999000e+03 -9.999000e+03 -9.999000e+03 -9.999000e+03 -9.999000e+03 -9.999000e+03 -9.999000e+03 -9.999000e+03 -9.999000e+03 -9.999000e+03 -9.999000e+03 -9.999000e+03 -9.999000e+03 -9.999000e+03 -9.999000e+03 -9.999000e+03 -9.999000e+03 -9.999000e+03 -9.999000e+03 -9.999000e+03 -9.999000e+03 -9.999000e+03 -9.999000e+03 -9.999000e+03 -9.999000e+03 -9.999000e+03 -9.999000e+03 -9.999000e+03 3.855644e-02
-9.999000e+03 -9.999000e+03 -9.999000e+03 -9.999000e+03 -9.999000e+03 -9.999000e+03 -9.999000e+03 -9.999000e+03 -9.999000e+03 -9.999000e+03 -9.999000e+03 -9.999000e+03 -9.999000e+03 -9.999000e+03 -9.999000e+03 -9.999000e+03 -9.999000e+03 -9.999000e+03 -9.999000e+03 -9.999000e+03 -9.999000e+03 -9.999000e+03 -9.999000e+03 -9.999000e+03 -9.999000e+03 -9.999000e+03 -9.999000e+03 -9.999000e+03 -9.999000e+03 -9.999000e+03 -9.999000e+03 -9.999000e+03 -9.999000e+03 -9.999000e+03 -9.999000e+03 -9.999000e+03 -9.999000e+03 -9.999000e+03 -9.999000e+03 -9.999000e+03 -9.999000e+03 -9.999000e+03 -9.999000e+03 -9.999000e+03 -9.999000e+03 -9.999000e+03 -9.999000e+03 -9.999000e+03 -9.999000e+03 -9.999000e+03 -9.999000e+03 -9.999000e+03
-9.999000e+03 -9.999000e+03 -9.999000e+03 -9.999000e+03 -9.999000e+03 -9.999000e+03 -9.999000e+03 -9.999000e+03 -9.999000e+03 -9.999000e+03 -9.999000e+03 -9.999000e+03 -9.999000e+03 -9.999000e+03 -9.999000e+03 -9.999000e+03 -9.999000e+03 -9.999000e+03 -9.999000e+03 -9.999000e+03 -9.999000e+03 -9.999000e+03 -9.999000e+03 -9.999000e+03 -9.999000e+03 -9.999000e+03 -9.999000e+03 -9.999000e+03 -9.999000e+03 -9.999000e+03 -9.999000e+03 -9.999000e+03 -9.999000e+03 -9.999000e+03 -9.999000e+03 -9.999000e+03 -9.999000e+03 -9.999000e+03 -9.999000e+03 -9.999000e+03 -9.999000e+03 -9.999000e+03 -9.999000e+03 -9.999000e+03 -9.999000e+03 -9.999000e+03 -9.999000e+03 -9.999000e+03 -9.999000e+03 -9.999000e+03 -9.999000e+03 -9.999000e+03
