tests/data/reference/test_implicit_stream_rill_mfda/mvel_m_s.asc
ncols	123
nrows	77
xllcorner	-713746.79929998
yllcorner	-1061022.36961616
cellsize	10.0
NODATA_value	-9999
[rows 46 to 68 of 77, columns 0 to 51 of 123]
-9.999000e+03 -9.999000e+03 -9.999000e+03 -9.999000e+03 -9.999000e+03 -9.999000e+03 1.065772e-01 3.646861e-02 3.072897e-02 3.178832e-02 2.682520e-02 3.276098e-02 3.572277e-02 3.606884e-02 3.606984e-02 3.583452e-02 3.603356e-02 3.644814e-02 3.786009e-02 4.103843e-02 4.367604e-02 4.266459e-02 4.289224e-02 4.218708e-02 4.465792e-02 4.723183e-02 4.803147e-02 4.694397e-02 4.649821e-02 4.687029e-02 4.701814e-02 9.308816e-02 9.579339e-02 4.908426e-02 5.092003e-02 5.300618e-02 5.534030e-02 5.760379e-02 5.941933e-02 6.100021e-02 6.195969e-02 6.222116e-02 6.242037e-02 6.288520e-02 6.263931e-02 6.144917e-02 6.035085e-02 5.919787e-02 5.728014e-02 5.455793e-02 5.289483e-02 5.306089e-02
-9.999000e+03 -9.999000e+03 -9.999000e+03 -9.999000e+03 -9.999000e+03 -9.999000e+03 1.519078e-02 3.105895e-02 3.163448e-02 3.311123e-02 2.908975e-02 3.570332e-02 3.731043e-02 3.807563e-02 3.838804e-02 3.738602e-02 3.604113e-02 3.515982e-02 3.624938e-02 3.947574e-02 3.445672e-02 3.565558e-02 3.626030e-02 3.620956e-02 4.328310e-02 4.707653e-02 4.822198e-02 8.284127e-02 8.582651e-02 9.008816e-02 9.284299e-02 4.851399e-02 4.922190e-02 5.069934e-02 5.238570e-02 5.399358e-02 5.575820e-02 5.769847e-02 5.934411e-02 6.093281e-02 6.234021e-02 6.339205e-02 6.414159e-02 6.465875e-02 6.447921e-02 6.336246e-02 6.208872e-02 6.096453e-02 5.956796e-02 5.733033e-02 5.508368e-02 5.388528e-02
-9.999000e+03 -9.999000e+03 -9.999000e+03 -9.999000e+03 -9.999000e+03 9.539145e-02 2.894493e-02 3.657741e-02 2.789408e-02 2.838935e-02 3.293789e-02 3.499758e-02 3.686023e-02 3.848240e-02 3.833072e-02 3.815899e-02 3.690049e-02 3.557939e-02 3.637576e-02 3.934365e-02 4.943177e-02 5.737576e-02 6.422554e-02 7.137217e-02 7.509797e-02 7.939429e-02 8.307317e-02 4.863114e-02 4.862728e-02 4.958419e-02 4.990372e-02 4.967706e-02 5.036444e-02 5.154533e-02 5.270597e-02 5.378445e-02 5.518628e-02 5.716478e-02 5.889616e-02 6.035638e-02 6.180430e-02 6.315197e-02 6.425808e-02 6.506678e-02 6.529036e-02 6.470053e-02 6.354911e-02 6.215851e-02 6.096398e-02 5.952387e-02 5.752882e-02 5.556068e-02
-9.999000e+03 -9.999000e+03 -9.999000e+03 -9.999000e+03 1.345390e-01 1.112694e-02 3.231791e-02 3.730839e-02 2.637420e-02 2.531436e-02 2.981504e-02 3.212489e-02 3.598311e-02 3.521449e-02 3.718079e-02 3.799013e-02 3.768385e-02 3.647463e-02 3.725014e-02 4.006095e-02 4.260636e-02 4.471167e-02 4.719155e-02 4.891797e-02 5.013000e-02 5.040871e-02 5.063269e-02 5.060896e-02 5.049003e-02 5.072928e-02 5.084357e-02 5.052779e-02 5.053115e-02 5.092072e-02 5.154669e-02 5.232260e-02 5.363911e-02 5.586606e-02 5.793783e-02 5.950003e-02 6.077127e-02 6.190797e-02 6.305772e-02 6.412957e-02 6.487364e-02 6.507510e-02 6.443813e-02 6.297570e-02 6.179250e-02 6.111066e-02 5.948205e-02 5.732367e-02
-9.999000e+03 -9.999000e+03 -9.999000e+03 -9.999000e+03 1.067747e-01 3.101572e-02 3.140077e-02 3.104851e-02 2.713815e-02 2.340038e-02 2.810191e-02 3.533521e-02 2.766192e-02 3.387274e-02 3.647106e-02 3.793913e-02 3.800433e-02 3.672480e-02 3.747899e-02 4.035697e-02 4.332971e-02 4.679082e-02 4.796062e-02 5.106899e-02 5.244145e-02 5.259297e-02 5.298961e-02 5.345932e-02 5.331729e-02 5.298734e-02 5.298770e-02 5.281879e-02 5.248928e-02 5.221799e-02 5.218083e-02 5.242909e-02 5.319811e-02 5.488503e-02 5.689609e-02 5.871892e-02 5.984915e-02 6.046555e-02 6.133493e-02 6.243332e-02 6.349974e-02 6.432736e-02 6.430027e-02 6.322902e-02 6.236533e-02 6.155328e-02 6.058942e-02 5.838590e-02
-9.999000e+03 -9.999000e+03 -9.999000e+03 9.815366e-02 9.679940e-03 3.017625e-02 2.457778e-02 2.562127e-02 2.211179e-02 2.533516e-02 3.002971e-02 2.790460e-02 2.602350e-02 3.240961e-02 3.574052e-02 3.755849e-02 3.786176e-02 3.679717e-02 3.737803e-02 4.017300e-02 4.686547e-02 4.518523e-02 4.964881e-02 5.264744e-02 5.432649e-02 5.489383e-02 5.559673e-02 5.639474e-02 5.643281e-02 5.591208e-02 5.569535e-02 5.556585e-02 5.528141e-02 5.478462e-02 5.421948e-02 5.389254e-02 5.386559e-02 5.447639e-02 5.606620e-02 5.812789e-02 5.911337e-02 5.905593e-02 5.940891e-02 6.026640e-02 6.140349e-02 6.265724e-02 6.329188e-02 6.301686e-02 6.046000e-02 6.054822e-02 5.984174e-02 5.798119e-02
-9.999000e+03 -9.999000e+03 -9.999000e+03 8.948576e-02 2.610378e-02 2.452071e-02 2.103856e-02 1.868169e-02 2.084812e-02 2.165993e-02 2.521540e-02 2.508997e-02 2.372640e-02 3.036601e-02 3.436003e-02 3.630574e-02 3.694623e-02 3.637907e-02 3.628186e-02 4.650994e-02 3.475398e-02 4.357786e-02 4.800166e-02 5.114908e-02 5.348189e-02 5.482849e-02 5.584586e-02 5.680385e-02 5.699896e-02 5.639199e-02 5.591420e-02 5.569728e-02 5.566414e-02 5.561673e-02 5.543339e-02 5.532493e-02 5.508450e-02 5.482126e-02 5.582472e-02 5.797583e-02 5.898904e-02 5.860431e-02 5.846892e-02 5.876779e-02 5.953057e-02 6.073531e-02 6.177467e-02 5.651014e-02 5.652799e-02 5.631920e-02 5.569504e-02 9.188390e-02
-9.999000e+03 -9.999000e+03 7.398531e-02 5.495594e-03 2.269852e-02 2.220034e-02 1.624586e-02 1.461386e-02 1.592315e-02 1.385089e-02 1.874874e-02 2.066435e-02 2.023302e-02 2.767053e-02 3.216039e-02 3.406346e-02 3.529734e-02 3.541137e-02 3.886012e-02 3.356323e-02 3.037951e-02 3.818523e-02 4.276222e-02 4.644877e-02 4.997214e-02 5.232182e-02 5.378005e-02 5.494963e-02 5.529562e-02 5.466093e-02 5.391197e-02 5.355336e-02 5.394871e-02 5.486288e-02 5.558327e-02 5.624040e-02 5.635543e-02 5.577764e-02 5.608735e-02 5.789687e-02 5.910601e-02 5.900791e-02 5.860751e-02 5.822020e-02 5.837653e-02 5.925301e-02 4.533277e-02 4.610651e-02 4.622388e-02 4.575007e-02 9.640492e-02 5.995307e-02
-9.999000e+03 -9.999000e+03 8.543274e-03 2.120466e-02 2.079904e-02 1.656338e-02 1.301710e-02 1.636516e-02 1.649479e-02 7.901543e-03 1.452183e-02 1.716967e-02 1.714430e-02 2.488622e-02 2.859566e-02 2.984394e-02 3.125537e-02 3.225772e-02 3.048784e-02 2.950120e-02 2.486436e-02 3.127417e-02 3.587532e-02 4.012965e-02 4.403866e-02 4.749296e-02 5.009454e-02 5.180540e-02 5.263684e-02 5.242064e-02 5.170927e-02 5.108767e-02 5.176234e-02 5.305151e-02 5.434403e-02 5.543439e-02 5.594880e-02 5.569782e-02 5.595300e-02 5.728807e-02 5.846736e-02 5.889551e-02 5.876873e-02 5.836215e-02 5.847964e-02 5.941223e-02 6.035096e-02 6.135321e-02 9.413312e-02 1.002558e-01 6.019381e-02 6.008162e-02
-9.999000e+03 6.282396e-02 1.286872e-02 2.450782e-02 1.947398e-02 1.032520e-02 1.737296e-02 1.729444e-02 -9.999000e+03 -9.999000e+03 -9.999000e+03 1.429013e-02 1.575427e-02 2.076037e-02 2.294657e-02 2.307060e-02 2.409572e-02 2.587043e-02 2.402763e-02 1.761630e-02 1.613530e-02 2.164438e-02 2.811573e-02 3.161553e-02 3.554797e-02 4.066550e-02 4.443510e-02 4.712155e-02 4.872576e-02 4.921525e-02 4.883661e-02 4.875101e-02 4.891864e-02 5.057451e-02 5.206070e-02 5.339799e-02 5.416607e-02 5.434188e-02 5.511831e-02 5.650011e-02 5.763038e-02 5.826107e-02 5.855903e-02 5.840489e-02 5.888064e-02 6.022857e-02 7.509078e-02 8.583514e-02 6.164843e-02 6.059986e-02 6.045263e-02 6.103391e-02
-9.999000e+03 1.007974e-01 2.075524e-02 1.935575e-02 1.551294e-02 1.598057e-02 -9.999000e+03 -9.999000e+03 -9.999000e+03 -9.999000e+03 -9.999000e+03 -9.999000e+03 1.697169e-02 1.976618e-02 2.345643e-02 2.487831e-02 2.306516e-02 2.772256e-02 2.659495e-02 1.873766e-02 1.398081e-02 1.443541e-02 1.845566e-02 2.297525e-02 2.911549e-02 3.370276e-02 3.762316e-02 4.084123e-02 4.282546e-02 4.372662e-02 4.618838e-02 4.517342e-02 4.626643e-02 4.808839e-02 4.996687e-02 5.159267e-02 5.244573e-02 5.252038e-02 5.363454e-02 5.600087e-02 5.729643e-02 5.790582e-02 5.788182e-02 5.795060e-02 5.917911e-02 6.044563e-02 6.139609e-02 6.196012e-02 6.157689e-02 6.072141e-02 6.106628e-02 6.263840e-02
9.898606e-02 1.181836e-02 2.124108e-02 1.576227e-02 9.596160e-03 1.973250e-02 -9.999000e+03 -9.999000e+03 -9.999000e+03 -9.999000e+03 -9.999000e+03 -9.999000e+03 -9.999000e+03 -9.999000e+03 -9.999000e+03 2.360692e-02 2.872842e-02 2.514619e-02 2.363596e-02 2.133899e-02 2.464328e-02 -9.999000e+03 -9.999000e+03 1.844412e-02 2.308817e-02 2.582471e-02 2.873966e-02 3.157795e-02 3.299492e-02 4.063910e-02 3.969848e-02 4.193403e-02 4.286331e-02 4.541148e-02 4.768316e-02 4.942436e-02 5.023729e-02 5.013895e-02 5.239167e-02 5.504041e-02 5.689076e-02 5.631384e-02 5.638627e-02 5.805626e-02 5.836755e-02 5.994697e-02 6.166890e-02 6.162966e-02 6.142828e-02 6.062291e-02 6.204581e-02 6.417567e-02
7.928412e-02 1.495150e-02 1.393176e-02 1.387284e-02 2.010652e-02 -9.999000e+03 -9.999000e+03 -9.999000e+03 -9.999000e+03 -9.999000e+03 -9.999000e+03 -9.999000e+03 -9.999000e+03 -9.999000e+03 -9.999000e+03 -9.999000e+03 -9.999000e+03 -9.999000e+03 -9.999000e+03 -9.999000e+03 -9.999000e+03 -9.999000e+03 -9.999000e+03 1.730497e-02 2.194979e-02 2.367916e-02 2.946024e-02 3.392244e-02 3.552134e-02 2.900535e-02 3.525789e-02 3.539785e-02 3.770975e-02 4.114317e-02 4.360333e-02 4.495115e-02 4.575505e-02 4.890344e-02 4.978599e-02 5.322260e-02 5.233831e-02 5.251205e-02 5.708404e-02 5.545825e-02 5.597380e-02 5.893357e-02 5.835382e-02 5.903725e-02 5.894399e-02 5.986643e-02 6.055111e-02 6.476905e-02
-9.999000e+03 2.102119e-02 1.975787e-02 2.358933e-02 -9.999000e+03 -9.999000e+03 -9.999000e+03 -9.999000e+03 -9.999000e+03 -9.999000e+03 -9.999000e+03 -9.999000e+03 -9.999000e+03 -9.999000e+03 -9.999000e+03 -9.999000e+03 -9.999000e+03 -9.999000e+03 -9.999000e+03 -9.999000e+03 -9.999000e+03 -9.999000e+03 -9.999000e+03 -9.999000e+03 -9.999000e+03 -9.999000e+03 2.586606e-02 2.799865e-02 3.179494e-02 2.935567e-02 2.431974e-02 2.627153e-02 2.950157e-02 3.346603e-02 3.527768e-02 3.571624e-02 4.531794e-02 4.393732e-02 4.605126e-02 4.163236e-02 4.292824e-02 5.555743e-02 5.154978e-02 5.131800e-02 5.598001e-02 5.194724e-02 5.241570e-02 5.282832e-02 5.786837e-02 5.560741e-02 5.898752e-02 5.850536e-02
-9.999000e+03 -9.999000e+03 -9.999000e+03 -9.999000e+03 -9.999000e+03 -9.999000e+03 -9.999000e+03 -9.999000e+03 -9.999000e+03 -9.999000e+03 -9.999000e+03 -9.999000e+03 -9.999000e+03 -9.999000e+03 -9.999000e+03 -9.999000e+03 -9.999000e+03 -9.999000e+03 -9.999000e+03 -9.999000e+03 -9.999000e+03 -9.999000e+03 -9.999000e+03 -9.999000e+03 -9.999000e+03 -9.999000e+03 -9.999000e+03 -9.999000e+03 2.681296e-02 2.666664e-02 2.215321e-02 2.398121e-02 2.774939e-02 3.706405e-02 4.076703e-02 4.040131e-02 3.361841e-02 3.585427e-02 3.796432e-02 4.760552e-02 5.213138e-02 4.178914e-02 4.216791e-02 5.494028e-02 4.246837e-02 4.251947e-02 4.233160e-02 5.494552e-02 5.055761e-02 5.537142e-02 4.439429e-02 4.781956e-02
-9.999000e+03 -9.999000e+03 -9.999000e+03 -9.999000e+03 -9.999000e+03 -9.999000e+03 -9.999000e+03 -9.999000e+03 -9.999000e+03 -9.999000e+03 -9.999000e+03 -9.999000e+03 -9.999000e+03 -9.999000e+03 -9.999000e+03 -9.999000e+03 -9.999000e+03 -9.999000e+03 -9.999000e+03 -9.999000e+03 -9.999000e+03 -9.999000e+03 -9.999000e+03 -9.999000e+03 -9.999000e+03 -9.999000e+03 -9.999000e+03 -9.999000e+03 -9.999000e+03 2.322692e-02 2.730022e-02 2.917872e-02 3.338981e-02 3.352370e-02 3.433069e-02 3.230678e-02 3.243553e-02 3.502524e-02 4.351818e-02 4.789161e-02 5.008790e-02 5.100579e-02 5.241669e-02 4.185621e-02 5.073070e-02 5.390882e-02 5.417600e-02 4.040339e-02 5.278707e-02 4.248269e-02 5.317430e-02 6.002984e-02
-9.999000e+03 -9.999000e+03 -9.999000e+03 -9.999000e+03 -9.999000e+03 -9.999000e+03 -9.999000e+03 -9.999000e+03 -9.999000e+03 -9.999000e+03 -9.999000e+03 -9.999000e+03 -9.999000e+03 -9.999000e+03 -9.999000e+03 -9.999000e+03 -9.999000e+03 -9.999000e+03 -9.999000e+03 -9.999000e+03 -9.999000e+03 -9.999000e+03 -9.999000e+03 -9.999000e+03 -9.999000e+03 -9.999000e+03 -9.999000e+03 -9.999000e+03 -9.999000e+03 -9.999000e+03 3.047255e-02 -9.999000e+03 -9.999000e+03 -9.999000e+03 -9.999000e+03 -9.999000e+03 -9.999000e+03 -9.999000e+03 3.687680e-02 4.449774e-02 4.719501e-02 4.758922e-02 4.905672e-02 5.193257e-02 5.373504e-02 5.428140e-02 5.324226e-02 5.043698e-02 3.946416e-02 5.074047e-02 5.665093e-02 5.977962e-02
-9.999000e+03 -9.999000e+03 -9.999000e+03 -9.999000e+03 -9.999000e+03 -9.999000e+03 -9.999000e+03 -9.999000e+03 -9.999000e+03 -9.999000e+03 -9.999000e+03 -9.999000e+03 -9.999000e+03 -9.999000e+03 -9.999000e+03 -9.999000e+03 -9.999000e+03 -9.999000e+03 -9.999000e+03 -9.999000e+03 -9.999000e+03 -9.999000e+03 -9.999000e+03 -9.999000e+03 -9.999000e+03 -9.999000e+03 -9.999000e+03 -9.999000e+03 -9.999000e+03 -9.999000e+03 -9.999000e+03 -9.999000e+03 -9.999000e+03 -9.999000e+03 -9.999000e+03 -9.999000e+03 -9.999000e+03 -9.999000e+03 -9.999000e+03 -9.999000e+03 -9.999000e+03 3.705605e-02 3.790904e-02 4.023152e-02 4.924899e-02 5.221359e-02 5.186399e-02 4.903730e-02 4.997997e-02 5.511831e-02 5.792086e-02 5.795509e-02
-9.999000e+03 -9.999000e+03 -9.999000e+03 -9.999000e+03 -9.999000e+03 -9.999000e+03 -9.999000e+03 -9.999000e+03 -9.999000e+03 -9.999000e+03 -9.999000e+03 -9.999000e+03 -9.999000e+03 -9.999000e+03 -9.999000e+03 -9.999000e+03 -9.999000e+03 -9.999000e+03 -9.999000e+03 -9.999000e+03 -9.999000e+03 -9.999000e+03 -9.999000e+03 -9.999000e+03 -9.999000e+03 -9.999000e+03 -9.999000e+03 -9.999000e+03 -9.999000e+03 -9.999000e+03 -9.999000e+03 -9.999000e+03 -9.999000e+03 -9.999000e+03 -9.999000e+03 -9.999000e+03 -9.999000e+03 -9.999000e+03 -9.999000e+03 -9.999000e+03 -9.999000e+03 -9.999000e+03 -9.999000e+03 -9.999000e+03 4.183581e-02 4.126073e-02 4.794912e-02 4.846214e-02 3.954823e-02 5.137942e-02 5.578740e-02 5.443230e-02
-9.999000e+03 -9.999000e+03 -9.999000e+03 -9.999000e+03 -9.999000e+03 -9.999000e+03 -9.999000e+03 -9.999000e+03 -9.999000e+03 -9.999000e+03 -9.999000e+03 -9.999000e+03 -9.999000e+03 -9.999000e+03 -9.999000e+03 -9.999000e+03 -9.999000e+03 -9.999000e+03 -9.999000e+03 -9.999000e+03 -9.999000e+03 -9.999000e+03 -9.999000e+03 -9.999000e+03 -9.999000e+03 -9.999000e+03 -9.999000e+03 -9.999000e+03 -9.999000e+03 -9.999000e+03 -9.999000e+03 -9.999000e+03 -9.999000e+03 -9.999000e+03 -9.999000e+03 -9.999000e+03 -9.999000e+03 -9.999000e+03 -9.999000e+03 -9.999000e+03 -9.999000e+03 -9.999000e+03 -9.999000e+03 -9.999000e+03 -9.999000e+03 -9.999000e+03 -9.999000e+03 -9.999000e+03 -9.999000e+03 -9.999000e+03 4.328334e-02 4.762719e-02
-9.999000e+03 -9.999000e+03 -9.999000e+03 -9.999000e+03 -9.999000e+03 -9.999000e+03 -9.999000e+03 -9.999000e+03 -9.999000e+03 -9.999000e+03 -9.999000e+03 -9.999000e+03 -9.999000e+03 -9.999000e+03 -9.999000e+03 -9.999000e+03 -9.999000e+03 -9.999000e+03 -9.999000e+03 -9.999000e+03 -9.999000e+03 -9.999000e+03 -9.999000e+03 -9.999000e+03 -9.999000e+03 -9.999000e+03 -9.999000e+03 -9.999000e+03 -9.999000e+03 -9.999000e+03 -9.999000e+03 -9.999000e+03 -9.999000e+03 -9.999000e+03 -9.999000e+03 -9.999000e+03 -9.999000e+03 -9.999000e+03 -9.999000e+03 -9.999000e+03 -9.999000e+03 -9.999000e+03 -9.999000e+03 -9.999000e+03 -9.999000e+03 -9.999000e+03 -9.999000e+03 -9.999000e+03 -9.999000e+03 -9.999000e+03 -9.999000e+03 3.829696e-02
-9.999000e+03 -9.999000e+03 -9.999000e+03 -9.999000e+03 -9.999000e+03 -9.999000e+03 -9.999000e+03 -9.999000e+03 -9.999000e+03 -9.999000e+03 -9.999000e+03 -9.999000e+03 -9.999000e+03 -9.999000e+03 -9.999000e+03 -9.999000e+03 -9.999000e+03 -9.999000e+03 -9.999000e+03 -9.999000e+03 -9.999000e+03 -9.999000e+03 -9.999000e+03 -9.999000e+03 -9.999000e+03 -9.999000e+03 -9.999000e+03 -9.999000e+03 -9.999000e+03 -9.999000e+03 -9.999000e+03 -9.999000e+03 -9.999000e+03 -9.999000e+03 -9.999000e+03 -9.999000e+03 -9.999000e+03 -9.999000e+03 -9.999000e+03 -9.999000e+03 -9.999000e+03 -9.999000e+03 -9.999000e+03 -9.999000e+03 -9.999000e+03 -9.999000e+03 -9.999000e+03 -9.999000e+03 -9.999000e+03 -9.999000e+03 -9.999000e+03 -9.999000e+03
-9.999000e+03 -9.999000e+03 -9.999000e+03 -9.999000e+03 -9.999000e+03 -9.999000e+03 -9.999000e+03 -9.999000e+03 -9.999000e+03 -9.999000e+03 -9.999000e+03 -9.999000e+03 -9.999000e+03 -9.999000e+03 -9.999000e+03 -9.999000e+03 -9.999000e+03 -9.999000e+03 -9.999000e+03 -9.999000e+03 -9.999000e+03 -9.999000e+03 -9.999000e+03 -9.999000e+03 -9.999000e+03 -9.999000e+03 -9.999000e+03 -9.999000e+03 -9.999000e+03 -9.999000e+03 -9.999000e+03 -9.999000e+03 -9.999000e+03 -9.999000e+03 -9.999000e+03 -9.999000e+03 -9.999000e+03 -9.999000e+03 -9.999000e+03 -9.999000e+03 -9.999000e+03 -9.999000e+03 -9.999000e+03 -9.999000e+03 -9.999000e+03 -9.999000e+03 -9.999000e+03 -9.999000e+03 -9.999000e+03 -9.999000e+03 -9.999000e+03 -9.999000e+03
