tests/data/reference/test_implicit_stream_rill_mfda/mvel_m_s.asc
ncols	123
nrows	77
xllcorner	-713746.79929998
yllcorner	-1061022.36961616
cellsize	10.0
NODATA_value	-9999
[rows 23 to 45 of 77, columns 52 to 103 of 123]
6.427782e-02 7.269845e-02 7.303334e-02 7.245647e-02 7.204965e-02 7.188922e-02 7.136936e-02 7.030989e-02 6.955365e-02 6.941165e-02 6.901245e-02 6.841241e-02 6.775403e-02 6.645476e-02 6.386320e-02 6.044205e-02 9.537113e-02 5.439432e-02 5.513234e-02 5.627826e-02 5.719376e-02 5.793081e-02 5.742662e-02 5.699812e-02 4.334214e-02 5.007423e-02 9.993912e-02 6.241976e-02 7.571302e-02 5.185662e-02 5.450623e-02 5.166694e-02 4.093772e-02 3.670896e-02 -9.999000e+03 -9.999000e+03 -9.999000e+03 -9.999000e+03 -9.999000e+03 -9.999000e+03 -9.999000e+03 -9.999000e+03 -9.999000e+03 -9.999000e+03 -9.999000e+03 -9.999000e+03 -9.999000e+03 -9.999000e+03 -9.999000e+03 -9.999000e+03 -9.999000e+03 -9.999000e+03
6.547106e-02 7.093651e-02 7.343453e-02 7.269947e-02 7.212464e-02 7.173544e-02 7.107976e-02 7.006191e-02 6.946064e-02 6.937453e-02 6.911225e-02 6.874839e-02 6.787822e-02 6.597492e-02 6.332682e-02 6.031218e-02 1.026251e-01 5.529616e-02 5.676347e-02 5.872651e-02 6.037502e-02 6.155345e-02 6.159276e-02 6.101081e-02 5.504237e-02 5.549603e-02 4.128476e-02 9.442094e-02 5.603475e-02 7.019190e-02 6.483775e-02 5.444762e-02 5.070327e-02 4.684774e-02 3.535901e-02 -9.999000e+03 -9.999000e+03 -9.999000e+03 -9.999000e+03 -9.999000e+03 -9.999000e+03 -9.999000e+03 -9.999000e+03 -9.999000e+03 -9.999000e+03 -9.999000e+03 -9.999000e+03 -9.999000e+03 -9.999000e+03 -9.999000e+03 -9.999000e+03 -9.999000e+03
7.420469e-02 7.154128e-02 7.318886e-02 7.324290e-02 7.200245e-02 7.085354e-02 6.989134e-02 6.938589e-02 6.951998e-02 6.984671e-02 6.974379e-02 6.909091e-02 6.746881e-02 6.507157e-02 6.296087e-02 6.132442e-02 1.094559e-01 5.831875e-02 5.934448e-02 6.103109e-02 6.275636e-02 6.400869e-02 6.416471e-02 6.355179e-02 6.081935e-02 6.009211e-02 5.380160e-02 1.004057e-01 4.238652e-02 5.511509e-02 8.416608e-02 5.130667e-02 5.341043e-02 5.417463e-02 4.970029e-02 3.957013e-02 3.624616e-02 3.593918e-02 -9.999000e+03 -9.999000e+03 -9.999000e+03 -9.999000e+03 -9.999000e+03 -9.999000e+03 -9.999000e+03 -9.999000e+03 -9.999000e+03 -9.999000e+03 -9.999000e+03 -9.999000e+03 -9.999000e+03 -9.999000e+03
6.713700e-02 7.509923e-02 7.333865e-02 7.266442e-02 7.130734e-02 6.992237e-02 6.919202e-02 6.945070e-02 7.000665e-02 7.030493e-02 7.002843e-02 6.893748e-02 6.716281e-02 6.519496e-02 6.358832e-02 6.234164e-02 1.077087e-01 5.963609e-02 6.037625e-02 6.186109e-02 6.339812e-02 6.451456e-02 6.473499e-02 6.444462e-02 6.351159e-02 6.323085e-02 6.093675e-02 1.033358e-01 5.478866e-02 5.509562e-02 8.214499e-02 5.108562e-02 5.388516e-02 5.642366e-02 5.557462e-02 5.052620e-02 4.606441e-02 3.723847e-02 4.333662e-02 3.556062e-02 -9.999000e+03 -9.999000e+03 -9.999000e+03 -9.999000e+03 -9.999000e+03 -9.999000e+03 -9.999000e+03 -9.999000e+03 -9.999000e+03 -9.999000e+03 -9.999000e+03 -9.999000e+03
7.315718e-02 5.416910e-02 7.376669e-02 7.144951e-02 7.009203e-02 6.947044e-02 6.951155e-02 7.014329e-02 7.051954e-02 7.042268e-02 6.990404e-02 6.883435e-02 6.761085e-02 6.640166e-02 6.487961e-02 6.282909e-02 1.088014e-01 5.880977e-02 5.956485e-02 6.096701e-02 6.206624e-02 6.289888e-02 6.326512e-02 6.362632e-02 6.415857e-02 6.489775e-02 6.472354e-02 1.013433e-01 6.170366e-02 6.044479e-02 8.457189e-02 5.506781e-02 5.405342e-02 5.420677e-02 5.443129e-02 5.285736e-02 4.017412e-02 3.825464e-02 4.390113e-02 4.478281e-02 4.162121e-02 1.358094e-01 -9.999000e+03 -9.999000e+03 -9.999000e+03 -9.999000e+03 -9.999000e+03 -9.999000e+03 -9.999000e+03 -9.999000e+03 -9.999000e+03 -9.999000e+03
7.526025e-02 6.600720e-02 7.261649e-02 7.046286e-02 5.042425e-02 6.940983e-02 6.975982e-02 7.049573e-02 7.091449e-02 7.078663e-02 7.020853e-02 6.917003e-02 6.803742e-02 6.676055e-02 6.484182e-02 6.225777e-02 1.098670e-01 5.882651e-02 6.000076e-02 6.148658e-02 6.242694e-02 6.302804e-02 6.324177e-02 6.364297e-02 6.466010e-02 6.605890e-02 6.696542e-02 9.935558e-02 6.539254e-02 6.398186e-02 8.359099e-02 5.818820e-02 5.503134e-02 5.326488e-02 5.292004e-02 5.268749e-02 4.800332e-02 4.624195e-02 3.812089e-02 4.638283e-02 0.000000e+00 1.860327e-01 1.163990e-01 1.021001e-01 -9.999000e+03 -9.999000e+03 -9.999000e+03 -9.999000e+03 -9.999000e+03 -9.999000e+03 -9.999000e+03 -9.999000e+03
7.495328e-02 6.995629e-02 7.141734e-02 7.006836e-02 5.079992e-02 6.193251e-02 6.955755e-02 7.057070e-02 7.150399e-02 7.160062e-02 7.099047e-02 6.971539e-02 6.801322e-02 6.576224e-02 6.309302e-02 6.080360e-02 6.003725e-02 1.079766e-01 6.214170e-02 6.391178e-02 6.503072e-02 6.541656e-02 6.511382e-02 6.487354e-02 6.542729e-02 6.689825e-02 6.817773e-02 9.873960e-02 6.679246e-02 6.536826e-02 8.019685e-02 6.037823e-02 5.733126e-02 5.482755e-02 5.287458e-02 5.175014e-02 4.980504e-02 4.914610e-02 4.634608e-02 0.000000e+00 0.000000e+00 6.371212e-02 4.441545e-02 2.551390e-02 9.007170e-02 -9.999000e+03 -9.999000e+03 -9.999000e+03 -9.999000e+03 -9.999000e+03 -9.999000e+03 -9.999000e+03
7.248659e-02 6.969446e-02 6.982268e-02 6.954662e-02 6.224080e-02 5.093382e-02 6.700238e-02 7.096410e-02 7.170446e-02 7.134196e-02 7.031210e-02 6.861822e-02 6.648962e-02 6.395420e-02 6.183788e-02 6.104857e-02 6.169864e-02 6.330321e-02 1.013484e-01 6.666778e-02 6.738137e-02 6.721846e-02 6.644210e-02 6.588260e-02 6.623601e-02 6.767663e-02 6.876035e-02 9.788738e-02 6.757201e-02 6.665195e-02 7.713083e-02 6.292110e-02 6.019506e-02 5.757072e-02 4.245033e-02 4.091900e-02 5.162651e-02 5.166627e-02 0.000000e+00 0.000000e+00 3.916199e-02 5.653117e-02 4.112264e-02 3.302056e-02 2.676247e-02 8.611860e-02 -9.999000e+03 -9.999000e+03 -9.999000e+03 -9.999000e+03 -9.999000e+03 -9.999000e+03
6.788614e-02 6.688653e-02 6.777549e-02 6.873160e-02 6.678940e-02 6.272847e-02 5.184399e-02 7.044303e-02 7.088351e-02 6.940896e-02 6.761456e-02 6.541096e-02 6.336410e-02 6.198168e-02 6.201575e-02 6.327335e-02 6.497233e-02 6.689122e-02 9.726144e-02 6.937205e-02 6.909640e-02 6.811940e-02 6.699563e-02 6.654037e-02 6.709360e-02 6.835451e-02 6.875279e-02 9.373416e-02 6.801033e-02 6.798682e-02 7.414109e-02 6.584558e-02 6.343478e-02 4.674640e-02 4.472422e-02 4.296497e-02 5.506283e-02 0.000000e+00 0.000000e+00 4.354132e-02 4.600045e-02 5.279055e-02 3.752078e-02 3.334342e-02 3.286003e-02 2.924189e-02 2.722154e-02 -9.999000e+03 -9.999000e+03 -9.999000e+03 -9.999000e+03 -9.999000e+03
6.099247e-02 6.196686e-02 6.398863e-02 6.583034e-02 4.925164e-02 6.781939e-02 6.720333e-02 6.278117e-02 6.912638e-02 6.800219e-02 6.639411e-02 6.459173e-02 6.340915e-02 6.325648e-02 6.420139e-02 6.586770e-02 6.748904e-02 6.890974e-02 9.660065e-02 6.972859e-02 6.894501e-02 6.791869e-02 6.713646e-02 6.714909e-02 6.791190e-02 6.876702e-02 6.833876e-02 8.890121e-02 6.727968e-02 6.765310e-02 6.929355e-02 6.690981e-02 4.880268e-02 4.804530e-02 4.647746e-02 4.484809e-02 0.000000e+00 0.000000e+00 4.737764e-02 5.159732e-02 4.971214e-02 5.113215e-02 3.334127e-02 3.075456e-02 3.675380e-02 3.712036e-02 3.683375e-02 2.891273e-02 8.808054e-02 -9.999000e+03 -9.999000e+03 -9.999000e+03
5.196939e-02 5.513057e-02 5.775253e-02 6.012313e-02 6.254740e-02 5.805817e-02 6.635774e-02 6.677679e-02 6.538481e-02 6.808634e-02 6.783316e-02 6.736052e-02 6.725032e-02 6.738635e-02 6.771339e-02 6.830211e-02 6.873666e-02 6.882172e-02 6.816208e-02 1.009685e-01 6.674549e-02 6.658492e-02 6.692257e-02 6.775385e-02 6.865547e-02 6.888681e-02 6.753531e-02 8.329094e-02 6.527859e-02 6.539763e-02 6.593893e-02 4.865136e-02 4.823769e-02 4.804189e-02 0.000000e+00 0.000000e+00 0.000000e+00 4.622623e-02 5.630426e-02 5.525061e-02 5.285982e-02 4.031620e-02 3.838451e-02 4.131320e-02 4.074096e-02 3.860772e-02 3.695276e-02 3.075028e-02 2.903670e-02 1.065277e-01 -9.999000e+03 -9.999000e+03
1.088964e-01 1.047029e-01 4.908890e-02 5.221082e-02 5.912740e-02 6.221943e-02 6.233181e-02 6.651331e-02 6.781728e-02 6.826364e-02 6.982522e-02 7.034108e-02 7.081085e-02 7.095416e-02 7.076656e-02 7.033110e-02 6.946553e-02 6.821106e-02 6.647001e-02 9.452707e-02 6.381194e-02 6.403310e-02 6.521407e-02 6.670647e-02 6.762681e-02 6.724494e-02 6.526186e-02 7.674647e-02 6.304045e-02 6.320522e-02 6.418050e-02 4.834072e-02 4.828629e-02 0.000000e+00 0.000000e+00 5.366636e-02 4.774394e-02 5.648495e-02 5.973678e-02 5.781790e-02 4.334870e-02 4.232202e-02 4.100338e-02 4.730762e-02 4.455568e-02 4.171995e-02 3.301862e-02 3.322720e-02 3.337922e-02 4.784514e-02 2.819376e-02 1.080426e-01
6.995674e-02 6.668088e-02 1.001720e-01 5.125545e-02 5.421754e-02 5.891888e-02 6.258880e-02 6.434817e-02 6.719822e-02 6.880328e-02 6.984638e-02 7.125400e-02 7.203646e-02 7.218611e-02 7.166258e-02 7.010496e-02 6.756456e-02 6.466622e-02 6.154507e-02 5.848310e-02 9.745918e-02 5.631065e-02 5.813836e-02 6.025812e-02 6.433675e-02 6.336800e-02 6.117608e-02 6.919290e-02 6.056188e-02 6.137740e-02 6.297355e-02 4.849359e-02 0.000000e+00 0.000000e+00 5.264861e-02 6.193313e-02 5.758548e-02 6.076846e-02 6.161131e-02 4.592831e-02 4.482115e-02 4.351261e-02 4.214142e-02 4.034811e-02 4.811939e-02 4.652943e-02 3.758421e-02 4.347732e-02 4.275548e-02 4.846316e-02 3.319894e-02 4.764915e-02
4.354172e-02 5.286270e-02 5.569338e-02 9.802465e-02 9.723296e-02 9.433622e-02 9.299966e-02 6.345808e-02 6.418392e-02 6.519231e-02 6.599453e-02 6.686247e-02 6.720812e-02 6.677143e-02 8.271626e-02 6.385818e-02 6.147822e-02 5.924510e-02 5.690605e-02 5.461760e-02 4.130270e-02 9.811335e-02 7.127966e-02 5.792787e-02 5.749019e-02 5.550655e-02 5.755919e-02 6.222966e-02 5.904025e-02 6.067067e-02 6.265474e-02 0.000000e+00 0.000000e+00 4.847745e-02 6.194465e-02 6.389898e-02 6.140733e-02 6.247741e-02 6.257303e-02 4.675805e-02 4.586963e-02 4.449051e-02 4.313197e-02 4.155614e-02 5.052053e-02 4.907954e-02 4.606171e-02 4.794216e-02 4.726383e-02 4.888091e-02 4.290094e-02 4.915515e-02
5.942730e-02 6.260567e-02 6.235521e-02 5.787082e-02 5.685633e-02 6.027660e-02 6.155504e-02 9.501217e-02 9.621373e-02 9.736714e-02 9.814037e-02 9.851699e-02 9.956123e-02 1.012958e-01 1.030455e-01 1.043899e-01 1.039237e-01 5.013019e-02 5.134484e-02 5.223236e-02 5.374955e-02 5.181423e-02 9.569819e-02 5.721549e-02 5.435214e-02 5.149947e-02 5.072223e-02 5.615406e-02 5.892241e-02 6.134038e-02 0.000000e+00 0.000000e+00 4.962431e-02 4.893249e-02 6.503279e-02 6.470242e-02 6.303940e-02 6.304032e-02 6.284224e-02 4.703208e-02 4.644095e-02 4.520073e-02 4.397956e-02 4.254105e-02 4.083074e-02 3.917098e-02 4.755640e-02 4.808372e-02 4.852352e-02 4.993699e-02 4.867648e-02 5.044268e-02
5.885916e-02 6.409030e-02 6.436770e-02 9.539697e-02 9.605310e-02 9.413783e-02 9.361518e-02 9.440755e-02 9.524661e-02 9.615526e-02 9.690565e-02 9.739196e-02 9.812362e-02 9.934925e-02 1.009222e-01 1.028343e-01 1.043935e-01 1.045171e-01 1.040489e-01 4.693320e-02 4.950847e-02 5.349318e-02 9.754214e-02 5.357527e-02 5.073219e-02 4.872522e-02 4.889984e-02 5.191889e-02 5.945520e-02 0.000000e+00 0.000000e+00 4.955011e-02 4.990121e-02 4.921592e-02 6.608367e-02 6.534644e-02 6.409096e-02 6.383040e-02 4.768513e-02 4.770079e-02 4.723664e-02 4.602312e-02 4.475303e-02 4.345259e-02 4.194848e-02 4.016506e-02 3.860333e-02 4.804057e-02 4.859929e-02 4.999114e-02 5.048199e-02 5.080069e-02
6.630610e-02 9.927006e-02 9.922729e-02 6.668812e-02 6.815448e-02 7.116911e-02 7.296051e-02 7.341233e-02 7.339518e-02 7.295883e-02 7.220595e-02 6.855169e-02 6.679166e-02 6.445043e-02 6.178454e-02 5.918222e-02 7.280869e-02 8.098782e-02 7.406384e-02 1.054714e-01 1.050517e-01 1.011008e-01 1.012407e-01 1.038426e-01 4.661558e-02 4.727150e-02 4.869707e-02 5.288998e-02 0.000000e+00 0.000000e+00 4.881342e-02 6.070810e-02 5.005748e-02 4.933741e-02 6.654511e-02 6.600955e-02 6.511429e-02 6.503689e-02 4.865328e-02 4.872970e-02 4.833173e-02 4.711272e-02 4.555927e-02 4.415357e-02 4.315242e-02 4.193279e-02 4.017210e-02 4.888649e-02 4.833590e-02 4.854667e-02 4.873597e-02 4.906390e-02
1.044998e-01 6.442415e-02 6.645615e-02 6.800436e-02 7.033792e-02 7.333381e-02 7.535415e-02 7.635401e-02 7.697757e-02 7.714925e-02 7.682147e-02 7.607249e-02 7.498968e-02 7.360060e-02 7.193496e-02 6.747904e-02 6.528177e-02 8.060369e-02 7.567672e-02 8.116452e-02 8.790551e-02 3.363736e-02 8.367349e-02 1.095932e-01 1.111882e-01 4.217183e-02 4.694905e-02 4.181290e-02 0.000000e+00 4.961240e-02 2.305459e+20 6.513494e-02 5.046081e-02 6.076488e-02 6.714136e-02 6.655083e-02 6.590636e-02 6.610719e-02 4.941245e-02 4.947427e-02 4.903165e-02 4.793687e-02 4.633081e-02 4.461772e-02 4.376515e-02 4.316224e-02 4.176565e-02 4.009053e-02 4.951075e-02 4.882738e-02 4.836217e-02 4.847187e-02
6.126923e-02 6.344025e-02 6.515534e-02 6.610521e-02 6.765659e-02 7.028551e-02 7.247040e-02 7.395520e-02 7.534441e-02 7.635393e-02 7.668246e-02 7.662897e-02 7.656006e-02 7.644806e-02 7.601800e-02 7.532741e-02 9.390389e-02 7.337619e-02 6.822772e-02 6.319841e-02 6.044551e-02 0.000000e+00 0.000000e+00 0.000000e+00 1.149793e-01 1.133926e-01 4.383412e-02 0.000000e+00 0.000000e+00 5.281654e-02 2.018807e+20 6.607437e-02 5.098910e-02 6.660315e-02 6.806790e-02 6.694031e-02 6.642758e-02 4.959087e-02 5.001928e-02 5.012889e-02 4.949619e-02 4.835811e-02 4.687466e-02 4.499853e-02 4.397911e-02 4.376158e-02 4.311304e-02 4.198655e-02 5.215997e-02 5.112044e-02 5.019914e-02 4.956909e-02
6.049289e-02 6.237997e-02 6.349892e-02 6.383903e-02 6.467944e-02 6.670209e-02 6.858916e-02 6.998603e-02 7.170703e-02 7.354111e-02 7.469263e-02 7.526478e-02 7.590661e-02 7.667377e-02 7.711422e-02 8.999957e-02 7.742990e-02 7.749894e-02 7.646142e-02 7.395238e-02 6.913595e-02 6.851412e-02 6.593768e-02 0.000000e+00 0.000000e+00 0.000000e+00 3.597975e-02 0.000000e+00 3.767403e-02 4.770129e-02 5.317607e-02 6.041037e-02 6.057052e-02 6.769107e-02 6.813583e-02 6.739393e-02 6.718184e-02 5.001430e-02 5.040427e-02 5.075401e-02 5.023360e-02 4.892810e-02 4.734879e-02 4.538633e-02 4.418770e-02 4.392852e-02 4.361661e-02 5.132132e-02 5.414440e-02 5.300590e-02 5.186702e-02 5.121989e-02
5.902679e-02 6.010010e-02 6.084468e-02 6.105380e-02 6.153114e-02 6.287128e-02 6.406065e-02 6.481776e-02 6.639128e-02 6.891255e-02 7.094801e-02 7.221252e-02 7.343824e-02 7.474766e-02 9.017658e-02 7.652196e-02 7.752667e-02 7.868572e-02 7.914066e-02 7.869223e-02 7.771528e-02 7.511450e-02 7.187913e-02 6.661480e-02 6.236770e-02 0.000000e+00 0.000000e+00 0.000000e+00 1.911728e-02 3.995241e-02 5.858367e-02 5.417174e-02 6.001048e-02 6.439572e-02 6.664660e-02 6.775241e-02 6.826494e-02 5.061254e-02 5.073239e-02 5.114587e-02 5.092991e-02 4.970803e-02 4.794596e-02 4.576743e-02 4.437385e-02 4.385933e-02 4.350004e-02 5.464314e-02 5.519957e-02 5.424330e-02 5.305771e-02 5.309512e-02
5.719602e-02 5.773324e-02 5.845619e-02 5.904988e-02 5.953504e-02 6.033150e-02 6.091827e-02 6.091986e-02 6.192186e-02 6.420902e-02 6.642285e-02 6.823967e-02 6.971179e-02 9.388801e-02 7.254695e-02 7.348334e-02 7.480958e-02 7.671573e-02 7.821079e-02 7.851601e-02 7.877007e-02 7.870136e-02 7.526340e-02 7.001190e-02 6.723371e-02 2.836916e-02 0.000000e+00 0.000000e+00 0.000000e+00 0.000000e+00 5.975472e-02 4.707329e-02 5.384001e-02 6.249343e-02 6.562607e-02 6.751881e-02 6.864213e-02 5.110038e-02 5.134863e-02 5.158863e-02 5.147125e-02 5.057670e-02 4.897920e-02 4.680827e-02 4.529209e-02 4.449165e-02 4.389966e-02 5.611273e-02 5.593094e-02 5.556249e-02 5.505122e-02 5.575203e-02
5.467876e-02 5.500469e-02 5.607395e-02 5.750982e-02 5.834605e-02 5.880680e-02 5.871906e-02 5.849920e-02 5.861090e-02 5.972565e-02 6.183767e-02 6.358655e-02 1.003683e-01 6.657332e-02 6.755602e-02 6.799594e-02 6.970223e-02 7.281338e-02 7.389265e-02 7.475020e-02 7.583143e-02 7.719180e-02 7.636979e-02 7.062222e-02 6.787418e-02 0.000000e+00 0.000000e+00 5.571607e-02 5.890225e-02 0.000000e+00 0.000000e+00 0.000000e+00 5.370515e-02 6.102810e-02 6.603324e-02 6.682298e-02 6.812413e-02 5.129134e-02 5.198658e-02 5.210624e-02 5.195667e-02 5.136129e-02 5.019011e-02 4.839305e-02 4.691923e-02 4.584739e-02 4.488626e-02 5.723620e-02 5.644459e-02 5.681252e-02 5.786561e-02 5.924732e-02
