tests/data/reference/test_implicit_stream_rill_mfda/mvel_m_s.asc
ncols	123
nrows	77
xllcorner	-713746.79929998
yllcorner	-1061022.36961616
cellsize	10.0
NODATA_value	-9999
[rows 46 to 68 of 77, columns 0 to 51 of 123]
-9.999000e+03 -9.999000e+03 -9.999000e+03 -9.999000e+03 -9.999000e+03 -9.999000e+03 1.068754e-01 3.672527e-02 3.076100e-02 3.182487e-02 2.699057e-02 3.288618e-02 3.574786e-02 3.608074e-02 3.607249e-02 3.582523e-02 3.602924e-02 3.644448e-02 3.786769e-02 4.106733e-02 4.371718e-02 4.288973e-02 4.312125e-02 4.240946e-02 4.477424e-02 4.729048e-02 4.806248e-02 4.695111e-02 4.649391e-02 4.686883e-02 4.702061e-02 9.408589e-02 9.677856e-02 4.907688e-02 5.092210e-02 5.301767e-02 5.536258e-02 5.763698e-02 5.946006e-02 6.104338e-02 6.199933e-02 6.225303e-02 6.244433e-02 6.290313e-02 6.264839e-02 6.144431e-02 6.033258e-02 5.916882e-02 5.724020e-02 5.450646e-02 5.283918e-02 5.301191e-02
-9.999000e+03 -9.999000e+03 -9.999000e+03 -9.999000e+03 -9.999000e+03 -9.999000e+03 1.529863e-02 3.110547e-02 3.174984e-02 3.323970e-02 2.927861e-02 3.577400e-02 3.735683e-02 3.811026e-02 3.839684e-02 3.741105e-02 3.604102e-02 3.514972e-02 3.624542e-02 3.949191e-02 3.470343e-02 3.591546e-02 3.652685e-02 3.647555e-02 4.351700e-02 4.721440e-02 4.828585e-02 8.366653e-02 8.671570e-02 9.104220e-02 9.383474e-02 4.849257e-02 4.920443e-02 5.069164e-02 5.238874e-02 5.400631e-02 5.578100e-02 5.773228e-02 5.938616e-02 6.097829e-02 6.238557e-02 6.343543e-02 6.418136e-02 6.469449e-02 6.450877e-02 6.338019e-02 6.209199e-02 6.095405e-02 5.954477e-02 5.729559e-02 5.504025e-02 5.383736e-02
-9.999000e+03 -9.999000e+03 -9.999000e+03 -9.999000e+03 -9.999000e+03 9.573367e-02 2.887195e-02 3.671698e-02 2.807046e-02 2.857087e-02 3.306605e-02 3.507057e-02 3.690804e-02 3.847075e-02 3.841450e-02 3.819516e-02 3.690959e-02 3.557206e-02 3.637107e-02 3.935767e-02 4.959163e-02 5.772298e-02 6.469546e-02 7.184078e-02 7.566820e-02 8.008508e-02 8.386630e-02 4.860707e-02 4.859877e-02 4.955638e-02 4.987543e-02 4.964780e-02 5.033955e-02 5.152818e-02 5.269718e-02 5.378386e-02 5.519552e-02 5.718710e-02 5.892976e-02 6.039629e-02 6.184751e-02 6.319561e-02 6.429999e-02 6.510847e-02 6.533181e-02 6.473633e-02 6.357325e-02 6.216702e-02 6.095783e-02 5.950698e-02 5.750172e-02 5.553589e-02
-9.999000e+03 -9.999000e+03 -9.999000e+03 -9.999000e+03 1.351934e-01 1.115720e-02 3.236732e-02 3.732683e-02 2.653499e-02 2.546450e-02 2.991761e-02 3.216069e-02 3.588595e-02 3.536251e-02 3.726029e-02 3.803219e-02 3.770283e-02 3.647516e-02 3.725234e-02 4.008048e-02 4.263769e-02 4.474620e-02 4.718285e-02 4.898458e-02 5.016208e-02 5.041960e-02 5.062973e-02 5.059617e-02 5.046884e-02 5.070227e-02 5.081300e-02 5.049553e-02 5.050036e-02 5.089371e-02 5.152490e-02 5.230703e-02 5.363259e-02 5.587328e-02 5.795827e-02 5.953026e-02 6.080725e-02 6.194374e-02 6.309166e-02 6.416653e-02 6.491572e-02 6.511859e-02 6.447613e-02 6.299965e-02 6.180150e-02 6.111039e-02 5.951863e-02 5.734347e-02
-9.999000e+03 -9.999000e+03 -9.999000e+03 -9.999000e+03 1.069214e-01 3.099035e-02 3.151586e-02 3.110991e-02 2.722030e-02 2.353180e-02 2.813281e-02 3.544246e-02 2.783590e-02 3.400895e-02 3.655171e-02 3.799071e-02 3.803321e-02 3.673352e-02 3.748839e-02 4.038279e-02 4.337196e-02 4.672613e-02 4.811190e-02 5.116584e-02 5.251087e-02 5.264173e-02 5.302278e-02 5.348059e-02 5.332667e-02 5.298508e-02 5.297857e-02 5.280742e-02 5.247778e-02 5.220710e-02 5.217072e-02 5.241958e-02 5.319064e-02 5.488430e-02 5.690507e-02 5.873977e-02 5.987746e-02 6.049153e-02 6.135705e-02 6.245835e-02 6.353159e-02 6.436601e-02 6.434064e-02 6.326102e-02 6.238570e-02 6.168902e-02 6.071626e-02 5.849404e-02
-9.999000e+03 -9.999000e+03 -9.999000e+03 9.848656e-02 9.725459e-03 3.017780e-02 2.472064e-02 2.569681e-02 2.223104e-02 2.537605e-02 3.002564e-02 2.793367e-02 2.618074e-02 3.253432e-02 3.582619e-02 3.761918e-02 3.790040e-02 3.681820e-02 3.739795e-02 4.020842e-02 4.694002e-02 4.543726e-02 4.982416e-02 5.278147e-02 5.444384e-02 5.499418e-02 5.567906e-02 5.646490e-02 5.648841e-02 5.594987e-02 5.572151e-02 5.558741e-02 5.530200e-02 5.480442e-02 5.423631e-02 5.390302e-02 5.387021e-02 5.447757e-02 5.607129e-02 5.814508e-02 5.913853e-02 5.907582e-02 5.942177e-02 6.027904e-02 6.142141e-02 6.268431e-02 6.332546e-02 6.304814e-02 6.073431e-02 6.082227e-02 6.010798e-02 5.822789e-02
-9.999000e+03 -9.999000e+03 -9.999000e+03 8.984421e-02 2.610690e-02 2.459280e-02 2.114795e-02 1.877047e-02 2.089792e-02 2.171232e-02 2.519728e-02 2.512133e-02 2.386096e-02 3.047738e-02 3.444622e-02 3.636890e-02 3.699699e-02 3.641931e-02 3.631739e-02 4.676995e-02 3.500395e-02 4.380875e-02 4.817372e-02 5.130437e-02 5.363438e-02 5.496436e-02 5.597072e-02 5.691555e-02 5.708876e-02 5.645966e-02 5.596495e-02 5.573927e-02 5.570457e-02 5.565952e-02 5.547258e-02 5.536040e-02 5.511049e-02 5.483686e-02 5.583836e-02 5.799946e-02 5.901939e-02 5.862805e-02 5.848305e-02 5.877584e-02 5.953870e-02 6.074982e-02 6.179651e-02 5.691347e-02 5.693419e-02 5.672339e-02 5.609038e-02 9.367413e-02
-9.999000e+03 -9.999000e+03 7.425203e-02 5.505017e-03 2.275674e-02 2.226340e-02 1.631500e-02 1.467090e-02 1.598982e-02 1.390260e-02 1.874614e-02 2.068758e-02 2.033520e-02 2.776528e-02 3.223778e-02 3.413727e-02 3.537357e-02 3.548661e-02 3.891508e-02 3.357215e-02 3.058204e-02 3.836259e-02 4.291735e-02 4.661680e-02 5.012984e-02 5.248293e-02 5.393513e-02 5.508092e-02 5.540679e-02 5.474944e-02 5.398064e-02 5.361077e-02 5.400619e-02 5.491532e-02 5.564434e-02 5.629794e-02 5.640486e-02 5.581277e-02 5.611495e-02 5.793104e-02 5.914607e-02 5.904207e-02 5.862807e-02 5.822944e-02 5.838061e-02 5.926270e-02 4.569868e-02 4.648068e-02 4.659930e-02 4.612044e-02 9.801668e-02 5.994589e-02
-9.999000e+03 -9.999000e+03 8.641784e-03 2.124597e-02 2.090627e-02 1.663497e-02 1.306323e-02 1.643521e-02 1.651572e-02 7.885953e-03 1.457822e-02 1.719788e-02 1.722047e-02 2.496218e-02 2.869137e-02 2.994723e-02 3.137060e-02 3.238075e-02 3.059413e-02 2.953842e-02 2.501003e-02 3.140190e-02 3.603396e-02 4.027014e-02 4.419688e-02 4.766558e-02 5.024393e-02 5.194715e-02 5.276964e-02 5.253791e-02 5.181030e-02 5.117825e-02 5.181612e-02 5.312371e-02 5.441402e-02 5.550483e-02 5.601038e-02 5.574508e-02 5.599257e-02 5.733344e-02 5.851828e-02 5.893453e-02 5.879544e-02 5.837606e-02 5.849644e-02 5.943450e-02 6.036678e-02 6.137051e-02 9.534269e-02 1.015736e-01 6.019030e-02 6.007937e-02
-9.999000e+03 6.318550e-02 1.303459e-02 2.452110e-02 1.956952e-02 1.035517e-02 1.745095e-02 1.737181e-02 -9.999000e+03 -9.999000e+03 -9.999000e+03 1.434488e-02 1.581967e-02 2.086725e-02 2.307366e-02 2.319888e-02 2.423386e-02 2.602613e-02 2.416511e-02 1.769627e-02 1.620359e-02 2.175930e-02 2.822092e-02 3.174095e-02 3.570198e-02 4.079709e-02 4.458120e-02 4.728266e-02 4.889443e-02 4.938244e-02 4.899791e-02 4.881324e-02 4.900872e-02 5.064716e-02 5.214434e-02 5.347878e-02 5.423740e-02 5.440186e-02 5.517658e-02 5.656729e-02 5.768363e-02 5.831073e-02 5.859441e-02 5.845216e-02 5.892921e-02 6.025033e-02 7.550120e-02 8.670828e-02 6.166744e-02 6.061934e-02 6.046738e-02 6.105491e-02
-9.999000e+03 1.013913e-01 2.073116e-02 1.945027e-02 1.557654e-02 1.604768e-02 -9.999000e+03 -9.999000e+03 -9.999000e+03 -9.999000e+03 -9.999000e+03 -9.999000e+03 1.704649e-02 1.986426e-02 2.351428e-02 2.490218e-02 2.319338e-02 2.780827e-02 2.661557e-02 1.870860e-02 1.403341e-02 1.449119e-02 1.854253e-02 2.310261e-02 2.921948e-02 3.383972e-02 3.779461e-02 4.104380e-02 4.304948e-02 4.396122e-02 4.625491e-02 4.530979e-02 4.634085e-02 4.819210e-02 5.007597e-02 5.169985e-02 5.254667e-02 5.261562e-02 5.373468e-02 5.606273e-02 5.737860e-02 5.797801e-02 5.799596e-02 5.806226e-02 5.920387e-02 6.051146e-02 6.147059e-02 6.199917e-02 6.164811e-02 6.078329e-02 6.112767e-02 6.267330e-02
9.931594e-02 1.197847e-02 2.129512e-02 1.582773e-02 9.622268e-03 1.983029e-02 -9.999000e+03 -9.999000e+03 -9.999000e+03 -9.999000e+03 -9.999000e+03 -9.999000e+03 -9.999000e+03 -9.999000e+03 -9.999000e+03 2.374032e-02 2.875623e-02 2.529466e-02 2.376965e-02 2.145112e-02 2.461274e-02 -9.999000e+03 -9.999000e+03 1.853090e-02 2.321661e-02 2.597995e-02 2.892485e-02 3.179333e-02 3.322565e-02 4.068493e-02 3.988975e-02 4.200053e-02 4.299228e-02 4.555661e-02 4.784084e-02 4.958945e-02 5.040702e-02 5.030805e-02 5.244995e-02 5.516002e-02 5.701985e-02 5.654145e-02 5.661264e-02 5.809210e-02 5.848494e-02 6.007726e-02 6.171574e-02 6.177692e-02 6.157467e-02 6.076219e-02 6.208767e-02 6.427516e-02
7.965781e-02 1.501097e-02 1.398403e-02 1.392470e-02 2.020758e-02 -9.999000e+03 -9.999000e+03 -9.999000e+03 -9.999000e+03 -9.999000e+03 -9.999000e+03 -9.999000e+03 -9.999000e+03 -9.999000e+03 -9.999000e+03 -9.999000e+03 -9.999000e+03 -9.999000e+03 -9.999000e+03 -9.999000e+03 -9.999000e+03 -9.999000e+03 -9.999000e+03 1.738242e-02 2.206753e-02 2.381326e-02 2.955955e-02 3.398741e-02 3.555779e-02 2.919332e-02 3.529065e-02 3.554923e-02 3.788185e-02 4.134897e-02 4.383715e-02 4.520143e-02 4.601453e-02 4.895584e-02 4.995433e-02 5.341945e-02 5.268277e-02 5.286210e-02 5.714584e-02 5.567534e-02 5.619437e-02 5.897044e-02 5.859789e-02 5.928908e-02 5.919658e-02 5.990326e-02 6.069091e-02 6.484506e-02
-9.999000e+03 2.113043e-02 1.985588e-02 2.372256e-02 -9.999000e+03 -9.999000e+03 -9.999000e+03 -9.999000e+03 -9.999000e+03 -9.999000e+03 -9.999000e+03 -9.999000e+03 -9.999000e+03 -9.999000e+03 -9.999000e+03 -9.999000e+03 -9.999000e+03 -9.999000e+03 -9.999000e+03 -9.999000e+03 -9.999000e+03 -9.999000e+03 -9.999000e+03 -9.999000e+03 -9.999000e+03 -9.999000e+03 2.602171e-02 2.817611e-02 3.191168e-02 2.937876e-02 2.446007e-02 2.643128e-02 2.969478e-02 3.370190e-02 3.553341e-02 3.597679e-02 4.535688e-02 4.417479e-02 4.631412e-02 4.195812e-02 4.326816e-02 5.566543e-02 5.188579e-02 5.165239e-02 5.601064e-02 5.228958e-02 5.276349e-02 5.318025e-02 5.789559e-02 5.582602e-02 5.903402e-02 5.892815e-02
-9.999000e+03 -9.999000e+03 -9.999000e+03 -9.999000e+03 -9.999000e+03 -9.999000e+03 -9.999000e+03 -9.999000e+03 -9.999000e+03 -9.999000e+03 -9.999000e+03 -9.999000e+03 -9.999000e+03 -9.999000e+03 -9.999000e+03 -9.999000e+03 -9.999000e+03 -9.999000e+03 -9.999000e+03 -9.999000e+03 -9.999000e+03 -9.999000e+03 -9.999000e+03 -9.999000e+03 -9.999000e+03 -9.999000e+03 -9.999000e+03 -9.999000e+03 2.697822e-02 2.674109e-02 2.227284e-02 2.411823e-02 2.792426e-02 3.722960e-02 4.086945e-02 4.043974e-02 3.385594e-02 3.611635e-02 3.824968e-02 4.788890e-02 5.231654e-02 4.211662e-02 4.249954e-02 5.497034e-02 4.280327e-02 4.285494e-02 4.266501e-02 5.497534e-02 5.087894e-02 5.539341e-02 4.475010e-02 4.821181e-02
-9.999000e+03 -9.999000e+03 -9.999000e+03 -9.999000e+03 -9.999000e+03 -9.999000e+03 -9.999000e+03 -9.999000e+03 -9.999000e+03 -9.999000e+03 -9.999000e+03 -9.999000e+03 -9.999000e+03 -9.999000e+03 -9.999000e+03 -9.999000e+03 -9.999000e+03 -9.999000e+03 -9.999000e+03 -9.999000e+03 -9.999000e+03 -9.999000e+03 -9.999000e+03 -9.999000e+03 -9.999000e+03 -9.999000e+03 -9.999000e+03 -9.999000e+03 -9.999000e+03 2.335668e-02 2.732052e-02 2.927735e-02 3.352306e-02 3.376020e-02 3.457602e-02 3.253004e-02 3.266018e-02 3.527819e-02 4.375296e-02 4.803944e-02 5.016711e-02 5.104525e-02 5.244177e-02 4.218443e-02 5.105764e-02 5.410925e-02 5.426105e-02 4.071565e-02 5.278095e-02 4.281776e-02 5.353058e-02 6.029352e-02
-9.999000e+03 -9.999000e+03 -9.999000e+03 -9.999000e+03 -9.999000e+03 -9.999000e+03 -9.999000e+03 -9.999000e+03 -9.999000e+03 -9.999000e+03 -9.999000e+03 -9.999000e+03 -9.999000e+03 -9.999000e+03 -9.999000e+03 -9.999000e+03 -9.999000e+03 -9.999000e+03 -9.999000e+03 -9.999000e+03 -9.999000e+03 -9.999000e+03 -9.999000e+03 -9.999000e+03 -9.999000e+03 -9.999000e+03 -9.999000e+03 -9.999000e+03 -9.999000e+03 -9.999000e+03 3.058087e-02 -9.999000e+03 -9.999000e+03 -9.999000e+03 -9.999000e+03 -9.999000e+03 -9.999000e+03 -9.999000e+03 3.715015e-02 4.474558e-02 4.733388e-02 4.764422e-02 4.908137e-02 5.196235e-02 5.377043e-02 5.430880e-02 5.325031e-02 5.041974e-02 3.976607e-02 5.106156e-02 5.688170e-02 5.991788e-02
-9.999000e+03 -9.999000e+03 -9.999000e+03 -9.999000e+03 -9.999000e+03 -9.999000e+03 -9.999000e+03 -9.999000e+03 -9.999000e+03 -9.999000e+03 -9.999000e+03 -9.999000e+03 -9.999000e+03 -9.999000e+03 -9.999000e+03 -9.999000e+03 -9.999000e+03 -9.999000e+03 -9.999000e+03 -9.999000e+03 -9.999000e+03 -9.999000e+03 -9.999000e+03 -9.999000e+03 -9.999000e+03 -9.999000e+03 -9.999000e+03 -9.999000e+03 -9.999000e+03 -9.999000e+03 -9.999000e+03 -9.999000e+03 -9.999000e+03 -9.999000e+03 -9.999000e+03 -9.999000e+03 -9.999000e+03 -9.999000e+03 -9.999000e+03 -9.999000e+03 -9.999000e+03 3.733138e-02 3.819379e-02 4.054189e-02 4.955533e-02 5.239815e-02 5.193627e-02 4.903800e-02 4.996992e-02 5.514589e-02 5.797550e-02 5.799748e-02
-9.999000e+03 -9.999000e+03 -9.999000e+03 -9.999000e+03 -9.999000e+03 -9.999000e+03 -9.999000e+03 -9.999000e+03 -9.999000e+03 -9.999000e+03 -9.999000e+03 -9.999000e+03 -9.999000e+03 -9.999000e+03 -9.999000e+03 -9.999000e+03 -9.999000e+03 -9.999000e+03 -9.999000e+03 -9.999000e+03 -9.999000e+03 -9.999000e+03 -9.999000e+03 -9.999000e+03 -9.999000e+03 -9.999000e+03 -9.999000e+03 -9.999000e+03 -9.999000e+03 -9.999000e+03 -9.999000e+03 -9.999000e+03 -9.999000e+03 -9.999000e+03 -9.999000e+03 -9.999000e+03 -9.999000e+03 -9.999000e+03 -9.999000e+03 -9.999000e+03 -9.999000e+03 -9.999000e+03 -9.999000e+03 -9.999000e+03 4.216380e-02 4.158242e-02 4.824331e-02 4.860849e-02 3.985107e-02 5.170778e-02 5.601165e-02 5.452598e-02
-9.999000e+03 -9.999000e+03 -9.999000e+03 -9.999000e+03 -9.999000e+03 -9.999000e+03 -9.999000e+03 -9.999000e+03 -9.999000e+03 -9.999000e+03 -9.999000e+03 -9.999000e+03 -9.999000e+03 -9.999000e+03 -9.999000e+03 -9.999000e+03 -9.999000e+03 -9.999000e+03 -9.999000e+03 -9.999000e+03 -9.999000e+03 -9.999000e+03 -9.999000e+03 -9.999000e+03 -9.999000e+03 -9.999000e+03 -9.999000e+03 -9.999000e+03 -9.999000e+03 -9.999000e+03 -9.999000e+03 -9.999000e+03 -9.999000e+03 -9.999000e+03 -9.999000e+03 -9.999000e+03 -9.999000e+03 -9.999000e+03 -9.999000e+03 -9.999000e+03 -9.999000e+03 -9.999000e+03 -9.999000e+03 -9.999000e+03 -9.999000e+03 -9.999000e+03 -9.999000e+03 -9.999000e+03 -9.999000e+03 -9.999000e+03 4.362713e-02 4.792254e-02
-9.999000e+03 -9.999000e+03 -9.999000e+03 -9.999000e+03 -9.999000e+03 -9.999000e+03 -9.999000e+03 -9.999000e+03 -9.999000e+03 -9.999000e+03 -9.999000e+03 -9.999000e+03 -9.999000e+03 -9.999000e+03 -9.999000e+03 -9.999000e+03 -9.999000e+03 -9.999000e+03 -9.999000e+03 -9.999000e+03 -9.999000e+03 -9.999000e+03 -9.999000e+03 -9.999000e+03 -9.999000e+03 -9.999000e+03 -9.999000e+03 -9.999000e+03 -9.999000e+03 -9.999000e+03 -9.999000e+03 -9.999000e+03 -9.999000e+03 -9.999000e+03 -9.999000e+03 -9.999000e+03 -9.999000e+03 -9.999000e+03 -9.999000e+03 -9.999000e+03 -9.999000e+03 -9.999000e+03 -9.999000e+03 -9.999000e+03 -9.999000e+03 -9.999000e+03 -9.999000e+03 -9.999000e+03 -9.999000e+03 -9.999000e+03 -9.999000e+03 3.858600e-02
-9.999000e+03 -9.999000e+03 -9.999000e+03 -9.999000e+03 -9.999000e+03 -9.999000e+03 -9.999000e+03 -9.999000e+03 -9.999000e+03 -9.999000e+03 -9.999000e+03 -9.999000e+03 -9.999000e+03 -9.999000e+03 -9.999000e+03 -9.999000e+03 -9.999000e+03 -9.999000e+03 -9.999000e+03 -9.999000e+03 -9.999000e+03 -9.999000e+03 -9.999000e+03 -9.999000e+03 -9.999000e+03 -9.999000e+03 -9.999000e+03 -9.999000e+03 -9.999000e+03 -9.999000e+03 -9.999000e+03 -9.999000e+03 -9.999000e+03 -9.999000e+03 -9.999000e+03 -9.999000e+03 -9.999000e+03 -9.999000e+03 -9.999000e+03 -9.999000e+03 -9.999000e+03 -9.999000e+03 -9.999000e+03 -9.999000e+03 -9.999000e+03 -9.999000e+03 -9.999000e+03 -9.999000e+03 -9.999000e+03 -9.999000e+03 -9.999000e+03 -9.999000e+03
-9.999000e+03 -9.999000e+03 -9.999000e+03 -9.999000e+03 -9.999000e+03 -9.999000e+03 -9.999000e+03 -9.999000e+03 -9.999000e+03 -9.999000e+03 -9.999000e+03 -9.999000e+03 -9.999000e+03 -9.999000e+03 -9.999000e+03 -9.999000e+03 -9.999000e+03 -9.999000e+03 -9.999000e+03 -9.999000e+03 -9.999000e+03 -9.999000e+03 -9.999000e+03 -9.999000e+03 -9.999000e+03 -9.999000e+03 -9.999000e+03 -9.999000e+03 -9.999000e+03 -9.999000e+03 -9.999000e+03 -9.999000e+03 -9.999000e+03 -9.999000e+03 -9.999000e+03 -9.999000e+03 -9.999000e+03 -9.999000e+03 -9.999000e+03 -9.999000e+03 -9.999000e+03 -9.999000e+03 -9.999000e+03 -9.999000e+03 -9.999000e+03 -9.999000e+03 -9.999000e+03 -9.999000e+03 -9.999000e+03 -9.999000e+03 -9.999000e+03 -9.999000e+03
