tests/data/reference/test_implicit_stream_rill_mfda/mvel_m_s.asc
ncols	123
nrows	77
xllcorner	-713746.79929998
yllcorner	-1061022.36961616
cellsize	10.0
NODATA_value	-9999
[rows 46 to 68 of 77, columns 52 to 103 of 123]
5.284632e-02 5.211533e-02 5.293109e-02 5.509991e-02 5.639640e-02 5.538438e-02 5.562933e-02 5.595073e-02 5.599984e-02 5.740311e-02 5.814222e-02 9.858490e-02 6.177124e-02 6.201729e-02 6.129314e-02 6.171290e-02 6.528298e-02 6.668326e-02 6.885105e-02 6.971307e-02 7.117495e-02 7.343460e-02 7.378774e-02 7.129386e-02 7.239930e-02 0.000000e+00 1.880023e-02 4.946434e-02 5.787875e-02 6.107386e-02 5.910398e-02 0.000000e+00 0.000000e+00 0.000000e+00 5.954945e-02 6.410839e-02 6.619688e-02 5.077407e-02 5.205871e-02 5.228076e-02 5.209419e-02 5.156315e-02 5.074286e-02 4.947679e-02 4.834592e-02 4.736099e-02 4.634008e-02 5.922522e-02 5.795702e-02 5.831109e-02 6.007875e-02 6.169098e-02
5.222738e-02 4.982608e-02 4.977438e-02 5.239770e-02 5.018884e-02 5.012247e-02 5.046191e-02 5.144096e-02 5.604396e-02 5.475416e-02 9.754870e-02 5.860492e-02 5.809790e-02 5.450779e-02 5.424692e-02 5.888908e-02 5.563674e-02 5.909117e-02 6.131724e-02 6.202968e-02 6.356374e-02 6.611968e-02 6.748502e-02 7.456643e-02 5.344330e-02 0.000000e+00 1.898727e-02 5.330821e-02 6.050952e-02 6.488765e-02 6.534183e-02 6.281392e-02 5.549751e-02 0.000000e+00 0.000000e+00 5.825073e-02 6.238316e-02 4.937792e-02 5.149219e-02 5.214128e-02 5.195659e-02 5.127121e-02 5.069788e-02 5.002898e-02 4.948571e-02 4.891686e-02 4.810968e-02 6.211381e-02 6.059109e-02 6.035732e-02 6.165112e-02 6.290001e-02
5.311876e-02 4.980798e-02 4.889900e-02 3.997476e-02 4.094173e-02 4.078604e-02 4.099502e-02 5.331554e-02 5.029289e-02 9.818935e-02 5.573062e-02 5.324902e-02 4.478951e-02 4.421154e-02 5.704138e-02 4.359306e-02 4.463275e-02 4.698904e-02 4.831227e-02 4.864443e-02 4.978973e-02 5.174240e-02 7.206151e-02 6.712706e-02 7.281291e-02 0.000000e+00 1.972044e-02 6.981995e-02 6.948598e-02 7.096231e-02 7.061353e-02 6.783302e-02 6.001261e-02 3.453341e-02 0.000000e+00 4.905894e-02 5.872922e-02 4.771916e-02 5.047712e-02 5.178546e-02 5.185259e-02 5.107821e-02 5.065432e-02 5.040955e-02 5.035267e-02 5.016857e-02 4.953816e-02 6.485097e-02 6.347404e-02 6.279365e-02 6.315925e-02 6.353062e-02
5.477834e-02 5.158708e-02 3.855352e-02 4.678186e-02 5.004114e-02 5.086431e-02 5.109155e-02 4.014499e-02 9.792376e-02 5.351223e-02 4.280442e-02 4.402953e-02 5.335394e-02 5.606565e-02 4.362073e-02 5.233300e-02 5.653237e-02 5.998293e-02 6.189540e-02 6.243479e-02 6.346827e-02 6.537229e-02 5.111178e-02 5.399388e-02 8.523232e-02 0.000000e+00 6.186790e-02 6.931191e-02 7.033223e-02 7.311063e-02 7.363610e-02 7.150727e-02 6.531665e-02 5.360093e-02 0.000000e+00 0.000000e+00 5.619568e-02 4.605921e-02 4.907980e-02 5.102700e-02 5.159800e-02 5.106086e-02 5.076895e-02 5.073563e-02 5.103558e-02 5.118628e-02 5.066782e-02 6.723776e-02 6.642306e-02 6.551398e-02 6.460797e-02 6.362670e-02
5.624732e-02 8.045221e-02 7.510144e-02 7.092033e-02 6.703722e-02 6.304128e-02 5.858652e-02 9.792999e-02 5.133079e-02 4.153765e-02 5.083689e-02 5.503409e-02 5.674992e-02 5.692232e-02 5.710810e-02 5.763138e-02 5.894675e-02 6.115405e-02 6.252735e-02 6.283722e-02 6.298165e-02 6.311060e-02 6.523881e-02 6.955290e-02 7.157159e-02 0.000000e+00 5.946066e-02 5.417105e-02 6.649148e-02 7.308918e-02 7.557449e-02 7.505780e-02 7.021713e-02 7.807453e-02 4.990200e-02 0.000000e+00 5.039228e-02 4.494572e-02 4.792886e-02 5.014946e-02 5.107978e-02 5.092024e-02 5.084765e-02 5.086871e-02 6.265840e-02 6.329586e-02 5.162479e-02 6.929897e-02 6.869176e-02 6.771030e-02 6.627590e-02 6.456141e-02
8.825637e-02 5.717463e-02 6.953889e-02 6.860841e-02 7.742497e-02 9.139514e-02 9.608719e-02 5.116109e-02 5.189265e-02 5.401582e-02 5.534275e-02 5.565804e-02 5.595892e-02 5.620205e-02 5.678304e-02 5.780033e-02 7.326879e-02 7.060287e-02 6.731989e-02 6.573780e-02 6.455231e-02 6.211282e-02 6.218513e-02 6.541166e-02 6.794904e-02 0.000000e+00 5.351067e-02 6.759166e-02 7.472309e-02 7.768139e-02 7.911674e-02 7.824286e-02 7.375927e-02 6.507409e-02 6.863803e-02 0.000000e+00 0.000000e+00 4.260624e-02 4.727726e-02 4.945155e-02 5.050940e-02 5.066216e-02 5.088312e-02 5.090432e-02 6.716631e-02 6.822551e-02 5.233497e-02 7.119155e-02 7.028849e-02 6.926587e-02 6.822751e-02 6.661741e-02
5.936234e-02 5.906779e-02 4.342988e-02 5.449437e-02 6.056150e-02 5.288277e-02 5.282230e-02 5.234591e-02 5.340632e-02 5.596820e-02 5.694091e-02 5.581590e-02 5.511859e-02 5.517041e-02 5.571477e-02 5.672013e-02 4.528790e-02 5.748026e-02 6.361745e-02 6.667263e-02 6.598947e-02 6.133799e-02 5.970192e-02 6.234999e-02 4.957986e-02 0.000000e+00 6.117438e-02 7.415535e-02 7.954359e-02 8.236940e-02 8.215020e-02 8.013154e-02 7.598901e-02 6.965490e-02 5.907492e-02 6.204461e-02 0.000000e+00 5.159410e-02 4.727934e-02 4.882557e-02 4.961188e-02 4.979843e-02 5.034627e-02 6.206932e-02 6.905864e-02 7.027629e-02 6.459979e-02 7.267669e-02 7.188377e-02 7.079055e-02 6.987935e-02 6.874596e-02
5.979151e-02 6.040377e-02 5.874396e-02 6.618516e-02 5.296174e-02 5.316107e-02 5.350323e-02 5.357737e-02 5.514644e-02 7.166149e-02 6.737022e-02 6.145345e-02 5.632488e-02 5.488691e-02 5.468927e-02 5.547013e-02 5.788979e-02 6.182889e-02 6.526489e-02 6.798800e-02 6.691594e-02 6.104469e-02 7.503071e-02 7.944538e-02 7.788463e-02 0.000000e+00 6.289315e-02 7.560915e-02 8.102661e-02 8.433435e-02 8.469184e-02 8.103418e-02 7.758991e-02 7.422828e-02 6.602042e-02 7.910521e-02 0.000000e+00 0.000000e+00 4.715645e-02 4.849769e-02 4.845382e-02 4.827347e-02 5.996435e-02 6.606143e-02 6.997112e-02 7.140894e-02 6.989243e-02 7.362147e-02 7.347284e-02 7.242346e-02 7.118040e-02 7.068034e-02
6.053875e-02 6.169992e-02 7.560349e-02 5.594282e-02 5.348390e-02 5.374831e-02 5.431662e-02 5.463067e-02 5.633253e-02 5.974750e-02 6.106080e-02 5.999341e-02 5.804263e-02 5.562831e-02 5.476170e-02 5.564186e-02 5.784268e-02 6.124443e-02 6.443490e-02 6.723614e-02 6.615943e-02 5.988628e-02 4.374029e-02 4.762794e-02 6.129432e-02 0.000000e+00 6.322084e-02 7.652718e-02 8.222423e-02 8.386393e-02 8.422748e-02 8.441369e-02 7.903008e-02 7.801186e-02 9.004860e-02 9.423550e-02 4.609343e-02 0.000000e+00 4.898188e-02 4.837658e-02 4.882210e-02 4.855223e-02 6.454021e-02 6.833213e-02 7.102875e-02 7.238806e-02 7.223490e-02 7.398538e-02 7.429144e-02 7.368772e-02 7.254500e-02 7.217449e-02
6.176997e-02 6.275367e-02 6.138640e-02 5.705173e-02 5.461794e-02 5.499984e-02 5.551808e-02 5.595384e-02 5.734406e-02 4.557119e-02 7.804807e-02 8.918225e-02 8.307175e-02 9.877605e-02 1.037942e-01 1.024195e-01 1.013057e-01 1.005456e-01 9.943732e-02 9.793549e-02 9.261838e-02 8.296202e-02 7.925316e-02 8.116333e-02 0.000000e+00 0.000000e+00 5.650977e-02 7.145584e-02 7.917999e-02 8.335341e-02 8.434108e-02 8.278907e-02 8.163781e-02 8.069512e-02 7.635622e-02 8.428254e-02 9.353279e-02 0.000000e+00 5.086306e-02 5.003181e-02 5.053669e-02 6.163147e-02 6.885489e-02 7.110949e-02 7.275411e-02 7.353011e-02 7.333277e-02 7.384783e-02 7.425984e-02 7.441108e-02 7.397298e-02 7.329589e-02
6.328074e-02 6.341437e-02 6.179928e-02 5.796524e-02 5.658954e-02 5.656905e-02 5.702188e-02 5.793706e-02 5.892288e-02 7.457852e-02 6.172443e-02 6.304933e-02 7.783313e-02 5.980724e-02 5.880987e-02 7.508855e-02 7.155431e-02 6.832237e-02 6.559579e-02 6.705995e-02 6.655180e-02 6.299254e-02 6.300577e-02 6.754142e-02 0.000000e+00 2.058930e-02 6.156018e-02 7.321316e-02 7.895577e-02 8.125049e-02 8.205769e-02 8.231860e-02 8.243573e-02 8.257367e-02 7.795239e-02 9.002954e-02 9.533055e-02 0.000000e+00 0.000000e+00 5.339029e-02 6.399773e-02 6.949696e-02 7.241254e-02 7.340501e-02 7.409936e-02 7.442423e-02 7.410822e-02 7.382792e-02 7.377245e-02 7.397671e-02 7.388772e-02 7.296209e-02
6.489660e-02 6.292976e-02 6.007803e-02 6.016476e-02 5.874578e-02 5.804344e-02 5.849312e-02 5.968578e-02 6.050169e-02 6.077337e-02 6.174260e-02 6.340751e-02 6.350771e-02 6.147105e-02 6.081272e-02 6.227267e-02 7.941520e-02 9.292651e-02 1.004824e-01 9.875391e-02 9.876141e-02 9.420220e-02 9.060139e-02 8.918838e-02 0.000000e+00 2.076842e-02 6.146443e-02 7.206958e-02 7.666119e-02 7.795485e-02 7.939024e-02 8.180563e-02 8.318019e-02 8.345342e-02 8.060137e-02 7.546959e-02 9.433952e-02 9.469635e-02 0.000000e+00 7.104608e-02 7.512070e-02 7.539382e-02 7.554847e-02 7.523706e-02 7.490416e-02 7.492848e-02 7.482037e-02 7.409277e-02 7.299711e-02 7.233456e-02 7.200133e-02 7.092690e-02
6.367210e-02 5.631533e-02 6.001248e-02 6.020624e-02 5.899815e-02 5.880602e-02 5.890045e-02 6.012498e-02 6.095444e-02 6.107969e-02 6.172084e-02 6.324560e-02 6.362210e-02 6.253511e-02 6.229010e-02 6.350123e-02 6.501047e-02 6.659753e-02 6.817497e-02 8.701365e-02 8.248567e-02 7.789916e-02 7.402723e-02 7.333844e-02 0.000000e+00 2.086560e-02 6.111748e-02 7.078039e-02 7.476172e-02 7.594999e-02 8.959757e-02 8.610390e-02 8.459159e-02 8.459432e-02 8.491267e-02 8.514744e-02 8.928838e-02 9.704077e-02 0.000000e+00 0.000000e+00 7.926562e-02 7.735944e-02 7.720351e-02 7.608990e-02 7.519298e-02 7.488431e-02 7.473378e-02 7.393742e-02 7.241800e-02 7.127417e-02 7.089728e-02 6.979524e-02
4.873699e-02 5.806506e-02 5.751339e-02 5.685578e-02 5.881923e-02 5.814303e-02 5.828140e-02 5.919079e-02 6.013581e-02 6.075424e-02 6.178641e-02 6.246037e-02 6.306214e-02 6.312736e-02 6.320812e-02 6.403848e-02 6.540453e-02 6.711784e-02 6.896308e-02 7.079197e-02 9.008445e-02 9.342767e-02 9.299379e-02 9.127602e-02 0.000000e+00 5.765541e-02 7.088252e-02 8.983871e-02 9.076441e-02 9.109686e-02 7.702263e-02 8.598387e-02 8.407496e-02 8.109382e-02 8.240152e-02 8.122342e-02 8.461411e-02 9.107700e-02 9.892784e-02 0.000000e+00 0.000000e+00 7.729558e-02 7.592463e-02 7.581606e-02 7.489382e-02 7.431921e-02 7.379697e-02 7.313700e-02 7.194963e-02 7.104512e-02 7.103801e-02 7.018898e-02
5.800864e-02 5.711643e-02 4.983227e-02 5.630904e-02 5.642344e-02 5.668588e-02 5.671135e-02 5.693185e-02 5.787752e-02 6.080515e-02 6.117763e-02 6.145749e-02 6.264316e-02 6.346982e-02 6.409892e-02 6.481496e-02 6.590174e-02 6.749962e-02 6.935543e-02 7.121144e-02 5.273952e-02 5.279620e-02 7.318518e-02 5.559731e-02 0.000000e+00 5.779807e-02 7.096548e-02 7.911123e-02 7.799434e-02 7.332072e-02 6.879191e-02 7.102737e-02 7.291505e-02 7.415077e-02 7.598441e-02 7.851125e-02 7.797974e-02 7.988898e-02 6.934867e-02 1.025200e-01 0.000000e+00 0.000000e+00 7.200020e-02 7.352328e-02 7.362356e-02 7.358416e-02 7.315719e-02 7.278674e-02 7.195288e-02 7.080856e-02 7.017546e-02 6.936311e-02
6.096948e-02 4.129665e-02 5.156722e-02 4.998720e-02 5.206568e-02 5.286155e-02 5.285449e-02 5.232509e-02 5.756580e-02 5.828899e-02 5.954760e-02 6.115441e-02 6.154686e-02 6.306281e-02 6.474253e-02 6.547733e-02 6.664425e-02 6.817846e-02 6.928467e-02 5.242801e-02 6.454481e-02 6.882469e-02 5.295445e-02 6.771448e-02 0.000000e+00 6.591412e-02 7.716884e-02 7.800646e-02 6.696687e-02 5.455126e-02 5.512160e-02 5.619517e-02 5.742807e-02 5.861919e-02 6.022731e-02 6.231990e-02 7.975107e-02 8.110753e-02 8.593093e-02 9.063717e-02 1.068059e-01 0.000000e+00 6.131735e-02 6.535935e-02 7.103642e-02 7.256918e-02 7.287881e-02 7.297415e-02 7.258444e-02 7.071375e-02 6.851734e-02 4.998815e-02
5.900247e-02 5.325802e-02 3.866763e-02 4.065612e-02 4.221457e-02 4.320316e-02 4.313518e-02 5.453555e-02 5.090480e-02 5.313208e-02 5.874985e-02 5.786314e-02 5.872927e-02 6.181243e-02 6.321622e-02 6.463048e-02 6.628261e-02 6.686183e-02 5.206962e-02 6.469776e-02 6.977994e-02 7.060493e-02 7.204837e-02 7.534937e-02 0.000000e+00 6.530648e-02 7.614688e-02 5.459462e-02 5.404658e-02 6.665153e-02 7.239267e-02 7.529421e-02 7.767991e-02 8.030880e-02 8.326941e-02 8.248457e-02 6.217554e-02 6.275638e-02 7.583573e-02 7.305287e-02 5.940696e-02 0.000000e+00 0.000000e+00 5.957313e-02 6.817682e-02 7.098361e-02 7.174778e-02 7.172990e-02 7.147510e-02 6.916492e-02 4.909805e-02 7.098158e-02
5.626842e-02 5.234685e-02 4.994077e-02 5.056565e-02 5.190784e-02 5.352846e-02 5.381558e-02 4.055314e-02 4.077616e-02 5.405873e-02 5.156477e-02 5.196451e-02 5.692614e-02 5.764129e-02 5.990142e-02 6.216786e-02 6.063583e-02 5.153024e-02 6.429654e-02 7.010986e-02 7.217656e-02 7.179548e-02 7.225104e-02 7.440860e-02 0.000000e+00 6.435043e-02 7.534947e-02 7.757069e-02 7.706787e-02 7.629012e-02 7.569942e-02 7.525483e-02 7.586894e-02 7.766552e-02 8.026207e-02 8.346773e-02 8.286266e-02 8.134438e-02 8.206603e-02 8.606816e-02 8.996942e-02 9.962544e-02 0.000000e+00 0.000000e+00 6.255295e-02 6.889444e-02 5.051019e-02 6.882258e-02 6.833227e-02 4.879421e-02 6.818369e-02 7.255105e-02
5.251828e-02 5.114332e-02 5.028553e-02 5.032079e-02 5.080502e-02 5.164883e-02 5.159533e-02 5.030521e-02 5.007892e-02 4.038030e-02 4.113007e-02 5.256605e-02 5.008758e-02 5.170356e-02 5.423548e-02 4.787468e-02 4.986244e-02 6.300892e-02 6.936520e-02 7.213463e-02 7.301571e-02 7.258822e-02 7.260651e-02 7.356059e-02 0.000000e+00 6.384331e-02 7.554410e-02 7.910741e-02 7.924434e-02 7.798845e-02 7.665744e-02 7.531320e-02 7.479301e-02 7.528560e-02 7.714430e-02 8.031080e-02 8.314861e-02 8.357440e-02 6.058408e-02 6.013234e-02 7.109737e-02 6.595608e-02 9.709833e-02 0.000000e+00 5.887085e-02 6.298863e-02 4.976956e-02 4.886789e-02 4.844773e-02 4.965930e-02 7.069177e-02 7.170502e-02
4.783267e-02 4.929850e-02 5.033121e-02 5.086856e-02 5.103701e-02 5.078155e-02 5.018742e-02 4.930712e-02 4.876443e-02 4.872965e-02 4.916463e-02 3.937065e-02 4.032126e-02 4.153328e-02 4.382236e-02 5.639864e-02 6.374286e-02 6.865885e-02 7.140481e-02 7.239021e-02 7.253622e-02 7.207547e-02 9.083420e-02 9.373876e-02 0.000000e+00 6.534786e-02 7.718714e-02 8.149747e-02 8.196017e-02 8.032255e-02 7.837614e-02 7.625173e-02 7.470981e-02 7.390031e-02 7.454311e-02 7.685046e-02 7.955586e-02 8.223860e-02 8.427041e-02 8.308168e-02 8.450870e-02 8.235738e-02 7.196419e-02 0.000000e+00 0.000000e+00 5.828966e-02 4.930091e-02 4.924421e-02 4.899490e-02 7.108970e-02 7.327501e-02 7.238219e-02
3.664742e-02 4.546481e-02 4.975919e-02 5.187586e-02 5.233533e-02 5.115549e-02 5.011543e-02 4.977760e-02 4.886044e-02 4.686369e-02 4.603951e-02 4.708689e-02 4.915663e-02 5.187977e-02 5.564875e-02 6.034644e-02 6.469477e-02 6.860450e-02 7.080914e-02 7.122026e-02 7.080966e-02 6.981676e-02 5.151439e-02 0.000000e+00 0.000000e+00 6.119786e-02 7.468142e-02 8.111527e-02 8.310403e-02 8.226268e-02 8.041892e-02 7.783649e-02 7.551219e-02 7.362864e-02 7.276067e-02 7.319227e-02 7.538786e-02 7.900739e-02 8.221860e-02 8.391003e-02 8.363101e-02 8.512603e-02 7.954284e-02 7.020261e-02 0.000000e+00 0.000000e+00 5.535340e-02 5.022619e-02 5.142814e-02 5.305856e-02 5.442044e-02 6.765500e-02
-9.999000e+03 -9.999000e+03 -9.999000e+03 -9.999000e+03 -9.999000e+03 -9.999000e+03 -9.999000e+03 3.999571e-02 3.913473e-02 3.671233e-02 3.563239e-02 3.659663e-02 4.552230e-02 5.162115e-02 5.629135e-02 6.014230e-02 6.383577e-02 6.761443e-02 6.957295e-02 6.951492e-02 6.870694e-02 6.729306e-02 6.831824e-02 0.000000e+00 2.049199e-02 5.895469e-02 7.042302e-02 7.844190e-02 8.252482e-02 8.348861e-02 8.248120e-02 7.981256e-02 7.686809e-02 7.388998e-02 7.157152e-02 7.022645e-02 7.152330e-02 7.548899e-02 7.945621e-02 8.292237e-02 8.372507e-02 8.339753e-02 8.564735e-02 7.875589e-02 6.637997e-02 0.000000e+00 0.000000e+00 5.018100e-02 5.410245e-02 5.517059e-02 5.569662e-02 5.559312e-02
-9.999000e+03 -9.999000e+03 -9.999000e+03 -9.999000e+03 -9.999000e+03 -9.999000e+03 -9.999000e+03 -9.999000e+03 -9.999000e+03 -9.999000e+03 4.298116e-02 4.351206e-02 3.930399e-02 4.290370e-02 5.407649e-02 5.891384e-02 6.242095e-02 6.622667e-02 6.798360e-02 6.745923e-02 6.656688e-02 6.553521e-02 6.711375e-02 0.000000e+00 2.043400e-02 5.829364e-02 6.946768e-02 7.776226e-02 8.258559e-02 8.402005e-02 8.468592e-02 8.196710e-02 7.858338e-02 7.465755e-02 7.140746e-02 6.922694e-02 6.940870e-02 7.208904e-02 7.589338e-02 8.041097e-02 8.379864e-02 8.332350e-02 8.429455e-02 8.481452e-02 7.344825e-02 6.100775e-02 0.000000e+00 0.000000e+00 5.538953e-02 5.679208e-02 -9.999000e+03 -9.999000e+03
