tests/data/reference/test_implicit_stream_rill_mfda/mvel_m_s.asc
ncols	123
nrows	77
xllcorner	-713746.79929998
yllcorner	-1061022.36961616
cellsize	10.0
NODATA_value	-9999
[rows 46 to 68 of 77, columns 52 to 103 of 123]
5.287262e-02 5.213969e-02 5.295020e-02 5.510970e-02 5.639952e-02 5.532886e-02 5.557372e-02 5.589393e-02 5.594234e-02 5.740566e-02 5.811659e-02 9.759505e-02 6.176956e-02 6.198448e-02 6.122026e-02 6.163885e-02 6.527951e-02 6.659371e-02 6.875197e-02 6.960963e-02 7.106671e-02 7.331788e-02 7.366675e-02 7.117882e-02 7.239907e-02 0.000000e+00 1.877348e-02 4.935838e-02 5.777303e-02 6.100764e-02 5.908465e-02 0.000000e+00 0.000000e+00 0.000000e+00 5.957831e-02 6.412999e-02 6.621561e-02 5.065254e-02 5.193324e-02 5.215460e-02 5.196860e-02 5.143919e-02 5.062142e-02 4.935929e-02 4.823197e-02 4.725016e-02 4.623250e-02 5.922975e-02 5.796547e-02 5.831721e-02 6.007946e-02 6.168861e-02
5.225606e-02 4.985575e-02 4.980016e-02 5.241452e-02 5.010355e-02 5.003682e-02 5.037526e-02 5.135104e-02 5.604710e-02 5.470036e-02 9.667487e-02 5.860601e-02 5.803415e-02 5.440523e-02 5.414566e-02 5.888811e-02 5.553141e-02 5.897374e-02 6.119039e-02 6.189921e-02 6.342790e-02 6.597430e-02 6.733302e-02 7.455793e-02 5.331362e-02 0.000000e+00 1.898620e-02 5.324014e-02 6.042889e-02 6.482922e-02 6.531666e-02 6.281712e-02 5.564935e-02 0.000000e+00 0.000000e+00 5.828178e-02 6.240940e-02 4.926073e-02 5.136844e-02 5.201555e-02 5.183142e-02 5.114815e-02 5.057658e-02 4.990976e-02 4.936818e-02 4.880112e-02 4.799648e-02 6.211670e-02 6.059622e-02 6.036226e-02 6.165295e-02 6.290056e-02
5.314404e-02 4.983620e-02 4.892548e-02 3.988775e-02 4.085158e-02 4.069639e-02 4.090469e-02 5.332186e-02 5.020717e-02 9.743507e-02 5.573546e-02 5.315205e-02 4.468689e-02 4.411079e-02 5.702178e-02 4.349430e-02 4.453064e-02 4.687939e-02 4.819843e-02 4.852954e-02 4.967126e-02 5.161789e-02 7.205989e-02 6.697695e-02 7.269366e-02 0.000000e+00 1.984124e-02 7.021124e-02 6.957473e-02 7.100300e-02 7.064201e-02 6.785700e-02 6.004461e-02 3.447099e-02 0.000000e+00 4.910061e-02 5.876099e-02 4.760720e-02 5.035651e-02 5.166082e-02 5.172774e-02 5.095574e-02 5.053316e-02 5.028915e-02 5.023245e-02 5.004891e-02 4.942047e-02 6.485113e-02 6.347527e-02 6.279658e-02 6.316303e-02 6.353593e-02
5.479033e-02 5.160338e-02 3.847113e-02 4.670810e-02 5.000084e-02 5.085282e-02 5.109548e-02 4.005742e-02 9.726404e-02 5.352231e-02 4.270822e-02 4.392937e-02 5.325574e-02 5.600798e-02 4.352189e-02 5.223844e-02 5.647401e-02 5.995568e-02 6.188665e-02 6.243688e-02 6.347562e-02 6.537991e-02 5.098920e-02 5.386255e-02 8.517266e-02 0.000000e+00 6.358126e-02 6.937876e-02 7.029178e-02 7.309380e-02 7.363944e-02 7.152129e-02 6.534356e-02 5.364081e-02 0.000000e+00 0.000000e+00 5.622725e-02 4.595252e-02 4.896355e-02 5.090469e-02 5.147393e-02 5.093844e-02 5.064743e-02 5.061422e-02 5.091324e-02 5.106348e-02 5.054662e-02 6.723697e-02 6.642161e-02 6.551479e-02 6.461323e-02 6.363654e-02
5.623098e-02 7.933822e-02 7.394904e-02 6.967358e-02 6.578625e-02 6.184664e-02 5.743763e-02 9.739346e-02 5.134646e-02 4.144555e-02 5.074857e-02 5.497990e-02 5.672841e-02 5.692160e-02 5.711700e-02 5.764291e-02 5.895698e-02 6.116086e-02 6.253247e-02 6.284437e-02 6.299220e-02 6.312351e-02 6.524968e-02 6.955624e-02 7.157112e-02 0.000000e+00 6.014937e-02 5.403919e-02 6.635546e-02 7.298262e-02 7.551263e-02 7.503672e-02 7.022832e-02 7.779376e-02 4.993900e-02 0.000000e+00 5.042544e-02 4.484261e-02 4.781623e-02 5.002987e-02 5.095731e-02 5.079826e-02 5.072589e-02 5.074688e-02 6.252310e-02 6.315828e-02 5.150064e-02 6.929904e-02 6.869009e-02 6.771043e-02 6.628159e-02 6.457292e-02
8.716045e-02 5.719401e-02 6.936926e-02 6.838790e-02 7.707226e-02 9.087234e-02 9.550207e-02 5.117859e-02 5.190883e-02 5.402696e-02 5.534983e-02 5.566560e-02 5.596862e-02 5.621326e-02 5.679437e-02 5.781050e-02 7.313467e-02 7.045699e-02 6.724409e-02 6.579453e-02 6.458372e-02 6.213738e-02 6.220715e-02 6.542545e-02 6.795429e-02 0.000000e+00 5.338079e-02 6.743731e-02 7.459758e-02 7.761766e-02 7.908932e-02 7.823861e-02 7.377518e-02 6.511044e-02 6.823260e-02 0.000000e+00 0.000000e+00 4.252015e-02 4.716670e-02 4.933413e-02 5.038869e-02 5.054098e-02 5.076125e-02 5.078239e-02 6.706963e-02 6.812493e-02 5.220865e-02 7.119320e-02 7.028907e-02 6.926752e-02 6.823260e-02 6.662671e-02
5.937927e-02 5.908463e-02 4.333165e-02 5.451874e-02 6.026846e-02 5.290834e-02 5.284172e-02 5.236330e-02 5.342232e-02 5.597827e-02 5.694755e-02 5.582611e-02 5.513313e-02 5.518562e-02 5.572808e-02 5.673088e-02 4.518369e-02 5.736753e-02 6.353532e-02 6.662838e-02 6.597773e-02 6.135283e-02 5.972855e-02 6.237094e-02 4.946204e-02 0.000000e+00 6.238980e-02 7.440368e-02 7.952898e-02 8.234352e-02 8.215674e-02 8.014750e-02 7.601199e-02 6.968949e-02 5.912156e-02 6.169507e-02 0.000000e+00 5.151204e-02 4.716876e-02 4.871011e-02 4.949396e-02 4.967993e-02 5.022606e-02 6.193613e-02 6.901098e-02 7.022481e-02 6.445666e-02 7.268030e-02 7.188708e-02 7.079447e-02 6.988406e-02 6.875179e-02
5.980802e-02 6.041961e-02 5.876199e-02 6.591224e-02 5.299377e-02 5.318763e-02 5.352288e-02 5.359594e-02 5.516258e-02 7.154476e-02 6.723141e-02 6.134556e-02 5.638363e-02 5.492158e-02 5.471133e-02 5.548495e-02 5.789813e-02 6.182982e-02 6.526071e-02 6.798290e-02 6.691838e-02 6.106488e-02 7.480894e-02 7.919404e-02 7.757767e-02 0.000000e+00 6.478645e-02 7.608163e-02 8.107898e-02 8.432450e-02 8.469174e-02 8.105560e-02 7.761834e-02 7.425984e-02 6.606148e-02 7.876770e-02 0.000000e+00 0.000000e+00 4.705710e-02 4.838327e-02 4.833953e-02 4.815976e-02 5.983878e-02 6.596872e-02 6.995838e-02 7.139337e-02 6.978539e-02 7.362765e-02 7.347797e-02 7.242883e-02 7.118586e-02 7.068412e-02
6.055288e-02 6.171452e-02 7.539513e-02 5.597131e-02 5.351455e-02 5.377046e-02 5.433820e-02 5.465030e-02 5.634921e-02 5.975958e-02 6.106853e-02 6.000361e-02 5.805936e-02 5.565048e-02 5.478394e-02 5.565896e-02 5.785260e-02 6.124710e-02 6.443275e-02 6.723250e-02 6.616253e-02 5.990722e-02 4.364107e-02 4.751626e-02 6.116694e-02 0.000000e+00 6.479386e-02 7.690036e-02 8.224433e-02 8.386393e-02 8.422748e-02 8.389289e-02 7.910789e-02 7.805082e-02 9.004860e-02 9.394467e-02 4.606273e-02 0.000000e+00 4.887730e-02 4.827372e-02 4.870666e-02 4.843763e-02 6.445425e-02 6.828712e-02 7.103284e-02 7.239074e-02 7.217780e-02 7.399486e-02 7.429858e-02 7.369419e-02 7.255160e-02 7.217843e-02
6.178033e-02 6.276368e-02 6.140404e-02 5.707375e-02 5.463067e-02 5.502281e-02 5.553834e-02 5.597138e-02 5.736013e-02 4.546607e-02 7.781992e-02 8.875455e-02 8.248558e-02 9.811245e-02 1.030674e-01 1.014989e-01 1.001886e-01 9.925170e-02 9.799242e-02 9.622823e-02 9.086064e-02 8.128978e-02 7.758944e-02 7.934694e-02 0.000000e+00 0.000000e+00 5.641042e-02 7.129689e-02 7.903970e-02 8.326160e-02 8.429751e-02 8.278245e-02 8.165356e-02 8.072610e-02 7.638657e-02 8.384258e-02 9.324564e-02 0.000000e+00 5.075316e-02 4.992425e-02 5.041589e-02 6.150207e-02 6.880911e-02 7.109418e-02 7.276264e-02 7.353919e-02 7.331380e-02 7.386100e-02 7.427046e-02 7.441937e-02 7.398027e-02 7.330163e-02
6.327885e-02 6.342050e-02 6.179950e-02 5.794542e-02 5.660621e-02 5.658633e-02 5.703343e-02 5.795092e-02 5.893457e-02 7.440797e-02 6.173419e-02 6.305747e-02 7.764099e-02 5.982437e-02 5.883102e-02 7.491385e-02 7.130822e-02 6.809782e-02 6.565764e-02 6.708748e-02 6.656662e-02 6.301177e-02 6.302834e-02 6.755504e-02 0.000000e+00 2.059848e-02 6.147071e-02 7.308325e-02 7.884137e-02 8.117937e-02 8.202871e-02 8.231743e-02 8.244834e-02 8.259137e-02 7.798264e-02 8.977195e-02 9.533055e-02 0.000000e+00 0.000000e+00 5.327339e-02 6.387285e-02 6.939415e-02 7.239129e-02 7.340225e-02 7.410774e-02 7.443484e-02 7.410991e-02 7.384391e-02 7.378740e-02 7.398878e-02 7.389749e-02 7.297202e-02
6.489074e-02 6.289463e-02 6.000827e-02 6.016634e-02 5.875777e-02 5.804007e-02 5.850228e-02 5.969126e-02 6.050643e-02 6.077843e-02 6.174702e-02 6.340982e-02 6.351527e-02 6.148300e-02 6.082790e-02 6.228767e-02 7.924356e-02 9.250015e-02 1.004824e-01 9.875391e-02 9.842678e-02 9.258661e-02 8.896232e-02 8.747729e-02 0.000000e+00 2.077986e-02 6.137619e-02 7.194344e-02 7.655490e-02 7.789464e-02 7.936923e-02 8.180452e-02 8.318574e-02 8.346233e-02 8.062422e-02 7.549847e-02 9.433952e-02 9.469635e-02 0.000000e+00 7.089730e-02 7.501152e-02 7.532624e-02 7.553825e-02 7.523864e-02 7.491288e-02 7.494005e-02 7.483046e-02 7.410970e-02 7.301589e-02 7.235260e-02 7.201749e-02 7.094410e-02
6.358808e-02 5.620352e-02 5.999027e-02 6.021942e-02 5.896967e-02 5.880939e-02 5.889494e-02 6.011954e-02 6.094806e-02 6.107298e-02 6.171280e-02 6.324934e-02 6.362338e-02 6.254015e-02 6.230120e-02 6.351120e-02 6.501982e-02 6.660716e-02 6.818353e-02 8.680468e-02 8.219372e-02 7.761405e-02 7.379175e-02 7.338931e-02 0.000000e+00 2.087965e-02 6.103098e-02 7.065855e-02 7.466246e-02 7.589660e-02 8.959757e-02 8.610390e-02 8.459159e-02 8.459432e-02 8.491267e-02 8.514744e-02 8.928838e-02 9.704077e-02 0.000000e+00 0.000000e+00 7.919059e-02 7.733317e-02 7.719953e-02 7.609471e-02 7.520379e-02 7.489786e-02 7.474751e-02 7.395465e-02 7.243890e-02 7.129688e-02 7.091930e-02 6.981814e-02
4.862181e-02 5.799939e-02 5.753038e-02 5.679724e-02 5.882235e-02 5.811520e-02 5.825579e-02 5.916465e-02 6.010804e-02 6.072403e-02 6.178727e-02 6.244888e-02 6.305214e-02 6.313153e-02 6.320961e-02 6.404026e-02 6.541069e-02 6.712279e-02 6.896738e-02 7.079614e-02 8.986123e-02 9.310563e-02 9.299379e-02 9.127602e-02 0.000000e+00 7.759888e+19 6.001547e+19 8.983871e-02 9.076441e-02 9.109686e-02 7.695124e-02 8.598387e-02 8.407496e-02 8.094101e-02 8.224261e-02 8.122342e-02 8.461411e-02 9.107700e-02 9.892784e-02 0.000000e+00 0.000000e+00 7.728817e-02 7.593605e-02 7.582588e-02 7.490798e-02 7.433576e-02 7.381426e-02 7.315564e-02 7.197090e-02 7.106832e-02 7.106067e-02 7.021157e-02
5.789154e-02 5.711958e-02 4.974734e-02 5.632397e-02 5.636451e-02 5.662588e-02 5.665146e-02 5.687182e-02 5.781526e-02 6.080560e-02 6.114352e-02 6.142340e-02 6.264118e-02 6.345628e-02 6.408427e-02 6.481289e-02 6.589725e-02 6.749533e-02 6.935126e-02 7.119277e-02 5.261197e-02 5.266847e-02 7.312715e-02 5.546122e-02 0.000000e+00 5.774064e-02 7.082011e-02 7.915899e-02 7.800911e-02 7.320033e-02 6.863241e-02 7.085989e-02 7.274015e-02 7.397035e-02 7.579661e-02 7.831337e-02 7.778082e-02 7.974853e-02 6.929943e-02 1.025200e-01 0.000000e+00 0.000000e+00 7.201902e-02 7.354115e-02 7.364216e-02 7.360366e-02 7.317748e-02 7.280673e-02 7.197307e-02 7.082980e-02 7.019680e-02 6.938370e-02
6.093757e-02 4.120534e-02 5.159373e-02 4.990328e-02 5.197397e-02 5.276625e-02 5.275852e-02 5.223089e-02 5.757128e-02 5.822541e-02 5.947893e-02 6.114872e-02 6.151257e-02 6.302518e-02 6.473291e-02 6.545676e-02 6.662359e-02 6.815751e-02 6.923402e-02 5.230140e-02 6.440177e-02 6.872094e-02 5.282625e-02 6.756035e-02 0.000000e+00 6.774672e-02 7.761850e-02 7.807669e-02 6.681337e-02 5.441827e-02 5.498691e-02 5.605733e-02 5.728667e-02 5.847439e-02 6.007802e-02 6.216494e-02 7.975107e-02 8.110753e-02 8.593093e-02 8.904790e-02 1.068059e-01 0.000000e+00 6.135231e-02 6.539574e-02 7.106085e-02 7.259095e-02 7.289996e-02 7.299366e-02 7.260221e-02 7.073298e-02 6.853959e-02 4.986906e-02
5.899734e-02 5.327641e-02 3.858487e-02 4.056690e-02 4.212028e-02 4.310566e-02 4.303791e-02 5.454425e-02 5.081687e-02 5.303688e-02 5.874698e-02 5.780013e-02 5.866398e-02 6.180351e-02 6.317658e-02 6.458755e-02 6.623627e-02 6.676773e-02 5.194411e-02 6.455459e-02 6.967309e-02 7.055179e-02 7.203355e-02 7.534939e-02 0.000000e+00 6.734685e-02 7.666210e-02 5.446149e-02 5.391509e-02 6.649969e-02 7.227550e-02 7.522794e-02 7.765248e-02 8.030123e-02 8.326800e-02 8.248457e-02 6.202097e-02 6.260027e-02 7.564317e-02 7.293541e-02 5.938787e-02 0.000000e+00 0.000000e+00 5.961438e-02 6.820663e-02 7.100754e-02 7.176946e-02 7.174988e-02 7.149281e-02 6.918501e-02 4.898174e-02 7.096532e-02
5.627911e-02 5.236829e-02 4.996612e-02 5.058554e-02 5.192003e-02 5.353565e-02 5.382290e-02 4.046424e-02 4.068655e-02 5.406590e-02 5.147484e-02 5.187283e-02 5.692376e-02 5.757941e-02 5.983270e-02 6.209134e-02 6.051038e-02 5.140638e-02 6.415528e-02 7.000245e-02 7.211875e-02 7.177899e-02 7.225710e-02 7.442015e-02 0.000000e+00 6.631907e-02 7.584174e-02 7.763540e-02 7.708100e-02 7.631402e-02 7.572621e-02 7.527954e-02 7.588990e-02 7.768117e-02 8.027136e-02 8.347072e-02 8.286266e-02 8.134438e-02 8.206603e-02 8.606816e-02 8.996942e-02 9.842493e-02 0.000000e+00 0.000000e+00 6.259102e-02 6.892079e-02 5.038948e-02 6.884696e-02 6.835541e-02 4.867885e-02 6.817335e-02 7.249009e-02
5.252732e-02 5.116188e-02 5.030427e-02 5.033644e-02 5.081744e-02 5.165881e-02 5.160551e-02 5.031860e-02 5.009346e-02 4.029197e-02 4.103930e-02 5.257150e-02 5.000295e-02 5.161322e-02 5.413621e-02 4.776222e-02 4.974374e-02 6.287366e-02 6.926136e-02 7.207637e-02 7.299466e-02 7.259068e-02 7.262023e-02 7.357659e-02 0.000000e+00 6.576180e-02 7.602425e-02 7.916661e-02 7.925010e-02 7.800722e-02 7.668366e-02 7.534119e-02 7.481964e-02 7.530843e-02 7.716106e-02 8.031967e-02 8.315063e-02 8.357440e-02 6.043382e-02 5.998332e-02 7.092366e-02 6.586563e-02 9.709833e-02 0.000000e+00 5.905039e-02 6.302407e-02 4.965115e-02 4.875230e-02 4.833346e-02 4.954123e-02 7.063592e-02 7.159046e-02
4.780003e-02 4.929417e-02 5.033648e-02 5.087652e-02 5.104661e-02 5.079294e-02 5.020057e-02 4.932173e-02 4.877924e-02 4.874323e-02 4.917627e-02 3.928561e-02 4.023312e-02 4.144120e-02 4.372287e-02 5.629065e-02 6.366088e-02 6.860826e-02 7.137906e-02 7.238223e-02 7.254060e-02 7.208818e-02 9.061681e-02 9.373876e-02 0.000000e+00 6.803132e-02 7.793988e-02 8.164417e-02 8.198710e-02 8.034455e-02 7.840335e-02 7.628259e-02 7.474134e-02 7.392966e-02 7.456744e-02 7.686697e-02 7.956409e-02 8.224087e-02 8.427041e-02 8.308168e-02 8.450870e-02 8.149657e-02 7.146615e-02 0.000000e+00 0.000000e+00 5.832473e-02 4.918396e-02 4.912744e-02 4.887891e-02 7.107529e-02 7.321167e-02 7.226586e-02
3.657122e-02 4.539596e-02 4.971904e-02 5.186028e-02 5.233525e-02 5.116550e-02 5.013049e-02 4.979303e-02 4.887563e-02 4.688067e-02 4.605629e-02 4.709940e-02 4.916364e-02 5.188218e-02 5.564670e-02 6.033940e-02 6.468427e-02 6.859307e-02 7.080092e-02 7.121967e-02 7.081812e-02 6.983276e-02 5.139057e-02 0.000000e+00 0.000000e+00 6.195441e-02 7.476954e-02 8.104228e-02 8.305526e-02 8.225562e-02 8.043553e-02 7.786507e-02 7.554588e-02 7.366281e-02 7.279183e-02 7.321768e-02 7.540511e-02 7.901484e-02 8.221803e-02 8.391003e-02 8.363101e-02 8.512603e-02 7.947437e-02 7.025910e-02 0.000000e+00 0.000000e+00 5.525580e-02 5.010635e-02 5.130460e-02 5.293004e-02 5.428783e-02 6.749989e-02
-9.999000e+03 -9.999000e+03 -9.999000e+03 -9.999000e+03 -9.999000e+03 -9.999000e+03 -9.999000e+03 3.990863e-02 3.905045e-02 3.663592e-02 3.555946e-02 3.652059e-02 4.545329e-02 5.157616e-02 5.626555e-02 6.012726e-02 6.382561e-02 6.760580e-02 6.956741e-02 6.951685e-02 6.871793e-02 6.731144e-02 6.833736e-02 0.000000e+00 2.057983e-02 5.889634e-02 7.031027e-02 7.833483e-02 8.245019e-02 8.345110e-02 8.247472e-02 7.982865e-02 7.689821e-02 7.392660e-02 7.160876e-02 7.026018e-02 7.154914e-02 7.550229e-02 7.945706e-02 8.291576e-02 8.372507e-02 8.339753e-02 8.564735e-02 7.795795e-02 6.588068e-02 0.000000e+00 0.000000e+00 5.007301e-02 5.397080e-02 5.503576e-02 5.556024e-02 5.545705e-02
-9.999000e+03 -9.999000e+03 -9.999000e+03 -9.999000e+03 -9.999000e+03 -9.999000e+03 -9.999000e+03 -9.999000e+03 -9.999000e+03 -9.999000e+03 4.291990e-02 4.344954e-02 3.921916e-02 4.280718e-02 5.397675e-02 5.884718e-02 6.238718e-02 6.621102e-02 6.797775e-02 6.746305e-02 6.657977e-02 6.555392e-02 6.713113e-02 0.000000e+00 2.051938e-02 5.823562e-02 6.935778e-02 7.765798e-02 8.251113e-02 8.402005e-02 8.472505e-02 8.198906e-02 7.861207e-02 7.469562e-02 7.144913e-02 6.926617e-02 6.944026e-02 7.210870e-02 7.590022e-02 8.040705e-02 8.378901e-02 8.332350e-02 8.429455e-02 8.395933e-02 7.309481e-02 6.071402e-02 0.000000e+00 0.000000e+00 5.525405e-02 5.665251e-02 -9.999000e+03 -9.999000e+03
