tests/data/reference/test_implicit_stream_rill_mfda/mvel_m_s.asc
ncols	123
nrows	77
xllcorner	-713746.79929998
yllcorner	-1061022.36961616
cellsize	10.0
NODATA_value	-9999
[rows 46 to 68 of 77, columns 52 to 103 of 123]
5.286338e-02 5.213103e-02 5.294347e-02 5.510637e-02 5.639862e-02 5.534906e-02 5.559396e-02 5.591460e-02 5.596328e-02 5.740491e-02 5.812566e-02 9.820283e-02 6.177043e-02 6.199617e-02 6.124689e-02 6.166589e-02 6.528042e-02 6.662639e-02 6.878817e-02 6.964749e-02 7.110635e-02 7.336062e-02 7.371110e-02 7.122107e-02 7.239947e-02 0.000000e+00 1.878312e-02 4.939650e-02 5.781152e-02 6.103198e-02 5.909149e-02 0.000000e+00 0.000000e+00 0.000000e+00 5.956826e-02 6.412247e-02 6.620913e-02 5.069620e-02 5.197829e-02 5.219990e-02 5.201369e-02 5.148371e-02 5.066505e-02 4.940153e-02 4.827294e-02 4.729002e-02 4.627121e-02 5.922786e-02 5.796261e-02 5.831520e-02 6.007942e-02 6.168969e-02
5.224560e-02 4.984497e-02 4.979083e-02 5.240847e-02 5.013454e-02 5.006795e-02 5.040675e-02 5.138372e-02 5.604602e-02 5.471993e-02 9.720548e-02 5.860590e-02 5.805741e-02 5.444252e-02 5.418247e-02 5.888802e-02 5.556968e-02 5.901637e-02 6.123643e-02 6.194657e-02 6.347719e-02 6.602701e-02 6.738812e-02 7.456122e-02 5.336016e-02 0.000000e+00 1.898487e-02 5.326383e-02 6.045787e-02 6.485048e-02 6.532565e-02 6.281555e-02 5.558948e-02 0.000000e+00 0.000000e+00 5.827084e-02 6.240019e-02 4.930285e-02 5.141289e-02 5.206070e-02 5.187637e-02 5.119235e-02 5.062016e-02 4.995261e-02 4.941042e-02 4.884273e-02 4.803719e-02 6.211562e-02 6.059458e-02 6.036069e-02 6.165251e-02 6.290058e-02
5.313453e-02 4.982568e-02 4.891564e-02 3.991912e-02 4.088407e-02 4.072870e-02 4.093725e-02 5.331946e-02 5.023831e-02 9.791374e-02 5.573399e-02 5.318729e-02 4.472384e-02 4.414707e-02 5.702866e-02 4.352987e-02 4.456740e-02 4.691884e-02 4.823937e-02 4.857085e-02 4.971384e-02 5.166260e-02 7.206063e-02 6.703136e-02 7.273742e-02 0.000000e+00 1.979001e-02 7.003504e-02 6.953356e-02 7.098510e-02 7.063078e-02 6.784877e-02 6.003368e-02 3.449354e-02 0.000000e+00 4.908589e-02 5.874978e-02 4.764747e-02 5.039985e-02 5.170558e-02 5.177258e-02 5.099974e-02 5.057669e-02 5.033242e-02 5.027565e-02 5.009191e-02 4.946278e-02 6.485120e-02 6.347507e-02 6.279575e-02 6.316187e-02 6.353421e-02
5.478550e-02 5.159702e-02 3.850084e-02 4.673490e-02 5.001545e-02 5.085675e-02 5.109379e-02 4.008899e-02 9.768711e-02 5.351896e-02 4.274288e-02 4.396544e-02 5.329144e-02 5.602904e-02 4.355749e-02 5.227282e-02 5.649531e-02 5.996533e-02 6.188937e-02 6.243580e-02 6.347287e-02 6.537722e-02 5.103324e-02 5.390967e-02 8.519461e-02 0.000000e+00 6.297341e-02 6.934226e-02 7.030416e-02 7.309726e-02 7.363606e-02 7.151530e-02 6.533368e-02 5.362686e-02 0.000000e+00 0.000000e+00 5.621613e-02 4.599091e-02 4.900534e-02 5.094863e-02 5.151849e-02 5.098242e-02 5.069109e-02 5.065784e-02 5.095719e-02 5.110759e-02 5.059017e-02 6.723747e-02 6.642239e-02 6.551473e-02 6.461153e-02 6.363316e-02
5.623670e-02 8.004448e-02 7.465016e-02 7.044872e-02 6.649113e-02 6.242455e-02 5.802952e-02 9.773629e-02 5.134113e-02 4.147874e-02 5.078067e-02 5.499963e-02 5.673597e-02 5.692148e-02 5.711353e-02 5.763871e-02 5.895341e-02 6.115861e-02 6.253087e-02 6.284206e-02 6.298864e-02 6.311907e-02 6.524599e-02 6.955529e-02 7.157167e-02 0.000000e+00 5.989179e-02 5.408650e-02 6.640489e-02 7.302188e-02 7.553532e-02 7.504386e-02 7.022347e-02 7.797334e-02 4.992598e-02 0.000000e+00 5.041385e-02 4.487973e-02 4.785674e-02 5.007284e-02 5.100130e-02 5.084208e-02 5.076963e-02 5.079065e-02 6.257222e-02 6.320822e-02 5.154523e-02 6.929925e-02 6.869095e-02 6.771062e-02 6.627974e-02 6.456895e-02
8.785792e-02 5.718727e-02 6.948766e-02 6.853279e-02 7.731031e-02 9.121101e-02 9.588130e-02 5.117261e-02 5.190327e-02 5.402323e-02 5.534755e-02 5.566315e-02 5.596537e-02 5.620943e-02 5.679050e-02 5.780706e-02 7.322293e-02 7.055822e-02 6.729926e-02 6.577448e-02 6.457330e-02 6.212946e-02 6.219989e-02 6.542094e-02 6.795258e-02 0.000000e+00 5.342740e-02 6.749325e-02 7.464369e-02 7.764128e-02 7.909885e-02 7.823928e-02 7.376875e-02 6.509702e-02 6.849386e-02 0.000000e+00 0.000000e+00 4.255119e-02 4.720647e-02 4.937634e-02 5.043206e-02 5.058452e-02 5.080503e-02 5.082619e-02 6.710515e-02 6.816188e-02 5.225400e-02 7.119283e-02 7.028911e-02 6.926717e-02 6.823098e-02 6.662356e-02
5.937335e-02 5.907876e-02 4.336703e-02 5.451019e-02 6.046389e-02 5.289937e-02 5.283498e-02 5.235723e-02 5.341684e-02 5.597494e-02 5.694544e-02 5.582270e-02 5.512813e-02 5.518034e-02 5.572350e-02 5.672726e-02 4.522120e-02 5.740848e-02 6.356536e-02 6.664433e-02 6.598149e-02 6.134698e-02 5.971868e-02 6.236335e-02 4.950438e-02 0.000000e+00 6.194635e-02 7.428724e-02 7.952691e-02 8.234835e-02 8.215184e-02 8.014088e-02 7.600353e-02 6.967713e-02 5.910469e-02 6.190274e-02 0.000000e+00 5.154191e-02 4.720854e-02 4.875162e-02 4.953634e-02 4.972252e-02 5.026925e-02 6.198449e-02 6.902830e-02 7.024355e-02 6.450859e-02 7.267921e-02 7.188611e-02 7.079329e-02 6.988260e-02 6.874993e-02
5.980213e-02 6.041396e-02 5.875567e-02 6.609214e-02 5.298239e-02 5.317815e-02 5.351575e-02 5.358948e-02 5.515703e-02 7.162175e-02 6.732863e-02 6.142222e-02 5.636302e-02 5.490996e-02 5.470417e-02 5.548019e-02 5.789555e-02 6.182984e-02 6.526253e-02 6.798504e-02 6.691775e-02 6.105779e-02 7.495691e-02 7.936659e-02 7.777946e-02 0.000000e+00 6.412230e-02 7.586572e-02 8.104786e-02 8.432460e-02 8.469056e-02 8.104834e-02 7.760851e-02 7.424873e-02 6.604686e-02 7.896848e-02 0.000000e+00 0.000000e+00 4.709287e-02 4.842441e-02 4.838063e-02 4.820065e-02 5.988440e-02 6.600278e-02 6.996241e-02 7.139843e-02 6.982473e-02 7.362563e-02 7.347632e-02 7.242711e-02 7.118414e-02 7.068304e-02
6.054764e-02 6.170945e-02 7.553701e-02 5.596115e-02 5.350332e-02 5.376210e-02 5.433054e-02 5.464345e-02 5.634329e-02 5.975544e-02 6.106599e-02 6.000022e-02 5.805360e-02 5.564270e-02 5.477614e-02 5.565305e-02 5.784933e-02 6.124647e-02 6.443384e-02 6.723411e-02 6.616167e-02 5.989986e-02 4.367680e-02 4.755643e-02 6.121318e-02 0.000000e+00 6.422965e-02 7.672784e-02 8.222573e-02 8.386393e-02 8.422748e-02 8.396083e-02 7.909510e-02 7.803868e-02 9.004860e-02 9.412535e-02 4.607085e-02 0.000000e+00 4.891493e-02 4.831074e-02 4.874816e-02 4.847884e-02 6.448582e-02 6.830345e-02 7.103063e-02 7.238901e-02 7.219865e-02 7.399166e-02 7.429621e-02 7.369207e-02 7.254948e-02 7.217731e-02
6.177681e-02 6.275997e-02 6.139783e-02 5.706531e-02 5.462556e-02 5.501445e-02 5.553129e-02 5.596497e-02 5.735452e-02 4.550390e-02 7.796658e-02 8.903650e-02 8.287240e-02 9.854933e-02 1.035390e-01 1.020875e-01 1.009019e-01 1.000796e-01 9.891340e-02 9.729359e-02 9.195840e-02 8.225606e-02 7.842434e-02 8.026732e-02 0.000000e+00 0.000000e+00 5.644391e-02 7.135300e-02 7.909026e-02 8.329479e-02 8.431265e-02 8.278375e-02 8.164687e-02 8.071455e-02 7.637545e-02 8.407195e-02 9.342266e-02 0.000000e+00 5.079268e-02 4.996294e-02 5.045929e-02 6.154905e-02 6.882566e-02 7.109912e-02 7.275911e-02 7.353541e-02 7.332010e-02 7.385648e-02 7.426686e-02 7.441661e-02 7.397789e-02 7.329984e-02
6.327924e-02 6.341853e-02 6.179893e-02 5.795241e-02 5.659980e-02 5.658036e-02 5.702900e-02 5.794614e-02 5.893027e-02 7.451714e-02 6.173058e-02 6.305442e-02 7.776302e-02 5.981837e-02 5.882343e-02 7.502992e-02 7.147638e-02 6.824894e-02 6.563589e-02 6.707865e-02 6.656240e-02 6.300562e-02 6.302068e-02 6.755044e-02 0.000000e+00 2.059282e-02 6.150159e-02 7.312989e-02 7.888320e-02 8.120555e-02 8.203893e-02 8.231703e-02 8.244298e-02 8.258454e-02 7.797187e-02 8.993764e-02 9.533055e-02 0.000000e+00 0.000000e+00 5.331538e-02 6.391827e-02 6.943183e-02 7.239838e-02 7.340251e-02 7.410461e-02 7.443087e-02 7.410848e-02 7.383838e-02 7.378225e-02 7.398468e-02 7.389421e-02 7.296869e-02
6.489312e-02 6.290728e-02 6.003385e-02 6.016521e-02 5.875355e-02 5.804093e-02 5.849928e-02 5.968900e-02 6.050440e-02 6.077628e-02 6.174509e-02 6.340864e-02 6.351275e-02 6.147854e-02 6.082226e-02 6.228242e-02 7.935540e-02 9.278625e-02 1.004824e-01 9.875391e-02 9.876141e-02 9.357874e-02 8.997288e-02 8.853060e-02 0.000000e+00 2.077329e-02 6.140657e-02 7.198874e-02 7.659380e-02 7.791680e-02 7.937649e-02 8.180408e-02 8.318298e-02 8.345878e-02 8.061623e-02 7.548825e-02 9.433952e-02 9.469635e-02 0.000000e+00 7.095124e-02 7.505161e-02 7.535082e-02 7.554126e-02 7.523764e-02 7.490987e-02 7.493599e-02 7.482624e-02 7.410385e-02 7.300936e-02 7.234635e-02 7.201192e-02 7.093814e-02
6.361881e-02 5.624418e-02 5.999814e-02 6.021452e-02 5.897977e-02 5.880852e-02 5.889659e-02 6.012111e-02 6.094994e-02 6.107497e-02 6.171528e-02 6.324823e-02 6.362260e-02 6.253796e-02 6.229735e-02 6.350746e-02 6.501626e-02 6.660381e-02 6.818040e-02 8.693967e-02 8.238692e-02 7.779903e-02 7.394739e-02 7.337187e-02 0.000000e+00 2.087205e-02 6.106069e-02 7.070233e-02 7.469882e-02 7.591622e-02 8.959757e-02 8.610390e-02 8.459159e-02 8.459432e-02 8.491267e-02 8.514744e-02 8.928838e-02 9.704077e-02 0.000000e+00 0.000000e+00 7.921801e-02 7.734241e-02 7.720057e-02 7.609289e-02 7.520014e-02 7.489321e-02 7.474236e-02 7.394871e-02 7.243161e-02 7.128894e-02 7.091161e-02 6.981011e-02
4.866322e-02 5.802349e-02 5.752389e-02 5.681854e-02 5.882147e-02 5.812509e-02 5.826487e-02 5.917392e-02 6.011789e-02 6.073476e-02 6.178720e-02 6.245266e-02 6.305535e-02 6.313023e-02 6.320874e-02 6.403927e-02 6.540863e-02 6.712084e-02 6.896561e-02 7.079435e-02 8.999462e-02 9.330172e-02 9.299379e-02 9.127602e-02 0.000000e+00 5.775479e-02 7.081539e-02 8.983871e-02 9.076441e-02 9.109686e-02 7.697744e-02 8.598387e-02 8.407496e-02 8.099711e-02 8.230096e-02 8.122342e-02 8.461411e-02 9.107700e-02 9.892784e-02 0.000000e+00 0.000000e+00 7.729023e-02 7.593203e-02 7.582246e-02 7.490315e-02 7.433007e-02 7.380810e-02 7.314922e-02 7.196351e-02 7.106020e-02 7.105273e-02 7.020365e-02
5.793410e-02 5.711803e-02 4.977822e-02 5.631867e-02 5.638593e-02 5.664774e-02 5.667330e-02 5.689372e-02 5.783797e-02 6.080566e-02 6.115568e-02 6.143558e-02 6.264216e-02 6.346079e-02 6.408917e-02 6.481386e-02 6.589857e-02 6.749652e-02 6.935233e-02 7.119901e-02 5.265776e-02 5.271432e-02 7.314834e-02 5.551002e-02 0.000000e+00 5.775716e-02 7.086994e-02 7.912931e-02 7.799885e-02 7.324461e-02 6.869021e-02 7.092052e-02 7.280343e-02 7.403559e-02 7.586447e-02 7.838480e-02 7.785261e-02 7.980047e-02 6.931800e-02 1.025200e-01 0.000000e+00 0.000000e+00 7.201230e-02 7.353490e-02 7.363572e-02 7.359691e-02 7.317039e-02 7.279984e-02 7.196610e-02 7.082242e-02 7.018936e-02 6.937654e-02
6.094896e-02 4.123825e-02 5.158409e-02 4.993376e-02 5.200728e-02 5.280088e-02 5.279341e-02 5.226514e-02 5.756953e-02 5.824856e-02 5.950395e-02 6.115106e-02 6.152480e-02 6.303863e-02 6.473663e-02 6.546384e-02 6.663068e-02 6.816468e-02 6.925238e-02 5.234686e-02 6.445367e-02 6.875908e-02 5.287227e-02 6.761622e-02 0.000000e+00 6.709780e-02 7.741420e-02 7.803796e-02 6.686902e-02 5.446598e-02 5.503522e-02 5.610675e-02 5.733734e-02 5.852625e-02 6.013145e-02 6.222035e-02 7.975107e-02 8.110753e-02 8.593093e-02 8.970056e-02 1.068059e-01 0.000000e+00 6.133977e-02 6.538294e-02 7.105230e-02 7.258338e-02 7.289260e-02 7.298694e-02 7.259614e-02 7.072638e-02 6.853188e-02 4.991185e-02
5.899883e-02 5.326951e-02 3.861472e-02 4.059906e-02 4.215425e-02 4.314078e-02 4.307295e-02 5.454136e-02 5.084882e-02 5.307145e-02 5.874827e-02 5.782307e-02 5.868777e-02 6.180699e-02 6.319075e-02 6.460293e-02 6.625293e-02 6.680221e-02 5.198918e-02 6.460653e-02 6.971235e-02 7.057119e-02 7.203834e-02 7.534854e-02 0.000000e+00 6.663305e-02 7.642873e-02 5.450925e-02 5.396227e-02 6.655475e-02 7.231859e-02 7.525224e-02 7.766188e-02 8.030303e-02 8.326774e-02 8.248457e-02 6.207624e-02 6.265609e-02 7.571272e-02 7.297900e-02 5.939514e-02 0.000000e+00 0.000000e+00 5.959967e-02 6.819615e-02 7.099920e-02 7.176193e-02 7.174299e-02 7.148677e-02 6.917812e-02 4.902355e-02 7.097067e-02
5.627548e-02 5.236071e-02 4.995713e-02 5.057859e-02 5.191592e-02 5.353337e-02 5.382055e-02 4.049629e-02 4.071885e-02 5.406354e-02 5.150751e-02 5.190614e-02 5.692487e-02 5.760191e-02 5.985771e-02 6.211923e-02 6.055593e-02 5.145087e-02 6.420654e-02 7.004190e-02 7.213985e-02 7.178441e-02 7.225412e-02 7.441540e-02 0.000000e+00 6.562834e-02 7.561819e-02 7.759919e-02 7.707168e-02 7.630338e-02 7.571637e-02 7.527098e-02 7.588284e-02 7.767601e-02 8.026846e-02 8.347007e-02 8.286266e-02 8.134438e-02 8.206603e-02 8.606816e-02 8.996942e-02 9.925251e-02 0.000000e+00 0.000000e+00 6.257767e-02 6.891160e-02 5.043285e-02 6.883850e-02 6.834742e-02 4.872032e-02 6.817659e-02 7.251232e-02
5.252369e-02 5.115495e-02 5.029752e-02 5.033098e-02 5.081322e-02 5.165548e-02 5.160209e-02 5.031400e-02 5.008843e-02 4.032381e-02 4.107202e-02 5.256978e-02 5.003369e-02 5.164604e-02 5.417226e-02 4.780267e-02 4.978640e-02 6.292275e-02 6.929945e-02 7.209759e-02 7.300176e-02 7.258905e-02 7.261475e-02 7.357062e-02 0.000000e+00 6.508706e-02 7.580558e-02 7.913237e-02 7.924350e-02 7.799850e-02 7.667408e-02 7.533144e-02 7.481048e-02 7.530064e-02 7.715545e-02 8.031691e-02 8.315033e-02 8.357440e-02 6.048759e-02 6.003666e-02 7.098654e-02 6.589927e-02 9.709833e-02 0.000000e+00 5.898093e-02 6.301171e-02 4.969370e-02 4.879386e-02 4.837454e-02 4.958367e-02 7.065636e-02 7.163252e-02
4.781190e-02 4.929546e-02 5.033428e-02 5.087357e-02 5.104325e-02 5.078901e-02 5.019603e-02 4.931667e-02 4.877412e-02 4.873856e-02 4.917231e-02 3.931627e-02 4.026489e-02 4.147438e-02 4.375870e-02 5.632988e-02 6.369082e-02 6.862649e-02 7.138792e-02 7.238460e-02 7.253869e-02 7.208346e-02 9.075366e-02 9.373876e-02 0.000000e+00 6.711597e-02 7.759992e-02 8.156951e-02 8.197222e-02 8.033588e-02 7.839458e-02 7.627240e-02 7.473062e-02 7.391957e-02 7.455912e-02 7.686146e-02 7.956157e-02 8.224051e-02 8.427041e-02 8.308168e-02 8.450870e-02 8.166464e-02 7.154581e-02 0.000000e+00 0.000000e+00 5.831235e-02 4.922600e-02 4.916942e-02 4.892061e-02 7.108002e-02 7.323485e-02 7.230855e-02
3.659871e-02 4.542097e-02 4.973358e-02 5.186570e-02 5.233503e-02 5.116177e-02 5.012509e-02 4.978761e-02 4.887036e-02 4.687478e-02 4.605048e-02 4.709513e-02 4.916136e-02 5.188157e-02 5.564769e-02 6.034217e-02 6.468828e-02 6.859741e-02 7.080408e-02 7.122006e-02 7.081521e-02 6.982711e-02 5.143504e-02 0.000000e+00 0.000000e+00 6.167148e-02 7.472195e-02 8.106417e-02 8.306863e-02 8.225477e-02 8.042789e-02 7.785409e-02 7.553362e-02 7.365067e-02 7.278092e-02 7.320892e-02 7.539933e-02 7.901262e-02 8.221870e-02 8.391003e-02 8.363101e-02 8.512603e-02 7.946725e-02 7.024281e-02 0.000000e+00 0.000000e+00 5.529139e-02 5.014941e-02 5.134897e-02 5.297617e-02 5.433540e-02 6.755612e-02
-9.999000e+03 -9.999000e+03 -9.999000e+03 -9.999000e+03 -9.999000e+03 -9.999000e+03 -9.999000e+03 3.994003e-02 3.908084e-02 3.666349e-02 3.558578e-02 3.654802e-02 4.547836e-02 5.159245e-02 5.627467e-02 6.013242e-02 6.382910e-02 6.760887e-02 6.956947e-02 6.951628e-02 6.871411e-02 6.730494e-02 6.833062e-02 0.000000e+00 2.054247e-02 5.891389e-02 7.035034e-02 7.837394e-02 8.247767e-02 8.346457e-02 8.247646e-02 7.982218e-02 7.688693e-02 7.391327e-02 7.159546e-02 7.024831e-02 7.154023e-02 7.549795e-02 7.945724e-02 8.291865e-02 8.372507e-02 8.339753e-02 8.564735e-02 7.815526e-02 6.600117e-02 0.000000e+00 0.000000e+00 5.011185e-02 5.401803e-02 5.508412e-02 5.560914e-02 5.550584e-02
-9.999000e+03 -9.999000e+03 -9.999000e+03 -9.999000e+03 -9.999000e+03 -9.999000e+03 -9.999000e+03 -9.999000e+03 -9.999000e+03 -9.999000e+03 4.294216e-02 4.347225e-02 3.924975e-02 4.284195e-02 5.401299e-02 5.887151e-02 6.239924e-02 6.621622e-02 6.797945e-02 6.746150e-02 6.657513e-02 6.554727e-02 6.712502e-02 0.000000e+00 2.048301e-02 5.825317e-02 6.939685e-02 7.769606e-02 8.253851e-02 8.402005e-02 8.473449e-02 8.198533e-02 7.860191e-02 7.468181e-02 7.143418e-02 6.925227e-02 6.942926e-02 7.210207e-02 7.589826e-02 8.040898e-02 8.379298e-02 8.332350e-02 8.429455e-02 8.410540e-02 7.312707e-02 6.075838e-02 0.000000e+00 0.000000e+00 5.530264e-02 5.670253e-02 -9.999000e+03 -9.999000e+03
