tests/data/reference/test_implicit_stream_rill_mfda/mvel_m_s.asc
ncols	123
nrows	77
xllcorner	-713746.79929998
yllcorner	-1061022.36961616
cellsize	10.0
NODATA_value	-9999
[rows 46 to 68 of 77, columns 52 to 103 of 123]
5.290526e-02 5.216706e-02 5.296273e-02 5.509449e-02 5.636403e-02 5.513508e-02 5.537987e-02 5.569643e-02 5.574258e-02 5.736818e-02 5.800464e-02 9.663270e-02 6.171768e-02 6.185089e-02 6.097462e-02 6.138958e-02 6.521999e-02 6.629733e-02 6.842602e-02 6.927054e-02 7.071346e-02 7.293850e-02 7.327357e-02 7.080364e-02 7.234141e-02 0.000000e+00 1.868487e-02 4.903222e-02 5.742864e-02 6.078580e-02 5.899601e-02 0.000000e+00 0.000000e+00 0.000000e+00 5.961861e-02 6.414041e-02 6.621669e-02 5.027870e-02 5.154803e-02 5.176745e-02 5.158308e-02 5.105835e-02 5.024787e-02 4.899715e-02 4.788016e-02 4.690746e-02 4.589934e-02 5.919646e-02 5.794460e-02 5.828950e-02 6.003518e-02 6.163451e-02
5.229489e-02 4.989910e-02 4.983315e-02 5.242077e-02 4.982331e-02 4.975523e-02 5.009065e-02 5.105633e-02 5.601231e-02 5.451181e-02 9.577969e-02 5.856418e-02 5.781565e-02 5.407044e-02 5.381507e-02 5.884175e-02 5.518854e-02 5.859331e-02 6.077990e-02 6.147684e-02 6.298883e-02 6.550517e-02 6.684213e-02 7.447506e-02 5.291641e-02 0.000000e+00 1.906961e-02 5.304749e-02 6.016407e-02 6.462826e-02 6.520811e-02 6.278433e-02 5.649534e-02 0.000000e+00 0.000000e+00 5.832286e-02 6.243420e-02 4.889948e-02 5.098823e-02 5.162962e-02 5.144711e-02 5.076989e-02 5.020343e-02 4.954262e-02 4.900595e-02 4.844408e-02 4.764685e-02 6.207647e-02 6.056404e-02 6.032973e-02 6.161067e-02 6.285376e-02
5.317291e-02 4.987556e-02 4.896095e-02 3.961561e-02 4.057005e-02 4.041637e-02 4.062265e-02 5.329827e-02 4.992556e-02 9.657638e-02 5.570597e-02 5.283513e-02 4.436839e-02 4.379779e-02 5.692841e-02 4.318722e-02 4.421363e-02 4.654016e-02 4.784694e-02 4.817499e-02 4.930627e-02 5.123546e-02 7.200099e-02 6.649230e-02 7.230570e-02 0.000000e+00 2.077125e-02 7.140352e-02 6.983216e-02 7.106459e-02 7.065908e-02 6.786870e-02 6.008796e-02 3.427389e-02 0.000000e+00 4.918415e-02 5.880420e-02 4.726118e-02 4.998533e-02 5.127801e-02 5.134435e-02 5.057920e-02 5.016040e-02 4.991858e-02 4.986239e-02 4.968051e-02 4.905777e-02 6.480126e-02 6.342986e-02 6.275657e-02 6.312526e-02 6.350216e-02
5.478324e-02 5.161021e-02 3.821281e-02 4.646355e-02 4.985332e-02 5.078433e-02 5.106754e-02 3.978363e-02 9.655330e-02 5.350953e-02 4.240870e-02 4.361811e-02 5.293464e-02 5.580818e-02 4.321454e-02 5.192867e-02 5.627220e-02 5.983891e-02 6.181595e-02 6.239404e-02 6.344694e-02 6.535072e-02 5.061236e-02 5.346063e-02 8.491030e-02 0.000000e+00 6.952712e-02 6.945716e-02 7.014909e-02 7.299327e-02 7.358697e-02 7.150205e-02 6.536778e-02 5.371264e-02 0.000000e+00 0.000000e+00 5.627177e-02 4.562201e-02 4.860502e-02 5.052860e-02 5.109278e-02 5.056205e-02 5.027365e-02 5.024073e-02 5.053707e-02 5.068598e-02 5.017374e-02 6.718298e-02 6.636658e-02 6.546678e-02 6.457838e-02 6.361516e-02
5.614784e-02 7.814385e-02 7.271129e-02 6.851183e-02 6.466050e-02 6.066932e-02 5.624083e-02 9.674185e-02 5.135098e-02 4.115826e-02 5.045864e-02 5.479040e-02 5.662891e-02 5.687681e-02 5.709751e-02 5.763012e-02 5.893985e-02 6.113274e-02 6.249837e-02 6.281592e-02 6.297339e-02 6.311106e-02 6.523019e-02 6.951240e-02 7.151528e-02 0.000000e+00 6.228193e-02 5.363577e-02 6.591501e-02 7.263839e-02 7.529978e-02 7.493279e-02 7.021047e-02 7.737284e-02 5.000499e-02 0.000000e+00 5.048405e-02 4.452262e-02 4.746827e-02 4.966163e-02 5.058075e-02 5.042312e-02 5.035140e-02 5.037220e-02 6.208426e-02 6.271229e-02 5.111925e-02 6.924615e-02 6.863272e-02 6.765872e-02 6.624662e-02 6.455553e-02
8.597300e-02 5.720354e-02 6.912175e-02 6.807241e-02 7.657561e-02 9.012478e-02 9.477114e-02 5.118758e-02 5.191395e-02 5.401683e-02 5.532671e-02 5.564377e-02 5.595285e-02 5.620136e-02 5.678226e-02 5.779439e-02 7.287728e-02 7.025659e-02 6.717411e-02 6.589731e-02 6.461982e-02 6.215881e-02 6.222238e-02 6.541465e-02 6.791610e-02 0.000000e+00 5.298300e-02 6.693778e-02 7.419150e-02 7.740111e-02 7.896763e-02 7.817404e-02 7.376629e-02 6.516362e-02 6.766421e-02 0.000000e+00 0.000000e+00 4.225230e-02 4.682478e-02 4.897221e-02 5.001722e-02 5.016814e-02 5.038644e-02 5.040739e-02 6.675196e-02 6.779529e-02 5.182102e-02 7.114336e-02 7.023683e-02 6.921896e-02 6.819443e-02 6.660148e-02
5.938020e-02 5.908564e-02 4.302613e-02 5.454418e-02 5.990521e-02 5.293875e-02 5.285444e-02 5.237067e-02 5.342571e-02 5.596369e-02 5.692190e-02 5.581142e-02 5.513163e-02 5.518569e-02 5.572214e-02 5.671714e-02 4.486045e-02 5.700122e-02 6.326114e-02 6.646071e-02 6.589693e-02 6.134649e-02 5.975670e-02 6.238113e-02 4.909895e-02 0.000000e+00 6.651203e-02 7.506150e-02 7.947130e-02 8.220082e-02 8.210651e-02 8.012834e-02 7.601803e-02 6.973482e-02 5.920796e-02 6.136443e-02 0.000000e+00 5.124302e-02 4.682683e-02 4.835390e-02 4.913059e-02 4.931486e-02 4.985606e-02 6.150388e-02 6.883514e-02 7.003766e-02 6.399272e-02 7.263460e-02 7.184145e-02 7.075128e-02 6.984340e-02 6.871496e-02
5.980732e-02 6.041675e-02 5.876640e-02 6.551885e-02 5.304215e-02 5.322023e-02 5.353529e-02 5.360592e-02 5.516506e-02 7.136172e-02 6.705349e-02 6.121705e-02 5.650097e-02 5.497553e-02 5.473157e-02 5.548428e-02 5.787744e-02 6.178535e-02 6.519886e-02 6.791656e-02 6.687339e-02 6.107386e-02 7.446062e-02 7.887651e-02 7.717875e-02 0.000000e+00 7.162825e-02 7.749457e-02 8.122378e-02 8.422891e-02 8.461212e-02 8.105487e-02 7.764165e-02 7.429490e-02 6.612845e-02 7.842798e-02 0.000000e+00 0.000000e+00 4.675018e-02 4.803007e-02 4.798673e-02 4.780862e-02 5.943043e-02 6.566314e-02 6.987416e-02 7.130067e-02 6.943612e-02 7.358826e-02 7.343604e-02 7.238839e-02 7.114634e-02 7.064017e-02
6.054487e-02 6.170814e-02 7.513442e-02 5.600699e-02 5.355779e-02 5.379033e-02 5.435606e-02 5.466277e-02 5.635195e-02 5.974764e-02 6.104258e-02 5.998538e-02 5.806151e-02 5.566949e-02 5.480378e-02 5.566370e-02 5.783567e-02 6.120759e-02 6.437725e-02 6.717089e-02 6.611989e-02 5.991912e-02 4.333257e-02 4.717109e-02 6.075444e-02 0.000000e+00 7.017101e-02 7.789805e-02 8.226780e-02 8.386393e-02 8.422748e-02 8.382361e-02 7.935773e-02 7.814615e-02 9.004860e-02 9.366006e-02 4.616631e-02 0.000000e+00 4.855512e-02 4.795657e-02 4.835048e-02 4.808393e-02 6.416956e-02 6.811917e-02 7.098985e-02 7.234297e-02 7.197435e-02 7.396436e-02 7.426118e-02 7.365550e-02 7.251442e-02 7.213400e-02
6.176168e-02 6.274339e-02 6.140664e-02 5.709033e-02 5.462572e-02 5.504399e-02 5.555246e-02 5.597661e-02 5.736071e-02 4.514015e-02 7.748624e-02 8.816799e-02 8.170824e-02 9.718616e-02 1.021227e-01 1.003383e-01 9.887657e-02 9.782912e-02 9.644661e-02 9.464491e-02 8.924395e-02 7.982340e-02 7.603191e-02 7.763992e-02 0.000000e+00 0.000000e+00 5.629952e-02 7.084253e-02 7.861196e-02 8.296448e-02 8.412531e-02 8.270441e-02 8.163473e-02 8.075948e-02 7.641696e-02 8.311702e-02 9.300841e-02 0.000000e+00 5.041558e-02 4.959343e-02 5.004418e-02 6.108288e-02 6.863836e-02 7.100210e-02 7.272920e-02 7.350656e-02 7.321094e-02 7.384089e-02 7.424275e-02 7.438514e-02 7.394389e-02 7.326150e-02
6.322382e-02 6.338926e-02 6.175606e-02 5.785161e-02 5.660753e-02 5.659077e-02 5.702177e-02 5.794533e-02 5.892098e-02 7.410543e-02 6.171360e-02 6.303121e-02 7.726810e-02 5.982545e-02 5.884426e-02 7.466849e-02 7.099922e-02 6.783168e-02 6.577497e-02 6.711118e-02 6.655749e-02 6.301793e-02 6.304464e-02 6.754231e-02 0.000000e+00 2.079014e-02 6.123724e-02 7.266525e-02 7.846671e-02 8.093300e-02 8.189610e-02 8.225464e-02 8.241934e-02 8.257540e-02 7.801431e-02 8.934708e-02 9.533055e-02 0.000000e+00 0.000000e+00 5.291574e-02 6.346922e-02 6.905750e-02 7.228060e-02 7.333791e-02 7.407272e-02 7.440581e-02 7.405833e-02 7.383174e-02 7.377235e-02 7.396532e-02 7.386749e-02 7.294342e-02
6.482343e-02 6.275476e-02 5.977282e-02 6.012619e-02 5.874414e-02 5.798699e-02 5.848349e-02 5.966063e-02 6.047252e-02 6.074504e-02 6.171147e-02 6.336753e-02 6.348761e-02 6.146791e-02 6.082260e-02 6.228176e-02 7.893672e-02 9.189835e-02 1.004824e-01 9.875391e-02 9.673384e-02 9.094275e-02 8.736181e-02 8.580946e-02 0.000000e+00 2.099001e-02 6.114885e-02 7.153753e-02 7.620547e-02 7.768097e-02 7.926027e-02 8.174187e-02 8.313543e-02 8.342055e-02 8.063462e-02 7.552763e-02 9.433952e-02 9.469635e-02 0.000000e+00 7.041745e-02 7.465933e-02 7.508966e-02 7.545142e-02 7.518353e-02 7.487878e-02 7.491388e-02 7.479959e-02 7.409989e-02 7.301206e-02 7.234707e-02 7.200678e-02 7.093727e-02
6.330752e-02 5.583858e-02 5.989014e-02 6.020918e-02 5.884852e-02 5.877306e-02 5.883577e-02 6.005995e-02 6.088501e-02 6.100857e-02 6.164440e-02 6.321162e-02 6.357825e-02 6.250576e-02 6.228425e-02 6.348996e-02 6.499584e-02 6.658326e-02 6.815462e-02 8.647981e-02 8.182064e-02 7.726850e-02 7.355297e-02 7.347048e-02 0.000000e+00 2.110984e-02 6.081112e-02 7.026651e-02 7.433496e-02 7.570323e-02 8.959757e-02 8.610390e-02 8.459159e-02 8.459432e-02 8.491267e-02 8.514744e-02 8.928838e-02 9.704077e-02 0.000000e+00 0.000000e+00 7.893560e-02 7.721443e-02 7.712751e-02 7.604839e-02 7.517591e-02 7.487772e-02 7.472667e-02 7.394544e-02 7.244138e-02 7.130561e-02 7.092662e-02 6.982868e-02
4.826641e-02 5.777572e-02 5.753417e-02 5.659473e-02 5.878440e-02 5.799629e-02 5.814392e-02 5.905133e-02 5.998976e-02 6.059803e-02 6.174169e-02 6.237048e-02 6.297814e-02 6.309507e-02 6.316483e-02 6.399604e-02 6.537845e-02 6.708527e-02 6.892643e-02 7.075309e-02 8.950192e-02 9.252111e-02 9.299379e-02 9.127602e-02 0.000000e+00 5.970592e-02 7.074583e-02 8.983871e-02 9.076441e-02 9.109686e-02 7.670624e-02 8.598387e-02 8.407496e-02 8.044991e-02 8.173251e-02 8.122342e-02 8.461411e-02 9.107700e-02 9.892784e-02 0.000000e+00 0.000000e+00 7.721607e-02 7.591772e-02 7.579442e-02 7.488985e-02 7.432461e-02 7.380471e-02 7.315096e-02 7.197462e-02 7.107837e-02 7.106947e-02 7.022076e-02
5.751044e-02 5.708579e-02 4.946787e-02 5.632245e-02 5.616014e-02 5.641834e-02 5.644453e-02 5.666472e-02 5.760155e-02 6.076003e-02 6.100532e-02 6.128560e-02 6.258787e-02 6.337143e-02 6.399558e-02 6.475731e-02 6.583412e-02 6.743183e-02 6.928688e-02 7.109087e-02 5.222082e-02 5.227684e-02 7.292144e-02 5.504588e-02 0.000000e+00 5.788924e-02 7.043124e-02 7.922708e-02 7.796607e-02 7.281050e-02 6.811613e-02 7.031842e-02 7.217477e-02 7.338669e-02 7.518889e-02 7.767268e-02 7.713428e-02 7.929808e-02 6.912966e-02 1.025200e-01 0.000000e+00 0.000000e+00 7.202228e-02 7.353396e-02 7.363719e-02 7.360137e-02 7.317767e-02 7.280655e-02 7.197382e-02 7.083401e-02 7.020147e-02 6.938683e-02
6.080627e-02 4.092038e-02 5.162796e-02 4.962756e-02 5.167386e-02 5.245464e-02 5.244455e-02 5.192240e-02 5.754282e-02 5.800732e-02 5.924503e-02 6.108538e-02 6.137413e-02 6.287659e-02 6.465621e-02 6.535026e-02 6.651653e-02 6.804927e-02 6.904789e-02 5.191297e-02 6.393802e-02 6.838167e-02 5.243325e-02 6.706197e-02 0.000000e+00 7.372204e-02 7.871301e-02 7.822429e-02 6.631564e-02 5.401164e-02 5.457551e-02 5.563709e-02 5.685651e-02 5.803491e-02 5.962636e-02 6.169818e-02 7.975107e-02 8.110753e-02 8.593093e-02 8.434469e-02 1.068059e-01 0.000000e+00 6.140597e-02 6.545397e-02 7.107391e-02 7.259566e-02 7.290281e-02 7.299202e-02 7.259582e-02 7.073182e-02 6.854827e-02 4.950228e-02
5.893868e-02 5.328597e-02 3.832544e-02 4.028814e-02 4.182645e-02 4.280232e-02 4.273521e-02 5.452684e-02 5.052840e-02 5.272602e-02 5.869365e-02 5.758357e-02 5.844066e-02 6.173132e-02 6.302172e-02 6.442262e-02 6.606131e-02 6.645738e-02 5.155881e-02 6.409069e-02 6.932422e-02 7.036001e-02 7.194360e-02 7.529282e-02 0.000000e+00 7.424472e-02 7.802653e-02 5.405450e-02 5.351273e-02 6.600754e-02 7.189538e-02 7.499801e-02 7.752461e-02 8.022001e-02 8.319859e-02 8.248457e-02 6.155522e-02 6.213047e-02 7.501596e-02 7.255683e-02 5.930771e-02 0.000000e+00 0.000000e+00 5.968898e-02 6.823707e-02 7.101929e-02 7.177412e-02 7.174974e-02 7.148652e-02 6.918729e-02 4.862304e-02 7.087046e-02
5.626602e-02 5.238771e-02 4.999829e-02 5.060198e-02 5.191373e-02 5.351445e-02 5.380189e-02 4.018649e-02 4.040662e-02 5.404479e-02 5.118026e-02 5.157265e-02 5.687342e-02 5.736629e-02 5.959887e-02 6.183371e-02 6.010370e-02 5.102583e-02 6.369764e-02 6.965192e-02 7.191273e-02 7.168367e-02 7.221960e-02 7.439427e-02 0.000000e+00 7.305637e-02 7.717665e-02 7.777653e-02 7.703769e-02 7.630172e-02 7.573192e-02 7.528495e-02 7.588812e-02 7.766481e-02 8.023556e-02 8.341497e-02 8.286266e-02 8.134438e-02 8.206603e-02 8.606816e-02 8.996942e-02 9.318175e-02 0.000000e+00 0.000000e+00 6.265590e-02 6.894091e-02 5.001801e-02 6.886143e-02 6.836684e-02 4.832293e-02 6.809686e-02 7.227366e-02
5.251337e-02 5.117375e-02 5.031698e-02 5.034095e-02 5.081281e-02 5.164691e-02 5.159410e-02 5.031715e-02 5.009565e-02 4.001589e-02 4.075595e-02 5.254665e-02 4.972490e-02 5.131741e-02 5.381266e-02 4.741477e-02 4.937810e-02 6.243563e-02 6.892149e-02 7.186831e-02 7.288552e-02 7.254235e-02 7.260174e-02 7.356365e-02 0.000000e+00 7.240115e-02 7.735351e-02 7.930044e-02 7.918739e-02 7.798008e-02 7.668763e-02 7.535593e-02 7.483430e-02 7.531358e-02 7.714842e-02 8.028279e-02 8.309198e-02 8.357440e-02 5.997952e-02 5.953236e-02 7.035821e-02 6.557094e-02 9.709833e-02 0.000000e+00 6.006267e-02 6.308122e-02 4.928634e-02 4.839571e-02 4.798071e-02 4.917743e-02 7.043586e-02 7.121731e-02
4.767654e-02 4.924760e-02 5.031236e-02 5.085881e-02 5.103374e-02 5.078549e-02 5.019852e-02 4.932441e-02 4.878294e-02 4.874352e-02 4.917086e-02 3.901934e-02 3.995761e-02 4.115395e-02 4.341359e-02 5.593951e-02 6.338701e-02 6.842105e-02 7.125555e-02 7.230458e-02 7.249658e-02 7.206761e-02 9.020213e-02 9.357341e-02 0.000000e+00 7.748407e-02 8.015915e-02 8.202984e-02 8.197788e-02 8.032401e-02 7.841029e-02 7.630567e-02 7.477005e-02 7.395396e-02 7.457781e-02 7.685404e-02 7.952565e-02 8.218383e-02 8.427041e-02 8.308168e-02 8.450870e-02 8.074103e-02 7.118417e-02 0.000000e+00 0.000000e+00 5.838262e-02 4.882341e-02 4.876741e-02 4.852115e-02 7.098704e-02 7.298900e-02 7.188740e-02
3.633144e-02 4.516686e-02 4.957186e-02 5.177939e-02 5.229512e-02 5.115356e-02 5.013361e-02 4.979753e-02 4.888005e-02 4.689170e-02 4.606768e-02 4.709812e-02 4.914534e-02 5.184912e-02 5.559855e-02 6.027377e-02 6.460543e-02 6.850878e-02 7.072368e-02 7.116341e-02 7.078764e-02 6.982378e-02 5.101016e-02 0.000000e+00 0.000000e+00 6.451816e-02 7.498477e-02 8.083358e-02 8.286036e-02 8.216283e-02 8.041153e-02 7.787882e-02 7.557867e-02 7.369999e-02 7.282206e-02 7.323195e-02 7.539530e-02 7.897506e-02 8.215289e-02 8.391003e-02 8.363101e-02 8.512603e-02 7.989218e-02 7.043404e-02 0.000000e+00 0.000000e+00 5.493715e-02 4.973743e-02 5.092495e-02 5.253614e-02 5.388231e-02 6.699765e-02
-9.999000e+03 -9.999000e+03 -9.999000e+03 -9.999000e+03 -9.999000e+03 -9.999000e+03 -9.999000e+03 3.963629e-02 3.878648e-02 3.639551e-02 3.532954e-02 3.628130e-02 4.522372e-02 5.141427e-02 5.615312e-02 6.003992e-02 6.374824e-02 6.752971e-02 6.949802e-02 6.946852e-02 6.869600e-02 6.731097e-02 6.833847e-02 0.000000e+00 2.124914e-02 5.881353e-02 6.995879e-02 7.798533e-02 8.219185e-02 8.329180e-02 8.239681e-02 7.981202e-02 7.692197e-02 7.397052e-02 7.165642e-02 7.029943e-02 7.156620e-02 7.548165e-02 7.939782e-02 8.283321e-02 8.372507e-02 8.339753e-02 8.564735e-02 7.777235e-02 6.557777e-02 0.000000e+00 0.000000e+00 4.974098e-02 5.356796e-02 5.462396e-02 5.514408e-02 5.504174e-02
-9.999000e+03 -9.999000e+03 -9.999000e+03 -9.999000e+03 -9.999000e+03 -9.999000e+03 -9.999000e+03 -9.999000e+03 -9.999000e+03 -9.999000e+03 4.271406e-02 4.324003e-02 3.895354e-02 4.250671e-02 5.365131e-02 5.861978e-02 6.225077e-02 6.611898e-02 6.790848e-02 6.742071e-02 6.656437e-02 6.555557e-02 6.712821e-02 0.000000e+00 2.117219e-02 5.815014e-02 6.901455e-02 7.731701e-02 8.225296e-02 8.402005e-02 8.462651e-02 8.198982e-02 7.863711e-02 7.474467e-02 7.150953e-02 6.932139e-02 6.947453e-02 7.210810e-02 7.586079e-02 8.033438e-02 8.369759e-02 8.332350e-02 8.429455e-02 8.368397e-02 7.326488e-02 6.046407e-02 0.000000e+00 0.000000e+00 5.484043e-02 5.622744e-02 -9.999000e+03 -9.999000e+03
