tests/data/reference/test_implicit_stream_rill_mfda/mvel_m_s.asc
ncols	123
nrows	77
xllcorner	-713746.79929998
yllcorner	-1061022.36961616
cellsize	10.0
NODATA_value	-9999
[rows 46 to 68 of 77, columns 52 to 103 of 123]
5.284388e-02 5.211309e-02 5.292935e-02 5.509907e-02 5.639618e-02 5.538967e-02 5.563464e-02 5.595614e-02 5.600532e-02 5.740294e-02 5.814471e-02 9.856887e-02 6.177147e-02 6.202045e-02 6.130006e-02 6.171994e-02 6.528346e-02 6.669179e-02 6.886049e-02 6.972291e-02 7.118524e-02 7.344571e-02 7.379925e-02 7.130478e-02 7.239939e-02 0.000000e+00 1.880285e-02 4.947458e-02 5.788886e-02 6.108011e-02 5.910583e-02 0.000000e+00 0.000000e+00 0.000000e+00 5.954669e-02 6.410640e-02 6.619516e-02 5.078585e-02 5.207089e-02 5.229300e-02 5.210637e-02 5.157518e-02 5.075463e-02 4.948818e-02 4.835696e-02 4.737172e-02 4.635050e-02 5.922491e-02 5.795629e-02 5.831058e-02 6.007876e-02 6.169127e-02
5.222475e-02 4.982334e-02 4.977202e-02 5.239620e-02 5.019702e-02 5.013068e-02 5.047021e-02 5.144958e-02 5.604375e-02 5.475929e-02 9.753407e-02 5.860488e-02 5.810396e-02 5.451763e-02 5.425664e-02 5.888928e-02 5.564685e-02 5.910245e-02 6.132942e-02 6.204222e-02 6.357680e-02 6.613367e-02 6.749965e-02 7.456735e-02 5.345589e-02 0.000000e+00 1.898825e-02 5.331513e-02 6.051737e-02 6.489324e-02 6.534426e-02 6.281371e-02 5.548577e-02 0.000000e+00 0.000000e+00 5.824783e-02 6.238072e-02 4.938928e-02 5.150419e-02 5.215348e-02 5.196873e-02 5.128315e-02 5.070964e-02 5.004054e-02 4.949710e-02 4.892808e-02 4.812065e-02 6.211364e-02 6.059068e-02 6.035693e-02 6.165102e-02 6.290002e-02
5.311647e-02 4.980540e-02 4.889658e-02 3.998317e-02 4.095045e-02 4.079470e-02 4.100375e-02 5.331504e-02 5.030111e-02 9.817552e-02 5.573022e-02 5.325832e-02 4.479944e-02 4.422129e-02 5.704328e-02 4.360261e-02 4.464263e-02 4.699966e-02 4.832330e-02 4.865556e-02 4.980122e-02 5.175448e-02 7.206178e-02 6.714151e-02 7.282424e-02 0.000000e+00 1.971293e-02 6.979487e-02 6.948551e-02 7.096136e-02 7.061162e-02 6.783089e-02 6.000959e-02 3.453941e-02 0.000000e+00 4.905496e-02 5.872626e-02 4.773001e-02 5.048882e-02 5.179755e-02 5.186470e-02 5.109009e-02 5.066607e-02 5.042123e-02 5.036433e-02 5.018017e-02 4.954957e-02 6.485105e-02 6.347400e-02 6.279345e-02 6.315896e-02 6.353018e-02
5.477729e-02 5.158562e-02 3.856148e-02 4.678893e-02 5.004499e-02 5.086546e-02 5.109127e-02 4.015345e-02 9.791087e-02 5.351133e-02 4.281373e-02 4.403922e-02 5.336335e-02 5.607112e-02 4.363029e-02 5.234206e-02 5.653791e-02 5.998557e-02 6.189634e-02 6.243472e-02 6.346768e-02 6.537166e-02 5.112367e-02 5.400663e-02 8.523815e-02 0.000000e+00 6.170781e-02 6.931348e-02 7.034000e-02 7.311375e-02 7.363639e-02 7.150619e-02 6.531421e-02 5.359717e-02 0.000000e+00 0.000000e+00 5.619273e-02 4.606954e-02 4.909107e-02 5.103886e-02 5.161003e-02 5.107273e-02 5.078073e-02 5.074741e-02 5.104744e-02 5.119820e-02 5.067958e-02 6.723792e-02 6.642327e-02 6.551398e-02 6.460755e-02 6.362583e-02
5.624889e-02 8.044245e-02 7.509144e-02 7.090959e-02 6.702586e-02 6.306171e-02 5.865876e-02 9.791785e-02 5.132935e-02 4.154655e-02 5.084535e-02 5.503925e-02 5.675202e-02 5.692249e-02 5.710736e-02 5.763038e-02 5.894586e-02 6.115348e-02 6.252694e-02 6.283660e-02 6.298072e-02 6.310945e-02 6.523786e-02 6.955268e-02 7.157173e-02 0.000000e+00 5.940149e-02 5.418386e-02 6.650450e-02 7.309923e-02 7.558031e-02 7.505986e-02 7.021621e-02 7.807177e-02 4.989853e-02 0.000000e+00 5.038912e-02 4.495570e-02 4.793978e-02 5.016106e-02 5.109166e-02 5.093207e-02 5.085945e-02 5.088052e-02 6.267140e-02 6.330908e-02 5.163684e-02 6.929904e-02 6.869199e-02 6.771037e-02 6.627543e-02 6.456039e-02
8.824713e-02 5.717284e-02 6.953414e-02 6.860362e-02 7.741848e-02 9.138590e-02 9.607660e-02 5.115948e-02 5.189116e-02 5.401482e-02 5.534214e-02 5.565738e-02 5.595805e-02 5.620105e-02 5.678203e-02 5.779943e-02 7.326458e-02 7.059696e-02 6.731284e-02 6.573256e-02 6.454937e-02 6.211049e-02 6.218305e-02 6.541041e-02 6.794865e-02 0.000000e+00 5.352328e-02 6.760651e-02 7.473501e-02 7.768728e-02 7.911934e-02 7.824342e-02 7.375792e-02 6.507075e-02 6.863487e-02 0.000000e+00 0.000000e+00 4.261454e-02 4.728797e-02 4.946293e-02 5.052110e-02 5.067391e-02 5.089494e-02 5.091615e-02 6.717547e-02 6.823504e-02 5.234723e-02 7.119147e-02 7.028852e-02 6.926579e-02 6.822711e-02 6.661661e-02
5.936081e-02 5.906626e-02 4.343938e-02 5.449210e-02 6.055549e-02 5.288040e-02 5.282052e-02 5.234432e-02 5.340485e-02 5.596730e-02 5.694034e-02 5.581498e-02 5.511726e-02 5.516902e-02 5.571357e-02 5.671917e-02 4.529799e-02 5.749109e-02 6.362526e-02 6.667686e-02 6.599067e-02 6.133669e-02 5.969950e-02 6.234812e-02 4.959128e-02 0.000000e+00 6.106407e-02 7.414340e-02 7.955302e-02 8.237525e-02 8.215054e-02 8.013028e-02 7.598695e-02 6.965170e-02 5.907058e-02 6.204044e-02 0.000000e+00 5.160194e-02 4.729005e-02 4.883675e-02 4.962331e-02 4.980992e-02 5.035792e-02 6.208212e-02 6.906314e-02 7.028115e-02 6.461355e-02 7.267643e-02 7.188354e-02 7.079026e-02 6.987899e-02 6.874549e-02
5.979003e-02 6.040235e-02 5.874231e-02 6.617997e-02 5.295875e-02 5.315863e-02 5.350146e-02 5.357567e-02 5.514497e-02 7.165681e-02 6.736415e-02 6.144671e-02 5.631938e-02 5.488364e-02 5.468718e-02 5.546875e-02 5.788905e-02 6.182886e-02 6.526536e-02 6.798856e-02 6.691577e-02 6.104282e-02 7.502611e-02 7.944021e-02 7.787821e-02 0.000000e+00 6.271631e-02 7.557746e-02 8.103218e-02 8.433961e-02 8.469312e-02 8.103226e-02 7.758722e-02 7.422534e-02 6.601660e-02 7.909904e-02 0.000000e+00 0.000000e+00 4.716604e-02 4.850878e-02 4.846489e-02 4.828449e-02 5.997641e-02 6.607022e-02 6.997242e-02 7.141051e-02 6.990258e-02 7.362097e-02 7.347244e-02 7.242303e-02 7.117996e-02 7.068006e-02
6.053751e-02 6.169859e-02 7.559944e-02 5.594017e-02 5.348108e-02 5.374632e-02 5.431464e-02 5.462886e-02 5.633103e-02 5.974642e-02 6.106014e-02 5.999250e-02 5.804109e-02 5.562626e-02 5.475965e-02 5.564030e-02 5.784181e-02 6.124425e-02 6.443518e-02 6.723656e-02 6.615919e-02 5.988433e-02 4.374989e-02 4.763876e-02 6.130656e-02 0.000000e+00 6.307450e-02 7.650489e-02 8.223247e-02 8.386393e-02 8.422748e-02 8.442441e-02 7.902692e-02 7.800869e-02 9.004860e-02 9.422667e-02 2.771153e+20 0.000000e+00 4.899199e-02 4.838652e-02 4.883329e-02 4.856333e-02 6.454836e-02 6.833639e-02 7.102852e-02 7.238796e-02 7.224029e-02 7.398456e-02 7.429085e-02 7.368719e-02 7.254446e-02 7.217419e-02
6.176905e-02 6.275281e-02 6.138478e-02 5.704975e-02 5.461682e-02 5.499775e-02 5.551621e-02 5.595227e-02 5.734259e-02 4.558136e-02 7.804425e-02 8.917680e-02 8.306545e-02 9.876804e-02 1.037849e-01 1.024097e-01 1.012951e-01 1.005342e-01 9.942520e-02 9.792257e-02 9.260467e-02 8.294856e-02 7.925869e-02 8.124035e-02 0.000000e+00 0.000000e+00 5.652059e-02 2.428323e+20 2.204090e+20 8.336221e-02 8.434531e-02 8.278987e-02 8.163651e-02 8.069223e-02 7.635342e-02 8.427912e-02 9.352305e-02 0.000000e+00 5.087369e-02 5.004221e-02 5.054840e-02 6.164390e-02 6.885924e-02 7.111104e-02 7.275346e-02 7.352941e-02 7.333465e-02 7.384666e-02 7.425891e-02 7.441037e-02 7.397237e-02 7.329542e-02
6.328103e-02 6.341384e-02 6.179934e-02 5.796714e-02 5.658808e-02 5.656746e-02 5.702088e-02 5.793580e-02 5.892186e-02 7.457484e-02 6.172360e-02 6.304867e-02 7.782975e-02 5.980567e-02 5.880794e-02 7.508403e-02 7.154848e-02 6.831557e-02 6.559006e-02 6.705738e-02 6.655039e-02 6.299072e-02 6.300366e-02 6.754020e-02 0.000000e+00 2.058975e-02 6.156945e-02 7.322591e-02 7.896674e-02 8.125722e-02 8.206049e-02 8.231886e-02 8.243473e-02 8.257217e-02 7.794953e-02 9.002453e-02 9.533055e-02 0.000000e+00 0.000000e+00 5.340161e-02 6.400968e-02 6.950673e-02 7.241467e-02 7.340545e-02 7.409870e-02 7.442336e-02 7.410822e-02 7.382649e-02 7.377111e-02 7.397564e-02 7.388687e-02 7.296123e-02
6.489723e-02 6.293310e-02 6.008463e-02 6.016473e-02 5.874473e-02 5.804385e-02 5.849230e-02 5.968536e-02 6.050135e-02 6.077300e-02 6.174230e-02 6.340741e-02 6.350706e-02 6.147001e-02 6.081137e-02 6.227132e-02 7.941095e-02 9.292083e-02 1.004824e-01 9.875391e-02 9.876141e-02 9.418639e-02 9.058518e-02 8.917118e-02 0.000000e+00 2.076873e-02 6.147361e-02 7.208196e-02 7.667138e-02 7.796055e-02 7.939229e-02 8.180590e-02 8.317987e-02 8.345274e-02 8.059919e-02 7.546687e-02 9.433952e-02 9.469635e-02 0.000000e+00 7.106037e-02 7.513103e-02 7.540024e-02 7.554962e-02 7.523708e-02 7.490343e-02 7.492749e-02 7.481959e-02 7.409125e-02 7.299541e-02 7.233292e-02 7.199987e-02 7.092533e-02
6.368009e-02 5.632606e-02 6.001461e-02 6.020511e-02 5.900092e-02 5.880575e-02 5.890107e-02 6.012560e-02 6.095516e-02 6.108044e-02 6.172170e-02 6.324531e-02 6.362210e-02 6.253474e-02 6.228912e-02 6.350039e-02 6.500969e-02 6.659669e-02 6.817427e-02 8.701013e-02 8.248028e-02 7.789261e-02 7.401964e-02 7.333373e-02 0.000000e+00 2.086572e-02 6.112652e-02 2.336635e+20 7.477124e-02 7.595504e-02 8.959757e-02 8.610390e-02 8.459159e-02 8.459432e-02 8.491267e-02 8.514744e-02 8.928838e-02 9.704077e-02 0.000000e+00 0.000000e+00 7.927272e-02 7.736192e-02 7.720404e-02 7.608957e-02 7.519204e-02 7.488311e-02 7.473262e-02 7.393587e-02 7.241609e-02 7.127209e-02 7.089525e-02 6.979314e-02
4.874815e-02 5.807128e-02 5.751188e-02 5.686136e-02 5.881902e-02 5.814573e-02 5.828388e-02 5.919332e-02 6.013850e-02 6.075716e-02 6.178640e-02 6.246156e-02 6.306319e-02 6.312703e-02 6.320809e-02 6.403842e-02 6.540401e-02 6.711748e-02 6.896279e-02 7.079170e-02 9.008249e-02 9.342547e-02 9.299379e-02 9.127602e-02 0.000000e+00 5.765110e-02 7.089491e-02 8.983871e-02 9.076441e-02 9.109686e-02 7.702935e-02 8.598387e-02 8.407496e-02 8.110834e-02 8.241663e-02 8.122342e-02 8.461411e-02 9.107700e-02 9.892784e-02 0.000000e+00 0.000000e+00 7.729637e-02 7.592355e-02 7.581523e-02 7.489255e-02 7.431772e-02 7.379543e-02 7.313531e-02 7.194769e-02 7.104299e-02 7.103594e-02 7.018692e-02
5.801988e-02 5.711622e-02 4.984041e-02 5.630771e-02 5.642906e-02 5.669160e-02 5.671705e-02 5.693756e-02 5.788344e-02 6.080518e-02 6.118092e-02 6.146077e-02 6.264341e-02 6.347120e-02 6.410041e-02 6.481522e-02 6.590228e-02 6.750014e-02 6.935596e-02 7.121331e-02 5.275190e-02 5.280859e-02 7.319065e-02 5.561053e-02 0.000000e+00 5.780577e-02 7.098078e-02 7.911760e-02 7.799744e-02 7.333214e-02 6.880727e-02 7.104351e-02 7.293191e-02 7.416818e-02 7.600254e-02 7.853037e-02 7.799897e-02 7.990219e-02 6.935315e-02 1.025200e-01 0.000000e+00 0.000000e+00 7.199845e-02 7.352166e-02 7.362187e-02 7.358239e-02 7.315534e-02 7.278492e-02 7.195104e-02 7.080663e-02 7.017352e-02 6.936124e-02
6.097255e-02 4.130548e-02 5.156478e-02 4.999525e-02 5.207447e-02 5.287069e-02 5.286369e-02 5.233412e-02 5.756534e-02 5.829506e-02 5.955415e-02 6.115502e-02 6.155017e-02 6.306644e-02 6.474352e-02 6.547939e-02 6.664632e-02 6.818055e-02 6.928949e-02 5.244029e-02 6.455857e-02 6.883452e-02 5.296690e-02 6.772931e-02 0.000000e+00 6.574001e-02 7.713972e-02 7.801095e-02 6.698164e-02 5.456418e-02 5.513468e-02 5.620856e-02 5.744182e-02 5.863327e-02 6.024183e-02 6.233499e-02 7.975107e-02 8.110753e-02 8.593093e-02 9.071378e-02 1.068059e-01 0.000000e+00 6.131409e-02 6.535586e-02 7.103417e-02 7.256719e-02 7.287688e-02 7.297238e-02 7.258283e-02 7.071200e-02 6.851529e-02 4.999969e-02
5.900305e-02 5.325636e-02 3.867562e-02 4.066475e-02 4.222369e-02 4.321259e-02 4.314459e-02 5.453478e-02 5.091323e-02 5.314122e-02 5.875020e-02 5.786914e-02 5.873550e-02 6.181335e-02 6.322005e-02 6.463461e-02 6.628706e-02 6.687077e-02 5.208180e-02 6.471153e-02 6.979007e-02 7.060994e-02 7.204986e-02 7.534955e-02 0.000000e+00 6.511223e-02 7.611153e-02 5.460755e-02 5.405935e-02 6.666614e-02 7.240377e-02 7.530045e-02 7.768259e-02 8.030971e-02 8.326975e-02 8.248457e-02 6.219059e-02 6.277159e-02 7.585433e-02 7.306387e-02 5.940862e-02 0.000000e+00 0.000000e+00 5.956924e-02 6.817405e-02 7.098141e-02 7.174580e-02 7.172808e-02 7.147349e-02 6.916308e-02 4.910932e-02 7.098321e-02
5.626745e-02 5.234486e-02 4.993841e-02 5.056383e-02 5.190674e-02 5.352783e-02 5.381494e-02 4.056173e-02 4.078482e-02 5.405812e-02 5.157339e-02 5.197331e-02 5.692644e-02 5.764720e-02 5.990798e-02 6.217516e-02 6.064788e-02 5.154226e-02 6.431013e-02 7.012004e-02 7.218202e-02 7.179712e-02 7.225062e-02 7.440767e-02 0.000000e+00 6.416394e-02 7.531620e-02 7.757533e-02 7.707088e-02 7.628910e-02 7.569717e-02 7.525259e-02 7.586702e-02 7.766411e-02 8.026127e-02 8.346754e-02 8.286266e-02 8.134438e-02 8.206603e-02 8.606816e-02 8.996942e-02 9.962544e-02 0.000000e+00 0.000000e+00 6.254931e-02 6.889200e-02 5.052190e-02 6.882032e-02 6.833013e-02 4.880539e-02 6.818473e-02 7.255681e-02
5.251751e-02 5.114166e-02 5.028383e-02 5.031936e-02 5.080390e-02 5.164794e-02 5.159442e-02 5.030398e-02 5.007758e-02 4.038883e-02 4.113884e-02 5.256559e-02 5.009570e-02 5.171223e-02 5.424500e-02 4.788558e-02 4.987395e-02 6.302192e-02 6.937505e-02 7.214014e-02 7.301779e-02 7.258813e-02 7.260536e-02 7.355921e-02 0.000000e+00 6.366229e-02 7.551199e-02 7.911260e-02 7.924811e-02 7.798793e-02 7.665524e-02 7.531064e-02 7.479055e-02 7.528350e-02 7.714279e-02 8.031005e-02 8.314851e-02 8.357440e-02 6.059871e-02 6.014684e-02 7.111412e-02 6.596451e-02 9.709833e-02 0.000000e+00 5.885672e-02 6.298523e-02 4.978104e-02 4.887909e-02 4.845880e-02 4.967074e-02 7.069703e-02 7.171590e-02
4.783577e-02 4.929898e-02 5.033081e-02 5.086789e-02 5.103617e-02 5.078052e-02 5.018623e-02 4.930579e-02 4.876307e-02 4.872841e-02 4.916358e-02 3.937887e-02 4.032978e-02 4.154218e-02 4.383199e-02 5.640901e-02 6.375066e-02 6.866369e-02 7.140736e-02 7.239110e-02 7.253593e-02 7.207438e-02 9.082985e-02 9.373876e-02 0.000000e+00 6.508890e-02 7.713019e-02 8.149769e-02 8.196336e-02 8.032199e-02 7.837378e-02 7.624883e-02 7.470685e-02 7.389758e-02 7.454087e-02 7.684897e-02 7.955517e-02 8.223847e-02 8.427041e-02 8.308168e-02 8.450870e-02 8.235552e-02 7.196174e-02 0.000000e+00 0.000000e+00 5.828636e-02 4.931224e-02 4.925553e-02 4.900614e-02 7.109112e-02 7.328099e-02 7.239324e-02
3.665478e-02 4.547141e-02 4.976303e-02 5.187740e-02 5.233543e-02 5.115462e-02 5.011406e-02 4.977619e-02 4.885905e-02 4.686212e-02 4.603796e-02 4.708575e-02 4.915602e-02 5.187960e-02 5.564900e-02 6.034718e-02 6.469585e-02 6.860566e-02 7.081000e-02 7.122039e-02 7.080893e-02 6.981532e-02 5.152640e-02 0.000000e+00 0.000000e+00 6.113292e-02 7.468237e-02 8.112810e-02 8.311120e-02 8.226431e-02 8.041771e-02 7.783397e-02 7.550912e-02 7.362549e-02 7.275779e-02 7.318994e-02 7.538630e-02 7.900677e-02 8.221874e-02 8.391003e-02 8.363101e-02 8.512603e-02 7.954142e-02 7.019868e-02 0.000000e+00 0.000000e+00 5.536270e-02 5.023780e-02 5.144013e-02 5.307104e-02 5.443331e-02 6.766993e-02
-9.999000e+03 -9.999000e+03 -9.999000e+03 -9.999000e+03 -9.999000e+03 -9.999000e+03 -9.999000e+03 4.000413e-02 3.914287e-02 3.671971e-02 3.563943e-02 3.660397e-02 4.552892e-02 5.162546e-02 5.629387e-02 6.014383e-02 6.383684e-02 6.761536e-02 6.957358e-02 6.951482e-02 6.870597e-02 6.729138e-02 6.831651e-02 0.000000e+00 2.048687e-02 5.896207e-02 7.043449e-02 7.845229e-02 8.253192e-02 8.349222e-02 8.248194e-02 7.981118e-02 7.686537e-02 7.388662e-02 7.156809e-02 7.022333e-02 7.152092e-02 7.548781e-02 7.945623e-02 8.292308e-02 8.372507e-02 8.339753e-02 8.564735e-02 7.875599e-02 6.637875e-02 0.000000e+00 0.000000e+00 5.019143e-02 5.411524e-02 5.518369e-02 5.570987e-02 5.560634e-02
-9.999000e+03 -9.999000e+03 -9.999000e+03 -9.999000e+03 -9.999000e+03 -9.999000e+03 -9.999000e+03 -9.999000e+03 -9.999000e+03 -9.999000e+03 4.298704e-02 4.351806e-02 3.931218e-02 4.291304e-02 5.408605e-02 5.892018e-02 6.242420e-02 6.622827e-02 6.798429e-02 6.745898e-02 6.656574e-02 6.553351e-02 6.711218e-02 0.000000e+00 2.042906e-02 5.830093e-02 6.947884e-02 7.777237e-02 8.259269e-02 8.402005e-02 8.468832e-02 8.196636e-02 7.858094e-02 7.465406e-02 7.140360e-02 6.922330e-02 6.940578e-02 7.208725e-02 7.589282e-02 8.041143e-02 8.379964e-02 8.332350e-02 8.429455e-02 8.481564e-02 7.344735e-02 6.100583e-02 0.000000e+00 0.000000e+00 5.540269e-02 5.680565e-02 -9.999000e+03 -9.999000e+03
