tests/data/reference/test_implicit_stream_rill_mfda/mvel_m_s.asc
ncols	123
nrows	77
xllcorner	-713746.79929998
yllcorner	-1061022.36961616
cellsize	10.0
NODATA_value	-9999
[rows 46 to 68 of 77, columns 52 to 103 of 123]
5.296881e-02 5.222760e-02 5.302216e-02 5.514983e-02 5.641372e-02 5.510000e-02 5.534406e-02 5.566007e-02 5.570546e-02 5.740928e-02 5.799109e-02 9.655118e-02 6.175920e-02 6.182909e-02 6.092677e-02 6.134171e-02 6.525050e-02 6.624303e-02 6.836694e-02 6.920784e-02 7.064776e-02 7.286958e-02 7.320294e-02 7.073401e-02 7.238746e-02 0.000000e+00 1.867135e-02 4.899054e-02 5.738568e-02 6.073944e-02 5.897622e-02 0.000000e+00 0.000000e+00 0.000000e+00 5.968153e-02 6.420290e-02 6.627707e-02 5.023144e-02 5.149928e-02 5.171845e-02 5.153429e-02 5.101018e-02 5.020064e-02 4.895137e-02 4.783566e-02 4.686407e-02 4.585709e-02 5.922938e-02 5.799124e-02 5.833413e-02 6.007683e-02 6.167412e-02
5.235009e-02 4.995612e-02 4.989015e-02 5.247472e-02 4.978403e-02 4.971575e-02 5.005084e-02 5.101539e-02 5.605228e-02 5.447740e-02 9.572411e-02 5.860755e-02 5.777380e-02 5.402550e-02 5.377049e-02 5.885594e-02 5.514266e-02 5.854397e-02 6.072845e-02 6.142484e-02 6.293558e-02 6.545003e-02 6.678643e-02 7.452281e-02 5.286603e-02 0.000000e+00 1.902641e-02 5.300044e-02 6.012847e-02 6.459267e-02 6.519144e-02 6.279694e-02 5.651068e-02 0.000000e+00 0.000000e+00 5.838880e-02 6.249823e-02 4.885381e-02 5.094014e-02 5.158078e-02 5.139848e-02 5.072206e-02 5.015626e-02 4.949621e-02 4.896016e-02 4.839893e-02 4.760262e-02 6.211751e-02 6.061114e-02 6.037524e-02 6.165291e-02 6.289442e-02
5.321464e-02 4.992084e-02 4.900762e-02 3.958055e-02 4.053388e-02 4.038038e-02 4.058642e-02 5.333335e-02 4.988611e-02 9.651779e-02 5.575245e-02 5.279183e-02 4.432788e-02 4.375792e-02 5.691415e-02 4.314805e-02 4.417329e-02 4.649719e-02 4.780247e-02 4.813015e-02 4.926014e-02 5.118708e-02 7.205020e-02 6.643669e-02 7.223492e-02 0.000000e+00 2.077126e-02 7.150769e-02 6.981804e-02 7.109248e-02 7.071591e-02 6.793539e-02 6.015619e-02 3.424814e-02 0.000000e+00 4.925178e-02 5.887247e-02 4.721738e-02 4.993841e-02 5.122959e-02 5.129584e-02 5.053159e-02 5.011328e-02 4.987174e-02 4.981561e-02 4.963394e-02 4.901192e-02 6.484487e-02 6.347601e-02 6.280235e-02 6.316930e-02 6.354598e-02
5.480008e-02 5.163207e-02 3.817940e-02 4.642862e-02 4.982790e-02 5.078328e-02 5.108948e-02 3.974838e-02 9.651461e-02 5.355956e-02 4.237042e-02 4.357844e-02 5.289100e-02 5.576827e-02 4.317533e-02 5.188616e-02 5.623249e-02 5.982132e-02 6.182485e-02 6.242266e-02 6.348778e-02 6.539839e-02 5.056471e-02 5.340959e-02 8.494147e-02 0.000000e+00 7.003983e-02 6.944276e-02 7.003340e-02 7.293233e-02 7.358258e-02 7.153478e-02 6.542094e-02 5.378401e-02 0.000000e+00 0.000000e+00 5.634219e-02 4.558007e-02 4.855969e-02 5.048105e-02 5.104457e-02 5.051446e-02 5.022639e-02 5.019351e-02 5.048951e-02 5.063824e-02 5.012660e-02 6.722721e-02 6.641142e-02 6.551241e-02 6.462488e-02 6.366340e-02
5.613150e-02 7.789142e-02 7.249197e-02 6.826408e-02 6.433117e-02 6.031920e-02 5.594148e-02 9.675697e-02 5.140380e-02 4.112141e-02 5.041821e-02 5.475464e-02 5.661675e-02 5.689160e-02 5.713150e-02 5.767465e-02 5.898863e-02 6.118213e-02 6.254702e-02 6.286457e-02 6.302383e-02 6.316422e-02 6.528507e-02 6.956657e-02 7.157428e-02 0.000000e+00 6.273912e-02 5.358452e-02 6.586604e-02 7.257303e-02 7.524478e-02 7.491075e-02 7.022701e-02 7.740453e-02 5.007733e-02 0.000000e+00 5.054984e-02 4.448193e-02 4.742424e-02 4.961509e-02 5.053314e-02 5.037569e-02 5.030405e-02 5.032484e-02 6.203208e-02 6.265963e-02 5.107101e-02 6.929133e-02 6.867716e-02 6.770442e-02 6.629533e-02 6.460768e-02
8.576569e-02 5.726105e-02 6.921230e-02 6.816085e-02 7.668305e-02 9.018106e-02 9.478071e-02 5.124340e-02 5.196696e-02 5.406774e-02 5.537464e-02 5.568975e-02 5.599923e-02 5.624934e-02 5.683153e-02 5.784410e-02 7.296041e-02 7.035658e-02 6.727790e-02 6.603573e-02 6.472691e-02 6.224165e-02 6.229389e-02 6.548027e-02 6.797643e-02 0.000000e+00 5.293254e-02 6.688260e-02 7.411647e-02 7.734136e-02 7.894079e-02 7.818106e-02 7.380081e-02 6.522044e-02 6.769042e-02 0.000000e+00 0.000000e+00 4.221780e-02 4.678148e-02 4.892646e-02 4.997026e-02 5.012101e-02 5.033906e-02 5.035998e-02 6.668872e-02 6.773045e-02 5.177196e-02 7.119043e-02 7.028240e-02 6.926558e-02 6.824470e-02 6.665570e-02
5.943682e-02 5.914184e-02 4.298714e-02 5.460280e-02 5.997856e-02 5.300430e-02 5.291500e-02 5.242515e-02 5.348064e-02 5.601563e-02 5.697051e-02 5.585875e-02 5.518084e-02 5.523727e-02 5.577423e-02 5.676817e-02 4.481938e-02 5.695334e-02 6.320854e-02 6.642638e-02 6.589446e-02 6.137533e-02 5.980757e-02 6.244244e-02 4.905306e-02 0.000000e+00 6.688469e-02 7.503502e-02 7.932411e-02 8.211996e-02 8.209291e-02 8.015992e-02 7.607214e-02 6.980097e-02 5.928150e-02 6.134952e-02 0.000000e+00 5.120623e-02 4.678353e-02 4.830886e-02 4.908465e-02 4.926872e-02 4.980929e-02 6.145214e-02 6.879002e-02 6.998960e-02 6.393933e-02 7.268421e-02 7.188956e-02 7.079995e-02 6.989471e-02 6.876913e-02
5.986098e-02 6.046953e-02 5.882251e-02 6.558860e-02 5.310729e-02 5.328313e-02 5.358899e-02 5.366321e-02 5.522120e-02 7.144957e-02 6.715127e-02 6.131481e-02 5.663059e-02 5.507452e-02 5.480757e-02 5.554657e-02 5.793166e-02 6.183390e-02 6.524307e-02 6.795836e-02 6.691666e-02 6.112429e-02 7.454568e-02 7.896437e-02 7.727380e-02 0.000000e+00 7.225285e-02 7.771654e-02 8.122829e-02 8.423063e-02 8.463277e-02 8.110169e-02 7.770528e-02 7.436626e-02 6.620421e-02 7.842131e-02 0.000000e+00 0.000000e+00 4.671093e-02 4.798539e-02 4.794211e-02 4.776420e-02 5.938034e-02 6.560156e-02 6.986489e-02 7.128800e-02 6.936804e-02 7.364074e-02 7.348733e-02 7.243976e-02 7.119865e-02 7.069325e-02
6.059032e-02 6.176023e-02 7.520692e-02 5.606581e-02 5.361395e-02 5.383394e-02 5.441357e-02 5.472000e-02 5.640494e-02 5.980147e-02 6.109492e-02 6.003625e-02 5.811405e-02 5.572593e-02 5.486283e-02 5.572192e-02 5.789012e-02 6.125721e-02 6.442269e-02 6.721393e-02 6.616406e-02 5.997001e-02 4.329323e-02 4.712740e-02 6.070303e-02 0.000000e+00 7.059552e-02 7.794594e-02 8.215665e-02 8.386393e-02 8.422748e-02 8.378332e-02 7.941173e-02 7.823742e-02 9.004860e-02 9.364705e-02 4.606256e-02 0.000000e+00 4.851395e-02 4.791604e-02 4.830544e-02 4.803920e-02 6.411110e-02 6.807632e-02 7.101261e-02 7.236325e-02 7.192106e-02 7.401998e-02 7.431551e-02 7.370941e-02 7.256816e-02 7.218657e-02
6.180950e-02 6.278206e-02 6.145607e-02 5.712726e-02 5.464372e-02 5.509578e-02 5.560830e-02 5.602354e-02 5.741351e-02 4.509876e-02 7.755716e-02 8.824710e-02 8.178840e-02 9.725669e-02 1.021368e-01 1.002810e-01 9.871464e-02 9.754056e-02 9.612891e-02 9.433658e-02 8.886427e-02 7.937042e-02 7.558496e-02 7.716734e-02 0.000000e+00 0.000000e+00 5.619757e-02 7.073410e-02 7.849766e-02 8.286781e-02 8.406999e-02 8.269623e-02 8.166475e-02 8.081578e-02 7.648712e-02 8.317456e-02 9.296755e-02 0.000000e+00 5.037241e-02 4.955115e-02 4.999719e-02 6.103123e-02 6.859788e-02 7.099314e-02 7.277204e-02 7.354845e-02 7.319332e-02 7.389994e-02 7.429995e-02 7.444127e-02 7.399939e-02 7.331488e-02
6.324827e-02 6.343045e-02 6.176036e-02 5.783163e-02 5.664544e-02 5.664402e-02 5.705470e-02 5.799468e-02 5.896400e-02 7.416302e-02 6.175629e-02 6.307340e-02 7.733373e-02 5.987724e-02 5.889645e-02 7.474340e-02 7.108462e-02 6.791750e-02 6.592849e-02 6.722642e-02 6.664128e-02 6.308594e-02 6.310962e-02 6.760662e-02 0.000000e+00 2.075882e-02 6.118370e-02 7.261986e-02 7.840544e-02 8.087567e-02 8.186789e-02 8.226327e-02 8.245804e-02 8.263320e-02 7.808176e-02 8.941910e-02 9.533055e-02 0.000000e+00 0.000000e+00 5.286980e-02 6.342104e-02 6.899369e-02 7.227134e-02 7.335848e-02 7.412551e-02 7.445914e-02 7.407545e-02 7.389417e-02 7.383286e-02 7.402398e-02 7.392497e-02 7.299911e-02
6.486183e-02 6.272393e-02 5.972307e-02 6.013867e-02 5.879651e-02 5.799814e-02 5.852922e-02 5.969080e-02 6.050314e-02 6.077553e-02 6.174129e-02 6.339568e-02 6.353454e-02 6.150937e-02 6.086656e-02 6.233429e-02 7.900950e-02 9.199145e-02 1.004824e-01 9.875391e-02 9.682696e-02 9.094904e-02 8.721737e-02 8.563425e-02 0.000000e+00 2.096125e-02 6.109665e-02 7.149336e-02 7.614683e-02 7.762993e-02 7.923992e-02 8.175618e-02 8.317551e-02 8.347473e-02 8.069598e-02 7.559511e-02 9.433952e-02 9.469635e-02 0.000000e+00 7.036599e-02 7.459489e-02 7.503661e-02 7.546800e-02 7.522204e-02 7.493564e-02 7.497256e-02 7.484056e-02 7.416507e-02 7.307627e-02 7.240916e-02 7.206702e-02 7.099677e-02
6.325454e-02 5.579161e-02 5.986788e-02 6.025867e-02 5.883298e-02 5.881896e-02 5.884590e-02 6.007023e-02 6.089476e-02 6.101784e-02 6.165203e-02 6.325548e-02 6.360413e-02 6.253354e-02 6.233138e-02 6.353042e-02 6.503616e-02 6.663207e-02 6.820116e-02 8.655584e-02 8.190070e-02 7.734864e-02 7.364741e-02 7.362425e-02 0.000000e+00 2.108350e-02 6.076058e-02 7.022361e-02 7.427884e-02 7.565708e-02 8.959757e-02 8.610390e-02 8.459159e-02 8.459432e-02 8.491267e-02 8.514744e-02 8.928838e-02 9.704077e-02 0.000000e+00 0.000000e+00 7.887956e-02 7.719487e-02 7.716092e-02 7.609662e-02 7.523501e-02 7.493929e-02 7.478115e-02 7.401222e-02 7.250880e-02 7.137191e-02 7.099108e-02 6.989314e-02
4.822147e-02 5.772811e-02 5.757052e-02 5.655736e-02 5.883598e-02 5.798145e-02 5.812799e-02 5.903407e-02 5.997133e-02 6.057852e-02 6.178471e-02 6.237552e-02 6.298233e-02 6.313657e-02 6.319035e-02 6.402058e-02 6.542064e-02 6.712097e-02 6.896234e-02 7.078930e-02 8.954121e-02 9.256166e-02 9.299379e-02 9.127602e-02 0.000000e+00 5.990733e-02 7.079466e-02 8.983871e-02 9.076441e-02 9.109686e-02 7.664131e-02 8.598387e-02 8.407496e-02 8.036633e-02 8.164691e-02 8.122342e-02 8.461411e-02 9.107700e-02 9.892784e-02 0.000000e+00 0.000000e+00 7.722574e-02 7.596240e-02 7.584882e-02 7.495140e-02 7.438861e-02 7.386628e-02 7.321854e-02 7.204402e-02 7.114815e-02 7.113805e-02 7.028932e-02
5.746193e-02 5.709650e-02 4.942861e-02 5.637893e-02 5.612447e-02 5.638014e-02 5.640502e-02 5.662440e-02 5.756034e-02 6.080412e-02 6.098559e-02 6.126332e-02 6.262594e-02 6.337564e-02 6.399815e-02 6.479397e-02 6.585446e-02 6.745138e-02 6.930545e-02 7.107955e-02 5.217128e-02 5.222723e-02 7.286746e-02 5.499288e-02 0.000000e+00 5.776721e-02 7.031460e-02 7.911488e-02 7.795058e-02 7.273620e-02 6.806054e-02 7.026162e-02 7.211735e-02 7.332930e-02 7.513128e-02 7.761497e-02 7.707882e-02 7.921991e-02 6.906735e-02 1.025200e-01 0.000000e+00 0.000000e+00 7.207569e-02 7.359416e-02 7.370180e-02 7.366793e-02 7.324359e-02 7.287497e-02 7.204375e-02 7.090478e-02 7.027153e-02 6.945631e-02
6.078397e-02 4.088381e-02 5.167954e-02 4.958891e-02 5.163234e-02 5.241187e-02 5.240158e-02 5.188000e-02 5.758798e-02 5.796783e-02 5.920256e-02 6.112417e-02 6.135383e-02 6.285380e-02 6.469098e-02 6.535095e-02 6.651462e-02 6.804418e-02 6.900519e-02 5.186379e-02 6.388470e-02 6.831482e-02 5.238345e-02 6.700650e-02 0.000000e+00 7.424390e-02 7.880651e-02 7.818022e-02 6.626130e-02 5.395993e-02 5.452310e-02 5.558335e-02 5.680119e-02 5.797801e-02 5.956725e-02 6.163602e-02 7.975107e-02 8.110753e-02 8.593093e-02 8.434239e-02 1.068059e-01 0.000000e+00 6.146757e-02 6.551983e-02 7.114208e-02 7.266461e-02 7.297170e-02 7.306125e-02 7.266506e-02 7.080149e-02 6.861778e-02 4.945592e-02
5.894810e-02 5.332076e-02 3.829190e-02 4.025230e-02 4.178883e-02 4.276358e-02 4.269656e-02 5.457175e-02 5.048817e-02 5.268332e-02 5.873656e-02 5.754431e-02 5.839967e-02 6.176805e-02 6.300044e-02 6.439737e-02 6.603098e-02 6.639761e-02 5.151005e-02 6.403716e-02 6.925647e-02 7.030899e-02 7.192853e-02 7.531117e-02 0.000000e+00 7.484048e-02 7.820819e-02 5.400274e-02 5.346163e-02 6.595321e-02 7.182263e-02 7.493646e-02 7.749732e-02 8.022795e-02 8.323126e-02 8.248457e-02 6.149328e-02 6.206766e-02 7.496192e-02 7.248435e-02 5.926525e-02 0.000000e+00 0.000000e+00 5.976135e-02 6.830913e-02 7.109005e-02 7.184438e-02 7.181907e-02 7.155443e-02 6.925552e-02 4.857769e-02 7.085561e-02
5.630881e-02 5.243783e-02 5.005449e-02 5.065902e-02 5.196668e-02 5.356231e-02 5.384692e-02 4.015076e-02 4.037065e-02 5.409171e-02 5.113935e-02 5.153111e-02 5.691403e-02 5.732870e-02 5.955702e-02 6.178698e-02 6.005287e-02 5.097770e-02 6.364429e-02 6.958430e-02 7.185996e-02 7.166744e-02 7.223873e-02 7.443743e-02 0.000000e+00 7.363095e-02 7.734656e-02 7.773653e-02 7.702606e-02 7.632898e-02 7.579039e-02 7.535725e-02 7.596286e-02 7.773791e-02 8.030540e-02 8.348080e-02 8.286266e-02 8.134438e-02 8.206603e-02 8.606816e-02 8.996942e-02 9.330009e-02 0.000000e+00 0.000000e+00 6.272873e-02 6.901300e-02 4.997105e-02 6.893100e-02 6.843448e-02 4.827792e-02 6.808330e-02 7.222082e-02
5.253284e-02 5.121460e-02 5.036693e-02 5.039214e-02 5.086216e-02 5.169402e-02 5.163994e-02 5.036354e-02 5.014341e-02 3.998036e-02 4.071957e-02 5.259087e-02 4.968592e-02 5.127637e-02 5.376863e-02 4.737079e-02 4.933188e-02 6.238298e-02 6.885641e-02 7.181777e-02 7.286842e-02 7.255927e-02 7.264322e-02 7.361955e-02 0.000000e+00 7.295684e-02 7.751585e-02 7.926057e-02 7.917351e-02 7.800304e-02 7.674265e-02 7.542769e-02 7.491134e-02 7.539079e-02 7.722320e-02 8.035354e-02 8.315789e-02 8.357440e-02 5.991990e-02 5.947338e-02 7.030438e-02 6.550767e-02 9.709833e-02 0.000000e+00 6.012755e-02 6.315222e-02 4.924023e-02 4.835062e-02 4.793610e-02 4.913144e-02 7.038255e-02 7.114774e-02
4.765157e-02 4.925066e-02 5.033810e-02 5.089569e-02 5.107542e-02 5.082976e-02 5.024461e-02 4.937182e-02 4.883097e-02 4.879120e-02 4.921737e-02 3.898498e-02 3.992216e-02 4.111711e-02 4.337416e-02 5.589285e-02 6.333576e-02 6.838520e-02 7.124576e-02 7.231960e-02 7.253091e-02 7.211606e-02 9.028947e-02 9.366605e-02 0.000000e+00 7.814968e-02 8.052607e-02 8.213701e-02 8.204934e-02 8.038743e-02 7.848307e-02 7.638610e-02 7.485299e-02 7.403661e-02 7.465817e-02 7.693039e-02 7.959662e-02 8.224910e-02 8.427041e-02 8.308168e-02 8.450870e-02 8.081473e-02 7.129105e-02 0.000000e+00 0.000000e+00 5.845366e-02 4.877783e-02 4.872190e-02 4.847592e-02 7.096819e-02 7.293217e-02 7.181730e-02
3.630028e-02 4.513416e-02 4.954822e-02 5.177725e-02 5.231423e-02 5.118798e-02 5.017724e-02 4.984537e-02 4.892878e-02 4.694049e-02 4.611638e-02 4.714518e-02 4.918916e-02 5.188959e-02 5.563641e-02 6.030957e-02 6.463984e-02 6.854290e-02 7.075962e-02 7.120368e-02 7.083463e-02 6.987858e-02 5.096205e-02 0.000000e+00 0.000000e+00 6.492654e-02 7.492121e-02 8.064579e-02 8.274039e-02 8.211786e-02 8.042709e-02 7.793196e-02 7.565091e-02 7.378068e-02 7.290480e-02 7.331277e-02 7.547178e-02 7.904571e-02 8.221717e-02 8.391003e-02 8.363101e-02 8.512603e-02 7.998081e-02 7.054536e-02 0.000000e+00 0.000000e+00 5.489577e-02 4.969080e-02 5.087693e-02 5.248622e-02 5.383075e-02 6.694261e-02
-9.999000e+03 -9.999000e+03 -9.999000e+03 -9.999000e+03 -9.999000e+03 -9.999000e+03 -9.999000e+03 3.960121e-02 3.875239e-02 3.636428e-02 3.529960e-02 3.625021e-02 4.519097e-02 5.138823e-02 5.614499e-02 6.004957e-02 6.377053e-02 6.756000e-02 6.953405e-02 6.951007e-02 6.874444e-02 6.736711e-02 6.840035e-02 0.000000e+00 2.121841e-02 5.876359e-02 6.991741e-02 7.793032e-02 8.214020e-02 8.326452e-02 8.240208e-02 7.984798e-02 7.698161e-02 7.404572e-02 7.173934e-02 7.038383e-02 7.164790e-02 7.555753e-02 7.946557e-02 8.289257e-02 8.372507e-02 8.339753e-02 8.564735e-02 7.785919e-02 6.567319e-02 0.000000e+00 0.000000e+00 4.969853e-02 5.351679e-02 5.457149e-02 5.509096e-02 5.498875e-02
-9.999000e+03 -9.999000e+03 -9.999000e+03 -9.999000e+03 -9.999000e+03 -9.999000e+03 -9.999000e+03 -9.999000e+03 -9.999000e+03 -9.999000e+03 4.268438e-02 4.321009e-02 3.891926e-02 4.246831e-02 5.360714e-02 5.857636e-02 6.222737e-02 6.612110e-02 6.793133e-02 6.745755e-02 6.661169e-02 6.561145e-02 6.718911e-02 0.000000e+00 2.114005e-02 5.810014e-02 6.897333e-02 7.726294e-02 8.220249e-02 8.402005e-02 8.460785e-02 8.201924e-02 7.869582e-02 7.482015e-02 7.159435e-02 6.940939e-02 6.956047e-02 7.218803e-02 7.593220e-02 8.039674e-02 8.375259e-02 8.332350e-02 8.429455e-02 8.372964e-02 7.335290e-02 6.054372e-02 0.000000e+00 0.000000e+00 5.478769e-02 5.617293e-02 -9.999000e+03 -9.999000e+03
