tests/data/reference/test_implicit_stream_rill_mfda/mvel_m_s.asc
ncols	123
nrows	77
xllcorner	-713746.79929998
yllcorner	-1061022.36961616
cellsize	10.0
NODATA_value	-9999
[rows 23 to 45 of 77, columns 52 to 103 of 123]
6.417450e-02 7.268226e-02 7.302880e-02 7.245991e-02 7.205639e-02 7.189834e-02 7.138043e-02 7.032229e-02 6.956714e-02 6.942250e-02 6.901674e-02 6.841606e-02 6.775738e-02 6.645898e-02 6.387020e-02 6.045890e-02 9.508270e-02 5.441500e-02 5.513530e-02 5.627675e-02 5.718432e-02 5.790829e-02 5.738130e-02 5.697671e-02 4.327002e-02 5.001212e-02 9.921794e-02 6.217184e-02 7.547758e-02 5.184928e-02 5.446719e-02 5.160046e-02 4.087138e-02 3.665277e-02 -9.999000e+03 -9.999000e+03 -9.999000e+03 -9.999000e+03 -9.999000e+03 -9.999000e+03 -9.999000e+03 -9.999000e+03 -9.999000e+03 -9.999000e+03 -9.999000e+03 -9.999000e+03 -9.999000e+03 -9.999000e+03 -9.999000e+03 -9.999000e+03 -9.999000e+03 -9.999000e+03
6.536446e-02 7.085657e-02 7.343054e-02 7.270276e-02 7.213320e-02 7.174636e-02 7.109226e-02 7.007606e-02 6.947552e-02 6.938888e-02 6.912489e-02 6.875844e-02 6.788859e-02 6.598669e-02 6.334108e-02 6.032966e-02 1.023114e-01 5.530877e-02 5.676747e-02 5.872567e-02 6.036874e-02 6.154009e-02 6.156646e-02 6.099733e-02 5.496679e-02 5.545517e-02 4.121758e-02 9.368825e-02 5.579517e-02 6.990350e-02 6.474803e-02 5.440866e-02 5.063920e-02 4.679415e-02 3.530603e-02 -9.999000e+03 -9.999000e+03 -9.999000e+03 -9.999000e+03 -9.999000e+03 -9.999000e+03 -9.999000e+03 -9.999000e+03 -9.999000e+03 -9.999000e+03 -9.999000e+03 -9.999000e+03 -9.999000e+03 -9.999000e+03 -9.999000e+03 -9.999000e+03 -9.999000e+03
7.418740e-02 7.145896e-02 7.314405e-02 7.324727e-02 7.201212e-02 7.086670e-02 6.990619e-02 6.940164e-02 6.953579e-02 6.986137e-02 6.975716e-02 6.910386e-02 6.748232e-02 6.508738e-02 6.297886e-02 6.134372e-02 1.094559e-01 5.832495e-02 5.934730e-02 6.103099e-02 6.275292e-02 6.400189e-02 6.415219e-02 6.354428e-02 6.076634e-02 6.006927e-02 5.373004e-02 9.957523e-02 4.231670e-02 5.483731e-02 8.386950e-02 5.129968e-02 5.337387e-02 5.413635e-02 4.964060e-02 3.950708e-02 3.619107e-02 3.588482e-02 -9.999000e+03 -9.999000e+03 -9.999000e+03 -9.999000e+03 -9.999000e+03 -9.999000e+03 -9.999000e+03 -9.999000e+03 -9.999000e+03 -9.999000e+03 -9.999000e+03 -9.999000e+03 -9.999000e+03 -9.999000e+03
6.702462e-02 7.509463e-02 7.329347e-02 7.264981e-02 7.131914e-02 6.993756e-02 6.920879e-02 6.946743e-02 7.002256e-02 7.031939e-02 7.004154e-02 6.895070e-02 6.717759e-02 6.521193e-02 6.360711e-02 6.236080e-02 1.077087e-01 5.963943e-02 6.037926e-02 6.186335e-02 6.339906e-02 6.451434e-02 6.473269e-02 6.444334e-02 6.348432e-02 6.321910e-02 6.088353e-02 1.024294e-01 5.471420e-02 5.509774e-02 8.177732e-02 5.109347e-02 5.387392e-02 5.640416e-02 5.553172e-02 5.046312e-02 4.601273e-02 3.718101e-02 4.329115e-02 3.550716e-02 -9.999000e+03 -9.999000e+03 -9.999000e+03 -9.999000e+03 -9.999000e+03 -9.999000e+03 -9.999000e+03 -9.999000e+03 -9.999000e+03 -9.999000e+03 -9.999000e+03 -9.999000e+03
7.306985e-02 5.407178e-02 7.377203e-02 7.143760e-02 7.009841e-02 6.948782e-02 6.952903e-02 7.015951e-02 7.053424e-02 7.043624e-02 6.991703e-02 6.884784e-02 6.762571e-02 6.641805e-02 6.489718e-02 6.284721e-02 1.088014e-01 5.881599e-02 5.957159e-02 6.097405e-02 6.207365e-02 6.290647e-02 6.327192e-02 6.363203e-02 6.415052e-02 6.489344e-02 6.469256e-02 1.013433e-01 6.164866e-02 6.043965e-02 8.412357e-02 5.507369e-02 5.405589e-02 5.420606e-02 5.441545e-02 5.282142e-02 4.010961e-02 3.819474e-02 4.385407e-02 4.476261e-02 4.157961e-02 1.357315e-01 -9.999000e+03 -9.999000e+03 -9.999000e+03 -9.999000e+03 -9.999000e+03 -9.999000e+03 -9.999000e+03 -9.999000e+03 -9.999000e+03 -9.999000e+03
7.521137e-02 6.589735e-02 7.262939e-02 7.047064e-02 5.033543e-02 6.942579e-02 6.977772e-02 7.051099e-02 7.092737e-02 7.079861e-02 7.022080e-02 6.918348e-02 6.805238e-02 6.677669e-02 6.485896e-02 6.227586e-02 1.098670e-01 5.883589e-02 6.001009e-02 6.149632e-02 6.243781e-02 6.303982e-02 6.325337e-02 6.365310e-02 6.466287e-02 6.605998e-02 6.695138e-02 9.935558e-02 6.536094e-02 6.397424e-02 8.309166e-02 5.818877e-02 5.503789e-02 5.327457e-02 5.292361e-02 5.267764e-02 4.794590e-02 4.618927e-02 3.806131e-02 4.636023e-02 0.000000e+00 1.858984e-01 1.163167e-01 1.020175e-01 -9.999000e+03 -9.999000e+03 -9.999000e+03 -9.999000e+03 -9.999000e+03 -9.999000e+03 -9.999000e+03 -9.999000e+03
7.493692e-02 6.987719e-02 7.143429e-02 7.008333e-02 5.071024e-02 6.183561e-02 6.957429e-02 7.058528e-02 7.151552e-02 7.161099e-02 7.100149e-02 6.972818e-02 6.802826e-02 6.577951e-02 6.311220e-02 6.082387e-02 6.005657e-02 1.079766e-01 6.214938e-02 6.391944e-02 6.503917e-02 6.542616e-02 6.512411e-02 6.488365e-02 6.543443e-02 6.690296e-02 6.817458e-02 9.873960e-02 6.677955e-02 6.536399e-02 7.966612e-02 6.037733e-02 5.733641e-02 5.483744e-02 5.288491e-02 5.175517e-02 4.977621e-02 4.911828e-02 4.629321e-02 0.000000e+00 0.000000e+00 6.355089e-02 4.433440e-02 2.548328e-02 8.999152e-02 -9.999000e+03 -9.999000e+03 -9.999000e+03 -9.999000e+03 -9.999000e+03 -9.999000e+03 -9.999000e+03
7.249222e-02 6.965841e-02 6.984140e-02 6.956251e-02 6.214287e-02 5.084383e-02 6.693296e-02 7.097726e-02 7.171534e-02 7.135224e-02 7.032362e-02 6.863212e-02 6.650630e-02 6.397363e-02 6.185914e-02 6.106981e-02 6.171748e-02 6.331719e-02 1.013484e-01 6.667138e-02 6.738569e-02 6.722429e-02 6.644946e-02 6.589106e-02 6.624419e-02 6.768346e-02 6.876388e-02 9.605138e-02 6.757105e-02 6.665261e-02 7.652297e-02 6.292054e-02 6.019713e-02 5.757606e-02 4.238035e-02 4.085270e-02 5.161800e-02 5.165610e-02 0.000000e+00 0.000000e+00 3.955248e-02 5.629755e-02 4.108361e-02 3.299672e-02 2.672917e-02 8.603985e-02 -9.999000e+03 -9.999000e+03 -9.999000e+03 -9.999000e+03 -9.999000e+03 -9.999000e+03
6.790611e-02 6.688430e-02 6.779540e-02 6.874726e-02 6.672025e-02 6.262923e-02 5.175191e-02 7.040543e-02 7.089428e-02 6.942115e-02 6.762971e-02 6.542954e-02 6.338548e-02 6.200445e-02 6.203781e-02 6.329252e-02 6.498698e-02 6.690006e-02 9.726144e-02 6.937270e-02 6.909892e-02 6.812429e-02 6.700239e-02 6.654817e-02 6.710174e-02 6.836248e-02 6.876066e-02 9.193154e-02 6.801590e-02 6.799072e-02 7.351694e-02 6.584482e-02 6.343407e-02 4.666617e-02 4.464880e-02 4.289376e-02 5.506063e-02 0.000000e+00 0.000000e+00 4.377525e-02 4.604272e-02 5.256901e-02 3.754505e-02 3.333672e-02 3.283667e-02 2.920310e-02 2.718724e-02 -9.999000e+03 -9.999000e+03 -9.999000e+03 -9.999000e+03 -9.999000e+03
6.102240e-02 6.198493e-02 6.401106e-02 6.584821e-02 4.916554e-02 6.778677e-02 6.713288e-02 6.268112e-02 6.911585e-02 6.801628e-02 6.641186e-02 6.461301e-02 6.343241e-02 6.327943e-02 6.422166e-02 6.588312e-02 6.749867e-02 6.891391e-02 9.660065e-02 6.973066e-02 6.894992e-02 6.792591e-02 6.714469e-02 6.715725e-02 6.791994e-02 6.877586e-02 6.834970e-02 8.711968e-02 6.728957e-02 6.766028e-02 6.857043e-02 6.691068e-02 4.871762e-02 4.796201e-02 4.639788e-02 4.477238e-02 0.000000e+00 0.000000e+00 4.766771e-02 5.159533e-02 4.970843e-02 5.093634e-02 3.329305e-02 3.071234e-02 3.674247e-02 3.708884e-02 3.680269e-02 2.887469e-02 8.800103e-02 -9.999000e+03 -9.999000e+03 -9.999000e+03
5.200736e-02 5.516418e-02 5.777870e-02 6.014817e-02 6.256891e-02 5.797167e-02 6.635310e-02 6.674587e-02 6.531843e-02 6.809271e-02 6.784993e-02 6.737876e-02 6.726873e-02 6.740316e-02 6.772715e-02 6.831180e-02 6.874249e-02 6.882488e-02 6.816452e-02 1.009685e-01 6.675662e-02 6.659641e-02 6.693287e-02 6.776253e-02 6.866362e-02 6.889672e-02 6.754858e-02 8.155059e-02 6.529290e-02 6.541021e-02 6.594866e-02 4.856666e-02 4.815396e-02 4.795861e-02 0.000000e+00 0.000000e+00 0.000000e+00 4.619052e-02 5.630731e-02 5.522898e-02 5.285710e-02 4.025135e-02 3.832430e-02 4.127290e-02 4.073485e-02 3.859520e-02 3.694189e-02 3.070807e-02 2.899838e-02 1.064448e-01 -9.999000e+03 -9.999000e+03
1.088964e-01 1.047029e-01 4.912044e-02 5.223917e-02 5.915039e-02 6.224011e-02 6.227522e-02 6.652194e-02 6.781182e-02 6.823198e-02 6.983632e-02 7.035424e-02 7.082219e-02 7.096289e-02 7.077256e-02 7.033501e-02 6.946867e-02 6.821530e-02 6.647702e-02 9.452707e-02 6.382974e-02 6.404953e-02 6.522753e-02 6.671731e-02 6.763716e-02 6.725772e-02 6.527815e-02 7.513362e-02 6.305849e-02 6.322270e-02 6.419583e-02 4.825675e-02 4.820244e-02 0.000000e+00 0.000000e+00 5.431958e-02 4.770868e-02 5.641321e-02 5.970963e-02 5.780997e-02 4.327657e-02 4.225235e-02 4.093688e-02 4.728061e-02 4.455099e-02 4.171611e-02 3.297115e-02 3.317925e-02 3.333092e-02 4.775566e-02 2.815732e-02 1.079597e-01
6.978512e-02 6.647494e-02 1.001720e-01 5.127418e-02 5.423571e-02 5.893833e-02 6.260710e-02 6.432801e-02 6.721277e-02 6.881205e-02 6.984159e-02 7.126698e-02 7.204815e-02 7.219553e-02 7.167031e-02 7.011257e-02 6.757405e-02 6.467925e-02 6.156274e-02 5.850549e-02 9.745918e-02 5.633681e-02 5.816193e-02 6.027951e-02 6.435270e-02 6.338654e-02 6.119707e-02 6.757489e-02 6.058198e-02 6.139678e-02 6.299106e-02 4.840925e-02 0.000000e+00 0.000000e+00 5.302777e-02 6.201846e-02 5.751098e-02 6.071803e-02 6.160173e-02 4.585003e-02 4.474549e-02 4.344008e-02 4.207218e-02 4.028318e-02 4.811518e-02 4.652516e-02 3.752592e-02 4.343206e-02 4.271178e-02 4.843284e-02 3.315105e-02 4.755999e-02
4.347636e-02 5.279954e-02 5.565654e-02 9.802465e-02 9.723296e-02 9.433622e-02 9.299966e-02 6.346854e-02 6.418011e-02 6.520459e-02 6.600549e-02 6.686804e-02 6.722019e-02 6.678325e-02 8.264275e-02 6.387150e-02 6.149470e-02 5.926485e-02 5.692892e-02 5.464273e-02 4.124220e-02 9.811335e-02 7.123611e-02 5.794972e-02 5.751616e-02 5.553472e-02 5.758330e-02 6.045985e-02 5.905991e-02 6.068867e-02 6.267108e-02 0.000000e+00 0.000000e+00 4.839315e-02 6.195872e-02 6.388775e-02 6.135543e-02 6.245526e-02 6.257473e-02 4.667780e-02 4.579149e-02 4.441565e-02 4.306036e-02 4.148831e-02 5.051803e-02 4.907600e-02 4.600965e-02 4.791492e-02 4.723806e-02 4.889608e-02 4.285695e-02 4.912320e-02
5.938304e-02 6.258482e-02 6.235119e-02 5.788109e-02 5.687254e-02 6.028813e-02 6.156126e-02 9.501217e-02 9.621373e-02 9.736714e-02 9.814037e-02 9.851699e-02 9.956123e-02 1.012958e-01 1.030455e-01 1.043899e-01 1.039237e-01 5.014989e-02 5.137105e-02 5.225620e-02 5.376992e-02 5.175430e-02 9.569819e-02 5.723332e-02 5.437664e-02 5.152581e-02 5.074971e-02 5.617396e-02 5.893897e-02 6.135459e-02 0.000000e+00 0.000000e+00 4.953734e-02 4.884713e-02 6.499871e-02 6.470022e-02 6.301719e-02 6.303661e-02 6.284870e-02 4.695118e-02 4.636145e-02 4.512418e-02 4.390592e-02 4.247086e-02 4.076465e-02 3.910889e-02 4.753131e-02 4.807571e-02 4.851457e-02 4.995425e-02 4.864798e-02 5.045588e-02
5.878061e-02 6.403549e-02 6.434350e-02 9.539697e-02 9.605310e-02 9.413783e-02 9.361518e-02 9.440755e-02 9.524661e-02 9.615526e-02 9.690565e-02 9.739196e-02 9.812362e-02 9.934925e-02 1.009222e-01 1.028343e-01 1.043935e-01 1.045171e-01 1.040489e-01 4.695959e-02 4.953000e-02 5.350793e-02 9.754214e-02 5.359242e-02 5.075340e-02 4.874649e-02 4.892142e-02 5.193972e-02 5.946782e-02 0.000000e+00 0.000000e+00 4.946331e-02 4.981360e-02 4.912990e-02 6.607133e-02 6.535410e-02 6.408697e-02 6.383504e-02 4.760269e-02 4.761832e-02 4.715526e-02 4.594461e-02 4.467754e-02 4.338021e-02 4.187971e-02 4.010057e-02 3.854260e-02 4.804379e-02 4.860102e-02 5.000229e-02 5.046979e-02 5.081769e-02
6.631372e-02 9.927006e-02 9.922729e-02 6.668924e-02 6.815575e-02 7.116707e-02 7.295564e-02 7.340749e-02 7.339241e-02 7.295886e-02 7.220903e-02 6.856504e-02 6.680915e-02 6.447260e-02 6.181126e-02 5.921302e-02 7.271927e-02 8.083713e-02 7.386876e-02 1.054714e-01 1.050517e-01 1.011008e-01 1.012407e-01 1.038426e-01 4.663554e-02 4.728808e-02 4.871164e-02 5.290436e-02 0.000000e+00 0.000000e+00 4.874609e-02 6.061485e-02 4.996951e-02 4.925111e-02 6.654866e-02 6.601914e-02 6.511809e-02 6.504374e-02 4.856858e-02 4.864482e-02 4.824777e-02 4.703163e-02 4.548186e-02 4.407951e-02 4.308076e-02 4.186405e-02 4.010759e-02 4.889289e-02 4.834285e-02 4.855724e-02 4.873824e-02 4.907764e-02
1.044998e-01 6.442390e-02 6.645447e-02 6.800217e-02 7.033413e-02 7.332642e-02 7.534340e-02 7.634222e-02 7.696628e-02 7.713878e-02 7.681231e-02 7.606598e-02 7.498737e-02 7.360287e-02 7.194166e-02 6.749665e-02 6.530371e-02 7.999066e-02 7.558043e-02 8.100250e-02 8.768057e-02 3.363736e-02 8.329522e-02 1.095932e-01 1.111882e-01 4.218869e-02 4.696123e-02 4.175129e-02 0.000000e+00 4.994013e-02 5.851119e-02 6.507041e-02 5.037190e-02 6.067164e-02 6.714999e-02 6.656016e-02 6.591294e-02 6.611409e-02 4.932598e-02 4.938765e-02 4.894606e-02 4.785384e-02 4.625157e-02 4.454255e-02 4.369202e-02 4.309055e-02 4.169732e-02 4.002622e-02 4.951791e-02 4.883747e-02 4.837105e-02 4.848404e-02
6.127083e-02 6.343970e-02 6.515320e-02 6.610278e-02 6.765314e-02 7.027906e-02 7.246101e-02 7.394449e-02 7.533289e-02 7.634117e-02 7.666862e-02 7.661625e-02 7.654979e-02 7.644023e-02 7.601315e-02 7.532564e-02 9.390389e-02 7.338134e-02 6.824381e-02 6.322128e-02 6.047263e-02 0.000000e+00 0.000000e+00 0.000000e+00 1.149793e-01 1.133926e-01 4.384633e-02 0.000000e+00 0.000000e+00 5.283216e-02 5.696373e-02 6.604496e-02 5.089898e-02 6.653538e-02 6.807695e-02 6.694968e-02 6.643546e-02 4.950398e-02 4.993139e-02 5.004075e-02 4.940951e-02 4.827410e-02 4.679414e-02 4.492246e-02 4.390547e-02 4.368846e-02 4.304147e-02 4.191769e-02 5.216403e-02 5.112690e-02 5.020671e-02 4.957834e-02
6.049481e-02 6.237934e-02 6.349721e-02 6.383734e-02 6.467717e-02 6.669783e-02 6.858321e-02 6.997948e-02 7.169933e-02 7.352956e-02 7.467842e-02 7.524991e-02 7.589213e-02 7.666113e-02 7.710228e-02 8.999957e-02 7.742194e-02 7.749132e-02 7.645388e-02 7.394971e-02 6.914862e-02 6.852879e-02 6.595458e-02 0.000000e+00 0.000000e+00 0.000000e+00 3.597975e-02 0.000000e+00 3.767528e-02 4.769876e-02 5.317208e-02 6.041611e-02 6.047659e-02 6.765770e-02 6.814520e-02 6.740354e-02 6.719030e-02 4.992642e-02 5.031549e-02 5.066443e-02 5.014522e-02 4.884275e-02 4.726714e-02 4.530933e-02 4.411356e-02 4.385500e-02 4.354384e-02 5.125531e-02 5.414646e-02 5.300942e-02 5.187186e-02 5.122588e-02
5.903086e-02 6.010197e-02 6.084551e-02 6.105382e-02 6.153008e-02 6.286903e-02 6.405828e-02 6.481602e-02 6.638536e-02 6.890293e-02 7.093479e-02 7.219728e-02 7.342563e-02 7.473317e-02 9.017658e-02 7.650984e-02 7.751270e-02 7.866547e-02 7.911895e-02 7.867872e-02 7.769965e-02 7.511128e-02 7.188177e-02 6.662359e-02 6.238533e-02 0.000000e+00 0.000000e+00 0.000000e+00 3.609585e-02 3.992700e-02 5.850353e-02 5.419181e-02 5.995738e-02 6.439253e-02 6.665870e-02 6.776229e-02 6.827313e-02 5.052329e-02 5.064286e-02 5.105539e-02 5.083993e-02 4.962087e-02 4.786291e-02 4.568953e-02 4.429927e-02 4.378598e-02 4.342755e-02 5.460425e-02 5.520245e-02 5.424659e-02 5.306181e-02 5.309891e-02
5.720496e-02 5.773983e-02 5.846051e-02 5.905111e-02 5.953365e-02 6.032938e-02 6.091738e-02 6.091209e-02 6.191310e-02 6.419738e-02 6.640822e-02 6.823245e-02 6.969930e-02 9.388801e-02 7.253739e-02 7.346940e-02 7.478362e-02 7.668548e-02 7.819274e-02 7.848226e-02 7.873872e-02 7.867180e-02 7.524576e-02 7.000337e-02 6.723110e-02 2.830330e-02 0.000000e+00 0.000000e+00 0.000000e+00 0.000000e+00 5.964686e-02 4.709895e-02 5.383742e-02 6.250690e-02 6.564101e-02 6.752960e-02 6.865052e-02 5.101000e-02 5.125769e-02 5.149713e-02 5.138002e-02 5.048753e-02 4.889373e-02 4.672790e-02 4.521531e-02 4.441679e-02 4.382621e-02 5.609830e-02 5.593578e-02 5.556649e-02 5.505470e-02 5.575382e-02
5.469372e-02 5.501710e-02 5.608257e-02 5.751280e-02 5.834485e-02 5.880533e-02 5.869866e-02 5.847945e-02 5.859094e-02 5.970445e-02 6.183703e-02 6.357501e-02 9.994418e-02 6.656891e-02 6.754134e-02 6.796131e-02 6.966404e-02 7.280141e-02 7.384366e-02 7.469964e-02 7.578013e-02 7.713762e-02 7.631542e-02 7.058660e-02 6.784605e-02 0.000000e+00 0.000000e+00 5.610604e-02 5.894534e-02 0.000000e+00 0.000000e+00 0.000000e+00 5.371698e-02 6.104838e-02 6.604787e-02 6.683541e-02 6.813434e-02 5.120052e-02 5.189418e-02 5.201356e-02 5.186434e-02 5.127031e-02 5.010183e-02 4.830895e-02 4.683860e-02 4.576930e-02 4.481045e-02 5.723509e-02 5.645112e-02 5.681711e-02 5.786728e-02 5.924655e-02
