tests/data/reference/test_implicit_stream_rill_mfda/mvel_m_s.asc
ncols	123
nrows	77
xllcorner	-713746.79929998
yllcorner	-1061022.36961616
cellsize	10.0
NODATA_value	-9999
[rows 23 to 45 of 77, columns 52 to 103 of 123]
6.361367e-02 7.255283e-02 7.297488e-02 7.246280e-02 7.207901e-02 7.193600e-02 7.142973e-02 7.037583e-02 6.962783e-02 6.946332e-02 6.901145e-02 6.840811e-02 6.774843e-02 6.645519e-02 6.388188e-02 6.054146e-02 9.348789e-02 5.455389e-02 5.514376e-02 5.626050e-02 5.711507e-02 5.775998e-02 5.710778e-02 5.683542e-02 4.289129e-02 4.966358e-02 9.670201e-02 6.085940e-02 7.421504e-02 5.177190e-02 5.422317e-02 5.122888e-02 4.052134e-02 3.635368e-02 -9.999000e+03 -9.999000e+03 -9.999000e+03 -9.999000e+03 -9.999000e+03 -9.999000e+03 -9.999000e+03 -9.999000e+03 -9.999000e+03 -9.999000e+03 -9.999000e+03 -9.999000e+03 -9.999000e+03 -9.999000e+03 -9.999000e+03 -9.999000e+03 -9.999000e+03 -9.999000e+03
6.478719e-02 7.038995e-02 7.337825e-02 7.269929e-02 7.216610e-02 7.179395e-02 7.115015e-02 7.014393e-02 6.954715e-02 6.945920e-02 6.918305e-02 6.879566e-02 6.792738e-02 6.603275e-02 6.340079e-02 6.040809e-02 1.005884e-01 5.538789e-02 5.678198e-02 5.871272e-02 6.032025e-02 6.144493e-02 6.139168e-02 6.090263e-02 5.454796e-02 5.520506e-02 4.086339e-02 9.104509e-02 5.453522e-02 6.834637e-02 6.427023e-02 5.416689e-02 5.028008e-02 4.649102e-02 3.502323e-02 -9.999000e+03 -9.999000e+03 -9.999000e+03 -9.999000e+03 -9.999000e+03 -9.999000e+03 -9.999000e+03 -9.999000e+03 -9.999000e+03 -9.999000e+03 -9.999000e+03 -9.999000e+03 -9.999000e+03 -9.999000e+03 -9.999000e+03 -9.999000e+03 -9.999000e+03
7.404971e-02 7.097945e-02 7.285003e-02 7.324891e-02 7.204849e-02 7.092681e-02 6.997708e-02 6.947881e-02 6.961485e-02 6.993535e-02 6.982494e-02 6.916741e-02 6.754464e-02 6.516152e-02 6.306507e-02 6.143857e-02 1.090657e-01 5.836213e-02 5.935647e-02 6.102182e-02 6.272148e-02 6.394613e-02 6.405612e-02 6.348544e-02 6.044775e-02 5.991436e-02 5.333251e-02 9.651564e-02 4.194933e-02 5.354356e-02 8.225792e-02 5.122921e-02 5.314544e-02 5.390337e-02 4.930675e-02 3.917348e-02 3.589757e-02 3.559502e-02 -9.999000e+03 -9.999000e+03 -9.999000e+03 -9.999000e+03 -9.999000e+03 -9.999000e+03 -9.999000e+03 -9.999000e+03 -9.999000e+03 -9.999000e+03 -9.999000e+03 -9.999000e+03 -9.999000e+03 -9.999000e+03
6.641821e-02 7.503726e-02 7.299611e-02 7.252151e-02 7.136660e-02 7.000772e-02 6.929100e-02 6.955135e-02 7.010362e-02 7.039382e-02 7.010889e-02 6.901788e-02 6.725162e-02 6.529607e-02 6.370203e-02 6.245942e-02 1.077087e-01 5.965575e-02 6.038882e-02 6.186629e-02 6.339170e-02 6.449685e-02 6.469797e-02 6.442037e-02 6.329826e-02 6.312976e-02 6.056577e-02 9.897755e-02 5.430143e-02 5.511406e-02 7.974793e-02 5.111521e-02 5.378177e-02 5.627030e-02 5.527356e-02 5.010970e-02 4.571972e-02 3.687554e-02 4.303061e-02 3.522192e-02 -9.999000e+03 -9.999000e+03 -9.999000e+03 -9.999000e+03 -9.999000e+03 -9.999000e+03 -9.999000e+03 -9.999000e+03 -9.999000e+03 -9.999000e+03 -9.999000e+03 -9.999000e+03
7.256291e-02 5.356996e-02 7.377730e-02 7.132244e-02 7.009641e-02 6.957021e-02 6.961599e-02 7.024269e-02 7.061052e-02 7.050683e-02 6.998408e-02 6.891649e-02 6.770099e-02 6.650167e-02 6.498795e-02 6.294240e-02 1.088014e-01 5.884331e-02 5.959978e-02 6.100227e-02 6.210163e-02 6.293331e-02 6.329154e-02 6.364877e-02 6.407408e-02 6.485011e-02 6.448827e-02 9.886190e-02 6.132041e-02 6.041145e-02 8.175249e-02 5.509730e-02 5.404746e-02 5.417791e-02 5.429846e-02 5.259712e-02 3.976875e-02 3.787700e-02 4.358466e-02 4.462857e-02 4.133956e-02 1.353530e-01 -9.999000e+03 -9.999000e+03 -9.999000e+03 -9.999000e+03 -9.999000e+03 -9.999000e+03 -9.999000e+03 -9.999000e+03 -9.999000e+03 -9.999000e+03
7.489150e-02 6.530341e-02 7.268213e-02 7.047651e-02 4.987472e-02 6.949058e-02 6.986858e-02 7.059028e-02 7.099499e-02 7.086110e-02 7.028403e-02 6.925195e-02 6.812833e-02 6.685932e-02 6.494786e-02 6.237067e-02 1.098670e-01 5.887954e-02 6.005312e-02 6.154098e-02 6.248750e-02 6.309337e-02 6.330453e-02 6.369709e-02 6.465478e-02 6.605003e-02 6.684248e-02 9.737995e-02 6.515188e-02 6.392709e-02 8.046072e-02 5.818793e-02 5.506113e-02 5.331126e-02 5.291845e-02 5.259366e-02 4.762137e-02 4.589016e-02 3.774519e-02 4.621231e-02 0.000000e+00 1.852215e-01 1.159155e-01 1.016127e-01 -9.999000e+03 -9.999000e+03 -9.999000e+03 -9.999000e+03 -9.999000e+03 -9.999000e+03 -9.999000e+03 -9.999000e+03
7.479456e-02 6.941264e-02 7.151493e-02 7.014433e-02 5.024532e-02 6.130703e-02 6.965517e-02 7.066211e-02 7.157628e-02 7.166460e-02 7.105750e-02 6.979282e-02 6.810457e-02 6.586778e-02 6.321111e-02 6.092945e-02 6.015859e-02 1.079766e-01 6.218606e-02 6.395599e-02 6.508008e-02 6.547302e-02 6.517384e-02 6.493166e-02 6.545854e-02 6.691599e-02 6.813223e-02 9.467265e-02 6.667552e-02 6.532992e-02 7.689332e-02 6.036663e-02 5.735769e-02 5.488387e-02 5.292752e-02 5.176147e-02 4.959093e-02 4.894043e-02 4.599314e-02 0.000000e+00 0.000000e+00 6.284432e-02 4.390173e-02 2.531582e-02 8.959597e-02 -9.999000e+03 -9.999000e+03 -9.999000e+03 -9.999000e+03 -9.999000e+03 -9.999000e+03 -9.999000e+03
7.248285e-02 6.940852e-02 6.993596e-02 6.963902e-02 6.160901e-02 5.037742e-02 6.652184e-02 7.104508e-02 7.177275e-02 7.140450e-02 7.038075e-02 6.870108e-02 6.659012e-02 6.407277e-02 6.196917e-02 6.118152e-02 6.181848e-02 6.339403e-02 1.013484e-01 6.668724e-02 6.740565e-02 6.725245e-02 6.648546e-02 6.593205e-02 6.627919e-02 6.771050e-02 6.876461e-02 9.129667e-02 6.754000e-02 6.664332e-02 7.371121e-02 6.290970e-02 6.020353e-02 5.760204e-02 4.201222e-02 4.050289e-02 5.154491e-02 5.157581e-02 0.000000e+00 0.000000e+00 4.243255e-02 5.507469e-02 4.090690e-02 3.285609e-02 2.654767e-02 8.565028e-02 -9.999000e+03 -9.999000e+03 -9.999000e+03 -9.999000e+03 -9.999000e+03 -9.999000e+03
6.798946e-02 6.682421e-02 6.789875e-02 6.882680e-02 6.631015e-02 6.208884e-02 5.127540e-02 7.015350e-02 7.094966e-02 6.948232e-02 6.770444e-02 6.552162e-02 6.349306e-02 6.212113e-02 6.215330e-02 6.339557e-02 6.506827e-02 6.695164e-02 9.726144e-02 6.937137e-02 6.910741e-02 6.814554e-02 6.703387e-02 6.658536e-02 6.713891e-02 6.839739e-02 6.878987e-02 8.730797e-02 6.802821e-02 6.800012e-02 7.059587e-02 6.583236e-02 6.342487e-02 4.624745e-02 4.425372e-02 4.251950e-02 5.503124e-02 0.000000e+00 0.000000e+00 4.541518e-02 4.644930e-02 5.145685e-02 3.764997e-02 3.328629e-02 3.269802e-02 2.899308e-02 2.700053e-02 -9.999000e+03 -9.999000e+03 -9.999000e+03 -9.999000e+03 -9.999000e+03
6.117158e-02 6.205276e-02 6.412877e-02 6.593996e-02 4.871806e-02 6.756101e-02 6.671584e-02 6.213646e-02 6.901540e-02 6.808628e-02 6.650050e-02 6.472068e-02 6.355224e-02 6.340012e-02 6.433082e-02 6.596857e-02 6.755435e-02 6.894005e-02 9.660065e-02 6.973365e-02 6.896810e-02 6.795728e-02 6.718251e-02 6.719551e-02 6.795722e-02 6.881646e-02 6.839887e-02 8.265066e-02 6.733064e-02 6.768867e-02 6.790925e-02 6.690582e-02 4.827525e-02 4.752830e-02 4.598228e-02 4.437584e-02 0.000000e+00 0.000000e+00 4.976248e-02 5.163008e-02 4.971860e-02 4.996406e-02 3.303450e-02 3.048457e-02 3.666660e-02 3.690521e-02 3.662262e-02 2.866850e-02 8.760830e-02 -9.999000e+03 -9.999000e+03 -9.999000e+03
5.220483e-02 5.534333e-02 5.790745e-02 6.028126e-02 6.268064e-02 5.749562e-02 6.628559e-02 6.652853e-02 6.492194e-02 6.809611e-02 6.793470e-02 6.747329e-02 6.736691e-02 6.749566e-02 6.780517e-02 6.836860e-02 6.877734e-02 6.884270e-02 6.817473e-02 1.009685e-01 6.680625e-02 6.664974e-02 6.698138e-02 6.780323e-02 6.870153e-02 6.894346e-02 6.761257e-02 7.726773e-02 6.536083e-02 6.546823e-02 6.599146e-02 4.812601e-02 4.771804e-02 4.752494e-02 0.000000e+00 0.000000e+00 0.000000e+00 4.616722e-02 5.640110e-02 5.509224e-02 5.283649e-02 3.990878e-02 3.800499e-02 4.104213e-02 4.069016e-02 3.850933e-02 3.686575e-02 3.048035e-02 2.879074e-02 1.060396e-01 -9.999000e+03 -9.999000e+03
1.088964e-01 1.047029e-01 4.929657e-02 5.239219e-02 5.927598e-02 6.235078e-02 6.193296e-02 6.654141e-02 6.773987e-02 6.801102e-02 6.987902e-02 7.042336e-02 7.088415e-02 7.101318e-02 7.080920e-02 7.035965e-02 6.948670e-02 6.823546e-02 6.650815e-02 9.452707e-02 6.391644e-02 6.413023e-02 6.529315e-02 6.676898e-02 6.768597e-02 6.731955e-02 6.535966e-02 7.088211e-02 6.314915e-02 6.330922e-02 6.426957e-02 4.781965e-02 4.776597e-02 0.000000e+00 0.000000e+00 5.820344e-02 4.770684e-02 5.602643e-02 5.954498e-02 5.773709e-02 4.289775e-02 4.188575e-02 4.058606e-02 4.711357e-02 4.451647e-02 4.168142e-02 3.271646e-02 3.292206e-02 3.307191e-02 4.727914e-02 2.795945e-02 1.075547e-01
6.887355e-02 6.538445e-02 1.001720e-01 5.138577e-02 5.434083e-02 5.904817e-02 6.270906e-02 6.417960e-02 6.728025e-02 6.883635e-02 6.977876e-02 7.133113e-02 7.211216e-02 7.224792e-02 7.171333e-02 7.015337e-02 6.762246e-02 6.474404e-02 6.165039e-02 5.861768e-02 9.745918e-02 5.647343e-02 5.828387e-02 6.038880e-02 6.443066e-02 6.347908e-02 6.130471e-02 6.336085e-02 6.068658e-02 6.149702e-02 6.307995e-02 4.797041e-02 0.000000e+00 0.000000e+00 5.532855e-02 6.251937e-02 5.711204e-02 6.040610e-02 6.151273e-02 4.544083e-02 4.434928e-02 4.305932e-02 4.170774e-02 3.994022e-02 4.808403e-02 4.649314e-02 3.721627e-02 4.317400e-02 4.246178e-02 4.822078e-02 3.289420e-02 4.708532e-02
4.313298e-02 5.244752e-02 5.542860e-02 9.802465e-02 9.723296e-02 9.433622e-02 9.299966e-02 6.352879e-02 6.413073e-02 6.526682e-02 6.605353e-02 6.687577e-02 6.728155e-02 6.684443e-02 8.228313e-02 6.393717e-02 6.157687e-02 5.936516e-02 5.704760e-02 5.477593e-02 4.092302e-02 9.811335e-02 7.097256e-02 5.806624e-02 5.765149e-02 5.568300e-02 5.771057e-02 5.758071e-02 5.916484e-02 6.078460e-02 6.275690e-02 0.000000e+00 0.000000e+00 4.795449e-02 6.201917e-02 6.379809e-02 6.103422e-02 6.229090e-02 6.255610e-02 4.625894e-02 4.538298e-02 4.402332e-02 4.268412e-02 4.113087e-02 5.049584e-02 4.904856e-02 4.571406e-02 4.774418e-02 4.707553e-02 4.893556e-02 4.260552e-02 4.890227e-02
5.911304e-02 6.243767e-02 6.230193e-02 5.791727e-02 5.694992e-02 6.034837e-02 6.159404e-02 9.501217e-02 9.621373e-02 9.736714e-02 9.814037e-02 9.851699e-02 9.956123e-02 1.012958e-01 1.030455e-01 1.043899e-01 1.039237e-01 5.026473e-02 5.150864e-02 5.238423e-02 5.388275e-02 5.141957e-02 9.569819e-02 5.733129e-02 5.451010e-02 5.167044e-02 5.089942e-02 5.628245e-02 5.902903e-02 6.143174e-02 0.000000e+00 0.000000e+00 4.908564e-02 4.840328e-02 6.475825e-02 6.464254e-02 6.285052e-02 6.298258e-02 6.286692e-02 4.652915e-02 4.594628e-02 4.472350e-02 4.351963e-02 4.210165e-02 4.041590e-02 3.878009e-02 4.736846e-02 4.800944e-02 4.844408e-02 5.003471e-02 4.847097e-02 5.048317e-02
5.834910e-02 6.370850e-02 6.417353e-02 9.539697e-02 9.605310e-02 9.413783e-02 9.361518e-02 9.440755e-02 9.524661e-02 9.615526e-02 9.690565e-02 9.739196e-02 9.812362e-02 9.934925e-02 1.009222e-01 1.028343e-01 1.043935e-01 1.045171e-01 1.040489e-01 4.710365e-02 4.964855e-02 5.359081e-02 9.754214e-02 5.368515e-02 5.087093e-02 4.886597e-02 4.904319e-02 5.205431e-02 5.953668e-02 0.000000e+00 0.000000e+00 4.901245e-02 4.935877e-02 4.868282e-02 6.594419e-02 6.536329e-02 6.403020e-02 6.383883e-02 4.717312e-02 4.718857e-02 4.673086e-02 4.553431e-02 4.428212e-02 4.300016e-02 4.151757e-02 3.975982e-02 3.822065e-02 4.804512e-02 4.859439e-02 5.006125e-02 5.038086e-02 5.089497e-02
6.635268e-02 9.927006e-02 9.922729e-02 6.668548e-02 6.815169e-02 7.114535e-02 7.291767e-02 7.336718e-02 7.336083e-02 7.294083e-02 7.220619e-02 6.861889e-02 6.688440e-02 6.457344e-02 6.193775e-02 5.936302e-02 7.218515e-02 7.993639e-02 7.277962e-02 1.054714e-01 1.050517e-01 1.011008e-01 1.012407e-01 1.038426e-01 4.674549e-02 4.738139e-02 4.879515e-02 5.298583e-02 0.000000e+00 0.000000e+00 4.847323e-02 6.010474e-02 4.951292e-02 4.880266e-02 6.652646e-02 6.605416e-02 6.511682e-02 6.506835e-02 4.812791e-02 4.820328e-02 4.781078e-02 4.660867e-02 4.507698e-02 4.369117e-02 4.270427e-02 4.150210e-02 3.976675e-02 4.891847e-02 4.837051e-02 4.861250e-02 4.873244e-02 4.914912e-02
1.044998e-01 6.441731e-02 6.643859e-02 6.798202e-02 7.030528e-02 7.327902e-02 7.527757e-02 7.626904e-02 7.689424e-02 7.707006e-02 7.674913e-02 7.601364e-02 7.495534e-02 7.359423e-02 7.195619e-02 6.757331e-02 6.540349e-02 7.787131e-02 7.507346e-02 8.011226e-02 8.646000e-02 3.363736e-02 8.117139e-02 1.095932e-01 1.111882e-01 4.228062e-02 4.702822e-02 4.142658e-02 0.000000e+00 5.205766e-02 5.805688e-02 6.468557e-02 4.991078e-02 6.016164e-02 6.717438e-02 6.660152e-02 6.593531e-02 6.614328e-02 4.887668e-02 4.893765e-02 4.850108e-02 4.742138e-02 4.583768e-02 4.414873e-02 4.330827e-02 4.271395e-02 4.133736e-02 3.968636e-02 4.955106e-02 4.888978e-02 4.840821e-02 4.854868e-02
6.127716e-02 6.343276e-02 6.513592e-02 6.608265e-02 6.762749e-02 7.023784e-02 7.240367e-02 7.387908e-02 7.526295e-02 7.626473e-02 7.658262e-02 7.653336e-02 7.647741e-02 7.637911e-02 7.596960e-02 7.529622e-02 9.273648e-02 7.338921e-02 6.831084e-02 6.332111e-02 6.060373e-02 0.000000e+00 0.000000e+00 0.000000e+00 1.149793e-01 1.133926e-01 4.391435e-02 0.000000e+00 0.000000e+00 5.292682e-02 5.671953e-02 6.583881e-02 5.043196e-02 6.613382e-02 6.811434e-02 6.699366e-02 6.646898e-02 4.905266e-02 4.947523e-02 4.958336e-02 4.895926e-02 4.783680e-02 4.637393e-02 4.452415e-02 4.351918e-02 4.330475e-02 4.266546e-02 4.155510e-02 5.218257e-02 5.116030e-02 5.024284e-02 4.962754e-02
6.050551e-02 6.237440e-02 6.348472e-02 6.382370e-02 6.465958e-02 6.666888e-02 6.854422e-02 6.993688e-02 7.165148e-02 7.345651e-02 7.459002e-02 7.515552e-02 7.579765e-02 7.658137e-02 7.702200e-02 8.999957e-02 7.736424e-02 7.743153e-02 7.638656e-02 7.390499e-02 6.919580e-02 6.857832e-02 6.602017e-02 0.000000e+00 0.000000e+00 0.000000e+00 3.597975e-02 0.000000e+00 3.799961e-02 4.764868e-02 5.311501e-02 6.041225e-02 5.996273e-02 6.742981e-02 6.818811e-02 6.744955e-02 6.722886e-02 4.947032e-02 4.985501e-02 5.020003e-02 4.968665e-02 4.839895e-02 4.684145e-02 4.490647e-02 4.372481e-02 4.346931e-02 4.316184e-02 5.088584e-02 5.415338e-02 5.302576e-02 5.189474e-02 5.125674e-02
5.905579e-02 6.011319e-02 6.084950e-02 6.105201e-02 6.152040e-02 6.285069e-02 6.403770e-02 6.479881e-02 6.633638e-02 6.883468e-02 7.084663e-02 7.209701e-02 7.335081e-02 7.464118e-02 9.017658e-02 7.643483e-02 7.742075e-02 7.852912e-02 7.897248e-02 7.859021e-02 7.757814e-02 7.505853e-02 7.185949e-02 6.663680e-02 6.244836e-02 0.000000e+00 0.000000e+00 0.000000e+00 3.611214e-02 3.979940e-02 5.799670e-02 5.428241e-02 5.963155e-02 6.433363e-02 6.671661e-02 6.781001e-02 6.831124e-02 5.006047e-02 5.017870e-02 5.058662e-02 5.037356e-02 4.916822e-02 4.743034e-02 4.528221e-02 4.390832e-02 4.340111e-02 4.304694e-02 5.436256e-02 5.521185e-02 5.425948e-02 5.307962e-02 5.311631e-02
5.725736e-02 5.777827e-02 5.848600e-02 5.905867e-02 5.952442e-02 6.031290e-02 6.090566e-02 6.084463e-02 6.184064e-02 6.410944e-02 6.630382e-02 6.818859e-02 6.961545e-02 9.388801e-02 7.247896e-02 7.337406e-02 7.461083e-02 7.648922e-02 7.808722e-02 7.826065e-02 7.852569e-02 7.846601e-02 7.510595e-02 6.991001e-02 6.717326e-02 2.794135e-02 0.000000e+00 0.000000e+00 0.000000e+00 0.000000e+00 5.908131e-02 4.723226e-02 5.378387e-02 6.255284e-02 6.571515e-02 6.758198e-02 6.868966e-02 5.054174e-02 5.078666e-02 5.102345e-02 5.090764e-02 5.002511e-02 4.844935e-02 4.630846e-02 4.481356e-02 4.402445e-02 4.344087e-02 5.598756e-02 5.595489e-02 5.558209e-02 5.506842e-02 5.575922e-02
5.477720e-02 5.508712e-02 5.613253e-02 5.753258e-02 5.833953e-02 5.879483e-02 5.855665e-02 5.834064e-02 5.845056e-02 5.955677e-02 6.182770e-02 6.348868e-02 9.816796e-02 6.653873e-02 6.743355e-02 6.773624e-02 6.942042e-02 7.272992e-02 7.354015e-02 7.438352e-02 7.545694e-02 7.679771e-02 7.597231e-02 7.034497e-02 6.764329e-02 0.000000e+00 0.000000e+00 5.840290e-02 5.914443e-02 0.000000e+00 0.000000e+00 0.000000e+00 5.375934e-02 6.114839e-02 6.612277e-02 6.689655e-02 6.818260e-02 5.073013e-02 5.141610e-02 5.153417e-02 5.138659e-02 5.079915e-02 4.964375e-02 4.787126e-02 4.641788e-02 4.536105e-02 4.441347e-02 5.720536e-02 5.647972e-02 5.683566e-02 5.787111e-02 5.923720e-02
