tests/data/reference/test_implicit_stream_rill_mfda/mvel_m_s.asc
ncols	123
nrows	77
xllcorner	-713746.79929998
yllcorner	-1061022.36961616
cellsize	10.0
NODATA_value	-9999
[rows 23 to 45 of 77, columns 52 to 103 of 123]
6.366695e-02 7.256548e-02 7.295737e-02 7.241879e-02 7.202954e-02 7.188182e-02 7.137256e-02 7.032162e-02 6.957176e-02 6.941752e-02 6.898636e-02 6.838280e-02 6.772300e-02 6.642912e-02 6.385388e-02 6.048351e-02 9.352368e-02 5.445590e-02 5.510501e-02 5.622673e-02 5.710210e-02 5.777115e-02 5.714528e-02 5.684509e-02 4.293008e-02 4.970262e-02 9.703895e-02 6.099542e-02 7.420729e-02 5.178266e-02 5.426031e-02 5.127006e-02 4.055742e-02 3.638484e-02 -9.999000e+03 -9.999000e+03 -9.999000e+03 -9.999000e+03 -9.999000e+03 -9.999000e+03 -9.999000e+03 -9.999000e+03 -9.999000e+03 -9.999000e+03 -9.999000e+03 -9.999000e+03 -9.999000e+03 -9.999000e+03 -9.999000e+03 -9.999000e+03 -9.999000e+03 -9.999000e+03
6.484127e-02 7.045826e-02 7.336103e-02 7.266217e-02 7.211426e-02 7.173779e-02 7.109052e-02 7.008183e-02 6.948525e-02 6.939637e-02 6.912563e-02 6.874998e-02 6.788218e-02 6.598742e-02 6.335430e-02 6.035912e-02 1.006842e-01 5.531738e-02 5.674065e-02 5.867660e-02 6.029627e-02 6.143826e-02 6.141145e-02 6.089524e-02 5.459311e-02 5.524009e-02 4.089986e-02 9.142604e-02 5.472280e-02 6.849571e-02 6.426969e-02 5.420220e-02 5.032014e-02 4.652534e-02 3.505278e-02 -9.999000e+03 -9.999000e+03 -9.999000e+03 -9.999000e+03 -9.999000e+03 -9.999000e+03 -9.999000e+03 -9.999000e+03 -9.999000e+03 -9.999000e+03 -9.999000e+03 -9.999000e+03 -9.999000e+03 -9.999000e+03 -9.999000e+03 -9.999000e+03 -9.999000e+03
7.406535e-02 7.104907e-02 7.290445e-02 7.321130e-02 7.199860e-02 7.086809e-02 6.991511e-02 6.941471e-02 6.954922e-02 6.986970e-02 6.975968e-02 6.910525e-02 6.748788e-02 6.510445e-02 6.300720e-02 6.137937e-02 1.091899e-01 5.830510e-02 5.931335e-02 6.098328e-02 6.269015e-02 6.392503e-02 6.405313e-02 6.346452e-02 6.049432e-02 5.993060e-02 5.337596e-02 9.693501e-02 4.198705e-02 5.375052e-02 8.231894e-02 5.123491e-02 5.317866e-02 5.393345e-02 4.934383e-02 3.920799e-02 3.592818e-02 3.562527e-02 -9.999000e+03 -9.999000e+03 -9.999000e+03 -9.999000e+03 -9.999000e+03 -9.999000e+03 -9.999000e+03 -9.999000e+03 -9.999000e+03 -9.999000e+03 -9.999000e+03 -9.999000e+03 -9.999000e+03 -9.999000e+03
6.647283e-02 7.502169e-02 7.305242e-02 7.254025e-02 7.131501e-02 6.994837e-02 6.922660e-02 6.948511e-02 7.003644e-02 7.032637e-02 7.004240e-02 6.895253e-02 6.718754e-02 6.523339e-02 6.363818e-02 6.239461e-02 1.077087e-01 5.960603e-02 6.034467e-02 6.182480e-02 6.335408e-02 6.446421e-02 6.467502e-02 6.438876e-02 6.332494e-02 6.312378e-02 6.061056e-02 9.948343e-02 5.434614e-02 5.506251e-02 7.998808e-02 5.109150e-02 5.378947e-02 5.628076e-02 5.530656e-02 5.014917e-02 4.575294e-02 3.690733e-02 4.306041e-02 3.525172e-02 -9.999000e+03 -9.999000e+03 -9.999000e+03 -9.999000e+03 -9.999000e+03 -9.999000e+03 -9.999000e+03 -9.999000e+03 -9.999000e+03 -9.999000e+03 -9.999000e+03 -9.999000e+03
7.263633e-02 5.362107e-02 7.373966e-02 7.134064e-02 7.007719e-02 6.950865e-02 6.955015e-02 7.017467e-02 7.054216e-02 7.043879e-02 6.991702e-02 6.885078e-02 6.763580e-02 6.643617e-02 6.492188e-02 6.287542e-02 1.088014e-01 5.879602e-02 5.955368e-02 6.095665e-02 6.205720e-02 6.289055e-02 6.325304e-02 6.360762e-02 6.407173e-02 6.482675e-02 6.451569e-02 9.945093e-02 6.136735e-02 6.036984e-02 8.197861e-02 5.505803e-02 5.402813e-02 5.416365e-02 5.430920e-02 5.262892e-02 3.980395e-02 3.790999e-02 4.361562e-02 4.464427e-02 4.136707e-02 1.356058e-01 -9.999000e+03 -9.999000e+03 -9.999000e+03 -9.999000e+03 -9.999000e+03 -9.999000e+03 -9.999000e+03 -9.999000e+03 -9.999000e+03 -9.999000e+03
7.495374e-02 6.535714e-02 7.262963e-02 7.045621e-02 4.992146e-02 6.944385e-02 6.980055e-02 7.052134e-02 7.092649e-02 7.079361e-02 7.021747e-02 6.918619e-02 6.806284e-02 6.679334e-02 6.488111e-02 6.230356e-02 1.098670e-01 5.883044e-02 6.000366e-02 6.149070e-02 6.243653e-02 6.304215e-02 6.325496e-02 6.364775e-02 6.462796e-02 6.601456e-02 6.684471e-02 9.797884e-02 6.518124e-02 6.389102e-02 8.078387e-02 5.814553e-02 5.502476e-02 5.327685e-02 5.290168e-02 5.259976e-02 4.765817e-02 4.592429e-02 3.777801e-02 4.623072e-02 0.000000e+00 1.853224e-01 1.160673e-01 1.016981e-01 -9.999000e+03 -9.999000e+03 -9.999000e+03 -9.999000e+03 -9.999000e+03 -9.999000e+03 -9.999000e+03 -9.999000e+03
7.481966e-02 6.948243e-02 7.145191e-02 7.009636e-02 5.029249e-02 6.135863e-02 6.959299e-02 7.059219e-02 7.150822e-02 7.159845e-02 7.099233e-02 6.972774e-02 6.803897e-02 6.580130e-02 6.314392e-02 6.086199e-02 6.009163e-02 1.079766e-01 6.213413e-02 6.390282e-02 6.502527e-02 6.541692e-02 6.511808e-02 6.487689e-02 6.541578e-02 6.687189e-02 6.811167e-02 9.530530e-02 6.667797e-02 6.529456e-02 7.731152e-02 6.032578e-02 5.731428e-02 5.483818e-02 5.289015e-02 5.173990e-02 4.961736e-02 4.896422e-02 4.602736e-02 0.000000e+00 0.000000e+00 6.277758e-02 4.389571e-02 2.533296e-02 8.963342e-02 -9.999000e+03 -9.999000e+03 -9.999000e+03 -9.999000e+03 -9.999000e+03 -9.999000e+03 -9.999000e+03
7.246689e-02 6.946027e-02 6.986682e-02 6.957696e-02 6.166080e-02 5.042474e-02 6.658411e-02 7.097808e-02 7.170494e-02 7.133928e-02 7.031680e-02 6.863685e-02 6.652471e-02 6.400582e-02 6.190097e-02 6.111276e-02 6.175025e-02 6.332810e-02 1.013484e-01 6.663442e-02 6.735104e-02 6.719611e-02 6.642856e-02 6.587547e-02 6.622806e-02 6.766041e-02 6.872742e-02 9.198104e-02 6.751823e-02 6.660432e-02 7.412304e-02 6.286926e-02 6.015895e-02 5.755394e-02 4.205001e-02 4.053894e-02 5.154660e-02 5.157707e-02 0.000000e+00 0.000000e+00 4.233360e-02 5.503807e-02 4.091533e-02 3.286919e-02 2.656643e-02 8.567374e-02 -9.999000e+03 -9.999000e+03 -9.999000e+03 -9.999000e+03 -9.999000e+03 -9.999000e+03
6.794174e-02 6.683256e-02 6.782698e-02 6.876009e-02 6.637254e-02 6.214099e-02 5.132377e-02 7.019950e-02 7.088372e-02 6.941736e-02 6.764034e-02 6.545680e-02 6.342658e-02 6.205291e-02 6.208378e-02 6.332577e-02 6.499963e-02 6.688594e-02 9.726144e-02 6.932081e-02 6.905504e-02 6.809117e-02 6.697822e-02 6.652909e-02 6.708420e-02 6.834339e-02 6.874166e-02 8.799141e-02 6.798889e-02 6.795532e-02 7.104007e-02 6.579071e-02 6.338140e-02 4.629005e-02 4.429406e-02 4.255788e-02 5.501174e-02 0.000000e+00 0.000000e+00 4.536613e-02 4.643523e-02 5.143287e-02 3.761889e-02 3.328354e-02 3.271124e-02 2.901502e-02 2.701988e-02 -9.999000e+03 -9.999000e+03 -9.999000e+03 -9.999000e+03 -9.999000e+03
6.110342e-02 6.201903e-02 6.405598e-02 6.587216e-02 4.876347e-02 6.760374e-02 6.677900e-02 6.218849e-02 6.902467e-02 6.802199e-02 6.643539e-02 6.465367e-02 6.348296e-02 6.332915e-02 6.425943e-02 6.589843e-02 6.748702e-02 6.887670e-02 9.660065e-02 6.968429e-02 6.891645e-02 6.790334e-02 6.712717e-02 6.713945e-02 6.790112e-02 6.875996e-02 6.834356e-02 8.333683e-02 6.728009e-02 6.763833e-02 6.785786e-02 6.686204e-02 4.832015e-02 4.757235e-02 4.602458e-02 4.441632e-02 0.000000e+00 0.000000e+00 4.964222e-02 5.170719e-02 4.969826e-02 5.001502e-02 3.306159e-02 3.050843e-02 3.666731e-02 3.692467e-02 3.664104e-02 2.869002e-02 8.763859e-02 -9.999000e+03 -9.999000e+03 -9.999000e+03
5.212943e-02 5.526462e-02 5.784751e-02 6.020752e-02 6.261145e-02 5.754406e-02 6.628984e-02 6.657058e-02 6.498353e-02 6.807230e-02 6.786918e-02 6.740520e-02 6.729627e-02 6.742367e-02 6.773368e-02 6.829949e-02 6.871225e-02 6.878241e-02 6.811904e-02 1.009685e-01 6.675188e-02 6.659345e-02 6.692458e-02 6.774660e-02 6.864470e-02 6.888517e-02 6.755261e-02 7.792764e-02 6.530319e-02 6.541281e-02 6.593851e-02 4.817074e-02 4.776231e-02 4.756899e-02 0.000000e+00 0.000000e+00 0.000000e+00 4.627985e-02 5.647338e-02 5.513788e-02 5.280462e-02 3.994415e-02 3.803813e-02 4.106744e-02 4.067865e-02 3.851362e-02 3.686819e-02 3.050421e-02 2.881243e-02 1.061446e-01 -9.999000e+03 -9.999000e+03
1.088964e-01 1.047029e-01 4.922092e-02 5.232469e-02 5.920220e-02 6.228006e-02 6.198687e-02 6.651252e-02 6.774525e-02 6.805416e-02 6.983295e-02 7.035624e-02 7.081561e-02 7.094425e-02 7.074150e-02 7.029466e-02 6.942535e-02 6.817780e-02 6.645332e-02 9.452707e-02 6.385629e-02 6.406969e-02 6.523383e-02 6.671106e-02 6.762804e-02 6.725932e-02 6.529640e-02 7.167020e-02 6.308637e-02 6.324837e-02 6.421176e-02 4.786403e-02 4.781029e-02 0.000000e+00 0.000000e+00 5.799275e-02 4.782421e-02 5.613473e-02 5.960483e-02 5.773762e-02 4.293655e-02 4.192340e-02 4.062221e-02 4.713055e-02 4.449716e-02 4.166951e-02 3.274316e-02 3.294901e-02 3.309905e-02 4.726537e-02 2.798005e-02 1.076666e-01
6.885080e-02 6.542026e-02 1.001720e-01 5.131782e-02 5.427553e-02 5.898070e-02 6.264239e-02 6.420644e-02 6.723185e-02 6.880823e-02 6.978249e-02 7.127514e-02 7.204864e-02 7.218541e-02 7.165275e-02 7.009523e-02 6.756652e-02 6.468938e-02 6.159552e-02 5.856125e-02 9.745918e-02 5.640982e-02 5.822257e-02 6.032938e-02 6.437010e-02 6.341573e-02 6.123837e-02 6.429105e-02 6.062030e-02 6.143172e-02 6.301703e-02 4.801496e-02 0.000000e+00 0.000000e+00 5.504987e-02 6.257892e-02 5.722619e-02 6.048382e-02 6.152238e-02 4.548252e-02 4.438973e-02 4.309831e-02 4.174518e-02 3.997563e-02 4.806019e-02 4.647197e-02 3.724847e-02 4.320294e-02 4.248989e-02 4.823390e-02 3.292112e-02 4.707277e-02
4.316836e-02 5.248564e-02 5.546270e-02 9.802465e-02 9.723296e-02 9.433622e-02 9.299966e-02 6.346819e-02 6.412543e-02 6.521154e-02 6.600753e-02 6.684895e-02 6.722368e-02 6.678521e-02 8.219187e-02 6.388288e-02 6.152216e-02 5.930860e-02 5.698804e-02 5.471314e-02 4.095606e-02 9.811335e-02 7.088185e-02 5.800360e-02 5.758797e-02 5.561708e-02 5.764110e-02 5.751198e-02 5.909740e-02 6.071789e-02 6.269179e-02 0.000000e+00 0.000000e+00 4.799903e-02 6.207352e-02 6.387578e-02 6.111703e-02 6.232634e-02 6.253230e-02 4.630155e-02 4.542459e-02 4.406341e-02 4.272268e-02 4.116765e-02 5.046828e-02 4.902276e-02 4.574775e-02 4.776352e-02 4.709362e-02 4.891882e-02 4.263375e-02 4.891744e-02
5.915519e-02 6.245961e-02 6.229472e-02 5.788530e-02 5.690207e-02 6.029394e-02 6.154121e-02 9.501217e-02 9.621373e-02 9.736714e-02 9.814037e-02 9.851699e-02 9.956123e-02 1.012958e-01 1.030455e-01 1.043899e-01 1.039237e-01 5.020372e-02 5.144647e-02 5.232075e-02 5.381854e-02 5.145625e-02 9.569819e-02 5.726868e-02 5.444381e-02 5.160252e-02 5.083185e-02 5.621452e-02 5.896313e-02 6.136687e-02 0.000000e+00 0.000000e+00 4.913146e-02 4.844833e-02 6.485297e-02 6.465648e-02 6.288902e-02 6.297899e-02 6.282530e-02 4.657207e-02 4.598853e-02 4.476437e-02 4.355914e-02 4.213954e-02 4.045186e-02 3.881414e-02 4.738985e-02 4.800715e-02 4.844168e-02 4.998606e-02 4.849087e-02 5.046975e-02
5.839283e-02 6.375775e-02 6.420208e-02 9.539697e-02 9.605310e-02 9.413783e-02 9.361518e-02 9.440755e-02 9.524661e-02 9.615526e-02 9.690565e-02 9.739196e-02 9.812362e-02 9.934925e-02 1.009222e-01 1.028343e-01 1.043935e-01 1.045171e-01 1.040489e-01 4.703784e-02 4.958530e-02 5.353098e-02 9.754214e-02 5.362550e-02 5.080689e-02 4.880155e-02 4.897902e-02 5.199230e-02 5.947450e-02 0.000000e+00 0.000000e+00 4.905819e-02 4.940491e-02 4.872819e-02 6.598000e-02 6.533511e-02 6.402803e-02 6.380859e-02 4.721677e-02 4.723224e-02 4.677401e-02 4.557610e-02 4.432250e-02 4.303908e-02 4.155479e-02 3.979501e-02 3.825404e-02 4.802247e-02 4.857269e-02 5.000778e-02 5.038146e-02 5.084788e-02
6.629395e-02 9.927006e-02 9.922729e-02 6.664152e-02 6.810771e-02 7.110227e-02 7.287626e-02 7.332755e-02 7.332167e-02 7.290069e-02 7.216475e-02 6.857518e-02 6.683880e-02 6.452413e-02 6.188412e-02 5.930527e-02 7.211386e-02 7.999157e-02 7.284195e-02 1.054714e-01 1.050517e-01 1.011008e-01 1.012407e-01 1.038426e-01 4.668567e-02 4.732327e-02 4.873803e-02 5.292873e-02 0.000000e+00 0.000000e+00 4.855776e-02 6.015544e-02 4.955924e-02 4.884816e-02 6.651368e-02 6.600522e-02 6.508716e-02 6.502367e-02 4.817264e-02 4.824809e-02 4.785515e-02 4.665168e-02 4.511826e-02 4.373087e-02 4.274285e-02 4.153931e-02 3.980195e-02 4.888326e-02 4.833588e-02 4.856279e-02 4.871202e-02 4.909496e-02
1.044998e-01 6.437253e-02 6.639542e-02 6.793995e-02 7.026377e-02 7.323846e-02 7.523863e-02 7.623164e-02 7.685725e-02 7.703265e-02 7.671170e-02 7.597788e-02 7.491884e-02 7.355538e-02 7.191450e-02 6.752644e-02 6.535371e-02 7.814428e-02 7.500501e-02 8.007598e-02 8.648362e-02 3.363736e-02 8.133225e-02 1.095932e-01 1.111882e-01 4.222824e-02 4.697787e-02 4.146016e-02 0.000000e+00 5.183582e-02 5.814113e-02 6.474442e-02 4.995756e-02 6.021240e-02 6.713337e-02 6.654576e-02 6.589087e-02 6.609224e-02 4.892226e-02 4.898330e-02 4.854624e-02 4.746531e-02 4.587981e-02 4.418895e-02 4.334754e-02 4.275254e-02 4.137438e-02 3.972147e-02 4.951032e-02 4.884208e-02 4.837273e-02 4.849688e-02
6.122886e-02 6.338735e-02 6.509284e-02 6.604052e-02 6.758581e-02 7.019734e-02 7.236476e-02 7.384111e-02 7.522485e-02 7.622630e-02 7.654848e-02 7.650107e-02 7.644591e-02 7.634722e-02 7.593273e-02 7.525923e-02 9.300526e-02 7.334591e-02 6.826622e-02 6.327692e-02 6.055585e-02 0.000000e+00 0.000000e+00 0.000000e+00 1.149793e-01 1.133926e-01 4.386584e-02 0.000000e+00 0.000000e+00 5.298064e-02 5.677662e-02 6.587653e-02 5.047934e-02 6.619437e-02 6.806135e-02 6.693628e-02 6.641759e-02 4.909845e-02 4.952151e-02 4.962976e-02 4.900495e-02 4.788120e-02 4.641667e-02 4.456480e-02 4.355869e-02 4.334401e-02 4.270400e-02 4.159237e-02 5.214076e-02 5.111445e-02 5.020052e-02 4.957866e-02
6.045437e-02 6.232707e-02 6.343972e-02 6.377976e-02 6.461690e-02 6.662825e-02 6.850526e-02 6.989800e-02 7.161173e-02 7.342467e-02 7.456023e-02 7.512792e-02 7.577153e-02 7.654662e-02 7.699089e-02 8.999957e-02 7.732682e-02 7.739794e-02 7.636252e-02 7.388125e-02 6.915552e-02 6.854752e-02 6.598414e-02 0.000000e+00 0.000000e+00 0.000000e+00 3.597975e-02 0.000000e+00 3.810381e-02 4.768919e-02 5.312996e-02 6.040594e-02 6.001316e-02 6.747061e-02 6.813104e-02 6.739155e-02 6.717415e-02 4.951659e-02 4.990172e-02 5.024714e-02 4.973317e-02 4.844399e-02 4.688472e-02 4.494755e-02 4.376456e-02 4.350876e-02 4.320095e-02 5.092684e-02 5.411264e-02 5.298256e-02 5.185172e-02 5.121100e-02
5.900057e-02 6.006172e-02 6.080051e-02 6.100519e-02 6.147672e-02 6.281034e-02 6.399880e-02 6.475885e-02 6.631179e-02 6.881175e-02 7.082602e-02 7.207831e-02 7.331386e-02 7.461363e-02 9.017658e-02 7.639771e-02 7.739340e-02 7.852050e-02 7.896684e-02 7.855783e-02 7.757592e-02 7.505064e-02 7.184817e-02 6.661992e-02 6.242394e-02 0.000000e+00 0.000000e+00 0.000000e+00 3.611214e-02 2.584661e+19 5.800966e-02 5.424342e-02 5.968467e-02 6.433593e-02 6.665759e-02 6.775137e-02 6.825486e-02 5.010742e-02 5.022579e-02 5.063418e-02 5.042088e-02 4.921414e-02 4.747428e-02 4.532372e-02 4.394827e-02 4.344049e-02 4.308591e-02 5.439829e-02 5.517141e-02 5.421793e-02 5.303758e-02 5.307327e-02
5.719773e-02 5.772198e-02 5.843244e-02 5.900893e-02 5.947962e-02 6.027226e-02 6.086584e-02 6.083560e-02 6.183205e-02 6.410298e-02 6.629967e-02 6.814897e-02 6.959426e-02 9.388801e-02 7.244041e-02 7.335591e-02 7.462096e-02 7.650261e-02 7.805341e-02 7.828286e-02 7.855092e-02 7.849221e-02 7.512599e-02 6.992650e-02 6.718329e-02 2.794155e-02 0.000000e+00 0.000000e+00 0.000000e+00 0.000000e+00 5.909298e-02 4.717567e-02 5.379772e-02 6.252084e-02 6.565367e-02 6.752260e-02 6.863241e-02 5.058925e-02 5.083446e-02 5.107152e-02 5.095557e-02 5.007202e-02 4.849445e-02 4.635113e-02 4.485454e-02 4.406453e-02 4.348028e-02 5.599886e-02 5.591289e-02 5.554026e-02 5.502666e-02 5.571793e-02
5.471475e-02 5.502674e-02 5.607534e-02 5.747965e-02 5.829247e-02 5.875190e-02 5.857129e-02 5.835499e-02 5.846547e-02 5.957351e-02 6.178674e-02 6.348110e-02 9.834657e-02 6.649858e-02 6.743203e-02 6.776816e-02 6.945439e-02 7.269448e-02 7.358297e-02 7.443196e-02 7.550988e-02 7.685409e-02 7.603028e-02 7.039263e-02 6.768806e-02 0.000000e+00 0.000000e+00 5.811884e-02 5.918689e-02 0.000000e+00 0.000000e+00 0.000000e+00 5.373656e-02 6.109582e-02 6.605902e-02 6.683606e-02 6.812441e-02 5.077786e-02 5.146463e-02 5.158284e-02 5.143509e-02 5.084696e-02 4.969022e-02 4.791570e-02 4.646067e-02 4.540264e-02 4.445399e-02 5.718998e-02 5.643514e-02 5.679246e-02 5.782941e-02 5.919712e-02
