tests/data/reference/test_implicit_stream_rill_mfda/mvel_m_s.asc
ncols	123
nrows	77
xllcorner	-713746.79929998
yllcorner	-1061022.36961616
cellsize	10.0
NODATA_value	-9999
[rows 46 to 68 of 77, columns 52 to 103 of 123]
4.941386e-02 4.874758e-02 4.956730e-02 5.166547e-02 5.289214e-02 5.210785e-02 5.233775e-02 5.264429e-02 5.268246e-02 5.379318e-02 5.457016e-02 8.319918e-02 5.792370e-02 5.822717e-02 5.771916e-02 5.812845e-02 6.126453e-02 6.290734e-02 6.496456e-02 6.576358e-02 6.715923e-02 6.932834e-02 6.964636e-02 6.721922e-02 6.780017e-02 0.000000e+00 1.757050e-02 4.764013e-02 5.507701e-02 5.773017e-02 5.565206e-02 0.000000e+00 0.000000e+00 0.000000e+00 5.591787e-02 5.995470e-02 6.192856e-02 4.878230e-02 5.004507e-02 5.026345e-02 5.007996e-02 4.955781e-02 4.875163e-02 4.750832e-02 4.639877e-02 4.543319e-02 4.443311e-02 5.549565e-02 5.429006e-02 5.463028e-02 5.631741e-02 5.784254e-02
4.879716e-02 4.654861e-02 4.654800e-02 4.908016e-02 4.747547e-02 4.740457e-02 4.773307e-02 4.867635e-02 5.253482e-02 5.150151e-02 8.338869e-02 5.494224e-02 5.467142e-02 5.161331e-02 5.136483e-02 5.518309e-02 5.271287e-02 5.605099e-02 5.819435e-02 5.887766e-02 6.036523e-02 6.284291e-02 6.416060e-02 6.995689e-02 5.140740e-02 0.000000e+00 1.781040e-02 5.095593e-02 5.746738e-02 6.133429e-02 6.158361e-02 5.908297e-02 5.241967e-02 0.000000e+00 0.000000e+00 5.439810e-02 5.830640e-02 4.741128e-02 4.948804e-02 5.012628e-02 4.994464e-02 4.927084e-02 4.870744e-02 4.805044e-02 4.751707e-02 4.695883e-02 4.616711e-02 5.822646e-02 5.678766e-02 5.655984e-02 5.777584e-02 5.894469e-02
4.962628e-02 4.651351e-02 4.569251e-02 3.821596e-02 3.915835e-02 3.900656e-02 3.921030e-02 4.995374e-02 4.757460e-02 8.493335e-02 5.223063e-02 5.040981e-02 4.291570e-02 4.235057e-02 5.347875e-02 4.174611e-02 4.276240e-02 4.506874e-02 4.636578e-02 4.669156e-02 4.781553e-02 4.973403e-02 6.762508e-02 6.381558e-02 6.869047e-02 0.000000e+00 1.863562e-02 6.682075e-02 6.551775e-02 6.672748e-02 6.641018e-02 6.376320e-02 5.630780e-02 3.304625e-02 0.000000e+00 4.597445e-02 5.486836e-02 4.578425e-02 4.849058e-02 4.977637e-02 4.984238e-02 4.908115e-02 4.866465e-02 4.842421e-02 4.836834e-02 4.818752e-02 4.756856e-02 6.080170e-02 5.950904e-02 5.885671e-02 5.917973e-02 5.950847e-02
5.121444e-02 4.820712e-02 3.683224e-02 4.420258e-02 4.702303e-02 4.767844e-02 4.784739e-02 3.838181e-02 8.551616e-02 5.013051e-02 4.097580e-02 4.217266e-02 5.050312e-02 5.271359e-02 4.177315e-02 4.951977e-02 5.317112e-02 5.629639e-02 5.803206e-02 5.849098e-02 5.944832e-02 6.124849e-02 4.911414e-02 5.194951e-02 7.974597e-02 0.000000e+00 6.358692e-02 6.623024e-02 6.649129e-02 6.889379e-02 6.933233e-02 6.725840e-02 6.133018e-02 5.025890e-02 0.000000e+00 0.000000e+00 5.251580e-02 4.415811e-02 4.711871e-02 4.903083e-02 4.959206e-02 4.906410e-02 4.877727e-02 4.874453e-02 4.903926e-02 4.918737e-02 4.867791e-02 6.303449e-02 6.228207e-02 6.141815e-02 6.053292e-02 5.957732e-02
5.268138e-02 6.881749e-02 6.323313e-02 5.862312e-02 5.416239e-02 4.953551e-02 4.754542e-02 8.636911e-02 4.804069e-02 3.973949e-02 4.808960e-02 5.175767e-02 5.322965e-02 5.332065e-02 5.347158e-02 5.396271e-02 5.521156e-02 5.730473e-02 5.858783e-02 5.885255e-02 5.897095e-02 5.908553e-02 6.111494e-02 6.522357e-02 6.716574e-02 0.000000e+00 5.937911e-02 5.212400e-02 6.342232e-02 6.926701e-02 7.135120e-02 7.069632e-02 6.599407e-02 7.211844e-02 4.682824e-02 0.000000e+00 4.729634e-02 4.306849e-02 4.598982e-02 4.816875e-02 4.908270e-02 4.892592e-02 4.885459e-02 4.887528e-02 5.947304e-02 6.009115e-02 4.961841e-02 6.495633e-02 6.439842e-02 6.347195e-02 6.209852e-02 6.045961e-02
7.638660e-02 5.347748e-02 6.393402e-02 6.275769e-02 7.009593e-02 8.154426e-02 8.520523e-02 4.786068e-02 4.855991e-02 5.059666e-02 5.184939e-02 5.212582e-02 5.239707e-02 5.262077e-02 5.316978e-02 5.413330e-02 6.769476e-02 6.459303e-02 6.197756e-02 6.145558e-02 6.038623e-02 5.808456e-02 5.818410e-02 6.128770e-02 6.374354e-02 0.000000e+00 5.147373e-02 6.425579e-02 7.051352e-02 7.333441e-02 7.459812e-02 7.366987e-02 6.932632e-02 6.103274e-02 6.261494e-02 0.000000e+00 0.000000e+00 4.091661e-02 4.535115e-02 4.748355e-02 4.852228e-02 4.867235e-02 4.888945e-02 4.891028e-02 6.327325e-02 6.428832e-02 5.031678e-02 6.672141e-02 6.587427e-02 6.491266e-02 6.393497e-02 6.241404e-02
5.555589e-02 5.527764e-02 4.158669e-02 5.092530e-02 5.428812e-02 4.946504e-02 4.943021e-02 4.897746e-02 4.998353e-02 5.243598e-02 5.334515e-02 5.224646e-02 5.157898e-02 5.163876e-02 5.216409e-02 5.312027e-02 4.340323e-02 5.448594e-02 5.992964e-02 6.261005e-02 6.182958e-02 5.734379e-02 5.581136e-02 5.838493e-02 4.760949e-02 0.000000e+00 6.206778e-02 7.114748e-02 7.505769e-02 7.727113e-02 7.730804e-02 7.540073e-02 7.142153e-02 6.537676e-02 5.538636e-02 5.622650e-02 0.000000e+00 4.902305e-02 4.535318e-02 4.686926e-02 4.764093e-02 4.782407e-02 4.836205e-02 5.890199e-02 6.481810e-02 6.597342e-02 6.135206e-02 6.810128e-02 6.735796e-02 6.633101e-02 6.548130e-02 6.442588e-02
5.596192e-02 5.653771e-02 5.495901e-02 6.006867e-02 4.947552e-02 4.971770e-02 5.006548e-02 5.013142e-02 5.162169e-02 6.614711e-02 6.150539e-02 5.565857e-02 5.258520e-02 5.131125e-02 5.117058e-02 5.193458e-02 5.424296e-02 5.798243e-02 6.121664e-02 6.375713e-02 6.267052e-02 5.704148e-02 6.890906e-02 7.279793e-02 7.056006e-02 0.000000e+00 6.483305e-02 7.272997e-02 7.646387e-02 7.910135e-02 7.932941e-02 7.616677e-02 7.293229e-02 6.974322e-02 6.196685e-02 7.172426e-02 0.000000e+00 0.000000e+00 4.537386e-02 4.654763e-02 4.650460e-02 4.632773e-02 5.686340e-02 6.221432e-02 6.557424e-02 6.693138e-02 6.587879e-02 6.896932e-02 6.884319e-02 6.785958e-02 6.669113e-02 6.624088e-02
5.666366e-02 5.775130e-02 6.960051e-02 5.225270e-02 4.996202e-02 5.026709e-02 5.081263e-02 5.111041e-02 5.272811e-02 5.596810e-02 5.720835e-02 5.616252e-02 5.429497e-02 5.201275e-02 5.122167e-02 5.208880e-02 5.419357e-02 5.742195e-02 6.042676e-02 6.304847e-02 6.196095e-02 5.595091e-02 4.188998e-02 4.569483e-02 5.816817e-02 0.000000e+00 6.477073e-02 7.359259e-02 7.763874e-02 8.022335e-02 8.027337e-02 7.744651e-02 7.420750e-02 7.335238e-02 8.567199e-02 8.560378e-02 4.452153e-02 0.000000e+00 4.716607e-02 4.657153e-02 4.686586e-02 4.660112e-02 6.076758e-02 6.413381e-02 6.653686e-02 6.781300e-02 6.782806e-02 6.928930e-02 6.959401e-02 6.903745e-02 6.796533e-02 6.763129e-02
5.782258e-02 5.873985e-02 5.741662e-02 5.331438e-02 5.106650e-02 5.142776e-02 5.193095e-02 5.235002e-02 5.366450e-02 4.368043e-02 7.175004e-02 8.115386e-02 7.458537e-02 8.860722e-02 9.263990e-02 9.036289e-02 8.831766e-02 8.674026e-02 8.473223e-02 8.225282e-02 7.659442e-02 6.737013e-02 6.299192e-02 6.288764e-02 0.000000e+00 0.000000e+00 5.454777e-02 6.803444e-02 7.478242e-02 7.838830e-02 7.911967e-02 7.752611e-02 7.638999e-02 7.586361e-02 7.178086e-02 7.670825e-02 8.467605e-02 0.000000e+00 4.901538e-02 4.819792e-02 4.854909e-02 5.848982e-02 6.466328e-02 6.667997e-02 6.816144e-02 6.887689e-02 6.874142e-02 6.913962e-02 6.953700e-02 6.969982e-02 6.930339e-02 6.866817e-02
5.927903e-02 5.935985e-02 5.784802e-02 5.430257e-02 5.291924e-02 5.291110e-02 5.336131e-02 5.422469e-02 5.515641e-02 6.881297e-02 5.780461e-02 5.905902e-02 7.186884e-02 5.592889e-02 5.498862e-02 6.907470e-02 6.510368e-02 6.161764e-02 6.133038e-02 6.279399e-02 6.230901e-02 5.890398e-02 5.894212e-02 6.330368e-02 0.000000e+00 1.924234e-02 5.877986e-02 6.946789e-02 7.445491e-02 7.632393e-02 7.692846e-02 7.710321e-02 7.718572e-02 7.730705e-02 7.324417e-02 8.330978e-02 9.533055e-02 0.000000e+00 0.000000e+00 5.150349e-02 6.101079e-02 6.554173e-02 6.794523e-02 6.881400e-02 6.942294e-02 6.971012e-02 6.942223e-02 6.911302e-02 6.905630e-02 6.926107e-02 6.919427e-02 6.831958e-02
6.083377e-02 5.901456e-02 5.651456e-02 5.635059e-02 5.499352e-02 5.436330e-02 5.476056e-02 5.590359e-02 5.667037e-02 5.691620e-02 5.783348e-02 5.941261e-02 5.947788e-02 5.752381e-02 5.689775e-02 5.828831e-02 7.329626e-02 8.481282e-02 9.453497e-02 9.098587e-02 8.632600e-02 8.038167e-02 7.637833e-02 7.418243e-02 0.000000e+00 1.941600e-02 5.868242e-02 6.835574e-02 7.224704e-02 7.318042e-02 7.441445e-02 7.666772e-02 7.794463e-02 7.816811e-02 7.577849e-02 7.092049e-02 8.955416e-02 9.469635e-02 0.000000e+00 6.787876e-02 7.127006e-02 7.090067e-02 7.086176e-02 7.051629e-02 7.016439e-02 7.017196e-02 7.007432e-02 6.936502e-02 6.831368e-02 6.768154e-02 6.737293e-02 6.635976e-02
5.997537e-02 5.333846e-02 5.626364e-02 5.640436e-02 5.537351e-02 5.508720e-02 5.519211e-02 5.635372e-02 5.713655e-02 5.724681e-02 5.784932e-02 5.925672e-02 5.960852e-02 5.855859e-02 5.830773e-02 5.945680e-02 6.088260e-02 6.237631e-02 6.385949e-02 8.043497e-02 7.537376e-02 7.058208e-02 6.776677e-02 6.861154e-02 0.000000e+00 1.951277e-02 5.834167e-02 6.710492e-02 7.042469e-02 7.127837e-02 8.959757e-02 8.610390e-02 8.459159e-02 8.459432e-02 8.491267e-02 8.514744e-02 8.928838e-02 9.704077e-02 0.000000e+00 0.000000e+00 7.493151e-02 7.293840e-02 7.237457e-02 7.128798e-02 7.041611e-02 7.011329e-02 6.997361e-02 6.921508e-02 6.776846e-02 6.667856e-02 6.632433e-02 6.528940e-02
4.678236e-02 5.457490e-02 5.381503e-02 5.351516e-02 5.514927e-02 5.456252e-02 5.467473e-02 5.553600e-02 5.643670e-02 5.702519e-02 5.790263e-02 5.855498e-02 5.911310e-02 5.913161e-02 5.920329e-02 5.997797e-02 6.125326e-02 6.287233e-02 6.460960e-02 6.632574e-02 8.330760e-02 8.613215e-02 8.870978e-02 9.127602e-02 0.000000e+00 5.605632e-02 6.750786e-02 8.566769e-02 9.076441e-02 9.109686e-02 7.237786e-02 8.598387e-02 8.407496e-02 7.662626e-02 7.787732e-02 8.122342e-02 8.461411e-02 9.107700e-02 9.892784e-02 0.000000e+00 0.000000e+00 7.282441e-02 7.143825e-02 7.099264e-02 7.011406e-02 6.956412e-02 6.906816e-02 6.844890e-02 6.733298e-02 6.648117e-02 6.648058e-02 6.568993e-02
5.497965e-02 5.343174e-02 4.712229e-02 5.277018e-02 5.311461e-02 5.333803e-02 5.334712e-02 5.355287e-02 5.446491e-02 5.701590e-02 5.744336e-02 5.768528e-02 5.871311e-02 5.951939e-02 6.010202e-02 6.073006e-02 6.175236e-02 6.325324e-02 6.499553e-02 6.677150e-02 5.071476e-02 5.077053e-02 6.874647e-02 5.352946e-02 0.000000e+00 5.591776e-02 6.756821e-02 7.463209e-02 7.302537e-02 6.915550e-02 6.541950e-02 6.759486e-02 6.943130e-02 7.063258e-02 7.241916e-02 7.488433e-02 7.435952e-02 7.571705e-02 6.525315e-02 1.025200e-01 0.000000e+00 0.000000e+00 6.770338e-02 6.878528e-02 6.889445e-02 6.886241e-02 6.845969e-02 6.811960e-02 6.734737e-02 6.627174e-02 6.567138e-02 6.491480e-02
5.720436e-02 3.950443e-02 4.819665e-02 4.729074e-02 4.928195e-02 5.003953e-02 5.002604e-02 4.951526e-02 5.395267e-02 5.488727e-02 5.607763e-02 5.735405e-02 5.779592e-02 5.923744e-02 6.073539e-02 6.143493e-02 6.251920e-02 6.395045e-02 6.506158e-02 5.040830e-02 6.129821e-02 6.484998e-02 5.092626e-02 6.437790e-02 0.000000e+00 6.804397e-02 7.431212e-02 7.355563e-02 6.364319e-02 5.249853e-02 5.306053e-02 5.411901e-02 5.533555e-02 5.651181e-02 5.810134e-02 6.017221e-02 7.975107e-02 8.110753e-02 8.593093e-02 7.550910e-02 1.068059e-01 0.000000e+00 5.749671e-02 6.132401e-02 6.643167e-02 6.790153e-02 6.820523e-02 6.830811e-02 6.795792e-02 6.618993e-02 6.409789e-02 4.801035e-02
5.526916e-02 4.976199e-02 3.694328e-02 3.887992e-02 4.039997e-02 4.136521e-02 4.129881e-02 5.107169e-02 4.816204e-02 5.031124e-02 5.512310e-02 5.447392e-02 5.529810e-02 5.801351e-02 5.941138e-02 6.073575e-02 6.228125e-02 6.301389e-02 5.005580e-02 6.144853e-02 6.577174e-02 6.626568e-02 6.752295e-02 7.063312e-02 0.000000e+00 6.768125e-02 7.333323e-02 5.254124e-02 5.200141e-02 6.333880e-02 6.826597e-02 7.072759e-02 7.285688e-02 7.529367e-02 7.807292e-02 8.131990e-02 6.002926e-02 6.060451e-02 7.226328e-02 6.911132e-02 5.577242e-02 0.000000e+00 0.000000e+00 5.589860e-02 6.373031e-02 6.640173e-02 6.713524e-02 6.712394e-02 6.689586e-02 6.471485e-02 4.713661e-02 6.650020e-02
5.265392e-02 4.892395e-02 4.667647e-02 4.731905e-02 4.861469e-02 5.015006e-02 5.040065e-02 3.877954e-02 3.899693e-02 5.067239e-02 4.880032e-02 4.918083e-02 5.340312e-02 5.427913e-02 5.643201e-02 5.858395e-02 5.752793e-02 4.952546e-02 6.106136e-02 6.609558e-02 6.777577e-02 6.727033e-02 6.765574e-02 6.970583e-02 0.000000e+00 6.656184e-02 7.252238e-02 7.313524e-02 7.215269e-02 7.136084e-02 7.082294e-02 7.042182e-02 7.102402e-02 7.274685e-02 7.521899e-02 7.825649e-02 8.095306e-02 8.134438e-02 8.206603e-02 8.606816e-02 8.996942e-02 8.306700e-02 0.000000e+00 0.000000e+00 5.871484e-02 6.442898e-02 4.852306e-02 6.435619e-02 6.389708e-02 4.683849e-02 6.380890e-02 6.813702e-02
4.913080e-02 4.783515e-02 4.704379e-02 4.709714e-02 4.756639e-02 4.836815e-02 4.830683e-02 4.707191e-02 4.686641e-02 3.861109e-02 3.934198e-02 4.927171e-02 4.738224e-02 4.893476e-02 5.137220e-02 4.593670e-02 4.788691e-02 5.981948e-02 6.539707e-02 6.775545e-02 6.845062e-02 6.797491e-02 6.797073e-02 6.888021e-02 0.000000e+00 6.594228e-02 7.269917e-02 7.461838e-02 7.422942e-02 7.295808e-02 7.170274e-02 7.044652e-02 6.997747e-02 7.047063e-02 7.225707e-02 7.527664e-02 7.795891e-02 8.018258e-02 5.845422e-02 5.800743e-02 6.764601e-02 6.229823e-02 8.827934e-02 0.000000e+00 5.567713e-02 5.913078e-02 4.779572e-02 4.691079e-02 4.649862e-02 4.768748e-02 6.632988e-02 6.762565e-02
4.487722e-02 4.618976e-02 4.714641e-02 4.763949e-02 4.778672e-02 4.753639e-02 4.697030e-02 4.613811e-02 4.563291e-02 4.561074e-02 4.603013e-02 3.762760e-02 3.855356e-02 3.973522e-02 4.197018e-02 5.344857e-02 6.006788e-02 6.452715e-02 6.700407e-02 6.785157e-02 6.793708e-02 6.747237e-02 8.389351e-02 8.678552e-02 0.000000e+00 6.865627e-02 7.453549e-02 7.691944e-02 7.677432e-02 7.513162e-02 7.329105e-02 7.129743e-02 6.986455e-02 6.912954e-02 6.977300e-02 7.199158e-02 7.456698e-02 7.709835e-02 7.929370e-02 8.107461e-02 8.015038e-02 7.454289e-02 6.639069e-02 0.000000e+00 0.000000e+00 5.473027e-02 4.733569e-02 4.728005e-02 4.703540e-02 6.656556e-02 6.880606e-02 6.828181e-02
3.497910e-02 4.294914e-02 4.677400e-02 4.865752e-02 4.902947e-02 4.787744e-02 4.688920e-02 4.658224e-02 4.571965e-02 4.383096e-02 4.307025e-02 4.408721e-02 4.605781e-02 4.863214e-02 5.219214e-02 5.662722e-02 6.071351e-02 6.437349e-02 6.640250e-02 6.672943e-02 6.629799e-02 6.533708e-02 4.950987e-02 0.000000e+00 0.000000e+00 6.132413e-02 7.154928e-02 7.657305e-02 7.797988e-02 7.703628e-02 7.523991e-02 7.278186e-02 7.059542e-02 6.884156e-02 6.805644e-02 6.850219e-02 7.061632e-02 7.406934e-02 7.710396e-02 7.959565e-02 8.056928e-02 7.948157e-02 7.440841e-02 6.585918e-02 0.000000e+00 0.000000e+00 5.262225e-02 4.824411e-02 4.942509e-02 5.102871e-02 5.236965e-02 6.431526e-02
-9.999000e+03 -9.999000e+03 -9.999000e+03 -9.999000e+03 -9.999000e+03 -9.999000e+03 -9.999000e+03 3.823637e-02 3.739791e-02 3.504215e-02 3.399350e-02 3.492975e-02 4.300485e-02 4.855751e-02 5.286408e-02 5.644017e-02 5.988972e-02 6.343150e-02 6.523315e-02 6.511755e-02 6.431391e-02 6.295982e-02 6.395389e-02 0.000000e+00 1.932244e-02 5.625219e-02 6.676496e-02 7.398680e-02 7.758375e-02 7.831446e-02 7.724763e-02 7.465945e-02 7.185815e-02 6.905695e-02 6.689866e-02 6.566834e-02 6.694928e-02 7.075717e-02 7.452794e-02 7.778645e-02 7.993483e-02 8.091995e-02 7.907344e-02 7.239984e-02 6.115603e-02 0.000000e+00 0.000000e+00 4.834460e-02 5.205644e-02 5.310882e-02 5.362737e-02 5.352533e-02
-9.999000e+03 -9.999000e+03 -9.999000e+03 -9.999000e+03 -9.999000e+03 -9.999000e+03 -9.999000e+03 -9.999000e+03 -9.999000e+03 -9.999000e+03 4.056113e-02 4.107911e-02 3.756269e-02 4.107274e-02 5.120877e-02 5.544815e-02 5.860123e-02 6.213548e-02 6.373865e-02 6.317938e-02 6.230189e-02 6.131895e-02 6.284143e-02 0.000000e+00 1.926310e-02 5.560839e-02 6.584263e-02 7.334146e-02 7.765672e-02 7.955739e-02 7.921452e-02 7.669213e-02 7.346170e-02 6.975193e-02 6.671298e-02 6.470125e-02 6.493346e-02 6.752730e-02 7.115980e-02 7.544172e-02 7.861671e-02 8.055115e-02 8.020456e-02 7.705842e-02 6.832172e-02 5.616584e-02 0.000000e+00 0.000000e+00 5.332462e-02 5.470787e-02 -9.999000e+03 -9.999000e+03
