tests/data/reference/test_implicit_stream_rill_mfda/mvel_m_s.asc
ncols	123
nrows	77
xllcorner	-713746.79929998
yllcorner	-1061022.36961616
cellsize	10.0
NODATA_value	-9999
[rows 23 to 45 of 77, columns 52 to 103 of 123]
6.366705e-02 7.256545e-02 7.295732e-02 7.241873e-02 7.202947e-02 7.188175e-02 7.137249e-02 7.032155e-02 6.957169e-02 6.941745e-02 6.898630e-02 6.838274e-02 6.772295e-02 6.642906e-02 6.385383e-02 6.048343e-02 9.344610e-02 5.445582e-02 5.510496e-02 5.622669e-02 5.710207e-02 5.777114e-02 5.714530e-02 5.684508e-02 4.293017e-02 4.970267e-02 9.700075e-02 6.101197e-02 7.420725e-02 5.178264e-02 5.426033e-02 5.127012e-02 4.055750e-02 3.638491e-02 -9.999000e+03 -9.999000e+03 -9.999000e+03 -9.999000e+03 -9.999000e+03 -9.999000e+03 -9.999000e+03 -9.999000e+03 -9.999000e+03 -9.999000e+03 -9.999000e+03 -9.999000e+03 -9.999000e+03 -9.999000e+03 -9.999000e+03 -9.999000e+03 -9.999000e+03 -9.999000e+03
6.484138e-02 7.045833e-02 7.336098e-02 7.266211e-02 7.211419e-02 7.173772e-02 7.109044e-02 7.008175e-02 6.948518e-02 6.939630e-02 6.912555e-02 6.874991e-02 6.788211e-02 6.598735e-02 6.335422e-02 6.035905e-02 1.005186e-01 5.531731e-02 5.674060e-02 5.867656e-02 6.029623e-02 6.143824e-02 6.141144e-02 6.089522e-02 5.459318e-02 5.524011e-02 4.089994e-02 9.139190e-02 5.468291e-02 6.835009e-02 6.426963e-02 5.420222e-02 5.032020e-02 4.652538e-02 3.505283e-02 -9.999000e+03 -9.999000e+03 -9.999000e+03 -9.999000e+03 -9.999000e+03 -9.999000e+03 -9.999000e+03 -9.999000e+03 -9.999000e+03 -9.999000e+03 -9.999000e+03 -9.999000e+03 -9.999000e+03 -9.999000e+03 -9.999000e+03 -9.999000e+03 -9.999000e+03
7.406532e-02 7.104913e-02 7.290446e-02 7.321124e-02 7.199853e-02 7.086801e-02 6.991503e-02 6.941463e-02 6.954914e-02 6.986962e-02 6.975960e-02 6.910517e-02 6.748780e-02 6.510438e-02 6.300713e-02 6.137929e-02 1.090791e-01 5.830505e-02 5.931330e-02 6.098324e-02 6.269011e-02 6.392499e-02 6.405310e-02 6.346448e-02 6.049435e-02 5.993059e-02 5.337602e-02 9.687204e-02 4.198713e-02 5.368378e-02 8.224657e-02 5.123488e-02 5.317868e-02 5.393347e-02 4.934388e-02 3.920806e-02 3.592824e-02 3.562533e-02 -9.999000e+03 -9.999000e+03 -9.999000e+03 -9.999000e+03 -9.999000e+03 -9.999000e+03 -9.999000e+03 -9.999000e+03 -9.999000e+03 -9.999000e+03 -9.999000e+03 -9.999000e+03 -9.999000e+03 -9.999000e+03
6.647294e-02 7.502164e-02 7.305243e-02 7.254022e-02 7.131494e-02 6.994830e-02 6.922652e-02 6.948503e-02 7.003636e-02 7.032629e-02 7.004233e-02 6.895246e-02 6.718747e-02 6.523331e-02 6.363810e-02 6.239453e-02 1.077087e-01 5.960598e-02 6.034462e-02 6.182475e-02 6.335403e-02 6.446416e-02 6.467497e-02 6.438872e-02 6.332494e-02 6.312375e-02 6.061060e-02 9.942474e-02 5.434621e-02 5.506246e-02 7.988636e-02 5.109145e-02 5.378944e-02 5.628074e-02 5.530659e-02 5.014922e-02 4.575298e-02 3.690739e-02 4.306044e-02 3.525177e-02 -9.999000e+03 -9.999000e+03 -9.999000e+03 -9.999000e+03 -9.999000e+03 -9.999000e+03 -9.999000e+03 -9.999000e+03 -9.999000e+03 -9.999000e+03 -9.999000e+03 -9.999000e+03
7.263640e-02 5.362119e-02 7.373960e-02 7.134060e-02 7.007713e-02 6.950857e-02 6.955007e-02 7.017459e-02 7.054208e-02 7.043871e-02 6.991695e-02 6.885070e-02 6.763572e-02 6.643609e-02 6.492180e-02 6.287534e-02 1.088014e-01 5.879596e-02 5.955362e-02 6.095659e-02 6.205714e-02 6.289049e-02 6.325298e-02 6.360756e-02 6.407170e-02 6.482671e-02 6.451569e-02 9.940492e-02 6.136738e-02 6.036980e-02 8.197190e-02 5.505798e-02 5.402809e-02 5.416361e-02 5.430918e-02 5.262893e-02 3.980402e-02 3.791005e-02 4.361565e-02 4.464427e-02 4.136710e-02 1.356060e-01 -9.999000e+03 -9.999000e+03 -9.999000e+03 -9.999000e+03 -9.999000e+03 -9.999000e+03 -9.999000e+03 -9.999000e+03 -9.999000e+03 -9.999000e+03
7.495376e-02 6.535725e-02 7.262956e-02 7.045615e-02 4.992157e-02 6.944377e-02 6.980047e-02 7.052127e-02 7.092642e-02 7.079354e-02 7.021740e-02 6.918612e-02 6.806276e-02 6.679326e-02 6.488104e-02 6.230348e-02 1.098670e-01 5.883038e-02 6.000360e-02 6.149064e-02 6.243647e-02 6.304209e-02 6.325489e-02 6.364769e-02 6.462791e-02 6.601451e-02 6.684468e-02 9.797429e-02 6.518124e-02 6.389098e-02 8.076241e-02 5.814549e-02 5.502471e-02 5.327680e-02 5.290163e-02 5.259974e-02 4.765822e-02 4.592434e-02 3.777808e-02 4.623071e-02 0.000000e+00 1.853227e-01 1.160675e-01 1.016983e-01 -9.999000e+03 -9.999000e+03 -9.999000e+03 -9.999000e+03 -9.999000e+03 -9.999000e+03 -9.999000e+03 -9.999000e+03
7.481963e-02 6.948249e-02 7.145183e-02 7.009628e-02 5.029260e-02 6.135872e-02 6.959291e-02 7.059211e-02 7.150814e-02 7.159838e-02 7.099225e-02 6.972766e-02 6.803889e-02 6.580122e-02 6.314384e-02 6.086191e-02 6.009155e-02 1.079766e-01 6.213407e-02 6.390276e-02 6.502520e-02 6.541686e-02 6.511801e-02 6.487682e-02 6.541572e-02 6.687183e-02 6.811162e-02 9.533276e-02 6.667794e-02 6.529451e-02 7.725563e-02 6.032573e-02 5.731423e-02 5.483812e-02 5.289009e-02 5.173985e-02 4.961736e-02 4.896422e-02 4.602740e-02 0.000000e+00 0.000000e+00 6.277764e-02 4.389578e-02 2.533299e-02 8.963356e-02 -9.999000e+03 -9.999000e+03 -9.999000e+03 -9.999000e+03 -9.999000e+03 -9.999000e+03 -9.999000e+03
7.246683e-02 6.946027e-02 6.986673e-02 6.957688e-02 6.166090e-02 5.042485e-02 6.658416e-02 7.097800e-02 7.170487e-02 7.133921e-02 7.031673e-02 6.863678e-02 6.652463e-02 6.400574e-02 6.190089e-02 6.111268e-02 6.175018e-02 6.332803e-02 1.013484e-01 6.663436e-02 6.735098e-02 6.719605e-02 6.642849e-02 6.587540e-02 6.622799e-02 6.766034e-02 6.872736e-02 9.197433e-02 6.751818e-02 6.660427e-02 7.403347e-02 6.286921e-02 6.015890e-02 5.755389e-02 4.205009e-02 4.053902e-02 5.154658e-02 5.157705e-02 0.000000e+00 0.000000e+00 4.233333e-02 5.503808e-02 4.091531e-02 3.286920e-02 2.656646e-02 8.567388e-02 -9.999000e+03 -9.999000e+03 -9.999000e+03 -9.999000e+03 -9.999000e+03 -9.999000e+03
6.794166e-02 6.683251e-02 6.782690e-02 6.876001e-02 6.637260e-02 6.214109e-02 5.132388e-02 7.019951e-02 7.088365e-02 6.941729e-02 6.764027e-02 6.545672e-02 6.342650e-02 6.205283e-02 6.208370e-02 6.332569e-02 6.499956e-02 6.688587e-02 9.726144e-02 6.932075e-02 6.905498e-02 6.809111e-02 6.697816e-02 6.652903e-02 6.708414e-02 6.834332e-02 6.874159e-02 8.800762e-02 6.798883e-02 6.795526e-02 7.100971e-02 6.579066e-02 6.338135e-02 4.629015e-02 4.429415e-02 4.255796e-02 5.501170e-02 0.000000e+00 0.000000e+00 4.536595e-02 4.643515e-02 5.142128e-02 3.761883e-02 3.328353e-02 3.271125e-02 2.901506e-02 2.701991e-02 -9.999000e+03 -9.999000e+03 -9.999000e+03 -9.999000e+03 -9.999000e+03
6.110333e-02 6.201895e-02 6.405590e-02 6.587208e-02 4.876357e-02 6.760374e-02 6.677905e-02 6.218859e-02 6.902464e-02 6.802191e-02 6.643531e-02 6.465359e-02 6.348287e-02 6.332907e-02 6.425935e-02 6.589836e-02 6.748696e-02 6.887664e-02 9.660065e-02 6.968423e-02 6.891639e-02 6.790328e-02 6.712710e-02 6.713938e-02 6.790106e-02 6.875990e-02 6.834348e-02 8.331758e-02 6.728002e-02 6.763826e-02 6.785780e-02 6.686199e-02 4.832026e-02 4.757245e-02 4.602467e-02 4.441641e-02 0.000000e+00 0.000000e+00 4.964198e-02 5.170715e-02 4.969823e-02 4.993380e-02 3.306164e-02 3.050847e-02 3.666730e-02 3.692469e-02 3.664106e-02 2.869006e-02 8.763873e-02 -9.999000e+03 -9.999000e+03 -9.999000e+03
5.212933e-02 5.526453e-02 5.784743e-02 6.020743e-02 6.261137e-02 5.754414e-02 6.628980e-02 6.657057e-02 6.498358e-02 6.807224e-02 6.786910e-02 6.740512e-02 6.729619e-02 6.742359e-02 6.773360e-02 6.829942e-02 6.871218e-02 6.878235e-02 6.811899e-02 1.009685e-01 6.675181e-02 6.659338e-02 6.692451e-02 6.774653e-02 6.864463e-02 6.888510e-02 6.755253e-02 7.789003e-02 6.530312e-02 6.541274e-02 6.593845e-02 4.817085e-02 4.776241e-02 4.756909e-02 0.000000e+00 0.000000e+00 0.000000e+00 4.627990e-02 5.647332e-02 5.513787e-02 5.280458e-02 3.994422e-02 3.803820e-02 4.106747e-02 4.067862e-02 3.851361e-02 3.686817e-02 3.050425e-02 2.881246e-02 1.061448e-01 -9.999000e+03 -9.999000e+03
1.088964e-01 1.047029e-01 4.922084e-02 5.232461e-02 5.920211e-02 6.227998e-02 6.198691e-02 6.651246e-02 6.774521e-02 6.805416e-02 6.983288e-02 7.035617e-02 7.081554e-02 7.094418e-02 7.074144e-02 7.029459e-02 6.942529e-02 6.817774e-02 6.645326e-02 9.452707e-02 6.385621e-02 6.406961e-02 6.523376e-02 6.671099e-02 6.762797e-02 6.725925e-02 6.529632e-02 7.153174e-02 6.308629e-02 6.324829e-02 6.421168e-02 4.786414e-02 4.781039e-02 0.000000e+00 0.000000e+00 5.799242e-02 4.782425e-02 5.613479e-02 5.960482e-02 5.773759e-02 4.293664e-02 4.192348e-02 4.062228e-02 4.713055e-02 4.449713e-02 4.166948e-02 3.274321e-02 3.294906e-02 3.309910e-02 4.726544e-02 2.798009e-02 1.076668e-01
6.885076e-02 6.536533e-02 1.001720e-01 5.131775e-02 5.427546e-02 5.898063e-02 6.264232e-02 6.420643e-02 6.723178e-02 6.880817e-02 6.978245e-02 7.127507e-02 7.204857e-02 7.218534e-02 7.165268e-02 7.009517e-02 6.756646e-02 6.468931e-02 6.159545e-02 5.856117e-02 9.745918e-02 5.640974e-02 5.822249e-02 6.032930e-02 6.437002e-02 6.341565e-02 6.123829e-02 6.399554e-02 6.062022e-02 6.143164e-02 6.301695e-02 4.801506e-02 0.000000e+00 0.000000e+00 5.504958e-02 6.257876e-02 5.722625e-02 6.048385e-02 6.152235e-02 4.548261e-02 4.438982e-02 4.309839e-02 4.174526e-02 3.997570e-02 4.806016e-02 4.647194e-02 3.724853e-02 4.320297e-02 4.248992e-02 4.823390e-02 3.292117e-02 4.707285e-02
4.316844e-02 5.248569e-02 5.546272e-02 9.802465e-02 9.723296e-02 9.433622e-02 9.299966e-02 6.346812e-02 6.412540e-02 6.521147e-02 6.600747e-02 6.684889e-02 6.722361e-02 6.678514e-02 8.219176e-02 6.388281e-02 6.152209e-02 5.930852e-02 5.698796e-02 5.471306e-02 4.095613e-02 9.811335e-02 7.088174e-02 5.800352e-02 5.758789e-02 5.561700e-02 5.764102e-02 5.751190e-02 5.909732e-02 6.071781e-02 6.269172e-02 0.000000e+00 0.000000e+00 4.799913e-02 6.207340e-02 6.387574e-02 6.111706e-02 6.232633e-02 6.253225e-02 4.630165e-02 4.542469e-02 4.406349e-02 4.272276e-02 4.116772e-02 5.046824e-02 4.902273e-02 4.574779e-02 4.776353e-02 4.709362e-02 4.891877e-02 4.263378e-02 4.891744e-02
5.915522e-02 6.245959e-02 6.229468e-02 5.788525e-02 5.690200e-02 6.029388e-02 6.154115e-02 9.501217e-02 9.621373e-02 9.736714e-02 9.814037e-02 9.851699e-02 9.956123e-02 1.012958e-01 1.030455e-01 1.043899e-01 1.039237e-01 5.020364e-02 5.144640e-02 5.232067e-02 5.381847e-02 5.145630e-02 9.569819e-02 5.726861e-02 5.444373e-02 5.160244e-02 5.083177e-02 5.621445e-02 5.896305e-02 6.136680e-02 0.000000e+00 0.000000e+00 4.913157e-02 4.844843e-02 6.485294e-02 6.465643e-02 6.288901e-02 6.297894e-02 6.282524e-02 4.657216e-02 4.598863e-02 4.476446e-02 4.355923e-02 4.213962e-02 4.045193e-02 3.881421e-02 4.738985e-02 4.800713e-02 4.844166e-02 4.998600e-02 4.849087e-02 5.046969e-02
5.839291e-02 6.375779e-02 6.420207e-02 9.539697e-02 9.605310e-02 9.413783e-02 9.361518e-02 9.440755e-02 9.524661e-02 9.615526e-02 9.690565e-02 9.739196e-02 9.812362e-02 9.934925e-02 1.009222e-01 1.028343e-01 1.043935e-01 1.045171e-01 1.040489e-01 4.703777e-02 4.958523e-02 5.353092e-02 9.754214e-02 5.362543e-02 5.080682e-02 4.880148e-02 4.897895e-02 5.199223e-02 5.947443e-02 0.000000e+00 0.000000e+00 4.905830e-02 4.940502e-02 4.872830e-02 6.597997e-02 6.533504e-02 6.402799e-02 6.380854e-02 4.721687e-02 4.723234e-02 4.677410e-02 4.557619e-02 4.432258e-02 4.303917e-02 4.155487e-02 3.979508e-02 3.825411e-02 4.802243e-02 4.857265e-02 5.000772e-02 5.038144e-02 5.084781e-02
6.629388e-02 9.927006e-02 9.922729e-02 6.664147e-02 6.810765e-02 7.110222e-02 7.287621e-02 7.332750e-02 7.332162e-02 7.290063e-02 7.216469e-02 6.857511e-02 6.683872e-02 6.452405e-02 6.188404e-02 5.930519e-02 7.211377e-02 7.986858e-02 7.277693e-02 1.054714e-01 1.050517e-01 1.011008e-01 1.012407e-01 1.038426e-01 4.668560e-02 4.732321e-02 4.873797e-02 5.292866e-02 0.000000e+00 0.000000e+00 4.855784e-02 6.015553e-02 4.955935e-02 4.884827e-02 6.651363e-02 6.600516e-02 6.508710e-02 6.502361e-02 4.817274e-02 4.824820e-02 4.785525e-02 4.665177e-02 4.511835e-02 4.373096e-02 4.274294e-02 4.153939e-02 3.980203e-02 4.888321e-02 4.833583e-02 4.856273e-02 4.871198e-02 4.909490e-02
1.044998e-01 6.437248e-02 6.639537e-02 6.793990e-02 7.026372e-02 7.323841e-02 7.523858e-02 7.623159e-02 7.685721e-02 7.703260e-02 7.671165e-02 7.597783e-02 7.491879e-02 7.355532e-02 7.191443e-02 6.752636e-02 6.535363e-02 7.801252e-02 7.500491e-02 8.003592e-02 8.639525e-02 3.363736e-02 8.132683e-02 1.095932e-01 1.111882e-01 4.222818e-02 4.697781e-02 4.146023e-02 0.000000e+00 5.183554e-02 5.814120e-02 6.474447e-02 4.995767e-02 6.021249e-02 6.713330e-02 6.654570e-02 6.589081e-02 6.609218e-02 4.892237e-02 4.898341e-02 4.854634e-02 4.746541e-02 4.587991e-02 4.418904e-02 4.334762e-02 4.275263e-02 4.137446e-02 3.972154e-02 4.951027e-02 4.884203e-02 4.837268e-02 4.849682e-02
6.122881e-02 6.338730e-02 6.509279e-02 6.604047e-02 6.758577e-02 7.019729e-02 7.236471e-02 7.384107e-02 7.522481e-02 7.622626e-02 7.654844e-02 7.650103e-02 7.644586e-02 7.634717e-02 7.593268e-02 7.525918e-02 9.290163e-02 7.334584e-02 6.826615e-02 6.327684e-02 6.055577e-02 0.000000e+00 0.000000e+00 0.000000e+00 1.149793e-01 1.133926e-01 4.386579e-02 0.000000e+00 0.000000e+00 5.298054e-02 5.677663e-02 6.587653e-02 5.047945e-02 6.619442e-02 6.806128e-02 6.693622e-02 6.641752e-02 4.909855e-02 4.952162e-02 4.962987e-02 4.900505e-02 4.788130e-02 4.641677e-02 4.456489e-02 4.355878e-02 4.334410e-02 4.270408e-02 4.159244e-02 5.214072e-02 5.111440e-02 5.020047e-02 4.957860e-02
6.045432e-02 6.232703e-02 6.343967e-02 6.377971e-02 6.461685e-02 6.662821e-02 6.850522e-02 6.989795e-02 7.161169e-02 7.342464e-02 7.456019e-02 7.512789e-02 7.577149e-02 7.654658e-02 7.699085e-02 8.999957e-02 7.732677e-02 7.739789e-02 7.636248e-02 7.388120e-02 6.915545e-02 6.854745e-02 6.598407e-02 0.000000e+00 0.000000e+00 0.000000e+00 3.597975e-02 0.000000e+00 3.810378e-02 4.768915e-02 5.312993e-02 6.040589e-02 6.001325e-02 6.747062e-02 6.813097e-02 6.739148e-02 6.717409e-02 4.951670e-02 4.990183e-02 5.024725e-02 4.973328e-02 4.844410e-02 4.688482e-02 4.494764e-02 4.376464e-02 4.350885e-02 4.320103e-02 5.092690e-02 5.411260e-02 5.298251e-02 5.185168e-02 5.121095e-02
5.900052e-02 6.006166e-02 6.080046e-02 6.100515e-02 6.147667e-02 6.281030e-02 6.399875e-02 6.475880e-02 6.631175e-02 6.881172e-02 7.082599e-02 7.207828e-02 7.331382e-02 7.461360e-02 9.017658e-02 7.639767e-02 7.739336e-02 7.852047e-02 7.896681e-02 7.855779e-02 7.757589e-02 7.505060e-02 7.184812e-02 6.661986e-02 6.242387e-02 0.000000e+00 0.000000e+00 0.000000e+00 3.611214e-02 2.584660e+19 5.800961e-02 5.424335e-02 5.968470e-02 6.433589e-02 6.665752e-02 6.775130e-02 6.825480e-02 5.010753e-02 5.022590e-02 5.063429e-02 5.042099e-02 4.921425e-02 4.747438e-02 4.532381e-02 4.394836e-02 4.344057e-02 4.308599e-02 5.439830e-02 5.517136e-02 5.421788e-02 5.303753e-02 5.307322e-02
5.719767e-02 5.772192e-02 5.843238e-02 5.900888e-02 5.947958e-02 6.027222e-02 6.086579e-02 6.083557e-02 6.183202e-02 6.410295e-02 6.629964e-02 6.814893e-02 6.959423e-02 9.388801e-02 7.244037e-02 7.335587e-02 7.462095e-02 7.650260e-02 7.805337e-02 7.828285e-02 7.855091e-02 7.849220e-02 7.512597e-02 6.992647e-02 6.718324e-02 2.794154e-02 0.000000e+00 0.000000e+00 0.000000e+00 0.000000e+00 5.909292e-02 4.717559e-02 5.379769e-02 6.252078e-02 6.565359e-02 6.752253e-02 6.863235e-02 5.058936e-02 5.083457e-02 5.107164e-02 5.095569e-02 5.007213e-02 4.849455e-02 4.635122e-02 4.485463e-02 4.406462e-02 4.348037e-02 5.599885e-02 5.591284e-02 5.554021e-02 5.502662e-02 5.571788e-02
5.471468e-02 5.502668e-02 5.607528e-02 5.747960e-02 5.829242e-02 5.875185e-02 5.857128e-02 5.835497e-02 5.846545e-02 5.957349e-02 6.178669e-02 6.348107e-02 9.835098e-02 6.649853e-02 6.743200e-02 6.776816e-02 6.945440e-02 7.269444e-02 7.358299e-02 7.443198e-02 7.550990e-02 7.685411e-02 7.603031e-02 7.039263e-02 6.768806e-02 0.000000e+00 0.000000e+00 5.811852e-02 5.918673e-02 0.000000e+00 0.000000e+00 0.000000e+00 5.373651e-02 6.109575e-02 6.605895e-02 6.683598e-02 6.812434e-02 5.077798e-02 5.146475e-02 5.158295e-02 5.143520e-02 5.084707e-02 4.969033e-02 4.791580e-02 4.646077e-02 4.540274e-02 4.445408e-02 5.718993e-02 5.643509e-02 5.679241e-02 5.782936e-02 5.919707e-02
