tests/data/reference/test_implicit_stream_rill_mfda/mvel_m_s.asc
ncols	123
nrows	77
xllcorner	-713746.79929998
yllcorner	-1061022.36961616
cellsize	10.0
NODATA_value	-9999
[rows 46 to 68 of 77, columns 0 to 51 of 123]
-9.999000e+03 -9.999000e+03 -9.999000e+03 -9.999000e+03 -9.999000e+03 -9.999000e+03 1.059365e-01 3.282212e-02 2.881286e-02 2.981020e-02 2.566686e-02 3.096666e-02 3.348291e-02 3.377092e-02 3.374579e-02 3.349703e-02 3.370130e-02 3.410700e-02 3.547478e-02 3.851992e-02 4.101261e-02 4.052490e-02 4.073879e-02 4.004955e-02 4.204972e-02 4.434644e-02 4.502765e-02 4.393869e-02 4.350297e-02 4.386908e-02 4.401479e-02 8.212885e-02 8.418769e-02 4.592511e-02 4.766793e-02 4.964518e-02 5.186201e-02 5.401168e-02 5.572644e-02 5.720845e-02 5.808952e-02 5.830215e-02 5.845920e-02 5.887586e-02 5.861511e-02 5.745574e-02 5.639667e-02 5.529696e-02 5.347360e-02 5.089103e-02 4.933303e-02 4.952918e-02
-9.999000e+03 -9.999000e+03 -9.999000e+03 -9.999000e+03 -9.999000e+03 -9.999000e+03 1.400074e-02 2.843563e-02 2.988909e-02 3.131005e-02 2.787684e-02 3.358314e-02 3.503709e-02 3.572162e-02 3.595222e-02 3.503018e-02 3.371207e-02 3.287014e-02 3.392350e-02 3.701131e-02 3.313568e-02 3.431419e-02 3.490914e-02 3.485921e-02 4.111576e-02 4.437622e-02 4.526897e-02 7.422076e-02 7.659941e-02 8.009826e-02 8.224491e-02 4.534912e-02 4.602943e-02 4.744365e-02 4.905301e-02 5.058542e-02 5.226797e-02 5.411614e-02 5.567104e-02 5.716063e-02 5.847398e-02 5.944803e-02 6.013415e-02 6.060214e-02 6.040609e-02 5.931374e-02 5.807717e-02 5.699299e-02 5.565953e-02 5.353346e-02 5.140620e-02 5.028313e-02
-9.999000e+03 -9.999000e+03 -9.999000e+03 -9.999000e+03 -9.999000e+03 9.472739e-02 2.683725e-02 3.380900e-02 2.670930e-02 2.719273e-02 3.116888e-02 3.294883e-02 3.464302e-02 3.603234e-02 3.607290e-02 3.579477e-02 3.454402e-02 3.326535e-02 3.403336e-02 3.687349e-02 4.584088e-02 5.267849e-02 5.860244e-02 6.451952e-02 6.780550e-02 7.153623e-02 7.465206e-02 4.543966e-02 4.542745e-02 4.633566e-02 4.663637e-02 4.642020e-02 4.708329e-02 4.821855e-02 4.933317e-02 5.036753e-02 5.171038e-02 5.360185e-02 5.524407e-02 5.661649e-02 5.797467e-02 5.923520e-02 6.026681e-02 6.102197e-02 6.121980e-02 6.063438e-02 5.950903e-02 5.815888e-02 5.700993e-02 5.563900e-02 5.373774e-02 5.189107e-02
-9.999000e+03 -9.999000e+03 -9.999000e+03 -9.999000e+03 1.330711e-01 9.919118e-03 3.035329e-02 3.467778e-02 2.522740e-02 2.419558e-02 2.817376e-02 3.017327e-02 3.348294e-02 3.334895e-02 3.499006e-02 3.565485e-02 3.530479e-02 3.412382e-02 3.487106e-02 3.756076e-02 3.996806e-02 4.193569e-02 4.416621e-02 4.591960e-02 4.696557e-02 4.716900e-02 4.734890e-02 4.730337e-02 4.716923e-02 4.738425e-02 4.748943e-02 4.718952e-02 4.719819e-02 4.757797e-02 4.818461e-02 4.893429e-02 5.020064e-02 5.233595e-02 5.431402e-02 5.579572e-02 5.699027e-02 5.804918e-02 5.912779e-02 6.014583e-02 6.085201e-02 6.103143e-02 6.040017e-02 5.897553e-02 5.782881e-02 5.717298e-02 5.570436e-02 5.363305e-02
-9.999000e+03 -9.999000e+03 -9.999000e+03 -9.999000e+03 1.054212e-01 2.896833e-02 2.969171e-02 2.922816e-02 2.560958e-02 2.233549e-02 2.638498e-02 3.244501e-02 2.648277e-02 3.206580e-02 3.433657e-02 3.563450e-02 3.563208e-02 3.437870e-02 3.510158e-02 3.785423e-02 4.067841e-02 4.369173e-02 4.522816e-02 4.800874e-02 4.921992e-02 4.929848e-02 4.963187e-02 5.004410e-02 4.987671e-02 4.953894e-02 4.953133e-02 4.937230e-02 4.906350e-02 4.881112e-02 4.878185e-02 4.902341e-02 4.976037e-02 5.137527e-02 5.329961e-02 5.504082e-02 5.610492e-02 5.666624e-02 5.748080e-02 5.853009e-02 5.955092e-02 6.033924e-02 6.030024e-02 5.925210e-02 5.840547e-02 5.787772e-02 5.694303e-02 5.482185e-02
-9.999000e+03 -9.999000e+03 -9.999000e+03 9.749620e-02 8.590598e-03 2.814662e-02 2.347924e-02 2.418530e-02 2.108564e-02 2.382517e-02 2.781871e-02 2.619750e-02 2.488583e-02 3.067384e-02 3.367726e-02 3.530791e-02 3.553006e-02 3.448117e-02 3.503139e-02 3.770875e-02 4.331304e-02 4.297709e-02 4.690966e-02 4.961680e-02 5.113600e-02 5.160613e-02 5.221362e-02 5.292938e-02 5.292323e-02 5.238956e-02 5.216737e-02 5.204421e-02 5.177857e-02 5.130779e-02 5.076461e-02 5.044013e-02 5.040137e-02 5.097436e-02 5.249376e-02 5.446893e-02 5.539861e-02 5.531560e-02 5.563558e-02 5.645247e-02 5.754360e-02 5.874886e-02 5.935268e-02 5.907150e-02 5.720297e-02 5.728239e-02 5.659570e-02 5.479490e-02
-9.999000e+03 -9.999000e+03 -9.999000e+03 8.880624e-02 2.424927e-02 2.315412e-02 2.004622e-02 1.776871e-02 1.965020e-02 2.041408e-02 2.351866e-02 2.357600e-02 2.265203e-02 2.873772e-02 3.239746e-02 3.414942e-02 3.471041e-02 3.414111e-02 3.403670e-02 4.286570e-02 3.342777e-02 4.144517e-02 4.540843e-02 4.830940e-02 5.047119e-02 5.167127e-02 5.257933e-02 5.343693e-02 5.355946e-02 5.293058e-02 5.244807e-02 5.223475e-02 5.220778e-02 5.216644e-02 5.197477e-02 5.185206e-02 5.159425e-02 5.131959e-02 5.227237e-02 5.433378e-02 5.529111e-02 5.489489e-02 5.474344e-02 5.501840e-02 5.574870e-02 5.690726e-02 5.790061e-02 5.400289e-02 5.401861e-02 5.381351e-02 5.320232e-02 8.249545e-02
-9.999000e+03 -9.999000e+03 7.292560e-02 5.080758e-03 2.140246e-02 2.096342e-02 1.542255e-02 1.385516e-02 1.511232e-02 1.312367e-02 1.752617e-02 1.940616e-02 1.926701e-02 2.617422e-02 3.032118e-02 3.207976e-02 3.323951e-02 3.333326e-02 3.615519e-02 3.144847e-02 2.913797e-02 3.625584e-02 4.048059e-02 4.395505e-02 4.723112e-02 4.942359e-02 5.075075e-02 5.177523e-02 5.203422e-02 5.136850e-02 5.061503e-02 5.025855e-02 5.064234e-02 5.149901e-02 5.218628e-02 5.278514e-02 5.286216e-02 5.227611e-02 5.255594e-02 5.428550e-02 5.542991e-02 5.530708e-02 5.489158e-02 5.450143e-02 5.464379e-02 5.548683e-02 4.387145e-02 4.463866e-02 4.475508e-02 4.428518e-02 8.731869e-02 5.609452e-02
-9.999000e+03 -9.999000e+03 7.574732e-03 1.993618e-02 1.981445e-02 1.572793e-02 1.232524e-02 1.553727e-02 1.548248e-02 7.346905e-03 1.376688e-02 1.614108e-02 1.628699e-02 2.351090e-02 2.702508e-02 2.820592e-02 2.956589e-02 3.052348e-02 2.880016e-02 2.761481e-02 2.375786e-02 2.966767e-02 3.405183e-02 3.798227e-02 4.169379e-02 4.495897e-02 4.732350e-02 4.888336e-02 4.961550e-02 4.935157e-02 4.863188e-02 4.802168e-02 4.859356e-02 4.985327e-02 5.105942e-02 5.207453e-02 5.252596e-02 5.224664e-02 5.247004e-02 5.374257e-02 5.485588e-02 5.521937e-02 5.506300e-02 5.464785e-02 5.476574e-02 5.565755e-02 5.653067e-02 5.747523e-02 8.644434e-02 9.157436e-02 5.631907e-02 5.622102e-02
-9.999000e+03 6.207858e-02 1.192705e-02 2.290903e-02 1.853352e-02 9.754458e-03 1.650717e-02 1.643156e-02 -9.999000e+03 -9.999000e+03 -9.999000e+03 1.354468e-02 1.495004e-02 1.977703e-02 2.189509e-02 2.201544e-02 2.301075e-02 2.473679e-02 2.294461e-02 1.674157e-02 1.531625e-02 2.063278e-02 2.663874e-02 2.996640e-02 3.371864e-02 3.845762e-02 4.201479e-02 4.455231e-02 4.605155e-02 4.648495e-02 4.609975e-02 4.579265e-02 4.601082e-02 4.753894e-02 4.894915e-02 5.018679e-02 5.087416e-02 5.100488e-02 5.173565e-02 5.305545e-02 5.407533e-02 5.464205e-02 5.488363e-02 5.475753e-02 5.521141e-02 5.643140e-02 6.982965e-02 7.929131e-02 5.773031e-02 5.673536e-02 5.659564e-02 5.716078e-02
-9.999000e+03 9.892108e-02 1.929253e-02 1.841935e-02 1.471819e-02 1.516752e-02 -9.999000e+03 -9.999000e+03 -9.999000e+03 -9.999000e+03 -9.999000e+03 -9.999000e+03 1.612083e-02 1.881580e-02 2.209814e-02 2.334042e-02 2.201016e-02 2.616279e-02 2.492295e-02 1.744133e-02 1.324817e-02 1.368400e-02 1.755067e-02 2.192291e-02 2.755181e-02 3.193061e-02 3.570009e-02 3.879700e-02 4.070245e-02 4.156871e-02 4.343556e-02 4.262167e-02 4.351229e-02 4.528463e-02 4.704754e-02 4.855438e-02 4.932632e-02 4.937287e-02 5.043867e-02 5.259244e-02 5.382847e-02 5.435496e-02 5.440990e-02 5.446848e-02 5.545379e-02 5.673262e-02 5.763513e-02 5.808196e-02 5.777176e-02 5.693899e-02 5.727376e-02 5.871036e-02
9.833049e-02 1.102959e-02 2.003356e-02 1.495772e-02 9.060084e-03 1.878326e-02 -9.999000e+03 -9.999000e+03 -9.999000e+03 -9.999000e+03 -9.999000e+03 -9.999000e+03 -9.999000e+03 -9.999000e+03 -9.999000e+03 2.253600e-02 2.697263e-02 2.403198e-02 2.256421e-02 2.033704e-02 2.295539e-02 -9.999000e+03 -9.999000e+03 1.753954e-02 2.203248e-02 2.469228e-02 2.753483e-02 3.031134e-02 3.170052e-02 3.818062e-02 3.768416e-02 3.946199e-02 4.046635e-02 4.289205e-02 4.503283e-02 4.666563e-02 4.742792e-02 4.732367e-02 4.920340e-02 5.182442e-02 5.355822e-02 5.322245e-02 5.328146e-02 5.442216e-02 5.489025e-02 5.641328e-02 5.786103e-02 5.801967e-02 5.781693e-02 5.703582e-02 5.819260e-02 6.032429e-02
7.857590e-02 1.417913e-02 1.320117e-02 1.314470e-02 1.914471e-02 -9.999000e+03 -9.999000e+03 -9.999000e+03 -9.999000e+03 -9.999000e+03 -9.999000e+03 -9.999000e+03 -9.999000e+03 -9.999000e+03 -9.999000e+03 -9.999000e+03 -9.999000e+03 -9.999000e+03 -9.999000e+03 -9.999000e+03 -9.999000e+03 -9.999000e+03 -9.999000e+03 1.644169e-02 2.092865e-02 2.260615e-02 2.782940e-02 3.191780e-02 3.333434e-02 2.779438e-02 3.311440e-02 3.355844e-02 3.577957e-02 3.908363e-02 4.144522e-02 4.274554e-02 4.352621e-02 4.592925e-02 4.701197e-02 5.030795e-02 4.992649e-02 5.009174e-02 5.357251e-02 5.239485e-02 5.289289e-02 5.527451e-02 5.519744e-02 5.585873e-02 5.576793e-02 5.614414e-02 5.701499e-02 6.087245e-02
-9.999000e+03 2.002941e-02 1.880777e-02 2.251892e-02 -9.999000e+03 -9.999000e+03 -9.999000e+03 -9.999000e+03 -9.999000e+03 -9.999000e+03 -9.999000e+03 -9.999000e+03 -9.999000e+03 -9.999000e+03 -9.999000e+03 -9.999000e+03 -9.999000e+03 -9.999000e+03 -9.999000e+03 -9.999000e+03 -9.999000e+03 -9.999000e+03 -9.999000e+03 -9.999000e+03 -9.999000e+03 -9.999000e+03 2.473253e-02 2.681134e-02 3.004300e-02 2.749873e-02 2.322843e-02 2.512739e-02 2.827934e-02 3.216282e-02 3.394257e-02 3.437385e-02 4.254424e-02 4.176931e-02 4.381413e-02 4.020816e-02 4.148989e-02 5.225330e-02 4.915425e-02 4.892606e-02 5.247621e-02 4.954058e-02 4.999887e-02 5.040349e-02 5.425630e-02 5.255566e-02 5.536206e-02 5.596415e-02
-9.999000e+03 -9.999000e+03 -9.999000e+03 -9.999000e+03 -9.999000e+03 -9.999000e+03 -9.999000e+03 -9.999000e+03 -9.999000e+03 -9.999000e+03 -9.999000e+03 -9.999000e+03 -9.999000e+03 -9.999000e+03 -9.999000e+03 -9.999000e+03 -9.999000e+03 -9.999000e+03 -9.999000e+03 -9.999000e+03 -9.999000e+03 -9.999000e+03 -9.999000e+03 -9.999000e+03 -9.999000e+03 -9.999000e+03 -9.999000e+03 -9.999000e+03 2.565494e-02 2.511924e-02 2.112578e-02 2.289951e-02 2.656811e-02 3.513937e-02 3.840148e-02 3.788406e-02 3.231240e-02 3.450964e-02 3.658737e-02 4.531798e-02 4.922276e-02 4.036317e-02 4.073772e-02 5.151709e-02 4.103490e-02 4.108546e-02 4.089961e-02 5.148631e-02 4.818967e-02 5.191277e-02 4.294144e-02 4.633869e-02
-9.999000e+03 -9.999000e+03 -9.999000e+03 -9.999000e+03 -9.999000e+03 -9.999000e+03 -9.999000e+03 -9.999000e+03 -9.999000e+03 -9.999000e+03 -9.999000e+03 -9.999000e+03 -9.999000e+03 -9.999000e+03 -9.999000e+03 -9.999000e+03 -9.999000e+03 -9.999000e+03 -9.999000e+03 -9.999000e+03 -9.999000e+03 -9.999000e+03 -9.999000e+03 -9.999000e+03 -9.999000e+03 -9.999000e+03 -9.999000e+03 -9.999000e+03 -9.999000e+03 2.216713e-02 2.559100e-02 2.757267e-02 3.161860e-02 3.221943e-02 3.301187e-02 3.102563e-02 3.115186e-02 3.369438e-02 4.135174e-02 4.517106e-02 4.706046e-02 4.782722e-02 4.912619e-02 4.042948e-02 4.835288e-02 5.089643e-02 5.086488e-02 3.899381e-02 4.941628e-02 4.104907e-02 5.074172e-02 5.682035e-02
-9.999000e+03 -9.999000e+03 -9.999000e+03 -9.999000e+03 -9.999000e+03 -9.999000e+03 -9.999000e+03 -9.999000e+03 -9.999000e+03 -9.999000e+03 -9.999000e+03 -9.999000e+03 -9.999000e+03 -9.999000e+03 -9.999000e+03 -9.999000e+03 -9.999000e+03 -9.999000e+03 -9.999000e+03 -9.999000e+03 -9.999000e+03 -9.999000e+03 -9.999000e+03 -9.999000e+03 -9.999000e+03 -9.999000e+03 -9.999000e+03 -9.999000e+03 -9.999000e+03 -9.999000e+03 2.880919e-02 -9.999000e+03 -9.999000e+03 -9.999000e+03 -9.999000e+03 -9.999000e+03 -9.999000e+03 -9.999000e+03 3.551601e-02 4.229425e-02 4.447694e-02 4.464674e-02 4.597653e-02 4.870447e-02 5.039463e-02 5.086944e-02 4.983406e-02 4.713461e-02 3.806656e-02 4.837289e-02 5.357534e-02 5.626631e-02
-9.999000e+03 -9.999000e+03 -9.999000e+03 -9.999000e+03 -9.999000e+03 -9.999000e+03 -9.999000e+03 -9.999000e+03 -9.999000e+03 -9.999000e+03 -9.999000e+03 -9.999000e+03 -9.999000e+03 -9.999000e+03 -9.999000e+03 -9.999000e+03 -9.999000e+03 -9.999000e+03 -9.999000e+03 -9.999000e+03 -9.999000e+03 -9.999000e+03 -9.999000e+03 -9.999000e+03 -9.999000e+03 -9.999000e+03 -9.999000e+03 -9.999000e+03 -9.999000e+03 -9.999000e+03 -9.999000e+03 -9.999000e+03 -9.999000e+03 -9.999000e+03 -9.999000e+03 -9.999000e+03 -9.999000e+03 -9.999000e+03 -9.999000e+03 -9.999000e+03 -9.999000e+03 3.569253e-02 3.653289e-02 3.882408e-02 4.691149e-02 4.927493e-02 4.866908e-02 4.585614e-02 4.676193e-02 5.171690e-02 5.437772e-02 5.433463e-02
-9.999000e+03 -9.999000e+03 -9.999000e+03 -9.999000e+03 -9.999000e+03 -9.999000e+03 -9.999000e+03 -9.999000e+03 -9.999000e+03 -9.999000e+03 -9.999000e+03 -9.999000e+03 -9.999000e+03 -9.999000e+03 -9.999000e+03 -9.999000e+03 -9.999000e+03 -9.999000e+03 -9.999000e+03 -9.999000e+03 -9.999000e+03 -9.999000e+03 -9.999000e+03 -9.999000e+03 -9.999000e+03 -9.999000e+03 -9.999000e+03 -9.999000e+03 -9.999000e+03 -9.999000e+03 -9.999000e+03 -9.999000e+03 -9.999000e+03 -9.999000e+03 -9.999000e+03 -9.999000e+03 -9.999000e+03 -9.999000e+03 -9.999000e+03 -9.999000e+03 -9.999000e+03 -9.999000e+03 -9.999000e+03 -9.999000e+03 4.040931e-02 3.984083e-02 4.563792e-02 4.564728e-02 3.814954e-02 4.899745e-02 5.273349e-02 5.110480e-02
-9.999000e+03 -9.999000e+03 -9.999000e+03 -9.999000e+03 -9.999000e+03 -9.999000e+03 -9.999000e+03 -9.999000e+03 -9.999000e+03 -9.999000e+03 -9.999000e+03 -9.999000e+03 -9.999000e+03 -9.999000e+03 -9.999000e+03 -9.999000e+03 -9.999000e+03 -9.999000e+03 -9.999000e+03 -9.999000e+03 -9.999000e+03 -9.999000e+03 -9.999000e+03 -9.999000e+03 -9.999000e+03 -9.999000e+03 -9.999000e+03 -9.999000e+03 -9.999000e+03 -9.999000e+03 -9.999000e+03 -9.999000e+03 -9.999000e+03 -9.999000e+03 -9.999000e+03 -9.999000e+03 -9.999000e+03 -9.999000e+03 -9.999000e+03 -9.999000e+03 -9.999000e+03 -9.999000e+03 -9.999000e+03 -9.999000e+03 -9.999000e+03 -9.999000e+03 -9.999000e+03 -9.999000e+03 -9.999000e+03 -9.999000e+03 4.184134e-02 4.531661e-02
-9.999000e+03 -9.999000e+03 -9.999000e+03 -9.999000e+03 -9.999000e+03 -9.999000e+03 -9.999000e+03 -9.999000e+03 -9.999000e+03 -9.999000e+03 -9.999000e+03 -9.999000e+03 -9.999000e+03 -9.999000e+03 -9.999000e+03 -9.999000e+03 -9.999000e+03 -9.999000e+03 -9.999000e+03 -9.999000e+03 -9.999000e+03 -9.999000e+03 -9.999000e+03 -9.999000e+03 -9.999000e+03 -9.999000e+03 -9.999000e+03 -9.999000e+03 -9.999000e+03 -9.999000e+03 -9.999000e+03 -9.999000e+03 -9.999000e+03 -9.999000e+03 -9.999000e+03 -9.999000e+03 -9.999000e+03 -9.999000e+03 -9.999000e+03 -9.999000e+03 -9.999000e+03 -9.999000e+03 -9.999000e+03 -9.999000e+03 -9.999000e+03 -9.999000e+03 -9.999000e+03 -9.999000e+03 -9.999000e+03 -9.999000e+03 -9.999000e+03 3.691527e-02
-9.999000e+03 -9.999000e+03 -9.999000e+03 -9.999000e+03 -9.999000e+03 -9.999000e+03 -9.999000e+03 -9.999000e+03 -9.999000e+03 -9.999000e+03 -9.999000e+03 -9.999000e+03 -9.999000e+03 -9.999000e+03 -9.999000e+03 -9.999000e+03 -9.999000e+03 -9.999000e+03 -9.999000e+03 -9.999000e+03 -9.999000e+03 -9.999000e+03 -9.999000e+03 -9.999000e+03 -9.999000e+03 -9.999000e+03 -9.999000e+03 -9.999000e+03 -9.999000e+03 -9.999000e+03 -9.999000e+03 -9.999000e+03 -9.999000e+03 -9.999000e+03 -9.999000e+03 -9.999000e+03 -9.999000e+03 -9.999000e+03 -9.999000e+03 -9.999000e+03 -9.999000e+03 -9.999000e+03 -9.999000e+03 -9.999000e+03 -9.999000e+03 -9.999000e+03 -9.999000e+03 -9.999000e+03 -9.999000e+03 -9.999000e+03 -9.999000e+03 -9.999000e+03
-9.999000e+03 -9.999000e+03 -9.999000e+03 -9.999000e+03 -9.999000e+03 -9.999000e+03 -9.999000e+03 -9.999000e+03 -9.999000e+03 -9.999000e+03 -9.999000e+03 -9.999000e+03 -9.999000e+03 -9.999000e+03 -9.999000e+03 -9.999000e+03 -9.999000e+03 -9.999000e+03 -9.999000e+03 -9.999000e+03 -9.999000e+03 -9.999000e+03 -9.999000e+03 -9.999000e+03 -9.999000e+03 -9.999000e+03 -9.999000e+03 -9.999000e+03 -9.999000e+03 -9.999000e+03 -9.999000e+03 -9.999000e+03 -9.999000e+03 -9.999000e+03 -9.999000e+03 -9.999000e+03 -9.999000e+03 -9.999000e+03 -9.999000e+03 -9.999000e+03 -9.999000e+03 -9.999000e+03 -9.999000e+03 -9.999000e+03 -9.999000e+03 -9.999000e+03 -9.999000e+03 -9.999000e+03 -9.999000e+03 -9.999000e+03 -9.999000e+03 -9.999000e+03
