tests/data/reference/test_implicit_stream_rill_mfda/mvel_m_s.asc
ncols	123
nrows	77
xllcorner	-713746.79929998
yllcorner	-1061022.36961616
cellsize	10.0
NODATA_value	-9999
[rows 23 to 45 of 77, columns 52 to 103 of 123]
6.421805e-02 7.269009e-02 7.303177e-02 7.245958e-02 7.205468e-02 7.189561e-02 7.137688e-02 7.031818e-02 6.956254e-02 6.941899e-02 6.901599e-02 6.841560e-02 6.775704e-02 6.645829e-02 6.386835e-02 6.045288e-02 9.539858e-02 5.440707e-02 5.513487e-02 5.627816e-02 5.718904e-02 5.791850e-02 5.740100e-02 5.698644e-02 4.329999e-02 5.003855e-02 9.964635e-02 6.236392e-02 7.572298e-02 5.185341e-02 5.448438e-02 5.162871e-02 4.089898e-02 3.667620e-02 -9.999000e+03 -9.999000e+03 -9.999000e+03 -9.999000e+03 -9.999000e+03 -9.999000e+03 -9.999000e+03 -9.999000e+03 -9.999000e+03 -9.999000e+03 -9.999000e+03 -9.999000e+03 -9.999000e+03 -9.999000e+03 -9.999000e+03 -9.999000e+03 -9.999000e+03 -9.999000e+03
6.540936e-02 7.089089e-02 7.343332e-02 7.270251e-02 7.213073e-02 7.174288e-02 7.108812e-02 7.007122e-02 6.947034e-02 6.938389e-02 6.912062e-02 6.875527e-02 6.788529e-02 6.598282e-02 6.333617e-02 6.032336e-02 1.026632e-01 5.530425e-02 5.676661e-02 5.872684e-02 6.037220e-02 6.154654e-02 6.157835e-02 6.100381e-02 5.499881e-02 5.547303e-02 4.124552e-02 9.409738e-02 5.595162e-02 7.020821e-02 6.484187e-02 5.442578e-02 5.066645e-02 4.681701e-02 3.532814e-02 -9.999000e+03 -9.999000e+03 -9.999000e+03 -9.999000e+03 -9.999000e+03 -9.999000e+03 -9.999000e+03 -9.999000e+03 -9.999000e+03 -9.999000e+03 -9.999000e+03 -9.999000e+03 -9.999000e+03 -9.999000e+03 -9.999000e+03 -9.999000e+03 -9.999000e+03
7.419571e-02 7.149429e-02 7.316394e-02 7.324657e-02 7.200920e-02 7.086230e-02 6.990108e-02 6.939614e-02 6.953021e-02 6.985623e-02 6.975256e-02 6.909945e-02 6.747771e-02 6.508182e-02 6.297236e-02 6.133660e-02 1.094559e-01 5.832311e-02 5.934692e-02 6.103189e-02 6.275525e-02 6.400566e-02 6.415837e-02 6.354833e-02 6.078933e-02 6.007967e-02 5.376038e-02 1.000113e-01 4.234572e-02 5.500629e-02 8.418939e-02 5.130354e-02 5.338998e-02 5.415305e-02 4.966595e-02 3.953332e-02 3.621405e-02 3.590750e-02 -9.999000e+03 -9.999000e+03 -9.999000e+03 -9.999000e+03 -9.999000e+03 -9.999000e+03 -9.999000e+03 -9.999000e+03 -9.999000e+03 -9.999000e+03 -9.999000e+03 -9.999000e+03 -9.999000e+03 -9.999000e+03
6.707192e-02 7.509769e-02 7.331354e-02 7.265714e-02 7.131536e-02 6.993232e-02 6.920285e-02 6.946146e-02 7.001689e-02 7.031432e-02 7.003706e-02 6.894621e-02 6.717246e-02 6.520586e-02 6.360022e-02 6.235369e-02 1.077087e-01 5.963888e-02 6.037887e-02 6.186332e-02 6.339962e-02 6.451542e-02 6.473465e-02 6.444485e-02 6.349670e-02 6.322491e-02 6.090657e-02 1.028776e-01 5.474575e-02 5.509754e-02 8.217232e-02 5.109098e-02 5.387949e-02 5.641318e-02 5.555041e-02 5.048994e-02 4.603479e-02 3.720496e-02 4.331064e-02 3.552946e-02 -9.999000e+03 -9.999000e+03 -9.999000e+03 -9.999000e+03 -9.999000e+03 -9.999000e+03 -9.999000e+03 -9.999000e+03 -9.999000e+03 -9.999000e+03 -9.999000e+03 -9.999000e+03
7.310728e-02 5.411205e-02 7.377099e-02 7.144383e-02 7.009694e-02 6.948164e-02 6.952274e-02 7.015370e-02 7.052906e-02 7.043156e-02 6.991262e-02 6.884325e-02 6.762054e-02 6.641219e-02 6.489077e-02 6.284054e-02 1.088014e-01 5.881431e-02 5.956970e-02 6.097206e-02 6.207154e-02 6.290432e-02 6.327010e-02 6.363065e-02 6.415490e-02 6.489620e-02 6.470647e-02 1.013433e-01 6.167245e-02 6.044254e-02 8.451507e-02 5.507189e-02 5.405569e-02 5.420729e-02 5.442302e-02 5.283726e-02 4.013646e-02 3.821970e-02 4.387424e-02 4.477177e-02 4.159750e-02 1.357634e-01 -9.999000e+03 -9.999000e+03 -9.999000e+03 -9.999000e+03 -9.999000e+03 -9.999000e+03 -9.999000e+03 -9.999000e+03 -9.999000e+03 -9.999000e+03
7.523300e-02 6.594362e-02 7.262514e-02 7.046852e-02 5.037223e-02 6.942017e-02 6.977121e-02 7.050557e-02 7.092296e-02 7.079461e-02 7.021670e-02 6.917890e-02 6.804716e-02 6.677094e-02 6.485278e-02 6.226927e-02 1.098670e-01 5.883285e-02 6.000707e-02 6.149315e-02 6.243419e-02 6.303583e-02 6.324946e-02 6.364982e-02 6.466269e-02 6.606050e-02 6.695825e-02 9.935558e-02 6.537512e-02 6.397829e-02 8.346139e-02 5.818928e-02 5.503593e-02 5.327135e-02 5.292300e-02 5.268264e-02 4.797039e-02 4.621178e-02 3.808613e-02 4.637040e-02 0.000000e+00 1.859495e-01 1.163501e-01 1.020509e-01 -9.999000e+03 -9.999000e+03 -9.999000e+03 -9.999000e+03 -9.999000e+03 -9.999000e+03 -9.999000e+03 -9.999000e+03
7.494501e-02 6.991123e-02 7.142829e-02 7.007810e-02 5.074739e-02 6.187652e-02 6.956827e-02 7.058015e-02 7.151168e-02 7.160768e-02 7.099792e-02 6.972388e-02 6.802301e-02 6.577332e-02 6.310521e-02 6.081640e-02 6.004943e-02 1.079766e-01 6.214700e-02 6.391708e-02 6.503648e-02 6.542301e-02 6.512068e-02 6.488032e-02 6.543239e-02 6.690197e-02 6.817692e-02 9.873960e-02 6.678599e-02 6.536675e-02 8.000756e-02 6.037856e-02 5.733503e-02 5.483404e-02 5.288137e-02 5.175389e-02 4.978906e-02 4.913066e-02 4.631580e-02 0.000000e+00 0.000000e+00 6.365319e-02 4.436823e-02 2.549617e-02 9.002376e-02 -9.999000e+03 -9.999000e+03 -9.999000e+03 -9.999000e+03 -9.999000e+03 -9.999000e+03 -9.999000e+03
7.249110e-02 6.967468e-02 6.983464e-02 6.955687e-02 6.218420e-02 5.088110e-02 6.696290e-02 7.097271e-02 7.171178e-02 7.134900e-02 7.031989e-02 6.862741e-02 6.650041e-02 6.396658e-02 6.185127e-02 6.106187e-02 6.171044e-02 6.331212e-02 1.013484e-01 6.667075e-02 6.738478e-02 6.722276e-02 6.644730e-02 6.588845e-02 6.624171e-02 6.768159e-02 6.876343e-02 9.722885e-02 6.757248e-02 6.665332e-02 7.689426e-02 6.292166e-02 6.019707e-02 5.757457e-02 4.240944e-02 4.088027e-02 5.162235e-02 5.166112e-02 0.000000e+00 0.000000e+00 3.938476e-02 5.650342e-02 4.110973e-02 3.300709e-02 2.674317e-02 8.607147e-02 -9.999000e+03 -9.999000e+03 -9.999000e+03 -9.999000e+03 -9.999000e+03 -9.999000e+03
6.789894e-02 6.688642e-02 6.778812e-02 6.874173e-02 6.675009e-02 6.267110e-02 5.179004e-02 7.042222e-02 7.089081e-02 6.941716e-02 6.762452e-02 6.542292e-02 6.337766e-02 6.199598e-02 6.202954e-02 6.328534e-02 6.498161e-02 6.689710e-02 9.726144e-02 6.937337e-02 6.909884e-02 6.812323e-02 6.700054e-02 6.654587e-02 6.709929e-02 6.836014e-02 6.875840e-02 9.315000e-02 6.801459e-02 6.799007e-02 7.386278e-02 6.584604e-02 6.343521e-02 4.669945e-02 4.468011e-02 4.292335e-02 5.506229e-02 0.000000e+00 0.000000e+00 4.368552e-02 4.605290e-02 5.277819e-02 3.753542e-02 3.334006e-02 3.284686e-02 2.921937e-02 2.720165e-02 -9.999000e+03 -9.999000e+03 -9.999000e+03 -9.999000e+03 -9.999000e+03
6.101097e-02 6.197847e-02 6.400273e-02 6.584180e-02 4.920122e-02 6.780153e-02 6.716326e-02 6.272334e-02 6.912142e-02 6.801151e-02 6.640554e-02 6.460517e-02 6.342367e-02 6.327073e-02 6.421399e-02 6.587744e-02 6.749542e-02 6.891299e-02 9.660065e-02 6.973085e-02 6.894892e-02 6.792393e-02 6.714225e-02 6.715481e-02 6.791755e-02 6.877317e-02 6.834615e-02 8.838944e-02 6.728646e-02 6.765831e-02 6.899110e-02 6.691129e-02 4.875288e-02 4.799654e-02 4.643090e-02 4.480381e-02 0.000000e+00 0.000000e+00 4.755383e-02 5.161868e-02 4.971863e-02 5.112845e-02 3.331320e-02 3.073002e-02 3.674773e-02 3.710246e-02 3.681608e-02 2.889065e-02 8.803298e-02 -9.999000e+03 -9.999000e+03 -9.999000e+03
5.199245e-02 5.515103e-02 5.776869e-02 6.013867e-02 6.256093e-02 5.800829e-02 6.635617e-02 6.675995e-02 6.534715e-02 6.809115e-02 6.784392e-02 6.737206e-02 6.726187e-02 6.739690e-02 6.772214e-02 6.830853e-02 6.874091e-02 6.882451e-02 6.816455e-02 1.009685e-01 6.675306e-02 6.659266e-02 6.692956e-02 6.775988e-02 6.866120e-02 6.889360e-02 6.754405e-02 8.284782e-02 6.528795e-02 6.540601e-02 6.594567e-02 4.860177e-02 4.818867e-02 4.799314e-02 0.000000e+00 0.000000e+00 0.000000e+00 4.620800e-02 5.633440e-02 5.524559e-02 5.286048e-02 4.027834e-02 3.834938e-02 4.129017e-02 4.073796e-02 3.860104e-02 3.694704e-02 3.072575e-02 2.901445e-02 1.064783e-01 -9.999000e+03 -9.999000e+03
1.088964e-01 1.047029e-01 4.910755e-02 5.222764e-02 5.914161e-02 6.223234e-02 6.229978e-02 6.651934e-02 6.781516e-02 6.824628e-02 6.983263e-02 7.034964e-02 7.081830e-02 7.096008e-02 7.077090e-02 7.033427e-02 6.946832e-02 6.821457e-02 6.647520e-02 9.452707e-02 6.382334e-02 6.404369e-02 6.522292e-02 6.671380e-02 6.763387e-02 6.725343e-02 6.527237e-02 7.631652e-02 6.305194e-02 6.321640e-02 6.419044e-02 4.829156e-02 4.823720e-02 0.000000e+00 0.000000e+00 5.402707e-02 4.772610e-02 5.644710e-02 5.973108e-02 5.781551e-02 4.330653e-02 4.228131e-02 4.096454e-02 4.729254e-02 4.455355e-02 4.171830e-02 3.299099e-02 3.319929e-02 3.335110e-02 4.779302e-02 2.817262e-02 1.079932e-01
6.996437e-02 6.669406e-02 1.001720e-01 5.126683e-02 5.422862e-02 5.893041e-02 6.259965e-02 6.433680e-02 6.720690e-02 6.880862e-02 6.984389e-02 7.126173e-02 7.204344e-02 7.219179e-02 7.166732e-02 7.010969e-02 6.757047e-02 6.467425e-02 6.155584e-02 5.849663e-02 9.745918e-02 5.632631e-02 5.815251e-02 6.027101e-02 6.434710e-02 6.337985e-02 6.118931e-02 6.869324e-02 6.057452e-02 6.138961e-02 6.298469e-02 4.844422e-02 0.000000e+00 0.000000e+00 5.287076e-02 6.203531e-02 5.754635e-02 6.074105e-02 6.160869e-02 4.588251e-02 4.477690e-02 4.347021e-02 4.210097e-02 4.031020e-02 4.811759e-02 4.652754e-02 3.755021e-02 4.345143e-02 4.273050e-02 4.844660e-02 3.317106e-02 4.759721e-02
4.350338e-02 5.282620e-02 5.567258e-02 9.802465e-02 9.723296e-02 9.433622e-02 9.299966e-02 6.346480e-02 6.418243e-02 6.520017e-02 6.600166e-02 6.686651e-02 6.721594e-02 6.677914e-02 8.273531e-02 6.386680e-02 6.148866e-02 5.925740e-02 5.692011e-02 5.463292e-02 4.126723e-02 9.811335e-02 7.130457e-02 5.794127e-02 5.750572e-02 5.552337e-02 5.757414e-02 6.165369e-02 5.905256e-02 6.068201e-02 6.266515e-02 0.000000e+00 0.000000e+00 4.842810e-02 6.198881e-02 6.391273e-02 6.137920e-02 6.246573e-02 6.257529e-02 4.671109e-02 4.582392e-02 4.444674e-02 4.309012e-02 4.151652e-02 5.051979e-02 4.907817e-02 4.603189e-02 4.792699e-02 4.724951e-02 4.889039e-02 4.287579e-02 4.913764e-02
5.940214e-02 6.259431e-02 6.235376e-02 5.787776e-02 5.686661e-02 6.028403e-02 6.155946e-02 9.501217e-02 9.621373e-02 9.736714e-02 9.814037e-02 9.851699e-02 9.956123e-02 1.012958e-01 1.030455e-01 1.043899e-01 1.039237e-01 5.014624e-02 5.136100e-02 5.224705e-02 5.376213e-02 5.177960e-02 9.569819e-02 5.722664e-02 5.436706e-02 5.151544e-02 5.073859e-02 5.616645e-02 5.893287e-02 6.134949e-02 0.000000e+00 0.000000e+00 4.957338e-02 4.888252e-02 6.502677e-02 6.470670e-02 6.302773e-02 6.303918e-02 6.284697e-02 4.698474e-02 4.639443e-02 4.515596e-02 4.393651e-02 4.250003e-02 4.079215e-02 3.913474e-02 4.754256e-02 4.807984e-02 4.851907e-02 4.994758e-02 4.866056e-02 5.045102e-02
5.881362e-02 6.405902e-02 6.435450e-02 9.539697e-02 9.605310e-02 9.413783e-02 9.361518e-02 9.440755e-02 9.524661e-02 9.615526e-02 9.690565e-02 9.739196e-02 9.812362e-02 9.934925e-02 1.009222e-01 1.028343e-01 1.043935e-01 1.045171e-01 1.040489e-01 4.694931e-02 4.952175e-02 5.350250e-02 9.754214e-02 5.358609e-02 5.074530e-02 4.873831e-02 4.891297e-02 5.193134e-02 5.946337e-02 0.000000e+00 0.000000e+00 4.949928e-02 4.984990e-02 4.916555e-02 6.608057e-02 6.535268e-02 6.408965e-02 6.383404e-02 4.763688e-02 4.765252e-02 4.718901e-02 4.597719e-02 4.470888e-02 4.341028e-02 4.190830e-02 4.012741e-02 3.856789e-02 4.804318e-02 4.860105e-02 4.999831e-02 5.047567e-02 5.081117e-02
6.631144e-02 9.927006e-02 9.922729e-02 6.668978e-02 6.815626e-02 7.116898e-02 7.295881e-02 7.341074e-02 7.339484e-02 7.296016e-02 7.220909e-02 6.856005e-02 6.680244e-02 6.446394e-02 6.180071e-02 5.920076e-02 7.282972e-02 8.101370e-02 7.409187e-02 1.054714e-01 1.050517e-01 1.011008e-01 1.012407e-01 1.038426e-01 4.662794e-02 4.728183e-02 4.870620e-02 5.289891e-02 0.000000e+00 0.000000e+00 4.877509e-02 6.065424e-02 5.000596e-02 4.928688e-02 6.654873e-02 6.601619e-02 6.511746e-02 6.504179e-02 4.860369e-02 4.868000e-02 4.828258e-02 4.706527e-02 4.551399e-02 4.411027e-02 4.311053e-02 4.189263e-02 4.013444e-02 4.889092e-02 4.834068e-02 4.855356e-02 4.873810e-02 4.907261e-02
1.044998e-01 6.442487e-02 6.645608e-02 6.800403e-02 7.033664e-02 7.333040e-02 7.534884e-02 7.634817e-02 7.697208e-02 7.714429e-02 7.681733e-02 7.606995e-02 7.498960e-02 7.360321e-02 7.194017e-02 6.748987e-02 6.529514e-02 8.030644e-02 7.569664e-02 8.118970e-02 8.793466e-02 3.363736e-02 8.363186e-02 1.095932e-01 1.111882e-01 4.218234e-02 4.695683e-02 4.177679e-02 0.000000e+00 4.980803e-02 5.854806e-02 6.509830e-02 5.040873e-02 6.071102e-02 6.714743e-02 6.655723e-02 6.591114e-02 6.611214e-02 4.936182e-02 4.942355e-02 4.898154e-02 4.788827e-02 4.628444e-02 4.457376e-02 4.372240e-02 4.312034e-02 4.172573e-02 4.005298e-02 4.951561e-02 4.883395e-02 4.836807e-02 4.847966e-02
6.127101e-02 6.344079e-02 6.515499e-02 6.610471e-02 6.765548e-02 7.028261e-02 7.246582e-02 7.394988e-02 7.533864e-02 7.634748e-02 7.667546e-02 7.662269e-02 7.655525e-02 7.644470e-02 7.601641e-02 7.532765e-02 9.390389e-02 7.338052e-02 6.823769e-02 6.321242e-02 6.046217e-02 0.000000e+00 0.000000e+00 0.000000e+00 1.149793e-01 1.133926e-01 4.384180e-02 0.000000e+00 0.000000e+00 5.285254e-02 5.698069e-02 6.605834e-02 5.093631e-02 6.656460e-02 6.807413e-02 6.694674e-02 6.643313e-02 4.953999e-02 4.996781e-02 5.007727e-02 4.944543e-02 4.830893e-02 4.682754e-02 4.495404e-02 4.393605e-02 4.371883e-02 4.307121e-02 4.194632e-02 5.216302e-02 5.112487e-02 5.020422e-02 4.957515e-02
6.049482e-02 6.238043e-02 6.349877e-02 6.383891e-02 6.467898e-02 6.670044e-02 6.858653e-02 6.998306e-02 7.170337e-02 7.353522e-02 7.468527e-02 7.525712e-02 7.589923e-02 7.666749e-02 7.710839e-02 8.999957e-02 7.742646e-02 7.749573e-02 7.645835e-02 7.395224e-02 6.914397e-02 6.852328e-02 6.594851e-02 0.000000e+00 0.000000e+00 0.000000e+00 3.597975e-02 0.000000e+00 3.767725e-02 4.770753e-02 5.317458e-02 6.041421e-02 6.051628e-02 6.767276e-02 6.814228e-02 6.740050e-02 6.718773e-02 4.996283e-02 5.035227e-02 5.070154e-02 5.018184e-02 4.887813e-02 4.730101e-02 4.534129e-02 4.414436e-02 4.388554e-02 4.357407e-02 5.128338e-02 5.414635e-02 5.300868e-02 5.187055e-02 5.122408e-02
5.902992e-02 6.010198e-02 6.084597e-02 6.105464e-02 6.153138e-02 6.287083e-02 6.406013e-02 6.481760e-02 6.638866e-02 6.890775e-02 7.094115e-02 7.220454e-02 7.343182e-02 7.474019e-02 9.017658e-02 7.651593e-02 7.751958e-02 7.867502e-02 7.912919e-02 7.868560e-02 7.770749e-02 7.511311e-02 7.188124e-02 6.662092e-02 6.237890e-02 0.000000e+00 0.000000e+00 0.000000e+00 2.639078e-02 3.994103e-02 5.860348e-02 5.418420e-02 5.998058e-02 6.439503e-02 6.665468e-02 6.775915e-02 6.827068e-02 5.056026e-02 5.067995e-02 5.109286e-02 5.087720e-02 4.965699e-02 4.789735e-02 4.572186e-02 4.433024e-02 4.381645e-02 4.345766e-02 5.462133e-02 5.520205e-02 5.424599e-02 5.306085e-02 5.309806e-02
5.720191e-02 5.773780e-02 5.845944e-02 5.905136e-02 5.953506e-02 6.033113e-02 6.091863e-02 6.091623e-02 6.191763e-02 6.420307e-02 6.641515e-02 6.823626e-02 6.970537e-02 9.388801e-02 7.254227e-02 7.347613e-02 7.479540e-02 7.669908e-02 7.820127e-02 7.849748e-02 7.875297e-02 7.868534e-02 7.525360e-02 7.000754e-02 6.723308e-02 2.837247e-02 0.000000e+00 0.000000e+00 0.000000e+00 0.000000e+00 5.978062e-02 4.708903e-02 5.383904e-02 6.250228e-02 6.563577e-02 6.752609e-02 6.864801e-02 5.104744e-02 5.129535e-02 5.153502e-02 5.141780e-02 5.052447e-02 4.892916e-02 4.676124e-02 4.524718e-02 4.444788e-02 4.385672e-02 5.610522e-02 5.593458e-02 5.556562e-02 5.505401e-02 5.575383e-02
5.468816e-02 5.501261e-02 5.607962e-02 5.751222e-02 5.834610e-02 5.880676e-02 5.870806e-02 5.848859e-02 5.860017e-02 5.971419e-02 6.183809e-02 6.358065e-02 1.001625e-01 6.657160e-02 6.754835e-02 6.797668e-02 6.968087e-02 7.280721e-02 7.386509e-02 7.472180e-02 7.580262e-02 7.716133e-02 7.633932e-02 7.060204e-02 6.785836e-02 0.000000e+00 0.000000e+00 5.594278e-02 5.896058e-02 0.000000e+00 0.000000e+00 0.000000e+00 5.371266e-02 6.104016e-02 6.604269e-02 6.683123e-02 6.813111e-02 5.123813e-02 5.193244e-02 5.205194e-02 5.190257e-02 5.130799e-02 5.013841e-02 4.834382e-02 4.687205e-02 4.580171e-02 4.484193e-02 5.723641e-02 5.644922e-02 5.681601e-02 5.786736e-02 5.924765e-02
