tests/data/reference/test_implicit_stream_rill_mfda/mvel_m_s.asc
ncols	123
nrows	77
xllcorner	-713746.79929998
yllcorner	-1061022.36961616
cellsize	10.0
NODATA_value	-9999
[rows 23 to 45 of 77, columns 0 to 51 of 123]
-9.999000e+03 -9.999000e+03 -9.999000e+03 -9.999000e+03 -9.999000e+03 -9.999000e+03 -9.999000e+03 -9.999000e+03 -9.999000e+03 -9.999000e+03 -9.999000e+03 -9.999000e+03 -9.999000e+03 -9.999000e+03 1.840349e-02 2.321484e-02 2.317624e-02 2.321082e-02 2.080295e-02 8.606802e-03 1.020055e-02 1.779359e-01 1.405065e-02 6.066271e-02 6.413248e-02 4.377929e-02 5.313775e-02 4.901170e-02 5.501381e-02 5.728849e-02 4.433441e-02 5.468736e-02 5.912615e-02 6.147210e-02 9.645579e-02 6.127503e-02 6.183770e-02 4.726079e-02 8.210227e-02 6.560092e-02 6.585694e-02 6.652829e-02 6.761521e-02 6.826736e-02 6.828727e-02 6.801777e-02 6.781551e-02 6.815384e-02 6.895156e-02 6.864395e-02 6.704909e-02 5.118564e-02
-9.999000e+03 -9.999000e+03 -9.999000e+03 -9.999000e+03 -9.999000e+03 -9.999000e+03 -9.999000e+03 -9.999000e+03 -9.999000e+03 -9.999000e+03 -9.999000e+03 -9.999000e+03 -9.999000e+03 -9.999000e+03 1.108148e-02 1.867701e-02 2.617695e-02 2.981335e-02 2.008676e-02 2.772072e-02 1.671590e-01 2.223585e-01 3.676635e-02 3.693733e-02 5.639437e-02 7.379017e-02 5.238759e-02 5.148531e-02 5.267223e-02 4.173713e-02 5.873606e-02 5.447553e-02 5.867201e-02 5.989535e-02 1.017361e-01 6.070573e-02 6.226395e-02 4.773469e-02 8.372744e-02 6.552667e-02 6.556873e-02 6.604919e-02 6.685522e-02 6.746040e-02 6.773054e-02 6.783425e-02 6.798918e-02 6.858531e-02 6.952184e-02 6.998591e-02 5.136594e-02 7.096081e-02
-9.999000e+03 -9.999000e+03 -9.999000e+03 -9.999000e+03 -9.999000e+03 -9.999000e+03 -9.999000e+03 -9.999000e+03 -9.999000e+03 -9.999000e+03 -9.999000e+03 -9.999000e+03 -9.999000e+03 -9.999000e+03 1.328937e-02 1.843807e-02 2.306848e-02 2.298269e-02 2.242424e-02 1.280340e-02 1.911903e-01 5.523445e-02 6.698108e-02 4.310985e-02 4.594992e-02 5.749588e-02 8.543873e-02 5.386647e-02 5.440374e-02 4.253460e-02 5.070431e-02 5.604719e-02 5.440413e-02 5.823449e-02 5.836444e-02 1.068416e-01 4.613414e-02 6.402804e-02 5.807048e-02 9.451823e-02 6.537811e-02 6.600791e-02 6.664543e-02 6.714364e-02 6.755477e-02 6.798370e-02 6.855333e-02 6.949286e-02 7.068766e-02 7.178717e-02 6.451030e-02 5.326235e-02
-9.999000e+03 -9.999000e+03 -9.999000e+03 -9.999000e+03 -9.999000e+03 -9.999000e+03 -9.999000e+03 -9.999000e+03 -9.999000e+03 -9.999000e+03 -9.999000e+03 -9.999000e+03 2.669869e-02 2.078088e-02 2.529457e-02 2.570503e-02 2.345512e-02 1.136371e-02 1.023853e-02 1.743811e-01 2.267939e-02 5.940734e-02 4.793182e-02 5.986990e-02 4.568872e-02 4.793036e-02 9.154308e-02 5.164197e-02 5.261677e-02 4.921346e-02 4.171976e-02 5.304699e-02 5.417571e-02 5.214406e-02 5.260827e-02 5.885073e-02 1.059653e-01 5.715580e-02 6.422650e-02 6.204821e-02 1.026582e-01 6.570149e-02 6.611146e-02 6.663321e-02 6.743190e-02 6.849145e-02 6.972217e-02 7.098838e-02 7.221557e-02 7.356108e-02 7.125422e-02 5.405274e-02
-9.999000e+03 -9.999000e+03 -9.999000e+03 -9.999000e+03 -9.999000e+03 -9.999000e+03 -9.999000e+03 -9.999000e+03 -9.999000e+03 -9.999000e+03 -9.999000e+03 -9.999000e+03 -9.999000e+03 2.590819e-02 2.366647e-02 2.403507e-02 1.459653e-02 8.525903e-03 1.579889e-01 2.045635e-02 3.838600e-02 3.859956e-02 5.769312e-02 6.421874e-02 7.519459e-02 7.711336e-02 7.857287e-02 8.060130e-02 4.668177e-02 4.973526e-02 5.046857e-02 4.819678e-02 5.097726e-02 4.984667e-02 5.062479e-02 5.483779e-02 5.844176e-02 9.455838e-02 6.159227e-02 6.475087e-02 1.028565e-01 6.498295e-02 6.513850e-02 6.588189e-02 6.738745e-02 6.944619e-02 7.155971e-02 7.305010e-02 7.401263e-02 7.524120e-02 7.493253e-02 6.729964e-02
-9.999000e+03 -9.999000e+03 -9.999000e+03 -9.999000e+03 -9.999000e+03 -9.999000e+03 -9.999000e+03 -9.999000e+03 -9.999000e+03 -9.999000e+03 -9.999000e+03 -9.999000e+03 -9.999000e+03 -9.999000e+03 -9.999000e+03 1.867299e-02 4.185526e-03 1.338648e-01 1.854924e-01 5.762048e-02 4.935104e-02 4.404374e-02 4.054009e-02 3.860379e-02 3.982872e-02 4.164742e-02 4.176965e-02 7.813164e-02 1.041194e-01 4.509447e-02 4.749561e-02 4.763528e-02 4.617563e-02 4.676632e-02 4.877028e-02 5.359029e-02 5.655471e-02 5.723259e-02 9.181280e-02 5.925337e-02 1.040242e-01 6.474517e-02 6.554146e-02 6.682380e-02 6.872831e-02 7.112864e-02 7.335899e-02 7.463245e-02 7.531077e-02 7.644069e-02 7.679507e-02 7.320377e-02
-9.999000e+03 -9.999000e+03 -9.999000e+03 -9.999000e+03 -9.999000e+03 -9.999000e+03 -9.999000e+03 -9.999000e+03 -9.999000e+03 -9.999000e+03 -9.999000e+03 -9.999000e+03 -9.999000e+03 -9.999000e+03 -9.999000e+03 -9.999000e+03 7.939065e-03 1.391423e-01 4.662465e-02 4.170443e-02 3.805901e-02 3.592270e-02 3.608982e-02 3.789329e-02 4.024102e-02 4.296129e-02 4.344083e-02 4.125265e-02 4.057127e-02 1.057778e-01 1.055271e-01 1.063288e-01 4.339945e-02 4.375230e-02 4.610329e-02 5.038929e-02 6.372737e-02 7.287768e-02 5.417121e-02 8.782555e-02 6.006385e-02 9.332585e-02 6.770681e-02 6.961870e-02 7.146761e-02 7.341199e-02 7.492987e-02 7.559559e-02 7.603600e-02 7.709268e-02 7.743431e-02 7.520842e-02
-9.999000e+03 -9.999000e+03 -9.999000e+03 -9.999000e+03 -9.999000e+03 -9.999000e+03 -9.999000e+03 -9.999000e+03 -9.999000e+03 -9.999000e+03 -9.999000e+03 -9.999000e+03 -9.999000e+03 -9.999000e+03 -9.999000e+03 -9.999000e+03 1.393400e-01 1.607649e-02 3.209216e-02 3.431054e-02 3.512791e-02 6.716812e-02 6.604342e-02 6.648711e-02 6.654534e-02 6.632065e-02 6.417967e-02 6.010568e-02 5.781517e-02 5.723532e-02 5.458760e-02 5.027973e-02 1.067850e-01 1.039212e-01 1.048461e-01 1.040584e-01 1.020599e-01 1.007518e-01 9.911000e-02 9.709415e-02 9.660487e-02 9.692206e-02 9.589426e-02 6.196003e-02 6.513316e-02 7.064915e-02 7.257897e-02 7.377886e-02 7.496987e-02 7.624294e-02 7.613290e-02 7.397596e-02
-9.999000e+03 -9.999000e+03 -9.999000e+03 -9.999000e+03 -9.999000e+03 -9.999000e+03 -9.999000e+03 -9.999000e+03 -9.999000e+03 -9.999000e+03 -9.999000e+03 -9.999000e+03 -9.999000e+03 -9.999000e+03 -9.999000e+03 1.394744e-01 2.069674e-02 3.759656e-02 6.992369e-02 6.481940e-02 6.814287e-02 3.704856e-02 4.584655e-02 5.412758e-02 5.187190e-02 6.555133e-02 7.046398e-02 7.400782e-02 7.240395e-02 7.217277e-02 6.979374e-02 6.523524e-02 5.982758e-02 5.332964e-02 5.024728e-02 5.047910e-02 9.719233e-02 1.009209e-01 9.808267e-02 9.577785e-02 9.582399e-02 9.836297e-02 1.013085e-01 1.030661e-01 1.008583e-01 5.750580e-02 7.847417e-02 6.891666e-02 7.201452e-02 7.359354e-02 7.254012e-02 6.981195e-02
-9.999000e+03 -9.999000e+03 -9.999000e+03 -9.999000e+03 -9.999000e+03 -9.999000e+03 -9.999000e+03 -9.999000e+03 -9.999000e+03 -9.999000e+03 -9.999000e+03 -9.999000e+03 -9.999000e+03 -9.999000e+03 1.302302e-01 1.765979e-01 7.203291e-02 7.097428e-02 3.930665e-02 4.043271e-02 3.713874e-02 3.891292e-02 4.057458e-02 4.220804e-02 5.194792e-02 4.337720e-02 4.479743e-02 5.125698e-02 5.263549e-02 4.989068e-02 4.927599e-02 7.709334e-02 7.740988e-02 7.632129e-02 7.773577e-02 9.164525e-02 4.501122e-02 5.038554e-02 5.532772e-02 5.972932e-02 6.223662e-02 6.229694e-02 7.481501e-02 8.107313e-02 8.474753e-02 1.003817e-01 9.998802e-02 9.833911e-02 5.926966e-02 7.821537e-02 6.395235e-02 6.191858e-02
-9.999000e+03 -9.999000e+03 -9.999000e+03 -9.999000e+03 -9.999000e+03 -9.999000e+03 -9.999000e+03 -9.999000e+03 -9.999000e+03 -9.999000e+03 -9.999000e+03 -9.999000e+03 -9.999000e+03 -9.999000e+03 1.369387e-01 3.427338e-02 4.160573e-02 4.195175e-02 4.190100e-02 4.176742e-02 4.222285e-02 4.365250e-02 4.078222e-02 4.733477e-02 4.838395e-02 4.826551e-02 4.959229e-02 5.265631e-02 6.621054e-02 7.582184e-02 8.238157e-02 5.314141e-02 5.181781e-02 5.145597e-02 7.051581e-02 4.916087e-02 5.349122e-02 5.701829e-02 5.931253e-02 6.211066e-02 6.471197e-02 6.438723e-02 6.590864e-02 6.631610e-02 6.589668e-02 7.971743e-02 8.727948e-02 9.155615e-02 9.882468e-02 1.032850e-01 1.060613e-01 4.584124e-02
-9.999000e+03 -9.999000e+03 -9.999000e+03 -9.999000e+03 -9.999000e+03 -9.999000e+03 -9.999000e+03 -9.999000e+03 -9.999000e+03 -9.999000e+03 -9.999000e+03 -9.999000e+03 -9.999000e+03 1.671355e-01 3.931286e-02 4.084768e-02 4.223494e-02 4.349427e-02 4.362131e-02 4.329465e-02 4.313858e-02 4.371831e-02 4.486476e-02 4.643583e-02 4.775786e-02 4.837541e-02 5.004139e-02 5.329098e-02 5.541082e-02 5.619994e-02 5.587305e-02 5.490149e-02 5.487599e-02 7.812297e-02 4.258486e-02 5.215515e-02 5.780430e-02 5.869059e-02 6.007551e-02 6.213260e-02 6.468276e-02 6.685146e-02 6.894679e-02 6.864680e-02 6.966563e-02 6.919364e-02 6.888927e-02 6.802010e-02 6.466590e-02 7.156711e-02 7.105051e-02 1.079439e-01
-9.999000e+03 -9.999000e+03 -9.999000e+03 -9.999000e+03 -9.999000e+03 -9.999000e+03 -9.999000e+03 -9.999000e+03 -9.999000e+03 -9.999000e+03 -9.999000e+03 -9.999000e+03 1.282180e-01 1.930450e-01 4.066311e-02 4.130473e-02 4.456673e-02 4.350912e-02 4.420036e-02 4.432359e-02 4.415315e-02 4.391560e-02 4.419370e-02 4.504647e-02 4.633269e-02 4.770809e-02 4.990586e-02 5.314303e-02 5.514318e-02 5.586057e-02 5.633912e-02 5.654181e-02 7.406244e-02 5.580632e-02 4.316555e-02 5.691293e-02 5.761023e-02 5.836065e-02 6.005827e-02 6.263544e-02 6.431590e-02 6.606967e-02 6.715305e-02 6.796797e-02 6.697059e-02 6.599106e-02 6.675777e-02 6.751525e-02 6.641481e-02 6.225274e-02 5.970013e-02 6.599151e-02
-9.999000e+03 -9.999000e+03 -9.999000e+03 -9.999000e+03 -9.999000e+03 -9.999000e+03 -9.999000e+03 -9.999000e+03 -9.999000e+03 -9.999000e+03 -9.999000e+03 -9.999000e+03 1.626065e-01 3.891455e-02 4.053486e-02 4.821165e-02 4.205486e-02 4.373393e-02 4.472340e-02 4.516978e-02 4.505980e-02 4.440391e-02 4.422139e-02 4.455983e-02 4.556436e-02 4.701380e-02 4.902904e-02 5.177768e-02 5.300792e-02 5.385462e-02 5.457864e-02 7.248911e-02 4.371683e-02 5.208823e-02 5.525377e-02 5.492592e-02 5.444661e-02 5.516315e-02 5.804851e-02 5.850392e-02 6.067868e-02 6.281082e-02 6.397033e-02 6.009089e-02 6.046592e-02 6.140523e-02 6.237360e-02 6.215673e-02 6.159374e-02 6.587720e-02 6.047355e-02 5.718953e-02
-9.999000e+03 -9.999000e+03 -9.999000e+03 -9.999000e+03 -9.999000e+03 -9.999000e+03 -9.999000e+03 -9.999000e+03 -9.999000e+03 -9.999000e+03 -9.999000e+03 1.157841e-01 2.138393e-02 3.610705e-02 5.025170e-02 3.943861e-02 4.195789e-02 4.380461e-02 4.494385e-02 4.554823e-02 4.553653e-02 4.500201e-02 4.483178e-02 4.500812e-02 4.562094e-02 4.672311e-02 4.791738e-02 4.858599e-02 5.013907e-02 4.999463e-02 5.048311e-02 6.068698e-02 4.115701e-02 5.272900e-02 5.182513e-02 4.860462e-02 4.850482e-02 5.251691e-02 4.945041e-02 5.060945e-02 5.294500e-02 5.643346e-02 4.827927e-02 4.802162e-02 4.832318e-02 4.913723e-02 4.978173e-02 5.029568e-02 6.833009e-02 5.714580e-02 5.594582e-02 5.535424e-02
-9.999000e+03 -9.999000e+03 -9.999000e+03 -9.999000e+03 -9.999000e+03 -9.999000e+03 -9.999000e+03 -9.999000e+03 -9.999000e+03 -9.999000e+03 1.109270e-01 1.418804e-01 3.254639e-02 4.898531e-02 3.059892e-02 3.735314e-02 4.076437e-02 4.294738e-02 4.444583e-02 4.494873e-02 4.525800e-02 4.478791e-02 4.469285e-02 4.485937e-02 4.537975e-02 4.629582e-02 4.412500e-02 4.746903e-02 4.728020e-02 4.601531e-02 4.618254e-02 4.637318e-02 4.700965e-02 4.692320e-02 4.020144e-02 3.861623e-02 4.816882e-02 3.771550e-02 3.790748e-02 3.845017e-02 4.107609e-02 4.540543e-02 5.708918e-02 6.111699e-02 6.318867e-02 6.492288e-02 6.607292e-02 6.677318e-02 4.843716e-02 4.706958e-02 4.703267e-02 4.738668e-02
-9.999000e+03 -9.999000e+03 -9.999000e+03 -9.999000e+03 -9.999000e+03 -9.999000e+03 -9.999000e+03 -9.999000e+03 -9.999000e+03 -9.999000e+03 1.031604e-01 2.952089e-02 4.826020e-02 3.139311e-02 2.763771e-02 3.471551e-02 3.809651e-02 4.110723e-02 4.254691e-02 4.404562e-02 4.431593e-02 4.413863e-02 4.408554e-02 4.438322e-02 4.410299e-02 3.648277e-02 4.545442e-02 4.595303e-02 4.398770e-02 4.220711e-02 4.159862e-02 4.133601e-02 3.519233e-02 3.857132e-02 4.680453e-02 4.707696e-02 3.594512e-02 4.158497e-02 4.405044e-02 4.650220e-02 4.055028e-02 4.502874e-02 5.636214e-02 5.986265e-02 6.133944e-02 6.254577e-02 6.374870e-02 6.492070e-02 6.486458e-02 6.331368e-02 6.303666e-02 6.477702e-02
-9.999000e+03 -9.999000e+03 -9.999000e+03 -9.999000e+03 -9.999000e+03 -9.999000e+03 -9.999000e+03 -9.999000e+03 -9.999000e+03 1.040101e-01 1.843869e-02 4.481523e-02 3.008515e-02 2.666949e-02 3.010102e-02 3.302061e-02 3.596780e-02 3.721050e-02 4.159491e-02 4.230155e-02 4.316546e-02 4.346721e-02 4.382562e-02 4.182485e-02 3.578740e-02 4.225058e-02 4.475390e-02 4.133162e-02 3.989776e-02 3.739881e-02 3.661501e-02 3.296972e-02 4.114386e-02 4.726767e-02 4.987618e-02 4.914406e-02 4.797089e-02 4.692367e-02 3.769000e-02 4.025109e-02 5.454495e-02 5.454390e-02 5.949036e-02 5.990747e-02 5.961280e-02 5.973635e-02 6.084675e-02 6.288580e-02 6.396914e-02 6.379513e-02 6.333724e-02 6.303177e-02
-9.999000e+03 -9.999000e+03 -9.999000e+03 -9.999000e+03 -9.999000e+03 -9.999000e+03 -9.999000e+03 -9.999000e+03 -9.999000e+03 1.143531e-01 4.793533e-02 3.046761e-02 2.891061e-02 2.597974e-02 3.151955e-02 3.292194e-02 2.879797e-02 3.826955e-02 3.875925e-02 4.074312e-02 4.212140e-02 4.292568e-02 3.511708e-02 3.603248e-02 4.245923e-02 4.351936e-02 3.460640e-02 3.419390e-02 3.281184e-02 3.022667e-02 3.038439e-02 3.906070e-02 4.470455e-02 4.900417e-02 5.118468e-02 5.143427e-02 5.098084e-02 3.865933e-02 5.063938e-02 5.029840e-02 5.296918e-02 5.899371e-02 5.978445e-02 5.846386e-02 5.765249e-02 5.803646e-02 5.914706e-02 6.080287e-02 6.194243e-02 6.256156e-02 1.060828e-01 1.074963e-01
-9.999000e+03 -9.999000e+03 -9.999000e+03 -9.999000e+03 -9.999000e+03 -9.999000e+03 -9.999000e+03 -9.999000e+03 1.542196e-01 2.073325e-02 4.368308e-02 3.240520e-02 2.540186e-02 2.974742e-02 3.269740e-02 3.334995e-02 3.971769e-02 3.446508e-02 3.668300e-02 3.963560e-02 4.168751e-02 4.046902e-02 4.348956e-02 4.565299e-02 4.594087e-02 7.066364e-02 7.231585e-02 6.874859e-02 6.373953e-02 5.731568e-02 5.474435e-02 5.522200e-02 5.404180e-02 5.155858e-02 5.251695e-02 5.298187e-02 5.259820e-02 6.284861e-02 6.512250e-02 7.636898e-02 8.062263e-02 8.304286e-02 7.773418e-02 7.225838e-02 6.829766e-02 6.554187e-02 6.191140e-02 5.832633e-02 5.828703e-02 1.101567e-01 5.858505e-02 5.901516e-02
-9.999000e+03 -9.999000e+03 -9.999000e+03 -9.999000e+03 -9.999000e+03 -9.999000e+03 -9.999000e+03 1.099751e-01 1.480611e-01 4.302365e-02 3.321240e-02 3.326075e-02 2.607090e-02 3.190087e-02 3.332163e-02 3.373248e-02 3.382870e-02 3.368536e-02 3.560632e-02 3.922733e-02 3.383816e-02 3.454590e-02 4.149553e-02 6.548242e-02 6.960374e-02 4.537564e-02 4.380168e-02 4.412298e-02 4.311293e-02 4.075870e-02 4.150838e-02 4.554313e-02 4.898824e-02 5.150712e-02 5.282095e-02 5.294943e-02 5.242097e-02 5.134970e-02 5.204598e-02 5.460939e-02 5.585429e-02 5.546481e-02 5.502926e-02 5.475216e-02 5.527379e-02 5.664533e-02 5.672059e-02 5.532823e-02 1.169810e-01 5.529192e-02 5.681319e-02 5.807627e-02
-9.999000e+03 -9.999000e+03 -9.999000e+03 -9.999000e+03 -9.999000e+03 -9.999000e+03 -9.999000e+03 1.007750e-01 2.691294e-02 4.339352e-02 2.839785e-02 3.236185e-02 3.267369e-02 3.318893e-02 3.378810e-02 3.398427e-02 3.433979e-02 3.454375e-02 3.637915e-02 4.013478e-02 5.026953e-02 5.733559e-02 6.306061e-02 4.463017e-02 4.537740e-02 4.312077e-02 3.649044e-02 4.284682e-02 4.417465e-02 4.304078e-02 4.382598e-02 4.708166e-02 4.956876e-02 5.102995e-02 5.166459e-02 5.157159e-02 1.046638e-01 1.057070e-01 1.080532e-01 1.117960e-01 1.139302e-01 1.144694e-01 1.149411e-01 1.135849e-01 1.133411e-01 1.124096e-01 1.153983e-01 1.183669e-01 5.360443e-02 5.364993e-02 5.502425e-02 5.653735e-02
-9.999000e+03 -9.999000e+03 -9.999000e+03 -9.999000e+03 -9.999000e+03 -9.999000e+03 -9.999000e+03 7.730724e-03 3.876046e-02 3.105688e-02 2.649823e-02 3.183699e-02 3.406809e-02 3.453682e-02 3.456403e-02 3.469573e-02 3.557978e-02 3.643489e-02 3.816303e-02 4.152396e-02 4.394995e-02 4.499696e-02 4.439213e-02 4.370764e-02 3.562281e-02 3.689178e-02 4.398946e-02 4.577758e-02 4.590821e-02 4.529712e-02 4.569834e-02 4.746836e-02 4.876987e-02 9.900093e-02 1.016371e-01 1.043203e-01 5.341146e-02 5.525781e-02 5.695257e-02 5.865342e-02 5.952299e-02 5.943978e-02 5.962878e-02 7.489856e-02 8.563685e-02 9.294246e-02 5.807234e-02 5.665831e-02 5.488919e-02 5.304167e-02 5.280064e-02 5.403420e-02
