tests/data/reference/test_implicit_stream_rill_mfda/mvel_m_s.asc
ncols	123
nrows	77
xllcorner	-713746.79929998
yllcorner	-1061022.36961616
cellsize	10.0
NODATA_value	-9999
[rows 46 to 68 of 77, columns 0 to 51 of 123]
-9.999000e+03 -9.999000e+03 -9.999000e+03 -9.999000e+03 -9.999000e+03 -9.999000e+03 1.064702e-01 3.648848e-02 3.073538e-02 3.179325e-02 2.680610e-02 3.274695e-02 3.573846e-02 3.609222e-02 3.609780e-02 3.587043e-02 3.606176e-02 3.648085e-02 3.789361e-02 4.107035e-02 4.370607e-02 4.263573e-02 4.286264e-02 4.215815e-02 4.464262e-02 4.723809e-02 4.805507e-02 4.697843e-02 4.653898e-02 4.691363e-02 4.706154e-02 9.298449e-02 9.564848e-02 4.913500e-02 5.096953e-02 5.305434e-02 5.538711e-02 5.764920e-02 5.946345e-02 6.104356e-02 6.200336e-02 6.226604e-02 6.246675e-02 6.293319e-02 6.268917e-02 6.150110e-02 6.040509e-02 5.925465e-02 5.733955e-02 5.461979e-02 5.295821e-02 5.312460e-02
-9.999000e+03 -9.999000e+03 -9.999000e+03 -9.999000e+03 -9.999000e+03 -9.999000e+03 1.521482e-02 3.110417e-02 3.162229e-02 3.309696e-02 2.906771e-02 3.570335e-02 3.732307e-02 3.809709e-02 3.842773e-02 3.740097e-02 3.606772e-02 3.519205e-02 3.628351e-02 3.950874e-02 3.442790e-02 3.562530e-02 3.622929e-02 3.617861e-02 4.325281e-02 4.705738e-02 4.822558e-02 8.280244e-02 8.576114e-02 8.999237e-02 9.272306e-02 4.856745e-02 4.927557e-02 5.075228e-02 5.243743e-02 5.404399e-02 5.580724e-02 5.774598e-02 5.939003e-02 6.097759e-02 6.238463e-02 6.343673e-02 6.418711e-02 6.470563e-02 6.452739e-02 6.341170e-02 6.213936e-02 6.101725e-02 5.962341e-02 5.738857e-02 5.514391e-02 5.394689e-02
-9.999000e+03 -9.999000e+03 -9.999000e+03 -9.999000e+03 -9.999000e+03 9.533210e-02 2.898972e-02 3.661028e-02 2.787359e-02 2.836821e-02 3.292471e-02 3.499883e-02 3.687833e-02 3.853740e-02 3.832727e-02 3.817266e-02 3.692507e-02 3.561012e-02 3.640906e-02 3.937603e-02 4.948945e-02 5.745258e-02 6.425297e-02 7.144405e-02 7.510052e-02 7.940949e-02 8.307547e-02 4.867709e-02 4.867608e-02 4.963521e-02 4.995654e-02 4.973117e-02 5.041901e-02 5.159950e-02 5.275926e-02 5.383664e-02 5.523723e-02 5.721421e-02 5.894406e-02 6.040304e-02 6.185019e-02 6.319750e-02 6.430423e-02 6.511414e-02 6.533838e-02 6.474870e-02 6.359778e-02 6.220848e-02 6.101620e-02 5.957869e-02 5.758576e-02 5.559894e-02
-9.999000e+03 -9.999000e+03 -9.999000e+03 -9.999000e+03 1.346112e-01 1.113322e-02 3.232195e-02 3.733765e-02 2.635569e-02 2.529724e-02 2.980623e-02 3.214155e-02 3.605663e-02 3.519770e-02 3.717895e-02 3.800279e-02 3.770580e-02 3.650302e-02 3.728142e-02 4.009142e-02 4.263523e-02 4.473962e-02 4.725498e-02 4.891947e-02 5.014816e-02 5.043679e-02 5.066663e-02 5.064724e-02 5.053235e-02 5.077472e-02 5.089183e-02 5.057830e-02 5.058257e-02 5.097216e-02 5.159769e-02 5.237301e-02 5.368893e-02 5.591545e-02 5.798647e-02 5.954806e-02 6.081837e-02 6.195450e-02 6.310493e-02 6.417803e-02 6.492255e-02 6.512382e-02 6.448666e-02 6.302458e-02 6.184282e-02 6.116294e-02 5.949135e-02 5.733603e-02
-9.999000e+03 -9.999000e+03 -9.999000e+03 -9.999000e+03 1.067282e-01 3.104520e-02 3.138973e-02 3.105276e-02 2.713282e-02 2.338576e-02 2.811520e-02 3.538529e-02 2.764174e-02 3.385817e-02 3.647001e-02 3.794981e-02 3.802352e-02 3.675063e-02 3.750713e-02 4.038423e-02 4.335488e-02 4.687785e-02 4.793946e-02 5.106572e-02 5.245181e-02 5.261040e-02 5.301152e-02 5.348661e-02 5.334854e-02 5.302268e-02 5.302758e-02 5.286173e-02 5.253382e-02 5.226310e-02 5.222599e-02 5.247434e-02 5.324458e-02 5.493195e-02 5.694383e-02 5.876667e-02 5.989611e-02 6.051207e-02 6.138249e-02 6.248235e-02 6.354950e-02 6.437725e-02 6.434963e-02 6.327818e-02 6.241509e-02 6.152749e-02 6.056480e-02 5.836482e-02
-9.999000e+03 -9.999000e+03 -9.999000e+03 9.808315e-02 9.686401e-03 3.018953e-02 2.456163e-02 2.561787e-02 2.209884e-02 2.534253e-02 3.006709e-02 2.791966e-02 2.600545e-02 3.239748e-02 3.573972e-02 3.756740e-02 3.787876e-02 3.681857e-02 3.740076e-02 4.019466e-02 4.692695e-02 4.515315e-02 4.962732e-02 5.264165e-02 5.432865e-02 5.489902e-02 5.560815e-02 5.640934e-02 5.645153e-02 5.593770e-02 5.572611e-02 5.560041e-02 5.531829e-02 5.482245e-02 5.425737e-02 5.393290e-02 5.390630e-02 5.451931e-02 5.611076e-02 5.817320e-02 5.915836e-02 5.910098e-02 5.945528e-02 6.031457e-02 6.145359e-02 6.270793e-02 6.334239e-02 6.306649e-02 6.041093e-02 6.049851e-02 5.979300e-02 5.793556e-02
-9.999000e+03 -9.999000e+03 -9.999000e+03 8.944885e-02 2.612932e-02 2.451833e-02 2.102698e-02 1.867306e-02 2.084923e-02 2.166052e-02 2.523957e-02 2.510224e-02 2.371136e-02 3.035695e-02 3.435991e-02 3.631440e-02 3.695782e-02 3.639225e-02 3.629568e-02 4.654520e-02 3.472480e-02 4.354951e-02 4.798518e-02 5.114188e-02 5.347440e-02 5.482824e-02 5.584715e-02 5.680742e-02 5.701081e-02 5.640948e-02 5.593655e-02 5.572356e-02 5.569272e-02 5.564577e-02 5.546811e-02 5.535760e-02 5.511990e-02 5.485875e-02 5.586487e-02 5.801744e-02 5.903075e-02 5.864626e-02 5.851231e-02 5.881500e-02 5.957999e-02 6.078618e-02 6.182389e-02 5.646275e-02 5.648053e-02 5.627193e-02 5.564840e-02 9.169543e-02
-9.999000e+03 -9.999000e+03 7.403825e-02 5.496387e-03 2.269815e-02 2.219963e-02 1.624009e-02 1.460986e-02 1.591774e-02 1.384767e-02 1.876460e-02 2.067412e-02 2.022247e-02 2.766469e-02 3.216214e-02 3.406509e-02 3.529812e-02 3.541167e-02 3.887774e-02 3.358166e-02 3.035581e-02 3.816558e-02 4.275157e-02 4.643455e-02 4.996556e-02 5.231450e-02 5.377253e-02 5.495159e-02 5.530111e-02 5.466967e-02 5.392424e-02 5.356851e-02 5.396502e-02 5.489331e-02 5.560799e-02 5.626912e-02 5.638447e-02 5.580986e-02 5.612288e-02 5.793389e-02 5.914268e-02 5.904455e-02 5.864974e-02 5.826479e-02 5.842428e-02 5.929798e-02 4.529126e-02 4.606412e-02 4.618136e-02 4.570808e-02 9.631849e-02 6.000676e-02
-9.999000e+03 -9.999000e+03 8.546178e-03 2.120610e-02 2.078777e-02 1.655725e-02 1.301469e-02 1.635925e-02 1.650003e-02 7.913203e-03 1.451793e-02 1.717395e-02 1.713750e-02 2.488335e-02 2.858870e-02 2.983518e-02 3.124482e-02 3.224570e-02 3.047767e-02 2.950393e-02 2.484782e-02 3.126404e-02 3.585934e-02 4.012176e-02 4.402774e-02 4.747811e-02 5.009051e-02 5.180146e-02 5.263215e-02 5.241631e-02 5.170626e-02 5.108593e-02 5.178883e-02 5.306651e-02 5.436806e-02 5.545528e-02 5.597152e-02 5.572385e-02 5.598180e-02 5.731717e-02 5.849522e-02 5.893248e-02 5.880517e-02 5.840244e-02 5.851324e-02 5.944544e-02 6.039511e-02 6.140217e-02 9.419766e-02 1.002817e-01 6.023923e-02 6.012793e-02
-9.999000e+03 6.286378e-02 1.289451e-02 2.451643e-02 1.946437e-02 1.032504e-02 1.736589e-02 1.728747e-02 -9.999000e+03 -9.999000e+03 -9.999000e+03 1.428647e-02 1.574905e-02 2.074915e-02 2.293253e-02 2.305641e-02 2.408019e-02 2.585258e-02 2.401219e-02 1.760895e-02 1.612965e-02 2.163203e-02 2.810898e-02 3.160508e-02 3.553210e-02 4.065902e-02 4.442452e-02 4.710649e-02 4.870712e-02 4.919456e-02 4.881560e-02 4.877422e-02 4.892025e-02 5.059500e-02 5.207264e-02 5.340984e-02 5.417930e-02 5.435706e-02 5.513403e-02 5.651457e-02 5.766333e-02 5.828652e-02 5.858684e-02 5.841758e-02 5.889339e-02 6.027384e-02 7.515128e-02 8.589093e-02 6.169449e-02 6.062953e-02 6.048356e-02 6.106471e-02
-9.999000e+03 1.009474e-01 2.077494e-02 1.934629e-02 1.550799e-02 1.597510e-02 -9.999000e+03 -9.999000e+03 -9.999000e+03 -9.999000e+03 -9.999000e+03 -9.999000e+03 1.696509e-02 1.975621e-02 2.345547e-02 2.488860e-02 2.305098e-02 2.771640e-02 2.660489e-02 1.876088e-02 1.397746e-02 1.443160e-02 1.844730e-02 2.296118e-02 2.910801e-02 3.368915e-02 3.760389e-02 4.081690e-02 4.279753e-02 4.369702e-02 4.620986e-02 4.515964e-02 4.628513e-02 4.808967e-02 4.996603e-02 5.159013e-02 5.244237e-02 5.251669e-02 5.362963e-02 5.603101e-02 5.730773e-02 5.791625e-02 5.786610e-02 5.793480e-02 5.921888e-02 6.045642e-02 6.140481e-02 6.200332e-02 6.158333e-02 6.072853e-02 6.107371e-02 6.268310e-02
9.891211e-02 1.184030e-02 2.124162e-02 1.575704e-02 9.596493e-03 1.972257e-02 -9.999000e+03 -9.999000e+03 -9.999000e+03 -9.999000e+03 -9.999000e+03 -9.999000e+03 -9.999000e+03 -9.999000e+03 -9.999000e+03 2.359203e-02 2.874411e-02 2.512929e-02 2.362104e-02 2.132704e-02 2.467268e-02 -9.999000e+03 -9.999000e+03 1.843578e-02 2.307395e-02 2.580692e-02 2.871807e-02 3.155273e-02 3.296791e-02 4.065918e-02 3.967548e-02 4.195291e-02 4.285397e-02 4.539837e-02 4.766553e-02 4.940260e-02 5.021323e-02 5.011438e-02 5.242038e-02 5.503407e-02 5.688016e-02 5.627471e-02 5.634623e-02 5.808616e-02 5.835234e-02 5.992970e-02 6.171119e-02 6.160834e-02 6.140641e-02 6.060178e-02 6.208908e-02 6.418083e-02
7.928133e-02 1.494715e-02 1.392846e-02 1.386960e-02 2.009612e-02 -9.999000e+03 -9.999000e+03 -9.999000e+03 -9.999000e+03 -9.999000e+03 -9.999000e+03 -9.999000e+03 -9.999000e+03 -9.999000e+03 -9.999000e+03 -9.999000e+03 -9.999000e+03 -9.999000e+03 -9.999000e+03 -9.999000e+03 -9.999000e+03 -9.999000e+03 -9.999000e+03 1.729798e-02 2.193705e-02 2.366417e-02 2.945183e-02 3.392502e-02 3.553574e-02 2.898341e-02 3.527569e-02 3.538182e-02 3.769022e-02 4.111817e-02 4.357369e-02 4.491915e-02 4.572191e-02 4.893082e-02 4.976354e-02 5.319390e-02 5.229578e-02 5.246905e-02 5.709793e-02 5.542063e-02 5.593544e-02 5.897537e-02 5.831179e-02 5.899403e-02 5.890076e-02 5.990810e-02 6.053360e-02 6.480908e-02
-9.999000e+03 2.100964e-02 1.974791e-02 2.357446e-02 -9.999000e+03 -9.999000e+03 -9.999000e+03 -9.999000e+03 -9.999000e+03 -9.999000e+03 -9.999000e+03 -9.999000e+03 -9.999000e+03 -9.999000e+03 -9.999000e+03 -9.999000e+03 -9.999000e+03 -9.999000e+03 -9.999000e+03 -9.999000e+03 -9.999000e+03 -9.999000e+03 -9.999000e+03 -9.999000e+03 -9.999000e+03 -9.999000e+03 2.584821e-02 2.797802e-02 3.178251e-02 2.936349e-02 2.430392e-02 2.625316e-02 2.947900e-02 3.343844e-02 3.524786e-02 3.568588e-02 4.534073e-02 4.390720e-02 4.601771e-02 4.159504e-02 4.288944e-02 5.554900e-02 5.150806e-02 5.127643e-02 5.602083e-02 5.190493e-02 5.237288e-02 5.278511e-02 5.790347e-02 5.557091e-02 5.903195e-02 5.845617e-02
-9.999000e+03 -9.999000e+03 -9.999000e+03 -9.999000e+03 -9.999000e+03 -9.999000e+03 -9.999000e+03 -9.999000e+03 -9.999000e+03 -9.999000e+03 -9.999000e+03 -9.999000e+03 -9.999000e+03 -9.999000e+03 -9.999000e+03 -9.999000e+03 -9.999000e+03 -9.999000e+03 -9.999000e+03 -9.999000e+03 -9.999000e+03 -9.999000e+03 -9.999000e+03 -9.999000e+03 -9.999000e+03 -9.999000e+03 -9.999000e+03 -9.999000e+03 2.679388e-02 2.666113e-02 2.214021e-02 2.396583e-02 2.772908e-02 3.704485e-02 4.075985e-02 4.041289e-02 3.359063e-02 3.582375e-02 3.793127e-02 4.756937e-02 5.210231e-02 4.175165e-02 4.212999e-02 5.497861e-02 4.243010e-02 4.248115e-02 4.229349e-02 5.496425e-02 5.051733e-02 5.542018e-02 4.435383e-02 4.777523e-02
-9.999000e+03 -9.999000e+03 -9.999000e+03 -9.999000e+03 -9.999000e+03 -9.999000e+03 -9.999000e+03 -9.999000e+03 -9.999000e+03 -9.999000e+03 -9.999000e+03 -9.999000e+03 -9.999000e+03 -9.999000e+03 -9.999000e+03 -9.999000e+03 -9.999000e+03 -9.999000e+03 -9.999000e+03 -9.999000e+03 -9.999000e+03 -9.999000e+03 -9.999000e+03 -9.999000e+03 -9.999000e+03 -9.999000e+03 -9.999000e+03 -9.999000e+03 -9.999000e+03 2.321252e-02 2.731058e-02 2.917089e-02 3.337639e-02 3.349603e-02 3.430203e-02 3.228064e-02 3.240922e-02 3.499572e-02 4.348804e-02 4.787152e-02 5.008859e-02 5.102582e-02 5.244909e-02 4.181864e-02 5.068985e-02 5.387374e-02 5.416737e-02 4.036749e-02 5.283757e-02 4.244441e-02 5.313069e-02 5.998492e-02
-9.999000e+03 -9.999000e+03 -9.999000e+03 -9.999000e+03 -9.999000e+03 -9.999000e+03 -9.999000e+03 -9.999000e+03 -9.999000e+03 -9.999000e+03 -9.999000e+03 -9.999000e+03 -9.999000e+03 -9.999000e+03 -9.999000e+03 -9.999000e+03 -9.999000e+03 -9.999000e+03 -9.999000e+03 -9.999000e+03 -9.999000e+03 -9.999000e+03 -9.999000e+03 -9.999000e+03 -9.999000e+03 -9.999000e+03 -9.999000e+03 -9.999000e+03 -9.999000e+03 -9.999000e+03 3.046295e-02 -9.999000e+03 -9.999000e+03 -9.999000e+03 -9.999000e+03 -9.999000e+03 -9.999000e+03 -9.999000e+03 3.684504e-02 4.446570e-02 4.717477e-02 4.759344e-02 4.908082e-02 5.196654e-02 5.377241e-02 5.432070e-02 5.328499e-02 5.048465e-02 3.942935e-02 5.070027e-02 5.661343e-02 5.976198e-02
-9.999000e+03 -9.999000e+03 -9.999000e+03 -9.999000e+03 -9.999000e+03 -9.999000e+03 -9.999000e+03 -9.999000e+03 -9.999000e+03 -9.999000e+03 -9.999000e+03 -9.999000e+03 -9.999000e+03 -9.999000e+03 -9.999000e+03 -9.999000e+03 -9.999000e+03 -9.999000e+03 -9.999000e+03 -9.999000e+03 -9.999000e+03 -9.999000e+03 -9.999000e+03 -9.999000e+03 -9.999000e+03 -9.999000e+03 -9.999000e+03 -9.999000e+03 -9.999000e+03 -9.999000e+03 -9.999000e+03 -9.999000e+03 -9.999000e+03 -9.999000e+03 -9.999000e+03 -9.999000e+03 -9.999000e+03 -9.999000e+03 -9.999000e+03 -9.999000e+03 -9.999000e+03 3.702408e-02 3.787606e-02 4.019582e-02 4.921023e-02 5.218246e-02 5.185963e-02 4.906167e-02 5.002081e-02 5.516290e-02 5.796232e-02 5.799442e-02
-9.999000e+03 -9.999000e+03 -9.999000e+03 -9.999000e+03 -9.999000e+03 -9.999000e+03 -9.999000e+03 -9.999000e+03 -9.999000e+03 -9.999000e+03 -9.999000e+03 -9.999000e+03 -9.999000e+03 -9.999000e+03 -9.999000e+03 -9.999000e+03 -9.999000e+03 -9.999000e+03 -9.999000e+03 -9.999000e+03 -9.999000e+03 -9.999000e+03 -9.999000e+03 -9.999000e+03 -9.999000e+03 -9.999000e+03 -9.999000e+03 -9.999000e+03 -9.999000e+03 -9.999000e+03 -9.999000e+03 -9.999000e+03 -9.999000e+03 -9.999000e+03 -9.999000e+03 -9.999000e+03 -9.999000e+03 -9.999000e+03 -9.999000e+03 -9.999000e+03 -9.999000e+03 -9.999000e+03 -9.999000e+03 -9.999000e+03 4.179826e-02 4.122385e-02 4.791155e-02 4.843659e-02 3.951333e-02 5.133849e-02 5.575059e-02 5.442128e-02
-9.999000e+03 -9.999000e+03 -9.999000e+03 -9.999000e+03 -9.999000e+03 -9.999000e+03 -9.999000e+03 -9.999000e+03 -9.999000e+03 -9.999000e+03 -9.999000e+03 -9.999000e+03 -9.999000e+03 -9.999000e+03 -9.999000e+03 -9.999000e+03 -9.999000e+03 -9.999000e+03 -9.999000e+03 -9.999000e+03 -9.999000e+03 -9.999000e+03 -9.999000e+03 -9.999000e+03 -9.999000e+03 -9.999000e+03 -9.999000e+03 -9.999000e+03 -9.999000e+03 -9.999000e+03 -9.999000e+03 -9.999000e+03 -9.999000e+03 -9.999000e+03 -9.999000e+03 -9.999000e+03 -9.999000e+03 -9.999000e+03 -9.999000e+03 -9.999000e+03 -9.999000e+03 -9.999000e+03 -9.999000e+03 -9.999000e+03 -9.999000e+03 -9.999000e+03 -9.999000e+03 -9.999000e+03 -9.999000e+03 -9.999000e+03 4.324414e-02 4.758949e-02
-9.999000e+03 -9.999000e+03 -9.999000e+03 -9.999000e+03 -9.999000e+03 -9.999000e+03 -9.999000e+03 -9.999000e+03 -9.999000e+03 -9.999000e+03 -9.999000e+03 -9.999000e+03 -9.999000e+03 -9.999000e+03 -9.999000e+03 -9.999000e+03 -9.999000e+03 -9.999000e+03 -9.999000e+03 -9.999000e+03 -9.999000e+03 -9.999000e+03 -9.999000e+03 -9.999000e+03 -9.999000e+03 -9.999000e+03 -9.999000e+03 -9.999000e+03 -9.999000e+03 -9.999000e+03 -9.999000e+03 -9.999000e+03 -9.999000e+03 -9.999000e+03 -9.999000e+03 -9.999000e+03 -9.999000e+03 -9.999000e+03 -9.999000e+03 -9.999000e+03 -9.999000e+03 -9.999000e+03 -9.999000e+03 -9.999000e+03 -9.999000e+03 -9.999000e+03 -9.999000e+03 -9.999000e+03 -9.999000e+03 -9.999000e+03 -9.999000e+03 3.826352e-02
-9.999000e+03 -9.999000e+03 -9.999000e+03 -9.999000e+03 -9.999000e+03 -9.999000e+03 -9.999000e+03 -9.999000e+03 -9.999000e+03 -9.999000e+03 -9.999000e+03 -9.999000e+03 -9.999000e+03 -9.999000e+03 -9.999000e+03 -9.999000e+03 -9.999000e+03 -9.999000e+03 -9.999000e+03 -9.999000e+03 -9.999000e+03 -9.999000e+03 -9.999000e+03 -9.999000e+03 -9.999000e+03 -9.999000e+03 -9.999000e+03 -9.999000e+03 -9.999000e+03 -9.999000e+03 -9.999000e+03 -9.999000e+03 -9.999000e+03 -9.999000e+03 -9.999000e+03 -9.999000e+03 -9.999000e+03 -9.999000e+03 -9.999000e+03 -9.999000e+03 -9.999000e+03 -9.999000e+03 -9.999000e+03 -9.999000e+03 -9.999000e+03 -9.999000e+03 -9.999000e+03 -9.999000e+03 -9.999000e+03 -9.999000e+03 -9.999000e+03 -9.999000e+03
-9.999000e+03 -9.999000e+03 -9.999000e+03 -9.999000e+03 -9.999000e+03 -9.999000e+03 -9.999000e+03 -9.999000e+03 -9.999000e+03 -9.999000e+03 -9.999000e+03 -9.999000e+03 -9.999000e+03 -9.999000e+03 -9.999000e+03 -9.999000e+03 -9.999000e+03 -9.999000e+03 -9.999000e+03 -9.999000e+03 -9.999000e+03 -9.999000e+03 -9.999000e+03 -9.999000e+03 -9.999000e+03 -9.999000e+03 -9.999000e+03 -9.999000e+03 -9.999000e+03 -9.999000e+03 -9.999000e+03 -9.999000e+03 -9.999000e+03 -9.999000e+03 -9.999000e+03 -9.999000e+03 -9.999000e+03 -9.999000e+03 -9.999000e+03 -9.999000e+03 -9.999000e+03 -9.999000e+03 -9.999000e+03 -9.999000e+03 -9.999000e+03 -9.999000e+03 -9.999000e+03 -9.999000e+03 -9.999000e+03 -9.999000e+03 -9.999000e+03 -9.999000e+03
