tests/data/reference/test_implicit_stream_rill_mfda/mvel_m_s.asc
ncols	123
nrows	77
xllcorner	-713746.79929998
yllcorner	-1061022.36961616
cellsize	10.0
NODATA_value	-9999
[rows 23 to 45 of 77, columns 52 to 103 of 123]
6.103126e-02 6.819342e-02 6.845889e-02 6.786839e-02 6.746410e-02 6.730536e-02 6.680844e-02 6.580374e-02 6.509419e-02 6.497921e-02 6.462509e-02 6.406119e-02 6.344293e-02 6.221381e-02 5.975411e-02 5.649886e-02 8.558797e-02 5.088363e-02 5.165113e-02 5.276662e-02 5.366977e-02 5.442016e-02 5.406416e-02 5.354296e-02 4.149172e-02 4.735851e-02 8.178698e-02 5.372686e-02 6.850509e-02 4.850441e-02 5.122142e-02 4.888448e-02 3.914594e-02 3.503171e-02 -9.999000e+03 -9.999000e+03 -9.999000e+03 -9.999000e+03 -9.999000e+03 -9.999000e+03 -9.999000e+03 -9.999000e+03 -9.999000e+03 -9.999000e+03 -9.999000e+03 -9.999000e+03 -9.999000e+03 -9.999000e+03 -9.999000e+03 -9.999000e+03 -9.999000e+03 -9.999000e+03
6.218813e-02 6.688428e-02 6.882138e-02 6.808818e-02 6.752304e-02 6.714967e-02 6.652541e-02 6.555913e-02 6.499863e-02 6.493212e-02 6.469354e-02 6.435784e-02 6.353408e-02 6.172766e-02 5.921883e-02 5.637438e-02 9.157600e-02 5.176793e-02 5.318194e-02 5.505567e-02 5.663306e-02 5.776632e-02 5.784923e-02 5.726533e-02 5.213014e-02 5.221201e-02 3.948423e-02 7.621874e-02 4.737121e-02 6.248249e-02 5.986643e-02 5.118610e-02 4.795682e-02 4.427317e-02 3.372145e-02 -9.999000e+03 -9.999000e+03 -9.999000e+03 -9.999000e+03 -9.999000e+03 -9.999000e+03 -9.999000e+03 -9.999000e+03 -9.999000e+03 -9.999000e+03 -9.999000e+03 -9.999000e+03 -9.999000e+03 -9.999000e+03 -9.999000e+03 -9.999000e+03 -9.999000e+03
6.960787e-02 6.745734e-02 6.873795e-02 6.859006e-02 6.739725e-02 6.630213e-02 6.538859e-02 6.491262e-02 6.505292e-02 6.538032e-02 6.529269e-02 6.467535e-02 6.313394e-02 6.085751e-02 5.886493e-02 5.733687e-02 9.890527e-02 5.465556e-02 5.562171e-02 5.721070e-02 5.884198e-02 6.002701e-02 6.018880e-02 5.960474e-02 5.726257e-02 5.643058e-02 5.094557e-02 7.984970e-02 4.055886e-02 4.805528e-02 7.504603e-02 4.803198e-02 5.020134e-02 5.098959e-02 4.703383e-02 3.781379e-02 3.458235e-02 3.428438e-02 -9.999000e+03 -9.999000e+03 -9.999000e+03 -9.999000e+03 -9.999000e+03 -9.999000e+03 -9.999000e+03 -9.999000e+03 -9.999000e+03 -9.999000e+03 -9.999000e+03 -9.999000e+03 -9.999000e+03 -9.999000e+03
6.379757e-02 7.038417e-02 6.886713e-02 6.808775e-02 6.672104e-02 6.540943e-02 6.472519e-02 6.498327e-02 6.552399e-02 6.581844e-02 6.556101e-02 6.452351e-02 6.283659e-02 6.097434e-02 5.946777e-02 5.831134e-02 1.043345e-01 5.588430e-02 5.657114e-02 5.795931e-02 5.940024e-02 6.044705e-02 6.065876e-02 6.039100e-02 5.962037e-02 5.932288e-02 5.739814e-02 8.082988e-02 5.189159e-02 5.166994e-02 7.220617e-02 4.780377e-02 5.050591e-02 5.295773e-02 5.231719e-02 4.779602e-02 4.352283e-02 3.554607e-02 4.090256e-02 3.391703e-02 -9.999000e+03 -9.999000e+03 -9.999000e+03 -9.999000e+03 -9.999000e+03 -9.999000e+03 -9.999000e+03 -9.999000e+03 -9.999000e+03 -9.999000e+03 -9.999000e+03 -9.999000e+03
6.899140e-02 5.210947e-02 6.906027e-02 6.691546e-02 6.557693e-02 6.497574e-02 6.503637e-02 6.565658e-02 6.602387e-02 6.593399e-02 6.543907e-02 6.441931e-02 6.326028e-02 6.212475e-02 6.070070e-02 5.877761e-02 1.072643e-01 5.506142e-02 5.576526e-02 5.707465e-02 5.809502e-02 5.886878e-02 5.921575e-02 5.956921e-02 6.012939e-02 6.083861e-02 6.079500e-02 7.949778e-02 5.812070e-02 5.673188e-02 7.332007e-02 5.161496e-02 5.061802e-02 5.074741e-02 5.102635e-02 4.968051e-02 3.840194e-02 3.653382e-02 4.143535e-02 4.203443e-02 3.925854e-02 1.349724e-01 -9.999000e+03 -9.999000e+03 -9.999000e+03 -9.999000e+03 -9.999000e+03 -9.999000e+03 -9.999000e+03 -9.999000e+03 -9.999000e+03 -9.999000e+03
7.068172e-02 6.269776e-02 6.794743e-02 6.593448e-02 4.842717e-02 6.493296e-02 6.528004e-02 6.599894e-02 6.640527e-02 6.628189e-02 6.572767e-02 6.473704e-02 6.366456e-02 6.246332e-02 6.065687e-02 5.822294e-02 1.097993e-01 5.506754e-02 5.617358e-02 5.756456e-02 5.843682e-02 5.899175e-02 5.919080e-02 5.957519e-02 6.056057e-02 6.189603e-02 6.280947e-02 7.688121e-02 6.142057e-02 6.003556e-02 7.151038e-02 5.456615e-02 5.153791e-02 4.983634e-02 4.952318e-02 4.937051e-02 4.536019e-02 4.367848e-02 3.640376e-02 4.355195e-02 0.000000e+00 1.825859e-01 1.154382e-01 1.010484e-01 -9.999000e+03 -9.999000e+03 -9.999000e+03 -9.999000e+03 -9.999000e+03 -9.999000e+03 -9.999000e+03 -9.999000e+03
7.023536e-02 6.591063e-02 6.681432e-02 6.556784e-02 4.879612e-02 5.875942e-02 6.509936e-02 6.607449e-02 6.696693e-02 6.705461e-02 6.646898e-02 6.525389e-02 6.363862e-02 6.150722e-02 5.898315e-02 5.682911e-02 5.613502e-02 1.079766e-01 5.821650e-02 5.988007e-02 6.092803e-02 6.128147e-02 6.098683e-02 6.075243e-02 6.127373e-02 6.266457e-02 6.389384e-02 7.304005e-02 6.262968e-02 6.128100e-02 6.753631e-02 5.660555e-02 5.372164e-02 5.134170e-02 4.948440e-02 4.843651e-02 4.677556e-02 4.616912e-02 4.377964e-02 0.000000e+00 0.000000e+00 6.020877e-02 4.214984e-02 2.421368e-02 8.895430e-02 -9.999000e+03 -9.999000e+03 -9.999000e+03 -9.999000e+03 -9.999000e+03 -9.999000e+03 -9.999000e+03
6.782270e-02 6.537163e-02 6.531266e-02 6.508508e-02 5.905652e-02 4.892764e-02 6.311526e-02 6.645701e-02 6.715806e-02 6.680010e-02 6.581038e-02 6.419632e-02 6.217778e-02 5.978068e-02 5.779109e-02 5.707196e-02 5.772823e-02 5.929075e-02 1.013484e-01 6.249349e-02 6.315551e-02 6.298860e-02 6.224563e-02 6.170862e-02 6.203313e-02 6.338586e-02 6.440751e-02 6.833444e-02 6.330743e-02 6.245296e-02 6.371649e-02 5.898607e-02 5.643020e-02 5.395600e-02 4.062112e-02 3.912769e-02 4.839753e-02 4.845442e-02 0.000000e+00 0.000000e+00 3.886386e-02 5.217760e-02 3.828842e-02 3.110234e-02 2.541468e-02 8.498360e-02 -9.999000e+03 -9.999000e+03 -9.999000e+03 -9.999000e+03 -9.999000e+03 -9.999000e+03
6.343672e-02 6.258677e-02 6.338409e-02 6.431832e-02 6.290597e-02 5.952900e-02 4.982202e-02 6.614958e-02 6.637353e-02 6.495091e-02 6.323054e-02 6.113310e-02 5.919829e-02 5.790692e-02 5.797335e-02 5.920985e-02 6.086371e-02 6.271752e-02 9.726144e-02 6.503887e-02 6.475679e-02 6.381790e-02 6.275077e-02 6.232027e-02 6.283856e-02 6.401647e-02 6.437634e-02 6.395375e-02 6.369358e-02 6.369465e-02 6.334718e-02 6.173560e-02 5.948415e-02 4.482072e-02 4.284216e-02 4.112345e-02 5.162998e-02 0.000000e+00 0.000000e+00 4.282953e-02 4.358189e-02 4.803211e-02 3.496035e-02 3.126096e-02 3.093880e-02 2.780383e-02 2.585663e-02 -9.999000e+03 -9.999000e+03 -9.999000e+03 -9.999000e+03 -9.999000e+03
5.691970e-02 5.789378e-02 5.980400e-02 6.156123e-02 4.727624e-02 6.363294e-02 6.330048e-02 5.957557e-02 6.476033e-02 6.361076e-02 6.207705e-02 6.037030e-02 5.926627e-02 5.915086e-02 6.008347e-02 6.169965e-02 6.326371e-02 6.462506e-02 9.660065e-02 6.532979e-02 6.457221e-02 6.359767e-02 6.286518e-02 6.288545e-02 6.360516e-02 6.439600e-02 6.397046e-02 6.308761e-02 6.297909e-02 6.334884e-02 6.359557e-02 6.270274e-02 4.683584e-02 4.609325e-02 4.455741e-02 4.296327e-02 0.000000e+00 0.000000e+00 4.681745e-02 4.894191e-02 4.665554e-02 4.601572e-02 3.176593e-02 2.926413e-02 3.450442e-02 3.499333e-02 3.473610e-02 2.748635e-02 8.695397e-02 -9.999000e+03 -9.999000e+03 -9.999000e+03
4.841423e-02 5.143475e-02 5.393545e-02 5.616919e-02 5.845967e-02 5.501151e-02 6.213142e-02 6.262799e-02 6.154521e-02 6.372106e-02 6.346527e-02 6.303461e-02 6.295838e-02 6.311906e-02 6.345536e-02 6.402948e-02 6.444059e-02 6.450733e-02 6.385678e-02 1.009685e-01 6.244920e-02 6.231075e-02 6.265012e-02 6.344974e-02 6.429990e-02 6.449889e-02 6.320325e-02 6.163092e-02 6.106698e-02 6.118191e-02 6.170519e-02 4.668744e-02 4.628184e-02 4.608991e-02 0.000000e+00 0.000000e+00 0.000000e+00 4.451110e-02 5.350928e-02 5.189966e-02 4.955646e-02 3.854034e-02 3.666012e-02 3.900131e-02 3.822700e-02 3.622445e-02 3.465809e-02 2.926000e-02 2.760591e-02 1.055032e-01 -9.999000e+03 -9.999000e+03
1.088964e-01 1.047029e-01 4.604168e-02 4.899461e-02 5.528371e-02 5.819584e-02 5.865717e-02 6.225918e-02 6.352875e-02 6.406096e-02 6.538512e-02 6.588505e-02 6.635588e-02 6.651573e-02 6.635353e-02 6.594346e-02 6.510868e-02 6.389371e-02 6.221428e-02 9.452707e-02 5.966009e-02 5.988261e-02 6.101662e-02 6.243719e-02 6.330186e-02 6.292374e-02 6.104176e-02 5.937959e-02 5.895023e-02 5.910444e-02 6.003089e-02 4.638285e-02 4.632949e-02 0.000000e+00 0.000000e+00 5.400600e-02 4.601549e-02 5.354003e-02 5.613618e-02 5.420344e-02 4.149812e-02 4.049591e-02 3.920994e-02 4.449033e-02 4.180105e-02 3.912146e-02 3.145355e-02 3.165548e-02 3.180268e-02 4.543500e-02 2.679319e-02 1.070277e-01
6.414202e-02 6.041437e-02 1.001720e-01 4.822009e-02 5.100971e-02 5.540923e-02 5.887655e-02 6.066420e-02 6.322826e-02 6.475887e-02 6.578892e-02 6.707390e-02 6.782621e-02 6.797681e-02 6.748156e-02 6.599276e-02 6.355962e-02 6.078358e-02 5.779912e-02 5.488037e-02 9.745918e-02 5.283271e-02 5.456948e-02 5.657919e-02 6.016006e-02 5.923398e-02 5.716997e-02 5.613087e-02 5.662054e-02 5.739479e-02 5.890498e-02 4.653273e-02 0.000000e+00 0.000000e+00 5.228641e-02 5.909655e-02 5.459960e-02 5.718335e-02 5.774252e-02 4.401990e-02 4.293692e-02 4.165820e-02 4.031971e-02 3.857142e-02 4.513907e-02 4.366076e-02 3.588204e-02 4.105924e-02 4.036432e-02 4.522499e-02 3.162812e-02 4.525085e-02
4.182339e-02 5.023760e-02 5.261014e-02 9.802465e-02 9.723296e-02 9.433622e-02 9.299966e-02 5.974823e-02 6.045196e-02 6.133894e-02 6.208784e-02 6.291718e-02 6.321732e-02 6.279268e-02 7.673037e-02 6.001604e-02 5.775625e-02 5.564292e-02 5.343469e-02 5.128032e-02 3.963470e-02 9.811335e-02 6.578100e-02 5.442997e-02 5.394830e-02 5.206386e-02 5.377461e-02 5.368656e-02 5.521105e-02 5.675710e-02 5.862828e-02 0.000000e+00 0.000000e+00 4.651691e-02 5.900229e-02 6.005944e-02 5.778004e-02 5.860935e-02 5.861514e-02 4.483213e-02 4.396248e-02 4.261370e-02 4.128649e-02 3.974884e-02 4.736984e-02 4.602857e-02 4.350999e-02 4.506592e-02 4.442245e-02 4.563300e-02 4.050556e-02 4.588232e-02
5.617286e-02 5.904427e-02 5.871406e-02 5.438600e-02 5.343967e-02 5.674881e-02 5.796481e-02 9.501217e-02 9.621373e-02 9.736714e-02 9.814037e-02 9.851699e-02 9.956123e-02 1.012958e-01 1.030455e-01 1.043899e-01 1.039237e-01 4.692638e-02 4.815121e-02 4.903214e-02 5.051824e-02 4.923658e-02 9.569819e-02 5.379521e-02 5.104767e-02 4.834595e-02 4.758517e-02 5.251199e-02 5.513491e-02 5.742185e-02 0.000000e+00 0.000000e+00 4.764190e-02 4.696316e-02 6.116013e-02 6.059067e-02 5.913073e-02 5.906205e-02 5.884905e-02 4.510049e-02 4.452166e-02 4.330811e-02 4.211437e-02 4.070966e-02 3.904168e-02 3.742526e-02 4.465399e-02 4.506812e-02 4.549725e-02 4.673165e-02 4.577408e-02 4.710916e-02
5.602663e-02 6.063425e-02 6.067865e-02 9.539697e-02 9.605310e-02 9.413783e-02 9.361518e-02 9.440755e-02 9.524661e-02 9.615526e-02 9.690565e-02 9.739196e-02 9.812362e-02 9.934925e-02 1.009222e-01 1.028343e-01 1.043935e-01 1.045171e-01 1.040489e-01 4.403249e-02 4.649751e-02 5.031007e-02 9.754214e-02 5.033969e-02 4.764846e-02 4.576739e-02 4.594378e-02 4.876818e-02 5.566187e-02 0.000000e+00 0.000000e+00 4.756909e-02 4.791367e-02 4.724119e-02 6.191962e-02 6.118241e-02 6.005338e-02 5.978323e-02 4.574026e-02 4.575562e-02 4.530086e-02 4.411268e-02 4.287032e-02 4.159959e-02 4.013148e-02 3.839311e-02 3.687295e-02 4.498259e-02 4.551579e-02 4.680324e-02 4.735414e-02 4.753479e-02
6.212103e-02 9.927006e-02 9.922729e-02 6.248200e-02 6.385294e-02 6.670879e-02 6.838961e-02 6.878447e-02 6.873610e-02 6.829497e-02 6.755705e-02 6.438032e-02 6.269211e-02 6.045617e-02 5.791672e-02 5.544302e-02 6.700915e-02 7.381702e-02 6.664550e-02 1.054714e-01 1.050517e-01 1.011008e-01 1.012407e-01 1.038426e-01 4.377039e-02 4.442917e-02 4.579637e-02 4.976112e-02 0.000000e+00 0.000000e+00 4.692871e-02 5.757680e-02 4.806708e-02 4.736039e-02 6.231422e-02 6.181239e-02 6.099512e-02 6.091867e-02 4.668933e-02 4.676427e-02 4.637404e-02 4.517948e-02 4.365882e-02 4.228440e-02 4.130646e-02 4.011618e-02 3.839997e-02 4.577970e-02 4.524876e-02 4.542554e-02 4.562127e-02 4.590218e-02
1.044998e-01 6.040476e-02 6.231537e-02 6.376463e-02 6.597840e-02 6.883165e-02 7.074133e-02 7.166485e-02 7.223053e-02 7.236878e-02 7.203003e-02 7.128869e-02 7.023220e-02 6.888971e-02 6.728702e-02 6.334810e-02 6.124407e-02 5.930845e-02 6.964680e-02 7.399384e-02 7.952872e-02 3.363736e-02 7.283523e-02 1.095932e-01 1.006210e-01 3.959648e-02 4.414272e-02 4.013312e-02 0.000000e+00 4.922510e-02 5.555090e-02 6.133215e-02 4.846307e-02 5.763301e-02 6.287187e-02 6.232102e-02 6.172946e-02 6.192349e-02 4.743402e-02 4.749467e-02 4.706042e-02 4.598697e-02 4.441384e-02 4.273804e-02 4.190489e-02 4.131604e-02 3.995316e-02 3.832052e-02 4.636731e-02 4.570400e-02 4.525962e-02 4.535513e-02
5.743132e-02 5.948239e-02 6.109623e-02 6.198513e-02 6.345932e-02 6.596675e-02 6.803897e-02 6.943424e-02 7.074243e-02 7.168977e-02 7.197881e-02 7.189378e-02 7.179705e-02 7.166525e-02 7.122940e-02 7.054745e-02 7.163990e-02 6.865168e-02 6.405103e-02 5.924152e-02 5.661875e-02 0.000000e+00 0.000000e+00 0.000000e+00 1.149793e-01 9.557891e-02 4.123390e-02 0.000000e+00 0.000000e+00 5.033285e-02 5.380067e-02 6.198735e-02 4.898194e-02 6.274562e-02 6.374810e-02 6.268249e-02 6.220952e-02 4.760909e-02 4.802957e-02 4.813718e-02 4.751618e-02 4.639990e-02 4.494633e-02 4.311037e-02 4.211392e-02 4.190140e-02 4.126801e-02 4.016863e-02 4.888415e-02 4.789499e-02 4.701920e-02 4.641496e-02
5.671124e-02 5.849736e-02 5.955071e-02 5.986383e-02 6.065980e-02 6.258483e-02 6.437290e-02 6.569129e-02 6.732758e-02 6.907532e-02 7.015304e-02 7.066627e-02 7.124922e-02 7.195152e-02 7.234516e-02 7.870344e-02 7.259656e-02 7.264466e-02 7.163287e-02 6.920819e-02 6.491354e-02 6.431666e-02 6.190272e-02 0.000000e+00 0.000000e+00 0.000000e+00 3.597975e-02 0.000000e+00 3.630774e-02 4.488007e-02 5.001603e-02 5.677163e-02 5.743594e-02 6.352638e-02 6.380014e-02 6.310643e-02 6.291636e-02 4.802468e-02 4.840755e-02 4.875102e-02 4.823998e-02 4.695885e-02 4.541072e-02 4.348964e-02 4.231775e-02 4.206449e-02 4.175979e-02 4.854571e-02 5.074703e-02 4.967327e-02 4.859739e-02 4.798462e-02
5.533565e-02 5.635034e-02 5.705241e-02 5.724465e-02 5.769053e-02 5.895643e-02 6.007579e-02 6.078713e-02 6.229766e-02 6.470615e-02 6.663728e-02 6.782262e-02 6.895867e-02 7.018667e-02 8.286164e-02 7.182612e-02 7.277408e-02 7.387997e-02 7.428853e-02 7.380301e-02 7.285346e-02 7.068373e-02 6.756966e-02 6.257595e-02 5.854078e-02 0.000000e+00 0.000000e+00 0.000000e+00 3.611214e-02 3.783449e-02 5.420223e-02 5.085362e-02 5.640314e-02 6.026519e-02 6.236775e-02 6.344040e-02 6.393861e-02 4.861208e-02 4.872979e-02 4.913596e-02 4.892380e-02 4.772407e-02 4.599588e-02 4.386248e-02 4.249967e-02 4.199690e-02 4.164593e-02 5.137183e-02 5.171738e-02 5.082255e-02 4.970790e-02 4.975313e-02
5.360186e-02 5.411181e-02 5.480389e-02 5.537132e-02 5.582305e-02 5.656301e-02 5.710490e-02 5.712337e-02 5.808158e-02 6.026679e-02 6.237539e-02 6.406866e-02 6.546441e-02 8.427927e-02 6.811276e-02 6.900439e-02 7.029937e-02 7.211579e-02 7.346954e-02 7.376782e-02 7.397253e-02 7.388199e-02 7.089826e-02 6.584256e-02 6.324013e-02 2.581453e-02 0.000000e+00 0.000000e+00 0.000000e+00 0.000000e+00 5.486885e-02 4.414531e-02 5.059609e-02 5.844049e-02 6.140046e-02 6.320939e-02 6.428294e-02 4.909127e-02 4.933518e-02 4.957103e-02 4.945567e-02 4.857688e-02 4.700897e-02 4.488130e-02 4.339746e-02 4.261481e-02 4.203630e-02 5.261796e-02 5.238764e-02 5.205408e-02 5.158593e-02 5.226025e-02
5.118851e-02 5.151276e-02 5.255531e-02 5.394184e-02 5.472950e-02 5.514260e-02 5.511560e-02 5.490182e-02 5.500406e-02 5.606340e-02 5.799561e-02 5.968460e-02 8.357229e-02 6.246340e-02 6.341949e-02 6.391729e-02 6.555613e-02 6.840940e-02 6.953779e-02 7.031455e-02 7.132158e-02 7.261013e-02 7.179316e-02 6.656631e-02 6.392513e-02 0.000000e+00 0.000000e+00 5.498549e-02 5.613288e-02 0.000000e+00 0.000000e+00 0.000000e+00 5.050197e-02 5.736485e-02 6.180747e-02 6.254194e-02 6.377374e-02 4.927888e-02 4.996219e-02 5.007983e-02 4.993279e-02 4.934762e-02 4.819728e-02 4.643416e-02 4.498997e-02 4.394072e-02 4.300059e-02 5.362700e-02 5.285957e-02 5.322309e-02 5.424422e-02 5.555998e-02
