tests/data/reference/test_implicit_stream_rill_mfda/mvel_m_s.asc
ncols	123
nrows	77
xllcorner	-713746.79929998
yllcorner	-1061022.36961616
cellsize	10.0
NODATA_value	-9999
[rows 23 to 45 of 77, columns 0 to 51 of 123]
-9.999000e+03 -9.999000e+03 -9.999000e+03 -9.999000e+03 -9.999000e+03 -9.999000e+03 -9.999000e+03 -9.999000e+03 -9.999000e+03 -9.999000e+03 -9.999000e+03 -9.999000e+03 -9.999000e+03 -9.999000e+03 1.848068e-02 2.316828e-02 2.311770e-02 2.325571e-02 2.089961e-02 8.623181e-03 1.023032e-02 1.782551e-01 1.406179e-02 6.094791e-02 6.553202e-02 4.371936e-02 5.396017e-02 4.892391e-02 5.504097e-02 5.726046e-02 4.469378e-02 5.507586e-02 5.940440e-02 6.145121e-02 9.732371e-02 6.122162e-02 6.300252e-02 4.765133e-02 8.238210e-02 6.555692e-02 6.581008e-02 6.648322e-02 6.757728e-02 6.823560e-02 6.825713e-02 6.799058e-02 6.779146e-02 6.813540e-02 6.895390e-02 6.886666e-02 6.743565e-02 5.161667e-02
-9.999000e+03 -9.999000e+03 -9.999000e+03 -9.999000e+03 -9.999000e+03 -9.999000e+03 -9.999000e+03 -9.999000e+03 -9.999000e+03 -9.999000e+03 -9.999000e+03 -9.999000e+03 -9.999000e+03 -9.999000e+03 1.107225e-02 1.883726e-02 2.628763e-02 2.990718e-02 2.017746e-02 2.787982e-02 1.673977e-01 2.228459e-01 3.701459e-02 3.706471e-02 5.680428e-02 7.521994e-02 5.312845e-02 5.144651e-02 5.263648e-02 4.203498e-02 5.870595e-02 5.486101e-02 5.894572e-02 6.003158e-02 1.028820e-01 6.064938e-02 6.221091e-02 4.813021e-02 8.410500e-02 6.547952e-02 6.551497e-02 6.599171e-02 6.679739e-02 6.740564e-02 6.768006e-02 6.778950e-02 6.794985e-02 6.855183e-02 6.949824e-02 7.008202e-02 5.179878e-02 7.120116e-02
-9.999000e+03 -9.999000e+03 -9.999000e+03 -9.999000e+03 -9.999000e+03 -9.999000e+03 -9.999000e+03 -9.999000e+03 -9.999000e+03 -9.999000e+03 -9.999000e+03 -9.999000e+03 -9.999000e+03 -9.999000e+03 1.342777e-02 1.845292e-02 2.318470e-02 2.309815e-02 2.253479e-02 1.285159e-02 1.914817e-01 5.567970e-02 6.753670e-02 4.332496e-02 4.611504e-02 5.783845e-02 8.656854e-02 5.385522e-02 5.436856e-02 4.284033e-02 5.100442e-02 5.598807e-02 5.460339e-02 5.835599e-02 5.838749e-02 1.081542e-01 4.651277e-02 6.399123e-02 5.850766e-02 9.503237e-02 6.532120e-02 6.594699e-02 6.658005e-02 6.707842e-02 6.749457e-02 6.793106e-02 6.850820e-02 6.945404e-02 7.065460e-02 7.181325e-02 6.503338e-02 5.371407e-02
-9.999000e+03 -9.999000e+03 -9.999000e+03 -9.999000e+03 -9.999000e+03 -9.999000e+03 -9.999000e+03 -9.999000e+03 -9.999000e+03 -9.999000e+03 -9.999000e+03 -9.999000e+03 2.684812e-02 2.087736e-02 2.547948e-02 2.576473e-02 2.357478e-02 1.139353e-02 1.026855e-02 1.746859e-01 2.288694e-02 5.973236e-02 4.824917e-02 6.074707e-02 4.580503e-02 4.803594e-02 9.283538e-02 5.161691e-02 5.257790e-02 4.950028e-02 4.201744e-02 5.323271e-02 5.411341e-02 5.219867e-02 5.257825e-02 5.882074e-02 1.062029e-01 5.757726e-02 6.419517e-02 6.236637e-02 1.026582e-01 6.564135e-02 6.604566e-02 6.656629e-02 6.737055e-02 6.843958e-02 6.968042e-02 7.095365e-02 7.218482e-02 7.355914e-02 7.169479e-02 5.451218e-02
-9.999000e+03 -9.999000e+03 -9.999000e+03 -9.999000e+03 -9.999000e+03 -9.999000e+03 -9.999000e+03 -9.999000e+03 -9.999000e+03 -9.999000e+03 -9.999000e+03 -9.999000e+03 -9.999000e+03 2.605022e-02 2.371701e-02 2.409549e-02 1.464604e-02 8.545894e-03 1.581805e-01 2.063215e-02 3.834801e-02 3.858513e-02 5.824412e-02 6.507681e-02 7.646946e-02 7.860760e-02 8.016328e-02 8.196052e-02 4.661734e-02 4.967671e-02 5.062778e-02 4.847149e-02 5.103069e-02 4.977042e-02 5.059969e-02 5.478507e-02 5.838162e-02 9.455838e-02 6.190314e-02 6.471666e-02 1.028565e-01 6.492134e-02 6.507097e-02 6.581438e-02 6.732818e-02 6.940050e-02 7.152803e-02 7.302553e-02 7.398915e-02 7.523097e-02 7.522498e-02 6.786445e-02
-9.999000e+03 -9.999000e+03 -9.999000e+03 -9.999000e+03 -9.999000e+03 -9.999000e+03 -9.999000e+03 -9.999000e+03 -9.999000e+03 -9.999000e+03 -9.999000e+03 -9.999000e+03 -9.999000e+03 -9.999000e+03 -9.999000e+03 1.875229e-02 4.188635e-03 1.342079e-01 1.861633e-01 5.817658e-02 5.002709e-02 4.462241e-02 4.103546e-02 3.850331e-02 3.978578e-02 4.162854e-02 4.175053e-02 7.965224e-02 1.061870e-01 4.501807e-02 4.742485e-02 4.766349e-02 4.629765e-02 4.672725e-02 4.869260e-02 5.355675e-02 5.652126e-02 5.717990e-02 9.438214e-02 5.935951e-02 1.040242e-01 6.468272e-02 6.547728e-02 6.676311e-02 6.867784e-02 7.109335e-02 7.333802e-02 7.461607e-02 7.529175e-02 7.642616e-02 7.695159e-02 7.367922e-02
-9.999000e+03 -9.999000e+03 -9.999000e+03 -9.999000e+03 -9.999000e+03 -9.999000e+03 -9.999000e+03 -9.999000e+03 -9.999000e+03 -9.999000e+03 -9.999000e+03 -9.999000e+03 -9.999000e+03 -9.999000e+03 -9.999000e+03 -9.999000e+03 7.956038e-03 1.393602e-01 4.695395e-02 4.194976e-02 3.811561e-02 3.582184e-02 3.603130e-02 3.786578e-02 4.023105e-02 4.296101e-02 4.343290e-02 4.122022e-02 4.052811e-02 1.057778e-01 1.055271e-01 1.063288e-01 4.334846e-02 4.375427e-02 4.603934e-02 5.033439e-02 6.384239e-02 7.314717e-02 5.410948e-02 9.032957e-02 6.007886e-02 9.332585e-02 6.765964e-02 6.957945e-02 7.143647e-02 7.339024e-02 7.491476e-02 7.557894e-02 7.601402e-02 7.707072e-02 7.749368e-02 7.550856e-02
-9.999000e+03 -9.999000e+03 -9.999000e+03 -9.999000e+03 -9.999000e+03 -9.999000e+03 -9.999000e+03 -9.999000e+03 -9.999000e+03 -9.999000e+03 -9.999000e+03 -9.999000e+03 -9.999000e+03 -9.999000e+03 -9.999000e+03 -9.999000e+03 1.396754e-01 1.622805e-02 3.210908e-02 3.432612e-02 3.512942e-02 6.823230e-02 6.717807e-02 6.772742e-02 6.784303e-02 6.770172e-02 6.557037e-02 6.149393e-02 5.921974e-02 5.865837e-02 5.601835e-02 5.167359e-02 1.067850e-01 1.057921e-01 1.067250e-01 1.040584e-01 1.020599e-01 1.007518e-01 9.911000e-02 9.709415e-02 9.660487e-02 9.692206e-02 9.589426e-02 6.187896e-02 6.506090e-02 7.061471e-02 7.254574e-02 7.374289e-02 7.493224e-02 7.620495e-02 7.612423e-02 7.410171e-02
-9.999000e+03 -9.999000e+03 -9.999000e+03 -9.999000e+03 -9.999000e+03 -9.999000e+03 -9.999000e+03 -9.999000e+03 -9.999000e+03 -9.999000e+03 -9.999000e+03 -9.999000e+03 -9.999000e+03 -9.999000e+03 -9.999000e+03 1.398095e-01 2.093438e-02 3.762854e-02 7.090681e-02 6.584091e-02 6.923596e-02 3.699629e-02 4.588199e-02 5.429511e-02 5.215900e-02 6.585006e-02 7.083528e-02 7.443813e-02 7.299614e-02 7.287633e-02 7.057481e-02 6.605507e-02 6.065906e-02 5.413094e-02 5.108014e-02 5.138443e-02 9.859290e-02 1.009209e-01 9.808267e-02 9.577785e-02 9.582399e-02 9.836297e-02 1.013085e-01 1.030661e-01 1.008583e-01 5.739476e-02 7.877770e-02 6.883649e-02 7.194640e-02 7.352740e-02 7.247487e-02 6.980029e-02
-9.999000e+03 -9.999000e+03 -9.999000e+03 -9.999000e+03 -9.999000e+03 -9.999000e+03 -9.999000e+03 -9.999000e+03 -9.999000e+03 -9.999000e+03 -9.999000e+03 -9.999000e+03 -9.999000e+03 -9.999000e+03 1.305780e-01 1.772724e-01 7.247979e-02 7.163866e-02 3.926093e-02 4.038482e-02 3.707113e-02 3.885075e-02 4.051850e-02 4.216827e-02 5.202938e-02 4.332537e-02 4.474705e-02 5.124605e-02 5.262347e-02 4.984397e-02 4.922704e-02 7.776549e-02 7.824318e-02 7.725211e-02 7.875936e-02 9.299042e-02 4.511931e-02 5.042179e-02 5.526582e-02 5.968878e-02 6.221262e-02 6.226977e-02 7.505598e-02 8.161970e-02 8.560131e-02 1.003817e-01 9.998802e-02 9.833911e-02 5.911594e-02 7.849592e-02 6.382147e-02 6.180410e-02
-9.999000e+03 -9.999000e+03 -9.999000e+03 -9.999000e+03 -9.999000e+03 -9.999000e+03 -9.999000e+03 -9.999000e+03 -9.999000e+03 -9.999000e+03 -9.999000e+03 -9.999000e+03 -9.999000e+03 -9.999000e+03 1.372776e-01 3.493700e-02 4.158598e-02 4.192845e-02 4.186447e-02 4.173161e-02 4.218077e-02 4.361368e-02 4.072265e-02 4.731501e-02 4.837137e-02 4.825103e-02 4.958127e-02 5.265804e-02 6.633142e-02 7.617321e-02 8.285488e-02 5.310671e-02 5.176643e-02 5.140042e-02 7.128885e-02 4.948134e-02 5.370698e-02 5.699285e-02 5.930342e-02 6.213308e-02 6.475140e-02 6.437885e-02 6.592794e-02 6.633350e-02 6.591418e-02 8.014509e-02 8.805726e-02 9.267104e-02 9.882468e-02 1.032850e-01 1.060613e-01 4.582690e-02
-9.999000e+03 -9.999000e+03 -9.999000e+03 -9.999000e+03 -9.999000e+03 -9.999000e+03 -9.999000e+03 -9.999000e+03 -9.999000e+03 -9.999000e+03 -9.999000e+03 -9.999000e+03 -9.999000e+03 1.678086e-01 4.014548e-02 4.082516e-02 4.222723e-02 4.346544e-02 4.361617e-02 4.326909e-02 4.310117e-02 4.367796e-02 4.482785e-02 4.640906e-02 4.774000e-02 4.836127e-02 5.003423e-02 5.329889e-02 5.542604e-02 5.621060e-02 5.588548e-02 5.489198e-02 5.486518e-02 7.861377e-02 4.292527e-02 5.251101e-02 5.780482e-02 5.870674e-02 6.013718e-02 6.221401e-02 6.472798e-02 6.697233e-02 6.908200e-02 6.874249e-02 6.975575e-02 6.938593e-02 6.908602e-02 6.821213e-02 6.483310e-02 7.211405e-02 7.190829e-02 1.079439e-01
-9.999000e+03 -9.999000e+03 -9.999000e+03 -9.999000e+03 -9.999000e+03 -9.999000e+03 -9.999000e+03 -9.999000e+03 -9.999000e+03 -9.999000e+03 -9.999000e+03 -9.999000e+03 1.285683e-01 1.940448e-01 4.061106e-02 4.131394e-02 4.512854e-02 4.354627e-02 4.420516e-02 4.430779e-02 4.412522e-02 4.387828e-02 4.415539e-02 4.501162e-02 4.630625e-02 4.768938e-02 4.989832e-02 5.315122e-02 5.516201e-02 5.591203e-02 5.635656e-02 5.656101e-02 7.433828e-02 5.604685e-02 4.351228e-02 5.693820e-02 5.766317e-02 5.849003e-02 6.020674e-02 6.268756e-02 6.450973e-02 6.628325e-02 6.737895e-02 6.819472e-02 6.734707e-02 6.631340e-02 6.709082e-02 6.785905e-02 6.675259e-02 6.254941e-02 5.961535e-02 6.635106e-02
-9.999000e+03 -9.999000e+03 -9.999000e+03 -9.999000e+03 -9.999000e+03 -9.999000e+03 -9.999000e+03 -9.999000e+03 -9.999000e+03 -9.999000e+03 -9.999000e+03 -9.999000e+03 1.632918e-01 3.882720e-02 4.055628e-02 4.874832e-02 4.216216e-02 4.378316e-02 4.473609e-02 4.516871e-02 4.504458e-02 4.438033e-02 4.418656e-02 4.452714e-02 4.553693e-02 4.699387e-02 4.901850e-02 5.178729e-02 5.310009e-02 5.387189e-02 5.459286e-02 7.283923e-02 4.406953e-02 5.243782e-02 5.530469e-02 5.503579e-02 5.466511e-02 5.539052e-02 5.808289e-02 5.876720e-02 6.096606e-02 6.312600e-02 6.430664e-02 6.055284e-02 6.093117e-02 6.188211e-02 6.286431e-02 6.259581e-02 6.202882e-02 6.581693e-02 6.073895e-02 5.742206e-02
-9.999000e+03 -9.999000e+03 -9.999000e+03 -9.999000e+03 -9.999000e+03 -9.999000e+03 -9.999000e+03 -9.999000e+03 -9.999000e+03 -9.999000e+03 -9.999000e+03 1.161458e-01 2.169036e-02 3.610320e-02 5.073963e-02 3.963327e-02 4.206962e-02 4.384383e-02 4.496840e-02 4.555972e-02 4.554844e-02 4.498285e-02 4.481015e-02 4.498418e-02 4.559837e-02 4.670415e-02 4.792679e-02 4.874564e-02 5.015831e-02 4.998790e-02 5.051063e-02 6.079402e-02 4.148182e-02 5.279585e-02 5.202298e-02 4.891300e-02 4.880844e-02 5.253450e-02 4.976237e-02 5.093452e-02 5.329687e-02 5.683079e-02 4.868047e-02 4.842014e-02 4.872484e-02 4.954734e-02 5.019847e-02 5.071767e-02 6.830714e-02 5.752900e-02 5.631249e-02 5.571469e-02
-9.999000e+03 -9.999000e+03 -9.999000e+03 -9.999000e+03 -9.999000e+03 -9.999000e+03 -9.999000e+03 -9.999000e+03 -9.999000e+03 -9.999000e+03 1.112911e-01 1.425484e-01 3.249022e-02 4.939916e-02 3.080738e-02 3.752528e-02 4.081621e-02 4.298065e-02 4.447327e-02 4.500568e-02 4.525050e-02 4.478327e-02 4.467891e-02 4.483986e-02 4.535812e-02 4.634059e-02 4.437652e-02 4.752140e-02 4.726674e-02 4.606009e-02 4.623167e-02 4.643272e-02 4.708029e-02 4.720260e-02 4.051574e-02 3.891305e-02 4.821263e-02 3.800235e-02 3.819645e-02 3.874515e-02 4.140001e-02 4.577629e-02 5.750750e-02 6.142331e-02 6.335407e-02 6.498888e-02 6.608537e-02 6.675900e-02 4.884001e-02 4.745811e-02 4.742081e-02 4.773959e-02
-9.999000e+03 -9.999000e+03 -9.999000e+03 -9.999000e+03 -9.999000e+03 -9.999000e+03 -9.999000e+03 -9.999000e+03 -9.999000e+03 -9.999000e+03 1.035257e-01 2.964325e-02 4.874022e-02 3.150819e-02 2.781442e-02 3.477353e-02 3.811290e-02 4.112633e-02 4.266079e-02 4.402290e-02 4.432892e-02 4.413950e-02 4.407410e-02 4.436369e-02 4.422153e-02 3.675597e-02 4.558418e-02 4.594892e-02 4.410555e-02 4.230888e-02 4.169602e-02 4.143613e-02 3.545124e-02 3.886764e-02 4.708933e-02 4.722461e-02 3.621236e-02 4.180831e-02 4.416674e-02 4.654765e-02 4.086843e-02 4.539557e-02 5.677106e-02 6.015390e-02 6.148685e-02 6.259451e-02 6.374939e-02 6.490351e-02 6.483559e-02 6.326557e-02 6.297570e-02 6.472433e-02
-9.999000e+03 -9.999000e+03 -9.999000e+03 -9.999000e+03 -9.999000e+03 -9.999000e+03 -9.999000e+03 -9.999000e+03 -9.999000e+03 1.043754e-01 1.869140e-02 4.523020e-02 3.011229e-02 2.683603e-02 3.020456e-02 3.302456e-02 3.596058e-02 3.738161e-02 4.150695e-02 4.231798e-02 4.317924e-02 4.346883e-02 4.381393e-02 4.204952e-02 3.605290e-02 4.248080e-02 4.478422e-02 4.155033e-02 4.010085e-02 3.757457e-02 3.678090e-02 3.320410e-02 4.135850e-02 4.741734e-02 4.995688e-02 4.915943e-02 4.794159e-02 4.687440e-02 3.797657e-02 4.056594e-02 5.459765e-02 5.491898e-02 5.977597e-02 6.005378e-02 5.964924e-02 5.971573e-02 6.081113e-02 6.285793e-02 6.394851e-02 6.376793e-02 6.329589e-02 6.297979e-02
-9.999000e+03 -9.999000e+03 -9.999000e+03 -9.999000e+03 -9.999000e+03 -9.999000e+03 -9.999000e+03 -9.999000e+03 -9.999000e+03 1.147156e-01 4.828285e-02 3.043266e-02 2.900386e-02 2.613911e-02 3.155440e-02 3.289991e-02 2.898701e-02 3.808385e-02 3.875864e-02 4.075227e-02 4.213000e-02 4.292241e-02 3.537516e-02 3.630069e-02 4.269206e-02 4.363203e-02 3.485883e-02 3.444177e-02 3.304448e-02 3.043109e-02 3.059052e-02 3.925135e-02 4.483483e-02 4.908537e-02 5.122693e-02 5.143995e-02 5.095716e-02 3.895662e-02 5.061046e-02 5.061956e-02 5.332609e-02 5.905989e-02 5.982781e-02 5.845959e-02 5.761113e-02 5.798473e-02 5.910325e-02 6.077262e-02 6.192003e-02 6.253762e-02 1.060828e-01 1.074963e-01
-9.999000e+03 -9.999000e+03 -9.999000e+03 -9.999000e+03 -9.999000e+03 -9.999000e+03 -9.999000e+03 -9.999000e+03 1.549015e-01 2.102681e-02 4.367367e-02 3.239624e-02 2.555527e-02 2.984779e-02 3.267695e-02 3.332330e-02 3.973866e-02 3.443877e-02 3.666779e-02 3.963315e-02 4.168686e-02 4.067765e-02 4.360355e-02 4.569831e-02 4.594287e-02 7.126726e-02 7.301089e-02 6.969995e-02 6.479917e-02 5.838565e-02 5.588131e-02 5.646475e-02 5.539982e-02 5.300963e-02 5.253409e-02 5.297883e-02 5.257292e-02 6.297459e-02 6.533697e-02 7.667138e-02 8.101516e-02 8.344506e-02 7.846774e-02 7.316213e-02 6.932493e-02 6.662304e-02 6.299783e-02 5.848514e-02 5.824267e-02 1.101567e-01 5.854647e-02 5.898952e-02
-9.999000e+03 -9.999000e+03 -9.999000e+03 -9.999000e+03 -9.999000e+03 -9.999000e+03 -9.999000e+03 1.103396e-01 1.487387e-01 4.306460e-02 3.334447e-02 3.330532e-02 2.623121e-02 3.189060e-02 3.329697e-02 3.369957e-02 3.379468e-02 3.364925e-02 3.557736e-02 3.921379e-02 3.408210e-02 3.479766e-02 4.171590e-02 6.585537e-02 7.012061e-02 4.536720e-02 4.391844e-02 4.414817e-02 4.308958e-02 4.070888e-02 4.146336e-02 4.552961e-02 4.899952e-02 5.152354e-02 5.282681e-02 5.293620e-02 5.238852e-02 5.130207e-02 5.199923e-02 5.458134e-02 5.583855e-02 5.544096e-02 5.499082e-02 5.470520e-02 5.522853e-02 5.661009e-02 5.668822e-02 5.528360e-02 1.169810e-01 5.520835e-02 5.674791e-02 5.803357e-02
-9.999000e+03 -9.999000e+03 -9.999000e+03 -9.999000e+03 -9.999000e+03 -9.999000e+03 -9.999000e+03 1.011398e-01 2.702674e-02 4.351408e-02 2.858262e-02 3.248590e-02 3.271364e-02 3.318008e-02 3.375266e-02 3.394534e-02 3.430044e-02 3.450344e-02 3.634854e-02 4.012464e-02 5.033901e-02 5.749946e-02 6.335152e-02 4.466248e-02 4.541188e-02 4.336004e-02 3.676372e-02 4.308457e-02 4.429279e-02 4.305808e-02 4.380547e-02 4.707004e-02 4.957017e-02 5.103022e-02 5.165345e-02 5.154579e-02 1.055470e-01 1.064985e-01 1.087196e-01 1.123419e-01 1.143086e-01 1.146597e-01 1.149411e-01 1.135849e-01 1.133411e-01 1.127076e-01 1.153983e-01 1.183669e-01 5.349639e-02 5.354654e-02 5.493485e-02 5.646957e-02
-9.999000e+03 -9.999000e+03 -9.999000e+03 -9.999000e+03 -9.999000e+03 -9.999000e+03 -9.999000e+03 7.748991e-03 3.889123e-02 3.103843e-02 2.666298e-02 3.195613e-02 3.411326e-02 3.451226e-02 3.452873e-02 3.465479e-02 3.553767e-02 3.640173e-02 3.814165e-02 4.152550e-02 4.396399e-02 4.500563e-02 4.451558e-02 4.382320e-02 3.588648e-02 3.716950e-02 4.424023e-02 4.591098e-02 4.594355e-02 4.527926e-02 4.566527e-02 4.744293e-02 4.875221e-02 1.000664e-01 1.026851e-01 1.053002e-01 5.337978e-02 5.523172e-02 5.693145e-02 5.863534e-02 5.950111e-02 5.940641e-02 5.958468e-02 7.507108e-02 8.606068e-02 9.362069e-02 5.798575e-02 5.656202e-02 5.478512e-02 5.293084e-02 5.269272e-02 5.394142e-02
