tests/data/reference/test_implicit_stream_rill_mfda/mvel_m_s.asc
ncols	123
nrows	77
xllcorner	-713746.79929998
yllcorner	-1061022.36961616
cellsize	10.0
NODATA_value	-9999
[rows 46 to 68 of 77, columns 0 to 51 of 123]
-9.999000e+03 -9.999000e+03 -9.999000e+03 -9.999000e+03 -9.999000e+03 -9.999000e+03 1.069474e-01 3.676945e-02 3.076296e-02 3.182760e-02 2.702000e-02 3.290637e-02 3.574753e-02 3.607749e-02 3.606729e-02 3.581750e-02 3.602276e-02 3.643796e-02 3.786320e-02 4.106663e-02 4.371851e-02 4.292826e-02 4.316045e-02 4.244741e-02 4.479146e-02 4.729564e-02 4.806145e-02 4.694516e-02 4.648565e-02 4.686101e-02 4.701349e-02 9.428573e-02 9.698399e-02 4.906735e-02 5.091419e-02 5.301136e-02 5.535810e-02 5.763437e-02 5.945868e-02 6.104229e-02 6.199739e-02 6.224947e-02 6.243913e-02 6.289665e-02 6.264014e-02 6.143344e-02 6.031924e-02 5.915351e-02 5.722293e-02 5.448718e-02 5.281931e-02 5.299342e-02
-9.999000e+03 -9.999000e+03 -9.999000e+03 -9.999000e+03 -9.999000e+03 -9.999000e+03 1.531387e-02 3.111041e-02 3.176824e-02 3.326050e-02 2.931246e-02 3.578302e-02 3.736052e-02 3.811123e-02 3.839217e-02 3.741049e-02 3.603536e-02 3.514208e-02 3.623883e-02 3.948888e-02 3.474822e-02 3.596275e-02 3.657541e-02 3.652400e-02 4.355708e-02 4.723560e-02 4.829191e-02 8.382387e-02 8.688885e-02 9.123241e-02 9.403425e-02 4.848029e-02 4.919285e-02 5.068179e-02 5.238079e-02 5.400006e-02 5.577653e-02 5.772974e-02 5.938500e-02 6.097761e-02 6.238471e-02 6.343403e-02 6.417911e-02 6.469132e-02 6.450432e-02 6.337351e-02 6.208264e-02 6.094219e-02 5.953059e-02 5.727934e-02 5.502252e-02 5.381894e-02
-9.999000e+03 -9.999000e+03 -9.999000e+03 -9.999000e+03 -9.999000e+03 9.580466e-02 2.885436e-02 3.674023e-02 2.810195e-02 2.860333e-02 3.308689e-02 3.508014e-02 3.691193e-02 3.846180e-02 3.842583e-02 3.819674e-02 3.690568e-02 3.556493e-02 3.636433e-02 3.935422e-02 4.960823e-02 5.777843e-02 6.477544e-02 7.191601e-02 7.577039e-02 8.021008e-02 8.401068e-02 4.859453e-02 4.858528e-02 4.954287e-02 4.986173e-02 4.963388e-02 5.032641e-02 5.151645e-02 5.268696e-02 5.377513e-02 5.518855e-02 5.718246e-02 5.892705e-02 6.039459e-02 6.184628e-02 6.319431e-02 6.429821e-02 6.510647e-02 6.532964e-02 6.473305e-02 6.356780e-02 6.215870e-02 6.094684e-02 5.949404e-02 5.748693e-02 5.552253e-02
-9.999000e+03 -9.999000e+03 -9.999000e+03 -9.999000e+03 1.352997e-01 1.116145e-02 3.237250e-02 3.733007e-02 2.656355e-02 2.549106e-02 2.993377e-02 3.216291e-02 3.586047e-02 3.538696e-02 3.727089e-02 3.803495e-02 3.770081e-02 3.646951e-02 3.724689e-02 4.007807e-02 4.263723e-02 4.474607e-02 4.717293e-02 4.899114e-02 5.016113e-02 5.041413e-02 5.062139e-02 5.058579e-02 5.045669e-02 5.068889e-02 5.079886e-02 5.048099e-02 5.048608e-02 5.088013e-02 5.151231e-02 5.229558e-02 5.362277e-02 5.586590e-02 5.795319e-02 5.952680e-02 6.080471e-02 6.194105e-02 6.308851e-02 6.416379e-02 6.491379e-02 6.511683e-02 6.447331e-02 6.299424e-02 6.179338e-02 6.110055e-02 5.951777e-02 5.733950e-02
-9.999000e+03 -9.999000e+03 -9.999000e+03 -9.999000e+03 1.069607e-01 3.098060e-02 3.153430e-02 3.111764e-02 2.723276e-02 2.355487e-02 2.813469e-02 3.545368e-02 2.786694e-02 3.403125e-02 3.656260e-02 3.799537e-02 3.803317e-02 3.672950e-02 3.748439e-02 4.038168e-02 4.337366e-02 4.670488e-02 4.813552e-02 5.117801e-02 5.251699e-02 5.264356e-02 5.302144e-02 5.347671e-02 5.332035e-02 5.297642e-02 5.296847e-02 5.279679e-02 5.246709e-02 5.219653e-02 5.216034e-02 5.240933e-02 5.318071e-02 5.487552e-02 5.689795e-02 5.873467e-02 5.987357e-02 6.048712e-02 6.135184e-02 6.245357e-02 6.352794e-02 6.436350e-02 6.433837e-02 6.325719e-02 6.237971e-02 6.170840e-02 6.073396e-02 5.850824e-02
-9.999000e+03 -9.999000e+03 -9.999000e+03 9.855797e-02 9.732983e-03 3.017330e-02 2.474584e-02 2.570819e-02 2.225184e-02 2.538043e-02 3.002163e-02 2.793516e-02 2.620864e-02 3.255457e-02 3.583813e-02 3.762571e-02 3.790234e-02 3.681670e-02 3.739618e-02 4.020940e-02 4.695533e-02 4.548078e-02 4.985226e-02 5.280070e-02 5.445928e-02 5.500613e-02 5.568723e-02 5.647055e-02 5.649109e-02 5.594893e-02 5.571822e-02 5.558313e-02 5.529747e-02 5.479973e-02 5.423110e-02 5.389656e-02 5.386263e-02 5.446925e-02 5.606357e-02 5.813943e-02 5.913417e-02 5.907040e-02 5.941500e-02 6.027212e-02 6.141534e-02 6.267982e-02 6.332208e-02 6.304427e-02 6.078081e-02 6.086876e-02 6.015302e-02 5.826928e-02
-9.999000e+03 -9.999000e+03 -9.999000e+03 8.991387e-02 2.610581e-02 2.460365e-02 2.116691e-02 1.878561e-02 2.090481e-02 2.171961e-02 2.518956e-02 2.512374e-02 2.388462e-02 3.049528e-02 3.445844e-02 3.637610e-02 3.700161e-02 3.642188e-02 3.631905e-02 4.681286e-02 3.504936e-02 4.384853e-02 4.820138e-02 5.132803e-02 5.365718e-02 5.498342e-02 5.598744e-02 5.692957e-02 5.709823e-02 5.646475e-02 5.596674e-02 5.573931e-02 5.570424e-02 5.565959e-02 5.547169e-02 5.535884e-02 5.510701e-02 5.483136e-02 5.583237e-02 5.799515e-02 5.901615e-02 5.862349e-02 5.847664e-02 5.876815e-02 5.953094e-02 6.074313e-02 6.179115e-02 5.698446e-02 5.700564e-02 5.679446e-02 5.615985e-02 9.404255e-02
-9.999000e+03 -9.999000e+03 7.429375e-02 5.506167e-03 2.276505e-02 2.227278e-02 1.632653e-02 1.468023e-02 1.600090e-02 1.391096e-02 1.874261e-02 2.068907e-02 2.035283e-02 2.778025e-02 3.224856e-02 3.414709e-02 3.538375e-02 3.549655e-02 3.892770e-02 3.356913e-02 3.061846e-02 3.839259e-02 4.294223e-02 4.664381e-02 5.015415e-02 5.250753e-02 5.395833e-02 5.509901e-02 5.542084e-02 5.475909e-02 5.398648e-02 5.361446e-02 5.400986e-02 5.491734e-02 5.564808e-02 5.630073e-02 5.640603e-02 5.581111e-02 5.611175e-02 5.792891e-02 5.914489e-02 5.903970e-02 5.862293e-02 5.822209e-02 5.837219e-02 5.925539e-02 4.576637e-02 4.654998e-02 4.666884e-02 4.618900e-02 9.833395e-02 5.993490e-02
-9.999000e+03 -9.999000e+03 8.660315e-03 2.125106e-02 2.092484e-02 1.664696e-02 1.307059e-02 1.644691e-02 1.651740e-02 7.881494e-03 1.458743e-02 1.720094e-02 1.723329e-02 2.497376e-02 2.870636e-02 2.996355e-02 3.138912e-02 3.240067e-02 3.061091e-02 2.954127e-02 2.503576e-02 3.142301e-02 3.606059e-02 4.029247e-02 4.422227e-02 4.769345e-02 5.026653e-02 5.196801e-02 5.278865e-02 5.255392e-02 5.182324e-02 5.118925e-02 5.181892e-02 5.313037e-02 5.441970e-02 5.551057e-02 5.601426e-02 5.574610e-02 5.599200e-02 5.733383e-02 5.851960e-02 5.893315e-02 5.879171e-02 5.836977e-02 5.849099e-02 5.943001e-02 6.036054e-02 6.136423e-02 9.554550e-02 1.018202e-01 6.018029e-02 6.006958e-02
-9.999000e+03 6.324103e-02 1.305924e-02 2.451993e-02 1.958591e-02 1.035965e-02 1.746412e-02 1.738485e-02 -9.999000e+03 -9.999000e+03 -9.999000e+03 1.435380e-02 1.583052e-02 2.088575e-02 2.309592e-02 2.322136e-02 2.425818e-02 2.605375e-02 2.418931e-02 1.770979e-02 1.621497e-02 2.177929e-02 2.823794e-02 3.176153e-02 3.572770e-02 4.081762e-02 4.460419e-02 4.730829e-02 4.892137e-02 4.940907e-02 4.902343e-02 4.881808e-02 4.901980e-02 5.065397e-02 5.215338e-02 5.348709e-02 5.424374e-02 5.440594e-02 5.518027e-02 5.657257e-02 5.768526e-02 5.831187e-02 5.859272e-02 5.845343e-02 5.893070e-02 6.024517e-02 7.556449e-02 8.686187e-02 6.166147e-02 6.061422e-02 6.046139e-02 6.105005e-02
-9.999000e+03 1.014693e-01 2.072508e-02 1.946648e-02 1.558706e-02 1.605885e-02 -9.999000e+03 -9.999000e+03 -9.999000e+03 -9.999000e+03 -9.999000e+03 -9.999000e+03 1.705906e-02 1.988113e-02 2.352240e-02 2.490322e-02 2.321585e-02 2.782135e-02 2.661572e-02 1.869970e-02 1.404194e-02 1.450029e-02 1.855733e-02 2.312492e-02 2.923609e-02 3.386226e-02 3.782348e-02 4.107835e-02 4.308792e-02 4.400158e-02 4.626111e-02 4.533075e-02 4.634856e-02 4.820591e-02 5.009063e-02 5.171401e-02 5.255956e-02 5.262742e-02 5.374742e-02 5.606642e-02 5.738667e-02 5.798410e-02 5.801125e-02 5.807709e-02 5.919964e-02 6.051615e-02 6.147684e-02 6.199708e-02 6.165371e-02 6.078716e-02 6.113150e-02 6.267031e-02
9.938746e-02 1.200403e-02 2.130281e-02 1.583859e-02 9.626082e-03 1.984710e-02 -9.999000e+03 -9.999000e+03 -9.999000e+03 -9.999000e+03 -9.999000e+03 -9.999000e+03 -9.999000e+03 -9.999000e+03 -9.999000e+03 2.376376e-02 2.875739e-02 2.532091e-02 2.379314e-02 2.147059e-02 2.460253e-02 -9.999000e+03 -9.999000e+03 1.854568e-02 2.323912e-02 2.600747e-02 2.895800e-02 3.183218e-02 3.326741e-02 4.068794e-02 3.992219e-02 4.200740e-02 4.301200e-02 4.557926e-02 4.786572e-02 4.961569e-02 5.043411e-02 5.033500e-02 5.245344e-02 5.517640e-02 5.703788e-02 5.657927e-02 5.665026e-02 5.809049e-02 5.850085e-02 6.009558e-02 6.171539e-02 6.179835e-02 6.159591e-02 6.078211e-02 6.208624e-02 6.428608e-02
7.972370e-02 1.502074e-02 1.399249e-02 1.393309e-02 2.022500e-02 -9.999000e+03 -9.999000e+03 -9.999000e+03 -9.999000e+03 -9.999000e+03 -9.999000e+03 -9.999000e+03 -9.999000e+03 -9.999000e+03 -9.999000e+03 -9.999000e+03 -9.999000e+03 -9.999000e+03 -9.999000e+03 -9.999000e+03 -9.999000e+03 -9.999000e+03 -9.999000e+03 1.739548e-02 2.208805e-02 2.383683e-02 2.957511e-02 3.399551e-02 3.555973e-02 2.922700e-02 3.529199e-02 3.557441e-02 3.791082e-02 4.138410e-02 4.387734e-02 4.524460e-02 4.605940e-02 4.895871e-02 4.998117e-02 5.345161e-02 5.274312e-02 5.292338e-02 5.714998e-02 5.571124e-02 5.623094e-02 5.896858e-02 5.863886e-02 5.933149e-02 5.923911e-02 5.990120e-02 6.071099e-02 6.485016e-02
-9.999000e+03 2.114936e-02 1.987273e-02 2.374597e-02 -9.999000e+03 -9.999000e+03 -9.999000e+03 -9.999000e+03 -9.999000e+03 -9.999000e+03 -9.999000e+03 -9.999000e+03 -9.999000e+03 -9.999000e+03 -9.999000e+03 -9.999000e+03 -9.999000e+03 -9.999000e+03 -9.999000e+03 -9.999000e+03 -9.999000e+03 -9.999000e+03 -9.999000e+03 -9.999000e+03 -9.999000e+03 -9.999000e+03 2.604932e-02 2.820781e-02 3.193033e-02 2.937910e-02 2.448480e-02 2.645965e-02 2.972944e-02 3.374463e-02 3.557991e-02 3.602421e-02 4.535794e-02 4.421566e-02 4.635961e-02 4.201803e-02 4.333080e-02 5.567959e-02 5.194454e-02 5.171082e-02 5.600786e-02 5.234947e-02 5.282439e-02 5.324194e-02 5.789233e-02 5.586219e-02 5.903391e-02 5.900287e-02
-9.999000e+03 -9.999000e+03 -9.999000e+03 -9.999000e+03 -9.999000e+03 -9.999000e+03 -9.999000e+03 -9.999000e+03 -9.999000e+03 -9.999000e+03 -9.999000e+03 -9.999000e+03 -9.999000e+03 -9.999000e+03 -9.999000e+03 -9.999000e+03 -9.999000e+03 -9.999000e+03 -9.999000e+03 -9.999000e+03 -9.999000e+03 -9.999000e+03 -9.999000e+03 -9.999000e+03 -9.999000e+03 -9.999000e+03 -9.999000e+03 -9.999000e+03 2.700762e-02 2.675201e-02 2.229371e-02 2.414235e-02 2.795547e-02 3.725729e-02 4.088417e-02 4.044150e-02 3.389899e-02 3.616405e-02 3.830183e-02 4.793811e-02 5.234650e-02 4.217686e-02 4.256058e-02 5.496778e-02 4.286495e-02 4.291672e-02 4.272640e-02 5.497350e-02 5.093506e-02 5.538889e-02 4.481583e-02 4.828466e-02
-9.999000e+03 -9.999000e+03 -9.999000e+03 -9.999000e+03 -9.999000e+03 -9.999000e+03 -9.999000e+03 -9.999000e+03 -9.999000e+03 -9.999000e+03 -9.999000e+03 -9.999000e+03 -9.999000e+03 -9.999000e+03 -9.999000e+03 -9.999000e+03 -9.999000e+03 -9.999000e+03 -9.999000e+03 -9.999000e+03 -9.999000e+03 -9.999000e+03 -9.999000e+03 -9.999000e+03 -9.999000e+03 -9.999000e+03 -9.999000e+03 -9.999000e+03 -9.999000e+03 2.337944e-02 2.732058e-02 2.929284e-02 3.354489e-02 3.380304e-02 3.462054e-02 3.257038e-02 3.270079e-02 3.532416e-02 4.379327e-02 4.806249e-02 5.017599e-02 5.104561e-02 5.243875e-02 4.224481e-02 5.111471e-02 5.414205e-02 5.427092e-02 4.077296e-02 5.277137e-02 4.287946e-02 5.359306e-02 6.033813e-02
-9.999000e+03 -9.999000e+03 -9.999000e+03 -9.999000e+03 -9.999000e+03 -9.999000e+03 -9.999000e+03 -9.999000e+03 -9.999000e+03 -9.999000e+03 -9.999000e+03 -9.999000e+03 -9.999000e+03 -9.999000e+03 -9.999000e+03 -9.999000e+03 -9.999000e+03 -9.999000e+03 -9.999000e+03 -9.999000e+03 -9.999000e+03 -9.999000e+03 -9.999000e+03 -9.999000e+03 -9.999000e+03 -9.999000e+03 -9.999000e+03 -9.999000e+03 -9.999000e+03 -9.999000e+03 3.059811e-02 -9.999000e+03 -9.999000e+03 -9.999000e+03 -9.999000e+03 -9.999000e+03 -9.999000e+03 -9.999000e+03 3.720000e-02 4.478823e-02 4.735525e-02 4.764862e-02 4.907906e-02 5.196031e-02 5.376900e-02 5.430565e-02 5.324342e-02 5.040813e-02 3.982140e-02 5.111770e-02 5.692013e-02 5.993762e-02
-9.999000e+03 -9.999000e+03 -9.999000e+03 -9.999000e+03 -9.999000e+03 -9.999000e+03 -9.999000e+03 -9.999000e+03 -9.999000e+03 -9.999000e+03 -9.999000e+03 -9.999000e+03 -9.999000e+03 -9.999000e+03 -9.999000e+03 -9.999000e+03 -9.999000e+03 -9.999000e+03 -9.999000e+03 -9.999000e+03 -9.999000e+03 -9.999000e+03 -9.999000e+03 -9.999000e+03 -9.999000e+03 -9.999000e+03 -9.999000e+03 -9.999000e+03 -9.999000e+03 -9.999000e+03 -9.999000e+03 -9.999000e+03 -9.999000e+03 -9.999000e+03 -9.999000e+03 -9.999000e+03 -9.999000e+03 -9.999000e+03 -9.999000e+03 -9.999000e+03 -9.999000e+03 3.738161e-02 3.824583e-02 4.059883e-02 4.960867e-02 5.242799e-02 5.194377e-02 4.903094e-02 4.996023e-02 5.514279e-02 5.797709e-02 5.799665e-02
-9.999000e+03 -9.999000e+03 -9.999000e+03 -9.999000e+03 -9.999000e+03 -9.999000e+03 -9.999000e+03 -9.999000e+03 -9.999000e+03 -9.999000e+03 -9.999000e+03 -9.999000e+03 -9.999000e+03 -9.999000e+03 -9.999000e+03 -9.999000e+03 -9.999000e+03 -9.999000e+03 -9.999000e+03 -9.999000e+03 -9.999000e+03 -9.999000e+03 -9.999000e+03 -9.999000e+03 -9.999000e+03 -9.999000e+03 -9.999000e+03 -9.999000e+03 -9.999000e+03 -9.999000e+03 -9.999000e+03 -9.999000e+03 -9.999000e+03 -9.999000e+03 -9.999000e+03 -9.999000e+03 -9.999000e+03 -9.999000e+03 -9.999000e+03 -9.999000e+03 -9.999000e+03 -9.999000e+03 -9.999000e+03 -9.999000e+03 4.222414e-02 4.164154e-02 4.829434e-02 4.863125e-02 3.990657e-02 5.176527e-02 5.604882e-02 5.453741e-02
-9.999000e+03 -9.999000e+03 -9.999000e+03 -9.999000e+03 -9.999000e+03 -9.999000e+03 -9.999000e+03 -9.999000e+03 -9.999000e+03 -9.999000e+03 -9.999000e+03 -9.999000e+03 -9.999000e+03 -9.999000e+03 -9.999000e+03 -9.999000e+03 -9.999000e+03 -9.999000e+03 -9.999000e+03 -9.999000e+03 -9.999000e+03 -9.999000e+03 -9.999000e+03 -9.999000e+03 -9.999000e+03 -9.999000e+03 -9.999000e+03 -9.999000e+03 -9.999000e+03 -9.999000e+03 -9.999000e+03 -9.999000e+03 -9.999000e+03 -9.999000e+03 -9.999000e+03 -9.999000e+03 -9.999000e+03 -9.999000e+03 -9.999000e+03 -9.999000e+03 -9.999000e+03 -9.999000e+03 -9.999000e+03 -9.999000e+03 -9.999000e+03 -9.999000e+03 -9.999000e+03 -9.999000e+03 -9.999000e+03 -9.999000e+03 4.369051e-02 4.797366e-02
-9.999000e+03 -9.999000e+03 -9.999000e+03 -9.999000e+03 -9.999000e+03 -9.999000e+03 -9.999000e+03 -9.999000e+03 -9.999000e+03 -9.999000e+03 -9.999000e+03 -9.999000e+03 -9.999000e+03 -9.999000e+03 -9.999000e+03 -9.999000e+03 -9.999000e+03 -9.999000e+03 -9.999000e+03 -9.999000e+03 -9.999000e+03 -9.999000e+03 -9.999000e+03 -9.999000e+03 -9.999000e+03 -9.999000e+03 -9.999000e+03 -9.999000e+03 -9.999000e+03 -9.999000e+03 -9.999000e+03 -9.999000e+03 -9.999000e+03 -9.999000e+03 -9.999000e+03 -9.999000e+03 -9.999000e+03 -9.999000e+03 -9.999000e+03 -9.999000e+03 -9.999000e+03 -9.999000e+03 -9.999000e+03 -9.999000e+03 -9.999000e+03 -9.999000e+03 -9.999000e+03 -9.999000e+03 -9.999000e+03 -9.999000e+03 -9.999000e+03 3.863885e-02
-9.999000e+03 -9.999000e+03 -9.999000e+03 -9.999000e+03 -9.999000e+03 -9.999000e+03 -9.999000e+03 -9.999000e+03 -9.999000e+03 -9.999000e+03 -9.999000e+03 -9.999000e+03 -9.999000e+03 -9.999000e+03 -9.999000e+03 -9.999000e+03 -9.999000e+03 -9.999000e+03 -9.999000e+03 -9.999000e+03 -9.999000e+03 -9.999000e+03 -9.999000e+03 -9.999000e+03 -9.999000e+03 -9.999000e+03 -9.999000e+03 -9.999000e+03 -9.999000e+03 -9.999000e+03 -9.999000e+03 -9.999000e+03 -9.999000e+03 -9.999000e+03 -9.999000e+03 -9.999000e+03 -9.999000e+03 -9.999000e+03 -9.999000e+03 -9.999000e+03 -9.999000e+03 -9.999000e+03 -9.999000e+03 -9.999000e+03 -9.999000e+03 -9.999000e+03 -9.999000e+03 -9.999000e+03 -9.999000e+03 -9.999000e+03 -9.999000e+03 -9.999000e+03
-9.999000e+03 -9.999000e+03 -9.999000e+03 -9.999000e+03 -9.999000e+03 -9.999000e+03 -9.999000e+03 -9.999000e+03 -9.999000e+03 -9.999000e+03 -9.999000e+03 -9.999000e+03 -9.999000e+03 -9.999000e+03 -9.999000e+03 -9.999000e+03 -9.999000e+03 -9.999000e+03 -9.999000e+03 -9.999000e+03 -9.999000e+03 -9.999000e+03 -9.999000e+03 -9.999000e+03 -9.999000e+03 -9.999000e+03 -9.999000e+03 -9.999000e+03 -9.999000e+03 -9.999000e+03 -9.999000e+03 -9.999000e+03 -9.999000e+03 -9.999000e+03 -9.999000e+03 -9.999000e+03 -9.999000e+03 -9.999000e+03 -9.999000e+03 -9.999000e+03 -9.999000e+03 -9.999000e+03 -9.999000e+03 -9.999000e+03 -9.999000e+03 -9.999000e+03 -9.999000e+03 -9.999000e+03 -9.999000e+03 -9.999000e+03 -9.999000e+03 -9.999000e+03
