tests/data/reference/test_implicit_stream_rill_mfda/mvel_m_s.asc
ncols	123
nrows	77
xllcorner	-713746.79929998
yllcorner	-1061022.36961616
cellsize	10.0
NODATA_value	-9999
[rows 23 to 45 of 77, columns 0 to 51 of 123]
-9.999000e+03 -9.999000e+03 -9.999000e+03 -9.999000e+03 -9.999000e+03 -9.999000e+03 -9.999000e+03 -9.999000e+03 -9.999000e+03 -9.999000e+03 -9.999000e+03 -9.999000e+03 -9.999000e+03 -9.999000e+03 1.757166e-02 2.172281e-02 2.167261e-02 2.195334e-02 1.989762e-02 8.153457e-03 9.529854e-03 1.759942e-01 1.304884e-02 5.764759e-02 6.092076e-02 4.110753e-02 4.806091e-02 4.599246e-02 5.157954e-02 5.360484e-02 4.292218e-02 5.226201e-02 5.596298e-02 5.753932e-02 8.846201e-02 5.728696e-02 5.780163e-02 4.582738e-02 7.595977e-02 6.136606e-02 6.158966e-02 6.221213e-02 6.323678e-02 6.385962e-02 6.388735e-02 6.364648e-02 6.346810e-02 6.380005e-02 6.458023e-02 6.468921e-02 6.362394e-02 4.973259e-02
-9.999000e+03 -9.999000e+03 -9.999000e+03 -9.999000e+03 -9.999000e+03 -9.999000e+03 -9.999000e+03 -9.999000e+03 -9.999000e+03 -9.999000e+03 -9.999000e+03 -9.999000e+03 -9.999000e+03 -9.999000e+03 1.039409e-02 1.696939e-02 2.426537e-02 2.832903e-02 1.920264e-02 2.664012e-02 1.660324e-01 2.200958e-01 3.552772e-02 3.528742e-02 5.303442e-02 6.910951e-02 4.719714e-02 4.844327e-02 4.948859e-02 4.044058e-02 5.497536e-02 5.205473e-02 5.552192e-02 5.632331e-02 9.288221e-02 5.674585e-02 5.823750e-02 4.629839e-02 7.746538e-02 6.128707e-02 6.130656e-02 6.174214e-02 6.248752e-02 6.305800e-02 6.332501e-02 6.344102e-02 6.360347e-02 6.417722e-02 6.507059e-02 6.569822e-02 4.991221e-02 6.691926e-02
-9.999000e+03 -9.999000e+03 -9.999000e+03 -9.999000e+03 -9.999000e+03 -9.999000e+03 -9.999000e+03 -9.999000e+03 -9.999000e+03 -9.999000e+03 -9.999000e+03 -9.999000e+03 -9.999000e+03 -9.999000e+03 1.207364e-02 1.736636e-02 2.209997e-02 2.201647e-02 2.147310e-02 1.198922e-02 1.881324e-01 5.346698e-02 6.463714e-02 4.112616e-02 4.373948e-02 5.358192e-02 7.890827e-02 5.073135e-02 5.117347e-02 4.123044e-02 4.853262e-02 5.262759e-02 5.158578e-02 5.472110e-02 5.465015e-02 9.703110e-02 4.470820e-02 5.993504e-02 5.557779e-02 8.683896e-02 6.112472e-02 6.170800e-02 6.229124e-02 6.275508e-02 6.315290e-02 6.357582e-02 6.413179e-02 6.502987e-02 6.616234e-02 6.728732e-02 6.191505e-02 5.180265e-02
-9.999000e+03 -9.999000e+03 -9.999000e+03 -9.999000e+03 -9.999000e+03 -9.999000e+03 -9.999000e+03 -9.999000e+03 -9.999000e+03 -9.999000e+03 -9.999000e+03 -9.999000e+03 2.564078e-02 1.987620e-02 2.348508e-02 2.433321e-02 2.247642e-02 1.079022e-02 9.565666e-03 1.725159e-01 2.145925e-02 5.650017e-02 4.535985e-02 5.709252e-02 4.324285e-02 4.534938e-02 8.440626e-02 4.854620e-02 4.944588e-02 4.706971e-02 4.042338e-02 5.031048e-02 5.086734e-02 4.912906e-02 4.937271e-02 5.504615e-02 9.568206e-02 5.468177e-02 6.011156e-02 5.877523e-02 9.518819e-02 6.142303e-02 6.179219e-02 6.227801e-02 6.304248e-02 6.406363e-02 6.524793e-02 6.645412e-02 6.761255e-02 6.892055e-02 6.772435e-02 5.259114e-02
-9.999000e+03 -9.999000e+03 -9.999000e+03 -9.999000e+03 -9.999000e+03 -9.999000e+03 -9.999000e+03 -9.999000e+03 -9.999000e+03 -9.999000e+03 -9.999000e+03 -9.999000e+03 -9.999000e+03 2.486855e-02 2.240891e-02 2.280402e-02 1.389613e-02 7.953167e-03 1.560477e-01 1.928796e-02 3.607540e-02 3.634821e-02 5.418932e-02 6.005035e-02 7.040651e-02 7.177464e-02 7.271613e-02 7.395791e-02 4.375901e-02 4.666890e-02 4.780824e-02 4.607702e-02 4.803088e-02 4.672995e-02 4.756304e-02 5.153721e-02 5.490176e-02 8.786258e-02 5.834487e-02 6.059142e-02 9.784437e-02 6.073972e-02 6.086997e-02 6.156969e-02 6.300755e-02 6.498008e-02 6.700429e-02 6.841939e-02 6.931852e-02 7.048743e-02 7.074810e-02 6.466820e-02
-9.999000e+03 -9.999000e+03 -9.999000e+03 -9.999000e+03 -9.999000e+03 -9.999000e+03 -9.999000e+03 -9.999000e+03 -9.999000e+03 -9.999000e+03 -9.999000e+03 -9.999000e+03 -9.999000e+03 -9.999000e+03 -9.999000e+03 1.783255e-02 3.888346e-03 1.334779e-01 1.847283e-01 5.559943e-02 4.702309e-02 4.145593e-02 3.773121e-02 3.617857e-02 3.743789e-02 3.919409e-02 3.928832e-02 7.183854e-02 9.551854e-02 4.227668e-02 4.454422e-02 4.483022e-02 4.365802e-02 4.387781e-02 4.574205e-02 5.040963e-02 5.321226e-02 5.378237e-02 8.252292e-02 5.590951e-02 1.026543e-01 6.051998e-02 6.127175e-02 6.248923e-02 6.430223e-02 6.659032e-02 6.871398e-02 6.991301e-02 7.053616e-02 7.159705e-02 7.220057e-02 6.961360e-02
-9.999000e+03 -9.999000e+03 -9.999000e+03 -9.999000e+03 -9.999000e+03 -9.999000e+03 -9.999000e+03 -9.999000e+03 -9.999000e+03 -9.999000e+03 -9.999000e+03 -9.999000e+03 -9.999000e+03 -9.999000e+03 -9.999000e+03 -9.999000e+03 7.401733e-03 1.377916e-01 4.483857e-02 3.937316e-02 3.552558e-02 3.360672e-02 3.387296e-02 3.564209e-02 3.789026e-02 4.047345e-02 4.088610e-02 3.874780e-02 3.809796e-02 9.774989e-02 9.890915e-02 9.797452e-02 4.069269e-02 4.112888e-02 4.325610e-02 4.735207e-02 5.933760e-02 6.742722e-02 5.084233e-02 7.839663e-02 5.655213e-02 9.332585e-02 6.336854e-02 6.518866e-02 6.693706e-02 6.876960e-02 7.019123e-02 7.079898e-02 7.119496e-02 7.218101e-02 7.261169e-02 7.097809e-02
-9.999000e+03 -9.999000e+03 -9.999000e+03 -9.999000e+03 -9.999000e+03 -9.999000e+03 -9.999000e+03 -9.999000e+03 -9.999000e+03 -9.999000e+03 -9.999000e+03 -9.999000e+03 -9.999000e+03 -9.999000e+03 -9.999000e+03 -9.999000e+03 1.389754e-01 1.521123e-02 3.026729e-02 3.236716e-02 3.307953e-02 6.099428e-02 5.959541e-02 5.961533e-02 5.918713e-02 5.847078e-02 5.598696e-02 5.179210e-02 4.906586e-02 4.770794e-02 4.446285e-02 4.065028e-02 9.723955e-02 9.393197e-02 9.435920e-02 9.895053e-02 1.010270e-01 1.007518e-01 9.911000e-02 9.709415e-02 9.660487e-02 9.692206e-02 9.589426e-02 5.809602e-02 6.111258e-02 6.607799e-02 6.788641e-02 6.900800e-02 7.013115e-02 7.132525e-02 7.124601e-02 6.943056e-02
-9.999000e+03 -9.999000e+03 -9.999000e+03 -9.999000e+03 -9.999000e+03 -9.999000e+03 -9.999000e+03 -9.999000e+03 -9.999000e+03 -9.999000e+03 -9.999000e+03 -9.999000e+03 -9.999000e+03 -9.999000e+03 -9.999000e+03 1.391103e-01 1.953821e-02 3.525915e-02 6.479869e-02 5.970848e-02 6.217863e-02 3.477962e-02 4.246740e-02 4.976873e-02 4.717451e-02 5.963421e-02 6.390451e-02 6.690359e-02 6.503554e-02 6.431468e-02 6.165110e-02 5.703574e-02 5.170039e-02 4.544978e-02 4.209887e-02 4.143357e-02 8.728903e-02 9.181877e-02 9.587804e-02 9.577785e-02 9.582399e-02 9.615057e-02 1.013085e-01 1.030661e-01 1.008583e-01 5.382566e-02 7.296845e-02 6.430636e-02 6.726337e-02 6.875162e-02 6.773936e-02 6.524281e-02
-9.999000e+03 -9.999000e+03 -9.999000e+03 -9.999000e+03 -9.999000e+03 -9.999000e+03 -9.999000e+03 -9.999000e+03 -9.999000e+03 -9.999000e+03 -9.999000e+03 -9.999000e+03 -9.999000e+03 -9.999000e+03 1.298271e-01 1.757822e-01 6.832932e-02 6.632533e-02 3.670121e-02 3.776230e-02 3.479567e-02 3.648911e-02 3.806934e-02 3.967834e-02 4.825663e-02 4.069527e-02 4.204548e-02 4.801125e-02 4.929857e-02 4.685443e-02 4.629183e-02 7.052136e-02 7.047159e-02 6.912168e-02 7.004191e-02 8.253660e-02 4.251313e-02 4.742787e-02 5.194646e-02 5.615987e-02 5.854833e-02 5.856415e-02 6.973127e-02 7.522927e-02 7.833322e-02 1.003817e-01 9.998802e-02 9.833911e-02 5.536649e-02 7.255575e-02 5.950555e-02 5.762760e-02
-9.999000e+03 -9.999000e+03 -9.999000e+03 -9.999000e+03 -9.999000e+03 -9.999000e+03 -9.999000e+03 -9.999000e+03 -9.999000e+03 -9.999000e+03 -9.999000e+03 -9.999000e+03 -9.999000e+03 -9.999000e+03 1.365647e-01 3.239915e-02 3.894140e-02 3.924507e-02 3.916260e-02 3.902898e-02 3.945279e-02 4.081681e-02 3.825722e-02 4.433314e-02 4.532647e-02 4.519410e-02 4.644963e-02 4.936369e-02 6.145049e-02 6.985672e-02 7.539362e-02 4.966279e-02 4.838614e-02 4.803435e-02 6.421259e-02 4.685438e-02 5.050984e-02 5.334238e-02 5.554003e-02 5.823500e-02 6.071158e-02 6.059456e-02 6.205535e-02 6.241015e-02 6.203099e-02 7.463467e-02 8.143570e-02 8.522223e-02 9.882468e-02 1.032850e-01 1.060613e-01 4.245184e-02
-9.999000e+03 -9.999000e+03 -9.999000e+03 -9.999000e+03 -9.999000e+03 -9.999000e+03 -9.999000e+03 -9.999000e+03 -9.999000e+03 -9.999000e+03 -9.999000e+03 -9.999000e+03 -9.999000e+03 1.662783e-01 3.793862e-02 3.823748e-02 3.955028e-02 4.070074e-02 4.084002e-02 4.048757e-02 4.031722e-02 4.086326e-02 4.196087e-02 4.347071e-02 4.473548e-02 4.531470e-02 4.689314e-02 4.998325e-02 5.197205e-02 5.268078e-02 5.235267e-02 5.138760e-02 5.135576e-02 7.184874e-02 4.118818e-02 4.978330e-02 5.415006e-02 5.501191e-02 5.639484e-02 5.836838e-02 6.071481e-02 6.287337e-02 6.486419e-02 6.480429e-02 6.574939e-02 6.549817e-02 6.525003e-02 6.439599e-02 6.112947e-02 6.738577e-02 6.651447e-02 1.079439e-01
-9.999000e+03 -9.999000e+03 -9.999000e+03 -9.999000e+03 -9.999000e+03 -9.999000e+03 -9.999000e+03 -9.999000e+03 -9.999000e+03 -9.999000e+03 -9.999000e+03 -9.999000e+03 1.278055e-01 1.913566e-01 3.804973e-02 3.871721e-02 3.976441e-02 4.082076e-02 4.140439e-02 4.147546e-02 4.128614e-02 4.104488e-02 4.131358e-02 4.213422e-02 4.336784e-02 4.467771e-02 4.676991e-02 4.985308e-02 5.174108e-02 5.245186e-02 5.284543e-02 5.303714e-02 6.820955e-02 5.277166e-02 4.176346e-02 5.337372e-02 5.408079e-02 5.493801e-02 5.658531e-02 5.885625e-02 6.069126e-02 6.237219e-02 6.339078e-02 6.412926e-02 6.356588e-02 6.283490e-02 6.358060e-02 6.431416e-02 6.326836e-02 5.920302e-02 5.597284e-02 6.169987e-02
-9.999000e+03 -9.999000e+03 -9.999000e+03 -9.999000e+03 -9.999000e+03 -9.999000e+03 -9.999000e+03 -9.999000e+03 -9.999000e+03 -9.999000e+03 -9.999000e+03 -9.999000e+03 1.616207e-01 3.618832e-02 3.806205e-02 4.084049e-02 3.961098e-02 4.106405e-02 4.192176e-02 4.230500e-02 4.216604e-02 4.152642e-02 4.134170e-02 4.166983e-02 4.263181e-02 4.401536e-02 4.593451e-02 4.856441e-02 4.986078e-02 5.052644e-02 5.121835e-02 6.697258e-02 4.230983e-02 4.972482e-02 5.189213e-02 5.167095e-02 5.147445e-02 5.218330e-02 5.452714e-02 5.543457e-02 5.754508e-02 5.960873e-02 6.070507e-02 5.756402e-02 5.793341e-02 5.885765e-02 5.981042e-02 5.976467e-02 5.920953e-02 6.187708e-02 5.748560e-02 5.429854e-02
-9.999000e+03 -9.999000e+03 -9.999000e+03 -9.999000e+03 -9.999000e+03 -9.999000e+03 -9.999000e+03 -9.999000e+03 -9.999000e+03 -9.999000e+03 -9.999000e+03 1.153061e-01 2.027868e-02 3.386384e-02 4.356562e-02 3.744080e-02 3.955613e-02 4.114219e-02 4.217074e-02 4.269795e-02 4.267174e-02 4.211139e-02 4.194738e-02 4.211330e-02 4.269711e-02 4.374481e-02 4.491069e-02 4.584733e-02 4.702239e-02 4.685068e-02 4.738590e-02 5.642015e-02 3.977471e-02 4.959560e-02 4.897942e-02 4.631930e-02 4.622886e-02 4.926639e-02 4.715823e-02 4.829156e-02 5.057694e-02 5.398788e-02 4.683983e-02 4.658365e-02 4.688350e-02 4.769324e-02 4.833461e-02 4.884625e-02 6.397944e-02 5.483359e-02 5.365623e-02 5.307510e-02
-9.999000e+03 -9.999000e+03 -9.999000e+03 -9.999000e+03 -9.999000e+03 -9.999000e+03 -9.999000e+03 -9.999000e+03 -9.999000e+03 -9.999000e+03 1.104204e-01 1.407209e-01 3.042541e-02 4.320363e-02 2.937619e-02 3.543941e-02 3.834256e-02 4.035168e-02 4.172847e-02 4.222631e-02 4.239877e-02 4.194548e-02 4.183842e-02 4.198757e-02 4.247511e-02 4.345028e-02 4.196403e-02 4.456283e-02 4.427397e-02 4.318710e-02 4.337755e-02 4.359352e-02 4.422487e-02 4.470227e-02 3.882963e-02 3.726347e-02 4.517561e-02 3.637447e-02 3.656389e-02 3.709952e-02 3.969465e-02 4.398477e-02 5.461794e-02 5.788784e-02 5.947611e-02 6.092045e-02 6.191097e-02 6.252051e-02 4.699686e-02 4.563738e-02 4.560071e-02 4.604534e-02
-9.999000e+03 -9.999000e+03 -9.999000e+03 -9.999000e+03 -9.999000e+03 -9.999000e+03 -9.999000e+03 -9.999000e+03 -9.999000e+03 -9.999000e+03 1.026059e-01 2.736308e-02 4.295918e-02 2.967709e-02 2.647884e-02 3.265740e-02 3.576509e-02 3.860077e-02 4.011775e-02 4.126431e-02 4.155929e-02 4.135480e-02 4.127613e-02 4.153997e-02 4.153858e-02 3.515892e-02 4.283629e-02 4.303873e-02 4.143435e-02 3.972963e-02 3.917261e-02 3.894365e-02 3.388790e-02 3.721912e-02 4.456774e-02 4.435654e-02 3.462918e-02 3.949330e-02 4.148400e-02 4.364883e-02 3.917456e-02 4.361095e-02 5.390471e-02 5.667174e-02 5.769987e-02 5.865327e-02 5.971257e-02 6.078976e-02 6.070101e-02 5.918463e-02 5.891347e-02 6.060015e-02
-9.999000e+03 -9.999000e+03 -9.999000e+03 -9.999000e+03 -9.999000e+03 -9.999000e+03 -9.999000e+03 -9.999000e+03 -9.999000e+03 1.034609e-01 1.746709e-02 4.030658e-02 2.822858e-02 2.553355e-02 2.843583e-02 3.094289e-02 3.370563e-02 3.529111e-02 3.885647e-02 3.969982e-02 4.048983e-02 4.073266e-02 4.103614e-02 3.973134e-02 3.447384e-02 4.014192e-02 4.196388e-02 3.925440e-02 3.786267e-02 3.544503e-02 3.470244e-02 3.170230e-02 3.908208e-02 4.461910e-02 4.688909e-02 4.603760e-02 4.484866e-02 4.383911e-02 3.634931e-02 3.887872e-02 5.129529e-02 5.213510e-02 5.635002e-02 5.635498e-02 5.585727e-02 5.589111e-02 5.693463e-02 5.888481e-02 5.990450e-02 5.970250e-02 5.923443e-02 5.893076e-02
-9.999000e+03 -9.999000e+03 -9.999000e+03 -9.999000e+03 -9.999000e+03 -9.999000e+03 -9.999000e+03 -9.999000e+03 -9.999000e+03 1.138668e-01 4.371321e-02 2.845211e-02 2.729312e-02 2.486076e-02 2.959135e-02 3.079750e-02 2.761297e-02 3.545486e-02 3.634971e-02 3.822949e-02 3.950372e-02 4.021625e-02 3.381383e-02 3.471524e-02 4.034370e-02 4.096466e-02 3.331128e-02 3.290553e-02 3.154722e-02 2.901146e-02 2.916598e-02 3.707519e-02 4.217554e-02 4.609623e-02 4.804447e-02 4.818312e-02 4.769247e-02 3.730602e-02 4.742368e-02 4.798822e-02 5.059197e-02 5.547221e-02 5.609748e-02 5.472001e-02 5.389332e-02 5.426083e-02 5.533690e-02 5.692555e-02 5.800105e-02 5.856541e-02 1.060828e-01 1.074963e-01
-9.999000e+03 -9.999000e+03 -9.999000e+03 -9.999000e+03 -9.999000e+03 -9.999000e+03 -9.999000e+03 -9.999000e+03 1.531565e-01 1.965598e-02 3.955498e-02 3.031830e-02 2.429751e-02 2.809420e-02 3.059090e-02 3.118739e-02 3.660734e-02 3.223927e-02 3.436107e-02 3.716639e-02 3.907770e-02 3.842012e-02 4.096516e-02 4.285242e-02 4.302897e-02 6.379707e-02 6.500506e-02 6.116684e-02 5.609108e-02 4.967426e-02 4.655389e-02 4.579661e-02 4.447033e-02 4.754422e-02 4.924970e-02 4.962328e-02 4.920781e-02 5.808223e-02 6.013269e-02 7.002817e-02 7.391463e-02 7.604805e-02 7.052188e-02 6.484248e-02 6.052074e-02 5.727152e-02 5.459424e-02 5.455165e-02 5.451215e-02 1.101567e-01 5.486701e-02 5.528382e-02
-9.999000e+03 -9.999000e+03 -9.999000e+03 -9.999000e+03 -9.999000e+03 -9.999000e+03 -9.999000e+03 1.094629e-01 1.468910e-01 3.851402e-02 3.142145e-02 3.123405e-02 2.494965e-02 2.984497e-02 3.116115e-02 3.153328e-02 3.162126e-02 3.147904e-02 3.330681e-02 3.674750e-02 3.255573e-02 3.325176e-02 3.941424e-02 5.951494e-02 6.311903e-02 4.247609e-02 4.123540e-02 4.135108e-02 4.031508e-02 3.805320e-02 3.879907e-02 4.268615e-02 4.596200e-02 4.831469e-02 4.950417e-02 4.956871e-02 4.902689e-02 4.798896e-02 4.866659e-02 5.113685e-02 5.231455e-02 5.190301e-02 5.145913e-02 5.118780e-02 5.169350e-02 5.301311e-02 5.307351e-02 5.171908e-02 1.057301e-01 5.165347e-02 5.314209e-02 5.438089e-02
-9.999000e+03 -9.999000e+03 -9.999000e+03 -9.999000e+03 -9.999000e+03 -9.999000e+03 -9.999000e+03 1.002053e-01 2.559848e-02 3.898987e-02 2.722170e-02 3.061426e-02 3.067392e-02 3.105244e-02 3.157154e-02 3.175129e-02 3.208660e-02 3.227174e-02 3.401804e-02 3.759744e-02 4.658706e-02 5.258007e-02 5.744771e-02 4.184122e-02 4.255972e-02 4.099023e-02 3.516648e-02 4.071865e-02 4.159138e-02 4.030836e-02 4.100555e-02 4.411683e-02 4.647152e-02 4.782049e-02 4.837782e-02 4.825173e-02 9.059189e-02 9.117691e-02 9.295451e-02 9.604293e-02 9.789859e-02 9.857034e-02 1.002726e-01 9.917986e-02 9.727936e-02 9.487081e-02 1.048712e-01 1.039450e-01 4.995661e-02 5.003143e-02 5.139060e-02 5.288512e-02
-9.999000e+03 -9.999000e+03 -9.999000e+03 -9.999000e+03 -9.999000e+03 -9.999000e+03 -9.999000e+03 7.162661e-03 3.484978e-02 2.903774e-02 2.536644e-02 3.010465e-02 3.199089e-02 3.228551e-02 3.228852e-02 3.240288e-02 3.324079e-02 3.406511e-02 3.572402e-02 3.894309e-02 4.123551e-02 4.218426e-02 4.181690e-02 4.114633e-02 3.431173e-02 3.556208e-02 4.182974e-02 4.312907e-02 4.304001e-02 4.237223e-02 4.273990e-02 4.443600e-02 4.566835e-02 8.676312e-02 8.868978e-02 9.062332e-02 4.997482e-02 5.170949e-02 5.329903e-02 5.489407e-02 5.568974e-02 5.557223e-02 5.572277e-02 6.930706e-02 7.867220e-02 8.503240e-02 5.416513e-02 5.282236e-02 5.114810e-02 4.940782e-02 4.921740e-02 5.044322e-02
