tests/data/reference/test_implicit_stream_rill_mfda/mvel_m_s.asc
ncols	123
nrows	77
xllcorner	-713746.79929998
yllcorner	-1061022.36961616
cellsize	10.0
NODATA_value	-9999
[rows 23 to 45 of 77, columns 52 to 103 of 123]
6.426428e-02 7.269634e-02 7.303270e-02 7.245682e-02 7.205043e-02 7.189030e-02 7.137070e-02 7.031141e-02 6.955531e-02 6.941298e-02 6.901296e-02 6.841283e-02 6.775441e-02 6.645526e-02 6.386406e-02 6.044415e-02 9.537654e-02 5.439685e-02 5.513264e-02 5.627798e-02 5.719248e-02 5.792786e-02 5.742070e-02 5.699531e-02 4.333267e-02 5.006610e-02 9.988435e-02 6.242714e-02 7.571469e-02 5.185568e-02 5.450115e-02 5.165824e-02 4.092901e-02 3.670159e-02 -9.999000e+03 -9.999000e+03 -9.999000e+03 -9.999000e+03 -9.999000e+03 -9.999000e+03 -9.999000e+03 -9.999000e+03 -9.999000e+03 -9.999000e+03 -9.999000e+03 -9.999000e+03 -9.999000e+03 -9.999000e+03 -9.999000e+03 -9.999000e+03 -9.999000e+03 -9.999000e+03
6.545708e-02 7.092608e-02 7.343397e-02 7.269982e-02 7.212565e-02 7.173676e-02 7.108128e-02 7.006365e-02 6.946247e-02 6.937629e-02 6.911380e-02 6.874962e-02 6.787949e-02 6.597637e-02 6.332860e-02 6.031438e-02 1.026328e-01 5.529768e-02 5.676391e-02 5.872631e-02 6.037414e-02 6.155167e-02 6.158932e-02 6.100901e-02 5.503247e-02 5.549070e-02 4.127594e-02 9.432260e-02 5.604243e-02 7.019486e-02 6.483824e-02 5.444254e-02 5.069488e-02 4.684073e-02 3.535206e-02 -9.999000e+03 -9.999000e+03 -9.999000e+03 -9.999000e+03 -9.999000e+03 -9.999000e+03 -9.999000e+03 -9.999000e+03 -9.999000e+03 -9.999000e+03 -9.999000e+03 -9.999000e+03 -9.999000e+03 -9.999000e+03 -9.999000e+03 -9.999000e+03 -9.999000e+03
7.420243e-02 7.153055e-02 7.318306e-02 7.324339e-02 7.200362e-02 7.085515e-02 6.989317e-02 6.938783e-02 6.952193e-02 6.984850e-02 6.974542e-02 6.909249e-02 6.747047e-02 6.507354e-02 6.296312e-02 6.132684e-02 1.094559e-01 5.831945e-02 5.934476e-02 6.103099e-02 6.275583e-02 6.400774e-02 6.416305e-02 6.355075e-02 6.081244e-02 6.008912e-02 5.379223e-02 1.002474e-01 4.237735e-02 5.512407e-02 8.417068e-02 5.130576e-02 5.340567e-02 5.416963e-02 4.969247e-02 3.956186e-02 3.623893e-02 3.593205e-02 -9.999000e+03 -9.999000e+03 -9.999000e+03 -9.999000e+03 -9.999000e+03 -9.999000e+03 -9.999000e+03 -9.999000e+03 -9.999000e+03 -9.999000e+03 -9.999000e+03 -9.999000e+03 -9.999000e+03 -9.999000e+03
6.712226e-02 7.509859e-02 7.333280e-02 7.266253e-02 7.130879e-02 6.992425e-02 6.919410e-02 6.945277e-02 7.000860e-02 7.030670e-02 7.003002e-02 6.893909e-02 6.716463e-02 6.519707e-02 6.359066e-02 6.234403e-02 1.077087e-01 5.963643e-02 6.037655e-02 6.186130e-02 6.339816e-02 6.451446e-02 6.473464e-02 6.444438e-02 6.350805e-02 6.322928e-02 6.092981e-02 1.031192e-01 5.477891e-02 5.509579e-02 8.215047e-02 5.108661e-02 5.388369e-02 5.642111e-02 5.556901e-02 5.051795e-02 4.605764e-02 3.723093e-02 4.333067e-02 3.555360e-02 -9.999000e+03 -9.999000e+03 -9.999000e+03 -9.999000e+03 -9.999000e+03 -9.999000e+03 -9.999000e+03 -9.999000e+03 -9.999000e+03 -9.999000e+03 -9.999000e+03 -9.999000e+03
7.314579e-02 5.415630e-02 7.376731e-02 7.144798e-02 7.009283e-02 6.947260e-02 6.951372e-02 7.014529e-02 7.052133e-02 7.042432e-02 6.990561e-02 6.883599e-02 6.761268e-02 6.640369e-02 6.488179e-02 6.283134e-02 1.088014e-01 5.881049e-02 5.956564e-02 6.096784e-02 6.206712e-02 6.289979e-02 6.326594e-02 6.362698e-02 6.415750e-02 6.489713e-02 6.471950e-02 1.013433e-01 6.169648e-02 6.044402e-02 8.457843e-02 5.506850e-02 5.405370e-02 5.420665e-02 5.442922e-02 5.285268e-02 4.016565e-02 3.824678e-02 4.389497e-02 4.478017e-02 4.161577e-02 1.357992e-01 -9.999000e+03 -9.999000e+03 -9.999000e+03 -9.999000e+03 -9.999000e+03 -9.999000e+03 -9.999000e+03 -9.999000e+03 -9.999000e+03 -9.999000e+03
7.525392e-02 6.599279e-02 7.261808e-02 7.046384e-02 5.041258e-02 6.941184e-02 6.976203e-02 7.049760e-02 7.091604e-02 7.078807e-02 7.021001e-02 6.917167e-02 6.803926e-02 6.676254e-02 6.484394e-02 6.226002e-02 1.098670e-01 5.882764e-02 6.000188e-02 6.148776e-02 6.242827e-02 6.302949e-02 6.324320e-02 6.364420e-02 6.466041e-02 6.605896e-02 6.696356e-02 9.935558e-02 6.538843e-02 6.398077e-02 8.359850e-02 5.818818e-02 5.503212e-02 5.326609e-02 5.292047e-02 5.268620e-02 4.799580e-02 4.623505e-02 3.811307e-02 4.637988e-02 0.000000e+00 1.860152e-01 1.163882e-01 1.020893e-01 -9.999000e+03 -9.999000e+03 -9.999000e+03 -9.999000e+03 -9.999000e+03 -9.999000e+03 -9.999000e+03 -9.999000e+03
7.495117e-02 6.994598e-02 7.141945e-02 7.007023e-02 5.078813e-02 6.191981e-02 6.955963e-02 7.057248e-02 7.150536e-02 7.160185e-02 7.099179e-02 6.971694e-02 6.801507e-02 6.576438e-02 6.309541e-02 6.080613e-02 6.003966e-02 1.079766e-01 6.214261e-02 6.391268e-02 6.503171e-02 6.541771e-02 6.511505e-02 6.487475e-02 6.542814e-02 6.689877e-02 6.817726e-02 9.873960e-02 6.679076e-02 6.536762e-02 8.020507e-02 6.037802e-02 5.733185e-02 5.482875e-02 5.287586e-02 5.175076e-02 4.980129e-02 4.914247e-02 4.633917e-02 0.000000e+00 0.000000e+00 6.369875e-02 4.440482e-02 2.550989e-02 9.006123e-02 -9.999000e+03 -9.999000e+03 -9.999000e+03 -9.999000e+03 -9.999000e+03 -9.999000e+03 -9.999000e+03
7.248730e-02 6.968980e-02 6.982501e-02 6.954858e-02 6.222796e-02 5.092199e-02 6.699334e-02 7.096569e-02 7.170575e-02 7.134318e-02 7.031348e-02 6.861992e-02 6.649168e-02 6.395662e-02 6.184054e-02 6.105123e-02 6.170098e-02 6.330491e-02 1.013484e-01 6.666814e-02 6.738183e-02 6.721911e-02 6.644294e-02 6.588360e-02 6.623698e-02 6.767742e-02 6.876073e-02 9.751556e-02 6.757183e-02 6.665195e-02 7.713999e-02 6.292094e-02 6.019524e-02 5.757132e-02 4.244114e-02 4.091029e-02 5.162539e-02 5.166493e-02 0.000000e+00 0.000000e+00 3.920746e-02 5.652470e-02 4.111961e-02 3.301744e-02 2.675810e-02 8.610832e-02 -9.999000e+03 -9.999000e+03 -9.999000e+03 -9.999000e+03 -9.999000e+03 -9.999000e+03
6.788867e-02 6.688625e-02 6.777796e-02 6.873352e-02 6.678039e-02 6.271546e-02 5.183188e-02 7.043816e-02 7.088479e-02 6.941043e-02 6.761642e-02 6.541328e-02 6.336678e-02 6.198454e-02 6.201852e-02 6.327573e-02 6.497412e-02 6.689224e-02 9.726144e-02 6.937203e-02 6.909662e-02 6.811993e-02 6.699640e-02 6.654128e-02 6.709455e-02 6.835545e-02 6.875372e-02 9.340537e-02 6.801098e-02 6.798724e-02 7.415106e-02 6.584538e-02 6.343459e-02 4.673586e-02 4.471431e-02 4.295562e-02 5.506250e-02 0.000000e+00 0.000000e+00 4.356751e-02 4.600239e-02 5.278759e-02 3.752397e-02 3.334253e-02 3.285696e-02 2.923680e-02 2.721704e-02 -9.999000e+03 -9.999000e+03 -9.999000e+03 -9.999000e+03 -9.999000e+03
6.099628e-02 6.196918e-02 6.399144e-02 6.583256e-02 4.924032e-02 6.781517e-02 6.719415e-02 6.276805e-02 6.912501e-02 6.800392e-02 6.639632e-02 6.459440e-02 6.341208e-02 6.325936e-02 6.420391e-02 6.586959e-02 6.749017e-02 6.891016e-02 9.660065e-02 6.972876e-02 6.894555e-02 6.791953e-02 6.713743e-02 6.715005e-02 6.791284e-02 6.876806e-02 6.834008e-02 8.861436e-02 6.728088e-02 6.765394e-02 6.930451e-02 6.690983e-02 4.879150e-02 4.803435e-02 4.646701e-02 4.483815e-02 0.000000e+00 0.000000e+00 4.741048e-02 5.159390e-02 4.971005e-02 5.113113e-02 3.333495e-02 3.074902e-02 3.675230e-02 3.711624e-02 3.682968e-02 2.890774e-02 8.807015e-02 -9.999000e+03 -9.999000e+03 -9.999000e+03
5.197424e-02 5.513484e-02 5.775586e-02 6.012628e-02 6.255010e-02 5.804684e-02 6.635713e-02 6.677280e-02 6.537616e-02 6.808713e-02 6.783523e-02 6.736278e-02 6.725260e-02 6.738842e-02 6.771505e-02 6.830324e-02 6.873729e-02 6.882200e-02 6.816228e-02 1.009685e-01 6.674684e-02 6.658632e-02 6.692381e-02 6.775488e-02 6.865642e-02 6.888800e-02 6.753694e-02 8.304041e-02 6.528035e-02 6.539917e-02 6.594010e-02 4.864023e-02 4.822669e-02 4.803095e-02 0.000000e+00 0.000000e+00 0.000000e+00 4.622035e-02 5.630073e-02 5.524639e-02 5.285903e-02 4.030769e-02 3.837661e-02 4.130793e-02 4.074012e-02 3.860607e-02 3.695133e-02 3.074474e-02 2.903167e-02 1.065168e-01 -9.999000e+03 -9.999000e+03
1.088964e-01 1.047029e-01 4.909294e-02 5.221445e-02 5.913028e-02 6.222201e-02 6.232445e-02 6.651438e-02 6.781657e-02 6.825955e-02 6.982658e-02 7.034267e-02 7.081220e-02 7.095517e-02 7.076720e-02 7.033148e-02 6.946581e-02 6.821150e-02 6.647082e-02 9.452707e-02 6.381416e-02 6.403514e-02 6.521572e-02 6.670778e-02 6.762805e-02 6.724650e-02 6.526388e-02 7.649096e-02 6.304270e-02 6.320740e-02 6.418240e-02 4.832969e-02 4.827527e-02 0.000000e+00 0.000000e+00 5.374624e-02 4.773803e-02 5.647493e-02 5.973136e-02 5.781650e-02 4.333922e-02 4.231287e-02 4.099465e-02 4.730408e-02 4.455501e-02 4.171941e-02 3.301239e-02 3.322091e-02 3.337289e-02 4.783341e-02 2.818898e-02 1.080317e-01
6.995802e-02 6.668341e-02 1.001720e-01 5.125779e-02 5.421981e-02 5.892134e-02 6.259112e-02 6.434561e-02 6.720008e-02 6.880442e-02 6.984580e-02 7.125564e-02 7.203792e-02 7.218727e-02 7.166352e-02 7.010589e-02 6.756574e-02 6.466787e-02 6.154733e-02 5.848598e-02 9.745918e-02 5.631401e-02 5.814138e-02 6.026087e-02 6.433873e-02 6.337031e-02 6.117871e-02 6.885168e-02 6.056439e-02 6.137982e-02 6.297573e-02 4.848250e-02 0.000000e+00 0.000000e+00 5.269335e-02 6.193860e-02 5.757504e-02 6.076165e-02 6.160954e-02 4.591803e-02 4.481121e-02 4.350308e-02 4.213233e-02 4.033958e-02 4.811878e-02 4.652881e-02 3.757656e-02 4.347140e-02 4.274976e-02 4.845928e-02 3.319265e-02 4.763746e-02
4.353316e-02 5.285445e-02 5.568859e-02 9.802465e-02 9.723296e-02 9.433622e-02 9.299966e-02 6.345936e-02 6.418343e-02 6.519383e-02 6.599590e-02 6.686318e-02 6.720962e-02 6.677289e-02 8.272008e-02 6.385985e-02 6.148030e-02 5.924761e-02 5.690896e-02 5.462080e-02 4.129477e-02 9.811335e-02 7.128486e-02 5.793064e-02 5.749352e-02 5.551017e-02 5.756222e-02 6.181238e-02 5.904270e-02 6.067290e-02 6.265676e-02 0.000000e+00 0.000000e+00 4.846637e-02 6.194199e-02 6.389389e-02 6.140031e-02 6.247447e-02 6.257311e-02 4.674750e-02 4.585937e-02 4.448068e-02 4.312257e-02 4.154724e-02 5.052014e-02 4.907901e-02 4.605490e-02 4.793860e-02 4.726046e-02 4.888295e-02 4.289519e-02 4.915107e-02
5.942156e-02 6.260297e-02 6.235466e-02 5.787210e-02 5.685836e-02 6.027800e-02 6.155574e-02 9.501217e-02 9.621373e-02 9.736714e-02 9.814037e-02 9.851699e-02 9.956123e-02 1.012958e-01 1.030455e-01 1.043899e-01 1.039237e-01 5.013350e-02 5.134817e-02 5.223537e-02 5.375211e-02 5.180641e-02 9.569819e-02 5.721771e-02 5.435525e-02 5.150282e-02 5.072575e-02 5.615655e-02 5.892446e-02 6.134212e-02 0.000000e+00 0.000000e+00 4.961288e-02 4.892128e-02 6.502582e-02 6.470102e-02 6.303645e-02 6.303980e-02 6.284299e-02 4.702145e-02 4.643050e-02 4.519068e-02 4.396989e-02 4.253183e-02 4.082207e-02 3.916283e-02 4.755313e-02 4.808265e-02 4.852233e-02 4.993919e-02 4.867275e-02 5.044447e-02
5.884889e-02 6.408318e-02 6.436457e-02 9.539697e-02 9.605310e-02 9.413783e-02 9.361518e-02 9.440755e-02 9.524661e-02 9.615526e-02 9.690565e-02 9.739196e-02 9.812362e-02 9.934925e-02 1.009222e-01 1.028343e-01 1.043935e-01 1.045171e-01 1.040489e-01 4.693654e-02 4.951117e-02 5.349500e-02 9.754214e-02 5.357741e-02 5.073485e-02 4.872789e-02 4.890257e-02 5.192154e-02 5.945673e-02 0.000000e+00 0.000000e+00 4.953870e-02 4.988969e-02 4.920461e-02 6.608132e-02 6.534715e-02 6.409041e-02 6.383094e-02 4.767429e-02 4.768996e-02 4.722594e-02 4.601280e-02 4.474311e-02 4.344309e-02 4.193945e-02 4.015659e-02 3.859536e-02 4.804094e-02 4.859947e-02 4.999250e-02 5.048038e-02 5.080286e-02
6.630698e-02 9.927006e-02 9.922729e-02 6.668817e-02 6.815456e-02 7.116874e-02 7.295978e-02 7.341161e-02 7.339472e-02 7.295874e-02 7.220627e-02 6.855341e-02 6.679392e-02 6.445330e-02 6.178800e-02 5.918621e-02 7.281301e-02 8.099309e-02 7.406962e-02 1.054714e-01 1.050517e-01 1.011008e-01 1.012407e-01 1.038426e-01 4.661809e-02 4.727356e-02 4.869887e-02 5.289178e-02 0.000000e+00 0.000000e+00 4.880407e-02 6.069588e-02 5.004592e-02 4.932607e-02 6.654539e-02 6.601067e-02 6.511472e-02 6.503769e-02 4.864215e-02 4.871855e-02 4.832070e-02 4.710207e-02 4.554910e-02 4.414385e-02 4.314301e-02 4.192376e-02 4.016363e-02 4.888726e-02 4.833674e-02 4.854796e-02 4.873622e-02 4.906560e-02
1.044998e-01 6.442402e-02 6.645584e-02 6.800397e-02 7.033733e-02 7.333274e-02 7.535264e-02 7.635237e-02 7.697599e-02 7.714778e-02 7.682018e-02 7.607155e-02 7.498929e-02 7.360081e-02 7.193575e-02 6.748132e-02 6.528461e-02 8.050026e-02 7.568074e-02 8.116965e-02 8.791148e-02 3.363736e-02 8.368133e-02 1.095932e-01 1.111882e-01 4.217394e-02 4.695055e-02 4.180483e-02 0.000000e+00 4.965054e-02 5.858365e-02 6.512653e-02 5.044912e-02 6.075266e-02 6.714238e-02 6.655193e-02 6.590713e-02 6.610799e-02 4.940109e-02 4.946288e-02 4.902040e-02 4.792596e-02 4.632040e-02 4.460784e-02 4.375554e-02 4.315282e-02 4.175668e-02 4.008208e-02 4.951161e-02 4.882861e-02 4.836327e-02 4.847337e-02
6.126934e-02 6.344008e-02 6.515496e-02 6.610479e-02 6.765604e-02 7.028456e-02 7.246907e-02 7.395370e-02 7.534280e-02 7.635216e-02 7.668055e-02 7.662721e-02 7.655863e-02 7.644695e-02 7.601727e-02 7.532709e-02 9.390389e-02 7.337678e-02 6.822980e-02 6.320138e-02 6.044907e-02 0.000000e+00 0.000000e+00 0.000000e+00 1.149793e-01 1.133926e-01 4.383563e-02 0.000000e+00 0.000000e+00 5.281499e-02 5.699724e-02 6.607056e-02 5.097725e-02 6.659432e-02 6.806897e-02 6.694142e-02 6.642850e-02 4.957945e-02 5.000772e-02 5.011730e-02 4.948479e-02 4.834707e-02 4.686408e-02 4.498854e-02 4.396943e-02 4.375197e-02 4.310364e-02 4.197751e-02 5.216041e-02 5.112119e-02 5.020004e-02 4.957021e-02
6.049303e-02 6.237978e-02 6.349859e-02 6.383871e-02 6.467905e-02 6.670143e-02 6.858829e-02 6.998508e-02 7.170592e-02 7.353951e-02 7.469068e-02 7.526275e-02 7.590463e-02 7.667202e-02 7.711257e-02 8.999957e-02 7.742876e-02 7.749785e-02 7.646036e-02 7.395197e-02 6.913759e-02 6.851604e-02 6.593986e-02 0.000000e+00 0.000000e+00 0.000000e+00 3.597975e-02 0.000000e+00 3.767263e-02 4.769954e-02 5.317556e-02 6.041116e-02 6.055821e-02 6.768675e-02 6.813694e-02 6.739507e-02 6.718284e-02 5.000275e-02 5.039260e-02 5.074223e-02 5.022198e-02 4.891688e-02 4.733806e-02 4.537621e-02 4.417797e-02 4.391886e-02 4.360705e-02 5.131268e-02 5.414459e-02 5.300627e-02 5.186757e-02 5.122058e-02
5.902721e-02 6.010023e-02 6.084469e-02 6.105370e-02 6.153090e-02 6.287089e-02 6.406025e-02 6.481744e-02 6.639044e-02 6.891122e-02 7.094621e-02 7.221046e-02 7.343649e-02 7.474568e-02 9.017658e-02 7.652028e-02 7.752475e-02 7.868302e-02 7.913777e-02 7.869037e-02 7.771321e-02 7.511411e-02 7.187951e-02 6.661595e-02 6.237001e-02 0.000000e+00 0.000000e+00 0.000000e+00 2.444802e-02 3.994854e-02 5.858575e-02 5.417432e-02 6.000357e-02 6.439530e-02 6.664807e-02 6.775359e-02 6.826590e-02 5.060081e-02 5.072062e-02 5.113398e-02 5.091808e-02 4.969658e-02 4.793505e-02 4.575720e-02 4.436406e-02 4.384970e-02 4.349052e-02 5.463808e-02 5.519986e-02 5.424365e-02 5.305816e-02 5.309552e-02
5.719708e-02 5.773399e-02 5.845664e-02 5.904993e-02 5.953476e-02 6.033113e-02 6.091807e-02 6.091881e-02 6.192068e-02 6.420746e-02 6.642090e-02 6.823863e-02 6.971009e-02 9.388801e-02 7.254560e-02 7.348146e-02 7.480617e-02 7.671176e-02 7.820833e-02 7.851159e-02 7.876598e-02 7.869751e-02 7.526117e-02 7.001086e-02 6.723341e-02 2.836967e-02 0.000000e+00 0.000000e+00 0.000000e+00 0.000000e+00 5.975815e-02 4.707655e-02 5.383973e-02 6.249514e-02 6.562791e-02 6.752011e-02 6.864312e-02 5.108850e-02 5.133668e-02 5.157660e-02 5.145925e-02 5.056498e-02 4.896796e-02 4.679771e-02 4.528200e-02 4.448182e-02 4.389001e-02 5.611085e-02 5.593149e-02 5.556293e-02 5.505159e-02 5.575217e-02
5.468060e-02 5.500620e-02 5.607496e-02 5.751010e-02 5.834579e-02 5.880651e-02 5.871639e-02 5.849662e-02 5.860830e-02 5.972288e-02 6.183750e-02 6.358500e-02 1.003857e-01 6.657265e-02 6.755407e-02 6.799143e-02 6.969725e-02 7.281171e-02 7.388627e-02 7.474362e-02 7.582476e-02 7.718476e-02 7.636273e-02 7.061767e-02 6.787061e-02 0.000000e+00 0.000000e+00 5.576272e-02 5.890378e-02 0.000000e+00 0.000000e+00 0.000000e+00 5.370668e-02 6.103070e-02 6.603504e-02 6.682450e-02 6.812536e-02 5.127940e-02 5.197443e-02 5.209405e-02 5.194453e-02 5.134933e-02 5.017851e-02 4.838200e-02 4.690864e-02 4.583713e-02 4.487630e-02 5.723602e-02 5.644536e-02 5.681304e-02 5.786574e-02 5.924713e-02
