tests/data/reference/test_implicit_stream_rill_mfda/mvel_m_s.asc
ncols	123
nrows	77
xllcorner	-713746.79929998
yllcorner	-1061022.36961616
cellsize	10.0
NODATA_value	-9999
[rows 23 to 45 of 77, columns 0 to 51 of 123]
-9.999000e+03 -9.999000e+03 -9.999000e+03 -9.999000e+03 -9.999000e+03 -9.999000e+03 -9.999000e+03 -9.999000e+03 -9.999000e+03 -9.999000e+03 -9.999000e+03 -9.999000e+03 -9.999000e+03 -9.999000e+03 1.841069e-02 2.319072e-02 2.314583e-02 2.321082e-02 2.081285e-02 8.605735e-03 1.020286e-02 1.782483e-01 1.404783e-02 6.063701e-02 6.416601e-02 4.373517e-02 5.320522e-02 4.894398e-02 5.499611e-02 5.724198e-02 4.437484e-02 5.473293e-02 5.917217e-02 6.142701e-02 9.643664e-02 6.121925e-02 6.195719e-02 4.730454e-02 8.202028e-02 6.554521e-02 6.580071e-02 6.647308e-02 6.756234e-02 6.821615e-02 6.823607e-02 6.796777e-02 6.776602e-02 6.810501e-02 6.891447e-02 6.868800e-02 6.711288e-02 5.123390e-02
-9.999000e+03 -9.999000e+03 -9.999000e+03 -9.999000e+03 -9.999000e+03 -9.999000e+03 -9.999000e+03 -9.999000e+03 -9.999000e+03 -9.999000e+03 -9.999000e+03 -9.999000e+03 -9.999000e+03 -9.999000e+03 1.107368e-02 1.869370e-02 2.615469e-02 2.982027e-02 2.009583e-02 2.773881e-02 1.675033e-01 2.227177e-01 3.679488e-02 3.694492e-02 5.638094e-02 7.399447e-02 5.250866e-02 5.143492e-02 5.263806e-02 4.177103e-02 5.868801e-02 5.452085e-02 5.871737e-02 5.991690e-02 1.018659e-01 6.064843e-02 6.220100e-02 4.777897e-02 8.364084e-02 6.546881e-02 6.550979e-02 6.599008e-02 6.679701e-02 6.740327e-02 6.767390e-02 6.777874e-02 6.793471e-02 6.853203e-02 6.947391e-02 6.999569e-02 5.141441e-02 7.100937e-02
-9.999000e+03 -9.999000e+03 -9.999000e+03 -9.999000e+03 -9.999000e+03 -9.999000e+03 -9.999000e+03 -9.999000e+03 -9.999000e+03 -9.999000e+03 -9.999000e+03 -9.999000e+03 -9.999000e+03 -9.999000e+03 1.330393e-02 1.843382e-02 2.308103e-02 2.299514e-02 2.243602e-02 1.280855e-02 1.914751e-01 5.524999e-02 6.694469e-02 4.313649e-02 4.596228e-02 5.748326e-02 8.554514e-02 5.382486e-02 5.436256e-02 4.256935e-02 5.074045e-02 5.599838e-02 5.443890e-02 5.825359e-02 5.835275e-02 1.069413e-01 4.617661e-02 6.397029e-02 5.811946e-02 9.441100e-02 6.531763e-02 6.594628e-02 6.658316e-02 6.708171e-02 6.749375e-02 6.792413e-02 6.849514e-02 6.943585e-02 7.063292e-02 7.176580e-02 6.456413e-02 5.331309e-02
-9.999000e+03 -9.999000e+03 -9.999000e+03 -9.999000e+03 -9.999000e+03 -9.999000e+03 -9.999000e+03 -9.999000e+03 -9.999000e+03 -9.999000e+03 -9.999000e+03 -9.999000e+03 2.671557e-02 2.079076e-02 2.528179e-02 2.570778e-02 2.346813e-02 1.136430e-02 1.024088e-02 1.746878e-01 2.267549e-02 5.940526e-02 4.796909e-02 5.987553e-02 4.570340e-02 4.793661e-02 9.163745e-02 5.160238e-02 5.257316e-02 4.924826e-02 4.175365e-02 5.307658e-02 5.412590e-02 5.214985e-02 5.258910e-02 5.881469e-02 1.061100e-01 5.720390e-02 6.417151e-02 6.210187e-02 1.026582e-01 6.563902e-02 6.604748e-02 6.656893e-02 6.736862e-02 6.842988e-02 6.966224e-02 7.092952e-02 7.215753e-02 7.351976e-02 7.132426e-02 5.410445e-02
-9.999000e+03 -9.999000e+03 -9.999000e+03 -9.999000e+03 -9.999000e+03 -9.999000e+03 -9.999000e+03 -9.999000e+03 -9.999000e+03 -9.999000e+03 -9.999000e+03 -9.999000e+03 -9.999000e+03 2.592412e-02 2.366695e-02 2.403644e-02 1.459983e-02 8.526767e-03 1.582353e-01 2.044453e-02 3.835405e-02 3.857142e-02 5.767480e-02 6.427181e-02 7.524044e-02 7.723189e-02 7.871396e-02 8.073770e-02 4.663787e-02 4.968926e-02 5.049441e-02 4.823036e-02 5.097972e-02 4.979555e-02 5.060126e-02 5.479795e-02 5.839405e-02 9.455838e-02 6.164378e-02 6.469671e-02 1.028565e-01 6.492061e-02 6.507442e-02 6.581725e-02 6.732380e-02 6.938443e-02 7.149986e-02 7.299119e-02 7.395385e-02 7.519006e-02 7.499137e-02 6.735456e-02
-9.999000e+03 -9.999000e+03 -9.999000e+03 -9.999000e+03 -9.999000e+03 -9.999000e+03 -9.999000e+03 -9.999000e+03 -9.999000e+03 -9.999000e+03 -9.999000e+03 -9.999000e+03 -9.999000e+03 -9.999000e+03 -9.999000e+03 1.868048e-02 4.184388e-03 1.341096e-01 1.856876e-01 5.756738e-02 4.933775e-02 4.403260e-02 4.057845e-02 3.853535e-02 3.978193e-02 4.161131e-02 4.173661e-02 7.831951e-02 1.044091e-01 4.504579e-02 4.744669e-02 4.763190e-02 4.619507e-02 4.673972e-02 4.871776e-02 5.355144e-02 5.650863e-02 5.718222e-02 9.211986e-02 5.927367e-02 1.040242e-01 6.468294e-02 6.547773e-02 6.675968e-02 6.866536e-02 7.106781e-02 7.330028e-02 7.457443e-02 7.525227e-02 7.638525e-02 7.682096e-02 7.327866e-02
-9.999000e+03 -9.999000e+03 -9.999000e+03 -9.999000e+03 -9.999000e+03 -9.999000e+03 -9.999000e+03 -9.999000e+03 -9.999000e+03 -9.999000e+03 -9.999000e+03 -9.999000e+03 -9.999000e+03 -9.999000e+03 -9.999000e+03 -9.999000e+03 7.939503e-03 1.393500e-01 4.662208e-02 4.171469e-02 3.804898e-02 3.587260e-02 3.604498e-02 3.785702e-02 4.020988e-02 4.293228e-02 4.341107e-02 4.121920e-02 4.053431e-02 1.057778e-01 1.055271e-01 1.063288e-01 4.336899e-02 4.374226e-02 4.606083e-02 5.033848e-02 6.366291e-02 7.281360e-02 5.412080e-02 8.812118e-02 6.005262e-02 9.332585e-02 6.764433e-02 6.955632e-02 7.140639e-02 7.335271e-02 7.487237e-02 7.553819e-02 7.597747e-02 7.703480e-02 7.742508e-02 7.527271e-02
-9.999000e+03 -9.999000e+03 -9.999000e+03 -9.999000e+03 -9.999000e+03 -9.999000e+03 -9.999000e+03 -9.999000e+03 -9.999000e+03 -9.999000e+03 -9.999000e+03 -9.999000e+03 -9.999000e+03 -9.999000e+03 -9.999000e+03 -9.999000e+03 1.396142e-01 1.606830e-02 3.207844e-02 3.429500e-02 3.510833e-02 6.722856e-02 6.613784e-02 6.663362e-02 6.668288e-02 6.648867e-02 6.434301e-02 6.027272e-02 5.803072e-02 5.745676e-02 5.481682e-02 5.051693e-02 1.067850e-01 1.042606e-01 1.051652e-01 1.040584e-01 1.020599e-01 1.007518e-01 9.911000e-02 9.709415e-02 9.660487e-02 9.692206e-02 9.589426e-02 6.190096e-02 6.507467e-02 7.059062e-02 7.252100e-02 7.372017e-02 7.490978e-02 7.618234e-02 7.609620e-02 7.400108e-02
-9.999000e+03 -9.999000e+03 -9.999000e+03 -9.999000e+03 -9.999000e+03 -9.999000e+03 -9.999000e+03 -9.999000e+03 -9.999000e+03 -9.999000e+03 -9.999000e+03 -9.999000e+03 -9.999000e+03 -9.999000e+03 -9.999000e+03 1.397493e-01 2.068491e-02 3.758330e-02 6.985754e-02 6.481624e-02 6.819613e-02 3.700975e-02 4.578670e-02 5.411249e-02 5.187958e-02 6.553377e-02 7.047322e-02 7.403695e-02 7.248582e-02 7.227972e-02 6.991992e-02 6.540329e-02 5.998608e-02 5.349682e-02 5.043429e-02 5.070841e-02 9.738022e-02 1.009209e-01 9.808267e-02 9.577785e-02 9.582399e-02 9.836297e-02 1.013085e-01 1.030661e-01 1.008583e-01 5.744514e-02 7.838732e-02 6.885336e-02 7.195071e-02 7.352898e-02 7.248449e-02 6.979289e-02
-9.999000e+03 -9.999000e+03 -9.999000e+03 -9.999000e+03 -9.999000e+03 -9.999000e+03 -9.999000e+03 -9.999000e+03 -9.999000e+03 -9.999000e+03 -9.999000e+03 -9.999000e+03 -9.999000e+03 -9.999000e+03 1.304557e-01 1.767453e-01 7.186808e-02 7.090229e-02 3.926886e-02 4.039246e-02 3.709956e-02 3.887300e-02 4.053475e-02 4.216904e-02 5.188593e-02 4.333834e-02 4.475835e-02 5.121863e-02 5.259605e-02 4.984962e-02 4.923295e-02 7.711285e-02 7.743575e-02 7.636954e-02 7.781395e-02 9.177679e-02 4.503005e-02 5.038759e-02 5.528073e-02 5.968538e-02 6.219830e-02 6.225985e-02 7.475632e-02 8.101565e-02 8.481566e-02 1.003817e-01 9.998802e-02 9.833911e-02 5.920002e-02 7.813137e-02 6.388253e-02 6.186451e-02
-9.999000e+03 -9.999000e+03 -9.999000e+03 -9.999000e+03 -9.999000e+03 -9.999000e+03 -9.999000e+03 -9.999000e+03 -9.999000e+03 -9.999000e+03 -9.999000e+03 -9.999000e+03 -9.999000e+03 -9.999000e+03 1.372000e-01 3.427152e-02 4.157110e-02 4.191821e-02 4.186185e-02 4.173247e-02 4.218416e-02 4.361213e-02 4.074177e-02 4.729473e-02 4.834510e-02 4.822708e-02 4.955424e-02 5.261926e-02 6.614127e-02 7.573048e-02 8.228363e-02 5.310189e-02 5.177329e-02 5.141094e-02 7.057020e-02 4.920021e-02 5.352733e-02 5.697606e-02 5.927427e-02 6.208369e-02 6.468893e-02 6.435119e-02 6.588913e-02 6.629787e-02 6.587723e-02 7.970107e-02 8.726417e-02 9.155745e-02 9.882468e-02 1.032850e-01 1.060613e-01 4.578699e-02
-9.999000e+03 -9.999000e+03 -9.999000e+03 -9.999000e+03 -9.999000e+03 -9.999000e+03 -9.999000e+03 -9.999000e+03 -9.999000e+03 -9.999000e+03 -9.999000e+03 -9.999000e+03 -9.999000e+03 1.672391e-01 3.924436e-02 4.080872e-02 4.220589e-02 4.345232e-02 4.359626e-02 4.326185e-02 4.310113e-02 4.367872e-02 4.482399e-02 4.639552e-02 4.771815e-02 4.833656e-02 5.000339e-02 5.325448e-02 5.537538e-02 5.616480e-02 5.584462e-02 5.486388e-02 5.483824e-02 7.806165e-02 4.262330e-02 5.219788e-02 5.776915e-02 5.866242e-02 6.006553e-02 6.212654e-02 6.465093e-02 6.685439e-02 6.895392e-02 6.865228e-02 6.967199e-02 6.923175e-02 6.892582e-02 6.805688e-02 6.469993e-02 7.159477e-02 7.106876e-02 1.079439e-01
-9.999000e+03 -9.999000e+03 -9.999000e+03 -9.999000e+03 -9.999000e+03 -9.999000e+03 -9.999000e+03 -9.999000e+03 -9.999000e+03 -9.999000e+03 -9.999000e+03 -9.999000e+03 1.284329e-01 1.929224e-01 4.061244e-02 4.127967e-02 4.465587e-02 4.349971e-02 4.417784e-02 4.429231e-02 4.411828e-02 4.387773e-02 4.415491e-02 4.500604e-02 4.629303e-02 4.766921e-02 4.986809e-02 5.310662e-02 5.510967e-02 5.584529e-02 5.630547e-02 5.650672e-02 7.399335e-02 5.584449e-02 4.320466e-02 5.688506e-02 5.759771e-02 5.837386e-02 6.007416e-02 6.260422e-02 6.433949e-02 6.609730e-02 6.718485e-02 6.800416e-02 6.703175e-02 6.604486e-02 6.681297e-02 6.757219e-02 6.646986e-02 6.230318e-02 5.964336e-02 6.596346e-02
-9.999000e+03 -9.999000e+03 -9.999000e+03 -9.999000e+03 -9.999000e+03 -9.999000e+03 -9.999000e+03 -9.999000e+03 -9.999000e+03 -9.999000e+03 -9.999000e+03 -9.999000e+03 1.626679e-01 3.885451e-02 4.051032e-02 4.827992e-02 4.206472e-02 4.372612e-02 4.469940e-02 4.514138e-02 4.502772e-02 4.437157e-02 4.418297e-02 4.452145e-02 4.552585e-02 4.697564e-02 4.899141e-02 5.174655e-02 5.301042e-02 5.382449e-02 5.454276e-02 7.244232e-02 4.375656e-02 5.213043e-02 5.523231e-02 5.493400e-02 5.448035e-02 5.519704e-02 5.801807e-02 5.854217e-02 6.072036e-02 6.285665e-02 6.402093e-02 6.014163e-02 6.051700e-02 6.145709e-02 6.242617e-02 6.220389e-02 6.164039e-02 6.582351e-02 6.051901e-02 5.722961e-02
-9.999000e+03 -9.999000e+03 -9.999000e+03 -9.999000e+03 -9.999000e+03 -9.999000e+03 -9.999000e+03 -9.999000e+03 -9.999000e+03 -9.999000e+03 -9.999000e+03 1.159353e-01 2.134632e-02 3.607626e-02 5.029366e-02 3.946193e-02 4.196665e-02 4.378722e-02 4.492037e-02 4.552164e-02 4.551518e-02 4.496641e-02 4.479709e-02 4.497182e-02 4.558369e-02 4.668538e-02 4.789376e-02 4.860777e-02 5.011714e-02 4.995808e-02 5.046159e-02 6.065346e-02 4.119382e-02 5.271405e-02 5.185248e-02 4.864269e-02 4.854229e-02 5.249397e-02 4.948865e-02 5.064906e-02 5.298734e-02 5.648014e-02 4.832417e-02 4.806623e-02 4.836813e-02 4.918312e-02 4.982836e-02 5.034290e-02 6.827971e-02 5.718906e-02 5.598804e-02 5.539593e-02
-9.999000e+03 -9.999000e+03 -9.999000e+03 -9.999000e+03 -9.999000e+03 -9.999000e+03 -9.999000e+03 -9.999000e+03 -9.999000e+03 -9.999000e+03 1.110546e-01 1.418577e-01 3.250504e-02 4.901383e-02 3.062293e-02 3.737270e-02 4.075342e-02 4.292558e-02 4.442162e-02 4.494190e-02 4.522137e-02 4.475775e-02 4.466012e-02 4.482422e-02 4.534286e-02 4.628863e-02 4.415648e-02 4.746365e-02 4.724604e-02 4.600792e-02 4.617443e-02 4.636557e-02 4.700359e-02 4.695758e-02 4.023714e-02 3.865009e-02 4.816509e-02 3.774829e-02 3.794050e-02 3.848383e-02 4.111281e-02 4.544708e-02 5.713717e-02 6.116736e-02 6.321758e-02 6.492039e-02 6.604512e-02 6.673035e-02 4.848225e-02 4.711311e-02 4.707616e-02 4.742656e-02
-9.999000e+03 -9.999000e+03 -9.999000e+03 -9.999000e+03 -9.999000e+03 -9.999000e+03 -9.999000e+03 -9.999000e+03 -9.999000e+03 -9.999000e+03 1.032526e-01 2.948205e-02 4.825972e-02 3.140468e-02 2.765789e-02 3.471334e-02 3.807481e-02 4.108179e-02 4.255621e-02 4.399917e-02 4.428914e-02 4.410978e-02 4.405356e-02 4.434819e-02 4.411719e-02 3.651409e-02 4.547076e-02 4.592676e-02 4.400138e-02 4.221760e-02 4.160684e-02 4.134349e-02 3.522209e-02 3.860512e-02 4.683999e-02 4.709903e-02 3.597579e-02 4.161306e-02 4.406455e-02 4.649490e-02 4.058639e-02 4.506996e-02 5.640940e-02 5.991078e-02 6.136451e-02 6.253905e-02 6.371778e-02 6.487656e-02 6.481416e-02 6.325935e-02 6.297876e-02 6.471718e-02
-9.999000e+03 -9.999000e+03 -9.999000e+03 -9.999000e+03 -9.999000e+03 -9.999000e+03 -9.999000e+03 -9.999000e+03 -9.999000e+03 1.041060e-01 1.841959e-02 4.479924e-02 3.007803e-02 2.668841e-02 3.011074e-02 3.300280e-02 3.593985e-02 3.723028e-02 4.152983e-02 4.227493e-02 4.313867e-02 4.343827e-02 4.379315e-02 4.185295e-02 3.581788e-02 4.227947e-02 4.474453e-02 4.135889e-02 3.992303e-02 3.742029e-02 3.663453e-02 3.299673e-02 4.117027e-02 4.728516e-02 4.987527e-02 4.912432e-02 4.793670e-02 4.688085e-02 3.772276e-02 4.028685e-02 5.452592e-02 5.458853e-02 5.953425e-02 5.992951e-02 5.960417e-02 5.970287e-02 6.079983e-02 6.283445e-02 6.391767e-02 6.374378e-02 6.328412e-02 6.297577e-02
-9.999000e+03 -9.999000e+03 -9.999000e+03 -9.999000e+03 -9.999000e+03 -9.999000e+03 -9.999000e+03 -9.999000e+03 -9.999000e+03 1.144972e-01 4.788801e-02 3.043936e-02 2.891868e-02 2.599775e-02 3.151389e-02 3.289324e-02 2.881966e-02 3.819161e-02 3.873005e-02 4.071503e-02 4.209316e-02 4.289518e-02 3.514674e-02 3.606325e-02 4.248847e-02 4.353332e-02 3.463544e-02 3.422243e-02 3.283865e-02 3.025021e-02 3.040813e-02 3.908345e-02 4.471744e-02 4.900173e-02 5.116805e-02 5.140622e-02 5.094377e-02 3.869324e-02 5.059489e-02 5.033759e-02 5.301208e-02 5.896992e-02 5.975751e-02 5.842945e-02 5.760813e-02 5.798491e-02 5.909328e-02 6.075022e-02 6.189161e-02 6.251145e-02 1.060828e-01 1.074963e-01
-9.999000e+03 -9.999000e+03 -9.999000e+03 -9.999000e+03 -9.999000e+03 -9.999000e+03 -9.999000e+03 -9.999000e+03 1.542429e-01 2.069763e-02 4.362360e-02 3.238602e-02 2.541911e-02 2.975671e-02 3.267074e-02 3.331975e-02 3.965908e-02 3.443307e-02 3.665158e-02 3.960503e-02 4.165701e-02 4.049490e-02 4.350199e-02 4.564521e-02 4.591670e-02 7.067466e-02 7.232189e-02 6.881753e-02 6.390396e-02 5.746802e-02 5.496197e-02 5.545957e-02 5.429012e-02 5.185726e-02 5.248641e-02 5.294731e-02 5.255822e-02 6.278177e-02 6.505463e-02 7.627030e-02 8.053476e-02 8.295245e-02 7.777835e-02 7.233409e-02 6.838752e-02 6.568988e-02 6.211207e-02 5.826365e-02 5.823220e-02 1.101567e-01 5.852665e-02 5.896000e-02
-9.999000e+03 -9.999000e+03 -9.999000e+03 -9.999000e+03 -9.999000e+03 -9.999000e+03 -9.999000e+03 1.100983e-01 1.480541e-01 4.298216e-02 3.322684e-02 3.325755e-02 2.608904e-02 3.188130e-02 3.329389e-02 3.369977e-02 3.379526e-02 3.365146e-02 3.557251e-02 3.919493e-02 3.386625e-02 3.457486e-02 4.152300e-02 6.547474e-02 6.963112e-02 4.534917e-02 4.381635e-02 4.411329e-02 4.308421e-02 4.072007e-02 4.146712e-02 4.550457e-02 4.895402e-02 5.147501e-02 5.278743e-02 5.291192e-02 5.237864e-02 5.130316e-02 5.199734e-02 5.456160e-02 5.580890e-02 5.542017e-02 5.498259e-02 5.470272e-02 5.522298e-02 5.659499e-02 5.667133e-02 5.527862e-02 1.169810e-01 5.522733e-02 5.675051e-02 5.801688e-02
-9.999000e+03 -9.999000e+03 -9.999000e+03 -9.999000e+03 -9.999000e+03 -9.999000e+03 -9.999000e+03 1.008568e-01 2.692233e-02 4.336813e-02 2.841902e-02 3.237463e-02 3.266963e-02 3.316950e-02 3.375616e-02 3.395043e-02 3.430502e-02 3.450820e-02 3.634513e-02 4.010298e-02 5.020763e-02 5.725726e-02 6.299777e-02 4.462173e-02 4.536892e-02 4.315069e-02 3.652177e-02 4.287672e-02 4.418981e-02 4.302993e-02 4.379705e-02 4.704638e-02 4.953329e-02 5.099461e-02 5.162729e-02 5.153088e-02 1.048014e-01 1.058301e-01 1.081731e-01 1.119004e-01 1.139957e-01 1.144983e-01 1.149411e-01 1.135849e-01 1.133411e-01 1.124743e-01 1.153983e-01 1.183669e-01 5.353911e-02 5.358430e-02 5.495902e-02 5.647420e-02
-9.999000e+03 -9.999000e+03 -9.999000e+03 -9.999000e+03 -9.999000e+03 -9.999000e+03 -9.999000e+03 7.731231e-03 3.874085e-02 3.103566e-02 2.651692e-02 3.184917e-02 3.406546e-02 3.450994e-02 3.453306e-02 3.466235e-02 3.554362e-02 3.640148e-02 3.812980e-02 4.149311e-02 4.392116e-02 4.496787e-02 4.440709e-02 4.372203e-02 3.565308e-02 3.692358e-02 4.402092e-02 4.579567e-02 4.590123e-02 4.526968e-02 4.566075e-02 4.742813e-02 4.873011e-02 9.917706e-02 1.018254e-01 1.044883e-01 5.336504e-02 5.521222e-02 5.690785e-02 5.860919e-02 5.947817e-02 5.939307e-02 5.957977e-02 7.481915e-02 8.553537e-02 9.296392e-02 5.801379e-02 5.659727e-02 5.482620e-02 5.297709e-02 5.273522e-02 5.396955e-02
