tests/data/reference/test_implicit_stream_rill_mfda/mvel_m_s.asc
ncols	123
nrows	77
xllcorner	-713746.79929998
yllcorner	-1061022.36961616
cellsize	10.0
NODATA_value	-9999
[rows 46 to 68 of 77, columns 0 to 51 of 123]
-9.999000e+03 -9.999000e+03 -9.999000e+03 -9.999000e+03 -9.999000e+03 -9.999000e+03 1.068355e-01 3.664723e-02 3.075999e-02 3.182343e-02 2.697393e-02 3.287472e-02 3.574816e-02 3.608256e-02 3.607529e-02 3.582921e-02 3.603294e-02 3.644804e-02 3.787002e-02 4.106747e-02 4.371615e-02 4.286777e-02 4.309889e-02 4.238781e-02 4.476453e-02 4.728789e-02 4.806333e-02 4.695450e-02 4.649842e-02 4.687300e-02 4.702431e-02 9.372176e-02 9.640796e-02 4.908182e-02 5.092611e-02 5.302078e-02 5.536465e-02 5.763799e-02 5.946038e-02 6.104354e-02 6.199998e-02 6.225463e-02 6.244688e-02 6.290642e-02 6.265269e-02 6.145009e-02 6.033976e-02 5.917714e-02 5.724965e-02 5.451705e-02 5.285008e-02 5.302199e-02
-9.999000e+03 -9.999000e+03 -9.999000e+03 -9.999000e+03 -9.999000e+03 -9.999000e+03 1.526828e-02 3.108625e-02 3.173940e-02 3.322789e-02 2.925948e-02 3.576899e-02 3.735481e-02 3.810958e-02 3.839889e-02 3.741151e-02 3.604425e-02 3.515394e-02 3.624896e-02 3.949339e-02 3.467814e-02 3.588876e-02 3.649944e-02 3.644820e-02 4.349413e-02 4.720240e-02 4.828276e-02 8.337851e-02 8.640024e-02 9.070133e-02 9.347932e-02 4.849918e-02 4.921061e-02 5.069681e-02 5.239284e-02 5.400944e-02 5.578312e-02 5.773331e-02 5.938641e-02 6.097824e-02 6.238562e-02 6.343579e-02 6.418223e-02 6.469591e-02 6.451091e-02 6.338356e-02 6.209685e-02 6.096036e-02 5.955243e-02 5.730445e-02 5.504995e-02 5.384742e-02
-9.999000e+03 -9.999000e+03 -9.999000e+03 -9.999000e+03 -9.999000e+03 9.569435e-02 2.888025e-02 3.667194e-02 2.805265e-02 2.855252e-02 3.305425e-02 3.506522e-02 3.690572e-02 3.847518e-02 3.840818e-02 3.819440e-02 3.691182e-02 3.557601e-02 3.637473e-02 3.935941e-02 4.954935e-02 5.760511e-02 6.452793e-02 7.169138e-02 7.547379e-02 7.985048e-02 8.358876e-02 4.861414e-02 4.860633e-02 4.956389e-02 4.988301e-02 4.965547e-02 5.034672e-02 5.153452e-02 5.270264e-02 5.378848e-02 5.519913e-02 5.718939e-02 5.893094e-02 6.039688e-02 6.184781e-02 6.319592e-02 6.430060e-02 6.510923e-02 6.533266e-02 6.473777e-02 6.357589e-02 6.217128e-02 6.096363e-02 5.951393e-02 5.750973e-02 5.554407e-02
-9.999000e+03 -9.999000e+03 -9.999000e+03 -9.999000e+03 1.351351e-01 1.114623e-02 3.236447e-02 3.731403e-02 2.651884e-02 2.544947e-02 2.990846e-02 3.215935e-02 3.589985e-02 3.534864e-02 3.725438e-02 3.803072e-02 3.770397e-02 3.647829e-02 3.725529e-02 4.008166e-02 4.263776e-02 4.474609e-02 4.718754e-02 4.898117e-02 5.016292e-02 5.042284e-02 5.063453e-02 5.060213e-02 5.047575e-02 5.070984e-02 5.082098e-02 5.050365e-02 5.050828e-02 5.090118e-02 5.153178e-02 5.231325e-02 5.363788e-02 5.587718e-02 5.796088e-02 5.953192e-02 6.080835e-02 6.194490e-02 6.309309e-02 6.416776e-02 6.491647e-02 6.511921e-02 6.447731e-02 6.300226e-02 6.180566e-02 6.111555e-02 5.951990e-02 5.734649e-02
-9.999000e+03 -9.999000e+03 -9.999000e+03 -9.999000e+03 1.068986e-01 3.099588e-02 3.150542e-02 3.110557e-02 2.721326e-02 2.351875e-02 2.813171e-02 3.540377e-02 2.781834e-02 3.399631e-02 3.654563e-02 3.798813e-02 3.803324e-02 3.673572e-02 3.749055e-02 4.038332e-02 4.337089e-02 4.673754e-02 4.809850e-02 5.115916e-02 5.250757e-02 5.264078e-02 5.302367e-02 5.348286e-02 5.333035e-02 5.299007e-02 5.298431e-02 5.281340e-02 5.248374e-02 5.221293e-02 5.217641e-02 5.242519e-02 5.319603e-02 5.488906e-02 5.690889e-02 5.874243e-02 5.987938e-02 6.049371e-02 6.135968e-02 6.246077e-02 6.353336e-02 6.436708e-02 6.434153e-02 6.326276e-02 6.238866e-02 6.167824e-02 6.070644e-02 5.848624e-02
-9.999000e+03 -9.999000e+03 -9.999000e+03 9.844702e-02 9.710914e-03 3.018038e-02 2.470638e-02 2.569039e-02 2.221928e-02 2.537356e-02 3.002171e-02 2.793274e-02 2.616497e-02 3.252286e-02 3.581948e-02 3.761551e-02 3.789928e-02 3.681902e-02 3.739894e-02 4.020786e-02 4.690284e-02 4.541246e-02 4.980825e-02 5.277072e-02 5.443516e-02 5.498754e-02 5.567449e-02 5.646180e-02 5.648703e-02 5.595046e-02 5.572343e-02 5.558988e-02 5.530458e-02 5.480705e-02 5.423921e-02 5.390646e-02 5.387433e-02 5.448210e-02 5.607549e-02 5.814808e-02 5.914076e-02 5.907861e-02 5.942534e-02 6.028272e-02 6.142456e-02 6.268654e-02 6.332702e-02 6.304999e-02 6.070746e-02 6.079541e-02 6.008195e-02 5.820399e-02
-9.999000e+03 -9.999000e+03 -9.999000e+03 8.980555e-02 2.610291e-02 2.458667e-02 2.113722e-02 1.876190e-02 2.089403e-02 2.170821e-02 2.520155e-02 2.511989e-02 2.384758e-02 3.046725e-02 3.443933e-02 3.636484e-02 3.699442e-02 3.641792e-02 3.631653e-02 4.668276e-02 3.497831e-02 4.378614e-02 4.815810e-02 5.129101e-02 5.362156e-02 5.495359e-02 5.596130e-02 5.690772e-02 5.708343e-02 5.645685e-02 5.596407e-02 5.573942e-02 5.570494e-02 5.565966e-02 5.547290e-02 5.536122e-02 5.511229e-02 5.483986e-02 5.584163e-02 5.800176e-02 5.902105e-02 5.863045e-02 5.848651e-02 5.877994e-02 5.954287e-02 6.075334e-02 6.179938e-02 5.687295e-02 5.689340e-02 5.668281e-02 5.605071e-02 9.303813e-02
-9.999000e+03 -9.999000e+03 7.422805e-02 5.504370e-03 2.275204e-02 2.225810e-02 1.630847e-02 1.466563e-02 1.598355e-02 1.389786e-02 1.874804e-02 2.068670e-02 2.032524e-02 2.775682e-02 3.223170e-02 3.413176e-02 3.536788e-02 3.548105e-02 3.889391e-02 3.357395e-02 3.056145e-02 3.834559e-02 4.290329e-02 4.660155e-02 5.011610e-02 5.246904e-02 5.392210e-02 5.507070e-02 5.539893e-02 5.474415e-02 5.397757e-02 5.360899e-02 5.400445e-02 5.491401e-02 5.564231e-02 5.629621e-02 5.640417e-02 5.581368e-02 5.611675e-02 5.793224e-02 5.914672e-02 5.904340e-02 5.863076e-02 5.823348e-02 5.838525e-02 5.926694e-02 4.566062e-02 4.644173e-02 4.656021e-02 4.608190e-02 9.746854e-02 5.995202e-02
-9.999000e+03 -9.999000e+03 8.611921e-03 2.124310e-02 2.089577e-02 1.662819e-02 1.305907e-02 1.642859e-02 1.651477e-02 7.888412e-03 1.457301e-02 1.719615e-02 1.721321e-02 2.495563e-02 2.868289e-02 2.993800e-02 3.136012e-02 3.236947e-02 3.058462e-02 2.953683e-02 2.499548e-02 3.138996e-02 3.601889e-02 4.025751e-02 4.418254e-02 4.764985e-02 5.023118e-02 5.193546e-02 5.275904e-02 5.252904e-02 5.180322e-02 5.117230e-02 5.181435e-02 5.312016e-02 5.441065e-02 5.550164e-02 5.600829e-02 5.574465e-02 5.599308e-02 5.733345e-02 5.851777e-02 5.893509e-02 5.879758e-02 5.837970e-02 5.849999e-02 5.943752e-02 6.037043e-02 6.137388e-02 9.496179e-02 1.011152e-01 6.019617e-02 6.008513e-02
-9.999000e+03 6.315379e-02 1.299139e-02 2.452178e-02 1.956024e-02 1.035263e-02 1.744351e-02 1.736443e-02 -9.999000e+03 -9.999000e+03 -9.999000e+03 1.433984e-02 1.581353e-02 2.085679e-02 2.306107e-02 2.318616e-02 2.422010e-02 2.601052e-02 2.415142e-02 1.768862e-02 1.619715e-02 2.174800e-02 2.821129e-02 3.172932e-02 3.568742e-02 4.078551e-02 4.456825e-02 4.726820e-02 4.887921e-02 4.936738e-02 4.898347e-02 4.881032e-02 4.900267e-02 5.064313e-02 5.213936e-02 5.347425e-02 5.423407e-02 5.439990e-02 5.517488e-02 5.656473e-02 5.768248e-02 5.831030e-02 5.859567e-02 5.845209e-02 5.892905e-02 6.025308e-02 7.537056e-02 8.643239e-02 6.167048e-02 6.062276e-02 6.047131e-02 6.105822e-02
-9.999000e+03 1.013468e-01 2.073589e-02 1.944110e-02 1.557059e-02 1.604137e-02 -9.999000e+03 -9.999000e+03 -9.999000e+03 -9.999000e+03 -9.999000e+03 -9.999000e+03 1.703938e-02 1.985472e-02 2.350971e-02 2.490162e-02 2.318068e-02 2.780087e-02 2.661553e-02 1.871358e-02 1.402859e-02 1.448605e-02 1.853417e-02 2.308999e-02 2.921009e-02 3.382696e-02 3.777825e-02 4.102417e-02 4.302761e-02 4.393825e-02 4.625128e-02 4.529798e-02 4.633631e-02 4.818442e-02 5.006784e-02 5.169205e-02 5.253964e-02 5.260924e-02 5.372778e-02 5.606040e-02 5.737439e-02 5.797499e-02 5.798760e-02 5.805417e-02 5.920630e-02 6.050945e-02 6.146771e-02 6.200001e-02 6.164559e-02 6.078174e-02 6.112617e-02 6.267464e-02
9.927635e-02 1.194001e-02 2.129077e-02 1.582159e-02 9.620104e-03 1.982078e-02 -9.999000e+03 -9.999000e+03 -9.999000e+03 -9.999000e+03 -9.999000e+03 -9.999000e+03 -9.999000e+03 -9.999000e+03 -9.999000e+03 2.372707e-02 2.875553e-02 2.527981e-02 2.375637e-02 2.144010e-02 2.461837e-02 -9.999000e+03 -9.999000e+03 1.852255e-02 2.320388e-02 2.596438e-02 2.890611e-02 3.177138e-02 3.320206e-02 4.068320e-02 3.987132e-02 4.199659e-02 4.298118e-02 4.554385e-02 4.782679e-02 4.957460e-02 5.039165e-02 5.029274e-02 5.244778e-02 5.515103e-02 5.700993e-02 5.651974e-02 5.659101e-02 5.809331e-02 5.847625e-02 6.006721e-02 6.171562e-02 6.176506e-02 6.156289e-02 6.075116e-02 6.208822e-02 6.426961e-02
7.962099e-02 1.500544e-02 1.397924e-02 1.391995e-02 2.019773e-02 -9.999000e+03 -9.999000e+03 -9.999000e+03 -9.999000e+03 -9.999000e+03 -9.999000e+03 -9.999000e+03 -9.999000e+03 -9.999000e+03 -9.999000e+03 -9.999000e+03 -9.999000e+03 -9.999000e+03 -9.999000e+03 -9.999000e+03 -9.999000e+03 -9.999000e+03 -9.999000e+03 1.737504e-02 2.205593e-02 2.379993e-02 2.955075e-02 3.398289e-02 3.555676e-02 2.917428e-02 3.528997e-02 3.553497e-02 3.786543e-02 4.132901e-02 4.381427e-02 4.517682e-02 4.598896e-02 4.895417e-02 4.993913e-02 5.340118e-02 5.264833e-02 5.282710e-02 5.714399e-02 5.565475e-02 5.617338e-02 5.897119e-02 5.857437e-02 5.926472e-02 5.917216e-02 5.990443e-02 6.067983e-02 6.484171e-02
-9.999000e+03 2.111972e-02 1.984635e-02 2.370932e-02 -9.999000e+03 -9.999000e+03 -9.999000e+03 -9.999000e+03 -9.999000e+03 -9.999000e+03 -9.999000e+03 -9.999000e+03 -9.999000e+03 -9.999000e+03 -9.999000e+03 -9.999000e+03 -9.999000e+03 -9.999000e+03 -9.999000e+03 -9.999000e+03 -9.999000e+03 -9.999000e+03 -9.999000e+03 -9.999000e+03 -9.999000e+03 -9.999000e+03 2.600610e-02 2.815819e-02 3.190110e-02 2.937867e-02 2.444608e-02 2.641523e-02 2.967518e-02 3.367776e-02 3.550715e-02 3.595002e-02 4.535640e-02 4.415152e-02 4.628819e-02 4.192437e-02 4.323289e-02 5.565774e-02 5.185224e-02 5.161902e-02 5.601198e-02 5.225538e-02 5.272872e-02 5.314504e-02 5.789782e-02 5.580531e-02 5.903365e-02 5.888557e-02
-9.999000e+03 -9.999000e+03 -9.999000e+03 -9.999000e+03 -9.999000e+03 -9.999000e+03 -9.999000e+03 -9.999000e+03 -9.999000e+03 -9.999000e+03 -9.999000e+03 -9.999000e+03 -9.999000e+03 -9.999000e+03 -9.999000e+03 -9.999000e+03 -9.999000e+03 -9.999000e+03 -9.999000e+03 -9.999000e+03 -9.999000e+03 -9.999000e+03 -9.999000e+03 -9.999000e+03 -9.999000e+03 -9.999000e+03 -9.999000e+03 -9.999000e+03 2.696159e-02 2.673491e-02 2.226104e-02 2.410459e-02 2.790661e-02 3.721388e-02 4.086119e-02 4.043892e-02 3.383163e-02 3.608941e-02 3.822026e-02 4.786083e-02 5.229948e-02 4.208269e-02 4.246516e-02 5.497170e-02 4.276855e-02 4.282015e-02 4.263045e-02 5.497698e-02 5.084690e-02 5.539561e-02 4.471313e-02 4.817090e-02
-9.999000e+03 -9.999000e+03 -9.999000e+03 -9.999000e+03 -9.999000e+03 -9.999000e+03 -9.999000e+03 -9.999000e+03 -9.999000e+03 -9.999000e+03 -9.999000e+03 -9.999000e+03 -9.999000e+03 -9.999000e+03 -9.999000e+03 -9.999000e+03 -9.999000e+03 -9.999000e+03 -9.999000e+03 -9.999000e+03 -9.999000e+03 -9.999000e+03 -9.999000e+03 -9.999000e+03 -9.999000e+03 -9.999000e+03 -9.999000e+03 -9.999000e+03 -9.999000e+03 2.334381e-02 2.732056e-02 2.926860e-02 3.351071e-02 3.373599e-02 3.455087e-02 3.250725e-02 3.263724e-02 3.525223e-02 4.372999e-02 4.802640e-02 5.016238e-02 5.104538e-02 5.244360e-02 4.215042e-02 5.102504e-02 5.409044e-02 5.425582e-02 4.068335e-02 5.278606e-02 4.278302e-02 5.349492e-02 6.026791e-02
-9.999000e+03 -9.999000e+03 -9.999000e+03 -9.999000e+03 -9.999000e+03 -9.999000e+03 -9.999000e+03 -9.999000e+03 -9.999000e+03 -9.999000e+03 -9.999000e+03 -9.999000e+03 -9.999000e+03 -9.999000e+03 -9.999000e+03 -9.999000e+03 -9.999000e+03 -9.999000e+03 -9.999000e+03 -9.999000e+03 -9.999000e+03 -9.999000e+03 -9.999000e+03 -9.999000e+03 -9.999000e+03 -9.999000e+03 -9.999000e+03 -9.999000e+03 -9.999000e+03 -9.999000e+03 3.057112e-02 -9.999000e+03 -9.999000e+03 -9.999000e+03 -9.999000e+03 -9.999000e+03 -9.999000e+03 -9.999000e+03 3.712201e-02 4.472125e-02 4.732177e-02 4.764206e-02 4.908302e-02 5.196361e-02 5.377109e-02 5.431031e-02 5.325392e-02 5.042602e-02 3.973488e-02 5.102953e-02 5.685972e-02 5.990697e-02
-9.999000e+03 -9.999000e+03 -9.999000e+03 -9.999000e+03 -9.999000e+03 -9.999000e+03 -9.999000e+03 -9.999000e+03 -9.999000e+03 -9.999000e+03 -9.999000e+03 -9.999000e+03 -9.999000e+03 -9.999000e+03 -9.999000e+03 -9.999000e+03 -9.999000e+03 -9.999000e+03 -9.999000e+03 -9.999000e+03 -9.999000e+03 -9.999000e+03 -9.999000e+03 -9.999000e+03 -9.999000e+03 -9.999000e+03 -9.999000e+03 -9.999000e+03 -9.999000e+03 -9.999000e+03 -9.999000e+03 -9.999000e+03 -9.999000e+03 -9.999000e+03 -9.999000e+03 -9.999000e+03 -9.999000e+03 -9.999000e+03 -9.999000e+03 -9.999000e+03 -9.999000e+03 3.730303e-02 3.816444e-02 4.050979e-02 4.952487e-02 5.238109e-02 5.193238e-02 4.904248e-02 4.997562e-02 5.514755e-02 5.797427e-02 5.799751e-02
-9.999000e+03 -9.999000e+03 -9.999000e+03 -9.999000e+03 -9.999000e+03 -9.999000e+03 -9.999000e+03 -9.999000e+03 -9.999000e+03 -9.999000e+03 -9.999000e+03 -9.999000e+03 -9.999000e+03 -9.999000e+03 -9.999000e+03 -9.999000e+03 -9.999000e+03 -9.999000e+03 -9.999000e+03 -9.999000e+03 -9.999000e+03 -9.999000e+03 -9.999000e+03 -9.999000e+03 -9.999000e+03 -9.999000e+03 -9.999000e+03 -9.999000e+03 -9.999000e+03 -9.999000e+03 -9.999000e+03 -9.999000e+03 -9.999000e+03 -9.999000e+03 -9.999000e+03 -9.999000e+03 -9.999000e+03 -9.999000e+03 -9.999000e+03 -9.999000e+03 -9.999000e+03 -9.999000e+03 -9.999000e+03 -9.999000e+03 4.212982e-02 4.154911e-02 4.821415e-02 4.859549e-02 3.981978e-02 5.167499e-02 5.599038e-02 5.451979e-02
-9.999000e+03 -9.999000e+03 -9.999000e+03 -9.999000e+03 -9.999000e+03 -9.999000e+03 -9.999000e+03 -9.999000e+03 -9.999000e+03 -9.999000e+03 -9.999000e+03 -9.999000e+03 -9.999000e+03 -9.999000e+03 -9.999000e+03 -9.999000e+03 -9.999000e+03 -9.999000e+03 -9.999000e+03 -9.999000e+03 -9.999000e+03 -9.999000e+03 -9.999000e+03 -9.999000e+03 -9.999000e+03 -9.999000e+03 -9.999000e+03 -9.999000e+03 -9.999000e+03 -9.999000e+03 -9.999000e+03 -9.999000e+03 -9.999000e+03 -9.999000e+03 -9.999000e+03 -9.999000e+03 -9.999000e+03 -9.999000e+03 -9.999000e+03 -9.999000e+03 -9.999000e+03 -9.999000e+03 -9.999000e+03 -9.999000e+03 -9.999000e+03 -9.999000e+03 -9.999000e+03 -9.999000e+03 -9.999000e+03 -9.999000e+03 4.359145e-02 4.789329e-02
-9.999000e+03 -9.999000e+03 -9.999000e+03 -9.999000e+03 -9.999000e+03 -9.999000e+03 -9.999000e+03 -9.999000e+03 -9.999000e+03 -9.999000e+03 -9.999000e+03 -9.999000e+03 -9.999000e+03 -9.999000e+03 -9.999000e+03 -9.999000e+03 -9.999000e+03 -9.999000e+03 -9.999000e+03 -9.999000e+03 -9.999000e+03 -9.999000e+03 -9.999000e+03 -9.999000e+03 -9.999000e+03 -9.999000e+03 -9.999000e+03 -9.999000e+03 -9.999000e+03 -9.999000e+03 -9.999000e+03 -9.999000e+03 -9.999000e+03 -9.999000e+03 -9.999000e+03 -9.999000e+03 -9.999000e+03 -9.999000e+03 -9.999000e+03 -9.999000e+03 -9.999000e+03 -9.999000e+03 -9.999000e+03 -9.999000e+03 -9.999000e+03 -9.999000e+03 -9.999000e+03 -9.999000e+03 -9.999000e+03 -9.999000e+03 -9.999000e+03 3.855618e-02
-9.999000e+03 -9.999000e+03 -9.999000e+03 -9.999000e+03 -9.999000e+03 -9.999000e+03 -9.999000e+03 -9.999000e+03 -9.999000e+03 -9.999000e+03 -9.999000e+03 -9.999000e+03 -9.999000e+03 -9.999000e+03 -9.999000e+03 -9.999000e+03 -9.999000e+03 -9.999000e+03 -9.999000e+03 -9.999000e+03 -9.999000e+03 -9.999000e+03 -9.999000e+03 -9.999000e+03 -9.999000e+03 -9.999000e+03 -9.999000e+03 -9.999000e+03 -9.999000e+03 -9.999000e+03 -9.999000e+03 -9.999000e+03 -9.999000e+03 -9.999000e+03 -9.999000e+03 -9.999000e+03 -9.999000e+03 -9.999000e+03 -9.999000e+03 -9.999000e+03 -9.999000e+03 -9.999000e+03 -9.999000e+03 -9.999000e+03 -9.999000e+03 -9.999000e+03 -9.999000e+03 -9.999000e+03 -9.999000e+03 -9.999000e+03 -9.999000e+03 -9.999000e+03
-9.999000e+03 -9.999000e+03 -9.999000e+03 -9.999000e+03 -9.999000e+03 -9.999000e+03 -9.999000e+03 -9.999000e+03 -9.999000e+03 -9.999000e+03 -9.999000e+03 -9.999000e+03 -9.999000e+03 -9.999000e+03 -9.999000e+03 -9.999000e+03 -9.999000e+03 -9.999000e+03 -9.999000e+03 -9.999000e+03 -9.999000e+03 -9.999000e+03 -9.999000e+03 -9.999000e+03 -9.999000e+03 -9.999000e+03 -9.999000e+03 -9.999000e+03 -9.999000e+03 -9.999000e+03 -9.999000e+03 -9.999000e+03 -9.999000e+03 -9.999000e+03 -9.999000e+03 -9.999000e+03 -9.999000e+03 -9.999000e+03 -9.999000e+03 -9.999000e+03 -9.999000e+03 -9.999000e+03 -9.999000e+03 -9.999000e+03 -9.999000e+03 -9.999000e+03 -9.999000e+03 -9.999000e+03 -9.999000e+03 -9.999000e+03 -9.999000e+03 -9.999000e+03
