tests/data/reference/test_implicit_stream_rill_mfda/mvel_m_s.asc
ncols	123
nrows	77
xllcorner	-713746.79929998
yllcorner	-1061022.36961616
cellsize	10.0
NODATA_value	-9999
[rows 46 to 68 of 77, columns 0 to 51 of 123]
-9.999000e+03 -9.999000e+03 -9.999000e+03 -9.999000e+03 -9.999000e+03 -9.999000e+03 1.065774e-01 3.645693e-02 3.072895e-02 3.178830e-02 2.682523e-02 3.276099e-02 3.572274e-02 3.606881e-02 3.606980e-02 3.583448e-02 3.603352e-02 3.644810e-02 3.786006e-02 4.103840e-02 4.367600e-02 4.266462e-02 4.289227e-02 4.218711e-02 4.465791e-02 4.723180e-02 4.803143e-02 4.694392e-02 4.649816e-02 4.687024e-02 4.701809e-02 9.307542e-02 9.574665e-02 4.908420e-02 5.091998e-02 5.300613e-02 5.534025e-02 5.760374e-02 5.941928e-02 6.100016e-02 6.195963e-02 6.222110e-02 6.242032e-02 6.288514e-02 6.263924e-02 6.144910e-02 6.035078e-02 5.919780e-02 5.728006e-02 5.455785e-02 5.289475e-02 5.306082e-02
-9.999000e+03 -9.999000e+03 -9.999000e+03 -9.999000e+03 -9.999000e+03 -9.999000e+03 1.518513e-02 3.105891e-02 3.163449e-02 3.311124e-02 2.908979e-02 3.570331e-02 3.731040e-02 3.807560e-02 3.838800e-02 3.738599e-02 3.604109e-02 3.515978e-02 3.624934e-02 3.947570e-02 3.445678e-02 3.565564e-02 3.626036e-02 3.620962e-02 4.328314e-02 4.707653e-02 4.822195e-02 8.279964e-02 8.578635e-02 9.006931e-02 9.282359e-02 4.851393e-02 4.922184e-02 5.069928e-02 5.238565e-02 5.399352e-02 5.575815e-02 5.769842e-02 5.934406e-02 6.093276e-02 6.234016e-02 6.339200e-02 6.414154e-02 6.465869e-02 6.447915e-02 6.336239e-02 6.208865e-02 6.096446e-02 5.956789e-02 5.733025e-02 5.508361e-02 5.388521e-02
-9.999000e+03 -9.999000e+03 -9.999000e+03 -9.999000e+03 -9.999000e+03 9.539161e-02 2.894487e-02 3.657736e-02 2.789412e-02 2.838938e-02 3.293790e-02 3.499757e-02 3.686021e-02 3.848235e-02 3.833071e-02 3.815896e-02 3.690046e-02 3.557935e-02 3.637572e-02 3.934361e-02 4.943170e-02 5.737568e-02 6.416878e-02 7.136857e-02 7.502515e-02 7.933762e-02 8.305389e-02 4.863108e-02 4.862722e-02 4.958413e-02 4.990366e-02 4.967700e-02 5.036438e-02 5.154527e-02 5.270591e-02 5.378439e-02 5.518623e-02 5.716473e-02 5.889611e-02 6.035633e-02 6.180425e-02 6.315192e-02 6.425802e-02 6.506672e-02 6.529030e-02 6.470047e-02 6.354905e-02 6.215845e-02 6.096391e-02 5.952380e-02 5.752875e-02 5.556061e-02
-9.999000e+03 -9.999000e+03 -9.999000e+03 -9.999000e+03 1.345392e-01 1.112062e-02 3.231789e-02 3.730833e-02 2.637423e-02 2.531439e-02 2.981505e-02 3.212487e-02 3.598304e-02 3.521450e-02 3.718078e-02 3.799011e-02 3.768382e-02 3.647459e-02 3.725010e-02 4.006092e-02 4.260633e-02 4.471163e-02 4.719150e-02 4.891795e-02 5.012996e-02 5.040866e-02 5.063264e-02 5.060890e-02 5.048997e-02 5.072922e-02 5.084350e-02 5.052773e-02 5.053108e-02 5.092065e-02 5.154663e-02 5.232254e-02 5.363905e-02 5.586600e-02 5.793777e-02 5.949998e-02 6.077122e-02 6.190791e-02 6.305766e-02 6.412951e-02 6.487359e-02 6.507505e-02 6.443808e-02 6.297564e-02 6.179244e-02 6.111059e-02 5.948200e-02 5.732362e-02
-9.999000e+03 -9.999000e+03 -9.999000e+03 -9.999000e+03 1.067748e-01 3.101568e-02 3.140078e-02 3.104850e-02 2.713815e-02 2.340040e-02 2.810189e-02 3.533517e-02 2.766196e-02 3.387275e-02 3.647105e-02 3.793911e-02 3.800430e-02 3.672477e-02 3.747895e-02 4.035693e-02 4.332968e-02 4.679074e-02 4.796062e-02 5.106897e-02 5.244143e-02 5.259293e-02 5.298957e-02 5.345928e-02 5.331724e-02 5.298729e-02 5.298764e-02 5.281873e-02 5.248922e-02 5.221793e-02 5.218077e-02 5.242903e-02 5.319805e-02 5.488497e-02 5.689604e-02 5.871886e-02 5.984910e-02 6.046549e-02 6.133487e-02 6.243326e-02 6.349968e-02 6.432730e-02 6.430021e-02 6.322896e-02 6.236527e-02 6.155327e-02 6.058941e-02 5.838588e-02
-9.999000e+03 -9.999000e+03 -9.999000e+03 9.815383e-02 9.675594e-03 3.017622e-02 2.457781e-02 2.562127e-02 2.211181e-02 2.533515e-02 3.002965e-02 2.790458e-02 2.602353e-02 3.240962e-02 3.574052e-02 3.755847e-02 3.786173e-02 3.679714e-02 3.737800e-02 4.017297e-02 4.686542e-02 4.518527e-02 4.964882e-02 5.264743e-02 5.432647e-02 5.489381e-02 5.559670e-02 5.639470e-02 5.643277e-02 5.591204e-02 5.569530e-02 5.556580e-02 5.528136e-02 5.478457e-02 5.421943e-02 5.389248e-02 5.386553e-02 5.447633e-02 5.606615e-02 5.812783e-02 5.911331e-02 5.905588e-02 5.940885e-02 6.026634e-02 6.140343e-02 6.265718e-02 6.329182e-02 6.301680e-02 6.046004e-02 6.054825e-02 5.984177e-02 5.798122e-02
-9.999000e+03 -9.999000e+03 -9.999000e+03 8.948591e-02 2.610374e-02 2.452071e-02 2.103857e-02 1.868170e-02 2.084811e-02 2.165993e-02 2.521537e-02 2.508996e-02 2.372643e-02 3.036601e-02 3.436003e-02 3.630572e-02 3.694621e-02 3.637904e-02 3.628184e-02 4.650988e-02 3.475404e-02 4.357790e-02 4.800167e-02 5.114908e-02 5.348189e-02 5.482848e-02 5.584584e-02 5.680383e-02 5.699893e-02 5.639195e-02 5.591416e-02 5.569724e-02 5.566409e-02 5.561669e-02 5.543334e-02 5.532488e-02 5.508445e-02 5.482120e-02 5.582466e-02 5.797578e-02 5.898899e-02 5.860425e-02 5.846886e-02 5.876773e-02 5.953051e-02 6.073525e-02 6.177461e-02 5.651021e-02 5.652807e-02 5.631928e-02 5.569511e-02 9.181325e-02
-9.999000e+03 -9.999000e+03 7.315661e-02 5.491302e-03 2.269852e-02 2.220034e-02 1.624587e-02 1.461387e-02 1.592315e-02 1.385089e-02 1.874872e-02 2.066434e-02 2.023304e-02 2.767054e-02 3.216038e-02 3.406345e-02 3.529733e-02 3.541136e-02 3.886007e-02 3.356320e-02 3.037955e-02 3.818526e-02 4.276223e-02 4.644878e-02 4.997214e-02 5.232183e-02 5.378005e-02 5.494962e-02 5.529560e-02 5.466090e-02 5.391194e-02 5.355333e-02 5.394868e-02 5.486284e-02 5.558323e-02 5.624036e-02 5.635539e-02 5.577759e-02 5.608730e-02 5.789682e-02 5.910597e-02 5.900786e-02 5.860745e-02 5.822014e-02 5.837647e-02 5.925295e-02 4.533286e-02 4.610660e-02 4.622397e-02 4.575016e-02 9.630940e-02 5.995301e-02
-9.999000e+03 -9.999000e+03 8.342681e-03 2.131228e-02 2.079906e-02 1.656339e-02 1.301711e-02 1.636516e-02 1.649478e-02 7.901529e-03 1.452183e-02 1.716966e-02 1.714431e-02 2.488622e-02 2.859566e-02 2.984395e-02 3.125537e-02 3.225773e-02 3.048785e-02 2.950119e-02 2.486438e-02 3.127418e-02 3.587533e-02 4.012966e-02 4.403867e-02 4.749297e-02 5.009454e-02 5.180539e-02 5.263683e-02 5.242063e-02 5.170926e-02 5.108765e-02 5.176230e-02 5.305148e-02 5.434400e-02 5.543435e-02 5.594876e-02 5.569778e-02 5.595296e-02 5.728803e-02 5.846732e-02 5.889546e-02 5.876868e-02 5.836210e-02 5.847959e-02 5.941218e-02 6.035090e-02 6.135315e-02 9.412920e-02 1.001879e-01 6.019375e-02 6.008155e-02
-9.999000e+03 6.325063e-02 1.445858e-02 2.458448e-02 1.947399e-02 1.032520e-02 1.737297e-02 1.729445e-02 -9.999000e+03 -9.999000e+03 -9.999000e+03 1.429013e-02 1.575428e-02 2.076038e-02 2.294659e-02 2.307063e-02 2.409574e-02 2.587046e-02 2.402766e-02 1.761631e-02 1.613531e-02 2.164440e-02 2.811574e-02 3.161554e-02 3.554799e-02 4.066550e-02 4.443510e-02 4.712156e-02 4.872577e-02 4.921526e-02 4.883662e-02 4.875098e-02 4.891862e-02 5.057449e-02 5.206067e-02 5.339797e-02 5.416604e-02 5.434185e-02 5.511827e-02 5.650007e-02 5.763034e-02 5.826102e-02 5.855898e-02 5.840485e-02 5.888060e-02 6.022851e-02 7.509067e-02 8.583504e-02 6.164837e-02 6.059981e-02 6.045257e-02 6.103385e-02
-9.999000e+03 1.007975e-01 2.075521e-02 1.935576e-02 1.551295e-02 1.598058e-02 -9.999000e+03 -9.999000e+03 -9.999000e+03 -9.999000e+03 -9.999000e+03 -9.999000e+03 1.697170e-02 1.976620e-02 2.345643e-02 2.487829e-02 2.306519e-02 2.772256e-02 2.659493e-02 1.873763e-02 1.398081e-02 1.443542e-02 1.845567e-02 2.297527e-02 2.911550e-02 3.370278e-02 3.762318e-02 4.084126e-02 4.282549e-02 4.372666e-02 4.618835e-02 4.517342e-02 4.626641e-02 4.808837e-02 4.996685e-02 5.159265e-02 5.244571e-02 5.252036e-02 5.363452e-02 5.600083e-02 5.729640e-02 5.790579e-02 5.788181e-02 5.795058e-02 5.917905e-02 6.044559e-02 6.139605e-02 6.196007e-02 6.157685e-02 6.072137e-02 6.106624e-02 6.263835e-02
9.898623e-02 1.181835e-02 2.124108e-02 1.576228e-02 9.596159e-03 1.973252e-02 -9.999000e+03 -9.999000e+03 -9.999000e+03 -9.999000e+03 -9.999000e+03 -9.999000e+03 -9.999000e+03 -9.999000e+03 -9.999000e+03 2.360694e-02 2.872840e-02 2.514622e-02 2.363599e-02 2.133901e-02 2.464324e-02 -9.999000e+03 -9.999000e+03 1.844413e-02 2.308819e-02 2.582474e-02 2.873970e-02 3.157800e-02 3.299497e-02 4.063907e-02 3.969851e-02 4.193401e-02 4.286331e-02 4.541148e-02 4.768316e-02 4.942437e-02 5.023730e-02 5.013895e-02 5.239163e-02 5.504040e-02 5.689075e-02 5.631386e-02 5.638629e-02 5.805621e-02 5.836754e-02 5.994696e-02 6.166885e-02 6.162965e-02 6.142827e-02 6.062290e-02 6.204576e-02 6.417564e-02
7.928424e-02 1.495150e-02 1.393176e-02 1.387284e-02 2.010653e-02 -9.999000e+03 -9.999000e+03 -9.999000e+03 -9.999000e+03 -9.999000e+03 -9.999000e+03 -9.999000e+03 -9.999000e+03 -9.999000e+03 -9.999000e+03 -9.999000e+03 -9.999000e+03 -9.999000e+03 -9.999000e+03 -9.999000e+03 -9.999000e+03 -9.999000e+03 -9.999000e+03 1.730498e-02 2.194981e-02 2.367918e-02 2.946025e-02 3.392243e-02 3.552132e-02 2.900539e-02 3.525786e-02 3.539786e-02 3.770977e-02 4.114320e-02 4.360337e-02 4.495119e-02 4.575509e-02 4.890340e-02 4.978600e-02 5.322262e-02 5.233837e-02 5.251212e-02 5.708401e-02 5.545827e-02 5.597382e-02 5.893353e-02 5.835384e-02 5.903728e-02 5.894402e-02 5.986638e-02 6.055110e-02 6.476901e-02
-9.999000e+03 2.102121e-02 1.975788e-02 2.358935e-02 -9.999000e+03 -9.999000e+03 -9.999000e+03 -9.999000e+03 -9.999000e+03 -9.999000e+03 -9.999000e+03 -9.999000e+03 -9.999000e+03 -9.999000e+03 -9.999000e+03 -9.999000e+03 -9.999000e+03 -9.999000e+03 -9.999000e+03 -9.999000e+03 -9.999000e+03 -9.999000e+03 -9.999000e+03 -9.999000e+03 -9.999000e+03 -9.999000e+03 2.586609e-02 2.799869e-02 3.179494e-02 2.935565e-02 2.431977e-02 2.627156e-02 2.950161e-02 3.346608e-02 3.527774e-02 3.571629e-02 4.531790e-02 4.393735e-02 4.605130e-02 4.163244e-02 4.292832e-02 5.555741e-02 5.154984e-02 5.131805e-02 5.597996e-02 5.194730e-02 5.241576e-02 5.282838e-02 5.786832e-02 5.560743e-02 5.898748e-02 5.850544e-02
-9.999000e+03 -9.999000e+03 -9.999000e+03 -9.999000e+03 -9.999000e+03 -9.999000e+03 -9.999000e+03 -9.999000e+03 -9.999000e+03 -9.999000e+03 -9.999000e+03 -9.999000e+03 -9.999000e+03 -9.999000e+03 -9.999000e+03 -9.999000e+03 -9.999000e+03 -9.999000e+03 -9.999000e+03 -9.999000e+03 -9.999000e+03 -9.999000e+03 -9.999000e+03 -9.999000e+03 -9.999000e+03 -9.999000e+03 -9.999000e+03 -9.999000e+03 2.681300e-02 2.666664e-02 2.215323e-02 2.398123e-02 2.774942e-02 3.706407e-02 4.076702e-02 4.040128e-02 3.361846e-02 3.585433e-02 3.796439e-02 4.760557e-02 5.213139e-02 4.178922e-02 4.216799e-02 5.494023e-02 4.246845e-02 4.251956e-02 4.233168e-02 5.494547e-02 5.055767e-02 5.537137e-02 4.439437e-02 4.781966e-02
-9.999000e+03 -9.999000e+03 -9.999000e+03 -9.999000e+03 -9.999000e+03 -9.999000e+03 -9.999000e+03 -9.999000e+03 -9.999000e+03 -9.999000e+03 -9.999000e+03 -9.999000e+03 -9.999000e+03 -9.999000e+03 -9.999000e+03 -9.999000e+03 -9.999000e+03 -9.999000e+03 -9.999000e+03 -9.999000e+03 -9.999000e+03 -9.999000e+03 -9.999000e+03 -9.999000e+03 -9.999000e+03 -9.999000e+03 -9.999000e+03 -9.999000e+03 -9.999000e+03 2.322694e-02 2.730020e-02 2.917872e-02 3.338982e-02 3.352375e-02 3.433074e-02 3.230683e-02 3.243558e-02 3.502529e-02 4.351822e-02 4.789161e-02 5.008788e-02 5.100575e-02 5.241664e-02 4.185629e-02 5.073076e-02 5.390883e-02 5.417598e-02 4.040346e-02 5.278701e-02 4.248278e-02 5.317436e-02 6.002987e-02
-9.999000e+03 -9.999000e+03 -9.999000e+03 -9.999000e+03 -9.999000e+03 -9.999000e+03 -9.999000e+03 -9.999000e+03 -9.999000e+03 -9.999000e+03 -9.999000e+03 -9.999000e+03 -9.999000e+03 -9.999000e+03 -9.999000e+03 -9.999000e+03 -9.999000e+03 -9.999000e+03 -9.999000e+03 -9.999000e+03 -9.999000e+03 -9.999000e+03 -9.999000e+03 -9.999000e+03 -9.999000e+03 -9.999000e+03 -9.999000e+03 -9.999000e+03 -9.999000e+03 -9.999000e+03 3.047255e-02 -9.999000e+03 -9.999000e+03 -9.999000e+03 -9.999000e+03 -9.999000e+03 -9.999000e+03 -9.999000e+03 3.687686e-02 4.449778e-02 4.719501e-02 4.758919e-02 4.905668e-02 5.193253e-02 5.373500e-02 5.428135e-02 5.324220e-02 5.043692e-02 3.946423e-02 5.074053e-02 5.665095e-02 5.977962e-02
-9.999000e+03 -9.999000e+03 -9.999000e+03 -9.999000e+03 -9.999000e+03 -9.999000e+03 -9.999000e+03 -9.999000e+03 -9.999000e+03 -9.999000e+03 -9.999000e+03 -9.999000e+03 -9.999000e+03 -9.999000e+03 -9.999000e+03 -9.999000e+03 -9.999000e+03 -9.999000e+03 -9.999000e+03 -9.999000e+03 -9.999000e+03 -9.999000e+03 -9.999000e+03 -9.999000e+03 -9.999000e+03 -9.999000e+03 -9.999000e+03 -9.999000e+03 -9.999000e+03 -9.999000e+03 -9.999000e+03 -9.999000e+03 -9.999000e+03 -9.999000e+03 -9.999000e+03 -9.999000e+03 -9.999000e+03 -9.999000e+03 -9.999000e+03 -9.999000e+03 -9.999000e+03 3.705611e-02 3.790911e-02 4.023159e-02 4.924904e-02 5.221360e-02 5.186397e-02 4.903725e-02 4.997991e-02 5.511826e-02 5.792081e-02 5.795505e-02
-9.999000e+03 -9.999000e+03 -9.999000e+03 -9.999000e+03 -9.999000e+03 -9.999000e+03 -9.999000e+03 -9.999000e+03 -9.999000e+03 -9.999000e+03 -9.999000e+03 -9.999000e+03 -9.999000e+03 -9.999000e+03 -9.999000e+03 -9.999000e+03 -9.999000e+03 -9.999000e+03 -9.999000e+03 -9.999000e+03 -9.999000e+03 -9.999000e+03 -9.999000e+03 -9.999000e+03 -9.999000e+03 -9.999000e+03 -9.999000e+03 -9.999000e+03 -9.999000e+03 -9.999000e+03 -9.999000e+03 -9.999000e+03 -9.999000e+03 -9.999000e+03 -9.999000e+03 -9.999000e+03 -9.999000e+03 -9.999000e+03 -9.999000e+03 -9.999000e+03 -9.999000e+03 -9.999000e+03 -9.999000e+03 -9.999000e+03 4.183589e-02 4.126081e-02 4.794917e-02 4.846215e-02 3.954830e-02 5.137948e-02 5.578743e-02 5.443228e-02
-9.999000e+03 -9.999000e+03 -9.999000e+03 -9.999000e+03 -9.999000e+03 -9.999000e+03 -9.999000e+03 -9.999000e+03 -9.999000e+03 -9.999000e+03 -9.999000e+03 -9.999000e+03 -9.999000e+03 -9.999000e+03 -9.999000e+03 -9.999000e+03 -9.999000e+03 -9.999000e+03 -9.999000e+03 -9.999000e+03 -9.999000e+03 -9.999000e+03 -9.999000e+03 -9.999000e+03 -9.999000e+03 -9.999000e+03 -9.999000e+03 -9.999000e+03 -9.999000e+03 -9.999000e+03 -9.999000e+03 -9.999000e+03 -9.999000e+03 -9.999000e+03 -9.999000e+03 -9.999000e+03 -9.999000e+03 -9.999000e+03 -9.999000e+03 -9.999000e+03 -9.999000e+03 -9.999000e+03 -9.999000e+03 -9.999000e+03 -9.999000e+03 -9.999000e+03 -9.999000e+03 -9.999000e+03 -9.999000e+03 -9.999000e+03 4.328342e-02 4.762724e-02
-9.999000e+03 -9.999000e+03 -9.999000e+03 -9.999000e+03 -9.999000e+03 -9.999000e+03 -9.999000e+03 -9.999000e+03 -9.999000e+03 -9.999000e+03 -9.999000e+03 -9.999000e+03 -9.999000e+03 -9.999000e+03 -9.999000e+03 -9.999000e+03 -9.999000e+03 -9.999000e+03 -9.999000e+03 -9.999000e+03 -9.999000e+03 -9.999000e+03 -9.999000e+03 -9.999000e+03 -9.999000e+03 -9.999000e+03 -9.999000e+03 -9.999000e+03 -9.999000e+03 -9.999000e+03 -9.999000e+03 -9.999000e+03 -9.999000e+03 -9.999000e+03 -9.999000e+03 -9.999000e+03 -9.999000e+03 -9.999000e+03 -9.999000e+03 -9.999000e+03 -9.999000e+03 -9.999000e+03 -9.999000e+03 -9.999000e+03 -9.999000e+03 -9.999000e+03 -9.999000e+03 -9.999000e+03 -9.999000e+03 -9.999000e+03 -9.999000e+03 3.829703e-02
-9.999000e+03 -9.999000e+03 -9.999000e+03 -9.999000e+03 -9.999000e+03 -9.999000e+03 -9.999000e+03 -9.999000e+03 -9.999000e+03 -9.999000e+03 -9.999000e+03 -9.999000e+03 -9.999000e+03 -9.999000e+03 -9.999000e+03 -9.999000e+03 -9.999000e+03 -9.999000e+03 -9.999000e+03 -9.999000e+03 -9.999000e+03 -9.999000e+03 -9.999000e+03 -9.999000e+03 -9.999000e+03 -9.999000e+03 -9.999000e+03 -9.999000e+03 -9.999000e+03 -9.999000e+03 -9.999000e+03 -9.999000e+03 -9.999000e+03 -9.999000e+03 -9.999000e+03 -9.999000e+03 -9.999000e+03 -9.999000e+03 -9.999000e+03 -9.999000e+03 -9.999000e+03 -9.999000e+03 -9.999000e+03 -9.999000e+03 -9.999000e+03 -9.999000e+03 -9.999000e+03 -9.999000e+03 -9.999000e+03 -9.999000e+03 -9.999000e+03 -9.999000e+03
-9.999000e+03 -9.999000e+03 -9.999000e+03 -9.999000e+03 -9.999000e+03 -9.999000e+03 -9.999000e+03 -9.999000e+03 -9.999000e+03 -9.999000e+03 -9.999000e+03 -9.999000e+03 -9.999000e+03 -9.999000e+03 -9.999000e+03 -9.999000e+03 -9.999000e+03 -9.999000e+03 -9.999000e+03 -9.999000e+03 -9.999000e+03 -9.999000e+03 -9.999000e+03 -9.999000e+03 -9.999000e+03 -9.999000e+03 -9.999000e+03 -9.999000e+03 -9.999000e+03 -9.999000e+03 -9.999000e+03 -9.999000e+03 -9.999000e+03 -9.999000e+03 -9.999000e+03 -9.999000e+03 -9.999000e+03 -9.999000e+03 -9.999000e+03 -9.999000e+03 -9.999000e+03 -9.999000e+03 -9.999000e+03 -9.999000e+03 -9.999000e+03 -9.999000e+03 -9.999000e+03 -9.999000e+03 -9.999000e+03 -9.999000e+03 -9.999000e+03 -9.999000e+03
