tests/data/reference/test_implicit_stream_rill_mfda/mvel_m_s.asc
ncols	123
nrows	77
xllcorner	-713746.79929998
yllcorner	-1061022.36961616
cellsize	10.0
NODATA_value	-9999
[rows 23 to 45 of 77, columns 52 to 103 of 123]
6.412428e-02 7.267390e-02 7.302642e-02 7.246165e-02 7.205973e-02 7.190284e-02 7.138591e-02 7.032844e-02 6.957383e-02 6.942783e-02 6.901867e-02 6.841771e-02 6.775889e-02 6.646092e-02 6.387351e-02 6.046718e-02 9.462123e-02 5.442558e-02 5.513681e-02 5.627606e-02 5.717963e-02 5.789706e-02 5.735890e-02 5.696604e-02 4.323504e-02 4.998177e-02 9.889173e-02 6.204058e-02 7.506728e-02 5.184532e-02 5.444780e-02 5.156799e-02 4.083917e-02 3.662545e-02 -9.999000e+03 -9.999000e+03 -9.999000e+03 -9.999000e+03 -9.999000e+03 -9.999000e+03 -9.999000e+03 -9.999000e+03 -9.999000e+03 -9.999000e+03 -9.999000e+03 -9.999000e+03 -9.999000e+03 -9.999000e+03 -9.999000e+03 -9.999000e+03 -9.999000e+03 -9.999000e+03
6.531265e-02 7.081724e-02 7.342842e-02 7.270437e-02 7.213744e-02 7.175176e-02 7.109844e-02 7.008306e-02 6.948290e-02 6.939602e-02 6.913119e-02 6.876340e-02 6.789370e-02 6.599248e-02 6.334808e-02 6.033823e-02 1.019257e-01 5.531511e-02 5.676948e-02 5.872530e-02 6.036568e-02 6.153343e-02 6.155330e-02 6.099062e-02 5.492992e-02 5.543495e-02 4.118497e-02 9.329764e-02 5.562659e-02 6.952373e-02 6.459601e-02 5.438934e-02 5.060789e-02 4.676794e-02 3.528027e-02 -9.999000e+03 -9.999000e+03 -9.999000e+03 -9.999000e+03 -9.999000e+03 -9.999000e+03 -9.999000e+03 -9.999000e+03 -9.999000e+03 -9.999000e+03 -9.999000e+03 -9.999000e+03 -9.999000e+03 -9.999000e+03 -9.999000e+03 -9.999000e+03 -9.999000e+03
7.417846e-02 7.141847e-02 7.312154e-02 7.324940e-02 7.201691e-02 7.087320e-02 6.991353e-02 6.940943e-02 6.954361e-02 6.986865e-02 6.976383e-02 6.911032e-02 6.748904e-02 6.509521e-02 6.298775e-02 6.135324e-02 1.094559e-01 5.832807e-02 5.934873e-02 6.103098e-02 6.275127e-02 6.399852e-02 6.414586e-02 6.354058e-02 6.074015e-02 6.005780e-02 5.369511e-02 9.906255e-02 4.228281e-02 5.465379e-02 8.348720e-02 5.129595e-02 5.335572e-02 5.411741e-02 4.961143e-02 3.947645e-02 3.616429e-02 3.585839e-02 -9.999000e+03 -9.999000e+03 -9.999000e+03 -9.999000e+03 -9.999000e+03 -9.999000e+03 -9.999000e+03 -9.999000e+03 -9.999000e+03 -9.999000e+03 -9.999000e+03 -9.999000e+03 -9.999000e+03 -9.999000e+03
6.697004e-02 7.509218e-02 7.327077e-02 7.264213e-02 7.132497e-02 6.994506e-02 6.921707e-02 6.947570e-02 7.003043e-02 7.032656e-02 7.004809e-02 6.895730e-02 6.718495e-02 6.522034e-02 6.361640e-02 6.237027e-02 1.077087e-01 5.964115e-02 6.038080e-02 6.186451e-02 6.339955e-02 6.451423e-02 6.473149e-02 6.444272e-02 6.347059e-02 6.321318e-02 6.085727e-02 1.018799e-01 5.467787e-02 5.509891e-02 8.143887e-02 5.109716e-02 5.386812e-02 5.639439e-02 5.551056e-02 5.043230e-02 4.598744e-02 3.715308e-02 4.326887e-02 3.548116e-02 -9.999000e+03 -9.999000e+03 -9.999000e+03 -9.999000e+03 -9.999000e+03 -9.999000e+03 -9.999000e+03 -9.999000e+03 -9.999000e+03 -9.999000e+03 -9.999000e+03 -9.999000e+03
7.302691e-02 5.402469e-02 7.377464e-02 7.143121e-02 7.010125e-02 6.949638e-02 6.953765e-02 7.016753e-02 7.054154e-02 7.044301e-02 6.992352e-02 6.885457e-02 6.763308e-02 6.642615e-02 6.490587e-02 6.285618e-02 1.088014e-01 5.881910e-02 5.957495e-02 6.097754e-02 6.207729e-02 6.291021e-02 6.327525e-02 6.363484e-02 6.414631e-02 6.489129e-02 6.467706e-02 1.013433e-01 6.162151e-02 6.043724e-02 8.380663e-02 5.507660e-02 5.405695e-02 5.420557e-02 5.440745e-02 5.280359e-02 4.007829e-02 3.816564e-02 4.383102e-02 4.475252e-02 4.155921e-02 1.356941e-01 -9.999000e+03 -9.999000e+03 -9.999000e+03 -9.999000e+03 -9.999000e+03 -9.999000e+03 -9.999000e+03 -9.999000e+03 -9.999000e+03 -9.999000e+03
7.518681e-02 6.584399e-02 7.263575e-02 7.047414e-02 5.029242e-02 6.943355e-02 6.978656e-02 7.051857e-02 7.093381e-02 7.080462e-02 7.022695e-02 6.919018e-02 6.805979e-02 6.678467e-02 6.486746e-02 6.228484e-02 1.098670e-01 5.884051e-02 6.001469e-02 6.150113e-02 6.244316e-02 6.304561e-02 6.325907e-02 6.365808e-02 6.466413e-02 6.606052e-02 6.694424e-02 9.935558e-02 6.534510e-02 6.397059e-02 8.277931e-02 5.818920e-02 5.504111e-02 5.327926e-02 5.292518e-02 5.267254e-02 4.791782e-02 4.616350e-02 3.803237e-02 4.634896e-02 0.000000e+00 1.858315e-01 1.162771e-01 1.019777e-01 -9.999000e+03 -9.999000e+03 -9.999000e+03 -9.999000e+03 -9.999000e+03 -9.999000e+03 -9.999000e+03 -9.999000e+03
7.492828e-02 6.983825e-02 7.144266e-02 7.009064e-02 5.066681e-02 6.178847e-02 6.958260e-02 7.059256e-02 7.152132e-02 7.161622e-02 7.100702e-02 6.973454e-02 6.803571e-02 6.578804e-02 6.312168e-02 6.083390e-02 6.006613e-02 1.079766e-01 6.215320e-02 6.392326e-02 6.504338e-02 6.543094e-02 6.512923e-02 6.488867e-02 6.543795e-02 6.690531e-02 6.817292e-02 9.850507e-02 6.677295e-02 6.536194e-02 7.925413e-02 6.037700e-02 5.733901e-02 5.484234e-02 5.288995e-02 5.175750e-02 4.976185e-02 4.910444e-02 4.626734e-02 0.000000e+00 0.000000e+00 6.350076e-02 4.429504e-02 2.546835e-02 8.995280e-02 -9.999000e+03 -9.999000e+03 -9.999000e+03 -9.999000e+03 -9.999000e+03 -9.999000e+03 -9.999000e+03
7.249465e-02 6.964012e-02 6.985067e-02 6.957043e-02 6.209523e-02 5.080025e-02 6.689873e-02 7.098387e-02 7.172082e-02 7.135742e-02 7.032938e-02 6.863902e-02 6.651455e-02 6.398323e-02 6.186963e-02 6.108029e-02 6.172678e-02 6.332414e-02 1.013484e-01 6.667325e-02 6.738793e-02 6.722728e-02 6.645320e-02 6.589530e-02 6.624828e-02 6.768686e-02 6.876560e-02 9.515446e-02 6.757045e-02 6.665292e-02 7.608287e-02 6.292033e-02 6.019825e-02 5.757879e-02 4.234639e-02 4.082051e-02 5.161358e-02 5.165091e-02 0.000000e+00 0.000000e+00 3.976648e-02 5.598306e-02 4.105903e-02 3.298500e-02 2.671294e-02 8.600178e-02 -9.999000e+03 -9.999000e+03 -9.999000e+03 -9.999000e+03 -9.999000e+03 -9.999000e+03
6.791583e-02 6.688267e-02 6.780526e-02 6.875509e-02 6.668614e-02 6.258097e-02 5.170733e-02 7.038647e-02 7.089974e-02 6.942726e-02 6.763723e-02 6.543870e-02 6.339600e-02 6.201565e-02 6.204868e-02 6.330199e-02 6.499425e-02 6.690454e-02 9.726144e-02 6.937313e-02 6.910028e-02 6.812680e-02 6.700581e-02 6.655210e-02 6.710583e-02 6.836645e-02 6.876456e-02 9.116790e-02 6.801863e-02 6.799263e-02 7.300177e-02 6.584450e-02 6.343382e-02 4.662728e-02 4.461222e-02 4.285921e-02 5.505947e-02 0.000000e+00 0.000000e+00 4.390765e-02 4.608264e-02 5.223542e-02 3.755652e-02 3.333335e-02 3.282519e-02 2.918421e-02 2.717052e-02 -9.999000e+03 -9.999000e+03 -9.999000e+03 -9.999000e+03 -9.999000e+03
6.103712e-02 6.199357e-02 6.402216e-02 6.585710e-02 4.912383e-02 6.777025e-02 6.709814e-02 6.263247e-02 6.911026e-02 6.802329e-02 6.642061e-02 6.462346e-02 6.344382e-02 6.329070e-02 6.423165e-02 6.589077e-02 6.750355e-02 6.891615e-02 9.660065e-02 6.973177e-02 6.895240e-02 6.792952e-02 6.714880e-02 6.716133e-02 6.792397e-02 6.878028e-02 6.835513e-02 8.646709e-02 6.729448e-02 6.766384e-02 6.810972e-02 6.691116e-02 4.867642e-02 4.792165e-02 4.635929e-02 4.473566e-02 0.000000e+00 0.000000e+00 4.783119e-02 5.160657e-02 4.971023e-02 5.073187e-02 3.326959e-02 3.069178e-02 3.673684e-02 3.707337e-02 3.678745e-02 2.885615e-02 8.796262e-02 -9.999000e+03 -9.999000e+03 -9.999000e+03
5.202604e-02 5.518075e-02 5.779156e-02 6.016052e-02 6.257952e-02 5.792954e-02 6.635040e-02 6.673017e-02 6.528566e-02 6.809562e-02 6.785818e-02 6.738773e-02 6.727779e-02 6.741149e-02 6.773402e-02 6.831673e-02 6.874556e-02 6.882664e-02 6.816590e-02 1.009685e-01 6.676210e-02 6.660208e-02 6.693797e-02 6.776685e-02 6.866770e-02 6.890166e-02 6.755515e-02 8.100596e-02 6.529999e-02 6.541643e-02 6.595345e-02 4.852562e-02 4.811338e-02 4.791826e-02 0.000000e+00 0.000000e+00 0.000000e+00 4.617860e-02 5.632489e-02 5.522051e-02 5.285614e-02 4.021986e-02 3.829505e-02 4.125315e-02 4.073183e-02 3.858895e-02 3.693645e-02 3.068752e-02 2.897971e-02 1.064049e-01 -9.999000e+03 -9.999000e+03
1.088964e-01 1.047029e-01 4.913589e-02 5.225303e-02 5.916175e-02 6.225032e-02 6.224722e-02 6.652600e-02 6.780869e-02 6.821589e-02 6.984174e-02 7.036077e-02 7.082786e-02 7.096735e-02 7.077572e-02 7.033716e-02 6.947043e-02 6.821755e-02 6.648057e-02 9.452707e-02 6.383847e-02 6.405762e-02 6.523419e-02 6.672269e-02 6.764231e-02 6.726405e-02 6.528622e-02 7.455199e-02 6.306739e-02 6.323131e-02 6.420336e-02 4.821606e-02 4.816181e-02 0.000000e+00 0.000000e+00 5.465909e-02 4.769747e-02 5.638046e-02 5.969935e-02 5.780615e-02 4.324157e-02 4.221853e-02 4.090459e-02 4.726725e-02 4.454871e-02 4.171415e-02 3.294806e-02 3.315592e-02 3.330741e-02 4.771224e-02 2.813956e-02 1.079198e-01
6.948454e-02 6.621696e-02 1.001720e-01 5.128355e-02 5.424479e-02 5.894780e-02 6.261598e-02 6.431748e-02 6.721970e-02 6.881594e-02 6.983859e-02 7.127319e-02 7.205376e-02 7.220005e-02 7.167403e-02 7.011622e-02 6.757861e-02 6.468550e-02 6.157122e-02 5.851626e-02 9.745918e-02 5.634948e-02 5.817333e-02 6.028984e-02 6.436057e-02 6.339568e-02 6.120742e-02 6.698621e-02 6.059191e-02 6.140635e-02 6.299969e-02 4.836839e-02 0.000000e+00 0.000000e+00 5.323230e-02 6.209410e-02 5.747713e-02 6.069355e-02 6.159711e-02 4.581207e-02 4.470881e-02 4.340490e-02 4.203858e-02 4.025165e-02 4.811314e-02 4.652309e-02 3.749759e-02 4.340990e-02 4.269037e-02 4.841752e-02 3.312775e-02 4.751672e-02
4.344461e-02 5.276866e-02 5.563823e-02 9.802465e-02 9.723296e-02 9.433622e-02 9.299966e-02 6.347382e-02 6.417797e-02 6.521075e-02 6.601094e-02 6.687066e-02 6.722626e-02 6.678917e-02 8.248836e-02 6.387807e-02 6.150279e-02 5.927453e-02 5.694012e-02 5.465505e-02 4.121279e-02 9.811335e-02 7.112114e-02 5.796047e-02 5.752873e-02 5.554839e-02 5.759518e-02 5.994405e-02 5.906964e-02 6.069759e-02 6.267918e-02 0.000000e+00 0.000000e+00 4.835231e-02 6.198578e-02 6.389010e-02 6.133025e-02 6.244413e-02 6.257549e-02 4.663890e-02 4.575360e-02 4.437934e-02 4.302561e-02 4.145539e-02 5.051683e-02 4.907432e-02 4.598418e-02 4.790141e-02 4.722527e-02 4.890281e-02 4.283540e-02 4.910709e-02
5.936106e-02 6.257422e-02 6.234900e-02 5.788607e-02 5.688052e-02 6.029389e-02 6.156447e-02 9.501217e-02 9.621373e-02 9.736714e-02 9.814037e-02 9.851699e-02 9.956123e-02 1.012958e-01 1.030455e-01 1.043899e-01 1.039237e-01 5.015735e-02 5.138395e-02 5.226797e-02 5.378004e-02 5.172498e-02 9.569819e-02 5.724220e-02 5.438873e-02 5.153881e-02 5.076312e-02 5.618382e-02 5.894720e-02 6.136169e-02 0.000000e+00 0.000000e+00 4.949521e-02 4.880578e-02 6.498616e-02 6.469991e-02 6.300600e-02 6.303459e-02 6.285189e-02 4.691197e-02 4.632291e-02 4.508705e-02 4.387020e-02 4.243679e-02 4.073257e-02 3.907872e-02 4.751880e-02 4.807162e-02 4.851003e-02 4.996261e-02 4.863386e-02 5.046162e-02
5.874229e-02 6.400836e-02 6.433120e-02 9.539697e-02 9.605310e-02 9.413783e-02 9.361518e-02 9.440755e-02 9.524661e-02 9.615526e-02 9.690565e-02 9.739196e-02 9.812362e-02 9.934925e-02 1.009222e-01 1.028343e-01 1.043935e-01 1.045171e-01 1.040489e-01 4.697262e-02 4.954068e-02 5.351532e-02 9.754214e-02 5.360096e-02 5.076395e-02 4.875707e-02 4.893212e-02 5.194989e-02 5.947413e-02 0.000000e+00 0.000000e+00 4.942126e-02 4.977116e-02 4.908823e-02 6.606531e-02 6.535785e-02 6.408479e-02 6.383728e-02 4.756274e-02 4.757835e-02 4.711581e-02 4.590654e-02 4.464093e-02 4.334509e-02 4.184633e-02 4.006926e-02 3.851309e-02 4.804529e-02 4.860181e-02 5.000794e-02 5.046367e-02 5.082591e-02
6.631759e-02 9.927006e-02 9.922729e-02 6.668984e-02 6.815641e-02 7.116613e-02 7.295334e-02 7.340521e-02 7.339110e-02 7.295890e-02 7.221054e-02 6.857128e-02 6.681740e-02 6.448314e-02 6.182404e-02 5.922783e-02 7.253862e-02 8.056576e-02 7.368142e-02 1.054714e-01 1.050517e-01 1.011008e-01 1.012407e-01 1.038426e-01 4.664545e-02 4.729634e-02 4.871894e-02 5.291152e-02 0.000000e+00 0.000000e+00 4.871580e-02 6.056946e-02 4.992690e-02 4.920930e-02 6.655021e-02 6.602394e-02 6.511992e-02 6.504716e-02 4.852753e-02 4.860369e-02 4.820709e-02 4.699233e-02 4.544433e-02 4.404359e-02 4.304598e-02 4.183069e-02 4.007627e-02 4.889605e-02 4.834627e-02 4.856255e-02 4.873928e-02 4.908454e-02
1.044998e-01 6.442385e-02 6.645370e-02 6.800115e-02 7.033232e-02 7.332286e-02 7.533823e-02 7.633655e-02 7.696085e-02 7.713375e-02 7.680791e-02 7.606285e-02 7.498624e-02 7.360396e-02 7.194491e-02 6.750496e-02 6.531415e-02 7.967056e-02 7.538892e-02 8.069030e-02 8.738503e-02 3.363736e-02 8.306760e-02 1.095932e-01 1.111882e-01 4.219705e-02 4.696732e-02 4.172135e-02 0.000000e+00 5.011981e-02 5.847139e-02 6.503855e-02 5.032885e-02 6.062626e-02 6.715429e-02 6.656484e-02 6.591623e-02 6.611758e-02 4.928409e-02 4.934569e-02 4.890460e-02 4.781361e-02 4.621315e-02 4.450609e-02 4.365654e-02 4.305577e-02 4.166415e-02 3.999499e-02 4.952148e-02 4.884248e-02 4.837539e-02 4.849014e-02
6.127172e-02 6.343953e-02 6.515224e-02 6.610165e-02 6.765150e-02 7.027596e-02 7.245650e-02 7.393933e-02 7.532735e-02 7.633505e-02 7.666200e-02 7.661015e-02 7.654484e-02 7.643643e-02 7.601079e-02 7.532477e-02 9.390389e-02 7.338384e-02 6.825140e-02 6.323218e-02 6.048632e-02 0.000000e+00 0.000000e+00 0.000000e+00 1.149793e-01 1.133926e-01 4.385240e-02 0.000000e+00 0.000000e+00 5.285447e-02 5.694458e-02 6.603004e-02 5.085534e-02 6.650195e-02 6.808151e-02 6.695435e-02 6.643942e-02 4.946189e-02 4.988883e-02 4.999806e-02 4.936753e-02 4.823339e-02 4.675510e-02 4.488556e-02 4.386974e-02 4.365298e-02 4.300675e-02 4.188427e-02 5.216611e-02 5.113014e-02 5.021049e-02 4.958297e-02
6.049591e-02 6.237916e-02 6.349647e-02 6.383660e-02 6.467613e-02 6.669579e-02 6.858034e-02 6.997632e-02 7.169562e-02 7.352398e-02 7.467158e-02 7.524274e-02 7.588513e-02 7.665503e-02 7.709650e-02 8.999957e-02 7.741810e-02 7.748766e-02 7.645019e-02 7.394835e-02 6.915450e-02 6.853558e-02 6.596272e-02 0.000000e+00 0.000000e+00 0.000000e+00 3.597975e-02 0.000000e+00 3.768387e-02 4.769953e-02 5.316977e-02 6.041838e-02 6.043088e-02 6.764085e-02 6.814990e-02 6.740833e-02 6.719454e-02 4.988386e-02 5.027250e-02 5.062105e-02 5.010242e-02 4.880140e-02 4.722757e-02 4.527199e-02 4.407760e-02 4.381933e-02 4.350853e-02 5.122307e-02 5.414756e-02 5.301123e-02 5.187432e-02 5.122891e-02
5.903304e-02 6.010306e-02 6.084606e-02 6.105396e-02 6.152966e-02 6.286798e-02 6.405715e-02 6.481521e-02 6.638243e-02 6.889819e-02 7.092831e-02 7.218982e-02 7.341958e-02 7.472616e-02 9.017658e-02 7.650400e-02 7.750595e-02 7.865548e-02 7.910825e-02 7.867221e-02 7.769180e-02 7.510918e-02 7.188254e-02 6.662761e-02 6.239366e-02 0.000000e+00 0.000000e+00 0.000000e+00 3.611214e-02 3.991690e-02 5.835188e-02 5.420155e-02 5.993107e-02 6.439057e-02 6.666471e-02 6.776722e-02 6.827723e-02 5.048007e-02 5.059951e-02 5.101158e-02 5.079635e-02 4.957865e-02 4.782267e-02 4.565176e-02 4.426309e-02 4.375040e-02 4.339237e-02 5.458495e-02 5.520391e-02 5.424826e-02 5.306390e-02 5.310084e-02
5.720950e-02 5.774322e-02 5.846278e-02 5.905188e-02 5.953312e-02 6.032844e-02 6.091701e-02 6.090812e-02 6.190865e-02 6.419150e-02 6.640087e-02 6.822901e-02 6.969320e-02 9.388801e-02 7.253279e-02 7.346254e-02 7.477065e-02 7.667042e-02 7.818410e-02 7.846543e-02 7.872297e-02 7.865689e-02 7.523641e-02 6.999846e-02 6.722927e-02 2.819074e-02 0.000000e+00 0.000000e+00 0.000000e+00 0.000000e+00 5.942485e-02 4.711162e-02 5.383553e-02 6.251331e-02 6.564839e-02 6.753496e-02 6.865472e-02 5.096624e-02 5.121365e-02 5.145284e-02 5.133585e-02 5.044434e-02 4.885232e-02 4.668894e-02 4.517808e-02 4.438048e-02 4.379058e-02 5.609091e-02 5.593818e-02 5.556850e-02 5.505647e-02 5.575477e-02
5.470117e-02 5.502332e-02 5.608696e-02 5.751444e-02 5.834444e-02 5.880475e-02 5.868838e-02 5.846949e-02 5.858086e-02 5.969376e-02 6.183678e-02 6.356919e-02 9.968058e-02 6.656682e-02 6.753393e-02 6.794397e-02 6.964496e-02 7.279571e-02 7.381932e-02 7.467448e-02 7.575455e-02 7.711061e-02 7.628832e-02 7.056840e-02 6.783147e-02 0.000000e+00 0.000000e+00 5.631315e-02 5.898475e-02 0.000000e+00 0.000000e+00 0.000000e+00 5.372254e-02 6.105814e-02 6.605510e-02 6.684158e-02 6.813942e-02 5.115655e-02 5.184945e-02 5.196870e-02 5.181964e-02 5.122626e-02 5.005908e-02 4.826820e-02 4.679952e-02 4.573143e-02 4.477369e-02 5.723439e-02 5.645437e-02 5.681941e-02 5.786816e-02 5.924624e-02
