tests/data/reference/test_implicit_stream_rill_mfda/mvel_m_s.asc
ncols	123
nrows	77
xllcorner	-713746.79929998
yllcorner	-1061022.36961616
cellsize	10.0
NODATA_value	-9999
[rows 23 to 45 of 77, columns 0 to 51 of 123]
-9.999000e+03 -9.999000e+03 -9.999000e+03 -9.999000e+03 -9.999000e+03 -9.999000e+03 -9.999000e+03 -9.999000e+03 -9.999000e+03 -9.999000e+03 -9.999000e+03 -9.999000e+03 -9.999000e+03 -9.999000e+03 1.850321e-02 2.315289e-02 2.309971e-02 2.326705e-02 2.092808e-02 8.627668e-03 1.023845e-02 1.783585e-01 1.406396e-02 6.104824e-02 6.650767e-02 4.370203e-02 5.422118e-02 4.890145e-02 5.504318e-02 5.725005e-02 4.480607e-02 5.519021e-02 5.947885e-02 6.144192e-02 9.800052e-02 6.120367e-02 6.356194e-02 4.777403e-02 8.262739e-02 6.554140e-02 6.579351e-02 6.646676e-02 6.756245e-02 6.822237e-02 6.824452e-02 6.797879e-02 6.778078e-02 6.812656e-02 6.894899e-02 6.892006e-02 6.754213e-02 5.175301e-02
-9.999000e+03 -9.999000e+03 -9.999000e+03 -9.999000e+03 -9.999000e+03 -9.999000e+03 -9.999000e+03 -9.999000e+03 -9.999000e+03 -9.999000e+03 -9.999000e+03 -9.999000e+03 -9.999000e+03 -9.999000e+03 1.106856e-02 1.886950e-02 2.636996e-02 2.993326e-02 2.020411e-02 2.792769e-02 1.674795e-01 2.230085e-01 3.709094e-02 3.710379e-02 5.706443e-02 7.605539e-02 5.340394e-02 5.143639e-02 5.262240e-02 4.212754e-02 5.869507e-02 5.497441e-02 5.901876e-02 6.006157e-02 1.035432e-01 6.063086e-02 6.219515e-02 4.825457e-02 8.438021e-02 6.546339e-02 6.549674e-02 6.597205e-02 6.677713e-02 6.738604e-02 6.766183e-02 6.777303e-02 6.793507e-02 6.853876e-02 6.948694e-02 7.009867e-02 5.193574e-02 7.125959e-02
-9.999000e+03 -9.999000e+03 -9.999000e+03 -9.999000e+03 -9.999000e+03 -9.999000e+03 -9.999000e+03 -9.999000e+03 -9.999000e+03 -9.999000e+03 -9.999000e+03 -9.999000e+03 -9.999000e+03 -9.999000e+03 1.346087e-02 1.845538e-02 2.321918e-02 2.313240e-02 2.256753e-02 1.286502e-02 1.915753e-01 5.582053e-02 6.771216e-02 4.338614e-02 4.616279e-02 5.809033e-02 8.706804e-02 5.385171e-02 5.435639e-02 4.293550e-02 5.109188e-02 5.596898e-02 5.465480e-02 5.838158e-02 5.838565e-02 1.087800e-01 4.663148e-02 6.397953e-02 5.863744e-02 9.546839e-02 6.530233e-02 6.592689e-02 6.655835e-02 6.705656e-02 6.747418e-02 6.791292e-02 6.849230e-02 6.943994e-02 7.064164e-02 7.181246e-02 6.519098e-02 5.385745e-02
-9.999000e+03 -9.999000e+03 -9.999000e+03 -9.999000e+03 -9.999000e+03 -9.999000e+03 -9.999000e+03 -9.999000e+03 -9.999000e+03 -9.999000e+03 -9.999000e+03 -9.999000e+03 2.689294e-02 2.090577e-02 2.561097e-02 2.578013e-02 2.361033e-02 1.140192e-02 1.027674e-02 1.747853e-01 2.299446e-02 5.984188e-02 4.839512e-02 6.122594e-02 4.583379e-02 4.806288e-02 9.334539e-02 5.160758e-02 5.256470e-02 4.958343e-02 4.210995e-02 5.328091e-02 5.409360e-02 5.220651e-02 5.256211e-02 5.880644e-02 1.062029e-01 5.770210e-02 6.418431e-02 6.245228e-02 1.026582e-01 6.562177e-02 6.602434e-02 6.654454e-02 6.735039e-02 6.842220e-02 6.966604e-02 7.094126e-02 7.217332e-02 7.355305e-02 7.181808e-02 5.465820e-02
-9.999000e+03 -9.999000e+03 -9.999000e+03 -9.999000e+03 -9.999000e+03 -9.999000e+03 -9.999000e+03 -9.999000e+03 -9.999000e+03 -9.999000e+03 -9.999000e+03 -9.999000e+03 -9.999000e+03 2.609272e-02 2.373026e-02 2.411216e-02 1.466025e-02 8.551243e-03 1.582475e-01 2.073147e-02 3.833474e-02 3.858019e-02 5.862510e-02 6.563226e-02 7.717970e-02 7.928372e-02 8.077875e-02 8.240834e-02 4.659576e-02 4.965742e-02 5.066796e-02 4.855088e-02 5.103882e-02 4.974628e-02 5.058669e-02 5.476632e-02 5.836161e-02 9.455838e-02 6.198718e-02 6.470446e-02 1.028565e-01 6.490132e-02 6.504922e-02 6.579265e-02 6.730890e-02 6.938525e-02 7.151693e-02 7.301641e-02 7.398010e-02 7.522413e-02 7.529841e-02 6.803566e-02
-9.999000e+03 -9.999000e+03 -9.999000e+03 -9.999000e+03 -9.999000e+03 -9.999000e+03 -9.999000e+03 -9.999000e+03 -9.999000e+03 -9.999000e+03 -9.999000e+03 -9.999000e+03 -9.999000e+03 -9.999000e+03 -9.999000e+03 1.877546e-02 4.189317e-03 1.343239e-01 1.863906e-01 5.834975e-02 5.043757e-02 4.501558e-02 4.127750e-02 3.855567e-02 3.977447e-02 4.162282e-02 4.174373e-02 8.015173e-02 1.069128e-01 4.499410e-02 4.740242e-02 4.766473e-02 4.632679e-02 4.671030e-02 4.866865e-02 5.354430e-02 5.651023e-02 5.716305e-02 9.521536e-02 5.938084e-02 1.040242e-01 6.466251e-02 6.545679e-02 6.674376e-02 6.866145e-02 7.108131e-02 7.333002e-02 7.460918e-02 7.528385e-02 7.641865e-02 7.698431e-02 7.381293e-02
-9.999000e+03 -9.999000e+03 -9.999000e+03 -9.999000e+03 -9.999000e+03 -9.999000e+03 -9.999000e+03 -9.999000e+03 -9.999000e+03 -9.999000e+03 -9.999000e+03 -9.999000e+03 -9.999000e+03 -9.999000e+03 -9.999000e+03 -9.999000e+03 7.960537e-03 1.394375e-01 4.705608e-02 4.207015e-02 3.817089e-02 3.579122e-02 3.601458e-02 3.785774e-02 4.022751e-02 4.295984e-02 4.342888e-02 4.120866e-02 4.051392e-02 1.057778e-01 1.055271e-01 1.063288e-01 4.332894e-02 4.374868e-02 4.601799e-02 5.031792e-02 6.393719e-02 7.337233e-02 5.408955e-02 9.128625e-02 6.007577e-02 9.332585e-02 6.764470e-02 6.956698e-02 7.142615e-02 7.338222e-02 7.490813e-02 7.557147e-02 7.600481e-02 7.706103e-02 7.750017e-02 7.558312e-02
-9.999000e+03 -9.999000e+03 -9.999000e+03 -9.999000e+03 -9.999000e+03 -9.999000e+03 -9.999000e+03 -9.999000e+03 -9.999000e+03 -9.999000e+03 -9.999000e+03 -9.999000e+03 -9.999000e+03 -9.999000e+03 -9.999000e+03 -9.999000e+03 1.397888e-01 1.630573e-02 3.211148e-02 3.432915e-02 3.512817e-02 6.859052e-02 6.762270e-02 6.826230e-02 6.846279e-02 6.839386e-02 6.630633e-02 6.221089e-02 5.993792e-02 5.940696e-02 5.672564e-02 5.231588e-02 1.067850e-01 1.067871e-01 1.072886e-01 1.040584e-01 1.020599e-01 1.007518e-01 9.911000e-02 9.709415e-02 9.660487e-02 9.692206e-02 9.589426e-02 6.185300e-02 6.503744e-02 7.060166e-02 7.253260e-02 7.372879e-02 7.491779e-02 7.619022e-02 7.611339e-02 7.412389e-02
-9.999000e+03 -9.999000e+03 -9.999000e+03 -9.999000e+03 -9.999000e+03 -9.999000e+03 -9.999000e+03 -9.999000e+03 -9.999000e+03 -9.999000e+03 -9.999000e+03 -9.999000e+03 -9.999000e+03 -9.999000e+03 -9.999000e+03 1.399229e-01 2.104341e-02 3.763298e-02 7.136286e-02 6.621591e-02 6.956972e-02 3.698055e-02 4.593397e-02 5.438891e-02 5.222774e-02 6.591546e-02 7.089788e-02 7.449529e-02 7.310662e-02 7.307249e-02 7.084406e-02 6.638091e-02 6.101818e-02 5.449907e-02 5.144354e-02 5.177820e-02 9.901577e-02 1.009209e-01 9.808267e-02 9.577785e-02 9.582399e-02 9.836297e-02 1.013085e-01 1.030661e-01 1.008583e-01 5.735922e-02 7.904030e-02 6.880850e-02 7.192244e-02 7.350402e-02 7.244929e-02 6.978501e-02
-9.999000e+03 -9.999000e+03 -9.999000e+03 -9.999000e+03 -9.999000e+03 -9.999000e+03 -9.999000e+03 -9.999000e+03 -9.999000e+03 -9.999000e+03 -9.999000e+03 -9.999000e+03 -9.999000e+03 -9.999000e+03 1.306956e-01 1.775007e-01 7.272714e-02 7.204719e-02 3.924562e-02 4.036931e-02 3.704993e-02 3.883146e-02 4.050105e-02 4.215617e-02 5.211277e-02 4.330843e-02 4.473056e-02 5.124106e-02 5.261804e-02 4.982839e-02 4.921123e-02 7.811146e-02 7.857977e-02 7.755993e-02 7.904027e-02 9.337103e-02 4.514400e-02 5.042451e-02 5.524550e-02 5.967464e-02 6.220229e-02 6.225764e-02 7.526645e-02 8.206186e-02 8.616567e-02 1.003817e-01 9.998802e-02 9.833911e-02 5.906734e-02 7.874172e-02 6.377763e-02 6.176248e-02
-9.999000e+03 -9.999000e+03 -9.999000e+03 -9.999000e+03 -9.999000e+03 -9.999000e+03 -9.999000e+03 -9.999000e+03 -9.999000e+03 -9.999000e+03 -9.999000e+03 -9.999000e+03 -9.999000e+03 -9.999000e+03 1.373922e-01 3.535737e-02 4.157902e-02 4.191963e-02 4.185239e-02 4.171855e-02 4.216647e-02 4.360086e-02 4.070409e-02 4.730829e-02 4.836659e-02 4.824531e-02 4.957647e-02 5.265700e-02 6.645335e-02 7.648256e-02 8.328881e-02 5.309250e-02 5.174794e-02 5.138064e-02 7.172261e-02 4.957412e-02 5.376267e-02 5.698207e-02 5.929701e-02 6.213449e-02 6.475734e-02 6.437308e-02 6.592721e-02 6.633147e-02 6.591233e-02 8.041138e-02 8.861371e-02 9.343068e-02 9.882468e-02 1.032850e-01 1.060613e-01 4.585118e-02
-9.999000e+03 -9.999000e+03 -9.999000e+03 -9.999000e+03 -9.999000e+03 -9.999000e+03 -9.999000e+03 -9.999000e+03 -9.999000e+03 -9.999000e+03 -9.999000e+03 -9.999000e+03 -9.999000e+03 1.680362e-01 4.059464e-02 4.081819e-02 4.222283e-02 4.345684e-02 4.361118e-02 4.325885e-02 4.308799e-02 4.366427e-02 4.481560e-02 4.640008e-02 4.773381e-02 4.835595e-02 5.003083e-02 5.329987e-02 5.542871e-02 5.621119e-02 5.588480e-02 5.488601e-02 5.485879e-02 7.902182e-02 4.303127e-02 5.261503e-02 5.780145e-02 5.870684e-02 6.014858e-02 6.223099e-02 6.473822e-02 6.700003e-02 6.911333e-02 6.876235e-02 6.977335e-02 6.943208e-02 6.913409e-02 6.825842e-02 6.487139e-02 7.247494e-02 7.251164e-02 1.079439e-01
-9.999000e+03 -9.999000e+03 -9.999000e+03 -9.999000e+03 -9.999000e+03 -9.999000e+03 -9.999000e+03 -9.999000e+03 -9.999000e+03 -9.999000e+03 -9.999000e+03 -9.999000e+03 1.286866e-01 1.943796e-01 4.059510e-02 4.131471e-02 4.533201e-02 4.355242e-02 4.420294e-02 4.430046e-02 4.411452e-02 4.386508e-02 4.414211e-02 4.499997e-02 4.629720e-02 4.768261e-02 4.989483e-02 5.315241e-02 5.516561e-02 5.592221e-02 5.635932e-02 5.656469e-02 7.458245e-02 5.611053e-02 4.362037e-02 5.694197e-02 5.767280e-02 5.852035e-02 6.024288e-02 6.270089e-02 6.455919e-02 6.633824e-02 6.743687e-02 6.825172e-02 6.745103e-02 6.640190e-02 6.718255e-02 6.795394e-02 6.684583e-02 6.262967e-02 5.958778e-02 6.660624e-02
-9.999000e+03 -9.999000e+03 -9.999000e+03 -9.999000e+03 -9.999000e+03 -9.999000e+03 -9.999000e+03 -9.999000e+03 -9.999000e+03 -9.999000e+03 -9.999000e+03 -9.999000e+03 1.635225e-01 3.879433e-02 4.056189e-02 4.893227e-02 4.218864e-02 4.379314e-02 4.473698e-02 4.516573e-02 4.503751e-02 4.437039e-02 4.417439e-02 4.451568e-02 4.552724e-02 4.698653e-02 4.901402e-02 5.178778e-02 5.312106e-02 5.387435e-02 5.459579e-02 7.309685e-02 4.417960e-02 5.254009e-02 5.531632e-02 5.506102e-02 5.472272e-02 5.545115e-02 5.809086e-02 5.883905e-02 6.104525e-02 6.321348e-02 6.439976e-02 6.069065e-02 6.107009e-02 6.202480e-02 6.301146e-02 6.272737e-02 6.215903e-02 6.579680e-02 6.081018e-02 5.748341e-02
-9.999000e+03 -9.999000e+03 -9.999000e+03 -9.999000e+03 -9.999000e+03 -9.999000e+03 -9.999000e+03 -9.999000e+03 -9.999000e+03 -9.999000e+03 -9.999000e+03 1.162677e-01 2.187001e-02 3.610241e-02 5.088750e-02 3.968821e-02 4.209814e-02 4.385282e-02 4.497345e-02 4.556074e-02 4.554814e-02 4.497541e-02 4.480161e-02 4.497523e-02 4.559008e-02 4.669709e-02 4.792580e-02 4.878649e-02 5.016001e-02 4.998428e-02 5.051532e-02 6.087018e-02 4.158267e-02 5.281243e-02 5.207525e-02 4.900223e-02 4.889637e-02 5.253564e-02 4.985310e-02 5.102940e-02 5.340027e-02 5.694847e-02 4.880675e-02 4.854551e-02 4.885127e-02 4.967662e-02 5.032998e-02 5.085096e-02 6.829716e-02 5.764247e-02 5.642074e-02 5.582093e-02
-9.999000e+03 -9.999000e+03 -9.999000e+03 -9.999000e+03 -9.999000e+03 -9.999000e+03 -9.999000e+03 -9.999000e+03 -9.999000e+03 -9.999000e+03 1.114137e-01 1.427713e-01 3.247386e-02 4.950294e-02 3.087055e-02 3.757374e-02 4.082898e-02 4.298910e-02 4.447982e-02 4.501794e-02 4.524763e-02 4.477961e-02 4.467266e-02 4.483227e-02 4.535015e-02 4.634839e-02 4.444830e-02 4.753115e-02 4.726050e-02 4.606799e-02 4.624148e-02 4.644609e-02 4.709716e-02 4.728338e-02 4.061314e-02 3.900472e-02 4.821874e-02 3.809076e-02 3.828556e-02 3.883622e-02 4.150057e-02 4.589241e-02 5.763140e-02 6.150606e-02 6.339205e-02 6.499901e-02 6.608248e-02 6.675029e-02 4.896684e-02 4.758013e-02 4.754270e-02 4.785043e-02
-9.999000e+03 -9.999000e+03 -9.999000e+03 -9.999000e+03 -9.999000e+03 -9.999000e+03 -9.999000e+03 -9.999000e+03 -9.999000e+03 -9.999000e+03 1.036483e-01 2.973539e-02 4.885702e-02 3.153934e-02 2.786754e-02 3.478738e-02 3.811639e-02 4.113117e-02 4.268990e-02 4.401770e-02 4.433091e-02 4.413766e-02 4.406869e-02 4.435615e-02 4.425046e-02 3.683994e-02 4.561636e-02 4.594421e-02 4.413444e-02 4.233323e-02 4.171971e-02 4.146106e-02 3.553059e-02 3.895915e-02 4.717130e-02 4.726101e-02 3.629441e-02 4.187135e-02 4.419494e-02 4.655571e-02 4.096708e-02 4.551034e-02 5.689196e-02 6.023209e-02 6.151973e-02 6.260003e-02 6.374366e-02 6.489457e-02 6.482398e-02 6.324837e-02 6.295521e-02 6.470728e-02
-9.999000e+03 -9.999000e+03 -9.999000e+03 -9.999000e+03 -9.999000e+03 -9.999000e+03 -9.999000e+03 -9.999000e+03 -9.999000e+03 1.044981e-01 1.883136e-02 4.535691e-02 3.011719e-02 2.688596e-02 3.023233e-02 3.302339e-02 3.595764e-02 3.742954e-02 4.148431e-02 4.232176e-02 4.318181e-02 4.346747e-02 4.380865e-02 4.211309e-02 3.613438e-02 4.254600e-02 4.478770e-02 4.161212e-02 4.015784e-02 3.762333e-02 3.682700e-02 3.327555e-02 4.141926e-02 4.745618e-02 4.997503e-02 4.915898e-02 4.792928e-02 4.685756e-02 3.806489e-02 4.066352e-02 5.461028e-02 5.502953e-02 5.985346e-02 6.008706e-02 5.965125e-02 5.970384e-02 6.079731e-02 6.284778e-02 6.394061e-02 6.375752e-02 6.328102e-02 6.296200e-02
-9.999000e+03 -9.999000e+03 -9.999000e+03 -9.999000e+03 -9.999000e+03 -9.999000e+03 -9.999000e+03 -9.999000e+03 -9.999000e+03 1.148378e-01 4.844019e-02 3.042073e-02 2.902864e-02 2.618679e-02 3.156139e-02 3.289232e-02 2.904402e-02 3.803011e-02 3.875791e-02 4.075426e-02 4.213136e-02 4.291983e-02 3.545424e-02 3.638305e-02 4.275805e-02 4.365896e-02 3.493609e-02 3.451756e-02 3.311538e-02 3.049298e-02 3.065295e-02 3.930507e-02 4.486842e-02 4.910447e-02 5.123510e-02 5.143782e-02 5.094703e-02 3.904845e-02 5.060110e-02 5.071323e-02 5.343083e-02 5.907700e-02 5.983695e-02 5.845386e-02 5.759514e-02 5.796705e-02 5.908883e-02 6.076245e-02 6.191184e-02 6.252848e-02 1.060828e-01 1.074963e-01
-9.999000e+03 -9.999000e+03 -9.999000e+03 -9.999000e+03 -9.999000e+03 -9.999000e+03 -9.999000e+03 -9.999000e+03 1.551303e-01 2.119836e-02 4.367383e-02 3.239080e-02 2.560110e-02 2.987460e-02 3.266946e-02 3.331435e-02 3.977991e-02 3.443025e-02 3.666280e-02 3.963192e-02 4.168563e-02 4.073641e-02 4.363152e-02 4.570658e-02 4.593967e-02 7.151086e-02 7.325669e-02 6.996904e-02 6.514851e-02 5.880277e-02 5.637300e-02 5.705903e-02 5.606968e-02 5.374632e-02 5.253675e-02 5.297508e-02 5.256268e-02 6.311183e-02 6.550956e-02 7.695404e-02 8.132995e-02 8.380770e-02 7.882848e-02 7.349963e-02 6.964220e-02 6.698725e-02 6.340937e-02 5.891624e-02 5.822859e-02 1.101567e-01 5.853568e-02 5.898218e-02
-9.999000e+03 -9.999000e+03 -9.999000e+03 -9.999000e+03 -9.999000e+03 -9.999000e+03 -9.999000e+03 1.104623e-01 1.489649e-01 4.304664e-02 3.338052e-02 3.331467e-02 2.627919e-02 3.188492e-02 3.328808e-02 3.368900e-02 3.378387e-02 3.363782e-02 3.556818e-02 3.920907e-02 3.415663e-02 3.487470e-02 4.177821e-02 6.607334e-02 7.036466e-02 4.536100e-02 4.394652e-02 4.414995e-02 4.307908e-02 4.069199e-02 4.144907e-02 4.552531e-02 4.900204e-02 5.152665e-02 5.282610e-02 5.292957e-02 5.237638e-02 5.128582e-02 5.198395e-02 5.457217e-02 5.583265e-02 5.543184e-02 5.497715e-02 5.468933e-02 5.521362e-02 5.659843e-02 5.667708e-02 5.526831e-02 1.169810e-01 5.518371e-02 5.672916e-02 5.802166e-02
-9.999000e+03 -9.999000e+03 -9.999000e+03 -9.999000e+03 -9.999000e+03 -9.999000e+03 -9.999000e+03 1.012621e-01 2.706056e-02 4.353541e-02 2.863828e-02 3.251979e-02 3.272170e-02 3.317457e-02 3.374088e-02 3.393281e-02 3.428796e-02 3.449074e-02 3.633852e-02 4.012067e-02 5.040460e-02 5.768073e-02 6.356975e-02 4.466634e-02 4.541652e-02 4.342810e-02 3.684773e-02 4.315203e-02 4.432125e-02 4.305746e-02 4.379608e-02 4.706504e-02 4.956922e-02 5.102840e-02 5.164786e-02 5.153583e-02 1.057876e-01 1.066953e-01 1.088563e-01 1.124064e-01 1.142783e-01 1.145290e-01 1.149411e-01 1.135849e-01 1.133411e-01 1.125469e-01 1.153983e-01 1.183669e-01 5.346292e-02 5.351507e-02 5.490841e-02 5.645020e-02
-9.999000e+03 -9.999000e+03 -9.999000e+03 -9.999000e+03 -9.999000e+03 -9.999000e+03 -9.999000e+03 7.753814e-03 3.891976e-02 3.103047e-02 2.671235e-02 3.198849e-02 3.412256e-02 3.450278e-02 3.451650e-02 3.464120e-02 3.552435e-02 3.639066e-02 3.813447e-02 4.152529e-02 4.396706e-02 4.500647e-02 4.454592e-02 4.385098e-02 3.596737e-02 3.725495e-02 4.431172e-02 4.594379e-02 4.594784e-02 4.526994e-02 4.565322e-02 4.743409e-02 4.874569e-02 1.003522e-01 1.029719e-01 1.055790e-01 5.336894e-02 5.522216e-02 5.692295e-02 5.862738e-02 5.949165e-02 5.939323e-02 5.956824e-02 7.527122e-02 8.645319e-02 9.412595e-02 5.795700e-02 5.653078e-02 5.475197e-02 5.289615e-02 5.265969e-02 5.391370e-02
