tests/data/reference/test_implicit_stream_rill_mfda/mvel_m_s.asc
ncols	123
nrows	77
xllcorner	-713746.79929998
yllcorner	-1061022.36961616
cellsize	10.0
NODATA_value	-9999
[rows 46 to 68 of 77, columns 52 to 103 of 123]
5.285598e-02 5.212424e-02 5.293819e-02 5.510391e-02 5.639828e-02 5.536682e-02 5.561174e-02 5.593275e-02 5.598166e-02 5.740491e-02 5.813448e-02 9.840229e-02 6.177170e-02 6.200723e-02 6.126993e-02 6.168928e-02 6.528244e-02 6.665446e-02 6.881919e-02 6.967985e-02 7.114015e-02 7.339700e-02 7.374882e-02 7.125703e-02 7.240066e-02 0.000000e+00 1.879173e-02 4.942871e-02 5.784406e-02 6.105277e-02 5.909837e-02 0.000000e+00 0.000000e+00 0.000000e+00 5.955966e-02 6.411679e-02 6.620434e-02 5.073334e-02 5.201663e-02 5.223844e-02 5.205207e-02 5.152159e-02 5.070216e-02 4.943744e-02 4.830778e-02 4.732391e-02 4.630411e-02 5.922745e-02 5.796078e-02 5.831409e-02 6.007998e-02 6.169121e-02
5.223771e-02 4.983670e-02 4.978363e-02 5.240395e-02 5.016112e-02 5.009465e-02 5.043375e-02 5.141171e-02 5.604582e-02 5.473718e-02 9.740948e-02 5.860626e-02 5.807769e-02 5.447438e-02 5.421393e-02 5.888940e-02 5.560236e-02 5.905273e-02 6.127567e-02 6.198692e-02 6.351917e-02 6.607190e-02 6.743503e-02 7.456479e-02 5.339978e-02 0.000000e+00 1.898803e-02 5.328601e-02 6.048338e-02 6.486915e-02 6.533436e-02 6.281577e-02 5.554595e-02 0.000000e+00 0.000000e+00 5.826225e-02 6.239309e-02 4.933867e-02 5.145070e-02 5.209912e-02 5.191461e-02 5.122996e-02 5.065723e-02 4.998904e-02 4.944634e-02 4.887811e-02 4.807180e-02 6.211562e-02 6.059376e-02 6.035995e-02 6.165277e-02 6.290127e-02
5.312788e-02 4.981804e-02 4.890843e-02 3.994578e-02 4.091168e-02 4.075616e-02 4.096491e-02 5.331834e-02 5.026503e-02 9.809078e-02 5.573317e-02 5.321744e-02 4.475523e-02 4.417789e-02 5.703569e-02 4.356009e-02 4.459864e-02 4.695237e-02 4.827417e-02 4.860597e-02 4.975004e-02 5.170065e-02 7.206192e-02 6.707770e-02 7.277464e-02 0.000000e+00 1.976014e-02 7.001325e-02 6.954807e-02 7.098493e-02 7.062544e-02 6.784261e-02 6.002474e-02 3.451260e-02 0.000000e+00 4.907338e-02 5.874089e-02 4.768170e-02 5.043670e-02 5.174367e-02 5.181072e-02 5.103716e-02 5.061372e-02 5.036921e-02 5.031239e-02 5.012848e-02 4.949875e-02 6.485201e-02 6.347547e-02 6.279564e-02 6.316156e-02 6.353348e-02
5.478304e-02 5.159318e-02 3.852610e-02 4.675798e-02 5.002856e-02 5.086120e-02 5.109351e-02 4.011582e-02 9.787453e-02 5.351648e-02 4.277232e-02 4.399609e-02 5.332197e-02 5.604750e-02 4.358773e-02 5.230225e-02 5.651395e-02 5.997468e-02 6.189320e-02 6.243629e-02 6.347162e-02 6.537580e-02 5.107069e-02 5.394979e-02 8.521498e-02 0.000000e+00 6.233818e-02 6.937628e-02 7.033597e-02 7.310910e-02 7.363798e-02 7.151270e-02 6.532669e-02 5.361539e-02 0.000000e+00 0.000000e+00 5.620719e-02 4.602354e-02 4.904087e-02 5.098600e-02 5.155640e-02 5.101983e-02 5.072822e-02 5.069494e-02 5.099457e-02 5.114512e-02 5.062720e-02 6.723860e-02 6.642366e-02 6.551531e-02 6.461079e-02 6.363105e-02
5.624280e-02 8.030954e-02 7.491277e-02 7.069176e-02 6.678092e-02 6.279459e-02 5.837672e-02 9.792963e-02 5.133694e-02 4.150694e-02 5.080819e-02 5.501700e-02 5.674357e-02 5.692279e-02 5.711181e-02 5.763606e-02 5.895108e-02 6.115729e-02 6.253011e-02 6.284071e-02 6.298627e-02 6.311598e-02 6.524347e-02 6.955505e-02 7.157249e-02 0.000000e+00 5.968041e-02 5.412679e-02 6.644645e-02 7.305472e-02 7.555502e-02 7.505163e-02 7.022162e-02 7.808679e-02 4.991528e-02 0.000000e+00 5.040386e-02 4.491127e-02 4.789117e-02 5.010939e-02 5.103873e-02 5.087936e-02 5.080684e-02 5.082787e-02 6.261407e-02 6.325076e-02 5.158317e-02 6.930014e-02 6.869235e-02 6.771147e-02 6.627887e-02 6.456630e-02
8.817753e-02 5.718214e-02 6.955779e-02 6.862750e-02 7.745065e-02 9.143072e-02 9.612037e-02 5.116790e-02 5.189897e-02 5.402043e-02 5.534606e-02 5.566156e-02 5.596314e-02 5.620675e-02 5.678778e-02 5.780469e-02 7.328594e-02 7.062580e-02 6.734668e-02 6.575757e-02 6.456416e-02 6.212249e-02 6.219374e-02 6.541735e-02 6.795168e-02 0.000000e+00 5.346708e-02 6.754091e-02 7.468276e-02 7.766088e-02 7.910819e-02 7.824209e-02 7.376545e-02 6.508727e-02 6.865263e-02 0.000000e+00 0.000000e+00 4.257740e-02 4.724028e-02 4.941222e-02 5.046895e-02 5.062155e-02 5.084227e-02 5.086345e-02 6.713548e-02 6.819339e-02 5.229260e-02 7.119328e-02 7.028988e-02 6.926759e-02 6.823031e-02 6.662156e-02
5.936898e-02 5.907441e-02 4.339709e-02 5.450354e-02 6.058461e-02 5.289215e-02 5.282967e-02 5.235261e-02 5.341260e-02 5.597247e-02 5.694412e-02 5.582035e-02 5.512442e-02 5.517641e-02 5.572014e-02 5.672467e-02 4.525308e-02 5.744343e-02 6.359125e-02 6.665894e-02 6.598643e-02 6.134379e-02 5.971158e-02 6.235774e-02 4.954039e-02 0.000000e+00 6.153540e-02 7.430160e-02 7.957275e-02 8.237083e-02 8.215368e-02 8.013762e-02 7.599781e-02 6.966772e-02 5.909145e-02 6.206286e-02 0.000000e+00 5.156727e-02 4.724235e-02 4.878691e-02 4.957238e-02 4.975873e-02 5.030599e-02 6.202570e-02 6.904398e-02 7.026040e-02 6.455283e-02 7.267909e-02 7.188607e-02 7.079304e-02 6.988208e-02 6.874901e-02
5.979795e-02 6.040999e-02 5.875099e-02 6.620547e-02 5.297333e-02 5.317071e-02 5.351052e-02 5.358449e-02 5.515276e-02 7.168017e-02 6.739356e-02 6.147907e-02 5.634537e-02 5.489967e-02 5.469782e-02 5.547617e-02 5.789360e-02 6.183022e-02 6.526458e-02 6.798746e-02 6.691800e-02 6.105267e-02 7.504926e-02 7.946614e-02 7.790969e-02 0.000000e+00 6.339245e-02 7.583844e-02 8.108931e-02 8.434657e-02 8.469631e-02 8.104259e-02 7.760053e-02 7.424005e-02 6.603527e-02 7.912617e-02 0.000000e+00 0.000000e+00 4.712308e-02 4.845939e-02 4.841556e-02 4.823541e-02 5.992330e-02 6.603191e-02 6.996769e-02 7.140460e-02 6.985820e-02 7.362476e-02 7.347574e-02 7.242643e-02 7.118342e-02 7.068278e-02
6.054432e-02 6.170583e-02 7.562010e-02 5.595335e-02 5.349487e-02 5.375629e-02 5.432467e-02 5.463815e-02 5.633896e-02 5.975246e-02 6.106439e-02 5.999793e-02 5.804930e-02 5.563671e-02 5.477005e-02 5.564848e-02 5.784695e-02 6.124633e-02 6.443526e-02 6.723606e-02 6.616169e-02 5.989450e-02 4.370716e-02 4.759058e-02 6.125259e-02 0.000000e+00 6.366505e-02 7.672425e-02 8.227307e-02 8.386393e-02 8.422748e-02 8.443313e-02 7.904222e-02 7.802395e-02 9.004860e-02 9.426981e-02 4.608448e-02 0.000000e+00 4.894672e-02 4.834201e-02 4.878345e-02 4.851387e-02 6.451287e-02 6.831830e-02 7.103080e-02 7.238965e-02 7.221720e-02 7.398979e-02 7.429505e-02 7.369109e-02 7.254842e-02 7.217704e-02
6.177453e-02 6.275796e-02 6.139337e-02 5.705980e-02 5.462286e-02 5.500831e-02 5.552582e-02 5.596050e-02 5.735039e-02 4.553605e-02 7.806405e-02 8.920425e-02 8.309662e-02 9.880755e-02 1.038310e-01 1.024392e-01 1.012481e-01 1.004107e-01 9.922908e-02 9.766048e-02 9.229358e-02 8.261713e-02 7.889387e-02 8.081317e-02 0.000000e+00 0.000000e+00 5.647699e-02 7.140533e-02 7.913532e-02 8.332446e-02 8.432772e-02 8.278773e-02 8.164386e-02 8.070545e-02 7.636705e-02 8.430948e-02 9.354801e-02 0.000000e+00 5.082608e-02 4.999563e-02 5.049621e-02 6.158908e-02 6.884071e-02 7.110514e-02 7.275776e-02 7.353395e-02 7.332734e-02 7.385348e-02 7.426465e-02 7.441509e-02 7.397664e-02 7.329906e-02
6.328101e-02 6.341762e-02 6.180014e-02 5.795960e-02 5.659585e-02 5.657587e-02 5.702650e-02 5.794269e-02 5.892765e-02 7.459375e-02 6.172855e-02 6.305291e-02 7.784748e-02 5.981408e-02 5.881791e-02 7.510672e-02 7.157696e-02 6.834870e-02 6.561722e-02 6.707053e-02 6.655835e-02 6.300045e-02 6.301449e-02 6.754694e-02 0.000000e+00 2.059325e-02 6.153148e-02 7.317110e-02 7.891937e-02 8.122852e-02 8.204930e-02 8.231909e-02 8.244077e-02 8.258058e-02 7.796290e-02 9.004899e-02 9.533055e-02 0.000000e+00 0.000000e+00 5.335091e-02 6.395643e-02 6.946399e-02 7.240621e-02 7.340477e-02 7.410318e-02 7.442879e-02 7.410949e-02 7.383450e-02 7.377871e-02 7.398203e-02 7.389226e-02 7.296669e-02
6.489584e-02 6.291917e-02 6.005597e-02 6.016593e-02 5.875076e-02 5.804311e-02 5.849726e-02 5.968837e-02 6.050403e-02 6.077584e-02 6.174485e-02 6.340904e-02 6.351132e-02 6.147598e-02 6.081868e-02 6.227870e-02 7.943267e-02 9.294948e-02 1.004824e-01 9.875391e-02 9.876141e-02 9.422009e-02 9.054034e-02 8.906028e-02 0.000000e+00 2.077308e-02 6.143625e-02 7.202885e-02 7.662750e-02 7.793644e-02 7.938437e-02 8.180600e-02 8.318286e-02 8.345750e-02 8.060946e-02 7.548019e-02 9.433952e-02 9.469635e-02 0.000000e+00 7.099681e-02 7.508521e-02 7.537252e-02 7.554580e-02 7.523847e-02 7.490826e-02 7.493353e-02 7.482455e-02 7.409965e-02 7.300463e-02 7.234188e-02 7.200804e-02 7.093393e-02
6.364531e-02 5.627889e-02 6.000597e-02 6.021134e-02 5.898951e-02 5.880826e-02 5.889938e-02 6.012388e-02 6.095302e-02 6.107819e-02 6.171892e-02 6.324793e-02 6.362333e-02 6.253759e-02 6.229488e-02 6.350545e-02 6.501446e-02 6.660179e-02 6.817881e-02 8.702889e-02 8.250712e-02 7.792454e-02 7.405621e-02 7.335665e-02 0.000000e+00 2.087108e-02 6.109001e-02 7.074115e-02 7.473038e-02 7.593378e-02 8.959757e-02 8.610390e-02 8.459159e-02 8.459432e-02 8.491267e-02 8.514744e-02 8.928838e-02 9.704077e-02 0.000000e+00 0.000000e+00 7.924172e-02 7.735090e-02 7.720314e-02 7.609262e-02 7.519787e-02 7.489010e-02 7.473939e-02 7.394443e-02 7.242620e-02 7.128298e-02 7.090587e-02 6.980409e-02
4.869843e-02 5.804443e-02 5.751971e-02 5.683719e-02 5.882121e-02 5.813463e-02 5.827374e-02 5.918294e-02 6.012741e-02 6.074504e-02 6.178777e-02 6.245735e-02 6.305959e-02 6.312985e-02 6.320946e-02 6.403992e-02 6.540769e-02 6.712042e-02 6.896543e-02 7.079427e-02 9.009447e-02 9.343863e-02 9.299379e-02 9.127602e-02 0.000000e+00 5.767237e-02 7.085535e-02 8.983871e-02 9.076441e-02 9.109686e-02 7.700031e-02 8.598387e-02 8.407496e-02 8.104450e-02 8.235020e-02 8.122342e-02 8.461411e-02 9.107700e-02 9.892784e-02 0.000000e+00 0.000000e+00 7.729359e-02 7.592882e-02 7.582060e-02 7.489985e-02 7.432603e-02 7.380393e-02 7.314451e-02 7.195795e-02 7.105403e-02 7.104672e-02 7.019764e-02
5.797040e-02 5.711831e-02 4.980470e-02 5.631471e-02 5.640472e-02 5.666688e-02 5.669243e-02 5.691289e-02 5.785778e-02 6.080626e-02 6.116716e-02 6.144708e-02 6.264361e-02 6.346610e-02 6.409487e-02 6.481544e-02 6.590115e-02 6.749907e-02 6.935490e-02 7.120608e-02 5.269673e-02 5.275335e-02 7.316712e-02 5.555159e-02 0.000000e+00 5.777806e-02 7.092118e-02 7.917323e-02 7.801390e-02 7.328212e-02 6.873944e-02 7.097219e-02 7.285736e-02 7.409122e-02 7.592236e-02 7.844577e-02 7.791395e-02 7.984328e-02 6.933377e-02 1.025200e-01 0.000000e+00 0.000000e+00 7.200736e-02 7.353056e-02 7.363107e-02 7.359195e-02 7.316520e-02 7.279468e-02 7.196084e-02 7.081684e-02 7.018377e-02 6.937116e-02
6.095982e-02 4.126621e-02 5.157680e-02 4.995991e-02 5.203582e-02 5.283051e-02 5.282326e-02 5.229445e-02 5.756853e-02 5.826875e-02 5.952573e-02 6.115357e-02 6.153631e-02 6.305116e-02 6.474041e-02 6.547132e-02 6.663823e-02 6.817236e-02 6.926898e-02 5.238554e-02 6.449789e-02 6.879157e-02 5.291144e-02 6.766380e-02 0.000000e+00 6.642253e-02 7.739981e-02 7.807739e-02 6.691644e-02 5.450661e-02 5.507636e-02 5.614885e-02 5.738053e-02 5.857048e-02 6.017705e-02 6.226769e-02 7.975107e-02 8.110753e-02 8.593093e-02 9.062422e-02 1.068059e-01 0.000000e+00 6.133020e-02 6.537211e-02 7.104586e-02 7.257771e-02 7.288709e-02 7.298190e-02 7.259160e-02 7.072139e-02 6.852600e-02 4.994825e-02
5.900157e-02 5.326499e-02 3.864008e-02 4.062639e-02 4.218312e-02 4.317062e-02 4.310272e-02 5.453940e-02 5.087620e-02 5.310105e-02 5.874980e-02 5.784311e-02 5.870850e-02 6.181043e-02 6.320386e-02 6.461709e-02 6.626816e-02 6.683175e-02 5.202753e-02 6.465078e-02 6.974578e-02 7.058857e-02 7.204428e-02 7.534998e-02 0.000000e+00 6.585044e-02 7.639864e-02 5.454992e-02 5.400244e-02 6.660165e-02 7.235513e-02 7.527357e-02 7.767172e-02 8.030696e-02 8.326971e-02 8.248457e-02 6.212346e-02 6.270377e-02 7.577213e-02 7.301492e-02 5.940186e-02 0.000000e+00 0.000000e+00 5.958772e-02 6.818800e-02 7.099285e-02 7.175627e-02 7.173784e-02 7.148230e-02 6.917290e-02 4.905910e-02 7.097712e-02
5.627304e-02 5.235497e-02 4.995007e-02 5.057309e-02 5.191278e-02 5.353179e-02 5.381900e-02 4.052351e-02 4.074629e-02 5.406193e-02 5.153550e-02 5.193467e-02 5.692624e-02 5.762158e-02 5.987947e-02 6.214339e-02 6.059476e-02 5.148872e-02 6.425020e-02 7.007548e-02 7.215863e-02 7.179092e-02 7.225376e-02 7.441318e-02 0.000000e+00 6.487770e-02 7.559123e-02 7.763794e-02 7.708619e-02 7.630152e-02 7.570996e-02 7.526445e-02 7.587729e-02 7.767208e-02 8.026652e-02 8.347011e-02 8.286266e-02 8.134438e-02 8.206603e-02 8.606816e-02 8.996942e-02 9.962544e-02 0.000000e+00 0.000000e+00 6.256618e-02 6.890448e-02 5.046974e-02 6.883202e-02 6.834132e-02 4.875558e-02 6.818130e-02 7.253210e-02
5.252199e-02 5.115017e-02 5.029253e-02 5.032684e-02 5.081004e-02 5.165306e-02 5.159965e-02 5.031059e-02 5.008463e-02 4.035086e-02 4.109981e-02 5.256870e-02 5.006007e-02 5.167415e-02 5.420309e-02 4.783705e-02 4.982268e-02 6.296457e-02 6.933195e-02 7.211650e-02 7.300963e-02 7.258982e-02 7.261192e-02 7.356688e-02 0.000000e+00 6.435860e-02 7.578061e-02 7.917283e-02 7.926055e-02 7.799835e-02 7.666792e-02 7.532394e-02 7.480323e-02 7.529452e-02 7.715119e-02 8.031507e-02 8.315067e-02 8.357440e-02 6.053349e-02 6.008218e-02 7.104017e-02 6.592707e-02 9.709833e-02 0.000000e+00 5.892744e-02 6.300103e-02 4.972989e-02 4.882919e-02 4.840947e-02 4.961975e-02 7.067461e-02 7.166830e-02
4.782270e-02 4.929768e-02 5.033355e-02 5.087193e-02 5.104104e-02 5.078622e-02 5.019268e-02 4.931286e-02 4.877022e-02 4.873502e-02 4.916936e-02 3.934233e-02 4.029189e-02 4.150258e-02 4.378914e-02 5.636337e-02 6.371665e-02 6.864302e-02 7.139711e-02 7.238843e-02 7.253865e-02 7.208077e-02 9.085244e-02 9.373876e-02 0.000000e+00 6.601389e-02 7.752217e-02 8.160457e-02 8.198925e-02 8.033575e-02 7.838793e-02 7.626385e-02 7.472182e-02 7.391145e-02 7.455251e-02 7.685724e-02 7.955993e-02 8.224077e-02 8.427041e-02 8.308168e-02 8.450870e-02 8.237109e-02 7.197779e-02 0.000000e+00 0.000000e+00 5.830221e-02 4.926174e-02 4.920511e-02 4.895606e-02 7.108593e-02 7.325536e-02 7.234486e-02
3.662209e-02 4.544253e-02 4.974662e-02 5.187138e-02 5.233600e-02 5.115959e-02 5.012124e-02 4.978356e-02 4.886636e-02 4.687022e-02 4.604592e-02 4.709185e-02 4.915979e-02 5.188144e-02 5.564896e-02 6.034504e-02 6.469229e-02 6.860178e-02 7.080758e-02 7.122129e-02 7.081369e-02 6.982326e-02 5.147287e-02 0.000000e+00 0.000000e+00 6.143869e-02 7.475863e-02 8.111548e-02 8.309459e-02 8.226164e-02 8.042522e-02 7.784696e-02 7.552454e-02 7.364124e-02 7.277229e-02 7.320199e-02 7.539486e-02 7.901116e-02 8.221979e-02 8.391003e-02 8.363101e-02 8.512603e-02 7.955322e-02 7.021750e-02 0.000000e+00 0.000000e+00 5.532133e-02 5.018603e-02 5.138672e-02 5.301544e-02 5.437591e-02 6.760401e-02
-9.999000e+03 -9.999000e+03 -9.999000e+03 -9.999000e+03 -9.999000e+03 -9.999000e+03 -9.999000e+03 3.996670e-02 3.910667e-02 3.668693e-02 3.560816e-02 3.657135e-02 4.549997e-02 5.160696e-02 5.628348e-02 6.013802e-02 6.383321e-02 6.761249e-02 6.957219e-02 6.951675e-02 6.871179e-02 6.730033e-02 6.832567e-02 0.000000e+00 2.052245e-02 5.893993e-02 7.038793e-02 7.840819e-02 8.250171e-02 8.347751e-02 8.248015e-02 7.981894e-02 7.687917e-02 7.390329e-02 7.158509e-02 7.023888e-02 7.153309e-02 7.549461e-02 7.945780e-02 8.292160e-02 8.372507e-02 8.339753e-02 8.564735e-02 7.876294e-02 6.638944e-02 0.000000e+00 0.000000e+00 5.014467e-02 5.405826e-02 5.512531e-02 5.565080e-02 5.554741e-02
-9.999000e+03 -9.999000e+03 -9.999000e+03 -9.999000e+03 -9.999000e+03 -9.999000e+03 -9.999000e+03 -9.999000e+03 -9.999000e+03 -9.999000e+03 4.296142e-02 4.349188e-02 3.927574e-02 4.287149e-02 5.404398e-02 5.889269e-02 6.241061e-02 6.622218e-02 6.798246e-02 6.746151e-02 6.657225e-02 6.554252e-02 6.712056e-02 0.000000e+00 2.046371e-02 5.827886e-02 6.943346e-02 7.772942e-02 8.256248e-02 8.402005e-02 8.467948e-02 8.197133e-02 7.859357e-02 7.467134e-02 7.142249e-02 6.924117e-02 6.942037e-02 7.209677e-02 7.589691e-02 8.041100e-02 8.379689e-02 8.332350e-02 8.429455e-02 8.481810e-02 7.345577e-02 6.101785e-02 0.000000e+00 0.000000e+00 5.534402e-02 5.674517e-02 -9.999000e+03 -9.999000e+03
