tests/data/reference/test_implicit_stream_rill_mfda/mvel_m_s.asc
ncols	123
nrows	77
xllcorner	-713746.79929998
yllcorner	-1061022.36961616
cellsize	10.0
NODATA_value	-9999
[rows 23 to 45 of 77, columns 0 to 51 of 123]
-9.999000e+03 -9.999000e+03 -9.999000e+03 -9.999000e+03 -9.999000e+03 -9.999000e+03 -9.999000e+03 -9.999000e+03 -9.999000e+03 -9.999000e+03 -9.999000e+03 -9.999000e+03 -9.999000e+03 -9.999000e+03 1.848064e-02 2.316834e-02 2.311759e-02 2.325575e-02 2.089955e-02 8.623168e-03 1.023033e-02 1.782545e-01 1.406181e-02 6.094779e-02 6.552963e-02 4.371911e-02 5.374472e-02 4.892255e-02 5.504160e-02 5.726005e-02 4.469350e-02 5.507520e-02 5.940409e-02 6.145105e-02 9.732558e-02 6.122129e-02 6.269871e-02 4.765106e-02 8.238180e-02 6.555664e-02 6.580981e-02 6.648297e-02 6.757706e-02 6.823539e-02 6.825692e-02 6.799043e-02 6.779125e-02 6.813511e-02 6.895431e-02 6.886696e-02 6.743480e-02 5.161643e-02
-9.999000e+03 -9.999000e+03 -9.999000e+03 -9.999000e+03 -9.999000e+03 -9.999000e+03 -9.999000e+03 -9.999000e+03 -9.999000e+03 -9.999000e+03 -9.999000e+03 -9.999000e+03 -9.999000e+03 -9.999000e+03 1.107226e-02 1.879431e-02 2.628770e-02 2.990718e-02 2.017741e-02 2.787969e-02 1.673973e-01 2.228464e-01 3.701436e-02 3.706458e-02 5.680424e-02 7.509205e-02 5.296816e-02 5.144558e-02 5.263674e-02 4.203471e-02 5.870562e-02 5.486036e-02 5.894542e-02 6.003216e-02 1.027471e-01 6.064899e-02 6.221008e-02 4.812994e-02 8.410476e-02 6.547915e-02 6.551461e-02 6.599139e-02 6.679713e-02 6.740540e-02 6.767981e-02 6.778926e-02 6.794960e-02 6.855158e-02 6.949832e-02 7.008330e-02 5.179855e-02 7.120141e-02
-9.999000e+03 -9.999000e+03 -9.999000e+03 -9.999000e+03 -9.999000e+03 -9.999000e+03 -9.999000e+03 -9.999000e+03 -9.999000e+03 -9.999000e+03 -9.999000e+03 -9.999000e+03 -9.999000e+03 -9.999000e+03 1.339302e-02 1.845297e-02 2.318462e-02 2.309807e-02 2.253471e-02 1.285159e-02 1.914812e-01 5.567889e-02 6.753539e-02 4.332469e-02 4.611485e-02 5.783873e-02 8.637750e-02 5.385464e-02 5.436854e-02 4.284007e-02 5.100393e-02 5.598777e-02 5.460320e-02 5.835660e-02 5.838848e-02 1.079399e-01 4.651250e-02 6.399061e-02 5.850688e-02 9.503220e-02 6.532078e-02 6.594661e-02 6.657973e-02 6.707813e-02 6.749427e-02 6.793075e-02 6.850789e-02 6.945375e-02 7.065445e-02 7.181459e-02 6.503247e-02 5.371386e-02
-9.999000e+03 -9.999000e+03 -9.999000e+03 -9.999000e+03 -9.999000e+03 -9.999000e+03 -9.999000e+03 -9.999000e+03 -9.999000e+03 -9.999000e+03 -9.999000e+03 -9.999000e+03 2.684800e-02 2.087730e-02 2.547968e-02 2.576477e-02 2.357469e-02 1.139352e-02 1.026855e-02 1.746854e-01 2.288723e-02 5.973204e-02 4.824800e-02 6.074500e-02 4.580520e-02 4.803599e-02 9.258695e-02 5.161653e-02 5.257769e-02 4.949980e-02 4.201717e-02 5.323266e-02 5.411311e-02 5.219932e-02 5.257914e-02 5.882145e-02 1.062029e-01 5.757653e-02 6.419463e-02 6.236584e-02 1.026582e-01 6.564090e-02 6.604524e-02 6.656591e-02 6.737016e-02 6.843919e-02 6.968003e-02 7.095328e-02 7.218451e-02 7.355988e-02 7.169373e-02 5.451199e-02
-9.999000e+03 -9.999000e+03 -9.999000e+03 -9.999000e+03 -9.999000e+03 -9.999000e+03 -9.999000e+03 -9.999000e+03 -9.999000e+03 -9.999000e+03 -9.999000e+03 -9.999000e+03 -9.999000e+03 2.605010e-02 2.371703e-02 2.409548e-02 1.464602e-02 8.545898e-03 1.581801e-01 2.063235e-02 3.834828e-02 3.858526e-02 5.824425e-02 6.503793e-02 7.631397e-02 7.837439e-02 7.984088e-02 8.165252e-02 4.661710e-02 4.967644e-02 5.062781e-02 4.847104e-02 5.103130e-02 4.977013e-02 5.060049e-02 5.478563e-02 5.838176e-02 9.455838e-02 6.190268e-02 6.471618e-02 1.028565e-01 6.492085e-02 6.507048e-02 6.581390e-02 6.732771e-02 6.940003e-02 7.152756e-02 7.302507e-02 7.398872e-02 7.523109e-02 7.522496e-02 6.786348e-02
-9.999000e+03 -9.999000e+03 -9.999000e+03 -9.999000e+03 -9.999000e+03 -9.999000e+03 -9.999000e+03 -9.999000e+03 -9.999000e+03 -9.999000e+03 -9.999000e+03 -9.999000e+03 -9.999000e+03 -9.999000e+03 -9.999000e+03 1.875225e-02 4.188633e-03 1.342076e-01 1.861629e-01 5.817539e-02 5.002533e-02 4.462189e-02 4.097812e-02 3.850275e-02 3.978494e-02 4.162795e-02 4.175017e-02 7.930691e-02 1.057383e-01 4.501783e-02 4.742456e-02 4.766413e-02 4.629776e-02 4.672790e-02 4.869228e-02 5.355711e-02 5.652128e-02 5.717968e-02 9.372773e-02 5.936003e-02 1.040242e-01 6.468222e-02 6.547677e-02 6.676258e-02 6.867732e-02 7.109283e-02 7.333749e-02 7.461556e-02 7.529125e-02 7.642591e-02 7.695286e-02 7.367793e-02
-9.999000e+03 -9.999000e+03 -9.999000e+03 -9.999000e+03 -9.999000e+03 -9.999000e+03 -9.999000e+03 -9.999000e+03 -9.999000e+03 -9.999000e+03 -9.999000e+03 -9.999000e+03 -9.999000e+03 -9.999000e+03 -9.999000e+03 -9.999000e+03 7.956042e-03 1.393599e-01 4.695314e-02 4.194911e-02 3.811607e-02 3.582214e-02 3.603094e-02 3.786530e-02 4.023065e-02 4.296069e-02 4.343265e-02 4.122002e-02 4.052791e-02 1.057778e-01 1.055271e-01 1.063288e-01 4.334899e-02 4.375488e-02 4.603955e-02 5.033397e-02 6.384251e-02 7.314763e-02 5.410914e-02 8.974601e-02 6.007989e-02 9.332585e-02 6.765911e-02 6.957890e-02 7.143592e-02 7.338970e-02 7.491422e-02 7.557842e-02 7.601352e-02 7.707032e-02 7.749532e-02 7.550839e-02
-9.999000e+03 -9.999000e+03 -9.999000e+03 -9.999000e+03 -9.999000e+03 -9.999000e+03 -9.999000e+03 -9.999000e+03 -9.999000e+03 -9.999000e+03 -9.999000e+03 -9.999000e+03 -9.999000e+03 -9.999000e+03 -9.999000e+03 -9.999000e+03 1.396750e-01 1.622818e-02 3.210929e-02 3.432630e-02 3.512948e-02 6.800245e-02 6.692105e-02 6.748578e-02 6.763014e-02 6.749441e-02 6.540247e-02 6.135688e-02 5.905444e-02 5.844614e-02 5.573526e-02 5.142514e-02 1.067850e-01 1.054076e-01 1.063686e-01 1.040584e-01 1.020599e-01 1.007518e-01 9.911000e-02 9.709415e-02 9.660487e-02 9.692206e-02 9.589426e-02 6.187845e-02 6.506039e-02 7.061418e-02 7.254525e-02 7.374242e-02 7.493178e-02 7.620453e-02 7.612537e-02 7.410308e-02
-9.999000e+03 -9.999000e+03 -9.999000e+03 -9.999000e+03 -9.999000e+03 -9.999000e+03 -9.999000e+03 -9.999000e+03 -9.999000e+03 -9.999000e+03 -9.999000e+03 -9.999000e+03 -9.999000e+03 -9.999000e+03 -9.999000e+03 1.398091e-01 2.093451e-02 3.762884e-02 7.079206e-02 6.565160e-02 6.898518e-02 3.699604e-02 4.588183e-02 5.426178e-02 5.207451e-02 6.575917e-02 7.071500e-02 7.429552e-02 7.282634e-02 7.268745e-02 7.038154e-02 6.589520e-02 6.053513e-02 5.402906e-02 5.100221e-02 5.126838e-02 9.822717e-02 1.009209e-01 9.808267e-02 9.577785e-02 9.582399e-02 9.836297e-02 1.013085e-01 1.030661e-01 1.008583e-01 5.739440e-02 7.877732e-02 6.883613e-02 7.194601e-02 7.352702e-02 7.247533e-02 6.980207e-02
-9.999000e+03 -9.999000e+03 -9.999000e+03 -9.999000e+03 -9.999000e+03 -9.999000e+03 -9.999000e+03 -9.999000e+03 -9.999000e+03 -9.999000e+03 -9.999000e+03 -9.999000e+03 -9.999000e+03 -9.999000e+03 1.305777e-01 1.772721e-01 7.248020e-02 7.163423e-02 3.926073e-02 4.038454e-02 3.707097e-02 3.885053e-02 4.051823e-02 4.216798e-02 5.202915e-02 4.332508e-02 4.474678e-02 5.124573e-02 5.262317e-02 4.984371e-02 4.922680e-02 7.764384e-02 7.807023e-02 7.701673e-02 7.847012e-02 9.262963e-02 4.511942e-02 5.042242e-02 5.526565e-02 5.968866e-02 6.221274e-02 6.226996e-02 7.505630e-02 8.162038e-02 8.556159e-02 1.003817e-01 9.998802e-02 9.833911e-02 5.911570e-02 7.849575e-02 6.382147e-02 6.180517e-02
-9.999000e+03 -9.999000e+03 -9.999000e+03 -9.999000e+03 -9.999000e+03 -9.999000e+03 -9.999000e+03 -9.999000e+03 -9.999000e+03 -9.999000e+03 -9.999000e+03 -9.999000e+03 -9.999000e+03 -9.999000e+03 1.372772e-01 3.491583e-02 4.158574e-02 4.192829e-02 4.186408e-02 4.173159e-02 4.218062e-02 4.361345e-02 4.072241e-02 4.731468e-02 4.837102e-02 4.825067e-02 4.958092e-02 5.265769e-02 6.633108e-02 7.617295e-02 8.285470e-02 5.310672e-02 5.176624e-02 5.140024e-02 7.118436e-02 4.948083e-02 5.370687e-02 5.699273e-02 5.930348e-02 6.213354e-02 6.475190e-02 6.437862e-02 6.592850e-02 6.633414e-02 6.591492e-02 8.014659e-02 8.805881e-02 9.267240e-02 9.882468e-02 1.032850e-01 1.060613e-01 4.582717e-02
-9.999000e+03 -9.999000e+03 -9.999000e+03 -9.999000e+03 -9.999000e+03 -9.999000e+03 -9.999000e+03 -9.999000e+03 -9.999000e+03 -9.999000e+03 -9.999000e+03 -9.999000e+03 -9.999000e+03 1.678086e-01 4.014448e-02 4.082514e-02 4.222708e-02 4.346477e-02 4.361638e-02 4.326910e-02 4.310103e-02 4.367778e-02 4.482762e-02 4.640879e-02 4.773967e-02 4.836094e-02 5.003390e-02 5.329854e-02 5.542569e-02 5.621032e-02 5.588568e-02 5.489175e-02 5.486489e-02 7.861447e-02 4.292499e-02 5.251043e-02 5.780474e-02 5.870708e-02 6.013789e-02 6.221468e-02 6.472765e-02 6.697300e-02 6.908269e-02 6.874319e-02 6.975660e-02 6.938620e-02 6.908630e-02 6.821239e-02 6.483338e-02 7.211484e-02 7.190952e-02 1.079439e-01
-9.999000e+03 -9.999000e+03 -9.999000e+03 -9.999000e+03 -9.999000e+03 -9.999000e+03 -9.999000e+03 -9.999000e+03 -9.999000e+03 -9.999000e+03 -9.999000e+03 -9.999000e+03 1.285680e-01 1.940460e-01 4.061149e-02 4.131372e-02 4.504082e-02 4.354662e-02 4.420535e-02 4.430770e-02 4.412509e-02 4.387813e-02 4.415527e-02 4.501136e-02 4.630598e-02 4.768909e-02 4.989800e-02 5.315088e-02 5.516181e-02 5.591249e-02 5.635640e-02 5.656066e-02 7.433919e-02 5.604670e-02 4.351200e-02 5.693813e-02 5.766374e-02 5.849059e-02 6.020724e-02 6.268733e-02 6.451012e-02 6.628359e-02 6.737924e-02 6.819502e-02 6.734634e-02 6.631274e-02 6.709010e-02 6.785827e-02 6.675183e-02 6.254875e-02 5.961505e-02 6.635121e-02
-9.999000e+03 -9.999000e+03 -9.999000e+03 -9.999000e+03 -9.999000e+03 -9.999000e+03 -9.999000e+03 -9.999000e+03 -9.999000e+03 -9.999000e+03 -9.999000e+03 -9.999000e+03 1.632921e-01 3.882737e-02 4.055599e-02 4.863452e-02 4.216233e-02 4.378344e-02 4.473602e-02 4.516856e-02 4.504444e-02 4.438036e-02 4.418632e-02 4.452693e-02 4.553669e-02 4.699359e-02 4.901819e-02 5.178732e-02 5.310059e-02 5.387195e-02 5.459255e-02 7.284033e-02 4.406925e-02 5.243729e-02 5.530467e-02 5.503626e-02 5.466507e-02 5.539047e-02 5.808300e-02 5.876708e-02 6.096587e-02 6.312571e-02 6.430622e-02 6.055203e-02 6.093036e-02 6.188128e-02 6.286346e-02 6.259499e-02 6.202800e-02 6.581666e-02 6.073851e-02 5.742175e-02
-9.999000e+03 -9.999000e+03 -9.999000e+03 -9.999000e+03 -9.999000e+03 -9.999000e+03 -9.999000e+03 -9.999000e+03 -9.999000e+03 -9.999000e+03 -9.999000e+03 1.161457e-01 2.169006e-02 3.610304e-02 5.060657e-02 3.963313e-02 4.206976e-02 4.384382e-02 4.496820e-02 4.555952e-02 4.554864e-02 4.498250e-02 4.480998e-02 4.498398e-02 4.559813e-02 4.670387e-02 4.792709e-02 4.874576e-02 5.015866e-02 4.998768e-02 5.051093e-02 6.079467e-02 4.148155e-02 5.279601e-02 5.202300e-02 4.891255e-02 4.880802e-02 5.253501e-02 4.976195e-02 5.093407e-02 5.329638e-02 5.683020e-02 4.868021e-02 4.841987e-02 4.872458e-02 4.954708e-02 5.019822e-02 5.071743e-02 6.830708e-02 5.752826e-02 5.631180e-02 5.571400e-02
-9.999000e+03 -9.999000e+03 -9.999000e+03 -9.999000e+03 -9.999000e+03 -9.999000e+03 -9.999000e+03 -9.999000e+03 -9.999000e+03 -9.999000e+03 1.112911e-01 1.425490e-01 3.249046e-02 4.929103e-02 3.080720e-02 3.752519e-02 4.081632e-02 4.298047e-02 4.447301e-02 4.500597e-02 4.524990e-02 4.478308e-02 4.467873e-02 4.483966e-02 4.535787e-02 4.634105e-02 4.437622e-02 4.752187e-02 4.726672e-02 4.606053e-02 4.623208e-02 4.643305e-02 4.708058e-02 4.720228e-02 4.051547e-02 3.891279e-02 4.821322e-02 3.800209e-02 3.819620e-02 3.874489e-02 4.139974e-02 4.577602e-02 5.750679e-02 6.142287e-02 6.335458e-02 6.498999e-02 6.608628e-02 6.675936e-02 4.883975e-02 4.745784e-02 4.742054e-02 4.773933e-02
-9.999000e+03 -9.999000e+03 -9.999000e+03 -9.999000e+03 -9.999000e+03 -9.999000e+03 -9.999000e+03 -9.999000e+03 -9.999000e+03 -9.999000e+03 1.035258e-01 2.964354e-02 4.860483e-02 3.150818e-02 2.781427e-02 3.477368e-02 3.811283e-02 4.112606e-02 4.266094e-02 4.402209e-02 4.432867e-02 4.413928e-02 4.407390e-02 4.436347e-02 4.422172e-02 3.675572e-02 4.558436e-02 4.594921e-02 4.410574e-02 4.230910e-02 4.169623e-02 4.143632e-02 3.545101e-02 3.886738e-02 4.708894e-02 4.722472e-02 3.621212e-02 4.180807e-02 4.416693e-02 4.654811e-02 4.086815e-02 4.539530e-02 5.677036e-02 6.015351e-02 6.148741e-02 6.259559e-02 6.375021e-02 6.490377e-02 6.483544e-02 6.326525e-02 6.297535e-02 6.472395e-02
-9.999000e+03 -9.999000e+03 -9.999000e+03 -9.999000e+03 -9.999000e+03 -9.999000e+03 -9.999000e+03 -9.999000e+03 -9.999000e+03 1.043755e-01 1.869139e-02 4.512733e-02 3.011244e-02 2.683590e-02 3.020456e-02 3.302465e-02 3.596034e-02 3.738151e-02 4.150622e-02 4.231769e-02 4.317896e-02 4.346858e-02 4.381370e-02 4.204928e-02 3.605266e-02 4.248054e-02 4.478470e-02 4.155011e-02 4.010066e-02 3.757445e-02 3.678081e-02 3.320389e-02 4.135830e-02 4.741748e-02 4.995727e-02 4.915978e-02 4.794174e-02 4.687432e-02 3.797631e-02 4.056567e-02 5.459798e-02 5.491842e-02 5.977568e-02 6.005426e-02 5.965016e-02 5.971645e-02 6.081135e-02 6.285774e-02 6.394810e-02 6.376747e-02 6.329550e-02 6.297944e-02
-9.999000e+03 -9.999000e+03 -9.999000e+03 -9.999000e+03 -9.999000e+03 -9.999000e+03 -9.999000e+03 -9.999000e+03 -9.999000e+03 1.147156e-01 4.822082e-02 3.043261e-02 2.900388e-02 2.613898e-02 3.155456e-02 3.289972e-02 2.898685e-02 3.808343e-02 3.875834e-02 4.075196e-02 4.212970e-02 4.292214e-02 3.537493e-02 3.630045e-02 4.269180e-02 4.363222e-02 3.485861e-02 3.444155e-02 3.304427e-02 3.043092e-02 3.059034e-02 3.925122e-02 4.483498e-02 4.908570e-02 5.122719e-02 5.144005e-02 5.095712e-02 3.895636e-02 5.061019e-02 5.061913e-02 5.332556e-02 5.905988e-02 5.982761e-02 5.845946e-02 5.761108e-02 5.798460e-02 5.910294e-02 6.077218e-02 6.191955e-02 6.253717e-02 1.060828e-01 1.074963e-01
-9.999000e+03 -9.999000e+03 -9.999000e+03 -9.999000e+03 -9.999000e+03 -9.999000e+03 -9.999000e+03 -9.999000e+03 1.549020e-01 2.102654e-02 4.365527e-02 3.239638e-02 2.555516e-02 2.984780e-02 3.267689e-02 3.332311e-02 3.973852e-02 3.443848e-02 3.666749e-02 3.963283e-02 4.168656e-02 4.067745e-02 4.360374e-02 4.569873e-02 4.594313e-02 7.114632e-02 7.284841e-02 6.944417e-02 6.454320e-02 5.811363e-02 5.564255e-02 5.625262e-02 5.517899e-02 5.284374e-02 5.253381e-02 5.297863e-02 5.257275e-02 6.297473e-02 6.533699e-02 7.667147e-02 8.101515e-02 8.344503e-02 7.834286e-02 7.295533e-02 6.905706e-02 6.635878e-02 6.271049e-02 5.827534e-02 5.824195e-02 1.101567e-01 5.854584e-02 5.898885e-02
-9.999000e+03 -9.999000e+03 -9.999000e+03 -9.999000e+03 -9.999000e+03 -9.999000e+03 -9.999000e+03 1.103396e-01 1.487392e-01 4.302866e-02 3.334444e-02 3.330550e-02 2.623109e-02 3.189073e-02 3.329693e-02 3.369934e-02 3.379441e-02 3.364897e-02 3.557706e-02 3.921349e-02 3.408189e-02 3.479744e-02 4.171567e-02 6.579468e-02 7.002313e-02 4.536750e-02 4.391862e-02 4.414865e-02 4.308987e-02 4.070885e-02 4.146312e-02 4.552925e-02 4.899911e-02 5.152317e-02 5.282653e-02 5.293598e-02 5.238832e-02 5.130183e-02 5.199892e-02 5.458095e-02 5.583811e-02 5.544055e-02 5.499048e-02 5.470490e-02 5.522819e-02 5.660969e-02 5.668779e-02 5.528319e-02 1.169810e-01 5.520787e-02 5.674737e-02 5.803296e-02
-9.999000e+03 -9.999000e+03 -9.999000e+03 -9.999000e+03 -9.999000e+03 -9.999000e+03 -9.999000e+03 1.011399e-01 2.702666e-02 4.347212e-02 2.858246e-02 3.248588e-02 3.271382e-02 3.318025e-02 3.375252e-02 3.394514e-02 3.430021e-02 3.450316e-02 3.634829e-02 4.012435e-02 5.033876e-02 5.749919e-02 6.331494e-02 4.466294e-02 4.541236e-02 4.335977e-02 3.676348e-02 4.308429e-02 4.429298e-02 4.305857e-02 4.380577e-02 4.707000e-02 4.956989e-02 5.102989e-02 5.165317e-02 5.154554e-02 1.052628e-01 1.062460e-01 1.084905e-01 1.121435e-01 1.141379e-01 1.145276e-01 1.149411e-01 1.135849e-01 1.133411e-01 1.125772e-01 1.153983e-01 1.183669e-01 5.349606e-02 5.354616e-02 5.493440e-02 5.646905e-02
-9.999000e+03 -9.999000e+03 -9.999000e+03 -9.999000e+03 -9.999000e+03 -9.999000e+03 -9.999000e+03 7.748993e-03 3.885153e-02 3.103856e-02 2.666285e-02 3.195612e-02 3.411347e-02 3.451228e-02 3.452864e-02 3.465464e-02 3.553740e-02 3.640160e-02 3.814141e-02 4.152519e-02 4.396366e-02 4.500534e-02 4.451575e-02 4.382339e-02 3.588624e-02 3.716926e-02 4.423993e-02 4.591114e-02 4.594407e-02 4.527963e-02 4.566529e-02 4.744270e-02 4.875187e-02 9.978040e-02 1.024163e-01 1.050182e-01 5.337934e-02 5.523129e-02 5.693102e-02 5.863493e-02 5.950073e-02 5.940608e-02 5.958438e-02 7.507088e-02 8.606039e-02 9.357996e-02 5.798550e-02 5.656177e-02 5.478486e-02 5.293054e-02 5.269236e-02 5.394099e-02
