tests/data/reference/test_implicit_stream_rill_mfda/mvel_m_s.asc
ncols	123
nrows	77
xllcorner	-713746.79929998
yllcorner	-1061022.36961616
cellsize	10.0
NODATA_value	-9999
[rows 23 to 45 of 77, columns 0 to 51 of 123]
-9.999000e+03 -9.999000e+03 -9.999000e+03 -9.999000e+03 -9.999000e+03 -9.999000e+03 -9.999000e+03 -9.999000e+03 -9.999000e+03 -9.999000e+03 -9.999000e+03 -9.999000e+03 -9.999000e+03 -9.999000e+03 1.899647e-02 2.357553e-02 2.328897e-02 2.321680e-02 2.081286e-02 8.605734e-03 1.020286e-02 1.782485e-01 1.404782e-02 6.063700e-02 6.416600e-02 4.373512e-02 5.322102e-02 4.894392e-02 5.499607e-02 5.724192e-02 4.437493e-02 5.473299e-02 5.917220e-02 6.142695e-02 9.639852e-02 6.121919e-02 6.188288e-02 4.730463e-02 8.202016e-02 6.554514e-02 6.580064e-02 6.647301e-02 6.756227e-02 6.821609e-02 6.823600e-02 6.796771e-02 6.776596e-02 6.810495e-02 6.891441e-02 6.868801e-02 6.711293e-02 5.123402e-02
-9.999000e+03 -9.999000e+03 -9.999000e+03 -9.999000e+03 -9.999000e+03 -9.999000e+03 -9.999000e+03 -9.999000e+03 -9.999000e+03 -9.999000e+03 -9.999000e+03 -9.999000e+03 -9.999000e+03 -9.999000e+03 2.084037e-02 2.085764e-02 2.658154e-02 2.982794e-02 2.009585e-02 2.773884e-02 1.675035e-01 2.227181e-01 3.679493e-02 3.694493e-02 5.638092e-02 7.380457e-02 5.246226e-02 5.143487e-02 5.263801e-02 4.177111e-02 5.868795e-02 5.452092e-02 5.871740e-02 5.991688e-02 1.016565e-01 6.064836e-02 6.220093e-02 4.777908e-02 8.364071e-02 6.546875e-02 6.550972e-02 6.599001e-02 6.679694e-02 6.740320e-02 6.767383e-02 6.777867e-02 6.793464e-02 6.853196e-02 6.947384e-02 6.999566e-02 5.141453e-02 7.100938e-02
-9.999000e+03 -9.999000e+03 -9.999000e+03 -9.999000e+03 -9.999000e+03 -9.999000e+03 -9.999000e+03 -9.999000e+03 -9.999000e+03 -9.999000e+03 -9.999000e+03 -9.999000e+03 -9.999000e+03 -9.999000e+03 7.750276e-03 1.967397e-02 2.331645e-02 2.300020e-02 2.243604e-02 1.280855e-02 1.914752e-01 5.525008e-02 6.694478e-02 4.313652e-02 4.596229e-02 5.748032e-02 8.548398e-02 5.382482e-02 5.436250e-02 4.256943e-02 5.074050e-02 5.599832e-02 5.443892e-02 5.825357e-02 5.835270e-02 1.068595e-01 4.617671e-02 6.397023e-02 5.811955e-02 9.441088e-02 6.531756e-02 6.594620e-02 6.658308e-02 6.708163e-02 6.749367e-02 6.792406e-02 6.849507e-02 6.943578e-02 7.063285e-02 7.176574e-02 6.456423e-02 5.331321e-02
-9.999000e+03 -9.999000e+03 -9.999000e+03 -9.999000e+03 -9.999000e+03 -9.999000e+03 -9.999000e+03 -9.999000e+03 -9.999000e+03 -9.999000e+03 -9.999000e+03 -9.999000e+03 2.686935e-02 2.172516e-02 2.734647e-02 2.659695e-02 2.359021e-02 1.136430e-02 1.024088e-02 1.746880e-01 2.267550e-02 5.940526e-02 4.796909e-02 5.987556e-02 4.570339e-02 4.793660e-02 9.161775e-02 5.160233e-02 5.257311e-02 4.924830e-02 4.175372e-02 5.307659e-02 5.412584e-02 5.214983e-02 5.258905e-02 5.881463e-02 1.060709e-01 5.720398e-02 6.417145e-02 6.210190e-02 1.026582e-01 6.563895e-02 6.604740e-02 6.656885e-02 6.736855e-02 6.842981e-02 6.966217e-02 7.092945e-02 7.215746e-02 7.351970e-02 7.132433e-02 5.410457e-02
-9.999000e+03 -9.999000e+03 -9.999000e+03 -9.999000e+03 -9.999000e+03 -9.999000e+03 -9.999000e+03 -9.999000e+03 -9.999000e+03 -9.999000e+03 -9.999000e+03 -9.999000e+03 -9.999000e+03 2.608201e-02 2.397079e-02 2.423911e-02 1.459983e-02 8.526765e-03 1.582354e-01 2.044453e-02 3.835400e-02 3.857139e-02 5.767476e-02 6.421449e-02 7.519205e-02 7.717695e-02 7.870831e-02 8.075192e-02 4.663781e-02 4.968920e-02 5.049441e-02 4.823040e-02 5.097970e-02 4.979549e-02 5.060121e-02 5.479790e-02 5.839399e-02 9.455838e-02 6.164382e-02 6.469665e-02 1.028565e-01 6.492053e-02 6.507435e-02 6.581717e-02 6.732373e-02 6.938435e-02 7.149979e-02 7.299113e-02 7.395379e-02 7.518999e-02 7.499139e-02 6.735467e-02
-9.999000e+03 -9.999000e+03 -9.999000e+03 -9.999000e+03 -9.999000e+03 -9.999000e+03 -9.999000e+03 -9.999000e+03 -9.999000e+03 -9.999000e+03 -9.999000e+03 -9.999000e+03 -9.999000e+03 -9.999000e+03 -9.999000e+03 1.868049e-02 4.184385e-03 1.341099e-01 1.856880e-01 5.756747e-02 4.933778e-02 4.402950e-02 4.052878e-02 3.853529e-02 3.978189e-02 4.161127e-02 4.173657e-02 7.829703e-02 1.043748e-01 4.504573e-02 4.744663e-02 4.763187e-02 4.619507e-02 4.673967e-02 4.871770e-02 5.355139e-02 5.650857e-02 5.718216e-02 9.208717e-02 5.927365e-02 1.040242e-01 6.468287e-02 6.547765e-02 6.675961e-02 6.866529e-02 7.106775e-02 7.330021e-02 7.457437e-02 7.525220e-02 7.638518e-02 7.682094e-02 7.327874e-02
-9.999000e+03 -9.999000e+03 -9.999000e+03 -9.999000e+03 -9.999000e+03 -9.999000e+03 -9.999000e+03 -9.999000e+03 -9.999000e+03 -9.999000e+03 -9.999000e+03 -9.999000e+03 -9.999000e+03 -9.999000e+03 -9.999000e+03 -9.999000e+03 7.939500e-03 1.393502e-01 4.662213e-02 4.171468e-02 3.804895e-02 3.587255e-02 3.604494e-02 3.785698e-02 4.020985e-02 4.293224e-02 4.341103e-02 4.121916e-02 4.053427e-02 1.057778e-01 1.055271e-01 1.063288e-01 4.336894e-02 4.374222e-02 4.606077e-02 5.033843e-02 6.366283e-02 7.280380e-02 5.412074e-02 8.810761e-02 6.005257e-02 9.332585e-02 6.764426e-02 6.955626e-02 7.140633e-02 7.335265e-02 7.487230e-02 7.553812e-02 7.597740e-02 7.703473e-02 7.742503e-02 7.527273e-02
-9.999000e+03 -9.999000e+03 -9.999000e+03 -9.999000e+03 -9.999000e+03 -9.999000e+03 -9.999000e+03 -9.999000e+03 -9.999000e+03 -9.999000e+03 -9.999000e+03 -9.999000e+03 -9.999000e+03 -9.999000e+03 -9.999000e+03 -9.999000e+03 1.396145e-01 1.606831e-02 3.207842e-02 3.429497e-02 3.510830e-02 6.721805e-02 6.608870e-02 6.661469e-02 6.667507e-02 6.645328e-02 6.430883e-02 6.022986e-02 5.799278e-02 5.744934e-02 5.480416e-02 5.048578e-02 1.067850e-01 1.042263e-01 1.051113e-01 1.040584e-01 1.020599e-01 1.007518e-01 9.911000e-02 9.709415e-02 9.660487e-02 9.692206e-02 9.589426e-02 6.190088e-02 6.507460e-02 7.059055e-02 7.252092e-02 7.372010e-02 7.490970e-02 7.618227e-02 7.609613e-02 7.400105e-02
-9.999000e+03 -9.999000e+03 -9.999000e+03 -9.999000e+03 -9.999000e+03 -9.999000e+03 -9.999000e+03 -9.999000e+03 -9.999000e+03 -9.999000e+03 -9.999000e+03 -9.999000e+03 -9.999000e+03 -9.999000e+03 -9.999000e+03 1.397495e-01 2.068492e-02 3.758327e-02 6.985090e-02 6.480854e-02 6.817326e-02 3.700970e-02 4.578665e-02 5.405132e-02 5.183918e-02 6.550612e-02 7.041627e-02 7.400267e-02 7.244271e-02 7.222691e-02 6.988394e-02 6.535607e-02 5.995946e-02 5.345573e-02 5.037012e-02 5.066626e-02 9.730173e-02 1.009209e-01 9.808267e-02 9.577785e-02 9.582399e-02 9.836297e-02 1.013085e-01 1.030661e-01 1.008583e-01 5.744506e-02 7.838721e-02 6.885328e-02 7.195062e-02 7.352890e-02 7.248441e-02 6.979282e-02
-9.999000e+03 -9.999000e+03 -9.999000e+03 -9.999000e+03 -9.999000e+03 -9.999000e+03 -9.999000e+03 -9.999000e+03 -9.999000e+03 -9.999000e+03 -9.999000e+03 -9.999000e+03 -9.999000e+03 -9.999000e+03 1.304559e-01 1.767456e-01 7.186804e-02 7.083844e-02 3.926881e-02 4.039241e-02 3.709951e-02 3.887295e-02 4.053470e-02 4.216900e-02 5.188586e-02 4.333829e-02 4.475830e-02 5.121858e-02 5.259601e-02 4.984957e-02 4.923289e-02 7.699994e-02 7.737209e-02 7.634236e-02 7.783020e-02 9.175318e-02 4.503004e-02 5.038756e-02 5.528067e-02 5.968532e-02 6.219825e-02 6.225979e-02 7.475623e-02 8.101557e-02 8.470182e-02 1.003817e-01 9.998802e-02 9.833911e-02 5.919993e-02 7.813126e-02 6.388243e-02 6.186442e-02
-9.999000e+03 -9.999000e+03 -9.999000e+03 -9.999000e+03 -9.999000e+03 -9.999000e+03 -9.999000e+03 -9.999000e+03 -9.999000e+03 -9.999000e+03 -9.999000e+03 -9.999000e+03 -9.999000e+03 -9.999000e+03 1.372003e-01 3.421075e-02 4.157106e-02 4.191816e-02 4.186180e-02 4.173243e-02 4.218411e-02 4.361208e-02 4.074172e-02 4.729469e-02 4.834505e-02 4.822704e-02 4.955419e-02 5.261922e-02 6.614117e-02 7.573036e-02 8.228061e-02 5.310184e-02 5.177323e-02 5.141088e-02 7.047051e-02 4.920026e-02 5.352735e-02 5.697601e-02 5.927421e-02 6.208364e-02 6.468889e-02 6.435113e-02 6.588908e-02 6.629783e-02 6.587718e-02 7.970101e-02 8.726411e-02 9.155313e-02 9.882468e-02 1.032850e-01 1.060613e-01 4.578692e-02
-9.999000e+03 -9.999000e+03 -9.999000e+03 -9.999000e+03 -9.999000e+03 -9.999000e+03 -9.999000e+03 -9.999000e+03 -9.999000e+03 -9.999000e+03 -9.999000e+03 -9.999000e+03 -9.999000e+03 1.672395e-01 3.924440e-02 4.080868e-02 4.220585e-02 4.345228e-02 4.359622e-02 4.326180e-02 4.310109e-02 4.367867e-02 4.482394e-02 4.639548e-02 4.771810e-02 4.833651e-02 5.000334e-02 5.325444e-02 5.537534e-02 5.616475e-02 5.584458e-02 5.486383e-02 5.483819e-02 7.806158e-02 4.262339e-02 5.219794e-02 5.776910e-02 5.866238e-02 6.006550e-02 6.212651e-02 6.465089e-02 6.685437e-02 6.895390e-02 6.865226e-02 6.967196e-02 6.923175e-02 6.892582e-02 6.805688e-02 6.469992e-02 7.159473e-02 7.106874e-02 1.079439e-01
-9.999000e+03 -9.999000e+03 -9.999000e+03 -9.999000e+03 -9.999000e+03 -9.999000e+03 -9.999000e+03 -9.999000e+03 -9.999000e+03 -9.999000e+03 -9.999000e+03 -9.999000e+03 1.284331e-01 1.929227e-01 4.061239e-02 4.127964e-02 4.459827e-02 4.349968e-02 4.417780e-02 4.429227e-02 4.411823e-02 4.387768e-02 4.415486e-02 4.500599e-02 4.629299e-02 4.766916e-02 4.986804e-02 5.310658e-02 5.510963e-02 5.584525e-02 5.630543e-02 5.650668e-02 7.399325e-02 5.584451e-02 4.320474e-02 5.688501e-02 5.759767e-02 5.837385e-02 6.007416e-02 6.260418e-02 6.433950e-02 6.609731e-02 6.718486e-02 6.800416e-02 6.703180e-02 6.604490e-02 6.681301e-02 6.757223e-02 6.646991e-02 6.230321e-02 5.964329e-02 6.596339e-02
-9.999000e+03 -9.999000e+03 -9.999000e+03 -9.999000e+03 -9.999000e+03 -9.999000e+03 -9.999000e+03 -9.999000e+03 -9.999000e+03 -9.999000e+03 -9.999000e+03 -9.999000e+03 1.626682e-01 3.885445e-02 4.051029e-02 4.823799e-02 4.206471e-02 4.372609e-02 4.469937e-02 4.514134e-02 4.502768e-02 4.437152e-02 4.418293e-02 4.452140e-02 4.552581e-02 4.697560e-02 4.899137e-02 5.174651e-02 5.301040e-02 5.382445e-02 5.454272e-02 7.244224e-02 4.375665e-02 5.213049e-02 5.523228e-02 5.493399e-02 5.448037e-02 5.519706e-02 5.801804e-02 5.854220e-02 6.072040e-02 6.285669e-02 6.402098e-02 6.014171e-02 6.051708e-02 6.145718e-02 6.242627e-02 6.220398e-02 6.164048e-02 6.582345e-02 6.051904e-02 5.722963e-02
-9.999000e+03 -9.999000e+03 -9.999000e+03 -9.999000e+03 -9.999000e+03 -9.999000e+03 -9.999000e+03 -9.999000e+03 -9.999000e+03 -9.999000e+03 -9.999000e+03 1.159355e-01 2.134633e-02 3.607622e-02 5.023992e-02 3.946195e-02 4.196665e-02 4.378719e-02 4.492034e-02 4.552161e-02 4.551515e-02 4.496637e-02 4.479705e-02 4.497177e-02 4.558364e-02 4.668533e-02 4.789372e-02 4.860777e-02 5.011711e-02 4.995804e-02 5.046156e-02 6.065339e-02 4.119390e-02 5.271403e-02 5.185249e-02 4.864274e-02 4.854234e-02 5.249393e-02 4.948870e-02 5.064912e-02 5.298740e-02 5.648022e-02 4.832427e-02 4.806633e-02 4.836824e-02 4.918323e-02 4.982847e-02 5.034301e-02 6.827965e-02 5.718913e-02 5.598810e-02 5.539599e-02
-9.999000e+03 -9.999000e+03 -9.999000e+03 -9.999000e+03 -9.999000e+03 -9.999000e+03 -9.999000e+03 -9.999000e+03 -9.999000e+03 -9.999000e+03 1.110548e-01 1.418579e-01 3.250499e-02 4.897374e-02 3.062298e-02 3.737272e-02 4.075340e-02 4.292556e-02 4.442159e-02 4.494188e-02 4.522134e-02 4.475771e-02 4.466008e-02 4.482418e-02 4.534282e-02 4.628860e-02 4.415652e-02 4.746362e-02 4.724599e-02 4.600789e-02 4.617440e-02 4.636555e-02 4.700357e-02 4.695762e-02 4.023722e-02 3.865016e-02 4.816506e-02 3.774835e-02 3.794056e-02 3.848390e-02 4.111289e-02 4.544717e-02 5.713725e-02 6.116739e-02 6.321758e-02 6.492036e-02 6.604507e-02 6.673029e-02 4.848235e-02 4.711321e-02 4.707626e-02 4.742665e-02
-9.999000e+03 -9.999000e+03 -9.999000e+03 -9.999000e+03 -9.999000e+03 -9.999000e+03 -9.999000e+03 -9.999000e+03 -9.999000e+03 -9.999000e+03 1.032528e-01 2.948203e-02 4.825846e-02 3.140468e-02 2.765793e-02 3.471332e-02 3.807479e-02 4.108176e-02 4.255621e-02 4.399912e-02 4.428910e-02 4.410974e-02 4.405352e-02 4.434815e-02 4.411719e-02 3.651415e-02 4.547076e-02 4.592672e-02 4.400137e-02 4.221759e-02 4.160683e-02 4.134348e-02 3.522214e-02 3.860519e-02 4.684004e-02 4.709903e-02 3.597585e-02 4.161309e-02 4.406455e-02 4.649487e-02 4.058647e-02 4.507005e-02 5.640947e-02 5.991081e-02 6.136450e-02 6.253901e-02 6.371773e-02 6.487650e-02 6.481409e-02 6.325929e-02 6.297869e-02 6.471711e-02
-9.999000e+03 -9.999000e+03 -9.999000e+03 -9.999000e+03 -9.999000e+03 -9.999000e+03 -9.999000e+03 -9.999000e+03 -9.999000e+03 1.041061e-01 1.841960e-02 4.478620e-02 3.007801e-02 2.668844e-02 3.011074e-02 3.300277e-02 3.593982e-02 3.723030e-02 4.152978e-02 4.227490e-02 4.313864e-02 4.343823e-02 4.379311e-02 4.185298e-02 3.581794e-02 4.227950e-02 4.474450e-02 4.135892e-02 3.992306e-02 3.742031e-02 3.663455e-02 3.299678e-02 4.117030e-02 4.728516e-02 4.987525e-02 4.912428e-02 4.793665e-02 4.688080e-02 3.772283e-02 4.028692e-02 5.452590e-02 5.458860e-02 5.953428e-02 5.992950e-02 5.960413e-02 5.970281e-02 6.079977e-02 6.283439e-02 6.391761e-02 6.374372e-02 6.328406e-02 6.297571e-02
-9.999000e+03 -9.999000e+03 -9.999000e+03 -9.999000e+03 -9.999000e+03 -9.999000e+03 -9.999000e+03 -9.999000e+03 -9.999000e+03 1.144974e-01 4.786140e-02 3.043932e-02 2.891868e-02 2.599778e-02 3.151387e-02 3.289320e-02 2.881970e-02 3.819153e-02 3.873002e-02 4.071500e-02 4.209313e-02 4.289515e-02 3.514680e-02 3.606331e-02 4.248850e-02 4.353332e-02 3.463550e-02 3.422249e-02 3.283870e-02 3.025025e-02 3.040817e-02 3.908348e-02 4.471744e-02 4.900171e-02 5.116802e-02 5.140617e-02 5.094372e-02 3.869331e-02 5.059484e-02 5.033764e-02 5.301215e-02 5.896989e-02 5.975748e-02 5.842940e-02 5.760807e-02 5.798484e-02 5.909322e-02 6.075017e-02 6.189155e-02 6.251139e-02 1.060828e-01 1.074963e-01
-9.999000e+03 -9.999000e+03 -9.999000e+03 -9.999000e+03 -9.999000e+03 -9.999000e+03 -9.999000e+03 -9.999000e+03 1.542432e-01 2.069764e-02 4.359738e-02 3.238599e-02 2.541914e-02 2.975671e-02 3.267070e-02 3.331972e-02 3.965900e-02 3.443304e-02 3.665154e-02 3.960500e-02 4.165698e-02 4.049492e-02 4.350199e-02 4.564519e-02 4.591666e-02 7.062598e-02 7.231432e-02 6.882708e-02 6.383629e-02 5.743238e-02 5.495396e-02 5.541561e-02 5.425196e-02 5.179558e-02 5.248637e-02 5.294727e-02 5.255817e-02 6.278167e-02 6.505455e-02 7.627020e-02 8.053137e-02 8.294871e-02 7.770748e-02 7.225829e-02 6.838322e-02 6.566120e-02 6.204036e-02 5.826359e-02 5.823214e-02 1.101567e-01 5.852659e-02 5.895995e-02
-9.999000e+03 -9.999000e+03 -9.999000e+03 -9.999000e+03 -9.999000e+03 -9.999000e+03 -9.999000e+03 1.100985e-01 1.480544e-01 4.296158e-02 3.322685e-02 3.325754e-02 2.608907e-02 3.188127e-02 3.329386e-02 3.369973e-02 3.379523e-02 3.365142e-02 3.557247e-02 3.919489e-02 3.386630e-02 3.457492e-02 4.152303e-02 6.539525e-02 6.956228e-02 4.534913e-02 4.381634e-02 4.411326e-02 4.308416e-02 4.072002e-02 4.146707e-02 4.550453e-02 4.895398e-02 5.147497e-02 5.278739e-02 5.291188e-02 5.237858e-02 5.130310e-02 5.199728e-02 5.456155e-02 5.580885e-02 5.542012e-02 5.498253e-02 5.470266e-02 5.522292e-02 5.659493e-02 5.667128e-02 5.527856e-02 1.169810e-01 5.522726e-02 5.675045e-02 5.801682e-02
-9.999000e+03 -9.999000e+03 -9.999000e+03 -9.999000e+03 -9.999000e+03 -9.999000e+03 -9.999000e+03 1.008570e-01 2.692234e-02 4.333425e-02 2.841905e-02 3.237464e-02 3.266961e-02 3.316947e-02 3.375613e-02 3.395039e-02 3.430498e-02 3.450816e-02 3.634509e-02 4.010294e-02 5.020755e-02 5.725717e-02 6.297115e-02 4.462170e-02 4.536889e-02 4.315072e-02 3.652183e-02 4.287675e-02 4.418980e-02 4.302989e-02 4.379701e-02 4.704634e-02 4.953325e-02 5.099457e-02 5.162724e-02 5.153083e-02 1.047011e-01 1.057437e-01 1.080599e-01 1.118057e-01 1.138996e-01 1.143903e-01 1.149411e-01 1.135849e-01 1.133411e-01 1.123430e-01 1.153983e-01 1.183669e-01 5.353904e-02 5.358422e-02 5.495895e-02 5.647413e-02
-9.999000e+03 -9.999000e+03 -9.999000e+03 -9.999000e+03 -9.999000e+03 -9.999000e+03 -9.999000e+03 7.731229e-03 3.871450e-02 3.103563e-02 2.651695e-02 3.184917e-02 3.406545e-02 3.450991e-02 3.453302e-02 3.466231e-02 3.554358e-02 3.640144e-02 3.812976e-02 4.149308e-02 4.392113e-02 4.496783e-02 4.440709e-02 4.372202e-02 3.565314e-02 3.692365e-02 4.402096e-02 4.579567e-02 4.590120e-02 4.526964e-02 4.566070e-02 4.742808e-02 4.873006e-02 9.910748e-02 1.017353e-01 1.043677e-01 5.336499e-02 5.521217e-02 5.690779e-02 5.860914e-02 5.947811e-02 5.939301e-02 5.957971e-02 7.481904e-02 8.553526e-02 9.281833e-02 5.801371e-02 5.659719e-02 5.482612e-02 5.297701e-02 5.273514e-02 5.396948e-02
