tests/data/reference/test_implicit_stream_rill_mfda/mvel_m_s.asc
ncols	123
nrows	77
xllcorner	-713746.79929998
yllcorner	-1061022.36961616
cellsize	10.0
NODATA_value	-9999
[rows 46 to 68 of 77, columns 52 to 103 of 123]
5.290533e-02 5.216712e-02 5.296280e-02 5.509454e-02 5.636408e-02 5.513506e-02 5.537985e-02 5.569641e-02 5.574255e-02 5.736823e-02 5.800465e-02 9.673096e-02 6.171773e-02 6.185090e-02 6.097459e-02 6.138955e-02 6.522003e-02 6.629729e-02 6.842596e-02 6.927048e-02 7.071339e-02 7.293843e-02 7.327350e-02 7.080358e-02 7.234147e-02 0.000000e+00 1.868485e-02 4.903212e-02 5.742857e-02 6.078577e-02 5.899603e-02 0.000000e+00 0.000000e+00 0.000000e+00 5.961869e-02 6.414049e-02 6.621676e-02 5.027859e-02 5.154792e-02 5.176734e-02 5.158297e-02 5.105824e-02 5.024776e-02 4.899704e-02 4.788006e-02 4.690736e-02 4.589925e-02 5.919651e-02 5.794465e-02 5.828955e-02 6.003523e-02 6.163455e-02
5.229496e-02 4.989917e-02 4.983322e-02 5.242083e-02 4.982325e-02 4.975518e-02 5.009060e-02 5.105628e-02 5.601236e-02 5.451179e-02 9.582334e-02 5.856423e-02 5.781562e-02 5.407037e-02 5.381500e-02 5.884179e-02 5.518847e-02 5.859323e-02 6.077981e-02 6.147675e-02 6.298873e-02 6.550506e-02 6.684202e-02 7.447511e-02 5.291629e-02 0.000000e+00 1.906961e-02 5.304744e-02 6.016403e-02 6.462824e-02 6.520813e-02 6.278438e-02 5.649550e-02 0.000000e+00 0.000000e+00 5.832294e-02 6.243427e-02 4.889938e-02 5.098811e-02 5.162951e-02 5.144700e-02 5.076978e-02 5.020332e-02 4.954251e-02 4.900585e-02 4.844397e-02 4.764675e-02 6.207652e-02 6.056409e-02 6.032978e-02 6.161072e-02 6.285381e-02
5.317297e-02 4.987563e-02 4.896102e-02 3.961554e-02 4.056998e-02 4.041630e-02 4.062257e-02 5.329832e-02 4.992550e-02 9.667463e-02 5.570602e-02 5.283506e-02 4.436830e-02 4.379770e-02 5.692843e-02 4.318713e-02 4.421354e-02 4.654007e-02 4.784683e-02 4.817489e-02 4.930617e-02 5.123535e-02 7.200104e-02 6.649219e-02 7.230563e-02 0.000000e+00 2.077139e-02 7.140392e-02 6.983232e-02 7.106469e-02 7.065917e-02 6.786878e-02 6.008804e-02 3.427385e-02 0.000000e+00 4.918424e-02 5.880428e-02 4.726108e-02 4.998522e-02 5.127790e-02 5.134423e-02 5.057908e-02 5.016029e-02 4.991847e-02 4.986228e-02 4.968040e-02 4.905766e-02 6.480131e-02 6.342992e-02 6.275663e-02 6.312532e-02 6.350222e-02
5.478329e-02 5.161026e-02 3.821274e-02 4.646350e-02 4.985332e-02 5.078435e-02 5.106758e-02 3.978356e-02 9.654725e-02 5.350958e-02 4.240862e-02 4.361802e-02 5.293458e-02 5.580816e-02 4.321445e-02 5.192861e-02 5.627218e-02 5.983892e-02 6.181598e-02 6.239409e-02 6.344700e-02 6.535078e-02 5.061225e-02 5.346051e-02 8.491033e-02 0.000000e+00 6.952770e-02 6.945733e-02 7.014913e-02 7.299330e-02 7.358702e-02 7.150211e-02 6.536786e-02 5.371272e-02 0.000000e+00 0.000000e+00 5.627185e-02 4.562191e-02 4.860491e-02 5.052849e-02 5.109267e-02 5.056194e-02 5.027354e-02 5.024062e-02 5.053696e-02 5.068586e-02 5.017363e-02 6.718304e-02 6.636663e-02 6.546683e-02 6.457843e-02 6.361522e-02
5.614787e-02 7.818036e-02 7.280826e-02 6.858703e-02 6.469990e-02 6.070488e-02 5.628842e-02 9.678838e-02 5.135104e-02 4.115818e-02 5.045858e-02 5.479038e-02 5.662893e-02 5.687685e-02 5.709756e-02 5.763018e-02 5.893990e-02 6.113280e-02 6.249843e-02 6.281597e-02 6.297345e-02 6.311113e-02 6.523025e-02 6.951246e-02 7.151534e-02 0.000000e+00 6.228231e-02 5.363565e-02 6.591491e-02 7.263833e-02 7.529976e-02 7.493282e-02 7.021052e-02 7.737291e-02 5.000506e-02 0.000000e+00 5.048412e-02 4.452253e-02 4.746817e-02 4.966153e-02 5.058064e-02 5.042301e-02 5.035129e-02 5.037209e-02 6.208417e-02 6.271219e-02 5.111914e-02 6.924621e-02 6.863277e-02 6.765878e-02 6.624668e-02 6.455560e-02
8.593782e-02 5.720361e-02 6.912187e-02 6.807252e-02 7.666150e-02 9.022606e-02 9.478151e-02 5.118764e-02 5.191401e-02 5.401689e-02 5.532677e-02 5.564382e-02 5.595291e-02 5.620142e-02 5.678231e-02 5.779444e-02 7.287738e-02 7.025671e-02 6.717774e-02 6.589743e-02 6.461991e-02 6.215889e-02 6.222246e-02 6.541472e-02 6.791616e-02 0.000000e+00 5.298288e-02 6.693767e-02 7.419143e-02 7.740109e-02 7.896765e-02 7.817409e-02 7.376636e-02 6.516370e-02 6.772036e-02 0.000000e+00 0.000000e+00 4.225222e-02 4.682469e-02 4.897211e-02 5.001711e-02 5.016803e-02 5.038633e-02 5.040728e-02 6.675191e-02 6.779523e-02 5.182091e-02 7.114342e-02 7.023689e-02 6.921902e-02 6.819449e-02 6.660154e-02
5.938027e-02 5.908571e-02 4.302605e-02 5.454425e-02 5.996781e-02 5.293882e-02 5.285450e-02 5.237073e-02 5.342577e-02 5.596374e-02 5.692196e-02 5.581147e-02 5.513169e-02 5.518575e-02 5.572220e-02 5.671720e-02 4.486036e-02 5.700115e-02 6.326110e-02 6.646071e-02 6.589696e-02 6.134655e-02 5.975678e-02 6.238120e-02 4.909885e-02 0.000000e+00 6.651244e-02 7.506177e-02 7.947136e-02 8.220084e-02 8.210656e-02 8.012842e-02 7.601811e-02 6.973491e-02 5.920806e-02 6.139844e-02 0.000000e+00 5.124297e-02 4.682673e-02 4.835380e-02 4.913048e-02 4.931476e-02 4.985595e-02 6.150379e-02 6.883513e-02 7.003765e-02 6.399262e-02 7.263466e-02 7.184151e-02 7.075134e-02 6.984346e-02 6.871502e-02
5.980739e-02 6.041682e-02 5.876647e-02 6.552168e-02 5.304223e-02 5.322031e-02 5.353535e-02 5.360599e-02 5.516512e-02 7.136183e-02 6.705359e-02 6.124192e-02 5.650109e-02 5.497562e-02 5.473164e-02 5.548434e-02 5.787750e-02 6.178540e-02 6.519891e-02 6.791661e-02 6.687345e-02 6.107393e-02 7.446074e-02 7.887662e-02 7.718307e-02 0.000000e+00 7.162895e-02 7.749504e-02 8.122392e-02 8.422896e-02 8.461219e-02 8.105495e-02 7.764174e-02 7.429499e-02 6.612854e-02 7.850159e-02 0.000000e+00 0.000000e+00 4.675009e-02 4.802996e-02 4.798663e-02 4.780852e-02 5.943035e-02 6.566310e-02 6.987420e-02 7.130070e-02 6.943606e-02 7.358833e-02 7.343611e-02 7.238846e-02 7.114640e-02 7.064023e-02
6.054494e-02 6.170820e-02 7.513452e-02 5.600707e-02 5.355787e-02 5.379040e-02 5.435613e-02 5.466284e-02 5.635201e-02 5.974770e-02 6.104264e-02 5.998544e-02 5.806157e-02 5.566956e-02 5.480385e-02 5.566377e-02 5.783573e-02 6.120764e-02 6.437730e-02 6.717094e-02 6.611995e-02 5.991919e-02 4.333248e-02 4.717099e-02 6.075435e-02 0.000000e+00 7.017150e-02 7.789841e-02 8.226790e-02 8.386393e-02 8.422748e-02 8.382365e-02 7.935787e-02 7.814629e-02 9.004860e-02 9.372770e-02 4.616627e-02 0.000000e+00 4.855502e-02 4.795648e-02 4.835038e-02 4.808383e-02 6.416952e-02 6.811917e-02 7.098991e-02 7.234302e-02 7.197434e-02 7.396443e-02 7.426125e-02 7.365556e-02 7.251449e-02 7.213407e-02
6.176174e-02 6.274345e-02 6.140671e-02 5.709039e-02 5.462577e-02 5.504406e-02 5.555253e-02 5.597667e-02 5.736077e-02 4.514006e-02 7.748635e-02 8.816808e-02 8.184577e-02 9.735033e-02 1.021351e-01 1.003886e-01 9.894805e-02 9.784553e-02 9.648137e-02 9.469101e-02 8.931795e-02 7.979702e-02 7.602730e-02 7.768253e-02 0.000000e+00 0.000000e+00 5.629943e-02 7.084242e-02 7.861188e-02 8.296444e-02 8.412532e-02 8.270446e-02 8.163481e-02 8.075957e-02 7.641705e-02 8.320523e-02 9.303221e-02 0.000000e+00 5.041548e-02 4.959333e-02 5.004407e-02 6.108279e-02 6.863836e-02 7.100214e-02 7.272927e-02 7.350663e-02 7.321097e-02 7.384097e-02 7.424282e-02 7.438520e-02 7.394396e-02 7.326156e-02
6.322386e-02 6.338932e-02 6.175610e-02 5.785163e-02 5.660759e-02 5.659084e-02 5.702183e-02 5.794539e-02 5.892104e-02 7.410553e-02 6.171365e-02 6.303127e-02 7.726819e-02 5.982552e-02 5.884433e-02 7.466860e-02 7.099930e-02 6.788748e-02 6.577510e-02 6.711128e-02 6.655756e-02 6.301801e-02 6.304472e-02 6.754238e-02 0.000000e+00 2.079016e-02 6.123717e-02 7.266516e-02 7.846665e-02 8.093298e-02 8.189612e-02 8.225470e-02 8.241942e-02 8.257548e-02 7.801440e-02 8.934719e-02 9.533055e-02 0.000000e+00 0.000000e+00 5.291563e-02 6.346913e-02 6.905744e-02 7.228063e-02 7.333796e-02 7.407279e-02 7.440588e-02 7.405839e-02 7.383182e-02 7.377242e-02 7.396539e-02 7.386756e-02 7.294349e-02
6.482347e-02 6.275477e-02 5.977279e-02 6.012623e-02 5.874420e-02 5.798703e-02 5.848354e-02 5.966069e-02 6.047257e-02 6.074509e-02 6.171152e-02 6.336758e-02 6.348767e-02 6.146797e-02 6.082267e-02 6.228182e-02 7.893682e-02 9.189849e-02 1.004824e-01 9.875391e-02 9.671784e-02 9.098676e-02 8.736743e-02 8.582110e-02 0.000000e+00 2.099003e-02 6.114879e-02 7.153745e-02 7.620542e-02 7.768096e-02 7.926030e-02 8.174192e-02 8.313550e-02 8.342062e-02 8.063471e-02 7.552772e-02 9.433952e-02 9.469635e-02 0.000000e+00 7.041734e-02 7.465926e-02 7.508964e-02 7.545147e-02 7.518358e-02 7.487885e-02 7.491396e-02 7.479966e-02 7.409997e-02 7.301214e-02 7.234714e-02 7.200685e-02 7.093734e-02
6.330748e-02 5.583850e-02 5.989016e-02 6.020925e-02 5.884853e-02 5.877311e-02 5.883581e-02 6.005998e-02 6.088505e-02 6.100861e-02 6.164443e-02 6.321168e-02 6.357830e-02 6.250581e-02 6.228432e-02 6.349002e-02 6.499590e-02 6.658332e-02 6.815469e-02 8.647994e-02 8.182075e-02 7.727362e-02 7.363245e-02 7.347061e-02 0.000000e+00 2.110987e-02 6.081106e-02 7.026643e-02 7.433492e-02 7.570323e-02 8.959757e-02 8.610390e-02 8.459159e-02 8.459432e-02 8.491267e-02 8.514744e-02 8.928838e-02 9.704077e-02 0.000000e+00 0.000000e+00 7.893557e-02 7.721445e-02 7.712757e-02 7.604845e-02 7.517598e-02 7.487780e-02 7.472674e-02 7.394552e-02 7.244146e-02 7.130569e-02 7.092670e-02 6.982876e-02
4.826631e-02 5.777569e-02 5.753424e-02 5.659471e-02 5.878445e-02 5.799630e-02 5.814394e-02 5.905134e-02 5.998977e-02 6.059804e-02 6.174174e-02 6.237052e-02 6.297817e-02 6.309512e-02 6.316488e-02 6.399609e-02 6.537851e-02 6.708532e-02 6.892649e-02 7.075315e-02 8.950202e-02 9.252120e-02 9.299379e-02 9.127602e-02 0.000000e+00 5.970624e-02 7.074586e-02 8.983871e-02 9.076441e-02 9.109686e-02 7.670622e-02 8.598387e-02 8.407496e-02 8.044981e-02 8.173241e-02 8.122342e-02 8.461411e-02 9.107700e-02 9.892784e-02 0.000000e+00 0.000000e+00 7.721612e-02 7.591779e-02 7.579449e-02 7.488992e-02 7.432468e-02 7.380479e-02 7.315104e-02 7.197470e-02 7.107846e-02 7.106955e-02 7.022084e-02
5.751036e-02 5.708584e-02 4.946782e-02 5.632251e-02 5.616012e-02 5.641832e-02 5.644450e-02 5.666470e-02 5.760152e-02 6.076008e-02 6.100533e-02 6.128560e-02 6.258792e-02 6.337146e-02 6.399561e-02 6.475735e-02 6.583417e-02 6.743188e-02 6.928693e-02 7.109090e-02 5.222071e-02 5.227672e-02 7.292143e-02 5.504576e-02 0.000000e+00 5.788917e-02 7.043114e-02 7.922722e-02 7.796614e-02 7.281043e-02 6.811601e-02 7.031830e-02 7.217464e-02 7.338656e-02 7.518875e-02 7.767253e-02 7.713413e-02 7.929799e-02 6.912966e-02 1.025200e-01 0.000000e+00 0.000000e+00 7.202236e-02 7.353404e-02 7.363727e-02 7.360145e-02 7.317775e-02 7.280663e-02 7.197390e-02 7.083409e-02 7.020155e-02 6.938691e-02
6.080628e-02 4.092030e-02 5.162803e-02 4.962751e-02 5.167381e-02 5.245458e-02 5.244449e-02 5.192234e-02 5.754287e-02 5.800730e-02 5.924500e-02 6.108542e-02 6.137414e-02 6.287659e-02 6.465625e-02 6.535029e-02 6.651656e-02 6.804929e-02 6.904789e-02 5.191285e-02 6.393792e-02 6.838162e-02 5.243313e-02 6.706186e-02 0.000000e+00 7.372258e-02 7.871343e-02 7.822445e-02 6.631553e-02 5.401152e-02 5.457539e-02 5.563696e-02 5.685638e-02 5.803477e-02 5.962621e-02 6.169802e-02 7.975107e-02 8.110753e-02 8.593093e-02 8.434318e-02 1.068059e-01 0.000000e+00 6.140606e-02 6.545406e-02 7.107399e-02 7.259574e-02 7.290290e-02 7.299210e-02 7.259590e-02 7.073190e-02 6.854835e-02 4.950217e-02
5.893871e-02 5.328603e-02 3.832537e-02 4.028806e-02 4.182637e-02 4.280223e-02 4.273513e-02 5.452690e-02 5.052835e-02 5.272596e-02 5.869370e-02 5.758355e-02 5.844063e-02 6.173136e-02 6.302172e-02 6.442262e-02 6.606131e-02 6.645733e-02 5.155869e-02 6.409059e-02 6.932416e-02 7.036000e-02 7.194364e-02 7.529287e-02 0.000000e+00 7.424536e-02 7.802702e-02 5.405438e-02 5.351261e-02 6.600743e-02 7.189531e-02 7.499799e-02 7.752464e-02 8.022006e-02 8.319865e-02 8.248457e-02 6.155506e-02 6.213032e-02 7.501582e-02 7.255676e-02 5.930773e-02 0.000000e+00 0.000000e+00 5.968907e-02 6.823716e-02 7.101937e-02 7.177420e-02 7.174982e-02 7.148660e-02 6.918737e-02 4.862293e-02 7.087049e-02
5.626607e-02 5.238777e-02 4.999836e-02 5.060204e-02 5.191379e-02 5.351450e-02 5.380194e-02 4.018641e-02 4.040655e-02 5.404484e-02 5.118020e-02 5.157259e-02 5.687347e-02 5.736626e-02 5.959884e-02 6.183368e-02 6.010361e-02 5.102572e-02 6.369754e-02 6.965186e-02 7.191272e-02 7.168370e-02 7.221966e-02 7.439434e-02 0.000000e+00 7.305700e-02 7.717712e-02 7.777668e-02 7.703776e-02 7.630181e-02 7.573201e-02 7.528504e-02 7.588820e-02 7.766489e-02 8.023564e-02 8.341505e-02 8.286266e-02 8.134438e-02 8.206603e-02 8.606816e-02 8.996942e-02 9.324727e-02 0.000000e+00 0.000000e+00 6.265599e-02 6.894100e-02 5.001790e-02 6.886152e-02 6.836692e-02 4.832282e-02 6.809690e-02 7.227365e-02
5.251342e-02 5.117381e-02 5.031704e-02 5.034101e-02 5.081287e-02 5.164696e-02 5.159415e-02 5.031720e-02 5.009570e-02 4.001581e-02 4.075587e-02 5.254670e-02 4.972485e-02 5.131735e-02 5.381260e-02 4.741467e-02 4.937799e-02 6.243553e-02 6.892144e-02 7.186830e-02 7.288554e-02 7.254241e-02 7.260181e-02 7.356372e-02 0.000000e+00 7.240177e-02 7.735397e-02 7.930059e-02 7.918746e-02 7.798016e-02 7.668772e-02 7.535602e-02 7.483439e-02 7.531367e-02 7.714850e-02 8.028286e-02 8.309205e-02 8.357440e-02 5.997937e-02 5.953221e-02 7.035809e-02 6.557090e-02 9.709833e-02 0.000000e+00 6.006287e-02 6.308131e-02 4.928624e-02 4.839560e-02 4.798061e-02 4.917732e-02 7.043585e-02 7.121724e-02
4.767654e-02 4.924763e-02 5.031240e-02 5.085885e-02 5.103379e-02 5.078555e-02 5.019857e-02 4.932446e-02 4.878299e-02 4.874358e-02 4.917092e-02 3.901927e-02 3.995754e-02 4.115387e-02 4.341350e-02 5.593944e-02 6.338697e-02 6.842105e-02 7.125557e-02 7.230463e-02 7.249664e-02 7.206768e-02 9.020224e-02 9.357353e-02 0.000000e+00 7.748490e-02 8.015982e-02 8.203009e-02 8.197798e-02 8.032410e-02 7.841039e-02 7.630577e-02 7.477015e-02 7.395405e-02 7.457790e-02 7.685412e-02 7.952572e-02 8.218390e-02 8.427041e-02 8.308168e-02 8.450870e-02 2.372917e+19 7.118433e-02 0.000000e+00 0.000000e+00 5.838270e-02 4.882331e-02 4.876731e-02 4.852105e-02 7.098707e-02 7.298899e-02 7.188733e-02
3.633138e-02 4.516682e-02 4.957186e-02 5.177941e-02 5.229516e-02 5.115361e-02 5.013366e-02 4.979758e-02 4.888010e-02 4.689175e-02 4.606774e-02 4.709817e-02 4.914538e-02 5.184916e-02 5.559859e-02 6.027381e-02 6.460547e-02 6.850882e-02 7.072373e-02 7.116347e-02 7.078770e-02 6.982385e-02 5.101005e-02 0.000000e+00 0.000000e+00 6.451856e-02 7.498496e-02 8.083361e-02 8.286037e-02 8.216288e-02 8.041161e-02 7.787891e-02 7.557877e-02 7.370008e-02 7.282216e-02 7.323203e-02 7.539539e-02 7.897513e-02 8.215296e-02 8.391003e-02 8.363101e-02 8.512603e-02 7.989232e-02 7.043420e-02 0.000000e+00 0.000000e+00 5.493709e-02 4.973732e-02 5.092483e-02 5.253602e-02 5.388218e-02 6.699754e-02
-9.999000e+03 -9.999000e+03 -9.999000e+03 -9.999000e+03 -9.999000e+03 -9.999000e+03 -9.999000e+03 3.963621e-02 3.878641e-02 3.639545e-02 3.532948e-02 3.628124e-02 4.522368e-02 5.141426e-02 5.615313e-02 6.003995e-02 6.374827e-02 6.752975e-02 6.949807e-02 6.946857e-02 6.869606e-02 6.731105e-02 6.833855e-02 0.000000e+00 2.124922e-02 5.881350e-02 6.995872e-02 7.798527e-02 8.219184e-02 8.329182e-02 8.239686e-02 7.981210e-02 7.692207e-02 7.397062e-02 7.165652e-02 7.029953e-02 7.156629e-02 7.548172e-02 7.939789e-02 8.283327e-02 8.372507e-02 8.339753e-02 8.564735e-02 7.777249e-02 6.557790e-02 0.000000e+00 0.000000e+00 4.974088e-02 5.356784e-02 5.462383e-02 5.514396e-02 5.504161e-02
-9.999000e+03 -9.999000e+03 -9.999000e+03 -9.999000e+03 -9.999000e+03 -9.999000e+03 -9.999000e+03 -9.999000e+03 -9.999000e+03 -9.999000e+03 4.271403e-02 4.324000e-02 3.895347e-02 4.250662e-02 5.365125e-02 5.861975e-02 6.225078e-02 6.611901e-02 6.790852e-02 6.742077e-02 6.656444e-02 6.555564e-02 6.712828e-02 0.000000e+00 2.117227e-02 5.815011e-02 6.901449e-02 7.731696e-02 8.225294e-02 8.402005e-02 8.462655e-02 8.198991e-02 7.863721e-02 7.474477e-02 7.150963e-02 6.932149e-02 6.947462e-02 7.210818e-02 7.586086e-02 8.033444e-02 8.369765e-02 8.332350e-02 8.429455e-02 8.368403e-02 7.326503e-02 6.046418e-02 0.000000e+00 0.000000e+00 5.484031e-02 5.622730e-02 -9.999000e+03 -9.999000e+03
