tests/data/reference/test_implicit_stream_rill_mfda/mvel_m_s.asc
ncols	123
nrows	77
xllcorner	-713746.79929998
yllcorner	-1061022.36961616
cellsize	10.0
NODATA_value	-9999
[rows 46 to 68 of 77, columns 0 to 51 of 123]
-9.999000e+03 -9.999000e+03 -9.999000e+03 -9.999000e+03 -9.999000e+03 -9.999000e+03 1.069582e-01 3.676577e-02 3.076328e-02 3.182802e-02 2.702444e-02 3.290941e-02 3.574752e-02 3.607706e-02 3.606656e-02 3.581641e-02 3.602184e-02 3.643705e-02 3.786260e-02 4.106661e-02 4.371879e-02 4.293406e-02 4.316635e-02 4.245312e-02 4.479405e-02 4.729644e-02 4.806136e-02 4.694434e-02 4.648449e-02 4.685993e-02 4.701252e-02 9.427276e-02 9.697002e-02 4.906603e-02 5.091311e-02 5.301051e-02 5.535754e-02 5.763408e-02 5.945858e-02 6.104223e-02 6.199721e-02 6.224904e-02 6.243845e-02 6.289578e-02 6.263901e-02 6.143191e-02 6.031734e-02 5.915132e-02 5.722044e-02 5.448439e-02 5.281644e-02 5.299077e-02
-9.999000e+03 -9.999000e+03 -9.999000e+03 -9.999000e+03 -9.999000e+03 -9.999000e+03 1.531301e-02 3.110728e-02 3.177101e-02 3.326364e-02 2.931757e-02 3.578439e-02 3.736111e-02 3.811143e-02 3.839155e-02 3.741044e-02 3.603456e-02 3.514099e-02 3.623791e-02 3.948850e-02 3.475498e-02 3.596990e-02 3.658274e-02 3.653132e-02 4.356312e-02 4.723879e-02 4.829284e-02 8.381407e-02 8.687839e-02 9.122086e-02 9.402191e-02 4.847855e-02 4.919122e-02 5.068042e-02 5.237971e-02 5.399924e-02 5.577597e-02 5.772947e-02 5.938494e-02 6.097762e-02 6.238469e-02 6.343393e-02 6.417888e-02 6.469095e-02 6.450376e-02 6.337261e-02 6.208135e-02 6.094051e-02 5.952857e-02 5.727700e-02 5.501997e-02 5.381628e-02
-9.999000e+03 -9.999000e+03 -9.999000e+03 -9.999000e+03 -9.999000e+03 9.581534e-02 2.885141e-02 3.673791e-02 2.810671e-02 2.860823e-02 3.309003e-02 3.508160e-02 3.691257e-02 3.846057e-02 3.842755e-02 3.819702e-02 3.690514e-02 3.556392e-02 3.636338e-02 3.935377e-02 4.960488e-02 5.777367e-02 6.476949e-02 7.190782e-02 7.576191e-02 8.020111e-02 8.400109e-02 4.859274e-02 4.858335e-02 4.954095e-02 4.985978e-02 4.963190e-02 5.032454e-02 5.151480e-02 5.268554e-02 5.377393e-02 5.518762e-02 5.718188e-02 5.892676e-02 6.039445e-02 6.184621e-02 6.319423e-02 6.429805e-02 6.510628e-02 6.532943e-02 6.473267e-02 6.356709e-02 6.215756e-02 6.094530e-02 5.949220e-02 5.748482e-02 5.552060e-02
-9.999000e+03 -9.999000e+03 -9.999000e+03 -9.999000e+03 1.353156e-01 1.116005e-02 3.237330e-02 3.732834e-02 2.656787e-02 2.549507e-02 2.993622e-02 3.216329e-02 3.585676e-02 3.539064e-02 3.727250e-02 3.803541e-02 3.770056e-02 3.646872e-02 3.724614e-02 4.007778e-02 4.263724e-02 4.474612e-02 4.717158e-02 4.899215e-02 5.016104e-02 5.041337e-02 5.062020e-02 5.058431e-02 5.045495e-02 5.068696e-02 5.079682e-02 5.047890e-02 5.048403e-02 5.087819e-02 5.151052e-02 5.229396e-02 5.362140e-02 5.586490e-02 5.795253e-02 5.952640e-02 6.080444e-02 6.194076e-02 6.308815e-02 6.416349e-02 6.491362e-02 6.511669e-02 6.447300e-02 6.299354e-02 6.179226e-02 6.109918e-02 5.951766e-02 5.733893e-02
-9.999000e+03 -9.999000e+03 -9.999000e+03 -9.999000e+03 1.069667e-01 3.097919e-02 3.153709e-02 3.111883e-02 2.723465e-02 2.355835e-02 2.813501e-02 3.545037e-02 2.787162e-02 3.403462e-02 3.656426e-02 3.799611e-02 3.803321e-02 3.672895e-02 3.748385e-02 4.038158e-02 4.337398e-02 4.670185e-02 4.813907e-02 5.117986e-02 5.251795e-02 5.264388e-02 5.302129e-02 5.347619e-02 5.331947e-02 5.297519e-02 5.296703e-02 5.279528e-02 5.246558e-02 5.219504e-02 5.215887e-02 5.240789e-02 5.317931e-02 5.487430e-02 5.689698e-02 5.873401e-02 5.987310e-02 6.048656e-02 6.135117e-02 6.245296e-02 6.352751e-02 6.436325e-02 6.433815e-02 6.325672e-02 6.237892e-02 6.171129e-02 6.073659e-02 5.851035e-02
-9.999000e+03 -9.999000e+03 -9.999000e+03 9.856872e-02 9.731730e-03 3.017265e-02 2.474965e-02 2.570991e-02 2.225498e-02 2.538112e-02 3.001926e-02 2.793542e-02 2.621286e-02 3.255763e-02 3.583995e-02 3.762673e-02 3.790268e-02 3.681653e-02 3.739597e-02 4.020961e-02 4.695074e-02 4.548734e-02 4.985650e-02 5.280362e-02 5.446164e-02 5.500796e-02 5.568851e-02 5.647145e-02 5.649154e-02 5.594885e-02 5.571780e-02 5.558257e-02 5.529687e-02 5.479911e-02 5.423040e-02 5.389567e-02 5.386158e-02 5.446809e-02 5.606251e-02 5.813868e-02 5.913363e-02 5.906969e-02 5.941408e-02 6.027119e-02 6.141454e-02 6.267926e-02 6.332169e-02 6.304381e-02 6.078778e-02 6.087572e-02 6.015976e-02 5.827547e-02
-9.999000e+03 -9.999000e+03 -9.999000e+03 8.992434e-02 2.610433e-02 2.460530e-02 2.116978e-02 1.878790e-02 2.090587e-02 2.172072e-02 2.518844e-02 2.512414e-02 2.388819e-02 3.049799e-02 3.446031e-02 3.637722e-02 3.700235e-02 3.642231e-02 3.631934e-02 4.680974e-02 3.505622e-02 4.385452e-02 4.820555e-02 5.133162e-02 5.366064e-02 5.498633e-02 5.599000e-02 5.693172e-02 5.709970e-02 5.646557e-02 5.596707e-02 5.573939e-02 5.570427e-02 5.565968e-02 5.547164e-02 5.535869e-02 5.510657e-02 5.483062e-02 5.583155e-02 5.799460e-02 5.901576e-02 5.862290e-02 5.847578e-02 5.876710e-02 5.952988e-02 6.074224e-02 6.179046e-02 5.699516e-02 5.701641e-02 5.680517e-02 5.617032e-02 9.403355e-02
-9.999000e+03 -9.999000e+03 7.430000e-02 5.506353e-03 2.276631e-02 2.227420e-02 1.632828e-02 1.468165e-02 1.600258e-02 1.391223e-02 1.874211e-02 2.068933e-02 2.035549e-02 2.778251e-02 3.225020e-02 3.414859e-02 3.538530e-02 3.549806e-02 3.892663e-02 3.356872e-02 3.062396e-02 3.839712e-02 4.294600e-02 4.664789e-02 5.015784e-02 5.251127e-02 5.396185e-02 5.510177e-02 5.542300e-02 5.476058e-02 5.398740e-02 5.361506e-02 5.401046e-02 5.491773e-02 5.564871e-02 5.630123e-02 5.640629e-02 5.581094e-02 5.611135e-02 5.792868e-02 5.914481e-02 5.903944e-02 5.862225e-02 5.822108e-02 5.837102e-02 5.925439e-02 4.577660e-02 4.656046e-02 4.667936e-02 4.619937e-02 9.832566e-02 5.993336e-02
-9.999000e+03 -9.999000e+03 8.659484e-03 2.125184e-02 2.092764e-02 1.664877e-02 1.307170e-02 1.644868e-02 1.651767e-02 7.880844e-03 1.458882e-02 1.720142e-02 1.723523e-02 2.497552e-02 2.870863e-02 2.996601e-02 3.139192e-02 3.240368e-02 3.061344e-02 2.954171e-02 2.503965e-02 3.142621e-02 3.606461e-02 4.029586e-02 4.422612e-02 4.769767e-02 5.026996e-02 5.197118e-02 5.279154e-02 5.255635e-02 5.182520e-02 5.119093e-02 5.181942e-02 5.313143e-02 5.442063e-02 5.551150e-02 5.601492e-02 5.574632e-02 5.599199e-02 5.733397e-02 5.851988e-02 5.893303e-02 5.879124e-02 5.836892e-02 5.849025e-02 5.942941e-02 6.035970e-02 6.136339e-02 9.553930e-02 1.018125e-01 6.017888e-02 6.006820e-02
-9.999000e+03 6.324931e-02 1.305877e-02 2.451977e-02 1.958839e-02 1.036034e-02 1.746611e-02 1.738683e-02 -9.999000e+03 -9.999000e+03 -9.999000e+03 1.435515e-02 1.583217e-02 2.088854e-02 2.309928e-02 2.322475e-02 2.426185e-02 2.605791e-02 2.419296e-02 1.771183e-02 1.621669e-02 2.178231e-02 2.824052e-02 3.176465e-02 3.573158e-02 4.082074e-02 4.460767e-02 4.731216e-02 4.892543e-02 4.941308e-02 4.902727e-02 4.881888e-02 4.902150e-02 5.065506e-02 5.215479e-02 5.348839e-02 5.424474e-02 5.440660e-02 5.518088e-02 5.657341e-02 5.768559e-02 5.831211e-02 5.859254e-02 5.845366e-02 5.893096e-02 6.024450e-02 7.556149e-02 8.685778e-02 6.166068e-02 6.061352e-02 6.046056e-02 6.104939e-02
-9.999000e+03 1.014809e-01 2.072385e-02 1.946893e-02 1.558865e-02 1.606054e-02 -9.999000e+03 -9.999000e+03 -9.999000e+03 -9.999000e+03 -9.999000e+03 -9.999000e+03 1.706096e-02 1.988367e-02 2.352363e-02 2.490340e-02 2.321925e-02 2.782333e-02 2.661577e-02 1.869840e-02 1.404323e-02 1.450167e-02 1.855957e-02 2.312829e-02 2.923860e-02 3.386566e-02 3.782783e-02 4.108356e-02 4.309371e-02 4.400766e-02 4.626212e-02 4.533391e-02 4.634979e-02 4.820802e-02 5.009286e-02 5.171617e-02 5.256152e-02 5.262921e-02 5.374935e-02 5.606707e-02 5.738793e-02 5.798506e-02 5.801354e-02 5.807931e-02 5.919909e-02 6.051690e-02 6.147781e-02 6.199687e-02 6.165458e-02 6.078777e-02 6.113210e-02 6.266997e-02
9.939822e-02 1.200435e-02 2.130398e-02 1.584024e-02 9.626664e-03 1.984964e-02 -9.999000e+03 -9.999000e+03 -9.999000e+03 -9.999000e+03 -9.999000e+03 -9.999000e+03 -9.999000e+03 -9.999000e+03 -9.999000e+03 2.376730e-02 2.875761e-02 2.532488e-02 2.379669e-02 2.147353e-02 2.460105e-02 -9.999000e+03 -9.999000e+03 1.854791e-02 2.324252e-02 2.601163e-02 2.896301e-02 3.183805e-02 3.327371e-02 4.068845e-02 3.992707e-02 4.200850e-02 4.301499e-02 4.558268e-02 4.786947e-02 4.961964e-02 5.043818e-02 5.033905e-02 5.245405e-02 5.517889e-02 5.704061e-02 5.658494e-02 5.665590e-02 5.809032e-02 5.850324e-02 6.009833e-02 6.171544e-02 6.180156e-02 6.159909e-02 6.078509e-02 6.208613e-02 6.428776e-02
7.973357e-02 1.502222e-02 1.399377e-02 1.393436e-02 2.022763e-02 -9.999000e+03 -9.999000e+03 -9.999000e+03 -9.999000e+03 -9.999000e+03 -9.999000e+03 -9.999000e+03 -9.999000e+03 -9.999000e+03 -9.999000e+03 -9.999000e+03 -9.999000e+03 -9.999000e+03 -9.999000e+03 -9.999000e+03 -9.999000e+03 -9.999000e+03 -9.999000e+03 1.739746e-02 2.209115e-02 2.384039e-02 2.957746e-02 3.399676e-02 3.556006e-02 2.923208e-02 3.529224e-02 3.557821e-02 3.791519e-02 4.138939e-02 4.388340e-02 4.525110e-02 4.606616e-02 4.895922e-02 4.998520e-02 5.345644e-02 5.275221e-02 5.293261e-02 5.715064e-02 5.571661e-02 5.623641e-02 5.896840e-02 5.864500e-02 5.933785e-02 5.924548e-02 5.990099e-02 6.071401e-02 6.485104e-02
-9.999000e+03 2.115222e-02 1.987527e-02 2.374950e-02 -9.999000e+03 -9.999000e+03 -9.999000e+03 -9.999000e+03 -9.999000e+03 -9.999000e+03 -9.999000e+03 -9.999000e+03 -9.999000e+03 -9.999000e+03 -9.999000e+03 -9.999000e+03 -9.999000e+03 -9.999000e+03 -9.999000e+03 -9.999000e+03 -9.999000e+03 -9.999000e+03 -9.999000e+03 -9.999000e+03 -9.999000e+03 -9.999000e+03 2.605348e-02 2.821259e-02 3.193315e-02 2.937917e-02 2.448853e-02 2.646393e-02 2.973468e-02 3.375108e-02 3.558693e-02 3.603137e-02 4.535816e-02 4.422181e-02 4.636647e-02 4.202708e-02 4.334027e-02 5.568173e-02 5.195339e-02 5.171963e-02 5.600754e-02 5.235849e-02 5.283356e-02 5.325123e-02 5.789192e-02 5.586762e-02 5.903401e-02 5.901413e-02
-9.999000e+03 -9.999000e+03 -9.999000e+03 -9.999000e+03 -9.999000e+03 -9.999000e+03 -9.999000e+03 -9.999000e+03 -9.999000e+03 -9.999000e+03 -9.999000e+03 -9.999000e+03 -9.999000e+03 -9.999000e+03 -9.999000e+03 -9.999000e+03 -9.999000e+03 -9.999000e+03 -9.999000e+03 -9.999000e+03 -9.999000e+03 -9.999000e+03 -9.999000e+03 -9.999000e+03 -9.999000e+03 -9.999000e+03 -9.999000e+03 -9.999000e+03 2.701206e-02 2.675366e-02 2.229686e-02 2.414599e-02 2.796018e-02 3.726147e-02 4.088640e-02 4.044180e-02 3.390549e-02 3.617126e-02 3.830971e-02 4.794552e-02 5.235099e-02 4.218597e-02 4.256980e-02 5.496749e-02 4.287427e-02 4.292606e-02 4.273568e-02 5.497327e-02 5.094351e-02 5.538832e-02 4.482576e-02 4.829568e-02
-9.999000e+03 -9.999000e+03 -9.999000e+03 -9.999000e+03 -9.999000e+03 -9.999000e+03 -9.999000e+03 -9.999000e+03 -9.999000e+03 -9.999000e+03 -9.999000e+03 -9.999000e+03 -9.999000e+03 -9.999000e+03 -9.999000e+03 -9.999000e+03 -9.999000e+03 -9.999000e+03 -9.999000e+03 -9.999000e+03 -9.999000e+03 -9.999000e+03 -9.999000e+03 -9.999000e+03 -9.999000e+03 -9.999000e+03 -9.999000e+03 -9.999000e+03 -9.999000e+03 2.338288e-02 2.732061e-02 2.929518e-02 3.354818e-02 3.380952e-02 3.462726e-02 3.257647e-02 3.270692e-02 3.533110e-02 4.379933e-02 4.806595e-02 5.017735e-02 5.104572e-02 5.243838e-02 4.225393e-02 5.112330e-02 5.414696e-02 5.427240e-02 4.078162e-02 5.277004e-02 4.288879e-02 5.360247e-02 6.034481e-02
-9.999000e+03 -9.999000e+03 -9.999000e+03 -9.999000e+03 -9.999000e+03 -9.999000e+03 -9.999000e+03 -9.999000e+03 -9.999000e+03 -9.999000e+03 -9.999000e+03 -9.999000e+03 -9.999000e+03 -9.999000e+03 -9.999000e+03 -9.999000e+03 -9.999000e+03 -9.999000e+03 -9.999000e+03 -9.999000e+03 -9.999000e+03 -9.999000e+03 -9.999000e+03 -9.999000e+03 -9.999000e+03 -9.999000e+03 -9.999000e+03 -9.999000e+03 -9.999000e+03 -9.999000e+03 3.060071e-02 -9.999000e+03 -9.999000e+03 -9.999000e+03 -9.999000e+03 -9.999000e+03 -9.999000e+03 -9.999000e+03 3.720754e-02 4.479465e-02 4.735846e-02 4.764930e-02 4.907877e-02 5.196009e-02 5.376888e-02 5.430527e-02 5.324248e-02 5.040648e-02 3.982975e-02 5.112616e-02 5.692589e-02 5.994059e-02
-9.999000e+03 -9.999000e+03 -9.999000e+03 -9.999000e+03 -9.999000e+03 -9.999000e+03 -9.999000e+03 -9.999000e+03 -9.999000e+03 -9.999000e+03 -9.999000e+03 -9.999000e+03 -9.999000e+03 -9.999000e+03 -9.999000e+03 -9.999000e+03 -9.999000e+03 -9.999000e+03 -9.999000e+03 -9.999000e+03 -9.999000e+03 -9.999000e+03 -9.999000e+03 -9.999000e+03 -9.999000e+03 -9.999000e+03 -9.999000e+03 -9.999000e+03 -9.999000e+03 -9.999000e+03 -9.999000e+03 -9.999000e+03 -9.999000e+03 -9.999000e+03 -9.999000e+03 -9.999000e+03 -9.999000e+03 -9.999000e+03 -9.999000e+03 -9.999000e+03 -9.999000e+03 3.738920e-02 3.825369e-02 4.060744e-02 4.961670e-02 5.243246e-02 5.194490e-02 4.902993e-02 4.995886e-02 5.514243e-02 5.797744e-02 5.799662e-02
-9.999000e+03 -9.999000e+03 -9.999000e+03 -9.999000e+03 -9.999000e+03 -9.999000e+03 -9.999000e+03 -9.999000e+03 -9.999000e+03 -9.999000e+03 -9.999000e+03 -9.999000e+03 -9.999000e+03 -9.999000e+03 -9.999000e+03 -9.999000e+03 -9.999000e+03 -9.999000e+03 -9.999000e+03 -9.999000e+03 -9.999000e+03 -9.999000e+03 -9.999000e+03 -9.999000e+03 -9.999000e+03 -9.999000e+03 -9.999000e+03 -9.999000e+03 -9.999000e+03 -9.999000e+03 -9.999000e+03 -9.999000e+03 -9.999000e+03 -9.999000e+03 -9.999000e+03 -9.999000e+03 -9.999000e+03 -9.999000e+03 -9.999000e+03 -9.999000e+03 -9.999000e+03 -9.999000e+03 -9.999000e+03 -9.999000e+03 4.223326e-02 4.165048e-02 4.830202e-02 4.863465e-02 3.991496e-02 5.177393e-02 5.605439e-02 5.453912e-02
-9.999000e+03 -9.999000e+03 -9.999000e+03 -9.999000e+03 -9.999000e+03 -9.999000e+03 -9.999000e+03 -9.999000e+03 -9.999000e+03 -9.999000e+03 -9.999000e+03 -9.999000e+03 -9.999000e+03 -9.999000e+03 -9.999000e+03 -9.999000e+03 -9.999000e+03 -9.999000e+03 -9.999000e+03 -9.999000e+03 -9.999000e+03 -9.999000e+03 -9.999000e+03 -9.999000e+03 -9.999000e+03 -9.999000e+03 -9.999000e+03 -9.999000e+03 -9.999000e+03 -9.999000e+03 -9.999000e+03 -9.999000e+03 -9.999000e+03 -9.999000e+03 -9.999000e+03 -9.999000e+03 -9.999000e+03 -9.999000e+03 -9.999000e+03 -9.999000e+03 -9.999000e+03 -9.999000e+03 -9.999000e+03 -9.999000e+03 -9.999000e+03 -9.999000e+03 -9.999000e+03 -9.999000e+03 -9.999000e+03 -9.999000e+03 4.370010e-02 4.798135e-02
-9.999000e+03 -9.999000e+03 -9.999000e+03 -9.999000e+03 -9.999000e+03 -9.999000e+03 -9.999000e+03 -9.999000e+03 -9.999000e+03 -9.999000e+03 -9.999000e+03 -9.999000e+03 -9.999000e+03 -9.999000e+03 -9.999000e+03 -9.999000e+03 -9.999000e+03 -9.999000e+03 -9.999000e+03 -9.999000e+03 -9.999000e+03 -9.999000e+03 -9.999000e+03 -9.999000e+03 -9.999000e+03 -9.999000e+03 -9.999000e+03 -9.999000e+03 -9.999000e+03 -9.999000e+03 -9.999000e+03 -9.999000e+03 -9.999000e+03 -9.999000e+03 -9.999000e+03 -9.999000e+03 -9.999000e+03 -9.999000e+03 -9.999000e+03 -9.999000e+03 -9.999000e+03 -9.999000e+03 -9.999000e+03 -9.999000e+03 -9.999000e+03 -9.999000e+03 -9.999000e+03 -9.999000e+03 -9.999000e+03 -9.999000e+03 -9.999000e+03 3.864683e-02
-9.999000e+03 -9.999000e+03 -9.999000e+03 -9.999000e+03 -9.999000e+03 -9.999000e+03 -9.999000e+03 -9.999000e+03 -9.999000e+03 -9.999000e+03 -9.999000e+03 -9.999000e+03 -9.999000e+03 -9.999000e+03 -9.999000e+03 -9.999000e+03 -9.999000e+03 -9.999000e+03 -9.999000e+03 -9.999000e+03 -9.999000e+03 -9.999000e+03 -9.999000e+03 -9.999000e+03 -9.999000e+03 -9.999000e+03 -9.999000e+03 -9.999000e+03 -9.999000e+03 -9.999000e+03 -9.999000e+03 -9.999000e+03 -9.999000e+03 -9.999000e+03 -9.999000e+03 -9.999000e+03 -9.999000e+03 -9.999000e+03 -9.999000e+03 -9.999000e+03 -9.999000e+03 -9.999000e+03 -9.999000e+03 -9.999000e+03 -9.999000e+03 -9.999000e+03 -9.999000e+03 -9.999000e+03 -9.999000e+03 -9.999000e+03 -9.999000e+03 -9.999000e+03
-9.999000e+03 -9.999000e+03 -9.999000e+03 -9.999000e+03 -9.999000e+03 -9.999000e+03 -9.999000e+03 -9.999000e+03 -9.999000e+03 -9.999000e+03 -9.999000e+03 -9.999000e+03 -9.999000e+03 -9.999000e+03 -9.999000e+03 -9.999000e+03 -9.999000e+03 -9.999000e+03 -9.999000e+03 -9.999000e+03 -9.999000e+03 -9.999000e+03 -9.999000e+03 -9.999000e+03 -9.999000e+03 -9.999000e+03 -9.999000e+03 -9.999000e+03 -9.999000e+03 -9.999000e+03 -9.999000e+03 -9.999000e+03 -9.999000e+03 -9.999000e+03 -9.999000e+03 -9.999000e+03 -9.999000e+03 -9.999000e+03 -9.999000e+03 -9.999000e+03 -9.999000e+03 -9.999000e+03 -9.999000e+03 -9.999000e+03 -9.999000e+03 -9.999000e+03 -9.999000e+03 -9.999000e+03 -9.999000e+03 -9.999000e+03 -9.999000e+03 -9.999000e+03
