tests/data/reference/test_implicit_stream_rill_mfda/mvel_m_s.asc
ncols	123
nrows	77
xllcorner	-713746.79929998
yllcorner	-1061022.36961616
cellsize	10.0
NODATA_value	-9999
[rows 23 to 45 of 77, columns 0 to 51 of 123]
-9.999000e+03 -9.999000e+03 -9.999000e+03 -9.999000e+03 -9.999000e+03 -9.999000e+03 -9.999000e+03 -9.999000e+03 -9.999000e+03 -9.999000e+03 -9.999000e+03 -9.999000e+03 -9.999000e+03 -9.999000e+03 1.849449e-02 2.315930e-02 2.310710e-02 2.326293e-02 2.091702e-02 8.626000e-03 1.023547e-02 1.783151e-01 1.406339e-02 6.102960e-02 6.647519e-02 4.370906e-02 5.418025e-02 4.891041e-02 5.504318e-02 5.725497e-02 4.476185e-02 5.514593e-02 5.945073e-02 6.144644e-02 9.802969e-02 6.121155e-02 6.343307e-02 4.772565e-02 8.264847e-02 6.554838e-02 6.580094e-02 6.647418e-02 6.756929e-02 6.822859e-02 6.825049e-02 6.798441e-02 6.778596e-02 6.813104e-02 6.895195e-02 6.890052e-02 6.750156e-02 5.169919e-02
-9.999000e+03 -9.999000e+03 -9.999000e+03 -9.999000e+03 -9.999000e+03 -9.999000e+03 -9.999000e+03 -9.999000e+03 -9.999000e+03 -9.999000e+03 -9.999000e+03 -9.999000e+03 -9.999000e+03 -9.999000e+03 1.107020e-02 1.886724e-02 2.637726e-02 2.992335e-02 2.019376e-02 2.790896e-02 1.674457e-01 2.229407e-01 3.706089e-02 3.708824e-02 5.706054e-02 7.604317e-02 5.334340e-02 5.144083e-02 5.262831e-02 4.209102e-02 5.870013e-02 5.493051e-02 5.899120e-02 6.005100e-02 1.035791e-01 6.063896e-02 6.220216e-02 4.820553e-02 8.440224e-02 6.547062e-02 6.550480e-02 6.598069e-02 6.678604e-02 6.739471e-02 6.766996e-02 6.778046e-02 6.794184e-02 6.854486e-02 6.949237e-02 7.009344e-02 5.188167e-02 7.123807e-02
-9.999000e+03 -9.999000e+03 -9.999000e+03 -9.999000e+03 -9.999000e+03 -9.999000e+03 -9.999000e+03 -9.999000e+03 -9.999000e+03 -9.999000e+03 -9.999000e+03 -9.999000e+03 -9.999000e+03 -9.999000e+03 1.345703e-02 1.845473e-02 2.320575e-02 2.311906e-02 2.255478e-02 1.286002e-02 1.915337e-01 5.576485e-02 6.764313e-02 4.336259e-02 4.614442e-02 5.809354e-02 8.707770e-02 5.385372e-02 5.436170e-02 4.289794e-02 5.105797e-02 5.597683e-02 5.463531e-02 5.837273e-02 5.838744e-02 1.088243e-01 4.658470e-02 6.398495e-02 5.858708e-02 9.549937e-02 6.531062e-02 6.593567e-02 6.656777e-02 6.706606e-02 6.748311e-02 6.792096e-02 6.849947e-02 6.944641e-02 7.064767e-02 7.181388e-02 6.512961e-02 5.380081e-02
-9.999000e+03 -9.999000e+03 -9.999000e+03 -9.999000e+03 -9.999000e+03 -9.999000e+03 -9.999000e+03 -9.999000e+03 -9.999000e+03 -9.999000e+03 -9.999000e+03 -9.999000e+03 2.687542e-02 2.089473e-02 2.561629e-02 2.577445e-02 2.359647e-02 1.139874e-02 1.027374e-02 1.747436e-01 2.298495e-02 5.981884e-02 4.837144e-02 6.118940e-02 4.582321e-02 4.805301e-02 9.333253e-02 5.161200e-02 5.257058e-02 4.955124e-02 4.207345e-02 5.326283e-02 5.410198e-02 5.220431e-02 5.256902e-02 5.881291e-02 1.062029e-01 5.765368e-02 6.418946e-02 6.241974e-02 1.026582e-01 6.563034e-02 6.603360e-02 6.655397e-02 6.735920e-02 6.842993e-02 6.967260e-02 7.094705e-02 7.217877e-02 7.355644e-02 7.177089e-02 5.460051e-02
-9.999000e+03 -9.999000e+03 -9.999000e+03 -9.999000e+03 -9.999000e+03 -9.999000e+03 -9.999000e+03 -9.999000e+03 -9.999000e+03 -9.999000e+03 -9.999000e+03 -9.999000e+03 -9.999000e+03 2.607611e-02 2.372536e-02 2.410587e-02 1.465479e-02 8.549316e-03 1.582179e-01 2.072796e-02 3.833976e-02 3.858244e-02 5.862405e-02 6.563094e-02 7.717668e-02 7.928536e-02 8.074682e-02 8.234368e-02 4.660498e-02 4.966571e-02 5.065302e-02 4.852018e-02 5.103654e-02 4.975647e-02 5.059256e-02 5.477421e-02 5.836973e-02 9.455838e-02 6.195534e-02 6.471015e-02 1.028565e-01 6.491007e-02 6.505866e-02 6.580207e-02 6.731737e-02 6.939214e-02 7.152220e-02 7.302092e-02 7.398461e-02 7.522780e-02 7.527109e-02 6.796890e-02
-9.999000e+03 -9.999000e+03 -9.999000e+03 -9.999000e+03 -9.999000e+03 -9.999000e+03 -9.999000e+03 -9.999000e+03 -9.999000e+03 -9.999000e+03 -9.999000e+03 -9.999000e+03 -9.999000e+03 -9.999000e+03 -9.999000e+03 1.876649e-02 4.189127e-03 1.342776e-01 1.862996e-01 5.828144e-02 5.040658e-02 4.500229e-02 4.127294e-02 3.854946e-02 3.977934e-02 4.162558e-02 4.174697e-02 8.007931e-02 1.067676e-01 4.500411e-02 4.741188e-02 4.766510e-02 4.631618e-02 4.671773e-02 4.867869e-02 5.354981e-02 5.651518e-02 5.717025e-02 9.510143e-02 5.937322e-02 1.040242e-01 6.467132e-02 6.546569e-02 6.675221e-02 6.866876e-02 7.108695e-02 7.333411e-02 7.461288e-02 7.528796e-02 7.642263e-02 7.697295e-02 7.376169e-02
-9.999000e+03 -9.999000e+03 -9.999000e+03 -9.999000e+03 -9.999000e+03 -9.999000e+03 -9.999000e+03 -9.999000e+03 -9.999000e+03 -9.999000e+03 -9.999000e+03 -9.999000e+03 -9.999000e+03 -9.999000e+03 -9.999000e+03 -9.999000e+03 7.958931e-03 1.394043e-01 4.701584e-02 4.205767e-02 3.817301e-02 3.580360e-02 3.602153e-02 3.786133e-02 4.022939e-02 4.296083e-02 4.343105e-02 4.121380e-02 4.052004e-02 1.057778e-01 1.055271e-01 1.063288e-01 4.333730e-02 4.375163e-02 4.602697e-02 5.032496e-02 6.395528e-02 7.339530e-02 5.409812e-02 9.111075e-02 6.007777e-02 9.332585e-02 6.765139e-02 6.957271e-02 7.143107e-02 7.338630e-02 7.491174e-02 7.557545e-02 7.600949e-02 7.706591e-02 7.749896e-02 7.555547e-02
-9.999000e+03 -9.999000e+03 -9.999000e+03 -9.999000e+03 -9.999000e+03 -9.999000e+03 -9.999000e+03 -9.999000e+03 -9.999000e+03 -9.999000e+03 -9.999000e+03 -9.999000e+03 -9.999000e+03 -9.999000e+03 -9.999000e+03 -9.999000e+03 1.397436e-01 1.629791e-02 3.211049e-02 3.432830e-02 3.512913e-02 6.851359e-02 6.750902e-02 6.811338e-02 6.828281e-02 6.818432e-02 6.607724e-02 6.197432e-02 5.969697e-02 5.918801e-02 5.653694e-02 5.216095e-02 1.067850e-01 1.064924e-01 1.072886e-01 1.040584e-01 1.020599e-01 1.007518e-01 9.911000e-02 9.709415e-02 9.660487e-02 9.692206e-02 9.589426e-02 6.186366e-02 6.504711e-02 7.060788e-02 7.253889e-02 7.373546e-02 7.492458e-02 7.619713e-02 7.611887e-02 7.411676e-02
-9.999000e+03 -9.999000e+03 -9.999000e+03 -9.999000e+03 -9.999000e+03 -9.999000e+03 -9.999000e+03 -9.999000e+03 -9.999000e+03 -9.999000e+03 -9.999000e+03 -9.999000e+03 -9.999000e+03 -9.999000e+03 -9.999000e+03 1.398777e-01 2.102894e-02 3.763117e-02 7.136046e-02 6.620094e-02 6.951976e-02 3.698713e-02 4.595086e-02 5.441161e-02 5.224646e-02 6.594267e-02 7.091615e-02 7.450607e-02 7.308479e-02 7.301980e-02 7.076196e-02 6.627628e-02 6.089690e-02 5.436971e-02 5.130410e-02 5.163211e-02 9.893889e-02 1.009209e-01 9.808267e-02 9.577785e-02 9.582399e-02 9.836297e-02 1.013085e-01 1.030661e-01 1.008583e-01 5.737394e-02 7.906126e-02 6.882065e-02 7.193298e-02 7.351434e-02 7.246049e-02 6.979237e-02
-9.999000e+03 -9.999000e+03 -9.999000e+03 -9.999000e+03 -9.999000e+03 -9.999000e+03 -9.999000e+03 -9.999000e+03 -9.999000e+03 -9.999000e+03 -9.999000e+03 -9.999000e+03 -9.999000e+03 -9.999000e+03 1.306486e-01 1.774092e-01 7.270925e-02 7.204312e-02 3.925222e-02 4.037598e-02 3.705855e-02 3.883933e-02 4.050820e-02 4.216135e-02 5.212961e-02 4.331546e-02 4.473740e-02 5.124371e-02 5.262089e-02 4.983487e-02 4.921798e-02 7.814348e-02 7.861462e-02 7.756745e-02 7.901465e-02 9.333163e-02 4.513497e-02 5.042406e-02 5.525381e-02 5.968050e-02 6.220669e-02 6.226283e-02 7.528289e-02 8.208146e-02 8.618816e-02 1.003817e-01 9.998802e-02 9.833911e-02 5.908689e-02 7.876483e-02 6.379596e-02 6.177993e-02
-9.999000e+03 -9.999000e+03 -9.999000e+03 -9.999000e+03 -9.999000e+03 -9.999000e+03 -9.999000e+03 -9.999000e+03 -9.999000e+03 -9.999000e+03 -9.999000e+03 -9.999000e+03 -9.999000e+03 -9.999000e+03 1.373465e-01 3.534437e-02 4.158231e-02 4.192370e-02 4.185775e-02 4.172430e-02 4.217268e-02 4.360646e-02 4.071167e-02 4.731151e-02 4.836909e-02 4.824822e-02 4.957903e-02 5.265810e-02 6.646970e-02 7.650706e-02 8.331998e-02 5.309894e-02 5.175602e-02 5.138924e-02 7.174834e-02 4.953836e-02 5.374189e-02 5.698716e-02 5.930038e-02 6.213485e-02 6.475597e-02 6.437577e-02 6.592801e-02 6.633284e-02 6.591393e-02 8.042068e-02 8.862280e-02 9.344260e-02 9.882468e-02 1.032850e-01 1.060613e-01 4.586998e-02
-9.999000e+03 -9.999000e+03 -9.999000e+03 -9.999000e+03 -9.999000e+03 -9.999000e+03 -9.999000e+03 -9.999000e+03 -9.999000e+03 -9.999000e+03 -9.999000e+03 -9.999000e+03 -9.999000e+03 1.679449e-01 4.055861e-02 4.082140e-02 4.222517e-02 4.346079e-02 4.361380e-02 4.326351e-02 4.309379e-02 4.367025e-02 4.482099e-02 4.640417e-02 4.773683e-02 4.835866e-02 5.003281e-02 5.330016e-02 5.542841e-02 5.621177e-02 5.588593e-02 5.488922e-02 5.486218e-02 7.904451e-02 4.298956e-02 5.257483e-02 5.780362e-02 5.870767e-02 6.014509e-02 6.222534e-02 6.473514e-02 6.699029e-02 6.910222e-02 6.875515e-02 6.976704e-02 6.941471e-02 6.911621e-02 6.824128e-02 6.485748e-02 7.246690e-02 7.250938e-02 1.079439e-01
-9.999000e+03 -9.999000e+03 -9.999000e+03 -9.999000e+03 -9.999000e+03 -9.999000e+03 -9.999000e+03 -9.999000e+03 -9.999000e+03 -9.999000e+03 -9.999000e+03 -9.999000e+03 1.286393e-01 1.942447e-01 4.060148e-02 4.131502e-02 4.527768e-02 4.355072e-02 4.420449e-02 4.430400e-02 4.411938e-02 4.387091e-02 4.414793e-02 4.500514e-02 4.630134e-02 4.768588e-02 4.989683e-02 5.315260e-02 5.516491e-02 5.591905e-02 5.635900e-02 5.656403e-02 7.460689e-02 5.608658e-02 4.357782e-02 5.694134e-02 5.766991e-02 5.850946e-02 6.022971e-02 6.269645e-02 6.454084e-02 6.631778e-02 6.741533e-02 6.823062e-02 6.741138e-02 6.636779e-02 6.714717e-02 6.791734e-02 6.681009e-02 6.259909e-02 5.959935e-02 6.661252e-02
-9.999000e+03 -9.999000e+03 -9.999000e+03 -9.999000e+03 -9.999000e+03 -9.999000e+03 -9.999000e+03 -9.999000e+03 -9.999000e+03 -9.999000e+03 -9.999000e+03 -9.999000e+03 1.634298e-01 3.880687e-02 4.056019e-02 4.888848e-02 4.217899e-02 4.378994e-02 4.473730e-02 4.516759e-02 4.504097e-02 4.437497e-02 4.417981e-02 4.452080e-02 4.553167e-02 4.699004e-02 4.901641e-02 5.178824e-02 5.311368e-02 5.387408e-02 5.459530e-02 7.311731e-02 4.413626e-02 5.250054e-02 5.531256e-02 5.505207e-02 5.470107e-02 5.542829e-02 5.808841e-02 5.881177e-02 6.101508e-02 6.318009e-02 6.436426e-02 6.063711e-02 6.101610e-02 6.196931e-02 6.295421e-02 6.267589e-02 6.210810e-02 6.580507e-02 6.078308e-02 5.746020e-02
-9.999000e+03 -9.999000e+03 -9.999000e+03 -9.999000e+03 -9.999000e+03 -9.999000e+03 -9.999000e+03 -9.999000e+03 -9.999000e+03 -9.999000e+03 -9.999000e+03 1.162188e-01 2.185830e-02 3.610309e-02 5.085802e-02 3.966720e-02 4.208764e-02 4.384992e-02 4.497212e-02 4.556101e-02 4.554896e-02 4.497900e-02 4.480561e-02 4.497937e-02 4.559396e-02 4.670049e-02 4.792689e-02 4.877132e-02 5.016006e-02 4.998634e-02 5.051415e-02 6.088226e-02 4.154301e-02 5.280662e-02 5.205564e-02 4.896784e-02 4.886247e-02 5.253588e-02 4.981807e-02 5.099272e-02 5.336022e-02 5.690281e-02 4.875695e-02 4.849607e-02 4.880141e-02 4.962562e-02 5.027809e-02 5.079836e-02 6.830198e-02 5.759820e-02 5.637852e-02 5.577951e-02
-9.999000e+03 -9.999000e+03 -9.999000e+03 -9.999000e+03 -9.999000e+03 -9.999000e+03 -9.999000e+03 -9.999000e+03 -9.999000e+03 -9.999000e+03 1.113645e-01 1.426815e-01 3.248039e-02 4.949038e-02 3.084585e-02 3.755523e-02 4.082451e-02 4.298633e-02 4.447785e-02 4.501386e-02 4.524938e-02 4.478171e-02 4.467575e-02 4.483587e-02 4.535389e-02 4.634609e-02 4.442075e-02 4.752811e-02 4.726358e-02 4.606564e-02 4.623833e-02 4.644152e-02 4.709121e-02 4.725225e-02 4.057485e-02 3.896871e-02 4.821719e-02 3.805605e-02 3.825057e-02 3.880045e-02 4.146103e-02 4.584666e-02 5.758334e-02 6.147473e-02 6.337840e-02 6.499615e-02 6.608461e-02 6.675465e-02 4.891682e-02 4.753202e-02 4.749465e-02 4.780660e-02
-9.999000e+03 -9.999000e+03 -9.999000e+03 -9.999000e+03 -9.999000e+03 -9.999000e+03 -9.999000e+03 -9.999000e+03 -9.999000e+03 -9.999000e+03 1.035990e-01 2.973321e-02 4.884677e-02 3.152762e-02 2.784682e-02 3.478248e-02 3.811549e-02 4.112976e-02 4.267916e-02 4.402022e-02 4.433076e-02 4.413902e-02 4.407145e-02 4.435973e-02 4.423993e-02 3.680699e-02 4.560456e-02 4.594672e-02 4.412390e-02 4.232445e-02 4.171112e-02 4.145196e-02 3.549948e-02 3.892320e-02 4.713976e-02 4.724768e-02 3.626223e-02 4.184724e-02 4.418469e-02 4.655330e-02 4.092829e-02 4.546513e-02 5.684508e-02 6.020254e-02 6.150805e-02 6.259894e-02 6.374684e-02 6.489896e-02 6.482944e-02 6.325605e-02 6.296412e-02 6.471477e-02
-9.999000e+03 -9.999000e+03 -9.999000e+03 -9.999000e+03 -9.999000e+03 -9.999000e+03 -9.999000e+03 -9.999000e+03 -9.999000e+03 1.044487e-01 1.882160e-02 4.535937e-02 3.011577e-02 2.686650e-02 3.022192e-02 3.302433e-02 3.595924e-02 3.741126e-02 4.149345e-02 4.232082e-02 4.318139e-02 4.346863e-02 4.381134e-02 4.208875e-02 3.610242e-02 4.252103e-02 4.478708e-02 4.158847e-02 4.013608e-02 3.760479e-02 3.680947e-02 3.324758e-02 4.139600e-02 4.744172e-02 4.996873e-02 4.915997e-02 4.793485e-02 4.686482e-02 3.803022e-02 4.062516e-02 5.460595e-02 5.498669e-02 5.982410e-02 6.007521e-02 5.965154e-02 5.970941e-02 6.080353e-02 6.285254e-02 6.394456e-02 6.376252e-02 6.328777e-02 6.296987e-02
-9.999000e+03 -9.999000e+03 -9.999000e+03 -9.999000e+03 -9.999000e+03 -9.999000e+03 -9.999000e+03 -9.999000e+03 -9.999000e+03 1.147888e-01 4.845621e-02 3.042585e-02 2.901939e-02 2.616822e-02 3.155917e-02 3.289574e-02 2.902177e-02 3.805147e-02 3.875866e-02 4.075398e-02 4.213139e-02 4.292145e-02 3.542323e-02 3.635074e-02 4.273278e-02 4.364922e-02 3.490581e-02 3.448787e-02 3.308762e-02 3.046879e-02 3.062855e-02 3.928454e-02 4.485597e-02 4.909773e-02 5.123267e-02 5.143944e-02 5.095176e-02 3.901238e-02 5.060534e-02 5.067703e-02 5.339029e-02 5.907104e-02 5.983428e-02 5.845707e-02 5.760229e-02 5.797476e-02 5.909524e-02 6.076722e-02 6.191589e-02 6.253294e-02 1.060828e-01 1.074963e-01
-9.999000e+03 -9.999000e+03 -9.999000e+03 -9.999000e+03 -9.999000e+03 -9.999000e+03 -9.999000e+03 -9.999000e+03 1.550382e-01 2.118731e-02 4.369885e-02 3.239345e-02 2.558326e-02 2.986457e-02 3.267284e-02 3.331831e-02 3.979613e-02 3.443405e-02 3.666520e-02 3.963287e-02 4.168666e-02 4.071395e-02 4.362133e-02 4.570408e-02 4.594162e-02 7.154631e-02 7.328606e-02 6.994851e-02 6.508212e-02 5.870322e-02 5.624103e-02 5.689214e-02 5.587120e-02 5.352036e-02 5.253646e-02 5.297734e-02 5.256748e-02 6.313095e-02 6.553040e-02 7.698405e-02 8.136133e-02 8.383934e-02 7.886272e-02 7.352069e-02 6.961633e-02 6.692440e-02 6.332089e-02 5.881084e-02 5.823494e-02 1.101567e-01 5.854054e-02 5.898575e-02
-9.999000e+03 -9.999000e+03 -9.999000e+03 -9.999000e+03 -9.999000e+03 -9.999000e+03 -9.999000e+03 1.104130e-01 1.488737e-01 4.307140e-02 3.336690e-02 3.331158e-02 2.626050e-02 3.188765e-02 3.329202e-02 3.369359e-02 3.378856e-02 3.364276e-02 3.557223e-02 3.921140e-02 3.412743e-02 3.484451e-02 4.175436e-02 6.610467e-02 7.039809e-02 4.536411e-02 4.393635e-02 4.415001e-02 4.308386e-02 4.069921e-02 4.145520e-02 4.552751e-02 4.900167e-02 5.152614e-02 5.282714e-02 5.293295e-02 5.238191e-02 5.129293e-02 5.199062e-02 5.457643e-02 5.583570e-02 5.543623e-02 5.498331e-02 5.469632e-02 5.522020e-02 5.660373e-02 5.668223e-02 5.527512e-02 1.169810e-01 5.519399e-02 5.673710e-02 5.802695e-02
-9.999000e+03 -9.999000e+03 -9.999000e+03 -9.999000e+03 -9.999000e+03 -9.999000e+03 -9.999000e+03 1.012129e-01 2.704734e-02 4.355954e-02 2.861656e-02 3.250699e-02 3.271910e-02 3.317726e-02 3.374597e-02 3.393818e-02 3.429331e-02 3.449619e-02 3.634294e-02 4.012275e-02 5.042034e-02 5.770340e-02 6.359840e-02 4.466560e-02 4.541545e-02 4.340200e-02 3.681477e-02 4.312618e-02 4.431093e-02 4.305848e-02 4.380039e-02 4.706757e-02 4.957023e-02 5.102982e-02 5.165080e-02 5.154048e-02 1.057289e-01 1.066442e-01 1.088176e-01 1.123841e-01 1.142807e-01 1.145596e-01 1.149411e-01 1.135849e-01 1.133411e-01 1.125831e-01 1.153983e-01 1.183669e-01 5.347679e-02 5.352809e-02 5.491937e-02 5.645835e-02
-9.999000e+03 -9.999000e+03 -9.999000e+03 -9.999000e+03 -9.999000e+03 -9.999000e+03 -9.999000e+03 7.752103e-03 3.893890e-02 3.103407e-02 2.669311e-02 3.197630e-02 3.411950e-02 3.450702e-02 3.452180e-02 3.464703e-02 3.553005e-02 3.639549e-02 3.813777e-02 4.152588e-02 4.396643e-02 4.500678e-02 4.453485e-02 4.384093e-02 3.593565e-02 3.722142e-02 4.428429e-02 4.593179e-02 4.594697e-02 4.527429e-02 4.565856e-02 4.743816e-02 4.874889e-02 1.002968e-01 1.029112e-01 1.055171e-01 5.337393e-02 5.522670e-02 5.692713e-02 5.863139e-02 5.949629e-02 5.939935e-02 5.957564e-02 7.529197e-02 8.648288e-02 9.416209e-02 5.796918e-02 5.654390e-02 5.476580e-02 5.291053e-02 5.267333e-02 5.392519e-02
