tests/data/reference/test_implicit_stream_rill_mfda/mvel_m_s.asc
ncols	123
nrows	77
xllcorner	-713746.79929998
yllcorner	-1061022.36961616
cellsize	10.0
NODATA_value	-9999
[rows 46 to 68 of 77, columns 52 to 103 of 123]
5.287302e-02 5.213994e-02 5.295052e-02 5.511012e-02 5.640000e-02 5.532894e-02 5.557380e-02 5.589403e-02 5.594246e-02 5.740597e-02 5.811603e-02 9.797904e-02 6.176999e-02 6.198393e-02 6.122059e-02 6.163918e-02 6.527893e-02 6.659416e-02 6.875259e-02 6.961038e-02 7.106754e-02 7.331881e-02 7.366781e-02 7.117993e-02 7.239961e-02 0.000000e+00 1.877350e-02 4.935864e-02 5.777378e-02 6.100810e-02 5.908404e-02 0.000000e+00 0.000000e+00 0.000000e+00 5.957872e-02 6.413042e-02 6.621603e-02 5.065279e-02 5.193347e-02 5.215483e-02 5.196883e-02 5.143943e-02 5.062167e-02 4.935955e-02 4.823224e-02 4.725043e-02 4.623277e-02 5.922930e-02 5.796577e-02 5.831752e-02 6.007982e-02 6.168898e-02
5.225587e-02 4.985564e-02 4.980014e-02 5.241460e-02 5.010401e-02 5.003730e-02 5.037575e-02 5.135155e-02 5.604722e-02 5.470043e-02 9.704254e-02 5.860648e-02 5.803436e-02 5.440587e-02 5.414629e-02 5.888721e-02 5.553204e-02 5.897443e-02 6.119117e-02 6.190002e-02 6.342874e-02 6.597517e-02 6.733394e-02 7.455839e-02 5.331384e-02 0.000000e+00 1.898560e-02 5.323973e-02 6.042907e-02 6.482941e-02 6.531622e-02 6.281623e-02 5.564848e-02 0.000000e+00 0.000000e+00 5.828217e-02 6.240978e-02 4.926099e-02 5.136868e-02 5.201579e-02 5.183165e-02 5.114839e-02 5.057683e-02 4.991002e-02 4.936844e-02 4.880138e-02 4.799675e-02 6.211667e-02 6.059657e-02 6.036260e-02 6.165330e-02 6.290089e-02
5.314332e-02 4.983558e-02 4.892497e-02 3.988802e-02 4.085185e-02 4.069666e-02 4.090496e-02 5.332165e-02 5.020763e-02 9.778108e-02 5.573594e-02 5.315263e-02 4.468717e-02 4.411107e-02 5.702114e-02 4.349458e-02 4.453092e-02 4.687967e-02 4.819870e-02 4.852981e-02 4.967151e-02 5.161812e-02 7.206017e-02 6.697785e-02 7.269477e-02 0.000000e+00 1.984126e-02 7.021403e-02 6.957439e-02 7.099950e-02 7.064057e-02 6.785781e-02 6.004560e-02 3.447120e-02 0.000000e+00 4.910095e-02 5.876136e-02 4.760747e-02 5.035676e-02 5.166106e-02 5.172798e-02 5.095599e-02 5.053341e-02 5.028940e-02 5.023270e-02 5.004917e-02 4.942073e-02 6.485138e-02 6.347568e-02 6.279695e-02 6.316335e-02 6.353621e-02
5.478927e-02 5.160239e-02 3.847138e-02 4.670847e-02 5.000076e-02 5.085226e-02 5.109494e-02 4.005769e-02 9.763318e-02 5.352279e-02 4.270850e-02 4.392965e-02 5.325635e-02 5.600816e-02 4.352217e-02 5.223902e-02 5.647417e-02 5.995508e-02 6.188577e-02 6.243630e-02 6.347545e-02 6.538001e-02 5.098945e-02 5.386276e-02 8.517385e-02 0.000000e+00 6.358246e-02 6.938299e-02 7.029190e-02 7.308918e-02 7.363563e-02 7.151987e-02 6.534334e-02 5.364144e-02 0.000000e+00 0.000000e+00 5.622769e-02 4.595280e-02 4.896381e-02 5.090494e-02 5.147417e-02 5.093869e-02 5.064768e-02 5.061447e-02 5.091348e-02 5.106373e-02 5.054687e-02 6.723734e-02 6.642204e-02 6.551517e-02 6.461353e-02 6.363679e-02
5.623033e-02 7.979566e-02 7.435637e-02 7.009693e-02 6.615859e-02 6.214906e-02 5.772654e-02 9.766076e-02 5.134698e-02 4.144583e-02 5.074908e-02 5.497999e-02 5.672781e-02 5.692083e-02 5.711654e-02 5.764285e-02 5.895720e-02 6.116123e-02 6.253290e-02 6.284480e-02 6.299257e-02 6.312384e-02 6.525004e-02 6.955667e-02 7.157180e-02 0.000000e+00 6.015013e-02 5.403940e-02 6.635637e-02 7.298375e-02 7.551272e-02 7.503548e-02 7.022676e-02 7.779189e-02 4.993953e-02 0.000000e+00 5.042593e-02 4.484289e-02 4.781650e-02 5.003012e-02 5.095755e-02 5.079851e-02 5.072614e-02 5.074713e-02 6.252398e-02 6.315917e-02 5.150088e-02 6.929942e-02 6.869051e-02 6.771082e-02 6.628191e-02 6.457318e-02
8.764593e-02 5.719443e-02 6.936951e-02 6.838825e-02 7.709527e-02 9.103519e-02 9.573687e-02 5.117917e-02 5.190930e-02 5.402744e-02 5.535030e-02 5.566605e-02 5.596900e-02 5.621360e-02 5.679471e-02 5.781088e-02 7.313511e-02 7.045739e-02 6.724594e-02 6.579558e-02 6.458551e-02 6.213898e-02 6.220821e-02 6.542618e-02 6.795470e-02 0.000000e+00 5.338101e-02 6.743825e-02 7.459883e-02 7.761789e-02 7.908819e-02 7.823697e-02 7.377400e-02 6.510991e-02 6.828252e-02 0.000000e+00 0.000000e+00 4.252041e-02 4.716697e-02 4.933439e-02 5.038894e-02 5.054123e-02 5.076150e-02 5.078264e-02 6.707047e-02 6.812582e-02 5.220888e-02 7.119355e-02 7.028944e-02 6.926790e-02 6.823295e-02 6.662704e-02
5.937959e-02 5.908498e-02 4.333193e-02 5.451913e-02 6.035309e-02 5.290879e-02 5.284222e-02 5.236368e-02 5.342282e-02 5.597878e-02 5.694805e-02 5.582655e-02 5.513349e-02 5.518594e-02 5.572845e-02 5.673131e-02 4.518397e-02 5.736822e-02 6.353579e-02 6.662797e-02 6.597667e-02 6.135188e-02 5.972806e-02 6.237092e-02 4.946229e-02 0.000000e+00 6.239113e-02 7.440751e-02 7.952874e-02 8.233713e-02 8.215187e-02 8.014608e-02 7.601186e-02 6.968967e-02 5.912147e-02 6.178626e-02 0.000000e+00 5.151254e-02 4.716904e-02 4.871037e-02 4.949422e-02 4.968018e-02 5.022631e-02 6.193701e-02 6.901067e-02 7.022457e-02 6.445758e-02 7.268062e-02 7.188741e-02 7.079482e-02 6.988445e-02 6.875222e-02
5.980815e-02 6.041973e-02 5.876231e-02 6.591194e-02 5.299403e-02 5.318784e-02 5.352286e-02 5.359637e-02 5.516303e-02 7.154507e-02 6.723164e-02 6.137462e-02 5.638488e-02 5.492322e-02 5.471269e-02 5.548590e-02 5.789884e-02 6.183041e-02 6.526124e-02 6.798339e-02 6.691876e-02 6.106510e-02 7.480898e-02 7.919409e-02 7.757766e-02 0.000000e+00 6.478736e-02 7.608618e-02 8.108219e-02 8.432232e-02 8.468949e-02 8.105579e-02 7.761890e-02 7.426025e-02 6.606175e-02 7.888715e-02 0.000000e+00 0.000000e+00 4.705736e-02 4.838353e-02 4.833980e-02 4.816002e-02 5.983962e-02 6.596951e-02 6.995704e-02 7.139203e-02 6.978639e-02 7.362797e-02 7.347827e-02 7.242915e-02 7.118627e-02 7.068460e-02
6.055265e-02 6.171480e-02 7.539481e-02 5.597145e-02 5.351425e-02 5.376981e-02 5.433843e-02 5.465068e-02 5.634938e-02 5.975994e-02 6.106898e-02 6.000409e-02 5.805976e-02 5.565080e-02 5.478429e-02 5.565941e-02 5.785314e-02 6.124767e-02 6.443329e-02 6.723299e-02 6.616293e-02 5.990746e-02 4.364134e-02 4.751653e-02 6.116773e-02 0.000000e+00 6.479465e-02 7.690270e-02 8.224350e-02 8.386393e-02 8.422748e-02 8.387923e-02 7.910707e-02 7.805091e-02 9.004860e-02 9.407641e-02 4.606256e-02 0.000000e+00 4.887756e-02 4.827399e-02 4.870692e-02 4.843790e-02 6.445492e-02 6.828676e-02 7.103148e-02 7.238931e-02 7.217767e-02 7.399519e-02 7.429890e-02 7.369452e-02 7.255200e-02 7.217891e-02
6.178065e-02 6.276346e-02 6.140419e-02 5.707283e-02 5.462959e-02 5.502269e-02 5.553872e-02 5.597123e-02 5.736042e-02 4.546634e-02 7.781961e-02 8.875387e-02 8.258450e-02 9.823166e-02 1.032572e-01 1.018332e-01 1.006727e-01 9.984142e-02 9.854103e-02 9.688282e-02 9.145156e-02 8.178378e-02 7.800970e-02 7.983639e-02 0.000000e+00 0.000000e+00 5.641042e-02 7.129705e-02 7.903997e-02 8.326125e-02 8.429596e-02 8.278027e-02 8.165173e-02 8.072513e-02 7.638637e-02 8.387909e-02 9.340646e-02 0.000000e+00 5.075340e-02 4.992450e-02 5.041614e-02 6.150289e-02 6.880868e-02 7.109284e-02 7.276190e-02 7.353836e-02 7.331244e-02 7.386134e-02 7.427081e-02 7.441974e-02 7.398066e-02 7.330207e-02
6.327833e-02 6.342083e-02 6.179838e-02 5.794476e-02 5.660553e-02 5.658675e-02 5.703291e-02 5.795122e-02 5.893443e-02 7.440725e-02 6.173403e-02 6.305728e-02 7.764018e-02 5.982464e-02 5.883105e-02 7.491324e-02 7.130761e-02 6.814759e-02 6.565903e-02 6.708965e-02 6.656858e-02 6.301300e-02 6.302901e-02 6.755553e-02 0.000000e+00 2.059836e-02 6.147066e-02 7.308384e-02 7.884244e-02 8.117980e-02 8.202777e-02 8.231572e-02 8.244689e-02 8.259067e-02 7.798262e-02 8.977104e-02 9.533055e-02 0.000000e+00 0.000000e+00 5.327360e-02 6.387368e-02 6.939495e-02 7.239002e-02 7.340092e-02 7.410764e-02 7.443466e-02 7.410835e-02 7.384427e-02 7.378776e-02 7.398917e-02 7.389788e-02 7.297240e-02
6.489120e-02 6.289420e-02 6.000867e-02 6.016520e-02 5.875803e-02 5.803932e-02 5.850273e-02 5.969074e-02 6.050587e-02 6.077786e-02 6.174642e-02 6.340918e-02 6.351558e-02 6.148274e-02 6.082761e-02 6.228789e-02 7.924327e-02 9.249941e-02 1.004824e-01 9.875391e-02 9.869836e-02 9.298971e-02 8.947867e-02 8.796573e-02 0.000000e+00 2.077980e-02 6.137618e-02 7.194406e-02 7.655592e-02 7.789490e-02 7.936816e-02 8.180284e-02 8.318448e-02 8.346187e-02 8.062434e-02 7.549876e-02 9.433952e-02 9.469635e-02 0.000000e+00 7.089820e-02 7.501250e-02 7.532612e-02 7.553704e-02 7.523796e-02 7.491315e-02 7.494028e-02 7.482949e-02 7.411010e-02 7.301625e-02 7.235298e-02 7.201789e-02 7.094445e-02
6.358860e-02 5.620428e-02 5.998960e-02 6.021921e-02 5.896913e-02 5.880999e-02 5.889421e-02 6.011871e-02 6.094719e-02 6.107210e-02 6.171193e-02 6.324971e-02 6.362276e-02 6.253945e-02 6.230140e-02 6.351092e-02 6.501948e-02 6.660731e-02 6.818345e-02 8.680418e-02 8.219302e-02 7.761482e-02 7.385434e-02 7.339137e-02 0.000000e+00 2.087966e-02 6.103104e-02 7.065921e-02 7.466343e-02 7.589674e-02 8.959757e-02 8.610390e-02 8.459159e-02 8.459432e-02 8.491267e-02 8.514744e-02 8.928838e-02 9.704077e-02 0.000000e+00 0.000000e+00 7.919076e-02 7.733214e-02 7.719890e-02 7.609462e-02 7.520421e-02 7.489826e-02 7.474724e-02 7.395510e-02 7.243929e-02 7.129724e-02 7.091966e-02 6.981846e-02
4.862208e-02 5.799980e-02 5.752967e-02 5.679733e-02 5.882287e-02 5.811471e-02 5.825524e-02 5.916407e-02 6.010746e-02 6.072346e-02 6.178768e-02 6.244810e-02 6.305127e-02 6.313181e-02 6.320899e-02 6.403960e-02 6.541088e-02 6.712245e-02 6.896696e-02 7.079562e-02 8.985964e-02 9.310448e-02 9.299379e-02 9.127602e-02 0.000000e+00 5.779915e-02 7.078689e-02 8.983871e-02 9.076441e-02 9.109686e-02 7.695139e-02 8.598387e-02 8.407496e-02 8.094264e-02 8.224435e-02 8.122342e-02 8.461411e-02 9.107700e-02 9.892784e-02 0.000000e+00 0.000000e+00 7.728695e-02 7.593593e-02 7.582609e-02 7.490841e-02 7.433620e-02 7.381443e-02 7.315614e-02 7.197135e-02 7.106870e-02 7.106103e-02 7.021192e-02
5.789231e-02 5.711868e-02 4.974783e-02 5.632416e-02 5.636460e-02 5.662603e-02 5.665164e-02 5.687200e-02 5.781544e-02 6.080598e-02 6.114303e-02 6.142292e-02 6.264159e-02 6.345549e-02 6.408346e-02 6.481322e-02 6.589667e-02 6.749463e-02 6.935042e-02 7.119158e-02 5.261219e-02 5.266870e-02 7.312700e-02 5.546141e-02 0.000000e+00 5.774048e-02 7.081996e-02 7.915795e-02 7.800409e-02 7.320156e-02 6.863338e-02 7.086086e-02 7.274112e-02 7.397133e-02 7.579759e-02 7.831432e-02 7.778178e-02 7.975041e-02 6.930000e-02 1.025200e-01 0.000000e+00 0.000000e+00 7.201911e-02 7.354144e-02 7.364257e-02 7.360409e-02 7.317784e-02 7.280724e-02 7.197358e-02 7.083027e-02 7.019725e-02 6.938417e-02
6.093706e-02 4.120561e-02 5.159355e-02 4.990371e-02 5.197448e-02 5.276680e-02 5.275910e-02 5.223146e-02 5.757163e-02 5.822556e-02 5.947916e-02 6.114922e-02 6.151208e-02 6.302469e-02 6.473333e-02 6.545605e-02 6.662281e-02 6.815663e-02 6.923372e-02 5.230163e-02 6.440269e-02 6.872192e-02 5.282647e-02 6.756129e-02 0.000000e+00 6.774865e-02 7.762204e-02 7.807749e-02 6.681434e-02 5.441847e-02 5.498710e-02 5.605751e-02 5.728682e-02 5.847452e-02 6.007812e-02 6.216498e-02 7.975107e-02 8.110753e-02 8.593093e-02 8.904858e-02 1.068059e-01 0.000000e+00 6.135242e-02 6.539600e-02 7.106124e-02 7.259140e-02 7.290039e-02 7.299417e-02 7.260277e-02 7.073355e-02 6.854013e-02 4.986931e-02
5.899658e-02 5.327588e-02 3.858513e-02 4.056716e-02 4.212056e-02 4.310594e-02 4.303819e-02 5.454463e-02 5.081736e-02 5.303740e-02 5.874745e-02 5.780029e-02 5.866417e-02 6.180397e-02 6.317613e-02 6.458712e-02 6.623588e-02 6.676842e-02 5.194434e-02 6.455550e-02 6.967408e-02 7.055163e-02 7.203216e-02 7.534780e-02 0.000000e+00 6.734785e-02 7.666597e-02 5.446169e-02 5.391530e-02 6.650065e-02 7.227669e-02 7.522801e-02 7.765112e-02 8.029943e-02 8.326672e-02 8.248457e-02 6.202101e-02 6.260030e-02 7.564416e-02 7.293709e-02 5.938778e-02 0.000000e+00 0.000000e+00 5.961461e-02 6.820703e-02 7.100801e-02 7.176994e-02 7.175041e-02 7.149340e-02 6.918561e-02 4.898200e-02 7.096404e-02
5.627942e-02 5.236848e-02 4.996635e-02 5.058592e-02 5.192054e-02 5.353619e-02 5.382338e-02 4.046451e-02 4.068682e-02 5.406627e-02 5.147533e-02 5.187334e-02 5.692420e-02 5.757952e-02 5.983289e-02 6.209164e-02 6.051117e-02 5.140662e-02 6.415618e-02 7.000343e-02 7.211863e-02 7.177767e-02 7.225557e-02 7.441917e-02 0.000000e+00 6.632017e-02 7.584543e-02 7.763614e-02 7.707636e-02 7.631055e-02 7.572588e-02 7.528018e-02 7.589071e-02 7.768197e-02 8.027213e-02 8.347146e-02 8.286266e-02 8.134438e-02 8.206603e-02 8.606816e-02 8.996942e-02 9.856674e-02 0.000000e+00 0.000000e+00 6.259141e-02 6.892129e-02 5.038973e-02 6.884750e-02 6.835597e-02 4.867911e-02 6.817211e-02 7.249000e-02
5.252654e-02 5.116145e-02 5.030432e-02 5.033678e-02 5.081788e-02 5.165926e-02 5.160592e-02 5.031896e-02 5.009380e-02 4.029224e-02 4.103957e-02 5.257192e-02 5.000340e-02 5.161372e-02 5.413677e-02 4.776249e-02 4.974399e-02 6.287452e-02 6.926223e-02 7.207621e-02 7.299342e-02 7.258925e-02 7.261931e-02 7.357629e-02 0.000000e+00 6.576285e-02 7.602776e-02 7.916748e-02 7.924567e-02 7.800385e-02 7.668337e-02 7.534176e-02 7.482033e-02 7.530915e-02 7.716180e-02 8.032042e-02 8.315139e-02 8.357440e-02 6.043390e-02 5.998342e-02 7.092469e-02 6.586688e-02 9.709833e-02 0.000000e+00 5.905109e-02 6.302453e-02 4.965140e-02 4.875256e-02 4.833372e-02 4.954149e-02 7.063587e-02 7.159153e-02
4.779993e-02 4.929349e-02 5.033592e-02 5.087641e-02 5.104679e-02 5.079323e-02 5.020089e-02 4.932207e-02 4.877959e-02 4.874361e-02 4.917667e-02 3.928587e-02 4.023339e-02 4.144147e-02 4.372315e-02 5.629129e-02 6.366131e-02 6.860789e-02 7.137809e-02 7.238126e-02 7.254000e-02 7.208794e-02 9.061643e-02 9.373876e-02 0.000000e+00 6.803115e-02 7.794144e-02 8.164513e-02 8.198508e-02 8.034365e-02 7.840482e-02 7.628398e-02 7.474228e-02 7.393044e-02 7.456819e-02 7.686774e-02 7.956489e-02 8.224168e-02 8.427041e-02 8.308168e-02 8.450870e-02 8.149994e-02 7.146740e-02 0.000000e+00 0.000000e+00 5.832517e-02 4.918422e-02 4.912771e-02 4.887917e-02 7.107401e-02 7.321170e-02 7.226693e-02
3.657146e-02 4.539628e-02 4.971895e-02 5.185978e-02 5.233475e-02 5.116528e-02 5.013054e-02 4.979327e-02 4.887598e-02 4.688105e-02 4.605667e-02 4.709981e-02 4.916407e-02 5.188262e-02 5.564711e-02 6.033979e-02 6.468464e-02 6.859342e-02 7.080122e-02 7.121990e-02 7.081828e-02 6.983290e-02 5.139081e-02 0.000000e+00 0.000000e+00 6.195582e-02 7.477292e-02 8.104140e-02 8.304834e-02 8.224953e-02 8.043279e-02 7.786406e-02 7.554574e-02 7.366314e-02 7.279240e-02 7.321839e-02 7.540588e-02 7.901566e-02 8.221885e-02 8.391003e-02 8.363101e-02 8.512603e-02 7.947703e-02 7.025783e-02 0.000000e+00 0.000000e+00 5.525651e-02 5.010661e-02 5.130484e-02 5.293027e-02 5.428803e-02 6.750085e-02
-9.999000e+03 -9.999000e+03 -9.999000e+03 -9.999000e+03 -9.999000e+03 -9.999000e+03 -9.999000e+03 3.990890e-02 3.905071e-02 3.663616e-02 3.555969e-02 3.652083e-02 4.545361e-02 5.157609e-02 5.626507e-02 6.012674e-02 6.382530e-02 6.760573e-02 6.956751e-02 6.951703e-02 6.871810e-02 6.731161e-02 6.833759e-02 0.000000e+00 2.058009e-02 5.889649e-02 7.031087e-02 7.833587e-02 8.245077e-02 8.345053e-02 8.247338e-02 7.982738e-02 7.689747e-02 7.392641e-02 7.160901e-02 7.026072e-02 7.154986e-02 7.550312e-02 7.945795e-02 8.291666e-02 8.372507e-02 8.339753e-02 8.564735e-02 7.796506e-02 6.588315e-02 0.000000e+00 0.000000e+00 5.007326e-02 5.397100e-02 5.503595e-02 5.556042e-02 5.545723e-02
-9.999000e+03 -9.999000e+03 -9.999000e+03 -9.999000e+03 -9.999000e+03 -9.999000e+03 -9.999000e+03 -9.999000e+03 -9.999000e+03 -9.999000e+03 4.292017e-02 4.344981e-02 3.921942e-02 4.280746e-02 5.397734e-02 5.884744e-02 6.238665e-02 6.621008e-02 6.797702e-02 6.746276e-02 6.657976e-02 6.555405e-02 6.713138e-02 0.000000e+00 2.051960e-02 5.823574e-02 6.935834e-02 7.765896e-02 8.251165e-02 8.402005e-02 8.472359e-02 8.198779e-02 7.861133e-02 7.469536e-02 7.144926e-02 6.926662e-02 6.944095e-02 7.210954e-02 7.590114e-02 8.040797e-02 8.378988e-02 8.332350e-02 8.429455e-02 8.396365e-02 7.309507e-02 6.071379e-02 0.000000e+00 0.000000e+00 5.525424e-02 5.665267e-02 -9.999000e+03 -9.999000e+03
