tests/data/reference/test_implicit_stream_rill_mfda/mvel_m_s.asc
ncols	123
nrows	77
xllcorner	-713746.79929998
yllcorner	-1061022.36961616
cellsize	10.0
NODATA_value	-9999
[rows 46 to 68 of 77, columns 0 to 51 of 123]
-9.999000e+03 -9.999000e+03 -9.999000e+03 -9.999000e+03 -9.999000e+03 -9.999000e+03 1.069089e-01 3.678034e-02 3.076247e-02 3.182673e-02 2.700481e-02 3.289635e-02 3.574828e-02 3.607978e-02 3.607060e-02 3.582212e-02 3.602671e-02 3.644189e-02 3.786605e-02 4.106752e-02 4.371841e-02 4.290873e-02 4.314059e-02 4.242822e-02 4.478322e-02 4.729366e-02 4.806273e-02 4.694902e-02 4.649066e-02 4.686578e-02 4.701791e-02 9.424030e-02 9.692568e-02 4.907305e-02 5.091907e-02 5.301544e-02 5.536126e-02 5.763657e-02 5.946028e-02 6.104378e-02 6.199935e-02 6.225232e-02 6.244285e-02 6.290106e-02 6.264549e-02 6.144016e-02 6.032721e-02 5.916247e-02 5.723288e-02 5.449816e-02 5.283054e-02 5.300386e-02
-9.999000e+03 -9.999000e+03 -9.999000e+03 -9.999000e+03 -9.999000e+03 -9.999000e+03 1.531733e-02 3.112225e-02 3.175913e-02 3.325015e-02 2.929494e-02 3.577888e-02 3.735916e-02 3.811132e-02 3.839519e-02 3.741140e-02 3.603891e-02 3.514662e-02 3.624279e-02 3.949099e-02 3.472495e-02 3.593817e-02 3.655016e-02 3.649881e-02 4.353677e-02 4.722529e-02 4.828952e-02 8.383854e-02 8.688735e-02 9.121466e-02 9.400280e-02 4.848742e-02 4.919961e-02 5.068765e-02 5.238569e-02 5.400409e-02 5.577965e-02 5.773187e-02 5.938646e-02 6.097886e-02 6.238608e-02 6.343571e-02 6.418126e-02 6.469398e-02 6.450768e-02 6.337806e-02 6.208857e-02 6.094940e-02 5.953897e-02 5.728877e-02 5.503270e-02 5.382942e-02
-9.999000e+03 -9.999000e+03 -9.999000e+03 -9.999000e+03 -9.999000e+03 9.576656e-02 2.886512e-02 3.674938e-02 2.808567e-02 2.858655e-02 3.307648e-02 3.507565e-02 3.691041e-02 3.846691e-02 3.842053e-02 3.819652e-02 3.690832e-02 3.556923e-02 3.636839e-02 3.935657e-02 4.962149e-02 5.779697e-02 6.479866e-02 7.194713e-02 7.580270e-02 8.024431e-02 8.404251e-02 4.860183e-02 4.859307e-02 4.955065e-02 4.986960e-02 4.964187e-02 5.033398e-02 5.152328e-02 5.269300e-02 5.378040e-02 5.519291e-02 5.718562e-02 5.892927e-02 6.039633e-02 6.184782e-02 6.319590e-02 6.430007e-02 6.510846e-02 6.533176e-02 6.473579e-02 6.357170e-02 6.216409e-02 6.095358e-02 5.950176e-02 5.749561e-02 5.553044e-02
-9.999000e+03 -9.999000e+03 -9.999000e+03 -9.999000e+03 1.352418e-01 1.116687e-02 3.237033e-02 3.733717e-02 2.654881e-02 2.547737e-02 2.992577e-02 3.216220e-02 3.587404e-02 3.537470e-02 3.726595e-02 3.803411e-02 3.770246e-02 3.647305e-02 3.725028e-02 4.007989e-02 4.263809e-02 4.474682e-02 4.717877e-02 4.898852e-02 5.016247e-02 5.041783e-02 5.062657e-02 5.059204e-02 5.046386e-02 5.069669e-02 5.080703e-02 5.048937e-02 5.049432e-02 5.088800e-02 5.151965e-02 5.230232e-02 5.362865e-02 5.587050e-02 5.795661e-02 5.952943e-02 6.080691e-02 6.194335e-02 6.309105e-02 6.416611e-02 6.491571e-02 6.511871e-02 6.447579e-02 6.299810e-02 6.179863e-02 6.110666e-02 5.951924e-02 5.734258e-02
-9.999000e+03 -9.999000e+03 -9.999000e+03 -9.999000e+03 1.069370e-01 3.098610e-02 3.152513e-02 3.111405e-02 2.722667e-02 2.354300e-02 2.813413e-02 3.546649e-02 2.785090e-02 3.402009e-02 3.655748e-02 3.799353e-02 3.803380e-02 3.673219e-02 3.748704e-02 4.038283e-02 4.337339e-02 4.671643e-02 4.812399e-02 5.117251e-02 5.251469e-02 5.264353e-02 5.302306e-02 5.347965e-02 5.332458e-02 5.298186e-02 5.297464e-02 5.280321e-02 5.247355e-02 5.220292e-02 5.216662e-02 5.241553e-02 5.318671e-02 5.488089e-02 5.690244e-02 5.873813e-02 5.987646e-02 6.049031e-02 6.135543e-02 6.245691e-02 6.353070e-02 6.436570e-02 6.434050e-02 6.326018e-02 6.238383e-02 6.169934e-02 6.072579e-02 5.850189e-02
-9.999000e+03 -9.999000e+03 -9.999000e+03 9.851968e-02 9.737814e-03 3.017636e-02 2.473286e-02 2.570261e-02 2.224116e-02 2.537851e-02 3.003075e-02 2.793479e-02 2.619425e-02 3.254445e-02 3.583243e-02 3.762288e-02 3.790192e-02 3.681807e-02 3.739767e-02 4.020945e-02 4.697270e-02 4.545864e-02 4.983835e-02 5.279147e-02 5.445208e-02 5.500080e-02 5.568390e-02 5.646854e-02 5.649064e-02 5.595036e-02 5.572085e-02 5.558625e-02 5.530070e-02 5.480305e-02 5.423471e-02 5.390081e-02 5.386746e-02 5.447445e-02 5.606842e-02 5.814319e-02 5.913732e-02 5.907414e-02 5.941942e-02 6.027659e-02 6.141935e-02 6.268300e-02 6.332473e-02 6.304722e-02 6.075755e-02 6.084550e-02 6.013052e-02 5.824869e-02
-9.999000e+03 -9.999000e+03 -9.999000e+03 8.987642e-02 2.611166e-02 2.459832e-02 2.115719e-02 1.877788e-02 2.090151e-02 2.171612e-02 2.519405e-02 2.512283e-02 2.387245e-02 3.048633e-02 3.445255e-02 3.637288e-02 3.699976e-02 3.642112e-02 3.631876e-02 4.682507e-02 3.502577e-02 4.382828e-02 4.818758e-02 5.131638e-02 5.364604e-02 5.497430e-02 5.597960e-02 5.692315e-02 5.709420e-02 5.646300e-02 5.596668e-02 5.574013e-02 5.570523e-02 5.566039e-02 5.547302e-02 5.536055e-02 5.510974e-02 5.483514e-02 5.583636e-02 5.799824e-02 5.901873e-02 5.862680e-02 5.848091e-02 5.877306e-02 5.953585e-02 6.074746e-02 6.179480e-02 5.694805e-02 5.696900e-02 5.675802e-02 5.612425e-02 9.404051e-02
-9.999000e+03 -9.999000e+03 7.426982e-02 5.505696e-03 2.276104e-02 2.226817e-02 1.632068e-02 1.467552e-02 1.599528e-02 1.390675e-02 1.874476e-02 2.068859e-02 2.034381e-02 2.777279e-02 3.224337e-02 3.414246e-02 3.537895e-02 3.549190e-02 3.893254e-02 3.357114e-02 3.059960e-02 3.837739e-02 4.292977e-02 4.663031e-02 5.014211e-02 5.249541e-02 5.394701e-02 5.509040e-02 5.541437e-02 5.475493e-02 5.398429e-02 5.361336e-02 5.400874e-02 5.491708e-02 5.564695e-02 5.630013e-02 5.640631e-02 5.581287e-02 5.611429e-02 5.793087e-02 5.914638e-02 5.904185e-02 5.862654e-02 5.822683e-02 5.837746e-02 5.926008e-02 4.573102e-02 4.651378e-02 4.663251e-02 4.615319e-02 9.836643e-02 5.994152e-02
-9.999000e+03 -9.999000e+03 8.653673e-03 2.124876e-02 2.091533e-02 1.664087e-02 1.306690e-02 1.644097e-02 1.651680e-02 7.883957e-03 1.458278e-02 1.719961e-02 1.722677e-02 2.496804e-02 2.869894e-02 2.995546e-02 3.137989e-02 3.239072e-02 3.060262e-02 2.954044e-02 2.502250e-02 3.141233e-02 3.604709e-02 4.028130e-02 4.420954e-02 4.767948e-02 5.025538e-02 5.195784e-02 5.277951e-02 5.254638e-02 5.181731e-02 5.118433e-02 5.181823e-02 5.312766e-02 5.441752e-02 5.550839e-02 5.601308e-02 5.574642e-02 5.599314e-02 5.733447e-02 5.851979e-02 5.893477e-02 5.879456e-02 5.837395e-02 5.849473e-02 5.943325e-02 6.036468e-02 6.136841e-02 9.557034e-02 1.018508e-01 6.018643e-02 6.007559e-02
-9.999000e+03 6.321102e-02 1.306113e-02 2.452106e-02 1.957753e-02 1.035744e-02 1.745742e-02 1.737822e-02 -9.999000e+03 -9.999000e+03 -9.999000e+03 1.434930e-02 1.582502e-02 2.087627e-02 2.308448e-02 2.320980e-02 2.424566e-02 2.603950e-02 2.417685e-02 1.770290e-02 1.620919e-02 2.176904e-02 2.822938e-02 3.175116e-02 3.571470e-02 4.080740e-02 4.459275e-02 4.729554e-02 4.890800e-02 4.939591e-02 4.901087e-02 4.881629e-02 4.901476e-02 5.065115e-02 5.214943e-02 5.348355e-02 5.424126e-02 5.440465e-02 5.517917e-02 5.657065e-02 5.768529e-02 5.831219e-02 5.859452e-02 5.845369e-02 5.893084e-02 6.024875e-02 7.557739e-02 8.687899e-02 6.166557e-02 6.061788e-02 6.046546e-02 6.105353e-02
-9.999000e+03 1.014251e-01 2.072991e-02 1.945819e-02 1.558173e-02 1.605319e-02 -9.999000e+03 -9.999000e+03 -9.999000e+03 -9.999000e+03 -9.999000e+03 -9.999000e+03 1.705267e-02 1.987250e-02 2.351853e-02 2.490306e-02 2.320430e-02 2.781495e-02 2.661609e-02 1.870467e-02 1.403764e-02 1.449570e-02 1.854978e-02 2.311345e-02 2.922779e-02 3.385093e-02 3.780888e-02 4.106082e-02 4.306840e-02 4.398108e-02 4.625849e-02 4.532050e-02 4.634521e-02 4.819941e-02 5.008373e-02 5.170741e-02 5.255366e-02 5.262210e-02 5.374159e-02 5.606530e-02 5.738334e-02 5.798186e-02 5.800423e-02 5.807031e-02 5.920273e-02 6.051462e-02 6.147454e-02 6.199914e-02 6.165181e-02 6.078617e-02 6.113049e-02 6.267284e-02
9.934912e-02 1.200324e-02 2.129909e-02 1.583309e-02 9.624213e-03 1.983850e-02 -9.999000e+03 -9.999000e+03 -9.999000e+03 -9.999000e+03 -9.999000e+03 -9.999000e+03 -9.999000e+03 -9.999000e+03 -9.999000e+03 2.375170e-02 2.875718e-02 2.530738e-02 2.378106e-02 2.146060e-02 2.460830e-02 -9.999000e+03 -9.999000e+03 1.853814e-02 2.322755e-02 2.599328e-02 2.894085e-02 3.181204e-02 3.324574e-02 4.068691e-02 3.990577e-02 4.200435e-02 4.300232e-02 4.556808e-02 4.785345e-02 4.960275e-02 5.042076e-02 5.032174e-02 5.245237e-02 5.516866e-02 5.702936e-02 5.656046e-02 5.663156e-02 5.809222e-02 5.849347e-02 6.008694e-02 6.171645e-02 6.178814e-02 6.158583e-02 6.077273e-02 6.208789e-02 6.428133e-02
7.968819e-02 1.501580e-02 1.398823e-02 1.392887e-02 2.021608e-02 -9.999000e+03 -9.999000e+03 -9.999000e+03 -9.999000e+03 -9.999000e+03 -9.999000e+03 -9.999000e+03 -9.999000e+03 -9.999000e+03 -9.999000e+03 -9.999000e+03 -9.999000e+03 -9.999000e+03 -9.999000e+03 -9.999000e+03 -9.999000e+03 -9.999000e+03 -9.999000e+03 1.738884e-02 2.207752e-02 2.382470e-02 2.956743e-02 3.399179e-02 3.555927e-02 2.920958e-02 3.529173e-02 3.556172e-02 3.789618e-02 4.136628e-02 4.385693e-02 4.522265e-02 4.603657e-02 4.895790e-02 4.996792e-02 5.343561e-02 5.271225e-02 5.289204e-02 5.714870e-02 5.569342e-02 5.621276e-02 5.897038e-02 5.861838e-02 5.931026e-02 5.921783e-02 5.990313e-02 6.070142e-02 6.484834e-02
-9.999000e+03 2.113966e-02 1.986411e-02 2.373393e-02 -9.999000e+03 -9.999000e+03 -9.999000e+03 -9.999000e+03 -9.999000e+03 -9.999000e+03 -9.999000e+03 -9.999000e+03 -9.999000e+03 -9.999000e+03 -9.999000e+03 -9.999000e+03 -9.999000e+03 -9.999000e+03 -9.999000e+03 -9.999000e+03 -9.999000e+03 -9.999000e+03 -9.999000e+03 -9.999000e+03 -9.999000e+03 -9.999000e+03 2.603508e-02 2.819142e-02 3.192110e-02 2.937944e-02 2.447206e-02 2.644501e-02 2.971150e-02 3.372245e-02 3.555574e-02 3.599956e-02 4.535798e-02 4.419489e-02 4.633646e-02 4.198679e-02 4.329812e-02 5.567306e-02 5.191452e-02 5.168097e-02 5.601015e-02 5.231886e-02 5.279325e-02 5.321038e-02 5.789482e-02 5.584420e-02 5.903478e-02 5.896448e-02
-9.999000e+03 -9.999000e+03 -9.999000e+03 -9.999000e+03 -9.999000e+03 -9.999000e+03 -9.999000e+03 -9.999000e+03 -9.999000e+03 -9.999000e+03 -9.999000e+03 -9.999000e+03 -9.999000e+03 -9.999000e+03 -9.999000e+03 -9.999000e+03 -9.999000e+03 -9.999000e+03 -9.999000e+03 -9.999000e+03 -9.999000e+03 -9.999000e+03 -9.999000e+03 -9.999000e+03 -9.999000e+03 -9.999000e+03 -9.999000e+03 -9.999000e+03 2.699244e-02 2.674677e-02 2.228300e-02 2.412993e-02 2.793934e-02 3.724334e-02 4.087714e-02 4.044126e-02 3.387664e-02 3.613925e-02 3.827468e-02 4.791304e-02 5.233170e-02 4.214545e-02 4.252874e-02 5.496989e-02 4.283278e-02 4.288449e-02 4.269438e-02 5.497530e-02 5.090639e-02 5.539200e-02 4.478152e-02 4.824658e-02
-9.999000e+03 -9.999000e+03 -9.999000e+03 -9.999000e+03 -9.999000e+03 -9.999000e+03 -9.999000e+03 -9.999000e+03 -9.999000e+03 -9.999000e+03 -9.999000e+03 -9.999000e+03 -9.999000e+03 -9.999000e+03 -9.999000e+03 -9.999000e+03 -9.999000e+03 -9.999000e+03 -9.999000e+03 -9.999000e+03 -9.999000e+03 -9.999000e+03 -9.999000e+03 -9.999000e+03 -9.999000e+03 -9.999000e+03 -9.999000e+03 -9.999000e+03 -9.999000e+03 2.336774e-02 2.732098e-02 2.928518e-02 3.353395e-02 3.378080e-02 3.459741e-02 3.254946e-02 3.267972e-02 3.530027e-02 4.377282e-02 4.805122e-02 5.017215e-02 5.104622e-02 5.244110e-02 4.221332e-02 5.108557e-02 5.412584e-02 5.426669e-02 4.074309e-02 5.277707e-02 4.284728e-02 5.356109e-02 6.031576e-02
-9.999000e+03 -9.999000e+03 -9.999000e+03 -9.999000e+03 -9.999000e+03 -9.999000e+03 -9.999000e+03 -9.999000e+03 -9.999000e+03 -9.999000e+03 -9.999000e+03 -9.999000e+03 -9.999000e+03 -9.999000e+03 -9.999000e+03 -9.999000e+03 -9.999000e+03 -9.999000e+03 -9.999000e+03 -9.999000e+03 -9.999000e+03 -9.999000e+03 -9.999000e+03 -9.999000e+03 -9.999000e+03 -9.999000e+03 -9.999000e+03 -9.999000e+03 -9.999000e+03 -9.999000e+03 3.058955e-02 -9.999000e+03 -9.999000e+03 -9.999000e+03 -9.999000e+03 -9.999000e+03 -9.999000e+03 -9.999000e+03 3.717407e-02 4.476658e-02 4.734489e-02 4.764710e-02 4.908099e-02 5.196210e-02 5.377054e-02 5.430813e-02 5.324787e-02 5.041501e-02 3.979258e-02 5.108901e-02 5.690096e-02 5.992828e-02
-9.999000e+03 -9.999000e+03 -9.999000e+03 -9.999000e+03 -9.999000e+03 -9.999000e+03 -9.999000e+03 -9.999000e+03 -9.999000e+03 -9.999000e+03 -9.999000e+03 -9.999000e+03 -9.999000e+03 -9.999000e+03 -9.999000e+03 -9.999000e+03 -9.999000e+03 -9.999000e+03 -9.999000e+03 -9.999000e+03 -9.999000e+03 -9.999000e+03 -9.999000e+03 -9.999000e+03 -9.999000e+03 -9.999000e+03 -9.999000e+03 -9.999000e+03 -9.999000e+03 -9.999000e+03 -9.999000e+03 -9.999000e+03 -9.999000e+03 -9.999000e+03 -9.999000e+03 -9.999000e+03 -9.999000e+03 -9.999000e+03 -9.999000e+03 -9.999000e+03 -9.999000e+03 3.735548e-02 3.821874e-02 4.056916e-02 4.958146e-02 5.241330e-02 5.194075e-02 4.903545e-02 4.996599e-02 5.514507e-02 5.797708e-02 5.799801e-02
-9.999000e+03 -9.999000e+03 -9.999000e+03 -9.999000e+03 -9.999000e+03 -9.999000e+03 -9.999000e+03 -9.999000e+03 -9.999000e+03 -9.999000e+03 -9.999000e+03 -9.999000e+03 -9.999000e+03 -9.999000e+03 -9.999000e+03 -9.999000e+03 -9.999000e+03 -9.999000e+03 -9.999000e+03 -9.999000e+03 -9.999000e+03 -9.999000e+03 -9.999000e+03 -9.999000e+03 -9.999000e+03 -9.999000e+03 -9.999000e+03 -9.999000e+03 -9.999000e+03 -9.999000e+03 -9.999000e+03 -9.999000e+03 -9.999000e+03 -9.999000e+03 -9.999000e+03 -9.999000e+03 -9.999000e+03 -9.999000e+03 -9.999000e+03 -9.999000e+03 -9.999000e+03 -9.999000e+03 -9.999000e+03 -9.999000e+03 4.219267e-02 4.161072e-02 4.826836e-02 4.862024e-02 3.987766e-02 5.173587e-02 5.603033e-02 5.453243e-02
-9.999000e+03 -9.999000e+03 -9.999000e+03 -9.999000e+03 -9.999000e+03 -9.999000e+03 -9.999000e+03 -9.999000e+03 -9.999000e+03 -9.999000e+03 -9.999000e+03 -9.999000e+03 -9.999000e+03 -9.999000e+03 -9.999000e+03 -9.999000e+03 -9.999000e+03 -9.999000e+03 -9.999000e+03 -9.999000e+03 -9.999000e+03 -9.999000e+03 -9.999000e+03 -9.999000e+03 -9.999000e+03 -9.999000e+03 -9.999000e+03 -9.999000e+03 -9.999000e+03 -9.999000e+03 -9.999000e+03 -9.999000e+03 -9.999000e+03 -9.999000e+03 -9.999000e+03 -9.999000e+03 -9.999000e+03 -9.999000e+03 -9.999000e+03 -9.999000e+03 -9.999000e+03 -9.999000e+03 -9.999000e+03 -9.999000e+03 -9.999000e+03 -9.999000e+03 -9.999000e+03 -9.999000e+03 -9.999000e+03 -9.999000e+03 4.365744e-02 4.794766e-02
-9.999000e+03 -9.999000e+03 -9.999000e+03 -9.999000e+03 -9.999000e+03 -9.999000e+03 -9.999000e+03 -9.999000e+03 -9.999000e+03 -9.999000e+03 -9.999000e+03 -9.999000e+03 -9.999000e+03 -9.999000e+03 -9.999000e+03 -9.999000e+03 -9.999000e+03 -9.999000e+03 -9.999000e+03 -9.999000e+03 -9.999000e+03 -9.999000e+03 -9.999000e+03 -9.999000e+03 -9.999000e+03 -9.999000e+03 -9.999000e+03 -9.999000e+03 -9.999000e+03 -9.999000e+03 -9.999000e+03 -9.999000e+03 -9.999000e+03 -9.999000e+03 -9.999000e+03 -9.999000e+03 -9.999000e+03 -9.999000e+03 -9.999000e+03 -9.999000e+03 -9.999000e+03 -9.999000e+03 -9.999000e+03 -9.999000e+03 -9.999000e+03 -9.999000e+03 -9.999000e+03 -9.999000e+03 -9.999000e+03 -9.999000e+03 -9.999000e+03 3.861133e-02
-9.999000e+03 -9.999000e+03 -9.999000e+03 -9.999000e+03 -9.999000e+03 -9.999000e+03 -9.999000e+03 -9.999000e+03 -9.999000e+03 -9.999000e+03 -9.999000e+03 -9.999000e+03 -9.999000e+03 -9.999000e+03 -9.999000e+03 -9.999000e+03 -9.999000e+03 -9.999000e+03 -9.999000e+03 -9.999000e+03 -9.999000e+03 -9.999000e+03 -9.999000e+03 -9.999000e+03 -9.999000e+03 -9.999000e+03 -9.999000e+03 -9.999000e+03 -9.999000e+03 -9.999000e+03 -9.999000e+03 -9.999000e+03 -9.999000e+03 -9.999000e+03 -9.999000e+03 -9.999000e+03 -9.999000e+03 -9.999000e+03 -9.999000e+03 -9.999000e+03 -9.999000e+03 -9.999000e+03 -9.999000e+03 -9.999000e+03 -9.999000e+03 -9.999000e+03 -9.999000e+03 -9.999000e+03 -9.999000e+03 -9.999000e+03 -9.999000e+03 -9.999000e+03
-9.999000e+03 -9.999000e+03 -9.999000e+03 -9.999000e+03 -9.999000e+03 -9.999000e+03 -9.999000e+03 -9.999000e+03 -9.999000e+03 -9.999000e+03 -9.999000e+03 -9.999000e+03 -9.999000e+03 -9.999000e+03 -9.999000e+03 -9.999000e+03 -9.999000e+03 -9.999000e+03 -9.999000e+03 -9.999000e+03 -9.999000e+03 -9.999000e+03 -9.999000e+03 -9.999000e+03 -9.999000e+03 -9.999000e+03 -9.999000e+03 -9.999000e+03 -9.999000e+03 -9.999000e+03 -9.999000e+03 -9.999000e+03 -9.999000e+03 -9.999000e+03 -9.999000e+03 -9.999000e+03 -9.999000e+03 -9.999000e+03 -9.999000e+03 -9.999000e+03 -9.999000e+03 -9.999000e+03 -9.999000e+03 -9.999000e+03 -9.999000e+03 -9.999000e+03 -9.999000e+03 -9.999000e+03 -9.999000e+03 -9.999000e+03 -9.999000e+03 -9.999000e+03
