tests/data/reference/test_implicit_stream_rill_mfda/mvel_m_s.asc
ncols	123
nrows	77
xllcorner	-713746.79929998
yllcorner	-1061022.36961616
cellsize	10.0
NODATA_value	-9999
[rows 23 to 45 of 77, columns 0 to 51 of 123]
-9.999000e+03 -9.999000e+03 -9.999000e+03 -9.999000e+03 -9.999000e+03 -9.999000e+03 -9.999000e+03 -9.999000e+03 -9.999000e+03 -9.999000e+03 -9.999000e+03 -9.999000e+03 -9.999000e+03 -9.999000e+03 1.848808e-02 2.316321e-02 2.311175e-02 2.325947e-02 2.090896e-02 8.624656e-03 1.023299e-02 1.782899e-01 1.406250e-02 6.096363e-02 6.611556e-02 4.371365e-02 5.404171e-02 4.891641e-02 5.504177e-02 5.725701e-02 4.473045e-02 5.511334e-02 5.942905e-02 6.144811e-02 9.776768e-02 6.121567e-02 6.322659e-02 4.769138e-02 8.254239e-02 6.555177e-02 6.580459e-02 6.647777e-02 6.757238e-02 6.823123e-02 6.825296e-02 6.798667e-02 6.778793e-02 6.813248e-02 6.895228e-02 6.888457e-02 6.747081e-02 5.166114e-02
-9.999000e+03 -9.999000e+03 -9.999000e+03 -9.999000e+03 -9.999000e+03 -9.999000e+03 -9.999000e+03 -9.999000e+03 -9.999000e+03 -9.999000e+03 -9.999000e+03 -9.999000e+03 -9.999000e+03 -9.999000e+03 1.107105e-02 1.884186e-02 2.634238e-02 2.991577e-02 2.018621e-02 2.789552e-02 1.674249e-01 2.228996e-01 3.703959e-02 3.707757e-02 5.695806e-02 7.568659e-02 5.323337e-02 5.144310e-02 5.263194e-02 4.206525e-02 5.870234e-02 5.489819e-02 5.896991e-02 6.004170e-02 1.032765e-01 6.064323e-02 6.220568e-02 4.817080e-02 8.428559e-02 6.547416e-02 6.550892e-02 6.598520e-02 6.679070e-02 6.739917e-02 6.767404e-02 6.778405e-02 6.794496e-02 6.854751e-02 6.949450e-02 7.008779e-02 5.184346e-02 7.122075e-02
-9.999000e+03 -9.999000e+03 -9.999000e+03 -9.999000e+03 -9.999000e+03 -9.999000e+03 -9.999000e+03 -9.999000e+03 -9.999000e+03 -9.999000e+03 -9.999000e+03 -9.999000e+03 -9.999000e+03 -9.999000e+03 1.343582e-02 1.845376e-02 2.319602e-02 2.310940e-02 2.254554e-02 1.285599e-02 1.915144e-01 5.572558e-02 6.759376e-02 4.334510e-02 4.613070e-02 5.799226e-02 8.680194e-02 5.385401e-02 5.436452e-02 4.287145e-02 5.103315e-02 5.598187e-02 5.462056e-02 5.836467e-02 5.838705e-02 1.084888e-01 4.655153e-02 6.398733e-02 5.855017e-02 9.532197e-02 6.531493e-02 6.594033e-02 6.657287e-02 6.707119e-02 6.748783e-02 6.792505e-02 6.850293e-02 6.944936e-02 7.065029e-02 7.181312e-02 6.508492e-02 5.376082e-02
-9.999000e+03 -9.999000e+03 -9.999000e+03 -9.999000e+03 -9.999000e+03 -9.999000e+03 -9.999000e+03 -9.999000e+03 -9.999000e+03 -9.999000e+03 -9.999000e+03 -9.999000e+03 2.686282e-02 2.088669e-02 2.556459e-02 2.576983e-02 2.358645e-02 1.139629e-02 1.027123e-02 1.747194e-01 2.294172e-02 5.975174e-02 4.831506e-02 6.099992e-02 4.581462e-02 4.804485e-02 9.305276e-02 5.161381e-02 5.257349e-02 4.952761e-02 4.204769e-02 5.324873e-02 5.410686e-02 5.220148e-02 5.257319e-02 5.881608e-02 1.062029e-01 5.761816e-02 6.419153e-02 6.239479e-02 1.026582e-01 6.563484e-02 6.603858e-02 6.655907e-02 6.736385e-02 6.843380e-02 6.967563e-02 7.094951e-02 7.218097e-02 7.355712e-02 7.173544e-02 5.455979e-02
-9.999000e+03 -9.999000e+03 -9.999000e+03 -9.999000e+03 -9.999000e+03 -9.999000e+03 -9.999000e+03 -9.999000e+03 -9.999000e+03 -9.999000e+03 -9.999000e+03 -9.999000e+03 -9.999000e+03 2.606416e-02 2.372138e-02 2.410098e-02 1.465071e-02 8.547646e-03 1.582036e-01 2.069088e-02 3.834386e-02 3.858346e-02 5.848520e-02 6.540956e-02 7.686340e-02 7.893782e-02 8.042623e-02 8.211766e-02 4.661023e-02 4.967032e-02 5.064117e-02 4.849759e-02 5.103354e-02 4.976243e-02 5.059549e-02 5.477891e-02 5.837511e-02 9.455838e-02 6.193094e-02 6.471260e-02 1.028565e-01 6.491469e-02 6.506375e-02 6.580716e-02 6.732177e-02 6.939542e-02 7.152431e-02 7.302246e-02 7.398610e-02 7.522863e-02 7.524950e-02 6.792041e-02
-9.999000e+03 -9.999000e+03 -9.999000e+03 -9.999000e+03 -9.999000e+03 -9.999000e+03 -9.999000e+03 -9.999000e+03 -9.999000e+03 -9.999000e+03 -9.999000e+03 -9.999000e+03 -9.999000e+03 -9.999000e+03 -9.999000e+03 1.875990e-02 4.188855e-03 1.342456e-01 1.862371e-01 5.823311e-02 5.025500e-02 4.485823e-02 4.115470e-02 3.849436e-02 3.978194e-02 4.162661e-02 4.174827e-02 7.983031e-02 1.064694e-01 4.501015e-02 4.741743e-02 4.766406e-02 4.630740e-02 4.672175e-02 4.868467e-02 5.355262e-02 5.651753e-02 5.717428e-02 9.468679e-02 5.936692e-02 1.040242e-01 6.467601e-02 6.547048e-02 6.675668e-02 6.867238e-02 7.108932e-02 7.333531e-02 7.461373e-02 7.528908e-02 7.642361e-02 7.696273e-02 7.372327e-02
-9.999000e+03 -9.999000e+03 -9.999000e+03 -9.999000e+03 -9.999000e+03 -9.999000e+03 -9.999000e+03 -9.999000e+03 -9.999000e+03 -9.999000e+03 -9.999000e+03 -9.999000e+03 -9.999000e+03 -9.999000e+03 -9.999000e+03 -9.999000e+03 7.957511e-03 1.393862e-01 4.698725e-02 4.201147e-02 3.814858e-02 3.581171e-02 3.602570e-02 3.786307e-02 4.022985e-02 4.296059e-02 4.343156e-02 4.121640e-02 4.052342e-02 1.057778e-01 1.055271e-01 1.063288e-01 4.334208e-02 4.375256e-02 4.603229e-02 5.032890e-02 6.390899e-02 7.329939e-02 5.410285e-02 9.073540e-02 6.007802e-02 9.332585e-02 6.765466e-02 6.957527e-02 7.143300e-02 7.338753e-02 7.491251e-02 7.557642e-02 7.601094e-02 7.706747e-02 7.749602e-02 7.553350e-02
-9.999000e+03 -9.999000e+03 -9.999000e+03 -9.999000e+03 -9.999000e+03 -9.999000e+03 -9.999000e+03 -9.999000e+03 -9.999000e+03 -9.999000e+03 -9.999000e+03 -9.999000e+03 -9.999000e+03 -9.999000e+03 -9.999000e+03 -9.999000e+03 1.397122e-01 1.626748e-02 3.211004e-02 3.432711e-02 3.512899e-02 6.836580e-02 6.734728e-02 6.796184e-02 6.805627e-02 6.791044e-02 6.582841e-02 6.175983e-02 5.945241e-02 5.889248e-02 5.620473e-02 5.180736e-02 1.067850e-01 1.061465e-01 1.070465e-01 1.040584e-01 1.020599e-01 1.007518e-01 9.911000e-02 9.709415e-02 9.660487e-02 9.692206e-02 9.589426e-02 6.187049e-02 6.505327e-02 7.061035e-02 7.254137e-02 7.373821e-02 7.492745e-02 7.620006e-02 7.612071e-02 7.410943e-02
-9.999000e+03 -9.999000e+03 -9.999000e+03 -9.999000e+03 -9.999000e+03 -9.999000e+03 -9.999000e+03 -9.999000e+03 -9.999000e+03 -9.999000e+03 -9.999000e+03 -9.999000e+03 -9.999000e+03 -9.999000e+03 -9.999000e+03 1.398463e-01 2.098740e-02 3.763032e-02 7.114401e-02 6.600070e-02 6.934791e-02 3.699107e-02 4.592234e-02 5.435366e-02 5.217616e-02 6.586427e-02 7.083757e-02 7.442901e-02 7.300761e-02 7.292164e-02 7.067087e-02 6.614359e-02 6.072539e-02 5.423108e-02 5.118689e-02 5.147263e-02 9.873681e-02 1.009209e-01 9.808267e-02 9.577785e-02 9.582399e-02 9.836297e-02 1.013085e-01 1.030661e-01 1.008583e-01 5.738306e-02 7.895659e-02 6.882727e-02 7.193849e-02 7.351968e-02 7.246643e-02 6.979549e-02
-9.999000e+03 -9.999000e+03 -9.999000e+03 -9.999000e+03 -9.999000e+03 -9.999000e+03 -9.999000e+03 -9.999000e+03 -9.999000e+03 -9.999000e+03 -9.999000e+03 -9.999000e+03 -9.999000e+03 -9.999000e+03 1.306162e-01 1.773465e-01 7.260924e-02 7.189066e-02 3.925587e-02 4.037970e-02 3.706418e-02 3.884443e-02 4.051278e-02 4.216424e-02 5.208942e-02 4.331984e-02 4.474168e-02 5.124437e-02 5.262165e-02 4.983891e-02 4.922181e-02 7.795578e-02 7.840105e-02 7.736950e-02 7.884193e-02 9.311138e-02 4.512767e-02 5.042297e-02 5.525923e-02 5.968423e-02 6.220934e-02 6.226591e-02 7.519232e-02 8.190537e-02 8.595544e-02 1.003817e-01 9.998802e-02 9.833911e-02 5.910010e-02 7.866062e-02 6.380702e-02 6.179045e-02
-9.999000e+03 -9.999000e+03 -9.999000e+03 -9.999000e+03 -9.999000e+03 -9.999000e+03 -9.999000e+03 -9.999000e+03 -9.999000e+03 -9.999000e+03 -9.999000e+03 -9.999000e+03 -9.999000e+03 -9.999000e+03 1.373148e-01 3.518895e-02 4.158363e-02 4.192553e-02 4.186047e-02 4.172730e-02 4.217604e-02 4.360943e-02 4.071657e-02 4.731275e-02 4.836974e-02 4.824910e-02 4.957965e-02 5.265765e-02 6.641311e-02 7.638284e-02 8.314653e-02 5.310203e-02 5.176034e-02 5.139392e-02 7.153898e-02 4.951180e-02 5.372547e-02 5.698929e-02 5.930129e-02 6.213357e-02 6.475339e-02 6.437710e-02 6.592793e-02 6.633308e-02 6.591368e-02 8.030465e-02 8.840326e-02 9.315310e-02 9.882468e-02 1.032850e-01 1.060613e-01 4.585272e-02
-9.999000e+03 -9.999000e+03 -9.999000e+03 -9.999000e+03 -9.999000e+03 -9.999000e+03 -9.999000e+03 -9.999000e+03 -9.999000e+03 -9.999000e+03 -9.999000e+03 -9.999000e+03 -9.999000e+03 1.678826e-01 4.038520e-02 4.082275e-02 4.222578e-02 4.346257e-02 4.361454e-02 4.326571e-02 4.309682e-02 4.367344e-02 4.482379e-02 4.640606e-02 4.773791e-02 4.835947e-02 5.003307e-02 5.329916e-02 5.542687e-02 5.621075e-02 5.588525e-02 5.488999e-02 5.486306e-02 7.888362e-02 4.295990e-02 5.254513e-02 5.780371e-02 5.870678e-02 6.014102e-02 6.221969e-02 6.473131e-02 6.698157e-02 6.909245e-02 6.874935e-02 6.976191e-02 6.940157e-02 6.910215e-02 6.822768e-02 6.484603e-02 7.233301e-02 7.228681e-02 1.079439e-01
-9.999000e+03 -9.999000e+03 -9.999000e+03 -9.999000e+03 -9.999000e+03 -9.999000e+03 -9.999000e+03 -9.999000e+03 -9.999000e+03 -9.999000e+03 -9.999000e+03 -9.999000e+03 1.286067e-01 1.941537e-01 4.060578e-02 4.131417e-02 4.516252e-02 4.354836e-02 4.420445e-02 4.430537e-02 4.412169e-02 4.387393e-02 4.415100e-02 4.500776e-02 4.630323e-02 4.768711e-02 4.989713e-02 5.315156e-02 5.516314e-02 5.591542e-02 5.635742e-02 5.656217e-02 7.450284e-02 5.606795e-02 4.354759e-02 5.693944e-02 5.766642e-02 5.850018e-02 6.021879e-02 6.269187e-02 6.452615e-02 6.630150e-02 6.739818e-02 6.821371e-02 6.738140e-02 6.634277e-02 6.712125e-02 6.789052e-02 6.678343e-02 6.257599e-02 5.960625e-02 6.650866e-02
-9.999000e+03 -9.999000e+03 -9.999000e+03 -9.999000e+03 -9.999000e+03 -9.999000e+03 -9.999000e+03 -9.999000e+03 -9.999000e+03 -9.999000e+03 -9.999000e+03 -9.999000e+03 1.633668e-01 3.881691e-02 4.055807e-02 4.880386e-02 4.217096e-02 4.378650e-02 4.473638e-02 4.516773e-02 4.504225e-02 4.437706e-02 4.418254e-02 4.452334e-02 4.553371e-02 4.699142e-02 4.901698e-02 5.178742e-02 5.310711e-02 5.387267e-02 5.459377e-02 7.300534e-02 4.410548e-02 5.247137e-02 5.530849e-02 5.504423e-02 5.468421e-02 5.541059e-02 5.808546e-02 5.879095e-02 6.099221e-02 6.315486e-02 6.433736e-02 6.059796e-02 6.097665e-02 6.192881e-02 6.291246e-02 6.263895e-02 6.207152e-02 6.581041e-02 6.076258e-02 5.744244e-02
-9.999000e+03 -9.999000e+03 -9.999000e+03 -9.999000e+03 -9.999000e+03 -9.999000e+03 -9.999000e+03 -9.999000e+03 -9.999000e+03 -9.999000e+03 -9.999000e+03 1.161854e-01 2.179125e-02 3.610284e-02 5.077814e-02 3.965135e-02 4.207906e-02 4.384677e-02 4.497004e-02 4.556004e-02 4.554836e-02 4.498039e-02 4.480733e-02 4.498121e-02 4.559561e-02 4.670179e-02 4.792648e-02 4.875921e-02 5.015889e-02 4.998666e-02 5.051218e-02 6.084432e-02 4.151478e-02 5.280130e-02 5.204028e-02 4.894230e-02 4.883731e-02 5.253491e-02 4.979215e-02 5.096565e-02 5.333078e-02 5.686936e-02 4.872168e-02 4.846106e-02 4.876610e-02 4.958952e-02 5.024138e-02 5.076116e-02 6.830380e-02 5.756625e-02 5.634804e-02 5.574958e-02
-9.999000e+03 -9.999000e+03 -9.999000e+03 -9.999000e+03 -9.999000e+03 -9.999000e+03 -9.999000e+03 -9.999000e+03 -9.999000e+03 -9.999000e+03 1.113310e-01 1.426209e-01 3.248481e-02 4.942303e-02 3.082806e-02 3.754122e-02 4.082042e-02 4.298339e-02 4.447539e-02 4.500977e-02 4.524951e-02 4.478205e-02 4.467684e-02 4.483734e-02 4.535547e-02 4.634325e-02 4.440011e-02 4.752471e-02 4.726465e-02 4.606278e-02 4.623497e-02 4.643717e-02 4.708589e-02 4.722913e-02 4.054758e-02 3.894302e-02 4.821478e-02 3.803126e-02 3.822559e-02 3.877493e-02 4.143287e-02 4.581421e-02 5.754810e-02 6.145068e-02 6.336685e-02 6.499242e-02 6.608447e-02 6.675610e-02 4.888141e-02 4.749794e-02 4.746060e-02 4.777580e-02
-9.999000e+03 -9.999000e+03 -9.999000e+03 -9.999000e+03 -9.999000e+03 -9.999000e+03 -9.999000e+03 -9.999000e+03 -9.999000e+03 -9.999000e+03 1.035656e-01 2.969600e-02 4.876583e-02 3.151846e-02 2.783182e-02 3.477813e-02 3.811403e-02 4.112788e-02 4.267043e-02 4.402107e-02 4.432955e-02 4.413888e-02 4.407230e-02 4.436118e-02 4.423117e-02 3.678343e-02 4.559489e-02 4.594738e-02 4.411517e-02 4.231701e-02 4.170391e-02 4.144441e-02 3.547720e-02 3.889756e-02 4.711626e-02 4.723673e-02 3.623920e-02 4.182905e-02 4.417614e-02 4.655039e-02 4.090067e-02 4.543305e-02 5.681067e-02 6.017977e-02 6.149794e-02 6.259651e-02 6.374755e-02 6.490052e-02 6.483171e-02 6.325986e-02 6.296892e-02 6.471867e-02
-9.999000e+03 -9.999000e+03 -9.999000e+03 -9.999000e+03 -9.999000e+03 -9.999000e+03 -9.999000e+03 -9.999000e+03 -9.999000e+03 1.044153e-01 1.876851e-02 4.527454e-02 3.011394e-02 2.685239e-02 3.021372e-02 3.302418e-02 3.595958e-02 3.739738e-02 4.149935e-02 4.231918e-02 4.318005e-02 4.346837e-02 4.381217e-02 4.207043e-02 3.607955e-02 4.250224e-02 4.478546e-02 4.157065e-02 4.011960e-02 3.759063e-02 3.679608e-02 3.322749e-02 4.137848e-02 4.743022e-02 4.996293e-02 4.915932e-02 4.793755e-02 4.686883e-02 3.800545e-02 4.059783e-02 5.460181e-02 5.495522e-02 5.980158e-02 6.006496e-02 5.965008e-02 5.971187e-02 6.080654e-02 6.285451e-02 6.394583e-02 6.376445e-02 6.329097e-02 6.297391e-02
-9.999000e+03 -9.999000e+03 -9.999000e+03 -9.999000e+03 -9.999000e+03 -9.999000e+03 -9.999000e+03 -9.999000e+03 -9.999000e+03 1.147553e-01 4.836279e-02 3.042872e-02 2.901204e-02 2.615474e-02 3.155674e-02 3.289738e-02 2.900569e-02 3.806616e-02 3.875836e-02 4.075288e-02 4.213041e-02 4.292153e-02 3.540103e-02 3.632763e-02 4.271376e-02 4.364101e-02 3.488411e-02 3.446658e-02 3.306769e-02 3.045136e-02 3.061096e-02 3.926903e-02 4.484596e-02 4.909172e-02 5.122964e-02 5.143925e-02 5.095382e-02 3.898664e-02 5.060732e-02 5.065030e-02 5.336044e-02 5.906545e-02 5.983078e-02 5.845772e-02 5.760589e-02 5.797889e-02 5.909844e-02 6.076920e-02 6.191727e-02 6.253457e-02 1.060828e-01 1.074963e-01
-9.999000e+03 -9.999000e+03 -9.999000e+03 -9.999000e+03 -9.999000e+03 -9.999000e+03 -9.999000e+03 -9.999000e+03 1.549759e-01 2.112340e-02 4.367718e-02 3.239447e-02 2.557030e-02 2.985664e-02 3.267446e-02 3.332032e-02 3.977277e-02 3.443593e-02 3.666611e-02 3.963270e-02 4.168642e-02 4.069698e-02 4.361286e-02 4.570111e-02 4.594183e-02 7.138629e-02 7.311635e-02 6.978502e-02 6.493347e-02 5.855000e-02 5.607821e-02 5.664010e-02 5.560553e-02 5.327344e-02 5.253495e-02 5.297759e-02 5.256954e-02 6.306862e-02 6.545329e-02 7.686904e-02 8.122946e-02 8.369369e-02 7.866633e-02 7.330922e-02 6.943073e-02 6.675731e-02 6.314391e-02 5.865875e-02 5.823801e-02 1.101567e-01 5.854281e-02 5.898699e-02
-9.999000e+03 -9.999000e+03 -9.999000e+03 -9.999000e+03 -9.999000e+03 -9.999000e+03 -9.999000e+03 1.103795e-01 1.488123e-01 4.304627e-02 3.335635e-02 3.330845e-02 2.624694e-02 3.188875e-02 3.329403e-02 3.369606e-02 3.379109e-02 3.364545e-02 3.557430e-02 3.921219e-02 3.410649e-02 3.482287e-02 4.173639e-02 6.598527e-02 7.025531e-02 4.536517e-02 4.392780e-02 4.414886e-02 4.308614e-02 4.070330e-02 4.145861e-02 4.552814e-02 4.900029e-02 5.152453e-02 5.282656e-02 5.293400e-02 5.238451e-02 5.129669e-02 5.199416e-02 5.457826e-02 5.583654e-02 5.543792e-02 5.498630e-02 5.469995e-02 5.522358e-02 5.660620e-02 5.668450e-02 5.527853e-02 1.169810e-01 5.520017e-02 5.674165e-02 5.802954e-02
-9.999000e+03 -9.999000e+03 -9.999000e+03 -9.999000e+03 -9.999000e+03 -9.999000e+03 -9.999000e+03 1.011796e-01 2.703785e-02 4.351766e-02 2.860085e-02 3.249707e-02 3.271635e-02 3.317829e-02 3.374876e-02 3.394119e-02 3.429630e-02 3.449922e-02 3.634520e-02 4.012329e-02 5.038660e-02 5.762641e-02 6.349246e-02 4.466385e-02 4.541351e-02 4.338242e-02 3.679120e-02 4.310675e-02 4.430228e-02 4.305798e-02 4.380239e-02 4.706835e-02 4.956980e-02 5.102958e-02 5.165159e-02 5.154249e-02 1.055976e-01 1.065322e-01 1.087231e-01 1.123117e-01 1.142307e-01 1.145336e-01 1.149411e-01 1.135849e-01 1.133411e-01 1.125448e-01 1.153983e-01 1.183669e-01 5.348533e-02 5.353613e-02 5.492608e-02 5.646310e-02
-9.999000e+03 -9.999000e+03 -9.999000e+03 -9.999000e+03 -9.999000e+03 -9.999000e+03 -9.999000e+03 7.750568e-03 3.889812e-02 3.103583e-02 2.667916e-02 3.196680e-02 3.411639e-02 3.450914e-02 3.452469e-02 3.465031e-02 3.553327e-02 3.639806e-02 3.813925e-02 4.152538e-02 4.396495e-02 4.500587e-02 4.452568e-02 4.383247e-02 3.591294e-02 3.719745e-02 4.426373e-02 4.592191e-02 4.594508e-02 4.527622e-02 4.566128e-02 4.743997e-02 4.875001e-02 1.001566e-01 1.027688e-01 1.053654e-01 5.337617e-02 5.522854e-02 5.692862e-02 5.863269e-02 5.949797e-02 5.940206e-02 5.957926e-02 7.521098e-02 8.632500e-02 9.395128e-02 5.797629e-02 5.655173e-02 5.477419e-02 5.291939e-02 5.268181e-02 5.393224e-02
