tests/data/reference/test_implicit_stream_rill_mfda/mvel_m_s.asc
ncols	123
nrows	77
xllcorner	-713746.79929998
yllcorner	-1061022.36961616
cellsize	10.0
NODATA_value	-9999
[rows 23 to 45 of 77, columns 52 to 103 of 123]
6.412338e-02 7.267512e-02 7.302758e-02 7.246178e-02 7.205967e-02 7.190266e-02 7.138570e-02 7.032862e-02 6.957400e-02 6.942857e-02 6.901998e-02 6.841894e-02 6.776003e-02 6.646198e-02 6.387448e-02 6.046677e-02 9.452870e-02 5.442340e-02 5.513656e-02 5.627583e-02 5.718006e-02 5.789749e-02 5.735878e-02 5.696646e-02 4.323476e-02 4.998132e-02 9.847243e-02 6.174314e-02 7.506864e-02 5.184592e-02 5.444767e-02 5.156748e-02 4.083890e-02 3.662521e-02 -9.999000e+03 -9.999000e+03 -9.999000e+03 -9.999000e+03 -9.999000e+03 -9.999000e+03 -9.999000e+03 -9.999000e+03 -9.999000e+03 -9.999000e+03 -9.999000e+03 -9.999000e+03 -9.999000e+03 -9.999000e+03 -9.999000e+03 -9.999000e+03 -9.999000e+03 -9.999000e+03
6.531174e-02 7.081625e-02 7.342968e-02 7.270503e-02 7.213734e-02 7.175157e-02 7.109819e-02 7.008276e-02 6.948274e-02 6.939582e-02 6.913130e-02 6.876406e-02 6.789431e-02 6.599302e-02 6.334857e-02 6.033868e-02 1.017138e-01 5.531357e-02 5.676920e-02 5.872506e-02 6.036588e-02 6.153397e-02 6.155377e-02 6.099112e-02 5.492931e-02 5.543487e-02 4.118470e-02 9.292163e-02 5.538064e-02 6.938900e-02 6.459742e-02 5.438925e-02 5.060740e-02 4.676760e-02 3.528004e-02 -9.999000e+03 -9.999000e+03 -9.999000e+03 -9.999000e+03 -9.999000e+03 -9.999000e+03 -9.999000e+03 -9.999000e+03 -9.999000e+03 -9.999000e+03 -9.999000e+03 -9.999000e+03 -9.999000e+03 -9.999000e+03 -9.999000e+03 -9.999000e+03 -9.999000e+03
7.417979e-02 7.141742e-02 7.312161e-02 7.325013e-02 7.201708e-02 7.087299e-02 6.991327e-02 6.940911e-02 6.954324e-02 6.986829e-02 6.976343e-02 6.911005e-02 6.748910e-02 6.509526e-02 6.298779e-02 6.135328e-02 1.094559e-01 5.832712e-02 5.934844e-02 6.103073e-02 6.275126e-02 6.399889e-02 6.414660e-02 6.354091e-02 6.073983e-02 6.005832e-02 5.369457e-02 9.869665e-02 4.228253e-02 5.438545e-02 8.332612e-02 5.129657e-02 5.335567e-02 5.411741e-02 4.961107e-02 3.947619e-02 3.616405e-02 3.585815e-02 -9.999000e+03 -9.999000e+03 -9.999000e+03 -9.999000e+03 -9.999000e+03 -9.999000e+03 -9.999000e+03 -9.999000e+03 -9.999000e+03 -9.999000e+03 -9.999000e+03 -9.999000e+03 -9.999000e+03 -9.999000e+03
6.696908e-02 7.509359e-02 7.327079e-02 7.264341e-02 7.132518e-02 6.994496e-02 6.921678e-02 6.947536e-02 7.003004e-02 7.032612e-02 7.004761e-02 6.895679e-02 6.718450e-02 6.522008e-02 6.361616e-02 6.237004e-02 1.077087e-01 5.964050e-02 6.038047e-02 6.186424e-02 6.339943e-02 6.451437e-02 6.473208e-02 6.444283e-02 6.347108e-02 6.321392e-02 6.085699e-02 1.014558e-01 5.467728e-02 5.509806e-02 8.114429e-02 5.109792e-02 5.386873e-02 5.639485e-02 5.551048e-02 5.043184e-02 4.598712e-02 3.715284e-02 4.326861e-02 3.548093e-02 -9.999000e+03 -9.999000e+03 -9.999000e+03 -9.999000e+03 -9.999000e+03 -9.999000e+03 -9.999000e+03 -9.999000e+03 -9.999000e+03 -9.999000e+03 -9.999000e+03 -9.999000e+03
7.302570e-02 5.402448e-02 7.377545e-02 7.143252e-02 7.010276e-02 6.949629e-02 6.953741e-02 7.016716e-02 7.054111e-02 7.044254e-02 6.992300e-02 6.885403e-02 6.763255e-02 6.642567e-02 6.490548e-02 6.285579e-02 1.088014e-01 5.881861e-02 5.957462e-02 6.097728e-02 6.207714e-02 6.291020e-02 6.327553e-02 6.363482e-02 6.414727e-02 6.489181e-02 6.467749e-02 1.013433e-01 6.162118e-02 6.043656e-02 8.334951e-02 5.507695e-02 5.405768e-02 5.420615e-02 5.440789e-02 5.280355e-02 4.007802e-02 3.816539e-02 4.383073e-02 4.475270e-02 4.155899e-02 1.356937e-01 -9.999000e+03 -9.999000e+03 -9.999000e+03 -9.999000e+03 -9.999000e+03 -9.999000e+03 -9.999000e+03 -9.999000e+03 -9.999000e+03 -9.999000e+03
7.518669e-02 6.584303e-02 7.263601e-02 7.047574e-02 5.029216e-02 6.943453e-02 6.978631e-02 7.051819e-02 7.093333e-02 7.080409e-02 7.022639e-02 6.918961e-02 6.805925e-02 6.678416e-02 6.486698e-02 6.228437e-02 1.098670e-01 5.884015e-02 6.001439e-02 6.150088e-02 6.244298e-02 6.304551e-02 6.325910e-02 6.365798e-02 6.466494e-02 6.606071e-02 6.694511e-02 9.935558e-02 6.534553e-02 6.397003e-02 8.222249e-02 5.818905e-02 5.504147e-02 5.327966e-02 5.292585e-02 5.267313e-02 4.791739e-02 4.616314e-02 3.803211e-02 4.634911e-02 0.000000e+00 1.858310e-01 1.162770e-01 1.019778e-01 -9.999000e+03 -9.999000e+03 -9.999000e+03 -9.999000e+03 -9.999000e+03 -9.999000e+03 -9.999000e+03 -9.999000e+03
7.492963e-02 6.983714e-02 7.144261e-02 7.009167e-02 5.066656e-02 6.178761e-02 6.958289e-02 7.059214e-02 7.152079e-02 7.161562e-02 7.100641e-02 6.973396e-02 6.803517e-02 6.578755e-02 6.312121e-02 6.083342e-02 6.006562e-02 1.079766e-01 6.215289e-02 6.392296e-02 6.504312e-02 6.543071e-02 6.512905e-02 6.488846e-02 6.543832e-02 6.690528e-02 6.817371e-02 9.743595e-02 6.677387e-02 6.536153e-02 7.875279e-02 6.037660e-02 5.733897e-02 5.484241e-02 5.289038e-02 5.175819e-02 4.976191e-02 4.910453e-02 4.626699e-02 0.000000e+00 0.000000e+00 6.349986e-02 4.429409e-02 2.546824e-02 8.995284e-02 -9.999000e+03 -9.999000e+03 -9.999000e+03 -9.999000e+03 -9.999000e+03 -9.999000e+03 -9.999000e+03
7.249639e-02 6.964028e-02 6.985040e-02 6.957068e-02 6.209436e-02 5.080000e-02 6.689794e-02 7.098363e-02 7.172023e-02 7.135679e-02 7.032876e-02 6.863844e-02 6.651402e-02 6.398275e-02 6.186916e-02 6.107982e-02 6.172628e-02 6.332360e-02 1.013484e-01 6.667285e-02 6.738752e-02 6.722688e-02 6.645282e-02 6.589495e-02 6.624825e-02 6.768669e-02 6.876603e-02 9.394824e-02 6.757130e-02 6.665267e-02 7.552651e-02 6.291992e-02 6.019795e-02 5.757855e-02 4.234611e-02 4.082024e-02 5.161419e-02 5.165146e-02 0.000000e+00 0.000000e+00 3.976668e-02 5.598172e-02 4.105837e-02 3.298498e-02 2.671281e-02 8.600177e-02 -9.999000e+03 -9.999000e+03 -9.999000e+03 -9.999000e+03 -9.999000e+03 -9.999000e+03
6.791695e-02 6.688414e-02 6.780483e-02 6.875480e-02 6.668533e-02 6.258009e-02 5.170710e-02 7.038677e-02 7.089918e-02 6.942661e-02 6.763664e-02 6.543818e-02 6.339553e-02 6.201521e-02 6.204823e-02 6.330152e-02 6.499374e-02 6.690397e-02 9.726144e-02 6.937263e-02 6.909976e-02 6.812628e-02 6.700531e-02 6.655164e-02 6.710554e-02 6.836617e-02 6.876464e-02 8.988946e-02 6.801909e-02 6.799246e-02 7.250583e-02 6.584416e-02 6.343341e-02 4.662701e-02 4.461194e-02 4.285893e-02 5.506007e-02 0.000000e+00 0.000000e+00 4.390666e-02 4.608378e-02 5.223361e-02 3.755728e-02 3.333352e-02 3.282517e-02 2.918405e-02 2.717039e-02 -9.999000e+03 -9.999000e+03 -9.999000e+03 -9.999000e+03 -9.999000e+03
6.103745e-02 6.199504e-02 6.402165e-02 6.585659e-02 4.912357e-02 6.777059e-02 6.709731e-02 6.263158e-02 6.911153e-02 6.802268e-02 6.642005e-02 6.462300e-02 6.344342e-02 6.329031e-02 6.423123e-02 6.589029e-02 6.750299e-02 6.891551e-02 9.660065e-02 6.973126e-02 6.895189e-02 6.792902e-02 6.714830e-02 6.716085e-02 6.792356e-02 6.877992e-02 6.835497e-02 8.525478e-02 6.729456e-02 6.766365e-02 6.789539e-02 6.691085e-02 4.867615e-02 4.792139e-02 4.635902e-02 4.473538e-02 0.000000e+00 0.000000e+00 4.783019e-02 5.160725e-02 4.971125e-02 5.063612e-02 3.326938e-02 3.069160e-02 3.673700e-02 3.707328e-02 3.678737e-02 2.885600e-02 8.796264e-02 -9.999000e+03 -9.999000e+03 -9.999000e+03
5.202625e-02 5.518055e-02 5.779221e-02 6.015999e-02 6.257901e-02 5.792875e-02 6.635172e-02 6.673051e-02 6.528485e-02 6.809691e-02 6.785766e-02 6.738729e-02 6.727740e-02 6.741108e-02 6.773355e-02 6.831618e-02 6.874492e-02 6.882593e-02 6.816515e-02 1.009685e-01 6.676171e-02 6.660168e-02 6.693754e-02 6.776640e-02 6.866726e-02 6.890125e-02 6.755486e-02 7.972875e-02 6.529981e-02 6.541617e-02 6.595309e-02 4.852536e-02 4.811312e-02 4.791799e-02 0.000000e+00 0.000000e+00 0.000000e+00 4.617871e-02 5.632465e-02 5.522318e-02 5.285598e-02 4.021960e-02 3.829479e-02 4.125299e-02 4.073200e-02 3.858914e-02 3.693663e-02 3.068734e-02 2.897955e-02 1.064050e-01 -9.999000e+03 -9.999000e+03
1.088964e-01 1.047029e-01 4.913541e-02 5.225293e-02 5.916120e-02 6.224983e-02 6.224669e-02 6.652728e-02 6.781005e-02 6.821627e-02 6.984250e-02 7.036031e-02 7.082740e-02 7.096683e-02 7.077512e-02 7.033647e-02 6.946969e-02 6.821679e-02 6.647986e-02 9.452707e-02 6.383819e-02 6.405728e-02 6.523380e-02 6.672227e-02 6.764187e-02 6.726364e-02 6.528584e-02 7.343842e-02 6.306708e-02 6.323102e-02 6.420308e-02 4.821579e-02 4.816154e-02 0.000000e+00 0.000000e+00 5.465799e-02 4.769752e-02 5.638110e-02 5.970168e-02 5.780814e-02 4.324129e-02 4.221826e-02 4.090432e-02 4.726736e-02 4.454876e-02 4.171443e-02 3.294785e-02 3.315571e-02 3.330720e-02 4.771118e-02 2.813942e-02 1.079199e-01
6.948485e-02 6.610651e-02 1.001720e-01 5.128289e-02 5.424432e-02 5.894722e-02 6.261546e-02 6.431799e-02 6.722028e-02 6.881718e-02 6.983988e-02 7.127332e-02 7.205326e-02 7.219947e-02 7.167335e-02 7.011549e-02 6.757787e-02 6.468483e-02 6.157067e-02 5.851586e-02 9.745918e-02 5.634919e-02 5.817300e-02 6.028948e-02 6.436016e-02 6.339528e-02 6.120701e-02 6.598313e-02 6.059153e-02 6.140601e-02 6.299940e-02 4.836813e-02 0.000000e+00 0.000000e+00 5.323107e-02 6.209252e-02 5.747773e-02 6.069477e-02 6.159942e-02 4.581179e-02 4.470853e-02 4.340462e-02 4.203831e-02 4.025139e-02 4.811306e-02 4.652320e-02 3.749735e-02 4.340967e-02 4.269015e-02 4.841647e-02 3.312754e-02 4.751568e-02
4.344434e-02 5.276811e-02 5.563809e-02 9.802465e-02 9.723296e-02 9.433622e-02 9.299966e-02 6.347323e-02 6.417905e-02 6.521071e-02 6.601145e-02 6.687178e-02 6.722595e-02 6.678860e-02 8.248758e-02 6.387747e-02 6.150229e-02 5.927414e-02 5.693984e-02 5.465484e-02 4.121253e-02 9.811335e-02 7.112096e-02 5.796017e-02 5.752842e-02 5.554806e-02 5.759476e-02 5.882998e-02 5.906918e-02 6.069715e-02 6.267880e-02 0.000000e+00 0.000000e+00 4.835204e-02 6.198297e-02 6.389249e-02 6.133152e-02 6.244560e-02 6.257633e-02 4.663862e-02 4.575332e-02 4.437906e-02 4.302534e-02 4.145511e-02 5.051668e-02 4.907423e-02 4.598384e-02 4.790152e-02 4.722539e-02 4.890365e-02 4.283518e-02 4.910600e-02
5.936072e-02 6.257478e-02 6.234999e-02 5.788676e-02 5.688077e-02 6.029377e-02 6.156403e-02 9.501217e-02 9.621373e-02 9.736714e-02 9.814037e-02 9.851699e-02 9.956123e-02 1.012958e-01 1.030455e-01 1.043899e-01 1.039237e-01 5.015716e-02 5.138374e-02 5.226773e-02 5.377973e-02 5.172450e-02 9.569819e-02 5.724184e-02 5.438841e-02 5.153846e-02 5.076269e-02 5.618329e-02 5.894666e-02 6.136114e-02 0.000000e+00 0.000000e+00 4.949495e-02 4.880552e-02 6.498740e-02 6.470365e-02 6.300758e-02 6.303589e-02 6.285191e-02 4.691170e-02 4.632263e-02 4.508677e-02 4.386992e-02 4.243651e-02 4.073230e-02 3.907846e-02 4.751892e-02 4.807205e-02 4.851046e-02 4.996372e-02 4.863397e-02 5.046243e-02
5.874156e-02 6.400784e-02 6.433165e-02 9.539697e-02 9.605310e-02 9.413783e-02 9.361518e-02 9.440755e-02 9.524661e-02 9.615526e-02 9.690565e-02 9.739196e-02 9.812362e-02 9.934925e-02 1.009222e-01 1.028343e-01 1.043935e-01 1.045171e-01 1.040489e-01 4.697231e-02 4.954028e-02 5.351481e-02 9.754214e-02 5.360048e-02 5.076352e-02 4.875660e-02 4.893163e-02 5.194936e-02 5.947354e-02 0.000000e+00 0.000000e+00 4.942101e-02 4.977091e-02 4.908797e-02 6.606905e-02 6.535938e-02 6.408620e-02 6.383809e-02 4.756247e-02 4.757808e-02 4.711554e-02 4.590627e-02 4.464065e-02 4.334482e-02 4.184605e-02 4.006899e-02 3.851283e-02 4.804569e-02 4.860218e-02 5.000807e-02 5.046407e-02 5.082708e-02
6.631711e-02 9.927006e-02 9.922729e-02 6.668945e-02 6.815607e-02 7.116579e-02 7.295296e-02 7.340480e-02 7.339071e-02 7.295854e-02 7.221020e-02 6.857100e-02 6.681723e-02 6.448308e-02 6.182406e-02 5.922789e-02 7.253886e-02 8.053365e-02 7.352488e-02 1.054714e-01 1.050517e-01 1.011008e-01 1.012407e-01 1.038426e-01 4.664494e-02 4.729577e-02 4.871839e-02 5.291100e-02 0.000000e+00 0.000000e+00 4.871580e-02 6.056863e-02 4.992665e-02 4.920904e-02 6.655251e-02 6.602390e-02 6.512080e-02 6.504741e-02 4.852727e-02 4.860342e-02 4.820683e-02 4.699206e-02 4.544405e-02 4.404331e-02 4.304571e-02 4.183041e-02 4.007600e-02 4.889618e-02 4.834640e-02 4.856212e-02 4.873967e-02 4.908472e-02
1.044998e-01 6.442330e-02 6.645321e-02 6.800071e-02 7.033191e-02 7.332245e-02 7.533781e-02 7.633613e-02 7.696045e-02 7.713334e-02 7.680745e-02 7.606248e-02 7.498595e-02 7.360377e-02 7.194481e-02 6.750483e-02 6.531410e-02 7.941399e-02 7.538901e-02 8.069053e-02 8.725342e-02 3.363736e-02 8.261064e-02 1.095932e-01 1.111882e-01 4.219653e-02 4.696677e-02 4.172109e-02 0.000000e+00 5.011884e-02 5.847142e-02 6.503786e-02 5.032860e-02 6.062543e-02 6.715496e-02 6.656438e-02 6.591650e-02 6.611743e-02 4.928383e-02 4.934543e-02 4.890433e-02 4.781334e-02 4.621288e-02 4.450581e-02 4.365627e-02 4.305549e-02 4.166387e-02 3.999472e-02 4.952136e-02 4.884203e-02 4.837557e-02 4.848974e-02
6.127106e-02 6.343890e-02 6.515166e-02 6.610113e-02 6.765103e-02 7.027551e-02 7.245608e-02 7.393896e-02 7.532700e-02 7.633467e-02 7.666180e-02 7.660993e-02 7.654466e-02 7.643631e-02 7.601041e-02 7.532455e-02 9.390389e-02 7.338357e-02 6.825130e-02 6.323239e-02 6.048664e-02 0.000000e+00 0.000000e+00 0.000000e+00 1.149793e-01 1.133926e-01 4.385191e-02 0.000000e+00 0.000000e+00 5.285361e-02 5.694504e-02 6.603046e-02 5.085510e-02 6.650123e-02 6.808143e-02 6.695381e-02 6.643928e-02 4.946163e-02 4.988857e-02 4.999781e-02 4.936727e-02 4.823312e-02 4.675483e-02 4.488528e-02 4.386947e-02 4.365271e-02 4.300647e-02 4.188399e-02 5.216582e-02 5.112972e-02 5.021040e-02 4.958249e-02
6.049521e-02 6.237847e-02 6.349583e-02 6.383601e-02 6.467558e-02 6.669530e-02 6.857992e-02 6.997598e-02 7.169530e-02 7.352414e-02 7.467171e-02 7.524286e-02 7.588527e-02 7.665456e-02 7.709632e-02 8.999957e-02 7.741769e-02 7.748756e-02 7.645060e-02 7.394880e-02 6.915423e-02 6.853626e-02 6.596350e-02 0.000000e+00 0.000000e+00 0.000000e+00 3.597975e-02 0.000000e+00 3.768411e-02 4.770161e-02 5.317088e-02 6.041953e-02 6.043002e-02 6.764120e-02 6.814952e-02 6.740782e-02 6.719421e-02 4.988361e-02 5.027225e-02 5.062080e-02 5.010216e-02 4.880114e-02 4.722730e-02 4.527171e-02 4.407732e-02 4.381906e-02 4.350825e-02 5.122255e-02 5.414719e-02 5.301081e-02 5.187402e-02 5.122845e-02
5.903238e-02 6.010238e-02 6.084540e-02 6.105332e-02 6.152905e-02 6.286742e-02 6.405669e-02 6.481484e-02 6.638296e-02 6.889874e-02 7.092886e-02 7.219040e-02 7.341914e-02 7.472626e-02 9.017658e-02 7.650358e-02 7.750620e-02 7.865632e-02 7.910906e-02 7.867169e-02 7.769274e-02 7.511023e-02 7.188370e-02 6.662879e-02 6.239498e-02 0.000000e+00 0.000000e+00 0.000000e+00 3.611214e-02 3.991733e-02 5.835431e-02 5.420245e-02 5.993050e-02 6.439181e-02 6.666425e-02 6.776675e-02 6.827683e-02 5.047982e-02 5.059926e-02 5.101133e-02 5.079611e-02 4.957839e-02 4.782240e-02 4.565148e-02 4.426281e-02 4.375012e-02 4.339210e-02 5.458486e-02 5.520355e-02 5.424786e-02 5.306352e-02 5.310041e-02
5.720891e-02 5.774260e-02 5.846215e-02 5.905124e-02 5.953246e-02 6.032782e-02 6.091650e-02 6.090886e-02 6.190942e-02 6.419229e-02 6.640169e-02 6.822863e-02 6.969370e-02 9.388801e-02 7.253240e-02 7.346325e-02 7.477162e-02 7.667136e-02 7.818374e-02 7.846627e-02 7.872389e-02 7.865791e-02 7.523738e-02 6.999946e-02 6.723045e-02 2.819129e-02 0.000000e+00 0.000000e+00 0.000000e+00 0.000000e+00 5.942702e-02 4.711187e-02 5.383620e-02 6.251448e-02 6.564796e-02 6.753451e-02 6.865428e-02 5.096600e-02 5.121341e-02 5.145260e-02 5.133561e-02 5.044409e-02 4.885206e-02 4.668866e-02 4.517781e-02 4.438020e-02 4.379030e-02 5.609153e-02 5.593787e-02 5.556814e-02 5.505610e-02 5.575437e-02
5.470069e-02 5.502279e-02 5.608644e-02 5.751385e-02 5.834380e-02 5.880414e-02 5.868892e-02 5.847004e-02 5.858141e-02 5.969431e-02 6.183643e-02 6.356995e-02 9.931315e-02 6.656642e-02 6.753485e-02 6.794445e-02 6.964541e-02 7.279578e-02 7.381957e-02 7.467462e-02 7.575464e-02 7.711064e-02 7.628825e-02 7.056837e-02 6.783155e-02 0.000000e+00 0.000000e+00 5.631253e-02 5.898380e-02 0.000000e+00 0.000000e+00 0.000000e+00 5.372366e-02 6.105864e-02 6.605469e-02 6.684113e-02 6.813898e-02 5.115631e-02 5.184921e-02 5.196847e-02 5.181940e-02 5.122602e-02 5.005882e-02 4.826794e-02 4.679924e-02 4.573116e-02 4.477341e-02 5.723518e-02 5.645408e-02 5.681909e-02 5.786781e-02 5.924586e-02
