tests/data/reference/test_implicit_stream_rill_mfda/mvel_m_s.asc
ncols	123
nrows	77
xllcorner	-713746.79929998
yllcorner	-1061022.36961616
cellsize	10.0
NODATA_value	-9999
[rows 23 to 45 of 77, columns 0 to 51 of 123]
-9.999000e+03 -9.999000e+03 -9.999000e+03 -9.999000e+03 -9.999000e+03 -9.999000e+03 -9.999000e+03 -9.999000e+03 -9.999000e+03 -9.999000e+03 -9.999000e+03 -9.999000e+03 -9.999000e+03 -9.999000e+03 1.850123e-02 2.315420e-02 2.310123e-02 2.326605e-02 2.092558e-02 8.627268e-03 1.023772e-02 1.783496e-01 1.406375e-02 6.104416e-02 6.650018e-02 4.370349e-02 5.422459e-02 4.890331e-02 5.504296e-02 5.725087e-02 4.479613e-02 5.518014e-02 5.947236e-02 6.144264e-02 9.800611e-02 6.120514e-02 6.357201e-02 4.776317e-02 8.263144e-02 6.554265e-02 6.579485e-02 6.646810e-02 6.756365e-02 6.822343e-02 6.824552e-02 6.797972e-02 6.778162e-02 6.812724e-02 6.894934e-02 6.891546e-02 6.753284e-02 5.174094e-02
-9.999000e+03 -9.999000e+03 -9.999000e+03 -9.999000e+03 -9.999000e+03 -9.999000e+03 -9.999000e+03 -9.999000e+03 -9.999000e+03 -9.999000e+03 -9.999000e+03 -9.999000e+03 -9.999000e+03 -9.999000e+03 1.106887e-02 1.887113e-02 2.637141e-02 2.993097e-02 2.020176e-02 2.792348e-02 1.674723e-01 2.229944e-01 3.708422e-02 3.710037e-02 5.706347e-02 7.605242e-02 5.340826e-02 5.143718e-02 5.262362e-02 4.211938e-02 5.869593e-02 5.496443e-02 5.901240e-02 6.005899e-02 1.035505e-01 6.063237e-02 6.219641e-02 4.824356e-02 8.438449e-02 6.546469e-02 6.549822e-02 6.597366e-02 6.677880e-02 6.738765e-02 6.766332e-02 6.777437e-02 6.793626e-02 6.853980e-02 6.948783e-02 7.009725e-02 5.192361e-02 7.125456e-02
-9.999000e+03 -9.999000e+03 -9.999000e+03 -9.999000e+03 -9.999000e+03 -9.999000e+03 -9.999000e+03 -9.999000e+03 -9.999000e+03 -9.999000e+03 -9.999000e+03 -9.999000e+03 -9.999000e+03 -9.999000e+03 1.346197e-02 1.845516e-02 2.321615e-02 2.312939e-02 2.256465e-02 1.286382e-02 1.915675e-01 5.580807e-02 6.769662e-02 4.338078e-02 4.615858e-02 5.809093e-02 8.706987e-02 5.385192e-02 5.435738e-02 4.292711e-02 5.108421e-02 5.597062e-02 5.465039e-02 5.837938e-02 5.838581e-02 1.087891e-01 4.662097e-02 6.398044e-02 5.862601e-02 9.547458e-02 6.530386e-02 6.592853e-02 6.656014e-02 6.705836e-02 6.747586e-02 6.791439e-02 6.849358e-02 6.944106e-02 7.064266e-02 7.181250e-02 6.517707e-02 5.384474e-02
-9.999000e+03 -9.999000e+03 -9.999000e+03 -9.999000e+03 -9.999000e+03 -9.999000e+03 -9.999000e+03 -9.999000e+03 -9.999000e+03 -9.999000e+03 -9.999000e+03 -9.999000e+03 2.688900e-02 2.090327e-02 2.561198e-02 2.577877e-02 2.360720e-02 1.140118e-02 1.027600e-02 1.747768e-01 2.299221e-02 5.983682e-02 4.838967e-02 6.121756e-02 4.583129e-02 4.806051e-02 9.334772e-02 5.160831e-02 5.256576e-02 4.957614e-02 4.210179e-02 5.327673e-02 5.409526e-02 5.220587e-02 5.256357e-02 5.880764e-02 1.062029e-01 5.769110e-02 6.418514e-02 6.244480e-02 1.026582e-01 6.562337e-02 6.602608e-02 6.654632e-02 6.735203e-02 6.842360e-02 6.966718e-02 7.094222e-02 7.217420e-02 7.355349e-02 7.180731e-02 5.464526e-02
-9.999000e+03 -9.999000e+03 -9.999000e+03 -9.999000e+03 -9.999000e+03 -9.999000e+03 -9.999000e+03 -9.999000e+03 -9.999000e+03 -9.999000e+03 -9.999000e+03 -9.999000e+03 -9.999000e+03 2.608899e-02 2.372909e-02 2.411069e-02 1.465899e-02 8.550758e-03 1.582419e-01 2.073059e-02 3.833598e-02 3.858058e-02 5.862469e-02 6.563173e-02 7.717873e-02 7.928377e-02 8.077983e-02 8.241116e-02 4.659758e-02 4.965902e-02 5.066448e-02 4.854392e-02 5.103813e-02 4.974830e-02 5.058780e-02 5.476791e-02 5.836332e-02 9.455838e-02 6.197985e-02 6.470542e-02 1.028565e-01 6.490295e-02 6.505101e-02 6.579442e-02 6.731046e-02 6.938646e-02 7.151777e-02 7.301708e-02 7.398076e-02 7.522461e-02 7.529207e-02 6.802054e-02
-9.999000e+03 -9.999000e+03 -9.999000e+03 -9.999000e+03 -9.999000e+03 -9.999000e+03 -9.999000e+03 -9.999000e+03 -9.999000e+03 -9.999000e+03 -9.999000e+03 -9.999000e+03 -9.999000e+03 -9.999000e+03 -9.999000e+03 1.877342e-02 4.189249e-03 1.343136e-01 1.863704e-01 5.833446e-02 5.043056e-02 4.501255e-02 4.127640e-02 3.855578e-02 3.977536e-02 4.162324e-02 4.174426e-02 8.015425e-02 1.069167e-01 4.499611e-02 4.740429e-02 4.766464e-02 4.632427e-02 4.671175e-02 4.867065e-02 5.354531e-02 5.651109e-02 5.716445e-02 9.522686e-02 5.937909e-02 1.040242e-01 6.466416e-02 6.545846e-02 6.674533e-02 6.866276e-02 7.108223e-02 7.333059e-02 7.460966e-02 7.528441e-02 7.641918e-02 7.698152e-02 7.380124e-02
-9.999000e+03 -9.999000e+03 -9.999000e+03 -9.999000e+03 -9.999000e+03 -9.999000e+03 -9.999000e+03 -9.999000e+03 -9.999000e+03 -9.999000e+03 -9.999000e+03 -9.999000e+03 -9.999000e+03 -9.999000e+03 -9.999000e+03 -9.999000e+03 7.960128e-03 1.394308e-01 4.704708e-02 4.206724e-02 3.817125e-02 3.579382e-02 3.601595e-02 3.785836e-02 4.022775e-02 4.295987e-02 4.342917e-02 4.120961e-02 4.051510e-02 1.057778e-01 1.055271e-01 1.063288e-01 4.333061e-02 4.374917e-02 4.601978e-02 5.031926e-02 6.394080e-02 7.337698e-02 5.409120e-02 9.129791e-02 6.007606e-02 9.332585e-02 6.764588e-02 6.956794e-02 7.142692e-02 7.338279e-02 7.490859e-02 7.557200e-02 7.600549e-02 7.706176e-02 7.749960e-02 7.557670e-02
-9.999000e+03 -9.999000e+03 -9.999000e+03 -9.999000e+03 -9.999000e+03 -9.999000e+03 -9.999000e+03 -9.999000e+03 -9.999000e+03 -9.999000e+03 -9.999000e+03 -9.999000e+03 -9.999000e+03 -9.999000e+03 -9.999000e+03 -9.999000e+03 1.397787e-01 1.630392e-02 3.211134e-02 3.432886e-02 3.512823e-02 6.859363e-02 6.762620e-02 6.826630e-02 6.846719e-02 6.835814e-02 6.623210e-02 6.210550e-02 5.980787e-02 5.928601e-02 5.661975e-02 5.222747e-02 1.067850e-01 1.067951e-01 1.072886e-01 1.040584e-01 1.020599e-01 1.007518e-01 9.911000e-02 9.709415e-02 9.660487e-02 9.692206e-02 9.589426e-02 6.185523e-02 6.503946e-02 7.060268e-02 7.253363e-02 7.372991e-02 7.491894e-02 7.619139e-02 7.611428e-02 7.412203e-02
-9.999000e+03 -9.999000e+03 -9.999000e+03 -9.999000e+03 -9.999000e+03 -9.999000e+03 -9.999000e+03 -9.999000e+03 -9.999000e+03 -9.999000e+03 -9.999000e+03 -9.999000e+03 -9.999000e+03 -9.999000e+03 -9.999000e+03 1.399128e-01 2.104005e-02 3.763273e-02 7.136220e-02 6.621676e-02 6.957219e-02 3.698186e-02 4.593748e-02 5.439363e-02 5.223297e-02 6.592217e-02 7.090548e-02 7.450360e-02 7.311532e-02 7.308169e-02 7.085361e-02 6.639049e-02 6.100007e-02 5.445238e-02 5.137158e-02 5.169124e-02 9.902690e-02 1.009209e-01 9.808267e-02 9.577785e-02 9.582399e-02 9.836297e-02 1.013085e-01 1.030661e-01 1.008583e-01 5.736226e-02 7.904450e-02 6.881085e-02 7.192442e-02 7.350595e-02 7.245143e-02 6.978635e-02
-9.999000e+03 -9.999000e+03 -9.999000e+03 -9.999000e+03 -9.999000e+03 -9.999000e+03 -9.999000e+03 -9.999000e+03 -9.999000e+03 -9.999000e+03 -9.999000e+03 -9.999000e+03 -9.999000e+03 -9.999000e+03 1.306851e-01 1.774804e-01 7.272347e-02 7.204620e-02 3.924690e-02 4.037060e-02 3.705175e-02 3.883311e-02 4.050253e-02 4.215716e-02 5.211622e-02 4.330988e-02 4.473198e-02 5.124141e-02 5.261843e-02 4.982972e-02 4.921255e-02 7.811803e-02 7.858692e-02 7.756775e-02 7.904904e-02 9.338098e-02 4.514191e-02 5.042434e-02 5.524725e-02 5.967585e-02 6.220318e-02 6.225869e-02 7.526974e-02 8.206579e-02 8.617019e-02 1.003817e-01 9.998802e-02 9.833911e-02 5.907156e-02 7.874640e-02 6.378136e-02 6.176606e-02
-9.999000e+03 -9.999000e+03 -9.999000e+03 -9.999000e+03 -9.999000e+03 -9.999000e+03 -9.999000e+03 -9.999000e+03 -9.999000e+03 -9.999000e+03 -9.999000e+03 -9.999000e+03 -9.999000e+03 -9.999000e+03 1.373820e-01 3.535432e-02 4.157955e-02 4.192034e-02 4.185338e-02 4.171963e-02 4.216765e-02 4.360190e-02 4.070568e-02 4.730879e-02 4.836692e-02 4.824573e-02 4.957680e-02 5.265701e-02 6.645650e-02 7.648743e-02 8.329510e-02 5.309368e-02 5.174948e-02 5.138230e-02 7.172780e-02 4.956596e-02 5.375783e-02 5.698293e-02 5.929749e-02 6.213431e-02 6.475676e-02 6.437358e-02 6.592731e-02 6.633169e-02 6.591249e-02 8.041305e-02 8.861527e-02 9.343281e-02 9.882468e-02 1.032850e-01 1.060613e-01 4.585515e-02
-9.999000e+03 -9.999000e+03 -9.999000e+03 -9.999000e+03 -9.999000e+03 -9.999000e+03 -9.999000e+03 -9.999000e+03 -9.999000e+03 -9.999000e+03 -9.999000e+03 -9.999000e+03 -9.999000e+03 1.680160e-01 4.058635e-02 4.081872e-02 4.222316e-02 4.345751e-02 4.361157e-02 4.325969e-02 4.308907e-02 4.366540e-02 4.481660e-02 4.640078e-02 4.773427e-02 4.835633e-02 5.003105e-02 5.329970e-02 5.542838e-02 5.621105e-02 5.588479e-02 5.488646e-02 5.485927e-02 7.902630e-02 4.302190e-02 5.260588e-02 5.780167e-02 5.870677e-02 6.014756e-02 6.222948e-02 6.473724e-02 6.699760e-02 6.911058e-02 6.876069e-02 6.977191e-02 6.942819e-02 6.912998e-02 6.825446e-02 6.486814e-02 7.247276e-02 7.251072e-02 1.079439e-01
-9.999000e+03 -9.999000e+03 -9.999000e+03 -9.999000e+03 -9.999000e+03 -9.999000e+03 -9.999000e+03 -9.999000e+03 -9.999000e+03 -9.999000e+03 -9.999000e+03 -9.999000e+03 1.286761e-01 1.943500e-01 4.059646e-02 4.131459e-02 4.533125e-02 4.355186e-02 4.420309e-02 4.430104e-02 4.411539e-02 4.386617e-02 4.414320e-02 4.500091e-02 4.629791e-02 4.768312e-02 4.989505e-02 5.315222e-02 5.516521e-02 5.592128e-02 5.635899e-02 5.656428e-02 7.458735e-02 5.610498e-02 4.361081e-02 5.694158e-02 5.767192e-02 5.851771e-02 6.023973e-02 6.269963e-02 6.455487e-02 6.633344e-02 6.743182e-02 6.824677e-02 6.744195e-02 6.639425e-02 6.717461e-02 6.794573e-02 6.683772e-02 6.262271e-02 5.959012e-02 6.660726e-02
-9.999000e+03 -9.999000e+03 -9.999000e+03 -9.999000e+03 -9.999000e+03 -9.999000e+03 -9.999000e+03 -9.999000e+03 -9.999000e+03 -9.999000e+03 -9.999000e+03 -9.999000e+03 1.635021e-01 3.879741e-02 4.056133e-02 4.893988e-02 4.218632e-02 4.379224e-02 4.473685e-02 4.516594e-02 4.503807e-02 4.437120e-02 4.417539e-02 4.451661e-02 4.552801e-02 4.698710e-02 4.901433e-02 5.178766e-02 5.311922e-02 5.387406e-02 5.459545e-02 7.310090e-02 4.416987e-02 5.253109e-02 5.531524e-02 5.505882e-02 5.471770e-02 5.544586e-02 5.809008e-02 5.883277e-02 6.103833e-02 6.320583e-02 6.439162e-02 6.067850e-02 6.105784e-02 6.201222e-02 6.299848e-02 6.271582e-02 6.214760e-02 6.579853e-02 6.080400e-02 5.747810e-02
-9.999000e+03 -9.999000e+03 -9.999000e+03 -9.999000e+03 -9.999000e+03 -9.999000e+03 -9.999000e+03 -9.999000e+03 -9.999000e+03 -9.999000e+03 -9.999000e+03 1.162569e-01 2.186727e-02 3.610240e-02 5.089434e-02 3.968338e-02 4.209563e-02 4.385198e-02 4.497295e-02 4.556059e-02 4.554812e-02 4.497599e-02 4.480229e-02 4.497594e-02 4.559073e-02 4.669763e-02 4.792584e-02 4.878293e-02 5.015982e-02 4.998452e-02 5.051486e-02 6.087246e-02 4.157376e-02 5.281092e-02 5.207068e-02 4.899438e-02 4.888864e-02 5.253549e-02 4.984512e-02 5.102105e-02 5.339117e-02 5.693811e-02 4.879557e-02 4.853441e-02 4.884008e-02 4.966517e-02 5.031834e-02 5.083916e-02 6.829792e-02 5.763252e-02 5.641125e-02 5.581162e-02
-9.999000e+03 -9.999000e+03 -9.999000e+03 -9.999000e+03 -9.999000e+03 -9.999000e+03 -9.999000e+03 -9.999000e+03 -9.999000e+03 -9.999000e+03 1.114029e-01 1.427517e-01 3.247525e-02 4.950873e-02 3.086498e-02 3.756948e-02 4.082782e-02 4.298830e-02 4.447918e-02 4.501685e-02 4.524780e-02 4.477987e-02 4.467314e-02 4.483287e-02 4.535077e-02 4.634770e-02 4.444200e-02 4.753029e-02 4.726097e-02 4.606728e-02 4.624060e-02 4.644489e-02 4.709565e-02 4.727628e-02 4.060453e-02 3.899662e-02 4.821821e-02 3.808295e-02 3.827769e-02 3.882817e-02 4.149168e-02 4.588214e-02 5.762049e-02 6.149885e-02 6.338878e-02 6.499813e-02 6.608268e-02 6.675096e-02 4.895562e-02 4.756933e-02 4.753191e-02 4.784064e-02
-9.999000e+03 -9.999000e+03 -9.999000e+03 -9.999000e+03 -9.999000e+03 -9.999000e+03 -9.999000e+03 -9.999000e+03 -9.999000e+03 -9.999000e+03 1.036374e-01 2.973490e-02 4.886197e-02 3.153660e-02 2.786286e-02 3.478615e-02 3.811603e-02 4.113068e-02 4.268734e-02 4.401804e-02 4.433067e-02 4.413775e-02 4.406910e-02 4.435674e-02 4.424794e-02 3.683253e-02 4.561356e-02 4.594457e-02 4.413192e-02 4.233111e-02 4.171764e-02 4.145887e-02 3.552359e-02 3.895106e-02 4.716410e-02 4.725785e-02 3.628716e-02 4.186582e-02 4.419249e-02 4.655499e-02 4.095836e-02 4.550019e-02 5.688131e-02 6.022528e-02 6.151690e-02 6.259955e-02 6.374410e-02 6.489526e-02 6.482489e-02 6.324977e-02 6.295690e-02 6.470865e-02
-9.999000e+03 -9.999000e+03 -9.999000e+03 -9.999000e+03 -9.999000e+03 -9.999000e+03 -9.999000e+03 -9.999000e+03 -9.999000e+03 1.044872e-01 1.882909e-02 4.536091e-02 3.011675e-02 2.688156e-02 3.022989e-02 3.302345e-02 3.595784e-02 3.742533e-02 4.148616e-02 4.232136e-02 4.318152e-02 4.346753e-02 4.380905e-02 4.210751e-02 3.612719e-02 4.254028e-02 4.478738e-02 4.160669e-02 4.015284e-02 3.761905e-02 3.682296e-02 3.326925e-02 4.141393e-02 4.745279e-02 4.997343e-02 4.915898e-02 4.793030e-02 4.685895e-02 3.805709e-02 4.065489e-02 5.460911e-02 5.501980e-02 5.984669e-02 6.008419e-02 5.965108e-02 5.970483e-02 6.079843e-02 6.284855e-02 6.394119e-02 6.375832e-02 6.328222e-02 6.296346e-02
-9.999000e+03 -9.999000e+03 -9.999000e+03 -9.999000e+03 -9.999000e+03 -9.999000e+03 -9.999000e+03 -9.999000e+03 -9.999000e+03 1.148270e-01 4.844345e-02 3.042173e-02 2.902646e-02 2.618259e-02 3.156076e-02 3.289292e-02 2.903900e-02 3.803471e-02 3.875791e-02 4.075402e-02 4.213117e-02 4.291999e-02 3.544726e-02 3.637578e-02 4.275226e-02 4.365661e-02 3.492927e-02 3.451087e-02 3.310912e-02 3.048752e-02 3.064744e-02 3.930035e-02 4.486548e-02 4.910277e-02 5.123434e-02 5.143795e-02 5.094784e-02 3.904033e-02 5.060183e-02 5.070499e-02 5.342162e-02 5.907542e-02 5.983607e-02 5.845429e-02 5.759647e-02 5.796850e-02 5.908998e-02 6.076323e-02 6.191245e-02 6.252918e-02 1.060828e-01 1.074963e-01
-9.999000e+03 -9.999000e+03 -9.999000e+03 -9.999000e+03 -9.999000e+03 -9.999000e+03 -9.999000e+03 -9.999000e+03 1.551101e-01 2.119578e-02 4.367909e-02 3.239125e-02 2.559706e-02 2.987224e-02 3.267006e-02 3.331507e-02 3.978325e-02 3.443093e-02 3.666317e-02 3.963196e-02 4.168567e-02 4.073125e-02 4.362908e-02 4.570584e-02 4.593990e-02 7.151817e-02 7.326458e-02 6.997732e-02 6.515720e-02 5.881147e-02 5.638253e-02 5.705171e-02 5.601808e-02 5.365388e-02 5.253644e-02 5.297534e-02 5.256350e-02 6.311564e-02 6.551372e-02 7.696016e-02 8.133633e-02 8.381413e-02 7.883548e-02 7.350719e-02 6.965034e-02 6.699620e-02 6.341921e-02 5.892681e-02 5.822972e-02 1.101567e-01 5.853650e-02 5.898270e-02
-9.999000e+03 -9.999000e+03 -9.999000e+03 -9.999000e+03 -9.999000e+03 -9.999000e+03 -9.999000e+03 1.104514e-01 1.489450e-01 4.305234e-02 3.337735e-02 3.331384e-02 2.627496e-02 3.188538e-02 3.328880e-02 3.368986e-02 3.378475e-02 3.363876e-02 3.556891e-02 3.920941e-02 3.415005e-02 3.486790e-02 4.177274e-02 6.607979e-02 7.037156e-02 4.536149e-02 4.394408e-02 4.414978e-02 4.307995e-02 4.069340e-02 4.145025e-02 4.552560e-02 4.900174e-02 5.152630e-02 5.282609e-02 5.293008e-02 5.237736e-02 5.128716e-02 5.198519e-02 5.457287e-02 5.583306e-02 5.543254e-02 5.497826e-02 5.469063e-02 5.521483e-02 5.659935e-02 5.667796e-02 5.526955e-02 1.169810e-01 5.518575e-02 5.673067e-02 5.802257e-02
-9.999000e+03 -9.999000e+03 -9.999000e+03 -9.999000e+03 -9.999000e+03 -9.999000e+03 -9.999000e+03 1.012513e-01 2.705759e-02 4.354049e-02 2.863337e-02 3.251681e-02 3.272099e-02 3.317502e-02 3.374185e-02 3.393385e-02 3.428899e-02 3.449178e-02 3.633933e-02 4.012094e-02 5.040775e-02 5.768535e-02 6.357565e-02 4.466599e-02 4.541611e-02 4.342213e-02 3.684031e-02 4.314610e-02 4.431877e-02 4.305751e-02 4.379685e-02 4.706540e-02 4.956922e-02 5.102848e-02 5.164828e-02 5.153662e-02 1.058057e-01 1.067143e-01 1.088762e-01 1.124278e-01 1.143006e-01 1.145516e-01 1.149411e-01 1.135849e-01 1.133411e-01 1.125730e-01 1.153983e-01 1.183669e-01 5.346575e-02 5.351771e-02 5.491061e-02 5.645177e-02
-9.999000e+03 -9.999000e+03 -9.999000e+03 -9.999000e+03 -9.999000e+03 -9.999000e+03 -9.999000e+03 7.753373e-03 3.892399e-02 3.103114e-02 2.670799e-02 3.198565e-02 3.412174e-02 3.450356e-02 3.451751e-02 3.464233e-02 3.552545e-02 3.639157e-02 3.813503e-02 4.152524e-02 4.396672e-02 4.500632e-02 4.454328e-02 4.384856e-02 3.596023e-02 3.724741e-02 4.430544e-02 4.594094e-02 4.594746e-02 4.527071e-02 4.565420e-02 4.743478e-02 4.874617e-02 1.003674e-01 1.029881e-01 1.055963e-01 5.336980e-02 5.522290e-02 5.692360e-02 5.862799e-02 5.949239e-02 5.939429e-02 5.956959e-02 7.527528e-02 8.645913e-02 9.413326e-02 5.795943e-02 5.653342e-02 5.475477e-02 5.289908e-02 5.266247e-02 5.391602e-02
