tests/data/reference/test_implicit_stream_rill_mfda/mwlevel_m.asc
ncols	123
nrows	77
xllcorner	-713746.79929998
yllcorner	-1061022.36961616
cellsize	10.0
NODATA_value	-9999
[rows 46 to 68 of 77, columns 52 to 103 of 123]
1.325007e-02 1.317057e-02 1.289987e-02 1.266506e-02 1.271146e-02 1.247398e-02 1.246454e-02 1.245727e-02 1.251645e-02 1.293453e-02 1.275027e-02 2.360935e-02 1.278745e-02 1.270112e-02 1.233653e-02 1.227947e-02 1.256294e-02 1.196809e-02 1.201133e-02 1.210370e-02 1.205347e-02 1.197074e-02 1.209247e-02 1.238116e-02 1.318593e-02 0.000000e+00 9.639553e-03 9.153223e-03 1.196087e-02 1.303638e-02 1.366980e-02 0.000000e+00 0.000000e+00 0.000000e+00 1.381159e-02 1.332999e-02 1.326151e-02 8.814929e-03 8.727977e-03 8.713049e-03 8.725591e-03 8.761401e-03 8.817054e-03 8.903755e-03 8.982026e-03 9.050837e-03 9.122793e-03 1.292027e-02 1.296627e-02 1.295281e-02 1.286481e-02 1.283232e-02
1.345283e-02 1.345720e-02 1.319035e-02 1.285757e-02 1.170398e-02 1.176521e-02 1.172889e-02 1.166234e-02 1.283685e-02 1.253401e-02 2.544538e-02 1.282118e-02 1.248460e-02 1.162926e-02 1.161858e-02 1.294284e-02 1.147590e-02 1.126567e-02 1.121931e-02 1.123233e-02 1.113417e-02 1.100165e-02 1.099450e-02 1.275461e-02 8.635378e-03 0.000000e+00 9.784414e-03 1.000734e-02 1.214907e-02 1.294620e-02 1.342487e-02 1.376866e-02 1.458348e-02 0.000000e+00 0.000000e+00 1.363215e-02 1.344625e-02 8.910567e-03 8.766200e-03 8.722423e-03 8.734853e-03 8.781161e-03 8.820118e-03 8.865820e-03 8.903141e-03 8.942411e-03 8.998476e-03 1.282957e-02 1.285805e-02 1.290431e-02 1.292567e-02 1.294857e-02
1.352198e-02 1.359484e-02 1.341519e-02 9.586110e-03 9.514084e-03 9.525641e-03 9.510132e-03 1.291374e-02 1.170549e-02 2.692391e-02 1.287690e-02 1.162027e-02 9.233318e-03 9.274899e-03 1.298131e-02 9.319626e-03 9.244575e-03 9.076978e-03 8.984367e-03 8.961289e-03 8.882234e-03 8.749294e-03 1.254396e-02 1.099102e-02 1.223775e-02 0.000000e+00 9.817053e-03 1.417645e-02 1.410007e-02 1.362806e-02 1.358730e-02 1.378812e-02 1.428519e-02 1.029756e-02 0.000000e+00 1.421749e-02 1.347649e-02 9.025744e-03 8.835171e-03 8.746389e-03 8.741861e-03 8.794253e-03 8.823085e-03 8.839784e-03 8.843670e-03 8.856261e-03 8.899529e-03 1.282149e-02 1.281538e-02 1.286261e-02 1.294496e-02 1.302170e-02
1.345218e-02 1.354119e-02 9.693050e-03 1.189726e-02 1.267537e-02 1.298529e-02 1.307252e-02 9.573387e-03 2.869716e-02 1.291699e-02 9.377005e-03 9.288036e-03 1.167944e-02 1.267393e-02 9.317619e-03 1.173844e-02 1.256777e-02 1.275449e-02 1.288707e-02 1.301768e-02 1.300551e-02 1.292880e-02 8.791974e-03 8.598876e-03 1.488837e-02 0.000000e+00 1.053215e-02 1.235411e-02 1.335596e-02 1.334728e-02 1.346781e-02 1.371334e-02 1.412448e-02 1.429285e-02 0.000000e+00 0.000000e+00 1.338298e-02 9.142703e-03 8.931142e-03 8.797730e-03 8.759046e-03 8.795431e-03 8.815278e-03 8.817546e-03 8.797148e-03 8.786919e-03 8.822165e-03 1.284985e-02 1.280351e-02 1.283187e-02 1.295232e-02 1.307838e-02
1.323750e-02 2.199767e-02 2.107314e-02 1.980421e-02 1.842334e-02 1.701315e-02 1.563501e-02 3.045352e-02 1.311217e-02 9.469991e-03 1.174171e-02 1.256583e-02 1.289242e-02 1.306065e-02 1.308403e-02 1.305497e-02 1.298270e-02 1.289547e-02 1.294309e-02 1.304239e-02 1.307960e-02 1.308659e-02 1.292863e-02 1.271990e-02 1.255585e-02 0.000000e+00 9.862661e-03 8.587169e-03 1.136990e-02 1.256267e-02 1.317231e-02 1.354319e-02 1.397622e-02 2.042983e-02 1.402828e-02 0.000000e+00 1.385952e-02 9.222115e-03 9.011090e-03 8.857569e-03 8.794146e-03 8.804985e-03 8.809922e-03 8.808489e-03 1.131846e-02 1.127770e-02 8.757236e-03 1.288319e-02 1.285481e-02 1.286620e-02 1.293604e-02 1.302325e-02
2.226248e-02 1.328799e-02 1.781731e-02 1.844126e-02 2.186092e-02 2.671641e-02 2.866244e-02 1.324070e-02 1.315552e-02 1.293219e-02 1.295170e-02 1.304477e-02 1.306708e-02 1.307402e-02 1.304690e-02 1.300502e-02 1.671826e-02 1.497759e-02 1.366951e-02 1.318270e-02 1.319121e-02 1.331182e-02 1.314248e-02 1.284730e-02 1.260954e-02 0.000000e+00 8.630901e-03 1.106818e-02 1.215920e-02 1.286483e-02 1.325145e-02 1.355999e-02 1.393917e-02 1.440197e-02 2.021681e-02 0.000000e+00 0.000000e+00 9.659874e-03 9.056714e-03 8.905493e-03 8.832968e-03 8.822551e-03 8.807509e-03 8.806067e-03 1.243597e-02 1.239079e-02 8.709409e-03 1.290425e-02 1.292086e-02 1.292598e-02 1.290940e-02 1.291890e-02
1.315018e-02 1.316311e-02 9.331466e-03 1.348078e-02 1.588132e-02 1.316467e-02 1.313474e-02 1.319824e-02 1.312522e-02 1.289186e-02 1.297176e-02 1.316807e-02 1.317648e-02 1.311024e-02 1.305403e-02 1.300585e-02 9.197629e-03 1.142369e-02 1.233331e-02 1.273798e-02 1.309598e-02 1.349112e-02 1.333091e-02 1.293010e-02 8.896660e-03 0.000000e+00 1.023301e-02 1.234438e-02 1.287448e-02 1.293994e-02 1.323538e-02 1.357535e-02 1.389869e-02 1.418452e-02 1.428636e-02 1.952088e-02 0.000000e+00 1.210546e-02 9.056568e-03 8.948732e-03 8.894457e-03 8.881636e-03 8.844108e-03 1.135668e-02 1.286430e-02 1.284060e-02 1.123460e-02 1.293969e-02 1.293757e-02 1.294373e-02 1.292583e-02 1.288767e-02
1.313020e-02 1.312090e-02 1.323703e-02 1.709369e-02 1.345011e-02 1.319586e-02 1.314000e-02 1.317277e-02 1.307259e-02 1.670859e-02 1.525633e-02 1.438103e-02 1.343546e-02 1.326427e-02 1.313808e-02 1.303685e-02 1.288623e-02 1.273567e-02 1.274442e-02 1.280693e-02 1.311842e-02 1.358969e-02 1.803555e-02 1.758456e-02 1.576353e-02 0.000000e+00 1.046703e-02 1.249351e-02 1.292999e-02 1.291890e-02 1.303758e-02 1.350414e-02 1.377352e-02 1.388970e-02 1.402915e-02 2.241499e-02 0.000000e+00 0.000000e+00 9.320196e-03 8.971476e-03 8.974524e-03 8.987067e-03 1.149027e-02 1.248779e-02 1.300402e-02 1.298275e-02 1.235079e-02 1.298982e-02 1.293990e-02 1.293798e-02 1.295832e-02 1.289815e-02
1.314461e-02 1.312328e-02 1.767749e-02 1.359137e-02 1.348805e-02 1.324225e-02 1.319043e-02 1.319477e-02 1.308960e-02 1.291681e-02 1.294736e-02 1.315321e-02 1.327656e-02 1.333760e-02 1.321781e-02 1.304479e-02 1.290307e-02 1.278135e-02 1.277440e-02 1.280727e-02 1.311835e-02 1.362374e-02 9.308956e-03 9.032127e-03 1.125338e-02 0.000000e+00 1.029938e-02 1.239376e-02 1.289082e-02 1.282637e-02 1.303406e-02 1.364443e-02 1.360915e-02 1.360168e-02 1.967694e-02 2.504168e-02 9.619102e-03 0.000000e+00 9.187836e-03 9.231480e-03 8.948972e-03 8.967688e-03 1.248176e-02 1.284801e-02 1.300586e-02 1.300751e-02 1.280881e-02 1.304705e-02 1.299763e-02 1.296311e-02 1.296224e-02 1.293649e-02
1.315632e-02 1.315817e-02 1.329690e-02 1.352247e-02 1.342809e-02 1.329770e-02 1.322956e-02 1.321106e-02 1.315934e-02 9.177413e-03 1.743443e-02 2.064383e-02 1.964830e-02 2.642837e-02 2.869190e-02 2.712384e-02 2.549658e-02 2.382994e-02 2.229111e-02 2.086964e-02 2.021969e-02 2.045653e-02 1.926740e-02 1.687245e-02 0.000000e+00 0.000000e+00 8.510389e-03 1.096862e-02 1.208746e-02 1.260184e-02 1.293494e-02 1.319622e-02 1.323144e-02 1.335588e-02 1.378474e-02 1.947630e-02 2.428699e-02 0.000000e+00 9.053743e-03 9.112708e-03 8.831106e-03 1.127428e-02 1.268219e-02 1.285330e-02 1.294586e-02 1.299209e-02 1.297874e-02 1.309990e-02 1.307902e-02 1.301146e-02 1.295719e-02 1.297569e-02
1.310236e-02 1.320444e-02 1.321822e-02 1.321660e-02 1.339059e-02 1.329835e-02 1.320478e-02 1.315281e-02 1.314750e-02 1.717080e-02 1.302582e-02 1.298334e-02 1.732234e-02 1.339060e-02 1.335700e-02 1.742698e-02 1.578236e-02 1.434243e-02 1.310192e-02 1.295748e-02 1.309668e-02 1.338699e-02 1.317206e-02 1.275264e-02 0.000000e+00 9.379679e-03 9.243105e-03 1.124221e-02 1.226467e-02 1.277786e-02 1.299661e-02 1.307263e-02 1.309083e-02 1.308857e-02 1.359292e-02 1.998913e-02 3.159666e-02 0.000000e+00 0.000000e+00 8.877247e-03 1.139093e-02 1.216231e-02 1.274633e-02 1.286855e-02 1.295600e-02 1.300390e-02 1.302401e-02 1.310385e-02 1.313583e-02 1.311286e-02 1.306996e-02 1.309641e-02
1.296856e-02 1.306279e-02 1.260021e-02 1.306985e-02 1.316194e-02 1.313722e-02 1.312144e-02 1.302617e-02 1.303739e-02 1.308118e-02 1.302806e-02 1.294771e-02 1.304907e-02 1.324973e-02 1.324873e-02 1.311807e-02 1.720528e-02 2.035504e-02 2.212653e-02 2.099407e-02 2.079960e-02 2.021108e-02 1.897879e-02 1.739228e-02 0.000000e+00 9.375942e-03 9.259507e-03 1.132247e-02 1.237752e-02 1.288694e-02 1.297869e-02 1.290092e-02 1.294118e-02 1.303669e-02 1.344491e-02 1.389038e-02 2.586547e-02 2.923005e-02 0.000000e+00 1.113079e-02 1.221841e-02 1.248053e-02 1.278056e-02 1.290401e-02 1.300212e-02 1.303727e-02 1.303030e-02 1.308055e-02 1.317098e-02 1.323401e-02 1.324237e-02 1.326181e-02
1.240625e-02 1.169397e-02 1.295536e-02 1.288467e-02 1.280473e-02 1.304052e-02 1.300845e-02 1.292788e-02 1.291917e-02 1.296979e-02 1.297077e-02 1.295795e-02 1.298413e-02 1.311450e-02 1.315586e-02 1.308166e-02 1.302683e-02 1.299686e-02 1.299382e-02 1.720227e-02 1.585374e-02 1.476079e-02 1.365288e-02 1.305621e-02 0.000000e+00 9.377839e-03 9.288325e-03 1.140201e-02 1.245034e-02 1.291511e-02 1.764922e-02 1.597522e-02 1.529523e-02 1.649071e-02 1.688059e-02 3.131813e-02 3.384115e-02 6.364516e-02 0.000000e+00 0.000000e+00 1.292447e-02 1.297396e-02 1.289594e-02 1.298713e-02 1.305508e-02 1.308853e-02 1.308899e-02 1.310492e-02 1.316314e-02 1.322028e-02 1.322831e-02 1.323450e-02
8.954870e-03 1.285460e-02 1.314739e-02 1.235347e-02 1.280738e-02 1.284423e-02 1.288894e-02 1.283442e-02 1.277449e-02 1.277302e-02 1.295100e-02 1.294064e-02 1.293803e-02 1.302889e-02 1.308169e-02 1.308221e-02 1.304823e-02 1.299598e-02 1.296864e-02 1.296432e-02 1.721298e-02 1.779187e-02 1.750285e-02 1.732857e-02 0.000000e+00 8.567664e-03 1.112229e-02 1.581079e-02 1.715711e-02 1.802652e-02 1.268010e-02 1.442290e-02 1.418523e-02 1.199308e-02 1.197662e-02 1.237327e-02 1.924278e-02 2.332101e-02 7.132508e-02 0.000000e+00 0.000000e+00 1.337711e-02 1.330630e-02 1.309588e-02 1.311376e-02 1.314223e-02 1.317087e-02 1.316248e-02 1.315023e-02 1.314579e-02 1.311949e-02 1.310011e-02
1.153825e-02 1.340587e-02 1.180907e-02 1.274824e-02 1.235848e-02 1.249383e-02 1.256376e-02 1.256076e-02 1.245179e-02 1.278076e-02 1.273295e-02 1.282432e-02 1.292494e-02 1.287672e-02 1.293185e-02 1.302459e-02 1.301475e-02 1.298864e-02 1.296821e-02 1.290726e-02 8.682301e-03 8.678512e-03 1.267888e-02 8.493606e-03 0.000000e+00 8.468762e-03 1.108299e-02 1.328807e-02 1.328228e-02 1.225072e-02 1.102779e-02 1.089226e-02 1.080504e-02 1.077055e-02 1.069233e-02 1.058368e-02 1.070184e-02 1.256826e-02 1.421641e-02 8.050883e-02 0.000000e+00 0.000000e+00 1.376887e-02 1.327985e-02 1.320312e-02 1.316897e-02 1.317022e-02 1.314425e-02 1.311012e-02 1.312443e-02 1.316503e-02 1.315653e-02
1.292344e-02 9.487796e-03 1.334740e-02 1.164372e-02 1.159322e-02 1.161814e-02 1.167371e-02 1.171218e-02 1.283968e-02 1.229411e-02 1.233098e-02 1.280871e-02 1.268941e-02 1.262981e-02 1.276294e-02 1.280747e-02 1.284224e-02 1.286517e-02 1.278167e-02 8.703166e-03 1.124307e-02 1.243118e-02 8.667939e-03 1.103380e-02 0.000000e+00 1.027632e-02 1.262212e-02 1.330731e-02 1.116318e-02 8.562108e-03 8.524678e-03 8.454747e-03 8.375279e-03 8.299354e-03 8.198164e-03 8.068732e-03 1.158046e-02 1.259109e-02 1.896424e-02 2.375424e-02 9.434495e-02 0.000000e+00 1.452657e-02 1.397742e-02 1.332919e-02 1.319570e-02 1.313826e-02 1.309506e-02 1.305091e-02 1.311038e-02 1.324470e-02 8.868619e-03
1.312107e-02 1.359577e-02 9.684416e-03 9.535296e-03 9.420177e-03 9.347945e-03 9.352892e-03 1.303259e-02 1.167992e-02 1.151572e-02 1.264717e-02 1.236516e-02 1.233179e-02 1.262108e-02 1.251742e-02 1.256880e-02 1.261746e-02 1.229851e-02 8.727243e-03 1.121482e-02 1.236002e-02 1.292889e-02 1.298694e-02 1.283028e-02 0.000000e+00 1.042831e-02 1.270613e-02 8.559256e-03 8.595392e-03 1.116158e-02 1.229529e-02 1.275368e-02 1.286916e-02 1.285596e-02 1.281740e-02 1.242176e-02 8.077580e-03 8.042051e-03 1.086778e-02 1.300898e-02 1.466629e-02 0.000000e+00 0.000000e+00 1.412173e-02 1.338369e-02 1.324615e-02 1.319372e-02 1.319085e-02 1.316911e-02 1.322086e-02 8.929882e-03 1.314370e-02
1.323773e-02 1.346014e-02 1.337301e-02 1.309098e-02 1.297698e-02 1.293847e-02 1.304395e-02 9.542958e-03 9.526375e-03 1.277542e-02 1.161727e-02 1.162827e-02 1.268264e-02 1.227809e-02 1.221157e-02 1.220176e-02 1.131566e-02 8.763626e-03 1.121922e-02 1.230506e-02 1.281606e-02 1.309631e-02 1.308284e-02 1.293285e-02 0.000000e+00 1.046627e-02 1.268777e-02 1.325961e-02 1.330077e-02 1.322794e-02 1.317259e-02 1.314666e-02 1.306206e-02 1.294975e-02 1.286036e-02 1.279376e-02 1.254154e-02 1.216319e-02 1.324147e-02 1.543772e-02 2.573989e-02 3.356258e-02 0.000000e+00 0.000000e+00 1.380367e-02 1.329895e-02 8.832914e-03 1.335140e-02 1.336597e-02 8.950905e-03 1.342007e-02 1.283449e-02
1.330320e-02 1.325813e-02 1.319757e-02 1.311062e-02 1.305741e-02 1.301927e-02 1.308779e-02 1.320691e-02 1.314005e-02 9.555831e-03 9.500124e-03 1.280843e-02 1.167692e-02 1.160283e-02 1.147176e-02 9.014874e-03 8.877242e-03 1.123525e-02 1.226660e-02 1.274926e-02 1.298046e-02 1.311964e-02 1.311191e-02 1.303005e-02 0.000000e+00 1.046910e-02 1.261702e-02 1.312706e-02 1.321370e-02 1.324439e-02 1.323939e-02 1.323587e-02 1.317211e-02 1.307618e-02 1.294753e-02 1.281678e-02 1.280630e-02 1.273874e-02 8.175918e-03 8.204098e-03 1.110056e-02 1.330907e-02 3.229834e-02 0.000000e+00 1.422555e-02 1.380458e-02 8.883619e-03 8.945801e-03 8.974948e-03 8.891196e-03 1.304866e-02 1.227306e-02
1.301354e-02 1.299602e-02 1.299802e-02 1.303651e-02 1.307493e-02 1.311724e-02 1.315317e-02 1.318333e-02 1.315968e-02 1.311119e-02 1.306269e-02 9.631408e-03 9.560232e-03 9.470314e-03 9.303015e-03 1.142910e-02 1.223919e-02 1.256782e-02 1.278428e-02 1.296092e-02 1.306496e-02 1.313292e-02 1.741226e-02 1.774059e-02 0.000000e+00 1.077460e-02 1.276708e-02 1.312769e-02 1.318527e-02 1.326229e-02 1.329278e-02 1.331147e-02 1.327088e-02 1.320113e-02 1.307097e-02 1.291056e-02 1.283912e-02 1.282649e-02 1.284325e-02 1.264680e-02 1.322588e-02 1.443277e-02 1.459786e-02 0.000000e+00 0.000000e+00 1.398303e-02 8.915877e-03 8.919788e-03 8.937012e-03 1.326099e-02 1.287949e-02 1.220627e-02
9.838494e-03 1.189002e-02 1.258573e-02 1.285855e-02 1.302888e-02 1.319137e-02 1.320783e-02 1.314679e-02 1.318245e-02 1.328312e-02 1.320120e-02 1.302399e-02 1.290748e-02 1.283583e-02 1.274004e-02 1.264853e-02 1.265790e-02 1.269687e-02 1.283686e-02 1.301155e-02 1.311945e-02 1.318758e-02 8.764698e-03 0.000000e+00 0.000000e+00 9.842308e-03 1.211246e-02 1.272792e-02 1.297044e-02 1.315957e-02 1.326752e-02 1.334581e-02 1.334407e-02 1.330463e-02 1.321347e-02 1.308844e-02 1.292261e-02 1.277434e-02 1.276678e-02 1.277375e-02 1.282669e-02 1.330956e-02 1.377133e-02 1.429295e-02 0.000000e+00 0.000000e+00 1.201678e-02 8.852318e-03 8.770533e-03 8.660993e-03 8.570721e-03 1.108547e-02
-9.999000e+03 -9.999000e+03 -9.999000e+03 -9.999000e+03 -9.999000e+03 -9.999000e+03 -9.999000e+03 9.584543e-03 9.649162e-03 9.833503e-03 9.916897e-03 9.842402e-03 1.188215e-02 1.243548e-02 1.261844e-02 1.270380e-02 1.272829e-02 1.272420e-02 1.286091e-02 1.305377e-02 1.316152e-02 1.323075e-02 1.305266e-02 0.000000e+00 9.746172e-03 9.473295e-03 1.134249e-02 1.212662e-02 1.259369e-02 1.292691e-02 1.315282e-02 1.333093e-02 1.339550e-02 1.340710e-02 1.335405e-02 1.326094e-02 1.303181e-02 1.277044e-02 1.270477e-02 1.273308e-02 1.275813e-02 1.278429e-02 1.358699e-02 1.424627e-02 1.492489e-02 0.000000e+00 0.000000e+00 9.102092e-03 8.591699e-03 8.521472e-03 8.487137e-03 8.493879e-03
-9.999000e+03 -9.999000e+03 -9.999000e+03 -9.999000e+03 -9.999000e+03 -9.999000e+03 -9.999000e+03 -9.999000e+03 -9.999000e+03 -9.999000e+03 1.210114e-02 1.198911e-02 9.636421e-03 9.369760e-03 1.156039e-02 1.247008e-02 1.273233e-02 1.273750e-02 1.288258e-02 1.309678e-02 1.317936e-02 1.320361e-02 1.299984e-02 0.000000e+00 9.743356e-03 9.513457e-03 1.138060e-02 1.211828e-02 1.253554e-02 1.278764e-02 1.308915e-02 1.329944e-02 1.342340e-02 1.349183e-02 1.345140e-02 1.335032e-02 1.313737e-02 1.289096e-02 1.274716e-02 1.266426e-02 1.272779e-02 1.267001e-02 1.309903e-02 1.384210e-02 1.423003e-02 1.510105e-02 0.000000e+00 0.000000e+00 8.507161e-03 8.416160e-03 -9.999000e+03 -9.999000e+03
