tests/data/reference/test_implicit_stream_rill_mfda/mwlevel_m.asc
ncols	123
nrows	77
xllcorner	-713746.79929998
yllcorner	-1061022.36961616
cellsize	10.0
NODATA_value	-9999
[rows 23 to 45 of 77, columns 0 to 51 of 123]
-9.999000e+03 -9.999000e+03 -9.999000e+03 -9.999000e+03 -9.999000e+03 -9.999000e+03 -9.999000e+03 -9.999000e+03 -9.999000e+03 -9.999000e+03 -9.999000e+03 -9.999000e+03 -9.999000e+03 -9.999000e+03 1.162417e-02 1.427556e-02 1.422449e-02 1.312220e-02 1.139293e-02 1.262358e-02 1.014658e-02 5.730737e-03 1.066955e-02 2.144616e-02 2.400010e-02 1.342759e-02 1.623856e-02 1.345160e-02 1.295619e-02 1.309911e-02 9.121732e-03 1.146631e-02 1.243948e-02 1.306555e-02 2.317351e-02 1.313864e-02 1.326828e-02 8.911914e-03 1.740683e-02 1.307785e-02 1.313167e-02 1.317101e-02 1.318943e-02 1.317902e-02 1.315171e-02 1.312008e-02 1.309443e-02 1.307156e-02 1.305273e-02 1.280342e-02 1.231760e-02 8.639869e-03
-9.999000e+03 -9.999000e+03 -9.999000e+03 -9.999000e+03 -9.999000e+03 -9.999000e+03 -9.999000e+03 -9.999000e+03 -9.999000e+03 -9.999000e+03 -9.999000e+03 -9.999000e+03 -9.999000e+03 -9.999000e+03 1.421589e-02 2.775949e-02 2.055064e-02 1.240825e-02 1.146140e-02 1.075497e-02 5.337623e-03 8.259194e-03 9.982708e-03 1.093482e-02 1.828471e-02 2.389212e-02 1.415721e-02 1.330290e-02 1.351260e-02 9.586816e-03 1.299312e-02 1.147257e-02 1.247444e-02 1.293717e-02 2.556201e-02 1.316689e-02 1.306310e-02 8.878502e-03 1.773053e-02 1.311038e-02 1.314380e-02 1.317189e-02 1.320212e-02 1.320410e-02 1.317568e-02 1.313608e-02 1.309996e-02 1.307358e-02 1.305965e-02 1.296043e-02 8.627626e-03 1.265806e-02
-9.999000e+03 -9.999000e+03 -9.999000e+03 -9.999000e+03 -9.999000e+03 -9.999000e+03 -9.999000e+03 -9.999000e+03 -9.999000e+03 -9.999000e+03 -9.999000e+03 -9.999000e+03 -9.999000e+03 -9.999000e+03 3.037062e-02 1.381500e-02 1.117935e-02 1.118735e-02 1.123962e-02 9.960737e-03 5.976201e-03 1.786384e-02 2.437685e-02 1.237752e-02 1.227020e-02 1.535196e-02 2.530661e-02 1.329726e-02 1.339137e-02 9.525117e-03 1.200652e-02 1.352651e-02 1.303866e-02 1.304845e-02 1.322779e-02 2.770161e-02 8.991979e-03 1.295624e-02 1.136064e-02 2.110346e-02 1.313816e-02 1.313326e-02 1.315585e-02 1.316588e-02 1.314692e-02 1.310985e-02 1.306662e-02 1.303235e-02 1.300902e-02 1.294470e-02 1.103846e-02 8.500170e-03
-9.999000e+03 -9.999000e+03 -9.999000e+03 -9.999000e+03 -9.999000e+03 -9.999000e+03 -9.999000e+03 -9.999000e+03 -9.999000e+03 -9.999000e+03 -9.999000e+03 -9.999000e+03 1.084658e-02 1.139503e-02 2.424211e-02 1.308777e-02 1.114335e-02 1.233320e-02 1.014384e-02 5.763118e-03 2.127866e-02 2.182188e-02 1.663262e-02 2.051444e-02 1.316143e-02 1.316049e-02 3.059822e-02 1.371569e-02 1.368985e-02 1.218172e-02 9.588165e-03 1.308543e-02 1.371209e-02 1.368899e-02 1.383798e-02 1.311450e-02 2.587271e-02 1.135232e-02 1.305445e-02 1.244336e-02 2.342889e-02 1.314261e-02 1.316668e-02 1.316781e-02 1.313195e-02 1.307172e-02 1.300743e-02 1.297241e-02 1.296353e-02 1.293075e-02 1.211779e-02 8.447759e-03
-9.999000e+03 -9.999000e+03 -9.999000e+03 -9.999000e+03 -9.999000e+03 -9.999000e+03 -9.999000e+03 -9.999000e+03 -9.999000e+03 -9.999000e+03 -9.999000e+03 -9.999000e+03 -9.999000e+03 1.091806e-02 1.289439e-02 1.249956e-02 1.200186e-02 1.026825e-02 6.119936e-03 2.212755e-02 1.262155e-02 1.331657e-02 2.325040e-02 2.658925e-02 3.221308e-02 3.193232e-02 3.194606e-02 3.237863e-02 1.408032e-02 1.387370e-02 1.323400e-02 1.222396e-02 1.370022e-02 1.400491e-02 1.376370e-02 1.342631e-02 1.335643e-02 2.643782e-02 1.240273e-02 1.305982e-02 2.380141e-02 1.318015e-02 1.320700e-02 1.318886e-02 1.312170e-02 1.302515e-02 1.293771e-02 1.291095e-02 1.292981e-02 1.293186e-02 1.261514e-02 1.095057e-02
-9.999000e+03 -9.999000e+03 -9.999000e+03 -9.999000e+03 -9.999000e+03 -9.999000e+03 -9.999000e+03 -9.999000e+03 -9.999000e+03 -9.999000e+03 -9.999000e+03 -9.999000e+03 -9.999000e+03 -9.999000e+03 -9.999000e+03 1.159794e-02 1.059136e-02 5.937936e-03 8.352095e-03 2.360007e-02 1.983897e-02 1.723498e-02 1.522687e-02 1.361468e-02 1.345251e-02 1.337922e-02 1.352933e-02 3.409781e-02 4.860001e-02 1.383458e-02 1.385201e-02 1.380816e-02 1.354885e-02 1.401978e-02 1.377274e-02 1.335488e-02 1.337670e-02 1.359991e-02 2.572232e-02 1.339522e-02 2.494902e-02 1.315189e-02 1.310665e-02 1.305807e-02 1.300833e-02 1.295499e-02 1.292128e-02 1.293091e-02 1.295940e-02 1.296941e-02 1.286511e-02 1.215126e-02
-9.999000e+03 -9.999000e+03 -9.999000e+03 -9.999000e+03 -9.999000e+03 -9.999000e+03 -9.999000e+03 -9.999000e+03 -9.999000e+03 -9.999000e+03 -9.999000e+03 -9.999000e+03 -9.999000e+03 -9.999000e+03 -9.999000e+03 -9.999000e+03 1.031128e-02 6.305493e-03 1.850705e-02 1.617437e-02 1.458429e-02 1.391079e-02 1.359835e-02 1.339958e-02 1.332034e-02 1.327510e-02 1.347672e-02 1.377208e-02 1.368325e-02 4.850689e-02 4.927098e-02 5.052393e-02 1.404460e-02 1.384481e-02 1.373654e-02 1.346396e-02 1.763531e-02 2.150264e-02 1.385902e-02 2.488619e-02 1.346837e-02 2.935453e-02 1.293455e-02 1.287183e-02 1.286488e-02 1.288846e-02 1.293657e-02 1.298779e-02 1.301490e-02 1.302401e-02 1.301306e-02 1.275913e-02
-9.999000e+03 -9.999000e+03 -9.999000e+03 -9.999000e+03 -9.999000e+03 -9.999000e+03 -9.999000e+03 -9.999000e+03 -9.999000e+03 -9.999000e+03 -9.999000e+03 -9.999000e+03 -9.999000e+03 -9.999000e+03 -9.999000e+03 -9.999000e+03 5.734800e-03 2.030037e-02 1.252082e-02 1.316061e-02 1.343913e-02 3.342596e-02 3.133627e-02 2.869677e-02 2.642914e-02 2.440602e-02 2.313025e-02 2.249641e-02 2.118967e-02 1.931534e-02 1.812481e-02 1.737773e-02 5.088994e-02 5.126484e-02 4.985489e-02 4.734410e-02 4.384846e-02 4.146082e-02 4.028741e-02 3.810402e-02 4.147952e-02 4.228384e-02 3.374634e-02 1.386841e-02 1.374268e-02 1.326609e-02 1.324897e-02 1.322312e-02 1.317176e-02 1.315705e-02 1.319740e-02 1.315545e-02
-9.999000e+03 -9.999000e+03 -9.999000e+03 -9.999000e+03 -9.999000e+03 -9.999000e+03 -9.999000e+03 -9.999000e+03 -9.999000e+03 -9.999000e+03 -9.999000e+03 -9.999000e+03 -9.999000e+03 -9.999000e+03 -9.999000e+03 5.729968e-03 1.914182e-02 1.222219e-02 2.845645e-02 3.234657e-02 3.243808e-02 1.361760e-02 1.733141e-02 2.007310e-02 1.806473e-02 2.399194e-02 2.563289e-02 2.729730e-02 2.592082e-02 2.411858e-02 2.305114e-02 2.266346e-02 2.253591e-02 2.281681e-02 2.169710e-02 1.927627e-02 3.995224e-02 3.742194e-02 3.459742e-02 3.238362e-02 3.265777e-02 3.559021e-02 5.310803e-02 6.718595e-02 6.514788e-02 1.427994e-02 1.942876e-02 1.354644e-02 1.337251e-02 1.334184e-02 1.343314e-02 1.348781e-02
-9.999000e+03 -9.999000e+03 -9.999000e+03 -9.999000e+03 -9.999000e+03 -9.999000e+03 -9.999000e+03 -9.999000e+03 -9.999000e+03 -9.999000e+03 -9.999000e+03 -9.999000e+03 -9.999000e+03 -9.999000e+03 6.079811e-03 8.700286e-03 2.550252e-02 2.742433e-02 1.336075e-02 1.327417e-02 1.385224e-02 1.370941e-02 1.365233e-02 1.344091e-02 1.738280e-02 1.377569e-02 1.365838e-02 1.294205e-02 1.296019e-02 1.355566e-02 1.361350e-02 2.732736e-02 3.037661e-02 3.354070e-02 3.518456e-02 4.061846e-02 1.353442e-02 1.358288e-02 1.349205e-02 1.327040e-02 1.325447e-02 1.344738e-02 1.835475e-02 2.285586e-02 2.681244e-02 5.920208e-02 6.352627e-02 6.370052e-02 1.425722e-02 2.001431e-02 1.391985e-02 1.388847e-02
-9.999000e+03 -9.999000e+03 -9.999000e+03 -9.999000e+03 -9.999000e+03 -9.999000e+03 -9.999000e+03 -9.999000e+03 -9.999000e+03 -9.999000e+03 -9.999000e+03 -9.999000e+03 -9.999000e+03 -9.999000e+03 5.822372e-03 4.018664e-02 1.303580e-02 1.312446e-02 1.324037e-02 1.328054e-02 1.322807e-02 1.309095e-02 1.365565e-02 1.288167e-02 1.290197e-02 1.301624e-02 1.296507e-02 1.283860e-02 1.641490e-02 1.924082e-02 2.188184e-02 1.334341e-02 1.340598e-02 1.344219e-02 1.945735e-02 1.181431e-02 1.273581e-02 1.315870e-02 1.303318e-02 1.290156e-02 1.284600e-02 1.326769e-02 1.330387e-02 1.343040e-02 1.364759e-02 1.847042e-02 2.217761e-02 2.531313e-02 5.996534e-02 7.048326e-02 8.452915e-02 1.553077e-02
-9.999000e+03 -9.999000e+03 -9.999000e+03 -9.999000e+03 -9.999000e+03 -9.999000e+03 -9.999000e+03 -9.999000e+03 -9.999000e+03 -9.999000e+03 -9.999000e+03 -9.999000e+03 -9.999000e+03 9.115293e-03 4.803827e-02 1.303290e-02 1.301212e-02 1.301811e-02 1.308059e-02 1.318770e-02 1.322854e-02 1.317291e-02 1.305224e-02 1.292249e-02 1.286243e-02 1.290285e-02 1.286946e-02 1.276421e-02 1.283154e-02 1.294378e-02 1.304447e-02 1.317352e-02 1.320097e-02 2.039998e-02 9.250081e-03 1.159818e-02 1.299896e-02 1.296227e-02 1.287982e-02 1.282408e-02 1.282257e-02 1.275235e-02 1.272897e-02 1.304764e-02 1.304807e-02 1.292426e-02 1.306016e-02 1.319345e-02 1.354167e-02 1.880911e-02 2.333720e-02 8.166742e-02
-9.999000e+03 -9.999000e+03 -9.999000e+03 -9.999000e+03 -9.999000e+03 -9.999000e+03 -9.999000e+03 -9.999000e+03 -9.999000e+03 -9.999000e+03 -9.999000e+03 -9.999000e+03 6.160893e-03 1.117224e-02 1.280120e-02 1.296643e-02 1.405624e-02 1.293464e-02 1.303926e-02 1.313055e-02 1.319979e-02 1.322574e-02 1.315461e-02 1.305632e-02 1.296280e-02 1.291527e-02 1.283493e-02 1.271374e-02 1.274759e-02 1.277968e-02 1.282150e-02 1.284539e-02 1.777567e-02 1.250372e-02 9.207237e-03 1.290740e-02 1.282034e-02 1.265650e-02 1.255409e-02 1.260404e-02 1.242060e-02 1.242549e-02 1.250240e-02 1.257677e-02 1.217024e-02 1.245607e-02 1.244830e-02 1.245111e-02 1.269248e-02 1.302030e-02 1.405791e-02 1.907202e-02
-9.999000e+03 -9.999000e+03 -9.999000e+03 -9.999000e+03 -9.999000e+03 -9.999000e+03 -9.999000e+03 -9.999000e+03 -9.999000e+03 -9.999000e+03 -9.999000e+03 -9.999000e+03 9.218776e-03 1.273710e-02 1.265123e-02 1.556479e-02 1.270836e-02 1.287005e-02 1.297063e-02 1.305108e-02 1.313336e-02 1.320393e-02 1.318781e-02 1.313839e-02 1.305906e-02 1.297643e-02 1.288582e-02 1.274829e-02 1.264501e-02 1.274259e-02 1.266738e-02 1.774733e-02 9.166788e-03 1.149344e-02 1.277221e-02 1.273596e-02 1.238975e-02 1.229932e-02 1.256240e-02 1.207005e-02 1.196784e-02 1.194228e-02 1.208791e-02 1.122970e-02 1.118817e-02 1.113071e-02 1.109592e-02 1.135068e-02 1.141924e-02 1.346234e-02 1.289068e-02 1.308172e-02
-9.999000e+03 -9.999000e+03 -9.999000e+03 -9.999000e+03 -9.999000e+03 -9.999000e+03 -9.999000e+03 -9.999000e+03 -9.999000e+03 -9.999000e+03 -9.999000e+03 6.705716e-03 2.686398e-02 1.272619e-02 1.748905e-02 1.191455e-02 1.252826e-02 1.273783e-02 1.284485e-02 1.294866e-02 1.301495e-02 1.311049e-02 1.309996e-02 1.307595e-02 1.303248e-02 1.297687e-02 1.293412e-02 1.254156e-02 1.284504e-02 1.285127e-02 1.269050e-02 1.564181e-02 9.356465e-03 1.251267e-02 1.242597e-02 1.172651e-02 1.164322e-02 1.272822e-02 1.151242e-02 1.142894e-02 1.127217e-02 1.114324e-02 8.840299e-03 8.858348e-03 8.837228e-03 8.780529e-03 8.735963e-03 8.700629e-03 1.296976e-02 1.168821e-02 1.171876e-02 1.176588e-02
-9.999000e+03 -9.999000e+03 -9.999000e+03 -9.999000e+03 -9.999000e+03 -9.999000e+03 -9.999000e+03 -9.999000e+03 -9.999000e+03 -9.999000e+03 6.940973e-03 1.016761e-02 1.280878e-02 2.067990e-02 1.019016e-02 1.189476e-02 1.249856e-02 1.259696e-02 1.272566e-02 1.280353e-02 1.295337e-02 1.303130e-02 1.304482e-02 1.303329e-02 1.301493e-02 1.287917e-02 1.188563e-02 1.287829e-02 1.297549e-02 1.288679e-02 1.272343e-02 1.262246e-02 1.253248e-02 1.157016e-02 9.428491e-03 9.549453e-03 1.301036e-02 9.619015e-03 9.604138e-03 9.562232e-03 9.362538e-03 9.044239e-03 1.132034e-02 1.242536e-02 1.282980e-02 1.292841e-02 1.298292e-02 1.302791e-02 8.829261e-03 8.925440e-03 8.928053e-03 9.160236e-03
-9.999000e+03 -9.999000e+03 -9.999000e+03 -9.999000e+03 -9.999000e+03 -9.999000e+03 -9.999000e+03 -9.999000e+03 -9.999000e+03 -9.999000e+03 7.346595e-03 1.367025e-02 2.260684e-02 1.236409e-02 1.043934e-02 1.261812e-02 1.262692e-02 1.260199e-02 1.248213e-02 1.283357e-02 1.286700e-02 1.297902e-02 1.303233e-02 1.304750e-02 1.275758e-02 9.715196e-03 1.267736e-02 1.299124e-02 1.272624e-02 1.277842e-02 1.263438e-02 1.256596e-02 9.817103e-03 9.552907e-03 1.178301e-02 1.288142e-02 9.757502e-03 1.207268e-02 1.275770e-02 1.285524e-02 9.402120e-03 9.071402e-03 1.135835e-02 1.248058e-02 1.289342e-02 1.298701e-02 1.299282e-02 1.299035e-02 1.308783e-02 1.323895e-02 1.317459e-02 1.298605e-02
-9.999000e+03 -9.999000e+03 -9.999000e+03 -9.999000e+03 -9.999000e+03 -9.999000e+03 -9.999000e+03 -9.999000e+03 -9.999000e+03 7.300356e-03 2.937008e-02 2.492280e-02 1.294843e-02 1.052231e-02 1.243362e-02 1.295141e-02 1.282761e-02 1.198812e-02 1.286443e-02 1.272498e-02 1.282460e-02 1.294496e-02 1.300886e-02 1.199978e-02 9.769953e-03 1.200469e-02 1.298643e-02 1.201054e-02 1.211022e-02 1.224290e-02 1.213945e-02 9.995588e-03 1.192199e-02 1.240342e-02 1.276694e-02 1.312125e-02 1.323077e-02 1.323393e-02 9.620992e-03 9.424732e-03 1.238432e-02 1.126295e-02 1.233286e-02 1.293999e-02 1.312873e-02 1.311975e-02 1.302518e-02 1.292235e-02 1.297422e-02 1.309496e-02 1.315230e-02 1.315213e-02
-9.999000e+03 -9.999000e+03 -9.999000e+03 -9.999000e+03 -9.999000e+03 -9.999000e+03 -9.999000e+03 -9.999000e+03 -9.999000e+03 6.773633e-03 2.222537e-02 1.331290e-02 1.250230e-02 1.058188e-02 1.288800e-02 1.308353e-02 1.034088e-02 1.364235e-02 1.271111e-02 1.269987e-02 1.282236e-02 1.295683e-02 9.823084e-03 9.750613e-03 1.200178e-02 1.286684e-02 9.863790e-03 9.896815e-03 1.000841e-02 1.022110e-02 1.020798e-02 1.193325e-02 1.244524e-02 1.263107e-02 1.283707e-02 1.304299e-02 1.314631e-02 9.546140e-03 1.281440e-02 1.144158e-02 1.137188e-02 1.257117e-02 1.292568e-02 1.319463e-02 1.321340e-02 1.310728e-02 1.301666e-02 1.295059e-02 1.297834e-02 1.303109e-02 2.749239e-02 2.873362e-02
-9.999000e+03 -9.999000e+03 -9.999000e+03 -9.999000e+03 -9.999000e+03 -9.999000e+03 -9.999000e+03 -9.999000e+03 9.577004e-03 2.715873e-02 1.817772e-02 1.318312e-02 1.063208e-02 1.247347e-02 1.305181e-02 1.311149e-02 1.603614e-02 1.305731e-02 1.284608e-02 1.273115e-02 1.284552e-02 1.203701e-02 1.269928e-02 1.286845e-02 1.305037e-02 2.404448e-02 2.557088e-02 2.415603e-02 2.317845e-02 2.263902e-02 2.062272e-02 1.766772e-02 1.538299e-02 1.345449e-02 1.288064e-02 1.302992e-02 1.313503e-02 1.700065e-02 1.710646e-02 1.904801e-02 1.956337e-02 2.039565e-02 1.931964e-02 1.838502e-02 1.711100e-02 1.557400e-02 1.424308e-02 1.309716e-02 1.311529e-02 3.033770e-02 1.280982e-02 1.286349e-02
-9.999000e+03 -9.999000e+03 -9.999000e+03 -9.999000e+03 -9.999000e+03 -9.999000e+03 -9.999000e+03 6.988682e-03 9.781776e-03 1.772339e-02 1.232072e-02 1.293569e-02 1.057399e-02 1.317737e-02 1.311603e-02 1.313188e-02 1.313885e-02 1.318213e-02 1.303051e-02 1.285382e-02 9.925400e-03 9.868626e-03 1.199239e-02 2.047232e-02 2.183734e-02 1.309022e-02 1.288092e-02 1.307254e-02 1.320617e-02 1.334835e-02 1.308833e-02 1.274624e-02 1.273693e-02 1.282086e-02 1.294333e-02 1.307158e-02 1.315563e-02 1.321909e-02 1.307797e-02 1.288437e-02 1.295245e-02 1.311288e-02 1.315678e-02 1.314966e-02 1.307779e-02 1.298817e-02 1.307649e-02 1.322679e-02 3.525820e-02 1.304471e-02 1.288431e-02 1.282703e-02
-9.999000e+03 -9.999000e+03 -9.999000e+03 -9.999000e+03 -9.999000e+03 -9.999000e+03 -9.999000e+03 7.478984e-03 1.101164e-02 1.875749e-02 1.037472e-02 1.226230e-02 1.295375e-02 1.318127e-02 1.320378e-02 1.319353e-02 1.317122e-02 1.321856e-02 1.311561e-02 1.290720e-02 1.594746e-02 1.842564e-02 2.050648e-02 1.305867e-02 1.295006e-02 1.191900e-02 9.714594e-03 1.199644e-02 1.284181e-02 1.319401e-02 1.306936e-02 1.281755e-02 1.283482e-02 1.293177e-02 1.302515e-02 1.310737e-02 3.245505e-02 3.294355e-02 3.295233e-02 3.249447e-02 3.250402e-02 3.299428e-02 3.294205e-02 3.185960e-02 3.156999e-02 3.152276e-02 3.378032e-02 3.622152e-02 1.346892e-02 1.332278e-02 1.304463e-02 1.284877e-02
-9.999000e+03 -9.999000e+03 -9.999000e+03 -9.999000e+03 -9.999000e+03 -9.999000e+03 -9.999000e+03 9.943487e-03 1.830380e-02 1.320442e-02 1.053707e-02 1.233299e-02 1.292231e-02 1.322689e-02 1.327546e-02 1.327606e-02 1.318067e-02 1.310316e-02 1.295645e-02 1.274499e-02 1.277452e-02 1.291983e-02 1.277734e-02 1.287170e-02 9.782968e-03 9.683158e-03 1.192227e-02 1.278341e-02 1.306936e-02 1.317160e-02 1.309307e-02 1.295304e-02 1.296593e-02 3.146275e-02 3.181188e-02 3.202726e-02 1.306817e-02 1.309269e-02 1.312648e-02 1.313550e-02 1.319643e-02 1.329831e-02 1.333108e-02 1.742991e-02 2.076926e-02 2.378686e-02 1.347643e-02 1.350908e-02 1.356272e-02 1.357484e-02 1.338565e-02 1.312425e-02
