tests/data/reference/test_implicit_stream_rill_mfda/mwlevel_m.asc
ncols	123
nrows	77
xllcorner	-713746.79929998
yllcorner	-1061022.36961616
cellsize	10.0
NODATA_value	-9999
[rows 46 to 68 of 77, columns 52 to 103 of 123]
1.324624e-02 1.316701e-02 1.289716e-02 1.266365e-02 1.271087e-02 1.248048e-02 1.247102e-02 1.246384e-02 1.252313e-02 1.293397e-02 1.275310e-02 2.365979e-02 1.278740e-02 1.270454e-02 1.234419e-02 1.228718e-02 1.256319e-02 1.197655e-02 1.202042e-02 1.211314e-02 1.206311e-02 1.198077e-02 1.210291e-02 1.239163e-02 1.318563e-02 0.000000e+00 9.647276e-03 9.164727e-03 1.197342e-02 1.304428e-02 1.367213e-02 0.000000e+00 0.000000e+00 0.000000e+00 1.380752e-02 1.332727e-02 1.325919e-02 8.826445e-03 8.739466e-03 8.724533e-03 8.737078e-03 8.772901e-03 8.828570e-03 8.915288e-03 8.993567e-03 9.062377e-03 9.134327e-03 1.291957e-02 1.296500e-02 1.295183e-02 1.286448e-02 1.283234e-02
1.344862e-02 1.345265e-02 1.318647e-02 1.285517e-02 1.171455e-02 1.177588e-02 1.173959e-02 1.167318e-02 1.283625e-02 1.254040e-02 2.548645e-02 1.282080e-02 1.249173e-02 1.164092e-02 1.163013e-02 1.294280e-02 1.148749e-02 1.127764e-02 1.123173e-02 1.124497e-02 1.114692e-02 1.101463e-02 1.100779e-02 1.275516e-02 8.646828e-03 0.000000e+00 9.784573e-03 1.001475e-02 1.215831e-02 1.295271e-02 1.342762e-02 1.376805e-02 1.456209e-02 0.000000e+00 0.000000e+00 1.362789e-02 1.344289e-02 8.922101e-03 8.777701e-03 8.733909e-03 8.746344e-03 8.792667e-03 8.831634e-03 8.877347e-03 8.914674e-03 8.953949e-03 9.010017e-03 1.282906e-02 1.285723e-02 1.290350e-02 1.292521e-02 1.294825e-02
1.351832e-02 1.359048e-02 1.341109e-02 9.597434e-03 9.525461e-03 9.537010e-03 9.521512e-03 1.291273e-02 1.171609e-02 2.695326e-02 1.287604e-02 1.163153e-02 9.244829e-03 9.286396e-03 1.298349e-02 9.331107e-03 9.256083e-03 9.088517e-03 8.995907e-03 8.972828e-03 8.893763e-03 8.760791e-03 1.254393e-02 1.100422e-02 1.224828e-02 0.000000e+00 9.787470e-03 1.411661e-02 1.408289e-02 1.362193e-02 1.358370e-02 1.378490e-02 1.428031e-02 1.030840e-02 0.000000e+00 1.421027e-02 1.347226e-02 9.037285e-03 8.846691e-03 8.757884e-03 8.753355e-03 8.805763e-03 8.834603e-03 8.851305e-03 8.855192e-03 8.867786e-03 8.911062e-03 1.282125e-02 1.281500e-02 1.286204e-02 1.294429e-02 1.302085e-02
1.345040e-02 1.353869e-02 9.704283e-03 1.190720e-02 1.268062e-02 1.298666e-02 1.307179e-02 9.584721e-03 2.871061e-02 1.291542e-02 9.388461e-03 9.299529e-03 1.169088e-02 1.268068e-02 9.329101e-03 1.174972e-02 1.257450e-02 1.275742e-02 1.288790e-02 1.301727e-02 1.300449e-02 1.292777e-02 8.803483e-03 8.610309e-03 1.489348e-02 0.000000e+00 1.039794e-02 1.234000e-02 1.335699e-02 1.334843e-02 1.346742e-02 1.371165e-02 1.412082e-02 1.428628e-02 0.000000e+00 0.000000e+00 1.337864e-02 9.154234e-03 8.942679e-03 8.809241e-03 8.770545e-03 8.806941e-03 8.826793e-03 8.829062e-03 8.808658e-03 8.798427e-03 8.833683e-03 1.284969e-02 1.280342e-02 1.283155e-02 1.295150e-02 1.307703e-02
1.323931e-02 2.204362e-02 2.113658e-02 1.988124e-02 1.850865e-02 1.710453e-02 1.573039e-02 3.044889e-02 1.310972e-02 9.481396e-03 1.175255e-02 1.257225e-02 1.289484e-02 1.306056e-02 1.308275e-02 1.305335e-02 1.298125e-02 1.289446e-02 1.294226e-02 1.304131e-02 1.307815e-02 1.308488e-02 1.292723e-02 1.271935e-02 1.255568e-02 0.000000e+00 9.804534e-03 8.598595e-03 1.138335e-02 1.257304e-02 1.317828e-02 1.354521e-02 1.397476e-02 2.042451e-02 1.402190e-02 0.000000e+00 1.385404e-02 9.233629e-03 9.022631e-03 8.869094e-03 8.805656e-03 8.816498e-03 8.821436e-03 8.820003e-03 1.133154e-02 1.129083e-02 8.768734e-03 1.288293e-02 1.285472e-02 1.286594e-02 1.293519e-02 1.302174e-02
2.228465e-02 1.328527e-02 1.780967e-02 1.843316e-02 2.184946e-02 2.669989e-02 2.864598e-02 1.323795e-02 1.315302e-02 1.293050e-02 1.295054e-02 1.304353e-02 1.306558e-02 1.307234e-02 1.304524e-02 1.300353e-02 1.671211e-02 1.496987e-02 1.366085e-02 1.317638e-02 1.318740e-02 1.330857e-02 1.313963e-02 1.284558e-02 1.260884e-02 0.000000e+00 8.642350e-03 1.108174e-02 1.216993e-02 1.287075e-02 1.325398e-02 1.356030e-02 1.393725e-02 1.439702e-02 2.020973e-02 0.000000e+00 0.000000e+00 9.671288e-03 9.068254e-03 8.917027e-03 8.844488e-03 8.834068e-03 8.819023e-03 8.817580e-03 1.244532e-02 1.240034e-02 8.720891e-03 1.290384e-02 1.292055e-02 1.292556e-02 1.290864e-02 1.291769e-02
1.314790e-02 1.316081e-02 9.342942e-03 1.347721e-02 1.587169e-02 1.316098e-02 1.313187e-02 1.319561e-02 1.312282e-02 1.289035e-02 1.297067e-02 1.316647e-02 1.317431e-02 1.310803e-02 1.305209e-02 1.300425e-02 9.209149e-03 1.143565e-02 1.234163e-02 1.274230e-02 1.309705e-02 1.348915e-02 1.332751e-02 1.292758e-02 8.908192e-03 0.000000e+00 1.013421e-02 1.231123e-02 1.287046e-02 1.294081e-02 1.323469e-02 1.357366e-02 1.389601e-02 1.418010e-02 1.427953e-02 1.951133e-02 0.000000e+00 1.211649e-02 9.068108e-03 8.960271e-03 8.905989e-03 8.893166e-03 8.855630e-03 1.136972e-02 1.286880e-02 1.284539e-02 1.124794e-02 1.293910e-02 1.293700e-02 1.294309e-02 1.292511e-02 1.288683e-02
1.312801e-02 1.311881e-02 1.323456e-02 1.708538e-02 1.344544e-02 1.319208e-02 1.313719e-02 1.317003e-02 1.307026e-02 1.670171e-02 1.524793e-02 1.437148e-02 1.342764e-02 1.325938e-02 1.313486e-02 1.303465e-02 1.288495e-02 1.273532e-02 1.274461e-02 1.280719e-02 1.311787e-02 1.358692e-02 1.802853e-02 1.757732e-02 1.575549e-02 0.000000e+00 1.032635e-02 1.243928e-02 1.291850e-02 1.291755e-02 1.303696e-02 1.350181e-02 1.377032e-02 1.388598e-02 1.402378e-02 2.240458e-02 0.000000e+00 0.000000e+00 9.331704e-03 8.983016e-03 8.986064e-03 8.998608e-03 1.150313e-02 1.249693e-02 1.300513e-02 1.298410e-02 1.236069e-02 1.298897e-02 1.293916e-02 1.293721e-02 1.295752e-02 1.289752e-02
1.314275e-02 1.312134e-02 1.767140e-02 1.358733e-02 1.348367e-02 1.323915e-02 1.318736e-02 1.319194e-02 1.308728e-02 1.291516e-02 1.294622e-02 1.315171e-02 1.327419e-02 1.333444e-02 1.321465e-02 1.304237e-02 1.290162e-02 1.278080e-02 1.277437e-02 1.280739e-02 1.311773e-02 1.362082e-02 9.320441e-03 9.043668e-03 1.126589e-02 0.000000e+00 1.017897e-02 1.234906e-02 1.288280e-02 1.282624e-02 1.303392e-02 1.364265e-02 1.360558e-02 1.359808e-02 1.966988e-02 2.502617e-02 9.622950e-03 0.000000e+00 9.199343e-03 9.242989e-03 8.960511e-03 8.979228e-03 1.249042e-02 1.285230e-02 1.300533e-02 1.300713e-02 1.281397e-02 1.304588e-02 1.299670e-02 1.296225e-02 1.296135e-02 1.293585e-02
1.315484e-02 1.315680e-02 1.329455e-02 1.351947e-02 1.342622e-02 1.329448e-02 1.322667e-02 1.320861e-02 1.315708e-02 9.188937e-03 1.742885e-02 2.063582e-02 1.963900e-02 2.641504e-02 2.867585e-02 2.711399e-02 2.551153e-02 2.386692e-02 2.234672e-02 2.094033e-02 2.030572e-02 2.056013e-02 1.937989e-02 1.698506e-02 0.000000e+00 0.000000e+00 8.518681e-03 1.098152e-02 1.209872e-02 1.260905e-02 1.293835e-02 1.319665e-02 1.322994e-02 1.335292e-02 1.378141e-02 1.946680e-02 2.427822e-02 0.000000e+00 9.065228e-03 9.124205e-03 8.842626e-03 1.128694e-02 1.268650e-02 1.285464e-02 1.294489e-02 1.299108e-02 1.298037e-02 1.309837e-02 1.307775e-02 1.301042e-02 1.295625e-02 1.297487e-02
1.310237e-02 1.320345e-02 1.321800e-02 1.321877e-02 1.338826e-02 1.329585e-02 1.320314e-02 1.315084e-02 1.314587e-02 1.716531e-02 1.302450e-02 1.298224e-02 1.731737e-02 1.338822e-02 1.335414e-02 1.742034e-02 1.577444e-02 1.433366e-02 1.309507e-02 1.295428e-02 1.309471e-02 1.338438e-02 1.316920e-02 1.275104e-02 0.000000e+00 9.377666e-03 9.250303e-03 1.125284e-02 1.227396e-02 1.278356e-02 1.299885e-02 1.307259e-02 1.308962e-02 1.308689e-02 1.358976e-02 1.998178e-02 3.158002e-02 0.000000e+00 0.000000e+00 8.888673e-03 1.140378e-02 1.217176e-02 1.274821e-02 1.286870e-02 1.295501e-02 1.300270e-02 1.302373e-02 1.310206e-02 1.313412e-02 1.311143e-02 1.306876e-02 1.309517e-02
1.296891e-02 1.306644e-02 1.260780e-02 1.306952e-02 1.316024e-02 1.313743e-02 1.312003e-02 1.302534e-02 1.303666e-02 1.308041e-02 1.302738e-02 1.294729e-02 1.304796e-02 1.324811e-02 1.324672e-02 1.311611e-02 1.719934e-02 2.034712e-02 2.212470e-02 2.099179e-02 2.079478e-02 2.020196e-02 1.899065e-02 1.741961e-02 0.000000e+00 9.373460e-03 9.266612e-03 1.133301e-02 1.238646e-02 1.289197e-02 1.298032e-02 1.290090e-02 1.294060e-02 1.303575e-02 1.344260e-02 1.388706e-02 2.585493e-02 2.922180e-02 0.000000e+00 1.114429e-02 1.222850e-02 1.248632e-02 1.278137e-02 1.290370e-02 1.300107e-02 1.303595e-02 1.302921e-02 1.307868e-02 1.316888e-02 1.323194e-02 1.324047e-02 1.325978e-02
1.241480e-02 1.170634e-02 1.295771e-02 1.288299e-02 1.280785e-02 1.303982e-02 1.300892e-02 1.292835e-02 1.291974e-02 1.297039e-02 1.297151e-02 1.295727e-02 1.298381e-02 1.311375e-02 1.315433e-02 1.308034e-02 1.302563e-02 1.299561e-02 1.299273e-02 1.719759e-02 1.584724e-02 1.475316e-02 1.364438e-02 1.305107e-02 0.000000e+00 9.374802e-03 9.295331e-03 1.141242e-02 1.245893e-02 1.291967e-02 1.765421e-02 1.598226e-02 1.529994e-02 1.649503e-02 1.688041e-02 3.132978e-02 3.385334e-02 6.365024e-02 0.000000e+00 0.000000e+00 1.293132e-02 1.297646e-02 1.289613e-02 1.298647e-02 1.305380e-02 1.308699e-02 1.308749e-02 1.310301e-02 1.316082e-02 1.321774e-02 1.322581e-02 1.323188e-02
8.966409e-03 1.286210e-02 1.314513e-02 1.236010e-02 1.280678e-02 1.284732e-02 1.289177e-02 1.283726e-02 1.277746e-02 1.277624e-02 1.295064e-02 1.294175e-02 1.293896e-02 1.302816e-02 1.308133e-02 1.308183e-02 1.304730e-02 1.299526e-02 1.296801e-02 1.296373e-02 1.721009e-02 1.778871e-02 1.750198e-02 1.732583e-02 0.000000e+00 8.563677e-03 1.113013e-02 1.581762e-02 1.716000e-02 1.802996e-02 1.268614e-02 1.442630e-02 1.419068e-02 1.200500e-02 1.198881e-02 1.237526e-02 1.927567e-02 2.334737e-02 7.133073e-02 0.000000e+00 0.000000e+00 1.337776e-02 1.330505e-02 1.309471e-02 1.311215e-02 1.314038e-02 1.316896e-02 1.316039e-02 1.314786e-02 1.314322e-02 1.311697e-02 1.309758e-02
1.155068e-02 1.340525e-02 1.181975e-02 1.274625e-02 1.236521e-02 1.250071e-02 1.257065e-02 1.256764e-02 1.245875e-02 1.278047e-02 1.273656e-02 1.282792e-02 1.292488e-02 1.287803e-02 1.293326e-02 1.302454e-02 1.301503e-02 1.298890e-02 1.296846e-02 1.290892e-02 8.693773e-03 8.689981e-03 1.268403e-02 8.504979e-03 0.000000e+00 8.473887e-03 1.109475e-02 1.327629e-02 1.327875e-02 1.226127e-02 1.104153e-02 1.090608e-02 1.081899e-02 1.078467e-02 1.070658e-02 1.059808e-02 1.071658e-02 1.258081e-02 1.422179e-02 8.051593e-02 0.000000e+00 0.000000e+00 1.376657e-02 1.327783e-02 1.320104e-02 1.316681e-02 1.316798e-02 1.314203e-02 1.310787e-02 1.312205e-02 1.316260e-02 1.315416e-02
1.292685e-02 9.499190e-03 1.334348e-02 1.165411e-02 1.160409e-02 1.162928e-02 1.168498e-02 1.172339e-02 1.283878e-02 1.230111e-02 1.233841e-02 1.280909e-02 1.269301e-02 1.263367e-02 1.276371e-02 1.280946e-02 1.284420e-02 1.286712e-02 1.278644e-02 8.714646e-03 1.125642e-02 1.244097e-02 8.679404e-03 1.104728e-02 0.000000e+00 1.014326e-02 1.256862e-02 1.329302e-02 1.117690e-02 8.573521e-03 8.536070e-03 8.466094e-03 8.386569e-03 8.310583e-03 8.209302e-03 8.079738e-03 1.158176e-02 1.259437e-02 1.898064e-02 2.378603e-02 9.435484e-02 0.000000e+00 1.452140e-02 1.397272e-02 1.332643e-02 1.319328e-02 1.313594e-02 1.309290e-02 1.304892e-02 1.310818e-02 1.324208e-02 8.880146e-03
1.312149e-02 1.359299e-02 9.695658e-03 9.546658e-03 9.431610e-03 9.359414e-03 9.364359e-03 1.303120e-02 1.169065e-02 1.152672e-02 1.264728e-02 1.237218e-02 1.233895e-02 1.262183e-02 1.252146e-02 1.257310e-02 1.262200e-02 1.230757e-02 8.738732e-03 1.122812e-02 1.236993e-02 1.293383e-02 1.298821e-02 1.283018e-02 0.000000e+00 1.028101e-02 1.264590e-02 8.570668e-03 8.606822e-03 1.117521e-02 1.230572e-02 1.275943e-02 1.287144e-02 1.285651e-02 1.281740e-02 1.242176e-02 8.088595e-03 8.053028e-03 1.088266e-02 1.302079e-02 1.466855e-02 0.000000e+00 0.000000e+00 1.411580e-02 1.338024e-02 1.324346e-02 1.319129e-02 1.318859e-02 1.316706e-02 1.321850e-02 8.941418e-03 1.314512e-02
1.323607e-02 1.345686e-02 1.336907e-02 1.308796e-02 1.297507e-02 1.293726e-02 1.304271e-02 9.554315e-03 9.537743e-03 1.277429e-02 1.162805e-02 1.163919e-02 1.268270e-02 1.228498e-02 1.221890e-02 1.220963e-02 1.132818e-02 8.775127e-03 1.123242e-02 1.231494e-02 1.282130e-02 1.309773e-02 1.308212e-02 1.293165e-02 0.000000e+00 1.032118e-02 1.262955e-02 1.324612e-02 1.329744e-02 1.322522e-02 1.316978e-02 1.314405e-02 1.305983e-02 1.294807e-02 1.285930e-02 1.279326e-02 1.254149e-02 1.216315e-02 1.324163e-02 1.543940e-02 2.574643e-02 3.357467e-02 0.000000e+00 0.000000e+00 1.379863e-02 1.329591e-02 8.844434e-03 1.334853e-02 1.336321e-02 8.962443e-03 1.342092e-02 1.284001e-02
1.330177e-02 1.325535e-02 1.319469e-02 1.310817e-02 1.305541e-02 1.301764e-02 1.308612e-02 1.320472e-02 1.313772e-02 9.567178e-03 9.511510e-03 1.280747e-02 1.168741e-02 1.161362e-02 1.148295e-02 9.026415e-03 8.888771e-03 1.124816e-02 1.227623e-02 1.275453e-02 1.298230e-02 1.311926e-02 1.311041e-02 1.302833e-02 0.000000e+00 1.032638e-02 1.256061e-02 1.311446e-02 1.321109e-02 1.324216e-02 1.323663e-02 1.323292e-02 1.316930e-02 1.307376e-02 1.294575e-02 1.281577e-02 1.280588e-02 1.273865e-02 8.187034e-03 8.215242e-03 1.111514e-02 1.331930e-02 3.230268e-02 0.000000e+00 1.420244e-02 1.379990e-02 8.895149e-03 8.957339e-03 8.986488e-03 8.902727e-03 1.305388e-02 1.228334e-02
1.301803e-02 1.299646e-02 1.299713e-02 1.303521e-02 1.307335e-02 1.311539e-02 1.315104e-02 1.318095e-02 1.315725e-02 1.310894e-02 1.306075e-02 9.642696e-03 9.571577e-03 9.481719e-03 9.314502e-03 1.144078e-02 1.224743e-02 1.257260e-02 1.278660e-02 1.296152e-02 1.306434e-02 1.313145e-02 1.740680e-02 1.773834e-02 0.000000e+00 1.058445e-02 1.268568e-02 1.310600e-02 1.318002e-02 1.325942e-02 1.328975e-02 1.330816e-02 1.326753e-02 1.319801e-02 1.306839e-02 1.290881e-02 1.283815e-02 1.282604e-02 1.284306e-02 1.264667e-02 1.322535e-02 1.442908e-02 1.459345e-02 0.000000e+00 0.000000e+00 1.397788e-02 8.927411e-03 8.931323e-03 8.948549e-03 1.326222e-02 1.288517e-02 1.221657e-02
9.849577e-03 1.189956e-02 1.259097e-02 1.286044e-02 1.302870e-02 1.318975e-02 1.320544e-02 1.314433e-02 1.317996e-02 1.328022e-02 1.319832e-02 1.302186e-02 1.290623e-02 1.283525e-02 1.274005e-02 1.264910e-02 1.265878e-02 1.269778e-02 1.283741e-02 1.301134e-02 1.311833e-02 1.318569e-02 8.776199e-03 0.000000e+00 0.000000e+00 9.780539e-03 1.209687e-02 1.273042e-02 1.297371e-02 1.316011e-02 1.326596e-02 1.334299e-02 1.334064e-02 1.330104e-02 1.321014e-02 1.308573e-02 1.292076e-02 1.277345e-02 1.276658e-02 1.277380e-02 1.282664e-02 1.330928e-02 1.376857e-02 1.428777e-02 0.000000e+00 0.000000e+00 1.202895e-02 8.863842e-03 8.782036e-03 8.672455e-03 8.582139e-03 1.109911e-02
-9.999000e+03 -9.999000e+03 -9.999000e+03 -9.999000e+03 -9.999000e+03 -9.999000e+03 -9.999000e+03 9.595869e-03 9.660435e-03 9.844592e-03 9.927885e-03 9.853480e-03 1.189169e-02 1.244111e-02 1.262138e-02 1.270535e-02 1.272920e-02 1.272488e-02 1.286123e-02 1.305331e-02 1.316011e-02 1.322853e-02 1.305045e-02 0.000000e+00 9.724854e-03 9.477784e-03 1.135196e-02 1.213522e-02 1.259951e-02 1.292978e-02 1.315318e-02 1.332930e-02 1.339246e-02 1.340329e-02 1.335005e-02 1.325724e-02 1.302902e-02 1.276899e-02 1.270446e-02 1.273337e-02 1.275833e-02 1.278435e-02 1.358694e-02 1.424457e-02 1.492163e-02 0.000000e+00 0.000000e+00 9.113587e-03 8.603128e-03 8.532861e-03 8.498505e-03 8.505252e-03
-9.999000e+03 -9.999000e+03 -9.999000e+03 -9.999000e+03 -9.999000e+03 -9.999000e+03 -9.999000e+03 -9.999000e+03 -9.999000e+03 -9.999000e+03 1.211025e-02 1.199822e-02 9.647705e-03 9.381219e-03 1.157175e-02 1.247742e-02 1.273583e-02 1.273898e-02 1.288301e-02 1.309616e-02 1.317773e-02 1.320132e-02 1.299780e-02 0.000000e+00 9.722543e-03 9.518004e-03 1.138999e-02 1.212673e-02 1.254133e-02 1.278991e-02 1.309087e-02 1.329842e-02 1.342068e-02 1.348789e-02 1.344691e-02 1.334597e-02 1.313388e-02 1.288881e-02 1.274629e-02 1.266434e-02 1.272832e-02 1.267021e-02 1.309905e-02 1.384159e-02 1.422782e-02 1.509702e-02 0.000000e+00 0.000000e+00 8.518542e-03 8.427480e-03 -9.999000e+03 -9.999000e+03
