tests/data/reference/test_implicit_stream_rill_mfda/mwlevel_m.asc
ncols	123
nrows	77
xllcorner	-713746.79929998
yllcorner	-1061022.36961616
cellsize	10.0
NODATA_value	-9999
[rows 23 to 45 of 77, columns 0 to 51 of 123]
-9.999000e+03 -9.999000e+03 -9.999000e+03 -9.999000e+03 -9.999000e+03 -9.999000e+03 -9.999000e+03 -9.999000e+03 -9.999000e+03 -9.999000e+03 -9.999000e+03 -9.999000e+03 -9.999000e+03 -9.999000e+03 1.170206e-02 1.422934e-02 1.416705e-02 1.316211e-02 1.147760e-02 1.266172e-02 1.019364e-02 5.751641e-03 1.068265e-02 2.162198e-02 2.519486e-02 1.339844e-02 1.649685e-02 1.341397e-02 1.296492e-02 1.308944e-02 9.232842e-03 1.158776e-02 1.252571e-02 1.305867e-02 2.364527e-02 1.312147e-02 1.349976e-02 9.022667e-03 1.755308e-02 1.306463e-02 1.311758e-02 1.315750e-02 1.317813e-02 1.316958e-02 1.314278e-02 1.311196e-02 1.308723e-02 1.306605e-02 1.305282e-02 1.286384e-02 1.242258e-02 8.749393e-03
-9.999000e+03 -9.999000e+03 -9.999000e+03 -9.999000e+03 -9.999000e+03 -9.999000e+03 -9.999000e+03 -9.999000e+03 -9.999000e+03 -9.999000e+03 -9.999000e+03 -9.999000e+03 -9.999000e+03 -9.999000e+03 1.419630e-02 2.794886e-02 2.076386e-02 1.247028e-02 1.154416e-02 1.085398e-02 5.353291e-03 8.296211e-03 1.009115e-02 1.099536e-02 1.857780e-02 2.475498e-02 1.434253e-02 1.328734e-02 1.349735e-02 9.697052e-03 1.298309e-02 1.159361e-02 1.256013e-02 1.297960e-02 2.605049e-02 1.314862e-02 1.304674e-02 8.989149e-03 1.791104e-02 1.309623e-02 1.312763e-02 1.315465e-02 1.318488e-02 1.318788e-02 1.316081e-02 1.312294e-02 1.308845e-02 1.306385e-02 1.305266e-02 1.298556e-02 8.737075e-03 1.272049e-02
-9.999000e+03 -9.999000e+03 -9.999000e+03 -9.999000e+03 -9.999000e+03 -9.999000e+03 -9.999000e+03 -9.999000e+03 -9.999000e+03 -9.999000e+03 -9.999000e+03 -9.999000e+03 -9.999000e+03 -9.999000e+03 3.064243e-02 1.383190e-02 1.126952e-02 1.127733e-02 1.132831e-02 1.002043e-02 5.994570e-03 1.809651e-02 2.470368e-02 1.247589e-02 1.234059e-02 1.556844e-02 2.579798e-02 1.329299e-02 1.337736e-02 9.635460e-03 1.212006e-02 1.350353e-02 1.311374e-02 1.308755e-02 1.323437e-02 2.819395e-02 9.102931e-03 1.294523e-02 1.148831e-02 2.138025e-02 1.312105e-02 1.311512e-02 1.313651e-02 1.314669e-02 1.312932e-02 1.309459e-02 1.305367e-02 1.302136e-02 1.299973e-02 1.295078e-02 1.117234e-02 8.608745e-03
-9.999000e+03 -9.999000e+03 -9.999000e+03 -9.999000e+03 -9.999000e+03 -9.999000e+03 -9.999000e+03 -9.999000e+03 -9.999000e+03 -9.999000e+03 -9.999000e+03 -9.999000e+03 1.094391e-02 1.147964e-02 2.466057e-02 1.313565e-02 1.123438e-02 1.238470e-02 1.019110e-02 5.783624e-03 2.166778e-02 2.202681e-02 1.683953e-02 2.112904e-02 1.321392e-02 1.320611e-02 3.117279e-02 1.370491e-02 1.367358e-02 1.229507e-02 9.698398e-03 1.315758e-02 1.368683e-02 1.371041e-02 1.382400e-02 1.310387e-02 2.605296e-02 1.147725e-02 1.304495e-02 1.253745e-02 2.352889e-02 1.312465e-02 1.314711e-02 1.314805e-02 1.311409e-02 1.305690e-02 1.299576e-02 1.296288e-02 1.295519e-02 1.292972e-02 1.222877e-02 8.555926e-03
-9.999000e+03 -9.999000e+03 -9.999000e+03 -9.999000e+03 -9.999000e+03 -9.999000e+03 -9.999000e+03 -9.999000e+03 -9.999000e+03 -9.999000e+03 -9.999000e+03 -9.999000e+03 -9.999000e+03 1.101400e-02 1.293785e-02 1.254945e-02 1.206678e-02 1.030645e-02 6.135111e-03 2.252631e-02 1.260096e-02 1.330858e-02 2.375985e-02 2.731801e-02 3.320054e-02 3.287049e-02 3.279036e-02 3.298288e-02 1.404896e-02 1.384744e-02 1.329954e-02 1.233516e-02 1.372179e-02 1.397060e-02 1.375183e-02 1.340524e-02 1.333414e-02 2.709283e-02 1.249505e-02 1.304945e-02 2.392770e-02 1.316150e-02 1.318658e-02 1.316870e-02 1.310449e-02 1.301236e-02 1.292916e-02 1.290445e-02 1.292363e-02 1.292896e-02 1.268710e-02 1.108815e-02
-9.999000e+03 -9.999000e+03 -9.999000e+03 -9.999000e+03 -9.999000e+03 -9.999000e+03 -9.999000e+03 -9.999000e+03 -9.999000e+03 -9.999000e+03 -9.999000e+03 -9.999000e+03 -9.999000e+03 -9.999000e+03 -9.999000e+03 1.167664e-02 1.060370e-02 5.969289e-03 8.414353e-03 2.396738e-02 2.041571e-02 1.774484e-02 1.554610e-02 1.358874e-02 1.342993e-02 1.336972e-02 1.351939e-02 3.483345e-02 4.959219e-02 1.379706e-02 1.381896e-02 1.381986e-02 1.360473e-02 1.400006e-02 1.373773e-02 1.334122e-02 1.336404e-02 1.357986e-02 2.645464e-02 1.343192e-02 2.508202e-02 1.313296e-02 1.308753e-02 1.304042e-02 1.299411e-02 1.294540e-02 1.291575e-02 1.292663e-02 1.295445e-02 1.296554e-02 1.290272e-02 1.226823e-02
-9.999000e+03 -9.999000e+03 -9.999000e+03 -9.999000e+03 -9.999000e+03 -9.999000e+03 -9.999000e+03 -9.999000e+03 -9.999000e+03 -9.999000e+03 -9.999000e+03 -9.999000e+03 -9.999000e+03 -9.999000e+03 -9.999000e+03 -9.999000e+03 1.034623e-02 6.325816e-03 1.871762e-02 1.636015e-02 1.464347e-02 1.384838e-02 1.356351e-02 1.338428e-02 1.331513e-02 1.327491e-02 1.347261e-02 1.375453e-02 1.365986e-02 4.947998e-02 5.018246e-02 5.162468e-02 1.401737e-02 1.384452e-02 1.370575e-02 1.344069e-02 1.772077e-02 2.170886e-02 1.383370e-02 2.559399e-02 1.347260e-02 2.993102e-02 1.292120e-02 1.286111e-02 1.285658e-02 1.288277e-02 1.293262e-02 1.298342e-02 1.300918e-02 1.301831e-02 1.302677e-02 1.283347e-02
-9.999000e+03 -9.999000e+03 -9.999000e+03 -9.999000e+03 -9.999000e+03 -9.999000e+03 -9.999000e+03 -9.999000e+03 -9.999000e+03 -9.999000e+03 -9.999000e+03 -9.999000e+03 -9.999000e+03 -9.999000e+03 -9.999000e+03 -9.999000e+03 5.763236e-03 2.067989e-02 1.253051e-02 1.316983e-02 1.343976e-02 3.394058e-02 3.182613e-02 2.915424e-02 2.686154e-02 2.481053e-02 2.351886e-02 2.287473e-02 2.154742e-02 1.964356e-02 1.843354e-02 1.767222e-02 5.197662e-02 5.214156e-02 5.072086e-02 4.796221e-02 4.434988e-02 4.191945e-02 4.070001e-02 3.851260e-02 4.188850e-02 4.271000e-02 3.441680e-02 1.383921e-02 1.371810e-02 1.325631e-02 1.323974e-02 1.321330e-02 1.316172e-02 1.314708e-02 1.319433e-02 1.318705e-02
-9.999000e+03 -9.999000e+03 -9.999000e+03 -9.999000e+03 -9.999000e+03 -9.999000e+03 -9.999000e+03 -9.999000e+03 -9.999000e+03 -9.999000e+03 -9.999000e+03 -9.999000e+03 -9.999000e+03 -9.999000e+03 -9.999000e+03 5.758336e-03 1.953033e-02 1.223639e-02 2.905479e-02 3.300171e-02 3.298227e-02 1.358704e-02 1.738482e-02 2.017528e-02 1.815261e-02 2.408229e-02 2.572017e-02 2.737725e-02 2.602136e-02 2.423140e-02 2.317409e-02 2.279271e-02 2.267090e-02 2.295293e-02 2.182266e-02 1.938731e-02 4.042158e-02 3.785591e-02 3.490019e-02 3.263339e-02 3.289698e-02 3.583935e-02 5.334884e-02 6.762261e-02 6.557458e-02 1.423563e-02 1.962584e-02 1.352264e-02 1.335341e-02 1.332372e-02 1.341454e-02 1.348303e-02
-9.999000e+03 -9.999000e+03 -9.999000e+03 -9.999000e+03 -9.999000e+03 -9.999000e+03 -9.999000e+03 -9.999000e+03 -9.999000e+03 -9.999000e+03 -9.999000e+03 -9.999000e+03 -9.999000e+03 -9.999000e+03 6.113257e-03 8.768754e-03 2.580504e-02 2.791824e-02 1.333741e-02 1.325067e-02 1.381176e-02 1.367432e-02 1.362210e-02 1.342078e-02 1.746517e-02 1.374915e-02 1.363360e-02 1.293782e-02 1.295565e-02 1.353513e-02 1.359181e-02 2.770612e-02 3.081316e-02 3.398268e-02 3.559771e-02 4.117006e-02 1.358483e-02 1.359694e-02 1.346765e-02 1.325571e-02 1.324584e-02 1.343741e-02 1.851035e-02 2.324163e-02 2.736996e-02 5.946738e-02 6.380756e-02 6.390974e-02 1.419772e-02 2.020493e-02 1.387691e-02 1.384924e-02
-9.999000e+03 -9.999000e+03 -9.999000e+03 -9.999000e+03 -9.999000e+03 -9.999000e+03 -9.999000e+03 -9.999000e+03 -9.999000e+03 -9.999000e+03 -9.999000e+03 -9.999000e+03 -9.999000e+03 -9.999000e+03 5.852054e-03 4.166955e-02 1.302654e-02 1.311338e-02 1.322313e-02 1.326324e-02 1.320824e-02 1.307353e-02 1.362367e-02 1.287369e-02 1.289697e-02 1.301036e-02 1.296069e-02 1.283916e-02 1.649601e-02 1.946049e-02 2.219682e-02 1.332995e-02 1.338581e-02 1.342019e-02 1.981318e-02 1.192889e-02 1.281117e-02 1.314964e-02 1.302981e-02 1.290790e-02 1.285702e-02 1.326449e-02 1.330917e-02 1.343499e-02 1.365242e-02 1.869140e-02 2.264107e-02 2.602193e-02 6.011484e-02 7.070635e-02 8.493747e-02 1.554396e-02
-9.999000e+03 -9.999000e+03 -9.999000e+03 -9.999000e+03 -9.999000e+03 -9.999000e+03 -9.999000e+03 -9.999000e+03 -9.999000e+03 -9.999000e+03 -9.999000e+03 -9.999000e+03 -9.999000e+03 9.190918e-03 4.996698e-02 1.302233e-02 1.300833e-02 1.300547e-02 1.307775e-02 1.317573e-02 1.321121e-02 1.315464e-02 1.303617e-02 1.291137e-02 1.285528e-02 1.289721e-02 1.286668e-02 1.276699e-02 1.283668e-02 1.294721e-02 1.304826e-02 1.316980e-02 1.319678e-02 2.070410e-02 9.361143e-03 1.171607e-02 1.299876e-02 1.296703e-02 1.289865e-02 1.284824e-02 1.283567e-02 1.278577e-02 1.276519e-02 1.307553e-02 1.307379e-02 1.298021e-02 1.311845e-02 1.325158e-02 1.359602e-02 1.913004e-02 2.398840e-02 8.209566e-02
-9.999000e+03 -9.999000e+03 -9.999000e+03 -9.999000e+03 -9.999000e+03 -9.999000e+03 -9.999000e+03 -9.999000e+03 -9.999000e+03 -9.999000e+03 -9.999000e+03 -9.999000e+03 6.195554e-03 1.129125e-02 1.277673e-02 1.297051e-02 1.414019e-02 1.295025e-02 1.304080e-02 1.312322e-02 1.318706e-02 1.320876e-02 1.313742e-02 1.304120e-02 1.295174e-02 1.290768e-02 1.283200e-02 1.271662e-02 1.275393e-02 1.279656e-02 1.282721e-02 1.285176e-02 1.794072e-02 1.258300e-02 9.318338e-03 1.291553e-02 1.283710e-02 1.269724e-02 1.259932e-02 1.261953e-02 1.247544e-02 1.248439e-02 1.256405e-02 1.263813e-02 1.227140e-02 1.255245e-02 1.254673e-02 1.255163e-02 1.279487e-02 1.311848e-02 1.402579e-02 1.931545e-02
-9.999000e+03 -9.999000e+03 -9.999000e+03 -9.999000e+03 -9.999000e+03 -9.999000e+03 -9.999000e+03 -9.999000e+03 -9.999000e+03 -9.999000e+03 -9.999000e+03 -9.999000e+03 9.298749e-03 1.269265e-02 1.266120e-02 1.565712e-02 1.275571e-02 1.289086e-02 1.297572e-02 1.305028e-02 1.312644e-02 1.319307e-02 1.317217e-02 1.312388e-02 1.304724e-02 1.296815e-02 1.288164e-02 1.275157e-02 1.267685e-02 1.274840e-02 1.267226e-02 1.794162e-02 9.277905e-03 1.160836e-02 1.278936e-02 1.277288e-02 1.246286e-02 1.237396e-02 1.257330e-02 1.215025e-02 1.205163e-02 1.203094e-02 1.218191e-02 1.135866e-02 1.131678e-02 1.125988e-02 1.122641e-02 1.147924e-02 1.154856e-02 1.344239e-02 1.298011e-02 1.316563e-02
-9.999000e+03 -9.999000e+03 -9.999000e+03 -9.999000e+03 -9.999000e+03 -9.999000e+03 -9.999000e+03 -9.999000e+03 -9.999000e+03 -9.999000e+03 -9.999000e+03 6.748830e-03 2.761812e-02 1.272443e-02 1.758973e-02 1.200176e-02 1.257716e-02 1.275446e-02 1.285505e-02 1.295324e-02 1.301943e-02 1.310203e-02 1.309031e-02 1.306541e-02 1.302275e-02 1.296894e-02 1.293736e-02 1.260196e-02 1.285183e-02 1.284858e-02 1.270034e-02 1.570535e-02 9.467327e-03 1.253592e-02 1.249575e-02 1.183719e-02 1.175165e-02 1.273402e-02 1.162053e-02 1.153826e-02 1.138384e-02 1.126031e-02 8.950810e-03 8.968925e-03 8.947727e-03 8.890793e-03 8.846017e-03 8.810499e-03 1.296302e-02 1.181368e-02 1.184166e-02 1.188845e-02
-9.999000e+03 -9.999000e+03 -9.999000e+03 -9.999000e+03 -9.999000e+03 -9.999000e+03 -9.999000e+03 -9.999000e+03 -9.999000e+03 -9.999000e+03 6.987860e-03 1.026599e-02 1.277601e-02 2.079350e-02 1.029403e-02 1.197603e-02 1.252183e-02 1.261138e-02 1.273723e-02 1.282694e-02 1.295026e-02 1.302902e-02 1.303852e-02 1.302468e-02 1.300557e-02 1.289682e-02 1.198624e-02 1.289852e-02 1.296973e-02 1.290458e-02 1.274283e-02 1.264594e-02 1.255992e-02 1.167263e-02 9.539133e-03 9.659571e-03 1.302684e-02 9.728740e-03 9.713953e-03 9.672283e-03 9.473384e-03 9.155280e-03 1.144413e-02 1.251721e-02 1.287843e-02 1.294682e-02 1.298581e-02 1.302335e-02 8.939730e-03 9.036232e-03 9.038853e-03 9.270325e-03
-9.999000e+03 -9.999000e+03 -9.999000e+03 -9.999000e+03 -9.999000e+03 -9.999000e+03 -9.999000e+03 -9.999000e+03 -9.999000e+03 -9.999000e+03 7.400087e-03 1.379442e-02 2.278264e-02 1.243097e-02 1.053910e-02 1.264884e-02 1.263485e-02 1.261071e-02 1.253110e-02 1.282424e-02 1.287243e-02 1.297917e-02 1.302707e-02 1.303879e-02 1.280758e-02 9.824268e-03 1.273022e-02 1.298899e-02 1.277598e-02 1.282326e-02 1.267751e-02 1.261045e-02 9.925340e-03 9.663007e-03 1.188960e-02 1.294039e-02 9.866246e-03 1.216883e-02 1.280678e-02 1.287307e-02 9.512850e-03 9.182475e-03 1.148129e-02 1.257006e-02 1.293816e-02 1.300094e-02 1.299235e-02 1.298486e-02 1.307889e-02 1.322375e-02 1.315546e-02 1.297030e-02
-9.999000e+03 -9.999000e+03 -9.999000e+03 -9.999000e+03 -9.999000e+03 -9.999000e+03 -9.999000e+03 -9.999000e+03 -9.999000e+03 7.353090e-03 3.014177e-02 2.514388e-02 1.296505e-02 1.062049e-02 1.249667e-02 1.295325e-02 1.282376e-02 1.206980e-02 1.282485e-02 1.273229e-02 1.283057e-02 1.294550e-02 1.300352e-02 1.209540e-02 9.878596e-03 1.210173e-02 1.299858e-02 1.210480e-02 1.220157e-02 1.232805e-02 1.222086e-02 1.010200e-02 1.201425e-02 1.246108e-02 1.279684e-02 1.312661e-02 1.321823e-02 1.321299e-02 9.730706e-03 9.535388e-03 1.240180e-02 1.137844e-02 1.242023e-02 1.298573e-02 1.313949e-02 1.311228e-02 1.301350e-02 1.291373e-02 1.296793e-02 1.308652e-02 1.313934e-02 1.313583e-02
-9.999000e+03 -9.999000e+03 -9.999000e+03 -9.999000e+03 -9.999000e+03 -9.999000e+03 -9.999000e+03 -9.999000e+03 -9.999000e+03 6.817830e-03 2.244354e-02 1.328988e-02 1.256169e-02 1.067884e-02 1.290844e-02 1.307039e-02 1.044239e-02 1.354432e-02 1.271086e-02 1.270414e-02 1.282620e-02 1.295522e-02 9.931268e-03 9.859412e-03 1.209943e-02 1.291530e-02 9.971595e-03 1.000429e-02 1.011467e-02 1.032452e-02 1.031159e-02 1.201960e-02 1.249845e-02 1.266151e-02 1.285226e-02 1.304464e-02 1.313685e-02 9.656275e-03 1.280353e-02 1.155037e-02 1.148608e-02 1.259197e-02 1.293928e-02 1.319270e-02 1.319889e-02 1.308970e-02 1.300227e-02 1.294100e-02 1.297133e-02 1.302357e-02 2.745817e-02 2.869626e-02
-9.999000e+03 -9.999000e+03 -9.999000e+03 -9.999000e+03 -9.999000e+03 -9.999000e+03 -9.999000e+03 -9.999000e+03 9.664109e-03 2.791137e-02 1.816340e-02 1.317709e-02 1.072798e-02 1.253548e-02 1.303943e-02 1.309580e-02 1.607611e-02 1.304248e-02 1.283822e-02 1.273005e-02 1.284519e-02 1.212901e-02 1.274785e-02 1.288662e-02 1.305064e-02 2.430037e-02 2.584268e-02 2.444552e-02 2.347882e-02 2.294220e-02 2.090357e-02 1.791772e-02 1.561143e-02 1.366143e-02 1.288668e-02 1.302852e-02 1.312535e-02 1.709707e-02 1.724177e-02 1.924179e-02 1.978982e-02 2.064280e-02 1.958804e-02 1.864920e-02 1.735230e-02 1.578733e-02 1.443423e-02 1.323459e-02 1.310051e-02 3.029882e-02 1.279754e-02 1.285540e-02
-9.999000e+03 -9.999000e+03 -9.999000e+03 -9.999000e+03 -9.999000e+03 -9.999000e+03 -9.999000e+03 7.036340e-03 9.873778e-03 1.770416e-02 1.239308e-02 1.296064e-02 1.067111e-02 1.317048e-02 1.310133e-02 1.311278e-02 1.311918e-02 1.316110e-02 1.301477e-02 1.284723e-02 1.003258e-02 9.976384e-03 1.208685e-02 2.066327e-02 2.206334e-02 1.308602e-02 1.293092e-02 1.308264e-02 1.319494e-02 1.332377e-02 1.306717e-02 1.274072e-02 1.274133e-02 1.282683e-02 1.294525e-02 1.306644e-02 1.314326e-02 1.320066e-02 1.306042e-02 1.287456e-02 1.294701e-02 1.310435e-02 1.314292e-02 1.313274e-02 1.306180e-02 1.297614e-02 1.306534e-02 1.321077e-02 3.522484e-02 1.301556e-02 1.286254e-02 1.281328e-02
-9.999000e+03 -9.999000e+03 -9.999000e+03 -9.999000e+03 -9.999000e+03 -9.999000e+03 -9.999000e+03 7.534647e-03 1.108108e-02 1.879130e-02 1.047564e-02 1.233173e-02 1.297648e-02 1.317542e-02 1.318301e-02 1.317096e-02 1.314872e-02 1.319560e-02 1.309914e-02 1.290232e-02 1.600786e-02 1.857492e-02 2.069667e-02 1.307175e-02 1.296377e-02 1.201718e-02 9.823671e-03 1.209521e-02 1.289182e-02 1.320085e-02 1.305973e-02 1.281271e-02 1.283530e-02 1.293173e-02 1.302076e-02 1.309739e-02 3.254040e-02 3.298288e-02 3.294257e-02 3.243196e-02 3.238635e-02 3.281864e-02 3.287793e-02 3.180679e-02 3.151316e-02 3.130979e-02 3.371627e-02 3.616593e-02 1.342847e-02 1.328462e-02 1.301326e-02 1.282612e-02
-9.999000e+03 -9.999000e+03 -9.999000e+03 -9.999000e+03 -9.999000e+03 -9.999000e+03 -9.999000e+03 9.978198e-03 1.835191e-02 1.319218e-02 1.063495e-02 1.240112e-02 1.294692e-02 1.321249e-02 1.325500e-02 1.325255e-02 1.315743e-02 1.308528e-02 1.294563e-02 1.274574e-02 1.278057e-02 1.292339e-02 1.282919e-02 1.292125e-02 9.891502e-03 9.792462e-03 1.202319e-02 1.283777e-02 1.308328e-02 1.316322e-02 1.307869e-02 1.294264e-02 1.295890e-02 3.164851e-02 3.196986e-02 3.215074e-02 1.305659e-02 1.308339e-02 1.311908e-02 1.312927e-02 1.318896e-02 1.328690e-02 1.331609e-02 1.754551e-02 2.102850e-02 2.413740e-02 1.344623e-02 1.347467e-02 1.352426e-02 1.353251e-02 1.334493e-02 1.309085e-02
