tests/data/reference/test_implicit_stream_rill_mfda/mwlevel_m.asc
ncols	123
nrows	77
xllcorner	-713746.79929998
yllcorner	-1061022.36961616
cellsize	10.0
NODATA_value	-9999
[rows 23 to 45 of 77, columns 52 to 103 of 123]
1.108856e-02 1.277019e-02 1.289870e-02 1.304925e-02 1.310073e-02 1.310288e-02 1.312623e-02 1.316748e-02 1.315821e-02 1.310222e-02 1.308366e-02 1.311123e-02 1.312122e-02 1.316382e-02 1.329401e-02 1.345173e-02 2.520321e-02 1.321294e-02 1.297889e-02 1.281131e-02 1.266920e-02 1.252614e-02 1.225945e-02 1.251433e-02 9.237998e-03 1.160334e-02 2.846043e-02 1.684319e-02 2.265108e-02 1.357922e-02 1.270189e-02 1.155579e-02 9.414892e-03 9.735874e-03 -9.999000e+03 -9.999000e+03 -9.999000e+03 -9.999000e+03 -9.999000e+03 -9.999000e+03 -9.999000e+03 -9.999000e+03 -9.999000e+03 -9.999000e+03 -9.999000e+03 -9.999000e+03 -9.999000e+03 -9.999000e+03 -9.999000e+03 -9.999000e+03 -9.999000e+03 -9.999000e+03
1.102107e-02 1.214332e-02 1.295847e-02 1.307584e-02 1.311977e-02 1.313054e-02 1.316681e-02 1.321165e-02 1.318683e-02 1.312921e-02 1.312315e-02 1.312064e-02 1.315251e-02 1.325600e-02 1.337839e-02 1.345078e-02 2.718248e-02 1.304537e-02 1.294035e-02 1.283460e-02 1.274463e-02 1.268407e-02 1.259881e-02 1.264863e-02 1.140190e-02 1.238892e-02 9.389111e-03 2.848553e-02 1.593264e-02 2.061867e-02 1.689245e-02 1.259429e-02 1.161740e-02 1.168785e-02 9.841037e-03 -9.999000e+03 -9.999000e+03 -9.999000e+03 -9.999000e+03 -9.999000e+03 -9.999000e+03 -9.999000e+03 -9.999000e+03 -9.999000e+03 -9.999000e+03 -9.999000e+03 -9.999000e+03 -9.999000e+03 -9.999000e+03 -9.999000e+03 -9.999000e+03 -9.999000e+03
1.277976e-02 1.216458e-02 1.272364e-02 1.308429e-02 1.315596e-02 1.320906e-02 1.325525e-02 1.325420e-02 1.317547e-02 1.309276e-02 1.307669e-02 1.310776e-02 1.320869e-02 1.334147e-02 1.338976e-02 1.333955e-02 2.810926e-02 1.283241e-02 1.285071e-02 1.285146e-02 1.282598e-02 1.280902e-02 1.278804e-02 1.279285e-02 1.230640e-02 1.259587e-02 1.138848e-02 2.531603e-02 9.307822e-03 1.360276e-02 2.486536e-02 1.329756e-02 1.261770e-02 1.225178e-02 1.137455e-02 9.517311e-03 9.771779e-03 9.795680e-03 -9.999000e+03 -9.999000e+03 -9.999000e+03 -9.999000e+03 -9.999000e+03 -9.999000e+03 -9.999000e+03 -9.999000e+03 -9.999000e+03 -9.999000e+03 -9.999000e+03 -9.999000e+03 -9.999000e+03 -9.999000e+03
1.099262e-02 1.294970e-02 1.276784e-02 1.307245e-02 1.325379e-02 1.328337e-02 1.326424e-02 1.318048e-02 1.309476e-02 1.305648e-02 1.307943e-02 1.315465e-02 1.325459e-02 1.331380e-02 1.328675e-02 1.322489e-02 2.753493e-02 1.292345e-02 1.295467e-02 1.297413e-02 1.298478e-02 1.299278e-02 1.298575e-02 1.295854e-02 1.273229e-02 1.273834e-02 1.219347e-02 2.322335e-02 1.137063e-02 1.271637e-02 2.275018e-02 1.318193e-02 1.299344e-02 1.275076e-02 1.229079e-02 1.155441e-02 1.172488e-02 9.694984e-03 1.193549e-02 9.825248e-03 -9.999000e+03 -9.999000e+03 -9.999000e+03 -9.999000e+03 -9.999000e+03 -9.999000e+03 -9.999000e+03 -9.999000e+03 -9.999000e+03 -9.999000e+03 -9.999000e+03 -9.999000e+03
1.215947e-02 8.489958e-03 1.316921e-02 1.319386e-02 1.331567e-02 1.329408e-02 1.318602e-02 1.307007e-02 1.303419e-02 1.305936e-02 1.311426e-02 1.318724e-02 1.322203e-02 1.320533e-02 1.318216e-02 1.320526e-02 2.862868e-02 1.312922e-02 1.313563e-02 1.314721e-02 1.318634e-02 1.321192e-02 1.319900e-02 1.313792e-02 1.297846e-02 1.288379e-02 1.261303e-02 2.182237e-02 1.220645e-02 1.257277e-02 1.978575e-02 1.278008e-02 1.307793e-02 1.322738e-02 1.304931e-02 1.263173e-02 9.471916e-03 9.617075e-03 1.196691e-02 1.280636e-02 1.205893e-02 5.900312e-03 -9.999000e+03 -9.999000e+03 -9.999000e+03 -9.999000e+03 -9.999000e+03 -9.999000e+03 -9.999000e+03 -9.999000e+03 -9.999000e+03 -9.999000e+03
1.274375e-02 1.108961e-02 1.321950e-02 1.322675e-02 8.739904e-03 1.322334e-02 1.313012e-02 1.304139e-02 1.302343e-02 1.305442e-02 1.310289e-02 1.316271e-02 1.318967e-02 1.320171e-02 1.325051e-02 1.332879e-02 2.969140e-02 1.311188e-02 1.307828e-02 1.307463e-02 1.309863e-02 1.312486e-02 1.313421e-02 1.311491e-02 1.304106e-02 1.295914e-02 1.282002e-02 2.069034e-02 1.262483e-02 1.268569e-02 1.786666e-02 1.276078e-02 1.301643e-02 1.322247e-02 1.324391e-02 1.305294e-02 1.179558e-02 1.183036e-02 9.627288e-03 1.272400e-02 0.000000e+00 1.036708e-02 6.714573e-03 7.442763e-03 -9.999000e+03 -9.999000e+03 -9.999000e+03 -9.999000e+03 -9.999000e+03 -9.999000e+03 -9.999000e+03 -9.999000e+03
1.306189e-02 1.235306e-02 1.322983e-02 1.316880e-02 8.714418e-03 1.122448e-02 1.311783e-02 1.303715e-02 1.299836e-02 1.302203e-02 1.307106e-02 1.314056e-02 1.321003e-02 1.330581e-02 1.342240e-02 1.346900e-02 1.334100e-02 2.855436e-02 1.291892e-02 1.289573e-02 1.288755e-02 1.291158e-02 1.295590e-02 1.300413e-02 1.302709e-02 1.300089e-02 1.294278e-02 1.977064e-02 1.288958e-02 1.288993e-02 1.651716e-02 1.284113e-02 1.288862e-02 1.299475e-02 1.314142e-02 1.318597e-02 1.274185e-02 1.265591e-02 1.181373e-02 0.000000e+00 0.000000e+00 2.461521e-02 1.770878e-02 1.064868e-02 8.159264e-03 -9.999000e+03 -9.999000e+03 -9.999000e+03 -9.999000e+03 -9.999000e+03 -9.999000e+03 -9.999000e+03
1.330197e-02 1.299084e-02 1.326074e-02 1.315648e-02 1.121877e-02 8.705357e-03 1.231096e-02 1.298876e-02 1.298909e-02 1.308185e-02 1.317925e-02 1.328039e-02 1.336989e-02 1.345819e-02 1.347570e-02 1.335238e-02 1.311949e-02 1.289055e-02 2.426958e-02 1.282286e-02 1.285160e-02 1.290070e-02 1.295063e-02 1.299068e-02 1.301641e-02 1.301455e-02 1.301909e-02 1.888904e-02 1.299717e-02 1.295297e-02 1.510242e-02 1.283541e-02 1.281313e-02 1.284244e-02 9.303140e-03 9.416286e-03 1.290417e-02 1.282385e-02 0.000000e+00 0.000000e+00 1.274464e-02 2.044287e-02 1.523069e-02 1.213685e-02 1.054221e-02 8.418470e-03 -9.999000e+03 -9.999000e+03 -9.999000e+03 -9.999000e+03 -9.999000e+03 -9.999000e+03
1.353387e-02 1.333414e-02 1.330572e-02 1.317765e-02 1.234993e-02 1.118813e-02 8.644073e-03 1.268188e-02 1.306977e-02 1.324777e-02 1.339432e-02 1.352099e-02 1.358121e-02 1.354478e-02 1.335427e-02 1.307775e-02 1.284051e-02 1.267870e-02 2.194217e-02 1.281211e-02 1.289779e-02 1.297538e-02 1.301630e-02 1.301831e-02 1.300953e-02 1.302463e-02 1.308298e-02 1.805004e-02 1.304437e-02 1.296004e-02 1.371152e-02 1.280163e-02 1.276761e-02 8.994352e-03 9.138127e-03 9.265481e-03 1.277858e-02 0.000000e+00 0.000000e+00 1.139251e-02 1.301300e-02 1.721763e-02 1.387084e-02 1.295509e-02 1.224134e-02 1.033431e-02 1.050337e-02 -9.999000e+03 -9.999000e+03 -9.999000e+03 -9.999000e+03 -9.999000e+03
1.378723e-02 1.357972e-02 1.346024e-02 1.335290e-02 8.820053e-03 1.288326e-02 1.234530e-02 1.122641e-02 1.311640e-02 1.332266e-02 1.339001e-02 1.343204e-02 1.338062e-02 1.323624e-02 1.303193e-02 1.284776e-02 1.274543e-02 1.270556e-02 2.176142e-02 1.299487e-02 1.306018e-02 1.308614e-02 1.306946e-02 1.303126e-02 1.301108e-02 1.304783e-02 1.313101e-02 1.721194e-02 1.314597e-02 1.309072e-02 1.301685e-02 1.293849e-02 8.850981e-03 8.903459e-03 9.013313e-03 9.129240e-03 0.000000e+00 0.000000e+00 1.125306e-02 1.262740e-02 1.287814e-02 1.441034e-02 1.000069e-02 1.020975e-02 1.264776e-02 1.203674e-02 1.192198e-02 1.036164e-02 8.288266e-03 -9.999000e+03 -9.999000e+03 -9.999000e+03
1.413387e-02 1.376278e-02 1.357423e-02 1.351110e-02 1.343676e-02 1.146689e-02 1.319147e-02 1.299859e-02 1.250616e-02 1.320786e-02 1.318083e-02 1.310231e-02 1.297164e-02 1.284653e-02 1.276690e-02 1.274042e-02 1.279040e-02 1.288838e-02 1.304707e-02 2.459415e-02 1.327183e-02 1.320751e-02 1.311131e-02 1.303458e-02 1.301775e-02 1.307743e-02 1.317377e-02 1.635366e-02 1.327637e-02 1.328358e-02 1.324004e-02 8.861435e-03 8.890092e-03 8.903696e-03 0.000000e+00 0.000000e+00 0.000000e+00 9.354557e-03 1.257968e-02 1.284357e-02 1.279968e-02 9.461274e-03 9.607171e-03 1.177682e-02 1.268279e-02 1.282652e-02 1.292856e-02 1.021010e-02 1.035134e-02 7.204003e-03 -9.999000e+03 -9.999000e+03
8.940941e-02 8.204167e-02 1.399506e-02 1.390084e-02 1.327842e-02 1.321019e-02 1.245064e-02 1.312621e-02 1.302647e-02 1.278563e-02 1.299669e-02 1.291895e-02 1.281916e-02 1.275942e-02 1.274900e-02 1.278874e-02 1.290035e-02 1.305498e-02 1.323573e-02 3.855301e-02 1.338999e-02 1.333845e-02 1.324169e-02 1.316654e-02 1.316020e-02 1.322577e-02 1.330307e-02 1.548015e-02 1.333054e-02 1.333126e-02 1.328628e-02 8.882944e-03 8.886720e-03 0.000000e+00 0.000000e+00 1.165275e-02 9.260016e-03 1.158059e-02 1.288391e-02 1.285870e-02 9.237521e-03 9.312558e-03 9.410008e-03 1.237926e-02 1.269674e-02 1.279470e-02 1.002650e-02 1.000981e-02 9.997660e-03 1.697791e-02 1.042163e-02 7.125151e-03
2.262944e-02 2.029729e-02 6.882368e-02 1.342479e-02 1.342786e-02 1.335498e-02 1.328359e-02 1.301940e-02 1.323485e-02 1.318872e-02 1.309256e-02 1.312714e-02 1.308071e-02 1.307654e-02 1.311489e-02 1.322685e-02 1.341641e-02 1.362674e-02 1.383914e-02 1.401484e-02 4.342730e-02 1.401983e-02 1.393242e-02 1.385130e-02 1.338627e-02 1.345200e-02 1.348953e-02 1.454450e-02 1.336095e-02 1.330745e-02 1.324600e-02 8.872351e-03 0.000000e+00 0.000000e+00 1.085240e-02 1.289741e-02 1.158113e-02 1.248502e-02 1.293574e-02 9.052183e-03 9.131172e-03 9.225609e-03 9.325833e-03 9.458887e-03 1.271956e-02 1.262954e-02 9.668394e-03 1.175393e-02 1.182449e-02 1.471759e-02 1.001207e-02 1.704985e-02
9.489700e-03 1.194811e-02 1.301903e-02 6.406235e-02 6.477059e-02 5.992249e-02 5.881144e-02 1.337903e-02 1.342389e-02 1.360196e-02 1.365603e-02 1.365014e-02 1.373240e-02 1.382066e-02 1.877780e-02 1.396825e-02 1.402148e-02 1.402980e-02 1.402040e-02 1.399419e-02 9.660889e-03 4.416470e-02 1.865069e-02 1.381479e-02 1.395643e-02 1.406691e-02 1.349872e-02 1.339996e-02 1.328682e-02 1.320533e-02 1.315911e-02 0.000000e+00 0.000000e+00 8.873469e-03 1.250105e-02 1.314924e-02 1.252469e-02 1.285900e-02 1.298769e-02 8.993532e-03 9.056348e-03 9.154923e-03 9.253300e-03 9.369010e-03 1.282187e-02 1.278914e-02 1.180557e-02 1.250402e-02 1.251631e-02 1.348310e-02 1.180071e-02 1.465436e-02
1.289179e-02 1.317496e-02 1.350335e-02 1.395176e-02 1.375674e-02 1.330671e-02 1.337584e-02 5.814230e-02 6.145729e-02 6.443819e-02 6.657070e-02 6.740262e-02 6.973294e-02 7.433704e-02 7.998066e-02 8.579359e-02 8.580710e-02 1.472062e-02 1.439156e-02 1.408592e-02 1.372889e-02 1.190991e-02 4.262942e-02 1.367698e-02 1.390761e-02 1.401248e-02 1.400269e-02 1.327226e-02 1.314898e-02 1.306534e-02 0.000000e+00 0.000000e+00 8.794483e-03 8.842025e-03 1.294131e-02 1.310105e-02 1.287719e-02 1.301530e-02 1.305212e-02 8.974264e-03 9.015892e-03 9.103997e-03 9.191774e-03 9.296488e-03 9.422856e-03 9.547452e-03 1.277051e-02 1.299441e-02 1.289986e-02 1.306222e-02 1.240359e-02 1.339991e-02
1.168360e-02 1.273577e-02 1.337749e-02 3.723102e-02 3.885324e-02 3.667604e-02 3.680984e-02 3.864948e-02 4.063181e-02 4.264334e-02 4.435879e-02 4.563924e-02 4.738474e-02 4.979192e-02 5.253058e-02 5.518696e-02 5.532482e-02 9.594199e-02 1.010832e-01 1.414836e-02 1.392003e-02 1.361226e-02 4.596868e-02 1.390624e-02 1.395701e-02 1.390157e-02 1.379522e-02 1.371842e-02 1.306164e-02 0.000000e+00 0.000000e+00 8.799567e-03 8.775542e-03 8.822509e-03 1.303490e-02 1.305159e-02 1.297992e-02 1.302300e-02 8.928549e-03 8.927456e-03 8.959914e-03 9.045458e-03 9.136059e-03 9.229968e-03 9.340040e-03 9.472595e-03 9.590511e-03 1.309730e-02 1.306591e-02 1.307269e-02 1.282740e-02 1.310704e-02
1.293251e-02 2.323326e-02 2.337719e-02 1.300034e-02 1.301005e-02 1.292246e-02 1.297164e-02 1.309572e-02 1.320133e-02 1.330691e-02 1.341061e-02 1.389609e-02 1.402251e-02 1.417109e-02 1.432902e-02 1.446625e-02 2.030341e-02 2.516753e-02 2.442906e-02 9.169973e-02 9.664713e-02 9.056511e-02 9.602388e-02 5.673189e-02 1.402072e-02 1.375802e-02 1.361763e-02 1.348525e-02 0.000000e+00 0.000000e+00 8.964737e-03 1.127621e-02 8.764876e-03 8.814160e-03 1.305653e-02 1.303129e-02 1.299375e-02 1.298473e-02 8.861302e-03 8.856021e-03 8.883568e-03 8.968603e-03 9.078419e-03 9.179204e-03 9.251810e-03 9.341197e-03 9.472067e-03 1.302962e-02 1.312087e-02 1.321755e-02 1.320904e-02 1.323853e-02
2.661800e-02 1.278691e-02 1.278374e-02 1.279802e-02 1.269442e-02 1.255895e-02 1.256168e-02 1.263952e-02 1.271020e-02 1.279951e-02 1.291201e-02 1.302979e-02 1.314677e-02 1.327450e-02 1.342054e-02 1.396137e-02 1.412783e-02 1.919016e-02 2.017735e-02 2.570328e-02 2.928122e-02 3.573533e-02 2.599890e-02 1.229803e-01 6.926186e-02 1.407257e-02 1.372747e-02 9.621550e-03 0.000000e+00 1.146269e-02 1.145386e-02 1.237789e-02 8.737420e-03 1.126164e-02 1.304172e-02 1.303730e-02 1.301069e-02 1.298380e-02 8.809008e-03 8.804766e-03 8.835191e-03 8.911003e-03 9.023674e-03 9.145776e-03 9.207291e-03 9.251094e-03 9.353527e-03 9.478183e-03 1.300386e-02 1.310102e-02 1.316356e-02 1.317913e-02
1.285279e-02 1.279575e-02 1.279266e-02 1.280430e-02 1.271760e-02 1.256763e-02 1.252255e-02 1.253801e-02 1.253219e-02 1.256136e-02 1.265999e-02 1.277544e-02 1.286014e-02 1.293692e-02 1.304163e-02 1.315136e-02 1.751290e-02 1.337032e-02 1.399338e-02 1.440402e-02 1.452864e-02 0.000000e+00 0.000000e+00 0.000000e+00 1.251680e-01 6.932925e-02 1.350090e-02 0.000000e+00 0.000000e+00 1.349009e-02 1.313836e-02 1.289743e-02 8.701619e-03 1.226256e-02 1.301010e-02 1.305248e-02 1.303608e-02 8.796773e-03 8.767482e-03 8.760007e-03 8.803263e-03 8.881738e-03 8.985326e-03 9.118461e-03 9.191807e-03 9.207550e-03 9.254680e-03 9.337234e-03 1.285241e-02 1.290095e-02 1.295352e-02 1.301871e-02
1.282319e-02 1.275815e-02 1.274975e-02 1.277882e-02 1.273878e-02 1.262204e-02 1.256619e-02 1.254339e-02 1.246637e-02 1.241373e-02 1.247800e-02 1.258430e-02 1.264793e-02 1.269505e-02 1.276528e-02 1.600755e-02 1.290001e-02 1.296860e-02 1.313607e-02 1.340223e-02 1.398889e-02 1.400728e-02 1.427512e-02 0.000000e+00 0.000000e+00 0.000000e+00 7.376953e-02 0.000000e+00 1.047123e-02 1.423518e-02 1.383793e-02 1.374219e-02 1.135530e-02 1.284952e-02 1.306939e-02 1.305187e-02 1.302428e-02 8.767822e-03 8.741263e-03 8.717528e-03 8.752874e-03 8.842327e-03 8.952058e-03 9.090746e-03 9.176740e-03 9.195465e-03 9.218060e-03 1.162564e-02 1.287719e-02 1.289427e-02 1.292305e-02 1.293835e-02
1.281151e-02 1.278726e-02 1.277380e-02 1.280585e-02 1.281993e-02 1.276986e-02 1.274481e-02 1.273230e-02 1.260760e-02 1.246628e-02 1.244094e-02 1.248556e-02 1.252983e-02 1.254558e-02 1.617069e-02 1.262919e-02 1.262314e-02 1.261181e-02 1.270642e-02 1.288512e-02 1.301097e-02 1.341902e-02 1.370527e-02 1.417868e-02 1.424628e-02 0.000000e+00 0.000000e+00 0.000000e+00 5.901813e-02 1.289660e-02 1.863403e-02 1.414773e-02 1.280690e-02 1.333282e-02 1.321267e-02 1.305873e-02 1.299397e-02 8.727119e-03 8.718993e-03 8.691031e-03 8.705621e-03 8.788750e-03 8.910370e-03 9.063609e-03 9.163321e-03 9.200471e-03 9.226521e-03 1.256907e-02 1.296402e-02 1.295169e-02 1.296113e-02 1.290549e-02
1.281450e-02 1.281544e-02 1.277073e-02 1.277081e-02 1.282606e-02 1.285051e-02 1.286247e-02 1.284216e-02 1.275251e-02 1.258394e-02 1.247978e-02 1.249044e-02 1.248812e-02 1.811499e-02 1.251244e-02 1.250176e-02 1.240430e-02 1.235692e-02 1.247834e-02 1.253435e-02 1.261684e-02 1.270401e-02 1.323041e-02 1.366818e-02 1.378370e-02 1.767982e-02 0.000000e+00 0.000000e+00 0.000000e+00 0.000000e+00 2.068969e-02 1.434842e-02 1.383827e-02 1.333442e-02 1.321584e-02 1.310772e-02 1.304093e-02 8.694102e-03 8.677360e-03 8.661213e-03 8.669105e-03 8.729551e-03 8.838805e-03 8.989997e-03 9.097472e-03 9.154841e-03 9.197553e-03 1.289773e-02 1.301170e-02 1.295911e-02 1.290406e-02 1.283538e-02
1.300853e-02 1.294535e-02 1.277692e-02 1.266373e-02 1.272059e-02 1.280636e-02 1.270346e-02 1.273779e-02 1.275359e-02 1.268362e-02 1.270118e-02 1.258356e-02 2.122270e-02 1.263702e-02 1.256762e-02 1.240241e-02 1.228818e-02 1.236380e-02 1.225846e-02 1.237351e-02 1.238769e-02 1.237834e-02 1.258139e-02 1.327372e-02 1.340656e-02 0.000000e+00 0.000000e+00 1.211811e-02 1.363428e-02 0.000000e+00 0.000000e+00 0.000000e+00 1.363617e-02 1.347736e-02 1.309659e-02 1.315896e-02 1.312695e-02 8.681220e-03 8.634521e-03 8.626516e-03 8.636524e-03 8.676507e-03 8.755835e-03 8.879316e-03 8.982192e-03 9.057928e-03 9.126503e-03 1.297608e-02 1.303917e-02 1.296526e-02 1.282242e-02 1.275168e-02
