tests/data/reference/test_implicit_stream_rill_mfda/mwlevel_m.asc
ncols	123
nrows	77
xllcorner	-713746.79929998
yllcorner	-1061022.36961616
cellsize	10.0
NODATA_value	-9999
[rows 46 to 68 of 77, columns 52 to 103 of 123]
1.217070e-02 1.210325e-02 1.187217e-02 1.167612e-02 1.172256e-02 1.155474e-02 1.154583e-02 1.154032e-02 1.159297e-02 1.191625e-02 1.177189e-02 1.910355e-02 1.179063e-02 1.173203e-02 1.144135e-02 1.139195e-02 1.159527e-02 1.112545e-02 1.116872e-02 1.125171e-02 1.120869e-02 1.113958e-02 1.124994e-02 1.150254e-02 1.213762e-02 0.000000e+00 8.801177e-03 8.707629e-03 1.119274e-02 1.208506e-02 1.260167e-02 0.000000e+00 0.000000e+00 0.000000e+00 1.268059e-02 1.224756e-02 1.219005e-02 8.389351e-03 8.312639e-03 8.299459e-03 8.310532e-03 8.342139e-03 8.391225e-03 8.467610e-03 8.536483e-03 8.596963e-03 8.660140e-03 1.190165e-02 1.193882e-02 1.192899e-02 1.185666e-02 1.183053e-02
1.234459e-02 1.234670e-02 1.211795e-02 1.183722e-02 1.091889e-02 1.097367e-02 1.094200e-02 1.088490e-02 1.183058e-02 1.160644e-02 2.091428e-02 1.181814e-02 1.156786e-02 1.086393e-02 1.085349e-02 1.192358e-02 1.072857e-02 1.054795e-02 1.051216e-02 1.052612e-02 1.044116e-02 1.032761e-02 1.032519e-02 1.176821e-02 8.230832e-03 0.000000e+00 8.971860e-03 9.419422e-03 1.133606e-02 1.200026e-02 1.239200e-02 1.267255e-02 1.348325e-02 0.000000e+00 0.000000e+00 1.250136e-02 1.234462e-02 8.473608e-03 8.346373e-03 8.307736e-03 8.318709e-03 8.359572e-03 8.393925e-03 8.434202e-03 8.467070e-03 8.501635e-03 8.550947e-03 1.182441e-02 1.184744e-02 1.188776e-02 1.190862e-02 1.192943e-02
1.240728e-02 1.246700e-02 1.231187e-02 9.065304e-03 9.002502e-03 9.012583e-03 8.999054e-03 1.189410e-02 1.092052e-02 2.244971e-02 1.186431e-02 1.085211e-02 8.757048e-03 8.793464e-03 1.196825e-02 8.832610e-03 8.766909e-03 8.619922e-03 8.538541e-03 8.518244e-03 8.448659e-03 8.331456e-03 1.157739e-02 1.032090e-02 1.137760e-02 0.000000e+00 9.117428e-03 1.330827e-02 1.300513e-02 1.253318e-02 1.250094e-02 1.267757e-02 1.310068e-02 9.709620e-03 0.000000e+00 1.301554e-02 1.236526e-02 8.574915e-03 8.407194e-03 8.328891e-03 8.324895e-03 8.371119e-03 8.396542e-03 8.411260e-03 8.414685e-03 8.425779e-03 8.463890e-03 1.181946e-02 1.181330e-02 1.185303e-02 1.192385e-02 1.198952e-02
1.235605e-02 1.242959e-02 9.158426e-03 1.108276e-02 1.172217e-02 1.196848e-02 1.203338e-02 9.054215e-03 2.420296e-02 1.189443e-02 8.882791e-03 8.804965e-03 1.090581e-02 1.173017e-02 8.830854e-03 1.095601e-02 1.163711e-02 1.177549e-02 1.188104e-02 1.198845e-02 1.197404e-02 1.190752e-02 8.369110e-03 8.198552e-03 1.369296e-02 0.000000e+00 1.079907e-02 1.165144e-02 1.237707e-02 1.231597e-02 1.241268e-02 1.262044e-02 1.296725e-02 1.309486e-02 0.000000e+00 0.000000e+00 1.228362e-02 8.677609e-03 8.491718e-03 8.374186e-03 8.340061e-03 8.372158e-03 8.389659e-03 8.391659e-03 8.373672e-03 8.364651e-03 8.395731e-03 1.184448e-02 1.180453e-02 1.182771e-02 1.192946e-02 1.203596e-02
1.218870e-02 1.810289e-02 1.701549e-02 1.563763e-02 1.414488e-02 1.261274e-02 1.206785e-02 2.598947e-02 1.205890e-02 8.964022e-03 1.095458e-02 1.163389e-02 1.189330e-02 1.202653e-02 1.204064e-02 1.201398e-02 1.195229e-02 1.187902e-02 1.192205e-02 1.200675e-02 1.203640e-02 1.204106e-02 1.190500e-02 1.172865e-02 1.158835e-02 0.000000e+00 9.799875e-03 8.188195e-03 1.067490e-02 1.168888e-02 1.218980e-02 1.249005e-02 1.284917e-02 1.834451e-02 1.286652e-02 0.000000e+00 1.271529e-02 8.747232e-03 8.562036e-03 8.426932e-03 8.371025e-03 8.380583e-03 8.384937e-03 8.383673e-03 1.060677e-02 1.057154e-02 8.338464e-03 1.187271e-02 1.184930e-02 1.185817e-02 1.191514e-02 1.198687e-02
1.857420e-02 1.221106e-02 1.601924e-02 1.647374e-02 1.927482e-02 2.312420e-02 2.461826e-02 1.217011e-02 1.209665e-02 1.190667e-02 1.192786e-02 1.200801e-02 1.202532e-02 1.203043e-02 1.200692e-02 1.197156e-02 1.512521e-02 1.338169e-02 1.230903e-02 1.210393e-02 1.212339e-02 1.222945e-02 1.208250e-02 1.183252e-02 1.163231e-02 0.000000e+00 8.226874e-03 1.039325e-02 1.130901e-02 1.190404e-02 1.223891e-02 1.249825e-02 1.281556e-02 1.320072e-02 1.784748e-02 0.000000e+00 0.000000e+00 9.153211e-03 8.602125e-03 8.469141e-03 8.405253e-03 8.396071e-03 8.382809e-03 8.381538e-03 1.154012e-02 1.150226e-02 8.296245e-03 1.189001e-02 1.190521e-02 1.190911e-02 1.189251e-02 1.189802e-02
1.209355e-02 1.210472e-02 8.842968e-03 1.237378e-02 1.382773e-02 1.209761e-02 1.207739e-02 1.213378e-02 1.207105e-02 1.187268e-02 1.194596e-02 1.211330e-02 1.211626e-02 1.205864e-02 1.201172e-02 1.197186e-02 8.725774e-03 1.068661e-02 1.144406e-02 1.176957e-02 1.206371e-02 1.239072e-02 1.224173e-02 1.189944e-02 8.461364e-03 0.000000e+00 1.034485e-02 1.168687e-02 1.195964e-02 1.193737e-02 1.218947e-02 1.250029e-02 1.277766e-02 1.301459e-02 1.308706e-02 1.707738e-02 0.000000e+00 1.130386e-02 8.601997e-03 8.507197e-03 8.459424e-03 8.448133e-03 8.415070e-03 1.063981e-02 1.187886e-02 1.186001e-02 1.053631e-02 1.191988e-02 1.191788e-02 1.192292e-02 1.190731e-02 1.187362e-02
1.207643e-02 1.206869e-02 1.216823e-02 1.511920e-02 1.233932e-02 1.212386e-02 1.208168e-02 1.211082e-02 1.202549e-02 1.509791e-02 1.359405e-02 1.268483e-02 1.231414e-02 1.217979e-02 1.207820e-02 1.199558e-02 1.186950e-02 1.174387e-02 1.175523e-02 1.180973e-02 1.207661e-02 1.247291e-02 1.619397e-02 1.574354e-02 1.391085e-02 0.000000e+00 1.076806e-02 1.185084e-02 1.200638e-02 1.191355e-02 1.200391e-02 1.241587e-02 1.266365e-02 1.276285e-02 1.287170e-02 1.962369e-02 0.000000e+00 0.000000e+00 8.854826e-03 8.527204e-03 8.529885e-03 8.540915e-03 1.075493e-02 1.158377e-02 1.198227e-02 1.196503e-02 1.146974e-02 1.196210e-02 1.191907e-02 1.191721e-02 1.193508e-02 1.188391e-02
1.209056e-02 1.207109e-02 1.592075e-02 1.246709e-02 1.237394e-02 1.216705e-02 1.212366e-02 1.212902e-02 1.204004e-02 1.189324e-02 1.192437e-02 1.210126e-02 1.220240e-02 1.225087e-02 1.214657e-02 1.200083e-02 1.188343e-02 1.178265e-02 1.177992e-02 1.180909e-02 1.207624e-02 1.250177e-02 8.823274e-03 8.580525e-03 1.054310e-02 0.000000e+00 1.052559e-02 1.175887e-02 1.198143e-02 1.191899e-02 1.201982e-02 1.223553e-02 1.249434e-02 1.251078e-02 1.759444e-02 2.197629e-02 9.180027e-03 0.000000e+00 8.738171e-03 8.776661e-03 8.507408e-03 8.523873e-03 1.157445e-02 1.186311e-02 1.197630e-02 1.197855e-02 1.183443e-02 1.201000e-02 1.196860e-02 1.193882e-02 1.193766e-02 1.191703e-02
1.210333e-02 1.210418e-02 1.221944e-02 1.241223e-02 1.233447e-02 1.221497e-02 1.215810e-02 1.214477e-02 1.210127e-02 8.708051e-03 1.567431e-02 1.832141e-02 1.714382e-02 2.303347e-02 2.484634e-02 2.315323e-02 2.145882e-02 1.981171e-02 1.826343e-02 1.680439e-02 1.598080e-02 1.581359e-02 1.450336e-02 1.229543e-02 0.000000e+00 0.000000e+00 8.145218e-03 1.031932e-02 1.125462e-02 1.166726e-02 1.193520e-02 1.214688e-02 1.216625e-02 1.228256e-02 1.267585e-02 1.713728e-02 2.122152e-02 0.000000e+00 8.619766e-03 8.671860e-03 8.403612e-03 1.056317e-02 1.171894e-02 1.185230e-02 1.192257e-02 1.196258e-02 1.196303e-02 1.205380e-02 1.203731e-02 1.197989e-02 1.193302e-02 1.194996e-02
1.206559e-02 1.214742e-02 1.216066e-02 1.217317e-02 1.230242e-02 1.222076e-02 1.214303e-02 1.209695e-02 1.209483e-02 1.550908e-02 1.198983e-02 1.195437e-02 1.566088e-02 1.230257e-02 1.226922e-02 1.567986e-02 1.400314e-02 1.258371e-02 1.203123e-02 1.192381e-02 1.205057e-02 1.229812e-02 1.210716e-02 1.175022e-02 0.000000e+00 8.610044e-03 8.724628e-03 1.052908e-02 1.139578e-02 1.181214e-02 1.198159e-02 1.203626e-02 1.204682e-02 1.204286e-02 1.249098e-02 1.799072e-02 2.834592e-02 0.000000e+00 0.000000e+00 8.463571e-03 1.068638e-02 1.130226e-02 1.176352e-02 1.186147e-02 1.193214e-02 1.197239e-02 1.199333e-02 1.205550e-02 1.208392e-02 1.206597e-02 1.203028e-02 1.205285e-02
1.195279e-02 1.204833e-02 1.167000e-02 1.203286e-02 1.210885e-02 1.209514e-02 1.207279e-02 1.199272e-02 1.200380e-02 1.204179e-02 1.199546e-02 1.192664e-02 1.201220e-02 1.218410e-02 1.218020e-02 1.206652e-02 1.554540e-02 1.813299e-02 2.017587e-02 1.864476e-02 1.745037e-02 1.654019e-02 1.531280e-02 1.380984e-02 0.000000e+00 8.609764e-03 8.738893e-03 1.059883e-02 1.149147e-02 1.190266e-02 1.196194e-02 1.188698e-02 1.192148e-02 1.200290e-02 1.236557e-02 1.276646e-02 2.281141e-02 2.667303e-02 0.000000e+00 1.047405e-02 1.138539e-02 1.155355e-02 1.178889e-02 1.189059e-02 1.197187e-02 1.200076e-02 1.199530e-02 1.203490e-02 1.211221e-02 1.216746e-02 1.217600e-02 1.219197e-02
1.151048e-02 1.092836e-02 1.194429e-02 1.186535e-02 1.182236e-02 1.200811e-02 1.198393e-02 1.191349e-02 1.190696e-02 1.195175e-02 1.195317e-02 1.193481e-02 1.195894e-02 1.207052e-02 1.210241e-02 1.203823e-02 1.199100e-02 1.196517e-02 1.196384e-02 1.557428e-02 1.414419e-02 1.302796e-02 1.220640e-02 1.199971e-02 0.000000e+00 8.614387e-03 8.764190e-03 1.066751e-02 1.155210e-02 1.192412e-02 1.676411e-02 1.496766e-02 1.421705e-02 1.514653e-02 1.553805e-02 2.477937e-02 2.743494e-02 5.164935e-02 0.000000e+00 0.000000e+00 1.198182e-02 1.198204e-02 1.188666e-02 1.196108e-02 1.201642e-02 1.204404e-02 1.204477e-02 1.205630e-02 1.210411e-02 1.215201e-02 1.215905e-02 1.216371e-02
8.512597e-03 1.189275e-02 1.208804e-02 1.144945e-02 1.180691e-02 1.185650e-02 1.189274e-02 1.184465e-02 1.179314e-02 1.179407e-02 1.193203e-02 1.192888e-02 1.192482e-02 1.199644e-02 1.204432e-02 1.204400e-02 1.201130e-02 1.196683e-02 1.194377e-02 1.194043e-02 1.559325e-02 1.605469e-02 1.624006e-02 1.676214e-02 0.000000e+00 8.265848e-03 1.046340e-02 1.462165e-02 1.654064e-02 1.718732e-02 1.172725e-02 1.405872e-02 1.381444e-02 1.117404e-02 1.116170e-02 1.225528e-02 1.777028e-02 2.103296e-02 5.791645e-02 0.000000e+00 0.000000e+00 1.234061e-02 1.225199e-02 1.205256e-02 1.206545e-02 1.208883e-02 1.211356e-02 1.210536e-02 1.209284e-02 1.208739e-02 1.206463e-02 1.204770e-02
1.079226e-02 1.232345e-02 1.101226e-02 1.174424e-02 1.145591e-02 1.157495e-02 1.163562e-02 1.163238e-02 1.153758e-02 1.178380e-02 1.176273e-02 1.184171e-02 1.191018e-02 1.187466e-02 1.192374e-02 1.199738e-02 1.198953e-02 1.196634e-02 1.194825e-02 1.190135e-02 8.272302e-03 8.268953e-03 1.172003e-02 8.105355e-03 0.000000e+00 8.126159e-03 1.042597e-02 1.233368e-02 1.221970e-02 1.138675e-02 1.036002e-02 1.024235e-02 1.016790e-02 1.014006e-02 1.007359e-02 9.981014e-03 1.008951e-02 1.169689e-02 1.309539e-02 6.519960e-02 0.000000e+00 0.000000e+00 1.266642e-02 1.220774e-02 1.214056e-02 1.211017e-02 1.211057e-02 1.208817e-02 1.205860e-02 1.207062e-02 1.210611e-02 1.209919e-02
1.192706e-02 8.979563e-03 1.225326e-02 1.086432e-02 1.082447e-02 1.084908e-02 1.089916e-02 1.093230e-02 1.183057e-02 1.140078e-02 1.143660e-02 1.181282e-02 1.172401e-02 1.167361e-02 1.177485e-02 1.181930e-02 1.184882e-02 1.186810e-02 1.180994e-02 8.290732e-03 1.054390e-02 1.153925e-02 8.259612e-03 1.036203e-02 0.000000e+00 1.059386e-02 1.199010e-02 1.234233e-02 1.047862e-02 8.166018e-03 8.132879e-03 8.070913e-03 8.000413e-03 7.932974e-03 7.842966e-03 7.727624e-03 1.121543e-02 1.226307e-02 1.665397e-02 1.855393e-02 7.559794e-02 0.000000e+00 1.331085e-02 1.281843e-02 1.224628e-02 1.213209e-02 1.208247e-02 1.204589e-02 1.200864e-02 1.205942e-02 1.217403e-02 8.436667e-03
1.208253e-02 1.247740e-02 9.150913e-03 9.021004e-03 8.920519e-03 8.857382e-03 8.861709e-03 1.199584e-02 1.089924e-02 1.075763e-02 1.167011e-02 1.146338e-02 1.143485e-02 1.165078e-02 1.157722e-02 1.162377e-02 1.166725e-02 1.141871e-02 8.311991e-03 1.051849e-02 1.147809e-02 1.193794e-02 1.196710e-02 1.182525e-02 0.000000e+00 1.079548e-02 1.206624e-02 8.163494e-03 8.195470e-03 1.047607e-02 1.142506e-02 1.178958e-02 1.187083e-02 1.185168e-02 1.181641e-02 1.177502e-02 7.735516e-03 7.703817e-03 1.023664e-02 1.207622e-02 1.346618e-02 0.000000e+00 0.000000e+00 1.295101e-02 1.228927e-02 1.217453e-02 1.213077e-02 1.212950e-02 1.211202e-02 1.215493e-02 8.490609e-03 1.210636e-02
1.217264e-02 1.235679e-02 1.227674e-02 1.203722e-02 1.194546e-02 1.191578e-02 1.200736e-02 9.027686e-03 9.013223e-03 1.177314e-02 1.084474e-02 1.085571e-02 1.170036e-02 1.138633e-02 1.133121e-02 1.132658e-02 1.059785e-02 8.344102e-03 1.052122e-02 1.142987e-02 1.184173e-02 1.206444e-02 1.204119e-02 1.190920e-02 0.000000e+00 1.081025e-02 1.204130e-02 1.229673e-02 1.223579e-02 1.215645e-02 1.210889e-02 1.208845e-02 1.201680e-02 1.192233e-02 1.184843e-02 1.179380e-02 1.180296e-02 1.166645e-02 1.280372e-02 1.497836e-02 2.238414e-02 2.603070e-02 0.000000e+00 0.000000e+00 1.266580e-02 1.221840e-02 8.405205e-03 1.226538e-02 1.227869e-02 8.509108e-03 1.234338e-02 1.186106e-02
1.222867e-02 1.218325e-02 1.213107e-02 1.205803e-02 1.201452e-02 1.198335e-02 1.204286e-02 1.214332e-02 1.208377e-02 9.038911e-03 8.990322e-03 1.180324e-02 1.089435e-02 1.083214e-02 1.072098e-02 8.565362e-03 8.444263e-03 1.053180e-02 1.139476e-02 1.178424e-02 1.196618e-02 1.207607e-02 1.206338e-02 1.199148e-02 0.000000e+00 1.079521e-02 1.197313e-02 1.218148e-02 1.216428e-02 1.217374e-02 1.216681e-02 1.216373e-02 1.210905e-02 1.202809e-02 1.191989e-02 1.181069e-02 1.180572e-02 1.183883e-02 7.823159e-03 7.848248e-03 1.043557e-02 1.232687e-02 2.531709e-02 0.000000e+00 1.317356e-02 1.266892e-02 8.449879e-03 8.504618e-03 8.530258e-03 8.456552e-03 1.204473e-02 1.140604e-02
1.201043e-02 1.197085e-02 1.196823e-02 1.200011e-02 1.203193e-02 1.206711e-02 1.209674e-02 1.212154e-02 1.210064e-02 1.205963e-02 1.201928e-02 9.104767e-03 9.042748e-03 8.964304e-03 8.818075e-03 1.068841e-02 1.136152e-02 1.162452e-02 1.179983e-02 1.194446e-02 1.202799e-02 1.208245e-02 1.574655e-02 1.602096e-02 0.000000e+00 1.132163e-02 1.214958e-02 1.218390e-02 1.213599e-02 1.218756e-02 1.221160e-02 1.222711e-02 1.219176e-02 1.213270e-02 1.202261e-02 1.188791e-02 1.183089e-02 1.182288e-02 1.184567e-02 1.188057e-02 1.206741e-02 1.260737e-02 1.308495e-02 0.000000e+00 0.000000e+00 1.283575e-02 8.478282e-03 8.481725e-03 8.496884e-03 1.220593e-02 1.190038e-02 1.134770e-02
9.284843e-03 1.107281e-02 1.164429e-02 1.186154e-02 1.199893e-02 1.213260e-02 1.214235e-02 1.208916e-02 1.212049e-02 1.220564e-02 1.213397e-02 1.198433e-02 1.188840e-02 1.182989e-02 1.174969e-02 1.167328e-02 1.168359e-02 1.171748e-02 1.183749e-02 1.198474e-02 1.207274e-02 1.212756e-02 8.345048e-03 0.000000e+00 0.000000e+00 9.819155e-03 1.146006e-02 1.183523e-02 1.197128e-02 1.211370e-02 1.219740e-02 1.225959e-02 1.225469e-02 1.221992e-02 1.214232e-02 1.203716e-02 1.189784e-02 1.177455e-02 1.177272e-02 1.181289e-02 1.192517e-02 1.209492e-02 1.257937e-02 1.310505e-02 0.000000e+00 0.000000e+00 1.122982e-02 8.422305e-03 8.350196e-03 8.253473e-03 8.173641e-03 1.040938e-02
-9.999000e+03 -9.999000e+03 -9.999000e+03 -9.999000e+03 -9.999000e+03 -9.999000e+03 -9.999000e+03 9.063938e-03 9.120227e-03 9.280510e-03 9.352877e-03 9.288236e-03 1.106594e-02 1.151555e-02 1.165892e-02 1.172618e-02 1.174422e-02 1.173951e-02 1.185719e-02 1.202017e-02 1.210760e-02 1.216325e-02 1.200779e-02 0.000000e+00 9.032653e-03 8.931482e-03 1.061085e-02 1.127022e-02 1.165392e-02 1.192634e-02 1.210882e-02 1.225295e-02 1.230116e-02 1.230739e-02 1.226052e-02 1.218153e-02 1.198708e-02 1.176768e-02 1.171834e-02 1.174628e-02 1.183026e-02 1.193166e-02 1.214686e-02 1.271050e-02 1.335440e-02 0.000000e+00 0.000000e+00 8.662484e-03 8.192203e-03 8.130039e-03 8.099622e-03 8.105596e-03
-9.999000e+03 -9.999000e+03 -9.999000e+03 -9.999000e+03 -9.999000e+03 -9.999000e+03 -9.999000e+03 -9.999000e+03 -9.999000e+03 -9.999000e+03 1.125435e-02 1.115603e-02 9.109133e-03 8.876458e-03 1.080045e-02 1.155690e-02 1.175965e-02 1.175377e-02 1.187624e-02 1.205665e-02 1.212170e-02 1.213920e-02 1.196294e-02 0.000000e+00 9.027660e-03 8.966728e-03 1.064303e-02 1.126154e-02 1.160309e-02 1.183307e-02 1.203239e-02 1.222791e-02 1.232702e-02 1.238009e-02 1.234202e-02 1.225543e-02 1.207514e-02 1.186870e-02 1.175156e-02 1.168482e-02 1.174313e-02 1.184449e-02 1.202371e-02 1.226375e-02 1.290019e-02 1.349834e-02 0.000000e+00 0.000000e+00 8.117364e-03 8.036692e-03 -9.999000e+03 -9.999000e+03
