tests/data/reference/test_implicit_stream_rill_mfda/mwlevel_m.asc
ncols	123
nrows	77
xllcorner	-713746.79929998
yllcorner	-1061022.36961616
cellsize	10.0
NODATA_value	-9999
[rows 46 to 68 of 77, columns 0 to 51 of 123]
-9.999000e+03 -9.999000e+03 -9.999000e+03 -9.999000e+03 -9.999000e+03 -9.999000e+03 7.224144e-03 1.788005e-02 1.314861e-02 1.317317e-02 1.061650e-02 1.248728e-02 1.307184e-02 1.318288e-02 1.326211e-02 1.332373e-02 1.323581e-02 1.308946e-02 1.288035e-02 1.267073e-02 1.269190e-02 1.198898e-02 1.204625e-02 1.214457e-02 1.280270e-02 1.286166e-02 1.299855e-02 1.317981e-02 1.315458e-02 1.307416e-02 1.307836e-02 3.137636e-02 3.199189e-02 1.311416e-02 1.306993e-02 1.302684e-02 1.295853e-02 1.290538e-02 1.290492e-02 1.291603e-02 1.297110e-02 1.306546e-02 1.314184e-02 1.317610e-02 1.324909e-02 1.335273e-02 1.338222e-02 1.338969e-02 1.345699e-02 1.356843e-02 1.353838e-02 1.334856e-02
-9.999000e+03 -9.999000e+03 -9.999000e+03 -9.999000e+03 -9.999000e+03 -9.999000e+03 2.542241e-02 1.428816e-02 1.250250e-02 1.240614e-02 1.042789e-02 1.277283e-02 1.283864e-02 1.293232e-02 1.306155e-02 1.315242e-02 1.327899e-02 1.326920e-02 1.306464e-02 1.282661e-02 9.994174e-03 9.899845e-03 9.852618e-03 9.856572e-03 1.204814e-02 1.267135e-02 1.296133e-02 2.715203e-02 2.849049e-02 2.917005e-02 3.013704e-02 1.322855e-02 1.315385e-02 1.307102e-02 1.300896e-02 1.295791e-02 1.289274e-02 1.283705e-02 1.285041e-02 1.286928e-02 1.288563e-02 1.292126e-02 1.296880e-02 1.301543e-02 1.309860e-02 1.322322e-02 1.330874e-02 1.333811e-02 1.335786e-02 1.344081e-02 1.351224e-02 1.346967e-02
-9.999000e+03 -9.999000e+03 -9.999000e+03 -9.999000e+03 -9.999000e+03 7.862034e-03 1.413542e-02 1.607931e-02 1.052706e-02 1.048587e-02 1.219854e-02 1.257547e-02 1.263478e-02 1.285211e-02 1.273906e-02 1.297949e-02 1.318005e-02 1.329173e-02 1.312720e-02 1.290777e-02 1.590596e-02 1.823956e-02 2.015658e-02 2.237665e-02 2.346211e-02 2.463968e-02 2.598296e-02 1.330798e-02 1.331163e-02 1.322898e-02 1.321597e-02 1.323648e-02 1.315530e-02 1.305347e-02 1.297806e-02 1.292618e-02 1.286097e-02 1.278836e-02 1.280150e-02 1.284095e-02 1.285662e-02 1.286214e-02 1.286773e-02 1.288447e-02 1.294375e-02 1.305441e-02 1.318061e-02 1.327436e-02 1.328704e-02 1.331425e-02 1.341911e-02 1.347448e-02
-9.999000e+03 -9.999000e+03 -9.999000e+03 -9.999000e+03 1.095667e-02 1.454944e-02 1.294971e-02 1.489313e-02 1.065446e-02 1.074418e-02 1.233265e-02 1.270970e-02 1.321856e-02 1.216891e-02 1.272087e-02 1.292153e-02 1.309717e-02 1.323151e-02 1.306751e-02 1.286411e-02 1.286232e-02 1.293223e-02 1.303837e-02 1.299017e-02 1.316443e-02 1.328047e-02 1.330115e-02 1.334054e-02 1.339334e-02 1.337633e-02 1.334490e-02 1.336159e-02 1.334395e-02 1.328539e-02 1.320953e-02 1.313420e-02 1.303201e-02 1.289333e-02 1.283220e-02 1.284148e-02 1.287798e-02 1.289452e-02 1.286328e-02 1.283124e-02 1.284155e-02 1.290246e-02 1.302257e-02 1.316366e-02 1.321112e-02 1.321204e-02 1.327067e-02 1.339107e-02
-9.999000e+03 -9.999000e+03 -9.999000e+03 -9.999000e+03 7.703517e-03 1.318807e-02 1.227989e-02 1.254973e-02 1.247496e-02 1.090804e-02 1.280849e-02 1.617615e-02 1.054643e-02 1.216831e-02 1.264736e-02 1.284469e-02 1.302228e-02 1.318219e-02 1.304189e-02 1.282679e-02 1.277384e-02 1.307049e-02 1.270346e-02 1.288931e-02 1.303925e-02 1.318970e-02 1.323634e-02 1.326855e-02 1.335164e-02 1.339880e-02 1.336766e-02 1.335560e-02 1.336365e-02 1.336195e-02 1.333125e-02 1.327357e-02 1.318606e-02 1.304345e-02 1.291466e-02 1.286275e-02 1.291498e-02 1.296418e-02 1.291322e-02 1.284280e-02 1.280637e-02 1.281221e-02 1.290040e-02 1.304527e-02 1.311995e-02 1.296081e-02 1.304682e-02 1.318104e-02
-9.999000e+03 -9.999000e+03 -9.999000e+03 7.696359e-03 1.502667e-02 1.428771e-02 1.080696e-02 1.234128e-02 1.101968e-02 1.264153e-02 1.476037e-02 1.280297e-02 1.068407e-02 1.212718e-02 1.251937e-02 1.274169e-02 1.291289e-02 1.307886e-02 1.299979e-02 1.275024e-02 1.357820e-02 1.179683e-02 1.239269e-02 1.255879e-02 1.269463e-02 1.286024e-02 1.294844e-02 1.299185e-02 1.307828e-02 1.315498e-02 1.314099e-02 1.310950e-02 1.310383e-02 1.313415e-02 1.318346e-02 1.321495e-02 1.322548e-02 1.317179e-02 1.302648e-02 1.291262e-02 1.297103e-02 1.307024e-02 1.304205e-02 1.296473e-02 1.288462e-02 1.282318e-02 1.284638e-02 1.294619e-02 1.254205e-02 1.254879e-02 1.259543e-02 1.270197e-02
-9.999000e+03 -9.999000e+03 -9.999000e+03 8.235633e-03 1.476426e-02 1.224242e-02 1.111348e-02 1.132205e-02 1.244178e-02 1.247714e-02 1.374400e-02 1.266443e-02 1.087996e-02 1.204020e-02 1.240354e-02 1.265381e-02 1.278485e-02 1.294368e-02 1.297821e-02 1.658834e-02 9.970698e-03 1.164566e-02 1.209376e-02 1.223030e-02 1.235200e-02 1.253368e-02 1.266448e-02 1.273892e-02 1.284293e-02 1.294738e-02 1.296346e-02 1.293074e-02 1.289783e-02 1.291503e-02 1.299485e-02 1.307285e-02 1.315870e-02 1.320873e-02 1.309863e-02 1.293804e-02 1.297250e-02 1.310335e-02 1.313224e-02 1.309137e-02 1.300302e-02 1.290809e-02 1.288073e-02 1.149660e-02 1.153614e-02 1.155881e-02 1.158317e-02 2.300134e-02
-9.999000e+03 -9.999000e+03 9.675062e-03 1.012233e-02 1.243486e-02 1.218182e-02 1.154131e-02 1.169030e-02 1.157064e-02 1.176053e-02 1.340104e-02 1.275463e-02 1.118437e-02 1.203336e-02 1.236688e-02 1.253645e-02 1.254665e-02 1.264609e-02 1.512687e-02 1.286323e-02 1.032196e-02 1.171330e-02 1.194226e-02 1.202308e-02 1.210665e-02 1.222460e-02 1.239070e-02 1.253963e-02 1.268439e-02 1.283826e-02 1.291712e-02 1.291111e-02 1.283275e-02 1.279229e-02 1.282001e-02 1.287470e-02 1.296246e-02 1.306732e-02 1.304035e-02 1.291174e-02 1.290979e-02 1.301713e-02 1.309909e-02 1.313580e-02 1.310215e-02 1.303668e-02 9.172451e-03 9.116891e-03 9.108497e-03 9.142439e-03 2.405901e-02 1.312878e-02
-9.999000e+03 -9.999000e+03 4.164414e-02 1.292001e-02 1.113452e-02 1.151251e-02 1.183769e-02 1.153048e-02 1.300010e-02 1.394466e-02 1.169875e-02 1.275806e-02 1.146000e-02 1.216877e-02 1.223839e-02 1.229555e-02 1.217957e-02 1.216814e-02 1.245747e-02 1.391533e-02 1.078249e-02 1.163683e-02 1.167176e-02 1.191556e-02 1.188578e-02 1.193092e-02 1.214760e-02 1.232614e-02 1.249505e-02 1.267067e-02 1.279709e-02 1.284054e-02 1.280362e-02 1.270011e-02 1.271481e-02 1.275408e-02 1.283169e-02 1.293054e-02 1.293670e-02 1.287893e-02 1.288828e-02 1.296331e-02 1.304230e-02 1.310690e-02 1.309096e-02 1.304558e-02 1.301391e-02 1.299894e-02 2.277162e-02 2.532230e-02 1.315768e-02 1.314122e-02
-9.999000e+03 1.030696e-02 4.324822e-02 1.387046e-02 1.125154e-02 1.208974e-02 1.143939e-02 1.144646e-02 -9.999000e+03 -9.999000e+03 -9.999000e+03 1.172006e-02 1.158601e-02 1.113792e-02 1.094723e-02 1.093651e-02 1.084824e-02 1.069701e-02 1.085408e-02 1.141749e-02 1.155135e-02 1.106044e-02 1.177267e-02 1.179192e-02 1.179908e-02 1.198425e-02 1.205421e-02 1.214009e-02 1.226472e-02 1.239601e-02 1.250754e-02 1.279367e-02 1.270874e-02 1.266766e-02 1.268664e-02 1.274231e-02 1.282567e-02 1.289798e-02 1.285444e-02 1.281276e-02 1.289784e-02 1.297951e-02 1.303230e-02 1.304565e-02 1.301263e-02 1.299233e-02 1.698455e-02 2.005033e-02 1.311506e-02 1.318679e-02 1.314470e-02 1.310373e-02
-9.999000e+03 1.424698e-02 1.450426e-02 1.126204e-02 1.160801e-02 1.156541e-02 -9.999000e+03 -9.999000e+03 -9.999000e+03 -9.999000e+03 -9.999000e+03 -9.999000e+03 1.147558e-02 1.122564e-02 1.262672e-02 1.294211e-02 1.093698e-02 1.249557e-02 1.316554e-02 1.385820e-02 1.174855e-02 1.170669e-02 1.134224e-02 1.094475e-02 1.200967e-02 1.196650e-02 1.183001e-02 1.176259e-02 1.178776e-02 1.180539e-02 1.255407e-02 1.248748e-02 1.263065e-02 1.255334e-02 1.260461e-02 1.267671e-02 1.276498e-02 1.283670e-02 1.275203e-02 1.273982e-02 1.282740e-02 1.295623e-02 1.292100e-02 1.292622e-02 1.299112e-02 1.289297e-02 1.292088e-02 1.301621e-02 1.305234e-02 1.312353e-02 1.304661e-02 1.300527e-02
7.647517e-03 2.148645e-02 1.234759e-02 1.158528e-02 1.215877e-02 1.122862e-02 -9.999000e+03 -9.999000e+03 -9.999000e+03 -9.999000e+03 -9.999000e+03 -9.999000e+03 -9.999000e+03 -9.999000e+03 -9.999000e+03 1.089024e-02 1.273689e-02 1.075848e-02 1.088774e-02 1.108715e-02 1.383369e-02 -9.999000e+03 -9.999000e+03 1.134327e-02 1.093499e-02 1.070088e-02 1.045683e-02 1.022449e-02 1.011045e-02 1.263369e-02 1.187724e-02 1.244813e-02 1.232163e-02 1.229402e-02 1.238198e-02 1.245708e-02 1.250472e-02 1.257210e-02 1.274486e-02 1.258121e-02 1.268777e-02 1.256953e-02 1.259489e-02 1.299467e-02 1.281488e-02 1.271635e-02 1.282154e-02 1.273783e-02 1.280327e-02 1.286947e-02 1.287925e-02 1.272759e-02
8.948673e-03 1.165934e-02 1.175307e-02 1.175850e-02 1.119554e-02 -9.999000e+03 -9.999000e+03 -9.999000e+03 -9.999000e+03 -9.999000e+03 -9.999000e+03 -9.999000e+03 -9.999000e+03 -9.999000e+03 -9.999000e+03 -9.999000e+03 -9.999000e+03 -9.999000e+03 -9.999000e+03 -9.999000e+03 -9.999000e+03 -9.999000e+03 -9.999000e+03 1.144551e-02 1.103379e-02 1.088402e-02 1.238560e-02 1.264569e-02 1.291112e-02 1.043486e-02 1.260345e-02 1.191128e-02 1.185459e-02 1.178933e-02 1.184620e-02 1.184936e-02 1.181008e-02 1.272273e-02 1.245136e-02 1.233909e-02 1.162511e-02 1.168401e-02 1.292393e-02 1.259365e-02 1.254315e-02 1.283608e-02 1.239394e-02 1.236837e-02 1.239766e-02 1.288100e-02 1.262806e-02 1.256495e-02
-9.999000e+03 1.111501e-02 1.122638e-02 1.089176e-02 -9.999000e+03 -9.999000e+03 -9.999000e+03 -9.999000e+03 -9.999000e+03 -9.999000e+03 -9.999000e+03 -9.999000e+03 -9.999000e+03 -9.999000e+03 -9.999000e+03 -9.999000e+03 -9.999000e+03 -9.999000e+03 -9.999000e+03 -9.999000e+03 -9.999000e+03 -9.999000e+03 -9.999000e+03 -9.999000e+03 -9.999000e+03 -9.999000e+03 1.069738e-02 1.051835e-02 1.249565e-02 1.328870e-02 1.082903e-02 1.066312e-02 1.039395e-02 1.007283e-02 9.929478e-03 9.895097e-03 1.268710e-02 1.182814e-02 1.179416e-02 9.443468e-03 9.347559e-03 1.275773e-02 1.169758e-02 1.173785e-02 1.296587e-02 1.170383e-02 1.166890e-02 1.162519e-02 1.285314e-02 1.249835e-02 1.275036e-02 1.129131e-02
-9.999000e+03 -9.999000e+03 -9.999000e+03 -9.999000e+03 -9.999000e+03 -9.999000e+03 -9.999000e+03 -9.999000e+03 -9.999000e+03 -9.999000e+03 -9.999000e+03 -9.999000e+03 -9.999000e+03 -9.999000e+03 -9.999000e+03 -9.999000e+03 -9.999000e+03 -9.999000e+03 -9.999000e+03 -9.999000e+03 -9.999000e+03 -9.999000e+03 -9.999000e+03 -9.999000e+03 -9.999000e+03 -9.999000e+03 -9.999000e+03 -9.999000e+03 1.061753e-02 1.287625e-02 1.101608e-02 1.085806e-02 1.053913e-02 1.201475e-02 1.266274e-02 1.309046e-02 1.006069e-02 9.884301e-03 9.720814e-03 1.179535e-02 1.256010e-02 9.431807e-03 9.403700e-03 1.286660e-02 9.381471e-03 9.377695e-03 9.391582e-03 1.304793e-02 1.169843e-02 1.284486e-02 9.240355e-03 8.995238e-03
-9.999000e+03 -9.999000e+03 -9.999000e+03 -9.999000e+03 -9.999000e+03 -9.999000e+03 -9.999000e+03 -9.999000e+03 -9.999000e+03 -9.999000e+03 -9.999000e+03 -9.999000e+03 -9.999000e+03 -9.999000e+03 -9.999000e+03 -9.999000e+03 -9.999000e+03 -9.999000e+03 -9.999000e+03 -9.999000e+03 -9.999000e+03 -9.999000e+03 -9.999000e+03 -9.999000e+03 -9.999000e+03 -9.999000e+03 -9.999000e+03 -9.999000e+03 -9.999000e+03 1.092300e-02 1.304907e-02 1.229425e-02 1.206034e-02 1.006823e-02 1.000414e-02 1.016567e-02 1.015532e-02 9.949325e-03 1.195334e-02 1.260175e-02 1.286102e-02 1.299456e-02 1.296905e-02 9.426823e-03 1.176789e-02 1.267129e-02 1.304704e-02 9.535425e-03 1.295074e-02 9.380412e-03 1.160593e-02 1.233410e-02
-9.999000e+03 -9.999000e+03 -9.999000e+03 -9.999000e+03 -9.999000e+03 -9.999000e+03 -9.999000e+03 -9.999000e+03 -9.999000e+03 -9.999000e+03 -9.999000e+03 -9.999000e+03 -9.999000e+03 -9.999000e+03 -9.999000e+03 -9.999000e+03 -9.999000e+03 -9.999000e+03 -9.999000e+03 -9.999000e+03 -9.999000e+03 -9.999000e+03 -9.999000e+03 -9.999000e+03 -9.999000e+03 -9.999000e+03 -9.999000e+03 -9.999000e+03 -9.999000e+03 -9.999000e+03 1.226083e-02 -9.999000e+03 -9.999000e+03 -9.999000e+03 -9.999000e+03 -9.999000e+03 -9.999000e+03 -9.999000e+03 9.804715e-03 1.198735e-02 1.275327e-02 1.304332e-02 1.297906e-02 1.283740e-02 1.289782e-02 1.301818e-02 1.317482e-02 1.335378e-02 9.606359e-03 1.162892e-02 1.241023e-02 1.275445e-02
-9.999000e+03 -9.999000e+03 -9.999000e+03 -9.999000e+03 -9.999000e+03 -9.999000e+03 -9.999000e+03 -9.999000e+03 -9.999000e+03 -9.999000e+03 -9.999000e+03 -9.999000e+03 -9.999000e+03 -9.999000e+03 -9.999000e+03 -9.999000e+03 -9.999000e+03 -9.999000e+03 -9.999000e+03 -9.999000e+03 -9.999000e+03 -9.999000e+03 -9.999000e+03 -9.999000e+03 -9.999000e+03 -9.999000e+03 -9.999000e+03 -9.999000e+03 -9.999000e+03 -9.999000e+03 -9.999000e+03 -9.999000e+03 -9.999000e+03 -9.999000e+03 -9.999000e+03 -9.999000e+03 -9.999000e+03 -9.999000e+03 -9.999000e+03 -9.999000e+03 -9.999000e+03 9.790834e-03 9.725060e-03 9.548363e-03 1.179515e-02 1.269305e-02 1.310163e-02 1.336043e-02 1.307196e-02 1.266027e-02 1.277141e-02 1.303383e-02
-9.999000e+03 -9.999000e+03 -9.999000e+03 -9.999000e+03 -9.999000e+03 -9.999000e+03 -9.999000e+03 -9.999000e+03 -9.999000e+03 -9.999000e+03 -9.999000e+03 -9.999000e+03 -9.999000e+03 -9.999000e+03 -9.999000e+03 -9.999000e+03 -9.999000e+03 -9.999000e+03 -9.999000e+03 -9.999000e+03 -9.999000e+03 -9.999000e+03 -9.999000e+03 -9.999000e+03 -9.999000e+03 -9.999000e+03 -9.999000e+03 -9.999000e+03 -9.999000e+03 -9.999000e+03 -9.999000e+03 -9.999000e+03 -9.999000e+03 -9.999000e+03 -9.999000e+03 -9.999000e+03 -9.999000e+03 -9.999000e+03 -9.999000e+03 -9.999000e+03 -9.999000e+03 -9.999000e+03 -9.999000e+03 -9.999000e+03 9.428339e-03 9.471172e-03 1.196253e-02 1.294074e-02 9.599986e-03 1.158237e-02 1.252078e-02 1.315123e-02
-9.999000e+03 -9.999000e+03 -9.999000e+03 -9.999000e+03 -9.999000e+03 -9.999000e+03 -9.999000e+03 -9.999000e+03 -9.999000e+03 -9.999000e+03 -9.999000e+03 -9.999000e+03 -9.999000e+03 -9.999000e+03 -9.999000e+03 -9.999000e+03 -9.999000e+03 -9.999000e+03 -9.999000e+03 -9.999000e+03 -9.999000e+03 -9.999000e+03 -9.999000e+03 -9.999000e+03 -9.999000e+03 -9.999000e+03 -9.999000e+03 -9.999000e+03 -9.999000e+03 -9.999000e+03 -9.999000e+03 -9.999000e+03 -9.999000e+03 -9.999000e+03 -9.999000e+03 -9.999000e+03 -9.999000e+03 -9.999000e+03 -9.999000e+03 -9.999000e+03 -9.999000e+03 -9.999000e+03 -9.999000e+03 -9.999000e+03 -9.999000e+03 -9.999000e+03 -9.999000e+03 -9.999000e+03 -9.999000e+03 -9.999000e+03 9.321466e-03 1.210605e-02
-9.999000e+03 -9.999000e+03 -9.999000e+03 -9.999000e+03 -9.999000e+03 -9.999000e+03 -9.999000e+03 -9.999000e+03 -9.999000e+03 -9.999000e+03 -9.999000e+03 -9.999000e+03 -9.999000e+03 -9.999000e+03 -9.999000e+03 -9.999000e+03 -9.999000e+03 -9.999000e+03 -9.999000e+03 -9.999000e+03 -9.999000e+03 -9.999000e+03 -9.999000e+03 -9.999000e+03 -9.999000e+03 -9.999000e+03 -9.999000e+03 -9.999000e+03 -9.999000e+03 -9.999000e+03 -9.999000e+03 -9.999000e+03 -9.999000e+03 -9.999000e+03 -9.999000e+03 -9.999000e+03 -9.999000e+03 -9.999000e+03 -9.999000e+03 -9.999000e+03 -9.999000e+03 -9.999000e+03 -9.999000e+03 -9.999000e+03 -9.999000e+03 -9.999000e+03 -9.999000e+03 -9.999000e+03 -9.999000e+03 -9.999000e+03 -9.999000e+03 9.695304e-03
-9.999000e+03 -9.999000e+03 -9.999000e+03 -9.999000e+03 -9.999000e+03 -9.999000e+03 -9.999000e+03 -9.999000e+03 -9.999000e+03 -9.999000e+03 -9.999000e+03 -9.999000e+03 -9.999000e+03 -9.999000e+03 -9.999000e+03 -9.999000e+03 -9.999000e+03 -9.999000e+03 -9.999000e+03 -9.999000e+03 -9.999000e+03 -9.999000e+03 -9.999000e+03 -9.999000e+03 -9.999000e+03 -9.999000e+03 -9.999000e+03 -9.999000e+03 -9.999000e+03 -9.999000e+03 -9.999000e+03 -9.999000e+03 -9.999000e+03 -9.999000e+03 -9.999000e+03 -9.999000e+03 -9.999000e+03 -9.999000e+03 -9.999000e+03 -9.999000e+03 -9.999000e+03 -9.999000e+03 -9.999000e+03 -9.999000e+03 -9.999000e+03 -9.999000e+03 -9.999000e+03 -9.999000e+03 -9.999000e+03 -9.999000e+03 -9.999000e+03 -9.999000e+03
-9.999000e+03 -9.999000e+03 -9.999000e+03 -9.999000e+03 -9.999000e+03 -9.999000e+03 -9.999000e+03 -9.999000e+03 -9.999000e+03 -9.999000e+03 -9.999000e+03 -9.999000e+03 -9.999000e+03 -9.999000e+03 -9.999000e+03 -9.999000e+03 -9.999000e+03 -9.999000e+03 -9.999000e+03 -9.999000e+03 -9.999000e+03 -9.999000e+03 -9.999000e+03 -9.999000e+03 -9.999000e+03 -9.999000e+03 -9.999000e+03 -9.999000e+03 -9.999000e+03 -9.999000e+03 -9.999000e+03 -9.999000e+03 -9.999000e+03 -9.999000e+03 -9.999000e+03 -9.999000e+03 -9.999000e+03 -9.999000e+03 -9.999000e+03 -9.999000e+03 -9.999000e+03 -9.999000e+03 -9.999000e+03 -9.999000e+03 -9.999000e+03 -9.999000e+03 -9.999000e+03 -9.999000e+03 -9.999000e+03 -9.999000e+03 -9.999000e+03 -9.999000e+03
