tests/data/reference/test_implicit_stream_rill_mfda/mwlevel_m.asc
ncols	123
nrows	77
xllcorner	-713746.79929998
yllcorner	-1061022.36961616
cellsize	10.0
NODATA_value	-9999
[rows 46 to 68 of 77, columns 52 to 103 of 123]
1.324701e-02 1.316773e-02 1.289769e-02 1.266390e-02 1.271093e-02 1.247897e-02 1.246952e-02 1.246232e-02 1.252158e-02 1.293402e-02 1.275241e-02 2.366465e-02 1.278734e-02 1.270372e-02 1.234243e-02 1.228541e-02 1.256308e-02 1.197462e-02 1.201835e-02 1.211098e-02 1.206091e-02 1.197848e-02 1.210053e-02 1.238923e-02 1.318561e-02 0.000000e+00 9.645459e-03 9.162158e-03 1.197059e-02 1.304248e-02 1.367155e-02 0.000000e+00 0.000000e+00 0.000000e+00 1.380838e-02 1.332779e-02 1.325962e-02 8.823860e-03 8.736888e-03 8.721956e-03 8.734500e-03 8.770320e-03 8.825986e-03 8.912699e-03 8.990976e-03 9.059786e-03 9.131737e-03 1.291966e-02 1.296521e-02 1.295197e-02 1.286448e-02 1.283226e-02
1.344947e-02 1.345358e-02 1.318726e-02 1.285564e-02 1.171214e-02 1.177345e-02 1.173715e-02 1.167071e-02 1.283631e-02 1.253892e-02 2.549127e-02 1.282081e-02 1.249008e-02 1.163827e-02 1.162750e-02 1.294275e-02 1.148486e-02 1.127492e-02 1.122891e-02 1.124210e-02 1.114403e-02 1.101169e-02 1.100478e-02 1.275496e-02 8.644259e-03 0.000000e+00 9.783888e-03 1.001299e-02 1.215618e-02 1.295120e-02 1.342694e-02 1.376811e-02 1.456626e-02 0.000000e+00 0.000000e+00 1.362875e-02 1.344355e-02 8.919512e-03 8.775120e-03 8.731332e-03 8.743766e-03 8.790085e-03 8.829050e-03 8.874760e-03 8.912085e-03 8.951359e-03 9.007426e-03 1.282910e-02 1.285734e-02 1.290360e-02 1.292523e-02 1.294824e-02
1.351906e-02 1.359137e-02 1.341192e-02 9.594888e-03 9.522903e-03 9.534454e-03 9.518953e-03 1.291289e-02 1.171368e-02 2.695806e-02 1.287616e-02 1.162897e-02 9.242243e-03 9.283813e-03 1.298294e-02 9.328527e-03 9.253498e-03 9.085926e-03 8.993316e-03 8.970238e-03 8.891175e-03 8.758211e-03 1.254387e-02 1.100123e-02 1.224588e-02 0.000000e+00 9.792174e-03 1.412348e-02 1.408302e-02 1.362218e-02 1.358419e-02 1.378548e-02 1.428128e-02 1.030597e-02 0.000000e+00 1.421183e-02 1.347311e-02 9.034694e-03 8.844105e-03 8.755304e-03 8.750776e-03 8.803179e-03 8.832018e-03 8.848720e-03 8.852606e-03 8.865199e-03 8.908473e-03 1.282123e-02 1.281501e-02 1.286210e-02 1.294436e-02 1.302096e-02
1.345073e-02 1.353917e-02 9.701756e-03 1.190493e-02 1.267939e-02 1.298629e-02 1.307188e-02 9.582173e-03 2.871537e-02 1.291570e-02 9.385886e-03 9.296947e-03 1.168828e-02 1.267911e-02 9.326521e-03 1.174715e-02 1.257294e-02 1.275671e-02 1.288765e-02 1.301729e-02 1.300464e-02 1.292792e-02 8.800900e-03 8.607744e-03 1.489219e-02 0.000000e+00 1.043199e-02 1.233965e-02 1.335500e-02 1.334766e-02 1.346735e-02 1.371193e-02 1.412154e-02 1.428763e-02 0.000000e+00 0.000000e+00 1.337952e-02 9.151644e-03 8.940089e-03 8.806658e-03 8.767965e-03 8.804358e-03 8.824209e-03 8.826478e-03 8.806075e-03 8.795844e-03 8.831098e-03 1.284965e-02 1.280337e-02 1.283155e-02 1.295160e-02 1.307725e-02
1.323884e-02 2.204700e-02 2.114013e-02 1.988504e-02 1.851261e-02 1.709753e-02 1.570595e-02 3.045366e-02 1.311018e-02 9.478833e-03 1.175008e-02 1.257076e-02 1.289424e-02 1.306051e-02 1.308296e-02 1.305364e-02 1.298150e-02 1.289461e-02 1.294236e-02 1.304147e-02 1.307839e-02 1.308519e-02 1.292746e-02 1.271940e-02 1.255565e-02 0.000000e+00 9.816860e-03 8.596031e-03 1.138033e-02 1.257070e-02 1.317691e-02 1.354470e-02 1.397501e-02 2.042549e-02 1.402322e-02 0.000000e+00 1.385521e-02 9.231043e-03 9.020040e-03 8.866507e-03 8.803073e-03 8.813914e-03 8.818852e-03 8.817419e-03 1.132857e-02 1.128785e-02 8.766154e-03 1.288291e-02 1.285467e-02 1.286592e-02 1.293531e-02 1.302200e-02
2.228760e-02 1.328579e-02 1.781120e-02 1.843478e-02 2.185177e-02 2.670330e-02 2.864996e-02 1.323848e-02 1.315350e-02 1.293080e-02 1.295072e-02 1.304373e-02 1.306584e-02 1.307264e-02 1.304553e-02 1.300378e-02 1.671332e-02 1.497145e-02 1.366265e-02 1.317770e-02 1.318816e-02 1.330920e-02 1.314018e-02 1.284589e-02 1.260893e-02 0.000000e+00 8.639781e-03 1.107867e-02 1.216748e-02 1.286943e-02 1.325339e-02 1.356017e-02 1.393759e-02 1.439802e-02 2.021099e-02 0.000000e+00 0.000000e+00 9.668737e-03 9.065663e-03 8.914438e-03 8.841902e-03 8.831483e-03 8.816439e-03 8.814996e-03 1.244318e-02 1.239815e-02 8.718315e-03 1.290385e-02 1.292054e-02 1.292558e-02 1.290873e-02 1.291788e-02
1.314833e-02 1.316124e-02 9.340364e-03 1.347792e-02 1.587367e-02 1.316172e-02 1.313243e-02 1.319611e-02 1.312328e-02 1.289061e-02 1.297083e-02 1.316675e-02 1.317472e-02 1.310845e-02 1.305245e-02 1.300453e-02 9.206562e-03 1.143293e-02 1.233972e-02 1.274128e-02 1.309674e-02 1.348951e-02 1.332819e-02 1.292807e-02 8.905604e-03 0.000000e+00 1.015731e-02 1.231373e-02 1.286853e-02 1.293965e-02 1.323462e-02 1.357395e-02 1.389651e-02 1.418098e-02 1.428095e-02 1.951311e-02 0.000000e+00 1.211399e-02 9.065517e-03 8.957680e-03 8.903400e-03 8.890578e-03 8.853044e-03 1.136676e-02 1.286774e-02 1.284426e-02 1.124491e-02 1.293915e-02 1.293705e-02 1.294316e-02 1.292520e-02 1.288694e-02
1.312842e-02 1.311919e-02 1.323503e-02 1.708707e-02 1.344640e-02 1.319284e-02 1.313774e-02 1.317056e-02 1.307070e-02 1.670309e-02 1.524967e-02 1.437347e-02 1.342929e-02 1.326038e-02 1.313549e-02 1.303506e-02 1.288516e-02 1.273533e-02 1.274450e-02 1.280706e-02 1.311791e-02 1.358745e-02 1.802993e-02 1.757877e-02 1.575713e-02 0.000000e+00 1.036311e-02 1.244586e-02 1.291738e-02 1.291653e-02 1.303671e-02 1.350224e-02 1.377097e-02 1.388672e-02 1.402488e-02 2.240695e-02 0.000000e+00 0.000000e+00 9.329134e-03 8.980425e-03 8.983474e-03 8.996017e-03 1.150021e-02 1.249483e-02 1.300483e-02 1.298375e-02 1.235842e-02 1.298908e-02 1.293925e-02 1.293731e-02 1.295762e-02 1.289758e-02
1.314309e-02 1.312169e-02 1.767259e-02 1.358814e-02 1.348456e-02 1.323977e-02 1.318797e-02 1.319249e-02 1.308772e-02 1.291546e-02 1.294640e-02 1.315197e-02 1.327463e-02 1.333506e-02 1.321527e-02 1.304283e-02 1.290187e-02 1.278085e-02 1.277431e-02 1.280729e-02 1.311779e-02 1.362138e-02 9.317861e-03 9.041077e-03 1.126305e-02 0.000000e+00 1.020878e-02 1.235360e-02 1.288117e-02 1.282562e-02 1.303344e-02 1.364047e-02 1.360632e-02 1.359883e-02 1.967097e-02 2.502934e-02 9.621631e-03 0.000000e+00 9.196773e-03 9.240419e-03 8.957920e-03 8.976637e-03 1.248843e-02 1.285129e-02 1.300538e-02 1.300715e-02 1.281277e-02 1.304607e-02 1.299683e-02 1.296237e-02 1.296147e-02 1.293592e-02
1.315509e-02 1.315703e-02 1.329499e-02 1.352006e-02 1.342656e-02 1.329512e-02 1.322724e-02 1.320908e-02 1.315750e-02 9.186349e-03 1.742993e-02 2.063741e-02 1.964088e-02 2.641774e-02 2.867910e-02 2.711725e-02 2.551487e-02 2.387035e-02 2.235016e-02 2.094382e-02 2.030952e-02 2.056434e-02 1.937819e-02 1.696475e-02 0.000000e+00 0.000000e+00 8.516623e-03 1.097841e-02 1.209608e-02 1.260737e-02 1.293753e-02 1.319649e-02 1.323021e-02 1.335357e-02 1.378209e-02 1.946787e-02 2.428164e-02 0.000000e+00 9.062664e-03 9.121638e-03 8.840040e-03 1.128407e-02 1.268549e-02 1.285429e-02 1.294504e-02 1.299123e-02 1.297995e-02 1.309863e-02 1.307795e-02 1.301057e-02 1.295638e-02 1.297498e-02
1.310229e-02 1.320359e-02 1.321798e-02 1.321822e-02 1.338870e-02 1.329633e-02 1.320343e-02 1.315120e-02 1.314616e-02 1.716637e-02 1.302472e-02 1.298241e-02 1.731832e-02 1.338867e-02 1.335470e-02 1.742166e-02 1.577606e-02 1.433545e-02 1.309652e-02 1.295491e-02 1.309506e-02 1.338487e-02 1.316976e-02 1.275133e-02 0.000000e+00 9.377406e-03 9.248547e-03 1.125036e-02 1.227181e-02 1.278222e-02 1.299829e-02 1.307253e-02 1.308982e-02 1.308719e-02 1.359044e-02 1.998328e-02 3.158257e-02 0.000000e+00 0.000000e+00 8.886122e-03 1.140089e-02 1.216960e-02 1.274773e-02 1.286860e-02 1.295516e-02 1.300289e-02 1.302373e-02 1.310238e-02 1.313442e-02 1.311167e-02 1.306895e-02 1.309537e-02
1.296875e-02 1.306556e-02 1.260605e-02 1.306953e-02 1.316054e-02 1.313731e-02 1.312026e-02 1.302546e-02 1.303675e-02 1.308051e-02 1.302746e-02 1.294732e-02 1.304813e-02 1.324839e-02 1.324709e-02 1.311647e-02 1.720050e-02 2.034869e-02 2.212507e-02 2.099226e-02 2.079582e-02 2.020624e-02 1.899494e-02 1.742385e-02 0.000000e+00 9.373287e-03 9.264866e-03 1.133055e-02 1.238439e-02 1.289078e-02 1.297990e-02 1.290085e-02 1.294066e-02 1.303588e-02 1.344309e-02 1.388774e-02 2.585705e-02 2.922371e-02 0.000000e+00 1.114125e-02 1.222623e-02 1.248498e-02 1.278113e-02 1.290370e-02 1.300123e-02 1.303617e-02 1.302938e-02 1.307902e-02 1.316927e-02 1.323232e-02 1.324081e-02 1.326015e-02
1.241284e-02 1.170352e-02 1.295713e-02 1.288329e-02 1.280709e-02 1.303990e-02 1.300875e-02 1.292818e-02 1.291955e-02 1.297019e-02 1.297128e-02 1.295734e-02 1.298381e-02 1.311384e-02 1.315459e-02 1.308056e-02 1.302582e-02 1.299581e-02 1.299290e-02 1.719847e-02 1.584854e-02 1.475473e-02 1.364614e-02 1.305212e-02 0.000000e+00 9.374734e-03 9.293597e-03 1.140999e-02 1.245693e-02 1.291859e-02 1.764741e-02 1.597162e-02 1.528838e-02 1.648285e-02 1.687111e-02 3.127967e-02 3.380472e-02 6.358389e-02 0.000000e+00 0.000000e+00 1.292975e-02 1.297590e-02 1.289602e-02 1.298654e-02 1.305401e-02 1.308726e-02 1.308775e-02 1.310336e-02 1.316125e-02 1.321822e-02 1.322629e-02 1.323238e-02
8.963818e-03 1.286037e-02 1.314556e-02 1.235856e-02 1.280683e-02 1.284657e-02 1.289107e-02 1.283657e-02 1.277674e-02 1.277546e-02 1.295064e-02 1.294143e-02 1.293869e-02 1.302824e-02 1.308134e-02 1.308184e-02 1.304743e-02 1.299535e-02 1.296808e-02 1.296379e-02 1.721056e-02 1.778924e-02 1.750214e-02 1.732639e-02 0.000000e+00 8.564485e-03 1.112768e-02 1.581573e-02 1.715824e-02 1.802584e-02 1.268474e-02 1.442398e-02 1.418672e-02 1.200229e-02 1.198604e-02 1.237476e-02 1.925975e-02 2.333560e-02 7.125857e-02 0.000000e+00 0.000000e+00 1.337758e-02 1.330531e-02 1.309489e-02 1.311243e-02 1.314071e-02 1.316930e-02 1.316077e-02 1.314831e-02 1.314371e-02 1.311746e-02 1.309807e-02
1.154786e-02 1.340532e-02 1.181732e-02 1.274663e-02 1.236366e-02 1.249912e-02 1.256905e-02 1.256605e-02 1.245715e-02 1.278046e-02 1.273570e-02 1.282706e-02 1.292482e-02 1.287767e-02 1.293288e-02 1.302447e-02 1.301489e-02 1.298878e-02 1.296833e-02 1.290849e-02 8.691199e-03 8.687407e-03 1.268283e-02 8.502427e-03 0.000000e+00 8.472462e-03 1.109173e-02 1.327494e-02 1.327808e-02 1.225886e-02 1.103842e-02 1.090295e-02 1.081583e-02 1.078148e-02 1.070335e-02 1.059482e-02 1.071324e-02 1.257800e-02 1.422055e-02 8.043675e-02 0.000000e+00 0.000000e+00 1.376702e-02 1.327820e-02 1.320142e-02 1.316721e-02 1.316840e-02 1.314244e-02 1.310829e-02 1.312250e-02 1.316306e-02 1.315461e-02
1.292602e-02 9.496629e-03 1.334428e-02 1.165174e-02 1.160162e-02 1.162675e-02 1.168242e-02 1.172084e-02 1.283891e-02 1.229950e-02 1.233669e-02 1.280893e-02 1.269215e-02 1.263275e-02 1.276346e-02 1.280895e-02 1.284370e-02 1.286662e-02 1.278532e-02 8.712070e-03 1.125339e-02 1.243873e-02 8.676832e-03 1.104423e-02 0.000000e+00 1.017717e-02 1.257461e-02 1.329206e-02 1.117379e-02 8.570961e-03 8.533514e-03 8.463548e-03 8.384036e-03 8.308064e-03 8.206804e-03 8.077269e-03 1.158045e-02 1.259156e-02 1.896729e-02 2.375884e-02 9.426681e-02 0.000000e+00 1.452245e-02 1.397373e-02 1.332696e-02 1.319374e-02 1.313638e-02 1.309331e-02 1.304928e-02 1.310859e-02 1.324258e-02 8.877559e-03
1.312133e-02 1.359352e-02 9.693129e-03 9.544104e-03 9.429041e-03 9.356837e-03 9.361782e-03 1.303143e-02 1.168821e-02 1.152422e-02 1.264719e-02 1.237056e-02 1.233730e-02 1.262159e-02 1.252051e-02 1.257209e-02 1.262093e-02 1.230549e-02 8.736154e-03 1.122511e-02 1.236766e-02 1.293267e-02 1.298787e-02 1.283015e-02 0.000000e+00 1.031973e-02 1.265331e-02 8.568107e-03 8.604258e-03 1.117212e-02 1.230334e-02 1.275809e-02 1.287088e-02 1.285633e-02 1.281734e-02 1.242174e-02 8.086125e-03 8.050566e-03 1.087929e-02 1.301813e-02 1.466799e-02 0.000000e+00 0.000000e+00 1.411704e-02 1.338092e-02 1.324398e-02 1.319175e-02 1.318901e-02 1.316744e-02 1.321894e-02 8.938828e-03 1.314474e-02
1.323636e-02 1.345750e-02 1.336986e-02 1.308855e-02 1.297542e-02 1.293746e-02 1.304290e-02 9.551761e-03 9.535187e-03 1.277447e-02 1.162559e-02 1.163670e-02 1.268261e-02 1.228339e-02 1.221721e-02 1.220782e-02 1.132534e-02 8.772546e-03 1.122943e-02 1.231268e-02 1.282008e-02 1.309735e-02 1.308221e-02 1.293185e-02 0.000000e+00 1.035905e-02 1.263659e-02 1.324512e-02 1.329678e-02 1.322545e-02 1.317027e-02 1.314454e-02 1.306025e-02 1.294837e-02 1.285946e-02 1.279330e-02 1.254147e-02 1.216313e-02 1.324152e-02 1.543854e-02 2.574161e-02 3.356536e-02 0.000000e+00 0.000000e+00 1.379971e-02 1.329650e-02 8.841848e-03 1.334909e-02 1.336374e-02 8.959853e-03 1.342066e-02 1.283872e-02
1.330202e-02 1.325590e-02 1.319525e-02 1.310864e-02 1.305578e-02 1.301792e-02 1.308641e-02 1.320513e-02 1.313816e-02 9.564627e-03 9.508951e-03 1.280761e-02 1.168502e-02 1.161116e-02 1.148041e-02 9.023824e-03 8.886183e-03 1.124524e-02 1.227402e-02 1.275330e-02 1.298183e-02 1.311927e-02 1.311068e-02 1.302864e-02 0.000000e+00 1.036345e-02 1.256736e-02 1.311338e-02 1.321029e-02 1.324227e-02 1.323711e-02 1.323349e-02 1.316984e-02 1.307422e-02 1.294607e-02 1.281592e-02 1.280590e-02 1.273863e-02 8.184541e-03 8.212742e-03 1.111184e-02 1.331700e-02 3.229855e-02 0.000000e+00 1.420706e-02 1.380090e-02 8.892561e-03 8.954749e-03 8.983897e-03 8.900139e-03 1.305265e-02 1.228099e-02
1.301697e-02 1.299630e-02 1.299726e-02 1.303542e-02 1.307362e-02 1.311572e-02 1.315143e-02 1.318140e-02 1.315771e-02 1.310936e-02 1.306111e-02 9.640157e-03 9.569026e-03 9.479155e-03 9.311921e-03 1.143813e-02 1.224554e-02 1.257148e-02 1.278602e-02 1.296132e-02 1.306441e-02 1.313170e-02 1.740785e-02 1.773877e-02 0.000000e+00 1.063761e-02 1.269750e-02 1.310595e-02 1.317937e-02 1.325954e-02 1.329026e-02 1.330880e-02 1.326819e-02 1.319862e-02 1.306889e-02 1.290913e-02 1.283829e-02 1.282606e-02 1.284304e-02 1.264666e-02 1.322539e-02 1.442952e-02 1.459412e-02 0.000000e+00 0.000000e+00 1.397896e-02 8.924822e-03 8.928734e-03 8.945959e-03 1.326188e-02 1.288385e-02 1.221422e-02
9.847082e-03 1.189738e-02 1.258974e-02 1.285995e-02 1.302867e-02 1.319003e-02 1.320589e-02 1.314480e-02 1.318044e-02 1.328078e-02 1.319888e-02 1.302226e-02 1.290644e-02 1.283531e-02 1.273998e-02 1.264890e-02 1.265851e-02 1.269750e-02 1.283721e-02 1.301131e-02 1.311850e-02 1.318603e-02 8.773618e-03 0.000000e+00 0.000000e+00 9.793649e-03 1.209668e-02 1.272788e-02 1.297230e-02 1.315978e-02 1.326621e-02 1.334354e-02 1.334132e-02 1.330176e-02 1.321080e-02 1.308625e-02 1.292110e-02 1.277357e-02 1.276655e-02 1.277373e-02 1.282660e-02 1.330926e-02 1.376890e-02 1.428885e-02 0.000000e+00 0.000000e+00 1.202621e-02 8.861255e-03 8.779454e-03 8.669883e-03 8.579578e-03 1.109602e-02
-9.999000e+03 -9.999000e+03 -9.999000e+03 -9.999000e+03 -9.999000e+03 -9.999000e+03 -9.999000e+03 9.593322e-03 9.657899e-03 9.842096e-03 9.925411e-03 9.850987e-03 1.188951e-02 1.243980e-02 1.262066e-02 1.270494e-02 1.272893e-02 1.272466e-02 1.286109e-02 1.305333e-02 1.316035e-02 1.322894e-02 1.305087e-02 0.000000e+00 9.727921e-03 9.476288e-03 1.134963e-02 1.213319e-02 1.259814e-02 1.292908e-02 1.315303e-02 1.332958e-02 1.339306e-02 1.340406e-02 1.335086e-02 1.325798e-02 1.302956e-02 1.276924e-02 1.270445e-02 1.273323e-02 1.275824e-02 1.278429e-02 1.358688e-02 1.424455e-02 1.492200e-02 0.000000e+00 0.000000e+00 9.111021e-03 8.600564e-03 8.530306e-03 8.495955e-03 8.502700e-03
-9.999000e+03 -9.999000e+03 -9.999000e+03 -9.999000e+03 -9.999000e+03 -9.999000e+03 -9.999000e+03 -9.999000e+03 -9.999000e+03 -9.999000e+03 1.210816e-02 1.199613e-02 9.645167e-03 9.378644e-03 1.156917e-02 1.247573e-02 1.273499e-02 1.273859e-02 1.288285e-02 1.309622e-02 1.317802e-02 1.320175e-02 1.299818e-02 0.000000e+00 9.725510e-03 9.516501e-03 1.138768e-02 1.212474e-02 1.253997e-02 1.278936e-02 1.309040e-02 1.329857e-02 1.342121e-02 1.348869e-02 1.344783e-02 1.334686e-02 1.313458e-02 1.288922e-02 1.274641e-02 1.266425e-02 1.272813e-02 1.267013e-02 1.309898e-02 1.384136e-02 1.422806e-02 1.509767e-02 0.000000e+00 0.000000e+00 8.515989e-03 8.424941e-03 -9.999000e+03 -9.999000e+03
