tests/data/reference/test_implicit_stream_rill_mfda/mwlevel_m.asc
ncols	123
nrows	77
xllcorner	-713746.79929998
yllcorner	-1061022.36961616
cellsize	10.0
NODATA_value	-9999
[rows 23 to 45 of 77, columns 52 to 103 of 123]
1.118914e-02 1.279427e-02 1.291412e-02 1.305901e-02 1.310768e-02 1.310773e-02 1.312935e-02 1.316911e-02 1.315872e-02 1.310469e-02 1.309141e-02 1.311969e-02 1.313001e-02 1.317179e-02 1.329918e-02 1.344717e-02 2.560379e-02 1.320369e-02 1.298836e-02 1.282550e-02 1.269092e-02 1.256060e-02 1.231730e-02 1.254794e-02 9.320855e-03 1.168562e-02 2.916230e-02 1.720229e-02 2.298283e-02 1.359996e-02 1.275729e-02 1.164057e-02 9.497474e-03 9.817162e-03 -9.999000e+03 -9.999000e+03 -9.999000e+03 -9.999000e+03 -9.999000e+03 -9.999000e+03 -9.999000e+03 -9.999000e+03 -9.999000e+03 -9.999000e+03 -9.999000e+03 -9.999000e+03 -9.999000e+03 -9.999000e+03 -9.999000e+03 -9.999000e+03 -9.999000e+03 -9.999000e+03
1.112224e-02 1.222143e-02 1.297350e-02 1.308543e-02 1.312511e-02 1.313378e-02 1.316868e-02 1.321196e-02 1.318628e-02 1.312914e-02 1.312450e-02 1.312389e-02 1.315534e-02 1.325730e-02 1.337675e-02 1.344493e-02 2.766351e-02 1.304471e-02 1.294867e-02 1.284805e-02 1.276315e-02 1.270888e-02 1.263555e-02 1.267364e-02 1.149072e-02 1.244408e-02 9.471753e-03 2.923708e-02 1.628036e-02 2.106641e-02 1.700077e-02 1.264918e-02 1.170127e-02 1.176479e-02 9.921675e-03 -9.999000e+03 -9.999000e+03 -9.999000e+03 -9.999000e+03 -9.999000e+03 -9.999000e+03 -9.999000e+03 -9.999000e+03 -9.999000e+03 -9.999000e+03 -9.999000e+03 -9.999000e+03 -9.999000e+03 -9.999000e+03 -9.999000e+03 -9.999000e+03 -9.999000e+03
1.280440e-02 1.224443e-02 1.277146e-02 1.309290e-02 1.316020e-02 1.321028e-02 1.325489e-02 1.325294e-02 1.317415e-02 1.309253e-02 1.307769e-02 1.310900e-02 1.320900e-02 1.333910e-02 1.338456e-02 1.333240e-02 2.843228e-02 1.283880e-02 1.286039e-02 1.286416e-02 1.284178e-02 1.282761e-02 1.281141e-02 1.281221e-02 1.236953e-02 1.262962e-02 1.147446e-02 2.604050e-02 9.390607e-03 1.391363e-02 2.533957e-02 1.331757e-02 1.267073e-02 1.230452e-02 1.145243e-02 9.599591e-03 9.852857e-03 9.876612e-03 -9.999000e+03 -9.999000e+03 -9.999000e+03 -9.999000e+03 -9.999000e+03 -9.999000e+03 -9.999000e+03 -9.999000e+03 -9.999000e+03 -9.999000e+03 -9.999000e+03 -9.999000e+03 -9.999000e+03 -9.999000e+03
1.109645e-02 1.296506e-02 1.281601e-02 1.309562e-02 1.325614e-02 1.328260e-02 1.326195e-02 1.317824e-02 1.309336e-02 1.305654e-02 1.308079e-02 1.315581e-02 1.325397e-02 1.331046e-02 1.328103e-02 1.321841e-02 2.765556e-02 1.293308e-02 1.296447e-02 1.298466e-02 1.299655e-02 1.300552e-02 1.300007e-02 1.297226e-02 1.276926e-02 1.276112e-02 1.225612e-02 2.394928e-02 1.145826e-02 1.272699e-02 2.330948e-02 1.318379e-02 1.301742e-02 1.278325e-02 1.234801e-02 1.163677e-02 1.180075e-02 9.776494e-03 1.200844e-02 9.905990e-03 -9.999000e+03 -9.999000e+03 -9.999000e+03 -9.999000e+03 -9.999000e+03 -9.999000e+03 -9.999000e+03 -9.999000e+03 -9.999000e+03 -9.999000e+03 -9.999000e+03 -9.999000e+03
1.224202e-02 8.570651e-03 1.317710e-02 1.321501e-02 1.332145e-02 1.329114e-02 1.318305e-02 1.306842e-02 1.303406e-02 1.306037e-02 1.311582e-02 1.318817e-02 1.322138e-02 1.320284e-02 1.317808e-02 1.320018e-02 2.874566e-02 1.313574e-02 1.314156e-02 1.315292e-02 1.319175e-02 1.321714e-02 1.320487e-02 1.314503e-02 1.299753e-02 1.289999e-02 1.265285e-02 2.243984e-02 1.227026e-02 1.259050e-02 2.034619e-02 1.278553e-02 1.308674e-02 1.324031e-02 1.307911e-02 1.268465e-02 9.554343e-03 9.698962e-03 1.204152e-02 1.284556e-02 1.212964e-02 5.906865e-03 -9.999000e+03 -9.999000e+03 -9.999000e+03 -9.999000e+03 -9.999000e+03 -9.999000e+03 -9.999000e+03 -9.999000e+03 -9.999000e+03 -9.999000e+03
1.279377e-02 1.119392e-02 1.322092e-02 1.323102e-02 8.821909e-03 1.322089e-02 1.312682e-02 1.304076e-02 1.302514e-02 1.305700e-02 1.310514e-02 1.316369e-02 1.318894e-02 1.319957e-02 1.324701e-02 1.332376e-02 2.981310e-02 1.311473e-02 1.308133e-02 1.307744e-02 1.310040e-02 1.312579e-02 1.313530e-02 1.311761e-02 1.305028e-02 1.297054e-02 1.284412e-02 2.118976e-02 1.266489e-02 1.270563e-02 1.843150e-02 1.277289e-02 1.302132e-02 1.322324e-02 1.325135e-02 1.307574e-02 1.187671e-02 1.190815e-02 9.709129e-03 1.276508e-02 0.000000e+00 1.041582e-02 6.735318e-03 7.477770e-03 -9.999000e+03 -9.999000e+03 -9.999000e+03 -9.999000e+03 -9.999000e+03 -9.999000e+03 -9.999000e+03 -9.999000e+03
1.308583e-02 1.243292e-02 1.322769e-02 1.316747e-02 8.796316e-03 1.132377e-02 1.311538e-02 1.303726e-02 1.300138e-02 1.302612e-02 1.307449e-02 1.314220e-02 1.320925e-02 1.330244e-02 1.341646e-02 1.346118e-02 1.333387e-02 2.867383e-02 1.292394e-02 1.290095e-02 1.289210e-02 1.291509e-02 1.295872e-02 1.300713e-02 1.303268e-02 1.300911e-02 1.295748e-02 2.060438e-02 1.291276e-02 1.290673e-02 1.705813e-02 1.285491e-02 1.289566e-02 1.299602e-02 1.314137e-02 1.319165e-02 1.278869e-02 1.270166e-02 1.189150e-02 0.000000e+00 0.000000e+00 2.497352e-02 1.791227e-02 1.072053e-02 8.209027e-03 -9.999000e+03 -9.999000e+03 -9.999000e+03 -9.999000e+03 -9.999000e+03 -9.999000e+03 -9.999000e+03
1.330842e-02 1.303330e-02 1.325689e-02 1.315494e-02 1.131857e-02 8.787215e-03 1.238439e-02 1.299012e-02 1.299274e-02 1.308607e-02 1.318224e-02 1.328094e-02 1.336734e-02 1.345222e-02 1.346711e-02 1.334345e-02 1.311322e-02 1.288955e-02 2.437795e-02 1.283230e-02 1.286050e-02 1.290826e-02 1.295671e-02 1.299563e-02 1.302145e-02 1.302098e-02 1.302823e-02 1.971686e-02 1.300987e-02 1.296491e-02 1.563185e-02 1.284858e-02 1.282371e-02 1.284946e-02 9.385932e-03 9.498864e-03 1.292534e-02 1.284703e-02 0.000000e+00 0.000000e+00 1.177741e-02 2.088676e-02 1.529823e-02 1.219083e-02 1.061561e-02 8.473650e-03 -9.999000e+03 -9.999000e+03 -9.999000e+03 -9.999000e+03 -9.999000e+03 -9.999000e+03
1.352738e-02 1.334677e-02 1.330036e-02 1.317646e-02 1.242359e-02 1.128816e-02 8.725643e-03 1.272451e-02 1.307352e-02 1.325017e-02 1.339356e-02 1.351629e-02 1.357297e-02 1.353455e-02 1.334477e-02 1.307157e-02 1.283919e-02 1.268316e-02 2.205067e-02 1.282433e-02 1.290847e-02 1.298397e-02 1.302308e-02 1.302401e-02 1.301484e-02 1.303019e-02 1.308850e-02 1.887172e-02 1.305158e-02 1.296903e-02 1.419866e-02 1.281485e-02 1.278094e-02 9.077090e-03 9.221005e-03 9.348316e-03 1.279258e-02 0.000000e+00 0.000000e+00 1.093237e-02 1.288847e-02 1.756232e-02 1.384186e-02 1.297957e-02 1.229517e-02 1.041039e-02 1.057730e-02 -9.999000e+03 -9.999000e+03 -9.999000e+03 -9.999000e+03 -9.999000e+03
1.376838e-02 1.357271e-02 1.345130e-02 1.334907e-02 8.902355e-03 1.292331e-02 1.241979e-02 1.132762e-02 1.313693e-02 1.332300e-02 1.338627e-02 1.342414e-02 1.337023e-02 1.322613e-02 1.302484e-02 1.284589e-02 1.274939e-02 1.271475e-02 2.188366e-02 1.300606e-02 1.306879e-02 1.309252e-02 1.307479e-02 1.303663e-02 1.301662e-02 1.305271e-02 1.313383e-02 1.803695e-02 1.314953e-02 1.309696e-02 1.307786e-02 1.295050e-02 8.933381e-03 8.986005e-03 9.096081e-03 9.212115e-03 0.000000e+00 0.000000e+00 1.073760e-02 1.259642e-02 1.288206e-02 1.470157e-02 1.008013e-02 1.028721e-02 1.267804e-02 1.209793e-02 1.198212e-02 1.043739e-02 8.340722e-03 -9.999000e+03 -9.999000e+03 -9.999000e+03
1.409854e-02 1.373645e-02 1.355769e-02 1.349782e-02 1.342814e-02 1.156388e-02 1.320669e-02 1.303792e-02 1.257956e-02 1.321358e-02 1.317816e-02 1.309805e-02 1.296716e-02 1.284362e-02 1.276700e-02 1.274450e-02 1.279824e-02 1.289885e-02 1.305840e-02 2.474586e-02 1.327442e-02 1.320969e-02 1.311463e-02 1.303952e-02 1.302327e-02 1.308140e-02 1.317442e-02 1.718345e-02 1.327557e-02 1.328453e-02 1.324385e-02 8.943866e-03 8.972603e-03 8.986243e-03 0.000000e+00 0.000000e+00 0.000000e+00 9.328728e-03 1.253797e-02 1.286787e-02 1.281545e-02 9.543733e-03 9.689102e-03 1.184405e-02 1.270372e-02 1.285819e-02 1.295878e-02 1.028756e-02 1.042721e-02 7.234222e-03 -9.999000e+03 -9.999000e+03
9.047407e-02 8.315222e-02 1.396236e-02 1.387510e-02 1.326699e-02 1.320225e-02 1.251665e-02 1.312958e-02 1.304187e-02 1.282398e-02 1.299877e-02 1.292002e-02 1.282198e-02 1.276468e-02 1.275680e-02 1.279851e-02 1.291093e-02 1.306460e-02 1.324260e-02 3.936203e-02 1.338530e-02 1.333530e-02 1.324180e-02 1.316945e-02 1.316372e-02 1.322696e-02 1.330048e-02 1.630941e-02 1.332550e-02 1.332675e-02 1.328411e-02 8.965436e-03 8.969222e-03 0.000000e+00 0.000000e+00 1.081404e-02 9.229051e-03 1.164458e-02 1.290970e-02 1.287797e-02 9.320379e-03 9.395337e-03 9.492602e-03 1.242458e-02 1.271531e-02 1.281200e-02 1.010571e-02 1.008917e-02 1.007712e-02 1.718067e-02 1.049663e-02 7.153810e-03
2.291196e-02 2.065620e-02 6.981414e-02 1.341268e-02 1.341758e-02 1.334491e-02 1.327603e-02 1.304990e-02 1.323163e-02 1.319074e-02 1.310683e-02 1.312667e-02 1.308198e-02 1.308015e-02 1.312018e-02 1.323223e-02 1.341968e-02 1.362565e-02 1.383177e-02 1.400029e-02 4.433583e-02 1.399955e-02 1.391650e-02 1.383903e-02 1.338379e-02 1.344665e-02 1.348095e-02 1.540736e-02 1.335308e-02 1.330053e-02 1.324142e-02 8.954814e-03 0.000000e+00 0.000000e+00 1.040231e-02 1.277149e-02 1.164523e-02 1.253967e-02 1.295558e-02 9.135001e-03 9.214048e-03 9.308474e-03 9.408592e-03 9.541352e-03 1.273725e-02 1.264708e-02 9.750039e-03 1.182501e-02 1.189492e-02 1.478833e-02 1.009141e-02 1.725296e-02
9.572001e-03 1.203542e-02 1.307485e-02 6.502286e-02 6.581625e-02 6.097313e-02 5.989850e-02 1.338065e-02 1.343879e-02 1.360176e-02 1.365700e-02 1.365616e-02 1.373313e-02 1.382179e-02 1.886961e-02 1.396685e-02 1.401553e-02 1.401891e-02 1.400446e-02 1.397410e-02 9.742960e-03 4.512493e-02 1.873603e-02 1.380091e-02 1.393702e-02 1.404341e-02 1.348518e-02 1.411894e-02 1.327896e-02 1.319978e-02 1.315579e-02 0.000000e+00 0.000000e+00 8.955935e-03 1.247879e-02 1.315297e-02 1.257984e-02 1.288967e-02 1.299903e-02 9.076268e-03 9.139171e-03 9.237804e-03 9.336146e-03 9.451693e-03 1.283745e-02 1.280612e-02 1.188260e-02 1.254958e-02 1.256047e-02 1.347755e-02 1.187118e-02 1.472608e-02
1.295257e-02 1.320771e-02 1.351929e-02 1.395203e-02 1.374971e-02 1.330671e-02 1.338270e-02 5.917271e-02 6.257293e-02 6.562531e-02 6.782973e-02 6.870183e-02 7.109038e-02 7.580858e-02 8.160588e-02 8.762560e-02 8.769847e-02 1.470225e-02 1.436792e-02 1.406672e-02 1.371561e-02 1.199419e-02 4.356806e-02 1.366844e-02 1.388858e-02 1.398909e-02 1.397709e-02 1.326313e-02 1.314452e-02 1.306396e-02 0.000000e+00 0.000000e+00 8.876696e-03 8.924397e-03 1.297486e-02 1.311217e-02 1.290743e-02 1.302982e-02 1.305911e-02 9.056966e-03 9.098663e-03 9.186860e-03 9.274653e-03 9.379289e-03 9.505419e-03 9.629624e-03 1.281438e-02 1.301644e-02 1.292284e-02 1.305451e-02 1.244976e-02 1.339720e-02
1.177836e-02 1.280359e-02 1.341394e-02 3.714879e-02 3.864875e-02 3.664462e-02 3.680507e-02 3.887466e-02 4.091646e-02 4.298547e-02 4.474698e-02 4.606702e-02 4.784697e-02 5.031677e-02 5.309697e-02 5.578590e-02 5.587513e-02 9.780921e-02 1.031838e-01 1.412184e-02 1.390310e-02 1.360689e-02 4.705351e-02 1.389765e-02 1.394107e-02 1.388445e-02 1.377736e-02 1.370329e-02 1.306155e-02 0.000000e+00 0.000000e+00 8.881798e-03 8.857686e-03 8.904819e-03 1.305618e-02 1.305734e-02 1.299446e-02 1.303040e-02 9.011156e-03 9.010060e-03 9.042588e-03 9.128268e-03 9.218937e-03 9.312831e-03 9.422776e-03 9.555020e-03 9.672513e-03 1.310517e-02 1.307581e-02 1.307276e-02 1.285382e-02 1.309992e-02
1.293835e-02 2.327635e-02 2.346806e-02 1.301224e-02 1.302180e-02 1.293712e-02 1.298897e-02 1.311324e-02 1.321712e-02 1.332034e-02 1.342137e-02 1.389503e-02 1.401645e-02 1.415893e-02 1.431021e-02 1.444071e-02 2.046555e-02 2.546547e-02 2.484108e-02 9.339109e-02 9.856418e-02 9.250358e-02 9.816199e-02 5.807859e-02 1.400439e-02 1.374744e-02 1.361043e-02 1.347934e-02 0.000000e+00 0.000000e+00 9.001550e-03 1.137420e-02 8.846979e-03 8.896441e-03 1.306559e-02 1.303597e-02 1.300202e-02 1.299067e-02 8.943733e-03 8.938436e-03 8.966061e-03 9.051294e-03 9.161263e-03 9.262085e-03 9.334657e-03 9.423931e-03 9.554494e-03 1.303394e-02 1.312445e-02 1.321748e-02 1.321838e-02 1.323501e-02
2.663006e-02 1.279979e-02 1.279791e-02 1.281258e-02 1.271005e-02 1.257722e-02 1.258267e-02 1.266148e-02 1.273184e-02 1.282072e-02 1.293246e-02 1.304819e-02 1.316170e-02 1.328558e-02 1.342771e-02 1.395538e-02 1.411627e-02 1.974451e-02 2.031736e-02 2.598826e-02 2.973638e-02 3.602485e-02 2.675530e-02 1.253705e-01 7.133202e-02 1.405853e-02 1.372331e-02 9.703696e-03 0.000000e+00 1.095197e-02 1.153600e-02 1.244888e-02 8.819414e-03 1.135938e-02 1.304686e-02 1.304203e-02 1.301702e-02 1.299009e-02 8.891272e-03 8.887016e-03 8.917542e-03 8.993568e-03 9.106456e-03 9.228656e-03 9.290165e-03 9.333942e-03 9.436239e-03 9.560591e-03 1.300757e-02 1.310118e-02 1.316449e-02 1.317684e-02
1.286415e-02 1.280905e-02 1.280741e-02 1.281927e-02 1.273321e-02 1.258541e-02 1.254259e-02 1.255907e-02 1.255375e-02 1.258399e-02 1.268369e-02 1.279844e-02 1.288115e-02 1.295601e-02 1.305856e-02 1.316583e-02 1.784226e-02 1.337906e-02 1.398929e-02 1.439025e-02 1.450608e-02 0.000000e+00 0.000000e+00 0.000000e+00 1.272403e-01 7.289526e-02 1.349532e-02 0.000000e+00 0.000000e+00 1.344664e-02 1.319101e-02 1.293536e-02 8.783461e-03 1.233449e-02 1.301498e-02 1.305694e-02 1.304150e-02 8.878994e-03 8.849595e-03 8.842091e-03 8.885507e-03 8.964227e-03 9.068048e-03 9.201331e-03 9.274686e-03 9.290424e-03 9.337524e-03 9.419975e-03 1.286031e-02 1.290596e-02 1.295678e-02 1.302016e-02
1.283432e-02 1.277162e-02 1.276415e-02 1.279321e-02 1.275352e-02 1.263820e-02 1.258358e-02 1.256114e-02 1.248481e-02 1.243493e-02 1.250152e-02 1.260858e-02 1.267187e-02 1.271775e-02 1.278739e-02 1.606504e-02 1.291924e-02 1.298758e-02 1.315512e-02 1.341760e-02 1.398864e-02 1.400399e-02 1.426887e-02 0.000000e+00 0.000000e+00 0.000000e+00 6.973180e-02 0.000000e+00 1.031528e-02 1.423938e-02 1.385198e-02 1.374604e-02 1.145510e-02 1.289044e-02 1.307397e-02 1.305599e-02 1.302928e-02 8.849936e-03 8.823272e-03 8.799439e-03 8.834930e-03 8.924701e-03 9.034716e-03 9.173600e-03 9.259622e-03 9.278343e-03 9.300929e-03 1.171102e-02 1.288769e-02 1.290309e-02 1.293017e-02 1.294407e-02
1.282042e-02 1.279838e-02 1.278589e-02 1.281878e-02 1.283388e-02 1.278466e-02 1.275949e-02 1.274629e-02 1.262456e-02 1.248605e-02 1.246362e-02 1.250995e-02 1.255264e-02 1.256946e-02 1.622600e-02 1.265137e-02 1.264631e-02 1.263917e-02 1.273514e-02 1.290880e-02 1.303550e-02 1.343321e-02 1.371416e-02 1.418092e-02 1.423695e-02 0.000000e+00 0.000000e+00 0.000000e+00 4.939563e-02 1.291946e-02 1.878306e-02 1.413296e-02 1.287364e-02 1.334712e-02 1.321447e-02 1.306261e-02 1.299936e-02 8.809070e-03 8.800910e-03 8.772824e-03 8.787480e-03 8.870943e-03 8.992934e-03 9.146439e-03 9.246203e-03 9.283348e-03 9.309386e-03 1.262351e-02 1.297367e-02 1.296085e-02 1.296926e-02 1.291397e-02
1.281785e-02 1.282141e-02 1.277912e-02 1.278255e-02 1.284063e-02 1.286564e-02 1.287613e-02 1.286149e-02 1.277245e-02 1.260588e-02 1.250383e-02 1.250897e-02 1.251053e-02 1.817172e-02 1.253259e-02 1.252470e-02 1.243571e-02 1.239113e-02 1.250471e-02 1.257125e-02 1.265172e-02 1.273765e-02 1.325675e-02 1.368724e-02 1.379649e-02 1.789367e-02 0.000000e+00 0.000000e+00 0.000000e+00 0.000000e+00 2.084722e-02 1.432209e-02 1.385145e-02 1.333241e-02 1.321452e-02 1.311077e-02 1.304630e-02 8.775909e-03 8.759090e-03 8.742867e-03 8.750797e-03 8.811512e-03 8.921167e-03 9.072727e-03 9.180330e-03 9.237722e-03 9.280430e-03 1.292450e-02 1.301914e-02 1.296744e-02 1.291290e-02 1.284610e-02
1.300448e-02 1.294436e-02 1.278028e-02 1.267341e-02 1.273492e-02 1.282091e-02 1.273552e-02 1.276934e-02 1.278537e-02 1.271594e-02 1.271417e-02 1.260561e-02 2.158537e-02 1.265340e-02 1.259160e-02 1.244303e-02 1.233074e-02 1.238554e-02 1.230817e-02 1.242440e-02 1.243835e-02 1.243049e-02 1.263529e-02 1.331862e-02 1.344503e-02 0.000000e+00 0.000000e+00 1.161121e-02 1.357131e-02 0.000000e+00 0.000000e+00 0.000000e+00 1.363137e-02 1.346612e-02 1.309563e-02 1.316035e-02 1.313061e-02 8.762969e-03 8.716043e-03 8.707997e-03 8.718056e-03 8.758234e-03 8.837904e-03 8.961798e-03 9.064909e-03 9.140752e-03 9.209377e-03 1.298881e-02 1.304479e-02 1.297304e-02 1.283327e-02 1.276504e-02
