tests/data/reference/test_implicit_stream_rill_mfda/mwlevel_m.asc
ncols	123
nrows	77
xllcorner	-713746.79929998
yllcorner	-1061022.36961616
cellsize	10.0
NODATA_value	-9999
[rows 46 to 68 of 77, columns 0 to 51 of 123]
-9.999000e+03 -9.999000e+03 -9.999000e+03 -9.999000e+03 -9.999000e+03 -9.999000e+03 7.211227e-03 1.780509e-02 1.314701e-02 1.317100e-02 1.059367e-02 1.247213e-02 1.307213e-02 1.318522e-02 1.326582e-02 1.332922e-02 1.324053e-02 1.309403e-02 1.288328e-02 1.267106e-02 1.269103e-02 1.196767e-02 1.202458e-02 1.212306e-02 1.279299e-02 1.285900e-02 1.299919e-02 1.318311e-02 1.315914e-02 1.307838e-02 1.308216e-02 3.113973e-02 3.175231e-02 1.311904e-02 1.307380e-02 1.302977e-02 1.296046e-02 1.290640e-02 1.290538e-02 1.291637e-02 1.297178e-02 1.306682e-02 1.314389e-02 1.317869e-02 1.325244e-02 1.335730e-02 1.338796e-02 1.339644e-02 1.346492e-02 1.357782e-02 1.354833e-02 1.335764e-02
-9.999000e+03 -9.999000e+03 -9.999000e+03 -9.999000e+03 -9.999000e+03 -9.999000e+03 2.532693e-02 1.427416e-02 1.248818e-02 1.239079e-02 1.040412e-02 1.276652e-02 1.283616e-02 1.293161e-02 1.306443e-02 1.315287e-02 1.328312e-02 1.327485e-02 1.306925e-02 1.282846e-02 9.968746e-03 9.874150e-03 9.826801e-03 9.830765e-03 1.202617e-02 1.266011e-02 1.295823e-02 2.697013e-02 2.828848e-02 2.895595e-02 2.991280e-02 1.323506e-02 1.315984e-02 1.307591e-02 1.301273e-02 1.296075e-02 1.289467e-02 1.283805e-02 1.285079e-02 1.286945e-02 1.288587e-02 1.292172e-02 1.296959e-02 1.301659e-02 1.310029e-02 1.322587e-02 1.331258e-02 1.334313e-02 1.336404e-02 1.344825e-02 1.352075e-02 1.347867e-02
-9.999000e+03 -9.999000e+03 -9.999000e+03 -9.999000e+03 -9.999000e+03 7.846558e-03 1.415143e-02 1.604161e-02 1.050376e-02 1.046237e-02 1.218336e-02 1.256872e-02 1.263210e-02 1.285775e-02 1.273167e-02 1.297849e-02 1.318281e-02 1.329695e-02 1.313193e-02 1.290993e-02 1.588214e-02 1.817054e-02 2.005945e-02 2.228849e-02 2.334628e-02 2.450037e-02 2.581841e-02 1.331475e-02 1.331891e-02 1.323606e-02 1.322309e-02 1.324375e-02 1.316200e-02 1.305925e-02 1.298293e-02 1.293023e-02 1.286408e-02 1.279032e-02 1.280256e-02 1.284157e-02 1.285702e-02 1.286256e-02 1.286833e-02 1.288516e-02 1.294451e-02 1.305561e-02 1.318273e-02 1.327775e-02 1.329166e-02 1.331987e-02 1.342582e-02 1.348107e-02
-9.999000e+03 -9.999000e+03 -9.999000e+03 -9.999000e+03 1.093388e-02 1.452441e-02 1.294565e-02 1.488505e-02 1.063183e-02 1.072206e-02 1.231949e-02 1.270792e-02 1.323688e-02 1.215229e-02 1.271376e-02 1.291972e-02 1.309855e-02 1.323553e-02 1.307122e-02 1.286556e-02 1.286253e-02 1.293224e-02 1.304347e-02 1.298683e-02 1.316502e-02 1.328337e-02 1.330551e-02 1.334598e-02 1.339972e-02 1.338331e-02 1.335223e-02 1.336915e-02 1.335135e-02 1.329232e-02 1.321583e-02 1.313979e-02 1.303664e-02 1.289662e-02 1.283435e-02 1.284288e-02 1.287895e-02 1.289553e-02 1.286446e-02 1.283225e-02 1.284222e-02 1.290306e-02 1.302359e-02 1.316578e-02 1.321443e-02 1.321613e-02 1.327127e-02 1.339313e-02
-9.999000e+03 -9.999000e+03 -9.999000e+03 -9.999000e+03 7.695869e-03 1.319628e-02 1.226570e-02 1.254359e-02 1.246369e-02 1.088694e-02 1.280678e-02 1.614742e-02 1.052322e-02 1.215254e-02 1.263995e-02 1.284160e-02 1.302232e-02 1.318500e-02 1.304460e-02 1.282745e-02 1.277281e-02 1.308203e-02 1.269114e-02 1.288332e-02 1.303630e-02 1.318882e-02 1.323704e-02 1.327048e-02 1.335480e-02 1.340316e-02 1.337271e-02 1.336090e-02 1.336900e-02 1.336724e-02 1.333644e-02 1.327864e-02 1.319085e-02 1.304751e-02 1.291780e-02 1.286490e-02 1.291656e-02 1.296597e-02 1.291530e-02 1.284467e-02 1.280775e-02 1.281311e-02 1.290120e-02 1.304672e-02 1.312233e-02 1.295282e-02 1.303936e-02 1.317478e-02
-9.999000e+03 -9.999000e+03 -9.999000e+03 7.681547e-03 1.498369e-02 1.429194e-02 1.078522e-02 1.233050e-02 1.099934e-02 1.263721e-02 1.476042e-02 1.280157e-02 1.066160e-02 1.211228e-02 1.251115e-02 1.273733e-02 1.291157e-02 1.307990e-02 1.300100e-02 1.274962e-02 1.355905e-02 1.177447e-02 1.237888e-02 1.254979e-02 1.268754e-02 1.285476e-02 1.294470e-02 1.298931e-02 1.307709e-02 1.315544e-02 1.314254e-02 1.311150e-02 1.310596e-02 1.313636e-02 1.318595e-02 1.321802e-02 1.322911e-02 1.317571e-02 1.302997e-02 1.291504e-02 1.297286e-02 1.307254e-02 1.304492e-02 1.296760e-02 1.288706e-02 1.282492e-02 1.284764e-02 1.294767e-02 1.252295e-02 1.252972e-02 1.257666e-02 1.268401e-02
-9.999000e+03 -9.999000e+03 -9.999000e+03 8.218671e-03 1.476219e-02 1.223176e-02 1.109382e-02 1.130402e-02 1.243368e-02 1.246888e-02 1.375225e-02 1.266198e-02 1.085868e-02 1.202624e-02 1.239486e-02 1.264886e-02 1.278171e-02 1.294191e-02 1.297707e-02 1.653020e-02 9.945201e-03 1.162476e-02 1.208006e-02 1.221917e-02 1.234165e-02 1.252511e-02 1.265701e-02 1.273276e-02 1.283873e-02 1.294509e-02 1.296268e-02 1.293077e-02 1.289803e-02 1.291505e-02 1.299521e-02 1.307355e-02 1.316029e-02 1.321132e-02 1.310137e-02 1.293990e-02 1.297386e-02 1.310532e-02 1.313503e-02 1.309468e-02 1.300631e-02 1.291083e-02 1.288289e-02 1.146822e-02 1.150749e-02 1.153015e-02 1.155478e-02 2.269179e-02
-9.999000e+03 -9.999000e+03 9.660433e-03 1.011816e-02 1.242589e-02 1.217169e-02 1.152520e-02 1.167563e-02 1.155481e-02 1.174656e-02 1.340594e-02 1.275279e-02 1.116524e-02 1.202056e-02 1.235873e-02 1.252936e-02 1.253955e-02 1.263913e-02 1.511030e-02 1.286557e-02 1.029771e-02 1.169521e-02 1.192859e-02 1.200934e-02 1.209506e-02 1.221329e-02 1.238020e-02 1.253150e-02 1.267807e-02 1.283384e-02 1.291443e-02 1.290945e-02 1.283113e-02 1.279132e-02 1.281833e-02 1.287339e-02 1.296192e-02 1.306808e-02 1.304182e-02 1.291268e-02 1.291029e-02 1.301816e-02 1.310130e-02 1.313904e-02 1.310585e-02 1.303989e-02 9.145716e-03 9.090147e-03 9.081752e-03 9.115698e-03 2.379214e-02 1.313352e-02
-9.999000e+03 -9.999000e+03 4.135072e-02 1.291390e-02 1.111501e-02 1.149614e-02 1.182453e-02 1.151428e-02 1.299749e-02 1.396011e-02 1.168416e-02 1.275357e-02 1.144316e-02 1.215763e-02 1.222577e-02 1.228232e-02 1.216537e-02 1.215335e-02 1.244397e-02 1.391269e-02 1.076060e-02 1.162139e-02 1.165473e-02 1.190251e-02 1.187231e-02 1.191716e-02 1.213682e-02 1.231640e-02 1.248621e-02 1.266310e-02 1.279086e-02 1.283517e-02 1.280220e-02 1.269703e-02 1.271214e-02 1.275150e-02 1.282996e-02 1.293012e-02 1.293701e-02 1.287882e-02 1.288778e-02 1.296385e-02 1.304394e-02 1.310971e-02 1.309350e-02 1.304766e-02 1.301660e-02 1.300152e-02 2.259622e-02 2.510124e-02 1.316206e-02 1.314551e-02
-9.999000e+03 1.028266e-02 4.296489e-02 1.387179e-02 1.123294e-02 1.207939e-02 1.142236e-02 1.142950e-02 -9.999000e+03 -9.999000e+03 -9.999000e+03 1.170568e-02 1.157033e-02 1.111843e-02 1.092640e-02 1.091560e-02 1.082675e-02 1.067462e-02 1.083263e-02 1.140027e-02 1.153534e-02 1.104039e-02 1.175866e-02 1.177683e-02 1.178230e-02 1.197235e-02 1.204196e-02 1.212711e-02 1.225138e-02 1.238281e-02 1.249468e-02 1.279110e-02 1.270314e-02 1.266423e-02 1.268234e-02 1.273845e-02 1.282279e-02 1.289617e-02 1.285285e-02 1.281051e-02 1.289705e-02 1.297907e-02 1.303312e-02 1.304528e-02 1.301217e-02 1.299449e-02 1.692957e-02 1.992532e-02 1.311747e-02 1.318914e-02 1.314742e-02 1.310594e-02
-9.999000e+03 1.421756e-02 1.451381e-02 1.124352e-02 1.159254e-02 1.154953e-02 -9.999000e+03 -9.999000e+03 -9.999000e+03 -9.999000e+03 -9.999000e+03 -9.999000e+03 1.145888e-02 1.120683e-02 1.261812e-02 1.294106e-02 1.091607e-02 1.248396e-02 1.316542e-02 1.387118e-02 1.173446e-02 1.169218e-02 1.132438e-02 1.092390e-02 1.199619e-02 1.195076e-02 1.181216e-02 1.174301e-02 1.176694e-02 1.178396e-02 1.255071e-02 1.247609e-02 1.262644e-02 1.254629e-02 1.259737e-02 1.266991e-02 1.275887e-02 1.283110e-02 1.274615e-02 1.273810e-02 1.282394e-02 1.295366e-02 1.291436e-02 1.291979e-02 1.299297e-02 1.289117e-02 1.291846e-02 1.301698e-02 1.305017e-02 1.312206e-02 1.304517e-02 1.300640e-02
7.632901e-03 2.134196e-02 1.233878e-02 1.156959e-02 1.214925e-02 1.120984e-02 -9.999000e+03 -9.999000e+03 -9.999000e+03 -9.999000e+03 -9.999000e+03 -9.999000e+03 -9.999000e+03 -9.999000e+03 -9.999000e+03 1.086903e-02 1.273585e-02 1.073645e-02 1.086651e-02 1.106729e-02 1.384493e-02 -9.999000e+03 -9.999000e+03 1.132542e-02 1.091407e-02 1.067852e-02 1.043319e-02 1.019985e-02 1.008540e-02 1.263184e-02 1.185815e-02 1.244408e-02 1.231049e-02 1.228197e-02 1.236928e-02 1.244406e-02 1.249143e-02 1.255878e-02 1.274313e-02 1.257391e-02 1.267992e-02 1.255285e-02 1.257827e-02 1.299547e-02 1.280808e-02 1.270877e-02 1.282160e-02 1.272917e-02 1.279461e-02 1.286120e-02 1.287977e-02 1.272347e-02
8.928966e-03 1.164436e-02 1.173902e-02 1.174452e-02 1.117649e-02 -9.999000e+03 -9.999000e+03 -9.999000e+03 -9.999000e+03 -9.999000e+03 -9.999000e+03 -9.999000e+03 -9.999000e+03 -9.999000e+03 -9.999000e+03 -9.999000e+03 -9.999000e+03 -9.999000e+03 -9.999000e+03 -9.999000e+03 -9.999000e+03 -9.999000e+03 -9.999000e+03 1.142854e-02 1.101355e-02 1.086277e-02 1.237272e-02 1.263976e-02 1.290976e-02 1.041112e-02 1.260254e-02 1.189462e-02 1.183668e-02 1.176953e-02 1.182471e-02 1.182696e-02 1.178729e-02 1.272124e-02 1.243814e-02 1.232440e-02 1.159875e-02 1.165719e-02 1.292222e-02 1.257754e-02 1.252695e-02 1.283679e-02 1.237674e-02 1.235081e-02 1.237998e-02 1.288188e-02 1.261988e-02 1.256288e-02
-9.999000e+03 1.109535e-02 1.120757e-02 1.087055e-02 -9.999000e+03 -9.999000e+03 -9.999000e+03 -9.999000e+03 -9.999000e+03 -9.999000e+03 -9.999000e+03 -9.999000e+03 -9.999000e+03 -9.999000e+03 -9.999000e+03 -9.999000e+03 -9.999000e+03 -9.999000e+03 -9.999000e+03 -9.999000e+03 -9.999000e+03 -9.999000e+03 -9.999000e+03 -9.999000e+03 -9.999000e+03 -9.999000e+03 1.067500e-02 1.049501e-02 1.248122e-02 1.328845e-02 1.080743e-02 1.064054e-02 1.037002e-02 1.004765e-02 9.903864e-03 9.869390e-03 1.268655e-02 1.180649e-02 1.177124e-02 9.416917e-03 9.320916e-03 1.275142e-02 1.167135e-02 1.171156e-02 1.296707e-02 1.167730e-02 1.164224e-02 1.159850e-02 1.285468e-02 1.248229e-02 1.275029e-02 1.126299e-02
-9.999000e+03 -9.999000e+03 -9.999000e+03 -9.999000e+03 -9.999000e+03 -9.999000e+03 -9.999000e+03 -9.999000e+03 -9.999000e+03 -9.999000e+03 -9.999000e+03 -9.999000e+03 -9.999000e+03 -9.999000e+03 -9.999000e+03 -9.999000e+03 -9.999000e+03 -9.999000e+03 -9.999000e+03 -9.999000e+03 -9.999000e+03 -9.999000e+03 -9.999000e+03 -9.999000e+03 -9.999000e+03 -9.999000e+03 -9.999000e+03 -9.999000e+03 1.059470e-02 1.286587e-02 1.099571e-02 1.083664e-02 1.051589e-02 1.199709e-02 1.265376e-02 1.308941e-02 1.003547e-02 9.858566e-03 9.694698e-03 1.177137e-02 1.254586e-02 9.405243e-03 9.377107e-03 1.286776e-02 9.354857e-03 9.351078e-03 9.364978e-03 1.304897e-02 1.167289e-02 1.284683e-02 9.213644e-03 8.968506e-03
-9.999000e+03 -9.999000e+03 -9.999000e+03 -9.999000e+03 -9.999000e+03 -9.999000e+03 -9.999000e+03 -9.999000e+03 -9.999000e+03 -9.999000e+03 -9.999000e+03 -9.999000e+03 -9.999000e+03 -9.999000e+03 -9.999000e+03 -9.999000e+03 -9.999000e+03 -9.999000e+03 -9.999000e+03 -9.999000e+03 -9.999000e+03 -9.999000e+03 -9.999000e+03 -9.999000e+03 -9.999000e+03 -9.999000e+03 -9.999000e+03 -9.999000e+03 -9.999000e+03 1.090200e-02 1.304906e-02 1.228141e-02 1.204484e-02 1.004304e-02 9.978747e-03 1.014081e-02 1.013042e-02 9.923767e-03 1.193155e-02 1.258982e-02 1.285661e-02 1.299449e-02 1.297056e-02 9.400254e-03 1.174185e-02 1.265605e-02 1.304245e-02 9.508989e-03 1.295529e-02 9.353797e-03 1.157912e-02 1.231599e-02
-9.999000e+03 -9.999000e+03 -9.999000e+03 -9.999000e+03 -9.999000e+03 -9.999000e+03 -9.999000e+03 -9.999000e+03 -9.999000e+03 -9.999000e+03 -9.999000e+03 -9.999000e+03 -9.999000e+03 -9.999000e+03 -9.999000e+03 -9.999000e+03 -9.999000e+03 -9.999000e+03 -9.999000e+03 -9.999000e+03 -9.999000e+03 -9.999000e+03 -9.999000e+03 -9.999000e+03 -9.999000e+03 -9.999000e+03 -9.999000e+03 -9.999000e+03 -9.999000e+03 -9.999000e+03 1.224719e-02 -9.999000e+03 -9.999000e+03 -9.999000e+03 -9.999000e+03 -9.999000e+03 -9.999000e+03 -9.999000e+03 9.778783e-03 1.196474e-02 1.274189e-02 1.304106e-02 1.298038e-02 1.283843e-02 1.289845e-02 1.301959e-02 1.317810e-02 1.335976e-02 9.580032e-03 1.160361e-02 1.239361e-02 1.274622e-02
-9.999000e+03 -9.999000e+03 -9.999000e+03 -9.999000e+03 -9.999000e+03 -9.999000e+03 -9.999000e+03 -9.999000e+03 -9.999000e+03 -9.999000e+03 -9.999000e+03 -9.999000e+03 -9.999000e+03 -9.999000e+03 -9.999000e+03 -9.999000e+03 -9.999000e+03 -9.999000e+03 -9.999000e+03 -9.999000e+03 -9.999000e+03 -9.999000e+03 -9.999000e+03 -9.999000e+03 -9.999000e+03 -9.999000e+03 -9.999000e+03 -9.999000e+03 -9.999000e+03 -9.999000e+03 -9.999000e+03 -9.999000e+03 -9.999000e+03 -9.999000e+03 -9.999000e+03 -9.999000e+03 -9.999000e+03 -9.999000e+03 -9.999000e+03 -9.999000e+03 -9.999000e+03 9.764869e-03 9.698953e-03 9.521946e-03 1.177001e-02 1.267872e-02 1.309800e-02 1.336440e-02 1.307704e-02 1.266165e-02 1.277063e-02 1.303408e-02
-9.999000e+03 -9.999000e+03 -9.999000e+03 -9.999000e+03 -9.999000e+03 -9.999000e+03 -9.999000e+03 -9.999000e+03 -9.999000e+03 -9.999000e+03 -9.999000e+03 -9.999000e+03 -9.999000e+03 -9.999000e+03 -9.999000e+03 -9.999000e+03 -9.999000e+03 -9.999000e+03 -9.999000e+03 -9.999000e+03 -9.999000e+03 -9.999000e+03 -9.999000e+03 -9.999000e+03 -9.999000e+03 -9.999000e+03 -9.999000e+03 -9.999000e+03 -9.999000e+03 -9.999000e+03 -9.999000e+03 -9.999000e+03 -9.999000e+03 -9.999000e+03 -9.999000e+03 -9.999000e+03 -9.999000e+03 -9.999000e+03 -9.999000e+03 -9.999000e+03 -9.999000e+03 -9.999000e+03 -9.999000e+03 -9.999000e+03 9.401771e-03 9.444653e-03 1.193747e-02 1.292873e-02 9.573649e-03 1.155688e-02 1.250431e-02 1.314587e-02
-9.999000e+03 -9.999000e+03 -9.999000e+03 -9.999000e+03 -9.999000e+03 -9.999000e+03 -9.999000e+03 -9.999000e+03 -9.999000e+03 -9.999000e+03 -9.999000e+03 -9.999000e+03 -9.999000e+03 -9.999000e+03 -9.999000e+03 -9.999000e+03 -9.999000e+03 -9.999000e+03 -9.999000e+03 -9.999000e+03 -9.999000e+03 -9.999000e+03 -9.999000e+03 -9.999000e+03 -9.999000e+03 -9.999000e+03 -9.999000e+03 -9.999000e+03 -9.999000e+03 -9.999000e+03 -9.999000e+03 -9.999000e+03 -9.999000e+03 -9.999000e+03 -9.999000e+03 -9.999000e+03 -9.999000e+03 -9.999000e+03 -9.999000e+03 -9.999000e+03 -9.999000e+03 -9.999000e+03 -9.999000e+03 -9.999000e+03 -9.999000e+03 -9.999000e+03 -9.999000e+03 -9.999000e+03 -9.999000e+03 -9.999000e+03 9.294803e-03 1.208046e-02
-9.999000e+03 -9.999000e+03 -9.999000e+03 -9.999000e+03 -9.999000e+03 -9.999000e+03 -9.999000e+03 -9.999000e+03 -9.999000e+03 -9.999000e+03 -9.999000e+03 -9.999000e+03 -9.999000e+03 -9.999000e+03 -9.999000e+03 -9.999000e+03 -9.999000e+03 -9.999000e+03 -9.999000e+03 -9.999000e+03 -9.999000e+03 -9.999000e+03 -9.999000e+03 -9.999000e+03 -9.999000e+03 -9.999000e+03 -9.999000e+03 -9.999000e+03 -9.999000e+03 -9.999000e+03 -9.999000e+03 -9.999000e+03 -9.999000e+03 -9.999000e+03 -9.999000e+03 -9.999000e+03 -9.999000e+03 -9.999000e+03 -9.999000e+03 -9.999000e+03 -9.999000e+03 -9.999000e+03 -9.999000e+03 -9.999000e+03 -9.999000e+03 -9.999000e+03 -9.999000e+03 -9.999000e+03 -9.999000e+03 -9.999000e+03 -9.999000e+03 9.669137e-03
-9.999000e+03 -9.999000e+03 -9.999000e+03 -9.999000e+03 -9.999000e+03 -9.999000e+03 -9.999000e+03 -9.999000e+03 -9.999000e+03 -9.999000e+03 -9.999000e+03 -9.999000e+03 -9.999000e+03 -9.999000e+03 -9.999000e+03 -9.999000e+03 -9.999000e+03 -9.999000e+03 -9.999000e+03 -9.999000e+03 -9.999000e+03 -9.999000e+03 -9.999000e+03 -9.999000e+03 -9.999000e+03 -9.999000e+03 -9.999000e+03 -9.999000e+03 -9.999000e+03 -9.999000e+03 -9.999000e+03 -9.999000e+03 -9.999000e+03 -9.999000e+03 -9.999000e+03 -9.999000e+03 -9.999000e+03 -9.999000e+03 -9.999000e+03 -9.999000e+03 -9.999000e+03 -9.999000e+03 -9.999000e+03 -9.999000e+03 -9.999000e+03 -9.999000e+03 -9.999000e+03 -9.999000e+03 -9.999000e+03 -9.999000e+03 -9.999000e+03 -9.999000e+03
-9.999000e+03 -9.999000e+03 -9.999000e+03 -9.999000e+03 -9.999000e+03 -9.999000e+03 -9.999000e+03 -9.999000e+03 -9.999000e+03 -9.999000e+03 -9.999000e+03 -9.999000e+03 -9.999000e+03 -9.999000e+03 -9.999000e+03 -9.999000e+03 -9.999000e+03 -9.999000e+03 -9.999000e+03 -9.999000e+03 -9.999000e+03 -9.999000e+03 -9.999000e+03 -9.999000e+03 -9.999000e+03 -9.999000e+03 -9.999000e+03 -9.999000e+03 -9.999000e+03 -9.999000e+03 -9.999000e+03 -9.999000e+03 -9.999000e+03 -9.999000e+03 -9.999000e+03 -9.999000e+03 -9.999000e+03 -9.999000e+03 -9.999000e+03 -9.999000e+03 -9.999000e+03 -9.999000e+03 -9.999000e+03 -9.999000e+03 -9.999000e+03 -9.999000e+03 -9.999000e+03 -9.999000e+03 -9.999000e+03 -9.999000e+03 -9.999000e+03 -9.999000e+03
