tests/data/reference/test_implicit_stream_rill_mfda/mwlevel_m.asc
ncols	123
nrows	77
xllcorner	-713746.79929998
yllcorner	-1061022.36961616
cellsize	10.0
NODATA_value	-9999
[rows 46 to 68 of 77, columns 0 to 51 of 123]
-9.999000e+03 -9.999000e+03 -9.999000e+03 -9.999000e+03 -9.999000e+03 -9.999000e+03 7.169107e-03 1.778303e-02 1.313374e-02 1.315524e-02 1.051056e-02 1.241099e-02 1.306765e-02 1.318967e-02 1.327627e-02 1.334858e-02 1.325390e-02 1.310890e-02 1.289340e-02 1.267218e-02 1.268734e-02 1.188598e-02 1.194147e-02 1.204024e-02 1.274904e-02 1.284192e-02 1.299638e-02 1.319159e-02 1.317363e-02 1.309269e-02 1.309523e-02 3.112964e-02 3.175677e-02 1.313698e-02 1.308786e-02 1.304017e-02 1.296710e-02 1.290957e-02 1.290623e-02 1.291637e-02 1.297268e-02 1.306985e-02 1.314917e-02 1.318576e-02 1.326218e-02 1.337129e-02 1.340626e-02 1.341858e-02 1.349161e-02 1.361012e-02 1.358332e-02 1.339026e-02
-9.999000e+03 -9.999000e+03 -9.999000e+03 -9.999000e+03 -9.999000e+03 -9.999000e+03 2.524048e-02 1.428454e-02 1.243007e-02 1.232921e-02 1.031815e-02 1.273696e-02 1.282240e-02 1.292627e-02 1.307682e-02 1.314820e-02 1.329404e-02 1.329301e-02 1.308497e-02 1.283475e-02 9.878065e-03 9.782771e-03 9.735114e-03 9.739102e-03 1.194203e-02 1.261106e-02 1.293887e-02 2.691614e-02 2.823927e-02 2.891394e-02 2.988336e-02 1.325857e-02 1.318176e-02 1.309397e-02 1.302671e-02 1.297121e-02 1.290170e-02 1.284160e-02 1.285178e-02 1.286928e-02 1.288561e-02 1.292196e-02 1.297084e-02 1.301906e-02 1.310452e-02 1.323328e-02 1.332408e-02 1.335884e-02 1.338414e-02 1.347316e-02 1.354987e-02 1.351009e-02
-9.999000e+03 -9.999000e+03 -9.999000e+03 -9.999000e+03 -9.999000e+03 7.795826e-03 1.421914e-02 1.600758e-02 1.041924e-02 1.037723e-02 1.212314e-02 1.253870e-02 1.262027e-02 1.288399e-02 1.269784e-02 1.296917e-02 1.318879e-02 1.331304e-02 1.314758e-02 1.291680e-02 1.585792e-02 1.810985e-02 1.998051e-02 2.226631e-02 2.330753e-02 2.444727e-02 2.576809e-02 1.333651e-02 1.334303e-02 1.326010e-02 1.324769e-02 1.326923e-02 1.318585e-02 1.308003e-02 1.300054e-02 1.294484e-02 1.287528e-02 1.279732e-02 1.280616e-02 1.284322e-02 1.285765e-02 1.286296e-02 1.286925e-02 1.288638e-02 1.294594e-02 1.305839e-02 1.318845e-02 1.328778e-02 1.330613e-02 1.333816e-02 1.344822e-02 1.349788e-02
-9.999000e+03 -9.999000e+03 -9.999000e+03 -9.999000e+03 1.086148e-02 1.453688e-02 1.292419e-02 1.489695e-02 1.054937e-02 1.064119e-02 1.226638e-02 1.269905e-02 1.330987e-02 1.208685e-02 1.268128e-02 1.290774e-02 1.309935e-02 1.324685e-02 1.308280e-02 1.286951e-02 1.286156e-02 1.292988e-02 1.306700e-02 1.296619e-02 1.316013e-02 1.328801e-02 1.331615e-02 1.336099e-02 1.341868e-02 1.340492e-02 1.337572e-02 1.339409e-02 1.337614e-02 1.331571e-02 1.323716e-02 1.315874e-02 1.305230e-02 1.290776e-02 1.284150e-02 1.284727e-02 1.288163e-02 1.289805e-02 1.286751e-02 1.283484e-02 1.284373e-02 1.290421e-02 1.302598e-02 1.317166e-02 1.322446e-02 1.322906e-02 1.326324e-02 1.339005e-02
-9.999000e+03 -9.999000e+03 -9.999000e+03 -9.999000e+03 7.674894e-03 1.322278e-02 1.220890e-02 1.251673e-02 1.241722e-02 1.080931e-02 1.279729e-02 1.613678e-02 1.043899e-02 1.209027e-02 1.260696e-02 1.282526e-02 1.301812e-02 1.319176e-02 1.305188e-02 1.282781e-02 1.276686e-02 1.313160e-02 1.263821e-02 1.285363e-02 1.301884e-02 1.317921e-02 1.323321e-02 1.327165e-02 1.336055e-02 1.341356e-02 1.338649e-02 1.337633e-02 1.338510e-02 1.338345e-02 1.335243e-02 1.329435e-02 1.320605e-02 1.306038e-02 1.292781e-02 1.287160e-02 1.292111e-02 1.297093e-02 1.292136e-02 1.285027e-02 1.281185e-02 1.281566e-02 1.290325e-02 1.305073e-02 1.312934e-02 1.291288e-02 1.300098e-02 1.314028e-02
-9.999000e+03 -9.999000e+03 -9.999000e+03 7.633053e-03 1.498706e-02 1.429741e-02 1.070554e-02 1.228659e-02 1.092416e-02 1.261771e-02 1.478858e-02 1.279401e-02 1.057965e-02 1.205339e-02 1.247601e-02 1.271678e-02 1.290275e-02 1.307969e-02 1.300180e-02 1.274434e-02 1.356785e-02 1.168970e-02 1.232217e-02 1.251107e-02 1.265622e-02 1.282865e-02 1.292525e-02 1.297408e-02 1.306672e-02 1.315165e-02 1.314334e-02 1.311464e-02 1.311006e-02 1.314102e-02 1.319152e-02 1.322620e-02 1.323901e-02 1.318706e-02 1.304032e-02 1.292208e-02 1.297773e-02 1.307878e-02 1.305321e-02 1.297625e-02 1.289475e-02 1.283044e-02 1.285158e-02 1.295194e-02 1.244582e-02 1.245255e-02 1.250039e-02 1.261024e-02
-9.999000e+03 -9.999000e+03 -9.999000e+03 8.162920e-03 1.478104e-02 1.218887e-02 1.102086e-02 1.123652e-02 1.240005e-02 1.243432e-02 1.377844e-02 1.265075e-02 1.078047e-02 1.197133e-02 1.235880e-02 1.262673e-02 1.276576e-02 1.293040e-02 1.296767e-02 1.646876e-02 9.854335e-03 1.154554e-02 1.202535e-02 1.217435e-02 1.229893e-02 1.248907e-02 1.262444e-02 1.270444e-02 1.281812e-02 1.293139e-02 1.295464e-02 1.292613e-02 1.289446e-02 1.291099e-02 1.299379e-02 1.307248e-02 1.316259e-02 1.321706e-02 1.310826e-02 1.294431e-02 1.297655e-02 1.310977e-02 1.314235e-02 1.310454e-02 1.301654e-02 1.291963e-02 1.288934e-02 1.136394e-02 1.140221e-02 1.142479e-02 1.145022e-02 2.253042e-02
-9.999000e+03 -9.999000e+03 9.618225e-03 1.009965e-02 1.238876e-02 1.213136e-02 1.146426e-02 1.161964e-02 1.149480e-02 1.169305e-02 1.342088e-02 1.274301e-02 1.109405e-02 1.197024e-02 1.232508e-02 1.249848e-02 1.250835e-02 1.260795e-02 1.510237e-02 1.286929e-02 1.021036e-02 1.162597e-02 1.187539e-02 1.195506e-02 1.204923e-02 1.216792e-02 1.233688e-02 1.249731e-02 1.264982e-02 1.281181e-02 1.289833e-02 1.289715e-02 1.281931e-02 1.278523e-02 1.280836e-02 1.286558e-02 1.295621e-02 1.306695e-02 1.304361e-02 1.291314e-02 1.290918e-02 1.301848e-02 1.310665e-02 1.314795e-02 1.311691e-02 1.304851e-02 9.052462e-03 8.996984e-03 8.988606e-03 9.022489e-03 2.360558e-02 1.314865e-02
-9.999000e+03 -9.999000e+03 4.133483e-02 1.288553e-02 1.104256e-02 1.143429e-02 1.177385e-02 1.145299e-02 1.298285e-02 1.401549e-02 1.162847e-02 1.273280e-02 1.137968e-02 1.211321e-02 1.217513e-02 1.222912e-02 1.210896e-02 1.209475e-02 1.238909e-02 1.389314e-02 1.068046e-02 1.156260e-02 1.158963e-02 1.185189e-02 1.181984e-02 1.186298e-02 1.209395e-02 1.227632e-02 1.244833e-02 1.262882e-02 1.276066e-02 1.280784e-02 1.279424e-02 1.268085e-02 1.269958e-02 1.273805e-02 1.281933e-02 1.292403e-02 1.293372e-02 1.287421e-02 1.288151e-02 1.296312e-02 1.304607e-02 1.311616e-02 1.309724e-02 1.304985e-02 1.302332e-02 1.300908e-02 2.236703e-02 2.489449e-02 1.317394e-02 1.315733e-02
-9.999000e+03 1.020203e-02 4.274200e-02 1.386797e-02 1.116351e-02 1.203880e-02 1.135826e-02 1.136561e-02 -9.999000e+03 -9.999000e+03 -9.999000e+03 1.165073e-02 1.151082e-02 1.104607e-02 1.084961e-02 1.083858e-02 1.074789e-02 1.059290e-02 1.075389e-02 1.133552e-02 1.147471e-02 1.096616e-02 1.170487e-02 1.171867e-02 1.171763e-02 1.192552e-02 1.199297e-02 1.207479e-02 1.219698e-02 1.232814e-02 1.244067e-02 1.277917e-02 1.267619e-02 1.264905e-02 1.266186e-02 1.271909e-02 1.280645e-02 1.288336e-02 1.284085e-02 1.279618e-02 1.289165e-02 1.297239e-02 1.303064e-02 1.303556e-02 1.300223e-02 1.300013e-02 1.686745e-02 1.976794e-02 1.312392e-02 1.319100e-02 1.315078e-02 1.310770e-02
-9.999000e+03 1.412188e-02 1.454830e-02 1.117437e-02 1.153376e-02 1.148936e-02 -9.999000e+03 -9.999000e+03 -9.999000e+03 -9.999000e+03 -9.999000e+03 -9.999000e+03 1.139588e-02 1.113671e-02 1.258140e-02 1.293253e-02 1.083906e-02 1.243612e-02 1.315878e-02 1.391544e-02 1.168052e-02 1.163676e-02 1.125744e-02 1.084706e-02 1.194332e-02 1.188936e-02 1.174341e-02 1.166820e-02 1.168760e-02 1.170238e-02 1.253653e-02 1.242803e-02 1.260885e-02 1.251516e-02 1.256505e-02 1.263840e-02 1.272907e-02 1.280262e-02 1.271677e-02 1.272967e-02 1.280514e-02 1.293711e-02 1.288022e-02 1.288628e-02 1.299645e-02 1.287692e-02 1.290178e-02 1.301786e-02 1.303354e-02 1.310756e-02 1.303105e-02 1.300862e-02
7.585068e-03 2.111731e-02 1.230285e-02 1.151006e-02 1.211163e-02 1.113980e-02 -9.999000e+03 -9.999000e+03 -9.999000e+03 -9.999000e+03 -9.999000e+03 -9.999000e+03 -9.999000e+03 -9.999000e+03 -9.999000e+03 1.079103e-02 1.272946e-02 1.065585e-02 1.078846e-02 1.099369e-02 1.388348e-02 -9.999000e+03 -9.999000e+03 1.125851e-02 1.083702e-02 1.059686e-02 1.034763e-02 1.011136e-02 9.995735e-03 1.262242e-02 1.178470e-02 1.242776e-02 1.226453e-02 1.223248e-02 1.231668e-02 1.238961e-02 1.243565e-02 1.250261e-02 1.273473e-02 1.254027e-02 1.264351e-02 1.248422e-02 1.250966e-02 1.299345e-02 1.277384e-02 1.267207e-02 1.282044e-02 1.268843e-02 1.275359e-02 1.282130e-02 1.287999e-02 1.270130e-02
8.863918e-03 1.158731e-02 1.168525e-02 1.169093e-02 1.110559e-02 -9.999000e+03 -9.999000e+03 -9.999000e+03 -9.999000e+03 -9.999000e+03 -9.999000e+03 -9.999000e+03 -9.999000e+03 -9.999000e+03 -9.999000e+03 -9.999000e+03 -9.999000e+03 -9.999000e+03 -9.999000e+03 -9.999000e+03 -9.999000e+03 -9.999000e+03 -9.999000e+03 1.136463e-02 1.093870e-02 1.078464e-02 1.232048e-02 1.261261e-02 1.290013e-02 1.032525e-02 1.259611e-02 1.182997e-02 1.176761e-02 1.169381e-02 1.174285e-02 1.174191e-02 1.170099e-02 1.271359e-02 1.238298e-02 1.226407e-02 1.150083e-02 1.155759e-02 1.290908e-02 1.251081e-02 1.246004e-02 1.283794e-02 1.230677e-02 1.227967e-02 1.230838e-02 1.288288e-02 1.258152e-02 1.255491e-02
-9.999000e+03 1.102243e-02 1.113747e-02 1.079258e-02 -9.999000e+03 -9.999000e+03 -9.999000e+03 -9.999000e+03 -9.999000e+03 -9.999000e+03 -9.999000e+03 -9.999000e+03 -9.999000e+03 -9.999000e+03 -9.999000e+03 -9.999000e+03 -9.999000e+03 -9.999000e+03 -9.999000e+03 -9.999000e+03 -9.999000e+03 -9.999000e+03 -9.999000e+03 -9.999000e+03 -9.999000e+03 -9.999000e+03 1.059328e-02 1.041035e-02 1.242270e-02 1.327979e-02 1.072819e-02 1.055822e-02 1.028359e-02 9.957635e-03 9.812692e-03 9.777978e-03 1.268102e-02 1.172411e-02 1.168451e-02 9.323672e-03 9.227578e-03 1.271999e-02 1.157368e-02 1.161357e-02 1.296966e-02 1.157857e-02 1.154319e-02 1.149947e-02 1.285626e-02 1.241617e-02 1.274982e-02 1.115946e-02
-9.999000e+03 -9.999000e+03 -9.999000e+03 -9.999000e+03 -9.999000e+03 -9.999000e+03 -9.999000e+03 -9.999000e+03 -9.999000e+03 -9.999000e+03 -9.999000e+03 -9.999000e+03 -9.999000e+03 -9.999000e+03 -9.999000e+03 -9.999000e+03 -9.999000e+03 -9.999000e+03 -9.999000e+03 -9.999000e+03 -9.999000e+03 -9.999000e+03 -9.999000e+03 -9.999000e+03 -9.999000e+03 -9.999000e+03 -9.999000e+03 -9.999000e+03 1.051161e-02 1.282108e-02 1.092045e-02 1.075798e-02 1.043155e-02 1.192837e-02 1.261417e-02 1.307878e-02 9.945347e-03 9.767082e-03 9.602296e-03 1.168099e-02 1.248621e-02 9.311981e-03 9.283812e-03 1.286980e-02 9.261540e-03 9.257759e-03 9.271670e-03 1.304516e-02 1.157750e-02 1.285402e-02 9.120320e-03 8.875651e-03
-9.999000e+03 -9.999000e+03 -9.999000e+03 -9.999000e+03 -9.999000e+03 -9.999000e+03 -9.999000e+03 -9.999000e+03 -9.999000e+03 -9.999000e+03 -9.999000e+03 -9.999000e+03 -9.999000e+03 -9.999000e+03 -9.999000e+03 -9.999000e+03 -9.999000e+03 -9.999000e+03 -9.999000e+03 -9.999000e+03 -9.999000e+03 -9.999000e+03 -9.999000e+03 -9.999000e+03 -9.999000e+03 -9.999000e+03 -9.999000e+03 -9.999000e+03 -9.999000e+03 1.082469e-02 1.304305e-02 1.222970e-02 1.198395e-02 9.952982e-03 9.888146e-03 1.005169e-02 1.004120e-02 9.832740e-03 1.184831e-02 1.253860e-02 1.283275e-02 1.298821e-02 1.297227e-02 9.306986e-03 1.164461e-02 1.259210e-02 1.301563e-02 9.415927e-03 1.297124e-02 9.260480e-03 1.147973e-02 1.224306e-02
-9.999000e+03 -9.999000e+03 -9.999000e+03 -9.999000e+03 -9.999000e+03 -9.999000e+03 -9.999000e+03 -9.999000e+03 -9.999000e+03 -9.999000e+03 -9.999000e+03 -9.999000e+03 -9.999000e+03 -9.999000e+03 -9.999000e+03 -9.999000e+03 -9.999000e+03 -9.999000e+03 -9.999000e+03 -9.999000e+03 -9.999000e+03 -9.999000e+03 -9.999000e+03 -9.999000e+03 -9.999000e+03 -9.999000e+03 -9.999000e+03 -9.999000e+03 -9.999000e+03 -9.999000e+03 1.219253e-02 -9.999000e+03 -9.999000e+03 -9.999000e+03 -9.999000e+03 -9.999000e+03 -9.999000e+03 -9.999000e+03 9.686812e-03 1.187853e-02 1.269197e-02 1.302427e-02 1.297965e-02 1.283934e-02 1.289886e-02 1.302273e-02 1.318780e-02 1.337936e-02 9.487175e-03 1.150922e-02 1.232591e-02 1.270730e-02
-9.999000e+03 -9.999000e+03 -9.999000e+03 -9.999000e+03 -9.999000e+03 -9.999000e+03 -9.999000e+03 -9.999000e+03 -9.999000e+03 -9.999000e+03 -9.999000e+03 -9.999000e+03 -9.999000e+03 -9.999000e+03 -9.999000e+03 -9.999000e+03 -9.999000e+03 -9.999000e+03 -9.999000e+03 -9.999000e+03 -9.999000e+03 -9.999000e+03 -9.999000e+03 -9.999000e+03 -9.999000e+03 -9.999000e+03 -9.999000e+03 -9.999000e+03 -9.999000e+03 -9.999000e+03 -9.999000e+03 -9.999000e+03 -9.999000e+03 -9.999000e+03 -9.999000e+03 -9.999000e+03 -9.999000e+03 -9.999000e+03 -9.999000e+03 -9.999000e+03 -9.999000e+03 9.672821e-03 9.606570e-03 9.428916e-03 1.167573e-02 1.261809e-02 1.307485e-02 1.337099e-02 1.309196e-02 1.266610e-02 1.276731e-02 1.303320e-02
-9.999000e+03 -9.999000e+03 -9.999000e+03 -9.999000e+03 -9.999000e+03 -9.999000e+03 -9.999000e+03 -9.999000e+03 -9.999000e+03 -9.999000e+03 -9.999000e+03 -9.999000e+03 -9.999000e+03 -9.999000e+03 -9.999000e+03 -9.999000e+03 -9.999000e+03 -9.999000e+03 -9.999000e+03 -9.999000e+03 -9.999000e+03 -9.999000e+03 -9.999000e+03 -9.999000e+03 -9.999000e+03 -9.999000e+03 -9.999000e+03 -9.999000e+03 -9.999000e+03 -9.999000e+03 -9.999000e+03 -9.999000e+03 -9.999000e+03 -9.999000e+03 -9.999000e+03 -9.999000e+03 -9.999000e+03 -9.999000e+03 -9.999000e+03 -9.999000e+03 -9.999000e+03 -9.999000e+03 -9.999000e+03 -9.999000e+03 9.308505e-03 9.351452e-03 1.184301e-02 1.287541e-02 9.480771e-03 1.146200e-02 1.243678e-02 1.311590e-02
-9.999000e+03 -9.999000e+03 -9.999000e+03 -9.999000e+03 -9.999000e+03 -9.999000e+03 -9.999000e+03 -9.999000e+03 -9.999000e+03 -9.999000e+03 -9.999000e+03 -9.999000e+03 -9.999000e+03 -9.999000e+03 -9.999000e+03 -9.999000e+03 -9.999000e+03 -9.999000e+03 -9.999000e+03 -9.999000e+03 -9.999000e+03 -9.999000e+03 -9.999000e+03 -9.999000e+03 -9.999000e+03 -9.999000e+03 -9.999000e+03 -9.999000e+03 -9.999000e+03 -9.999000e+03 -9.999000e+03 -9.999000e+03 -9.999000e+03 -9.999000e+03 -9.999000e+03 -9.999000e+03 -9.999000e+03 -9.999000e+03 -9.999000e+03 -9.999000e+03 -9.999000e+03 -9.999000e+03 -9.999000e+03 -9.999000e+03 -9.999000e+03 -9.999000e+03 -9.999000e+03 -9.999000e+03 -9.999000e+03 -9.999000e+03 9.201457e-03 1.198385e-02
-9.999000e+03 -9.999000e+03 -9.999000e+03 -9.999000e+03 -9.999000e+03 -9.999000e+03 -9.999000e+03 -9.999000e+03 -9.999000e+03 -9.999000e+03 -9.999000e+03 -9.999000e+03 -9.999000e+03 -9.999000e+03 -9.999000e+03 -9.999000e+03 -9.999000e+03 -9.999000e+03 -9.999000e+03 -9.999000e+03 -9.999000e+03 -9.999000e+03 -9.999000e+03 -9.999000e+03 -9.999000e+03 -9.999000e+03 -9.999000e+03 -9.999000e+03 -9.999000e+03 -9.999000e+03 -9.999000e+03 -9.999000e+03 -9.999000e+03 -9.999000e+03 -9.999000e+03 -9.999000e+03 -9.999000e+03 -9.999000e+03 -9.999000e+03 -9.999000e+03 -9.999000e+03 -9.999000e+03 -9.999000e+03 -9.999000e+03 -9.999000e+03 -9.999000e+03 -9.999000e+03 -9.999000e+03 -9.999000e+03 -9.999000e+03 -9.999000e+03 9.576620e-03
-9.999000e+03 -9.999000e+03 -9.999000e+03 -9.999000e+03 -9.999000e+03 -9.999000e+03 -9.999000e+03 -9.999000e+03 -9.999000e+03 -9.999000e+03 -9.999000e+03 -9.999000e+03 -9.999000e+03 -9.999000e+03 -9.999000e+03 -9.999000e+03 -9.999000e+03 -9.999000e+03 -9.999000e+03 -9.999000e+03 -9.999000e+03 -9.999000e+03 -9.999000e+03 -9.999000e+03 -9.999000e+03 -9.999000e+03 -9.999000e+03 -9.999000e+03 -9.999000e+03 -9.999000e+03 -9.999000e+03 -9.999000e+03 -9.999000e+03 -9.999000e+03 -9.999000e+03 -9.999000e+03 -9.999000e+03 -9.999000e+03 -9.999000e+03 -9.999000e+03 -9.999000e+03 -9.999000e+03 -9.999000e+03 -9.999000e+03 -9.999000e+03 -9.999000e+03 -9.999000e+03 -9.999000e+03 -9.999000e+03 -9.999000e+03 -9.999000e+03 -9.999000e+03
-9.999000e+03 -9.999000e+03 -9.999000e+03 -9.999000e+03 -9.999000e+03 -9.999000e+03 -9.999000e+03 -9.999000e+03 -9.999000e+03 -9.999000e+03 -9.999000e+03 -9.999000e+03 -9.999000e+03 -9.999000e+03 -9.999000e+03 -9.999000e+03 -9.999000e+03 -9.999000e+03 -9.999000e+03 -9.999000e+03 -9.999000e+03 -9.999000e+03 -9.999000e+03 -9.999000e+03 -9.999000e+03 -9.999000e+03 -9.999000e+03 -9.999000e+03 -9.999000e+03 -9.999000e+03 -9.999000e+03 -9.999000e+03 -9.999000e+03 -9.999000e+03 -9.999000e+03 -9.999000e+03 -9.999000e+03 -9.999000e+03 -9.999000e+03 -9.999000e+03 -9.999000e+03 -9.999000e+03 -9.999000e+03 -9.999000e+03 -9.999000e+03 -9.999000e+03 -9.999000e+03 -9.999000e+03 -9.999000e+03 -9.999000e+03 -9.999000e+03 -9.999000e+03
