tests/data/reference/test_implicit_stream_rill_mfda/mwlevel_m.asc
ncols	123
nrows	77
xllcorner	-713746.79929998
yllcorner	-1061022.36961616
cellsize	10.0
NODATA_value	-9999
[rows 46 to 68 of 77, columns 0 to 51 of 123]
-9.999000e+03 -9.999000e+03 -9.999000e+03 -9.999000e+03 -9.999000e+03 -9.999000e+03 7.181448e-03 1.768850e-02 1.313027e-02 1.315265e-02 1.052003e-02 1.241770e-02 1.306040e-02 1.317888e-02 1.326328e-02 1.333170e-02 1.324081e-02 1.309406e-02 1.287900e-02 1.265974e-02 1.267633e-02 1.189615e-02 1.195188e-02 1.205067e-02 1.275456e-02 1.283976e-02 1.298831e-02 1.317937e-02 1.315905e-02 1.307741e-02 1.307997e-02 3.086899e-02 3.147773e-02 1.311984e-02 1.307181e-02 1.302522e-02 1.295326e-02 1.289672e-02 1.289413e-02 1.290478e-02 1.296113e-02 1.305794e-02 1.313684e-02 1.317306e-02 1.324885e-02 1.335703e-02 1.339105e-02 1.340234e-02 1.347395e-02 1.359064e-02 1.356278e-02 1.336998e-02
-9.999000e+03 -9.999000e+03 -9.999000e+03 -9.999000e+03 -9.999000e+03 -9.999000e+03 2.515302e-02 1.425832e-02 1.243612e-02 1.233593e-02 1.032804e-02 1.273694e-02 1.281691e-02 1.291707e-02 1.305976e-02 1.314155e-02 1.328166e-02 1.327763e-02 1.306942e-02 1.282121e-02 9.888519e-03 9.793285e-03 9.745651e-03 9.749638e-03 1.195260e-02 1.261753e-02 1.293764e-02 2.673407e-02 2.803509e-02 2.870158e-02 2.964827e-02 1.324013e-02 1.316363e-02 1.307672e-02 1.301048e-02 1.295593e-02 1.288738e-02 1.282826e-02 1.283923e-02 1.285734e-02 1.287402e-02 1.291046e-02 1.295922e-02 1.300715e-02 1.309216e-02 1.322029e-02 1.331036e-02 1.334426e-02 1.336842e-02 1.345589e-02 1.353118e-02 1.349060e-02
-9.999000e+03 -9.999000e+03 -9.999000e+03 -9.999000e+03 -9.999000e+03 7.804151e-03 1.419139e-02 1.598942e-02 1.042892e-02 1.038700e-02 1.212927e-02 1.253813e-02 1.261244e-02 1.286077e-02 1.269928e-02 1.296330e-02 1.317769e-02 1.329853e-02 1.313238e-02 1.290338e-02 1.583457e-02 1.807927e-02 1.991867e-02 2.216193e-02 2.317130e-02 2.430198e-02 2.561012e-02 1.332061e-02 1.332614e-02 1.324288e-02 1.323000e-02 1.325099e-02 1.316782e-02 1.306269e-02 1.298395e-02 1.292898e-02 1.286028e-02 1.278336e-02 1.279302e-02 1.283069e-02 1.284560e-02 1.285126e-02 1.285758e-02 1.287454e-02 1.293392e-02 1.304612e-02 1.317570e-02 1.327429e-02 1.329174e-02 1.332266e-02 1.343143e-02 1.348614e-02
-9.999000e+03 -9.999000e+03 -9.999000e+03 -9.999000e+03 1.085155e-02 1.448231e-02 1.292215e-02 1.488219e-02 1.055873e-02 1.065030e-02 1.227096e-02 1.269073e-02 1.327560e-02 1.209413e-02 1.268207e-02 1.290231e-02 1.308972e-02 1.323383e-02 1.306893e-02 1.285716e-02 1.285056e-02 1.291967e-02 1.304485e-02 1.296568e-02 1.315411e-02 1.327866e-02 1.330488e-02 1.334823e-02 1.340448e-02 1.338977e-02 1.335970e-02 1.337720e-02 1.335896e-02 1.329874e-02 1.322063e-02 1.314274e-02 1.303700e-02 1.289336e-02 1.282789e-02 1.283418e-02 1.286903e-02 1.288582e-02 1.285534e-02 1.282259e-02 1.283151e-02 1.289202e-02 1.301360e-02 1.315876e-02 1.321087e-02 1.321478e-02 1.326061e-02 1.338639e-02
-9.999000e+03 -9.999000e+03 -9.999000e+03 -9.999000e+03 7.680634e-03 1.320692e-02 1.221432e-02 1.251456e-02 1.242030e-02 1.081785e-02 1.278965e-02 1.610795e-02 1.044863e-02 1.209684e-02 1.260742e-02 1.282070e-02 1.300981e-02 1.318004e-02 1.303951e-02 1.281687e-02 1.275750e-02 1.310082e-02 1.264525e-02 1.285466e-02 1.301558e-02 1.317369e-02 1.322630e-02 1.326309e-02 1.335066e-02 1.340227e-02 1.337377e-02 1.336260e-02 1.337076e-02 1.336886e-02 1.333784e-02 1.327987e-02 1.319149e-02 1.304629e-02 1.291412e-02 1.285839e-02 1.290832e-02 1.295834e-02 1.290872e-02 1.283753e-02 1.279918e-02 1.280312e-02 1.289074e-02 1.303793e-02 1.311612e-02 1.291971e-02 1.300765e-02 1.314627e-02
-9.999000e+03 -9.999000e+03 -9.999000e+03 7.642462e-03 1.491495e-02 1.428946e-02 1.071445e-02 1.228865e-02 1.093226e-02 1.261307e-02 1.476535e-02 1.278529e-02 1.058893e-02 1.205909e-02 1.247636e-02 1.271296e-02 1.289543e-02 1.307009e-02 1.299182e-02 1.273566e-02 1.354540e-02 1.170019e-02 1.232891e-02 1.251280e-02 1.265558e-02 1.282712e-02 1.292189e-02 1.296984e-02 1.306125e-02 1.314404e-02 1.313417e-02 1.310434e-02 1.309901e-02 1.312956e-02 1.317988e-02 1.321369e-02 1.322638e-02 1.317395e-02 1.302723e-02 1.290937e-02 1.296526e-02 1.306619e-02 1.304035e-02 1.296316e-02 1.288147e-02 1.281734e-02 1.283863e-02 1.293907e-02 1.245859e-02 1.246547e-02 1.251326e-02 1.262279e-02
-9.999000e+03 -9.999000e+03 -9.999000e+03 8.168705e-03 1.476278e-02 1.219036e-02 1.102852e-02 1.124308e-02 1.239921e-02 1.243389e-02 1.376177e-02 1.264294e-02 1.078911e-02 1.197584e-02 1.235886e-02 1.262293e-02 1.276070e-02 1.292448e-02 1.296143e-02 1.645299e-02 9.864806e-03 1.155504e-02 1.203056e-02 1.217652e-02 1.230110e-02 1.248913e-02 1.262407e-02 1.270343e-02 1.281475e-02 1.292632e-02 1.294810e-02 1.291842e-02 1.288610e-02 1.290247e-02 1.298351e-02 1.306273e-02 1.315191e-02 1.320565e-02 1.309635e-02 1.293259e-02 1.296497e-02 1.309793e-02 1.313003e-02 1.309125e-02 1.300290e-02 1.290597e-02 1.287638e-02 1.137600e-02 1.141432e-02 1.143692e-02 1.146235e-02 2.231547e-02
-9.999000e+03 -9.999000e+03 9.595942e-03 1.009810e-02 1.238902e-02 1.213185e-02 1.146940e-02 1.162365e-02 1.149974e-02 1.169649e-02 1.340655e-02 1.273540e-02 1.110137e-02 1.197343e-02 1.232423e-02 1.249772e-02 1.250800e-02 1.260781e-02 1.509371e-02 1.286037e-02 1.022043e-02 1.163353e-02 1.187913e-02 1.195969e-02 1.205124e-02 1.217007e-02 1.233906e-02 1.249675e-02 1.264823e-02 1.280922e-02 1.289462e-02 1.289254e-02 1.281441e-02 1.277628e-02 1.280116e-02 1.285728e-02 1.294778e-02 1.305742e-02 1.303318e-02 1.290272e-02 1.289907e-02 1.300827e-02 1.309473e-02 1.313524e-02 1.310336e-02 1.303601e-02 9.062957e-03 9.007456e-03 8.999074e-03 9.032972e-03 2.343567e-02 1.313379e-02
-9.999000e+03 -9.999000e+03 3.972619e-02 1.287387e-02 1.105013e-02 1.143964e-02 1.177660e-02 1.145821e-02 1.297764e-02 1.398941e-02 1.163241e-02 1.272879e-02 1.138538e-02 1.211497e-02 1.217887e-02 1.223366e-02 1.211412e-02 1.210044e-02 1.239431e-02 1.389151e-02 1.068944e-02 1.156733e-02 1.159615e-02 1.185483e-02 1.182355e-02 1.186767e-02 1.209518e-02 1.227749e-02 1.244972e-02 1.263013e-02 1.276159e-02 1.280839e-02 1.278597e-02 1.267632e-02 1.269249e-02 1.273199e-02 1.281275e-02 1.291640e-02 1.292531e-02 1.286595e-02 1.287376e-02 1.295285e-02 1.303585e-02 1.310472e-02 1.308774e-02 1.304064e-02 1.301129e-02 1.299598e-02 2.234652e-02 2.481113e-02 1.316139e-02 1.314452e-02
-9.999000e+03 1.015308e-02 4.834284e-02 1.385407e-02 1.117047e-02 1.203904e-02 1.136410e-02 1.137141e-02 -9.999000e+03 -9.999000e+03 -9.999000e+03 1.165450e-02 1.151565e-02 1.105362e-02 1.085800e-02 1.084701e-02 1.075665e-02 1.060215e-02 1.076263e-02 1.134150e-02 1.147979e-02 1.097407e-02 1.170842e-02 1.172357e-02 1.172424e-02 1.192791e-02 1.199658e-02 1.207966e-02 1.220288e-02 1.233469e-02 1.244743e-02 1.277149e-02 1.267565e-02 1.264258e-02 1.265819e-02 1.271553e-02 1.280249e-02 1.287881e-02 1.283622e-02 1.279204e-02 1.288235e-02 1.296523e-02 1.302283e-02 1.303197e-02 1.299867e-02 1.298780e-02 1.685028e-02 1.975171e-02 1.311154e-02 1.318284e-02 1.314228e-02 1.309934e-02
-9.999000e+03 1.408603e-02 1.453087e-02 1.118128e-02 1.153842e-02 1.149433e-02 -9.999000e+03 -9.999000e+03 -9.999000e+03 -9.999000e+03 -9.999000e+03 -9.999000e+03 1.140148e-02 1.114382e-02 1.258205e-02 1.292577e-02 1.084749e-02 1.243961e-02 1.315256e-02 1.389368e-02 1.168405e-02 1.164064e-02 1.126389e-02 1.085545e-02 1.194720e-02 1.189543e-02 1.175101e-02 1.167698e-02 1.169724e-02 1.171239e-02 1.252916e-02 1.243282e-02 1.260241e-02 1.251474e-02 1.256532e-02 1.263918e-02 1.273010e-02 1.280375e-02 1.271824e-02 1.272102e-02 1.280195e-02 1.293416e-02 1.288463e-02 1.289070e-02 1.298542e-02 1.287401e-02 1.289946e-02 1.300640e-02 1.303181e-02 1.310561e-02 1.302904e-02 1.299690e-02
7.594792e-03 2.106793e-02 1.230245e-02 1.151489e-02 1.211110e-02 1.114689e-02 -9.999000e+03 -9.999000e+03 -9.999000e+03 -9.999000e+03 -9.999000e+03 -9.999000e+03 -9.999000e+03 -9.999000e+03 -9.999000e+03 1.079964e-02 1.272069e-02 1.066491e-02 1.079708e-02 1.100148e-02 1.386258e-02 -9.999000e+03 -9.999000e+03 1.126495e-02 1.084545e-02 1.060610e-02 1.035746e-02 1.012158e-02 1.000609e-02 1.261455e-02 1.179333e-02 1.242069e-02 1.226791e-02 1.223694e-02 1.232242e-02 1.239650e-02 1.244318e-02 1.251034e-02 1.272591e-02 1.254209e-02 1.264649e-02 1.249518e-02 1.252088e-02 1.298500e-02 1.277804e-02 1.267668e-02 1.280934e-02 1.269397e-02 1.275932e-02 1.282694e-02 1.286865e-02 1.270001e-02
8.864476e-03 1.159157e-02 1.168874e-02 1.169438e-02 1.111285e-02 -9.999000e+03 -9.999000e+03 -9.999000e+03 -9.999000e+03 -9.999000e+03 -9.999000e+03 -9.999000e+03 -9.999000e+03 -9.999000e+03 -9.999000e+03 -9.999000e+03 -9.999000e+03 -9.999000e+03 -9.999000e+03 -9.999000e+03 -9.999000e+03 -9.999000e+03 -9.999000e+03 1.137043e-02 1.094673e-02 1.079327e-02 1.232493e-02 1.261139e-02 1.289352e-02 1.033512e-02 1.258808e-02 1.183674e-02 1.177531e-02 1.170280e-02 1.175294e-02 1.175248e-02 1.171171e-02 1.270460e-02 1.239004e-02 1.227242e-02 1.151265e-02 1.156956e-02 1.290511e-02 1.252153e-02 1.247082e-02 1.282645e-02 1.231797e-02 1.229103e-02 1.231979e-02 1.287155e-02 1.258611e-02 1.254511e-02
-9.999000e+03 1.103009e-02 1.114457e-02 1.080119e-02 -9.999000e+03 -9.999000e+03 -9.999000e+03 -9.999000e+03 -9.999000e+03 -9.999000e+03 -9.999000e+03 -9.999000e+03 -9.999000e+03 -9.999000e+03 -9.999000e+03 -9.999000e+03 -9.999000e+03 -9.999000e+03 -9.999000e+03 -9.999000e+03 -9.999000e+03 -9.999000e+03 -9.999000e+03 -9.999000e+03 -9.999000e+03 -9.999000e+03 1.060253e-02 1.042005e-02 1.242883e-02 1.327532e-02 1.073702e-02 1.056756e-02 1.029354e-02 9.968024e-03 9.823189e-03 9.788495e-03 1.267297e-02 1.173427e-02 1.169528e-02 9.334249e-03 9.238134e-03 1.272242e-02 1.158553e-02 1.162546e-02 1.295772e-02 1.159049e-02 1.155512e-02 1.151137e-02 1.284642e-02 1.242647e-02 1.273770e-02 1.117132e-02
-9.999000e+03 -9.999000e+03 -9.999000e+03 -9.999000e+03 -9.999000e+03 -9.999000e+03 -9.999000e+03 -9.999000e+03 -9.999000e+03 -9.999000e+03 -9.999000e+03 -9.999000e+03 -9.999000e+03 -9.999000e+03 -9.999000e+03 -9.999000e+03 -9.999000e+03 -9.999000e+03 -9.999000e+03 -9.999000e+03 -9.999000e+03 -9.999000e+03 -9.999000e+03 -9.999000e+03 -9.999000e+03 -9.999000e+03 -9.999000e+03 -9.999000e+03 1.052107e-02 1.282442e-02 1.092856e-02 1.076671e-02 1.044120e-02 1.193618e-02 1.261697e-02 1.307404e-02 9.955747e-03 9.777604e-03 9.612874e-03 1.169220e-02 1.249501e-02 9.322556e-03 9.294381e-03 1.285846e-02 9.272105e-03 9.268322e-03 9.282237e-03 1.303954e-02 1.158917e-02 1.283973e-02 9.130841e-03 8.886068e-03
-9.999000e+03 -9.999000e+03 -9.999000e+03 -9.999000e+03 -9.999000e+03 -9.999000e+03 -9.999000e+03 -9.999000e+03 -9.999000e+03 -9.999000e+03 -9.999000e+03 -9.999000e+03 -9.999000e+03 -9.999000e+03 -9.999000e+03 -9.999000e+03 -9.999000e+03 -9.999000e+03 -9.999000e+03 -9.999000e+03 -9.999000e+03 -9.999000e+03 -9.999000e+03 -9.999000e+03 -9.999000e+03 -9.999000e+03 -9.999000e+03 -9.999000e+03 -9.999000e+03 1.083318e-02 1.303679e-02 1.223384e-02 1.199004e-02 9.963376e-03 9.898593e-03 1.006199e-02 1.005150e-02 9.843225e-03 1.185868e-02 1.254525e-02 1.283252e-02 1.298176e-02 1.296215e-02 9.317560e-03 1.165647e-02 1.260245e-02 1.301824e-02 9.426516e-03 1.295558e-02 9.271044e-03 1.149164e-02 1.225464e-02
-9.999000e+03 -9.999000e+03 -9.999000e+03 -9.999000e+03 -9.999000e+03 -9.999000e+03 -9.999000e+03 -9.999000e+03 -9.999000e+03 -9.999000e+03 -9.999000e+03 -9.999000e+03 -9.999000e+03 -9.999000e+03 -9.999000e+03 -9.999000e+03 -9.999000e+03 -9.999000e+03 -9.999000e+03 -9.999000e+03 -9.999000e+03 -9.999000e+03 -9.999000e+03 -9.999000e+03 -9.999000e+03 -9.999000e+03 -9.999000e+03 -9.999000e+03 -9.999000e+03 -9.999000e+03 1.219738e-02 -9.999000e+03 -9.999000e+03 -9.999000e+03 -9.999000e+03 -9.999000e+03 -9.999000e+03 -9.999000e+03 9.697367e-03 1.188934e-02 1.269884e-02 1.302280e-02 1.297159e-02 1.282874e-02 1.288753e-02 1.301083e-02 1.317444e-02 1.336340e-02 9.497766e-03 1.152075e-02 1.233622e-02 1.271204e-02
-9.999000e+03 -9.999000e+03 -9.999000e+03 -9.999000e+03 -9.999000e+03 -9.999000e+03 -9.999000e+03 -9.999000e+03 -9.999000e+03 -9.999000e+03 -9.999000e+03 -9.999000e+03 -9.999000e+03 -9.999000e+03 -9.999000e+03 -9.999000e+03 -9.999000e+03 -9.999000e+03 -9.999000e+03 -9.999000e+03 -9.999000e+03 -9.999000e+03 -9.999000e+03 -9.999000e+03 -9.999000e+03 -9.999000e+03 -9.999000e+03 -9.999000e+03 -9.999000e+03 -9.999000e+03 -9.999000e+03 -9.999000e+03 -9.999000e+03 -9.999000e+03 -9.999000e+03 -9.999000e+03 -9.999000e+03 -9.999000e+03 -9.999000e+03 -9.999000e+03 -9.999000e+03 9.683381e-03 9.617148e-03 9.439507e-03 1.168735e-02 1.262759e-02 1.307623e-02 1.336259e-02 1.307846e-02 1.265317e-02 1.275577e-02 1.302203e-02
-9.999000e+03 -9.999000e+03 -9.999000e+03 -9.999000e+03 -9.999000e+03 -9.999000e+03 -9.999000e+03 -9.999000e+03 -9.999000e+03 -9.999000e+03 -9.999000e+03 -9.999000e+03 -9.999000e+03 -9.999000e+03 -9.999000e+03 -9.999000e+03 -9.999000e+03 -9.999000e+03 -9.999000e+03 -9.999000e+03 -9.999000e+03 -9.999000e+03 -9.999000e+03 -9.999000e+03 -9.999000e+03 -9.999000e+03 -9.999000e+03 -9.999000e+03 -9.999000e+03 -9.999000e+03 -9.999000e+03 -9.999000e+03 -9.999000e+03 -9.999000e+03 -9.999000e+03 -9.999000e+03 -9.999000e+03 -9.999000e+03 -9.999000e+03 -9.999000e+03 -9.999000e+03 -9.999000e+03 -9.999000e+03 -9.999000e+03 9.319079e-03 9.362034e-03 1.185474e-02 1.288398e-02 9.491362e-03 1.147355e-02 1.244715e-02 1.311925e-02
-9.999000e+03 -9.999000e+03 -9.999000e+03 -9.999000e+03 -9.999000e+03 -9.999000e+03 -9.999000e+03 -9.999000e+03 -9.999000e+03 -9.999000e+03 -9.999000e+03 -9.999000e+03 -9.999000e+03 -9.999000e+03 -9.999000e+03 -9.999000e+03 -9.999000e+03 -9.999000e+03 -9.999000e+03 -9.999000e+03 -9.999000e+03 -9.999000e+03 -9.999000e+03 -9.999000e+03 -9.999000e+03 -9.999000e+03 -9.999000e+03 -9.999000e+03 -9.999000e+03 -9.999000e+03 -9.999000e+03 -9.999000e+03 -9.999000e+03 -9.999000e+03 -9.999000e+03 -9.999000e+03 -9.999000e+03 -9.999000e+03 -9.999000e+03 -9.999000e+03 -9.999000e+03 -9.999000e+03 -9.999000e+03 -9.999000e+03 -9.999000e+03 -9.999000e+03 -9.999000e+03 -9.999000e+03 -9.999000e+03 -9.999000e+03 9.212005e-03 1.199584e-02
-9.999000e+03 -9.999000e+03 -9.999000e+03 -9.999000e+03 -9.999000e+03 -9.999000e+03 -9.999000e+03 -9.999000e+03 -9.999000e+03 -9.999000e+03 -9.999000e+03 -9.999000e+03 -9.999000e+03 -9.999000e+03 -9.999000e+03 -9.999000e+03 -9.999000e+03 -9.999000e+03 -9.999000e+03 -9.999000e+03 -9.999000e+03 -9.999000e+03 -9.999000e+03 -9.999000e+03 -9.999000e+03 -9.999000e+03 -9.999000e+03 -9.999000e+03 -9.999000e+03 -9.999000e+03 -9.999000e+03 -9.999000e+03 -9.999000e+03 -9.999000e+03 -9.999000e+03 -9.999000e+03 -9.999000e+03 -9.999000e+03 -9.999000e+03 -9.999000e+03 -9.999000e+03 -9.999000e+03 -9.999000e+03 -9.999000e+03 -9.999000e+03 -9.999000e+03 -9.999000e+03 -9.999000e+03 -9.999000e+03 -9.999000e+03 -9.999000e+03 9.587203e-03
-9.999000e+03 -9.999000e+03 -9.999000e+03 -9.999000e+03 -9.999000e+03 -9.999000e+03 -9.999000e+03 -9.999000e+03 -9.999000e+03 -9.999000e+03 -9.999000e+03 -9.999000e+03 -9.999000e+03 -9.999000e+03 -9.999000e+03 -9.999000e+03 -9.999000e+03 -9.999000e+03 -9.999000e+03 -9.999000e+03 -9.999000e+03 -9.999000e+03 -9.999000e+03 -9.999000e+03 -9.999000e+03 -9.999000e+03 -9.999000e+03 -9.999000e+03 -9.999000e+03 -9.999000e+03 -9.999000e+03 -9.999000e+03 -9.999000e+03 -9.999000e+03 -9.999000e+03 -9.999000e+03 -9.999000e+03 -9.999000e+03 -9.999000e+03 -9.999000e+03 -9.999000e+03 -9.999000e+03 -9.999000e+03 -9.999000e+03 -9.999000e+03 -9.999000e+03 -9.999000e+03 -9.999000e+03 -9.999000e+03 -9.999000e+03 -9.999000e+03 -9.999000e+03
-9.999000e+03 -9.999000e+03 -9.999000e+03 -9.999000e+03 -9.999000e+03 -9.999000e+03 -9.999000e+03 -9.999000e+03 -9.999000e+03 -9.999000e+03 -9.999000e+03 -9.999000e+03 -9.999000e+03 -9.999000e+03 -9.999000e+03 -9.999000e+03 -9.999000e+03 -9.999000e+03 -9.999000e+03 -9.999000e+03 -9.999000e+03 -9.999000e+03 -9.999000e+03 -9.999000e+03 -9.999000e+03 -9.999000e+03 -9.999000e+03 -9.999000e+03 -9.999000e+03 -9.999000e+03 -9.999000e+03 -9.999000e+03 -9.999000e+03 -9.999000e+03 -9.999000e+03 -9.999000e+03 -9.999000e+03 -9.999000e+03 -9.999000e+03 -9.999000e+03 -9.999000e+03 -9.999000e+03 -9.999000e+03 -9.999000e+03 -9.999000e+03 -9.999000e+03 -9.999000e+03 -9.999000e+03 -9.999000e+03 -9.999000e+03 -9.999000e+03 -9.999000e+03
