tests/data/reference/test_implicit_stream_rill_mfda/mwlevel_m.asc
ncols	123
nrows	77
xllcorner	-713746.79929998
yllcorner	-1061022.36961616
cellsize	10.0
NODATA_value	-9999
[rows 46 to 68 of 77, columns 52 to 103 of 123]
1.325533e-02 1.317549e-02 1.290357e-02 1.266674e-02 1.271181e-02 1.246319e-02 1.245379e-02 1.244636e-02 1.250536e-02 1.293474e-02 1.274532e-02 2.336523e-02 1.278690e-02 1.269524e-02 1.232391e-02 1.226681e-02 1.256223e-02 1.195433e-02 1.199653e-02 1.208831e-02 1.203777e-02 1.195446e-02 1.207550e-02 1.236401e-02 1.318556e-02 0.000000e+00 9.626879e-03 9.135593e-03 1.194099e-02 1.302333e-02 1.366550e-02 0.000000e+00 0.000000e+00 0.000000e+00 1.381745e-02 1.333346e-02 1.326436e-02 8.797218e-03 8.710324e-03 8.695407e-03 8.707939e-03 8.743724e-03 8.799342e-03 8.886000e-03 8.964245e-03 9.033042e-03 9.104994e-03 1.292090e-02 1.296759e-02 1.295368e-02 1.286467e-02 1.283164e-02
1.345879e-02 1.346369e-02 1.319588e-02 1.286084e-02 1.168704e-02 1.174807e-02 1.171173e-02 1.164497e-02 1.283722e-02 1.252338e-02 2.520348e-02 1.282111e-02 1.247279e-02 1.161064e-02 1.160012e-02 1.294248e-02 1.145743e-02 1.124666e-02 1.119961e-02 1.121228e-02 1.111399e-02 1.098115e-02 1.097352e-02 1.275313e-02 8.617800e-03 0.000000e+00 9.783140e-03 9.995676e-03 1.213425e-02 1.293541e-02 1.341994e-02 1.376906e-02 1.462025e-02 0.000000e+00 0.000000e+00 1.363791e-02 1.345068e-02 8.892809e-03 8.748519e-03 8.704773e-03 8.717195e-03 8.763470e-03 8.802404e-03 8.848082e-03 8.885386e-03 8.924641e-03 8.980690e-03 1.282985e-02 1.285871e-02 1.290493e-02 1.292572e-02 1.294839e-02
1.352717e-02 1.360109e-02 1.342109e-02 9.568542e-03 9.496450e-03 9.508017e-03 9.492495e-03 1.291482e-02 1.168849e-02 2.669701e-02 1.287757e-02 1.160225e-02 9.215533e-03 9.257126e-03 1.297731e-02 9.301869e-03 9.226793e-03 9.059180e-03 8.966585e-03 8.943513e-03 8.864488e-03 8.731625e-03 1.254352e-02 1.097019e-02 1.222057e-02 0.000000e+00 9.867920e-03 1.423077e-02 1.410739e-02 1.363276e-02 1.359162e-02 1.379208e-02 1.429159e-02 1.028075e-02 0.000000e+00 1.422818e-02 1.348231e-02 9.007953e-03 8.817448e-03 8.728722e-03 8.724198e-03 8.776554e-03 8.805369e-03 8.822059e-03 8.825943e-03 8.838527e-03 8.881776e-03 1.282127e-02 1.281533e-02 1.286285e-02 1.294534e-02 1.302233e-02
1.345444e-02 1.354457e-02 9.675602e-03 1.188125e-02 1.266650e-02 1.298259e-02 1.307315e-02 9.555807e-03 2.847148e-02 1.291877e-02 9.359276e-03 9.270268e-03 1.166114e-02 1.266266e-02 9.299862e-03 1.172038e-02 1.255657e-02 1.274940e-02 1.288535e-02 1.301783e-02 1.300654e-02 1.292983e-02 8.774277e-03 8.581333e-03 1.487904e-02 0.000000e+00 1.079785e-02 1.235466e-02 1.334460e-02 1.334350e-02 1.346817e-02 1.371557e-02 1.412942e-02 1.430203e-02 0.000000e+00 0.000000e+00 1.338901e-02 9.124905e-03 8.913376e-03 8.780029e-03 8.741370e-03 8.777731e-03 8.797566e-03 8.799834e-03 8.779447e-03 8.769225e-03 8.804450e-03 1.284946e-02 1.280301e-02 1.283175e-02 1.295293e-02 1.307981e-02
1.323399e-02 2.166249e-02 2.073163e-02 1.944496e-02 1.807777e-02 1.668972e-02 1.531831e-02 3.024328e-02 1.311523e-02 9.452323e-03 1.172433e-02 1.255514e-02 1.288807e-02 1.306030e-02 1.308553e-02 1.305693e-02 1.298434e-02 1.289642e-02 1.294370e-02 1.304335e-02 1.308116e-02 1.308856e-02 1.293018e-02 1.272017e-02 1.255555e-02 0.000000e+00 9.960554e-03 8.569637e-03 1.134882e-02 1.254589e-02 1.316231e-02 1.353955e-02 1.397802e-02 2.032609e-02 1.403730e-02 0.000000e+00 1.386756e-02 9.204328e-03 8.993302e-03 8.839834e-03 8.776447e-03 8.787280e-03 8.792214e-03 8.790782e-03 1.129772e-02 1.125690e-02 8.739561e-03 1.288293e-02 1.285427e-02 1.286595e-02 1.293671e-02 1.302493e-02
2.193895e-02 1.329147e-02 1.775639e-02 1.836005e-02 2.172624e-02 2.651069e-02 2.842999e-02 1.324420e-02 1.315867e-02 1.293417e-02 1.295281e-02 1.304596e-02 1.306870e-02 1.307593e-02 1.304881e-02 1.300667e-02 1.667473e-02 1.493243e-02 1.364324e-02 1.319205e-02 1.319626e-02 1.331584e-02 1.314605e-02 1.284930e-02 1.261016e-02 0.000000e+00 8.613328e-03 1.104676e-02 1.214170e-02 1.285513e-02 1.324717e-02 1.355917e-02 1.394166e-02 1.440891e-02 2.004950e-02 0.000000e+00 0.000000e+00 9.642290e-03 9.038918e-03 8.887737e-03 8.815247e-03 8.804836e-03 8.789802e-03 8.788361e-03 1.242059e-02 1.237509e-02 8.691770e-03 1.290423e-02 1.292068e-02 1.292597e-02 1.290995e-02 1.292016e-02
1.315306e-02 1.316598e-02 9.313715e-03 1.348552e-02 1.577682e-02 1.316976e-02 1.313852e-02 1.320164e-02 1.312824e-02 1.289354e-02 1.297274e-02 1.316978e-02 1.317910e-02 1.311301e-02 1.305638e-02 1.300764e-02 9.179837e-03 1.140464e-02 1.231962e-02 1.273061e-02 1.309380e-02 1.349363e-02 1.333569e-02 1.293355e-02 8.878908e-03 0.000000e+00 1.041262e-02 1.236578e-02 1.286555e-02 1.293452e-02 1.323604e-02 1.357761e-02 1.390221e-02 1.419052e-02 1.429622e-02 1.936440e-02 0.000000e+00 1.208791e-02 9.038772e-03 8.930961e-03 8.876706e-03 8.863891e-03 8.826380e-03 1.133599e-02 1.285654e-02 1.283239e-02 1.121349e-02 1.293996e-02 1.293780e-02 1.294406e-02 1.292630e-02 1.288833e-02
1.313299e-02 1.312354e-02 1.324016e-02 1.699821e-02 1.345666e-02 1.320116e-02 1.314383e-02 1.317632e-02 1.307553e-02 1.666877e-02 1.521003e-02 1.434163e-02 1.344697e-02 1.327095e-02 1.314218e-02 1.303945e-02 1.288750e-02 1.273557e-02 1.274347e-02 1.280585e-02 1.311852e-02 1.359311e-02 1.796271e-02 1.750862e-02 1.567881e-02 0.000000e+00 1.075829e-02 1.254408e-02 1.292791e-02 1.291463e-02 1.303669e-02 1.350707e-02 1.377780e-02 1.389472e-02 1.403669e-02 2.227759e-02 0.000000e+00 0.000000e+00 9.302529e-03 8.953697e-03 8.956745e-03 8.969284e-03 1.146983e-02 1.247271e-02 1.300184e-02 1.298017e-02 1.233454e-02 1.299046e-02 1.294039e-02 1.293852e-02 1.295888e-02 1.289845e-02
1.314696e-02 1.312561e-02 1.761116e-02 1.359688e-02 1.349432e-02 1.324666e-02 1.319458e-02 1.319847e-02 1.309261e-02 1.291875e-02 1.294847e-02 1.315479e-02 1.327946e-02 1.334176e-02 1.322204e-02 1.304789e-02 1.290466e-02 1.278156e-02 1.277377e-02 1.280641e-02 1.311856e-02 1.362739e-02 9.291195e-03 9.014335e-03 1.123352e-02 0.000000e+00 1.053034e-02 1.242966e-02 1.288514e-02 1.279163e-02 1.300140e-02 1.353436e-02 1.362446e-02 1.360802e-02 1.961126e-02 2.492480e-02 9.612956e-03 0.000000e+00 9.170194e-03 9.213826e-03 8.931200e-03 8.949910e-03 1.246745e-02 1.284061e-02 1.300633e-02 1.300776e-02 1.279999e-02 1.304817e-02 1.299841e-02 1.296380e-02 1.296296e-02 1.293681e-02
1.315788e-02 1.315968e-02 1.329981e-02 1.352664e-02 1.343051e-02 1.330213e-02 1.323333e-02 1.321430e-02 1.316216e-02 9.159618e-03 1.736566e-02 2.051260e-02 1.946616e-02 2.619399e-02 2.842590e-02 2.681005e-02 2.516038e-02 2.348338e-02 2.194114e-02 2.048418e-02 1.982437e-02 2.004269e-02 1.886630e-02 1.648709e-02 0.000000e+00 0.000000e+00 8.497734e-03 1.094760e-02 1.206904e-02 1.258985e-02 1.292909e-02 1.319516e-02 1.323343e-02 1.336051e-02 1.378951e-02 1.933039e-02 2.418075e-02 0.000000e+00 9.036159e-03 9.095094e-03 8.813386e-03 1.125418e-02 1.267485e-02 1.285080e-02 1.294695e-02 1.299326e-02 1.297571e-02 1.310158e-02 1.308031e-02 1.301240e-02 1.295799e-02 1.297626e-02
1.310180e-02 1.320520e-02 1.321804e-02 1.321252e-02 1.339368e-02 1.330145e-02 1.320680e-02 1.315517e-02 1.314945e-02 1.711686e-02 1.302732e-02 1.298453e-02 1.726439e-02 1.339351e-02 1.336076e-02 1.737053e-02 1.570763e-02 1.427603e-02 1.311210e-02 1.296162e-02 1.309874e-02 1.339003e-02 1.317571e-02 1.275457e-02 0.000000e+00 9.382679e-03 9.231588e-03 1.122518e-02 1.224938e-02 1.276811e-02 1.299250e-02 1.307230e-02 1.309234e-02 1.309073e-02 1.359758e-02 1.990590e-02 3.144511e-02 0.000000e+00 0.000000e+00 8.859785e-03 1.137078e-02 1.214689e-02 1.274301e-02 1.286799e-02 1.295700e-02 1.300523e-02 1.302410e-02 1.310596e-02 1.313778e-02 1.311437e-02 1.307113e-02 1.309761e-02
1.296727e-02 1.305636e-02 1.258758e-02 1.306996e-02 1.316392e-02 1.313635e-02 1.312286e-02 1.302697e-02 1.303804e-02 1.308188e-02 1.302864e-02 1.294792e-02 1.305009e-02 1.325165e-02 1.325127e-02 1.312045e-02 1.715361e-02 2.023095e-02 2.209201e-02 2.094067e-02 2.059174e-02 1.976995e-02 1.856236e-02 1.700311e-02 0.000000e+00 9.379799e-03 9.248085e-03 1.130553e-02 1.236272e-02 1.287822e-02 1.297556e-02 1.290062e-02 1.294175e-02 1.303764e-02 1.344825e-02 1.389493e-02 2.568899e-02 2.910329e-02 0.000000e+00 1.110967e-02 1.220217e-02 1.247086e-02 1.277895e-02 1.290404e-02 1.300313e-02 1.303871e-02 1.303160e-02 1.308279e-02 1.317354e-02 1.323649e-02 1.324456e-02 1.326421e-02
1.239218e-02 1.167421e-02 1.295108e-02 1.288685e-02 1.279929e-02 1.304084e-02 1.300721e-02 1.292670e-02 1.291784e-02 1.296840e-02 1.296915e-02 1.295831e-02 1.298414e-02 1.311518e-02 1.315755e-02 1.308316e-02 1.302819e-02 1.299819e-02 1.299496e-02 1.714637e-02 1.577779e-02 1.468662e-02 1.359139e-02 1.306355e-02 0.000000e+00 9.382696e-03 9.277001e-03 1.138521e-02 1.243606e-02 1.290713e-02 1.760160e-02 1.591410e-02 1.521245e-02 1.639156e-02 1.678816e-02 3.072669e-02 3.322713e-02 6.258449e-02 0.000000e+00 0.000000e+00 1.291318e-02 1.296993e-02 1.289518e-02 1.298758e-02 1.305638e-02 1.309025e-02 1.309078e-02 1.310721e-02 1.316605e-02 1.322354e-02 1.323147e-02 1.323786e-02
8.937096e-03 1.284202e-02 1.315046e-02 1.234251e-02 1.280769e-02 1.283881e-02 1.288393e-02 1.282942e-02 1.276930e-02 1.276744e-02 1.295087e-02 1.293843e-02 1.293610e-02 1.302933e-02 1.308173e-02 1.308230e-02 1.304898e-02 1.299656e-02 1.296911e-02 1.296475e-02 1.715676e-02 1.771190e-02 1.748337e-02 1.729845e-02 0.000000e+00 8.591190e-03 1.110825e-02 1.576050e-02 1.713221e-02 1.798785e-02 1.266991e-02 1.440702e-02 1.416188e-02 1.197376e-02 1.195688e-02 1.236920e-02 1.913754e-02 2.302856e-02 6.998073e-02 0.000000e+00 0.000000e+00 1.337584e-02 1.330802e-02 1.309703e-02 1.311556e-02 1.314440e-02 1.317320e-02 1.316501e-02 1.315322e-02 1.314913e-02 1.312274e-02 1.310339e-02
1.151845e-02 1.340625e-02 1.179191e-02 1.275089e-02 1.234736e-02 1.248243e-02 1.255230e-02 1.254933e-02 1.244024e-02 1.278058e-02 1.272674e-02 1.281808e-02 1.292430e-02 1.287421e-02 1.292915e-02 1.302395e-02 1.301378e-02 1.298773e-02 1.296735e-02 1.290422e-02 8.664684e-03 8.660897e-03 1.267014e-02 8.476175e-03 0.000000e+00 8.461842e-03 1.106307e-02 1.328506e-02 1.328125e-02 1.223347e-02 1.100613e-02 1.087052e-02 1.078311e-02 1.074839e-02 1.066999e-02 1.056114e-02 1.067877e-02 1.254806e-02 1.420688e-02 7.886382e-02 0.000000e+00 0.000000e+00 1.377189e-02 1.328227e-02 1.320563e-02 1.317161e-02 1.317301e-02 1.314700e-02 1.311293e-02 1.312746e-02 1.316811e-02 1.315953e-02
1.291749e-02 9.470141e-03 1.335293e-02 1.162706e-02 1.157584e-02 1.160030e-02 1.165566e-02 1.169422e-02 1.284045e-02 1.228257e-02 1.231875e-02 1.280743e-02 1.268323e-02 1.262324e-02 1.276107e-02 1.280387e-02 1.283867e-02 1.286163e-02 1.277353e-02 8.685532e-03 1.122193e-02 1.241508e-02 8.650333e-03 1.101252e-02 0.000000e+00 1.053550e-02 1.266714e-02 1.330716e-02 1.114148e-02 8.544602e-03 8.507212e-03 8.437361e-03 8.357995e-03 8.282178e-03 8.181145e-03 8.051935e-03 1.155831e-02 1.257418e-02 1.873895e-02 2.319648e-02 9.216952e-02 0.000000e+00 1.453366e-02 1.398427e-02 1.333274e-02 1.319874e-02 1.314119e-02 1.309772e-02 1.305331e-02 1.311309e-02 1.324801e-02 8.850880e-03
1.311989e-02 1.359944e-02 9.666958e-03 9.517681e-03 9.402474e-03 9.330202e-03 9.335151e-03 1.303405e-02 1.166274e-02 1.149817e-02 1.264641e-02 1.235357e-02 1.232000e-02 1.261929e-02 1.251060e-02 1.256155e-02 1.260980e-02 1.228364e-02 8.709590e-03 1.119377e-02 1.234377e-02 1.292039e-02 1.298450e-02 1.283015e-02 0.000000e+00 1.072822e-02 1.276144e-02 8.541753e-03 8.577852e-03 1.114002e-02 1.227822e-02 1.274392e-02 1.286514e-02 1.285480e-02 1.281706e-02 1.239018e-02 8.060768e-03 8.025304e-03 1.084444e-02 1.298980e-02 1.466161e-02 0.000000e+00 0.000000e+00 1.413028e-02 1.338830e-02 1.324961e-02 1.319678e-02 1.319365e-02 1.317155e-02 1.322379e-02 8.912116e-03 1.314094e-02
1.323953e-02 1.346446e-02 1.337843e-02 1.309505e-02 1.297927e-02 1.293965e-02 1.304514e-02 9.525349e-03 9.508751e-03 1.277660e-02 1.160001e-02 1.161080e-02 1.268194e-02 1.226676e-02 1.219953e-02 1.218886e-02 1.129578e-02 8.745947e-03 1.119831e-02 1.228888e-02 1.280712e-02 1.309356e-02 1.308360e-02 1.293438e-02 0.000000e+00 1.076052e-02 1.274085e-02 1.325906e-02 1.329964e-02 1.323068e-02 1.317615e-02 1.314999e-02 1.306480e-02 1.295166e-02 1.286134e-02 1.279388e-02 1.251202e-02 1.213443e-02 1.321982e-02 1.542279e-02 2.541018e-02 3.275299e-02 0.000000e+00 0.000000e+00 1.381109e-02 1.330292e-02 8.815193e-03 1.335506e-02 1.336945e-02 8.933132e-03 1.341810e-02 1.282511e-02
1.330490e-02 1.326196e-02 1.320146e-02 1.311378e-02 1.305981e-02 1.302110e-02 1.308967e-02 1.320957e-02 1.314297e-02 9.538234e-03 9.482479e-03 1.280929e-02 1.166011e-02 1.158557e-02 1.145390e-02 8.997085e-03 8.859498e-03 1.121478e-02 1.225085e-02 1.274031e-02 1.297711e-02 1.311984e-02 1.311380e-02 1.303222e-02 0.000000e+00 1.075794e-02 1.266823e-02 1.312576e-02 1.321151e-02 1.324629e-02 1.324282e-02 1.323969e-02 1.317576e-02 1.307922e-02 1.294962e-02 1.281771e-02 1.280629e-02 1.270757e-02 8.158935e-03 8.187069e-03 1.107759e-02 1.329227e-02 3.160829e-02 0.000000e+00 1.426576e-02 1.381142e-02 8.865873e-03 8.928030e-03 8.957168e-03 8.873446e-03 1.303964e-02 1.225624e-02
1.300576e-02 1.299486e-02 1.299897e-02 1.303800e-02 1.307673e-02 1.311943e-02 1.315578e-02 1.318633e-02 1.316276e-02 1.311397e-02 1.306501e-02 9.613888e-03 9.542640e-03 9.452645e-03 9.285252e-03 1.141050e-02 1.222567e-02 1.255979e-02 1.278020e-02 1.295952e-02 1.306540e-02 1.313462e-02 1.735530e-02 1.770012e-02 0.000000e+00 1.119174e-02 1.285395e-02 1.313573e-02 1.318483e-02 1.326412e-02 1.329608e-02 1.331560e-02 1.327526e-02 1.320524e-02 1.307427e-02 1.291263e-02 1.283997e-02 1.282651e-02 1.283781e-02 1.261818e-02 1.318800e-02 1.422567e-02 1.445752e-02 0.000000e+00 0.000000e+00 1.399035e-02 8.898117e-03 8.902027e-03 8.919244e-03 1.325849e-02 1.286980e-02 1.218946e-02
9.821252e-03 1.187465e-02 1.257693e-02 1.285508e-02 1.302864e-02 1.319329e-02 1.321090e-02 1.314994e-02 1.318561e-02 1.328686e-02 1.320495e-02 1.302662e-02 1.290876e-02 1.283606e-02 1.273939e-02 1.264704e-02 1.265592e-02 1.269484e-02 1.283533e-02 1.301117e-02 1.312048e-02 1.318984e-02 8.747019e-03 0.000000e+00 0.000000e+00 9.946669e-03 1.211469e-02 1.271343e-02 1.296270e-02 1.315835e-02 1.326967e-02 1.334972e-02 1.334883e-02 1.330955e-02 1.321794e-02 1.309199e-02 1.292483e-02 1.277509e-02 1.276644e-02 1.275289e-02 1.280003e-02 1.329107e-02 1.375286e-02 1.430442e-02 0.000000e+00 0.000000e+00 1.199751e-02 8.834587e-03 8.752849e-03 8.643393e-03 8.553206e-03 1.106393e-02
-9.999000e+03 -9.999000e+03 -9.999000e+03 -9.999000e+03 -9.999000e+03 -9.999000e+03 -9.999000e+03 9.566974e-03 9.631662e-03 9.816253e-03 9.899785e-03 9.825166e-03 1.186677e-02 1.242612e-02 1.261336e-02 1.270093e-02 1.272638e-02 1.272261e-02 1.285979e-02 1.305379e-02 1.316300e-02 1.323350e-02 1.305548e-02 0.000000e+00 9.780571e-03 9.464455e-03 1.132671e-02 1.211230e-02 1.258376e-02 1.292175e-02 1.315173e-02 1.333298e-02 1.339968e-02 1.341244e-02 1.335963e-02 1.326601e-02 1.303550e-02 1.277208e-02 1.270463e-02 1.273195e-02 1.272634e-02 1.275916e-02 1.354191e-02 1.404947e-02 1.477022e-02 0.000000e+00 0.000000e+00 9.084483e-03 8.574163e-03 8.504009e-03 8.469713e-03 8.476448e-03
-9.999000e+03 -9.999000e+03 -9.999000e+03 -9.999000e+03 -9.999000e+03 -9.999000e+03 -9.999000e+03 -9.999000e+03 -9.999000e+03 -9.999000e+03 1.208639e-02 1.197439e-02 9.618907e-03 9.352028e-03 1.154225e-02 1.245792e-02 1.272630e-02 1.273479e-02 1.288145e-02 1.309716e-02 1.318124e-02 1.320651e-02 1.300243e-02 0.000000e+00 9.776811e-03 9.504551e-03 1.136495e-02 1.210423e-02 1.252570e-02 1.276843e-02 1.309803e-02 1.330307e-02 1.342739e-02 1.349737e-02 1.345773e-02 1.335640e-02 1.314212e-02 1.289365e-02 1.274786e-02 1.266347e-02 1.272628e-02 1.264162e-02 1.306020e-02 1.366549e-02 1.413542e-02 1.499932e-02 0.000000e+00 0.000000e+00 8.489714e-03 8.398823e-03 -9.999000e+03 -9.999000e+03
