tests/data/reference/test_implicit_stream_rill_mfda/mwlevel_m.asc
ncols	123
nrows	77
xllcorner	-713746.79929998
yllcorner	-1061022.36961616
cellsize	10.0
NODATA_value	-9999
[rows 46 to 68 of 77, columns 0 to 51 of 123]
-9.999000e+03 -9.999000e+03 -9.999000e+03 -9.999000e+03 -9.999000e+03 -9.999000e+03 7.107750e-03 1.549297e-02 1.210574e-02 1.212845e-02 9.950081e-03 1.156574e-02 1.203571e-02 1.212842e-02 1.219421e-02 1.224392e-02 1.216874e-02 1.204187e-02 1.186372e-02 1.168741e-02 1.170882e-02 1.114832e-02 1.119974e-02 1.128539e-02 1.182189e-02 1.185805e-02 1.197190e-02 1.212382e-02 1.209863e-02 1.202980e-02 1.203469e-02 2.636062e-02 2.676077e-02 1.206347e-02 1.202733e-02 1.199188e-02 1.193454e-02 1.189036e-02 1.189131e-02 1.190098e-02 1.194807e-02 1.202885e-02 1.209380e-02 1.212229e-02 1.218403e-02 1.227119e-02 1.229362e-02 1.229773e-02 1.235411e-02 1.244837e-02 1.242073e-02 1.225705e-02
-9.999000e+03 -9.999000e+03 -9.999000e+03 -9.999000e+03 -9.999000e+03 -9.999000e+03 2.270327e-02 1.275589e-02 1.157665e-02 1.149529e-02 9.787636e-03 1.179008e-02 1.183949e-02 1.191767e-02 1.202295e-02 1.210540e-02 1.220797e-02 1.219604e-02 1.202033e-02 1.181962e-02 9.412544e-03 9.330680e-03 9.289654e-03 9.293089e-03 1.120238e-02 1.171125e-02 1.194607e-02 2.328758e-02 2.430128e-02 2.475203e-02 2.545020e-02 1.215973e-02 1.209563e-02 1.202619e-02 1.197491e-02 1.193269e-02 1.187796e-02 1.183156e-02 1.184475e-02 1.186125e-02 1.187487e-02 1.190530e-02 1.194606e-02 1.198603e-02 1.205737e-02 1.216344e-02 1.223456e-02 1.225686e-02 1.227130e-02 1.234134e-02 1.240144e-02 1.236280e-02
-9.999000e+03 -9.999000e+03 -9.999000e+03 -9.999000e+03 -9.999000e+03 7.711442e-03 1.290015e-02 1.447783e-02 9.873099e-03 9.837616e-03 1.131313e-02 1.161918e-02 1.166280e-02 1.183634e-02 1.176278e-02 1.195820e-02 1.212486e-02 1.221661e-02 1.207448e-02 1.188969e-02 1.439720e-02 1.623207e-02 1.776372e-02 1.951279e-02 2.039403e-02 2.132644e-02 2.238546e-02 1.222719e-02 1.222934e-02 1.215766e-02 1.214653e-02 1.216437e-02 1.209475e-02 1.200802e-02 1.194447e-02 1.190132e-02 1.184677e-02 1.178634e-02 1.180030e-02 1.183577e-02 1.184951e-02 1.185382e-02 1.185819e-02 1.187302e-02 1.192486e-02 1.202022e-02 1.212770e-02 1.220575e-02 1.221334e-02 1.223503e-02 1.232438e-02 1.237210e-02
-9.999000e+03 -9.999000e+03 -9.999000e+03 -9.999000e+03 1.064982e-02 1.253662e-02 1.193894e-02 1.357056e-02 9.982726e-03 1.005982e-02 1.142482e-02 1.172576e-02 1.212248e-02 1.129135e-02 1.174656e-02 1.190972e-02 1.205574e-02 1.216683e-02 1.202467e-02 1.185307e-02 1.185475e-02 1.191589e-02 1.199863e-02 1.197107e-02 1.211516e-02 1.221103e-02 1.222547e-02 1.225768e-02 1.230177e-02 1.228548e-02 1.225739e-02 1.227181e-02 1.225690e-02 1.220679e-02 1.214202e-02 1.207807e-02 1.199147e-02 1.187399e-02 1.182391e-02 1.183431e-02 1.186709e-02 1.188075e-02 1.185278e-02 1.182581e-02 1.183608e-02 1.188954e-02 1.199318e-02 1.211300e-02 1.215072e-02 1.214956e-02 1.220691e-02 1.230822e-02
-9.999000e+03 -9.999000e+03 -9.999000e+03 -9.999000e+03 7.514846e-03 1.211653e-02 1.138152e-02 1.159595e-02 1.154415e-02 1.020039e-02 1.181167e-02 1.446365e-02 9.889773e-03 1.128834e-02 1.168361e-02 1.184593e-02 1.199363e-02 1.212665e-02 1.200462e-02 1.182220e-02 1.178051e-02 1.201560e-02 1.174306e-02 1.189042e-02 1.201492e-02 1.214109e-02 1.217769e-02 1.220304e-02 1.227291e-02 1.231123e-02 1.228256e-02 1.227195e-02 1.227919e-02 1.227783e-02 1.225108e-02 1.220080e-02 1.212510e-02 1.200254e-02 1.189274e-02 1.185054e-02 1.189780e-02 1.193952e-02 1.189375e-02 1.183324e-02 1.180316e-02 1.180980e-02 1.188725e-02 1.201184e-02 1.207416e-02 1.195396e-02 1.202776e-02 1.214189e-02
-9.999000e+03 -9.999000e+03 -9.999000e+03 7.555097e-03 1.283640e-02 1.308759e-02 1.011372e-02 1.142606e-02 1.029600e-02 1.167202e-02 1.340708e-02 1.180638e-02 1.000818e-02 1.124992e-02 1.157450e-02 1.175938e-02 1.190155e-02 1.204078e-02 1.197122e-02 1.175795e-02 1.226294e-02 1.098337e-02 1.147690e-02 1.161086e-02 1.172506e-02 1.186545e-02 1.193773e-02 1.197242e-02 1.204477e-02 1.210790e-02 1.209322e-02 1.206521e-02 1.206053e-02 1.208704e-02 1.212916e-02 1.215470e-02 1.216225e-02 1.211447e-02 1.198871e-02 1.189260e-02 1.194579e-02 1.203077e-02 1.200408e-02 1.193672e-02 1.186827e-02 1.181688e-02 1.183872e-02 1.192540e-02 1.161775e-02 1.162314e-02 1.166293e-02 1.175387e-02
-9.999000e+03 -9.999000e+03 -9.999000e+03 8.062880e-03 1.345193e-02 1.133942e-02 1.037622e-02 1.055425e-02 1.150709e-02 1.153836e-02 1.260377e-02 1.168802e-02 1.017633e-02 1.117129e-02 1.147487e-02 1.168438e-02 1.179413e-02 1.192943e-02 1.195770e-02 1.484333e-02 9.392180e-03 1.084609e-02 1.121633e-02 1.132979e-02 1.143385e-02 1.158861e-02 1.169957e-02 1.176080e-02 1.184683e-02 1.193332e-02 1.194364e-02 1.191344e-02 1.188481e-02 1.190081e-02 1.196984e-02 1.203671e-02 1.210927e-02 1.215035e-02 1.205369e-02 1.191602e-02 1.194798e-02 1.206063e-02 1.208333e-02 1.204630e-02 1.196939e-02 1.188817e-02 1.186595e-02 1.074283e-02 1.077869e-02 1.079861e-02 1.081883e-02 1.949674e-02
-9.999000e+03 -9.999000e+03 9.372337e-03 9.145686e-03 1.150317e-02 1.128523e-02 1.074089e-02 1.086742e-02 1.076582e-02 1.092698e-02 1.231303e-02 1.176488e-02 1.043678e-02 1.116228e-02 1.144164e-02 1.158646e-02 1.159499e-02 1.168149e-02 1.378032e-02 1.184648e-02 9.696219e-03 1.089678e-02 1.108501e-02 1.115525e-02 1.122321e-02 1.132568e-02 1.146861e-02 1.159279e-02 1.171428e-02 1.184346e-02 1.190769e-02 1.189985e-02 1.183151e-02 1.179587e-02 1.182200e-02 1.186869e-02 1.194341e-02 1.203175e-02 1.200640e-02 1.189561e-02 1.189514e-02 1.198741e-02 1.205594e-02 1.208557e-02 1.205513e-02 1.199933e-02 8.695862e-03 8.647110e-03 8.639741e-03 8.669532e-03 2.070962e-02 1.207633e-02
-9.999000e+03 -9.999000e+03 3.516882e-02 1.191959e-02 1.039420e-02 1.071641e-02 1.099236e-02 1.073169e-02 1.198086e-02 1.276195e-02 1.087460e-02 1.177426e-02 1.067174e-02 1.127634e-02 1.134098e-02 1.139256e-02 1.129378e-02 1.128542e-02 1.153493e-02 1.278022e-02 1.009272e-02 1.082266e-02 1.085742e-02 1.106005e-02 1.103477e-02 1.107433e-02 1.125714e-02 1.141022e-02 1.155488e-02 1.170432e-02 1.181083e-02 1.184618e-02 1.180635e-02 1.171977e-02 1.173227e-02 1.176612e-02 1.183171e-02 1.191485e-02 1.191849e-02 1.186948e-02 1.187860e-02 1.194115e-02 1.200735e-02 1.206126e-02 1.204782e-02 1.200948e-02 1.198077e-02 1.196819e-02 2.006955e-02 2.215047e-02 1.210153e-02 1.208789e-02
-9.999000e+03 9.985062e-03 3.857191e-02 1.273067e-02 1.049412e-02 1.120547e-02 1.065420e-02 1.066022e-02 -9.999000e+03 -9.999000e+03 -9.999000e+03 1.089266e-02 1.077888e-02 1.039710e-02 1.023398e-02 1.022479e-02 1.014913e-02 1.001930e-02 1.015414e-02 1.063556e-02 1.074943e-02 1.033087e-02 1.093771e-02 1.095726e-02 1.096812e-02 1.111663e-02 1.117801e-02 1.125459e-02 1.136394e-02 1.147759e-02 1.157377e-02 1.180145e-02 1.173242e-02 1.169271e-02 1.171115e-02 1.175836e-02 1.182865e-02 1.188904e-02 1.185031e-02 1.181593e-02 1.188784e-02 1.195741e-02 1.200007e-02 1.201358e-02 1.198503e-02 1.196326e-02 1.537451e-02 1.787098e-02 1.206894e-02 1.213106e-02 1.209323e-02 1.205929e-02
-9.999000e+03 1.364053e-02 1.325085e-02 1.050308e-02 1.079757e-02 1.076138e-02 -9.999000e+03 -9.999000e+03 -9.999000e+03 -9.999000e+03 -9.999000e+03 -9.999000e+03 1.068500e-02 1.047202e-02 1.166977e-02 1.192584e-02 1.022519e-02 1.156305e-02 1.211790e-02 1.269201e-02 1.091682e-02 1.088133e-02 1.057146e-02 1.023185e-02 1.114333e-02 1.111168e-02 1.099823e-02 1.094437e-02 1.097033e-02 1.098781e-02 1.159438e-02 1.155328e-02 1.166329e-02 1.160116e-02 1.164616e-02 1.170733e-02 1.178223e-02 1.184324e-02 1.176956e-02 1.175196e-02 1.183208e-02 1.194152e-02 1.191720e-02 1.192114e-02 1.196261e-02 1.188429e-02 1.191051e-02 1.198773e-02 1.202402e-02 1.208404e-02 1.201645e-02 1.197705e-02
7.508947e-03 1.930946e-02 1.142663e-02 1.077826e-02 1.126372e-02 1.047456e-02 -9.999000e+03 -9.999000e+03 -9.999000e+03 -9.999000e+03 -9.999000e+03 -9.999000e+03 -9.999000e+03 -9.999000e+03 -9.999000e+03 1.018514e-02 1.174766e-02 1.007210e-02 1.018300e-02 1.035371e-02 1.267544e-02 -9.999000e+03 -9.999000e+03 1.057234e-02 1.022349e-02 1.002263e-02 9.812588e-03 9.611996e-03 9.513318e-03 1.165937e-02 1.104332e-02 1.150401e-02 1.140867e-02 1.138659e-02 1.146457e-02 1.152986e-02 1.157165e-02 1.163058e-02 1.175663e-02 1.162457e-02 1.171899e-02 1.163595e-02 1.165728e-02 1.196792e-02 1.182506e-02 1.174116e-02 1.181952e-02 1.176303e-02 1.182019e-02 1.187678e-02 1.186857e-02 1.174596e-02
8.729456e-03 1.084115e-02 1.092066e-02 1.092527e-02 1.044632e-02 -9.999000e+03 -9.999000e+03 -9.999000e+03 -9.999000e+03 -9.999000e+03 -9.999000e+03 -9.999000e+03 -9.999000e+03 -9.999000e+03 -9.999000e+03 -9.999000e+03 -9.999000e+03 -9.999000e+03 -9.999000e+03 -9.999000e+03 -9.999000e+03 -9.999000e+03 -9.999000e+03 1.065941e-02 1.030808e-02 1.017981e-02 1.147034e-02 1.167838e-02 1.190004e-02 9.793646e-03 1.163023e-02 1.106595e-02 1.101994e-02 1.096849e-02 1.102373e-02 1.102955e-02 1.099646e-02 1.173752e-02 1.152536e-02 1.143053e-02 1.084730e-02 1.090078e-02 1.191159e-02 1.165517e-02 1.161100e-02 1.182988e-02 1.148326e-02 1.146199e-02 1.148814e-02 1.187006e-02 1.166584e-02 1.160039e-02
-9.999000e+03 1.037753e-02 1.047264e-02 1.018644e-02 -9.999000e+03 -9.999000e+03 -9.999000e+03 -9.999000e+03 -9.999000e+03 -9.999000e+03 -9.999000e+03 -9.999000e+03 -9.999000e+03 -9.999000e+03 -9.999000e+03 -9.999000e+03 -9.999000e+03 -9.999000e+03 -9.999000e+03 -9.999000e+03 -9.999000e+03 -9.999000e+03 -9.999000e+03 -9.999000e+03 -9.999000e+03 -9.999000e+03 1.001962e-02 9.865598e-03 1.157100e-02 1.222462e-02 1.013266e-02 9.990171e-03 9.758359e-03 9.480726e-03 9.356408e-03 9.326556e-03 1.170220e-02 1.100843e-02 1.098298e-02 8.933128e-03 8.849264e-03 1.177523e-02 1.091035e-02 1.094593e-02 1.194287e-02 1.091706e-02 1.088691e-02 1.084869e-02 1.184302e-02 1.157221e-02 1.175793e-02 1.056255e-02
-9.999000e+03 -9.999000e+03 -9.999000e+03 -9.999000e+03 -9.999000e+03 -9.999000e+03 -9.999000e+03 -9.999000e+03 -9.999000e+03 -9.999000e+03 -9.999000e+03 -9.999000e+03 -9.999000e+03 -9.999000e+03 -9.999000e+03 -9.999000e+03 -9.999000e+03 -9.999000e+03 -9.999000e+03 -9.999000e+03 -9.999000e+03 -9.999000e+03 -9.999000e+03 -9.999000e+03 -9.999000e+03 -9.999000e+03 -9.999000e+03 -9.999000e+03 9.950965e-03 1.189265e-02 1.029292e-02 1.015755e-02 9.883489e-03 1.115944e-02 1.170029e-02 1.205469e-02 9.470208e-03 9.317180e-03 9.175019e-03 1.098776e-02 1.162184e-02 8.922937e-03 8.898368e-03 1.185590e-02 8.878930e-03 8.875628e-03 8.887772e-03 1.201235e-02 1.090848e-02 1.183616e-02 8.755393e-03 8.540231e-03
-9.999000e+03 -9.999000e+03 -9.999000e+03 -9.999000e+03 -9.999000e+03 -9.999000e+03 -9.999000e+03 -9.999000e+03 -9.999000e+03 -9.999000e+03 -9.999000e+03 -9.999000e+03 -9.999000e+03 -9.999000e+03 -9.999000e+03 -9.999000e+03 -9.999000e+03 -9.999000e+03 -9.999000e+03 -9.999000e+03 -9.999000e+03 -9.999000e+03 -9.999000e+03 -9.999000e+03 -9.999000e+03 -9.999000e+03 -9.999000e+03 -9.999000e+03 -9.999000e+03 1.021322e-02 1.201546e-02 1.139037e-02 1.119312e-02 9.476744e-03 9.421191e-03 9.561118e-03 9.552157e-03 9.373635e-03 1.111866e-02 1.165279e-02 1.186168e-02 1.196942e-02 1.194397e-02 8.918581e-03 1.097132e-02 1.172044e-02 1.202244e-02 9.013431e-03 1.192056e-02 8.878004e-03 1.083228e-02 1.143375e-02
-9.999000e+03 -9.999000e+03 -9.999000e+03 -9.999000e+03 -9.999000e+03 -9.999000e+03 -9.999000e+03 -9.999000e+03 -9.999000e+03 -9.999000e+03 -9.999000e+03 -9.999000e+03 -9.999000e+03 -9.999000e+03 -9.999000e+03 -9.999000e+03 -9.999000e+03 -9.999000e+03 -9.999000e+03 -9.999000e+03 -9.999000e+03 -9.999000e+03 -9.999000e+03 -9.999000e+03 -9.999000e+03 -9.999000e+03 -9.999000e+03 -9.999000e+03 -9.999000e+03 -9.999000e+03 1.136334e-02 -9.999000e+03 -9.999000e+03 -9.999000e+03 -9.999000e+03 -9.999000e+03 -9.999000e+03 -9.999000e+03 9.248015e-03 1.115131e-02 1.178305e-02 1.201512e-02 1.195247e-02 1.183085e-02 1.188499e-02 1.198752e-02 1.211937e-02 1.226898e-02 9.075306e-03 1.084661e-02 1.149721e-02 1.177668e-02
-9.999000e+03 -9.999000e+03 -9.999000e+03 -9.999000e+03 -9.999000e+03 -9.999000e+03 -9.999000e+03 -9.999000e+03 -9.999000e+03 -9.999000e+03 -9.999000e+03 -9.999000e+03 -9.999000e+03 -9.999000e+03 -9.999000e+03 -9.999000e+03 -9.999000e+03 -9.999000e+03 -9.999000e+03 -9.999000e+03 -9.999000e+03 -9.999000e+03 -9.999000e+03 -9.999000e+03 -9.999000e+03 -9.999000e+03 -9.999000e+03 -9.999000e+03 -9.999000e+03 -9.999000e+03 -9.999000e+03 -9.999000e+03 -9.999000e+03 -9.999000e+03 -9.999000e+03 -9.999000e+03 -9.999000e+03 -9.999000e+03 -9.999000e+03 -9.999000e+03 -9.999000e+03 9.235943e-03 9.178715e-03 9.024721e-03 1.099178e-02 1.173750e-02 1.206814e-02 1.227822e-02 1.202502e-02 1.167597e-02 1.177919e-02 1.200409e-02
-9.999000e+03 -9.999000e+03 -9.999000e+03 -9.999000e+03 -9.999000e+03 -9.999000e+03 -9.999000e+03 -9.999000e+03 -9.999000e+03 -9.999000e+03 -9.999000e+03 -9.999000e+03 -9.999000e+03 -9.999000e+03 -9.999000e+03 -9.999000e+03 -9.999000e+03 -9.999000e+03 -9.999000e+03 -9.999000e+03 -9.999000e+03 -9.999000e+03 -9.999000e+03 -9.999000e+03 -9.999000e+03 -9.999000e+03 -9.999000e+03 -9.999000e+03 -9.999000e+03 -9.999000e+03 -9.999000e+03 -9.999000e+03 -9.999000e+03 -9.999000e+03 -9.999000e+03 -9.999000e+03 -9.999000e+03 -9.999000e+03 -9.999000e+03 -9.999000e+03 -9.999000e+03 -9.999000e+03 -9.999000e+03 -9.999000e+03 8.919906e-03 8.957331e-03 1.113831e-02 1.194698e-02 9.069749e-03 1.080646e-02 1.159360e-02 1.211550e-02
-9.999000e+03 -9.999000e+03 -9.999000e+03 -9.999000e+03 -9.999000e+03 -9.999000e+03 -9.999000e+03 -9.999000e+03 -9.999000e+03 -9.999000e+03 -9.999000e+03 -9.999000e+03 -9.999000e+03 -9.999000e+03 -9.999000e+03 -9.999000e+03 -9.999000e+03 -9.999000e+03 -9.999000e+03 -9.999000e+03 -9.999000e+03 -9.999000e+03 -9.999000e+03 -9.999000e+03 -9.999000e+03 -9.999000e+03 -9.999000e+03 -9.999000e+03 -9.999000e+03 -9.999000e+03 -9.999000e+03 -9.999000e+03 -9.999000e+03 -9.999000e+03 -9.999000e+03 -9.999000e+03 -9.999000e+03 -9.999000e+03 -9.999000e+03 -9.999000e+03 -9.999000e+03 -9.999000e+03 -9.999000e+03 -9.999000e+03 -9.999000e+03 -9.999000e+03 -9.999000e+03 -9.999000e+03 -9.999000e+03 -9.999000e+03 8.826429e-03 1.126621e-02
-9.999000e+03 -9.999000e+03 -9.999000e+03 -9.999000e+03 -9.999000e+03 -9.999000e+03 -9.999000e+03 -9.999000e+03 -9.999000e+03 -9.999000e+03 -9.999000e+03 -9.999000e+03 -9.999000e+03 -9.999000e+03 -9.999000e+03 -9.999000e+03 -9.999000e+03 -9.999000e+03 -9.999000e+03 -9.999000e+03 -9.999000e+03 -9.999000e+03 -9.999000e+03 -9.999000e+03 -9.999000e+03 -9.999000e+03 -9.999000e+03 -9.999000e+03 -9.999000e+03 -9.999000e+03 -9.999000e+03 -9.999000e+03 -9.999000e+03 -9.999000e+03 -9.999000e+03 -9.999000e+03 -9.999000e+03 -9.999000e+03 -9.999000e+03 -9.999000e+03 -9.999000e+03 -9.999000e+03 -9.999000e+03 -9.999000e+03 -9.999000e+03 -9.999000e+03 -9.999000e+03 -9.999000e+03 -9.999000e+03 -9.999000e+03 -9.999000e+03 9.152808e-03
-9.999000e+03 -9.999000e+03 -9.999000e+03 -9.999000e+03 -9.999000e+03 -9.999000e+03 -9.999000e+03 -9.999000e+03 -9.999000e+03 -9.999000e+03 -9.999000e+03 -9.999000e+03 -9.999000e+03 -9.999000e+03 -9.999000e+03 -9.999000e+03 -9.999000e+03 -9.999000e+03 -9.999000e+03 -9.999000e+03 -9.999000e+03 -9.999000e+03 -9.999000e+03 -9.999000e+03 -9.999000e+03 -9.999000e+03 -9.999000e+03 -9.999000e+03 -9.999000e+03 -9.999000e+03 -9.999000e+03 -9.999000e+03 -9.999000e+03 -9.999000e+03 -9.999000e+03 -9.999000e+03 -9.999000e+03 -9.999000e+03 -9.999000e+03 -9.999000e+03 -9.999000e+03 -9.999000e+03 -9.999000e+03 -9.999000e+03 -9.999000e+03 -9.999000e+03 -9.999000e+03 -9.999000e+03 -9.999000e+03 -9.999000e+03 -9.999000e+03 -9.999000e+03
-9.999000e+03 -9.999000e+03 -9.999000e+03 -9.999000e+03 -9.999000e+03 -9.999000e+03 -9.999000e+03 -9.999000e+03 -9.999000e+03 -9.999000e+03 -9.999000e+03 -9.999000e+03 -9.999000e+03 -9.999000e+03 -9.999000e+03 -9.999000e+03 -9.999000e+03 -9.999000e+03 -9.999000e+03 -9.999000e+03 -9.999000e+03 -9.999000e+03 -9.999000e+03 -9.999000e+03 -9.999000e+03 -9.999000e+03 -9.999000e+03 -9.999000e+03 -9.999000e+03 -9.999000e+03 -9.999000e+03 -9.999000e+03 -9.999000e+03 -9.999000e+03 -9.999000e+03 -9.999000e+03 -9.999000e+03 -9.999000e+03 -9.999000e+03 -9.999000e+03 -9.999000e+03 -9.999000e+03 -9.999000e+03 -9.999000e+03 -9.999000e+03 -9.999000e+03 -9.999000e+03 -9.999000e+03 -9.999000e+03 -9.999000e+03 -9.999000e+03 -9.999000e+03
