tests/data/reference/test_implicit_stream_rill_mfda/mwlevel_m.asc
ncols	123
nrows	77
xllcorner	-713746.79929998
yllcorner	-1061022.36961616
cellsize	10.0
NODATA_value	-9999
[rows 46 to 68 of 77, columns 0 to 51 of 123]
-9.999000e+03 -9.999000e+03 -9.999000e+03 -9.999000e+03 -9.999000e+03 -9.999000e+03 7.211219e-03 1.783816e-02 1.314691e-02 1.317089e-02 1.059373e-02 1.247214e-02 1.307205e-02 1.318521e-02 1.326588e-02 1.332940e-02 1.324050e-02 1.309408e-02 1.288337e-02 1.267117e-02 1.269115e-02 1.196775e-02 1.202467e-02 1.212315e-02 1.279292e-02 1.285884e-02 1.299908e-02 1.318310e-02 1.315919e-02 1.307848e-02 1.308227e-02 3.126524e-02 3.187362e-02 1.311920e-02 1.307396e-02 1.302992e-02 1.296061e-02 1.290654e-02 1.290552e-02 1.291649e-02 1.297190e-02 1.306693e-02 1.314399e-02 1.317878e-02 1.325253e-02 1.335739e-02 1.338805e-02 1.339652e-02 1.346500e-02 1.357790e-02 1.354843e-02 1.335775e-02
-9.999000e+03 -9.999000e+03 -9.999000e+03 -9.999000e+03 -9.999000e+03 -9.999000e+03 2.533382e-02 1.427397e-02 1.248819e-02 1.239081e-02 1.040419e-02 1.276645e-02 1.283612e-02 1.293167e-02 1.306471e-02 1.315277e-02 1.328310e-02 1.327489e-02 1.306933e-02 1.282856e-02 9.968827e-03 9.874232e-03 9.826883e-03 9.830847e-03 1.202626e-02 1.266006e-02 1.295806e-02 2.705073e-02 2.838554e-02 2.906548e-02 3.003424e-02 1.323518e-02 1.315997e-02 1.307605e-02 1.301288e-02 1.296089e-02 1.289480e-02 1.283818e-02 1.285092e-02 1.286958e-02 1.288599e-02 1.292183e-02 1.296970e-02 1.301669e-02 1.310039e-02 1.322597e-02 1.331268e-02 1.334322e-02 1.336412e-02 1.344833e-02 1.352083e-02 1.347876e-02
-9.999000e+03 -9.999000e+03 -9.999000e+03 -9.999000e+03 -9.999000e+03 7.846545e-03 1.415146e-02 1.604139e-02 1.050383e-02 1.046244e-02 1.218337e-02 1.256867e-02 1.263215e-02 1.285807e-02 1.273160e-02 1.297841e-02 1.318279e-02 1.329698e-02 1.313200e-02 1.291002e-02 1.588219e-02 1.817057e-02 2.006809e-02 2.232005e-02 2.338784e-02 2.455230e-02 2.588732e-02 1.331475e-02 1.331893e-02 1.323609e-02 1.322314e-02 1.324381e-02 1.316208e-02 1.305935e-02 1.298304e-02 1.293033e-02 1.286418e-02 1.279042e-02 1.280267e-02 1.284168e-02 1.285714e-02 1.286267e-02 1.286844e-02 1.288525e-02 1.294461e-02 1.305572e-02 1.318284e-02 1.327786e-02 1.329176e-02 1.331996e-02 1.342591e-02 1.348084e-02
-9.999000e+03 -9.999000e+03 -9.999000e+03 -9.999000e+03 1.093382e-02 1.453875e-02 1.294557e-02 1.488493e-02 1.063189e-02 1.072212e-02 1.231949e-02 1.270796e-02 1.323712e-02 1.215231e-02 1.271369e-02 1.291965e-02 1.309853e-02 1.323554e-02 1.307128e-02 1.286564e-02 1.286260e-02 1.293230e-02 1.304385e-02 1.298667e-02 1.316488e-02 1.328328e-02 1.330544e-02 1.334592e-02 1.339968e-02 1.338329e-02 1.335222e-02 1.336917e-02 1.335140e-02 1.329238e-02 1.321590e-02 1.313987e-02 1.303672e-02 1.289670e-02 1.283443e-02 1.284297e-02 1.287906e-02 1.289563e-02 1.286455e-02 1.283233e-02 1.284231e-02 1.290317e-02 1.302371e-02 1.316590e-02 1.321455e-02 1.321623e-02 1.327097e-02 1.339281e-02
-9.999000e+03 -9.999000e+03 -9.999000e+03 -9.999000e+03 7.695883e-03 1.319623e-02 1.226571e-02 1.254357e-02 1.246368e-02 1.088699e-02 1.280680e-02 1.614739e-02 1.052329e-02 1.215256e-02 1.263990e-02 1.284156e-02 1.302230e-02 1.318502e-02 1.304463e-02 1.282749e-02 1.277285e-02 1.308232e-02 1.269111e-02 1.288320e-02 1.303622e-02 1.318876e-02 1.323696e-02 1.327042e-02 1.335473e-02 1.340309e-02 1.337267e-02 1.336089e-02 1.336902e-02 1.336728e-02 1.333649e-02 1.327869e-02 1.319091e-02 1.304756e-02 1.291786e-02 1.286496e-02 1.291664e-02 1.296605e-02 1.291538e-02 1.284474e-02 1.280783e-02 1.281321e-02 1.290131e-02 1.304684e-02 1.312244e-02 1.295267e-02 1.303920e-02 1.317461e-02
-9.999000e+03 -9.999000e+03 -9.999000e+03 7.681533e-03 1.500556e-02 1.429186e-02 1.078528e-02 1.233049e-02 1.099939e-02 1.263721e-02 1.476036e-02 1.280163e-02 1.066167e-02 1.211229e-02 1.251112e-02 1.273731e-02 1.291157e-02 1.307989e-02 1.300100e-02 1.274961e-02 1.355874e-02 1.177456e-02 1.237887e-02 1.254974e-02 1.268751e-02 1.285471e-02 1.294467e-02 1.298926e-02 1.307702e-02 1.315539e-02 1.314250e-02 1.311147e-02 1.310594e-02 1.313637e-02 1.318596e-02 1.321807e-02 1.322914e-02 1.317575e-02 1.303001e-02 1.291509e-02 1.297292e-02 1.307261e-02 1.304499e-02 1.296766e-02 1.288714e-02 1.282500e-02 1.284775e-02 1.294777e-02 1.252306e-02 1.252982e-02 1.257677e-02 1.268410e-02
-9.999000e+03 -9.999000e+03 -9.999000e+03 8.218665e-03 1.476209e-02 1.223175e-02 1.109386e-02 1.130405e-02 1.243368e-02 1.246887e-02 1.375229e-02 1.266202e-02 1.085873e-02 1.202625e-02 1.239484e-02 1.264886e-02 1.278168e-02 1.294186e-02 1.297702e-02 1.652984e-02 9.945282e-03 1.162483e-02 1.208005e-02 1.221916e-02 1.234162e-02 1.252510e-02 1.265699e-02 1.273270e-02 1.283870e-02 1.294505e-02 1.296262e-02 1.293070e-02 1.289796e-02 1.291499e-02 1.299526e-02 1.307357e-02 1.316033e-02 1.321134e-02 1.310140e-02 1.293993e-02 1.297391e-02 1.310537e-02 1.313507e-02 1.309474e-02 1.300637e-02 1.291090e-02 1.288295e-02 1.146839e-02 1.150767e-02 1.153033e-02 1.155496e-02 2.280653e-02
-9.999000e+03 -9.999000e+03 9.660548e-03 1.011816e-02 1.242588e-02 1.217170e-02 1.152523e-02 1.167565e-02 1.155483e-02 1.174658e-02 1.340600e-02 1.275281e-02 1.116528e-02 1.202057e-02 1.235872e-02 1.252932e-02 1.253950e-02 1.263908e-02 1.511012e-02 1.286547e-02 1.029779e-02 1.169524e-02 1.192861e-02 1.200934e-02 1.209507e-02 1.221329e-02 1.238017e-02 1.253150e-02 1.267803e-02 1.283377e-02 1.291433e-02 1.290933e-02 1.283100e-02 1.279136e-02 1.281830e-02 1.287343e-02 1.296192e-02 1.306808e-02 1.304181e-02 1.291268e-02 1.291030e-02 1.301816e-02 1.310135e-02 1.313906e-02 1.310588e-02 1.303986e-02 9.145786e-03 9.090215e-03 9.081819e-03 9.115766e-03 2.386288e-02 1.313354e-02
-9.999000e+03 -9.999000e+03 4.146839e-02 1.291387e-02 1.111505e-02 1.149617e-02 1.182455e-02 1.151430e-02 1.299747e-02 1.396023e-02 1.168418e-02 1.275357e-02 1.144319e-02 1.215763e-02 1.222577e-02 1.228232e-02 1.216538e-02 1.215336e-02 1.244397e-02 1.391263e-02 1.076066e-02 1.162141e-02 1.165476e-02 1.190253e-02 1.187231e-02 1.191715e-02 1.213682e-02 1.231637e-02 1.248615e-02 1.266301e-02 1.279074e-02 1.283504e-02 1.280225e-02 1.269695e-02 1.271218e-02 1.275147e-02 1.282992e-02 1.293006e-02 1.293694e-02 1.287875e-02 1.288770e-02 1.296390e-02 1.304392e-02 1.310968e-02 1.309335e-02 1.304750e-02 1.301657e-02 1.300157e-02 2.259588e-02 2.512942e-02 1.316199e-02 1.314544e-02
-9.999000e+03 1.028284e-02 4.303778e-02 1.387172e-02 1.123298e-02 1.207941e-02 1.142239e-02 1.142953e-02 -9.999000e+03 -9.999000e+03 -9.999000e+03 1.170570e-02 1.157035e-02 1.111847e-02 1.092645e-02 1.091565e-02 1.082681e-02 1.067469e-02 1.083269e-02 1.140030e-02 1.153536e-02 1.104044e-02 1.175868e-02 1.177685e-02 1.178232e-02 1.197234e-02 1.204194e-02 1.212709e-02 1.225136e-02 1.238279e-02 1.249465e-02 1.279117e-02 1.270304e-02 1.266429e-02 1.268229e-02 1.273838e-02 1.282268e-02 1.289604e-02 1.285271e-02 1.281036e-02 1.289712e-02 1.297900e-02 1.303301e-02 1.304503e-02 1.301192e-02 1.299453e-02 1.692938e-02 1.992496e-02 1.311756e-02 1.318896e-02 1.314723e-02 1.310575e-02
-9.999000e+03 1.421763e-02 1.451376e-02 1.124356e-02 1.159256e-02 1.154956e-02 -9.999000e+03 -9.999000e+03 -9.999000e+03 -9.999000e+03 -9.999000e+03 -9.999000e+03 1.145891e-02 1.120687e-02 1.261810e-02 1.294103e-02 1.091612e-02 1.248395e-02 1.316535e-02 1.387120e-02 1.173448e-02 1.169220e-02 1.132441e-02 1.092395e-02 1.199620e-02 1.195078e-02 1.181219e-02 1.174307e-02 1.176701e-02 1.178404e-02 1.255076e-02 1.247605e-02 1.262651e-02 1.254622e-02 1.259730e-02 1.266981e-02 1.275874e-02 1.283095e-02 1.274600e-02 1.273816e-02 1.282382e-02 1.295351e-02 1.291419e-02 1.291962e-02 1.299295e-02 1.289095e-02 1.291824e-02 1.301708e-02 1.304994e-02 1.312182e-02 1.304493e-02 1.300649e-02
7.632888e-03 2.134213e-02 1.233879e-02 1.156962e-02 1.214927e-02 1.120988e-02 -9.999000e+03 -9.999000e+03 -9.999000e+03 -9.999000e+03 -9.999000e+03 -9.999000e+03 -9.999000e+03 -9.999000e+03 -9.999000e+03 1.086908e-02 1.273587e-02 1.073651e-02 1.086656e-02 1.106733e-02 1.384501e-02 -9.999000e+03 -9.999000e+03 1.132545e-02 1.091412e-02 1.067858e-02 1.043326e-02 1.019993e-02 1.008548e-02 1.263184e-02 1.185820e-02 1.244412e-02 1.231046e-02 1.228194e-02 1.236925e-02 1.244403e-02 1.249141e-02 1.255876e-02 1.274319e-02 1.257379e-02 1.267980e-02 1.255290e-02 1.257832e-02 1.299537e-02 1.280791e-02 1.270862e-02 1.282169e-02 1.272904e-02 1.279447e-02 1.286105e-02 1.287985e-02 1.272328e-02
8.928996e-03 1.164438e-02 1.173905e-02 1.174454e-02 1.117653e-02 -9.999000e+03 -9.999000e+03 -9.999000e+03 -9.999000e+03 -9.999000e+03 -9.999000e+03 -9.999000e+03 -9.999000e+03 -9.999000e+03 -9.999000e+03 -9.999000e+03 -9.999000e+03 -9.999000e+03 -9.999000e+03 -9.999000e+03 -9.999000e+03 -9.999000e+03 -9.999000e+03 1.142857e-02 1.101360e-02 1.086282e-02 1.237272e-02 1.263971e-02 1.290971e-02 1.041119e-02 1.260250e-02 1.189464e-02 1.183672e-02 1.176958e-02 1.182480e-02 1.182706e-02 1.178740e-02 1.272127e-02 1.243812e-02 1.232439e-02 1.159890e-02 1.165736e-02 1.292204e-02 1.257757e-02 1.252699e-02 1.283688e-02 1.237679e-02 1.235087e-02 1.238005e-02 1.288189e-02 1.261974e-02 1.256301e-02
-9.999000e+03 1.109539e-02 1.120761e-02 1.087060e-02 -9.999000e+03 -9.999000e+03 -9.999000e+03 -9.999000e+03 -9.999000e+03 -9.999000e+03 -9.999000e+03 -9.999000e+03 -9.999000e+03 -9.999000e+03 -9.999000e+03 -9.999000e+03 -9.999000e+03 -9.999000e+03 -9.999000e+03 -9.999000e+03 -9.999000e+03 -9.999000e+03 -9.999000e+03 -9.999000e+03 -9.999000e+03 -9.999000e+03 1.067506e-02 1.049508e-02 1.248123e-02 1.328834e-02 1.080749e-02 1.064060e-02 1.037009e-02 1.004773e-02 9.903945e-03 9.869471e-03 1.268650e-02 1.180658e-02 1.177134e-02 9.416995e-03 9.320991e-03 1.275126e-02 1.167151e-02 1.171172e-02 1.296715e-02 1.167746e-02 1.164240e-02 1.159866e-02 1.285457e-02 1.248232e-02 1.275042e-02 1.126316e-02
-9.999000e+03 -9.999000e+03 -9.999000e+03 -9.999000e+03 -9.999000e+03 -9.999000e+03 -9.999000e+03 -9.999000e+03 -9.999000e+03 -9.999000e+03 -9.999000e+03 -9.999000e+03 -9.999000e+03 -9.999000e+03 -9.999000e+03 -9.999000e+03 -9.999000e+03 -9.999000e+03 -9.999000e+03 -9.999000e+03 -9.999000e+03 -9.999000e+03 -9.999000e+03 -9.999000e+03 -9.999000e+03 -9.999000e+03 -9.999000e+03 -9.999000e+03 1.059476e-02 1.286585e-02 1.099576e-02 1.083670e-02 1.051596e-02 1.199713e-02 1.265370e-02 1.308930e-02 1.003555e-02 9.858647e-03 9.694780e-03 1.177149e-02 1.254586e-02 9.405320e-03 9.377184e-03 1.286778e-02 9.354933e-03 9.351154e-03 9.365054e-03 1.304874e-02 1.167303e-02 1.284695e-02 9.213717e-03 8.968569e-03
-9.999000e+03 -9.999000e+03 -9.999000e+03 -9.999000e+03 -9.999000e+03 -9.999000e+03 -9.999000e+03 -9.999000e+03 -9.999000e+03 -9.999000e+03 -9.999000e+03 -9.999000e+03 -9.999000e+03 -9.999000e+03 -9.999000e+03 -9.999000e+03 -9.999000e+03 -9.999000e+03 -9.999000e+03 -9.999000e+03 -9.999000e+03 -9.999000e+03 -9.999000e+03 -9.999000e+03 -9.999000e+03 -9.999000e+03 -9.999000e+03 -9.999000e+03 -9.999000e+03 1.090206e-02 1.304897e-02 1.228141e-02 1.204485e-02 1.004312e-02 9.978828e-03 1.014089e-02 1.013050e-02 9.923848e-03 1.193164e-02 1.258977e-02 1.285646e-02 1.299435e-02 1.297051e-02 9.400332e-03 1.174201e-02 1.265607e-02 1.304226e-02 9.509069e-03 1.295538e-02 9.353873e-03 1.157928e-02 1.231605e-02
-9.999000e+03 -9.999000e+03 -9.999000e+03 -9.999000e+03 -9.999000e+03 -9.999000e+03 -9.999000e+03 -9.999000e+03 -9.999000e+03 -9.999000e+03 -9.999000e+03 -9.999000e+03 -9.999000e+03 -9.999000e+03 -9.999000e+03 -9.999000e+03 -9.999000e+03 -9.999000e+03 -9.999000e+03 -9.999000e+03 -9.999000e+03 -9.999000e+03 -9.999000e+03 -9.999000e+03 -9.999000e+03 -9.999000e+03 -9.999000e+03 -9.999000e+03 -9.999000e+03 -9.999000e+03 1.224719e-02 -9.999000e+03 -9.999000e+03 -9.999000e+03 -9.999000e+03 -9.999000e+03 -9.999000e+03 -9.999000e+03 9.778865e-03 1.196484e-02 1.274184e-02 1.304088e-02 1.298023e-02 1.283840e-02 1.289851e-02 1.301967e-02 1.317818e-02 1.335984e-02 9.580113e-03 1.160375e-02 1.239364e-02 1.274608e-02
-9.999000e+03 -9.999000e+03 -9.999000e+03 -9.999000e+03 -9.999000e+03 -9.999000e+03 -9.999000e+03 -9.999000e+03 -9.999000e+03 -9.999000e+03 -9.999000e+03 -9.999000e+03 -9.999000e+03 -9.999000e+03 -9.999000e+03 -9.999000e+03 -9.999000e+03 -9.999000e+03 -9.999000e+03 -9.999000e+03 -9.999000e+03 -9.999000e+03 -9.999000e+03 -9.999000e+03 -9.999000e+03 -9.999000e+03 -9.999000e+03 -9.999000e+03 -9.999000e+03 -9.999000e+03 -9.999000e+03 -9.999000e+03 -9.999000e+03 -9.999000e+03 -9.999000e+03 -9.999000e+03 -9.999000e+03 -9.999000e+03 -9.999000e+03 -9.999000e+03 -9.999000e+03 9.764951e-03 9.699035e-03 9.522026e-03 1.177015e-02 1.267873e-02 1.309781e-02 1.336417e-02 1.307695e-02 1.266169e-02 1.277075e-02 1.303421e-02
-9.999000e+03 -9.999000e+03 -9.999000e+03 -9.999000e+03 -9.999000e+03 -9.999000e+03 -9.999000e+03 -9.999000e+03 -9.999000e+03 -9.999000e+03 -9.999000e+03 -9.999000e+03 -9.999000e+03 -9.999000e+03 -9.999000e+03 -9.999000e+03 -9.999000e+03 -9.999000e+03 -9.999000e+03 -9.999000e+03 -9.999000e+03 -9.999000e+03 -9.999000e+03 -9.999000e+03 -9.999000e+03 -9.999000e+03 -9.999000e+03 -9.999000e+03 -9.999000e+03 -9.999000e+03 -9.999000e+03 -9.999000e+03 -9.999000e+03 -9.999000e+03 -9.999000e+03 -9.999000e+03 -9.999000e+03 -9.999000e+03 -9.999000e+03 -9.999000e+03 -9.999000e+03 -9.999000e+03 -9.999000e+03 -9.999000e+03 9.401849e-03 9.444731e-03 1.193761e-02 1.292871e-02 9.573729e-03 1.155702e-02 1.250435e-02 1.314570e-02
-9.999000e+03 -9.999000e+03 -9.999000e+03 -9.999000e+03 -9.999000e+03 -9.999000e+03 -9.999000e+03 -9.999000e+03 -9.999000e+03 -9.999000e+03 -9.999000e+03 -9.999000e+03 -9.999000e+03 -9.999000e+03 -9.999000e+03 -9.999000e+03 -9.999000e+03 -9.999000e+03 -9.999000e+03 -9.999000e+03 -9.999000e+03 -9.999000e+03 -9.999000e+03 -9.999000e+03 -9.999000e+03 -9.999000e+03 -9.999000e+03 -9.999000e+03 -9.999000e+03 -9.999000e+03 -9.999000e+03 -9.999000e+03 -9.999000e+03 -9.999000e+03 -9.999000e+03 -9.999000e+03 -9.999000e+03 -9.999000e+03 -9.999000e+03 -9.999000e+03 -9.999000e+03 -9.999000e+03 -9.999000e+03 -9.999000e+03 -9.999000e+03 -9.999000e+03 -9.999000e+03 -9.999000e+03 -9.999000e+03 -9.999000e+03 9.294877e-03 1.208062e-02
-9.999000e+03 -9.999000e+03 -9.999000e+03 -9.999000e+03 -9.999000e+03 -9.999000e+03 -9.999000e+03 -9.999000e+03 -9.999000e+03 -9.999000e+03 -9.999000e+03 -9.999000e+03 -9.999000e+03 -9.999000e+03 -9.999000e+03 -9.999000e+03 -9.999000e+03 -9.999000e+03 -9.999000e+03 -9.999000e+03 -9.999000e+03 -9.999000e+03 -9.999000e+03 -9.999000e+03 -9.999000e+03 -9.999000e+03 -9.999000e+03 -9.999000e+03 -9.999000e+03 -9.999000e+03 -9.999000e+03 -9.999000e+03 -9.999000e+03 -9.999000e+03 -9.999000e+03 -9.999000e+03 -9.999000e+03 -9.999000e+03 -9.999000e+03 -9.999000e+03 -9.999000e+03 -9.999000e+03 -9.999000e+03 -9.999000e+03 -9.999000e+03 -9.999000e+03 -9.999000e+03 -9.999000e+03 -9.999000e+03 -9.999000e+03 -9.999000e+03 9.669219e-03
-9.999000e+03 -9.999000e+03 -9.999000e+03 -9.999000e+03 -9.999000e+03 -9.999000e+03 -9.999000e+03 -9.999000e+03 -9.999000e+03 -9.999000e+03 -9.999000e+03 -9.999000e+03 -9.999000e+03 -9.999000e+03 -9.999000e+03 -9.999000e+03 -9.999000e+03 -9.999000e+03 -9.999000e+03 -9.999000e+03 -9.999000e+03 -9.999000e+03 -9.999000e+03 -9.999000e+03 -9.999000e+03 -9.999000e+03 -9.999000e+03 -9.999000e+03 -9.999000e+03 -9.999000e+03 -9.999000e+03 -9.999000e+03 -9.999000e+03 -9.999000e+03 -9.999000e+03 -9.999000e+03 -9.999000e+03 -9.999000e+03 -9.999000e+03 -9.999000e+03 -9.999000e+03 -9.999000e+03 -9.999000e+03 -9.999000e+03 -9.999000e+03 -9.999000e+03 -9.999000e+03 -9.999000e+03 -9.999000e+03 -9.999000e+03 -9.999000e+03 -9.999000e+03
-9.999000e+03 -9.999000e+03 -9.999000e+03 -9.999000e+03 -9.999000e+03 -9.999000e+03 -9.999000e+03 -9.999000e+03 -9.999000e+03 -9.999000e+03 -9.999000e+03 -9.999000e+03 -9.999000e+03 -9.999000e+03 -9.999000e+03 -9.999000e+03 -9.999000e+03 -9.999000e+03 -9.999000e+03 -9.999000e+03 -9.999000e+03 -9.999000e+03 -9.999000e+03 -9.999000e+03 -9.999000e+03 -9.999000e+03 -9.999000e+03 -9.999000e+03 -9.999000e+03 -9.999000e+03 -9.999000e+03 -9.999000e+03 -9.999000e+03 -9.999000e+03 -9.999000e+03 -9.999000e+03 -9.999000e+03 -9.999000e+03 -9.999000e+03 -9.999000e+03 -9.999000e+03 -9.999000e+03 -9.999000e+03 -9.999000e+03 -9.999000e+03 -9.999000e+03 -9.999000e+03 -9.999000e+03 -9.999000e+03 -9.999000e+03 -9.999000e+03 -9.999000e+03
