tests/data/reference/test_implicit_stream_rill_mfda/mwlevel_m.asc
ncols	123
nrows	77
xllcorner	-713746.79929998
yllcorner	-1061022.36961616
cellsize	10.0
NODATA_value	-9999
[rows 23 to 45 of 77, columns 52 to 103 of 123]
1.120020e-02 1.279613e-02 1.291465e-02 1.305862e-02 1.310691e-02 1.310670e-02 1.312808e-02 1.316766e-02 1.315712e-02 1.310342e-02 1.309095e-02 1.311929e-02 1.312964e-02 1.317130e-02 1.329831e-02 1.344485e-02 2.576146e-02 1.320045e-02 1.298791e-02 1.282570e-02 1.269224e-02 1.256368e-02 1.232337e-02 1.255091e-02 9.330374e-03 1.169457e-02 2.928374e-02 1.724822e-02 2.314145e-02 1.360127e-02 1.276302e-02 1.164982e-02 9.506927e-03 9.826402e-03 -9.999000e+03 -9.999000e+03 -9.999000e+03 -9.999000e+03 -9.999000e+03 -9.999000e+03 -9.999000e+03 -9.999000e+03 -9.999000e+03 -9.999000e+03 -9.999000e+03 -9.999000e+03 -9.999000e+03 -9.999000e+03 -9.999000e+03 -9.999000e+03 -9.999000e+03 -9.999000e+03
1.113337e-02 1.222999e-02 1.297397e-02 1.308507e-02 1.312413e-02 1.313253e-02 1.316724e-02 1.321030e-02 1.318452e-02 1.312744e-02 1.312299e-02 1.312270e-02 1.315410e-02 1.325584e-02 1.337489e-02 1.344252e-02 2.779564e-02 1.304282e-02 1.294809e-02 1.284815e-02 1.276397e-02 1.271061e-02 1.263896e-02 1.267539e-02 1.150045e-02 1.244981e-02 9.481218e-03 2.939162e-02 1.634264e-02 2.121171e-02 1.705127e-02 1.265484e-02 1.171040e-02 1.177311e-02 9.930818e-03 -9.999000e+03 -9.999000e+03 -9.999000e+03 -9.999000e+03 -9.999000e+03 -9.999000e+03 -9.999000e+03 -9.999000e+03 -9.999000e+03 -9.999000e+03 -9.999000e+03 -9.999000e+03 -9.999000e+03 -9.999000e+03 -9.999000e+03 -9.999000e+03 -9.999000e+03
1.280635e-02 1.225319e-02 1.277642e-02 1.309241e-02 1.315910e-02 1.320875e-02 1.325314e-02 1.325107e-02 1.317228e-02 1.309081e-02 1.307611e-02 1.310745e-02 1.320734e-02 1.333708e-02 1.338218e-02 1.332979e-02 2.847147e-02 1.283794e-02 1.286000e-02 1.286416e-02 1.284220e-02 1.282846e-02 1.281301e-02 1.281315e-02 1.237626e-02 1.263266e-02 1.148387e-02 2.621067e-02 9.400105e-03 1.397261e-02 2.548607e-02 1.331879e-02 1.267616e-02 1.230996e-02 1.146093e-02 9.608990e-03 9.862066e-03 9.885798e-03 -9.999000e+03 -9.999000e+03 -9.999000e+03 -9.999000e+03 -9.999000e+03 -9.999000e+03 -9.999000e+03 -9.999000e+03 -9.999000e+03 -9.999000e+03 -9.999000e+03 -9.999000e+03 -9.999000e+03 -9.999000e+03
1.110786e-02 1.296560e-02 1.282102e-02 1.309737e-02 1.325477e-02 1.328080e-02 1.325995e-02 1.317627e-02 1.309151e-02 1.305486e-02 1.307925e-02 1.315423e-02 1.325214e-02 1.330830e-02 1.327858e-02 1.321587e-02 2.768466e-02 1.293261e-02 1.296405e-02 1.298436e-02 1.299643e-02 1.300554e-02 1.300038e-02 1.297242e-02 1.277274e-02 1.276262e-02 1.226280e-02 2.411241e-02 1.146787e-02 1.272665e-02 2.343178e-02 1.318259e-02 1.301919e-02 1.278605e-02 1.235395e-02 1.164575e-02 1.180894e-02 9.785768e-03 1.201624e-02 9.915149e-03 -9.999000e+03 -9.999000e+03 -9.999000e+03 -9.999000e+03 -9.999000e+03 -9.999000e+03 -9.999000e+03 -9.999000e+03 -9.999000e+03 -9.999000e+03 -9.999000e+03 -9.999000e+03
1.225110e-02 8.580079e-03 1.317651e-02 1.321650e-02 1.332077e-02 1.328907e-02 1.318099e-02 1.306653e-02 1.303236e-02 1.305879e-02 1.311428e-02 1.318655e-02 1.321956e-02 1.320080e-02 1.317585e-02 1.319780e-02 2.877501e-02 1.313487e-02 1.314063e-02 1.315197e-02 1.319077e-02 1.321615e-02 1.320399e-02 1.314430e-02 1.299861e-02 1.290053e-02 1.265668e-02 2.248285e-02 1.227709e-02 1.259113e-02 2.044332e-02 1.278467e-02 1.308642e-02 1.324046e-02 1.308154e-02 1.269005e-02 9.563767e-03 9.708295e-03 1.204951e-02 1.284921e-02 1.213715e-02 5.909654e-03 -9.999000e+03 -9.999000e+03 -9.999000e+03 -9.999000e+03 -9.999000e+03 -9.999000e+03 -9.999000e+03 -9.999000e+03 -9.999000e+03 -9.999000e+03
1.279904e-02 1.120537e-02 1.321946e-02 1.323019e-02 8.831430e-03 1.321902e-02 1.312472e-02 1.303899e-02 1.302365e-02 1.305560e-02 1.310369e-02 1.316208e-02 1.318713e-02 1.319758e-02 1.324483e-02 1.332134e-02 2.984132e-02 1.311343e-02 1.308007e-02 1.307615e-02 1.309898e-02 1.312427e-02 1.313381e-02 1.311632e-02 1.304996e-02 1.297040e-02 1.284585e-02 2.122724e-02 1.266877e-02 1.270655e-02 1.851930e-02 1.277277e-02 1.302036e-02 1.322177e-02 1.325085e-02 1.307734e-02 1.188549e-02 1.191654e-02 9.718454e-03 1.276900e-02 0.000000e+00 1.042223e-02 6.739245e-03 7.482766e-03 -9.999000e+03 -9.999000e+03 -9.999000e+03 -9.999000e+03 -9.999000e+03 -9.999000e+03 -9.999000e+03 -9.999000e+03
1.308773e-02 1.244167e-02 1.322574e-02 1.316573e-02 8.805831e-03 1.133468e-02 1.311340e-02 1.303556e-02 1.300005e-02 1.302493e-02 1.307321e-02 1.314068e-02 1.320743e-02 1.330027e-02 1.341391e-02 1.345838e-02 1.333120e-02 2.869796e-02 1.292293e-02 1.289998e-02 1.289104e-02 1.291390e-02 1.295743e-02 1.300586e-02 1.303179e-02 1.300853e-02 1.295788e-02 2.073323e-02 1.291437e-02 1.290724e-02 1.717010e-02 1.285499e-02 1.289492e-02 1.299455e-02 1.313980e-02 1.319090e-02 1.279335e-02 1.270617e-02 1.189989e-02 0.000000e+00 0.000000e+00 2.499840e-02 1.793236e-02 1.072846e-02 8.215073e-03 -9.999000e+03 -9.999000e+03 -9.999000e+03 -9.999000e+03 -9.999000e+03 -9.999000e+03 -9.999000e+03
1.330785e-02 1.303762e-02 1.325467e-02 1.315305e-02 1.132953e-02 8.796727e-03 1.239239e-02 1.298859e-02 1.299148e-02 1.308487e-02 1.318087e-02 1.327925e-02 1.336524e-02 1.344968e-02 1.346423e-02 1.334056e-02 1.311072e-02 1.288777e-02 2.439730e-02 1.283184e-02 1.285996e-02 1.290754e-02 1.295579e-02 1.299457e-02 1.302043e-02 1.302016e-02 1.302782e-02 1.995166e-02 1.301001e-02 1.296483e-02 1.574603e-02 1.284863e-02 1.282341e-02 1.284869e-02 9.395431e-03 9.508317e-03 1.292674e-02 1.284866e-02 0.000000e+00 0.000000e+00 1.169749e-02 2.103493e-02 1.530979e-02 1.219629e-02 1.062375e-02 8.480066e-03 -9.999000e+03 -9.999000e+03 -9.999000e+03 -9.999000e+03 -9.999000e+03 -9.999000e+03
1.352494e-02 1.334718e-02 1.329792e-02 1.317457e-02 1.243161e-02 1.129915e-02 8.735136e-03 1.272884e-02 1.307225e-02 1.324870e-02 1.339168e-02 1.351390e-02 1.357013e-02 1.353146e-02 1.334182e-02 1.306910e-02 1.283738e-02 1.268209e-02 2.206745e-02 1.282423e-02 1.290815e-02 1.298336e-02 1.302224e-02 1.302303e-02 1.301384e-02 1.302924e-02 1.308756e-02 1.907141e-02 1.305092e-02 1.296857e-02 1.432522e-02 1.281493e-02 1.278101e-02 9.086643e-03 9.230546e-03 9.357827e-03 1.279293e-02 0.000000e+00 0.000000e+00 1.089079e-02 1.287439e-02 1.770396e-02 1.383653e-02 1.298122e-02 1.230059e-02 1.041889e-02 1.058551e-02 -9.999000e+03 -9.999000e+03 -9.999000e+03 -9.999000e+03 -9.999000e+03
1.376419e-02 1.357032e-02 1.344836e-02 1.334680e-02 8.911894e-03 1.292729e-02 1.242790e-02 1.133872e-02 1.313827e-02 1.332127e-02 1.338405e-02 1.342140e-02 1.336720e-02 1.322315e-02 1.302228e-02 1.284401e-02 1.274823e-02 1.271423e-02 2.189903e-02 1.300580e-02 1.306820e-02 1.309165e-02 1.307378e-02 1.303563e-02 1.301565e-02 1.305165e-02 1.313251e-02 1.820889e-02 1.314832e-02 1.309609e-02 1.318958e-02 1.295038e-02 8.942925e-03 8.995555e-03 9.105634e-03 9.221657e-03 0.000000e+00 0.000000e+00 1.069131e-02 1.259296e-02 1.288148e-02 1.477637e-02 1.008910e-02 1.029591e-02 1.268049e-02 1.210430e-02 1.198838e-02 1.044585e-02 8.346953e-03 -9.999000e+03 -9.999000e+03 -9.999000e+03
1.409215e-02 1.373125e-02 1.355389e-02 1.349432e-02 1.342527e-02 1.157449e-02 1.320737e-02 1.304179e-02 1.258753e-02 1.321287e-02 1.317614e-02 1.309585e-02 1.296496e-02 1.284162e-02 1.276536e-02 1.274334e-02 1.279752e-02 1.289843e-02 1.305807e-02 2.476050e-02 1.327304e-02 1.320827e-02 1.311337e-02 1.303847e-02 1.302229e-02 1.308022e-02 1.317280e-02 1.732936e-02 1.327375e-02 1.328293e-02 1.324263e-02 8.953411e-03 8.982152e-03 8.995793e-03 0.000000e+00 0.000000e+00 0.000000e+00 9.331766e-03 1.253304e-02 1.287036e-02 1.281575e-02 9.553162e-03 9.698442e-03 1.185120e-02 1.270492e-02 1.286081e-02 1.296118e-02 1.029625e-02 1.043569e-02 7.238865e-03 -9.999000e+03 -9.999000e+03
9.059636e-02 8.329679e-02 1.395642e-02 1.387011e-02 1.326378e-02 1.319952e-02 1.252376e-02 1.312857e-02 1.304263e-02 1.282780e-02 1.299750e-02 1.291850e-02 1.282068e-02 1.276367e-02 1.275608e-02 1.279802e-02 1.291052e-02 1.306406e-02 1.324171e-02 3.943249e-02 1.338298e-02 1.333318e-02 1.324010e-02 1.316811e-02 1.316245e-02 1.322539e-02 1.329840e-02 1.647013e-02 1.332313e-02 1.332446e-02 1.328214e-02 8.974984e-03 8.978770e-03 0.000000e+00 0.000000e+00 1.072936e-02 9.231789e-03 1.165312e-02 1.291250e-02 1.287904e-02 9.329898e-03 9.404832e-03 9.502057e-03 1.242901e-02 1.271613e-02 1.281276e-02 1.011465e-02 1.009813e-02 1.008610e-02 1.720040e-02 1.050499e-02 7.158337e-03
2.304627e-02 2.076525e-02 6.995286e-02 1.340936e-02 1.341454e-02 1.334201e-02 1.327348e-02 1.305279e-02 1.322978e-02 1.318973e-02 1.310759e-02 1.312512e-02 1.308061e-02 1.307904e-02 1.311926e-02 1.323129e-02 1.341845e-02 1.362387e-02 1.382919e-02 1.399681e-02 4.440628e-02 1.399529e-02 1.391280e-02 1.383582e-02 1.338172e-02 1.344420e-02 1.347807e-02 1.557841e-02 1.335032e-02 1.329792e-02 1.323914e-02 8.964361e-03 0.000000e+00 0.000000e+00 1.035191e-02 1.275187e-02 1.165389e-02 1.254605e-02 1.295680e-02 9.144552e-03 9.223590e-03 9.317997e-03 9.418083e-03 9.550783e-03 1.273793e-02 1.264780e-02 9.759334e-03 1.183263e-02 1.190245e-02 1.479423e-02 1.010036e-02 1.727279e-02
9.581475e-03 1.204495e-02 1.308067e-02 6.515370e-02 6.596845e-02 6.113191e-02 6.006799e-02 1.337915e-02 1.343940e-02 1.360002e-02 1.365547e-02 1.365544e-02 1.373145e-02 1.382013e-02 1.891745e-02 1.396490e-02 1.401303e-02 1.401581e-02 1.400073e-02 1.396984e-02 9.752375e-03 4.519737e-02 1.877706e-02 1.379744e-02 1.393289e-02 1.403874e-02 1.348166e-02 1.427241e-02 1.327620e-02 1.319733e-02 1.315364e-02 0.000000e+00 0.000000e+00 8.965482e-03 1.247192e-02 1.315236e-02 1.258636e-02 1.289257e-02 1.299883e-02 9.085821e-03 9.148722e-03 9.247342e-03 9.345661e-03 9.461167e-03 1.283783e-02 1.280668e-02 1.189090e-02 1.255405e-02 1.256477e-02 1.347521e-02 1.187871e-02 1.473218e-02
1.295907e-02 1.321074e-02 1.351993e-02 1.395040e-02 1.374710e-02 1.330499e-02 1.338176e-02 5.933932e-02 6.276004e-02 6.582998e-02 6.805055e-02 6.893265e-02 7.133234e-02 7.607195e-02 8.189802e-02 8.795246e-02 8.802997e-02 1.469929e-02 1.436303e-02 1.406242e-02 1.371212e-02 1.200340e-02 4.362870e-02 1.366557e-02 1.388440e-02 1.398431e-02 1.397209e-02 1.326020e-02 1.314220e-02 1.306206e-02 0.000000e+00 0.000000e+00 8.886230e-03 8.933939e-03 1.297802e-02 1.311225e-02 1.291032e-02 1.303034e-02 1.305827e-02 9.066519e-03 9.108216e-03 9.196406e-03 9.284183e-03 9.388790e-03 9.514868e-03 9.639004e-03 1.281863e-02 1.301784e-02 1.292437e-02 1.305175e-02 1.245432e-02 1.339528e-02
1.178876e-02 1.281094e-02 1.341741e-02 3.709597e-02 3.859537e-02 3.659302e-02 3.675169e-02 3.881716e-02 4.085467e-02 4.292556e-02 4.469334e-02 4.602272e-02 4.781284e-02 5.029333e-02 5.308980e-02 5.578802e-02 5.588280e-02 9.807933e-02 1.034827e-01 1.411653e-02 1.389904e-02 1.360435e-02 4.711650e-02 1.389465e-02 1.393714e-02 1.388037e-02 1.377328e-02 1.369966e-02 1.305981e-02 0.000000e+00 0.000000e+00 8.891333e-03 8.867217e-03 8.914358e-03 1.305768e-02 1.305640e-02 1.299501e-02 1.302982e-02 9.020708e-03 9.019612e-03 9.052141e-03 9.137820e-03 9.228478e-03 9.322352e-03 9.432262e-03 9.564444e-03 9.681865e-03 1.310465e-02 1.307555e-02 1.307090e-02 1.285579e-02 1.309724e-02
1.293740e-02 2.326931e-02 2.345918e-02 1.301210e-02 1.302164e-02 1.293733e-02 1.298949e-02 1.311375e-02 1.321742e-02 1.332033e-02 1.342101e-02 1.389332e-02 1.401411e-02 1.415579e-02 1.430620e-02 1.443582e-02 2.053459e-02 2.558169e-02 2.492664e-02 9.363322e-02 9.884593e-02 9.279194e-02 9.848743e-02 5.817157e-02 1.400037e-02 1.374419e-02 1.360767e-02 1.347687e-02 0.000000e+00 0.000000e+00 9.008614e-03 1.138496e-02 8.856507e-03 8.905979e-03 1.306520e-02 1.303477e-02 1.300156e-02 1.298980e-02 8.953278e-03 8.947980e-03 8.975609e-03 9.060848e-03 9.170811e-03 9.271618e-03 9.344172e-03 9.433416e-03 9.563918e-03 1.303288e-02 1.312328e-02 1.321566e-02 1.321803e-02 1.323266e-02
2.662278e-02 1.279980e-02 1.279810e-02 1.281283e-02 1.271047e-02 1.257799e-02 1.258376e-02 1.266267e-02 1.273297e-02 1.282178e-02 1.293339e-02 1.304886e-02 1.316195e-02 1.328533e-02 1.342695e-02 1.395306e-02 1.411322e-02 1.985200e-02 2.038728e-02 2.612451e-02 2.987264e-02 3.608137e-02 2.685462e-02 1.257263e-01 7.152214e-02 1.405475e-02 1.372091e-02 9.713127e-03 0.000000e+00 1.089884e-02 1.154591e-02 1.245657e-02 8.828935e-03 1.137011e-02 1.304581e-02 1.304087e-02 1.301620e-02 1.298923e-02 8.900809e-03 8.896552e-03 8.927083e-03 9.003119e-03 9.116009e-03 9.238196e-03 9.299692e-03 9.343458e-03 9.445719e-03 9.570012e-03 1.300639e-02 1.309948e-02 1.316300e-02 1.317475e-02
1.286391e-02 1.280910e-02 1.280765e-02 1.281955e-02 1.273360e-02 1.258611e-02 1.254358e-02 1.256018e-02 1.255492e-02 1.258526e-02 1.268507e-02 1.279973e-02 1.288221e-02 1.295682e-02 1.305908e-02 1.316602e-02 1.786451e-02 1.337848e-02 1.398718e-02 1.438689e-02 1.450164e-02 0.000000e+00 0.000000e+00 0.000000e+00 1.275579e-01 7.325286e-02 1.349279e-02 0.000000e+00 0.000000e+00 1.343895e-02 1.319702e-02 1.293905e-02 8.792972e-03 1.234231e-02 1.301388e-02 1.305579e-02 1.304052e-02 8.888529e-03 8.859124e-03 8.851618e-03 8.895043e-03 8.973775e-03 9.077601e-03 9.210875e-03 9.284216e-03 9.299951e-03 9.347039e-03 9.429462e-03 1.285966e-02 1.290493e-02 1.295555e-02 1.301862e-02
1.283403e-02 1.277166e-02 1.276434e-02 1.279339e-02 1.275378e-02 1.263868e-02 1.258424e-02 1.256185e-02 1.248562e-02 1.243612e-02 1.250297e-02 1.261010e-02 1.267335e-02 1.271902e-02 1.278860e-02 1.607454e-02 1.292005e-02 1.298835e-02 1.315592e-02 1.341791e-02 1.398703e-02 1.400212e-02 1.426648e-02 0.000000e+00 0.000000e+00 0.000000e+00 6.976994e-02 0.000000e+00 1.031209e-02 1.423907e-02 1.385280e-02 1.374534e-02 1.146604e-02 1.289449e-02 1.307283e-02 1.305482e-02 1.302825e-02 8.859465e-03 8.832795e-03 8.808955e-03 8.844455e-03 8.934243e-03 9.044269e-03 9.183147e-03 9.269156e-03 9.287873e-03 9.310454e-03 1.172032e-02 1.288736e-02 1.290254e-02 1.292939e-02 1.294311e-02
1.281983e-02 1.279809e-02 1.278574e-02 1.281875e-02 1.283399e-02 1.278492e-02 1.275977e-02 1.274650e-02 1.262526e-02 1.248714e-02 1.246506e-02 1.251158e-02 1.255395e-02 1.257095e-02 1.623547e-02 1.265259e-02 1.264770e-02 1.264120e-02 1.273731e-02 1.291015e-02 1.303717e-02 1.343371e-02 1.371396e-02 1.417976e-02 1.423438e-02 0.000000e+00 0.000000e+00 0.000000e+00 4.555262e-02 1.292388e-02 1.884919e-02 1.412953e-02 1.288078e-02 1.334763e-02 1.321297e-02 1.306141e-02 1.299837e-02 8.818589e-03 8.810426e-03 8.782333e-03 8.796993e-03 8.880476e-03 9.002484e-03 9.155989e-03 9.255740e-03 9.292876e-03 9.318908e-03 1.262914e-02 1.297323e-02 1.296034e-02 1.296862e-02 1.291337e-02
1.281657e-02 1.282046e-02 1.277849e-02 1.278234e-02 1.284078e-02 1.286589e-02 1.287623e-02 1.286255e-02 1.277361e-02 1.260734e-02 1.250557e-02 1.250976e-02 1.251192e-02 1.818266e-02 1.253359e-02 1.252618e-02 1.243843e-02 1.239420e-02 1.250646e-02 1.257466e-02 1.265491e-02 1.274070e-02 1.325898e-02 1.368854e-02 1.379700e-02 1.799048e-02 0.000000e+00 0.000000e+00 0.000000e+00 0.000000e+00 2.095275e-02 1.431687e-02 1.385211e-02 1.333069e-02 1.321265e-02 1.310946e-02 1.304529e-02 8.785418e-03 8.768594e-03 8.752365e-03 8.760299e-03 8.821031e-03 8.930709e-03 9.082281e-03 9.189877e-03 9.247260e-03 9.289960e-03 1.292664e-02 1.301843e-02 1.296685e-02 1.291238e-02 1.284583e-02
1.300225e-02 1.294251e-02 1.277902e-02 1.267296e-02 1.273503e-02 1.282107e-02 1.273834e-02 1.277209e-02 1.278814e-02 1.271881e-02 1.271424e-02 1.260706e-02 2.165742e-02 1.265390e-02 1.259334e-02 1.244703e-02 1.233500e-02 1.238676e-02 1.231329e-02 1.242968e-02 1.244365e-02 1.243598e-02 1.264095e-02 1.332327e-02 1.344895e-02 0.000000e+00 0.000000e+00 1.155342e-02 1.355904e-02 0.000000e+00 0.000000e+00 0.000000e+00 1.362945e-02 1.346321e-02 1.309382e-02 1.315881e-02 1.312938e-02 8.772474e-03 8.725533e-03 8.717483e-03 8.727546e-03 8.767738e-03 8.847429e-03 8.971346e-03 9.074462e-03 9.150303e-03 9.218920e-03 1.298901e-02 1.304385e-02 1.297237e-02 1.283303e-02 1.276513e-02
