tests/data/reference/test_implicit_stream_rill_mfda/mwlevel_m.asc
ncols	123
nrows	77
xllcorner	-713746.79929998
yllcorner	-1061022.36961616
cellsize	10.0
NODATA_value	-9999
[rows 23 to 45 of 77, columns 52 to 103 of 123]
1.120979e-02 1.279787e-02 1.291531e-02 1.305854e-02 1.310652e-02 1.310607e-02 1.312725e-02 1.316669e-02 1.315602e-02 1.310258e-02 1.309077e-02 1.311918e-02 1.312955e-02 1.317113e-02 1.329782e-02 1.344316e-02 2.586950e-02 1.319802e-02 1.298778e-02 1.282611e-02 1.269356e-02 1.256648e-02 1.232871e-02 1.255361e-02 9.338528e-03 1.170237e-02 2.944337e-02 1.731549e-02 2.323643e-02 1.360264e-02 1.276810e-02 1.165787e-02 9.515028e-03 9.834329e-03 -9.999000e+03 -9.999000e+03 -9.999000e+03 -9.999000e+03 -9.999000e+03 -9.999000e+03 -9.999000e+03 -9.999000e+03 -9.999000e+03 -9.999000e+03 -9.999000e+03 -9.999000e+03 -9.999000e+03 -9.999000e+03 -9.999000e+03 -9.999000e+03 -9.999000e+03 -9.999000e+03
1.114302e-02 1.223747e-02 1.297459e-02 1.308501e-02 1.312357e-02 1.313173e-02 1.316627e-02 1.320915e-02 1.318328e-02 1.312625e-02 1.312197e-02 1.312193e-02 1.315329e-02 1.325485e-02 1.337358e-02 1.344075e-02 2.791629e-02 1.304148e-02 1.294784e-02 1.284847e-02 1.276489e-02 1.271229e-02 1.264203e-02 1.267709e-02 1.150890e-02 1.245487e-02 9.489328e-03 2.955367e-02 1.640049e-02 2.132845e-02 1.708246e-02 1.265987e-02 1.171836e-02 1.178037e-02 9.938666e-03 -9.999000e+03 -9.999000e+03 -9.999000e+03 -9.999000e+03 -9.999000e+03 -9.999000e+03 -9.999000e+03 -9.999000e+03 -9.999000e+03 -9.999000e+03 -9.999000e+03 -9.999000e+03 -9.999000e+03 -9.999000e+03 -9.999000e+03 -9.999000e+03 -9.999000e+03
1.280816e-02 1.226084e-02 1.278081e-02 1.309226e-02 1.315842e-02 1.320772e-02 1.325191e-02 1.324974e-02 1.317095e-02 1.308960e-02 1.307502e-02 1.310639e-02 1.320620e-02 1.333564e-02 1.338044e-02 1.332784e-02 2.851097e-02 1.283743e-02 1.285990e-02 1.286440e-02 1.284280e-02 1.282942e-02 1.281456e-02 1.281419e-02 1.238217e-02 1.263542e-02 1.149206e-02 2.635559e-02 9.408241e-03 1.402696e-02 2.560879e-02 1.332005e-02 1.268099e-02 1.231475e-02 1.146831e-02 9.617046e-03 9.869967e-03 9.893682e-03 -9.999000e+03 -9.999000e+03 -9.999000e+03 -9.999000e+03 -9.999000e+03 -9.999000e+03 -9.999000e+03 -9.999000e+03 -9.999000e+03 -9.999000e+03 -9.999000e+03 -9.999000e+03 -9.999000e+03 -9.999000e+03
1.111776e-02 1.296626e-02 1.282545e-02 1.309904e-02 1.325389e-02 1.327955e-02 1.325852e-02 1.317484e-02 1.309017e-02 1.305368e-02 1.307819e-02 1.315314e-02 1.325086e-02 1.330674e-02 1.327677e-02 1.321397e-02 2.771688e-02 1.293245e-02 1.296395e-02 1.298435e-02 1.299657e-02 1.300582e-02 1.300087e-02 1.297280e-02 1.277588e-02 1.276410e-02 1.226865e-02 2.424561e-02 1.147621e-02 1.272659e-02 2.357469e-02 1.318178e-02 1.302089e-02 1.278863e-02 1.235920e-02 1.165356e-02 1.181608e-02 9.793723e-03 1.202307e-02 9.923010e-03 -9.999000e+03 -9.999000e+03 -9.999000e+03 -9.999000e+03 -9.999000e+03 -9.999000e+03 -9.999000e+03 -9.999000e+03 -9.999000e+03 -9.999000e+03 -9.999000e+03 -9.999000e+03
1.225902e-02 8.588143e-03 1.317628e-02 1.321796e-02 1.332042e-02 1.328758e-02 1.317949e-02 1.306517e-02 1.303115e-02 1.305769e-02 1.311324e-02 1.318544e-02 1.321828e-02 1.319933e-02 1.317421e-02 1.319603e-02 2.880852e-02 1.313440e-02 1.314010e-02 1.315143e-02 1.319021e-02 1.321558e-02 1.320351e-02 1.314394e-02 1.299973e-02 1.290122e-02 1.266011e-02 2.251397e-02 1.228307e-02 1.259189e-02 2.056345e-02 1.278415e-02 1.308636e-02 1.324084e-02 1.308383e-02 1.269485e-02 9.571844e-03 9.716299e-03 1.205651e-02 1.285253e-02 1.214374e-02 5.912027e-03 -9.999000e+03 -9.999000e+03 -9.999000e+03 -9.999000e+03 -9.999000e+03 -9.999000e+03 -9.999000e+03 -9.999000e+03 -9.999000e+03 -9.999000e+03
1.280369e-02 1.121530e-02 1.321849e-02 1.322968e-02 8.839578e-03 1.321767e-02 1.312317e-02 1.303773e-02 1.302262e-02 1.305467e-02 1.310273e-02 1.316098e-02 1.318585e-02 1.319615e-02 1.324323e-02 1.331956e-02 2.987507e-02 1.311257e-02 1.307924e-02 1.307530e-02 1.309802e-02 1.312322e-02 1.313278e-02 1.311546e-02 1.304991e-02 1.297053e-02 1.284751e-02 2.126079e-02 1.267223e-02 1.270756e-02 1.862334e-02 1.277291e-02 1.301978e-02 1.322076e-02 1.325066e-02 1.307890e-02 1.189315e-02 1.192387e-02 9.726452e-03 1.277253e-02 0.000000e+00 1.042713e-02 6.742554e-03 7.486947e-03 -9.999000e+03 -9.999000e+03 -9.999000e+03 -9.999000e+03 -9.999000e+03 -9.999000e+03 -9.999000e+03 -9.999000e+03
1.308951e-02 1.244932e-02 1.322434e-02 1.316449e-02 8.813972e-03 1.134414e-02 1.311197e-02 1.303436e-02 1.299917e-02 1.302416e-02 1.307238e-02 1.313966e-02 1.320614e-02 1.329869e-02 1.341204e-02 1.345629e-02 1.332920e-02 2.872912e-02 1.292231e-02 1.289938e-02 1.289037e-02 1.291312e-02 1.295657e-02 1.300502e-02 1.303128e-02 1.300829e-02 1.295844e-02 2.079472e-02 1.291594e-02 1.290793e-02 1.726301e-02 1.285532e-02 1.289453e-02 1.299354e-02 1.313869e-02 1.319049e-02 1.279751e-02 1.271021e-02 1.190721e-02 0.000000e+00 0.000000e+00 2.504919e-02 1.794962e-02 1.073531e-02 8.220105e-03 -9.999000e+03 -9.999000e+03 -9.999000e+03 -9.999000e+03 -9.999000e+03 -9.999000e+03 -9.999000e+03
1.330759e-02 1.304146e-02 1.325305e-02 1.315170e-02 1.133904e-02 8.804866e-03 1.239938e-02 1.298754e-02 1.299067e-02 1.308412e-02 1.317999e-02 1.327810e-02 1.336375e-02 1.344780e-02 1.346207e-02 1.333837e-02 1.310884e-02 1.288647e-02 2.442445e-02 1.283169e-02 1.285974e-02 1.290717e-02 1.295525e-02 1.299392e-02 1.301982e-02 1.301970e-02 1.302772e-02 2.026077e-02 1.301036e-02 1.296501e-02 1.584250e-02 1.284892e-02 1.282339e-02 1.284827e-02 9.403568e-03 9.516417e-03 1.292811e-02 1.285024e-02 0.000000e+00 0.000000e+00 1.163493e-02 2.113203e-02 1.532207e-02 1.220113e-02 1.063077e-02 8.485398e-03 -9.999000e+03 -9.999000e+03 -9.999000e+03 -9.999000e+03 -9.999000e+03 -9.999000e+03
1.352313e-02 1.334771e-02 1.329612e-02 1.317323e-02 1.243863e-02 1.130868e-02 8.743258e-03 1.273267e-02 1.307144e-02 1.324774e-02 1.339038e-02 1.351218e-02 1.356802e-02 1.352913e-02 1.333957e-02 1.306723e-02 1.283604e-02 1.268138e-02 2.209347e-02 1.282438e-02 1.290813e-02 1.298311e-02 1.302179e-02 1.302247e-02 1.301324e-02 1.302867e-02 1.308702e-02 1.939091e-02 1.305061e-02 1.296841e-02 1.441030e-02 1.281523e-02 1.278130e-02 9.094821e-03 9.238716e-03 9.365974e-03 1.279341e-02 0.000000e+00 0.000000e+00 1.086263e-02 1.287798e-02 1.779290e-02 1.383205e-02 1.298286e-02 1.230541e-02 1.042621e-02 1.059259e-02 -9.999000e+03 -9.999000e+03 -9.999000e+03 -9.999000e+03 -9.999000e+03
1.376094e-02 1.356853e-02 1.344615e-02 1.334516e-02 8.920057e-03 1.293084e-02 1.243500e-02 1.134836e-02 1.313961e-02 1.332009e-02 1.338244e-02 1.341935e-02 1.336487e-02 1.322086e-02 1.302032e-02 1.284261e-02 1.274745e-02 1.271402e-02 2.192617e-02 1.300584e-02 1.306796e-02 1.309116e-02 1.307319e-02 1.303504e-02 1.301507e-02 1.305101e-02 1.313165e-02 1.854441e-02 1.314756e-02 1.309561e-02 1.329176e-02 1.295053e-02 8.951092e-03 9.003729e-03 9.113812e-03 9.229828e-03 0.000000e+00 0.000000e+00 1.065909e-02 1.260015e-02 1.288481e-02 1.484673e-02 1.009680e-02 1.030339e-02 1.268278e-02 1.210991e-02 1.199389e-02 1.045314e-02 8.352135e-03 -9.999000e+03 -9.999000e+03 -9.999000e+03
1.408705e-02 1.372712e-02 1.355092e-02 1.349163e-02 1.342311e-02 1.158372e-02 1.320814e-02 1.304527e-02 1.259451e-02 1.321249e-02 1.317466e-02 1.309420e-02 1.296329e-02 1.284011e-02 1.276417e-02 1.274257e-02 1.279715e-02 1.289835e-02 1.305808e-02 2.479064e-02 1.327215e-02 1.320733e-02 1.311255e-02 1.303782e-02 1.302171e-02 1.307947e-02 1.317168e-02 1.767791e-02 1.327248e-02 1.328186e-02 1.324187e-02 8.961580e-03 8.990324e-03 9.003966e-03 0.000000e+00 0.000000e+00 0.000000e+00 9.336223e-03 1.254065e-02 1.287525e-02 1.281678e-02 9.561244e-03 9.706451e-03 1.185746e-02 1.270614e-02 1.286327e-02 1.296346e-02 1.030373e-02 1.044299e-02 7.242760e-03 -9.999000e+03 -9.999000e+03
9.077520e-02 8.347523e-02 1.395146e-02 1.386597e-02 1.326130e-02 1.319744e-02 1.252999e-02 1.312792e-02 1.304344e-02 1.283119e-02 1.299663e-02 1.291744e-02 1.281979e-02 1.276303e-02 1.275570e-02 1.279785e-02 1.291044e-02 1.306388e-02 1.324125e-02 3.960115e-02 1.338129e-02 1.333164e-02 1.323892e-02 1.316724e-02 1.316165e-02 1.322432e-02 1.329692e-02 1.679800e-02 1.332138e-02 1.332278e-02 1.328074e-02 8.983155e-03 8.986942e-03 0.000000e+00 0.000000e+00 1.065650e-02 9.236041e-03 1.166195e-02 1.291835e-02 1.288060e-02 9.338051e-03 9.412967e-03 9.510159e-03 1.243297e-02 1.271706e-02 1.281361e-02 1.012234e-02 1.010582e-02 1.009380e-02 1.721738e-02 1.051219e-02 7.162137e-03
2.312647e-02 2.085799e-02 7.010762e-02 1.340675e-02 1.341217e-02 1.333958e-02 1.327134e-02 1.305521e-02 1.322822e-02 1.318884e-02 1.310818e-02 1.312381e-02 1.307945e-02 1.307812e-02 1.311852e-02 1.323056e-02 1.341749e-02 1.362244e-02 1.382709e-02 1.399393e-02 4.458962e-02 1.399175e-02 1.390975e-02 1.383318e-02 1.338026e-02 1.344241e-02 1.347592e-02 1.590443e-02 1.334824e-02 1.329596e-02 1.323745e-02 8.972531e-03 0.000000e+00 0.000000e+00 1.031324e-02 1.275624e-02 1.166293e-02 1.255205e-02 1.295865e-02 9.152729e-03 9.231761e-03 9.326152e-03 9.426214e-03 9.558866e-03 1.273874e-02 1.264861e-02 9.767306e-03 1.183929e-02 1.190903e-02 1.479953e-02 1.010806e-02 1.728985e-02
9.589540e-03 1.205319e-02 1.308578e-02 6.531095e-02 6.613735e-02 6.129912e-02 6.023780e-02 1.337808e-02 1.344006e-02 1.359877e-02 1.365440e-02 1.365501e-02 1.373027e-02 1.381898e-02 1.894614e-02 1.396351e-02 1.401117e-02 1.401343e-02 1.399780e-02 1.396644e-02 9.760393e-03 4.538522e-02 1.880150e-02 1.379472e-02 1.392947e-02 1.403485e-02 1.347896e-02 1.462893e-02 1.327412e-02 1.319550e-02 1.315207e-02 0.000000e+00 0.000000e+00 8.973652e-03 1.247956e-02 1.315885e-02 1.259251e-02 1.289530e-02 1.299898e-02 9.093999e-03 9.156899e-03 9.255510e-03 9.353810e-03 9.469284e-03 1.283839e-02 1.280739e-02 1.189816e-02 1.255804e-02 1.256861e-02 1.347323e-02 1.188530e-02 1.473765e-02
1.296471e-02 1.321345e-02 1.352069e-02 1.394932e-02 1.374515e-02 1.330376e-02 1.338123e-02 5.949808e-02 6.292972e-02 6.600943e-02 6.824347e-02 6.913455e-02 7.154837e-02 7.631341e-02 8.217343e-02 8.827616e-02 8.837678e-02 1.469784e-02 1.435923e-02 1.405909e-02 1.370943e-02 1.201135e-02 4.380511e-02 1.366341e-02 1.388109e-02 1.398050e-02 1.396794e-02 1.325796e-02 1.314049e-02 1.306069e-02 0.000000e+00 0.000000e+00 8.894389e-03 8.942106e-03 1.298509e-02 1.311391e-02 1.291304e-02 1.303101e-02 1.305782e-02 9.074697e-03 9.116394e-03 9.204579e-03 9.292345e-03 9.396929e-03 9.522965e-03 9.647045e-03 1.282246e-02 1.301925e-02 1.292588e-02 1.304955e-02 1.245838e-02 1.339365e-02
1.179773e-02 1.281732e-02 1.342051e-02 3.710026e-02 3.861454e-02 3.661620e-02 3.677895e-02 3.884980e-02 4.089260e-02 4.296784e-02 4.473942e-02 4.607307e-02 4.786600e-02 5.035266e-02 5.315345e-02 5.585939e-02 5.595033e-02 9.844203e-02 1.039048e-01 1.411235e-02 1.389591e-02 1.360248e-02 4.731077e-02 1.389243e-02 1.393413e-02 1.387721e-02 1.377006e-02 1.369667e-02 1.305857e-02 0.000000e+00 0.000000e+00 8.899493e-03 8.875372e-03 8.922522e-03 1.305998e-02 1.305604e-02 1.299570e-02 1.302957e-02 9.028883e-03 9.027787e-03 9.060318e-03 9.145997e-03 9.236648e-03 9.330507e-03 9.440388e-03 9.572521e-03 9.689883e-03 1.310445e-02 1.307556e-02 1.306958e-02 1.285768e-02 1.309512e-02
1.293683e-02 2.327075e-02 2.346062e-02 1.301223e-02 1.302176e-02 1.293777e-02 1.299020e-02 1.311448e-02 1.321797e-02 1.332063e-02 1.342102e-02 1.389195e-02 1.401220e-02 1.415322e-02 1.430290e-02 1.443177e-02 2.057684e-02 2.565738e-02 2.502865e-02 9.398411e-02 9.924384e-02 9.319375e-02 9.893049e-02 5.840244e-02 1.399728e-02 1.374173e-02 1.360561e-02 1.347499e-02 0.000000e+00 0.000000e+00 9.015377e-03 1.139429e-02 8.864660e-03 8.914141e-03 1.306522e-02 1.303404e-02 1.300140e-02 1.298931e-02 8.961447e-03 8.956149e-03 8.983781e-03 9.069025e-03 9.178987e-03 9.279783e-03 9.352323e-03 9.441542e-03 9.571995e-03 1.303221e-02 1.312253e-02 1.321440e-02 1.321798e-02 1.323095e-02
2.662406e-02 1.280005e-02 1.279849e-02 1.281327e-02 1.271104e-02 1.257885e-02 1.258491e-02 1.266392e-02 1.273418e-02 1.282293e-02 1.293446e-02 1.304972e-02 1.316245e-02 1.328541e-02 1.342660e-02 1.395116e-02 1.411071e-02 1.995820e-02 2.042974e-02 2.620629e-02 2.998992e-02 3.614930e-02 2.700169e-02 1.262418e-01 7.184859e-02 1.405189e-02 1.371917e-02 9.721158e-03 0.000000e+00 1.085982e-02 1.155509e-02 1.246331e-02 8.837082e-03 1.137942e-02 1.304518e-02 1.304015e-02 1.301575e-02 1.298875e-02 8.908970e-03 8.904713e-03 8.935249e-03 9.011293e-03 9.124187e-03 9.246365e-03 9.307852e-03 9.351608e-03 9.453841e-03 9.578086e-03 1.300562e-02 1.309829e-02 1.316197e-02 1.317325e-02
1.286396e-02 1.280938e-02 1.280809e-02 1.282002e-02 1.273416e-02 1.258691e-02 1.254463e-02 1.256133e-02 1.255613e-02 1.258657e-02 1.268650e-02 1.280109e-02 1.288336e-02 1.295778e-02 1.305978e-02 1.316646e-02 1.788910e-02 1.337829e-02 1.398548e-02 1.438416e-02 1.449824e-02 0.000000e+00 0.000000e+00 0.000000e+00 1.279973e-01 7.377250e-02 1.349090e-02 0.000000e+00 0.000000e+00 1.344597e-02 1.320234e-02 1.294236e-02 8.801110e-03 1.234916e-02 1.301320e-02 1.305507e-02 1.303994e-02 8.896688e-03 8.867277e-03 8.859770e-03 8.903204e-03 8.981946e-03 9.085779e-03 9.219047e-03 9.292379e-03 9.308110e-03 9.355188e-03 9.437589e-03 1.285935e-02 1.290429e-02 1.295474e-02 1.301757e-02
1.283403e-02 1.277195e-02 1.276473e-02 1.279379e-02 1.275423e-02 1.263931e-02 1.258501e-02 1.256267e-02 1.248651e-02 1.243733e-02 1.250442e-02 1.261163e-02 1.267484e-02 1.272035e-02 1.278988e-02 1.608455e-02 1.292100e-02 1.298929e-02 1.315689e-02 1.341849e-02 1.398575e-02 1.400059e-02 1.426471e-02 0.000000e+00 0.000000e+00 0.000000e+00 6.858805e-02 0.000000e+00 1.031282e-02 1.424261e-02 1.385368e-02 1.374476e-02 1.147553e-02 1.289811e-02 1.307212e-02 1.305407e-02 1.302762e-02 8.867618e-03 8.840942e-03 8.817097e-03 8.852605e-03 8.942410e-03 9.052446e-03 9.191322e-03 9.277321e-03 9.296035e-03 9.318611e-03 1.172842e-02 1.288733e-02 1.290231e-02 1.292898e-02 1.294253e-02
1.281957e-02 1.279809e-02 1.278586e-02 1.281896e-02 1.283433e-02 1.278539e-02 1.276024e-02 1.274689e-02 1.262606e-02 1.248824e-02 1.246647e-02 1.251317e-02 1.255528e-02 1.257244e-02 1.624372e-02 1.265386e-02 1.264912e-02 1.264314e-02 1.273939e-02 1.291158e-02 1.303883e-02 1.343416e-02 1.371382e-02 1.417899e-02 1.423239e-02 0.000000e+00 0.000000e+00 0.000000e+00 2.980914e-02 1.293004e-02 1.889281e-02 1.412684e-02 1.288706e-02 1.334829e-02 1.321196e-02 1.306064e-02 1.299778e-02 8.826733e-03 8.818568e-03 8.790468e-03 8.805132e-03 8.888634e-03 9.010658e-03 9.164166e-03 9.263906e-03 9.301037e-03 9.327064e-03 1.263412e-02 1.297311e-02 1.296016e-02 1.296832e-02 1.291311e-02
1.281570e-02 1.281989e-02 1.277819e-02 1.278241e-02 1.284116e-02 1.286636e-02 1.287656e-02 1.286365e-02 1.277479e-02 1.260875e-02 1.250722e-02 1.251064e-02 1.251329e-02 1.819174e-02 1.253465e-02 1.252763e-02 1.244091e-02 1.239698e-02 1.250818e-02 1.257773e-02 1.265780e-02 1.274347e-02 1.326085e-02 1.368964e-02 1.379755e-02 1.805005e-02 0.000000e+00 0.000000e+00 0.000000e+00 0.000000e+00 2.101640e-02 1.431278e-02 1.385267e-02 1.332945e-02 1.321132e-02 1.310860e-02 1.304469e-02 8.793554e-03 8.776726e-03 8.760492e-03 8.768428e-03 8.829176e-03 8.938875e-03 9.090459e-03 9.198051e-03 9.255428e-03 9.298121e-03 1.292865e-02 1.301808e-02 1.296659e-02 1.291217e-02 1.284583e-02
1.300058e-02 1.294118e-02 1.277817e-02 1.267280e-02 1.273537e-02 1.282146e-02 1.274091e-02 1.277460e-02 1.279069e-02 1.272143e-02 1.271451e-02 1.260847e-02 2.171713e-02 1.265454e-02 1.259499e-02 1.245059e-02 1.233876e-02 1.238801e-02 1.231780e-02 1.243433e-02 1.244831e-02 1.244081e-02 1.264595e-02 1.332722e-02 1.345225e-02 0.000000e+00 0.000000e+00 1.150793e-02 1.356378e-02 0.000000e+00 0.000000e+00 0.000000e+00 1.362797e-02 1.346076e-02 1.309253e-02 1.315777e-02 1.312859e-02 8.780606e-03 8.733651e-03 8.725599e-03 8.735665e-03 8.775869e-03 8.855580e-03 8.979517e-03 9.082640e-03 9.158479e-03 9.227092e-03 1.298939e-02 1.304329e-02 1.297206e-02 1.283305e-02 1.276543e-02
