tests/data/reference/test_implicit_stream_rill_mfda/mwlevel_m.asc
ncols	123
nrows	77
xllcorner	-713746.79929998
yllcorner	-1061022.36961616
cellsize	10.0
NODATA_value	-9999
[rows 46 to 68 of 77, columns 0 to 51 of 123]
-9.999000e+03 -9.999000e+03 -9.999000e+03 -9.999000e+03 -9.999000e+03 -9.999000e+03 7.225398e-03 1.787779e-02 1.314878e-02 1.317340e-02 1.061870e-02 1.248873e-02 1.307183e-02 1.318268e-02 1.326178e-02 1.332322e-02 1.323539e-02 1.308905e-02 1.288009e-02 1.267072e-02 1.269200e-02 1.199102e-02 1.204833e-02 1.214663e-02 1.280364e-02 1.286194e-02 1.299852e-02 1.317952e-02 1.315417e-02 1.307378e-02 1.307802e-02 3.137091e-02 3.198608e-02 1.311371e-02 1.306958e-02 1.302658e-02 1.295836e-02 1.290530e-02 1.290489e-02 1.291602e-02 1.297105e-02 1.306534e-02 1.314166e-02 1.317587e-02 1.324879e-02 1.335231e-02 1.338169e-02 1.338906e-02 1.345625e-02 1.356756e-02 1.353745e-02 1.334771e-02
-9.999000e+03 -9.999000e+03 -9.999000e+03 -9.999000e+03 -9.999000e+03 -9.999000e+03 2.542059e-02 1.428635e-02 1.250387e-02 1.240761e-02 1.043019e-02 1.277345e-02 1.283889e-02 1.293241e-02 1.306128e-02 1.315240e-02 1.327862e-02 1.326868e-02 1.306422e-02 1.282645e-02 9.996628e-03 9.902326e-03 9.855111e-03 9.859064e-03 1.205024e-02 1.267243e-02 1.296164e-02 2.714803e-02 2.848616e-02 2.916539e-02 3.013205e-02 1.322795e-02 1.315330e-02 1.307058e-02 1.300862e-02 1.295766e-02 1.289258e-02 1.283697e-02 1.285039e-02 1.286929e-02 1.288563e-02 1.292124e-02 1.296874e-02 1.301534e-02 1.309846e-02 1.322298e-02 1.330839e-02 1.333765e-02 1.335728e-02 1.344012e-02 1.351145e-02 1.346883e-02
-9.999000e+03 -9.999000e+03 -9.999000e+03 -9.999000e+03 -9.999000e+03 7.863533e-03 1.413360e-02 1.607803e-02 1.052931e-02 1.048814e-02 1.220000e-02 1.257613e-02 1.263505e-02 1.285159e-02 1.273977e-02 1.297961e-02 1.317981e-02 1.329125e-02 1.312677e-02 1.290759e-02 1.590460e-02 1.823766e-02 2.015425e-02 2.237344e-02 2.345879e-02 2.463620e-02 2.597921e-02 1.330736e-02 1.331097e-02 1.322833e-02 1.321532e-02 1.323581e-02 1.315468e-02 1.305295e-02 1.297762e-02 1.292581e-02 1.286069e-02 1.278820e-02 1.280142e-02 1.284091e-02 1.285660e-02 1.286212e-02 1.286769e-02 1.288442e-02 1.294370e-02 1.305431e-02 1.318042e-02 1.327405e-02 1.328662e-02 1.331373e-02 1.341848e-02 1.347388e-02
-9.999000e+03 -9.999000e+03 -9.999000e+03 -9.999000e+03 1.095888e-02 1.454713e-02 1.295011e-02 1.489226e-02 1.065664e-02 1.074631e-02 1.233392e-02 1.270989e-02 1.321684e-02 1.217051e-02 1.272156e-02 1.292172e-02 1.309706e-02 1.323115e-02 1.306717e-02 1.286399e-02 1.286233e-02 1.293225e-02 1.303790e-02 1.299051e-02 1.316440e-02 1.328022e-02 1.330076e-02 1.334005e-02 1.339275e-02 1.337569e-02 1.334422e-02 1.336089e-02 1.334327e-02 1.328475e-02 1.320895e-02 1.313368e-02 1.303159e-02 1.289304e-02 1.283202e-02 1.284137e-02 1.287791e-02 1.289444e-02 1.286319e-02 1.283117e-02 1.284150e-02 1.290243e-02 1.302250e-02 1.316348e-02 1.321082e-02 1.321166e-02 1.327064e-02 1.339090e-02
-9.999000e+03 -9.999000e+03 -9.999000e+03 -9.999000e+03 7.704245e-03 1.318732e-02 1.228126e-02 1.255034e-02 1.247605e-02 1.091007e-02 1.280867e-02 1.617424e-02 1.054866e-02 1.216983e-02 1.264808e-02 1.284500e-02 1.302230e-02 1.318194e-02 1.304166e-02 1.282675e-02 1.277396e-02 1.306942e-02 1.270465e-02 1.288990e-02 1.303956e-02 1.318980e-02 1.323629e-02 1.326839e-02 1.335136e-02 1.339841e-02 1.336721e-02 1.335511e-02 1.336316e-02 1.336146e-02 1.333078e-02 1.327311e-02 1.318563e-02 1.304309e-02 1.291439e-02 1.286257e-02 1.291485e-02 1.296403e-02 1.291304e-02 1.284264e-02 1.280626e-02 1.281215e-02 1.290034e-02 1.304515e-02 1.311974e-02 1.296157e-02 1.304753e-02 1.318164e-02
-9.999000e+03 -9.999000e+03 -9.999000e+03 7.697795e-03 1.502423e-02 1.428733e-02 1.080905e-02 1.234232e-02 1.102165e-02 1.264196e-02 1.475890e-02 1.280313e-02 1.068623e-02 1.212862e-02 1.252018e-02 1.274213e-02 1.291303e-02 1.307878e-02 1.299970e-02 1.275032e-02 1.357653e-02 1.179897e-02 1.239402e-02 1.255966e-02 1.269533e-02 1.286079e-02 1.294882e-02 1.299211e-02 1.307841e-02 1.315496e-02 1.314086e-02 1.310933e-02 1.310365e-02 1.313396e-02 1.318325e-02 1.321468e-02 1.322516e-02 1.317144e-02 1.302617e-02 1.291241e-02 1.297088e-02 1.307004e-02 1.304180e-02 1.296448e-02 1.288441e-02 1.282304e-02 1.284628e-02 1.294607e-02 1.254386e-02 1.255060e-02 1.259722e-02 1.270367e-02
-9.999000e+03 -9.999000e+03 -9.999000e+03 8.237273e-03 1.476321e-02 1.224345e-02 1.111538e-02 1.132379e-02 1.244257e-02 1.247795e-02 1.374323e-02 1.266468e-02 1.088201e-02 1.204155e-02 1.240439e-02 1.265430e-02 1.278517e-02 1.294387e-02 1.297834e-02 1.658695e-02 9.973159e-03 1.164767e-02 1.209508e-02 1.223138e-02 1.235300e-02 1.253452e-02 1.266521e-02 1.273953e-02 1.284335e-02 1.294762e-02 1.296356e-02 1.293076e-02 1.289783e-02 1.291506e-02 1.299483e-02 1.307280e-02 1.315857e-02 1.320851e-02 1.309839e-02 1.293788e-02 1.297240e-02 1.310319e-02 1.313199e-02 1.309107e-02 1.300273e-02 1.290785e-02 1.288055e-02 1.149932e-02 1.153889e-02 1.156156e-02 1.158590e-02 2.299856e-02
-9.999000e+03 -9.999000e+03 9.676453e-03 1.012276e-02 1.243573e-02 1.218280e-02 1.154286e-02 1.169172e-02 1.157217e-02 1.176188e-02 1.340059e-02 1.275483e-02 1.118621e-02 1.203460e-02 1.236768e-02 1.253715e-02 1.254735e-02 1.264678e-02 1.512634e-02 1.286303e-02 1.032430e-02 1.171504e-02 1.194358e-02 1.202441e-02 1.210777e-02 1.222570e-02 1.239172e-02 1.254043e-02 1.268501e-02 1.283870e-02 1.291740e-02 1.291130e-02 1.283294e-02 1.279241e-02 1.282019e-02 1.287484e-02 1.296253e-02 1.306727e-02 1.304023e-02 1.291168e-02 1.290977e-02 1.301705e-02 1.309890e-02 1.313551e-02 1.310182e-02 1.303641e-02 9.175040e-03 9.119482e-03 9.111087e-03 9.145029e-03 2.405645e-02 1.312836e-02
-9.999000e+03 -9.999000e+03 4.163911e-02 1.292061e-02 1.113640e-02 1.151410e-02 1.183897e-02 1.153205e-02 1.300037e-02 1.394321e-02 1.170017e-02 1.275851e-02 1.146163e-02 1.216985e-02 1.223962e-02 1.229683e-02 1.218094e-02 1.216957e-02 1.245877e-02 1.391559e-02 1.078460e-02 1.163833e-02 1.167340e-02 1.191682e-02 1.188709e-02 1.193225e-02 1.214865e-02 1.232709e-02 1.249591e-02 1.267141e-02 1.279771e-02 1.284107e-02 1.280378e-02 1.270043e-02 1.271508e-02 1.275435e-02 1.283187e-02 1.293061e-02 1.293669e-02 1.287897e-02 1.288836e-02 1.296328e-02 1.304217e-02 1.310666e-02 1.309075e-02 1.304541e-02 1.301368e-02 1.299872e-02 2.276976e-02 2.531987e-02 1.315729e-02 1.314084e-02
-9.999000e+03 1.030927e-02 4.324625e-02 1.387035e-02 1.125334e-02 1.209075e-02 1.144103e-02 1.144810e-02 -9.999000e+03 -9.999000e+03 -9.999000e+03 1.172145e-02 1.158753e-02 1.113980e-02 1.094925e-02 1.093853e-02 1.085031e-02 1.069917e-02 1.085615e-02 1.141915e-02 1.155290e-02 1.106238e-02 1.177403e-02 1.179338e-02 1.180070e-02 1.198540e-02 1.205540e-02 1.214135e-02 1.226600e-02 1.239728e-02 1.250878e-02 1.279393e-02 1.270930e-02 1.266800e-02 1.268708e-02 1.274270e-02 1.282597e-02 1.289818e-02 1.285462e-02 1.281300e-02 1.289793e-02 1.297958e-02 1.303224e-02 1.304572e-02 1.301270e-02 1.299215e-02 1.698370e-02 2.004914e-02 1.311485e-02 1.318660e-02 1.314447e-02 1.310355e-02
-9.999000e+03 1.424975e-02 1.450318e-02 1.126383e-02 1.160951e-02 1.156695e-02 -9.999000e+03 -9.999000e+03 -9.999000e+03 -9.999000e+03 -9.999000e+03 -9.999000e+03 1.147719e-02 1.122745e-02 1.262755e-02 1.294223e-02 1.093900e-02 1.249669e-02 1.316557e-02 1.385698e-02 1.174991e-02 1.170810e-02 1.134396e-02 1.094677e-02 1.201097e-02 1.196802e-02 1.183172e-02 1.176447e-02 1.178976e-02 1.180745e-02 1.255442e-02 1.248858e-02 1.263108e-02 1.255404e-02 1.260531e-02 1.267737e-02 1.276558e-02 1.283725e-02 1.275261e-02 1.274001e-02 1.282776e-02 1.295650e-02 1.292165e-02 1.292685e-02 1.299097e-02 1.289317e-02 1.292114e-02 1.301615e-02 1.305257e-02 1.312370e-02 1.304677e-02 1.300518e-02
7.648935e-03 2.148718e-02 1.234845e-02 1.158680e-02 1.215970e-02 1.123044e-02 -9.999000e+03 -9.999000e+03 -9.999000e+03 -9.999000e+03 -9.999000e+03 -9.999000e+03 -9.999000e+03 -9.999000e+03 -9.999000e+03 1.089229e-02 1.273701e-02 1.076061e-02 1.088979e-02 1.108907e-02 1.383264e-02 -9.999000e+03 -9.999000e+03 1.134499e-02 1.093701e-02 1.070304e-02 1.045911e-02 1.022687e-02 1.011287e-02 1.263389e-02 1.187907e-02 1.244854e-02 1.232271e-02 1.229518e-02 1.238321e-02 1.245833e-02 1.250599e-02 1.257338e-02 1.274505e-02 1.258192e-02 1.268853e-02 1.257112e-02 1.259647e-02 1.299463e-02 1.281554e-02 1.271708e-02 1.282155e-02 1.273867e-02 1.280410e-02 1.287026e-02 1.287922e-02 1.272801e-02
8.950569e-03 1.166079e-02 1.175443e-02 1.175986e-02 1.119738e-02 -9.999000e+03 -9.999000e+03 -9.999000e+03 -9.999000e+03 -9.999000e+03 -9.999000e+03 -9.999000e+03 -9.999000e+03 -9.999000e+03 -9.999000e+03 -9.999000e+03 -9.999000e+03 -9.999000e+03 -9.999000e+03 -9.999000e+03 -9.999000e+03 -9.999000e+03 -9.999000e+03 1.144715e-02 1.103575e-02 1.088607e-02 1.238684e-02 1.264627e-02 1.291127e-02 1.043715e-02 1.260357e-02 1.191288e-02 1.185631e-02 1.179123e-02 1.184826e-02 1.185150e-02 1.181227e-02 1.272290e-02 1.245262e-02 1.234050e-02 1.162764e-02 1.168658e-02 1.292412e-02 1.259518e-02 1.254469e-02 1.283603e-02 1.239558e-02 1.237005e-02 1.239934e-02 1.288095e-02 1.262885e-02 1.256516e-02
-9.999000e+03 1.111690e-02 1.122819e-02 1.089380e-02 -9.999000e+03 -9.999000e+03 -9.999000e+03 -9.999000e+03 -9.999000e+03 -9.999000e+03 -9.999000e+03 -9.999000e+03 -9.999000e+03 -9.999000e+03 -9.999000e+03 -9.999000e+03 -9.999000e+03 -9.999000e+03 -9.999000e+03 -9.999000e+03 -9.999000e+03 -9.999000e+03 -9.999000e+03 -9.999000e+03 -9.999000e+03 -9.999000e+03 1.069954e-02 1.052060e-02 1.249704e-02 1.328874e-02 1.083112e-02 1.066530e-02 1.039626e-02 1.007526e-02 9.931951e-03 9.897580e-03 1.268717e-02 1.183022e-02 1.179636e-02 9.446036e-03 9.350137e-03 1.275835e-02 1.170009e-02 1.174037e-02 1.296577e-02 1.170638e-02 1.167146e-02 1.162775e-02 1.285303e-02 1.249988e-02 1.275038e-02 1.129403e-02
-9.999000e+03 -9.999000e+03 -9.999000e+03 -9.999000e+03 -9.999000e+03 -9.999000e+03 -9.999000e+03 -9.999000e+03 -9.999000e+03 -9.999000e+03 -9.999000e+03 -9.999000e+03 -9.999000e+03 -9.999000e+03 -9.999000e+03 -9.999000e+03 -9.999000e+03 -9.999000e+03 -9.999000e+03 -9.999000e+03 -9.999000e+03 -9.999000e+03 -9.999000e+03 -9.999000e+03 -9.999000e+03 -9.999000e+03 -9.999000e+03 -9.999000e+03 1.061973e-02 1.287726e-02 1.101804e-02 1.086013e-02 1.054137e-02 1.201645e-02 1.266361e-02 1.309058e-02 1.006312e-02 9.886787e-03 9.723337e-03 1.179766e-02 1.256146e-02 9.434376e-03 9.406273e-03 1.286651e-02 9.384045e-03 9.380270e-03 9.394156e-03 1.304786e-02 1.170088e-02 1.284469e-02 9.242941e-03 8.997829e-03
-9.999000e+03 -9.999000e+03 -9.999000e+03 -9.999000e+03 -9.999000e+03 -9.999000e+03 -9.999000e+03 -9.999000e+03 -9.999000e+03 -9.999000e+03 -9.999000e+03 -9.999000e+03 -9.999000e+03 -9.999000e+03 -9.999000e+03 -9.999000e+03 -9.999000e+03 -9.999000e+03 -9.999000e+03 -9.999000e+03 -9.999000e+03 -9.999000e+03 -9.999000e+03 -9.999000e+03 -9.999000e+03 -9.999000e+03 -9.999000e+03 -9.999000e+03 -9.999000e+03 1.092503e-02 1.304909e-02 1.229549e-02 1.206184e-02 1.007066e-02 1.000660e-02 1.016807e-02 1.015772e-02 9.951793e-03 1.195543e-02 1.260290e-02 1.286145e-02 1.299460e-02 1.296893e-02 9.429393e-03 1.177039e-02 1.267274e-02 1.304749e-02 9.537981e-03 1.295033e-02 9.382987e-03 1.160850e-02 1.233582e-02
-9.999000e+03 -9.999000e+03 -9.999000e+03 -9.999000e+03 -9.999000e+03 -9.999000e+03 -9.999000e+03 -9.999000e+03 -9.999000e+03 -9.999000e+03 -9.999000e+03 -9.999000e+03 -9.999000e+03 -9.999000e+03 -9.999000e+03 -9.999000e+03 -9.999000e+03 -9.999000e+03 -9.999000e+03 -9.999000e+03 -9.999000e+03 -9.999000e+03 -9.999000e+03 -9.999000e+03 -9.999000e+03 -9.999000e+03 -9.999000e+03 -9.999000e+03 -9.999000e+03 -9.999000e+03 1.226215e-02 -9.999000e+03 -9.999000e+03 -9.999000e+03 -9.999000e+03 -9.999000e+03 -9.999000e+03 -9.999000e+03 9.807220e-03 1.198952e-02 1.275436e-02 1.304356e-02 1.297896e-02 1.283733e-02 1.289779e-02 1.301806e-02 1.317453e-02 1.335323e-02 9.608903e-03 1.163134e-02 1.241181e-02 1.275524e-02
-9.999000e+03 -9.999000e+03 -9.999000e+03 -9.999000e+03 -9.999000e+03 -9.999000e+03 -9.999000e+03 -9.999000e+03 -9.999000e+03 -9.999000e+03 -9.999000e+03 -9.999000e+03 -9.999000e+03 -9.999000e+03 -9.999000e+03 -9.999000e+03 -9.999000e+03 -9.999000e+03 -9.999000e+03 -9.999000e+03 -9.999000e+03 -9.999000e+03 -9.999000e+03 -9.999000e+03 -9.999000e+03 -9.999000e+03 -9.999000e+03 -9.999000e+03 -9.999000e+03 -9.999000e+03 -9.999000e+03 -9.999000e+03 -9.999000e+03 -9.999000e+03 -9.999000e+03 -9.999000e+03 -9.999000e+03 -9.999000e+03 -9.999000e+03 -9.999000e+03 -9.999000e+03 9.793342e-03 9.727582e-03 9.550917e-03 1.179756e-02 1.269441e-02 1.310199e-02 1.336008e-02 1.307151e-02 1.266017e-02 1.277151e-02 1.303382e-02
-9.999000e+03 -9.999000e+03 -9.999000e+03 -9.999000e+03 -9.999000e+03 -9.999000e+03 -9.999000e+03 -9.999000e+03 -9.999000e+03 -9.999000e+03 -9.999000e+03 -9.999000e+03 -9.999000e+03 -9.999000e+03 -9.999000e+03 -9.999000e+03 -9.999000e+03 -9.999000e+03 -9.999000e+03 -9.999000e+03 -9.999000e+03 -9.999000e+03 -9.999000e+03 -9.999000e+03 -9.999000e+03 -9.999000e+03 -9.999000e+03 -9.999000e+03 -9.999000e+03 -9.999000e+03 -9.999000e+03 -9.999000e+03 -9.999000e+03 -9.999000e+03 -9.999000e+03 -9.999000e+03 -9.999000e+03 -9.999000e+03 -9.999000e+03 -9.999000e+03 -9.999000e+03 -9.999000e+03 -9.999000e+03 -9.999000e+03 9.430909e-03 9.473737e-03 1.196493e-02 1.294188e-02 9.602532e-03 1.158481e-02 1.252236e-02 1.315175e-02
-9.999000e+03 -9.999000e+03 -9.999000e+03 -9.999000e+03 -9.999000e+03 -9.999000e+03 -9.999000e+03 -9.999000e+03 -9.999000e+03 -9.999000e+03 -9.999000e+03 -9.999000e+03 -9.999000e+03 -9.999000e+03 -9.999000e+03 -9.999000e+03 -9.999000e+03 -9.999000e+03 -9.999000e+03 -9.999000e+03 -9.999000e+03 -9.999000e+03 -9.999000e+03 -9.999000e+03 -9.999000e+03 -9.999000e+03 -9.999000e+03 -9.999000e+03 -9.999000e+03 -9.999000e+03 -9.999000e+03 -9.999000e+03 -9.999000e+03 -9.999000e+03 -9.999000e+03 -9.999000e+03 -9.999000e+03 -9.999000e+03 -9.999000e+03 -9.999000e+03 -9.999000e+03 -9.999000e+03 -9.999000e+03 -9.999000e+03 -9.999000e+03 -9.999000e+03 -9.999000e+03 -9.999000e+03 -9.999000e+03 -9.999000e+03 9.324046e-03 1.210850e-02
-9.999000e+03 -9.999000e+03 -9.999000e+03 -9.999000e+03 -9.999000e+03 -9.999000e+03 -9.999000e+03 -9.999000e+03 -9.999000e+03 -9.999000e+03 -9.999000e+03 -9.999000e+03 -9.999000e+03 -9.999000e+03 -9.999000e+03 -9.999000e+03 -9.999000e+03 -9.999000e+03 -9.999000e+03 -9.999000e+03 -9.999000e+03 -9.999000e+03 -9.999000e+03 -9.999000e+03 -9.999000e+03 -9.999000e+03 -9.999000e+03 -9.999000e+03 -9.999000e+03 -9.999000e+03 -9.999000e+03 -9.999000e+03 -9.999000e+03 -9.999000e+03 -9.999000e+03 -9.999000e+03 -9.999000e+03 -9.999000e+03 -9.999000e+03 -9.999000e+03 -9.999000e+03 -9.999000e+03 -9.999000e+03 -9.999000e+03 -9.999000e+03 -9.999000e+03 -9.999000e+03 -9.999000e+03 -9.999000e+03 -9.999000e+03 -9.999000e+03 9.697832e-03
-9.999000e+03 -9.999000e+03 -9.999000e+03 -9.999000e+03 -9.999000e+03 -9.999000e+03 -9.999000e+03 -9.999000e+03 -9.999000e+03 -9.999000e+03 -9.999000e+03 -9.999000e+03 -9.999000e+03 -9.999000e+03 -9.999000e+03 -9.999000e+03 -9.999000e+03 -9.999000e+03 -9.999000e+03 -9.999000e+03 -9.999000e+03 -9.999000e+03 -9.999000e+03 -9.999000e+03 -9.999000e+03 -9.999000e+03 -9.999000e+03 -9.999000e+03 -9.999000e+03 -9.999000e+03 -9.999000e+03 -9.999000e+03 -9.999000e+03 -9.999000e+03 -9.999000e+03 -9.999000e+03 -9.999000e+03 -9.999000e+03 -9.999000e+03 -9.999000e+03 -9.999000e+03 -9.999000e+03 -9.999000e+03 -9.999000e+03 -9.999000e+03 -9.999000e+03 -9.999000e+03 -9.999000e+03 -9.999000e+03 -9.999000e+03 -9.999000e+03 -9.999000e+03
-9.999000e+03 -9.999000e+03 -9.999000e+03 -9.999000e+03 -9.999000e+03 -9.999000e+03 -9.999000e+03 -9.999000e+03 -9.999000e+03 -9.999000e+03 -9.999000e+03 -9.999000e+03 -9.999000e+03 -9.999000e+03 -9.999000e+03 -9.999000e+03 -9.999000e+03 -9.999000e+03 -9.999000e+03 -9.999000e+03 -9.999000e+03 -9.999000e+03 -9.999000e+03 -9.999000e+03 -9.999000e+03 -9.999000e+03 -9.999000e+03 -9.999000e+03 -9.999000e+03 -9.999000e+03 -9.999000e+03 -9.999000e+03 -9.999000e+03 -9.999000e+03 -9.999000e+03 -9.999000e+03 -9.999000e+03 -9.999000e+03 -9.999000e+03 -9.999000e+03 -9.999000e+03 -9.999000e+03 -9.999000e+03 -9.999000e+03 -9.999000e+03 -9.999000e+03 -9.999000e+03 -9.999000e+03 -9.999000e+03 -9.999000e+03 -9.999000e+03 -9.999000e+03
