tests/data/reference/test_implicit_stream_rill_mfda/mwlevel_m.asc
ncols	123
nrows	77
xllcorner	-713746.79929998
yllcorner	-1061022.36961616
cellsize	10.0
NODATA_value	-9999
[rows 23 to 45 of 77, columns 0 to 51 of 123]
-9.999000e+03 -9.999000e+03 -9.999000e+03 -9.999000e+03 -9.999000e+03 -9.999000e+03 -9.999000e+03 -9.999000e+03 -9.999000e+03 -9.999000e+03 -9.999000e+03 -9.999000e+03 -9.999000e+03 -9.999000e+03 1.163032e-02 1.425548e-02 1.419922e-02 1.312220e-02 1.140027e-02 1.262146e-02 1.014969e-02 5.747953e-03 1.066665e-02 2.143386e-02 2.401709e-02 1.340927e-02 1.609613e-02 1.342644e-02 1.295093e-02 1.308569e-02 9.132231e-03 1.147836e-02 1.245170e-02 1.305346e-02 2.316145e-02 1.312355e-02 1.310464e-02 8.922324e-03 1.738490e-02 1.306383e-02 1.311753e-02 1.315722e-02 1.317642e-02 1.316655e-02 1.313927e-02 1.310791e-02 1.308237e-02 1.305975e-02 1.304387e-02 1.281379e-02 1.233239e-02 8.650150e-03
-9.999000e+03 -9.999000e+03 -9.999000e+03 -9.999000e+03 -9.999000e+03 -9.999000e+03 -9.999000e+03 -9.999000e+03 -9.999000e+03 -9.999000e+03 -9.999000e+03 -9.999000e+03 -9.999000e+03 -9.999000e+03 1.420234e-02 2.760133e-02 2.052698e-02 1.241215e-02 1.146842e-02 1.076448e-02 5.356440e-03 8.282026e-03 9.993197e-03 1.093786e-02 1.827882e-02 2.385622e-02 1.403946e-02 1.328527e-02 1.350073e-02 9.597364e-03 1.297971e-02 1.148462e-02 1.248661e-02 1.294304e-02 2.550799e-02 1.315121e-02 1.304643e-02 8.888897e-03 1.770739e-02 1.309578e-02 1.312889e-02 1.315702e-02 1.318762e-02 1.318999e-02 1.316178e-02 1.312252e-02 1.308671e-02 1.306077e-02 1.304829e-02 1.296271e-02 8.637901e-03 1.266899e-02
-9.999000e+03 -9.999000e+03 -9.999000e+03 -9.999000e+03 -9.999000e+03 -9.999000e+03 -9.999000e+03 -9.999000e+03 -9.999000e+03 -9.999000e+03 -9.999000e+03 -9.999000e+03 -9.999000e+03 -9.999000e+03 3.017132e-02 1.381069e-02 1.118758e-02 1.119555e-02 1.124762e-02 9.966164e-03 5.991433e-03 1.787064e-02 2.435892e-02 1.238788e-02 1.227467e-02 1.534740e-02 2.518508e-02 1.328335e-02 1.337765e-02 9.535657e-03 1.201811e-02 1.351057e-02 1.304995e-02 1.305385e-02 1.322445e-02 2.757976e-02 9.002425e-03 1.294149e-02 1.137273e-02 2.107325e-02 1.312283e-02 1.311778e-02 1.314034e-02 1.315056e-02 1.313193e-02 1.309536e-02 1.305263e-02 1.301886e-02 1.299631e-02 1.293984e-02 1.105008e-02 8.510389e-03
-9.999000e+03 -9.999000e+03 -9.999000e+03 -9.999000e+03 -9.999000e+03 -9.999000e+03 -9.999000e+03 -9.999000e+03 -9.999000e+03 -9.999000e+03 -9.999000e+03 -9.999000e+03 1.085587e-02 1.140236e-02 2.422553e-02 1.308966e-02 1.115172e-02 1.233407e-02 1.014699e-02 5.780467e-03 2.127371e-02 2.182085e-02 1.665014e-02 2.051705e-02 1.316715e-02 1.316282e-02 3.040864e-02 1.370145e-02 1.367449e-02 1.219338e-02 9.598714e-03 1.309532e-02 1.369503e-02 1.369105e-02 1.383115e-02 1.310437e-02 2.573889e-02 1.136438e-02 1.304034e-02 1.245694e-02 2.341864e-02 1.312684e-02 1.315060e-02 1.315178e-02 1.311640e-02 1.305689e-02 1.299333e-02 1.295883e-02 1.295038e-02 1.292158e-02 1.213283e-02 8.457957e-03
-9.999000e+03 -9.999000e+03 -9.999000e+03 -9.999000e+03 -9.999000e+03 -9.999000e+03 -9.999000e+03 -9.999000e+03 -9.999000e+03 -9.999000e+03 -9.999000e+03 -9.999000e+03 -9.999000e+03 1.092715e-02 1.289474e-02 1.250053e-02 1.200554e-02 1.026966e-02 6.136264e-03 2.211024e-02 1.260732e-02 1.330343e-02 2.324040e-02 2.655480e-02 3.207769e-02 3.172302e-02 3.167753e-02 3.211484e-02 1.406239e-02 1.385633e-02 1.324318e-02 1.223550e-02 1.370112e-02 1.398546e-02 1.375503e-02 1.341311e-02 1.334167e-02 2.611925e-02 1.241582e-02 1.304603e-02 2.379268e-02 1.316420e-02 1.319061e-02 1.317253e-02 1.310607e-02 1.301054e-02 1.292406e-02 1.289782e-02 1.291686e-02 1.292077e-02 1.262764e-02 1.096184e-02
-9.999000e+03 -9.999000e+03 -9.999000e+03 -9.999000e+03 -9.999000e+03 -9.999000e+03 -9.999000e+03 -9.999000e+03 -9.999000e+03 -9.999000e+03 -9.999000e+03 -9.999000e+03 -9.999000e+03 -9.999000e+03 -9.999000e+03 1.160424e-02 1.058746e-02 5.956524e-03 8.367140e-03 2.357062e-02 1.983174e-02 1.722908e-02 1.519293e-02 1.358201e-02 1.343112e-02 1.336351e-02 1.351484e-02 3.380096e-02 4.811458e-02 1.381436e-02 1.383270e-02 1.380683e-02 1.355658e-02 1.400898e-02 1.375266e-02 1.334177e-02 1.336194e-02 1.358371e-02 2.533784e-02 1.340143e-02 2.493998e-02 1.313594e-02 1.309057e-02 1.304226e-02 1.299330e-02 1.294101e-02 1.290823e-02 1.291823e-02 1.294670e-02 1.295754e-02 1.287058e-02 1.216694e-02
-9.999000e+03 -9.999000e+03 -9.999000e+03 -9.999000e+03 -9.999000e+03 -9.999000e+03 -9.999000e+03 -9.999000e+03 -9.999000e+03 -9.999000e+03 -9.999000e+03 -9.999000e+03 -9.999000e+03 -9.999000e+03 -9.999000e+03 -9.999000e+03 1.031204e-02 6.321605e-03 1.850567e-02 1.617976e-02 1.457908e-02 1.388453e-02 1.357548e-02 1.338221e-02 1.330638e-02 1.326296e-02 1.346422e-02 1.375697e-02 1.366637e-02 4.790248e-02 4.866210e-02 4.973406e-02 1.403125e-02 1.384050e-02 1.371941e-02 1.344558e-02 1.761116e-02 2.147620e-02 1.384156e-02 2.446347e-02 1.346496e-02 2.923267e-02 1.291949e-02 1.285728e-02 1.285097e-02 1.287533e-02 1.292405e-02 1.297534e-02 1.300226e-02 1.301167e-02 1.301110e-02 1.277290e-02
-9.999000e+03 -9.999000e+03 -9.999000e+03 -9.999000e+03 -9.999000e+03 -9.999000e+03 -9.999000e+03 -9.999000e+03 -9.999000e+03 -9.999000e+03 -9.999000e+03 -9.999000e+03 -9.999000e+03 -9.999000e+03 -9.999000e+03 -9.999000e+03 5.754115e-03 2.028637e-02 1.251358e-02 1.315253e-02 1.342898e-02 3.308146e-02 3.095397e-02 2.829991e-02 2.601284e-02 2.397875e-02 2.268693e-02 2.202843e-02 2.073708e-02 1.886958e-02 1.767824e-02 1.692223e-02 5.005430e-02 5.066733e-02 4.923192e-02 4.679517e-02 4.338763e-02 4.102852e-02 3.988486e-02 3.770107e-02 4.107305e-02 4.185602e-02 3.355091e-02 1.385051e-02 1.372597e-02 1.325222e-02 1.323562e-02 1.320985e-02 1.315844e-02 1.314386e-02 1.318937e-02 1.316109e-02
-9.999000e+03 -9.999000e+03 -9.999000e+03 -9.999000e+03 -9.999000e+03 -9.999000e+03 -9.999000e+03 -9.999000e+03 -9.999000e+03 -9.999000e+03 -9.999000e+03 -9.999000e+03 -9.999000e+03 -9.999000e+03 -9.999000e+03 5.749299e-03 1.912802e-02 1.221675e-02 2.828478e-02 3.207047e-02 3.213482e-02 1.359829e-02 1.730078e-02 2.002524e-02 1.798022e-02 2.388031e-02 2.550289e-02 2.714409e-02 2.573301e-02 2.389944e-02 2.280147e-02 2.238712e-02 2.221296e-02 2.245537e-02 2.132318e-02 1.891915e-02 3.956172e-02 3.699322e-02 3.429401e-02 3.212285e-02 3.239504e-02 3.530184e-02 5.279507e-02 6.672449e-02 6.467265e-02 1.425955e-02 1.939965e-02 1.353075e-02 1.335756e-02 1.332707e-02 1.342015e-02 1.348316e-02
-9.999000e+03 -9.999000e+03 -9.999000e+03 -9.999000e+03 -9.999000e+03 -9.999000e+03 -9.999000e+03 -9.999000e+03 -9.999000e+03 -9.999000e+03 -9.999000e+03 -9.999000e+03 -9.999000e+03 -9.999000e+03 6.097828e-03 8.712709e-03 2.542890e-02 2.736156e-02 1.334455e-02 1.325749e-02 1.383246e-02 1.369037e-02 1.363419e-02 1.342410e-02 1.735472e-02 1.375899e-02 1.364224e-02 1.292983e-02 1.294794e-02 1.354056e-02 1.359740e-02 2.721247e-02 3.018916e-02 3.327398e-02 3.486720e-02 4.024408e-02 1.354208e-02 1.358362e-02 1.347654e-02 1.325718e-02 1.324342e-02 1.343654e-02 1.833526e-02 2.283392e-02 2.678145e-02 5.886298e-02 6.313785e-02 6.331833e-02 1.423454e-02 1.998521e-02 1.390068e-02 1.387317e-02
-9.999000e+03 -9.999000e+03 -9.999000e+03 -9.999000e+03 -9.999000e+03 -9.999000e+03 -9.999000e+03 -9.999000e+03 -9.999000e+03 -9.999000e+03 -9.999000e+03 -9.999000e+03 -9.999000e+03 -9.999000e+03 5.841388e-03 4.007992e-02 1.302211e-02 1.311122e-02 1.322476e-02 1.326652e-02 1.321278e-02 1.307567e-02 1.363731e-02 1.286793e-02 1.288890e-02 1.300317e-02 1.295252e-02 1.282721e-02 1.639323e-02 1.921157e-02 2.184902e-02 1.333089e-02 1.339145e-02 1.342734e-02 1.940354e-02 1.182624e-02 1.274666e-02 1.314641e-02 1.302257e-02 1.289449e-02 1.284023e-02 1.325763e-02 1.329854e-02 1.342540e-02 1.364213e-02 1.846529e-02 2.217234e-02 2.531362e-02 5.966254e-02 7.009927e-02 8.394353e-02 1.550589e-02
-9.999000e+03 -9.999000e+03 -9.999000e+03 -9.999000e+03 -9.999000e+03 -9.999000e+03 -9.999000e+03 -9.999000e+03 -9.999000e+03 -9.999000e+03 -9.999000e+03 -9.999000e+03 -9.999000e+03 9.124964e-03 4.793267e-02 1.301722e-02 1.300083e-02 1.300227e-02 1.307111e-02 1.317509e-02 1.321405e-02 1.315786e-02 1.303727e-02 1.290834e-02 1.284894e-02 1.288978e-02 1.285713e-02 1.275318e-02 1.282119e-02 1.293356e-02 1.303609e-02 1.316213e-02 1.318951e-02 2.037978e-02 9.260620e-03 1.161017e-02 1.298898e-02 1.295442e-02 1.287712e-02 1.282250e-02 1.281461e-02 1.275305e-02 1.273064e-02 1.304905e-02 1.304968e-02 1.293390e-02 1.306954e-02 1.320311e-02 1.355132e-02 1.881896e-02 2.334532e-02 8.111929e-02
-9.999000e+03 -9.999000e+03 -9.999000e+03 -9.999000e+03 -9.999000e+03 -9.999000e+03 -9.999000e+03 -9.999000e+03 -9.999000e+03 -9.999000e+03 -9.999000e+03 -9.999000e+03 6.178562e-03 1.116010e-02 1.278108e-02 1.295650e-02 1.389559e-02 1.293111e-02 1.303088e-02 1.311885e-02 1.318664e-02 1.321135e-02 1.314004e-02 1.304153e-02 1.294880e-02 1.290199e-02 1.282268e-02 1.270275e-02 1.273782e-02 1.277527e-02 1.281184e-02 1.283533e-02 1.775475e-02 1.251451e-02 9.217764e-03 1.289942e-02 1.281682e-02 1.266012e-02 1.255828e-02 1.259611e-02 1.242635e-02 1.243204e-02 1.250987e-02 1.258522e-02 1.218426e-02 1.246982e-02 1.246224e-02 1.246533e-02 1.270672e-02 1.303459e-02 1.403982e-02 1.906104e-02
-9.999000e+03 -9.999000e+03 -9.999000e+03 -9.999000e+03 -9.999000e+03 -9.999000e+03 -9.999000e+03 -9.999000e+03 -9.999000e+03 -9.999000e+03 -9.999000e+03 -9.999000e+03 9.224736e-03 1.271231e-02 1.264156e-02 1.541159e-02 1.271211e-02 1.286715e-02 1.296185e-02 1.304073e-02 1.312157e-02 1.319179e-02 1.317336e-02 1.312412e-02 1.304513e-02 1.296314e-02 1.287335e-02 1.273862e-02 1.264576e-02 1.273360e-02 1.265687e-02 1.773288e-02 9.177302e-03 1.150519e-02 1.276595e-02 1.273833e-02 1.239944e-02 1.230885e-02 1.255409e-02 1.208001e-02 1.197822e-02 1.195328e-02 1.209997e-02 1.124167e-02 1.120010e-02 1.114257e-02 1.110772e-02 1.136234e-02 1.143096e-02 1.344749e-02 1.290381e-02 1.309414e-02
-9.999000e+03 -9.999000e+03 -9.999000e+03 -9.999000e+03 -9.999000e+03 -9.999000e+03 -9.999000e+03 -9.999000e+03 -9.999000e+03 -9.999000e+03 -9.999000e+03 6.720698e-03 2.680438e-02 1.271249e-02 1.734380e-02 1.192344e-02 1.253156e-02 1.273145e-02 1.283639e-02 1.293912e-02 1.300725e-02 1.309741e-02 1.308717e-02 1.306264e-02 1.301905e-02 1.296365e-02 1.292607e-02 1.254866e-02 1.283796e-02 1.283941e-02 1.268367e-02 1.563091e-02 9.367025e-03 1.250820e-02 1.243424e-02 1.173810e-02 1.165457e-02 1.272120e-02 1.152366e-02 1.144023e-02 1.128355e-02 1.115488e-02 8.850676e-03 8.868733e-03 8.847603e-03 8.790877e-03 8.746290e-03 8.710939e-03 1.295769e-02 1.170019e-02 1.173073e-02 1.177788e-02
-9.999000e+03 -9.999000e+03 -9.999000e+03 -9.999000e+03 -9.999000e+03 -9.999000e+03 -9.999000e+03 -9.999000e+03 -9.999000e+03 -9.999000e+03 6.954641e-03 1.016482e-02 1.278825e-02 2.054117e-02 1.020025e-02 1.190263e-02 1.249432e-02 1.258889e-02 1.271692e-02 1.280108e-02 1.294015e-02 1.302023e-02 1.303276e-02 1.302041e-02 1.300158e-02 1.287665e-02 1.189633e-02 1.287645e-02 1.296366e-02 1.288418e-02 1.272061e-02 1.261985e-02 1.253044e-02 1.158086e-02 9.439059e-03 9.560018e-03 1.300908e-02 9.629569e-03 9.614695e-03 9.572796e-03 9.373100e-03 9.054708e-03 1.133235e-02 1.243829e-02 1.283721e-02 1.292779e-02 1.297602e-02 1.301737e-02 8.839633e-03 8.935856e-03 8.938471e-03 9.170676e-03
-9.999000e+03 -9.999000e+03 -9.999000e+03 -9.999000e+03 -9.999000e+03 -9.999000e+03 -9.999000e+03 -9.999000e+03 -9.999000e+03 -9.999000e+03 7.357822e-03 1.364755e-02 2.243769e-02 1.236983e-02 1.044896e-02 1.261712e-02 1.261784e-02 1.259215e-02 1.248557e-02 1.281650e-02 1.285718e-02 1.296832e-02 1.302040e-02 1.303451e-02 1.276276e-02 9.725720e-03 1.268311e-02 1.298187e-02 1.273123e-02 1.278243e-02 1.263753e-02 1.256883e-02 9.827577e-03 9.563472e-03 1.179428e-02 1.288904e-02 9.768008e-03 1.208297e-02 1.276286e-02 1.285270e-02 9.412686e-03 9.081881e-03 1.137037e-02 1.249324e-02 1.290007e-02 1.298525e-02 1.298487e-02 1.297921e-02 1.307500e-02 1.322462e-02 1.315932e-02 1.297091e-02
-9.999000e+03 -9.999000e+03 -9.999000e+03 -9.999000e+03 -9.999000e+03 -9.999000e+03 -9.999000e+03 -9.999000e+03 -9.999000e+03 7.311871e-03 2.933170e-02 2.475273e-02 1.294455e-02 1.053173e-02 1.243869e-02 1.294260e-02 1.281503e-02 1.199617e-02 1.283904e-02 1.271487e-02 1.281455e-02 1.293409e-02 1.299670e-02 1.200995e-02 9.780453e-03 1.201505e-02 1.298300e-02 1.202054e-02 1.211990e-02 1.225178e-02 1.214761e-02 1.000592e-02 1.193164e-02 1.240921e-02 1.276664e-02 1.311460e-02 1.321887e-02 1.321869e-02 9.631546e-03 9.435300e-03 1.237887e-02 1.127458e-02 1.234434e-02 1.294600e-02 1.312633e-02 1.311047e-02 1.301250e-02 1.290904e-02 1.296105e-02 1.308167e-02 1.313838e-02 1.313739e-02
-9.999000e+03 -9.999000e+03 -9.999000e+03 -9.999000e+03 -9.999000e+03 -9.999000e+03 -9.999000e+03 -9.999000e+03 -9.999000e+03 6.788244e-03 2.211197e-02 1.329732e-02 1.250671e-02 1.059114e-02 1.288508e-02 1.306914e-02 1.035071e-02 1.360730e-02 1.269903e-02 1.268882e-02 1.281151e-02 1.294522e-02 9.833555e-03 9.761122e-03 1.201221e-02 1.287205e-02 9.874235e-03 9.907235e-03 1.001873e-02 1.023115e-02 1.021804e-02 1.194202e-02 1.244976e-02 1.263028e-02 1.283181e-02 1.303401e-02 1.313425e-02 9.556706e-03 1.280019e-02 1.145283e-02 1.138350e-02 1.256478e-02 1.291833e-02 1.318483e-02 1.320058e-02 1.309259e-02 1.300173e-02 1.293644e-02 1.296491e-02 1.301792e-02 2.745485e-02 2.867755e-02
-9.999000e+03 -9.999000e+03 -9.999000e+03 -9.999000e+03 -9.999000e+03 -9.999000e+03 -9.999000e+03 -9.999000e+03 9.579483e-03 2.709987e-02 1.812394e-02 1.317328e-02 1.064119e-02 1.247838e-02 1.303838e-02 1.309652e-02 1.600628e-02 1.304201e-02 1.283220e-02 1.271876e-02 1.283366e-02 1.204672e-02 1.270386e-02 1.286568e-02 1.304170e-02 2.392740e-02 2.541441e-02 2.394784e-02 2.294379e-02 2.233476e-02 2.030550e-02 1.735030e-02 1.505606e-02 1.312795e-02 1.287119e-02 1.301920e-02 1.312243e-02 1.697783e-02 1.708397e-02 1.901696e-02 1.953647e-02 2.036764e-02 1.924880e-02 1.827021e-02 1.696671e-02 1.542075e-02 1.408740e-02 1.307940e-02 1.309973e-02 3.029574e-02 1.279370e-02 1.284832e-02
-9.999000e+03 -9.999000e+03 -9.999000e+03 -9.999000e+03 -9.999000e+03 -9.999000e+03 -9.999000e+03 7.002074e-03 9.780992e-03 1.765789e-02 1.232747e-02 1.293412e-02 1.058327e-02 1.316717e-02 1.310226e-02 1.311582e-02 1.312247e-02 1.316539e-02 1.301490e-02 1.284042e-02 9.935798e-03 9.879067e-03 1.200240e-02 2.041511e-02 2.176047e-02 1.308059e-02 1.288637e-02 1.306892e-02 1.319507e-02 1.333239e-02 1.307191e-02 1.273262e-02 1.272570e-02 1.281077e-02 1.293297e-02 1.305989e-02 1.314222e-02 1.320398e-02 1.306255e-02 1.287014e-02 1.293917e-02 1.309956e-02 1.314270e-02 1.313468e-02 1.306262e-02 1.297361e-02 1.306217e-02 1.321183e-02 3.520260e-02 1.302548e-02 1.286638e-02 1.281048e-02
-9.999000e+03 -9.999000e+03 -9.999000e+03 -9.999000e+03 -9.999000e+03 -9.999000e+03 -9.999000e+03 7.489372e-03 1.101649e-02 1.868717e-02 1.038448e-02 1.226841e-02 1.295172e-02 1.317153e-02 1.318804e-02 1.317696e-02 1.315439e-02 1.320139e-02 1.310014e-02 1.289429e-02 1.592269e-02 1.839388e-02 2.045034e-02 1.305555e-02 1.294701e-02 1.192944e-02 9.725118e-03 1.200700e-02 1.284737e-02 1.318981e-02 1.305847e-02 1.280543e-02 1.282323e-02 1.292047e-02 1.301329e-02 1.309432e-02 3.218061e-02 3.266551e-02 3.269657e-02 3.225591e-02 3.228449e-02 3.279648e-02 3.289663e-02 3.181956e-02 3.152262e-02 3.127161e-02 3.371225e-02 3.615040e-02 1.344822e-02 1.330222e-02 1.302512e-02 1.283066e-02
-9.999000e+03 -9.999000e+03 -9.999000e+03 -9.999000e+03 -9.999000e+03 -9.999000e+03 -9.999000e+03 9.944310e-03 1.823421e-02 1.319304e-02 1.054645e-02 1.233894e-02 1.292106e-02 1.321391e-02 1.326045e-02 1.325995e-02 1.316378e-02 1.308800e-02 1.294222e-02 1.273305e-02 1.276396e-02 1.290929e-02 1.278277e-02 1.287705e-02 9.793462e-03 9.693694e-03 1.193304e-02 1.278978e-02 1.306685e-02 1.316153e-02 1.307948e-02 1.293919e-02 1.295260e-02 3.120333e-02 3.154481e-02 3.175571e-02 1.305384e-02 1.307907e-02 1.311347e-02 1.312300e-02 1.318389e-02 1.328512e-02 1.331726e-02 1.740660e-02 2.073821e-02 2.375050e-02 1.345929e-02 1.349072e-02 1.354308e-02 1.355399e-02 1.336472e-02 1.310444e-02
