tests/data/reference/test_implicit_stream_rill_mfda/mwlevel_m.asc
ncols	123
nrows	77
xllcorner	-713746.79929998
yllcorner	-1061022.36961616
cellsize	10.0
NODATA_value	-9999
[rows 23 to 45 of 77, columns 52 to 103 of 123]
1.121997e-02 1.279926e-02 1.291552e-02 1.305791e-02 1.310555e-02 1.310485e-02 1.312582e-02 1.316509e-02 1.315430e-02 1.310115e-02 1.309004e-02 1.311851e-02 1.312891e-02 1.317037e-02 1.329670e-02 1.344071e-02 2.586195e-02 1.319489e-02 1.298712e-02 1.282606e-02 1.269452e-02 1.256904e-02 1.233405e-02 1.255608e-02 9.347423e-03 1.171050e-02 2.953214e-02 1.733765e-02 2.323322e-02 1.360339e-02 1.277306e-02 1.166629e-02 9.523846e-03 9.842921e-03 -9.999000e+03 -9.999000e+03 -9.999000e+03 -9.999000e+03 -9.999000e+03 -9.999000e+03 -9.999000e+03 -9.999000e+03 -9.999000e+03 -9.999000e+03 -9.999000e+03 -9.999000e+03 -9.999000e+03 -9.999000e+03 -9.999000e+03 -9.999000e+03 -9.999000e+03 -9.999000e+03
1.115328e-02 1.224513e-02 1.297473e-02 1.308440e-02 1.312240e-02 1.313032e-02 1.316467e-02 1.320735e-02 1.318139e-02 1.312443e-02 1.312033e-02 1.312057e-02 1.315187e-02 1.325322e-02 1.337156e-02 1.343822e-02 2.790588e-02 1.303952e-02 1.294706e-02 1.284833e-02 1.276541e-02 1.271363e-02 1.264488e-02 1.267846e-02 1.151779e-02 1.245987e-02 9.498160e-03 2.964296e-02 1.643408e-02 2.132333e-02 1.708125e-02 1.266479e-02 1.172665e-02 1.178790e-02 9.947158e-03 -9.999000e+03 -9.999000e+03 -9.999000e+03 -9.999000e+03 -9.999000e+03 -9.999000e+03 -9.999000e+03 -9.999000e+03 -9.999000e+03 -9.999000e+03 -9.999000e+03 -9.999000e+03 -9.999000e+03 -9.999000e+03 -9.999000e+03 -9.999000e+03 -9.999000e+03
1.280963e-02 1.226868e-02 1.278502e-02 1.309154e-02 1.315713e-02 1.320604e-02 1.325002e-02 1.324774e-02 1.316897e-02 1.308777e-02 1.307333e-02 1.310473e-02 1.320441e-02 1.333350e-02 1.337796e-02 1.332516e-02 2.850798e-02 1.283641e-02 1.285931e-02 1.286416e-02 1.284295e-02 1.282994e-02 1.281574e-02 1.281480e-02 1.238811e-02 1.263793e-02 1.150065e-02 2.643412e-02 9.417110e-03 1.406487e-02 2.560161e-02 1.332078e-02 1.268570e-02 1.231951e-02 1.147604e-02 9.625805e-03 9.878526e-03 9.902218e-03 -9.999000e+03 -9.999000e+03 -9.999000e+03 -9.999000e+03 -9.999000e+03 -9.999000e+03 -9.999000e+03 -9.999000e+03 -9.999000e+03 -9.999000e+03 -9.999000e+03 -9.999000e+03 -9.999000e+03 -9.999000e+03
1.112828e-02 1.296646e-02 1.282970e-02 1.310026e-02 1.325235e-02 1.327761e-02 1.325640e-02 1.317275e-02 1.308822e-02 1.305189e-02 1.307653e-02 1.315143e-02 1.324891e-02 1.330447e-02 1.327425e-02 1.321139e-02 2.771401e-02 1.293178e-02 1.296332e-02 1.298381e-02 1.299619e-02 1.300557e-02 1.300087e-02 1.297268e-02 1.277877e-02 1.276522e-02 1.227456e-02 2.431748e-02 1.148499e-02 1.272608e-02 2.356678e-02 1.318036e-02 1.302217e-02 1.279090e-02 1.236442e-02 1.166172e-02 1.182348e-02 9.802350e-03 1.203009e-02 9.931518e-03 -9.999000e+03 -9.999000e+03 -9.999000e+03 -9.999000e+03 -9.999000e+03 -9.999000e+03 -9.999000e+03 -9.999000e+03 -9.999000e+03 -9.999000e+03 -9.999000e+03 -9.999000e+03
1.226717e-02 8.597006e-03 1.317545e-02 1.321893e-02 1.331943e-02 1.328540e-02 1.317733e-02 1.306319e-02 1.302935e-02 1.305600e-02 1.311158e-02 1.318368e-02 1.321634e-02 1.319720e-02 1.317191e-02 1.319360e-02 2.880524e-02 1.313332e-02 1.313897e-02 1.315028e-02 1.318902e-02 1.321438e-02 1.320241e-02 1.314299e-02 1.300040e-02 1.290145e-02 1.266333e-02 2.252741e-02 1.228911e-02 1.259228e-02 2.058291e-02 1.278315e-02 1.308575e-02 1.324064e-02 1.308571e-02 1.269953e-02 9.580631e-03 9.724988e-03 1.206370e-02 1.285558e-02 1.215047e-02 5.914693e-03 -9.999000e+03 -9.999000e+03 -9.999000e+03 -9.999000e+03 -9.999000e+03 -9.999000e+03 -9.999000e+03 -9.999000e+03 -9.999000e+03 -9.999000e+03
1.280818e-02 1.122585e-02 1.321686e-02 1.322858e-02 8.848513e-03 1.321567e-02 1.312099e-02 1.303587e-02 1.302102e-02 1.305314e-02 1.310115e-02 1.315925e-02 1.318392e-02 1.319405e-02 1.324095e-02 1.331706e-02 2.987152e-02 1.311111e-02 1.307781e-02 1.307385e-02 1.309646e-02 1.312155e-02 1.313114e-02 1.311400e-02 1.304933e-02 1.297015e-02 1.284880e-02 2.127274e-02 1.267549e-02 1.270819e-02 1.866196e-02 1.277260e-02 1.301864e-02 1.321911e-02 1.324986e-02 1.308002e-02 1.190110e-02 1.193145e-02 9.735133e-03 1.277583e-02 0.000000e+00 1.043343e-02 6.746332e-03 7.491772e-03 -9.999000e+03 -9.999000e+03 -9.999000e+03 -9.999000e+03 -9.999000e+03 -9.999000e+03 -9.999000e+03 -9.999000e+03
1.309087e-02 1.245713e-02 1.322227e-02 1.316263e-02 8.822903e-03 1.135415e-02 1.310992e-02 1.303258e-02 1.299772e-02 1.302283e-02 1.307095e-02 1.313801e-02 1.320420e-02 1.329641e-02 1.340941e-02 1.345343e-02 1.332646e-02 2.872549e-02 1.292116e-02 1.289826e-02 1.288918e-02 1.291180e-02 1.295516e-02 1.300361e-02 1.303021e-02 1.300750e-02 1.295852e-02 2.080968e-02 1.291711e-02 1.290814e-02 1.731680e-02 1.285518e-02 1.289362e-02 1.299195e-02 1.313696e-02 1.318948e-02 1.280148e-02 1.271407e-02 1.191480e-02 0.000000e+00 0.000000e+00 2.507181e-02 1.796831e-02 1.074260e-02 8.225958e-03 -9.999000e+03 -9.999000e+03 -9.999000e+03 -9.999000e+03 -9.999000e+03 -9.999000e+03 -9.999000e+03
1.330671e-02 1.304503e-02 1.325075e-02 1.314972e-02 1.134911e-02 8.813795e-03 1.240650e-02 1.298592e-02 1.298929e-02 1.308277e-02 1.317848e-02 1.327627e-02 1.336154e-02 1.344516e-02 1.345912e-02 1.333544e-02 1.310630e-02 1.288462e-02 2.442108e-02 1.283106e-02 1.285903e-02 1.290628e-02 1.295418e-02 1.299272e-02 1.301864e-02 1.301869e-02 1.302707e-02 2.033619e-02 1.301020e-02 1.296467e-02 1.590641e-02 1.284874e-02 1.282290e-02 1.284735e-02 9.412439e-03 9.525234e-03 1.292907e-02 1.285143e-02 0.000000e+00 0.000000e+00 1.156888e-02 2.114208e-02 1.532672e-02 1.220596e-02 1.063826e-02 8.491612e-03 -9.999000e+03 -9.999000e+03 -9.999000e+03 -9.999000e+03 -9.999000e+03 -9.999000e+03
1.352055e-02 1.334767e-02 1.329361e-02 1.317125e-02 1.244576e-02 1.131878e-02 8.752172e-03 1.273631e-02 1.307004e-02 1.324612e-02 1.338836e-02 1.350967e-02 1.356508e-02 1.352598e-02 1.333658e-02 1.306473e-02 1.283417e-02 1.268022e-02 2.209004e-02 1.282407e-02 1.290761e-02 1.298231e-02 1.302077e-02 1.302133e-02 1.301208e-02 1.302755e-02 1.308590e-02 1.945802e-02 1.304973e-02 1.296773e-02 1.448130e-02 1.281507e-02 1.278114e-02 9.103768e-03 9.247640e-03 9.374859e-03 1.279347e-02 0.000000e+00 0.000000e+00 1.082561e-02 1.286016e-02 1.779690e-02 1.382672e-02 1.298407e-02 1.231019e-02 1.043406e-02 1.060016e-02 -9.999000e+03 -9.999000e+03 -9.999000e+03 -9.999000e+03 -9.999000e+03
1.375676e-02 1.356597e-02 1.344315e-02 1.334279e-02 8.929002e-03 1.293412e-02 1.244221e-02 1.135856e-02 1.314047e-02 1.331822e-02 1.338009e-02 1.341653e-02 1.336179e-02 1.321786e-02 1.301774e-02 1.284068e-02 1.274620e-02 1.271336e-02 2.192245e-02 1.300535e-02 1.306715e-02 1.309009e-02 1.307200e-02 1.303387e-02 1.301393e-02 1.304978e-02 1.313018e-02 1.860397e-02 1.314618e-02 1.309454e-02 1.336800e-02 1.295017e-02 8.960040e-03 9.012679e-03 9.122756e-03 9.238754e-03 0.000000e+00 0.000000e+00 1.061856e-02 1.259252e-02 1.288200e-02 1.484771e-02 1.010512e-02 1.031143e-02 1.268477e-02 1.211558e-02 1.199948e-02 1.046094e-02 8.358168e-03 -9.999000e+03 -9.999000e+03 -9.999000e+03
1.408083e-02 1.372204e-02 1.354713e-02 1.348813e-02 1.342017e-02 1.159343e-02 1.320838e-02 1.304843e-02 1.260157e-02 1.321150e-02 1.317254e-02 1.309193e-02 1.296104e-02 1.283807e-02 1.276249e-02 1.274132e-02 1.279630e-02 1.289775e-02 1.305753e-02 2.478646e-02 1.327059e-02 1.320575e-02 1.311113e-02 1.303661e-02 1.302057e-02 1.307813e-02 1.316993e-02 1.772978e-02 1.327053e-02 1.328010e-02 1.324046e-02 8.970529e-03 8.999274e-03 9.012916e-03 0.000000e+00 0.000000e+00 0.000000e+00 9.339372e-03 1.253119e-02 1.287548e-02 1.281634e-02 9.570037e-03 9.715148e-03 1.186390e-02 1.270699e-02 1.286539e-02 1.296536e-02 1.031177e-02 1.045081e-02 7.247239e-03 -9.999000e+03 -9.999000e+03
9.084908e-02 8.356505e-02 1.394584e-02 1.386123e-02 1.325809e-02 1.319467e-02 1.253625e-02 1.312669e-02 1.304378e-02 1.283434e-02 1.299521e-02 1.291582e-02 1.281840e-02 1.276192e-02 1.275486e-02 1.279721e-02 1.290985e-02 1.306314e-02 1.324015e-02 3.957733e-02 1.337886e-02 1.332940e-02 1.323707e-02 1.316574e-02 1.316022e-02 1.322260e-02 1.329473e-02 1.684647e-02 1.331892e-02 1.332039e-02 1.327864e-02 8.992105e-03 8.995892e-03 0.000000e+00 0.000000e+00 1.058665e-02 9.238955e-03 1.166921e-02 1.291843e-02 1.288088e-02 9.346947e-03 9.421834e-03 9.518981e-03 1.243680e-02 1.271758e-02 1.281404e-02 1.013062e-02 1.011413e-02 1.010212e-02 1.723574e-02 1.051990e-02 7.166502e-03
2.312363e-02 2.085348e-02 7.019844e-02 1.340355e-02 1.340922e-02 1.333680e-02 1.326889e-02 1.305763e-02 1.322640e-02 1.318775e-02 1.310866e-02 1.312229e-02 1.307809e-02 1.307701e-02 1.311757e-02 1.322959e-02 1.341622e-02 1.362062e-02 1.382450e-02 1.399048e-02 4.457101e-02 1.398762e-02 1.390615e-02 1.383003e-02 1.337806e-02 1.343986e-02 1.347297e-02 1.595074e-02 1.334543e-02 1.329329e-02 1.323507e-02 8.981480e-03 0.000000e+00 0.000000e+00 1.026960e-02 1.273115e-02 1.167027e-02 1.255742e-02 1.295888e-02 9.161669e-03 9.240686e-03 9.335052e-03 9.435075e-03 9.567660e-03 1.273914e-02 1.264905e-02 9.775955e-03 1.184616e-02 1.191581e-02 1.480442e-02 1.011636e-02 1.730830e-02
9.598428e-03 1.206192e-02 1.309087e-02 6.540414e-02 6.624546e-02 6.141249e-02 6.036080e-02 1.337653e-02 1.344034e-02 1.359698e-02 1.365279e-02 1.365409e-02 1.372853e-02 1.381723e-02 1.894142e-02 1.396145e-02 1.400859e-02 1.401029e-02 1.399409e-02 1.396225e-02 9.769212e-03 4.537571e-02 1.879446e-02 1.379129e-02 1.392547e-02 1.403033e-02 1.347544e-02 1.467646e-02 1.327132e-02 1.319300e-02 1.314985e-02 0.000000e+00 0.000000e+00 8.982601e-03 1.246767e-02 1.315396e-02 1.259798e-02 1.289758e-02 1.299840e-02 9.102946e-03 9.165838e-03 9.264430e-03 9.362700e-03 9.478125e-03 1.283851e-02 1.280767e-02 1.190566e-02 1.256188e-02 1.257229e-02 1.347065e-02 1.189209e-02 1.474273e-02
1.297045e-02 1.321592e-02 1.352096e-02 1.394747e-02 1.374245e-02 1.330196e-02 1.338013e-02 5.961975e-02 6.306645e-02 6.615948e-02 6.840924e-02 6.931140e-02 7.173789e-02 7.652677e-02 8.241731e-02 8.856108e-02 8.867203e-02 1.469278e-02 1.435437e-02 1.405484e-02 1.370597e-02 1.201977e-02 4.380479e-02 1.366052e-02 1.387701e-02 1.397586e-02 1.396316e-02 1.325501e-02 1.313812e-02 1.305871e-02 0.000000e+00 0.000000e+00 8.903332e-03 8.951053e-03 1.298485e-02 1.311245e-02 1.291530e-02 1.303117e-02 1.305677e-02 9.083645e-03 9.125338e-03 9.213510e-03 9.301255e-03 9.405802e-03 9.531780e-03 9.655784e-03 1.282606e-02 1.302021e-02 1.292698e-02 1.304678e-02 1.246232e-02 1.339146e-02
1.180731e-02 1.282386e-02 1.342336e-02 3.710748e-02 3.860335e-02 3.661003e-02 3.677731e-02 3.885233e-02 4.089997e-02 4.298071e-02 4.475830e-02 4.609792e-02 4.789792e-02 5.039296e-02 5.320269e-02 5.591690e-02 5.600620e-02 9.874509e-02 1.042432e-01 1.410715e-02 1.389189e-02 1.359989e-02 4.732036e-02 1.388938e-02 1.393024e-02 1.387320e-02 1.376609e-02 1.369316e-02 1.305673e-02 0.000000e+00 0.000000e+00 8.908436e-03 8.884313e-03 8.931468e-03 1.306017e-02 1.305465e-02 1.299589e-02 1.302877e-02 9.037833e-03 9.036737e-03 9.069267e-03 9.154938e-03 9.245572e-03 9.339405e-03 9.449243e-03 9.581307e-03 9.698592e-03 1.310367e-02 1.307502e-02 1.306767e-02 1.285919e-02 1.309242e-02
1.293574e-02 2.327311e-02 2.346290e-02 1.301183e-02 1.302135e-02 1.293771e-02 1.299042e-02 1.311468e-02 1.321794e-02 1.332030e-02 1.342036e-02 1.389013e-02 1.400978e-02 1.415006e-02 1.429891e-02 1.442697e-02 2.057045e-02 2.564854e-02 2.501847e-02 9.426362e-02 9.955936e-02 9.351213e-02 9.928048e-02 5.843009e-02 1.399327e-02 1.373848e-02 1.360284e-02 1.347253e-02 0.000000e+00 0.000000e+00 9.022137e-03 1.140417e-02 8.873599e-03 8.923087e-03 1.306439e-02 1.303266e-02 1.300071e-02 1.298828e-02 8.970396e-03 8.965097e-03 8.992730e-03 9.077974e-03 9.187923e-03 9.288696e-03 9.361213e-03 9.450397e-03 9.580782e-03 1.303098e-02 1.312119e-02 1.321247e-02 1.321734e-02 1.322857e-02
2.662588e-02 1.279983e-02 1.279843e-02 1.281326e-02 1.271120e-02 1.257936e-02 1.258571e-02 1.266480e-02 1.273500e-02 1.282366e-02 1.293506e-02 1.305007e-02 1.316238e-02 1.328487e-02 1.342556e-02 1.394877e-02 1.410763e-02 2.002345e-02 2.042393e-02 2.619753e-02 2.997922e-02 3.614408e-02 2.702332e-02 1.266872e-01 7.192103e-02 1.404810e-02 1.371668e-02 9.729996e-03 0.000000e+00 1.081334e-02 1.156395e-02 1.247013e-02 8.846017e-03 1.138927e-02 1.304394e-02 1.303884e-02 1.301476e-02 1.298771e-02 8.917915e-03 8.913657e-03 8.944196e-03 9.020243e-03 9.133130e-03 9.255287e-03 9.316757e-03 9.360499e-03 9.462690e-03 9.586869e-03 1.300430e-02 1.309648e-02 1.316033e-02 1.317109e-02
1.286352e-02 1.280920e-02 1.280808e-02 1.282004e-02 1.273429e-02 1.258735e-02 1.254534e-02 1.256215e-02 1.255700e-02 1.258755e-02 1.268757e-02 1.280204e-02 1.288408e-02 1.295826e-02 1.305997e-02 1.316634e-02 1.790433e-02 1.337743e-02 1.398329e-02 1.438076e-02 1.449399e-02 0.000000e+00 0.000000e+00 0.000000e+00 1.283759e-01 7.391701e-02 1.348833e-02 0.000000e+00 0.000000e+00 1.343304e-02 1.320754e-02 1.294538e-02 8.810038e-03 1.235611e-02 1.301195e-02 1.305376e-02 1.303880e-02 8.905632e-03 8.876217e-03 8.868709e-03 8.912148e-03 8.990895e-03 9.094727e-03 9.227976e-03 9.301288e-03 9.317015e-03 9.364078e-03 9.446445e-03 1.285854e-02 1.290311e-02 1.295338e-02 1.301593e-02
1.283355e-02 1.277178e-02 1.276469e-02 1.279374e-02 1.275425e-02 1.263954e-02 1.258542e-02 1.256312e-02 1.248707e-02 1.243825e-02 1.250556e-02 1.261282e-02 1.267598e-02 1.272130e-02 1.279076e-02 1.609339e-02 1.292149e-02 1.298974e-02 1.315733e-02 1.341843e-02 1.398400e-02 1.399859e-02 1.426217e-02 0.000000e+00 0.000000e+00 0.000000e+00 6.825052e-02 0.000000e+00 1.031111e-02 1.423938e-02 1.385403e-02 1.374382e-02 1.148557e-02 1.290148e-02 1.307083e-02 1.305275e-02 1.302642e-02 8.876558e-03 8.849878e-03 8.826028e-03 8.861543e-03 8.951357e-03 9.061395e-03 9.200255e-03 9.286235e-03 9.304943e-03 9.327513e-03 1.173688e-02 1.288680e-02 1.290157e-02 1.292804e-02 1.294142e-02
1.281883e-02 1.279762e-02 1.278552e-02 1.281871e-02 1.283421e-02 1.278540e-02 1.276027e-02 1.274685e-02 1.262648e-02 1.248903e-02 1.246759e-02 1.251446e-02 1.255629e-02 1.257361e-02 1.625181e-02 1.265477e-02 1.265018e-02 1.264476e-02 1.274114e-02 1.291256e-02 1.304004e-02 1.343440e-02 1.371337e-02 1.417756e-02 1.422964e-02 0.000000e+00 0.000000e+00 0.000000e+00 2.687707e-02 1.293333e-02 1.888507e-02 1.412335e-02 1.289330e-02 1.334836e-02 1.321031e-02 1.305929e-02 1.299663e-02 8.835666e-03 8.827500e-03 8.799394e-03 8.814061e-03 8.897576e-03 9.019608e-03 9.173104e-03 9.272824e-03 9.309944e-03 9.335963e-03 1.263901e-02 1.297247e-02 1.295946e-02 1.296749e-02 1.291234e-02
1.281434e-02 1.281882e-02 1.277742e-02 1.278202e-02 1.284108e-02 1.286636e-02 1.287641e-02 1.286434e-02 1.277558e-02 1.260984e-02 1.250859e-02 1.251119e-02 1.251436e-02 1.820083e-02 1.253538e-02 1.252877e-02 1.244316e-02 1.239956e-02 1.250960e-02 1.258059e-02 1.266044e-02 1.274595e-02 1.326266e-02 1.369052e-02 1.379764e-02 1.804763e-02 0.000000e+00 0.000000e+00 0.000000e+00 0.000000e+00 2.100571e-02 1.430765e-02 1.385292e-02 1.332752e-02 1.320932e-02 1.310713e-02 1.304352e-02 8.802481e-03 8.785649e-03 8.769411e-03 8.777349e-03 8.838110e-03 8.947823e-03 9.099405e-03 9.206983e-03 9.264348e-03 9.307029e-03 1.293029e-02 1.301718e-02 1.296580e-02 1.291146e-02 1.284535e-02
1.299831e-02 1.293928e-02 1.277683e-02 1.267221e-02 1.273529e-02 1.282140e-02 1.274319e-02 1.277682e-02 1.279293e-02 1.272376e-02 1.271436e-02 1.260956e-02 2.177821e-02 1.265480e-02 1.259634e-02 1.245400e-02 1.234242e-02 1.238897e-02 1.232225e-02 1.243891e-02 1.245290e-02 1.244557e-02 1.265084e-02 1.333121e-02 1.345554e-02 0.000000e+00 0.000000e+00 1.145780e-02 1.354609e-02 0.000000e+00 0.000000e+00 0.000000e+00 1.362592e-02 1.345793e-02 1.309061e-02 1.315610e-02 1.312719e-02 8.789530e-03 8.742563e-03 8.734509e-03 8.744578e-03 8.784791e-03 8.864518e-03 8.988466e-03 9.091587e-03 9.167418e-03 9.236018e-03 1.298928e-02 1.304216e-02 1.297120e-02 1.283260e-02 1.276528e-02
