tests/data/reference/test_implicit_stream_rill_mfda/mwlevel_m.asc
ncols	123
nrows	77
xllcorner	-713746.79929998
yllcorner	-1061022.36961616
cellsize	10.0
NODATA_value	-9999
[rows 46 to 68 of 77, columns 52 to 103 of 123]
1.325241e-02 1.317273e-02 1.290150e-02 1.266577e-02 1.271156e-02 1.246893e-02 1.245951e-02 1.245217e-02 1.251127e-02 1.293453e-02 1.274783e-02 2.354898e-02 1.278712e-02 1.269827e-02 1.233068e-02 1.227360e-02 1.256245e-02 1.196173e-02 1.200450e-02 1.209660e-02 1.204624e-02 1.196326e-02 1.208467e-02 1.237327e-02 1.318565e-02 0.000000e+00 9.633570e-03 9.145148e-03 1.195176e-02 1.303037e-02 1.366764e-02 0.000000e+00 0.000000e+00 0.000000e+00 1.381429e-02 1.333148e-02 1.326272e-02 8.806788e-03 8.719861e-03 8.704938e-03 8.717475e-03 8.753274e-03 8.808912e-03 8.895595e-03 8.973855e-03 9.042660e-03 9.114615e-03 1.292038e-02 1.296678e-02 1.295312e-02 1.286466e-02 1.283192e-02
1.345539e-02 1.346002e-02 1.319276e-02 1.285897e-02 1.169616e-02 1.175729e-02 1.172096e-02 1.165432e-02 1.283690e-02 1.252903e-02 2.537815e-02 1.282108e-02 1.247910e-02 1.162068e-02 1.161007e-02 1.294245e-02 1.146739e-02 1.125692e-02 1.121024e-02 1.122310e-02 1.112488e-02 1.099222e-02 1.098485e-02 1.275384e-02 8.627294e-03 0.000000e+00 9.782214e-03 1.000170e-02 1.214213e-02 1.294115e-02 1.342244e-02 1.376860e-02 1.459896e-02 0.000000e+00 0.000000e+00 1.363468e-02 1.344818e-02 8.902405e-03 8.758071e-03 8.714308e-03 8.726734e-03 8.773028e-03 8.811975e-03 8.857667e-03 8.894981e-03 8.934245e-03 8.990303e-03 1.282957e-02 1.285827e-02 1.290451e-02 1.292560e-02 1.294839e-02
1.352412e-02 1.359747e-02 1.341768e-02 9.578039e-03 9.505983e-03 9.517545e-03 9.502030e-03 1.291408e-02 1.169764e-02 2.686261e-02 1.287714e-02 1.161196e-02 9.225147e-03 9.266734e-03 1.297929e-02 9.311468e-03 9.236406e-03 9.068800e-03 8.976195e-03 8.953120e-03 8.874077e-03 8.741171e-03 1.254368e-02 1.098144e-02 1.222986e-02 0.000000e+00 9.835780e-03 1.418243e-02 1.409608e-02 1.362811e-02 1.358869e-02 1.378982e-02 1.428807e-02 1.028986e-02 0.000000e+00 1.422240e-02 1.347906e-02 9.017569e-03 8.827024e-03 8.738266e-03 8.733740e-03 8.786117e-03 8.814942e-03 8.831637e-03 8.835522e-03 8.848110e-03 8.891370e-03 1.282129e-02 1.281527e-02 1.286264e-02 1.294504e-02 1.302189e-02
1.345295e-02 1.354247e-02 9.685033e-03 1.188985e-02 1.267118e-02 1.298385e-02 1.307261e-02 9.565311e-03 2.862784e-02 1.291775e-02 9.368861e-03 9.279873e-03 1.167100e-02 1.266867e-02 9.309462e-03 1.173011e-02 1.256254e-02 1.275199e-02 1.288607e-02 1.301755e-02 1.300583e-02 1.292915e-02 8.783839e-03 8.590808e-03 1.488388e-02 0.000000e+00 1.066776e-02 1.234646e-02 1.334778e-02 1.334435e-02 1.346734e-02 1.371401e-02 1.412652e-02 1.429699e-02 0.000000e+00 0.000000e+00 1.338567e-02 9.134526e-03 8.922977e-03 8.789593e-03 8.750920e-03 8.787294e-03 8.807136e-03 8.809404e-03 8.789011e-03 8.778785e-03 8.814022e-03 1.284958e-02 1.280320e-02 1.283173e-02 1.295250e-02 1.307893e-02
1.323569e-02 2.190610e-02 2.097997e-02 1.971833e-02 1.832252e-02 1.688675e-02 1.551776e-02 3.037767e-02 1.311352e-02 9.461875e-03 1.173369e-02 1.256083e-02 1.289024e-02 1.306027e-02 1.308453e-02 1.305573e-02 1.298335e-02 1.289583e-02 1.294328e-02 1.304274e-02 1.308022e-02 1.308740e-02 1.292926e-02 1.271995e-02 1.255567e-02 0.000000e+00 9.906761e-03 8.579105e-03 1.136027e-02 1.255503e-02 1.316766e-02 1.354130e-02 1.397672e-02 2.038965e-02 1.403235e-02 0.000000e+00 1.386324e-02 9.213943e-03 9.002916e-03 8.849417e-03 8.786010e-03 8.796846e-03 8.801782e-03 8.800350e-03 1.130892e-02 1.126813e-02 8.749110e-03 1.288298e-02 1.285448e-02 1.286600e-02 1.293625e-02 1.302392e-02
2.216071e-02 1.328950e-02 1.779465e-02 1.840915e-02 2.181095e-02 2.663543e-02 2.857252e-02 1.324224e-02 1.315689e-02 1.293304e-02 1.295214e-02 1.304524e-02 1.306774e-02 1.307481e-02 1.304769e-02 1.300569e-02 1.670012e-02 1.495951e-02 1.365737e-02 1.318698e-02 1.319357e-02 1.331370e-02 1.314412e-02 1.284819e-02 1.260975e-02 0.000000e+00 8.622820e-03 1.105832e-02 1.215117e-02 1.286043e-02 1.324933e-02 1.355933e-02 1.394002e-02 1.440489e-02 2.015353e-02 0.000000e+00 0.000000e+00 9.651825e-03 9.048537e-03 8.897333e-03 8.824822e-03 8.814408e-03 8.799370e-03 8.797928e-03 1.242889e-02 1.238356e-02 8.701299e-03 1.290415e-02 1.292069e-02 1.292588e-02 1.290956e-02 1.291939e-02
1.315140e-02 1.316433e-02 9.323311e-03 1.348285e-02 1.584140e-02 1.316694e-02 1.313641e-02 1.319971e-02 1.312654e-02 1.289257e-02 1.297214e-02 1.316877e-02 1.317759e-02 1.311142e-02 1.305503e-02 1.300659e-02 9.189455e-03 1.141492e-02 1.232697e-02 1.273445e-02 1.309475e-02 1.349201e-02 1.333291e-02 1.293157e-02 8.888501e-03 0.000000e+00 1.031932e-02 1.234137e-02 1.286513e-02 1.293548e-02 1.323497e-02 1.357609e-02 1.390011e-02 1.418711e-02 1.429070e-02 1.945272e-02 0.000000e+00 1.209740e-02 9.048391e-03 8.940565e-03 8.886299e-03 8.873480e-03 8.835959e-03 1.134716e-02 1.286061e-02 1.283672e-02 1.122489e-02 1.293972e-02 1.293758e-02 1.294379e-02 1.292596e-02 1.288788e-02
1.313136e-02 1.312199e-02 1.323836e-02 1.705677e-02 1.345301e-02 1.319819e-02 1.314162e-02 1.317432e-02 1.307386e-02 1.669141e-02 1.523779e-02 1.436425e-02 1.344077e-02 1.326741e-02 1.314001e-02 1.303804e-02 1.288678e-02 1.273557e-02 1.274392e-02 1.280635e-02 1.311836e-02 1.359112e-02 1.800755e-02 1.755677e-02 1.573029e-02 0.000000e+00 1.061932e-02 1.249918e-02 1.292165e-02 1.291465e-02 1.303646e-02 1.350544e-02 1.377544e-02 1.389190e-02 1.403249e-02 2.235452e-02 0.000000e+00 0.000000e+00 9.312106e-03 8.963306e-03 8.966354e-03 8.978895e-03 1.148086e-02 1.248083e-02 1.300278e-02 1.298133e-02 1.234332e-02 1.299001e-02 1.294003e-02 1.293813e-02 1.295848e-02 1.289821e-02
1.314552e-02 1.312425e-02 1.765299e-02 1.359376e-02 1.349074e-02 1.324406e-02 1.319223e-02 1.319639e-02 1.309087e-02 1.291762e-02 1.294779e-02 1.315385e-02 1.327780e-02 1.333941e-02 1.321967e-02 1.304614e-02 1.290374e-02 1.278139e-02 1.277404e-02 1.280680e-02 1.311835e-02 1.362528e-02 9.300797e-03 9.023952e-03 1.124424e-02 0.000000e+00 1.041476e-02 1.239449e-02 1.288146e-02 1.279179e-02 1.300118e-02 1.354820e-02 1.362148e-02 1.360516e-02 1.964517e-02 2.498974e-02 9.615249e-03 0.000000e+00 9.179756e-03 9.223395e-03 8.940805e-03 8.959518e-03 1.247515e-02 1.284448e-02 1.300582e-02 1.300737e-02 1.280466e-02 1.304746e-02 1.299788e-02 1.296333e-02 1.296248e-02 1.293655e-02
1.315693e-02 1.315870e-02 1.329812e-02 1.352412e-02 1.342893e-02 1.329957e-02 1.323121e-02 1.321239e-02 1.316053e-02 9.169237e-03 1.740697e-02 2.059486e-02 1.958142e-02 2.634125e-02 2.859014e-02 2.700638e-02 2.538661e-02 2.373082e-02 2.220167e-02 2.077075e-02 2.012708e-02 2.034378e-02 1.912282e-02 1.672877e-02 0.000000e+00 0.000000e+00 8.504100e-03 1.095847e-02 1.207878e-02 1.259618e-02 1.293202e-02 1.319542e-02 1.323206e-02 1.335792e-02 1.378679e-02 1.940203e-02 2.424293e-02 0.000000e+00 9.045687e-03 9.104640e-03 8.822961e-03 1.126503e-02 1.267870e-02 1.285192e-02 1.294616e-02 1.299242e-02 1.297712e-02 1.310057e-02 1.307951e-02 1.301179e-02 1.295747e-02 1.297586e-02
1.310190e-02 1.320468e-02 1.321789e-02 1.321453e-02 1.339176e-02 1.329968e-02 1.320551e-02 1.315380e-02 1.314824e-02 1.714855e-02 1.302636e-02 1.298373e-02 1.729864e-02 1.339181e-02 1.335858e-02 1.740450e-02 1.575438e-02 1.431602e-02 1.310662e-02 1.295946e-02 1.309769e-02 1.338838e-02 1.317369e-02 1.275347e-02 0.000000e+00 9.379430e-03 9.237440e-03 1.123422e-02 1.225758e-02 1.277330e-02 1.299454e-02 1.307222e-02 1.309127e-02 1.308936e-02 1.359503e-02 1.995567e-02 3.151213e-02 0.000000e+00 0.000000e+00 8.869244e-03 1.138173e-02 1.215521e-02 1.274459e-02 1.286805e-02 1.295631e-02 1.300436e-02 1.302378e-02 1.310472e-02 1.313662e-02 1.311345e-02 1.307040e-02 1.309686e-02
1.296787e-02 1.305968e-02 1.259435e-02 1.306966e-02 1.316273e-02 1.313660e-02 1.312201e-02 1.302634e-02 1.303749e-02 1.308130e-02 1.302813e-02 1.294761e-02 1.304944e-02 1.325043e-02 1.324972e-02 1.311906e-02 1.718416e-02 2.030994e-02 2.211390e-02 2.097514e-02 2.075053e-02 2.003764e-02 1.882882e-02 1.726186e-02 0.000000e+00 9.376059e-03 9.253861e-03 1.131452e-02 1.237065e-02 1.288284e-02 1.297706e-02 1.290054e-02 1.294121e-02 1.303694e-02 1.344644e-02 1.389238e-02 2.579938e-02 2.916400e-02 0.000000e+00 1.112112e-02 1.221100e-02 1.247599e-02 1.277959e-02 1.290383e-02 1.300248e-02 1.303781e-02 1.303067e-02 1.308149e-02 1.317205e-02 1.323504e-02 1.324327e-02 1.326280e-02
1.239973e-02 1.168487e-02 1.295322e-02 1.288553e-02 1.280206e-02 1.304060e-02 1.300767e-02 1.292713e-02 1.291835e-02 1.296893e-02 1.296981e-02 1.295802e-02 1.298394e-02 1.311460e-02 1.315652e-02 1.308218e-02 1.302729e-02 1.299736e-02 1.299421e-02 1.718002e-02 1.582460e-02 1.473080e-02 1.362757e-02 1.305963e-02 0.000000e+00 9.378388e-03 9.282701e-03 1.139411e-02 1.244371e-02 1.291134e-02 1.760079e-02 1.591177e-02 1.520536e-02 1.638554e-02 1.678393e-02 3.079950e-02 3.332832e-02 6.286609e-02 0.000000e+00 0.000000e+00 1.291924e-02 1.297203e-02 1.289540e-02 1.298718e-02 1.305558e-02 1.308922e-02 1.308965e-02 1.310588e-02 1.316438e-02 1.322168e-02 1.322966e-02 1.323594e-02
8.946702e-03 1.284875e-02 1.314859e-02 1.234835e-02 1.280745e-02 1.284157e-02 1.288646e-02 1.283196e-02 1.277194e-02 1.277029e-02 1.295085e-02 1.293942e-02 1.293693e-02 1.302899e-02 1.308151e-02 1.308205e-02 1.304847e-02 1.299608e-02 1.296868e-02 1.296434e-02 1.718891e-02 1.775898e-02 1.749373e-02 1.729557e-02 0.000000e+00 8.583117e-03 1.111438e-02 1.576683e-02 1.713409e-02 1.798738e-02 1.267535e-02 1.440830e-02 1.416470e-02 1.198423e-02 1.196758e-02 1.237145e-02 1.918620e-02 2.319541e-02 7.041771e-02 0.000000e+00 0.000000e+00 1.337632e-02 1.330706e-02 1.309628e-02 1.311449e-02 1.314313e-02 1.317181e-02 1.316355e-02 1.315151e-02 1.314723e-02 1.312089e-02 1.310152e-02
1.152914e-02 1.340579e-02 1.180115e-02 1.274938e-02 1.235329e-02 1.248851e-02 1.255841e-02 1.255543e-02 1.244640e-02 1.278060e-02 1.272993e-02 1.282129e-02 1.292456e-02 1.287536e-02 1.293040e-02 1.302419e-02 1.301410e-02 1.298802e-02 1.296760e-02 1.290564e-02 8.674200e-03 8.670412e-03 1.267477e-02 8.485587e-03 0.000000e+00 8.464897e-03 1.107289e-02 1.327877e-02 1.327905e-02 1.224281e-02 1.101783e-02 1.088226e-02 1.079494e-02 1.076035e-02 1.068204e-02 1.057330e-02 1.069121e-02 1.255913e-02 1.421203e-02 7.944917e-02 0.000000e+00 0.000000e+00 1.377015e-02 1.328084e-02 1.320417e-02 1.317009e-02 1.317140e-02 1.314543e-02 1.311133e-02 1.312574e-02 1.316635e-02 1.315782e-02
1.292053e-02 9.479685e-03 1.334978e-02 1.163602e-02 1.158520e-02 1.160991e-02 1.166538e-02 1.170390e-02 1.283996e-02 1.228873e-02 1.232528e-02 1.280804e-02 1.268641e-02 1.262664e-02 1.276200e-02 1.280562e-02 1.284040e-02 1.286334e-02 1.277780e-02 8.695058e-03 1.123335e-02 1.242377e-02 8.659843e-03 1.102401e-02 0.000000e+00 1.040832e-02 1.262508e-02 1.329883e-02 1.115320e-02 8.554056e-03 8.516643e-03 8.446747e-03 8.367324e-03 8.291447e-03 8.190326e-03 8.060993e-03 1.155834e-02 1.257549e-02 1.882298e-02 2.342700e-02 9.300577e-02 0.000000e+00 1.452964e-02 1.398056e-02 1.333072e-02 1.319700e-02 1.313951e-02 1.309620e-02 1.305194e-02 1.311155e-02 1.324613e-02 8.860466e-03
1.312031e-02 1.359722e-02 9.676395e-03 9.527204e-03 9.412044e-03 9.339794e-03 9.344742e-03 1.303318e-02 1.167199e-02 1.150763e-02 1.264676e-02 1.235975e-02 1.232630e-02 1.262019e-02 1.251414e-02 1.256533e-02 1.261380e-02 1.229165e-02 8.719127e-03 1.120514e-02 1.235255e-02 1.292487e-02 1.298559e-02 1.282997e-02 0.000000e+00 1.058494e-02 1.271244e-02 8.551205e-03 8.587324e-03 1.115166e-02 1.228745e-02 1.274912e-02 1.286711e-02 1.285516e-02 1.281701e-02 1.239020e-02 8.069834e-03 8.034334e-03 1.085703e-02 1.300031e-02 1.466404e-02 0.000000e+00 0.000000e+00 1.412556e-02 1.338571e-02 1.324765e-02 1.319503e-02 1.319205e-02 1.317015e-02 1.322212e-02 8.921717e-03 1.314219e-02
1.323845e-02 1.346200e-02 1.337539e-02 1.309278e-02 1.297797e-02 1.293895e-02 1.304442e-02 9.534868e-03 9.518278e-03 1.277590e-02 1.160930e-02 1.162021e-02 1.268225e-02 1.227280e-02 1.220597e-02 1.219577e-02 1.130651e-02 8.755498e-03 1.120960e-02 1.229762e-02 1.281185e-02 1.309481e-02 1.308292e-02 1.293334e-02 0.000000e+00 1.061930e-02 1.269348e-02 1.325126e-02 1.329761e-02 1.322835e-02 1.317399e-02 1.314810e-02 1.306327e-02 1.295057e-02 1.286075e-02 1.279375e-02 1.251207e-02 1.213448e-02 1.322052e-02 1.542701e-02 2.556751e-02 3.312646e-02 0.000000e+00 0.000000e+00 1.380710e-02 1.330068e-02 8.824768e-03 1.335298e-02 1.336748e-02 8.942737e-03 1.341890e-02 1.283007e-02
1.330375e-02 1.325970e-02 1.319922e-02 1.311199e-02 1.305844e-02 1.302004e-02 1.308857e-02 1.320804e-02 1.314131e-02 9.547747e-03 9.492018e-03 1.280876e-02 1.166916e-02 1.159486e-02 1.146353e-02 9.006699e-03 8.869086e-03 1.122583e-02 1.225935e-02 1.274504e-02 1.297870e-02 1.311946e-02 1.311255e-02 1.303088e-02 0.000000e+00 1.061885e-02 1.262227e-02 1.311860e-02 1.321012e-02 1.324443e-02 1.324074e-02 1.323753e-02 1.317372e-02 1.307752e-02 1.294843e-02 1.281715e-02 1.280623e-02 1.270765e-02 8.168096e-03 8.196256e-03 1.108999e-02 1.330147e-02 3.198726e-02 0.000000e+00 1.424304e-02 1.380775e-02 8.875462e-03 8.937634e-03 8.966777e-03 8.883038e-03 1.304440e-02 1.226533e-02
1.300984e-02 1.299529e-02 1.299826e-02 1.303704e-02 1.307564e-02 1.311815e-02 1.315428e-02 1.318462e-02 1.316101e-02 1.311239e-02 1.306368e-02 9.623359e-03 9.552150e-03 9.462197e-03 9.294855e-03 1.142053e-02 1.223293e-02 1.256400e-02 1.278220e-02 1.296005e-02 1.306497e-02 1.313354e-02 1.738837e-02 1.772520e-02 0.000000e+00 1.100207e-02 1.278324e-02 1.312057e-02 1.318181e-02 1.326232e-02 1.329421e-02 1.331335e-02 1.327286e-02 1.320297e-02 1.307243e-02 1.291146e-02 1.283946e-02 1.282644e-02 1.283790e-02 1.261822e-02 1.318784e-02 1.426542e-02 1.447935e-02 0.000000e+00 0.000000e+00 1.398632e-02 8.907714e-03 8.911625e-03 8.928847e-03 1.325960e-02 1.287494e-02 1.219854e-02
9.830570e-03 1.188290e-02 1.258157e-02 1.285678e-02 1.302857e-02 1.319208e-02 1.320911e-02 1.314814e-02 1.318381e-02 1.328475e-02 1.320284e-02 1.302513e-02 1.290800e-02 1.283587e-02 1.273967e-02 1.264778e-02 1.265691e-02 1.269585e-02 1.283606e-02 1.301126e-02 1.311980e-02 1.318850e-02 8.756570e-03 0.000000e+00 0.000000e+00 9.889385e-03 1.210496e-02 1.271776e-02 1.296533e-02 1.315818e-02 1.326808e-02 1.334735e-02 1.334610e-02 1.330678e-02 1.321544e-02 1.309001e-02 1.292358e-02 1.277464e-02 1.276657e-02 1.275311e-02 1.280019e-02 1.329115e-02 1.375119e-02 1.429993e-02 0.000000e+00 0.000000e+00 1.200797e-02 8.844168e-03 8.762403e-03 8.652899e-03 8.562665e-03 1.107556e-02
-9.999000e+03 -9.999000e+03 -9.999000e+03 -9.999000e+03 -9.999000e+03 -9.999000e+03 -9.999000e+03 9.576471e-03 9.641121e-03 9.825575e-03 9.909031e-03 9.834481e-03 1.187503e-02 1.243107e-02 1.261594e-02 1.270230e-02 1.272725e-02 1.272334e-02 1.286027e-02 1.305366e-02 1.316208e-02 1.323189e-02 1.305385e-02 0.000000e+00 9.758172e-03 9.468014e-03 1.133485e-02 1.211993e-02 1.258906e-02 1.292438e-02 1.315208e-02 1.333161e-02 1.339720e-02 1.340939e-02 1.335650e-02 1.326319e-02 1.303345e-02 1.277115e-02 1.270466e-02 1.273251e-02 1.272668e-02 1.275935e-02 1.355347e-02 1.409764e-02 1.480682e-02 0.000000e+00 0.000000e+00 9.094026e-03 8.583634e-03 8.513438e-03 8.479120e-03 8.485860e-03
-9.999000e+03 -9.999000e+03 -9.999000e+03 -9.999000e+03 -9.999000e+03 -9.999000e+03 -9.999000e+03 -9.999000e+03 -9.999000e+03 -9.999000e+03 1.209430e-02 1.198228e-02 9.628374e-03 9.361614e-03 1.155203e-02 1.246442e-02 1.272940e-02 1.273605e-02 1.288186e-02 1.309678e-02 1.318008e-02 1.320482e-02 1.300093e-02 0.000000e+00 9.754949e-03 9.508165e-03 1.137303e-02 1.211172e-02 1.253095e-02 1.277013e-02 1.309988e-02 1.330231e-02 1.342520e-02 1.349422e-02 1.345418e-02 1.335302e-02 1.313949e-02 1.289216e-02 1.274744e-02 1.266386e-02 1.272704e-02 1.264197e-02 1.306042e-02 1.369550e-02 1.414387e-02 1.501416e-02 0.000000e+00 0.000000e+00 8.499135e-03 8.408182e-03 -9.999000e+03 -9.999000e+03
