tests/data/reference/test_implicit_stream_rill_mfda/mwlevel_m.asc
ncols	123
nrows	77
xllcorner	-713746.79929998
yllcorner	-1061022.36961616
cellsize	10.0
NODATA_value	-9999
[rows 46 to 68 of 77, columns 0 to 51 of 123]
-9.999000e+03 -9.999000e+03 -9.999000e+03 -9.999000e+03 -9.999000e+03 -9.999000e+03 7.219697e-03 1.788673e-02 1.314835e-02 1.317272e-02 1.060897e-02 1.248248e-02 1.307218e-02 1.318394e-02 1.326365e-02 1.332590e-02 1.323765e-02 1.309124e-02 1.288157e-02 1.267108e-02 1.269186e-02 1.198210e-02 1.203926e-02 1.213764e-02 1.279973e-02 1.286098e-02 1.299899e-02 1.318117e-02 1.315637e-02 1.307584e-02 1.307991e-02 3.135728e-02 3.196762e-02 1.311608e-02 1.307152e-02 1.302811e-02 1.295946e-02 1.290600e-02 1.290536e-02 1.291643e-02 1.297162e-02 1.306621e-02 1.314283e-02 1.317727e-02 1.325052e-02 1.335457e-02 1.338445e-02 1.339225e-02 1.345994e-02 1.357188e-02 1.354201e-02 1.335188e-02
-9.999000e+03 -9.999000e+03 -9.999000e+03 -9.999000e+03 -9.999000e+03 -9.999000e+03 2.542966e-02 1.429502e-02 1.249798e-02 1.240127e-02 1.042003e-02 1.277097e-02 1.283805e-02 1.293236e-02 1.306284e-02 1.315283e-02 1.328064e-02 1.327136e-02 1.306644e-02 1.282747e-02 9.985731e-03 9.891306e-03 9.844035e-03 9.847992e-03 1.204105e-02 1.266786e-02 1.296052e-02 2.715803e-02 2.848987e-02 2.916289e-02 3.012432e-02 1.323101e-02 1.315613e-02 1.307293e-02 1.301049e-02 1.295913e-02 1.289365e-02 1.283765e-02 1.285081e-02 1.286962e-02 1.288599e-02 1.292170e-02 1.296935e-02 1.301611e-02 1.309946e-02 1.322442e-02 1.331034e-02 1.334010e-02 1.336023e-02 1.344360e-02 1.351540e-02 1.347298e-02
-9.999000e+03 -9.999000e+03 -9.999000e+03 -9.999000e+03 -9.999000e+03 7.856687e-03 1.414207e-02 1.608436e-02 1.051937e-02 1.047811e-02 1.219370e-02 1.257344e-02 1.263412e-02 1.285426e-02 1.273684e-02 1.297940e-02 1.318124e-02 1.329375e-02 1.312905e-02 1.290875e-02 1.591132e-02 1.824694e-02 2.016570e-02 2.238887e-02 2.347473e-02 2.465294e-02 2.599538e-02 1.331050e-02 1.331433e-02 1.323160e-02 1.321860e-02 1.323917e-02 1.315780e-02 1.305566e-02 1.297994e-02 1.292778e-02 1.286225e-02 1.278925e-02 1.280210e-02 1.284142e-02 1.285702e-02 1.286255e-02 1.286820e-02 1.288496e-02 1.294428e-02 1.305511e-02 1.318163e-02 1.327582e-02 1.328890e-02 1.331643e-02 1.342166e-02 1.347690e-02
-9.999000e+03 -9.999000e+03 -9.999000e+03 -9.999000e+03 1.094865e-02 1.455836e-02 1.294861e-02 1.489670e-02 1.064700e-02 1.073689e-02 1.232849e-02 1.270934e-02 1.322487e-02 1.216359e-02 1.271874e-02 1.292117e-02 1.309789e-02 1.323313e-02 1.306901e-02 1.286484e-02 1.286265e-02 1.293250e-02 1.304041e-02 1.298929e-02 1.316487e-02 1.328170e-02 1.330287e-02 1.334262e-02 1.339574e-02 1.337893e-02 1.334761e-02 1.336438e-02 1.334670e-02 1.328798e-02 1.321190e-02 1.313633e-02 1.303381e-02 1.289467e-02 1.283316e-02 1.284220e-02 1.287857e-02 1.289512e-02 1.286393e-02 1.283183e-02 1.284203e-02 1.290293e-02 1.302321e-02 1.316468e-02 1.321254e-02 1.321370e-02 1.327108e-02 1.339198e-02
-9.999000e+03 -9.999000e+03 -9.999000e+03 -9.999000e+03 7.700599e-03 1.319103e-02 1.227539e-02 1.254791e-02 1.247144e-02 1.090111e-02 1.280816e-02 1.618352e-02 1.053877e-02 1.216327e-02 1.264513e-02 1.284390e-02 1.302256e-02 1.318341e-02 1.304305e-02 1.282725e-02 1.277374e-02 1.307457e-02 1.269963e-02 1.288756e-02 1.303853e-02 1.318969e-02 1.323685e-02 1.326947e-02 1.335297e-02 1.340053e-02 1.336963e-02 1.335765e-02 1.336572e-02 1.336401e-02 1.333328e-02 1.327555e-02 1.318794e-02 1.304506e-02 1.291595e-02 1.286371e-02 1.291576e-02 1.296505e-02 1.291417e-02 1.284366e-02 1.280707e-02 1.281276e-02 1.290094e-02 1.304605e-02 1.312105e-02 1.295841e-02 1.304460e-02 1.317923e-02
-9.999000e+03 -9.999000e+03 -9.999000e+03 7.691245e-03 1.503608e-02 1.428954e-02 1.079980e-02 1.233790e-02 1.101301e-02 1.264032e-02 1.476603e-02 1.280276e-02 1.067666e-02 1.212242e-02 1.251686e-02 1.274048e-02 1.291270e-02 1.307947e-02 1.300045e-02 1.275025e-02 1.358454e-02 1.178958e-02 1.238833e-02 1.255602e-02 1.269251e-02 1.285867e-02 1.294747e-02 1.299127e-02 1.307815e-02 1.315541e-02 1.314177e-02 1.311042e-02 1.310480e-02 1.313515e-02 1.318457e-02 1.321627e-02 1.322698e-02 1.317337e-02 1.302790e-02 1.291367e-02 1.297190e-02 1.307129e-02 1.304328e-02 1.296594e-02 1.288568e-02 1.282400e-02 1.284706e-02 1.294695e-02 1.253599e-02 1.254274e-02 1.258949e-02 1.269631e-02
-9.999000e+03 -9.999000e+03 -9.999000e+03 8.229767e-03 1.476843e-02 1.223907e-02 1.110704e-02 1.131617e-02 1.243930e-02 1.247461e-02 1.374709e-02 1.266385e-02 1.087296e-02 1.203575e-02 1.240086e-02 1.265240e-02 1.278404e-02 1.294334e-02 1.297808e-02 1.659381e-02 9.962230e-03 1.163887e-02 1.208939e-02 1.222680e-02 1.234876e-02 1.253106e-02 1.266224e-02 1.273711e-02 1.284179e-02 1.294687e-02 1.296345e-02 1.293098e-02 1.289812e-02 1.291527e-02 1.299524e-02 1.307336e-02 1.315953e-02 1.320988e-02 1.309981e-02 1.293891e-02 1.297322e-02 1.310429e-02 1.313345e-02 1.309275e-02 1.300437e-02 1.290925e-02 1.288169e-02 1.148733e-02 1.152678e-02 1.154946e-02 1.157391e-02 2.300071e-02
-9.999000e+03 -9.999000e+03 9.669733e-03 1.012124e-02 1.243209e-02 1.217864e-02 1.153609e-02 1.168557e-02 1.156551e-02 1.175604e-02 1.340298e-02 1.275426e-02 1.117811e-02 1.202928e-02 1.236437e-02 1.253431e-02 1.254450e-02 1.264401e-02 1.512924e-02 1.286420e-02 1.031393e-02 1.170744e-02 1.193789e-02 1.201870e-02 1.210298e-02 1.222104e-02 1.238741e-02 1.253716e-02 1.268252e-02 1.283703e-02 1.291646e-02 1.291078e-02 1.283242e-02 1.279222e-02 1.281968e-02 1.287452e-02 1.296254e-02 1.306784e-02 1.304109e-02 1.291229e-02 1.291020e-02 1.301773e-02 1.310011e-02 1.313714e-02 1.310364e-02 1.303798e-02 9.163513e-03 9.107946e-03 9.099551e-03 9.133496e-03 2.406904e-02 1.313061e-02
-9.999000e+03 -9.999000e+03 4.160385e-02 1.291824e-02 1.112813e-02 1.150720e-02 1.183347e-02 1.152523e-02 1.299950e-02 1.395016e-02 1.169405e-02 1.275681e-02 1.145453e-02 1.216526e-02 1.223440e-02 1.229136e-02 1.217505e-02 1.216343e-02 1.245321e-02 1.391484e-02 1.077529e-02 1.163184e-02 1.166625e-02 1.191139e-02 1.188146e-02 1.192651e-02 1.214420e-02 1.232310e-02 1.249232e-02 1.266837e-02 1.279525e-02 1.283898e-02 1.280340e-02 1.269929e-02 1.271416e-02 1.275345e-02 1.283134e-02 1.293063e-02 1.293703e-02 1.287911e-02 1.288834e-02 1.296376e-02 1.304310e-02 1.310808e-02 1.309201e-02 1.304647e-02 1.301504e-02 1.300006e-02 2.277910e-02 2.533189e-02 1.315937e-02 1.314288e-02
-9.999000e+03 1.029860e-02 4.325612e-02 1.387127e-02 1.124547e-02 1.208649e-02 1.143385e-02 1.144095e-02 -9.999000e+03 -9.999000e+03 -9.999000e+03 1.171542e-02 1.158093e-02 1.113154e-02 1.094039e-02 1.092964e-02 1.084117e-02 1.068964e-02 1.084703e-02 1.141189e-02 1.154616e-02 1.105387e-02 1.176817e-02 1.178706e-02 1.179367e-02 1.198046e-02 1.205031e-02 1.213596e-02 1.226049e-02 1.239184e-02 1.250350e-02 1.279308e-02 1.270710e-02 1.266676e-02 1.268543e-02 1.274125e-02 1.282493e-02 1.289759e-02 1.285411e-02 1.281221e-02 1.289785e-02 1.297960e-02 1.303280e-02 1.304573e-02 1.301266e-02 1.299331e-02 1.698822e-02 2.005531e-02 1.311616e-02 1.318780e-02 1.314582e-02 1.310467e-02
-9.999000e+03 1.423637e-02 1.450853e-02 1.125599e-02 1.160301e-02 1.156027e-02 -9.999000e+03 -9.999000e+03 -9.999000e+03 -9.999000e+03 -9.999000e+03 -9.999000e+03 1.147016e-02 1.121949e-02 1.262409e-02 1.294201e-02 1.093011e-02 1.249194e-02 1.316577e-02 1.386285e-02 1.174401e-02 1.170202e-02 1.133642e-02 1.093791e-02 1.200537e-02 1.196145e-02 1.182425e-02 1.175625e-02 1.178102e-02 1.179845e-02 1.255318e-02 1.248392e-02 1.262950e-02 1.255121e-02 1.260242e-02 1.267466e-02 1.276317e-02 1.283506e-02 1.275028e-02 1.273950e-02 1.282647e-02 1.295560e-02 1.291903e-02 1.292432e-02 1.299198e-02 1.289256e-02 1.292027e-02 1.301675e-02 1.305183e-02 1.312326e-02 1.304634e-02 1.300593e-02
7.642473e-03 2.148466e-02 1.234487e-02 1.158020e-02 1.215580e-02 1.122248e-02 -9.999000e+03 -9.999000e+03 -9.999000e+03 -9.999000e+03 -9.999000e+03 -9.999000e+03 -9.999000e+03 -9.999000e+03 -9.999000e+03 1.088327e-02 1.273677e-02 1.075123e-02 1.088076e-02 1.108064e-02 1.383778e-02 -9.999000e+03 -9.999000e+03 1.133745e-02 1.092812e-02 1.069351e-02 1.044902e-02 1.021633e-02 1.010214e-02 1.263329e-02 1.187107e-02 1.244699e-02 1.231813e-02 1.229021e-02 1.237798e-02 1.245298e-02 1.250054e-02 1.256792e-02 1.274453e-02 1.257898e-02 1.268538e-02 1.256426e-02 1.258964e-02 1.299516e-02 1.281284e-02 1.271404e-02 1.282182e-02 1.273518e-02 1.280062e-02 1.286696e-02 1.287968e-02 1.272640e-02
8.941857e-03 1.165450e-02 1.174855e-02 1.175401e-02 1.118931e-02 -9.999000e+03 -9.999000e+03 -9.999000e+03 -9.999000e+03 -9.999000e+03 -9.999000e+03 -9.999000e+03 -9.999000e+03 -9.999000e+03 -9.999000e+03 -9.999000e+03 -9.999000e+03 -9.999000e+03 -9.999000e+03 -9.999000e+03 -9.999000e+03 -9.999000e+03 -9.999000e+03 1.144000e-02 1.102716e-02 1.087704e-02 1.238154e-02 1.264394e-02 1.291091e-02 1.042701e-02 1.260334e-02 1.190592e-02 1.184881e-02 1.178292e-02 1.183925e-02 1.184210e-02 1.180270e-02 1.272247e-02 1.244719e-02 1.233443e-02 1.161652e-02 1.167528e-02 1.292357e-02 1.258857e-02 1.253803e-02 1.283657e-02 1.238847e-02 1.236279e-02 1.239204e-02 1.288153e-02 1.262555e-02 1.256450e-02
-9.999000e+03 1.110857e-02 1.122023e-02 1.088479e-02 -9.999000e+03 -9.999000e+03 -9.999000e+03 -9.999000e+03 -9.999000e+03 -9.999000e+03 -9.999000e+03 -9.999000e+03 -9.999000e+03 -9.999000e+03 -9.999000e+03 -9.999000e+03 -9.999000e+03 -9.999000e+03 -9.999000e+03 -9.999000e+03 -9.999000e+03 -9.999000e+03 -9.999000e+03 -9.999000e+03 -9.999000e+03 -9.999000e+03 1.069001e-02 1.051064e-02 1.249109e-02 1.328890e-02 1.082193e-02 1.065567e-02 1.038604e-02 1.006447e-02 9.920968e-03 9.886554e-03 1.268711e-02 1.182113e-02 1.178673e-02 9.434611e-03 9.338664e-03 1.275585e-02 1.168904e-02 1.172930e-02 1.296654e-02 1.169520e-02 1.166022e-02 1.161650e-02 1.285384e-02 1.249327e-02 1.275060e-02 1.128204e-02
-9.999000e+03 -9.999000e+03 -9.999000e+03 -9.999000e+03 -9.999000e+03 -9.999000e+03 -9.999000e+03 -9.999000e+03 -9.999000e+03 -9.999000e+03 -9.999000e+03 -9.999000e+03 -9.999000e+03 -9.999000e+03 -9.999000e+03 -9.999000e+03 -9.999000e+03 -9.999000e+03 -9.999000e+03 -9.999000e+03 -9.999000e+03 -9.999000e+03 -9.999000e+03 -9.999000e+03 -9.999000e+03 -9.999000e+03 -9.999000e+03 -9.999000e+03 1.061000e-02 1.287307e-02 1.100940e-02 1.085102e-02 1.053145e-02 1.200907e-02 1.265999e-02 1.309036e-02 1.005232e-02 9.875748e-03 9.712122e-03 1.178757e-02 1.255562e-02 9.422944e-03 9.394826e-03 1.286722e-02 9.372588e-03 9.368811e-03 9.382703e-03 1.304847e-02 1.169012e-02 1.284577e-02 9.231430e-03 8.986289e-03
-9.999000e+03 -9.999000e+03 -9.999000e+03 -9.999000e+03 -9.999000e+03 -9.999000e+03 -9.999000e+03 -9.999000e+03 -9.999000e+03 -9.999000e+03 -9.999000e+03 -9.999000e+03 -9.999000e+03 -9.999000e+03 -9.999000e+03 -9.999000e+03 -9.999000e+03 -9.999000e+03 -9.999000e+03 -9.999000e+03 -9.999000e+03 -9.999000e+03 -9.999000e+03 -9.999000e+03 -9.999000e+03 -9.999000e+03 -9.999000e+03 -9.999000e+03 -9.999000e+03 1.091611e-02 1.304931e-02 1.229019e-02 1.205538e-02 1.005987e-02 9.995712e-03 1.015743e-02 1.014706e-02 9.940836e-03 1.194630e-02 1.259803e-02 1.285977e-02 1.299476e-02 1.296978e-02 9.417959e-03 1.175943e-02 1.266650e-02 1.304575e-02 9.526612e-03 1.295251e-02 9.371529e-03 1.159719e-02 1.232833e-02
-9.999000e+03 -9.999000e+03 -9.999000e+03 -9.999000e+03 -9.999000e+03 -9.999000e+03 -9.999000e+03 -9.999000e+03 -9.999000e+03 -9.999000e+03 -9.999000e+03 -9.999000e+03 -9.999000e+03 -9.999000e+03 -9.999000e+03 -9.999000e+03 -9.999000e+03 -9.999000e+03 -9.999000e+03 -9.999000e+03 -9.999000e+03 -9.999000e+03 -9.999000e+03 -9.999000e+03 -9.999000e+03 -9.999000e+03 -9.999000e+03 -9.999000e+03 -9.999000e+03 -9.999000e+03 1.225650e-02 -9.999000e+03 -9.999000e+03 -9.999000e+03 -9.999000e+03 -9.999000e+03 -9.999000e+03 -9.999000e+03 9.796091e-03 1.198004e-02 1.274975e-02 1.304280e-02 1.297970e-02 1.283796e-02 1.289829e-02 1.301893e-02 1.317621e-02 1.335608e-02 9.597588e-03 1.162068e-02 1.240495e-02 1.275194e-02
-9.999000e+03 -9.999000e+03 -9.999000e+03 -9.999000e+03 -9.999000e+03 -9.999000e+03 -9.999000e+03 -9.999000e+03 -9.999000e+03 -9.999000e+03 -9.999000e+03 -9.999000e+03 -9.999000e+03 -9.999000e+03 -9.999000e+03 -9.999000e+03 -9.999000e+03 -9.999000e+03 -9.999000e+03 -9.999000e+03 -9.999000e+03 -9.999000e+03 -9.999000e+03 -9.999000e+03 -9.999000e+03 -9.999000e+03 -9.999000e+03 -9.999000e+03 -9.999000e+03 -9.999000e+03 -9.999000e+03 -9.999000e+03 -9.999000e+03 -9.999000e+03 -9.999000e+03 -9.999000e+03 -9.999000e+03 -9.999000e+03 -9.999000e+03 -9.999000e+03 -9.999000e+03 9.782197e-03 9.716371e-03 9.539557e-03 1.178698e-02 1.268856e-02 1.310066e-02 1.336198e-02 1.307386e-02 1.266093e-02 1.277141e-02 1.303422e-02
-9.999000e+03 -9.999000e+03 -9.999000e+03 -9.999000e+03 -9.999000e+03 -9.999000e+03 -9.999000e+03 -9.999000e+03 -9.999000e+03 -9.999000e+03 -9.999000e+03 -9.999000e+03 -9.999000e+03 -9.999000e+03 -9.999000e+03 -9.999000e+03 -9.999000e+03 -9.999000e+03 -9.999000e+03 -9.999000e+03 -9.999000e+03 -9.999000e+03 -9.999000e+03 -9.999000e+03 -9.999000e+03 -9.999000e+03 -9.999000e+03 -9.999000e+03 -9.999000e+03 -9.999000e+03 -9.999000e+03 -9.999000e+03 -9.999000e+03 -9.999000e+03 -9.999000e+03 -9.999000e+03 -9.999000e+03 -9.999000e+03 -9.999000e+03 -9.999000e+03 -9.999000e+03 -9.999000e+03 -9.999000e+03 -9.999000e+03 9.419475e-03 9.462327e-03 1.195441e-02 1.293704e-02 9.591211e-03 1.157407e-02 1.251557e-02 1.314971e-02
-9.999000e+03 -9.999000e+03 -9.999000e+03 -9.999000e+03 -9.999000e+03 -9.999000e+03 -9.999000e+03 -9.999000e+03 -9.999000e+03 -9.999000e+03 -9.999000e+03 -9.999000e+03 -9.999000e+03 -9.999000e+03 -9.999000e+03 -9.999000e+03 -9.999000e+03 -9.999000e+03 -9.999000e+03 -9.999000e+03 -9.999000e+03 -9.999000e+03 -9.999000e+03 -9.999000e+03 -9.999000e+03 -9.999000e+03 -9.999000e+03 -9.999000e+03 -9.999000e+03 -9.999000e+03 -9.999000e+03 -9.999000e+03 -9.999000e+03 -9.999000e+03 -9.999000e+03 -9.999000e+03 -9.999000e+03 -9.999000e+03 -9.999000e+03 -9.999000e+03 -9.999000e+03 -9.999000e+03 -9.999000e+03 -9.999000e+03 -9.999000e+03 -9.999000e+03 -9.999000e+03 -9.999000e+03 -9.999000e+03 -9.999000e+03 9.312562e-03 1.209777e-02
-9.999000e+03 -9.999000e+03 -9.999000e+03 -9.999000e+03 -9.999000e+03 -9.999000e+03 -9.999000e+03 -9.999000e+03 -9.999000e+03 -9.999000e+03 -9.999000e+03 -9.999000e+03 -9.999000e+03 -9.999000e+03 -9.999000e+03 -9.999000e+03 -9.999000e+03 -9.999000e+03 -9.999000e+03 -9.999000e+03 -9.999000e+03 -9.999000e+03 -9.999000e+03 -9.999000e+03 -9.999000e+03 -9.999000e+03 -9.999000e+03 -9.999000e+03 -9.999000e+03 -9.999000e+03 -9.999000e+03 -9.999000e+03 -9.999000e+03 -9.999000e+03 -9.999000e+03 -9.999000e+03 -9.999000e+03 -9.999000e+03 -9.999000e+03 -9.999000e+03 -9.999000e+03 -9.999000e+03 -9.999000e+03 -9.999000e+03 -9.999000e+03 -9.999000e+03 -9.999000e+03 -9.999000e+03 -9.999000e+03 -9.999000e+03 -9.999000e+03 9.686593e-03
-9.999000e+03 -9.999000e+03 -9.999000e+03 -9.999000e+03 -9.999000e+03 -9.999000e+03 -9.999000e+03 -9.999000e+03 -9.999000e+03 -9.999000e+03 -9.999000e+03 -9.999000e+03 -9.999000e+03 -9.999000e+03 -9.999000e+03 -9.999000e+03 -9.999000e+03 -9.999000e+03 -9.999000e+03 -9.999000e+03 -9.999000e+03 -9.999000e+03 -9.999000e+03 -9.999000e+03 -9.999000e+03 -9.999000e+03 -9.999000e+03 -9.999000e+03 -9.999000e+03 -9.999000e+03 -9.999000e+03 -9.999000e+03 -9.999000e+03 -9.999000e+03 -9.999000e+03 -9.999000e+03 -9.999000e+03 -9.999000e+03 -9.999000e+03 -9.999000e+03 -9.999000e+03 -9.999000e+03 -9.999000e+03 -9.999000e+03 -9.999000e+03 -9.999000e+03 -9.999000e+03 -9.999000e+03 -9.999000e+03 -9.999000e+03 -9.999000e+03 -9.999000e+03
-9.999000e+03 -9.999000e+03 -9.999000e+03 -9.999000e+03 -9.999000e+03 -9.999000e+03 -9.999000e+03 -9.999000e+03 -9.999000e+03 -9.999000e+03 -9.999000e+03 -9.999000e+03 -9.999000e+03 -9.999000e+03 -9.999000e+03 -9.999000e+03 -9.999000e+03 -9.999000e+03 -9.999000e+03 -9.999000e+03 -9.999000e+03 -9.999000e+03 -9.999000e+03 -9.999000e+03 -9.999000e+03 -9.999000e+03 -9.999000e+03 -9.999000e+03 -9.999000e+03 -9.999000e+03 -9.999000e+03 -9.999000e+03 -9.999000e+03 -9.999000e+03 -9.999000e+03 -9.999000e+03 -9.999000e+03 -9.999000e+03 -9.999000e+03 -9.999000e+03 -9.999000e+03 -9.999000e+03 -9.999000e+03 -9.999000e+03 -9.999000e+03 -9.999000e+03 -9.999000e+03 -9.999000e+03 -9.999000e+03 -9.999000e+03 -9.999000e+03 -9.999000e+03
