tests/data/reference/test_implicit_stream_rill_mfda/mwlevel_m.asc
ncols	123
nrows	77
xllcorner	-713746.79929998
yllcorner	-1061022.36961616
cellsize	10.0
NODATA_value	-9999
[rows 23 to 45 of 77, columns 52 to 103 of 123]
1.107683e-02 1.276738e-02 1.290261e-02 1.305927e-02 1.311211e-02 1.311536e-02 1.313952e-02 1.318031e-02 1.317161e-02 1.311314e-02 1.308968e-02 1.311736e-02 1.312745e-02 1.317035e-02 1.330138e-02 1.346802e-02 2.527989e-02 1.324298e-02 1.299042e-02 1.282103e-02 1.267285e-02 1.252309e-02 1.224929e-02 1.251165e-02 9.227442e-03 1.159183e-02 2.903765e-02 1.701052e-02 2.265408e-02 1.357566e-02 1.269091e-02 1.154407e-02 9.404304e-03 9.725333e-03 -9.999000e+03 -9.999000e+03 -9.999000e+03 -9.999000e+03 -9.999000e+03 -9.999000e+03 -9.999000e+03 -9.999000e+03 -9.999000e+03 -9.999000e+03 -9.999000e+03 -9.999000e+03 -9.999000e+03 -9.999000e+03 -9.999000e+03 -9.999000e+03 -9.999000e+03 -9.999000e+03
1.100945e-02 1.212845e-02 1.296231e-02 1.308428e-02 1.313169e-02 1.314353e-02 1.318077e-02 1.322644e-02 1.320167e-02 1.314423e-02 1.313692e-02 1.313166e-02 1.316358e-02 1.326751e-02 1.339080e-02 1.346457e-02 2.734828e-02 1.306637e-02 1.295226e-02 1.284458e-02 1.275103e-02 1.268581e-02 1.259370e-02 1.265057e-02 1.138998e-02 1.237900e-02 9.378526e-03 2.911679e-02 1.612591e-02 2.072227e-02 1.689265e-02 1.258393e-02 1.160571e-02 1.167696e-02 9.830550e-03 -9.999000e+03 -9.999000e+03 -9.999000e+03 -9.999000e+03 -9.999000e+03 -9.999000e+03 -9.999000e+03 -9.999000e+03 -9.999000e+03 -9.999000e+03 -9.999000e+03 -9.999000e+03 -9.999000e+03 -9.999000e+03 -9.999000e+03 -9.999000e+03 -9.999000e+03
1.277637e-02 1.214953e-02 1.271165e-02 1.309278e-02 1.316748e-02 1.322289e-02 1.327010e-02 1.326966e-02 1.319118e-02 1.310831e-02 1.309215e-02 1.312266e-02 1.322273e-02 1.335625e-02 1.340530e-02 1.335580e-02 2.828597e-02 1.284826e-02 1.286251e-02 1.286173e-02 1.283408e-02 1.281436e-02 1.278880e-02 1.279818e-02 1.229444e-02 1.259157e-02 1.137677e-02 2.594164e-02 9.297250e-03 1.379965e-02 2.498468e-02 1.329571e-02 1.260775e-02 1.224315e-02 1.136375e-02 9.506720e-03 9.761254e-03 9.785167e-03 -9.999000e+03 -9.999000e+03 -9.999000e+03 -9.999000e+03 -9.999000e+03 -9.999000e+03 -9.999000e+03 -9.999000e+03 -9.999000e+03 -9.999000e+03 -9.999000e+03 -9.999000e+03 -9.999000e+03 -9.999000e+03
1.098120e-02 1.295310e-02 1.275542e-02 1.306819e-02 1.326591e-02 1.329761e-02 1.327983e-02 1.319635e-02 1.311063e-02 1.307230e-02 1.309512e-02 1.317040e-02 1.327056e-02 1.332997e-02 1.330359e-02 1.324225e-02 2.756858e-02 1.293707e-02 1.296664e-02 1.298513e-02 1.299452e-02 1.300109e-02 1.299158e-02 1.296658e-02 1.272552e-02 1.273987e-02 1.218209e-02 2.384094e-02 1.135881e-02 1.273141e-02 2.294131e-02 1.318967e-02 1.299110e-02 1.274777e-02 1.228153e-02 1.154293e-02 1.171413e-02 9.684427e-03 1.192506e-02 9.814752e-03 -9.999000e+03 -9.999000e+03 -9.999000e+03 -9.999000e+03 -9.999000e+03 -9.999000e+03 -9.999000e+03 -9.999000e+03 -9.999000e+03 -9.999000e+03 -9.999000e+03 -9.999000e+03
1.214395e-02 8.479723e-03 1.317770e-02 1.318963e-02 1.332029e-02 1.330896e-02 1.320180e-02 1.308608e-02 1.305015e-02 1.307530e-02 1.313015e-02 1.320314e-02 1.323813e-02 1.322178e-02 1.319911e-02 1.322303e-02 2.866637e-02 1.314257e-02 1.314848e-02 1.315965e-02 1.319827e-02 1.322327e-02 1.320915e-02 1.314866e-02 1.297907e-02 1.288966e-02 1.260627e-02 2.240366e-02 1.219466e-02 1.258372e-02 1.999686e-02 1.279159e-02 1.308384e-02 1.323179e-02 1.304606e-02 1.262209e-02 9.461325e-03 9.606497e-03 1.195618e-02 1.280068e-02 1.204880e-02 5.881494e-03 -9.999000e+03 -9.999000e+03 -9.999000e+03 -9.999000e+03 -9.999000e+03 -9.999000e+03 -9.999000e+03 -9.999000e+03 -9.999000e+03 -9.999000e+03
1.273039e-02 1.107808e-02 1.323158e-02 1.323158e-02 8.729557e-03 1.323459e-02 1.314629e-02 1.305750e-02 1.303932e-02 1.307014e-02 1.311858e-02 1.317852e-02 1.320570e-02 1.321819e-02 1.326774e-02 1.334693e-02 2.974032e-02 1.312570e-02 1.309190e-02 1.308813e-02 1.311214e-02 1.313834e-02 1.314721e-02 1.312776e-02 1.304790e-02 1.296794e-02 1.281949e-02 2.116103e-02 1.261766e-02 1.269473e-02 1.809746e-02 1.277253e-02 1.302730e-02 1.323326e-02 1.324922e-02 1.305103e-02 1.178407e-02 1.181925e-02 9.616712e-03 1.271761e-02 0.000000e+00 1.035741e-02 6.699537e-03 7.432055e-03 -9.999000e+03 -9.999000e+03 -9.999000e+03 -9.999000e+03 -9.999000e+03 -9.999000e+03 -9.999000e+03 -9.999000e+03
1.305636e-02 1.233739e-02 1.324458e-02 1.318020e-02 8.704083e-03 1.121255e-02 1.313264e-02 1.305347e-02 1.301399e-02 1.303723e-02 1.308622e-02 1.315605e-02 1.322612e-02 1.332279e-02 1.344044e-02 1.348786e-02 1.335978e-02 2.861162e-02 1.293256e-02 1.290929e-02 1.290128e-02 1.292557e-02 1.296992e-02 1.301800e-02 1.303785e-02 1.301173e-02 1.294772e-02 2.049922e-02 1.288899e-02 1.289875e-02 1.676641e-02 1.285212e-02 1.290096e-02 1.300843e-02 1.315315e-02 1.319293e-02 1.273329e-02 1.264815e-02 1.180264e-02 0.000000e+00 0.000000e+00 2.464821e-02 1.771181e-02 1.063958e-02 8.153412e-03 -9.999000e+03 -9.999000e+03 -9.999000e+03 -9.999000e+03 -9.999000e+03 -9.999000e+03 -9.999000e+03
1.330568e-02 1.297863e-02 1.327732e-02 1.317130e-02 1.120686e-02 8.695026e-03 1.229642e-02 1.300425e-02 1.300461e-02 1.309696e-02 1.319439e-02 1.329609e-02 1.338650e-02 1.347598e-02 1.349446e-02 1.337136e-02 1.313780e-02 1.290751e-02 2.432572e-02 1.283570e-02 1.286477e-02 1.291436e-02 1.296464e-02 1.300478e-02 1.302911e-02 1.302672e-02 1.302800e-02 1.962646e-02 1.300247e-02 1.296255e-02 1.537918e-02 1.284584e-02 1.282513e-02 1.285600e-02 9.292569e-03 9.405697e-03 1.290365e-02 1.282347e-02 0.000000e+00 0.000000e+00 1.278235e-02 2.046003e-02 1.522674e-02 1.213074e-02 1.053281e-02 8.414504e-03 -9.999000e+03 -9.999000e+03 -9.999000e+03 -9.999000e+03 -9.999000e+03 -9.999000e+03
1.354589e-02 1.333205e-02 1.332351e-02 1.319380e-02 1.233527e-02 1.117627e-02 8.633771e-03 1.267139e-02 1.308513e-02 1.326344e-02 1.341035e-02 1.353791e-02 1.359920e-02 1.356360e-02 1.337316e-02 1.309596e-02 1.285764e-02 1.269443e-02 2.200244e-02 1.282391e-02 1.291015e-02 1.298847e-02 1.302996e-02 1.303222e-02 1.302293e-02 1.303763e-02 1.309458e-02 1.879799e-02 1.305390e-02 1.297083e-02 1.398134e-02 1.281187e-02 1.277867e-02 8.983886e-03 9.127603e-03 9.254918e-03 1.278431e-02 0.000000e+00 0.000000e+00 1.140811e-02 1.301801e-02 1.723429e-02 1.388533e-02 1.295645e-02 1.223509e-02 1.032443e-02 1.049386e-02 -9.999000e+03 -9.999000e+03 -9.999000e+03 -9.999000e+03 -9.999000e+03
1.380666e-02 1.358906e-02 1.347957e-02 1.337027e-02 8.809667e-03 1.287298e-02 1.233056e-02 1.121454e-02 1.311418e-02 1.333857e-02 1.340659e-02 1.344963e-02 1.339907e-02 1.325499e-02 1.305022e-02 1.286503e-02 1.276150e-02 1.272032e-02 2.183549e-02 1.300650e-02 1.307255e-02 1.309927e-02 1.308308e-02 1.304501e-02 1.302466e-02 1.306137e-02 1.314443e-02 1.797870e-02 1.315845e-02 1.310303e-02 1.302931e-02 1.294919e-02 8.840580e-03 8.893034e-03 9.002839e-03 9.118719e-03 0.000000e+00 0.000000e+00 1.128753e-02 1.260366e-02 1.288480e-02 1.448342e-02 9.990333e-03 1.019965e-02 1.264746e-02 1.202873e-02 1.191441e-02 1.035182e-02 8.283344e-03 -9.999000e+03 -9.999000e+03 -9.999000e+03
1.415970e-02 1.378754e-02 1.359201e-02 1.353201e-02 1.345552e-02 1.145469e-02 1.319042e-02 1.298823e-02 1.249119e-02 1.321370e-02 1.319691e-02 1.311903e-02 1.298884e-02 1.286386e-02 1.278392e-02 1.275671e-02 1.280571e-02 1.290265e-02 1.306054e-02 2.469498e-02 1.328549e-02 1.322162e-02 1.312537e-02 1.304835e-02 1.303136e-02 1.309141e-02 1.318855e-02 1.714133e-02 1.329118e-02 1.329780e-02 1.325348e-02 8.851029e-03 8.879673e-03 8.893271e-03 0.000000e+00 0.000000e+00 0.000000e+00 9.325827e-03 1.255938e-02 1.283017e-02 1.280944e-02 9.450683e-03 9.596592e-03 1.176765e-02 1.268733e-02 1.282472e-02 1.292748e-02 1.020000e-02 1.034149e-02 7.191800e-03 -9.999000e+03 -9.999000e+03
9.019534e-02 8.285595e-02 1.402423e-02 1.392516e-02 1.329933e-02 1.322914e-02 1.243697e-02 1.313342e-02 1.302517e-02 1.277540e-02 1.300753e-02 1.293452e-02 1.283484e-02 1.277508e-02 1.276441e-02 1.280368e-02 1.291475e-02 1.306893e-02 1.324953e-02 3.908710e-02 1.340593e-02 1.335438e-02 1.325691e-02 1.318098e-02 1.317444e-02 1.324073e-02 1.331936e-02 1.628005e-02 1.334730e-02 1.334747e-02 1.330140e-02 8.872528e-03 8.876302e-03 0.000000e+00 0.000000e+00 1.170627e-02 9.231340e-03 1.155239e-02 1.286759e-02 1.285856e-02 9.226966e-03 9.301985e-03 9.399420e-03 1.237363e-02 1.270370e-02 1.279932e-02 1.001617e-02 9.999457e-03 9.987299e-03 1.698412e-02 1.041193e-02 7.112470e-03
2.263958e-02 2.039110e-02 6.954255e-02 1.344889e-02 1.344976e-02 1.337569e-02 1.330276e-02 1.301203e-02 1.324777e-02 1.319603e-02 1.309163e-02 1.314112e-02 1.309634e-02 1.309189e-02 1.312992e-02 1.324172e-02 1.343147e-02 1.364235e-02 1.385586e-02 1.403316e-02 4.403004e-02 1.404126e-02 1.395232e-02 1.386980e-02 1.340218e-02 1.346898e-02 1.350800e-02 1.538669e-02 1.337941e-02 1.332532e-02 1.326271e-02 8.861941e-03 0.000000e+00 0.000000e+00 1.092184e-02 1.288196e-02 1.155197e-02 1.246477e-02 1.293319e-02 9.041692e-03 9.120651e-03 9.215057e-03 9.315257e-03 9.448296e-03 1.272753e-02 1.263681e-02 9.657829e-03 1.174399e-02 1.181461e-02 1.471254e-02 1.000172e-02 1.705555e-02
9.479145e-03 1.193634e-02 1.300818e-02 6.476427e-02 6.553811e-02 6.069641e-02 5.961526e-02 1.339635e-02 1.342540e-02 1.361759e-02 1.366893e-02 1.365757e-02 1.374843e-02 1.383728e-02 1.880607e-02 1.398435e-02 1.403839e-02 1.404795e-02 1.404027e-02 1.401597e-02 9.650315e-03 4.479284e-02 1.868305e-02 1.383502e-02 1.397730e-02 1.408951e-02 1.351928e-02 1.410341e-02 1.330597e-02 1.322366e-02 1.317637e-02 0.000000e+00 0.000000e+00 8.863058e-03 1.248727e-02 1.312907e-02 1.250327e-02 1.284977e-02 1.299395e-02 8.983066e-03 9.045856e-03 9.144393e-03 9.242740e-03 9.358427e-03 1.283071e-02 1.279764e-02 1.179459e-02 1.249763e-02 1.251024e-02 1.348895e-02 1.179085e-02 1.464862e-02
1.287934e-02 1.316870e-02 1.350547e-02 1.396221e-02 1.377243e-02 1.332299e-02 1.339141e-02 5.890546e-02 6.228701e-02 6.532477e-02 6.751399e-02 6.838070e-02 7.075904e-02 7.545270e-02 8.122015e-02 8.721252e-02 8.728397e-02 1.474488e-02 1.441515e-02 1.410910e-02 1.375110e-02 1.189839e-02 4.324927e-02 1.369725e-02 1.393057e-02 1.403749e-02 1.402793e-02 1.329252e-02 1.316755e-02 1.308279e-02 0.000000e+00 0.000000e+00 8.784109e-03 8.831628e-03 1.291747e-02 1.309750e-02 1.286725e-02 1.301625e-02 1.306305e-02 8.963806e-03 9.005416e-03 9.093486e-03 9.181232e-03 9.285918e-03 9.412267e-03 9.536863e-03 1.276324e-02 1.299520e-02 1.290068e-02 1.307828e-02 1.239717e-02 1.340442e-02
1.167173e-02 1.272244e-02 1.336944e-02 3.731270e-02 3.879814e-02 3.672267e-02 3.687150e-02 3.893271e-02 4.096433e-02 4.302633e-02 4.478163e-02 4.610022e-02 4.787977e-02 5.034193e-02 5.311559e-02 5.580082e-02 5.588892e-02 9.753532e-02 1.028878e-01 1.417521e-02 1.394411e-02 1.363289e-02 4.668845e-02 1.392722e-02 1.398086e-02 1.392645e-02 1.381972e-02 1.374060e-02 1.307889e-02 0.000000e+00 0.000000e+00 8.789191e-03 8.765178e-03 8.812122e-03 1.302598e-02 1.305871e-02 1.298049e-02 1.303080e-02 8.918112e-03 8.917020e-03 8.949462e-03 9.034970e-03 9.125536e-03 9.219415e-03 9.329462e-03 9.462004e-03 9.579929e-03 1.310511e-02 1.307329e-02 1.309035e-02 1.282722e-02 1.312238e-02
1.294699e-02 2.330317e-02 2.349831e-02 1.301117e-02 1.302066e-02 1.293235e-02 1.298096e-02 1.310467e-02 1.321024e-02 1.331617e-02 1.342034e-02 1.390810e-02 1.403549e-02 1.418578e-02 1.434586e-02 1.448536e-02 2.033063e-02 2.525042e-02 2.460209e-02 9.316157e-02 9.831604e-02 9.225865e-02 9.789803e-02 5.763997e-02 1.404508e-02 1.378092e-02 1.363927e-02 1.350498e-02 0.000000e+00 0.000000e+00 8.945032e-03 1.126419e-02 8.754516e-03 8.803777e-03 1.305971e-02 1.304349e-02 1.300124e-02 1.299601e-02 8.850897e-03 8.845618e-03 8.873152e-03 8.958148e-03 9.067918e-03 9.168666e-03 9.241251e-03 9.330618e-03 9.461476e-03 1.304148e-02 1.313275e-02 1.323464e-02 1.321605e-02 1.325699e-02
2.665802e-02 1.279815e-02 1.279424e-02 1.280804e-02 1.270389e-02 1.256773e-02 1.256989e-02 1.264736e-02 1.271793e-02 1.280737e-02 1.291997e-02 1.303754e-02 1.315486e-02 1.328337e-02 1.343037e-02 1.397452e-02 1.414243e-02 1.974878e-02 2.020233e-02 2.574975e-02 2.943406e-02 3.586088e-02 2.636187e-02 1.252482e-01 7.071670e-02 1.409624e-02 1.374742e-02 9.610977e-03 0.000000e+00 1.152925e-02 1.143290e-02 1.236368e-02 8.727074e-03 1.124964e-02 1.305179e-02 1.305110e-02 1.302178e-02 1.299647e-02 8.798627e-03 8.794388e-03 8.824798e-03 8.900574e-03 9.013195e-03 9.135250e-03 9.196745e-03 9.240535e-03 9.342946e-03 9.467592e-03 1.301737e-02 1.311719e-02 1.317576e-02 1.319692e-02
1.286559e-02 1.280733e-02 1.280336e-02 1.281463e-02 1.272751e-02 1.257679e-02 1.253106e-02 1.254616e-02 1.254021e-02 1.256936e-02 1.266712e-02 1.278226e-02 1.286684e-02 1.294375e-02 1.304964e-02 1.315953e-02 1.783612e-02 1.338029e-02 1.400579e-02 1.441766e-02 1.454423e-02 0.000000e+00 0.000000e+00 0.000000e+00 1.271348e-01 7.193850e-02 1.352114e-02 0.000000e+00 0.000000e+00 1.347157e-02 1.312047e-02 1.288811e-02 8.691290e-03 1.224840e-02 1.302290e-02 1.306662e-02 1.304882e-02 8.786398e-03 8.757121e-03 8.749650e-03 8.792885e-03 8.871323e-03 8.974864e-03 9.107944e-03 9.181265e-03 9.197003e-03 9.244120e-03 9.326656e-03 1.286543e-02 1.291557e-02 1.296732e-02 1.303493e-02
1.283689e-02 1.277039e-02 1.276117e-02 1.278995e-02 1.274941e-02 1.263176e-02 1.257522e-02 1.255221e-02 1.247511e-02 1.242054e-02 1.248430e-02 1.259014e-02 1.265344e-02 1.270233e-02 1.277180e-02 1.605908e-02 1.290790e-02 1.297571e-02 1.314130e-02 1.340767e-02 1.399995e-02 1.401582e-02 1.428570e-02 0.000000e+00 0.000000e+00 0.000000e+00 6.948151e-02 0.000000e+00 1.043248e-02 1.421883e-02 1.383267e-02 1.374415e-02 1.134324e-02 1.283971e-02 1.308322e-02 1.306606e-02 1.303768e-02 8.757461e-03 8.730914e-03 8.707191e-03 8.742520e-03 8.831931e-03 8.941610e-03 9.080240e-03 9.166204e-03 9.184922e-03 9.207510e-03 1.161382e-02 1.288944e-02 1.290755e-02 1.293659e-02 1.295295e-02
1.282666e-02 1.280111e-02 1.278680e-02 1.281827e-02 1.283144e-02 1.278022e-02 1.275460e-02 1.274223e-02 1.261351e-02 1.247153e-02 1.244552e-02 1.248966e-02 1.253781e-02 1.255143e-02 1.621970e-02 1.263694e-02 1.262877e-02 1.261356e-02 1.270756e-02 1.289183e-02 1.301144e-02 1.342094e-02 1.370820e-02 1.418356e-02 1.425385e-02 0.000000e+00 0.000000e+00 0.000000e+00 4.929970e-02 1.286799e-02 1.862841e-02 1.416152e-02 1.279251e-02 1.333223e-02 1.322745e-02 1.307302e-02 1.300753e-02 8.716777e-03 8.708655e-03 8.680707e-03 8.695290e-03 8.778380e-03 8.899942e-03 9.053113e-03 9.152789e-03 9.189927e-03 9.215969e-03 1.255865e-02 1.297602e-02 1.296423e-02 1.297411e-02 1.291871e-02
1.283138e-02 1.283123e-02 1.278552e-02 1.278440e-02 1.283826e-02 1.286145e-02 1.287310e-02 1.284458e-02 1.275475e-02 1.258555e-02 1.248077e-02 1.249962e-02 1.249293e-02 1.816451e-02 1.252085e-02 1.250567e-02 1.240218e-02 1.235419e-02 1.248517e-02 1.252987e-02 1.261172e-02 1.269866e-02 1.322563e-02 1.366382e-02 1.378093e-02 1.767966e-02 0.000000e+00 0.000000e+00 0.000000e+00 0.000000e+00 2.068419e-02 1.437177e-02 1.383346e-02 1.334305e-02 1.323148e-02 1.312229e-02 1.305468e-02 8.683776e-03 8.667042e-03 8.650902e-03 8.658792e-03 8.719208e-03 8.828410e-03 8.979533e-03 9.086963e-03 9.144311e-03 9.187009e-03 1.289445e-02 1.302405e-02 1.297144e-02 1.291644e-02 1.284739e-02
1.302729e-02 1.296330e-02 1.279339e-02 1.267846e-02 1.273356e-02 1.281818e-02 1.269946e-02 1.273384e-02 1.274949e-02 1.267912e-02 1.271182e-02 1.258546e-02 2.153848e-02 1.264666e-02 1.256799e-02 1.239504e-02 1.228059e-02 1.237142e-02 1.224946e-02 1.236334e-02 1.237672e-02 1.236688e-02 1.256928e-02 1.326155e-02 1.339455e-02 0.000000e+00 0.000000e+00 1.219848e-02 1.362109e-02 0.000000e+00 0.000000e+00 0.000000e+00 1.364401e-02 1.349309e-02 1.311256e-02 1.317400e-02 1.314111e-02 8.670901e-03 8.624223e-03 8.616221e-03 8.626225e-03 8.666190e-03 8.745480e-03 8.868902e-03 8.971731e-03 9.047435e-03 9.115984e-03 1.298050e-02 1.305219e-02 1.297772e-02 1.283410e-02 1.276259e-02
