tests/data/reference/test_implicit_stream_rill_mfda/mwlevel_m.asc
ncols	123
nrows	77
xllcorner	-713746.79929998
yllcorner	-1061022.36961616
cellsize	10.0
NODATA_value	-9999
[rows 23 to 45 of 77, columns 52 to 103 of 123]
1.118894e-02 1.279454e-02 1.291438e-02 1.305904e-02 1.310767e-02 1.310769e-02 1.312930e-02 1.316916e-02 1.315876e-02 1.310486e-02 1.309172e-02 1.311998e-02 1.313028e-02 1.317205e-02 1.329943e-02 1.344706e-02 2.557220e-02 1.320302e-02 1.298828e-02 1.282544e-02 1.269104e-02 1.256072e-02 1.231726e-02 1.254806e-02 9.320780e-03 1.168548e-02 2.900636e-02 1.709829e-02 2.298336e-02 1.360016e-02 1.275725e-02 1.164043e-02 9.497395e-03 9.817080e-03 -9.999000e+03 -9.999000e+03 -9.999000e+03 -9.999000e+03 -9.999000e+03 -9.999000e+03 -9.999000e+03 -9.999000e+03 -9.999000e+03 -9.999000e+03 -9.999000e+03 -9.999000e+03 -9.999000e+03 -9.999000e+03 -9.999000e+03 -9.999000e+03 -9.999000e+03 -9.999000e+03
1.112204e-02 1.222121e-02 1.297378e-02 1.308558e-02 1.312508e-02 1.313374e-02 1.316862e-02 1.321189e-02 1.318625e-02 1.312910e-02 1.312453e-02 1.312405e-02 1.315549e-02 1.325744e-02 1.337688e-02 1.344506e-02 2.759095e-02 1.304425e-02 1.294859e-02 1.284798e-02 1.276321e-02 1.270901e-02 1.263567e-02 1.267377e-02 1.149055e-02 1.244406e-02 9.471674e-03 2.908847e-02 1.618959e-02 2.101491e-02 1.700124e-02 1.264915e-02 1.170113e-02 1.176468e-02 9.921593e-03 -9.999000e+03 -9.999000e+03 -9.999000e+03 -9.999000e+03 -9.999000e+03 -9.999000e+03 -9.999000e+03 -9.999000e+03 -9.999000e+03 -9.999000e+03 -9.999000e+03 -9.999000e+03 -9.999000e+03 -9.999000e+03 -9.999000e+03 -9.999000e+03 -9.999000e+03
1.280469e-02 1.224420e-02 1.277148e-02 1.309306e-02 1.316024e-02 1.321023e-02 1.325483e-02 1.325286e-02 1.317406e-02 1.309245e-02 1.307759e-02 1.310893e-02 1.320901e-02 1.333911e-02 1.338458e-02 1.333241e-02 2.840007e-02 1.283854e-02 1.286031e-02 1.286409e-02 1.284177e-02 1.282770e-02 1.281160e-02 1.281230e-02 1.236944e-02 1.262975e-02 1.147431e-02 2.591919e-02 9.390530e-03 1.382749e-02 2.527789e-02 1.331777e-02 1.267071e-02 1.230453e-02 1.145233e-02 9.599511e-03 9.852775e-03 9.876530e-03 -9.999000e+03 -9.999000e+03 -9.999000e+03 -9.999000e+03 -9.999000e+03 -9.999000e+03 -9.999000e+03 -9.999000e+03 -9.999000e+03 -9.999000e+03 -9.999000e+03 -9.999000e+03 -9.999000e+03 -9.999000e+03
1.109625e-02 1.296537e-02 1.281601e-02 1.309591e-02 1.325619e-02 1.328257e-02 1.326188e-02 1.317816e-02 1.309327e-02 1.305644e-02 1.308068e-02 1.315569e-02 1.325385e-02 1.331040e-02 1.328097e-02 1.321834e-02 2.763245e-02 1.293290e-02 1.296438e-02 1.298459e-02 1.299652e-02 1.300555e-02 1.300022e-02 1.297229e-02 1.276938e-02 1.276130e-02 1.225605e-02 2.382357e-02 1.145811e-02 1.272674e-02 2.320314e-02 1.318404e-02 1.301761e-02 1.278339e-02 1.234799e-02 1.163664e-02 1.180064e-02 9.776412e-03 1.200835e-02 9.905909e-03 -9.999000e+03 -9.999000e+03 -9.999000e+03 -9.999000e+03 -9.999000e+03 -9.999000e+03 -9.999000e+03 -9.999000e+03 -9.999000e+03 -9.999000e+03 -9.999000e+03 -9.999000e+03
1.224176e-02 8.570610e-03 1.317728e-02 1.321532e-02 1.332181e-02 1.329112e-02 1.318299e-02 1.306833e-02 1.303396e-02 1.306026e-02 1.311570e-02 1.318804e-02 1.322124e-02 1.320272e-02 1.317798e-02 1.320008e-02 2.872216e-02 1.313561e-02 1.314147e-02 1.315285e-02 1.319171e-02 1.321714e-02 1.320494e-02 1.314503e-02 1.299778e-02 1.290012e-02 1.265296e-02 2.238463e-02 1.227018e-02 1.259032e-02 2.020625e-02 1.278563e-02 1.308697e-02 1.324049e-02 1.307924e-02 1.268463e-02 9.554263e-03 9.698881e-03 1.204142e-02 1.284562e-02 1.212955e-02 5.906838e-03 -9.999000e+03 -9.999000e+03 -9.999000e+03 -9.999000e+03 -9.999000e+03 -9.999000e+03 -9.999000e+03 -9.999000e+03 -9.999000e+03 -9.999000e+03
1.279374e-02 1.119372e-02 1.322098e-02 1.323140e-02 8.821853e-03 1.322112e-02 1.312676e-02 1.304067e-02 1.302503e-02 1.305687e-02 1.310501e-02 1.316355e-02 1.318881e-02 1.319945e-02 1.324689e-02 1.332363e-02 2.978902e-02 1.311463e-02 1.308125e-02 1.307737e-02 1.310035e-02 1.312576e-02 1.313531e-02 1.311759e-02 1.305049e-02 1.297059e-02 1.284433e-02 2.113270e-02 1.266500e-02 1.270549e-02 1.827520e-02 1.277284e-02 1.302143e-02 1.322337e-02 1.325156e-02 1.307592e-02 1.187657e-02 1.190803e-02 9.709047e-03 1.276514e-02 0.000000e+00 1.041577e-02 6.735313e-03 7.477782e-03 -9.999000e+03 -9.999000e+03 -9.999000e+03 -9.999000e+03 -9.999000e+03 -9.999000e+03 -9.999000e+03 -9.999000e+03
1.308612e-02 1.243268e-02 1.322768e-02 1.316771e-02 8.796261e-03 1.132357e-02 1.311545e-02 1.303716e-02 1.300126e-02 1.302599e-02 1.307435e-02 1.314206e-02 1.320912e-02 1.330232e-02 1.341633e-02 1.346104e-02 1.333373e-02 2.865029e-02 1.292385e-02 1.290088e-02 1.289203e-02 1.291504e-02 1.295867e-02 1.300707e-02 1.303277e-02 1.300910e-02 1.295767e-02 2.032260e-02 1.291298e-02 1.290663e-02 1.692209e-02 1.285480e-02 1.289564e-02 1.299604e-02 1.314151e-02 1.319187e-02 1.278871e-02 1.270169e-02 1.189138e-02 0.000000e+00 0.000000e+00 2.497308e-02 1.791179e-02 1.072047e-02 8.209034e-03 -9.999000e+03 -9.999000e+03 -9.999000e+03 -9.999000e+03 -9.999000e+03 -9.999000e+03 -9.999000e+03
1.330882e-02 1.303334e-02 1.325683e-02 1.315500e-02 1.131837e-02 8.787161e-03 1.238421e-02 1.299006e-02 1.299260e-02 1.308592e-02 1.318209e-02 1.328079e-02 1.336720e-02 1.345209e-02 1.346698e-02 1.334332e-02 1.311308e-02 1.288941e-02 2.435552e-02 1.283220e-02 1.286040e-02 1.290817e-02 1.295661e-02 1.299554e-02 1.302144e-02 1.302094e-02 1.302834e-02 1.940200e-02 1.301007e-02 1.296485e-02 1.548775e-02 1.284847e-02 1.282363e-02 1.284939e-02 9.385855e-03 9.498785e-03 1.292553e-02 1.284721e-02 0.000000e+00 0.000000e+00 1.177748e-02 2.088613e-02 1.529792e-02 1.219082e-02 1.061555e-02 8.473648e-03 -9.999000e+03 -9.999000e+03 -9.999000e+03 -9.999000e+03 -9.999000e+03 -9.999000e+03
1.352766e-02 1.334714e-02 1.330026e-02 1.317639e-02 1.242340e-02 1.128796e-02 8.725593e-03 1.272458e-02 1.307339e-02 1.325002e-02 1.339341e-02 1.351615e-02 1.357284e-02 1.353442e-02 1.334464e-02 1.307145e-02 1.283906e-02 1.268303e-02 2.202785e-02 1.282421e-02 1.290835e-02 1.298384e-02 1.302296e-02 1.302389e-02 1.301477e-02 1.303013e-02 1.308852e-02 1.853841e-02 1.305170e-02 1.296899e-02 1.407706e-02 1.281477e-02 1.278084e-02 9.077022e-03 9.220932e-03 9.348239e-03 1.279276e-02 0.000000e+00 0.000000e+00 1.093206e-02 1.288888e-02 1.756155e-02 1.384221e-02 1.297965e-02 1.229515e-02 1.041032e-02 1.057723e-02 -9.999000e+03 -9.999000e+03 -9.999000e+03 -9.999000e+03 -9.999000e+03
1.376847e-02 1.357311e-02 1.345116e-02 1.334894e-02 8.902295e-03 1.292339e-02 1.241959e-02 1.132741e-02 1.313724e-02 1.332285e-02 1.338613e-02 1.342402e-02 1.337013e-02 1.322602e-02 1.302473e-02 1.284577e-02 1.274925e-02 1.271460e-02 2.185875e-02 1.300594e-02 1.306867e-02 1.309240e-02 1.307467e-02 1.303652e-02 1.301653e-02 1.305262e-02 1.313379e-02 1.771844e-02 1.314955e-02 1.309692e-02 1.302595e-02 1.295042e-02 8.933320e-03 8.985942e-03 9.096013e-03 9.212043e-03 0.000000e+00 0.000000e+00 1.073732e-02 1.259663e-02 1.288240e-02 1.466656e-02 1.008005e-02 1.028714e-02 1.267811e-02 1.209789e-02 1.198209e-02 1.043732e-02 8.340725e-03 -9.999000e+03 -9.999000e+03 -9.999000e+03
1.409861e-02 1.373639e-02 1.355788e-02 1.349767e-02 1.342800e-02 1.156368e-02 1.320702e-02 1.303801e-02 1.257936e-02 1.321390e-02 1.317803e-02 1.309794e-02 1.296707e-02 1.284352e-02 1.276688e-02 1.274437e-02 1.279809e-02 1.289868e-02 1.305822e-02 2.471682e-02 1.327432e-02 1.320959e-02 1.311453e-02 1.303941e-02 1.302316e-02 1.308130e-02 1.317434e-02 1.684229e-02 1.327552e-02 1.328446e-02 1.324375e-02 8.943804e-03 8.972540e-03 8.986179e-03 0.000000e+00 0.000000e+00 0.000000e+00 9.328756e-03 1.253791e-02 1.286866e-02 1.281541e-02 9.543653e-03 9.689020e-03 1.184399e-02 1.270379e-02 1.285827e-02 1.295885e-02 1.028748e-02 1.042714e-02 7.234230e-03 -9.999000e+03 -9.999000e+03
9.018159e-02 8.285544e-02 1.396218e-02 1.387506e-02 1.326684e-02 1.320212e-02 1.251652e-02 1.312990e-02 1.304220e-02 1.282407e-02 1.299895e-02 1.291991e-02 1.282187e-02 1.276456e-02 1.275666e-02 1.279835e-02 1.291076e-02 1.306442e-02 1.324242e-02 3.918438e-02 1.338522e-02 1.333521e-02 1.324171e-02 1.316935e-02 1.316361e-02 1.322686e-02 1.330038e-02 1.600262e-02 1.332542e-02 1.332667e-02 1.328404e-02 8.965373e-03 8.969159e-03 0.000000e+00 0.000000e+00 1.081377e-02 9.229064e-03 1.164475e-02 1.291033e-02 1.287853e-02 9.320303e-03 9.395259e-03 9.492522e-03 1.242462e-02 1.271533e-02 1.281211e-02 1.010564e-02 1.008909e-02 1.007704e-02 1.718019e-02 1.049657e-02 7.153816e-03
2.291210e-02 2.060956e-02 6.955036e-02 1.341244e-02 1.341743e-02 1.334474e-02 1.327588e-02 1.305004e-02 1.323178e-02 1.319106e-02 1.310716e-02 1.312670e-02 1.308186e-02 1.308000e-02 1.312001e-02 1.323204e-02 1.341948e-02 1.362546e-02 1.383161e-02 1.400016e-02 4.412230e-02 1.399945e-02 1.391639e-02 1.383892e-02 1.338368e-02 1.344654e-02 1.348084e-02 1.511681e-02 1.335297e-02 1.330044e-02 1.324135e-02 8.954752e-03 0.000000e+00 0.000000e+00 1.040201e-02 1.277108e-02 1.164539e-02 1.253999e-02 1.295619e-02 9.134931e-03 9.213976e-03 9.308399e-03 9.408514e-03 9.541272e-03 1.273722e-02 1.264712e-02 9.749957e-03 1.182493e-02 1.189484e-02 1.478792e-02 1.009133e-02 1.725249e-02
9.571921e-03 1.203525e-02 1.307480e-02 6.475236e-02 6.552406e-02 6.068470e-02 5.960126e-02 1.338048e-02 1.343910e-02 1.360174e-02 1.365714e-02 1.365647e-02 1.373304e-02 1.382163e-02 1.886937e-02 1.396667e-02 1.401537e-02 1.401879e-02 1.400437e-02 1.397403e-02 9.742876e-03 4.489109e-02 1.873597e-02 1.380081e-02 1.393691e-02 1.404330e-02 1.348505e-02 1.378864e-02 1.327883e-02 1.319966e-02 1.315568e-02 0.000000e+00 0.000000e+00 8.955873e-03 1.247808e-02 1.315359e-02 1.258017e-02 1.289006e-02 1.299925e-02 9.076201e-03 9.139101e-03 9.237731e-03 9.336070e-03 9.451615e-03 1.283740e-02 1.280609e-02 1.188248e-02 1.254962e-02 1.256052e-02 1.347784e-02 1.187110e-02 1.472567e-02
1.295247e-02 1.320787e-02 1.351958e-02 1.395225e-02 1.374979e-02 1.330667e-02 1.338258e-02 5.889354e-02 6.227277e-02 6.530858e-02 6.749728e-02 6.836321e-02 7.074070e-02 7.543390e-02 8.119816e-02 8.717813e-02 8.724641e-02 1.470217e-02 1.436784e-02 1.406663e-02 1.371551e-02 1.199404e-02 4.332665e-02 1.366832e-02 1.388847e-02 1.398896e-02 1.397693e-02 1.326298e-02 1.314437e-02 1.306382e-02 0.000000e+00 0.000000e+00 8.876637e-03 8.924336e-03 1.297517e-02 1.311313e-02 1.290783e-02 1.303015e-02 1.305912e-02 9.056899e-03 9.098595e-03 9.186788e-03 9.274578e-03 9.379212e-03 9.505339e-03 9.629543e-03 1.281441e-02 1.301659e-02 1.292298e-02 1.305487e-02 1.244979e-02 1.339747e-02
1.177816e-02 1.280345e-02 1.341406e-02 3.709411e-02 3.859099e-02 3.657179e-02 3.671335e-02 3.876021e-02 4.077969e-02 4.283181e-02 4.458054e-02 4.589201e-02 4.766076e-02 5.011907e-02 5.289151e-02 5.557515e-02 5.567633e-02 9.732765e-02 1.026542e-01 1.412171e-02 1.390295e-02 1.360671e-02 4.676686e-02 1.389748e-02 1.394091e-02 1.388426e-02 1.377717e-02 1.370310e-02 1.306139e-02 0.000000e+00 0.000000e+00 8.881739e-03 8.857629e-03 8.904759e-03 1.305711e-02 1.305773e-02 1.299482e-02 1.303061e-02 9.011092e-03 9.009996e-03 9.042522e-03 9.128199e-03 9.218864e-03 9.312756e-03 9.422698e-03 9.554940e-03 9.672432e-03 1.310531e-02 1.307594e-02 1.307280e-02 1.285395e-02 1.310030e-02
1.293823e-02 2.326454e-02 2.345585e-02 1.301215e-02 1.302172e-02 1.293704e-02 1.298888e-02 1.311314e-02 1.321703e-02 1.332025e-02 1.342128e-02 1.389496e-02 1.401640e-02 1.415891e-02 1.431021e-02 1.444073e-02 2.046564e-02 2.545173e-02 2.476964e-02 9.296942e-02 9.807790e-02 9.201782e-02 9.763207e-02 5.772341e-02 1.400419e-02 1.374722e-02 1.361022e-02 1.347916e-02 0.000000e+00 0.000000e+00 9.001549e-03 1.137401e-02 8.846922e-03 8.896382e-03 1.306616e-02 1.303596e-02 1.300224e-02 1.299073e-02 8.943671e-03 8.938375e-03 8.965999e-03 9.051228e-03 9.161192e-03 9.262011e-03 9.334581e-03 9.423853e-03 9.554414e-03 1.303398e-02 1.312449e-02 1.321734e-02 1.321852e-02 1.323507e-02
2.661850e-02 1.279965e-02 1.279779e-02 1.281248e-02 1.270996e-02 1.257713e-02 1.258258e-02 1.266140e-02 1.273175e-02 1.282063e-02 1.293236e-02 1.304811e-02 1.316164e-02 1.328554e-02 1.342769e-02 1.395535e-02 1.411626e-02 1.965846e-02 2.031739e-02 2.598836e-02 2.967575e-02 3.597120e-02 2.655619e-02 1.247667e-01 7.082381e-02 1.405829e-02 1.372310e-02 9.703613e-03 0.000000e+00 1.095168e-02 1.153601e-02 1.244871e-02 8.819359e-03 1.135918e-02 1.304703e-02 1.304191e-02 1.301709e-02 1.299006e-02 8.891213e-03 8.886957e-03 8.917481e-03 8.993504e-03 9.106388e-03 9.228583e-03 9.290091e-03 9.333866e-03 9.436161e-03 9.560511e-03 1.300753e-02 1.310102e-02 1.316455e-02 1.317670e-02
1.286398e-02 1.280889e-02 1.280726e-02 1.281915e-02 1.273310e-02 1.258530e-02 1.254250e-02 1.255899e-02 1.255368e-02 1.258391e-02 1.268365e-02 1.279840e-02 1.288112e-02 1.295598e-02 1.305848e-02 1.316578e-02 1.781410e-02 1.337899e-02 1.398926e-02 1.439032e-02 1.450619e-02 0.000000e+00 0.000000e+00 0.000000e+00 1.267267e-01 7.205699e-02 1.349512e-02 0.000000e+00 0.000000e+00 1.344634e-02 1.319116e-02 1.293547e-02 8.783407e-03 1.233432e-02 1.301496e-02 1.305681e-02 1.304147e-02 8.878936e-03 8.849538e-03 8.842035e-03 8.885449e-03 8.964164e-03 9.067981e-03 9.201259e-03 9.274612e-03 9.290349e-03 9.337448e-03 9.419897e-03 1.286022e-02 1.290583e-02 1.295675e-02 1.302000e-02
1.283413e-02 1.277144e-02 1.276399e-02 1.279306e-02 1.275339e-02 1.263808e-02 1.258348e-02 1.256106e-02 1.248474e-02 1.243497e-02 1.250155e-02 1.260861e-02 1.267190e-02 1.271765e-02 1.278735e-02 1.605319e-02 1.291916e-02 1.298756e-02 1.315521e-02 1.341770e-02 1.398856e-02 1.400418e-02 1.426910e-02 0.000000e+00 0.000000e+00 0.000000e+00 7.207362e-02 0.000000e+00 1.031536e-02 1.424022e-02 1.385237e-02 1.374639e-02 1.145490e-02 1.289052e-02 1.307388e-02 1.305586e-02 1.302920e-02 8.849879e-03 8.823217e-03 8.799384e-03 8.834874e-03 8.924640e-03 9.034650e-03 9.173529e-03 9.259548e-03 9.278269e-03 9.300854e-03 1.171087e-02 1.288758e-02 1.290296e-02 1.293007e-02 1.294393e-02
1.282024e-02 1.279820e-02 1.278571e-02 1.281862e-02 1.283372e-02 1.278451e-02 1.275937e-02 1.274620e-02 1.262469e-02 1.248618e-02 1.246375e-02 1.251007e-02 1.255255e-02 1.256948e-02 1.621386e-02 1.265129e-02 1.264636e-02 1.263935e-02 1.273530e-02 1.290870e-02 1.303570e-02 1.343346e-02 1.371446e-02 1.418126e-02 1.423735e-02 0.000000e+00 0.000000e+00 0.000000e+00 5.466807e-02 1.291965e-02 1.878412e-02 1.413328e-02 1.287349e-02 1.334744e-02 1.321435e-02 1.306249e-02 1.299926e-02 8.809015e-03 8.800855e-03 8.772771e-03 8.787426e-03 8.870885e-03 8.992870e-03 9.146369e-03 9.246130e-03 9.283273e-03 9.309311e-03 1.262348e-02 1.297356e-02 1.296073e-02 1.296914e-02 1.291384e-02
1.281768e-02 1.282124e-02 1.277894e-02 1.278237e-02 1.284045e-02 1.286547e-02 1.287599e-02 1.286169e-02 1.277265e-02 1.260608e-02 1.250402e-02 1.250888e-02 1.251065e-02 1.815738e-02 1.253250e-02 1.252486e-02 1.243592e-02 1.239132e-02 1.250464e-02 1.257142e-02 1.265190e-02 1.273786e-02 1.325698e-02 1.368750e-02 1.379682e-02 1.789414e-02 0.000000e+00 0.000000e+00 0.000000e+00 0.000000e+00 2.084825e-02 1.432219e-02 1.385169e-02 1.333273e-02 1.321442e-02 1.311066e-02 1.304619e-02 8.775856e-03 8.759038e-03 8.742815e-03 8.750745e-03 8.811457e-03 8.921107e-03 9.072660e-03 9.180259e-03 9.237649e-03 9.280356e-03 1.292467e-02 1.301905e-02 1.296734e-02 1.291279e-02 1.284599e-02
1.300434e-02 1.294420e-02 1.278013e-02 1.267325e-02 1.273474e-02 1.282074e-02 1.273567e-02 1.276949e-02 1.278552e-02 1.271608e-02 1.271408e-02 1.260580e-02 2.148502e-02 1.265330e-02 1.259181e-02 1.244314e-02 1.233084e-02 1.238555e-02 1.230822e-02 1.242443e-02 1.243837e-02 1.243050e-02 1.263528e-02 1.331861e-02 1.344505e-02 0.000000e+00 0.000000e+00 1.161104e-02 1.357102e-02 0.000000e+00 0.000000e+00 0.000000e+00 1.363175e-02 1.346628e-02 1.309553e-02 1.316024e-02 1.313051e-02 8.762916e-03 8.715993e-03 8.707947e-03 8.718006e-03 8.758182e-03 8.837847e-03 8.961736e-03 9.064842e-03 9.140682e-03 9.209305e-03 1.298904e-02 1.304471e-02 1.297294e-02 1.283318e-02 1.276494e-02
