tests/data/reference/test_implicit_stream_rill_mfda/mwlevel_m.asc
ncols	123
nrows	77
xllcorner	-713746.79929998
yllcorner	-1061022.36961616
cellsize	10.0
NODATA_value	-9999
[rows 23 to 45 of 77, columns 0 to 51 of 123]
-9.999000e+03 -9.999000e+03 -9.999000e+03 -9.999000e+03 -9.999000e+03 -9.999000e+03 -9.999000e+03 -9.999000e+03 -9.999000e+03 -9.999000e+03 -9.999000e+03 -9.999000e+03 -9.999000e+03 -9.999000e+03 1.091846e-02 1.304753e-02 1.298941e-02 1.216890e-02 1.072677e-02 1.173170e-02 9.253868e-03 5.624196e-03 9.652652e-03 2.001562e-02 2.238719e-02 1.233012e-02 1.402561e-02 1.234193e-02 1.194410e-02 1.204540e-02 8.756631e-03 1.082840e-02 1.160570e-02 1.201978e-02 2.077139e-02 1.206897e-02 1.200546e-02 8.572211e-03 1.577996e-02 1.202171e-02 1.206726e-02 1.210209e-02 1.212101e-02 1.211454e-02 1.209161e-02 1.206522e-02 1.204424e-02 1.202685e-02 1.201736e-02 1.187978e-02 1.152899e-02 8.331543e-03
-9.999000e+03 -9.999000e+03 -9.999000e+03 -9.999000e+03 -9.999000e+03 -9.999000e+03 -9.999000e+03 -9.999000e+03 -9.999000e+03 -9.999000e+03 -9.999000e+03 -9.999000e+03 -9.999000e+03 -9.999000e+03 1.303511e-02 2.421134e-02 1.854522e-02 1.157919e-02 1.078367e-02 1.019122e-02 5.276247e-03 8.115970e-03 9.530048e-03 1.027871e-02 1.682533e-02 2.174890e-02 1.215165e-02 1.224985e-02 1.241866e-02 9.185784e-03 1.195233e-02 1.083305e-02 1.163535e-02 1.197132e-02 2.270291e-02 1.209253e-02 1.200633e-02 8.542746e-03 1.607393e-02 1.204925e-02 1.207503e-02 1.209746e-02 1.212325e-02 1.212624e-02 1.210364e-02 1.207183e-02 1.204283e-02 1.202238e-02 1.201354e-02 1.196667e-02 8.320670e-03 1.175524e-02
-9.999000e+03 -9.999000e+03 -9.999000e+03 -9.999000e+03 -9.999000e+03 -9.999000e+03 -9.999000e+03 -9.999000e+03 -9.999000e+03 -9.999000e+03 -9.999000e+03 -9.999000e+03 -9.999000e+03 -9.999000e+03 2.645639e-02 1.273901e-02 1.054857e-02 1.055526e-02 1.059897e-02 9.112825e-03 5.813658e-03 1.709421e-02 2.322896e-02 1.161265e-02 1.147781e-02 1.395415e-02 2.257623e-02 1.226023e-02 1.232616e-02 9.131812e-03 1.131551e-02 1.242123e-02 1.213252e-02 1.206306e-02 1.217456e-02 2.439483e-02 8.642708e-03 1.192004e-02 1.074879e-02 1.896344e-02 1.206895e-02 1.206308e-02 1.208071e-02 1.208948e-02 1.207534e-02 1.204654e-02 1.201232e-02 1.198526e-02 1.196710e-02 1.192937e-02 1.048109e-02 8.207282e-03
-9.999000e+03 -9.999000e+03 -9.999000e+03 -9.999000e+03 -9.999000e+03 -9.999000e+03 -9.999000e+03 -9.999000e+03 -9.999000e+03 -9.999000e+03 -9.999000e+03 -9.999000e+03 1.026873e-02 1.072852e-02 2.192406e-02 1.215101e-02 1.051843e-02 1.149799e-02 9.251798e-03 5.658093e-03 1.974346e-02 2.038853e-02 1.543572e-02 1.923647e-02 1.221651e-02 1.221014e-02 2.720558e-02 1.261431e-02 1.258479e-02 1.146878e-02 9.186963e-03 1.217982e-02 1.259065e-02 1.262833e-02 1.269825e-02 1.205389e-02 2.258923e-02 1.073582e-02 1.200806e-02 1.162093e-02 2.113654e-02 1.207204e-02 1.209066e-02 1.209125e-02 1.206267e-02 1.201457e-02 1.196315e-02 1.193575e-02 1.192972e-02 1.191008e-02 1.136528e-02 8.160546e-03
-9.999000e+03 -9.999000e+03 -9.999000e+03 -9.999000e+03 -9.999000e+03 -9.999000e+03 -9.999000e+03 -9.999000e+03 -9.999000e+03 -9.999000e+03 -9.999000e+03 -9.999000e+03 -9.999000e+03 1.032906e-02 1.197543e-02 1.164060e-02 1.122873e-02 9.345494e-03 5.991893e-03 2.043371e-02 1.160389e-02 1.227585e-02 2.135920e-02 2.422091e-02 2.931926e-02 2.872629e-02 2.845391e-02 2.851845e-02 1.290000e-02 1.272827e-02 1.229830e-02 1.150169e-02 1.263910e-02 1.283247e-02 1.264875e-02 1.234388e-02 1.227282e-02 2.245196e-02 1.158336e-02 1.201027e-02 2.195817e-02 1.210362e-02 1.212447e-02 1.210906e-02 1.205485e-02 1.197722e-02 1.190727e-02 1.188693e-02 1.190378e-02 1.190956e-02 1.173281e-02 1.041308e-02
-9.999000e+03 -9.999000e+03 -9.999000e+03 -9.999000e+03 -9.999000e+03 -9.999000e+03 -9.999000e+03 -9.999000e+03 -9.999000e+03 -9.999000e+03 -9.999000e+03 -9.999000e+03 -9.999000e+03 -9.999000e+03 -9.999000e+03 1.089678e-02 9.586075e-03 5.908618e-03 8.293345e-03 2.248619e-02 1.858246e-02 1.587820e-02 1.376763e-02 1.246956e-02 1.237082e-02 1.232329e-02 1.245263e-02 3.007001e-02 4.265208e-02 1.267713e-02 1.269945e-02 1.271876e-02 1.255833e-02 1.286022e-02 1.262766e-02 1.229301e-02 1.231753e-02 1.250175e-02 2.183095e-02 1.238196e-02 2.379858e-02 1.207830e-02 1.203859e-02 1.199850e-02 1.196031e-02 1.192083e-02 1.189759e-02 1.190779e-02 1.193141e-02 1.194117e-02 1.190161e-02 1.140417e-02
-9.999000e+03 -9.999000e+03 -9.999000e+03 -9.999000e+03 -9.999000e+03 -9.999000e+03 -9.999000e+03 -9.999000e+03 -9.999000e+03 -9.999000e+03 -9.999000e+03 -9.999000e+03 -9.999000e+03 -9.999000e+03 -9.999000e+03 -9.999000e+03 9.377762e-03 6.201175e-03 1.755361e-02 1.496234e-02 1.328543e-02 1.271043e-02 1.247975e-02 1.233313e-02 1.227771e-02 1.224496e-02 1.241484e-02 1.265207e-02 1.256607e-02 4.195932e-02 4.220275e-02 4.303834e-02 1.287177e-02 1.273280e-02 1.260055e-02 1.237694e-02 1.601075e-02 1.935359e-02 1.271852e-02 2.088109e-02 1.241327e-02 2.617801e-02 1.189770e-02 1.184705e-02 1.184448e-02 1.186868e-02 1.191292e-02 1.195671e-02 1.197817e-02 1.198585e-02 1.199887e-02 1.186031e-02
-9.999000e+03 -9.999000e+03 -9.999000e+03 -9.999000e+03 -9.999000e+03 -9.999000e+03 -9.999000e+03 -9.999000e+03 -9.999000e+03 -9.999000e+03 -9.999000e+03 -9.999000e+03 -9.999000e+03 -9.999000e+03 -9.999000e+03 -9.999000e+03 5.709159e-03 1.883516e-02 1.156657e-02 1.216147e-02 1.238907e-02 2.899707e-02 2.688196e-02 2.434076e-02 2.213416e-02 2.014912e-02 1.879182e-02 1.793934e-02 1.652202e-02 1.466960e-02 1.331463e-02 1.260860e-02 4.339141e-02 4.399249e-02 4.250947e-02 3.976296e-02 3.763292e-02 3.621144e-02 3.536573e-02 3.322037e-02 3.557463e-02 3.599428e-02 2.956556e-02 1.271040e-02 1.260670e-02 1.219233e-02 1.217738e-02 1.215346e-02 1.210825e-02 1.209541e-02 1.213760e-02 1.214381e-02
-9.999000e+03 -9.999000e+03 -9.999000e+03 -9.999000e+03 -9.999000e+03 -9.999000e+03 -9.999000e+03 -9.999000e+03 -9.999000e+03 -9.999000e+03 -9.999000e+03 -9.999000e+03 -9.999000e+03 -9.999000e+03 -9.999000e+03 5.704409e-03 1.779983e-02 1.127130e-02 2.572514e-02 2.869689e-02 2.835642e-02 1.250073e-02 1.562460e-02 1.788004e-02 1.580832e-02 2.101663e-02 2.233831e-02 2.366444e-02 2.221823e-02 2.040452e-02 1.922861e-02 1.859918e-02 1.816313e-02 1.800758e-02 1.669613e-02 1.439162e-02 3.411462e-02 3.151077e-02 2.956384e-02 2.859134e-02 2.869806e-02 3.004319e-02 4.676563e-02 5.787445e-02 5.563940e-02 1.305671e-02 1.760626e-02 1.241314e-02 1.226904e-02 1.224391e-02 1.232124e-02 1.238361e-02
-9.999000e+03 -9.999000e+03 -9.999000e+03 -9.999000e+03 -9.999000e+03 -9.999000e+03 -9.999000e+03 -9.999000e+03 -9.999000e+03 -9.999000e+03 -9.999000e+03 -9.999000e+03 -9.999000e+03 -9.999000e+03 6.047663e-03 8.631674e-03 2.385927e-02 2.515197e-02 1.225312e-02 1.217764e-02 1.268226e-02 1.256603e-02 1.252355e-02 1.236182e-02 1.573162e-02 1.263517e-02 1.253475e-02 1.191666e-02 1.193217e-02 1.245077e-02 1.250927e-02 2.411131e-02 2.657243e-02 2.907130e-02 3.023679e-02 3.485754e-02 1.252740e-02 1.251459e-02 1.238778e-02 1.220805e-02 1.220215e-02 1.236804e-02 1.668652e-02 2.065394e-02 2.404789e-02 5.193461e-02 5.490381e-02 5.470095e-02 1.300089e-02 1.807880e-02 1.270985e-02 1.268520e-02
-9.999000e+03 -9.999000e+03 -9.999000e+03 -9.999000e+03 -9.999000e+03 -9.999000e+03 -9.999000e+03 -9.999000e+03 -9.999000e+03 -9.999000e+03 -9.999000e+03 -9.999000e+03 -9.999000e+03 -9.999000e+03 5.795200e-03 3.733691e-02 1.199142e-02 1.206514e-02 1.215799e-02 1.219142e-02 1.214257e-02 1.202717e-02 1.252351e-02 1.185962e-02 1.188185e-02 1.197992e-02 1.193709e-02 1.183403e-02 1.494007e-02 1.735082e-02 1.956632e-02 1.225086e-02 1.229558e-02 1.232428e-02 1.722442e-02 1.111923e-02 1.184674e-02 1.209744e-02 1.199602e-02 1.189416e-02 1.185219e-02 1.222061e-02 1.226170e-02 1.237057e-02 1.257489e-02 1.689400e-02 2.019111e-02 2.297135e-02 5.266349e-02 6.198963e-02 7.314726e-02 1.399654e-02
-9.999000e+03 -9.999000e+03 -9.999000e+03 -9.999000e+03 -9.999000e+03 -9.999000e+03 -9.999000e+03 -9.999000e+03 -9.999000e+03 -9.999000e+03 -9.999000e+03 -9.999000e+03 -9.999000e+03 9.035485e-03 4.592912e-02 1.199097e-02 1.197727e-02 1.197208e-02 1.203713e-02 1.211808e-02 1.214634e-02 1.209684e-02 1.199541e-02 1.189013e-02 1.184394e-02 1.188141e-02 1.185636e-02 1.177276e-02 1.183501e-02 1.192955e-02 1.201608e-02 1.211866e-02 1.214154e-02 1.835482e-02 8.868923e-03 1.093664e-02 1.197075e-02 1.194562e-02 1.189221e-02 1.185162e-02 1.183811e-02 1.180238e-02 1.178538e-02 1.206861e-02 1.206485e-02 1.199853e-02 1.213476e-02 1.225068e-02 1.254870e-02 1.733664e-02 2.134285e-02 7.224613e-02
-9.999000e+03 -9.999000e+03 -9.999000e+03 -9.999000e+03 -9.999000e+03 -9.999000e+03 -9.999000e+03 -9.999000e+03 -9.999000e+03 -9.999000e+03 -9.999000e+03 -9.999000e+03 6.127030e-03 1.100564e-02 1.177195e-02 1.195001e-02 1.200331e-02 1.193446e-02 1.200723e-02 1.207500e-02 1.212762e-02 1.214431e-02 1.208224e-02 1.200038e-02 1.192503e-02 1.188885e-02 1.182576e-02 1.172876e-02 1.176334e-02 1.180364e-02 1.182651e-02 1.184900e-02 1.602183e-02 1.165195e-02 8.831483e-03 1.190294e-02 1.183733e-02 1.172720e-02 1.164509e-02 1.165214e-02 1.154395e-02 1.155457e-02 1.162513e-02 1.168720e-02 1.139478e-02 1.165628e-02 1.165291e-02 1.165851e-02 1.188514e-02 1.216415e-02 1.288276e-02 1.741213e-02
-9.999000e+03 -9.999000e+03 -9.999000e+03 -9.999000e+03 -9.999000e+03 -9.999000e+03 -9.999000e+03 -9.999000e+03 -9.999000e+03 -9.999000e+03 -9.999000e+03 -9.999000e+03 9.123396e-03 1.162166e-02 1.168527e-02 1.247795e-02 1.178368e-02 1.188669e-02 1.195390e-02 1.201543e-02 1.207819e-02 1.213355e-02 1.211356e-02 1.207245e-02 1.200759e-02 1.194099e-02 1.186819e-02 1.175824e-02 1.170516e-02 1.175709e-02 1.169133e-02 1.606041e-02 8.796096e-03 1.083936e-02 1.179962e-02 1.179110e-02 1.154251e-02 1.146697e-02 1.160856e-02 1.127657e-02 1.119331e-02 1.117925e-02 1.131462e-02 1.063716e-02 1.060016e-02 1.055120e-02 1.052368e-02 1.076324e-02 1.082484e-02 1.236751e-02 1.203586e-02 1.219437e-02
-9.999000e+03 -9.999000e+03 -9.999000e+03 -9.999000e+03 -9.999000e+03 -9.999000e+03 -9.999000e+03 -9.999000e+03 -9.999000e+03 -9.999000e+03 -9.999000e+03 6.658431e-03 2.512396e-02 1.173678e-02 1.446920e-02 1.115810e-02 1.163022e-02 1.176882e-02 1.185300e-02 1.193472e-02 1.199041e-02 1.205695e-02 1.204556e-02 1.202381e-02 1.198753e-02 1.194194e-02 1.191859e-02 1.165621e-02 1.184585e-02 1.184003e-02 1.171608e-02 1.426710e-02 8.961696e-03 1.158183e-02 1.157128e-02 1.103512e-02 1.095813e-02 1.174232e-02 1.084320e-02 1.077245e-02 1.063977e-02 1.053740e-02 8.509025e-03 8.524961e-03 8.506313e-03 8.456197e-03 8.416753e-03 8.385446e-03 1.193657e-02 1.105245e-02 1.107409e-02 1.111472e-02
-9.999000e+03 -9.999000e+03 -9.999000e+03 -9.999000e+03 -9.999000e+03 -9.999000e+03 -9.999000e+03 -9.999000e+03 -9.999000e+03 -9.999000e+03 6.886854e-03 1.002591e-02 1.176464e-02 1.751778e-02 9.679056e-03 1.113102e-02 1.156900e-02 1.164399e-02 1.175190e-02 1.183289e-02 1.192944e-02 1.199655e-02 1.200246e-02 1.198944e-02 1.197271e-02 1.188846e-02 1.115591e-02 1.189150e-02 1.194325e-02 1.189552e-02 1.175618e-02 1.167536e-02 1.160306e-02 1.088348e-02 9.024351e-03 9.129289e-03 1.199864e-02 9.189473e-03 9.176611e-03 9.140354e-03 8.966984e-03 8.688641e-03 1.070555e-02 1.160278e-02 1.188606e-02 1.193095e-02 1.195964e-02 1.198981e-02 8.499275e-03 8.584131e-03 8.586434e-03 8.810899e-03
-9.999000e+03 -9.999000e+03 -9.999000e+03 -9.999000e+03 -9.999000e+03 -9.999000e+03 -9.999000e+03 -9.999000e+03 -9.999000e+03 -9.999000e+03 7.279187e-03 1.242169e-02 1.937401e-02 1.151747e-02 9.890063e-03 1.168162e-02 1.165979e-02 1.164027e-02 1.158970e-02 1.181959e-02 1.186541e-02 1.195477e-02 1.199326e-02 1.200180e-02 1.182878e-02 9.272490e-03 1.176302e-02 1.196040e-02 1.180129e-02 1.183934e-02 1.171183e-02 1.165533e-02 9.360199e-03 9.132280e-03 1.107696e-02 1.194936e-02 9.308933e-03 1.131155e-02 1.182707e-02 1.186804e-02 9.001425e-03 8.712489e-03 1.073705e-02 1.164707e-02 1.193569e-02 1.197559e-02 1.196357e-02 1.195617e-02 1.203683e-02 1.215895e-02 1.209668e-02 1.193852e-02
-9.999000e+03 -9.999000e+03 -9.999000e+03 -9.999000e+03 -9.999000e+03 -9.999000e+03 -9.999000e+03 -9.999000e+03 -9.999000e+03 7.234559e-03 2.743091e-02 2.166266e-02 1.194842e-02 9.959972e-03 1.157208e-02 1.193171e-02 1.181810e-02 1.121319e-02 1.180510e-02 1.174549e-02 1.182979e-02 1.192596e-02 1.197291e-02 1.124690e-02 9.319651e-03 1.125368e-02 1.197333e-02 1.125395e-02 1.133604e-02 1.144144e-02 1.134487e-02 9.513192e-03 1.117314e-02 1.153296e-02 1.180980e-02 1.208347e-02 1.215358e-02 1.214582e-02 9.191182e-03 9.021084e-03 1.146068e-02 1.063898e-02 1.151714e-02 1.197938e-02 1.209382e-02 1.206323e-02 1.197750e-02 1.189371e-02 1.194277e-02 1.204398e-02 1.208652e-02 1.208172e-02
-9.999000e+03 -9.999000e+03 -9.999000e+03 -9.999000e+03 -9.999000e+03 -9.999000e+03 -9.999000e+03 -9.999000e+03 -9.999000e+03 6.724440e-03 1.970794e-02 1.221142e-02 1.162624e-02 1.001005e-02 1.190124e-02 1.202734e-02 9.806881e-03 1.238867e-02 1.172224e-02 1.171932e-02 1.182517e-02 1.193354e-02 9.365340e-03 9.303002e-03 1.125221e-02 1.192119e-02 9.400296e-03 9.428625e-03 9.524152e-03 9.705348e-03 9.694200e-03 1.117300e-02 1.156352e-02 1.169274e-02 1.185141e-02 1.201143e-02 1.208551e-02 9.126420e-03 1.179627e-02 1.078251e-02 1.073172e-02 1.163180e-02 1.192807e-02 1.213753e-02 1.213569e-02 1.204062e-02 1.196767e-02 1.191735e-02 1.194514e-02 1.198971e-02 2.644617e-02 2.753819e-02
-9.999000e+03 -9.999000e+03 -9.999000e+03 -9.999000e+03 -9.999000e+03 -9.999000e+03 -9.999000e+03 -9.999000e+03 9.464374e-03 2.539040e-02 1.601767e-02 1.212102e-02 1.005218e-02 1.160520e-02 1.199989e-02 1.204794e-02 1.446809e-02 1.200240e-02 1.182870e-02 1.173866e-02 1.183923e-02 1.127318e-02 1.177630e-02 1.188047e-02 1.201541e-02 2.102766e-02 2.221410e-02 2.063868e-02 1.946268e-02 1.858292e-02 1.646750e-02 1.362682e-02 1.170505e-02 1.176552e-02 1.187784e-02 1.199646e-02 1.207585e-02 1.539022e-02 1.546946e-02 1.707454e-02 1.753231e-02 1.825230e-02 1.701108e-02 1.591576e-02 1.454217e-02 1.297034e-02 1.197103e-02 1.203684e-02 1.205274e-02 2.916058e-02 1.179266e-02 1.184585e-02
-9.999000e+03 -9.999000e+03 -9.999000e+03 -9.999000e+03 -9.999000e+03 -9.999000e+03 -9.999000e+03 6.933099e-03 9.649938e-03 1.537404e-02 1.148837e-02 1.194915e-02 1.000342e-02 1.211497e-02 1.205222e-02 1.206095e-02 1.206641e-02 1.210216e-02 1.197777e-02 1.183711e-02 9.453124e-03 9.404445e-03 1.123844e-02 1.809889e-02 1.922471e-02 1.204370e-02 1.193606e-02 1.204493e-02 1.213409e-02 1.224020e-02 1.201972e-02 1.174571e-02 1.175225e-02 1.182642e-02 1.192634e-02 1.202740e-02 1.209008e-02 1.213691e-02 1.201573e-02 1.185930e-02 1.192540e-02 1.205940e-02 1.208901e-02 1.207884e-02 1.201811e-02 1.194625e-02 1.202462e-02 1.214753e-02 3.039119e-02 1.197104e-02 1.184281e-02 1.180586e-02
-9.999000e+03 -9.999000e+03 -9.999000e+03 -9.999000e+03 -9.999000e+03 -9.999000e+03 -9.999000e+03 7.406821e-03 1.033740e-02 1.633891e-02 9.835494e-03 1.143273e-02 1.196148e-02 1.211974e-02 1.212034e-02 1.210923e-02 1.209024e-02 1.213111e-02 1.205077e-02 1.188621e-02 1.448777e-02 1.651863e-02 1.820376e-02 1.203752e-02 1.194377e-02 1.118078e-02 9.271971e-03 1.124952e-02 1.190157e-02 1.214601e-02 1.201714e-02 1.180759e-02 1.183128e-02 1.191407e-02 1.198841e-02 1.205179e-02 2.677618e-02 2.706563e-02 2.700301e-02 2.659907e-02 2.664229e-02 2.714825e-02 2.755592e-02 2.661386e-02 2.587363e-02 2.522754e-02 2.936510e-02 3.037020e-02 1.232285e-02 1.219912e-02 1.196720e-02 1.181044e-02
-9.999000e+03 -9.999000e+03 -9.999000e+03 -9.999000e+03 -9.999000e+03 -9.999000e+03 -9.999000e+03 9.030553e-03 1.595444e-02 1.213054e-02 9.972385e-03 1.149232e-02 1.193617e-02 1.214837e-02 1.218230e-02 1.217874e-02 1.209688e-02 1.203707e-02 1.192048e-02 1.175370e-02 1.178714e-02 1.190925e-02 1.184924e-02 1.192732e-02 9.330849e-03 9.244862e-03 1.118848e-02 1.185734e-02 1.204759e-02 1.210763e-02 1.203272e-02 1.191780e-02 1.193427e-02 2.635839e-02 2.649965e-02 2.653418e-02 1.201626e-02 1.204090e-02 1.207300e-02 1.208221e-02 1.213326e-02 1.221593e-02 1.223878e-02 1.580435e-02 1.866105e-02 2.122277e-02 1.234255e-02 1.236541e-02 1.240688e-02 1.241204e-02 1.224976e-02 1.203341e-02
