tests/data/reference/test_implicit_stream_rill_mfda/mwlevel_m.asc
ncols	123
nrows	77
xllcorner	-713746.79929998
yllcorner	-1061022.36961616
cellsize	10.0
NODATA_value	-9999
[rows 23 to 45 of 77, columns 0 to 51 of 123]
-9.999000e+03 -9.999000e+03 -9.999000e+03 -9.999000e+03 -9.999000e+03 -9.999000e+03 -9.999000e+03 -9.999000e+03 -9.999000e+03 -9.999000e+03 -9.999000e+03 -9.999000e+03 -9.999000e+03 -9.999000e+03 1.169020e-02 1.423686e-02 1.417576e-02 1.315661e-02 1.146462e-02 1.265609e-02 1.018671e-02 5.748299e-03 1.068102e-02 2.158275e-02 2.471081e-02 1.340261e-02 1.631754e-02 1.341848e-02 1.296445e-02 1.309091e-02 9.215057e-03 1.156901e-02 1.251331e-02 1.305991e-02 2.343117e-02 1.312411e-02 1.330286e-02 9.004876e-03 1.748165e-02 1.306671e-02 1.311982e-02 1.315969e-02 1.318004e-02 1.317124e-02 1.314434e-02 1.311343e-02 1.308852e-02 1.306703e-02 1.305338e-02 1.285593e-02 1.240708e-02 8.731724e-03
-9.999000e+03 -9.999000e+03 -9.999000e+03 -9.999000e+03 -9.999000e+03 -9.999000e+03 -9.999000e+03 -9.999000e+03 -9.999000e+03 -9.999000e+03 -9.999000e+03 -9.999000e+03 -9.999000e+03 -9.999000e+03 1.419987e-02 2.780269e-02 2.066846e-02 1.246116e-02 1.153150e-02 1.083857e-02 5.350644e-03 8.290212e-03 1.007400e-02 1.098586e-02 1.846490e-02 2.433665e-02 1.420608e-02 1.328900e-02 1.350028e-02 9.679491e-03 1.298463e-02 1.157494e-02 1.254783e-02 1.297447e-02 2.578676e-02 1.315136e-02 1.304884e-02 8.971366e-03 1.783142e-02 1.309839e-02 1.313011e-02 1.315735e-02 1.318765e-02 1.319052e-02 1.316323e-02 1.312509e-02 1.309033e-02 1.306547e-02 1.305407e-02 1.298319e-02 8.719414e-03 1.271224e-02
-9.999000e+03 -9.999000e+03 -9.999000e+03 -9.999000e+03 -9.999000e+03 -9.999000e+03 -9.999000e+03 -9.999000e+03 -9.999000e+03 -9.999000e+03 -9.999000e+03 -9.999000e+03 -9.999000e+03 -9.999000e+03 3.044525e-02 1.383012e-02 1.125563e-02 1.126347e-02 1.131466e-02 1.001154e-02 5.991759e-03 1.805875e-02 2.465042e-02 1.246113e-02 1.232988e-02 1.547605e-02 2.551748e-02 1.329330e-02 1.337964e-02 9.617863e-03 1.210269e-02 1.350710e-02 1.310331e-02 1.308298e-02 1.323467e-02 2.790514e-02 9.085132e-03 1.294668e-02 1.146847e-02 2.124836e-02 1.312362e-02 1.311787e-02 1.313949e-02 1.314967e-02 1.313206e-02 1.309697e-02 1.305569e-02 1.302309e-02 1.300131e-02 1.295094e-02 1.115132e-02 8.591193e-03
-9.999000e+03 -9.999000e+03 -9.999000e+03 -9.999000e+03 -9.999000e+03 -9.999000e+03 -9.999000e+03 -9.999000e+03 -9.999000e+03 -9.999000e+03 -9.999000e+03 -9.999000e+03 1.092880e-02 1.146668e-02 2.448265e-02 1.312897e-02 1.122034e-02 1.237702e-02 1.018413e-02 5.780331e-03 2.154314e-02 2.198354e-02 1.678136e-02 2.092151e-02 1.320688e-02 1.319978e-02 3.083607e-02 1.370654e-02 1.367608e-02 1.227779e-02 9.680838e-03 1.314749e-02 1.369064e-02 1.370863e-02 1.382760e-02 1.310627e-02 2.594966e-02 1.145787e-02 1.304627e-02 1.252379e-02 2.348470e-02 1.312732e-02 1.315004e-02 1.315103e-02 1.311678e-02 1.305913e-02 1.299751e-02 1.296431e-02 1.295649e-02 1.293048e-02 1.221218e-02 8.538426e-03
-9.999000e+03 -9.999000e+03 -9.999000e+03 -9.999000e+03 -9.999000e+03 -9.999000e+03 -9.999000e+03 -9.999000e+03 -9.999000e+03 -9.999000e+03 -9.999000e+03 -9.999000e+03 -9.999000e+03 1.099912e-02 1.293170e-02 1.254212e-02 1.205700e-02 1.030087e-02 6.132607e-03 2.238572e-02 1.260475e-02 1.330989e-02 2.355166e-02 2.698431e-02 3.269900e-02 3.236013e-02 3.229319e-02 3.260856e-02 1.405391e-02 1.385149e-02 1.329057e-02 1.231825e-02 1.371989e-02 1.397580e-02 1.375475e-02 1.340903e-02 1.333787e-02 2.666161e-02 1.248165e-02 1.305099e-02 2.386848e-02 1.316426e-02 1.318961e-02 1.317168e-02 1.310703e-02 1.301423e-02 1.293038e-02 1.290537e-02 1.292454e-02 1.292967e-02 1.267729e-02 1.106646e-02
-9.999000e+03 -9.999000e+03 -9.999000e+03 -9.999000e+03 -9.999000e+03 -9.999000e+03 -9.999000e+03 -9.999000e+03 -9.999000e+03 -9.999000e+03 -9.999000e+03 -9.999000e+03 -9.999000e+03 -9.999000e+03 -9.999000e+03 1.166465e-02 1.060201e-02 5.963964e-03 8.403798e-03 2.390834e-02 2.020691e-02 1.754204e-02 1.539592e-02 1.356645e-02 1.343249e-02 1.337075e-02 1.352079e-02 3.437927e-02 4.894588e-02 1.380275e-02 1.382396e-02 1.381948e-02 1.359740e-02 1.400418e-02 1.374292e-02 1.334369e-02 1.336599e-02 1.358289e-02 2.593853e-02 1.342788e-02 2.501419e-02 1.313575e-02 1.309033e-02 1.304298e-02 1.299615e-02 1.294676e-02 1.291650e-02 1.292722e-02 1.295517e-02 1.296624e-02 1.289847e-02 1.225066e-02
-9.999000e+03 -9.999000e+03 -9.999000e+03 -9.999000e+03 -9.999000e+03 -9.999000e+03 -9.999000e+03 -9.999000e+03 -9.999000e+03 -9.999000e+03 -9.999000e+03 -9.999000e+03 -9.999000e+03 -9.999000e+03 -9.999000e+03 -9.999000e+03 1.034114e-02 6.322367e-03 1.868383e-02 1.630300e-02 1.461390e-02 1.385808e-02 1.356832e-02 1.338618e-02 1.331569e-02 1.327485e-02 1.347329e-02 1.375734e-02 1.366345e-02 4.883143e-02 4.948300e-02 5.077432e-02 1.402249e-02 1.384591e-02 1.371083e-02 1.344395e-02 1.767848e-02 2.160972e-02 1.383752e-02 2.507625e-02 1.347324e-02 2.960482e-02 1.292306e-02 1.286255e-02 1.285768e-02 1.288352e-02 1.293316e-02 1.298406e-02 1.301005e-02 1.301925e-02 1.302600e-02 1.282338e-02
-9.999000e+03 -9.999000e+03 -9.999000e+03 -9.999000e+03 -9.999000e+03 -9.999000e+03 -9.999000e+03 -9.999000e+03 -9.999000e+03 -9.999000e+03 -9.999000e+03 -9.999000e+03 -9.999000e+03 -9.999000e+03 -9.999000e+03 -9.999000e+03 5.758397e-03 2.056017e-02 1.252988e-02 1.316879e-02 1.343994e-02 3.359816e-02 3.145137e-02 2.879108e-02 2.651447e-02 2.447121e-02 2.319424e-02 2.256668e-02 2.123398e-02 1.931090e-02 1.808049e-02 1.733549e-02 5.111834e-02 5.142364e-02 4.999633e-02 4.745080e-02 4.392513e-02 4.151883e-02 4.033346e-02 3.814922e-02 4.150902e-02 4.231847e-02 3.401521e-02 1.384369e-02 1.372189e-02 1.325780e-02 1.324120e-02 1.321488e-02 1.316331e-02 1.314869e-02 1.319575e-02 1.318398e-02
-9.999000e+03 -9.999000e+03 -9.999000e+03 -9.999000e+03 -9.999000e+03 -9.999000e+03 -9.999000e+03 -9.999000e+03 -9.999000e+03 -9.999000e+03 -9.999000e+03 -9.999000e+03 -9.999000e+03 -9.999000e+03 -9.999000e+03 5.753508e-03 1.941973e-02 1.223543e-02 2.876307e-02 3.263143e-02 3.263931e-02 1.359147e-02 1.734947e-02 2.010008e-02 1.807177e-02 2.399160e-02 2.562144e-02 2.727254e-02 2.589684e-02 2.408217e-02 2.300555e-02 2.261543e-02 2.248872e-02 2.275841e-02 2.164896e-02 1.920260e-02 4.002835e-02 3.747946e-02 3.462821e-02 3.239302e-02 3.265289e-02 3.557538e-02 5.309847e-02 6.718740e-02 6.513921e-02 1.424250e-02 1.953046e-02 1.352647e-02 1.335646e-02 1.332662e-02 1.341801e-02 1.348540e-02
-9.999000e+03 -9.999000e+03 -9.999000e+03 -9.999000e+03 -9.999000e+03 -9.999000e+03 -9.999000e+03 -9.999000e+03 -9.999000e+03 -9.999000e+03 -9.999000e+03 -9.999000e+03 -9.999000e+03 -9.999000e+03 6.107585e-03 8.757174e-03 2.570250e-02 2.771845e-02 1.334106e-02 1.325421e-02 1.381803e-02 1.367966e-02 1.362667e-02 1.342364e-02 1.741961e-02 1.375329e-02 1.363747e-02 1.293846e-02 1.295636e-02 1.353838e-02 1.359511e-02 2.746651e-02 3.052459e-02 3.365638e-02 3.526592e-02 4.075130e-02 1.357849e-02 1.359634e-02 1.347156e-02 1.325817e-02 1.324759e-02 1.343950e-02 1.843495e-02 2.306502e-02 2.710088e-02 5.917010e-02 6.347853e-02 6.362714e-02 1.420709e-02 2.011152e-02 1.388391e-02 1.385638e-02
-9.999000e+03 -9.999000e+03 -9.999000e+03 -9.999000e+03 -9.999000e+03 -9.999000e+03 -9.999000e+03 -9.999000e+03 -9.999000e+03 -9.999000e+03 -9.999000e+03 -9.999000e+03 -9.999000e+03 -9.999000e+03 5.847007e-03 4.103304e-02 1.302790e-02 1.311520e-02 1.322565e-02 1.326617e-02 1.321138e-02 1.307617e-02 1.362854e-02 1.287478e-02 1.289762e-02 1.301119e-02 1.296132e-02 1.283903e-02 1.645261e-02 1.935331e-02 2.204053e-02 1.333242e-02 1.338915e-02 1.342382e-02 1.961687e-02 1.191141e-02 1.280063e-02 1.315126e-02 1.303067e-02 1.290756e-02 1.285600e-02 1.326528e-02 1.330930e-02 1.343534e-02 1.365270e-02 1.860519e-02 2.244618e-02 2.573193e-02 5.992022e-02 7.043900e-02 8.448646e-02 1.552432e-02
-9.999000e+03 -9.999000e+03 -9.999000e+03 -9.999000e+03 -9.999000e+03 -9.999000e+03 -9.999000e+03 -9.999000e+03 -9.999000e+03 -9.999000e+03 -9.999000e+03 -9.999000e+03 -9.999000e+03 9.178163e-03 4.932407e-02 1.302383e-02 1.300907e-02 1.300697e-02 1.307873e-02 1.317788e-02 1.321401e-02 1.315750e-02 1.303860e-02 1.291300e-02 1.285625e-02 1.289798e-02 1.286703e-02 1.276650e-02 1.283589e-02 1.294679e-02 1.304819e-02 1.317057e-02 1.319760e-02 2.056206e-02 9.343406e-03 1.169796e-02 1.299908e-02 1.296686e-02 1.289670e-02 1.284546e-02 1.283380e-02 1.278161e-02 1.276064e-02 1.307245e-02 1.307115e-02 1.297299e-02 1.311076e-02 1.324398e-02 1.358918e-02 1.900430e-02 2.372007e-02 8.164773e-02
-9.999000e+03 -9.999000e+03 -9.999000e+03 -9.999000e+03 -9.999000e+03 -9.999000e+03 -9.999000e+03 -9.999000e+03 -9.999000e+03 -9.999000e+03 -9.999000e+03 -9.999000e+03 6.189682e-03 1.127150e-02 1.278070e-02 1.296999e-02 1.404691e-02 1.294871e-02 1.304112e-02 1.312461e-02 1.318921e-02 1.321151e-02 1.314018e-02 1.304348e-02 1.295337e-02 1.290878e-02 1.283238e-02 1.271611e-02 1.275303e-02 1.279467e-02 1.282646e-02 1.285080e-02 1.785953e-02 1.257171e-02 9.300581e-03 1.291461e-02 1.283537e-02 1.269207e-02 1.259339e-02 1.261722e-02 1.246795e-02 1.247627e-02 1.255556e-02 1.262981e-02 1.225646e-02 1.253835e-02 1.253229e-02 1.253685e-02 1.277977e-02 1.310420e-02 1.403079e-02 1.921292e-02
-9.999000e+03 -9.999000e+03 -9.999000e+03 -9.999000e+03 -9.999000e+03 -9.999000e+03 -9.999000e+03 -9.999000e+03 -9.999000e+03 -9.999000e+03 -9.999000e+03 -9.999000e+03 9.285360e-03 1.270111e-02 1.265955e-02 1.555456e-02 1.274935e-02 1.288844e-02 1.297525e-02 1.305064e-02 1.312771e-02 1.319509e-02 1.317462e-02 1.312616e-02 1.304905e-02 1.296939e-02 1.288223e-02 1.275128e-02 1.267291e-02 1.274777e-02 1.267145e-02 1.785590e-02 9.260133e-03 1.159071e-02 1.278706e-02 1.276825e-02 1.245252e-02 1.236330e-02 1.257182e-02 1.213860e-02 1.203936e-02 1.201788e-02 1.216805e-02 1.133855e-02 1.129672e-02 1.123970e-02 1.120599e-02 1.145918e-02 1.152840e-02 1.344560e-02 1.296722e-02 1.315370e-02
-9.999000e+03 -9.999000e+03 -9.999000e+03 -9.999000e+03 -9.999000e+03 -9.999000e+03 -9.999000e+03 -9.999000e+03 -9.999000e+03 -9.999000e+03 -9.999000e+03 6.741574e-03 2.735016e-02 1.272441e-02 1.748007e-02 1.198875e-02 1.257042e-02 1.275222e-02 1.285364e-02 1.295271e-02 1.301931e-02 1.310332e-02 1.309192e-02 1.306710e-02 1.302426e-02 1.297013e-02 1.293743e-02 1.259363e-02 1.285138e-02 1.284901e-02 1.269932e-02 1.567684e-02 9.449656e-03 1.253274e-02 1.248586e-02 1.182033e-02 1.173513e-02 1.273376e-02 1.160402e-02 1.152152e-02 1.136665e-02 1.124219e-02 8.933038e-03 8.951147e-03 8.929956e-03 8.873043e-03 8.828288e-03 8.792791e-03 1.296425e-02 1.179426e-02 1.182268e-02 1.186955e-02
-9.999000e+03 -9.999000e+03 -9.999000e+03 -9.999000e+03 -9.999000e+03 -9.999000e+03 -9.999000e+03 -9.999000e+03 -9.999000e+03 -9.999000e+03 6.979990e-03 1.024969e-02 1.278101e-02 2.068787e-02 1.027776e-02 1.196394e-02 1.251866e-02 1.260921e-02 1.273548e-02 1.282411e-02 1.295045e-02 1.302952e-02 1.303962e-02 1.302607e-02 1.300701e-02 1.289505e-02 1.197108e-02 1.289638e-02 1.297082e-02 1.290277e-02 1.274066e-02 1.264303e-02 1.255634e-02 1.165706e-02 9.521521e-03 9.642083e-03 1.302549e-02 9.711339e-03 9.696532e-03 9.654810e-03 9.455718e-03 9.137482e-03 1.142493e-02 1.250389e-02 1.287232e-02 1.294528e-02 1.298623e-02 1.302451e-02 8.921961e-03 9.018438e-03 9.021059e-03 9.252664e-03
-9.999000e+03 -9.999000e+03 -9.999000e+03 -9.999000e+03 -9.999000e+03 -9.999000e+03 -9.999000e+03 -9.999000e+03 -9.999000e+03 -9.999000e+03 7.391148e-03 1.374195e-02 2.264035e-02 1.242130e-02 1.052356e-02 1.264481e-02 1.263374e-02 1.260927e-02 1.252435e-02 1.282492e-02 1.287167e-02 1.297927e-02 1.302799e-02 1.304018e-02 1.280093e-02 9.807003e-03 1.272311e-02 1.298988e-02 1.276935e-02 1.281740e-02 1.267180e-02 1.260445e-02 9.908243e-03 9.645524e-03 1.187343e-02 1.293246e-02 9.849048e-03 1.215446e-02 1.280029e-02 1.287126e-02 9.495216e-03 9.164680e-03 1.146225e-02 1.255715e-02 1.293268e-02 1.300007e-02 1.299321e-02 1.298608e-02 1.308041e-02 1.322617e-02 1.315842e-02 1.297262e-02
-9.999000e+03 -9.999000e+03 -9.999000e+03 -9.999000e+03 -9.999000e+03 -9.999000e+03 -9.999000e+03 -9.999000e+03 -9.999000e+03 7.344273e-03 2.987890e-02 2.498169e-02 1.296324e-02 1.060523e-02 1.248761e-02 1.295341e-02 1.282425e-02 1.205769e-02 1.282983e-02 1.273110e-02 1.282966e-02 1.294548e-02 1.300440e-02 1.208109e-02 9.861418e-03 1.208720e-02 1.299771e-02 1.209071e-02 1.218798e-02 1.231550e-02 1.220885e-02 1.008525e-02 1.200045e-02 1.245304e-02 1.279313e-02 1.312654e-02 1.322063e-02 1.321637e-02 9.713307e-03 9.517772e-03 1.239952e-02 1.136062e-02 1.240755e-02 1.298002e-02 1.313911e-02 1.311423e-02 1.301562e-02 1.291508e-02 1.296883e-02 1.308780e-02 1.314136e-02 1.313835e-02
-9.999000e+03 -9.999000e+03 -9.999000e+03 -9.999000e+03 -9.999000e+03 -9.999000e+03 -9.999000e+03 -9.999000e+03 -9.999000e+03 6.810397e-03 2.230606e-02 1.329361e-02 1.255322e-02 1.066379e-02 1.290607e-02 1.307239e-02 1.042654e-02 1.355868e-02 1.271073e-02 1.270335e-02 1.282555e-02 1.295548e-02 9.914182e-03 9.842203e-03 1.208480e-02 1.290896e-02 9.954583e-03 9.987346e-03 1.009796e-02 1.030833e-02 1.029536e-02 1.200674e-02 1.249107e-02 1.265760e-02 1.285053e-02 1.304484e-02 1.313860e-02 9.638783e-03 1.280508e-02 1.153372e-02 1.146851e-02 1.258897e-02 1.293746e-02 1.319338e-02 1.320143e-02 1.309250e-02 1.300441e-02 1.294234e-02 1.297230e-02 1.302468e-02 2.745855e-02 2.869361e-02
-9.999000e+03 -9.999000e+03 -9.999000e+03 -9.999000e+03 -9.999000e+03 -9.999000e+03 -9.999000e+03 -9.999000e+03 9.649595e-03 2.764440e-02 1.814055e-02 1.317860e-02 1.071311e-02 1.252660e-02 1.304147e-02 1.309818e-02 1.604675e-02 1.304460e-02 1.283923e-02 1.273003e-02 1.284515e-02 1.211529e-02 1.274137e-02 1.288472e-02 1.305118e-02 2.412907e-02 2.564809e-02 2.422332e-02 2.323377e-02 2.265183e-02 2.062328e-02 1.766395e-02 1.536777e-02 1.344386e-02 1.288586e-02 1.302892e-02 1.312701e-02 1.704370e-02 1.717758e-02 1.914326e-02 1.968363e-02 2.052036e-02 1.942525e-02 1.846843e-02 1.717658e-02 1.561916e-02 1.425888e-02 1.308272e-02 1.310250e-02 3.029679e-02 1.279900e-02 1.285626e-02
-9.999000e+03 -9.999000e+03 -9.999000e+03 -9.999000e+03 -9.999000e+03 -9.999000e+03 -9.999000e+03 7.028346e-03 9.858522e-03 1.768200e-02 1.238255e-02 1.295765e-02 1.065603e-02 1.317208e-02 1.310377e-02 1.311560e-02 1.312205e-02 1.316416e-02 1.301700e-02 1.284810e-02 1.001569e-02 9.959381e-03 1.207272e-02 2.054107e-02 2.191516e-02 1.308726e-02 1.292433e-02 1.308214e-02 1.319726e-02 1.332776e-02 1.307032e-02 1.274134e-02 1.274049e-02 1.282590e-02 1.294506e-02 1.306739e-02 1.314528e-02 1.320355e-02 1.306305e-02 1.287590e-02 1.294771e-02 1.310564e-02 1.314508e-02 1.313534e-02 1.306418e-02 1.297786e-02 1.306695e-02 1.321321e-02 3.521440e-02 1.301969e-02 1.286548e-02 1.281496e-02
-9.999000e+03 -9.999000e+03 -9.999000e+03 -9.999000e+03 -9.999000e+03 -9.999000e+03 -9.999000e+03 7.525357e-03 1.107039e-02 1.874373e-02 1.045990e-02 1.232163e-02 1.297383e-02 1.317691e-02 1.318624e-02 1.317437e-02 1.315206e-02 1.319896e-02 1.310157e-02 1.290296e-02 1.597518e-02 1.849201e-02 2.058034e-02 1.307077e-02 1.296265e-02 1.200243e-02 9.806405e-03 1.208039e-02 1.288523e-02 1.320089e-02 1.306175e-02 1.281354e-02 1.283519e-02 1.293175e-02 1.302152e-02 1.309902e-02 3.235949e-02 3.282757e-02 3.281766e-02 3.234436e-02 3.233528e-02 3.280707e-02 3.288667e-02 3.181352e-02 3.151851e-02 3.130772e-02 3.371373e-02 3.615930e-02 1.343457e-02 1.329028e-02 1.301776e-02 1.282919e-02
-9.999000e+03 -9.999000e+03 -9.999000e+03 -9.999000e+03 -9.999000e+03 -9.999000e+03 -9.999000e+03 9.973146e-03 1.829996e-02 1.319459e-02 1.061974e-02 1.239125e-02 1.294404e-02 1.321504e-02 1.325831e-02 1.325623e-02 1.316087e-02 1.308806e-02 1.294719e-02 1.274547e-02 1.277955e-02 1.292287e-02 1.282225e-02 1.291473e-02 9.874346e-03 9.775149e-03 1.200800e-02 1.283049e-02 1.308224e-02 1.316518e-02 1.308112e-02 1.294421e-02 1.295990e-02 3.144305e-02 3.177595e-02 3.195905e-02 1.305825e-02 1.308477e-02 1.312021e-02 1.313027e-02 1.319021e-02 1.328880e-02 1.331856e-02 1.748053e-02 2.089896e-02 2.394927e-02 1.345101e-02 1.348004e-02 1.353020e-02 1.353896e-02 1.335102e-02 1.309569e-02
