tests/data/reference/test_implicit_stream_rill_mfda/mwlevel_m.asc
ncols	123
nrows	77
xllcorner	-713746.79929998
yllcorner	-1061022.36961616
cellsize	10.0
NODATA_value	-9999
[rows 23 to 45 of 77, columns 52 to 103 of 123]
1.108854e-02 1.277019e-02 1.289871e-02 1.304927e-02 1.310075e-02 1.310290e-02 1.312625e-02 1.316750e-02 1.315823e-02 1.310223e-02 1.308368e-02 1.311124e-02 1.312123e-02 1.316383e-02 1.329402e-02 1.345176e-02 2.522962e-02 1.321297e-02 1.297890e-02 1.281132e-02 1.266921e-02 1.252615e-02 1.225944e-02 1.251433e-02 9.237975e-03 1.160333e-02 2.847458e-02 1.683742e-02 2.265109e-02 1.357922e-02 1.270188e-02 1.155578e-02 9.414870e-03 9.735854e-03 -9.999000e+03 -9.999000e+03 -9.999000e+03 -9.999000e+03 -9.999000e+03 -9.999000e+03 -9.999000e+03 -9.999000e+03 -9.999000e+03 -9.999000e+03 -9.999000e+03 -9.999000e+03 -9.999000e+03 -9.999000e+03 -9.999000e+03 -9.999000e+03 -9.999000e+03 -9.999000e+03
1.102104e-02 1.214331e-02 1.295848e-02 1.307585e-02 1.311979e-02 1.313055e-02 1.316683e-02 1.321167e-02 1.318685e-02 1.312923e-02 1.312317e-02 1.312066e-02 1.315253e-02 1.325602e-02 1.337841e-02 1.345080e-02 2.723899e-02 1.304539e-02 1.294037e-02 1.283461e-02 1.274464e-02 1.268408e-02 1.259881e-02 1.264863e-02 1.140188e-02 1.238891e-02 9.389089e-03 2.849896e-02 1.594730e-02 2.067411e-02 1.689247e-02 1.259428e-02 1.161738e-02 1.168783e-02 9.841017e-03 -9.999000e+03 -9.999000e+03 -9.999000e+03 -9.999000e+03 -9.999000e+03 -9.999000e+03 -9.999000e+03 -9.999000e+03 -9.999000e+03 -9.999000e+03 -9.999000e+03 -9.999000e+03 -9.999000e+03 -9.999000e+03 -9.999000e+03 -9.999000e+03 -9.999000e+03
1.277977e-02 1.216457e-02 1.272363e-02 1.308430e-02 1.315598e-02 1.320908e-02 1.325527e-02 1.325421e-02 1.317549e-02 1.309278e-02 1.307671e-02 1.310778e-02 1.320871e-02 1.334149e-02 1.338978e-02 1.333957e-02 2.814530e-02 1.283242e-02 1.285072e-02 1.285148e-02 1.282600e-02 1.280903e-02 1.278805e-02 1.279286e-02 1.230639e-02 1.259587e-02 1.138846e-02 2.533680e-02 9.307799e-03 1.362411e-02 2.489297e-02 1.329757e-02 1.261769e-02 1.225177e-02 1.137454e-02 9.517289e-03 9.771758e-03 9.795659e-03 -9.999000e+03 -9.999000e+03 -9.999000e+03 -9.999000e+03 -9.999000e+03 -9.999000e+03 -9.999000e+03 -9.999000e+03 -9.999000e+03 -9.999000e+03 -9.999000e+03 -9.999000e+03 -9.999000e+03 -9.999000e+03
1.099260e-02 1.294971e-02 1.276784e-02 1.307245e-02 1.325381e-02 1.328339e-02 1.326426e-02 1.318050e-02 1.309478e-02 1.305650e-02 1.307945e-02 1.315467e-02 1.325461e-02 1.331382e-02 1.328677e-02 1.322491e-02 2.753546e-02 1.292347e-02 1.295468e-02 1.297415e-02 1.298479e-02 1.299279e-02 1.298576e-02 1.295856e-02 1.273229e-02 1.273834e-02 1.219346e-02 2.324065e-02 1.137061e-02 1.271638e-02 2.278674e-02 1.318195e-02 1.299344e-02 1.275076e-02 1.229078e-02 1.155440e-02 1.172487e-02 9.694963e-03 1.193548e-02 9.825228e-03 -9.999000e+03 -9.999000e+03 -9.999000e+03 -9.999000e+03 -9.999000e+03 -9.999000e+03 -9.999000e+03 -9.999000e+03 -9.999000e+03 -9.999000e+03 -9.999000e+03 -9.999000e+03
1.215945e-02 8.489933e-03 1.316922e-02 1.319387e-02 1.331568e-02 1.329410e-02 1.318604e-02 1.307009e-02 1.303421e-02 1.305938e-02 1.311428e-02 1.318726e-02 1.322205e-02 1.320535e-02 1.318218e-02 1.320528e-02 2.863169e-02 1.312924e-02 1.313564e-02 1.314723e-02 1.318636e-02 1.321193e-02 1.319902e-02 1.313794e-02 1.297847e-02 1.288380e-02 1.261303e-02 2.183511e-02 1.220644e-02 1.257278e-02 1.978780e-02 1.278009e-02 1.307794e-02 1.322739e-02 1.304931e-02 1.263172e-02 9.471894e-03 9.617054e-03 1.196690e-02 1.280637e-02 1.205892e-02 5.900295e-03 -9.999000e+03 -9.999000e+03 -9.999000e+03 -9.999000e+03 -9.999000e+03 -9.999000e+03 -9.999000e+03 -9.999000e+03 -9.999000e+03 -9.999000e+03
1.274374e-02 1.108958e-02 1.321952e-02 1.322677e-02 8.739880e-03 1.322336e-02 1.313014e-02 1.304141e-02 1.302344e-02 1.305443e-02 1.310291e-02 1.316273e-02 1.318969e-02 1.320173e-02 1.325053e-02 1.332882e-02 2.969697e-02 1.311190e-02 1.307830e-02 1.307464e-02 1.309865e-02 1.312488e-02 1.313422e-02 1.311493e-02 1.304107e-02 1.295915e-02 1.282003e-02 2.069155e-02 1.262483e-02 1.268570e-02 1.787265e-02 1.276079e-02 1.301644e-02 1.322248e-02 1.324392e-02 1.305294e-02 1.179556e-02 1.183034e-02 9.627266e-03 1.272400e-02 0.000000e+00 1.036706e-02 6.714553e-03 7.442742e-03 -9.999000e+03 -9.999000e+03 -9.999000e+03 -9.999000e+03 -9.999000e+03 -9.999000e+03 -9.999000e+03 -9.999000e+03
1.306189e-02 1.235305e-02 1.322985e-02 1.316882e-02 8.714394e-03 1.122446e-02 1.311785e-02 1.303717e-02 1.299837e-02 1.302205e-02 1.307108e-02 1.314058e-02 1.321005e-02 1.330583e-02 1.342242e-02 1.346902e-02 1.334102e-02 2.856440e-02 1.291893e-02 1.289575e-02 1.288757e-02 1.291160e-02 1.295592e-02 1.300415e-02 1.302711e-02 1.300091e-02 1.294279e-02 1.976346e-02 1.288959e-02 1.288994e-02 1.653224e-02 1.284115e-02 1.288864e-02 1.299477e-02 1.314144e-02 1.318599e-02 1.274185e-02 1.265591e-02 1.181372e-02 0.000000e+00 0.000000e+00 2.461518e-02 1.770875e-02 1.064867e-02 8.159242e-03 -9.999000e+03 -9.999000e+03 -9.999000e+03 -9.999000e+03 -9.999000e+03 -9.999000e+03 -9.999000e+03
1.330199e-02 1.299084e-02 1.326076e-02 1.315650e-02 1.121875e-02 8.705333e-03 1.231095e-02 1.298878e-02 1.298911e-02 1.308187e-02 1.317926e-02 1.328041e-02 1.336991e-02 1.345821e-02 1.347572e-02 1.335240e-02 1.311951e-02 1.289057e-02 2.427754e-02 1.282287e-02 1.285162e-02 1.290071e-02 1.295064e-02 1.299069e-02 1.301643e-02 1.301456e-02 1.301911e-02 1.889078e-02 1.299718e-02 1.295298e-02 1.512548e-02 1.283542e-02 1.281315e-02 1.284246e-02 9.303118e-03 9.416264e-03 1.290418e-02 1.282386e-02 0.000000e+00 0.000000e+00 1.274474e-02 2.044287e-02 1.523070e-02 1.213685e-02 1.054220e-02 8.418447e-03 -9.999000e+03 -9.999000e+03 -9.999000e+03 -9.999000e+03 -9.999000e+03 -9.999000e+03
1.353389e-02 1.333415e-02 1.330574e-02 1.317767e-02 1.234992e-02 1.118811e-02 8.644049e-03 1.268188e-02 1.306979e-02 1.324779e-02 1.339434e-02 1.352101e-02 1.358123e-02 1.354481e-02 1.335429e-02 1.307777e-02 1.284053e-02 1.267871e-02 2.195067e-02 1.281212e-02 1.289781e-02 1.297540e-02 1.301631e-02 1.301832e-02 1.300954e-02 1.302465e-02 1.308300e-02 1.804585e-02 1.304438e-02 1.296005e-02 1.371892e-02 1.280164e-02 1.276762e-02 8.994329e-03 9.138104e-03 9.265458e-03 1.277859e-02 0.000000e+00 0.000000e+00 1.139256e-02 1.301303e-02 1.722253e-02 1.387087e-02 1.295510e-02 1.224134e-02 1.033429e-02 1.050335e-02 -9.999000e+03 -9.999000e+03 -9.999000e+03 -9.999000e+03 -9.999000e+03
1.378726e-02 1.357974e-02 1.346026e-02 1.335292e-02 8.820029e-03 1.288326e-02 1.234529e-02 1.122639e-02 1.311640e-02 1.332268e-02 1.339003e-02 1.343206e-02 1.338064e-02 1.323627e-02 1.303195e-02 1.284777e-02 1.274545e-02 1.270557e-02 2.177778e-02 1.299489e-02 1.306019e-02 1.308616e-02 1.306948e-02 1.303127e-02 1.301110e-02 1.304784e-02 1.313102e-02 1.721695e-02 1.314598e-02 1.309073e-02 1.301687e-02 1.293850e-02 8.850957e-03 8.903435e-03 9.013290e-03 9.129217e-03 0.000000e+00 0.000000e+00 1.125313e-02 1.262742e-02 1.287815e-02 1.443993e-02 1.000067e-02 1.020973e-02 1.264777e-02 1.203674e-02 1.192197e-02 1.036162e-02 8.288243e-03 -9.999000e+03 -9.999000e+03 -9.999000e+03
1.413390e-02 1.376281e-02 1.357426e-02 1.351113e-02 1.343679e-02 1.146687e-02 1.319148e-02 1.299859e-02 1.250615e-02 1.320787e-02 1.318085e-02 1.310233e-02 1.297166e-02 1.284655e-02 1.276691e-02 1.274044e-02 1.279042e-02 1.288839e-02 1.304708e-02 2.461840e-02 1.327185e-02 1.320753e-02 1.311132e-02 1.303460e-02 1.301776e-02 1.307745e-02 1.317379e-02 1.636362e-02 1.327639e-02 1.328360e-02 1.324006e-02 8.861411e-03 8.890068e-03 8.903672e-03 0.000000e+00 0.000000e+00 0.000000e+00 9.354545e-03 1.257970e-02 1.284358e-02 1.279969e-02 9.461252e-03 9.607150e-03 1.177681e-02 1.268280e-02 1.282652e-02 1.292856e-02 1.021008e-02 1.035132e-02 7.203982e-03 -9.999000e+03 -9.999000e+03
8.946618e-02 8.208957e-02 1.399509e-02 1.390087e-02 1.327844e-02 1.321021e-02 1.245063e-02 1.312623e-02 1.302648e-02 1.278563e-02 1.299671e-02 1.291897e-02 1.281918e-02 1.275944e-02 1.274901e-02 1.278875e-02 1.290036e-02 1.305499e-02 1.323575e-02 3.865009e-02 1.339001e-02 1.333847e-02 1.324171e-02 1.316656e-02 1.316021e-02 1.322579e-02 1.330309e-02 1.551797e-02 1.333056e-02 1.333128e-02 1.328630e-02 8.882920e-03 8.886696e-03 0.000000e+00 0.000000e+00 1.165283e-02 9.260005e-03 1.158058e-02 1.288391e-02 1.285871e-02 9.237498e-03 9.312535e-03 9.409986e-03 1.237925e-02 1.269675e-02 1.279471e-02 1.002648e-02 1.000979e-02 9.997641e-03 1.697787e-02 1.042161e-02 7.125130e-03
2.262946e-02 2.032039e-02 6.886027e-02 1.342481e-02 1.342788e-02 1.335500e-02 1.328361e-02 1.301940e-02 1.323487e-02 1.318874e-02 1.309257e-02 1.312715e-02 1.308073e-02 1.307655e-02 1.311490e-02 1.322686e-02 1.341643e-02 1.362676e-02 1.383916e-02 1.401487e-02 4.352568e-02 1.401985e-02 1.393245e-02 1.385132e-02 1.338629e-02 1.345202e-02 1.348955e-02 1.462930e-02 1.336097e-02 1.330747e-02 1.324602e-02 8.872328e-03 0.000000e+00 0.000000e+00 1.085248e-02 1.289745e-02 1.158112e-02 1.248502e-02 1.293575e-02 9.052160e-03 9.131149e-03 9.225586e-03 9.325810e-03 9.458865e-03 1.271957e-02 1.262955e-02 9.668372e-03 1.175392e-02 1.182448e-02 1.471759e-02 1.001205e-02 1.704982e-02
9.489677e-03 1.194809e-02 1.301902e-02 6.409972e-02 6.481346e-02 5.997344e-02 5.885451e-02 1.337905e-02 1.342390e-02 1.360198e-02 1.365605e-02 1.365016e-02 1.373242e-02 1.382068e-02 1.877783e-02 1.396827e-02 1.402150e-02 1.402982e-02 1.402042e-02 1.399422e-02 9.660867e-03 4.424762e-02 1.865072e-02 1.381482e-02 1.395645e-02 1.406694e-02 1.349874e-02 1.339999e-02 1.328684e-02 1.320535e-02 1.315913e-02 0.000000e+00 0.000000e+00 8.873445e-03 1.250108e-02 1.314925e-02 1.252468e-02 1.285900e-02 1.298771e-02 8.993508e-03 9.056325e-03 9.154900e-03 9.253277e-03 9.368988e-03 1.282188e-02 1.278915e-02 1.180556e-02 1.250401e-02 1.251631e-02 1.348312e-02 1.180070e-02 1.465436e-02
1.289178e-02 1.317496e-02 1.350336e-02 1.395178e-02 1.375676e-02 1.330672e-02 1.337586e-02 5.817656e-02 6.149186e-02 6.447372e-02 6.660086e-02 6.743409e-02 6.976994e-02 7.436976e-02 8.000675e-02 8.583122e-02 8.584591e-02 1.472066e-02 1.439159e-02 1.408595e-02 1.372891e-02 1.190989e-02 4.270089e-02 1.367700e-02 1.390763e-02 1.401251e-02 1.400272e-02 1.327228e-02 1.314900e-02 1.306536e-02 0.000000e+00 0.000000e+00 8.794459e-03 8.842001e-03 1.294131e-02 1.310107e-02 1.287719e-02 1.301531e-02 1.305214e-02 8.974240e-03 9.015868e-03 9.103974e-03 9.191751e-03 9.296465e-03 9.422834e-03 9.547430e-03 1.277051e-02 1.299442e-02 1.289987e-02 1.306224e-02 1.240359e-02 1.339992e-02
1.168358e-02 1.273576e-02 1.337749e-02 3.729457e-02 3.885279e-02 3.656652e-02 3.666624e-02 3.869224e-02 4.069641e-02 4.272050e-02 4.445278e-02 4.574259e-02 4.748942e-02 4.991559e-02 5.264538e-02 5.530313e-02 5.543226e-02 9.601621e-02 1.011695e-01 1.414839e-02 1.392006e-02 1.361228e-02 4.605751e-02 1.390627e-02 1.395703e-02 1.390160e-02 1.379524e-02 1.371844e-02 1.306166e-02 0.000000e+00 0.000000e+00 8.799543e-03 8.775518e-03 8.822485e-03 1.303491e-02 1.305161e-02 1.297993e-02 1.302301e-02 8.928526e-03 8.927432e-03 8.959890e-03 9.045434e-03 9.136036e-03 9.229945e-03 9.340018e-03 9.472573e-03 9.590490e-03 1.309732e-02 1.306593e-02 1.307271e-02 1.282741e-02 1.310706e-02
1.293253e-02 2.319103e-02 2.359768e-02 1.300035e-02 1.301006e-02 1.292247e-02 1.297166e-02 1.309573e-02 1.320134e-02 1.330693e-02 1.341063e-02 1.389610e-02 1.402253e-02 1.417112e-02 1.432904e-02 1.446628e-02 2.030345e-02 2.522003e-02 2.445862e-02 9.176917e-02 9.672990e-02 9.065231e-02 9.611866e-02 5.683016e-02 1.402075e-02 1.375804e-02 1.361765e-02 1.348528e-02 0.000000e+00 0.000000e+00 8.964719e-03 1.127618e-02 8.764852e-03 8.814136e-03 1.305654e-02 1.303130e-02 1.299376e-02 1.298475e-02 8.861278e-03 8.855997e-03 8.883544e-03 8.968580e-03 9.078395e-03 9.179181e-03 9.251787e-03 9.341174e-03 9.472045e-03 1.302964e-02 1.312089e-02 1.321757e-02 1.320906e-02 1.323856e-02
2.658102e-02 1.278693e-02 1.278375e-02 1.279804e-02 1.269443e-02 1.255896e-02 1.256169e-02 1.263953e-02 1.271021e-02 1.279952e-02 1.291202e-02 1.302980e-02 1.314678e-02 1.327452e-02 1.342055e-02 1.396140e-02 1.412785e-02 1.923406e-02 2.017738e-02 2.572070e-02 2.932178e-02 3.574246e-02 2.600125e-02 1.230792e-01 6.942451e-02 1.407259e-02 1.372749e-02 9.621527e-03 0.000000e+00 1.146278e-02 1.145384e-02 1.237788e-02 8.737396e-03 1.126162e-02 1.304173e-02 1.303731e-02 1.301070e-02 1.298381e-02 8.808984e-03 8.804742e-03 8.835167e-03 8.910979e-03 9.023651e-03 9.145753e-03 9.207268e-03 9.251072e-03 9.353504e-03 9.478161e-03 1.300387e-02 1.310104e-02 1.316357e-02 1.317915e-02
1.285280e-02 1.279576e-02 1.279268e-02 1.280432e-02 1.271761e-02 1.256764e-02 1.252256e-02 1.253802e-02 1.253220e-02 1.256137e-02 1.266000e-02 1.277545e-02 1.286015e-02 1.293693e-02 1.304165e-02 1.315137e-02 1.753755e-02 1.337033e-02 1.399340e-02 1.440404e-02 1.452867e-02 0.000000e+00 0.000000e+00 0.000000e+00 1.252599e-01 6.961133e-02 1.350092e-02 0.000000e+00 0.000000e+00 1.349012e-02 1.313836e-02 1.289743e-02 8.701595e-03 1.226255e-02 1.301011e-02 1.305250e-02 1.303609e-02 8.796749e-03 8.767458e-03 8.759983e-03 8.803239e-03 8.881714e-03 8.985303e-03 9.118438e-03 9.191784e-03 9.207527e-03 9.254657e-03 9.337212e-03 1.285243e-02 1.290096e-02 1.295354e-02 1.301873e-02
1.282320e-02 1.275816e-02 1.274976e-02 1.277884e-02 1.273879e-02 1.262205e-02 1.256620e-02 1.254340e-02 1.246638e-02 1.241374e-02 1.247801e-02 1.258431e-02 1.264794e-02 1.269505e-02 1.276529e-02 1.601153e-02 1.290002e-02 1.296861e-02 1.313608e-02 1.340224e-02 1.398891e-02 1.400730e-02 1.427514e-02 0.000000e+00 0.000000e+00 0.000000e+00 7.397921e-02 0.000000e+00 1.047124e-02 1.423520e-02 1.383794e-02 1.374221e-02 1.135528e-02 1.284952e-02 1.306940e-02 1.305188e-02 1.302430e-02 8.767798e-03 8.741238e-03 8.717504e-03 8.752849e-03 8.842304e-03 8.952034e-03 9.090723e-03 9.176718e-03 9.195442e-03 9.218037e-03 1.162563e-02 1.287720e-02 1.289429e-02 1.292306e-02 1.293836e-02
1.281153e-02 1.278728e-02 1.277381e-02 1.280587e-02 1.281995e-02 1.276987e-02 1.274482e-02 1.273231e-02 1.260761e-02 1.246629e-02 1.244095e-02 1.248557e-02 1.252984e-02 1.254558e-02 1.617766e-02 1.262920e-02 1.262315e-02 1.261181e-02 1.270642e-02 1.288513e-02 1.301098e-02 1.341903e-02 1.370528e-02 1.417870e-02 1.424630e-02 0.000000e+00 0.000000e+00 0.000000e+00 5.916600e-02 1.289660e-02 1.863405e-02 1.414775e-02 1.280689e-02 1.333283e-02 1.321269e-02 1.305875e-02 1.299398e-02 8.727094e-03 8.718969e-03 8.691007e-03 8.705597e-03 8.788726e-03 8.910347e-03 9.063585e-03 9.163298e-03 9.200448e-03 9.226498e-03 1.256906e-02 1.296403e-02 1.295170e-02 1.296114e-02 1.290551e-02
1.281452e-02 1.281546e-02 1.277075e-02 1.277082e-02 1.282607e-02 1.285052e-02 1.286248e-02 1.284217e-02 1.275251e-02 1.258395e-02 1.247979e-02 1.249045e-02 1.248813e-02 1.811788e-02 1.251245e-02 1.250177e-02 1.240430e-02 1.235692e-02 1.247835e-02 1.253436e-02 1.261684e-02 1.270401e-02 1.323041e-02 1.366819e-02 1.378371e-02 1.767983e-02 0.000000e+00 0.000000e+00 0.000000e+00 0.000000e+00 2.068972e-02 1.434846e-02 1.383828e-02 1.333444e-02 1.321586e-02 1.310774e-02 1.304095e-02 8.694077e-03 8.677335e-03 8.661188e-03 8.669081e-03 8.729527e-03 8.838781e-03 8.989974e-03 9.097448e-03 9.154818e-03 9.197530e-03 1.289774e-02 1.301171e-02 1.295913e-02 1.290408e-02 1.283539e-02
1.300855e-02 1.294537e-02 1.277694e-02 1.266374e-02 1.272061e-02 1.280637e-02 1.270347e-02 1.273779e-02 1.275360e-02 1.268362e-02 1.270119e-02 1.258357e-02 2.122150e-02 1.263703e-02 1.256763e-02 1.240241e-02 1.228818e-02 1.236381e-02 1.225846e-02 1.237350e-02 1.238768e-02 1.237833e-02 1.258139e-02 1.327372e-02 1.340656e-02 0.000000e+00 0.000000e+00 1.211821e-02 1.363433e-02 0.000000e+00 0.000000e+00 0.000000e+00 1.363618e-02 1.347738e-02 1.309661e-02 1.315897e-02 1.312696e-02 8.681196e-03 8.634497e-03 8.626491e-03 8.636499e-03 8.676483e-03 8.755811e-03 8.879292e-03 8.982169e-03 9.057904e-03 9.126480e-03 1.297609e-02 1.303919e-02 1.296527e-02 1.282243e-02 1.275169e-02
