tests/data/reference/test_implicit_stream_rill_mfda/mwlevel_m.asc
ncols	123
nrows	77
xllcorner	-713746.79929998
yllcorner	-1061022.36961616
cellsize	10.0
NODATA_value	-9999
[rows 46 to 68 of 77, columns 0 to 51 of 123]
-9.999000e+03 -9.999000e+03 -9.999000e+03 -9.999000e+03 -9.999000e+03 -9.999000e+03 7.181427e-03 1.769565e-02 1.313028e-02 1.315266e-02 1.052001e-02 1.241770e-02 1.306042e-02 1.317889e-02 1.326330e-02 1.333172e-02 1.324082e-02 1.309408e-02 1.287901e-02 1.265975e-02 1.267634e-02 1.189614e-02 1.195187e-02 1.205066e-02 1.275456e-02 1.283977e-02 1.298832e-02 1.317938e-02 1.315907e-02 1.307743e-02 1.307999e-02 3.087432e-02 3.149712e-02 1.311986e-02 1.307183e-02 1.302524e-02 1.295327e-02 1.289674e-02 1.289414e-02 1.290480e-02 1.296115e-02 1.305796e-02 1.313686e-02 1.317308e-02 1.324887e-02 1.335704e-02 1.339107e-02 1.340236e-02 1.347397e-02 1.359067e-02 1.356281e-02 1.337000e-02
-9.999000e+03 -9.999000e+03 -9.999000e+03 -9.999000e+03 -9.999000e+03 -9.999000e+03 2.516482e-02 1.425834e-02 1.243611e-02 1.233592e-02 1.032802e-02 1.273695e-02 1.281692e-02 1.291708e-02 1.305978e-02 1.314157e-02 1.328168e-02 1.327765e-02 1.306944e-02 1.282122e-02 9.888499e-03 9.793265e-03 9.745630e-03 9.749617e-03 1.195259e-02 1.261753e-02 1.293765e-02 2.675104e-02 2.805165e-02 2.870916e-02 2.965609e-02 1.324015e-02 1.316365e-02 1.307674e-02 1.301050e-02 1.295595e-02 1.288740e-02 1.282827e-02 1.283924e-02 1.285735e-02 1.287403e-02 1.291047e-02 1.295923e-02 1.300716e-02 1.309217e-02 1.322031e-02 1.331038e-02 1.334428e-02 1.336844e-02 1.345591e-02 1.353120e-02 1.349062e-02
-9.999000e+03 -9.999000e+03 -9.999000e+03 -9.999000e+03 -9.999000e+03 7.804129e-03 1.419143e-02 1.598945e-02 1.042890e-02 1.038698e-02 1.212927e-02 1.253813e-02 1.261245e-02 1.286079e-02 1.269928e-02 1.296331e-02 1.317771e-02 1.329855e-02 1.313240e-02 1.290340e-02 1.583460e-02 1.807930e-02 1.994090e-02 2.216334e-02 2.319968e-02 2.432388e-02 2.561762e-02 1.332063e-02 1.332616e-02 1.324290e-02 1.323002e-02 1.325101e-02 1.316784e-02 1.306271e-02 1.298397e-02 1.292900e-02 1.286030e-02 1.278337e-02 1.279303e-02 1.283070e-02 1.284561e-02 1.285127e-02 1.285760e-02 1.287456e-02 1.293393e-02 1.304613e-02 1.317572e-02 1.327431e-02 1.329176e-02 1.332267e-02 1.343145e-02 1.348616e-02
-9.999000e+03 -9.999000e+03 -9.999000e+03 -9.999000e+03 1.085153e-02 1.449269e-02 1.292215e-02 1.488221e-02 1.055871e-02 1.065028e-02 1.227095e-02 1.269074e-02 1.327563e-02 1.209412e-02 1.268207e-02 1.290232e-02 1.308974e-02 1.323385e-02 1.306894e-02 1.285717e-02 1.285058e-02 1.291969e-02 1.304487e-02 1.296569e-02 1.315412e-02 1.327867e-02 1.330490e-02 1.334825e-02 1.340451e-02 1.338979e-02 1.335972e-02 1.337722e-02 1.335898e-02 1.329876e-02 1.322066e-02 1.314276e-02 1.303702e-02 1.289338e-02 1.282791e-02 1.283420e-02 1.286905e-02 1.288583e-02 1.285536e-02 1.282261e-02 1.283153e-02 1.289203e-02 1.301361e-02 1.315878e-02 1.321088e-02 1.321480e-02 1.326062e-02 1.338641e-02
-9.999000e+03 -9.999000e+03 -9.999000e+03 -9.999000e+03 7.680620e-03 1.320694e-02 1.221432e-02 1.251456e-02 1.242030e-02 1.081784e-02 1.278966e-02 1.610797e-02 1.044862e-02 1.209684e-02 1.260742e-02 1.282071e-02 1.300983e-02 1.318006e-02 1.303952e-02 1.281689e-02 1.275751e-02 1.310085e-02 1.264525e-02 1.285467e-02 1.301559e-02 1.317370e-02 1.322631e-02 1.326311e-02 1.335067e-02 1.340228e-02 1.337379e-02 1.336262e-02 1.337078e-02 1.336888e-02 1.333786e-02 1.327989e-02 1.319151e-02 1.304630e-02 1.291413e-02 1.285840e-02 1.290833e-02 1.295835e-02 1.290873e-02 1.283754e-02 1.279919e-02 1.280313e-02 1.289076e-02 1.303794e-02 1.311614e-02 1.291971e-02 1.300765e-02 1.314627e-02
-9.999000e+03 -9.999000e+03 -9.999000e+03 7.642441e-03 1.492341e-02 1.428947e-02 1.071443e-02 1.228865e-02 1.093224e-02 1.261308e-02 1.476538e-02 1.278530e-02 1.058892e-02 1.205908e-02 1.247636e-02 1.271297e-02 1.289544e-02 1.307010e-02 1.299183e-02 1.273567e-02 1.354542e-02 1.170018e-02 1.232891e-02 1.251281e-02 1.265558e-02 1.282712e-02 1.292190e-02 1.296985e-02 1.306126e-02 1.314405e-02 1.313418e-02 1.310435e-02 1.309903e-02 1.312958e-02 1.317989e-02 1.321371e-02 1.322640e-02 1.317397e-02 1.302725e-02 1.290938e-02 1.296527e-02 1.306620e-02 1.304037e-02 1.296318e-02 1.288149e-02 1.281735e-02 1.283865e-02 1.293908e-02 1.245858e-02 1.246546e-02 1.251325e-02 1.262278e-02
-9.999000e+03 -9.999000e+03 -9.999000e+03 8.168682e-03 1.476281e-02 1.219036e-02 1.102851e-02 1.124307e-02 1.239922e-02 1.243390e-02 1.376179e-02 1.264295e-02 1.078910e-02 1.197584e-02 1.235886e-02 1.262293e-02 1.276070e-02 1.292449e-02 1.296145e-02 1.645301e-02 9.864786e-03 1.155503e-02 1.203056e-02 1.217652e-02 1.230110e-02 1.248914e-02 1.262408e-02 1.270344e-02 1.281476e-02 1.292633e-02 1.294811e-02 1.291844e-02 1.288611e-02 1.290249e-02 1.298353e-02 1.306274e-02 1.315192e-02 1.320566e-02 1.309637e-02 1.293260e-02 1.296498e-02 1.309794e-02 1.313005e-02 1.309126e-02 1.300292e-02 1.290599e-02 1.287639e-02 1.137598e-02 1.141430e-02 1.143690e-02 1.146234e-02 2.233714e-02
-9.999000e+03 -9.999000e+03 9.606465e-03 1.009781e-02 1.238902e-02 1.213185e-02 1.146940e-02 1.162365e-02 1.149973e-02 1.169648e-02 1.340657e-02 1.273541e-02 1.110136e-02 1.197342e-02 1.232423e-02 1.249773e-02 1.250800e-02 1.260781e-02 1.509374e-02 1.286038e-02 1.022042e-02 1.163353e-02 1.187913e-02 1.195968e-02 1.205123e-02 1.217007e-02 1.233906e-02 1.249675e-02 1.264824e-02 1.280923e-02 1.289463e-02 1.289255e-02 1.281442e-02 1.277629e-02 1.280117e-02 1.285729e-02 1.294779e-02 1.305743e-02 1.303319e-02 1.290273e-02 1.289908e-02 1.300828e-02 1.309474e-02 1.313526e-02 1.310338e-02 1.303602e-02 9.062934e-03 9.007433e-03 8.999051e-03 9.032948e-03 2.346500e-02 1.313381e-02
-9.999000e+03 -9.999000e+03 4.093524e-02 1.288442e-02 1.105012e-02 1.143963e-02 1.177660e-02 1.145820e-02 1.297765e-02 1.398944e-02 1.163241e-02 1.272880e-02 1.138538e-02 1.211497e-02 1.217887e-02 1.223365e-02 1.211412e-02 1.210044e-02 1.239431e-02 1.389152e-02 1.068942e-02 1.156732e-02 1.159615e-02 1.185483e-02 1.182355e-02 1.186766e-02 1.209518e-02 1.227749e-02 1.244972e-02 1.263013e-02 1.276159e-02 1.280839e-02 1.278598e-02 1.267633e-02 1.269250e-02 1.273200e-02 1.281276e-02 1.291641e-02 1.292533e-02 1.286596e-02 1.287377e-02 1.295286e-02 1.303586e-02 1.310474e-02 1.308775e-02 1.304065e-02 1.301131e-02 1.299600e-02 2.234770e-02 2.483234e-02 1.316141e-02 1.314454e-02
-9.999000e+03 1.019098e-02 4.245359e-02 1.386182e-02 1.117046e-02 1.203904e-02 1.136409e-02 1.137140e-02 -9.999000e+03 -9.999000e+03 -9.999000e+03 1.165449e-02 1.151564e-02 1.105361e-02 1.085798e-02 1.084700e-02 1.075664e-02 1.060213e-02 1.076262e-02 1.134149e-02 1.147978e-02 1.097406e-02 1.170842e-02 1.172356e-02 1.172423e-02 1.192791e-02 1.199658e-02 1.207966e-02 1.220287e-02 1.233468e-02 1.244743e-02 1.277150e-02 1.267566e-02 1.264259e-02 1.265820e-02 1.271553e-02 1.280250e-02 1.287882e-02 1.283623e-02 1.279205e-02 1.288236e-02 1.296525e-02 1.302284e-02 1.303199e-02 1.299868e-02 1.298782e-02 1.685031e-02 1.975174e-02 1.311156e-02 1.318285e-02 1.314230e-02 1.309936e-02
-9.999000e+03 1.408601e-02 1.453090e-02 1.118127e-02 1.153841e-02 1.149433e-02 -9.999000e+03 -9.999000e+03 -9.999000e+03 -9.999000e+03 -9.999000e+03 -9.999000e+03 1.140147e-02 1.114381e-02 1.258205e-02 1.292578e-02 1.084748e-02 1.243961e-02 1.315257e-02 1.389371e-02 1.168405e-02 1.164064e-02 1.126388e-02 1.085544e-02 1.194719e-02 1.189542e-02 1.175100e-02 1.167697e-02 1.169722e-02 1.171238e-02 1.252917e-02 1.243282e-02 1.260242e-02 1.251474e-02 1.256532e-02 1.263918e-02 1.273010e-02 1.280376e-02 1.271824e-02 1.272103e-02 1.280196e-02 1.293416e-02 1.288464e-02 1.289071e-02 1.298544e-02 1.287402e-02 1.289947e-02 1.300642e-02 1.303182e-02 1.310562e-02 1.302905e-02 1.299691e-02
7.594770e-03 2.106794e-02 1.230246e-02 1.151488e-02 1.211110e-02 1.114687e-02 -9.999000e+03 -9.999000e+03 -9.999000e+03 -9.999000e+03 -9.999000e+03 -9.999000e+03 -9.999000e+03 -9.999000e+03 -9.999000e+03 1.079962e-02 1.272070e-02 1.066489e-02 1.079706e-02 1.100147e-02 1.386261e-02 -9.999000e+03 -9.999000e+03 1.126494e-02 1.084544e-02 1.060608e-02 1.035745e-02 1.012156e-02 1.000607e-02 1.261456e-02 1.179332e-02 1.242070e-02 1.226790e-02 1.223694e-02 1.232242e-02 1.239649e-02 1.244317e-02 1.251034e-02 1.272593e-02 1.254209e-02 1.264649e-02 1.249517e-02 1.252087e-02 1.298501e-02 1.277804e-02 1.267668e-02 1.280935e-02 1.269397e-02 1.275932e-02 1.282695e-02 1.286867e-02 1.270001e-02
8.864452e-03 1.159156e-02 1.168874e-02 1.169438e-02 1.111284e-02 -9.999000e+03 -9.999000e+03 -9.999000e+03 -9.999000e+03 -9.999000e+03 -9.999000e+03 -9.999000e+03 -9.999000e+03 -9.999000e+03 -9.999000e+03 -9.999000e+03 -9.999000e+03 -9.999000e+03 -9.999000e+03 -9.999000e+03 -9.999000e+03 -9.999000e+03 -9.999000e+03 1.137042e-02 1.094672e-02 1.079326e-02 1.232493e-02 1.261140e-02 1.289353e-02 1.033511e-02 1.258809e-02 1.183673e-02 1.177531e-02 1.170279e-02 1.175293e-02 1.175246e-02 1.171170e-02 1.270461e-02 1.239003e-02 1.227242e-02 1.151264e-02 1.156954e-02 1.290512e-02 1.252153e-02 1.247082e-02 1.282646e-02 1.231796e-02 1.229103e-02 1.231978e-02 1.287157e-02 1.258611e-02 1.254512e-02
-9.999000e+03 1.103008e-02 1.114456e-02 1.080117e-02 -9.999000e+03 -9.999000e+03 -9.999000e+03 -9.999000e+03 -9.999000e+03 -9.999000e+03 -9.999000e+03 -9.999000e+03 -9.999000e+03 -9.999000e+03 -9.999000e+03 -9.999000e+03 -9.999000e+03 -9.999000e+03 -9.999000e+03 -9.999000e+03 -9.999000e+03 -9.999000e+03 -9.999000e+03 -9.999000e+03 -9.999000e+03 -9.999000e+03 1.060251e-02 1.042004e-02 1.242883e-02 1.327533e-02 1.073700e-02 1.056755e-02 1.029352e-02 9.968004e-03 9.823169e-03 9.788474e-03 1.267298e-02 1.173426e-02 1.169526e-02 9.334227e-03 9.238111e-03 1.272242e-02 1.158552e-02 1.162545e-02 1.295773e-02 1.159048e-02 1.155510e-02 1.151135e-02 1.284643e-02 1.242647e-02 1.273772e-02 1.117131e-02
-9.999000e+03 -9.999000e+03 -9.999000e+03 -9.999000e+03 -9.999000e+03 -9.999000e+03 -9.999000e+03 -9.999000e+03 -9.999000e+03 -9.999000e+03 -9.999000e+03 -9.999000e+03 -9.999000e+03 -9.999000e+03 -9.999000e+03 -9.999000e+03 -9.999000e+03 -9.999000e+03 -9.999000e+03 -9.999000e+03 -9.999000e+03 -9.999000e+03 -9.999000e+03 -9.999000e+03 -9.999000e+03 -9.999000e+03 -9.999000e+03 -9.999000e+03 1.052106e-02 1.282443e-02 1.092855e-02 1.076669e-02 1.044118e-02 1.193617e-02 1.261697e-02 1.307405e-02 9.955728e-03 9.777584e-03 9.612853e-03 1.169219e-02 1.249500e-02 9.322534e-03 9.294358e-03 1.285847e-02 9.272082e-03 9.268299e-03 9.282214e-03 1.303955e-02 1.158915e-02 1.283975e-02 9.130818e-03 8.886044e-03
-9.999000e+03 -9.999000e+03 -9.999000e+03 -9.999000e+03 -9.999000e+03 -9.999000e+03 -9.999000e+03 -9.999000e+03 -9.999000e+03 -9.999000e+03 -9.999000e+03 -9.999000e+03 -9.999000e+03 -9.999000e+03 -9.999000e+03 -9.999000e+03 -9.999000e+03 -9.999000e+03 -9.999000e+03 -9.999000e+03 -9.999000e+03 -9.999000e+03 -9.999000e+03 -9.999000e+03 -9.999000e+03 -9.999000e+03 -9.999000e+03 -9.999000e+03 -9.999000e+03 1.083317e-02 1.303680e-02 1.223384e-02 1.199003e-02 9.963356e-03 9.898573e-03 1.006197e-02 1.005148e-02 9.843205e-03 1.185867e-02 1.254525e-02 1.283253e-02 1.298177e-02 1.296216e-02 9.317537e-03 1.165645e-02 1.260245e-02 1.301825e-02 9.426494e-03 1.295560e-02 9.271021e-03 1.149162e-02 1.225463e-02
-9.999000e+03 -9.999000e+03 -9.999000e+03 -9.999000e+03 -9.999000e+03 -9.999000e+03 -9.999000e+03 -9.999000e+03 -9.999000e+03 -9.999000e+03 -9.999000e+03 -9.999000e+03 -9.999000e+03 -9.999000e+03 -9.999000e+03 -9.999000e+03 -9.999000e+03 -9.999000e+03 -9.999000e+03 -9.999000e+03 -9.999000e+03 -9.999000e+03 -9.999000e+03 -9.999000e+03 -9.999000e+03 -9.999000e+03 -9.999000e+03 -9.999000e+03 -9.999000e+03 -9.999000e+03 1.219738e-02 -9.999000e+03 -9.999000e+03 -9.999000e+03 -9.999000e+03 -9.999000e+03 -9.999000e+03 -9.999000e+03 9.697347e-03 1.188933e-02 1.269884e-02 1.302281e-02 1.297160e-02 1.282875e-02 1.288755e-02 1.301084e-02 1.317446e-02 1.336342e-02 9.497744e-03 1.152074e-02 1.233621e-02 1.271204e-02
-9.999000e+03 -9.999000e+03 -9.999000e+03 -9.999000e+03 -9.999000e+03 -9.999000e+03 -9.999000e+03 -9.999000e+03 -9.999000e+03 -9.999000e+03 -9.999000e+03 -9.999000e+03 -9.999000e+03 -9.999000e+03 -9.999000e+03 -9.999000e+03 -9.999000e+03 -9.999000e+03 -9.999000e+03 -9.999000e+03 -9.999000e+03 -9.999000e+03 -9.999000e+03 -9.999000e+03 -9.999000e+03 -9.999000e+03 -9.999000e+03 -9.999000e+03 -9.999000e+03 -9.999000e+03 -9.999000e+03 -9.999000e+03 -9.999000e+03 -9.999000e+03 -9.999000e+03 -9.999000e+03 -9.999000e+03 -9.999000e+03 -9.999000e+03 -9.999000e+03 -9.999000e+03 9.683360e-03 9.617127e-03 9.439485e-03 1.168734e-02 1.262758e-02 1.307624e-02 1.336261e-02 1.307847e-02 1.265318e-02 1.275579e-02 1.302205e-02
-9.999000e+03 -9.999000e+03 -9.999000e+03 -9.999000e+03 -9.999000e+03 -9.999000e+03 -9.999000e+03 -9.999000e+03 -9.999000e+03 -9.999000e+03 -9.999000e+03 -9.999000e+03 -9.999000e+03 -9.999000e+03 -9.999000e+03 -9.999000e+03 -9.999000e+03 -9.999000e+03 -9.999000e+03 -9.999000e+03 -9.999000e+03 -9.999000e+03 -9.999000e+03 -9.999000e+03 -9.999000e+03 -9.999000e+03 -9.999000e+03 -9.999000e+03 -9.999000e+03 -9.999000e+03 -9.999000e+03 -9.999000e+03 -9.999000e+03 -9.999000e+03 -9.999000e+03 -9.999000e+03 -9.999000e+03 -9.999000e+03 -9.999000e+03 -9.999000e+03 -9.999000e+03 -9.999000e+03 -9.999000e+03 -9.999000e+03 9.319057e-03 9.362012e-03 1.185473e-02 1.288398e-02 9.491340e-03 1.147353e-02 1.244714e-02 1.311926e-02
-9.999000e+03 -9.999000e+03 -9.999000e+03 -9.999000e+03 -9.999000e+03 -9.999000e+03 -9.999000e+03 -9.999000e+03 -9.999000e+03 -9.999000e+03 -9.999000e+03 -9.999000e+03 -9.999000e+03 -9.999000e+03 -9.999000e+03 -9.999000e+03 -9.999000e+03 -9.999000e+03 -9.999000e+03 -9.999000e+03 -9.999000e+03 -9.999000e+03 -9.999000e+03 -9.999000e+03 -9.999000e+03 -9.999000e+03 -9.999000e+03 -9.999000e+03 -9.999000e+03 -9.999000e+03 -9.999000e+03 -9.999000e+03 -9.999000e+03 -9.999000e+03 -9.999000e+03 -9.999000e+03 -9.999000e+03 -9.999000e+03 -9.999000e+03 -9.999000e+03 -9.999000e+03 -9.999000e+03 -9.999000e+03 -9.999000e+03 -9.999000e+03 -9.999000e+03 -9.999000e+03 -9.999000e+03 -9.999000e+03 -9.999000e+03 9.211982e-03 1.199583e-02
-9.999000e+03 -9.999000e+03 -9.999000e+03 -9.999000e+03 -9.999000e+03 -9.999000e+03 -9.999000e+03 -9.999000e+03 -9.999000e+03 -9.999000e+03 -9.999000e+03 -9.999000e+03 -9.999000e+03 -9.999000e+03 -9.999000e+03 -9.999000e+03 -9.999000e+03 -9.999000e+03 -9.999000e+03 -9.999000e+03 -9.999000e+03 -9.999000e+03 -9.999000e+03 -9.999000e+03 -9.999000e+03 -9.999000e+03 -9.999000e+03 -9.999000e+03 -9.999000e+03 -9.999000e+03 -9.999000e+03 -9.999000e+03 -9.999000e+03 -9.999000e+03 -9.999000e+03 -9.999000e+03 -9.999000e+03 -9.999000e+03 -9.999000e+03 -9.999000e+03 -9.999000e+03 -9.999000e+03 -9.999000e+03 -9.999000e+03 -9.999000e+03 -9.999000e+03 -9.999000e+03 -9.999000e+03 -9.999000e+03 -9.999000e+03 -9.999000e+03 9.587182e-03
-9.999000e+03 -9.999000e+03 -9.999000e+03 -9.999000e+03 -9.999000e+03 -9.999000e+03 -9.999000e+03 -9.999000e+03 -9.999000e+03 -9.999000e+03 -9.999000e+03 -9.999000e+03 -9.999000e+03 -9.999000e+03 -9.999000e+03 -9.999000e+03 -9.999000e+03 -9.999000e+03 -9.999000e+03 -9.999000e+03 -9.999000e+03 -9.999000e+03 -9.999000e+03 -9.999000e+03 -9.999000e+03 -9.999000e+03 -9.999000e+03 -9.999000e+03 -9.999000e+03 -9.999000e+03 -9.999000e+03 -9.999000e+03 -9.999000e+03 -9.999000e+03 -9.999000e+03 -9.999000e+03 -9.999000e+03 -9.999000e+03 -9.999000e+03 -9.999000e+03 -9.999000e+03 -9.999000e+03 -9.999000e+03 -9.999000e+03 -9.999000e+03 -9.999000e+03 -9.999000e+03 -9.999000e+03 -9.999000e+03 -9.999000e+03 -9.999000e+03 -9.999000e+03
-9.999000e+03 -9.999000e+03 -9.999000e+03 -9.999000e+03 -9.999000e+03 -9.999000e+03 -9.999000e+03 -9.999000e+03 -9.999000e+03 -9.999000e+03 -9.999000e+03 -9.999000e+03 -9.999000e+03 -9.999000e+03 -9.999000e+03 -9.999000e+03 -9.999000e+03 -9.999000e+03 -9.999000e+03 -9.999000e+03 -9.999000e+03 -9.999000e+03 -9.999000e+03 -9.999000e+03 -9.999000e+03 -9.999000e+03 -9.999000e+03 -9.999000e+03 -9.999000e+03 -9.999000e+03 -9.999000e+03 -9.999000e+03 -9.999000e+03 -9.999000e+03 -9.999000e+03 -9.999000e+03 -9.999000e+03 -9.999000e+03 -9.999000e+03 -9.999000e+03 -9.999000e+03 -9.999000e+03 -9.999000e+03 -9.999000e+03 -9.999000e+03 -9.999000e+03 -9.999000e+03 -9.999000e+03 -9.999000e+03 -9.999000e+03 -9.999000e+03 -9.999000e+03
