tests/data/reference/test_implicit_stream_rill_mfda/mwlevel_m.asc
ncols	123
nrows	77
xllcorner	-713746.79929998
yllcorner	-1061022.36961616
cellsize	10.0
NODATA_value	-9999
[rows 46 to 68 of 77, columns 52 to 103 of 123]
1.326566e-02 1.318422e-02 1.290742e-02 1.266232e-02 1.270172e-02 1.240813e-02 1.239900e-02 1.239089e-02 1.244904e-02 1.292409e-02 1.271434e-02 2.307488e-02 1.277335e-02 1.266073e-02 1.226155e-02 1.220425e-02 1.254778e-02 1.188723e-02 1.192480e-02 1.201405e-02 1.196231e-02 1.187646e-02 1.199423e-02 1.228184e-02 1.317231e-02 0.000000e+00 9.565398e-03 9.053944e-03 1.184471e-02 1.295925e-02 1.363775e-02 0.000000e+00 0.000000e+00 0.000000e+00 1.383010e-02 1.333619e-02 1.326463e-02 8.715371e-03 8.628880e-03 8.614039e-03 8.626507e-03 8.662117e-03 8.717486e-03 8.803812e-03 8.881818e-03 8.950452e-03 9.022282e-03 1.291174e-02 1.296170e-02 1.294592e-02 1.285271e-02 1.281744e-02
1.347141e-02 1.347846e-02 1.320691e-02 1.286278e-02 1.160461e-02 1.166471e-02 1.162829e-02 1.156071e-02 1.282716e-02 1.246893e-02 2.490935e-02 1.280956e-02 1.241356e-02 1.152056e-02 1.151082e-02 1.292962e-02 1.136823e-02 1.115519e-02 1.110489e-02 1.111582e-02 1.101700e-02 1.088271e-02 1.087266e-02 1.273525e-02 8.536861e-03 0.000000e+00 9.841383e-03 9.946732e-03 1.206230e-02 1.288114e-02 1.338975e-02 1.375933e-02 1.492202e-02 0.000000e+00 0.000000e+00 1.365004e-02 1.345743e-02 8.810598e-03 8.666889e-03 8.623357e-03 8.635716e-03 8.681772e-03 8.720535e-03 8.766031e-03 8.803201e-03 8.842329e-03 8.898221e-03 1.281937e-02 1.285009e-02 1.289616e-02 1.291453e-02 1.293623e-02
1.353644e-02 1.361465e-02 1.343337e-02 9.486239e-03 9.413945e-03 9.425541e-03 9.409981e-03 1.290761e-02 1.160582e-02 2.640047e-02 1.286897e-02 1.151503e-02 9.132729e-03 9.174317e-03 1.295050e-02 9.219075e-03 9.143986e-03 8.976540e-03 8.884152e-03 8.861145e-03 8.782376e-03 8.650076e-03 1.253058e-02 1.087012e-02 1.213833e-02 0.000000e+00 1.045510e-02 1.455897e-02 1.417811e-02 1.364878e-02 1.359606e-02 1.379531e-02 1.430556e-02 1.020124e-02 0.000000e+00 1.426097e-02 1.349482e-02 8.925418e-03 8.735517e-03 8.647187e-03 8.642685e-03 8.694797e-03 8.723488e-03 8.740110e-03 8.743978e-03 8.756513e-03 8.799603e-03 1.280883e-02 1.280376e-02 1.285251e-02 1.293557e-02 1.301360e-02
1.345225e-02 1.354683e-02 9.593695e-03 1.180280e-02 1.261937e-02 1.296053e-02 1.306413e-02 9.473465e-03 2.820921e-02 1.291487e-02 9.276529e-03 9.187462e-03 1.157249e-02 1.260569e-02 9.217067e-03 1.163275e-02 1.249998e-02 1.271807e-02 1.286678e-02 1.300656e-02 1.299913e-02 1.292254e-02 8.692530e-03 8.500614e-03 1.482123e-02 0.000000e+00 1.208727e-02 1.237228e-02 1.330793e-02 1.331865e-02 1.345518e-02 1.371057e-02 1.413651e-02 1.432797e-02 0.000000e+00 0.000000e+00 1.340238e-02 9.042167e-03 8.831099e-03 8.698256e-03 8.659774e-03 8.695969e-03 8.715718e-03 8.717976e-03 8.697677e-03 8.687500e-03 8.722573e-03 1.283645e-02 1.278963e-02 1.281988e-02 1.294412e-02 1.307426e-02
1.320930e-02 2.125181e-02 2.029474e-02 1.903674e-02 1.768829e-02 1.628983e-02 1.491667e-02 2.998818e-02 1.311669e-02 9.369720e-03 1.163987e-02 1.250056e-02 1.285956e-02 1.304734e-02 1.307990e-02 1.305328e-02 1.297958e-02 1.288894e-02 1.293480e-02 1.303589e-02 1.307623e-02 1.308531e-02 1.292531e-02 1.271005e-02 1.254319e-02 0.000000e+00 1.040821e-02 8.488991e-03 1.124694e-02 1.246583e-02 1.311209e-02 1.351417e-02 1.397321e-02 2.017731e-02 1.406243e-02 0.000000e+00 1.388939e-02 9.121528e-03 8.910801e-03 8.757815e-03 8.694690e-03 8.705475e-03 8.710388e-03 8.708963e-03 1.119775e-02 1.115669e-02 8.657974e-03 1.287052e-02 1.284073e-02 1.285356e-02 1.292810e-02 1.302051e-02
2.156248e-02 1.329427e-02 1.767649e-02 1.825324e-02 2.154973e-02 2.623580e-02 2.815570e-02 1.324713e-02 1.316031e-02 1.293111e-02 1.294598e-02 1.303951e-02 1.306405e-02 1.307244e-02 1.304530e-02 1.300209e-02 1.660071e-02 1.487886e-02 1.362533e-02 1.321806e-02 1.320556e-02 1.332164e-02 1.315012e-02 1.284663e-02 1.260121e-02 0.000000e+00 8.532415e-03 1.094361e-02 1.205836e-02 1.280659e-02 1.321958e-02 1.354402e-02 1.393939e-02 1.442485e-02 1.982368e-02 0.000000e+00 0.000000e+00 9.560134e-03 8.956317e-03 8.805544e-03 8.733325e-03 8.722956e-03 8.707987e-03 8.706552e-03 1.234640e-02 1.229958e-02 8.610421e-03 1.289283e-02 1.290856e-02 1.291453e-02 1.290084e-02 1.291398e-02
1.315332e-02 1.316626e-02 9.230928e-03 1.349346e-02 1.565692e-02 1.317931e-02 1.314251e-02 1.320399e-02 1.312929e-02 1.288930e-02 1.296537e-02 1.316541e-02 1.317865e-02 1.311303e-02 1.305463e-02 1.300367e-02 9.097050e-03 1.131283e-02 1.225258e-02 1.269020e-02 1.307357e-02 1.349187e-02 1.334362e-02 1.293622e-02 8.796745e-03 0.000000e+00 1.128813e-02 1.250390e-02 1.285377e-02 1.290625e-02 1.322509e-02 1.357322e-02 1.390370e-02 1.420302e-02 1.432452e-02 1.922401e-02 0.000000e+00 1.200251e-02 8.956171e-03 8.848629e-03 8.794551e-03 8.781781e-03 8.744414e-03 1.123626e-02 1.281522e-02 1.278926e-02 1.111174e-02 1.292970e-02 1.292744e-02 1.293410e-02 1.291681e-02 1.287961e-02
1.313280e-02 1.312275e-02 1.324141e-02 1.687030e-02 1.347216e-02 1.321137e-02 1.314767e-02 1.317942e-02 1.307627e-02 1.661497e-02 1.515926e-02 1.430373e-02 1.348229e-02 1.328740e-02 1.314831e-02 1.303925e-02 1.288169e-02 1.272401e-02 1.272823e-02 1.279008e-02 1.310739e-02 1.359564e-02 1.785724e-02 1.742008e-02 1.557715e-02 0.000000e+00 1.221123e-02 1.283875e-02 1.295705e-02 1.289616e-02 1.302123e-02 1.350691e-02 1.378340e-02 1.390360e-02 1.405597e-02 2.214759e-02 0.000000e+00 0.000000e+00 9.220465e-03 8.871299e-03 8.874339e-03 8.886844e-03 1.137115e-02 1.239985e-02 1.298209e-02 1.295891e-02 1.225670e-02 1.298169e-02 1.293108e-02 1.292941e-02 1.294980e-02 1.288834e-02
1.314477e-02 1.312390e-02 1.753435e-02 1.360781e-02 1.350808e-02 1.325283e-02 1.320005e-02 1.320228e-02 1.309341e-02 1.291549e-02 1.294153e-02 1.314975e-02 1.328008e-02 1.334751e-02 1.322809e-02 1.304929e-02 1.289989e-02 1.277115e-02 1.275989e-02 1.279161e-02 1.310790e-02 1.363081e-02 9.208396e-03 8.931786e-03 1.113802e-02 0.000000e+00 1.164479e-02 1.263349e-02 1.288978e-02 1.271294e-02 1.291132e-02 1.352026e-02 1.368276e-02 1.363054e-02 1.950302e-02 2.482261e-02 9.642238e-03 0.000000e+00 9.088440e-03 9.131953e-03 8.848868e-03 8.867523e-03 1.239800e-02 1.280077e-02 1.299640e-02 1.299693e-02 1.275448e-02 1.304139e-02 1.299015e-02 1.295521e-02 1.295457e-02 1.292676e-02
1.315286e-02 1.315431e-02 1.330052e-02 1.353160e-02 1.342898e-02 1.330859e-02 1.323757e-02 1.321586e-02 1.316232e-02 9.076846e-03 1.727176e-02 2.034169e-02 1.923497e-02 2.588232e-02 2.809756e-02 2.642380e-02 2.474533e-02 2.305946e-02 2.150531e-02 2.005981e-02 1.938032e-02 1.958756e-02 1.838968e-02 1.604080e-02 0.000000e+00 0.000000e+00 8.476658e-03 1.085964e-02 1.198668e-02 1.253319e-02 1.289578e-02 1.317947e-02 1.322958e-02 1.336799e-02 1.379694e-02 1.910422e-02 2.409749e-02 0.000000e+00 8.954870e-03 9.013582e-03 8.731472e-03 1.115748e-02 1.263518e-02 1.282980e-02 1.293945e-02 1.298598e-02 1.295274e-02 1.309708e-02 1.307416e-02 1.300485e-02 1.294995e-02 1.296730e-02
1.308742e-02 1.319699e-02 1.320632e-02 1.318553e-02 1.339407e-02 1.330277e-02 1.320340e-02 1.315357e-02 1.314563e-02 1.702908e-02 1.302184e-02 1.297770e-02 1.715983e-02 1.339381e-02 1.336455e-02 1.729877e-02 1.562179e-02 1.420566e-02 1.314168e-02 1.296740e-02 1.309647e-02 1.339168e-02 1.318002e-02 1.275154e-02 0.000000e+00 9.492976e-03 9.187367e-03 1.114423e-02 1.217597e-02 1.271923e-02 1.296600e-02 1.305972e-02 1.308654e-02 1.308753e-02 1.360505e-02 1.977844e-02 3.126428e-02 0.000000e+00 0.000000e+00 8.779340e-03 1.127359e-02 1.207258e-02 1.271843e-02 1.285376e-02 1.294928e-02 1.299883e-02 1.301267e-02 1.310323e-02 1.313439e-02 1.310912e-02 1.306443e-02 1.309114e-02
1.295030e-02 1.301973e-02 1.252529e-02 1.305896e-02 1.316007e-02 1.312120e-02 1.311754e-02 1.301853e-02 1.302882e-02 1.307282e-02 1.301918e-02 1.293702e-02 1.304292e-02 1.324754e-02 1.324981e-02 1.311888e-02 1.706984e-02 2.006501e-02 2.203811e-02 2.085811e-02 2.014584e-02 1.932806e-02 1.814196e-02 1.659508e-02 0.000000e+00 9.499654e-03 9.204883e-03 1.122510e-02 1.229156e-02 1.283366e-02 1.295309e-02 1.288816e-02 1.293187e-02 1.302940e-02 1.345060e-02 1.390220e-02 2.543983e-02 2.893774e-02 0.000000e+00 1.100797e-02 1.212466e-02 1.242146e-02 1.276042e-02 1.289212e-02 1.299567e-02 1.303296e-02 1.302482e-02 1.308061e-02 1.317267e-02 1.323521e-02 1.324208e-02 1.326260e-02
1.232322e-02 1.157864e-02 1.292381e-02 1.288409e-02 1.276612e-02 1.303067e-02 1.299073e-02 1.291054e-02 1.290098e-02 1.295114e-02 1.295101e-02 1.294856e-02 1.297252e-02 1.310608e-02 1.315303e-02 1.307763e-02 1.302212e-02 1.299230e-02 1.298801e-02 1.706544e-02 1.568748e-02 1.460416e-02 1.353592e-02 1.308178e-02 0.000000e+00 9.513410e-03 9.234852e-03 1.130556e-02 1.236727e-02 1.286565e-02 1.733699e-02 1.559037e-02 1.478639e-02 1.592155e-02 1.638638e-02 2.850100e-02 3.104753e-02 5.934991e-02 0.000000e+00 0.000000e+00 1.285691e-02 1.294297e-02 1.288000e-02 1.297760e-02 1.305027e-02 1.308580e-02 1.308618e-02 1.310515e-02 1.316662e-02 1.322558e-02 1.323319e-02 1.324038e-02
8.854746e-03 1.277955e-02 1.315156e-02 1.228701e-02 1.279727e-02 1.280567e-02 1.285272e-02 1.279842e-02 1.273760e-02 1.273403e-02 1.293881e-02 1.291794e-02 1.291694e-02 1.301983e-02 1.307004e-02 1.307090e-02 1.304087e-02 1.298739e-02 1.295939e-02 1.295481e-02 1.707025e-02 1.757171e-02 1.746420e-02 1.710902e-02 0.000000e+00 8.950606e-03 1.110060e-02 1.564669e-02 1.693522e-02 1.773347e-02 1.261903e-02 1.428357e-02 1.402297e-02 1.188216e-02 1.186338e-02 1.233225e-02 1.865839e-02 2.236453e-02 6.619722e-02 0.000000e+00 0.000000e+00 1.335895e-02 1.330367e-02 1.309017e-02 1.311155e-02 1.314191e-02 1.317105e-02 1.316394e-02 1.315407e-02 1.315148e-02 1.312479e-02 1.310555e-02
1.142285e-02 1.339624e-02 1.170838e-02 1.275046e-02 1.229090e-02 1.242473e-02 1.249448e-02 1.249169e-02 1.238224e-02 1.276850e-02 1.269045e-02 1.278181e-02 1.291043e-02 1.285249e-02 1.290658e-02 1.300985e-02 1.299805e-02 1.297232e-02 1.295216e-02 1.288092e-02 8.583479e-03 8.579713e-03 1.262518e-02 8.396157e-03 0.000000e+00 8.489331e-03 1.098647e-02 1.329948e-02 1.327201e-02 1.215132e-02 1.090176e-02 1.076581e-02 1.067746e-02 1.064148e-02 1.056215e-02 1.045223e-02 1.056688e-02 1.245219e-02 1.415977e-02 7.452240e-02 0.000000e+00 0.000000e+00 1.377274e-02 1.328063e-02 1.320450e-02 1.317109e-02 1.317305e-02 1.314696e-02 1.311311e-02 1.312845e-02 1.316922e-02 1.316028e-02
1.288238e-02 9.387575e-03 1.336411e-02 1.154606e-02 1.149156e-02 1.151393e-02 1.156820e-02 1.160713e-02 1.283244e-02 1.222455e-02 1.225765e-02 1.279069e-02 1.264722e-02 1.258570e-02 1.274200e-02 1.277759e-02 1.281265e-02 1.283587e-02 1.273021e-02 8.604215e-03 1.112007e-02 1.233779e-02 8.569208e-03 1.091011e-02 0.000000e+00 1.172130e-02 1.289294e-02 1.333891e-02 1.103686e-02 8.464117e-03 8.426977e-03 8.357627e-03 8.278882e-03 8.203709e-03 8.103611e-03 7.975724e-03 1.143998e-02 1.245868e-02 1.798685e-02 2.155319e-02 8.686657e-02 0.000000e+00 1.455088e-02 1.400113e-02 1.333583e-02 1.319981e-02 1.314184e-02 1.309735e-02 1.305187e-02 1.311282e-02 1.325013e-02 8.768818e-03
1.310343e-02 1.360252e-02 9.585015e-03 9.435230e-03 9.319783e-03 9.247427e-03 9.252380e-03 1.302880e-02 1.157926e-02 1.141319e-02 1.263192e-02 1.229519e-02 1.226085e-02 1.260070e-02 1.247192e-02 1.252109e-02 1.256779e-02 1.221164e-02 8.628150e-03 1.109237e-02 1.226583e-02 1.287609e-02 1.296405e-02 1.281800e-02 0.000000e+00 1.213288e-02 1.304870e-02 8.461286e-03 8.497154e-03 1.103609e-02 1.219679e-02 1.269479e-02 1.283842e-02 1.283839e-02 1.280358e-02 1.225559e-02 7.984461e-03 7.949382e-03 1.073111e-02 1.289858e-02 1.463482e-02 0.000000e+00 0.000000e+00 1.415423e-02 1.339585e-02 1.325238e-02 1.319786e-02 1.319361e-02 1.317009e-02 1.322434e-02 8.829843e-03 1.311878e-02
1.323565e-02 1.347076e-02 1.338930e-02 1.310042e-02 1.297728e-02 1.293318e-02 1.303871e-02 9.442919e-03 9.426277e-03 1.277031e-02 1.151631e-02 1.152608e-02 1.266779e-02 1.220949e-02 1.213940e-02 1.212508e-02 1.120007e-02 8.664329e-03 1.109761e-02 1.221129e-02 1.276097e-02 1.307162e-02 1.307503e-02 1.292871e-02 0.000000e+00 1.215780e-02 1.302447e-02 1.328948e-02 1.329021e-02 1.322799e-02 1.317741e-02 1.315118e-02 1.306441e-02 1.294822e-02 1.285410e-02 1.278310e-02 1.238317e-02 1.197077e-02 1.308756e-02 1.527168e-02 2.431891e-02 3.041294e-02 0.000000e+00 0.000000e+00 1.383048e-02 1.330782e-02 8.733271e-03 1.335860e-02 1.337227e-02 8.850794e-03 1.339910e-02 1.277681e-02
1.330045e-02 1.326585e-02 1.320567e-02 1.311526e-02 1.305830e-02 1.301731e-02 1.308601e-02 1.320909e-02 1.314370e-02 9.455840e-03 9.399941e-03 1.280165e-02 1.157836e-02 1.150184e-02 1.136759e-02 8.914575e-03 8.777405e-03 1.111629e-02 1.217504e-02 1.269392e-02 1.295263e-02 1.310882e-02 1.310959e-02 1.302932e-02 0.000000e+00 1.214613e-02 1.294836e-02 1.315377e-02 1.319832e-02 1.324048e-02 1.324369e-02 1.324296e-02 1.317902e-02 1.308035e-02 1.294694e-02 1.281028e-02 1.279489e-02 1.262051e-02 8.081619e-03 8.109478e-03 1.096627e-02 1.321181e-02 2.965168e-02 0.000000e+00 1.459791e-02 1.382838e-02 8.783756e-03 8.845707e-03 8.874761e-03 8.791303e-03 1.299306e-02 1.217569e-02
1.296338e-02 1.297937e-02 1.299111e-02 1.303227e-02 1.307257e-02 1.311701e-02 1.315510e-02 1.318723e-02 1.316401e-02 1.311407e-02 1.306320e-02 9.531739e-03 9.460259e-03 9.370043e-03 9.202450e-03 1.132076e-02 1.215934e-02 1.251656e-02 1.275230e-02 1.294198e-02 1.305540e-02 1.312989e-02 1.725514e-02 1.761801e-02 0.000000e+00 1.318850e-02 1.331749e-02 1.321407e-02 1.318296e-02 1.325984e-02 1.329757e-02 1.332068e-02 1.328169e-02 1.321072e-02 1.307656e-02 1.290988e-02 1.283214e-02 1.281528e-02 1.282196e-02 1.248707e-02 1.309281e-02 1.404738e-02 1.438034e-02 0.000000e+00 0.000000e+00 1.400915e-02 8.815889e-03 8.819786e-03 8.836948e-03 1.323772e-02 1.282043e-02 1.210896e-02
9.740070e-03 1.179908e-02 1.252997e-02 1.282979e-02 1.301604e-02 1.318941e-02 1.321194e-02 1.315144e-02 1.318711e-02 1.329080e-02 1.320907e-02 1.302618e-02 1.290270e-02 1.282574e-02 1.272548e-02 1.262969e-02 1.263646e-02 1.267515e-02 1.281767e-02 1.299820e-02 1.311335e-02 1.318770e-02 8.665396e-03 0.000000e+00 0.000000e+00 1.046883e-02 1.215871e-02 1.267213e-02 1.292433e-02 1.313962e-02 1.326467e-02 1.335270e-02 1.335614e-02 1.331802e-02 1.322487e-02 1.309520e-02 1.292271e-02 1.276698e-02 1.275367e-02 1.270750e-02 1.268916e-02 1.327427e-02 1.385085e-02 1.435267e-02 0.000000e+00 0.000000e+00 1.190392e-02 8.752587e-03 8.671199e-03 8.562306e-03 8.472665e-03 1.096016e-02
-9.999000e+03 -9.999000e+03 -9.999000e+03 -9.999000e+03 -9.999000e+03 -9.999000e+03 -9.999000e+03 9.484666e-03 9.549578e-03 9.735042e-03 9.819084e-03 9.744006e-03 1.179119e-02 1.237692e-02 1.258157e-02 1.267765e-02 1.270691e-02 1.270455e-02 1.284361e-02 1.304234e-02 1.315770e-02 1.323339e-02 1.305575e-02 0.000000e+00 1.018364e-02 9.447666e-03 1.125530e-02 1.204415e-02 1.253403e-02 1.289063e-02 1.313605e-02 1.332947e-02 1.340491e-02 1.342249e-02 1.337085e-02 1.327537e-02 1.303943e-02 1.276767e-02 1.269267e-02 1.271596e-02 1.265680e-02 1.262116e-02 1.348414e-02 1.400420e-02 1.467834e-02 0.000000e+00 0.000000e+00 9.003009e-03 8.493489e-03 8.423796e-03 8.389741e-03 8.396428e-03
-9.999000e+03 -9.999000e+03 -9.999000e+03 -9.999000e+03 -9.999000e+03 -9.999000e+03 -9.999000e+03 -9.999000e+03 -9.999000e+03 -9.999000e+03 1.201329e-02 1.190158e-02 9.536776e-03 9.269273e-03 1.145450e-02 1.239720e-02 1.269119e-02 1.271246e-02 1.286489e-02 1.308679e-02 1.317739e-02 1.320693e-02 1.300171e-02 0.000000e+00 1.017092e-02 9.486952e-03 1.129403e-02 1.203721e-02 1.247627e-02 1.272558e-02 1.307882e-02 1.330323e-02 1.343279e-02 1.350855e-02 1.347209e-02 1.336984e-02 1.315030e-02 1.289352e-02 1.273951e-02 1.264903e-02 1.270876e-02 1.252877e-02 1.296743e-02 1.360896e-02 1.417998e-02 1.491577e-02 0.000000e+00 0.000000e+00 8.409601e-03 8.319383e-03 -9.999000e+03 -9.999000e+03
