tests/data/reference/test_implicit_stream_rill_mfda/mwlevel_m.asc
ncols	123
nrows	77
xllcorner	-713746.79929998
yllcorner	-1061022.36961616
cellsize	10.0
NODATA_value	-9999
[rows 23 to 45 of 77, columns 0 to 51 of 123]
-9.999000e+03 -9.999000e+03 -9.999000e+03 -9.999000e+03 -9.999000e+03 -9.999000e+03 -9.999000e+03 -9.999000e+03 -9.999000e+03 -9.999000e+03 -9.999000e+03 -9.999000e+03 -9.999000e+03 -9.999000e+03 1.170954e-02 1.422400e-02 1.416092e-02 1.316527e-02 1.148582e-02 1.266504e-02 1.019766e-02 5.754035e-03 1.068324e-02 2.163093e-02 2.521153e-02 1.339552e-02 1.651373e-02 1.341065e-02 1.296492e-02 1.308802e-02 9.244353e-03 1.159950e-02 1.253319e-02 1.305746e-02 2.363639e-02 1.311934e-02 1.353438e-02 9.034208e-03 1.754743e-02 1.306287e-02 1.311572e-02 1.315565e-02 1.317645e-02 1.316807e-02 1.314133e-02 1.311059e-02 1.308597e-02 1.306496e-02 1.305211e-02 1.286844e-02 1.243200e-02 8.760889e-03
-9.999000e+03 -9.999000e+03 -9.999000e+03 -9.999000e+03 -9.999000e+03 -9.999000e+03 -9.999000e+03 -9.999000e+03 -9.999000e+03 -9.999000e+03 -9.999000e+03 -9.999000e+03 -9.999000e+03 -9.999000e+03 1.419345e-02 2.795341e-02 2.075608e-02 1.247588e-02 1.155216e-02 1.086385e-02 5.355139e-03 8.300525e-03 1.010223e-02 1.100160e-02 1.857951e-02 2.476037e-02 1.436457e-02 1.328579e-02 1.349529e-02 9.708447e-03 1.298168e-02 1.160531e-02 1.256754e-02 1.298249e-02 2.603912e-02 1.314640e-02 1.304488e-02 9.000690e-03 1.790514e-02 1.309441e-02 1.312559e-02 1.315248e-02 1.318266e-02 1.318574e-02 1.315881e-02 1.312112e-02 1.308680e-02 1.306239e-02 1.305138e-02 1.298678e-02 8.748567e-03 1.272534e-02
-9.999000e+03 -9.999000e+03 -9.999000e+03 -9.999000e+03 -9.999000e+03 -9.999000e+03 -9.999000e+03 -9.999000e+03 -9.999000e+03 -9.999000e+03 -9.999000e+03 -9.999000e+03 -9.999000e+03 -9.999000e+03 3.065427e-02 1.383257e-02 1.127836e-02 1.128614e-02 1.133698e-02 1.002571e-02 5.996797e-03 1.812098e-02 2.473783e-02 1.248506e-02 1.234724e-02 1.556728e-02 2.579410e-02 1.329232e-02 1.337559e-02 9.646886e-03 1.213096e-02 1.350096e-02 1.312008e-02 1.309005e-02 1.323386e-02 2.817947e-02 9.114467e-03 1.294385e-02 1.150077e-02 2.137150e-02 1.311895e-02 1.311292e-02 1.313417e-02 1.314434e-02 1.312713e-02 1.309263e-02 1.305194e-02 1.301983e-02 1.299833e-02 1.295045e-02 1.118563e-02 8.620183e-03
-9.999000e+03 -9.999000e+03 -9.999000e+03 -9.999000e+03 -9.999000e+03 -9.999000e+03 -9.999000e+03 -9.999000e+03 -9.999000e+03 -9.999000e+03 -9.999000e+03 -9.999000e+03 1.095358e-02 1.148786e-02 2.465363e-02 1.313957e-02 1.124332e-02 1.238938e-02 1.019513e-02 5.785984e-03 2.167993e-02 2.203830e-02 1.685069e-02 2.114612e-02 1.321805e-02 1.320979e-02 3.117860e-02 1.370332e-02 1.367151e-02 1.230589e-02 9.709793e-03 1.316363e-02 1.368396e-02 1.371119e-02 1.382154e-02 1.310205e-02 2.604901e-02 1.148941e-02 1.304363e-02 1.254570e-02 2.352628e-02 1.312249e-02 1.314479e-02 1.314570e-02 1.311192e-02 1.305504e-02 1.299422e-02 1.296154e-02 1.295396e-02 1.292897e-02 1.223892e-02 8.567336e-03
-9.999000e+03 -9.999000e+03 -9.999000e+03 -9.999000e+03 -9.999000e+03 -9.999000e+03 -9.999000e+03 -9.999000e+03 -9.999000e+03 -9.999000e+03 -9.999000e+03 -9.999000e+03 -9.999000e+03 1.102350e-02 1.294147e-02 1.255388e-02 1.207286e-02 1.030959e-02 6.137077e-03 2.253147e-02 1.259873e-02 1.330752e-02 2.376043e-02 2.731876e-02 3.320230e-02 3.286957e-02 3.280792e-02 3.301795e-02 1.404520e-02 1.384431e-02 1.330485e-02 1.234573e-02 1.372263e-02 1.396673e-02 1.374967e-02 1.340262e-02 1.333163e-02 2.710353e-02 1.250316e-02 1.304801e-02 2.392489e-02 1.315926e-02 1.318417e-02 1.316632e-02 1.310241e-02 1.301073e-02 1.292795e-02 1.290344e-02 1.292264e-02 1.292816e-02 1.269291e-02 1.110190e-02
-9.999000e+03 -9.999000e+03 -9.999000e+03 -9.999000e+03 -9.999000e+03 -9.999000e+03 -9.999000e+03 -9.999000e+03 -9.999000e+03 -9.999000e+03 -9.999000e+03 -9.999000e+03 -9.999000e+03 -9.999000e+03 -9.999000e+03 1.168421e-02 1.060435e-02 5.972812e-03 8.421389e-03 2.400542e-02 2.043272e-02 1.775194e-02 1.554842e-02 1.359170e-02 1.342771e-02 1.336852e-02 1.351797e-02 3.487612e-02 4.968354e-02 1.379290e-02 1.381522e-02 1.381972e-02 1.360895e-02 1.399704e-02 1.373389e-02 1.333936e-02 1.336245e-02 1.357754e-02 2.649756e-02 1.343426e-02 2.507885e-02 1.313070e-02 1.308529e-02 1.303834e-02 1.299237e-02 1.294411e-02 1.291484e-02 1.292582e-02 1.295356e-02 1.296469e-02 1.290512e-02 1.227899e-02
-9.999000e+03 -9.999000e+03 -9.999000e+03 -9.999000e+03 -9.999000e+03 -9.999000e+03 -9.999000e+03 -9.999000e+03 -9.999000e+03 -9.999000e+03 -9.999000e+03 -9.999000e+03 -9.999000e+03 -9.999000e+03 -9.999000e+03 -9.999000e+03 1.034906e-02 6.328391e-03 1.873932e-02 1.636673e-02 1.464237e-02 1.384189e-02 1.355998e-02 1.338256e-02 1.331428e-02 1.327449e-02 1.347171e-02 1.375220e-02 1.365707e-02 4.959381e-02 5.031527e-02 5.180708e-02 1.401371e-02 1.384325e-02 1.370213e-02 1.343815e-02 1.771398e-02 2.169966e-02 1.383074e-02 2.566077e-02 1.347199e-02 2.991514e-02 1.291958e-02 1.285977e-02 1.285546e-02 1.288186e-02 1.293184e-02 1.298256e-02 1.300817e-02 1.301727e-02 1.302702e-02 1.283939e-02
-9.999000e+03 -9.999000e+03 -9.999000e+03 -9.999000e+03 -9.999000e+03 -9.999000e+03 -9.999000e+03 -9.999000e+03 -9.999000e+03 -9.999000e+03 -9.999000e+03 -9.999000e+03 -9.999000e+03 -9.999000e+03 -9.999000e+03 -9.999000e+03 5.766426e-03 2.069332e-02 1.253103e-02 1.317027e-02 1.343926e-02 3.399219e-02 3.189873e-02 2.924058e-02 2.695746e-02 2.491384e-02 2.362934e-02 2.299305e-02 2.166766e-02 1.975570e-02 1.852945e-02 1.775384e-02 5.217834e-02 5.233702e-02 5.101739e-02 4.807882e-02 4.445528e-02 4.202265e-02 4.079997e-02 3.861642e-02 4.199258e-02 4.282156e-02 3.439618e-02 1.383598e-02 1.371534e-02 1.325484e-02 1.323829e-02 1.321180e-02 1.316021e-02 1.314557e-02 1.319313e-02 1.318865e-02
-9.999000e+03 -9.999000e+03 -9.999000e+03 -9.999000e+03 -9.999000e+03 -9.999000e+03 -9.999000e+03 -9.999000e+03 -9.999000e+03 -9.999000e+03 -9.999000e+03 -9.999000e+03 -9.999000e+03 -9.999000e+03 -9.999000e+03 5.761518e-03 1.954728e-02 1.223713e-02 2.905602e-02 3.301182e-02 3.301437e-02 1.358377e-02 1.737618e-02 2.016388e-02 1.814381e-02 2.406884e-02 2.571120e-02 2.737189e-02 2.603189e-02 2.425507e-02 2.321051e-02 2.284144e-02 2.273206e-02 2.302691e-02 2.190301e-02 1.946776e-02 4.046412e-02 3.791066e-02 3.494622e-02 3.267601e-02 3.294098e-02 3.588960e-02 5.341787e-02 6.767110e-02 6.562562e-02 1.423068e-02 1.961880e-02 1.351962e-02 1.335094e-02 1.332136e-02 1.341192e-02 1.348124e-02
-9.999000e+03 -9.999000e+03 -9.999000e+03 -9.999000e+03 -9.999000e+03 -9.999000e+03 -9.999000e+03 -9.999000e+03 -9.999000e+03 -9.999000e+03 -9.999000e+03 -9.999000e+03 -9.999000e+03 -9.999000e+03 6.117019e-03 8.776494e-03 2.581305e-02 2.792024e-02 1.333459e-02 1.324791e-02 1.380741e-02 1.367057e-02 1.361884e-02 1.341855e-02 1.745754e-02 1.374613e-02 1.363078e-02 1.293698e-02 1.295477e-02 1.353275e-02 1.358928e-02 2.769075e-02 3.079467e-02 3.397821e-02 3.561334e-02 4.119359e-02 1.358851e-02 1.359710e-02 1.346491e-02 1.325395e-02 1.324458e-02 1.343590e-02 1.850488e-02 2.323412e-02 2.736029e-02 5.949570e-02 6.383599e-02 6.392219e-02 1.419136e-02 2.019690e-02 1.387188e-02 1.384431e-02
-9.999000e+03 -9.999000e+03 -9.999000e+03 -9.999000e+03 -9.999000e+03 -9.999000e+03 -9.999000e+03 -9.999000e+03 -9.999000e+03 -9.999000e+03 -9.999000e+03 -9.999000e+03 -9.999000e+03 -9.999000e+03 5.855386e-03 4.168888e-02 1.302524e-02 1.311178e-02 1.322099e-02 1.326094e-02 1.320578e-02 1.307141e-02 1.362024e-02 1.287258e-02 1.289613e-02 1.300937e-02 1.295985e-02 1.283882e-02 1.649089e-02 1.945263e-02 2.218635e-02 1.332791e-02 1.338317e-02 1.341736e-02 1.980422e-02 1.193976e-02 1.281742e-02 1.314815e-02 1.302887e-02 1.290781e-02 1.285736e-02 1.326374e-02 1.330895e-02 1.343461e-02 1.365197e-02 1.868847e-02 2.263792e-02 2.601744e-02 6.009977e-02 7.070064e-02 8.495496e-02 1.553533e-02
-9.999000e+03 -9.999000e+03 -9.999000e+03 -9.999000e+03 -9.999000e+03 -9.999000e+03 -9.999000e+03 -9.999000e+03 -9.999000e+03 -9.999000e+03 -9.999000e+03 -9.999000e+03 -9.999000e+03 9.199469e-03 5.002301e-02 1.302103e-02 1.300742e-02 1.300398e-02 1.307676e-02 1.317394e-02 1.320897e-02 1.315237e-02 1.303419e-02 1.290994e-02 1.285426e-02 1.289630e-02 1.286603e-02 1.276690e-02 1.283677e-02 1.294704e-02 1.304793e-02 1.316883e-02 1.319575e-02 2.069660e-02 9.372606e-03 1.172737e-02 1.299815e-02 1.296679e-02 1.289959e-02 1.284971e-02 1.283644e-02 1.278812e-02 1.276778e-02 1.307739e-02 1.307540e-02 1.298461e-02 1.312305e-02 1.325609e-02 1.359997e-02 1.913291e-02 2.398941e-02 8.213106e-02
-9.999000e+03 -9.999000e+03 -9.999000e+03 -9.999000e+03 -9.999000e+03 -9.999000e+03 -9.999000e+03 -9.999000e+03 -9.999000e+03 -9.999000e+03 -9.999000e+03 -9.999000e+03 6.199454e-03 1.130466e-02 1.277419e-02 1.297038e-02 1.416160e-02 1.295089e-02 1.304022e-02 1.312190e-02 1.318522e-02 1.320655e-02 1.313524e-02 1.303931e-02 1.295027e-02 1.290656e-02 1.283135e-02 1.271657e-02 1.275414e-02 1.279748e-02 1.282730e-02 1.285195e-02 1.793330e-02 1.258978e-02 9.329820e-03 1.291571e-02 1.283791e-02 1.270022e-02 1.260280e-02 1.262066e-02 1.247992e-02 1.248926e-02 1.256911e-02 1.264306e-02 1.228051e-02 1.256119e-02 1.255568e-02 1.256079e-02 1.280414e-02 1.312716e-02 1.402211e-02 1.931299e-02
-9.999000e+03 -9.999000e+03 -9.999000e+03 -9.999000e+03 -9.999000e+03 -9.999000e+03 -9.999000e+03 -9.999000e+03 -9.999000e+03 -9.999000e+03 -9.999000e+03 -9.999000e+03 9.307778e-03 1.268747e-02 1.266187e-02 1.567482e-02 1.275939e-02 1.289204e-02 1.297560e-02 1.304961e-02 1.312517e-02 1.319135e-02 1.317013e-02 1.312197e-02 1.304564e-02 1.296693e-02 1.288084e-02 1.275143e-02 1.267907e-02 1.274849e-02 1.267240e-02 1.793529e-02 9.289402e-03 1.161939e-02 1.279046e-02 1.277550e-02 1.246909e-02 1.238040e-02 1.257397e-02 1.215736e-02 1.205915e-02 1.203896e-02 1.219039e-02 1.137131e-02 1.132942e-02 1.127260e-02 1.123929e-02 1.149201e-02 1.156139e-02 1.344010e-02 1.298795e-02 1.317283e-02
-9.999000e+03 -9.999000e+03 -9.999000e+03 -9.999000e+03 -9.999000e+03 -9.999000e+03 -9.999000e+03 -9.999000e+03 -9.999000e+03 -9.999000e+03 -9.999000e+03 6.753690e-03 2.763679e-02 1.272413e-02 1.760260e-02 1.200978e-02 1.258112e-02 1.275552e-02 1.285553e-02 1.295315e-02 1.301913e-02 1.310071e-02 1.308883e-02 1.306389e-02 1.302136e-02 1.296775e-02 1.293699e-02 1.260691e-02 1.285181e-02 1.284791e-02 1.270072e-02 1.570142e-02 9.478734e-03 1.253766e-02 1.250169e-02 1.184769e-02 1.176194e-02 1.273395e-02 1.163084e-02 1.154873e-02 1.139462e-02 1.127172e-02 8.962349e-03 8.980465e-03 8.959265e-03 8.902324e-03 8.857539e-03 8.822014e-03 1.296187e-02 1.182598e-02 1.185366e-02 1.190040e-02
-9.999000e+03 -9.999000e+03 -9.999000e+03 -9.999000e+03 -9.999000e+03 -9.999000e+03 -9.999000e+03 -9.999000e+03 -9.999000e+03 -9.999000e+03 6.993145e-03 1.027705e-02 1.277278e-02 2.080016e-02 1.030443e-02 1.198347e-02 1.252356e-02 1.261240e-02 1.273795e-02 1.282841e-02 1.294963e-02 1.302825e-02 1.303738e-02 1.302336e-02 1.300422e-02 1.289763e-02 1.199562e-02 1.289956e-02 1.296867e-02 1.290541e-02 1.274392e-02 1.264751e-02 1.256192e-02 1.168234e-02 9.550493e-03 9.670835e-03 1.302737e-02 9.739940e-03 9.725167e-03 9.683536e-03 9.484787e-03 9.166809e-03 1.145618e-02 1.252526e-02 1.288193e-02 1.294754e-02 1.298529e-02 1.302227e-02 8.951267e-03 9.047772e-03 9.050393e-03 9.281836e-03
-9.999000e+03 -9.999000e+03 -9.999000e+03 -9.999000e+03 -9.999000e+03 -9.999000e+03 -9.999000e+03 -9.999000e+03 -9.999000e+03 -9.999000e+03 7.406113e-03 1.379570e-02 2.278867e-02 1.243680e-02 1.054900e-02 1.265109e-02 1.263523e-02 1.261125e-02 1.253508e-02 1.282331e-02 1.287249e-02 1.297866e-02 1.302604e-02 1.303746e-02 1.281143e-02 9.835367e-03 1.273438e-02 1.298810e-02 1.277983e-02 1.282662e-02 1.268081e-02 1.261395e-02 9.936317e-03 9.674268e-03 1.189964e-02 1.294500e-02 9.877296e-03 1.217768e-02 1.281053e-02 1.287391e-02 9.524228e-03 9.193998e-03 1.149324e-02 1.257785e-02 1.294126e-02 1.300123e-02 1.299153e-02 1.298376e-02 1.307750e-02 1.322172e-02 1.315311e-02 1.296841e-02
-9.999000e+03 -9.999000e+03 -9.999000e+03 -9.999000e+03 -9.999000e+03 -9.999000e+03 -9.999000e+03 -9.999000e+03 -9.999000e+03 7.359031e-03 3.016149e-02 2.514217e-02 1.296583e-02 1.063020e-02 1.250210e-02 1.295278e-02 1.282304e-02 1.207724e-02 1.282129e-02 1.273265e-02 1.283072e-02 1.294506e-02 1.300251e-02 1.210422e-02 9.889631e-03 1.211070e-02 1.299881e-02 1.211349e-02 1.220991e-02 1.233572e-02 1.222820e-02 1.011273e-02 1.202277e-02 1.246587e-02 1.279887e-02 1.312627e-02 1.321629e-02 1.321041e-02 9.741903e-03 9.546750e-03 1.240304e-02 1.138963e-02 1.242792e-02 1.298896e-02 1.313941e-02 1.311074e-02 1.301183e-02 1.291250e-02 1.296692e-02 1.308522e-02 1.313757e-02 1.313377e-02
-9.999000e+03 -9.999000e+03 -9.999000e+03 -9.999000e+03 -9.999000e+03 -9.999000e+03 -9.999000e+03 -9.999000e+03 -9.999000e+03 6.822812e-03 2.243418e-02 1.328706e-02 1.256674e-02 1.068841e-02 1.290959e-02 1.306868e-02 1.045250e-02 1.353473e-02 1.271056e-02 1.270425e-02 1.282618e-02 1.295460e-02 9.942238e-03 9.870470e-03 1.210846e-02 1.291894e-02 9.982511e-03 1.001517e-02 1.012538e-02 1.033486e-02 1.032196e-02 1.202753e-02 1.250283e-02 1.266370e-02 1.285303e-02 1.304412e-02 1.313531e-02 9.667542e-03 1.280218e-02 1.156078e-02 1.149708e-02 1.259357e-02 1.294000e-02 1.319178e-02 1.319682e-02 1.308750e-02 1.300049e-02 1.293972e-02 1.297026e-02 1.302240e-02 2.745628e-02 2.869550e-02
-9.999000e+03 -9.999000e+03 -9.999000e+03 -9.999000e+03 -9.999000e+03 -9.999000e+03 -9.999000e+03 -9.999000e+03 9.673929e-03 2.792975e-02 1.815028e-02 1.317573e-02 1.073742e-02 1.254080e-02 1.303773e-02 1.309384e-02 1.606784e-02 1.304066e-02 1.283715e-02 1.272966e-02 1.284479e-02 1.213745e-02 1.275161e-02 1.288751e-02 1.304994e-02 2.428518e-02 2.582961e-02 2.445457e-02 2.350905e-02 2.299130e-02 2.096549e-02 1.798407e-02 1.568144e-02 1.373425e-02 1.288677e-02 1.302782e-02 1.312384e-02 1.709054e-02 1.723485e-02 1.923232e-02 1.978019e-02 2.063297e-02 1.957731e-02 1.864246e-02 1.736044e-02 1.580604e-02 1.445969e-02 1.326453e-02 1.309871e-02 3.029650e-02 1.279620e-02 1.285442e-02
-9.999000e+03 -9.999000e+03 -9.999000e+03 -9.999000e+03 -9.999000e+03 -9.999000e+03 -9.999000e+03 7.041712e-03 9.884124e-03 1.769132e-02 1.239946e-02 1.296216e-02 1.068070e-02 1.316906e-02 1.309937e-02 1.311052e-02 1.311689e-02 1.315866e-02 1.301290e-02 1.284627e-02 1.004342e-02 9.987294e-03 1.209556e-02 2.065091e-02 2.205013e-02 1.308489e-02 1.293469e-02 1.308262e-02 1.319309e-02 1.332079e-02 1.306474e-02 1.273994e-02 1.274145e-02 1.282699e-02 1.294492e-02 1.306539e-02 1.314150e-02 1.319835e-02 1.305830e-02 1.287329e-02 1.294612e-02 1.310304e-02 1.314106e-02 1.313062e-02 1.305983e-02 1.297460e-02 1.306384e-02 1.320872e-02 3.522472e-02 1.301250e-02 1.286027e-02 1.281181e-02
-9.999000e+03 -9.999000e+03 -9.999000e+03 -9.999000e+03 -9.999000e+03 -9.999000e+03 -9.999000e+03 7.540915e-03 1.108791e-02 1.877817e-02 1.048568e-02 1.233786e-02 1.297778e-02 1.317407e-02 1.318051e-02 1.316833e-02 1.314614e-02 1.319296e-02 1.309713e-02 1.290147e-02 1.600155e-02 1.856571e-02 2.068491e-02 1.307203e-02 1.296415e-02 1.202630e-02 9.834770e-03 1.210436e-02 1.289560e-02 1.320046e-02 1.305811e-02 1.281184e-02 1.283497e-02 1.293127e-02 1.301983e-02 1.309590e-02 3.256322e-02 3.300282e-02 3.295734e-02 3.244009e-02 3.238549e-02 3.280759e-02 3.287097e-02 3.180133e-02 3.150760e-02 3.129708e-02 3.371252e-02 3.616378e-02 1.342407e-02 1.328054e-02 1.300998e-02 1.282378e-02
-9.999000e+03 -9.999000e+03 -9.999000e+03 -9.999000e+03 -9.999000e+03 -9.999000e+03 -9.999000e+03 9.980977e-03 1.834053e-02 1.319026e-02 1.064462e-02 1.240709e-02 1.294839e-02 1.321045e-02 1.325243e-02 1.324974e-02 1.315477e-02 1.308309e-02 1.294422e-02 1.274551e-02 1.278080e-02 1.292328e-02 1.283322e-02 1.292499e-02 9.902522e-03 9.803596e-03 1.203259e-02 1.284201e-02 1.308360e-02 1.316163e-02 1.307676e-02 1.294125e-02 1.295782e-02 3.167060e-02 3.199362e-02 3.217453e-02 1.305505e-02 1.308204e-02 1.311787e-02 1.312814e-02 1.318766e-02 1.328517e-02 1.331400e-02 1.753941e-02 2.101939e-02 2.412572e-02 1.344267e-02 1.347073e-02 1.351995e-02 1.352786e-02 1.334057e-02 1.308733e-02
