tests/data/reference/test_implicit_stream_rill_mfda/mwlevel_m.asc
ncols	123
nrows	77
xllcorner	-713746.79929998
yllcorner	-1061022.36961616
cellsize	10.0
NODATA_value	-9999
[rows 23 to 45 of 77, columns 0 to 51 of 123]
-9.999000e+03 -9.999000e+03 -9.999000e+03 -9.999000e+03 -9.999000e+03 -9.999000e+03 -9.999000e+03 -9.999000e+03 -9.999000e+03 -9.999000e+03 -9.999000e+03 -9.999000e+03 -9.999000e+03 -9.999000e+03 1.169657e-02 1.423260e-02 1.417091e-02 1.315946e-02 1.147161e-02 1.265905e-02 1.019029e-02 5.750250e-03 1.068174e-02 2.159034e-02 2.501047e-02 1.340034e-02 1.643975e-02 1.341620e-02 1.296450e-02 1.309003e-02 9.224672e-03 1.157912e-02 1.251995e-02 1.305912e-02 2.356555e-02 1.312259e-02 1.344434e-02 9.014492e-03 1.752466e-02 1.306548e-02 1.311850e-02 1.315839e-02 1.317889e-02 1.317022e-02 1.314338e-02 1.311251e-02 1.308771e-02 1.306640e-02 1.305290e-02 1.286008e-02 1.241544e-02 8.741270e-03
-9.999000e+03 -9.999000e+03 -9.999000e+03 -9.999000e+03 -9.999000e+03 -9.999000e+03 -9.999000e+03 -9.999000e+03 -9.999000e+03 -9.999000e+03 -9.999000e+03 -9.999000e+03 -9.999000e+03 -9.999000e+03 1.419776e-02 2.789797e-02 2.072669e-02 1.246601e-02 1.153831e-02 1.084691e-02 5.352154e-03 8.293595e-03 1.008330e-02 1.099107e-02 1.853263e-02 2.459792e-02 1.430248e-02 1.328813e-02 1.349861e-02 9.689014e-03 1.298371e-02 1.158501e-02 1.255441e-02 1.297707e-02 2.595452e-02 1.314979e-02 1.304767e-02 8.980977e-03 1.787981e-02 1.309712e-02 1.312867e-02 1.315579e-02 1.318604e-02 1.318898e-02 1.316181e-02 1.312381e-02 1.308921e-02 1.306449e-02 1.305317e-02 1.298424e-02 8.728955e-03 1.271659e-02
-9.999000e+03 -9.999000e+03 -9.999000e+03 -9.999000e+03 -9.999000e+03 -9.999000e+03 -9.999000e+03 -9.999000e+03 -9.999000e+03 -9.999000e+03 -9.999000e+03 -9.999000e+03 -9.999000e+03 -9.999000e+03 3.057706e-02 1.383092e-02 1.126312e-02 1.127095e-02 1.132202e-02 1.001618e-02 5.993537e-03 1.807926e-02 2.467927e-02 1.246907e-02 1.233562e-02 1.553170e-02 2.568741e-02 1.329309e-02 1.337830e-02 9.627405e-03 1.211208e-02 1.350517e-02 1.310895e-02 1.308527e-02 1.323426e-02 2.808430e-02 9.094753e-03 1.294584e-02 1.147918e-02 2.133015e-02 1.312214e-02 1.311629e-02 1.313778e-02 1.314796e-02 1.313048e-02 1.309558e-02 1.305450e-02 1.302206e-02 1.300034e-02 1.295060e-02 1.116267e-02 8.600673e-03
-9.999000e+03 -9.999000e+03 -9.999000e+03 -9.999000e+03 -9.999000e+03 -9.999000e+03 -9.999000e+03 -9.999000e+03 -9.999000e+03 -9.999000e+03 -9.999000e+03 -9.999000e+03 1.093697e-02 1.147366e-02 2.459319e-02 1.313246e-02 1.122792e-02 1.238110e-02 1.018773e-02 5.782253e-03 2.161263e-02 2.199336e-02 1.681295e-02 2.104049e-02 1.321056e-02 1.320308e-02 3.104633e-02 1.370556e-02 1.367460e-02 1.228713e-02 9.690360e-03 1.315287e-02 1.368850e-02 1.370940e-02 1.382548e-02 1.310476e-02 2.601641e-02 1.146832e-02 1.304548e-02 1.253113e-02 2.351310e-02 1.312579e-02 1.314837e-02 1.314932e-02 1.311523e-02 1.305783e-02 1.299648e-02 1.296345e-02 1.295569e-02 1.292987e-02 1.222115e-02 8.547876e-03
-9.999000e+03 -9.999000e+03 -9.999000e+03 -9.999000e+03 -9.999000e+03 -9.999000e+03 -9.999000e+03 -9.999000e+03 -9.999000e+03 -9.999000e+03 -9.999000e+03 -9.999000e+03 -9.999000e+03 1.100716e-02 1.293492e-02 1.254600e-02 1.206223e-02 1.030372e-02 6.134164e-03 2.247175e-02 1.260279e-02 1.330905e-02 2.368369e-02 2.719331e-02 3.301818e-02 3.267554e-02 3.261420e-02 3.286035e-02 1.405111e-02 1.384918e-02 1.329533e-02 1.232739e-02 1.372070e-02 1.397287e-02 1.375291e-02 1.340680e-02 1.333581e-02 2.695009e-02 1.248884e-02 1.305008e-02 2.390588e-02 1.316269e-02 1.318788e-02 1.316998e-02 1.310557e-02 1.301314e-02 1.292964e-02 1.290479e-02 1.292396e-02 1.292914e-02 1.268251e-02 1.107817e-02
-9.999000e+03 -9.999000e+03 -9.999000e+03 -9.999000e+03 -9.999000e+03 -9.999000e+03 -9.999000e+03 -9.999000e+03 -9.999000e+03 -9.999000e+03 -9.999000e+03 -9.999000e+03 -9.999000e+03 -9.999000e+03 -9.999000e+03 1.167110e-02 1.060277e-02 5.966854e-03 8.409528e-03 2.394047e-02 2.033263e-02 1.766797e-02 1.548582e-02 1.356245e-02 1.343113e-02 1.337017e-02 1.351996e-02 3.468687e-02 4.940471e-02 1.379957e-02 1.382115e-02 1.381945e-02 1.360124e-02 1.400168e-02 1.374001e-02 1.334217e-02 1.336479e-02 1.358115e-02 2.629857e-02 1.342999e-02 2.505757e-02 1.313416e-02 1.308874e-02 1.304152e-02 1.299498e-02 1.294595e-02 1.291601e-02 1.292682e-02 1.295469e-02 1.296575e-02 1.290056e-02 1.226017e-02
-9.999000e+03 -9.999000e+03 -9.999000e+03 -9.999000e+03 -9.999000e+03 -9.999000e+03 -9.999000e+03 -9.999000e+03 -9.999000e+03 -9.999000e+03 -9.999000e+03 -9.999000e+03 -9.999000e+03 -9.999000e+03 -9.999000e+03 -9.999000e+03 1.034373e-02 6.324410e-03 1.870221e-02 1.633582e-02 1.463078e-02 1.385262e-02 1.356564e-02 1.338511e-02 1.331533e-02 1.327481e-02 1.347283e-02 1.375570e-02 1.366140e-02 4.931259e-02 4.999511e-02 5.141107e-02 1.401947e-02 1.384492e-02 1.370790e-02 1.344212e-02 1.770341e-02 2.167045e-02 1.383534e-02 2.545132e-02 1.347267e-02 2.980924e-02 1.292198e-02 1.286170e-02 1.285701e-02 1.288304e-02 1.293279e-02 1.298363e-02 1.300949e-02 1.301864e-02 1.302615e-02 1.282876e-02
-9.999000e+03 -9.999000e+03 -9.999000e+03 -9.999000e+03 -9.999000e+03 -9.999000e+03 -9.999000e+03 -9.999000e+03 -9.999000e+03 -9.999000e+03 -9.999000e+03 -9.999000e+03 -9.999000e+03 -9.999000e+03 -9.999000e+03 -9.999000e+03 5.761022e-03 2.062762e-02 1.253027e-02 1.316921e-02 1.343969e-02 3.384148e-02 3.172293e-02 2.906645e-02 2.674094e-02 2.467568e-02 2.339901e-02 2.276759e-02 2.142798e-02 1.951086e-02 1.828702e-02 1.751019e-02 5.175031e-02 5.191232e-02 5.042827e-02 4.777363e-02 4.418498e-02 4.177211e-02 4.055789e-02 3.837146e-02 4.172395e-02 4.254160e-02 3.426197e-02 1.384128e-02 1.371986e-02 1.325690e-02 1.324031e-02 1.321393e-02 1.316235e-02 1.314772e-02 1.319473e-02 1.318541e-02
-9.999000e+03 -9.999000e+03 -9.999000e+03 -9.999000e+03 -9.999000e+03 -9.999000e+03 -9.999000e+03 -9.999000e+03 -9.999000e+03 -9.999000e+03 -9.999000e+03 -9.999000e+03 -9.999000e+03 -9.999000e+03 -9.999000e+03 5.756127e-03 1.948166e-02 1.223604e-02 2.894363e-02 3.286662e-02 3.287192e-02 1.358900e-02 1.737021e-02 2.014618e-02 1.811955e-02 2.404353e-02 2.568159e-02 2.733891e-02 2.598416e-02 2.418730e-02 2.313370e-02 2.273094e-02 2.258448e-02 2.287372e-02 2.175518e-02 1.930626e-02 4.030983e-02 3.775901e-02 3.482574e-02 3.256536e-02 3.283045e-02 3.576851e-02 5.322826e-02 6.748167e-02 6.543497e-02 1.423869e-02 1.959067e-02 1.352428e-02 1.335470e-02 1.332494e-02 1.341593e-02 1.348379e-02
-9.999000e+03 -9.999000e+03 -9.999000e+03 -9.999000e+03 -9.999000e+03 -9.999000e+03 -9.999000e+03 -9.999000e+03 -9.999000e+03 -9.999000e+03 -9.999000e+03 -9.999000e+03 -9.999000e+03 -9.999000e+03 6.110664e-03 8.763462e-03 2.576026e-02 2.784372e-02 1.333898e-02 1.325221e-02 1.381460e-02 1.367675e-02 1.362418e-02 1.342203e-02 1.744694e-02 1.375103e-02 1.363536e-02 1.293803e-02 1.295589e-02 1.353662e-02 1.359324e-02 2.761604e-02 3.069987e-02 3.386530e-02 3.549238e-02 4.103856e-02 1.358185e-02 1.359654e-02 1.346944e-02 1.325683e-02 1.324661e-02 1.343831e-02 1.848021e-02 2.317414e-02 2.726994e-02 5.936859e-02 6.369652e-02 6.380849e-02 1.420201e-02 2.016874e-02 1.387995e-02 1.385222e-02
-9.999000e+03 -9.999000e+03 -9.999000e+03 -9.999000e+03 -9.999000e+03 -9.999000e+03 -9.999000e+03 -9.999000e+03 -9.999000e+03 -9.999000e+03 -9.999000e+03 -9.999000e+03 -9.999000e+03 -9.999000e+03 5.849746e-03 4.143847e-02 1.302707e-02 1.311411e-02 1.322421e-02 1.326445e-02 1.320956e-02 1.307465e-02 1.362589e-02 1.287411e-02 1.289719e-02 1.301066e-02 1.296090e-02 1.283902e-02 1.647829e-02 1.942063e-02 2.213853e-02 1.333093e-02 1.338722e-02 1.342173e-02 1.974026e-02 1.192082e-02 1.280623e-02 1.315026e-02 1.303006e-02 1.290757e-02 1.285637e-02 1.326486e-02 1.330914e-02 1.343505e-02 1.365235e-02 1.865490e-02 2.256515e-02 2.591283e-02 6.003581e-02 7.060571e-02 8.478507e-02 1.553604e-02
-9.999000e+03 -9.999000e+03 -9.999000e+03 -9.999000e+03 -9.999000e+03 -9.999000e+03 -9.999000e+03 -9.999000e+03 -9.999000e+03 -9.999000e+03 -9.999000e+03 -9.999000e+03 -9.999000e+03 9.185087e-03 4.969757e-02 1.302287e-02 1.300856e-02 1.300614e-02 1.307803e-02 1.317657e-02 1.321238e-02 1.315585e-02 1.303720e-02 1.291203e-02 1.285565e-02 1.289749e-02 1.286676e-02 1.276669e-02 1.283623e-02 1.294692e-02 1.304806e-02 1.317004e-02 1.319705e-02 2.065094e-02 9.352995e-03 1.170772e-02 1.299879e-02 1.296678e-02 1.289755e-02 1.284676e-02 1.283471e-02 1.278367e-02 1.276292e-02 1.307404e-02 1.307249e-02 1.297688e-02 1.311484e-02 1.324800e-02 1.359277e-02 1.908219e-02 2.388875e-02 8.195468e-02
-9.999000e+03 -9.999000e+03 -9.999000e+03 -9.999000e+03 -9.999000e+03 -9.999000e+03 -9.999000e+03 -9.999000e+03 -9.999000e+03 -9.999000e+03 -9.999000e+03 -9.999000e+03 6.192870e-03 1.128220e-02 1.277843e-02 1.297017e-02 1.409482e-02 1.294936e-02 1.304078e-02 1.312374e-02 1.318793e-02 1.320991e-02 1.313857e-02 1.304216e-02 1.295240e-02 1.290810e-02 1.283210e-02 1.271631e-02 1.275341e-02 1.279551e-02 1.282675e-02 1.285123e-02 1.790915e-02 1.257773e-02 9.310181e-03 1.291498e-02 1.283612e-02 1.269470e-02 1.259644e-02 1.261837e-02 1.247186e-02 1.248053e-02 1.256002e-02 1.263417e-02 1.226451e-02 1.254605e-02 1.254017e-02 1.254492e-02 1.278796e-02 1.311193e-02 1.402799e-02 1.927469e-02
-9.999000e+03 -9.999000e+03 -9.999000e+03 -9.999000e+03 -9.999000e+03 -9.999000e+03 -9.999000e+03 -9.999000e+03 -9.999000e+03 -9.999000e+03 -9.999000e+03 -9.999000e+03 9.292624e-03 1.269679e-02 1.266037e-02 1.562293e-02 1.275264e-02 1.288958e-02 1.297538e-02 1.305033e-02 1.312691e-02 1.319385e-02 1.317319e-02 1.312482e-02 1.304798e-02 1.296863e-02 1.288183e-02 1.275132e-02 1.267487e-02 1.274798e-02 1.267181e-02 1.790696e-02 9.269741e-03 1.160022e-02 1.278817e-02 1.277059e-02 1.245802e-02 1.236897e-02 1.257249e-02 1.214482e-02 1.204592e-02 1.202488e-02 1.217549e-02 1.134940e-02 1.130755e-02 1.125060e-02 1.121701e-02 1.147008e-02 1.153935e-02 1.344387e-02 1.297418e-02 1.316012e-02
-9.999000e+03 -9.999000e+03 -9.999000e+03 -9.999000e+03 -9.999000e+03 -9.999000e+03 -9.999000e+03 -9.999000e+03 -9.999000e+03 -9.999000e+03 -9.999000e+03 6.745514e-03 2.751127e-02 1.272432e-02 1.755488e-02 1.199571e-02 1.257393e-02 1.275331e-02 1.285430e-02 1.295290e-02 1.301921e-02 1.310254e-02 1.309094e-02 1.306608e-02 1.302335e-02 1.296940e-02 1.293722e-02 1.259801e-02 1.285145e-02 1.284868e-02 1.269972e-02 1.569300e-02 9.459209e-03 1.253433e-02 1.249110e-02 1.182940e-02 1.174402e-02 1.273373e-02 1.161290e-02 1.153053e-02 1.137591e-02 1.125196e-02 8.942643e-03 8.960755e-03 8.939560e-03 8.882635e-03 8.837868e-03 8.802359e-03 1.296346e-02 1.180481e-02 1.183299e-02 1.187981e-02
-9.999000e+03 -9.999000e+03 -9.999000e+03 -9.999000e+03 -9.999000e+03 -9.999000e+03 -9.999000e+03 -9.999000e+03 -9.999000e+03 -9.999000e+03 6.984265e-03 1.025854e-02 1.277821e-02 2.075780e-02 1.028654e-02 1.197039e-02 1.252025e-02 1.261029e-02 1.273635e-02 1.282548e-02 1.295031e-02 1.302915e-02 1.303892e-02 1.302522e-02 1.300614e-02 1.289582e-02 1.197922e-02 1.289735e-02 1.297010e-02 1.290357e-02 1.274166e-02 1.264444e-02 1.255813e-02 1.166543e-02 9.531042e-03 9.651536e-03 1.302602e-02 9.720744e-03 9.705948e-03 9.664255e-03 9.465269e-03 9.147103e-03 1.143529e-02 1.251103e-02 1.287547e-02 1.294589e-02 1.298578e-02 1.302370e-02 8.931564e-03 9.028056e-03 9.030676e-03 9.262238e-03
-9.999000e+03 -9.999000e+03 -9.999000e+03 -9.999000e+03 -9.999000e+03 -9.999000e+03 -9.999000e+03 -9.999000e+03 -9.999000e+03 -9.999000e+03 7.396007e-03 1.377264e-02 2.273502e-02 1.242641e-02 1.053194e-02 1.264684e-02 1.263424e-02 1.260998e-02 1.252787e-02 1.282455e-02 1.287199e-02 1.297912e-02 1.302739e-02 1.303933e-02 1.280438e-02 9.816334e-03 1.272682e-02 1.298923e-02 1.277279e-02 1.282042e-02 1.267474e-02 1.260756e-02 9.917481e-03 9.654974e-03 1.188212e-02 1.293661e-02 9.858341e-03 1.216216e-02 1.280366e-02 1.287206e-02 9.504749e-03 9.174300e-03 1.147252e-02 1.256406e-02 1.293548e-02 1.300031e-02 1.299253e-02 1.298526e-02 1.307946e-02 1.322475e-02 1.315673e-02 1.297129e-02
-9.999000e+03 -9.999000e+03 -9.999000e+03 -9.999000e+03 -9.999000e+03 -9.999000e+03 -9.999000e+03 -9.999000e+03 -9.999000e+03 7.349066e-03 3.003454e-02 2.508456e-02 1.296406e-02 1.061345e-02 1.249239e-02 1.295318e-02 1.282391e-02 1.206415e-02 1.282715e-02 1.273167e-02 1.283007e-02 1.294540e-02 1.300383e-02 1.208875e-02 9.870700e-03 1.209499e-02 1.299799e-02 1.209826e-02 1.219525e-02 1.232219e-02 1.221525e-02 1.009430e-02 1.200784e-02 1.245726e-02 1.279496e-02 1.312639e-02 1.321917e-02 1.321442e-02 9.722711e-03 9.527295e-03 1.240062e-02 1.137023e-02 1.241433e-02 1.298294e-02 1.313909e-02 1.311297e-02 1.301432e-02 1.291424e-02 1.296825e-02 1.308702e-02 1.314018e-02 1.313690e-02
-9.999000e+03 -9.999000e+03 -9.999000e+03 -9.999000e+03 -9.999000e+03 -9.999000e+03 -9.999000e+03 -9.999000e+03 -9.999000e+03 6.814434e-03 2.238896e-02 1.329146e-02 1.255768e-02 1.067190e-02 1.290719e-02 1.307121e-02 1.043509e-02 1.355092e-02 1.271074e-02 1.270371e-02 1.282582e-02 1.295525e-02 9.923414e-03 9.851503e-03 1.209264e-02 1.291224e-02 9.963774e-03 9.996502e-03 1.010698e-02 1.031707e-02 1.030412e-02 1.201361e-02 1.249493e-02 1.265955e-02 1.285130e-02 1.304458e-02 1.313752e-02 9.648238e-03 1.280416e-02 1.154268e-02 1.147797e-02 1.259047e-02 1.293832e-02 1.319288e-02 1.319993e-02 1.309087e-02 1.300316e-02 1.294154e-02 1.297170e-02 1.302399e-02 2.745730e-02 2.869513e-02
-9.999000e+03 -9.999000e+03 -9.999000e+03 -9.999000e+03 -9.999000e+03 -9.999000e+03 -9.999000e+03 -9.999000e+03 9.657468e-03 2.780517e-02 1.815204e-02 1.317762e-02 1.072112e-02 1.253128e-02 1.304025e-02 1.309680e-02 1.606420e-02 1.304338e-02 1.283862e-02 1.272998e-02 1.284509e-02 1.212263e-02 1.274473e-02 1.288556e-02 1.305071e-02 2.423181e-02 2.576719e-02 2.437345e-02 2.341118e-02 2.286667e-02 2.082724e-02 1.781762e-02 1.551782e-02 1.358194e-02 1.288621e-02 1.302859e-02 1.312600e-02 1.707578e-02 1.721617e-02 1.920553e-02 1.974935e-02 2.059756e-02 1.952651e-02 1.858154e-02 1.729395e-02 1.573761e-02 1.438334e-02 1.319142e-02 1.310138e-02 3.029674e-02 1.279816e-02 1.285574e-02
-9.999000e+03 -9.999000e+03 -9.999000e+03 -9.999000e+03 -9.999000e+03 -9.999000e+03 -9.999000e+03 7.032689e-03 9.866809e-03 1.769113e-02 1.238814e-02 1.295911e-02 1.066416e-02 1.317105e-02 1.310233e-02 1.311399e-02 1.312042e-02 1.316243e-02 1.301572e-02 1.284756e-02 1.002482e-02 9.968567e-03 1.208029e-02 2.061618e-02 2.200690e-02 1.308641e-02 1.292774e-02 1.308221e-02 1.319582e-02 1.332546e-02 1.306853e-02 1.274094e-02 1.274088e-02 1.282632e-02 1.294506e-02 1.306677e-02 1.314408e-02 1.320188e-02 1.306154e-02 1.287510e-02 1.294726e-02 1.310485e-02 1.314382e-02 1.313384e-02 1.306280e-02 1.297685e-02 1.306600e-02 1.321180e-02 3.522153e-02 1.301740e-02 1.286384e-02 1.281400e-02
-9.999000e+03 -9.999000e+03 -9.999000e+03 -9.999000e+03 -9.999000e+03 -9.999000e+03 -9.999000e+03 7.530409e-03 1.107617e-02 1.876851e-02 1.046839e-02 1.232699e-02 1.297510e-02 1.317593e-02 1.318439e-02 1.317243e-02 1.315017e-02 1.319706e-02 1.310017e-02 1.290254e-02 1.599434e-02 1.854365e-02 2.065318e-02 1.307111e-02 1.296307e-02 1.201034e-02 9.815736e-03 1.208834e-02 1.288864e-02 1.320066e-02 1.306048e-02 1.281298e-02 1.283516e-02 1.293165e-02 1.302102e-02 1.309804e-02 3.248941e-02 3.293918e-02 3.290650e-02 3.240557e-02 3.236847e-02 3.280925e-02 3.287769e-02 3.180658e-02 3.151273e-02 3.129635e-02 3.371358e-02 3.616237e-02 1.343117e-02 1.328714e-02 1.301527e-02 1.282748e-02
-9.999000e+03 -9.999000e+03 -9.999000e+03 -9.999000e+03 -9.999000e+03 -9.999000e+03 -9.999000e+03 9.975704e-03 1.832766e-02 1.319313e-02 1.062793e-02 1.239648e-02 1.294543e-02 1.321352e-02 1.325640e-02 1.325413e-02 1.315894e-02 1.308645e-02 1.294627e-02 1.274554e-02 1.278002e-02 1.292306e-02 1.282586e-02 1.291811e-02 9.883616e-03 9.784506e-03 1.201615e-02 1.283429e-02 1.308260e-02 1.316393e-02 1.307967e-02 1.294327e-02 1.295927e-02 3.159271e-02 3.191402e-02 3.209244e-02 1.305728e-02 1.308394e-02 1.311951e-02 1.312964e-02 1.318943e-02 1.328766e-02 1.331711e-02 1.752170e-02 2.098008e-02 2.406924e-02 1.344831e-02 1.347702e-02 1.352688e-02 1.353536e-02 1.334764e-02 1.309301e-02
