tests/data/reference/test_implicit_stream_rill_mfda/mwlevel_m.asc
ncols	123
nrows	77
xllcorner	-713746.79929998
yllcorner	-1061022.36961616
cellsize	10.0
NODATA_value	-9999
[rows 46 to 68 of 77, columns 0 to 51 of 123]
-9.999000e+03 -9.999000e+03 -9.999000e+03 -9.999000e+03 -9.999000e+03 -9.999000e+03 7.215830e-03 1.785294e-02 1.314756e-02 1.317175e-02 1.060191e-02 1.247761e-02 1.307199e-02 1.318438e-02 1.326453e-02 1.332736e-02 1.323882e-02 1.309241e-02 1.288228e-02 1.267100e-02 1.269141e-02 1.197540e-02 1.203245e-02 1.213087e-02 1.279649e-02 1.285989e-02 1.299890e-02 1.318191e-02 1.315753e-02 1.307692e-02 1.308086e-02 3.129247e-02 3.190641e-02 1.311737e-02 1.307250e-02 1.302880e-02 1.295985e-02 1.290612e-02 1.290530e-02 1.291632e-02 1.297161e-02 1.306640e-02 1.314322e-02 1.317782e-02 1.325129e-02 1.335571e-02 1.338595e-02 1.339406e-02 1.346212e-02 1.357449e-02 1.354481e-02 1.335443e-02
-9.999000e+03 -9.999000e+03 -9.999000e+03 -9.999000e+03 -9.999000e+03 -9.999000e+03 2.539048e-02 1.428529e-02 1.249336e-02 1.239635e-02 1.041270e-02 1.276878e-02 1.283704e-02 1.293191e-02 1.306355e-02 1.315267e-02 1.328163e-02 1.327284e-02 1.306764e-02 1.282785e-02 9.977922e-03 9.883421e-03 9.836115e-03 9.840075e-03 1.203415e-02 1.266417e-02 1.295928e-02 2.708774e-02 2.841887e-02 2.909333e-02 3.005638e-02 1.323278e-02 1.315775e-02 1.307423e-02 1.301145e-02 1.295981e-02 1.289405e-02 1.283776e-02 1.285073e-02 1.286946e-02 1.288586e-02 1.292162e-02 1.296937e-02 1.301624e-02 1.309975e-02 1.322498e-02 1.331126e-02 1.334139e-02 1.336187e-02 1.344562e-02 1.351774e-02 1.347549e-02
-9.999000e+03 -9.999000e+03 -9.999000e+03 -9.999000e+03 -9.999000e+03 7.852073e-03 1.414629e-02 1.606647e-02 1.051218e-02 1.047086e-02 1.218885e-02 1.257114e-02 1.263310e-02 1.285588e-02 1.273432e-02 1.297882e-02 1.318181e-02 1.329509e-02 1.313027e-02 1.290920e-02 1.589924e-02 1.821747e-02 2.012518e-02 2.234712e-02 2.342219e-02 2.459123e-02 2.592662e-02 1.331231e-02 1.331630e-02 1.323353e-02 1.322055e-02 1.324116e-02 1.315963e-02 1.305723e-02 1.298124e-02 1.292882e-02 1.286301e-02 1.278967e-02 1.280224e-02 1.284141e-02 1.285694e-02 1.286247e-02 1.286818e-02 1.288496e-02 1.294429e-02 1.305524e-02 1.318203e-02 1.327660e-02 1.329007e-02 1.331791e-02 1.342346e-02 1.347857e-02
-9.999000e+03 -9.999000e+03 -9.999000e+03 -9.999000e+03 1.094195e-02 1.454245e-02 1.294709e-02 1.489150e-02 1.064000e-02 1.073005e-02 1.232424e-02 1.270859e-02 1.323042e-02 1.215831e-02 1.271630e-02 1.292035e-02 1.309805e-02 1.323410e-02 1.306992e-02 1.286508e-02 1.286250e-02 1.293228e-02 1.304183e-02 1.298797e-02 1.316474e-02 1.328229e-02 1.330391e-02 1.334400e-02 1.339741e-02 1.338079e-02 1.334959e-02 1.336644e-02 1.334871e-02 1.328986e-02 1.321360e-02 1.313782e-02 1.303502e-02 1.289548e-02 1.283362e-02 1.284242e-02 1.287866e-02 1.289523e-02 1.286409e-02 1.283194e-02 1.284203e-02 1.290290e-02 1.302329e-02 1.316509e-02 1.321331e-02 1.321472e-02 1.327091e-02 1.339224e-02
-9.999000e+03 -9.999000e+03 -9.999000e+03 -9.999000e+03 7.698668e-03 1.319331e-02 1.227083e-02 1.254580e-02 1.246776e-02 1.089456e-02 1.280741e-02 1.616969e-02 1.053160e-02 1.215825e-02 1.264261e-02 1.284270e-02 1.302231e-02 1.318401e-02 1.304365e-02 1.282724e-02 1.277321e-02 1.307800e-02 1.269560e-02 1.288544e-02 1.303733e-02 1.318912e-02 1.323676e-02 1.326977e-02 1.335364e-02 1.340156e-02 1.337088e-02 1.335899e-02 1.336709e-02 1.336536e-02 1.333460e-02 1.327685e-02 1.318917e-02 1.304609e-02 1.291671e-02 1.286416e-02 1.291604e-02 1.296538e-02 1.291460e-02 1.284404e-02 1.280729e-02 1.281284e-02 1.290097e-02 1.304627e-02 1.312154e-02 1.295567e-02 1.304202e-02 1.317700e-02
-9.999000e+03 -9.999000e+03 -9.999000e+03 7.686824e-03 1.501201e-02 1.429040e-02 1.079307e-02 1.233439e-02 1.100669e-02 1.263877e-02 1.476286e-02 1.280211e-02 1.066972e-02 1.211767e-02 1.251411e-02 1.273890e-02 1.291205e-02 1.307953e-02 1.300057e-02 1.274984e-02 1.357262e-02 1.178258e-02 1.238387e-02 1.255302e-02 1.269009e-02 1.285672e-02 1.294605e-02 1.299021e-02 1.307750e-02 1.315526e-02 1.314197e-02 1.311077e-02 1.310518e-02 1.313557e-02 1.318506e-02 1.321695e-02 1.322783e-02 1.317433e-02 1.302874e-02 1.291420e-02 1.297224e-02 1.307176e-02 1.304393e-02 1.296661e-02 1.288623e-02 1.282434e-02 1.284724e-02 1.294719e-02 1.252994e-02 1.253670e-02 1.258354e-02 1.269059e-02
-9.999000e+03 -9.999000e+03 -9.999000e+03 8.224724e-03 1.476504e-02 1.223560e-02 1.110092e-02 1.131053e-02 1.243661e-02 1.247186e-02 1.374931e-02 1.266289e-02 1.086636e-02 1.203128e-02 1.239799e-02 1.265065e-02 1.278283e-02 1.294253e-02 1.297746e-02 1.656916e-02 9.954401e-03 1.163233e-02 1.208500e-02 1.222319e-02 1.234537e-02 1.252820e-02 1.265970e-02 1.273496e-02 1.284024e-02 1.294591e-02 1.296294e-02 1.293073e-02 1.289792e-02 1.291501e-02 1.299511e-02 1.307331e-02 1.315975e-02 1.321041e-02 1.310041e-02 1.293925e-02 1.297340e-02 1.310464e-02 1.313405e-02 1.309353e-02 1.300516e-02 1.290988e-02 1.288214e-02 1.147853e-02 1.151790e-02 1.154057e-02 1.156510e-02 2.288769e-02
-9.999000e+03 -9.999000e+03 9.665772e-03 1.011966e-02 1.242913e-02 1.217535e-02 1.153102e-02 1.168093e-02 1.156052e-02 1.175161e-02 1.340422e-02 1.275347e-02 1.117215e-02 1.202518e-02 1.236167e-02 1.253190e-02 1.254210e-02 1.264163e-02 1.512068e-02 1.286469e-02 1.030647e-02 1.170175e-02 1.193353e-02 1.201430e-02 1.209924e-02 1.221737e-02 1.238397e-02 1.253444e-02 1.268034e-02 1.283541e-02 1.291535e-02 1.290999e-02 1.283165e-02 1.279170e-02 1.281892e-02 1.287389e-02 1.296212e-02 1.306781e-02 1.304129e-02 1.291234e-02 1.291011e-02 1.301779e-02 1.310054e-02 1.313789e-02 1.310454e-02 1.303871e-02 9.155337e-03 9.099768e-03 9.091373e-03 9.125319e-03 2.396110e-02 1.313182e-02
-9.999000e+03 -9.999000e+03 4.153174e-02 1.291610e-02 1.112205e-02 1.150206e-02 1.182928e-02 1.152013e-02 1.299843e-02 1.395462e-02 1.168943e-02 1.275520e-02 1.144924e-02 1.216165e-02 1.223033e-02 1.228710e-02 1.217050e-02 1.215870e-02 1.244885e-02 1.391364e-02 1.076851e-02 1.162697e-02 1.166089e-02 1.190722e-02 1.187717e-02 1.192212e-02 1.214071e-02 1.231990e-02 1.248937e-02 1.266580e-02 1.279306e-02 1.283706e-02 1.280275e-02 1.269810e-02 1.271313e-02 1.275242e-02 1.283056e-02 1.293024e-02 1.293686e-02 1.287882e-02 1.288792e-02 1.296369e-02 1.304334e-02 1.310868e-02 1.309250e-02 1.304682e-02 1.301561e-02 1.300062e-02 2.271065e-02 2.524492e-02 1.316044e-02 1.314392e-02
-9.999000e+03 1.029149e-02 4.314526e-02 1.387130e-02 1.123966e-02 1.208314e-02 1.142851e-02 1.143562e-02 -9.999000e+03 -9.999000e+03 -9.999000e+03 1.171087e-02 1.157599e-02 1.112547e-02 1.093392e-02 1.092315e-02 1.083451e-02 1.068271e-02 1.084038e-02 1.140649e-02 1.154112e-02 1.104763e-02 1.176372e-02 1.178228e-02 1.178837e-02 1.197664e-02 1.204637e-02 1.213179e-02 1.225620e-02 1.238758e-02 1.249933e-02 1.279207e-02 1.270512e-02 1.266551e-02 1.268387e-02 1.273981e-02 1.282378e-02 1.289676e-02 1.285335e-02 1.281125e-02 1.289738e-02 1.297919e-02 1.303277e-02 1.304530e-02 1.301221e-02 1.299374e-02 1.696661e-02 2.000560e-02 1.311666e-02 1.318820e-02 1.314634e-02 1.310504e-02
-9.999000e+03 1.422825e-02 1.450963e-02 1.125021e-02 1.159813e-02 1.155527e-02 -9.999000e+03 -9.999000e+03 -9.999000e+03 -9.999000e+03 -9.999000e+03 -9.999000e+03 1.146491e-02 1.121362e-02 1.262122e-02 1.294144e-02 1.092362e-02 1.248815e-02 1.316544e-02 1.386652e-02 1.173955e-02 1.169742e-02 1.133083e-02 1.093143e-02 1.200106e-02 1.195645e-02 1.181862e-02 1.175010e-02 1.177449e-02 1.179173e-02 1.255195e-02 1.248020e-02 1.262800e-02 1.254881e-02 1.259995e-02 1.267233e-02 1.276103e-02 1.283306e-02 1.274821e-02 1.273876e-02 1.282513e-02 1.295452e-02 1.291671e-02 1.292206e-02 1.299230e-02 1.289171e-02 1.291922e-02 1.301676e-02 1.305085e-02 1.312248e-02 1.304558e-02 1.300605e-02
7.638108e-03 2.142873e-02 1.234196e-02 1.157526e-02 1.215270e-02 1.121662e-02 -9.999000e+03 -9.999000e+03 -9.999000e+03 -9.999000e+03 -9.999000e+03 -9.999000e+03 -9.999000e+03 -9.999000e+03 -9.999000e+03 1.087669e-02 1.273624e-02 1.074441e-02 1.087418e-02 1.107446e-02 1.384094e-02 -9.999000e+03 -9.999000e+03 1.133186e-02 1.092163e-02 1.068660e-02 1.044173e-02 1.020875e-02 1.009444e-02 1.263251e-02 1.186506e-02 1.244556e-02 1.231450e-02 1.228631e-02 1.237386e-02 1.244877e-02 1.249624e-02 1.256360e-02 1.274379e-02 1.257650e-02 1.268271e-02 1.255893e-02 1.258433e-02 1.299513e-02 1.281048e-02 1.271146e-02 1.282163e-02 1.273226e-02 1.279770e-02 1.286414e-02 1.287962e-02 1.272486e-02
8.936029e-03 1.164977e-02 1.174410e-02 1.174957e-02 1.118337e-02 -9.999000e+03 -9.999000e+03 -9.999000e+03 -9.999000e+03 -9.999000e+03 -9.999000e+03 -9.999000e+03 -9.999000e+03 -9.999000e+03 -9.999000e+03 -9.999000e+03 -9.999000e+03 -9.999000e+03 -9.999000e+03 -9.999000e+03 -9.999000e+03 -9.999000e+03 -9.999000e+03 1.143467e-02 1.102086e-02 1.087045e-02 1.237737e-02 1.264188e-02 1.291023e-02 1.041969e-02 1.260285e-02 1.190064e-02 1.184316e-02 1.177670e-02 1.183251e-02 1.183509e-02 1.179557e-02 1.272179e-02 1.244292e-02 1.232972e-02 1.160833e-02 1.166694e-02 1.292275e-02 1.258341e-02 1.253286e-02 1.283659e-02 1.238301e-02 1.235722e-02 1.238643e-02 1.288156e-02 1.262279e-02 1.256370e-02
-9.999000e+03 1.110245e-02 1.121436e-02 1.087821e-02 -9.999000e+03 -9.999000e+03 -9.999000e+03 -9.999000e+03 -9.999000e+03 -9.999000e+03 -9.999000e+03 -9.999000e+03 -9.999000e+03 -9.999000e+03 -9.999000e+03 -9.999000e+03 -9.999000e+03 -9.999000e+03 -9.999000e+03 -9.999000e+03 -9.999000e+03 -9.999000e+03 -9.999000e+03 -9.999000e+03 -9.999000e+03 -9.999000e+03 1.068308e-02 1.050344e-02 1.248644e-02 1.328851e-02 1.081523e-02 1.064869e-02 1.037866e-02 1.005674e-02 9.913106e-03 9.878665e-03 1.268672e-02 1.181434e-02 1.177956e-02 9.426482e-03 9.330510e-03 1.275364e-02 1.168088e-02 1.172111e-02 1.296668e-02 1.168694e-02 1.165193e-02 1.160820e-02 1.285406e-02 1.248814e-02 1.275039e-02 1.127327e-02
-9.999000e+03 -9.999000e+03 -9.999000e+03 -9.999000e+03 -9.999000e+03 -9.999000e+03 -9.999000e+03 -9.999000e+03 -9.999000e+03 -9.999000e+03 -9.999000e+03 -9.999000e+03 -9.999000e+03 -9.999000e+03 -9.999000e+03 -9.999000e+03 -9.999000e+03 -9.999000e+03 -9.999000e+03 -9.999000e+03 -9.999000e+03 -9.999000e+03 -9.999000e+03 -9.999000e+03 -9.999000e+03 -9.999000e+03 -9.999000e+03 -9.999000e+03 1.060294e-02 1.286962e-02 1.100307e-02 1.084438e-02 1.052428e-02 1.200348e-02 1.265699e-02 1.308974e-02 1.004457e-02 9.867851e-03 9.704116e-03 1.178008e-02 1.255103e-02 9.414812e-03 9.386686e-03 1.286735e-02 9.364442e-03 9.360664e-03 9.374560e-03 1.304848e-02 1.168217e-02 1.284618e-02 9.223259e-03 8.978117e-03
-9.999000e+03 -9.999000e+03 -9.999000e+03 -9.999000e+03 -9.999000e+03 -9.999000e+03 -9.999000e+03 -9.999000e+03 -9.999000e+03 -9.999000e+03 -9.999000e+03 -9.999000e+03 -9.999000e+03 -9.999000e+03 -9.999000e+03 -9.999000e+03 -9.999000e+03 -9.999000e+03 -9.999000e+03 -9.999000e+03 -9.999000e+03 -9.999000e+03 -9.999000e+03 -9.999000e+03 -9.999000e+03 -9.999000e+03 -9.999000e+03 -9.999000e+03 -9.999000e+03 1.090959e-02 1.304903e-02 1.228605e-02 1.205044e-02 1.005213e-02 9.987912e-03 1.014979e-02 1.013941e-02 9.932989e-03 1.193946e-02 1.259413e-02 1.285814e-02 1.299445e-02 1.296999e-02 9.409825e-03 1.175132e-02 1.266160e-02 1.304404e-02 9.518516e-03 1.295371e-02 9.363383e-03 1.158886e-02 1.232259e-02
-9.999000e+03 -9.999000e+03 -9.999000e+03 -9.999000e+03 -9.999000e+03 -9.999000e+03 -9.999000e+03 -9.999000e+03 -9.999000e+03 -9.999000e+03 -9.999000e+03 -9.999000e+03 -9.999000e+03 -9.999000e+03 -9.999000e+03 -9.999000e+03 -9.999000e+03 -9.999000e+03 -9.999000e+03 -9.999000e+03 -9.999000e+03 -9.999000e+03 -9.999000e+03 -9.999000e+03 -9.999000e+03 -9.999000e+03 -9.999000e+03 -9.999000e+03 -9.999000e+03 -9.999000e+03 1.225212e-02 -9.999000e+03 -9.999000e+03 -9.999000e+03 -9.999000e+03 -9.999000e+03 -9.999000e+03 -9.999000e+03 9.788137e-03 1.197295e-02 1.274601e-02 1.304180e-02 1.297983e-02 1.283804e-02 1.289826e-02 1.301913e-02 1.317697e-02 1.335766e-02 9.589522e-03 1.161280e-02 1.239966e-02 1.274915e-02
-9.999000e+03 -9.999000e+03 -9.999000e+03 -9.999000e+03 -9.999000e+03 -9.999000e+03 -9.999000e+03 -9.999000e+03 -9.999000e+03 -9.999000e+03 -9.999000e+03 -9.999000e+03 -9.999000e+03 -9.999000e+03 -9.999000e+03 -9.999000e+03 -9.999000e+03 -9.999000e+03 -9.999000e+03 -9.999000e+03 -9.999000e+03 -9.999000e+03 -9.999000e+03 -9.999000e+03 -9.999000e+03 -9.999000e+03 -9.999000e+03 -9.999000e+03 -9.999000e+03 -9.999000e+03 -9.999000e+03 -9.999000e+03 -9.999000e+03 -9.999000e+03 -9.999000e+03 -9.999000e+03 -9.999000e+03 -9.999000e+03 -9.999000e+03 -9.999000e+03 -9.999000e+03 9.774234e-03 9.708368e-03 9.531467e-03 1.177914e-02 1.268393e-02 1.309924e-02 1.336285e-02 1.307516e-02 1.266117e-02 1.277097e-02 1.303407e-02
-9.999000e+03 -9.999000e+03 -9.999000e+03 -9.999000e+03 -9.999000e+03 -9.999000e+03 -9.999000e+03 -9.999000e+03 -9.999000e+03 -9.999000e+03 -9.999000e+03 -9.999000e+03 -9.999000e+03 -9.999000e+03 -9.999000e+03 -9.999000e+03 -9.999000e+03 -9.999000e+03 -9.999000e+03 -9.999000e+03 -9.999000e+03 -9.999000e+03 -9.999000e+03 -9.999000e+03 -9.999000e+03 -9.999000e+03 -9.999000e+03 -9.999000e+03 -9.999000e+03 -9.999000e+03 -9.999000e+03 -9.999000e+03 -9.999000e+03 -9.999000e+03 -9.999000e+03 -9.999000e+03 -9.999000e+03 -9.999000e+03 -9.999000e+03 -9.999000e+03 -9.999000e+03 -9.999000e+03 -9.999000e+03 -9.999000e+03 9.411342e-03 9.454208e-03 1.194658e-02 1.293310e-02 9.583143e-03 1.156614e-02 1.251031e-02 1.314775e-02
-9.999000e+03 -9.999000e+03 -9.999000e+03 -9.999000e+03 -9.999000e+03 -9.999000e+03 -9.999000e+03 -9.999000e+03 -9.999000e+03 -9.999000e+03 -9.999000e+03 -9.999000e+03 -9.999000e+03 -9.999000e+03 -9.999000e+03 -9.999000e+03 -9.999000e+03 -9.999000e+03 -9.999000e+03 -9.999000e+03 -9.999000e+03 -9.999000e+03 -9.999000e+03 -9.999000e+03 -9.999000e+03 -9.999000e+03 -9.999000e+03 -9.999000e+03 -9.999000e+03 -9.999000e+03 -9.999000e+03 -9.999000e+03 -9.999000e+03 -9.999000e+03 -9.999000e+03 -9.999000e+03 -9.999000e+03 -9.999000e+03 -9.999000e+03 -9.999000e+03 -9.999000e+03 -9.999000e+03 -9.999000e+03 -9.999000e+03 -9.999000e+03 -9.999000e+03 -9.999000e+03 -9.999000e+03 -9.999000e+03 -9.999000e+03 9.304403e-03 1.208977e-02
-9.999000e+03 -9.999000e+03 -9.999000e+03 -9.999000e+03 -9.999000e+03 -9.999000e+03 -9.999000e+03 -9.999000e+03 -9.999000e+03 -9.999000e+03 -9.999000e+03 -9.999000e+03 -9.999000e+03 -9.999000e+03 -9.999000e+03 -9.999000e+03 -9.999000e+03 -9.999000e+03 -9.999000e+03 -9.999000e+03 -9.999000e+03 -9.999000e+03 -9.999000e+03 -9.999000e+03 -9.999000e+03 -9.999000e+03 -9.999000e+03 -9.999000e+03 -9.999000e+03 -9.999000e+03 -9.999000e+03 -9.999000e+03 -9.999000e+03 -9.999000e+03 -9.999000e+03 -9.999000e+03 -9.999000e+03 -9.999000e+03 -9.999000e+03 -9.999000e+03 -9.999000e+03 -9.999000e+03 -9.999000e+03 -9.999000e+03 -9.999000e+03 -9.999000e+03 -9.999000e+03 -9.999000e+03 -9.999000e+03 -9.999000e+03 -9.999000e+03 9.678573e-03
-9.999000e+03 -9.999000e+03 -9.999000e+03 -9.999000e+03 -9.999000e+03 -9.999000e+03 -9.999000e+03 -9.999000e+03 -9.999000e+03 -9.999000e+03 -9.999000e+03 -9.999000e+03 -9.999000e+03 -9.999000e+03 -9.999000e+03 -9.999000e+03 -9.999000e+03 -9.999000e+03 -9.999000e+03 -9.999000e+03 -9.999000e+03 -9.999000e+03 -9.999000e+03 -9.999000e+03 -9.999000e+03 -9.999000e+03 -9.999000e+03 -9.999000e+03 -9.999000e+03 -9.999000e+03 -9.999000e+03 -9.999000e+03 -9.999000e+03 -9.999000e+03 -9.999000e+03 -9.999000e+03 -9.999000e+03 -9.999000e+03 -9.999000e+03 -9.999000e+03 -9.999000e+03 -9.999000e+03 -9.999000e+03 -9.999000e+03 -9.999000e+03 -9.999000e+03 -9.999000e+03 -9.999000e+03 -9.999000e+03 -9.999000e+03 -9.999000e+03 -9.999000e+03
-9.999000e+03 -9.999000e+03 -9.999000e+03 -9.999000e+03 -9.999000e+03 -9.999000e+03 -9.999000e+03 -9.999000e+03 -9.999000e+03 -9.999000e+03 -9.999000e+03 -9.999000e+03 -9.999000e+03 -9.999000e+03 -9.999000e+03 -9.999000e+03 -9.999000e+03 -9.999000e+03 -9.999000e+03 -9.999000e+03 -9.999000e+03 -9.999000e+03 -9.999000e+03 -9.999000e+03 -9.999000e+03 -9.999000e+03 -9.999000e+03 -9.999000e+03 -9.999000e+03 -9.999000e+03 -9.999000e+03 -9.999000e+03 -9.999000e+03 -9.999000e+03 -9.999000e+03 -9.999000e+03 -9.999000e+03 -9.999000e+03 -9.999000e+03 -9.999000e+03 -9.999000e+03 -9.999000e+03 -9.999000e+03 -9.999000e+03 -9.999000e+03 -9.999000e+03 -9.999000e+03 -9.999000e+03 -9.999000e+03 -9.999000e+03 -9.999000e+03 -9.999000e+03
