tests/data/reference/test_implicit_stream_rill_mfda/mwlevel_m.asc
ncols	123
nrows	77
xllcorner	-713746.79929998
yllcorner	-1061022.36961616
cellsize	10.0
NODATA_value	-9999
[rows 23 to 45 of 77, columns 52 to 103 of 123]
1.051247e-02 1.180711e-02 1.190338e-02 1.202328e-02 1.206181e-02 1.205918e-02 1.207609e-02 1.210917e-02 1.209879e-02 1.205418e-02 1.204874e-02 1.207448e-02 1.208364e-02 1.211870e-02 1.222619e-02 1.234333e-02 2.255895e-02 1.212881e-02 1.196097e-02 1.182464e-02 1.171597e-02 1.161640e-02 1.143134e-02 1.160412e-02 8.849145e-03 1.091711e-02 2.294834e-02 1.434636e-02 2.047735e-02 1.250360e-02 1.181092e-02 1.088149e-02 9.003325e-03 9.281227e-03 -9.999000e+03 -9.999000e+03 -9.999000e+03 -9.999000e+03 -9.999000e+03 -9.999000e+03 -9.999000e+03 -9.999000e+03 -9.999000e+03 -9.999000e+03 -9.999000e+03 -9.999000e+03 -9.999000e+03 -9.999000e+03 -9.999000e+03 -9.999000e+03 -9.999000e+03 -9.999000e+03
1.045510e-02 1.137129e-02 1.195496e-02 1.204592e-02 1.207473e-02 1.207990e-02 1.210905e-02 1.214506e-02 1.212167e-02 1.207261e-02 1.207051e-02 1.207195e-02 1.209854e-02 1.218551e-02 1.228605e-02 1.234016e-02 2.416738e-02 1.199818e-02 1.192480e-02 1.184341e-02 1.177552e-02 1.173511e-02 1.168377e-02 1.170478e-02 1.075668e-02 1.153821e-02 8.980900e-03 2.265344e-02 1.329318e-02 1.841083e-02 1.544543e-02 1.171651e-02 1.093319e-02 1.097850e-02 9.371754e-03 -9.999000e+03 -9.999000e+03 -9.999000e+03 -9.999000e+03 -9.999000e+03 -9.999000e+03 -9.999000e+03 -9.999000e+03 -9.999000e+03 -9.999000e+03 -9.999000e+03 -9.999000e+03 -9.999000e+03 -9.999000e+03 -9.999000e+03 -9.999000e+03 -9.999000e+03
1.181703e-02 1.139380e-02 1.181305e-02 1.205090e-02 1.210407e-02 1.214441e-02 1.218171e-02 1.217886e-02 1.210993e-02 1.204033e-02 1.202911e-02 1.205656e-02 1.214267e-02 1.225285e-02 1.228874e-02 1.224070e-02 2.484242e-02 1.182732e-02 1.184983e-02 1.185654e-02 1.184065e-02 1.183144e-02 1.182235e-02 1.181905e-02 1.148270e-02 1.167485e-02 1.073808e-02 1.983793e-02 8.910091e-03 1.182852e-02 2.215065e-02 1.225734e-02 1.173292e-02 1.141405e-02 1.070679e-02 9.092258e-03 9.312163e-03 9.332741e-03 -9.999000e+03 -9.999000e+03 -9.999000e+03 -9.999000e+03 -9.999000e+03 -9.999000e+03 -9.999000e+03 -9.999000e+03 -9.999000e+03 -9.999000e+03 -9.999000e+03 -9.999000e+03 -9.999000e+03 -9.999000e+03
1.043733e-02 1.194792e-02 1.185184e-02 1.206824e-02 1.218571e-02 1.220514e-02 1.218535e-02 1.211225e-02 1.203931e-02 1.200945e-02 1.203249e-02 1.209758e-02 1.218086e-02 1.222651e-02 1.219764e-02 1.214234e-02 2.583088e-02 1.191372e-02 1.194098e-02 1.195908e-02 1.197074e-02 1.197961e-02 1.197662e-02 1.195171e-02 1.179972e-02 1.177824e-02 1.138372e-02 1.788372e-02 1.072647e-02 1.173585e-02 2.002593e-02 1.212076e-02 1.200071e-02 1.180824e-02 1.145852e-02 1.087453e-02 1.100839e-02 9.245958e-03 1.118578e-02 9.358179e-03 -9.999000e+03 -9.999000e+03 -9.999000e+03 -9.999000e+03 -9.999000e+03 -9.999000e+03 -9.999000e+03 -9.999000e+03 -9.999000e+03 -9.999000e+03 -9.999000e+03 -9.999000e+03
1.139465e-02 8.189057e-03 1.212361e-02 1.216971e-02 1.224589e-02 1.220964e-02 1.211553e-02 1.201736e-02 1.198974e-02 1.201448e-02 1.206347e-02 1.212542e-02 1.215201e-02 1.213334e-02 1.211003e-02 1.212872e-02 2.723051e-02 1.208584e-02 1.209017e-02 1.209968e-02 1.213303e-02 1.215490e-02 1.214500e-02 1.209431e-02 1.197906e-02 1.189184e-02 1.170220e-02 1.646030e-02 1.139729e-02 1.162441e-02 1.718806e-02 1.178001e-02 1.204511e-02 1.218350e-02 1.206198e-02 1.174541e-02 9.052870e-03 9.178652e-03 1.121707e-02 1.186904e-02 1.128856e-02 5.853242e-03 -9.999000e+03 -9.999000e+03 -9.999000e+03 -9.999000e+03 -9.999000e+03 -9.999000e+03 -9.999000e+03 -9.999000e+03 -9.999000e+03 -9.999000e+03
1.183417e-02 1.052327e-02 1.215338e-02 1.216479e-02 8.411078e-03 1.214887e-02 1.206639e-02 1.199512e-02 1.198478e-02 1.201353e-02 1.205472e-02 1.210379e-02 1.212344e-02 1.213114e-02 1.217137e-02 1.223686e-02 2.853188e-02 1.206265e-02 1.203387e-02 1.203020e-02 1.204886e-02 1.206992e-02 1.207849e-02 1.206505e-02 1.201410e-02 1.194743e-02 1.185132e-02 1.523727e-02 1.171276e-02 1.172750e-02 1.532385e-02 1.177769e-02 1.198441e-02 1.215429e-02 1.218573e-02 1.205002e-02 1.108247e-02 1.110506e-02 9.187482e-03 1.180085e-02 0.000000e+00 1.010663e-02 6.652424e-03 7.361601e-03 -9.999000e+03 -9.999000e+03 -9.999000e+03 -9.999000e+03 -9.999000e+03 -9.999000e+03 -9.999000e+03 -9.999000e+03
1.206025e-02 1.155722e-02 1.215570e-02 1.210454e-02 8.388507e-03 1.062785e-02 1.205824e-02 1.199334e-02 1.196554e-02 1.198805e-02 1.202909e-02 1.208578e-02 1.214129e-02 1.221968e-02 1.231619e-02 1.235278e-02 1.224232e-02 2.758139e-02 1.189972e-02 1.187997e-02 1.187149e-02 1.189032e-02 1.192750e-02 1.196979e-02 1.199504e-02 1.197741e-02 1.193978e-02 1.412703e-02 1.191008e-02 1.189833e-02 1.393971e-02 1.185010e-02 1.187770e-02 1.195816e-02 1.208281e-02 1.213271e-02 1.182800e-02 1.175120e-02 1.109046e-02 0.000000e+00 0.000000e+00 2.335110e-02 1.682468e-02 1.005846e-02 8.053798e-03 -9.999000e+03 -9.999000e+03 -9.999000e+03 -9.999000e+03 -9.999000e+03 -9.999000e+03 -9.999000e+03
1.223547e-02 1.203349e-02 1.217952e-02 1.209393e-02 1.062419e-02 8.380478e-03 1.150724e-02 1.195366e-02 1.195857e-02 1.204044e-02 1.212258e-02 1.220559e-02 1.227712e-02 1.234705e-02 1.235672e-02 1.224818e-02 1.205059e-02 1.186238e-02 2.342473e-02 1.182567e-02 1.184980e-02 1.188991e-02 1.193026e-02 1.196256e-02 1.198486e-02 1.198579e-02 1.199515e-02 1.298374e-02 1.198286e-02 1.194270e-02 1.249698e-02 1.184326e-02 1.181928e-02 1.183784e-02 8.906008e-03 9.004537e-03 1.191751e-02 1.185206e-02 0.000000e+00 0.000000e+00 1.144110e-02 1.911145e-02 1.400734e-02 1.131949e-02 9.968800e-03 8.302797e-03 -9.999000e+03 -9.999000e+03 -9.999000e+03 -9.999000e+03 -9.999000e+03 -9.999000e+03
1.241153e-02 1.227429e-02 1.221555e-02 1.211277e-02 1.154165e-02 1.059801e-02 8.326128e-03 1.176575e-02 1.202933e-02 1.218143e-02 1.230201e-02 1.240395e-02 1.244893e-02 1.241303e-02 1.224847e-02 1.201449e-02 1.181829e-02 1.168994e-02 2.110938e-02 1.182171e-02 1.189318e-02 1.195645e-02 1.198836e-02 1.198785e-02 1.197936e-02 1.199289e-02 1.204351e-02 1.206480e-02 1.201325e-02 1.194328e-02 1.187165e-02 1.181416e-02 1.178510e-02 8.635589e-03 8.761776e-03 8.873147e-03 1.179547e-02 0.000000e+00 0.000000e+00 1.059474e-02 1.201229e-02 1.579826e-02 1.264560e-02 1.196974e-02 1.141039e-02 9.792957e-03 9.936020e-03 -9.999000e+03 -9.999000e+03 -9.999000e+03 -9.999000e+03 -9.999000e+03
1.260694e-02 1.245006e-02 1.234281e-02 1.225986e-02 8.481961e-03 1.193586e-02 1.153946e-02 1.063450e-02 1.210230e-02 1.224190e-02 1.229129e-02 1.231908e-02 1.226908e-02 1.214399e-02 1.197255e-02 1.182358e-02 1.174738e-02 1.172405e-02 2.088685e-02 1.197875e-02 1.203008e-02 1.204795e-02 1.203126e-02 1.199820e-02 1.198112e-02 1.201174e-02 1.207984e-02 1.211742e-02 1.209459e-02 1.205201e-02 1.199379e-02 1.193130e-02 8.509273e-03 8.555565e-03 8.652259e-03 8.753990e-03 0.000000e+00 0.000000e+00 1.045124e-02 1.178134e-02 1.189136e-02 1.299852e-02 9.508699e-03 9.687125e-03 1.171376e-02 1.124782e-02 1.114527e-02 9.816131e-03 8.177815e-03 -9.999000e+03 -9.999000e+03 -9.999000e+03
1.287493e-02 1.257042e-02 1.242634e-02 1.237782e-02 1.232242e-02 1.083377e-02 1.215601e-02 1.203484e-02 1.167705e-02 1.215162e-02 1.211095e-02 1.203958e-02 1.192563e-02 1.182041e-02 1.175792e-02 1.174373e-02 1.179537e-02 1.188594e-02 1.202554e-02 2.364921e-02 1.220165e-02 1.214491e-02 1.206362e-02 1.200021e-02 1.198684e-02 1.203561e-02 1.211269e-02 1.217049e-02 1.219904e-02 1.220879e-02 1.217663e-02 8.518500e-03 8.543780e-03 8.555774e-03 0.000000e+00 0.000000e+00 0.000000e+00 8.905698e-03 1.175235e-02 1.189921e-02 1.181432e-02 9.043630e-03 9.170086e-03 1.103416e-02 1.172602e-02 1.187212e-02 1.195842e-02 9.687423e-03 9.807397e-03 7.129689e-03 -9.999000e+03 -9.999000e+03
7.846097e-02 7.135891e-02 1.278524e-02 1.271661e-02 1.217922e-02 1.212662e-02 1.161274e-02 1.207606e-02 1.201188e-02 1.184636e-02 1.196103e-02 1.189175e-02 1.180902e-02 1.176276e-02 1.175939e-02 1.179809e-02 1.189661e-02 1.202852e-02 1.217942e-02 3.323873e-02 1.228944e-02 1.224811e-02 1.217082e-02 1.211125e-02 1.210697e-02 1.215925e-02 1.221880e-02 1.223888e-02 1.223735e-02 1.223876e-02 1.220418e-02 8.537476e-03 8.540806e-03 0.000000e+00 0.000000e+00 1.065126e-02 8.820303e-03 1.090927e-02 1.194514e-02 1.187361e-02 8.848729e-03 8.914220e-03 8.999078e-03 1.151071e-02 1.173384e-02 1.181550e-02 9.530779e-03 9.516499e-03 9.506105e-03 1.615250e-02 9.866932e-03 7.052966e-03
2.055954e-02 1.824392e-02 6.011244e-02 1.233938e-02 1.234562e-02 1.227185e-02 1.221394e-02 1.205640e-02 1.217907e-02 1.214884e-02 1.208840e-02 1.209048e-02 1.205359e-02 1.205499e-02 1.209189e-02 1.218962e-02 1.235052e-02 1.252474e-02 1.269694e-02 1.283550e-02 3.742558e-02 1.282971e-02 1.276207e-02 1.269842e-02 1.229116e-02 1.234253e-02 1.236872e-02 1.232652e-02 1.225836e-02 1.221366e-02 1.216484e-02 8.528132e-03 0.000000e+00 0.000000e+00 1.016962e-02 1.199851e-02 1.091446e-02 1.163158e-02 1.194109e-02 8.686404e-03 8.755683e-03 8.838320e-03 8.925793e-03 9.041557e-03 1.175192e-02 1.167327e-02 9.223002e-03 1.102283e-02 1.108303e-02 1.356871e-02 9.518433e-03 1.622139e-02
9.091543e-03 1.126043e-02 1.212068e-02 5.577084e-02 5.601953e-02 5.150503e-02 5.024441e-02 1.232837e-02 1.239330e-02 1.251985e-02 1.256966e-02 1.257450e-02 1.263605e-02 1.271389e-02 1.710842e-02 1.283581e-02 1.287207e-02 1.286866e-02 1.284991e-02 1.281867e-02 9.241241e-03 3.787222e-02 1.685684e-02 1.267504e-02 1.277559e-02 1.286397e-02 1.236639e-02 1.228527e-02 1.219394e-02 1.212782e-02 1.209214e-02 0.000000e+00 0.000000e+00 8.529118e-03 1.172574e-02 1.216580e-02 1.166803e-02 1.189900e-02 1.196966e-02 8.634868e-03 8.690061e-03 8.776486e-03 8.862512e-03 8.963405e-03 1.183670e-02 1.181150e-02 1.108161e-02 1.161959e-02 1.162724e-02 1.235057e-02 1.106232e-02 1.351652e-02
1.201964e-02 1.220900e-02 1.246319e-02 1.282209e-02 1.263565e-02 1.225845e-02 1.233425e-02 5.020498e-02 5.297468e-02 5.548386e-02 5.723695e-02 5.789542e-02 5.988337e-02 6.375613e-02 6.834359e-02 7.279010e-02 7.244597e-02 1.343466e-02 1.315772e-02 1.290060e-02 1.260145e-02 1.121958e-02 3.658681e-02 1.256595e-02 1.274605e-02 1.282863e-02 1.280555e-02 1.217890e-02 1.208107e-02 1.201459e-02 0.000000e+00 0.000000e+00 8.459363e-03 8.501366e-03 1.201850e-02 1.207022e-02 1.191386e-02 1.200234e-02 1.201854e-02 8.617920e-03 8.654524e-03 8.731865e-03 8.808737e-03 8.900206e-03 9.010249e-03 9.118384e-03 1.184736e-02 1.199877e-02 1.191847e-02 1.199843e-02 1.153322e-02 1.228404e-02
1.104713e-02 1.189831e-02 1.239314e-02 3.228115e-02 3.354893e-02 3.165850e-02 3.157438e-02 3.312001e-02 3.466363e-02 3.623602e-02 3.757173e-02 3.852965e-02 3.988391e-02 4.179043e-02 4.398540e-02 4.628866e-02 4.707449e-02 7.987764e-02 8.309316e-02 1.293837e-02 1.275940e-02 1.251520e-02 3.916479e-02 1.276515e-02 1.279527e-02 1.274430e-02 1.265051e-02 1.257933e-02 1.201411e-02 0.000000e+00 0.000000e+00 8.463858e-03 8.442615e-03 8.484131e-03 1.203099e-02 1.201370e-02 1.197160e-02 1.199505e-02 8.577674e-03 8.576711e-03 8.605291e-03 8.680499e-03 8.759965e-03 8.842130e-03 8.938174e-03 9.053460e-03 9.155671e-03 1.205997e-02 1.203702e-02 1.202467e-02 1.186259e-02 1.203878e-02
1.191394e-02 2.234323e-02 2.246903e-02 1.198496e-02 1.199302e-02 1.192319e-02 1.197220e-02 1.208037e-02 1.216822e-02 1.225501e-02 1.233934e-02 1.275769e-02 1.285764e-02 1.297502e-02 1.309944e-02 1.320549e-02 1.838209e-02 2.262061e-02 2.168450e-02 7.727750e-02 8.034194e-02 7.416803e-02 7.791433e-02 4.764829e-02 1.284849e-02 1.263123e-02 1.251675e-02 1.240419e-02 0.000000e+00 0.000000e+00 8.586898e-03 1.066972e-02 8.433179e-03 8.476754e-03 1.202509e-02 1.199561e-02 1.197157e-02 1.195906e-02 8.518383e-03 8.513722e-03 8.538026e-03 8.612939e-03 8.709431e-03 8.797739e-03 8.861210e-03 8.939182e-03 9.053002e-03 1.199461e-02 1.207245e-02 1.214938e-02 1.216044e-02 1.216160e-02
2.558613e-02 1.180056e-02 1.180059e-02 1.181370e-02 1.172540e-02 1.161304e-02 1.162176e-02 1.169169e-02 1.175246e-02 1.182955e-02 1.192575e-02 1.202340e-02 1.211767e-02 1.222101e-02 1.234020e-02 1.280460e-02 1.293845e-02 1.323965e-02 1.825063e-02 2.311151e-02 2.617508e-02 3.421500e-02 2.239258e-02 1.003685e-01 5.404739e-02 1.289829e-02 1.261782e-02 9.206896e-03 0.000000e+00 1.068807e-02 1.081375e-02 1.156047e-02 8.408879e-03 1.065633e-02 1.200593e-02 1.200173e-02 1.198256e-02 1.195910e-02 8.472202e-03 8.468454e-03 8.495332e-03 8.562214e-03 8.661363e-03 8.768477e-03 8.822308e-03 8.860585e-03 8.949922e-03 9.058311e-03 1.197101e-02 1.204799e-02 1.210375e-02 1.211112e-02
1.185522e-02 1.180924e-02 1.180966e-02 1.182026e-02 1.174578e-02 1.161957e-02 1.158550e-02 1.160132e-02 1.159738e-02 1.162552e-02 1.171393e-02 1.181237e-02 1.188131e-02 1.194402e-02 1.203072e-02 1.212107e-02 1.261646e-02 1.229976e-02 1.283637e-02 1.317441e-02 1.326453e-02 0.000000e+00 0.000000e+00 0.000000e+00 1.054669e-01 5.484204e-02 1.241584e-02 0.000000e+00 0.000000e+00 1.258537e-02 1.221462e-02 1.194417e-02 8.377166e-03 1.146196e-02 1.197852e-02 1.201468e-02 1.200269e-02 8.461388e-03 8.435485e-03 8.428871e-03 8.467125e-03 8.536412e-03 8.627651e-03 8.744544e-03 8.808766e-03 8.822534e-03 8.863717e-03 8.935729e-03 1.184792e-02 1.188423e-02 1.192644e-02 1.197936e-02
1.182960e-02 1.177706e-02 1.177156e-02 1.179690e-02 1.176243e-02 1.166330e-02 1.161738e-02 1.159846e-02 1.153279e-02 1.149318e-02 1.155463e-02 1.164873e-02 1.170297e-02 1.174110e-02 1.180113e-02 1.317964e-02 1.191238e-02 1.197183e-02 1.211791e-02 1.234158e-02 1.283979e-02 1.284958e-02 1.309277e-02 0.000000e+00 0.000000e+00 0.000000e+00 6.274789e-02 0.000000e+00 9.808523e-03 1.311176e-02 1.275126e-02 1.263473e-02 1.074345e-02 1.190904e-02 1.202996e-02 1.201354e-02 1.199139e-02 8.435786e-03 8.412281e-03 8.391262e-03 8.422559e-03 8.501634e-03 8.598376e-03 8.720245e-03 8.795584e-03 8.811966e-03 8.831722e-03 1.094399e-02 1.187494e-02 1.188648e-02 1.190816e-02 1.191842e-02
1.181565e-02 1.179842e-02 1.178832e-02 1.181795e-02 1.183183e-02 1.178925e-02 1.176707e-02 1.175500e-02 1.165234e-02 1.153519e-02 1.151982e-02 1.156267e-02 1.159803e-02 1.161374e-02 1.411317e-02 1.168319e-02 1.167999e-02 1.167869e-02 1.176402e-02 1.190895e-02 1.201963e-02 1.237278e-02 1.261195e-02 1.302595e-02 1.305969e-02 0.000000e+00 0.000000e+00 0.000000e+00 5.097446e-02 1.201534e-02 1.699747e-02 1.296399e-02 1.192488e-02 1.227730e-02 1.214892e-02 1.201915e-02 1.196585e-02 8.399757e-03 8.392560e-03 8.367781e-03 8.380713e-03 8.454296e-03 8.561656e-03 8.696434e-03 8.783839e-03 8.816344e-03 8.839117e-03 1.169320e-02 1.194843e-02 1.193676e-02 1.194297e-02 1.189526e-02
1.180647e-02 1.181247e-02 1.177833e-02 1.178558e-02 1.183926e-02 1.186078e-02 1.186784e-02 1.186137e-02 1.178434e-02 1.164126e-02 1.155503e-02 1.155431e-02 1.156040e-02 1.548281e-02 1.157671e-02 1.157335e-02 1.150480e-02 1.146963e-02 1.156087e-02 1.162913e-02 1.169610e-02 1.176982e-02 1.223240e-02 1.259858e-02 1.269978e-02 1.588239e-02 0.000000e+00 0.000000e+00 0.000000e+00 0.000000e+00 1.871282e-02 1.311481e-02 1.273502e-02 1.224586e-02 1.214485e-02 1.206020e-02 1.200690e-02 8.370503e-03 8.355660e-03 8.341337e-03 8.348339e-03 8.401911e-03 8.498524e-03 8.631759e-03 8.726143e-03 8.776414e-03 8.813791e-03 1.192304e-02 1.198522e-02 1.194129e-02 1.189441e-02 1.183861e-02
1.195974e-02 1.191110e-02 1.177334e-02 1.168827e-02 1.174749e-02 1.182176e-02 1.176514e-02 1.179415e-02 1.180833e-02 1.174800e-02 1.172584e-02 1.164151e-02 1.728099e-02 1.167723e-02 1.163145e-02 1.151984e-02 1.142438e-02 1.145139e-02 1.141432e-02 1.151615e-02 1.152706e-02 1.152214e-02 1.170320e-02 1.230623e-02 1.240740e-02 0.000000e+00 0.000000e+00 1.124209e-02 1.269049e-02 0.000000e+00 0.000000e+00 0.000000e+00 1.253673e-02 1.237513e-02 1.204213e-02 1.210129e-02 1.207811e-02 8.359083e-03 8.317648e-03 8.310540e-03 8.319426e-03 8.354904e-03 8.425180e-03 8.534276e-03 8.624894e-03 8.691447e-03 8.751593e-03 1.196445e-02 1.200554e-02 1.194565e-02 1.182762e-02 1.177115e-02
