tests/data/reference/test_implicit_stream_rill_mfda/mwlevel_m.asc
ncols	123
nrows	77
xllcorner	-713746.79929998
yllcorner	-1061022.36961616
cellsize	10.0
NODATA_value	-9999
[rows 23 to 45 of 77, columns 0 to 51 of 123]
-9.999000e+03 -9.999000e+03 -9.999000e+03 -9.999000e+03 -9.999000e+03 -9.999000e+03 -9.999000e+03 -9.999000e+03 -9.999000e+03 -9.999000e+03 -9.999000e+03 -9.999000e+03 -9.999000e+03 -9.999000e+03 1.157377e-02 1.421495e-02 1.418416e-02 1.312159e-02 1.140028e-02 1.262145e-02 1.014969e-02 5.747964e-03 1.066664e-02 2.143385e-02 2.401709e-02 1.340925e-02 1.610261e-02 1.342642e-02 1.295092e-02 1.308568e-02 9.132254e-03 1.147838e-02 1.245171e-02 1.305345e-02 2.314990e-02 1.312354e-02 1.308482e-02 8.922348e-03 1.738487e-02 1.306382e-02 1.311751e-02 1.315721e-02 1.317640e-02 1.316654e-02 1.313926e-02 1.310790e-02 1.308236e-02 1.305973e-02 1.304385e-02 1.281379e-02 1.233240e-02 8.650174e-03
-9.999000e+03 -9.999000e+03 -9.999000e+03 -9.999000e+03 -9.999000e+03 -9.999000e+03 -9.999000e+03 -9.999000e+03 -9.999000e+03 -9.999000e+03 -9.999000e+03 -9.999000e+03 -9.999000e+03 -9.999000e+03 2.574141e-02 2.615051e-02 2.040217e-02 1.241142e-02 1.146843e-02 1.076450e-02 5.356451e-03 8.282048e-03 9.993218e-03 1.093787e-02 1.827881e-02 2.377335e-02 1.402267e-02 1.328526e-02 1.350072e-02 9.597387e-03 1.297969e-02 1.148464e-02 1.248662e-02 1.294304e-02 2.544186e-02 1.315119e-02 1.304642e-02 8.888920e-03 1.770736e-02 1.309576e-02 1.312887e-02 1.315700e-02 1.318760e-02 1.318998e-02 1.316176e-02 1.312250e-02 1.308670e-02 1.306075e-02 1.304827e-02 1.296271e-02 8.637925e-03 1.266899e-02
-9.999000e+03 -9.999000e+03 -9.999000e+03 -9.999000e+03 -9.999000e+03 -9.999000e+03 -9.999000e+03 -9.999000e+03 -9.999000e+03 -9.999000e+03 -9.999000e+03 -9.999000e+03 -9.999000e+03 -9.999000e+03 1.271195e-02 1.369875e-02 1.116577e-02 1.119510e-02 1.124763e-02 9.966167e-03 5.991441e-03 1.787068e-02 2.435897e-02 1.238789e-02 1.227468e-02 1.534633e-02 2.516070e-02 1.328333e-02 1.337763e-02 9.535680e-03 1.201812e-02 1.351055e-02 1.304995e-02 1.305385e-02 1.322444e-02 2.755317e-02 9.002449e-03 1.294148e-02 1.137275e-02 2.107322e-02 1.312281e-02 1.311776e-02 1.314032e-02 1.315054e-02 1.313191e-02 1.309534e-02 1.305261e-02 1.301884e-02 1.299629e-02 1.293982e-02 1.105010e-02 8.510413e-03
-9.999000e+03 -9.999000e+03 -9.999000e+03 -9.999000e+03 -9.999000e+03 -9.999000e+03 -9.999000e+03 -9.999000e+03 -9.999000e+03 -9.999000e+03 -9.999000e+03 -9.999000e+03 1.084209e-02 1.131421e-02 2.364778e-02 1.301061e-02 1.114045e-02 1.233407e-02 1.014699e-02 5.780478e-03 2.127372e-02 2.182085e-02 1.665014e-02 2.051706e-02 1.316715e-02 1.316281e-02 3.039979e-02 1.370144e-02 1.367447e-02 1.219340e-02 9.598736e-03 1.309532e-02 1.369501e-02 1.369104e-02 1.383113e-02 1.310435e-02 2.572694e-02 1.136440e-02 1.304033e-02 1.245695e-02 2.341834e-02 1.312683e-02 1.315058e-02 1.315176e-02 1.311639e-02 1.305687e-02 1.299331e-02 1.295882e-02 1.295037e-02 1.292157e-02 1.213284e-02 8.457981e-03
-9.999000e+03 -9.999000e+03 -9.999000e+03 -9.999000e+03 -9.999000e+03 -9.999000e+03 -9.999000e+03 -9.999000e+03 -9.999000e+03 -9.999000e+03 -9.999000e+03 -9.999000e+03 -9.999000e+03 1.091291e-02 1.286435e-02 1.248067e-02 1.200554e-02 1.026965e-02 6.136275e-03 2.211023e-02 1.260730e-02 1.330341e-02 2.324038e-02 2.652273e-02 3.204976e-02 3.169246e-02 3.167446e-02 3.212250e-02 1.406236e-02 1.385631e-02 1.324318e-02 1.223551e-02 1.370111e-02 1.398544e-02 1.375501e-02 1.341309e-02 1.334165e-02 2.609412e-02 1.241583e-02 1.304602e-02 2.379167e-02 1.316418e-02 1.319059e-02 1.317251e-02 1.310605e-02 1.301052e-02 1.292404e-02 1.289780e-02 1.291684e-02 1.292076e-02 1.262764e-02 1.096186e-02
-9.999000e+03 -9.999000e+03 -9.999000e+03 -9.999000e+03 -9.999000e+03 -9.999000e+03 -9.999000e+03 -9.999000e+03 -9.999000e+03 -9.999000e+03 -9.999000e+03 -9.999000e+03 -9.999000e+03 -9.999000e+03 -9.999000e+03 1.160425e-02 1.058745e-02 5.956541e-03 8.367168e-03 2.357067e-02 1.983176e-02 1.722743e-02 1.516776e-02 1.358198e-02 1.343110e-02 1.336350e-02 1.351483e-02 3.378782e-02 4.809322e-02 1.381434e-02 1.383267e-02 1.380682e-02 1.355658e-02 1.400896e-02 1.375264e-02 1.334175e-02 1.336192e-02 1.358369e-02 2.532566e-02 1.340143e-02 2.493160e-02 1.313592e-02 1.309055e-02 1.304225e-02 1.299328e-02 1.294099e-02 1.290821e-02 1.291821e-02 1.294669e-02 1.295753e-02 1.287058e-02 1.216696e-02
-9.999000e+03 -9.999000e+03 -9.999000e+03 -9.999000e+03 -9.999000e+03 -9.999000e+03 -9.999000e+03 -9.999000e+03 -9.999000e+03 -9.999000e+03 -9.999000e+03 -9.999000e+03 -9.999000e+03 -9.999000e+03 -9.999000e+03 -9.999000e+03 1.031204e-02 6.321618e-03 1.850569e-02 1.617976e-02 1.457907e-02 1.388450e-02 1.357545e-02 1.338219e-02 1.330637e-02 1.326295e-02 1.346421e-02 1.375695e-02 1.366635e-02 4.786483e-02 4.860899e-02 4.967172e-02 1.403123e-02 1.384049e-02 1.371939e-02 1.344556e-02 1.761113e-02 2.147229e-02 1.384154e-02 2.445837e-02 1.346495e-02 2.921252e-02 1.291948e-02 1.285727e-02 1.285096e-02 1.287531e-02 1.292403e-02 1.297533e-02 1.300225e-02 1.301166e-02 1.301109e-02 1.277290e-02
-9.999000e+03 -9.999000e+03 -9.999000e+03 -9.999000e+03 -9.999000e+03 -9.999000e+03 -9.999000e+03 -9.999000e+03 -9.999000e+03 -9.999000e+03 -9.999000e+03 -9.999000e+03 -9.999000e+03 -9.999000e+03 -9.999000e+03 -9.999000e+03 5.754131e-03 2.028638e-02 1.251356e-02 1.315252e-02 1.342897e-02 3.307445e-02 3.092284e-02 2.828902e-02 2.600872e-02 2.396147e-02 2.267061e-02 2.200722e-02 2.071872e-02 1.886629e-02 1.767270e-02 1.690810e-02 5.002752e-02 5.064476e-02 4.919779e-02 4.677632e-02 4.337115e-02 4.101354e-02 3.986188e-02 3.767303e-02 4.103472e-02 4.181285e-02 3.351142e-02 1.385049e-02 1.372595e-02 1.325221e-02 1.323560e-02 1.320983e-02 1.315842e-02 1.314384e-02 1.318936e-02 1.316108e-02
-9.999000e+03 -9.999000e+03 -9.999000e+03 -9.999000e+03 -9.999000e+03 -9.999000e+03 -9.999000e+03 -9.999000e+03 -9.999000e+03 -9.999000e+03 -9.999000e+03 -9.999000e+03 -9.999000e+03 -9.999000e+03 -9.999000e+03 5.749315e-03 1.912803e-02 1.221674e-02 2.828139e-02 3.206531e-02 3.212023e-02 1.359827e-02 1.730075e-02 1.999459e-02 1.796127e-02 2.386666e-02 2.547499e-02 2.712708e-02 2.571229e-02 2.387579e-02 2.278558e-02 2.236524e-02 2.219962e-02 2.243201e-02 2.128645e-02 1.889785e-02 3.951854e-02 3.694409e-02 3.427000e-02 3.209988e-02 3.237341e-02 3.527163e-02 5.274491e-02 6.664888e-02 6.460226e-02 1.425953e-02 1.939961e-02 1.353073e-02 1.335754e-02 1.332705e-02 1.342013e-02 1.348314e-02
-9.999000e+03 -9.999000e+03 -9.999000e+03 -9.999000e+03 -9.999000e+03 -9.999000e+03 -9.999000e+03 -9.999000e+03 -9.999000e+03 -9.999000e+03 -9.999000e+03 -9.999000e+03 -9.999000e+03 -9.999000e+03 6.097845e-03 8.712737e-03 2.542889e-02 2.733047e-02 1.334453e-02 1.325747e-02 1.383244e-02 1.369035e-02 1.363417e-02 1.342408e-02 1.735468e-02 1.375897e-02 1.364222e-02 1.292982e-02 1.294792e-02 1.354054e-02 1.359738e-02 2.715853e-02 3.015555e-02 3.325795e-02 3.487706e-02 4.023006e-02 1.354208e-02 1.358361e-02 1.347652e-02 1.325716e-02 1.324341e-02 1.343653e-02 1.833523e-02 2.283389e-02 2.673278e-02 5.881693e-02 6.307401e-02 6.325946e-02 1.423451e-02 1.998517e-02 1.390065e-02 1.387315e-02
-9.999000e+03 -9.999000e+03 -9.999000e+03 -9.999000e+03 -9.999000e+03 -9.999000e+03 -9.999000e+03 -9.999000e+03 -9.999000e+03 -9.999000e+03 -9.999000e+03 -9.999000e+03 -9.999000e+03 -9.999000e+03 5.841405e-03 3.999026e-02 1.302210e-02 1.311120e-02 1.322474e-02 1.326650e-02 1.321276e-02 1.307565e-02 1.363729e-02 1.286791e-02 1.288888e-02 1.300315e-02 1.295250e-02 1.282720e-02 1.639320e-02 1.921153e-02 2.184801e-02 1.333087e-02 1.339143e-02 1.342732e-02 1.936896e-02 1.182625e-02 1.274667e-02 1.314639e-02 1.302255e-02 1.289448e-02 1.284022e-02 1.325762e-02 1.329852e-02 1.342539e-02 1.364212e-02 1.846527e-02 2.217232e-02 2.531200e-02 5.961920e-02 7.004969e-02 8.387578e-02 1.550586e-02
-9.999000e+03 -9.999000e+03 -9.999000e+03 -9.999000e+03 -9.999000e+03 -9.999000e+03 -9.999000e+03 -9.999000e+03 -9.999000e+03 -9.999000e+03 -9.999000e+03 -9.999000e+03 -9.999000e+03 9.124993e-03 4.793274e-02 1.301720e-02 1.300082e-02 1.300226e-02 1.307110e-02 1.317507e-02 1.321403e-02 1.315784e-02 1.303726e-02 1.290832e-02 1.284892e-02 1.288976e-02 1.285711e-02 1.275317e-02 1.282117e-02 1.293355e-02 1.303608e-02 1.316212e-02 1.318950e-02 2.037976e-02 9.260642e-03 1.161019e-02 1.298897e-02 1.295440e-02 1.287711e-02 1.282249e-02 1.281460e-02 1.275304e-02 1.273063e-02 1.304904e-02 1.304967e-02 1.293390e-02 1.306954e-02 1.320311e-02 1.355132e-02 1.881894e-02 2.334531e-02 8.107136e-02
-9.999000e+03 -9.999000e+03 -9.999000e+03 -9.999000e+03 -9.999000e+03 -9.999000e+03 -9.999000e+03 -9.999000e+03 -9.999000e+03 -9.999000e+03 -9.999000e+03 -9.999000e+03 6.178580e-03 1.116013e-02 1.278106e-02 1.295649e-02 1.387298e-02 1.293110e-02 1.303086e-02 1.311884e-02 1.318662e-02 1.321133e-02 1.314002e-02 1.304151e-02 1.294879e-02 1.290197e-02 1.282266e-02 1.270274e-02 1.273781e-02 1.277526e-02 1.281182e-02 1.283532e-02 1.775472e-02 1.251451e-02 9.217787e-03 1.289941e-02 1.281681e-02 1.266012e-02 1.255828e-02 1.259610e-02 1.242635e-02 1.243205e-02 1.250987e-02 1.258522e-02 1.218428e-02 1.246983e-02 1.246225e-02 1.246534e-02 1.270674e-02 1.303459e-02 1.403980e-02 1.906102e-02
-9.999000e+03 -9.999000e+03 -9.999000e+03 -9.999000e+03 -9.999000e+03 -9.999000e+03 -9.999000e+03 -9.999000e+03 -9.999000e+03 -9.999000e+03 -9.999000e+03 -9.999000e+03 9.224765e-03 1.271229e-02 1.264155e-02 1.539470e-02 1.271211e-02 1.286715e-02 1.296184e-02 1.304071e-02 1.312155e-02 1.319178e-02 1.317334e-02 1.312410e-02 1.304512e-02 1.296312e-02 1.287333e-02 1.273861e-02 1.264576e-02 1.273359e-02 1.265686e-02 1.773285e-02 9.177325e-03 1.150521e-02 1.276594e-02 1.273832e-02 1.239945e-02 1.230886e-02 1.255408e-02 1.208002e-02 1.197823e-02 1.195329e-02 1.209998e-02 1.124169e-02 1.120012e-02 1.114259e-02 1.110774e-02 1.136236e-02 1.143098e-02 1.344747e-02 1.290382e-02 1.309414e-02
-9.999000e+03 -9.999000e+03 -9.999000e+03 -9.999000e+03 -9.999000e+03 -9.999000e+03 -9.999000e+03 -9.999000e+03 -9.999000e+03 -9.999000e+03 -9.999000e+03 6.720718e-03 2.680439e-02 1.271248e-02 1.732042e-02 1.192345e-02 1.253156e-02 1.273144e-02 1.283638e-02 1.293911e-02 1.300724e-02 1.309739e-02 1.308715e-02 1.306263e-02 1.301904e-02 1.296363e-02 1.292606e-02 1.254866e-02 1.283794e-02 1.283940e-02 1.268366e-02 1.563088e-02 9.367048e-03 1.250819e-02 1.243424e-02 1.173812e-02 1.165458e-02 1.272119e-02 1.152367e-02 1.144024e-02 1.128357e-02 1.115489e-02 8.850700e-03 8.868757e-03 8.847627e-03 8.790901e-03 8.746314e-03 8.710963e-03 1.295768e-02 1.170021e-02 1.173075e-02 1.177790e-02
-9.999000e+03 -9.999000e+03 -9.999000e+03 -9.999000e+03 -9.999000e+03 -9.999000e+03 -9.999000e+03 -9.999000e+03 -9.999000e+03 -9.999000e+03 6.954661e-03 1.016485e-02 1.278823e-02 2.051998e-02 1.020027e-02 1.190263e-02 1.249432e-02 1.258888e-02 1.271691e-02 1.280107e-02 1.294013e-02 1.302021e-02 1.303275e-02 1.302040e-02 1.300156e-02 1.287664e-02 1.189634e-02 1.287644e-02 1.296364e-02 1.288417e-02 1.272060e-02 1.261984e-02 1.253043e-02 1.158087e-02 9.439081e-03 9.560040e-03 1.300907e-02 9.629590e-03 9.614716e-03 9.572818e-03 9.373122e-03 9.054731e-03 1.133237e-02 1.243830e-02 1.283721e-02 1.292778e-02 1.297601e-02 1.301735e-02 8.839656e-03 8.935880e-03 8.938495e-03 9.170700e-03
-9.999000e+03 -9.999000e+03 -9.999000e+03 -9.999000e+03 -9.999000e+03 -9.999000e+03 -9.999000e+03 -9.999000e+03 -9.999000e+03 -9.999000e+03 7.357843e-03 1.364754e-02 2.243695e-02 1.236984e-02 1.044898e-02 1.261712e-02 1.261783e-02 1.259214e-02 1.248557e-02 1.281648e-02 1.285717e-02 1.296831e-02 1.302038e-02 1.303450e-02 1.276276e-02 9.725741e-03 1.268311e-02 1.298186e-02 1.273123e-02 1.278243e-02 1.263753e-02 1.256883e-02 9.827597e-03 9.563494e-03 1.179429e-02 1.288904e-02 9.768028e-03 1.208298e-02 1.276286e-02 1.285269e-02 9.412708e-03 9.081904e-03 1.137038e-02 1.249325e-02 1.290007e-02 1.298524e-02 1.298486e-02 1.297919e-02 1.307498e-02 1.322460e-02 1.315930e-02 1.297089e-02
-9.999000e+03 -9.999000e+03 -9.999000e+03 -9.999000e+03 -9.999000e+03 -9.999000e+03 -9.999000e+03 -9.999000e+03 -9.999000e+03 7.311892e-03 2.933172e-02 2.474364e-02 1.294454e-02 1.053175e-02 1.243869e-02 1.294258e-02 1.281502e-02 1.199618e-02 1.283902e-02 1.271486e-02 1.281454e-02 1.293408e-02 1.299669e-02 1.200996e-02 9.780474e-03 1.201506e-02 1.298299e-02 1.202055e-02 1.211991e-02 1.225178e-02 1.214762e-02 1.000594e-02 1.193165e-02 1.240921e-02 1.276663e-02 1.311458e-02 1.321886e-02 1.321868e-02 9.631567e-03 9.435322e-03 1.237886e-02 1.127459e-02 1.234435e-02 1.294600e-02 1.312632e-02 1.311046e-02 1.301249e-02 1.290902e-02 1.296103e-02 1.308165e-02 1.313836e-02 1.313737e-02
-9.999000e+03 -9.999000e+03 -9.999000e+03 -9.999000e+03 -9.999000e+03 -9.999000e+03 -9.999000e+03 -9.999000e+03 -9.999000e+03 6.788264e-03 2.209647e-02 1.329730e-02 1.250671e-02 1.059116e-02 1.288507e-02 1.306912e-02 1.035073e-02 1.360726e-02 1.269902e-02 1.268881e-02 1.281150e-02 1.294520e-02 9.833575e-03 9.761143e-03 1.201222e-02 1.287204e-02 9.874255e-03 9.907255e-03 1.001875e-02 1.023116e-02 1.021806e-02 1.194203e-02 1.244976e-02 1.263027e-02 1.283180e-02 1.303400e-02 1.313424e-02 9.556727e-03 1.280018e-02 1.145285e-02 1.138352e-02 1.256477e-02 1.291832e-02 1.318481e-02 1.320056e-02 1.309257e-02 1.300171e-02 1.293642e-02 1.296490e-02 1.301790e-02 2.743432e-02 2.875007e-02
-9.999000e+03 -9.999000e+03 -9.999000e+03 -9.999000e+03 -9.999000e+03 -9.999000e+03 -9.999000e+03 -9.999000e+03 9.579512e-03 2.709988e-02 1.811020e-02 1.317326e-02 1.064121e-02 1.247838e-02 1.303836e-02 1.309650e-02 1.600624e-02 1.304199e-02 1.283218e-02 1.271875e-02 1.283365e-02 1.204673e-02 1.270386e-02 1.286567e-02 1.304169e-02 2.390661e-02 2.541105e-02 2.395203e-02 2.291313e-02 2.231728e-02 2.030177e-02 1.733295e-02 1.504271e-02 1.310825e-02 1.287118e-02 1.301919e-02 1.312242e-02 1.697780e-02 1.708394e-02 1.901692e-02 1.953543e-02 2.036647e-02 1.922667e-02 1.824605e-02 1.696537e-02 1.541226e-02 1.406688e-02 1.307939e-02 1.309971e-02 3.028723e-02 1.279369e-02 1.284831e-02
-9.999000e+03 -9.999000e+03 -9.999000e+03 -9.999000e+03 -9.999000e+03 -9.999000e+03 -9.999000e+03 7.002094e-03 9.781020e-03 1.764722e-02 1.232748e-02 1.293412e-02 1.058328e-02 1.316715e-02 1.310224e-02 1.311580e-02 1.312245e-02 1.316537e-02 1.301488e-02 1.284041e-02 9.935817e-03 9.879087e-03 1.200241e-02 2.038385e-02 2.173332e-02 1.308057e-02 1.288636e-02 1.306891e-02 1.319505e-02 1.333237e-02 1.307189e-02 1.273261e-02 1.272569e-02 1.281076e-02 1.293295e-02 1.305988e-02 1.314220e-02 1.320396e-02 1.306253e-02 1.287013e-02 1.293915e-02 1.309954e-02 1.314268e-02 1.313466e-02 1.306261e-02 1.297359e-02 1.306215e-02 1.321181e-02 3.518633e-02 1.302546e-02 1.286636e-02 1.281046e-02
-9.999000e+03 -9.999000e+03 -9.999000e+03 -9.999000e+03 -9.999000e+03 -9.999000e+03 -9.999000e+03 7.489393e-03 1.101650e-02 1.866876e-02 1.038449e-02 1.226841e-02 1.295171e-02 1.317151e-02 1.318802e-02 1.317694e-02 1.315437e-02 1.320137e-02 1.310012e-02 1.289428e-02 1.592265e-02 1.839385e-02 2.043944e-02 1.305554e-02 1.294700e-02 1.192945e-02 9.725139e-03 1.200701e-02 1.284737e-02 1.318980e-02 1.305846e-02 1.280541e-02 1.282322e-02 1.292045e-02 1.301327e-02 1.309430e-02 3.214178e-02 3.263185e-02 3.265341e-02 3.222148e-02 3.225013e-02 3.275745e-02 3.288214e-02 3.180815e-02 3.150803e-02 3.122554e-02 3.370072e-02 3.613538e-02 1.344819e-02 1.330220e-02 1.302509e-02 1.283065e-02
-9.999000e+03 -9.999000e+03 -9.999000e+03 -9.999000e+03 -9.999000e+03 -9.999000e+03 -9.999000e+03 9.944306e-03 1.821856e-02 1.319302e-02 1.054647e-02 1.233895e-02 1.292105e-02 1.321389e-02 1.326043e-02 1.325993e-02 1.316376e-02 1.308798e-02 1.294220e-02 1.273303e-02 1.276395e-02 1.290928e-02 1.278277e-02 1.287705e-02 9.793482e-03 9.693715e-03 1.193305e-02 1.278978e-02 1.306684e-02 1.316152e-02 1.307946e-02 1.293918e-02 1.295258e-02 3.117572e-02 3.150960e-02 3.170947e-02 1.305383e-02 1.307905e-02 1.311346e-02 1.312298e-02 1.318388e-02 1.328511e-02 1.331724e-02 1.740656e-02 2.073817e-02 2.370357e-02 1.345926e-02 1.349070e-02 1.354306e-02 1.355396e-02 1.336470e-02 1.310442e-02
