tests/data/reference/test_implicit_stream_rill_mfda/mwlevel_m.asc
ncols	123
nrows	77
xllcorner	-713746.79929998
yllcorner	-1061022.36961616
cellsize	10.0
NODATA_value	-9999
[rows 23 to 45 of 77, columns 0 to 51 of 123]
-9.999000e+03 -9.999000e+03 -9.999000e+03 -9.999000e+03 -9.999000e+03 -9.999000e+03 -9.999000e+03 -9.999000e+03 -9.999000e+03 -9.999000e+03 -9.999000e+03 -9.999000e+03 -9.999000e+03 -9.999000e+03 1.169023e-02 1.423681e-02 1.417585e-02 1.315658e-02 1.146467e-02 1.265612e-02 1.018670e-02 5.748328e-03 1.068100e-02 2.158280e-02 2.471203e-02 1.340271e-02 1.640618e-02 1.341899e-02 1.296426e-02 1.309102e-02 9.215130e-03 1.156918e-02 1.251340e-02 1.305995e-02 2.343060e-02 1.312419e-02 1.338425e-02 9.004941e-03 1.748173e-02 1.306678e-02 1.311988e-02 1.315976e-02 1.318010e-02 1.317129e-02 1.314439e-02 1.311346e-02 1.308857e-02 1.306710e-02 1.305328e-02 1.285586e-02 1.240728e-02 8.731775e-03
-9.999000e+03 -9.999000e+03 -9.999000e+03 -9.999000e+03 -9.999000e+03 -9.999000e+03 -9.999000e+03 -9.999000e+03 -9.999000e+03 -9.999000e+03 -9.999000e+03 -9.999000e+03 -9.999000e+03 -9.999000e+03 1.419986e-02 2.788876e-02 2.066838e-02 1.246116e-02 1.153154e-02 1.083864e-02 5.350667e-03 8.290176e-03 1.007409e-02 1.098591e-02 1.846491e-02 2.439279e-02 1.426432e-02 1.328933e-02 1.350019e-02 9.679573e-03 1.298472e-02 1.157511e-02 1.254791e-02 1.297431e-02 2.582946e-02 1.315147e-02 1.304906e-02 8.971429e-03 1.783148e-02 1.309848e-02 1.313020e-02 1.315743e-02 1.318771e-02 1.319058e-02 1.316329e-02 1.312514e-02 1.309039e-02 1.306553e-02 1.305406e-02 1.298289e-02 8.719464e-03 1.271218e-02
-9.999000e+03 -9.999000e+03 -9.999000e+03 -9.999000e+03 -9.999000e+03 -9.999000e+03 -9.999000e+03 -9.999000e+03 -9.999000e+03 -9.999000e+03 -9.999000e+03 -9.999000e+03 -9.999000e+03 -9.999000e+03 3.055225e-02 1.383007e-02 1.125568e-02 1.126352e-02 1.131471e-02 1.001154e-02 5.991788e-03 1.805910e-02 2.465106e-02 1.246123e-02 1.232995e-02 1.547595e-02 2.559393e-02 1.329350e-02 1.337965e-02 9.617944e-03 1.210285e-02 1.350720e-02 1.310337e-02 1.308281e-02 1.323438e-02 2.797505e-02 9.085199e-03 1.294684e-02 1.146866e-02 2.124841e-02 1.312373e-02 1.311796e-02 1.313957e-02 1.314975e-02 1.313214e-02 1.309704e-02 1.305577e-02 1.302316e-02 1.300134e-02 1.295063e-02 1.115152e-02 8.591235e-03
-9.999000e+03 -9.999000e+03 -9.999000e+03 -9.999000e+03 -9.999000e+03 -9.999000e+03 -9.999000e+03 -9.999000e+03 -9.999000e+03 -9.999000e+03 -9.999000e+03 -9.999000e+03 1.092887e-02 1.146672e-02 2.448239e-02 1.312894e-02 1.122040e-02 1.237704e-02 1.018413e-02 5.780359e-03 2.154278e-02 2.198370e-02 1.678191e-02 2.092248e-02 1.320682e-02 1.319976e-02 3.094816e-02 1.370668e-02 1.367616e-02 1.227795e-02 9.680920e-03 1.314751e-02 1.369075e-02 1.370841e-02 1.382728e-02 1.310607e-02 2.598700e-02 1.145805e-02 1.304641e-02 1.252393e-02 2.348470e-02 1.312743e-02 1.315014e-02 1.315112e-02 1.311688e-02 1.305923e-02 1.299760e-02 1.296440e-02 1.295656e-02 1.293032e-02 1.221241e-02 8.538466e-03
-9.999000e+03 -9.999000e+03 -9.999000e+03 -9.999000e+03 -9.999000e+03 -9.999000e+03 -9.999000e+03 -9.999000e+03 -9.999000e+03 -9.999000e+03 -9.999000e+03 -9.999000e+03 -9.999000e+03 1.099919e-02 1.293169e-02 1.254213e-02 1.205702e-02 1.030086e-02 6.132634e-03 2.238543e-02 1.260463e-02 1.330983e-02 2.355158e-02 2.700616e-02 3.278925e-02 3.249059e-02 3.246990e-02 3.277523e-02 1.405401e-02 1.385159e-02 1.329057e-02 1.231840e-02 1.371967e-02 1.397591e-02 1.375445e-02 1.340884e-02 1.333782e-02 2.684996e-02 1.248177e-02 1.305111e-02 2.386848e-02 1.316439e-02 1.318973e-02 1.317180e-02 1.310714e-02 1.301434e-02 1.293048e-02 1.290547e-02 1.292463e-02 1.292964e-02 1.267729e-02 1.106666e-02
-9.999000e+03 -9.999000e+03 -9.999000e+03 -9.999000e+03 -9.999000e+03 -9.999000e+03 -9.999000e+03 -9.999000e+03 -9.999000e+03 -9.999000e+03 -9.999000e+03 -9.999000e+03 -9.999000e+03 -9.999000e+03 -9.999000e+03 1.166468e-02 1.060201e-02 5.963990e-03 8.403830e-03 2.390901e-02 2.020787e-02 1.754232e-02 1.542509e-02 1.356672e-02 1.343288e-02 1.337101e-02 1.352095e-02 3.458214e-02 4.922735e-02 1.380285e-02 1.382408e-02 1.381923e-02 1.359736e-02 1.400392e-02 1.374304e-02 1.334356e-02 1.336598e-02 1.358296e-02 2.618406e-02 1.342772e-02 2.501418e-02 1.313588e-02 1.309046e-02 1.304311e-02 1.299628e-02 1.294688e-02 1.291662e-02 1.292733e-02 1.295527e-02 1.296630e-02 1.289820e-02 1.225092e-02
-9.999000e+03 -9.999000e+03 -9.999000e+03 -9.999000e+03 -9.999000e+03 -9.999000e+03 -9.999000e+03 -9.999000e+03 -9.999000e+03 -9.999000e+03 -9.999000e+03 -9.999000e+03 -9.999000e+03 -9.999000e+03 -9.999000e+03 -9.999000e+03 1.034114e-02 6.322392e-03 1.868426e-02 1.630334e-02 1.461367e-02 1.385793e-02 1.356850e-02 1.338641e-02 1.331587e-02 1.327498e-02 1.347339e-02 1.375743e-02 1.366354e-02 4.909877e-02 4.978172e-02 5.111675e-02 1.402226e-02 1.384565e-02 1.371074e-02 1.344410e-02 1.767843e-02 2.160954e-02 1.383764e-02 2.529730e-02 1.347293e-02 2.964230e-02 1.292318e-02 1.286268e-02 1.285780e-02 1.288364e-02 1.293328e-02 1.298418e-02 1.301016e-02 1.301933e-02 1.302565e-02 1.282342e-02
-9.999000e+03 -9.999000e+03 -9.999000e+03 -9.999000e+03 -9.999000e+03 -9.999000e+03 -9.999000e+03 -9.999000e+03 -9.999000e+03 -9.999000e+03 -9.999000e+03 -9.999000e+03 -9.999000e+03 -9.999000e+03 -9.999000e+03 -9.999000e+03 5.758425e-03 2.055995e-02 1.252976e-02 1.316870e-02 1.343991e-02 3.375202e-02 3.161504e-02 2.893076e-02 2.662755e-02 2.457305e-02 2.327490e-02 2.263496e-02 2.131450e-02 1.940592e-02 1.820496e-02 1.744900e-02 5.144946e-02 5.167777e-02 5.022331e-02 4.762031e-02 4.406152e-02 4.164902e-02 4.044899e-02 3.825865e-02 4.163108e-02 4.243825e-02 3.408741e-02 1.384384e-02 1.372204e-02 1.325793e-02 1.324132e-02 1.321498e-02 1.316342e-02 1.314878e-02 1.319550e-02 1.318368e-02
-9.999000e+03 -9.999000e+03 -9.999000e+03 -9.999000e+03 -9.999000e+03 -9.999000e+03 -9.999000e+03 -9.999000e+03 -9.999000e+03 -9.999000e+03 -9.999000e+03 -9.999000e+03 -9.999000e+03 -9.999000e+03 -9.999000e+03 5.753537e-03 1.941958e-02 1.223531e-02 2.882191e-02 3.275892e-02 3.280008e-02 1.359160e-02 1.734955e-02 2.011681e-02 1.811148e-02 2.403651e-02 2.568047e-02 2.734345e-02 2.597863e-02 2.416695e-02 2.309114e-02 2.268976e-02 2.255108e-02 2.281654e-02 2.169377e-02 1.926148e-02 4.023030e-02 3.765956e-02 3.475263e-02 3.250639e-02 3.277077e-02 3.570274e-02 5.319138e-02 6.737526e-02 6.532595e-02 1.424262e-02 1.953059e-02 1.352656e-02 1.335655e-02 1.332671e-02 1.341790e-02 1.348496e-02
-9.999000e+03 -9.999000e+03 -9.999000e+03 -9.999000e+03 -9.999000e+03 -9.999000e+03 -9.999000e+03 -9.999000e+03 -9.999000e+03 -9.999000e+03 -9.999000e+03 -9.999000e+03 -9.999000e+03 -9.999000e+03 6.107608e-03 8.757197e-03 2.570232e-02 2.772062e-02 1.334115e-02 1.325433e-02 1.381811e-02 1.367976e-02 1.362679e-02 1.342377e-02 1.741972e-02 1.375341e-02 1.363758e-02 1.293857e-02 1.295646e-02 1.353848e-02 1.359519e-02 2.752480e-02 3.061619e-02 3.379574e-02 3.544206e-02 4.096638e-02 1.357845e-02 1.359611e-02 1.347162e-02 1.325820e-02 1.324755e-02 1.343944e-02 1.843485e-02 2.306476e-02 2.711792e-02 5.930873e-02 6.363104e-02 6.376872e-02 1.420717e-02 2.011158e-02 1.388391e-02 1.385608e-02
-9.999000e+03 -9.999000e+03 -9.999000e+03 -9.999000e+03 -9.999000e+03 -9.999000e+03 -9.999000e+03 -9.999000e+03 -9.999000e+03 -9.999000e+03 -9.999000e+03 -9.999000e+03 -9.999000e+03 -9.999000e+03 5.847035e-03 4.106443e-02 1.302799e-02 1.311526e-02 1.322581e-02 1.326618e-02 1.321143e-02 1.307626e-02 1.362865e-02 1.287489e-02 1.289774e-02 1.301131e-02 1.296143e-02 1.283914e-02 1.645272e-02 1.935340e-02 2.204059e-02 1.333242e-02 1.338921e-02 1.342388e-02 1.965321e-02 1.191157e-02 1.280067e-02 1.315129e-02 1.303065e-02 1.290744e-02 1.285587e-02 1.326535e-02 1.330914e-02 1.343517e-02 1.365249e-02 1.860472e-02 2.244565e-02 2.573141e-02 6.001875e-02 7.057313e-02 8.471483e-02 1.552419e-02
-9.999000e+03 -9.999000e+03 -9.999000e+03 -9.999000e+03 -9.999000e+03 -9.999000e+03 -9.999000e+03 -9.999000e+03 -9.999000e+03 -9.999000e+03 -9.999000e+03 -9.999000e+03 -9.999000e+03 9.178171e-03 4.932561e-02 1.302384e-02 1.300913e-02 1.300723e-02 1.307865e-02 1.317787e-02 1.321407e-02 1.315757e-02 1.303869e-02 1.291309e-02 1.285636e-02 1.289809e-02 1.286714e-02 1.276660e-02 1.283599e-02 1.294687e-02 1.304813e-02 1.317064e-02 1.319769e-02 2.056183e-02 9.343482e-03 1.169813e-02 1.299910e-02 1.296676e-02 1.289651e-02 1.284528e-02 1.283388e-02 1.278144e-02 1.276048e-02 1.307227e-02 1.307093e-02 1.297292e-02 1.311069e-02 1.324391e-02 1.358910e-02 1.900402e-02 2.371952e-02 8.187497e-02
-9.999000e+03 -9.999000e+03 -9.999000e+03 -9.999000e+03 -9.999000e+03 -9.999000e+03 -9.999000e+03 -9.999000e+03 -9.999000e+03 -9.999000e+03 -9.999000e+03 -9.999000e+03 6.189703e-03 1.127138e-02 1.278053e-02 1.297008e-02 1.408144e-02 1.294858e-02 1.304105e-02 1.312464e-02 1.318926e-02 1.321156e-02 1.314022e-02 1.304357e-02 1.295347e-02 1.290888e-02 1.283249e-02 1.271621e-02 1.275308e-02 1.279454e-02 1.282651e-02 1.285090e-02 1.785925e-02 1.257176e-02 9.300656e-03 1.291463e-02 1.283520e-02 1.269192e-02 1.259326e-02 1.261727e-02 1.246785e-02 1.247619e-02 1.255549e-02 1.262974e-02 1.225663e-02 1.253853e-02 1.253247e-02 1.253704e-02 1.277997e-02 1.310439e-02 1.403089e-02 1.921286e-02
-9.999000e+03 -9.999000e+03 -9.999000e+03 -9.999000e+03 -9.999000e+03 -9.999000e+03 -9.999000e+03 -9.999000e+03 -9.999000e+03 -9.999000e+03 -9.999000e+03 -9.999000e+03 9.285329e-03 1.270104e-02 1.265966e-02 1.560050e-02 1.274928e-02 1.288834e-02 1.297528e-02 1.305069e-02 1.312777e-02 1.319508e-02 1.317471e-02 1.312623e-02 1.304914e-02 1.296949e-02 1.288233e-02 1.275128e-02 1.267276e-02 1.274775e-02 1.267154e-02 1.785556e-02 9.260207e-03 1.159086e-02 1.278706e-02 1.276812e-02 1.245253e-02 1.236332e-02 1.257179e-02 1.213863e-02 1.203941e-02 1.201794e-02 1.216815e-02 1.133874e-02 1.129691e-02 1.123989e-02 1.120618e-02 1.145939e-02 1.152861e-02 1.344567e-02 1.296735e-02 1.315380e-02
-9.999000e+03 -9.999000e+03 -9.999000e+03 -9.999000e+03 -9.999000e+03 -9.999000e+03 -9.999000e+03 -9.999000e+03 -9.999000e+03 -9.999000e+03 -9.999000e+03 6.741579e-03 2.735064e-02 1.272447e-02 1.753808e-02 1.198881e-02 1.257037e-02 1.275223e-02 1.285371e-02 1.295278e-02 1.301924e-02 1.310345e-02 1.309199e-02 1.306717e-02 1.302434e-02 1.297023e-02 1.293732e-02 1.259359e-02 1.285126e-02 1.284908e-02 1.269923e-02 1.567663e-02 9.449735e-03 1.253269e-02 1.248585e-02 1.182047e-02 1.173526e-02 1.273360e-02 1.160414e-02 1.152164e-02 1.136678e-02 1.124233e-02 8.933099e-03 8.951209e-03 8.930017e-03 8.873101e-03 8.828344e-03 8.792845e-03 1.296426e-02 1.179446e-02 1.182288e-02 1.186975e-02
-9.999000e+03 -9.999000e+03 -9.999000e+03 -9.999000e+03 -9.999000e+03 -9.999000e+03 -9.999000e+03 -9.999000e+03 -9.999000e+03 -9.999000e+03 6.979988e-03 1.024961e-02 1.278089e-02 2.074516e-02 1.027783e-02 1.196398e-02 1.251862e-02 1.260928e-02 1.273558e-02 1.282401e-02 1.295066e-02 1.302959e-02 1.303968e-02 1.302614e-02 1.300710e-02 1.289489e-02 1.197118e-02 1.289622e-02 1.297083e-02 1.290262e-02 1.274051e-02 1.264291e-02 1.255625e-02 1.165716e-02 9.521601e-03 9.642164e-03 1.302529e-02 9.711420e-03 9.696613e-03 9.654892e-03 9.455797e-03 9.137552e-03 1.142511e-02 1.250400e-02 1.287219e-02 1.294500e-02 1.298600e-02 1.302442e-02 8.922021e-03 9.018503e-03 9.021124e-03 9.252733e-03
-9.999000e+03 -9.999000e+03 -9.999000e+03 -9.999000e+03 -9.999000e+03 -9.999000e+03 -9.999000e+03 -9.999000e+03 -9.999000e+03 -9.999000e+03 7.391136e-03 1.374178e-02 2.271995e-02 1.242130e-02 1.052363e-02 1.264473e-02 1.263377e-02 1.260938e-02 1.252430e-02 1.282522e-02 1.287176e-02 1.297935e-02 1.302806e-02 1.304026e-02 1.280086e-02 9.807085e-03 1.272305e-02 1.298977e-02 1.276928e-02 1.281731e-02 1.267172e-02 1.260438e-02 9.908325e-03 9.645605e-03 1.187356e-02 1.293242e-02 9.849129e-03 1.215455e-02 1.280022e-02 1.287110e-02 9.495295e-03 9.164751e-03 1.146243e-02 1.255725e-02 1.293253e-02 1.299979e-02 1.299300e-02 1.298601e-02 1.308045e-02 1.322626e-02 1.315851e-02 1.297272e-02
-9.999000e+03 -9.999000e+03 -9.999000e+03 -9.999000e+03 -9.999000e+03 -9.999000e+03 -9.999000e+03 -9.999000e+03 -9.999000e+03 7.344263e-03 2.987892e-02 2.505357e-02 1.296316e-02 1.060529e-02 1.248761e-02 1.295336e-02 1.282436e-02 1.205773e-02 1.283012e-02 1.273121e-02 1.282976e-02 1.294557e-02 1.300449e-02 1.208117e-02 9.861500e-03 1.208729e-02 1.299753e-02 1.209079e-02 1.218805e-02 1.231555e-02 1.220889e-02 1.008533e-02 1.200052e-02 1.245300e-02 1.279300e-02 1.312643e-02 1.322058e-02 1.321640e-02 9.713388e-03 9.517852e-03 1.239942e-02 1.136076e-02 1.240762e-02 1.297989e-02 1.313885e-02 1.311403e-02 1.301556e-02 1.291513e-02 1.296894e-02 1.308792e-02 1.314146e-02 1.313845e-02
-9.999000e+03 -9.999000e+03 -9.999000e+03 -9.999000e+03 -9.999000e+03 -9.999000e+03 -9.999000e+03 -9.999000e+03 -9.999000e+03 6.810400e-03 2.234227e-02 1.329363e-02 1.255321e-02 1.066385e-02 1.290598e-02 1.307248e-02 1.042661e-02 1.355887e-02 1.271086e-02 1.270347e-02 1.282566e-02 1.295558e-02 9.914263e-03 9.842285e-03 1.208489e-02 1.290888e-02 9.954664e-03 9.987426e-03 1.009803e-02 1.030840e-02 1.029544e-02 1.200679e-02 1.249102e-02 1.265749e-02 1.285044e-02 1.304480e-02 1.313861e-02 9.638864e-03 1.280516e-02 1.153384e-02 1.146865e-02 1.258897e-02 1.293751e-02 1.319341e-02 1.320144e-02 1.309253e-02 1.300450e-02 1.294246e-02 1.297243e-02 1.302480e-02 2.746622e-02 2.870318e-02
-9.999000e+03 -9.999000e+03 -9.999000e+03 -9.999000e+03 -9.999000e+03 -9.999000e+03 -9.999000e+03 -9.999000e+03 9.649540e-03 2.764484e-02 1.815019e-02 1.317853e-02 1.071317e-02 1.252660e-02 1.304150e-02 1.309827e-02 1.604682e-02 1.304473e-02 1.283936e-02 1.273016e-02 1.284527e-02 1.211536e-02 1.274130e-02 1.288457e-02 1.305108e-02 2.418084e-02 2.572030e-02 2.433596e-02 2.335009e-02 2.278571e-02 2.073501e-02 1.774804e-02 1.544542e-02 1.349713e-02 1.288594e-02 1.302898e-02 1.312707e-02 1.704366e-02 1.717758e-02 1.914323e-02 1.968363e-02 2.052037e-02 1.946433e-02 1.853451e-02 1.726070e-02 1.569768e-02 1.434137e-02 1.314218e-02 1.310270e-02 3.030679e-02 1.279917e-02 1.285644e-02
-9.999000e+03 -9.999000e+03 -9.999000e+03 -9.999000e+03 -9.999000e+03 -9.999000e+03 -9.999000e+03 7.028342e-03 9.858462e-03 1.770063e-02 1.238257e-02 1.295757e-02 1.065610e-02 1.317202e-02 1.310379e-02 1.311572e-02 1.312218e-02 1.316430e-02 1.301714e-02 1.284822e-02 1.001577e-02 9.959462e-03 1.207280e-02 2.056499e-02 2.195367e-02 1.308715e-02 1.292426e-02 1.308196e-02 1.319715e-02 1.332777e-02 1.307042e-02 1.274146e-02 1.274063e-02 1.282601e-02 1.294514e-02 1.306746e-02 1.314535e-02 1.320362e-02 1.306315e-02 1.287602e-02 1.294784e-02 1.310576e-02 1.314518e-02 1.313543e-02 1.306428e-02 1.297798e-02 1.306708e-02 1.321333e-02 3.522901e-02 1.301984e-02 1.286563e-02 1.281513e-02
-9.999000e+03 -9.999000e+03 -9.999000e+03 -9.999000e+03 -9.999000e+03 -9.999000e+03 -9.999000e+03 7.525344e-03 1.107043e-02 1.876657e-02 1.045997e-02 1.232164e-02 1.297374e-02 1.317683e-02 1.318631e-02 1.317447e-02 1.315217e-02 1.319909e-02 1.310169e-02 1.290308e-02 1.597528e-02 1.849212e-02 2.059535e-02 1.307060e-02 1.296248e-02 1.200252e-02 9.806487e-03 1.208049e-02 1.288516e-02 1.320070e-02 1.306164e-02 1.281356e-02 1.283528e-02 1.293185e-02 1.302161e-02 1.309909e-02 3.246978e-02 3.292604e-02 3.290516e-02 3.241659e-02 3.239632e-02 3.285486e-02 3.289709e-02 3.182211e-02 3.152891e-02 3.135349e-02 3.372897e-02 3.617547e-02 1.343467e-02 1.329039e-02 1.301789e-02 1.282934e-02
-9.999000e+03 -9.999000e+03 -9.999000e+03 -9.999000e+03 -9.999000e+03 -9.999000e+03 -9.999000e+03 9.973143e-03 1.832357e-02 1.319452e-02 1.061980e-02 1.239126e-02 1.294394e-02 1.321503e-02 1.325835e-02 1.325630e-02 1.316100e-02 1.308812e-02 1.294729e-02 1.274559e-02 1.277967e-02 1.292298e-02 1.282219e-02 1.291466e-02 9.874428e-03 9.775231e-03 1.200810e-02 1.283044e-02 1.308205e-02 1.316505e-02 1.308111e-02 1.294429e-02 1.296001e-02 3.155682e-02 3.188125e-02 3.206738e-02 1.305839e-02 1.308490e-02 1.312034e-02 1.313039e-02 1.319031e-02 1.328889e-02 1.331864e-02 1.748059e-02 2.089905e-02 2.396242e-02 1.345108e-02 1.348012e-02 1.353028e-02 1.353906e-02 1.335113e-02 1.309582e-02
