tests/data/reference/test_implicit_stream_rill_mfda/mwlevel_m.asc
ncols	123
nrows	77
xllcorner	-713746.79929998
yllcorner	-1061022.36961616
cellsize	10.0
NODATA_value	-9999
[rows 23 to 45 of 77, columns 52 to 103 of 123]
1.122295e-02 1.279973e-02 1.291566e-02 1.305783e-02 1.310537e-02 1.310460e-02 1.312551e-02 1.316473e-02 1.315390e-02 1.310084e-02 1.308992e-02 1.311840e-02 1.312882e-02 1.317025e-02 1.329647e-02 1.344012e-02 2.586010e-02 1.319412e-02 1.298703e-02 1.282613e-02 1.269488e-02 1.256985e-02 1.233565e-02 1.255686e-02 9.350001e-03 1.171290e-02 2.955257e-02 1.733506e-02 2.323258e-02 1.360370e-02 1.277457e-02 1.166877e-02 9.526404e-03 9.845417e-03 -9.999000e+03 -9.999000e+03 -9.999000e+03 -9.999000e+03 -9.999000e+03 -9.999000e+03 -9.999000e+03 -9.999000e+03 -9.999000e+03 -9.999000e+03 -9.999000e+03 -9.999000e+03 -9.999000e+03 -9.999000e+03 -9.999000e+03 -9.999000e+03 -9.999000e+03 -9.999000e+03
1.115629e-02 1.224740e-02 1.297486e-02 1.308432e-02 1.312217e-02 1.313001e-02 1.316432e-02 1.320693e-02 1.318095e-02 1.312401e-02 1.311996e-02 1.312028e-02 1.315156e-02 1.325285e-02 1.337109e-02 1.343760e-02 2.790324e-02 1.303907e-02 1.294694e-02 1.284838e-02 1.276565e-02 1.271409e-02 1.264577e-02 1.267893e-02 1.152040e-02 1.246138e-02 9.500721e-03 2.968196e-02 1.643124e-02 2.132220e-02 1.708109e-02 1.266628e-02 1.172910e-02 1.179013e-02 9.949626e-03 -9.999000e+03 -9.999000e+03 -9.999000e+03 -9.999000e+03 -9.999000e+03 -9.999000e+03 -9.999000e+03 -9.999000e+03 -9.999000e+03 -9.999000e+03 -9.999000e+03 -9.999000e+03 -9.999000e+03 -9.999000e+03 -9.999000e+03 -9.999000e+03 -9.999000e+03
1.281012e-02 1.227100e-02 1.278630e-02 1.309143e-02 1.315687e-02 1.320566e-02 1.324958e-02 1.324727e-02 1.316850e-02 1.308734e-02 1.307295e-02 1.310435e-02 1.320400e-02 1.333299e-02 1.337736e-02 1.332450e-02 2.850721e-02 1.283621e-02 1.285923e-02 1.286419e-02 1.284309e-02 1.283018e-02 1.281616e-02 1.281506e-02 1.238988e-02 1.263872e-02 1.150318e-02 2.648681e-02 9.419681e-03 1.406198e-02 2.559985e-02 1.332108e-02 1.268712e-02 1.232094e-02 1.147832e-02 9.628346e-03 9.881013e-03 9.904699e-03 -9.999000e+03 -9.999000e+03 -9.999000e+03 -9.999000e+03 -9.999000e+03 -9.999000e+03 -9.999000e+03 -9.999000e+03 -9.999000e+03 -9.999000e+03 -9.999000e+03 -9.999000e+03 -9.999000e+03 -9.999000e+03
1.113137e-02 1.296660e-02 1.283099e-02 1.310069e-02 1.325201e-02 1.327716e-02 1.325590e-02 1.317226e-02 1.308775e-02 1.305148e-02 1.307616e-02 1.315104e-02 1.324846e-02 1.330393e-02 1.327363e-02 1.321075e-02 2.771334e-02 1.293169e-02 1.296324e-02 1.298376e-02 1.299618e-02 1.300560e-02 1.300096e-02 1.297274e-02 1.277967e-02 1.276561e-02 1.227632e-02 2.438197e-02 1.148757e-02 1.272603e-02 2.356479e-02 1.318003e-02 1.302262e-02 1.279163e-02 1.236599e-02 1.166412e-02 1.182568e-02 9.804855e-03 1.203217e-02 9.933990e-03 -9.999000e+03 -9.999000e+03 -9.999000e+03 -9.999000e+03 -9.999000e+03 -9.999000e+03 -9.999000e+03 -9.999000e+03 -9.999000e+03 -9.999000e+03 -9.999000e+03 -9.999000e+03
1.226958e-02 8.599570e-03 1.317531e-02 1.321928e-02 1.331924e-02 1.328488e-02 1.317681e-02 1.306272e-02 1.302893e-02 1.305561e-02 1.311121e-02 1.318329e-02 1.321589e-02 1.319669e-02 1.317135e-02 1.319300e-02 2.880440e-02 1.313312e-02 1.313875e-02 1.315005e-02 1.318879e-02 1.321414e-02 1.320220e-02 1.314281e-02 1.300067e-02 1.290161e-02 1.266433e-02 2.254181e-02 1.229091e-02 1.259248e-02 2.058090e-02 1.278295e-02 1.308566e-02 1.324068e-02 1.308634e-02 1.270095e-02 9.583180e-03 9.727510e-03 1.206583e-02 1.285653e-02 1.215247e-02 5.915456e-03 -9.999000e+03 -9.999000e+03 -9.999000e+03 -9.999000e+03 -9.999000e+03 -9.999000e+03 -9.999000e+03 -9.999000e+03 -9.999000e+03 -9.999000e+03
1.280954e-02 1.122894e-02 1.321650e-02 1.322834e-02 8.851099e-03 1.321519e-02 1.312047e-02 1.303543e-02 1.302066e-02 1.305281e-02 1.310080e-02 1.315885e-02 1.318347e-02 1.319356e-02 1.324041e-02 1.331645e-02 2.987060e-02 1.311079e-02 1.307750e-02 1.307353e-02 1.309611e-02 1.312117e-02 1.313077e-02 1.311369e-02 1.304925e-02 1.297014e-02 1.284925e-02 2.128819e-02 1.267650e-02 1.270846e-02 1.865984e-02 1.277261e-02 1.301840e-02 1.321874e-02 1.324972e-02 1.308042e-02 1.190345e-02 1.193369e-02 9.737653e-03 1.277686e-02 0.000000e+00 1.043511e-02 6.747403e-03 7.493130e-03 -9.999000e+03 -9.999000e+03 -9.999000e+03 -9.999000e+03 -9.999000e+03 -9.999000e+03 -9.999000e+03 -9.999000e+03
1.309133e-02 1.245945e-02 1.322178e-02 1.316218e-02 8.825487e-03 1.135709e-02 1.310942e-02 1.303216e-02 1.299740e-02 1.302255e-02 1.307065e-02 1.313764e-02 1.320374e-02 1.329586e-02 1.340877e-02 1.345272e-02 1.332579e-02 2.872454e-02 1.292092e-02 1.289803e-02 1.288893e-02 1.291151e-02 1.295485e-02 1.300330e-02 1.303000e-02 1.300737e-02 1.295863e-02 2.083267e-02 1.291752e-02 1.290830e-02 1.731456e-02 1.285524e-02 1.289346e-02 1.299159e-02 1.313656e-02 1.318928e-02 1.280270e-02 1.271525e-02 1.191704e-02 0.000000e+00 0.000000e+00 2.507845e-02 1.797373e-02 1.074473e-02 8.227594e-03 -9.999000e+03 -9.999000e+03 -9.999000e+03 -9.999000e+03 -9.999000e+03 -9.999000e+03 -9.999000e+03
1.330655e-02 1.304613e-02 1.325019e-02 1.314926e-02 1.135207e-02 8.816379e-03 1.240861e-02 1.298555e-02 1.298900e-02 1.308249e-02 1.317815e-02 1.327586e-02 1.336101e-02 1.344452e-02 1.345839e-02 1.333470e-02 1.310567e-02 1.288418e-02 2.442021e-02 1.283097e-02 1.285892e-02 1.290613e-02 1.295397e-02 1.299247e-02 1.301840e-02 1.301850e-02 1.302698e-02 2.046214e-02 1.301025e-02 1.296467e-02 1.590402e-02 1.284878e-02 1.282285e-02 1.284718e-02 9.415011e-03 9.527792e-03 1.292943e-02 1.285185e-02 0.000000e+00 0.000000e+00 1.155196e-02 2.114513e-02 1.532814e-02 1.220742e-02 1.064045e-02 8.493346e-03 -9.999000e+03 -9.999000e+03 -9.999000e+03 -9.999000e+03 -9.999000e+03 -9.999000e+03
1.351992e-02 1.334774e-02 1.329299e-02 1.317078e-02 1.244787e-02 1.132174e-02 8.754752e-03 1.273742e-02 1.306974e-02 1.324577e-02 1.338789e-02 1.350906e-02 1.356435e-02 1.352519e-02 1.333583e-02 1.306411e-02 1.283373e-02 1.267997e-02 2.208915e-02 1.282407e-02 1.290755e-02 1.298219e-02 1.302058e-02 1.302111e-02 1.301184e-02 1.302732e-02 1.308567e-02 1.956859e-02 1.304958e-02 1.296763e-02 1.447885e-02 1.281512e-02 1.278119e-02 9.106359e-03 9.250225e-03 9.377435e-03 1.279357e-02 0.000000e+00 0.000000e+00 1.081740e-02 1.285947e-02 1.779816e-02 1.382524e-02 1.298451e-02 1.231163e-02 1.043635e-02 1.060237e-02 -9.999000e+03 -9.999000e+03 -9.999000e+03 -9.999000e+03 -9.999000e+03
1.375567e-02 1.356533e-02 1.344241e-02 1.334223e-02 8.931592e-03 1.293514e-02 1.244436e-02 1.136156e-02 1.314080e-02 1.331779e-02 1.337953e-02 1.341583e-02 1.336102e-02 1.321710e-02 1.301710e-02 1.284021e-02 1.274593e-02 1.271326e-02 2.192148e-02 1.300531e-02 1.306702e-02 1.308989e-02 1.307176e-02 1.303364e-02 1.301370e-02 1.304953e-02 1.312986e-02 1.870029e-02 1.314588e-02 1.309434e-02 1.336533e-02 1.295017e-02 8.962631e-03 9.015270e-03 9.125347e-03 9.241340e-03 0.000000e+00 0.000000e+00 1.060928e-02 1.259357e-02 1.288269e-02 1.484809e-02 1.010754e-02 1.031377e-02 1.268543e-02 1.211728e-02 1.200115e-02 1.046322e-02 8.359854e-03 -9.999000e+03 -9.999000e+03 -9.999000e+03
1.407917e-02 1.372070e-02 1.354614e-02 1.348724e-02 1.341944e-02 1.159629e-02 1.320853e-02 1.304942e-02 1.260367e-02 1.321131e-02 1.317203e-02 1.309137e-02 1.296048e-02 1.283757e-02 1.276209e-02 1.274106e-02 1.279615e-02 1.289769e-02 1.305748e-02 2.478536e-02 1.327025e-02 1.320540e-02 1.311083e-02 1.303636e-02 1.302034e-02 1.307784e-02 1.316953e-02 1.781472e-02 1.327008e-02 1.327971e-02 1.324017e-02 8.973120e-03 9.001865e-03 9.015507e-03 0.000000e+00 0.000000e+00 0.000000e+00 9.340870e-03 1.253218e-02 1.287672e-02 1.281658e-02 9.572588e-03 9.717672e-03 1.186581e-02 1.270732e-02 1.286608e-02 1.296600e-02 1.031412e-02 1.045309e-02 7.248502e-03 -9.999000e+03 -9.999000e+03
9.083585e-02 8.355208e-02 1.394429e-02 1.385992e-02 1.325727e-02 1.319398e-02 1.253812e-02 1.312642e-02 1.304395e-02 1.283531e-02 1.299489e-02 1.291546e-02 1.281809e-02 1.276169e-02 1.275471e-02 1.279712e-02 1.290978e-02 1.306303e-02 1.323994e-02 3.957104e-02 1.337828e-02 1.332886e-02 1.323665e-02 1.316541e-02 1.315991e-02 1.322222e-02 1.329421e-02 1.694848e-02 1.331832e-02 1.331981e-02 1.327814e-02 8.994696e-03 8.998483e-03 0.000000e+00 0.000000e+00 1.056680e-02 9.240399e-03 1.167182e-02 1.291991e-02 1.288127e-02 9.349525e-03 9.424405e-03 9.521539e-03 1.243797e-02 1.271782e-02 1.281425e-02 1.013303e-02 1.011654e-02 1.010455e-02 1.724108e-02 1.052215e-02 7.167734e-03
2.312305e-02 2.085241e-02 7.018778e-02 1.340273e-02 1.340846e-02 1.333605e-02 1.326823e-02 1.305833e-02 1.322590e-02 1.318745e-02 1.310881e-02 1.312188e-02 1.307773e-02 1.307673e-02 1.311734e-02 1.322935e-02 1.341590e-02 1.362015e-02 1.382382e-02 1.398955e-02 4.456379e-02 1.398649e-02 1.390517e-02 1.382917e-02 1.337754e-02 1.343924e-02 1.347224e-02 1.607909e-02 1.334473e-02 1.329262e-02 1.323449e-02 8.984071e-03 0.000000e+00 0.000000e+00 1.025859e-02 1.272973e-02 1.167294e-02 1.255920e-02 1.295934e-02 9.164258e-03 9.243272e-03 9.337631e-03 9.437644e-03 9.570211e-03 1.273934e-02 1.264926e-02 9.778467e-03 1.184819e-02 1.191782e-02 1.480592e-02 1.011878e-02 1.731366e-02
9.600985e-03 1.206447e-02 1.309240e-02 6.539397e-02 6.623478e-02 6.140218e-02 6.035029e-02 1.337616e-02 1.344048e-02 1.359655e-02 1.365240e-02 1.365390e-02 1.372811e-02 1.381682e-02 1.894024e-02 1.396096e-02 1.400794e-02 1.400949e-02 1.399312e-02 1.396114e-02 9.771752e-03 4.536826e-02 1.879260e-02 1.379040e-02 1.392437e-02 1.402909e-02 1.347454e-02 1.482562e-02 1.327063e-02 1.319239e-02 1.314931e-02 0.000000e+00 0.000000e+00 8.985192e-03 1.246834e-02 1.315528e-02 1.259979e-02 1.289834e-02 1.299838e-02 9.105537e-03 9.168427e-03 9.267014e-03 9.365277e-03 9.480689e-03 1.283863e-02 1.280784e-02 1.190788e-02 1.256305e-02 1.257342e-02 1.346994e-02 1.189410e-02 1.474427e-02
1.297214e-02 1.321670e-02 1.352112e-02 1.394705e-02 1.374179e-02 1.330154e-02 1.337993e-02 5.961006e-02 6.305612e-02 6.614856e-02 6.839790e-02 6.929983e-02 7.172591e-02 7.651397e-02 8.240324e-02 8.854888e-02 8.866677e-02 1.469147e-02 1.435311e-02 1.405374e-02 1.370509e-02 1.202222e-02 4.379734e-02 1.365980e-02 1.387593e-02 1.397463e-02 1.396185e-02 1.325427e-02 1.313754e-02 1.305824e-02 0.000000e+00 0.000000e+00 8.905920e-03 8.953644e-03 1.298661e-02 1.311281e-02 1.291606e-02 1.303131e-02 1.305658e-02 9.086236e-03 9.127928e-03 9.216097e-03 9.303837e-03 9.408375e-03 9.534336e-03 9.658320e-03 1.282717e-02 1.302058e-02 1.292738e-02 1.304606e-02 1.246352e-02 1.339086e-02
1.181010e-02 1.282579e-02 1.342424e-02 3.709799e-02 3.859745e-02 3.660413e-02 3.677099e-02 3.884531e-02 4.089229e-02 4.297238e-02 4.474936e-02 4.608850e-02 4.788794e-02 5.038233e-02 5.319150e-02 5.590547e-02 5.599606e-02 9.874033e-02 1.042476e-01 1.410579e-02 1.389086e-02 1.359927e-02 4.731198e-02 1.388863e-02 1.392925e-02 1.387217e-02 1.376505e-02 1.369222e-02 1.305631e-02 0.000000e+00 0.000000e+00 8.911025e-03 8.886900e-03 8.934057e-03 1.306075e-02 1.305447e-02 1.299604e-02 1.302863e-02 9.040425e-03 9.039329e-03 9.071858e-03 9.157527e-03 9.248158e-03 9.341984e-03 9.451811e-03 9.583856e-03 9.701119e-03 1.310355e-02 1.307496e-02 1.306722e-02 1.285971e-02 1.309171e-02
1.293552e-02 2.327154e-02 2.346105e-02 1.301182e-02 1.302133e-02 1.293780e-02 1.299058e-02 1.311484e-02 1.321805e-02 1.332032e-02 1.342029e-02 1.388966e-02 1.400914e-02 1.414920e-02 1.429783e-02 1.442565e-02 2.056879e-02 2.564628e-02 2.501583e-02 9.427325e-02 9.957681e-02 9.353567e-02 9.931347e-02 5.841962e-02 1.399225e-02 1.373766e-02 1.360216e-02 1.347191e-02 0.000000e+00 0.000000e+00 9.024318e-03 1.140706e-02 8.876186e-03 8.925676e-03 1.306433e-02 1.303238e-02 1.300060e-02 1.298808e-02 8.972986e-03 8.967688e-03 8.995321e-03 9.080565e-03 9.190511e-03 9.291279e-03 9.363790e-03 9.452964e-03 9.583331e-03 1.303072e-02 1.312090e-02 1.321203e-02 1.321725e-02 1.322799e-02
2.662430e-02 1.279986e-02 1.279851e-02 1.281335e-02 1.271133e-02 1.257959e-02 1.258603e-02 1.266514e-02 1.273532e-02 1.282397e-02 1.293534e-02 1.305028e-02 1.316247e-02 1.328482e-02 1.342537e-02 1.394813e-02 1.410680e-02 2.005830e-02 2.042246e-02 2.619529e-02 2.997647e-02 3.614272e-02 2.701989e-02 1.267643e-01 7.190551e-02 1.404715e-02 1.371609e-02 9.732540e-03 0.000000e+00 1.080210e-02 1.156675e-02 1.247216e-02 8.848603e-03 1.139216e-02 1.304369e-02 1.303856e-02 1.301456e-02 1.298752e-02 8.920504e-03 8.916246e-03 8.946786e-03 9.022834e-03 9.135721e-03 9.257872e-03 9.319337e-03 9.363075e-03 9.465256e-03 9.589417e-03 1.300401e-02 1.309607e-02 1.315995e-02 1.317058e-02
1.286349e-02 1.280924e-02 1.280818e-02 1.282014e-02 1.273442e-02 1.258756e-02 1.254563e-02 1.256247e-02 1.255734e-02 1.258792e-02 1.268796e-02 1.280241e-02 1.288439e-02 1.295850e-02 1.306013e-02 1.316641e-02 1.790796e-02 1.337730e-02 1.398272e-02 1.437985e-02 1.449283e-02 0.000000e+00 0.000000e+00 0.000000e+00 1.284474e-01 7.389337e-02 1.348771e-02 0.000000e+00 0.000000e+00 1.343357e-02 1.320912e-02 1.294632e-02 8.812622e-03 1.235818e-02 1.301169e-02 1.305349e-02 1.303857e-02 8.908220e-03 8.878804e-03 8.871296e-03 8.914737e-03 8.993486e-03 9.097318e-03 9.230562e-03 9.303870e-03 9.319596e-03 9.366654e-03 9.449013e-03 1.285840e-02 1.290287e-02 1.295309e-02 1.301556e-02
1.283351e-02 1.277183e-02 1.276477e-02 1.279382e-02 1.275435e-02 1.263970e-02 1.258562e-02 1.256334e-02 1.248732e-02 1.243859e-02 1.250597e-02 1.261325e-02 1.267640e-02 1.272167e-02 1.279110e-02 1.609274e-02 1.292173e-02 1.298996e-02 1.315755e-02 1.341852e-02 1.398355e-02 1.399806e-02 1.426153e-02 0.000000e+00 0.000000e+00 0.000000e+00 6.824060e-02 0.000000e+00 1.031163e-02 1.424009e-02 1.385421e-02 1.374357e-02 1.148851e-02 1.290252e-02 1.307056e-02 1.305247e-02 1.302618e-02 8.879146e-03 8.852464e-03 8.828613e-03 8.864130e-03 8.953947e-03 9.063986e-03 9.202843e-03 9.288817e-03 9.307525e-03 9.330092e-03 1.173937e-02 1.288674e-02 1.290145e-02 1.292787e-02 1.294120e-02
1.281871e-02 1.279759e-02 1.278552e-02 1.281874e-02 1.283427e-02 1.278550e-02 1.276037e-02 1.274693e-02 1.262668e-02 1.248934e-02 1.246799e-02 1.251491e-02 1.255667e-02 1.257403e-02 1.625120e-02 1.265512e-02 1.265058e-02 1.264531e-02 1.274172e-02 1.291295e-02 1.304048e-02 1.343449e-02 1.371328e-02 1.417722e-02 1.422893e-02 0.000000e+00 0.000000e+00 0.000000e+00 1.613973e-02 1.293502e-02 1.888416e-02 1.412244e-02 1.289517e-02 1.334847e-02 1.320994e-02 1.305900e-02 1.299640e-02 8.838251e-03 8.830085e-03 8.801977e-03 8.816645e-03 8.900164e-03 9.022200e-03 9.175693e-03 9.275407e-03 9.312525e-03 9.338542e-03 1.264049e-02 1.297238e-02 1.295935e-02 1.296735e-02 1.291221e-02
1.281404e-02 1.281861e-02 1.277730e-02 1.278200e-02 1.284115e-02 1.286646e-02 1.287647e-02 1.286462e-02 1.277589e-02 1.261022e-02 1.250905e-02 1.251143e-02 1.251475e-02 1.820013e-02 1.253568e-02 1.252918e-02 1.244388e-02 1.240037e-02 1.251010e-02 1.258148e-02 1.266127e-02 1.274674e-02 1.326319e-02 1.369079e-02 1.379772e-02 1.804719e-02 0.000000e+00 0.000000e+00 0.000000e+00 0.000000e+00 2.100407e-02 1.430631e-02 1.385301e-02 1.332706e-02 1.320885e-02 1.310682e-02 1.304328e-02 8.805064e-03 8.788230e-03 8.771992e-03 8.779930e-03 8.840695e-03 8.950413e-03 9.101996e-03 9.209571e-03 9.266932e-03 9.309610e-03 1.293084e-02 1.301701e-02 1.296567e-02 1.291135e-02 1.284530e-02
1.299776e-02 1.293883e-02 1.277654e-02 1.267213e-02 1.273536e-02 1.282148e-02 1.274392e-02 1.277753e-02 1.279364e-02 1.272451e-02 1.271440e-02 1.260995e-02 2.177344e-02 1.265496e-02 1.259680e-02 1.245504e-02 1.234353e-02 1.238933e-02 1.232360e-02 1.244030e-02 1.245428e-02 1.244701e-02 1.265232e-02 1.333238e-02 1.345650e-02 0.000000e+00 0.000000e+00 1.144482e-02 1.354562e-02 0.000000e+00 0.000000e+00 0.000000e+00 1.362539e-02 1.345715e-02 1.309016e-02 1.315573e-02 1.312689e-02 8.792112e-03 8.745142e-03 8.737087e-03 8.747157e-03 8.787373e-03 8.867105e-03 8.991057e-03 9.094178e-03 9.170008e-03 9.238604e-03 1.298933e-02 1.304194e-02 1.297105e-02 1.283256e-02 1.276534e-02
