tests/data/reference/test_implicit_stream_rill_mfda/mwlevel_m.asc
ncols	123
nrows	77
xllcorner	-713746.79929998
yllcorner	-1061022.36961616
cellsize	10.0
NODATA_value	-9999
[rows 46 to 68 of 77, columns 52 to 103 of 123]
1.325546e-02 1.317557e-02 1.290367e-02 1.266686e-02 1.271195e-02 1.246321e-02 1.245381e-02 1.244639e-02 1.250539e-02 1.293483e-02 1.274516e-02 2.348129e-02 1.278701e-02 1.269510e-02 1.232400e-02 1.226689e-02 1.256209e-02 1.195443e-02 1.199666e-02 1.208847e-02 1.203795e-02 1.195465e-02 1.207572e-02 1.236426e-02 1.318568e-02 0.000000e+00 9.626893e-03 9.135657e-03 1.194120e-02 1.302346e-02 1.366531e-02 0.000000e+00 0.000000e+00 0.000000e+00 1.381758e-02 1.333357e-02 1.326446e-02 8.797272e-03 8.710373e-03 8.695456e-03 8.707988e-03 8.743775e-03 8.799396e-03 8.886058e-03 8.964307e-03 9.033107e-03 9.105062e-03 1.292078e-02 1.296767e-02 1.295377e-02 1.286477e-02 1.283174e-02
1.345873e-02 1.346365e-02 1.319587e-02 1.286087e-02 1.168717e-02 1.174821e-02 1.171187e-02 1.164512e-02 1.283725e-02 1.252340e-02 2.532449e-02 1.282124e-02 1.247285e-02 1.161081e-02 1.160029e-02 1.294223e-02 1.145759e-02 1.124683e-02 1.119979e-02 1.121246e-02 1.111417e-02 1.098133e-02 1.097371e-02 1.275323e-02 8.617845e-03 0.000000e+00 9.782721e-03 9.995573e-03 1.213430e-02 1.293546e-02 1.341982e-02 1.376880e-02 1.461994e-02 0.000000e+00 0.000000e+00 1.363803e-02 1.345079e-02 8.892868e-03 8.748571e-03 8.704822e-03 8.717244e-03 8.763523e-03 8.802458e-03 8.848139e-03 8.885445e-03 8.924702e-03 8.980753e-03 1.282984e-02 1.285881e-02 1.290503e-02 1.292581e-02 1.294847e-02
1.352694e-02 1.360088e-02 1.342091e-02 9.568623e-03 9.496530e-03 9.508097e-03 9.492574e-03 1.291475e-02 1.168863e-02 2.681669e-02 1.287771e-02 1.160241e-02 9.215606e-03 9.257199e-03 1.297713e-02 9.301944e-03 9.226866e-03 9.059247e-03 8.966647e-03 8.943575e-03 8.864545e-03 8.731676e-03 1.254358e-02 1.097038e-02 1.222081e-02 0.000000e+00 9.867937e-03 1.423153e-02 1.410729e-02 1.363185e-02 1.359124e-02 1.379231e-02 1.429191e-02 1.028084e-02 0.000000e+00 1.422831e-02 1.348242e-02 9.008017e-03 8.817504e-03 8.728772e-03 8.724248e-03 8.776607e-03 8.805424e-03 8.822115e-03 8.825999e-03 8.838584e-03 8.881835e-03 1.282133e-02 1.281543e-02 1.286295e-02 1.294542e-02 1.302241e-02
1.345411e-02 1.354424e-02 9.675684e-03 1.188137e-02 1.266648e-02 1.298241e-02 1.307298e-02 9.555887e-03 2.860790e-02 1.291891e-02 9.359353e-03 9.270342e-03 1.166130e-02 1.266271e-02 9.299937e-03 1.172054e-02 1.255661e-02 1.274923e-02 1.288512e-02 1.301768e-02 1.300650e-02 1.292985e-02 8.774330e-03 8.581375e-03 1.487930e-02 0.000000e+00 1.079811e-02 1.235561e-02 1.334463e-02 1.334235e-02 1.346723e-02 1.371520e-02 1.412935e-02 1.430226e-02 0.000000e+00 0.000000e+00 1.338914e-02 9.124974e-03 8.913437e-03 8.780083e-03 8.741421e-03 8.777785e-03 8.797621e-03 8.799888e-03 8.779501e-03 8.769278e-03 8.804505e-03 1.284955e-02 1.280312e-02 1.283184e-02 1.295301e-02 1.307987e-02
1.323379e-02 2.182021e-02 2.087583e-02 1.959417e-02 1.820697e-02 1.679276e-02 1.541560e-02 3.034805e-02 1.311540e-02 9.452401e-03 1.172448e-02 1.255517e-02 1.288790e-02 1.306008e-02 1.308540e-02 1.305691e-02 1.298440e-02 1.289652e-02 1.294381e-02 1.304346e-02 1.308125e-02 1.308865e-02 1.293027e-02 1.272027e-02 1.255570e-02 0.000000e+00 9.960713e-03 8.569678e-03 1.134903e-02 1.254615e-02 1.316233e-02 1.353925e-02 1.397760e-02 2.032543e-02 1.403751e-02 0.000000e+00 1.386774e-02 9.204400e-03 8.993365e-03 8.839891e-03 8.776501e-03 8.787333e-03 8.792268e-03 8.790836e-03 1.129792e-02 1.125710e-02 8.739612e-03 1.288302e-02 1.285437e-02 1.286605e-02 1.293679e-02 1.302500e-02
2.209326e-02 1.329160e-02 1.775648e-02 1.836017e-02 2.173442e-02 2.657066e-02 2.851822e-02 1.324438e-02 1.315882e-02 1.293431e-02 1.295295e-02 1.304610e-02 1.306881e-02 1.307603e-02 1.304891e-02 1.300678e-02 1.667485e-02 1.493254e-02 1.364372e-02 1.319232e-02 1.319672e-02 1.331628e-02 1.314634e-02 1.284948e-02 1.261025e-02 0.000000e+00 8.613372e-03 1.104695e-02 1.214195e-02 1.285518e-02 1.324691e-02 1.355879e-02 1.394136e-02 1.440875e-02 2.006937e-02 0.000000e+00 0.000000e+00 9.642372e-03 9.038984e-03 8.887796e-03 8.815302e-03 8.804890e-03 8.789856e-03 8.788415e-03 1.242078e-02 1.237530e-02 8.691818e-03 1.290431e-02 1.292076e-02 1.292606e-02 1.291003e-02 1.292024e-02
1.315315e-02 1.316608e-02 9.313790e-03 1.348564e-02 1.580478e-02 1.316990e-02 1.313868e-02 1.320176e-02 1.312839e-02 1.289369e-02 1.297289e-02 1.316992e-02 1.317921e-02 1.311310e-02 1.305649e-02 1.300777e-02 9.179908e-03 1.140482e-02 1.231974e-02 1.273051e-02 1.309354e-02 1.349337e-02 1.333555e-02 1.293355e-02 8.878966e-03 0.000000e+00 1.041290e-02 1.236659e-02 1.286550e-02 1.293326e-02 1.323498e-02 1.357729e-02 1.390217e-02 1.419057e-02 1.429619e-02 1.940317e-02 0.000000e+00 1.208807e-02 9.038838e-03 8.931022e-03 8.876764e-03 8.863948e-03 8.826436e-03 1.133620e-02 1.285647e-02 1.283234e-02 1.121369e-02 1.294004e-02 1.293788e-02 1.294414e-02 1.292639e-02 1.288843e-02
1.313303e-02 1.312357e-02 1.324025e-02 1.699811e-02 1.345674e-02 1.320122e-02 1.314382e-02 1.317645e-02 1.307566e-02 1.666886e-02 1.521009e-02 1.435020e-02 1.344735e-02 1.327145e-02 1.314259e-02 1.303973e-02 1.288770e-02 1.273572e-02 1.274360e-02 1.280596e-02 1.311861e-02 1.359318e-02 1.796272e-02 1.750863e-02 1.567881e-02 0.000000e+00 1.075848e-02 1.254502e-02 1.292856e-02 1.291421e-02 1.303625e-02 1.350712e-02 1.377793e-02 1.389482e-02 1.403677e-02 2.232335e-02 0.000000e+00 0.000000e+00 9.302600e-03 8.953759e-03 8.956807e-03 8.969347e-03 1.147003e-02 1.247290e-02 1.300153e-02 1.297987e-02 1.233477e-02 1.299053e-02 1.294046e-02 1.293859e-02 1.295897e-02 1.289857e-02
1.314690e-02 1.312568e-02 1.761106e-02 1.359692e-02 1.349422e-02 1.324645e-02 1.319465e-02 1.319859e-02 1.309266e-02 1.291885e-02 1.294859e-02 1.315492e-02 1.327958e-02 1.334186e-02 1.322215e-02 1.304802e-02 1.290481e-02 1.278171e-02 1.277390e-02 1.280653e-02 1.311866e-02 1.362746e-02 9.291270e-03 9.014400e-03 1.123371e-02 0.000000e+00 1.053050e-02 1.243014e-02 1.288498e-02 1.279098e-02 1.300058e-02 1.353158e-02 1.362427e-02 1.360805e-02 1.961054e-02 2.497214e-02 9.612908e-03 0.000000e+00 9.170259e-03 9.213894e-03 8.931261e-03 8.949972e-03 1.246761e-02 1.284052e-02 1.300602e-02 1.300744e-02 1.279996e-02 1.304825e-02 1.299848e-02 1.296388e-02 1.296305e-02 1.293692e-02
1.315796e-02 1.315962e-02 1.329985e-02 1.352637e-02 1.343018e-02 1.330209e-02 1.323344e-02 1.321426e-02 1.316224e-02 9.159688e-03 1.736557e-02 2.051240e-02 1.949562e-02 2.623415e-02 2.849200e-02 2.692153e-02 2.531388e-02 2.365958e-02 2.209626e-02 2.066016e-02 1.998720e-02 2.019650e-02 1.899533e-02 1.661552e-02 0.000000e+00 0.000000e+00 8.497733e-03 1.094763e-02 1.206909e-02 1.258978e-02 1.292880e-02 1.319472e-02 1.323305e-02 1.336029e-02 1.378946e-02 1.934179e-02 2.423724e-02 0.000000e+00 9.036217e-03 9.095156e-03 8.813441e-03 1.125437e-02 1.267475e-02 1.285049e-02 1.294679e-02 1.299307e-02 1.297541e-02 1.310166e-02 1.308039e-02 1.301248e-02 1.295808e-02 1.297636e-02
1.310166e-02 1.320528e-02 1.321774e-02 1.321233e-02 1.339347e-02 1.330158e-02 1.320665e-02 1.315526e-02 1.314941e-02 1.711664e-02 1.302728e-02 1.298448e-02 1.726416e-02 1.339358e-02 1.336076e-02 1.737035e-02 1.570746e-02 1.428920e-02 1.311245e-02 1.296215e-02 1.309922e-02 1.339036e-02 1.317589e-02 1.275469e-02 0.000000e+00 9.382613e-03 9.231578e-03 1.122529e-02 1.224959e-02 1.276819e-02 1.299231e-02 1.307196e-02 1.309206e-02 1.309059e-02 1.359757e-02 1.990563e-02 3.149451e-02 0.000000e+00 0.000000e+00 8.859834e-03 1.137098e-02 1.214706e-02 1.274273e-02 1.286769e-02 1.295698e-02 1.300519e-02 1.302376e-02 1.310604e-02 1.313786e-02 1.311446e-02 1.307122e-02 1.309770e-02
1.296739e-02 1.305625e-02 1.258769e-02 1.306965e-02 1.316400e-02 1.313614e-02 1.312298e-02 1.302682e-02 1.303789e-02 1.308173e-02 1.302848e-02 1.294775e-02 1.305017e-02 1.325158e-02 1.325119e-02 1.312051e-02 1.715353e-02 2.023075e-02 2.209198e-02 2.094490e-02 2.066346e-02 1.987862e-02 1.869841e-02 1.712300e-02 0.000000e+00 9.379768e-03 9.248084e-03 1.130566e-02 1.236293e-02 1.287827e-02 1.297534e-02 1.290029e-02 1.294150e-02 1.303755e-02 1.344828e-02 1.389500e-02 2.568866e-02 2.915122e-02 0.000000e+00 1.110986e-02 1.220239e-02 1.247083e-02 1.277869e-02 1.290389e-02 1.300320e-02 1.303876e-02 1.303139e-02 1.308288e-02 1.317362e-02 1.323657e-02 1.324466e-02 1.326429e-02
1.239230e-02 1.167441e-02 1.295090e-02 1.288679e-02 1.279914e-02 1.304101e-02 1.300701e-02 1.292648e-02 1.291761e-02 1.296816e-02 1.296892e-02 1.295840e-02 1.298398e-02 1.311499e-02 1.315760e-02 1.308308e-02 1.302810e-02 1.299822e-02 1.299494e-02 1.714625e-02 1.577762e-02 1.468680e-02 1.360594e-02 1.306401e-02 0.000000e+00 9.382706e-03 9.277013e-03 1.138534e-02 1.243627e-02 1.290716e-02 1.760117e-02 1.591348e-02 1.521152e-02 1.639047e-02 1.678764e-02 3.072325e-02 3.322377e-02 6.269498e-02 0.000000e+00 0.000000e+00 1.291322e-02 1.296970e-02 1.289504e-02 1.298756e-02 1.305647e-02 1.309033e-02 1.309072e-02 1.310731e-02 1.316614e-02 1.322362e-02 1.323156e-02 1.323794e-02
8.937158e-03 1.284213e-02 1.315026e-02 1.234254e-02 1.280783e-02 1.283868e-02 1.288378e-02 1.282926e-02 1.276914e-02 1.276729e-02 1.295098e-02 1.293823e-02 1.293587e-02 1.302940e-02 1.308157e-02 1.308213e-02 1.304903e-02 1.299648e-02 1.296901e-02 1.296463e-02 1.715638e-02 1.771162e-02 1.748334e-02 1.729841e-02 0.000000e+00 8.591437e-03 1.110873e-02 1.576079e-02 1.713221e-02 1.798757e-02 1.266994e-02 1.440704e-02 1.416191e-02 1.197407e-02 1.195720e-02 1.236924e-02 1.913790e-02 2.302876e-02 7.012269e-02 0.000000e+00 0.000000e+00 1.337556e-02 1.330799e-02 1.309707e-02 1.311565e-02 1.314450e-02 1.317324e-02 1.316512e-02 1.315332e-02 1.314922e-02 1.312282e-02 1.310347e-02
1.151864e-02 1.340598e-02 1.179205e-02 1.275095e-02 1.234739e-02 1.248247e-02 1.255235e-02 1.254938e-02 1.244029e-02 1.278068e-02 1.272661e-02 1.281796e-02 1.292441e-02 1.287400e-02 1.292894e-02 1.302403e-02 1.301363e-02 1.298756e-02 1.296715e-02 1.290395e-02 8.664730e-03 8.660943e-03 1.267011e-02 8.476210e-03 0.000000e+00 8.461812e-03 1.106304e-02 1.328484e-02 1.328018e-02 1.223373e-02 1.100633e-02 1.087071e-02 1.078329e-02 1.074857e-02 1.067016e-02 1.056130e-02 1.067894e-02 1.254846e-02 1.420703e-02 7.908068e-02 0.000000e+00 0.000000e+00 1.377192e-02 1.328233e-02 1.320572e-02 1.317171e-02 1.317309e-02 1.314711e-02 1.311305e-02 1.312758e-02 1.316822e-02 1.315965e-02
1.291735e-02 9.470220e-03 1.335288e-02 1.162719e-02 1.157598e-02 1.160046e-02 1.165582e-02 1.169438e-02 1.284055e-02 1.228261e-02 1.231880e-02 1.280756e-02 1.268310e-02 1.262312e-02 1.276118e-02 1.280370e-02 1.283848e-02 1.286143e-02 1.277346e-02 8.685580e-03 1.122214e-02 1.241530e-02 8.650379e-03 1.101271e-02 0.000000e+00 1.053587e-02 1.266786e-02 1.330733e-02 1.114169e-02 8.544642e-03 8.507249e-03 8.437394e-03 8.358023e-03 8.282201e-03 8.181161e-03 8.051943e-03 1.155828e-02 1.257413e-02 1.873938e-02 2.319672e-02 9.251139e-02 0.000000e+00 1.453370e-02 1.398434e-02 1.333284e-02 1.319884e-02 1.314129e-02 1.309784e-02 1.305344e-02 1.311323e-02 1.324814e-02 8.850937e-03
1.311967e-02 1.359927e-02 9.667039e-03 9.517761e-03 9.402551e-03 9.330277e-03 9.335227e-03 1.303417e-02 1.166288e-02 1.149831e-02 1.264653e-02 1.235361e-02 1.232005e-02 1.261941e-02 1.251049e-02 1.256145e-02 1.260971e-02 1.228380e-02 8.709640e-03 1.119397e-02 1.234399e-02 1.292035e-02 1.298419e-02 1.282981e-02 0.000000e+00 1.072842e-02 1.276225e-02 8.541792e-03 8.577894e-03 1.114022e-02 1.227847e-02 1.274394e-02 1.286486e-02 1.285443e-02 1.281681e-02 1.239015e-02 8.060775e-03 8.025309e-03 1.084463e-02 1.299020e-02 1.466158e-02 0.000000e+00 0.000000e+00 1.413036e-02 1.338840e-02 1.324972e-02 1.319689e-02 1.319377e-02 1.317169e-02 1.322393e-02 8.912176e-03 1.314064e-02
1.323962e-02 1.346452e-02 1.337851e-02 1.309517e-02 1.297943e-02 1.293981e-02 1.304529e-02 9.525429e-03 9.508831e-03 1.277672e-02 1.160015e-02 1.161095e-02 1.268207e-02 1.226679e-02 1.219958e-02 1.218894e-02 1.129597e-02 8.745998e-03 1.119851e-02 1.228910e-02 1.280709e-02 1.309325e-02 1.308325e-02 1.293417e-02 0.000000e+00 1.076075e-02 1.274163e-02 1.325922e-02 1.329863e-02 1.322992e-02 1.317608e-02 1.315013e-02 1.306498e-02 1.295183e-02 1.286149e-02 1.279402e-02 1.251206e-02 1.213445e-02 1.321984e-02 1.542271e-02 2.541019e-02 3.281691e-02 0.000000e+00 0.000000e+00 1.381120e-02 1.330304e-02 8.815248e-03 1.335519e-02 1.336959e-02 8.933193e-03 1.341779e-02 1.282509e-02
1.330466e-02 1.326182e-02 1.320147e-02 1.311389e-02 1.305995e-02 1.302124e-02 1.308980e-02 1.320969e-02 1.314309e-02 9.538314e-03 9.482558e-03 1.280942e-02 1.166025e-02 1.158571e-02 1.145405e-02 8.997149e-03 8.859556e-03 1.121498e-02 1.225104e-02 1.274027e-02 1.297683e-02 1.311951e-02 1.311359e-02 1.303215e-02 0.000000e+00 1.075816e-02 1.266897e-02 1.312594e-02 1.321058e-02 1.324557e-02 1.324276e-02 1.323982e-02 1.317591e-02 1.307938e-02 1.294977e-02 1.281786e-02 1.280644e-02 1.270764e-02 8.158950e-03 8.187085e-03 1.107780e-02 1.329262e-02 3.172784e-02 0.000000e+00 1.426599e-02 1.381156e-02 8.865930e-03 8.928091e-03 8.957230e-03 8.873505e-03 1.303963e-02 1.225647e-02
1.300572e-02 1.299463e-02 1.299879e-02 1.303796e-02 1.307679e-02 1.311953e-02 1.315589e-02 1.318644e-02 1.316288e-02 1.311410e-02 1.306514e-02 9.613969e-03 9.542720e-03 9.452724e-03 9.285326e-03 1.141067e-02 1.222577e-02 1.255970e-02 1.277998e-02 1.295930e-02 1.306526e-02 1.313457e-02 1.735521e-02 1.770016e-02 0.000000e+00 1.119171e-02 1.285427e-02 1.313592e-02 1.318442e-02 1.326393e-02 1.329640e-02 1.331590e-02 1.327547e-02 1.320541e-02 1.307444e-02 1.291279e-02 1.284013e-02 1.282667e-02 1.283793e-02 1.261824e-02 1.318809e-02 1.422647e-02 1.445787e-02 0.000000e+00 0.000000e+00 1.399049e-02 8.898176e-03 8.902086e-03 8.919305e-03 1.325819e-02 1.286980e-02 1.218968e-02
9.821334e-03 1.187475e-02 1.257690e-02 1.285492e-02 1.302849e-02 1.319322e-02 1.321092e-02 1.315002e-02 1.318573e-02 1.328699e-02 1.320508e-02 1.302676e-02 1.290890e-02 1.283620e-02 1.273951e-02 1.264714e-02 1.265601e-02 1.269492e-02 1.283540e-02 1.301123e-02 1.312052e-02 1.318988e-02 8.747070e-03 0.000000e+00 0.000000e+00 9.946955e-03 1.211538e-02 1.271325e-02 1.296133e-02 1.315712e-02 1.326910e-02 1.334951e-02 1.334880e-02 1.330962e-02 1.321807e-02 1.309214e-02 1.292500e-02 1.277526e-02 1.276660e-02 1.275298e-02 1.280011e-02 1.329123e-02 1.375348e-02 1.430407e-02 0.000000e+00 0.000000e+00 1.199772e-02 8.834643e-03 8.752901e-03 8.643438e-03 8.553247e-03 1.106413e-02
-9.999000e+03 -9.999000e+03 -9.999000e+03 -9.999000e+03 -9.999000e+03 -9.999000e+03 -9.999000e+03 9.567054e-03 9.631743e-03 9.816335e-03 9.899867e-03 9.825248e-03 1.186688e-02 1.242610e-02 1.261323e-02 1.270079e-02 1.272630e-02 1.272259e-02 1.285982e-02 1.305383e-02 1.316304e-02 1.323354e-02 1.305553e-02 0.000000e+00 9.780723e-03 9.464485e-03 1.132683e-02 1.211251e-02 1.258388e-02 1.292164e-02 1.315146e-02 1.333271e-02 1.339952e-02 1.341239e-02 1.335969e-02 1.326614e-02 1.303567e-02 1.277225e-02 1.270480e-02 1.273212e-02 1.272642e-02 1.275920e-02 1.354228e-02 1.405121e-02 1.477097e-02 0.000000e+00 0.000000e+00 9.084545e-03 8.574205e-03 8.504046e-03 8.469748e-03 8.476483e-03
-9.999000e+03 -9.999000e+03 -9.999000e+03 -9.999000e+03 -9.999000e+03 -9.999000e+03 -9.999000e+03 -9.999000e+03 -9.999000e+03 -9.999000e+03 1.208648e-02 1.197448e-02 9.618988e-03 9.352104e-03 1.154241e-02 1.245799e-02 1.272616e-02 1.273456e-02 1.288128e-02 1.309709e-02 1.318123e-02 1.320654e-02 1.300249e-02 0.000000e+00 9.776946e-03 9.504576e-03 1.136507e-02 1.210442e-02 1.252580e-02 1.276837e-02 1.309775e-02 1.330281e-02 1.342723e-02 1.349731e-02 1.345776e-02 1.335651e-02 1.314228e-02 1.289384e-02 1.274806e-02 1.266366e-02 1.272645e-02 1.264169e-02 1.306027e-02 1.366638e-02 1.413549e-02 1.499925e-02 0.000000e+00 0.000000e+00 8.489751e-03 8.398853e-03 -9.999000e+03 -9.999000e+03
