tests/data/reference/test_implicit_stream_rill_mfda/mwlevel_m.asc
ncols	123
nrows	77
xllcorner	-713746.79929998
yllcorner	-1061022.36961616
cellsize	10.0
NODATA_value	-9999
[rows 46 to 68 of 77, columns 52 to 103 of 123]
1.328577e-02 1.320353e-02 1.292570e-02 1.267838e-02 1.271585e-02 1.239817e-02 1.238888e-02 1.238068e-02 1.243858e-02 1.293577e-02 1.271060e-02 2.341290e-02 1.278419e-02 1.265510e-02 1.224941e-02 1.219224e-02 1.255519e-02 1.187495e-02 1.191181e-02 1.200033e-02 1.194829e-02 1.186230e-02 1.197964e-02 1.226660e-02 1.318289e-02 0.000000e+00 9.556033e-03 9.043524e-03 1.183271e-02 1.294587e-02 1.363155e-02 0.000000e+00 0.000000e+00 0.000000e+00 1.384987e-02 1.335259e-02 1.327990e-02 8.705035e-03 8.618585e-03 8.603751e-03 8.616213e-03 8.651806e-03 8.707149e-03 8.793434e-03 8.871403e-03 8.940006e-03 9.011804e-03 1.292080e-02 1.297486e-02 1.295843e-02 1.286396e-02 1.282784e-02
1.348936e-02 1.349790e-02 1.322597e-02 1.287948e-02 1.159307e-02 1.165303e-02 1.161663e-02 1.154901e-02 1.283871e-02 1.245900e-02 2.523067e-02 1.282153e-02 1.240223e-02 1.150848e-02 1.149879e-02 1.293356e-02 1.135631e-02 1.114334e-02 1.109303e-02 1.110396e-02 1.100524e-02 1.087115e-02 1.086123e-02 1.274555e-02 8.526607e-03 0.000000e+00 9.811205e-03 9.934788e-03 1.205263e-02 1.287154e-02 1.338512e-02 1.376307e-02 1.492751e-02 0.000000e+00 0.000000e+00 1.366952e-02 1.347485e-02 8.800217e-03 8.656577e-03 8.613065e-03 8.625418e-03 8.671452e-03 8.710196e-03 8.755671e-03 8.792823e-03 8.831932e-03 8.887798e-03 1.283006e-02 1.286271e-02 1.290844e-02 1.292571e-02 1.294679e-02
1.354985e-02 1.363025e-02 1.344953e-02 9.475648e-03 9.403357e-03 9.414952e-03 9.399393e-03 1.291833e-02 1.159425e-02 2.669775e-02 1.288252e-02 1.150312e-02 9.122208e-03 9.163781e-03 1.294641e-02 9.208525e-03 9.133461e-03 8.966082e-03 8.873736e-03 8.850739e-03 8.772008e-03 8.639771e-03 1.254139e-02 1.085866e-02 1.212334e-02 0.000000e+00 1.045511e-02 1.458774e-02 1.417423e-02 1.365603e-02 1.361087e-02 1.381366e-02 1.432756e-02 1.019086e-02 0.000000e+00 1.428753e-02 1.351459e-02 8.914982e-03 8.725172e-03 8.636883e-03 8.632383e-03 8.684471e-03 8.713149e-03 8.729762e-03 8.733628e-03 8.746157e-03 8.789227e-03 1.281971e-02 1.281551e-02 1.286434e-02 1.294696e-02 1.302493e-02
1.345746e-02 1.355407e-02 9.583113e-03 1.179161e-02 1.261125e-02 1.296019e-02 1.307121e-02 9.462874e-03 2.846579e-02 1.293011e-02 9.265964e-03 9.176921e-03 1.156045e-02 1.259431e-02 9.206518e-03 1.162073e-02 1.248885e-02 1.271335e-02 1.286912e-02 1.301409e-02 1.300968e-02 1.293444e-02 8.682205e-03 8.490375e-03 1.482809e-02 0.000000e+00 1.219985e-02 1.236905e-02 1.327822e-02 1.330360e-02 1.345409e-02 1.371907e-02 1.415208e-02 1.435376e-02 0.000000e+00 0.000000e+00 1.342355e-02 9.031681e-03 8.820708e-03 8.687929e-03 8.649465e-03 8.685642e-03 8.705382e-03 8.707639e-03 8.687350e-03 8.677178e-03 8.712233e-03 1.284711e-02 1.280053e-02 1.283116e-02 1.295588e-02 1.308677e-02
1.320445e-02 2.155041e-02 2.064719e-02 1.940396e-02 1.805103e-02 1.667013e-02 1.531758e-02 3.021894e-02 1.313372e-02 9.359137e-03 1.162810e-02 1.249027e-02 1.285607e-02 1.305162e-02 1.308973e-02 1.306601e-02 1.299314e-02 1.290208e-02 1.294750e-02 1.304864e-02 1.308945e-02 1.309922e-02 1.293903e-02 1.272255e-02 1.255625e-02 0.000000e+00 1.050471e-02 8.478757e-03 1.123562e-02 1.245064e-02 1.309913e-02 1.350878e-02 1.397767e-02 2.018850e-02 1.408998e-02 0.000000e+00 1.391391e-02 9.111010e-03 8.900372e-03 8.747459e-03 8.684365e-03 8.695144e-03 8.700055e-03 8.698630e-03 1.118587e-02 1.114487e-02 8.647665e-03 1.288112e-02 1.285122e-02 1.286451e-02 1.294009e-02 1.303378e-02
2.180681e-02 1.331114e-02 1.770571e-02 1.828317e-02 2.161525e-02 2.640977e-02 2.835172e-02 1.326536e-02 1.317727e-02 1.294648e-02 1.296013e-02 1.305311e-02 1.307772e-02 1.308652e-02 1.305959e-02 1.301621e-02 1.662461e-02 1.490558e-02 1.365190e-02 1.325311e-02 1.323318e-02 1.334404e-02 1.316919e-02 1.286289e-02 1.261534e-02 0.000000e+00 8.522163e-03 1.093222e-02 1.204297e-02 1.279321e-02 1.321349e-02 1.354567e-02 1.394822e-02 1.444188e-02 1.987348e-02 0.000000e+00 0.000000e+00 9.549567e-03 8.945867e-03 8.795165e-03 8.722981e-03 8.712617e-03 8.697655e-03 8.696221e-03 1.233164e-02 1.228474e-02 8.600134e-03 1.290360e-02 1.291913e-02 1.292551e-02 1.291284e-02 1.292725e-02
1.316915e-02 1.318207e-02 9.220375e-03 1.351177e-02 1.572752e-02 1.319990e-02 1.316152e-02 1.322132e-02 1.314632e-02 1.290440e-02 1.297934e-02 1.317950e-02 1.319349e-02 1.312849e-02 1.307003e-02 1.301843e-02 9.086542e-03 1.130084e-02 1.223972e-02 1.268192e-02 1.307296e-02 1.349988e-02 1.335796e-02 1.295226e-02 8.786370e-03 0.000000e+00 1.136799e-02 1.249833e-02 1.282374e-02 1.289023e-02 1.322212e-02 1.358046e-02 1.391711e-02 1.422126e-02 1.434861e-02 1.927285e-02 0.000000e+00 1.199084e-02 8.945722e-03 8.838229e-03 8.784177e-03 8.771414e-03 8.734064e-03 1.122433e-02 1.280462e-02 1.277818e-02 1.110004e-02 1.294084e-02 1.293837e-02 1.294533e-02 1.292878e-02 1.289243e-02
1.314767e-02 1.313722e-02 1.325737e-02 1.689296e-02 1.349304e-02 1.323107e-02 1.316432e-02 1.319719e-02 1.309306e-02 1.664079e-02 1.518716e-02 1.434443e-02 1.352133e-02 1.331760e-02 1.317135e-02 1.305772e-02 1.289692e-02 1.273663e-02 1.273912e-02 1.280001e-02 1.311809e-02 1.360980e-02 1.788298e-02 1.744457e-02 1.560136e-02 0.000000e+00 1.234575e-02 1.288517e-02 1.295796e-02 1.289649e-02 1.302524e-02 1.351748e-02 1.379870e-02 1.392169e-02 1.407777e-02 2.223412e-02 0.000000e+00 0.000000e+00 9.209984e-03 8.860889e-03 8.863927e-03 8.876427e-03 1.135906e-02 1.238518e-02 1.297992e-02 1.295600e-02 1.224154e-02 1.299338e-02 1.294247e-02 1.294099e-02 1.296182e-02 1.290056e-02
1.315722e-02 1.313788e-02 1.755570e-02 1.362585e-02 1.352595e-02 1.326639e-02 1.321768e-02 1.321972e-02 1.310895e-02 1.293018e-02 1.295553e-02 1.316382e-02 1.329525e-02 1.336459e-02 1.324607e-02 1.306651e-02 1.291522e-02 1.278422e-02 1.277125e-02 1.280195e-02 1.311894e-02 1.364542e-02 9.197850e-03 8.921347e-03 1.112612e-02 0.000000e+00 1.173375e-02 1.264329e-02 1.286781e-02 1.270946e-02 1.290803e-02 1.351206e-02 1.369537e-02 1.365210e-02 1.952443e-02 2.492476e-02 9.612908e-03 0.000000e+00 9.078006e-03 9.121504e-03 8.838468e-03 8.857115e-03 1.238375e-02 1.279061e-02 1.300166e-02 1.300153e-02 1.274256e-02 1.305377e-02 1.300214e-02 1.296718e-02 1.296669e-02 1.293865e-02
1.316572e-02 1.316454e-02 1.331403e-02 1.354265e-02 1.343456e-02 1.332439e-02 1.325437e-02 1.322984e-02 1.317761e-02 9.066345e-03 1.729171e-02 2.036472e-02 1.931885e-02 2.600207e-02 2.825298e-02 2.664479e-02 2.501749e-02 2.336291e-02 2.183396e-02 2.042927e-02 1.977820e-02 2.000571e-02 1.883657e-02 1.648275e-02 0.000000e+00 0.000000e+00 8.457294e-03 1.083867e-02 1.196469e-02 1.251476e-02 1.288508e-02 1.317782e-02 1.323572e-02 1.338061e-02 1.381409e-02 1.915247e-02 2.420681e-02 0.000000e+00 8.944487e-03 9.003177e-03 8.721128e-03 1.114558e-02 1.262577e-02 1.282776e-02 1.294907e-02 1.299532e-02 1.294881e-02 1.311030e-02 1.308687e-02 1.301723e-02 1.296222e-02 1.297922e-02
1.309381e-02 1.320781e-02 1.320748e-02 1.317979e-02 1.340539e-02 1.331857e-02 1.321302e-02 1.316771e-02 1.315774e-02 1.704578e-02 1.303321e-02 1.298867e-02 1.717822e-02 1.340844e-02 1.337951e-02 1.732067e-02 1.564550e-02 1.424594e-02 1.318039e-02 1.299550e-02 1.311727e-02 1.340992e-02 1.319716e-02 1.276686e-02 0.000000e+00 9.474932e-03 9.177233e-03 1.113545e-02 1.216398e-02 1.270786e-02 1.296036e-02 1.306145e-02 1.309429e-02 1.309910e-02 1.362099e-02 1.980003e-02 3.137534e-02 0.000000e+00 0.000000e+00 8.769020e-03 1.126200e-02 1.205850e-02 1.271638e-02 1.285831e-02 1.296092e-02 1.301059e-02 1.301646e-02 1.311722e-02 1.314799e-02 1.312224e-02 1.307726e-02 1.310375e-02
1.295998e-02 1.301166e-02 1.251214e-02 1.306238e-02 1.317488e-02 1.312438e-02 1.313048e-02 1.302684e-02 1.303714e-02 1.308110e-02 1.302712e-02 1.294427e-02 1.305509e-02 1.325882e-02 1.326189e-02 1.313285e-02 1.708970e-02 2.009066e-02 2.204656e-02 2.088777e-02 2.034899e-02 1.956437e-02 1.838917e-02 1.684874e-02 0.000000e+00 9.483234e-03 9.194968e-03 1.121636e-02 1.227963e-02 1.282302e-02 1.294890e-02 1.289101e-02 1.293974e-02 1.304008e-02 1.346446e-02 1.391902e-02 2.546898e-02 2.904698e-02 0.000000e+00 1.099708e-02 1.211049e-02 1.241038e-02 1.276395e-02 1.290045e-02 1.300812e-02 1.304584e-02 1.303382e-02 1.309513e-02 1.318729e-02 1.324954e-02 1.325606e-02 1.327664e-02
1.231021e-02 1.156635e-02 1.291775e-02 1.289745e-02 1.276187e-02 1.304352e-02 1.299355e-02 1.291333e-02 1.290359e-02 1.295362e-02 1.295304e-02 1.295990e-02 1.297918e-02 1.311343e-02 1.316559e-02 1.308815e-02 1.303232e-02 1.300432e-02 1.299920e-02 1.708437e-02 1.570685e-02 1.462328e-02 1.357569e-02 1.311634e-02 0.000000e+00 9.498434e-03 9.225169e-03 1.129685e-02 1.235549e-02 1.285575e-02 1.732868e-02 1.558228e-02 1.478492e-02 1.594258e-02 1.639255e-02 2.855054e-02 3.109347e-02 5.961992e-02 0.000000e+00 0.000000e+00 1.284455e-02 1.293854e-02 1.288704e-02 1.298799e-02 1.306322e-02 1.309938e-02 1.309822e-02 1.312009e-02 1.318208e-02 1.324110e-02 1.324837e-02 1.325581e-02
8.844344e-03 1.276627e-02 1.316204e-02 1.227677e-02 1.281144e-02 1.280154e-02 1.284827e-02 1.279370e-02 1.273266e-02 1.272885e-02 1.295019e-02 1.291925e-02 1.291803e-02 1.303064e-02 1.307670e-02 1.307723e-02 1.305149e-02 1.299611e-02 1.296791e-02 1.296318e-02 1.707970e-02 1.758142e-02 1.745073e-02 1.710840e-02 0.000000e+00 8.988722e-03 1.111027e-02 1.564178e-02 1.692662e-02 1.772315e-02 1.260555e-02 1.428106e-02 1.402068e-02 1.186659e-02 1.184770e-02 1.233127e-02 1.863734e-02 2.233089e-02 6.663176e-02 0.000000e+00 0.000000e+00 1.336121e-02 1.331427e-02 1.310203e-02 1.312516e-02 1.315620e-02 1.318491e-02 1.317929e-02 1.317008e-02 1.316777e-02 1.314077e-02 1.312170e-02
1.141070e-02 1.339941e-02 1.169666e-02 1.276659e-02 1.228105e-02 1.241411e-02 1.248344e-02 1.248048e-02 1.237107e-02 1.278019e-02 1.268527e-02 1.277595e-02 1.292034e-02 1.285357e-02 1.290723e-02 1.301915e-02 1.300311e-02 1.297706e-02 1.295654e-02 1.287833e-02 8.573204e-03 8.569440e-03 1.261339e-02 8.385958e-03 0.000000e+00 8.466755e-03 1.096352e-02 1.327572e-02 1.326868e-02 1.213567e-02 1.089054e-02 1.075484e-02 1.066674e-02 1.063098e-02 1.055194e-02 1.044244e-02 1.055730e-02 1.243557e-02 1.414249e-02 7.512338e-02 0.000000e+00 0.000000e+00 1.378657e-02 1.329435e-02 1.321912e-02 1.318612e-02 1.318803e-02 1.316255e-02 1.312918e-02 1.314500e-02 1.318581e-02 1.317691e-02
1.287642e-02 9.376990e-03 1.338096e-02 1.153472e-02 1.147991e-02 1.150209e-02 1.155624e-02 1.159517e-02 1.284515e-02 1.221405e-02 1.224656e-02 1.280094e-02 1.264194e-02 1.257994e-02 1.275064e-02 1.277776e-02 1.281218e-02 1.283466e-02 1.272028e-02 8.593932e-03 1.110836e-02 1.232257e-02 8.558940e-03 1.089872e-02 0.000000e+00 1.182609e-02 1.291227e-02 1.332943e-02 1.102545e-02 8.453892e-03 8.416767e-03 8.347441e-03 8.268718e-03 8.193561e-03 8.093476e-03 7.965587e-03 1.144057e-02 1.245965e-02 1.798153e-02 2.155240e-02 8.765907e-02 0.000000e+00 1.457064e-02 1.402021e-02 1.335198e-02 1.321564e-02 1.315751e-02 1.311303e-02 1.306758e-02 1.312912e-02 1.326708e-02 8.758457e-03
1.310607e-02 1.361373e-02 9.574431e-03 9.424640e-03 9.309208e-03 9.236869e-03 9.241821e-03 1.304234e-02 1.156763e-02 1.140153e-02 1.264357e-02 1.228461e-02 1.225000e-02 1.261016e-02 1.246660e-02 1.251490e-02 1.256050e-02 1.219778e-02 8.617855e-03 1.108068e-02 1.225071e-02 1.286431e-02 1.296062e-02 1.282194e-02 0.000000e+00 1.225586e-02 1.308705e-02 8.451063e-03 8.486917e-03 1.102463e-02 1.218122e-02 1.268165e-02 1.283271e-02 1.284000e-02 1.280993e-02 1.225631e-02 7.974325e-03 7.939241e-03 1.072135e-02 1.288114e-02 1.462063e-02 0.000000e+00 0.000000e+00 1.417747e-02 1.341370e-02 1.326904e-02 1.321416e-02 1.320970e-02 1.318588e-02 1.324079e-02 8.819452e-03 1.311531e-02
1.324835e-02 1.348702e-02 1.340829e-02 1.311905e-02 1.299398e-02 1.294778e-02 1.305249e-02 9.432329e-03 9.415688e-03 1.278430e-02 1.150470e-02 1.151437e-02 1.267921e-02 1.219940e-02 1.212865e-02 1.211352e-02 1.118812e-02 8.654018e-03 1.108588e-02 1.219633e-02 1.274916e-02 1.306789e-02 1.307940e-02 1.293817e-02 0.000000e+00 1.227858e-02 1.306066e-02 1.328086e-02 1.328768e-02 1.323395e-02 1.319025e-02 1.316712e-02 1.308065e-02 1.296360e-02 1.286822e-02 1.279583e-02 1.238466e-02 1.197196e-02 1.309045e-02 1.527386e-02 2.434073e-02 3.054281e-02 0.000000e+00 0.000000e+00 1.385225e-02 1.332538e-02 8.722927e-03 1.337563e-02 1.338897e-02 8.840393e-03 1.339573e-02 1.276503e-02
1.330667e-02 1.327921e-02 1.322221e-02 1.313209e-02 1.307431e-02 1.303229e-02 1.310069e-02 1.322445e-02 1.315951e-02 9.445249e-03 9.389354e-03 1.281525e-02 1.156691e-02 1.149024e-02 1.135585e-02 8.904144e-03 8.767039e-03 1.110446e-02 1.216053e-02 1.268265e-02 1.294879e-02 1.311267e-02 1.311904e-02 1.304182e-02 0.000000e+00 1.226388e-02 1.298266e-02 1.314542e-02 1.319540e-02 1.324540e-02 1.325568e-02 1.325887e-02 1.319614e-02 1.309728e-02 1.296278e-02 1.282453e-02 1.280770e-02 1.262225e-02 8.071485e-03 8.099342e-03 1.095568e-02 1.319455e-02 2.990373e-02 0.000000e+00 1.461926e-02 1.384946e-02 8.773388e-03 8.835309e-03 8.864349e-03 8.780931e-03 1.298065e-02 1.216068e-02
1.295481e-02 1.298039e-02 1.299950e-02 1.304420e-02 1.308604e-02 1.313143e-02 1.317035e-02 1.320323e-02 1.318037e-02 1.313026e-02 1.307879e-02 9.521150e-03 9.449668e-03 9.359460e-03 9.191905e-03 1.130884e-02 1.214694e-02 1.250829e-02 1.275009e-02 1.294537e-02 1.306320e-02 1.314103e-02 1.727622e-02 1.764002e-02 0.000000e+00 1.333162e-02 1.339446e-02 1.323586e-02 1.319746e-02 1.327306e-02 1.331314e-02 1.333840e-02 1.330029e-02 1.322935e-02 1.309435e-02 1.292607e-02 1.284659e-02 1.282813e-02 1.282486e-02 1.248856e-02 1.309447e-02 1.406475e-02 1.440958e-02 0.000000e+00 0.000000e+00 1.403224e-02 8.805505e-03 8.809400e-03 8.826554e-03 1.323328e-02 1.280783e-02 1.209406e-02
9.729530e-03 1.178830e-02 1.252243e-02 1.282912e-02 1.302204e-02 1.320061e-02 1.322645e-02 1.316739e-02 1.320371e-02 1.330825e-02 1.322669e-02 1.304260e-02 1.291721e-02 1.283837e-02 1.273641e-02 1.263915e-02 1.264495e-02 1.268312e-02 1.282589e-02 1.300749e-02 1.312434e-02 1.320077e-02 8.655084e-03 0.000000e+00 0.000000e+00 1.055251e-02 1.214571e-02 1.263499e-02 1.290072e-02 1.313055e-02 1.326791e-02 1.336420e-02 1.337225e-02 1.333642e-02 1.324383e-02 1.311344e-02 1.293925e-02 1.278139e-02 1.276627e-02 1.270952e-02 1.269066e-02 1.327609e-02 1.387166e-02 1.438340e-02 0.000000e+00 0.000000e+00 1.189178e-02 8.742234e-03 8.660885e-03 8.552041e-03 8.462437e-03 1.094880e-02
-9.999000e+03 -9.999000e+03 -9.999000e+03 -9.999000e+03 -9.999000e+03 -9.999000e+03 -9.999000e+03 9.474075e-03 9.538991e-03 9.724501e-03 9.808584e-03 9.733469e-03 1.178042e-02 1.236901e-02 1.257927e-02 1.268022e-02 1.271252e-02 1.271174e-02 1.285201e-02 1.305218e-02 1.316941e-02 1.324732e-02 1.307066e-02 0.000000e+00 1.016506e-02 9.437543e-03 1.124690e-02 1.203343e-02 1.252409e-02 1.288531e-02 1.313712e-02 1.333705e-02 1.341802e-02 1.343972e-02 1.339038e-02 1.329548e-02 1.305821e-02 1.278387e-02 1.270634e-02 1.272746e-02 1.265835e-02 1.262230e-02 1.348589e-02 1.402538e-02 1.470727e-02 0.000000e+00 0.000000e+00 8.992608e-03 8.483253e-03 8.413587e-03 8.379544e-03 8.386228e-03
-9.999000e+03 -9.999000e+03 -9.999000e+03 -9.999000e+03 -9.999000e+03 -9.999000e+03 -9.999000e+03 -9.999000e+03 -9.999000e+03 -9.999000e+03 1.200276e-02 1.189118e-02 9.526187e-03 9.258709e-03 1.144261e-02 1.238562e-02 1.268517e-02 1.271297e-02 1.287035e-02 1.309581e-02 1.318921e-02 1.322113e-02 1.301660e-02 0.000000e+00 1.015144e-02 9.476659e-03 1.128552e-02 1.202658e-02 1.246661e-02 1.272308e-02 1.307518e-02 1.330925e-02 1.344544e-02 1.352577e-02 1.349226e-02 1.339126e-02 1.317083e-02 1.291155e-02 1.275464e-02 1.266142e-02 1.271930e-02 1.252992e-02 1.296852e-02 1.361833e-02 1.420305e-02 1.494238e-02 0.000000e+00 0.000000e+00 8.399397e-03 8.309208e-03 -9.999000e+03 -9.999000e+03
