tests/data/reference/test_implicit_stream_rill_mfda/mwlevel_m.asc
ncols	123
nrows	77
xllcorner	-713746.79929998
yllcorner	-1061022.36961616
cellsize	10.0
NODATA_value	-9999
[rows 46 to 68 of 77, columns 52 to 103 of 123]
1.326568e-02 1.318424e-02 1.290744e-02 1.266234e-02 1.270173e-02 1.240813e-02 1.239899e-02 1.239089e-02 1.244903e-02 1.292410e-02 1.271435e-02 2.310449e-02 1.277336e-02 1.266073e-02 1.226154e-02 1.220424e-02 1.254779e-02 1.188722e-02 1.192479e-02 1.201404e-02 1.196230e-02 1.187645e-02 1.199421e-02 1.228182e-02 1.317232e-02 0.000000e+00 9.565388e-03 9.053920e-03 1.184469e-02 1.295924e-02 1.363775e-02 0.000000e+00 0.000000e+00 0.000000e+00 1.383013e-02 1.333621e-02 1.326465e-02 8.715347e-03 8.628855e-03 8.614015e-03 8.626482e-03 8.662092e-03 8.717462e-03 8.803788e-03 8.881794e-03 8.950429e-03 9.022259e-03 1.291175e-02 1.296171e-02 1.294593e-02 1.285272e-02 1.281745e-02
1.347144e-02 1.347849e-02 1.320693e-02 1.286280e-02 1.160460e-02 1.166469e-02 1.162828e-02 1.156069e-02 1.282718e-02 1.246893e-02 2.492368e-02 1.280958e-02 1.241356e-02 1.152054e-02 1.151080e-02 1.292963e-02 1.136822e-02 1.115517e-02 1.110487e-02 1.111580e-02 1.101697e-02 1.088268e-02 1.087264e-02 1.273526e-02 8.536837e-03 0.000000e+00 9.841386e-03 9.946719e-03 1.206229e-02 1.288114e-02 1.338976e-02 1.375935e-02 1.492208e-02 0.000000e+00 0.000000e+00 1.365007e-02 1.345745e-02 8.810574e-03 8.666865e-03 8.623333e-03 8.635692e-03 8.681747e-03 8.720510e-03 8.766007e-03 8.803177e-03 8.842305e-03 8.898197e-03 1.281938e-02 1.285011e-02 1.289617e-02 1.291455e-02 1.293624e-02
1.353647e-02 1.361467e-02 1.343339e-02 9.486218e-03 9.413923e-03 9.425519e-03 9.409959e-03 1.290762e-02 1.160581e-02 2.643436e-02 1.286899e-02 1.151501e-02 9.132706e-03 9.174295e-03 1.295051e-02 9.219052e-03 9.143963e-03 8.976517e-03 8.884128e-03 8.861121e-03 8.782352e-03 8.650052e-03 1.253059e-02 1.087010e-02 1.213832e-02 0.000000e+00 1.045519e-02 1.455908e-02 1.417816e-02 1.364880e-02 1.359609e-02 1.379533e-02 1.430559e-02 1.020122e-02 0.000000e+00 1.426100e-02 1.349485e-02 8.925394e-03 8.735493e-03 8.647162e-03 8.642660e-03 8.694772e-03 8.723464e-03 8.740085e-03 8.743954e-03 8.756489e-03 8.799579e-03 1.280885e-02 1.280377e-02 1.285253e-02 1.293559e-02 1.301362e-02
1.345226e-02 1.354685e-02 9.593674e-03 1.180279e-02 1.261937e-02 1.296053e-02 1.306415e-02 9.473443e-03 2.820698e-02 1.291489e-02 9.276506e-03 9.187439e-03 1.157247e-02 1.260568e-02 9.217044e-03 1.163273e-02 1.249997e-02 1.271808e-02 1.286679e-02 1.300658e-02 1.299914e-02 1.292256e-02 8.692505e-03 8.500589e-03 1.482123e-02 0.000000e+00 1.208739e-02 1.237232e-02 1.330794e-02 1.331866e-02 1.345519e-02 1.371059e-02 1.413653e-02 1.432800e-02 0.000000e+00 0.000000e+00 1.340241e-02 9.042144e-03 8.831075e-03 8.698232e-03 8.659750e-03 8.695944e-03 8.715694e-03 8.717951e-03 8.697653e-03 8.687476e-03 8.722548e-03 1.283646e-02 1.278964e-02 1.281989e-02 1.294413e-02 1.307428e-02
1.320931e-02 2.126434e-02 2.032890e-02 1.906311e-02 1.770189e-02 1.630188e-02 1.493259e-02 3.000638e-02 1.311671e-02 9.369697e-03 1.163985e-02 1.250056e-02 1.285956e-02 1.304735e-02 1.307991e-02 1.305329e-02 1.297960e-02 1.288896e-02 1.293481e-02 1.303591e-02 1.307624e-02 1.308532e-02 1.292532e-02 1.271007e-02 1.254320e-02 0.000000e+00 1.040829e-02 8.488967e-03 1.124691e-02 1.246581e-02 1.311209e-02 1.351417e-02 1.397323e-02 2.017733e-02 1.406246e-02 0.000000e+00 1.388942e-02 9.121505e-03 8.910777e-03 8.757791e-03 8.694666e-03 8.705451e-03 8.710364e-03 8.708938e-03 1.119773e-02 1.115667e-02 8.657949e-03 1.287054e-02 1.284074e-02 1.285357e-02 1.292811e-02 1.302052e-02
2.155134e-02 1.329429e-02 1.767653e-02 1.825328e-02 2.158023e-02 2.627301e-02 2.815959e-02 1.324715e-02 1.316033e-02 1.293112e-02 1.294600e-02 1.303952e-02 1.306407e-02 1.307245e-02 1.304532e-02 1.300211e-02 1.660074e-02 1.487889e-02 1.362626e-02 1.321809e-02 1.320559e-02 1.332166e-02 1.315014e-02 1.284665e-02 1.260123e-02 0.000000e+00 8.532391e-03 1.094358e-02 1.205834e-02 1.280659e-02 1.321958e-02 1.354403e-02 1.393940e-02 1.442487e-02 1.984596e-02 0.000000e+00 0.000000e+00 9.560111e-03 8.956293e-03 8.805520e-03 8.733301e-03 8.722932e-03 8.707963e-03 8.706528e-03 1.234639e-02 1.229957e-02 8.610396e-03 1.289285e-02 1.290858e-02 1.291455e-02 1.290085e-02 1.291400e-02
1.315334e-02 1.316628e-02 9.230905e-03 1.349349e-02 1.567757e-02 1.317933e-02 1.314253e-02 1.320401e-02 1.312931e-02 1.288932e-02 1.296539e-02 1.316543e-02 1.317867e-02 1.311304e-02 1.305464e-02 1.300368e-02 9.097027e-03 1.131281e-02 1.225257e-02 1.269019e-02 1.307358e-02 1.349189e-02 1.334365e-02 1.293624e-02 8.796721e-03 0.000000e+00 1.128822e-02 1.250395e-02 1.285379e-02 1.290625e-02 1.322510e-02 1.357323e-02 1.390372e-02 1.420304e-02 1.432455e-02 1.923843e-02 0.000000e+00 1.200249e-02 8.956148e-03 8.848605e-03 8.794527e-03 8.781757e-03 8.744389e-03 1.123624e-02 1.281522e-02 1.278925e-02 1.111171e-02 1.292971e-02 1.292746e-02 1.293411e-02 1.291682e-02 1.287963e-02
1.313282e-02 1.312277e-02 1.324143e-02 1.687122e-02 1.347219e-02 1.321139e-02 1.314769e-02 1.317944e-02 1.307628e-02 1.661501e-02 1.515928e-02 1.431106e-02 1.348233e-02 1.328743e-02 1.314833e-02 1.303927e-02 1.288171e-02 1.272403e-02 1.272824e-02 1.279009e-02 1.310740e-02 1.359566e-02 1.785727e-02 1.742011e-02 1.557825e-02 0.000000e+00 1.221138e-02 1.283885e-02 1.295708e-02 1.289617e-02 1.302124e-02 1.350693e-02 1.378343e-02 1.390362e-02 1.405599e-02 2.217574e-02 0.000000e+00 0.000000e+00 9.220442e-03 8.871276e-03 8.874315e-03 8.886820e-03 1.137113e-02 1.239984e-02 1.298210e-02 1.295892e-02 1.225669e-02 1.298171e-02 1.293109e-02 1.292942e-02 1.294982e-02 1.288835e-02
1.314478e-02 1.312391e-02 1.753438e-02 1.360784e-02 1.350810e-02 1.325285e-02 1.320007e-02 1.320230e-02 1.309343e-02 1.291551e-02 1.294154e-02 1.314976e-02 1.328010e-02 1.334753e-02 1.322811e-02 1.304931e-02 1.289991e-02 1.277117e-02 1.275990e-02 1.279162e-02 1.310791e-02 1.363083e-02 9.208373e-03 8.931762e-03 1.113800e-02 0.000000e+00 1.164489e-02 1.263357e-02 1.288980e-02 1.271294e-02 1.291132e-02 1.352027e-02 1.368279e-02 1.363057e-02 1.950306e-02 2.484688e-02 9.642227e-03 0.000000e+00 9.088415e-03 9.131929e-03 8.848844e-03 8.867500e-03 1.239799e-02 1.280077e-02 1.299641e-02 1.299694e-02 1.275448e-02 1.304140e-02 1.299016e-02 1.295523e-02 1.295459e-02 1.292678e-02
1.315288e-02 1.315433e-02 1.330054e-02 1.353162e-02 1.342899e-02 1.330861e-02 1.323759e-02 1.321588e-02 1.316234e-02 9.076822e-03 1.727179e-02 2.034172e-02 1.927583e-02 2.593751e-02 2.810184e-02 2.644053e-02 2.476791e-02 2.306435e-02 2.151509e-02 2.007214e-02 1.940060e-02 1.957939e-02 1.838827e-02 1.605191e-02 0.000000e+00 0.000000e+00 8.476641e-03 1.085962e-02 1.198666e-02 1.253318e-02 1.289578e-02 1.317948e-02 1.322959e-02 1.336801e-02 1.379696e-02 1.913168e-02 2.410584e-02 0.000000e+00 8.954846e-03 9.013558e-03 8.731447e-03 1.115746e-02 1.263518e-02 1.282981e-02 1.293946e-02 1.298600e-02 1.295275e-02 1.309710e-02 1.307417e-02 1.300486e-02 1.294997e-02 1.296731e-02
1.308743e-02 1.319701e-02 1.320633e-02 1.318554e-02 1.339409e-02 1.330279e-02 1.320341e-02 1.315359e-02 1.314564e-02 1.702911e-02 1.302186e-02 1.297772e-02 1.715985e-02 1.339383e-02 1.336457e-02 1.729881e-02 1.562181e-02 1.422041e-02 1.314171e-02 1.296742e-02 1.309649e-02 1.339170e-02 1.318003e-02 1.275155e-02 0.000000e+00 9.492989e-03 9.187354e-03 1.114421e-02 1.217596e-02 1.271923e-02 1.296601e-02 1.305973e-02 1.308655e-02 1.308755e-02 1.360508e-02 1.977847e-02 3.127429e-02 0.000000e+00 0.000000e+00 8.779315e-03 1.127357e-02 1.207256e-02 1.271844e-02 1.285377e-02 1.294929e-02 1.299885e-02 1.301268e-02 1.310325e-02 1.313441e-02 1.310914e-02 1.306445e-02 1.309115e-02
1.295031e-02 1.301973e-02 1.252528e-02 1.305897e-02 1.316009e-02 1.312121e-02 1.311755e-02 1.301855e-02 1.302883e-02 1.307283e-02 1.301919e-02 1.293703e-02 1.304293e-02 1.324756e-02 1.324983e-02 1.311890e-02 1.706987e-02 2.006505e-02 2.203811e-02 2.085556e-02 2.014163e-02 1.933987e-02 1.814344e-02 1.659792e-02 0.000000e+00 9.499668e-03 9.204870e-03 1.122509e-02 1.229155e-02 1.283366e-02 1.295310e-02 1.288817e-02 1.293188e-02 1.302942e-02 1.345062e-02 1.390222e-02 2.544062e-02 2.895291e-02 0.000000e+00 1.100795e-02 1.212464e-02 1.242145e-02 1.276042e-02 1.289213e-02 1.299568e-02 1.303298e-02 1.302483e-02 1.308062e-02 1.317269e-02 1.323523e-02 1.324210e-02 1.326262e-02
1.232321e-02 1.157862e-02 1.292381e-02 1.288410e-02 1.276612e-02 1.303069e-02 1.299074e-02 1.291055e-02 1.290099e-02 1.295115e-02 1.295102e-02 1.294857e-02 1.297253e-02 1.310609e-02 1.315305e-02 1.307765e-02 1.302214e-02 1.299232e-02 1.298802e-02 1.706547e-02 1.568751e-02 1.460538e-02 1.355438e-02 1.308181e-02 0.000000e+00 9.513426e-03 9.234839e-03 1.130554e-02 1.236726e-02 1.286565e-02 1.733699e-02 1.559037e-02 1.478655e-02 1.592143e-02 1.638707e-02 2.850253e-02 3.104888e-02 5.934267e-02 0.000000e+00 0.000000e+00 1.285691e-02 1.294298e-02 1.288001e-02 1.297762e-02 1.305029e-02 1.308582e-02 1.308619e-02 1.310517e-02 1.316664e-02 1.322560e-02 1.323321e-02 1.324040e-02
8.854722e-03 1.277955e-02 1.315158e-02 1.228700e-02 1.279728e-02 1.280568e-02 1.285272e-02 1.279842e-02 1.273760e-02 1.273403e-02 1.293882e-02 1.291795e-02 1.291695e-02 1.301985e-02 1.307005e-02 1.307091e-02 1.304089e-02 1.298741e-02 1.295940e-02 1.295482e-02 1.707027e-02 1.757173e-02 1.746424e-02 1.710902e-02 0.000000e+00 8.950667e-03 1.110061e-02 1.564669e-02 1.693523e-02 1.773347e-02 1.261902e-02 1.428357e-02 1.402297e-02 1.188214e-02 1.186336e-02 1.233225e-02 1.865834e-02 2.236448e-02 6.631062e-02 0.000000e+00 0.000000e+00 1.335896e-02 1.330368e-02 1.309019e-02 1.311157e-02 1.314193e-02 1.317106e-02 1.316396e-02 1.315409e-02 1.315150e-02 1.312481e-02 1.310557e-02
1.142283e-02 1.339625e-02 1.170836e-02 1.275047e-02 1.229089e-02 1.242472e-02 1.249447e-02 1.249169e-02 1.238224e-02 1.276851e-02 1.269045e-02 1.278181e-02 1.291044e-02 1.285250e-02 1.290658e-02 1.300987e-02 1.299806e-02 1.297233e-02 1.295217e-02 1.288092e-02 8.583454e-03 8.579688e-03 1.262518e-02 8.396132e-03 0.000000e+00 8.489316e-03 1.098645e-02 1.329951e-02 1.327203e-02 1.215130e-02 1.090174e-02 1.076579e-02 1.067743e-02 1.064146e-02 1.056213e-02 1.045221e-02 1.056686e-02 1.245217e-02 1.415977e-02 7.461903e-02 0.000000e+00 0.000000e+00 1.377276e-02 1.328065e-02 1.320452e-02 1.317111e-02 1.317307e-02 1.314698e-02 1.311312e-02 1.312847e-02 1.316924e-02 1.316030e-02
1.288238e-02 9.387553e-03 1.336413e-02 1.154605e-02 1.149154e-02 1.151391e-02 1.156818e-02 1.160712e-02 1.283246e-02 1.222454e-02 1.225764e-02 1.279070e-02 1.264722e-02 1.258570e-02 1.274201e-02 1.277760e-02 1.281265e-02 1.283587e-02 1.273021e-02 8.604191e-03 1.112004e-02 1.233777e-02 8.569183e-03 1.091009e-02 0.000000e+00 1.172140e-02 1.289303e-02 1.333895e-02 1.103683e-02 8.464092e-03 8.426952e-03 8.357602e-03 8.278857e-03 8.203684e-03 8.103586e-03 7.975698e-03 1.143998e-02 1.245868e-02 1.798682e-02 2.155267e-02 8.697173e-02 0.000000e+00 1.455091e-02 1.400116e-02 1.333585e-02 1.319983e-02 1.314186e-02 1.309737e-02 1.305188e-02 1.311284e-02 1.325015e-02 8.768794e-03
1.310344e-02 1.360254e-02 9.584993e-03 9.435208e-03 9.319760e-03 9.247404e-03 9.252358e-03 1.302882e-02 1.157925e-02 1.141318e-02 1.263193e-02 1.229518e-02 1.226084e-02 1.260071e-02 1.247192e-02 1.252109e-02 1.256778e-02 1.221163e-02 8.628125e-03 1.109234e-02 1.226582e-02 1.287609e-02 1.296406e-02 1.281801e-02 0.000000e+00 1.213302e-02 1.304881e-02 8.461262e-03 8.497130e-03 1.103607e-02 1.219678e-02 1.269479e-02 1.283842e-02 1.283840e-02 1.280360e-02 1.225559e-02 7.984436e-03 7.949357e-03 1.073108e-02 1.289856e-02 1.463483e-02 0.000000e+00 0.000000e+00 1.415426e-02 1.339587e-02 1.325240e-02 1.319788e-02 1.319363e-02 1.317011e-02 1.322435e-02 8.829819e-03 1.311879e-02
1.323566e-02 1.347078e-02 1.338932e-02 1.310044e-02 1.297730e-02 1.293320e-02 1.303873e-02 9.442897e-03 9.426255e-03 1.277033e-02 1.151629e-02 1.152607e-02 1.266781e-02 1.220949e-02 1.213939e-02 1.212507e-02 1.120005e-02 8.664305e-03 1.109758e-02 1.221127e-02 1.276097e-02 1.307163e-02 1.307505e-02 1.292872e-02 0.000000e+00 1.215793e-02 1.302457e-02 1.328952e-02 1.329023e-02 1.322800e-02 1.317743e-02 1.315120e-02 1.306443e-02 1.294823e-02 1.285412e-02 1.278311e-02 1.238318e-02 1.197078e-02 1.308757e-02 1.527168e-02 2.431889e-02 3.044189e-02 0.000000e+00 0.000000e+00 1.383050e-02 1.330784e-02 8.733247e-03 1.335862e-02 1.337229e-02 8.850770e-03 1.339911e-02 1.277681e-02
1.330046e-02 1.326587e-02 1.320569e-02 1.311528e-02 1.305832e-02 1.301733e-02 1.308603e-02 1.320910e-02 1.314371e-02 9.455818e-03 9.399919e-03 1.280167e-02 1.157835e-02 1.150183e-02 1.136757e-02 8.914551e-03 8.777381e-03 1.111626e-02 1.217503e-02 1.269392e-02 1.295263e-02 1.310883e-02 1.310961e-02 1.302934e-02 0.000000e+00 1.214626e-02 1.294846e-02 1.315380e-02 1.319833e-02 1.324050e-02 1.324371e-02 1.324298e-02 1.317904e-02 1.308037e-02 1.294696e-02 1.281030e-02 1.279491e-02 1.262051e-02 8.081594e-03 8.109453e-03 1.096624e-02 1.321180e-02 2.968332e-02 0.000000e+00 1.459797e-02 1.382841e-02 8.783732e-03 8.845684e-03 8.874737e-03 8.791279e-03 1.299306e-02 1.217567e-02
1.296338e-02 1.297938e-02 1.299113e-02 1.303229e-02 1.307258e-02 1.311702e-02 1.315512e-02 1.318725e-02 1.316403e-02 1.311409e-02 1.306321e-02 9.531718e-03 9.460237e-03 9.370021e-03 9.202428e-03 1.132074e-02 1.215933e-02 1.251656e-02 1.275231e-02 1.294199e-02 1.305541e-02 1.312991e-02 1.725517e-02 1.761804e-02 0.000000e+00 1.318868e-02 1.331763e-02 1.321412e-02 1.318298e-02 1.325986e-02 1.329759e-02 1.332070e-02 1.328172e-02 1.321074e-02 1.307658e-02 1.290990e-02 1.283216e-02 1.281530e-02 1.282196e-02 1.248708e-02 1.309281e-02 1.404741e-02 1.438038e-02 0.000000e+00 0.000000e+00 1.400918e-02 8.815865e-03 8.819762e-03 8.836924e-03 1.323773e-02 1.282042e-02 1.210895e-02
9.740049e-03 1.179906e-02 1.252997e-02 1.282979e-02 1.301605e-02 1.318942e-02 1.321196e-02 1.315146e-02 1.318713e-02 1.329082e-02 1.320909e-02 1.302619e-02 1.290271e-02 1.282575e-02 1.272549e-02 1.262970e-02 1.263647e-02 1.267516e-02 1.281768e-02 1.299822e-02 1.311337e-02 1.318772e-02 8.665372e-03 0.000000e+00 0.000000e+00 1.046891e-02 1.215875e-02 1.267214e-02 1.292433e-02 1.313963e-02 1.326469e-02 1.335272e-02 1.335616e-02 1.331804e-02 1.322489e-02 1.309522e-02 1.292273e-02 1.276699e-02 1.275369e-02 1.270750e-02 1.268916e-02 1.327427e-02 1.385088e-02 1.435272e-02 0.000000e+00 0.000000e+00 1.190390e-02 8.752563e-03 8.671175e-03 8.562282e-03 8.472641e-03 1.096013e-02
-9.999000e+03 -9.999000e+03 -9.999000e+03 -9.999000e+03 -9.999000e+03 -9.999000e+03 -9.999000e+03 9.484644e-03 9.549557e-03 9.735022e-03 9.819064e-03 9.743986e-03 1.179118e-02 1.237692e-02 1.258157e-02 1.267766e-02 1.270692e-02 1.270456e-02 1.284362e-02 1.304235e-02 1.315772e-02 1.323341e-02 1.305576e-02 0.000000e+00 1.018369e-02 9.447659e-03 1.125529e-02 1.204414e-02 1.253403e-02 1.289064e-02 1.313606e-02 1.332949e-02 1.340493e-02 1.342252e-02 1.337087e-02 1.327539e-02 1.303945e-02 1.276769e-02 1.269269e-02 1.271597e-02 1.265680e-02 1.262116e-02 1.348415e-02 1.400423e-02 1.467838e-02 0.000000e+00 0.000000e+00 9.002985e-03 8.493464e-03 8.423771e-03 8.389717e-03 8.396403e-03
-9.999000e+03 -9.999000e+03 -9.999000e+03 -9.999000e+03 -9.999000e+03 -9.999000e+03 -9.999000e+03 -9.999000e+03 -9.999000e+03 -9.999000e+03 1.201328e-02 1.190156e-02 9.536755e-03 9.269250e-03 1.145449e-02 1.239719e-02 1.269120e-02 1.271246e-02 1.286490e-02 1.308680e-02 1.317741e-02 1.320695e-02 1.300173e-02 0.000000e+00 1.017097e-02 9.486945e-03 1.129402e-02 1.203720e-02 1.247627e-02 1.272558e-02 1.307882e-02 1.330324e-02 1.343281e-02 1.350858e-02 1.347212e-02 1.336986e-02 1.315032e-02 1.289353e-02 1.273952e-02 1.264904e-02 1.270877e-02 1.252877e-02 1.296743e-02 1.360897e-02 1.418002e-02 1.491580e-02 0.000000e+00 0.000000e+00 8.409576e-03 8.319359e-03 -9.999000e+03 -9.999000e+03
