tests/data/reference/test_implicit_stream_rill_mfda/mwlevel_m.asc
ncols	123
nrows	77
xllcorner	-713746.79929998
yllcorner	-1061022.36961616
cellsize	10.0
NODATA_value	-9999
[rows 23 to 45 of 77, columns 0 to 51 of 123]
-9.999000e+03 -9.999000e+03 -9.999000e+03 -9.999000e+03 -9.999000e+03 -9.999000e+03 -9.999000e+03 -9.999000e+03 -9.999000e+03 -9.999000e+03 -9.999000e+03 -9.999000e+03 -9.999000e+03 -9.999000e+03 1.170784e-02 1.422509e-02 1.416218e-02 1.316450e-02 1.148396e-02 1.266424e-02 1.019667e-02 5.753546e-03 1.068302e-02 2.162897e-02 2.520769e-02 1.339613e-02 1.651513e-02 1.341134e-02 1.296485e-02 1.308826e-02 9.241768e-03 1.159683e-02 1.253146e-02 1.305765e-02 2.363809e-02 1.311974e-02 1.353709e-02 9.031617e-03 1.754852e-02 1.306319e-02 1.311605e-02 1.315598e-02 1.317674e-02 1.316832e-02 1.314157e-02 1.311082e-02 1.308617e-02 1.306513e-02 1.305219e-02 1.286736e-02 1.242984e-02 8.758309e-03
-9.999000e+03 -9.999000e+03 -9.999000e+03 -9.999000e+03 -9.999000e+03 -9.999000e+03 -9.999000e+03 -9.999000e+03 -9.999000e+03 -9.999000e+03 -9.999000e+03 -9.999000e+03 -9.999000e+03 -9.999000e+03 1.419399e-02 2.795667e-02 2.075763e-02 1.247458e-02 1.155035e-02 1.086163e-02 5.354748e-03 8.299629e-03 1.009975e-02 1.100023e-02 1.857909e-02 2.475906e-02 1.436615e-02 1.328606e-02 1.349572e-02 9.705900e-03 1.298192e-02 1.160265e-02 1.256583e-02 1.298178e-02 2.604141e-02 1.314681e-02 1.304522e-02 8.998099e-03 1.790628e-02 1.309473e-02 1.312596e-02 1.315289e-02 1.318308e-02 1.318614e-02 1.315918e-02 1.312145e-02 1.308709e-02 1.306264e-02 1.305159e-02 1.298645e-02 8.745988e-03 1.272421e-02
-9.999000e+03 -9.999000e+03 -9.999000e+03 -9.999000e+03 -9.999000e+03 -9.999000e+03 -9.999000e+03 -9.999000e+03 -9.999000e+03 -9.999000e+03 -9.999000e+03 -9.999000e+03 -9.999000e+03 -9.999000e+03 3.065768e-02 1.383234e-02 1.127636e-02 1.128415e-02 1.133502e-02 1.002444e-02 5.996382e-03 1.811551e-02 2.473014e-02 1.248298e-02 1.234571e-02 1.556750e-02 2.579483e-02 1.329239e-02 1.337592e-02 9.644333e-03 1.212849e-02 1.350150e-02 1.311864e-02 1.308943e-02 1.323390e-02 2.818243e-02 9.111876e-03 1.294408e-02 1.149794e-02 2.137325e-02 1.311934e-02 1.311333e-02 1.313461e-02 1.314478e-02 1.312754e-02 1.309299e-02 1.305225e-02 1.302009e-02 1.299857e-02 1.295046e-02 1.118262e-02 8.617617e-03
-9.999000e+03 -9.999000e+03 -9.999000e+03 -9.999000e+03 -9.999000e+03 -9.999000e+03 -9.999000e+03 -9.999000e+03 -9.999000e+03 -9.999000e+03 -9.999000e+03 -9.999000e+03 1.095141e-02 1.148600e-02 2.465495e-02 1.313863e-02 1.124130e-02 1.238829e-02 1.019414e-02 5.785501e-03 2.167705e-02 2.203578e-02 1.684812e-02 2.114221e-02 1.321707e-02 1.320890e-02 3.117966e-02 1.370359e-02 1.367188e-02 1.230344e-02 9.707246e-03 1.316223e-02 1.368453e-02 1.371097e-02 1.382206e-02 1.310238e-02 2.604983e-02 1.148665e-02 1.304384e-02 1.254380e-02 2.352682e-02 1.312289e-02 1.314523e-02 1.314614e-02 1.311233e-02 1.305538e-02 1.299449e-02 1.296176e-02 1.295416e-02 1.292906e-02 1.223660e-02 8.564776e-03
-9.999000e+03 -9.999000e+03 -9.999000e+03 -9.999000e+03 -9.999000e+03 -9.999000e+03 -9.999000e+03 -9.999000e+03 -9.999000e+03 -9.999000e+03 -9.999000e+03 -9.999000e+03 -9.999000e+03 1.102136e-02 1.294060e-02 1.255284e-02 1.207146e-02 1.030880e-02 6.136702e-03 2.253018e-02 1.259928e-02 1.330771e-02 2.376021e-02 2.731846e-02 3.320174e-02 3.286960e-02 3.280851e-02 3.301948e-02 1.404594e-02 1.384491e-02 1.330361e-02 1.234334e-02 1.372237e-02 1.396750e-02 1.375008e-02 1.340315e-02 1.333216e-02 2.710695e-02 1.250129e-02 1.304825e-02 2.392548e-02 1.315968e-02 1.318462e-02 1.316677e-02 1.310279e-02 1.301102e-02 1.292815e-02 1.290359e-02 1.292279e-02 1.292827e-02 1.269156e-02 1.109879e-02
-9.999000e+03 -9.999000e+03 -9.999000e+03 -9.999000e+03 -9.999000e+03 -9.999000e+03 -9.999000e+03 -9.999000e+03 -9.999000e+03 -9.999000e+03 -9.999000e+03 -9.999000e+03 -9.999000e+03 -9.999000e+03 -9.999000e+03 1.168249e-02 1.060412e-02 5.972028e-03 8.419829e-03 2.399691e-02 2.042887e-02 1.775032e-02 1.554786e-02 1.359176e-02 1.342811e-02 1.336870e-02 1.351820e-02 3.487760e-02 4.968599e-02 1.379374e-02 1.381596e-02 1.381968e-02 1.360794e-02 1.399763e-02 1.373466e-02 1.333971e-02 1.336273e-02 1.357799e-02 2.650189e-02 1.343372e-02 2.507951e-02 1.313113e-02 1.308571e-02 1.303873e-02 1.299268e-02 1.294432e-02 1.291497e-02 1.292593e-02 1.295368e-02 1.296480e-02 1.290453e-02 1.227653e-02
-9.999000e+03 -9.999000e+03 -9.999000e+03 -9.999000e+03 -9.999000e+03 -9.999000e+03 -9.999000e+03 -9.999000e+03 -9.999000e+03 -9.999000e+03 -9.999000e+03 -9.999000e+03 -9.999000e+03 -9.999000e+03 -9.999000e+03 -9.999000e+03 1.034834e-02 6.327875e-03 1.873447e-02 1.636520e-02 1.464256e-02 1.384325e-02 1.356067e-02 1.338286e-02 1.331439e-02 1.327451e-02 1.347183e-02 1.375263e-02 1.365760e-02 4.959660e-02 5.031876e-02 5.181184e-02 1.401444e-02 1.384346e-02 1.370286e-02 1.343863e-02 1.771534e-02 2.170152e-02 1.383131e-02 2.566521e-02 1.347208e-02 2.991844e-02 1.291987e-02 1.285999e-02 1.285563e-02 1.288199e-02 1.293194e-02 1.298267e-02 1.300831e-02 1.301742e-02 1.302690e-02 1.283802e-02
-9.999000e+03 -9.999000e+03 -9.999000e+03 -9.999000e+03 -9.999000e+03 -9.999000e+03 -9.999000e+03 -9.999000e+03 -9.999000e+03 -9.999000e+03 -9.999000e+03 -9.999000e+03 -9.999000e+03 -9.999000e+03 -9.999000e+03 -9.999000e+03 5.765714e-03 2.069022e-02 1.253096e-02 1.317012e-02 1.343930e-02 3.399428e-02 3.190096e-02 2.924290e-02 2.695981e-02 2.489622e-02 2.359353e-02 2.294031e-02 2.160164e-02 1.968761e-02 1.847011e-02 1.770274e-02 5.218381e-02 5.234233e-02 5.101366e-02 4.806680e-02 4.443518e-02 4.199705e-02 4.077234e-02 3.858402e-02 4.196047e-02 4.278325e-02 3.440047e-02 1.383666e-02 1.371591e-02 1.325508e-02 1.323853e-02 1.321205e-02 1.316047e-02 1.314583e-02 1.319332e-02 1.318824e-02
-9.999000e+03 -9.999000e+03 -9.999000e+03 -9.999000e+03 -9.999000e+03 -9.999000e+03 -9.999000e+03 -9.999000e+03 -9.999000e+03 -9.999000e+03 -9.999000e+03 -9.999000e+03 -9.999000e+03 -9.999000e+03 -9.999000e+03 5.760808e-03 1.954334e-02 1.223703e-02 2.905568e-02 3.301239e-02 3.301596e-02 1.358442e-02 1.737797e-02 2.016625e-02 1.814626e-02 2.407215e-02 2.571494e-02 2.737602e-02 2.603608e-02 2.425921e-02 2.321474e-02 2.284591e-02 2.272292e-02 2.300020e-02 2.186153e-02 1.941738e-02 4.047028e-02 3.791642e-02 3.495066e-02 3.268002e-02 3.294511e-02 3.589434e-02 5.340667e-02 6.768196e-02 6.563691e-02 1.423170e-02 1.962021e-02 1.352021e-02 1.335140e-02 1.332180e-02 1.341242e-02 1.348156e-02
-9.999000e+03 -9.999000e+03 -9.999000e+03 -9.999000e+03 -9.999000e+03 -9.999000e+03 -9.999000e+03 -9.999000e+03 -9.999000e+03 -9.999000e+03 -9.999000e+03 -9.999000e+03 -9.999000e+03 -9.999000e+03 6.116183e-03 8.774781e-03 2.581140e-02 2.791975e-02 1.333513e-02 1.324844e-02 1.380833e-02 1.367135e-02 1.361952e-02 1.341898e-02 1.745910e-02 1.374675e-02 1.363136e-02 1.293709e-02 1.295489e-02 1.353324e-02 1.358978e-02 2.769390e-02 3.079846e-02 3.398285e-02 3.561869e-02 4.119954e-02 1.358765e-02 1.359704e-02 1.346549e-02 1.325431e-02 1.324483e-02 1.343620e-02 1.850598e-02 2.323562e-02 2.736224e-02 5.950475e-02 6.384688e-02 6.393387e-02 1.419273e-02 2.019853e-02 1.387290e-02 1.384532e-02
-9.999000e+03 -9.999000e+03 -9.999000e+03 -9.999000e+03 -9.999000e+03 -9.999000e+03 -9.999000e+03 -9.999000e+03 -9.999000e+03 -9.999000e+03 -9.999000e+03 -9.999000e+03 -9.999000e+03 -9.999000e+03 5.854644e-03 4.168435e-02 1.302545e-02 1.311206e-02 1.322138e-02 1.326137e-02 1.320625e-02 1.307180e-02 1.362095e-02 1.287275e-02 1.289624e-02 1.300951e-02 1.295996e-02 1.283882e-02 1.649188e-02 1.945419e-02 2.218846e-02 1.332829e-02 1.338368e-02 1.341791e-02 1.980603e-02 1.193728e-02 1.281596e-02 1.314841e-02 1.302901e-02 1.290776e-02 1.285722e-02 1.326388e-02 1.330897e-02 1.343467e-02 1.365202e-02 1.868900e-02 2.263846e-02 2.601824e-02 6.010832e-02 7.071047e-02 8.496796e-02 1.553715e-02
-9.999000e+03 -9.999000e+03 -9.999000e+03 -9.999000e+03 -9.999000e+03 -9.999000e+03 -9.999000e+03 -9.999000e+03 -9.999000e+03 -9.999000e+03 -9.999000e+03 -9.999000e+03 -9.999000e+03 9.197580e-03 5.001012e-02 1.302124e-02 1.300755e-02 1.300423e-02 1.307690e-02 1.317426e-02 1.320939e-02 1.315280e-02 1.303456e-02 1.291018e-02 1.285442e-02 1.289643e-02 1.286610e-02 1.276685e-02 1.283668e-02 1.294700e-02 1.304793e-02 1.316897e-02 1.319590e-02 2.069808e-02 9.370030e-03 1.172480e-02 1.299821e-02 1.296677e-02 1.289932e-02 1.284931e-02 1.283620e-02 1.278753e-02 1.276714e-02 1.307696e-02 1.307503e-02 1.298362e-02 1.312199e-02 1.325505e-02 1.359905e-02 1.913213e-02 2.398900e-02 8.214178e-02
-9.999000e+03 -9.999000e+03 -9.999000e+03 -9.999000e+03 -9.999000e+03 -9.999000e+03 -9.999000e+03 -9.999000e+03 -9.999000e+03 -9.999000e+03 -9.999000e+03 -9.999000e+03 6.198589e-03 1.130172e-02 1.277473e-02 1.297033e-02 1.416130e-02 1.295068e-02 1.304028e-02 1.312212e-02 1.318555e-02 1.320696e-02 1.313564e-02 1.303966e-02 1.295052e-02 1.290674e-02 1.283143e-02 1.271651e-02 1.275402e-02 1.279721e-02 1.282720e-02 1.285183e-02 1.793479e-02 1.258821e-02 9.327240e-03 1.291559e-02 1.283766e-02 1.269950e-02 1.260197e-02 1.262034e-02 1.247886e-02 1.248811e-02 1.256793e-02 1.264190e-02 1.227843e-02 1.255923e-02 1.255367e-02 1.255873e-02 1.280204e-02 1.312519e-02 1.402285e-02 1.931339e-02
-9.999000e+03 -9.999000e+03 -9.999000e+03 -9.999000e+03 -9.999000e+03 -9.999000e+03 -9.999000e+03 -9.999000e+03 -9.999000e+03 -9.999000e+03 -9.999000e+03 -9.999000e+03 9.305790e-03 1.268874e-02 1.266165e-02 1.567789e-02 1.275850e-02 1.289171e-02 1.297555e-02 1.304968e-02 1.312537e-02 1.319166e-02 1.317050e-02 1.312232e-02 1.304591e-02 1.296713e-02 1.288095e-02 1.275139e-02 1.267852e-02 1.274840e-02 1.267230e-02 1.793654e-02 9.286819e-03 1.161688e-02 1.279014e-02 1.277486e-02 1.246764e-02 1.237891e-02 1.257376e-02 1.215572e-02 1.205742e-02 1.203712e-02 1.218844e-02 1.136844e-02 1.132655e-02 1.126972e-02 1.123637e-02 1.148915e-02 1.155851e-02 1.344058e-02 1.298616e-02 1.317118e-02
-9.999000e+03 -9.999000e+03 -9.999000e+03 -9.999000e+03 -9.999000e+03 -9.999000e+03 -9.999000e+03 -9.999000e+03 -9.999000e+03 -9.999000e+03 -9.999000e+03 6.752617e-03 2.763243e-02 1.272412e-02 1.760559e-02 1.200794e-02 1.258018e-02 1.275522e-02 1.285535e-02 1.295309e-02 1.301913e-02 1.310093e-02 1.308909e-02 1.306415e-02 1.302159e-02 1.296794e-02 1.293700e-02 1.260574e-02 1.285175e-02 1.284799e-02 1.270057e-02 1.570216e-02 9.476169e-03 1.253721e-02 1.250030e-02 1.184529e-02 1.175960e-02 1.273390e-02 1.162849e-02 1.154635e-02 1.139217e-02 1.126913e-02 8.959758e-03 8.977874e-03 8.956675e-03 8.899735e-03 8.854953e-03 8.819430e-03 1.296205e-02 1.182321e-02 1.185097e-02 1.189772e-02
-9.999000e+03 -9.999000e+03 -9.999000e+03 -9.999000e+03 -9.999000e+03 -9.999000e+03 -9.999000e+03 -9.999000e+03 -9.999000e+03 -9.999000e+03 6.991980e-03 1.027463e-02 1.277347e-02 2.080323e-02 1.030209e-02 1.198176e-02 1.252311e-02 1.261211e-02 1.273771e-02 1.282802e-02 1.294969e-02 1.302835e-02 1.303756e-02 1.302358e-02 1.300444e-02 1.289738e-02 1.199348e-02 1.289927e-02 1.296883e-02 1.290516e-02 1.274362e-02 1.264710e-02 1.256142e-02 1.168012e-02 9.547939e-03 9.668301e-03 1.302719e-02 9.737420e-03 9.722644e-03 9.681005e-03 9.482224e-03 9.164219e-03 1.145344e-02 1.252341e-02 1.288109e-02 1.294732e-02 1.298533e-02 1.302244e-02 8.948677e-03 9.045181e-03 9.047802e-03 9.279265e-03
-9.999000e+03 -9.999000e+03 -9.999000e+03 -9.999000e+03 -9.999000e+03 -9.999000e+03 -9.999000e+03 -9.999000e+03 -9.999000e+03 -9.999000e+03 7.404789e-03 1.379541e-02 2.279159e-02 1.243544e-02 1.054676e-02 1.265052e-02 1.263508e-02 1.261106e-02 1.253413e-02 1.282344e-02 1.287240e-02 1.297870e-02 1.302620e-02 1.303768e-02 1.281051e-02 9.832869e-03 1.273339e-02 1.298823e-02 1.277891e-02 1.282581e-02 1.268001e-02 1.261311e-02 9.933845e-03 9.671735e-03 1.189735e-02 1.294391e-02 9.874808e-03 1.217565e-02 1.280964e-02 1.287366e-02 9.521670e-03 9.191410e-03 1.149052e-02 1.257605e-02 1.294051e-02 1.300110e-02 1.299164e-02 1.298393e-02 1.307773e-02 1.322209e-02 1.315356e-02 1.296875e-02
-9.999000e+03 -9.999000e+03 -9.999000e+03 -9.999000e+03 -9.999000e+03 -9.999000e+03 -9.999000e+03 -9.999000e+03 -9.999000e+03 7.357726e-03 3.015691e-02 2.514496e-02 1.296559e-02 1.062800e-02 1.250083e-02 1.295282e-02 1.282313e-02 1.207553e-02 1.282201e-02 1.273250e-02 1.283062e-02 1.294508e-02 1.300266e-02 1.210220e-02 9.887146e-03 1.210865e-02 1.299869e-02 1.211149e-02 1.220799e-02 1.233395e-02 1.222651e-02 1.011031e-02 1.202082e-02 1.246474e-02 1.279835e-02 1.312627e-02 1.321665e-02 1.321090e-02 9.739384e-03 9.544195e-03 1.240271e-02 1.138709e-02 1.242615e-02 1.298818e-02 1.313937e-02 1.311101e-02 1.301213e-02 1.291270e-02 1.296707e-02 1.308543e-02 1.313788e-02 1.313415e-02
-9.999000e+03 -9.999000e+03 -9.999000e+03 -9.999000e+03 -9.999000e+03 -9.999000e+03 -9.999000e+03 -9.999000e+03 -9.999000e+03 6.821713e-03 2.243609e-02 1.328760e-02 1.256555e-02 1.068624e-02 1.290927e-02 1.306898e-02 1.045021e-02 1.353679e-02 1.271055e-02 1.270416e-02 1.282611e-02 1.295466e-02 9.939767e-03 9.867981e-03 1.210639e-02 1.291806e-02 9.980052e-03 1.001272e-02 1.012297e-02 1.033253e-02 1.031962e-02 1.202571e-02 1.250179e-02 1.266315e-02 1.285279e-02 1.304416e-02 1.313558e-02 9.665007e-03 1.280241e-02 1.155841e-02 1.149458e-02 1.259315e-02 1.293977e-02 1.319190e-02 1.319720e-02 1.308791e-02 1.300081e-02 1.293993e-02 1.297042e-02 1.302258e-02 2.745759e-02 2.869710e-02
-9.999000e+03 -9.999000e+03 -9.999000e+03 -9.999000e+03 -9.999000e+03 -9.999000e+03 -9.999000e+03 -9.999000e+03 9.671772e-03 2.792545e-02 1.815304e-02 1.317596e-02 1.073528e-02 1.253955e-02 1.303804e-02 1.309420e-02 1.606954e-02 1.304099e-02 1.283732e-02 1.272968e-02 1.284480e-02 1.213551e-02 1.275071e-02 1.288725e-02 1.305002e-02 2.428831e-02 2.583312e-02 2.445822e-02 2.351300e-02 2.299560e-02 2.096996e-02 1.798116e-02 1.566324e-02 1.370444e-02 1.288667e-02 1.302790e-02 1.312410e-02 1.709184e-02 1.723623e-02 1.923425e-02 1.978215e-02 2.063496e-02 1.957950e-02 1.864488e-02 1.736300e-02 1.580871e-02 1.446252e-02 1.326753e-02 1.309903e-02 3.029803e-02 1.279642e-02 1.285456e-02
-9.999000e+03 -9.999000e+03 -9.999000e+03 -9.999000e+03 -9.999000e+03 -9.999000e+03 -9.999000e+03 7.040529e-03 9.881859e-03 1.769427e-02 1.239798e-02 1.296175e-02 1.067853e-02 1.316930e-02 1.309973e-02 1.311095e-02 1.311732e-02 1.315912e-02 1.301324e-02 1.284641e-02 1.004098e-02 9.984836e-03 1.209357e-02 2.065346e-02 2.205285e-02 1.308507e-02 1.293379e-02 1.308256e-02 1.319343e-02 1.332137e-02 1.306520e-02 1.274005e-02 1.274135e-02 1.282688e-02 1.294492e-02 1.306555e-02 1.314182e-02 1.319878e-02 1.305870e-02 1.287350e-02 1.294624e-02 1.310325e-02 1.314139e-02 1.313102e-02 1.306019e-02 1.297487e-02 1.306409e-02 1.320910e-02 3.522646e-02 1.301311e-02 1.286070e-02 1.281206e-02
-9.999000e+03 -9.999000e+03 -9.999000e+03 -9.999000e+03 -9.999000e+03 -9.999000e+03 -9.999000e+03 7.539539e-03 1.108638e-02 1.878094e-02 1.048341e-02 1.233644e-02 1.297742e-02 1.317430e-02 1.318098e-02 1.316884e-02 1.314663e-02 1.319347e-02 1.309750e-02 1.290158e-02 1.600281e-02 1.856759e-02 2.068733e-02 1.307190e-02 1.296400e-02 1.202421e-02 9.832272e-03 1.210227e-02 1.289470e-02 1.320048e-02 1.305840e-02 1.281196e-02 1.283497e-02 1.293130e-02 1.301996e-02 1.309616e-02 3.257024e-02 3.301024e-02 3.296498e-02 3.244788e-02 3.239345e-02 3.281576e-02 3.287337e-02 3.180326e-02 3.150984e-02 3.130624e-02 3.371462e-02 3.616588e-02 1.342497e-02 1.328137e-02 1.301064e-02 1.282423e-02
-9.999000e+03 -9.999000e+03 -9.999000e+03 -9.999000e+03 -9.999000e+03 -9.999000e+03 -9.999000e+03 9.980261e-03 1.834305e-02 1.319061e-02 1.064243e-02 1.240570e-02 1.294800e-02 1.321082e-02 1.325292e-02 1.325028e-02 1.315528e-02 1.308350e-02 1.294446e-02 1.274549e-02 1.278067e-02 1.292323e-02 1.283226e-02 1.292409e-02 9.900040e-03 9.801090e-03 1.203044e-02 1.284100e-02 1.308346e-02 1.316191e-02 1.307711e-02 1.294148e-02 1.295798e-02 3.167663e-02 3.199997e-02 3.218120e-02 1.305531e-02 1.308226e-02 1.311806e-02 1.312831e-02 1.318787e-02 1.328547e-02 1.331439e-02 1.754061e-02 2.102122e-02 2.412808e-02 1.344337e-02 1.347152e-02 1.352082e-02 1.352881e-02 1.334146e-02 1.308804e-02
