tests/data/reference/test_sheet/control/cinfil_m3.asc
ncols	123
nrows	77
xllcorner	-713746.79929998
yllcorner	-1061022.36961616
cellsize	10.0
NODATA_value	-9999
[rows 46 to 68 of 77, columns 52 to 103 of 123]
1.534627e+00 1.478511e+00 1.478759e+00 1.465893e+00 1.448281e+00 1.115357e+00 1.115057e+00 1.112936e+00 1.112359e+00 1.402224e+00 1.195909e+00 2.567605e+00 1.430117e+00 1.177466e+00 1.086458e+00 1.084069e+00 1.304645e+00 1.059631e+00 1.048631e+00 1.045167e+00 1.039483e+00 1.029469e+00 1.026948e+00 1.037413e+00 1.403530e+00 8.490199e-01 8.510241e-01 7.585652e-01 8.952436e-01 1.001055e+00 1.103276e+00 1.564030e+00 2.625500e+00 1.290550e+00 1.343981e+00 1.515212e+00 2.586792e+00 1.401621e+00 1.368390e+00 1.343814e+00 1.379002e+00 1.319806e+00 1.225903e+00 1.162625e+00 1.081913e+00 9.795690e-01 8.444729e-01 1.328997e+00 1.438090e+00 1.434212e+00 1.418531e+00 1.410491e+00
1.431439e+00 1.450255e+00 1.454971e+00 1.439006e+00 1.016909e+00 1.017811e+00 1.015639e+00 1.009794e+00 1.382753e+00 1.119034e+00 2.562456e+00 1.457648e+00 1.101803e+00 9.933289e-01 9.946231e-01 1.273403e+00 9.866549e-01 9.686107e-01 9.578679e-01 9.545394e-01 9.472290e-01 9.355129e-01 9.294530e-01 1.389176e+00 8.061293e-01 1.169579e+00 1.129659e+00 9.898010e-01 9.853256e-01 1.036848e+00 1.105180e+00 1.181292e+00 1.595724e+00 2.625500e+00 1.426419e+00 1.531234e+00 2.646941e+00 1.404172e+00 1.373306e+00 1.384213e+00 1.346060e+00 1.274634e+00 1.222267e+00 1.156056e+00 1.072651e+00 9.689029e-01 8.344029e-01 1.360779e+00 1.433830e+00 1.429458e+00 1.414387e+00 1.404988e+00
1.373076e+00 1.396298e+00 1.404578e+00 8.841038e-01 8.777053e-01 8.787252e-01 8.773571e-01 1.356039e+00 1.016357e+00 2.544916e+00 1.488271e+00 9.998684e-01 8.536273e-01 8.571172e-01 1.205904e+00 8.608975e-01 8.545700e-01 8.407352e-01 8.332739e-01 8.314330e-01 8.251771e-01 8.148192e-01 1.385765e+00 9.310373e-01 1.030967e+00 1.418758e+00 2.087321e+00 1.655962e+00 1.691026e+00 1.727764e+00 1.770090e+00 1.820760e+00 1.892420e+00 8.525554e-01 2.625500e+00 1.370960e+00 2.711397e+00 1.417999e+00 1.402932e+00 1.370817e+00 1.315608e+00 1.275315e+00 1.221004e+00 1.151529e+00 1.065253e+00 9.601450e-01 8.265394e-01 1.380407e+00 1.425821e+00 1.423799e+00 1.413613e+00 1.408828e+00
1.298572e+00 1.318959e+00 8.937682e-01 1.037962e+00 1.146968e+00 1.237337e+00 1.310413e+00 8.829662e-01 2.520603e+00 1.516168e+00 8.657913e-01 8.582246e-01 9.997033e-01 1.113952e+00 8.607273e-01 1.005562e+00 1.111509e+00 1.189430e+00 1.254112e+00 1.310623e+00 1.354107e+00 1.383505e+00 8.181195e-01 8.033790e-01 1.420942e+00 1.899594e+00 1.532165e+00 1.068766e+00 1.039762e+00 1.126909e+00 1.204465e+00 1.281261e+00 1.367620e+00 1.969162e+00 2.626020e+00 1.436263e+00 2.774810e+00 1.445350e+00 1.406717e+00 1.356335e+00 1.319563e+00 1.276834e+00 1.220039e+00 1.148155e+00 1.059536e+00 9.531574e-01 8.204696e-01 1.391530e+00 1.415720e+00 1.416708e+00 1.415394e+00 1.419416e+00
1.211360e+00 2.120665e+00 2.202199e+00 2.274187e+00 2.337703e+00 2.392813e+00 2.437475e+00 2.485336e+00 1.535955e+00 8.738368e-01 1.013699e+00 1.118632e+00 1.204757e+00 1.279059e+00 1.338992e+00 1.384400e+00 1.413914e+00 1.427794e+00 1.434660e+00 1.439979e+00 1.444784e+00 1.450364e+00 1.449008e+00 1.437447e+00 1.618679e+00 0.000000e+00 9.547414e-01 8.025001e-01 8.382067e-01 9.344947e-01 1.017051e+00 1.094177e+00 1.177409e+00 1.474240e+00 2.039477e+00 2.625500e+00 2.317890e+00 1.457548e+00 1.406128e+00 1.365778e+00 1.325616e+00 1.279305e+00 1.219892e+00 8.194034e-01 1.144311e+00 1.084939e+00 8.154313e-01 1.397356e+00 1.407824e+00 1.411321e+00 1.417659e+00 1.429138e+00
2.031558e+00 1.481367e+00 1.619857e+00 1.706569e+00 1.806921e+00 1.951837e+00 2.055742e+00 1.533874e+00 1.496640e+00 1.495695e+00 1.485214e+00 1.474492e+00 1.466336e+00 1.463080e+00 1.462240e+00 1.460841e+00 1.582953e+00 1.630807e+00 1.666995e+00 1.697684e+00 1.725114e+00 1.748212e+00 1.746170e+00 1.704669e+00 1.430501e+00 0.000000e+00 8.057911e-01 9.289448e-01 1.024313e+00 9.741560e-01 1.051988e+00 1.123551e+00 1.198951e+00 1.288124e+00 1.585023e+00 2.626020e+00 2.403696e+00 1.282379e+00 1.417484e+00 1.375350e+00 1.332388e+00 1.282811e+00 9.540328e-01 8.192149e-01 1.218668e+00 1.194994e+00 8.117575e-01 1.400607e+00 1.404407e+00 1.409410e+00 1.418903e+00 1.433512e+00
1.449735e+00 1.451638e+00 8.619032e-01 1.494717e+00 1.728669e+00 1.537007e+00 1.509679e+00 1.471258e+00 1.508397e+00 1.499998e+00 1.486759e+00 1.480842e+00 1.479365e+00 1.479853e+00 1.480041e+00 1.477154e+00 8.506495e-01 9.771512e-01 1.073726e+00 1.154325e+00 1.232680e+00 1.318332e+00 1.384846e+00 1.421003e+00 8.263132e-01 0.000000e+00 1.058469e+00 1.122267e+00 1.202306e+00 1.273940e+00 1.160408e+00 1.238605e+00 1.315696e+00 1.396701e+00 1.371967e+00 2.626020e+00 2.625500e+00 1.405043e+00 1.425128e+00 1.384883e+00 1.341412e+00 1.066225e+00 8.221853e-01 9.546135e-01 1.281745e+00 1.288478e+00 9.425670e-01 1.404318e+00 1.404299e+00 1.409785e+00 1.420326e+00 1.434183e+00
1.418025e+00 1.413821e+00 1.451461e+00 1.647894e+00 1.514160e+00 1.475790e+00 1.428419e+00 1.491867e+00 1.507862e+00 1.595781e+00 1.655573e+00 1.713383e+00 1.763531e+00 1.800977e+00 1.818087e+00 1.803962e+00 1.740180e+00 1.621540e+00 1.500792e+00 1.432922e+00 1.416537e+00 1.442710e+00 1.587390e+00 1.645761e+00 1.686480e+00 0.000000e+00 1.806836e+00 1.783167e+00 1.788950e+00 1.792059e+00 1.794773e+00 1.513523e+00 1.549102e+00 1.578099e+00 1.467495e+00 2.626020e+00 2.626020e+00 1.493657e+00 1.245745e+00 1.393803e+00 1.164815e+00 8.334897e-01 9.651146e-01 1.063422e+00 1.334188e+00 1.368607e+00 1.045584e+00 1.410252e+00 1.406723e+00 1.411530e+00 1.422387e+00 1.432281e+00
1.372602e+00 1.442062e+00 1.547656e+00 1.473374e+00 1.425202e+00 1.374465e+00 1.459667e+00 1.503793e+00 1.432693e+00 1.465401e+00 1.462309e+00 1.466926e+00 1.477811e+00 1.494947e+00 1.508122e+00 1.510702e+00 1.500645e+00 1.477925e+00 1.450556e+00 1.425425e+00 1.420280e+00 1.449885e+00 8.599931e-01 8.371066e-01 9.580589e-01 0.000000e+00 1.146831e+00 1.183411e+00 1.245896e+00 1.304512e+00 1.365568e+00 1.432520e+00 1.282793e+00 1.350577e+00 1.622811e+00 2.626020e+00 2.626020e+00 1.901485e+00 1.241884e+00 1.096250e+00 9.682271e-01 8.319427e-01 1.071485e+00 1.150198e+00 1.374881e+00 1.437012e+00 1.131624e+00 1.418982e+00 1.413044e+00 1.415400e+00 1.424142e+00 1.429739e+00
1.427410e+00 1.350882e+00 1.429624e+00 1.346874e+00 1.301511e+00 1.414131e+00 1.487028e+00 1.394031e+00 1.468952e+00 8.489719e-01 1.572843e+00 1.661224e+00 1.745552e+00 1.850107e+00 1.945960e+00 2.024362e+00 2.091138e+00 2.147586e+00 2.197099e+00 2.241393e+00 2.293984e+00 2.367216e+00 2.424598e+00 2.449972e+00 2.466504e+00 2.716673e+00 2.552540e+00 1.799771e+00 1.316973e+00 1.231075e+00 1.228001e+00 1.266886e+00 1.313481e+00 1.172569e+00 1.241259e+00 1.687766e+00 2.626020e+00 2.089766e+00 1.162655e+00 9.542875e-01 8.211682e-01 9.565087e-01 1.148726e+00 1.216310e+00 1.402987e+00 1.493942e+00 1.204736e+00 1.430181e+00 1.423283e+00 1.421628e+00 1.425584e+00 1.428139e+00
1.299186e+00 1.410077e+00 1.256540e+00 1.202646e+00 1.351548e+00 1.462149e+00 1.337228e+00 1.462130e+00 1.372727e+00 1.499241e+00 1.363953e+00 1.357993e+00 1.485866e+00 1.448049e+00 1.414400e+00 1.541660e+00 1.614299e+00 1.669159e+00 1.711029e+00 1.740913e+00 1.765196e+00 1.783037e+00 1.761382e+00 1.682134e+00 1.817163e+00 1.830072e+00 1.573662e+00 1.227905e+00 1.076751e+00 1.125384e+00 1.187245e+00 1.245734e+00 1.298129e+00 1.343641e+00 1.203798e+00 1.376674e+00 2.626020e+00 1.988156e+00 1.310187e+00 7.387801e-01 8.488552e-01 1.046940e+00 1.209509e+00 1.269867e+00 1.422354e+00 1.540320e+00 1.266482e+00 1.441516e+00 1.435972e+00 1.432038e+00 1.431802e+00 1.432486e+00
1.404668e+00 1.171453e+00 1.094612e+00 1.270738e+00 1.424973e+00 1.269505e+00 1.459709e+00 1.320625e+00 1.319455e+00 1.319127e+00 1.315183e+00 1.306585e+00 1.423286e+00 1.359404e+00 1.367395e+00 1.434188e+00 1.529476e+00 1.621211e+00 1.709283e+00 1.781962e+00 1.848759e+00 1.915622e+00 1.972542e+00 2.015303e+00 2.344118e+00 2.480283e+00 2.341695e+00 2.295164e+00 2.082065e+00 1.425346e+00 1.201121e+00 1.251754e+00 1.297404e+00 1.339029e+00 1.192156e+00 1.259243e+00 1.505630e+00 2.626020e+00 1.412808e+00 8.366493e-01 9.278776e-01 1.116705e+00 1.258128e+00 1.313671e+00 1.435259e+00 1.574907e+00 1.318005e+00 1.451351e+00 1.450078e+00 1.447665e+00 1.445751e+00 1.445989e+00
1.072145e+00 9.842943e-01 1.193918e+00 1.382634e+00 1.190515e+00 1.458903e+00 1.263488e+00 1.261329e+00 1.258529e+00 1.257783e+00 1.253481e+00 1.419523e+00 1.300930e+00 1.308168e+00 1.419022e+00 1.350738e+00 1.345075e+00 1.403942e+00 1.365009e+00 1.479429e+00 1.549086e+00 1.607471e+00 1.655618e+00 1.692917e+00 1.999747e+00 2.107150e+00 1.941553e+00 1.787563e+00 1.265772e+00 1.154730e+00 1.998799e+00 2.027747e+00 2.057258e+00 2.089015e+00 2.121310e+00 1.778699e+00 1.852963e+00 2.626020e+00 1.274286e+00 1.204310e+00 1.001574e+00 1.034632e+00 1.300680e+00 1.350989e+00 1.443912e+00 1.594830e+00 1.362801e+00 1.461035e+00 1.463460e+00 1.463114e+00 1.460229e+00 1.460882e+00
8.309222e-01 1.104114e+00 1.342836e+00 1.108898e+00 1.453407e+00 1.192393e+00 1.194684e+00 1.191999e+00 1.188049e+00 1.183778e+00 1.423892e+00 1.245670e+00 1.244621e+00 1.406481e+00 1.301728e+00 1.298336e+00 1.393077e+00 1.328957e+00 1.323842e+00 1.319376e+00 1.414784e+00 1.487832e+00 1.547748e+00 1.600984e+00 1.961928e+00 1.852150e+00 1.855947e+00 1.887150e+00 1.923795e+00 1.962724e+00 1.111571e+00 1.194080e+00 1.271348e+00 9.980430e-01 9.930778e-01 1.104599e+00 1.056199e+00 1.190850e+00 2.626020e+00 1.389724e+00 1.377413e+00 1.107230e+00 1.163740e+00 1.384042e+00 1.451199e+00 1.595989e+00 1.402318e+00 1.471468e+00 1.475367e+00 1.475524e+00 1.471004e+00 2.442404e+00
9.749906e-01 1.277116e+00 1.019795e+00 1.444022e+00 1.108309e+00 1.107911e+00 1.108920e+00 1.108659e+00 1.103798e+00 1.431896e+00 1.177973e+00 1.176547e+00 1.407428e+00 1.241047e+00 1.237541e+00 1.385275e+00 1.284355e+00 1.279572e+00 1.274235e+00 1.211540e+00 8.096886e-01 8.094001e-01 1.128911e+00 7.955301e-01 1.149025e+00 1.029825e+00 1.041789e+00 1.255267e+00 1.475022e+00 1.030901e+00 9.236494e-01 9.141044e-01 9.062584e-01 9.011825e-01 8.938736e-01 8.840688e-01 8.856439e-01 8.878778e-01 1.024690e+00 2.626020e+00 1.592231e+00 1.192323e+00 1.231312e+00 1.417908e+00 1.461014e+00 1.576603e+00 1.433813e+00 1.479533e+00 1.483834e+00 1.485909e+00 1.483333e+00 2.491580e+00
1.180586e+00 8.753946e-01 1.423898e+00 1.017465e+00 1.005925e+00 1.001900e+00 1.002320e+00 1.005419e+00 1.451425e+00 1.099939e+00 1.092349e+00 1.420547e+00 1.176705e+00 1.169665e+00 1.386921e+00 1.227858e+00 1.223497e+00 1.218175e+00 1.142808e+00 8.112802e-01 9.428293e-01 1.050319e+00 8.085963e-01 9.284171e-01 0.000000e+00 1.122445e+00 1.175099e+00 1.440044e+00 9.317138e-01 8.006241e-01 7.978347e-01 7.926607e-01 7.868321e-01 7.813290e-01 7.740958e-01 7.649927e-01 1.339215e+00 1.365022e+00 1.211468e+00 1.322889e+00 2.626020e+00 1.693203e+00 1.320892e+00 1.269092e+00 1.476913e+00 1.546654e+00 1.457100e+00 1.484094e+00 1.487338e+00 1.493186e+00 2.543857e+00 1.493251e+00
1.263221e+00 1.356553e+00 8.929806e-01 8.795793e-01 8.695083e-01 8.633064e-01 8.637285e-01 1.472213e+00 1.012822e+00 9.997592e-01 1.442457e+00 1.101596e+00 1.097607e+00 1.409043e+00 1.167326e+00 1.160339e+00 1.152917e+00 1.058671e+00 8.131238e-01 9.420969e-01 1.045853e+00 1.138251e+00 1.211316e+00 1.264039e+00 0.000000e+00 1.406508e+00 1.407029e+00 8.004110e-01 8.031172e-01 9.331418e-01 1.034629e+00 1.118573e+00 1.186843e+00 1.241566e+00 1.284635e+00 1.316896e+00 7.656103e-01 7.631343e-01 8.937999e-01 9.142181e-01 1.076141e+00 2.626020e+00 1.780004e+00 1.345583e+00 1.497044e+00 1.524837e+00 1.476692e+00 1.491220e+00 1.492984e+00 2.592437e+00 1.518301e+00 2.127399e+00
1.434744e+00 1.467351e+00 1.500087e+00 1.514727e+00 1.514766e+00 1.501772e+00 1.487236e+00 8.802583e-01 8.787901e-01 1.470814e+00 1.008771e+00 1.006731e+00 1.442804e+00 1.102550e+00 1.090972e+00 1.079430e+00 9.613573e-01 8.159245e-01 9.439554e-01 1.044383e+00 1.131069e+00 1.210046e+00 1.274435e+00 1.321800e+00 0.000000e+00 1.458436e+00 1.448994e+00 1.471660e+00 1.499617e+00 1.532294e+00 1.569032e+00 1.607586e+00 1.641398e+00 1.665152e+00 1.674467e+00 1.662561e+00 1.621678e+00 1.549239e+00 1.603524e+00 1.631046e+00 1.431570e+00 1.558045e+00 2.625500e+00 1.655247e+00 1.316877e+00 1.619693e+00 8.213095e-01 1.504372e+00 2.645380e+00 1.528755e+00 2.161823e+00 1.127796e+00
1.305286e+00 1.378239e+00 1.433826e+00 1.469241e+00 1.486439e+00 1.488240e+00 1.485742e+00 1.488658e+00 1.490102e+00 8.814016e-01 8.764767e-01 1.473880e+00 1.017219e+00 1.007917e+00 9.937725e-01 8.357184e-01 8.247845e-01 9.499535e-01 1.047410e+00 1.130585e+00 1.203649e+00 1.269644e+00 1.324753e+00 1.367313e+00 0.000000e+00 1.497067e+00 1.476555e+00 1.486548e+00 1.503746e+00 1.530624e+00 1.565300e+00 1.604747e+00 1.642107e+00 1.671368e+00 1.685688e+00 1.677918e+00 1.642659e+00 1.575757e+00 7.725200e-01 7.745170e-01 9.134218e-01 9.451433e-01 1.624593e+00 2.625500e+00 1.684231e+00 1.447060e+00 1.511856e+00 2.699231e+00 1.529272e+00 2.185311e+00 1.135761e+00 1.036306e+00
1.166661e+00 1.255845e+00 1.323193e+00 1.374891e+00 1.413566e+00 1.442409e+00 1.464196e+00 1.481539e+00 1.492988e+00 1.497535e+00 1.495231e+00 8.881743e-01 8.817933e-01 8.738649e-01 8.594902e-01 9.825690e-01 1.072606e+00 1.144060e+00 1.206045e+00 1.262386e+00 1.312730e+00 1.357604e+00 1.511625e+00 1.574817e+00 0.000000e+00 1.718925e+00 1.716190e+00 1.739988e+00 1.767229e+00 1.798472e+00 1.830504e+00 1.862089e+00 1.889675e+00 1.910164e+00 1.917495e+00 1.903984e+00 1.859244e+00 1.758911e+00 1.599991e+00 1.483289e+00 1.444605e+00 1.247604e+00 1.310219e+00 1.688835e+00 2.625500e+00 1.556427e+00 2.747708e+00 1.519372e+00 2.209606e+00 2.013642e+00 1.997107e+00 1.973902e+00
9.072543e-01 1.045555e+00 1.146865e+00 1.228129e+00 1.298046e+00 1.362398e+00 1.414856e+00 1.451878e+00 1.480091e+00 1.505385e+00 1.518312e+00 1.513130e+00 1.494037e+00 1.466625e+00 1.434632e+00 1.403016e+00 1.379035e+00 1.364082e+00 1.361422e+00 1.371074e+00 1.388868e+00 1.411823e+00 8.160074e-01 8.071925e-01 0.000000e+00 1.043332e+00 1.111396e+00 1.190598e+00 1.266187e+00 1.341147e+00 1.413428e+00 1.482844e+00 1.545735e+00 1.599271e+00 1.638257e+00 1.656850e+00 1.647976e+00 1.608414e+00 1.548075e+00 1.488518e+00 1.449280e+00 1.433538e+00 1.242504e+00 1.307974e+00 1.773060e+00 2.626020e+00 2.279826e+00 2.227028e+00 1.995868e+00 8.080689e-01 8.012681e-01 9.286521e-01
-9.999000e+03 -9.999000e+03 -9.999000e+03 -9.999000e+03 -9.999000e+03 -9.999000e+03 -9.999000e+03 8.839635e-01 8.897786e-01 9.067843e-01 9.147103e-01 9.076227e-01 1.045123e+00 1.135348e+00 1.201610e+00 1.252255e+00 1.289651e+00 1.315827e+00 1.339936e+00 1.366309e+00 1.393585e+00 1.422046e+00 1.440248e+00 1.444177e+00 1.717102e+00 1.570833e+00 1.490208e+00 1.380734e+00 1.270027e+00 1.241909e+00 1.270764e+00 1.318771e+00 1.370665e+00 1.421316e+00 1.466138e+00 1.501630e+00 1.519691e+00 1.517615e+00 1.502155e+00 1.477195e+00 1.449525e+00 1.427143e+00 1.420990e+00 1.241901e+00 1.323530e+00 2.625500e+00 2.376752e+00 1.626726e+00 9.341515e-01 9.273593e-01 1.026359e+00 7.955503e-01
-9.999000e+03 -9.999000e+03 -9.999000e+03 -9.999000e+03 -9.999000e+03 -9.999000e+03 -9.999000e+03 -9.999000e+03 -9.999000e+03 -9.999000e+03 1.063228e+00 1.058451e+00 8.886268e-01 8.651705e-01 9.951524e-01 1.097137e+00 1.175115e+00 1.232479e+00 1.283219e+00 1.332549e+00 1.376400e+00 1.414459e+00 1.436297e+00 1.439492e+00 1.710030e+00 1.563699e+00 1.480679e+00 1.368306e+00 1.261052e+00 1.234424e+00 1.260875e+00 1.307161e+00 1.359287e+00 1.413014e+00 1.462636e+00 1.504120e+00 1.530014e+00 1.536511e+00 1.525976e+00 1.500176e+00 1.467119e+00 1.435616e+00 1.417356e+00 1.419994e+00 1.254355e+00 1.349931e+00 2.625500e+00 1.603458e+00 1.027685e+00 1.105482e+00 -9.999000e+03 -9.999000e+03
