tests/data/reference/test_sheet/control/cinfil_m3.asc
ncols	123
nrows	77
xllcorner	-713746.79929998
yllcorner	-1061022.36961616
cellsize	10.0
NODATA_value	-9999
[rows 46 to 68 of 77, columns 0 to 51 of 123]
-9.999000e+03 -9.999000e+03 -9.999000e+03 -9.999000e+03 -9.999000e+03 -9.999000e+03 0.000000e+00 2.042694e+00 1.286600e+00 1.277518e+00 9.869098e-01 1.138719e+00 1.321711e+00 1.371107e+00 1.416677e+00 1.628916e+00 1.395267e+00 1.434283e+00 1.449565e+00 1.438982e+00 1.422893e+00 1.061898e+00 1.061280e+00 1.067057e+00 1.181030e+00 1.258619e+00 1.323320e+00 1.383328e+00 1.427691e+00 1.454534e+00 1.470503e+00 2.466079e+00 2.522262e+00 1.514554e+00 1.504696e+00 1.491252e+00 1.475884e+00 1.460503e+00 1.447110e+00 1.436131e+00 1.430922e+00 1.430508e+00 1.432310e+00 1.433863e+00 1.439447e+00 1.450089e+00 1.460986e+00 1.471932e+00 1.486627e+00 1.506654e+00 1.522599e+00 1.528562e+00
-9.999000e+03 -9.999000e+03 -9.999000e+03 -9.999000e+03 -9.999000e+03 -9.999000e+03 2.205798e+00 1.678058e+00 1.147689e+00 1.134148e+00 9.659157e-01 1.232197e+00 1.297176e+00 1.367394e+00 1.683800e+00 1.314644e+00 1.387598e+00 1.437697e+00 1.456536e+00 1.445770e+00 9.213633e-01 9.122614e-01 9.077767e-01 9.081503e-01 1.058876e+00 1.163751e+00 1.250858e+00 2.224119e+00 2.290590e+00 2.346456e+00 2.402816e+00 1.497049e+00 1.500969e+00 1.498211e+00 1.490594e+00 1.481215e+00 1.469881e+00 1.456832e+00 1.444582e+00 1.436120e+00 1.429017e+00 1.425985e+00 1.424529e+00 1.425170e+00 1.429526e+00 1.438002e+00 1.447421e+00 1.456918e+00 1.468955e+00 1.484969e+00 1.501964e+00 1.514127e+00
-9.999000e+03 -9.999000e+03 -9.999000e+03 -9.999000e+03 -9.999000e+03 0.000000e+00 1.616486e+00 1.562636e+00 9.768222e-01 9.722555e-01 1.130054e+00 1.231948e+00 1.346649e+00 1.716663e+00 1.215479e+00 1.303001e+00 1.372287e+00 1.423850e+00 1.445549e+00 1.436660e+00 1.572151e+00 1.682381e+00 1.778321e+00 1.915824e+00 2.007610e+00 2.082374e+00 2.150690e+00 1.426511e+00 1.441215e+00 1.450860e+00 1.460260e+00 1.471794e+00 1.478771e+00 1.478839e+00 1.475591e+00 1.470263e+00 1.461774e+00 1.449598e+00 1.442646e+00 1.433681e+00 1.429337e+00 1.425099e+00 1.422707e+00 1.422440e+00 1.424781e+00 1.429814e+00 1.437196e+00 1.447816e+00 1.457754e+00 1.469383e+00 1.481819e+00 1.355924e+00
-9.999000e+03 -9.999000e+03 -9.999000e+03 -9.999000e+03 0.000000e+00 1.757225e+00 1.261729e+00 1.420670e+00 9.912662e-01 1.001757e+00 1.156592e+00 1.348913e+00 1.720555e+00 1.113573e+00 1.221221e+00 1.297138e+00 1.354157e+00 1.403659e+00 1.425889e+00 1.414121e+00 1.396047e+00 1.381456e+00 1.687168e+00 1.245142e+00 1.302059e+00 1.342605e+00 1.366660e+00 1.383143e+00 1.402241e+00 1.414148e+00 1.426299e+00 1.443052e+00 1.453334e+00 1.457932e+00 1.458332e+00 1.455503e+00 1.448452e+00 1.445771e+00 1.433780e+00 1.430899e+00 1.427065e+00 1.424737e+00 1.423390e+00 1.422958e+00 1.423212e+00 1.425056e+00 1.433185e+00 1.441907e+00 1.451391e+00 1.454941e+00 1.268936e+00 1.282032e+00
-9.999000e+03 -9.999000e+03 -9.999000e+03 -9.999000e+03 0.000000e+00 1.433373e+00 1.143308e+00 1.250720e+00 1.182137e+00 1.021644e+00 1.334225e+00 1.687528e+00 9.789862e-01 1.122764e+00 1.221106e+00 1.285520e+00 1.337789e+00 1.387811e+00 1.400114e+00 1.383490e+00 1.361387e+00 1.662257e+00 1.155147e+00 1.222036e+00 1.269694e+00 1.299775e+00 1.315380e+00 1.335860e+00 1.350516e+00 1.366354e+00 1.386768e+00 1.401655e+00 1.413173e+00 1.421141e+00 1.424892e+00 1.424800e+00 1.437915e+00 1.426342e+00 1.426293e+00 1.421550e+00 1.420370e+00 1.421410e+00 1.422353e+00 1.421993e+00 1.421438e+00 1.428708e+00 1.431221e+00 1.439329e+00 1.438500e+00 1.180383e+00 1.185850e+00 1.198037e+00
-9.999000e+03 -9.999000e+03 -9.999000e+03 0.000000e+00 1.804610e+00 1.359692e+00 1.009262e+00 1.188466e+00 1.035788e+00 1.287986e+00 1.570997e+00 1.359786e+00 9.946974e-01 1.131672e+00 1.216320e+00 1.274860e+00 1.326078e+00 1.356169e+00 1.360431e+00 1.342025e+00 1.613017e+00 1.044211e+00 1.137857e+00 1.198524e+00 1.230717e+00 1.245249e+00 1.271039e+00 1.281872e+00 1.296226e+00 1.324959e+00 1.343391e+00 1.356780e+00 1.367278e+00 1.374824e+00 1.378939e+00 1.409998e+00 1.400286e+00 1.412201e+00 1.409457e+00 1.407863e+00 1.408751e+00 1.412894e+00 1.415199e+00 1.415812e+00 1.429683e+00 1.427531e+00 1.431090e+00 1.421620e+00 1.088345e+00 1.088512e+00 1.092388e+00 1.102282e+00
-9.999000e+03 -9.999000e+03 -9.999000e+03 0.000000e+00 1.465049e+00 1.191646e+00 1.048069e+00 1.076811e+00 1.230694e+00 1.226418e+00 1.485481e+00 1.343504e+00 1.018165e+00 1.142521e+00 1.215881e+00 1.274300e+00 1.291580e+00 1.304157e+00 1.308458e+00 1.552853e+00 9.190813e-01 1.051369e+00 1.138792e+00 1.180739e+00 1.185409e+00 1.217299e+00 1.226696e+00 1.236828e+00 1.270042e+00 1.291462e+00 1.307786e+00 1.319970e+00 1.327191e+00 1.329296e+00 1.379699e+00 1.357480e+00 1.380547e+00 1.382354e+00 1.388406e+00 1.388424e+00 1.388929e+00 1.392242e+00 1.395456e+00 1.423247e+00 1.420077e+00 1.424465e+00 1.404005e+00 9.799216e-01 9.799976e-01 9.811701e-01 9.845161e-01 1.951707e+00
-9.999000e+03 -9.999000e+03 0.000000e+00 9.998534e-01 1.215736e+00 1.203647e+00 1.109465e+00 1.133303e+00 1.114045e+00 1.145062e+00 1.479901e+00 1.335341e+00 1.057607e+00 1.159820e+00 1.227633e+00 1.231828e+00 1.228022e+00 1.228155e+00 1.372386e+00 1.346156e+00 9.545875e-01 1.083935e+00 1.147347e+00 1.140899e+00 1.178501e+00 1.179601e+00 1.185220e+00 1.225879e+00 1.242154e+00 1.257390e+00 1.271825e+00 1.281667e+00 1.283280e+00 1.361333e+00 1.315954e+00 1.348936e+00 1.338880e+00 1.351391e+00 1.361841e+00 1.361851e+00 1.358172e+00 1.358434e+00 1.404002e+00 1.395739e+00 1.405777e+00 1.378721e+00 8.478224e-01 8.432581e-01 8.425727e-01 8.453507e-01 1.872646e+00 1.416114e+00
-9.999000e+03 -9.999000e+03 3.387656e+00 1.251885e+00 1.050875e+00 1.105020e+00 1.158402e+00 1.107788e+00 1.307466e+00 1.617477e+00 1.134700e+00 1.283964e+00 1.097039e+00 1.185106e+00 1.162220e+00 1.155160e+00 1.141277e+00 1.133933e+00 1.155298e+00 1.288050e+00 1.006321e+00 1.120116e+00 1.096207e+00 1.158156e+00 1.147098e+00 1.137969e+00 1.190339e+00 1.196691e+00 1.200676e+00 1.209473e+00 1.219878e+00 1.226975e+00 1.353688e+00 1.278130e+00 1.333527e+00 1.302548e+00 1.307796e+00 1.319745e+00 1.327842e+00 1.324562e+00 1.318144e+00 1.384005e+00 1.356120e+00 1.367244e+00 1.333251e+00 1.329436e+00 1.373313e+00 1.404820e+00 1.683900e+00 1.786746e+00 1.373455e+00 1.375725e+00
-9.999000e+03 0.000000e+00 3.000575e+00 1.334686e+00 1.066861e+00 1.205435e+00 1.093950e+00 1.095007e+00 -9.999000e+03 -9.999000e+03 -9.999000e+03 1.138243e+00 1.116467e+00 1.051330e+00 1.026552e+00 1.025203e+00 1.014272e+00 9.962073e-01 1.014986e+00 1.090694e+00 1.111026e+00 1.041080e+00 1.143638e+00 1.125074e+00 1.101906e+00 1.170212e+00 1.158453e+00 1.146774e+00 1.141649e+00 1.142927e+00 1.147286e+00 1.344867e+00 1.233162e+00 1.328229e+00 1.268709e+00 1.267612e+00 1.272607e+00 1.280006e+00 1.279981e+00 1.272781e+00 1.371735e+00 1.312848e+00 1.318435e+00 1.271874e+00 1.270855e+00 1.395712e+00 1.483744e+00 1.576496e+00 1.424367e+00 1.319278e+00 1.322053e+00 1.319308e+00
-9.999000e+03 0.000000e+00 1.468758e+00 1.068327e+00 1.119960e+00 1.113225e+00 -9.999000e+03 -9.999000e+03 -9.999000e+03 -9.999000e+03 -9.999000e+03 -9.999000e+03 1.099391e+00 1.063268e+00 1.219004e+00 1.320625e+00 1.025262e+00 1.178213e+00 1.317449e+00 1.517283e+00 1.143031e+00 1.136017e+00 1.079707e+00 1.026240e+00 1.149457e+00 1.118298e+00 1.090089e+00 1.069298e+00 1.057957e+00 1.052893e+00 1.334434e+00 1.165960e+00 1.327484e+00 1.225713e+00 1.218955e+00 1.216966e+00 1.218964e+00 1.221461e+00 1.216358e+00 1.362599e+00 1.261881e+00 1.262524e+00 1.197949e+00 1.198970e+00 1.365836e+00 1.260615e+00 1.254328e+00 1.413663e+00 1.252281e+00 1.257076e+00 1.256493e+00 1.408958e+00
0.000000e+00 1.975242e+00 1.221543e+00 1.116352e+00 1.219367e+00 1.063680e+00 -9.999000e+03 -9.999000e+03 -9.999000e+03 -9.999000e+03 -9.999000e+03 -9.999000e+03 -9.999000e+03 -9.999000e+03 -9.999000e+03 1.019436e+00 1.350859e+00 1.003455e+00 1.019126e+00 1.044584e+00 1.543858e+00 -9.999000e+03 -9.999000e+03 1.079855e+00 1.025012e+00 9.966598e-01 9.690674e-01 9.444297e-01 9.328463e-01 1.333384e+00 1.078365e+00 1.327641e+00 1.172517e+00 1.159050e+00 1.149656e+00 1.144325e+00 1.141324e+00 1.142209e+00 1.359490e+00 1.204528e+00 1.195806e+00 1.109514e+00 1.110283e+00 1.325492e+00 1.196087e+00 1.187832e+00 1.407761e+00 1.177691e+00 1.178221e+00 1.182249e+00 1.392151e+00 1.238338e+00
0.000000e+00 1.128230e+00 1.143796e+00 1.144718e+00 1.059131e+00 -9.999000e+03 -9.999000e+03 -9.999000e+03 -9.999000e+03 -9.999000e+03 -9.999000e+03 -9.999000e+03 -9.999000e+03 -9.999000e+03 -9.999000e+03 -9.999000e+03 -9.999000e+03 -9.999000e+03 -9.999000e+03 -9.999000e+03 -9.999000e+03 -9.999000e+03 -9.999000e+03 1.094865e+00 1.037613e+00 1.018667e+00 1.160976e+00 1.242337e+00 1.312933e+00 9.666724e-01 1.331323e+00 1.105939e+00 1.090128e+00 1.067989e+00 1.054197e+00 1.046242e+00 1.041054e+00 1.348928e+00 1.142150e+00 1.123692e+00 1.002515e+00 1.001964e+00 1.272504e+00 1.114893e+00 1.112501e+00 1.408299e+00 1.099530e+00 1.095714e+00 1.095765e+00 1.371950e+00 1.182950e+00 1.416971e+00
-9.999000e+03 1.048272e+00 1.063369e+00 1.019623e+00 -9.999000e+03 -9.999000e+03 -9.999000e+03 -9.999000e+03 -9.999000e+03 -9.999000e+03 -9.999000e+03 -9.999000e+03 -9.999000e+03 -9.999000e+03 -9.999000e+03 -9.999000e+03 -9.999000e+03 -9.999000e+03 -9.999000e+03 -9.999000e+03 -9.999000e+03 -9.999000e+03 -9.999000e+03 -9.999000e+03 -9.999000e+03 -9.999000e+03 9.962506e-01 9.758522e-01 1.146282e+00 1.302258e+00 1.011934e+00 9.922667e-01 9.622511e-01 9.290963e-01 9.151013e-01 9.118083e-01 1.326745e+00 1.051961e+00 1.039146e+00 8.707580e-01 8.625156e-01 1.207849e+00 1.007296e+00 1.008855e+00 1.402193e+00 1.005168e+00 1.002388e+00 9.998806e-01 1.338703e+00 1.113158e+00 1.448181e+00 9.690992e-01
-9.999000e+03 -9.999000e+03 -9.999000e+03 -9.999000e+03 -9.999000e+03 -9.999000e+03 -9.999000e+03 -9.999000e+03 -9.999000e+03 -9.999000e+03 -9.999000e+03 -9.999000e+03 -9.999000e+03 -9.999000e+03 -9.999000e+03 -9.999000e+03 -9.999000e+03 -9.999000e+03 -9.999000e+03 -9.999000e+03 -9.999000e+03 -9.999000e+03 -9.999000e+03 -9.999000e+03 -9.999000e+03 -9.999000e+03 -9.999000e+03 -9.999000e+03 9.870271e-01 1.199701e+00 1.035323e+00 1.015474e+00 9.781693e-01 1.097798e+00 1.196130e+00 1.291173e+00 9.278936e-01 9.107798e-01 8.955128e-01 1.030190e+00 1.132054e+00 8.697476e-01 8.673218e-01 1.379678e+00 8.654127e-01 8.650892e-01 8.662801e-01 1.293333e+00 1.012743e+00 1.465668e+00 8.534693e-01 8.334275e-01
-9.999000e+03 -9.999000e+03 -9.999000e+03 -9.999000e+03 -9.999000e+03 -9.999000e+03 -9.999000e+03 -9.999000e+03 -9.999000e+03 -9.999000e+03 -9.999000e+03 -9.999000e+03 -9.999000e+03 -9.999000e+03 -9.999000e+03 -9.999000e+03 -9.999000e+03 -9.999000e+03 -9.999000e+03 -9.999000e+03 -9.999000e+03 -9.999000e+03 -9.999000e+03 -9.999000e+03 -9.999000e+03 -9.999000e+03 -9.999000e+03 -9.999000e+03 -9.999000e+03 1.023511e+00 1.317500e+00 1.160008e+00 1.123094e+00 9.286405e-01 9.223359e-01 9.384131e-01 9.373633e-01 9.170137e-01 1.056172e+00 1.156561e+00 1.236804e+00 1.303334e+00 1.351459e+00 8.693165e-01 1.012324e+00 1.124317e+00 1.220204e+00 8.788111e-01 1.470802e+00 8.653220e-01 9.979083e-01 1.090102e+00
-9.999000e+03 -9.999000e+03 -9.999000e+03 -9.999000e+03 -9.999000e+03 -9.999000e+03 -9.999000e+03 -9.999000e+03 -9.999000e+03 -9.999000e+03 -9.999000e+03 -9.999000e+03 -9.999000e+03 -9.999000e+03 -9.999000e+03 -9.999000e+03 -9.999000e+03 -9.999000e+03 -9.999000e+03 -9.999000e+03 -9.999000e+03 -9.999000e+03 -9.999000e+03 -9.999000e+03 -9.999000e+03 -9.999000e+03 -9.999000e+03 -9.999000e+03 -9.999000e+03 -9.999000e+03 1.149444e+00 -9.999000e+03 -9.999000e+03 -9.999000e+03 -9.999000e+03 -9.999000e+03 -9.999000e+03 -9.999000e+03 9.032780e-01 1.050655e+00 1.163469e+00 1.256909e+00 1.321696e+00 1.359478e+00 1.386111e+00 1.407911e+00 1.431944e+00 1.464728e+00 8.851323e-01 1.011180e+00 1.106277e+00 1.184671e+00
-9.999000e+03 -9.999000e+03 -9.999000e+03 -9.999000e+03 -9.999000e+03 -9.999000e+03 -9.999000e+03 -9.999000e+03 -9.999000e+03 -9.999000e+03 -9.999000e+03 -9.999000e+03 -9.999000e+03 -9.999000e+03 -9.999000e+03 -9.999000e+03 -9.999000e+03 -9.999000e+03 -9.999000e+03 -9.999000e+03 -9.999000e+03 -9.999000e+03 -9.999000e+03 -9.999000e+03 -9.999000e+03 -9.999000e+03 -9.999000e+03 -9.999000e+03 -9.999000e+03 -9.999000e+03 -9.999000e+03 -9.999000e+03 -9.999000e+03 -9.999000e+03 -9.999000e+03 -9.999000e+03 -9.999000e+03 -9.999000e+03 -9.999000e+03 -9.999000e+03 -9.999000e+03 9.019834e-01 8.959025e-01 8.799568e-01 1.020841e+00 1.133432e+00 1.232812e+00 1.327728e+00 1.385832e+00 1.402648e+00 1.410271e+00 1.418985e+00
-9.999000e+03 -9.999000e+03 -9.999000e+03 -9.999000e+03 -9.999000e+03 -9.999000e+03 -9.999000e+03 -9.999000e+03 -9.999000e+03 -9.999000e+03 -9.999000e+03 -9.999000e+03 -9.999000e+03 -9.999000e+03 -9.999000e+03 -9.999000e+03 -9.999000e+03 -9.999000e+03 -9.999000e+03 -9.999000e+03 -9.999000e+03 -9.999000e+03 -9.999000e+03 -9.999000e+03 -9.999000e+03 -9.999000e+03 -9.999000e+03 -9.999000e+03 -9.999000e+03 -9.999000e+03 -9.999000e+03 -9.999000e+03 -9.999000e+03 -9.999000e+03 -9.999000e+03 -9.999000e+03 -9.999000e+03 -9.999000e+03 -9.999000e+03 -9.999000e+03 -9.999000e+03 -9.999000e+03 -9.999000e+03 -9.999000e+03 8.694476e-01 8.731679e-01 1.029809e+00 1.159076e+00 8.845607e-01 1.007358e+00 1.110770e+00 1.214719e+00
-9.999000e+03 -9.999000e+03 -9.999000e+03 -9.999000e+03 -9.999000e+03 -9.999000e+03 -9.999000e+03 -9.999000e+03 -9.999000e+03 -9.999000e+03 -9.999000e+03 -9.999000e+03 -9.999000e+03 -9.999000e+03 -9.999000e+03 -9.999000e+03 -9.999000e+03 -9.999000e+03 -9.999000e+03 -9.999000e+03 -9.999000e+03 -9.999000e+03 -9.999000e+03 -9.999000e+03 -9.999000e+03 -9.999000e+03 -9.999000e+03 -9.999000e+03 -9.999000e+03 -9.999000e+03 -9.999000e+03 -9.999000e+03 -9.999000e+03 -9.999000e+03 -9.999000e+03 -9.999000e+03 -9.999000e+03 -9.999000e+03 -9.999000e+03 -9.999000e+03 -9.999000e+03 -9.999000e+03 -9.999000e+03 -9.999000e+03 -9.999000e+03 -9.999000e+03 -9.999000e+03 -9.999000e+03 -9.999000e+03 -9.999000e+03 8.602986e-01 1.033008e+00
-9.999000e+03 -9.999000e+03 -9.999000e+03 -9.999000e+03 -9.999000e+03 -9.999000e+03 -9.999000e+03 -9.999000e+03 -9.999000e+03 -9.999000e+03 -9.999000e+03 -9.999000e+03 -9.999000e+03 -9.999000e+03 -9.999000e+03 -9.999000e+03 -9.999000e+03 -9.999000e+03 -9.999000e+03 -9.999000e+03 -9.999000e+03 -9.999000e+03 -9.999000e+03 -9.999000e+03 -9.999000e+03 -9.999000e+03 -9.999000e+03 -9.999000e+03 -9.999000e+03 -9.999000e+03 -9.999000e+03 -9.999000e+03 -9.999000e+03 -9.999000e+03 -9.999000e+03 -9.999000e+03 -9.999000e+03 -9.999000e+03 -9.999000e+03 -9.999000e+03 -9.999000e+03 -9.999000e+03 -9.999000e+03 -9.999000e+03 -9.999000e+03 -9.999000e+03 -9.999000e+03 -9.999000e+03 -9.999000e+03 -9.999000e+03 -9.999000e+03 8.931791e-01
-9.999000e+03 -9.999000e+03 -9.999000e+03 -9.999000e+03 -9.999000e+03 -9.999000e+03 -9.999000e+03 -9.999000e+03 -9.999000e+03 -9.999000e+03 -9.999000e+03 -9.999000e+03 -9.999000e+03 -9.999000e+03 -9.999000e+03 -9.999000e+03 -9.999000e+03 -9.999000e+03 -9.999000e+03 -9.999000e+03 -9.999000e+03 -9.999000e+03 -9.999000e+03 -9.999000e+03 -9.999000e+03 -9.999000e+03 -9.999000e+03 -9.999000e+03 -9.999000e+03 -9.999000e+03 -9.999000e+03 -9.999000e+03 -9.999000e+03 -9.999000e+03 -9.999000e+03 -9.999000e+03 -9.999000e+03 -9.999000e+03 -9.999000e+03 -9.999000e+03 -9.999000e+03 -9.999000e+03 -9.999000e+03 -9.999000e+03 -9.999000e+03 -9.999000e+03 -9.999000e+03 -9.999000e+03 -9.999000e+03 -9.999000e+03 -9.999000e+03 -9.999000e+03
-9.999000e+03 -9.999000e+03 -9.999000e+03 -9.999000e+03 -9.999000e+03 -9.999000e+03 -9.999000e+03 -9.999000e+03 -9.999000e+03 -9.999000e+03 -9.999000e+03 -9.999000e+03 -9.999000e+03 -9.999000e+03 -9.999000e+03 -9.999000e+03 -9.999000e+03 -9.999000e+03 -9.999000e+03 -9.999000e+03 -9.999000e+03 -9.999000e+03 -9.999000e+03 -9.999000e+03 -9.999000e+03 -9.999000e+03 -9.999000e+03 -9.999000e+03 -9.999000e+03 -9.999000e+03 -9.999000e+03 -9.999000e+03 -9.999000e+03 -9.999000e+03 -9.999000e+03 -9.999000e+03 -9.999000e+03 -9.999000e+03 -9.999000e+03 -9.999000e+03 -9.999000e+03 -9.999000e+03 -9.999000e+03 -9.999000e+03 -9.999000e+03 -9.999000e+03 -9.999000e+03 -9.999000e+03 -9.999000e+03 -9.999000e+03 -9.999000e+03 -9.999000e+03
