tests/data/reference/test_sheet/control/cinfil_m3.asc
ncols	123
nrows	77
xllcorner	-713746.79929998
yllcorner	-1061022.36961616
cellsize	10.0
NODATA_value	-9999
[rows 23 to 45 of 77, columns 52 to 103 of 123]
9.440939e-01 1.206225e+00 1.265298e+00 1.347621e+00 1.374805e+00 1.403084e+00 1.408394e+00 1.376207e+00 1.382564e+00 1.342046e+00 1.289317e+00 1.290788e+00 1.292630e+00 1.297473e+00 1.308641e+00 1.492486e+00 1.774316e+00 1.824137e+00 1.399953e+00 1.375670e+00 1.265165e+00 1.190692e+00 1.102972e+00 1.194529e+00 8.625040e-01 1.017564e+00 3.012941e+00 1.987305e+00 1.618213e+00 1.232972e+00 1.122238e+00 1.008594e+00 8.777885e-01 9.068620e-01 -9.999000e+03 -9.999000e+03 -9.999000e+03 -9.999000e+03 -9.999000e+03 -9.999000e+03 -9.999000e+03 -9.999000e+03 -9.999000e+03 -9.999000e+03 -9.999000e+03 -9.999000e+03 -9.999000e+03 -9.999000e+03 -9.999000e+03 -9.999000e+03 -9.999000e+03 -9.999000e+03
9.385655e-01 1.040805e+00 1.264856e+00 1.317332e+00 1.382469e+00 1.404187e+00 1.426043e+00 1.436309e+00 1.416151e+00 1.419956e+00 1.387907e+00 1.344352e+00 1.346819e+00 1.353540e+00 1.364801e+00 1.380435e+00 1.870165e+00 1.855694e+00 1.411706e+00 1.382208e+00 1.302232e+00 1.242882e+00 1.175037e+00 1.244208e+00 9.899168e-01 1.114615e+00 8.755289e-01 3.067457e+00 2.068405e+00 1.731876e+00 1.380748e+00 1.121284e+00 1.014281e+00 1.036331e+00 9.168045e-01 -9.999000e+03 -9.999000e+03 -9.999000e+03 -9.999000e+03 -9.999000e+03 -9.999000e+03 -9.999000e+03 -9.999000e+03 -9.999000e+03 -9.999000e+03 -9.999000e+03 -9.999000e+03 -9.999000e+03 -9.999000e+03 -9.999000e+03 -9.999000e+03 -9.999000e+03
1.201447e+00 1.037745e+00 1.126117e+00 1.317462e+00 1.363176e+00 1.415205e+00 1.434446e+00 1.450731e+00 1.458085e+00 1.443914e+00 1.446470e+00 1.423407e+00 1.393595e+00 1.402563e+00 1.411834e+00 1.420833e+00 1.947197e+00 1.852078e+00 1.414257e+00 1.387278e+00 1.332058e+00 1.287021e+00 1.235698e+00 1.287006e+00 1.087256e+00 1.184840e+00 9.961817e-01 3.083685e+00 8.684775e-01 2.104768e+00 1.832239e+00 1.236827e+00 1.127475e+00 1.120071e+00 1.017341e+00 8.868803e-01 9.102307e-01 9.124881e-01 -9.999000e+03 -9.999000e+03 -9.999000e+03 -9.999000e+03 -9.999000e+03 -9.999000e+03 -9.999000e+03 -9.999000e+03 -9.999000e+03 -9.999000e+03 -9.999000e+03 -9.999000e+03 -9.999000e+03 -9.999000e+03
9.310263e-01 1.259973e+00 1.125383e+00 1.205190e+00 1.368391e+00 1.407072e+00 1.445465e+00 1.457247e+00 1.465741e+00 1.470600e+00 1.463600e+00 1.468223e+00 1.456678e+00 1.438642e+00 1.446609e+00 1.453293e+00 2.020105e+00 1.805054e+00 1.419149e+00 1.397435e+00 1.361285e+00 1.329360e+00 1.291716e+00 1.327035e+00 1.168866e+00 1.241922e+00 1.085504e+00 3.094700e+00 9.910218e-01 2.119209e+00 1.917727e+00 1.318720e+00 1.221456e+00 1.199370e+00 1.109049e+00 1.014681e+00 1.041226e+00 9.030571e-01 1.060018e+00 9.152976e-01 -9.999000e+03 -9.999000e+03 -9.999000e+03 -9.999000e+03 -9.999000e+03 -9.999000e+03 -9.999000e+03 -9.999000e+03 -9.999000e+03 -9.999000e+03 -9.999000e+03 -9.999000e+03
1.031121e+00 8.025732e-01 1.316875e+00 1.210572e+00 1.281444e+00 1.413281e+00 1.439735e+00 1.462788e+00 1.469911e+00 1.476220e+00 1.481386e+00 1.480651e+00 1.485574e+00 1.479472e+00 1.468966e+00 1.478928e+00 2.095773e+00 1.686344e+00 1.431699e+00 1.415938e+00 1.394528e+00 1.374066e+00 1.347098e+00 1.367505e+00 1.241150e+00 1.291493e+00 1.160684e+00 3.107170e+00 1.082166e+00 2.094205e+00 1.969114e+00 1.359162e+00 1.297032e+00 1.284646e+00 1.209025e+00 1.225715e+00 8.828285e-01 8.958958e-01 1.057012e+00 1.180042e+00 1.072385e+00 0.000000e+00 -9.999000e+03 -9.999000e+03 -9.999000e+03 -9.999000e+03 -9.999000e+03 -9.999000e+03 -9.999000e+03 -9.999000e+03 -9.999000e+03 -9.999000e+03
1.117932e+00 9.361434e-01 1.366433e+00 1.282358e+00 8.218308e-01 1.342655e+00 1.444164e+00 1.460045e+00 1.473826e+00 1.478987e+00 1.484281e+00 1.489829e+00 1.491842e+00 1.496845e+00 1.498359e+00 1.499200e+00 2.170551e+00 1.542496e+00 1.441383e+00 1.430670e+00 1.419119e+00 1.407622e+00 1.389761e+00 1.400221e+00 1.301348e+00 1.332917e+00 1.224560e+00 3.010560e+00 1.158380e+00 1.979192e+00 2.017221e+00 1.384003e+00 1.352310e+00 1.353136e+00 1.295848e+00 1.343233e+00 1.030928e+00 1.041440e+00 8.968282e-01 1.170403e+00 1.272262e+00 0.000000e+00 0.000000e+00 0.000000e+00 -9.999000e+03 -9.999000e+03 -9.999000e+03 -9.999000e+03 -9.999000e+03 -9.999000e+03 -9.999000e+03 -9.999000e+03
1.196698e+00 1.045467e+00 1.409093e+00 1.341773e+00 8.198305e-01 9.552940e-01 1.390794e+00 1.464526e+00 1.471890e+00 1.479310e+00 1.483624e+00 1.489823e+00 1.497190e+00 1.504814e+00 1.515669e+00 1.523482e+00 1.523109e+00 2.235680e+00 1.443056e+00 1.435635e+00 1.429761e+00 1.425086e+00 1.415811e+00 1.422111e+00 1.349225e+00 1.367001e+00 1.279808e+00 2.861973e+00 1.226273e+00 1.582699e+00 2.067235e+00 1.398163e+00 1.386026e+00 1.395683e+00 1.360583e+00 1.439119e+00 1.149916e+00 1.152533e+00 1.040646e+00 8.989708e-01 0.000000e+00 1.488594e+00 1.273336e+00 1.001570e+00 0.000000e+00 -9.999000e+03 -9.999000e+03 -9.999000e+03 -9.999000e+03 -9.999000e+03 -9.999000e+03 -9.999000e+03
1.272498e+00 1.143508e+00 1.446428e+00 1.391702e+00 9.538232e-01 8.191214e-01 1.058941e+00 1.423945e+00 1.475268e+00 1.480218e+00 1.486300e+00 1.493268e+00 1.502883e+00 1.514662e+00 1.524863e+00 1.530571e+00 1.528701e+00 1.518860e+00 2.282058e+00 1.434350e+00 1.433957e+00 1.435617e+00 1.433517e+00 1.437612e+00 1.386321e+00 1.393983e+00 1.327397e+00 2.746399e+00 1.284459e+00 1.400301e+00 2.111769e+00 1.401412e+00 1.402788e+00 1.519383e+00 1.494899e+00 8.779110e-01 1.235682e+00 1.232572e+00 1.144388e+00 0.000000e+00 1.589086e+00 1.559598e+00 1.380325e+00 1.130739e+00 9.894018e-01 0.000000e+00 -9.999000e+03 -9.999000e+03 -9.999000e+03 -9.999000e+03 -9.999000e+03 -9.999000e+03
1.349610e+00 1.235785e+00 1.479306e+00 1.433062e+00 1.059949e+00 9.514623e-01 8.143544e-01 1.140039e+00 1.450730e+00 1.489596e+00 1.496400e+00 1.505611e+00 1.515654e+00 1.524585e+00 1.528263e+00 1.526080e+00 1.520304e+00 1.510131e+00 2.324410e+00 1.428667e+00 1.434555e+00 1.442351e+00 1.445737e+00 1.448228e+00 1.413436e+00 1.414879e+00 1.368588e+00 2.634004e+00 1.333722e+00 1.394111e+00 2.149296e+00 1.398076e+00 1.615491e+00 1.512882e+00 9.992312e-01 8.648465e-01 1.290290e+00 1.584431e+00 0.000000e+00 1.207090e+00 1.625526e+00 1.657468e+00 1.498398e+00 1.255006e+00 1.134658e+00 9.665855e-01 9.850482e-01 -9.999000e+03 -9.999000e+03 -9.999000e+03 -9.999000e+03 -9.999000e+03
1.433275e+00 1.327810e+00 1.513621e+00 1.473086e+00 8.281608e-01 1.151716e+00 1.057845e+00 9.512873e-01 1.221444e+00 1.478362e+00 1.504950e+00 1.512577e+00 1.519704e+00 1.523966e+00 1.523727e+00 1.518611e+00 1.510665e+00 1.500550e+00 2.370789e+00 1.427932e+00 1.438087e+00 1.448597e+00 1.453637e+00 1.454183e+00 1.431870e+00 1.431265e+00 1.403820e+00 2.506323e+00 1.378412e+00 1.407692e+00 2.186308e+00 1.698368e+00 1.512542e+00 1.084458e+00 9.864725e-01 8.533353e-01 1.625679e+00 1.391520e+00 1.350662e+00 1.280144e+00 1.681470e+00 1.768138e+00 1.290894e+00 9.534784e-01 1.226560e+00 1.100881e+00 1.100190e+00 9.695170e-01 0.000000e+00 -9.999000e+03 -9.999000e+03 -9.999000e+03
1.492224e+00 1.512022e+00 1.410695e+00 1.546006e+00 1.508647e+00 9.749753e-01 1.236526e+00 1.156154e+00 1.066776e+00 1.291662e+00 1.491695e+00 1.505902e+00 1.508680e+00 1.511125e+00 1.511955e+00 1.509327e+00 1.503751e+00 1.496404e+00 1.489078e+00 2.430899e+00 1.450064e+00 1.458121e+00 1.459701e+00 1.456812e+00 1.443334e+00 1.444440e+00 1.433882e+00 2.287385e+00 1.420958e+00 1.433059e+00 2.226672e+00 1.497804e+00 1.165122e+00 1.082370e+00 8.376486e-01 0.000000e+00 1.441726e+00 1.276734e+00 1.369886e+00 1.368032e+00 1.890311e+00 1.284530e+00 8.949934e-01 1.069747e+00 1.282040e+00 1.217053e+00 1.287981e+00 1.308902e+00 9.684095e-01 0.000000e+00 -9.999000e+03 -9.999000e+03
2.626020e+00 2.626020e+00 1.371452e+00 1.294594e+00 1.563033e+00 1.526624e+00 1.082613e+00 1.302970e+00 1.231570e+00 1.151934e+00 1.340915e+00 1.488951e+00 1.494140e+00 1.495313e+00 1.497048e+00 1.497793e+00 1.496894e+00 1.494439e+00 1.491921e+00 2.051382e+00 1.470115e+00 1.474746e+00 1.470828e+00 1.463798e+00 1.455960e+00 1.460965e+00 1.464018e+00 1.680079e+00 1.459133e+00 1.461128e+00 2.263430e+00 1.235261e+00 1.166149e+00 1.198516e+00 0.000000e+00 1.115217e+00 1.324109e+00 1.221696e+00 1.427210e+00 1.965393e+00 1.286532e+00 1.017188e+00 8.773595e-01 1.155144e+00 1.316483e+00 1.454229e+00 1.357352e+00 1.092578e+00 9.320133e-01 1.254456e+00 9.760244e-01 0.000000e+00
1.498738e+00 1.579037e+00 2.626020e+00 1.425845e+00 1.354990e+00 1.348783e+00 1.318560e+00 1.030676e+00 1.176057e+00 1.126014e+00 1.069912e+00 1.192997e+00 1.274137e+00 1.275715e+00 1.277650e+00 1.282034e+00 1.288317e+00 1.294754e+00 1.301748e+00 1.309464e+00 2.146033e+00 1.312726e+00 1.302638e+00 1.291092e+00 1.476600e+00 1.486582e+00 1.498898e+00 1.509296e+00 1.493298e+00 1.487524e+00 2.293113e+00 1.237341e+00 1.220358e+00 0.000000e+00 1.007349e+00 1.196688e+00 1.245239e+00 1.239435e+00 2.027684e+00 1.293110e+00 1.107940e+00 1.007537e+00 1.212816e+00 8.816717e-01 1.337885e+00 1.594615e+00 9.006002e-01 1.168022e+00 1.061916e+00 1.339698e+00 9.334382e-01 1.253980e+00
7.918488e-01 9.221750e-01 1.028818e+00 2.626020e+00 2.626020e+00 2.626020e+00 2.626020e+00 1.353212e+00 1.117750e+00 1.246733e+00 1.205465e+00 1.156559e+00 1.262310e+00 1.322868e+00 1.414412e+00 1.333055e+00 1.341455e+00 1.349433e+00 1.358800e+00 1.369383e+00 8.056668e-01 2.225068e+00 1.454669e+00 1.347760e+00 1.310187e+00 1.325593e+00 1.532256e+00 1.536041e+00 1.518495e+00 1.506550e+00 2.313113e+00 1.147550e+00 0.000000e+00 8.324183e-01 1.119951e+00 1.294425e+00 1.248674e+00 1.283358e+00 2.090014e+00 1.179418e+00 1.100505e+00 1.258011e+00 1.010531e+00 8.737750e-01 1.356428e+00 1.688715e+00 1.042202e+00 1.234820e+00 1.159300e+00 1.433232e+00 1.060690e+00 1.310694e+00
9.977401e-01 1.079296e+00 1.156700e+00 1.242551e+00 1.309729e+00 1.349394e+00 1.384317e+00 2.626020e+00 2.626020e+00 2.626020e+00 2.626020e+00 2.626020e+00 2.626020e+00 2.626020e+00 2.626020e+00 2.626020e+00 2.626020e+00 1.425948e+00 1.420273e+00 1.418260e+00 1.414775e+00 9.280355e-01 2.279207e+00 1.392214e+00 1.374946e+00 1.397759e+00 1.365450e+00 1.553068e+00 1.530677e+00 1.513975e+00 2.629550e+00 1.499792e+00 9.632490e-01 8.299079e-01 1.226387e+00 1.379245e+00 1.288520e+00 1.330173e+00 2.151799e+00 1.177779e+00 1.293269e+00 1.105235e+00 1.004004e+00 1.363904e+00 1.759644e+00 8.895871e-01 1.162242e+00 1.304465e+00 1.244138e+00 1.508358e+00 1.149792e+00 1.384452e+00
8.906682e-01 9.860095e-01 1.075307e+00 2.573040e+00 2.626020e+00 2.626020e+00 2.626020e+00 2.626020e+00 2.626020e+00 2.626020e+00 2.626020e+00 2.626020e+00 2.626020e+00 2.626020e+00 2.626020e+00 2.626020e+00 2.626020e+00 2.626020e+00 2.626020e+00 1.485560e+00 1.471423e+00 1.451948e+00 2.347275e+00 1.443348e+00 1.437189e+00 1.459392e+00 1.428128e+00 1.361762e+00 1.531141e+00 1.803192e+00 2.781378e+00 1.069480e+00 9.612701e-01 8.283558e-01 1.316919e+00 1.452735e+00 1.331933e+00 2.208207e+00 1.243242e+00 1.323054e+00 1.177495e+00 1.098975e+00 1.366986e+00 1.806919e+00 1.019552e+00 1.239480e+00 8.934792e-01 1.361970e+00 1.316040e+00 1.572189e+00 1.230507e+00 1.450684e+00
1.465557e+00 3.178628e+00 3.182384e+00 1.422782e+00 1.411347e+00 1.396205e+00 1.385275e+00 1.378849e+00 1.375680e+00 1.377014e+00 1.382254e+00 1.211440e+00 1.212336e+00 1.224047e+00 1.239152e+00 1.255528e+00 1.414814e+00 1.542509e+00 1.657630e+00 2.626020e+00 2.626020e+00 2.626020e+00 2.626020e+00 2.448553e+00 1.499975e+00 1.508099e+00 1.471005e+00 1.401220e+00 1.613742e+00 0.000000e+00 2.630298e+00 1.202846e+00 9.601392e-01 8.276930e-01 1.394838e+00 1.515077e+00 1.369446e+00 2.260102e+00 1.348300e+00 1.236151e+00 1.169919e+00 1.366256e+00 1.838481e+00 1.113666e+00 1.286579e+00 1.019908e+00 8.828419e-01 1.401491e+00 1.374463e+00 1.623404e+00 1.313428e+00 1.513249e+00
3.181074e+00 1.458660e+00 1.438965e+00 1.422233e+00 1.407219e+00 1.392147e+00 1.378595e+00 1.367375e+00 1.360347e+00 1.358795e+00 1.361477e+00 1.343899e+00 1.347596e+00 1.354081e+00 1.363078e+00 1.216591e+00 1.220806e+00 2.133531e+00 2.202974e+00 2.260855e+00 2.250790e+00 2.280531e+00 2.055743e+00 2.626020e+00 2.576640e+00 1.568715e+00 1.509329e+00 8.024534e-01 0.000000e+00 1.507743e+00 2.592685e+00 1.314594e+00 8.216355e-01 9.609641e-01 1.459576e+00 1.565511e+00 1.399785e+00 2.309339e+00 1.286786e+00 1.230399e+00 1.365722e+00 1.847659e+00 1.184537e+00 1.323657e+00 1.115996e+00 1.010399e+00 1.410769e+00 8.833860e-01 1.410620e+00 1.638915e+00 1.375950e+00 1.551365e+00
1.491566e+00 1.471869e+00 1.452283e+00 1.437934e+00 1.425175e+00 1.408972e+00 1.390056e+00 1.375026e+00 1.365578e+00 1.362343e+00 1.320561e+00 1.318357e+00 1.317545e+00 1.318568e+00 1.361396e+00 1.345285e+00 2.562992e+00 1.383026e+00 1.197888e+00 1.200574e+00 1.214938e+00 1.364474e+00 1.845063e+00 1.805933e+00 2.626020e+00 2.626020e+00 1.586753e+00 1.791456e+00 1.988304e+00 1.469182e+00 2.131961e+00 1.413654e+00 8.188292e-01 1.060798e+00 1.509754e+00 1.601275e+00 2.358734e+00 1.330997e+00 1.282790e+00 1.369292e+00 1.825244e+00 1.239138e+00 1.345075e+00 1.193415e+00 1.113423e+00 1.409542e+00 1.010785e+00 8.710163e-01 1.424282e+00 1.609800e+00 1.410759e+00 1.556701e+00
1.503090e+00 1.485996e+00 1.470645e+00 1.459577e+00 1.448036e+00 1.425619e+00 1.405172e+00 1.389699e+00 1.381374e+00 1.304153e+00 1.297188e+00 1.292050e+00 1.288785e+00 1.354937e+00 1.314675e+00 2.545412e+00 1.360102e+00 1.319556e+00 1.287078e+00 1.294304e+00 1.199334e+00 1.148556e+00 1.188859e+00 1.227905e+00 1.816304e+00 2.625500e+00 2.625500e+00 0.000000e+00 1.926003e+00 1.481733e+00 2.205253e+00 1.315341e+00 9.621743e-01 1.151113e+00 1.547564e+00 1.616902e+00 2.404981e+00 1.329214e+00 1.379048e+00 1.734810e+00 1.281169e+00 1.357152e+00 1.248128e+00 1.191908e+00 1.409762e+00 1.113810e+00 8.608115e-01 1.011005e+00 1.428197e+00 1.551514e+00 1.430072e+00 1.535371e+00
1.515292e+00 1.503842e+00 1.492714e+00 1.483913e+00 1.460660e+00 1.441200e+00 1.421215e+00 1.410111e+00 1.289089e+00 1.278887e+00 1.268580e+00 1.261985e+00 1.365508e+00 1.293582e+00 2.543610e+00 1.360935e+00 1.287229e+00 1.235073e+00 1.230112e+00 1.335393e+00 1.233320e+00 1.086312e+00 1.100314e+00 1.147178e+00 1.171588e+00 1.676764e+00 1.952665e+00 2.186779e+00 2.625500e+00 1.987356e+00 2.290762e+00 1.438690e+00 1.094327e+00 1.243671e+00 1.573198e+00 1.607330e+00 2.447831e+00 1.392377e+00 1.555490e+00 1.317154e+00 1.362977e+00 1.287404e+00 1.246269e+00 1.405364e+00 1.198670e+00 1.003769e+00 8.615291e-01 1.121094e+00 1.429672e+00 1.493280e+00 1.439269e+00 1.499410e+00
1.525512e+00 1.519202e+00 1.512545e+00 1.480681e+00 1.467265e+00 1.447607e+00 1.431657e+00 1.254553e+00 1.251116e+00 1.240906e+00 1.231193e+00 1.383224e+00 1.272640e+00 2.551930e+00 1.376873e+00 1.259743e+00 1.194267e+00 1.184795e+00 1.322032e+00 1.173156e+00 1.173836e+00 1.175920e+00 1.039940e+00 1.060186e+00 1.099184e+00 1.403991e+00 0.000000e+00 1.523631e+00 1.815893e+00 2.625500e+00 2.626020e+00 1.567223e+00 1.085678e+00 1.321023e+00 1.578293e+00 1.574394e+00 2.490988e+00 1.439476e+00 1.349444e+00 1.371282e+00 1.317258e+00 1.284259e+00 1.392784e+00 1.255633e+00 1.105052e+00 9.994358e-01 8.590764e-01 1.209277e+00 1.431708e+00 1.456798e+00 1.437169e+00 1.461499e+00
1.532976e+00 1.532837e+00 1.487992e+00 1.478084e+00 1.462171e+00 1.444820e+00 1.192085e+00 1.194021e+00 1.193121e+00 1.188122e+00 1.400329e+00 1.243411e+00 2.563248e+00 1.402966e+00 1.226778e+00 1.149835e+00 1.141771e+00 1.316172e+00 1.119966e+00 1.116133e+00 1.113586e+00 1.108330e+00 1.109599e+00 9.984263e-01 1.012312e+00 1.507800e+00 0.000000e+00 9.924046e-01 1.084691e+00 1.192012e+00 1.682505e+00 2.625500e+00 1.182135e+00 1.203776e+00 1.560868e+00 1.534251e+00 2.536249e+00 1.378220e+00 1.381871e+00 1.343615e+00 1.315493e+00 1.381732e+00 1.290405e+00 1.173136e+00 1.093194e+00 9.900572e-01 8.531065e-01 1.279034e+00 1.436361e+00 1.440723e+00 1.427236e+00 1.429350e+00
