tests/data/reference/test_sheet/control/cinfil_m3.asc
ncols	123
nrows	77
xllcorner	-713746.79929998
yllcorner	-1061022.36961616
cellsize	10.0
NODATA_value	-9999
[rows 23 to 45 of 77, columns 0 to 51 of 123]
-9.999000e+03 -9.999000e+03 -9.999000e+03 -9.999000e+03 -9.999000e+03 -9.999000e+03 -9.999000e+03 -9.999000e+03 -9.999000e+03 -9.999000e+03 -9.999000e+03 -9.999000e+03 -9.999000e+03 -9.999000e+03 1.004899e+00 1.396932e+00 1.682473e+00 2.247751e+00 9.819697e-01 1.184610e+00 9.250693e-01 0.000000e+00 9.887574e-01 1.506455e+00 1.436639e+00 1.689600e+00 1.705430e+00 1.687218e+00 1.287826e+00 2.211126e+00 8.535875e-01 9.896084e-01 1.095505e+00 1.391729e+00 1.715814e+00 1.458685e+00 2.061433e+00 8.363449e-01 1.606519e+00 1.434344e+00 1.433280e+00 1.424664e+00 1.418418e+00 1.407381e+00 1.407157e+00 1.392040e+00 1.400807e+00 1.437013e+00 1.327621e+00 1.145661e+00 1.056334e+00 8.148268e-01
-9.999000e+03 -9.999000e+03 -9.999000e+03 -9.999000e+03 -9.999000e+03 -9.999000e+03 -9.999000e+03 -9.999000e+03 -9.999000e+03 -9.999000e+03 -9.999000e+03 -9.999000e+03 -9.999000e+03 -9.999000e+03 1.320026e+00 2.626020e+00 2.446865e+00 1.076198e+00 9.908107e-01 9.080515e-01 0.000000e+00 0.000000e+00 8.338650e-01 9.402454e-01 1.525802e+00 1.700110e+00 1.757977e+00 1.748966e+00 1.189047e+00 8.004904e-01 2.247126e+00 9.907527e-01 1.097867e+00 1.188630e+00 1.811814e+00 1.471855e+00 2.090388e+00 8.336563e-01 1.657312e+00 1.449407e+00 1.451219e+00 1.446052e+00 1.438767e+00 1.430465e+00 1.428789e+00 1.418604e+00 1.420465e+00 1.432622e+00 1.366745e+00 1.218468e+00 8.138789e-01 1.136824e+00
-9.999000e+03 -9.999000e+03 -9.999000e+03 -9.999000e+03 -9.999000e+03 -9.999000e+03 -9.999000e+03 -9.999000e+03 -9.999000e+03 -9.999000e+03 -9.999000e+03 -9.999000e+03 -9.999000e+03 -9.999000e+03 2.626020e+00 1.211656e+00 9.530239e-01 9.565261e-01 9.628795e-01 8.998013e-01 0.000000e+00 1.131097e+00 1.265049e+00 9.800240e-01 1.007654e+00 1.548952e+00 1.857026e+00 1.798542e+00 1.252952e+00 7.955151e-01 9.321484e-01 1.896488e+00 9.988898e-01 1.197669e+00 1.274712e+00 1.904984e+00 8.428485e-01 2.091820e+00 9.717162e-01 1.731827e+00 1.465505e+00 1.462253e+00 1.456553e+00 1.450445e+00 1.447469e+00 1.439038e+00 1.435696e+00 1.435528e+00 1.395520e+00 1.275990e+00 9.398615e-01 8.041211e-01
-9.999000e+03 -9.999000e+03 -9.999000e+03 -9.999000e+03 -9.999000e+03 -9.999000e+03 -9.999000e+03 -9.999000e+03 -9.999000e+03 -9.999000e+03 -9.999000e+03 -9.999000e+03 9.163512e-01 9.710887e-01 1.605047e+00 1.117307e+00 9.500252e-01 1.126135e+00 9.246812e-01 0.000000e+00 1.482308e+00 1.417290e+00 1.215218e+00 1.314439e+00 1.089094e+00 1.097988e+00 1.949731e+00 1.857881e+00 1.316713e+00 9.410604e-01 8.005999e-01 1.042284e+00 1.957071e+00 1.118070e+00 1.149767e+00 1.337948e+00 1.978400e+00 9.763362e-01 2.038380e+00 1.080971e+00 1.809633e+00 1.475199e+00 1.472617e+00 1.468078e+00 1.462919e+00 1.453236e+00 1.445193e+00 1.439143e+00 1.414971e+00 1.321801e+00 1.036889e+00 8.001624e-01
-9.999000e+03 -9.999000e+03 -9.999000e+03 -9.999000e+03 -9.999000e+03 -9.999000e+03 -9.999000e+03 -9.999000e+03 -9.999000e+03 -9.999000e+03 -9.999000e+03 -9.999000e+03 -9.999000e+03 9.240842e-01 1.138393e+00 1.122258e+00 1.068880e+00 9.428216e-01 0.000000e+00 1.575961e+00 1.417853e+00 1.414189e+00 1.577297e+00 1.683284e+00 1.782854e+00 1.869604e+00 1.950162e+00 2.064743e+00 1.924025e+00 1.379038e+00 1.058843e+00 9.472587e-01 1.149134e+00 1.995294e+00 1.214490e+00 1.224446e+00 1.209985e+00 1.718077e+00 1.082600e+00 1.795016e+00 1.882118e+00 1.486061e+00 1.487127e+00 1.483180e+00 1.474471e+00 1.460915e+00 1.448168e+00 1.439760e+00 1.426159e+00 1.357526e+00 1.117631e+00 9.270183e-01
-9.999000e+03 -9.999000e+03 -9.999000e+03 -9.999000e+03 -9.999000e+03 -9.999000e+03 -9.999000e+03 -9.999000e+03 -9.999000e+03 -9.999000e+03 -9.999000e+03 -9.999000e+03 -9.999000e+03 -9.999000e+03 -9.999000e+03 1.009074e+00 9.957645e-01 0.000000e+00 0.000000e+00 1.221224e+00 1.326770e+00 1.455969e+00 1.563298e+00 1.648595e+00 1.713485e+00 1.755994e+00 1.782098e+00 2.068092e+00 2.247475e+00 1.960087e+00 1.433627e+00 1.172838e+00 1.086227e+00 1.255705e+00 1.935425e+00 1.273053e+00 1.281972e+00 1.279261e+00 1.807724e+00 1.051839e+00 1.959800e+00 1.492323e+00 1.493263e+00 1.488289e+00 1.477095e+00 1.461325e+00 1.446901e+00 1.439124e+00 1.432639e+00 1.385371e+00 1.187455e+00 1.028268e+00
-9.999000e+03 -9.999000e+03 -9.999000e+03 -9.999000e+03 -9.999000e+03 -9.999000e+03 -9.999000e+03 -9.999000e+03 -9.999000e+03 -9.999000e+03 -9.999000e+03 -9.999000e+03 -9.999000e+03 -9.999000e+03 -9.999000e+03 -9.999000e+03 9.493569e-01 0.000000e+00 1.161206e+00 1.265559e+00 1.383263e+00 1.484021e+00 1.554007e+00 1.588508e+00 1.588741e+00 1.552635e+00 1.501439e+00 1.473154e+00 1.468070e+00 2.343875e+00 2.431544e+00 2.518655e+00 1.283346e+00 1.202976e+00 1.333142e+00 1.638753e+00 1.535107e+00 1.609089e+00 1.345417e+00 1.886361e+00 1.139506e+00 1.698142e+00 1.487913e+00 1.481021e+00 1.469698e+00 1.455312e+00 1.443264e+00 1.438569e+00 1.436889e+00 1.406985e+00 1.249361e+00 1.116642e+00
-9.999000e+03 -9.999000e+03 -9.999000e+03 -9.999000e+03 -9.999000e+03 -9.999000e+03 -9.999000e+03 -9.999000e+03 -9.999000e+03 -9.999000e+03 -9.999000e+03 -9.999000e+03 -9.999000e+03 -9.999000e+03 -9.999000e+03 -9.999000e+03 0.000000e+00 1.507363e+00 1.349464e+00 1.346478e+00 1.370828e+00 2.180959e+00 2.263496e+00 2.326545e+00 2.380496e+00 2.427777e+00 2.478983e+00 2.540432e+00 2.595293e+00 2.626020e+00 2.626020e+00 2.626020e+00 2.626020e+00 2.626020e+00 2.626020e+00 2.626020e+00 2.626020e+00 2.626020e+00 2.626020e+00 2.626020e+00 2.626020e+00 2.626020e+00 1.793502e+00 1.298982e+00 1.283714e+00 1.462496e+00 1.450904e+00 1.446594e+00 1.445079e+00 1.427161e+00 1.308565e+00 1.200236e+00
-9.999000e+03 -9.999000e+03 -9.999000e+03 -9.999000e+03 -9.999000e+03 -9.999000e+03 -9.999000e+03 -9.999000e+03 -9.999000e+03 -9.999000e+03 -9.999000e+03 -9.999000e+03 -9.999000e+03 -9.999000e+03 -9.999000e+03 0.000000e+00 1.534052e+00 1.389841e+00 2.259023e+00 1.980286e+00 2.078850e+00 1.378986e+00 1.521129e+00 1.628124e+00 1.710571e+00 1.801508e+00 1.882132e+00 1.958611e+00 2.026758e+00 2.081863e+00 2.138934e+00 2.205447e+00 2.281562e+00 2.372990e+00 2.448741e+00 2.491800e+00 2.520831e+00 2.540986e+00 2.556640e+00 2.568666e+00 2.587674e+00 2.621229e+00 2.626020e+00 2.626020e+00 2.626020e+00 1.354357e+00 1.377087e+00 1.469789e+00 1.461503e+00 1.450405e+00 1.369292e+00 1.285132e+00
-9.999000e+03 -9.999000e+03 -9.999000e+03 -9.999000e+03 -9.999000e+03 -9.999000e+03 -9.999000e+03 -9.999000e+03 -9.999000e+03 -9.999000e+03 -9.999000e+03 -9.999000e+03 -9.999000e+03 -9.999000e+03 0.000000e+00 0.000000e+00 2.174922e+00 2.184859e+00 1.472570e+00 1.887726e+00 1.307649e+00 1.310329e+00 1.309120e+00 1.354782e+00 1.461212e+00 1.295076e+00 1.289109e+00 1.435412e+00 1.431534e+00 1.266096e+00 1.320983e+00 1.614103e+00 1.744849e+00 1.870882e+00 1.977453e+00 2.059449e+00 1.057693e+00 1.101582e+00 1.246772e+00 1.212527e+00 1.177270e+00 1.173753e+00 1.337627e+00 1.454221e+00 1.565775e+00 2.626020e+00 2.626020e+00 2.626020e+00 1.313699e+00 1.388756e+00 1.447106e+00 1.381837e+00
-9.999000e+03 -9.999000e+03 -9.999000e+03 -9.999000e+03 -9.999000e+03 -9.999000e+03 -9.999000e+03 -9.999000e+03 -9.999000e+03 -9.999000e+03 -9.999000e+03 -9.999000e+03 -9.999000e+03 -9.999000e+03 0.000000e+00 2.333936e+00 1.643230e+00 1.441492e+00 2.295954e+00 1.410313e+00 1.440040e+00 1.456865e+00 1.304845e+00 1.453244e+00 1.444449e+00 1.451970e+00 1.441883e+00 1.424691e+00 1.542314e+00 1.646607e+00 1.746264e+00 1.388502e+00 1.436776e+00 1.446438e+00 1.791839e+00 1.022316e+00 1.127207e+00 1.399031e+00 1.360733e+00 1.307022e+00 1.291189e+00 1.191326e+00 1.118736e+00 1.116765e+00 1.147034e+00 1.270824e+00 1.375426e+00 1.475557e+00 2.626020e+00 2.626020e+00 2.626020e+00 1.382876e+00
-9.999000e+03 -9.999000e+03 -9.999000e+03 -9.999000e+03 -9.999000e+03 -9.999000e+03 -9.999000e+03 -9.999000e+03 -9.999000e+03 -9.999000e+03 -9.999000e+03 -9.999000e+03 -9.999000e+03 0.000000e+00 2.123641e+00 1.668351e+00 1.448412e+00 2.393082e+00 1.344240e+00 1.391587e+00 1.433307e+00 1.448233e+00 1.454731e+00 1.442931e+00 1.456855e+00 1.445985e+00 1.436582e+00 1.418394e+00 1.406360e+00 1.384376e+00 1.329253e+00 1.395413e+00 1.412086e+00 1.702274e+00 8.644333e-01 1.003939e+00 1.366427e+00 1.318143e+00 1.257965e+00 1.244288e+00 1.351226e+00 1.218105e+00 1.208437e+00 1.061339e+00 1.060794e+00 1.006205e+00 1.030288e+00 1.033170e+00 1.047096e+00 1.209478e+00 1.369534e+00 2.626020e+00
-9.999000e+03 -9.999000e+03 -9.999000e+03 -9.999000e+03 -9.999000e+03 -9.999000e+03 -9.999000e+03 -9.999000e+03 -9.999000e+03 -9.999000e+03 -9.999000e+03 -9.999000e+03 0.000000e+00 0.000000e+00 1.667246e+00 1.511356e+00 2.418833e+00 1.275006e+00 1.331804e+00 1.391769e+00 1.418501e+00 1.437784e+00 1.428229e+00 1.472798e+00 1.449524e+00 1.444161e+00 1.433564e+00 1.418010e+00 1.367871e+00 1.275572e+00 1.363086e+00 1.395753e+00 1.614443e+00 1.111801e+00 8.607883e-01 1.337950e+00 1.266606e+00 1.193885e+00 1.182656e+00 1.339113e+00 1.158403e+00 1.149057e+00 1.143660e+00 1.142934e+00 1.056687e+00 9.421590e-01 9.385697e-01 9.353145e-01 9.605323e-01 9.797550e-01 1.304379e+00 1.397373e+00
-9.999000e+03 -9.999000e+03 -9.999000e+03 -9.999000e+03 -9.999000e+03 -9.999000e+03 -9.999000e+03 -9.999000e+03 -9.999000e+03 -9.999000e+03 -9.999000e+03 -9.999000e+03 0.000000e+00 1.702273e+00 1.614358e+00 2.417785e+00 1.191689e+00 1.265355e+00 1.350226e+00 1.384341e+00 1.405761e+00 1.384402e+00 1.487676e+00 1.443653e+00 1.444539e+00 1.442197e+00 1.436283e+00 1.352263e+00 1.221354e+00 1.340943e+00 1.397268e+00 1.530884e+00 8.573704e-01 1.003578e+00 1.308340e+00 1.207497e+00 1.120397e+00 1.114625e+00 1.327996e+00 1.095097e+00 1.083616e+00 1.072326e+00 1.067127e+00 9.612667e-01 9.593390e-01 9.546775e-01 9.499876e-01 8.545725e-01 8.572248e-01 1.227641e+00 9.905228e-01 1.006997e+00
-9.999000e+03 -9.999000e+03 -9.999000e+03 -9.999000e+03 -9.999000e+03 -9.999000e+03 -9.999000e+03 -9.999000e+03 -9.999000e+03 -9.999000e+03 -9.999000e+03 0.000000e+00 1.958925e+00 1.708836e+00 2.417120e+00 1.082274e+00 1.186720e+00 1.311294e+00 1.361096e+00 1.383197e+00 1.323033e+00 1.526040e+00 1.422226e+00 1.431353e+00 1.438528e+00 1.442421e+00 1.323192e+00 1.153706e+00 1.310204e+00 1.401336e+00 1.306499e+00 1.413490e+00 8.736041e-01 1.276614e+00 1.130471e+00 1.024730e+00 1.024506e+00 1.305680e+00 1.018021e+00 1.010995e+00 9.974638e-01 9.790475e-01 8.305994e-01 8.320413e-01 8.303543e-01 8.258508e-01 8.223347e-01 8.195600e-01 1.380222e+00 8.787781e-01 8.847495e-01 8.878751e-01
-9.999000e+03 -9.999000e+03 -9.999000e+03 -9.999000e+03 -9.999000e+03 -9.999000e+03 -9.999000e+03 -9.999000e+03 -9.999000e+03 -9.999000e+03 0.000000e+00 0.000000e+00 1.756340e+00 2.421175e+00 9.524969e-01 1.095088e+00 1.276190e+00 1.352166e+00 1.381364e+00 1.258229e+00 1.598613e+00 1.404515e+00 1.415656e+00 1.428633e+00 1.440330e+00 1.263500e+00 1.052807e+00 1.255800e+00 1.382508e+00 1.264244e+00 1.262552e+00 1.256566e+00 1.247249e+00 1.032643e+00 8.799192e-01 8.907218e-01 1.257321e+00 8.970386e-01 8.956807e-01 8.918762e-01 8.741332e-01 8.471430e-01 9.765460e-01 1.084455e+00 1.171893e+00 1.241576e+00 1.299074e+00 1.346486e+00 8.297194e-01 8.374374e-01 8.376488e-01 7.672337e-01
-9.999000e+03 -9.999000e+03 -9.999000e+03 -9.999000e+03 -9.999000e+03 -9.999000e+03 -9.999000e+03 -9.999000e+03 -9.999000e+03 -9.999000e+03 0.000000e+00 1.805907e+00 2.395360e+00 1.147675e+00 9.790239e-01 1.241424e+00 1.355564e+00 1.404021e+00 1.184707e+00 1.664558e+00 1.398294e+00 1.405507e+00 1.419131e+00 1.434345e+00 1.183434e+00 9.059160e-01 1.174581e+00 1.339745e+00 1.183615e+00 1.196561e+00 1.199211e+00 1.196659e+00 9.155216e-01 8.910335e-01 1.035668e+00 1.165635e+00 9.098776e-01 1.071166e+00 1.185069e+00 1.263099e+00 8.775966e-01 8.493913e-01 9.804104e-01 1.091026e+00 1.181571e+00 1.253939e+00 1.311329e+00 1.355989e+00 1.394145e+00 1.429673e+00 1.454173e+00 1.463608e+00
-9.999000e+03 -9.999000e+03 -9.999000e+03 -9.999000e+03 -9.999000e+03 -9.999000e+03 -9.999000e+03 -9.999000e+03 -9.999000e+03 0.000000e+00 2.030686e+00 2.360771e+00 1.285146e+00 9.882246e-01 1.159475e+00 1.342900e+00 1.438142e+00 1.098022e+00 1.696693e+00 1.415129e+00 1.409540e+00 1.415357e+00 1.427515e+00 1.068585e+00 9.110506e-01 1.065977e+00 1.276702e+00 1.071865e+00 1.082667e+00 1.101753e+00 1.105116e+00 9.328318e-01 1.071686e+00 1.158287e+00 1.233440e+00 1.308827e+00 1.374455e+00 1.427238e+00 8.972194e-01 8.795874e-01 1.285663e+00 9.892090e-01 1.089898e+00 1.183954e+00 1.264108e+00 1.328318e+00 1.374861e+00 1.404206e+00 1.424566e+00 1.440612e+00 1.452921e+00 1.462580e+00
-9.999000e+03 -9.999000e+03 -9.999000e+03 -9.999000e+03 -9.999000e+03 -9.999000e+03 -9.999000e+03 -9.999000e+03 -9.999000e+03 0.000000e+00 2.250815e+00 1.437636e+00 1.170873e+00 9.949509e-01 1.272463e+00 1.445997e+00 9.683442e-01 1.696570e+00 1.452061e+00 1.436768e+00 1.428846e+00 1.428349e+00 9.160919e-01 9.092301e-01 1.064626e+00 1.188972e+00 9.199893e-01 9.231740e-01 9.341010e-01 9.557039e-01 9.543409e-01 1.085016e+00 1.171906e+00 1.234806e+00 1.289425e+00 1.341151e+00 1.387302e+00 8.904229e-01 1.439205e+00 1.012776e+00 9.980500e-01 1.305941e+00 1.333519e+00 1.369340e+00 1.403944e+00 1.430535e+00 1.447685e+00 1.454652e+00 1.456028e+00 1.454992e+00 3.158312e+00 3.173799e+00
-9.999000e+03 -9.999000e+03 -9.999000e+03 -9.999000e+03 -9.999000e+03 -9.999000e+03 -9.999000e+03 -9.999000e+03 0.000000e+00 1.978222e+00 2.179186e+00 1.355744e+00 1.000704e+00 1.163388e+00 1.412984e+00 1.451723e+00 1.642957e+00 1.491131e+00 1.478729e+00 1.462217e+00 1.438877e+00 1.077788e+00 1.186257e+00 1.265069e+00 1.332731e+00 2.037957e+00 2.121653e+00 2.199152e+00 2.282803e+00 2.379644e+00 2.449153e+00 2.478861e+00 2.492933e+00 2.485008e+00 2.380995e+00 1.553827e+00 1.418238e+00 1.557575e+00 1.631838e+00 1.710148e+00 1.775364e+00 1.836901e+00 1.897187e+00 1.957981e+00 2.010544e+00 2.050809e+00 2.086067e+00 2.116721e+00 2.132896e+00 3.150608e+00 1.522153e+00 1.516241e+00
-9.999000e+03 -9.999000e+03 -9.999000e+03 -9.999000e+03 -9.999000e+03 -9.999000e+03 -9.999000e+03 0.000000e+00 0.000000e+00 2.146886e+00 1.133098e+00 1.257842e+00 9.940533e-01 1.360462e+00 1.414329e+00 1.478610e+00 1.493075e+00 1.504171e+00 1.507402e+00 1.458004e+00 9.259479e-01 9.204543e-01 1.070554e+00 1.878118e+00 1.951281e+00 1.343075e+00 1.186158e+00 1.281081e+00 1.361107e+00 1.433046e+00 1.466886e+00 1.458872e+00 1.436457e+00 1.414628e+00 1.405543e+00 1.412421e+00 1.429979e+00 1.453192e+00 1.466183e+00 1.463330e+00 1.458299e+00 1.458331e+00 1.461756e+00 1.467899e+00 1.471826e+00 1.470070e+00 1.470670e+00 1.477970e+00 3.138513e+00 1.534285e+00 1.529991e+00 1.523723e+00
-9.999000e+03 -9.999000e+03 -9.999000e+03 -9.999000e+03 -9.999000e+03 -9.999000e+03 -9.999000e+03 0.000000e+00 1.033060e+00 2.114446e+00 9.719842e-01 1.137800e+00 1.264074e+00 1.353574e+00 1.451269e+00 1.474360e+00 1.488689e+00 1.533509e+00 1.468044e+00 1.446432e+00 1.578331e+00 1.693760e+00 1.798461e+00 1.274688e+00 1.271963e+00 1.059380e+00 9.058599e-01 1.062125e+00 1.184666e+00 1.289771e+00 1.358217e+00 1.388636e+00 1.403495e+00 1.411775e+00 1.419999e+00 1.432463e+00 2.706387e+00 2.753840e+00 2.795772e+00 2.829509e+00 2.863567e+00 2.901330e+00 2.937167e+00 2.969341e+00 3.001560e+00 3.034281e+00 3.069505e+00 3.108530e+00 1.526490e+00 1.533140e+00 1.533380e+00 1.530217e+00
-9.999000e+03 -9.999000e+03 -9.999000e+03 -9.999000e+03 -9.999000e+03 -9.999000e+03 -9.999000e+03 9.787620e-01 2.081698e+00 1.375246e+00 9.898809e-01 1.143527e+00 1.255953e+00 1.398327e+00 1.434602e+00 1.462110e+00 1.563923e+00 1.440571e+00 1.449735e+00 1.434383e+00 1.418289e+00 1.412462e+00 1.180128e+00 1.186909e+00 9.122801e-01 9.029395e-01 1.054094e+00 1.173368e+00 1.269273e+00 1.347393e+00 1.400568e+00 1.427316e+00 1.440268e+00 2.568632e+00 2.614881e+00 2.658675e+00 1.485371e+00 1.471185e+00 1.458044e+00 1.446372e+00 1.440768e+00 1.443104e+00 1.446845e+00 1.571175e+00 1.679997e+00 1.783193e+00 1.479449e+00 1.493214e+00 1.508336e+00 1.525128e+00 1.534794e+00 1.534755e+00
