tests/data/reference/test_sheet/control/cinfil_m3.asc
ncols	123
nrows	77
xllcorner	-713746.79929998
yllcorner	-1061022.36961616
cellsize	10.0
NODATA_value	-9999
[rows 23 to 45 of 77, columns 0 to 51 of 123]
-9.999000e+03 -9.999000e+03 -9.999000e+03 -9.999000e+03 -9.999000e+03 -9.999000e+03 -9.999000e+03 -9.999000e+03 -9.999000e+03 -9.999000e+03 -9.999000e+03 -9.999000e+03 -9.999000e+03 -9.999000e+03 1.004902e+00 1.396948e+00 1.682483e+00 2.247756e+00 9.819710e-01 1.184622e+00 9.250693e-01 0.000000e+00 9.887587e-01 1.506502e+00 1.436693e+00 1.689557e+00 1.705448e+00 1.687254e+00 1.287858e+00 2.211166e+00 8.535875e-01 9.896084e-01 1.095505e+00 1.391743e+00 1.715853e+00 1.458693e+00 2.061424e+00 8.363449e-01 1.606536e+00 1.434351e+00 1.433288e+00 1.424673e+00 1.418427e+00 1.407391e+00 1.407166e+00 1.392054e+00 1.400816e+00 1.437012e+00 1.327648e+00 1.145661e+00 1.056334e+00 8.148268e-01
-9.999000e+03 -9.999000e+03 -9.999000e+03 -9.999000e+03 -9.999000e+03 -9.999000e+03 -9.999000e+03 -9.999000e+03 -9.999000e+03 -9.999000e+03 -9.999000e+03 -9.999000e+03 -9.999000e+03 -9.999000e+03 2.626020e+00 2.626020e+00 2.446869e+00 1.076218e+00 9.908128e-01 9.080515e-01 0.000000e+00 0.000000e+00 8.338650e-01 9.402440e-01 1.525840e+00 1.700096e+00 1.757995e+00 1.748996e+00 1.189077e+00 8.004904e-01 2.247150e+00 9.907527e-01 1.097867e+00 1.188639e+00 1.811853e+00 1.471860e+00 2.090351e+00 8.336563e-01 1.657330e+00 1.449412e+00 1.451225e+00 1.446059e+00 1.438775e+00 1.430474e+00 1.428797e+00 1.418614e+00 1.420473e+00 1.432627e+00 1.366766e+00 1.218494e+00 8.138789e-01 1.136824e+00
-9.999000e+03 -9.999000e+03 -9.999000e+03 -9.999000e+03 -9.999000e+03 -9.999000e+03 -9.999000e+03 -9.999000e+03 -9.999000e+03 -9.999000e+03 -9.999000e+03 -9.999000e+03 -9.999000e+03 -9.999000e+03 1.205101e+00 1.211684e+00 9.530239e-01 9.565261e-01 9.628795e-01 8.998013e-01 0.000000e+00 1.131117e+00 1.265106e+00 9.800264e-01 1.007664e+00 1.548985e+00 1.857037e+00 1.798563e+00 1.252974e+00 7.955151e-01 9.321484e-01 1.896485e+00 9.988969e-01 1.197679e+00 1.274753e+00 1.905020e+00 8.428485e-01 2.091740e+00 9.717162e-01 1.731845e+00 1.465509e+00 1.462258e+00 1.456560e+00 1.450452e+00 1.447476e+00 1.439045e+00 1.435703e+00 1.435535e+00 1.395535e+00 1.276028e+00 9.398615e-01 8.041211e-01
-9.999000e+03 -9.999000e+03 -9.999000e+03 -9.999000e+03 -9.999000e+03 -9.999000e+03 -9.999000e+03 -9.999000e+03 -9.999000e+03 -9.999000e+03 -9.999000e+03 -9.999000e+03 9.163512e-01 9.710889e-01 1.605079e+00 1.117333e+00 9.500252e-01 1.126147e+00 9.246812e-01 0.000000e+00 1.482352e+00 1.417336e+00 1.215253e+00 1.314482e+00 1.089129e+00 1.098020e+00 1.949744e+00 1.857887e+00 1.316729e+00 9.410604e-01 8.005999e-01 1.042311e+00 1.957037e+00 1.118114e+00 1.149820e+00 1.337979e+00 1.978434e+00 9.763362e-01 2.038225e+00 1.080971e+00 1.809649e+00 1.475201e+00 1.472621e+00 1.468083e+00 1.462924e+00 1.453240e+00 1.445198e+00 1.439148e+00 1.414980e+00 1.321830e+00 1.036889e+00 8.001624e-01
-9.999000e+03 -9.999000e+03 -9.999000e+03 -9.999000e+03 -9.999000e+03 -9.999000e+03 -9.999000e+03 -9.999000e+03 -9.999000e+03 -9.999000e+03 -9.999000e+03 -9.999000e+03 -9.999000e+03 9.240842e-01 1.138415e+00 1.122273e+00 1.068890e+00 9.428216e-01 0.000000e+00 1.575996e+00 1.417880e+00 1.414204e+00 1.577324e+00 1.683312e+00 1.782884e+00 1.869635e+00 1.950194e+00 2.064757e+00 1.924007e+00 1.379048e+00 1.058874e+00 9.472587e-01 1.149170e+00 1.995206e+00 1.214524e+00 1.224481e+00 1.210011e+00 1.718101e+00 1.082600e+00 1.794858e+00 1.882135e+00 1.486062e+00 1.487129e+00 1.483183e+00 1.474474e+00 1.460918e+00 1.448171e+00 1.439763e+00 1.426164e+00 1.357548e+00 1.117631e+00 9.270183e-01
-9.999000e+03 -9.999000e+03 -9.999000e+03 -9.999000e+03 -9.999000e+03 -9.999000e+03 -9.999000e+03 -9.999000e+03 -9.999000e+03 -9.999000e+03 -9.999000e+03 -9.999000e+03 -9.999000e+03 -9.999000e+03 -9.999000e+03 1.009078e+00 9.957651e-01 0.000000e+00 0.000000e+00 1.221269e+00 1.326815e+00 1.456013e+00 1.563336e+00 1.648623e+00 1.713500e+00 1.755992e+00 1.782074e+00 2.068111e+00 2.247491e+00 1.960039e+00 1.433633e+00 1.172873e+00 1.086263e+00 1.255735e+00 1.935235e+00 1.273078e+00 1.281996e+00 1.279280e+00 1.807746e+00 1.051872e+00 1.959820e+00 1.492323e+00 1.493263e+00 1.488289e+00 1.477095e+00 1.461325e+00 1.446902e+00 1.439126e+00 1.432642e+00 1.385387e+00 1.187465e+00 1.028268e+00
-9.999000e+03 -9.999000e+03 -9.999000e+03 -9.999000e+03 -9.999000e+03 -9.999000e+03 -9.999000e+03 -9.999000e+03 -9.999000e+03 -9.999000e+03 -9.999000e+03 -9.999000e+03 -9.999000e+03 -9.999000e+03 -9.999000e+03 -9.999000e+03 9.493569e-01 0.000000e+00 1.161241e+00 1.265595e+00 1.383295e+00 1.484044e+00 1.554019e+00 1.588505e+00 1.588725e+00 1.552613e+00 1.501426e+00 1.473156e+00 1.468078e+00 2.343891e+00 2.431556e+00 2.518665e+00 1.283373e+00 1.203009e+00 1.333164e+00 1.638622e+00 1.535137e+00 1.609107e+00 1.345430e+00 1.886383e+00 1.139544e+00 1.698159e+00 1.487911e+00 1.481019e+00 1.469696e+00 1.455311e+00 1.443264e+00 1.438570e+00 1.436890e+00 1.406995e+00 1.249402e+00 1.116642e+00
-9.999000e+03 -9.999000e+03 -9.999000e+03 -9.999000e+03 -9.999000e+03 -9.999000e+03 -9.999000e+03 -9.999000e+03 -9.999000e+03 -9.999000e+03 -9.999000e+03 -9.999000e+03 -9.999000e+03 -9.999000e+03 -9.999000e+03 -9.999000e+03 0.000000e+00 1.507396e+00 1.349487e+00 1.346492e+00 1.370836e+00 2.180985e+00 2.263520e+00 2.326567e+00 2.380516e+00 2.427795e+00 2.478998e+00 2.540443e+00 2.595301e+00 2.626020e+00 2.626020e+00 2.626020e+00 2.626020e+00 2.626020e+00 2.626020e+00 2.626020e+00 2.626020e+00 2.626020e+00 2.626020e+00 2.626020e+00 2.626020e+00 2.626020e+00 1.793521e+00 1.298984e+00 1.283716e+00 1.462496e+00 1.450905e+00 1.446596e+00 1.445081e+00 1.427168e+00 1.308602e+00 1.200249e+00
-9.999000e+03 -9.999000e+03 -9.999000e+03 -9.999000e+03 -9.999000e+03 -9.999000e+03 -9.999000e+03 -9.999000e+03 -9.999000e+03 -9.999000e+03 -9.999000e+03 -9.999000e+03 -9.999000e+03 -9.999000e+03 -9.999000e+03 0.000000e+00 1.534089e+00 1.389859e+00 2.259071e+00 1.980317e+00 2.078878e+00 1.378993e+00 1.521135e+00 1.628130e+00 1.710574e+00 1.801511e+00 1.882134e+00 1.958611e+00 2.026757e+00 2.081861e+00 2.138930e+00 2.205441e+00 2.281553e+00 2.372977e+00 2.448722e+00 2.491774e+00 2.520799e+00 2.540948e+00 2.556598e+00 2.568619e+00 2.587624e+00 2.621176e+00 2.626020e+00 2.626020e+00 2.626020e+00 1.354362e+00 1.377094e+00 1.469793e+00 1.461506e+00 1.450410e+00 1.369322e+00 1.285184e+00
-9.999000e+03 -9.999000e+03 -9.999000e+03 -9.999000e+03 -9.999000e+03 -9.999000e+03 -9.999000e+03 -9.999000e+03 -9.999000e+03 -9.999000e+03 -9.999000e+03 -9.999000e+03 -9.999000e+03 -9.999000e+03 0.000000e+00 0.000000e+00 2.174988e+00 2.184916e+00 1.472576e+00 1.887635e+00 1.307662e+00 1.310338e+00 1.309126e+00 1.354788e+00 1.461218e+00 1.295082e+00 1.289115e+00 1.435413e+00 1.431535e+00 1.266103e+00 1.320992e+00 1.614117e+00 1.744864e+00 1.870897e+00 1.977467e+00 2.059462e+00 1.057719e+00 1.101625e+00 1.246785e+00 1.212545e+00 1.177297e+00 1.173783e+00 1.337651e+00 1.454250e+00 1.565806e+00 2.626020e+00 2.626020e+00 2.626020e+00 1.313707e+00 1.388765e+00 1.447131e+00 1.381878e+00
-9.999000e+03 -9.999000e+03 -9.999000e+03 -9.999000e+03 -9.999000e+03 -9.999000e+03 -9.999000e+03 -9.999000e+03 -9.999000e+03 -9.999000e+03 -9.999000e+03 -9.999000e+03 -9.999000e+03 -9.999000e+03 0.000000e+00 2.334003e+00 1.643215e+00 1.441498e+00 2.295836e+00 1.410330e+00 1.440051e+00 1.456871e+00 1.304853e+00 1.453246e+00 1.444450e+00 1.451971e+00 1.441883e+00 1.424692e+00 1.542322e+00 1.646621e+00 1.746281e+00 1.388521e+00 1.436785e+00 1.446446e+00 1.791874e+00 1.022316e+00 1.127207e+00 1.399043e+00 1.360752e+00 1.307048e+00 1.291216e+00 1.191340e+00 1.118781e+00 1.116815e+00 1.147073e+00 1.270870e+00 1.375476e+00 1.475607e+00 2.626020e+00 2.626020e+00 2.626020e+00 1.382893e+00
-9.999000e+03 -9.999000e+03 -9.999000e+03 -9.999000e+03 -9.999000e+03 -9.999000e+03 -9.999000e+03 -9.999000e+03 -9.999000e+03 -9.999000e+03 -9.999000e+03 -9.999000e+03 -9.999000e+03 0.000000e+00 2.123719e+00 1.668354e+00 1.448413e+00 2.393023e+00 1.344263e+00 1.391605e+00 1.433316e+00 1.448241e+00 1.454736e+00 1.442937e+00 1.456857e+00 1.445986e+00 1.436583e+00 1.418394e+00 1.406361e+00 1.384383e+00 1.329276e+00 1.395423e+00 1.412091e+00 1.702309e+00 8.644333e-01 1.003939e+00 1.366440e+00 1.318168e+00 1.257998e+00 1.244321e+00 1.351233e+00 1.218130e+00 1.208456e+00 1.061382e+00 1.060838e+00 1.006218e+00 1.030316e+00 1.033199e+00 1.047130e+00 1.209543e+00 1.369597e+00 2.626020e+00
-9.999000e+03 -9.999000e+03 -9.999000e+03 -9.999000e+03 -9.999000e+03 -9.999000e+03 -9.999000e+03 -9.999000e+03 -9.999000e+03 -9.999000e+03 -9.999000e+03 -9.999000e+03 0.000000e+00 0.000000e+00 1.667270e+00 1.511341e+00 2.418804e+00 1.275036e+00 1.331828e+00 1.391781e+00 1.418510e+00 1.437792e+00 1.428241e+00 1.472802e+00 1.449527e+00 1.444164e+00 1.433565e+00 1.418011e+00 1.367881e+00 1.275600e+00 1.363097e+00 1.395754e+00 1.614480e+00 1.111801e+00 8.607883e-01 1.337964e+00 1.266639e+00 1.193895e+00 1.182662e+00 1.339122e+00 1.158403e+00 1.149057e+00 1.143660e+00 1.142934e+00 1.056687e+00 9.421590e-01 9.385697e-01 9.353145e-01 9.605323e-01 9.797584e-01 1.304393e+00 1.397396e+00
-9.999000e+03 -9.999000e+03 -9.999000e+03 -9.999000e+03 -9.999000e+03 -9.999000e+03 -9.999000e+03 -9.999000e+03 -9.999000e+03 -9.999000e+03 -9.999000e+03 -9.999000e+03 0.000000e+00 1.702316e+00 1.614337e+00 2.417771e+00 1.191696e+00 1.265384e+00 1.350239e+00 1.384349e+00 1.405769e+00 1.384420e+00 1.487677e+00 1.443659e+00 1.444543e+00 1.442200e+00 1.436285e+00 1.352278e+00 1.221375e+00 1.340959e+00 1.397271e+00 1.530926e+00 8.573704e-01 1.003578e+00 1.308355e+00 1.207511e+00 1.120397e+00 1.114625e+00 1.328011e+00 1.095097e+00 1.083616e+00 1.072326e+00 1.067127e+00 9.612667e-01 9.593390e-01 9.546775e-01 9.499876e-01 8.545725e-01 8.572248e-01 1.227657e+00 9.905284e-01 1.007008e+00
-9.999000e+03 -9.999000e+03 -9.999000e+03 -9.999000e+03 -9.999000e+03 -9.999000e+03 -9.999000e+03 -9.999000e+03 -9.999000e+03 -9.999000e+03 -9.999000e+03 0.000000e+00 1.958982e+00 1.708832e+00 2.417114e+00 1.082274e+00 1.186725e+00 1.311308e+00 1.361101e+00 1.383202e+00 1.323057e+00 1.526028e+00 1.422233e+00 1.431358e+00 1.438532e+00 1.442423e+00 1.323216e+00 1.153706e+00 1.310228e+00 1.401345e+00 1.306520e+00 1.413536e+00 8.736041e-01 1.276631e+00 1.130471e+00 1.024730e+00 1.024506e+00 1.305705e+00 1.018021e+00 1.010995e+00 9.974638e-01 9.790475e-01 8.305994e-01 8.320413e-01 8.303543e-01 8.258508e-01 8.223347e-01 8.195600e-01 1.380240e+00 8.787781e-01 8.847495e-01 8.878751e-01
-9.999000e+03 -9.999000e+03 -9.999000e+03 -9.999000e+03 -9.999000e+03 -9.999000e+03 -9.999000e+03 -9.999000e+03 -9.999000e+03 -9.999000e+03 0.000000e+00 0.000000e+00 1.756359e+00 2.421172e+00 9.524969e-01 1.095088e+00 1.276205e+00 1.352171e+00 1.381364e+00 1.258257e+00 1.598588e+00 1.404520e+00 1.415661e+00 1.428638e+00 1.440334e+00 1.263531e+00 1.052807e+00 1.255830e+00 1.382524e+00 1.264275e+00 1.262580e+00 1.256591e+00 1.247272e+00 1.032643e+00 8.799192e-01 8.907218e-01 1.257354e+00 8.970386e-01 8.956807e-01 8.918762e-01 8.741332e-01 8.471430e-01 9.765460e-01 1.084455e+00 1.171896e+00 1.241611e+00 1.299107e+00 1.346511e+00 8.297194e-01 8.374374e-01 8.376488e-01 7.672337e-01
-9.999000e+03 -9.999000e+03 -9.999000e+03 -9.999000e+03 -9.999000e+03 -9.999000e+03 -9.999000e+03 -9.999000e+03 -9.999000e+03 -9.999000e+03 0.000000e+00 1.805946e+00 2.395355e+00 1.147675e+00 9.790239e-01 1.241445e+00 1.355574e+00 1.404020e+00 1.184712e+00 1.664537e+00 1.398295e+00 1.405510e+00 1.419136e+00 1.434349e+00 1.183439e+00 9.059160e-01 1.174584e+00 1.339769e+00 1.183619e+00 1.196569e+00 1.199218e+00 1.196666e+00 9.155216e-01 8.910335e-01 1.035668e+00 1.165636e+00 9.098776e-01 1.071166e+00 1.185074e+00 1.263130e+00 8.775966e-01 8.493913e-01 9.804104e-01 1.091026e+00 1.181576e+00 1.253977e+00 1.311361e+00 1.356013e+00 1.394161e+00 1.429684e+00 1.454179e+00 1.463611e+00
-9.999000e+03 -9.999000e+03 -9.999000e+03 -9.999000e+03 -9.999000e+03 -9.999000e+03 -9.999000e+03 -9.999000e+03 -9.999000e+03 0.000000e+00 2.030738e+00 2.360763e+00 1.285172e+00 9.882246e-01 1.159475e+00 1.342919e+00 1.438143e+00 1.098022e+00 1.696685e+00 1.415127e+00 1.409540e+00 1.415359e+00 1.427518e+00 1.068585e+00 9.110506e-01 1.065977e+00 1.276735e+00 1.071865e+00 1.082667e+00 1.101753e+00 1.105116e+00 9.328318e-01 1.071686e+00 1.158287e+00 1.233465e+00 1.308857e+00 1.374477e+00 1.427254e+00 8.972194e-01 8.795874e-01 1.285680e+00 9.892090e-01 1.089898e+00 1.183960e+00 1.264148e+00 1.328350e+00 1.374884e+00 1.404220e+00 1.424574e+00 1.440615e+00 1.452923e+00 1.462582e+00
-9.999000e+03 -9.999000e+03 -9.999000e+03 -9.999000e+03 -9.999000e+03 -9.999000e+03 -9.999000e+03 -9.999000e+03 -9.999000e+03 0.000000e+00 2.250802e+00 1.437650e+00 1.170875e+00 9.949509e-01 1.272489e+00 1.446003e+00 9.683442e-01 1.696572e+00 1.452058e+00 1.436765e+00 1.428844e+00 1.428350e+00 9.160919e-01 9.092301e-01 1.064626e+00 1.188978e+00 9.199893e-01 9.231740e-01 9.341010e-01 9.557039e-01 9.543409e-01 1.085016e+00 1.171909e+00 1.234829e+00 1.289449e+00 1.341172e+00 1.387318e+00 8.904229e-01 1.439212e+00 1.012776e+00 9.980500e-01 1.305954e+00 1.333531e+00 1.369353e+00 1.403957e+00 1.430545e+00 1.447692e+00 1.454655e+00 1.456028e+00 1.454991e+00 3.158218e+00 3.173700e+00
-9.999000e+03 -9.999000e+03 -9.999000e+03 -9.999000e+03 -9.999000e+03 -9.999000e+03 -9.999000e+03 -9.999000e+03 0.000000e+00 1.978278e+00 2.179165e+00 1.355768e+00 1.000704e+00 1.163388e+00 1.412996e+00 1.451730e+00 1.642963e+00 1.491129e+00 1.478726e+00 1.462215e+00 1.438875e+00 1.077788e+00 1.186262e+00 1.265099e+00 1.332756e+00 2.037973e+00 2.121670e+00 2.199167e+00 2.282815e+00 2.379650e+00 2.449150e+00 2.478845e+00 2.492896e+00 2.484932e+00 2.380791e+00 1.553660e+00 1.418250e+00 1.557594e+00 1.631857e+00 1.710165e+00 1.775381e+00 1.836919e+00 1.897205e+00 1.957998e+00 2.010559e+00 2.050819e+00 2.086069e+00 2.116706e+00 2.132852e+00 3.150521e+00 1.522148e+00 1.516235e+00
-9.999000e+03 -9.999000e+03 -9.999000e+03 -9.999000e+03 -9.999000e+03 -9.999000e+03 -9.999000e+03 0.000000e+00 0.000000e+00 2.146872e+00 1.133098e+00 1.257866e+00 9.940533e-01 1.360484e+00 1.414343e+00 1.478613e+00 1.493076e+00 1.504171e+00 1.507401e+00 1.458003e+00 9.259479e-01 9.204543e-01 1.070554e+00 1.878131e+00 1.951296e+00 1.343100e+00 1.186163e+00 1.281115e+00 1.361133e+00 1.433063e+00 1.466894e+00 1.458872e+00 1.436454e+00 1.414626e+00 1.405544e+00 1.412426e+00 1.429986e+00 1.453199e+00 1.466187e+00 1.463331e+00 1.458298e+00 1.458330e+00 1.461757e+00 1.467901e+00 1.471829e+00 1.470071e+00 1.470670e+00 1.477970e+00 3.138433e+00 1.534286e+00 1.529990e+00 1.523720e+00
-9.999000e+03 -9.999000e+03 -9.999000e+03 -9.999000e+03 -9.999000e+03 -9.999000e+03 -9.999000e+03 0.000000e+00 1.033060e+00 2.114438e+00 9.719842e-01 1.137800e+00 1.264099e+00 1.353599e+00 1.451279e+00 1.474366e+00 1.488693e+00 1.533509e+00 1.468048e+00 1.446433e+00 1.578337e+00 1.693770e+00 1.798473e+00 1.274722e+00 1.271995e+00 1.059380e+00 9.058599e-01 1.062125e+00 1.184671e+00 1.289807e+00 1.358242e+00 1.388650e+00 1.403501e+00 1.411778e+00 1.420002e+00 1.432468e+00 2.706377e+00 2.753825e+00 2.795753e+00 2.829486e+00 2.863539e+00 2.901297e+00 2.937128e+00 2.969296e+00 3.001508e+00 3.034223e+00 3.069439e+00 3.108457e+00 1.526495e+00 1.533144e+00 1.533382e+00 1.530217e+00
-9.999000e+03 -9.999000e+03 -9.999000e+03 -9.999000e+03 -9.999000e+03 -9.999000e+03 -9.999000e+03 9.787620e-01 2.081697e+00 1.375269e+00 9.898809e-01 1.143527e+00 1.255977e+00 1.398345e+00 1.434615e+00 1.462117e+00 1.563916e+00 1.440581e+00 1.449739e+00 1.434383e+00 1.418287e+00 1.412462e+00 1.180131e+00 1.186914e+00 9.122801e-01 9.029395e-01 1.054094e+00 1.173371e+00 1.269307e+00 1.347421e+00 1.400586e+00 1.427325e+00 1.440272e+00 2.568631e+00 2.614877e+00 2.658668e+00 1.485367e+00 1.471182e+00 1.458042e+00 1.446371e+00 1.440769e+00 1.443106e+00 1.446848e+00 1.571186e+00 1.680011e+00 1.783209e+00 1.479456e+00 1.493220e+00 1.508342e+00 1.525133e+00 1.534798e+00 1.534757e+00
