tests/data/reference/test_sheet/control/cinfil_m3.asc
ncols	123
nrows	77
xllcorner	-713746.79929998
yllcorner	-1061022.36961616
cellsize	10.0
NODATA_value	-9999
[rows 46 to 68 of 77, columns 52 to 103 of 123]
1.534625e+00 1.478496e+00 1.478747e+00 1.465885e+00 1.448275e+00 1.115357e+00 1.115057e+00 1.112936e+00 1.112359e+00 1.402216e+00 1.195899e+00 2.567702e+00 1.430119e+00 1.177462e+00 1.086458e+00 1.084069e+00 1.304622e+00 1.059631e+00 1.048631e+00 1.045167e+00 1.039483e+00 1.029469e+00 1.026948e+00 1.037413e+00 1.403527e+00 8.490199e-01 8.510241e-01 7.585652e-01 8.952436e-01 1.001047e+00 1.103232e+00 1.563999e+00 2.625500e+00 1.290526e+00 1.343988e+00 1.515210e+00 2.586778e+00 1.401613e+00 1.368377e+00 1.343799e+00 1.378999e+00 1.319788e+00 1.225877e+00 1.162624e+00 1.081913e+00 9.795690e-01 8.444729e-01 1.328971e+00 1.438087e+00 1.434209e+00 1.418530e+00 1.410490e+00
1.431413e+00 1.450231e+00 1.454950e+00 1.438988e+00 1.016909e+00 1.017811e+00 1.015639e+00 1.009794e+00 1.382740e+00 1.119034e+00 2.562561e+00 1.457652e+00 1.101803e+00 9.933289e-01 9.946231e-01 1.273366e+00 9.866549e-01 9.686107e-01 9.578679e-01 9.545394e-01 9.472290e-01 9.355129e-01 9.294530e-01 1.389172e+00 8.061293e-01 1.169578e+00 1.129636e+00 9.898224e-01 9.853248e-01 1.036822e+00 1.105149e+00 1.181261e+00 1.595694e+00 2.625500e+00 1.426418e+00 1.531228e+00 2.646930e+00 1.404160e+00 1.373292e+00 1.384208e+00 1.346045e+00 1.274604e+00 1.222240e+00 1.156056e+00 1.072651e+00 9.689029e-01 8.344029e-01 1.360761e+00 1.433827e+00 1.429455e+00 1.414385e+00 1.404985e+00
1.373041e+00 1.396263e+00 1.404547e+00 8.841038e-01 8.777053e-01 8.787252e-01 8.773571e-01 1.356017e+00 1.016357e+00 2.545018e+00 1.488277e+00 9.998684e-01 8.536273e-01 8.571172e-01 1.205891e+00 8.608975e-01 8.545700e-01 8.407352e-01 8.332739e-01 8.314330e-01 8.251771e-01 8.148192e-01 1.385757e+00 9.310373e-01 1.030967e+00 1.418711e+00 2.087304e+00 1.655948e+00 1.691011e+00 1.727749e+00 1.770077e+00 1.820750e+00 1.892415e+00 8.525554e-01 2.625500e+00 1.370954e+00 2.711390e+00 1.417985e+00 1.402925e+00 1.370805e+00 1.315583e+00 1.275282e+00 1.220977e+00 1.151529e+00 1.065253e+00 9.601450e-01 8.265394e-01 1.380396e+00 1.425820e+00 1.423797e+00 1.413610e+00 1.408823e+00
1.298525e+00 1.318915e+00 8.937682e-01 1.037962e+00 1.146968e+00 1.237310e+00 1.310382e+00 8.829662e-01 2.520692e+00 1.516176e+00 8.657913e-01 8.582246e-01 9.997033e-01 1.113952e+00 8.607273e-01 1.005562e+00 1.111509e+00 1.189422e+00 1.254078e+00 1.310593e+00 1.354085e+00 1.383490e+00 8.181195e-01 8.033790e-01 1.420941e+00 1.899590e+00 1.532156e+00 1.068766e+00 1.039728e+00 1.126859e+00 1.204418e+00 1.281219e+00 1.367584e+00 1.969163e+00 2.626020e+00 1.436259e+00 2.774805e+00 1.445339e+00 1.406705e+00 1.356315e+00 1.319537e+00 1.276800e+00 1.220012e+00 1.148155e+00 1.059536e+00 9.531574e-01 8.204696e-01 1.391524e+00 1.415719e+00 1.416707e+00 1.415390e+00 1.419410e+00
1.211343e+00 2.120640e+00 2.202179e+00 2.274174e+00 2.337700e+00 2.392829e+00 2.437520e+00 2.485407e+00 1.535962e+00 8.738368e-01 1.013699e+00 1.118632e+00 1.204744e+00 1.279021e+00 1.338964e+00 1.384380e+00 1.413902e+00 1.427789e+00 1.434658e+00 1.439978e+00 1.444782e+00 1.450361e+00 1.449005e+00 1.437446e+00 1.618717e+00 0.000000e+00 9.547414e-01 8.025001e-01 8.382067e-01 9.344947e-01 1.017029e+00 1.094134e+00 1.177370e+00 1.474208e+00 2.039486e+00 2.625500e+00 2.317889e+00 1.457536e+00 1.406110e+00 1.365756e+00 1.325588e+00 1.279269e+00 1.219865e+00 8.194034e-01 1.144311e+00 1.084939e+00 8.154313e-01 1.397352e+00 1.407823e+00 1.411319e+00 1.417655e+00 1.429132e+00
2.031530e+00 1.481362e+00 1.619848e+00 1.706560e+00 1.806911e+00 1.951824e+00 2.055731e+00 1.533876e+00 1.496637e+00 1.495698e+00 1.485219e+00 1.474496e+00 1.466337e+00 1.463079e+00 1.462238e+00 1.460839e+00 1.582948e+00 1.630799e+00 1.666987e+00 1.697679e+00 1.725116e+00 1.748226e+00 1.746201e+00 1.704713e+00 1.430491e+00 0.000000e+00 8.057911e-01 9.289448e-01 1.024313e+00 9.741544e-01 1.051945e+00 1.123510e+00 1.198915e+00 1.288093e+00 1.584995e+00 2.626020e+00 2.403697e+00 1.282362e+00 1.417466e+00 1.375328e+00 1.332359e+00 1.282773e+00 9.540328e-01 8.192149e-01 1.218642e+00 1.194982e+00 8.117575e-01 1.400604e+00 1.404405e+00 1.409407e+00 1.418899e+00 1.433507e+00
1.449724e+00 1.451628e+00 8.619032e-01 1.494712e+00 1.728649e+00 1.537003e+00 1.509673e+00 1.471247e+00 1.508398e+00 1.500003e+00 1.486765e+00 1.480845e+00 1.479365e+00 1.479851e+00 1.480039e+00 1.477154e+00 8.506495e-01 9.771512e-01 1.073726e+00 1.154325e+00 1.232647e+00 1.318291e+00 1.384815e+00 1.420983e+00 8.263132e-01 0.000000e+00 1.058469e+00 1.122267e+00 1.202290e+00 1.273884e+00 1.160355e+00 1.238557e+00 1.315654e+00 1.396667e+00 1.371942e+00 2.626020e+00 2.625500e+00 1.405025e+00 1.425110e+00 1.384859e+00 1.341381e+00 1.066225e+00 8.221853e-01 9.546135e-01 1.281706e+00 1.288420e+00 9.425670e-01 1.404314e+00 1.404295e+00 1.409781e+00 1.420323e+00 1.434181e+00
1.418009e+00 1.413804e+00 1.451450e+00 1.647871e+00 1.514152e+00 1.475773e+00 1.428399e+00 1.491861e+00 1.507864e+00 1.595774e+00 1.655565e+00 1.713376e+00 1.763529e+00 1.800984e+00 1.818110e+00 1.804004e+00 1.740234e+00 1.621576e+00 1.500794e+00 1.432916e+00 1.416532e+00 1.442701e+00 1.587375e+00 1.645743e+00 1.686462e+00 0.000000e+00 1.806818e+00 1.783151e+00 1.788939e+00 1.792058e+00 1.794786e+00 1.513542e+00 1.549124e+00 1.578118e+00 1.467471e+00 2.626020e+00 2.626020e+00 1.493639e+00 1.245726e+00 1.393779e+00 1.164814e+00 8.334897e-01 9.651146e-01 1.063422e+00 1.334158e+00 1.368555e+00 1.045584e+00 1.410247e+00 1.406719e+00 1.411526e+00 1.422383e+00 1.432280e+00
1.372578e+00 1.442057e+00 1.547635e+00 1.473364e+00 1.425173e+00 1.374433e+00 1.459653e+00 1.503793e+00 1.432678e+00 1.465398e+00 1.462308e+00 1.466926e+00 1.477810e+00 1.494944e+00 1.508119e+00 1.510701e+00 1.500648e+00 1.477930e+00 1.450561e+00 1.425428e+00 1.420279e+00 1.449878e+00 8.599931e-01 8.371066e-01 9.580589e-01 0.000000e+00 1.146831e+00 1.183403e+00 1.245851e+00 1.304466e+00 1.365521e+00 1.432475e+00 1.282757e+00 1.350546e+00 1.622816e+00 2.626020e+00 2.626020e+00 1.901469e+00 1.241866e+00 1.096197e+00 9.682271e-01 8.319427e-01 1.071485e+00 1.150198e+00 1.374859e+00 1.436966e+00 1.131624e+00 1.418977e+00 1.413039e+00 1.415396e+00 1.424139e+00 1.429738e+00
1.427405e+00 1.350857e+00 1.429616e+00 1.346836e+00 1.301465e+00 1.414107e+00 1.487025e+00 1.394009e+00 1.468949e+00 8.489719e-01 1.572813e+00 1.661195e+00 1.745524e+00 1.850079e+00 1.945933e+00 2.024335e+00 2.091113e+00 2.147562e+00 2.197076e+00 2.241373e+00 2.293967e+00 2.367205e+00 2.424595e+00 2.449980e+00 2.466529e+00 2.716768e+00 2.552706e+00 1.800294e+00 1.317010e+00 1.231101e+00 1.227996e+00 1.266858e+00 1.313450e+00 1.172537e+00 1.241231e+00 1.687762e+00 2.626020e+00 2.089752e+00 1.162617e+00 9.542875e-01 8.211682e-01 9.565087e-01 1.148726e+00 1.216284e+00 1.402972e+00 1.493904e+00 1.204720e+00 1.430175e+00 1.423277e+00 1.421623e+00 1.425581e+00 1.428138e+00
1.299155e+00 1.410074e+00 1.256500e+00 1.202634e+00 1.351514e+00 1.462141e+00 1.337197e+00 1.462130e+00 1.372705e+00 1.499208e+00 1.363931e+00 1.357971e+00 1.485831e+00 1.448042e+00 1.414380e+00 1.541634e+00 1.614275e+00 1.669139e+00 1.711017e+00 1.740911e+00 1.765209e+00 1.783072e+00 1.761439e+00 1.682191e+00 1.817176e+00 1.830084e+00 1.573698e+00 1.227979e+00 1.076751e+00 1.125384e+00 1.187235e+00 1.245693e+00 1.298092e+00 1.343610e+00 1.203771e+00 1.376647e+00 2.626020e+00 1.988142e+00 1.310137e+00 7.387801e-01 8.488552e-01 1.046940e+00 1.209489e+00 1.269830e+00 1.422345e+00 1.540295e+00 1.266439e+00 1.441510e+00 1.435966e+00 1.432033e+00 1.431798e+00 1.432483e+00
1.404669e+00 1.171450e+00 1.094612e+00 1.270698e+00 1.424960e+00 1.269467e+00 1.459712e+00 1.320596e+00 1.319426e+00 1.319097e+00 1.315154e+00 1.306556e+00 1.423282e+00 1.359379e+00 1.367369e+00 1.434180e+00 1.529455e+00 1.621184e+00 1.709256e+00 1.781936e+00 1.848732e+00 1.915598e+00 1.972519e+00 2.015284e+00 2.344116e+00 2.480300e+00 2.341722e+00 2.295220e+00 2.082064e+00 1.425866e+00 1.201105e+00 1.251714e+00 1.297370e+00 1.339001e+00 1.192131e+00 1.259221e+00 1.505606e+00 2.626020e+00 1.412787e+00 8.366493e-01 9.278776e-01 1.116705e+00 1.258093e+00 1.313642e+00 1.435255e+00 1.574898e+00 1.317972e+00 1.451346e+00 1.450072e+00 1.447660e+00 1.445747e+00 1.445985e+00
1.072145e+00 9.842943e-01 1.193907e+00 1.382612e+00 1.190506e+00 1.458906e+00 1.263453e+00 1.261293e+00 1.258495e+00 1.257747e+00 1.253444e+00 1.419520e+00 1.300900e+00 1.308136e+00 1.419016e+00 1.350713e+00 1.345050e+00 1.403934e+00 1.364989e+00 1.479398e+00 1.549056e+00 1.607445e+00 1.655597e+00 1.692903e+00 1.999754e+00 2.107180e+00 1.941604e+00 1.787692e+00 1.265870e+00 1.154730e+00 1.998782e+00 2.027737e+00 2.057254e+00 2.089015e+00 2.121314e+00 1.778703e+00 1.852966e+00 2.626020e+00 1.274286e+00 1.204271e+00 1.001562e+00 1.034598e+00 1.300651e+00 1.350967e+00 1.443911e+00 1.594842e+00 1.362775e+00 1.461031e+00 1.463455e+00 1.463109e+00 1.460224e+00 1.460877e+00
8.309222e-01 1.104114e+00 1.342803e+00 1.108898e+00 1.453404e+00 1.192383e+00 1.194674e+00 1.191988e+00 1.188041e+00 1.183772e+00 1.423891e+00 1.245635e+00 1.244587e+00 1.406478e+00 1.301696e+00 1.298303e+00 1.393070e+00 1.328932e+00 1.323816e+00 1.319349e+00 1.414728e+00 1.487784e+00 1.547707e+00 1.600942e+00 1.961885e+00 1.852106e+00 1.855904e+00 1.887111e+00 1.923763e+00 1.962699e+00 1.111571e+00 1.194066e+00 1.271289e+00 9.980430e-01 9.930778e-01 1.104599e+00 1.056148e+00 1.190786e+00 2.626020e+00 1.389705e+00 1.377357e+00 1.107188e+00 1.163711e+00 1.384025e+00 1.451198e+00 1.596018e+00 1.402299e+00 1.471465e+00 1.475363e+00 1.475520e+00 1.471000e+00 2.442378e+00
9.749906e-01 1.277072e+00 1.019795e+00 1.444009e+00 1.108309e+00 1.107911e+00 1.108920e+00 1.108659e+00 1.103798e+00 1.431895e+00 1.177968e+00 1.176543e+00 1.407428e+00 1.241014e+00 1.237509e+00 1.385271e+00 1.284323e+00 1.279539e+00 1.274200e+00 1.211518e+00 8.096886e-01 8.094001e-01 1.128911e+00 7.955301e-01 1.149025e+00 1.029825e+00 1.041789e+00 1.255217e+00 1.475000e+00 1.030901e+00 9.236494e-01 9.141044e-01 9.062584e-01 9.011825e-01 8.938736e-01 8.840688e-01 8.856439e-01 8.878778e-01 1.024667e+00 2.626020e+00 1.592208e+00 1.192286e+00 1.231287e+00 1.417896e+00 1.461012e+00 1.576635e+00 1.433800e+00 1.479532e+00 1.483832e+00 1.485907e+00 1.483329e+00 2.491556e+00
1.180581e+00 8.753946e-01 1.423874e+00 1.017465e+00 1.005925e+00 1.001900e+00 1.002320e+00 1.005419e+00 1.451425e+00 1.099939e+00 1.092349e+00 1.420550e+00 1.176700e+00 1.169662e+00 1.386922e+00 1.227829e+00 1.223469e+00 1.218149e+00 1.142808e+00 8.112802e-01 9.428293e-01 1.050319e+00 8.085963e-01 9.284171e-01 0.000000e+00 1.122445e+00 1.175093e+00 1.440022e+00 9.317138e-01 8.006241e-01 7.978347e-01 7.926607e-01 7.868321e-01 7.813290e-01 7.740958e-01 7.649927e-01 1.339197e+00 1.365007e+00 1.211449e+00 1.322866e+00 2.626020e+00 1.693183e+00 1.320871e+00 1.269080e+00 1.476909e+00 1.546672e+00 1.457093e+00 1.484093e+00 1.487338e+00 1.493185e+00 2.543836e+00 1.493241e+00
1.263183e+00 1.356518e+00 8.929806e-01 8.795793e-01 8.695083e-01 8.633064e-01 8.637285e-01 1.472215e+00 1.012822e+00 9.997592e-01 1.442460e+00 1.101596e+00 1.097607e+00 1.409046e+00 1.167324e+00 1.160338e+00 1.152917e+00 1.058671e+00 8.131238e-01 9.420969e-01 1.045853e+00 1.138251e+00 1.211295e+00 1.264001e+00 0.000000e+00 1.406453e+00 1.407001e+00 8.004110e-01 8.031172e-01 9.331418e-01 1.034629e+00 1.118573e+00 1.186834e+00 1.241528e+00 1.284602e+00 1.316870e+00 7.656103e-01 7.631343e-01 8.937999e-01 9.142181e-01 1.076102e+00 2.626020e+00 1.779999e+00 1.345571e+00 1.497040e+00 1.524839e+00 1.476689e+00 1.491220e+00 1.492985e+00 2.592419e+00 1.518302e+00 2.127472e+00
1.434741e+00 1.467345e+00 1.500081e+00 1.514724e+00 1.514768e+00 1.501777e+00 1.487241e+00 8.802583e-01 8.787901e-01 1.470815e+00 1.008771e+00 1.006731e+00 1.442808e+00 1.102550e+00 1.090972e+00 1.079430e+00 9.613573e-01 8.159245e-01 9.439554e-01 1.044383e+00 1.131069e+00 1.210025e+00 1.274393e+00 1.321769e+00 0.000000e+00 1.458395e+00 1.448972e+00 1.471644e+00 1.499600e+00 1.532273e+00 1.569007e+00 1.607560e+00 1.641378e+00 1.665144e+00 1.674479e+00 1.662599e+00 1.621734e+00 1.549282e+00 1.603538e+00 1.631039e+00 1.431555e+00 1.558026e+00 2.625500e+00 1.655242e+00 1.316871e+00 1.619687e+00 8.213095e-01 1.504371e+00 2.645365e+00 1.528763e+00 2.161905e+00 1.127796e+00
1.305247e+00 1.378210e+00 1.433807e+00 1.469233e+00 1.486438e+00 1.488242e+00 1.485745e+00 1.488659e+00 1.490101e+00 8.814016e-01 8.764767e-01 1.473882e+00 1.017219e+00 1.007917e+00 9.937725e-01 8.357184e-01 8.247845e-01 9.499535e-01 1.047410e+00 1.130585e+00 1.203634e+00 1.269599e+00 1.324720e+00 1.367287e+00 0.000000e+00 1.497036e+00 1.476538e+00 1.486537e+00 1.503733e+00 1.530605e+00 1.565275e+00 1.604722e+00 1.642086e+00 1.671359e+00 1.685698e+00 1.677952e+00 1.642712e+00 1.575803e+00 7.725200e-01 7.745170e-01 9.134218e-01 9.451433e-01 1.624571e+00 2.625500e+00 1.684227e+00 1.447053e+00 1.511856e+00 2.699219e+00 1.529281e+00 2.185385e+00 1.135761e+00 1.036306e+00
1.166660e+00 1.255812e+00 1.323165e+00 1.374871e+00 1.413553e+00 1.442402e+00 1.464192e+00 1.481537e+00 1.492988e+00 1.497535e+00 1.495232e+00 8.881743e-01 8.817933e-01 8.738649e-01 8.594902e-01 9.825690e-01 1.072606e+00 1.144060e+00 1.206028e+00 1.262347e+00 1.312699e+00 1.357580e+00 1.511602e+00 1.574793e+00 0.000000e+00 1.718900e+00 1.716166e+00 1.739966e+00 1.767210e+00 1.798458e+00 1.830496e+00 1.862087e+00 1.889681e+00 1.910181e+00 1.917526e+00 1.904035e+00 1.859321e+00 1.758997e+00 1.600013e+00 1.483268e+00 1.444592e+00 1.247593e+00 1.310206e+00 1.688813e+00 2.625500e+00 1.556419e+00 2.747699e+00 1.519378e+00 2.209655e+00 2.013699e+00 1.997130e+00 1.973904e+00
9.072543e-01 1.045555e+00 1.146865e+00 1.228105e+00 1.298015e+00 1.362374e+00 1.414839e+00 1.451868e+00 1.480087e+00 1.505385e+00 1.518314e+00 1.513133e+00 1.494041e+00 1.466628e+00 1.434635e+00 1.403018e+00 1.379035e+00 1.364080e+00 1.361417e+00 1.371067e+00 1.388859e+00 1.411813e+00 8.160074e-01 8.071925e-01 0.000000e+00 1.043332e+00 1.111396e+00 1.190585e+00 1.266133e+00 1.341093e+00 1.413378e+00 1.482799e+00 1.545700e+00 1.599250e+00 1.638256e+00 1.656870e+00 1.648014e+00 1.608457e+00 1.548101e+00 1.488524e+00 1.449278e+00 1.433535e+00 1.242496e+00 1.307961e+00 1.773038e+00 2.626020e+00 2.279821e+00 2.227043e+00 1.995968e+00 8.080689e-01 8.012681e-01 9.286521e-01
-9.999000e+03 -9.999000e+03 -9.999000e+03 -9.999000e+03 -9.999000e+03 -9.999000e+03 -9.999000e+03 8.839635e-01 8.897786e-01 9.067843e-01 9.147103e-01 9.076227e-01 1.045123e+00 1.135348e+00 1.201599e+00 1.252225e+00 1.289629e+00 1.315811e+00 1.339922e+00 1.366297e+00 1.393573e+00 1.422035e+00 1.440239e+00 1.444172e+00 1.717097e+00 1.570835e+00 1.490232e+00 1.380777e+00 1.270056e+00 1.241911e+00 1.270742e+00 1.318741e+00 1.370636e+00 1.421291e+00 1.466120e+00 1.501619e+00 1.519689e+00 1.517620e+00 1.502165e+00 1.477207e+00 1.449535e+00 1.427148e+00 1.420988e+00 1.241891e+00 1.323516e+00 2.625500e+00 2.376750e+00 1.626816e+00 9.341515e-01 9.273593e-01 1.026359e+00 7.955503e-01
-9.999000e+03 -9.999000e+03 -9.999000e+03 -9.999000e+03 -9.999000e+03 -9.999000e+03 -9.999000e+03 -9.999000e+03 -9.999000e+03 -9.999000e+03 1.063228e+00 1.058451e+00 8.886268e-01 8.651705e-01 9.951524e-01 1.097137e+00 1.175110e+00 1.232450e+00 1.283189e+00 1.332523e+00 1.376380e+00 1.414444e+00 1.436287e+00 1.439487e+00 1.710025e+00 1.563703e+00 1.480705e+00 1.368347e+00 1.261081e+00 1.234428e+00 1.260854e+00 1.307132e+00 1.359257e+00 1.412988e+00 1.462616e+00 1.504107e+00 1.530009e+00 1.536513e+00 1.525986e+00 1.500190e+00 1.467132e+00 1.435624e+00 1.417357e+00 1.419989e+00 1.254342e+00 1.349916e+00 2.625500e+00 1.603498e+00 1.027685e+00 1.105482e+00 -9.999000e+03 -9.999000e+03
