tests/data/reference/test_sheet/control/cinfil_m3.asc
ncols	123
nrows	77
xllcorner	-713746.79929998
yllcorner	-1061022.36961616
cellsize	10.0
NODATA_value	-9999
[rows 23 to 45 of 77, columns 52 to 103 of 123]
9.440939e-01 1.206243e+00 1.265336e+00 1.347642e+00 1.374822e+00 1.403095e+00 1.408407e+00 1.376231e+00 1.382589e+00 1.342077e+00 1.289355e+00 1.290826e+00 1.292668e+00 1.297510e+00 1.308680e+00 1.492486e+00 1.774371e+00 1.824151e+00 1.399961e+00 1.375676e+00 1.265190e+00 1.190701e+00 1.102972e+00 1.194539e+00 8.625040e-01 1.017564e+00 3.012925e+00 1.987329e+00 1.618280e+00 1.232997e+00 1.122238e+00 1.008594e+00 8.777885e-01 9.068620e-01 -9.999000e+03 -9.999000e+03 -9.999000e+03 -9.999000e+03 -9.999000e+03 -9.999000e+03 -9.999000e+03 -9.999000e+03 -9.999000e+03 -9.999000e+03 -9.999000e+03 -9.999000e+03 -9.999000e+03 -9.999000e+03 -9.999000e+03 -9.999000e+03 -9.999000e+03 -9.999000e+03
9.385655e-01 1.040805e+00 1.264897e+00 1.317362e+00 1.382486e+00 1.404200e+00 1.426053e+00 1.436319e+00 1.416168e+00 1.419973e+00 1.387930e+00 1.344382e+00 1.346849e+00 1.353570e+00 1.364831e+00 1.380465e+00 1.870213e+00 1.855685e+00 1.411712e+00 1.382214e+00 1.302252e+00 1.242910e+00 1.175041e+00 1.244236e+00 9.899168e-01 1.114615e+00 8.755289e-01 3.067438e+00 2.068416e+00 1.731937e+00 1.380815e+00 1.121284e+00 1.014281e+00 1.036331e+00 9.168045e-01 -9.999000e+03 -9.999000e+03 -9.999000e+03 -9.999000e+03 -9.999000e+03 -9.999000e+03 -9.999000e+03 -9.999000e+03 -9.999000e+03 -9.999000e+03 -9.999000e+03 -9.999000e+03 -9.999000e+03 -9.999000e+03 -9.999000e+03 -9.999000e+03 -9.999000e+03
1.201461e+00 1.037745e+00 1.126117e+00 1.317494e+00 1.363200e+00 1.415218e+00 1.434457e+00 1.450739e+00 1.458092e+00 1.443925e+00 1.446480e+00 1.423423e+00 1.393618e+00 1.402586e+00 1.411858e+00 1.420856e+00 1.947241e+00 1.852037e+00 1.414261e+00 1.387283e+00 1.332074e+00 1.287047e+00 1.235728e+00 1.287030e+00 1.087256e+00 1.184847e+00 9.961817e-01 3.083663e+00 8.684775e-01 2.104760e+00 1.832297e+00 1.236854e+00 1.127475e+00 1.120071e+00 1.017341e+00 8.868803e-01 9.102307e-01 9.124881e-01 -9.999000e+03 -9.999000e+03 -9.999000e+03 -9.999000e+03 -9.999000e+03 -9.999000e+03 -9.999000e+03 -9.999000e+03 -9.999000e+03 -9.999000e+03 -9.999000e+03 -9.999000e+03 -9.999000e+03 -9.999000e+03
9.310263e-01 1.260015e+00 1.125383e+00 1.205207e+00 1.368417e+00 1.407091e+00 1.445475e+00 1.457254e+00 1.465747e+00 1.470604e+00 1.463605e+00 1.468228e+00 1.456687e+00 1.438658e+00 1.446625e+00 1.453309e+00 2.020146e+00 1.804977e+00 1.419153e+00 1.397441e+00 1.361299e+00 1.329381e+00 1.291747e+00 1.327055e+00 1.168868e+00 1.241954e+00 1.085504e+00 3.094674e+00 9.910218e-01 2.119172e+00 1.917781e+00 1.318754e+00 1.221477e+00 1.199380e+00 1.109049e+00 1.014681e+00 1.041226e+00 9.030571e-01 1.060018e+00 9.152976e-01 -9.999000e+03 -9.999000e+03 -9.999000e+03 -9.999000e+03 -9.999000e+03 -9.999000e+03 -9.999000e+03 -9.999000e+03 -9.999000e+03 -9.999000e+03 -9.999000e+03 -9.999000e+03
1.031121e+00 8.025732e-01 1.316908e+00 1.210592e+00 1.281492e+00 1.413301e+00 1.439748e+00 1.462794e+00 1.469915e+00 1.476223e+00 1.481387e+00 1.480653e+00 1.485575e+00 1.479476e+00 1.468975e+00 1.478937e+00 2.095812e+00 1.686272e+00 1.431703e+00 1.415945e+00 1.394540e+00 1.374084e+00 1.347124e+00 1.367523e+00 1.241184e+00 1.291521e+00 1.160685e+00 3.107140e+00 1.082166e+00 2.094119e+00 1.969164e+00 1.359185e+00 1.297067e+00 1.284686e+00 1.209040e+00 1.225739e+00 8.828285e-01 8.958958e-01 1.057012e+00 1.180045e+00 1.072385e+00 0.000000e+00 -9.999000e+03 -9.999000e+03 -9.999000e+03 -9.999000e+03 -9.999000e+03 -9.999000e+03 -9.999000e+03 -9.999000e+03 -9.999000e+03 -9.999000e+03
1.117932e+00 9.361434e-01 1.366460e+00 1.282402e+00 8.218308e-01 1.342690e+00 1.444177e+00 1.460053e+00 1.473829e+00 1.478989e+00 1.484281e+00 1.489829e+00 1.491841e+00 1.496844e+00 1.498360e+00 1.499204e+00 2.170588e+00 1.542497e+00 1.441387e+00 1.430676e+00 1.419129e+00 1.407637e+00 1.389781e+00 1.400235e+00 1.301381e+00 1.332939e+00 1.224588e+00 3.010743e+00 1.158380e+00 1.979016e+00 2.017265e+00 1.384016e+00 1.352335e+00 1.353165e+00 1.295887e+00 1.343285e+00 1.030928e+00 1.041440e+00 8.968282e-01 1.170405e+00 1.272296e+00 0.000000e+00 0.000000e+00 0.000000e+00 -9.999000e+03 -9.999000e+03 -9.999000e+03 -9.999000e+03 -9.999000e+03 -9.999000e+03 -9.999000e+03 -9.999000e+03
1.196711e+00 1.045467e+00 1.409113e+00 1.341808e+00 8.198305e-01 9.552940e-01 1.390820e+00 1.464533e+00 1.471893e+00 1.479310e+00 1.483623e+00 1.489822e+00 1.497189e+00 1.504813e+00 1.515669e+00 1.523481e+00 1.523109e+00 2.235714e+00 1.443060e+00 1.435640e+00 1.429768e+00 1.425095e+00 1.415824e+00 1.422121e+00 1.349250e+00 1.367018e+00 1.279841e+00 2.861961e+00 1.226303e+00 1.582638e+00 2.067272e+00 1.398169e+00 1.386042e+00 1.395702e+00 1.360611e+00 1.439161e+00 1.149916e+00 1.152533e+00 1.040646e+00 8.989708e-01 0.000000e+00 1.488663e+00 1.273357e+00 1.001570e+00 0.000000e+00 -9.999000e+03 -9.999000e+03 -9.999000e+03 -9.999000e+03 -9.999000e+03 -9.999000e+03 -9.999000e+03
1.272546e+00 1.143508e+00 1.446442e+00 1.391728e+00 9.538232e-01 8.191214e-01 1.058941e+00 1.423962e+00 1.475269e+00 1.480217e+00 1.486298e+00 1.493267e+00 1.502882e+00 1.514662e+00 1.524863e+00 1.530571e+00 1.528699e+00 1.518857e+00 2.282090e+00 1.434353e+00 1.433960e+00 1.435622e+00 1.433524e+00 1.437618e+00 1.386339e+00 1.393995e+00 1.327423e+00 2.746341e+00 1.284494e+00 1.400328e+00 2.111797e+00 1.401414e+00 1.402797e+00 1.519409e+00 1.494928e+00 8.779110e-01 1.235710e+00 1.232598e+00 1.144388e+00 0.000000e+00 1.589166e+00 1.559652e+00 1.380365e+00 1.130739e+00 9.894018e-01 0.000000e+00 -9.999000e+03 -9.999000e+03 -9.999000e+03 -9.999000e+03 -9.999000e+03 -9.999000e+03
1.349650e+00 1.235820e+00 1.479314e+00 1.433080e+00 1.059949e+00 9.514623e-01 8.143544e-01 1.140039e+00 1.450739e+00 1.489595e+00 1.496398e+00 1.505610e+00 1.515654e+00 1.524585e+00 1.528263e+00 1.526079e+00 1.520303e+00 1.510127e+00 2.324440e+00 1.428668e+00 1.434556e+00 1.442352e+00 1.445740e+00 1.448231e+00 1.413448e+00 1.414888e+00 1.368609e+00 2.633890e+00 1.333750e+00 1.394122e+00 2.149310e+00 1.398077e+00 1.615514e+00 1.512894e+00 9.992312e-01 8.648465e-01 1.290318e+00 1.584468e+00 0.000000e+00 1.207096e+00 1.625577e+00 1.657519e+00 1.498433e+00 1.255029e+00 1.134658e+00 9.665855e-01 9.850482e-01 -9.999000e+03 -9.999000e+03 -9.999000e+03 -9.999000e+03 -9.999000e+03
1.433306e+00 1.327855e+00 1.513625e+00 1.473096e+00 8.281608e-01 1.151716e+00 1.057845e+00 9.512873e-01 1.221472e+00 1.478365e+00 1.504948e+00 1.512576e+00 1.519705e+00 1.523966e+00 1.523728e+00 1.518610e+00 1.510663e+00 1.500545e+00 2.370817e+00 1.427933e+00 1.438088e+00 1.448598e+00 1.453638e+00 1.454184e+00 1.431877e+00 1.431271e+00 1.403836e+00 2.506123e+00 1.378433e+00 1.407701e+00 2.186300e+00 1.698389e+00 1.512536e+00 1.084458e+00 9.864725e-01 8.533353e-01 1.625705e+00 1.391522e+00 1.350721e+00 1.280186e+00 1.681509e+00 1.768182e+00 1.290910e+00 9.534784e-01 1.226576e+00 1.100881e+00 1.100190e+00 9.695170e-01 0.000000e+00 -9.999000e+03 -9.999000e+03 -9.999000e+03
1.492256e+00 1.512044e+00 1.410729e+00 1.546006e+00 1.508651e+00 9.749753e-01 1.236562e+00 1.156154e+00 1.066776e+00 1.291702e+00 1.491694e+00 1.505901e+00 1.508680e+00 1.511125e+00 1.511954e+00 1.509325e+00 1.503747e+00 1.496399e+00 1.489072e+00 2.430925e+00 1.450066e+00 1.458122e+00 1.459702e+00 1.456812e+00 1.443337e+00 1.444445e+00 1.433893e+00 2.286959e+00 1.420974e+00 1.433068e+00 2.226634e+00 1.497787e+00 1.165124e+00 1.082370e+00 8.376486e-01 0.000000e+00 1.441726e+00 1.276707e+00 1.369918e+00 1.368077e+00 1.890351e+00 1.284536e+00 8.949934e-01 1.069747e+00 1.282061e+00 1.217067e+00 1.288016e+00 1.308928e+00 9.684095e-01 0.000000e+00 -9.999000e+03 -9.999000e+03
2.626020e+00 2.626020e+00 1.371462e+00 1.294617e+00 1.563030e+00 1.526623e+00 1.082613e+00 1.303008e+00 1.231603e+00 1.151934e+00 1.340945e+00 1.488948e+00 1.494138e+00 1.495312e+00 1.497046e+00 1.497790e+00 1.496890e+00 1.494434e+00 1.491916e+00 2.051399e+00 1.470119e+00 1.474749e+00 1.470830e+00 1.463799e+00 1.455962e+00 1.460969e+00 1.464025e+00 1.679326e+00 1.459144e+00 1.461136e+00 2.263357e+00 1.235293e+00 1.166151e+00 1.198520e+00 0.000000e+00 1.115216e+00 1.324080e+00 1.221680e+00 1.427244e+00 1.965430e+00 1.286538e+00 1.017188e+00 8.773595e-01 1.155144e+00 1.316498e+00 1.454285e+00 1.357386e+00 1.092578e+00 9.320133e-01 1.254471e+00 9.760244e-01 0.000000e+00
1.498770e+00 1.579072e+00 2.626020e+00 1.425849e+00 1.355005e+00 1.348781e+00 1.318559e+00 1.030703e+00 1.176090e+00 1.126059e+00 1.069960e+00 1.193022e+00 1.274138e+00 1.275716e+00 1.277650e+00 1.282033e+00 1.288316e+00 1.294753e+00 1.301747e+00 1.309466e+00 2.146049e+00 1.312733e+00 1.302644e+00 1.291098e+00 1.476603e+00 1.486585e+00 1.498902e+00 1.509300e+00 1.493305e+00 1.487530e+00 2.293008e+00 1.237374e+00 1.220363e+00 0.000000e+00 1.007349e+00 1.196699e+00 1.245218e+00 1.239447e+00 2.027720e+00 1.293117e+00 1.107940e+00 1.007537e+00 1.212833e+00 8.816717e-01 1.337896e+00 1.594663e+00 9.006002e-01 1.168024e+00 1.061916e+00 1.339742e+00 9.334382e-01 1.253995e+00
7.918488e-01 9.221750e-01 1.028840e+00 2.626020e+00 2.626020e+00 2.626020e+00 2.626020e+00 1.353211e+00 1.117790e+00 1.246758e+00 1.205499e+00 1.156600e+00 1.262330e+00 1.322871e+00 1.414415e+00 1.333056e+00 1.341456e+00 1.349435e+00 1.358804e+00 1.369389e+00 8.056668e-01 2.225083e+00 1.454678e+00 1.347768e+00 1.310193e+00 1.325599e+00 1.532258e+00 1.536043e+00 1.518498e+00 1.506553e+00 2.312989e+00 1.147541e+00 0.000000e+00 8.324183e-01 1.119951e+00 1.294479e+00 1.248682e+00 1.283381e+00 2.090048e+00 1.179423e+00 1.100505e+00 1.258036e+00 1.010531e+00 8.737750e-01 1.356437e+00 1.688758e+00 1.042202e+00 1.234844e+00 1.159300e+00 1.433275e+00 1.060690e+00 1.310730e+00
9.977478e-01 1.079336e+00 1.156734e+00 1.242581e+00 1.309753e+00 1.349411e+00 1.384327e+00 2.626020e+00 2.626020e+00 2.626020e+00 2.626020e+00 2.626020e+00 2.626020e+00 2.626020e+00 2.626020e+00 2.626020e+00 2.626020e+00 1.425953e+00 1.420278e+00 1.418266e+00 1.414781e+00 9.280355e-01 2.279219e+00 1.392221e+00 1.374953e+00 1.397765e+00 1.365452e+00 1.553067e+00 1.530676e+00 1.513975e+00 2.629454e+00 1.499842e+00 9.632490e-01 8.299079e-01 1.226416e+00 1.379295e+00 1.288542e+00 1.330197e+00 2.151832e+00 1.177783e+00 1.293289e+00 1.105235e+00 1.004004e+00 1.363911e+00 1.759678e+00 8.895871e-01 1.162242e+00 1.304492e+00 1.244167e+00 1.508394e+00 1.149792e+00 1.384487e+00
8.906682e-01 9.860136e-01 1.075349e+00 2.572968e+00 2.626020e+00 2.626020e+00 2.626020e+00 2.626020e+00 2.626020e+00 2.626020e+00 2.626020e+00 2.626020e+00 2.626020e+00 2.626020e+00 2.626020e+00 2.626020e+00 2.626020e+00 2.626020e+00 2.626020e+00 1.485565e+00 1.471428e+00 1.451952e+00 2.347286e+00 1.443352e+00 1.437194e+00 1.459396e+00 1.428129e+00 1.361761e+00 1.531137e+00 1.803186e+00 2.781315e+00 1.069480e+00 9.612701e-01 8.283558e-01 1.316971e+00 1.452780e+00 1.331956e+00 2.208239e+00 1.243275e+00 1.323071e+00 1.177500e+00 1.098975e+00 1.366991e+00 1.806942e+00 1.019552e+00 1.239508e+00 8.934792e-01 1.361991e+00 1.316069e+00 1.572213e+00 1.230531e+00 1.450713e+00
1.465558e+00 3.178524e+00 3.182281e+00 1.422782e+00 1.411348e+00 1.396207e+00 1.385277e+00 1.378853e+00 1.375685e+00 1.377022e+00 1.382262e+00 1.211454e+00 1.212354e+00 1.224067e+00 1.239173e+00 1.255550e+00 1.414836e+00 1.542532e+00 1.657652e+00 2.626020e+00 2.626020e+00 2.626020e+00 2.626020e+00 2.448562e+00 1.499977e+00 1.508099e+00 1.471004e+00 1.401218e+00 1.613735e+00 0.000000e+00 2.630251e+00 1.202860e+00 9.601392e-01 8.276930e-01 1.394884e+00 1.515113e+00 1.369465e+00 2.260132e+00 1.348314e+00 1.236182e+00 1.169922e+00 1.366260e+00 1.838485e+00 1.113666e+00 1.286604e+00 1.019908e+00 8.828419e-01 1.401505e+00 1.374484e+00 1.623409e+00 1.313460e+00 1.513267e+00
3.180972e+00 1.458654e+00 1.438959e+00 1.422230e+00 1.407217e+00 1.392145e+00 1.378594e+00 1.367374e+00 1.360348e+00 1.358798e+00 1.361480e+00 1.343910e+00 1.347610e+00 1.354097e+00 1.363096e+00 1.216606e+00 1.220827e+00 2.133516e+00 2.202945e+00 2.260791e+00 2.250629e+00 2.280279e+00 2.055650e+00 2.626020e+00 2.576647e+00 1.568710e+00 1.509324e+00 8.024534e-01 0.000000e+00 1.507736e+00 2.592664e+00 1.314662e+00 8.216355e-01 9.609641e-01 1.459615e+00 1.565534e+00 1.399799e+00 2.309367e+00 1.286815e+00 1.230428e+00 1.365727e+00 1.847635e+00 1.184543e+00 1.323676e+00 1.115996e+00 1.010399e+00 1.410776e+00 8.833860e-01 1.410633e+00 1.638901e+00 1.375973e+00 1.551369e+00
1.491558e+00 1.471860e+00 1.452275e+00 1.437928e+00 1.425171e+00 1.408969e+00 1.390053e+00 1.375024e+00 1.365578e+00 1.362343e+00 1.320572e+00 1.318371e+00 1.317560e+00 1.318585e+00 1.361401e+00 1.345299e+00 2.562977e+00 1.383035e+00 1.197912e+00 1.200610e+00 1.214975e+00 1.364502e+00 1.845091e+00 1.805961e+00 2.626020e+00 2.626020e+00 1.586743e+00 1.791442e+00 1.988300e+00 1.469170e+00 2.131963e+00 1.413716e+00 8.188292e-01 1.060798e+00 1.509780e+00 1.601281e+00 2.358760e+00 1.331021e+00 1.282821e+00 1.369297e+00 1.825178e+00 1.239168e+00 1.345088e+00 1.193425e+00 1.113423e+00 1.409545e+00 1.010785e+00 8.710163e-01 1.424288e+00 1.609773e+00 1.410773e+00 1.556693e+00
1.503083e+00 1.485988e+00 1.470637e+00 1.459569e+00 1.448029e+00 1.425613e+00 1.405168e+00 1.389696e+00 1.381373e+00 1.304168e+00 1.297203e+00 1.292067e+00 1.288804e+00 1.354938e+00 1.314689e+00 2.545391e+00 1.360105e+00 1.319574e+00 1.287110e+00 1.294340e+00 1.199352e+00 1.148604e+00 1.188901e+00 1.227948e+00 1.816336e+00 2.625500e+00 2.625500e+00 0.000000e+00 1.925996e+00 1.481729e+00 2.205264e+00 1.315391e+00 9.621743e-01 1.151113e+00 1.547574e+00 1.616887e+00 2.405005e+00 1.329239e+00 1.379054e+00 1.734706e+00 1.281195e+00 1.357161e+00 1.248158e+00 1.191918e+00 1.409764e+00 1.113810e+00 8.608115e-01 1.011005e+00 1.428199e+00 1.551492e+00 1.430078e+00 1.535358e+00
1.515286e+00 1.503835e+00 1.492706e+00 1.483904e+00 1.460652e+00 1.441192e+00 1.421209e+00 1.410108e+00 1.289112e+00 1.278909e+00 1.268601e+00 1.262007e+00 1.365507e+00 1.293599e+00 2.543574e+00 1.360936e+00 1.287249e+00 1.235103e+00 1.230142e+00 1.335399e+00 1.233355e+00 1.086367e+00 1.100372e+00 1.147224e+00 1.171633e+00 1.676805e+00 1.952697e+00 2.186796e+00 2.625500e+00 1.987348e+00 2.290778e+00 1.438736e+00 1.094327e+00 1.243709e+00 1.573190e+00 1.607297e+00 2.447853e+00 1.392385e+00 1.555449e+00 1.317175e+00 1.362983e+00 1.287428e+00 1.246299e+00 1.405366e+00 1.198681e+00 1.003769e+00 8.615291e-01 1.121094e+00 1.429673e+00 1.493273e+00 1.439271e+00 1.499400e+00
1.525509e+00 1.519197e+00 1.512539e+00 1.480676e+00 1.467258e+00 1.447600e+00 1.431653e+00 1.254586e+00 1.251147e+00 1.240934e+00 1.231219e+00 1.383224e+00 1.272661e+00 2.551872e+00 1.376873e+00 1.259767e+00 1.194280e+00 1.184804e+00 1.322039e+00 1.173162e+00 1.173842e+00 1.175926e+00 1.039976e+00 1.060229e+00 1.099234e+00 1.404040e+00 0.000000e+00 1.523639e+00 1.815892e+00 2.625500e+00 2.626020e+00 1.567263e+00 1.085719e+00 1.321062e+00 1.578273e+00 1.574362e+00 2.491007e+00 1.439500e+00 1.349462e+00 1.371288e+00 1.317277e+00 1.284283e+00 1.392786e+00 1.255666e+00 1.105052e+00 9.994358e-01 8.590764e-01 1.209292e+00 1.431710e+00 1.456799e+00 1.437169e+00 1.461495e+00
1.532976e+00 1.532835e+00 1.487996e+00 1.478084e+00 1.462169e+00 1.444817e+00 1.192095e+00 1.194031e+00 1.193131e+00 1.188130e+00 1.400332e+00 1.243440e+00 2.563168e+00 1.402965e+00 1.226805e+00 1.149835e+00 1.141771e+00 1.316186e+00 1.119966e+00 1.116133e+00 1.113586e+00 1.108330e+00 1.109599e+00 9.984353e-01 1.012329e+00 1.507810e+00 0.000000e+00 9.924079e-01 1.084733e+00 1.192056e+00 1.682537e+00 2.625500e+00 1.182174e+00 1.203808e+00 1.560846e+00 1.534238e+00 2.536266e+00 1.378234e+00 1.381878e+00 1.343630e+00 1.315513e+00 1.381734e+00 1.290428e+00 1.173140e+00 1.093194e+00 9.900572e-01 8.531065e-01 1.279070e+00 1.436364e+00 1.440726e+00 1.427236e+00 1.429349e+00
