tests/data/reference/test_sheet/control/cinfil_m3.asc
ncols	123
nrows	77
xllcorner	-713746.79929998
yllcorner	-1061022.36961616
cellsize	10.0
NODATA_value	-9999
[rows 46 to 68 of 77, columns 0 to 51 of 123]
-9.999000e+03 -9.999000e+03 -9.999000e+03 -9.999000e+03 -9.999000e+03 -9.999000e+03 0.000000e+00 2.042700e+00 1.286629e+00 1.277545e+00 9.869098e-01 1.138719e+00 1.321736e+00 1.371125e+00 1.416687e+00 1.628893e+00 1.395287e+00 1.434294e+00 1.449570e+00 1.438983e+00 1.422892e+00 1.061898e+00 1.061280e+00 1.067057e+00 1.181034e+00 1.258650e+00 1.323345e+00 1.383347e+00 1.427703e+00 1.454540e+00 1.470506e+00 2.466081e+00 2.522263e+00 1.514552e+00 1.504694e+00 1.491249e+00 1.475881e+00 1.460500e+00 1.447108e+00 1.436130e+00 1.430922e+00 1.430509e+00 1.432312e+00 1.433866e+00 1.439450e+00 1.450094e+00 1.460991e+00 1.471937e+00 1.486632e+00 1.506660e+00 1.522604e+00 1.528566e+00
-9.999000e+03 -9.999000e+03 -9.999000e+03 -9.999000e+03 -9.999000e+03 -9.999000e+03 2.205809e+00 1.678077e+00 1.147689e+00 1.134148e+00 9.659157e-01 1.232215e+00 1.297197e+00 1.367402e+00 1.683774e+00 1.314674e+00 1.387619e+00 1.437709e+00 1.456543e+00 1.445772e+00 9.213633e-01 9.122614e-01 9.077767e-01 9.081503e-01 1.058876e+00 1.163752e+00 1.250889e+00 2.224122e+00 2.290593e+00 2.346459e+00 2.402819e+00 1.497055e+00 1.500973e+00 1.498214e+00 1.490595e+00 1.481215e+00 1.469880e+00 1.456831e+00 1.444581e+00 1.436119e+00 1.429017e+00 1.425985e+00 1.424529e+00 1.425172e+00 1.429529e+00 1.438005e+00 1.447424e+00 1.456922e+00 1.468959e+00 1.484973e+00 1.501969e+00 1.514131e+00
-9.999000e+03 -9.999000e+03 -9.999000e+03 -9.999000e+03 -9.999000e+03 0.000000e+00 1.616492e+00 1.562669e+00 9.768222e-01 9.722555e-01 1.130054e+00 1.231966e+00 1.346655e+00 1.716651e+00 1.215492e+00 1.303027e+00 1.372306e+00 1.423864e+00 1.445558e+00 1.436664e+00 1.572161e+00 1.682394e+00 1.778335e+00 1.915828e+00 2.007613e+00 2.082376e+00 2.150692e+00 1.426529e+00 1.441232e+00 1.450875e+00 1.460274e+00 1.471806e+00 1.478780e+00 1.478846e+00 1.475596e+00 1.470267e+00 1.461778e+00 1.449600e+00 1.442647e+00 1.433683e+00 1.429338e+00 1.425100e+00 1.422708e+00 1.422442e+00 1.424782e+00 1.429816e+00 1.437198e+00 1.447819e+00 1.457757e+00 1.469387e+00 1.481823e+00 1.355960e+00
-9.999000e+03 -9.999000e+03 -9.999000e+03 -9.999000e+03 0.000000e+00 1.757213e+00 1.261753e+00 1.420715e+00 9.912662e-01 1.001757e+00 1.156592e+00 1.348920e+00 1.720559e+00 1.113573e+00 1.221236e+00 1.297162e+00 1.354176e+00 1.403673e+00 1.425899e+00 1.414127e+00 1.396053e+00 1.381464e+00 1.687160e+00 1.245172e+00 1.302092e+00 1.342632e+00 1.366684e+00 1.383166e+00 1.402263e+00 1.414168e+00 1.426318e+00 1.443068e+00 1.453348e+00 1.457944e+00 1.458342e+00 1.455512e+00 1.448460e+00 1.445776e+00 1.433785e+00 1.430903e+00 1.427069e+00 1.424740e+00 1.423393e+00 1.422961e+00 1.423215e+00 1.425059e+00 1.433187e+00 1.441908e+00 1.451393e+00 1.454943e+00 1.268978e+00 1.282077e+00
-9.999000e+03 -9.999000e+03 -9.999000e+03 -9.999000e+03 0.000000e+00 1.433393e+00 1.143308e+00 1.250737e+00 1.182140e+00 1.021644e+00 1.334237e+00 1.687543e+00 9.789862e-01 1.122764e+00 1.221121e+00 1.285543e+00 1.337807e+00 1.387826e+00 1.400126e+00 1.383500e+00 1.361396e+00 1.662269e+00 1.155147e+00 1.222057e+00 1.269727e+00 1.299804e+00 1.315408e+00 1.335885e+00 1.350542e+00 1.366378e+00 1.386788e+00 1.401674e+00 1.413189e+00 1.421156e+00 1.424906e+00 1.424813e+00 1.437924e+00 1.426351e+00 1.426301e+00 1.421557e+00 1.420376e+00 1.421415e+00 1.422358e+00 1.421998e+00 1.421443e+00 1.428711e+00 1.431223e+00 1.439330e+00 1.438503e+00 1.180388e+00 1.185857e+00 1.198047e+00
-9.999000e+03 -9.999000e+03 -9.999000e+03 0.000000e+00 1.804601e+00 1.359729e+00 1.009262e+00 1.188470e+00 1.035788e+00 1.288000e+00 1.571019e+00 1.359793e+00 9.946974e-01 1.131672e+00 1.216333e+00 1.274880e+00 1.326093e+00 1.356186e+00 1.360448e+00 1.342039e+00 1.613045e+00 1.044211e+00 1.137857e+00 1.198534e+00 1.230739e+00 1.245277e+00 1.271065e+00 1.281898e+00 1.296253e+00 1.324982e+00 1.343413e+00 1.356800e+00 1.367297e+00 1.374841e+00 1.378956e+00 1.410007e+00 1.400300e+00 1.412212e+00 1.409468e+00 1.407873e+00 1.408760e+00 1.412902e+00 1.415208e+00 1.415822e+00 1.429689e+00 1.427536e+00 1.431094e+00 1.421627e+00 1.088345e+00 1.088512e+00 1.092388e+00 1.102282e+00
-9.999000e+03 -9.999000e+03 -9.999000e+03 0.000000e+00 1.465090e+00 1.191650e+00 1.048069e+00 1.076811e+00 1.230705e+00 1.226428e+00 1.485498e+00 1.343511e+00 1.018165e+00 1.142521e+00 1.215893e+00 1.274316e+00 1.291599e+00 1.304180e+00 1.308482e+00 1.552891e+00 9.190813e-01 1.051369e+00 1.138792e+00 1.180743e+00 1.185415e+00 1.217316e+00 1.226717e+00 1.236853e+00 1.270064e+00 1.291485e+00 1.307809e+00 1.319993e+00 1.327213e+00 1.329317e+00 1.379707e+00 1.357496e+00 1.380559e+00 1.382369e+00 1.388420e+00 1.388437e+00 1.388940e+00 1.392255e+00 1.395470e+00 1.423255e+00 1.420087e+00 1.424474e+00 1.404018e+00 9.799216e-01 9.799976e-01 9.811701e-01 9.845161e-01 1.951737e+00
-9.999000e+03 -9.999000e+03 0.000000e+00 9.998534e-01 1.215744e+00 1.203652e+00 1.109465e+00 1.133303e+00 1.114045e+00 1.145062e+00 1.479914e+00 1.335352e+00 1.057607e+00 1.159820e+00 1.227645e+00 1.231844e+00 1.228038e+00 1.228172e+00 1.372440e+00 1.346176e+00 9.545875e-01 1.083935e+00 1.147347e+00 1.140899e+00 1.178505e+00 1.179605e+00 1.185226e+00 1.225896e+00 1.242178e+00 1.257420e+00 1.271855e+00 1.281696e+00 1.283307e+00 1.361340e+00 1.315972e+00 1.348945e+00 1.338896e+00 1.351409e+00 1.361859e+00 1.361868e+00 1.358188e+00 1.358451e+00 1.404010e+00 1.395754e+00 1.405792e+00 1.378742e+00 8.478224e-01 8.432581e-01 8.425727e-01 8.453507e-01 1.872678e+00 1.416131e+00
-9.999000e+03 -9.999000e+03 3.387656e+00 1.251899e+00 1.050875e+00 1.105020e+00 1.158402e+00 1.107788e+00 1.307483e+00 1.617483e+00 1.134700e+00 1.283979e+00 1.097039e+00 1.185109e+00 1.162221e+00 1.155160e+00 1.141277e+00 1.133933e+00 1.155298e+00 1.288076e+00 1.006321e+00 1.120116e+00 1.096207e+00 1.158156e+00 1.147098e+00 1.137969e+00 1.190346e+00 1.196701e+00 1.200686e+00 1.209487e+00 1.219899e+00 1.226998e+00 1.353695e+00 1.278152e+00 1.333534e+00 1.302566e+00 1.307816e+00 1.319767e+00 1.327864e+00 1.324584e+00 1.318166e+00 1.384012e+00 1.356139e+00 1.367265e+00 1.333281e+00 1.329465e+00 1.373334e+00 1.404833e+00 1.683939e+00 1.786780e+00 1.373480e+00 1.375749e+00
-9.999000e+03 0.000000e+00 3.060551e+00 1.334716e+00 1.066861e+00 1.205437e+00 1.093950e+00 1.095007e+00 -9.999000e+03 -9.999000e+03 -9.999000e+03 1.138243e+00 1.116467e+00 1.051330e+00 1.026552e+00 1.025203e+00 1.014272e+00 9.962073e-01 1.014986e+00 1.090694e+00 1.111026e+00 1.041080e+00 1.143638e+00 1.125074e+00 1.101906e+00 1.170214e+00 1.158453e+00 1.146774e+00 1.141649e+00 1.142927e+00 1.147286e+00 1.344873e+00 1.233186e+00 1.328234e+00 1.268730e+00 1.267636e+00 1.272634e+00 1.280035e+00 1.280010e+00 1.272810e+00 1.371741e+00 1.312873e+00 1.318462e+00 1.271913e+00 1.270893e+00 1.395724e+00 1.483777e+00 1.576538e+00 1.424371e+00 1.319310e+00 1.322086e+00 1.319339e+00
-9.999000e+03 0.000000e+00 1.468792e+00 1.068327e+00 1.119960e+00 1.113225e+00 -9.999000e+03 -9.999000e+03 -9.999000e+03 -9.999000e+03 -9.999000e+03 -9.999000e+03 1.099391e+00 1.063268e+00 1.219013e+00 1.320646e+00 1.025262e+00 1.178215e+00 1.317478e+00 1.517300e+00 1.143031e+00 1.136017e+00 1.079707e+00 1.026240e+00 1.149457e+00 1.118298e+00 1.090089e+00 1.069298e+00 1.057957e+00 1.052893e+00 1.334440e+00 1.165961e+00 1.327488e+00 1.225732e+00 1.218974e+00 1.216985e+00 1.218984e+00 1.221482e+00 1.216377e+00 1.362605e+00 1.261912e+00 1.262558e+00 1.197959e+00 1.198981e+00 1.365854e+00 1.260650e+00 1.254363e+00 1.413665e+00 1.252318e+00 1.257115e+00 1.256531e+00 1.408964e+00
0.000000e+00 1.975280e+00 1.221552e+00 1.116352e+00 1.219371e+00 1.063680e+00 -9.999000e+03 -9.999000e+03 -9.999000e+03 -9.999000e+03 -9.999000e+03 -9.999000e+03 -9.999000e+03 -9.999000e+03 -9.999000e+03 1.019436e+00 1.350869e+00 1.003455e+00 1.019126e+00 1.044584e+00 1.543872e+00 -9.999000e+03 -9.999000e+03 1.079855e+00 1.025012e+00 9.966598e-01 9.690674e-01 9.444297e-01 9.328463e-01 1.333396e+00 1.078365e+00 1.327647e+00 1.172520e+00 1.159050e+00 1.149656e+00 1.144325e+00 1.141324e+00 1.142209e+00 1.359498e+00 1.204541e+00 1.195816e+00 1.109514e+00 1.110283e+00 1.325517e+00 1.196097e+00 1.187840e+00 1.407763e+00 1.177696e+00 1.178225e+00 1.182254e+00 1.392161e+00 1.238368e+00
0.000000e+00 1.128230e+00 1.143796e+00 1.144718e+00 1.059131e+00 -9.999000e+03 -9.999000e+03 -9.999000e+03 -9.999000e+03 -9.999000e+03 -9.999000e+03 -9.999000e+03 -9.999000e+03 -9.999000e+03 -9.999000e+03 -9.999000e+03 -9.999000e+03 -9.999000e+03 -9.999000e+03 -9.999000e+03 -9.999000e+03 -9.999000e+03 -9.999000e+03 1.094865e+00 1.037613e+00 1.018667e+00 1.160976e+00 1.242357e+00 1.312954e+00 9.666724e-01 1.331338e+00 1.105939e+00 1.090128e+00 1.067989e+00 1.054197e+00 1.046242e+00 1.041054e+00 1.348940e+00 1.142150e+00 1.123692e+00 1.002515e+00 1.001964e+00 1.272538e+00 1.114893e+00 1.112501e+00 1.408303e+00 1.099530e+00 1.095714e+00 1.095765e+00 1.371966e+00 1.182956e+00 1.416967e+00
-9.999000e+03 1.048272e+00 1.063369e+00 1.019623e+00 -9.999000e+03 -9.999000e+03 -9.999000e+03 -9.999000e+03 -9.999000e+03 -9.999000e+03 -9.999000e+03 -9.999000e+03 -9.999000e+03 -9.999000e+03 -9.999000e+03 -9.999000e+03 -9.999000e+03 -9.999000e+03 -9.999000e+03 -9.999000e+03 -9.999000e+03 -9.999000e+03 -9.999000e+03 -9.999000e+03 -9.999000e+03 -9.999000e+03 9.962506e-01 9.758522e-01 1.146282e+00 1.302288e+00 1.011934e+00 9.922667e-01 9.622511e-01 9.290963e-01 9.151013e-01 9.118083e-01 1.326763e+00 1.051961e+00 1.039146e+00 8.707580e-01 8.625156e-01 1.207863e+00 1.007296e+00 1.008855e+00 1.402202e+00 1.005168e+00 1.002388e+00 9.998806e-01 1.338727e+00 1.113158e+00 1.448178e+00 9.690992e-01
-9.999000e+03 -9.999000e+03 -9.999000e+03 -9.999000e+03 -9.999000e+03 -9.999000e+03 -9.999000e+03 -9.999000e+03 -9.999000e+03 -9.999000e+03 -9.999000e+03 -9.999000e+03 -9.999000e+03 -9.999000e+03 -9.999000e+03 -9.999000e+03 -9.999000e+03 -9.999000e+03 -9.999000e+03 -9.999000e+03 -9.999000e+03 -9.999000e+03 -9.999000e+03 -9.999000e+03 -9.999000e+03 -9.999000e+03 -9.999000e+03 -9.999000e+03 9.870271e-01 1.199706e+00 1.035323e+00 1.015474e+00 9.781693e-01 1.097798e+00 1.196138e+00 1.291206e+00 9.278936e-01 9.107798e-01 8.955128e-01 1.030190e+00 1.132054e+00 8.697476e-01 8.673218e-01 1.379692e+00 8.654127e-01 8.650892e-01 8.662801e-01 1.293368e+00 1.012743e+00 1.465669e+00 8.534693e-01 8.334275e-01
-9.999000e+03 -9.999000e+03 -9.999000e+03 -9.999000e+03 -9.999000e+03 -9.999000e+03 -9.999000e+03 -9.999000e+03 -9.999000e+03 -9.999000e+03 -9.999000e+03 -9.999000e+03 -9.999000e+03 -9.999000e+03 -9.999000e+03 -9.999000e+03 -9.999000e+03 -9.999000e+03 -9.999000e+03 -9.999000e+03 -9.999000e+03 -9.999000e+03 -9.999000e+03 -9.999000e+03 -9.999000e+03 -9.999000e+03 -9.999000e+03 -9.999000e+03 -9.999000e+03 1.023511e+00 1.317527e+00 1.160008e+00 1.123094e+00 9.286405e-01 9.223359e-01 9.384131e-01 9.373633e-01 9.170137e-01 1.056172e+00 1.156561e+00 1.236831e+00 1.303363e+00 1.351479e+00 8.693165e-01 1.012324e+00 1.124317e+00 1.220225e+00 8.788111e-01 1.470805e+00 8.653220e-01 9.979083e-01 1.090102e+00
-9.999000e+03 -9.999000e+03 -9.999000e+03 -9.999000e+03 -9.999000e+03 -9.999000e+03 -9.999000e+03 -9.999000e+03 -9.999000e+03 -9.999000e+03 -9.999000e+03 -9.999000e+03 -9.999000e+03 -9.999000e+03 -9.999000e+03 -9.999000e+03 -9.999000e+03 -9.999000e+03 -9.999000e+03 -9.999000e+03 -9.999000e+03 -9.999000e+03 -9.999000e+03 -9.999000e+03 -9.999000e+03 -9.999000e+03 -9.999000e+03 -9.999000e+03 -9.999000e+03 -9.999000e+03 1.149444e+00 -9.999000e+03 -9.999000e+03 -9.999000e+03 -9.999000e+03 -9.999000e+03 -9.999000e+03 -9.999000e+03 9.032780e-01 1.050655e+00 1.163470e+00 1.256942e+00 1.321723e+00 1.359495e+00 1.386123e+00 1.407918e+00 1.431950e+00 1.464734e+00 8.851323e-01 1.011180e+00 1.106277e+00 1.184677e+00
-9.999000e+03 -9.999000e+03 -9.999000e+03 -9.999000e+03 -9.999000e+03 -9.999000e+03 -9.999000e+03 -9.999000e+03 -9.999000e+03 -9.999000e+03 -9.999000e+03 -9.999000e+03 -9.999000e+03 -9.999000e+03 -9.999000e+03 -9.999000e+03 -9.999000e+03 -9.999000e+03 -9.999000e+03 -9.999000e+03 -9.999000e+03 -9.999000e+03 -9.999000e+03 -9.999000e+03 -9.999000e+03 -9.999000e+03 -9.999000e+03 -9.999000e+03 -9.999000e+03 -9.999000e+03 -9.999000e+03 -9.999000e+03 -9.999000e+03 -9.999000e+03 -9.999000e+03 -9.999000e+03 -9.999000e+03 -9.999000e+03 -9.999000e+03 -9.999000e+03 -9.999000e+03 9.019834e-01 8.959025e-01 8.799568e-01 1.020841e+00 1.133432e+00 1.232838e+00 1.327764e+00 1.385856e+00 1.402660e+00 1.410275e+00 1.418986e+00
-9.999000e+03 -9.999000e+03 -9.999000e+03 -9.999000e+03 -9.999000e+03 -9.999000e+03 -9.999000e+03 -9.999000e+03 -9.999000e+03 -9.999000e+03 -9.999000e+03 -9.999000e+03 -9.999000e+03 -9.999000e+03 -9.999000e+03 -9.999000e+03 -9.999000e+03 -9.999000e+03 -9.999000e+03 -9.999000e+03 -9.999000e+03 -9.999000e+03 -9.999000e+03 -9.999000e+03 -9.999000e+03 -9.999000e+03 -9.999000e+03 -9.999000e+03 -9.999000e+03 -9.999000e+03 -9.999000e+03 -9.999000e+03 -9.999000e+03 -9.999000e+03 -9.999000e+03 -9.999000e+03 -9.999000e+03 -9.999000e+03 -9.999000e+03 -9.999000e+03 -9.999000e+03 -9.999000e+03 -9.999000e+03 -9.999000e+03 8.694476e-01 8.731679e-01 1.029809e+00 1.159076e+00 8.845607e-01 1.007358e+00 1.110770e+00 1.214737e+00
-9.999000e+03 -9.999000e+03 -9.999000e+03 -9.999000e+03 -9.999000e+03 -9.999000e+03 -9.999000e+03 -9.999000e+03 -9.999000e+03 -9.999000e+03 -9.999000e+03 -9.999000e+03 -9.999000e+03 -9.999000e+03 -9.999000e+03 -9.999000e+03 -9.999000e+03 -9.999000e+03 -9.999000e+03 -9.999000e+03 -9.999000e+03 -9.999000e+03 -9.999000e+03 -9.999000e+03 -9.999000e+03 -9.999000e+03 -9.999000e+03 -9.999000e+03 -9.999000e+03 -9.999000e+03 -9.999000e+03 -9.999000e+03 -9.999000e+03 -9.999000e+03 -9.999000e+03 -9.999000e+03 -9.999000e+03 -9.999000e+03 -9.999000e+03 -9.999000e+03 -9.999000e+03 -9.999000e+03 -9.999000e+03 -9.999000e+03 -9.999000e+03 -9.999000e+03 -9.999000e+03 -9.999000e+03 -9.999000e+03 -9.999000e+03 8.602986e-01 1.033008e+00
-9.999000e+03 -9.999000e+03 -9.999000e+03 -9.999000e+03 -9.999000e+03 -9.999000e+03 -9.999000e+03 -9.999000e+03 -9.999000e+03 -9.999000e+03 -9.999000e+03 -9.999000e+03 -9.999000e+03 -9.999000e+03 -9.999000e+03 -9.999000e+03 -9.999000e+03 -9.999000e+03 -9.999000e+03 -9.999000e+03 -9.999000e+03 -9.999000e+03 -9.999000e+03 -9.999000e+03 -9.999000e+03 -9.999000e+03 -9.999000e+03 -9.999000e+03 -9.999000e+03 -9.999000e+03 -9.999000e+03 -9.999000e+03 -9.999000e+03 -9.999000e+03 -9.999000e+03 -9.999000e+03 -9.999000e+03 -9.999000e+03 -9.999000e+03 -9.999000e+03 -9.999000e+03 -9.999000e+03 -9.999000e+03 -9.999000e+03 -9.999000e+03 -9.999000e+03 -9.999000e+03 -9.999000e+03 -9.999000e+03 -9.999000e+03 -9.999000e+03 8.931791e-01
-9.999000e+03 -9.999000e+03 -9.999000e+03 -9.999000e+03 -9.999000e+03 -9.999000e+03 -9.999000e+03 -9.999000e+03 -9.999000e+03 -9.999000e+03 -9.999000e+03 -9.999000e+03 -9.999000e+03 -9.999000e+03 -9.999000e+03 -9.999000e+03 -9.999000e+03 -9.999000e+03 -9.999000e+03 -9.999000e+03 -9.999000e+03 -9.999000e+03 -9.999000e+03 -9.999000e+03 -9.999000e+03 -9.999000e+03 -9.999000e+03 -9.999000e+03 -9.999000e+03 -9.999000e+03 -9.999000e+03 -9.999000e+03 -9.999000e+03 -9.999000e+03 -9.999000e+03 -9.999000e+03 -9.999000e+03 -9.999000e+03 -9.999000e+03 -9.999000e+03 -9.999000e+03 -9.999000e+03 -9.999000e+03 -9.999000e+03 -9.999000e+03 -9.999000e+03 -9.999000e+03 -9.999000e+03 -9.999000e+03 -9.999000e+03 -9.999000e+03 -9.999000e+03
-9.999000e+03 -9.999000e+03 -9.999000e+03 -9.999000e+03 -9.999000e+03 -9.999000e+03 -9.999000e+03 -9.999000e+03 -9.999000e+03 -9.999000e+03 -9.999000e+03 -9.999000e+03 -9.999000e+03 -9.999000e+03 -9.999000e+03 -9.999000e+03 -9.999000e+03 -9.999000e+03 -9.999000e+03 -9.999000e+03 -9.999000e+03 -9.999000e+03 -9.999000e+03 -9.999000e+03 -9.999000e+03 -9.999000e+03 -9.999000e+03 -9.999000e+03 -9.999000e+03 -9.999000e+03 -9.999000e+03 -9.999000e+03 -9.999000e+03 -9.999000e+03 -9.999000e+03 -9.999000e+03 -9.999000e+03 -9.999000e+03 -9.999000e+03 -9.999000e+03 -9.999000e+03 -9.999000e+03 -9.999000e+03 -9.999000e+03 -9.999000e+03 -9.999000e+03 -9.999000e+03 -9.999000e+03 -9.999000e+03 -9.999000e+03 -9.999000e+03 -9.999000e+03
