tests/data/reference/test_sheet/control/csheetvout_m3.asc
ncols	123
nrows	77
xllcorner	-713746.79929998
yllcorner	-1061022.36961616
cellsize	10.0
NODATA_value	-9999
[rows 46 to 68 of 77, columns 52 to 103 of 123]
2.361646e+00 2.240635e+00 2.190208e+00 2.142088e+00 2.117667e+00 1.435630e+00 1.441427e+00 1.444700e+00 1.452490e+00 2.104536e+00 1.721734e+00 1.146090e+01 2.217715e+00 1.791071e+00 1.518586e+00 1.516191e+00 2.148168e+00 1.544817e+00 1.580188e+00 1.608230e+00 1.624704e+00 1.643869e+00 1.664362e+00 1.670315e+00 2.675954e+00 2.109801e-01 2.089759e-01 7.254348e-01 1.314191e+00 1.797136e+00 2.177860e+00 4.827213e+00 2.239742e+02 2.812302e+00 2.918292e+00 2.703249e+00 3.056568e+01 2.633149e+00 2.568309e+00 2.483507e+00 2.455183e+00 2.315438e+00 2.051324e+00 1.819216e+00 1.520953e+00 1.135324e+00 6.395271e-01 2.083525e+00 2.205095e+00 2.189674e+00 2.181057e+00 2.197155e+00
2.235146e+00 2.184967e+00 2.123981e+00 2.081948e+00 1.066987e+00 1.072484e+00 1.073636e+00 1.080849e+00 2.022760e+00 1.433643e+00 1.254450e+01 2.163832e+00 1.484538e+00 1.121044e+00 1.116260e+00 1.968813e+00 1.120448e+00 1.144819e+00 1.169397e+00 1.180187e+00 1.189338e+00 1.207310e+00 1.223728e+00 2.595484e+00 6.778707e-01 5.682915e-01 4.986322e-01 9.928313e-01 1.491506e+00 1.938658e+00 2.317478e+00 2.620186e+00 7.335675e+00 2.239137e+02 2.975873e+00 2.656015e+00 3.203589e+01 2.648137e+00 2.594202e+00 2.554970e+00 2.453379e+00 2.260690e+00 2.080949e+00 1.848897e+00 1.546674e+00 1.154624e+00 6.495971e-01 2.206746e+00 2.255265e+00 2.244216e+00 2.250669e+00 2.276167e+00
2.151223e+00 2.094952e+00 2.036954e+00 5.998962e-01 6.062947e-01 6.052748e-01 6.066429e-01 1.921513e+00 1.068677e+00 1.362296e+01 2.137480e+00 1.102340e+00 6.303727e-01 6.268828e-01 1.758216e+00 6.231025e-01 6.294300e-01 6.432648e-01 6.507261e-01 6.525670e-01 6.588229e-01 6.691808e-01 2.500660e+00 1.218843e+00 1.671876e+00 1.313117e+00 5.465795e+00 9.507406e+00 9.300380e+00 9.056617e+00 8.770527e+00 8.433767e+00 8.025347e+00 6.314446e-01 2.163733e+02 2.769055e+00 3.345663e+01 2.660203e+00 2.636038e+00 2.566562e+00 2.429082e+00 2.289634e+00 2.111893e+00 1.879145e+00 1.573371e+00 1.173452e+00 6.574606e-01 2.310339e+00 2.313444e+00 2.304417e+00 2.321056e+00 2.351339e+00
2.007250e+00 1.957532e+00 5.902318e-01 1.036270e+00 1.373302e+00 1.619964e+00 1.793552e+00 6.010338e-01 1.468388e+01 2.141751e+00 6.182087e-01 6.257754e-01 1.110072e+00 1.480120e+00 6.232727e-01 1.101711e+00 1.474202e+00 1.768772e+00 1.998660e+00 2.172037e+00 2.301930e+00 2.402424e+00 6.658805e-01 6.806210e-01 3.292354e+00 5.179999e+00 4.213573e+00 2.693782e+00 3.138021e+00 3.495112e+00 3.774647e+00 3.977386e+00 4.093765e+00 7.540186e+00 2.112709e+02 2.816792e+00 3.482603e+01 2.674688e+00 2.643845e+00 2.556747e+00 2.454071e+00 2.319058e+00 2.143106e+00 1.909216e+00 1.597916e+00 1.188303e+00 6.635304e-01 2.402809e+00 2.381725e+00 2.371709e+00 2.389661e+00 2.415923e+00
1.792491e+00 8.241827e+00 7.523628e+00 6.733441e+00 5.879739e+00 4.970925e+00 4.017450e+00 1.572048e+01 2.173920e+00 6.101632e-01 1.080464e+00 1.445832e+00 1.725076e+00 1.930017e+00 2.075025e+00 2.174625e+00 2.244710e+00 2.300916e+00 2.350256e+00 2.394277e+00 2.433493e+00 2.467129e+00 2.502121e+00 2.548675e+00 2.727239e+00 4.261738e+00 2.278548e+00 6.814999e-01 1.327293e+00 1.876798e+00 2.343747e+00 2.733570e+00 3.040162e+00 7.143687e+00 6.984709e+00 2.037635e+02 3.666682e+01 2.670297e+00 2.634619e+00 2.572293e+00 2.477443e+00 2.347800e+00 2.173325e+00 6.645966e-01 1.937605e+00 2.250894e+00 6.685687e-01 2.489453e+00 2.457900e+00 2.444388e+00 2.456002e+00 2.470785e+00
8.878492e+00 2.399854e+00 4.653969e+00 5.053497e+00 7.117924e+00 1.091292e+01 1.270436e+01 2.225875e+00 2.171233e+00 2.159538e+00 2.158324e+00 2.167832e+00 2.185496e+00 2.206415e+00 2.228175e+00 2.251334e+00 4.393569e+00 4.246762e+00 4.063767e+00 3.850083e+00 3.608969e+00 3.344757e+00 3.082587e+00 2.861918e+00 2.512787e+00 1.749290e+00 6.782089e-01 1.233264e+00 1.692951e+00 2.202795e+00 2.634807e+00 2.995256e+00 3.280304e+00 3.476180e+00 7.042663e+00 2.047246e+02 3.841742e+01 2.836241e+00 2.638809e+00 2.586092e+00 2.499412e+00 2.374514e+00 1.194564e+00 6.647851e-01 2.202937e+00 3.208469e+00 6.722425e-01 2.572845e+00 2.537493e+00 2.518978e+00 2.521099e+00 2.521274e+00
2.397221e+00 2.389971e+00 6.220968e-01 2.387348e+00 4.262837e+00 2.363183e+00 2.275749e+00 2.183873e+00 2.237202e+00 2.221203e+00 2.218444e+00 2.221602e+00 2.226236e+00 2.230383e+00 2.234342e+00 2.241187e+00 6.333505e-01 1.140199e+00 1.550474e+00 1.880149e+00 2.131468e+00 2.297136e+00 2.396290e+00 2.459288e+00 6.576868e-01 2.406890e+00 2.832421e+00 3.194154e+00 3.475848e+00 3.685908e+00 4.009500e+00 4.254895e+00 4.423199e+00 4.510498e+00 3.588213e+00 2.058746e+02 3.667060e+01 5.554007e+00 2.644964e+00 2.598530e+00 2.517102e+00 1.612338e+00 6.618147e-01 1.194172e+00 2.405193e+00 3.403991e+00 1.213675e+00 2.652527e+00 2.617194e+00 2.593193e+00 2.584773e+00 2.571090e+00
2.357609e+00 2.365526e+00 2.398066e+00 4.507505e+00 2.416190e+00 2.301427e+00 2.171130e+00 2.261599e+00 2.285692e+00 4.417852e+00 4.246279e+00 4.016896e+00 3.737366e+00 3.420389e+00 3.086302e+00 2.766340e+00 2.510160e+00 2.372621e+00 2.355829e+00 2.406907e+00 2.474370e+00 2.515660e+00 4.907273e+00 5.369519e+00 5.167040e+00 6.915711e+00 6.592875e+00 6.293709e+00 5.988759e+00 5.680700e+00 5.369927e+00 5.340404e+00 5.275302e+00 5.181203e+00 4.527003e+00 2.038909e+02 3.548310e+01 8.189315e+00 2.836784e+00 2.607298e+00 1.931523e+00 6.505103e-01 1.180700e+00 1.614749e+00 2.555004e+00 3.519384e+00 1.652091e+00 2.726275e+00 2.694471e+00 2.665663e+00 2.646386e+00 2.622809e+00
2.295347e+00 2.423158e+00 4.671399e+00 2.446350e+00 2.293217e+00 2.115550e+00 2.269466e+00 2.309555e+00 2.243941e+00 2.332536e+00 2.354227e+00 2.371301e+00 2.377490e+00 2.366543e+00 2.342422e+00 2.315720e+00 2.299075e+00 2.305149e+00 2.338593e+00 2.397168e+00 2.460888e+00 2.495003e+00 6.240069e-01 6.468934e-01 1.172835e+00 2.922020e+00 3.259189e+00 3.559778e+00 3.797882e+00 3.977370e+00 4.095802e+00 4.147282e+00 4.348489e+00 4.481912e+00 9.524305e+00 2.030345e+02 3.429580e+01 1.018461e+01 2.849415e+00 2.319273e+00 1.166283e+00 6.520573e-01 1.593215e+00 1.948552e+00 2.664123e+00 3.566371e+00 2.004467e+00 2.791292e+00 2.765427e+00 2.734263e+00 2.706244e+00 2.677070e+00
2.381221e+00 2.311896e+00 2.435724e+00 2.234419e+00 2.006015e+00 2.245133e+00 2.329348e+00 2.192633e+00 2.313937e+00 6.350281e-01 4.886073e+00 6.982915e+00 6.721363e+00 1.083531e+01 1.280177e+01 1.226141e+01 1.165427e+01 1.099069e+01 1.027759e+01 9.520195e+00 8.710211e+00 7.826995e+00 6.886397e+00 5.920425e+00 4.937921e+00 3.281248e+00 2.212708e+00 1.896937e+00 2.063964e+00 2.316889e+00 2.572888e+00 2.790002e+00 2.960521e+00 3.271953e+00 3.514694e+00 9.320538e+00 2.319389e+02 1.200426e+01 2.640618e+00 1.695996e+00 6.628318e-01 1.179549e+00 1.928489e+00 2.216242e+00 2.745136e+00 3.556429e+00 2.283731e+00 2.845112e+00 2.826144e+00 2.796635e+00 2.764660e+00 2.732931e+00
2.178778e+00 2.381348e+00 2.097293e+00 1.823526e+00 2.175264e+00 2.332376e+00 2.102664e+00 2.298889e+00 2.220012e+00 4.339889e+00 2.274065e+00 2.294706e+00 4.480051e+00 2.428426e+00 2.380604e+00 4.643316e+00 4.513016e+00 4.327857e+00 4.100828e+00 3.843915e+00 3.562719e+00 3.263683e+00 2.986300e+00 2.788166e+00 2.031003e+00 1.260932e+00 1.171270e+00 1.427364e+00 1.834614e+00 2.193230e+00 2.489985e+00 2.728251e+00 2.914122e+00 3.054481e+00 3.334683e+00 6.956703e+00 2.357473e+02 1.414072e+01 1.445808e+00 7.452199e-01 1.297977e+00 1.616608e+00 2.202980e+00 2.430376e+00 2.806782e+00 3.500109e+00 2.501249e+00 2.887596e+00 2.874172e+00 2.848597e+00 2.816858e+00 2.784445e+00
2.307426e+00 1.869833e+00 1.542172e+00 2.042812e+00 2.310524e+00 1.955892e+00 2.277019e+00 2.108740e+00 2.135117e+00 2.154018e+00 2.168699e+00 2.187211e+00 2.392475e+00 2.311004e+00 2.320371e+00 2.435863e+00 4.716402e+00 6.935759e+00 9.194174e+00 8.896212e+00 8.531453e+00 8.099831e+00 7.611289e+00 7.079986e+00 5.795868e+00 4.375585e+00 3.517890e+00 2.706726e+00 2.108661e+00 2.167315e+00 2.450195e+00 2.682440e+00 2.869036e+00 3.014007e+00 3.305851e+00 3.530608e+00 1.046568e+01 2.443839e+02 1.093001e+00 1.392571e+00 1.854099e+00 1.983903e+00 2.428852e+00 2.600705e+00 2.855523e+00 3.409202e+00 2.667245e+00 2.920245e+00 2.908095e+00 2.884932e+00 2.855107e+00 2.822456e+00
1.557287e+00 1.152784e+00 1.829550e+00 2.251498e+00 1.741397e+00 2.252728e+00 1.945365e+00 1.970572e+00 1.989144e+00 1.999882e+00 2.009796e+00 2.331760e+00 2.186409e+00 2.203765e+00 2.386051e+00 2.326014e+00 2.356568e+00 2.483699e+00 2.490552e+00 4.915191e+00 4.850105e+00 4.726634e+00 4.555015e+00 4.346098e+00 3.406351e+00 2.359201e+00 1.901648e+00 1.598085e+00 1.816314e+00 2.145584e+00 1.641062e+01 1.586687e+01 1.529361e+01 1.975236e+01 2.087009e+01 2.057539e+01 2.020643e+01 2.693029e+02 1.302715e+00 1.248260e+00 2.336525e+00 2.433271e+00 2.612172e+00 2.733716e+00 2.895611e+00 3.298372e+00 2.788443e+00 2.943210e+00 2.928634e+00 2.905818e+00 2.878878e+00 2.845574e+00
6.530778e-01 1.539468e+00 2.150131e+00 1.447912e+00 2.227631e+00 1.724852e+00 1.747900e+00 1.763673e+00 1.773666e+00 1.779277e+00 2.267283e+00 2.003339e+00 2.027934e+00 2.321073e+00 2.192752e+00 2.217643e+00 2.403641e+00 2.371561e+00 2.420068e+00 2.476230e+00 4.755351e+00 5.425831e+00 6.036683e+00 7.922360e+00 7.020431e+00 6.652281e+00 6.280334e+00 7.373015e+00 1.081270e+01 1.477983e+01 2.061403e+00 3.595049e+00 5.063763e+00 1.755038e+00 1.770908e+00 3.443106e+00 5.180743e+00 5.473892e+00 2.701067e+02 9.185369e-01 2.019112e+00 2.810041e+00 2.932432e+00 2.833674e+00 2.928412e+00 3.186383e+00 2.870126e+00 2.955742e+00 2.937267e+00 2.914294e+00 2.891873e+00 2.898114e+01
1.159582e+00 2.008967e+00 1.072810e+00 2.197038e+00 1.433246e+00 1.458585e+00 1.471672e+00 1.477715e+00 1.479055e+00 2.207175e+00 1.765008e+00 1.788555e+00 2.243554e+00 2.010480e+00 2.031979e+00 2.312718e+00 2.216518e+00 2.259910e+00 2.311606e+00 2.209906e+00 6.743114e-01 6.745999e-01 2.002661e+00 6.884699e-01 5.994447e-01 1.053620e+00 1.495831e+00 3.879480e+00 4.445858e+00 1.688974e+00 1.243726e+00 1.256061e+00 1.269081e+00 1.279985e+00 1.292797e+00 1.309835e+00 1.317363e+00 1.913486e+00 2.372795e+00 2.670366e+02 1.486881e+00 3.101718e+00 3.185120e+00 2.899765e+00 2.951398e+00 3.093780e+00 2.920313e+00 2.960209e+00 2.937433e+00 2.912385e+00 2.892541e+00 3.231222e+01
1.802082e+00 6.086054e-01 2.157061e+00 1.057554e+00 1.082496e+00 1.096592e+00 1.102374e+00 1.098853e+00 2.155070e+00 1.458981e+00 1.481102e+00 2.166982e+00 1.767527e+00 1.785520e+00 2.213992e+00 2.016873e+00 2.055482e+00 2.101841e+00 1.937446e+00 6.727198e-01 1.213891e+00 1.647572e+00 6.754037e-01 1.230987e+00 2.980291e+00 3.341846e+00 3.650747e+00 4.436880e+00 1.235875e+00 6.833759e-01 6.861653e-01 6.913393e-01 6.971679e-01 7.026710e-01 7.099042e-01 7.190073e-01 3.097382e+00 3.934750e+00 4.207282e+00 4.368393e+00 2.660498e+02 2.468515e+00 3.348229e+00 3.114674e+00 2.958485e+00 3.031126e+00 2.947213e+00 2.960115e+00 2.934095e+00 2.903199e+00 3.414491e+01 2.898194e+00
1.969512e+00 2.096959e+00 5.910194e-01 6.044207e-01 6.144917e-01 6.206936e-01 6.202715e-01 2.122495e+00 1.074920e+00 1.089451e+00 2.103529e+00 1.460232e+00 1.471185e+00 2.116913e+00 1.760731e+00 1.794979e+00 1.836016e+00 1.596253e+00 6.708762e-01 1.212779e+00 1.650926e+00 1.996675e+00 2.269359e+00 2.489320e+00 4.238461e+00 4.315953e+00 4.392924e+00 6.835890e-01 6.808828e-01 1.231741e+00 1.681112e+00 2.046539e+00 2.343695e+00 2.586129e+00 2.785494e+00 2.952597e+00 7.183897e-01 7.208657e-01 1.311066e+00 1.880848e+00 2.288706e+00 2.635041e+02 2.628225e+00 3.253091e+00 2.945441e+00 2.990288e+00 2.954521e+00 2.952895e+00 2.925112e+00 3.593967e+01 2.863893e+00 1.497069e+01
2.192647e+00 2.209295e+00 2.193208e+00 2.162481e+00 2.131715e+00 2.113943e+00 2.110707e+00 6.037417e-01 6.052099e-01 2.061987e+00 1.077827e+00 1.084792e+00 2.041957e+00 1.444057e+00 1.471317e+00 1.504933e+00 1.170924e+00 6.680755e-01 1.208120e+00 1.647737e+00 2.000668e+00 2.274622e+00 2.484186e+00 2.646386e+00 4.395462e+00 4.421026e+00 4.456032e+00 4.468372e+00 4.452755e+00 4.404461e+00 4.319428e+00 4.195843e+00 4.038445e+00 3.857293e+00 3.666827e+00 3.488265e+00 3.350587e+00 3.285349e+00 6.400666e+00 6.965099e+00 7.017529e+00 6.943484e+00 2.517123e+02 5.710068e+00 3.112564e+00 5.809117e+00 6.626905e-01 2.932523e+00 3.770340e+01 2.819138e+00 1.629406e+01 2.001199e+00
1.897287e+00 2.003048e+00 2.053223e+00 2.067981e+00 2.065542e+00 2.061302e+00 2.059560e+00 2.054903e+00 2.048801e+00 6.025984e-01 6.075233e-01 2.000761e+00 1.062607e+00 1.078289e+00 1.100363e+00 6.482816e-01 6.592155e-01 1.193262e+00 1.629852e+00 1.983267e+00 2.263617e+00 2.477973e+00 2.637220e+00 2.753907e+00 4.502924e+00 4.489857e+00 4.497302e+00 4.494754e+00 4.475008e+00 4.428384e+00 4.347084e+00 4.226337e+00 4.068230e+00 3.880862e+00 3.679174e+00 3.485256e+00 3.326597e+00 3.234841e+00 7.114800e-01 7.094830e-01 1.280061e+00 1.818918e+00 8.621809e+00 2.405977e+02 8.622402e+00 6.508747e+00 2.904667e+00 3.648817e+01 2.773866e+00 1.559275e+01 2.011090e+00 1.662851e+00
1.392033e+00 1.620187e+00 1.780994e+00 1.890103e+00 1.960537e+00 2.002129e+00 2.021933e+00 2.024394e+00 2.015406e+00 2.001871e+00 1.990641e+00 5.958257e-01 6.022067e-01 6.101351e-01 6.245098e-01 1.125941e+00 1.537334e+00 1.877275e+00 2.155229e+00 2.376844e+00 2.548114e+00 2.674510e+00 5.348372e+00 5.925547e+00 7.674412e+00 7.439487e+00 7.207297e+00 6.951308e+00 6.668079e+00 6.353607e+00 6.007103e+00 5.629014e+00 5.223339e+00 4.797174e+00 4.363679e+00 3.943695e+00 3.568451e+00 3.293540e+00 3.177550e+00 3.178260e+00 3.217655e+00 3.454052e+00 3.627833e+00 1.204481e+01 2.376720e+02 9.340987e+00 3.522446e+01 2.738494e+00 1.486715e+01 5.980325e+00 4.498877e+00 5.011984e+00
5.767457e-01 1.015191e+00 1.352326e+00 1.608197e+00 1.794151e+00 1.915753e+00 1.984898e+00 2.017020e+00 2.020928e+00 1.999543e+00 1.965231e+00 1.936101e+00 1.926064e+00 1.943439e+00 1.992807e+00 2.073791e+00 2.178756e+00 2.298674e+00 2.421253e+00 2.534179e+00 2.629311e+00 2.701487e+00 6.679926e-01 6.768075e-01 2.426093e+00 2.866761e+00 3.239365e+00 3.532767e+00 3.750580e+00 3.893433e+00 3.964005e+00 3.965161e+00 3.903426e+00 3.788156e+00 3.633898e+00 3.461049e+00 3.297073e+00 3.172658e+00 3.108584e+00 3.104066e+00 3.138786e+00 3.189248e+00 3.430744e+00 3.606769e+00 1.536252e+01 2.402910e+02 3.716713e+01 1.412412e+01 5.468457e+00 6.759311e-01 6.827319e-01 1.235965e+00
-9.999000e+03 -9.999000e+03 -9.999000e+03 -9.999000e+03 -9.999000e+03 -9.999000e+03 -9.999000e+03 6.000365e-01 5.942214e-01 5.772157e-01 5.692897e-01 5.763773e-01 1.015254e+00 1.363906e+00 1.646296e+00 1.878040e+00 2.072389e+00 2.240562e+00 2.384626e+00 2.502317e+00 2.592733e+00 2.654687e+00 2.698439e+00 2.738262e+00 2.081160e+00 1.994327e+00 1.988120e+00 2.091385e+00 2.305359e+00 2.547450e+00 2.760686e+00 2.925915e+00 3.039250e+00 3.101935e+00 3.119796e+00 3.102167e+00 3.066475e+00 3.032860e+00 3.014704e+00 3.021509e+00 3.055984e+00 3.112840e+00 3.175851e+00 3.417950e+00 3.578420e+00 2.467159e+02 5.039850e+01 5.325731e+00 1.225780e+00 1.239373e+00 1.693607e+00 6.884497e-01
-9.999000e+03 -9.999000e+03 -9.999000e+03 -9.999000e+03 -9.999000e+03 -9.999000e+03 -9.999000e+03 -9.999000e+03 -9.999000e+03 -9.999000e+03 9.979882e-01 9.948390e-01 5.953732e-01 6.188295e-01 1.107677e+00 1.494540e+00 1.803425e+00 2.054946e+00 2.255727e+00 2.407178e+00 2.514778e+00 2.584319e+00 2.632022e+00 2.676530e+00 2.026501e+00 1.946802e+00 1.950122e+00 2.065816e+00 2.288764e+00 2.538340e+00 2.761466e+00 2.938304e+00 3.063018e+00 3.134004e+00 3.155368e+00 3.135247e+00 3.089233e+00 3.036723e+00 2.994747e+00 2.978570e+00 2.995452e+00 3.043836e+00 3.110480e+00 3.174486e+00 3.404132e+00 3.538200e+00 2.849594e+02 6.432053e+00 1.695687e+00 2.072125e+00 -9.999000e+03 -9.999000e+03
