tests/data/reference/test_sheet/control/csheetvout_m3.asc
ncols	123
nrows	77
xllcorner	-713746.79929998
yllcorner	-1061022.36961616
cellsize	10.0
NODATA_value	-9999
[rows 23 to 45 of 77, columns 52 to 103 of 123]
1.206679e+00 2.218299e+00 2.407750e+00 2.607659e+00 2.672122e+00 2.726397e+00 2.748408e+00 2.686561e+00 2.679877e+00 2.566977e+00 2.406090e+00 2.389199e+00 2.368917e+00 2.344858e+00 2.314472e+00 2.570802e+00 9.529940e+00 3.662179e+00 2.031838e+00 1.973346e+00 1.806519e+00 1.661385e+00 1.445348e+00 1.639667e+00 6.214960e-01 1.065007e+00 1.643589e+01 5.346876e+00 6.157020e+00 1.747956e+00 1.464845e+00 1.083522e+00 6.062115e-01 5.771380e-01 -9.999000e+03 -9.999000e+03 -9.999000e+03 -9.999000e+03 -9.999000e+03 -9.999000e+03 -9.999000e+03 -9.999000e+03 -9.999000e+03 -9.999000e+03 -9.999000e+03 -9.999000e+03 -9.999000e+03 -9.999000e+03 -9.999000e+03 -9.999000e+03 -9.999000e+03 -9.999000e+03
1.214608e+00 1.649873e+00 2.437402e+00 2.574388e+00 2.709173e+00 2.751922e+00 2.784344e+00 2.796089e+00 2.754393e+00 2.743904e+00 2.663047e+00 2.545708e+00 2.526349e+00 2.499346e+00 2.464026e+00 2.418006e+00 1.171453e+01 3.290495e+00 2.104126e+00 2.075133e+00 1.988266e+00 1.902475e+00 1.754307e+00 1.879431e+00 1.115579e+00 1.434392e+00 6.084711e-01 1.485246e+01 4.762460e+00 5.909083e+00 3.315985e+00 1.446238e+00 1.075931e+00 1.024807e+00 5.671955e-01 -9.999000e+03 -9.999000e+03 -9.999000e+03 -9.999000e+03 -9.999000e+03 -9.999000e+03 -9.999000e+03 -9.999000e+03 -9.999000e+03 -9.999000e+03 -9.999000e+03 -9.999000e+03 -9.999000e+03 -9.999000e+03 -9.999000e+03 -9.999000e+03 -9.999000e+03
2.256853e+00 1.660863e+00 2.007757e+00 2.603908e+00 2.695188e+00 2.777955e+00 2.801465e+00 2.817605e+00 2.821997e+00 2.794468e+00 2.781424e+00 2.723624e+00 2.636090e+00 2.607763e+00 2.571489e+00 2.527170e+00 1.366929e+01 2.922458e+00 2.173866e+00 2.171850e+00 2.140193e+00 2.099429e+00 2.002579e+00 2.076401e+00 1.512323e+00 1.733546e+00 1.096289e+00 1.325279e+01 6.155225e-01 4.141700e+00 8.876772e+00 1.693383e+00 1.432456e+00 1.388736e+00 1.033855e+00 5.971197e-01 5.737693e-01 5.715119e-01 -9.999000e+03 -9.999000e+03 -9.999000e+03 -9.999000e+03 -9.999000e+03 -9.999000e+03 -9.999000e+03 -9.999000e+03 -9.999000e+03 -9.999000e+03 -9.999000e+03 -9.999000e+03 -9.999000e+03 -9.999000e+03
1.232853e+00 2.480838e+00 2.019479e+00 2.286550e+00 2.719491e+00 2.772096e+00 2.816480e+00 2.828211e+00 2.835859e+00 2.835393e+00 2.814862e+00 2.797197e+00 2.750937e+00 2.681432e+00 2.645138e+00 2.602180e+00 1.566032e+01 2.601481e+00 2.238713e+00 2.258409e+00 2.262894e+00 2.254048e+00 2.194832e+00 2.233346e+00 1.827455e+00 1.975592e+00 1.494785e+00 1.164212e+01 1.108501e+00 3.506528e+00 8.442991e+00 1.858629e+00 1.694978e+00 1.673356e+00 1.408805e+00 1.066438e+00 1.016544e+00 5.809429e-01 9.954942e-01 5.687024e-01 -9.999000e+03 -9.999000e+03 -9.999000e+03 -9.999000e+03 -9.999000e+03 -9.999000e+03 -9.999000e+03 -9.999000e+03 -9.999000e+03 -9.999000e+03 -9.999000e+03 -9.999000e+03
1.685731e+00 6.814268e-01 2.647930e+00 2.292887e+00 2.489058e+00 2.790191e+00 2.816348e+00 2.837686e+00 2.842296e+00 2.843636e+00 2.838006e+00 2.818210e+00 2.795622e+00 2.755461e+00 2.696457e+00 2.650201e+00 1.765069e+01 2.399209e+00 2.291009e+00 2.326464e+00 2.352353e+00 2.363964e+00 2.331708e+00 2.349823e+00 2.070271e+00 2.168071e+00 1.818101e+00 1.001898e+01 1.510335e+00 2.896409e+00 7.957827e+00 1.983444e+00 1.881911e+00 1.872670e+00 1.683766e+00 2.341243e+00 6.011715e-01 5.881042e-01 1.007931e+00 1.299449e+00 9.803173e-01 1.748027e+00 -9.999000e+03 -9.999000e+03 -9.999000e+03 -9.999000e+03 -9.999000e+03 -9.999000e+03 -9.999000e+03 -9.999000e+03 -9.999000e+03 -9.999000e+03
2.051800e+00 1.229283e+00 2.765470e+00 2.494485e+00 6.621692e-01 2.630368e+00 2.830013e+00 2.840295e+00 2.847857e+00 2.847307e+00 2.843354e+00 2.832177e+00 2.810369e+00 2.782778e+00 2.741101e+00 2.681254e+00 1.961430e+01 2.340712e+00 2.333623e+00 2.379788e+00 2.417225e+00 2.440327e+00 2.425927e+00 2.433588e+00 2.252890e+00 2.319131e+00 2.077512e+00 8.492236e+00 1.835955e+00 2.401393e+00 7.424561e+00 2.083428e+00 2.013576e+00 2.003505e+00 1.871879e+00 2.481958e+00 1.054243e+00 1.030664e+00 5.871718e-01 1.321526e+00 1.511153e+00 4.474273e+00 1.747090e+00 1.745986e+00 -9.999000e+03 -9.999000e+03 -9.999000e+03 -9.999000e+03 -9.999000e+03 -9.999000e+03 -9.999000e+03 -9.999000e+03
2.339089e+00 1.667817e+00 2.840357e+00 2.636677e+00 6.641695e-01 1.190875e+00 2.723547e+00 2.849480e+00 2.852402e+00 2.852548e+00 2.847685e+00 2.837533e+00 2.818988e+00 2.789555e+00 2.751109e+00 2.701620e+00 2.642144e+00 2.120330e+01 2.374563e+00 2.428148e+00 2.471457e+00 2.499232e+00 2.494103e+00 2.495467e+00 2.387640e+00 2.436114e+00 2.281671e+00 7.114275e+00 2.093651e+00 2.302754e+00 6.841290e+00 2.169259e+00 2.111533e+00 2.091803e+00 1.995268e+00 2.526798e+00 1.388327e+00 1.362132e+00 1.030526e+00 5.850292e-01 4.580287e+00 4.469610e+00 1.957733e+00 4.824302e-01 1.744583e+00 -9.999000e+03 -9.999000e+03 -9.999000e+03 -9.999000e+03 -9.999000e+03 -9.999000e+03 -9.999000e+03
2.550543e+00 2.008308e+00 2.877915e+00 2.728949e+00 1.194346e+00 6.648786e-01 1.615934e+00 2.783585e+00 2.858211e+00 2.856185e+00 2.850249e+00 2.838418e+00 2.818651e+00 2.788326e+00 2.748693e+00 2.704538e+00 2.656921e+00 2.607287e+00 2.277977e+01 2.477795e+00 2.521497e+00 2.547609e+00 2.544580e+00 2.541849e+00 2.485300e+00 2.526118e+00 2.438248e+00 5.851933e+00 2.293158e+00 2.386427e+00 6.213493e+00 2.251845e+00 2.192737e+00 4.051662e+00 2.515870e+00 6.060890e-01 1.636617e+00 1.613533e+00 1.370138e+00 2.333440e+00 4.475121e+00 4.393958e+00 2.061368e+00 8.356915e-01 4.945982e-01 1.743981e+00 -9.999000e+03 -9.999000e+03 -9.999000e+03 -9.999000e+03 -9.999000e+03 -9.999000e+03
2.684893e+00 2.256488e+00 2.882601e+00 2.779869e+00 1.618397e+00 1.197416e+00 6.696456e-01 1.959895e+00 2.816846e+00 2.852616e+00 2.843787e+00 2.828639e+00 2.806764e+00 2.778066e+00 2.744063e+00 2.706614e+00 2.668236e+00 2.630793e+00 2.454662e+01 2.533127e+00 2.570941e+00 2.589257e+00 2.582840e+00 2.577618e+00 2.555853e+00 2.595231e+00 2.553638e+00 4.702044e+00 2.443408e+00 2.476304e+00 5.548183e+00 2.337767e+00 6.112885e+00 2.486976e+00 1.090858e+00 6.191535e-01 1.830299e+00 1.089065e+00 3.118622e+00 2.610344e+00 4.333544e+00 4.220439e+00 2.046935e+00 1.064663e+00 8.439399e-01 5.174145e-01 4.989518e-01 -9.999000e+03 -9.999000e+03 -9.999000e+03 -9.999000e+03 -9.999000e+03
2.735586e+00 2.412633e+00 2.852976e+00 2.790773e+00 6.558392e-01 1.950681e+00 1.623571e+00 1.202358e+00 2.222424e+00 2.822481e+00 2.831668e+00 2.815211e+00 2.792935e+00 2.766798e+00 2.738339e+00 2.709453e+00 2.679951e+00 2.651690e+00 2.629059e+01 2.589194e+00 2.616853e+00 2.624659e+00 2.613202e+00 2.607434e+00 2.607976e+00 2.647959e+00 2.633803e+00 3.679921e+00 2.548975e+00 2.552603e+00 4.845883e+00 8.236264e+00 2.458439e+00 1.490400e+00 1.116681e+00 6.306647e-01 1.264594e+00 1.181544e+00 3.251900e+00 2.814159e+00 4.136035e+00 5.983192e+00 1.257752e+00 5.305216e-01 1.101364e+00 9.005339e-01 8.827618e-01 5.144830e-01 1.744290e+00 -9.999000e+03 -9.999000e+03 -9.999000e+03
2.640342e+00 2.707542e+00 2.485904e+00 2.790969e+00 2.766122e+00 1.164864e+00 2.198119e+00 1.951416e+00 1.619582e+00 2.414721e+00 2.814787e+00 2.809767e+00 2.790531e+00 2.765810e+00 2.738844e+00 2.713013e+00 2.689706e+00 2.667551e+00 2.646618e+00 2.793286e+01 2.650787e+00 2.650537e+00 2.637500e+00 2.634621e+00 2.648639e+00 2.687515e+00 2.683910e+00 2.876962e+00 2.612002e+00 2.603535e+00 1.233951e+01 2.444652e+00 1.809276e+00 1.518312e+00 6.463514e-01 2.379642e+00 1.306868e+00 1.388836e+00 3.365982e+00 2.930082e+00 9.712876e+00 1.457216e+00 5.890066e-01 9.447746e-01 1.303302e+00 1.167467e+00 1.593228e+00 1.919363e+00 5.155905e-01 1.746380e+00 -9.999000e+03 -9.999000e+03
1.358400e+02 1.357430e+02 2.820080e+00 2.675287e+00 2.711939e+00 2.723499e+00 1.566251e+00 2.379111e+00 2.203813e+00 1.951649e+00 2.557776e+00 2.809838e+00 2.799629e+00 2.779219e+00 2.752764e+00 2.725054e+00 2.700123e+00 2.679271e+00 2.659636e+00 3.001208e+01 2.664667e+00 2.659787e+00 2.650670e+00 2.654822e+00 2.676677e+00 2.710546e+00 2.703885e+00 2.681636e+00 2.636858e+00 2.626399e+00 1.400481e+01 2.057983e+00 1.836160e+00 5.078319e-01 1.749122e+00 2.748426e+00 1.466788e+00 1.651156e+00 3.422738e+00 1.216153e+01 1.654678e+00 1.055819e+00 6.066405e-01 1.273631e+00 1.470804e+00 2.790411e+00 2.045976e+00 9.070124e-01 5.519867e-01 1.975909e+00 5.079756e-01 1.746503e+00
6.508053e+00 6.412981e+00 1.394778e+02 2.878231e+00 2.804282e+00 2.847159e+00 2.888939e+00 2.019549e+00 2.687021e+00 2.561754e+00 2.365688e+00 2.848754e+00 3.019701e+00 3.007913e+00 2.985570e+00 2.954730e+00 2.920739e+00 2.889370e+00 2.861524e+00 2.834170e+00 3.201470e+01 2.831054e+00 2.832026e+00 2.847724e+00 2.684075e+00 2.707961e+00 2.688983e+00 2.656336e+00 2.627553e+00 2.622869e+00 1.525378e+01 2.082786e+00 3.474686e-01 1.749134e+00 2.225773e+00 3.035727e+00 1.705570e+00 1.895709e+00 1.504055e+01 1.845561e+00 1.431879e+00 1.083103e+00 1.544797e+00 6.023283e-01 1.616908e+00 4.725724e+00 5.833998e-01 1.222988e+00 9.740705e-01 2.628142e+00 5.505618e-01 1.976507e+00
6.921512e-01 1.253976e+00 1.709136e+00 1.385102e+02 1.386777e+02 1.388067e+02 1.389723e+02 3.019728e+00 2.385758e+00 2.924263e+00 2.840255e+00 2.693088e+00 3.070423e+00 3.180830e+00 6.063067e+00 3.105675e+00 3.063282e+00 3.023935e+00 2.986720e+00 2.948781e+00 6.783332e-01 3.127362e+01 5.692403e+00 2.983957e+00 2.857882e+00 2.866362e+00 2.640724e+00 2.604293e+00 2.593056e+00 2.600316e+00 1.650758e+01 2.599272e-01 3.497462e+00 6.515817e-01 2.589822e+00 3.225247e+00 1.940888e+00 2.096328e+00 1.628006e+01 1.736457e+00 1.466598e+00 1.770762e+00 1.075797e+00 6.102250e-01 1.744472e+00 4.520966e+00 1.025198e+00 1.472145e+00 1.298771e+00 2.678867e+00 9.738715e-01 2.149778e+00
1.728728e+00 2.133392e+00 2.460658e+00 2.702078e+00 2.876325e+00 3.010914e+00 3.110588e+00 1.392880e+02 1.394185e+02 1.388169e+02 1.386646e+02 1.383514e+02 1.377855e+02 1.374576e+02 1.370919e+02 1.394711e+02 1.388371e+02 3.121329e+00 3.087657e+00 3.052454e+00 3.018000e+00 1.234298e+00 3.617080e+01 3.075736e+00 2.966928e+00 2.952596e+00 2.759272e+00 2.535226e+00 2.546380e+00 2.570341e+00 1.519805e+01 3.057619e+00 1.172333e+00 6.540921e-01 2.847406e+00 3.329953e+00 2.136345e+00 2.250131e+00 1.734868e+01 1.772815e+00 1.961473e+00 1.454562e+00 1.090221e+00 1.864560e+00 4.245288e+00 5.944129e-01 1.346956e+00 1.651652e+00 1.538603e+00 2.654473e+00 1.308080e+00 2.249290e+00
1.310098e+00 1.808084e+00 2.216736e+00 3.688482e+01 3.818341e+01 3.948719e+01 4.079818e+01 4.210540e+01 4.340190e+01 4.468459e+01 4.595097e+01 4.719674e+01 4.858972e+01 4.992744e+01 5.120868e+01 5.242143e+01 5.062781e+01 1.854744e+02 1.845415e+02 3.086092e+00 3.065026e+00 3.050048e+00 3.654181e+01 3.116383e+00 3.013734e+00 2.977200e+00 2.815143e+00 2.657466e+00 2.499243e+00 1.827155e+00 1.653436e+01 1.586853e+00 1.176822e+00 6.556442e-01 3.014435e+00 3.361173e+00 2.288390e+00 1.887458e+01 2.013540e+00 2.122402e+00 1.761063e+00 1.475246e+00 1.981569e+00 3.922346e+00 1.058861e+00 1.591447e+00 5.905208e-01 1.773662e+00 1.706535e+00 2.566260e+00 1.561548e+00 2.282578e+00
2.577051e+00 3.510204e+01 3.575706e+01 2.445660e+00 2.488700e+00 2.532597e+00 2.571235e+00 2.605924e+00 2.640586e+00 2.674112e+00 2.702775e+00 2.902439e+00 2.906832e+00 2.918089e+00 2.927136e+00 2.933099e+00 5.928790e+00 8.805478e+00 8.631826e+00 1.889570e+02 1.877650e+02 1.866959e+02 1.855391e+02 3.869363e+01 2.997758e+00 2.953101e+00 2.828139e+00 2.740248e+00 1.945508e+00 3.575497e+00 1.538811e+01 3.044815e+00 1.179505e+00 6.563070e-01 3.103550e+00 3.330060e+00 2.402925e+00 2.011198e+01 2.258088e+00 2.008881e+00 1.789323e+00 2.099309e+00 3.567861e+00 1.429196e+00 1.788843e+00 1.054613e+00 6.011581e-01 1.856157e+00 1.816051e+00 2.426851e+00 1.732088e+00 2.253311e+00
3.421952e+01 2.353293e+00 2.384441e+00 2.416048e+00 2.444805e+00 2.472512e+00 2.500776e+00 2.532271e+00 2.567134e+00 2.601037e+00 2.629893e+00 2.635186e+00 2.658157e+00 2.682309e+00 2.704648e+00 2.926527e+00 2.935219e+00 5.464401e+00 7.499257e+00 9.642230e+00 1.174725e+01 1.052697e+01 9.955320e+00 1.907224e+02 4.059874e+01 2.868391e+00 2.802815e+00 6.815466e-01 6.433696e+00 3.551761e+00 1.427944e+01 4.393658e+00 6.623645e-01 1.179343e+00 3.127936e+00 3.248526e+00 2.487126e+00 2.154470e+01 2.206065e+00 2.042895e+00 2.217582e+00 3.204226e+00 1.728653e+00 1.949167e+00 1.422617e+00 1.074759e+00 1.929380e+00 6.006140e-01 1.889418e+00 2.271950e+00 1.840115e+00 2.185942e+00
2.327947e+00 2.339400e+00 2.354278e+00 2.368021e+00 2.380657e+00 2.395370e+00 2.415646e+00 2.443482e+00 2.475835e+00 2.507373e+00 2.495096e+00 2.521766e+00 2.552406e+00 2.583745e+00 2.659134e+00 2.672046e+00 6.113917e+00 2.753801e+00 2.919764e+00 2.871648e+00 2.870159e+00 5.900849e+00 7.921487e+00 1.055047e+01 1.960654e+02 3.939523e+01 2.765648e+00 2.071373e+00 6.186943e+00 3.566591e+00 1.363148e+01 5.126306e+00 6.651708e-01 1.602545e+00 3.102156e+00 3.131245e+00 2.315707e+01 2.359045e+00 2.244074e+00 2.332285e+00 2.863048e+00 1.973484e+00 2.088079e+00 1.713191e+00 1.445335e+00 2.003836e+00 1.073829e+00 6.129837e-01 1.949130e+00 2.146176e+00 1.913342e+00 2.113249e+00
2.327261e+00 2.322553e+00 2.321949e+00 2.321828e+00 2.320339e+00 2.321698e+00 2.334506e+00 2.357413e+00 2.385716e+00 2.331668e+00 2.356137e+00 2.385966e+00 2.418330e+00 2.536535e+00 2.533345e+00 7.192894e+00 2.652836e+00 2.633676e+00 2.588258e+00 2.601134e+00 2.911191e+00 2.805730e+00 2.950945e+00 2.926399e+00 4.951236e+00 1.927298e+02 2.236442e+02 2.268835e+02 7.816320e+00 3.568862e+00 1.291022e+01 5.294915e+00 1.186996e+00 1.935432e+00 3.038582e+00 2.998358e+00 2.459511e+01 2.398835e+00 2.437230e+00 2.612343e+00 2.176289e+00 2.214919e+00 1.949034e+00 1.737417e+00 2.078072e+00 1.444019e+00 6.231885e-01 1.085979e+00 2.004931e+00 2.078684e+00 1.967264e+00 2.061891e+00
2.324541e+00 2.308586e+00 2.297397e+00 2.284368e+00 2.263311e+00 2.255673e+00 2.263109e+00 2.283089e+00 2.151837e+00 2.169340e+00 2.194033e+00 2.223134e+00 2.407473e+00 2.364034e+00 8.254285e+00 2.528941e+00 2.469251e+00 2.391368e+00 2.411474e+00 2.626543e+00 2.470334e+00 2.655846e+00 2.670347e+00 2.781174e+00 2.754409e+00 4.672297e+00 5.577545e+00 4.450749e+00 2.224829e+02 7.312972e+00 1.567230e+01 5.340179e+00 1.576669e+00 2.175723e+00 2.949392e+00 2.875061e+00 2.603009e+01 2.528845e+00 2.540893e+00 2.343114e+00 2.335936e+00 2.145605e+00 1.975118e+00 2.156706e+00 1.729338e+00 1.103419e+00 6.224709e-01 1.448885e+00 2.059259e+00 2.069411e+00 2.011993e+00 2.046491e+00
2.328421e+00 2.306103e+00 2.284272e+00 2.239963e+00 2.212866e+00 2.200319e+00 2.209197e+00 1.956949e+00 1.964249e+00 1.978635e+00 2.001142e+00 2.288980e+00 2.173633e+00 9.313859e+00 2.405877e+00 2.272499e+00 2.142470e+00 2.157616e+00 2.477943e+00 2.219689e+00 2.258213e+00 2.286719e+00 2.444398e+00 2.442042e+00 2.534693e+00 1.797945e+00 3.976568e+00 3.936929e+00 3.181036e+00 2.169983e+02 2.347305e+02 5.256916e+00 1.974950e+00 2.338660e+00 2.855119e+00 2.784699e+00 2.755193e+01 2.585394e+00 2.477652e+00 2.448648e+00 2.312328e+00 2.174834e+00 2.247919e+00 1.957672e+00 1.482367e+00 1.107035e+00 6.249236e-01 1.723592e+00 2.111549e+00 2.096612e+00 2.058824e+00 2.068996e+00
2.341300e+00 2.312811e+00 2.236639e+00 2.196124e+00 2.163919e+00 2.156850e+00 1.727534e+00 1.731396e+00 1.735569e+00 1.748360e+00 2.188204e+00 1.962294e+00 1.038173e+01 2.298749e+00 2.048267e+00 1.852751e+00 1.858420e+00 2.315982e+00 1.908851e+00 1.948055e+00 1.978645e+00 2.000374e+00 2.018271e+00 2.149927e+00 2.141985e+00 2.228144e+00 1.960141e+00 2.660709e+00 3.059976e+00 3.351920e+00 2.729384e+00 2.305300e+02 2.276777e+00 2.618853e+00 2.778273e+00 2.734461e+00 2.908506e+01 2.583419e+00 2.550770e+00 2.452699e+00 2.343322e+00 2.350185e+00 2.151244e+00 1.793227e+00 1.497841e+00 1.118866e+00 6.308935e-01 1.928522e+00 2.159185e+00 2.139886e+00 2.115587e+00 2.123646e+00
