tests/data/reference/test_sheet/control/csheetvout_m3.asc
ncols	123
nrows	77
xllcorner	-713746.79929998
yllcorner	-1061022.36961616
cellsize	10.0
NODATA_value	-9999
[rows 46 to 68 of 77, columns 0 to 51 of 123]
-9.999000e+03 -9.999000e+03 -9.999000e+03 -9.999000e+03 -9.999000e+03 -9.999000e+03 1.746415e+00 3.495806e+00 1.040860e+00 1.068051e+00 4.970902e-01 8.633653e-01 1.250237e+00 1.341477e+00 1.406091e+00 1.592284e+00 1.401988e+00 1.440362e+00 1.460294e+00 1.496431e+00 1.552665e+00 9.847391e-01 9.944584e-01 9.931659e-01 1.296132e+00 1.521482e+00 1.682137e+00 1.782790e+00 1.839087e+00 1.868547e+00 1.882041e+00 1.605913e+01 1.709872e+01 2.059526e+00 2.085641e+00 2.116751e+00 2.147937e+00 2.179208e+00 2.212903e+00 2.252811e+00 2.298198e+00 2.342551e+00 2.384781e+00 2.425724e+00 2.459982e+00 2.480791e+00 2.488691e+00 2.487215e+00 2.476579e+00 2.452842e+00 2.420688e+00 2.390276e+00
-9.999000e+03 -9.999000e+03 -9.999000e+03 -9.999000e+03 -9.999000e+03 -9.999000e+03 2.085179e+00 1.969328e+00 8.434887e-01 8.615963e-01 5.180843e-01 1.087974e+00 1.228602e+00 1.338778e+00 1.737177e+00 1.313275e+00 1.390656e+00 1.425864e+00 1.451414e+00 1.491556e+00 5.626367e-01 5.717386e-01 5.762233e-01 5.758497e-01 1.000973e+00 1.321221e+00 1.554332e+00 1.167243e+01 1.285485e+01 1.401570e+01 1.515917e+01 2.077862e+00 2.090078e+00 2.106335e+00 2.123999e+00 2.139818e+00 2.155708e+00 2.176010e+00 2.204941e+00 2.245119e+00 2.289060e+00 2.333093e+00 2.375590e+00 2.415433e+00 2.446885e+00 2.465682e+00 2.475152e+00 2.479211e+00 2.475502e+00 2.459292e+00 2.434842e+00 2.412273e+00
-9.999000e+03 -9.999000e+03 -9.999000e+03 -9.999000e+03 -9.999000e+03 1.745322e+00 1.485665e+00 2.163404e+00 5.071778e-01 5.117445e-01 8.361886e-01 1.041799e+00 1.222180e+00 1.936950e+00 1.143949e+00 1.294275e+00 1.379573e+00 1.423957e+00 1.453329e+00 1.491981e+00 2.884385e+00 4.220059e+00 5.525691e+00 7.458415e+00 8.507190e+00 9.660852e+00 1.085822e+01 1.989012e+00 2.023316e+00 2.062281e+00 2.090917e+00 2.107051e+00 2.120549e+00 2.130594e+00 2.137033e+00 2.141588e+00 2.148841e+00 2.165522e+00 2.197239e+00 2.234076e+00 2.275078e+00 2.316120e+00 2.356604e+00 2.392414e+00 2.419687e+00 2.438576e+00 2.452133e+00 2.460461e+00 2.460265e+00 2.452811e+00 2.442404e+00 2.182584e+00
-9.999000e+03 -9.999000e+03 -9.999000e+03 -9.999000e+03 4.010600e+00 5.804809e-01 1.037677e+00 1.749340e+00 4.927338e-01 4.822428e-01 7.897645e-01 1.084834e+00 2.169601e+00 8.754412e-01 1.113302e+00 1.267879e+00 1.363821e+00 1.414887e+00 1.444645e+00 1.480566e+00 1.534068e+00 1.599967e+00 2.364552e+00 1.572389e+00 1.752037e+00 1.864058e+00 1.931541e+00 1.980547e+00 2.029156e+00 2.067191e+00 2.094858e+00 2.115329e+00 2.125440e+00 2.128630e+00 2.127855e+00 2.126619e+00 2.131122e+00 2.155886e+00 2.183759e+00 2.220416e+00 2.257220e+00 2.295312e+00 2.330856e+00 2.360470e+00 2.384392e+00 2.405331e+00 2.424280e+00 2.434022e+00 2.438197e+00 2.440227e+00 2.054544e+00 2.040299e+00
-9.999000e+03 -9.999000e+03 -9.999000e+03 -9.999000e+03 2.271699e+00 1.277694e+00 8.154295e-01 9.359824e-01 7.500721e-01 4.623561e-01 9.497549e-01 2.406161e+00 5.050138e-01 8.505381e-01 1.081041e+00 1.233996e+00 1.334560e+00 1.386543e+00 1.410693e+00 1.446121e+00 1.497431e+00 2.567712e+00 1.333561e+00 1.570129e+00 1.722690e+00 1.814225e+00 1.879713e+00 1.947418e+00 1.997359e+00 2.037175e+00 2.074397e+00 2.094787e+00 2.102574e+00 2.102197e+00 2.098131e+00 2.095582e+00 2.117663e+00 2.133544e+00 2.167320e+00 2.200289e+00 2.236052e+00 2.270248e+00 2.299430e+00 2.323607e+00 2.346389e+00 2.373466e+00 2.391930e+00 2.405590e+00 2.411170e+00 1.839523e+00 1.838375e+00 1.821822e+00
-9.999000e+03 -9.999000e+03 -9.999000e+03 1.745630e+00 5.274916e-01 1.227087e+00 4.747378e-01 7.027195e-01 4.482118e-01 7.999920e-01 1.650582e+00 9.591224e-01 4.893026e-01 8.181624e-01 1.035540e+00 1.188367e+00 1.290369e+00 1.326819e+00 1.345621e+00 1.374827e+00 2.745980e+00 1.004708e+00 1.308186e+00 1.508417e+00 1.630029e+00 1.711122e+00 1.799303e+00 1.863901e+00 1.919553e+00 1.977186e+00 2.012461e+00 2.031763e+00 2.039353e+00 2.039037e+00 2.036396e+00 2.071586e+00 2.075895e+00 2.109621e+00 2.137846e+00 2.172428e+00 2.207663e+00 2.237789e+00 2.261606e+00 2.283832e+00 2.318177e+00 2.339153e+00 2.360920e+00 2.365673e+00 1.535911e+00 1.540232e+00 1.535869e+00 1.519851e+00
-9.999000e+03 -9.999000e+03 -9.999000e+03 1.744562e+00 1.272092e+00 6.668853e-01 4.359309e-01 4.071893e-01 6.039920e-01 6.275279e-01 1.110073e+00 8.349155e-01 4.658345e-01 7.678726e-01 9.792469e-01 1.132463e+00 1.199005e+00 1.222069e+00 1.232866e+00 2.875025e+00 5.649187e-01 9.620432e-01 1.222951e+00 1.376768e+00 1.472399e+00 1.586368e+00 1.661799e+00 1.731806e+00 1.818168e+00 1.871874e+00 1.904563e+00 1.922650e+00 1.929878e+00 1.931352e+00 1.997593e+00 1.992195e+00 2.037833e+00 2.063315e+00 2.096300e+00 2.132423e+00 2.166691e+00 2.192813e+00 2.215654e+00 2.263866e+00 2.282690e+00 2.308015e+00 2.303300e+00 1.140256e+00 1.144744e+00 1.144257e+00 1.138133e+00 9.426050e+00
-9.999000e+03 -9.999000e+03 4.704590e+00 6.014657e-02 6.472360e-01 6.059461e-01 3.745355e-01 3.506965e-01 3.699555e-01 3.389376e-01 7.726326e-01 6.944262e-01 4.263935e-01 7.111403e-01 9.227784e-01 1.006604e+00 1.042249e+00 1.057348e+00 1.747849e+00 1.196067e+00 5.294125e-01 8.777432e-01 1.073511e+00 1.173814e+00 1.319684e+00 1.404516e+00 1.484659e+00 1.604232e+00 1.679359e+00 1.728372e+00 1.758643e+00 1.773091e+00 1.776669e+00 1.893300e+00 1.865692e+00 1.934391e+00 1.961683e+00 2.000721e+00 2.036860e+00 2.071631e+00 2.101068e+00 2.127124e+00 2.203121e+00 2.218776e+00 2.248488e+00 2.223318e+00 6.361776e-01 6.407419e-01 6.414273e-01 6.386493e-01 9.893787e+00 2.362956e+00
-9.999000e+03 -9.999000e+03 3.029872e+00 6.652260e-01 4.331250e-01 3.789801e-01 3.255983e-01 3.762125e-01 5.527292e-01 4.192464e-01 3.492999e-01 5.457779e-01 3.869607e-01 6.664238e-01 7.544488e-01 7.862871e-01 8.015196e-01 8.197946e-01 8.164944e-01 1.058244e+00 4.776786e-01 7.368578e-01 8.307131e-01 1.014189e+00 1.100121e+00 1.185885e+00 1.346128e+00 1.437537e+00 1.501791e+00 1.546498e+00 1.570787e+00 1.575976e+00 1.770640e+00 1.697664e+00 1.799336e+00 1.816579e+00 1.868129e+00 1.914718e+00 1.949499e+00 1.975256e+00 2.001575e+00 2.123130e+00 2.130530e+00 2.170281e+00 2.118060e+00 2.129899e+00 2.240565e+00 2.319731e+00 8.234662e+00 1.028246e+01 2.295086e+00 2.291635e+00
-9.999000e+03 1.738134e+00 4.995363e+00 9.304629e-01 4.171386e-01 2.785625e-01 3.900504e-01 3.889928e-01 -9.999000e+03 -9.999000e+03 -9.999000e+03 3.457572e-01 3.675329e-01 4.326696e-01 4.574475e-01 4.587970e-01 4.697280e-01 4.877927e-01 4.690139e-01 3.933064e-01 3.729736e-01 4.429201e-01 6.883449e-01 7.632196e-01 8.398539e-01 1.052474e+00 1.150237e+00 1.218478e+00 1.271986e+00 1.306686e+00 1.318975e+00 1.640336e+00 1.491816e+00 1.648870e+00 1.635145e+00 1.691945e+00 1.750485e+00 1.793363e+00 1.815840e+00 1.835741e+00 2.023143e+00 2.002669e+00 2.053545e+00 1.967341e+00 1.975364e+00 2.246747e+00 4.218287e+00 6.114869e+00 2.350583e+00 2.184566e+00 2.183384e+00 2.183949e+00
-9.999000e+03 4.664269e+00 9.855079e-01 4.156733e-01 3.640398e-01 3.707752e-01 -9.999000e+03 -9.999000e+03 -9.999000e+03 -9.999000e+03 -9.999000e+03 -9.999000e+03 3.846093e-01 4.207322e-01 6.857194e-01 8.490737e-01 4.587379e-01 7.645229e-01 9.310453e-01 8.977450e-01 3.409692e-01 3.479831e-01 4.042932e-01 4.577601e-01 7.386878e-01 8.246900e-01 8.812515e-01 9.296350e-01 9.656129e-01 9.822609e-01 1.501209e+00 1.241002e+00 1.493104e+00 1.419875e+00 1.475581e+00 1.539119e+00 1.589398e+00 1.611851e+00 1.624551e+00 1.910884e+00 1.831542e+00 1.888008e+00 1.755254e+00 1.762257e+00 2.158471e+00 1.971317e+00 1.989120e+00 2.290954e+00 2.019876e+00 2.021469e+00 2.019289e+00 2.324631e+00
1.745717e+00 1.183298e+00 6.026520e-01 3.676480e-01 2.646291e-01 4.203200e-01 -9.999000e+03 -9.999000e+03 -9.999000e+03 -9.999000e+03 -9.999000e+03 -9.999000e+03 -9.999000e+03 -9.999000e+03 -9.999000e+03 4.645643e-01 9.822043e-01 4.805446e-01 4.648736e-01 4.394159e-01 1.178842e+00 -9.999000e+03 -9.999000e+03 4.041447e-01 4.589876e-01 4.873402e-01 5.149326e-01 5.395703e-01 5.511537e-01 1.351649e+00 9.229630e-01 1.336593e+00 1.161607e+00 1.210555e+00 1.272104e+00 1.324382e+00 1.349332e+00 1.356928e+00 1.789489e+00 1.609454e+00 1.666566e+00 1.469213e+00 1.477237e+00 2.040325e+00 1.747967e+00 1.759483e+00 2.220619e+00 1.788194e+00 1.794584e+00 1.791820e+00 2.249595e+00 1.993964e+00
1.742808e+00 3.557704e-01 3.402037e-01 3.392818e-01 4.248690e-01 -9.999000e+03 -9.999000e+03 -9.999000e+03 -9.999000e+03 -9.999000e+03 -9.999000e+03 -9.999000e+03 -9.999000e+03 -9.999000e+03 -9.999000e+03 -9.999000e+03 -9.999000e+03 -9.999000e+03 -9.999000e+03 -9.999000e+03 -9.999000e+03 -9.999000e+03 -9.999000e+03 3.891348e-01 4.463873e-01 4.653329e-01 7.883565e-01 1.029999e+00 1.201045e+00 5.173276e-01 1.180240e+00 8.501272e-01 8.856051e-01 9.377600e-01 9.847065e-01 1.006656e+00 1.015137e+00 1.664986e+00 1.329995e+00 1.378382e+00 1.094727e+00 1.103521e+00 1.881843e+00 1.460063e+00 1.463323e+00 2.144383e+00 1.481890e+00 1.488809e+00 1.490074e+00 2.157756e+00 1.748332e+00 2.228094e+00
-9.999000e+03 4.357283e-01 4.206305e-01 4.643768e-01 -9.999000e+03 -9.999000e+03 -9.999000e+03 -9.999000e+03 -9.999000e+03 -9.999000e+03 -9.999000e+03 -9.999000e+03 -9.999000e+03 -9.999000e+03 -9.999000e+03 -9.999000e+03 -9.999000e+03 -9.999000e+03 -9.999000e+03 -9.999000e+03 -9.999000e+03 -9.999000e+03 -9.999000e+03 -9.999000e+03 -9.999000e+03 -9.999000e+03 4.877494e-01 5.081478e-01 8.458661e-01 1.027578e+00 4.720661e-01 4.917333e-01 5.217489e-01 5.549037e-01 5.688987e-01 5.721917e-01 1.529926e+00 9.881450e-01 1.018074e+00 6.132420e-01 6.214844e-01 1.670380e+00 1.090957e+00 1.091824e+00 2.068686e+00 1.097420e+00 1.100523e+00 1.101839e+00 2.045722e+00 1.447288e+00 2.161061e+00 1.145432e+00
-9.999000e+03 -9.999000e+03 -9.999000e+03 -9.999000e+03 -9.999000e+03 -9.999000e+03 -9.999000e+03 -9.999000e+03 -9.999000e+03 -9.999000e+03 -9.999000e+03 -9.999000e+03 -9.999000e+03 -9.999000e+03 -9.999000e+03 -9.999000e+03 -9.999000e+03 -9.999000e+03 -9.999000e+03 -9.999000e+03 -9.999000e+03 -9.999000e+03 -9.999000e+03 -9.999000e+03 -9.999000e+03 -9.999000e+03 -9.999000e+03 -9.999000e+03 4.969729e-01 7.812667e-01 4.486765e-01 4.685260e-01 5.058307e-01 8.920325e-01 1.179895e+00 1.372689e+00 5.561064e-01 5.732202e-01 5.884872e-01 1.042297e+00 1.394244e+00 6.142524e-01 6.166782e-01 1.986888e+00 6.185873e-01 6.189108e-01 6.177199e-01 1.900449e+00 1.076445e+00 2.125239e+00 6.305307e-01 6.505725e-01
-9.999000e+03 -9.999000e+03 -9.999000e+03 -9.999000e+03 -9.999000e+03 -9.999000e+03 -9.999000e+03 -9.999000e+03 -9.999000e+03 -9.999000e+03 -9.999000e+03 -9.999000e+03 -9.999000e+03 -9.999000e+03 -9.999000e+03 -9.999000e+03 -9.999000e+03 -9.999000e+03 -9.999000e+03 -9.999000e+03 -9.999000e+03 -9.999000e+03 -9.999000e+03 -9.999000e+03 -9.999000e+03 -9.999000e+03 -9.999000e+03 -9.999000e+03 -9.999000e+03 4.604892e-01 9.477398e-01 7.726682e-01 8.294323e-01 5.553595e-01 5.616641e-01 5.455869e-01 5.466367e-01 5.669863e-01 9.948138e-01 1.322253e+00 1.569422e+00 1.750059e+00 1.882580e+00 6.146835e-01 1.086359e+00 1.446042e+00 1.709817e+00 6.051889e-01 2.106907e+00 6.186780e-01 1.104770e+00 1.498668e+00
-9.999000e+03 -9.999000e+03 -9.999000e+03 -9.999000e+03 -9.999000e+03 -9.999000e+03 -9.999000e+03 -9.999000e+03 -9.999000e+03 -9.999000e+03 -9.999000e+03 -9.999000e+03 -9.999000e+03 -9.999000e+03 -9.999000e+03 -9.999000e+03 -9.999000e+03 -9.999000e+03 -9.999000e+03 -9.999000e+03 -9.999000e+03 -9.999000e+03 -9.999000e+03 -9.999000e+03 -9.999000e+03 -9.999000e+03 -9.999000e+03 -9.999000e+03 -9.999000e+03 -9.999000e+03 7.950449e-01 -9.999000e+03 -9.999000e+03 -9.999000e+03 -9.999000e+03 -9.999000e+03 -9.999000e+03 -9.999000e+03 5.807220e-01 1.014067e+00 1.334598e+00 1.561655e+00 1.723932e+00 1.848437e+00 1.946314e+00 2.022396e+00 2.074446e+00 2.093713e+00 5.988677e-01 1.071687e+00 1.449410e+00 1.748733e+00
-9.999000e+03 -9.999000e+03 -9.999000e+03 -9.999000e+03 -9.999000e+03 -9.999000e+03 -9.999000e+03 -9.999000e+03 -9.999000e+03 -9.999000e+03 -9.999000e+03 -9.999000e+03 -9.999000e+03 -9.999000e+03 -9.999000e+03 -9.999000e+03 -9.999000e+03 -9.999000e+03 -9.999000e+03 -9.999000e+03 -9.999000e+03 -9.999000e+03 -9.999000e+03 -9.999000e+03 -9.999000e+03 -9.999000e+03 -9.999000e+03 -9.999000e+03 -9.999000e+03 -9.999000e+03 -9.999000e+03 -9.999000e+03 -9.999000e+03 -9.999000e+03 -9.999000e+03 -9.999000e+03 -9.999000e+03 -9.999000e+03 -9.999000e+03 -9.999000e+03 -9.999000e+03 5.820166e-01 5.880975e-01 6.040432e-01 1.067202e+00 1.417770e+00 1.668932e+00 1.825168e+00 1.923312e+00 2.004652e+00 2.078377e+00 2.143391e+00
-9.999000e+03 -9.999000e+03 -9.999000e+03 -9.999000e+03 -9.999000e+03 -9.999000e+03 -9.999000e+03 -9.999000e+03 -9.999000e+03 -9.999000e+03 -9.999000e+03 -9.999000e+03 -9.999000e+03 -9.999000e+03 -9.999000e+03 -9.999000e+03 -9.999000e+03 -9.999000e+03 -9.999000e+03 -9.999000e+03 -9.999000e+03 -9.999000e+03 -9.999000e+03 -9.999000e+03 -9.999000e+03 -9.999000e+03 -9.999000e+03 -9.999000e+03 -9.999000e+03 -9.999000e+03 -9.999000e+03 -9.999000e+03 -9.999000e+03 -9.999000e+03 -9.999000e+03 -9.999000e+03 -9.999000e+03 -9.999000e+03 -9.999000e+03 -9.999000e+03 -9.999000e+03 -9.999000e+03 -9.999000e+03 -9.999000e+03 6.145524e-01 6.108321e-01 1.065023e+00 1.389947e+00 5.994393e-01 1.076081e+00 1.449311e+00 1.718574e+00
-9.999000e+03 -9.999000e+03 -9.999000e+03 -9.999000e+03 -9.999000e+03 -9.999000e+03 -9.999000e+03 -9.999000e+03 -9.999000e+03 -9.999000e+03 -9.999000e+03 -9.999000e+03 -9.999000e+03 -9.999000e+03 -9.999000e+03 -9.999000e+03 -9.999000e+03 -9.999000e+03 -9.999000e+03 -9.999000e+03 -9.999000e+03 -9.999000e+03 -9.999000e+03 -9.999000e+03 -9.999000e+03 -9.999000e+03 -9.999000e+03 -9.999000e+03 -9.999000e+03 -9.999000e+03 -9.999000e+03 -9.999000e+03 -9.999000e+03 -9.999000e+03 -9.999000e+03 -9.999000e+03 -9.999000e+03 -9.999000e+03 -9.999000e+03 -9.999000e+03 -9.999000e+03 -9.999000e+03 -9.999000e+03 -9.999000e+03 -9.999000e+03 -9.999000e+03 -9.999000e+03 -9.999000e+03 -9.999000e+03 -9.999000e+03 6.237014e-01 1.074694e+00
-9.999000e+03 -9.999000e+03 -9.999000e+03 -9.999000e+03 -9.999000e+03 -9.999000e+03 -9.999000e+03 -9.999000e+03 -9.999000e+03 -9.999000e+03 -9.999000e+03 -9.999000e+03 -9.999000e+03 -9.999000e+03 -9.999000e+03 -9.999000e+03 -9.999000e+03 -9.999000e+03 -9.999000e+03 -9.999000e+03 -9.999000e+03 -9.999000e+03 -9.999000e+03 -9.999000e+03 -9.999000e+03 -9.999000e+03 -9.999000e+03 -9.999000e+03 -9.999000e+03 -9.999000e+03 -9.999000e+03 -9.999000e+03 -9.999000e+03 -9.999000e+03 -9.999000e+03 -9.999000e+03 -9.999000e+03 -9.999000e+03 -9.999000e+03 -9.999000e+03 -9.999000e+03 -9.999000e+03 -9.999000e+03 -9.999000e+03 -9.999000e+03 -9.999000e+03 -9.999000e+03 -9.999000e+03 -9.999000e+03 -9.999000e+03 -9.999000e+03 5.908209e-01
-9.999000e+03 -9.999000e+03 -9.999000e+03 -9.999000e+03 -9.999000e+03 -9.999000e+03 -9.999000e+03 -9.999000e+03 -9.999000e+03 -9.999000e+03 -9.999000e+03 -9.999000e+03 -9.999000e+03 -9.999000e+03 -9.999000e+03 -9.999000e+03 -9.999000e+03 -9.999000e+03 -9.999000e+03 -9.999000e+03 -9.999000e+03 -9.999000e+03 -9.999000e+03 -9.999000e+03 -9.999000e+03 -9.999000e+03 -9.999000e+03 -9.999000e+03 -9.999000e+03 -9.999000e+03 -9.999000e+03 -9.999000e+03 -9.999000e+03 -9.999000e+03 -9.999000e+03 -9.999000e+03 -9.999000e+03 -9.999000e+03 -9.999000e+03 -9.999000e+03 -9.999000e+03 -9.999000e+03 -9.999000e+03 -9.999000e+03 -9.999000e+03 -9.999000e+03 -9.999000e+03 -9.999000e+03 -9.999000e+03 -9.999000e+03 -9.999000e+03 -9.999000e+03
-9.999000e+03 -9.999000e+03 -9.999000e+03 -9.999000e+03 -9.999000e+03 -9.999000e+03 -9.999000e+03 -9.999000e+03 -9.999000e+03 -9.999000e+03 -9.999000e+03 -9.999000e+03 -9.999000e+03 -9.999000e+03 -9.999000e+03 -9.999000e+03 -9.999000e+03 -9.999000e+03 -9.999000e+03 -9.999000e+03 -9.999000e+03 -9.999000e+03 -9.999000e+03 -9.999000e+03 -9.999000e+03 -9.999000e+03 -9.999000e+03 -9.999000e+03 -9.999000e+03 -9.999000e+03 -9.999000e+03 -9.999000e+03 -9.999000e+03 -9.999000e+03 -9.999000e+03 -9.999000e+03 -9.999000e+03 -9.999000e+03 -9.999000e+03 -9.999000e+03 -9.999000e+03 -9.999000e+03 -9.999000e+03 -9.999000e+03 -9.999000e+03 -9.999000e+03 -9.999000e+03 -9.999000e+03 -9.999000e+03 -9.999000e+03 -9.999000e+03 -9.999000e+03
