tests/data/reference/test_sheet/control/csheetvout_m3.asc
ncols	123
nrows	77
xllcorner	-713746.79929998
yllcorner	-1061022.36961616
cellsize	10.0
NODATA_value	-9999
[rows 23 to 45 of 77, columns 0 to 51 of 123]
-9.999000e+03 -9.999000e+03 -9.999000e+03 -9.999000e+03 -9.999000e+03 -9.999000e+03 -9.999000e+03 -9.999000e+03 -9.999000e+03 -9.999000e+03 -9.999000e+03 -9.999000e+03 -9.999000e+03 -9.999000e+03 4.790978e-01 1.362759e+00 2.969988e+00 1.093506e+01 5.020290e-01 2.993783e-01 1.349307e-01 2.288931e+00 2.168321e-01 4.917004e+00 6.788345e+00 2.636879e+00 5.370282e+00 5.476964e+00 1.858702e+00 5.577146e+00 6.304125e-01 1.126044e+00 1.515033e+00 2.299091e+00 8.934681e+00 2.447415e+00 4.659943e+00 6.476551e-01 5.253739e+00 2.548019e+00 2.575110e+00 2.593761e+00 2.609159e+00 2.606161e+00 2.597863e+00 2.561933e+00 2.549074e+00 2.567509e+00 2.449011e+00 1.952663e+00 1.627138e+00 6.691732e-01
-9.999000e+03 -9.999000e+03 -9.999000e+03 -9.999000e+03 -9.999000e+03 -9.999000e+03 -9.999000e+03 -9.999000e+03 -9.999000e+03 -9.999000e+03 -9.999000e+03 -9.999000e+03 -9.999000e+03 -9.999000e+03 1.415020e+01 1.442591e+01 1.437063e+01 9.009690e-01 4.931872e-01 5.759485e-01 2.047768e+00 4.171021e+00 6.501350e-01 7.605881e-01 4.875164e+00 9.209128e+00 5.096287e+00 5.211968e+00 2.153624e+00 6.835096e-01 4.813996e+00 1.123660e+00 1.512177e+00 1.810395e+00 1.090592e+01 2.459555e+00 4.053592e+00 6.503437e-01 5.728064e+00 2.582607e+00 2.607885e+00 2.631701e+00 2.654384e+00 2.659686e+00 2.653066e+00 2.627318e+00 2.612601e+00 2.618882e+00 2.566245e+00 2.218169e+00 6.701211e-01 1.974314e+00
-9.999000e+03 -9.999000e+03 -9.999000e+03 -9.999000e+03 -9.999000e+03 -9.999000e+03 -9.999000e+03 -9.999000e+03 -9.999000e+03 -9.999000e+03 -9.999000e+03 -9.999000e+03 -9.999000e+03 -9.999000e+03 2.788991e-01 8.032919e-01 5.309761e-01 5.274739e-01 5.211205e-01 1.601987e-01 2.484811e+00 2.400650e+00 4.389915e+00 1.154109e+00 1.236924e+00 4.810179e+00 1.393238e+01 4.897405e+00 2.384650e+00 6.884849e-01 1.235361e+00 4.401511e+00 1.608763e+00 1.798497e+00 2.019641e+00 1.294445e+01 6.411515e-01 3.445851e+00 1.162627e+00 8.062826e+00 2.626376e+00 2.653444e+00 2.681824e+00 2.693235e+00 2.689590e+00 2.672273e+00 2.660898e+00 2.667347e+00 2.654710e+00 2.426141e+00 1.214260e+00 6.798789e-01
-9.999000e+03 -9.999000e+03 -9.999000e+03 -9.999000e+03 -9.999000e+03 -9.999000e+03 -9.999000e+03 -9.999000e+03 -9.999000e+03 -9.999000e+03 -9.999000e+03 -9.999000e+03 5.676488e-01 5.129111e-01 2.936822e+00 9.006419e-01 5.339748e-01 3.578527e-01 1.353188e-01 2.269617e+00 1.847265e+00 4.398741e+00 2.669397e+00 4.559432e+00 1.548980e+00 1.622904e+00 1.827681e+01 4.523518e+00 2.551921e+00 1.231425e+00 6.834001e-01 1.677051e+00 3.928474e+00 1.974649e+00 2.132677e+00 2.165663e+00 1.245002e+01 1.148815e+00 2.891626e+00 1.565656e+00 1.036355e+01 2.662242e+00 2.693203e+00 2.709152e+00 2.710666e+00 2.703033e+00 2.699700e+00 2.712199e+00 2.723730e+00 2.588311e+00 1.661370e+00 6.838376e-01
-9.999000e+03 -9.999000e+03 -9.999000e+03 -9.999000e+03 -9.999000e+03 -9.999000e+03 -9.999000e+03 -9.999000e+03 -9.999000e+03 -9.999000e+03 -9.999000e+03 -9.999000e+03 -9.999000e+03 5.599158e-01 8.205065e-01 7.768372e-01 4.151099e-01 1.171784e-01 2.223048e+00 1.842372e+00 1.908491e+00 1.978288e+00 6.283704e+00 8.753790e+00 1.301434e+01 1.417768e+01 1.533439e+01 1.769606e+01 4.083510e+00 2.656873e+00 1.656551e+00 1.220141e+00 2.011881e+00 3.417268e+00 2.244125e+00 2.392197e+00 2.439652e+00 1.221592e+01 1.550215e+00 2.580768e+00 1.153107e+01 2.660180e+00 2.690074e+00 2.709969e+00 2.720192e+00 2.726115e+00 2.735529e+00 2.756436e+00 2.781566e+00 2.714763e+00 2.027739e+00 1.240819e+00
-9.999000e+03 -9.999000e+03 -9.999000e+03 -9.999000e+03 -9.999000e+03 -9.999000e+03 -9.999000e+03 -9.999000e+03 -9.999000e+03 -9.999000e+03 -9.999000e+03 -9.999000e+03 -9.999000e+03 -9.999000e+03 -9.999000e+03 4.749219e-01 6.423485e-02 1.747971e+00 3.494427e+00 3.757158e+00 3.914343e+00 3.942330e+00 3.862994e+00 3.698371e+00 3.468871e+00 3.196879e+00 2.898805e+00 1.764909e+01 3.458165e+01 3.607472e+00 2.707241e+00 1.967677e+00 1.617879e+00 2.240146e+00 2.966033e+00 2.455046e+00 2.594201e+00 2.644372e+00 1.189217e+01 1.982343e+00 1.363602e+01 2.651857e+00 2.680811e+00 2.705680e+00 2.727097e+00 2.748790e+00 2.772627e+00 2.801310e+00 2.832924e+00 2.813376e+00 2.324275e+00 1.696552e+00
-9.999000e+03 -9.999000e+03 -9.999000e+03 -9.999000e+03 -9.999000e+03 -9.999000e+03 -9.999000e+03 -9.999000e+03 -9.999000e+03 -9.999000e+03 -9.999000e+03 -9.999000e+03 -9.999000e+03 -9.999000e+03 -9.999000e+03 -9.999000e+03 1.106431e-01 1.922620e+00 2.245378e+00 2.463783e+00 2.564488e+00 2.564444e+00 2.494425e+00 2.389920e+00 2.285195e+00 2.216582e+00 2.199156e+00 2.209999e+00 2.225921e+00 3.594768e+01 3.860760e+01 4.028017e+01 2.168304e+00 1.898870e+00 2.390982e+00 2.811411e+00 5.215321e+00 7.684414e+00 2.782942e+00 1.148979e+01 2.326799e+00 1.607372e+01 2.676900e+00 2.708661e+00 2.741401e+00 2.777479e+00 2.813363e+00 2.846740e+00 2.880033e+00 2.890381e+00 2.558872e+00 2.063910e+00
-9.999000e+03 -9.999000e+03 -9.999000e+03 -9.999000e+03 -9.999000e+03 -9.999000e+03 -9.999000e+03 -9.999000e+03 -9.999000e+03 -9.999000e+03 -9.999000e+03 -9.999000e+03 -9.999000e+03 -9.999000e+03 -9.999000e+03 -9.999000e+03 1.748167e+00 1.300772e+00 1.435284e+00 1.572793e+00 1.685957e+00 1.595569e+01 1.517617e+01 1.433360e+01 1.343708e+01 1.249329e+01 1.149829e+01 1.044185e+01 9.330548e+00 8.178318e+00 6.980747e+00 5.726646e+00 4.465379e+01 4.535668e+01 4.570203e+01 4.649022e+01 4.484369e+01 4.315709e+01 4.912798e+01 5.018451e+01 5.992280e+01 6.046489e+01 1.844110e+01 2.893677e+00 2.941685e+00 2.798984e+00 2.846458e+00 2.884144e+00 2.918952e+00 2.947213e+00 2.734270e+00 2.347660e+00
-9.999000e+03 -9.999000e+03 -9.999000e+03 -9.999000e+03 -9.999000e+03 -9.999000e+03 -9.999000e+03 -9.999000e+03 -9.999000e+03 -9.999000e+03 -9.999000e+03 -9.999000e+03 -9.999000e+03 -9.999000e+03 -9.999000e+03 1.748172e+00 1.274082e+00 1.368223e+00 1.267908e+01 1.381792e+01 1.496671e+01 1.929248e+00 3.764071e+00 5.535224e+00 5.308649e+00 8.873195e+00 1.048754e+01 1.205085e+01 1.150809e+01 1.091023e+01 1.025530e+01 9.533862e+00 8.736309e+00 7.847332e+00 6.882610e+00 5.874836e+00 2.498225e+01 2.543283e+01 2.620268e+01 2.751808e+01 2.884221e+01 3.013174e+01 8.870148e+01 1.051563e+02 1.060372e+02 3.071323e+00 5.752348e+00 2.898351e+00 2.941446e+00 2.980803e+00 2.848948e+00 2.546477e+00
-9.999000e+03 -9.999000e+03 -9.999000e+03 -9.999000e+03 -9.999000e+03 -9.999000e+03 -9.999000e+03 -9.999000e+03 -9.999000e+03 -9.999000e+03 -9.999000e+03 -9.999000e+03 -9.999000e+03 -9.999000e+03 1.747825e+00 3.493896e+00 1.094160e+01 1.208593e+01 1.635157e+00 1.743673e+00 1.824242e+00 1.871958e+00 1.915282e+00 2.055565e+00 3.882056e+00 2.012478e+00 2.037923e+00 1.915590e+00 1.968054e+00 2.185951e+00 2.348959e+00 9.543208e+00 1.134314e+01 1.305831e+01 1.467408e+01 2.014421e+01 1.507532e+00 1.842440e+00 2.400023e+00 2.427750e+00 2.426715e+00 2.466165e+00 5.103412e+00 7.531691e+00 9.889266e+00 1.138631e+02 1.148203e+02 1.184348e+02 3.068644e+00 6.017484e+00 2.885817e+00 2.648598e+00
-9.999000e+03 -9.999000e+03 -9.999000e+03 -9.999000e+03 -9.999000e+03 -9.999000e+03 -9.999000e+03 -9.999000e+03 -9.999000e+03 -9.999000e+03 -9.999000e+03 -9.999000e+03 -9.999000e+03 -9.999000e+03 1.748084e+00 8.138690e+00 1.845247e+00 1.623733e+00 2.147308e+00 1.647904e+00 1.698296e+00 1.740408e+00 1.926352e+00 1.803709e+00 1.823560e+00 1.843038e+00 1.867003e+00 1.915569e+00 3.765822e+00 5.574051e+00 7.324366e+00 2.060799e+00 2.102066e+00 2.109230e+00 6.045599e+00 1.081251e+00 1.460065e+00 2.162809e+00 2.156295e+00 2.120012e+00 2.155948e+00 2.490898e+00 2.398529e+00 2.439381e+00 2.590219e+00 5.099269e+00 7.289022e+00 9.469560e+00 1.278812e+02 1.285857e+02 1.320935e+02 2.986924e+00
-9.999000e+03 -9.999000e+03 -9.999000e+03 -9.999000e+03 -9.999000e+03 -9.999000e+03 -9.999000e+03 -9.999000e+03 -9.999000e+03 -9.999000e+03 -9.999000e+03 -9.999000e+03 -9.999000e+03 3.493386e+00 7.664608e+00 2.004463e+00 1.581231e+00 2.959145e+00 1.574234e+00 1.654347e+00 1.713279e+00 1.747206e+00 1.772955e+00 1.784010e+00 1.811009e+00 1.824886e+00 1.856260e+00 1.908576e+00 1.970849e+00 2.012595e+00 1.965320e+00 2.054851e+00 2.071676e+00 6.353473e+00 6.195667e-01 1.103273e+00 2.077852e+00 2.033047e+00 1.943060e+00 1.963164e+00 2.198238e+00 2.033310e+00 2.072196e+00 2.253291e+00 2.295920e+00 2.081229e+00 2.172145e+00 2.179200e+00 2.177717e+00 4.266735e+00 6.176595e+00 1.356226e+02
-9.999000e+03 -9.999000e+03 -9.999000e+03 -9.999000e+03 -9.999000e+03 -9.999000e+03 -9.999000e+03 -9.999000e+03 -9.999000e+03 -9.999000e+03 -9.999000e+03 -9.999000e+03 1.747738e+00 5.234942e+00 2.188817e+00 1.545643e+00 3.868168e+00 1.434497e+00 1.561951e+00 1.662595e+00 1.711446e+00 1.743691e+00 1.742947e+00 1.783866e+00 1.786872e+00 1.808843e+00 1.842970e+00 1.893210e+00 1.912979e+00 1.810596e+00 1.966274e+00 1.999767e+00 5.108765e+00 1.463017e+00 6.232117e-01 1.960291e+00 1.867215e+00 1.717059e+00 1.723485e+00 2.065470e+00 1.767440e+00 1.796652e+00 1.830674e+00 1.872759e+00 1.603447e+00 1.718461e+00 1.728398e+00 1.740847e+00 1.814560e+00 1.795457e+00 2.960441e+00 4.800019e+00
-9.999000e+03 -9.999000e+03 -9.999000e+03 -9.999000e+03 -9.999000e+03 -9.999000e+03 -9.999000e+03 -9.999000e+03 -9.999000e+03 -9.999000e+03 -9.999000e+03 -9.999000e+03 3.492128e+00 2.372086e+00 1.572984e+00 4.802972e+00 1.225533e+00 1.409779e+00 1.570377e+00 1.645956e+00 1.697484e+00 1.687188e+00 1.772668e+00 1.752399e+00 1.769007e+00 1.792535e+00 1.827221e+00 1.796859e+00 1.602196e+00 1.845371e+00 1.911521e+00 4.612615e+00 6.266296e-01 1.090818e+00 1.814255e+00 1.649853e+00 1.426954e+00 1.422147e+00 1.920592e+00 1.441843e+00 1.461709e+00 1.490334e+00 1.531692e+00 1.176134e+00 1.176620e+00 1.182968e+00 1.192162e+00 1.291093e+00 1.291215e+00 2.780834e+00 1.752974e+00 1.722805e+00
-9.999000e+03 -9.999000e+03 -9.999000e+03 -9.999000e+03 -9.999000e+03 -9.999000e+03 -9.999000e+03 -9.999000e+03 -9.999000e+03 -9.999000e+03 -9.999000e+03 1.747082e+00 2.590403e+00 1.703322e+00 5.736743e+00 9.332296e-01 1.191163e+00 1.436616e+00 1.546305e+00 1.619252e+00 1.587608e+00 1.776345e+00 1.712058e+00 1.729550e+00 1.750735e+00 1.779505e+00 1.665137e+00 1.339571e+00 1.702330e+00 1.824793e+00 1.673732e+00 2.985810e+00 6.103959e-01 1.638611e+00 1.373364e+00 1.063351e+00 1.052772e+00 1.764603e+00 1.052940e+00 1.061325e+00 1.078660e+00 1.114819e+00 6.534006e-01 6.519587e-01 6.536457e-01 6.581492e-01 6.616653e-01 6.644400e-01 2.524491e+00 1.259503e+00 1.245813e+00 1.242476e+00
-9.999000e+03 -9.999000e+03 -9.999000e+03 -9.999000e+03 -9.999000e+03 -9.999000e+03 -9.999000e+03 -9.999000e+03 -9.999000e+03 -9.999000e+03 1.746757e+00 3.489385e+00 1.928153e+00 6.669857e+00 5.315031e-01 8.938878e-01 1.263924e+00 1.423406e+00 1.518454e+00 1.426665e+00 1.818372e+00 1.650291e+00 1.676909e+00 1.705267e+00 1.737929e+00 1.504353e+00 1.009277e+00 1.528558e+00 1.742138e+00 1.496252e+00 1.471010e+00 1.444336e+00 1.431242e+00 1.019835e+00 6.040808e-01 5.932782e-01 1.586308e+00 5.869614e-01 5.883193e-01 5.921238e-01 6.098668e-01 6.368570e-01 1.144311e+00 1.543856e+00 1.855960e+00 2.098349e+00 2.283243e+00 2.420732e+00 6.542806e-01 6.465626e-01 6.463512e-01 7.167663e-01
-9.999000e+03 -9.999000e+03 -9.999000e+03 -9.999000e+03 -9.999000e+03 -9.999000e+03 -9.999000e+03 -9.999000e+03 -9.999000e+03 -9.999000e+03 1.746130e+00 2.200513e+00 6.774928e+00 8.321005e-01 5.049761e-01 1.056129e+00 1.291577e+00 1.415818e+00 1.200922e+00 1.932960e+00 1.570811e+00 1.608570e+00 1.649905e+00 1.694263e+00 1.283885e+00 5.780840e-01 1.300388e+00 1.640662e+00 1.276527e+00 1.249590e+00 1.216927e+00 1.194514e+00 5.684784e-01 5.929665e-01 1.041299e+00 1.359662e+00 5.741224e-01 9.869562e-01 1.285883e+00 1.506753e+00 6.064034e-01 6.346087e-01 1.138198e+00 1.531173e+00 1.833596e+00 2.063619e+00 2.236258e+00 2.364245e+00 2.454084e+00 2.508400e+00 2.538220e+00 2.558609e+00
-9.999000e+03 -9.999000e+03 -9.999000e+03 -9.999000e+03 -9.999000e+03 -9.999000e+03 -9.999000e+03 -9.999000e+03 -9.999000e+03 1.746206e+00 2.522459e+00 6.691033e+00 9.952498e-01 4.957754e-01 8.135737e-01 1.163151e+00 1.335837e+00 9.016337e-01 2.113497e+00 1.485106e+00 1.530080e+00 1.585041e+00 1.644611e+00 9.833232e-01 5.729494e-01 9.909723e-01 1.496430e+00 9.761461e-01 9.621586e-01 9.321456e-01 9.071801e-01 5.511682e-01 9.634824e-01 1.289195e+00 1.539730e+00 1.714873e+00 1.824396e+00 1.881142e+00 5.867806e-01 6.044126e-01 1.705073e+00 1.101194e+00 1.495297e+00 1.795337e+00 2.015189e+00 2.170839e+00 2.279956e+00 2.359736e+00 2.419162e+00 2.462547e+00 2.493623e+00 2.515042e+00
-9.999000e+03 -9.999000e+03 -9.999000e+03 -9.999000e+03 -9.999000e+03 -9.999000e+03 -9.999000e+03 -9.999000e+03 -9.999000e+03 1.746991e+00 6.326761e+00 1.241035e+00 7.964217e-01 4.890491e-01 1.022070e+00 1.289981e+00 5.156558e-01 2.326182e+00 1.416233e+00 1.455620e+00 1.516400e+00 1.588130e+00 5.679081e-01 5.747699e-01 9.941438e-01 1.289166e+00 5.640107e-01 5.608260e-01 5.498990e-01 5.282961e-01 5.296591e-01 9.286436e-01 1.240735e+00 1.489905e+00 1.684456e+00 1.827285e+00 1.923967e+00 5.935771e-01 1.925930e+00 1.058004e+00 1.090363e+00 1.883119e+00 2.033588e+00 2.148235e+00 2.228278e+00 2.281733e+00 2.318041e+00 2.347387e+00 2.375358e+00 2.404367e+00 3.274261e+01 3.340145e+01
-9.999000e+03 -9.999000e+03 -9.999000e+03 -9.999000e+03 -9.999000e+03 -9.999000e+03 -9.999000e+03 -9.999000e+03 3.491067e+00 2.571189e+00 4.522373e+00 1.194686e+00 4.832962e-01 8.105586e-01 1.251983e+00 1.323717e+00 2.538754e+00 1.384291e+00 1.408385e+00 1.461244e+00 1.532479e+00 9.642643e-01 1.262002e+00 1.480903e+00 1.632147e+00 8.281492e+00 9.288271e+00 8.573104e+00 7.774289e+00 6.878639e+00 5.913489e+00 4.918644e+00 3.909748e+00 2.908816e+00 2.012025e+00 1.942365e+00 2.008115e+00 3.858488e+00 4.304207e+00 6.003972e+00 6.770596e+00 7.508040e+00 7.094835e+00 6.620837e+00 6.094278e+00 5.527459e+00 4.925390e+00 4.292684e+00 3.643833e+00 3.201246e+01 2.348542e+00 2.335505e+00
-9.999000e+03 -9.999000e+03 -9.999000e+03 -9.999000e+03 -9.999000e+03 -9.999000e+03 -9.999000e+03 1.746688e+00 3.489467e+00 4.354620e+00 8.629178e-01 1.066453e+00 4.899467e-01 1.180980e+00 1.291446e+00 1.374000e+00 1.391420e+00 1.403110e+00 1.439458e+00 1.487355e+00 5.580521e-01 5.635457e-01 9.769912e-01 6.172728e+00 7.203318e+00 1.644449e+00 1.294177e+00 1.497062e+00 1.619929e+00 1.670866e+00 1.687972e+00 1.713100e+00 1.760647e+00 1.830020e+00 1.908476e+00 1.980050e+00 2.034065e+00 2.064866e+00 2.082679e+00 2.103347e+00 2.129050e+00 2.154719e+00 2.176962e+00 2.193061e+00 2.205232e+00 2.219161e+00 2.232491e+00 2.238521e+00 3.003515e+01 2.386691e+00 2.367739e+00 2.346343e+00
-9.999000e+03 -9.999000e+03 -9.999000e+03 -9.999000e+03 -9.999000e+03 -9.999000e+03 -9.999000e+03 1.745905e+00 5.321784e-01 4.485314e+00 5.120158e-01 8.403191e-01 1.057464e+00 1.221790e+00 1.368614e+00 1.400496e+00 1.423282e+00 1.462859e+00 1.461358e+00 1.512190e+00 2.927764e+00 4.280138e+00 5.589868e+00 1.497885e+00 1.503549e+00 9.963402e-01 5.781401e-01 1.000015e+00 1.299344e+00 1.493537e+00 1.619295e+00 1.714645e+00 1.795144e+00 1.867366e+00 1.931364e+00 1.982896e+00 2.047092e+01 2.131648e+01 2.216548e+01 2.302516e+01 2.389615e+01 2.477490e+01 2.566086e+01 2.417556e+01 2.265806e+01 2.110783e+01 2.859018e+01 2.945106e+01 2.436977e+00 2.413729e+00 2.386063e+00 2.355826e+00
-9.999000e+03 -9.999000e+03 -9.999000e+03 -9.999000e+03 -9.999000e+03 -9.999000e+03 -9.999000e+03 8.123803e-02 3.938970e+00 1.176782e+00 4.941191e-01 8.375631e-01 1.091388e+00 1.335892e+00 1.390862e+00 1.427974e+00 1.512368e+00 1.445406e+00 1.474622e+00 1.509912e+00 1.562144e+00 1.624203e+00 1.288608e+00 1.291544e+00 5.717199e-01 5.810605e-01 1.010966e+00 1.321595e+00 1.536288e+00 1.672868e+00 1.756281e+00 1.812956e+00 1.856684e+00 1.787078e+01 1.879943e+01 1.971040e+01 2.115383e+00 2.160755e+00 2.205166e+00 2.250532e+00 2.296042e+00 2.339092e+00 2.379702e+00 4.677298e+00 6.907011e+00 9.067784e+00 2.485336e+00 2.479472e+00 2.462873e+00 2.435445e+00 2.402043e+00 2.369930e+00
