tests/data/reference/test_sheet/control/cvin_m3.asc
ncols	123
nrows	77
xllcorner	-713746.79929998
yllcorner	-1061022.36961616
cellsize	10.0
NODATA_value	-9999
[rows 23 to 45 of 77, columns 52 to 103 of 123]
6.667724e-01 1.940542e+00 2.189107e+00 2.471385e+00 2.563044e+00 2.645608e+00 2.672934e+00 2.578886e+00 2.578561e+00 2.425122e+00 2.211475e+00 2.196055e+00 2.177616e+00 2.158400e+00 2.139186e+00 2.579425e+00 9.820688e+00 4.002610e+00 1.947887e+00 1.865104e+00 1.587729e+00 1.368086e+00 1.064320e+00 1.350205e+00 0.000000e+00 5.985710e-01 1.796646e+01 5.850608e+00 6.291450e+00 1.496953e+00 1.103083e+00 6.081160e-01 0.000000e+00 0.000000e+00 -9.999000e+03 -9.999000e+03 -9.999000e+03 -9.999000e+03 -9.999000e+03 -9.999000e+03 -9.999000e+03 -9.999000e+03 -9.999000e+03 -9.999000e+03 -9.999000e+03 -9.999000e+03 -9.999000e+03 -9.999000e+03 -9.999000e+03 -9.999000e+03 -9.999000e+03 -9.999000e+03
6.691732e-01 1.206679e+00 2.218317e+00 2.407808e+00 2.607764e+00 2.672239e+00 2.726524e+00 2.748540e+00 2.686679e+00 2.679997e+00 2.567076e+00 2.406158e+00 2.389268e+00 2.368986e+00 2.344928e+00 2.314544e+00 1.210131e+01 3.662473e+00 2.031934e+00 1.973434e+00 1.806564e+00 1.661395e+00 1.445348e+00 1.639677e+00 6.214960e-01 1.065007e+00 0.000000e+00 1.643751e+01 5.347303e+00 6.157237e+00 3.212826e+00 1.083522e+00 6.062115e-01 5.771380e-01 0.000000e+00 -9.999000e+03 -9.999000e+03 -9.999000e+03 -9.999000e+03 -9.999000e+03 -9.999000e+03 -9.999000e+03 -9.999000e+03 -9.999000e+03 -9.999000e+03 -9.999000e+03 -9.999000e+03 -9.999000e+03 -9.999000e+03 -9.999000e+03 -9.999000e+03 -9.999000e+03
1.974314e+00 1.214608e+00 1.649873e+00 2.437460e+00 2.574477e+00 2.709295e+00 2.752052e+00 2.784481e+00 2.796230e+00 2.754529e+00 2.744041e+00 2.663169e+00 2.545807e+00 2.526448e+00 2.499446e+00 2.464127e+00 1.413326e+01 3.290779e+00 2.104227e+00 2.075225e+00 1.988332e+00 1.902512e+00 1.754311e+00 1.879469e+00 1.115579e+00 1.434392e+00 6.084711e-01 1.485406e+01 0.000000e+00 4.762899e+00 9.225439e+00 1.446238e+00 1.075931e+00 1.024807e+00 5.671955e-01 0.000000e+00 0.000000e+00 0.000000e+00 -9.999000e+03 -9.999000e+03 -9.999000e+03 -9.999000e+03 -9.999000e+03 -9.999000e+03 -9.999000e+03 -9.999000e+03 -9.999000e+03 -9.999000e+03 -9.999000e+03 -9.999000e+03 -9.999000e+03 -9.999000e+03
6.798789e-01 2.256868e+00 1.660863e+00 2.007757e+00 2.603998e+00 2.695301e+00 2.778090e+00 2.801606e+00 2.817750e+00 2.822145e+00 2.794614e+00 2.781571e+00 2.723762e+00 2.636212e+00 2.607885e+00 2.571611e+00 1.619735e+01 2.922701e+00 2.173970e+00 2.171948e+00 2.140275e+00 2.099491e+00 2.002613e+00 2.076463e+00 1.512323e+00 1.733552e+00 1.096289e+00 1.325437e+01 6.155225e-01 4.142131e+00 8.877199e+00 1.693410e+00 1.432456e+00 1.388736e+00 1.033855e+00 5.971197e-01 5.737693e-01 0.000000e+00 5.715119e-01 0.000000e+00 -9.999000e+03 -9.999000e+03 -9.999000e+03 -9.999000e+03 -9.999000e+03 -9.999000e+03 -9.999000e+03 -9.999000e+03 -9.999000e+03 -9.999000e+03 -9.999000e+03 -9.999000e+03
1.232853e+00 0.000000e+00 2.480894e+00 2.019479e+00 2.286567e+00 2.719607e+00 2.772228e+00 2.816625e+00 2.828359e+00 2.836009e+00 2.835545e+00 2.815014e+00 2.797348e+00 2.751084e+00 2.681570e+00 2.645276e+00 1.826357e+01 2.601646e+00 2.238821e+00 2.258513e+00 2.262989e+00 2.254131e+00 2.194897e+00 2.233428e+00 1.827458e+00 1.975630e+00 1.494785e+00 1.164367e+01 1.108501e+00 3.506922e+00 8.443472e+00 1.858691e+00 1.695000e+00 1.673366e+00 1.408805e+00 2.082982e+00 0.000000e+00 0.000000e+00 5.809429e-01 9.954942e-01 5.687024e-01 0.000000e+00 -9.999000e+03 -9.999000e+03 -9.999000e+03 -9.999000e+03 -9.999000e+03 -9.999000e+03 -9.999000e+03 -9.999000e+03 -9.999000e+03 -9.999000e+03
1.685731e+00 6.814268e-01 2.648020e+00 2.292908e+00 0.000000e+00 2.489122e+00 2.790326e+00 2.816493e+00 2.837837e+00 2.842449e+00 2.843789e+00 2.838159e+00 2.818363e+00 2.795774e+00 2.755612e+00 2.696604e+00 2.030214e+01 2.399303e+00 2.291121e+00 2.326574e+00 2.352461e+00 2.364066e+00 2.331799e+00 2.349923e+00 2.070308e+00 2.168136e+00 1.818101e+00 1.002050e+01 1.510335e+00 2.896717e+00 7.958358e+00 1.983528e+00 1.881967e+00 1.872720e+00 1.683780e+00 2.341267e+00 6.011715e-01 5.881042e-01 0.000000e+00 1.007931e+00 1.299453e+00 2.728344e+00 0.000000e+00 0.000000e+00 -9.999000e+03 -9.999000e+03 -9.999000e+03 -9.999000e+03 -9.999000e+03 -9.999000e+03 -9.999000e+03 -9.999000e+03
2.051800e+00 1.229283e+00 2.765587e+00 2.494550e+00 0.000000e+00 6.621692e-01 2.630467e+00 2.830161e+00 2.840448e+00 2.848011e+00 2.847461e+00 2.843508e+00 2.832330e+00 2.810521e+00 2.782929e+00 2.741253e+00 2.681404e+00 2.195640e+01 2.333739e+00 2.379905e+00 2.417342e+00 2.440443e+00 2.426038e+00 2.433702e+00 2.252960e+00 2.319219e+00 2.077542e+00 8.493943e+00 1.835955e+00 2.401525e+00 7.425137e+00 2.083526e+00 2.013657e+00 2.003584e+00 1.871933e+00 2.482034e+00 1.054243e+00 1.030664e+00 5.871718e-01 0.000000e+00 2.832719e+00 4.474274e+00 1.747091e+00 0.000000e+00 0.000000e+00 -9.999000e+03 -9.999000e+03 -9.999000e+03 -9.999000e+03 -9.999000e+03 -9.999000e+03 -9.999000e+03
2.339102e+00 1.667817e+00 2.840494e+00 2.636777e+00 6.641695e-01 0.000000e+00 1.190875e+00 2.723673e+00 2.849635e+00 2.852558e+00 2.852702e+00 2.847838e+00 2.837685e+00 2.819140e+00 2.789707e+00 2.751260e+00 2.701771e+00 2.642295e+00 2.357940e+01 2.428270e+00 2.471582e+00 2.499357e+00 2.494227e+00 2.495591e+00 2.387736e+00 2.436219e+00 2.281734e+00 7.115970e+00 2.093681e+00 2.302826e+00 6.841903e+00 2.169362e+00 2.111631e+00 4.087251e+00 2.526915e+00 0.000000e+00 1.388327e+00 1.362132e+00 1.030526e+00 5.850292e-01 4.580327e+00 4.469680e+00 1.957754e+00 4.824302e-01 0.000000e+00 0.000000e+00 -9.999000e+03 -9.999000e+03 -9.999000e+03 -9.999000e+03 -9.999000e+03 -9.999000e+03
2.550604e+00 2.008308e+00 2.878066e+00 2.729075e+00 1.194346e+00 6.648786e-01 0.000000e+00 1.615934e+00 2.783728e+00 2.858368e+00 2.856340e+00 2.850402e+00 2.838570e+00 2.818803e+00 2.788478e+00 2.748844e+00 2.704689e+00 2.657070e+00 2.538877e+01 2.477920e+00 2.521625e+00 2.547740e+00 2.544710e+00 2.541979e+00 2.485415e+00 2.526236e+00 2.438337e+00 5.853571e+00 2.293222e+00 2.386525e+00 6.214133e+00 2.251951e+00 6.244711e+00 2.516015e+00 6.060890e-01 0.000000e+00 1.636645e+00 1.613559e+00 1.370138e+00 2.333440e+00 4.475241e+00 4.394081e+00 2.061429e+00 8.356915e-01 4.945982e-01 0.000000e+00 0.000000e+00 -9.999000e+03 -9.999000e+03 -9.999000e+03 -9.999000e+03 -9.999000e+03
2.684993e+00 2.256523e+00 2.882759e+00 2.780013e+00 0.000000e+00 1.618397e+00 1.197416e+00 6.696456e-01 1.959895e+00 2.816998e+00 2.852771e+00 2.843940e+00 2.828791e+00 2.806916e+00 2.778218e+00 2.744215e+00 2.706764e+00 2.668385e+00 2.717930e+01 2.533252e+00 2.571070e+00 2.589389e+00 2.582974e+00 2.577751e+00 2.555979e+00 2.595357e+00 2.553748e+00 4.703567e+00 2.443500e+00 2.476414e+00 5.548838e+00 8.451095e+00 2.487133e+00 1.090858e+00 6.191535e-01 0.000000e+00 1.830355e+00 1.089129e+00 3.118622e+00 2.610350e+00 4.333715e+00 6.267644e+00 1.064686e+00 0.000000e+00 8.439399e-01 5.174145e-01 4.989518e-01 0.000000e+00 0.000000e+00 -9.999000e+03 -9.999000e+03 -9.999000e+03
2.648705e+00 2.735718e+00 2.412713e+00 2.853138e+00 2.790927e+00 6.558392e-01 1.950681e+00 1.623571e+00 1.202358e+00 2.222451e+00 2.822636e+00 2.831821e+00 2.815363e+00 2.793087e+00 2.766950e+00 2.738490e+00 2.709604e+00 2.680099e+00 2.651835e+00 2.888183e+01 2.616983e+00 2.624792e+00 2.613337e+00 2.607568e+00 2.608109e+00 2.648092e+00 2.633928e+00 3.681244e+00 2.549088e+00 2.552722e+00 1.308326e+01 2.458591e+00 1.490400e+00 1.116681e+00 0.000000e+00 6.306647e-01 1.264676e+00 1.181609e+00 3.251960e+00 2.814206e+00 1.011975e+01 1.257792e+00 0.000000e+00 5.305216e-01 1.101380e+00 9.005339e-01 1.397245e+00 1.744291e+00 0.000000e+00 0.000000e+00 -9.999000e+03 -9.999000e+03
1.386185e+02 1.384894e+02 2.707696e+00 2.486018e+00 2.791132e+00 2.766280e+00 1.164864e+00 2.198154e+00 1.951416e+00 1.619582e+00 2.414790e+00 2.814941e+00 2.809919e+00 2.790683e+00 2.765962e+00 2.738996e+00 2.713163e+00 2.689853e+00 2.667695e+00 3.058169e+01 2.650919e+00 2.650671e+00 2.637636e+00 2.634756e+00 2.648775e+00 2.687652e+00 2.684046e+00 2.877859e+00 2.612130e+00 2.603663e+00 1.478537e+01 1.809278e+00 1.518312e+00 6.463514e-01 0.000000e+00 2.379642e+00 1.306949e+00 1.388875e+00 3.366074e+00 1.264361e+01 1.457262e+00 5.890066e-01 0.000000e+00 9.447746e-01 1.303340e+00 2.760744e+00 1.919389e+00 5.155905e-01 0.000000e+00 1.746380e+00 0.000000e+00 0.000000e+00
6.523008e+00 6.508270e+00 1.421653e+02 2.820244e+00 2.675423e+00 2.712099e+00 2.723656e+00 1.566251e+00 2.379184e+00 2.203847e+00 1.951649e+00 2.557875e+00 2.809990e+00 2.799780e+00 2.779370e+00 2.752914e+00 2.725203e+00 2.700269e+00 2.679414e+00 2.659774e+00 3.267911e+01 2.659925e+00 2.650807e+00 2.654958e+00 2.676815e+00 2.710686e+00 2.704028e+00 2.681779e+00 2.636997e+00 2.626535e+00 1.606396e+01 1.836162e+00 5.078357e-01 0.000000e+00 1.749122e+00 2.748426e+00 1.466840e+00 1.651178e+00 1.558509e+01 1.654730e+00 1.055819e+00 6.066405e-01 1.273631e+00 0.000000e+00 1.470857e+00 4.836552e+00 0.000000e+00 9.070124e-01 5.519867e-01 2.483900e+00 0.000000e+00 1.746503e+00
0.000000e+00 6.921512e-01 1.253976e+00 1.411963e+02 1.413979e+02 1.414916e+02 1.416636e+02 2.889096e+00 2.019575e+00 2.687128e+00 2.561833e+00 2.365737e+00 2.848878e+00 3.019853e+00 5.993785e+00 2.954880e+00 2.920886e+00 2.889515e+00 2.861666e+00 2.834310e+00 0.000000e+00 3.201708e+01 5.663368e+00 2.847866e+00 2.684215e+00 2.708105e+00 2.689131e+00 2.656484e+00 2.627699e+00 2.623011e+00 1.733767e+01 3.474773e-01 1.749134e+00 0.000000e+00 2.225773e+00 3.035738e+00 1.705602e+00 1.895744e+00 1.688702e+01 1.431879e+00 1.083103e+00 1.544815e+00 6.023283e-01 0.000000e+00 1.616972e+00 4.725937e+00 5.833998e-01 1.222990e+00 9.740705e-01 2.628202e+00 5.505618e-01 1.976523e+00
1.242476e+00 1.728736e+00 2.133440e+00 2.460740e+00 2.702189e+00 2.876460e+00 3.011066e+00 1.420927e+02 1.423177e+02 1.418143e+02 1.417513e+02 1.415151e+02 1.410547e+02 1.408662e+02 1.406488e+02 1.431656e+02 1.425874e+02 3.063431e+00 3.024082e+00 2.986866e+00 2.948926e+00 6.783332e-01 3.696871e+01 2.984106e+00 2.858028e+00 2.866511e+00 2.640875e+00 2.604442e+00 2.593204e+00 2.600462e+00 1.676848e+01 3.497462e+00 6.515817e-01 0.000000e+00 2.589822e+00 3.225313e+00 1.940928e+00 2.096386e+00 1.801747e+01 1.466598e+00 1.770804e+00 1.075797e+00 6.102250e-01 1.744544e+00 4.521222e+00 0.000000e+00 1.025198e+00 1.472170e+00 1.298771e+00 2.678971e+00 9.738715e-01 2.149829e+00
7.167663e-01 1.310098e+00 1.808089e+00 3.797680e+01 3.933353e+01 4.067520e+01 4.202292e+01 4.337259e+01 4.471454e+01 4.604575e+01 4.736200e+01 4.865709e+01 5.010258e+01 5.150002e+01 5.284905e+01 5.413939e+01 5.242492e+01 1.894788e+02 1.886097e+02 3.087809e+00 3.052605e+00 3.018152e+00 3.740780e+01 3.075891e+00 2.967081e+00 2.952752e+00 2.759425e+00 2.535374e+00 2.546526e+00 2.570486e+00 1.825660e+01 1.172333e+00 6.540921e-01 0.000000e+00 2.847435e+00 3.330068e+00 2.136407e+00 1.959988e+01 1.772819e+00 1.961535e+00 1.454562e+00 1.090221e+00 1.864640e+00 4.245578e+00 5.944129e-01 1.346956e+00 0.000000e+00 1.651705e+00 1.538633e+00 2.654613e+00 1.308080e+00 2.249377e+00
2.558745e+00 3.679962e+01 3.745840e+01 2.384554e+00 2.416159e+00 2.444915e+00 2.472621e+00 2.500883e+00 2.532377e+00 2.567239e+00 2.601144e+00 2.630001e+00 2.635290e+00 2.658262e+00 2.682416e+00 2.704759e+00 5.859882e+00 8.864413e+00 8.805904e+00 1.931875e+02 1.920572e+02 1.908441e+02 1.897599e+02 3.966107e+01 3.013893e+00 2.977360e+00 2.815297e+00 2.657612e+00 2.499385e+00 1.827295e+00 1.653522e+01 2.763675e+00 6.556442e-01 0.000000e+00 3.014516e+00 3.361333e+00 2.288474e+00 2.088925e+01 2.122480e+00 1.761067e+00 1.475246e+00 1.981655e+00 3.922659e+00 1.058861e+00 1.591476e+00 5.905208e-01 0.000000e+00 1.773735e+00 1.706592e+00 2.566424e+00 1.561573e+00 2.282693e+00
3.591950e+01 2.328069e+00 2.339519e+00 2.354392e+00 2.368133e+00 2.380768e+00 2.395478e+00 2.415751e+00 2.443586e+00 2.475939e+00 2.507478e+00 2.495189e+00 2.521858e+00 2.552498e+00 2.583837e+00 2.659242e+00 2.672151e+00 6.114754e+00 8.219142e+00 1.042005e+01 1.251495e+01 1.174816e+01 1.052763e+01 1.955087e+02 4.169444e+01 2.953260e+00 2.828291e+00 0.000000e+00 4.686035e+00 3.575636e+00 1.538893e+01 4.224334e+00 0.000000e+00 6.563070e-01 3.103679e+00 3.330256e+00 2.403029e+00 2.237133e+01 2.008916e+00 1.789326e+00 2.099399e+00 3.568178e+00 1.429196e+00 1.788897e+00 1.054613e+00 6.011581e-01 1.856244e+00 0.000000e+00 1.816129e+00 2.427020e+00 1.732145e+00 2.253443e+00
2.335635e+00 2.327387e+00 2.322675e+00 2.322067e+00 2.321943e+00 2.320451e+00 2.321808e+00 2.334611e+00 2.357517e+00 2.385820e+00 2.331750e+00 2.356216e+00 2.386043e+00 2.418405e+00 2.536638e+00 2.533436e+00 7.193746e+00 2.652944e+00 2.633771e+00 2.588332e+00 2.601209e+00 5.781581e+00 8.706926e+00 1.087291e+01 2.012873e+02 4.060180e+01 2.868545e+00 2.802963e+00 7.115523e+00 3.551893e+00 1.428024e+01 5.056104e+00 0.000000e+00 1.179343e+00 3.128102e+00 3.248746e+00 2.403324e+01 2.206130e+00 2.042928e+00 2.217676e+00 3.204519e+00 1.728659e+00 1.949240e+00 1.422617e+00 1.074759e+00 1.929475e+00 6.006140e-01 0.000000e+00 1.889510e+00 2.272104e+00 1.840195e+00 2.186078e+00
2.346478e+00 2.324671e+00 2.308712e+00 2.297519e+00 2.284486e+00 2.263427e+00 2.255784e+00 2.263215e+00 2.283194e+00 2.151903e+00 2.169403e+00 2.194093e+00 2.223191e+00 2.407576e+00 2.364111e+00 8.255158e+00 2.529046e+00 2.469327e+00 2.391410e+00 2.411513e+00 2.626645e+00 2.470374e+00 2.655907e+00 2.670411e+00 5.707762e+00 2.010309e+02 2.321419e+02 2.264263e+02 8.258725e+00 3.566711e+00 1.363228e+01 5.126450e+00 6.651708e-01 1.602545e+00 3.102349e+00 3.131471e+00 2.551764e+01 2.244137e+00 2.332385e+00 2.863275e+00 1.973521e+00 2.088164e+00 1.713202e+00 1.445335e+00 2.003933e+00 1.073829e+00 0.000000e+00 6.129837e-01 1.949228e+00 2.146304e+00 1.913435e+00 2.113377e+00
2.355963e+00 2.328554e+00 2.306233e+00 2.284399e+00 2.240087e+00 2.212984e+00 2.200430e+00 2.209305e+00 1.956992e+00 1.964291e+00 1.978673e+00 2.001175e+00 2.289084e+00 2.173693e+00 9.314767e+00 2.405981e+00 2.272555e+00 2.142484e+00 2.157625e+00 2.478037e+00 2.219695e+00 2.258219e+00 2.286725e+00 2.444434e+00 2.442084e+00 5.289249e+00 6.470497e+00 5.577831e+00 2.313509e+02 7.816722e+00 1.648000e+01 5.295109e+00 1.186996e+00 1.935432e+00 3.038785e+00 2.998568e+00 2.699558e+01 2.437337e+00 2.612465e+00 2.176352e+00 2.215012e+00 1.949074e+00 1.737427e+00 2.078170e+00 1.444019e+00 6.231885e-01 0.000000e+00 1.085979e+00 2.005032e+00 2.078790e+00 1.967364e+00 2.062006e+00
2.370067e+00 2.341435e+00 2.312944e+00 2.236767e+00 2.196249e+00 2.164037e+00 2.156962e+00 1.727545e+00 1.731406e+00 1.735579e+00 1.748369e+00 2.188307e+00 1.962333e+00 1.038270e+01 2.298854e+00 2.048298e+00 1.852751e+00 1.858420e+00 2.316069e+00 1.908851e+00 1.948055e+00 1.978645e+00 2.000374e+00 2.018271e+00 2.149936e+00 2.142002e+00 2.228279e+00 3.976703e+00 3.937072e+00 2.256803e+02 2.400009e+02 5.340419e+00 1.576669e+00 2.175761e+00 2.949587e+00 2.875238e+00 2.856071e+01 2.540975e+00 2.343198e+00 2.336036e+00 2.145670e+00 1.975158e+00 2.156806e+00 1.729349e+00 1.103419e+00 6.224709e-01 0.000000e+00 1.448885e+00 2.059360e+00 2.069510e+00 2.012095e+00 2.046596e+00
2.390411e+00 2.361781e+00 2.240759e+00 2.190333e+00 2.142209e+00 2.117783e+00 1.435630e+00 1.441427e+00 1.444700e+00 1.452490e+00 2.104636e+00 1.721744e+00 1.146195e+01 2.217820e+00 1.791076e+00 1.518586e+00 1.516191e+00 2.148241e+00 1.544817e+00 1.580188e+00 1.608230e+00 1.624704e+00 1.643869e+00 1.664362e+00 1.670315e+00 2.676078e+00 2.109801e-01 2.169117e+00 2.660713e+00 3.060022e+00 3.352010e+00 2.400047e+02 1.974991e+00 2.338738e+00 2.855293e+00 2.784845e+00 3.013922e+01 2.477753e+00 2.448754e+00 2.312412e+00 2.174899e+00 2.248022e+00 1.957716e+00 1.482367e+00 1.107035e+00 6.249236e-01 0.000000e+00 1.723608e+00 2.111652e+00 2.096712e+00 2.058927e+00 2.069096e+00
