tests/data/reference/test_sheet/control/cvin_m3.asc
ncols	123
nrows	77
xllcorner	-713746.79929998
yllcorner	-1061022.36961616
cellsize	10.0
NODATA_value	-9999
[rows 46 to 68 of 77, columns 52 to 103 of 123]
2.412406e+00 2.235255e+00 2.185079e+00 2.124093e+00 2.082058e+00 1.066987e+00 1.072484e+00 1.073636e+00 1.080849e+00 2.022853e+00 1.433643e+00 1.254565e+01 2.163939e+00 1.484538e+00 1.121044e+00 1.116260e+00 1.968863e+00 1.120448e+00 1.144819e+00 1.169397e+00 1.180187e+00 1.189338e+00 1.207310e+00 1.223728e+00 2.595605e+00 0.000000e+00 0.000000e+00 0.000000e+00 7.254348e-01 1.314191e+00 1.797144e+00 4.907418e+00 2.328238e+02 2.618962e+00 2.778426e+00 2.734594e+00 3.167050e+01 2.550883e+00 2.452797e+00 2.343406e+00 2.350290e+00 2.151311e+00 1.793231e+00 1.497841e+00 1.118866e+00 6.308935e-01 0.000000e+00 1.928574e+00 2.159292e+00 2.139989e+00 2.115690e+00 2.123746e+00
2.182668e+00 2.151310e+00 2.095043e+00 2.037046e+00 5.998962e-01 6.062947e-01 6.052748e-01 6.066429e-01 1.921593e+00 1.068677e+00 1.362421e+01 2.137591e+00 1.102340e+00 6.303727e-01 6.268828e-01 1.758229e+00 6.231025e-01 6.294300e-01 6.432648e-01 6.507261e-01 6.525670e-01 6.588229e-01 6.691808e-01 2.500777e+00 0.000000e+00 6.778707e-01 5.682927e-01 4.986566e-01 9.928342e-01 1.491509e+00 1.938688e+00 2.317539e+00 7.447698e+00 2.341395e+02 2.918438e+00 2.703384e+00 3.320099e+01 2.568420e+00 2.483607e+00 2.455291e+00 2.315523e+00 2.051355e+00 1.819217e+00 1.520953e+00 1.135324e+00 6.395271e-01 0.000000e+00 2.083602e+00 2.205205e+00 2.189780e+00 2.181161e+00 2.197256e+00
2.040350e+00 2.007306e+00 1.957593e+00 0.000000e+00 0.000000e+00 0.000000e+00 0.000000e+00 1.793610e+00 6.010338e-01 1.468523e+01 2.141868e+00 6.182087e-01 0.000000e+00 0.000000e+00 1.480120e+00 0.000000e+00 0.000000e+00 0.000000e+00 0.000000e+00 0.000000e+00 0.000000e+00 0.000000e+00 2.402534e+00 6.658805e-01 1.218843e+00 1.671876e+00 6.493427e+00 9.679839e+00 9.507891e+00 9.300880e+00 9.057130e+00 8.771053e+00 8.434303e+00 0.000000e+00 2.269067e+02 2.656156e+00 3.468632e+01 2.594314e+00 2.555082e+00 2.453478e+00 2.260751e+00 2.080977e+00 1.848897e+00 1.546674e+00 1.154624e+00 6.495971e-01 0.000000e+00 2.206841e+00 2.255377e+00 2.244326e+00 2.250775e+00 2.276272e+00
1.821832e+00 1.792508e+00 0.000000e+00 5.902318e-01 1.036270e+00 1.373302e+00 1.619992e+00 0.000000e+00 1.572192e+01 2.174044e+00 0.000000e+00 0.000000e+00 6.257754e-01 1.110072e+00 0.000000e+00 6.232727e-01 1.101711e+00 1.474202e+00 1.768781e+00 1.998703e+00 2.172109e+00 2.302024e+00 0.000000e+00 0.000000e+00 3.229423e+00 6.019852e+00 4.261872e+00 2.278548e+00 2.693782e+00 3.138054e+00 3.495195e+00 3.774777e+00 3.977558e+00 8.025888e+00 2.170216e+02 2.769202e+00 3.611926e+01 2.636158e+00 2.566673e+00 2.429167e+00 2.289695e+00 2.111920e+00 1.879145e+00 1.573371e+00 1.173452e+00 6.574606e-01 0.000000e+00 2.310445e+00 2.313557e+00 2.304528e+00 2.321165e+00 2.351448e+00
1.519851e+00 8.879148e+00 8.242508e+00 7.524330e+00 6.734156e+00 5.880456e+00 4.971627e+00 1.672333e+01 2.226006e+00 0.000000e+00 6.101632e-01 1.080464e+00 1.445832e+00 1.725088e+00 1.930068e+00 2.075103e+00 2.174723e+00 2.244821e+00 2.301033e+00 2.350374e+00 2.394396e+00 2.433615e+00 2.467253e+00 2.502248e+00 2.862087e+00 2.512920e+00 1.749290e+00 0.000000e+00 6.814999e-01 1.327293e+00 1.876798e+00 2.343770e+00 2.733636e+00 7.134239e+00 7.540726e+00 2.141045e+02 3.750328e+01 2.643968e+00 2.556852e+00 2.454158e+00 2.319120e+00 2.143133e+00 1.909216e+00 0.000000e+00 1.597916e+00 1.851833e+00 0.000000e+00 2.402921e+00 2.381838e+00 2.371822e+00 2.389775e+00 2.416038e+00
9.426678e+00 2.397347e+00 4.790083e+00 5.276332e+00 7.441252e+00 1.138145e+01 1.327695e+01 2.275882e+00 2.183993e+00 2.171356e+00 2.159658e+00 2.158439e+00 2.167943e+00 2.185606e+00 2.206527e+00 2.228289e+00 4.492755e+00 4.393807e+00 4.247008e+00 4.064020e+00 3.850342e+00 3.609226e+00 3.345000e+00 3.082799e+00 2.459412e+00 0.000000e+00 0.000000e+00 6.782089e-01 1.233264e+00 1.692951e+00 2.202797e+00 2.634852e+00 2.995342e+00 3.280427e+00 7.144030e+00 2.107653e+02 3.933982e+01 2.634742e+00 2.572402e+00 2.477532e+00 2.347864e+00 2.173351e+00 6.645966e-01 0.000000e+00 1.937605e+00 2.919463e+00 0.000000e+00 2.489569e+00 2.458015e+00 2.444503e+00 2.456120e+00 2.470906e+00
2.363072e+00 2.357726e+00 0.000000e+00 2.398192e+00 4.507761e+00 2.416324e+00 2.301555e+00 2.171240e+00 2.261727e+00 2.237329e+00 2.221326e+00 2.218561e+00 2.221715e+00 2.226350e+00 2.230499e+00 2.234459e+00 0.000000e+00 6.333505e-01 1.140199e+00 1.550474e+00 1.880149e+00 2.131501e+00 2.297210e+00 2.396395e+00 0.000000e+00 6.576868e-01 2.406890e+00 2.832421e+00 3.194154e+00 3.475864e+00 3.685980e+00 4.009625e+00 4.255068e+00 4.423413e+00 3.476334e+00 2.117846e+02 3.842012e+01 5.475315e+00 2.586204e+00 2.499505e+00 2.374579e+00 1.194564e+00 0.000000e+00 6.647851e-01 2.202963e+00 3.208481e+00 6.722425e-01 2.572965e+00 2.537610e+00 2.519096e+00 2.521220e+00 2.521400e+00
2.291734e+00 2.295446e+00 2.365642e+00 4.671632e+00 2.446476e+00 2.293327e+00 2.115639e+00 2.269588e+00 2.309682e+00 4.529874e+00 4.418100e+00 4.246536e+00 4.017159e+00 3.737630e+00 3.420646e+00 3.086536e+00 2.766533e+00 2.510299e+00 2.372723e+00 2.355929e+00 2.407012e+00 2.474481e+00 5.010903e+00 5.531535e+00 5.369792e+00 5.167331e+00 6.916002e+00 6.593184e+00 6.294034e+00 5.989094e+00 5.681036e+00 5.370251e+00 5.340708e+00 5.275584e+00 4.510746e+00 2.094801e+02 3.667329e+01 8.199385e+00 2.598646e+00 2.517197e+00 1.612338e+00 0.000000e+00 6.618147e-01 1.194172e+00 2.405258e+00 3.404061e+00 1.213675e+00 2.652651e+00 2.617315e+00 2.593315e+00 2.584898e+00 2.571219e+00
2.184024e+00 2.381337e+00 4.735268e+00 2.435840e+00 2.234500e+00 2.006072e+00 2.245241e+00 2.329475e+00 2.192733e+00 2.314055e+00 2.332657e+00 2.354349e+00 2.371423e+00 2.377613e+00 2.366669e+00 2.342549e+00 2.315848e+00 2.299200e+00 2.305270e+00 2.338709e+00 2.397280e+00 2.461001e+00 0.000000e+00 0.000000e+00 6.468934e-01 1.172835e+00 2.922020e+00 3.259189e+00 3.559786e+00 3.797934e+00 3.977469e+00 4.095947e+00 4.147473e+00 4.348715e+00 9.663636e+00 2.084354e+02 3.548579e+01 1.102667e+01 2.607418e+00 1.931524e+00 6.505103e-01 0.000000e+00 1.180700e+00 1.614749e+00 2.555100e+00 3.519507e+00 1.652091e+00 2.726403e+00 2.694596e+00 2.665789e+00 2.646514e+00 2.622939e+00
2.324742e+00 2.178845e+00 2.381457e+00 2.097337e+00 1.823537e+00 2.175348e+00 2.332500e+00 2.102742e+00 2.299004e+00 0.000000e+00 4.975120e+00 7.160469e+00 6.983274e+00 1.120200e+01 1.326447e+01 1.280254e+01 1.226220e+01 1.165509e+01 1.099153e+01 1.027845e+01 9.521078e+00 8.711111e+00 7.827906e+00 6.887311e+00 5.921331e+00 4.938802e+00 3.282034e+00 2.213328e+00 1.897033e+00 2.064024e+00 2.316922e+00 2.572926e+00 2.790068e+00 2.960618e+00 3.272081e+00 9.524820e+00 2.373504e+02 1.303475e+01 2.319328e+00 1.166283e+00 0.000000e+00 6.520573e-01 1.593215e+00 1.948552e+00 2.664241e+00 3.566541e+00 2.004467e+00 2.791426e+00 2.765558e+00 2.734393e+00 2.706375e+00 2.677201e+00
1.994000e+00 2.307530e+00 1.869837e+00 1.542172e+00 2.042862e+00 2.310641e+00 1.955939e+00 2.277134e+00 2.108813e+00 4.355300e+00 2.154092e+00 2.168773e+00 4.482084e+00 2.392589e+00 2.311099e+00 4.701186e+00 4.643553e+00 4.513278e+00 4.328139e+00 4.101122e+00 3.844211e+00 3.563002e+00 3.263930e+00 2.986491e+00 2.788301e+00 2.031125e+00 1.261041e+00 1.171343e+00 1.427364e+00 1.834614e+00 2.193230e+00 2.489995e+00 2.728302e+00 2.914211e+00 3.054601e+00 6.849680e+00 2.412799e+02 1.464571e+01 1.695996e+00 0.000000e+00 6.628318e-01 1.179549e+00 1.928489e+00 2.216267e+00 2.745269e+00 3.556636e+00 2.283747e+00 2.845251e+00 2.826280e+00 2.796770e+00 2.764794e+00 2.733063e+00
2.228200e+00 1.557287e+00 1.152784e+00 1.829560e+00 2.251600e+00 1.741406e+00 2.252846e+00 1.945410e+00 1.970617e+00 1.989189e+00 1.999926e+00 2.009839e+00 2.331871e+00 2.186478e+00 2.203837e+00 2.386163e+00 4.762091e+00 7.073297e+00 9.419927e+00 9.194670e+00 8.896735e+00 8.532002e+00 8.100405e+00 7.611886e+00 7.080602e+00 5.796486e+00 4.376187e+00 3.518465e+00 2.707244e+00 2.109181e+00 2.167315e+00 2.450210e+00 2.682496e+00 2.869126e+00 3.014124e+00 3.305993e+00 1.048780e+01 2.499092e+02 1.445859e+00 7.452199e-01 1.297977e+00 1.616608e+00 2.203000e+00 2.430437e+00 2.806924e+00 3.500341e+00 2.501309e+00 2.887740e+00 2.874315e+00 2.848737e+00 2.816996e+00 2.784580e+00
1.145432e+00 6.530778e-01 1.539468e+00 2.150212e+00 1.447912e+00 2.227752e+00 1.724863e+00 1.747910e+00 1.763684e+00 1.773674e+00 1.779283e+00 2.267391e+00 2.003378e+00 2.027972e+00 2.321179e+00 2.192821e+00 2.217711e+00 2.403748e+00 2.371648e+00 4.910814e+00 4.915416e+00 4.850359e+00 4.726915e+00 4.555317e+00 4.346414e+00 3.406660e+00 2.359479e+00 1.901876e+00 1.598184e+00 1.816314e+00 1.692618e+01 1.641140e+01 1.586766e+01 2.035825e+01 2.150827e+01 2.087095e+01 2.057625e+01 2.750785e+02 1.093072e+00 1.392571e+00 1.854099e+00 1.983903e+00 2.428908e+00 2.600795e+00 2.855669e+00 3.409443e+00 2.667337e+00 2.920394e+00 2.908242e+00 2.885077e+00 2.855249e+00 2.822596e+00
0.000000e+00 1.159582e+00 2.009016e+00 1.072810e+00 2.197156e+00 1.433246e+00 1.458585e+00 1.471672e+00 1.477715e+00 1.479055e+00 2.207282e+00 1.765013e+00 1.788559e+00 2.243657e+00 2.010517e+00 2.032014e+00 2.312818e+00 2.216580e+00 2.259971e+00 2.311666e+00 4.686245e+00 5.429829e+00 6.100645e+00 8.039599e+00 7.922657e+00 7.020772e+00 6.652666e+00 7.776592e+00 1.125302e+01 1.525930e+01 1.688974e+00 3.305130e+00 4.851125e+00 1.269081e+00 1.279985e+00 3.063705e+00 4.752942e+00 5.180793e+00 2.761020e+02 1.248299e+00 2.336537e+00 2.433305e+00 2.612256e+00 2.733828e+00 2.895758e+00 3.298601e+00 2.788562e+00 2.943363e+00 2.928787e+00 2.905968e+00 2.879025e+00 2.994157e+01
6.505725e-01 1.802087e+00 6.086054e-01 2.157165e+00 1.057554e+00 1.082496e+00 1.096592e+00 1.102374e+00 1.098853e+00 2.155177e+00 1.458981e+00 1.481102e+00 2.167085e+00 1.767531e+00 1.785523e+00 2.214089e+00 2.016904e+00 2.055510e+00 2.101866e+00 1.937446e+00 0.000000e+00 0.000000e+00 1.647572e+00 0.000000e+00 6.884699e-01 5.994447e-01 1.053620e+00 3.650753e+00 4.437044e+00 1.235875e+00 6.833759e-01 6.861653e-01 6.913393e-01 6.971679e-01 7.026710e-01 7.099042e-01 7.190073e-01 1.317363e+00 1.913486e+00 2.734205e+02 2.019180e+00 2.810117e+00 2.932546e+00 2.833803e+00 2.928560e+00 3.186584e+00 2.870263e+00 2.955898e+00 2.937423e+00 2.914449e+00 2.892025e+00 3.332226e+01
1.498668e+00 0.000000e+00 2.097039e+00 5.910194e-01 6.044207e-01 6.144917e-01 6.206936e-01 6.202715e-01 2.122602e+00 1.074920e+00 1.089451e+00 2.103634e+00 1.460232e+00 1.471185e+00 2.117011e+00 1.760733e+00 1.794979e+00 1.836016e+00 1.596253e+00 0.000000e+00 6.727198e-01 1.213891e+00 0.000000e+00 6.754037e-01 1.230987e+00 2.980291e+00 3.341846e+00 4.393066e+00 6.835890e-01 0.000000e+00 0.000000e+00 0.000000e+00 0.000000e+00 0.000000e+00 0.000000e+00 0.000000e+00 2.952704e+00 3.815897e+00 3.934890e+00 4.207441e+00 2.729144e+02 3.101831e+00 3.185258e+00 2.899907e+00 2.951548e+00 3.093948e+00 2.920463e+00 2.960366e+00 2.937591e+00 2.912542e+00 3.520740e+01 2.907607e+00
1.748739e+00 1.969557e+00 0.000000e+00 0.000000e+00 0.000000e+00 0.000000e+00 0.000000e+00 2.110817e+00 6.037417e-01 6.052099e-01 2.062094e+00 1.077827e+00 1.084792e+00 2.042057e+00 1.444057e+00 1.471317e+00 1.504933e+00 1.170924e+00 0.000000e+00 6.708762e-01 1.212779e+00 1.650926e+00 1.996675e+00 2.269381e+00 2.489380e+00 4.238520e+00 4.316067e+00 0.000000e+00 0.000000e+00 6.808828e-01 1.231741e+00 1.681112e+00 2.046539e+00 2.343705e+00 2.586177e+00 2.785574e+00 0.000000e+00 0.000000e+00 7.208657e-01 1.311066e+00 1.880848e+00 2.708296e+02 3.348387e+00 3.114828e+00 2.958639e+00 3.031277e+00 2.947370e+00 2.960273e+00 2.934253e+00 3.705093e+01 2.898366e+00 1.561494e+01
2.143495e+00 2.192753e+00 2.209408e+00 2.193327e+00 2.162603e+00 2.131835e+00 2.114058e+00 0.000000e+00 0.000000e+00 2.048909e+00 6.025984e-01 6.075233e-01 2.000865e+00 1.062607e+00 1.078289e+00 1.100363e+00 6.482816e-01 0.000000e+00 6.680755e-01 1.208120e+00 1.647737e+00 2.000668e+00 2.274642e+00 2.484249e+00 2.646480e+00 4.395556e+00 4.421162e+00 4.456190e+00 4.468546e+00 4.452946e+00 4.404674e+00 4.319667e+00 4.196106e+00 4.038729e+00 3.857584e+00 3.667105e+00 3.488506e+00 3.350772e+00 6.520477e+00 7.112419e+00 6.965379e+00 7.017825e+00 2.635265e+02 5.881645e+00 2.945599e+00 5.945119e+00 0.000000e+00 2.953053e+00 3.886778e+01 2.864064e+00 1.697267e+01 1.644995e+00
1.718592e+00 1.897345e+00 2.003134e+00 2.053327e+00 2.068095e+00 2.065657e+00 2.061414e+00 2.059669e+00 2.055010e+00 0.000000e+00 0.000000e+00 1.990747e+00 5.958257e-01 6.022067e-01 6.101351e-01 0.000000e+00 0.000000e+00 6.592155e-01 1.193262e+00 1.629852e+00 1.983267e+00 2.263633e+00 2.478033e+00 2.637313e+00 2.754026e+00 4.503043e+00 4.490007e+00 4.497469e+00 4.494932e+00 4.475199e+00 4.428595e+00 4.347319e+00 4.226598e+00 4.068511e+00 3.881152e+00 3.679454e+00 3.485502e+00 3.326790e+00 0.000000e+00 0.000000e+00 7.094830e-01 1.280061e+00 8.762717e+00 2.517342e+02 8.823130e+00 6.472123e+00 2.932681e+00 3.770641e+01 2.819300e+00 1.629476e+01 1.662851e+00 1.215157e+00
1.074694e+00 1.392034e+00 1.620222e+00 1.781057e+00 1.890186e+00 1.960633e+00 2.002231e+00 2.022039e+00 2.024503e+00 2.015515e+00 2.001980e+00 0.000000e+00 0.000000e+00 0.000000e+00 0.000000e+00 6.245098e-01 1.125941e+00 1.537334e+00 1.877275e+00 2.155247e+00 2.376900e+00 2.548200e+00 5.376234e+00 6.016625e+00 5.925832e+00 7.674697e+00 7.439797e+00 7.207632e+00 6.951665e+00 6.668455e+00 6.353997e+00 6.007501e+00 5.629414e+00 5.223733e+00 4.797552e+00 4.364026e+00 3.943992e+00 3.568671e+00 3.293673e+00 3.177660e+00 3.178392e+00 3.217799e+00 3.454207e+00 1.225015e+01 2.492421e+02 9.413895e+00 3.649119e+01 2.774020e+00 1.559338e+01 6.510409e+00 5.012449e+00 5.502353e+00
0.000000e+00 5.767457e-01 1.015191e+00 1.352326e+00 1.608221e+00 1.794206e+00 1.915832e+00 1.984994e+00 2.017126e+00 2.021038e+00 1.999654e+00 1.965340e+00 1.936207e+00 1.926166e+00 1.943538e+00 1.992903e+00 2.073885e+00 2.178850e+00 2.298770e+00 2.421353e+00 2.534286e+00 2.629427e+00 0.000000e+00 0.000000e+00 6.768075e-01 2.426093e+00 2.866761e+00 3.239365e+00 3.532780e+00 3.750648e+00 3.893555e+00 3.964177e+00 3.965378e+00 3.903679e+00 3.788429e+00 3.634173e+00 3.461303e+00 3.297289e+00 3.172832e+00 3.108731e+00 3.104207e+00 3.138929e+00 3.189394e+00 3.430898e+00 1.565227e+01 2.470350e+02 3.796613e+01 1.486772e+01 5.980710e+00 0.000000e+00 0.000000e+00 6.806176e-01
-9.999000e+03 -9.999000e+03 -9.999000e+03 -9.999000e+03 -9.999000e+03 -9.999000e+03 -9.999000e+03 0.000000e+00 0.000000e+00 0.000000e+00 0.000000e+00 0.000000e+00 5.763773e-01 1.015254e+00 1.363906e+00 1.646307e+00 1.878082e+00 2.072453e+00 2.240642e+00 2.384720e+00 2.502424e+00 2.592851e+00 2.654816e+00 2.698576e+00 2.738404e+00 2.081307e+00 1.994472e+00 1.988240e+00 2.091463e+00 2.305407e+00 2.547496e+00 2.760754e+00 2.926013e+00 3.039376e+00 3.102085e+00 3.119965e+00 3.102346e+00 3.066658e+00 3.033038e+00 3.014873e+00 3.021665e+00 3.056130e+00 3.112982e+00 3.175994e+00 3.418103e+00 2.592545e+02 5.129499e+01 5.468742e+00 6.759311e-01 6.827319e-01 1.235965e+00 0.000000e+00
-9.999000e+03 -9.999000e+03 -9.999000e+03 -9.999000e+03 -9.999000e+03 -9.999000e+03 -9.999000e+03 -9.999000e+03 -9.999000e+03 -9.999000e+03 5.772157e-01 5.692897e-01 0.000000e+00 0.000000e+00 6.188295e-01 1.107677e+00 1.494540e+00 1.803430e+00 2.054980e+00 2.255791e+00 2.407268e+00 2.514888e+00 2.584444e+00 2.632157e+00 2.676670e+00 2.026645e+00 1.946942e+00 1.950237e+00 2.065890e+00 2.288810e+00 2.538382e+00 2.761529e+00 2.938397e+00 3.063139e+00 3.134152e+00 3.155536e+00 3.135428e+00 3.089420e+00 3.036907e+00 2.994921e+00 2.978731e+00 2.995600e+00 3.043976e+00 3.110619e+00 3.174630e+00 3.404287e+00 2.971400e+02 6.551706e+00 1.239373e+00 1.693607e+00 -9.999000e+03 -9.999000e+03
