tests/data/reference/test_sheet/control/cvin_m3.asc
ncols	123
nrows	77
xllcorner	-713746.79929998
yllcorner	-1061022.36961616
cellsize	10.0
NODATA_value	-9999
[rows 46 to 68 of 77, columns 0 to 51 of 123]
-9.999000e+03 -9.999000e+03 -9.999000e+03 -9.999000e+03 -9.999000e+03 -9.999000e+03 0.000000e+00 4.054717e+00 8.434887e-01 8.615963e-01 0.000000e+00 5.180843e-01 1.087992e+00 1.228641e+00 1.338835e+00 1.737283e+00 1.313318e+00 1.390718e+00 1.425935e+00 1.451490e+00 1.491633e+00 5.626367e-01 5.717386e-01 5.762233e-01 9.931659e-01 1.296136e+00 1.521517e+00 1.682197e+00 1.782869e+00 1.839178e+00 1.868645e+00 1.704232e+01 1.813822e+01 2.090196e+00 2.106454e+00 2.124117e+00 2.139935e+00 2.155823e+00 2.176124e+00 2.205053e+00 2.245231e+00 2.289172e+00 2.333207e+00 2.375705e+00 2.415549e+00 2.447004e+00 2.465803e+00 2.475275e+00 2.479336e+00 2.475629e+00 2.459421e+00 2.434973e+00
-9.999000e+03 -9.999000e+03 -9.999000e+03 -9.999000e+03 -9.999000e+03 -9.999000e+03 3.231068e+00 2.163505e+00 5.071778e-01 5.117445e-01 0.000000e+00 8.361886e-01 1.041816e+00 1.222229e+00 1.937083e+00 1.143962e+00 1.294316e+00 1.379632e+00 1.424026e+00 1.453403e+00 0.000000e+00 0.000000e+00 0.000000e+00 0.000000e+00 5.758497e-01 1.000973e+00 1.321222e+00 1.241324e+01 1.366223e+01 1.487906e+01 1.607900e+01 2.091028e+00 2.107165e+00 2.120665e+00 2.130711e+00 2.137150e+00 2.141704e+00 2.148956e+00 2.165635e+00 2.197352e+00 2.234189e+00 2.275191e+00 2.316234e+00 2.356719e+00 2.392530e+00 2.419806e+00 2.438695e+00 2.452254e+00 2.460584e+00 2.460390e+00 2.452937e+00 2.442533e+00
-9.999000e+03 -9.999000e+03 -9.999000e+03 -9.999000e+03 -9.999000e+03 0.000000e+00 1.618231e+00 2.242141e+00 0.000000e+00 0.000000e+00 4.822428e-01 7.897645e-01 1.084879e+00 2.169746e+00 8.754412e-01 1.113317e+00 1.267919e+00 1.363876e+00 1.414952e+00 1.444716e+00 2.972694e+00 4.418683e+00 5.820340e+00 7.890741e+00 9.031336e+00 1.025982e+01 1.152557e+01 1.931620e+00 1.980633e+00 2.029248e+00 2.067288e+00 2.094960e+00 2.115436e+00 2.125550e+00 2.128741e+00 2.127967e+00 2.126730e+00 2.131233e+00 2.155997e+00 2.183870e+00 2.220528e+00 2.257333e+00 2.295426e+00 2.330970e+00 2.360586e+00 2.384510e+00 2.405450e+00 2.424400e+00 2.434144e+00 2.438320e+00 2.440351e+00 2.054592e+00
-9.999000e+03 -9.999000e+03 -9.999000e+03 -9.999000e+03 2.271744e+00 1.277756e+00 8.154295e-01 1.686078e+00 0.000000e+00 0.000000e+00 4.623561e-01 9.497912e-01 2.406301e+00 5.050138e-01 8.505381e-01 1.081056e+00 1.234032e+00 1.334611e+00 1.386605e+00 1.410759e+00 1.446187e+00 1.497495e+00 2.567890e+00 1.333561e+00 1.570150e+00 1.722733e+00 1.814280e+00 1.879776e+00 1.947490e+00 1.997436e+00 2.037258e+00 2.074488e+00 2.094883e+00 2.102673e+00 2.102299e+00 2.098234e+00 2.095685e+00 2.117768e+00 2.133650e+00 2.167427e+00 2.200398e+00 2.236163e+00 2.270360e+00 2.299544e+00 2.323722e+00 2.346506e+00 2.373585e+00 2.392050e+00 2.405711e+00 2.411292e+00 1.839528e+00 1.838382e+00
-9.999000e+03 -9.999000e+03 -9.999000e+03 -9.999000e+03 5.275358e-01 1.227129e+00 4.747378e-01 7.027232e-01 4.482118e-01 0.000000e+00 8.000163e-01 2.609829e+00 0.000000e+00 4.893026e-01 8.181624e-01 1.035552e+00 1.188399e+00 1.290417e+00 1.326873e+00 1.345677e+00 1.374882e+00 2.746147e+00 1.004708e+00 1.308186e+00 1.508427e+00 1.630056e+00 1.711156e+00 1.799350e+00 1.863953e+00 1.919612e+00 1.977256e+00 2.012539e+00 2.031846e+00 2.039440e+00 2.039126e+00 2.036485e+00 2.071684e+00 2.075991e+00 2.109721e+00 2.137948e+00 2.172532e+00 2.207770e+00 2.237897e+00 2.261715e+00 2.283944e+00 2.318293e+00 2.339272e+00 2.361040e+00 2.365792e+00 1.535911e+00 1.540232e+00 1.535869e+00
-9.999000e+03 -9.999000e+03 -9.999000e+03 0.000000e+00 1.272146e+00 1.102821e+00 0.000000e+00 4.071893e-01 0.000000e+00 6.040023e-01 1.737663e+00 8.349490e-01 0.000000e+00 4.658345e-01 7.678726e-01 9.792592e-01 1.132494e+00 1.199042e+00 1.222108e+00 1.232906e+00 2.875165e+00 5.649187e-01 9.620432e-01 1.222951e+00 1.376772e+00 1.472405e+00 1.586389e+00 1.661824e+00 1.731838e+00 1.818215e+00 1.871930e+00 1.904626e+00 1.922718e+00 1.929950e+00 1.931424e+00 1.997681e+00 1.992277e+00 2.037922e+00 2.063405e+00 2.096395e+00 2.132521e+00 2.166791e+00 2.192914e+00 2.215757e+00 2.263976e+00 2.282802e+00 2.308131e+00 2.303412e+00 1.140256e+00 1.144744e+00 1.144257e+00 1.138133e+00
-9.999000e+03 -9.999000e+03 -9.999000e+03 0.000000e+00 1.253195e+00 3.745355e-01 0.000000e+00 0.000000e+00 3.506965e-01 3.699555e-01 1.111607e+00 6.944529e-01 0.000000e+00 4.263935e-01 7.111405e-01 9.227936e-01 1.006622e+00 1.042265e+00 1.057365e+00 2.944018e+00 0.000000e+00 5.294125e-01 8.777432e-01 1.073511e+00 1.173814e+00 1.319688e+00 1.404520e+00 1.484665e+00 1.604257e+00 1.679392e+00 1.728411e+00 1.758688e+00 1.773141e+00 1.776720e+00 1.893380e+00 1.865758e+00 1.934469e+00 1.961759e+00 2.000801e+00 2.036945e+00 2.071719e+00 2.101157e+00 2.127213e+00 2.203223e+00 2.218879e+00 2.248596e+00 2.223417e+00 6.361776e-01 6.407419e-01 6.414273e-01 6.386493e-01 9.894385e+00
-9.999000e+03 -9.999000e+03 3.132185e+00 0.000000e+00 3.789801e-01 3.255983e-01 0.000000e+00 0.000000e+00 0.000000e+00 0.000000e+00 7.685702e-01 5.457936e-01 0.000000e+00 3.869607e-01 6.664266e-01 7.544491e-01 7.862871e-01 8.015196e-01 1.636289e+00 1.058270e+00 0.000000e+00 4.776786e-01 7.368578e-01 8.307131e-01 1.014189e+00 1.100121e+00 1.185885e+00 1.346136e+00 1.437546e+00 1.501802e+00 1.546513e+00 1.570808e+00 1.576000e+00 1.770713e+00 1.697711e+00 1.799405e+00 1.816639e+00 1.868192e+00 1.914786e+00 1.949571e+00 1.975328e+00 2.001646e+00 2.123225e+00 2.130618e+00 2.170373e+00 2.118138e+00 0.000000e+00 0.000000e+00 0.000000e+00 0.000000e+00 1.028303e+01 2.295185e+00
-9.999000e+03 -9.999000e+03 5.706651e+00 4.331250e-01 0.000000e+00 0.000000e+00 0.000000e+00 0.000000e+00 3.762125e-01 5.527468e-01 0.000000e+00 3.457572e-01 0.000000e+00 3.675329e-01 4.326696e-01 4.574475e-01 4.587970e-01 4.697280e-01 4.877927e-01 8.623203e-01 0.000000e+00 3.729736e-01 4.429201e-01 6.883449e-01 7.632196e-01 8.398539e-01 1.052476e+00 1.150237e+00 1.218478e+00 1.271986e+00 1.306686e+00 1.318975e+00 1.640401e+00 1.491841e+00 1.648932e+00 1.635188e+00 1.691989e+00 1.750531e+00 1.793412e+00 1.815891e+00 1.835790e+00 2.023230e+00 2.002737e+00 2.053616e+00 1.967390e+00 1.975413e+00 2.129976e+00 2.240663e+00 8.434981e+00 1.058578e+01 2.184640e+00 2.183459e+00
-9.999000e+03 0.000000e+00 6.065532e+00 7.811785e-01 0.000000e+00 0.000000e+00 0.000000e+00 0.000000e+00 -9.999000e+03 -9.999000e+03 -9.999000e+03 0.000000e+00 0.000000e+00 0.000000e+00 0.000000e+00 0.000000e+00 0.000000e+00 0.000000e+00 0.000000e+00 0.000000e+00 0.000000e+00 0.000000e+00 3.479831e-01 4.042932e-01 4.577601e-01 7.386878e-01 8.246900e-01 8.812515e-01 9.296350e-01 9.656129e-01 9.822609e-01 1.501268e+00 1.241003e+00 1.493161e+00 1.419897e+00 1.475600e+00 1.539138e+00 1.589418e+00 1.611872e+00 1.624570e+00 1.910965e+00 1.831585e+00 1.888052e+00 1.755264e+00 1.762267e+00 2.158564e+00 4.218214e+00 6.207634e+00 2.291063e+00 2.019918e+00 2.021512e+00 2.019332e+00
-9.999000e+03 2.929054e+00 9.703088e-01 0.000000e+00 0.000000e+00 0.000000e+00 -9.999000e+03 -9.999000e+03 -9.999000e+03 -9.999000e+03 -9.999000e+03 -9.999000e+03 0.000000e+00 0.000000e+00 4.207322e-01 6.857284e-01 0.000000e+00 4.587379e-01 7.645250e-01 9.310758e-01 0.000000e+00 0.000000e+00 0.000000e+00 0.000000e+00 4.041447e-01 4.589876e-01 4.873402e-01 5.149326e-01 5.395703e-01 5.511537e-01 1.351702e+00 9.229630e-01 1.336645e+00 1.161610e+00 1.210555e+00 1.272104e+00 1.324382e+00 1.349332e+00 1.356928e+00 1.789565e+00 1.609466e+00 1.666575e+00 1.469213e+00 1.477237e+00 2.040399e+00 1.747977e+00 1.759491e+00 2.220725e+00 1.788198e+00 1.794588e+00 1.791825e+00 2.249700e+00
0.000000e+00 2.098579e+00 3.402037e-01 0.000000e+00 0.000000e+00 0.000000e+00 -9.999000e+03 -9.999000e+03 -9.999000e+03 -9.999000e+03 -9.999000e+03 -9.999000e+03 -9.999000e+03 -9.999000e+03 -9.999000e+03 0.000000e+00 8.491033e-01 0.000000e+00 0.000000e+00 0.000000e+00 1.238762e+00 -9.999000e+03 -9.999000e+03 0.000000e+00 0.000000e+00 0.000000e+00 0.000000e+00 0.000000e+00 0.000000e+00 1.201086e+00 5.173276e-01 1.180286e+00 8.501272e-01 8.856051e-01 9.377600e-01 9.847065e-01 1.006656e+00 1.015137e+00 1.665055e+00 1.329995e+00 1.378382e+00 1.094727e+00 1.103521e+00 1.881891e+00 1.460063e+00 1.463323e+00 2.144486e+00 1.481890e+00 1.488809e+00 1.490074e+00 2.157852e+00 1.748338e+00
0.000000e+00 0.000000e+00 0.000000e+00 0.000000e+00 0.000000e+00 -9.999000e+03 -9.999000e+03 -9.999000e+03 -9.999000e+03 -9.999000e+03 -9.999000e+03 -9.999000e+03 -9.999000e+03 -9.999000e+03 -9.999000e+03 -9.999000e+03 -9.999000e+03 -9.999000e+03 -9.999000e+03 -9.999000e+03 -9.999000e+03 -9.999000e+03 -9.999000e+03 0.000000e+00 0.000000e+00 0.000000e+00 4.653329e-01 7.883568e-01 1.030019e+00 0.000000e+00 1.027608e+00 4.720661e-01 4.917333e-01 5.217489e-01 5.549037e-01 5.688987e-01 5.721917e-01 1.529983e+00 9.881450e-01 1.018074e+00 6.132420e-01 6.214844e-01 1.670395e+00 1.090957e+00 1.091824e+00 2.068785e+00 1.097420e+00 1.100523e+00 1.101839e+00 2.045802e+00 1.447288e+00 2.161171e+00
-9.999000e+03 0.000000e+00 0.000000e+00 0.000000e+00 -9.999000e+03 -9.999000e+03 -9.999000e+03 -9.999000e+03 -9.999000e+03 -9.999000e+03 -9.999000e+03 -9.999000e+03 -9.999000e+03 -9.999000e+03 -9.999000e+03 -9.999000e+03 -9.999000e+03 -9.999000e+03 -9.999000e+03 -9.999000e+03 -9.999000e+03 -9.999000e+03 -9.999000e+03 -9.999000e+03 -9.999000e+03 -9.999000e+03 0.000000e+00 0.000000e+00 5.081478e-01 8.458661e-01 0.000000e+00 0.000000e+00 0.000000e+00 0.000000e+00 0.000000e+00 0.000000e+00 1.372729e+00 5.561064e-01 5.732202e-01 0.000000e+00 0.000000e+00 1.394244e+00 6.142524e-01 6.166782e-01 1.986978e+00 6.185873e-01 6.189108e-01 6.177199e-01 1.900505e+00 1.076445e+00 2.125351e+00 6.305307e-01
-9.999000e+03 -9.999000e+03 -9.999000e+03 -9.999000e+03 -9.999000e+03 -9.999000e+03 -9.999000e+03 -9.999000e+03 -9.999000e+03 -9.999000e+03 -9.999000e+03 -9.999000e+03 -9.999000e+03 -9.999000e+03 -9.999000e+03 -9.999000e+03 -9.999000e+03 -9.999000e+03 -9.999000e+03 -9.999000e+03 -9.999000e+03 -9.999000e+03 -9.999000e+03 -9.999000e+03 -9.999000e+03 -9.999000e+03 -9.999000e+03 -9.999000e+03 0.000000e+00 4.969729e-01 0.000000e+00 0.000000e+00 0.000000e+00 5.058307e-01 8.920325e-01 1.179902e+00 0.000000e+00 0.000000e+00 0.000000e+00 5.884872e-01 1.042297e+00 0.000000e+00 0.000000e+00 1.882656e+00 0.000000e+00 0.000000e+00 0.000000e+00 1.709838e+00 6.051889e-01 2.107019e+00 0.000000e+00 0.000000e+00
-9.999000e+03 -9.999000e+03 -9.999000e+03 -9.999000e+03 -9.999000e+03 -9.999000e+03 -9.999000e+03 -9.999000e+03 -9.999000e+03 -9.999000e+03 -9.999000e+03 -9.999000e+03 -9.999000e+03 -9.999000e+03 -9.999000e+03 -9.999000e+03 -9.999000e+03 -9.999000e+03 -9.999000e+03 -9.999000e+03 -9.999000e+03 -9.999000e+03 -9.999000e+03 -9.999000e+03 -9.999000e+03 -9.999000e+03 -9.999000e+03 -9.999000e+03 -9.999000e+03 0.000000e+00 7.812716e-01 4.486765e-01 4.685260e-01 0.000000e+00 0.000000e+00 0.000000e+00 0.000000e+00 0.000000e+00 5.669863e-01 9.948138e-01 1.322253e+00 1.569449e+00 1.750115e+00 0.000000e+00 6.146835e-01 1.086359e+00 1.446042e+00 0.000000e+00 2.093821e+00 0.000000e+00 6.186780e-01 1.104770e+00
-9.999000e+03 -9.999000e+03 -9.999000e+03 -9.999000e+03 -9.999000e+03 -9.999000e+03 -9.999000e+03 -9.999000e+03 -9.999000e+03 -9.999000e+03 -9.999000e+03 -9.999000e+03 -9.999000e+03 -9.999000e+03 -9.999000e+03 -9.999000e+03 -9.999000e+03 -9.999000e+03 -9.999000e+03 -9.999000e+03 -9.999000e+03 -9.999000e+03 -9.999000e+03 -9.999000e+03 -9.999000e+03 -9.999000e+03 -9.999000e+03 -9.999000e+03 -9.999000e+03 -9.999000e+03 4.604892e-01 -9.999000e+03 -9.999000e+03 -9.999000e+03 -9.999000e+03 -9.999000e+03 -9.999000e+03 -9.999000e+03 0.000000e+00 5.807220e-01 1.014067e+00 1.334598e+00 1.561689e+00 1.723993e+00 1.848515e+00 1.946404e+00 2.022493e+00 2.074549e+00 0.000000e+00 5.988677e-01 1.071687e+00 1.449410e+00
-9.999000e+03 -9.999000e+03 -9.999000e+03 -9.999000e+03 -9.999000e+03 -9.999000e+03 -9.999000e+03 -9.999000e+03 -9.999000e+03 -9.999000e+03 -9.999000e+03 -9.999000e+03 -9.999000e+03 -9.999000e+03 -9.999000e+03 -9.999000e+03 -9.999000e+03 -9.999000e+03 -9.999000e+03 -9.999000e+03 -9.999000e+03 -9.999000e+03 -9.999000e+03 -9.999000e+03 -9.999000e+03 -9.999000e+03 -9.999000e+03 -9.999000e+03 -9.999000e+03 -9.999000e+03 -9.999000e+03 -9.999000e+03 -9.999000e+03 -9.999000e+03 -9.999000e+03 -9.999000e+03 -9.999000e+03 -9.999000e+03 -9.999000e+03 -9.999000e+03 -9.999000e+03 0.000000e+00 0.000000e+00 0.000000e+00 6.040432e-01 1.067202e+00 1.417770e+00 1.668958e+00 1.825230e+00 1.923398e+00 2.004750e+00 2.078479e+00
-9.999000e+03 -9.999000e+03 -9.999000e+03 -9.999000e+03 -9.999000e+03 -9.999000e+03 -9.999000e+03 -9.999000e+03 -9.999000e+03 -9.999000e+03 -9.999000e+03 -9.999000e+03 -9.999000e+03 -9.999000e+03 -9.999000e+03 -9.999000e+03 -9.999000e+03 -9.999000e+03 -9.999000e+03 -9.999000e+03 -9.999000e+03 -9.999000e+03 -9.999000e+03 -9.999000e+03 -9.999000e+03 -9.999000e+03 -9.999000e+03 -9.999000e+03 -9.999000e+03 -9.999000e+03 -9.999000e+03 -9.999000e+03 -9.999000e+03 -9.999000e+03 -9.999000e+03 -9.999000e+03 -9.999000e+03 -9.999000e+03 -9.999000e+03 -9.999000e+03 -9.999000e+03 -9.999000e+03 -9.999000e+03 -9.999000e+03 0.000000e+00 0.000000e+00 6.108321e-01 1.065023e+00 0.000000e+00 5.994393e-01 1.076081e+00 1.449311e+00
-9.999000e+03 -9.999000e+03 -9.999000e+03 -9.999000e+03 -9.999000e+03 -9.999000e+03 -9.999000e+03 -9.999000e+03 -9.999000e+03 -9.999000e+03 -9.999000e+03 -9.999000e+03 -9.999000e+03 -9.999000e+03 -9.999000e+03 -9.999000e+03 -9.999000e+03 -9.999000e+03 -9.999000e+03 -9.999000e+03 -9.999000e+03 -9.999000e+03 -9.999000e+03 -9.999000e+03 -9.999000e+03 -9.999000e+03 -9.999000e+03 -9.999000e+03 -9.999000e+03 -9.999000e+03 -9.999000e+03 -9.999000e+03 -9.999000e+03 -9.999000e+03 -9.999000e+03 -9.999000e+03 -9.999000e+03 -9.999000e+03 -9.999000e+03 -9.999000e+03 -9.999000e+03 -9.999000e+03 -9.999000e+03 -9.999000e+03 -9.999000e+03 -9.999000e+03 -9.999000e+03 -9.999000e+03 -9.999000e+03 -9.999000e+03 0.000000e+00 6.237014e-01
-9.999000e+03 -9.999000e+03 -9.999000e+03 -9.999000e+03 -9.999000e+03 -9.999000e+03 -9.999000e+03 -9.999000e+03 -9.999000e+03 -9.999000e+03 -9.999000e+03 -9.999000e+03 -9.999000e+03 -9.999000e+03 -9.999000e+03 -9.999000e+03 -9.999000e+03 -9.999000e+03 -9.999000e+03 -9.999000e+03 -9.999000e+03 -9.999000e+03 -9.999000e+03 -9.999000e+03 -9.999000e+03 -9.999000e+03 -9.999000e+03 -9.999000e+03 -9.999000e+03 -9.999000e+03 -9.999000e+03 -9.999000e+03 -9.999000e+03 -9.999000e+03 -9.999000e+03 -9.999000e+03 -9.999000e+03 -9.999000e+03 -9.999000e+03 -9.999000e+03 -9.999000e+03 -9.999000e+03 -9.999000e+03 -9.999000e+03 -9.999000e+03 -9.999000e+03 -9.999000e+03 -9.999000e+03 -9.999000e+03 -9.999000e+03 -9.999000e+03 0.000000e+00
-9.999000e+03 -9.999000e+03 -9.999000e+03 -9.999000e+03 -9.999000e+03 -9.999000e+03 -9.999000e+03 -9.999000e+03 -9.999000e+03 -9.999000e+03 -9.999000e+03 -9.999000e+03 -9.999000e+03 -9.999000e+03 -9.999000e+03 -9.999000e+03 -9.999000e+03 -9.999000e+03 -9.999000e+03 -9.999000e+03 -9.999000e+03 -9.999000e+03 -9.999000e+03 -9.999000e+03 -9.999000e+03 -9.999000e+03 -9.999000e+03 -9.999000e+03 -9.999000e+03 -9.999000e+03 -9.999000e+03 -9.999000e+03 -9.999000e+03 -9.999000e+03 -9.999000e+03 -9.999000e+03 -9.999000e+03 -9.999000e+03 -9.999000e+03 -9.999000e+03 -9.999000e+03 -9.999000e+03 -9.999000e+03 -9.999000e+03 -9.999000e+03 -9.999000e+03 -9.999000e+03 -9.999000e+03 -9.999000e+03 -9.999000e+03 -9.999000e+03 -9.999000e+03
-9.999000e+03 -9.999000e+03 -9.999000e+03 -9.999000e+03 -9.999000e+03 -9.999000e+03 -9.999000e+03 -9.999000e+03 -9.999000e+03 -9.999000e+03 -9.999000e+03 -9.999000e+03 -9.999000e+03 -9.999000e+03 -9.999000e+03 -9.999000e+03 -9.999000e+03 -9.999000e+03 -9.999000e+03 -9.999000e+03 -9.999000e+03 -9.999000e+03 -9.999000e+03 -9.999000e+03 -9.999000e+03 -9.999000e+03 -9.999000e+03 -9.999000e+03 -9.999000e+03 -9.999000e+03 -9.999000e+03 -9.999000e+03 -9.999000e+03 -9.999000e+03 -9.999000e+03 -9.999000e+03 -9.999000e+03 -9.999000e+03 -9.999000e+03 -9.999000e+03 -9.999000e+03 -9.999000e+03 -9.999000e+03 -9.999000e+03 -9.999000e+03 -9.999000e+03 -9.999000e+03 -9.999000e+03 -9.999000e+03 -9.999000e+03 -9.999000e+03 -9.999000e+03
