tests/data/reference/test_sheet/control/cvin_m3.asc
ncols	123
nrows	77
xllcorner	-713746.79929998
yllcorner	-1061022.36961616
cellsize	10.0
NODATA_value	-9999
[rows 23 to 45 of 77, columns 0 to 51 of 123]
-9.999000e+03 -9.999000e+03 -9.999000e+03 -9.999000e+03 -9.999000e+03 -9.999000e+03 -9.999000e+03 -9.999000e+03 -9.999000e+03 -9.999000e+03 -9.999000e+03 -9.999000e+03 -9.999000e+03 -9.999000e+03 0.000000e+00 1.275755e+00 3.168620e+00 1.169947e+01 0.000000e+00 0.000000e+00 0.000000e+00 5.403685e-01 1.455909e-01 4.939565e+00 6.741144e+00 2.842616e+00 5.592002e+00 5.680488e+00 1.662581e+00 6.304795e+00 0.000000e+00 6.316526e-01 1.126538e+00 2.206926e+00 9.166939e+00 2.422225e+00 5.237868e+00 0.000000e+00 5.376514e+00 2.498490e+00 2.524518e+00 2.534552e+00 2.543701e+00 2.529664e+00 2.521142e+00 2.470091e+00 2.465999e+00 2.520640e+00 2.292721e+00 1.614324e+00 1.199472e+00 0.000000e+00
-9.999000e+03 -9.999000e+03 -9.999000e+03 -9.999000e+03 -9.999000e+03 -9.999000e+03 -9.999000e+03 -9.999000e+03 -9.999000e+03 -9.999000e+03 -9.999000e+03 -9.999000e+03 -9.999000e+03 -9.999000e+03 4.713143e-01 1.571764e+01 1.533162e+01 4.931893e-01 0.000000e+00 0.000000e+00 2.993897e-01 2.423862e+00 0.000000e+00 2.168335e-01 4.917110e+00 9.425521e+00 5.370572e+00 5.477270e+00 1.858755e+00 0.000000e+00 5.577669e+00 6.304125e-01 1.126044e+00 1.515033e+00 1.123432e+01 2.447540e+00 4.660435e+00 0.000000e+00 5.901650e+00 2.548146e+00 2.575238e+00 2.593888e+00 2.609283e+00 2.606283e+00 2.597985e+00 2.562051e+00 2.549193e+00 2.567628e+00 2.449100e+00 1.952663e+00 0.000000e+00 1.627138e+00
-9.999000e+03 -9.999000e+03 -9.999000e+03 -9.999000e+03 -9.999000e+03 -9.999000e+03 -9.999000e+03 -9.999000e+03 -9.999000e+03 -9.999000e+03 -9.999000e+03 -9.999000e+03 -9.999000e+03 -9.999000e+03 1.797124e+01 5.283732e-01 0.000000e+00 0.000000e+00 0.000000e+00 0.000000e+00 7.361471e-01 2.047779e+00 4.171021e+00 6.501350e-01 7.605881e-01 4.875308e+00 1.430601e+01 5.212304e+00 2.153709e+00 0.000000e+00 6.835096e-01 4.814543e+00 1.123660e+00 1.512177e+00 1.810403e+00 1.336619e+01 0.000000e+00 4.054047e+00 6.503437e-01 8.311078e+00 2.608019e+00 2.631836e+00 2.654516e+00 2.659818e+00 2.653197e+00 2.627447e+00 2.612728e+00 2.619006e+00 2.566355e+00 2.218195e+00 6.701211e-01 0.000000e+00
-9.999000e+03 -9.999000e+03 -9.999000e+03 -9.999000e+03 -9.999000e+03 -9.999000e+03 -9.999000e+03 -9.999000e+03 -9.999000e+03 -9.999000e+03 -9.999000e+03 -9.999000e+03 0.000000e+00 0.000000e+00 3.038443e+00 5.326417e-01 0.000000e+00 0.000000e+00 0.000000e+00 5.211205e-01 2.269617e+00 4.332120e+00 2.400683e+00 4.389972e+00 1.154111e+00 1.236934e+00 1.874334e+01 4.897762e+00 2.384757e+00 6.884849e-01 0.000000e+00 1.235361e+00 4.402055e+00 1.608770e+00 1.798508e+00 2.019691e+00 1.294521e+01 6.411515e-01 3.446227e+00 1.162627e+00 1.068976e+01 2.653583e+00 2.681963e+00 2.693373e+00 2.689728e+00 2.672409e+00 2.661032e+00 2.667477e+00 2.654835e+00 2.426205e+00 1.214260e+00 0.000000e+00
-9.999000e+03 -9.999000e+03 -9.999000e+03 -9.999000e+03 -9.999000e+03 -9.999000e+03 -9.999000e+03 -9.999000e+03 -9.999000e+03 -9.999000e+03 -9.999000e+03 -9.999000e+03 -9.999000e+03 0.000000e+00 4.749263e-01 4.151202e-01 0.000000e+00 0.000000e+00 4.750429e-01 2.358379e+00 1.842418e+00 1.908565e+00 6.377206e+00 8.953374e+00 1.331362e+01 1.456379e+01 1.580113e+01 1.827760e+01 4.523882e+00 2.552044e+00 1.231425e+00 6.834001e-01 1.677077e+00 3.928984e+00 1.974700e+00 2.132740e+00 2.165744e+00 1.245081e+01 1.148815e+00 2.891846e+00 1.192979e+01 2.662385e+00 2.693346e+00 2.709295e+00 2.710808e+00 2.703174e+00 2.699838e+00 2.712335e+00 2.723864e+00 2.588404e+00 1.661370e+00 6.838376e-01
-9.999000e+03 -9.999000e+03 -9.999000e+03 -9.999000e+03 -9.999000e+03 -9.999000e+03 -9.999000e+03 -9.999000e+03 -9.999000e+03 -9.999000e+03 -9.999000e+03 -9.999000e+03 -9.999000e+03 -9.999000e+03 -9.999000e+03 0.000000e+00 0.000000e+00 0.000000e+00 1.747971e+00 3.494428e+00 3.757204e+00 3.914434e+00 3.942465e+00 3.863166e+00 3.698572e+00 3.469087e+00 3.197093e+00 1.823396e+01 3.534673e+01 4.083857e+00 2.657006e+00 1.656581e+00 1.220141e+00 2.011943e+00 3.417690e+00 2.244210e+00 2.392294e+00 2.439759e+00 1.221673e+01 1.550215e+00 1.411250e+01 2.660323e+00 2.690220e+00 2.710116e+00 2.720337e+00 2.726258e+00 2.735670e+00 2.756575e+00 2.781706e+00 2.714878e+00 2.027739e+00 1.240819e+00
-9.999000e+03 -9.999000e+03 -9.999000e+03 -9.999000e+03 -9.999000e+03 -9.999000e+03 -9.999000e+03 -9.999000e+03 -9.999000e+03 -9.999000e+03 -9.999000e+03 -9.999000e+03 -9.999000e+03 -9.999000e+03 -9.999000e+03 -9.999000e+03 0.000000e+00 1.748786e-01 1.922621e+00 2.245415e+00 2.463855e+00 2.564592e+00 2.564571e+00 2.494564e+00 2.390056e+00 2.285315e+00 2.216680e+00 2.199241e+00 2.210087e+00 3.680927e+01 3.955717e+01 4.131700e+01 1.967743e+00 1.617914e+00 2.240238e+00 2.966265e+00 5.266669e+00 7.809883e+00 2.644498e+00 1.189301e+01 1.982376e+00 1.628870e+01 2.680957e+00 2.705826e+00 2.727243e+00 2.748933e+00 2.772768e+00 2.801450e+00 2.833066e+00 2.813507e+00 2.324285e+00 1.696552e+00
-9.999000e+03 -9.999000e+03 -9.999000e+03 -9.999000e+03 -9.999000e+03 -9.999000e+03 -9.999000e+03 -9.999000e+03 -9.999000e+03 -9.999000e+03 -9.999000e+03 -9.999000e+03 -9.999000e+03 -9.999000e+03 -9.999000e+03 -9.999000e+03 0.000000e+00 1.748167e+00 1.300805e+00 1.435340e+00 1.572862e+00 1.665343e+01 1.595647e+01 1.517697e+01 1.433443e+01 1.343793e+01 1.249416e+01 1.149917e+01 1.044274e+01 9.331450e+00 8.179224e+00 6.981651e+00 4.600989e+01 4.682524e+01 4.725875e+01 4.809629e+01 4.649346e+01 4.484689e+01 5.084504e+01 5.191454e+01 6.167871e+01 6.225402e+01 1.875160e+01 2.708806e+00 2.741545e+00 2.777622e+00 2.813504e+00 2.846881e+00 2.880177e+00 2.890521e+00 2.558923e+00 2.063910e+00
-9.999000e+03 -9.999000e+03 -9.999000e+03 -9.999000e+03 -9.999000e+03 -9.999000e+03 -9.999000e+03 -9.999000e+03 -9.999000e+03 -9.999000e+03 -9.999000e+03 -9.999000e+03 -9.999000e+03 -9.999000e+03 -9.999000e+03 0.000000e+00 1.748172e+00 1.274120e+00 1.345459e+01 1.431481e+01 1.556224e+01 1.824333e+00 3.801401e+00 5.679651e+00 5.535527e+00 9.191215e+00 1.088628e+01 1.252617e+01 1.205156e+01 1.150880e+01 1.091094e+01 1.025601e+01 9.534559e+00 8.736998e+00 7.848007e+00 6.883266e+00 2.602089e+01 2.649161e+01 2.727711e+01 2.860461e+01 2.994780e+01 3.127094e+01 9.060295e+01 1.071498e+02 1.080573e+02 2.941832e+00 5.645726e+00 2.884287e+00 2.919098e+00 2.947360e+00 2.734358e+00 2.347674e+00
-9.999000e+03 -9.999000e+03 -9.999000e+03 -9.999000e+03 -9.999000e+03 -9.999000e+03 -9.999000e+03 -9.999000e+03 -9.999000e+03 -9.999000e+03 -9.999000e+03 -9.999000e+03 -9.999000e+03 -9.999000e+03 0.000000e+00 1.747825e+00 1.163273e+01 1.278717e+01 1.623811e+00 2.147449e+00 1.647982e+00 1.698382e+00 1.740499e+00 1.926449e+00 3.859470e+00 1.823653e+00 1.843131e+00 1.867096e+00 1.915684e+00 1.968150e+00 2.186054e+00 9.673842e+00 1.160463e+01 1.344595e+01 1.516840e+01 2.072087e+01 1.081251e+00 1.460065e+00 2.162909e+00 2.156385e+00 2.120083e+00 2.156013e+00 4.957262e+00 7.502234e+00 9.971463e+00 1.159341e+02 1.169422e+02 1.205806e+02 2.898498e+00 5.922550e+00 2.849066e+00 2.546542e+00
-9.999000e+03 -9.999000e+03 -9.999000e+03 -9.999000e+03 -9.999000e+03 -9.999000e+03 -9.999000e+03 -9.999000e+03 -9.999000e+03 -9.999000e+03 -9.999000e+03 -9.999000e+03 -9.999000e+03 -9.999000e+03 0.000000e+00 9.412772e+00 2.004590e+00 1.581303e+00 2.959403e+00 1.574294e+00 1.654422e+00 1.713364e+00 1.747295e+00 1.773047e+00 1.784102e+00 1.811101e+00 1.824979e+00 1.856353e+00 3.824329e+00 5.736956e+00 7.587035e+00 1.965392e+00 2.054945e+00 2.071773e+00 6.353758e+00 6.195667e-01 1.103273e+00 2.077940e+00 2.033118e+00 1.943104e+00 1.963202e+00 2.198328e+00 2.033335e+00 2.072215e+00 2.253335e+00 4.886266e+00 7.180684e+00 9.461431e+00 1.300919e+02 1.309583e+02 1.346118e+02 2.885961e+00
-9.999000e+03 -9.999000e+03 -9.999000e+03 -9.999000e+03 -9.999000e+03 -9.999000e+03 -9.999000e+03 -9.999000e+03 -9.999000e+03 -9.999000e+03 -9.999000e+03 -9.999000e+03 -9.999000e+03 1.747738e+00 8.728329e+00 2.188941e+00 1.545714e+00 3.868485e+00 1.434534e+00 1.562009e+00 1.662670e+00 1.711528e+00 1.743778e+00 1.743034e+00 1.783956e+00 1.786964e+00 1.808935e+00 1.843061e+00 1.893301e+00 1.913063e+00 1.810645e+00 1.966358e+00 1.999859e+00 6.572032e+00 0.000000e+00 6.232117e-01 1.960367e+00 1.867261e+00 1.717069e+00 1.723491e+00 2.065554e+00 1.767440e+00 1.796652e+00 1.830674e+00 1.872759e+00 1.603447e+00 1.718461e+00 1.728398e+00 1.740847e+00 3.992311e+00 6.062294e+00 1.382789e+02
-9.999000e+03 -9.999000e+03 -9.999000e+03 -9.999000e+03 -9.999000e+03 -9.999000e+03 -9.999000e+03 -9.999000e+03 -9.999000e+03 -9.999000e+03 -9.999000e+03 -9.999000e+03 0.000000e+00 3.492128e+00 2.372187e+00 1.573070e+00 4.803318e+00 1.225540e+00 1.409813e+00 1.570440e+00 1.646029e+00 1.697562e+00 1.687263e+00 1.772754e+00 1.752487e+00 1.769096e+00 1.792625e+00 1.827312e+00 1.796934e+00 1.602218e+00 1.845445e+00 1.911612e+00 5.239458e+00 1.090818e+00 0.000000e+00 1.814318e+00 1.649867e+00 1.426954e+00 1.422147e+00 1.920667e+00 1.441843e+00 1.461709e+00 1.490334e+00 1.531692e+00 1.176134e+00 1.176620e+00 1.182968e+00 1.192162e+00 1.291093e+00 1.291215e+00 2.780965e+00 4.713565e+00
-9.999000e+03 -9.999000e+03 -9.999000e+03 -9.999000e+03 -9.999000e+03 -9.999000e+03 -9.999000e+03 -9.999000e+03 -9.999000e+03 -9.999000e+03 -9.999000e+03 -9.999000e+03 1.747082e+00 2.590460e+00 1.703429e+00 5.737103e+00 9.332296e-01 1.191168e+00 1.436666e+00 1.546370e+00 1.619323e+00 1.587665e+00 1.776429e+00 1.712140e+00 1.729635e+00 1.750823e+00 1.779595e+00 1.665197e+00 1.339571e+00 1.702388e+00 1.824880e+00 4.659713e+00 0.000000e+00 6.103959e-01 1.638658e+00 1.373364e+00 1.063351e+00 1.052772e+00 1.764662e+00 1.052940e+00 1.061325e+00 1.078660e+00 1.114819e+00 6.534006e-01 6.519587e-01 6.536457e-01 6.581492e-01 6.616653e-01 6.644400e-01 2.524606e+00 1.259503e+00 1.245813e+00
-9.999000e+03 -9.999000e+03 -9.999000e+03 -9.999000e+03 -9.999000e+03 -9.999000e+03 -9.999000e+03 -9.999000e+03 -9.999000e+03 -9.999000e+03 -9.999000e+03 0.000000e+00 3.489385e+00 1.928264e+00 6.670223e+00 5.315031e-01 8.938878e-01 1.263960e+00 1.423466e+00 1.518520e+00 1.426698e+00 1.818469e+00 1.650367e+00 1.676988e+00 1.705350e+00 1.738015e+00 1.504389e+00 1.009277e+00 1.528592e+00 1.742216e+00 1.496287e+00 2.915414e+00 0.000000e+00 1.431272e+00 1.019835e+00 6.040808e-01 5.932782e-01 1.586342e+00 5.869614e-01 5.883193e-01 5.921238e-01 6.098668e-01 0.000000e+00 0.000000e+00 0.000000e+00 0.000000e+00 0.000000e+00 0.000000e+00 2.420828e+00 6.542806e-01 6.465626e-01 6.463512e-01
-9.999000e+03 -9.999000e+03 -9.999000e+03 -9.999000e+03 -9.999000e+03 -9.999000e+03 -9.999000e+03 -9.999000e+03 -9.999000e+03 -9.999000e+03 0.000000e+00 1.746130e+00 2.200604e+00 7.607398e+00 0.000000e+00 5.049761e-01 1.056149e+00 1.291632e+00 1.415884e+00 1.200927e+00 1.933082e+00 1.570882e+00 1.608643e+00 1.649984e+00 1.694346e+00 1.283889e+00 5.780840e-01 1.300392e+00 1.640725e+00 1.276531e+00 1.249597e+00 1.216935e+00 1.194521e+00 5.684784e-01 0.000000e+00 0.000000e+00 1.359663e+00 0.000000e+00 0.000000e+00 0.000000e+00 0.000000e+00 0.000000e+00 6.368570e-01 1.144311e+00 1.543856e+00 1.855964e+00 2.098387e+00 2.283314e+00 0.000000e+00 0.000000e+00 0.000000e+00 0.000000e+00
-9.999000e+03 -9.999000e+03 -9.999000e+03 -9.999000e+03 -9.999000e+03 -9.999000e+03 -9.999000e+03 -9.999000e+03 -9.999000e+03 -9.999000e+03 0.000000e+00 2.522511e+00 7.686657e+00 4.957754e-01 0.000000e+00 8.135739e-01 1.163196e+00 1.335905e+00 9.016337e-01 2.113640e+00 1.485175e+00 1.530150e+00 1.585115e+00 1.644691e+00 9.833232e-01 0.000000e+00 9.909723e-01 1.496469e+00 9.761461e-01 9.621586e-01 9.321456e-01 9.071801e-01 0.000000e+00 0.000000e+00 5.929665e-01 1.041299e+00 0.000000e+00 5.741224e-01 9.869562e-01 1.285888e+00 0.000000e+00 0.000000e+00 6.346087e-01 1.138198e+00 1.531173e+00 1.833601e+00 2.063662e+00 2.236333e+00 2.364344e+00 2.454199e+00 2.508526e+00 2.538353e+00
-9.999000e+03 -9.999000e+03 -9.999000e+03 -9.999000e+03 -9.999000e+03 -9.999000e+03 -9.999000e+03 -9.999000e+03 -9.999000e+03 0.000000e+00 3.493197e+00 7.568151e+00 7.964233e-01 0.000000e+00 4.890491e-01 1.022096e+00 1.290047e+00 5.156558e-01 2.326333e+00 1.416304e+00 1.455691e+00 1.516472e+00 1.588206e+00 5.679081e-01 0.000000e+00 5.729494e-01 1.289172e+00 5.640107e-01 5.608260e-01 5.498990e-01 5.282961e-01 0.000000e+00 5.511682e-01 9.634824e-01 1.289196e+00 1.539756e+00 1.714928e+00 1.824473e+00 0.000000e+00 0.000000e+00 1.506788e+00 6.064034e-01 1.101194e+00 1.495297e+00 1.795343e+00 2.015235e+00 2.170917e+00 2.280056e+00 2.359851e+00 2.419284e+00 2.462672e+00 2.493751e+00
-9.999000e+03 -9.999000e+03 -9.999000e+03 -9.999000e+03 -9.999000e+03 -9.999000e+03 -9.999000e+03 -9.999000e+03 -9.999000e+03 0.000000e+00 7.093869e+00 1.194733e+00 4.832962e-01 0.000000e+00 8.105590e-01 1.252044e+00 0.000000e+00 2.538903e+00 1.384366e+00 1.408459e+00 1.461318e+00 1.532555e+00 0.000000e+00 0.000000e+00 5.747699e-01 9.941438e-01 0.000000e+00 0.000000e+00 0.000000e+00 0.000000e+00 0.000000e+00 5.296591e-01 9.286436e-01 1.240737e+00 1.489932e+00 1.684507e+00 1.827356e+00 0.000000e+00 1.881235e+00 5.867806e-01 6.044126e-01 1.705125e+00 1.883184e+00 2.033666e+00 2.148326e+00 2.228381e+00 2.281847e+00 2.318161e+00 2.347510e+00 2.375481e+00 3.441977e+01 3.509413e+01
-9.999000e+03 -9.999000e+03 -9.999000e+03 -9.999000e+03 -9.999000e+03 -9.999000e+03 -9.999000e+03 -9.999000e+03 1.746688e+00 3.489467e+00 5.217809e+00 1.066477e+00 0.000000e+00 4.899467e-01 1.181027e+00 1.291509e+00 2.697860e+00 1.391496e+00 1.403187e+00 1.439534e+00 1.487432e+00 5.580521e-01 9.642643e-01 1.262007e+00 1.480938e+00 8.835922e+00 9.926477e+00 9.288823e+00 8.573671e+00 7.774868e+00 6.879224e+00 5.914071e+00 4.919210e+00 3.910277e+00 2.909269e+00 2.012274e+00 1.942447e+00 3.932263e+00 4.452264e+00 6.230457e+00 7.062313e+00 7.861312e+00 7.508411e+00 7.095224e+00 6.621243e+00 6.094698e+00 5.527890e+00 4.925822e+00 4.293101e+00 3.368188e+01 2.386829e+00 2.367876e+00
-9.999000e+03 -9.999000e+03 -9.999000e+03 -9.999000e+03 -9.999000e+03 -9.999000e+03 -9.999000e+03 0.000000e+00 1.745905e+00 5.017777e+00 5.120158e-01 8.403191e-01 0.000000e+00 1.057489e+00 1.221837e+00 1.368684e+00 1.400571e+00 1.423359e+00 1.462936e+00 1.461436e+00 0.000000e+00 0.000000e+00 5.635457e-01 6.567191e+00 7.670996e+00 1.503587e+00 9.963402e-01 1.294182e+00 1.497101e+00 1.619994e+00 1.670949e+00 1.688063e+00 1.713192e+00 1.760734e+00 1.830106e+00 1.908563e+00 1.980142e+00 2.034163e+00 2.064971e+00 2.082788e+00 2.103458e+00 2.129159e+00 2.154828e+00 2.177072e+00 2.193173e+00 2.205347e+00 2.219278e+00 2.232608e+00 3.169219e+01 2.437114e+00 2.413867e+00 2.386201e+00
-9.999000e+03 -9.999000e+03 -9.999000e+03 -9.999000e+03 -9.999000e+03 -9.999000e+03 -9.999000e+03 0.000000e+00 8.123803e-02 5.116045e+00 0.000000e+00 4.941191e-01 8.375631e-01 1.091412e+00 1.335953e+00 1.390931e+00 1.428048e+00 1.512445e+00 1.445480e+00 1.474699e+00 3.022254e+00 4.490142e+00 5.904661e+00 1.288611e+00 1.291550e+00 5.717199e-01 0.000000e+00 5.781401e-01 1.000015e+00 1.299349e+00 1.493578e+00 1.619361e+00 1.714725e+00 1.795230e+00 1.867455e+00 1.931457e+00 2.169494e+01 2.258805e+01 2.347908e+01 2.437258e+01 2.527772e+01 2.619430e+01 2.711618e+01 2.566301e+01 2.417767e+01 2.266011e+01 3.017812e+01 3.107809e+01 2.479604e+00 2.463007e+00 2.435581e+00 2.402180e+00
-9.999000e+03 -9.999000e+03 -9.999000e+03 -9.999000e+03 -9.999000e+03 -9.999000e+03 -9.999000e+03 0.000000e+00 4.536911e+00 1.068078e+00 0.000000e+00 4.970902e-01 8.633653e-01 1.250281e+00 1.341534e+00 1.406158e+00 1.592368e+00 1.402051e+00 1.440435e+00 1.460370e+00 1.496507e+00 1.552741e+00 9.847391e-01 9.944584e-01 0.000000e+00 0.000000e+00 5.810605e-01 1.010966e+00 1.321599e+00 1.536325e+00 1.672932e+00 1.756364e+00 1.813048e+00 1.895674e+01 1.993175e+01 2.088663e+01 2.116866e+00 2.148051e+00 2.179320e+00 2.213014e+00 2.252922e+00 2.298310e+00 2.342664e+00 4.764716e+00 7.103383e+00 9.367488e+00 2.480915e+00 2.488817e+00 2.487343e+00 2.476709e+00 2.452974e+00 2.420822e+00
