tests/data/reference/test_sheet/control/massbalance.asc
ncols	123
nrows	77
xllcorner	-713746.79929998
yllcorner	-1061022.36961616
cellsize	10.0
NODATA_value	-9999
[rows 46 to 68 of 77, columns 0 to 50 of 123]
-9.999000e+03 -9.999000e+03 -9.999000e+03 -9.999000e+03 -9.999000e+03 -9.999000e+03 9.726864e-11 2.664535e-15 -4.440892e-16 -8.881784e-16 0.000000e+00 0.000000e+00 -8.881784e-16 0.000000e+00 4.440892e-16 -8.881784e-16 -1.332268e-15 1.332268e-15 -8.881784e-16 -8.881784e-16 -8.881784e-16 -8.881784e-16 0.000000e+00 -8.881784e-16 -4.440892e-16 8.881784e-16 -4.440892e-16 -4.440892e-16 -4.440892e-16 -1.332268e-15 -4.440892e-16 -1.065814e-14 -1.421085e-14 -8.881784e-16 -1.776357e-15 -1.776357e-15 -8.881784e-16 -1.332268e-15 -1.776357e-15 -8.881784e-16 0.000000e+00 -8.881784e-16 -1.332268e-15 1.332268e-15 0.000000e+00 -2.664535e-15 4.440892e-16 0.000000e+00 8.881784e-16 -4.440892e-16 4.440892e-16
-9.999000e+03 -9.999000e+03 -9.999000e+03 -9.999000e+03 -9.999000e+03 -9.999000e+03 -2.220446e-16 8.881784e-16 -6.661338e-16 0.000000e+00 2.220446e-16 0.000000e+00 0.000000e+00 -8.881784e-16 0.000000e+00 -8.881784e-16 -1.332268e-15 0.000000e+00 -8.881784e-16 -1.332268e-15 -2.220446e-16 -4.440892e-16 2.220446e-16 -2.220446e-16 -4.440892e-16 -4.440892e-16 8.881784e-16 -1.776357e-15 0.000000e+00 0.000000e+00 -1.065814e-14 0.000000e+00 0.000000e+00 8.881784e-16 1.776357e-15 -8.881784e-16 8.881784e-16 -8.881784e-16 8.881784e-16 0.000000e+00 -8.881784e-16 8.881784e-16 -1.776357e-15 0.000000e+00 1.332268e-15 8.881784e-16 -1.332268e-15 -8.881784e-16 8.881784e-16 8.881784e-16 -8.881784e-16
-9.999000e+03 -9.999000e+03 -9.999000e+03 -9.999000e+03 -9.999000e+03 -4.875322e-11 -8.881784e-16 8.881784e-16 2.220446e-16 -6.661338e-16 -2.220446e-16 -4.440892e-16 8.881784e-16 -8.881784e-16 0.000000e+00 0.000000e+00 0.000000e+00 -1.332268e-15 0.000000e+00 8.881784e-16 8.881784e-16 8.881784e-16 -1.776357e-15 0.000000e+00 -3.552714e-15 3.552714e-15 0.000000e+00 4.440892e-16 -4.440892e-16 -8.881784e-16 -2.220446e-15 -8.881784e-16 0.000000e+00 -2.220446e-15 -4.440892e-16 -1.776357e-15 -1.776357e-15 0.000000e+00 -1.332268e-15 8.881784e-16 -8.881784e-16 4.440892e-16 0.000000e+00 -1.332268e-15 -2.664535e-15 -8.881784e-16 -1.776357e-15 -8.881784e-16 -1.776357e-15 0.000000e+00 -1.332268e-15
-9.999000e+03 -9.999000e+03 -9.999000e+03 -9.999000e+03 -3.755467e-10 -1.554312e-15 4.440892e-16 -8.881784e-16 2.220446e-16 -2.220446e-16 -4.440892e-16 -8.881784e-16 -4.440892e-16 -8.881784e-16 -4.440892e-16 -8.881784e-16 0.000000e+00 -4.440892e-16 -8.881784e-16 8.881784e-16 4.440892e-16 4.440892e-16 0.000000e+00 -8.881784e-16 0.000000e+00 0.000000e+00 -1.776357e-15 8.881784e-16 0.000000e+00 4.440892e-16 -1.776357e-15 0.000000e+00 0.000000e+00 0.000000e+00 -8.881784e-16 1.776357e-15 -1.776357e-15 -8.881784e-16 -1.332268e-15 4.440892e-16 0.000000e+00 -8.881784e-16 -8.881784e-16 0.000000e+00 -4.440892e-16 4.440892e-16 -1.776357e-15 0.000000e+00 -2.220446e-15 -8.881784e-16 0.000000e+00
-9.999000e+03 -9.999000e+03 -9.999000e+03 -9.999000e+03 5.649303e-11 0.000000e+00 2.220446e-16 -1.332268e-15 -4.440892e-16 -2.220446e-16 4.440892e-16 0.000000e+00 -2.220446e-16 0.000000e+00 -8.881784e-16 4.440892e-16 -8.881784e-16 0.000000e+00 -8.881784e-16 0.000000e+00 -8.881784e-16 -8.881784e-16 0.000000e+00 -4.440892e-16 0.000000e+00 0.000000e+00 -1.332268e-15 1.332268e-15 4.440892e-16 0.000000e+00 0.000000e+00 4.440892e-16 -4.440892e-16 1.776357e-15 -8.881784e-16 0.000000e+00 -8.881784e-16 4.440892e-16 -1.776357e-15 0.000000e+00 -8.881784e-16 8.881784e-16 -2.664535e-15 -4.440892e-16 -2.220446e-15 8.881784e-16 -1.332268e-15 8.881784e-16 0.000000e+00 0.000000e+00 -8.881784e-16
-9.999000e+03 -9.999000e+03 -9.999000e+03 -1.335081e-10 -9.992007e-16 -8.881784e-16 4.440892e-16 -1.110223e-15 -4.440892e-16 -4.440892e-16 -8.881784e-16 -8.881784e-16 0.000000e+00 -2.220446e-16 -8.881784e-16 -8.881784e-16 -4.440892e-16 -4.440892e-16 -4.440892e-16 -4.440892e-16 8.881784e-16 0.000000e+00 0.000000e+00 -8.881784e-16 -4.440892e-16 -1.332268e-15 -1.776357e-15 0.000000e+00 -8.881784e-16 -1.332268e-15 -8.881784e-16 -1.332268e-15 -1.776357e-15 -1.332268e-15 -8.881784e-16 0.000000e+00 -8.881784e-16 8.881784e-16 1.776357e-15 0.000000e+00 -1.332268e-15 8.881784e-16 8.881784e-16 8.881784e-16 -1.332268e-15 8.881784e-16 -1.776357e-15 -1.332268e-15 -8.881784e-16 0.000000e+00 -8.881784e-16
-9.999000e+03 -9.999000e+03 -9.999000e+03 -6.581469e-11 -4.440892e-16 4.440892e-16 -4.440892e-16 0.000000e+00 -2.220446e-16 -6.661338e-16 -4.440892e-16 -4.440892e-16 0.000000e+00 -6.661338e-16 -8.881784e-16 4.440892e-16 -8.881784e-16 0.000000e+00 0.000000e+00 -2.664535e-15 2.220446e-16 -8.881784e-16 0.000000e+00 -8.881784e-16 -4.440892e-16 -8.881784e-16 0.000000e+00 4.440892e-16 0.000000e+00 1.332268e-15 -1.332268e-15 -8.881784e-16 -4.440892e-16 0.000000e+00 0.000000e+00 0.000000e+00 -1.776357e-15 -1.776357e-15 0.000000e+00 -1.776357e-15 -1.776357e-15 -4.440892e-16 8.881784e-16 -1.776357e-15 -1.776357e-15 0.000000e+00 8.881784e-16 -4.440892e-16 -4.440892e-16 -4.440892e-16 4.440892e-16
-9.999000e+03 -9.999000e+03 -2.159823e-09 -4.440892e-16 0.000000e+00 -4.440892e-16 -8.881784e-16 6.661338e-16 2.220446e-16 -2.220446e-16 0.000000e+00 4.440892e-16 -4.440892e-16 0.000000e+00 -8.881784e-16 0.000000e+00 -4.440892e-16 -4.440892e-16 4.440892e-16 -8.881784e-16 2.220446e-16 0.000000e+00 0.000000e+00 -4.440892e-16 0.000000e+00 -8.881784e-16 -1.776357e-15 0.000000e+00 -1.332268e-15 8.881784e-16 0.000000e+00 0.000000e+00 -8.881784e-16 8.881784e-16 -8.881784e-16 0.000000e+00 4.440892e-16 -1.776357e-15 0.000000e+00 4.440892e-16 -8.881784e-16 -8.881784e-16 -8.881784e-16 0.000000e+00 0.000000e+00 4.440892e-16 -2.220446e-16 -2.220446e-16 2.220446e-16 -4.440892e-16 -1.065814e-14
-9.999000e+03 -9.999000e+03 -4.415546e-09 2.220446e-16 -2.220446e-16 -2.220446e-16 -4.440892e-16 0.000000e+00 -4.440892e-16 -4.440892e-16 -6.661338e-16 -4.440892e-16 -2.220446e-16 0.000000e+00 0.000000e+00 0.000000e+00 -6.661338e-16 -8.881784e-16 -4.440892e-16 8.881784e-16 -4.440892e-16 -2.220446e-16 4.440892e-16 4.440892e-16 0.000000e+00 4.440892e-16 -8.881784e-16 0.000000e+00 -4.440892e-16 0.000000e+00 -8.881784e-16 8.881784e-16 -4.440892e-16 -4.440892e-16 8.881784e-16 0.000000e+00 8.881784e-16 -8.881784e-16 0.000000e+00 4.440892e-16 0.000000e+00 0.000000e+00 -8.881784e-16 -4.440892e-16 -2.664535e-15 0.000000e+00 8.881784e-16 -1.776357e-15 7.105427e-15 7.105427e-15 4.440892e-16
-9.999000e+03 2.107163e-10 5.995204e-15 -8.881784e-16 -4.440892e-16 -1.110223e-15 -2.220446e-16 -4.440892e-16 -9.999000e+03 -9.999000e+03 -9.999000e+03 -2.220446e-16 -2.220446e-16 -2.220446e-16 -4.440892e-16 -6.661338e-16 -2.220446e-16 2.220446e-16 -2.220446e-16 -2.220446e-16 -2.220446e-16 -4.440892e-16 -8.881784e-16 -4.440892e-16 -4.440892e-16 4.440892e-16 -4.440892e-16 -8.881784e-16 -4.440892e-16 0.000000e+00 0.000000e+00 -8.881784e-16 8.881784e-16 -1.776357e-15 -8.881784e-16 0.000000e+00 0.000000e+00 0.000000e+00 -1.332268e-15 -4.440892e-16 8.881784e-16 8.881784e-16 -4.440892e-16 0.000000e+00 -4.440892e-16 0.000000e+00 0.000000e+00 3.552714e-15 0.000000e+00 4.440892e-16 0.000000e+00
-9.999000e+03 1.349809e-10 -4.440892e-16 -4.440892e-16 2.220446e-16 -4.440892e-16 -9.999000e+03 -9.999000e+03 -9.999000e+03 -9.999000e+03 -9.999000e+03 -9.999000e+03 2.220446e-16 -2.220446e-16 -8.881784e-16 4.440892e-16 0.000000e+00 -4.440892e-16 -4.440892e-16 -4.440892e-16 -6.661338e-16 -2.220446e-16 -4.440892e-16 -6.661338e-16 -4.440892e-16 -4.440892e-16 -2.220446e-16 -4.440892e-16 0.000000e+00 -4.440892e-16 0.000000e+00 0.000000e+00 0.000000e+00 0.000000e+00 -1.332268e-15 0.000000e+00 0.000000e+00 -8.881784e-16 0.000000e+00 -1.776357e-15 0.000000e+00 -1.332268e-15 0.000000e+00 0.000000e+00 -8.881784e-16 4.440892e-16 4.440892e-16 0.000000e+00 -4.440892e-16 4.440892e-16 -4.440892e-16
-9.019407e-11 -1.110223e-15 -6.661338e-16 -4.440892e-16 0.000000e+00 -2.220446e-16 -9.999000e+03 -9.999000e+03 -9.999000e+03 -9.999000e+03 -9.999000e+03 -9.999000e+03 -9.999000e+03 -9.999000e+03 -9.999000e+03 -2.220446e-16 -4.440892e-16 -6.661338e-16 -2.220446e-16 -2.220446e-16 -8.881784e-16 -9.999000e+03 -9.999000e+03 -2.220446e-16 2.220446e-16 -2.220446e-16 -2.220446e-16 -2.220446e-16 2.220446e-16 -1.332268e-15 -4.440892e-16 0.000000e+00 0.000000e+00 0.000000e+00 4.440892e-16 4.440892e-16 0.000000e+00 -8.881784e-16 -8.881784e-16 0.000000e+00 -4.440892e-16 -8.881784e-16 0.000000e+00 0.000000e+00 -8.881784e-16 0.000000e+00 -1.332268e-15 -8.881784e-16 -4.440892e-16 -8.881784e-16 -8.881784e-16
-1.497811e-10 2.220446e-16 -2.220446e-16 -6.661338e-16 -2.220446e-16 -9.999000e+03 -9.999000e+03 -9.999000e+03 -9.999000e+03 -9.999000e+03 -9.999000e+03 -9.999000e+03 -9.999000e+03 -9.999000e+03 -9.999000e+03 -9.999000e+03 -9.999000e+03 -9.999000e+03 -9.999000e+03 -9.999000e+03 -9.999000e+03 -9.999000e+03 -9.999000e+03 -2.220446e-16 2.220446e-16 -2.220446e-16 2.220446e-16 0.000000e+00 0.000000e+00 2.220446e-16 0.000000e+00 -4.440892e-16 -4.440892e-16 0.000000e+00 -8.881784e-16 0.000000e+00 0.000000e+00 8.881784e-16 0.000000e+00 8.881784e-16 -4.440892e-16 0.000000e+00 -8.881784e-16 0.000000e+00 -8.881784e-16 -1.776357e-15 -8.881784e-16 -4.440892e-16 0.000000e+00 0.000000e+00 0.000000e+00
-9.999000e+03 -2.220446e-16 -2.220446e-16 -4.440892e-16 -9.999000e+03 -9.999000e+03 -9.999000e+03 -9.999000e+03 -9.999000e+03 -9.999000e+03 -9.999000e+03 -9.999000e+03 -9.999000e+03 -9.999000e+03 -9.999000e+03 -9.999000e+03 -9.999000e+03 -9.999000e+03 -9.999000e+03 -9.999000e+03 -9.999000e+03 -9.999000e+03 -9.999000e+03 -9.999000e+03 -9.999000e+03 -9.999000e+03 -2.220446e-16 0.000000e+00 -4.440892e-16 -4.440892e-16 -6.661338e-16 -2.220446e-16 -2.220446e-16 0.000000e+00 0.000000e+00 -2.220446e-16 0.000000e+00 8.881784e-16 -4.440892e-16 2.220446e-16 -6.661338e-16 -8.881784e-16 0.000000e+00 -4.440892e-16 0.000000e+00 8.881784e-16 -4.440892e-16 8.881784e-16 4.440892e-16 -4.440892e-16 -4.440892e-16
-9.999000e+03 -9.999000e+03 -9.999000e+03 -9.999000e+03 -9.999000e+03 -9.999000e+03 -9.999000e+03 -9.999000e+03 -9.999000e+03 -9.999000e+03 -9.999000e+03 -9.999000e+03 -9.999000e+03 -9.999000e+03 -9.999000e+03 -9.999000e+03 -9.999000e+03 -9.999000e+03 -9.999000e+03 -9.999000e+03 -9.999000e+03 -9.999000e+03 -9.999000e+03 -9.999000e+03 -9.999000e+03 -9.999000e+03 -9.999000e+03 -9.999000e+03 -2.220446e-16 -4.440892e-16 -2.220446e-16 -2.220446e-16 -6.661338e-16 -4.440892e-16 -8.881784e-16 -8.881784e-16 -6.661338e-16 -2.220446e-16 -2.220446e-16 -4.440892e-16 0.000000e+00 -4.440892e-16 -4.440892e-16 -4.440892e-16 -4.440892e-16 2.220446e-16 -6.661338e-16 -8.881784e-16 4.440892e-16 8.881784e-16 -4.440892e-16
-9.999000e+03 -9.999000e+03 -9.999000e+03 -9.999000e+03 -9.999000e+03 -9.999000e+03 -9.999000e+03 -9.999000e+03 -9.999000e+03 -9.999000e+03 -9.999000e+03 -9.999000e+03 -9.999000e+03 -9.999000e+03 -9.999000e+03 -9.999000e+03 -9.999000e+03 -9.999000e+03 -9.999000e+03 -9.999000e+03 -9.999000e+03 -9.999000e+03 -9.999000e+03 -9.999000e+03 -9.999000e+03 -9.999000e+03 -9.999000e+03 -9.999000e+03 -9.999000e+03 -2.220446e-16 -4.440892e-16 -4.440892e-16 -4.440892e-16 -2.220446e-16 -2.220446e-16 -2.220446e-16 2.220446e-16 -2.220446e-16 4.440892e-16 -4.440892e-16 0.000000e+00 0.000000e+00 -8.881784e-16 -2.220446e-16 -4.440892e-16 0.000000e+00 -4.440892e-16 -2.220446e-16 -8.881784e-16 -4.440892e-16 -4.440892e-16
-9.999000e+03 -9.999000e+03 -9.999000e+03 -9.999000e+03 -9.999000e+03 -9.999000e+03 -9.999000e+03 -9.999000e+03 -9.999000e+03 -9.999000e+03 -9.999000e+03 -9.999000e+03 -9.999000e+03 -9.999000e+03 -9.999000e+03 -9.999000e+03 -9.999000e+03 -9.999000e+03 -9.999000e+03 -9.999000e+03 -9.999000e+03 -9.999000e+03 -9.999000e+03 -9.999000e+03 -9.999000e+03 -9.999000e+03 -9.999000e+03 -9.999000e+03 -9.999000e+03 -9.999000e+03 -8.881784e-16 -9.999000e+03 -9.999000e+03 -9.999000e+03 -9.999000e+03 -9.999000e+03 -9.999000e+03 -9.999000e+03 -4.440892e-16 -8.881784e-16 -8.881784e-16 0.000000e+00 -1.332268e-15 4.440892e-16 -8.881784e-16 8.881784e-16 4.440892e-16 -2.664535e-15 -6.661338e-16 0.000000e+00 -8.881784e-16
-9.999000e+03 -9.999000e+03 -9.999000e+03 -9.999000e+03 -9.999000e+03 -9.999000e+03 -9.999000e+03 -9.999000e+03 -9.999000e+03 -9.999000e+03 -9.999000e+03 -9.999000e+03 -9.999000e+03 -9.999000e+03 -9.999000e+03 -9.999000e+03 -9.999000e+03 -9.999000e+03 -9.999000e+03 -9.999000e+03 -9.999000e+03 -9.999000e+03 -9.999000e+03 -9.999000e+03 -9.999000e+03 -9.999000e+03 -9.999000e+03 -9.999000e+03 -9.999000e+03 -9.999000e+03 -9.999000e+03 -9.999000e+03 -9.999000e+03 -9.999000e+03 -9.999000e+03 -9.999000e+03 -9.999000e+03 -9.999000e+03 -9.999000e+03 -9.999000e+03 -9.999000e+03 -4.440892e-16 -6.661338e-16 -6.661338e-16 -4.440892e-16 8.881784e-16 0.000000e+00 0.000000e+00 -8.881784e-16 -4.440892e-16 -8.881784e-16
-9.999000e+03 -9.999000e+03 -9.999000e+03 -9.999000e+03 -9.999000e+03 -9.999000e+03 -9.999000e+03 -9.999000e+03 -9.999000e+03 -9.999000e+03 -9.999000e+03 -9.999000e+03 -9.999000e+03 -9.999000e+03 -9.999000e+03 -9.999000e+03 -9.999000e+03 -9.999000e+03 -9.999000e+03 -9.999000e+03 -9.999000e+03 -9.999000e+03 -9.999000e+03 -9.999000e+03 -9.999000e+03 -9.999000e+03 -9.999000e+03 -9.999000e+03 -9.999000e+03 -9.999000e+03 -9.999000e+03 -9.999000e+03 -9.999000e+03 -9.999000e+03 -9.999000e+03 -9.999000e+03 -9.999000e+03 -9.999000e+03 -9.999000e+03 -9.999000e+03 -9.999000e+03 -9.999000e+03 -9.999000e+03 -9.999000e+03 -6.661338e-16 -4.440892e-16 4.440892e-16 -1.332268e-15 -6.661338e-16 0.000000e+00 -4.440892e-16
-9.999000e+03 -9.999000e+03 -9.999000e+03 -9.999000e+03 -9.999000e+03 -9.999000e+03 -9.999000e+03 -9.999000e+03 -9.999000e+03 -9.999000e+03 -9.999000e+03 -9.999000e+03 -9.999000e+03 -9.999000e+03 -9.999000e+03 -9.999000e+03 -9.999000e+03 -9.999000e+03 -9.999000e+03 -9.999000e+03 -9.999000e+03 -9.999000e+03 -9.999000e+03 -9.999000e+03 -9.999000e+03 -9.999000e+03 -9.999000e+03 -9.999000e+03 -9.999000e+03 -9.999000e+03 -9.999000e+03 -9.999000e+03 -9.999000e+03 -9.999000e+03 -9.999000e+03 -9.999000e+03 -9.999000e+03 -9.999000e+03 -9.999000e+03 -9.999000e+03 -9.999000e+03 -9.999000e+03 -9.999000e+03 -9.999000e+03 -9.999000e+03 -9.999000e+03 -9.999000e+03 -9.999000e+03 -9.999000e+03 -9.999000e+03 -4.440892e-16
-9.999000e+03 -9.999000e+03 -9.999000e+03 -9.999000e+03 -9.999000e+03 -9.999000e+03 -9.999000e+03 -9.999000e+03 -9.999000e+03 -9.999000e+03 -9.999000e+03 -9.999000e+03 -9.999000e+03 -9.999000e+03 -9.999000e+03 -9.999000e+03 -9.999000e+03 -9.999000e+03 -9.999000e+03 -9.999000e+03 -9.999000e+03 -9.999000e+03 -9.999000e+03 -9.999000e+03 -9.999000e+03 -9.999000e+03 -9.999000e+03 -9.999000e+03 -9.999000e+03 -9.999000e+03 -9.999000e+03 -9.999000e+03 -9.999000e+03 -9.999000e+03 -9.999000e+03 -9.999000e+03 -9.999000e+03 -9.999000e+03 -9.999000e+03 -9.999000e+03 -9.999000e+03 -9.999000e+03 -9.999000e+03 -9.999000e+03 -9.999000e+03 -9.999000e+03 -9.999000e+03 -9.999000e+03 -9.999000e+03 -9.999000e+03 -9.999000e+03
-9.999000e+03 -9.999000e+03 -9.999000e+03 -9.999000e+03 -9.999000e+03 -9.999000e+03 -9.999000e+03 -9.999000e+03 -9.999000e+03 -9.999000e+03 -9.999000e+03 -9.999000e+03 -9.999000e+03 -9.999000e+03 -9.999000e+03 -9.999000e+03 -9.999000e+03 -9.999000e+03 -9.999000e+03 -9.999000e+03 -9.999000e+03 -9.999000e+03 -9.999000e+03 -9.999000e+03 -9.999000e+03 -9.999000e+03 -9.999000e+03 -9.999000e+03 -9.999000e+03 -9.999000e+03 -9.999000e+03 -9.999000e+03 -9.999000e+03 -9.999000e+03 -9.999000e+03 -9.999000e+03 -9.999000e+03 -9.999000e+03 -9.999000e+03 -9.999000e+03 -9.999000e+03 -9.999000e+03 -9.999000e+03 -9.999000e+03 -9.999000e+03 -9.999000e+03 -9.999000e+03 -9.999000e+03 -9.999000e+03 -9.999000e+03 -9.999000e+03
-9.999000e+03 -9.999000e+03 -9.999000e+03 -9.999000e+03 -9.999000e+03 -9.999000e+03 -9.999000e+03 -9.999000e+03 -9.999000e+03 -9.999000e+03 -9.999000e+03 -9.999000e+03 -9.999000e+03 -9.999000e+03 -9.999000e+03 -9.999000e+03 -9.999000e+03 -9.999000e+03 -9.999000e+03 -9.999000e+03 -9.999000e+03 -9.999000e+03 -9.999000e+03 -9.999000e+03 -9.999000e+03 -9.999000e+03 -9.999000e+03 -9.999000e+03 -9.999000e+03 -9.999000e+03 -9.999000e+03 -9.999000e+03 -9.999000e+03 -9.999000e+03 -9.999000e+03 -9.999000e+03 -9.999000e+03 -9.999000e+03 -9.999000e+03 -9.999000e+03 -9.999000e+03 -9.999000e+03 -9.999000e+03 -9.999000e+03 -9.999000e+03 -9.999000e+03 -9.999000e+03 -9.999000e+03 -9.999000e+03 -9.999000e+03 -9.999000e+03
