tests/data/reference/test_sheet/control/massbalance.asc
ncols	123
nrows	77
xllcorner	-713746.79929998
yllcorner	-1061022.36961616
cellsize	10.0
NODATA_value	-9999
[rows 23 to 45 of 77, columns 0 to 50 of 123]
-9.999000e+03 -9.999000e+03 -9.999000e+03 -9.999000e+03 -9.999000e+03 -9.999000e+03 -9.999000e+03 -9.999000e+03 -9.999000e+03 -9.999000e+03 -9.999000e+03 -9.999000e+03 -9.999000e+03 -9.999000e+03 2.220446e-16 8.881784e-16 -3.552714e-15 1.243450e-14 -6.661338e-16 -2.220446e-16 -3.330669e-16 -4.178879e-12 -1.110223e-16 -2.664535e-15 -1.776357e-15 2.664535e-15 1.776357e-15 8.881784e-16 0.000000e+00 5.329071e-15 -6.661338e-16 4.440892e-16 -8.881784e-16 1.776357e-15 -3.552714e-15 -2.220446e-15 -3.552714e-15 0.000000e+00 -2.664535e-15 -1.776357e-15 -2.664535e-15 0.000000e+00 8.881784e-16 8.881784e-16 0.000000e+00 0.000000e+00 -8.881784e-16 1.776357e-15 0.000000e+00 -8.881784e-16 -8.881784e-16
-9.999000e+03 -9.999000e+03 -9.999000e+03 -9.999000e+03 -9.999000e+03 -9.999000e+03 -9.999000e+03 -9.999000e+03 -9.999000e+03 -9.999000e+03 -9.999000e+03 -9.999000e+03 -9.999000e+03 -9.999000e+03 -4.440892e-16 1.919386e-09 -7.105427e-15 0.000000e+00 -2.220446e-16 -4.440892e-16 4.351053e-11 -4.015188e-11 -4.440892e-16 -6.661338e-16 0.000000e+00 -1.953993e-14 8.881784e-16 2.664535e-15 -1.776357e-15 0.000000e+00 -2.664535e-15 0.000000e+00 0.000000e+00 0.000000e+00 3.552714e-15 8.881784e-16 4.440892e-15 -2.220446e-16 -8.881784e-16 -2.664535e-15 1.776357e-15 -8.881784e-16 -8.881784e-16 0.000000e+00 0.000000e+00 1.776357e-15 -1.776357e-15 -2.664535e-15 -8.881784e-16 0.000000e+00 -2.220446e-16
-9.999000e+03 -9.999000e+03 -9.999000e+03 -9.999000e+03 -9.999000e+03 -9.999000e+03 -9.999000e+03 -9.999000e+03 -9.999000e+03 -9.999000e+03 -9.999000e+03 -9.999000e+03 -9.999000e+03 -9.999000e+03 1.159582e-08 -8.881784e-16 -4.440892e-16 2.220446e-16 -2.220446e-16 -3.330669e-16 -4.128120e-11 4.440892e-15 0.000000e+00 0.000000e+00 -8.881784e-16 0.000000e+00 7.105427e-15 -2.664535e-15 1.776357e-15 -2.220446e-16 -8.881784e-16 2.664535e-15 -4.440892e-16 -4.440892e-16 -4.440892e-16 0.000000e+00 0.000000e+00 0.000000e+00 -4.440892e-16 1.776357e-15 -1.776357e-15 0.000000e+00 -8.881784e-16 -1.776357e-15 -1.776357e-15 -2.664535e-15 -1.776357e-15 0.000000e+00 8.881784e-16 8.881784e-16 -4.440892e-16
-9.999000e+03 -9.999000e+03 -9.999000e+03 -9.999000e+03 -9.999000e+03 -9.999000e+03 -9.999000e+03 -9.999000e+03 -9.999000e+03 -9.999000e+03 -9.999000e+03 -9.999000e+03 -4.440892e-16 -2.220446e-16 -8.881784e-16 -4.440892e-16 -4.440892e-16 -2.220446e-16 -3.330669e-16 6.615153e-12 -1.998401e-15 3.552714e-15 0.000000e+00 -8.881784e-16 -1.776357e-15 4.440892e-16 -7.105427e-15 8.881784e-16 0.000000e+00 0.000000e+00 -8.881784e-16 0.000000e+00 -1.776357e-15 -1.332268e-15 -4.440892e-16 -8.881784e-16 -5.329071e-15 -4.440892e-16 8.881784e-16 8.881784e-16 3.552714e-15 -2.664535e-15 -8.881784e-16 0.000000e+00 0.000000e+00 -1.776357e-15 8.881784e-16 0.000000e+00 -8.881784e-16 -1.332268e-15 0.000000e+00
-9.999000e+03 -9.999000e+03 -9.999000e+03 -9.999000e+03 -9.999000e+03 -9.999000e+03 -9.999000e+03 -9.999000e+03 -9.999000e+03 -9.999000e+03 -9.999000e+03 -9.999000e+03 -9.999000e+03 -4.440892e-16 -2.220446e-16 -6.661338e-16 -2.220446e-16 -3.330669e-16 2.383871e-11 3.330669e-15 8.881784e-16 -8.881784e-16 -8.881784e-16 1.776357e-15 8.881784e-15 7.105427e-15 -1.065814e-14 -1.065814e-14 1.776357e-15 -2.664535e-15 -1.332268e-15 -4.440892e-16 -1.332268e-15 8.881784e-16 -8.881784e-16 8.881784e-16 4.440892e-16 -5.329071e-15 8.881784e-16 -3.552714e-15 -8.881784e-15 0.000000e+00 0.000000e+00 -1.776357e-15 0.000000e+00 -8.881784e-16 -1.776357e-15 -2.664535e-15 -8.881784e-16 0.000000e+00 -1.332268e-15
-9.999000e+03 -9.999000e+03 -9.999000e+03 -9.999000e+03 -9.999000e+03 -9.999000e+03 -9.999000e+03 -9.999000e+03 -9.999000e+03 -9.999000e+03 -9.999000e+03 -9.999000e+03 -9.999000e+03 -9.999000e+03 -9.999000e+03 -6.661338e-16 -3.330669e-16 -5.388290e-11 1.364420e-11 -2.664535e-15 -8.881784e-16 -8.881784e-16 3.552714e-15 -5.329071e-15 1.776357e-15 0.000000e+00 -2.664535e-15 -3.552714e-15 3.552714e-14 8.881784e-16 0.000000e+00 -4.440892e-16 -1.776357e-15 -8.881784e-16 -1.776357e-15 1.332268e-15 -8.881784e-16 8.881784e-16 3.552714e-15 -8.881784e-16 0.000000e+00 -3.552714e-15 -1.776357e-15 0.000000e+00 -8.881784e-16 -8.881784e-16 -1.776357e-15 -8.881784e-16 -1.776357e-15 0.000000e+00 0.000000e+00
-9.999000e+03 -9.999000e+03 -9.999000e+03 -9.999000e+03 -9.999000e+03 -9.999000e+03 -9.999000e+03 -9.999000e+03 -9.999000e+03 -9.999000e+03 -9.999000e+03 -9.999000e+03 -9.999000e+03 -9.999000e+03 -9.999000e+03 -9.999000e+03 -1.110223e-16 -4.361622e-11 -8.881784e-16 0.000000e+00 0.000000e+00 -8.881784e-16 -2.664535e-15 2.220446e-15 -2.664535e-15 1.776357e-15 -8.881784e-16 0.000000e+00 -8.881784e-16 0.000000e+00 2.842171e-14 7.105427e-15 -4.440892e-16 -8.881784e-16 8.881784e-16 -8.881784e-16 8.881784e-16 5.329071e-15 -1.776357e-15 -7.105427e-15 -1.776357e-15 -3.552714e-15 -1.776357e-15 -8.881784e-16 0.000000e+00 -8.881784e-16 1.776357e-15 -1.776357e-15 2.664535e-15 -1.776357e-15 0.000000e+00
-9.999000e+03 -9.999000e+03 -9.999000e+03 -9.999000e+03 -9.999000e+03 -9.999000e+03 -9.999000e+03 -9.999000e+03 -9.999000e+03 -9.999000e+03 -9.999000e+03 -9.999000e+03 -9.999000e+03 -9.999000e+03 -9.999000e+03 -9.999000e+03 4.648282e-11 -6.661338e-16 4.440892e-16 0.000000e+00 4.440892e-16 7.105427e-15 -7.105427e-15 1.421085e-14 -5.329071e-15 -7.105427e-15 3.552714e-15 -5.329071e-15 1.776357e-15 1.411298e-10 1.316970e-09 -4.267484e-10 -6.092506e-09 -6.445966e-09 3.380777e-09 3.547370e-09 -2.208417e-08 2.954363e-08 6.959951e-09 3.383605e-11 1.540453e-08 -4.475197e-09 0.000000e+00 0.000000e+00 8.881784e-16 -1.776357e-15 0.000000e+00 1.776357e-15 -1.776357e-15 -8.881784e-16 0.000000e+00
-9.999000e+03 -9.999000e+03 -9.999000e+03 -9.999000e+03 -9.999000e+03 -9.999000e+03 -9.999000e+03 -9.999000e+03 -9.999000e+03 -9.999000e+03 -9.999000e+03 -9.999000e+03 -9.999000e+03 -9.999000e+03 -9.999000e+03 2.566103e-11 -1.110223e-15 -4.440892e-16 0.000000e+00 -1.065814e-14 -3.552714e-15 -8.881784e-16 -8.881784e-16 0.000000e+00 1.776357e-15 0.000000e+00 -2.309264e-14 -3.552714e-15 1.598721e-14 -1.065814e-14 5.329071e-15 -5.329071e-15 7.105427e-15 -5.329071e-15 5.329071e-15 -5.329071e-15 1.065814e-14 -7.105427e-15 -3.552714e-15 7.105427e-15 7.105427e-15 -3.552714e-14 1.650194e-08 -1.288144e-08 2.316141e-08 -8.881784e-16 -3.552714e-15 -8.881784e-16 -1.776357e-15 0.000000e+00 0.000000e+00
-9.999000e+03 -9.999000e+03 -9.999000e+03 -9.999000e+03 -9.999000e+03 -9.999000e+03 -9.999000e+03 -9.999000e+03 -9.999000e+03 -9.999000e+03 -9.999000e+03 -9.999000e+03 -9.999000e+03 -9.999000e+03 -7.980150e-11 -1.466818e-10 7.105427e-15 -8.881784e-15 -1.776357e-15 -4.440892e-15 -4.440892e-16 0.000000e+00 -1.332268e-15 8.881784e-16 -5.329071e-15 0.000000e+00 -1.332268e-15 8.881784e-16 -8.881784e-16 -1.332268e-15 8.881784e-16 3.552714e-15 -8.881784e-15 8.881784e-15 0.000000e+00 -3.552714e-15 -4.440892e-16 -4.440892e-16 4.440892e-16 0.000000e+00 8.881784e-16 0.000000e+00 0.000000e+00 3.552714e-15 3.552714e-15 9.523490e-09 1.151400e-08 1.174197e-08 -8.881784e-16 2.664535e-15 -1.776357e-15
-9.999000e+03 -9.999000e+03 -9.999000e+03 -9.999000e+03 -9.999000e+03 -9.999000e+03 -9.999000e+03 -9.999000e+03 -9.999000e+03 -9.999000e+03 -9.999000e+03 -9.999000e+03 -9.999000e+03 -9.999000e+03 -3.931211e-11 5.995204e-15 -8.881784e-16 8.881784e-16 2.664535e-15 -4.440892e-16 -1.776357e-15 0.000000e+00 -1.776357e-15 -1.332268e-15 -1.776357e-15 8.881784e-16 -8.881784e-16 -1.776357e-15 -1.776357e-15 -8.881784e-16 -5.329071e-15 0.000000e+00 -2.220446e-15 0.000000e+00 2.664535e-15 0.000000e+00 0.000000e+00 -3.108624e-15 0.000000e+00 0.000000e+00 0.000000e+00 -8.881784e-16 1.776357e-15 -8.881784e-16 1.332268e-15 4.440892e-15 1.776357e-15 7.105427e-15 3.206461e-08 1.446855e-08 -5.408367e-09
-9.999000e+03 -9.999000e+03 -9.999000e+03 -9.999000e+03 -9.999000e+03 -9.999000e+03 -9.999000e+03 -9.999000e+03 -9.999000e+03 -9.999000e+03 -9.999000e+03 -9.999000e+03 -9.999000e+03 -7.283152e-11 -2.886580e-15 -4.440892e-16 -1.776357e-15 -1.776357e-15 0.000000e+00 0.000000e+00 -8.881784e-16 -4.440892e-16 0.000000e+00 -4.440892e-16 -1.332268e-15 -8.881784e-16 -4.440892e-16 -8.881784e-16 -1.776357e-15 8.881784e-16 -4.440892e-16 4.440892e-16 -8.881784e-16 1.776357e-15 -4.440892e-16 -4.440892e-16 1.776357e-15 -4.440892e-16 -8.881784e-16 -1.332268e-15 -1.332268e-15 -1.776357e-15 0.000000e+00 0.000000e+00 4.440892e-16 -4.440892e-16 0.000000e+00 -4.440892e-16 0.000000e+00 -8.881784e-16 0.000000e+00
-9.999000e+03 -9.999000e+03 -9.999000e+03 -9.999000e+03 -9.999000e+03 -9.999000e+03 -9.999000e+03 -9.999000e+03 -9.999000e+03 -9.999000e+03 -9.999000e+03 -9.999000e+03 -3.607337e-11 -1.274358e-10 8.881784e-16 -4.440892e-16 3.552714e-15 -8.881784e-16 4.440892e-16 0.000000e+00 0.000000e+00 -8.881784e-16 -4.440892e-16 8.881784e-16 -4.440892e-16 -4.440892e-16 -8.881784e-16 4.440892e-16 -1.776357e-15 -8.881784e-16 -1.776357e-15 -4.440892e-16 1.776357e-15 8.881784e-16 -4.440892e-16 0.000000e+00 -8.881784e-16 -8.881784e-16 4.440892e-16 4.440892e-16 -4.440892e-16 -8.881784e-16 4.440892e-16 -8.881784e-16 0.000000e+00 -4.440892e-16 4.440892e-16 4.440892e-16 0.000000e+00 1.332268e-15 -8.881784e-16
-9.999000e+03 -9.999000e+03 -9.999000e+03 -9.999000e+03 -9.999000e+03 -9.999000e+03 -9.999000e+03 -9.999000e+03 -9.999000e+03 -9.999000e+03 -9.999000e+03 -9.999000e+03 -2.090119e-10 8.881784e-16 0.000000e+00 -2.664535e-15 4.440892e-16 -1.332268e-15 -4.440892e-16 0.000000e+00 -8.881784e-16 -8.881784e-16 -4.440892e-16 -8.881784e-16 -1.776357e-15 -8.881784e-16 -1.776357e-15 -4.440892e-16 1.332268e-15 8.881784e-16 -8.881784e-16 -2.664535e-15 -4.440892e-16 0.000000e+00 -8.881784e-16 -4.440892e-16 4.440892e-16 -8.881784e-16 -1.332268e-15 4.440892e-16 0.000000e+00 -8.881784e-16 0.000000e+00 -4.440892e-16 0.000000e+00 -8.881784e-16 0.000000e+00 -8.881784e-16 -1.332268e-15 8.881784e-16 0.000000e+00
-9.999000e+03 -9.999000e+03 -9.999000e+03 -9.999000e+03 -9.999000e+03 -9.999000e+03 -9.999000e+03 -9.999000e+03 -9.999000e+03 -9.999000e+03 -9.999000e+03 1.268141e-11 -3.774758e-15 8.881784e-16 1.776357e-15 0.000000e+00 4.440892e-16 0.000000e+00 -8.881784e-16 -1.332268e-15 1.332268e-15 -8.881784e-16 0.000000e+00 -8.881784e-16 8.881784e-16 -8.881784e-16 4.440892e-16 -1.332268e-15 -4.440892e-16 -1.332268e-15 0.000000e+00 0.000000e+00 -4.440892e-16 4.440892e-16 0.000000e+00 -4.440892e-16 -4.440892e-16 0.000000e+00 4.440892e-16 0.000000e+00 8.881784e-16 -8.881784e-16 -2.220446e-16 -6.661338e-16 -6.661338e-16 -2.220446e-16 -4.440892e-16 -4.440892e-16 -8.881784e-16 -4.440892e-16 -8.881784e-16
-9.999000e+03 -9.999000e+03 -9.999000e+03 -9.999000e+03 -9.999000e+03 -9.999000e+03 -9.999000e+03 -9.999000e+03 -9.999000e+03 -9.999000e+03 -9.497203e-11 2.283556e-10 -8.881784e-16 -3.552714e-15 -2.220446e-16 0.000000e+00 4.440892e-16 -8.881784e-16 0.000000e+00 -1.332268e-15 -1.776357e-15 -4.440892e-16 0.000000e+00 -8.881784e-16 4.440892e-16 -4.440892e-16 0.000000e+00 -8.881784e-16 0.000000e+00 4.440892e-16 -8.881784e-16 -8.881784e-16 -1.332268e-15 -1.332268e-15 -1.110223e-15 2.220446e-16 4.440892e-16 -6.661338e-16 0.000000e+00 -2.220446e-16 2.220446e-16 -2.220446e-16 -4.440892e-16 0.000000e+00 0.000000e+00 8.881784e-16 -1.332268e-15 -4.440892e-16 0.000000e+00 0.000000e+00 -4.440892e-16
-9.999000e+03 -9.999000e+03 -9.999000e+03 -9.999000e+03 -9.999000e+03 -9.999000e+03 -9.999000e+03 -9.999000e+03 -9.999000e+03 -9.999000e+03 -9.826118e-11 0.000000e+00 1.776357e-15 0.000000e+00 0.000000e+00 -8.881784e-16 0.000000e+00 -8.881784e-16 -4.440892e-16 8.881784e-16 0.000000e+00 4.440892e-16 -1.776357e-15 -8.881784e-16 -4.440892e-16 -2.220446e-16 0.000000e+00 -8.881784e-16 0.000000e+00 -4.440892e-16 -8.881784e-16 -4.440892e-16 -2.220446e-16 -2.220446e-16 -8.881784e-16 -4.440892e-16 2.220446e-16 -8.881784e-16 -1.332268e-15 -4.440892e-16 -2.220446e-16 0.000000e+00 -4.440892e-16 0.000000e+00 -8.881784e-16 0.000000e+00 -8.881784e-16 4.440892e-16 -2.220446e-15 0.000000e+00 0.000000e+00
-9.999000e+03 -9.999000e+03 -9.999000e+03 -9.999000e+03 -9.999000e+03 -9.999000e+03 -9.999000e+03 -9.999000e+03 -9.999000e+03 6.881362e-11 -2.220446e-16 1.776357e-15 0.000000e+00 -2.220446e-16 -4.440892e-16 -8.881784e-16 4.440892e-16 0.000000e+00 8.881784e-16 -8.881784e-16 -4.440892e-16 -8.881784e-16 0.000000e+00 0.000000e+00 -2.220446e-16 0.000000e+00 4.440892e-16 -4.440892e-16 0.000000e+00 4.440892e-16 0.000000e+00 -2.220446e-16 -4.440892e-16 4.440892e-16 0.000000e+00 -8.881784e-16 0.000000e+00 0.000000e+00 -2.220446e-16 -2.220446e-16 0.000000e+00 -4.440892e-16 -8.881784e-16 0.000000e+00 4.440892e-16 -4.440892e-16 0.000000e+00 0.000000e+00 -8.881784e-16 -1.776357e-15 0.000000e+00
-9.999000e+03 -9.999000e+03 -9.999000e+03 -9.999000e+03 -9.999000e+03 -9.999000e+03 -9.999000e+03 -9.999000e+03 -9.999000e+03 6.761147e-11 -3.552714e-15 0.000000e+00 -4.440892e-16 -4.440892e-16 0.000000e+00 -8.881784e-16 -4.440892e-16 -8.881784e-16 -8.881784e-16 -1.332268e-15 0.000000e+00 0.000000e+00 -2.220446e-16 -4.440892e-16 -8.881784e-16 0.000000e+00 -2.220446e-16 -2.220446e-16 -2.220446e-16 -2.220446e-16 0.000000e+00 -4.440892e-16 0.000000e+00 -8.881784e-16 -8.881784e-16 -1.776357e-15 1.776357e-15 -6.661338e-16 -8.881784e-16 0.000000e+00 0.000000e+00 4.440892e-16 -4.440892e-16 0.000000e+00 0.000000e+00 8.881784e-16 -1.776357e-15 -8.881784e-16 -4.440892e-16 0.000000e+00 0.000000e+00
-9.999000e+03 -9.999000e+03 -9.999000e+03 -9.999000e+03 -9.999000e+03 -9.999000e+03 -9.999000e+03 -9.999000e+03 -2.002021e-10 -2.220446e-16 2.664535e-15 -8.881784e-16 2.220446e-16 -4.440892e-16 0.000000e+00 -1.332268e-15 -1.776357e-15 0.000000e+00 -1.332268e-15 -8.881784e-16 -8.881784e-16 -4.440892e-16 -4.440892e-16 -8.881784e-16 8.881784e-16 -5.329071e-15 5.329071e-15 -7.105427e-15 3.552714e-15 3.552714e-15 -1.776357e-15 -3.552714e-15 1.776357e-15 -8.881784e-16 0.000000e+00 0.000000e+00 0.000000e+00 -8.881784e-16 8.881784e-16 1.776357e-15 -5.329071e-15 0.000000e+00 -1.776357e-15 0.000000e+00 3.552714e-15 -3.552714e-15 -8.881784e-16 -8.881784e-16 4.440892e-15 -2.842171e-14 -8.881784e-16
-9.999000e+03 -9.999000e+03 -9.999000e+03 -9.999000e+03 -9.999000e+03 -9.999000e+03 -9.999000e+03 -7.112289e-11 -5.146772e-11 -8.881784e-16 0.000000e+00 -4.440892e-16 -2.220446e-16 -4.440892e-16 0.000000e+00 -8.881784e-16 -8.881784e-16 4.440892e-16 -4.440892e-16 0.000000e+00 -2.220446e-16 0.000000e+00 -4.440892e-16 1.776357e-15 1.776357e-15 4.440892e-16 -1.332268e-15 -8.881784e-16 -8.881784e-16 -8.881784e-16 8.881784e-16 -1.332268e-15 -8.881784e-16 -8.881784e-16 8.881784e-16 -1.776357e-15 -4.440892e-16 -8.881784e-16 8.881784e-16 -8.881784e-16 8.881784e-16 -8.881784e-16 0.000000e+00 8.881784e-16 -2.220446e-15 -1.776357e-15 4.440892e-16 -8.881784e-16 2.842171e-14 0.000000e+00 -1.776357e-15
-9.999000e+03 -9.999000e+03 -9.999000e+03 -9.999000e+03 -9.999000e+03 -9.999000e+03 -9.999000e+03 2.299787e-10 -4.440892e-16 2.664535e-15 2.220446e-16 -8.881784e-16 0.000000e+00 8.881784e-16 -8.881784e-16 -8.881784e-16 -4.440892e-16 -8.881784e-16 0.000000e+00 8.881784e-16 -8.881784e-16 -4.440892e-15 -3.552714e-15 0.000000e+00 -8.881784e-16 -4.440892e-16 -6.661338e-16 -4.440892e-16 0.000000e+00 -4.440892e-16 -4.440892e-16 -4.440892e-16 -4.440892e-16 -4.440892e-16 4.440892e-16 -8.881784e-16 -7.105427e-15 -7.105427e-15 -1.421085e-14 0.000000e+00 0.000000e+00 -3.552714e-15 1.421085e-14 -1.421085e-14 1.065814e-14 -1.065814e-14 3.552714e-14 -2.131628e-14 0.000000e+00 0.000000e+00 0.000000e+00
-9.999000e+03 -9.999000e+03 -9.999000e+03 -9.999000e+03 -9.999000e+03 -9.999000e+03 -9.999000e+03 -2.220446e-16 -2.664535e-15 4.440892e-16 0.000000e+00 -4.440892e-16 -8.881784e-16 0.000000e+00 0.000000e+00 -8.881784e-16 4.440892e-16 -1.332268e-15 -2.220446e-15 0.000000e+00 0.000000e+00 8.881784e-16 4.440892e-16 0.000000e+00 -4.440892e-16 -4.440892e-16 -4.440892e-16 0.000000e+00 -8.881784e-16 -8.881784e-16 4.440892e-16 -4.440892e-16 -1.332268e-15 -7.105427e-15 -2.486900e-14 1.065814e-14 4.440892e-16 8.881784e-16 -8.881784e-16 -8.881784e-16 -8.881784e-16 -8.881784e-16 -8.881784e-16 -1.776357e-15 -3.552714e-15 5.329071e-15 -1.776357e-15 -1.332268e-15 -8.881784e-16 -1.776357e-15 0.000000e+00
