tests/data/reference/test_sheet/control/massbalance.asc
ncols	123
nrows	77
xllcorner	-713746.79929998
yllcorner	-1061022.36961616
cellsize	10.0
NODATA_value	-9999
[rows 46 to 68 of 77, columns 51 to 101 of 123]
0.000000e+00 0.000000e+00 8.881784e-16 -1.776357e-15 -3.552714e-15 -8.881784e-16 0.000000e+00 0.000000e+00 -4.440892e-16 0.000000e+00 2.664535e-15 0.000000e+00 3.552714e-15 4.440892e-16 8.881784e-16 8.881784e-16 -8.881784e-16 0.000000e+00 -1.332268e-15 -8.881784e-16 -8.881784e-16 0.000000e+00 0.000000e+00 4.440892e-16 0.000000e+00 0.000000e+00 -5.551115e-16 -3.330669e-16 -2.220446e-16 -4.440892e-16 -4.440892e-16 -8.881784e-16 2.664535e-15 -2.190738e-07 0.000000e+00 0.000000e+00 8.881784e-16 -1.421085e-14 8.881784e-16 1.332268e-15 -1.332268e-15 0.000000e+00 8.881784e-16 0.000000e+00 -4.440892e-16 0.000000e+00 -4.440892e-16 -2.220446e-16 -1.332268e-15 -3.108624e-15 0.000000e+00
-1.776357e-15 -4.440892e-16 8.881784e-16 0.000000e+00 -4.440892e-16 -4.440892e-16 -4.440892e-16 -4.440892e-16 0.000000e+00 -1.776357e-15 -4.440892e-16 5.329071e-15 0.000000e+00 0.000000e+00 -4.440892e-16 -4.440892e-16 -4.440892e-16 0.000000e+00 -4.440892e-16 4.440892e-16 8.881784e-16 -4.440892e-16 -8.881784e-16 -4.440892e-16 1.776357e-15 -6.661338e-16 -6.661338e-16 1.110223e-16 -8.881784e-16 0.000000e+00 0.000000e+00 -4.440892e-16 -8.881784e-16 5.329071e-15 1.664497e-07 -8.881784e-16 -8.881784e-16 4.263256e-14 -1.776357e-15 0.000000e+00 -1.332268e-15 -8.881784e-16 -4.440892e-16 -4.440892e-16 0.000000e+00 0.000000e+00 4.440892e-16 -4.440892e-16 2.664535e-15 8.881784e-16 -8.881784e-16
-8.881784e-16 0.000000e+00 0.000000e+00 -1.332268e-15 -2.220446e-16 -4.440892e-16 -2.220446e-16 -2.220446e-16 -4.440892e-16 8.881784e-16 0.000000e+00 0.000000e+00 -4.440892e-16 -2.220446e-16 -6.661338e-16 -8.881784e-16 -6.661338e-16 -2.220446e-16 -4.440892e-16 -6.661338e-16 -2.220446e-16 -2.220446e-16 -2.220446e-16 0.000000e+00 -4.440892e-16 -1.332268e-15 -5.551115e-16 -8.215650e-15 1.776357e-15 1.776357e-15 -7.105427e-15 0.000000e+00 0.000000e+00 -3.552714e-15 -6.661338e-16 3.153660e-07 -8.881784e-16 -1.421085e-14 8.881784e-16 0.000000e+00 0.000000e+00 8.881784e-16 8.881784e-16 -8.881784e-16 0.000000e+00 -8.881784e-16 -4.440892e-16 -4.440892e-16 -2.664535e-15 -8.881784e-16 4.440892e-16
-4.440892e-16 -1.776357e-15 0.000000e+00 -2.220446e-16 -4.440892e-16 -8.881784e-16 -4.440892e-16 0.000000e+00 -4.440892e-16 -7.105427e-15 0.000000e+00 -4.440892e-16 2.220446e-16 4.440892e-16 0.000000e+00 -4.440892e-16 0.000000e+00 -4.440892e-16 0.000000e+00 -4.440892e-16 -4.440892e-16 8.881784e-16 -1.332268e-15 -2.220446e-16 -2.220446e-16 0.000000e+00 -4.662937e-15 -7.993606e-15 -4.440892e-16 -8.881784e-16 0.000000e+00 0.000000e+00 0.000000e+00 -2.664535e-15 7.105427e-15 7.609768e-08 -8.881784e-16 -3.552714e-14 8.881784e-16 0.000000e+00 -1.332268e-15 -8.881784e-16 -1.776357e-15 8.881784e-16 0.000000e+00 -4.440892e-16 0.000000e+00 -6.661338e-16 -1.332268e-15 -8.881784e-16 -1.776357e-15
1.332268e-15 -8.881784e-16 7.105427e-15 -3.552714e-15 -1.776357e-15 -5.329071e-15 2.664535e-15 1.776357e-15 3.552714e-15 -4.440892e-16 -2.220446e-16 4.440892e-16 -4.440892e-16 -4.440892e-16 -8.881784e-16 -8.881784e-16 -8.881784e-16 2.220446e-15 -1.776357e-15 -4.440892e-16 4.440892e-16 -8.881784e-16 -2.664535e-15 1.776357e-15 -2.664535e-15 3.552714e-15 2.453593e-11 -8.881784e-16 -8.881784e-16 -4.440892e-16 -8.881784e-16 8.881784e-16 -1.776357e-15 8.881784e-16 -1.776357e-15 0.000000e+00 1.437932e-07 2.842171e-14 -8.881784e-16 -8.881784e-16 -4.440892e-16 8.881784e-16 4.440892e-16 0.000000e+00 -4.440892e-16 4.440892e-16 -8.881784e-16 0.000000e+00 8.881784e-16 1.776357e-15 4.440892e-16
0.000000e+00 -1.776357e-15 -1.776357e-15 -3.552714e-15 8.881784e-16 -1.776357e-15 -8.881784e-15 8.881784e-15 -8.881784e-16 -1.776357e-15 8.881784e-16 0.000000e+00 -2.664535e-15 -2.220446e-15 1.332268e-15 8.881784e-16 -8.881784e-16 3.552714e-15 8.881784e-16 0.000000e+00 0.000000e+00 -1.776357e-15 0.000000e+00 -8.881784e-16 -2.664535e-15 0.000000e+00 -2.451506e-11 -2.220446e-16 0.000000e+00 0.000000e+00 -8.881784e-16 -8.881784e-16 8.881784e-16 0.000000e+00 8.881784e-16 0.000000e+00 2.207380e-07 -2.842171e-14 0.000000e+00 8.881784e-16 -8.881784e-16 -1.776357e-15 -8.881784e-16 0.000000e+00 -2.220446e-16 -1.776357e-15 8.881784e-16 -2.220446e-16 1.776357e-15 -8.881784e-16 -8.881784e-16
3.552714e-15 0.000000e+00 8.881784e-16 -2.220446e-16 -4.440892e-16 -1.776357e-15 -2.664535e-15 -1.332268e-15 -4.440892e-16 8.881784e-16 -8.881784e-16 0.000000e+00 0.000000e+00 -4.440892e-16 -8.881784e-16 8.881784e-16 -1.776357e-15 -2.220446e-16 4.440892e-16 -8.881784e-16 -4.440892e-16 0.000000e+00 4.440892e-16 0.000000e+00 -4.440892e-16 -2.220446e-16 -1.472200e-11 -3.108624e-15 -8.881784e-16 1.776357e-15 -8.881784e-16 -8.881784e-16 8.881784e-16 8.881784e-16 -1.776357e-15 8.881784e-16 1.983516e-07 2.072624e-10 -1.776357e-15 -8.881784e-16 -8.881784e-16 -8.881784e-16 0.000000e+00 -2.220446e-16 0.000000e+00 1.776357e-15 -8.881784e-16 0.000000e+00 -1.776357e-15 -1.776357e-15 8.881784e-16
-8.881784e-16 0.000000e+00 0.000000e+00 -8.881784e-16 5.329071e-15 -8.881784e-16 8.881784e-16 -8.881784e-16 -2.664535e-15 -8.881784e-16 -8.881784e-16 8.881784e-16 0.000000e+00 -2.664535e-15 2.664535e-15 -3.552714e-15 0.000000e+00 0.000000e+00 8.881784e-16 -8.881784e-16 -8.881784e-16 -3.552714e-15 0.000000e+00 -7.105427e-15 5.329071e-15 8.881784e-16 5.878853e-12 -8.881784e-15 1.776357e-15 -1.776357e-15 8.881784e-16 -3.552714e-15 8.881784e-16 -2.664535e-15 1.776357e-15 -8.881784e-16 1.265928e-07 1.448562e-09 -3.552714e-15 1.776357e-15 0.000000e+00 -1.332268e-15 -2.220446e-16 4.440892e-16 -1.332268e-15 -2.664535e-15 -8.881784e-16 0.000000e+00 -1.776357e-15 8.881784e-16 0.000000e+00
-2.664535e-15 8.881784e-16 4.440892e-16 -1.776357e-15 8.881784e-16 -1.776357e-15 -8.881784e-16 4.440892e-16 4.440892e-16 -1.776357e-15 8.881784e-16 0.000000e+00 -1.776357e-15 -1.776357e-15 8.881784e-16 0.000000e+00 -1.332268e-15 0.000000e+00 -4.440892e-16 -1.332268e-15 0.000000e+00 -1.332268e-15 8.881784e-16 2.220446e-16 -6.661338e-16 -4.440892e-16 2.228795e-11 0.000000e+00 8.881784e-16 8.881784e-16 0.000000e+00 0.000000e+00 0.000000e+00 -1.776357e-15 5.329071e-15 0.000000e+00 2.256154e-07 1.302489e-09 -1.110223e-15 -8.881784e-16 4.440892e-16 4.440892e-16 -2.220446e-16 -8.881784e-16 1.776357e-15 3.552714e-15 0.000000e+00 0.000000e+00 1.776357e-15 -1.776357e-15 -2.664535e-15
0.000000e+00 -2.664535e-15 0.000000e+00 -8.881784e-16 -1.776357e-15 0.000000e+00 -8.881784e-16 -4.440892e-16 1.332268e-15 8.881784e-16 2.220446e-16 8.881784e-16 5.329071e-15 -3.552714e-15 -1.776357e-15 -5.329071e-15 1.776357e-15 7.105427e-15 -5.329071e-15 5.329071e-15 -5.329071e-15 3.552714e-15 1.776357e-15 -5.329071e-15 5.329071e-15 0.000000e+00 -1.998401e-15 0.000000e+00 -8.881784e-16 4.440892e-16 -1.776357e-15 -8.881784e-16 0.000000e+00 -1.776357e-15 2.664535e-15 -2.664535e-15 -5.329071e-15 5.503415e-08 7.771561e-15 -2.664535e-15 -4.440892e-16 -2.220446e-16 -4.440892e-16 8.881784e-16 -1.776357e-15 -2.664535e-15 -1.776357e-15 -8.881784e-16 -2.664535e-15 -1.776357e-15 -8.881784e-16
4.440892e-16 -1.776357e-15 0.000000e+00 8.881784e-16 4.440892e-16 8.881784e-16 -8.881784e-16 -8.881784e-16 -2.664535e-15 -2.664535e-15 -8.881784e-16 4.440892e-16 -4.440892e-16 0.000000e+00 -3.552714e-15 0.000000e+00 2.664535e-15 -2.664535e-15 -8.881784e-16 3.552714e-15 -2.664535e-15 -2.664535e-15 2.664535e-15 -1.776357e-15 0.000000e+00 -1.998401e-15 -2.220446e-16 0.000000e+00 -8.881784e-16 -4.440892e-16 -4.440892e-16 4.440892e-16 0.000000e+00 0.000000e+00 -1.776357e-15 8.881784e-16 0.000000e+00 -1.550177e-07 -1.065814e-14 -1.443290e-15 -2.220446e-16 -4.440892e-16 0.000000e+00 -8.881784e-16 0.000000e+00 8.881784e-16 8.881784e-16 8.881784e-16 0.000000e+00 0.000000e+00 8.881784e-16
8.881784e-16 -8.881784e-16 0.000000e+00 -8.881784e-16 4.440892e-16 -8.881784e-16 4.440892e-16 4.440892e-16 -1.332268e-15 -8.881784e-16 -8.881784e-16 -8.881784e-16 8.881784e-16 -4.440892e-16 -2.220446e-15 -8.881784e-16 8.881784e-16 8.881784e-16 0.000000e+00 1.776357e-15 3.552714e-15 -3.552714e-15 1.776357e-15 1.776357e-15 1.776357e-15 6.661338e-16 -1.998401e-15 -1.776357e-15 4.440892e-15 -1.776357e-15 1.332268e-15 -1.776357e-15 -8.881784e-16 1.776357e-15 -2.664535e-15 -8.881784e-16 8.881784e-16 1.776357e-15 1.166936e-07 -1.110223e-16 4.440892e-16 0.000000e+00 8.881784e-16 0.000000e+00 -8.881784e-16 -2.664535e-15 8.881784e-16 -2.220446e-15 0.000000e+00 8.881784e-16 8.881784e-16
-8.881784e-16 -8.881784e-16 0.000000e+00 -8.881784e-16 1.776357e-15 -1.332268e-15 4.440892e-16 -8.881784e-16 -1.332268e-15 -8.881784e-16 -8.881784e-16 -8.881784e-16 8.881784e-16 1.776357e-15 4.440892e-16 -1.776357e-15 8.881784e-16 -2.664535e-15 -4.440892e-16 -4.440892e-16 8.881784e-16 -1.776357e-15 2.664535e-15 0.000000e+00 -8.881784e-16 6.661338e-16 -2.886580e-15 8.881784e-16 -8.881784e-16 4.440892e-16 -1.332268e-15 1.421085e-14 -1.065814e-14 0.000000e+00 -3.552714e-15 -1.421085e-14 -3.552714e-15 1.065814e-14 2.268181e-07 -1.332268e-15 -2.220446e-16 1.332268e-15 -8.881784e-16 -8.881784e-16 0.000000e+00 8.881784e-16 -2.664535e-15 8.881784e-16 0.000000e+00 -2.664535e-15 -1.776357e-15
0.000000e+00 -4.440892e-16 0.000000e+00 -1.332268e-15 8.881784e-16 -8.881784e-16 -4.440892e-16 4.440892e-16 0.000000e+00 0.000000e+00 4.440892e-16 0.000000e+00 -4.440892e-16 -8.881784e-16 2.664535e-15 0.000000e+00 2.664535e-15 8.881784e-16 -8.881784e-16 -4.440892e-16 -4.440892e-16 -2.664535e-15 8.881784e-16 -1.776357e-15 -7.105427e-15 -1.110223e-15 1.776357e-15 -1.776357e-15 0.000000e+00 0.000000e+00 3.552714e-15 0.000000e+00 0.000000e+00 -8.881784e-16 -4.440892e-16 -4.440892e-16 1.776357e-15 -1.776357e-15 2.664535e-15 6.199019e-08 -5.551115e-16 -1.110223e-15 -1.776357e-15 8.881784e-16 0.000000e+00 8.881784e-16 0.000000e+00 0.000000e+00 -8.881784e-16 8.881784e-16 0.000000e+00
-4.440892e-16 0.000000e+00 -4.440892e-16 0.000000e+00 -8.881784e-16 -8.881784e-16 0.000000e+00 0.000000e+00 0.000000e+00 -4.440892e-16 -4.440892e-16 4.440892e-16 -8.881784e-16 -1.776357e-15 -1.332268e-15 -1.776357e-15 -8.881784e-16 -8.881784e-16 4.440892e-16 0.000000e+00 8.881784e-16 -2.220446e-16 -2.220446e-16 4.440892e-16 -2.220446e-16 -2.220446e-16 -4.440892e-16 8.881784e-16 8.881784e-16 2.664535e-15 -8.881784e-16 -4.440892e-16 4.440892e-16 0.000000e+00 -8.881784e-16 -4.440892e-16 -8.881784e-16 4.440892e-16 -4.440892e-16 4.440892e-16 1.810049e-07 -1.110223e-16 8.881784e-16 -3.552714e-15 -8.881784e-16 -3.552714e-15 1.776357e-15 8.881784e-16 -1.776357e-15 -8.881784e-16 8.881784e-16
0.000000e+00 4.440892e-16 -6.661338e-16 -2.220446e-15 -4.440892e-16 -8.881784e-16 -4.440892e-16 0.000000e+00 -4.440892e-16 -1.776357e-15 -1.332268e-15 -4.440892e-16 -8.881784e-16 -8.881784e-16 -1.332268e-15 -2.220446e-15 0.000000e+00 -8.881784e-16 -4.440892e-16 0.000000e+00 -2.220446e-16 0.000000e+00 -8.881784e-16 -6.661338e-16 -4.440892e-16 1.288036e-11 -1.776357e-15 -8.881784e-16 -2.664535e-15 0.000000e+00 -2.220446e-16 -2.220446e-16 -2.220446e-16 -2.220446e-16 -2.220446e-16 -2.220446e-16 -2.220446e-16 -8.881784e-16 0.000000e+00 8.881784e-16 -1.776357e-15 -1.250116e-07 -9.992007e-16 1.776357e-15 0.000000e+00 -8.881784e-16 -1.776357e-15 -4.440892e-15 8.881784e-16 -2.664535e-15 -1.776357e-15
0.000000e+00 4.440892e-16 1.776357e-15 -2.220446e-16 0.000000e+00 -4.440892e-16 -6.661338e-16 0.000000e+00 8.881784e-16 -4.440892e-16 0.000000e+00 0.000000e+00 4.440892e-16 0.000000e+00 4.440892e-16 -4.440892e-16 0.000000e+00 -1.332268e-15 0.000000e+00 0.000000e+00 -8.881784e-16 -4.440892e-16 0.000000e+00 8.881784e-16 0.000000e+00 -2.354561e-11 -3.552714e-15 -1.776357e-15 -2.220446e-16 -2.220446e-16 0.000000e+00 -8.881784e-16 -4.440892e-16 -1.776357e-15 1.332268e-15 0.000000e+00 -8.881784e-16 0.000000e+00 -6.661338e-16 4.440892e-16 -8.881784e-16 0.000000e+00 -1.873524e-07 -1.998401e-15 0.000000e+00 0.000000e+00 8.881784e-16 0.000000e+00 -1.776357e-15 8.881784e-16 2.842171e-14
0.000000e+00 0.000000e+00 0.000000e+00 -1.332268e-15 0.000000e+00 -2.220446e-15 8.881784e-16 -1.776357e-15 -4.440892e-16 -2.220446e-16 -4.440892e-16 -8.881784e-16 4.440892e-16 -8.881784e-16 0.000000e+00 -8.881784e-16 -8.881784e-16 -4.440892e-16 -6.661338e-16 0.000000e+00 -1.332268e-15 8.881784e-16 -8.881784e-16 0.000000e+00 -8.881784e-16 2.246114e-11 -8.881784e-16 -1.776357e-15 8.881784e-16 -1.776357e-15 2.664535e-15 -2.664535e-15 0.000000e+00 -1.776357e-15 0.000000e+00 0.000000e+00 1.776357e-15 -3.552714e-15 0.000000e+00 0.000000e+00 0.000000e+00 0.000000e+00 -3.552714e-15 -3.534012e-07 -3.552714e-15 -8.881784e-16 -8.881784e-16 -4.440892e-16 2.664535e-15 -4.263256e-14 -8.881784e-16
-4.440892e-16 -1.332268e-15 4.440892e-16 -8.881784e-16 0.000000e+00 8.881784e-16 -1.332268e-15 1.776357e-15 -2.664535e-15 -8.881784e-16 -6.661338e-16 -6.661338e-16 0.000000e+00 -1.776357e-15 0.000000e+00 8.881784e-16 -2.220446e-16 -6.661338e-16 0.000000e+00 -8.881784e-16 0.000000e+00 -4.440892e-16 -4.440892e-16 -8.881784e-16 8.881784e-16 8.689938e-12 -8.881784e-16 3.552714e-15 -5.329071e-15 8.881784e-16 8.881784e-16 1.776357e-15 0.000000e+00 -1.776357e-15 0.000000e+00 -2.664535e-15 8.881784e-16 0.000000e+00 -8.881784e-16 -2.220446e-16 2.220446e-16 4.440892e-16 -1.332268e-15 7.105427e-15 -3.192791e-07 -1.776357e-15 1.776357e-15 -2.664535e-15 3.552714e-14 1.776357e-15 -3.552714e-15
0.000000e+00 -1.332268e-15 8.881784e-16 -8.881784e-16 0.000000e+00 -8.881784e-16 0.000000e+00 -8.881784e-16 -4.440892e-16 4.440892e-16 -8.881784e-16 0.000000e+00 0.000000e+00 -6.661338e-16 -6.661338e-16 0.000000e+00 -8.881784e-16 4.440892e-16 0.000000e+00 0.000000e+00 -3.108624e-15 1.332268e-15 0.000000e+00 -8.881784e-16 3.552714e-15 4.579892e-11 0.000000e+00 0.000000e+00 1.776357e-15 -5.329071e-15 1.776357e-15 2.664535e-15 0.000000e+00 -7.993606e-15 7.105427e-15 8.881784e-16 -2.664535e-15 -8.881784e-16 0.000000e+00 0.000000e+00 8.881784e-16 -1.776357e-15 8.881784e-16 -1.776357e-15 -3.552714e-15 -1.227365e-08 0.000000e+00 -2.131628e-14 -3.552714e-15 3.552714e-15 -7.105427e-15
-6.661338e-16 -2.220446e-16 -4.440892e-16 -4.440892e-16 -4.440892e-16 8.881784e-16 -4.440892e-16 -1.332268e-15 0.000000e+00 -2.220446e-15 8.881784e-16 -1.332268e-15 0.000000e+00 -1.776357e-15 8.881784e-16 -8.881784e-16 -1.776357e-15 1.332268e-15 8.881784e-16 -1.776357e-15 -4.440892e-16 0.000000e+00 -8.881784e-16 -8.881784e-16 -6.661338e-16 -1.731593e-11 -1.332268e-15 -8.881784e-16 8.881784e-16 -1.776357e-15 0.000000e+00 -8.881784e-16 8.881784e-16 -8.881784e-16 0.000000e+00 0.000000e+00 -1.776357e-15 -3.552714e-15 0.000000e+00 8.881784e-16 -1.776357e-15 -8.881784e-16 -8.881784e-16 8.881784e-16 -8.881784e-16 0.000000e+00 1.414553e-07 0.000000e+00 -3.552714e-15 3.552714e-15 -2.220446e-16
-9.999000e+03 -9.999000e+03 -9.999000e+03 -9.999000e+03 -9.999000e+03 -9.999000e+03 -9.999000e+03 -9.999000e+03 -6.661338e-16 -6.661338e-16 -2.220446e-16 -4.440892e-16 2.220446e-16 -4.440892e-16 -8.881784e-16 0.000000e+00 -8.881784e-16 4.440892e-16 -8.881784e-16 -1.776357e-15 -4.440892e-16 -1.776357e-15 1.776357e-15 8.881784e-16 -2.664535e-15 -6.661338e-16 -1.332268e-15 0.000000e+00 -8.881784e-16 -8.881784e-16 0.000000e+00 -1.776357e-15 8.881784e-16 -1.776357e-15 2.664535e-15 0.000000e+00 -8.881784e-16 8.881784e-16 -8.881784e-16 -2.664535e-15 3.552714e-15 -1.776357e-15 8.881784e-16 -3.552714e-15 1.776357e-15 8.881784e-16 3.219637e-07 0.000000e+00 -1.776357e-15 -4.440892e-16 -4.440892e-16
-9.999000e+03 -9.999000e+03 -9.999000e+03 -9.999000e+03 -9.999000e+03 -9.999000e+03 -9.999000e+03 -9.999000e+03 -9.999000e+03 -9.999000e+03 -9.999000e+03 0.000000e+00 0.000000e+00 -4.440892e-16 -2.220446e-16 -8.881784e-16 -4.440892e-16 -8.881784e-16 1.776357e-15 0.000000e+00 -1.332268e-15 -8.881784e-16 0.000000e+00 0.000000e+00 -8.881784e-16 -1.998401e-15 -8.881784e-16 4.440892e-16 -8.881784e-16 -8.881784e-16 -8.881784e-16 2.664535e-15 0.000000e+00 -8.881784e-16 8.881784e-16 -8.881784e-16 0.000000e+00 8.881784e-16 0.000000e+00 -8.881784e-16 -3.552714e-15 0.000000e+00 -8.881784e-16 -2.664535e-15 2.664535e-15 0.000000e+00 -8.881784e-16 -2.812159e-07 -1.776357e-15 -8.881784e-16 -4.440892e-16
