tests/data/reference/test_sheet/control/massbalance.asc
ncols	123
nrows	77
xllcorner	-713746.79929998
yllcorner	-1061022.36961616
cellsize	10.0
NODATA_value	-9999
[rows 46 to 68 of 77, columns 0 to 50 of 123]
-9.999000e+03 -9.999000e+03 -9.999000e+03 -9.999000e+03 -9.999000e+03 -9.999000e+03 -3.930056e-11 -3.552714e-15 -4.440892e-16 -4.440892e-16 -2.220446e-16 0.000000e+00 0.000000e+00 8.881784e-16 -4.440892e-16 -4.440892e-16 -4.440892e-16 -4.440892e-16 -1.332268e-15 -1.332268e-15 0.000000e+00 -8.881784e-16 0.000000e+00 -4.440892e-16 0.000000e+00 4.440892e-16 -1.776357e-15 4.440892e-16 -8.881784e-16 -1.776357e-15 0.000000e+00 1.065814e-14 -3.552714e-15 -1.776357e-15 1.776357e-15 4.440892e-16 -4.440892e-16 -1.776357e-15 -1.776357e-15 -2.220446e-15 -1.332268e-15 -8.881784e-16 8.881784e-16 8.881784e-16 0.000000e+00 -1.776357e-15 -1.776357e-15 -1.776357e-15 2.664535e-15 -2.664535e-15 -8.881784e-16
-9.999000e+03 -9.999000e+03 -9.999000e+03 -9.999000e+03 -9.999000e+03 -9.999000e+03 -9.992007e-16 -4.440892e-16 -8.881784e-16 -4.440892e-16 -2.220446e-16 -4.440892e-16 -1.332268e-15 0.000000e+00 -2.664535e-15 0.000000e+00 -1.332268e-15 8.881784e-16 0.000000e+00 -8.881784e-16 -4.440892e-16 -6.661338e-16 0.000000e+00 -4.440892e-16 -1.332268e-15 4.440892e-16 8.881784e-16 1.065814e-14 -8.881784e-15 3.552714e-15 7.105427e-15 -1.776357e-15 -8.881784e-16 -1.776357e-15 0.000000e+00 -1.332268e-15 1.776357e-15 0.000000e+00 1.776357e-15 2.220446e-15 -8.881784e-16 -1.332268e-15 -1.776357e-15 8.881784e-16 8.881784e-16 1.776357e-15 8.881784e-16 -3.552714e-15 8.881784e-16 -8.881784e-16 0.000000e+00
-9.999000e+03 -9.999000e+03 -9.999000e+03 -9.999000e+03 -9.999000e+03 1.061151e-10 -2.220446e-15 0.000000e+00 2.220446e-16 -8.881784e-16 0.000000e+00 0.000000e+00 -4.440892e-16 4.440892e-16 -8.881784e-16 0.000000e+00 -8.881784e-16 -1.332268e-15 -8.881784e-16 0.000000e+00 0.000000e+00 -1.776357e-15 -2.664535e-15 5.329071e-15 3.552714e-15 -3.552714e-15 0.000000e+00 -1.332268e-15 -1.332268e-15 0.000000e+00 0.000000e+00 0.000000e+00 -8.881784e-16 0.000000e+00 -1.776357e-15 -2.664535e-15 -1.776357e-15 -8.881784e-16 -2.664535e-15 -8.881784e-16 -1.332268e-15 0.000000e+00 -8.881784e-16 -2.664535e-15 -2.664535e-15 -1.332268e-15 0.000000e+00 -2.664535e-15 -1.776357e-15 -1.776357e-15 -1.776357e-15
-9.999000e+03 -9.999000e+03 -9.999000e+03 -9.999000e+03 -3.829319e-10 -1.110223e-15 -8.881784e-16 -8.881784e-16 4.440892e-16 0.000000e+00 -4.440892e-16 -1.332268e-15 -8.881784e-16 -4.440892e-16 0.000000e+00 -4.440892e-16 4.440892e-16 4.440892e-16 -1.332268e-15 -8.881784e-16 0.000000e+00 0.000000e+00 -8.881784e-16 4.440892e-16 -8.881784e-16 -4.440892e-16 -8.881784e-16 -8.881784e-16 0.000000e+00 0.000000e+00 -1.776357e-15 -8.881784e-16 -2.664535e-15 4.440892e-16 -1.776357e-15 0.000000e+00 -4.440892e-16 0.000000e+00 0.000000e+00 2.664535e-15 -1.332268e-15 -4.440892e-16 0.000000e+00 -8.881784e-16 -1.776357e-15 4.440892e-16 -8.881784e-16 0.000000e+00 4.440892e-16 -8.881784e-16 -4.440892e-16
-9.999000e+03 -9.999000e+03 -9.999000e+03 -9.999000e+03 1.999410e-10 -1.332268e-15 0.000000e+00 -8.881784e-16 0.000000e+00 -2.220446e-16 0.000000e+00 0.000000e+00 -2.220446e-16 0.000000e+00 0.000000e+00 4.440892e-16 -1.776357e-15 4.440892e-16 0.000000e+00 -8.881784e-16 0.000000e+00 8.881784e-16 -8.881784e-16 0.000000e+00 -1.332268e-15 8.881784e-16 -1.776357e-15 4.440892e-16 -1.776357e-15 -8.881784e-16 -4.440892e-16 4.440892e-16 1.776357e-15 0.000000e+00 8.881784e-16 -8.881784e-16 4.440892e-16 -1.776357e-15 -1.776357e-15 8.881784e-16 0.000000e+00 8.881784e-16 -1.332268e-15 4.440892e-16 -1.776357e-15 -8.881784e-16 -1.332268e-15 8.881784e-16 -2.664535e-15 0.000000e+00 -1.776357e-15
-9.999000e+03 -9.999000e+03 -9.999000e+03 -2.164098e-10 -1.887379e-15 -4.440892e-16 2.220446e-16 -4.440892e-16 -4.440892e-16 0.000000e+00 -1.776357e-15 -4.440892e-16 -2.220446e-16 4.440892e-16 -1.332268e-15 8.881784e-16 -8.881784e-16 -1.332268e-15 0.000000e+00 -8.881784e-16 -1.776357e-15 -8.881784e-16 -4.440892e-16 -4.440892e-16 -1.332268e-15 0.000000e+00 -8.881784e-16 4.440892e-16 4.440892e-16 4.440892e-16 -8.881784e-16 -1.776357e-15 -1.332268e-15 0.000000e+00 -8.881784e-16 -1.332268e-15 -4.440892e-16 -8.881784e-16 -8.881784e-16 -4.440892e-16 -8.881784e-16 -4.440892e-16 0.000000e+00 8.881784e-16 4.440892e-16 0.000000e+00 -8.881784e-16 1.332268e-15 -1.776357e-15 0.000000e+00 -4.440892e-16
-9.999000e+03 -9.999000e+03 -9.999000e+03 -3.181500e-11 1.332268e-15 -2.220446e-16 -6.661338e-16 0.000000e+00 -1.332268e-15 -6.661338e-16 -1.776357e-15 -8.881784e-16 -2.220446e-16 -8.881784e-16 -4.440892e-16 -4.440892e-16 0.000000e+00 4.440892e-16 0.000000e+00 0.000000e+00 0.000000e+00 0.000000e+00 0.000000e+00 -8.881784e-16 -4.440892e-16 -4.440892e-16 0.000000e+00 0.000000e+00 -8.881784e-16 8.881784e-16 -4.440892e-16 -8.881784e-16 -8.881784e-16 0.000000e+00 -4.440892e-16 0.000000e+00 -4.440892e-16 0.000000e+00 -4.440892e-16 -3.552714e-15 -8.881784e-16 -4.440892e-16 4.440892e-16 8.881784e-16 -8.881784e-16 -8.881784e-16 0.000000e+00 4.440892e-16 4.440892e-16 -8.881784e-16 0.000000e+00
-9.999000e+03 -9.999000e+03 9.386785e-10 -4.440892e-16 -2.220446e-16 -4.440892e-16 -6.661338e-16 4.440892e-16 0.000000e+00 -2.220446e-16 -4.440892e-16 0.000000e+00 -4.440892e-16 -2.220446e-16 4.440892e-16 -4.440892e-16 -8.881784e-16 0.000000e+00 0.000000e+00 0.000000e+00 0.000000e+00 -8.881784e-16 0.000000e+00 -8.881784e-16 -4.440892e-16 -8.881784e-16 -8.881784e-16 -4.440892e-16 -1.332268e-15 1.332268e-15 4.440892e-16 0.000000e+00 -8.881784e-16 8.881784e-16 0.000000e+00 4.440892e-16 -8.881784e-16 -1.332268e-15 1.776357e-15 4.440892e-16 0.000000e+00 -1.332268e-15 -2.664535e-15 0.000000e+00 0.000000e+00 -1.332268e-15 -2.220446e-16 -8.881784e-16 0.000000e+00 -4.440892e-16 1.776357e-15
-9.999000e+03 -9.999000e+03 -8.177069e-10 0.000000e+00 0.000000e+00 -4.440892e-16 -2.220446e-16 -2.220446e-16 -6.661338e-16 -1.332268e-15 -8.881784e-16 -4.440892e-16 0.000000e+00 -1.332268e-15 0.000000e+00 0.000000e+00 -4.440892e-16 -4.440892e-16 -2.220446e-16 0.000000e+00 -6.661338e-16 4.440892e-16 0.000000e+00 0.000000e+00 8.881784e-16 0.000000e+00 -8.881784e-16 0.000000e+00 -8.881784e-16 -1.332268e-15 -4.440892e-16 0.000000e+00 -8.881784e-16 -8.881784e-16 -1.332268e-15 0.000000e+00 4.440892e-16 -4.440892e-16 0.000000e+00 -4.440892e-16 -8.881784e-16 8.881784e-16 -1.776357e-15 8.881784e-16 -8.881784e-16 4.440892e-16 0.000000e+00 -8.881784e-16 1.776357e-15 0.000000e+00 1.776357e-15
-9.999000e+03 2.244180e-10 -2.886580e-15 -1.332268e-15 0.000000e+00 -1.332268e-15 -2.220446e-16 -6.661338e-16 -9.999000e+03 -9.999000e+03 -9.999000e+03 -6.661338e-16 -4.440892e-16 -4.440892e-16 -2.220446e-16 -6.661338e-16 -2.220446e-16 2.220446e-16 -4.440892e-16 -2.220446e-16 -2.220446e-16 0.000000e+00 -8.881784e-16 -4.440892e-16 0.000000e+00 4.440892e-16 0.000000e+00 -8.881784e-16 4.440892e-16 -4.440892e-16 8.881784e-16 -4.440892e-16 4.440892e-16 -8.881784e-16 -8.881784e-16 0.000000e+00 -1.332268e-15 -1.332268e-15 -4.440892e-16 -8.881784e-16 -4.440892e-16 -8.881784e-16 -8.881784e-16 -4.440892e-16 -1.332268e-15 0.000000e+00 1.776357e-15 -3.552714e-15 8.881784e-16 -8.881784e-16 0.000000e+00
-9.999000e+03 -9.444445e-11 -4.440892e-16 -2.220446e-16 0.000000e+00 -6.661338e-16 -9.999000e+03 -9.999000e+03 -9.999000e+03 -9.999000e+03 -9.999000e+03 -9.999000e+03 -2.220446e-16 -4.440892e-16 -2.220446e-16 -4.440892e-16 0.000000e+00 -8.881784e-16 -4.440892e-16 -4.440892e-16 -6.661338e-16 -4.440892e-16 -4.440892e-16 -6.661338e-16 -4.440892e-16 -6.661338e-16 -4.440892e-16 -2.220446e-16 -4.440892e-16 0.000000e+00 -4.440892e-16 -4.440892e-16 1.332268e-15 0.000000e+00 -8.881784e-16 8.881784e-16 0.000000e+00 0.000000e+00 0.000000e+00 -1.776357e-15 -4.440892e-16 -8.881784e-16 0.000000e+00 -8.881784e-16 -1.776357e-15 4.440892e-16 -1.776357e-15 -1.776357e-15 -1.332268e-15 -8.881784e-16 0.000000e+00
-4.190093e-11 -1.110223e-15 -8.881784e-16 -4.440892e-16 -6.661338e-16 -2.220446e-16 -9.999000e+03 -9.999000e+03 -9.999000e+03 -9.999000e+03 -9.999000e+03 -9.999000e+03 -9.999000e+03 -9.999000e+03 -9.999000e+03 -1.110223e-15 0.000000e+00 -6.661338e-16 -2.220446e-16 -4.440892e-16 -4.440892e-16 -9.999000e+03 -9.999000e+03 -2.220446e-16 0.000000e+00 -2.220446e-16 0.000000e+00 0.000000e+00 0.000000e+00 -4.440892e-16 0.000000e+00 -8.881784e-16 -4.440892e-16 0.000000e+00 -8.881784e-16 -4.440892e-16 4.440892e-16 -8.881784e-16 -4.440892e-16 -4.440892e-16 4.440892e-16 0.000000e+00 8.881784e-16 8.881784e-16 -1.332268e-15 -4.440892e-16 -4.440892e-16 0.000000e+00 -8.881784e-16 -8.881784e-16 8.881784e-16
-1.350200e-10 0.000000e+00 -2.220446e-16 -2.220446e-16 -4.440892e-16 -9.999000e+03 -9.999000e+03 -9.999000e+03 -9.999000e+03 -9.999000e+03 -9.999000e+03 -9.999000e+03 -9.999000e+03 -9.999000e+03 -9.999000e+03 -9.999000e+03 -9.999000e+03 -9.999000e+03 -9.999000e+03 -9.999000e+03 -9.999000e+03 -9.999000e+03 -9.999000e+03 -4.440892e-16 2.220446e-16 -4.440892e-16 0.000000e+00 -4.440892e-16 -1.776357e-15 0.000000e+00 -4.440892e-16 2.220446e-16 -8.881784e-16 -4.440892e-16 -4.440892e-16 -4.440892e-16 -8.881784e-16 -4.440892e-16 4.440892e-16 -4.440892e-16 -8.881784e-16 0.000000e+00 -1.332268e-15 0.000000e+00 -1.332268e-15 -8.881784e-16 -8.881784e-16 -8.881784e-16 8.881784e-16 -1.776357e-15 -4.440892e-16
-9.999000e+03 -6.661338e-16 0.000000e+00 -6.661338e-16 -9.999000e+03 -9.999000e+03 -9.999000e+03 -9.999000e+03 -9.999000e+03 -9.999000e+03 -9.999000e+03 -9.999000e+03 -9.999000e+03 -9.999000e+03 -9.999000e+03 -9.999000e+03 -9.999000e+03 -9.999000e+03 -9.999000e+03 -9.999000e+03 -9.999000e+03 -9.999000e+03 -9.999000e+03 -9.999000e+03 -9.999000e+03 -9.999000e+03 -4.440892e-16 -2.220446e-16 -4.440892e-16 -4.440892e-16 -6.661338e-16 -2.220446e-16 0.000000e+00 -2.220446e-16 -2.220446e-16 0.000000e+00 0.000000e+00 0.000000e+00 0.000000e+00 0.000000e+00 -4.440892e-16 0.000000e+00 -4.440892e-16 -8.881784e-16 -1.332268e-15 0.000000e+00 0.000000e+00 -4.440892e-16 4.440892e-16 -4.440892e-16 0.000000e+00
-9.999000e+03 -9.999000e+03 -9.999000e+03 -9.999000e+03 -9.999000e+03 -9.999000e+03 -9.999000e+03 -9.999000e+03 -9.999000e+03 -9.999000e+03 -9.999000e+03 -9.999000e+03 -9.999000e+03 -9.999000e+03 -9.999000e+03 -9.999000e+03 -9.999000e+03 -9.999000e+03 -9.999000e+03 -9.999000e+03 -9.999000e+03 -9.999000e+03 -9.999000e+03 -9.999000e+03 -9.999000e+03 -9.999000e+03 -9.999000e+03 -9.999000e+03 -4.440892e-16 -4.440892e-16 -4.440892e-16 -2.220446e-16 -4.440892e-16 0.000000e+00 0.000000e+00 -4.440892e-16 -4.440892e-16 -4.440892e-16 0.000000e+00 0.000000e+00 -8.881784e-16 -4.440892e-16 -8.881784e-16 -4.440892e-16 -4.440892e-16 -4.440892e-16 -2.220446e-16 -4.440892e-16 -4.440892e-16 -1.332268e-15 -4.440892e-16
-9.999000e+03 -9.999000e+03 -9.999000e+03 -9.999000e+03 -9.999000e+03 -9.999000e+03 -9.999000e+03 -9.999000e+03 -9.999000e+03 -9.999000e+03 -9.999000e+03 -9.999000e+03 -9.999000e+03 -9.999000e+03 -9.999000e+03 -9.999000e+03 -9.999000e+03 -9.999000e+03 -9.999000e+03 -9.999000e+03 -9.999000e+03 -9.999000e+03 -9.999000e+03 -9.999000e+03 -9.999000e+03 -9.999000e+03 -9.999000e+03 -9.999000e+03 -9.999000e+03 -4.440892e-16 0.000000e+00 -2.220446e-16 -4.440892e-16 0.000000e+00 -2.220446e-16 -2.220446e-16 0.000000e+00 -4.440892e-16 -4.440892e-16 -1.332268e-15 -8.881784e-16 -4.440892e-16 -8.881784e-16 0.000000e+00 0.000000e+00 -4.440892e-16 -4.440892e-16 -4.440892e-16 0.000000e+00 -4.440892e-16 -8.881784e-16
-9.999000e+03 -9.999000e+03 -9.999000e+03 -9.999000e+03 -9.999000e+03 -9.999000e+03 -9.999000e+03 -9.999000e+03 -9.999000e+03 -9.999000e+03 -9.999000e+03 -9.999000e+03 -9.999000e+03 -9.999000e+03 -9.999000e+03 -9.999000e+03 -9.999000e+03 -9.999000e+03 -9.999000e+03 -9.999000e+03 -9.999000e+03 -9.999000e+03 -9.999000e+03 -9.999000e+03 -9.999000e+03 -9.999000e+03 -9.999000e+03 -9.999000e+03 -9.999000e+03 -9.999000e+03 -1.332268e-15 -9.999000e+03 -9.999000e+03 -9.999000e+03 -9.999000e+03 -9.999000e+03 -9.999000e+03 -9.999000e+03 -4.440892e-16 -8.881784e-16 0.000000e+00 -8.881784e-16 0.000000e+00 -8.881784e-16 4.440892e-16 4.440892e-16 -1.776357e-15 0.000000e+00 -8.881784e-16 0.000000e+00 -8.881784e-16
-9.999000e+03 -9.999000e+03 -9.999000e+03 -9.999000e+03 -9.999000e+03 -9.999000e+03 -9.999000e+03 -9.999000e+03 -9.999000e+03 -9.999000e+03 -9.999000e+03 -9.999000e+03 -9.999000e+03 -9.999000e+03 -9.999000e+03 -9.999000e+03 -9.999000e+03 -9.999000e+03 -9.999000e+03 -9.999000e+03 -9.999000e+03 -9.999000e+03 -9.999000e+03 -9.999000e+03 -9.999000e+03 -9.999000e+03 -9.999000e+03 -9.999000e+03 -9.999000e+03 -9.999000e+03 -9.999000e+03 -9.999000e+03 -9.999000e+03 -9.999000e+03 -9.999000e+03 -9.999000e+03 -9.999000e+03 -9.999000e+03 -9.999000e+03 -9.999000e+03 -9.999000e+03 -4.440892e-16 -2.220446e-16 -4.440892e-16 0.000000e+00 4.440892e-16 -8.881784e-16 -4.440892e-16 -1.332268e-15 -8.881784e-16 4.440892e-16
-9.999000e+03 -9.999000e+03 -9.999000e+03 -9.999000e+03 -9.999000e+03 -9.999000e+03 -9.999000e+03 -9.999000e+03 -9.999000e+03 -9.999000e+03 -9.999000e+03 -9.999000e+03 -9.999000e+03 -9.999000e+03 -9.999000e+03 -9.999000e+03 -9.999000e+03 -9.999000e+03 -9.999000e+03 -9.999000e+03 -9.999000e+03 -9.999000e+03 -9.999000e+03 -9.999000e+03 -9.999000e+03 -9.999000e+03 -9.999000e+03 -9.999000e+03 -9.999000e+03 -9.999000e+03 -9.999000e+03 -9.999000e+03 -9.999000e+03 -9.999000e+03 -9.999000e+03 -9.999000e+03 -9.999000e+03 -9.999000e+03 -9.999000e+03 -9.999000e+03 -9.999000e+03 -9.999000e+03 -9.999000e+03 -9.999000e+03 -8.881784e-16 -4.440892e-16 0.000000e+00 -8.881784e-16 -8.881784e-16 -4.440892e-16 0.000000e+00
-9.999000e+03 -9.999000e+03 -9.999000e+03 -9.999000e+03 -9.999000e+03 -9.999000e+03 -9.999000e+03 -9.999000e+03 -9.999000e+03 -9.999000e+03 -9.999000e+03 -9.999000e+03 -9.999000e+03 -9.999000e+03 -9.999000e+03 -9.999000e+03 -9.999000e+03 -9.999000e+03 -9.999000e+03 -9.999000e+03 -9.999000e+03 -9.999000e+03 -9.999000e+03 -9.999000e+03 -9.999000e+03 -9.999000e+03 -9.999000e+03 -9.999000e+03 -9.999000e+03 -9.999000e+03 -9.999000e+03 -9.999000e+03 -9.999000e+03 -9.999000e+03 -9.999000e+03 -9.999000e+03 -9.999000e+03 -9.999000e+03 -9.999000e+03 -9.999000e+03 -9.999000e+03 -9.999000e+03 -9.999000e+03 -9.999000e+03 -9.999000e+03 -9.999000e+03 -9.999000e+03 -9.999000e+03 -9.999000e+03 -9.999000e+03 -6.661338e-16
-9.999000e+03 -9.999000e+03 -9.999000e+03 -9.999000e+03 -9.999000e+03 -9.999000e+03 -9.999000e+03 -9.999000e+03 -9.999000e+03 -9.999000e+03 -9.999000e+03 -9.999000e+03 -9.999000e+03 -9.999000e+03 -9.999000e+03 -9.999000e+03 -9.999000e+03 -9.999000e+03 -9.999000e+03 -9.999000e+03 -9.999000e+03 -9.999000e+03 -9.999000e+03 -9.999000e+03 -9.999000e+03 -9.999000e+03 -9.999000e+03 -9.999000e+03 -9.999000e+03 -9.999000e+03 -9.999000e+03 -9.999000e+03 -9.999000e+03 -9.999000e+03 -9.999000e+03 -9.999000e+03 -9.999000e+03 -9.999000e+03 -9.999000e+03 -9.999000e+03 -9.999000e+03 -9.999000e+03 -9.999000e+03 -9.999000e+03 -9.999000e+03 -9.999000e+03 -9.999000e+03 -9.999000e+03 -9.999000e+03 -9.999000e+03 -9.999000e+03
-9.999000e+03 -9.999000e+03 -9.999000e+03 -9.999000e+03 -9.999000e+03 -9.999000e+03 -9.999000e+03 -9.999000e+03 -9.999000e+03 -9.999000e+03 -9.999000e+03 -9.999000e+03 -9.999000e+03 -9.999000e+03 -9.999000e+03 -9.999000e+03 -9.999000e+03 -9.999000e+03 -9.999000e+03 -9.999000e+03 -9.999000e+03 -9.999000e+03 -9.999000e+03 -9.999000e+03 -9.999000e+03 -9.999000e+03 -9.999000e+03 -9.999000e+03 -9.999000e+03 -9.999000e+03 -9.999000e+03 -9.999000e+03 -9.999000e+03 -9.999000e+03 -9.999000e+03 -9.999000e+03 -9.999000e+03 -9.999000e+03 -9.999000e+03 -9.999000e+03 -9.999000e+03 -9.999000e+03 -9.999000e+03 -9.999000e+03 -9.999000e+03 -9.999000e+03 -9.999000e+03 -9.999000e+03 -9.999000e+03 -9.999000e+03 -9.999000e+03
-9.999000e+03 -9.999000e+03 -9.999000e+03 -9.999000e+03 -9.999000e+03 -9.999000e+03 -9.999000e+03 -9.999000e+03 -9.999000e+03 -9.999000e+03 -9.999000e+03 -9.999000e+03 -9.999000e+03 -9.999000e+03 -9.999000e+03 -9.999000e+03 -9.999000e+03 -9.999000e+03 -9.999000e+03 -9.999000e+03 -9.999000e+03 -9.999000e+03 -9.999000e+03 -9.999000e+03 -9.999000e+03 -9.999000e+03 -9.999000e+03 -9.999000e+03 -9.999000e+03 -9.999000e+03 -9.999000e+03 -9.999000e+03 -9.999000e+03 -9.999000e+03 -9.999000e+03 -9.999000e+03 -9.999000e+03 -9.999000e+03 -9.999000e+03 -9.999000e+03 -9.999000e+03 -9.999000e+03 -9.999000e+03 -9.999000e+03 -9.999000e+03 -9.999000e+03 -9.999000e+03 -9.999000e+03 -9.999000e+03 -9.999000e+03 -9.999000e+03
