tests/data/reference/test_sheet/control/massbalance.asc
ncols	123
nrows	77
xllcorner	-713746.79929998
yllcorner	-1061022.36961616
cellsize	10.0
NODATA_value	-9999
[rows 46 to 68 of 77, columns 51 to 101 of 123]
-8.881784e-16 2.664535e-15 -8.881784e-16 0.000000e+00 -8.881784e-16 -2.664535e-15 -4.440892e-16 -8.881784e-16 -4.440892e-16 -4.440892e-16 -1.776357e-15 -8.881784e-16 -3.552714e-15 0.000000e+00 0.000000e+00 0.000000e+00 0.000000e+00 4.440892e-16 0.000000e+00 -8.881784e-16 0.000000e+00 -8.881784e-16 -1.332268e-15 0.000000e+00 1.332268e-15 -8.881784e-16 -2.220446e-16 -4.440892e-16 -4.440892e-16 -8.881784e-16 -4.440892e-16 4.440892e-16 -8.881784e-16 9.455205e-08 0.000000e+00 -8.881784e-16 0.000000e+00 -2.131628e-14 -8.881784e-16 4.440892e-16 0.000000e+00 0.000000e+00 -1.776357e-15 -8.881784e-16 -1.332268e-15 0.000000e+00 -8.881784e-16 -4.440892e-16 4.440892e-16 -1.776357e-15 -4.440892e-16
-8.881784e-16 -1.776357e-15 -8.881784e-16 0.000000e+00 0.000000e+00 -8.881784e-16 -8.881784e-16 -1.332268e-15 -4.440892e-16 -4.440892e-16 4.440892e-16 -3.552714e-15 8.881784e-16 -8.881784e-16 -4.440892e-16 0.000000e+00 -4.440892e-16 0.000000e+00 0.000000e+00 0.000000e+00 0.000000e+00 0.000000e+00 -8.881784e-16 -4.440892e-16 0.000000e+00 -4.440892e-16 0.000000e+00 -6.661338e-16 -4.440892e-16 -8.881784e-16 -4.440892e-16 0.000000e+00 -8.881784e-16 3.552714e-15 4.577596e-08 8.881784e-16 -3.552714e-15 -3.552714e-14 8.881784e-16 0.000000e+00 0.000000e+00 -8.881784e-16 -4.440892e-16 -4.440892e-16 -8.881784e-16 -8.881784e-16 -4.440892e-16 -2.220446e-16 -1.776357e-15 0.000000e+00 -4.440892e-16
1.776357e-15 0.000000e+00 -2.220446e-15 -1.332268e-15 -2.220446e-16 0.000000e+00 -4.440892e-16 -4.440892e-16 4.440892e-16 0.000000e+00 7.105427e-15 -3.108624e-15 -4.440892e-16 -4.440892e-16 0.000000e+00 -4.440892e-16 -8.881784e-16 -4.440892e-16 -4.440892e-16 -8.881784e-16 -4.440892e-16 -2.220446e-16 0.000000e+00 -8.881784e-16 -4.440892e-16 -4.440892e-16 -1.110223e-16 1.554312e-15 0.000000e+00 1.243450e-14 -7.105427e-15 8.881784e-15 1.776357e-15 -7.105427e-15 -4.440892e-16 -3.848543e-07 8.881784e-16 -1.421085e-14 -8.881784e-16 -2.664535e-15 4.440892e-16 -8.881784e-16 0.000000e+00 0.000000e+00 0.000000e+00 -4.440892e-16 0.000000e+00 -4.440892e-16 0.000000e+00 -4.440892e-16 -4.440892e-16
8.881784e-16 8.881784e-16 0.000000e+00 0.000000e+00 -8.881784e-16 -4.440892e-16 4.440892e-16 -1.776357e-15 -4.440892e-16 -3.552714e-15 2.664535e-15 -4.440892e-16 -4.440892e-16 -4.440892e-16 -8.881784e-16 -4.440892e-16 4.440892e-16 0.000000e+00 -4.440892e-16 -4.440892e-16 0.000000e+00 8.881784e-16 -8.881784e-16 -2.220446e-16 -8.881784e-16 0.000000e+00 -2.886580e-15 3.552714e-15 -8.881784e-16 -1.776357e-15 1.776357e-15 -8.881784e-16 0.000000e+00 0.000000e+00 0.000000e+00 -1.422249e-07 8.881784e-16 1.421085e-14 -8.881784e-16 0.000000e+00 0.000000e+00 -4.440892e-16 -4.440892e-16 4.440892e-16 4.440892e-16 0.000000e+00 -4.440892e-16 -6.661338e-16 -8.881784e-16 -1.776357e-15 0.000000e+00
0.000000e+00 -8.881784e-16 0.000000e+00 -3.552714e-15 3.552714e-15 -1.776357e-15 8.881784e-16 8.881784e-16 7.105427e-15 0.000000e+00 0.000000e+00 4.440892e-16 -8.881784e-16 -8.881784e-16 0.000000e+00 -8.881784e-16 0.000000e+00 8.881784e-16 -2.664535e-15 1.776357e-15 -2.220446e-15 0.000000e+00 -1.776357e-15 8.881784e-16 -2.664535e-15 -1.776357e-15 -5.184830e-11 -8.881784e-16 -4.440892e-16 -4.440892e-16 -4.440892e-16 8.881784e-16 -2.664535e-15 0.000000e+00 0.000000e+00 3.552714e-15 -7.799433e-08 2.131628e-14 -8.881784e-16 -8.881784e-16 8.881784e-16 4.440892e-16 -8.881784e-16 4.440892e-16 0.000000e+00 -8.881784e-16 -8.881784e-16 0.000000e+00 1.332268e-15 8.881784e-16 -1.776357e-15
4.440892e-16 5.329071e-15 -1.776357e-15 0.000000e+00 -7.993606e-15 -1.776357e-15 -5.329071e-15 1.065814e-14 -4.440892e-15 -8.881784e-16 -2.220446e-15 -1.332268e-15 -8.881784e-16 -2.664535e-15 0.000000e+00 1.332268e-15 -1.332268e-15 8.881784e-16 -3.552714e-15 -8.881784e-16 0.000000e+00 8.881784e-16 -1.776357e-15 -2.664535e-15 -8.881784e-16 -1.776357e-15 -1.842682e-11 -4.440892e-16 4.440892e-16 -4.440892e-16 -8.881784e-16 0.000000e+00 0.000000e+00 0.000000e+00 0.000000e+00 1.776357e-15 1.549664e-07 3.552714e-14 8.881784e-16 0.000000e+00 4.440892e-16 -1.776357e-15 0.000000e+00 -8.881784e-16 -4.440892e-16 -1.776357e-15 8.881784e-16 -4.440892e-16 -4.440892e-16 -8.881784e-16 8.881784e-16
0.000000e+00 4.440892e-16 8.881784e-16 -2.220446e-16 -1.776357e-15 -1.776357e-15 -4.440892e-16 0.000000e+00 -8.881784e-16 1.776357e-15 -4.440892e-16 0.000000e+00 -1.776357e-15 1.776357e-15 -1.332268e-15 -1.776357e-15 0.000000e+00 -4.440892e-16 0.000000e+00 -8.881784e-16 0.000000e+00 0.000000e+00 4.440892e-16 -1.332268e-15 8.881784e-16 -4.440892e-16 1.776002e-11 -1.776357e-15 0.000000e+00 0.000000e+00 -8.881784e-16 -2.664535e-15 1.776357e-15 -2.664535e-15 -1.776357e-15 8.881784e-16 1.131935e-07 2.415210e-09 -2.664535e-15 -2.664535e-15 0.000000e+00 -4.440892e-16 0.000000e+00 -4.440892e-16 -8.881784e-16 8.881784e-16 -1.776357e-15 -4.440892e-16 0.000000e+00 0.000000e+00 -1.776357e-15
-1.332268e-15 -1.332268e-15 -8.881784e-16 8.881784e-16 -1.776357e-15 -8.881784e-16 8.881784e-16 1.776357e-15 -3.552714e-15 -1.776357e-15 -4.440892e-15 1.776357e-15 -4.440892e-15 1.776357e-15 0.000000e+00 -8.881784e-16 -4.440892e-15 1.776357e-15 -1.332268e-15 -8.881784e-16 4.440892e-16 -2.664535e-15 -2.220446e-15 -6.217249e-15 3.552714e-15 -4.440892e-15 -1.181100e-11 0.000000e+00 -3.552714e-15 2.664535e-15 -2.664535e-15 -3.552714e-15 3.552714e-15 1.776357e-15 1.776357e-15 5.329071e-15 -1.386513e-07 1.177995e-09 5.329071e-15 1.776357e-15 8.881784e-16 -1.776357e-15 -4.440892e-16 4.440892e-16 -8.881784e-16 -1.332268e-15 0.000000e+00 0.000000e+00 -1.776357e-15 0.000000e+00 8.881784e-16
-8.881784e-16 4.440892e-16 1.776357e-15 0.000000e+00 -8.881784e-16 -1.776357e-15 -1.332268e-15 1.776357e-15 8.881784e-16 -3.996803e-15 -1.776357e-15 4.440892e-16 -8.881784e-16 -8.881784e-16 0.000000e+00 -8.881784e-16 -1.776357e-15 0.000000e+00 0.000000e+00 0.000000e+00 -8.881784e-16 -1.776357e-15 0.000000e+00 0.000000e+00 -2.220446e-16 -8.881784e-16 2.271516e-12 0.000000e+00 8.881784e-16 1.776357e-15 -8.881784e-16 0.000000e+00 1.776357e-15 -1.776357e-15 -8.881784e-16 3.552714e-15 1.053773e-07 6.020215e-10 7.771561e-15 0.000000e+00 1.776357e-15 -4.440892e-16 0.000000e+00 -4.440892e-16 8.881784e-16 8.881784e-16 1.776357e-15 -8.881784e-16 8.881784e-16 -1.776357e-15 -2.664535e-15
-4.440892e-16 -1.776357e-15 -1.332268e-15 -2.220446e-15 -1.776357e-15 0.000000e+00 -2.664535e-15 -8.881784e-16 8.881784e-16 -1.776357e-15 0.000000e+00 -8.881784e-16 0.000000e+00 -5.329071e-15 1.776357e-15 -5.329071e-15 5.329071e-15 1.243450e-14 -8.881784e-15 0.000000e+00 3.552714e-15 -8.881784e-15 1.776357e-15 7.105427e-15 0.000000e+00 2.664535e-15 1.554312e-15 -5.329071e-15 1.776357e-15 -8.881784e-16 -4.440892e-16 -2.220446e-15 8.881784e-16 -1.776357e-15 1.776357e-15 -8.881784e-16 0.000000e+00 1.956384e-07 9.547918e-15 -3.552714e-15 0.000000e+00 -4.440892e-16 -8.881784e-16 -4.440892e-16 -1.332268e-15 -1.776357e-15 -2.664535e-15 -1.332268e-15 -1.776357e-15 -3.552714e-15 0.000000e+00
-8.881784e-16 -8.881784e-16 0.000000e+00 1.776357e-15 0.000000e+00 1.776357e-15 8.881784e-16 0.000000e+00 8.881784e-16 -4.440892e-16 -2.664535e-15 -8.881784e-16 0.000000e+00 -8.881784e-16 -1.332268e-15 4.440892e-16 -2.664535e-15 -1.776357e-15 1.776357e-15 -8.881784e-16 -1.776357e-15 -1.776357e-15 0.000000e+00 -8.881784e-16 0.000000e+00 -9.992007e-16 -2.442491e-15 -4.440892e-16 0.000000e+00 -1.332268e-15 0.000000e+00 -4.440892e-16 -8.881784e-16 8.881784e-16 -8.881784e-16 3.552714e-15 0.000000e+00 9.414356e-08 -3.552714e-15 -1.110223e-15 0.000000e+00 -4.440892e-16 -4.440892e-16 -1.332268e-15 4.440892e-16 1.776357e-15 3.552714e-15 8.881784e-16 -1.776357e-15 0.000000e+00 -1.776357e-15
0.000000e+00 0.000000e+00 0.000000e+00 -8.881784e-16 -8.881784e-16 -1.776357e-15 0.000000e+00 -2.664535e-15 -4.440892e-16 -8.881784e-16 0.000000e+00 -1.332268e-15 1.332268e-15 0.000000e+00 -1.776357e-15 1.776357e-15 -2.664535e-15 -1.776357e-15 -5.329071e-15 5.329071e-15 -5.329071e-15 0.000000e+00 0.000000e+00 -1.776357e-15 0.000000e+00 2.442491e-15 -2.886580e-15 0.000000e+00 3.552714e-15 -8.881784e-16 8.881784e-16 -1.332268e-15 0.000000e+00 0.000000e+00 -1.776357e-15 1.776357e-15 -3.552714e-15 -7.105427e-15 -1.875812e-07 -2.220446e-16 0.000000e+00 -4.440892e-16 0.000000e+00 4.440892e-16 -8.881784e-16 -8.881784e-16 -5.329071e-15 -1.332268e-15 0.000000e+00 8.881784e-16 -8.881784e-16
-4.440892e-16 0.000000e+00 -8.881784e-16 -8.881784e-16 1.332268e-15 -1.776357e-15 1.332268e-15 -8.881784e-16 0.000000e+00 0.000000e+00 -1.332268e-15 -1.776357e-15 -8.881784e-16 -4.440892e-16 -8.881784e-16 8.881784e-16 1.332268e-15 -2.664535e-15 -4.440892e-16 8.881784e-16 -8.881784e-16 -3.552714e-15 1.776357e-15 0.000000e+00 8.881784e-16 -1.110223e-15 -1.110223e-15 8.881784e-16 -1.776357e-15 0.000000e+00 -1.332268e-15 -7.105427e-15 -7.105427e-15 -7.105427e-15 -7.105427e-15 0.000000e+00 3.552714e-15 -3.552714e-15 1.264394e-07 4.440892e-16 -2.220446e-16 1.332268e-15 -8.881784e-16 -8.881784e-16 -8.881784e-16 0.000000e+00 8.881784e-16 -8.881784e-16 -8.881784e-16 -2.664535e-15 -1.776357e-15
-4.440892e-16 0.000000e+00 -8.881784e-16 -8.881784e-16 4.440892e-16 -1.776357e-15 0.000000e+00 0.000000e+00 -4.440892e-16 0.000000e+00 0.000000e+00 -8.881784e-16 -4.440892e-16 0.000000e+00 0.000000e+00 -4.440892e-16 2.664535e-15 -4.440892e-16 -2.220446e-15 0.000000e+00 -8.881784e-16 -7.105427e-15 2.664535e-15 -8.881784e-16 0.000000e+00 -1.110223e-15 -5.329071e-15 1.776357e-15 0.000000e+00 -3.552714e-15 -3.552714e-15 -8.881784e-16 -1.776357e-15 8.881784e-16 -8.881784e-16 0.000000e+00 0.000000e+00 -3.552714e-15 4.440892e-15 1.938462e-07 -6.661338e-16 -1.998401e-15 -2.664535e-15 0.000000e+00 8.881784e-16 -1.776357e-15 -8.881784e-16 8.881784e-16 0.000000e+00 -8.881784e-16 -8.881784e-16
-4.440892e-16 0.000000e+00 -1.332268e-15 -4.440892e-16 4.440892e-16 0.000000e+00 0.000000e+00 -4.440892e-16 -4.440892e-16 -8.881784e-16 -8.881784e-16 4.440892e-16 -8.881784e-16 -8.881784e-16 -1.332268e-15 -8.881784e-16 0.000000e+00 -8.881784e-16 -8.881784e-16 -2.664535e-15 -4.440892e-16 -6.661338e-16 -4.440892e-16 8.881784e-16 -2.220446e-16 -2.220446e-16 -4.440892e-16 0.000000e+00 8.881784e-16 -3.552714e-15 0.000000e+00 -8.881784e-16 -4.440892e-16 -4.440892e-16 -1.332268e-15 4.440892e-16 -4.440892e-16 0.000000e+00 -8.881784e-16 -4.440892e-16 1.061354e-07 6.661338e-16 1.776357e-15 0.000000e+00 -2.664535e-15 0.000000e+00 -8.881784e-16 -1.776357e-15 -1.776357e-15 8.881784e-16 8.881784e-16
0.000000e+00 -8.881784e-16 -4.440892e-16 8.881784e-16 -4.440892e-16 -4.440892e-16 -8.881784e-16 0.000000e+00 -8.881784e-16 -8.881784e-16 -1.332268e-15 0.000000e+00 0.000000e+00 0.000000e+00 -8.881784e-16 -4.440892e-16 0.000000e+00 -8.881784e-16 4.440892e-16 0.000000e+00 -4.440892e-16 0.000000e+00 -4.440892e-16 -6.661338e-16 -4.440892e-16 -5.286882e-12 0.000000e+00 0.000000e+00 1.776357e-15 -4.440892e-16 -2.220446e-16 -2.220446e-16 0.000000e+00 -2.220446e-16 0.000000e+00 -4.440892e-16 -2.220446e-16 -8.881784e-16 -8.881784e-16 -1.776357e-15 8.881784e-16 -3.253342e-08 -1.110223e-15 8.881784e-16 1.776357e-15 -8.881784e-16 8.881784e-16 -1.776357e-15 0.000000e+00 -1.776357e-15 -1.776357e-15
-4.440892e-16 0.000000e+00 -4.440892e-16 -2.220446e-16 0.000000e+00 -8.881784e-16 -6.661338e-16 0.000000e+00 0.000000e+00 0.000000e+00 0.000000e+00 -8.881784e-16 4.440892e-16 -8.881784e-16 -8.881784e-16 -1.332268e-15 0.000000e+00 0.000000e+00 0.000000e+00 -2.220446e-16 -8.881784e-16 0.000000e+00 0.000000e+00 0.000000e+00 -8.881784e-16 2.732392e-11 8.881784e-16 -8.881784e-16 -4.440892e-16 -4.440892e-16 0.000000e+00 -4.440892e-16 -8.881784e-16 -1.776357e-15 1.332268e-15 -1.776357e-15 0.000000e+00 0.000000e+00 0.000000e+00 0.000000e+00 0.000000e+00 0.000000e+00 -1.393802e-07 -1.110223e-15 -3.552714e-15 0.000000e+00 -2.664535e-15 0.000000e+00 -1.776357e-15 0.000000e+00 2.842171e-14
-8.881784e-16 0.000000e+00 -4.440892e-16 0.000000e+00 -1.332268e-15 -8.881784e-16 -1.776357e-15 -1.332268e-15 -4.440892e-16 -4.440892e-16 -4.440892e-16 -4.440892e-16 4.440892e-16 4.440892e-16 8.881784e-16 -4.440892e-16 -1.332268e-15 -8.881784e-16 -8.881784e-16 0.000000e+00 -1.332268e-15 0.000000e+00 -1.332268e-15 0.000000e+00 0.000000e+00 -2.751310e-11 0.000000e+00 -8.881784e-16 8.881784e-16 -4.440892e-15 -1.776357e-15 -8.881784e-16 -1.776357e-15 0.000000e+00 8.881784e-16 -1.776357e-15 -8.881784e-16 -8.881784e-16 -8.881784e-16 -3.552714e-15 0.000000e+00 3.552714e-15 -5.329071e-15 8.192195e-08 -3.552714e-15 0.000000e+00 -3.552714e-15 -6.661338e-16 1.776357e-15 -7.105427e-15 -2.664535e-15
0.000000e+00 8.881784e-16 -1.332268e-15 -1.332268e-15 -8.881784e-16 -1.776357e-15 1.332268e-15 -1.776357e-15 -4.440892e-16 -2.220446e-15 -6.661338e-16 -4.440892e-16 -1.776357e-15 -1.332268e-15 0.000000e+00 4.440892e-16 0.000000e+00 -8.881784e-16 0.000000e+00 0.000000e+00 -4.440892e-16 0.000000e+00 -8.881784e-16 -1.332268e-15 1.776357e-15 -2.273648e-11 -3.552714e-15 2.664535e-15 -5.329071e-15 3.552714e-15 -8.881784e-16 -2.664535e-15 1.776357e-15 -2.664535e-15 -2.664535e-15 -1.776357e-15 8.881784e-16 -8.881784e-16 0.000000e+00 -4.440892e-16 -2.220446e-16 0.000000e+00 -1.776357e-15 0.000000e+00 4.738982e-07 3.552714e-15 3.552714e-15 -1.776357e-15 7.105427e-15 8.881784e-16 7.105427e-15
-4.440892e-16 -4.440892e-16 4.440892e-16 -4.440892e-16 -4.440892e-16 0.000000e+00 0.000000e+00 -1.776357e-15 -8.881784e-16 0.000000e+00 -1.332268e-15 4.440892e-16 0.000000e+00 -8.881784e-16 -4.440892e-16 -4.440892e-16 -8.881784e-16 0.000000e+00 -8.881784e-16 8.881784e-16 -2.220446e-15 4.440892e-16 0.000000e+00 -1.776357e-15 3.552714e-15 1.942979e-11 -3.552714e-15 1.776357e-15 -1.065814e-14 3.552714e-15 0.000000e+00 2.664535e-15 -4.440892e-15 -2.664535e-15 1.776357e-15 1.776357e-15 0.000000e+00 -2.664535e-15 -1.776357e-15 0.000000e+00 -8.881784e-16 8.881784e-16 -1.776357e-15 8.881784e-16 -1.243450e-14 4.500276e-07 1.776357e-15 -2.131628e-14 -8.881784e-16 3.552714e-15 -1.776357e-15
-8.881784e-16 -2.220446e-16 -8.881784e-16 -8.881784e-16 -8.881784e-16 0.000000e+00 -8.881784e-16 -1.776357e-15 -4.440892e-16 -1.776357e-15 0.000000e+00 -8.881784e-16 0.000000e+00 -8.881784e-16 -1.776357e-15 -8.881784e-16 0.000000e+00 -8.881784e-16 -8.881784e-16 -8.881784e-16 8.881784e-16 -1.776357e-15 0.000000e+00 -8.881784e-16 -4.440892e-16 6.871392e-12 -2.664535e-15 -8.881784e-16 0.000000e+00 -1.776357e-15 2.664535e-15 -1.776357e-15 -2.664535e-15 0.000000e+00 0.000000e+00 0.000000e+00 -8.881784e-16 0.000000e+00 -2.664535e-15 0.000000e+00 -1.776357e-15 -8.881784e-16 0.000000e+00 8.881784e-16 -1.776357e-15 -3.552714e-15 1.440296e-07 1.421085e-14 -1.776357e-14 3.552714e-15 -4.440892e-16
-9.999000e+03 -9.999000e+03 -9.999000e+03 -9.999000e+03 -9.999000e+03 -9.999000e+03 -9.999000e+03 -9.999000e+03 -8.881784e-16 -4.440892e-16 -4.440892e-16 -2.220446e-16 -4.440892e-16 0.000000e+00 4.440892e-16 4.440892e-16 -8.881784e-16 0.000000e+00 0.000000e+00 -8.881784e-16 -1.332268e-15 1.776357e-15 -2.664535e-15 8.881784e-16 -1.776357e-15 -1.998401e-15 0.000000e+00 -1.776357e-15 0.000000e+00 -8.881784e-16 0.000000e+00 0.000000e+00 8.881784e-16 -2.664535e-15 0.000000e+00 1.776357e-15 0.000000e+00 -8.881784e-16 0.000000e+00 -2.664535e-15 -1.776357e-15 -8.881784e-16 0.000000e+00 -1.776357e-15 1.776357e-15 -1.776357e-15 -4.690906e-07 -7.105427e-14 -3.552714e-15 -8.881784e-16 -8.881784e-16
-9.999000e+03 -9.999000e+03 -9.999000e+03 -9.999000e+03 -9.999000e+03 -9.999000e+03 -9.999000e+03 -9.999000e+03 -9.999000e+03 -9.999000e+03 -9.999000e+03 0.000000e+00 -8.881784e-16 -4.440892e-16 -8.881784e-16 -4.440892e-16 -4.440892e-16 -8.881784e-16 8.881784e-16 0.000000e+00 -8.881784e-16 -4.440892e-16 -8.881784e-16 -2.664535e-15 -1.776357e-15 6.661338e-16 -1.332268e-15 -1.332268e-15 -4.440892e-16 0.000000e+00 -1.776357e-15 0.000000e+00 8.881784e-16 -2.664535e-15 8.881784e-16 0.000000e+00 -1.776357e-15 0.000000e+00 -3.552714e-15 8.881784e-16 -1.776357e-15 -1.776357e-15 -8.881784e-16 -8.881784e-16 0.000000e+00 -8.881784e-16 0.000000e+00 2.198646e-07 0.000000e+00 0.000000e+00 -8.881784e-16
