tests/data/reference/test_sheet/control/massbalance.asc
ncols	123
nrows	77
xllcorner	-713746.79929998
yllcorner	-1061022.36961616
cellsize	10.0
NODATA_value	-9999
[rows 23 to 45 of 77, columns 0 to 50 of 123]
-9.999000e+03 -9.999000e+03 -9.999000e+03 -9.999000e+03 -9.999000e+03 -9.999000e+03 -9.999000e+03 -9.999000e+03 -9.999000e+03 -9.999000e+03 -9.999000e+03 -9.999000e+03 -9.999000e+03 -9.999000e+03 -8.881784e-16 4.440892e-16 8.881784e-16 0.000000e+00 -6.661338e-16 -2.220446e-16 -2.220446e-16 -1.115064e-11 -4.440892e-16 -5.329071e-15 3.552714e-15 -1.776357e-15 0.000000e+00 -2.664535e-15 -4.440892e-16 1.776357e-15 -8.881784e-16 4.440892e-16 0.000000e+00 0.000000e+00 -1.776357e-15 -4.440892e-16 8.881784e-16 -4.440892e-16 0.000000e+00 1.776357e-15 -1.776357e-15 -8.881784e-16 2.664535e-15 -1.776357e-15 0.000000e+00 -8.881784e-16 -8.881784e-16 4.440892e-15 -1.332268e-15 -4.440892e-16 0.000000e+00
-9.999000e+03 -9.999000e+03 -9.999000e+03 -9.999000e+03 -9.999000e+03 -9.999000e+03 -9.999000e+03 -9.999000e+03 -9.999000e+03 -9.999000e+03 -9.999000e+03 -9.999000e+03 -9.999000e+03 -9.999000e+03 4.440892e-16 -4.361080e-09 -3.552714e-15 4.440892e-16 0.000000e+00 -2.220446e-16 1.358469e-12 6.912693e-12 -6.661338e-16 -4.440892e-16 1.776357e-15 3.552714e-15 1.776357e-15 5.329071e-15 -1.332268e-15 -2.220446e-16 -1.776357e-15 -4.440892e-16 -8.881784e-16 -1.776357e-15 -7.105427e-15 -1.776357e-15 -1.776357e-15 -4.440892e-16 -1.776357e-15 -2.664535e-15 -8.881784e-16 -8.881784e-16 -2.664535e-15 -8.881784e-16 -8.881784e-16 -8.881784e-16 -2.664535e-15 -3.552714e-15 0.000000e+00 0.000000e+00 0.000000e+00
-9.999000e+03 -9.999000e+03 -9.999000e+03 -9.999000e+03 -9.999000e+03 -9.999000e+03 -9.999000e+03 -9.999000e+03 -9.999000e+03 -9.999000e+03 -9.999000e+03 -9.999000e+03 -9.999000e+03 -9.999000e+03 1.260696e-08 -4.440892e-16 -8.881784e-16 -6.661338e-16 -4.440892e-16 -2.220446e-16 -3.280620e-11 -1.332268e-15 0.000000e+00 0.000000e+00 -8.881784e-16 1.776357e-15 -3.552714e-15 -6.217249e-15 8.881784e-16 2.220446e-16 0.000000e+00 6.217249e-15 0.000000e+00 0.000000e+00 0.000000e+00 1.953993e-14 0.000000e+00 -4.440892e-15 -4.440892e-16 0.000000e+00 0.000000e+00 -8.881784e-16 8.881784e-16 -8.881784e-16 0.000000e+00 -8.881784e-16 1.776357e-15 -1.776357e-15 0.000000e+00 -8.881784e-16 -8.881784e-16
-9.999000e+03 -9.999000e+03 -9.999000e+03 -9.999000e+03 -9.999000e+03 -9.999000e+03 -9.999000e+03 -9.999000e+03 -9.999000e+03 -9.999000e+03 -9.999000e+03 -9.999000e+03 -2.220446e-16 -4.440892e-16 0.000000e+00 0.000000e+00 -6.661338e-16 -2.220446e-16 -4.440892e-16 -1.885336e-11 6.661338e-16 -9.769963e-15 -1.776357e-15 -4.440892e-15 -1.776357e-15 -8.881784e-16 2.486900e-14 5.329071e-15 -4.440892e-16 -4.440892e-16 -1.110223e-15 -8.881784e-16 0.000000e+00 -8.881784e-16 -8.881784e-16 -1.332268e-15 -1.598721e-14 -4.440892e-16 2.664535e-15 0.000000e+00 -1.776357e-15 -1.776357e-15 0.000000e+00 0.000000e+00 -2.664535e-15 8.881784e-16 -8.881784e-16 8.881784e-16 -3.552714e-15 -1.776357e-15 0.000000e+00
-9.999000e+03 -9.999000e+03 -9.999000e+03 -9.999000e+03 -9.999000e+03 -9.999000e+03 -9.999000e+03 -9.999000e+03 -9.999000e+03 -9.999000e+03 -9.999000e+03 -9.999000e+03 -9.999000e+03 -4.440892e-16 -8.881784e-16 -4.440892e-16 -6.661338e-16 -4.440892e-16 7.456968e-11 6.661338e-16 0.000000e+00 8.881784e-16 -7.105427e-15 3.552714e-15 -3.552714e-15 -3.552714e-15 1.421085e-14 -7.105427e-15 -4.440892e-15 -8.881784e-16 -8.881784e-16 -8.881784e-16 0.000000e+00 -8.881784e-16 1.776357e-15 1.776357e-15 2.664535e-15 -1.776357e-15 4.440892e-16 -2.664535e-15 -7.105427e-15 -1.776357e-15 -2.664535e-15 -1.776357e-15 0.000000e+00 -1.776357e-15 8.881784e-16 -1.776357e-15 0.000000e+00 1.776357e-15 -1.332268e-15
-9.999000e+03 -9.999000e+03 -9.999000e+03 -9.999000e+03 -9.999000e+03 -9.999000e+03 -9.999000e+03 -9.999000e+03 -9.999000e+03 -9.999000e+03 -9.999000e+03 -9.999000e+03 -9.999000e+03 -9.999000e+03 -9.999000e+03 -4.440892e-16 -4.440892e-16 -4.429346e-11 -7.377476e-11 -8.881784e-16 -2.664535e-15 2.664535e-15 -8.881784e-16 0.000000e+00 2.664535e-15 2.664535e-15 -8.881784e-16 -2.486900e-14 -1.421085e-14 4.440892e-15 2.664535e-15 -8.881784e-16 -8.881784e-16 0.000000e+00 -8.881784e-16 -1.776357e-15 -1.332268e-15 -8.881784e-16 3.552714e-15 -8.881784e-16 0.000000e+00 0.000000e+00 0.000000e+00 -1.776357e-15 0.000000e+00 8.881784e-16 -1.776357e-15 -1.776357e-15 0.000000e+00 -8.881784e-16 0.000000e+00
-9.999000e+03 -9.999000e+03 -9.999000e+03 -9.999000e+03 -9.999000e+03 -9.999000e+03 -9.999000e+03 -9.999000e+03 -9.999000e+03 -9.999000e+03 -9.999000e+03 -9.999000e+03 -9.999000e+03 -9.999000e+03 -9.999000e+03 -9.999000e+03 -2.220446e-16 -5.320322e-11 8.881784e-16 -1.776357e-15 0.000000e+00 -1.776357e-15 3.552714e-15 -2.664535e-15 0.000000e+00 -8.881784e-16 8.881784e-16 8.881784e-16 0.000000e+00 2.131628e-14 -1.421085e-14 -7.105427e-15 -4.440892e-16 0.000000e+00 -1.332268e-15 8.881784e-16 -2.664535e-15 7.105427e-15 -1.776357e-15 -3.552714e-15 0.000000e+00 -1.421085e-14 -2.664535e-15 -8.881784e-16 -1.776357e-15 -1.776357e-15 -8.881784e-16 -8.881784e-16 -1.776357e-15 -1.776357e-15 -1.776357e-15
-9.999000e+03 -9.999000e+03 -9.999000e+03 -9.999000e+03 -9.999000e+03 -9.999000e+03 -9.999000e+03 -9.999000e+03 -9.999000e+03 -9.999000e+03 -9.999000e+03 -9.999000e+03 -9.999000e+03 -9.999000e+03 -9.999000e+03 -9.999000e+03 -3.177614e-11 2.220446e-16 8.881784e-16 -2.664535e-15 8.881784e-16 1.776357e-14 0.000000e+00 -7.105427e-15 7.105427e-15 1.065814e-14 7.105427e-15 -1.421085e-14 0.000000e+00 1.463043e-10 5.523457e-10 -3.250893e-10 -2.672294e-09 -8.074494e-09 4.990142e-09 1.281875e-08 2.932027e-08 -6.390700e-09 -1.753297e-08 -5.913975e-09 -1.858037e-08 -4.704290e-09 2.131628e-14 0.000000e+00 0.000000e+00 -1.776357e-15 0.000000e+00 8.881784e-16 0.000000e+00 0.000000e+00 0.000000e+00
-9.999000e+03 -9.999000e+03 -9.999000e+03 -9.999000e+03 -9.999000e+03 -9.999000e+03 -9.999000e+03 -9.999000e+03 -9.999000e+03 -9.999000e+03 -9.999000e+03 -9.999000e+03 -9.999000e+03 -9.999000e+03 -9.999000e+03 -4.412293e-11 -1.110223e-15 -4.440892e-16 -1.776357e-15 -3.552714e-15 0.000000e+00 -4.440892e-16 -8.881784e-16 -1.776357e-15 0.000000e+00 -5.329071e-15 1.598721e-14 -3.552714e-15 -5.329071e-15 -1.776357e-15 1.065814e-14 1.776357e-15 1.776357e-15 0.000000e+00 -5.329071e-15 3.552714e-15 -3.552714e-15 2.131628e-14 0.000000e+00 -1.421085e-14 7.105427e-15 -4.973799e-14 -2.351727e-08 -2.763072e-08 -1.284235e-10 0.000000e+00 0.000000e+00 -1.776357e-15 -2.664535e-15 -1.776357e-15 8.881784e-16
-9.999000e+03 -9.999000e+03 -9.999000e+03 -9.999000e+03 -9.999000e+03 -9.999000e+03 -9.999000e+03 -9.999000e+03 -9.999000e+03 -9.999000e+03 -9.999000e+03 -9.999000e+03 -9.999000e+03 -9.999000e+03 7.774315e-11 -4.986811e-11 3.552714e-15 -5.329071e-15 4.440892e-16 -3.552714e-15 0.000000e+00 -4.440892e-16 0.000000e+00 1.332268e-15 -1.776357e-15 4.440892e-16 -1.776357e-15 -8.881784e-16 0.000000e+00 -4.440892e-16 -4.440892e-16 7.105427e-15 0.000000e+00 -1.776357e-15 0.000000e+00 -2.131628e-14 -4.440892e-16 0.000000e+00 -1.776357e-15 -1.332268e-15 -4.440892e-16 -8.881784e-16 0.000000e+00 0.000000e+00 1.065814e-14 -1.076732e-08 2.907542e-08 1.686203e-09 0.000000e+00 0.000000e+00 -8.881784e-16
-9.999000e+03 -9.999000e+03 -9.999000e+03 -9.999000e+03 -9.999000e+03 -9.999000e+03 -9.999000e+03 -9.999000e+03 -9.999000e+03 -9.999000e+03 -9.999000e+03 -9.999000e+03 -9.999000e+03 -9.999000e+03 -1.931122e-11 -1.110223e-15 -1.332268e-15 -4.440892e-16 0.000000e+00 0.000000e+00 -1.332268e-15 -8.881784e-16 -1.332268e-15 -1.332268e-15 -1.332268e-15 0.000000e+00 0.000000e+00 -1.776357e-15 -2.664535e-15 -8.881784e-16 -3.552714e-15 -8.881784e-16 -8.881784e-16 -1.776357e-15 0.000000e+00 0.000000e+00 0.000000e+00 -8.881784e-16 -8.881784e-16 -8.881784e-16 0.000000e+00 0.000000e+00 0.000000e+00 -1.776357e-15 -4.440892e-16 5.329071e-15 -3.552714e-15 3.552714e-15 5.383345e-08 -1.803809e-08 3.946309e-08
-9.999000e+03 -9.999000e+03 -9.999000e+03 -9.999000e+03 -9.999000e+03 -9.999000e+03 -9.999000e+03 -9.999000e+03 -9.999000e+03 -9.999000e+03 -9.999000e+03 -9.999000e+03 -9.999000e+03 2.077583e-10 -9.992007e-15 0.000000e+00 -4.440892e-16 0.000000e+00 -1.776357e-15 4.440892e-16 -1.332268e-15 4.440892e-16 -1.776357e-15 -1.776357e-15 -4.440892e-16 -4.440892e-16 -1.332268e-15 0.000000e+00 -4.440892e-16 -1.332268e-15 -4.440892e-16 -4.440892e-16 -1.332268e-15 0.000000e+00 -4.440892e-16 0.000000e+00 8.881784e-16 8.881784e-16 -8.881784e-16 -8.881784e-16 4.440892e-16 -2.220446e-15 0.000000e+00 0.000000e+00 0.000000e+00 -4.440892e-16 8.881784e-16 -8.881784e-16 0.000000e+00 -1.776357e-15 1.776357e-15
-9.999000e+03 -9.999000e+03 -9.999000e+03 -9.999000e+03 -9.999000e+03 -9.999000e+03 -9.999000e+03 -9.999000e+03 -9.999000e+03 -9.999000e+03 -9.999000e+03 -9.999000e+03 -5.900236e-11 -1.275700e-10 -1.332268e-15 -8.881784e-16 -1.776357e-15 8.881784e-16 -8.881784e-16 -8.881784e-16 -1.332268e-15 0.000000e+00 0.000000e+00 0.000000e+00 -8.881784e-16 -1.332268e-15 -1.776357e-15 1.332268e-15 0.000000e+00 0.000000e+00 -4.440892e-16 -1.332268e-15 3.552714e-15 -4.440892e-16 -6.661338e-16 -4.440892e-16 -8.881784e-16 0.000000e+00 4.440892e-16 -8.881784e-16 4.440892e-16 0.000000e+00 0.000000e+00 -8.881784e-16 -4.440892e-16 -1.332268e-15 4.440892e-16 4.440892e-16 0.000000e+00 -4.440892e-16 8.881784e-16
-9.999000e+03 -9.999000e+03 -9.999000e+03 -9.999000e+03 -9.999000e+03 -9.999000e+03 -9.999000e+03 -9.999000e+03 -9.999000e+03 -9.999000e+03 -9.999000e+03 -9.999000e+03 1.045621e-10 -2.664535e-15 -4.440892e-16 -1.776357e-15 -8.881784e-16 -1.776357e-15 -8.881784e-16 4.440892e-16 -8.881784e-16 -4.440892e-16 -1.776357e-15 0.000000e+00 -8.881784e-16 -4.440892e-16 -8.881784e-16 -2.220446e-15 8.881784e-16 0.000000e+00 1.332268e-15 -5.329071e-15 -4.440892e-16 -4.440892e-16 -1.776357e-15 0.000000e+00 -4.440892e-16 -8.881784e-16 0.000000e+00 -8.881784e-16 -8.881784e-16 -8.881784e-16 4.440892e-16 -8.881784e-16 8.881784e-16 -4.440892e-16 -4.440892e-16 -8.881784e-16 -8.881784e-16 -8.881784e-16 -8.881784e-16
-9.999000e+03 -9.999000e+03 -9.999000e+03 -9.999000e+03 -9.999000e+03 -9.999000e+03 -9.999000e+03 -9.999000e+03 -9.999000e+03 -9.999000e+03 -9.999000e+03 -2.933853e-11 -1.110223e-15 -4.440892e-16 3.552714e-15 -4.440892e-16 -8.881784e-16 -4.440892e-16 -4.440892e-16 -1.332268e-15 -4.440892e-16 -1.332268e-15 -8.881784e-16 -4.440892e-16 -4.440892e-16 -4.440892e-16 0.000000e+00 -8.881784e-16 0.000000e+00 -8.881784e-16 -4.440892e-16 0.000000e+00 -8.881784e-16 0.000000e+00 0.000000e+00 -4.440892e-16 -8.881784e-16 -1.332268e-15 -4.440892e-16 -4.440892e-16 0.000000e+00 -1.332268e-15 0.000000e+00 -4.440892e-16 -4.440892e-16 -4.440892e-16 -4.440892e-16 -4.440892e-16 -1.776357e-15 -4.440892e-16 -4.440892e-16
-9.999000e+03 -9.999000e+03 -9.999000e+03 -9.999000e+03 -9.999000e+03 -9.999000e+03 -9.999000e+03 -9.999000e+03 -9.999000e+03 -9.999000e+03 -7.166112e-11 2.236313e-10 -8.881784e-16 5.329071e-15 0.000000e+00 -2.220446e-16 -4.440892e-16 -4.440892e-16 8.881784e-16 4.440892e-16 -1.776357e-15 -1.332268e-15 -4.440892e-16 0.000000e+00 0.000000e+00 0.000000e+00 -4.440892e-16 -1.332268e-15 -4.440892e-16 0.000000e+00 -1.332268e-15 -8.881784e-16 0.000000e+00 -1.332268e-15 -2.220446e-16 -4.440892e-16 0.000000e+00 -8.881784e-16 0.000000e+00 -4.440892e-16 0.000000e+00 -4.440892e-16 -4.440892e-16 -4.440892e-16 -4.440892e-16 -4.440892e-16 -4.440892e-16 4.440892e-16 -2.220446e-16 -4.440892e-16 -4.440892e-16
-9.999000e+03 -9.999000e+03 -9.999000e+03 -9.999000e+03 -9.999000e+03 -9.999000e+03 -9.999000e+03 -9.999000e+03 -9.999000e+03 -9.999000e+03 4.476530e-11 -2.664535e-15 -1.776357e-15 -4.440892e-16 -2.220446e-16 -4.440892e-16 -8.881784e-16 -4.440892e-16 -8.881784e-16 -8.881784e-16 4.440892e-16 -8.881784e-16 -1.332268e-15 -8.881784e-16 -4.440892e-16 -4.440892e-16 0.000000e+00 -1.776357e-15 -8.881784e-16 -4.440892e-16 -8.881784e-16 -4.440892e-16 0.000000e+00 -4.440892e-16 -1.776357e-15 -4.440892e-16 -2.220446e-16 -4.440892e-16 -8.881784e-16 0.000000e+00 -6.661338e-16 0.000000e+00 -8.881784e-16 0.000000e+00 -4.440892e-16 0.000000e+00 -1.332268e-15 -8.881784e-16 -8.881784e-16 -1.776357e-15 0.000000e+00
-9.999000e+03 -9.999000e+03 -9.999000e+03 -9.999000e+03 -9.999000e+03 -9.999000e+03 -9.999000e+03 -9.999000e+03 -9.999000e+03 7.699219e-11 -2.220446e-16 -1.776357e-15 0.000000e+00 -4.440892e-16 -4.440892e-16 -4.440892e-16 -4.440892e-16 -1.332268e-15 -8.881784e-16 -1.332268e-15 -4.440892e-16 -4.440892e-16 0.000000e+00 -4.440892e-16 -4.440892e-16 4.440892e-16 8.881784e-16 4.440892e-16 0.000000e+00 0.000000e+00 0.000000e+00 -4.440892e-16 0.000000e+00 0.000000e+00 -8.881784e-16 0.000000e+00 -8.881784e-16 0.000000e+00 -4.440892e-16 0.000000e+00 0.000000e+00 0.000000e+00 0.000000e+00 -8.881784e-16 0.000000e+00 -8.881784e-16 0.000000e+00 8.881784e-16 -4.440892e-16 0.000000e+00 -8.881784e-16
-9.999000e+03 -9.999000e+03 -9.999000e+03 -9.999000e+03 -9.999000e+03 -9.999000e+03 -9.999000e+03 -9.999000e+03 -9.999000e+03 -1.409028e-11 0.000000e+00 -8.881784e-16 -1.110223e-15 0.000000e+00 -8.881784e-16 -4.440892e-16 0.000000e+00 8.881784e-16 -4.440892e-16 0.000000e+00 0.000000e+00 -4.440892e-16 -6.661338e-16 -2.220446e-16 -8.881784e-16 -4.440892e-16 0.000000e+00 -2.220446e-16 -4.440892e-16 -4.440892e-16 -4.440892e-16 4.440892e-16 -1.332268e-15 0.000000e+00 -4.440892e-16 -1.332268e-15 4.440892e-16 0.000000e+00 -2.220446e-15 0.000000e+00 -4.440892e-16 -1.332268e-15 -1.332268e-15 8.881784e-16 -8.881784e-16 -4.440892e-16 -8.881784e-16 0.000000e+00 -8.881784e-16 1.776357e-15 1.421085e-14
-9.999000e+03 -9.999000e+03 -9.999000e+03 -9.999000e+03 -9.999000e+03 -9.999000e+03 -9.999000e+03 -9.999000e+03 -1.092428e-10 1.554312e-15 -1.776357e-15 0.000000e+00 -4.440892e-16 0.000000e+00 -8.881784e-16 -8.881784e-16 -2.664535e-15 -8.881784e-16 -8.881784e-16 -4.440892e-16 -4.440892e-16 -8.881784e-16 -4.440892e-16 8.881784e-16 -8.881784e-16 -1.776357e-15 7.105427e-15 0.000000e+00 3.552714e-15 -1.776357e-15 0.000000e+00 1.776357e-15 8.881784e-16 0.000000e+00 0.000000e+00 4.440892e-16 -1.332268e-15 -8.881784e-16 4.440892e-15 -1.776357e-15 0.000000e+00 -5.329071e-15 1.776357e-15 0.000000e+00 -1.776357e-15 5.329071e-15 -1.776357e-15 -1.776357e-15 0.000000e+00 -4.973799e-14 -8.881784e-16
-9.999000e+03 -9.999000e+03 -9.999000e+03 -9.999000e+03 -9.999000e+03 -9.999000e+03 -9.999000e+03 -9.222245e-11 9.977885e-11 -3.552714e-15 -8.881784e-16 -4.440892e-16 0.000000e+00 -8.881784e-16 -4.440892e-16 -8.881784e-16 8.881784e-16 -8.881784e-16 -1.776357e-15 -4.440892e-16 -4.440892e-16 -2.220446e-16 -4.440892e-16 3.552714e-15 -7.105427e-15 0.000000e+00 -4.440892e-16 -1.776357e-15 0.000000e+00 0.000000e+00 0.000000e+00 -1.332268e-15 0.000000e+00 -8.881784e-16 -4.440892e-16 -2.220446e-15 -4.440892e-16 1.776357e-15 -2.664535e-15 1.776357e-15 -1.776357e-15 -2.664535e-15 8.881784e-16 -8.881784e-16 -2.664535e-15 -1.776357e-15 8.881784e-16 -1.776357e-15 -2.842171e-14 0.000000e+00 -8.881784e-16
-9.999000e+03 -9.999000e+03 -9.999000e+03 -9.999000e+03 -9.999000e+03 -9.999000e+03 -9.999000e+03 -1.620994e-10 -2.220446e-16 6.217249e-15 -4.440892e-16 0.000000e+00 4.440892e-16 -4.440892e-16 -1.332268e-15 -1.776357e-15 -8.881784e-16 -8.881784e-16 -1.776357e-15 4.440892e-16 -2.664535e-15 -5.329071e-15 -4.440892e-15 0.000000e+00 -1.776357e-15 -8.881784e-16 -4.440892e-16 -4.440892e-16 0.000000e+00 0.000000e+00 0.000000e+00 -1.332268e-15 -4.440892e-16 -4.440892e-16 0.000000e+00 -2.664535e-15 -1.776357e-14 -3.552714e-15 -7.105427e-15 -2.131628e-14 3.552714e-15 2.131628e-14 -2.486900e-14 -1.776357e-14 0.000000e+00 -3.552714e-15 -2.486900e-14 1.421085e-14 -8.881784e-16 4.440892e-16 -1.776357e-15
-9.999000e+03 -9.999000e+03 -9.999000e+03 -9.999000e+03 -9.999000e+03 -9.999000e+03 -9.999000e+03 -2.220446e-16 -8.881784e-16 -8.881784e-16 -6.661338e-16 -8.881784e-16 0.000000e+00 8.881784e-16 -8.881784e-16 0.000000e+00 -4.440892e-16 -8.881784e-16 -1.332268e-15 -8.881784e-16 -8.881784e-16 -1.776357e-15 -8.881784e-16 0.000000e+00 -6.661338e-16 -4.440892e-16 0.000000e+00 0.000000e+00 0.000000e+00 -1.332268e-15 4.440892e-16 -2.220446e-15 0.000000e+00 -1.065814e-14 1.065814e-14 2.131628e-14 -3.108624e-15 -1.776357e-15 8.881784e-16 -1.332268e-15 -8.881784e-16 1.332268e-15 0.000000e+00 2.664535e-15 -3.552714e-15 7.105427e-15 -8.881784e-16 -8.881784e-16 -4.440892e-16 -8.881784e-16 0.000000e+00
