tests/data/reference/test_sheet/control/massbalance.asc
ncols	123
nrows	77
xllcorner	-713746.79929998
yllcorner	-1061022.36961616
cellsize	10.0
NODATA_value	-9999
[rows 23 to 45 of 77, columns 51 to 101 of 123]
-2.220446e-16 4.440892e-16 8.881784e-16 0.000000e+00 -4.440892e-16 -8.881784e-16 -1.776357e-15 0.000000e+00 8.881784e-16 8.881784e-16 -8.881784e-16 0.000000e+00 0.000000e+00 -2.664535e-15 -4.440892e-16 -1.332268e-15 -8.881784e-16 1.776357e-15 2.664535e-15 -8.881784e-16 0.000000e+00 0.000000e+00 -4.440892e-16 0.000000e+00 -4.440892e-16 -4.440892e-16 4.440892e-16 -7.105427e-15 -1.776357e-15 -5.329071e-15 -1.776357e-15 0.000000e+00 4.440892e-16 -2.220446e-16 -2.220446e-16 -9.999000e+03 -9.999000e+03 -9.999000e+03 -9.999000e+03 -9.999000e+03 -9.999000e+03 -9.999000e+03 -9.999000e+03 -9.999000e+03 -9.999000e+03 -9.999000e+03 -9.999000e+03 -9.999000e+03 -9.999000e+03 -9.999000e+03 -9.999000e+03
4.440892e-16 0.000000e+00 0.000000e+00 -1.776357e-15 -8.881784e-16 8.881784e-16 -8.881784e-16 0.000000e+00 -1.776357e-15 -1.776357e-15 -8.881784e-16 -1.776357e-15 0.000000e+00 8.881784e-16 1.776357e-15 4.440892e-16 8.881784e-16 1.776357e-15 0.000000e+00 -1.332268e-15 8.881784e-16 0.000000e+00 0.000000e+00 -8.881784e-16 -4.440892e-16 4.440892e-16 -1.332268e-15 -6.661338e-16 0.000000e+00 -3.552714e-15 2.664535e-15 -1.776357e-15 -8.881784e-16 -4.440892e-16 0.000000e+00 -6.661338e-16 -9.999000e+03 -9.999000e+03 -9.999000e+03 -9.999000e+03 -9.999000e+03 -9.999000e+03 -9.999000e+03 -9.999000e+03 -9.999000e+03 -9.999000e+03 -9.999000e+03 -9.999000e+03 -9.999000e+03 -9.999000e+03 -9.999000e+03
-2.220446e-16 -1.776357e-15 -1.776357e-15 -8.881784e-16 8.881784e-16 0.000000e+00 0.000000e+00 -1.776357e-15 8.881784e-16 1.776357e-15 -1.776357e-15 0.000000e+00 0.000000e+00 0.000000e+00 -8.881784e-16 -1.776357e-15 -2.664535e-15 7.105427e-15 -1.776357e-15 8.881784e-16 -1.776357e-15 -4.440892e-16 -1.776357e-15 0.000000e+00 4.440892e-16 -8.881784e-16 0.000000e+00 0.000000e+00 -3.552714e-15 -2.220446e-16 6.217249e-15 -5.329071e-15 0.000000e+00 -8.881784e-16 0.000000e+00 4.440892e-16 -2.220446e-16 -2.220446e-16 -6.661338e-16 -9.999000e+03 -9.999000e+03 -9.999000e+03 -9.999000e+03 -9.999000e+03 -9.999000e+03 -9.999000e+03 -9.999000e+03 -9.999000e+03 -9.999000e+03 -9.999000e+03 -9.999000e+03
-2.220446e-16 -4.440892e-16 1.776357e-15 4.440892e-16 -8.881784e-16 -1.776357e-15 -8.881784e-16 0.000000e+00 -8.881784e-16 -1.776357e-15 0.000000e+00 0.000000e+00 -2.664535e-15 0.000000e+00 0.000000e+00 8.881784e-16 0.000000e+00 -3.552714e-15 -2.664535e-15 -4.440892e-16 0.000000e+00 -1.332268e-15 -4.440892e-16 -8.881784e-16 -8.881784e-16 0.000000e+00 -1.332268e-15 -4.440892e-16 0.000000e+00 -8.881784e-16 0.000000e+00 3.552714e-15 -8.881784e-16 4.440892e-16 -8.881784e-16 -8.881784e-16 4.440892e-16 0.000000e+00 -6.661338e-16 4.440892e-16 -6.661338e-16 -9.999000e+03 -9.999000e+03 -9.999000e+03 -9.999000e+03 -9.999000e+03 -9.999000e+03 -9.999000e+03 -9.999000e+03 -9.999000e+03 -9.999000e+03
-4.440892e-16 4.440892e-16 0.000000e+00 0.000000e+00 4.440892e-16 0.000000e+00 0.000000e+00 -8.881784e-16 -1.776357e-15 8.881784e-16 -1.776357e-15 -1.776357e-15 -1.776357e-15 0.000000e+00 -8.881784e-16 -8.881784e-16 8.881784e-16 1.421085e-14 -8.881784e-16 -8.881784e-16 0.000000e+00 0.000000e+00 8.881784e-16 4.440892e-16 -4.440892e-16 -2.220446e-15 8.881784e-16 -4.440892e-16 3.552714e-15 -4.440892e-16 -8.881784e-16 -5.329071e-15 -4.440892e-16 -8.881784e-16 0.000000e+00 0.000000e+00 -1.776357e-15 -2.220446e-16 -6.661338e-16 0.000000e+00 -1.332268e-15 4.440892e-16 -4.505996e-11 -9.999000e+03 -9.999000e+03 -9.999000e+03 -9.999000e+03 -9.999000e+03 -9.999000e+03 -9.999000e+03 -9.999000e+03
4.440892e-16 -8.881784e-16 -8.881784e-16 8.881784e-16 -8.881784e-16 -2.220446e-16 4.440892e-16 0.000000e+00 1.776357e-15 1.776357e-15 0.000000e+00 8.881784e-16 1.776357e-15 0.000000e+00 -2.664535e-15 8.881784e-16 0.000000e+00 -1.776357e-14 8.881784e-16 -8.881784e-16 -8.881784e-16 -4.440892e-16 8.881784e-16 -3.108624e-15 0.000000e+00 1.776357e-15 -4.440892e-16 -4.440892e-16 -5.329071e-15 0.000000e+00 8.881784e-16 0.000000e+00 -4.440892e-16 8.881784e-16 -1.776357e-15 0.000000e+00 1.332268e-15 0.000000e+00 -4.440892e-16 0.000000e+00 -4.440892e-16 -8.881784e-16 1.493419e-10 -5.459655e-11 1.357452e-10 -9.999000e+03 -9.999000e+03 -9.999000e+03 -9.999000e+03 -9.999000e+03 -9.999000e+03
-8.881784e-16 -8.881784e-16 0.000000e+00 -8.881784e-16 1.776357e-15 -2.220446e-16 0.000000e+00 8.881784e-16 -2.664535e-15 -1.776357e-15 -8.881784e-16 -1.776357e-15 0.000000e+00 0.000000e+00 8.881784e-16 8.881784e-16 0.000000e+00 -2.664535e-15 1.421085e-14 8.881784e-16 -1.776357e-15 0.000000e+00 -3.552714e-15 1.332268e-15 0.000000e+00 -1.776357e-15 -8.881784e-16 0.000000e+00 0.000000e+00 -1.776357e-15 -1.776357e-15 1.776357e-15 0.000000e+00 8.881784e-16 1.776357e-15 4.440892e-16 0.000000e+00 0.000000e+00 -4.440892e-16 0.000000e+00 -2.220446e-16 -8.990586e-11 4.440892e-15 0.000000e+00 4.440892e-16 2.104696e-10 -9.999000e+03 -9.999000e+03 -9.999000e+03 -9.999000e+03 -9.999000e+03
-1.776357e-15 4.440892e-16 0.000000e+00 -1.776357e-15 -1.776357e-15 -4.440892e-16 -4.440892e-16 0.000000e+00 8.881784e-16 8.881784e-16 8.881784e-16 0.000000e+00 1.776357e-15 0.000000e+00 -8.881784e-16 -1.776357e-15 -8.881784e-16 -1.776357e-15 8.881784e-16 0.000000e+00 -8.881784e-16 -2.664535e-15 2.664535e-15 -8.881784e-16 -1.776357e-15 -4.440892e-16 -8.881784e-16 -2.220446e-15 8.881784e-15 0.000000e+00 8.881784e-16 1.776357e-15 -4.440892e-16 -8.881784e-16 -3.552714e-15 0.000000e+00 -6.661338e-16 -4.440892e-16 -8.881784e-16 0.000000e+00 3.559819e-12 -2.664535e-15 0.000000e+00 -8.881784e-16 -1.332268e-15 4.440892e-16 -2.491851e-11 -9.999000e+03 -9.999000e+03 -9.999000e+03 -9.999000e+03
2.220446e-15 0.000000e+00 -2.664535e-15 8.881784e-16 8.881784e-16 0.000000e+00 0.000000e+00 -2.220446e-16 -4.440892e-16 -1.776357e-15 -1.776357e-15 -8.881784e-16 0.000000e+00 -8.881784e-16 0.000000e+00 0.000000e+00 0.000000e+00 -2.664535e-15 -1.776357e-15 -1.421085e-14 -8.881784e-16 8.881784e-16 0.000000e+00 -8.881784e-16 8.881784e-16 0.000000e+00 -8.881784e-16 8.881784e-16 -1.776357e-15 0.000000e+00 0.000000e+00 1.776357e-15 8.881784e-16 -3.552714e-15 -4.440892e-16 0.000000e+00 -2.220446e-16 0.000000e+00 2.220446e-16 2.420908e-11 -8.881784e-16 -2.664535e-15 -4.440892e-15 0.000000e+00 -8.881784e-16 -8.881784e-16 -2.220446e-16 -4.440892e-16 -9.999000e+03 -9.999000e+03 -9.999000e+03
-8.881784e-16 0.000000e+00 8.881784e-16 8.881784e-16 -1.776357e-15 2.220446e-16 -4.440892e-16 -8.881784e-16 -4.440892e-16 4.440892e-16 -8.881784e-16 8.881784e-16 -3.552714e-15 -1.776357e-15 0.000000e+00 0.000000e+00 8.881784e-16 1.776357e-15 0.000000e+00 1.065814e-14 8.881784e-16 0.000000e+00 -1.776357e-15 -8.881784e-16 -3.552714e-15 -8.881784e-16 0.000000e+00 1.776357e-15 -1.776357e-15 4.440892e-16 4.440892e-16 -1.776357e-15 -5.329071e-15 0.000000e+00 -8.881784e-16 4.440892e-16 -4.440892e-16 -2.220446e-16 0.000000e+00 8.881784e-16 -2.664535e-15 8.881784e-16 1.776357e-15 0.000000e+00 -2.220446e-16 0.000000e+00 -4.440892e-16 -4.440892e-16 -2.220446e-16 1.802249e-10 -9.999000e+03
1.776357e-15 0.000000e+00 -8.881784e-16 0.000000e+00 -2.664535e-15 8.881784e-16 -4.440892e-16 -1.776357e-15 -8.881784e-16 -1.332268e-15 -3.552714e-15 -8.881784e-16 0.000000e+00 0.000000e+00 0.000000e+00 8.881784e-16 2.664535e-15 -8.881784e-16 -8.881784e-16 -8.881784e-16 3.552714e-15 -8.881784e-16 0.000000e+00 8.881784e-16 0.000000e+00 8.881784e-16 0.000000e+00 -8.881784e-16 -2.664535e-15 -8.881784e-16 -8.881784e-16 -1.421085e-14 0.000000e+00 0.000000e+00 -8.881784e-16 -2.220446e-16 2.772360e-11 -4.440892e-16 -8.881784e-16 -8.881784e-16 1.776357e-15 1.776357e-15 0.000000e+00 -6.661338e-16 -4.440892e-16 -8.881784e-16 0.000000e+00 -4.440892e-16 4.440892e-16 -2.220446e-16 -1.159053e-10
3.121144e-08 2.283386e-08 1.019413e-08 8.881784e-16 8.881784e-16 1.776357e-15 -8.881784e-16 0.000000e+00 1.332268e-15 8.881784e-16 0.000000e+00 1.776357e-15 8.881784e-16 -1.776357e-15 0.000000e+00 8.881784e-16 -8.881784e-16 -3.552714e-15 -1.776357e-15 -1.776357e-15 -7.105427e-15 -1.776357e-15 0.000000e+00 -8.881784e-16 8.881784e-16 0.000000e+00 -8.881784e-16 8.881784e-16 1.776357e-15 -2.664535e-15 0.000000e+00 1.421085e-14 4.440892e-16 0.000000e+00 -1.110223e-15 -1.828382e-11 -8.881784e-16 -4.440892e-16 -4.440892e-16 8.881784e-16 0.000000e+00 0.000000e+00 4.440892e-16 -2.220446e-16 4.440892e-16 -8.881784e-16 -1.776357e-15 0.000000e+00 0.000000e+00 -2.220446e-16 -8.881784e-16
-8.881784e-16 0.000000e+00 1.776357e-15 -4.885911e-08 -3.552714e-15 -1.776357e-15 -2.664535e-15 -8.881784e-16 -8.881784e-16 8.881784e-16 -8.881784e-16 0.000000e+00 -8.881784e-16 -8.881784e-16 0.000000e+00 1.776357e-15 -1.776357e-15 0.000000e+00 0.000000e+00 -1.776357e-15 0.000000e+00 -2.131628e-14 -8.881784e-16 8.881784e-16 0.000000e+00 -1.776357e-15 0.000000e+00 -8.881784e-16 8.881784e-16 1.776357e-15 -8.881784e-16 -2.131628e-14 4.440892e-16 -8.881784e-16 -2.834488e-11 -4.440892e-16 -1.776357e-15 0.000000e+00 -4.440892e-16 3.552714e-15 -8.881784e-16 0.000000e+00 8.881784e-16 -8.881784e-16 -2.220446e-16 4.440892e-16 -1.776357e-15 -4.440892e-16 -8.881784e-16 -4.440892e-16 -8.881784e-16
4.440892e-16 -2.220446e-16 0.000000e+00 4.440892e-16 3.376877e-08 3.765157e-08 6.170836e-09 1.965989e-08 8.881784e-16 1.776357e-15 -1.776357e-15 -1.776357e-15 -2.664535e-15 0.000000e+00 8.881784e-16 5.329071e-15 -1.776357e-15 8.881784e-16 0.000000e+00 1.776357e-15 0.000000e+00 -6.661338e-16 1.421085e-14 8.881784e-16 -1.776357e-15 2.664535e-15 0.000000e+00 0.000000e+00 -8.881784e-16 -2.664535e-15 -8.881784e-16 -1.065814e-14 -2.220446e-16 -1.705525e-11 -2.220446e-16 0.000000e+00 -8.881784e-16 0.000000e+00 4.440892e-16 -2.486900e-14 0.000000e+00 -1.332268e-15 4.440892e-16 0.000000e+00 -6.661338e-16 0.000000e+00 -1.776357e-15 -8.881784e-16 0.000000e+00 -8.881784e-16 -8.881784e-16
-4.440892e-16 -4.440892e-16 0.000000e+00 8.881784e-16 4.440892e-16 -2.664535e-15 -8.881784e-16 1.776357e-15 2.510870e-08 -7.954213e-09 -5.251576e-08 1.920009e-08 1.079057e-07 -2.367571e-08 -1.148801e-07 7.122424e-09 -4.296996e-08 -5.720915e-08 -8.881784e-16 0.000000e+00 -2.664535e-15 -1.776357e-15 0.000000e+00 7.105427e-15 8.881784e-16 -4.440892e-15 8.881784e-16 8.881784e-16 -8.881784e-16 -1.776357e-15 0.000000e+00 7.771561e-15 1.554312e-15 -4.440892e-16 -2.220446e-16 0.000000e+00 8.881784e-16 0.000000e+00 8.881784e-16 1.421085e-14 0.000000e+00 0.000000e+00 -8.881784e-16 -4.440892e-16 -1.776357e-15 1.776357e-15 -4.440892e-16 -4.440892e-16 -4.440892e-16 -4.440892e-16 -8.881784e-16
-4.440892e-16 -8.881784e-16 4.440892e-16 0.000000e+00 -7.105427e-15 1.319691e-10 -4.770513e-10 -3.658904e-09 3.218162e-09 -1.029555e-09 -1.628280e-10 5.139313e-09 1.012253e-08 7.591723e-10 3.537572e-09 -8.593751e-09 1.477673e-08 -1.944758e-08 -1.403180e-08 -7.335754e-08 -8.881784e-16 0.000000e+00 1.776357e-15 4.263256e-14 -8.881784e-16 8.881784e-16 -2.664535e-15 -3.552714e-15 8.881784e-16 8.881784e-16 -1.110223e-15 -2.886580e-15 0.000000e+00 -8.881784e-16 -2.220446e-16 -8.881784e-16 -8.881784e-16 0.000000e+00 -2.131628e-14 -8.881784e-16 0.000000e+00 8.881784e-16 0.000000e+00 -8.881784e-16 8.881784e-16 -4.440892e-16 1.332268e-15 2.220446e-16 0.000000e+00 -8.881784e-16 -8.881784e-16
-1.776357e-15 -8.881784e-16 2.842171e-14 -4.263256e-14 0.000000e+00 -8.881784e-16 8.881784e-16 -8.881784e-16 -1.776357e-15 -8.881784e-16 -3.552714e-15 -8.881784e-16 -1.776357e-15 0.000000e+00 8.881784e-16 8.881784e-16 0.000000e+00 -5.329071e-15 5.329071e-15 0.000000e+00 7.651406e-08 9.059991e-08 1.044616e-07 -8.395290e-09 -4.263256e-14 0.000000e+00 0.000000e+00 -1.776357e-15 -4.440892e-15 2.220446e-16 -1.191003e-11 7.105427e-15 -2.664535e-15 -4.440892e-16 -2.220446e-16 0.000000e+00 0.000000e+00 8.881784e-16 1.065814e-14 8.881784e-16 -2.220446e-15 -8.881784e-16 4.440892e-16 0.000000e+00 -8.881784e-16 -8.881784e-16 -4.440892e-16 -2.220446e-16 -8.881784e-16 0.000000e+00 1.776357e-15
8.881784e-16 7.105427e-15 8.881784e-16 -1.332268e-15 1.776357e-15 -1.776357e-15 -8.881784e-16 2.220446e-15 -1.332268e-15 1.776357e-15 -1.776357e-15 -4.440892e-16 -1.776357e-15 -1.776357e-15 -8.881784e-16 -1.776357e-15 0.000000e+00 0.000000e+00 -1.776357e-15 -8.881784e-15 1.776357e-15 -1.776357e-15 6.661338e-16 5.329071e-15 4.569915e-08 1.421085e-14 2.664535e-15 -8.881784e-16 -6.661338e-16 -1.162004e-11 1.776357e-15 -3.552714e-15 -1.776357e-15 -2.220446e-16 0.000000e+00 -8.881784e-16 -8.881784e-16 -8.881784e-16 -1.776357e-14 0.000000e+00 0.000000e+00 -1.332268e-15 -1.776357e-15 4.440892e-16 -2.220446e-15 -4.440892e-16 0.000000e+00 -8.881784e-16 -4.440892e-16 -8.881784e-16 -8.881784e-16
2.131628e-14 -2.664535e-15 4.440892e-16 0.000000e+00 0.000000e+00 0.000000e+00 -8.881784e-16 0.000000e+00 -1.776357e-15 4.440892e-15 8.881784e-16 -1.332268e-15 8.881784e-16 8.881784e-16 1.776357e-15 -1.776357e-15 -8.881784e-16 1.776357e-15 -8.881784e-16 -1.776357e-15 8.881784e-16 0.000000e+00 -3.552714e-15 -1.110223e-15 1.065814e-14 1.427917e-07 -4.750191e-10 -2.664535e-15 -1.110223e-15 -4.662937e-15 -3.552714e-15 -3.552714e-15 -1.776357e-15 -2.220446e-16 0.000000e+00 -1.776357e-15 0.000000e+00 1.776357e-14 4.440892e-16 0.000000e+00 -3.108624e-15 1.776357e-15 -1.776357e-15 4.440892e-16 -4.440892e-16 -4.440892e-16 -4.440892e-16 -4.440892e-16 -4.440892e-16 -8.881784e-16 8.881784e-16
2.220446e-15 -1.776357e-15 -2.220446e-15 -1.332268e-15 -8.881784e-16 -1.776357e-15 -2.664535e-15 0.000000e+00 -1.776357e-15 -8.881784e-16 1.776357e-15 -8.881784e-16 0.000000e+00 -1.332268e-15 -4.440892e-16 -8.881784e-16 1.776357e-15 -8.881784e-16 1.332268e-15 -4.440892e-16 -8.881784e-16 0.000000e+00 -1.776357e-15 -8.881784e-16 -8.881784e-16 -1.998401e-15 -1.126533e-08 4.256476e-08 -3.268497e-09 5.329071e-15 -2.664535e-15 -1.243450e-14 0.000000e+00 0.000000e+00 -4.440892e-16 8.881784e-16 -1.776357e-15 1.776357e-14 -8.881784e-16 2.664535e-15 -8.881784e-16 0.000000e+00 -8.881784e-16 0.000000e+00 -8.881784e-16 4.440892e-16 -8.881784e-16 -2.220446e-16 0.000000e+00 -4.440892e-16 0.000000e+00
-8.881784e-16 1.776357e-15 -4.440892e-16 0.000000e+00 8.881784e-16 1.776357e-15 0.000000e+00 -1.332268e-15 -8.881784e-16 -1.776357e-15 0.000000e+00 -8.881784e-16 8.881784e-16 2.220446e-15 0.000000e+00 0.000000e+00 -8.881784e-16 -1.776357e-15 -4.440892e-16 0.000000e+00 -8.881784e-16 2.664535e-15 8.881784e-16 -8.881784e-16 1.776357e-15 -8.881784e-16 -5.551115e-15 -1.110223e-16 -3.663736e-15 5.188418e-08 0.000000e+00 3.552714e-15 2.664535e-15 4.440892e-16 -1.776357e-15 -8.881784e-16 -1.776357e-15 -1.776357e-14 -4.440892e-16 0.000000e+00 8.881784e-16 0.000000e+00 0.000000e+00 -1.332268e-15 0.000000e+00 8.881784e-16 0.000000e+00 2.220446e-16 0.000000e+00 -8.881784e-16 -1.776357e-15
-1.332268e-15 8.881784e-16 -2.664535e-15 -1.332268e-15 0.000000e+00 0.000000e+00 0.000000e+00 1.776357e-15 0.000000e+00 -8.881784e-16 -4.440892e-16 -8.881784e-16 -1.776357e-15 -4.440892e-16 -1.776357e-15 -1.776357e-15 -8.881784e-16 -8.881784e-16 4.440892e-16 0.000000e+00 -8.881784e-16 -1.776357e-15 -1.776357e-15 8.881784e-16 0.000000e+00 0.000000e+00 6.661338e-16 -4.203482e-11 1.776357e-15 -2.220446e-16 1.309792e-07 -8.587949e-08 -8.881784e-16 -8.881784e-16 -8.881784e-16 8.881784e-16 8.881784e-16 1.421085e-14 -3.552714e-15 -8.881784e-16 -1.332268e-15 -8.881784e-16 0.000000e+00 -1.332268e-15 -1.332268e-15 -8.881784e-16 -8.881784e-16 -2.220446e-16 0.000000e+00 1.332268e-15 1.776357e-15
-8.881784e-16 0.000000e+00 0.000000e+00 0.000000e+00 -8.881784e-16 4.440892e-16 -8.881784e-16 0.000000e+00 -4.440892e-16 -1.776357e-15 -4.440892e-16 -8.881784e-16 0.000000e+00 -1.065814e-14 4.440892e-16 4.440892e-16 4.440892e-16 -8.881784e-16 -1.776357e-15 4.440892e-16 4.440892e-16 8.881784e-16 -1.776357e-15 -8.881784e-16 -8.881784e-16 -4.440892e-16 -2.442491e-15 1.416156e-11 4.440892e-16 -1.776357e-15 1.776357e-15 -2.220446e-16 -2.819208e-08 8.881784e-16 -8.881784e-16 -8.881784e-16 0.000000e+00 0.000000e+00 -1.332268e-15 0.000000e+00 -8.881784e-16 1.776357e-15 0.000000e+00 -4.440892e-16 0.000000e+00 -4.440892e-16 0.000000e+00 -4.440892e-16 -8.881784e-16 4.440892e-16 -1.776357e-15
