tests/data/reference/test_sheet/control/massbalance.asc
ncols	123
nrows	77
xllcorner	-713746.79929998
yllcorner	-1061022.36961616
cellsize	10.0
NODATA_value	-9999
[rows 23 to 45 of 77, columns 51 to 101 of 123]
-4.440892e-16 0.000000e+00 0.000000e+00 -8.881784e-16 -1.776357e-15 0.000000e+00 8.881784e-16 0.000000e+00 0.000000e+00 8.881784e-16 0.000000e+00 0.000000e+00 -4.440892e-16 0.000000e+00 -1.776357e-15 -8.881784e-16 -8.881784e-16 1.065814e-14 1.776357e-15 0.000000e+00 -8.881784e-16 8.881784e-16 -4.440892e-16 0.000000e+00 -8.881784e-16 -4.440892e-16 -4.440892e-16 3.552714e-15 0.000000e+00 -1.776357e-15 -8.881784e-16 -4.440892e-16 -4.440892e-16 -2.220446e-16 -4.440892e-16 -9.999000e+03 -9.999000e+03 -9.999000e+03 -9.999000e+03 -9.999000e+03 -9.999000e+03 -9.999000e+03 -9.999000e+03 -9.999000e+03 -9.999000e+03 -9.999000e+03 -9.999000e+03 -9.999000e+03 -9.999000e+03 -9.999000e+03 -9.999000e+03
4.440892e-16 -4.440892e-16 -8.881784e-16 0.000000e+00 -8.881784e-16 8.881784e-16 -1.776357e-15 0.000000e+00 0.000000e+00 -8.881784e-16 0.000000e+00 0.000000e+00 0.000000e+00 0.000000e+00 -8.881784e-16 1.332268e-15 8.881784e-16 1.065814e-14 -8.881784e-16 0.000000e+00 0.000000e+00 -4.440892e-16 0.000000e+00 -4.440892e-16 -4.440892e-16 -4.440892e-16 -8.881784e-16 -4.440892e-16 -1.421085e-14 -5.329071e-15 -8.881784e-16 -2.664535e-15 4.440892e-16 -4.440892e-16 -4.440892e-16 -4.440892e-16 -9.999000e+03 -9.999000e+03 -9.999000e+03 -9.999000e+03 -9.999000e+03 -9.999000e+03 -9.999000e+03 -9.999000e+03 -9.999000e+03 -9.999000e+03 -9.999000e+03 -9.999000e+03 -9.999000e+03 -9.999000e+03 -9.999000e+03
-4.440892e-16 -8.881784e-16 -8.881784e-16 -8.881784e-16 -4.440892e-16 8.881784e-16 0.000000e+00 0.000000e+00 -1.776357e-15 8.881784e-16 -2.664535e-15 -1.776357e-15 -1.776357e-15 8.881784e-16 8.881784e-16 -8.881784e-16 -8.881784e-16 1.776357e-15 -3.552714e-15 -8.881784e-16 0.000000e+00 -1.332268e-15 0.000000e+00 8.881784e-16 0.000000e+00 -4.440892e-16 -4.440892e-16 0.000000e+00 3.552714e-15 -4.440892e-16 5.329071e-15 0.000000e+00 8.881784e-16 -4.440892e-16 0.000000e+00 0.000000e+00 -6.661338e-16 0.000000e+00 -2.220446e-16 -9.999000e+03 -9.999000e+03 -9.999000e+03 -9.999000e+03 -9.999000e+03 -9.999000e+03 -9.999000e+03 -9.999000e+03 -9.999000e+03 -9.999000e+03 -9.999000e+03 -9.999000e+03
0.000000e+00 0.000000e+00 1.332268e-15 0.000000e+00 -4.440892e-16 0.000000e+00 -1.776357e-15 -2.664535e-15 0.000000e+00 -8.881784e-16 -1.776357e-15 0.000000e+00 -8.881784e-16 2.664535e-15 8.881784e-16 -1.776357e-15 -1.776357e-15 7.105427e-15 0.000000e+00 -8.881784e-16 -8.881784e-16 -8.881784e-16 -8.881784e-16 -1.332268e-15 -1.332268e-15 -4.440892e-16 -1.776357e-15 -8.881784e-16 8.881784e-15 0.000000e+00 -8.881784e-16 1.776357e-15 -1.332268e-15 0.000000e+00 0.000000e+00 0.000000e+00 8.881784e-16 4.440892e-16 -4.440892e-16 0.000000e+00 -4.440892e-16 -9.999000e+03 -9.999000e+03 -9.999000e+03 -9.999000e+03 -9.999000e+03 -9.999000e+03 -9.999000e+03 -9.999000e+03 -9.999000e+03 -9.999000e+03
-4.440892e-16 -8.881784e-16 -6.661338e-16 -1.332268e-15 8.881784e-16 0.000000e+00 -8.881784e-16 -1.776357e-15 8.881784e-16 -8.881784e-16 -2.664535e-15 -8.881784e-16 8.881784e-16 0.000000e+00 -1.776357e-15 -1.776357e-15 8.881784e-16 -7.105427e-15 0.000000e+00 -1.776357e-15 -8.881784e-16 0.000000e+00 -4.440892e-16 8.881784e-16 -1.776357e-15 -8.881784e-16 0.000000e+00 8.881784e-16 -1.776357e-15 -1.776357e-15 0.000000e+00 -1.776357e-15 0.000000e+00 -4.440892e-16 -8.881784e-16 -4.440892e-16 -1.332268e-15 -4.440892e-16 -6.661338e-16 -4.440892e-16 -1.332268e-15 0.000000e+00 -7.145950e-11 -9.999000e+03 -9.999000e+03 -9.999000e+03 -9.999000e+03 -9.999000e+03 -9.999000e+03 -9.999000e+03 -9.999000e+03
0.000000e+00 0.000000e+00 -8.881784e-16 -1.776357e-15 0.000000e+00 -8.881784e-16 0.000000e+00 -8.881784e-16 8.881784e-16 0.000000e+00 -8.881784e-16 -8.881784e-16 8.881784e-16 -1.776357e-15 -8.881784e-16 0.000000e+00 0.000000e+00 -7.105427e-15 -1.776357e-15 8.881784e-16 0.000000e+00 -8.881784e-16 2.220446e-15 -1.332268e-15 2.664535e-15 1.332268e-15 -8.881784e-16 -4.440892e-16 0.000000e+00 4.440892e-16 8.881784e-16 -3.552714e-15 -8.881784e-16 4.440892e-16 0.000000e+00 4.440892e-16 1.332268e-15 0.000000e+00 4.440892e-16 0.000000e+00 4.440892e-16 -4.440892e-16 -1.512710e-10 9.284018e-11 5.586176e-11 -9.999000e+03 -9.999000e+03 -9.999000e+03 -9.999000e+03 -9.999000e+03 -9.999000e+03
0.000000e+00 -1.332268e-15 4.440892e-16 8.881784e-16 0.000000e+00 -4.440892e-16 0.000000e+00 0.000000e+00 -8.881784e-16 -8.881784e-16 -8.881784e-16 -1.776357e-15 1.776357e-15 -1.776357e-15 -1.776357e-15 -8.881784e-16 -8.881784e-16 -1.776357e-15 1.421085e-14 4.440892e-16 1.776357e-15 -1.776357e-15 -1.776357e-15 1.776357e-15 -2.664535e-15 -2.664535e-15 -8.881784e-16 0.000000e+00 -3.552714e-15 -2.664535e-15 -2.664535e-15 1.776357e-15 0.000000e+00 -4.440892e-16 -4.440892e-16 0.000000e+00 -1.332268e-15 -4.440892e-16 -8.881784e-16 -4.440892e-16 -2.220446e-16 9.187318e-12 -8.881784e-16 4.440892e-16 4.440892e-16 -1.456091e-10 -9.999000e+03 -9.999000e+03 -9.999000e+03 -9.999000e+03 -9.999000e+03
-1.332268e-15 8.881784e-16 0.000000e+00 -2.664535e-15 -1.776357e-15 4.440892e-16 -4.440892e-16 0.000000e+00 0.000000e+00 0.000000e+00 1.776357e-15 -8.881784e-16 0.000000e+00 0.000000e+00 0.000000e+00 -8.881784e-16 0.000000e+00 -1.776357e-15 0.000000e+00 -7.105427e-15 -3.552714e-15 2.664535e-15 0.000000e+00 -3.552714e-15 8.881784e-16 8.881784e-16 -1.776357e-15 -1.776357e-15 -5.329071e-15 0.000000e+00 0.000000e+00 5.329071e-15 4.440892e-16 -1.332268e-15 -1.776357e-15 0.000000e+00 -8.881784e-16 -8.881784e-16 -8.881784e-16 0.000000e+00 -1.385381e-11 -2.664535e-15 4.440892e-15 -8.881784e-16 -1.332268e-15 2.220446e-16 -1.993503e-10 -9.999000e+03 -9.999000e+03 -9.999000e+03 -9.999000e+03
8.881784e-16 -8.881784e-16 -8.881784e-16 0.000000e+00 8.881784e-16 -8.881784e-16 0.000000e+00 -4.440892e-16 4.440892e-16 -8.881784e-16 0.000000e+00 -1.776357e-15 0.000000e+00 8.881784e-16 -1.776357e-15 8.881784e-16 -8.881784e-16 -8.881784e-16 -1.776357e-15 -1.776357e-14 -8.881784e-16 -2.664535e-15 -8.881784e-16 0.000000e+00 -2.664535e-15 -8.881784e-16 -8.881784e-16 0.000000e+00 1.776357e-15 1.776357e-15 0.000000e+00 -8.881784e-15 8.881784e-16 -2.664535e-15 8.881784e-16 4.440892e-16 -2.220446e-16 4.440892e-16 7.771561e-16 -8.021139e-12 3.552714e-15 1.776357e-15 -2.664535e-15 8.881784e-16 -4.440892e-16 4.440892e-16 -4.440892e-16 -4.440892e-16 -9.999000e+03 -9.999000e+03 -9.999000e+03
-1.776357e-15 0.000000e+00 8.881784e-16 1.776357e-15 -1.776357e-15 -4.440892e-16 -8.881784e-16 -1.332268e-15 -4.440892e-16 0.000000e+00 -8.881784e-16 0.000000e+00 -8.881784e-16 -1.776357e-15 -1.776357e-15 -1.776357e-15 -1.776357e-15 -8.881784e-16 0.000000e+00 -7.105427e-15 0.000000e+00 -8.881784e-16 -8.881784e-16 0.000000e+00 -1.776357e-15 -8.881784e-16 1.776357e-15 8.881784e-16 -3.552714e-15 -1.776357e-15 -4.440892e-16 5.329071e-15 1.421085e-14 0.000000e+00 -1.332268e-15 4.440892e-16 -6.661338e-16 -1.443290e-15 -4.440892e-16 -3.552714e-15 -1.776357e-15 -8.881784e-16 -5.329071e-15 -8.881784e-16 2.220446e-16 0.000000e+00 -8.881784e-16 -8.881784e-16 0.000000e+00 -2.107270e-10 -9.999000e+03
8.881784e-16 0.000000e+00 8.881784e-16 -1.776357e-15 -2.664535e-15 -8.881784e-16 0.000000e+00 -1.776357e-15 -1.776357e-15 -1.332268e-15 0.000000e+00 -1.776357e-15 -1.776357e-15 8.881784e-16 0.000000e+00 0.000000e+00 1.776357e-15 -1.776357e-15 0.000000e+00 -2.664535e-15 -7.105427e-15 -8.881784e-16 8.881784e-16 8.881784e-16 -8.881784e-16 0.000000e+00 -8.881784e-16 -8.881784e-16 8.881784e-16 1.776357e-15 -1.776357e-15 -1.776357e-15 -3.552714e-15 -4.440892e-16 -1.776357e-15 -4.440892e-16 3.804823e-11 -8.881784e-16 0.000000e+00 8.881784e-16 -8.881784e-16 1.776357e-15 0.000000e+00 -4.440892e-16 -4.440892e-16 -8.881784e-16 0.000000e+00 -1.332268e-15 8.881784e-16 -4.440892e-16 4.617950e-11
1.253508e-08 -5.703367e-08 -9.562825e-09 -1.776357e-15 8.881784e-16 -1.776357e-15 -1.776357e-15 -4.440892e-16 1.776357e-15 4.440892e-16 0.000000e+00 -8.881784e-16 0.000000e+00 -8.881784e-16 -2.664535e-15 -8.881784e-16 0.000000e+00 -1.776357e-15 0.000000e+00 0.000000e+00 -2.131628e-14 0.000000e+00 -8.881784e-16 -1.776357e-15 1.776357e-15 -8.881784e-16 0.000000e+00 0.000000e+00 -1.776357e-15 -3.552714e-15 0.000000e+00 0.000000e+00 8.881784e-16 0.000000e+00 1.110223e-16 7.984724e-12 -3.108624e-15 -4.440892e-16 -8.881784e-16 -8.881784e-16 -5.329071e-15 4.440892e-16 -4.440892e-16 -4.440892e-16 -4.440892e-16 0.000000e+00 -1.776357e-15 1.332268e-15 -8.881784e-16 -8.881784e-16 0.000000e+00
7.105427e-15 -3.552714e-15 -1.776357e-15 5.474666e-08 1.776357e-15 0.000000e+00 2.664535e-15 0.000000e+00 -4.440892e-16 0.000000e+00 -1.332268e-15 0.000000e+00 -8.881784e-16 -8.881784e-16 0.000000e+00 8.881784e-16 -8.881784e-16 8.881784e-16 0.000000e+00 2.664535e-15 -2.664535e-15 -2.131628e-14 1.776357e-15 8.881784e-16 0.000000e+00 8.881784e-16 -8.881784e-16 -1.776357e-15 8.881784e-16 0.000000e+00 -8.881784e-16 -1.776357e-14 0.000000e+00 -1.110223e-15 -2.780243e-11 -8.881784e-16 -8.881784e-16 -8.881784e-16 0.000000e+00 0.000000e+00 -1.776357e-15 4.440892e-16 0.000000e+00 -8.881784e-16 -4.440892e-16 -4.440892e-16 -8.881784e-16 -4.440892e-16 -8.881784e-16 0.000000e+00 -2.220446e-15
0.000000e+00 -4.440892e-16 -4.440892e-16 -4.440892e-16 2.446689e-08 -7.651551e-09 2.616343e-08 5.496622e-08 8.881784e-16 0.000000e+00 -1.776357e-15 8.881784e-16 -3.996803e-15 1.776357e-15 -1.776357e-15 0.000000e+00 -1.776357e-15 8.881784e-16 8.881784e-16 -2.664535e-15 0.000000e+00 -2.220446e-16 0.000000e+00 -4.440892e-15 0.000000e+00 -8.881784e-16 8.881784e-16 -1.776357e-15 0.000000e+00 -8.881784e-16 -1.776357e-15 -7.105427e-15 -4.440892e-16 -2.058886e-11 -4.440892e-16 4.440892e-16 8.881784e-16 0.000000e+00 -8.881784e-16 -7.105427e-15 -1.332268e-15 -1.776357e-15 8.881784e-16 0.000000e+00 -4.440892e-16 -8.881784e-16 8.881784e-16 0.000000e+00 0.000000e+00 -8.881784e-16 -8.881784e-16
0.000000e+00 -4.440892e-16 -8.881784e-16 8.881784e-16 -8.881784e-16 0.000000e+00 -8.881784e-16 -1.776357e-15 -1.581284e-08 -4.983826e-08 -5.974528e-10 3.776782e-08 2.782352e-08 4.858524e-08 1.003233e-07 7.291240e-08 9.043501e-08 -1.030334e-07 -1.776357e-15 -8.881784e-16 1.776357e-15 8.881784e-16 -4.440892e-16 0.000000e+00 -1.776357e-15 -1.776357e-15 -1.776357e-15 8.881784e-16 0.000000e+00 -8.881784e-16 -8.881784e-16 6.661338e-16 -1.110223e-15 0.000000e+00 -4.440892e-16 0.000000e+00 0.000000e+00 -8.881784e-16 1.776357e-15 7.105427e-15 4.440892e-16 -8.881784e-16 0.000000e+00 -4.440892e-16 4.440892e-16 -3.552714e-15 -4.440892e-16 -8.881784e-16 0.000000e+00 0.000000e+00 -8.881784e-16
-8.881784e-16 -8.881784e-16 4.440892e-16 -8.881784e-16 2.131628e-14 2.069811e-11 -6.019008e-10 -6.885870e-10 2.228077e-09 -5.133948e-09 -2.023178e-09 1.960835e-09 1.231273e-08 -1.248885e-08 1.347530e-09 1.106070e-08 -2.436084e-08 -1.703124e-08 1.030867e-07 7.828976e-08 8.881784e-16 -8.881784e-16 -1.776357e-15 2.842171e-14 8.881784e-16 0.000000e+00 1.776357e-15 -8.881784e-16 -1.776357e-15 -8.881784e-16 -2.220446e-16 1.132427e-14 -8.881784e-16 -1.332268e-15 -4.440892e-16 -1.776357e-15 0.000000e+00 0.000000e+00 -3.552714e-15 -4.440892e-16 8.881784e-16 -8.881784e-16 0.000000e+00 -2.220446e-15 -1.776357e-15 0.000000e+00 8.881784e-16 0.000000e+00 -8.881784e-16 -4.440892e-16 -8.881784e-16
0.000000e+00 -1.776357e-15 2.842171e-14 2.131628e-14 -1.332268e-15 -4.440892e-16 4.440892e-16 -8.881784e-16 -1.332268e-15 0.000000e+00 -1.776357e-15 0.000000e+00 8.881784e-16 -1.776357e-15 1.776357e-15 0.000000e+00 -8.881784e-16 -2.664535e-15 -1.065814e-14 1.776357e-15 4.757922e-08 1.034890e-07 7.997545e-08 8.940759e-08 7.105427e-14 8.881784e-16 -1.776357e-15 -8.881784e-16 0.000000e+00 -1.554312e-15 -1.600053e-12 -1.065814e-14 -2.664535e-15 0.000000e+00 -4.440892e-16 0.000000e+00 0.000000e+00 2.220446e-15 -1.776357e-14 -4.440892e-16 0.000000e+00 -8.881784e-16 4.440892e-16 -1.776357e-15 -8.881784e-16 0.000000e+00 0.000000e+00 -4.440892e-16 0.000000e+00 -1.332268e-15 -8.881784e-16
-4.440892e-16 -7.105427e-14 -4.440892e-16 0.000000e+00 -1.776357e-15 4.440892e-16 1.332268e-15 0.000000e+00 -1.776357e-15 8.881784e-16 -2.664535e-15 0.000000e+00 -8.881784e-16 -8.881784e-16 -8.881784e-16 -8.881784e-16 -8.881784e-16 1.776357e-15 -8.881784e-16 -1.776357e-15 3.552714e-15 -1.776357e-15 -2.886580e-15 1.776357e-15 -1.036051e-07 -4.263256e-14 8.881784e-16 -1.776357e-15 -6.661338e-16 2.275069e-11 1.776357e-15 3.552714e-15 -8.881784e-16 -4.440892e-16 0.000000e+00 -8.881784e-16 -8.881784e-16 -3.108624e-15 1.421085e-14 -4.440892e-16 0.000000e+00 -8.881784e-16 -1.776357e-15 0.000000e+00 -4.440892e-16 -8.881784e-16 -4.440892e-16 -1.332268e-15 -4.440892e-16 0.000000e+00 -1.776357e-15
2.842171e-14 8.881784e-16 -4.440892e-16 -1.776357e-15 -1.776357e-15 0.000000e+00 8.881784e-16 4.440892e-16 -2.664535e-15 4.440892e-16 0.000000e+00 8.881784e-16 -8.881784e-16 0.000000e+00 -4.440892e-16 -8.881784e-16 -8.881784e-16 5.329071e-15 -1.776357e-15 1.776357e-15 0.000000e+00 -8.881784e-16 0.000000e+00 2.442491e-15 8.881784e-15 2.165470e-07 -1.530040e-09 8.881784e-16 6.661338e-16 2.442491e-15 -1.776357e-15 7.105427e-15 -2.664535e-15 -4.440892e-16 -4.440892e-16 -1.776357e-15 -8.881784e-16 1.065814e-14 0.000000e+00 -4.440892e-16 -1.776357e-15 0.000000e+00 -8.881784e-16 1.332268e-15 -1.332268e-15 -4.440892e-16 -8.881784e-16 -8.881784e-16 -4.440892e-16 4.440892e-16 -8.881784e-16
-1.776357e-15 -2.664535e-15 4.440892e-16 0.000000e+00 -1.776357e-15 -3.552714e-15 0.000000e+00 -8.881784e-16 -8.881784e-16 2.220446e-15 -8.881784e-16 8.881784e-16 -4.440892e-16 0.000000e+00 -8.881784e-16 -1.332268e-15 -1.776357e-15 8.881784e-16 -1.776357e-15 8.881784e-16 -4.440892e-16 0.000000e+00 -4.440892e-16 -8.881784e-16 8.881784e-16 5.995204e-15 1.340074e-07 -8.594249e-08 -1.716995e-08 -5.329071e-15 -2.664535e-15 -1.065814e-14 5.329071e-15 -8.881784e-16 -1.332268e-15 8.881784e-16 -1.776357e-15 -2.131628e-14 4.440892e-16 -4.440892e-16 0.000000e+00 4.440892e-16 -2.664535e-15 -4.440892e-16 -4.440892e-16 8.881784e-16 0.000000e+00 -6.661338e-16 4.440892e-16 -1.332268e-15 0.000000e+00
8.881784e-16 0.000000e+00 0.000000e+00 -8.881784e-16 -8.881784e-16 -8.881784e-16 1.776357e-15 8.881784e-16 -3.996803e-15 -1.776357e-15 -1.332268e-15 -8.881784e-16 8.881784e-16 -1.332268e-15 0.000000e+00 -7.105427e-15 -1.332268e-15 8.881784e-16 -4.440892e-16 -4.440892e-16 -8.881784e-16 8.881784e-16 -8.881784e-16 -4.440892e-16 0.000000e+00 8.881784e-16 3.330669e-15 -8.215650e-15 4.218847e-15 1.479346e-07 -1.776357e-15 -3.552714e-15 3.552714e-15 4.440892e-16 0.000000e+00 -8.881784e-16 -1.776357e-15 1.421085e-14 1.332268e-15 1.776357e-15 -8.881784e-16 0.000000e+00 4.440892e-16 -8.881784e-16 -1.776357e-15 -8.881784e-16 -8.881784e-16 -2.220446e-16 -8.881784e-16 4.440892e-16 -1.776357e-15
-8.881784e-16 -8.881784e-16 -4.440892e-16 0.000000e+00 -4.440892e-16 -1.332268e-15 0.000000e+00 1.776357e-15 -4.440892e-16 -4.440892e-16 -4.440892e-16 -1.332268e-15 2.664535e-15 0.000000e+00 8.881784e-15 -8.881784e-16 8.881784e-16 -1.776357e-15 4.440892e-16 0.000000e+00 -1.776357e-15 -8.881784e-16 -8.881784e-16 4.440892e-16 0.000000e+00 0.000000e+00 -1.110223e-15 -4.670664e-11 5.329071e-15 -6.439294e-15 -5.629799e-08 -1.609691e-07 -5.329071e-15 -8.881784e-16 0.000000e+00 0.000000e+00 0.000000e+00 3.552714e-15 -3.552714e-15 -4.440892e-16 0.000000e+00 -8.881784e-16 0.000000e+00 4.440892e-16 -4.440892e-16 0.000000e+00 -4.440892e-16 -4.440892e-16 4.440892e-16 -1.332268e-15 -8.881784e-16
0.000000e+00 0.000000e+00 -2.664535e-15 0.000000e+00 -2.220446e-15 0.000000e+00 0.000000e+00 0.000000e+00 0.000000e+00 -1.332268e-15 -1.332268e-15 -8.881784e-16 -4.440892e-16 0.000000e+00 -8.881784e-16 -8.881784e-16 0.000000e+00 -8.881784e-16 0.000000e+00 -8.881784e-16 4.440892e-16 -4.440892e-16 -4.440892e-16 -8.881784e-16 -1.776357e-15 -4.440892e-16 -3.663736e-15 1.082245e-12 -1.332268e-15 0.000000e+00 0.000000e+00 6.661338e-16 2.317491e-07 0.000000e+00 4.440892e-16 0.000000e+00 0.000000e+00 3.552714e-15 8.881784e-16 -4.440892e-16 -8.881784e-16 8.881784e-16 -1.332268e-15 -8.881784e-16 -8.881784e-16 4.440892e-16 0.000000e+00 -6.661338e-16 -8.881784e-16 -4.440892e-16 -8.881784e-16
