tests/data/reference/test_stream_rill_mfda_diffusion/cvsur_m3.asc
ncols	123
nrows	77
xllcorner	-713746.79929998
yllcorner	-1061022.36961616
cellsize	10.0
NODATA_value	-9999
[rows 46 to 68 of 77, columns 52 to 103 of 123]
2.275407e+00 2.241510e+00 2.196709e+00 2.150548e+00 2.122373e+00 2.115121e+00 2.114314e+00 2.109911e+00 2.104715e+00 2.100922e+00 2.100492e+00 2.112871e+00 2.144838e+00 2.189463e+00 2.231224e+00 2.257018e+00 2.268687e+00 2.285084e+00 2.320929e+00 2.369891e+00 2.420733e+00 2.473004e+00 2.526346e+00 2.573978e+00 2.617438e+00 0.000000e+00 1.987590e-01 8.341426e-01 1.353602e+00 2.132546e+00 2.429561e+00 0.000000e+00 0.000000e+00 0.000000e+00 8.933872e+00 2.570748e+00 2.561707e+00 2.535814e+00 2.491595e+00 2.432688e+00 2.364264e+00 2.303891e+00 2.241246e+00 2.197670e+00 2.139995e+00 2.108045e+00 2.039100e+00 1.947202e+00 1.659073e+00 1.070739e+00 6.133857e-01 6.191453e-01
2.300820e+00 2.260566e+00 2.204993e+00 2.159586e+00 2.137312e+00 2.127511e+00 2.116690e+00 2.104300e+00 2.091385e+00 2.077595e+00 2.073248e+00 2.093176e+00 2.135413e+00 2.183111e+00 2.218327e+00 2.231663e+00 2.236640e+00 2.257195e+00 2.296217e+00 2.340094e+00 2.385113e+00 2.438454e+00 2.499282e+00 2.557821e+00 2.608974e+00 0.000000e+00 1.986833e-01 8.123588e-01 1.740346e+00 2.111330e+00 2.496387e+00 5.162514e+00 6.578065e-01 0.000000e+00 0.000000e+00 2.562578e+00 2.571876e+00 2.559578e+00 2.520470e+00 2.463418e+00 2.404176e+00 2.343436e+00 2.295808e+00 2.244280e+00 2.208621e+00 2.152743e+00 2.082254e+00 1.879378e+00 1.438803e+00 6.138356e-01 6.178591e-01 1.096110e+00
2.329864e+00 2.283925e+00 2.226087e+00 2.186897e+00 2.168820e+00 2.152587e+00 2.132078e+00 2.109118e+00 2.084942e+00 2.065578e+00 2.067763e+00 2.100575e+00 2.151719e+00 2.197835e+00 2.222690e+00 2.226805e+00 2.231001e+00 2.253217e+00 2.287234e+00 2.323490e+00 2.367734e+00 2.426687e+00 2.492746e+00 2.552880e+00 2.592338e+00 0.000000e+00 1.555364e-01 1.252051e+00 1.688290e+00 2.147690e+00 2.550204e+00 3.007601e+00 5.240514e+00 1.125267e+00 0.000000e+00 2.720794e+00 2.573023e+00 2.572671e+00 2.541574e+00 2.494287e+00 2.438593e+00 2.388185e+00 2.340781e+00 2.304532e+00 2.259035e+00 2.204544e+00 2.063841e+00 1.739586e+00 1.100548e+00 6.223469e-01 6.224985e-01 1.102197e+00
2.347830e+00 2.302364e+00 2.252174e+00 2.224450e+00 2.206514e+00 2.185461e+00 2.156492e+00 2.121755e+00 2.087933e+00 2.072095e+00 2.086826e+00 2.130902e+00 2.183853e+00 2.220948e+00 2.235392e+00 2.236899e+00 2.243022e+00 2.261726e+00 2.288356e+00 2.324091e+00 2.375943e+00 2.439484e+00 2.499841e+00 2.541820e+00 2.552344e+00 0.000000e+00 6.524207e-01 1.171168e+00 1.709191e+00 2.181440e+00 2.509458e+00 7.171342e-01 3.206398e+00 5.211660e+00 0.000000e+00 0.000000e+00 2.569359e+00 2.576731e+00 2.557620e+00 2.518743e+00 2.473287e+00 2.428460e+00 2.393394e+00 2.356322e+00 2.315466e+00 2.220926e+00 1.987107e+00 1.496928e+00 1.120220e+00 6.312394e-01 6.269695e-01 1.106763e+00
2.348053e+00 2.310533e+00 2.282036e+00 2.262142e+00 2.245609e+00 2.220278e+00 2.184591e+00 2.139247e+00 2.104861e+00 2.099223e+00 2.126200e+00 2.174101e+00 2.219418e+00 2.245354e+00 2.253133e+00 2.255191e+00 2.260029e+00 2.272798e+00 2.299543e+00 2.345744e+00 2.407301e+00 2.466690e+00 2.505541e+00 2.515346e+00 2.503264e+00 0.000000e+00 6.540853e-01 1.179108e+00 1.728839e+00 2.111515e+00 2.230830e+00 2.615436e+00 1.303904e+00 3.330606e+00 5.088119e+00 0.000000e+00 2.735753e+00 2.575815e+00 2.567388e+00 2.540119e+00 2.504521e+00 2.472414e+00 2.442456e+00 2.411949e+00 2.350905e+00 2.189794e+00 1.821166e+00 1.524914e+00 1.136752e+00 1.128703e+00 6.322754e-01 6.259621e-01
2.331823e+00 2.319783e+00 2.305177e+00 2.295479e+00 2.278394e+00 2.251460e+00 2.206737e+00 2.160857e+00 2.133977e+00 2.140363e+00 2.174408e+00 2.218436e+00 2.254699e+00 2.270668e+00 2.274905e+00 2.274015e+00 2.273315e+00 2.285576e+00 2.322359e+00 2.381224e+00 2.445958e+00 2.490997e+00 2.501454e+00 2.487564e+00 2.472520e+00 0.000000e+00 6.532586e-01 1.184764e+00 1.627011e+00 1.764663e+00 7.411871e-01 2.625153e+00 2.895561e+00 1.771415e+00 3.373185e+00 0.000000e+00 0.000000e+00 2.755003e+00 2.575070e+00 2.559238e+00 2.537048e+00 2.514420e+00 2.493305e+00 2.454532e+00 2.347397e+00 2.080607e+00 1.854582e+00 1.548357e+00 1.536630e+00 1.138773e+00 1.128720e+00 1.622451e+00
2.323851e+00 2.317530e+00 2.319803e+00 2.316165e+00 2.304655e+00 2.266683e+00 2.222212e+00 2.183214e+00 2.166058e+00 2.180941e+00 2.218518e+00 2.261598e+00 2.286625e+00 2.296998e+00 2.296241e+00 2.289034e+00 2.286246e+00 2.306472e+00 2.354206e+00 2.418682e+00 2.478798e+00 2.505736e+00 2.497341e+00 2.476720e+00 2.476940e+00 0.000000e+00 6.543590e-01 1.189289e+00 1.205432e+00 6.748684e-01 7.484150e-01 1.363846e+00 2.947606e+00 3.108603e+00 2.130110e+00 3.341836e+00 0.000000e+00 2.760554e+00 2.584651e+00 2.578690e+00 2.566393e+00 2.553524e+00 2.532354e+00 2.465863e+00 2.279973e+00 2.114713e+00 1.881218e+00 1.870152e+00 1.552238e+00 1.538258e+00 1.894419e+00 1.131692e+00
2.298811e+00 2.306536e+00 2.319835e+00 2.335741e+00 2.310016e+00 2.271162e+00 2.229917e+00 2.197025e+00 2.186267e+00 2.208489e+00 2.258876e+00 2.293909e+00 2.315053e+00 2.319778e+00 2.314599e+00 2.304622e+00 2.306742e+00 2.335547e+00 2.386924e+00 2.449073e+00 2.501206e+00 2.518064e+00 2.501859e+00 2.492126e+00 1.119660e+00 0.000000e+00 6.566733e-01 6.642790e-01 6.719678e-01 6.796590e-01 1.228585e+00 1.375379e+00 1.885709e+00 3.206376e+00 3.261780e+00 2.398142e+00 0.000000e+00 0.000000e+00 2.787738e+00 2.595611e+00 2.588636e+00 2.577727e+00 2.543264e+00 2.425167e+00 2.313115e+00 2.142769e+00 2.136374e+00 1.889148e+00 1.874720e+00 2.126357e+00 1.542707e+00 1.147944e+00
2.259437e+00 2.276684e+00 2.328560e+00 2.327492e+00 2.301390e+00 2.260883e+00 2.219054e+00 2.189395e+00 2.187416e+00 2.234894e+00 2.277249e+00 2.314910e+00 2.330939e+00 2.334360e+00 2.328142e+00 2.322082e+00 2.331675e+00 2.364642e+00 2.413855e+00 2.469690e+00 2.519292e+00 2.527784e+00 2.518857e+00 6.229364e-01 6.385702e-01 0.000000e+00 6.600121e-01 6.677631e-01 6.752193e-01 1.228838e+00 1.236309e+00 1.677862e+00 1.903916e+00 2.329567e+00 3.405615e+00 3.354844e+00 2.612216e+00 0.000000e+00 2.806127e+00 2.799517e+00 2.602435e+00 2.587191e+00 2.522339e+00 2.457551e+00 2.343093e+00 2.343561e+00 2.156797e+00 2.145046e+00 2.321339e+00 1.879848e+00 1.564164e+00 1.561544e+00
2.192177e+00 2.269249e+00 2.296399e+00 2.298900e+00 2.267391e+00 2.219085e+00 2.176835e+00 2.158249e+00 2.199883e+00 2.233863e+00 2.284283e+00 2.311401e+00 2.329434e+00 2.334548e+00 2.331095e+00 2.332589e+00 2.349616e+00 2.384394e+00 2.429496e+00 2.489287e+00 2.530512e+00 2.543564e+00 6.036897e-01 6.298200e-01 0.000000e+00 0.000000e+00 6.661201e-01 1.204622e+00 1.218850e+00 1.231225e+00 1.687899e+00 1.687618e+00 2.041927e+00 2.359177e+00 2.699006e+00 3.538680e+00 3.406124e+00 0.000000e+00 2.974833e+00 2.813927e+00 2.616559e+00 2.589495e+00 2.562103e+00 2.494415e+00 2.502599e+00 2.366875e+00 2.356961e+00 2.477357e+00 2.150567e+00 1.903516e+00 1.900566e+00 1.078541e+01
2.169309e+00 2.204902e+00 2.239446e+00 2.233016e+00 2.185778e+00 2.132345e+00 2.102608e+00 2.154746e+00 2.176223e+00 2.232877e+00 2.261074e+00 2.285280e+00 2.305499e+00 2.313684e+00 2.315779e+00 2.326136e+00 2.350089e+00 2.385175e+00 2.445138e+00 2.492475e+00 2.535788e+00 2.564854e+00 2.616567e+00 1.104417e+00 0.000000e+00 1.637272e-01 6.700416e-01 1.212554e+00 1.655779e+00 5.891749e+00 8.150967e+00 1.075287e+01 1.327233e+01 1.633013e+01 1.901958e+01 5.309805e+00 3.604553e+00 0.000000e+00 0.000000e+00 2.843214e+00 2.835303e+00 2.641810e+00 2.609265e+00 2.623309e+00 2.529362e+00 2.521829e+00 2.600340e+00 2.362171e+00 2.171701e+00 2.169691e+00 1.010399e+01 1.106069e+01
2.065215e+00 2.114926e+00 2.136346e+00 2.103722e+00 2.045397e+00 2.004822e+00 2.079122e+00 2.095505e+00 2.167104e+00 2.192431e+00 2.212788e+00 2.234417e+00 2.255446e+00 2.267381e+00 2.276510e+00 2.294915e+00 2.322897e+00 2.389062e+00 2.430697e+00 2.478198e+00 2.526168e+00 2.592701e+00 5.088736e+00 5.201057e+00 0.000000e+00 1.646958e-01 8.903878e-01 2.406666e+00 4.183356e+00 6.381157e+00 8.542887e+00 1.105082e+01 1.378524e+01 1.641862e+01 1.971022e+01 2.239351e+01 8.951604e+00 3.624956e+00 0.000000e+00 3.058794e+00 2.909818e+00 2.703654e+00 2.718115e+00 2.654655e+00 2.647320e+00 2.695867e+00 2.527241e+00 2.381617e+00 2.376018e+00 9.373896e+00 1.034556e+01 2.551553e+00
1.934224e+00 1.973438e+00 1.956462e+00 1.902520e+00 1.856244e+00 1.966297e+00 1.976454e+00 2.073867e+00 2.100914e+00 2.119637e+00 2.134514e+00 2.153611e+00 2.175080e+00 2.191699e+00 2.207735e+00 2.230190e+00 2.310272e+00 2.347298e+00 2.390791e+00 2.440123e+00 2.529504e+00 2.591391e+00 2.651629e+00 7.556805e+00 0.000000e+00 1.651857e-01 1.343420e+00 2.483932e+00 4.295708e+00 2.267906e+00 2.476333e+00 2.649727e+00 2.797267e+00 2.924693e+00 3.009361e+00 1.130507e+01 2.522966e+01 1.221817e+01 0.000000e+00 0.000000e+00 2.978494e+00 2.988434e+00 2.753018e+00 2.742895e+00 2.767931e+00 2.651333e+00 2.543068e+00 2.533747e+00 8.600740e+00 9.580759e+00 2.606774e+00 2.529810e+00
1.749105e+00 1.749174e+00 1.698867e+00 1.648042e+00 1.809861e+00 1.816613e+00 1.949342e+00 1.975331e+00 1.995354e+00 2.007853e+00 2.019430e+00 2.037952e+00 2.060937e+00 2.081626e+00 2.100980e+00 2.203174e+00 2.235361e+00 2.274690e+00 2.320366e+00 2.429088e+00 2.496573e+00 2.562077e+00 2.612220e+00 2.644915e+00 0.000000e+00 6.691462e-01 1.213293e+00 1.648860e+00 1.990297e+00 2.254273e+00 2.465746e+00 2.646168e+00 2.808446e+00 2.917478e+00 2.941699e+00 2.352931e+00 3.259797e+00 2.789520e+01 1.446451e+01 0.000000e+00 0.000000e+00 3.019736e+00 3.006393e+00 2.821700e+00 2.741417e+00 2.661587e+00 2.648711e+00 7.788648e+00 8.772044e+00 2.651182e+00 2.577928e+00 2.527763e+00
1.471211e+00 1.437906e+00 1.379863e+00 1.603109e+00 1.605080e+00 1.789721e+00 1.813852e+00 1.831813e+00 1.842173e+00 1.849042e+00 1.861515e+00 1.882318e+00 1.905500e+00 1.925691e+00 2.062250e+00 2.090237e+00 2.124785e+00 2.165499e+00 2.298026e+00 2.366319e+00 2.435785e+00 2.488727e+00 2.520042e+00 2.539859e+00 0.000000e+00 6.712767e-01 1.211075e+00 1.639569e+00 1.976346e+00 2.243231e+00 2.463284e+00 2.664832e+00 2.800991e+00 2.820393e+00 2.026811e+00 2.290791e+00 2.361666e+00 2.356117e+00 3.069612e+01 1.674108e+01 0.000000e+00 0.000000e+00 3.048165e+00 2.799037e+00 2.743012e+00 2.728689e+00 6.939612e+00 7.922929e+00 2.687641e+00 2.619483e+00 2.569505e+00 2.567980e+00
1.090197e+00 1.047437e+00 1.345422e+00 1.332696e+00 1.581657e+00 1.605644e+00 1.623986e+00 1.631728e+00 1.631222e+00 1.636200e+00 1.653908e+00 1.675518e+00 1.692988e+00 1.876111e+00 1.901450e+00 1.932873e+00 1.969141e+00 2.134443e+00 2.200327e+00 2.271096e+00 2.328562e+00 2.360538e+00 2.374010e+00 2.530288e+00 0.000000e+00 6.685940e-01 1.203276e+00 1.627459e+00 1.965986e+00 2.242970e+00 2.493947e+00 2.660607e+00 2.675732e+00 1.640853e+00 1.818022e+00 2.030799e+00 2.165394e+00 2.355946e+00 2.510572e+00 1.104397e+01 1.937925e+01 0.000000e+00 2.988845e+00 2.965058e+00 2.772952e+00 6.055486e+00 7.035137e+00 2.718911e+00 2.659559e+00 2.607760e+00 2.595936e+00 2.630578e+00
6.065298e-01 1.028565e+00 9.976537e-01 1.319197e+00 1.336544e+00 1.354143e+00 1.365583e+00 1.362262e+00 1.355078e+00 1.363561e+00 1.384083e+00 1.399499e+00 1.640572e+00 1.659506e+00 1.687303e+00 1.719744e+00 1.929932e+00 1.993011e+00 2.061121e+00 2.119795e+00 2.158034e+00 2.171313e+00 2.366038e+00 2.374350e+00 0.000000e+00 6.646623e-01 1.195437e+00 1.621148e+00 1.968758e+00 2.285507e+00 2.491247e+00 2.502667e+00 1.189783e+00 1.399595e+00 1.639376e+00 1.661557e+00 2.026630e+00 2.056114e+00 2.342534e+00 3.005326e+00 1.336556e+01 0.000000e+00 0.000000e+00 3.038365e+00 5.129670e+00 6.105627e+00 2.740863e+00 2.692120e+00 2.642826e+00 2.617492e+00 2.645168e+00 2.697253e+00
5.954217e-01 5.778353e-01 9.954993e-01 9.998198e-01 1.009063e+00 1.019703e+00 1.023476e+00 1.013713e+00 1.008419e+00 1.020248e+00 1.034535e+00 1.354709e+00 1.365014e+00 1.384326e+00 1.410395e+00 1.678200e+00 1.734626e+00 1.797884e+00 1.852918e+00 1.892115e+00 1.912217e+00 2.164297e+00 2.162005e+00 2.349797e+00 0.000000e+00 6.612072e-01 1.191573e+00 1.624943e+00 2.021723e+00 2.276425e+00 2.288730e+00 6.549149e-01 9.122834e-01 1.187030e+00 1.197973e+00 1.635404e+00 1.659095e+00 2.019741e+00 2.693824e+00 2.308792e+00 2.447586e+00 1.528751e+01 0.000000e+00 0.000000e+00 8.601123e+00 2.747549e+00 2.711948e+00 2.664449e+00 2.629661e+00 2.645618e+00 2.713260e+00 2.744648e+00
5.804160e-01 5.754962e-01 5.727433e-01 5.739709e-01 5.766184e-01 5.805018e-01 5.794280e-01 5.727014e-01 5.726020e-01 5.801229e-01 1.005430e+00 1.010177e+00 1.019939e+00 1.035001e+00 1.374700e+00 1.420522e+00 1.473010e+00 1.520574e+00 1.555808e+00 1.576746e+00 1.903357e+00 1.901363e+00 2.139801e+00 2.131564e+00 0.000000e+00 6.595987e-01 1.193651e+00 1.686902e+00 1.998095e+00 2.013869e+00 2.016475e+00 6.540188e-01 6.534084e-01 6.558280e-01 1.182587e+00 1.196562e+00 1.630544e+00 2.500881e+00 1.997875e+00 2.026170e+00 2.042616e+00 4.001134e+00 1.639810e+01 0.000000e+00 2.913616e+00 1.071102e+01 2.675848e+00 2.631917e+00 2.635171e+00 2.714274e+00 2.777098e+00 2.751644e+00
5.645920e-01 5.711281e-01 5.754152e-01 5.771331e-01 5.773374e-01 5.757709e-01 5.728849e-01 5.688369e-01 5.668326e-01 5.672909e-01 5.697450e-01 5.735903e-01 5.797451e-01 1.012862e+00 1.041403e+00 1.078593e+00 1.113085e+00 1.140181e+00 1.158238e+00 1.568064e+00 1.569964e+00 1.879014e+00 1.866053e+00 2.097056e+00 0.000000e+00 6.601060e-01 1.267763e+00 1.640146e+00 1.659469e+00 1.668358e+00 1.661169e+00 2.287496e+00 8.938780e-01 6.507083e-01 6.539484e-01 1.178674e+00 2.278645e+00 1.614301e+00 1.642108e+00 1.672289e+00 1.238135e+00 1.317345e+00 4.912673e+00 0.000000e+00 0.000000e+00 5.637203e+00 2.629723e+00 2.622753e+00 2.701464e+00 2.793113e+00 2.796078e+00 2.734480e+00
-9.999000e+03 -9.999000e+03 -9.999000e+03 -9.999000e+03 -9.999000e+03 -9.999000e+03 -9.999000e+03 -9.999000e+03 5.669573e-01 5.570113e-01 5.543296e-01 5.612520e-01 5.716712e-01 5.837349e-01 5.993570e-01 6.169974e-01 6.308745e-01 6.420788e-01 1.152124e+00 1.155435e+00 1.551234e+00 1.537720e+00 1.833045e+00 0.000000e+00 0.000000e+00 7.605914e-01 1.195232e+00 1.211919e+00 1.225866e+00 1.225791e+00 1.217559e+00 2.161971e+00 2.492128e+00 1.359161e+00 6.475014e-01 2.024512e+00 1.165921e+00 1.185035e+00 1.209010e+00 6.821323e-01 6.830206e-01 6.782854e-01 7.368925e-01 5.069476e+00 0.000000e+00 0.000000e+00 8.218072e+00 2.686989e+00 2.797655e+00 2.827561e+00 6.576475e-01 6.603518e-01
-9.999000e+03 -9.999000e+03 -9.999000e+03 -9.999000e+03 -9.999000e+03 -9.999000e+03 -9.999000e+03 -9.999000e+03 -9.999000e+03 -9.999000e+03 -9.999000e+03 5.548122e-01 5.692276e-01 5.878172e-01 6.032260e-01 6.156032e-01 6.273147e-01 6.388561e-01 6.428465e-01 1.144099e+00 1.135476e+00 1.512524e+00 1.510196e+00 0.000000e+00 1.601198e-01 6.578916e-01 6.646702e-01 6.752801e-01 6.792938e-01 6.775826e-01 6.726355e-01 1.654706e+00 2.429807e+00 2.636945e+00 1.727087e+00 6.399224e-01 6.462762e-01 6.600118e-01 6.707334e-01 6.785960e-01 6.827209e-01 6.837654e-01 6.766481e-01 1.347963e+00 5.140025e+00 0.000000e+00 0.000000e+00 7.069760e-01 6.561220e-01 -9.999000e+03 -9.999000e+03 -9.999000e+03
-9.999000e+03 -9.999000e+03 -9.999000e+03 -9.999000e+03 -9.999000e+03 -9.999000e+03 -9.999000e+03 -9.999000e+03 -9.999000e+03 -9.999000e+03 -9.999000e+03 -9.999000e+03 -9.999000e+03 5.958044e-01 6.090919e-01 1.076934e+00 1.099762e+00 1.125866e+00 6.379916e-01 6.338535e-01 1.120631e+00 1.113196e+00 1.121331e+00 0.000000e+00 1.598404e-01 6.550274e-01 6.614977e-01 6.737133e-01 6.801357e-01 6.817826e-01 6.784276e-01 1.067519e+00 2.003868e+00 2.624337e+00 2.727157e+00 6.360164e-01 6.390675e-01 6.495239e-01 6.613299e-01 -9.999000e+03 -9.999000e+03 -9.999000e+03 -9.999000e+03 -9.999000e+03 -9.999000e+03 -9.999000e+03 0.000000e+00 0.000000e+00 -9.999000e+03 -9.999000e+03 -9.999000e+03 -9.999000e+03
