tests/data/reference/test_stream_rill_mfda_diffusion/cvsur_m3.asc
ncols	123
nrows	77
xllcorner	-713746.79929998
yllcorner	-1061022.36961616
cellsize	10.0
NODATA_value	-9999
[rows 23 to 45 of 77, columns 52 to 103 of 123]
2.491447e+00 2.502804e+00 2.526658e+00 2.557990e+00 2.589983e+00 2.622568e+00 2.651681e+00 2.673013e+00 2.664410e+00 2.657834e+00 2.619870e+00 2.627229e+00 2.597868e+00 2.599667e+00 2.547221e+00 2.473730e+00 2.403162e+00 7.672366e+00 6.735560e+00 6.005648e-01 6.055215e-01 1.058517e+00 1.062908e+00 1.391549e+00 1.867566e+00 1.808231e+00 1.893647e+00 1.907979e+00 1.010796e+00 5.741130e-01 5.946680e-01 -9.999000e+03 -9.999000e+03 -9.999000e+03 -9.999000e+03 -9.999000e+03 -9.999000e+03 -9.999000e+03 -9.999000e+03 -9.999000e+03 -9.999000e+03 -9.999000e+03 -9.999000e+03 -9.999000e+03 -9.999000e+03 -9.999000e+03 -9.999000e+03 -9.999000e+03 -9.999000e+03 -9.999000e+03 -9.999000e+03 -9.999000e+03
2.572615e+00 2.578744e+00 2.590360e+00 2.609742e+00 2.634217e+00 2.658353e+00 2.679721e+00 2.694927e+00 2.702931e+00 2.692690e+00 2.682162e+00 2.652003e+00 2.646028e+00 2.611654e+00 2.586193e+00 2.524936e+00 2.446872e+00 2.371306e+00 7.279507e+00 6.374705e+00 1.075549e+00 1.086022e+00 1.435631e+00 1.437435e+00 1.671541e+00 1.954444e+00 1.885953e+00 1.903595e+00 1.918316e+00 1.308615e+00 5.830094e-01 5.958307e-01 5.937123e-01 -9.999000e+03 -9.999000e+03 -9.999000e+03 -9.999000e+03 -9.999000e+03 -9.999000e+03 -9.999000e+03 -9.999000e+03 -9.999000e+03 -9.999000e+03 -9.999000e+03 -9.999000e+03 -9.999000e+03 -9.999000e+03 -9.999000e+03 -9.999000e+03 -9.999000e+03 -9.999000e+03 -9.999000e+03
2.637529e+00 2.647012e+00 2.654872e+00 2.662668e+00 2.673859e+00 2.688046e+00 2.701532e+00 2.712580e+00 2.718992e+00 2.719413e+00 2.707565e+00 2.693265e+00 2.664184e+00 2.642875e+00 2.601422e+00 2.559663e+00 2.494193e+00 2.416101e+00 2.345089e+00 6.836139e+00 5.975383e+00 1.459530e+00 1.471572e+00 1.736412e+00 1.733108e+00 1.891231e+00 2.042318e+00 1.966513e+00 1.942298e+00 1.934425e+00 1.526870e+00 5.753515e-01 5.916165e-01 5.992870e-01 -9.999000e+03 -9.999000e+03 -9.999000e+03 -9.999000e+03 -9.999000e+03 -9.999000e+03 -9.999000e+03 -9.999000e+03 -9.999000e+03 -9.999000e+03 -9.999000e+03 -9.999000e+03 -9.999000e+03 -9.999000e+03 -9.999000e+03 -9.999000e+03 -9.999000e+03 -9.999000e+03
2.674417e+00 2.700680e+00 2.710355e+00 2.714108e+00 2.713481e+00 2.714168e+00 2.718399e+00 2.725324e+00 2.731184e+00 2.732317e+00 2.726703e+00 2.710574e+00 2.689314e+00 2.656415e+00 2.623591e+00 2.577479e+00 2.526706e+00 2.460213e+00 2.388499e+00 2.330495e+00 6.346845e+00 5.538800e+00 1.762647e+00 3.371393e+00 1.970499e+00 6.249440e-01 2.065652e+00 2.131559e+00 2.049881e+00 1.991878e+00 1.948143e+00 1.686012e+00 1.018732e+00 6.015283e-01 6.039076e-01 5.938979e-01 5.725708e-01 -9.999000e+03 -9.999000e+03 -9.999000e+03 -9.999000e+03 -9.999000e+03 -9.999000e+03 -9.999000e+03 -9.999000e+03 -9.999000e+03 -9.999000e+03 -9.999000e+03 -9.999000e+03 -9.999000e+03 -9.999000e+03 -9.999000e+03
2.698952e+00 2.735788e+00 2.751011e+00 2.753612e+00 2.749439e+00 2.741654e+00 2.736153e+00 2.735893e+00 2.738802e+00 2.740094e+00 2.735970e+00 2.723896e+00 2.702808e+00 2.675893e+00 2.638075e+00 2.593821e+00 2.539651e+00 2.483119e+00 2.423395e+00 2.366198e+00 2.326271e+00 5.808761e+00 5.060787e+00 3.659494e+00 3.445872e+00 7.301161e-01 1.119138e+00 2.205688e+00 4.085428e+00 3.939901e+00 6.072014e-01 5.966625e-01 1.810840e+00 1.353676e+00 5.904615e-01 5.892991e-01 5.787469e-01 5.661335e-01 5.592502e-01 -9.999000e+03 -9.999000e+03 -9.999000e+03 -9.999000e+03 -9.999000e+03 -9.999000e+03 -9.999000e+03 -9.999000e+03 -9.999000e+03 -9.999000e+03 -9.999000e+03 -9.999000e+03 -9.999000e+03
2.534623e+00 2.762078e+00 2.779199e+00 2.781225e+00 2.775516e+00 2.766102e+00 2.755200e+00 2.747913e+00 2.745302e+00 2.744749e+00 2.741502e+00 2.731692e+00 2.713859e+00 2.687569e+00 2.652536e+00 2.604313e+00 2.548676e+00 2.491822e+00 2.441248e+00 2.396143e+00 2.357427e+00 2.336442e+00 5.231272e+00 4.552705e+00 3.676548e+00 3.452138e+00 1.191128e+00 3.947088e+00 6.017165e+00 2.006378e+00 1.076998e+00 1.924242e+00 1.609033e+00 1.028816e+00 1.025588e+00 5.838293e-01 5.800326e-01 5.718739e-01 5.652330e-01 5.612544e-01 0.000000e+00 -9.999000e+03 -9.999000e+03 -9.999000e+03 -9.999000e+03 -9.999000e+03 -9.999000e+03 -9.999000e+03 -9.999000e+03 -9.999000e+03 -9.999000e+03 -9.999000e+03
2.553107e+00 2.659292e+00 2.801164e+00 2.802842e+00 2.794977e+00 2.782635e+00 2.769583e+00 2.760090e+00 2.754619e+00 2.750990e+00 2.746825e+00 2.737507e+00 2.720041e+00 2.692698e+00 2.655376e+00 2.609457e+00 2.556523e+00 2.502745e+00 2.454996e+00 2.418552e+00 2.391570e+00 2.371049e+00 2.363871e+00 4.627806e+00 4.030666e+00 3.633773e+00 3.405956e+00 7.018440e+00 5.840910e+00 1.466296e+00 2.037804e+00 1.820027e+00 1.379471e+00 1.363931e+00 1.021344e+00 1.011459e+00 9.994958e-01 5.740799e-01 5.725701e-01 0.000000e+00 0.000000e+00 5.157220e-01 4.952913e-01 -9.999000e+03 -9.999000e+03 -9.999000e+03 -9.999000e+03 -9.999000e+03 -9.999000e+03 -9.999000e+03 -9.999000e+03 -9.999000e+03
2.562513e+00 2.666845e+00 2.735708e+00 2.818544e+00 2.811019e+00 2.796037e+00 2.779505e+00 2.768258e+00 2.762191e+00 2.757051e+00 2.750279e+00 2.739162e+00 2.720048e+00 2.690521e+00 2.652220e+00 2.609345e+00 2.564342e+00 2.519057e+00 2.476654e+00 2.443009e+00 2.422016e+00 2.409915e+00 2.401113e+00 2.400836e+00 4.011243e+00 3.516967e+00 3.544467e+00 9.021073e+00 8.234190e+00 2.152240e+00 2.001259e+00 1.671163e+00 1.642586e+00 1.374205e+00 1.349758e+00 1.326924e+00 5.815294e-01 5.826731e-01 0.000000e+00 0.000000e+00 5.425710e-01 5.190142e-01 5.056686e-01 4.974314e-01 -9.999000e+03 -9.999000e+03 -9.999000e+03 -9.999000e+03 -9.999000e+03 -9.999000e+03 -9.999000e+03 -9.999000e+03
2.555876e+00 2.657125e+00 2.729417e+00 2.774412e+00 2.819991e+00 2.808634e+00 2.791674e+00 2.774652e+00 2.762805e+00 2.754632e+00 2.744966e+00 2.729829e+00 2.708446e+00 2.680348e+00 2.647275e+00 2.611261e+00 2.574662e+00 2.539840e+00 2.507316e+00 2.477968e+00 2.456661e+00 2.445889e+00 2.441540e+00 2.438949e+00 2.443140e+00 3.408909e+00 6.569318e+00 1.144042e+01 7.341540e+00 2.157407e+00 1.917785e+00 1.880486e+00 1.670143e+00 1.634000e+00 1.596530e+00 1.033151e+00 5.965092e-01 0.000000e+00 0.000000e+00 9.694477e-01 9.262766e-01 5.333487e-01 5.035827e-01 4.891592e-01 4.949799e-01 -9.999000e+03 -9.999000e+03 -9.999000e+03 -9.999000e+03 -9.999000e+03 -9.999000e+03 -9.999000e+03
2.794519e+00 2.617849e+00 2.694309e+00 2.748056e+00 2.780046e+00 2.806403e+00 2.797277e+00 2.780922e+00 2.761612e+00 2.746415e+00 2.733675e+00 2.716927e+00 2.694778e+00 2.669187e+00 2.641679e+00 2.614224e+00 2.586630e+00 2.560623e+00 2.537033e+00 2.515574e+00 2.496931e+00 2.484088e+00 2.479252e+00 2.479707e+00 2.481872e+00 2.488730e+00 9.978446e+00 1.339931e+01 6.152733e+00 2.115508e+00 2.077942e+00 1.916141e+00 1.872235e+00 1.826853e+00 1.402427e+00 1.061677e+00 0.000000e+00 0.000000e+00 1.315189e+00 1.259919e+00 9.587473e-01 9.091963e-01 5.310089e-01 5.106227e-01 5.136131e-01 5.233583e-01 -9.999000e+03 -9.999000e+03 -9.999000e+03 -9.999000e+03 -9.999000e+03 -9.999000e+03
4.520682e+00 2.697836e+00 2.613272e+00 2.677371e+00 2.724744e+00 2.755207e+00 2.776249e+00 2.773026e+00 2.760499e+00 2.742920e+00 2.727322e+00 2.712306e+00 2.692895e+00 2.668515e+00 2.642498e+00 2.618165e+00 2.596776e+00 2.576784e+00 2.557955e+00 2.541418e+00 2.529307e+00 2.520551e+00 2.516170e+00 2.517527e+00 2.521846e+00 2.525162e+00 1.543992e+01 1.551639e+01 2.260679e+00 2.226152e+00 2.106741e+00 2.063244e+00 2.015055e+00 1.702551e+00 0.000000e+00 0.000000e+00 0.000000e+00 1.599803e+00 1.538008e+00 1.305526e+00 1.247350e+00 9.625020e-01 9.278042e-01 5.493234e-01 5.350106e-01 5.216242e-01 5.110949e-01 5.105878e-01 -9.999000e+03 -9.999000e+03 -9.999000e+03 -9.999000e+03
4.027164e+01 4.550723e+01 2.784109e+00 2.753198e+00 2.625573e+00 2.677654e+00 2.714771e+00 2.739494e+00 2.746466e+00 2.742180e+00 2.729935e+00 2.717144e+00 2.702910e+00 2.682665e+00 2.657072e+00 2.630862e+00 2.607774e+00 2.588774e+00 2.570744e+00 2.745354e+00 2.541602e+00 2.538047e+00 2.540305e+00 2.545524e+00 2.551754e+00 2.554997e+00 1.738360e+01 1.652718e+01 2.326869e+00 2.241161e+00 2.205257e+00 2.164978e+00 1.940109e+00 0.000000e+00 0.000000e+00 6.220875e-01 1.832509e+00 1.770517e+00 1.591636e+00 1.530152e+00 1.313358e+00 1.271876e+00 9.860355e-01 9.552365e-01 5.536323e-01 5.386029e-01 5.285433e-01 5.301396e-01 5.312975e-01 -9.999000e+03 -9.999000e+03 -9.999000e+03
4.298090e+01 4.096879e+01 4.356105e+01 2.827457e+00 2.840871e+00 2.771099e+00 2.836174e+00 2.883592e+00 2.917193e+00 2.934628e+00 2.938891e+00 2.933543e+00 2.924732e+00 2.911272e+00 2.889571e+00 2.860033e+00 2.827719e+00 2.797961e+00 2.771311e+00 2.744653e+00 2.872708e+00 2.712747e+00 2.720273e+00 2.734853e+00 2.558466e+00 2.781331e+00 1.842489e+01 1.875141e+01 2.322684e+00 2.298041e+00 2.272080e+00 2.124139e+00 0.000000e+00 0.000000e+00 1.107009e+00 2.016832e+00 1.960058e+00 1.825613e+00 1.766927e+00 1.602528e+00 1.556079e+00 1.336564e+00 1.295034e+00 9.856538e-01 9.583705e-01 9.416019e-01 5.615902e-01 5.602355e-01 5.557729e-01 5.460128e-01 5.299238e-01 -9.999000e+03
2.414122e+00 1.243541e+01 4.045842e+01 4.163816e+01 2.849295e+00 2.907779e+00 2.887038e+00 2.959094e+00 3.013693e+00 3.054094e+00 3.079978e+00 3.092485e+00 3.092251e+00 3.084316e+00 3.068584e+00 3.041190e+00 3.003867e+00 2.963491e+00 2.924650e+00 2.887778e+00 2.854588e+00 2.952590e+00 2.834685e+00 2.851875e+00 2.869759e+00 2.061048e+01 2.073691e+01 2.353691e+00 2.345979e+00 2.338313e+00 2.252585e+00 0.000000e+00 0.000000e+00 1.492349e+00 2.161689e+00 2.110907e+00 2.011276e+00 1.959737e+00 1.837373e+00 1.791508e+00 1.622477e+00 1.572254e+00 1.332090e+00 1.293408e+00 1.266114e+00 9.853545e-01 9.825913e-01 5.709145e-01 5.678186e-01 5.634614e-01 5.568117e-01 5.496736e-01
1.322535e+01 1.235419e+01 1.415811e+01 5.195095e+01 5.596184e+01 5.477204e+01 5.875434e+01 3.770421e+01 4.433858e+01 4.071302e+01 4.737365e+01 4.400369e+01 5.014062e+01 4.721162e+01 5.274933e+01 5.004877e+01 4.870304e+01 3.060336e+00 3.026240e+00 2.990467e+00 2.958047e+00 2.932763e+00 3.009559e+00 2.919381e+00 3.904889e+00 2.313044e+01 2.147820e+01 2.351794e+00 2.368743e+00 2.335341e+00 0.000000e+00 0.000000e+00 1.800766e+00 2.276938e+00 2.232497e+00 2.158154e+00 2.112680e+00 2.022310e+00 1.980181e+00 1.853120e+00 1.800323e+00 1.612374e+00 1.565441e+00 1.527476e+00 1.312722e+00 1.297199e+00 9.868751e-01 9.835197e-01 9.827063e-01 5.731697e-01 5.753741e-01 5.709708e-01
1.308801e+01 2.550402e+00 1.271473e+01 1.560969e+01 5.310599e+01 5.709522e+01 5.606101e+01 5.999258e+01 3.926035e+01 4.565709e+01 4.214903e+01 4.856372e+01 4.551437e+01 5.137287e+01 4.857019e+01 5.380307e+01 5.121541e+01 5.517532e+01 5.359511e+01 4.098007e+00 3.002933e+00 2.991181e+00 2.975175e+00 3.024805e+00 2.305612e+01 2.313716e+01 2.501053e+00 1.816085e+00 4.586800e+00 0.000000e+00 0.000000e+00 2.041123e+00 2.370458e+00 2.330289e+00 2.275114e+00 2.235416e+00 2.167211e+00 2.129921e+00 2.036369e+00 1.987286e+00 1.842428e+00 1.789017e+00 1.742089e+00 1.575594e+00 1.546414e+00 1.306662e+00 1.291498e+00 1.286951e+00 9.907783e-01 1.000055e+00 5.777802e-01 5.761496e-01
2.309517e+00 2.307990e+00 2.329603e+00 2.365426e+00 2.406126e+00 2.448125e+00 2.485312e+00 2.518441e+00 2.550974e+00 2.582016e+00 2.608641e+00 2.807507e+00 2.821639e+00 2.832187e+00 2.840200e+00 2.845530e+00 8.442041e+00 5.235976e+01 5.603119e+01 5.453937e+01 5.751828e+01 5.648890e+01 2.977240e+00 2.951354e+00 2.177903e+01 2.239665e+01 3.648703e+00 2.490419e+00 0.000000e+00 0.000000e+00 2.218616e+00 2.443845e+00 2.410784e+00 2.366937e+00 2.333621e+00 2.282207e+00 2.248916e+00 2.181946e+00 2.140108e+00 2.032041e+00 1.978108e+00 1.924077e+00 1.790302e+00 1.748565e+00 1.564838e+00 1.538383e+00 1.520350e+00 1.298966e+00 1.304946e+00 9.931841e-01 9.924014e-01 5.672279e-01
2.263580e+00 2.277069e+00 2.307637e+00 2.338036e+00 2.365374e+00 2.391919e+00 2.419120e+00 2.449084e+00 2.481586e+00 2.513200e+00 2.540586e+00 2.563865e+00 2.586554e+00 2.609714e+00 2.631397e+00 2.829788e+00 2.847770e+00 2.863253e+00 2.868769e+00 5.560862e+01 5.546971e+01 5.861196e+01 5.446630e+01 2.879044e+00 2.840601e+00 2.100964e+01 2.165720e+01 3.490375e+00 0.000000e+00 2.497210e+00 2.491396e+00 2.473988e+00 2.442858e+00 2.413185e+00 2.373528e+00 2.344016e+00 2.296007e+00 2.263457e+00 2.186325e+00 2.137238e+00 2.081829e+00 1.971920e+00 1.918200e+00 1.772332e+00 1.737632e+00 1.711289e+00 1.543832e+00 1.535770e+00 1.303975e+00 1.298687e+00 9.822656e-01 9.838853e-01
2.250398e+00 2.263016e+00 2.278456e+00 2.291908e+00 2.303939e+00 2.318213e+00 2.338154e+00 2.364175e+00 2.394138e+00 2.423820e+00 2.450843e+00 2.478139e+00 2.508137e+00 2.539050e+00 2.568636e+00 2.598654e+00 2.629339e+00 2.657187e+00 2.855750e+00 2.857228e+00 2.857956e+00 0.000000e+00 0.000000e+00 0.000000e+00 2.700819e+00 2.668654e+00 2.017012e+01 0.000000e+00 0.000000e+00 2.675726e+00 5.092832e+00 2.497737e+00 2.481347e+00 2.450921e+00 2.422430e+00 2.385332e+00 2.360288e+00 2.308986e+00 2.269405e+00 2.218563e+00 2.127333e+00 2.065715e+00 1.945919e+00 1.899019e+00 1.864263e+00 1.741414e+00 1.723230e+00 1.550716e+00 1.537917e+00 1.303704e+00 1.300046e+00 9.917030e-01
2.247990e+00 2.245393e+00 2.246115e+00 2.246538e+00 2.245518e+00 2.249136e+00 2.261307e+00 2.282180e+00 2.308152e+00 2.333886e+00 2.359804e+00 2.389085e+00 2.420968e+00 2.453000e+00 2.487223e+00 2.524773e+00 2.562372e+00 2.595349e+00 2.619850e+00 2.635590e+00 2.830694e+00 2.859463e+00 3.035056e+00 0.000000e+00 0.000000e+00 0.000000e+00 1.802444e+00 0.000000e+00 6.305025e-01 5.071505e+00 5.228259e+00 2.700085e+00 2.507684e+00 2.485632e+00 2.456599e+00 2.436760e+00 2.404252e+00 2.375817e+00 2.334187e+00 2.261953e+00 2.198431e+00 2.096113e+00 2.038379e+00 1.991092e+00 1.896323e+00 1.872502e+00 1.747544e+00 1.728158e+00 1.556846e+00 1.546292e+00 1.317593e+00 1.002530e+00
2.243286e+00 2.229719e+00 2.220316e+00 2.208838e+00 2.195847e+00 2.189105e+00 2.195539e+00 2.213024e+00 2.232587e+00 2.252080e+00 2.275585e+00 2.303197e+00 2.331602e+00 2.363589e+00 2.402269e+00 2.444005e+00 2.482248e+00 2.513259e+00 2.537958e+00 2.562517e+00 2.595816e+00 2.818621e+00 2.854200e+00 3.022521e+00 3.021346e+00 0.000000e+00 0.000000e+00 0.000000e+00 1.435590e-01 1.090837e+00 7.634258e+00 7.684574e+00 2.511885e+00 2.497663e+00 2.491124e+00 2.477230e+00 2.460776e+00 2.429893e+00 2.374375e+00 2.317197e+00 2.231032e+00 2.165759e+00 2.106530e+00 2.023268e+00 1.990127e+00 1.899384e+00 1.876111e+00 1.753047e+00 1.737877e+00 1.570433e+00 1.334791e+00 5.875320e-01
2.245107e+00 2.225063e+00 2.205350e+00 2.181524e+00 2.156626e+00 2.144212e+00 2.150679e+00 2.163223e+00 2.172808e+00 2.184969e+00 2.203515e+00 2.224358e+00 2.248947e+00 2.283157e+00 2.325693e+00 2.367036e+00 2.399588e+00 2.423689e+00 2.446958e+00 2.481291e+00 2.529306e+00 2.580445e+00 2.806780e+00 2.832982e+00 3.000211e+00 2.314715e+00 0.000000e+00 0.000000e+00 0.000000e+00 0.000000e+00 7.325835e+00 9.905334e+00 3.888435e+00 2.514073e+00 2.523183e+00 2.522753e+00 2.505610e+00 2.467512e+00 2.420345e+00 2.350376e+00 2.285311e+00 2.219501e+00 2.140784e+00 2.094113e+00 2.021393e+00 1.993362e+00 1.904434e+00 1.884936e+00 1.765033e+00 1.593963e+00 1.038112e+00 5.984014e-01
2.256293e+00 2.229686e+00 2.198308e+00 2.161100e+00 2.129718e+00 2.119816e+00 2.125456e+00 2.129347e+00 2.129897e+00 2.135153e+00 2.144471e+00 2.158247e+00 2.183415e+00 2.222604e+00 2.266728e+00 2.302500e+00 2.325162e+00 2.342351e+00 2.369793e+00 2.415072e+00 2.469069e+00 2.522597e+00 2.570600e+00 2.790575e+00 2.820761e+00 0.000000e+00 0.000000e+00 8.254393e-01 1.351351e+00 0.000000e+00 0.000000e+00 0.000000e+00 1.212405e+01 6.444572e+00 2.562001e+00 2.556712e+00 2.536354e+00 2.506420e+00 2.454335e+00 2.395129e+00 2.329700e+00 2.255319e+00 2.199092e+00 2.132879e+00 2.096963e+00 2.028546e+00 2.002906e+00 1.914406e+00 1.790804e+00 1.388320e+00 6.061590e-01 6.118028e-01
