tests/data/reference/test_stream_rill_mfda_diffusion/mqsur_m3_s.asc
ncols	123
nrows	77
xllcorner	-713746.79929998
yllcorner	-1061022.36961616
cellsize	10.0
NODATA_value	-9999
[rows 23 to 45 of 77, columns 52 to 103 of 123]
6.993631e-03 7.086221e-03 7.132427e-03 7.101293e-03 7.055373e-03 7.025537e-03 6.972146e-03 6.871323e-03 6.788092e-03 6.766225e-03 6.744556e-03 6.701700e-03 6.641469e-03 6.518889e-03 6.282563e-03 5.943867e-03 5.589583e-03 1.239027e-02 1.097654e-02 3.873745e-03 3.935958e-03 5.378510e-03 5.416991e-03 5.592551e-03 5.409862e-03 5.210450e-03 5.075171e-03 4.958635e-03 4.654749e-03 3.550720e-03 3.800400e-03 -9.999000e+03 -9.999000e+03 -9.999000e+03 -9.999000e+03 -9.999000e+03 -9.999000e+03 -9.999000e+03 -9.999000e+03 -9.999000e+03 -9.999000e+03 -9.999000e+03 -9.999000e+03 -9.999000e+03 -9.999000e+03 -9.999000e+03 -9.999000e+03 -9.999000e+03 -9.999000e+03 -9.999000e+03 -9.999000e+03 -9.999000e+03
7.122528e-03 7.192122e-03 7.189894e-03 7.126942e-03 7.055179e-03 7.007779e-03 6.949888e-03 6.856001e-03 6.784126e-03 6.763528e-03 6.745798e-03 6.714258e-03 6.633374e-03 6.466901e-03 6.223029e-03 5.920297e-03 5.616029e-03 5.443204e-03 1.056666e-02 9.250867e-03 5.541024e-03 5.653727e-03 5.995335e-03 5.964694e-03 5.854009e-03 5.578073e-03 5.218556e-03 4.898220e-03 4.665961e-03 4.676345e-03 3.657612e-03 3.814802e-03 3.788582e-03 -9.999000e+03 -9.999000e+03 -9.999000e+03 -9.999000e+03 -9.999000e+03 -9.999000e+03 -9.999000e+03 -9.999000e+03 -9.999000e+03 -9.999000e+03 -9.999000e+03 -9.999000e+03 -9.999000e+03 -9.999000e+03 -9.999000e+03 -9.999000e+03 -9.999000e+03 -9.999000e+03 -9.999000e+03
7.240958e-03 7.280696e-03 7.263812e-03 7.172747e-03 7.045955e-03 6.934652e-03 6.847972e-03 6.792637e-03 6.780746e-03 6.797015e-03 6.792951e-03 6.738558e-03 6.601977e-03 6.388164e-03 6.174691e-03 5.988138e-03 5.820895e-03 5.704474e-03 5.720610e-03 8.953870e-03 7.734332e-03 6.162467e-03 6.221868e-03 6.232358e-03 6.146588e-03 5.985613e-03 5.746420e-03 5.476948e-03 5.208999e-03 4.941664e-03 4.780531e-03 3.565491e-03 3.762736e-03 3.857789e-03 -9.999000e+03 -9.999000e+03 -9.999000e+03 -9.999000e+03 -9.999000e+03 -9.999000e+03 -9.999000e+03 -9.999000e+03 -9.999000e+03 -9.999000e+03 -9.999000e+03 -9.999000e+03 -9.999000e+03 -9.999000e+03 -9.999000e+03 -9.999000e+03 -9.999000e+03 -9.999000e+03
7.362409e-03 7.350924e-03 7.290885e-03 7.162437e-03 6.997655e-03 6.853521e-03 6.768520e-03 6.768116e-03 6.802367e-03 6.834014e-03 6.826438e-03 6.740988e-03 6.583691e-03 6.387246e-03 6.205409e-03 6.064293e-03 5.941788e-03 5.853530e-03 5.868127e-03 5.976209e-03 7.475553e-03 6.351545e-03 6.321468e-03 9.395617e-03 6.302176e-03 4.184351e-03 6.168882e-03 6.026368e-03 5.794790e-03 5.428210e-03 5.023182e-03 4.912370e-03 4.946110e-03 3.885798e-03 3.915647e-03 3.790875e-03 3.532377e-03 -9.999000e+03 -9.999000e+03 -9.999000e+03 -9.999000e+03 -9.999000e+03 -9.999000e+03 -9.999000e+03 -9.999000e+03 -9.999000e+03 -9.999000e+03 -9.999000e+03 -9.999000e+03 -9.999000e+03 -9.999000e+03 -9.999000e+03
7.465768e-03 7.389778e-03 7.247156e-03 7.062965e-03 6.894134e-03 6.795760e-03 6.769910e-03 6.807378e-03 6.847797e-03 6.858061e-03 6.828543e-03 6.738774e-03 6.614905e-03 6.477377e-03 6.313890e-03 6.120249e-03 5.922969e-03 5.796359e-03 5.819279e-03 5.920343e-03 6.024485e-03 6.123192e-03 6.191768e-03 9.573454e-03 7.600079e-03 4.230335e-03 5.983181e-03 6.375032e-03 8.844652e-03 8.309690e-03 3.957157e-03 3.825125e-03 5.170793e-03 5.217214e-03 3.748534e-03 3.734270e-03 3.606170e-03 3.456419e-03 3.376293e-03 -9.999000e+03 -9.999000e+03 -9.999000e+03 -9.999000e+03 -9.999000e+03 -9.999000e+03 -9.999000e+03 -9.999000e+03 -9.999000e+03 -9.999000e+03 -9.999000e+03 -9.999000e+03 -9.999000e+03
7.490291e-03 7.364554e-03 7.174224e-03 6.971548e-03 6.820255e-03 6.761973e-03 6.777505e-03 6.845539e-03 6.901414e-03 6.904487e-03 6.857615e-03 6.761709e-03 6.644591e-03 6.515201e-03 6.337884e-03 6.101870e-03 5.889599e-03 5.787337e-03 5.827450e-03 5.938584e-03 6.033294e-03 6.100288e-03 6.141886e-03 6.190376e-03 7.571200e-03 6.473066e-03 6.093567e-03 9.601054e-03 1.167556e-02 5.958363e-03 5.604049e-03 5.599834e-03 5.345833e-03 4.947344e-03 4.912647e-03 3.667554e-03 3.621643e-03 3.524106e-03 3.445871e-03 3.399505e-03 0.000000e+00 -9.999000e+03 -9.999000e+03 -9.999000e+03 -9.999000e+03 -9.999000e+03 -9.999000e+03 -9.999000e+03 -9.999000e+03 -9.999000e+03 -9.999000e+03 -9.999000e+03
7.414218e-03 7.255301e-03 7.076598e-03 6.925463e-03 6.823433e-03 6.764137e-03 6.763940e-03 6.860850e-03 6.959870e-03 6.981150e-03 6.928987e-03 6.811623e-03 6.649358e-03 6.442774e-03 6.200459e-03 5.977022e-03 5.870216e-03 5.892585e-03 5.998229e-03 6.141098e-03 6.258292e-03 6.309456e-03 6.301698e-03 6.285761e-03 6.329874e-03 6.514822e-03 6.614150e-03 1.321938e-02 1.245236e-02 6.262258e-03 6.063635e-03 5.768246e-03 5.481058e-03 5.284502e-03 4.903470e-03 4.800797e-03 4.710951e-03 3.550325e-03 3.532369e-03 0.000000e+00 0.000000e+00 2.896612e-03 2.687849e-03 -9.999000e+03 -9.999000e+03 -9.999000e+03 -9.999000e+03 -9.999000e+03 -9.999000e+03 -9.999000e+03 -9.999000e+03 -9.999000e+03
7.191177e-03 7.034586e-03 6.916668e-03 6.854055e-03 6.825653e-03 6.797507e-03 6.797795e-03 6.891737e-03 6.979605e-03 6.975082e-03 6.893115e-03 6.740079e-03 6.536921e-03 6.292355e-03 6.073035e-03 5.958599e-03 5.974205e-03 6.101131e-03 6.260974e-03 6.402730e-03 6.500149e-03 6.522615e-03 6.478709e-03 6.425196e-03 6.429723e-03 6.533287e-03 6.653195e-03 1.592900e-02 1.516075e-02 6.410568e-03 6.236860e-03 5.997212e-03 5.753481e-03 5.495804e-03 5.247393e-03 5.057039e-03 3.639702e-03 3.653538e-03 0.000000e+00 0.000000e+00 3.186919e-03 2.931235e-03 2.792575e-03 2.709226e-03 -9.999000e+03 -9.999000e+03 -9.999000e+03 -9.999000e+03 -9.999000e+03 -9.999000e+03 -9.999000e+03 -9.999000e+03
6.763737e-03 6.675640e-03 6.683658e-03 6.735369e-03 6.791808e-03 6.845175e-03 6.895811e-03 6.940384e-03 6.927001e-03 6.825128e-03 6.665517e-03 6.456981e-03 6.249231e-03 6.091821e-03 6.048270e-03 6.115994e-03 6.247356e-03 6.427644e-03 6.589863e-03 6.678889e-03 6.697581e-03 6.651550e-03 6.572071e-03 6.518473e-03 6.531104e-03 6.607927e-03 1.045085e-02 1.867796e-02 1.168153e-02 6.556139e-03 6.466073e-03 6.284497e-03 6.054398e-03 5.815432e-03 5.532600e-03 5.093928e-03 3.823221e-03 0.000000e+00 0.000000e+00 4.572579e-03 4.221469e-03 3.085165e-03 2.771307e-03 2.627231e-03 2.684748e-03 -9.999000e+03 -9.999000e+03 -9.999000e+03 -9.999000e+03 -9.999000e+03 -9.999000e+03 -9.999000e+03
6.091224e-03 6.133495e-03 6.270214e-03 6.429239e-03 6.579146e-03 6.720428e-03 6.837731e-03 6.881942e-03 6.822906e-03 6.690885e-03 6.518433e-03 6.325487e-03 6.180566e-03 6.129607e-03 6.185902e-03 6.332831e-03 6.504494e-03 6.669561e-03 6.775695e-03 6.792377e-03 6.754502e-03 6.679542e-03 6.604260e-03 6.575834e-03 6.607552e-03 6.662200e-03 1.413398e-02 1.991064e-02 9.978110e-03 6.591048e-03 6.560343e-03 6.434251e-03 6.252076e-03 6.061852e-03 5.791185e-03 5.369489e-03 0.000000e+00 0.000000e+00 5.246098e-03 4.952849e-03 4.514394e-03 4.141178e-03 3.059686e-03 2.843523e-03 2.874577e-03 2.977339e-03 -9.999000e+03 -9.999000e+03 -9.999000e+03 -9.999000e+03 -9.999000e+03 -9.999000e+03
5.138425e-03 5.408069e-03 5.653202e-03 5.884248e-03 6.121676e-03 6.347914e-03 6.530902e-03 6.645919e-03 6.687725e-03 6.667319e-03 6.602146e-03 6.525587e-03 6.479146e-03 6.471424e-03 6.505445e-03 6.586398e-03 6.671114e-03 6.723919e-03 6.707293e-03 6.634934e-03 6.586322e-03 6.566318e-03 6.575434e-03 6.616165e-03 6.670643e-03 6.691047e-03 2.224513e-02 2.194338e-02 6.413024e-03 6.421110e-03 6.428243e-03 6.383404e-03 6.278688e-03 6.163385e-03 0.000000e+00 0.000000e+00 0.000000e+00 5.712911e-03 5.486238e-03 5.231672e-03 4.968407e-03 4.586686e-03 4.315426e-03 3.262762e-03 3.103345e-03 2.958877e-03 2.848412e-03 2.843162e-03 -9.999000e+03 -9.999000e+03 -9.999000e+03 -9.999000e+03
2.729093e-02 2.876451e-02 4.971571e-03 5.290799e-03 5.744218e-03 6.041624e-03 6.294629e-03 6.479686e-03 6.621401e-03 6.717002e-03 6.767967e-03 6.802209e-03 6.835609e-03 6.855721e-03 6.856978e-03 6.840801e-03 6.791926e-03 6.700403e-03 6.554442e-03 6.297176e-03 6.285433e-03 6.290260e-03 6.383394e-03 6.506159e-03 6.590959e-03 6.580154e-03 2.378869e-02 2.351973e-02 6.176791e-03 6.200276e-03 6.268114e-03 6.338790e-03 6.304385e-03 0.000000e+00 0.000000e+00 4.147383e-03 6.022532e-03 5.881586e-03 5.708449e-03 5.515170e-03 5.302244e-03 5.103836e-03 4.735464e-03 4.452705e-03 3.311746e-03 3.142877e-03 3.032988e-03 3.050256e-03 3.062821e-03 -9.999000e+03 -9.999000e+03 -9.999000e+03
2.733304e-02 2.732971e-02 2.774083e-02 5.170072e-03 5.475271e-03 5.906968e-03 6.264439e-03 6.514716e-03 6.721161e-03 6.883868e-03 7.007572e-03 7.115623e-03 7.195770e-03 7.228610e-03 7.200538e-03 7.078596e-03 6.863826e-03 6.599451e-03 6.299841e-03 5.991855e-03 5.811335e-03 5.747295e-03 5.896487e-03 6.094851e-03 6.286316e-03 6.242661e-03 2.523939e-02 2.472144e-02 5.931224e-03 6.027285e-03 6.182723e-03 6.359830e-03 0.000000e+00 0.000000e+00 5.816334e-03 6.146107e-03 6.086344e-03 6.013641e-03 5.907002e-03 5.766826e-03 5.588253e-03 5.363364e-03 5.119420e-03 4.689682e-03 4.461494e-03 4.333154e-03 3.403403e-03 3.387692e-03 3.336250e-03 3.225436e-03 3.047918e-03 -9.999000e+03
5.889768e-03 1.022800e-02 2.631912e-02 2.674277e-02 5.520844e-03 5.987017e-03 6.317836e-03 6.470725e-03 6.594919e-03 6.703642e-03 6.805813e-03 6.910813e-03 6.962265e-03 6.947262e-03 6.875806e-03 6.713460e-03 6.482803e-03 6.233659e-03 5.966558e-03 5.699487e-03 5.532613e-03 5.572137e-03 5.699835e-03 5.839618e-03 5.853437e-03 2.680220e-02 2.633810e-02 5.628802e-03 5.791435e-03 5.973272e-03 6.190894e-03 0.000000e+00 0.000000e+00 6.278198e-03 6.241496e-03 6.180831e-03 6.140864e-03 6.104545e-03 6.041338e-03 5.942826e-03 5.775386e-03 5.550631e-03 5.300663e-03 5.058532e-03 4.863512e-03 4.612738e-03 4.587929e-03 3.512739e-03 3.476207e-03 3.425178e-03 3.348182e-03 3.266726e-03
1.133738e-02 1.047665e-02 9.887821e-03 3.270052e-02 3.202355e-02 3.210873e-02 3.124425e-02 2.379821e-02 2.494793e-02 2.641331e-02 2.758066e-02 2.890111e-02 2.982573e-02 3.104249e-02 3.169968e-02 3.256876e-02 2.742188e-02 5.273818e-03 5.343926e-03 5.390674e-03 5.491851e-03 5.677587e-03 5.814477e-03 5.778730e-03 5.579689e-03 2.801736e-02 2.523465e-02 5.528697e-03 5.799438e-03 6.050132e-03 0.000000e+00 0.000000e+00 6.485496e-03 6.382684e-03 6.318181e-03 6.254430e-03 6.190748e-03 6.146443e-03 6.099692e-03 6.034074e-03 5.892856e-03 5.682710e-03 5.471464e-03 5.251226e-03 5.019708e-03 4.833165e-03 4.550450e-03 4.533211e-03 4.560722e-03 3.539493e-03 3.565760e-03 3.513406e-03
1.157174e-02 6.609945e-03 9.513859e-03 1.302003e-02 3.201703e-02 3.130597e-02 3.138456e-02 3.052424e-02 2.479735e-02 2.592301e-02 2.735475e-02 2.840967e-02 2.982280e-02 3.064999e-02 3.172490e-02 3.227117e-02 3.299668e-02 3.246267e-02 3.385145e-02 4.802984e-03 5.062654e-03 5.457063e-03 5.643565e-03 5.533723e-03 2.482115e-02 2.507645e-02 4.288103e-03 3.760274e-03 8.811113e-03 0.000000e+00 0.000000e+00 6.547623e-03 6.543459e-03 6.445744e-03 6.394240e-03 6.323854e-03 6.245213e-03 6.207966e-03 6.185050e-03 6.143049e-03 6.020365e-03 5.820170e-03 5.608876e-03 5.390552e-03 5.161277e-03 4.917389e-03 4.745755e-03 4.693106e-03 4.582387e-03 4.687090e-03 3.594561e-03 3.575029e-03
6.376358e-03 6.468119e-03 6.537684e-03 6.537358e-03 6.681644e-03 6.974205e-03 7.190177e-03 7.272361e-03 7.285464e-03 7.255231e-03 7.189420e-03 7.060291e-03 6.883777e-03 6.650711e-03 6.383973e-03 6.116418e-03 7.838627e-03 3.316488e-02 3.244525e-02 3.381696e-02 3.227362e-02 3.404285e-02 5.121020e-03 4.882095e-03 2.053317e-02 2.289373e-02 5.174283e-03 5.054764e-03 0.000000e+00 0.000000e+00 6.455995e-03 6.597897e-03 6.581937e-03 6.487034e-03 6.449584e-03 6.392143e-03 6.331567e-03 6.324158e-03 6.328369e-03 6.299123e-03 6.184265e-03 5.980764e-03 5.741620e-03 5.513367e-03 5.324424e-03 5.131509e-03 4.923155e-03 4.766568e-03 4.744804e-03 4.574205e-03 4.577959e-03 3.469263e-03
6.101150e-03 6.260231e-03 6.465023e-03 6.620479e-03 6.820978e-03 7.089345e-03 7.312282e-03 7.443320e-03 7.523624e-03 7.568430e-03 7.565819e-03 7.507334e-03 7.406517e-03 7.281282e-03 7.134780e-03 6.938138e-03 6.727695e-03 6.483422e-03 6.122191e-03 3.101342e-02 3.358352e-02 3.201156e-02 3.307439e-02 4.156246e-03 3.939903e-03 1.872050e-02 2.156508e-02 5.077416e-03 0.000000e+00 6.075207e-03 6.416370e-03 6.608640e-03 6.637058e-03 6.567165e-03 6.517556e-03 6.457904e-03 6.422595e-03 6.446315e-03 6.470217e-03 6.441953e-03 6.319725e-03 6.114746e-03 5.864550e-03 5.622105e-03 5.466571e-03 5.324718e-03 5.118676e-03 4.925553e-03 4.808391e-03 4.744984e-03 4.521872e-03 4.532711e-03
5.968040e-03 6.171732e-03 6.346312e-03 6.442817e-03 6.570351e-03 6.794322e-03 7.011587e-03 7.169683e-03 7.307317e-03 7.428133e-03 7.502322e-03 7.522883e-03 7.520539e-03 7.517084e-03 7.493376e-03 7.440538e-03 7.369616e-03 7.274914e-03 7.037728e-03 6.573827e-03 6.267071e-03 0.000000e+00 0.000000e+00 0.000000e+00 3.471195e-03 3.551616e-03 1.759030e-02 0.000000e+00 0.000000e+00 5.664140e-03 9.701553e-03 6.568382e-03 6.726667e-03 6.704660e-03 6.603895e-03 6.508958e-03 6.491449e-03 6.543563e-03 6.586425e-03 6.559832e-03 6.418968e-03 6.203959e-03 5.955029e-03 5.704712e-03 5.554101e-03 5.459824e-03 5.317682e-03 5.158574e-03 5.039338e-03 4.929033e-03 4.859075e-03 4.636094e-03
5.889800e-03 6.063220e-03 6.173017e-03 6.213425e-03 6.282961e-03 6.450912e-03 6.625374e-03 6.757259e-03 6.905129e-03 7.086895e-03 7.241753e-03 7.336363e-03 7.412102e-03 7.493477e-03 7.553475e-03 7.581221e-03 7.607287e-03 7.635112e-03 7.583701e-03 7.386026e-03 7.150196e-03 7.063680e-03 6.912961e-03 0.000000e+00 0.000000e+00 0.000000e+00 1.596973e-03 0.000000e+00 3.478927e-03 7.795259e-03 9.220562e-03 6.265356e-03 6.629088e-03 6.665960e-03 6.608981e-03 6.557609e-03 6.572869e-03 6.630568e-03 6.671091e-03 6.660534e-03 6.527223e-03 6.296389e-03 6.030173e-03 5.767576e-03 5.616046e-03 5.546021e-03 5.457006e-03 5.344211e-03 5.236838e-03 5.130974e-03 5.015225e-03 4.767292e-03
5.738478e-03 5.843419e-03 5.913996e-03 5.946584e-03 5.998142e-03 6.112902e-03 6.218242e-03 6.285580e-03 6.413101e-03 6.635023e-03 6.849219e-03 7.001058e-03 7.132841e-03 7.266617e-03 7.377143e-03 7.458098e-03 7.557373e-03 7.688543e-03 7.776210e-03 7.764305e-03 7.690118e-03 7.665020e-03 7.393454e-03 6.996984e-03 6.489378e-03 0.000000e+00 0.000000e+00 0.000000e+00 6.537992e-04 4.183896e-03 1.079735e-02 1.242323e-02 6.187547e-03 6.347703e-03 6.500703e-03 6.607419e-03 6.676574e-03 6.723995e-03 6.745651e-03 6.746415e-03 6.636277e-03 6.406449e-03 6.114740e-03 5.824411e-03 5.655906e-03 5.576384e-03 5.501266e-03 5.422191e-03 5.348140e-03 5.252059e-03 5.134825e-03 3.712643e-03
5.529010e-03 5.593550e-03 5.663950e-03 5.741822e-03 5.816286e-03 5.894796e-03 5.942280e-03 5.950484e-03 6.026822e-03 6.212425e-03 6.411346e-03 6.582968e-03 6.743104e-03 6.892687e-03 7.015223e-03 7.113547e-03 7.249246e-03 7.442844e-03 7.610109e-03 7.689753e-03 7.715293e-03 7.728287e-03 7.680981e-03 7.224049e-03 6.967307e-03 3.416338e-03 0.000000e+00 0.000000e+00 0.000000e+00 0.000000e+00 1.015327e-02 1.322960e-02 6.454796e-03 6.177772e-03 6.453092e-03 6.622336e-03 6.724557e-03 6.802209e-03 6.842304e-03 6.837754e-03 6.739500e-03 6.531735e-03 6.244097e-03 5.946414e-03 5.757568e-03 5.649120e-03 5.561247e-03 5.484110e-03 5.422518e-03 5.373955e-03 5.108006e-03 3.846750e-03
5.289446e-03 5.322635e-03 5.408318e-03 5.556891e-03 5.677946e-03 5.737313e-03 5.754700e-03 5.739545e-03 5.755227e-03 5.846071e-03 5.983999e-03 6.156139e-03 6.319984e-03 6.447625e-03 6.543957e-03 6.624505e-03 6.771566e-03 7.013088e-03 7.233230e-03 7.353828e-03 7.451638e-03 7.594629e-03 7.598325e-03 7.324275e-03 7.020245e-03 0.000000e+00 0.000000e+00 4.494129e-03 5.841797e-03 0.000000e+00 0.000000e+00 0.000000e+00 1.544071e-02 9.794501e-03 6.504262e-03 6.580334e-03 6.702363e-03 6.861624e-03 6.944082e-03 6.932117e-03 6.843766e-03 6.670767e-03 6.423455e-03 6.156494e-03 5.959577e-03 5.814364e-03 5.684986e-03 5.565809e-03 5.490618e-03 5.500031e-03 3.943997e-03 4.015508e-03
