tests/data/reference/test_stream_rill_mfda_diffusion/mqsur_m3_s.asc
ncols	123
nrows	77
xllcorner	-713746.79929998
yllcorner	-1061022.36961616
cellsize	10.0
NODATA_value	-9999
[rows 23 to 45 of 77, columns 0 to 51 of 123]
-9.999000e+03 -9.999000e+03 -9.999000e+03 -9.999000e+03 -9.999000e+03 -9.999000e+03 -9.999000e+03 -9.999000e+03 -9.999000e+03 -9.999000e+03 -9.999000e+03 -9.999000e+03 -9.999000e+03 -9.999000e+03 -9.999000e+03 -9.999000e+03 2.315348e-03 2.744109e-03 2.471755e-03 8.711343e-04 5.632176e-04 9.975474e-03 7.670409e-04 1.055097e-02 3.350473e-03 7.354416e-03 6.063457e-03 6.078763e-03 1.231000e-02 7.134232e-03 5.663691e-03 5.864580e-03 5.969551e-03 6.003175e-03 6.002698e-03 5.989889e-03 6.021837e-03 6.141223e-03 6.262512e-03 6.330118e-03 6.379406e-03 6.447207e-03 6.552182e-03 1.452250e-02 1.106673e-02 4.318348e-03 4.314610e-03 6.166652e-03 6.715077e-03 6.786888e-03 6.848926e-03 6.911541e-03
-9.999000e+03 -9.999000e+03 -9.999000e+03 -9.999000e+03 -9.999000e+03 -9.999000e+03 -9.999000e+03 -9.999000e+03 -9.999000e+03 -9.999000e+03 -9.999000e+03 -9.999000e+03 -9.999000e+03 -9.999000e+03 -9.999000e+03 1.469224e-03 2.725788e-03 3.093500e-03 1.992464e-03 2.697784e-03 8.893670e-03 8.599547e-03 1.087608e-02 3.428492e-03 7.519916e-03 4.633414e-03 5.849812e-03 5.171610e-03 5.281898e-03 1.066064e-02 5.687677e-03 5.841924e-03 5.931866e-03 5.931574e-03 5.909972e-03 5.931379e-03 6.048412e-03 6.225639e-03 6.339233e-03 6.363741e-03 6.374963e-03 6.408118e-03 6.471721e-03 1.436861e-02 1.381066e-02 4.308744e-03 4.320433e-03 6.181023e-03 6.688268e-03 6.824710e-03 6.908853e-03 7.012864e-03
-9.999000e+03 -9.999000e+03 -9.999000e+03 -9.999000e+03 -9.999000e+03 -9.999000e+03 -9.999000e+03 -9.999000e+03 -9.999000e+03 -9.999000e+03 -9.999000e+03 -9.999000e+03 -9.999000e+03 -9.999000e+03 -9.999000e+03 1.747485e-03 2.823055e-03 2.264972e-03 2.212446e-03 7.101770e-04 1.024945e-02 1.038062e-02 1.008138e-02 7.781886e-03 4.708734e-03 6.000880e-03 5.312931e-03 5.466899e-03 5.492094e-03 5.540934e-03 9.241172e-03 5.675937e-03 5.711328e-03 5.779815e-03 5.738821e-03 5.817642e-03 6.011459e-03 6.215165e-03 6.317907e-03 6.342051e-03 6.369257e-03 6.409030e-03 6.454310e-03 9.538819e-03 1.298610e-02 6.226335e-03 4.347375e-03 6.243645e-03 6.779127e-03 6.946848e-03 7.064979e-03 7.165531e-03
-9.999000e+03 -9.999000e+03 -9.999000e+03 -9.999000e+03 -9.999000e+03 -9.999000e+03 -9.999000e+03 -9.999000e+03 -9.999000e+03 -9.999000e+03 -9.999000e+03 -9.999000e+03 -9.999000e+03 -9.999000e+03 -9.999000e+03 2.329934e-03 2.319687e-03 1.145668e-03 5.653536e-04 9.842700e-03 7.484964e-04 1.042470e-02 7.073736e-03 7.167327e-03 5.962727e-03 4.978864e-03 5.215721e-03 5.292316e-03 5.394079e-03 5.478182e-03 5.534072e-03 7.952738e-03 5.549039e-03 5.412523e-03 5.376307e-03 5.722081e-03 5.968891e-03 6.169143e-03 6.272503e-03 6.314929e-03 6.347913e-03 6.382960e-03 6.420396e-03 6.470196e-03 8.055109e-03 1.148055e-02 6.260790e-03 6.354485e-03 6.911558e-03 7.097739e-03 7.234407e-03 7.326830e-03
-9.999000e+03 -9.999000e+03 -9.999000e+03 -9.999000e+03 -9.999000e+03 -9.999000e+03 -9.999000e+03 -9.999000e+03 -9.999000e+03 -9.999000e+03 -9.999000e+03 -9.999000e+03 -9.999000e+03 -9.999000e+03 -9.999000e+03 -9.999000e+03 1.463758e-03 4.693027e-04 9.044528e-03 6.536909e-04 1.000328e-02 3.176456e-03 9.985666e-03 1.033066e-02 1.577918e-02 4.671366e-03 4.480754e-03 4.579091e-03 4.813837e-03 5.107298e-03 5.316508e-03 5.381282e-03 6.743243e-03 5.134196e-03 5.187795e-03 5.536089e-03 5.871408e-03 6.060346e-03 6.249502e-03 6.313053e-03 6.328102e-03 6.323044e-03 6.339591e-03 6.402970e-03 6.530155e-03 6.826398e-03 1.004702e-02 6.982233e-03 7.079084e-03 7.254554e-03 7.381662e-03 7.459658e-03
-9.999000e+03 -9.999000e+03 -9.999000e+03 -9.999000e+03 -9.999000e+03 -9.999000e+03 -9.999000e+03 -9.999000e+03 -9.999000e+03 -9.999000e+03 -9.999000e+03 -9.999000e+03 -9.999000e+03 -9.999000e+03 -9.999000e+03 -9.999000e+03 -9.999000e+03 8.301591e-03 8.318857e-03 9.250155e-03 3.049806e-03 7.076581e-03 7.194741e-03 1.404018e-02 1.117135e-02 1.638154e-02 1.164068e-02 5.677490e-03 4.259380e-03 4.590879e-03 4.855083e-03 4.939123e-03 4.897029e-03 5.595380e-03 4.964073e-03 5.415520e-03 5.753004e-03 5.861974e-03 5.984123e-03 6.095606e-03 6.268388e-03 6.308679e-03 6.363411e-03 6.457838e-03 6.610704e-03 6.821807e-03 7.043722e-03 8.691050e-03 7.286742e-03 7.387230e-03 7.487981e-03 7.527085e-03
-9.999000e+03 -9.999000e+03 -9.999000e+03 -9.999000e+03 -9.999000e+03 -9.999000e+03 -9.999000e+03 -9.999000e+03 -9.999000e+03 -9.999000e+03 -9.999000e+03 -9.999000e+03 -9.999000e+03 -9.999000e+03 -9.999000e+03 -9.999000e+03 -9.999000e+03 8.302263e-03 2.959258e-03 9.762272e-03 8.607557e-03 7.718187e-03 6.301793e-03 3.854405e-03 4.112608e-03 1.211951e-02 1.698595e-02 1.469328e-02 1.659562e-02 1.679344e-02 5.455156e-03 4.406679e-03 4.463746e-03 4.509938e-03 4.686873e-03 5.105683e-03 5.396113e-03 5.451638e-03 5.576000e-03 5.871012e-03 6.133048e-03 6.310744e-03 6.532354e-03 6.688530e-03 6.842822e-03 7.018225e-03 7.185984e-03 7.303619e-03 7.400311e-03 7.469966e-03 7.534785e-03 7.513442e-03
-9.999000e+03 -9.999000e+03 -9.999000e+03 -9.999000e+03 -9.999000e+03 -9.999000e+03 -9.999000e+03 -9.999000e+03 -9.999000e+03 -9.999000e+03 -9.999000e+03 -9.999000e+03 -9.999000e+03 -9.999000e+03 -9.999000e+03 -9.999000e+03 -9.999000e+03 5.328740e-04 2.771137e-03 4.270699e-03 8.528952e-03 7.368344e-03 3.695087e-03 3.944283e-03 4.194027e-03 4.419563e-03 4.597455e-03 1.282913e-02 1.518195e-02 1.658409e-02 1.686052e-02 1.155594e-02 6.230667e-03 4.113563e-03 4.222907e-03 1.639099e-02 1.805430e-02 1.796964e-02 1.839396e-02 1.862673e-02 1.902522e-02 1.991372e-02 6.057586e-03 6.283740e-03 6.582648e-03 6.871148e-03 7.060745e-03 7.198810e-03 7.316180e-03 7.415820e-03 7.436355e-03 7.343134e-03
-9.999000e+03 -9.999000e+03 -9.999000e+03 -9.999000e+03 -9.999000e+03 -9.999000e+03 -9.999000e+03 -9.999000e+03 -9.999000e+03 -9.999000e+03 -9.999000e+03 -9.999000e+03 -9.999000e+03 -9.999000e+03 -9.999000e+03 -9.999000e+03 -9.999000e+03 2.990647e-03 2.889404e-03 3.544907e-03 3.708612e-03 3.766504e-03 3.913506e-03 4.136425e-03 4.306304e-03 4.409430e-03 4.483243e-03 4.532591e-03 4.680631e-03 4.903506e-03 1.234105e-02 1.686948e-02 1.538056e-02 1.707056e-02 1.644823e-02 1.748090e-02 1.750995e-02 1.797330e-02 1.804683e-02 1.834531e-02 1.881050e-02 1.970204e-02 2.098506e-02 2.233951e-02 2.329166e-02 5.948380e-03 6.322135e-03 6.736692e-03 7.018018e-03 7.167499e-03 7.125238e-03 6.944799e-03
-9.999000e+03 -9.999000e+03 -9.999000e+03 -9.999000e+03 -9.999000e+03 -9.999000e+03 -9.999000e+03 -9.999000e+03 -9.999000e+03 -9.999000e+03 -9.999000e+03 -9.999000e+03 -9.999000e+03 -9.999000e+03 -9.999000e+03 -9.999000e+03 3.144570e-03 2.981027e-03 3.841505e-03 3.945363e-03 3.778248e-03 3.949368e-03 4.121397e-03 4.285255e-03 4.435577e-03 4.435100e-03 4.558451e-03 4.991049e-03 5.175965e-03 5.131030e-03 5.096995e-03 5.199050e-03 1.249555e-02 1.538571e-02 1.672091e-02 4.383941e-03 4.735020e-03 5.161426e-03 5.581974e-03 6.000368e-03 6.265979e-03 6.318405e-03 2.068591e-02 2.191354e-02 2.318881e-02 2.406254e-02 2.333811e-02 2.486156e-02 2.550123e-02 6.252150e-03 6.357197e-03 6.201055e-03
-9.999000e+03 -9.999000e+03 -9.999000e+03 -9.999000e+03 -9.999000e+03 -9.999000e+03 -9.999000e+03 -9.999000e+03 -9.999000e+03 -9.999000e+03 -9.999000e+03 -9.999000e+03 -9.999000e+03 -9.999000e+03 -9.999000e+03 5.636801e-04 3.105137e-03 3.969490e-03 4.101853e-03 4.088044e-03 4.119721e-03 4.243102e-03 4.137054e-03 4.592245e-03 4.708241e-03 4.716364e-03 4.837133e-03 5.123166e-03 5.350327e-03 5.453973e-03 5.405287e-03 5.221869e-03 5.084648e-03 5.050121e-03 5.154534e-03 5.296894e-03 5.418407e-03 5.580768e-03 5.791798e-03 6.056027e-03 6.309961e-03 6.502682e-03 6.677868e-03 6.750619e-03 6.822779e-03 2.353115e-02 2.419851e-02 2.420589e-02 2.531818e-02 2.632514e-02 2.689549e-02 2.155075e-02
-9.999000e+03 -9.999000e+03 -9.999000e+03 -9.999000e+03 -9.999000e+03 -9.999000e+03 -9.999000e+03 -9.999000e+03 -9.999000e+03 -9.999000e+03 -9.999000e+03 -9.999000e+03 -9.999000e+03 -9.999000e+03 -9.999000e+03 3.063350e-03 3.143165e-03 4.234475e-03 4.263739e-03 4.233095e-03 4.214041e-03 4.259702e-03 4.357148e-03 4.501293e-03 4.630984e-03 4.703972e-03 4.866908e-03 5.177348e-03 5.408164e-03 5.500896e-03 5.481276e-03 5.398979e-03 5.399054e-03 5.453182e-03 5.527226e-03 5.592907e-03 5.646437e-03 5.738277e-03 5.887298e-03 6.096397e-03 6.337314e-03 6.575798e-03 6.781074e-03 6.949480e-03 7.034467e-03 7.058119e-03 7.133845e-03 7.081771e-03 6.812920e-03 2.566694e-02 2.662979e-02 2.733607e-02
-9.999000e+03 -9.999000e+03 -9.999000e+03 -9.999000e+03 -9.999000e+03 -9.999000e+03 -9.999000e+03 -9.999000e+03 -9.999000e+03 -9.999000e+03 -9.999000e+03 -9.999000e+03 -9.999000e+03 -9.999000e+03 3.085536e-03 3.098157e-03 4.137560e-03 4.261514e-03 4.323041e-03 4.335178e-03 4.317974e-03 4.289838e-03 4.304216e-03 4.378351e-03 4.497716e-03 4.632720e-03 4.844024e-03 5.150694e-03 5.364470e-03 5.455200e-03 5.494222e-03 5.527081e-03 5.602556e-03 5.618723e-03 5.564371e-03 5.565658e-03 5.623880e-03 5.725751e-03 5.888175e-03 6.095449e-03 6.318478e-03 6.513038e-03 6.648808e-03 6.729651e-03 6.785411e-03 6.881566e-03 6.973989e-03 7.070824e-03 7.086315e-03 6.706385e-03 6.186537e-03 8.245476e-03
-9.999000e+03 -9.999000e+03 -9.999000e+03 -9.999000e+03 -9.999000e+03 -9.999000e+03 -9.999000e+03 -9.999000e+03 -9.999000e+03 -9.999000e+03 -9.999000e+03 -9.999000e+03 -9.999000e+03 2.994595e-03 3.099741e-03 3.967579e-03 4.170053e-03 4.291011e-03 4.378807e-03 4.421762e-03 4.409780e-03 4.346024e-03 4.318060e-03 4.346513e-03 4.438511e-03 4.574696e-03 4.765291e-03 5.019177e-03 5.175373e-03 5.228327e-03 5.286230e-03 5.366805e-03 5.458869e-03 5.472635e-03 5.411447e-03 5.396716e-03 5.423054e-03 5.485535e-03 5.616961e-03 5.789363e-03 5.998016e-03 6.211856e-03 6.395485e-03 6.471448e-03 6.514243e-03 6.606225e-03 6.770870e-03 6.921004e-03 6.897537e-03 6.656708e-03 6.417637e-03 6.090845e-03
-9.999000e+03 -9.999000e+03 -9.999000e+03 -9.999000e+03 -9.999000e+03 -9.999000e+03 -9.999000e+03 -9.999000e+03 -9.999000e+03 -9.999000e+03 -9.999000e+03 -9.999000e+03 -9.999000e+03 2.830186e-03 3.021393e-03 4.006186e-03 4.137811e-03 4.281738e-03 4.397678e-03 4.457978e-03 4.457676e-03 4.400786e-03 4.376116e-03 4.388957e-03 4.444901e-03 4.547841e-03 4.672689e-03 4.823982e-03 4.879415e-03 4.855005e-03 4.892053e-03 4.962759e-03 5.038562e-03 5.122022e-03 5.164900e-03 5.134013e-03 5.089906e-03 5.078183e-03 5.114326e-03 5.219444e-03 5.247375e-03 5.600791e-03 5.869444e-03 5.916576e-03 5.938619e-03 6.406236e-03 6.512776e-03 6.599138e-03 6.623372e-03 6.412686e-03 6.252105e-03 6.185667e-03
-9.999000e+03 -9.999000e+03 -9.999000e+03 -9.999000e+03 -9.999000e+03 -9.999000e+03 -9.999000e+03 -9.999000e+03 -9.999000e+03 -9.999000e+03 -9.999000e+03 -9.999000e+03 2.599589e-03 2.672525e-03 3.534692e-03 3.759417e-03 3.954387e-03 4.172819e-03 4.334454e-03 4.406736e-03 4.419853e-03 4.379355e-03 4.361570e-03 4.371489e-03 4.418687e-03 4.525118e-03 4.605758e-03 4.647450e-03 4.604084e-03 4.500933e-03 4.493754e-03 4.511458e-03 4.569341e-03 4.815945e-03 4.974389e-03 4.852451e-03 4.700852e-03 4.455278e-03 4.454386e-03 3.502112e-03 3.707854e-03 4.033624e-03 4.166226e-03 4.151549e-03 5.803670e-03 5.878856e-03 5.950991e-03 6.365584e-03 6.356261e-03 6.209426e-03 6.190741e-03 1.243461e-02
-9.999000e+03 -9.999000e+03 -9.999000e+03 -9.999000e+03 -9.999000e+03 -9.999000e+03 -9.999000e+03 -9.999000e+03 -9.999000e+03 -9.999000e+03 -9.999000e+03 2.305596e-03 2.497498e-03 3.101998e-03 3.196994e-03 3.393778e-03 3.686756e-03 3.981490e-03 4.185944e-03 4.282338e-03 4.327712e-03 4.313985e-03 4.303687e-03 4.328246e-03 4.384992e-03 4.482029e-03 4.514531e-03 4.477226e-03 4.367839e-03 4.184919e-03 4.096097e-03 4.066532e-03 4.215709e-03 4.522397e-03 4.714132e-03 4.533237e-03 3.300397e-03 3.245875e-03 3.278690e-03 3.393999e-03 3.667137e-03 4.005965e-03 4.125964e-03 4.088530e-03 4.084846e-03 4.120527e-03 5.741782e-03 5.842116e-03 5.872678e-03 6.121651e-03 1.353266e-02 1.267013e-02
-9.999000e+03 -9.999000e+03 -9.999000e+03 -9.999000e+03 -9.999000e+03 -9.999000e+03 -9.999000e+03 -9.999000e+03 -9.999000e+03 -9.999000e+03 -9.999000e+03 2.206499e-03 2.424566e-03 3.062813e-03 3.047518e-03 3.220319e-03 3.488369e-03 3.769123e-03 3.980863e-03 4.116124e-03 4.211944e-03 4.244835e-03 4.274971e-03 4.351385e-03 4.410281e-03 4.424942e-03 4.378363e-03 4.296820e-03 4.148470e-03 3.882124e-03 3.757004e-03 3.895812e-03 3.244199e-03 3.502833e-03 3.578849e-03 3.488963e-03 3.414031e-03 3.360281e-03 3.441451e-03 4.707981e-03 5.046374e-03 5.430800e-03 5.654058e-03 5.603768e-03 3.974001e-03 3.980730e-03 4.043083e-03 4.144912e-03 5.797003e-03 1.482049e-02 1.395477e-02 6.084039e-03
-9.999000e+03 -9.999000e+03 -9.999000e+03 -9.999000e+03 -9.999000e+03 -9.999000e+03 -9.999000e+03 -9.999000e+03 -9.999000e+03 -9.999000e+03 2.505216e-03 2.406288e-03 2.910649e-03 2.992613e-03 3.095327e-03 3.209264e-03 3.358704e-03 3.543634e-03 3.750409e-03 3.953220e-03 4.106456e-03 4.190442e-03 4.277440e-03 4.411162e-03 4.453074e-03 4.355068e-03 4.248517e-03 4.175754e-03 4.016497e-03 3.690632e-03 3.639142e-03 3.121085e-03 3.360881e-03 3.556184e-03 3.632433e-03 3.613135e-03 4.704144e-03 4.598443e-03 4.695822e-03 5.005503e-03 5.496974e-03 5.736658e-03 5.847716e-03 5.761390e-03 5.668269e-03 5.375419e-03 3.971298e-03 4.052995e-03 1.610532e-02 1.524951e-02 5.931019e-03 5.882410e-03
-9.999000e+03 -9.999000e+03 -9.999000e+03 -9.999000e+03 -9.999000e+03 -9.999000e+03 -9.999000e+03 -9.999000e+03 -9.999000e+03 -9.999000e+03 2.636474e-03 2.544132e-03 2.990407e-03 3.021393e-03 3.180503e-03 3.249573e-03 3.296860e-03 3.353951e-03 3.553230e-03 3.837488e-03 4.057280e-03 4.187593e-03 4.312321e-03 4.465908e-03 4.487760e-03 4.340045e-03 4.239109e-03 4.211379e-03 4.082282e-03 3.798786e-03 2.940055e-03 3.247064e-03 4.416286e-03 4.711119e-03 4.884788e-03 4.916787e-03 4.862510e-03 4.953386e-03 5.025953e-03 5.330203e-03 5.572298e-03 5.683308e-03 1.269119e-02 1.253658e-02 5.531459e-03 5.633738e-03 1.118922e-02 1.740262e-02 1.654611e-02 5.599456e-03 5.664318e-03 5.737074e-03
-9.999000e+03 -9.999000e+03 -9.999000e+03 -9.999000e+03 -9.999000e+03 -9.999000e+03 -9.999000e+03 -9.999000e+03 -9.999000e+03 2.648601e-03 2.705995e-03 3.278324e-03 3.068585e-03 3.121154e-03 3.244653e-03 3.283759e-03 3.293880e-03 3.283495e-03 3.459154e-03 3.803082e-03 4.067411e-03 4.209119e-03 4.324678e-03 4.449560e-03 4.495825e-03 4.433884e-03 4.378033e-03 4.365745e-03 4.261697e-03 4.035462e-03 3.092415e-03 4.215517e-03 4.559000e-03 4.958153e-03 6.606216e-03 1.083537e-02 1.098315e-02 1.204953e-02 1.289992e-02 1.353474e-02 1.436801e-02 1.492321e-02 1.620493e-02 1.605935e-02 1.701563e-02 1.815355e-02 1.870262e-02 1.787531e-02 5.285261e-03 5.333068e-03 5.471613e-03 5.616497e-03
-9.999000e+03 -9.999000e+03 -9.999000e+03 -9.999000e+03 -9.999000e+03 -9.999000e+03 -9.999000e+03 -9.999000e+03 2.457951e-03 2.574440e-03 3.206926e-03 3.270395e-03 3.221230e-03 3.249118e-03 3.292577e-03 3.308363e-03 3.341332e-03 3.368523e-03 3.545422e-03 3.904908e-03 4.167224e-03 4.284641e-03 4.345498e-03 4.380097e-03 4.433926e-03 4.491648e-03 4.522962e-03 4.521855e-03 4.430575e-03 4.257788e-03 5.996744e-03 6.490709e-03 8.483001e-03 9.043337e-03 1.084953e-02 1.094306e-02 1.232378e-02 1.255797e-02 1.344024e-02 1.434279e-02 1.493742e-02 1.578638e-02 5.543867e-03 6.238465e-03 1.765082e-02 1.843604e-02 8.510625e-03 5.331820e-03 5.222184e-03 5.202342e-03 5.296255e-03 5.432527e-03
-9.999000e+03 -9.999000e+03 -9.999000e+03 -9.999000e+03 -9.999000e+03 -9.999000e+03 -9.999000e+03 -9.999000e+03 2.388698e-03 2.456561e-03 3.018145e-03 3.229780e-03 3.355660e-03 3.376076e-03 3.375340e-03 3.383446e-03 3.459513e-03 3.542056e-03 3.707142e-03 4.028978e-03 4.284227e-03 4.402219e-03 4.424876e-03 4.364607e-03 4.386263e-03 4.538843e-03 4.633804e-03 4.598406e-03 4.513141e-03 4.434666e-03 6.294936e-03 7.968701e-03 8.464253e-03 1.015616e-02 6.314467e-03 5.027820e-03 5.208466e-03 5.401536e-03 5.581244e-03 5.751796e-03 5.846152e-03 5.846893e-03 5.857397e-03 5.921555e-03 5.915186e-03 5.809103e-03 5.682150e-03 5.540976e-03 5.371581e-03 5.183160e-03 5.123472e-03 5.211349e-03
