tests/data/reference/test_stream_rill_mfda_diffusion/mqsur_m3_s.asc
ncols	123
nrows	77
xllcorner	-713746.79929998
yllcorner	-1061022.36961616
cellsize	10.0
NODATA_value	-9999
[rows 46 to 68 of 77, columns 0 to 51 of 123]
-9.999000e+03 -9.999000e+03 -9.999000e+03 -9.999000e+03 -9.999000e+03 -9.999000e+03 -9.999000e+03 -9.999000e+03 2.444430e-03 2.509091e-03 3.098290e-03 3.347089e-03 3.503393e-03 3.540793e-03 3.541411e-03 3.514579e-03 3.523080e-03 3.545532e-03 3.666822e-03 3.966766e-03 4.239424e-03 4.400620e-03 4.457406e-03 4.411051e-03 4.453858e-03 4.643155e-03 4.718153e-03 4.610716e-03 4.545654e-03 4.582913e-03 4.626054e-03 4.643349e-03 4.676475e-03 4.783305e-03 4.965491e-03 5.170791e-03 5.395090e-03 5.615739e-03 5.800994e-03 5.957290e-03 6.058654e-03 6.098964e-03 6.127618e-03 6.173048e-03 6.155793e-03 6.044893e-03 5.922806e-03 5.796516e-03 5.612139e-03 5.356138e-03 5.178974e-03 5.162491e-03
-9.999000e+03 -9.999000e+03 -9.999000e+03 -9.999000e+03 -9.999000e+03 -9.999000e+03 -9.999000e+03 2.851532e-03 2.589285e-03 2.697492e-03 3.332107e-03 3.513276e-03 3.651506e-03 3.729832e-03 3.756213e-03 3.676351e-03 3.536551e-03 3.437556e-03 3.523383e-03 3.826075e-03 4.111159e-03 4.311188e-03 4.429484e-03 4.467396e-03 4.554531e-03 4.715965e-03 4.754247e-03 4.642369e-03 4.616001e-03 4.716026e-03 4.758223e-03 4.733712e-03 4.792453e-03 4.933354e-03 5.099360e-03 5.257152e-03 5.425674e-03 5.613959e-03 5.787091e-03 5.946451e-03 6.082899e-03 6.190166e-03 6.271229e-03 6.330076e-03 6.327602e-03 6.233971e-03 6.107635e-03 5.982522e-03 5.832860e-03 5.621294e-03 5.406374e-03 5.270711e-03
-9.999000e+03 -9.999000e+03 -9.999000e+03 -9.999000e+03 -9.999000e+03 -9.999000e+03 -9.999000e+03 2.992338e-03 2.617409e-03 2.660599e-03 3.251737e-03 3.421844e-03 3.582292e-03 3.715362e-03 3.778626e-03 3.739319e-03 3.617511e-03 3.485013e-03 3.543440e-03 3.823625e-03 4.092885e-03 4.296553e-03 4.463917e-03 4.594732e-03 4.700315e-03 4.787968e-03 4.804483e-03 4.748231e-03 4.744156e-03 4.822510e-03 4.852561e-03 4.835400e-03 4.891254e-03 4.994614e-03 5.102289e-03 5.206746e-03 5.340661e-03 5.532063e-03 5.719143e-03 5.878042e-03 6.023249e-03 6.151667e-03 6.256773e-03 6.342199e-03 6.382403e-03 6.347578e-03 6.250951e-03 6.113498e-03 5.975827e-03 5.829008e-03 5.647830e-03 5.456974e-03
-9.999000e+03 -9.999000e+03 -9.999000e+03 -9.999000e+03 -9.999000e+03 -9.999000e+03 3.116501e-03 3.132064e-03 2.483869e-03 2.389888e-03 2.981103e-03 3.123726e-03 3.348922e-03 3.550477e-03 3.660629e-03 3.722188e-03 3.693180e-03 3.573354e-03 3.627438e-03 3.891533e-03 4.153282e-03 4.372069e-03 4.596782e-03 4.809066e-03 4.926895e-03 4.952917e-03 4.960825e-03 4.956474e-03 4.946974e-03 4.959508e-03 4.960927e-03 4.934168e-03 4.933816e-03 4.964341e-03 5.016011e-03 5.084220e-03 5.203064e-03 5.406750e-03 5.612793e-03 5.781946e-03 5.921361e-03 6.030452e-03 6.128128e-03 6.230599e-03 6.315780e-03 6.355285e-03 6.318570e-03 6.190734e-03 6.061511e-03 5.981791e-03 5.859738e-03 5.653898e-03
-9.999000e+03 -9.999000e+03 -9.999000e+03 -9.999000e+03 -9.999000e+03 2.922425e-03 3.070831e-03 2.541049e-03 2.290238e-03 2.621206e-03 2.742499e-03 2.868737e-03 3.127046e-03 3.394420e-03 3.581643e-03 3.715465e-03 3.725303e-03 3.600828e-03 3.654165e-03 3.920247e-03 4.220367e-03 4.506282e-03 4.785750e-03 5.041376e-03 5.177717e-03 5.198785e-03 5.225099e-03 5.263801e-03 5.254685e-03 5.217756e-03 5.203360e-03 5.184909e-03 5.156744e-03 5.130926e-03 5.120434e-03 5.131581e-03 5.190357e-03 5.331908e-03 5.511548e-03 5.695366e-03 5.830174e-03 5.894539e-03 5.956087e-03 6.050248e-03 6.156199e-03 6.249659e-03 6.275753e-03 6.198419e-03 6.114063e-03 6.093759e-03 6.012010e-03 5.807717e-03
-9.999000e+03 -9.999000e+03 -9.999000e+03 -9.999000e+03 -9.999000e+03 2.648176e-03 2.324171e-03 2.199552e-03 2.399039e-03 2.454592e-03 2.559795e-03 2.671765e-03 2.874875e-03 3.185969e-03 3.454198e-03 3.676321e-03 3.703964e-03 3.607777e-03 3.649630e-03 3.898461e-03 4.260158e-03 4.618819e-03 4.914513e-03 5.176744e-03 5.348948e-03 5.418299e-03 5.480692e-03 5.549617e-03 5.555690e-03 5.502048e-03 5.463444e-03 5.441287e-03 5.415012e-03 5.374710e-03 5.325711e-03 5.289840e-03 5.279508e-03 5.321261e-03 5.447508e-03 5.640207e-03 5.766002e-03 5.775531e-03 5.788573e-03 5.852680e-03 5.952120e-03 6.072859e-03 6.152517e-03 6.150352e-03 6.129070e-03 6.137720e-03 6.072069e-03 5.894440e-03
-9.999000e+03 -9.999000e+03 -9.999000e+03 -9.999000e+03 2.289271e-03 2.132049e-03 2.004079e-03 1.787274e-03 1.837429e-03 1.894932e-03 2.013624e-03 2.121516e-03 2.247812e-03 2.566727e-03 3.320111e-03 3.491627e-03 3.611126e-03 3.566960e-03 3.555006e-03 3.688221e-03 4.001299e-03 4.363492e-03 4.685577e-03 4.987086e-03 5.225651e-03 5.375302e-03 5.483279e-03 5.568031e-03 5.600632e-03 5.538306e-03 5.472744e-03 5.434286e-03 5.424580e-03 5.430927e-03 5.431107e-03 5.431095e-03 5.414122e-03 5.384862e-03 5.453353e-03 5.639054e-03 5.759392e-03 5.745429e-03 5.723101e-03 5.733736e-03 5.786991e-03 5.890283e-03 5.994680e-03 6.070845e-03 6.105923e-03 6.097724e-03 6.023990e-03 5.888350e-03
-9.999000e+03 -9.999000e+03 -9.999000e+03 -9.999000e+03 1.976735e-03 1.967432e-03 1.560484e-03 1.407140e-03 1.530246e-03 1.335098e-03 1.587668e-03 1.790506e-03 1.930288e-03 2.382523e-03 2.638089e-03 3.284991e-03 3.396651e-03 3.418860e-03 3.307025e-03 3.271790e-03 3.413143e-03 3.722159e-03 4.105896e-03 4.446016e-03 4.744484e-03 4.965527e-03 5.100404e-03 5.382550e-03 5.430956e-03 5.373069e-03 5.289805e-03 5.237734e-03 5.258880e-03 5.342486e-03 5.429797e-03 5.502273e-03 5.522927e-03 5.472725e-03 5.485913e-03 5.640019e-03 5.765567e-03 5.774202e-03 5.737741e-03 5.694209e-03 5.694952e-03 5.771103e-03 5.882291e-03 6.004080e-03 6.052479e-03 6.001155e-03 5.921027e-03 5.843513e-03
-9.999000e+03 -9.999000e+03 -9.999000e+03 1.825232e-03 1.982173e-03 1.590193e-03 1.256129e-03 -9.999000e+03 -9.999000e+03 -9.999000e+03 -9.999000e+03 -9.999000e+03 1.644436e-03 2.167293e-03 2.420227e-03 2.497652e-03 2.607234e-03 2.674700e-03 3.029260e-03 2.704805e-03 2.349777e-03 2.684656e-03 2.978961e-03 3.196039e-03 3.422744e-03 3.600989e-03 4.751053e-03 5.050704e-03 5.150274e-03 5.142738e-03 5.076092e-03 5.021931e-03 5.045762e-03 5.165259e-03 5.296894e-03 5.408432e-03 5.464183e-03 5.444714e-03 5.460930e-03 5.585884e-03 5.709256e-03 5.754168e-03 5.743074e-03 5.704873e-03 5.712279e-03 5.799906e-03 5.910015e-03 6.011830e-03 6.025355e-03 5.936102e-03 5.870691e-03 5.860874e-03
-9.999000e+03 -9.999000e+03 -9.999000e+03 1.962114e-03 1.860459e-03 -9.999000e+03 -9.999000e+03 -9.999000e+03 -9.999000e+03 -9.999000e+03 -9.999000e+03 -9.999000e+03 -9.999000e+03 1.978633e-03 2.177505e-03 2.188711e-03 2.280987e-03 2.439284e-03 2.274877e-03 1.688403e-03 1.550129e-03 2.059356e-03 2.448278e-03 2.685126e-03 2.938961e-03 3.215728e-03 4.236137e-03 4.497985e-03 4.658385e-03 4.707726e-03 4.831758e-03 4.762215e-03 4.780405e-03 4.927828e-03 5.084398e-03 5.219308e-03 5.298638e-03 5.316268e-03 5.376871e-03 5.513804e-03 5.638420e-03 5.706114e-03 5.726124e-03 5.718984e-03 5.758834e-03 5.872484e-03 5.979596e-03 6.045954e-03 6.034137e-03 5.940039e-03 5.907071e-03 5.965452e-03
-9.999000e+03 7.584971e-03 1.641280e-03 1.849557e-03 1.491749e-03 -9.999000e+03 -9.999000e+03 -9.999000e+03 -9.999000e+03 -9.999000e+03 -9.999000e+03 -9.999000e+03 -9.999000e+03 -9.999000e+03 -9.999000e+03 -9.999000e+03 2.188220e-03 2.328134e-03 2.169603e-03 1.547775e-03 -9.999000e+03 -9.999000e+03 -9.999000e+03 -9.999000e+03 2.485810e-03 2.796782e-03 3.062948e-03 3.265660e-03 3.375764e-03 4.337336e-03 4.362449e-03 4.337985e-03 4.510901e-03 4.694710e-03 4.896510e-03 5.060202e-03 5.149863e-03 5.163344e-03 5.253862e-03 5.452152e-03 5.616297e-03 5.687565e-03 5.708610e-03 5.712048e-03 5.770707e-03 5.905473e-03 6.018457e-03 6.072955e-03 6.062093e-03 5.982067e-03 5.992099e-03 6.128431e-03
8.066408e-03 3.282933e-04 1.877034e-03 1.515156e-03 -9.999000e+03 -9.999000e+03 -9.999000e+03 -9.999000e+03 -9.999000e+03 -9.999000e+03 -9.999000e+03 -9.999000e+03 -9.999000e+03 -9.999000e+03 -9.999000e+03 -9.999000e+03 -9.999000e+03 -9.999000e+03 -9.999000e+03 -9.999000e+03 -9.999000e+03 -9.999000e+03 -9.999000e+03 -9.999000e+03 2.190297e-03 2.435229e-03 2.691050e-03 2.934652e-03 3.054102e-03 3.110956e-03 3.180420e-03 3.981625e-03 4.114467e-03 4.447876e-03 4.694493e-03 4.879701e-03 4.971310e-03 4.976944e-03 5.091382e-03 5.362155e-03 5.573439e-03 5.640288e-03 5.648358e-03 5.672130e-03 5.732942e-03 5.876417e-03 6.001734e-03 6.070019e-03 6.067909e-03 5.997560e-03 6.046873e-03 6.266509e-03
7.640485e-03 1.438950e-03 1.342744e-03 -9.999000e+03 -9.999000e+03 -9.999000e+03 -9.999000e+03 -9.999000e+03 -9.999000e+03 -9.999000e+03 -9.999000e+03 -9.999000e+03 -9.999000e+03 -9.999000e+03 -9.999000e+03 -9.999000e+03 -9.999000e+03 -9.999000e+03 -9.999000e+03 -9.999000e+03 -9.999000e+03 -9.999000e+03 -9.999000e+03 -9.999000e+03 -9.999000e+03 -9.999000e+03 -9.999000e+03 2.711647e-03 2.772448e-03 2.714090e-03 2.797335e-03 2.912734e-03 3.698147e-03 4.051022e-03 4.334529e-03 4.486555e-03 4.565920e-03 4.604147e-03 4.756965e-03 5.058123e-03 5.264178e-03 5.309144e-03 5.564859e-03 5.548099e-03 5.586755e-03 5.699415e-03 5.830803e-03 5.900781e-03 5.903256e-03 5.833252e-03 5.926423e-03 6.266834e-03
-9.999000e+03 -9.999000e+03 -9.999000e+03 -9.999000e+03 -9.999000e+03 -9.999000e+03 -9.999000e+03 -9.999000e+03 -9.999000e+03 -9.999000e+03 -9.999000e+03 -9.999000e+03 -9.999000e+03 -9.999000e+03 -9.999000e+03 -9.999000e+03 -9.999000e+03 -9.999000e+03 -9.999000e+03 -9.999000e+03 -9.999000e+03 -9.999000e+03 -9.999000e+03 -9.999000e+03 -9.999000e+03 -9.999000e+03 -9.999000e+03 -9.999000e+03 -9.999000e+03 2.338997e-03 2.301072e-03 2.474795e-03 2.756994e-03 3.093484e-03 3.243340e-03 3.279229e-03 3.359092e-03 3.431738e-03 3.553351e-03 3.747800e-03 3.846385e-03 5.188969e-03 5.199539e-03 5.187913e-03 5.200031e-03 5.508018e-03 5.556180e-03 5.587970e-03 5.585692e-03 5.563862e-03 5.728431e-03 6.189059e-03
-9.999000e+03 -9.999000e+03 -9.999000e+03 -9.999000e+03 -9.999000e+03 -9.999000e+03 -9.999000e+03 -9.999000e+03 -9.999000e+03 -9.999000e+03 -9.999000e+03 -9.999000e+03 -9.999000e+03 -9.999000e+03 -9.999000e+03 -9.999000e+03 -9.999000e+03 -9.999000e+03 -9.999000e+03 -9.999000e+03 -9.999000e+03 -9.999000e+03 -9.999000e+03 -9.999000e+03 -9.999000e+03 -9.999000e+03 -9.999000e+03 -9.999000e+03 -9.999000e+03 -9.999000e+03 2.105632e-03 2.270709e-03 2.604760e-03 3.000797e-03 3.117859e-03 3.032621e-03 3.106187e-03 3.290493e-03 3.460757e-03 3.636276e-03 3.732065e-03 3.759808e-03 3.788725e-03 3.807365e-03 5.142042e-03 5.164763e-03 5.143984e-03 5.090169e-03 5.313597e-03 5.355228e-03 5.608900e-03 6.082018e-03
-9.999000e+03 -9.999000e+03 -9.999000e+03 -9.999000e+03 -9.999000e+03 -9.999000e+03 -9.999000e+03 -9.999000e+03 -9.999000e+03 -9.999000e+03 -9.999000e+03 -9.999000e+03 -9.999000e+03 -9.999000e+03 -9.999000e+03 -9.999000e+03 -9.999000e+03 -9.999000e+03 -9.999000e+03 -9.999000e+03 -9.999000e+03 -9.999000e+03 -9.999000e+03 -9.999000e+03 -9.999000e+03 -9.999000e+03 -9.999000e+03 -9.999000e+03 -9.999000e+03 -9.999000e+03 -9.999000e+03 -9.999000e+03 -9.999000e+03 -9.999000e+03 -9.999000e+03 -9.999000e+03 -9.999000e+03 -9.999000e+03 -9.999000e+03 3.512910e-03 3.579281e-03 3.601604e-03 3.672674e-03 3.764937e-03 3.802447e-03 3.799713e-03 3.747103e-03 4.888461e-03 4.869798e-03 5.059189e-03 5.362570e-03 5.686182e-03
-9.999000e+03 -9.999000e+03 -9.999000e+03 -9.999000e+03 -9.999000e+03 -9.999000e+03 -9.999000e+03 -9.999000e+03 -9.999000e+03 -9.999000e+03 -9.999000e+03 -9.999000e+03 -9.999000e+03 -9.999000e+03 -9.999000e+03 -9.999000e+03 -9.999000e+03 -9.999000e+03 -9.999000e+03 -9.999000e+03 -9.999000e+03 -9.999000e+03 -9.999000e+03 -9.999000e+03 -9.999000e+03 -9.999000e+03 -9.999000e+03 -9.999000e+03 -9.999000e+03 -9.999000e+03 -9.999000e+03 -9.999000e+03 -9.999000e+03 -9.999000e+03 -9.999000e+03 -9.999000e+03 -9.999000e+03 -9.999000e+03 -9.999000e+03 -9.999000e+03 -9.999000e+03 -9.999000e+03 3.506894e-03 3.669969e-03 3.746659e-03 3.753151e-03 3.679573e-03 3.517124e-03 3.579528e-03 3.826524e-03 3.969836e-03 4.047202e-03
-9.999000e+03 -9.999000e+03 -9.999000e+03 -9.999000e+03 -9.999000e+03 -9.999000e+03 -9.999000e+03 -9.999000e+03 -9.999000e+03 -9.999000e+03 -9.999000e+03 -9.999000e+03 -9.999000e+03 -9.999000e+03 -9.999000e+03 -9.999000e+03 -9.999000e+03 -9.999000e+03 -9.999000e+03 -9.999000e+03 -9.999000e+03 -9.999000e+03 -9.999000e+03 -9.999000e+03 -9.999000e+03 -9.999000e+03 -9.999000e+03 -9.999000e+03 -9.999000e+03 -9.999000e+03 -9.999000e+03 -9.999000e+03 -9.999000e+03 -9.999000e+03 -9.999000e+03 -9.999000e+03 -9.999000e+03 -9.999000e+03 -9.999000e+03 -9.999000e+03 -9.999000e+03 -9.999000e+03 -9.999000e+03 -9.999000e+03 -9.999000e+03 3.714965e-03 3.628830e-03 3.448365e-03 3.536766e-03 3.848053e-03 3.958676e-03 3.918146e-03
-9.999000e+03 -9.999000e+03 -9.999000e+03 -9.999000e+03 -9.999000e+03 -9.999000e+03 -9.999000e+03 -9.999000e+03 -9.999000e+03 -9.999000e+03 -9.999000e+03 -9.999000e+03 -9.999000e+03 -9.999000e+03 -9.999000e+03 -9.999000e+03 -9.999000e+03 -9.999000e+03 -9.999000e+03 -9.999000e+03 -9.999000e+03 -9.999000e+03 -9.999000e+03 -9.999000e+03 -9.999000e+03 -9.999000e+03 -9.999000e+03 -9.999000e+03 -9.999000e+03 -9.999000e+03 -9.999000e+03 -9.999000e+03 -9.999000e+03 -9.999000e+03 -9.999000e+03 -9.999000e+03 -9.999000e+03 -9.999000e+03 -9.999000e+03 -9.999000e+03 -9.999000e+03 -9.999000e+03 -9.999000e+03 -9.999000e+03 -9.999000e+03 -9.999000e+03 -9.999000e+03 -9.999000e+03 -9.999000e+03 -9.999000e+03 -9.999000e+03 3.743555e-03
-9.999000e+03 -9.999000e+03 -9.999000e+03 -9.999000e+03 -9.999000e+03 -9.999000e+03 -9.999000e+03 -9.999000e+03 -9.999000e+03 -9.999000e+03 -9.999000e+03 -9.999000e+03 -9.999000e+03 -9.999000e+03 -9.999000e+03 -9.999000e+03 -9.999000e+03 -9.999000e+03 -9.999000e+03 -9.999000e+03 -9.999000e+03 -9.999000e+03 -9.999000e+03 -9.999000e+03 -9.999000e+03 -9.999000e+03 -9.999000e+03 -9.999000e+03 -9.999000e+03 -9.999000e+03 -9.999000e+03 -9.999000e+03 -9.999000e+03 -9.999000e+03 -9.999000e+03 -9.999000e+03 -9.999000e+03 -9.999000e+03 -9.999000e+03 -9.999000e+03 -9.999000e+03 -9.999000e+03 -9.999000e+03 -9.999000e+03 -9.999000e+03 -9.999000e+03 -9.999000e+03 -9.999000e+03 -9.999000e+03 -9.999000e+03 -9.999000e+03 -9.999000e+03
-9.999000e+03 -9.999000e+03 -9.999000e+03 -9.999000e+03 -9.999000e+03 -9.999000e+03 -9.999000e+03 -9.999000e+03 -9.999000e+03 -9.999000e+03 -9.999000e+03 -9.999000e+03 -9.999000e+03 -9.999000e+03 -9.999000e+03 -9.999000e+03 -9.999000e+03 -9.999000e+03 -9.999000e+03 -9.999000e+03 -9.999000e+03 -9.999000e+03 -9.999000e+03 -9.999000e+03 -9.999000e+03 -9.999000e+03 -9.999000e+03 -9.999000e+03 -9.999000e+03 -9.999000e+03 -9.999000e+03 -9.999000e+03 -9.999000e+03 -9.999000e+03 -9.999000e+03 -9.999000e+03 -9.999000e+03 -9.999000e+03 -9.999000e+03 -9.999000e+03 -9.999000e+03 -9.999000e+03 -9.999000e+03 -9.999000e+03 -9.999000e+03 -9.999000e+03 -9.999000e+03 -9.999000e+03 -9.999000e+03 -9.999000e+03 -9.999000e+03 -9.999000e+03
-9.999000e+03 -9.999000e+03 -9.999000e+03 -9.999000e+03 -9.999000e+03 -9.999000e+03 -9.999000e+03 -9.999000e+03 -9.999000e+03 -9.999000e+03 -9.999000e+03 -9.999000e+03 -9.999000e+03 -9.999000e+03 -9.999000e+03 -9.999000e+03 -9.999000e+03 -9.999000e+03 -9.999000e+03 -9.999000e+03 -9.999000e+03 -9.999000e+03 -9.999000e+03 -9.999000e+03 -9.999000e+03 -9.999000e+03 -9.999000e+03 -9.999000e+03 -9.999000e+03 -9.999000e+03 -9.999000e+03 -9.999000e+03 -9.999000e+03 -9.999000e+03 -9.999000e+03 -9.999000e+03 -9.999000e+03 -9.999000e+03 -9.999000e+03 -9.999000e+03 -9.999000e+03 -9.999000e+03 -9.999000e+03 -9.999000e+03 -9.999000e+03 -9.999000e+03 -9.999000e+03 -9.999000e+03 -9.999000e+03 -9.999000e+03 -9.999000e+03 -9.999000e+03
-9.999000e+03 -9.999000e+03 -9.999000e+03 -9.999000e+03 -9.999000e+03 -9.999000e+03 -9.999000e+03 -9.999000e+03 -9.999000e+03 -9.999000e+03 -9.999000e+03 -9.999000e+03 -9.999000e+03 -9.999000e+03 -9.999000e+03 -9.999000e+03 -9.999000e+03 -9.999000e+03 -9.999000e+03 -9.999000e+03 -9.999000e+03 -9.999000e+03 -9.999000e+03 -9.999000e+03 -9.999000e+03 -9.999000e+03 -9.999000e+03 -9.999000e+03 -9.999000e+03 -9.999000e+03 -9.999000e+03 -9.999000e+03 -9.999000e+03 -9.999000e+03 -9.999000e+03 -9.999000e+03 -9.999000e+03 -9.999000e+03 -9.999000e+03 -9.999000e+03 -9.999000e+03 -9.999000e+03 -9.999000e+03 -9.999000e+03 -9.999000e+03 -9.999000e+03 -9.999000e+03 -9.999000e+03 -9.999000e+03 -9.999000e+03 -9.999000e+03 -9.999000e+03
