tests/data/reference/test_stream_rill_mfda_diffusion/mqsur_m3_s.asc
ncols	123
nrows	77
xllcorner	-713746.79929998
yllcorner	-1061022.36961616
cellsize	10.0
NODATA_value	-9999
[rows 46 to 68 of 77, columns 52 to 103 of 123]
5.137101e-03 5.056929e-03 5.097848e-03 5.294500e-03 5.461242e-03 5.506663e-03 5.525544e-03 5.561036e-03 5.586815e-03 5.604332e-03 5.692737e-03 5.863598e-03 6.005247e-03 6.073504e-03 6.107992e-03 6.136819e-03 6.278399e-03 6.577326e-03 6.849435e-03 6.986950e-03 7.128982e-03 7.357716e-03 7.471220e-03 7.319268e-03 7.161729e-03 0.000000e+00 1.045370e-03 4.622543e-03 6.135079e-03 6.533609e-03 6.295351e-03 0.000000e+00 0.000000e+00 0.000000e+00 1.324691e-02 6.348810e-03 6.567513e-03 6.847685e-03 6.989446e-03 6.990315e-03 6.914589e-03 6.768215e-03 6.571770e-03 6.356586e-03 6.179286e-03 6.024571e-03 5.869790e-03 5.728751e-03 5.650523e-03 5.411029e-03 4.035676e-03 4.109458e-03
5.105163e-03 4.865679e-03 4.821317e-03 5.044521e-03 5.227381e-03 5.253723e-03 5.284249e-03 5.378141e-03 5.444812e-03 5.455409e-03 5.529128e-03 5.697112e-03 5.806969e-03 5.803421e-03 5.765836e-03 5.733681e-03 5.864465e-03 6.202130e-03 6.485839e-03 6.615497e-03 6.772148e-03 7.035646e-03 7.238089e-03 7.285301e-03 7.285153e-03 0.000000e+00 1.044760e-03 4.620111e-03 6.713318e-03 6.854519e-03 6.910320e-03 1.081180e-02 3.814313e-03 0.000000e+00 0.000000e+00 5.828351e-03 6.260001e-03 6.706051e-03 6.946354e-03 6.995551e-03 6.928436e-03 6.787214e-03 6.642162e-03 6.501203e-03 6.383876e-03 6.264007e-03 6.122363e-03 5.988973e-03 5.875895e-03 4.041416e-03 4.092928e-03 5.732000e-03
5.212408e-03 4.888579e-03 4.769269e-03 4.945911e-03 5.081105e-03 5.083824e-03 5.102318e-03 5.176283e-03 5.249021e-03 5.306144e-03 5.420699e-03 5.605743e-03 5.704100e-03 5.666302e-03 5.605168e-03 5.565713e-03 5.677866e-03 5.970032e-03 6.200094e-03 6.293314e-03 6.425342e-03 6.661583e-03 6.919207e-03 7.178037e-03 7.340898e-03 0.000000e+00 9.659508e-04 6.397731e-03 6.841102e-03 7.208040e-03 7.349909e-03 7.435928e-03 9.037310e-03 4.376121e-03 0.000000e+00 5.151017e-03 5.943163e-03 6.494309e-03 6.831538e-03 6.954768e-03 6.911459e-03 6.780077e-03 6.684683e-03 6.617795e-03 6.569903e-03 6.497271e-03 6.376751e-03 6.255229e-03 5.798156e-03 4.150735e-03 4.152694e-03 5.782843e-03
5.393168e-03 5.082014e-03 4.915929e-03 4.973935e-03 5.015187e-03 4.996425e-03 4.991426e-03 5.002372e-03 5.064312e-03 5.190894e-03 5.363299e-03 5.554586e-03 5.641102e-03 5.601492e-03 5.562530e-03 5.563197e-03 5.671139e-03 5.902686e-03 6.077166e-03 6.133707e-03 6.212520e-03 6.353540e-03 6.586162e-03 6.943419e-03 7.195445e-03 0.000000e+00 4.546421e-03 6.553763e-03 7.140748e-03 7.558884e-03 7.634998e-03 4.606853e-03 6.907910e-03 7.524837e-03 0.000000e+00 0.000000e+00 5.715875e-03 6.253895e-03 6.657160e-03 6.864404e-03 6.875138e-03 6.784945e-03 6.732651e-03 6.717711e-03 6.728893e-03 6.700169e-03 6.597487e-03 6.457010e-03 6.028407e-03 4.266312e-03 4.210649e-03 5.808194e-03
5.576828e-03 5.348476e-03 5.178410e-03 5.094957e-03 5.033471e-03 5.005299e-03 4.985920e-03 4.942293e-03 4.996414e-03 5.178807e-03 5.372481e-03 5.518008e-03 5.562762e-03 5.533556e-03 5.541597e-03 5.600577e-03 5.736668e-03 5.965946e-03 6.143954e-03 6.210801e-03 6.239563e-03 6.223362e-03 6.300488e-03 6.588459e-03 6.865277e-03 0.000000e+00 4.568676e-03 6.701960e-03 7.456641e-03 7.710583e-03 7.941830e-03 7.027708e-03 6.525437e-03 6.169947e-03 6.214217e-03 0.000000e+00 5.320953e-03 6.054935e-03 6.488099e-03 6.752861e-03 6.819015e-03 6.782443e-03 6.771259e-03 6.785737e-03 6.825521e-03 6.841866e-03 6.786427e-03 6.673347e-03 6.208848e-03 6.119768e-03 4.279861e-03 4.197560e-03
5.726480e-03 5.602862e-03 5.455822e-03 5.256069e-03 5.109084e-03 5.080901e-03 5.067784e-03 5.006837e-03 5.060942e-03 5.285496e-03 5.465478e-03 5.503953e-03 5.476930e-03 5.460208e-03 5.501508e-03 5.590955e-03 5.766101e-03 6.042193e-03 6.273615e-03 6.398867e-03 6.388167e-03 6.161007e-03 6.023757e-03 6.216948e-03 6.534790e-03 0.000000e+00 4.557619e-03 6.790438e-03 7.564220e-03 7.870954e-03 4.946662e-03 7.971009e-03 7.150479e-03 6.550330e-03 5.464989e-03 0.000000e+00 0.000000e+00 5.781974e-03 6.367603e-03 6.649105e-03 6.752141e-03 6.764296e-03 6.792713e-03 6.816187e-03 6.852222e-03 6.914597e-03 6.942746e-03 6.857107e-03 6.761156e-03 6.231789e-03 6.130823e-03 6.415923e-03
5.795542e-03 5.769345e-03 5.652523e-03 5.366335e-03 5.151555e-03 5.129310e-03 5.145152e-03 5.115719e-03 5.206040e-03 5.479065e-03 5.636799e-03 5.554360e-03 5.445058e-03 5.406597e-03 5.421106e-03 5.489938e-03 5.696930e-03 6.040485e-03 6.347724e-03 6.560708e-03 6.524628e-03 6.085446e-03 5.799249e-03 5.985158e-03 6.368402e-03 0.000000e+00 4.572337e-03 6.846005e-03 7.054582e-03 4.848574e-03 5.049914e-03 7.370618e-03 7.770346e-03 7.027075e-03 6.034898e-03 4.987168e-03 0.000000e+00 5.843093e-03 6.327016e-03 6.549344e-03 6.642568e-03 6.675103e-03 6.740892e-03 6.801950e-03 6.873215e-03 6.976557e-03 7.052302e-03 7.041661e-03 6.899030e-03 6.792526e-03 6.732613e-03 6.170911e-03
5.832342e-03 5.890819e-03 5.793238e-03 5.430117e-03 5.165595e-03 5.157390e-03 5.207398e-03 5.226562e-03 5.364498e-03 5.672141e-03 5.829177e-03 5.706316e-03 5.542626e-03 5.422753e-03 5.361292e-03 5.405765e-03 5.630708e-03 5.999766e-03 6.334482e-03 6.597393e-03 6.551860e-03 6.017765e-03 5.719924e-03 5.954078e-03 6.012917e-03 0.000000e+00 4.603334e-03 4.705553e-03 4.809335e-03 4.913453e-03 7.365923e-03 7.508647e-03 7.874868e-03 7.556624e-03 6.729974e-03 5.688397e-03 0.000000e+00 0.000000e+00 6.331521e-03 6.464650e-03 6.471945e-03 6.480589e-03 6.597533e-03 6.753250e-03 6.907840e-03 7.042978e-03 7.124240e-03 7.141162e-03 7.102233e-03 7.005568e-03 6.831167e-03 6.345448e-03
5.913571e-03 6.017808e-03 5.919269e-03 5.510920e-03 5.229083e-03 5.228551e-03 5.288634e-03 5.328072e-03 5.480429e-03 5.788473e-03 5.959580e-03 5.901798e-03 5.754362e-03 5.536024e-03 5.405946e-03 5.463131e-03 5.681701e-03 5.999840e-03 6.291445e-03 6.543159e-03 6.483609e-03 5.918031e-03 5.662839e-03 4.158354e-03 4.362548e-03 0.000000e+00 4.648143e-03 4.752533e-03 4.853323e-03 7.402847e-03 7.458200e-03 7.975506e-03 8.063458e-03 7.934264e-03 7.333128e-03 6.307560e-03 5.918648e-03 0.000000e+00 6.505015e-03 6.439725e-03 6.428611e-03 6.446834e-03 6.607115e-03 6.813342e-03 6.993752e-03 7.115334e-03 7.177968e-03 7.211841e-03 7.202460e-03 7.123472e-03 6.984797e-03 6.976757e-03
6.052752e-03 6.139536e-03 6.013400e-03 5.619301e-03 5.369404e-03 5.365513e-03 5.414266e-03 5.463623e-03 5.597674e-03 5.841724e-03 6.004482e-03 6.053872e-03 5.976640e-03 5.717799e-03 5.563275e-03 5.643632e-03 5.835382e-03 6.073289e-03 6.300468e-03 6.515645e-03 6.457642e-03 5.953977e-03 3.912908e-03 4.247775e-03 0.000000e+00 0.000000e+00 4.730368e-03 7.087099e-03 7.263180e-03 7.411526e-03 8.193447e-03 8.051003e-03 7.956803e-03 8.237951e-03 7.803794e-03 6.846158e-03 6.216464e-03 0.000000e+00 6.789132e-03 6.618072e-03 6.611859e-03 6.692402e-03 6.851050e-03 7.017130e-03 7.142040e-03 7.203581e-03 7.216012e-03 7.221946e-03 7.226013e-03 7.211060e-03 7.194942e-03 1.311160e-02
6.232536e-03 6.236223e-03 6.064886e-03 5.755662e-03 5.572150e-03 5.547694e-03 5.578699e-03 5.659034e-03 5.766076e-03 5.888613e-03 6.012601e-03 6.139112e-03 6.128335e-03 5.895220e-03 5.765335e-03 5.869662e-03 6.039050e-03 6.215239e-03 6.394787e-03 6.578038e-03 6.571432e-03 6.285080e-03 6.290531e-03 5.969803e-03 0.000000e+00 1.038739e-03 4.783301e-03 7.164910e-03 7.916024e-03 1.931330e-02 2.394443e-02 3.099159e-02 3.530984e-02 4.306196e-02 4.631211e-02 1.264664e-02 6.268684e-03 0.000000e+00 0.000000e+00 7.058645e-03 7.069381e-03 7.057992e-03 7.140541e-03 7.216867e-03 7.258534e-03 7.265945e-03 7.244691e-03 7.218164e-03 7.210958e-03 7.221388e-03 1.166675e-02 1.386251e-02
6.386511e-03 6.262688e-03 6.055850e-03 5.881032e-03 5.767271e-03 5.712314e-03 5.721590e-03 5.822821e-03 5.913878e-03 5.950889e-03 6.030521e-03 6.177052e-03 6.206994e-03 6.041920e-03 5.960161e-03 6.072279e-03 6.226371e-03 6.376843e-03 6.533371e-03 6.693773e-03 6.752569e-03 6.669448e-03 1.036028e-02 1.056345e-02 0.000000e+00 1.047534e-03 5.236549e-03 1.055266e-02 1.477112e-02 1.949337e-02 2.489267e-02 2.966234e-02 3.701283e-02 4.136919e-02 4.833586e-02 5.129077e-02 1.851141e-02 6.154874e-03 0.000000e+00 7.865229e-03 7.692537e-03 7.445301e-03 7.399812e-03 7.364094e-03 7.321945e-03 7.301887e-03 7.281447e-03 7.222664e-03 7.142523e-03 1.022943e-02 1.232276e-02 6.868682e-03
6.423446e-03 6.141637e-03 5.881601e-03 5.823515e-03 5.808043e-03 5.767508e-03 5.768903e-03 5.866212e-03 5.951097e-03 5.980790e-03 6.046407e-03 6.167616e-03 6.209987e-03 6.127800e-03 6.099567e-03 6.197131e-03 6.331791e-03 6.483141e-03 6.643826e-03 6.804687e-03 6.922709e-03 6.972651e-03 7.050402e-03 1.438711e-02 0.000000e+00 1.051997e-03 7.346205e-03 1.048477e-02 1.419736e-02 7.525187e-03 7.615081e-03 7.923708e-03 8.192012e-03 8.310691e-03 8.340489e-03 2.512743e-02 5.564313e-02 2.364468e-02 0.000000e+00 0.000000e+00 7.920505e-03 7.767110e-03 7.527769e-03 7.416722e-03 7.339882e-03 7.306324e-03 7.267224e-03 7.173626e-03 8.817530e-03 1.080080e-02 6.862833e-03 6.713425e-03
6.346727e-03 5.908515e-03 5.582729e-03 5.625376e-03 5.725012e-03 5.732541e-03 5.739644e-03 5.810770e-03 5.891893e-03 5.965755e-03 6.044813e-03 6.121814e-03 6.167374e-03 6.172746e-03 6.198776e-03 6.274384e-03 6.387046e-03 6.542848e-03 6.719605e-03 6.899449e-03 7.045420e-03 7.133141e-03 7.227933e-03 7.392087e-03 0.000000e+00 4.771207e-03 7.121863e-03 7.653777e-03 7.592981e-03 7.518513e-03 7.623400e-03 7.916162e-03 8.173531e-03 8.320451e-03 8.475754e-03 8.690703e-03 8.720044e-03 5.938061e-02 2.562922e-02 0.000000e+00 0.000000e+00 7.713191e-03 7.598651e-03 7.377369e-03 7.304231e-03 7.251057e-03 7.175552e-03 7.432274e-03 9.311747e-03 6.892201e-03 6.847853e-03 6.732545e-03
6.161278e-03 5.608994e-03 5.251989e-03 5.403609e-03 5.592506e-03 5.659083e-03 5.678448e-03 5.697142e-03 5.766358e-03 5.905471e-03 6.020300e-03 6.066200e-03 6.123289e-03 6.212284e-03 6.295018e-03 6.364501e-03 6.463934e-03 6.608898e-03 6.781457e-03 6.967858e-03 7.092102e-03 7.121415e-03 7.202414e-03 7.421298e-03 0.000000e+00 4.799992e-03 7.110458e-03 7.590630e-03 7.529304e-03 7.490062e-03 7.577776e-03 7.795456e-03 8.007524e-03 8.176020e-03 8.397084e-03 9.183511e-03 8.821937e-03 8.636846e-03 6.262867e-02 2.723341e-02 0.000000e+00 0.000000e+00 7.231599e-03 7.177652e-03 7.180114e-03 7.158890e-03 7.100439e-03 7.852020e-03 6.969950e-03 6.891697e-03 6.806117e-03 6.716381e-03
5.629610e-03 5.064386e-03 4.979845e-03 5.164826e-03 5.414182e-03 5.536635e-03 5.573358e-03 5.532348e-03 5.578380e-03 5.768174e-03 5.925678e-03 5.972189e-03 6.038686e-03 6.181254e-03 6.319632e-03 6.421240e-03 6.538409e-03 6.688158e-03 6.853899e-03 7.028852e-03 7.107815e-03 7.049868e-03 7.096791e-03 7.355070e-03 0.000000e+00 4.763750e-03 7.011074e-03 7.471419e-03 7.432661e-03 7.424593e-03 7.486650e-03 7.610220e-03 7.759032e-03 7.844885e-03 8.148749e-03 8.524312e-03 9.199566e-03 8.771492e-03 8.475998e-03 2.255554e-02 2.903784e-02 0.000000e+00 6.283031e-03 6.680503e-03 6.958593e-03 7.064741e-03 7.080116e-03 7.069092e-03 7.021031e-03 6.864509e-03 6.666399e-03 6.686299e-03
3.948675e-03 4.898660e-03 4.633063e-03 4.994181e-03 5.193924e-03 5.343155e-03 5.383738e-03 5.286444e-03 5.299175e-03 5.496990e-03 5.667018e-03 5.725174e-03 5.828055e-03 5.993918e-03 6.176485e-03 6.338675e-03 6.520526e-03 6.735239e-03 6.934810e-03 7.096523e-03 7.139656e-03 7.038625e-03 7.061488e-03 7.301919e-03 0.000000e+00 4.710716e-03 6.906922e-03 7.406407e-03 7.419685e-03 7.424063e-03 7.437601e-03 7.462044e-03 6.874262e-03 7.265439e-03 7.860440e-03 8.152629e-03 8.514190e-03 8.706608e-03 8.595641e-03 7.968054e-03 2.505346e-02 0.000000e+00 0.000000e+00 6.260617e-03 6.731844e-03 6.951049e-03 7.012541e-03 6.997360e-03 6.917868e-03 6.679823e-03 6.550223e-03 6.902077e-03
3.809733e-03 3.595221e-03 4.624809e-03 4.707503e-03 4.823281e-03 4.947861e-03 4.964682e-03 4.837512e-03 4.826105e-03 4.994116e-03 5.127864e-03 5.397511e-03 5.496565e-03 5.675023e-03 5.898025e-03 6.169914e-03 6.447334e-03 6.747691e-03 6.986982e-03 7.133365e-03 7.157753e-03 7.064840e-03 7.062150e-03 7.222105e-03 0.000000e+00 4.664208e-03 6.854986e-03 7.450148e-03 7.537713e-03 7.529593e-03 7.471708e-03 4.579777e-03 5.929453e-03 6.841459e-03 7.012411e-03 7.853132e-03 8.127105e-03 8.454164e-03 8.508073e-03 8.268157e-03 7.618001e-03 2.613212e-02 0.000000e+00 0.000000e+00 1.038300e-02 6.774026e-03 6.826061e-03 6.733263e-03 6.607492e-03 6.462950e-03 6.664158e-03 7.187776e-03
3.626263e-03 3.567219e-03 3.534426e-03 3.549027e-03 3.580637e-03 3.627298e-03 3.614361e-03 3.533928e-03 3.532748e-03 3.622730e-03 4.835047e-03 4.878413e-03 4.980166e-03 5.138398e-03 5.614731e-03 5.978750e-03 6.355759e-03 6.702950e-03 6.948080e-03 7.064572e-03 7.136792e-03 7.065377e-03 7.042099e-03 7.125032e-03 0.000000e+00 4.642590e-03 6.886775e-03 7.602101e-03 7.762096e-03 7.717989e-03 7.591616e-03 4.567786e-03 4.559622e-03 4.592006e-03 6.791800e-03 7.007809e-03 7.820237e-03 8.122493e-03 8.288051e-03 8.359287e-03 8.121866e-03 1.134819e-02 2.522492e-02 0.000000e+00 6.040623e-03 1.405009e-02 6.629841e-03 6.496851e-03 6.398732e-03 6.588135e-03 7.022159e-03 7.344685e-03
3.438376e-03 3.515269e-03 3.566251e-03 3.586802e-03 3.589250e-03 3.570501e-03 3.536109e-03 3.488199e-03 3.464621e-03 3.470003e-03 3.498913e-03 3.544497e-03 3.618179e-03 4.897980e-03 5.193271e-03 5.600963e-03 5.968079e-03 6.270714e-03 6.458420e-03 6.993602e-03 6.974802e-03 6.958030e-03 6.942842e-03 7.056802e-03 0.000000e+00 4.649405e-03 6.962199e-03 7.739540e-03 7.870090e-03 7.816905e-03 7.659463e-03 7.411575e-03 5.262121e-03 4.523559e-03 4.566844e-03 6.757557e-03 7.545430e-03 7.699293e-03 7.966450e-03 8.198840e-03 7.465531e-03 7.268920e-03 1.198540e-02 0.000000e+00 0.000000e+00 9.800156e-03 6.500469e-03 6.462732e-03 6.506762e-03 6.908812e-03 7.289035e-03 7.386316e-03
-9.999000e+03 -9.999000e+03 -9.999000e+03 -9.999000e+03 -9.999000e+03 -9.999000e+03 -9.999000e+03 -9.999000e+03 3.466084e-03 3.350477e-03 3.319716e-03 3.399477e-03 3.521704e-03 3.666409e-03 3.858662e-03 4.081870e-03 4.261543e-03 4.408889e-03 6.388030e-03 6.401887e-03 6.794844e-03 6.674960e-03 6.744963e-03 0.000000e+00 0.000000e+00 4.860857e-03 6.939650e-03 7.169306e-03 7.310614e-03 7.265549e-03 7.132104e-03 8.680021e-03 7.305086e-03 6.845600e-03 4.480837e-03 7.057107e-03 6.616082e-03 6.885397e-03 7.167824e-03 4.946972e-03 4.959012e-03 4.894843e-03 4.885504e-03 1.006488e-02 0.000000e+00 0.000000e+00 1.309990e-02 6.606365e-03 6.886816e-03 7.214639e-03 4.616397e-03 4.652708e-03
-9.999000e+03 -9.999000e+03 -9.999000e+03 -9.999000e+03 -9.999000e+03 -9.999000e+03 -9.999000e+03 -9.999000e+03 -9.999000e+03 -9.999000e+03 -9.999000e+03 3.325239e-03 3.492805e-03 3.716129e-03 3.907085e-03 4.064009e-03 4.215137e-03 4.366318e-03 4.419052e-03 6.260666e-03 6.159636e-03 6.438631e-03 6.505068e-03 0.000000e+00 1.006334e-03 4.619672e-03 4.710822e-03 4.854146e-03 4.908504e-03 4.885323e-03 4.818364e-03 7.653098e-03 8.112624e-03 7.158570e-03 6.930362e-03 4.380388e-03 4.464548e-03 4.648140e-03 4.792649e-03 4.899050e-03 4.954950e-03 4.969110e-03 4.872668e-03 7.111514e-03 8.487996e-03 0.000000e+00 0.000000e+00 4.465887e-03 4.595945e-03 -9.999000e+03 -9.999000e+03 -9.999000e+03
-9.999000e+03 -9.999000e+03 -9.999000e+03 -9.999000e+03 -9.999000e+03 -9.999000e+03 -9.999000e+03 -9.999000e+03 -9.999000e+03 -9.999000e+03 -9.999000e+03 -9.999000e+03 -9.999000e+03 3.814476e-03 3.981080e-03 5.535335e-03 5.767237e-03 6.068981e-03 4.354923e-03 4.300534e-03 5.985734e-03 5.898672e-03 6.032302e-03 0.000000e+00 1.003847e-03 4.581284e-03 4.668114e-03 4.832944e-03 4.919912e-03 4.942232e-03 4.896769e-03 6.049272e-03 7.593695e-03 7.317927e-03 6.937260e-03 4.328931e-03 4.369106e-03 4.507766e-03 4.665858e-03 -9.999000e+03 -9.999000e+03 -9.999000e+03 -9.999000e+03 -9.999000e+03 -9.999000e+03 -9.999000e+03 0.000000e+00 0.000000e+00 -9.999000e+03 -9.999000e+03 -9.999000e+03 -9.999000e+03
