tests/data/reference/test_stream_rill_mfda_diffusion/mrsearstr_pa.asc
ncols	123
nrows	77
xllcorner	-713746.79929998
yllcorner	-1061022.36961616
cellsize	10.0
NODATA_value	-9999
[rows 23 to 45 of 77, columns 0 to 51 of 123]
-9.999000e+03 -9.999000e+03 -9.999000e+03 -9.999000e+03 -9.999000e+03 -9.999000e+03 -9.999000e+03 -9.999000e+03 -9.999000e+03 -9.999000e+03 -9.999000e+03 -9.999000e+03 -9.999000e+03 -9.999000e+03 -9.999000e+03 -9.999000e+03 8.643046e-01 1.017678e+00 9.520057e-01 1.644551e-01 1.284849e+00 1.698456e+00 2.159433e+00 4.541076e+00 2.270945e+00 3.778147e+00 3.639883e+00 3.873901e+00 5.694750e+00 4.420761e+00 4.081393e+00 4.356989e+00 4.496617e+00 4.510696e+00 4.485858e+00 4.450253e+00 4.558542e+00 4.873658e+00 5.102047e+00 5.151146e+00 5.178801e+00 5.274852e+00 5.453209e+00 8.642038e+00 7.449442e+00 4.392286e+00 4.380116e+00 5.400742e+00 5.781062e+00 5.917308e+00 6.016084e+00 6.155321e+00
-9.999000e+03 -9.999000e+03 -9.999000e+03 -9.999000e+03 -9.999000e+03 -9.999000e+03 -9.999000e+03 -9.999000e+03 -9.999000e+03 -9.999000e+03 -9.999000e+03 -9.999000e+03 -9.999000e+03 -9.999000e+03 -9.999000e+03 3.377436e-01 8.055035e-01 1.550087e+00 8.018956e-01 1.490060e+00 1.533698e+00 1.566795e+00 4.991828e+00 2.382602e+00 3.944916e+00 3.269345e+00 3.963840e+00 3.783314e+00 3.881801e+00 5.961501e+00 4.097190e+00 4.317578e+00 4.409852e+00 4.351847e+00 4.294733e+00 4.348209e+00 4.624788e+00 5.014137e+00 5.178221e+00 5.140726e+00 5.134427e+00 5.195892e+00 5.311835e+00 8.407995e+00 8.299933e+00 4.361076e+00 4.399089e+00 5.461764e+00 5.841027e+00 6.028873e+00 6.200007e+00 6.449388e+00
-9.999000e+03 -9.999000e+03 -9.999000e+03 -9.999000e+03 -9.999000e+03 -9.999000e+03 -9.999000e+03 -9.999000e+03 -9.999000e+03 -9.999000e+03 -9.999000e+03 -9.999000e+03 -9.999000e+03 -9.999000e+03 -9.999000e+03 6.186870e-01 1.200577e+00 1.038001e+00 9.897238e-01 1.963329e+00 1.847356e+00 4.728186e+00 4.447715e+00 4.119320e+00 3.358319e+00 4.144236e+00 4.014859e+00 4.126627e+00 4.161164e+00 4.210129e+00 5.682587e+00 4.356597e+00 4.358368e+00 4.055559e+00 3.984159e+00 4.167462e+00 4.580498e+00 4.962530e+00 5.060582e+00 5.041758e+00 5.110717e+00 5.210530e+00 5.300787e+00 6.664296e+00 8.008569e+00 5.388001e+00 4.487862e+00 5.632328e+00 6.074378e+00 6.352222e+00 6.614777e+00 6.834978e+00
-9.999000e+03 -9.999000e+03 -9.999000e+03 -9.999000e+03 -9.999000e+03 -9.999000e+03 -9.999000e+03 -9.999000e+03 -9.999000e+03 -9.999000e+03 -9.999000e+03 -9.999000e+03 -9.999000e+03 -9.999000e+03 -9.999000e+03 1.099600e+00 1.089744e+00 2.748332e-01 1.293747e+00 1.629151e+00 2.051072e+00 4.329876e+00 3.405763e+00 3.722668e+00 3.589124e+00 3.428177e+00 3.649026e+00 3.744591e+00 3.878727e+00 4.005723e+00 4.086007e+00 5.098079e+00 4.077873e+00 3.844485e+00 3.833683e+00 4.075385e+00 4.558523e+00 4.872597e+00 4.964927e+00 5.011634e+00 5.091732e+00 5.155326e+00 5.211943e+00 5.300369e+00 6.126415e+00 7.699669e+00 5.684697e+00 5.920345e+00 6.383188e+00 6.694994e+00 6.982922e+00 7.142016e+00
-9.999000e+03 -9.999000e+03 -9.999000e+03 -9.999000e+03 -9.999000e+03 -9.999000e+03 -9.999000e+03 -9.999000e+03 -9.999000e+03 -9.999000e+03 -9.999000e+03 -9.999000e+03 -9.999000e+03 -9.999000e+03 -9.999000e+03 -9.999000e+03 4.385124e-01 9.219646e-01 1.278098e+00 1.617946e+00 4.066279e+00 2.017414e+00 3.853477e+00 3.976453e+00 5.185065e+00 2.683269e+00 2.683928e+00 2.768146e+00 3.066722e+00 3.470344e+00 3.769941e+00 3.854307e+00 4.242079e+00 3.461108e+00 3.602857e+00 4.210785e+00 4.725206e+00 4.954522e+00 4.944480e+00 5.045649e+00 5.060871e+00 5.020261e+00 5.033870e+00 5.163990e+00 5.449144e+00 5.917584e+00 7.769819e+00 6.572956e+00 6.751808e+00 7.026598e+00 7.274290e+00 7.372624e+00
-9.999000e+03 -9.999000e+03 -9.999000e+03 -9.999000e+03 -9.999000e+03 -9.999000e+03 -9.999000e+03 -9.999000e+03 -9.999000e+03 -9.999000e+03 -9.999000e+03 -9.999000e+03 -9.999000e+03 -9.999000e+03 -9.999000e+03 -9.999000e+03 -9.999000e+03 9.820438e-01 1.176361e+00 3.633323e+00 1.858352e+00 2.980085e+00 3.049483e+00 4.650966e+00 4.280026e+00 5.656941e+00 4.617987e+00 2.885159e+00 2.525789e+00 2.907471e+00 3.192904e+00 3.245177e+00 3.163225e+00 3.364130e+00 3.356045e+00 4.063219e+00 4.482793e+00 4.529763e+00 4.675670e+00 4.896501e+00 4.908087e+00 4.998104e+00 5.144304e+00 5.376002e+00 5.725765e+00 6.189555e+00 6.643329e+00 7.671727e+00 7.035364e+00 7.253760e+00 7.439317e+00 7.429255e+00
-9.999000e+03 -9.999000e+03 -9.999000e+03 -9.999000e+03 -9.999000e+03 -9.999000e+03 -9.999000e+03 -9.999000e+03 -9.999000e+03 -9.999000e+03 -9.999000e+03 -9.999000e+03 -9.999000e+03 -9.999000e+03 -9.999000e+03 -9.999000e+03 -9.999000e+03 9.870377e-01 1.814321e+00 3.552891e+00 3.245272e+00 2.965062e+00 2.707741e+00 2.193015e+00 2.460530e+00 4.972790e+00 6.038260e+00 5.119454e+00 5.412720e+00 5.801449e+00 3.066071e+00 2.634527e+00 2.695241e+00 2.773035e+00 3.041083e+00 3.620240e+00 3.900946e+00 3.866529e+00 4.050207e+00 4.522869e+00 4.970798e+00 5.331996e+00 5.593013e+00 5.963139e+00 6.303437e+00 6.659110e+00 6.939874e+00 7.067574e+00 7.167291e+00 7.359741e+00 7.455971e+00 7.283971e+00
-9.999000e+03 -9.999000e+03 -9.999000e+03 -9.999000e+03 -9.999000e+03 -9.999000e+03 -9.999000e+03 -9.999000e+03 -9.999000e+03 -9.999000e+03 -9.999000e+03 -9.999000e+03 -9.999000e+03 -9.999000e+03 -9.999000e+03 -9.999000e+03 -9.999000e+03 1.161530e+00 1.576897e+00 2.096952e+00 3.152180e+00 2.841935e+00 1.987683e+00 2.255525e+00 2.521019e+00 2.783790e+00 2.875644e+00 4.923263e+00 5.468040e+00 6.183085e+00 6.250655e+00 4.738772e+00 3.163160e+00 2.360193e+00 2.483972e+00 6.090815e+00 6.934303e+00 7.265022e+00 7.840308e+00 8.542352e+00 8.815554e+00 8.937413e+00 4.694684e+00 5.098579e+00 5.607236e+00 5.964503e+00 6.333963e+00 6.589934e+00 6.856735e+00 7.108113e+00 7.074977e+00 6.735753e+00
-9.999000e+03 -9.999000e+03 -9.999000e+03 -9.999000e+03 -9.999000e+03 -9.999000e+03 -9.999000e+03 -9.999000e+03 -9.999000e+03 -9.999000e+03 -9.999000e+03 -9.999000e+03 -9.999000e+03 -9.999000e+03 -9.999000e+03 -9.999000e+03 -9.999000e+03 1.511590e+00 1.378535e+00 1.835256e+00 1.999083e+00 2.075975e+00 2.213661e+00 2.454138e+00 2.627571e+00 2.742052e+00 2.850098e+00 2.879448e+00 2.998474e+00 3.278156e+00 5.584770e+00 6.269010e+00 5.393115e+00 4.939689e+00 4.715781e+00 5.468744e+00 6.233820e+00 7.219459e+00 8.069859e+00 8.921279e+00 9.034071e+00 8.395593e+00 7.777579e+00 7.549613e+00 8.400146e+00 4.398932e+00 5.038693e+00 5.519696e+00 6.160716e+00 6.473387e+00 6.249938e+00 5.763479e+00
-9.999000e+03 -9.999000e+03 -9.999000e+03 -9.999000e+03 -9.999000e+03 -9.999000e+03 -9.999000e+03 -9.999000e+03 -9.999000e+03 -9.999000e+03 -9.999000e+03 -9.999000e+03 -9.999000e+03 -9.999000e+03 -9.999000e+03 -9.999000e+03 1.731928e+00 1.498555e+00 1.666830e+00 1.785025e+00 2.054299e+00 2.250030e+00 2.434230e+00 2.647392e+00 2.758718e+00 2.730238e+00 2.905639e+00 3.076293e+00 3.270201e+00 3.565646e+00 3.486045e+00 3.265365e+00 4.954660e+00 5.035967e+00 5.183135e+00 2.577189e+00 3.011322e+00 3.614172e+00 4.257898e+00 4.940443e+00 5.328373e+00 5.291671e+00 9.895234e+00 9.269545e+00 8.780233e+00 8.715280e+00 8.692942e+00 9.606383e+00 1.055400e+01 4.856438e+00 4.578329e+00 4.299246e+00
-9.999000e+03 -9.999000e+03 -9.999000e+03 -9.999000e+03 -9.999000e+03 -9.999000e+03 -9.999000e+03 -9.999000e+03 -9.999000e+03 -9.999000e+03 -9.999000e+03 -9.999000e+03 -9.999000e+03 -9.999000e+03 -9.999000e+03 1.148235e+00 1.673319e+00 1.928006e+00 1.937993e+00 1.917054e+00 1.969042e+00 2.139852e+00 2.454083e+00 2.599694e+00 2.725108e+00 2.686699e+00 2.860439e+00 3.292873e+00 3.564615e+00 3.659309e+00 3.531882e+00 3.215735e+00 3.024504e+00 2.969110e+00 3.126149e+00 3.339684e+00 3.520162e+00 3.803576e+00 4.187849e+00 4.683323e+00 5.146384e+00 5.665920e+00 5.903280e+00 5.934263e+00 5.841064e+00 1.079000e+01 1.079000e+01 1.037795e+01 9.526471e+00 8.230273e+00 7.529189e+00 6.511242e+00
-9.999000e+03 -9.999000e+03 -9.999000e+03 -9.999000e+03 -9.999000e+03 -9.999000e+03 -9.999000e+03 -9.999000e+03 -9.999000e+03 -9.999000e+03 -9.999000e+03 -9.999000e+03 -9.999000e+03 -9.999000e+03 -9.999000e+03 1.612858e+00 1.729814e+00 2.140138e+00 2.145351e+00 2.089307e+00 2.063868e+00 2.132706e+00 2.277971e+00 2.482884e+00 2.654537e+00 2.722721e+00 2.939656e+00 3.401654e+00 3.685973e+00 3.764607e+00 3.685559e+00 3.508853e+00 3.496987e+00 3.563553e+00 3.707666e+00 3.875378e+00 3.974879e+00 4.124829e+00 4.379331e+00 4.739572e+00 5.167069e+00 5.600496e+00 6.000801e+00 6.455109e+00 6.616770e+00 6.631498e+00 6.575379e+00 6.390124e+00 5.744699e+00 1.038983e+01 8.680653e+00 7.105705e+00
-9.999000e+03 -9.999000e+03 -9.999000e+03 -9.999000e+03 -9.999000e+03 -9.999000e+03 -9.999000e+03 -9.999000e+03 -9.999000e+03 -9.999000e+03 -9.999000e+03 -9.999000e+03 -9.999000e+03 -9.999000e+03 1.644750e+00 1.663102e+00 2.028443e+00 2.166591e+00 2.217123e+00 2.210828e+00 2.177700e+00 2.145689e+00 2.186553e+00 2.298107e+00 2.463156e+00 2.636860e+00 2.929193e+00 3.393836e+00 3.671452e+00 3.771601e+00 3.822925e+00 3.848716e+00 3.956493e+00 3.936122e+00 3.825902e+00 3.880628e+00 4.014721e+00 4.208597e+00 4.522723e+00 4.907803e+00 5.323025e+00 5.650014e+00 5.820763e+00 5.929826e+00 6.065841e+00 6.378691e+00 6.521650e+00 6.662333e+00 6.428871e+00 5.631131e+00 4.773501e+00 4.842549e+00
-9.999000e+03 -9.999000e+03 -9.999000e+03 -9.999000e+03 -9.999000e+03 -9.999000e+03 -9.999000e+03 -9.999000e+03 -9.999000e+03 -9.999000e+03 -9.999000e+03 -9.999000e+03 -9.999000e+03 1.516965e+00 1.665416e+00 1.968735e+00 2.072849e+00 2.207031e+00 2.290946e+00 2.322141e+00 2.291173e+00 2.204667e+00 2.185655e+00 2.231332e+00 2.357936e+00 2.542141e+00 2.806919e+00 3.197230e+00 3.412474e+00 3.486084e+00 3.610695e+00 3.739408e+00 3.884889e+00 3.865139e+00 3.692167e+00 3.664725e+00 3.752664e+00 3.892973e+00 4.167487e+00 4.515895e+00 4.937120e+00 5.336120e+00 5.499731e+00 5.498879e+00 5.600892e+00 5.824383e+00 6.079327e+00 6.467752e+00 6.350494e+00 5.827321e+00 5.349097e+00 4.789384e+00
-9.999000e+03 -9.999000e+03 -9.999000e+03 -9.999000e+03 -9.999000e+03 -9.999000e+03 -9.999000e+03 -9.999000e+03 -9.999000e+03 -9.999000e+03 -9.999000e+03 -9.999000e+03 -9.999000e+03 1.304822e+00 1.553818e+00 1.984767e+00 2.093944e+00 2.239326e+00 2.343532e+00 2.388017e+00 2.371482e+00 2.288925e+00 2.270236e+00 2.293676e+00 2.370675e+00 2.508587e+00 2.663268e+00 2.882908e+00 2.960245e+00 2.936521e+00 3.043774e+00 3.160157e+00 3.285274e+00 3.409525e+00 3.361238e+00 3.253307e+00 3.256421e+00 3.298844e+00 3.416702e+00 3.620051e+00 3.972842e+00 4.631771e+00 4.968386e+00 4.935085e+00 5.010488e+00 5.413160e+00 5.614953e+00 5.780162e+00 5.700151e+00 5.449068e+00 5.222259e+00 5.105841e+00
-9.999000e+03 -9.999000e+03 -9.999000e+03 -9.999000e+03 -9.999000e+03 -9.999000e+03 -9.999000e+03 -9.999000e+03 -9.999000e+03 -9.999000e+03 -9.999000e+03 -9.999000e+03 1.044686e+00 1.122517e+00 1.502451e+00 1.759299e+00 1.955092e+00 2.168895e+00 2.310703e+00 2.356275e+00 2.351243e+00 2.282820e+00 2.266893e+00 2.285931e+00 2.346860e+00 2.488774e+00 2.577163e+00 2.629890e+00 2.574728e+00 2.455399e+00 2.507930e+00 2.555900e+00 2.655169e+00 3.017845e+00 3.110615e+00 2.829660e+00 2.674684e+00 2.573801e+00 2.599696e+00 2.338712e+00 2.757655e+00 3.547607e+00 3.921008e+00 3.878035e+00 4.735039e+00 4.932776e+00 5.081193e+00 5.342234e+00 5.229835e+00 4.862569e+00 4.846484e+00 7.905522e+00
-9.999000e+03 -9.999000e+03 -9.999000e+03 -9.999000e+03 -9.999000e+03 -9.999000e+03 -9.999000e+03 -9.999000e+03 -9.999000e+03 -9.999000e+03 -9.999000e+03 7.689502e-01 9.422484e-01 1.138059e+00 1.169882e+00 1.370431e+00 1.664722e+00 1.968378e+00 2.165346e+00 2.237892e+00 2.265802e+00 2.222624e+00 2.203853e+00 2.231573e+00 2.289648e+00 2.417428e+00 2.462383e+00 2.417891e+00 2.282196e+00 2.074490e+00 2.031664e+00 2.016886e+00 2.175868e+00 2.714288e+00 2.901880e+00 2.558533e+00 1.979029e+00 1.889679e+00 1.943073e+00 2.140057e+00 2.670231e+00 3.473776e+00 3.804127e+00 3.698236e+00 3.687956e+00 3.788584e+00 4.697873e+00 4.885484e+00 4.846599e+00 4.701936e+00 7.313241e+00 7.500861e+00
-9.999000e+03 -9.999000e+03 -9.999000e+03 -9.999000e+03 -9.999000e+03 -9.999000e+03 -9.999000e+03 -9.999000e+03 -9.999000e+03 -9.999000e+03 -9.999000e+03 6.886496e-01 8.735161e-01 1.067851e+00 1.045836e+00 1.188045e+00 1.442546e+00 1.733707e+00 1.953906e+00 2.073816e+00 2.148494e+00 2.156323e+00 2.179882e+00 2.263404e+00 2.306312e+00 2.320917e+00 2.289777e+00 2.202606e+00 2.019459e+00 1.729939e+00 1.659637e+00 1.832575e+00 1.886983e+00 2.340084e+00 2.488446e+00 2.313797e+00 2.175817e+00 2.080912e+00 2.225527e+00 3.024066e+00 3.617417e+00 4.252319e+00 4.454202e+00 4.216188e+00 3.390116e+00 3.407582e+00 3.573168e+00 3.858741e+00 4.757945e+00 7.903607e+00 7.512852e+00 4.691456e+00
-9.999000e+03 -9.999000e+03 -9.999000e+03 -9.999000e+03 -9.999000e+03 -9.999000e+03 -9.999000e+03 -9.999000e+03 -9.999000e+03 -9.999000e+03 9.497347e-01 8.568517e-01 9.487415e-01 1.003461e+00 1.085203e+00 1.164941e+00 1.300204e+00 1.486495e+00 1.713340e+00 1.913823e+00 2.037094e+00 2.095755e+00 2.184365e+00 2.337872e+00 2.348357e+00 2.208549e+00 2.114369e+00 2.045437e+00 1.846704e+00 1.503310e+00 1.506551e+00 1.696839e+00 2.081952e+00 2.443441e+00 2.597527e+00 2.557804e+00 2.892428e+00 2.752182e+00 2.953109e+00 3.496747e+00 4.034705e+00 4.323751e+00 4.309455e+00 4.016629e+00 3.884923e+00 3.851372e+00 3.383122e+00 3.600124e+00 7.986575e+00 7.831150e+00 4.553926e+00 4.400233e+00
-9.999000e+03 -9.999000e+03 -9.999000e+03 -9.999000e+03 -9.999000e+03 -9.999000e+03 -9.999000e+03 -9.999000e+03 -9.999000e+03 -9.999000e+03 1.083550e+00 9.881204e-01 9.616566e-01 1.017113e+00 1.149985e+00 1.194416e+00 1.233764e+00 1.288368e+00 1.501510e+00 1.795251e+00 1.985520e+00 2.093024e+00 2.230917e+00 2.418266e+00 2.406092e+00 2.180488e+00 2.068231e+00 2.052208e+00 1.890999e+00 1.585244e+00 1.443969e+00 1.891594e+00 2.599328e+00 2.980438e+00 3.179629e+00 3.189602e+00 3.101264e+00 3.003447e+00 3.180527e+00 3.701838e+00 4.001507e+00 4.023498e+00 6.103239e+00 5.765294e+00 3.667465e+00 3.922285e+00 5.898100e+00 7.484245e+00 7.255800e+00 4.052059e+00 4.145205e+00 4.201731e+00
-9.999000e+03 -9.999000e+03 -9.999000e+03 -9.999000e+03 -9.999000e+03 -9.999000e+03 -9.999000e+03 -9.999000e+03 -9.999000e+03 1.096549e+00 1.159581e+00 1.215857e+00 1.024306e+00 1.080535e+00 1.191255e+00 1.221197e+00 1.228074e+00 1.212498e+00 1.384763e+00 1.735496e+00 1.974831e+00 2.096199e+00 2.228941e+00 2.393482e+00 2.450115e+00 2.333823e+00 2.235042e+00 2.215852e+00 2.079347e+00 1.818172e+00 1.654733e+00 2.361117e+00 2.775556e+00 3.126222e+00 3.774507e+00 4.931613e+00 4.849918e+00 4.910514e+00 5.284128e+00 5.975600e+00 6.363011e+00 6.326535e+00 6.513056e+00 6.432458e+00 6.792536e+00 7.389389e+00 7.464631e+00 6.892857e+00 3.427922e+00 3.569118e+00 3.841840e+00 4.061321e+00
-9.999000e+03 -9.999000e+03 -9.999000e+03 -9.999000e+03 -9.999000e+03 -9.999000e+03 -9.999000e+03 -9.999000e+03 9.045302e-01 1.018759e+00 1.233802e+00 1.243755e+00 1.167982e+00 1.177101e+00 1.217774e+00 1.233649e+00 1.264116e+00 1.276137e+00 1.441185e+00 1.817536e+00 2.067063e+00 2.157626e+00 2.215394e+00 2.264085e+00 2.366172e+00 2.440394e+00 2.430733e+00 2.404700e+00 2.289653e+00 2.075133e+00 2.617419e+00 3.146098e+00 3.960800e+00 4.259717e+00 4.765865e+00 4.736827e+00 5.039422e+00 5.075614e+00 5.453607e+00 6.075093e+00 6.395032e+00 6.510399e+00 3.662446e+00 4.017477e+00 7.211691e+00 7.329511e+00 4.610478e+00 3.354774e+00 3.222332e+00 3.264890e+00 3.527785e+00 3.810085e+00
-9.999000e+03 -9.999000e+03 -9.999000e+03 -9.999000e+03 -9.999000e+03 -9.999000e+03 -9.999000e+03 -9.999000e+03 8.410231e-01 9.032237e-01 1.046367e+00 1.194339e+00 1.281822e+00 1.276297e+00 1.271811e+00 1.281241e+00 1.363164e+00 1.445713e+00 1.620528e+00 1.985085e+00 2.243771e+00 2.331997e+00 2.320940e+00 2.225556e+00 2.278477e+00 2.488888e+00 2.563104e+00 2.489730e+00 2.406462e+00 2.309287e+00 2.869477e+00 3.526708e+00 3.804516e+00 4.306142e+00 3.398662e+00 3.093297e+00 3.324382e+00 3.574309e+00 3.808583e+00 4.056931e+00 4.167203e+00 4.117654e+00 4.129888e+00 4.260015e+00 4.223866e+00 4.022061e+00 3.838328e+00 3.626761e+00 3.370430e+00 3.123665e+00 3.136452e+00 3.369474e+00
