tests/data/reference/test_stream_rill_mfda_diffusion/mrsearstr_pa.asc
ncols	123
nrows	77
xllcorner	-713746.79929998
yllcorner	-1061022.36961616
cellsize	10.0
NODATA_value	-9999
[rows 23 to 45 of 77, columns 52 to 103 of 123]
6.402917e+00 6.649042e+00 6.645930e+00 6.455288e+00 6.344676e+00 6.307546e+00 6.195411e+00 5.976713e+00 5.840142e+00 5.840507e+00 5.782450e+00 5.666001e+00 5.545073e+00 5.298468e+00 4.810536e+00 4.211469e+00 3.680560e+00 5.483978e+00 5.344208e+00 3.138845e+00 3.292814e+00 4.051553e+00 4.108153e+00 4.039513e+00 3.717532e+00 3.446035e+00 3.172394e+00 2.899591e+00 2.629185e+00 2.432689e+00 2.965205e+00 -9.999000e+03 -9.999000e+03 -9.999000e+03 -9.999000e+03 -9.999000e+03 -9.999000e+03 -9.999000e+03 -9.999000e+03 -9.999000e+03 -9.999000e+03 -9.999000e+03 -9.999000e+03 -9.999000e+03 -9.999000e+03 -9.999000e+03 -9.999000e+03 -9.999000e+03 -9.999000e+03 -9.999000e+03 -9.999000e+03 -9.999000e+03
6.713080e+00 6.817434e+00 6.695652e+00 6.486406e+00 6.344831e+00 6.261573e+00 6.121086e+00 5.911381e+00 5.810497e+00 5.821087e+00 5.779594e+00 5.715677e+00 5.545393e+00 5.172511e+00 4.687187e+00 4.188654e+00 3.768370e+00 3.612483e+00 5.504319e+00 5.450222e+00 4.316284e+00 4.525898e+00 4.713482e+00 4.613526e+00 4.371799e+00 3.902072e+00 3.302033e+00 2.823364e+00 2.523127e+00 2.603528e+00 2.650112e+00 2.998648e+00 2.937998e+00 -9.999000e+03 -9.999000e+03 -9.999000e+03 -9.999000e+03 -9.999000e+03 -9.999000e+03 -9.999000e+03 -9.999000e+03 -9.999000e+03 -9.999000e+03 -9.999000e+03 -9.999000e+03 -9.999000e+03 -9.999000e+03 -9.999000e+03 -9.999000e+03 -9.999000e+03 -9.999000e+03 -9.999000e+03
6.947761e+00 6.941330e+00 6.823773e+00 6.583387e+00 6.301754e+00 6.058163e+00 5.860349e+00 5.767568e+00 5.823853e+00 5.922119e+00 5.914419e+00 5.782024e+00 5.449602e+00 4.986406e+00 4.620856e+00 4.376359e+00 4.200493e+00 4.120433e+00 4.234437e+00 5.684219e+00 5.489629e+00 4.998415e+00 5.051943e+00 4.979901e+00 4.806888e+00 4.529562e+00 4.179204e+00 3.833734e+00 3.478863e+00 3.092858e+00 2.795540e+00 2.461840e+00 2.879223e+00 3.100358e+00 -9.999000e+03 -9.999000e+03 -9.999000e+03 -9.999000e+03 -9.999000e+03 -9.999000e+03 -9.999000e+03 -9.999000e+03 -9.999000e+03 -9.999000e+03 -9.999000e+03 -9.999000e+03 -9.999000e+03 -9.999000e+03 -9.999000e+03 -9.999000e+03 -9.999000e+03 -9.999000e+03
7.140117e+00 7.033039e+00 6.830041e+00 6.489039e+00 6.124182e+00 5.851674e+00 5.725587e+00 5.806383e+00 5.946283e+00 6.023779e+00 5.967715e+00 5.736556e+00 5.378552e+00 5.015101e+00 4.754903e+00 4.574938e+00 4.405375e+00 4.292137e+00 4.370512e+00 4.581654e+00 5.393170e+00 5.059869e+00 5.076507e+00 6.304434e+00 5.023511e+00 3.974660e+00 4.888487e+00 4.705471e+00 4.330646e+00 3.698567e+00 3.071064e+00 2.963280e+00 3.290606e+00 3.168187e+00 3.241853e+00 2.943262e+00 2.396874e+00 -9.999000e+03 -9.999000e+03 -9.999000e+03 -9.999000e+03 -9.999000e+03 -9.999000e+03 -9.999000e+03 -9.999000e+03 -9.999000e+03 -9.999000e+03 -9.999000e+03 -9.999000e+03 -9.999000e+03 -9.999000e+03 -9.999000e+03
7.297334e+00 7.039632e+00 6.643384e+00 6.195183e+00 5.870200e+00 5.759524e+00 5.812859e+00 5.981937e+00 6.073485e+00 6.049393e+00 5.931488e+00 5.703932e+00 5.467739e+00 5.259402e+00 5.007657e+00 4.664282e+00 4.298976e+00 4.092833e+00 4.184460e+00 4.380880e+00 4.535464e+00 4.664344e+00 4.742827e+00 6.138747e+00 5.545883e+00 4.113742e+00 5.088786e+00 5.253857e+00 6.088828e+00 5.516290e+00 3.346735e+00 3.022812e+00 3.369336e+00 3.351020e+00 2.847345e+00 2.815625e+00 2.543588e+00 2.253040e+00 2.108836e+00 -9.999000e+03 -9.999000e+03 -9.999000e+03 -9.999000e+03 -9.999000e+03 -9.999000e+03 -9.999000e+03 -9.999000e+03 -9.999000e+03 -9.999000e+03 -9.999000e+03 -9.999000e+03 -9.999000e+03
7.243058e+00 6.872547e+00 6.415862e+00 6.009279e+00 5.784020e+00 5.774005e+00 5.881873e+00 6.065225e+00 6.159893e+00 6.124347e+00 5.993256e+00 5.773181e+00 5.554383e+00 5.323990e+00 4.980321e+00 4.534597e+00 4.192617e+00 4.100014e+00 4.262325e+00 4.481768e+00 4.622892e+00 4.712105e+00 4.751363e+00 4.828952e+00 5.577208e+00 5.330109e+00 5.330620e+00 6.902702e+00 7.502958e+00 4.961896e+00 4.517989e+00 4.089213e+00 3.555997e+00 3.169581e+00 3.115110e+00 2.671115e+00 2.575254e+00 2.380866e+00 2.233624e+00 2.149840e+00 0.000000e+00 -9.999000e+03 -9.999000e+03 -9.999000e+03 -9.999000e+03 -9.999000e+03 -9.999000e+03 -9.999000e+03 -9.999000e+03 -9.999000e+03 -9.999000e+03 -9.999000e+03
6.959416e+00 6.554667e+00 6.195880e+00 5.971331e+00 5.876521e+00 5.831876e+00 5.854245e+00 6.085105e+00 6.286048e+00 6.294932e+00 6.154155e+00 5.882544e+00 5.542586e+00 5.113916e+00 4.633375e+00 4.260127e+00 4.182618e+00 4.360582e+00 4.653188e+00 4.943327e+00 5.141532e+00 5.202633e+00 5.138526e+00 5.076729e+00 5.153139e+00 5.438940e+00 5.681543e+00 8.367059e+00 7.855984e+00 5.176380e+00 4.858344e+00 4.375414e+00 3.898478e+00 3.521421e+00 3.141677e+00 2.984222e+00 2.883888e+00 2.431913e+00 2.396860e+00 0.000000e+00 0.000000e+00 1.387712e+00 1.139380e+00 -9.999000e+03 -9.999000e+03 -9.999000e+03 -9.999000e+03 -9.999000e+03 -9.999000e+03 -9.999000e+03 -9.999000e+03 -9.999000e+03
6.350759e+00 6.039794e+00 5.883437e+00 5.873421e+00 5.911654e+00 5.896634e+00 5.928491e+00 6.183196e+00 6.329560e+00 6.218974e+00 5.979824e+00 5.625501e+00 5.214801e+00 4.758218e+00 4.413801e+00 4.328605e+00 4.507568e+00 4.856902e+00 5.200618e+00 5.450657e+00 5.576085e+00 5.539268e+00 5.391005e+00 5.273797e+00 5.307900e+00 5.543633e+00 5.740096e+00 9.288564e+00 8.851581e+00 5.380850e+00 5.165243e+00 4.780745e+00 4.361877e+00 3.948566e+00 3.503802e+00 3.187028e+00 2.612621e+00 2.641547e+00 0.000000e+00 0.000000e+00 1.796595e+00 1.432415e+00 1.259524e+00 1.163204e+00 -9.999000e+03 -9.999000e+03 -9.999000e+03 -9.999000e+03 -9.999000e+03 -9.999000e+03 -9.999000e+03 -9.999000e+03
5.413311e+00 5.333657e+00 5.480173e+00 5.695536e+00 5.871710e+00 6.016191e+00 6.170362e+00 6.286956e+00 6.138834e+00 5.786865e+00 5.401902e+00 4.974632e+00 4.617533e+00 4.410060e+00 4.475911e+00 4.774803e+00 5.157206e+00 5.575260e+00 5.869823e+00 5.952575e+00 5.875160e+00 5.678480e+00 5.471262e+00 5.386744e+00 5.469687e+00 5.663991e+00 7.341257e+00 1.002043e+01 7.703674e+00 5.623321e+00 5.573796e+00 5.296179e+00 4.902071e+00 4.519482e+00 4.013365e+00 3.531518e+00 3.018344e+00 0.000000e+00 0.000000e+00 2.832363e+00 2.374316e+00 1.644211e+00 1.234420e+00 1.073716e+00 1.135953e+00 -9.999000e+03 -9.999000e+03 -9.999000e+03 -9.999000e+03 -9.999000e+03 -9.999000e+03 -9.999000e+03
4.205943e+00 4.408512e+00 4.753926e+00 5.093801e+00 5.396328e+00 5.697135e+00 5.954726e+00 6.015406e+00 5.806531e+00 5.499902e+00 5.185417e+00 4.861995e+00 4.683559e+00 4.708405e+00 4.941459e+00 5.308502e+00 5.655647e+00 5.949761e+00 6.053618e+00 5.951225e+00 5.791015e+00 5.605649e+00 5.477313e+00 5.486153e+00 5.612503e+00 5.732692e+00 8.567233e+00 1.010316e+01 6.869330e+00 5.526809e+00 5.581231e+00 5.433197e+00 5.145658e+00 4.895662e+00 4.455555e+00 3.969338e+00 0.000000e+00 0.000000e+00 3.589714e+00 3.205278e+00 2.785534e+00 2.318323e+00 1.607636e+00 1.321167e+00 1.359801e+00 1.493580e+00 -9.999000e+03 -9.999000e+03 -9.999000e+03 -9.999000e+03 -9.999000e+03 -9.999000e+03
2.871858e+00 3.357265e+00 3.768793e+00 4.133977e+00 4.532135e+00 4.941452e+00 5.271973e+00 5.461233e+00 5.537672e+00 5.556466e+00 5.513996e+00 5.459578e+00 5.493386e+00 5.574759e+00 5.677168e+00 5.808665e+00 5.877745e+00 5.856196e+00 5.668848e+00 5.417203e+00 5.315050e+00 5.318610e+00 5.415437e+00 5.583238e+00 5.738138e+00 5.746739e+00 1.066000e+01 1.021656e+01 5.053093e+00 5.066782e+00 5.157004e+00 5.172084e+00 5.034263e+00 4.940511e+00 0.000000e+00 0.000000e+00 0.000000e+00 4.255244e+00 3.928484e+00 3.585518e+00 3.264241e+00 2.929489e+00 2.567259e+00 1.917012e+00 1.670691e+00 1.468860e+00 1.327195e+00 1.320722e+00 -9.999000e+03 -9.999000e+03 -9.999000e+03 -9.999000e+03
6.864597e+00 8.220994e+00 3.348321e+00 3.758589e+00 4.058736e+00 4.558387e+00 4.990990e+00 5.310615e+00 5.589958e+00 5.812564e+00 5.958579e+00 6.093784e+00 6.235875e+00 6.301679e+00 6.279956e+00 6.183660e+00 5.970748e+00 5.669071e+00 5.280938e+00 5.071398e+00 4.768200e+00 4.819458e+00 5.048236e+00 5.327406e+00 5.488322e+00 5.401109e+00 1.047080e+01 9.932663e+00 4.657257e+00 4.686063e+00 4.851254e+00 5.083610e+00 5.056329e+00 0.000000e+00 0.000000e+00 3.865915e+00 4.679678e+00 4.493902e+00 4.248866e+00 3.970223e+00 3.677224e+00 3.428915e+00 3.085084e+00 2.669419e+00 1.998033e+00 1.729380e+00 1.569969e+00 1.594255e+00 1.612103e+00 -9.999000e+03 -9.999000e+03 -9.999000e+03
8.719720e+00 9.022717e+00 9.534282e+00 3.737328e+00 4.131986e+00 4.794904e+00 5.359056e+00 5.748683e+00 6.097250e+00 6.376801e+00 6.595530e+00 6.809890e+00 6.965689e+00 7.001944e+00 6.906104e+00 6.609420e+00 6.133534e+00 5.611531e+00 5.079418e+00 4.591397e+00 4.308981e+00 4.283384e+00 4.541300e+00 4.856559e+00 4.832042e+00 4.670023e+00 9.591495e+00 9.246138e+00 4.258290e+00 4.411818e+00 4.689339e+00 5.126606e+00 0.000000e+00 0.000000e+00 4.701088e+00 4.781292e+00 4.724087e+00 4.661021e+00 4.533345e+00 4.337511e+00 4.053768e+00 3.729342e+00 3.405160e+00 2.970717e+00 2.663964e+00 2.505806e+00 2.156786e+00 2.128894e+00 2.039548e+00 1.857000e+00 1.590950e+00 -9.999000e+03
4.453877e+00 6.307681e+00 1.075658e+01 1.014137e+01 4.221056e+00 4.964372e+00 5.407306e+00 5.511549e+00 5.625039e+00 5.726782e+00 5.841318e+00 5.986027e+00 6.019990e+00 5.931293e+00 5.764023e+00 5.460217e+00 5.096555e+00 4.764959e+00 4.430649e+00 4.115364e+00 3.968543e+00 4.099893e+00 4.354459e+00 4.529660e+00 4.455965e+00 1.017937e+01 8.904678e+00 3.786506e+00 4.062463e+00 4.350542e+00 4.693109e+00 0.000000e+00 0.000000e+00 5.086263e+00 4.953045e+00 4.836470e+00 4.775985e+00 4.750409e+00 4.688197e+00 4.576807e+00 4.329693e+00 3.977785e+00 3.639338e+00 3.288296e+00 2.992939e+00 2.782398e+00 2.748674e+00 2.359005e+00 2.289830e+00 2.195919e+00 2.060004e+00 1.923473e+00
7.225291e+00 7.231066e+00 6.820890e+00 1.079000e+01 1.079000e+01 1.079000e+01 1.079000e+01 1.068458e+01 1.046375e+01 1.033164e+01 1.027651e+01 1.040331e+01 1.017513e+01 9.746857e+00 9.240094e+00 8.931448e+00 8.229594e+00 3.391346e+00 3.591116e+00 3.754391e+00 4.017038e+00 4.402428e+00 4.621369e+00 4.473484e+00 4.063661e+00 9.572941e+00 8.857280e+00 3.658231e+00 4.104883e+00 4.517986e+00 0.000000e+00 0.000000e+00 5.438412e+00 5.234281e+00 5.119763e+00 4.987658e+00 4.848578e+00 4.775018e+00 4.719108e+00 4.671991e+00 4.491735e+00 4.163206e+00 3.854023e+00 3.520423e+00 3.160135e+00 2.847417e+00 2.620038e+00 2.611003e+00 2.682826e+00 2.410719e+00 2.462375e+00 2.360283e+00
7.856791e+00 5.861948e+00 6.976444e+00 7.436762e+00 1.079000e+01 1.079000e+01 1.079000e+01 1.079000e+01 1.079000e+01 1.072196e+01 1.073501e+01 1.076336e+01 1.075607e+01 1.042047e+01 1.000987e+01 9.409030e+00 8.997570e+00 8.873287e+00 9.247016e+00 3.077694e+00 3.430098e+00 4.006938e+00 4.223228e+00 3.971500e+00 8.793874e+00 8.456255e+00 3.096464e+00 3.100937e+00 5.300805e+00 0.000000e+00 0.000000e+00 5.450318e+00 5.529549e+00 5.326926e+00 5.250266e+00 5.127934e+00 4.964341e+00 4.899900e+00 4.874151e+00 4.858969e+00 4.708174e+00 4.378401e+00 4.049474e+00 3.729385e+00 3.389077e+00 3.022668e+00 2.737828e+00 2.636753e+00 2.658003e+00 2.818688e+00 2.520038e+00 2.480814e+00
5.335445e+00 5.548302e+00 5.586921e+00 5.419612e+00 5.675718e+00 6.282649e+00 6.616332e+00 6.643774e+00 6.581974e+00 6.440667e+00 6.242487e+00 6.150811e+00 5.829970e+00 5.426483e+00 4.990199e+00 4.585994e+00 4.951162e+00 1.060365e+01 9.611302e+00 8.774287e+00 8.672811e+00 1.035405e+01 3.464247e+00 3.058865e+00 7.091198e+00 7.804220e+00 3.469153e+00 3.814007e+00 0.000000e+00 0.000000e+00 5.194934e+00 5.538963e+00 5.584154e+00 5.373556e+00 5.332988e+00 5.254376e+00 5.129099e+00 5.122247e+00 5.147583e+00 5.151123e+00 5.012155e+00 4.665429e+00 4.255716e+00 3.901781e+00 3.651945e+00 3.375605e+00 3.025707e+00 2.754766e+00 2.674646e+00 2.615794e+00 2.632072e+00 2.276866e+00
4.785307e+00 5.110517e+00 5.469877e+00 5.743194e+00 6.227695e+00 6.894792e+00 7.323049e+00 7.494187e+00 7.584766e+00 7.570087e+00 7.434805e+00 7.205573e+00 6.912974e+00 6.567218e+00 6.175583e+00 5.952295e+00 5.562495e+00 5.132167e+00 4.528689e+00 1.003800e+01 1.026048e+01 1.079000e+01 1.051182e+01 2.269351e+00 2.082425e+00 5.937847e+00 7.488867e+00 3.847432e+00 0.000000e+00 4.778124e+00 5.061506e+00 5.540793e+00 5.705505e+00 5.542066e+00 5.452612e+00 5.350984e+00 5.264265e+00 5.314988e+00 5.382860e+00 5.383789e+00 5.227456e+00 4.896405e+00 4.457795e+00 4.029746e+00 3.813902e+00 3.653747e+00 3.343811e+00 3.014230e+00 2.832589e+00 2.725066e+00 2.596229e+00 2.606495e+00
4.561731e+00 4.941726e+00 5.239440e+00 5.401547e+00 5.716779e+00 6.284434e+00 6.746585e+00 7.045112e+00 7.340039e+00 7.544124e+00 7.561984e+00 7.479106e+00 7.406609e+00 7.333606e+00 7.182917e+00 6.978199e+00 6.760852e+00 6.474499e+00 6.068304e+00 5.188953e+00 4.750946e+00 0.000000e+00 0.000000e+00 0.000000e+00 1.703280e+00 1.819992e+00 6.223751e+00 0.000000e+00 0.000000e+00 4.075589e+00 6.181558e+00 5.388361e+00 5.875678e+00 5.857129e+00 5.632587e+00 5.417248e+00 5.350522e+00 5.457818e+00 5.577340e+00 5.590375e+00 5.378045e+00 5.026761e+00 4.605700e+00 4.134004e+00 3.886306e+00 3.810641e+00 3.642601e+00 3.394304e+00 3.207170e+00 3.053610e+00 2.927666e+00 2.777624e+00
4.449687e+00 4.780180e+00 4.971593e+00 5.018167e+00 5.176898e+00 5.583728e+00 5.959556e+00 6.237749e+00 6.615575e+00 7.024823e+00 7.239712e+00 7.302427e+00 7.398048e+00 7.530170e+00 7.580945e+00 7.556138e+00 7.562702e+00 7.538281e+00 7.230234e+00 6.586167e+00 6.222043e+00 6.106005e+00 5.663340e+00 0.000000e+00 0.000000e+00 0.000000e+00 2.859914e+00 0.000000e+00 2.592688e+00 4.111890e+00 5.291065e+00 4.976748e+00 5.483489e+00 5.672305e+00 5.611711e+00 5.499657e+00 5.493068e+00 5.596994e+00 5.708348e+00 5.786816e+00 5.599319e+00 5.193709e+00 4.735658e+00 4.233233e+00 3.948379e+00 3.874045e+00 3.783877e+00 3.625500e+00 3.469426e+00 3.310241e+00 3.148144e+00 2.995340e+00
4.222330e+00 4.399673e+00 4.523106e+00 4.547019e+00 4.619343e+00 4.856247e+00 5.065200e+00 5.199743e+00 5.531113e+00 6.068631e+00 6.486837e+00 6.723399e+00 6.950300e+00 7.212173e+00 7.409198e+00 7.536584e+00 7.756629e+00 8.024553e+00 8.072170e+00 7.857412e+00 7.565032e+00 7.417427e+00 6.764385e+00 5.804134e+00 5.116815e+00 0.000000e+00 0.000000e+00 0.000000e+00 1.687180e+00 2.528761e+00 4.941724e+00 6.314209e+00 4.487929e+00 4.878949e+00 5.294445e+00 5.566622e+00 5.701975e+00 5.783461e+00 5.822736e+00 5.923480e+00 5.817254e+00 5.420431e+00 4.898331e+00 4.330240e+00 3.998180e+00 3.873393e+00 3.780312e+00 3.679098e+00 3.590474e+00 3.460415e+00 3.295392e+00 2.768091e+00
3.933445e+00 4.017047e+00 4.143806e+00 4.241807e+00 4.303554e+00 4.418298e+00 4.503173e+00 4.512112e+00 4.706190e+00 5.158510e+00 5.600804e+00 5.934212e+00 6.221908e+00 6.515632e+00 6.766819e+00 6.966049e+00 7.308252e+00 7.756760e+00 8.010424e+00 8.049146e+00 8.041040e+00 7.968808e+00 7.529668e+00 6.475642e+00 5.998173e+00 7.451860e+00 0.000000e+00 0.000000e+00 0.000000e+00 0.000000e+00 4.443432e+00 5.463082e+00 4.375140e+00 4.589110e+00 5.144275e+00 5.517090e+00 5.749275e+00 5.939613e+00 6.020314e+00 6.077595e+00 5.999798e+00 5.682145e+00 5.180875e+00 4.588516e+00 4.211125e+00 4.017218e+00 3.874778e+00 3.753606e+00 3.679414e+00 3.640609e+00 3.505508e+00 3.073966e+00
3.505801e+00 3.572387e+00 3.777713e+00 4.036097e+00 4.154312e+00 4.195464e+00 4.224982e+00 4.179406e+00 4.191886e+00 4.388710e+00 4.706079e+00 5.052865e+00 5.325286e+00 5.556312e+00 5.769575e+00 5.955094e+00 6.345434e+00 6.908069e+00 7.245120e+00 7.360196e+00 7.576770e+00 7.885174e+00 7.593150e+00 6.753617e+00 6.231120e+00 0.000000e+00 0.000000e+00 4.389150e+00 4.697078e+00 0.000000e+00 0.000000e+00 0.000000e+00 7.310860e+00 6.637978e+00 5.278850e+00 5.381286e+00 5.623391e+00 6.015610e+00 6.230502e+00 6.254862e+00 6.172610e+00 5.938727e+00 5.539405e+00 5.012799e+00 4.616726e+00 4.341636e+00 4.104955e+00 3.884735e+00 3.750767e+00 3.820128e+00 3.313173e+00 3.499095e+00
