tests/data/reference/test_stream_rill_mfda_diffusion/mrsearstr_pa.asc
ncols	123
nrows	77
xllcorner	-713746.79929998
yllcorner	-1061022.36961616
cellsize	10.0
NODATA_value	-9999
[rows 46 to 68 of 77, columns 0 to 51 of 123]
-9.999000e+03 -9.999000e+03 -9.999000e+03 -9.999000e+03 -9.999000e+03 -9.999000e+03 -9.999000e+03 -9.999000e+03 8.918782e-01 9.535097e-01 1.085129e+00 1.264559e+00 1.397862e+00 1.411788e+00 1.400564e+00 1.371047e+00 1.397272e+00 1.448627e+00 1.602369e+00 1.947670e+00 2.230159e+00 2.377630e+00 2.400924e+00 2.300046e+00 2.357190e+00 2.617434e+00 2.673671e+00 2.497391e+00 2.444796e+00 2.507366e+00 2.532654e+00 2.547656e+00 2.610975e+00 2.754113e+00 2.996887e+00 3.284423e+00 3.629608e+00 3.980548e+00 4.261445e+00 4.506637e+00 4.638906e+00 4.643509e+00 4.643891e+00 4.702444e+00 4.631728e+00 4.400149e+00 4.212514e+00 4.030901e+00 3.729588e+00 3.323754e+00 3.111899e+00 3.179447e+00
-9.999000e+03 -9.999000e+03 -9.999000e+03 -9.999000e+03 -9.999000e+03 -9.999000e+03 -9.999000e+03 8.902811e-01 1.034007e+00 1.150083e+00 1.317659e+00 1.444197e+00 1.571161e+00 1.626365e+00 1.631370e+00 1.532679e+00 1.395242e+00 1.320306e+00 1.434386e+00 1.764775e+00 2.055004e+00 2.256948e+00 2.368659e+00 2.373367e+00 2.465436e+00 2.685333e+00 2.715659e+00 2.535056e+00 2.518014e+00 2.674495e+00 2.706891e+00 2.656216e+00 2.757757e+00 2.963882e+00 3.202606e+00 3.437878e+00 3.709309e+00 4.017472e+00 4.270220e+00 4.515189e+00 4.735652e+00 4.894640e+00 5.000191e+00 5.067681e+00 5.002367e+00 4.764282e+00 4.519845e+00 4.324753e+00 4.098861e+00 3.744619e+00 3.411945e+00 3.259610e+00
-9.999000e+03 -9.999000e+03 -9.999000e+03 -9.999000e+03 -9.999000e+03 -9.999000e+03 -9.999000e+03 1.027839e+00 1.063336e+00 1.109518e+00 1.293244e+00 1.406080e+00 1.555988e+00 1.659970e+00 1.692081e+00 1.626988e+00 1.482207e+00 1.353317e+00 1.438176e+00 1.740467e+00 2.010011e+00 2.216277e+00 2.395334e+00 2.520825e+00 2.613824e+00 2.718924e+00 2.742702e+00 2.650566e+00 2.647560e+00 2.778865e+00 2.820914e+00 2.789207e+00 2.892849e+00 3.068910e+00 3.243552e+00 3.407223e+00 3.626105e+00 3.943211e+00 4.210152e+00 4.429869e+00 4.657931e+00 4.876445e+00 5.058761e+00 5.191857e+00 5.208383e+00 5.061455e+00 4.814763e+00 4.546100e+00 4.343733e+00 4.110378e+00 3.784118e+00 3.492322e+00
-9.999000e+03 -9.999000e+03 -9.999000e+03 -9.999000e+03 -9.999000e+03 -9.999000e+03 1.130168e+00 1.192449e+00 9.291278e-01 8.420875e-01 1.034537e+00 1.146868e+00 1.350734e+00 1.517697e+00 1.585781e+00 1.621009e+00 1.564138e+00 1.437107e+00 1.523103e+00 1.817665e+00 2.082219e+00 2.299502e+00 2.547363e+00 2.789004e+00 2.886739e+00 2.886303e+00 2.902216e+00 2.886638e+00 2.857345e+00 2.887218e+00 2.906433e+00 2.864060e+00 2.869228e+00 2.931649e+00 3.029676e+00 3.150308e+00 3.355400e+00 3.711400e+00 4.043945e+00 4.288268e+00 4.480206e+00 4.655042e+00 4.852406e+00 5.048220e+00 5.177123e+00 5.189931e+00 5.031660e+00 4.727375e+00 4.509190e+00 4.395314e+00 4.142341e+00 3.780854e+00
-9.999000e+03 -9.999000e+03 -9.999000e+03 -9.999000e+03 -9.999000e+03 9.927458e-01 1.149803e+00 9.850404e-01 7.561100e-01 7.661080e-01 8.518984e-01 9.408700e-01 1.155851e+00 1.390212e+00 1.530316e+00 1.628986e+00 1.605694e+00 1.466770e+00 1.548905e+00 1.854228e+00 2.178538e+00 2.471497e+00 2.781755e+00 3.101987e+00 3.233877e+00 3.206611e+00 3.238220e+00 3.286345e+00 3.241914e+00 3.181497e+00 3.185247e+00 3.166050e+00 3.122458e+00 3.088486e+00 3.090557e+00 3.135314e+00 3.257502e+00 3.526062e+00 3.855141e+00 4.153076e+00 4.317090e+00 4.393991e+00 4.544135e+00 4.749908e+00 4.947152e+00 5.091736e+00 5.056060e+00 4.817461e+00 4.640904e+00 4.623767e+00 4.435767e+00 4.044835e+00
-9.999000e+03 -9.999000e+03 -9.999000e+03 -9.999000e+03 -9.999000e+03 8.133749e-01 7.846777e-01 6.832438e-01 6.569311e-01 6.901191e-01 7.595676e-01 8.304848e-01 9.830644e-01 1.255052e+00 1.471187e+00 1.610583e+00 1.608905e+00 1.488785e+00 1.548345e+00 1.849864e+00 2.301552e+00 2.735750e+00 3.082313e+00 3.421237e+00 3.611885e+00 3.636296e+00 3.700307e+00 3.794521e+00 3.767135e+00 3.661878e+00 3.628312e+00 3.617040e+00 3.579532e+00 3.502949e+00 3.410910e+00 3.354278e+00 3.343845e+00 3.437263e+00 3.699497e+00 4.043622e+00 4.182642e+00 4.138925e+00 4.194531e+00 4.351372e+00 4.562853e+00 4.796841e+00 4.900304e+00 4.817199e+00 4.720461e+00 4.731920e+00 4.593388e+00 4.247155e+00
-9.999000e+03 -9.999000e+03 -9.999000e+03 -9.999000e+03 5.700311e-01 6.321861e-01 5.424953e-01 4.103502e-01 4.388124e-01 4.729771e-01 5.488740e-01 6.244579e-01 7.213985e-01 1.010899e+00 1.367212e+00 1.495431e+00 1.545665e+00 1.473324e+00 1.458951e+00 1.638006e+00 2.058578e+00 2.540617e+00 2.933115e+00 3.311780e+00 3.604605e+00 3.738140e+00 3.840220e+00 3.948843e+00 3.939613e+00 3.806150e+00 3.721662e+00 3.694754e+00 3.699321e+00 3.690705e+00 3.642121e+00 3.602688e+00 3.540553e+00 3.484689e+00 3.651473e+00 4.016996e+00 4.165979e+00 4.063753e+00 4.027338e+00 4.079981e+00 4.223118e+00 4.446579e+00 4.627899e+00 4.729293e+00 4.726652e+00 4.683330e+00 4.556254e+00 4.300201e+00
-9.999000e+03 -9.999000e+03 -9.999000e+03 -9.999000e+03 5.244917e-01 5.184570e-01 2.963746e-01 2.320445e-01 2.829102e-01 2.051133e-01 3.088157e-01 4.121473e-01 4.948160e-01 8.355144e-01 1.085275e+00 1.321415e+00 1.423956e+00 1.422107e+00 1.288923e+00 1.241478e+00 1.450992e+00 1.864502e+00 2.300030e+00 2.722369e+00 3.143846e+00 3.428568e+00 3.573997e+00 3.751321e+00 3.750347e+00 3.601097e+00 3.462245e+00 3.407187e+00 3.482253e+00 3.622818e+00 3.723882e+00 3.801780e+00 3.788291e+00 3.667620e+00 3.714117e+00 4.020410e+00 4.208956e+00 4.156422e+00 4.062338e+00 3.986575e+00 4.016468e+00 4.171603e+00 4.355989e+00 4.562978e+00 4.607666e+00 4.489057e+00 4.376240e+00 4.240184e+00
-9.999000e+03 -9.999000e+03 -9.999000e+03 4.317771e-01 5.280402e-01 3.099875e-01 1.778912e-01 -9.999000e+03 -9.999000e+03 -9.999000e+03 -9.999000e+03 -9.999000e+03 3.358432e-01 6.585121e-01 8.695398e-01 9.423969e-01 1.052658e+00 1.124900e+00 1.068223e+00 8.227156e-01 8.067170e-01 1.135851e+00 1.495767e+00 1.810761e+00 2.191517e+00 2.533057e+00 3.144061e+00 3.368680e+00 3.432369e+00 3.345170e+00 3.206325e+00 3.111372e+00 3.193122e+00 3.402526e+00 3.580800e+00 3.725329e+00 3.772211e+00 3.699503e+00 3.729669e+00 3.945838e+00 4.123881e+00 4.158221e+00 4.105889e+00 4.018250e+00 4.040828e+00 4.199372e+00 4.364333e+00 4.530986e+00 4.525483e+00 4.342405e+00 4.267203e+00 4.257411e+00
-9.999000e+03 -9.999000e+03 -9.999000e+03 5.150275e-01 4.522959e-01 -9.999000e+03 -9.999000e+03 -9.999000e+03 -9.999000e+03 -9.999000e+03 -9.999000e+03 -9.999000e+03 -9.999000e+03 5.257283e-01 6.662750e-01 6.748638e-01 7.484467e-01 8.870960e-01 7.434141e-01 3.577691e-01 2.917198e-01 5.801235e-01 8.954669e-01 1.136370e+00 1.442533e+00 1.841630e+00 2.458229e+00 2.768691e+00 2.941037e+00 2.965420e+00 2.937465e+00 2.812114e+00 2.860967e+00 3.079850e+00 3.278101e+00 3.444740e+00 3.523737e+00 3.521952e+00 3.641275e+00 3.859387e+00 3.998138e+00 4.062514e+00 4.080851e+00 4.057165e+00 4.139773e+00 4.344676e+00 4.490051e+00 4.574899e+00 4.524233e+00 4.332884e+00 4.319517e+00 4.428940e+00
-9.999000e+03 3.039693e-01 3.343028e-01 4.458801e-01 2.663300e-01 -9.999000e+03 -9.999000e+03 -9.999000e+03 -9.999000e+03 -9.999000e+03 -9.999000e+03 -9.999000e+03 -9.999000e+03 -9.999000e+03 -9.999000e+03 -9.999000e+03 6.744856e-01 7.880618e-01 6.602624e-01 2.906679e-01 -9.999000e+03 -9.999000e+03 -9.999000e+03 -9.999000e+03 9.309888e-01 1.264533e+00 1.612285e+00 1.921733e+00 2.107910e+00 2.502556e+00 2.516062e+00 2.444167e+00 2.551438e+00 2.800619e+00 3.033497e+00 3.228495e+00 3.316884e+00 3.304967e+00 3.481126e+00 3.807866e+00 3.983938e+00 4.027795e+00 4.053156e+00 4.059822e+00 4.183739e+00 4.432889e+00 4.582123e+00 4.624500e+00 4.562744e+00 4.396728e+00 4.474283e+00 4.734395e+00
5.133712e-01 3.483717e-01 4.621650e-01 2.763368e-01 -9.999000e+03 -9.999000e+03 -9.999000e+03 -9.999000e+03 -9.999000e+03 -9.999000e+03 -9.999000e+03 -9.999000e+03 -9.999000e+03 -9.999000e+03 -9.999000e+03 -9.999000e+03 -9.999000e+03 -9.999000e+03 -9.999000e+03 -9.999000e+03 -9.999000e+03 -9.999000e+03 -9.999000e+03 -9.999000e+03 6.760854e-01 8.833403e-01 1.142925e+00 1.436883e+00 1.599702e+00 1.681871e+00 1.786554e+00 2.070195e+00 2.218646e+00 2.550547e+00 2.817736e+00 3.026728e+00 3.124490e+00 3.095366e+00 3.291738e+00 3.736062e+00 3.983404e+00 4.005784e+00 4.006773e+00 4.018370e+00 4.161427e+00 4.448890e+00 4.648991e+00 4.727769e+00 4.671456e+00 4.513384e+00 4.686731e+00 5.132642e+00
3.189327e-01 2.445925e-01 2.078755e-01 -9.999000e+03 -9.999000e+03 -9.999000e+03 -9.999000e+03 -9.999000e+03 -9.999000e+03 -9.999000e+03 -9.999000e+03 -9.999000e+03 -9.999000e+03 -9.999000e+03 -9.999000e+03 -9.999000e+03 -9.999000e+03 -9.999000e+03 -9.999000e+03 -9.999000e+03 -9.999000e+03 -9.999000e+03 -9.999000e+03 -9.999000e+03 -9.999000e+03 -9.999000e+03 -9.999000e+03 1.165925e+00 1.235757e+00 1.168675e+00 1.265193e+00 1.408397e+00 1.792927e+00 2.186872e+00 2.479409e+00 2.654306e+00 2.770006e+00 2.792114e+00 3.021156e+00 3.522607e+00 3.803415e+00 3.817867e+00 3.899943e+00 3.862372e+00 3.955776e+00 4.192384e+00 4.399915e+00 4.525477e+00 4.501656e+00 4.336071e+00 4.584161e+00 5.291188e+00
-9.999000e+03 -9.999000e+03 -9.999000e+03 -9.999000e+03 -9.999000e+03 -9.999000e+03 -9.999000e+03 -9.999000e+03 -9.999000e+03 -9.999000e+03 -9.999000e+03 -9.999000e+03 -9.999000e+03 -9.999000e+03 -9.999000e+03 -9.999000e+03 -9.999000e+03 -9.999000e+03 -9.999000e+03 -9.999000e+03 -9.999000e+03 -9.999000e+03 -9.999000e+03 -9.999000e+03 -9.999000e+03 -9.999000e+03 -9.999000e+03 -9.999000e+03 -9.999000e+03 7.973875e-01 7.651530e-01 9.204637e-01 1.217729e+00 1.656290e+00 1.885602e+00 1.943959e+00 2.078850e+00 2.207817e+00 2.437861e+00 2.845706e+00 3.073095e+00 3.656706e+00 3.656848e+00 3.610111e+00 3.620445e+00 3.821117e+00 3.910654e+00 3.992050e+00 4.017895e+00 3.923071e+00 4.247823e+00 5.172479e+00
-9.999000e+03 -9.999000e+03 -9.999000e+03 -9.999000e+03 -9.999000e+03 -9.999000e+03 -9.999000e+03 -9.999000e+03 -9.999000e+03 -9.999000e+03 -9.999000e+03 -9.999000e+03 -9.999000e+03 -9.999000e+03 -9.999000e+03 -9.999000e+03 -9.999000e+03 -9.999000e+03 -9.999000e+03 -9.999000e+03 -9.999000e+03 -9.999000e+03 -9.999000e+03 -9.999000e+03 -9.999000e+03 -9.999000e+03 -9.999000e+03 -9.999000e+03 -9.999000e+03 -9.999000e+03 6.129219e-01 7.399945e-01 1.050073e+00 1.525435e+00 1.692060e+00 1.569457e+00 1.674858e+00 1.962560e+00 2.261065e+00 2.605498e+00 2.810748e+00 2.872625e+00 2.938327e+00 2.981339e+00 3.534891e+00 3.552290e+00 3.512485e+00 3.444313e+00 3.586232e+00 3.658639e+00 4.062974e+00 4.958050e+00
-9.999000e+03 -9.999000e+03 -9.999000e+03 -9.999000e+03 -9.999000e+03 -9.999000e+03 -9.999000e+03 -9.999000e+03 -9.999000e+03 -9.999000e+03 -9.999000e+03 -9.999000e+03 -9.999000e+03 -9.999000e+03 -9.999000e+03 -9.999000e+03 -9.999000e+03 -9.999000e+03 -9.999000e+03 -9.999000e+03 -9.999000e+03 -9.999000e+03 -9.999000e+03 -9.999000e+03 -9.999000e+03 -9.999000e+03 -9.999000e+03 -9.999000e+03 -9.999000e+03 -9.999000e+03 -9.999000e+03 -9.999000e+03 -9.999000e+03 -9.999000e+03 -9.999000e+03 -9.999000e+03 -9.999000e+03 -9.999000e+03 -9.999000e+03 2.359331e+00 2.489312e+00 2.534305e+00 2.681984e+00 2.884190e+00 2.969939e+00 2.963618e+00 2.844150e+00 3.106246e+00 3.176892e+00 3.505409e+00 3.951125e+00 4.570404e+00
-9.999000e+03 -9.999000e+03 -9.999000e+03 -9.999000e+03 -9.999000e+03 -9.999000e+03 -9.999000e+03 -9.999000e+03 -9.999000e+03 -9.999000e+03 -9.999000e+03 -9.999000e+03 -9.999000e+03 -9.999000e+03 -9.999000e+03 -9.999000e+03 -9.999000e+03 -9.999000e+03 -9.999000e+03 -9.999000e+03 -9.999000e+03 -9.999000e+03 -9.999000e+03 -9.999000e+03 -9.999000e+03 -9.999000e+03 -9.999000e+03 -9.999000e+03 -9.999000e+03 -9.999000e+03 -9.999000e+03 -9.999000e+03 -9.999000e+03 -9.999000e+03 -9.999000e+03 -9.999000e+03 -9.999000e+03 -9.999000e+03 -9.999000e+03 -9.999000e+03 -9.999000e+03 -9.999000e+03 2.347825e+00 2.676237e+00 2.843159e+00 2.857676e+00 2.696688e+00 2.367418e+00 2.489806e+00 3.026100e+00 3.379343e+00 3.584347e+00
-9.999000e+03 -9.999000e+03 -9.999000e+03 -9.999000e+03 -9.999000e+03 -9.999000e+03 -9.999000e+03 -9.999000e+03 -9.999000e+03 -9.999000e+03 -9.999000e+03 -9.999000e+03 -9.999000e+03 -9.999000e+03 -9.999000e+03 -9.999000e+03 -9.999000e+03 -9.999000e+03 -9.999000e+03 -9.999000e+03 -9.999000e+03 -9.999000e+03 -9.999000e+03 -9.999000e+03 -9.999000e+03 -9.999000e+03 -9.999000e+03 -9.999000e+03 -9.999000e+03 -9.999000e+03 -9.999000e+03 -9.999000e+03 -9.999000e+03 -9.999000e+03 -9.999000e+03 -9.999000e+03 -9.999000e+03 -9.999000e+03 -9.999000e+03 -9.999000e+03 -9.999000e+03 -9.999000e+03 -9.999000e+03 -9.999000e+03 -9.999000e+03 2.773161e+00 2.590074e+00 2.238202e+00 2.405405e+00 3.077071e+00 3.350626e+00 3.248087e+00
-9.999000e+03 -9.999000e+03 -9.999000e+03 -9.999000e+03 -9.999000e+03 -9.999000e+03 -9.999000e+03 -9.999000e+03 -9.999000e+03 -9.999000e+03 -9.999000e+03 -9.999000e+03 -9.999000e+03 -9.999000e+03 -9.999000e+03 -9.999000e+03 -9.999000e+03 -9.999000e+03 -9.999000e+03 -9.999000e+03 -9.999000e+03 -9.999000e+03 -9.999000e+03 -9.999000e+03 -9.999000e+03 -9.999000e+03 -9.999000e+03 -9.999000e+03 -9.999000e+03 -9.999000e+03 -9.999000e+03 -9.999000e+03 -9.999000e+03 -9.999000e+03 -9.999000e+03 -9.999000e+03 -9.999000e+03 -9.999000e+03 -9.999000e+03 -9.999000e+03 -9.999000e+03 -9.999000e+03 -9.999000e+03 -9.999000e+03 -9.999000e+03 -9.999000e+03 -9.999000e+03 -9.999000e+03 -9.999000e+03 -9.999000e+03 -9.999000e+03 2.836239e+00
-9.999000e+03 -9.999000e+03 -9.999000e+03 -9.999000e+03 -9.999000e+03 -9.999000e+03 -9.999000e+03 -9.999000e+03 -9.999000e+03 -9.999000e+03 -9.999000e+03 -9.999000e+03 -9.999000e+03 -9.999000e+03 -9.999000e+03 -9.999000e+03 -9.999000e+03 -9.999000e+03 -9.999000e+03 -9.999000e+03 -9.999000e+03 -9.999000e+03 -9.999000e+03 -9.999000e+03 -9.999000e+03 -9.999000e+03 -9.999000e+03 -9.999000e+03 -9.999000e+03 -9.999000e+03 -9.999000e+03 -9.999000e+03 -9.999000e+03 -9.999000e+03 -9.999000e+03 -9.999000e+03 -9.999000e+03 -9.999000e+03 -9.999000e+03 -9.999000e+03 -9.999000e+03 -9.999000e+03 -9.999000e+03 -9.999000e+03 -9.999000e+03 -9.999000e+03 -9.999000e+03 -9.999000e+03 -9.999000e+03 -9.999000e+03 -9.999000e+03 -9.999000e+03
-9.999000e+03 -9.999000e+03 -9.999000e+03 -9.999000e+03 -9.999000e+03 -9.999000e+03 -9.999000e+03 -9.999000e+03 -9.999000e+03 -9.999000e+03 -9.999000e+03 -9.999000e+03 -9.999000e+03 -9.999000e+03 -9.999000e+03 -9.999000e+03 -9.999000e+03 -9.999000e+03 -9.999000e+03 -9.999000e+03 -9.999000e+03 -9.999000e+03 -9.999000e+03 -9.999000e+03 -9.999000e+03 -9.999000e+03 -9.999000e+03 -9.999000e+03 -9.999000e+03 -9.999000e+03 -9.999000e+03 -9.999000e+03 -9.999000e+03 -9.999000e+03 -9.999000e+03 -9.999000e+03 -9.999000e+03 -9.999000e+03 -9.999000e+03 -9.999000e+03 -9.999000e+03 -9.999000e+03 -9.999000e+03 -9.999000e+03 -9.999000e+03 -9.999000e+03 -9.999000e+03 -9.999000e+03 -9.999000e+03 -9.999000e+03 -9.999000e+03 -9.999000e+03
-9.999000e+03 -9.999000e+03 -9.999000e+03 -9.999000e+03 -9.999000e+03 -9.999000e+03 -9.999000e+03 -9.999000e+03 -9.999000e+03 -9.999000e+03 -9.999000e+03 -9.999000e+03 -9.999000e+03 -9.999000e+03 -9.999000e+03 -9.999000e+03 -9.999000e+03 -9.999000e+03 -9.999000e+03 -9.999000e+03 -9.999000e+03 -9.999000e+03 -9.999000e+03 -9.999000e+03 -9.999000e+03 -9.999000e+03 -9.999000e+03 -9.999000e+03 -9.999000e+03 -9.999000e+03 -9.999000e+03 -9.999000e+03 -9.999000e+03 -9.999000e+03 -9.999000e+03 -9.999000e+03 -9.999000e+03 -9.999000e+03 -9.999000e+03 -9.999000e+03 -9.999000e+03 -9.999000e+03 -9.999000e+03 -9.999000e+03 -9.999000e+03 -9.999000e+03 -9.999000e+03 -9.999000e+03 -9.999000e+03 -9.999000e+03 -9.999000e+03 -9.999000e+03
-9.999000e+03 -9.999000e+03 -9.999000e+03 -9.999000e+03 -9.999000e+03 -9.999000e+03 -9.999000e+03 -9.999000e+03 -9.999000e+03 -9.999000e+03 -9.999000e+03 -9.999000e+03 -9.999000e+03 -9.999000e+03 -9.999000e+03 -9.999000e+03 -9.999000e+03 -9.999000e+03 -9.999000e+03 -9.999000e+03 -9.999000e+03 -9.999000e+03 -9.999000e+03 -9.999000e+03 -9.999000e+03 -9.999000e+03 -9.999000e+03 -9.999000e+03 -9.999000e+03 -9.999000e+03 -9.999000e+03 -9.999000e+03 -9.999000e+03 -9.999000e+03 -9.999000e+03 -9.999000e+03 -9.999000e+03 -9.999000e+03 -9.999000e+03 -9.999000e+03 -9.999000e+03 -9.999000e+03 -9.999000e+03 -9.999000e+03 -9.999000e+03 -9.999000e+03 -9.999000e+03 -9.999000e+03 -9.999000e+03 -9.999000e+03 -9.999000e+03 -9.999000e+03
