tests/data/reference/test_stream_rill_mfda_diffusion/mrsearstr_pa.asc
ncols	123
nrows	77
xllcorner	-713746.79929998
yllcorner	-1061022.36961616
cellsize	10.0
NODATA_value	-9999
[rows 46 to 68 of 77, columns 52 to 103 of 123]
3.187415e+00 3.113380e+00 3.292052e+00 3.670709e+00 3.858622e+00 3.854693e+00 3.893278e+00 3.946417e+00 3.938343e+00 3.939321e+00 4.129996e+00 4.463244e+00 4.673126e+00 4.772471e+00 4.873824e+00 4.969688e+00 5.354526e+00 6.043683e+00 6.477657e+00 6.617094e+00 6.955121e+00 7.508290e+00 7.533436e+00 6.839240e+00 6.397891e+00 0.000000e+00 4.011304e+00 4.711232e+00 5.280893e+00 5.412531e+00 4.883344e+00 0.000000e+00 0.000000e+00 0.000000e+00 7.492814e+00 4.854079e+00 5.242056e+00 5.884733e+00 6.274650e+00 6.331884e+00 6.246067e+00 6.039709e+00 5.743813e+00 5.347014e+00 5.015349e+00 4.737955e+00 4.463927e+00 4.199007e+00 4.006599e+00 3.954527e+00 3.553137e+00 3.757110e+00
3.057242e+00 2.758656e+00 2.810632e+00 3.233412e+00 3.465259e+00 3.444653e+00 3.507215e+00 3.679314e+00 3.766223e+00 3.741924e+00 3.863323e+00 4.156303e+00 4.282708e+00 4.227917e+00 4.185221e+00 4.153355e+00 4.469823e+00 5.200621e+00 5.687737e+00 5.849811e+00 6.232907e+00 6.887041e+00 7.236113e+00 7.064799e+00 6.789284e+00 0.000000e+00 4.006940e+00 4.762708e+00 5.788203e+00 6.023255e+00 5.909532e+00 7.128423e+00 3.206543e+00 0.000000e+00 0.000000e+00 3.856779e+00 4.559227e+00 5.486064e+00 6.110091e+00 6.298799e+00 6.218148e+00 5.977117e+00 5.767286e+00 5.541902e+00 5.361829e+00 5.178786e+00 4.938930e+00 4.688183e+00 4.444909e+00 3.568651e+00 3.710540e+00 4.613617e+00
3.157303e+00 2.728666e+00 2.657452e+00 3.004998e+00 3.200422e+00 3.176947e+00 3.216273e+00 3.353992e+00 3.484244e+00 3.553319e+00 3.708582e+00 3.998330e+00 4.096371e+00 3.974214e+00 3.881172e+00 3.823245e+00 4.056625e+00 4.637643e+00 5.017488e+00 5.132157e+00 5.450683e+00 6.030481e+00 6.637467e+00 7.144249e+00 7.192119e+00 0.000000e+00 3.836845e+00 5.854106e+00 6.064529e+00 6.602933e+00 6.654339e+00 6.299022e+00 5.890435e+00 2.664862e+00 0.000000e+00 3.357467e+00 4.008696e+00 5.018434e+00 5.804942e+00 6.188007e+00 6.183389e+00 5.926307e+00 5.777400e+00 5.686879e+00 5.650466e+00 5.572510e+00 5.370383e+00 5.151743e+00 4.773895e+00 3.875665e+00 3.881373e+00 4.677810e+00
3.402748e+00 2.964511e+00 2.786154e+00 2.948837e+00 3.046403e+00 3.027191e+00 3.021866e+00 3.049933e+00 3.180856e+00 3.378255e+00 3.608592e+00 3.897343e+00 3.999112e+00 3.889187e+00 3.826969e+00 3.822471e+00 4.011261e+00 4.428664e+00 4.672761e+00 4.702587e+00 4.868731e+00 5.208780e+00 5.839220e+00 6.755701e+00 7.140147e+00 0.000000e+00 5.197295e+00 6.177297e+00 6.612801e+00 7.163287e+00 7.209637e+00 5.121255e+00 5.646105e+00 4.624078e+00 0.000000e+00 0.000000e+00 3.686862e+00 4.567004e+00 5.395002e+00 5.954718e+00 6.101452e+00 5.924438e+00 5.828139e+00 5.812886e+00 5.890934e+00 5.913524e+00 5.738450e+00 5.541493e+00 5.253867e+00 4.225601e+00 4.053675e+00 4.674898e+00
3.691240e+00 3.347841e+00 3.105668e+00 3.034575e+00 3.015868e+00 3.013977e+00 2.978598e+00 2.912048e+00 3.034996e+00 3.330136e+00 3.577081e+00 3.784547e+00 3.866689e+00 3.811521e+00 3.826249e+00 3.916868e+00 4.145296e+00 4.533120e+00 4.752961e+00 4.773287e+00 4.786033e+00 4.791650e+00 5.167718e+00 5.994417e+00 6.528760e+00 0.000000e+00 5.282907e+00 6.670093e+00 7.306098e+00 7.640584e+00 7.758983e+00 6.998605e+00 6.018093e+00 4.722793e+00 3.863523e+00 0.000000e+00 3.614116e+00 4.265392e+00 5.061640e+00 5.689210e+00 5.945656e+00 5.888915e+00 5.865851e+00 5.877965e+00 5.991179e+00 6.125485e+00 6.064050e+00 5.905258e+00 5.608346e+00 5.430183e+00 4.268439e+00 4.014173e+00
3.979911e+00 3.782221e+00 3.514218e+00 3.223890e+00 3.103415e+00 3.128737e+00 3.095762e+00 2.985189e+00 3.097675e+00 3.459029e+00 3.657127e+00 3.671524e+00 3.685339e+00 3.702306e+00 3.789806e+00 3.950739e+00 4.273907e+00 4.754829e+00 5.053507e+00 5.149569e+00 4.991565e+00 4.545181e+00 4.570537e+00 5.192882e+00 5.811891e+00 0.000000e+00 5.240206e+00 6.941295e+00 7.686438e+00 8.149054e+00 6.212930e+00 7.903276e+00 6.747316e+00 5.358212e+00 3.806140e+00 0.000000e+00 0.000000e+00 4.266033e+00 4.868730e+00 5.477069e+00 5.774960e+00 5.817579e+00 5.884844e+00 5.901355e+00 5.957208e+00 6.168121e+00 6.321673e+00 6.247582e+00 6.062911e+00 5.655777e+00 5.479265e+00 5.403682e+00
4.148315e+00 4.099800e+00 3.827066e+00 3.356455e+00 3.156309e+00 3.214559e+00 3.223309e+00 3.147177e+00 3.305259e+00 3.751018e+00 3.886982e+00 3.663047e+00 3.547529e+00 3.561646e+00 3.643450e+00 3.793791e+00 4.187444e+00 4.816057e+00 5.287783e+00 5.575475e+00 5.279060e+00 4.348812e+00 4.116193e+00 4.669278e+00 5.375917e+00 0.000000e+00 5.297121e+00 7.073469e+00 7.611362e+00 6.484925e+00 6.587459e+00 7.768698e+00 7.356047e+00 6.138857e+00 4.581752e+00 3.298471e+00 0.000000e+00 4.422802e+00 4.851833e+00 5.288440e+00 5.511272e+00 5.569925e+00 5.730510e+00 5.864451e+00 5.978845e+00 6.214852e+00 6.468535e+00 6.531825e+00 6.346240e+00 6.134787e+00 5.989439e+00 5.578456e+00
4.219550e+00 4.316940e+00 4.044276e+00 3.413129e+00 3.148069e+00 3.241898e+00 3.310733e+00 3.314369e+00 3.556702e+00 4.089921e+00 4.222609e+00 3.881683e+00 3.620338e+00 3.486683e+00 3.486300e+00 3.618215e+00 4.022888e+00 4.702069e+00 5.281519e+00 5.733379e+00 5.400023e+00 4.249335e+00 4.013679e+00 4.646611e+00 5.201650e+00 0.000000e+00 5.418940e+00 5.840300e+00 6.301250e+00 6.800701e+00 8.481709e+00 7.996523e+00 7.663318e+00 7.041538e+00 5.668945e+00 4.216447e+00 0.000000e+00 0.000000e+00 5.244478e+00 5.176950e+00 5.170452e+00 5.134291e+00 5.374335e+00 5.723504e+00 6.041325e+00 6.322766e+00 6.546306e+00 6.688250e+00 6.678872e+00 6.477900e+00 6.199924e+00 5.917883e+00
4.331726e+00 4.519013e+00 4.248236e+00 3.516528e+00 3.208330e+00 3.309923e+00 3.404768e+00 3.449198e+00 3.718329e+00 4.285105e+00 4.496341e+00 4.260836e+00 3.937157e+00 3.578278e+00 3.482980e+00 3.654921e+00 4.031238e+00 4.609955e+00 5.139146e+00 5.605912e+00 5.271512e+00 4.069425e+00 3.886935e+00 3.897909e+00 4.538577e+00 0.000000e+00 5.599857e+00 6.044634e+00 6.507521e+00 8.738414e+00 8.689935e+00 8.325961e+00 8.028202e+00 7.834339e+00 6.663835e+00 5.007601e+00 4.774926e+00 0.000000e+00 5.647841e+00 5.508278e+00 5.233055e+00 5.181104e+00 5.450030e+00 5.859084e+00 6.231101e+00 6.484623e+00 6.619913e+00 6.740904e+00 6.813515e+00 6.706205e+00 6.469238e+00 6.428267e+00
4.527232e+00 4.679703e+00 4.406183e+00 3.692294e+00 3.386168e+00 3.466003e+00 3.559502e+00 3.629102e+00 3.845459e+00 4.301234e+00 4.586735e+00 4.603978e+00 4.343889e+00 3.837785e+00 3.686462e+00 3.906010e+00 4.225363e+00 4.646371e+00 5.065798e+00 5.471268e+00 5.175960e+00 4.079857e+00 3.235033e+00 4.167629e+00 0.000000e+00 0.000000e+00 5.947359e+00 7.863095e+00 8.308802e+00 8.657189e+00 9.028296e+00 8.461594e+00 8.192667e+00 8.475102e+00 7.472092e+00 5.739089e+00 5.056017e+00 0.000000e+00 6.137479e+00 5.894845e+00 5.714199e+00 5.799517e+00 6.048637e+00 6.347807e+00 6.591058e+00 6.706003e+00 6.690949e+00 6.691714e+00 6.767477e+00 6.826505e+00 6.789614e+00 9.333392e+00
4.808365e+00 4.779204e+00 4.508302e+00 3.950578e+00 3.672638e+00 3.693908e+00 3.786787e+00 3.935760e+00 4.088332e+00 4.300243e+00 4.562574e+00 4.795822e+00 4.656691e+00 4.141899e+00 3.994649e+00 4.258992e+00 4.543742e+00 4.842505e+00 5.170391e+00 5.517866e+00 5.373744e+00 4.667197e+00 4.768330e+00 5.395185e+00 0.000000e+00 4.524399e+00 6.182304e+00 7.973670e+00 8.520075e+00 1.066000e+01 1.066000e+01 1.066000e+01 1.066000e+01 1.066000e+01 1.079000e+01 8.641743e+00 4.897203e+00 0.000000e+00 0.000000e+00 6.772244e+00 6.755177e+00 6.580893e+00 6.669769e+00 6.775860e+00 6.842578e+00 6.862541e+00 6.790835e+00 6.684432e+00 6.651944e+00 6.701698e+00 8.777520e+00 9.445946e+00
5.142269e+00 4.795563e+00 4.572459e+00 4.306302e+00 4.063435e+00 3.973398e+00 4.033245e+00 4.246072e+00 4.372563e+00 4.400683e+00 4.571093e+00 4.873062e+00 4.850521e+00 4.447441e+00 4.338655e+00 4.612011e+00 4.894714e+00 5.154560e+00 5.429346e+00 5.722101e+00 5.749106e+00 5.450692e+00 7.081894e+00 7.791204e+00 0.000000e+00 4.611976e+00 6.471798e+00 9.562318e+00 1.066000e+01 1.066000e+01 1.066000e+01 1.066000e+01 1.066000e+01 1.066000e+01 1.079000e+01 1.079000e+01 9.501457e+00 4.971053e+00 0.000000e+00 8.316475e+00 8.084543e+00 7.479657e+00 7.258885e+00 7.104649e+00 6.964636e+00 6.933890e+00 6.911598e+00 6.740602e+00 6.483450e+00 7.759564e+00 8.538291e+00 6.004417e+00
5.290301e+00 4.565726e+00 4.336447e+00 4.366521e+00 4.252402e+00 4.118198e+00 4.141965e+00 4.355535e+00 4.492062e+00 4.496980e+00 4.600447e+00 4.844188e+00 4.896560e+00 4.668084e+00 4.608588e+00 4.830142e+00 5.103471e+00 5.391168e+00 5.676274e+00 5.957052e+00 6.125001e+00 6.144335e+00 6.291798e+00 9.764738e+00 0.000000e+00 4.656797e+00 7.715868e+00 9.173847e+00 1.060819e+01 7.289958e+00 7.651525e+00 8.554313e+00 9.068688e+00 9.141087e+00 9.082379e+00 1.079000e+01 1.079000e+01 9.819287e+00 0.000000e+00 0.000000e+00 8.345317e+00 7.987773e+00 7.502223e+00 7.204296e+00 6.981290e+00 6.895270e+00 6.852155e+00 6.676627e+00 7.204960e+00 7.821618e+00 6.017088e+00 5.792608e+00
5.176889e+00 4.162735e+00 3.862410e+00 4.119079e+00 4.197965e+00 4.107541e+00 4.107980e+00 4.263346e+00 4.433404e+00 4.538849e+00 4.616968e+00 4.735675e+00 4.830388e+00 4.798460e+00 4.794740e+00 4.929270e+00 5.167361e+00 5.487199e+00 5.832876e+00 6.176144e+00 6.415817e+00 6.567270e+00 6.835993e+00 7.218321e+00 0.000000e+00 6.127817e+00 7.650647e+00 7.626993e+00 7.420238e+00 7.319175e+00 7.686733e+00 8.576606e+00 9.182800e+00 9.406339e+00 9.767999e+00 1.026858e+01 9.339048e+00 1.079000e+01 9.555444e+00 0.000000e+00 0.000000e+00 7.734945e+00 7.541188e+00 7.066378e+00 6.878731e+00 6.748026e+00 6.614878e+00 6.654759e+00 7.359758e+00 6.100067e+00 6.092646e+00 5.930950e+00
4.879127e+00 3.735530e+00 3.395948e+00 3.812684e+00 4.053496e+00 4.054253e+00 4.036160e+00 4.070080e+00 4.254289e+00 4.517028e+00 4.631445e+00 4.642898e+00 4.766373e+00 4.929986e+00 5.018395e+00 5.094143e+00 5.282376e+00 5.572104e+00 5.916273e+00 6.303623e+00 6.502497e+00 6.532353e+00 6.861566e+00 7.464611e+00 0.000000e+00 6.258302e+00 7.689774e+00 7.554789e+00 7.348710e+00 7.344993e+00 7.626163e+00 8.284995e+00 8.861758e+00 9.247886e+00 9.852804e+00 1.066000e+01 1.054590e+01 9.075028e+00 1.079000e+01 8.634262e+00 0.000000e+00 0.000000e+00 6.669099e+00 6.508050e+00 6.571874e+00 6.577074e+00 6.485422e+00 6.821279e+00 6.286334e+00 6.079724e+00 5.927720e+00 5.779732e+00
4.353971e+00 3.250534e+00 2.983851e+00 3.442461e+00 3.793886e+00 3.925419e+00 3.915208e+00 3.820595e+00 3.984275e+00 4.374032e+00 4.577593e+00 4.574452e+00 4.704834e+00 4.986069e+00 5.197142e+00 5.315365e+00 5.504722e+00 5.769094e+00 6.050141e+00 6.389296e+00 6.481796e+00 6.297072e+00 6.561313e+00 7.307680e+00 0.000000e+00 6.094465e+00 7.440403e+00 7.309172e+00 7.114340e+00 7.168575e+00 7.364141e+00 7.746211e+00 8.206004e+00 8.632648e+00 9.354083e+00 1.034018e+01 1.066000e+01 1.035489e+01 8.661302e+00 1.041607e+01 7.660973e+00 0.000000e+00 4.832017e+00 5.595003e+00 6.024492e+00 6.368352e+00 6.455512e+00 6.490525e+00 6.438048e+00 6.061467e+00 5.595759e+00 5.619748e+00
3.325070e+00 3.041342e+00 2.711436e+00 3.125474e+00 3.446288e+00 3.669484e+00 3.673231e+00 3.478493e+00 3.581365e+00 3.986573e+00 4.233324e+00 4.273382e+00 4.435429e+00 4.751435e+00 5.060553e+00 5.292181e+00 5.571174e+00 5.940891e+00 6.250009e+00 6.521561e+00 6.531059e+00 6.237915e+00 6.420722e+00 7.139828e+00 0.000000e+00 5.862419e+00 7.165150e+00 7.170948e+00 7.025032e+00 7.057408e+00 7.135166e+00 7.270179e+00 7.220300e+00 7.866810e+00 8.745679e+00 9.571729e+00 1.028057e+01 1.062556e+01 9.746444e+00 7.542918e+00 1.021443e+01 0.000000e+00 0.000000e+00 4.776073e+00 5.508183e+00 6.061650e+00 6.228387e+00 6.220015e+00 6.158096e+00 5.700249e+00 5.350634e+00 6.095573e+00
2.986842e+00 2.521373e+00 2.712998e+00 2.871883e+00 3.069866e+00 3.283644e+00 3.284148e+00 3.054792e+00 3.084566e+00 3.407933e+00 3.614416e+00 3.761076e+00 3.942270e+00 4.264510e+00 4.666738e+00 5.084584e+00 5.507804e+00 6.021363e+00 6.397816e+00 6.614877e+00 6.596149e+00 6.318412e+00 6.390953e+00 6.884936e+00 0.000000e+00 5.666141e+00 7.027267e+00 7.264839e+00 7.200632e+00 7.128681e+00 7.047407e+00 5.326118e+00 6.283640e+00 7.144140e+00 7.703177e+00 8.795578e+00 9.457318e+00 1.007796e+01 9.915027e+00 8.767989e+00 6.834470e+00 9.406838e+00 0.000000e+00 0.000000e+00 6.915377e+00 5.666583e+00 5.810338e+00 5.609832e+00 5.480111e+00 5.242377e+00 5.457470e+00 6.654422e+00
2.584773e+00 2.465269e+00 2.400854e+00 2.429365e+00 2.492026e+00 2.586909e+00 2.560312e+00 2.399887e+00 2.397595e+00 2.577493e+00 3.141894e+00 3.205190e+00 3.371868e+00 3.639956e+00 4.189601e+00 4.824609e+00 5.434264e+00 6.040772e+00 6.433344e+00 6.585617e+00 6.602548e+00 6.417410e+00 6.413546e+00 6.645189e+00 0.000000e+00 5.577119e+00 7.124306e+00 7.679304e+00 7.717998e+00 7.475628e+00 7.208737e+00 5.279460e+00 5.247918e+00 5.374109e+00 7.040237e+00 7.741199e+00 8.710284e+00 9.274375e+00 9.565946e+00 9.455433e+00 8.287614e+00 8.008531e+00 1.016851e+01 0.000000e+00 4.586302e+00 8.298053e+00 5.542085e+00 5.274277e+00 5.136394e+00 5.497015e+00 6.169155e+00 6.993704e+00
2.219909e+00 2.363856e+00 2.463349e+00 2.504397e+00 2.509324e+00 2.471792e+00 2.404127e+00 2.312355e+00 2.268231e+00 2.278245e+00 2.332630e+00 2.420490e+00 2.568138e+00 3.227469e+00 3.717871e+00 4.475996e+00 5.175341e+00 5.797140e+00 6.142632e+00 6.451716e+00 6.398087e+00 6.283241e+00 6.355931e+00 6.625370e+00 0.000000e+00 5.605036e+00 7.323054e+00 8.142030e+00 8.234671e+00 7.880927e+00 7.468998e+00 7.004200e+00 5.621046e+00 5.110736e+00 5.275811e+00 7.002945e+00 7.928064e+00 8.466665e+00 9.005168e+00 9.447597e+00 8.629823e+00 7.543665e+00 8.461404e+00 0.000000e+00 0.000000e+00 6.073065e+00 5.374027e+00 5.343731e+00 5.307440e+00 6.045177e+00 6.783981e+00 7.172067e+00
-9.999000e+03 -9.999000e+03 -9.999000e+03 -9.999000e+03 -9.999000e+03 -9.999000e+03 -9.999000e+03 -9.999000e+03 2.270951e+00 2.063958e+00 2.011463e+00 2.149789e+00 2.376232e+00 2.668688e+00 3.102453e+00 3.679671e+00 4.210619e+00 4.696779e+00 5.993070e+00 5.953426e+00 6.034397e+00 5.802781e+00 6.016093e+00 0.000000e+00 0.000000e+00 5.744896e+00 7.373637e+00 8.036901e+00 8.245108e+00 7.937298e+00 7.497602e+00 7.880224e+00 6.818788e+00 6.338606e+00 4.952641e+00 6.520003e+00 6.702588e+00 7.498208e+00 8.180566e+00 6.970024e+00 7.031912e+00 6.708539e+00 6.001205e+00 7.568523e+00 0.000000e+00 0.000000e+00 7.709775e+00 5.638084e+00 6.064868e+00 6.649568e+00 5.471087e+00 5.618616e+00
-9.999000e+03 -9.999000e+03 -9.999000e+03 -9.999000e+03 -9.999000e+03 -9.999000e+03 -9.999000e+03 -9.999000e+03 -9.999000e+03 -9.999000e+03 -9.999000e+03 2.020810e+00 2.321055e+00 2.775707e+00 3.220574e+00 3.630285e+00 4.067299e+00 4.551260e+00 4.732154e+00 5.632222e+00 5.420922e+00 5.338668e+00 5.596975e+00 0.000000e+00 4.210157e+00 5.484236e+00 5.862874e+00 6.511446e+00 6.776066e+00 6.661894e+00 6.343041e+00 7.657601e+00 7.402561e+00 6.472345e+00 6.069856e+00 4.598885e+00 4.893592e+00 5.599843e+00 6.224750e+00 6.729259e+00 7.010969e+00 7.084258e+00 6.600397e+00 7.139672e+00 6.170693e+00 0.000000e+00 0.000000e+00 4.723062e+00 5.389657e+00 -9.999000e+03 -9.999000e+03 -9.999000e+03
-9.999000e+03 -9.999000e+03 -9.999000e+03 -9.999000e+03 -9.999000e+03 -9.999000e+03 -9.999000e+03 -9.999000e+03 -9.999000e+03 -9.999000e+03 -9.999000e+03 -9.999000e+03 -9.999000e+03 2.997887e+00 3.408491e+00 4.270438e+00 4.670600e+00 5.282538e+00 4.513024e+00 4.334560e+00 5.062056e+00 4.885290e+00 5.242081e+00 0.000000e+00 4.186583e+00 5.332009e+00 5.682374e+00 6.411118e+00 6.832995e+00 6.945817e+00 6.718019e+00 7.030342e+00 7.372181e+00 6.608825e+00 5.995421e+00 4.426911e+00 4.560662e+00 5.051741e+00 5.672991e+00 -9.999000e+03 -9.999000e+03 -9.999000e+03 -9.999000e+03 -9.999000e+03 -9.999000e+03 -9.999000e+03 0.000000e+00 0.000000e+00 -9.999000e+03 -9.999000e+03 -9.999000e+03 -9.999000e+03
