tests/data/reference/test_stream_rill_mfda_diffusion/mvel_m_s.asc
ncols	123
nrows	77
xllcorner	-713746.79929998
yllcorner	-1061022.36961616
cellsize	10.0
NODATA_value	-9999
[rows 46 to 68 of 77, columns 52 to 103 of 123]
4.608795e-02 4.553497e-02 4.651940e-02 4.876898e-02 5.000582e-02 5.009103e-02 5.030741e-02 5.062534e-02 5.064746e-02 5.069121e-02 5.173122e-02 5.353658e-02 5.472154e-02 5.527786e-02 5.576128e-02 5.620559e-02 5.800872e-02 6.120367e-02 6.333041e-02 6.411644e-02 6.556274e-02 6.785942e-02 6.819703e-02 6.560884e-02 6.376030e-02 0.000000e+00 1.487806e-02 4.988174e-02 5.496472e-02 5.614316e-02 5.315732e-02 0.000000e+00 0.000000e+00 0.000000e+00 7.292047e-02 5.621988e-02 5.822971e-02 6.124908e-02 6.294913e-02 6.314999e-02 6.268155e-02 6.162589e-02 6.011840e-02 5.815887e-02 5.648111e-02 5.502799e-02 5.355345e-02 5.211146e-02 5.109437e-02 5.031866e-02 4.507711e-02 4.616707e-02
4.535479e-02 4.324493e-02 4.342743e-02 4.610927e-02 4.765154e-02 4.761229e-02 4.797994e-02 4.899899e-02 4.954940e-02 4.946197e-02 5.018067e-02 5.185536e-02 5.264702e-02 5.240407e-02 5.213541e-02 5.192500e-02 5.356595e-02 5.724990e-02 5.971835e-02 6.060128e-02 6.231275e-02 6.512560e-02 6.672232e-02 6.627609e-02 6.536607e-02 0.000000e+00 1.486903e-02 5.013689e-02 5.820583e-02 5.950728e-02 5.904091e-02 6.906323e-02 4.033706e-02 0.000000e+00 0.000000e+00 5.081170e-02 5.481698e-02 5.946491e-02 6.227486e-02 6.304687e-02 6.261516e-02 6.144599e-02 6.036312e-02 5.921661e-02 5.827677e-02 5.730735e-02 5.605166e-02 5.474584e-02 5.348788e-02 4.516133e-02 4.592146e-02 5.385214e-02
4.610249e-02 4.313126e-02 4.247540e-02 4.473063e-02 4.602778e-02 4.591629e-02 4.615457e-02 4.699950e-02 4.779109e-02 4.824765e-02 4.923032e-02 5.095694e-02 5.161004e-02 5.098578e-02 5.043184e-02 5.008112e-02 5.137667e-02 5.449719e-02 5.653665e-02 5.719379e-02 5.870480e-02 6.135078e-02 6.402987e-02 6.628952e-02 6.681467e-02 0.000000e+00 1.451807e-02 5.809827e-02 5.968375e-02 6.264479e-02 6.306162e-02 6.154071e-02 6.137978e-02 3.770241e-02 0.000000e+00 4.313886e-02 5.174838e-02 5.719496e-02 6.092353e-02 6.256844e-02 6.245527e-02 6.124800e-02 6.049565e-02 6.001459e-02 5.977291e-02 5.932113e-02 5.829288e-02 5.718329e-02 5.465040e-02 4.678404e-02 4.681345e-02 5.423007e-02
4.771961e-02 4.482140e-02 4.350506e-02 4.450077e-02 4.509930e-02 4.495842e-02 4.491976e-02 4.508880e-02 4.589208e-02 4.715034e-02 4.863631e-02 5.039120e-02 5.104002e-02 5.045978e-02 5.009095e-02 5.007198e-02 5.116126e-02 5.348025e-02 5.488205e-02 5.513012e-02 5.597637e-02 5.762515e-02 6.049634e-02 6.447977e-02 6.631617e-02 0.000000e+00 5.298965e-02 6.161551e-02 6.260097e-02 6.559327e-02 6.589460e-02 5.187998e-02 5.776801e-02 5.320210e-02 0.000000e+00 0.000000e+00 4.978102e-02 5.483616e-02 5.901279e-02 6.153843e-02 6.208520e-02 6.125220e-02 6.078754e-02 6.069873e-02 6.100584e-02 6.102217e-02 6.015720e-02 5.911490e-02 5.704903e-02 4.854036e-02 4.768910e-02 5.427726e-02
4.949796e-02 4.735272e-02 4.576470e-02 4.521520e-02 4.498235e-02 4.490992e-02 4.468300e-02 4.423694e-02 4.499863e-02 4.688876e-02 4.850892e-02 4.979787e-02 5.027149e-02 4.995579e-02 5.004081e-02 5.058222e-02 5.189668e-02 5.405808e-02 5.535753e-02 5.558882e-02 5.570422e-02 5.569096e-02 5.734739e-02 6.105550e-02 6.353999e-02 0.000000e+00 5.335595e-02 6.363303e-02 6.607798e-02 6.784467e-02 6.864860e-02 6.416229e-02 5.904406e-02 5.215851e-02 4.744686e-02 0.000000e+00 4.489974e-02 5.312163e-02 5.735194e-02 6.032500e-02 6.140465e-02 6.111875e-02 6.101047e-02 6.108660e-02 6.158217e-02 6.209521e-02 6.175325e-02 6.093181e-02 5.878688e-02 5.792298e-02 4.874913e-02 4.749040e-02
5.114515e-02 4.997624e-02 4.839564e-02 4.653428e-02 4.560031e-02 4.566647e-02 4.546948e-02 4.476383e-02 4.546399e-02 4.775267e-02 4.909209e-02 4.924485e-02 4.924893e-02 4.929015e-02 4.978487e-02 5.071211e-02 5.251723e-02 5.513598e-02 5.684346e-02 5.749810e-02 5.685527e-02 5.454195e-02 5.434265e-02 5.725420e-02 6.028050e-02 0.000000e+00 5.317372e-02 6.473074e-02 6.888636e-02 7.017831e-02 5.749977e-02 6.929263e-02 6.321790e-02 5.589530e-02 4.620722e-02 0.000000e+00 0.000000e+00 4.920584e-02 5.632010e-02 5.930531e-02 6.063776e-02 6.082002e-02 6.112703e-02 6.123899e-02 6.152024e-02 6.240868e-02 6.300767e-02 6.255703e-02 6.169205e-02 5.901316e-02 5.813039e-02 5.850711e-02
5.204158e-02 5.177103e-02 5.029139e-02 4.743426e-02 4.596323e-02 4.620652e-02 4.628561e-02 4.583747e-02 4.682770e-02 4.955691e-02 5.052860e-02 4.931682e-02 4.853073e-02 4.851228e-02 4.892909e-02 4.977703e-02 5.198961e-02 5.537774e-02 5.791416e-02 5.947541e-02 5.827733e-02 5.354710e-02 5.190945e-02 5.466039e-02 5.829478e-02 0.000000e+00 5.341641e-02 6.528833e-02 6.747312e-02 5.814708e-02 5.931135e-02 6.792212e-02 6.670550e-02 6.027429e-02 5.123893e-02 4.256811e-02 0.000000e+00 5.013918e-02 5.616287e-02 5.836805e-02 5.941921e-02 5.971055e-02 6.045016e-02 6.107395e-02 6.164458e-02 6.271130e-02 6.375982e-02 6.395189e-02 6.299376e-02 6.201642e-02 6.136678e-02 5.858861e-02
5.243269e-02 5.298110e-02 5.157925e-02 4.785119e-02 4.595255e-02 4.640554e-02 4.685767e-02 4.691831e-02 4.839485e-02 5.150988e-02 5.243882e-02 5.065860e-02 4.909049e-02 4.819075e-02 4.805272e-02 4.877675e-02 5.112183e-02 5.482663e-02 5.786030e-02 6.013851e-02 5.879863e-02 5.297101e-02 5.128091e-02 5.449756e-02 5.681508e-02 0.000000e+00 5.393044e-02 5.565463e-02 5.745347e-02 5.931103e-02 7.081491e-02 6.905729e-02 6.815680e-02 6.505639e-02 5.765241e-02 4.881226e-02 0.000000e+00 0.000000e+00 5.504419e-02 5.775061e-02 5.774158e-02 5.762005e-02 5.880264e-02 6.045196e-02 6.194488e-02 6.323611e-02 6.418666e-02 6.470494e-02 6.458568e-02 6.368665e-02 6.233214e-02 6.021898e-02
5.309487e-02 5.411574e-02 5.274967e-02 4.852761e-02 4.639678e-02 4.690087e-02 4.749806e-02 4.780060e-02 4.940949e-02 5.261556e-02 5.389100e-02 5.276523e-02 5.101507e-02 4.887712e-02 4.813584e-02 4.907657e-02 5.127332e-02 5.445122e-02 5.721662e-02 5.954839e-02 5.815723e-02 5.196471e-02 5.058625e-02 4.689851e-02 5.003683e-02 0.000000e+00 5.468069e-02 5.646268e-02 5.823155e-02 7.164122e-02 7.163526e-02 7.176321e-02 6.993402e-02 6.895581e-02 6.308280e-02 5.381370e-02 5.210509e-02 0.000000e+00 5.725621e-02 5.649133e-02 5.788689e-02 5.772714e-02 5.911037e-02 6.107989e-02 6.280659e-02 6.395601e-02 6.455682e-02 6.504032e-02 6.526179e-02 6.472536e-02 6.361013e-02 6.345173e-02
5.422782e-02 5.504975e-02 5.363266e-02 4.959621e-02 4.758650e-02 4.796470e-02 4.851921e-02 4.895693e-02 5.025342e-02 5.280421e-02 5.436621e-02 5.454796e-02 5.328679e-02 5.048401e-02 4.944581e-02 5.062963e-02 5.246456e-02 5.476548e-02 5.695183e-02 5.898578e-02 5.773123e-02 5.208922e-02 4.329846e-02 4.825574e-02 0.000000e+00 0.000000e+00 5.608018e-02 6.831820e-02 7.006517e-02 7.142992e-02 7.430686e-02 7.233626e-02 7.132035e-02 7.199558e-02 6.724866e-02 5.814105e-02 5.394291e-02 0.000000e+00 5.995614e-02 5.858856e-02 6.010121e-02 6.059338e-02 6.184403e-02 6.326523e-02 6.437865e-02 6.490465e-02 6.488176e-02 6.489758e-02 6.516104e-02 6.532434e-02 6.516526e-02 8.447766e-02
5.577878e-02 5.566919e-02 5.417586e-02 5.107828e-02 4.940085e-02 4.944604e-02 4.994357e-02 5.079765e-02 5.171340e-02 5.290489e-02 5.428475e-02 5.551959e-02 5.493063e-02 5.223429e-02 5.129693e-02 5.268583e-02 5.426590e-02 5.587749e-02 5.756966e-02 5.929999e-02 5.874254e-02 5.531946e-02 5.574503e-02 5.743808e-02 0.000000e+00 1.565362e-02 5.699745e-02 6.883685e-02 7.220582e-02 8.646192e-02 8.667216e-02 8.675515e-02 8.673192e-02 8.661850e-02 8.735313e-02 7.751029e-02 5.319520e-02 0.000000e+00 0.000000e+00 6.320606e-02 6.314450e-02 6.415529e-02 6.464136e-02 6.516858e-02 6.548435e-02 6.556727e-02 6.528092e-02 6.486460e-02 6.473883e-02 6.492996e-02 8.033165e-02 8.601136e-02
5.744220e-02 5.579395e-02 5.442234e-02 5.291385e-02 5.160642e-02 5.108462e-02 5.137135e-02 5.252565e-02 5.326894e-02 5.347047e-02 5.436009e-02 5.591412e-02 5.589118e-02 5.386986e-02 5.322798e-02 5.462217e-02 5.611100e-02 5.746824e-02 5.886805e-02 6.031419e-02 6.054425e-02 5.925085e-02 7.239208e-02 7.519491e-02 0.000000e+00 1.579126e-02 5.922742e-02 8.072090e-02 8.853042e-02 8.948617e-02 8.867227e-02 8.649353e-02 8.561895e-02 8.577395e-02 8.621702e-02 8.869669e-02 8.588264e-02 5.342863e-02 0.000000e+00 7.085435e-02 6.967198e-02 6.796881e-02 6.716268e-02 6.658334e-02 6.603030e-02 6.588399e-02 6.576453e-02 6.506353e-02 6.401258e-02 7.449201e-02 8.065215e-02 6.172595e-02
5.809454e-02 5.458479e-02 5.304353e-02 5.304018e-02 5.251969e-02 5.184754e-02 5.195442e-02 5.308999e-02 5.385412e-02 5.394122e-02 5.451672e-02 5.577761e-02 5.608165e-02 5.497610e-02 5.466891e-02 5.578746e-02 5.716897e-02 5.861147e-02 6.003417e-02 6.141343e-02 6.227487e-02 6.245447e-02 6.314484e-02 8.781516e-02 0.000000e+00 1.586115e-02 6.847883e-02 7.943869e-02 9.008223e-02 6.754361e-02 6.889203e-02 7.232392e-02 7.441896e-02 7.489182e-02 7.479079e-02 8.514744e-02 8.928838e-02 9.051467e-02 0.000000e+00 0.000000e+00 7.104627e-02 6.937376e-02 6.822634e-02 6.702473e-02 6.612528e-02 6.576618e-02 6.553564e-02 6.473871e-02 6.996877e-02 7.571332e-02 6.175811e-02 6.061547e-02
5.748701e-02 5.235471e-02 5.029688e-02 5.153114e-02 5.209852e-02 5.172272e-02 5.174055e-02 5.257274e-02 5.347582e-02 5.408137e-02 5.458109e-02 5.523796e-02 5.572181e-02 5.560558e-02 5.564872e-02 5.635570e-02 5.754063e-02 5.910650e-02 6.077543e-02 6.240288e-02 6.356338e-02 6.427792e-02 6.539381e-02 6.701466e-02 0.000000e+00 5.678671e-02 6.775341e-02 6.890186e-02 6.811208e-02 6.762264e-02 6.902071e-02 7.237223e-02 7.470108e-02 7.566188e-02 7.701301e-02 7.885074e-02 7.605450e-02 9.107700e-02 9.043727e-02 0.000000e+00 0.000000e+00 6.824636e-02 6.727416e-02 6.648823e-02 6.570666e-02 6.515185e-02 6.453435e-02 6.523617e-02 7.144838e-02 6.211852e-02 6.199281e-02 6.115775e-02
5.590278e-02 4.977453e-02 4.737342e-02 4.966717e-02 5.117007e-02 5.132398e-02 5.128777e-02 5.147911e-02 5.243393e-02 5.385491e-02 5.458539e-02 5.473538e-02 5.536542e-02 5.621953e-02 5.675390e-02 5.720578e-02 5.815494e-02 5.957105e-02 6.121504e-02 6.300156e-02 6.396524e-02 6.413277e-02 6.542123e-02 6.786684e-02 0.000000e+00 5.728945e-02 6.784659e-02 6.853341e-02 6.774144e-02 6.764172e-02 6.872875e-02 7.123532e-02 7.340819e-02 7.489028e-02 7.706602e-02 7.967180e-02 7.988089e-02 7.491344e-02 9.160137e-02 8.696100e-02 0.000000e+00 0.000000e+00 6.297426e-02 6.417499e-02 6.439844e-02 6.436881e-02 6.392548e-02 6.670246e-02 6.294616e-02 6.204534e-02 6.131140e-02 6.057524e-02
5.254352e-02 4.623906e-02 4.469683e-02 4.740049e-02 4.960602e-02 5.047644e-02 5.051363e-02 4.999437e-02 5.083283e-02 5.294619e-02 5.415062e-02 5.424290e-02 5.492594e-02 5.637078e-02 5.750393e-02 5.818505e-02 5.916205e-02 6.047323e-02 6.185576e-02 6.343487e-02 6.392953e-02 6.316204e-02 6.417620e-02 6.721790e-02 0.000000e+00 5.665712e-02 6.683992e-02 6.748514e-02 6.676835e-02 6.692671e-02 6.769527e-02 6.917607e-02 7.091610e-02 7.237347e-02 7.512562e-02 7.866284e-02 7.975107e-02 7.926228e-02 7.305809e-02 9.243871e-02 8.293778e-02 0.000000e+00 5.287459e-02 5.722903e-02 6.199744e-02 6.344272e-02 6.377749e-02 6.387274e-02 6.358504e-02 6.191974e-02 5.978726e-02 5.992051e-02
4.381228e-02 4.481093e-02 4.246662e-02 4.545521e-02 4.748498e-02 4.887421e-02 4.898348e-02 4.784799e-02 4.836384e-02 5.065782e-02 5.211865e-02 5.242219e-02 5.333984e-02 5.501262e-02 5.665108e-02 5.791037e-02 5.936883e-02 6.119942e-02 6.274076e-02 6.404024e-02 6.416911e-02 6.293030e-02 6.361623e-02 6.655744e-02 0.000000e+00 5.574295e-02 6.572552e-02 6.689366e-02 6.644710e-02 6.656309e-02 6.684722e-02 6.733884e-02 6.582333e-02 6.875236e-02 7.273708e-02 7.573734e-02 7.848185e-02 7.982877e-02 7.722275e-02 6.776399e-02 9.304051e-02 0.000000e+00 0.000000e+00 5.255353e-02 5.960489e-02 6.211330e-02 6.283893e-02 6.277578e-02 6.238074e-02 6.020287e-02 5.860759e-02 6.212470e-02
4.183565e-02 3.888072e-02 4.245631e-02 4.349517e-02 4.478374e-02 4.613474e-02 4.617610e-02 4.473993e-02 4.486465e-02 4.684222e-02 4.812418e-02 4.941869e-02 5.046054e-02 5.227004e-02 5.445143e-02 5.672941e-02 5.896782e-02 6.151438e-02 6.337017e-02 6.443994e-02 6.443107e-02 6.326964e-02 6.351507e-02 6.554297e-02 0.000000e+00 5.495176e-02 6.516106e-02 6.729499e-02 6.728267e-02 6.703038e-02 6.663606e-02 5.353943e-02 6.046038e-02 6.550343e-02 6.765402e-02 7.286417e-02 7.536287e-02 7.780415e-02 7.748699e-02 7.372133e-02 6.421524e-02 9.002685e-02 0.000000e+00 0.000000e+00 6.765785e-02 6.028835e-02 6.093107e-02 5.998792e-02 5.922436e-02 5.799937e-02 5.926476e-02 6.469547e-02
3.930145e-02 3.850310e-02 3.806315e-02 3.825874e-02 3.868383e-02 3.931552e-02 3.913986e-02 3.805649e-02 3.804071e-02 3.925346e-02 4.517337e-02 4.558847e-02 4.663699e-02 4.826665e-02 5.181161e-02 5.527073e-02 5.848497e-02 6.148156e-02 6.340426e-02 6.418614e-02 6.440586e-02 6.361352e-02 6.354812e-02 6.452365e-02 0.000000e+00 5.458724e-02 6.554754e-02 6.894961e-02 6.942823e-02 6.856573e-02 6.742817e-02 5.334127e-02 5.320669e-02 5.374212e-02 6.505307e-02 6.775881e-02 7.254224e-02 7.484258e-02 7.603180e-02 7.588654e-02 7.197243e-02 7.353930e-02 9.293618e-02 0.000000e+00 5.127051e-02 7.723874e-02 5.950608e-02 5.819730e-02 5.744665e-02 5.924460e-02 6.265197e-02 6.617686e-02
3.678835e-02 3.780727e-02 3.849008e-02 3.876699e-02 3.880005e-02 3.854727e-02 3.808567e-02 3.744708e-02 3.713467e-02 3.720588e-02 3.758944e-02 3.819801e-02 3.919167e-02 4.574376e-02 4.875154e-02 5.298339e-02 5.660978e-02 5.961360e-02 6.127181e-02 6.357010e-02 6.334366e-02 6.290866e-02 6.312631e-02 6.430292e-02 0.000000e+00 5.470194e-02 6.635639e-02 7.067937e-02 7.125306e-02 7.005627e-02 6.841517e-02 6.636055e-02 5.646535e-02 5.261544e-02 5.332573e-02 6.485170e-02 6.958816e-02 7.155333e-02 7.372458e-02 7.550050e-02 7.148013e-02 6.683687e-02 7.611699e-02 0.000000e+00 0.000000e+00 6.304427e-02 5.858547e-02 5.838605e-02 5.834625e-02 6.196076e-02 6.535697e-02 6.685218e-02
-9.999000e+03 -9.999000e+03 -9.999000e+03 -9.999000e+03 -9.999000e+03 -9.999000e+03 -9.999000e+03 -9.999000e+03 3.715402e-02 3.563911e-02 3.524072e-02 3.627775e-02 3.789313e-02 3.984893e-02 4.252584e-02 4.575762e-02 4.846703e-02 5.076907e-02 6.058423e-02 6.047722e-02 6.166714e-02 6.056596e-02 6.148950e-02 0.000000e+00 0.000000e+00 5.578501e-02 6.646173e-02 6.903653e-02 6.999112e-02 6.896603e-02 6.730340e-02 7.189973e-02 6.550905e-02 6.284599e-02 5.192166e-02 6.394644e-02 6.353679e-02 6.671956e-02 6.945926e-02 5.992105e-02 6.014167e-02 5.897493e-02 5.645118e-02 7.030279e-02 0.000000e+00 0.000000e+00 7.379566e-02 5.980950e-02 6.198172e-02 6.473900e-02 5.414828e-02 5.475761e-02
-9.999000e+03 -9.999000e+03 -9.999000e+03 -9.999000e+03 -9.999000e+03 -9.999000e+03 -9.999000e+03 -9.999000e+03 -9.999000e+03 -9.999000e+03 -9.999000e+03 3.531210e-02 3.750826e-02 4.053237e-02 4.321514e-02 4.549374e-02 4.775736e-02 5.009611e-02 5.093071e-02 5.899533e-02 5.798205e-02 5.831270e-02 5.942918e-02 0.000000e+00 1.514731e-02 5.420301e-02 5.574476e-02 5.824620e-02 5.922147e-02 5.880370e-02 5.761240e-02 6.899629e-02 6.918347e-02 6.401012e-02 6.209653e-02 5.031780e-02 5.165901e-02 5.468063e-02 5.716081e-02 5.905075e-02 6.006715e-02 6.032730e-02 5.857680e-02 6.489141e-02 6.216572e-02 0.000000e+00 0.000000e+00 4.968291e-02 5.380754e-02 -9.999000e+03 -9.999000e+03 -9.999000e+03
-9.999000e+03 -9.999000e+03 -9.999000e+03 -9.999000e+03 -9.999000e+03 -9.999000e+03 -9.999000e+03 -9.999000e+03 -9.999000e+03 -9.999000e+03 -9.999000e+03 -9.999000e+03 -9.999000e+03 4.190228e-02 4.428086e-02 5.197267e-02 5.416466e-02 5.725228e-02 4.991709e-02 4.906886e-02 5.621735e-02 5.532573e-02 5.701368e-02 0.000000e+00 1.510850e-02 5.356437e-02 5.501784e-02 5.786988e-02 5.942811e-02 5.983443e-02 5.900964e-02 6.317877e-02 6.796007e-02 6.482932e-02 6.184617e-02 4.951043e-02 5.013999e-02 5.235813e-02 5.497966e-02 -9.999000e+03 -9.999000e+03 -9.999000e+03 -9.999000e+03 -9.999000e+03 -9.999000e+03 -9.999000e+03 0.000000e+00 0.000000e+00 -9.999000e+03 -9.999000e+03 -9.999000e+03 -9.999000e+03
