tests/data/reference/test_stream_rill_mfda_diffusion/mvel_m_s.asc
ncols	123
nrows	77
xllcorner	-713746.79929998
yllcorner	-1061022.36961616
cellsize	10.0
NODATA_value	-9999
[rows 23 to 45 of 77, columns 0 to 51 of 123]
-9.999000e+03 -9.999000e+03 -9.999000e+03 -9.999000e+03 -9.999000e+03 -9.999000e+03 -9.999000e+03 -9.999000e+03 -9.999000e+03 -9.999000e+03 -9.999000e+03 -9.999000e+03 -9.999000e+03 -9.999000e+03 -9.999000e+03 -9.999000e+03 2.002576e-02 2.220865e-02 2.117753e-02 7.835878e-03 7.877079e-03 1.764995e-01 1.056992e-02 5.549766e-02 3.355734e-02 4.814963e-02 4.594671e-02 4.735024e-02 7.004720e-02 5.602186e-02 5.145349e-02 5.309248e-02 5.391452e-02 5.404843e-02 5.394378e-02 5.376611e-02 5.428876e-02 5.583579e-02 5.700749e-02 5.735020e-02 5.756774e-02 5.808877e-02 5.899992e-02 8.436256e-02 7.489257e-02 4.934554e-02 4.928740e-02 5.792333e-02 6.057717e-02 6.123093e-02 6.172343e-02 6.235680e-02
-9.999000e+03 -9.999000e+03 -9.999000e+03 -9.999000e+03 -9.999000e+03 -9.999000e+03 -9.999000e+03 -9.999000e+03 -9.999000e+03 -9.999000e+03 -9.999000e+03 -9.999000e+03 -9.999000e+03 -9.999000e+03 -9.999000e+03 1.194757e-02 1.984576e-02 2.763705e-02 1.889083e-02 2.656842e-02 1.669607e-01 1.680636e-01 5.832515e-02 3.445335e-02 4.931649e-02 4.192161e-02 4.759541e-02 4.569378e-02 4.640429e-02 6.328606e-02 5.157669e-02 5.287428e-02 5.346663e-02 5.322058e-02 5.292889e-02 5.320469e-02 5.462126e-02 5.658126e-02 5.747528e-02 5.738530e-02 5.738595e-02 5.769798e-02 5.828484e-02 8.334091e-02 8.215532e-02 4.919623e-02 4.937800e-02 5.818350e-02 6.073439e-02 6.171469e-02 6.250768e-02 6.360555e-02
-9.999000e+03 -9.999000e+03 -9.999000e+03 -9.999000e+03 -9.999000e+03 -9.999000e+03 -9.999000e+03 -9.999000e+03 -9.999000e+03 -9.999000e+03 -9.999000e+03 -9.999000e+03 -9.999000e+03 -9.999000e+03 -9.999000e+03 1.636679e-02 2.413246e-02 2.178071e-02 2.121661e-02 9.984400e-03 1.836768e-01 5.643802e-02 5.457537e-02 5.060449e-02 4.256497e-02 4.880314e-02 4.719763e-02 4.802570e-02 4.825031e-02 4.858491e-02 6.054032e-02 4.956289e-02 4.961890e-02 5.159947e-02 5.119146e-02 5.217419e-02 5.435618e-02 5.635468e-02 5.697053e-02 5.695072e-02 5.728101e-02 5.775644e-02 5.820375e-02 6.944043e-02 7.991077e-02 5.801439e-02 4.979876e-02 5.895585e-02 6.177326e-02 6.312255e-02 6.428566e-02 6.524981e-02
-9.999000e+03 -9.999000e+03 -9.999000e+03 -9.999000e+03 -9.999000e+03 -9.999000e+03 -9.999000e+03 -9.999000e+03 -9.999000e+03 -9.999000e+03 -9.999000e+03 -9.999000e+03 -9.999000e+03 -9.999000e+03 -9.999000e+03 2.248322e-02 2.237206e-02 1.043122e-02 7.907547e-03 1.730466e-01 1.027569e-02 5.415338e-02 4.555773e-02 4.762612e-02 4.552514e-02 4.334732e-02 4.497059e-02 4.562837e-02 4.653374e-02 4.736426e-02 4.788766e-02 5.620206e-02 4.786163e-02 4.636123e-02 4.625231e-02 5.155830e-02 5.416977e-02 5.589448e-02 5.649279e-02 5.677182e-02 5.715933e-02 5.748490e-02 5.778730e-02 5.823769e-02 6.466719e-02 7.645089e-02 5.918601e-02 6.024897e-02 6.314939e-02 6.462965e-02 6.589341e-02 6.662084e-02
-9.999000e+03 -9.999000e+03 -9.999000e+03 -9.999000e+03 -9.999000e+03 -9.999000e+03 -9.999000e+03 -9.999000e+03 -9.999000e+03 -9.999000e+03 -9.999000e+03 -9.999000e+03 -9.999000e+03 -9.999000e+03 -9.999000e+03 -9.999000e+03 1.352395e-02 6.542049e-03 1.541456e-01 8.991623e-03 5.223016e-02 3.146207e-02 5.089503e-02 5.192792e-02 6.281272e-02 3.819994e-02 3.796558e-02 3.865513e-02 4.089653e-02 4.376821e-02 4.580683e-02 4.637724e-02 5.022324e-02 4.374720e-02 4.466228e-02 4.858212e-02 5.178318e-02 5.321971e-02 5.636042e-02 5.690121e-02 5.699447e-02 5.682387e-02 5.691426e-02 5.756316e-02 5.893534e-02 6.132024e-02 7.419399e-02 6.395680e-02 6.477733e-02 6.608193e-02 6.717120e-02 6.766165e-02
-9.999000e+03 -9.999000e+03 -9.999000e+03 -9.999000e+03 -9.999000e+03 -9.999000e+03 -9.999000e+03 -9.999000e+03 -9.999000e+03 -9.999000e+03 -9.999000e+03 -9.999000e+03 -9.999000e+03 -9.999000e+03 -9.999000e+03 -9.999000e+03 -9.999000e+03 1.360269e-01 1.474633e-01 4.892060e-02 3.006914e-02 4.275040e-02 4.333009e-02 5.860079e-02 5.441891e-02 6.584657e-02 5.677771e-02 4.072267e-02 3.660181e-02 3.958620e-02 4.174398e-02 4.217727e-02 4.161236e-02 4.372085e-02 4.289081e-02 4.760470e-02 5.034442e-02 5.073836e-02 5.167132e-02 5.296786e-02 5.625808e-02 5.670458e-02 5.739843e-02 5.849731e-02 6.014085e-02 6.227469e-02 6.433378e-02 7.125545e-02 6.618327e-02 6.711784e-02 6.793757e-02 6.799351e-02
-9.999000e+03 -9.999000e+03 -9.999000e+03 -9.999000e+03 -9.999000e+03 -9.999000e+03 -9.999000e+03 -9.999000e+03 -9.999000e+03 -9.999000e+03 -9.999000e+03 -9.999000e+03 -9.999000e+03 -9.999000e+03 -9.999000e+03 -9.999000e+03 -9.999000e+03 1.363360e-01 2.959275e-02 4.879539e-02 4.585599e-02 4.320831e-02 4.013416e-02 3.370671e-02 3.595750e-02 5.917541e-02 6.829829e-02 6.176599e-02 6.460161e-02 6.689289e-02 4.166952e-02 3.753646e-02 3.802003e-02 3.859915e-02 4.056959e-02 4.465752e-02 4.666330e-02 4.653821e-02 4.774135e-02 5.071329e-02 5.339876e-02 5.545284e-02 5.947634e-02 6.117316e-02 6.271830e-02 6.432889e-02 6.564244e-02 6.632648e-02 6.686813e-02 6.764373e-02 6.809565e-02 6.749814e-02
-9.999000e+03 -9.999000e+03 -9.999000e+03 -9.999000e+03 -9.999000e+03 -9.999000e+03 -9.999000e+03 -9.999000e+03 -9.999000e+03 -9.999000e+03 -9.999000e+03 -9.999000e+03 -9.999000e+03 -9.999000e+03 -9.999000e+03 -9.999000e+03 -9.999000e+03 7.444754e-03 2.740619e-02 3.350778e-02 4.516161e-02 4.204866e-02 3.195948e-02 3.428019e-02 3.648382e-02 3.855281e-02 3.938747e-02 5.940026e-02 6.405142e-02 6.882601e-02 6.935598e-02 5.741782e-02 4.314828e-02 3.525198e-02 3.626463e-02 6.821399e-02 7.362907e-02 7.522980e-02 7.828817e-02 8.171028e-02 8.321077e-02 8.433468e-02 5.186657e-02 5.424677e-02 5.716155e-02 6.158856e-02 6.331459e-02 6.450150e-02 6.566022e-02 6.671045e-02 6.664799e-02 6.531497e-02
-9.999000e+03 -9.999000e+03 -9.999000e+03 -9.999000e+03 -9.999000e+03 -9.999000e+03 -9.999000e+03 -9.999000e+03 -9.999000e+03 -9.999000e+03 -9.999000e+03 -9.999000e+03 -9.999000e+03 -9.999000e+03 -9.999000e+03 -9.999000e+03 -9.999000e+03 3.109415e-02 2.985807e-02 3.057494e-02 3.206438e-02 3.272284e-02 3.393529e-02 3.594417e-02 3.735937e-02 3.826289e-02 3.907202e-02 3.932811e-02 4.028947e-02 4.233496e-02 6.271322e-02 6.945858e-02 6.375604e-02 6.210850e-02 6.041120e-02 6.542943e-02 6.966204e-02 7.500676e-02 7.914553e-02 8.322795e-02 8.404422e-02 8.172543e-02 7.955146e-02 7.917293e-02 8.383226e-02 5.014459e-02 5.399151e-02 5.965881e-02 6.261301e-02 6.403351e-02 6.316393e-02 6.102060e-02
-9.999000e+03 -9.999000e+03 -9.999000e+03 -9.999000e+03 -9.999000e+03 -9.999000e+03 -9.999000e+03 -9.999000e+03 -9.999000e+03 -9.999000e+03 -9.999000e+03 -9.999000e+03 -9.999000e+03 -9.999000e+03 -9.999000e+03 -9.999000e+03 3.300826e-02 3.097593e-02 3.423167e-02 3.528922e-02 3.257474e-02 3.424699e-02 3.578523e-02 3.746584e-02 3.840776e-02 3.821757e-02 3.953211e-02 4.519837e-02 4.658746e-02 4.436820e-02 4.384918e-02 4.263002e-02 5.934477e-02 6.170991e-02 6.335196e-02 3.711578e-02 4.044196e-02 4.469481e-02 4.890126e-02 5.306803e-02 5.537549e-02 5.526256e-02 8.903792e-02 8.705985e-02 8.556295e-02 8.573657e-02 8.523860e-02 9.025274e-02 9.475504e-02 5.296254e-02 5.510707e-02 5.358406e-02
-9.999000e+03 -9.999000e+03 -9.999000e+03 -9.999000e+03 -9.999000e+03 -9.999000e+03 -9.999000e+03 -9.999000e+03 -9.999000e+03 -9.999000e+03 -9.999000e+03 -9.999000e+03 -9.999000e+03 -9.999000e+03 -9.999000e+03 8.351977e-03 3.251376e-02 3.630165e-02 3.666425e-02 3.649556e-02 3.690709e-02 3.826876e-02 3.594460e-02 4.175834e-02 4.271124e-02 4.251931e-02 4.372882e-02 4.658070e-02 4.840044e-02 4.907658e-02 4.836813e-02 4.641805e-02 4.514030e-02 4.477550e-02 4.581673e-02 4.719890e-02 4.834140e-02 5.002500e-02 5.220499e-02 5.487762e-02 5.728639e-02 5.734043e-02 5.870796e-02 5.895074e-02 5.860118e-02 9.316939e-02 9.448614e-02 9.326332e-02 9.014059e-02 8.456373e-02 8.131095e-02 7.338151e-02
-9.999000e+03 -9.999000e+03 -9.999000e+03 -9.999000e+03 -9.999000e+03 -9.999000e+03 -9.999000e+03 -9.999000e+03 -9.999000e+03 -9.999000e+03 -9.999000e+03 -9.999000e+03 -9.999000e+03 -9.999000e+03 -9.999000e+03 3.199288e-02 3.299060e-02 3.825121e-02 3.834908e-02 3.793001e-02 3.772662e-02 3.826139e-02 3.936792e-02 4.089302e-02 4.215015e-02 4.268862e-02 4.421315e-02 4.723290e-02 4.909761e-02 4.966823e-02 4.925965e-02 4.824433e-02 4.818775e-02 4.862478e-02 4.946453e-02 5.037827e-02 5.094431e-02 5.181112e-02 5.323799e-02 5.519670e-02 5.742793e-02 5.960199e-02 6.151665e-02 6.163229e-02 6.247770e-02 6.257558e-02 6.242271e-02 6.151001e-02 5.812555e-02 9.414110e-02 8.688981e-02 7.929098e-02
-9.999000e+03 -9.999000e+03 -9.999000e+03 -9.999000e+03 -9.999000e+03 -9.999000e+03 -9.999000e+03 -9.999000e+03 -9.999000e+03 -9.999000e+03 -9.999000e+03 -9.999000e+03 -9.999000e+03 -9.999000e+03 3.226904e-02 3.242653e-02 3.733021e-02 3.847558e-02 3.892331e-02 3.891195e-02 3.867017e-02 3.840933e-02 3.869404e-02 3.953610e-02 4.077179e-02 4.205632e-02 4.410676e-02 4.713471e-02 4.893166e-02 4.959744e-02 4.991917e-02 5.011006e-02 5.076388e-02 5.070918e-02 5.009021e-02 5.034089e-02 5.107036e-02 5.214600e-02 5.383927e-02 5.586752e-02 5.798145e-02 5.964238e-02 6.057204e-02 6.114719e-02 6.175729e-02 6.119279e-02 6.196723e-02 6.273112e-02 6.169352e-02 5.743835e-02 5.244599e-02 5.514003e-02
-9.999000e+03 -9.999000e+03 -9.999000e+03 -9.999000e+03 -9.999000e+03 -9.999000e+03 -9.999000e+03 -9.999000e+03 -9.999000e+03 -9.999000e+03 -9.999000e+03 -9.999000e+03 -9.999000e+03 3.114271e-02 3.244631e-02 3.656189e-02 3.768527e-02 3.878997e-02 3.949428e-02 3.977660e-02 3.956482e-02 3.889837e-02 3.871939e-02 3.906228e-02 4.002612e-02 4.139542e-02 4.328169e-02 4.587194e-02 4.728056e-02 4.775300e-02 4.847164e-02 4.924977e-02 5.011843e-02 5.006105e-02 4.913366e-02 4.897331e-02 4.943818e-02 5.021535e-02 5.172152e-02 5.358538e-02 5.575971e-02 5.778628e-02 5.881974e-02 5.898926e-02 5.946443e-02 6.048855e-02 6.177205e-02 6.165170e-02 6.108497e-02 5.831868e-02 5.567816e-02 5.240600e-02
-9.999000e+03 -9.999000e+03 -9.999000e+03 -9.999000e+03 -9.999000e+03 -9.999000e+03 -9.999000e+03 -9.999000e+03 -9.999000e+03 -9.999000e+03 -9.999000e+03 -9.999000e+03 -9.999000e+03 2.914316e-02 3.147306e-02 3.675333e-02 3.774527e-02 3.896531e-02 3.984945e-02 4.024650e-02 4.014879e-02 3.953129e-02 3.936385e-02 3.953335e-02 4.011544e-02 4.114457e-02 4.229230e-02 4.381823e-02 4.434875e-02 4.416990e-02 4.480835e-02 4.555839e-02 4.635128e-02 4.714491e-02 4.700905e-02 4.640983e-02 4.632591e-02 4.650808e-02 4.716176e-02 4.836233e-02 5.001666e-02 5.361651e-02 5.558230e-02 5.556281e-02 5.590790e-02 5.852078e-02 5.951293e-02 6.031252e-02 6.007578e-02 5.616539e-02 5.482860e-02 5.415522e-02
-9.999000e+03 -9.999000e+03 -9.999000e+03 -9.999000e+03 -9.999000e+03 -9.999000e+03 -9.999000e+03 -9.999000e+03 -9.999000e+03 -9.999000e+03 -9.999000e+03 -9.999000e+03 2.641322e-02 2.726765e-02 3.234343e-02 3.469332e-02 3.644352e-02 3.828931e-02 3.951228e-02 3.994499e-02 3.994481e-02 3.944677e-02 3.931119e-02 3.944783e-02 3.991630e-02 4.098037e-02 4.166262e-02 4.205080e-02 4.164518e-02 4.073436e-02 4.101879e-02 4.133004e-02 4.201362e-02 4.450177e-02 4.533530e-02 4.359897e-02 4.241844e-02 4.130168e-02 4.144352e-02 3.763201e-02 4.041821e-02 4.504703e-02 4.701696e-02 4.679626e-02 5.450831e-02 5.546562e-02 5.620980e-02 5.816123e-02 5.771211e-02 5.594482e-02 5.583866e-02 7.409953e-02
-9.999000e+03 -9.999000e+03 -9.999000e+03 -9.999000e+03 -9.999000e+03 -9.999000e+03 -9.999000e+03 -9.999000e+03 -9.999000e+03 -9.999000e+03 -9.999000e+03 2.304837e-02 2.523067e-02 2.843098e-02 2.892051e-02 3.101140e-02 3.386909e-02 3.659138e-02 3.829738e-02 3.895799e-02 3.922864e-02 3.893656e-02 3.879896e-02 3.902291e-02 3.950034e-02 4.047207e-02 4.080513e-02 4.046399e-02 3.941725e-02 3.772895e-02 3.725751e-02 3.709635e-02 3.842949e-02 4.222788e-02 4.366774e-02 4.139429e-02 3.499149e-02 3.429219e-02 3.471237e-02 3.620610e-02 3.985890e-02 4.464274e-02 4.641315e-02 4.585625e-02 4.580167e-02 4.633201e-02 5.421477e-02 5.519431e-02 5.511263e-02 5.510055e-02 7.822508e-02 7.763662e-02
-9.999000e+03 -9.999000e+03 -9.999000e+03 -9.999000e+03 -9.999000e+03 -9.999000e+03 -9.999000e+03 -9.999000e+03 -9.999000e+03 -9.999000e+03 -9.999000e+03 2.194121e-02 2.439519e-02 2.772126e-02 2.748715e-02 2.912826e-02 3.178513e-02 3.453924e-02 3.649625e-02 3.756975e-02 3.825232e-02 3.837474e-02 3.858761e-02 3.926736e-02 3.965657e-02 3.977641e-02 3.948628e-02 3.877595e-02 3.729707e-02 3.476720e-02 3.399203e-02 3.550145e-02 3.427079e-02 3.764160e-02 3.865972e-02 3.745723e-02 3.646841e-02 3.576649e-02 3.682884e-02 4.428363e-02 4.794698e-02 5.165086e-02 5.301767e-02 5.190041e-02 4.417825e-02 4.427579e-02 4.518581e-02 4.669668e-02 5.458419e-02 8.219822e-02 7.956487e-02 5.497366e-02
-9.999000e+03 -9.999000e+03 -9.999000e+03 -9.999000e+03 -9.999000e+03 -9.999000e+03 -9.999000e+03 -9.999000e+03 -9.999000e+03 -9.999000e+03 2.531953e-02 2.418699e-02 2.627076e-02 2.697293e-02 2.795012e-02 2.890549e-02 3.037132e-02 3.224389e-02 3.435523e-02 3.617173e-02 3.731548e-02 3.787528e-02 3.862070e-02 3.984625e-02 4.000207e-02 3.894224e-02 3.812188e-02 3.752409e-02 3.586698e-02 3.269848e-02 3.260900e-02 3.271341e-02 3.577428e-02 3.835479e-02 3.938534e-02 3.912324e-02 4.359530e-02 4.260784e-02 4.389162e-02 4.728953e-02 5.086945e-02 5.266224e-02 5.285270e-02 5.138608e-02 5.058919e-02 4.977701e-02 4.413911e-02 4.533151e-02 8.421765e-02 8.251823e-02 5.406527e-02 5.331514e-02
-9.999000e+03 -9.999000e+03 -9.999000e+03 -9.999000e+03 -9.999000e+03 -9.999000e+03 -9.999000e+03 -9.999000e+03 -9.999000e+03 -9.999000e+03 2.684430e-02 2.576893e-02 2.657222e-02 2.716434e-02 2.871176e-02 2.924803e-02 2.968555e-02 3.026433e-02 3.237841e-02 3.511678e-02 3.687402e-02 3.785173e-02 3.898324e-02 4.044074e-02 4.041885e-02 3.873637e-02 3.780995e-02 3.764652e-02 3.630973e-02 3.354669e-02 3.047426e-02 3.430738e-02 4.135319e-02 4.406789e-02 4.547656e-02 4.559994e-02 4.503283e-02 4.473938e-02 4.580388e-02 4.899397e-02 5.089532e-02 5.124269e-02 7.229898e-02 7.066676e-02 4.928689e-02 5.068075e-02 6.924544e-02 8.393724e-02 8.200399e-02 5.117955e-02 5.173300e-02 5.214200e-02
-9.999000e+03 -9.999000e+03 -9.999000e+03 -9.999000e+03 -9.999000e+03 -9.999000e+03 -9.999000e+03 -9.999000e+03 -9.999000e+03 2.698649e-02 2.766250e-02 2.949382e-02 2.733593e-02 2.796593e-02 2.921012e-02 2.955092e-02 2.963126e-02 2.947702e-02 3.127149e-02 3.462865e-02 3.682773e-02 3.791991e-02 3.899893e-02 4.025958e-02 4.069241e-02 3.987310e-02 3.915502e-02 3.901065e-02 3.793045e-02 3.571520e-02 3.235484e-02 3.953562e-02 4.264191e-02 4.537735e-02 5.202581e-02 6.455382e-02 6.439649e-02 6.618015e-02 6.904719e-02 7.292597e-02 7.564898e-02 7.621208e-02 7.857659e-02 7.806227e-02 8.070435e-02 8.444724e-02 8.537431e-02 8.211528e-02 4.760250e-02 4.838284e-02 4.995368e-02 5.125882e-02
-9.999000e+03 -9.999000e+03 -9.999000e+03 -9.999000e+03 -9.999000e+03 -9.999000e+03 -9.999000e+03 -9.999000e+03 2.477669e-02 2.612047e-02 2.948271e-02 2.970934e-02 2.895843e-02 2.909900e-02 2.954177e-02 2.971027e-02 3.003704e-02 3.019668e-02 3.190296e-02 3.542046e-02 3.764234e-02 3.847185e-02 3.896285e-02 3.933565e-02 4.006436e-02 4.062686e-02 4.064095e-02 4.048674e-02 3.960193e-02 3.789509e-02 4.472424e-02 4.862263e-02 5.629265e-02 5.865801e-02 6.381228e-02 6.381277e-02 6.715285e-02 6.763541e-02 7.052354e-02 7.440921e-02 7.651584e-02 7.805666e-02 4.929086e-02 5.241503e-02 8.315420e-02 8.453233e-02 5.939098e-02 4.735009e-02 4.645181e-02 4.661997e-02 4.810462e-02 4.972125e-02
-9.999000e+03 -9.999000e+03 -9.999000e+03 -9.999000e+03 -9.999000e+03 -9.999000e+03 -9.999000e+03 -9.999000e+03 2.398707e-02 2.476077e-02 2.742597e-02 2.920304e-02 3.021464e-02 3.021479e-02 3.017622e-02 3.027179e-02 3.110196e-02 3.193022e-02 3.359991e-02 3.680718e-02 3.899779e-02 3.979138e-02 3.977640e-02 3.906739e-02 3.943611e-02 4.101186e-02 4.164624e-02 4.114966e-02 4.047765e-02 3.972869e-02 4.673572e-02 5.323436e-02 5.548028e-02 6.060060e-02 4.960457e-02 4.536763e-02 4.692709e-02 4.856085e-02 5.004893e-02 5.154330e-02 5.223643e-02 5.202143e-02 5.209829e-02 5.280550e-02 5.263532e-02 5.151560e-02 5.040815e-02 4.911711e-02 4.751432e-02 4.586711e-02 4.580035e-02 4.715374e-02
