tests/data/reference/test_stream_rill_mfda_diffusion/mvel_m_s.asc
ncols	123
nrows	77
xllcorner	-713746.79929998
yllcorner	-1061022.36961616
cellsize	10.0
NODATA_value	-9999
[rows 46 to 68 of 77, columns 0 to 51 of 123]
-9.999000e+03 -9.999000e+03 -9.999000e+03 -9.999000e+03 -9.999000e+03 -9.999000e+03 -9.999000e+03 -9.999000e+03 2.462198e-02 2.536419e-02 2.795610e-02 3.005354e-02 3.147310e-02 3.166506e-02 3.157874e-02 3.128676e-02 3.151230e-02 3.196035e-02 3.337786e-02 3.642365e-02 3.881398e-02 4.005659e-02 4.032066e-02 3.962082e-02 4.005603e-02 4.197186e-02 4.245156e-02 4.122097e-02 4.077313e-02 4.121615e-02 4.145643e-02 4.158010e-02 4.201036e-02 4.303734e-02 4.473251e-02 4.664618e-02 4.880610e-02 5.090060e-02 5.254262e-02 5.392869e-02 5.470211e-02 5.481114e-02 5.487653e-02 5.521713e-02 5.488903e-02 5.367670e-02 5.260293e-02 5.152715e-02 4.975393e-02 4.725087e-02 4.579781e-02 4.610429e-02
-9.999000e+03 -9.999000e+03 -9.999000e+03 -9.999000e+03 -9.999000e+03 -9.999000e+03 -9.999000e+03 2.556603e-02 2.629316e-02 2.756203e-02 3.045219e-02 3.185399e-02 3.311612e-02 3.369292e-02 3.378799e-02 3.288735e-02 3.152625e-02 3.071008e-02 3.180131e-02 3.488269e-02 3.743977e-02 3.913813e-02 4.006901e-02 4.018160e-02 4.091221e-02 4.251091e-02 4.276285e-02 4.150636e-02 4.135068e-02 4.245136e-02 4.272369e-02 4.238970e-02 4.307754e-02 4.448894e-02 4.607970e-02 4.758744e-02 4.924489e-02 5.106013e-02 5.254887e-02 5.393983e-02 5.515048e-02 5.602951e-02 5.662903e-02 5.702552e-02 5.676357e-02 5.560375e-02 5.431866e-02 5.321812e-02 5.190783e-02 4.984367e-02 4.779340e-02 4.674505e-02
-9.999000e+03 -9.999000e+03 -9.999000e+03 -9.999000e+03 -9.999000e+03 -9.999000e+03 -9.999000e+03 2.719820e-02 2.662122e-02 2.712738e-02 3.007210e-02 3.135338e-02 3.284820e-02 3.390046e-02 3.427024e-02 3.371867e-02 3.237699e-02 3.108034e-02 3.187538e-02 3.470948e-02 3.711183e-02 3.885880e-02 4.030263e-02 4.131930e-02 4.207938e-02 4.285585e-02 4.302246e-02 4.239057e-02 4.236483e-02 4.325892e-02 4.355235e-02 4.334350e-02 4.402178e-02 4.516866e-02 4.629014e-02 4.732624e-02 4.866704e-02 5.054545e-02 5.213774e-02 5.342977e-02 5.470030e-02 5.587045e-02 5.682605e-02 5.753450e-02 5.768851e-02 5.704026e-02 5.584545e-02 5.444105e-02 5.328433e-02 5.194994e-02 5.008425e-02 4.829319e-02
-9.999000e+03 -9.999000e+03 -9.999000e+03 -9.999000e+03 -9.999000e+03 -9.999000e+03 2.839520e-02 2.896518e-02 2.507396e-02 2.400058e-02 2.723420e-02 2.855670e-02 3.075404e-02 3.249301e-02 3.324345e-02 3.363719e-02 3.315791e-02 3.193372e-02 3.270686e-02 3.539117e-02 3.770662e-02 3.953035e-02 4.147451e-02 4.328367e-02 4.406882e-02 4.412418e-02 4.422607e-02 4.413383e-02 4.395676e-02 4.414361e-02 4.424861e-02 4.396432e-02 4.399109e-02 4.438919e-02 4.501494e-02 4.578304e-02 4.706662e-02 4.921182e-02 5.117414e-02 5.261431e-02 5.373781e-02 5.470474e-02 5.572154e-02 5.672581e-02 5.741818e-02 5.755654e-02 5.685867e-02 5.535797e-02 5.417208e-02 5.351658e-02 5.215799e-02 5.008259e-02
-9.999000e+03 -9.999000e+03 -9.999000e+03 -9.999000e+03 -9.999000e+03 2.671463e-02 2.846112e-02 2.573325e-02 2.287592e-02 2.376378e-02 2.493501e-02 2.610065e-02 2.864177e-02 3.116766e-02 3.265741e-02 3.367949e-02 3.353340e-02 3.222243e-02 3.295833e-02 3.570202e-02 3.845640e-02 4.083899e-02 4.319240e-02 4.544224e-02 4.641092e-02 4.632126e-02 4.653771e-02 4.686263e-02 4.662146e-02 4.623670e-02 4.622390e-02 4.608625e-02 4.580280e-02 4.557222e-02 4.555967e-02 4.581256e-02 4.655662e-02 4.817664e-02 5.010408e-02 5.183742e-02 5.284578e-02 5.331611e-02 5.408146e-02 5.513438e-02 5.616086e-02 5.693839e-02 5.685825e-02 5.573940e-02 5.483410e-02 5.471846e-02 5.375441e-02 5.161370e-02
-9.999000e+03 -9.999000e+03 -9.999000e+03 -9.999000e+03 -9.999000e+03 2.432502e-02 2.325736e-02 2.186409e-02 2.203772e-02 2.254613e-02 2.355404e-02 2.455560e-02 2.651560e-02 2.960991e-02 3.192486e-02 3.345870e-02 3.350885e-02 3.240516e-02 3.294403e-02 3.562347e-02 3.928882e-02 4.256598e-02 4.505588e-02 4.732583e-02 4.861937e-02 4.888940e-02 4.932674e-02 4.991417e-02 4.980223e-02 4.919563e-02 4.895283e-02 4.885062e-02 4.861556e-02 4.816221e-02 4.761033e-02 4.725482e-02 4.718079e-02 4.772790e-02 4.924867e-02 5.123466e-02 5.212462e-02 5.195598e-02 5.222669e-02 5.304193e-02 5.414980e-02 5.537431e-02 5.596719e-02 5.563071e-02 5.519247e-02 5.525833e-02 5.454497e-02 5.268998e-02
-9.999000e+03 -9.999000e+03 -9.999000e+03 -9.999000e+03 2.073513e-02 2.111790e-02 1.971919e-02 1.739479e-02 1.792761e-02 1.854207e-02 1.982282e-02 2.100201e-02 2.240119e-02 2.603088e-02 3.081769e-02 3.219271e-02 3.283762e-02 3.219674e-02 3.206054e-02 3.368256e-02 3.721129e-02 4.090392e-02 4.376440e-02 4.636252e-02 4.830479e-02 4.926332e-02 4.997278e-02 5.065196e-02 5.068420e-02 4.994196e-02 4.940765e-02 4.919703e-02 4.919631e-02 4.917075e-02 4.894528e-02 4.876048e-02 4.842899e-02 4.809736e-02 4.903866e-02 5.111460e-02 5.203756e-02 5.155922e-02 5.134856e-02 5.160456e-02 5.234653e-02 5.352735e-02 5.451311e-02 5.509759e-02 5.516576e-02 5.497122e-02 5.428411e-02 5.290413e-02
-9.999000e+03 -9.999000e+03 -9.999000e+03 -9.999000e+03 1.942295e-02 1.932237e-02 1.502065e-02 1.344661e-02 1.470833e-02 1.271542e-02 1.530227e-02 1.742903e-02 1.892182e-02 2.391699e-02 2.686322e-02 3.037473e-02 3.143358e-02 3.147027e-02 3.016315e-02 2.969358e-02 3.167774e-02 3.531306e-02 3.892173e-02 4.209312e-02 4.497150e-02 4.687370e-02 4.787265e-02 4.934010e-02 4.944544e-02 4.862315e-02 4.777776e-02 4.739584e-02 4.780387e-02 4.865584e-02 4.932132e-02 4.984118e-02 4.982600e-02 4.915715e-02 4.940230e-02 5.113186e-02 5.223735e-02 5.202922e-02 5.153585e-02 5.110313e-02 5.123760e-02 5.208822e-02 5.312800e-02 5.426730e-02 5.456003e-02 5.395369e-02 5.330048e-02 5.254659e-02
-9.999000e+03 -9.999000e+03 -9.999000e+03 1.779776e-02 1.948179e-02 1.532846e-02 1.191985e-02 -9.999000e+03 -9.999000e+03 -9.999000e+03 -9.999000e+03 -9.999000e+03 1.589293e-02 2.150676e-02 2.434572e-02 2.523244e-02 2.650239e-02 2.729326e-02 2.764889e-02 2.455035e-02 2.354625e-02 2.741056e-02 3.095057e-02 3.365811e-02 3.658277e-02 3.895873e-02 4.498802e-02 4.678475e-02 4.731900e-02 4.688077e-02 4.604597e-02 4.544633e-02 4.591164e-02 4.720969e-02 4.835602e-02 4.927972e-02 4.962050e-02 4.924243e-02 4.941804e-02 5.067883e-02 5.174180e-02 5.199215e-02 5.173907e-02 5.126765e-02 5.138410e-02 5.227300e-02 5.322544e-02 5.415214e-02 5.415949e-02 5.319051e-02 5.272339e-02 5.265944e-02
-9.999000e+03 -9.999000e+03 -9.999000e+03 1.926491e-02 1.817323e-02 -9.999000e+03 -9.999000e+03 -9.999000e+03 -9.999000e+03 -9.999000e+03 -9.999000e+03 -9.999000e+03 -9.999000e+03 1.944348e-02 2.161973e-02 2.174385e-02 2.277220e-02 2.456318e-02 2.270376e-02 1.635279e-02 1.491359e-02 2.032086e-02 2.466599e-02 2.741610e-02 3.046090e-02 3.390804e-02 4.014178e-02 4.246294e-02 4.374218e-02 4.398275e-02 4.412222e-02 4.330256e-02 4.360372e-02 4.507364e-02 4.642036e-02 4.753508e-02 4.809081e-02 4.812202e-02 4.881953e-02 5.012834e-02 5.102968e-02 5.146594e-02 5.159136e-02 5.147117e-02 5.192234e-02 5.305804e-02 5.390965e-02 5.441033e-02 5.417388e-02 5.315871e-02 5.302835e-02 5.362205e-02
-9.999000e+03 7.998087e-02 1.585999e-02 1.805688e-02 1.431209e-02 -9.999000e+03 -9.999000e+03 -9.999000e+03 -9.999000e+03 -9.999000e+03 -9.999000e+03 -9.999000e+03 -9.999000e+03 -9.999000e+03 -9.999000e+03 -9.999000e+03 2.173840e-02 2.330202e-02 2.153230e-02 1.488927e-02 -9.999000e+03 -9.999000e+03 -9.999000e+03 -9.999000e+03 2.509626e-02 2.874245e-02 3.198788e-02 3.454527e-02 3.596806e-02 4.062927e-02 4.076371e-02 4.029886e-02 4.130368e-02 4.308798e-02 4.476585e-02 4.612042e-02 4.675873e-02 4.673062e-02 4.778716e-02 4.975571e-02 5.091691e-02 5.127123e-02 5.143031e-02 5.146737e-02 5.213993e-02 5.350424e-02 5.437858e-02 5.467503e-02 5.439605e-02 5.352317e-02 5.387173e-02 5.524759e-02
1.015924e-01 4.825343e-03 1.835040e-02 1.455282e-02 -9.999000e+03 -9.999000e+03 -9.999000e+03 -9.999000e+03 -9.999000e+03 -9.999000e+03 -9.999000e+03 -9.999000e+03 -9.999000e+03 -9.999000e+03 -9.999000e+03 -9.999000e+03 -9.999000e+03 -9.999000e+03 -9.999000e+03 -9.999000e+03 -9.999000e+03 -9.999000e+03 -9.999000e+03 -9.999000e+03 2.176143e-02 2.451687e-02 2.748598e-02 3.040833e-02 3.187803e-02 3.258655e-02 3.346037e-02 3.723851e-02 3.845751e-02 4.115465e-02 4.317880e-02 4.469295e-02 4.539847e-02 4.526372e-02 4.650321e-02 4.922386e-02 5.081779e-02 5.106776e-02 5.109027e-02 5.119496e-02 5.195838e-02 5.350570e-02 5.461525e-02 5.508956e-02 5.485595e-02 5.404706e-02 5.487087e-02 5.713509e-02
8.176611e-02 1.377114e-02 1.279278e-02 -9.999000e+03 -9.999000e+03 -9.999000e+03 -9.999000e+03 -9.999000e+03 -9.999000e+03 -9.999000e+03 -9.999000e+03 -9.999000e+03 -9.999000e+03 -9.999000e+03 -9.999000e+03 -9.999000e+03 -9.999000e+03 -9.999000e+03 -9.999000e+03 -9.999000e+03 -9.999000e+03 -9.999000e+03 -9.999000e+03 -9.999000e+03 -9.999000e+03 -9.999000e+03 -9.999000e+03 2.772935e-02 2.845169e-02 2.775827e-02 2.874907e-02 3.014135e-02 3.478011e-02 3.811789e-02 4.049179e-02 4.181860e-02 4.262832e-02 4.283480e-02 4.438273e-02 4.753401e-02 4.930412e-02 4.947350e-02 5.042600e-02 5.021906e-02 5.072510e-02 5.201654e-02 5.319729e-02 5.387926e-02 5.378615e-02 5.293333e-02 5.417929e-02 5.774294e-02
-9.999000e+03 -9.999000e+03 -9.999000e+03 -9.999000e+03 -9.999000e+03 -9.999000e+03 -9.999000e+03 -9.999000e+03 -9.999000e+03 -9.999000e+03 -9.999000e+03 -9.999000e+03 -9.999000e+03 -9.999000e+03 -9.999000e+03 -9.999000e+03 -9.999000e+03 -9.999000e+03 -9.999000e+03 -9.999000e+03 -9.999000e+03 -9.999000e+03 -9.999000e+03 -9.999000e+03 -9.999000e+03 -9.999000e+03 -9.999000e+03 -9.999000e+03 -9.999000e+03 2.342452e-02 2.299754e-02 2.496977e-02 2.826753e-02 3.236819e-02 3.425982e-02 3.471929e-02 3.575102e-02 3.670098e-02 3.831675e-02 4.097087e-02 4.235206e-02 4.846140e-02 4.848655e-02 4.824352e-02 4.831943e-02 4.994205e-02 5.045453e-02 5.088898e-02 5.099804e-02 5.052745e-02 5.232043e-02 5.711215e-02
-9.999000e+03 -9.999000e+03 -9.999000e+03 -9.999000e+03 -9.999000e+03 -9.999000e+03 -9.999000e+03 -9.999000e+03 -9.999000e+03 -9.999000e+03 -9.999000e+03 -9.999000e+03 -9.999000e+03 -9.999000e+03 -9.999000e+03 -9.999000e+03 -9.999000e+03 -9.999000e+03 -9.999000e+03 -9.999000e+03 -9.999000e+03 -9.999000e+03 -9.999000e+03 -9.999000e+03 -9.999000e+03 -9.999000e+03 -9.999000e+03 -9.999000e+03 -9.999000e+03 -9.999000e+03 2.082749e-02 2.265710e-02 2.647352e-02 3.121905e-02 3.267298e-02 3.161187e-02 3.252688e-02 3.486403e-02 3.708359e-02 3.943765e-02 4.075270e-02 4.113777e-02 4.154122e-02 4.180240e-02 4.778637e-02 4.792039e-02 4.768539e-02 4.723826e-02 4.841933e-02 4.885134e-02 5.124885e-02 5.603489e-02
-9.999000e+03 -9.999000e+03 -9.999000e+03 -9.999000e+03 -9.999000e+03 -9.999000e+03 -9.999000e+03 -9.999000e+03 -9.999000e+03 -9.999000e+03 -9.999000e+03 -9.999000e+03 -9.999000e+03 -9.999000e+03 -9.999000e+03 -9.999000e+03 -9.999000e+03 -9.999000e+03 -9.999000e+03 -9.999000e+03 -9.999000e+03 -9.999000e+03 -9.999000e+03 -9.999000e+03 -9.999000e+03 -9.999000e+03 -9.999000e+03 -9.999000e+03 -9.999000e+03 -9.999000e+03 -9.999000e+03 -9.999000e+03 -9.999000e+03 -9.999000e+03 -9.999000e+03 -9.999000e+03 -9.999000e+03 -9.999000e+03 -9.999000e+03 3.777581e-02 3.866555e-02 3.896705e-02 3.993473e-02 4.120918e-02 4.173340e-02 4.169506e-02 4.096119e-02 4.511754e-02 4.542828e-02 4.745574e-02 5.019138e-02 5.356950e-02
-9.999000e+03 -9.999000e+03 -9.999000e+03 -9.999000e+03 -9.999000e+03 -9.999000e+03 -9.999000e+03 -9.999000e+03 -9.999000e+03 -9.999000e+03 -9.999000e+03 -9.999000e+03 -9.999000e+03 -9.999000e+03 -9.999000e+03 -9.999000e+03 -9.999000e+03 -9.999000e+03 -9.999000e+03 -9.999000e+03 -9.999000e+03 -9.999000e+03 -9.999000e+03 -9.999000e+03 -9.999000e+03 -9.999000e+03 -9.999000e+03 -9.999000e+03 -9.999000e+03 -9.999000e+03 -9.999000e+03 -9.999000e+03 -9.999000e+03 -9.999000e+03 -9.999000e+03 -9.999000e+03 -9.999000e+03 -9.999000e+03 -9.999000e+03 -9.999000e+03 -9.999000e+03 -9.999000e+03 3.769566e-02 3.989767e-02 4.095503e-02 4.104520e-02 4.002931e-02 3.783201e-02 3.866888e-02 4.207180e-02 4.411793e-02 4.524631e-02
-9.999000e+03 -9.999000e+03 -9.999000e+03 -9.999000e+03 -9.999000e+03 -9.999000e+03 -9.999000e+03 -9.999000e+03 -9.999000e+03 -9.999000e+03 -9.999000e+03 -9.999000e+03 -9.999000e+03 -9.999000e+03 -9.999000e+03 -9.999000e+03 -9.999000e+03 -9.999000e+03 -9.999000e+03 -9.999000e+03 -9.999000e+03 -9.999000e+03 -9.999000e+03 -9.999000e+03 -9.999000e+03 -9.999000e+03 -9.999000e+03 -9.999000e+03 -9.999000e+03 -9.999000e+03 -9.999000e+03 -9.999000e+03 -9.999000e+03 -9.999000e+03 -9.999000e+03 -9.999000e+03 -9.999000e+03 -9.999000e+03 -9.999000e+03 -9.999000e+03 -9.999000e+03 -9.999000e+03 -9.999000e+03 -9.999000e+03 -9.999000e+03 4.051630e-02 3.933635e-02 3.691998e-02 3.809447e-02 4.237566e-02 4.395658e-02 4.337349e-02
-9.999000e+03 -9.999000e+03 -9.999000e+03 -9.999000e+03 -9.999000e+03 -9.999000e+03 -9.999000e+03 -9.999000e+03 -9.999000e+03 -9.999000e+03 -9.999000e+03 -9.999000e+03 -9.999000e+03 -9.999000e+03 -9.999000e+03 -9.999000e+03 -9.999000e+03 -9.999000e+03 -9.999000e+03 -9.999000e+03 -9.999000e+03 -9.999000e+03 -9.999000e+03 -9.999000e+03 -9.999000e+03 -9.999000e+03 -9.999000e+03 -9.999000e+03 -9.999000e+03 -9.999000e+03 -9.999000e+03 -9.999000e+03 -9.999000e+03 -9.999000e+03 -9.999000e+03 -9.999000e+03 -9.999000e+03 -9.999000e+03 -9.999000e+03 -9.999000e+03 -9.999000e+03 -9.999000e+03 -9.999000e+03 -9.999000e+03 -9.999000e+03 -9.999000e+03 -9.999000e+03 -9.999000e+03 -9.999000e+03 -9.999000e+03 -9.999000e+03 4.091195e-02
-9.999000e+03 -9.999000e+03 -9.999000e+03 -9.999000e+03 -9.999000e+03 -9.999000e+03 -9.999000e+03 -9.999000e+03 -9.999000e+03 -9.999000e+03 -9.999000e+03 -9.999000e+03 -9.999000e+03 -9.999000e+03 -9.999000e+03 -9.999000e+03 -9.999000e+03 -9.999000e+03 -9.999000e+03 -9.999000e+03 -9.999000e+03 -9.999000e+03 -9.999000e+03 -9.999000e+03 -9.999000e+03 -9.999000e+03 -9.999000e+03 -9.999000e+03 -9.999000e+03 -9.999000e+03 -9.999000e+03 -9.999000e+03 -9.999000e+03 -9.999000e+03 -9.999000e+03 -9.999000e+03 -9.999000e+03 -9.999000e+03 -9.999000e+03 -9.999000e+03 -9.999000e+03 -9.999000e+03 -9.999000e+03 -9.999000e+03 -9.999000e+03 -9.999000e+03 -9.999000e+03 -9.999000e+03 -9.999000e+03 -9.999000e+03 -9.999000e+03 -9.999000e+03
-9.999000e+03 -9.999000e+03 -9.999000e+03 -9.999000e+03 -9.999000e+03 -9.999000e+03 -9.999000e+03 -9.999000e+03 -9.999000e+03 -9.999000e+03 -9.999000e+03 -9.999000e+03 -9.999000e+03 -9.999000e+03 -9.999000e+03 -9.999000e+03 -9.999000e+03 -9.999000e+03 -9.999000e+03 -9.999000e+03 -9.999000e+03 -9.999000e+03 -9.999000e+03 -9.999000e+03 -9.999000e+03 -9.999000e+03 -9.999000e+03 -9.999000e+03 -9.999000e+03 -9.999000e+03 -9.999000e+03 -9.999000e+03 -9.999000e+03 -9.999000e+03 -9.999000e+03 -9.999000e+03 -9.999000e+03 -9.999000e+03 -9.999000e+03 -9.999000e+03 -9.999000e+03 -9.999000e+03 -9.999000e+03 -9.999000e+03 -9.999000e+03 -9.999000e+03 -9.999000e+03 -9.999000e+03 -9.999000e+03 -9.999000e+03 -9.999000e+03 -9.999000e+03
-9.999000e+03 -9.999000e+03 -9.999000e+03 -9.999000e+03 -9.999000e+03 -9.999000e+03 -9.999000e+03 -9.999000e+03 -9.999000e+03 -9.999000e+03 -9.999000e+03 -9.999000e+03 -9.999000e+03 -9.999000e+03 -9.999000e+03 -9.999000e+03 -9.999000e+03 -9.999000e+03 -9.999000e+03 -9.999000e+03 -9.999000e+03 -9.999000e+03 -9.999000e+03 -9.999000e+03 -9.999000e+03 -9.999000e+03 -9.999000e+03 -9.999000e+03 -9.999000e+03 -9.999000e+03 -9.999000e+03 -9.999000e+03 -9.999000e+03 -9.999000e+03 -9.999000e+03 -9.999000e+03 -9.999000e+03 -9.999000e+03 -9.999000e+03 -9.999000e+03 -9.999000e+03 -9.999000e+03 -9.999000e+03 -9.999000e+03 -9.999000e+03 -9.999000e+03 -9.999000e+03 -9.999000e+03 -9.999000e+03 -9.999000e+03 -9.999000e+03 -9.999000e+03
-9.999000e+03 -9.999000e+03 -9.999000e+03 -9.999000e+03 -9.999000e+03 -9.999000e+03 -9.999000e+03 -9.999000e+03 -9.999000e+03 -9.999000e+03 -9.999000e+03 -9.999000e+03 -9.999000e+03 -9.999000e+03 -9.999000e+03 -9.999000e+03 -9.999000e+03 -9.999000e+03 -9.999000e+03 -9.999000e+03 -9.999000e+03 -9.999000e+03 -9.999000e+03 -9.999000e+03 -9.999000e+03 -9.999000e+03 -9.999000e+03 -9.999000e+03 -9.999000e+03 -9.999000e+03 -9.999000e+03 -9.999000e+03 -9.999000e+03 -9.999000e+03 -9.999000e+03 -9.999000e+03 -9.999000e+03 -9.999000e+03 -9.999000e+03 -9.999000e+03 -9.999000e+03 -9.999000e+03 -9.999000e+03 -9.999000e+03 -9.999000e+03 -9.999000e+03 -9.999000e+03 -9.999000e+03 -9.999000e+03 -9.999000e+03 -9.999000e+03 -9.999000e+03
