tests/data/reference/test_stream_rill_mfda_diffusion/mvel_m_s.asc
ncols	123
nrows	77
xllcorner	-713746.79929998
yllcorner	-1061022.36961616
cellsize	10.0
NODATA_value	-9999
[rows 23 to 45 of 77, columns 52 to 103 of 123]
6.340270e-02 6.444918e-02 6.454277e-02 6.382403e-02 6.333980e-02 6.314430e-02 6.263324e-02 6.163273e-02 6.095500e-02 6.090751e-02 6.064814e-02 6.012574e-02 5.954312e-02 5.833893e-02 5.589838e-02 5.264478e-02 4.947621e-02 6.924699e-02 6.659497e-02 4.273987e-02 4.362919e-02 5.066833e-02 5.100335e-02 5.110878e-02 4.924709e-02 4.752124e-02 4.587401e-02 4.420732e-02 4.206327e-02 3.828146e-02 4.170470e-02 -9.999000e+03 -9.999000e+03 -9.999000e+03 -9.999000e+03 -9.999000e+03 -9.999000e+03 -9.999000e+03 -9.999000e+03 -9.999000e+03 -9.999000e+03 -9.999000e+03 -9.999000e+03 -9.999000e+03 -9.999000e+03 -9.999000e+03 -9.999000e+03 -9.999000e+03 -9.999000e+03 -9.999000e+03 -9.999000e+03 -9.999000e+03
6.474628e-02 6.525155e-02 6.483920e-02 6.398801e-02 6.333991e-02 6.294445e-02 6.232164e-02 6.136379e-02 6.083849e-02 6.083105e-02 6.064051e-02 6.033641e-02 5.952629e-02 5.773839e-02 5.526535e-02 5.249370e-02 4.994167e-02 4.883350e-02 6.664876e-02 6.426310e-02 5.217916e-02 5.331185e-02 5.486277e-02 5.438647e-02 5.313130e-02 5.046528e-02 4.683974e-02 4.366691e-02 4.149058e-02 4.196841e-02 3.972864e-02 4.190686e-02 4.153921e-02 -9.999000e+03 -9.999000e+03 -9.999000e+03 -9.999000e+03 -9.999000e+03 -9.999000e+03 -9.999000e+03 -9.999000e+03 -9.999000e+03 -9.999000e+03 -9.999000e+03 -9.999000e+03 -9.999000e+03 -9.999000e+03 -9.999000e+03 -9.999000e+03 -9.999000e+03 -9.999000e+03 -9.999000e+03
6.579273e-02 6.586100e-02 6.543357e-02 6.442119e-02 6.316964e-02 6.206447e-02 6.116142e-02 6.070083e-02 6.087951e-02 6.127090e-02 6.123412e-02 6.063320e-02 5.909734e-02 5.683484e-02 5.488599e-02 5.345035e-02 5.232476e-02 5.171601e-02 5.224536e-02 6.468240e-02 6.162286e-02 5.637661e-02 5.672059e-02 5.646185e-02 5.558086e-02 5.408751e-02 5.206574e-02 4.992911e-02 4.767474e-02 4.517112e-02 4.325493e-02 3.847986e-02 4.117853e-02 4.251347e-02 -9.999000e+03 -9.999000e+03 -9.999000e+03 -9.999000e+03 -9.999000e+03 -9.999000e+03 -9.999000e+03 -9.999000e+03 -9.999000e+03 -9.999000e+03 -9.999000e+03 -9.999000e+03 -9.999000e+03 -9.999000e+03 -9.999000e+03 -9.999000e+03 -9.999000e+03 -9.999000e+03
6.669486e-02 6.631992e-02 6.551493e-02 6.407603e-02 6.243869e-02 6.114224e-02 6.049351e-02 6.078785e-02 6.136964e-02 6.171744e-02 6.150032e-02 6.047252e-02 5.878800e-02 5.694623e-02 5.550237e-02 5.445142e-02 5.346995e-02 5.279184e-02 5.315765e-02 5.428163e-02 6.072917e-02 5.704290e-02 5.704073e-02 6.785864e-02 5.679002e-02 4.729044e-02 5.595716e-02 5.490068e-02 5.282348e-02 4.920100e-02 4.524370e-02 4.443875e-02 4.616465e-02 4.291135e-02 4.333768e-02 4.157130e-02 3.803574e-02 -9.999000e+03 -9.999000e+03 -9.999000e+03 -9.999000e+03 -9.999000e+03 -9.999000e+03 -9.999000e+03 -9.999000e+03 -9.999000e+03 -9.999000e+03 -9.999000e+03 -9.999000e+03 -9.999000e+03 -9.999000e+03 -9.999000e+03
6.743448e-02 6.642840e-02 6.479038e-02 6.283402e-02 6.129929e-02 6.067833e-02 6.081540e-02 6.150849e-02 6.192488e-02 6.186242e-02 6.137505e-02 6.034789e-02 5.919435e-02 5.809690e-02 5.675385e-02 5.494371e-02 5.297594e-02 5.180050e-02 5.225168e-02 5.331858e-02 5.419902e-02 5.495052e-02 5.542307e-02 6.754738e-02 6.157324e-02 4.798899e-02 5.631434e-02 5.784641e-02 6.604475e-02 6.283623e-02 4.393465e-02 4.205209e-02 4.706169e-02 4.707700e-02 4.098106e-02 4.078323e-02 3.902886e-02 3.702627e-02 3.597495e-02 -9.999000e+03 -9.999000e+03 -9.999000e+03 -9.999000e+03 -9.999000e+03 -9.999000e+03 -9.999000e+03 -9.999000e+03 -9.999000e+03 -9.999000e+03 -9.999000e+03 -9.999000e+03 -9.999000e+03
6.731458e-02 6.582040e-02 6.385010e-02 6.197161e-02 6.082218e-02 6.065618e-02 6.108230e-02 6.189053e-02 6.235019e-02 6.223182e-02 6.166136e-02 6.065259e-02 5.958480e-02 5.842820e-02 5.669938e-02 5.436744e-02 5.244322e-02 5.181202e-02 5.260579e-02 5.378309e-02 5.457956e-02 5.509408e-02 5.534644e-02 5.576758e-02 6.163557e-02 5.835744e-02 5.749048e-02 7.040724e-02 7.608407e-02 5.576486e-02 5.316284e-02 5.134297e-02 4.834966e-02 4.557033e-02 4.521761e-02 3.986461e-02 3.923868e-02 3.792521e-02 3.688710e-02 3.627812e-02 0.000000e+00 -9.999000e+03 -9.999000e+03 -9.999000e+03 -9.999000e+03 -9.999000e+03 -9.999000e+03 -9.999000e+03 -9.999000e+03 -9.999000e+03 -9.999000e+03 -9.999000e+03
6.621869e-02 6.450643e-02 6.286657e-02 6.173362e-02 6.116546e-02 6.087156e-02 6.095213e-02 6.199532e-02 6.292255e-02 6.300117e-02 6.239174e-02 6.116093e-02 5.955139e-02 5.745695e-02 5.499444e-02 5.292836e-02 5.235686e-02 5.317054e-02 5.462445e-02 5.611154e-02 5.715083e-02 5.750202e-02 5.723736e-02 5.696143e-02 5.735736e-02 5.886260e-02 5.998681e-02 8.149534e-02 7.855558e-02 5.729412e-02 5.559897e-02 5.295217e-02 5.022983e-02 4.804795e-02 4.533017e-02 4.429422e-02 4.356618e-02 3.827615e-02 3.803564e-02 0.000000e+00 0.000000e+00 2.994550e-02 2.744822e-02 -9.999000e+03 -9.999000e+03 -9.999000e+03 -9.999000e+03 -9.999000e+03 -9.999000e+03 -9.999000e+03 -9.999000e+03 -9.999000e+03
6.366154e-02 6.221967e-02 6.139700e-02 6.122228e-02 6.129722e-02 6.118026e-02 6.129554e-02 6.241030e-02 6.311790e-02 6.272245e-02 6.169235e-02 6.006117e-02 5.805700e-02 5.570794e-02 5.379650e-02 5.318164e-02 5.397054e-02 5.567840e-02 5.738427e-02 5.865334e-02 5.934088e-02 5.925519e-02 5.860091e-02 5.803543e-02 5.817571e-02 5.929547e-02 6.028893e-02 8.851239e-02 8.598102e-02 5.840899e-02 5.719352e-02 5.513781e-02 5.286154e-02 5.048679e-02 4.788044e-02 4.590661e-02 3.948430e-02 3.967300e-02 0.000000e+00 0.000000e+00 3.354259e-02 3.036665e-02 2.869212e-02 2.770071e-02 -9.999000e+03 -9.999000e+03 -9.999000e+03 -9.999000e+03 -9.999000e+03 -9.999000e+03 -9.999000e+03 -9.999000e+03
5.931574e-02 5.881924e-02 5.939337e-02 6.030944e-02 6.107757e-02 6.171542e-02 6.237441e-02 6.288192e-02 6.233329e-02 6.084337e-02 5.905739e-02 5.693946e-02 5.503601e-02 5.382192e-02 5.400350e-02 5.538303e-02 5.718646e-02 5.917279e-02 6.061477e-02 6.111359e-02 6.087850e-02 6.005960e-02 5.911217e-02 5.867388e-02 5.901457e-02 5.990836e-02 7.346102e-02 9.453987e-02 7.679490e-02 5.964192e-02 5.925503e-02 5.780224e-02 5.575122e-02 5.365999e-02 5.085731e-02 4.765915e-02 4.202529e-02 0.000000e+00 0.000000e+00 4.297486e-02 3.962615e-02 3.226440e-02 2.843808e-02 2.673608e-02 2.741165e-02 -9.999000e+03 -9.999000e+03 -9.999000e+03 -9.999000e+03 -9.999000e+03 -9.999000e+03 -9.999000e+03
5.294170e-02 5.390652e-02 5.564176e-02 5.734837e-02 5.884534e-02 6.028208e-02 6.147900e-02 6.179475e-02 6.091020e-02 5.948353e-02 5.790240e-02 5.620034e-02 5.515664e-02 5.514465e-02 5.620553e-02 5.795908e-02 5.964359e-02 6.108235e-02 6.169208e-02 6.136496e-02 6.070155e-02 5.985321e-02 5.920666e-02 5.917643e-02 5.971774e-02 6.028214e-02 8.354373e-02 9.632680e-02 7.096427e-02 5.936248e-02 5.949591e-02 5.865947e-02 5.715265e-02 5.574291e-02 5.333969e-02 5.028774e-02 0.000000e+00 0.000000e+00 4.828216e-02 4.576063e-02 4.259101e-02 3.911201e-02 3.194735e-02 2.930366e-02 2.967853e-02 3.093065e-02 -9.999000e+03 -9.999000e+03 -9.999000e+03 -9.999000e+03 -9.999000e+03 -9.999000e+03
4.445131e-02 4.752958e-02 5.002549e-02 5.217542e-02 5.440094e-02 5.656745e-02 5.826404e-02 5.923863e-02 5.961815e-02 5.964310e-02 5.933941e-02 5.896427e-02 5.898618e-02 5.927076e-02 5.972451e-02 6.038670e-02 6.082797e-02 6.086944e-02 6.014869e-02 5.904799e-02 5.855172e-02 5.852113e-02 5.890940e-02 5.962865e-02 6.032100e-02 6.039818e-02 1.003570e-01 9.906349e-02 5.715287e-02 5.722453e-02 5.759239e-02 5.755074e-02 5.677956e-02 5.615092e-02 0.000000e+00 0.000000e+00 0.000000e+00 5.231692e-02 5.037563e-02 4.822955e-02 4.608724e-02 4.351452e-02 4.093970e-02 3.450815e-02 3.249136e-02 3.070436e-02 2.936257e-02 2.929931e-02 -9.999000e+03 -9.999000e+03 -9.999000e+03 -9.999000e+03
7.797715e-02 8.565324e-02 4.285344e-02 4.570765e-02 5.153440e-02 5.433235e-02 5.664516e-02 5.829799e-02 5.966530e-02 6.069597e-02 6.133644e-02 6.189397e-02 6.246756e-02 6.274155e-02 6.266918e-02 6.229707e-02 6.143382e-02 6.013417e-02 5.835055e-02 5.412609e-02 5.573328e-02 5.595138e-02 5.706813e-02 5.842108e-02 5.921833e-02 5.886569e-02 1.019364e-01 9.980264e-02 5.504047e-02 5.521051e-02 5.603027e-02 5.710724e-02 5.692360e-02 0.000000e+00 0.000000e+00 4.673374e-02 5.478727e-02 5.370489e-02 5.227952e-02 5.062702e-02 4.881675e-02 4.719619e-02 4.465654e-02 4.182245e-02 3.513781e-02 3.298697e-02 3.161640e-02 3.183031e-02 3.198631e-02 -9.999000e+03 -9.999000e+03 -9.999000e+03
8.741837e-02 8.885218e-02 9.142481e-02 4.542608e-02 4.806649e-02 5.219340e-02 5.552525e-02 5.775435e-02 5.967798e-02 6.118722e-02 6.234603e-02 6.345008e-02 6.424636e-02 6.444975e-02 6.399012e-02 6.250340e-02 6.003656e-02 5.720437e-02 5.417034e-02 5.123510e-02 4.947913e-02 4.925654e-02 5.084485e-02 5.276041e-02 5.599338e-02 5.523814e-02 1.003407e-01 9.856168e-02 5.281946e-02 5.368721e-02 5.518506e-02 5.732174e-02 0.000000e+00 0.000000e+00 5.440163e-02 5.547678e-02 5.511139e-02 5.469122e-02 5.392590e-02 5.278911e-02 5.116160e-02 4.919584e-02 4.711799e-02 4.396808e-02 4.181320e-02 4.063786e-02 3.632914e-02 3.612369e-02 3.545461e-02 3.403156e-02 3.180131e-02 -9.999000e+03
5.036713e-02 6.460829e-02 9.607336e-02 9.363783e-02 4.861840e-02 5.317260e-02 5.583435e-02 5.654818e-02 5.726406e-02 5.789794e-02 5.858044e-02 5.940472e-02 5.963173e-02 5.919195e-02 5.829926e-02 5.660939e-02 5.449172e-02 5.246110e-02 5.033977e-02 4.826491e-02 4.722436e-02 4.801470e-02 4.958264e-02 5.070864e-02 5.033148e-02 9.383630e-02 9.882363e-02 5.005327e-02 5.165572e-02 5.330768e-02 5.521858e-02 0.000000e+00 0.000000e+00 5.698154e-02 5.637638e-02 5.577635e-02 5.544363e-02 5.525884e-02 5.486436e-02 5.418625e-02 5.277547e-02 5.074119e-02 4.863781e-02 4.641166e-02 4.448225e-02 4.280276e-02 4.256476e-02 3.777355e-02 3.728804e-02 3.661475e-02 3.560931e-02 3.455893e-02
7.000757e-02 6.920681e-02 6.672289e-02 9.654784e-02 9.675338e-02 9.426708e-02 9.377293e-02 9.432572e-02 9.405674e-02 9.429530e-02 9.466932e-02 9.589718e-02 9.533936e-02 9.396834e-02 9.189561e-02 9.078786e-02 8.508155e-02 4.349986e-02 4.479231e-02 4.581208e-02 4.744580e-02 4.981300e-02 5.116235e-02 5.032834e-02 4.782166e-02 9.173825e-02 8.702060e-02 4.923763e-02 5.186027e-02 5.418349e-02 0.000000e+00 0.000000e+00 5.879472e-02 5.778864e-02 5.720175e-02 5.654200e-02 5.584705e-02 5.545223e-02 5.512118e-02 5.478203e-02 5.372142e-02 5.185267e-02 5.000832e-02 4.796792e-02 4.568753e-02 4.365066e-02 4.177664e-02 4.168722e-02 4.214539e-02 3.813098e-02 3.848348e-02 3.778244e-02
7.308589e-02 5.842163e-02 6.705387e-02 7.247117e-02 9.605310e-02 9.413783e-02 9.361518e-02 9.440755e-02 9.524661e-02 9.570709e-02 9.654071e-02 9.721432e-02 9.789563e-02 9.682511e-02 9.548096e-02 9.294255e-02 9.128691e-02 9.046105e-02 9.284172e-02 4.095232e-02 4.346796e-02 4.734358e-02 4.879153e-02 4.724257e-02 8.650760e-02 8.503867e-02 4.037613e-02 3.961291e-02 6.288043e-02 0.000000e+00 0.000000e+00 5.897886e-02 5.926598e-02 5.828409e-02 5.787588e-02 5.724620e-02 5.642936e-02 5.609040e-02 5.593643e-02 5.578138e-02 5.489805e-02 5.308270e-02 5.118957e-02 4.925783e-02 4.713575e-02 4.475752e-02 4.286479e-02 4.219118e-02 4.205895e-02 4.316694e-02 3.887180e-02 3.860824e-02
5.815995e-02 5.916537e-02 5.946587e-02 5.884027e-02 6.011679e-02 6.294287e-02 6.457192e-02 6.484758e-02 6.466626e-02 6.411425e-02 6.327849e-02 6.037306e-02 5.862658e-02 5.636263e-02 5.382192e-02 5.136519e-02 5.530345e-02 9.879885e-02 9.396600e-02 9.053368e-02 8.940209e-02 9.806800e-02 4.374919e-02 4.093320e-02 7.587403e-02 8.073225e-02 4.384696e-02 4.571264e-02 0.000000e+00 0.000000e+00 5.780101e-02 5.942313e-02 5.955530e-02 5.855360e-02 5.831574e-02 5.788691e-02 5.726805e-02 5.722482e-02 5.733248e-02 5.728026e-02 5.647990e-02 5.463477e-02 5.238409e-02 5.031799e-02 4.875039e-02 4.700301e-02 4.478618e-02 4.300344e-02 4.251636e-02 4.180713e-02 4.190587e-02 3.719608e-02
5.539190e-02 5.703520e-02 5.886646e-02 6.022647e-02 6.240587e-02 6.527417e-02 6.716961e-02 6.801016e-02 6.847685e-02 6.853173e-02 6.809788e-02 6.723126e-02 6.604778e-02 6.460664e-02 6.292273e-02 5.928007e-02 5.713075e-02 5.467373e-02 5.106539e-02 9.528294e-02 9.744493e-02 3.363736e-02 9.834948e-02 3.465219e-02 3.299405e-02 6.875332e-02 7.845079e-02 4.593412e-02 0.000000e+00 5.232696e-02 5.719333e-02 5.945396e-02 6.012619e-02 5.936584e-02 5.892011e-02 5.840273e-02 5.799313e-02 5.823995e-02 5.855106e-02 5.849096e-02 5.762045e-02 5.586623e-02 5.351602e-02 5.113268e-02 4.981576e-02 4.875942e-02 4.681961e-02 4.473250e-02 4.351598e-02 4.279353e-02 4.157926e-02 4.166107e-02
5.418109e-02 5.617458e-02 5.772646e-02 5.855987e-02 6.001672e-02 6.254199e-02 6.460606e-02 6.594940e-02 6.721238e-02 6.813272e-02 6.835718e-02 6.814223e-02 6.790676e-02 6.766574e-02 6.712672e-02 6.633907e-02 6.545791e-02 6.427429e-02 5.995666e-02 5.507603e-02 5.242965e-02 0.000000e+00 0.000000e+00 0.000000e+00 2.941293e-02 3.046209e-02 6.965636e-02 0.000000e+00 0.000000e+00 4.799695e-02 6.348210e-02 5.879124e-02 6.094590e-02 6.082947e-02 5.978368e-02 5.876779e-02 5.847615e-02 5.899795e-02 5.954012e-02 5.952861e-02 5.841740e-02 5.658168e-02 5.433252e-02 5.177566e-02 5.034048e-02 4.978569e-02 4.869170e-02 4.715486e-02 4.596717e-02 4.494257e-02 4.413276e-02 4.283091e-02
5.353926e-02 5.528560e-02 5.629522e-02 5.656947e-02 5.734309e-02 5.925715e-02 6.101649e-02 6.229552e-02 6.392408e-02 6.569363e-02 6.674223e-02 6.715863e-02 6.763514e-02 6.823713e-02 6.853221e-02 6.851656e-02 6.859566e-02 6.858076e-02 6.748048e-02 6.490110e-02 6.082116e-02 6.016731e-02 5.785839e-02 0.000000e+00 0.000000e+00 0.000000e+00 1.349549e-02 0.000000e+00 3.594880e-02 5.057402e-02 5.849466e-02 5.360116e-02 5.928506e-02 6.006917e-02 5.971802e-02 5.918620e-02 5.919571e-02 5.971189e-02 6.021301e-02 6.047552e-02 5.948803e-02 5.743816e-02 5.503142e-02 5.234636e-02 5.075799e-02 5.026707e-02 4.965755e-02 4.867225e-02 4.769285e-02 4.668356e-02 4.561710e-02 4.427443e-02
5.223384e-02 5.322482e-02 5.389938e-02 5.407194e-02 5.448589e-02 5.570244e-02 5.676404e-02 5.743682e-02 5.897640e-02 6.142439e-02 6.336108e-02 6.450475e-02 6.555576e-02 6.671066e-02 6.759115e-02 6.817716e-02 6.908874e-02 7.020803e-02 7.055082e-02 6.986635e-02 6.878772e-02 6.683288e-02 6.361328e-02 5.864638e-02 5.460323e-02 0.000000e+00 0.000000e+00 0.000000e+00 9.173301e-03 3.652390e-02 5.798183e-02 6.656003e-02 5.436025e-02 5.631736e-02 5.828310e-02 5.954738e-02 6.020193e-02 6.060587e-02 6.079707e-02 6.116221e-02 6.053099e-02 5.854857e-02 5.587385e-02 5.288867e-02 5.106911e-02 5.033232e-02 4.974096e-02 4.909733e-02 4.851722e-02 4.768412e-02 4.661938e-02 4.048426e-02
5.049500e-02 5.101211e-02 5.172610e-02 5.232500e-02 5.275691e-02 5.341898e-02 5.388053e-02 5.393614e-02 5.490462e-02 5.711192e-02 5.922950e-02 6.082915e-02 6.220810e-02 6.355842e-02 6.468164e-02 6.556322e-02 6.697829e-02 6.882769e-02 6.998665e-02 7.028546e-02 7.031873e-02 7.012791e-02 6.733427e-02 6.208677e-02 5.953507e-02 2.388980e-02 0.000000e+00 0.000000e+00 0.000000e+00 0.000000e+00 5.460868e-02 6.271079e-02 5.063401e-02 5.476147e-02 5.759811e-02 5.939599e-02 6.048241e-02 6.134536e-02 6.172368e-02 6.191687e-02 6.141922e-02 5.980255e-02 5.727009e-02 5.424250e-02 5.222869e-02 5.113823e-02 5.030461e-02 4.958012e-02 4.909953e-02 4.880985e-02 4.756949e-02 4.235723e-02
4.798493e-02 4.837471e-02 4.951912e-02 5.101267e-02 5.180336e-02 5.211550e-02 5.228187e-02 5.205114e-02 5.214040e-02 5.318470e-02 5.480705e-02 5.657480e-02 5.799344e-02 5.914841e-02 6.014858e-02 6.099862e-02 6.270000e-02 6.514266e-02 6.674004e-02 6.738252e-02 6.828856e-02 6.956931e-02 6.867139e-02 6.347508e-02 6.069565e-02 0.000000e+00 0.000000e+00 4.802153e-02 5.159669e-02 0.000000e+00 0.000000e+00 0.000000e+00 7.375250e-02 6.576973e-02 5.823131e-02 5.879093e-02 5.996973e-02 6.175013e-02 6.269345e-02 6.275163e-02 6.226507e-02 6.104571e-02 5.903074e-02 5.641934e-02 5.438799e-02 5.291430e-02 5.160456e-02 5.035973e-02 4.958169e-02 4.991958e-02 4.374488e-02 4.478197e-02
