tests/data/reference/test_stream_rill_mfda_diffusion/mwlevel_m.asc
ncols	123
nrows	77
xllcorner	-713746.79929998
yllcorner	-1061022.36961616
cellsize	10.0
NODATA_value	-9999
[rows 46 to 68 of 77, columns 52 to 103 of 123]
1.114630e-02 1.110559e-02 1.095854e-02 1.085629e-02 1.092121e-02 1.099331e-02 1.098356e-02 1.098469e-02 1.103079e-02 1.105583e-02 1.100445e-02 1.095251e-02 1.097419e-02 1.098723e-02 1.095382e-02 1.091852e-02 1.082320e-02 1.074662e-02 1.081540e-02 1.089728e-02 1.087353e-02 1.084259e-02 1.095535e-02 1.115592e-02 1.123227e-02 0.000000e+00 7.026254e-03 9.267006e-03 1.116185e-02 1.163741e-02 1.184287e-02 0.000000e+00 0.000000e+00 0.000000e+00 1.816624e-02 1.129282e-02 1.127863e-02 1.118006e-02 1.110332e-02 1.106939e-02 1.103130e-02 1.098275e-02 1.093138e-02 1.092969e-02 1.094045e-02 1.094819e-02 1.096062e-02 1.099327e-02 1.105899e-02 1.075352e-02 8.952828e-03 8.901275e-03
1.125606e-02 1.125144e-02 1.110201e-02 1.094036e-02 1.097001e-02 1.103438e-02 1.101346e-02 1.097602e-02 1.098865e-02 1.102950e-02 1.101844e-02 1.098654e-02 1.103001e-02 1.107437e-02 1.105935e-02 1.104224e-02 1.094812e-02 1.083343e-02 1.086071e-02 1.091643e-02 1.086800e-02 1.080320e-02 1.084808e-02 1.099235e-02 1.114516e-02 0.000000e+00 7.026414e-03 9.214993e-03 1.153375e-02 1.151879e-02 1.170429e-02 1.565493e-02 9.456100e-03 0.000000e+00 0.000000e+00 1.147049e-02 1.141982e-02 1.127732e-02 1.115435e-02 1.109580e-02 1.106511e-02 1.104582e-02 1.100368e-02 1.097868e-02 1.095441e-02 1.093055e-02 1.092271e-02 1.093959e-02 1.098547e-02 8.948843e-03 8.912888e-03 1.064396e-02
1.130613e-02 1.133419e-02 1.122831e-02 1.105710e-02 1.103921e-02 1.107194e-02 1.105485e-02 1.101348e-02 1.098326e-02 1.099772e-02 1.101090e-02 1.100094e-02 1.105231e-02 1.111349e-02 1.111434e-02 1.111340e-02 1.105145e-02 1.095475e-02 1.096650e-02 1.100349e-02 1.094517e-02 1.085819e-02 1.080622e-02 1.082831e-02 1.098696e-02 0.000000e+00 6.653437e-03 1.101191e-02 1.146225e-02 1.150621e-02 1.165512e-02 1.208294e-02 1.472360e-02 1.160700e-02 0.000000e+00 1.194055e-02 1.148473e-02 1.135469e-02 1.121330e-02 1.111546e-02 1.106625e-02 1.106987e-02 1.104986e-02 1.102698e-02 1.099144e-02 1.095271e-02 1.093916e-02 1.093891e-02 1.060954e-02 8.872117e-03 8.870727e-03 1.066354e-02
1.130179e-02 1.133837e-02 1.129967e-02 1.117719e-02 1.112032e-02 1.111344e-02 1.111187e-02 1.109449e-02 1.103527e-02 1.100924e-02 1.102736e-02 1.102293e-02 1.105231e-02 1.110090e-02 1.110486e-02 1.111040e-02 1.108483e-02 1.103713e-02 1.107314e-02 1.112587e-02 1.109847e-02 1.102564e-02 1.088688e-02 1.076837e-02 1.085021e-02 0.000000e+00 8.579828e-03 1.063655e-02 1.140677e-02 1.152387e-02 1.158668e-02 8.879828e-03 1.195802e-02 1.414387e-02 0.000000e+00 0.000000e+00 1.148204e-02 1.140469e-02 1.128088e-02 1.115466e-02 1.107372e-02 1.107706e-02 1.107571e-02 1.106730e-02 1.102992e-02 1.097989e-02 1.096708e-02 1.092281e-02 1.056706e-02 8.789205e-03 8.829373e-03 1.070097e-02
1.126678e-02 1.129497e-02 1.131529e-02 1.126824e-02 1.118988e-02 1.114520e-02 1.115843e-02 1.117232e-02 1.110348e-02 1.104488e-02 1.107524e-02 1.108081e-02 1.106544e-02 1.107691e-02 1.107415e-02 1.107222e-02 1.105402e-02 1.103618e-02 1.109868e-02 1.117275e-02 1.120124e-02 1.117481e-02 1.098653e-02 1.079093e-02 1.080465e-02 0.000000e+00 8.562636e-03 1.053220e-02 1.128461e-02 1.136505e-02 1.156881e-02 1.095302e-02 1.105181e-02 1.182922e-02 1.309721e-02 0.000000e+00 1.185074e-02 1.139825e-02 1.131278e-02 1.119413e-02 1.110505e-02 1.109716e-02 1.109852e-02 1.110839e-02 1.108360e-02 1.101835e-02 1.098959e-02 1.095216e-02 1.056162e-02 1.056535e-02 8.779359e-03 8.838754e-03
1.119653e-02 1.121105e-02 1.127338e-02 1.129505e-02 1.120406e-02 1.112611e-02 1.114546e-02 1.118500e-02 1.113176e-02 1.106848e-02 1.113311e-02 1.117671e-02 1.112091e-02 1.107769e-02 1.105056e-02 1.102489e-02 1.097945e-02 1.095871e-02 1.103665e-02 1.112883e-02 1.123584e-02 1.129591e-02 1.108477e-02 1.085850e-02 1.084064e-02 0.000000e+00 8.571188e-03 1.049028e-02 1.098072e-02 1.121565e-02 8.602925e-03 1.150340e-02 1.131084e-02 1.171893e-02 1.182713e-02 0.000000e+00 0.000000e+00 1.175059e-02 1.130609e-02 1.121165e-02 1.113521e-02 1.112182e-02 1.111245e-02 1.113047e-02 1.113816e-02 1.107954e-02 1.101889e-02 1.096137e-02 1.095953e-02 1.056000e-02 1.054667e-02 1.096606e-02
1.113637e-02 1.114396e-02 1.123954e-02 1.131320e-02 1.120799e-02 1.110084e-02 1.111610e-02 1.116056e-02 1.111744e-02 1.105611e-02 1.115566e-02 1.126261e-02 1.121982e-02 1.114480e-02 1.107951e-02 1.102906e-02 1.095783e-02 1.090779e-02 1.096057e-02 1.103096e-02 1.119583e-02 1.136466e-02 1.117186e-02 1.094972e-02 1.092448e-02 0.000000e+00 8.559799e-03 1.048580e-02 1.045540e-02 8.338465e-03 8.514247e-03 1.085157e-02 1.164873e-02 1.165850e-02 1.177795e-02 1.171574e-02 0.000000e+00 1.165375e-02 1.126548e-02 1.122077e-02 1.117916e-02 1.117910e-02 1.115116e-02 1.113724e-02 1.114975e-02 1.112488e-02 1.106073e-02 1.101087e-02 1.095193e-02 1.095279e-02 1.097110e-02 1.053261e-02
1.112349e-02 1.111872e-02 1.123172e-02 1.134792e-02 1.124115e-02 1.111374e-02 1.111322e-02 1.113970e-02 1.108485e-02 1.101175e-02 1.111615e-02 1.126426e-02 1.129063e-02 1.125269e-02 1.115710e-02 1.108267e-02 1.101429e-02 1.094316e-02 1.094789e-02 1.097033e-02 1.114288e-02 1.136049e-02 1.115410e-02 1.092540e-02 1.058331e-02 0.000000e+00 8.535687e-03 8.454917e-03 8.370834e-03 8.284214e-03 1.040166e-02 1.087307e-02 1.155405e-02 1.161550e-02 1.167336e-02 1.165362e-02 0.000000e+00 0.000000e+00 1.150261e-02 1.119408e-02 1.120846e-02 1.124711e-02 1.121979e-02 1.117127e-02 1.115159e-02 1.113759e-02 1.109925e-02 1.103650e-02 1.099661e-02 1.100006e-02 1.095930e-02 1.053729e-02
1.113775e-02 1.112025e-02 1.122143e-02 1.135626e-02 1.127036e-02 1.114809e-02 1.113442e-02 1.114645e-02 1.109186e-02 1.100145e-02 1.105858e-02 1.118501e-02 1.127973e-02 1.132641e-02 1.123060e-02 1.113185e-02 1.108120e-02 1.101874e-02 1.099583e-02 1.098797e-02 1.114842e-02 1.138856e-02 1.119442e-02 8.866709e-03 8.718674e-03 0.000000e+00 8.500521e-03 8.417123e-03 8.334525e-03 1.033322e-02 1.041135e-02 1.111364e-02 1.153009e-02 1.150630e-02 1.162461e-02 1.172110e-02 1.135906e-02 0.000000e+00 1.136124e-02 1.139949e-02 1.110547e-02 1.116777e-02 1.117759e-02 1.115480e-02 1.113538e-02 1.112536e-02 1.111884e-02 1.108826e-02 1.103626e-02 1.100569e-02 1.098064e-02 1.099538e-02
1.116171e-02 1.115271e-02 1.121220e-02 1.133010e-02 1.128346e-02 1.118638e-02 1.115902e-02 1.116006e-02 1.113889e-02 1.106299e-02 1.104451e-02 1.109826e-02 1.121599e-02 1.132596e-02 1.125126e-02 1.114689e-02 1.112252e-02 1.108963e-02 1.106280e-02 1.104613e-02 1.118570e-02 1.143034e-02 9.037060e-03 8.802632e-03 0.000000e+00 0.000000e+00 8.435008e-03 1.037366e-02 1.036632e-02 1.037594e-02 1.102650e-02 1.112997e-02 1.115643e-02 1.144230e-02 1.160438e-02 1.177508e-02 1.152415e-02 0.000000e+00 1.132350e-02 1.129584e-02 1.100121e-02 1.104477e-02 1.107795e-02 1.109161e-02 1.109380e-02 1.109871e-02 1.112179e-02 1.112822e-02 1.108947e-02 1.103886e-02 1.104107e-02 1.552079e-02
1.117367e-02 1.120229e-02 1.119481e-02 1.126832e-02 1.127946e-02 1.121969e-02 1.117000e-02 1.114035e-02 1.115006e-02 1.113056e-02 1.107604e-02 1.105756e-02 1.115650e-02 1.128611e-02 1.123914e-02 1.114088e-02 1.112863e-02 1.112297e-02 1.110791e-02 1.109281e-02 1.118684e-02 1.136143e-02 1.128447e-02 1.039346e-02 0.000000e+00 6.635770e-03 8.392131e-03 1.040854e-02 1.096314e-02 1.433613e-02 1.461371e-02 1.491149e-02 1.508501e-02 1.535520e-02 2.424921e-02 1.631608e-02 1.178430e-02 0.000000e+00 0.000000e+00 1.116767e-02 1.119556e-02 1.100142e-02 1.104640e-02 1.107415e-02 1.108438e-02 1.108166e-02 1.109772e-02 1.112805e-02 1.113853e-02 1.112181e-02 1.452323e-02 1.611707e-02
1.111815e-02 1.122467e-02 1.112751e-02 1.111435e-02 1.117549e-02 1.118206e-02 1.113771e-02 1.108567e-02 1.110193e-02 1.112930e-02 1.109366e-02 1.104739e-02 1.110550e-02 1.121577e-02 1.119742e-02 1.111688e-02 1.109653e-02 1.109629e-02 1.109833e-02 1.109817e-02 1.115311e-02 1.125629e-02 1.431134e-02 1.404810e-02 0.000000e+00 6.633627e-03 8.841427e-03 1.307302e-02 1.500602e-02 1.574671e-02 1.565266e-02 1.483354e-02 1.470824e-02 1.493263e-02 2.299582e-02 2.561651e-02 2.155431e-02 1.151980e-02 0.000000e+00 1.110056e-02 1.104108e-02 1.095400e-02 1.101774e-02 1.105996e-02 1.108877e-02 1.108295e-02 1.107200e-02 1.110094e-02 1.115800e-02 1.373225e-02 1.527889e-02 1.112771e-02
1.105689e-02 1.125155e-02 1.108825e-02 1.097944e-02 1.105879e-02 1.112398e-02 1.110378e-02 1.104956e-02 1.105040e-02 1.108761e-02 1.109092e-02 1.105751e-02 1.107312e-02 1.114630e-02 1.115729e-02 1.110847e-02 1.107557e-02 1.106122e-02 1.106674e-02 1.108013e-02 1.111638e-02 1.116437e-02 1.116544e-02 1.638340e-02 0.000000e+00 6.632539e-03 1.072770e-02 1.319857e-02 1.576045e-02 1.114123e-02 1.105365e-02 1.095586e-02 1.100796e-02 1.109693e-02 1.115176e-02 1.788834e-02 2.684270e-02 2.612249e-02 0.000000e+00 0.000000e+00 1.114838e-02 1.119603e-02 1.103352e-02 1.106565e-02 1.109996e-02 1.110955e-02 1.108896e-02 1.108089e-02 1.260209e-02 1.426539e-02 1.111244e-02 1.107543e-02
1.104028e-02 1.128555e-02 1.109955e-02 1.091646e-02 1.098882e-02 1.108321e-02 1.109313e-02 1.105282e-02 1.101786e-02 1.103107e-02 1.107492e-02 1.108262e-02 1.106815e-02 1.110095e-02 1.113912e-02 1.113354e-02 1.110006e-02 1.106959e-02 1.105645e-02 1.105630e-02 1.108409e-02 1.109734e-02 1.105293e-02 1.103055e-02 0.000000e+00 8.401978e-03 1.051145e-02 1.110823e-02 1.114778e-02 1.111834e-02 1.104509e-02 1.093812e-02 1.094165e-02 1.099689e-02 1.100561e-02 1.102171e-02 1.146552e-02 3.026938e-02 2.833922e-02 0.000000e+00 0.000000e+00 1.130198e-02 1.129505e-02 1.109575e-02 1.111642e-02 1.112947e-02 1.111896e-02 1.139287e-02 1.303283e-02 1.109524e-02 1.104620e-02 1.100849e-02
1.102141e-02 1.126880e-02 1.108636e-02 1.087964e-02 1.092925e-02 1.102620e-02 1.107174e-02 1.106690e-02 1.099738e-02 1.096552e-02 1.102914e-02 1.108278e-02 1.105977e-02 1.105005e-02 1.109178e-02 1.112562e-02 1.111502e-02 1.109414e-02 1.107809e-02 1.105982e-02 1.108743e-02 1.110417e-02 1.100929e-02 1.093509e-02 0.000000e+00 8.378493e-03 1.048020e-02 1.107581e-02 1.111477e-02 1.107314e-02 1.102563e-02 1.094325e-02 1.090822e-02 1.091733e-02 1.089596e-02 1.087395e-02 1.104386e-02 1.152910e-02 3.152218e-02 3.131681e-02 0.000000e+00 0.000000e+00 1.148342e-02 1.118450e-02 1.114952e-02 1.112167e-02 1.110737e-02 1.177171e-02 1.107288e-02 1.110752e-02 1.110090e-02 1.108767e-02
1.071419e-02 1.095262e-02 1.114138e-02 1.089614e-02 1.091437e-02 1.096875e-02 1.103337e-02 1.106594e-02 1.097397e-02 1.089441e-02 1.094296e-02 1.101008e-02 1.099423e-02 1.096535e-02 1.098991e-02 1.103589e-02 1.105170e-02 1.105970e-02 1.108046e-02 1.108042e-02 1.111820e-02 1.116156e-02 1.105829e-02 1.094213e-02 0.000000e+00 8.408034e-03 1.048935e-02 1.107121e-02 1.113201e-02 1.109362e-02 1.105934e-02 1.100123e-02 1.094114e-02 1.083945e-02 1.084683e-02 1.083652e-02 1.090380e-02 1.106641e-02 1.160172e-02 2.440054e-02 3.501160e-02 0.000000e+00 1.188289e-02 1.167328e-02 1.122400e-02 1.113562e-02 1.110128e-02 1.106746e-02 1.104195e-02 1.108614e-02 1.115020e-02 1.115861e-02
9.012713e-03 1.093184e-02 1.090990e-02 1.098704e-02 1.093804e-02 1.093246e-02 1.099093e-02 1.104841e-02 1.095689e-02 1.085122e-02 1.087330e-02 1.092128e-02 1.092627e-02 1.089553e-02 1.090268e-02 1.094566e-02 1.098308e-02 1.100540e-02 1.105312e-02 1.108135e-02 1.112631e-02 1.118479e-02 1.110014e-02 1.097085e-02 0.000000e+00 8.450784e-03 1.050874e-02 1.107191e-02 1.116630e-02 1.115342e-02 1.112627e-02 1.108134e-02 1.044350e-02 1.056755e-02 1.080665e-02 1.076435e-02 1.084861e-02 1.090660e-02 1.113097e-02 1.175854e-02 2.692748e-02 0.000000e+00 0.000000e+00 1.191284e-02 1.129411e-02 1.119092e-02 1.115955e-02 1.114659e-02 1.108975e-02 1.109552e-02 1.117641e-02 1.111004e-02
9.106428e-03 9.246797e-03 1.089310e-02 1.082305e-02 1.077016e-02 1.072481e-02 1.075163e-02 1.081252e-02 1.075703e-02 1.066157e-02 1.065548e-02 1.092200e-02 1.089280e-02 1.085712e-02 1.083172e-02 1.087604e-02 1.093365e-02 1.096929e-02 1.102566e-02 1.106979e-02 1.110916e-02 1.116624e-02 1.111886e-02 1.101889e-02 0.000000e+00 8.487823e-03 1.052007e-02 1.107088e-02 1.120305e-02 1.123311e-02 1.121271e-02 8.554027e-03 9.807170e-03 1.044443e-02 1.036511e-02 1.077777e-02 1.078396e-02 1.086595e-02 1.098000e-02 1.121542e-02 1.186323e-02 2.902703e-02 0.000000e+00 0.000000e+00 1.534633e-02 1.123604e-02 1.120292e-02 1.122437e-02 1.115671e-02 1.114314e-02 1.124472e-02 1.111017e-02
9.226792e-03 9.264757e-03 9.285688e-03 9.276382e-03 9.256161e-03 9.226123e-03 9.234474e-03 9.286005e-03 9.286756e-03 9.229074e-03 1.070331e-02 1.070098e-02 1.067858e-02 1.064586e-02 1.083682e-02 1.081721e-02 1.086734e-02 1.090237e-02 1.095838e-02 1.100638e-02 1.108097e-02 1.110672e-02 1.108152e-02 1.104251e-02 0.000000e+00 8.504899e-03 1.050653e-02 1.102559e-02 1.118003e-02 1.125633e-02 1.125882e-02 8.563325e-03 8.569640e-03 8.544519e-03 1.044040e-02 1.034229e-02 1.078025e-02 1.085277e-02 1.090077e-02 1.101551e-02 1.128469e-02 1.543147e-02 2.714220e-02 0.000000e+00 1.178187e-02 1.819047e-02 1.114145e-02 1.116349e-02 1.113856e-02 1.112023e-02 1.120820e-02 1.109857e-02
9.346374e-03 9.297865e-03 9.265376e-03 9.252205e-03 9.250633e-03 9.262656e-03 9.284616e-03 9.315009e-03 9.329882e-03 9.326492e-03 9.308232e-03 9.279272e-03 9.232011e-03 1.070743e-02 1.065253e-02 1.057117e-02 1.054249e-02 1.051893e-02 1.054061e-02 1.100140e-02 1.101105e-02 1.106053e-02 1.099833e-02 1.097431e-02 0.000000e+00 8.499525e-03 1.049213e-02 1.095021e-02 1.104527e-02 1.115804e-02 1.119556e-02 1.116865e-02 9.319204e-03 8.597399e-03 8.564054e-03 1.042002e-02 1.084298e-02 1.076022e-02 1.080569e-02 1.085932e-02 1.044420e-02 1.087561e-02 1.574602e-02 0.000000e+00 0.000000e+00 1.554488e-02 1.109570e-02 1.106897e-02 1.115198e-02 1.115030e-02 1.115265e-02 1.104873e-02
-9.999000e+03 -9.999000e+03 -9.999000e+03 -9.999000e+03 -9.999000e+03 -9.999000e+03 -9.999000e+03 -9.999000e+03 9.328961e-03 9.401126e-03 9.420116e-03 9.370695e-03 9.293779e-03 9.200769e-03 9.073688e-03 8.920636e-03 8.792664e-03 8.684201e-03 1.054405e-02 1.058562e-02 1.101858e-02 1.102098e-02 1.096929e-02 0.000000e+00 0.000000e+00 8.713555e-03 1.044157e-02 1.038480e-02 1.044506e-02 1.053497e-02 1.059694e-02 1.207240e-02 1.115126e-02 1.089266e-02 8.629994e-03 1.103597e-02 1.041299e-02 1.031991e-02 1.031946e-02 8.255816e-03 8.245552e-03 8.299871e-03 8.654388e-03 1.431647e-02 0.000000e+00 0.000000e+00 1.775159e-02 1.104568e-02 1.111104e-02 1.114419e-02 8.525473e-03 8.496917e-03
-9.999000e+03 -9.999000e+03 -9.999000e+03 -9.999000e+03 -9.999000e+03 -9.999000e+03 -9.999000e+03 -9.999000e+03 -9.999000e+03 -9.999000e+03 -9.999000e+03 9.416713e-03 9.312097e-03 9.168299e-03 9.041008e-03 8.933116e-03 8.826151e-03 8.715882e-03 8.676595e-03 1.061214e-02 1.062335e-02 1.104156e-02 1.094592e-02 0.000000e+00 6.643649e-03 8.522907e-03 8.450699e-03 8.333842e-03 8.288385e-03 8.307850e-03 8.363415e-03 1.109204e-02 1.172625e-02 1.118350e-02 1.116063e-02 8.705443e-03 8.642341e-03 8.500523e-03 8.384500e-03 8.296338e-03 8.249019e-03 8.236918e-03 8.318426e-03 1.095910e-02 1.365382e-02 0.000000e+00 0.000000e+00 8.988780e-03 8.541450e-03 -9.999000e+03 -9.999000e+03 -9.999000e+03
-9.999000e+03 -9.999000e+03 -9.999000e+03 -9.999000e+03 -9.999000e+03 -9.999000e+03 -9.999000e+03 -9.999000e+03 -9.999000e+03 -9.999000e+03 -9.999000e+03 -9.999000e+03 -9.999000e+03 9.103267e-03 8.990520e-03 1.065047e-02 1.064760e-02 1.060042e-02 8.724313e-03 8.764284e-03 1.064749e-02 1.066172e-02 1.058045e-02 0.000000e+00 6.644253e-03 8.552857e-03 8.484728e-03 8.351398e-03 8.278762e-03 8.259848e-03 8.298254e-03 9.574850e-03 1.117376e-02 1.128799e-02 1.121696e-02 8.743471e-03 8.713816e-03 8.609485e-03 8.486516e-03 -9.999000e+03 -9.999000e+03 -9.999000e+03 -9.999000e+03 -9.999000e+03 -9.999000e+03 -9.999000e+03 0.000000e+00 0.000000e+00 -9.999000e+03 -9.999000e+03 -9.999000e+03 -9.999000e+03
