tests/data/reference/test_stream_rill_mfda_diffusion/mwlevel_m.asc
ncols	123
nrows	77
xllcorner	-713746.79929998
yllcorner	-1061022.36961616
cellsize	10.0
NODATA_value	-9999
[rows 23 to 45 of 77, columns 0 to 51 of 123]
-9.999000e+03 -9.999000e+03 -9.999000e+03 -9.999000e+03 -9.999000e+03 -9.999000e+03 -9.999000e+03 -9.999000e+03 -9.999000e+03 -9.999000e+03 -9.999000e+03 -9.999000e+03 -9.999000e+03 -9.999000e+03 -9.999000e+03 -9.999000e+03 1.156185e-02 1.235604e-02 1.167159e-02 1.111725e-02 7.150082e-03 5.651843e-03 7.256825e-03 1.901155e-02 9.984323e-03 1.527409e-02 1.319672e-02 1.283787e-02 1.757386e-02 1.273473e-02 1.100740e-02 1.104597e-02 1.107225e-02 1.110703e-02 1.112769e-02 1.114064e-02 1.109224e-02 1.099872e-02 1.098542e-02 1.103766e-02 1.108156e-02 1.109889e-02 1.110541e-02 1.721439e-02 1.477680e-02 8.751242e-03 8.753982e-03 1.064623e-02 1.108516e-02 1.108408e-02 1.109615e-02 1.108386e-02
-9.999000e+03 -9.999000e+03 -9.999000e+03 -9.999000e+03 -9.999000e+03 -9.999000e+03 -9.999000e+03 -9.999000e+03 -9.999000e+03 -9.999000e+03 -9.999000e+03 -9.999000e+03 -9.999000e+03 -9.999000e+03 -9.999000e+03 1.229727e-02 1.373487e-02 1.119331e-02 1.054725e-02 1.015410e-02 5.326803e-03 5.116840e-03 1.864732e-02 9.951114e-03 1.524828e-02 1.105257e-02 1.229071e-02 1.131797e-02 1.138235e-02 1.684517e-02 1.102761e-02 1.104871e-02 1.109452e-02 1.114526e-02 1.116587e-02 1.114823e-02 1.107337e-02 1.100301e-02 1.102949e-02 1.108950e-02 1.110893e-02 1.110631e-02 1.110361e-02 1.724077e-02 1.681043e-02 8.758279e-03 8.749712e-03 1.062333e-02 1.101232e-02 1.105849e-02 1.105281e-02 1.102555e-02
-9.999000e+03 -9.999000e+03 -9.999000e+03 -9.999000e+03 -9.999000e+03 -9.999000e+03 -9.999000e+03 -9.999000e+03 -9.999000e+03 -9.999000e+03 -9.999000e+03 -9.999000e+03 -9.999000e+03 -9.999000e+03 -9.999000e+03 1.067702e-02 1.169817e-02 1.039898e-02 1.042790e-02 7.112866e-03 5.580158e-03 1.839295e-02 1.847240e-02 1.537786e-02 1.106246e-02 1.229609e-02 1.125677e-02 1.138328e-02 1.138250e-02 1.140464e-02 1.526449e-02 1.145199e-02 1.151039e-02 1.120131e-02 1.121050e-02 1.115042e-02 1.105938e-02 1.102866e-02 1.108978e-02 1.113603e-02 1.111932e-02 1.109665e-02 1.108917e-02 1.373669e-02 1.625075e-02 1.073240e-02 8.729887e-03 1.059037e-02 1.097421e-02 1.100533e-02 1.098998e-02 1.098169e-02
-9.999000e+03 -9.999000e+03 -9.999000e+03 -9.999000e+03 -9.999000e+03 -9.999000e+03 -9.999000e+03 -9.999000e+03 -9.999000e+03 -9.999000e+03 -9.999000e+03 -9.999000e+03 -9.999000e+03 -9.999000e+03 -9.999000e+03 1.036299e-02 1.036868e-02 1.098307e-02 7.149545e-03 5.687891e-03 7.284146e-03 1.925031e-02 1.552697e-02 1.504915e-02 1.309766e-02 1.148598e-02 1.159807e-02 1.159874e-02 1.159176e-02 1.156607e-02 1.155636e-02 1.415026e-02 1.159392e-02 1.167468e-02 1.162387e-02 1.109827e-02 1.101886e-02 1.103712e-02 1.110319e-02 1.112335e-02 1.110565e-02 1.110372e-02 1.111039e-02 1.110998e-02 1.245625e-02 1.501689e-02 1.057816e-02 1.054704e-02 1.094477e-02 1.098217e-02 1.097895e-02 1.099781e-02
-9.999000e+03 -9.999000e+03 -9.999000e+03 -9.999000e+03 -9.999000e+03 -9.999000e+03 -9.999000e+03 -9.999000e+03 -9.999000e+03 -9.999000e+03 -9.999000e+03 -9.999000e+03 -9.999000e+03 -9.999000e+03 -9.999000e+03 -9.999000e+03 1.082345e-02 7.173635e-03 5.867521e-03 7.269999e-03 1.915230e-02 1.009614e-02 1.962012e-02 1.989423e-02 2.512100e-02 1.222873e-02 1.180215e-02 1.184601e-02 1.177077e-02 1.166897e-02 1.160636e-02 1.160328e-02 1.342654e-02 1.173606e-02 1.161561e-02 1.139532e-02 1.133845e-02 1.138741e-02 1.108846e-02 1.109476e-02 1.110301e-02 1.112744e-02 1.113884e-02 1.112338e-02 1.108020e-02 1.113237e-02 1.354155e-02 1.091711e-02 1.092833e-02 1.097812e-02 1.098933e-02 1.102494e-02
-9.999000e+03 -9.999000e+03 -9.999000e+03 -9.999000e+03 -9.999000e+03 -9.999000e+03 -9.999000e+03 -9.999000e+03 -9.999000e+03 -9.999000e+03 -9.999000e+03 -9.999000e+03 -9.999000e+03 -9.999000e+03 -9.999000e+03 -9.999000e+03 -9.999000e+03 6.102903e-03 5.641307e-03 1.890850e-02 1.014264e-02 1.655325e-02 1.660449e-02 2.395903e-02 2.052844e-02 2.487835e-02 2.050220e-02 1.394184e-02 1.163708e-02 1.159717e-02 1.163062e-02 1.171039e-02 1.176821e-02 1.279797e-02 1.157375e-02 1.137602e-02 1.142729e-02 1.155334e-02 1.158113e-02 1.150812e-02 1.114220e-02 1.112552e-02 1.108639e-02 1.103955e-02 1.099204e-02 1.095438e-02 1.094872e-02 1.219703e-02 1.100995e-02 1.100636e-02 1.102185e-02 1.107030e-02
-9.999000e+03 -9.999000e+03 -9.999000e+03 -9.999000e+03 -9.999000e+03 -9.999000e+03 -9.999000e+03 -9.999000e+03 -9.999000e+03 -9.999000e+03 -9.999000e+03 -9.999000e+03 -9.999000e+03 -9.999000e+03 -9.999000e+03 -9.999000e+03 -9.999000e+03 6.089559e-03 9.999944e-03 2.000655e-02 1.877085e-02 1.786274e-02 1.570182e-02 1.143512e-02 1.143741e-02 2.048066e-02 2.487025e-02 2.378863e-02 2.568917e-02 2.510497e-02 1.309148e-02 1.173973e-02 1.174051e-02 1.168403e-02 1.155267e-02 1.143297e-02 1.156393e-02 1.171433e-02 1.167960e-02 1.157687e-02 1.148537e-02 1.138038e-02 1.098311e-02 1.093377e-02 1.091041e-02 1.090991e-02 1.094716e-02 1.101162e-02 1.106702e-02 1.104310e-02 1.106500e-02 1.113133e-02
-9.999000e+03 -9.999000e+03 -9.999000e+03 -9.999000e+03 -9.999000e+03 -9.999000e+03 -9.999000e+03 -9.999000e+03 -9.999000e+03 -9.999000e+03 -9.999000e+03 -9.999000e+03 -9.999000e+03 -9.999000e+03 -9.999000e+03 -9.999000e+03 -9.999000e+03 7.157711e-03 1.011135e-02 1.274539e-02 1.888540e-02 1.752337e-02 1.156178e-02 1.150601e-02 1.149558e-02 1.146366e-02 1.167238e-02 2.159777e-02 2.370275e-02 2.409567e-02 2.431012e-02 2.012604e-02 1.444013e-02 1.166903e-02 1.164470e-02 2.402878e-02 2.452061e-02 2.388633e-02 2.349519e-02 2.279606e-02 2.286389e-02 2.361273e-02 1.167917e-02 1.158362e-02 1.151587e-02 1.115653e-02 1.115185e-02 1.116068e-02 1.114248e-02 1.111643e-02 1.115766e-02 1.124265e-02
-9.999000e+03 -9.999000e+03 -9.999000e+03 -9.999000e+03 -9.999000e+03 -9.999000e+03 -9.999000e+03 -9.999000e+03 -9.999000e+03 -9.999000e+03 -9.999000e+03 -9.999000e+03 -9.999000e+03 -9.999000e+03 -9.999000e+03 -9.999000e+03 -9.999000e+03 9.618038e-03 9.677128e-03 1.159416e-02 1.156614e-02 1.151032e-02 1.153226e-02 1.150792e-02 1.152670e-02 1.152404e-02 1.147431e-02 1.152507e-02 1.161750e-02 1.158264e-02 1.967854e-02 2.428711e-02 2.412408e-02 2.748506e-02 2.722711e-02 2.671718e-02 2.513556e-02 2.396223e-02 2.280208e-02 2.204225e-02 2.238167e-02 2.410760e-02 2.637923e-02 2.821610e-02 2.778365e-02 1.186246e-02 1.170950e-02 1.129203e-02 1.120856e-02 1.119336e-02 1.128055e-02 1.138107e-02
-9.999000e+03 -9.999000e+03 -9.999000e+03 -9.999000e+03 -9.999000e+03 -9.999000e+03 -9.999000e+03 -9.999000e+03 -9.999000e+03 -9.999000e+03 -9.999000e+03 -9.999000e+03 -9.999000e+03 -9.999000e+03 -9.999000e+03 -9.999000e+03 9.526615e-03 9.623688e-03 1.122208e-02 1.118008e-02 1.159871e-02 1.153201e-02 1.151703e-02 1.143777e-02 1.154865e-02 1.160487e-02 1.153101e-02 1.104254e-02 1.111021e-02 1.156466e-02 1.162392e-02 1.219575e-02 2.105586e-02 2.493231e-02 2.639367e-02 1.181153e-02 1.170818e-02 1.154816e-02 1.141478e-02 1.130693e-02 1.131544e-02 1.143343e-02 2.323269e-02 2.517066e-02 2.710146e-02 2.806566e-02 2.737974e-02 2.754660e-02 2.691280e-02 1.180485e-02 1.153608e-02 1.157257e-02
-9.999000e+03 -9.999000e+03 -9.999000e+03 -9.999000e+03 -9.999000e+03 -9.999000e+03 -9.999000e+03 -9.999000e+03 -9.999000e+03 -9.999000e+03 -9.999000e+03 -9.999000e+03 -9.999000e+03 -9.999000e+03 -9.999000e+03 6.749062e-03 9.550224e-03 1.093474e-02 1.118761e-02 1.120148e-02 1.116241e-02 1.108764e-02 1.150953e-02 1.099719e-02 1.102342e-02 1.109229e-02 1.106166e-02 1.099847e-02 1.105429e-02 1.111319e-02 1.117531e-02 1.124965e-02 1.126410e-02 1.127876e-02 1.125033e-02 1.122249e-02 1.120863e-02 1.115596e-02 1.109434e-02 1.103551e-02 1.101476e-02 1.134048e-02 1.137472e-02 1.145129e-02 1.164273e-02 2.438418e-02 2.546146e-02 2.595435e-02 2.808744e-02 3.113053e-02 3.307733e-02 2.936810e-02
-9.999000e+03 -9.999000e+03 -9.999000e+03 -9.999000e+03 -9.999000e+03 -9.999000e+03 -9.999000e+03 -9.999000e+03 -9.999000e+03 -9.999000e+03 -9.999000e+03 -9.999000e+03 -9.999000e+03 -9.999000e+03 -9.999000e+03 9.575100e-03 9.527458e-03 1.107017e-02 1.111823e-02 1.116028e-02 1.116994e-02 1.113316e-02 1.106776e-02 1.100748e-02 1.098688e-02 1.101926e-02 1.100783e-02 1.096132e-02 1.101513e-02 1.107528e-02 1.112731e-02 1.119091e-02 1.120420e-02 1.121482e-02 1.117412e-02 1.110182e-02 1.108355e-02 1.107538e-02 1.105845e-02 1.104486e-02 1.103525e-02 1.103285e-02 1.102315e-02 1.127571e-02 1.125917e-02 1.127935e-02 1.142828e-02 1.151320e-02 1.172104e-02 2.726432e-02 3.064778e-02 3.447563e-02
-9.999000e+03 -9.999000e+03 -9.999000e+03 -9.999000e+03 -9.999000e+03 -9.999000e+03 -9.999000e+03 -9.999000e+03 -9.999000e+03 -9.999000e+03 -9.999000e+03 -9.999000e+03 -9.999000e+03 -9.999000e+03 9.561911e-03 9.554390e-03 1.108368e-02 1.107589e-02 1.110656e-02 1.114099e-02 1.116616e-02 1.116874e-02 1.112372e-02 1.107431e-02 1.103144e-02 1.101551e-02 1.098250e-02 1.092760e-02 1.096319e-02 1.099895e-02 1.100624e-02 1.102988e-02 1.103650e-02 1.108029e-02 1.110870e-02 1.105594e-02 1.101202e-02 1.098023e-02 1.093658e-02 1.091054e-02 1.089741e-02 1.092015e-02 1.097670e-02 1.100566e-02 1.098722e-02 1.124571e-02 1.125432e-02 1.127164e-02 1.148632e-02 1.167580e-02 1.179602e-02 1.495370e-02
-9.999000e+03 -9.999000e+03 -9.999000e+03 -9.999000e+03 -9.999000e+03 -9.999000e+03 -9.999000e+03 -9.999000e+03 -9.999000e+03 -9.999000e+03 -9.999000e+03 -9.999000e+03 -9.999000e+03 9.615718e-03 9.553445e-03 1.085168e-02 1.106547e-02 1.106217e-02 1.108719e-02 1.111649e-02 1.114571e-02 1.117277e-02 1.115219e-02 1.112714e-02 1.108904e-02 1.105121e-02 1.100995e-02 1.094171e-02 1.094609e-02 1.094869e-02 1.090582e-02 1.089712e-02 1.089194e-02 1.093192e-02 1.101373e-02 1.101971e-02 1.096936e-02 1.092402e-02 1.086001e-02 1.080400e-02 1.075690e-02 1.074971e-02 1.087302e-02 1.097055e-02 1.095486e-02 1.092145e-02 1.096106e-02 1.122597e-02 1.129171e-02 1.141437e-02 1.152631e-02 1.162242e-02
-9.999000e+03 -9.999000e+03 -9.999000e+03 -9.999000e+03 -9.999000e+03 -9.999000e+03 -9.999000e+03 -9.999000e+03 -9.999000e+03 -9.999000e+03 -9.999000e+03 -9.999000e+03 -9.999000e+03 9.711321e-03 9.599933e-03 1.090020e-02 1.096246e-02 1.098859e-02 1.103573e-02 1.107669e-02 1.110289e-02 1.113241e-02 1.111709e-02 1.110191e-02 1.108027e-02 1.105332e-02 1.104856e-02 1.100907e-02 1.100238e-02 1.099166e-02 1.091772e-02 1.089318e-02 1.087038e-02 1.086442e-02 1.098703e-02 1.106234e-02 1.098717e-02 1.091893e-02 1.084422e-02 1.079238e-02 1.049126e-02 1.044602e-02 1.055992e-02 1.064845e-02 1.062215e-02 1.094694e-02 1.094346e-02 1.094157e-02 1.102503e-02 1.141750e-02 1.140300e-02 1.142211e-02
-9.999000e+03 -9.999000e+03 -9.999000e+03 -9.999000e+03 -9.999000e+03 -9.999000e+03 -9.999000e+03 -9.999000e+03 -9.999000e+03 -9.999000e+03 -9.999000e+03 -9.999000e+03 9.842000e-03 9.801081e-03 1.092863e-02 1.083614e-02 1.085073e-02 1.089813e-02 1.096989e-02 1.103201e-02 1.106490e-02 1.110193e-02 1.109498e-02 1.108170e-02 1.106988e-02 1.104216e-02 1.105489e-02 1.105199e-02 1.105550e-02 1.104947e-02 1.095535e-02 1.091569e-02 1.087586e-02 1.082192e-02 1.097244e-02 1.112974e-02 1.108210e-02 1.078716e-02 1.074809e-02 9.306206e-03 9.173722e-03 8.954251e-03 8.861113e-03 8.871540e-03 1.064731e-02 1.059910e-02 1.058711e-02 1.094472e-02 1.101374e-02 1.109920e-02 1.108684e-02 1.678096e-02
-9.999000e+03 -9.999000e+03 -9.999000e+03 -9.999000e+03 -9.999000e+03 -9.999000e+03 -9.999000e+03 -9.999000e+03 -9.999000e+03 -9.999000e+03 -9.999000e+03 1.000329e-02 9.898659e-03 1.091063e-02 1.105442e-02 1.094365e-02 1.088531e-02 1.088095e-02 1.093010e-02 1.099219e-02 1.103202e-02 1.107952e-02 1.109227e-02 1.109155e-02 1.110115e-02 1.107437e-02 1.106364e-02 1.106472e-02 1.108103e-02 1.109206e-02 1.099402e-02 1.096208e-02 1.096999e-02 1.070951e-02 1.079546e-02 1.095136e-02 9.431998e-03 9.465348e-03 9.445307e-03 9.374108e-03 9.200296e-03 8.973387e-03 8.889643e-03 8.915971e-03 8.918552e-03 8.893479e-03 1.059081e-02 1.058464e-02 1.065578e-02 1.110996e-02 1.729964e-02 1.631978e-02
-9.999000e+03 -9.999000e+03 -9.999000e+03 -9.999000e+03 -9.999000e+03 -9.999000e+03 -9.999000e+03 -9.999000e+03 -9.999000e+03 -9.999000e+03 -9.999000e+03 1.005641e-02 9.938707e-03 1.104861e-02 1.108707e-02 1.105565e-02 1.097484e-02 1.091258e-02 1.090759e-02 1.095595e-02 1.101095e-02 1.106153e-02 1.107861e-02 1.108143e-02 1.112119e-02 1.112454e-02 1.108831e-02 1.108115e-02 1.112278e-02 1.116605e-02 1.105260e-02 1.097367e-02 9.466368e-03 9.305750e-03 9.257308e-03 9.314526e-03 9.361612e-03 9.395055e-03 9.344445e-03 1.063143e-02 1.052491e-02 1.051444e-02 1.066448e-02 1.079715e-02 8.995379e-03 8.990760e-03 8.947684e-03 8.876244e-03 1.062030e-02 1.803018e-02 1.753886e-02 1.106719e-02
-9.999000e+03 -9.999000e+03 -9.999000e+03 -9.999000e+03 -9.999000e+03 -9.999000e+03 -9.999000e+03 -9.999000e+03 -9.999000e+03 -9.999000e+03 9.894400e-03 9.948689e-03 1.107943e-02 1.109487e-02 1.107447e-02 1.110261e-02 1.105880e-02 1.099009e-02 1.091656e-02 1.092903e-02 1.100470e-02 1.106379e-02 1.107551e-02 1.107046e-02 1.113211e-02 1.118340e-02 1.114457e-02 1.112820e-02 1.119832e-02 1.128686e-02 1.115993e-02 9.540691e-03 9.394684e-03 9.271812e-03 9.222804e-03 9.235265e-03 1.079048e-02 1.079248e-02 1.069868e-02 1.058480e-02 1.080604e-02 1.089330e-02 1.106417e-02 1.121197e-02 1.120451e-02 1.079900e-02 8.997233e-03 8.940791e-03 1.912345e-02 1.848017e-02 1.097011e-02 1.103328e-02
-9.999000e+03 -9.999000e+03 -9.999000e+03 -9.999000e+03 -9.999000e+03 -9.999000e+03 -9.999000e+03 -9.999000e+03 -9.999000e+03 -9.999000e+03 9.821354e-03 9.872866e-03 1.125389e-02 1.112264e-02 1.107735e-02 1.111040e-02 1.110594e-02 1.108219e-02 1.097407e-02 1.092779e-02 1.100309e-02 1.106315e-02 1.106199e-02 1.104309e-02 1.110314e-02 1.120406e-02 1.121162e-02 1.118663e-02 1.124294e-02 1.132388e-02 9.647667e-03 9.464623e-03 1.067943e-02 1.069059e-02 1.074133e-02 1.078244e-02 1.079770e-02 1.107165e-02 1.097277e-02 1.087930e-02 1.094855e-02 1.109096e-02 1.755376e-02 1.774042e-02 1.122298e-02 1.111613e-02 1.615878e-02 2.073289e-02 2.017720e-02 1.094081e-02 1.094914e-02 1.100279e-02
-9.999000e+03 -9.999000e+03 -9.999000e+03 -9.999000e+03 -9.999000e+03 -9.999000e+03 -9.999000e+03 -9.999000e+03 -9.999000e+03 9.814544e-03 9.782177e-03 1.111529e-02 1.122547e-02 1.116056e-02 1.110797e-02 1.111221e-02 1.111624e-02 1.113917e-02 1.106168e-02 1.098247e-02 1.104443e-02 1.110002e-02 1.108922e-02 1.105217e-02 1.104831e-02 1.111999e-02 1.118128e-02 1.119116e-02 1.123556e-02 1.129900e-02 9.557813e-03 1.066258e-02 1.069136e-02 1.092649e-02 1.269796e-02 1.678502e-02 1.705552e-02 1.820717e-02 1.868276e-02 1.855956e-02 1.899300e-02 1.958116e-02 2.062310e-02 2.057248e-02 2.108391e-02 2.149692e-02 2.190661e-02 2.176855e-02 1.110291e-02 1.102264e-02 1.095337e-02 1.095713e-02
-9.999000e+03 -9.999000e+03 -9.999000e+03 -9.999000e+03 -9.999000e+03 -9.999000e+03 -9.999000e+03 -9.999000e+03 9.920418e-03 9.856024e-03 1.087731e-02 1.100797e-02 1.112363e-02 1.116574e-02 1.114550e-02 1.113542e-02 1.112404e-02 1.115528e-02 1.111315e-02 1.102444e-02 1.107058e-02 1.113708e-02 1.115293e-02 1.113518e-02 1.106701e-02 1.105586e-02 1.112907e-02 1.116873e-02 1.118778e-02 1.123573e-02 1.340826e-02 1.334915e-02 1.506946e-02 1.541705e-02 1.700227e-02 1.714869e-02 1.835183e-02 1.856715e-02 1.905781e-02 1.927556e-02 1.952199e-02 2.022426e-02 1.124725e-02 1.190205e-02 2.122662e-02 2.180946e-02 1.432983e-02 1.126042e-02 1.124215e-02 1.115904e-02 1.100987e-02 1.092597e-02
-9.999000e+03 -9.999000e+03 -9.999000e+03 -9.999000e+03 -9.999000e+03 -9.999000e+03 -9.999000e+03 -9.999000e+03 9.958274e-03 9.921181e-03 1.100470e-02 1.105974e-02 1.110607e-02 1.117359e-02 1.118543e-02 1.117689e-02 1.112314e-02 1.109312e-02 1.103319e-02 1.094617e-02 1.098582e-02 1.106325e-02 1.112438e-02 1.117199e-02 1.112245e-02 1.106715e-02 1.112658e-02 1.117483e-02 1.114971e-02 1.116238e-02 1.346922e-02 1.496909e-02 1.525633e-02 1.675917e-02 1.272961e-02 1.108239e-02 1.109906e-02 1.112323e-02 1.115158e-02 1.115915e-02 1.119171e-02 1.123939e-02 1.124297e-02 1.121390e-02 1.123806e-02 1.127640e-02 1.127228e-02 1.128115e-02 1.130518e-02 1.130039e-02 1.118653e-02 1.105182e-02
