tests/data/reference/test_stream_rill_mfda_diffusion/mwlevel_m.asc
ncols	123
nrows	77
xllcorner	-713746.79929998
yllcorner	-1061022.36961616
cellsize	10.0
NODATA_value	-9999
[rows 46 to 68 of 77, columns 0 to 51 of 123]
-9.999000e+03 -9.999000e+03 -9.999000e+03 -9.999000e+03 -9.999000e+03 -9.999000e+03 -9.999000e+03 -9.999000e+03 9.927834e-03 9.892261e-03 1.108270e-02 1.113708e-02 1.113139e-02 1.118202e-02 1.121454e-02 1.123344e-02 1.118001e-02 1.109353e-02 1.098579e-02 1.089063e-02 1.092242e-02 1.098601e-02 1.105489e-02 1.113316e-02 1.111907e-02 1.106254e-02 1.111420e-02 1.118536e-02 1.114865e-02 1.111922e-02 1.115883e-02 1.116724e-02 1.113172e-02 1.111431e-02 1.110041e-02 1.108513e-02 1.105413e-02 1.103276e-02 1.104055e-02 1.104661e-02 1.107572e-02 1.112723e-02 1.116619e-02 1.117959e-02 1.121498e-02 1.126167e-02 1.125946e-02 1.124944e-02 1.127979e-02 1.133553e-02 1.130834e-02 1.119742e-02
-9.999000e+03 -9.999000e+03 -9.999000e+03 -9.999000e+03 -9.999000e+03 -9.999000e+03 -9.999000e+03 1.115360e-02 9.847751e-03 9.786987e-03 1.094209e-02 1.102931e-02 1.102637e-02 1.107008e-02 1.111701e-02 1.117862e-02 1.121780e-02 1.119358e-02 1.107936e-02 1.096841e-02 1.098073e-02 1.101532e-02 1.105464e-02 1.111802e-02 1.113245e-02 1.109354e-02 1.111770e-02 1.118472e-02 1.116306e-02 1.110925e-02 1.113720e-02 1.116713e-02 1.112518e-02 1.108894e-02 1.106639e-02 1.104735e-02 1.101774e-02 1.099480e-02 1.101278e-02 1.102423e-02 1.102964e-02 1.104805e-02 1.107423e-02 1.110043e-02 1.114729e-02 1.121142e-02 1.124408e-02 1.124151e-02 1.123696e-02 1.127785e-02 1.131197e-02 1.127544e-02
-9.999000e+03 -9.999000e+03 -9.999000e+03 -9.999000e+03 -9.999000e+03 -9.999000e+03 -9.999000e+03 1.100197e-02 9.832037e-03 9.807798e-03 1.081314e-02 1.091380e-02 1.090560e-02 1.095962e-02 1.102597e-02 1.108976e-02 1.117309e-02 1.121292e-02 1.111654e-02 1.101608e-02 1.102852e-02 1.105683e-02 1.107600e-02 1.112006e-02 1.117011e-02 1.117226e-02 1.116738e-02 1.120115e-02 1.119834e-02 1.114801e-02 1.114190e-02 1.115600e-02 1.111099e-02 1.105770e-02 1.102241e-02 1.100182e-02 1.097388e-02 1.094473e-02 1.096930e-02 1.100144e-02 1.101136e-02 1.101059e-02 1.101040e-02 1.102330e-02 1.106356e-02 1.112824e-02 1.119330e-02 1.122957e-02 1.121498e-02 1.122043e-02 1.127666e-02 1.129968e-02
-9.999000e+03 -9.999000e+03 -9.999000e+03 -9.999000e+03 -9.999000e+03 -9.999000e+03 1.097545e-02 1.081320e-02 9.906170e-03 9.957627e-03 1.094617e-02 1.093868e-02 1.088937e-02 1.092690e-02 1.101158e-02 1.106569e-02 1.113816e-02 1.118991e-02 1.109075e-02 1.099577e-02 1.101473e-02 1.106003e-02 1.108339e-02 1.111058e-02 1.118000e-02 1.122495e-02 1.121697e-02 1.123056e-02 1.125418e-02 1.123494e-02 1.121149e-02 1.122312e-02 1.121549e-02 1.118367e-02 1.114299e-02 1.110503e-02 1.105468e-02 1.098669e-02 1.096803e-02 1.098930e-02 1.101898e-02 1.102364e-02 1.099777e-02 1.098371e-02 1.099962e-02 1.104181e-02 1.111276e-02 1.118309e-02 1.118936e-02 1.117745e-02 1.123459e-02 1.128915e-02
-9.999000e+03 -9.999000e+03 -9.999000e+03 -9.999000e+03 -9.999000e+03 1.093942e-02 1.078956e-02 9.874576e-03 1.001157e-02 1.103026e-02 1.099859e-02 1.099105e-02 1.091778e-02 1.089084e-02 1.096732e-02 1.103183e-02 1.110923e-02 1.117491e-02 1.108723e-02 1.098046e-02 1.097442e-02 1.103426e-02 1.108007e-02 1.109403e-02 1.115625e-02 1.122332e-02 1.122767e-02 1.123241e-02 1.127096e-02 1.128488e-02 1.125686e-02 1.125045e-02 1.125858e-02 1.125889e-02 1.123896e-02 1.120125e-02 1.114848e-02 1.106741e-02 1.100020e-02 1.098698e-02 1.103243e-02 1.105583e-02 1.101318e-02 1.097364e-02 1.096172e-02 1.097618e-02 1.103754e-02 1.112036e-02 1.115011e-02 1.113657e-02 1.118422e-02 1.125228e-02
-9.999000e+03 -9.999000e+03 -9.999000e+03 -9.999000e+03 -9.999000e+03 1.088664e-02 9.993269e-03 1.006011e-02 1.088606e-02 1.088698e-02 1.086775e-02 1.088047e-02 1.084220e-02 1.075980e-02 1.081977e-02 1.098764e-02 1.105369e-02 1.113334e-02 1.107827e-02 1.094352e-02 1.084318e-02 1.085096e-02 1.090760e-02 1.093852e-02 1.100168e-02 1.108277e-02 1.111100e-02 1.111832e-02 1.115550e-02 1.118402e-02 1.116063e-02 1.113862e-02 1.113843e-02 1.115960e-02 1.118604e-02 1.119429e-02 1.118995e-02 1.114916e-02 1.106123e-02 1.100858e-02 1.106195e-02 1.111620e-02 1.108355e-02 1.103406e-02 1.099195e-02 1.096693e-02 1.099308e-02 1.105568e-02 1.110490e-02 1.110732e-02 1.113223e-02 1.118702e-02
-9.999000e+03 -9.999000e+03 -9.999000e+03 -9.999000e+03 1.104054e-02 1.009593e-02 1.016309e-02 1.027477e-02 1.024916e-02 1.021963e-02 1.015811e-02 1.010149e-02 1.003434e-02 9.860316e-03 1.077339e-02 1.084602e-02 1.099692e-02 1.107864e-02 1.108842e-02 1.094994e-02 1.075292e-02 1.066766e-02 1.070637e-02 1.075672e-02 1.081808e-02 1.091137e-02 1.097253e-02 1.099273e-02 1.105005e-02 1.108949e-02 1.107671e-02 1.104596e-02 1.102640e-02 1.104504e-02 1.109628e-02 1.113831e-02 1.117951e-02 1.119575e-02 1.112052e-02 1.103218e-02 1.106776e-02 1.114336e-02 1.114559e-02 1.111091e-02 1.105516e-02 1.100425e-02 1.099677e-02 1.101835e-02 1.106832e-02 1.109257e-02 1.109715e-02 1.113023e-02
-9.999000e+03 -9.999000e+03 -9.999000e+03 -9.999000e+03 1.017732e-02 1.018215e-02 1.038892e-02 1.046464e-02 1.040394e-02 1.049983e-02 1.037538e-02 1.027312e-02 1.020139e-02 9.961635e-03 9.820448e-03 1.081488e-02 1.080580e-02 1.086378e-02 1.096379e-02 1.101851e-02 1.077458e-02 1.054046e-02 1.054911e-02 1.056233e-02 1.054998e-02 1.059342e-02 1.065411e-02 1.090908e-02 1.098373e-02 1.105043e-02 1.107169e-02 1.105104e-02 1.100095e-02 1.098015e-02 1.100903e-02 1.103961e-02 1.108443e-02 1.113312e-02 1.110457e-02 1.103034e-02 1.103725e-02 1.109800e-02 1.113349e-02 1.114258e-02 1.111479e-02 1.107948e-02 1.107192e-02 1.106390e-02 1.109325e-02 1.112279e-02 1.110877e-02 1.112063e-02
-9.999000e+03 -9.999000e+03 -9.999000e+03 1.025540e-02 1.017449e-02 1.037412e-02 1.053812e-02 -9.999000e+03 -9.999000e+03 -9.999000e+03 -9.999000e+03 -9.999000e+03 1.034697e-02 1.007726e-02 9.941078e-03 9.898574e-03 9.837729e-03 9.799855e-03 1.095617e-02 1.101738e-02 9.979414e-03 9.794239e-03 9.624900e-03 9.495599e-03 9.356165e-03 9.243087e-03 1.056071e-02 1.079562e-02 1.088416e-02 1.096982e-02 1.102397e-02 1.105025e-02 1.099016e-02 1.094110e-02 1.095395e-02 1.097497e-02 1.101195e-02 1.105696e-02 1.105048e-02 1.102213e-02 1.103413e-02 1.106738e-02 1.110007e-02 1.112763e-02 1.111682e-02 1.109541e-02 1.110374e-02 1.110174e-02 1.112521e-02 1.116008e-02 1.113489e-02 1.112977e-02
-9.999000e+03 -9.999000e+03 -9.999000e+03 1.018491e-02 1.023736e-02 -9.999000e+03 -9.999000e+03 -9.999000e+03 -9.999000e+03 -9.999000e+03 -9.999000e+03 -9.999000e+03 -9.999000e+03 1.017633e-02 1.007184e-02 1.006589e-02 1.001654e-02 9.930653e-03 1.001983e-02 1.032486e-02 1.039407e-02 1.013420e-02 9.925725e-03 9.793974e-03 9.648305e-03 9.483674e-03 1.055294e-02 1.059273e-02 1.064964e-02 1.070357e-02 1.095085e-02 1.099754e-02 1.096330e-02 1.093284e-02 1.095295e-02 1.097991e-02 1.101798e-02 1.104748e-02 1.101377e-02 1.099937e-02 1.104930e-02 1.108717e-02 1.109900e-02 1.111104e-02 1.109124e-02 1.106804e-02 1.109188e-02 1.111178e-02 1.113846e-02 1.117416e-02 1.113946e-02 1.112500e-02
-9.999000e+03 9.483481e-03 1.034855e-02 1.024295e-02 1.042300e-02 -9.999000e+03 -9.999000e+03 -9.999000e+03 -9.999000e+03 -9.999000e+03 -9.999000e+03 -9.999000e+03 -9.999000e+03 -9.999000e+03 -9.999000e+03 -9.999000e+03 1.006615e-02 9.991127e-03 1.007604e-02 1.039524e-02 -9.999000e+03 -9.999000e+03 -9.999000e+03 -9.999000e+03 9.905101e-03 9.730492e-03 9.575339e-03 9.453277e-03 9.385450e-03 1.067540e-02 1.070180e-02 1.076453e-02 1.092130e-02 1.089564e-02 1.093805e-02 1.097172e-02 1.101369e-02 1.104917e-02 1.099430e-02 1.095784e-02 1.103032e-02 1.109309e-02 1.109970e-02 1.109839e-02 1.106773e-02 1.103739e-02 1.106770e-02 1.110736e-02 1.114436e-02 1.117659e-02 1.112290e-02 1.109267e-02
7.939971e-03 6.803524e-03 1.022884e-02 1.041142e-02 -9.999000e+03 -9.999000e+03 -9.999000e+03 -9.999000e+03 -9.999000e+03 -9.999000e+03 -9.999000e+03 -9.999000e+03 -9.999000e+03 -9.999000e+03 -9.999000e+03 -9.999000e+03 -9.999000e+03 -9.999000e+03 -9.999000e+03 -9.999000e+03 -9.999000e+03 -9.999000e+03 -9.999000e+03 -9.999000e+03 1.006504e-02 9.932873e-03 9.790628e-03 9.650819e-03 9.580586e-03 9.546749e-03 9.505036e-03 1.069222e-02 1.069874e-02 1.080771e-02 1.087222e-02 1.091828e-02 1.095039e-02 1.099544e-02 1.094845e-02 1.089341e-02 1.096750e-02 1.104471e-02 1.105564e-02 1.107947e-02 1.103372e-02 1.098279e-02 1.098912e-02 1.101846e-02 1.106153e-02 1.109692e-02 1.102019e-02 1.096788e-02
9.344318e-03 1.044903e-02 1.049611e-02 -9.999000e+03 -9.999000e+03 -9.999000e+03 -9.999000e+03 -9.999000e+03 -9.999000e+03 -9.999000e+03 -9.999000e+03 -9.999000e+03 -9.999000e+03 -9.999000e+03 -9.999000e+03 -9.999000e+03 -9.999000e+03 -9.999000e+03 -9.999000e+03 -9.999000e+03 -9.999000e+03 -9.999000e+03 -9.999000e+03 -9.999000e+03 -9.999000e+03 -9.999000e+03 -9.999000e+03 9.778977e-03 9.744404e-03 9.777593e-03 9.730175e-03 9.663583e-03 1.063294e-02 1.062761e-02 1.070471e-02 1.072861e-02 1.071100e-02 1.074861e-02 1.071805e-02 1.064106e-02 1.067695e-02 1.073129e-02 1.103569e-02 1.104779e-02 1.101379e-02 1.095693e-02 1.096072e-02 1.095186e-02 1.097542e-02 1.102000e-02 1.093854e-02 1.085299e-02
-9.999000e+03 -9.999000e+03 -9.999000e+03 -9.999000e+03 -9.999000e+03 -9.999000e+03 -9.999000e+03 -9.999000e+03 -9.999000e+03 -9.999000e+03 -9.999000e+03 -9.999000e+03 -9.999000e+03 -9.999000e+03 -9.999000e+03 -9.999000e+03 -9.999000e+03 -9.999000e+03 -9.999000e+03 -9.999000e+03 -9.999000e+03 -9.999000e+03 -9.999000e+03 -9.999000e+03 -9.999000e+03 -9.999000e+03 -9.999000e+03 -9.999000e+03 -9.999000e+03 9.985252e-03 1.000573e-02 9.911163e-03 9.753218e-03 9.557176e-03 9.466892e-03 9.444978e-03 9.395792e-03 9.350534e-03 9.273622e-03 9.147475e-03 9.081930e-03 1.070743e-02 1.072367e-02 1.075360e-02 1.076178e-02 1.102882e-02 1.101225e-02 1.098071e-02 1.095276e-02 1.101156e-02 1.094875e-02 1.083668e-02
-9.999000e+03 -9.999000e+03 -9.999000e+03 -9.999000e+03 -9.999000e+03 -9.999000e+03 -9.999000e+03 -9.999000e+03 -9.999000e+03 -9.999000e+03 -9.999000e+03 -9.999000e+03 -9.999000e+03 -9.999000e+03 -9.999000e+03 -9.999000e+03 -9.999000e+03 -9.999000e+03 -9.999000e+03 -9.999000e+03 -9.999000e+03 -9.999000e+03 -9.999000e+03 -9.999000e+03 -9.999000e+03 -9.999000e+03 -9.999000e+03 -9.999000e+03 -9.999000e+03 -9.999000e+03 1.010987e-02 1.002206e-02 9.839112e-03 9.612070e-03 9.542622e-03 9.593301e-03 9.549598e-03 9.438076e-03 9.332314e-03 9.220317e-03 9.157835e-03 9.139551e-03 9.120400e-03 9.108006e-03 1.076048e-02 1.077780e-02 1.078734e-02 1.077552e-02 1.097412e-02 1.096229e-02 1.094444e-02 1.085398e-02
-9.999000e+03 -9.999000e+03 -9.999000e+03 -9.999000e+03 -9.999000e+03 -9.999000e+03 -9.999000e+03 -9.999000e+03 -9.999000e+03 -9.999000e+03 -9.999000e+03 -9.999000e+03 -9.999000e+03 -9.999000e+03 -9.999000e+03 -9.999000e+03 -9.999000e+03 -9.999000e+03 -9.999000e+03 -9.999000e+03 -9.999000e+03 -9.999000e+03 -9.999000e+03 -9.999000e+03 -9.999000e+03 -9.999000e+03 -9.999000e+03 -9.999000e+03 -9.999000e+03 -9.999000e+03 -9.999000e+03 -9.999000e+03 -9.999000e+03 -9.999000e+03 -9.999000e+03 -9.999000e+03 -9.999000e+03 -9.999000e+03 -9.999000e+03 9.299362e-03 9.257030e-03 9.242692e-03 9.196692e-03 9.136161e-03 9.111280e-03 9.113099e-03 9.147935e-03 1.083495e-02 1.071975e-02 1.066086e-02 1.068424e-02 1.061459e-02
-9.999000e+03 -9.999000e+03 -9.999000e+03 -9.999000e+03 -9.999000e+03 -9.999000e+03 -9.999000e+03 -9.999000e+03 -9.999000e+03 -9.999000e+03 -9.999000e+03 -9.999000e+03 -9.999000e+03 -9.999000e+03 -9.999000e+03 -9.999000e+03 -9.999000e+03 -9.999000e+03 -9.999000e+03 -9.999000e+03 -9.999000e+03 -9.999000e+03 -9.999000e+03 -9.999000e+03 -9.999000e+03 -9.999000e+03 -9.999000e+03 -9.999000e+03 -9.999000e+03 -9.999000e+03 -9.999000e+03 -9.999000e+03 -9.999000e+03 -9.999000e+03 -9.999000e+03 -9.999000e+03 -9.999000e+03 -9.999000e+03 -9.999000e+03 -9.999000e+03 -9.999000e+03 -9.999000e+03 9.303177e-03 9.198453e-03 9.148227e-03 9.143946e-03 9.192198e-03 9.296687e-03 9.256872e-03 9.095224e-03 8.998236e-03 8.944822e-03
-9.999000e+03 -9.999000e+03 -9.999000e+03 -9.999000e+03 -9.999000e+03 -9.999000e+03 -9.999000e+03 -9.999000e+03 -9.999000e+03 -9.999000e+03 -9.999000e+03 -9.999000e+03 -9.999000e+03 -9.999000e+03 -9.999000e+03 -9.999000e+03 -9.999000e+03 -9.999000e+03 -9.999000e+03 -9.999000e+03 -9.999000e+03 -9.999000e+03 -9.999000e+03 -9.999000e+03 -9.999000e+03 -9.999000e+03 -9.999000e+03 -9.999000e+03 -9.999000e+03 -9.999000e+03 -9.999000e+03 -9.999000e+03 -9.999000e+03 -9.999000e+03 -9.999000e+03 -9.999000e+03 -9.999000e+03 -9.999000e+03 -9.999000e+03 -9.999000e+03 -9.999000e+03 -9.999000e+03 -9.999000e+03 -9.999000e+03 -9.999000e+03 9.169063e-03 9.225133e-03 9.340105e-03 9.284198e-03 9.080811e-03 9.005878e-03 9.033504e-03
-9.999000e+03 -9.999000e+03 -9.999000e+03 -9.999000e+03 -9.999000e+03 -9.999000e+03 -9.999000e+03 -9.999000e+03 -9.999000e+03 -9.999000e+03 -9.999000e+03 -9.999000e+03 -9.999000e+03 -9.999000e+03 -9.999000e+03 -9.999000e+03 -9.999000e+03 -9.999000e+03 -9.999000e+03 -9.999000e+03 -9.999000e+03 -9.999000e+03 -9.999000e+03 -9.999000e+03 -9.999000e+03 -9.999000e+03 -9.999000e+03 -9.999000e+03 -9.999000e+03 -9.999000e+03 -9.999000e+03 -9.999000e+03 -9.999000e+03 -9.999000e+03 -9.999000e+03 -9.999000e+03 -9.999000e+03 -9.999000e+03 -9.999000e+03 -9.999000e+03 -9.999000e+03 -9.999000e+03 -9.999000e+03 -9.999000e+03 -9.999000e+03 -9.999000e+03 -9.999000e+03 -9.999000e+03 -9.999000e+03 -9.999000e+03 -9.999000e+03 9.150273e-03
-9.999000e+03 -9.999000e+03 -9.999000e+03 -9.999000e+03 -9.999000e+03 -9.999000e+03 -9.999000e+03 -9.999000e+03 -9.999000e+03 -9.999000e+03 -9.999000e+03 -9.999000e+03 -9.999000e+03 -9.999000e+03 -9.999000e+03 -9.999000e+03 -9.999000e+03 -9.999000e+03 -9.999000e+03 -9.999000e+03 -9.999000e+03 -9.999000e+03 -9.999000e+03 -9.999000e+03 -9.999000e+03 -9.999000e+03 -9.999000e+03 -9.999000e+03 -9.999000e+03 -9.999000e+03 -9.999000e+03 -9.999000e+03 -9.999000e+03 -9.999000e+03 -9.999000e+03 -9.999000e+03 -9.999000e+03 -9.999000e+03 -9.999000e+03 -9.999000e+03 -9.999000e+03 -9.999000e+03 -9.999000e+03 -9.999000e+03 -9.999000e+03 -9.999000e+03 -9.999000e+03 -9.999000e+03 -9.999000e+03 -9.999000e+03 -9.999000e+03 -9.999000e+03
-9.999000e+03 -9.999000e+03 -9.999000e+03 -9.999000e+03 -9.999000e+03 -9.999000e+03 -9.999000e+03 -9.999000e+03 -9.999000e+03 -9.999000e+03 -9.999000e+03 -9.999000e+03 -9.999000e+03 -9.999000e+03 -9.999000e+03 -9.999000e+03 -9.999000e+03 -9.999000e+03 -9.999000e+03 -9.999000e+03 -9.999000e+03 -9.999000e+03 -9.999000e+03 -9.999000e+03 -9.999000e+03 -9.999000e+03 -9.999000e+03 -9.999000e+03 -9.999000e+03 -9.999000e+03 -9.999000e+03 -9.999000e+03 -9.999000e+03 -9.999000e+03 -9.999000e+03 -9.999000e+03 -9.999000e+03 -9.999000e+03 -9.999000e+03 -9.999000e+03 -9.999000e+03 -9.999000e+03 -9.999000e+03 -9.999000e+03 -9.999000e+03 -9.999000e+03 -9.999000e+03 -9.999000e+03 -9.999000e+03 -9.999000e+03 -9.999000e+03 -9.999000e+03
-9.999000e+03 -9.999000e+03 -9.999000e+03 -9.999000e+03 -9.999000e+03 -9.999000e+03 -9.999000e+03 -9.999000e+03 -9.999000e+03 -9.999000e+03 -9.999000e+03 -9.999000e+03 -9.999000e+03 -9.999000e+03 -9.999000e+03 -9.999000e+03 -9.999000e+03 -9.999000e+03 -9.999000e+03 -9.999000e+03 -9.999000e+03 -9.999000e+03 -9.999000e+03 -9.999000e+03 -9.999000e+03 -9.999000e+03 -9.999000e+03 -9.999000e+03 -9.999000e+03 -9.999000e+03 -9.999000e+03 -9.999000e+03 -9.999000e+03 -9.999000e+03 -9.999000e+03 -9.999000e+03 -9.999000e+03 -9.999000e+03 -9.999000e+03 -9.999000e+03 -9.999000e+03 -9.999000e+03 -9.999000e+03 -9.999000e+03 -9.999000e+03 -9.999000e+03 -9.999000e+03 -9.999000e+03 -9.999000e+03 -9.999000e+03 -9.999000e+03 -9.999000e+03
-9.999000e+03 -9.999000e+03 -9.999000e+03 -9.999000e+03 -9.999000e+03 -9.999000e+03 -9.999000e+03 -9.999000e+03 -9.999000e+03 -9.999000e+03 -9.999000e+03 -9.999000e+03 -9.999000e+03 -9.999000e+03 -9.999000e+03 -9.999000e+03 -9.999000e+03 -9.999000e+03 -9.999000e+03 -9.999000e+03 -9.999000e+03 -9.999000e+03 -9.999000e+03 -9.999000e+03 -9.999000e+03 -9.999000e+03 -9.999000e+03 -9.999000e+03 -9.999000e+03 -9.999000e+03 -9.999000e+03 -9.999000e+03 -9.999000e+03 -9.999000e+03 -9.999000e+03 -9.999000e+03 -9.999000e+03 -9.999000e+03 -9.999000e+03 -9.999000e+03 -9.999000e+03 -9.999000e+03 -9.999000e+03 -9.999000e+03 -9.999000e+03 -9.999000e+03 -9.999000e+03 -9.999000e+03 -9.999000e+03 -9.999000e+03 -9.999000e+03 -9.999000e+03
