tests/data/reference/test_stream_rill_mfda_diffusion/mwlevel_m.asc
ncols	123
nrows	77
xllcorner	-713746.79929998
yllcorner	-1061022.36961616
cellsize	10.0
NODATA_value	-9999
[rows 23 to 45 of 77, columns 52 to 103 of 123]
1.103049e-02 1.099505e-02 1.105070e-02 1.112636e-02 1.113893e-02 1.112616e-02 1.113170e-02 1.114882e-02 1.113624e-02 1.110902e-02 1.112080e-02 1.114614e-02 1.115405e-02 1.117417e-02 1.123926e-02 1.129052e-02 1.129752e-02 1.789286e-02 1.648253e-02 9.063539e-03 9.021388e-03 1.061513e-02 1.062085e-02 1.094245e-02 1.098514e-02 1.096447e-02 1.106328e-02 1.121677e-02 1.106607e-02 9.275301e-03 9.112642e-03 -9.999000e+03 -9.999000e+03 -9.999000e+03 -9.999000e+03 -9.999000e+03 -9.999000e+03 -9.999000e+03 -9.999000e+03 -9.999000e+03 -9.999000e+03 -9.999000e+03 -9.999000e+03 -9.999000e+03 -9.999000e+03 -9.999000e+03 -9.999000e+03 -9.999000e+03 -9.999000e+03 -9.999000e+03 -9.999000e+03 -9.999000e+03
1.100067e-02 1.102215e-02 1.108881e-02 1.113793e-02 1.113860e-02 1.113328e-02 1.115164e-02 1.117271e-02 1.115104e-02 1.111855e-02 1.112424e-02 1.112804e-02 1.114360e-02 1.120035e-02 1.126027e-02 1.127811e-02 1.124518e-02 1.114645e-02 1.585425e-02 1.439530e-02 1.061923e-02 1.060501e-02 1.092788e-02 1.096724e-02 1.101800e-02 1.105329e-02 1.114130e-02 1.121723e-02 1.124583e-02 1.114254e-02 9.206486e-03 9.103049e-03 9.120496e-03 -9.999000e+03 -9.999000e+03 -9.999000e+03 -9.999000e+03 -9.999000e+03 -9.999000e+03 -9.999000e+03 -9.999000e+03 -9.999000e+03 -9.999000e+03 -9.999000e+03 -9.999000e+03 -9.999000e+03 -9.999000e+03 -9.999000e+03 -9.999000e+03 -9.999000e+03 -9.999000e+03 -9.999000e+03
1.100571e-02 1.105464e-02 1.110105e-02 1.113414e-02 1.115402e-02 1.117330e-02 1.119656e-02 1.119035e-02 1.113798e-02 1.109338e-02 1.109341e-02 1.111365e-02 1.117136e-02 1.123987e-02 1.125003e-02 1.120318e-02 1.112455e-02 1.103038e-02 1.094951e-02 1.384282e-02 1.255108e-02 1.093089e-02 1.096933e-02 1.103817e-02 1.105882e-02 1.106653e-02 1.103686e-02 1.096945e-02 1.092612e-02 1.093987e-02 1.105199e-02 9.265863e-03 9.137616e-03 9.074275e-03 -9.999000e+03 -9.999000e+03 -9.999000e+03 -9.999000e+03 -9.999000e+03 -9.999000e+03 -9.999000e+03 -9.999000e+03 -9.999000e+03 -9.999000e+03 -9.999000e+03 -9.999000e+03 -9.999000e+03 -9.999000e+03 -9.999000e+03 -9.999000e+03 -9.999000e+03 -9.999000e+03
1.103895e-02 1.108404e-02 1.112858e-02 1.117803e-02 1.120724e-02 1.120914e-02 1.118884e-02 1.113399e-02 1.108425e-02 1.107307e-02 1.109984e-02 1.114719e-02 1.119904e-02 1.121627e-02 1.118044e-02 1.113707e-02 1.111239e-02 1.108795e-02 1.103910e-02 1.100964e-02 1.230966e-02 1.113468e-02 1.108237e-02 1.384587e-02 1.109733e-02 8.848197e-03 1.102429e-02 1.097685e-02 1.097010e-02 1.103272e-02 1.110250e-02 1.105425e-02 1.071406e-02 9.055409e-03 9.035201e-03 9.118973e-03 9.286992e-03 -9.999000e+03 -9.999000e+03 -9.999000e+03 -9.999000e+03 -9.999000e+03 -9.999000e+03 -9.999000e+03 -9.999000e+03 -9.999000e+03 -9.999000e+03 -9.999000e+03 -9.999000e+03 -9.999000e+03 -9.999000e+03 -9.999000e+03
1.107114e-02 1.112443e-02 1.118554e-02 1.124067e-02 1.124668e-02 1.119965e-02 1.113190e-02 1.106738e-02 1.105823e-02 1.108599e-02 1.112593e-02 1.116654e-02 1.117489e-02 1.114926e-02 1.112504e-02 1.113913e-02 1.118049e-02 1.118977e-02 1.113702e-02 1.110372e-02 1.111549e-02 1.114310e-02 1.117183e-02 1.417295e-02 1.234315e-02 8.815219e-03 1.062461e-02 1.102062e-02 1.339191e-02 1.322436e-02 9.006917e-03 9.096159e-03 1.098726e-02 1.108230e-02 9.146992e-03 9.156385e-03 9.239753e-03 9.335043e-03 9.385121e-03 -9.999000e+03 -9.999000e+03 -9.999000e+03 -9.999000e+03 -9.999000e+03 -9.999000e+03 -9.999000e+03 -9.999000e+03 -9.999000e+03 -9.999000e+03 -9.999000e+03 -9.999000e+03 -9.999000e+03
1.112729e-02 1.118886e-02 1.123604e-02 1.124958e-02 1.121343e-02 1.114804e-02 1.109569e-02 1.106072e-02 1.106879e-02 1.109478e-02 1.112141e-02 1.114826e-02 1.115149e-02 1.115078e-02 1.117805e-02 1.122339e-02 1.123043e-02 1.116987e-02 1.107758e-02 1.104173e-02 1.105413e-02 1.107249e-02 1.109717e-02 1.110031e-02 1.228382e-02 1.109210e-02 1.059926e-02 1.363646e-02 1.534561e-02 1.068480e-02 1.054129e-02 1.090672e-02 1.105661e-02 1.085650e-02 1.086446e-02 9.200024e-03 9.229776e-03 9.292252e-03 9.341671e-03 9.370677e-03 0.000000e+00 -9.999000e+03 -9.999000e+03 -9.999000e+03 -9.999000e+03 -9.999000e+03 -9.999000e+03 -9.999000e+03 -9.999000e+03 -9.999000e+03 -9.999000e+03 -9.999000e+03
1.119656e-02 1.124741e-02 1.125654e-02 1.121830e-02 1.115570e-02 1.111215e-02 1.109713e-02 1.106672e-02 1.106101e-02 1.108098e-02 1.110562e-02 1.113721e-02 1.116575e-02 1.121322e-02 1.127470e-02 1.129266e-02 1.121193e-02 1.108243e-02 1.098085e-02 1.094445e-02 1.095048e-02 1.097258e-02 1.100976e-02 1.103512e-02 1.103585e-02 1.106785e-02 1.102601e-02 1.622103e-02 1.585165e-02 1.093002e-02 1.090602e-02 1.089331e-02 1.091196e-02 1.099839e-02 1.081723e-02 1.083843e-02 1.081332e-02 9.275554e-03 9.286997e-03 0.000000e+00 0.000000e+00 9.672947e-03 9.792436e-03 -9.999000e+03 -9.999000e+03 -9.999000e+03 -9.999000e+03 -9.999000e+03 -9.999000e+03 -9.999000e+03 -9.999000e+03 -9.999000e+03
1.129595e-02 1.130605e-02 1.126548e-02 1.119536e-02 1.113534e-02 1.111062e-02 1.109019e-02 1.104263e-02 1.105804e-02 1.112055e-02 1.117337e-02 1.122202e-02 1.125949e-02 1.129526e-02 1.128890e-02 1.120424e-02 1.106938e-02 1.095781e-02 1.091061e-02 1.091622e-02 1.095391e-02 1.100767e-02 1.105565e-02 1.107116e-02 1.105225e-02 1.101819e-02 1.103552e-02 1.799636e-02 1.763267e-02 1.097531e-02 1.090484e-02 1.087677e-02 1.088406e-02 1.088563e-02 1.095937e-02 1.101593e-02 9.218100e-03 9.209131e-03 0.000000e+00 0.000000e+00 9.501112e-03 9.652811e-03 9.732900e-03 9.780348e-03 -9.999000e+03 -9.999000e+03 -9.999000e+03 -9.999000e+03 -9.999000e+03 -9.999000e+03 -9.999000e+03 -9.999000e+03
1.140294e-02 1.134941e-02 1.125320e-02 1.116802e-02 1.111997e-02 1.109152e-02 1.105551e-02 1.103717e-02 1.111284e-02 1.121754e-02 1.128651e-02 1.134008e-02 1.135481e-02 1.131848e-02 1.119977e-02 1.104308e-02 1.092454e-02 1.086250e-02 1.087171e-02 1.092865e-02 1.100155e-02 1.107492e-02 1.111797e-02 1.110967e-02 1.106694e-02 1.103006e-02 1.422639e-02 1.975670e-02 1.521133e-02 1.099250e-02 1.091228e-02 1.087241e-02 1.085967e-02 1.083756e-02 1.087867e-02 1.068825e-02 9.097431e-03 0.000000e+00 0.000000e+00 1.064013e-02 1.065324e-02 9.562132e-03 9.745056e-03 9.826537e-03 9.794187e-03 -9.999000e+03 -9.999000e+03 -9.999000e+03 -9.999000e+03 -9.999000e+03 -9.999000e+03 -9.999000e+03
1.150553e-02 1.137802e-02 1.126890e-02 1.121085e-02 1.118040e-02 1.114830e-02 1.112206e-02 1.113677e-02 1.120158e-02 1.124830e-02 1.125762e-02 1.125525e-02 1.120548e-02 1.111550e-02 1.100586e-02 1.092638e-02 1.090561e-02 1.091897e-02 1.098309e-02 1.106882e-02 1.112740e-02 1.115987e-02 1.115459e-02 1.111225e-02 1.106464e-02 1.105170e-02 1.691806e-02 2.066989e-02 1.406075e-02 1.110305e-02 1.102654e-02 1.096882e-02 1.093926e-02 1.087466e-02 1.085718e-02 1.067753e-02 0.000000e+00 0.000000e+00 1.086550e-02 1.082338e-02 1.059941e-02 1.058800e-02 9.577275e-03 9.703643e-03 9.685714e-03 9.625852e-03 -9.999000e+03 -9.999000e+03 -9.999000e+03 -9.999000e+03 -9.999000e+03 -9.999000e+03
1.155967e-02 1.137832e-02 1.130064e-02 1.127782e-02 1.125289e-02 1.122185e-02 1.120915e-02 1.121889e-02 1.121760e-02 1.117869e-02 1.112607e-02 1.106702e-02 1.098417e-02 1.091841e-02 1.089242e-02 1.090703e-02 1.096718e-02 1.104646e-02 1.115119e-02 1.123651e-02 1.124873e-02 1.122042e-02 1.116194e-02 1.109561e-02 1.105857e-02 1.107823e-02 2.178375e-02 2.215083e-02 1.122082e-02 1.122091e-02 1.116162e-02 1.109178e-02 1.105801e-02 1.097646e-02 0.000000e+00 0.000000e+00 0.000000e+00 1.091982e-02 1.089066e-02 1.084744e-02 1.078044e-02 1.054059e-02 1.054093e-02 9.455047e-03 9.551294e-03 9.636668e-03 9.700826e-03 9.703851e-03 -9.999000e+03 -9.999000e+03 -9.999000e+03 -9.999000e+03
3.499862e-02 3.358251e-02 1.160133e-02 1.157530e-02 1.114638e-02 1.111975e-02 1.111239e-02 1.111477e-02 1.109757e-02 1.106664e-02 1.103417e-02 1.099010e-02 1.094265e-02 1.092692e-02 1.094155e-02 1.098094e-02 1.105568e-02 1.114242e-02 1.123287e-02 1.163427e-02 1.127770e-02 1.124237e-02 1.118557e-02 1.113666e-02 1.112993e-02 1.117825e-02 2.333679e-02 2.356624e-02 1.122227e-02 1.123024e-02 1.118701e-02 1.109980e-02 1.107517e-02 0.000000e+00 0.000000e+00 8.874493e-03 1.099257e-02 1.095168e-02 1.091909e-02 1.089373e-02 1.086153e-02 1.081408e-02 1.060419e-02 1.064668e-02 9.425022e-03 9.527631e-03 9.593085e-03 9.582866e-03 9.575414e-03 -9.999000e+03 -9.999000e+03 -9.999000e+03
3.126693e-02 3.075863e-02 3.034278e-02 1.138129e-02 1.139103e-02 1.131746e-02 1.128214e-02 1.128004e-02 1.126238e-02 1.125050e-02 1.123980e-02 1.121452e-02 1.120028e-02 1.121589e-02 1.125258e-02 1.132514e-02 1.143274e-02 1.153662e-02 1.162969e-02 1.169482e-02 1.174502e-02 1.166809e-02 1.159702e-02 1.155194e-02 1.122689e-02 1.130136e-02 2.515368e-02 2.508220e-02 1.122924e-02 1.122667e-02 1.120362e-02 1.109497e-02 0.000000e+00 0.000000e+00 1.069147e-02 1.107870e-02 1.104371e-02 1.099562e-02 1.095392e-02 1.092427e-02 1.092275e-02 1.090207e-02 1.086511e-02 1.066611e-02 1.067006e-02 1.066285e-02 9.368246e-03 9.378034e-03 9.409920e-03 9.477781e-03 9.584251e-03 -9.999000e+03
1.169367e-02 1.583079e-02 2.739481e-02 2.855980e-02 1.135546e-02 1.125959e-02 1.131532e-02 1.144285e-02 1.151668e-02 1.157838e-02 1.161789e-02 1.163344e-02 1.167544e-02 1.173683e-02 1.179398e-02 1.185927e-02 1.189686e-02 1.188244e-02 1.185257e-02 1.180876e-02 1.171559e-02 1.160506e-02 1.149563e-02 1.151602e-02 1.162977e-02 2.856272e-02 2.665162e-02 1.124562e-02 1.121160e-02 1.120528e-02 1.121161e-02 0.000000e+00 0.000000e+00 1.101795e-02 1.107112e-02 1.108145e-02 1.107587e-02 1.104718e-02 1.101141e-02 1.096741e-02 1.094332e-02 1.093910e-02 1.089824e-02 1.089927e-02 1.093360e-02 1.077673e-02 1.077870e-02 9.299470e-03 9.322580e-03 9.354642e-03 9.402546e-03 9.452625e-03
1.619451e-02 1.513818e-02 1.481924e-02 3.052267e-02 3.062927e-02 2.813530e-02 2.738206e-02 2.522982e-02 2.652434e-02 2.801126e-02 2.913369e-02 3.013760e-02 3.128376e-02 3.303506e-02 3.449532e-02 3.587348e-02 3.223011e-02 1.212376e-02 1.193046e-02 1.176693e-02 1.157500e-02 1.139780e-02 1.136476e-02 1.148206e-02 1.166770e-02 3.054054e-02 2.899847e-02 1.122860e-02 1.118282e-02 1.116601e-02 0.000000e+00 0.000000e+00 1.103075e-02 1.104488e-02 1.104543e-02 1.106156e-02 1.108518e-02 1.108421e-02 1.106597e-02 1.101470e-02 1.096929e-02 1.095934e-02 1.094111e-02 1.094737e-02 1.098704e-02 1.107238e-02 1.089233e-02 1.087434e-02 1.082140e-02 9.282461e-03 9.265690e-03 9.299047e-03
1.583306e-02 1.131421e-02 1.418838e-02 1.796581e-02 3.012310e-02 2.797152e-02 2.756187e-02 2.814858e-02 2.607527e-02 2.708578e-02 2.833494e-02 2.922376e-02 3.046387e-02 3.165500e-02 3.322642e-02 3.472163e-02 3.614612e-02 3.588580e-02 3.646146e-02 1.172823e-02 1.164686e-02 1.152651e-02 1.156669e-02 1.171343e-02 2.869245e-02 2.948829e-02 1.062039e-02 9.492548e-03 1.401249e-02 0.000000e+00 0.000000e+00 1.110164e-02 1.104083e-02 1.105918e-02 1.104819e-02 1.104677e-02 1.106731e-02 1.106779e-02 1.105729e-02 1.101272e-02 1.096645e-02 1.096434e-02 1.095707e-02 1.094354e-02 1.094981e-02 1.098673e-02 1.107145e-02 1.112343e-02 1.089515e-02 1.085805e-02 9.247221e-03 9.259756e-03
1.096348e-02 1.093227e-02 1.099401e-02 1.111035e-02 1.111444e-02 1.108021e-02 1.113514e-02 1.121455e-02 1.126625e-02 1.131610e-02 1.136155e-02 1.169444e-02 1.174173e-02 1.179986e-02 1.186129e-02 1.190771e-02 1.417385e-02 3.356808e-02 3.452871e-02 3.735290e-02 3.609941e-02 3.471352e-02 1.170540e-02 1.192698e-02 2.706219e-02 2.835760e-02 1.180078e-02 1.105770e-02 0.000000e+00 0.000000e+00 1.116935e-02 1.110325e-02 1.105181e-02 1.107880e-02 1.105976e-02 1.104247e-02 1.105602e-02 1.105143e-02 1.103802e-02 1.099702e-02 1.094950e-02 1.094681e-02 1.096062e-02 1.095705e-02 1.092181e-02 1.091740e-02 1.099258e-02 1.108416e-02 1.115995e-02 1.094121e-02 1.092439e-02 9.326958e-03
1.101452e-02 1.097608e-02 1.098252e-02 1.099264e-02 1.093003e-02 1.086087e-02 1.088629e-02 1.094442e-02 1.098711e-02 1.104369e-02 1.111021e-02 1.116643e-02 1.121388e-02 1.127018e-02 1.133896e-02 1.170400e-02 1.177596e-02 1.185839e-02 1.198892e-02 3.254876e-02 3.446410e-02 3.807716e-02 3.362945e-02 1.199418e-02 1.194125e-02 2.722851e-02 2.748868e-02 1.105369e-02 0.000000e+00 1.161009e-02 1.121874e-02 1.111556e-02 1.103855e-02 1.106220e-02 1.106168e-02 1.105754e-02 1.107475e-02 1.106855e-02 1.105055e-02 1.101359e-02 1.096785e-02 1.094533e-02 1.095849e-02 1.099513e-02 1.097358e-02 1.092039e-02 1.093276e-02 1.101113e-02 1.104971e-02 1.108809e-02 1.087531e-02 1.087997e-02
1.101499e-02 1.098670e-02 1.099377e-02 1.100210e-02 1.094753e-02 1.086362e-02 1.085283e-02 1.087149e-02 1.087198e-02 1.090245e-02 1.097518e-02 1.103997e-02 1.107480e-02 1.110914e-02 1.116303e-02 1.121592e-02 1.125856e-02 1.131854e-02 1.173802e-02 1.193591e-02 1.195329e-02 0.000000e+00 0.000000e+00 0.000000e+00 1.180160e-02 1.165913e-02 2.525297e-02 0.000000e+00 0.000000e+00 1.180104e-02 1.528235e-02 1.117238e-02 1.103711e-02 1.102206e-02 1.104632e-02 1.107572e-02 1.110102e-02 1.109117e-02 1.106216e-02 1.101963e-02 1.098811e-02 1.096461e-02 1.096034e-02 1.101813e-02 1.103307e-02 1.096665e-02 1.092113e-02 1.093964e-02 1.096291e-02 1.096740e-02 1.101013e-02 1.082418e-02
1.100090e-02 1.096709e-02 1.096544e-02 1.098371e-02 1.095679e-02 1.088630e-02 1.085833e-02 1.084710e-02 1.080208e-02 1.078780e-02 1.085033e-02 1.092393e-02 1.095895e-02 1.098152e-02 1.102179e-02 1.106480e-02 1.109004e-02 1.113302e-02 1.123836e-02 1.138043e-02 1.175610e-02 1.174006e-02 1.194807e-02 0.000000e+00 0.000000e+00 0.000000e+00 1.183338e-02 0.000000e+00 9.677451e-03 1.541357e-02 1.576308e-02 1.168884e-02 1.118172e-02 1.109714e-02 1.106698e-02 1.107962e-02 1.110362e-02 1.110427e-02 1.107915e-02 1.101360e-02 1.097233e-02 1.096203e-02 1.095769e-02 1.101810e-02 1.106436e-02 1.103311e-02 1.098928e-02 1.098000e-02 1.098034e-02 1.099097e-02 1.099418e-02 1.076760e-02
1.098613e-02 1.097875e-02 1.097229e-02 1.099754e-02 1.100862e-02 1.097421e-02 1.095454e-02 1.094347e-02 1.087401e-02 1.080194e-02 1.080982e-02 1.085355e-02 1.088057e-02 1.089274e-02 1.091436e-02 1.093929e-02 1.093865e-02 1.095109e-02 1.102214e-02 1.111308e-02 1.117949e-02 1.146894e-02 1.162250e-02 1.193080e-02 1.188461e-02 0.000000e+00 0.000000e+00 0.000000e+00 7.127196e-03 1.145523e-02 1.862195e-02 1.866470e-02 1.138248e-02 1.127131e-02 1.115367e-02 1.109607e-02 1.109030e-02 1.109463e-02 1.109536e-02 1.103036e-02 1.096344e-02 1.094211e-02 1.094383e-02 1.101259e-02 1.107500e-02 1.107913e-02 1.105983e-02 1.104376e-02 1.102318e-02 1.101427e-02 1.101436e-02 9.170585e-03
1.094962e-02 1.096514e-02 1.094989e-02 1.097338e-02 1.102469e-02 1.103502e-02 1.102862e-02 1.103246e-02 1.097689e-02 1.087763e-02 1.082458e-02 1.082206e-02 1.083959e-02 1.084465e-02 1.084577e-02 1.084990e-02 1.082328e-02 1.081374e-02 1.087366e-02 1.094075e-02 1.097189e-02 1.102027e-02 1.140724e-02 1.163541e-02 1.170286e-02 1.430040e-02 0.000000e+00 0.000000e+00 0.000000e+00 0.000000e+00 1.859277e-02 2.109620e-02 1.274795e-02 1.128124e-02 1.120365e-02 1.114947e-02 1.111820e-02 1.108838e-02 1.108538e-02 1.104344e-02 1.097295e-02 1.092217e-02 1.090289e-02 1.096265e-02 1.102377e-02 1.104677e-02 1.105514e-02 1.106111e-02 1.104393e-02 1.100998e-02 1.073799e-02 9.081684e-03
1.102314e-02 1.100293e-02 1.092168e-02 1.089316e-02 1.096057e-02 1.100884e-02 1.100707e-02 1.102674e-02 1.103794e-02 1.099202e-02 1.091830e-02 1.088141e-02 1.089776e-02 1.090076e-02 1.087965e-02 1.086009e-02 1.079995e-02 1.076574e-02 1.083792e-02 1.091355e-02 1.091199e-02 1.091664e-02 1.106476e-02 1.153882e-02 1.156631e-02 0.000000e+00 0.000000e+00 9.358571e-03 1.132204e-02 0.000000e+00 0.000000e+00 0.000000e+00 2.093584e-02 1.489211e-02 1.116970e-02 1.119277e-02 1.117624e-02 1.111192e-02 1.107625e-02 1.104691e-02 1.099134e-02 1.092750e-02 1.088154e-02 1.091203e-02 1.095753e-02 1.098827e-02 1.101644e-02 1.105210e-02 1.107388e-02 1.101778e-02 9.015907e-03 8.966796e-03
