tests/data/reference/test_sheet_stream/mqsur_m3_s.asc
ncols	123
nrows	77
xllcorner	-713746.79929998
yllcorner	-1061022.36961616
cellsize	10.0
NODATA_value	-9999
[rows 23 to 45 of 77, columns 52 to 103 of 123]
6.429744e-03 7.084515e-03 7.130871e-03 7.100478e-03 7.055210e-03 7.025610e-03 6.972410e-03 6.871880e-03 6.788672e-03 6.766467e-03 6.744575e-03 6.701672e-03 6.641511e-03 6.519299e-03 6.283784e-03 5.946075e-03 1.719226e-02 5.312172e-03 5.384453e-03 5.478660e-03 5.561910e-03 5.652505e-03 5.665434e-03 5.552922e-03 3.830500e-03 4.974955e-03 1.644986e-02 6.319516e-03 1.277747e-02 5.210206e-03 5.461867e-03 5.141264e-03 3.650199e-03 3.321301e-03 -9.999000e+03 -9.999000e+03 -9.999000e+03 -9.999000e+03 -9.999000e+03 -9.999000e+03 -9.999000e+03 -9.999000e+03 -9.999000e+03 -9.999000e+03 -9.999000e+03 -9.999000e+03 -9.999000e+03 -9.999000e+03 -9.999000e+03 -9.999000e+03 -9.999000e+03 -9.999000e+03
6.536756e-03 7.115422e-03 7.188554e-03 7.126442e-03 7.055370e-03 7.008146e-03 6.950373e-03 6.856734e-03 6.784813e-03 6.763838e-03 6.745918e-03 6.714441e-03 6.633848e-03 6.467958e-03 6.224793e-03 5.922634e-03 1.945854e-02 5.375834e-03 5.526582e-03 5.718928e-03 5.880547e-03 6.004183e-03 6.034638e-03 5.944407e-03 5.472646e-03 5.487854e-03 3.676529e-03 1.497861e-02 4.881315e-03 1.062713e-02 8.056057e-03 5.430403e-03 5.052910e-03 4.636669e-03 3.213268e-03 -9.999000e+03 -9.999000e+03 -9.999000e+03 -9.999000e+03 -9.999000e+03 -9.999000e+03 -9.999000e+03 -9.999000e+03 -9.999000e+03 -9.999000e+03 -9.999000e+03 -9.999000e+03 -9.999000e+03 -9.999000e+03 -9.999000e+03 -9.999000e+03 -9.999000e+03
7.239454e-03 7.200316e-03 7.257512e-03 7.172514e-03 7.046443e-03 6.935454e-03 6.848957e-03 6.793688e-03 6.781493e-03 6.797207e-03 6.792860e-03 6.738654e-03 6.602643e-03 6.389592e-03 6.176596e-03 5.989998e-03 2.144806e-02 5.648754e-03 5.764688e-03 5.943617e-03 6.119992e-03 6.248092e-03 6.272495e-03 6.205002e-03 6.042867e-03 5.867943e-03 5.321833e-03 1.356007e-02 3.759438e-03 4.940880e-03 1.483420e-02 5.094474e-03 5.321264e-03 5.314092e-03 4.853201e-03 3.545448e-03 3.284426e-03 3.259873e-03 -9.999000e+03 -9.999000e+03 -9.999000e+03 -9.999000e+03 -9.999000e+03 -9.999000e+03 -9.999000e+03 -9.999000e+03 -9.999000e+03 -9.999000e+03 -9.999000e+03 -9.999000e+03 -9.999000e+03 -9.999000e+03
6.728949e-03 7.349542e-03 7.284788e-03 7.162597e-03 6.998667e-03 6.854793e-03 6.769750e-03 6.769018e-03 6.802796e-03 6.833955e-03 6.826226e-03 6.741158e-03 6.584502e-03 6.388639e-03 6.206950e-03 6.065536e-03 2.328430e-02 5.819181e-03 5.895901e-03 6.046229e-03 6.203686e-03 6.317867e-03 6.341041e-03 6.306716e-03 6.250565e-03 6.168294e-03 6.024653e-03 1.216990e-02 5.429168e-03 5.337051e-03 1.313179e-02 4.978133e-03 5.301036e-03 5.550099e-03 5.494973e-03 5.008971e-03 4.560168e-03 3.363284e-03 4.315293e-03 3.229493e-03 -9.999000e+03 -9.999000e+03 -9.999000e+03 -9.999000e+03 -9.999000e+03 -9.999000e+03 -9.999000e+03 -9.999000e+03 -9.999000e+03 -9.999000e+03 -9.999000e+03 -9.999000e+03
7.383035e-03 4.577703e-03 7.247359e-03 7.064000e-03 6.895891e-03 6.797365e-03 6.770929e-03 6.807675e-03 6.847608e-03 6.857711e-03 6.828381e-03 6.739132e-03 6.615711e-03 6.478358e-03 6.314822e-03 6.121100e-03 2.487114e-02 5.767630e-03 5.838662e-03 5.976010e-03 6.090577e-03 6.176713e-03 6.211007e-03 6.238420e-03 6.292711e-03 6.342491e-03 6.360110e-03 1.067669e-02 6.110545e-03 5.848186e-03 1.152590e-02 5.310284e-03 5.281779e-03 5.351303e-03 5.404625e-03 7.224208e-03 3.591904e-03 3.443219e-03 4.387945e-03 4.438564e-03 4.155952e-03 8.301677e-03 -9.999000e+03 -9.999000e+03 -9.999000e+03 -9.999000e+03 -9.999000e+03 -9.999000e+03 -9.999000e+03 -9.999000e+03 -9.999000e+03 -9.999000e+03
7.475590e-03 6.649996e-03 7.105143e-03 6.890407e-03 4.331613e-03 6.763481e-03 6.778199e-03 6.845375e-03 6.900763e-03 6.903907e-03 6.857429e-03 6.762077e-03 6.645347e-03 6.516070e-03 6.338856e-03 6.103070e-03 2.622122e-02 5.739911e-03 5.847127e-03 5.989270e-03 6.080039e-03 6.140024e-03 6.164289e-03 6.208326e-03 6.315767e-03 6.450678e-03 6.554110e-03 9.076514e-03 6.428087e-03 6.233414e-03 9.965511e-03 5.652720e-03 5.357231e-03 5.203661e-03 5.194211e-03 5.710650e-03 4.804082e-03 4.613006e-03 3.432745e-03 4.587114e-03 0.000000e+00 1.931365e-02 8.225089e-03 8.091923e-03 -9.999000e+03 -9.999000e+03 -9.999000e+03 -9.999000e+03 -9.999000e+03 -9.999000e+03 -9.999000e+03 -9.999000e+03
7.382689e-03 7.091949e-03 6.975866e-03 6.825612e-03 4.356902e-03 6.218200e-03 6.764291e-03 6.860430e-03 6.958995e-03 6.980414e-03 6.928682e-03 6.811876e-03 6.650143e-03 6.444054e-03 6.202267e-03 5.979104e-03 5.871820e-03 2.692932e-02 6.029294e-03 6.195966e-03 6.298232e-03 6.336311e-03 6.315212e-03 6.305655e-03 6.376264e-03 6.528534e-03 6.664217e-03 7.388582e-03 6.550969e-03 6.400456e-03 8.430984e-03 5.888673e-03 5.566473e-03 5.317594e-03 5.148550e-03 5.089876e-03 4.955674e-03 4.868685e-03 4.619610e-03 0.000000e+00 0.000000e+00 1.625669e-02 7.900134e-03 2.384977e-03 7.891516e-03 -9.999000e+03 -9.999000e+03 -9.999000e+03 -9.999000e+03 -9.999000e+03 -9.999000e+03 -9.999000e+03
7.130255e-03 6.940404e-03 6.825171e-03 6.783248e-03 6.253415e-03 4.365884e-03 6.729721e-03 6.891024e-03 6.978691e-03 6.974629e-03 6.893333e-03 6.740993e-03 6.538459e-03 6.294438e-03 6.075350e-03 5.960524e-03 5.975054e-03 6.100518e-03 2.752882e-02 6.473382e-03 6.549716e-03 6.540905e-03 6.469807e-03 6.417366e-03 6.454800e-03 6.600294e-03 6.717597e-03 6.705036e-03 6.606510e-03 6.508192e-03 6.926913e-03 6.124943e-03 5.846255e-03 8.131044e-03 5.273217e-03 3.648775e-03 5.049108e-03 5.048586e-03 0.000000e+00 0.000000e+00 3.175565e-03 1.143598e-02 5.354749e-03 3.241381e-03 2.493682e-03 7.801475e-03 -9.999000e+03 -9.999000e+03 -9.999000e+03 -9.999000e+03 -9.999000e+03 -9.999000e+03
6.684688e-03 6.598958e-03 6.630510e-03 6.713176e-03 6.721187e-03 6.296317e-03 4.426484e-03 6.934997e-03 6.926392e-03 6.825559e-03 6.667082e-03 6.459459e-03 6.252196e-03 6.094714e-03 6.050343e-03 6.116667e-03 6.246473e-03 6.425286e-03 2.831545e-02 6.748050e-03 6.737541e-03 6.652261e-03 6.543120e-03 6.492003e-03 6.539314e-03 6.666117e-03 6.718184e-03 6.678368e-03 6.640024e-03 6.626207e-03 6.577468e-03 6.401035e-03 1.131611e-02 5.813751e-03 5.266997e-03 3.802548e-03 5.340833e-03 0.000000e+00 0.000000e+00 3.553682e-03 4.305461e-03 8.529385e-03 3.846503e-03 3.287805e-03 3.240623e-03 2.706548e-03 2.533400e-03 -9.999000e+03 -9.999000e+03 -9.999000e+03 -9.999000e+03 -9.999000e+03
6.014449e-03 6.101132e-03 6.283306e-03 6.463601e-03 4.251825e-03 6.717755e-03 6.768904e-03 6.326030e-03 6.822923e-03 6.692009e-03 6.520471e-03 6.328058e-03 6.183070e-03 6.131413e-03 6.186513e-03 6.331977e-03 6.502328e-03 6.666480e-03 2.893710e-02 6.829825e-03 6.754115e-03 6.646224e-03 6.558635e-03 6.550264e-03 6.620778e-03 6.710084e-03 6.677697e-03 6.592655e-03 6.583055e-03 6.621244e-03 6.642369e-03 1.451519e-02 6.248546e-03 6.028700e-03 5.513648e-03 3.940857e-03 0.000000e+00 0.000000e+00 3.802428e-03 4.879225e-03 4.778706e-03 1.016901e-02 3.819025e-03 2.834368e-03 3.594225e-03 3.657921e-03 3.605720e-03 2.678525e-03 7.847869e-03 -9.999000e+03 -9.999000e+03 -9.999000e+03
5.129317e-03 5.399796e-03 5.652307e-03 5.891467e-03 6.132136e-03 5.869276e-03 6.532184e-03 6.642609e-03 6.620888e-03 6.668501e-03 6.603315e-03 6.526412e-03 6.479259e-03 6.470627e-03 6.503772e-03 6.583994e-03 6.668469e-03 6.721580e-03 6.705817e-03 2.917984e-02 6.558759e-03 6.523356e-03 6.537227e-03 6.607222e-03 6.694684e-03 6.724913e-03 6.600259e-03 6.445869e-03 6.399333e-03 6.422331e-03 1.760039e-02 6.381615e-03 6.274504e-03 6.127821e-03 0.000000e+00 0.000000e+00 0.000000e+00 3.996558e-03 5.304235e-03 5.338755e-03 1.024494e-02 4.699568e-03 3.453374e-03 4.052431e-03 3.961548e-03 3.808400e-03 4.481525e-03 7.372710e-03 2.689087e-03 8.143126e-03 -9.999000e+03 -9.999000e+03
9.044628e-02 9.032340e-02 4.973944e-03 5.293521e-03 5.746276e-03 6.043730e-03 6.240359e-03 6.480493e-03 6.621971e-03 6.713091e-03 6.767917e-03 6.801408e-03 6.833911e-03 6.853204e-03 6.853986e-03 6.837826e-03 6.789593e-03 6.699237e-03 6.554713e-03 2.967844e-02 6.259701e-03 6.279818e-03 6.390332e-03 6.533056e-03 6.625117e-03 6.592234e-03 6.397739e-03 6.219329e-03 6.170498e-03 6.186712e-03 1.998055e-02 6.337937e-03 6.300817e-03 0.000000e+00 0.000000e+00 4.129098e-03 4.101654e-03 5.612549e-03 5.773995e-03 1.045041e-02 5.308339e-03 4.940956e-03 3.655189e-03 4.637794e-03 4.331113e-03 5.971548e-03 5.314397e-03 3.742267e-03 3.052284e-03 8.198328e-03 2.617061e-03 8.158381e-03
1.212237e-02 1.020594e-02 9.267554e-02 5.169797e-03 5.475040e-03 5.907305e-03 6.264488e-03 6.511488e-03 6.721126e-03 6.883694e-03 7.006990e-03 7.114673e-03 7.194275e-03 7.226764e-03 7.198734e-03 7.077414e-03 6.863814e-03 6.600864e-03 6.302642e-03 5.995735e-03 3.010161e-02 5.756548e-03 5.941200e-03 6.153288e-03 6.327853e-03 6.234715e-03 6.013109e-03 5.889501e-03 5.924102e-03 5.993694e-03 2.188969e-02 6.359178e-03 0.000000e+00 0.000000e+00 4.140239e-03 5.767474e-03 5.737691e-03 6.044590e-03 1.250306e-02 5.763884e-03 5.567869e-03 5.149945e-03 5.139362e-03 3.605230e-03 4.679859e-03 9.140603e-03 3.390574e-03 4.392137e-03 4.220981e-03 7.584931e-03 3.037477e-03 8.204503e-03
3.968592e-03 5.504555e-03 5.812257e-03 9.183337e-02 9.206568e-02 9.195171e-02 9.175797e-02 6.469195e-03 6.593877e-03 6.703070e-03 6.805451e-03 6.910443e-03 6.961995e-03 6.947325e-03 1.151997e-02 6.657073e-03 6.390625e-03 6.129336e-03 5.857477e-03 5.596579e-03 3.798228e-03 2.923002e-02 9.451790e-03 5.923398e-03 5.861087e-03 5.669181e-03 5.634130e-03 5.611813e-03 5.758514e-03 5.909239e-03 2.348445e-02 0.000000e+00 0.000000e+00 4.198442e-03 5.834397e-03 6.154557e-03 6.121847e-03 6.144827e-03 1.459393e-02 5.939117e-03 5.749271e-03 5.549418e-03 5.089087e-03 3.697048e-03 4.926273e-03 7.366372e-03 4.584693e-03 4.734203e-03 4.652602e-03 5.713323e-03 4.230790e-03 6.105148e-03
6.202741e-03 6.423309e-03 6.415070e-03 5.997627e-03 5.803301e-03 6.080388e-03 6.280461e-03 9.159007e-02 9.118217e-02 9.025180e-02 8.952485e-02 8.870787e-02 8.780653e-02 8.686777e-02 8.602432e-02 8.510403e-02 8.420995e-02 5.260439e-03 5.329440e-03 5.374039e-03 5.474585e-03 5.360984e-03 3.203616e-02 5.838215e-03 5.560411e-03 5.274082e-03 5.166115e-03 5.469687e-03 5.732052e-03 5.962101e-03 0.000000e+00 0.000000e+00 6.032497e-03 4.229886e-03 6.295152e-03 6.266852e-03 6.198984e-03 6.169018e-03 1.639877e-02 6.030556e-03 5.890387e-03 5.657396e-03 5.215996e-03 5.257617e-03 5.821882e-03 3.514580e-03 4.727116e-03 4.734384e-03 4.762695e-03 4.831371e-03 4.777962e-03 4.900105e-03
6.125584e-03 6.689923e-03 6.681253e-03 2.543050e-02 2.569659e-02 2.684709e-02 2.798492e-02 2.899166e-02 2.985537e-02 3.057936e-02 3.119427e-02 3.178022e-02 3.253097e-02 3.331364e-02 3.412487e-02 3.491058e-02 3.391690e-02 1.046407e-01 1.038761e-01 4.804671e-03 5.063018e-03 5.455662e-03 3.124524e-02 5.518818e-03 5.210566e-03 4.987124e-03 4.985403e-03 5.269983e-03 5.785882e-03 0.000000e+00 0.000000e+00 6.492396e-03 6.077509e-03 4.249374e-03 6.422166e-03 6.352617e-03 6.261255e-03 1.857866e-02 6.183660e-03 6.141012e-03 6.016569e-03 5.790504e-03 5.607235e-03 5.390060e-03 4.930343e-03 4.931927e-03 3.470455e-03 4.697222e-03 4.755824e-03 4.875338e-03 4.956312e-03 4.915383e-03
6.450222e-03 2.566353e-02 2.577234e-02 6.536182e-03 6.680547e-03 6.972201e-03 7.187854e-03 7.270754e-03 7.284813e-03 7.255463e-03 7.190595e-03 7.063625e-03 6.888043e-03 6.655828e-03 6.389895e-03 6.123027e-03 1.066798e-02 1.466052e-02 1.284557e-02 1.034100e-01 1.024312e-01 1.017003e-01 1.009020e-01 3.237948e-02 4.791836e-03 4.828720e-03 4.963842e-03 5.370752e-03 0.000000e+00 0.000000e+00 4.207415e-03 9.937273e-03 6.104004e-03 4.257704e-03 6.481685e-03 6.430272e-03 6.347517e-03 2.030637e-02 6.326820e-03 6.296851e-03 6.180025e-03 5.978189e-03 5.739235e-03 5.487962e-03 5.322941e-03 4.909593e-03 3.591749e-03 4.759999e-03 4.721383e-03 4.755027e-03 4.795619e-03 4.802585e-03
2.519308e-02 6.258209e-03 6.462793e-03 6.618294e-03 6.818233e-03 7.085475e-03 7.307754e-03 7.438989e-03 7.519725e-03 7.564972e-03 7.563133e-03 7.505830e-03 7.406221e-03 7.282004e-03 7.136530e-03 6.942087e-03 6.732640e-03 6.489300e-03 1.107648e-02 1.514219e-02 1.859962e-02 1.441018e-02 1.278897e-02 1.010633e-01 3.336470e-02 4.353287e-03 4.815323e-03 3.837454e-03 0.000000e+00 4.082479e-03 5.885909e-03 1.259106e-02 4.334080e-03 6.094192e-03 6.542103e-03 6.490093e-03 6.426819e-03 2.203334e-02 6.468617e-03 6.439642e-03 6.317086e-03 6.112079e-03 5.860798e-03 5.619910e-03 5.442350e-03 5.085988e-03 5.114276e-03 3.585493e-03 4.815628e-03 4.754397e-03 4.717962e-03 4.728478e-03
5.966309e-03 6.169682e-03 6.344064e-03 6.440585e-03 6.567717e-03 6.790691e-03 7.007213e-03 7.165095e-03 7.302518e-03 7.423091e-03 7.497587e-03 7.519130e-03 7.517795e-03 7.515064e-03 7.492114e-03 7.440171e-03 7.370099e-03 7.276244e-03 7.041689e-03 6.580099e-03 6.280711e-03 0.000000e+00 0.000000e+00 0.000000e+00 9.998314e-02 3.231832e-02 4.438683e-03 0.000000e+00 0.000000e+00 5.270132e-03 5.957878e-03 1.256599e-02 4.369586e-03 6.664183e-03 6.629639e-03 6.530970e-03 2.384079e-02 6.542744e-03 6.584991e-03 6.557686e-03 6.416456e-03 6.201385e-03 5.952755e-03 5.701714e-03 5.528356e-03 5.457264e-03 5.078254e-03 3.729461e-03 5.061628e-03 4.958628e-03 4.870738e-03 4.817725e-03
5.887738e-03 6.060905e-03 6.170623e-03 6.211150e-03 6.280581e-03 6.447962e-03 6.621931e-03 6.753532e-03 6.900850e-03 7.081847e-03 7.236452e-03 7.331529e-03 7.407810e-03 7.489565e-03 7.550020e-03 7.578337e-03 7.604845e-03 7.633034e-03 7.582640e-03 7.386977e-03 7.154062e-03 7.068069e-03 6.916870e-03 0.000000e+00 0.000000e+00 0.000000e+00 3.052038e-02 0.000000e+00 3.466620e-03 4.905750e-03 5.530836e-03 1.070583e-02 6.122809e-03 6.708676e-03 6.655191e-03 6.572572e-03 2.531619e-02 6.629964e-03 6.669858e-03 6.658448e-03 6.524664e-03 6.293846e-03 6.028016e-03 5.764795e-03 5.614608e-03 5.520274e-03 3.850762e-03 5.128234e-03 5.273673e-03 5.159963e-03 5.047849e-03 4.981321e-03
5.736305e-03 5.841175e-03 5.911741e-03 5.944422e-03 5.996127e-03 6.110853e-03 6.216134e-03 6.283365e-03 6.410261e-03 6.631099e-03 6.844525e-03 6.996162e-03 7.127958e-03 7.261836e-03 8.487339e-03 7.453675e-03 7.552873e-03 7.683763e-03 7.771746e-03 7.761146e-03 7.688415e-03 7.665351e-03 7.395496e-03 7.000177e-03 6.493934e-03 0.000000e+00 0.000000e+00 0.000000e+00 6.528548e-04 4.177657e-03 7.936279e-03 8.980470e-03 6.107226e-03 6.374760e-03 6.532798e-03 6.608756e-03 2.664637e-02 6.723431e-03 6.744524e-03 6.744349e-03 6.633579e-03 6.403695e-03 6.112494e-03 5.823099e-03 5.653674e-03 5.277056e-03 3.842165e-03 5.438697e-03 5.389532e-03 5.291986e-03 5.174390e-03 5.167547e-03
5.527397e-03 5.591817e-03 5.661911e-03 5.739448e-03 5.814019e-03 5.892906e-03 5.940687e-03 5.948948e-03 6.024893e-03 6.209645e-03 6.407771e-03 6.578844e-03 6.738711e-03 9.850388e-03 7.010852e-03 7.109002e-03 7.244092e-03 7.436884e-03 7.604118e-03 7.684690e-03 7.711336e-03 7.724887e-03 7.680043e-03 7.226274e-03 6.969518e-03 3.378689e-03 0.000000e+00 0.000000e+00 0.000000e+00 0.000000e+00 8.943293e-03 7.399042e-03 5.554733e-03 6.111066e-03 6.411198e-03 6.595877e-03 2.796939e-02 6.801699e-03 6.841171e-03 6.835694e-03 6.736684e-03 6.528653e-03 6.241486e-03 5.944738e-03 5.725013e-03 5.336598e-03 3.871589e-03 5.510859e-03 5.459053e-03 5.415710e-03 5.355857e-03 5.418418e-03
5.289262e-03 5.321983e-03 5.406727e-03 5.554218e-03 5.675102e-03 5.735105e-03 5.751652e-03 5.736596e-03 5.752318e-03 5.842923e-03 5.981793e-03 6.153236e-03 1.119992e-02 6.444572e-03 6.540777e-03 6.618550e-03 6.764669e-03 7.007484e-03 7.224439e-03 7.345576e-03 7.443565e-03 7.585852e-03 7.590060e-03 7.320203e-03 7.018119e-03 0.000000e+00 0.000000e+00 4.481022e-03 5.763831e-03 0.000000e+00 0.000000e+00 0.000000e+00 5.463427e-03 6.131386e-03 6.422414e-03 6.531669e-03 2.920736e-02 6.861266e-03 6.942935e-03 6.930096e-03 6.840884e-03 6.667354e-03 6.420261e-03 6.152225e-03 5.923607e-03 5.486311e-03 3.943628e-03 5.587367e-03 5.507465e-03 5.536955e-03 5.620806e-03 5.750543e-03
