tests/data/reference/test_sheet_stream/mqsur_m3_s.asc
ncols	123
nrows	77
xllcorner	-713746.79929998
yllcorner	-1061022.36961616
cellsize	10.0
NODATA_value	-9999
[rows 46 to 68 of 77, columns 0 to 51 of 123]
-9.999000e+03 -9.999000e+03 -9.999000e+03 -9.999000e+03 -9.999000e+03 -9.999000e+03 8.147572e-03 4.087633e-03 3.032364e-03 3.144497e-03 2.516364e-03 3.274339e-03 3.503250e-03 3.540998e-03 3.541953e-03 3.515388e-03 3.523698e-03 3.545666e-03 3.666141e-03 3.965026e-03 4.237460e-03 4.259582e-03 4.300707e-03 4.247459e-03 4.424261e-03 4.612305e-03 4.696195e-03 4.599440e-03 4.536264e-03 4.563649e-03 4.585557e-03 1.665200e-02 1.702467e-02 4.783398e-03 4.965275e-03 5.170286e-03 5.394164e-03 5.614399e-03 5.799508e-03 5.955895e-03 6.057586e-03 6.098410e-03 6.127538e-03 6.173260e-03 6.156501e-03 6.046352e-03 5.924706e-03 5.798577e-03 5.614461e-03 5.358859e-03 5.181592e-03 5.164322e-03
-9.999000e+03 -9.999000e+03 -9.999000e+03 -9.999000e+03 -9.999000e+03 -9.999000e+03 2.792111e-03 2.934644e-03 3.155128e-03 3.298800e-03 2.712980e-03 3.511766e-03 3.650248e-03 3.728905e-03 3.755879e-03 3.676379e-03 3.537191e-03 3.438250e-03 3.523412e-03 3.825048e-03 3.164469e-03 3.262333e-03 3.311261e-03 3.307167e-03 4.345586e-03 4.657842e-03 4.735160e-03 1.394699e-02 1.489629e-02 1.570369e-02 1.638386e-02 4.734352e-03 4.792804e-03 4.933213e-03 5.098762e-03 5.256172e-03 5.424271e-03 5.612122e-03 5.785135e-03 5.944627e-03 6.081268e-03 6.188756e-03 6.270058e-03 6.329124e-03 6.327124e-03 6.234347e-03 6.108782e-03 5.984128e-03 5.834711e-03 5.623430e-03 5.408776e-03 5.273046e-03
-9.999000e+03 -9.999000e+03 -9.999000e+03 -9.999000e+03 -9.999000e+03 7.999718e-03 2.795412e-03 4.096686e-03 2.609595e-03 2.652536e-03 3.247494e-03 3.417584e-03 3.580391e-03 3.717594e-03 3.773064e-03 3.738698e-03 3.617773e-03 3.485752e-03 3.543669e-03 3.822872e-03 5.516481e-03 7.154973e-03 8.643455e-03 1.016790e-02 1.122293e-02 1.240092e-02 1.354750e-02 4.749490e-03 4.745453e-03 4.823519e-03 4.853461e-03 4.836314e-03 4.891839e-03 4.994727e-03 5.101967e-03 5.206052e-03 5.339515e-03 5.530346e-03 5.717166e-03 5.876112e-03 6.021429e-03 6.149986e-03 6.255147e-03 6.340510e-03 6.380904e-03 6.346725e-03 6.250982e-03 6.114380e-03 5.977121e-03 5.830461e-03 5.649700e-03 5.459318e-03
-9.999000e+03 -9.999000e+03 -9.999000e+03 -9.999000e+03 1.580129e-02 7.765742e-04 3.184925e-03 3.940991e-03 2.476804e-03 2.383330e-03 2.938841e-03 3.122390e-03 3.409053e-03 3.484174e-03 3.655885e-03 3.721369e-03 3.693180e-03 3.573857e-03 3.627441e-03 3.890601e-03 4.152078e-03 4.371075e-03 4.596485e-03 4.808273e-03 4.927235e-03 4.953952e-03 4.962161e-03 4.957999e-03 4.948737e-03 4.961304e-03 4.962618e-03 4.935831e-03 4.935366e-03 4.965656e-03 5.016996e-03 5.084814e-03 5.203076e-03 5.405916e-03 5.611332e-03 5.780209e-03 5.919683e-03 6.029027e-03 6.126669e-03 6.228764e-03 6.313749e-03 6.353469e-03 6.317443e-03 6.190663e-03 6.062110e-03 5.982555e-03 5.860903e-03 5.655815e-03
-9.999000e+03 -9.999000e+03 -9.999000e+03 -9.999000e+03 8.260064e-03 2.991601e-03 3.097729e-03 3.026733e-03 2.677061e-03 2.212784e-03 2.742270e-03 3.814035e-03 2.589409e-03 3.341426e-03 3.579571e-03 3.717159e-03 3.724930e-03 3.601176e-03 3.654017e-03 3.919159e-03 4.218717e-03 4.513832e-03 4.773185e-03 5.039593e-03 5.176917e-03 5.198889e-03 5.225711e-03 5.264680e-03 5.255981e-03 5.219387e-03 5.204917e-03 5.186314e-03 5.158087e-03 5.132244e-03 5.121677e-03 5.132658e-03 5.191074e-03 5.331953e-03 5.510829e-03 5.694032e-03 5.828829e-03 5.893637e-03 5.955183e-03 6.048852e-03 6.154356e-03 6.247598e-03 6.273988e-03 6.197530e-03 6.113876e-03 6.091399e-03 6.010096e-03 5.806673e-03
-9.999000e+03 -9.999000e+03 -9.999000e+03 8.043188e-03 6.894153e-04 3.096090e-03 2.317957e-03 2.508315e-03 2.096760e-03 2.469575e-03 3.062030e-03 2.721551e-03 2.445952e-03 3.181706e-03 3.498623e-03 3.676765e-03 3.706557e-03 3.607645e-03 3.649348e-03 3.897216e-03 4.378261e-03 4.488452e-03 4.902840e-03 5.172964e-03 5.345991e-03 5.416448e-03 5.479731e-03 5.549251e-03 5.555995e-03 5.502160e-03 5.463627e-03 5.441265e-03 5.414835e-03 5.374591e-03 5.325884e-03 5.290348e-03 5.280228e-03 5.321881e-03 5.447502e-03 5.639362e-03 5.765059e-03 5.775208e-03 5.788435e-03 5.852178e-03 5.951059e-03 6.071213e-03 6.150718e-03 6.149018e-03 6.086246e-03 6.093584e-03 6.028159e-03 5.853524e-03
-9.999000e+03 -9.999000e+03 -9.999000e+03 7.888401e-03 2.710712e-03 2.389051e-03 1.999422e-03 1.783552e-03 2.035015e-03 2.118522e-03 2.501553e-03 2.438463e-03 2.241988e-03 2.960030e-03 3.352042e-03 3.547189e-03 3.612316e-03 3.569212e-03 3.557648e-03 5.313701e-03 3.188841e-03 4.271143e-03 4.679752e-03 4.985655e-03 5.227721e-03 5.381505e-03 5.493359e-03 5.582090e-03 5.599129e-03 5.537130e-03 5.471929e-03 5.433403e-03 5.423461e-03 5.429688e-03 5.430140e-03 5.430604e-03 5.414164e-03 5.385310e-03 5.453456e-03 5.638258e-03 5.758441e-03 5.745151e-03 5.723229e-03 5.733808e-03 5.786657e-03 5.889351e-03 5.993440e-03 5.693401e-03 5.714626e-03 5.700019e-03 5.635261e-03 1.419562e-02
-9.999000e+03 -9.999000e+03 7.430140e-03 2.739155e-04 2.220144e-03 2.154037e-03 1.557633e-03 1.404815e-03 1.527503e-03 1.333003e-03 1.848374e-03 2.012007e-03 1.925960e-03 2.687006e-03 3.128150e-03 3.325939e-03 3.446136e-03 3.471568e-03 4.228845e-03 3.234265e-03 2.823396e-03 3.715456e-03 4.146367e-03 4.517759e-03 4.851806e-03 5.103947e-03 5.272249e-03 5.389160e-03 5.428143e-03 5.371465e-03 5.289029e-03 5.237215e-03 5.257507e-03 5.340646e-03 5.427882e-03 5.500617e-03 5.521775e-03 5.472229e-03 5.485455e-03 5.638884e-03 5.764267e-03 5.773487e-03 5.737591e-03 5.694375e-03 5.695050e-03 5.770837e-03 4.007894e-03 4.063881e-03 4.072325e-03 4.038159e-03 1.590232e-02 5.843787e-03
-9.999000e+03 -9.999000e+03 2.151771e-03 2.113456e-03 1.977615e-03 1.587234e-03 1.254272e-03 1.568760e-03 1.626655e-03 7.777410e-04 1.396165e-03 1.683434e-03 1.641276e-03 2.419944e-03 2.801652e-03 2.937207e-03 3.068901e-03 3.171696e-03 3.026098e-03 3.030753e-03 2.343431e-03 3.005778e-03 3.471045e-03 3.879040e-03 4.254059e-03 4.597167e-03 4.862542e-03 5.052290e-03 5.155064e-03 5.150850e-03 5.086779e-03 5.020397e-03 5.044482e-03 5.163402e-03 5.294502e-03 5.406254e-03 5.462458e-03 5.443608e-03 5.459959e-03 5.584481e-03 5.707792e-03 5.753246e-03 5.742737e-03 5.704909e-03 5.712297e-03 5.799611e-03 5.880106e-03 5.978598e-03 1.512651e-02 1.755842e-02 5.871317e-03 5.861264e-03
-9.999000e+03 6.970765e-03 4.376662e-03 2.493286e-03 1.856432e-03 9.984208e-04 1.662506e-03 1.655219e-03 -9.999000e+03 -9.999000e+03 -9.999000e+03 1.374373e-03 1.511719e-03 1.974091e-03 2.172030e-03 2.183181e-03 2.274995e-03 2.432462e-03 2.268916e-03 1.685074e-03 1.547316e-03 2.054445e-03 2.707702e-03 3.057148e-03 3.457424e-03 3.926996e-03 4.305307e-03 4.591534e-03 4.777269e-03 4.847888e-03 4.827863e-03 4.769733e-03 4.787489e-03 4.925587e-03 5.082152e-03 5.217116e-03 5.296939e-03 5.315059e-03 5.375573e-03 5.512081e-03 5.636852e-03 5.705234e-03 5.725796e-03 5.718845e-03 5.758522e-03 5.871777e-03 9.197764e-03 1.235407e-02 6.034199e-03 5.940692e-03 5.907670e-03 5.965616e-03
-9.999000e+03 1.504860e-02 2.121057e-03 1.845576e-03 1.489141e-03 1.532868e-03 -9.999000e+03 -9.999000e+03 -9.999000e+03 -9.999000e+03 -9.999000e+03 -9.999000e+03 1.625235e-03 1.883232e-03 2.311806e-03 2.434858e-03 2.182692e-03 2.740101e-03 2.620100e-03 1.846527e-03 1.345247e-03 1.388040e-03 1.762704e-03 2.174609e-03 2.829918e-03 3.292642e-03 3.678231e-03 4.005126e-03 4.225282e-03 4.328757e-03 4.480220e-03 4.447011e-03 4.514088e-03 4.697984e-03 4.893490e-03 5.057620e-03 5.147832e-03 5.161768e-03 5.252010e-03 5.450470e-03 5.614932e-03 5.687291e-03 5.707718e-03 5.711262e-03 5.770090e-03 5.904260e-03 6.017117e-03 6.071971e-03 6.061527e-03 5.982074e-03 5.991893e-03 6.127525e-03
8.055317e-03 1.994566e-03 2.068684e-03 1.512466e-03 9.287287e-04 1.880146e-03 -9.999000e+03 -9.999000e+03 -9.999000e+03 -9.999000e+03 -9.999000e+03 -9.999000e+03 -9.999000e+03 -9.999000e+03 -9.999000e+03 2.231292e-03 2.789901e-03 2.368434e-03 2.233893e-03 2.026733e-03 2.439021e-03 -9.999000e+03 -9.999000e+03 1.761639e-03 2.184759e-03 2.428429e-03 2.682810e-03 2.924933e-03 3.043621e-03 3.935453e-03 3.907728e-03 4.057805e-03 4.189916e-03 4.443414e-03 4.690099e-03 4.875615e-03 4.967391e-03 4.973257e-03 5.102569e-03 5.374142e-03 5.589378e-03 5.635583e-03 5.643944e-03 5.672519e-03 5.731543e-03 5.874354e-03 6.000997e-03 6.066331e-03 6.064457e-03 5.994587e-03 6.045333e-03 6.263853e-03
7.624959e-03 1.436521e-03 1.340625e-03 1.335072e-03 1.914393e-03 -9.999000e+03 -9.999000e+03 -9.999000e+03 -9.999000e+03 -9.999000e+03 -9.999000e+03 -9.999000e+03 -9.999000e+03 -9.999000e+03 -9.999000e+03 -9.999000e+03 -9.999000e+03 -9.999000e+03 -9.999000e+03 -9.999000e+03 -9.999000e+03 -9.999000e+03 -9.999000e+03 1.656196e-03 2.082107e-03 2.237760e-03 2.908439e-03 3.315355e-03 3.476468e-03 2.705714e-03 3.398142e-03 3.459883e-03 3.691884e-03 4.043476e-03 4.326048e-03 4.477438e-03 4.556371e-03 4.758888e-03 4.912896e-03 5.244914e-03 5.250650e-03 5.295409e-03 5.587817e-03 5.543805e-03 5.582287e-03 5.723816e-03 5.798623e-03 5.867263e-03 5.869724e-03 5.832776e-03 5.922662e-03 6.263283e-03
-9.999000e+03 1.997842e-03 1.882471e-03 2.229717e-03 -9.999000e+03 -9.999000e+03 -9.999000e+03 -9.999000e+03 -9.999000e+03 -9.999000e+03 -9.999000e+03 -9.999000e+03 -9.999000e+03 -9.999000e+03 -9.999000e+03 -9.999000e+03 -9.999000e+03 -9.999000e+03 -9.999000e+03 -9.999000e+03 -9.999000e+03 -9.999000e+03 -9.999000e+03 -9.999000e+03 -9.999000e+03 -9.999000e+03 2.432076e-03 2.618675e-03 3.171334e-03 2.904501e-03 2.294978e-03 2.467780e-03 2.748363e-03 3.082748e-03 3.231608e-03 3.267254e-03 4.379385e-03 4.358207e-03 4.584979e-03 3.732505e-03 3.830362e-03 5.444542e-03 5.186491e-03 5.174984e-03 5.467988e-03 5.236182e-03 5.277676e-03 5.308677e-03 5.610104e-03 5.536561e-03 5.727085e-03 5.834141e-03
-9.999000e+03 -9.999000e+03 -9.999000e+03 -9.999000e+03 -9.999000e+03 -9.999000e+03 -9.999000e+03 -9.999000e+03 -9.999000e+03 -9.999000e+03 -9.999000e+03 -9.999000e+03 -9.999000e+03 -9.999000e+03 -9.999000e+03 -9.999000e+03 -9.999000e+03 -9.999000e+03 -9.999000e+03 -9.999000e+03 -9.999000e+03 -9.999000e+03 -9.999000e+03 -9.999000e+03 -9.999000e+03 -9.999000e+03 -9.999000e+03 -9.999000e+03 2.515293e-03 2.672873e-03 2.100503e-03 2.264770e-03 2.597018e-03 3.653564e-03 4.017744e-03 3.975535e-03 3.095367e-03 3.278442e-03 3.447526e-03 4.762293e-03 5.178488e-03 3.744424e-03 3.773129e-03 5.339113e-03 3.795808e-03 3.799657e-03 3.785494e-03 5.363321e-03 5.070094e-03 5.374398e-03 3.939236e-03 4.185828e-03
-9.999000e+03 -9.999000e+03 -9.999000e+03 -9.999000e+03 -9.999000e+03 -9.999000e+03 -9.999000e+03 -9.999000e+03 -9.999000e+03 -9.999000e+03 -9.999000e+03 -9.999000e+03 -9.999000e+03 -9.999000e+03 -9.999000e+03 -9.999000e+03 -9.999000e+03 -9.999000e+03 -9.999000e+03 -9.999000e+03 -9.999000e+03 -9.999000e+03 -9.999000e+03 -9.999000e+03 -9.999000e+03 -9.999000e+03 -9.999000e+03 -9.999000e+03 -9.999000e+03 2.197221e-03 2.672838e-03 2.868072e-03 3.274062e-03 3.087525e-03 3.154115e-03 2.986168e-03 2.996944e-03 3.211019e-03 4.345743e-03 4.736411e-03 4.913391e-03 4.989897e-03 5.108081e-03 3.749516e-03 5.117061e-03 5.391540e-03 5.344625e-03 3.638322e-03 5.101914e-03 3.796887e-03 5.341734e-03 5.968999e-03
-9.999000e+03 -9.999000e+03 -9.999000e+03 -9.999000e+03 -9.999000e+03 -9.999000e+03 -9.999000e+03 -9.999000e+03 -9.999000e+03 -9.999000e+03 -9.999000e+03 -9.999000e+03 -9.999000e+03 -9.999000e+03 -9.999000e+03 -9.999000e+03 -9.999000e+03 -9.999000e+03 -9.999000e+03 -9.999000e+03 -9.999000e+03 -9.999000e+03 -9.999000e+03 -9.999000e+03 -9.999000e+03 -9.999000e+03 -9.999000e+03 -9.999000e+03 -9.999000e+03 -9.999000e+03 2.998178e-03 -9.999000e+03 -9.999000e+03 -9.999000e+03 -9.999000e+03 -9.999000e+03 -9.999000e+03 -9.999000e+03 3.360837e-03 4.466509e-03 4.688267e-03 4.676759e-03 4.778334e-03 5.041621e-03 5.241018e-03 5.308568e-03 5.216122e-03 4.946873e-03 3.565454e-03 5.065333e-03 5.631278e-03 5.884578e-03
-9.999000e+03 -9.999000e+03 -9.999000e+03 -9.999000e+03 -9.999000e+03 -9.999000e+03 -9.999000e+03 -9.999000e+03 -9.999000e+03 -9.999000e+03 -9.999000e+03 -9.999000e+03 -9.999000e+03 -9.999000e+03 -9.999000e+03 -9.999000e+03 -9.999000e+03 -9.999000e+03 -9.999000e+03 -9.999000e+03 -9.999000e+03 -9.999000e+03 -9.999000e+03 -9.999000e+03 -9.999000e+03 -9.999000e+03 -9.999000e+03 -9.999000e+03 -9.999000e+03 -9.999000e+03 -9.999000e+03 -9.999000e+03 -9.999000e+03 -9.999000e+03 -9.999000e+03 -9.999000e+03 -9.999000e+03 -9.999000e+03 -9.999000e+03 -9.999000e+03 -9.999000e+03 3.375193e-03 3.443144e-03 3.625045e-03 4.952731e-03 5.215088e-03 5.119220e-03 4.820146e-03 4.847377e-03 5.308716e-03 5.647413e-03 5.690754e-03
-9.999000e+03 -9.999000e+03 -9.999000e+03 -9.999000e+03 -9.999000e+03 -9.999000e+03 -9.999000e+03 -9.999000e+03 -9.999000e+03 -9.999000e+03 -9.999000e+03 -9.999000e+03 -9.999000e+03 -9.999000e+03 -9.999000e+03 -9.999000e+03 -9.999000e+03 -9.999000e+03 -9.999000e+03 -9.999000e+03 -9.999000e+03 -9.999000e+03 -9.999000e+03 -9.999000e+03 -9.999000e+03 -9.999000e+03 -9.999000e+03 -9.999000e+03 -9.999000e+03 -9.999000e+03 -9.999000e+03 -9.999000e+03 -9.999000e+03 -9.999000e+03 -9.999000e+03 -9.999000e+03 -9.999000e+03 -9.999000e+03 -9.999000e+03 -9.999000e+03 -9.999000e+03 -9.999000e+03 -9.999000e+03 -9.999000e+03 3.747968e-03 3.704166e-03 4.859780e-03 4.855876e-03 3.572008e-03 5.121828e-03 5.572020e-03 5.408443e-03
-9.999000e+03 -9.999000e+03 -9.999000e+03 -9.999000e+03 -9.999000e+03 -9.999000e+03 -9.999000e+03 -9.999000e+03 -9.999000e+03 -9.999000e+03 -9.999000e+03 -9.999000e+03 -9.999000e+03 -9.999000e+03 -9.999000e+03 -9.999000e+03 -9.999000e+03 -9.999000e+03 -9.999000e+03 -9.999000e+03 -9.999000e+03 -9.999000e+03 -9.999000e+03 -9.999000e+03 -9.999000e+03 -9.999000e+03 -9.999000e+03 -9.999000e+03 -9.999000e+03 -9.999000e+03 -9.999000e+03 -9.999000e+03 -9.999000e+03 -9.999000e+03 -9.999000e+03 -9.999000e+03 -9.999000e+03 -9.999000e+03 -9.999000e+03 -9.999000e+03 -9.999000e+03 -9.999000e+03 -9.999000e+03 -9.999000e+03 -9.999000e+03 -9.999000e+03 -9.999000e+03 -9.999000e+03 -9.999000e+03 -9.999000e+03 3.856913e-03 4.873000e-03
-9.999000e+03 -9.999000e+03 -9.999000e+03 -9.999000e+03 -9.999000e+03 -9.999000e+03 -9.999000e+03 -9.999000e+03 -9.999000e+03 -9.999000e+03 -9.999000e+03 -9.999000e+03 -9.999000e+03 -9.999000e+03 -9.999000e+03 -9.999000e+03 -9.999000e+03 -9.999000e+03 -9.999000e+03 -9.999000e+03 -9.999000e+03 -9.999000e+03 -9.999000e+03 -9.999000e+03 -9.999000e+03 -9.999000e+03 -9.999000e+03 -9.999000e+03 -9.999000e+03 -9.999000e+03 -9.999000e+03 -9.999000e+03 -9.999000e+03 -9.999000e+03 -9.999000e+03 -9.999000e+03 -9.999000e+03 -9.999000e+03 -9.999000e+03 -9.999000e+03 -9.999000e+03 -9.999000e+03 -9.999000e+03 -9.999000e+03 -9.999000e+03 -9.999000e+03 -9.999000e+03 -9.999000e+03 -9.999000e+03 -9.999000e+03 -9.999000e+03 3.473846e-03
-9.999000e+03 -9.999000e+03 -9.999000e+03 -9.999000e+03 -9.999000e+03 -9.999000e+03 -9.999000e+03 -9.999000e+03 -9.999000e+03 -9.999000e+03 -9.999000e+03 -9.999000e+03 -9.999000e+03 -9.999000e+03 -9.999000e+03 -9.999000e+03 -9.999000e+03 -9.999000e+03 -9.999000e+03 -9.999000e+03 -9.999000e+03 -9.999000e+03 -9.999000e+03 -9.999000e+03 -9.999000e+03 -9.999000e+03 -9.999000e+03 -9.999000e+03 -9.999000e+03 -9.999000e+03 -9.999000e+03 -9.999000e+03 -9.999000e+03 -9.999000e+03 -9.999000e+03 -9.999000e+03 -9.999000e+03 -9.999000e+03 -9.999000e+03 -9.999000e+03 -9.999000e+03 -9.999000e+03 -9.999000e+03 -9.999000e+03 -9.999000e+03 -9.999000e+03 -9.999000e+03 -9.999000e+03 -9.999000e+03 -9.999000e+03 -9.999000e+03 -9.999000e+03
-9.999000e+03 -9.999000e+03 -9.999000e+03 -9.999000e+03 -9.999000e+03 -9.999000e+03 -9.999000e+03 -9.999000e+03 -9.999000e+03 -9.999000e+03 -9.999000e+03 -9.999000e+03 -9.999000e+03 -9.999000e+03 -9.999000e+03 -9.999000e+03 -9.999000e+03 -9.999000e+03 -9.999000e+03 -9.999000e+03 -9.999000e+03 -9.999000e+03 -9.999000e+03 -9.999000e+03 -9.999000e+03 -9.999000e+03 -9.999000e+03 -9.999000e+03 -9.999000e+03 -9.999000e+03 -9.999000e+03 -9.999000e+03 -9.999000e+03 -9.999000e+03 -9.999000e+03 -9.999000e+03 -9.999000e+03 -9.999000e+03 -9.999000e+03 -9.999000e+03 -9.999000e+03 -9.999000e+03 -9.999000e+03 -9.999000e+03 -9.999000e+03 -9.999000e+03 -9.999000e+03 -9.999000e+03 -9.999000e+03 -9.999000e+03 -9.999000e+03 -9.999000e+03
