tests/data/reference/test_sheet_stream/mqsur_m3_s.asc
ncols	123
nrows	77
xllcorner	-713746.79929998
yllcorner	-1061022.36961616
cellsize	10.0
NODATA_value	-9999
[rows 23 to 45 of 77, columns 0 to 51 of 123]
-9.999000e+03 -9.999000e+03 -9.999000e+03 -9.999000e+03 -9.999000e+03 -9.999000e+03 -9.999000e+03 -9.999000e+03 -9.999000e+03 -9.999000e+03 -9.999000e+03 -9.999000e+03 -9.999000e+03 -9.999000e+03 1.884199e-03 2.431388e-03 3.589884e-03 1.114306e-02 2.055702e-03 8.703102e-04 5.625165e-04 9.974222e-03 7.667771e-04 1.207540e-02 1.738748e-02 4.410743e-03 6.633794e-03 6.919053e-03 5.374772e-03 6.145489e-03 3.937805e-03 5.524612e-03 5.933503e-03 6.002956e-03 1.604015e-02 5.968686e-03 6.001737e-03 4.149458e-03 1.032368e-02 6.387847e-03 6.424216e-03 6.501116e-03 6.618777e-03 6.686250e-03 6.683280e-03 6.650757e-03 6.627335e-03 6.661171e-03 6.745941e-03 6.823122e-03 6.802052e-03 4.420462e-03
-9.999000e+03 -9.999000e+03 -9.999000e+03 -9.999000e+03 -9.999000e+03 -9.999000e+03 -9.999000e+03 -9.999000e+03 -9.999000e+03 -9.999000e+03 -9.999000e+03 -9.999000e+03 -9.999000e+03 -9.999000e+03 1.389215e-03 1.134933e-02 1.252921e-02 3.033627e-03 1.988236e-03 2.690172e-03 8.894457e-03 1.807382e-02 3.465517e-03 3.420300e-03 9.085094e-03 1.755091e-02 5.291162e-03 5.522130e-03 5.343157e-03 3.861525e-03 5.707838e-03 5.501597e-03 5.894322e-03 5.929532e-03 1.832550e-02 5.920797e-03 6.062433e-03 4.182971e-03 1.065173e-02 6.390813e-03 6.393384e-03 6.440134e-03 6.522926e-03 6.584916e-03 6.609997e-03 6.617002e-03 6.628851e-03 6.685905e-03 6.778600e-03 6.861540e-03 4.432549e-03 7.011074e-03
-9.999000e+03 -9.999000e+03 -9.999000e+03 -9.999000e+03 -9.999000e+03 -9.999000e+03 -9.999000e+03 -9.999000e+03 -9.999000e+03 -9.999000e+03 -9.999000e+03 -9.999000e+03 -9.999000e+03 -9.999000e+03 1.055597e-02 2.062970e-03 2.288761e-03 2.259543e-03 2.207259e-03 7.090631e-04 1.062128e-02 1.033441e-02 1.718679e-02 4.521764e-03 4.700415e-03 7.374988e-03 1.881112e-02 5.485441e-03 5.523768e-03 3.922922e-03 5.316991e-03 5.678265e-03 5.679014e-03 5.778422e-03 5.739796e-03 2.036800e-02 4.068926e-03 6.218297e-03 5.891664e-03 1.419483e-02 6.371154e-03 6.426031e-03 6.487252e-03 6.537682e-03 6.579113e-03 6.620381e-03 6.673165e-03 6.762006e-03 6.875582e-03 6.989833e-03 6.520178e-03 4.557735e-03
-9.999000e+03 -9.999000e+03 -9.999000e+03 -9.999000e+03 -9.999000e+03 -9.999000e+03 -9.999000e+03 -9.999000e+03 -9.999000e+03 -9.999000e+03 -9.999000e+03 -9.999000e+03 2.612344e-03 2.141087e-03 4.862024e-03 2.756387e-03 2.314001e-03 1.144249e-03 5.646472e-04 9.841974e-03 4.363519e-03 1.205316e-02 7.433386e-03 1.282718e-02 4.739536e-03 4.975975e-03 2.384359e-02 5.325463e-03 5.409254e-03 5.201702e-03 3.860182e-03 5.559201e-03 5.549738e-03 5.412477e-03 5.378982e-03 5.722580e-03 1.887775e-02 5.773136e-03 6.272320e-03 6.265602e-03 1.727762e-02 6.404066e-03 6.444438e-03 6.493837e-03 6.568067e-03 6.665535e-03 6.779194e-03 6.900678e-03 7.022074e-03 7.158152e-03 7.213831e-03 4.608851e-03
-9.999000e+03 -9.999000e+03 -9.999000e+03 -9.999000e+03 -9.999000e+03 -9.999000e+03 -9.999000e+03 -9.999000e+03 -9.999000e+03 -9.999000e+03 -9.999000e+03 -9.999000e+03 -9.999000e+03 2.541396e-03 2.457917e-03 2.454165e-03 1.461452e-03 4.688157e-04 9.261979e-03 3.823708e-03 3.753434e-03 3.958935e-03 1.159174e-02 1.523421e-02 2.242342e-02 2.228907e-02 2.198172e-02 2.191696e-02 4.819616e-03 5.110579e-03 5.291624e-03 5.091115e-03 5.293181e-03 5.136090e-03 5.189151e-03 5.536101e-03 5.871526e-03 1.743043e-02 6.203610e-03 6.312755e-03 1.865398e-02 6.341164e-03 6.357372e-03 6.425894e-03 6.565074e-03 6.755383e-03 6.952707e-03 7.098057e-03 7.198579e-03 7.326451e-03 7.445689e-03 6.822761e-03
-9.999000e+03 -9.999000e+03 -9.999000e+03 -9.999000e+03 -9.999000e+03 -9.999000e+03 -9.999000e+03 -9.999000e+03 -9.999000e+03 -9.999000e+03 -9.999000e+03 -9.999000e+03 -9.999000e+03 -9.999000e+03 -9.999000e+03 1.854167e-03 2.283255e-04 8.298407e-03 1.654875e-02 1.488093e-02 1.027076e-02 7.440760e-03 5.583761e-03 4.224332e-03 4.050310e-03 4.239780e-03 4.273658e-03 2.217975e-02 4.234107e-02 4.592590e-03 4.856640e-03 4.939774e-03 4.874029e-03 4.822801e-03 4.965364e-03 5.414894e-03 5.751667e-03 5.861711e-03 1.599510e-02 6.094574e-03 2.103410e-02 6.306634e-03 6.370600e-03 6.487854e-03 6.673363e-03 6.911852e-03 7.137830e-03 7.270371e-03 7.340648e-03 7.454230e-03 7.552996e-03 7.464840e-03
-9.999000e+03 -9.999000e+03 -9.999000e+03 -9.999000e+03 -9.999000e+03 -9.999000e+03 -9.999000e+03 -9.999000e+03 -9.999000e+03 -9.999000e+03 -9.999000e+03 -9.999000e+03 -9.999000e+03 -9.999000e+03 -9.999000e+03 -9.999000e+03 4.360958e-04 8.579992e-03 8.642149e-03 5.984636e-03 4.422019e-03 3.633035e-03 3.665245e-03 3.850659e-03 4.094030e-03 4.371756e-03 4.447470e-03 4.240356e-03 4.140248e-03 4.239559e-02 4.272148e-02 4.277878e-02 4.465965e-03 4.510944e-03 4.687990e-03 5.105324e-03 8.134295e-03 1.122431e-02 5.577240e-03 1.454057e-02 6.133195e-03 2.344850e-02 6.559075e-03 6.737899e-03 6.924781e-03 7.131081e-03 7.300286e-03 7.377876e-03 7.421776e-03 7.525342e-03 7.586235e-03 7.517724e-03
-9.999000e+03 -9.999000e+03 -9.999000e+03 -9.999000e+03 -9.999000e+03 -9.999000e+03 -9.999000e+03 -9.999000e+03 -9.999000e+03 -9.999000e+03 -9.999000e+03 -9.999000e+03 -9.999000e+03 -9.999000e+03 -9.999000e+03 -9.999000e+03 8.309031e-03 2.961410e-03 3.174986e-03 3.511767e-03 3.600344e-03 1.760940e-02 1.607222e-02 1.461896e-02 1.322572e-02 1.188985e-02 1.057458e-02 9.222760e-03 7.893500e-03 6.619488e-03 5.346464e-03 4.440702e-03 4.236836e-02 4.130703e-02 4.002807e-02 3.907429e-02 3.783048e-02 3.662807e-02 3.670736e-02 3.567374e-02 3.893730e-02 3.797583e-02 2.542030e-02 6.358568e-03 6.661220e-03 6.965344e-03 7.145422e-03 7.247883e-03 7.345994e-03 7.465110e-03 7.469139e-03 7.321190e-03
-9.999000e+03 -9.999000e+03 -9.999000e+03 -9.999000e+03 -9.999000e+03 -9.999000e+03 -9.999000e+03 -9.999000e+03 -9.999000e+03 -9.999000e+03 -9.999000e+03 -9.999000e+03 -9.999000e+03 -9.999000e+03 -9.999000e+03 8.309246e-03 3.671506e-03 3.573781e-03 1.761193e-02 1.783433e-02 1.785521e-02 3.766787e-03 5.579480e-03 7.446376e-03 6.113157e-03 1.022467e-02 1.156329e-02 1.272429e-02 1.156042e-02 1.042460e-02 9.303255e-03 8.181002e-03 7.036136e-03 5.873813e-03 4.745672e-03 3.966363e-03 2.490914e-02 2.415242e-02 2.350410e-02 2.344541e-02 2.311856e-02 2.252263e-02 5.298782e-02 6.387637e-02 6.425496e-02 5.964722e-03 1.116628e-02 6.795882e-03 7.072100e-03 7.223070e-03 7.132646e-03 6.887773e-03
-9.999000e+03 -9.999000e+03 -9.999000e+03 -9.999000e+03 -9.999000e+03 -9.999000e+03 -9.999000e+03 -9.999000e+03 -9.999000e+03 -9.999000e+03 -9.999000e+03 -9.999000e+03 -9.999000e+03 -9.999000e+03 8.289012e-03 1.650644e-02 1.796269e-02 1.724956e-02 3.850396e-03 3.946091e-03 3.779795e-03 3.950437e-03 4.122195e-03 4.284831e-03 6.458295e-03 4.436344e-03 4.559452e-03 4.990169e-03 5.128333e-03 5.067144e-03 5.031911e-03 1.463318e-02 1.607024e-02 1.708557e-02 1.776238e-02 2.425942e-02 4.714417e-03 5.162027e-03 5.582827e-03 6.000122e-03 6.265492e-03 6.318772e-03 1.019343e-02 1.385678e-02 1.699117e-02 7.367505e-02 7.508550e-02 7.838746e-02 6.051144e-03 1.131918e-02 6.331831e-03 6.113922e-03
-9.999000e+03 -9.999000e+03 -9.999000e+03 -9.999000e+03 -9.999000e+03 -9.999000e+03 -9.999000e+03 -9.999000e+03 -9.999000e+03 -9.999000e+03 -9.999000e+03 -9.999000e+03 -9.999000e+03 -9.999000e+03 8.304835e-03 1.471015e-02 4.056077e-03 4.097346e-03 4.102270e-03 4.088721e-03 4.120263e-03 4.243125e-03 4.137955e-03 4.591158e-03 4.707073e-03 4.715634e-03 4.836251e-03 5.121630e-03 7.837806e-03 1.040983e-02 1.268115e-02 5.223024e-03 5.086244e-03 5.051918e-03 9.583407e-03 4.999518e-03 5.388042e-03 5.580928e-03 5.791313e-03 6.054844e-03 6.308397e-03 6.502284e-03 6.677757e-03 6.751129e-03 6.822654e-03 1.115964e-02 1.497894e-02 1.824621e-02 8.524058e-02 8.619231e-02 8.876085e-02 4.886374e-03
-9.999000e+03 -9.999000e+03 -9.999000e+03 -9.999000e+03 -9.999000e+03 -9.999000e+03 -9.999000e+03 -9.999000e+03 -9.999000e+03 -9.999000e+03 -9.999000e+03 -9.999000e+03 -9.999000e+03 1.646145e-02 2.223197e-02 3.998660e-03 4.120049e-03 4.234270e-03 4.263628e-03 4.233422e-03 4.214576e-03 4.260059e-03 4.357020e-03 4.500521e-03 4.629827e-03 4.702875e-03 4.865594e-03 5.175382e-03 5.406250e-03 5.499597e-03 5.480626e-03 5.398927e-03 5.399210e-03 1.142013e-02 3.807471e-03 5.274713e-03 5.645767e-03 5.737258e-03 5.885812e-03 6.094382e-03 6.334883e-03 6.573006e-03 6.778177e-03 6.947937e-03 7.033210e-03 7.053606e-03 7.128152e-03 7.076745e-03 6.809713e-03 1.071834e-02 1.349594e-02 9.013652e-02
-9.999000e+03 -9.999000e+03 -9.999000e+03 -9.999000e+03 -9.999000e+03 -9.999000e+03 -9.999000e+03 -9.999000e+03 -9.999000e+03 -9.999000e+03 -9.999000e+03 -9.999000e+03 8.282844e-03 2.408024e-02 3.932939e-03 4.046189e-03 4.144002e-03 4.260709e-03 4.322745e-03 4.335255e-03 4.318376e-03 4.290383e-03 4.304522e-03 4.378208e-03 4.497127e-03 4.631833e-03 4.842662e-03 5.148591e-03 5.362240e-03 5.453212e-03 5.492307e-03 5.525104e-03 9.195867e-03 5.591147e-03 3.851040e-03 5.564399e-03 5.622346e-03 5.722441e-03 5.884045e-03 6.091807e-03 6.312835e-03 6.506931e-03 6.644034e-03 6.725909e-03 6.730557e-03 6.826972e-03 6.917559e-03 7.008857e-03 7.023879e-03 6.649032e-03 6.188791e-03 9.613551e-03
-9.999000e+03 -9.999000e+03 -9.999000e+03 -9.999000e+03 -9.999000e+03 -9.999000e+03 -9.999000e+03 -9.999000e+03 -9.999000e+03 -9.999000e+03 -9.999000e+03 -9.999000e+03 1.629535e-02 3.954919e-03 3.936634e-03 4.072429e-03 4.161913e-03 4.289751e-03 4.378037e-03 4.421406e-03 4.409841e-03 4.346424e-03 4.318424e-03 4.346640e-03 4.438276e-03 4.574059e-03 4.764173e-03 5.017405e-03 5.172671e-03 5.226338e-03 5.283810e-03 9.189788e-03 3.892117e-03 5.222868e-03 5.409086e-03 5.394265e-03 5.398274e-03 5.460063e-03 5.613671e-03 5.763905e-03 5.970683e-03 6.203005e-03 6.386685e-03 6.073921e-03 6.097516e-03 6.182347e-03 6.283718e-03 6.432921e-03 6.401680e-03 6.659346e-03 6.369089e-03 6.048387e-03
-9.999000e+03 -9.999000e+03 -9.999000e+03 -9.999000e+03 -9.999000e+03 -9.999000e+03 -9.999000e+03 -9.999000e+03 -9.999000e+03 -9.999000e+03 -9.999000e+03 8.224242e-03 5.677148e-03 3.507106e-03 4.816040e-03 3.910537e-03 4.130016e-03 4.279793e-03 4.396183e-03 4.457044e-03 4.457202e-03 4.400709e-03 4.376079e-03 4.388793e-03 4.444517e-03 4.547186e-03 4.671857e-03 4.807554e-03 4.878186e-03 4.853726e-03 4.890128e-03 6.852831e-03 3.699050e-03 5.118710e-03 5.147188e-03 4.899751e-03 4.858035e-03 5.077171e-03 4.921211e-03 5.024530e-03 5.233610e-03 5.584725e-03 4.221216e-03 4.203158e-03 4.224288e-03 4.280890e-03 4.325247e-03 4.360328e-03 6.645307e-03 5.979233e-03 5.841452e-03 5.789694e-03
-9.999000e+03 -9.999000e+03 -9.999000e+03 -9.999000e+03 -9.999000e+03 -9.999000e+03 -9.999000e+03 -9.999000e+03 -9.999000e+03 -9.999000e+03 8.188628e-03 1.587456e-02 3.131539e-03 6.028895e-03 2.844104e-03 3.680201e-03 3.951809e-03 4.170410e-03 4.332459e-03 4.405079e-03 4.418940e-03 4.378903e-03 4.361268e-03 4.371151e-03 4.418256e-03 4.523993e-03 4.429376e-03 4.646060e-03 4.603409e-03 4.499799e-03 4.491984e-03 4.509061e-03 4.566493e-03 4.651950e-03 3.625480e-03 3.501683e-03 4.716137e-03 3.430384e-03 3.445638e-03 3.488590e-03 3.692851e-03 4.016200e-03 5.748727e-03 6.162188e-03 6.245512e-03 6.346391e-03 6.445847e-03 6.514048e-03 4.232252e-03 4.135876e-03 4.133250e-03 4.283230e-03
-9.999000e+03 -9.999000e+03 -9.999000e+03 -9.999000e+03 -9.999000e+03 -9.999000e+03 -9.999000e+03 -9.999000e+03 -9.999000e+03 -9.999000e+03 8.111007e-03 3.452361e-03 7.004663e-03 3.120438e-03 2.589059e-03 3.389235e-03 3.684967e-03 3.979339e-03 4.177504e-03 4.280860e-03 4.326442e-03 4.313287e-03 4.303302e-03 4.327938e-03 4.372776e-03 3.331707e-03 4.499223e-03 4.476603e-03 4.355657e-03 4.174298e-03 4.086172e-03 4.057346e-03 3.227078e-03 3.498144e-03 4.707699e-03 4.717998e-03 3.288278e-03 4.190451e-03 4.362516e-03 4.540672e-03 3.652431e-03 3.988749e-03 5.678284e-03 6.037249e-03 6.063619e-03 6.113911e-03 6.210698e-03 6.322681e-03 6.337575e-03 6.200539e-03 6.137239e-03 6.275703e-03
-9.999000e+03 -9.999000e+03 -9.999000e+03 -9.999000e+03 -9.999000e+03 -9.999000e+03 -9.999000e+03 -9.999000e+03 -9.999000e+03 8.120930e-03 5.470320e-03 7.629734e-03 2.952207e-03 2.504379e-03 2.992050e-03 3.219766e-03 3.487384e-03 3.683046e-03 3.984720e-03 4.114284e-03 4.210483e-03 4.243993e-03 4.274491e-03 4.198240e-03 3.275494e-03 4.248233e-03 4.375818e-03 4.144991e-03 4.007700e-03 3.756826e-03 3.648169e-03 3.043772e-03 4.101189e-03 4.646768e-03 4.895333e-03 4.830178e-03 4.690898e-03 4.575474e-03 3.428356e-03 3.629322e-03 5.238916e-03 5.415949e-03 5.965347e-03 5.951150e-03 5.848684e-03 5.822019e-03 5.912156e-03 6.104904e-03 6.237272e-03 6.238860e-03 6.185918e-03 6.144610e-03
-9.999000e+03 -9.999000e+03 -9.999000e+03 -9.999000e+03 -9.999000e+03 -9.999000e+03 -9.999000e+03 -9.999000e+03 -9.999000e+03 8.214641e-03 7.841306e-03 2.976870e-03 2.874210e-03 2.443683e-03 3.091734e-03 3.209130e-03 2.689711e-03 3.625473e-03 3.748905e-03 3.951442e-03 4.105013e-03 4.189643e-03 3.220935e-03 3.295351e-03 4.271364e-03 4.328363e-03 3.179130e-03 3.145212e-03 3.030606e-03 2.812379e-03 2.825833e-03 3.873238e-03 4.393222e-03 4.786433e-03 5.006291e-03 5.036759e-03 4.982666e-03 3.505077e-03 4.884873e-03 4.993338e-03 5.276954e-03 5.751670e-03 5.879638e-03 5.745682e-03 5.627259e-03 5.640496e-03 5.746747e-03 5.910057e-03 6.036742e-03 6.104533e-03 2.399174e-02 2.465260e-02
-9.999000e+03 -9.999000e+03 -9.999000e+03 -9.999000e+03 -9.999000e+03 -9.999000e+03 -9.999000e+03 -9.999000e+03 1.614371e-02 5.552900e-03 5.076998e-03 3.172347e-03 2.392600e-03 2.959699e-03 3.180375e-03 3.249558e-03 4.376109e-03 3.353759e-03 3.552326e-03 3.835995e-03 4.056034e-03 4.054128e-03 4.299105e-03 4.463995e-03 4.493340e-03 1.099942e-02 1.174487e-02 1.024239e-02 8.720260e-03 7.166511e-03 5.674774e-03 4.281464e-03 4.601521e-03 4.935111e-03 5.129804e-03 5.181399e-03 5.140630e-03 7.578530e-03 7.855454e-03 1.005137e-02 1.091304e-02 1.176013e-02 1.016485e-02 8.635929e-03 7.188482e-03 5.827775e-03 5.677263e-03 5.693199e-03 5.684672e-03 2.327442e-02 5.662464e-03 5.735188e-03
-9.999000e+03 -9.999000e+03 -9.999000e+03 -9.999000e+03 -9.999000e+03 -9.999000e+03 -9.999000e+03 8.180584e-03 1.588499e-02 4.495979e-03 3.309913e-03 3.277764e-03 2.451723e-03 3.121366e-03 3.244737e-03 3.283842e-03 3.293969e-03 3.283709e-03 3.458909e-03 3.802129e-03 3.115853e-03 3.174164e-03 4.158838e-03 8.901686e-03 1.001563e-02 4.433780e-03 4.365314e-03 4.322709e-03 4.214108e-03 3.985784e-03 4.026446e-03 4.400333e-03 4.762100e-03 5.022778e-03 5.159852e-03 5.176359e-03 5.120838e-03 5.013982e-03 5.056049e-03 5.291213e-03 5.446006e-03 5.427799e-03 5.371857e-03 5.336028e-03 5.376545e-03 5.504646e-03 5.537629e-03 5.415283e-03 2.257819e-02 5.333101e-03 5.470627e-03 5.614692e-03
-9.999000e+03 -9.999000e+03 -9.999000e+03 -9.999000e+03 -9.999000e+03 -9.999000e+03 -9.999000e+03 8.081030e-03 2.490022e-03 4.985721e-03 2.655104e-03 3.208864e-03 3.217343e-03 3.249325e-03 3.292939e-03 3.308697e-03 3.341580e-03 3.368859e-03 3.545390e-03 3.904012e-03 5.664925e-03 7.304836e-03 8.722390e-03 4.379820e-03 4.433270e-03 4.323887e-03 3.332325e-03 4.314452e-03 4.392832e-03 4.230627e-03 4.261741e-03 4.558012e-03 4.824282e-03 4.980636e-03 5.045213e-03 5.036238e-03 1.688078e-02 1.689399e-02 1.714043e-02 1.766259e-02 1.833387e-02 1.912382e-02 2.002265e-02 1.886409e-02 1.769936e-02 1.652303e-02 2.214102e-02 2.245238e-02 5.224301e-03 5.203840e-03 5.296469e-03 5.431465e-03
-9.999000e+03 -9.999000e+03 -9.999000e+03 -9.999000e+03 -9.999000e+03 -9.999000e+03 -9.999000e+03 3.875832e-04 4.381827e-03 3.031630e-03 2.489337e-03 3.163405e-03 3.351228e-03 3.376516e-03 3.375982e-03 3.384121e-03 3.459889e-03 3.542110e-03 3.706544e-03 4.027348e-03 4.282444e-03 4.401052e-03 4.413356e-03 4.352656e-03 3.262130e-03 3.364586e-03 4.424666e-03 4.555142e-03 4.506655e-03 4.425721e-03 4.446504e-03 4.609025e-03 4.750140e-03 1.695690e-02 1.707114e-02 1.709701e-02 5.208178e-03 5.401255e-03 5.581033e-03 5.751649e-03 5.846329e-03 5.847684e-03 5.858556e-03 9.356586e-03 1.267471e-02 1.554435e-02 5.684506e-03 5.543408e-03 5.374126e-03 5.185744e-03 5.125323e-03 5.211945e-03
