tests/data/reference/test_sheet_stream/mqsur_m3_s.asc
ncols	123
nrows	77
xllcorner	-713746.79929998
yllcorner	-1061022.36961616
cellsize	10.0
NODATA_value	-9999
[rows 46 to 68 of 77, columns 52 to 103 of 123]
5.138332e-03 5.057697e-03 5.097328e-03 5.292379e-03 5.458726e-03 5.481187e-03 5.498922e-03 5.533670e-03 5.558981e-03 5.603039e-03 5.689884e-03 1.257065e-02 6.003105e-03 6.069935e-03 6.068078e-03 6.096559e-03 6.275357e-03 6.531903e-03 6.798209e-03 6.929913e-03 7.065863e-03 7.288214e-03 7.396884e-03 7.243721e-03 7.161216e-03 0.000000e+00 1.042962e-03 4.397214e-03 6.087423e-03 6.407440e-03 6.150566e-03 0.000000e+00 0.000000e+00 0.000000e+00 6.082687e-03 6.293341e-03 3.031976e-02 6.847893e-03 6.988576e-03 6.988591e-03 6.912002e-03 6.765000e-03 6.568467e-03 6.351699e-03 6.139701e-03 5.673299e-03 4.048939e-03 5.759276e-03 5.638112e-03 5.678863e-03 5.851618e-03 6.011655e-03
5.107426e-03 4.867858e-03 4.822336e-03 5.043743e-03 4.989559e-03 5.004103e-03 5.029947e-03 5.117912e-03 5.443270e-03 5.429645e-03 1.395942e-02 5.695320e-03 5.774376e-03 5.463043e-03 5.427529e-03 5.733614e-03 5.528966e-03 5.836546e-03 6.076574e-03 6.169249e-03 6.299613e-03 6.530683e-03 6.693350e-03 7.281932e-03 4.531869e-03 0.000000e+00 1.042354e-03 4.634860e-03 6.252112e-03 6.746258e-03 6.760167e-03 6.491795e-03 5.710108e-03 0.000000e+00 0.000000e+00 5.747154e-03 3.140258e-02 6.707375e-03 6.946172e-03 6.994404e-03 6.926560e-03 6.784862e-03 6.639501e-03 6.496265e-03 6.340070e-03 5.881231e-03 4.173653e-03 6.030238e-03 5.882266e-03 5.871095e-03 6.014372e-03 6.146552e-03
5.215058e-03 4.891425e-03 4.771337e-03 3.577250e-03 3.651166e-03 3.639318e-03 3.655216e-03 5.176065e-03 5.002009e-03 1.535372e-02 5.419252e-03 5.311044e-03 3.937323e-03 3.895169e-03 5.609383e-03 3.849731e-03 3.925919e-03 4.095008e-03 4.187747e-03 4.210773e-03 4.289380e-03 4.420559e-03 6.918990e-03 6.647039e-03 7.353354e-03 0.000000e+00 9.636788e-04 6.591462e-03 6.854290e-03 7.094103e-03 7.184937e-03 6.982601e-03 6.251061e-03 3.256466e-03 0.000000e+00 5.018308e-03 3.237426e-02 6.496764e-03 6.832190e-03 6.954185e-03 6.910198e-03 6.778543e-03 6.682757e-03 6.612995e-03 6.521146e-03 6.072166e-03 4.272219e-03 6.307432e-03 6.167936e-03 6.105848e-03 6.157070e-03 6.206788e-03
5.395551e-03 5.084720e-03 3.467191e-03 4.666677e-03 4.956552e-03 4.993928e-03 4.993347e-03 3.590320e-03 1.678460e-02 5.190016e-03 3.791304e-03 3.881832e-03 5.347837e-03 5.602887e-03 3.851771e-03 5.251641e-03 5.620345e-03 5.867785e-03 6.045700e-03 6.106816e-03 6.186809e-03 6.355146e-03 4.378588e-03 4.567305e-03 9.810652e-03 0.000000e+00 4.525107e-03 6.530256e-03 7.052559e-03 7.380806e-03 7.522215e-03 7.367797e-03 6.785844e-03 5.523759e-03 0.000000e+00 0.000000e+00 3.332543e-02 6.257239e-03 6.658644e-03 6.864303e-03 6.874266e-03 6.783918e-03 6.731329e-03 6.713130e-03 6.674065e-03 6.227669e-03 4.348815e-03 6.549158e-03 6.459573e-03 6.369981e-03 6.296069e-03 6.215797e-03
5.576448e-03 1.078866e-02 9.097573e-03 7.474380e-03 5.904719e-03 4.976870e-03 4.957815e-03 1.820289e-02 4.996687e-03 3.696324e-03 5.078038e-03 5.462969e-03 5.574888e-03 5.574199e-03 5.574604e-03 5.616419e-03 5.734935e-03 5.941961e-03 6.097056e-03 6.142990e-03 6.150640e-03 6.157737e-03 6.330312e-03 6.721136e-03 6.885160e-03 0.000000e+00 4.547195e-03 4.578646e-03 6.843288e-03 7.658305e-03 7.853646e-03 7.761326e-03 7.294082e-03 1.157664e-02 5.097772e-03 0.000000e+00 3.432535e-02 6.058659e-03 6.490169e-03 6.753227e-03 6.818564e-03 6.781878e-03 6.770498e-03 4.362310e-03 6.822325e-03 9.112610e-03 4.412760e-03 6.753887e-03 6.694998e-03 6.596679e-03 6.453666e-03 6.286647e-03
1.249293e-02 5.603869e-03 8.682763e-03 8.794719e-03 1.144772e-02 1.576166e-02 1.730922e-02 5.007456e-03 5.061340e-03 5.237333e-03 5.391792e-03 5.438811e-03 5.461610e-03 5.482730e-03 5.533860e-03 5.628629e-03 8.699710e-03 7.148175e-03 6.314395e-03 6.358812e-03 6.302639e-03 6.089540e-03 6.047116e-03 6.317958e-03 6.536874e-03 0.000000e+00 4.536221e-03 6.755110e-03 7.521497e-03 7.895941e-03 8.121661e-03 8.075672e-03 7.654727e-03 6.787207e-03 9.862395e-03 0.000000e+00 0.000000e+00 5.786784e-03 6.369903e-03 6.649894e-03 6.752170e-03 6.764200e-03 6.252340e-03 4.364699e-03 6.831831e-03 1.078677e-02 4.459652e-03 6.937648e-03 6.859413e-03 6.758285e-03 6.639732e-03 6.470277e-03
5.795823e-03 5.769705e-03 3.837686e-03 5.361445e-03 6.136553e-03 5.130024e-03 5.145291e-03 5.116148e-03 5.206236e-03 5.422666e-03 5.555649e-03 5.473310e-03 5.384091e-03 5.374976e-03 5.425860e-03 5.522594e-03 3.973435e-03 5.722327e-03 6.334201e-03 6.566829e-03 6.501999e-03 6.064415e-03 5.818597e-03 6.013672e-03 4.275067e-03 0.000000e+00 4.550828e-03 6.799178e-03 7.623211e-03 7.962632e-03 8.218241e-03 8.231746e-03 7.876604e-03 7.225732e-03 6.070733e-03 8.338477e-03 0.000000e+00 9.766155e-03 6.329112e-03 6.550478e-03 6.643227e-03 6.609687e-03 4.327135e-03 6.243841e-03 6.831399e-03 8.869913e-03 6.486640e-03 7.087253e-03 7.007432e-03 6.901270e-03 6.808903e-03 6.686077e-03
5.832573e-03 5.891046e-03 5.752109e-03 7.659110e-03 5.168033e-03 5.158355e-03 5.207706e-03 5.226958e-03 5.364477e-03 8.426118e-03 6.881732e-03 5.684510e-03 5.462042e-03 5.340830e-03 5.322112e-03 5.396060e-03 5.617179e-03 5.988073e-03 6.344338e-03 6.625663e-03 6.583376e-03 6.051695e-03 9.479233e-03 9.696180e-03 8.187855e-03 0.000000e+00 4.581592e-03 6.862187e-03 7.722645e-03 8.122632e-03 8.258799e-03 8.194034e-03 7.982111e-03 7.646148e-03 6.760079e-03 1.183706e-02 0.000000e+00 0.000000e+00 6.334012e-03 6.465903e-03 6.469281e-03 4.185051e-03 6.057086e-03 6.657784e-03 6.851560e-03 7.373843e-03 7.043767e-03 7.186214e-03 7.158238e-03 7.054403e-03 6.941998e-03 6.884243e-03
5.913887e-03 6.018182e-03 9.463661e-03 5.513711e-03 5.231657e-03 5.229866e-03 5.289342e-03 5.328697e-03 5.480563e-03 5.787676e-03 5.949304e-03 5.884626e-03 5.689706e-03 5.445574e-03 5.334349e-03 5.404277e-03 5.613561e-03 5.938633e-03 6.263899e-03 6.547027e-03 6.507662e-03 5.941946e-03 3.860578e-03 4.139987e-03 6.091997e-03 0.000000e+00 4.626066e-03 6.962173e-03 7.849467e-03 8.244014e-03 8.361681e-03 8.153618e-03 7.966742e-03 7.944914e-03 1.307074e-02 1.535073e-02 4.113800e-03 0.000000e+00 6.506257e-03 6.441251e-03 5.947552e-03 4.204392e-03 6.474501e-03 6.740425e-03 6.924345e-03 7.066655e-03 7.149400e-03 7.227394e-03 7.252688e-03 7.184703e-03 7.070351e-03 7.038678e-03
6.052953e-03 6.140143e-03 6.014903e-03 5.621817e-03 5.371696e-03 5.367067e-03 5.415319e-03 5.464421e-03 5.598089e-03 3.993862e-03 9.654692e-03 1.284056e-02 1.106678e-02 1.750085e-02 1.959664e-02 1.806764e-02 1.649321e-02 1.497597e-02 1.345489e-02 1.193409e-02 1.038574e-02 8.722627e-03 7.108297e-03 6.166436e-03 0.000000e+00 0.000000e+00 4.707681e-03 7.116640e-03 7.983982e-03 8.271884e-03 8.317924e-03 8.157448e-03 7.989087e-03 8.067171e-03 7.877422e-03 1.142500e-02 1.448904e-02 0.000000e+00 6.787529e-03 6.562725e-03 4.339985e-03 6.144040e-03 6.746245e-03 6.926270e-03 7.075160e-03 7.162978e-03 7.187797e-03 7.216539e-03 7.261538e-03 7.264280e-03 7.206486e-03 7.151562e-03
6.231849e-03 6.236736e-03 6.066253e-03 5.754700e-03 5.573584e-03 5.548869e-03 5.579560e-03 5.659442e-03 5.766231e-03 9.077295e-03 6.012319e-03 6.138465e-03 9.637271e-03 5.896647e-03 5.767055e-03 9.200956e-03 7.582366e-03 6.218991e-03 6.315380e-03 6.506832e-03 6.515119e-03 6.207175e-03 6.124196e-03 6.494950e-03 0.000000e+00 1.036113e-03 4.993008e-03 7.203590e-03 7.948501e-03 8.075749e-03 8.067595e-03 8.051078e-03 8.046188e-03 8.053902e-03 7.898264e-03 1.307947e-02 2.354445e-02 0.000000e+00 0.000000e+00 4.662132e-03 6.541047e-03 6.922118e-03 7.052563e-03 7.145762e-03 7.219615e-03 7.256044e-03 7.235249e-03 7.204891e-03 7.212943e-03 7.239621e-03 7.228822e-03 7.142503e-03
6.384460e-03 6.260482e-03 6.008979e-03 5.881075e-03 5.766979e-03 5.712363e-03 5.721765e-03 5.822505e-03 5.913362e-03 5.950571e-03 6.030085e-03 6.176229e-03 6.206507e-03 6.042541e-03 5.961089e-03 6.072606e-03 9.698340e-03 1.326096e-02 1.651620e-02 1.482677e-02 1.319192e-02 1.156455e-02 1.002519e-02 8.559729e-03 0.000000e+00 1.044863e-03 4.986935e-03 7.114091e-03 7.732513e-03 7.749904e-03 7.771149e-03 7.945988e-03 8.107376e-03 8.162538e-03 8.136048e-03 7.807980e-03 1.809812e-02 2.242266e-02 0.000000e+00 7.259521e-03 7.729018e-03 7.398363e-03 7.354278e-03 7.333682e-03 7.311144e-03 7.313102e-03 7.295809e-03 7.222361e-03 7.133865e-03 7.090807e-03 7.069011e-03 6.962761e-03
6.379095e-03 5.711075e-03 5.881221e-03 5.822537e-03 5.804742e-03 5.766626e-03 5.768440e-03 5.865417e-03 5.950083e-03 5.979861e-03 6.045502e-03 6.166700e-03 6.209333e-03 6.127767e-03 6.099829e-03 6.197206e-03 6.331586e-03 6.482606e-03 6.643085e-03 1.079427e-02 9.046967e-03 7.603594e-03 6.964912e-03 7.093438e-03 0.000000e+00 1.049304e-03 4.965596e-03 7.006140e-03 7.541417e-03 7.537200e-03 2.385334e-02 2.196096e-02 2.001942e-02 2.675036e-02 2.693457e-02 2.588538e-02 2.475043e-02 5.971752e-02 0.000000e+00 0.000000e+00 8.220171e-03 7.792327e-03 7.542949e-03 7.434297e-03 7.345360e-03 7.316439e-03 7.301764e-03 7.217546e-03 7.067851e-03 6.960614e-03 6.925673e-03 6.815535e-03
4.217171e-03 5.878448e-03 5.586350e-03 5.594935e-03 5.722678e-03 5.729717e-03 5.737386e-03 5.808327e-03 5.889039e-03 5.962506e-03 6.043361e-03 6.120699e-03 6.166539e-03 6.172166e-03 6.198442e-03 6.274245e-03 6.386873e-03 6.542377e-03 6.718865e-03 6.898573e-03 1.128981e-02 1.205869e-02 1.256938e-02 1.664107e-02 0.000000e+00 4.748219e-03 7.072414e-03 1.179326e-02 1.596414e-02 2.022323e-02 7.615318e-03 1.213123e-02 1.590118e-02 8.197478e-03 8.344213e-03 1.360750e-02 1.774888e-02 1.497412e-02 6.463632e-02 0.000000e+00 0.000000e+00 7.945587e-03 7.657678e-03 7.421744e-03 7.320953e-03 7.265382e-03 7.221819e-03 7.150941e-03 7.019337e-03 6.919017e-03 6.910382e-03 2.956003e-02
5.841641e-03 5.654624e-03 4.986529e-03 5.404453e-03 5.566521e-03 5.631441e-03 5.649188e-03 5.666442e-03 5.734146e-03 5.903349e-03 6.016487e-03 6.062965e-03 6.121916e-03 6.210706e-03 6.293521e-03 6.363456e-03 6.463110e-03 6.608032e-03 6.780528e-03 6.966835e-03 4.486148e-03 4.489848e-03 7.193357e-03 4.668833e-03 0.000000e+00 4.776794e-03 7.107620e-03 7.591064e-03 7.529319e-03 7.393112e-03 6.879063e-03 7.065714e-03 7.240059e-03 7.371081e-03 7.543463e-03 7.777646e-03 7.813682e-03 8.478507e-03 7.497409e-03 6.510170e-02 0.000000e+00 0.000000e+00 7.442792e-03 7.223140e-03 7.208040e-03 7.189574e-03 7.143399e-03 7.101743e-03 7.012252e-03 6.903326e-03 6.855067e-03 3.162442e-02
6.034064e-03 3.678098e-03 5.019317e-03 4.945272e-03 5.163417e-03 5.265046e-03 5.286681e-03 5.240126e-03 5.578912e-03 5.739367e-03 5.895411e-03 5.970724e-03 6.035961e-03 6.176959e-03 6.316800e-03 6.418722e-03 6.536251e-03 6.686277e-03 6.849189e-03 4.465759e-03 6.484977e-03 6.955811e-03 4.500162e-03 6.747640e-03 0.000000e+00 4.740817e-03 7.020504e-03 7.470517e-03 6.739472e-03 4.602881e-03 4.638971e-03 4.706049e-03 4.781693e-03 4.853356e-03 4.947889e-03 5.067068e-03 8.793736e-03 1.230958e-02 1.052709e-02 8.734459e-03 6.836193e-02 0.000000e+00 6.447929e-03 6.686134e-03 6.968578e-03 7.090965e-03 7.105635e-03 7.108684e-03 7.065852e-03 6.896452e-03 3.270465e-02 6.686666e-03
5.809811e-03 5.272273e-03 3.476089e-03 3.629416e-03 3.747251e-03 3.820913e-03 3.815875e-03 5.317332e-03 5.062831e-03 5.255540e-03 5.685626e-03 5.719382e-03 5.799516e-03 5.991519e-03 6.172497e-03 6.334717e-03 6.515418e-03 6.682612e-03 4.442188e-03 6.486703e-03 7.037405e-03 7.017228e-03 7.043330e-03 7.298184e-03 0.000000e+00 4.688174e-03 6.912082e-03 4.605635e-03 4.570682e-03 6.698380e-03 7.308748e-03 7.455552e-03 7.596569e-03 7.813393e-03 8.089898e-03 8.418091e-03 5.058986e-03 5.091380e-03 7.673928e-03 7.852050e-03 6.498519e-03 0.000000e+00 0.000000e+00 6.133326e-03 6.677931e-03 6.943147e-03 7.014435e-03 7.019837e-03 6.997819e-03 3.405601e-02 6.551164e-03 2.487506e-02
5.524130e-03 5.146596e-03 4.875552e-03 4.904614e-03 5.044613e-03 5.209745e-03 5.259071e-03 3.621556e-03 3.638566e-03 5.218566e-03 5.115137e-03 5.165232e-03 5.513513e-03 5.669008e-03 5.891216e-03 6.136498e-03 6.045805e-03 4.406481e-03 6.439443e-03 7.051465e-03 7.153822e-03 7.067195e-03 7.049184e-03 7.215981e-03 0.000000e+00 4.642011e-03 6.843373e-03 7.426295e-03 7.457726e-03 7.411106e-03 7.371352e-03 7.337600e-03 7.381400e-03 7.540037e-03 7.788785e-03 8.100032e-03 8.398473e-03 8.652085e-03 1.441775e-02 1.533533e-02 1.338976e-02 1.132545e-02 0.000000e+00 0.000000e+00 6.345470e-03 1.121591e-02 4.338199e-03 6.758589e-03 3.532337e-02 6.463769e-03 2.642618e-02 7.221659e-03
5.153670e-03 4.991324e-03 4.902913e-03 4.900780e-03 4.948799e-03 5.031061e-03 5.039747e-03 4.924390e-03 4.881859e-03 3.608346e-03 3.665471e-03 5.088347e-03 4.968346e-03 5.125589e-03 5.364541e-03 4.157257e-03 4.294329e-03 6.290073e-03 6.952548e-03 7.135921e-03 7.170359e-03 7.112935e-03 7.084741e-03 7.154851e-03 0.000000e+00 4.620554e-03 6.855616e-03 7.556305e-03 7.672563e-03 7.600963e-03 7.482373e-03 7.354197e-03 7.288065e-03 7.321721e-03 7.485619e-03 7.780302e-03 8.082175e-03 8.333681e-03 4.968515e-03 4.942377e-03 7.231615e-03 7.091111e-03 1.263723e-02 0.000000e+00 5.970202e-03 1.160457e-02 6.634397e-03 3.419067e-02 6.399276e-03 2.487478e-02 7.079777e-03 7.233968e-03
4.776413e-03 4.809488e-03 4.904027e-03 4.963358e-03 4.982180e-03 4.959384e-03 4.902181e-03 4.816709e-03 4.757783e-03 4.749831e-03 4.790091e-03 3.530673e-03 3.603827e-03 3.695994e-03 3.866616e-03 5.597363e-03 6.317340e-03 6.734849e-03 6.990516e-03 7.091335e-03 7.098301e-03 7.048488e-03 1.132944e-02 1.205291e-02 0.000000e+00 4.627319e-03 6.912001e-03 7.719984e-03 7.915165e-03 7.839038e-03 7.663419e-03 7.455969e-03 7.290675e-03 7.200343e-03 7.242463e-03 7.447042e-03 7.721395e-03 7.997599e-03 8.239327e-03 8.434821e-03 8.409191e-03 8.085969e-03 7.367185e-03 0.000000e+00 0.000000e+00 1.527877e-02 3.306622e-02 6.462568e-03 2.328158e-02 1.164512e-02 7.312703e-03 7.355984e-03
3.316993e-03 4.515962e-03 4.911125e-03 5.082603e-03 5.121751e-03 5.011908e-03 4.896240e-03 4.852231e-03 4.772710e-03 4.587628e-03 4.489232e-03 4.575275e-03 4.775587e-03 5.040971e-03 5.398866e-03 5.847802e-03 6.283883e-03 6.673609e-03 6.917699e-03 6.979133e-03 6.933534e-03 6.830502e-03 4.405427e-03 0.000000e+00 0.000000e+00 4.627050e-03 6.932798e-03 7.813063e-03 8.084789e-03 8.056631e-03 7.882284e-03 7.627627e-03 7.382174e-03 7.186175e-03 7.086048e-03 7.113142e-03 7.305999e-03 7.646378e-03 7.988835e-03 8.270672e-03 8.411801e-03 8.342405e-03 8.052559e-03 7.317571e-03 0.000000e+00 0.000000e+00 3.362552e-02 2.168704e-02 9.825262e-03 4.506934e-03 4.594558e-03 6.774661e-03
-9.999000e+03 -9.999000e+03 -9.999000e+03 -9.999000e+03 -9.999000e+03 -9.999000e+03 -9.999000e+03 3.578860e-03 3.512401e-03 3.322156e-03 3.235826e-03 3.312951e-03 4.520065e-03 5.072277e-03 5.490940e-03 5.856974e-03 6.209624e-03 6.571777e-03 6.796314e-03 6.817109e-03 6.729778e-03 6.585459e-03 6.633099e-03 0.000000e+00 1.003869e-03 4.813120e-03 6.907349e-03 7.806866e-03 8.161455e-03 8.232909e-03 8.116671e-03 7.848228e-03 7.534453e-03 7.228306e-03 6.985682e-03 6.841525e-03 6.929189e-03 7.282970e-03 7.699155e-03 8.066771e-03 8.322319e-03 8.448823e-03 8.318208e-03 7.872902e-03 6.840066e-03 0.000000e+00 0.000000e+00 8.386899e-03 6.651493e-03 6.810044e-03 7.487941e-03 4.668571e-03
-9.999000e+03 -9.999000e+03 -9.999000e+03 -9.999000e+03 -9.999000e+03 -9.999000e+03 -9.999000e+03 -9.999000e+03 -9.999000e+03 -9.999000e+03 4.297533e-03 4.326222e-03 3.525515e-03 3.798690e-03 5.382862e-03 5.862111e-03 6.119861e-03 6.441171e-03 6.642087e-03 6.620458e-03 6.516572e-03 6.403839e-03 6.508496e-03 0.000000e+00 1.001394e-03 4.772199e-03 6.817859e-03 7.723987e-03 8.145872e-03 8.335719e-03 8.316393e-03 8.074793e-03 7.721022e-03 7.320992e-03 6.977778e-03 6.747219e-03 6.733814e-03 6.968861e-03 7.343308e-03 7.788324e-03 8.159167e-03 8.395250e-03 8.410489e-03 8.131039e-03 7.466875e-03 6.302460e-03 0.000000e+00 0.000000e+00 7.472247e-03 7.748353e-03 -9.999000e+03 -9.999000e+03
