tests/data/reference/test_sheet_stream/mrsearstr_pa.asc
ncols	123
nrows	77
xllcorner	-713746.79929998
yllcorner	-1061022.36961616
cellsize	10.0
NODATA_value	-9999
[rows 46 to 68 of 77, columns 0 to 51 of 123]
-9.999000e+03 -9.999000e+03 -9.999000e+03 -9.999000e+03 -9.999000e+03 -9.999000e+03 6.007130e-01 1.070007e+00 1.005831e+00 1.081476e+00 9.662237e-01 1.249151e+00 1.397830e+00 1.411833e+00 1.400683e+00 1.371223e+00 1.397409e+00 1.448658e+00 1.602203e+00 1.947194e+00 2.229582e+00 2.334812e+00 2.353464e+00 2.252061e+00 2.348438e+00 2.607718e+00 2.666722e+00 2.493982e+00 2.441978e+00 2.501480e+00 2.520261e+00 5.194701e+00 5.368621e+00 2.754143e+00 2.996814e+00 3.284244e+00 3.629260e+00 3.980018e+00 4.260837e+00 4.506048e+00 4.638450e+00 4.643274e+00 4.643857e+00 4.702534e+00 4.632025e+00 4.400742e+00 4.213267e+00 4.031701e+00 3.730449e+00 3.324696e+00 3.112776e+00 3.180076e+00
-9.999000e+03 -9.999000e+03 -9.999000e+03 -9.999000e+03 -9.999000e+03 -9.999000e+03 1.372596e+00 9.046653e-01 1.154544e+00 1.286725e+00 1.174897e+00 1.443851e+00 1.570859e+00 1.626140e+00 1.631289e+00 1.532686e+00 1.395383e+00 1.320454e+00 1.434392e+00 1.764511e+00 1.775833e+00 1.931878e+00 2.013766e+00 2.006812e+00 2.401683e+00 2.666819e+00 2.709571e+00 4.682843e+00 4.840768e+00 5.232299e+00 5.395558e+00 2.656416e+00 2.757869e+00 2.963834e+00 3.202396e+00 3.437520e+00 3.708774e+00 4.016739e+00 4.269415e+00 4.514416e+00 4.734943e+00 4.894017e+00 4.999670e+00 5.067256e+00 5.002156e+00 4.764443e+00 4.520319e+00 4.325401e+00 4.099586e+00 3.745413e+00 3.412791e+00 3.260416e+00
-9.999000e+03 -9.999000e+03 -9.999000e+03 -9.999000e+03 -9.999000e+03 4.738771e-01 7.909592e-01 1.224707e+00 1.061564e+00 1.107641e+00 1.292302e+00 1.405103e+00 1.555527e+00 1.660526e+00 1.690691e+00 1.626837e+00 1.482267e+00 1.353477e+00 1.438228e+00 1.740276e+00 2.374202e+00 2.945694e+00 3.463072e+00 3.926404e+00 4.247599e+00 4.623494e+00 4.890388e+00 2.650958e+00 2.647964e+00 2.779190e+00 2.821206e+00 2.789501e+00 2.893042e+00 3.068949e+00 3.243438e+00 3.406970e+00 3.625671e+00 3.942528e+00 4.209340e+00 4.429058e+00 4.657145e+00 4.875701e+00 5.058027e+00 5.191085e+00 5.207700e+00 5.061075e+00 4.814776e+00 4.546466e+00 4.344258e+00 4.110950e+00 3.784816e+00 3.493159e+00
-9.999000e+03 -9.999000e+03 -9.999000e+03 -9.999000e+03 9.016602e-01 8.229144e-01 1.143945e+00 1.355508e+00 9.276526e-01 8.407976e-01 1.026329e+00 1.146594e+00 1.364211e+00 1.501819e+00 1.584635e+00 1.620810e+00 1.564138e+00 1.437219e+00 1.523104e+00 1.817422e+00 2.081882e+00 2.299211e+00 2.547272e+00 2.788747e+00 2.886850e+00 2.886639e+00 2.902652e+00 2.887133e+00 2.857913e+00 2.887801e+00 2.906986e+00 2.864598e+00 2.869731e+00 2.932082e+00 3.030007e+00 3.150513e+00 3.355404e+00 3.711080e+00 4.043358e+00 4.287549e+00 4.479498e+00 4.654429e+00 4.851761e+00 5.047391e+00 5.176194e+00 5.189104e+00 5.031159e+00 4.727344e+00 4.509439e+00 4.395627e+00 4.142800e+00 3.781569e+00
-9.999000e+03 -9.999000e+03 -9.999000e+03 -9.999000e+03 5.746781e-01 1.005788e+00 1.155411e+00 1.086003e+00 8.248914e-01 6.970294e-01 8.518589e-01 1.102900e+00 1.040382e+00 1.378061e+00 1.529822e+00 1.629401e+00 1.605604e+00 1.466850e+00 1.548870e+00 1.853941e+00 2.178063e+00 2.473806e+00 2.777679e+00 3.101375e+00 3.233598e+00 3.206647e+00 3.238432e+00 3.286651e+00 3.242360e+00 3.182052e+00 3.185779e+00 3.166529e+00 3.122911e+00 3.088929e+00 3.090976e+00 3.135681e+00 3.257753e+00 3.526078e+00 3.854860e+00 4.152533e+00 4.316534e+00 4.393616e+00 4.543750e+00 4.749296e+00 4.946326e+00 5.090800e+00 5.055266e+00 4.817075e+00 4.640825e+00 4.622768e+00 4.434980e+00 4.044429e+00
-9.999000e+03 -9.999000e+03 -9.999000e+03 5.037398e-01 5.931676e-01 8.874672e-01 7.835067e-01 7.351933e-01 6.093828e-01 6.924660e-01 8.394056e-01 8.390830e-01 8.983280e-01 1.254115e+00 1.481712e+00 1.610691e+00 1.609534e+00 1.488755e+00 1.548278e+00 1.849534e+00 2.336933e+00 2.692400e+00 3.078226e+00 3.419844e+00 3.610771e+00 3.635603e+00 3.699945e+00 3.794381e+00 3.767251e+00 3.661920e+00 3.628380e+00 3.617032e+00 3.579467e+00 3.502906e+00 3.410972e+00 3.354458e+00 3.344100e+00 3.437486e+00 3.699495e+00 4.043284e+00 4.182261e+00 4.138796e+00 4.194475e+00 4.351164e+00 4.562399e+00 4.796116e+00 4.899504e+00 4.816616e+00 4.702033e+00 4.712907e+00 4.574827e+00 4.230682e+00
-9.999000e+03 -9.999000e+03 -9.999000e+03 4.132064e-01 6.263819e-01 6.736277e-01 5.417917e-01 4.098732e-01 4.645417e-01 5.033423e-01 6.195016e-01 6.748978e-01 7.203552e-01 1.094586e+00 1.374532e+00 1.508660e+00 1.545950e+00 1.473842e+00 1.459556e+00 2.008095e+00 1.813753e+00 2.510478e+00 2.931080e+00 3.311250e+00 3.605402e+00 3.740546e+00 3.844157e+00 3.954403e+00 3.939024e+00 3.805699e+00 3.721352e+00 3.694419e+00 3.698895e+00 3.690235e+00 3.641759e+00 3.602506e+00 3.540568e+00 3.484851e+00 3.651512e+00 4.016680e+00 4.165595e+00 4.063643e+00 4.027388e+00 4.080009e+00 4.222982e+00 4.446186e+00 4.627365e+00 4.562932e+00 4.555196e+00 4.510386e+00 4.389813e+00 7.025684e+00
-9.999000e+03 -9.999000e+03 2.619126e-01 2.344665e-01 5.595952e-01 5.453397e-01 2.960724e-01 2.318305e-01 2.826272e-01 2.049336e-01 3.361525e-01 4.398567e-01 4.941968e-01 8.934965e-01 1.193498e+00 1.330579e+00 1.435492e+00 1.434296e+00 1.478426e+00 1.233514e+00 1.305285e+00 1.862628e+00 2.312650e+00 2.746789e+00 3.183323e+00 3.481564e+00 3.640683e+00 3.753890e+00 3.749263e+00 3.600498e+00 3.461962e+00 3.406999e+00 3.481746e+00 3.622122e+00 3.723149e+00 3.801141e+00 3.787850e+00 3.667434e+00 3.713944e+00 4.019958e+00 4.208427e+00 4.156135e+00 4.062279e+00 3.986640e+00 4.016506e+00 4.171495e+00 3.516633e+00 3.670157e+00 3.693813e+00 3.598910e+00 7.593936e+00 4.240295e+00
-9.999000e+03 -9.999000e+03 2.536243e-01 4.685788e-01 5.273624e-01 3.096656e-01 1.777445e-01 3.011370e-01 2.656013e-01 4.906023e-02 2.284822e-01 2.959418e-01 3.354830e-01 7.002924e-01 9.435116e-01 1.031597e+00 1.152887e+00 1.237104e+00 1.067601e+00 8.766317e-01 8.055007e-01 1.209750e+00 1.628939e+00 2.017370e+00 2.474144e+00 2.902809e+00 3.185010e+00 3.369270e+00 3.434149e+00 3.348112e+00 3.210088e+00 3.110842e+00 3.192670e+00 3.401843e+00 3.579897e+00 3.724492e+00 3.771546e+00 3.699084e+00 3.729299e+00 3.945285e+00 4.123291e+00 4.157850e+00 4.105754e+00 4.018264e+00 4.040835e+00 4.199252e+00 4.351998e+00 4.516996e+00 7.562768e+00 7.952121e+00 4.267456e+00 4.257569e+00
-9.999000e+03 1.954408e-01 7.098936e-01 5.886765e-01 4.517495e-01 1.049024e-01 3.459853e-01 3.423572e-01 -9.999000e+03 -9.999000e+03 -9.999000e+03 2.201793e-01 2.757391e-01 5.250546e-01 6.653399e-01 6.739120e-01 7.473493e-01 8.857110e-01 7.423268e-01 3.573754e-01 2.914243e-01 5.793513e-01 9.472208e-01 1.221680e+00 1.579389e+00 2.058808e+00 2.480542e+00 2.800669e+00 2.982676e+00 3.014355e+00 2.936144e+00 2.814590e+00 2.863332e+00 3.079069e+00 3.277293e+00 3.443933e+00 3.523107e+00 3.521505e+00 3.640784e+00 3.858714e+00 3.997518e+00 4.062164e+00 4.080721e+00 4.057110e+00 4.139648e+00 4.344384e+00 5.709271e+00 6.815802e+00 4.524258e+00 4.333150e+00 4.319761e+00 4.429008e+00
-9.999000e+03 4.683700e-01 3.857189e-01 4.453445e-01 2.660701e-01 2.849927e-01 -9.999000e+03 -9.999000e+03 -9.999000e+03 -9.999000e+03 -9.999000e+03 -9.999000e+03 3.276831e-01 4.678176e-01 5.916105e-01 6.467627e-01 6.735346e-01 8.630481e-01 7.335471e-01 3.207431e-01 2.093761e-01 2.253644e-01 3.983734e-01 6.673160e-01 1.000821e+00 1.385084e+00 1.785635e+00 2.153508e+00 2.389110e+00 2.499793e+00 2.553733e+00 2.478248e+00 2.552443e+00 2.801709e+00 3.032453e+00 3.227576e+00 3.316154e+00 3.304404e+00 3.480442e+00 3.807210e+00 3.983398e+00 4.027686e+00 4.052803e+00 4.059510e+00 4.183490e+00 4.432381e+00 4.581554e+00 4.624082e+00 4.562506e+00 4.396731e+00 4.474198e+00 4.734005e+00
5.129256e-01 9.532133e-01 4.879236e-01 2.760630e-01 8.889821e-02 4.659484e-01 -9.999000e+03 -9.999000e+03 -9.999000e+03 -9.999000e+03 -9.999000e+03 -9.999000e+03 -9.999000e+03 -9.999000e+03 -9.999000e+03 7.117517e-01 8.972296e-01 8.274981e-01 7.138375e-01 5.602268e-01 5.832714e-01 -9.999000e+03 -9.999000e+03 3.977918e-01 6.751313e-01 8.819633e-01 1.140971e+00 1.434226e+00 1.596637e+00 1.917576e+00 2.004070e+00 2.092199e+00 2.241252e+00 2.549119e+00 2.816264e+00 3.025314e+00 3.123116e+00 3.094087e+00 3.295772e+00 3.740719e+00 3.989755e+00 4.003919e+00 4.005025e+00 4.018524e+00 4.160861e+00 4.448019e+00 4.648673e+00 4.726167e+00 4.669973e+00 4.512136e+00 4.686065e+00 5.131429e+00
3.185236e-01 2.443620e-01 2.076924e-01 2.056804e-01 4.869618e-01 -9.999000e+03 -9.999000e+03 -9.999000e+03 -9.999000e+03 -9.999000e+03 -9.999000e+03 -9.999000e+03 -9.999000e+03 -9.999000e+03 -9.999000e+03 -9.999000e+03 -9.999000e+03 -9.999000e+03 -9.999000e+03 -9.999000e+03 -9.999000e+03 -9.999000e+03 -9.999000e+03 3.428423e-01 5.988694e-01 7.169457e-01 9.953909e-01 1.304282e+00 1.402035e+00 1.166661e+00 1.410249e+00 1.550360e+00 1.791232e+00 2.184599e+00 2.476701e+00 2.651296e+00 2.766773e+00 2.844083e+00 3.076010e+00 3.594597e+00 3.797960e+00 3.812353e+00 3.908910e+00 3.860704e+00 3.954011e+00 4.202388e+00 4.386352e+00 4.511118e+00 4.487372e+00 4.335874e+00 4.582537e+00 5.289515e+00
-9.999000e+03 5.407378e-01 4.673559e-01 7.104905e-01 -9.999000e+03 -9.999000e+03 -9.999000e+03 -9.999000e+03 -9.999000e+03 -9.999000e+03 -9.999000e+03 -9.999000e+03 -9.999000e+03 -9.999000e+03 -9.999000e+03 -9.999000e+03 -9.999000e+03 -9.999000e+03 -9.999000e+03 -9.999000e+03 -9.999000e+03 -9.999000e+03 -9.999000e+03 -9.999000e+03 -9.999000e+03 -9.999000e+03 8.853518e-01 1.071191e+00 1.168163e+00 8.997741e-01 7.640218e-01 9.190072e-01 1.215601e+00 1.653080e+00 1.881794e+00 1.939996e+00 2.410383e+00 2.522711e+00 2.810385e+00 2.839221e+00 3.065946e+00 3.756114e+00 3.651726e+00 3.605089e+00 3.723367e+00 3.714734e+00 3.800056e+00 3.879478e+00 4.027682e+00 3.912320e+00 4.247266e+00 5.004842e+00
-9.999000e+03 -9.999000e+03 -9.999000e+03 -9.999000e+03 -9.999000e+03 -9.999000e+03 -9.999000e+03 -9.999000e+03 -9.999000e+03 -9.999000e+03 -9.999000e+03 -9.999000e+03 -9.999000e+03 -9.999000e+03 -9.999000e+03 -9.999000e+03 -9.999000e+03 -9.999000e+03 -9.999000e+03 -9.999000e+03 -9.999000e+03 -9.999000e+03 -9.999000e+03 -9.999000e+03 -9.999000e+03 -9.999000e+03 -9.999000e+03 -9.999000e+03 9.651646e-01 7.693069e-01 6.120886e-01 7.389141e-01 1.048331e+00 1.702477e+00 1.949183e+00 1.825338e+00 1.671601e+00 1.958547e+00 2.256239e+00 3.028667e+00 3.374291e+00 2.866062e+00 2.931573e+00 3.600253e+00 2.984213e+00 2.993227e+00 2.960177e+00 3.546234e+00 3.493598e+00 3.665940e+00 3.336019e+00 4.025184e+00
-9.999000e+03 -9.999000e+03 -9.999000e+03 -9.999000e+03 -9.999000e+03 -9.999000e+03 -9.999000e+03 -9.999000e+03 -9.999000e+03 -9.999000e+03 -9.999000e+03 -9.999000e+03 -9.999000e+03 -9.999000e+03 -9.999000e+03 -9.999000e+03 -9.999000e+03 -9.999000e+03 -9.999000e+03 -9.999000e+03 -9.999000e+03 -9.999000e+03 -9.999000e+03 -9.999000e+03 -9.999000e+03 -9.999000e+03 -9.999000e+03 -9.999000e+03 -9.999000e+03 6.848103e-01 7.823373e-01 9.817728e-01 1.346547e+00 1.660074e+00 1.759909e+00 1.516397e+00 1.531212e+00 1.848797e+00 2.447152e+00 2.787353e+00 2.970540e+00 3.039851e+00 3.223938e+00 2.877593e+00 3.505019e+00 3.602457e+00 3.467286e+00 2.634366e+00 3.260499e+00 2.986738e+00 3.942553e+00 4.695860e+00
-9.999000e+03 -9.999000e+03 -9.999000e+03 -9.999000e+03 -9.999000e+03 -9.999000e+03 -9.999000e+03 -9.999000e+03 -9.999000e+03 -9.999000e+03 -9.999000e+03 -9.999000e+03 -9.999000e+03 -9.999000e+03 -9.999000e+03 -9.999000e+03 -9.999000e+03 -9.999000e+03 -9.999000e+03 -9.999000e+03 -9.999000e+03 -9.999000e+03 -9.999000e+03 -9.999000e+03 -9.999000e+03 -9.999000e+03 -9.999000e+03 -9.999000e+03 -9.999000e+03 -9.999000e+03 1.083090e+00 -9.999000e+03 -9.999000e+03 -9.999000e+03 -9.999000e+03 -9.999000e+03 -9.999000e+03 -9.999000e+03 2.099476e+00 2.566833e+00 2.665472e+00 2.612505e+00 2.790095e+00 3.194924e+00 3.428658e+00 3.467523e+00 3.276254e+00 2.863657e+00 2.484340e+00 3.538629e+00 4.107122e+00 4.416715e+00
-9.999000e+03 -9.999000e+03 -9.999000e+03 -9.999000e+03 -9.999000e+03 -9.999000e+03 -9.999000e+03 -9.999000e+03 -9.999000e+03 -9.999000e+03 -9.999000e+03 -9.999000e+03 -9.999000e+03 -9.999000e+03 -9.999000e+03 -9.999000e+03 -9.999000e+03 -9.999000e+03 -9.999000e+03 -9.999000e+03 -9.999000e+03 -9.999000e+03 -9.999000e+03 -9.999000e+03 -9.999000e+03 -9.999000e+03 -9.999000e+03 -9.999000e+03 -9.999000e+03 -9.999000e+03 -9.999000e+03 -9.999000e+03 -9.999000e+03 -9.999000e+03 -9.999000e+03 -9.999000e+03 -9.999000e+03 -9.999000e+03 -9.999000e+03 -9.999000e+03 -9.999000e+03 2.124823e+00 2.248098e+00 2.606492e+00 3.270759e+00 3.350848e+00 3.138196e+00 2.697996e+00 2.867889e+00 3.682140e+00 4.085137e+00 3.999945e+00
-9.999000e+03 -9.999000e+03 -9.999000e+03 -9.999000e+03 -9.999000e+03 -9.999000e+03 -9.999000e+03 -9.999000e+03 -9.999000e+03 -9.999000e+03 -9.999000e+03 -9.999000e+03 -9.999000e+03 -9.999000e+03 -9.999000e+03 -9.999000e+03 -9.999000e+03 -9.999000e+03 -9.999000e+03 -9.999000e+03 -9.999000e+03 -9.999000e+03 -9.999000e+03 -9.999000e+03 -9.999000e+03 -9.999000e+03 -9.999000e+03 -9.999000e+03 -9.999000e+03 -9.999000e+03 -9.999000e+03 -9.999000e+03 -9.999000e+03 -9.999000e+03 -9.999000e+03 -9.999000e+03 -9.999000e+03 -9.999000e+03 -9.999000e+03 -9.999000e+03 -9.999000e+03 -9.999000e+03 -9.999000e+03 -9.999000e+03 2.874083e+00 2.776242e+00 3.044714e+00 2.784590e+00 2.497541e+00 3.651890e+00 3.938365e+00 3.482455e+00
-9.999000e+03 -9.999000e+03 -9.999000e+03 -9.999000e+03 -9.999000e+03 -9.999000e+03 -9.999000e+03 -9.999000e+03 -9.999000e+03 -9.999000e+03 -9.999000e+03 -9.999000e+03 -9.999000e+03 -9.999000e+03 -9.999000e+03 -9.999000e+03 -9.999000e+03 -9.999000e+03 -9.999000e+03 -9.999000e+03 -9.999000e+03 -9.999000e+03 -9.999000e+03 -9.999000e+03 -9.999000e+03 -9.999000e+03 -9.999000e+03 -9.999000e+03 -9.999000e+03 -9.999000e+03 -9.999000e+03 -9.999000e+03 -9.999000e+03 -9.999000e+03 -9.999000e+03 -9.999000e+03 -9.999000e+03 -9.999000e+03 -9.999000e+03 -9.999000e+03 -9.999000e+03 -9.999000e+03 -9.999000e+03 -9.999000e+03 -9.999000e+03 -9.999000e+03 -9.999000e+03 -9.999000e+03 -9.999000e+03 -9.999000e+03 3.130027e+00 2.971447e+00
-9.999000e+03 -9.999000e+03 -9.999000e+03 -9.999000e+03 -9.999000e+03 -9.999000e+03 -9.999000e+03 -9.999000e+03 -9.999000e+03 -9.999000e+03 -9.999000e+03 -9.999000e+03 -9.999000e+03 -9.999000e+03 -9.999000e+03 -9.999000e+03 -9.999000e+03 -9.999000e+03 -9.999000e+03 -9.999000e+03 -9.999000e+03 -9.999000e+03 -9.999000e+03 -9.999000e+03 -9.999000e+03 -9.999000e+03 -9.999000e+03 -9.999000e+03 -9.999000e+03 -9.999000e+03 -9.999000e+03 -9.999000e+03 -9.999000e+03 -9.999000e+03 -9.999000e+03 -9.999000e+03 -9.999000e+03 -9.999000e+03 -9.999000e+03 -9.999000e+03 -9.999000e+03 -9.999000e+03 -9.999000e+03 -9.999000e+03 -9.999000e+03 -9.999000e+03 -9.999000e+03 -9.999000e+03 -9.999000e+03 -9.999000e+03 -9.999000e+03 2.305627e+00
-9.999000e+03 -9.999000e+03 -9.999000e+03 -9.999000e+03 -9.999000e+03 -9.999000e+03 -9.999000e+03 -9.999000e+03 -9.999000e+03 -9.999000e+03 -9.999000e+03 -9.999000e+03 -9.999000e+03 -9.999000e+03 -9.999000e+03 -9.999000e+03 -9.999000e+03 -9.999000e+03 -9.999000e+03 -9.999000e+03 -9.999000e+03 -9.999000e+03 -9.999000e+03 -9.999000e+03 -9.999000e+03 -9.999000e+03 -9.999000e+03 -9.999000e+03 -9.999000e+03 -9.999000e+03 -9.999000e+03 -9.999000e+03 -9.999000e+03 -9.999000e+03 -9.999000e+03 -9.999000e+03 -9.999000e+03 -9.999000e+03 -9.999000e+03 -9.999000e+03 -9.999000e+03 -9.999000e+03 -9.999000e+03 -9.999000e+03 -9.999000e+03 -9.999000e+03 -9.999000e+03 -9.999000e+03 -9.999000e+03 -9.999000e+03 -9.999000e+03 -9.999000e+03
-9.999000e+03 -9.999000e+03 -9.999000e+03 -9.999000e+03 -9.999000e+03 -9.999000e+03 -9.999000e+03 -9.999000e+03 -9.999000e+03 -9.999000e+03 -9.999000e+03 -9.999000e+03 -9.999000e+03 -9.999000e+03 -9.999000e+03 -9.999000e+03 -9.999000e+03 -9.999000e+03 -9.999000e+03 -9.999000e+03 -9.999000e+03 -9.999000e+03 -9.999000e+03 -9.999000e+03 -9.999000e+03 -9.999000e+03 -9.999000e+03 -9.999000e+03 -9.999000e+03 -9.999000e+03 -9.999000e+03 -9.999000e+03 -9.999000e+03 -9.999000e+03 -9.999000e+03 -9.999000e+03 -9.999000e+03 -9.999000e+03 -9.999000e+03 -9.999000e+03 -9.999000e+03 -9.999000e+03 -9.999000e+03 -9.999000e+03 -9.999000e+03 -9.999000e+03 -9.999000e+03 -9.999000e+03 -9.999000e+03 -9.999000e+03 -9.999000e+03 -9.999000e+03
