tests/data/reference/test_sheet_stream/mrsearstr_pa.asc
ncols	123
nrows	77
xllcorner	-713746.79929998
yllcorner	-1061022.36961616
cellsize	10.0
NODATA_value	-9999
[rows 23 to 45 of 77, columns 52 to 103 of 123]
6.109564e+00 6.648149e+00 6.645120e+00 6.454875e+00 6.344594e+00 6.307583e+00 6.195542e+00 5.976983e+00 5.840420e+00 5.840624e+00 5.782459e+00 5.665987e+00 5.545092e+00 5.298654e+00 4.811057e+00 4.212342e+00 6.888641e+00 3.419028e+00 3.591847e+00 3.808509e+00 3.993430e+00 4.165431e+00 4.212224e+00 4.023519e+00 3.066277e+00 3.358258e+00 6.113683e+00 3.319660e+00 4.618263e+00 3.012972e+00 3.630174e+00 3.614117e+00 2.659506e+00 2.030899e+00 -9.999000e+03 -9.999000e+03 -9.999000e+03 -9.999000e+03 -9.999000e+03 -9.999000e+03 -9.999000e+03 -9.999000e+03 -9.999000e+03 -9.999000e+03 -9.999000e+03 -9.999000e+03 -9.999000e+03 -9.999000e+03 -9.999000e+03 -9.999000e+03 -9.999000e+03 -9.999000e+03
6.399244e+00 6.776778e+00 6.694956e+00 6.486152e+00 6.344927e+00 6.261756e+00 6.121324e+00 5.911733e+00 5.810826e+00 5.821236e+00 5.779651e+00 5.715764e+00 5.545614e+00 5.172983e+00 4.687928e+00 4.189576e+00 7.537560e+00 3.587471e+00 3.834166e+00 4.167648e+00 4.461889e+00 4.680326e+00 4.730695e+00 4.604765e+00 4.210551e+00 3.866736e+00 2.715945e+00 5.267208e+00 2.587445e+00 4.115777e+00 4.116947e+00 3.651590e+00 3.450029e+00 2.877234e+00 1.852379e+00 -9.999000e+03 -9.999000e+03 -9.999000e+03 -9.999000e+03 -9.999000e+03 -9.999000e+03 -9.999000e+03 -9.999000e+03 -9.999000e+03 -9.999000e+03 -9.999000e+03 -9.999000e+03 -9.999000e+03 -9.999000e+03 -9.999000e+03 -9.999000e+03 -9.999000e+03
6.946956e+00 6.898473e+00 6.820470e+00 6.583268e+00 6.301997e+00 6.058553e+00 5.860819e+00 5.768065e+00 5.824211e+00 5.922212e+00 5.914375e+00 5.782070e+00 5.449909e+00 4.987028e+00 4.621652e+00 4.377117e+00 8.695259e+00 4.097931e+00 4.252608e+00 4.522624e+00 4.817506e+00 5.037042e+00 5.074836e+00 4.967695e+00 4.761466e+00 4.479668e+00 4.004018e+00 6.357294e+00 2.900174e+00 3.092584e+00 5.258048e+00 3.004140e+00 3.493352e+00 3.706873e+00 3.357872e+00 2.444388e+00 1.968527e+00 1.927831e+00 -9.999000e+03 -9.999000e+03 -9.999000e+03 -9.999000e+03 -9.999000e+03 -9.999000e+03 -9.999000e+03 -9.999000e+03 -9.999000e+03 -9.999000e+03 -9.999000e+03 -9.999000e+03 -9.999000e+03 -9.999000e+03
6.790589e+00 7.032301e+00 6.826854e+00 6.489120e+00 6.124676e+00 5.852280e+00 5.726167e+00 5.806815e+00 5.946492e+00 6.023750e+00 5.967612e+00 5.736636e+00 5.378921e+00 5.015711e+00 4.755562e+00 4.575461e+00 9.438158e+00 4.278067e+00 4.382040e+00 4.611524e+00 4.860259e+00 5.044884e+00 5.085270e+00 5.047366e+00 5.000518e+00 4.935412e+00 4.824392e+00 6.964430e+00 4.176017e+00 3.663786e+00 5.249492e+00 2.985346e+00 3.420317e+00 3.865290e+00 3.916446e+00 3.438250e+00 2.763897e+00 2.103779e+00 2.376923e+00 1.878383e+00 -9.999000e+03 -9.999000e+03 -9.999000e+03 -9.999000e+03 -9.999000e+03 -9.999000e+03 -9.999000e+03 -9.999000e+03 -9.999000e+03 -9.999000e+03 -9.999000e+03 -9.999000e+03
7.252109e+00 5.389146e+00 6.643488e+00 6.195689e+00 5.871035e+00 5.760283e+00 5.813347e+00 5.982082e+00 6.073392e+00 6.049221e+00 5.931410e+00 5.704101e+00 5.468111e+00 5.259846e+00 5.008069e+00 4.664644e+00 9.572193e+00 4.081504e+00 4.192231e+00 4.403812e+00 4.563155e+00 4.687046e+00 4.751043e+00 4.834120e+00 4.991551e+00 5.156558e+00 5.265215e+00 7.005155e+00 4.953791e+00 4.534557e+00 6.076315e+00 3.629890e+00 3.409492e+00 3.398798e+00 3.492123e+00 4.068690e+00 2.537969e+00 2.248236e+00 2.440851e+00 2.339418e+00 2.153957e+00 1.005439e+00 -9.999000e+03 -9.999000e+03 -9.999000e+03 -9.999000e+03 -9.999000e+03 -9.999000e+03 -9.999000e+03 -9.999000e+03 -9.999000e+03 -9.999000e+03
7.235124e+00 6.492167e+00 6.381323e+00 5.970159e+00 4.489968e+00 5.774723e+00 5.882209e+00 6.065144e+00 6.159568e+00 6.124060e+00 5.993165e+00 5.773356e+00 5.554736e+00 5.324386e+00 4.980748e+00 4.535094e+00 9.645124e+00 4.081236e+00 4.270348e+00 4.503068e+00 4.642840e+00 4.729204e+00 4.761024e+00 4.836759e+00 5.040691e+00 5.319816e+00 5.551755e+00 6.689704e+00 5.378141e+00 5.088404e+00 6.228936e+00 4.110712e+00 3.560225e+00 3.260169e+00 3.213485e+00 3.419621e+00 3.014912e+00 2.766755e+00 2.228874e+00 2.540970e+00 0.000000e+00 1.671795e+00 7.207883e-01 5.434560e-01 -9.999000e+03 -9.999000e+03 -9.999000e+03 -9.999000e+03 -9.999000e+03 -9.999000e+03 -9.999000e+03 -9.999000e+03
6.942890e+00 6.471922e+00 6.146522e+00 5.923146e+00 4.575422e+00 5.564409e+00 5.854414e+00 6.084898e+00 6.285607e+00 6.294562e+00 6.154004e+00 5.882666e+00 5.542951e+00 5.114483e+00 4.634128e+00 4.260955e+00 4.183255e+00 1.017889e+01 4.666617e+00 4.967918e+00 5.159812e+00 5.214976e+00 5.144671e+00 5.085686e+00 5.174174e+00 5.445323e+00 5.705496e+00 6.048177e+00 5.490123e+00 5.239801e+00 5.839102e+00 4.426143e+00 3.932254e+00 3.533706e+00 3.228332e+00 3.083173e+00 2.966528e+00 2.900399e+00 2.783925e+00 0.000000e+00 0.000000e+00 3.632708e+00 2.079144e+00 8.422770e-01 4.146708e-01 -9.999000e+03 -9.999000e+03 -9.999000e+03 -9.999000e+03 -9.999000e+03 -9.999000e+03 -9.999000e+03
6.320687e+00 5.994548e+00 5.839890e+00 5.839493e+00 5.629821e+00 4.606132e+00 5.895296e+00 6.182840e+00 6.329098e+00 6.218749e+00 5.979930e+00 5.625927e+00 5.215486e+00 4.759096e+00 4.414740e+00 4.329385e+00 4.507925e+00 4.856630e+00 1.066000e+01 5.484131e+00 5.599767e+00 5.547928e+00 5.386871e+00 5.270210e+00 5.319439e+00 5.575281e+00 5.771028e+00 5.731974e+00 5.568861e+00 5.426412e+00 5.476656e+00 4.837285e+00 4.400977e+00 4.912960e+00 3.513411e+00 2.656482e+00 3.136016e+00 3.163850e+00 0.000000e+00 0.000000e+00 1.793022e+00 3.061260e+00 1.811083e+00 1.285601e+00 9.439739e-01 3.763310e-01 -9.999000e+03 -9.999000e+03 -9.999000e+03 -9.999000e+03 -9.999000e+03 -9.999000e+03
5.377924e+00 5.299390e+00 5.455819e+00 5.685059e+00 5.837570e+00 5.742112e+00 4.818413e+00 6.284233e+00 6.138533e+00 5.787069e+00 5.402609e+00 4.975697e+00 4.618755e+00 4.411229e+00 4.476766e+00 4.775096e+00 5.156800e+00 5.574119e+00 1.066000e+01 5.986884e+00 5.894690e+00 5.678819e+00 5.457803e+00 5.374529e+00 5.473522e+00 5.691762e+00 5.737377e+00 5.645525e+00 5.621253e+00 5.656770e+00 5.627163e+00 5.350747e+00 6.948874e+00 4.518753e+00 3.904711e+00 3.000011e+00 3.637152e+00 0.000000e+00 0.000000e+00 2.460769e+00 2.400556e+00 2.899609e+00 1.482159e+00 1.216834e+00 1.261691e+00 1.167604e+00 9.831751e-01 -9.999000e+03 -9.999000e+03 -9.999000e+03 -9.999000e+03 -9.999000e+03
4.176286e+00 4.395520e+00 4.759461e+00 5.108971e+00 4.229875e+00 5.695871e+00 5.921212e+00 5.739285e+00 5.806539e+00 5.500417e+00 5.186322e+00 4.863098e+00 4.684617e+00 4.709179e+00 4.941731e+00 5.308102e+00 5.654596e+00 5.948228e+00 1.066000e+01 5.969507e+00 5.790830e+00 5.590033e+00 5.456171e+00 5.474241e+00 5.618767e+00 5.755642e+00 5.638632e+00 5.453320e+00 5.446903e+00 5.540921e+00 5.620055e+00 8.553981e+00 5.144037e+00 4.880706e+00 4.335140e+00 3.340190e+00 0.000000e+00 0.000000e+00 2.999729e+00 3.178609e+00 2.875373e+00 3.826781e+00 1.819273e+00 1.318792e+00 1.540307e+00 1.675353e+00 1.661655e+00 1.136211e+00 3.951145e-01 -9.999000e+03 -9.999000e+03 -9.999000e+03
2.869017e+00 3.354399e+00 3.768460e+00 4.136806e+00 4.536454e+00 4.729995e+00 5.272551e+00 5.459715e+00 5.506729e+00 5.557016e+00 5.514541e+00 5.459963e+00 5.493439e+00 5.574376e+00 5.676354e+00 5.807482e+00 5.876445e+00 5.855059e+00 5.668153e+00 1.066000e+01 5.302629e+00 5.299169e+00 5.397860e+00 5.579027e+00 5.749666e+00 5.762948e+00 5.475619e+00 5.158222e+00 5.047072e+00 5.067320e+00 9.045465e+00 5.171276e+00 5.032391e+00 4.924587e+00 0.000000e+00 0.000000e+00 0.000000e+00 3.486241e+00 3.855237e+00 3.626277e+00 4.887870e+00 2.969495e+00 2.267139e+00 2.163407e+00 1.914480e+00 1.690957e+00 1.708985e+00 2.247380e+00 1.147972e+00 5.955152e-01 -9.999000e+03 -9.999000e+03
1.079000e+01 1.079000e+01 3.349240e+00 3.759701e+00 4.059547e+00 4.559274e+00 4.966938e+00 5.310984e+00 5.590226e+00 5.810676e+00 5.958555e+00 6.093383e+00 6.235010e+00 6.300388e+00 6.278428e+00 6.182160e+00 5.969604e+00 5.668521e+00 5.281060e+00 1.079000e+01 4.757300e+00 4.814993e+00 5.051296e+00 5.339682e+00 5.504172e+00 5.406638e+00 5.032644e+00 4.729167e+00 4.654609e+00 4.680341e+00 9.262542e+00 5.083229e+00 5.054732e+00 0.000000e+00 0.000000e+00 3.856398e+00 3.777029e+00 4.378038e+00 4.276014e+00 5.671111e+00 3.679581e+00 3.367430e+00 2.670126e+00 2.730765e+00 2.320702e+00 2.474029e+00 2.146749e+00 1.786885e+00 1.609007e+00 2.521913e+00 1.069475e+00 6.139101e-01
5.462559e+00 5.120042e+00 1.079000e+01 3.737214e+00 4.131886e+00 4.795062e+00 5.359080e+00 5.747044e+00 6.097231e+00 6.376708e+00 6.595214e+00 6.809367e+00 6.964856e+00 7.000915e+00 6.905109e+00 6.608785e+00 6.133528e+00 5.612222e+00 5.080717e+00 4.593107e+00 1.079000e+01 4.287349e+00 4.561076e+00 4.883289e+00 4.849828e+00 4.666706e+00 4.308621e+00 4.153400e+00 4.255437e+00 4.398083e+00 9.493387e+00 5.126313e+00 0.000000e+00 0.000000e+00 3.889036e+00 4.614659e+00 4.571149e+00 4.674388e+00 6.887981e+00 4.336277e+00 4.045512e+00 3.645811e+00 3.412554e+00 2.565343e+00 2.735934e+00 3.800106e+00 2.152247e+00 2.460749e+00 2.325541e+00 2.992182e+00 1.587907e+00 2.493035e+00
3.549049e+00 4.416713e+00 4.512109e+00 1.079000e+01 1.079000e+01 1.079000e+01 1.079000e+01 5.510800e+00 5.624528e+00 5.726501e+00 5.841139e+00 5.985843e+00 6.019856e+00 5.931324e+00 7.756143e+00 5.433790e+00 5.054745e+00 4.718926e+00 4.383874e+00 4.072458e+00 3.196474e+00 1.063682e+01 5.824783e+00 4.566928e+00 4.459314e+00 4.165396e+00 3.766811e+00 3.780126e+00 4.049563e+00 4.324462e+00 9.873890e+00 0.000000e+00 0.000000e+00 4.063601e+00 4.770132e+00 4.824990e+00 4.767728e+00 4.767871e+00 7.668241e+00 4.575213e+00 4.318760e+00 3.977300e+00 3.557569e+00 2.760608e+00 3.014425e+00 3.612712e+00 2.747592e+00 2.786318e+00 2.694172e+00 2.921328e+00 2.347230e+00 2.726448e+00
5.107300e+00 5.457470e+00 5.318141e+00 4.548295e+00 4.426814e+00 5.022812e+00 5.221040e+00 1.079000e+01 1.079000e+01 1.079000e+01 1.079000e+01 1.079000e+01 1.079000e+01 1.079000e+01 1.079000e+01 1.079000e+01 1.079000e+01 3.386394e+00 3.585513e+00 3.747722e+00 4.009769e+00 4.259498e+00 1.079000e+01 4.499915e+00 4.055579e+00 3.663178e+00 3.556949e+00 3.636396e+00 4.078205e+00 4.481194e+00 0.000000e+00 0.000000e+00 5.223108e+00 4.160811e+00 5.109345e+00 4.993182e+00 4.852175e+00 4.784794e+00 8.193534e+00 4.670471e+00 4.490685e+00 4.152849e+00 3.752574e+00 3.522813e+00 3.432612e+00 2.383767e+00 2.676307e+00 2.675023e+00 2.748472e+00 2.867692e+00 2.899049e+00 2.841613e+00
5.449332e+00 5.902641e+00 5.692988e+00 1.079000e+01 1.071141e+01 1.079000e+01 1.079000e+01 1.079000e+01 1.079000e+01 1.079000e+01 1.079000e+01 1.079000e+01 1.079000e+01 1.079000e+01 1.043868e+01 9.844278e+00 9.141061e+00 1.079000e+01 1.079000e+01 3.078316e+00 3.430240e+00 4.006346e+00 1.079000e+01 3.965343e+00 3.582820e+00 3.339779e+00 3.376797e+00 3.765412e+00 4.192169e+00 0.000000e+00 0.000000e+00 5.424624e+00 5.306302e+00 4.222108e+00 5.263046e+00 5.140933e+00 4.971451e+00 9.031801e+00 4.873539e+00 4.858070e+00 4.706517e+00 4.365937e+00 4.048813e+00 3.729195e+00 3.303625e+00 3.027650e+00 2.299216e+00 2.638042e+00 2.713665e+00 2.881293e+00 3.014661e+00 2.963034e+00
5.369838e+00 1.066000e+01 1.066000e+01 5.419068e+00 5.675199e+00 6.281642e+00 6.615140e+00 6.642955e+00 6.581646e+00 6.440782e+00 6.243056e+00 6.152482e+00 5.832048e+00 5.428884e+00 4.992861e+00 4.588844e+00 5.911453e+00 6.630212e+00 5.640526e+00 1.079000e+01 1.079000e+01 1.079000e+01 1.079000e+01 9.082141e+00 3.070536e+00 3.188269e+00 3.387281e+00 3.949382e+00 0.000000e+00 0.000000e+00 4.091131e+00 6.960717e+00 5.354180e+00 4.248562e+00 5.347780e+00 5.271838e+00 5.136303e+00 9.819718e+00 5.146880e+00 5.150087e+00 5.010238e+00 4.664309e+00 4.254729e+00 3.891740e+00 3.651377e+00 3.293370e+00 2.537652e+00 2.752647e+00 2.667272e+00 2.672986e+00 2.701168e+00 2.729802e+00
1.055580e+01 5.109596e+00 5.468824e+00 5.742136e+00 6.226297e+00 6.892691e+00 7.320519e+00 7.491753e+00 7.582573e+00 7.568157e+00 7.433333e+00 7.204768e+00 6.912820e+00 6.567581e+00 6.176428e+00 5.954244e+00 5.564846e+00 5.134843e+00 6.369213e+00 6.645836e+00 7.303925e+00 1.079000e+01 6.085756e+00 1.079000e+01 7.116209e+00 2.565868e+00 3.161427e+00 3.275109e+00 0.000000e+00 3.801500e+00 4.823616e+00 7.938723e+00 4.498238e+00 5.315718e+00 5.464059e+00 5.365848e+00 5.266196e+00 1.055070e+01 5.382117e+00 5.382712e+00 5.226238e+00 4.895213e+00 4.456204e+00 4.028868e+00 3.804465e+00 3.561433e+00 3.342208e+00 2.524884e+00 2.834967e+00 2.728081e+00 2.658448e+00 2.668711e+00
4.560993e+00 4.940810e+00 5.238405e+00 5.400503e+00 5.715500e+00 6.282561e+00 6.744237e+00 7.042596e+00 7.337350e+00 7.541267e+00 7.559321e+00 7.477025e+00 7.405102e+00 7.332507e+00 7.182243e+00 6.978007e+00 6.761099e+00 6.475160e+00 6.070269e+00 5.191800e+00 4.756891e+00 0.000000e+00 0.000000e+00 0.000000e+00 1.079000e+01 6.481976e+00 2.818815e+00 0.000000e+00 0.000000e+00 3.910022e+00 4.669795e+00 7.738075e+00 4.618849e+00 5.837376e+00 5.644826e+00 5.427460e+00 1.066000e+01 5.457437e+00 5.576663e+00 5.589355e+00 5.376870e+00 5.025597e+00 4.604719e+00 4.132792e+00 3.876246e+00 3.809644e+00 3.550173e+00 2.832400e+00 3.215077e+00 3.063825e+00 2.931584e+00 2.837816e+00
4.448818e+00 4.779162e+00 4.970517e+00 5.017142e+00 5.175804e+00 5.582304e+00 5.957828e+00 6.235830e+00 6.613287e+00 7.022031e+00 7.236756e+00 7.299742e+00 7.395657e+00 7.527976e+00 7.579010e+00 7.554534e+00 7.561348e+00 7.537137e+00 7.229670e+00 6.586640e+00 6.223978e+00 6.108188e+00 5.665182e+00 0.000000e+00 0.000000e+00 0.000000e+00 1.079000e+01 0.000000e+00 2.587408e+00 3.150305e+00 3.943356e+00 6.773017e+00 5.245760e+00 5.692555e+00 5.633567e+00 5.506655e+00 1.066000e+01 5.596709e+00 5.707759e+00 5.785804e+00 5.598095e+00 5.192539e+00 4.734713e+00 4.232094e+00 3.947815e+00 3.864001e+00 3.115083e+00 3.543016e+00 3.483019e+00 3.320661e+00 3.159552e+00 3.069633e+00
4.221438e+00 4.398730e+00 4.522144e+00 4.546097e+00 4.618477e+00 4.855339e+00 5.064242e+00 5.198721e+00 5.529746e+00 6.066629e+00 6.484356e+00 6.720776e+00 6.947645e+00 7.209525e+00 8.011924e+00 7.534091e+00 7.754052e+00 8.021770e+00 8.069585e+00 7.855628e+00 7.564097e+00 7.417611e+00 6.765460e+00 5.805657e+00 5.118881e+00 0.000000e+00 0.000000e+00 0.000000e+00 1.685778e+00 2.526592e+00 4.139740e+00 5.239040e+00 4.455334e+00 4.890540e+00 5.309012e+00 5.567251e+00 1.066000e+01 5.783191e+00 5.822193e+00 5.922468e+00 5.815934e+00 5.419131e+00 4.897328e+00 4.329695e+00 3.997299e+00 3.755988e+00 3.094295e+00 3.685342e+00 3.605950e+00 3.475067e+00 3.309533e+00 3.328837e+00
3.932805e+00 4.016353e+00 4.142974e+00 4.240828e+00 4.302618e+00 4.417508e+00 4.502500e+00 4.511462e+00 4.705349e+00 5.157221e+00 5.599061e+00 5.932138e+00 6.219647e+00 7.951775e+00 6.764467e+00 6.963566e+00 7.305353e+00 7.753294e+00 8.006905e+00 8.046189e+00 8.038739e+00 7.966852e+00 7.529139e+00 6.476789e+00 5.999268e+00 7.404512e+00 0.000000e+00 0.000000e+00 0.000000e+00 0.000000e+00 4.130663e+00 3.910855e+00 4.013075e+00 4.561399e+00 5.125617e+00 5.504781e+00 1.066000e+01 5.939364e+00 6.019758e+00 6.076573e+00 5.998399e+00 5.680649e+00 5.179666e+00 4.587795e+00 4.197824e+00 3.891676e+00 3.165934e+00 3.763809e+00 3.693223e+00 3.656363e+00 3.599405e+00 3.721342e+00
3.505733e+00 3.572143e+00 3.777093e+00 4.035014e+00 4.153150e+00 4.194564e+00 4.223733e+00 4.178208e+00 4.190704e+00 4.387392e+00 4.705111e+00 5.051536e+00 7.327832e+00 5.554844e+00 5.768011e+00 5.952107e+00 6.341828e+00 6.904989e+00 7.240206e+00 7.355587e+00 7.572189e+00 7.880089e+00 7.588542e+00 6.751457e+00 6.230035e+00 0.000000e+00 0.000000e+00 4.381782e+00 4.660916e+00 0.000000e+00 0.000000e+00 0.000000e+00 4.021918e+00 5.070197e+00 5.241688e+00 5.359047e+00 1.066000e+01 6.015435e+00 6.229928e+00 6.253845e+00 6.171160e+00 5.937032e+00 5.537868e+00 5.010860e+00 4.601160e+00 4.203225e+00 3.347329e+00 3.893122e+00 3.757183e+00 3.834415e+00 4.037204e+00 4.275308e+00
