tests/data/reference/test_sheet_stream/mrsearstr_pa.asc
ncols	123
nrows	77
xllcorner	-713746.79929998
yllcorner	-1061022.36961616
cellsize	10.0
NODATA_value	-9999
[rows 23 to 45 of 77, columns 0 to 51 of 123]
-9.999000e+03 -9.999000e+03 -9.999000e+03 -9.999000e+03 -9.999000e+03 -9.999000e+03 -9.999000e+03 -9.999000e+03 -9.999000e+03 -9.999000e+03 -9.999000e+03 -9.999000e+03 -9.999000e+03 -9.999000e+03 7.196935e-01 9.004325e-01 1.112304e+00 2.278683e+00 8.562426e-01 1.643656e-01 1.283928e+00 1.698322e+00 2.159006e+00 4.907624e+00 5.855389e+00 2.815539e+00 3.833050e+00 4.173432e+00 3.586698e+00 4.067724e+00 3.332342e+00 4.214225e+00 4.481449e+00 4.510604e+00 7.762173e+00 4.441458e+00 4.550047e+00 3.916232e+00 6.742987e+00 5.177301e+00 5.199064e+00 5.299413e+00 5.484060e+00 5.606468e+00 5.622527e+00 5.588856e+00 5.565099e+00 5.638234e+00 5.795870e+00 5.934912e+00 5.993080e+00 4.796916e+00
-9.999000e+03 -9.999000e+03 -9.999000e+03 -9.999000e+03 -9.999000e+03 -9.999000e+03 -9.999000e+03 -9.999000e+03 -9.999000e+03 -9.999000e+03 -9.999000e+03 -9.999000e+03 -9.999000e+03 -9.999000e+03 3.313338e-01 1.094724e+00 1.936884e+00 1.532758e+00 8.009164e-01 1.487641e+00 1.533784e+00 2.503616e+00 2.585539e+00 2.379326e+00 4.398168e+00 7.033322e+00 3.741470e+00 3.928754e+00 3.907634e+00 3.324104e+00 4.105286e+00 4.175398e+00 4.394259e+00 4.351011e+00 8.074540e+00 4.343880e+00 4.630765e+00 4.016529e+00 6.916997e+00 5.152915e+00 5.142698e+00 5.210358e+00 5.335240e+00 5.440598e+00 5.502316e+00 5.540292e+00 5.585715e+00 5.706325e+00 5.884907e+00 6.047003e+00 4.840157e+00 6.448469e+00
-9.999000e+03 -9.999000e+03 -9.999000e+03 -9.999000e+03 -9.999000e+03 -9.999000e+03 -9.999000e+03 -9.999000e+03 -9.999000e+03 -9.999000e+03 -9.999000e+03 -9.999000e+03 -9.999000e+03 -9.999000e+03 6.048073e-01 6.806624e-01 1.064088e+00 1.036569e+00 9.883885e-01 1.961557e+00 1.889368e+00 4.716069e+00 6.045027e+00 3.014426e+00 3.354906e+00 4.666081e+00 8.308184e+00 4.134672e+00 4.174951e+00 3.451671e+00 4.134861e+00 4.357624e+00 4.344167e+00 4.055014e+00 3.984537e+00 8.384377e+00 3.684275e+00 4.963925e+00 4.867176e+00 7.902865e+00 5.111566e+00 5.218237e+00 5.315863e+00 5.397870e+00 5.480328e+00 5.575650e+00 5.699852e+00 5.888592e+00 6.122443e+00 6.374120e+00 6.325172e+00 5.310239e+00
-9.999000e+03 -9.999000e+03 -9.999000e+03 -9.999000e+03 -9.999000e+03 -9.999000e+03 -9.999000e+03 -9.999000e+03 -9.999000e+03 -9.999000e+03 -9.999000e+03 -9.999000e+03 1.398620e+00 9.293332e-01 1.019474e+00 1.211221e+00 1.088207e+00 2.746372e-01 1.292816e+00 1.629076e+00 5.654415e+00 4.706903e+00 3.504315e+00 5.202979e+00 3.145103e+00 3.427033e+00 8.746766e+00 3.758063e+00 3.884999e+00 3.888158e+00 3.321354e+00 4.149150e+00 4.078168e+00 3.844466e+00 3.834780e+00 4.075583e+00 8.665544e+00 4.695548e+00 4.964846e+00 4.989758e+00 8.901463e+00 5.164829e+00 5.222822e+00 5.311165e+00 5.467129e+00 5.685140e+00 5.942668e+00 6.199054e+00 6.439930e+00 6.726725e+00 6.971835e+00 5.514504e+00
-9.999000e+03 -9.999000e+03 -9.999000e+03 -9.999000e+03 -9.999000e+03 -9.999000e+03 -9.999000e+03 -9.999000e+03 -9.999000e+03 -9.999000e+03 -9.999000e+03 -9.999000e+03 -9.999000e+03 1.320446e+00 1.010417e+00 1.051154e+00 4.381149e-01 9.214141e-01 1.297404e+00 4.469032e+00 2.313786e+00 2.289842e+00 4.198653e+00 4.971974e+00 6.346600e+00 6.592169e+00 6.699979e+00 6.812891e+00 3.068839e+00 3.471626e+00 3.759781e+00 3.733356e+00 3.690578e+00 3.461842e+00 3.603399e+00 4.210790e+00 4.725260e+00 9.097323e+00 4.924191e+00 5.045516e+00 9.250152e+00 5.028282e+00 5.041742e+00 5.174296e+00 5.465381e+00 5.883162e+00 6.327254e+00 6.633563e+00 6.815155e+00 7.065362e+00 7.309423e+00 7.014542e+00
-9.999000e+03 -9.999000e+03 -9.999000e+03 -9.999000e+03 -9.999000e+03 -9.999000e+03 -9.999000e+03 -9.999000e+03 -9.999000e+03 -9.999000e+03 -9.999000e+03 -9.999000e+03 -9.999000e+03 -9.999000e+03 -9.999000e+03 6.971535e-01 2.511818e-01 9.818061e-01 1.815647e+00 4.776104e+00 3.736396e+00 3.067359e+00 2.635739e+00 2.330805e+00 2.387809e+00 2.599727e+00 2.594982e+00 6.317981e+00 9.464964e+00 2.908094e+00 3.193493e+00 3.245423e+00 3.154671e+00 3.088548e+00 3.356547e+00 4.062948e+00 4.482193e+00 4.529646e+00 8.230952e+00 4.896024e+00 9.643347e+00 4.997200e+00 5.147545e+00 5.389928e+00 5.755979e+00 6.235002e+00 6.692700e+00 6.944623e+00 7.064352e+00 7.290390e+00 7.475283e+00 7.394918e+00
-9.999000e+03 -9.999000e+03 -9.999000e+03 -9.999000e+03 -9.999000e+03 -9.999000e+03 -9.999000e+03 -9.999000e+03 -9.999000e+03 -9.999000e+03 -9.999000e+03 -9.999000e+03 -9.999000e+03 -9.999000e+03 -9.999000e+03 -9.999000e+03 8.079812e-01 1.007747e+00 3.360768e+00 2.681282e+00 2.212415e+00 1.922203e+00 1.982556e+00 2.191789e+00 2.454130e+00 2.766184e+00 2.793533e+00 2.504806e+00 2.435475e+00 9.882675e+00 1.001673e+01 9.738696e+00 2.696011e+00 2.773391e+00 3.041500e+00 3.620094e+00 4.939630e+00 5.857677e+00 4.050725e+00 7.620273e+00 4.970867e+00 1.079000e+01 5.605765e+00 5.987654e+00 6.345445e+00 6.718638e+00 7.001242e+00 7.107572e+00 7.178881e+00 7.390128e+00 7.484331e+00 7.286287e+00
-9.999000e+03 -9.999000e+03 -9.999000e+03 -9.999000e+03 -9.999000e+03 -9.999000e+03 -9.999000e+03 -9.999000e+03 -9.999000e+03 -9.999000e+03 -9.999000e+03 -9.999000e+03 -9.999000e+03 -9.999000e+03 -9.999000e+03 -9.999000e+03 1.070298e+00 3.115218e+00 1.705253e+00 1.873748e+00 1.919401e+00 4.690926e+00 4.630094e+00 4.791942e+00 4.880714e+00 4.918802e+00 4.643168e+00 4.071971e+00 3.753524e+00 3.645637e+00 3.228561e+00 2.733701e+00 9.527662e+00 8.895999e+00 9.056981e+00 1.003907e+01 1.061195e+01 1.079000e+01 1.079000e+01 1.079000e+01 1.079000e+01 1.079000e+01 1.071255e+01 5.133415e+00 5.645637e+00 6.009982e+00 6.376229e+00 6.614958e+00 6.872309e+00 7.134431e+00 7.092361e+00 6.724516e+00
-9.999000e+03 -9.999000e+03 -9.999000e+03 -9.999000e+03 -9.999000e+03 -9.999000e+03 -9.999000e+03 -9.999000e+03 -9.999000e+03 -9.999000e+03 -9.999000e+03 -9.999000e+03 -9.999000e+03 -9.999000e+03 -9.999000e+03 1.072523e+00 3.721747e+00 1.669526e+00 3.778792e+00 4.648287e+00 4.936753e+00 2.076065e+00 2.714621e+00 3.441606e+00 3.214243e+00 4.448159e+00 4.915321e+00 5.213962e+00 5.043904e+00 5.058719e+00 4.746980e+00 4.134412e+00 3.439356e+00 2.674174e+00 2.306980e+00 2.329994e+00 7.634907e+00 8.557026e+00 9.394354e+00 1.027320e+01 1.017184e+01 9.067249e+00 1.079000e+01 1.079000e+01 1.079000e+01 4.405880e+00 6.989082e+00 5.546699e+00 6.187157e+00 6.501339e+00 6.253562e+00 5.737028e+00
-9.999000e+03 -9.999000e+03 -9.999000e+03 -9.999000e+03 -9.999000e+03 -9.999000e+03 -9.999000e+03 -9.999000e+03 -9.999000e+03 -9.999000e+03 -9.999000e+03 -9.999000e+03 -9.999000e+03 -9.999000e+03 9.253890e-01 1.634833e+00 4.578668e+00 3.990315e+00 1.668981e+00 1.785209e+00 2.054783e+00 2.250380e+00 2.434501e+00 2.647242e+00 3.424229e+00 2.730678e+00 2.906006e+00 3.075990e+00 3.253377e+00 3.540041e+00 3.460371e+00 5.921597e+00 5.726182e+00 5.348867e+00 5.366445e+00 6.895015e+00 3.003778e+00 3.614414e+00 4.258272e+00 4.940326e+00 5.328134e+00 5.291848e+00 6.586177e+00 7.121362e+00 7.342115e+00 1.079000e+01 1.079000e+01 1.079000e+01 4.613929e+00 6.832794e+00 4.568128e+00 4.265439e+00
-9.999000e+03 -9.999000e+03 -9.999000e+03 -9.999000e+03 -9.999000e+03 -9.999000e+03 -9.999000e+03 -9.999000e+03 -9.999000e+03 -9.999000e+03 -9.999000e+03 -9.999000e+03 -9.999000e+03 -9.999000e+03 1.030965e+00 7.084595e+00 1.942258e+00 1.962408e+00 1.938103e+00 1.917231e+00 1.969186e+00 2.139859e+00 2.454390e+00 2.599350e+00 2.724730e+00 2.686467e+00 2.860148e+00 3.292322e+00 4.410797e+00 5.248234e+00 5.683441e+00 3.216132e+00 3.025033e+00 2.969699e+00 4.418388e+00 3.233750e+00 3.509144e+00 3.803637e+00 4.187653e+00 4.682813e+00 5.145673e+00 5.665721e+00 5.903224e+00 5.934522e+00 5.841002e+00 7.448669e+00 8.362146e+00 8.820749e+00 1.079000e+01 1.079000e+01 1.079000e+01 2.773039e+00
-9.999000e+03 -9.999000e+03 -9.999000e+03 -9.999000e+03 -9.999000e+03 -9.999000e+03 -9.999000e+03 -9.999000e+03 -9.999000e+03 -9.999000e+03 -9.999000e+03 -9.999000e+03 -9.999000e+03 1.452641e+00 8.830427e+00 1.871341e+00 2.011731e+00 2.140080e+00 2.145320e+00 2.089398e+00 2.064014e+00 2.132806e+00 2.277933e+00 2.482647e+00 2.654167e+00 2.722367e+00 2.939213e+00 3.400934e+00 3.685245e+00 3.764110e+00 3.685315e+00 3.508834e+00 3.497043e+00 5.382381e+00 3.011593e+00 3.750786e+00 3.974616e+00 4.124421e+00 4.378715e+00 4.738699e+00 5.165963e+00 5.599170e+00 5.999370e+00 6.454285e+00 6.616090e+00 6.629059e+00 6.572360e+00 6.387515e+00 5.743144e+00 6.287277e+00 5.871799e+00 1.079000e+01
-9.999000e+03 -9.999000e+03 -9.999000e+03 -9.999000e+03 -9.999000e+03 -9.999000e+03 -9.999000e+03 -9.999000e+03 -9.999000e+03 -9.999000e+03 -9.999000e+03 -9.999000e+03 8.949450e-01 1.913582e+00 1.883184e+00 1.930194e+00 2.030204e+00 2.166363e+00 2.217038e+00 2.210850e+00 2.177813e+00 2.145841e+00 2.186640e+00 2.298065e+00 2.462976e+00 2.636578e+00 2.928733e+00 3.393062e+00 3.670601e+00 3.770834e+00 3.822182e+00 3.847947e+00 5.216387e+00 3.925333e+00 3.115756e+00 3.880138e+00 4.014110e+00 4.207240e+00 4.520953e+00 4.906167e+00 5.320373e+00 5.647058e+00 5.818430e+00 5.927986e+00 6.038435e+00 6.349533e+00 6.491244e+00 6.628685e+00 6.396228e+00 5.603380e+00 4.774502e+00 5.289591e+00
-9.999000e+03 -9.999000e+03 -9.999000e+03 -9.999000e+03 -9.999000e+03 -9.999000e+03 -9.999000e+03 -9.999000e+03 -9.999000e+03 -9.999000e+03 -9.999000e+03 -9.999000e+03 1.375461e+00 1.771606e+00 1.902964e+00 1.997592e+00 2.070591e+00 2.206669e+00 2.290722e+00 2.322037e+00 2.291191e+00 2.204780e+00 2.185758e+00 2.231369e+00 2.357867e+00 2.541943e+00 2.806552e+00 3.196600e+00 3.411480e+00 3.485344e+00 3.609772e+00 5.047983e+00 3.216746e+00 3.765713e+00 3.691268e+00 3.663797e+00 3.743088e+00 3.882877e+00 4.166125e+00 4.504806e+00 4.924557e+00 5.331877e+00 5.495508e+00 5.307799e+00 5.398087e+00 5.612844e+00 5.831290e+00 6.201321e+00 6.083741e+00 5.828649e+00 5.325784e+00 4.770151e+00
-9.999000e+03 -9.999000e+03 -9.999000e+03 -9.999000e+03 -9.999000e+03 -9.999000e+03 -9.999000e+03 -9.999000e+03 -9.999000e+03 -9.999000e+03 -9.999000e+03 7.190379e-01 3.249578e+00 1.470649e+00 2.015400e+00 1.958190e+00 2.091743e+00 2.238758e+00 2.343088e+00 2.387737e+00 2.371341e+00 2.288903e+00 2.270225e+00 2.293629e+00 2.370560e+00 2.508385e+00 2.663003e+00 2.877427e+00 2.959829e+00 2.936089e+00 3.043106e+00 3.783500e+00 2.764999e+00 3.408295e+00 3.354803e+00 3.169637e+00 3.172809e+00 3.298477e+00 3.344117e+00 3.543999e+00 3.967025e+00 4.624354e+00 4.133801e+00 4.078048e+00 4.143351e+00 4.322982e+00 4.468688e+00 4.587113e+00 5.710675e+00 5.234065e+00 5.022114e+00 4.915198e+00
-9.999000e+03 -9.999000e+03 -9.999000e+03 -9.999000e+03 -9.999000e+03 -9.999000e+03 -9.999000e+03 -9.999000e+03 -9.999000e+03 -9.999000e+03 6.559198e-01 1.028801e+00 1.159023e+00 1.767262e+00 1.330862e+00 1.738520e+00 1.954381e+00 2.168196e+00 2.310110e+00 2.355780e+00 2.350972e+00 2.282688e+00 2.266805e+00 2.285832e+00 2.346732e+00 2.488428e+00 2.521628e+00 2.629451e+00 2.574517e+00 2.455054e+00 2.507378e+00 2.555142e+00 2.654246e+00 2.960075e+00 2.607402e+00 2.358801e+00 2.679532e+00 2.224527e+00 2.252728e+00 2.333670e+00 2.751424e+00 3.539049e+00 4.692512e+00 4.833948e+00 4.932881e+00 5.147922e+00 5.312745e+00 5.411390e+00 4.168210e+00 3.876224e+00 3.868532e+00 4.282418e+00
-9.999000e+03 -9.999000e+03 -9.999000e+03 -9.999000e+03 -9.999000e+03 -9.999000e+03 -9.999000e+03 -9.999000e+03 -9.999000e+03 -9.999000e+03 5.613715e-01 9.631924e-01 1.675058e+00 1.141828e+00 1.040017e+00 1.369407e+00 1.664272e+00 1.967784e+00 2.162910e+00 2.237462e+00 2.265431e+00 2.222423e+00 2.203743e+00 2.231484e+00 2.286087e+00 2.048775e+00 2.457722e+00 2.417704e+00 2.278643e+00 2.071551e+00 2.028916e+00 2.014343e+00 1.874495e+00 2.351987e+00 2.899671e+00 2.616194e+00 1.974971e+00 2.179080e+00 2.278698e+00 2.517364e+00 2.664252e+00 3.465439e+00 4.545988e+00 4.596508e+00 4.597201e+00 4.721486e+00 4.908191e+00 5.105758e+00 5.057031e+00 4.735644e+00 4.704660e+00 5.068641e+00
-9.999000e+03 -9.999000e+03 -9.999000e+03 -9.999000e+03 -9.999000e+03 -9.999000e+03 -9.999000e+03 -9.999000e+03 -9.999000e+03 5.713366e-01 2.239790e+00 1.375901e+00 9.749375e-01 9.544222e-01 1.035173e+00 1.187932e+00 1.442319e+00 1.711505e+00 1.954962e+00 2.073298e+00 2.148078e+00 2.156085e+00 2.179745e+00 2.218612e+00 1.953646e+00 2.268745e+00 2.289034e+00 2.158841e+00 1.980938e+00 1.698564e+00 1.632642e+00 1.596853e+00 2.150609e+00 2.739687e+00 2.963614e+00 2.774183e+00 2.597786e+00 2.471971e+00 2.220799e+00 2.615446e+00 3.693778e+00 4.245828e+00 4.589388e+00 4.360058e+00 4.205752e+00 4.212679e+00 4.416946e+00 4.789176e+00 4.956271e+00 4.877507e+00 4.771946e+00 4.717455e+00
-9.999000e+03 -9.999000e+03 -9.999000e+03 -9.999000e+03 -9.999000e+03 -9.999000e+03 -9.999000e+03 -9.999000e+03 -9.999000e+03 7.001194e-01 1.794965e+00 9.648518e-01 9.420968e-01 8.961979e-01 1.084500e+00 1.164914e+00 1.148669e+00 1.505550e+00 1.712956e+00 1.913343e+00 2.036695e+00 2.095532e+00 1.864633e+00 1.986847e+00 2.294406e+00 2.200984e+00 1.798571e+00 1.746302e+00 1.578187e+00 1.291825e+00 1.308276e+00 1.914045e+00 2.417514e+00 2.883924e+00 3.106583e+00 3.078583e+00 2.986751e+00 2.365351e+00 3.018856e+00 3.492004e+00 3.943799e+00 4.330060e+00 4.322564e+00 4.010516e+00 3.869217e+00 3.956197e+00 4.157685e+00 4.443313e+00 4.619667e+00 4.699054e+00 9.930737e+00 9.786975e+00
-9.999000e+03 -9.999000e+03 -9.999000e+03 -9.999000e+03 -9.999000e+03 -9.999000e+03 -9.999000e+03 -9.999000e+03 1.229312e+00 3.012219e+00 1.561753e+00 1.117578e+00 8.491485e-01 1.005474e+00 1.149959e+00 1.194413e+00 1.444922e+00 1.288327e+00 1.501297e+00 1.794862e+00 1.985180e+00 2.055542e+00 2.227100e+00 2.417688e+00 2.407760e+00 3.663261e+00 3.651759e+00 3.369381e+00 2.887907e+00 2.258827e+00 2.083938e+00 2.207141e+00 2.659598e+00 3.058681e+00 3.267641e+00 3.284256e+00 3.199004e+00 3.807596e+00 4.080389e+00 5.273551e+00 5.822040e+00 6.036545e+00 5.392373e+00 4.682927e+00 4.244743e+00 3.997086e+00 4.039493e+00 4.012657e+00 3.997922e+00 8.971285e+00 4.144448e+00 4.200961e+00
-9.999000e+03 -9.999000e+03 -9.999000e+03 -9.999000e+03 -9.999000e+03 -9.999000e+03 -9.999000e+03 6.439128e-01 1.128758e+00 1.473103e+00 1.297507e+00 1.215741e+00 9.037636e-01 1.080576e+00 1.191272e+00 1.221214e+00 1.228092e+00 1.212541e+00 1.384708e+00 1.735253e+00 1.702003e+00 1.790844e+00 2.180845e+00 3.524023e+00 3.830502e+00 2.333792e+00 2.231417e+00 2.203640e+00 2.066362e+00 1.805651e+00 1.917231e+00 2.418318e+00 2.843873e+00 3.148889e+00 3.288449e+00 3.265955e+00 3.168551e+00 3.010879e+00 3.133584e+00 3.538549e+00 3.703543e+00 3.598517e+00 3.517780e+00 3.478772e+00 3.571902e+00 3.797494e+00 3.785515e+00 3.540500e+00 7.706246e+00 3.569130e+00 3.841454e+00 4.060592e+00
-9.999000e+03 -9.999000e+03 -9.999000e+03 -9.999000e+03 -9.999000e+03 -9.999000e+03 -9.999000e+03 5.338863e-01 9.110955e-01 1.473018e+00 1.110440e+00 1.230645e+00 1.167196e+00 1.177143e+00 1.217848e+00 1.233718e+00 1.264168e+00 1.276208e+00 1.441178e+00 1.817303e+00 2.453271e+00 2.905593e+00 3.267858e+00 2.264005e+00 2.365977e+00 2.389117e+00 2.049841e+00 2.342530e+00 2.278751e+00 2.067738e+00 2.163335e+00 2.583023e+00 2.890927e+00 3.053974e+00 3.109060e+00 3.072302e+00 6.006400e+00 5.988949e+00 6.246031e+00 6.823337e+00 7.169388e+00 7.245603e+00 7.497316e+00 7.448128e+00 7.222749e+00 6.894967e+00 7.859554e+00 7.481632e+00 3.223061e+00 3.265415e+00 3.527865e+00 3.809670e+00
-9.999000e+03 -9.999000e+03 -9.999000e+03 -9.999000e+03 -9.999000e+03 -9.999000e+03 -9.999000e+03 5.026013e-01 1.179793e+00 1.015680e+00 9.397534e-01 1.180583e+00 1.280877e+00 1.276390e+00 1.271946e+00 1.281383e+00 1.363247e+00 1.445725e+00 1.620382e+00 1.984637e+00 2.243250e+00 2.331652e+00 2.317567e+00 2.222154e+00 1.931545e+00 2.106073e+00 2.497910e+00 2.476634e+00 2.404532e+00 2.306687e+00 2.363623e+00 2.598470e+00 2.756368e+00 5.731680e+00 5.919307e+00 6.122903e+00 3.324280e+00 3.574206e+00 3.808503e+00 4.056873e+00 4.167274e+00 4.117965e+00 4.130344e+00 5.498594e+00 6.461770e+00 6.965016e+00 3.839216e+00 3.627649e+00 3.371321e+00 3.124533e+00 3.137084e+00 3.369689e+00
