tests/data/reference/test_sheet_stream/mrsearstr_pa.asc
ncols	123
nrows	77
xllcorner	-713746.79929998
yllcorner	-1061022.36961616
cellsize	10.0
NODATA_value	-9999
[rows 46 to 68 of 77, columns 52 to 103 of 123]
3.187841e+00 3.113643e+00 3.291864e+00 3.669888e+00 3.857630e+00 3.844734e+00 3.882802e+00 3.935570e+00 3.927385e+00 3.938814e+00 4.128841e+00 6.829940e+00 4.672196e+00 4.770906e+00 4.856031e+00 4.951473e+00 5.353079e+00 6.020362e+00 6.450585e+00 6.586904e+00 6.920699e+00 7.468639e+00 7.491528e+00 6.799768e+00 6.397635e+00 0.000000e+00 4.005985e+00 4.577734e+00 5.257258e+00 5.352161e+00 4.818423e+00 0.000000e+00 0.000000e+00 0.000000e+00 4.788655e+00 4.830373e+00 1.066000e+01 5.884832e+00 6.274214e+00 6.331013e+00 6.244763e+00 6.038108e+00 5.742202e+00 5.344720e+00 4.997399e+00 4.581794e+00 3.628620e+00 4.211474e+00 4.001687e+00 4.062559e+00 4.371509e+00 4.645378e+00
3.057998e+00 2.759345e+00 2.810964e+00 3.233134e+00 3.376402e+00 3.352366e+00 3.412029e+00 3.578907e+00 3.765628e+00 3.732056e+00 6.476590e+00 4.155573e+00 4.269281e+00 4.087732e+00 4.046396e+00 4.153328e+00 4.325310e+00 5.027309e+00 5.484630e+00 5.626279e+00 5.986407e+00 6.606749e+00 6.927050e+00 7.062976e+00 5.209676e+00 0.000000e+00 4.001630e+00 4.771447e+00 5.556020e+00 5.968350e+00 5.835327e+00 5.315764e+00 4.044173e+00 0.000000e+00 0.000000e+00 3.826712e+00 1.066000e+01 5.486669e+00 6.110002e+00 6.298223e+00 6.217209e+00 5.975962e+00 5.765997e+00 5.539553e+00 5.341272e+00 4.999781e+00 3.988413e+00 4.706177e+00 4.447597e+00 4.395256e+00 4.599284e+00 4.796887e+00
3.158199e+00 2.729552e+00 2.658095e+00 2.508142e+00 2.661562e+00 2.636467e+00 2.670186e+00 3.353913e+00 3.391798e+00 6.427757e+00 3.708030e+00 3.879668e+00 3.331105e+00 3.224357e+00 3.882800e+00 3.112582e+00 3.301932e+00 3.758029e+00 4.031008e+00 4.101475e+00 4.350528e+00 4.797261e+00 6.637351e+00 6.844409e+00 7.198925e+00 0.000000e+00 3.831808e+00 5.955427e+00 6.071251e+00 6.542694e+00 6.568012e+00 6.075186e+00 4.765022e+00 2.248283e+00 0.000000e+00 3.307436e+00 1.032059e+01 5.019493e+00 5.805252e+00 6.187717e+00 6.182760e+00 5.925560e+00 5.776472e+00 5.684578e+00 5.627033e+00 5.366069e+00 4.295011e+00 5.175685e+00 4.941422e+00 4.806829e+00 4.835122e+00 4.866130e+00
3.403586e+00 2.965391e+00 2.293058e+00 2.845783e+00 3.026481e+00 3.026347e+00 3.022515e+00 2.534730e+00 6.206680e+00 3.377937e+00 2.973698e+00 3.191201e+00 3.881760e+00 3.889728e+00 3.117530e+00 3.701526e+00 3.991178e+00 4.414036e+00 4.659248e+00 4.691075e+00 4.857480e+00 5.209514e+00 4.649901e+00 5.347916e+00 8.488291e+00 0.000000e+00 5.183688e+00 6.164927e+00 6.565700e+00 7.065725e+00 7.148184e+00 6.709352e+00 5.588499e+00 3.870760e+00 0.000000e+00 0.000000e+00 9.858747e+00 4.568367e+00 5.395673e+00 5.954670e+00 6.101021e+00 5.923938e+00 5.827500e+00 5.810674e+00 5.864107e+00 5.677118e+00 4.547934e+00 5.585473e+00 5.460296e+00 5.284542e+00 5.073667e+00 4.855175e+00
3.691100e+00 4.951899e+00 4.252894e+00 3.757928e+00 3.296788e+00 3.004414e+00 2.969219e+00 6.026663e+00 3.035088e+00 2.759021e+00 3.466350e+00 3.763441e+00 3.871389e+00 3.827113e+00 3.838947e+00 3.923046e+00 4.144597e+00 4.522944e+00 4.732687e+00 4.744142e+00 4.747860e+00 4.763396e+00 5.181351e+00 6.061464e+00 6.539302e+00 0.000000e+00 5.269035e+00 5.392901e+00 6.954127e+00 7.610743e+00 7.709309e+00 7.409958e+00 6.416181e+00 6.782724e+00 3.447562e+00 0.000000e+00 1.056101e+01 4.266855e+00 5.062541e+00 5.689382e+00 5.945437e+00 5.888641e+00 5.865483e+00 4.593892e+00 5.989614e+00 7.187516e+00 4.769555e+00 5.944912e+00 5.849241e+00 5.662341e+00 5.367622e+00 5.028757e+00
6.149930e+00 3.782600e+00 4.554153e+00 4.296357e+00 4.867518e+00 5.883788e+00 6.142906e+00 2.985395e+00 3.097810e+00 3.441409e+00 3.629538e+00 3.647218e+00 3.679584e+00 3.710817e+00 3.802223e+00 3.965569e+00 5.376195e+00 5.222284e+00 5.071806e+00 5.131560e+00 4.954171e+00 4.515691e+00 4.580417e+00 5.239783e+00 5.812924e+00 0.000000e+00 5.226466e+00 6.921125e+00 7.662188e+00 8.163925e+00 8.263378e+00 7.962802e+00 7.017042e+00 5.468826e+00 5.345204e+00 0.000000e+00 0.000000e+00 4.268074e+00 4.869711e+00 5.477432e+00 5.774974e+00 5.817533e+00 5.618895e+00 4.602071e+00 5.947312e+00 7.904843e+00 4.938449e+00 6.288415e+00 6.111909e+00 5.917563e+00 5.728524e+00 5.429173e+00
4.148427e+00 4.099942e+00 3.083512e+00 3.354748e+00 3.479931e+00 3.214808e+00 3.223358e+00 3.147324e+00 3.305328e+00 3.729428e+00 3.855664e+00 3.633131e+00 3.525315e+00 3.550010e+00 3.645232e+00 3.806364e+00 3.424955e+00 4.672851e+00 5.281495e+00 5.578377e+00 5.268838e+00 4.340421e+00 4.123849e+00 4.681675e+00 4.304180e+00 0.000000e+00 5.283206e+00 7.046436e+00 7.947752e+00 8.552559e+00 8.717091e+00 8.278494e+00 7.413741e+00 6.238091e+00 4.597381e+00 4.433207e+00 0.000000e+00 5.943133e+00 4.852730e+00 5.288951e+00 5.511577e+00 5.539406e+00 4.474988e+00 5.590935e+00 5.958525e+00 7.105678e+00 6.173745e+00 6.555385e+00 6.401677e+00 6.189387e+00 6.027208e+00 5.833653e+00
4.219643e+00 4.317033e+00 4.028233e+00 4.135069e+00 3.148898e+00 3.242236e+00 3.310843e+00 3.314509e+00 3.556694e+00 5.100393e+00 4.632322e+00 3.873400e+00 3.590878e+00 3.457198e+00 3.472064e+00 3.614590e+00 4.017492e+00 4.696955e+00 5.286101e+00 5.747072e+00 5.414499e+00 4.262684e+00 5.320249e+00 6.099407e+00 6.179373e+00 0.000000e+00 5.404646e+00 7.208499e+00 8.206766e+00 9.002113e+00 9.040747e+00 8.408574e+00 7.723176e+00 7.089403e+00 5.683518e+00 6.427009e+00 0.000000e+00 0.000000e+00 5.245665e+00 5.177510e+00 5.169265e+00 4.022828e+00 5.124098e+00 5.678225e+00 6.013816e+00 6.486791e+00 6.504950e+00 6.711757e+00 6.708203e+00 6.503053e+00 6.255841e+00 6.193155e+00
4.331855e+00 4.519170e+00 5.519498e+00 3.517522e+00 3.209211e+00 3.310388e+00 3.405022e+00 3.449424e+00 3.718379e+00 4.284776e+00 4.492014e+00 4.253915e+00 3.912416e+00 3.545544e+00 3.457169e+00 3.632902e+00 4.004194e+00 4.583660e+00 5.126581e+00 5.607761e+00 5.282413e+00 4.078591e+00 3.138963e+00 3.888294e+00 5.467933e+00 0.000000e+00 5.585003e+00 7.479584e+00 8.509449e+00 9.279144e+00 9.262338e+00 8.429185e+00 7.972672e+00 7.840387e+00 9.291970e+00 8.352455e+00 3.873429e+00 0.000000e+00 5.648461e+00 5.509029e+00 5.010842e+00 4.081836e+00 5.388731e+00 5.824019e+00 6.196526e+00 6.459835e+00 6.605202e+00 6.749010e+00 6.839982e+00 6.738303e+00 6.513325e+00 6.460033e+00
4.527316e+00 4.679961e+00 4.406797e+00 3.693217e+00 3.386975e+00 3.466563e+00 3.559888e+00 3.629397e+00 3.845618e+00 3.479047e+00 5.978243e+00 7.003406e+00 6.125582e+00 7.163341e+00 7.441956e+00 7.475737e+00 7.543963e+00 7.687527e+00 7.735235e+00 7.668610e+00 6.747096e+00 5.048517e+00 4.513548e+00 5.130912e+00 0.000000e+00 0.000000e+00 5.931429e+00 7.881363e+00 8.759176e+00 9.204199e+00 9.104560e+00 8.523824e+00 8.211195e+00 8.373590e+00 7.512563e+00 7.705035e+00 8.226128e+00 0.000000e+00 6.136646e+00 5.866438e+00 4.518093e+00 5.529412e+00 5.996841e+00 6.301820e+00 6.556554e+00 6.684890e+00 6.676342e+00 6.688918e+00 6.786018e+00 6.854566e+00 6.795689e+00 6.655410e+00
4.808070e+00 4.779423e+00 4.508869e+00 3.950209e+00 3.673165e+00 3.694344e+00 3.787114e+00 3.935919e+00 4.088393e+00 5.474481e+00 4.562455e+00 4.795540e+00 5.994641e+00 4.142458e+00 3.995314e+00 5.472882e+00 5.158843e+00 4.844136e+00 5.134475e+00 5.484463e+00 5.348005e+00 4.634834e+00 4.697573e+00 5.655013e+00 0.000000e+00 4.518015e+00 6.332077e+00 7.997656e+00 8.539558e+00 8.565270e+00 8.513857e+00 8.485862e+00 8.488092e+00 8.517638e+00 7.810983e+00 8.810649e+00 1.048401e+01 0.000000e+00 0.000000e+00 5.334778e+00 6.460001e+00 6.509912e+00 6.623798e+00 6.738534e+00 6.822086e+00 6.857322e+00 6.785896e+00 6.677572e+00 6.652966e+00 6.711132e+00 6.720449e+00 6.525003e+00
5.141347e+00 4.794620e+00 4.552681e+00 4.306319e+00 4.063320e+00 3.973417e+00 4.033314e+00 4.245943e+00 4.372350e+00 4.400551e+00 4.570908e+00 4.872700e+00 4.850308e+00 4.447696e+00 4.339031e+00 4.612149e+00 6.267557e+00 7.754974e+00 9.108491e+00 8.917305e+00 8.353215e+00 7.409802e+00 6.953183e+00 6.928583e+00 0.000000e+00 4.605413e+00 6.297839e+00 7.674152e+00 7.927713e+00 7.748437e+00 7.921242e+00 8.481247e+00 8.775027e+00 8.772563e+00 8.352977e+00 7.319854e+00 9.378851e+00 1.045706e+01 0.000000e+00 7.941821e+00 8.106574e+00 7.453314e+00 7.233932e+00 7.088266e+00 6.958902e+00 6.939829e+00 6.919200e+00 6.740444e+00 6.479064e+00 6.324810e+00 6.262202e+00 6.050160e+00
5.269892e+00 4.384294e+00 4.336291e+00 4.366112e+00 4.251054e+00 4.117847e+00 4.141780e+00 4.355205e+00 4.491635e+00 4.496591e+00 4.600063e+00 4.843787e+00 4.896272e+00 4.668070e+00 4.608699e+00 4.830175e+00 5.103379e+00 5.390919e+00 5.675920e+00 7.705879e+00 7.111264e+00 6.448562e+00 6.249122e+00 6.581521e+00 0.000000e+00 4.650143e+00 6.201461e+00 7.326183e+00 7.453518e+00 7.296449e+00 1.066000e+01 1.066000e+01 1.066000e+01 1.066000e+01 1.066000e+01 1.079000e+01 1.079000e+01 1.079000e+01 0.000000e+00 0.000000e+00 8.525498e+00 8.002680e+00 7.510659e+00 7.213815e+00 6.984196e+00 6.900594e+00 6.870304e+00 6.699401e+00 6.368569e+00 6.121367e+00 6.047763e+00 5.841596e+00
4.121252e+00 4.150904e+00 3.863807e+00 4.106629e+00 4.197010e+00 4.106412e+00 4.107078e+00 4.262347e+00 4.432205e+00 4.537470e+00 4.616348e+00 4.735194e+00 4.830023e+00 4.798208e+00 4.794596e+00 4.929208e+00 5.167283e+00 5.486978e+00 5.832518e+00 6.175706e+00 8.346308e+00 8.802222e+00 9.308078e+00 1.066000e+01 0.000000e+00 6.111329e+00 7.620967e+00 9.707329e+00 1.066000e+01 1.066000e+01 7.682185e+00 1.066000e+01 1.066000e+01 9.328526e+00 9.683134e+00 1.066000e+01 1.079000e+01 9.621062e+00 1.079000e+01 0.000000e+00 0.000000e+00 7.868152e+00 7.574829e+00 7.090058e+00 6.887512e+00 6.755460e+00 6.638638e+00 6.513031e+00 6.286256e+00 6.113297e+00 6.123620e+00 1.066000e+01
4.736254e+00 3.752453e+00 3.299093e+00 3.813016e+00 4.042977e+00 4.043193e+00 4.024544e+00 4.057830e+00 4.241015e+00 4.516123e+00 4.629808e+00 4.641516e+00 4.765777e+00 4.929288e+00 5.017730e+00 5.093676e+00 5.282000e+00 5.571697e+00 5.915821e+00 6.303107e+00 5.036363e+00 5.050181e+00 6.856751e+00 5.763971e+00 0.000000e+00 6.241411e+00 7.688062e+00 7.555029e+00 7.348718e+00 7.291801e+00 7.225504e+00 7.842939e+00 8.377399e+00 8.728344e+00 9.280818e+00 1.007948e+01 9.855504e+00 8.978954e+00 6.322452e+00 1.079000e+01 0.000000e+00 0.000000e+00 6.780444e+00 6.531028e+00 6.586121e+00 6.592786e+00 6.507283e+00 6.449604e+00 6.307590e+00 6.085445e+00 5.951466e+00 1.066000e+01
4.525800e+00 2.719338e+00 2.997022e+00 3.360039e+00 3.694829e+00 3.816803e+00 3.801548e+00 3.706662e+00 3.984486e+00 4.361832e+00 4.564535e+00 4.573826e+00 4.703649e+00 4.984136e+00 5.195843e+00 5.314202e+00 5.503708e+00 5.768189e+00 6.047821e+00 4.960857e+00 6.158519e+00 6.250063e+00 5.088891e+00 6.964587e+00 0.000000e+00 6.078080e+00 7.445985e+00 7.308679e+00 6.736191e+00 5.490261e+00 5.638426e+00 5.924300e+00 6.263988e+00 6.603911e+00 7.081492e+00 7.735732e+00 1.066000e+01 1.066000e+01 9.811161e+00 6.035428e+00 1.079000e+01 0.000000e+00 4.904561e+00 5.597716e+00 6.029313e+00 6.381529e+00 6.468483e+00 6.510780e+00 6.460944e+00 6.077186e+00 1.066000e+01 5.619920e+00
4.124423e+00 3.168642e+00 2.309876e+00 2.615642e+00 2.872458e+00 3.043411e+00 3.031453e+00 3.489817e+00 3.491358e+00 3.887916e+00 4.241073e+00 4.270970e+00 4.423299e+00 4.750374e+00 5.058730e+00 5.290337e+00 5.568739e+00 5.914949e+00 4.874900e+00 6.202720e+00 6.478711e+00 6.227329e+00 6.411506e+00 7.137791e+00 0.000000e+00 5.846752e+00 7.168136e+00 5.501434e+00 5.361272e+00 6.663827e+00 7.065938e+00 7.266649e+00 7.634181e+00 8.192478e+00 8.887199e+00 9.744371e+00 7.689390e+00 7.876954e+00 9.148812e+00 7.479556e+00 4.700145e+00 0.000000e+00 0.000000e+00 4.719973e+00 5.483530e+00 6.057805e+00 6.229325e+00 6.231153e+00 6.197700e+00 1.066000e+01 5.351063e+00 1.066000e+01
3.674828e+00 3.080007e+00 2.794098e+00 2.938359e+00 3.147675e+00 3.379496e+00 3.391404e+00 2.599209e+00 2.634880e+00 3.492548e+00 3.609408e+00 3.669903e+00 3.949047e+00 4.261988e+00 4.663732e+00 5.069203e+00 5.313725e+00 4.747355e+00 6.113076e+00 6.572400e+00 6.594128e+00 6.319587e+00 6.384404e+00 6.881678e+00 0.000000e+00 5.651082e+00 7.020622e+00 7.251854e+00 7.157904e+00 7.065880e+00 6.994443e+00 6.928101e+00 7.100340e+00 7.542343e+00 8.167902e+00 8.948792e+00 9.632208e+00 1.020891e+01 1.066000e+01 1.066000e+01 9.453477e+00 5.815330e+00 0.000000e+00 0.000000e+00 5.209576e+00 7.507411e+00 4.512080e+00 5.621594e+00 1.066000e+01 5.242748e+00 1.066000e+01 6.671904e+00
3.144755e+00 2.973386e+00 2.881776e+00 2.908593e+00 2.985085e+00 3.104864e+00 3.082038e+00 2.887874e+00 2.871724e+00 2.571778e+00 2.692122e+00 3.281421e+00 3.367401e+00 3.634892e+00 4.084404e+00 3.939369e+00 4.366660e+00 5.830278e+00 6.435651e+00 6.622640e+00 6.619854e+00 6.441472e+00 6.435182e+00 6.660690e+00 0.000000e+00 5.562336e+00 7.106306e+00 7.653461e+00 7.668206e+00 7.412179e+00 7.150681e+00 6.886135e+00 6.817386e+00 6.971704e+00 7.432822e+00 8.206235e+00 8.871859e+00 9.408137e+00 7.190393e+00 7.052686e+00 7.767851e+00 6.110661e+00 6.832697e+00 0.000000e+00 4.555471e+00 7.433701e+00 5.544210e+00 1.066000e+01 5.136638e+00 1.066000e+01 6.197343e+00 6.934692e+00
2.666685e+00 2.815600e+00 2.942412e+00 3.001942e+00 3.013058e+00 2.969071e+00 2.884698e+00 2.768477e+00 2.707290e+00 2.714353e+00 2.779371e+00 2.415219e+00 2.562450e+00 2.758299e+00 3.153729e+00 4.474390e+00 5.342179e+00 6.032733e+00 6.420015e+00 6.501860e+00 6.461042e+00 6.328682e+00 8.352649e+00 8.931169e+00 0.000000e+00 5.590166e+00 7.293551e+00 8.130547e+00 8.260949e+00 7.893368e+00 7.471150e+00 7.027574e+00 6.742435e+00 6.623756e+00 6.823637e+00 7.392987e+00 8.030684e+00 8.648132e+00 9.175968e+00 9.598345e+00 9.222330e+00 8.020341e+00 6.395458e+00 0.000000e+00 0.000000e+00 7.840434e+00 1.066000e+01 5.343656e+00 1.066000e+01 8.089155e+00 6.796261e+00 7.155621e+00
2.023533e+00 2.671066e+00 3.010843e+00 3.193874e+00 3.199801e+00 3.000315e+00 2.861025e+00 2.832565e+00 2.714636e+00 2.459468e+00 2.380312e+00 2.537261e+00 2.816319e+00 3.187409e+00 3.741802e+00 4.496895e+00 5.229241e+00 5.918835e+00 6.265403e+00 6.247177e+00 6.102803e+00 5.877832e+00 4.743638e+00 0.000000e+00 0.000000e+00 5.589060e+00 7.369575e+00 8.431837e+00 8.721355e+00 8.408397e+00 7.927815e+00 7.332027e+00 6.858838e+00 6.512644e+00 6.395582e+00 6.548834e+00 7.083946e+00 7.949796e+00 8.690751e+00 9.284400e+00 9.442858e+00 9.032469e+00 7.999683e+00 6.300549e+00 0.000000e+00 0.000000e+00 1.079000e+01 1.066000e+01 7.394632e+00 5.114461e+00 5.456633e+00 6.928914e+00
-9.999000e+03 -9.999000e+03 -9.999000e+03 -9.999000e+03 -9.999000e+03 -9.999000e+03 -9.999000e+03 2.511404e+00 2.379535e+00 2.032362e+00 1.888610e+00 2.016641e+00 2.680103e+00 3.301794e+00 3.893898e+00 4.451299e+00 5.048606e+00 5.717326e+00 6.016603e+00 5.906225e+00 5.695361e+00 5.406248e+00 5.658165e+00 0.000000e+00 4.204400e+00 5.611192e+00 7.258359e+00 8.487968e+00 8.998452e+00 8.913470e+00 8.484871e+00 7.765917e+00 7.103440e+00 6.507445e+00 6.096839e+00 5.897673e+00 6.253596e+00 7.194139e+00 8.109074e+00 8.887862e+00 9.363009e+00 9.525670e+00 8.894980e+00 7.569842e+00 5.450183e+00 0.000000e+00 0.000000e+00 6.786636e+00 6.624080e+00 6.998414e+00 7.530756e+00 5.762858e+00
-9.999000e+03 -9.999000e+03 -9.999000e+03 -9.999000e+03 -9.999000e+03 -9.999000e+03 -9.999000e+03 -9.999000e+03 -9.999000e+03 -9.999000e+03 2.321631e+00 2.404933e+00 2.405102e+00 2.990959e+00 4.033215e+00 4.409296e+00 4.827823e+00 5.460888e+00 5.711373e+00 5.514073e+00 5.307790e+00 5.114450e+00 5.469056e+00 0.000000e+00 4.180872e+00 5.454850e+00 7.019477e+00 8.327887e+00 9.052651e+00 9.297651e+00 9.027506e+00 8.259436e+00 7.440888e+00 6.610369e+00 6.014931e+00 5.670599e+00 5.805451e+00 6.441577e+00 7.306213e+00 8.352994e+00 9.101408e+00 9.510886e+00 9.275857e+00 8.324102e+00 6.756981e+00 4.647487e+00 0.000000e+00 0.000000e+00 7.433153e+00 8.004652e+00 -9.999000e+03 -9.999000e+03
