tests/data/reference/test_sheet_stream/mvel_m_s.asc
ncols	123
nrows	77
xllcorner	-713746.79929998
yllcorner	-1061022.36961616
cellsize	10.0
NODATA_value	-9999
[rows 23 to 45 of 77, columns 52 to 103 of 123]
6.108947e-02 6.444232e-02 6.453655e-02 6.382079e-02 6.333916e-02 6.314459e-02 6.263429e-02 6.163494e-02 6.095730e-02 6.090847e-02 6.064822e-02 6.012563e-02 5.954329e-02 5.834056e-02 5.590318e-02 5.265343e-02 8.130748e-02 4.761956e-02 4.860525e-02 4.981859e-02 5.083605e-02 5.179371e-02 5.202463e-02 5.094835e-02 4.227593e-02 4.655939e-02 7.715472e-02 4.921063e-02 6.573462e-02 4.535429e-02 4.895805e-02 4.815399e-02 3.975748e-02 3.536285e-02 -9.999000e+03 -9.999000e+03 -9.999000e+03 -9.999000e+03 -9.999000e+03 -9.999000e+03 -9.999000e+03 -9.999000e+03 -9.999000e+03 -9.999000e+03 -9.999000e+03 -9.999000e+03 -9.999000e+03 -9.999000e+03 -9.999000e+03 -9.999000e+03 -9.999000e+03 -9.999000e+03
6.233561e-02 6.494297e-02 6.483386e-02 6.398603e-02 6.334067e-02 6.294590e-02 6.232356e-02 6.136669e-02 6.084122e-02 6.083228e-02 6.064098e-02 6.033714e-02 5.952817e-02 5.774257e-02 5.527228e-02 5.250286e-02 8.651009e-02 4.856535e-02 5.004303e-02 5.195377e-02 5.356930e-02 5.474841e-02 5.502149e-02 5.430461e-02 5.157222e-02 5.010277e-02 4.012015e-02 7.157680e-02 4.232658e-02 6.033126e-02 5.632714e-02 4.898788e-02 4.717935e-02 4.335978e-02 3.397022e-02 -9.999000e+03 -9.999000e+03 -9.999000e+03 -9.999000e+03 -9.999000e+03 -9.999000e+03 -9.999000e+03 -9.999000e+03 -9.999000e+03 -9.999000e+03 -9.999000e+03 -9.999000e+03 -9.999000e+03 -9.999000e+03 -9.999000e+03 -9.999000e+03 -9.999000e+03
6.578669e-02 6.553853e-02 6.540847e-02 6.442027e-02 6.317158e-02 6.206765e-02 6.116531e-02 6.070498e-02 6.088247e-02 6.127167e-02 6.123376e-02 6.063358e-02 5.909998e-02 5.684046e-02 5.489348e-02 5.345769e-02 9.313720e-02 5.149206e-02 5.242296e-02 5.396429e-02 5.556363e-02 5.672161e-02 5.692418e-02 5.635215e-02 5.516423e-02 5.361480e-02 5.032844e-02 7.454641e-02 4.127341e-02 4.516795e-02 7.136166e-02 4.505606e-02 4.799708e-02 4.898028e-02 4.627199e-02 3.833117e-02 3.488482e-02 3.456808e-02 -9.999000e+03 -9.999000e+03 -9.999000e+03 -9.999000e+03 -9.999000e+03 -9.999000e+03 -9.999000e+03 -9.999000e+03 -9.999000e+03 -9.999000e+03 -9.999000e+03 -9.999000e+03 -9.999000e+03 -9.999000e+03
6.409402e-02 6.631441e-02 6.549071e-02 6.407666e-02 6.244268e-02 6.114726e-02 6.049837e-02 6.079143e-02 6.137135e-02 6.171721e-02 6.149947e-02 6.047320e-02 5.879120e-02 5.695172e-02 5.550847e-02 5.445636e-02 9.780285e-02 5.265465e-02 5.326874e-02 5.456189e-02 5.592275e-02 5.690898e-02 5.711875e-02 5.689374e-02 5.658392e-02 5.614187e-02 5.537492e-02 7.490772e-02 5.132312e-02 4.883397e-02 6.919499e-02 4.470079e-02 4.760099e-02 5.023674e-02 5.034183e-02 4.702124e-02 4.258230e-02 3.591052e-02 3.985821e-02 3.417786e-02 -9.999000e+03 -9.999000e+03 -9.999000e+03 -9.999000e+03 -9.999000e+03 -9.999000e+03 -9.999000e+03 -9.999000e+03 -9.999000e+03 -9.999000e+03 -9.999000e+03 -9.999000e+03
6.710306e-02 5.375267e-02 6.479118e-02 6.283809e-02 6.130619e-02 6.068467e-02 6.081944e-02 6.150967e-02 6.192412e-02 6.186103e-02 6.137440e-02 6.034931e-02 5.919754e-02 5.810079e-02 5.675755e-02 5.494709e-02 9.990528e-02 5.168683e-02 5.232856e-02 5.353965e-02 5.446111e-02 5.516237e-02 5.549914e-02 5.589550e-02 5.664308e-02 5.739895e-02 5.785615e-02 7.265926e-02 5.608328e-02 5.379707e-02 7.048224e-02 4.861579e-02 4.750565e-02 4.760815e-02 4.817679e-02 5.459921e-02 3.896052e-02 3.696369e-02 4.039455e-02 3.991674e-02 3.815909e-02 1.374633e-01 -9.999000e+03 -9.999000e+03 -9.999000e+03 -9.999000e+03 -9.999000e+03 -9.999000e+03 -9.999000e+03 -9.999000e+03 -9.999000e+03 -9.999000e+03
6.725613e-02 6.291635e-02 6.357754e-02 6.165168e-02 4.976198e-02 6.066216e-02 6.108506e-02 6.188988e-02 6.234759e-02 6.222951e-02 6.166062e-02 6.065405e-02 5.958779e-02 5.843165e-02 5.670323e-02 5.437217e-02 1.014925e-01 5.162387e-02 5.268425e-02 5.398556e-02 5.476611e-02 5.525246e-02 5.543560e-02 5.583902e-02 5.688784e-02 5.826811e-02 5.937253e-02 6.867990e-02 5.843835e-02 5.688866e-02 6.857047e-02 5.155679e-02 4.839521e-02 4.659946e-02 4.634561e-02 4.848542e-02 4.445951e-02 4.271961e-02 3.682491e-02 4.141666e-02 0.000000e+00 1.856819e-01 1.183992e-01 1.042354e-01 -9.999000e+03 -9.999000e+03 -9.999000e+03 -9.999000e+03 -9.999000e+03 -9.999000e+03 -9.999000e+03 -9.999000e+03
6.609404e-02 6.386024e-02 6.246934e-02 6.133850e-02 5.016146e-02 5.864837e-02 6.095353e-02 6.199365e-02 6.291905e-02 6.299823e-02 6.239053e-02 6.116193e-02 5.955450e-02 5.746200e-02 5.500153e-02 5.293651e-02 5.236318e-02 1.040961e-01 5.474935e-02 5.633264e-02 5.731180e-02 5.761010e-02 5.729160e-02 5.704107e-02 5.754283e-02 5.891734e-02 6.018715e-02 6.301315e-02 5.913566e-02 5.784973e-02 6.432120e-02 5.343812e-02 5.057441e-02 4.818074e-02 4.631824e-02 4.545422e-02 4.455264e-02 4.401110e-02 4.282675e-02 0.000000e+00 0.000000e+00 6.420104e-02 4.421074e-02 2.399020e-02 9.218512e-02 -9.999000e+03 -9.999000e+03 -9.999000e+03 -9.999000e+03 -9.999000e+03 -9.999000e+03 -9.999000e+03
6.342253e-02 6.184999e-02 6.103658e-02 6.094184e-02 5.896962e-02 5.030390e-02 6.102340e-02 6.240744e-02 6.311424e-02 6.272065e-02 6.169322e-02 6.006477e-02 5.806304e-02 5.571609e-02 5.380557e-02 5.318924e-02 5.397393e-02 5.567593e-02 1.230938e-01 5.893861e-02 5.954052e-02 5.932859e-02 5.856529e-02 5.800415e-02 5.827592e-02 5.956358e-02 6.054625e-02 6.037552e-02 5.955366e-02 5.880059e-02 5.990953e-02 5.565396e-02 5.323672e-02 6.003286e-02 4.798447e-02 3.973792e-02 4.563219e-02 4.577132e-02 0.000000e+00 0.000000e+00 3.348970e-02 5.543553e-02 3.826177e-02 2.998647e-02 2.523713e-02 8.819183e-02 -9.999000e+03 -9.999000e+03 -9.999000e+03 -9.999000e+03 -9.999000e+03 -9.999000e+03
5.900824e-02 5.851957e-02 5.918410e-02 6.022150e-02 6.079597e-02 5.947653e-02 5.127275e-02 6.286034e-02 6.233087e-02 6.084506e-02 5.906352e-02 5.694912e-02 5.504755e-02 5.383322e-02 5.401169e-02 5.538572e-02 5.718289e-02 5.916320e-02 1.434146e-01 6.139258e-02 6.103882e-02 6.006244e-02 5.899690e-02 5.856842e-02 5.904735e-02 6.014103e-02 6.042467e-02 5.999818e-02 5.982284e-02 5.992290e-02 5.970420e-02 5.827371e-02 7.350989e-02 5.365313e-02 4.976305e-02 4.188001e-02 4.871890e-02 0.000000e+00 0.000000e+00 3.844236e-02 3.997281e-02 5.058027e-02 3.287381e-02 2.952322e-02 2.978979e-02 2.773026e-02 2.569707e-02 -9.999000e+03 -9.999000e+03 -9.999000e+03 -9.999000e+03 -9.999000e+03
5.264564e-02 5.378059e-02 5.569309e-02 5.748369e-02 4.851642e-02 6.027148e-02 6.120463e-02 5.953591e-02 6.091027e-02 5.948795e-02 5.791041e-02 5.621044e-02 5.516652e-02 5.515184e-02 5.620798e-02 5.795563e-02 5.963480e-02 6.106988e-02 1.496195e-01 6.151431e-02 6.070001e-02 5.972104e-02 5.902547e-02 5.907459e-02 5.977056e-02 6.047332e-02 5.997122e-02 5.909061e-02 5.904508e-02 5.948257e-02 5.982366e-02 8.405239e-02 5.713839e-02 5.560792e-02 5.219402e-02 4.385981e-02 0.000000e+00 0.000000e+00 4.187831e-02 4.545863e-02 4.367602e-02 5.818425e-02 3.523711e-02 2.926192e-02 3.275984e-02 3.387796e-02 3.366112e-02 2.739802e-02 9.017588e-02 -9.999000e+03 -9.999000e+03 -9.999000e+03
4.441646e-02 4.749742e-02 5.002199e-02 5.220371e-02 5.444201e-02 5.464041e-02 5.826909e-02 5.922558e-02 5.935399e-02 5.964778e-02 5.934406e-02 5.896757e-02 5.898664e-02 5.926753e-02 5.971772e-02 6.037696e-02 6.081731e-02 6.086007e-02 6.014284e-02 1.319682e-01 5.844326e-02 5.835153e-02 5.875782e-02 5.959301e-02 6.041702e-02 6.053315e-02 5.919139e-02 5.763629e-02 5.709890e-02 5.722933e-02 8.990040e-02 5.754361e-02 5.676282e-02 5.600744e-02 0.000000e+00 0.000000e+00 0.000000e+00 4.467225e-02 4.962981e-02 4.866354e-02 6.346520e-02 4.398479e-02 3.709849e-02 3.797857e-02 3.619495e-02 3.432917e-02 3.587678e-02 4.464964e-02 2.752310e-02 1.086371e-01 -9.999000e+03 -9.999000e+03
1.644119e-01 2.049227e-01 4.286213e-02 4.571763e-02 5.154256e-02 5.434073e-02 5.642872e-02 5.830120e-02 5.966757e-02 6.068034e-02 6.133624e-02 6.189075e-02 6.246070e-02 6.273137e-02 6.265709e-02 6.228509e-02 6.142449e-02 6.012954e-02 5.835161e-02 1.198969e-01 5.563229e-02 5.591030e-02 5.709554e-02 5.852773e-02 5.935382e-02 5.891344e-02 5.703861e-02 5.542864e-02 5.501568e-02 5.515708e-02 9.354425e-02 5.710384e-02 5.690935e-02 0.000000e+00 0.000000e+00 4.664254e-02 4.623014e-02 5.260459e-02 5.254407e-02 6.715890e-02 4.884155e-02 4.652425e-02 3.982608e-02 4.258234e-02 3.956402e-02 4.381145e-02 4.051403e-02 3.484179e-02 3.193761e-02 4.771493e-02 2.667364e-02 1.101396e-01
6.188831e-02 5.847227e-02 2.698834e-01 4.542505e-02 4.806563e-02 5.219467e-02 5.552544e-02 5.774219e-02 5.967784e-02 6.118656e-02 6.234383e-02 6.344648e-02 6.424069e-02 6.444275e-02 6.398331e-02 6.249897e-02 6.003652e-02 5.720957e-02 5.418056e-02 5.124919e-02 1.023503e-01 4.929021e-02 5.100827e-02 5.297471e-02 5.615665e-02 5.520704e-02 5.321640e-02 5.227204e-02 5.279141e-02 5.355472e-02 9.650990e-02 5.731914e-02 0.000000e+00 0.000000e+00 4.681062e-02 5.393893e-02 5.369262e-02 5.481549e-02 7.512307e-02 5.277721e-02 5.107901e-02 4.832053e-02 4.719905e-02 3.914198e-02 4.270596e-02 5.652663e-02 3.626853e-02 4.051826e-02 3.934027e-02 4.966711e-02 3.175310e-02 4.753327e-02
4.259040e-02 4.965811e-02 5.057909e-02 3.022182e-01 3.171704e-01 3.757337e-01 4.063838e-01 5.654251e-02 5.726022e-02 5.789584e-02 5.857911e-02 5.940337e-02 5.963075e-02 5.919218e-02 7.258896e-02 5.640693e-02 5.416123e-02 5.208634e-02 4.994675e-02 4.789278e-02 4.025101e-02 9.708280e-02 6.146613e-02 5.101641e-02 5.035941e-02 4.850486e-02 4.997440e-02 4.998642e-02 5.152569e-02 5.305426e-02 9.955994e-02 0.000000e+00 0.000000e+00 4.769525e-02 5.472002e-02 5.567140e-02 5.536765e-02 5.541976e-02 8.102883e-02 5.417129e-02 5.266983e-02 5.073628e-02 4.776973e-02 4.040395e-02 4.473512e-02 5.264444e-02 4.255149e-02 4.310096e-02 4.241677e-02 4.590897e-02 3.949012e-02 4.556515e-02
5.418507e-02 5.622067e-02 5.552094e-02 5.101260e-02 5.010929e-02 5.359485e-02 5.485986e-02 3.594761e-01 3.333737e-01 3.085112e-01 2.926660e-01 2.837941e-01 2.646833e-01 2.375345e-01 2.135581e-01 1.963709e-01 1.992777e-01 4.345295e-02 4.474069e-02 4.575197e-02 4.738239e-02 4.861353e-02 1.207340e-01 5.054776e-02 4.775141e-02 4.512919e-02 4.436205e-02 4.900459e-02 5.159299e-02 5.383350e-02 0.000000e+00 0.000000e+00 5.694235e-02 4.817779e-02 5.710948e-02 5.659163e-02 5.587989e-02 5.554218e-02 8.535137e-02 5.476790e-02 5.371146e-02 5.175042e-02 4.896222e-02 4.799372e-02 4.878244e-02 3.791577e-02 4.248611e-02 4.249524e-02 4.296060e-02 4.375436e-02 4.379894e-02 4.376895e-02
5.578077e-02 5.872086e-02 5.770572e-02 9.755972e-02 9.553595e-02 1.110138e-01 1.194123e-01 1.179617e-01 1.155591e-01 1.121863e-01 1.095302e-01 1.084794e-01 1.064496e-01 1.016355e-01 9.848504e-02 9.609880e-02 9.235981e-02 2.397955e-01 2.441528e-01 4.095843e-02 4.346929e-02 4.733842e-02 1.057299e-01 4.718847e-02 4.457305e-02 4.282141e-02 4.304483e-02 4.572006e-02 5.221044e-02 0.000000e+00 0.000000e+00 5.875840e-02 5.736163e-02 4.847850e-02 5.798750e-02 5.736118e-02 5.649339e-02 9.106812e-02 5.593087e-02 5.577320e-02 5.488274e-02 5.296291e-02 5.118294e-02 4.925585e-02 4.619139e-02 4.481598e-02 3.732572e-02 4.220753e-02 4.275546e-02 4.392504e-02 4.480392e-02 4.444423e-02
5.845687e-02 1.221824e-01 1.228607e-01 5.883559e-02 6.011243e-02 6.293488e-02 6.456270e-02 6.484124e-02 6.466370e-02 6.411516e-02 6.328306e-02 6.038517e-02 5.864201e-02 5.638105e-02 5.384313e-02 5.138876e-02 6.303870e-02 6.984752e-02 6.339216e-02 2.251276e-01 2.280714e-01 2.811335e-01 2.767582e-01 9.143478e-02 4.089257e-02 4.168090e-02 4.308038e-02 4.690540e-02 0.000000e+00 0.000000e+00 4.783262e-02 7.121832e-02 5.760311e-02 4.860745e-02 5.844389e-02 5.803932e-02 5.733179e-02 9.584632e-02 5.732628e-02 5.727113e-02 5.646278e-02 5.462437e-02 5.237447e-02 5.021534e-02 4.874439e-02 4.609323e-02 3.895841e-02 4.297722e-02 4.242344e-02 4.252991e-02 4.277536e-02 4.294783e-02
1.036894e-01 5.702705e-02 5.885748e-02 6.021769e-02 6.239476e-02 6.525841e-02 6.715122e-02 6.799266e-02 6.846116e-02 6.851789e-02 6.808719e-02 6.722531e-02 6.604661e-02 6.460947e-02 6.292955e-02 5.929440e-02 5.714858e-02 5.469478e-02 6.569137e-02 7.026703e-02 7.581381e-02 4.719354e-02 6.568697e-02 1.772162e-01 8.176321e-02 3.699885e-02 4.149585e-02 4.078317e-02 0.000000e+00 4.419679e-02 5.505243e-02 7.905920e-02 4.980084e-02 5.743605e-02 5.901811e-02 5.853126e-02 5.800999e-02 1.002792e-01 5.854465e-02 5.848168e-02 5.760982e-02 5.585546e-02 5.350088e-02 5.112385e-02 4.971805e-02 4.778052e-02 4.680181e-02 3.887336e-02 4.354493e-02 4.283105e-02 4.236700e-02 4.244721e-02
5.417415e-02 5.616634e-02 5.771742e-02 5.855090e-02 6.000608e-02 6.252721e-02 6.458824e-02 6.593073e-02 6.719286e-02 6.811227e-02 6.833810e-02 6.812720e-02 6.789580e-02 6.765770e-02 6.712172e-02 6.633762e-02 6.545981e-02 6.427948e-02 5.997100e-02 5.509834e-02 5.247809e-02 0.000000e+00 0.000000e+00 0.000000e+00 1.337367e-01 7.782953e-02 3.880855e-02 0.000000e+00 0.000000e+00 4.654922e-02 5.160619e-02 7.832038e-02 5.036271e-02 6.066683e-02 5.988661e-02 5.885557e-02 1.077945e-01 5.899469e-02 5.953439e-02 5.951999e-02 5.840729e-02 5.657130e-02 5.432335e-02 5.176363e-02 5.023718e-02 4.977536e-02 4.770995e-02 4.085442e-02 4.605696e-02 4.506167e-02 4.417956e-02 4.356484e-02
5.353097e-02 5.527626e-02 5.628557e-02 5.656031e-02 5.733349e-02 5.924516e-02 6.100247e-02 6.228032e-02 6.390657e-02 6.567294e-02 6.672063e-02 6.713906e-02 6.761782e-02 6.822138e-02 6.851835e-02 6.850503e-02 6.858593e-02 6.857251e-02 6.747631e-02 6.490479e-02 6.083513e-02 6.018319e-02 5.787228e-02 0.000000e+00 0.000000e+00 0.000000e+00 6.836166e-02 0.000000e+00 3.589472e-02 4.154236e-02 4.707895e-02 6.729960e-02 5.723883e-02 6.023905e-02 5.990227e-02 5.924587e-02 1.174874e-01 5.970948e-02 6.020809e-02 6.046715e-02 5.947772e-02 5.742790e-02 5.502272e-02 5.233520e-02 5.075224e-02 5.016376e-02 4.256425e-02 4.779259e-02 4.784087e-02 4.679999e-02 4.574805e-02 4.514248e-02
5.222510e-02 5.321578e-02 5.389030e-02 5.406325e-02 5.447779e-02 5.569418e-02 5.675553e-02 5.742788e-02 5.896485e-02 6.140833e-02 6.334188e-02 6.448481e-02 6.553591e-02 6.669125e-02 7.191303e-02 6.815929e-02 6.907055e-02 7.018873e-02 7.053291e-02 6.985378e-02 6.878098e-02 6.683410e-02 6.362074e-02 5.865774e-02 5.461951e-02 0.000000e+00 0.000000e+00 0.000000e+00 9.167670e-03 3.650075e-02 5.087416e-02 5.798896e-02 5.404713e-02 5.642336e-02 5.841014e-02 5.955270e-02 1.285177e-01 6.060362e-02 6.079257e-02 6.115394e-02 6.052011e-02 5.853744e-02 5.586478e-02 5.288340e-02 5.106020e-02 4.911943e-02 4.244178e-02 4.916336e-02 4.868288e-02 4.784405e-02 4.677786e-02 4.685707e-02
5.048848e-02 5.100511e-02 5.171787e-02 5.231543e-02 5.274781e-02 5.341141e-02 5.387414e-02 5.392998e-02 5.489685e-02 5.710062e-02 5.921489e-02 6.081230e-02 6.219018e-02 7.442697e-02 6.466382e-02 6.554470e-02 6.695723e-02 6.880332e-02 6.996228e-02 7.026500e-02 7.030278e-02 7.011426e-02 6.733078e-02 6.209489e-02 5.954310e-02 2.377761e-02 0.000000e+00 0.000000e+00 0.000000e+00 0.000000e+00 5.174306e-02 4.899336e-02 4.750482e-02 5.449925e-02 5.743249e-02 5.929095e-02 1.356764e-01 6.134333e-02 6.171916e-02 6.190862e-02 6.140787e-02 5.979008e-02 5.725950e-02 5.423574e-02 5.209792e-02 4.986755e-02 4.286174e-02 4.968689e-02 4.924552e-02 4.897716e-02 4.857650e-02 4.928395e-02
4.798419e-02 4.837209e-02 4.951268e-02 5.100182e-02 5.179189e-02 5.210663e-02 5.226962e-02 5.203931e-02 5.212874e-02 5.317204e-02 5.479812e-02 5.656301e-02 7.468703e-02 5.913602e-02 6.013566e-02 6.097437e-02 6.267175e-02 6.511964e-02 6.670416e-02 6.734908e-02 6.825583e-02 6.953375e-02 6.863836e-02 6.346009e-02 6.068784e-02 0.000000e+00 0.000000e+00 4.796198e-02 5.130304e-02 0.000000e+00 0.000000e+00 0.000000e+00 4.743621e-02 5.390306e-02 5.790619e-02 5.859831e-02 1.378598e-01 6.174871e-02 6.268887e-02 6.274354e-02 6.225347e-02 6.103190e-02 5.901776e-02 5.640204e-02 5.424261e-02 5.157295e-02 4.390002e-02 5.044588e-02 4.964889e-02 5.006747e-02 5.116261e-02 5.248799e-02
