tests/data/reference/test_sheet_stream/mvel_m_s.asc
ncols	123
nrows	77
xllcorner	-713746.79929998
yllcorner	-1061022.36961616
cellsize	10.0
NODATA_value	-9999
[rows 46 to 68 of 77, columns 52 to 103 of 123]
4.609283e-02 4.553803e-02 4.651731e-02 4.876034e-02 4.999564e-02 4.998844e-02 5.020010e-02 5.051504e-02 5.053574e-02 5.068604e-02 5.171976e-02 7.500286e-02 5.471292e-02 5.526350e-02 5.559988e-02 5.604227e-02 5.799629e-02 6.101644e-02 6.312057e-02 6.388450e-02 6.530546e-02 6.757527e-02 6.789619e-02 6.530857e-02 6.375828e-02 0.000000e+00 1.486349e-02 4.883398e-02 5.478294e-02 5.568003e-02 5.263452e-02 0.000000e+00 0.000000e+00 0.000000e+00 5.239162e-02 5.600219e-02 1.321947e-01 6.124990e-02 6.294567e-02 6.314310e-02 6.267118e-02 6.161294e-02 6.010504e-02 5.813910e-02 5.632085e-02 5.358566e-02 4.544455e-02 5.223404e-02 5.104472e-02 5.140500e-02 5.312469e-02 5.462290e-02
4.536367e-02 4.325349e-02 4.343149e-02 4.610612e-02 4.668060e-02 4.659854e-02 4.694502e-02 4.793626e-02 4.954320e-02 4.935856e-02 7.557216e-02 5.184814e-02 5.251617e-02 5.102225e-02 5.076012e-02 5.192473e-02 5.218881e-02 5.573261e-02 5.802198e-02 5.875870e-02 6.035160e-02 6.301605e-02 6.445368e-02 6.626254e-02 5.299127e-02 0.000000e+00 1.485448e-02 5.020482e-02 5.647237e-02 5.910620e-02 5.849250e-02 5.560854e-02 4.787840e-02 0.000000e+00 0.000000e+00 5.049751e-02 1.176089e-01 5.947010e-02 6.227414e-02 6.304230e-02 6.260766e-02 6.143657e-02 6.035243e-02 5.919672e-02 5.809963e-02 5.573183e-02 4.731714e-02 5.491230e-02 5.351351e-02 5.326871e-02 5.444008e-02 5.554058e-02
4.611285e-02 4.314236e-02 4.248354e-02 3.876145e-02 3.977077e-02 3.960811e-02 3.982646e-02 4.699863e-02 4.678338e-02 7.717661e-02 4.922451e-02 4.975471e-02 4.380857e-02 4.320000e-02 5.044860e-02 4.254954e-02 4.364344e-02 4.613063e-02 4.753187e-02 4.788408e-02 4.909992e-02 5.117742e-02 6.402899e-02 6.407492e-02 6.686476e-02 0.000000e+00 1.450297e-02 5.883920e-02 5.973260e-02 6.222223e-02 6.245642e-02 5.991810e-02 5.248345e-02 3.325449e-02 0.000000e+00 4.266319e-02 1.094908e-01 5.720452e-02 6.092610e-02 6.256612e-02 6.245023e-02 6.124187e-02 6.048795e-02 5.999534e-02 5.957638e-02 5.757271e-02 4.883268e-02 5.739379e-02 5.616480e-02 5.548893e-02 5.571764e-02 5.595315e-02
4.772893e-02 4.483195e-02 3.728224e-02 4.326376e-02 4.486541e-02 4.494848e-02 4.492741e-02 3.893897e-02 7.794938e-02 4.714682e-02 4.172133e-02 4.300849e-02 4.984940e-02 5.046534e-02 4.257863e-02 4.881224e-02 5.095816e-02 5.334021e-02 5.475623e-02 5.502313e-02 5.587383e-02 5.763159e-02 5.050589e-02 5.357917e-02 7.605829e-02 0.000000e+00 5.287967e-02 6.151771e-02 6.227138e-02 6.493234e-02 6.547935e-02 6.333283e-02 5.733216e-02 4.665469e-02 0.000000e+00 0.000000e+00 1.085405e-01 5.484913e-02 5.901860e-02 6.153803e-02 6.208172e-02 6.124810e-02 6.078226e-02 6.068042e-02 6.078557e-02 5.908073e-02 5.003347e-02 5.948641e-02 5.881829e-02 5.795216e-02 5.697266e-02 5.592949e-02
4.949647e-02 6.457665e-02 5.871245e-02 5.356344e-02 4.827197e-02 4.479696e-02 4.457146e-02 7.872609e-02 4.499972e-02 4.039392e-02 4.731501e-02 4.957765e-02 5.031992e-02 5.011768e-02 5.017237e-02 5.064543e-02 5.188975e-02 5.396188e-02 5.517031e-02 5.531967e-02 5.535183e-02 5.543056e-02 5.746725e-02 6.159607e-02 6.362129e-02 0.000000e+00 5.324489e-02 5.376843e-02 6.371200e-02 6.764889e-02 6.832377e-02 6.692645e-02 6.190412e-02 6.814300e-02 4.361871e-02 0.000000e+00 9.912104e-02 5.313607e-02 5.736003e-02 6.032644e-02 6.140285e-02 6.111650e-02 6.100744e-02 5.024719e-02 6.156942e-02 7.048359e-02 5.105214e-02 6.125585e-02 6.077923e-02 5.987696e-02 5.845623e-02 5.677583e-02
7.220784e-02 4.998021e-02 5.943264e-02 5.842702e-02 6.514422e-02 7.533047e-02 7.826598e-02 4.476628e-02 4.546557e-02 4.755980e-02 4.879836e-02 4.898631e-02 4.918797e-02 4.937993e-02 4.991409e-02 5.086291e-02 6.299040e-02 5.938956e-02 5.700653e-02 5.733869e-02 5.651746e-02 5.426132e-02 5.443572e-02 5.766362e-02 6.028900e-02 0.000000e+00 5.306319e-02 6.458163e-02 6.871408e-02 7.027286e-02 7.098026e-02 6.967768e-02 6.507461e-02 5.674517e-02 5.937771e-02 0.000000e+00 0.000000e+00 4.922322e-02 5.632909e-02 5.930842e-02 6.063787e-02 6.081964e-02 5.892732e-02 5.028509e-02 6.143923e-02 7.596774e-02 5.180892e-02 6.288083e-02 6.208683e-02 6.116767e-02 6.021638e-02 5.872573e-02
5.204269e-02 5.177246e-02 4.237806e-02 4.741515e-02 4.965986e-02 4.620936e-02 4.628616e-02 4.583917e-02 4.682848e-02 4.933073e-02 5.020569e-02 4.899735e-02 4.828973e-02 4.838663e-02 4.894806e-02 4.990772e-02 4.433390e-02 5.406868e-02 5.785958e-02 5.949993e-02 5.818788e-02 5.346520e-02 5.198595e-02 5.477537e-02 4.887696e-02 0.000000e+00 5.330517e-02 6.509051e-02 6.982573e-02 7.240681e-02 7.294222e-02 7.118626e-02 6.709147e-02 6.099232e-02 5.136796e-02 5.295558e-02 0.000000e+00 6.236487e-02 5.617110e-02 5.837252e-02 5.942181e-02 5.945113e-02 4.969147e-02 5.880541e-02 6.147848e-02 6.973475e-02 6.144594e-02 6.413463e-02 6.342947e-02 6.245343e-02 6.167325e-02 6.070280e-02
5.243360e-02 5.298200e-02 5.141703e-02 5.570983e-02 4.596213e-02 4.640938e-02 4.685889e-02 4.691989e-02 4.839477e-02 6.135958e-02 5.643202e-02 5.057292e-02 4.877365e-02 4.786751e-02 4.789715e-02 4.873801e-02 5.106749e-02 5.477937e-02 5.790009e-02 6.025231e-02 5.892351e-02 5.310285e-02 6.411347e-02 6.761016e-02 6.512463e-02 0.000000e+00 5.381768e-02 6.575722e-02 7.083566e-02 7.407210e-02 7.448924e-02 7.166787e-02 6.854955e-02 6.538269e-02 5.776182e-02 6.663777e-02 0.000000e+00 0.000000e+00 5.505339e-02 5.775556e-02 5.773107e-02 4.749074e-02 5.662214e-02 6.007263e-02 6.172124e-02 6.453271e-02 6.386509e-02 6.488509e-02 6.481036e-02 6.388255e-02 6.277724e-02 6.242833e-02
5.309612e-02 5.411722e-02 6.491123e-02 4.853847e-02 4.640688e-02 4.690609e-02 4.750087e-02 4.780308e-02 4.941002e-02 5.261236e-02 5.384989e-02 5.269730e-02 5.076084e-02 4.852243e-02 4.785294e-02 4.884211e-02 5.100054e-02 5.420493e-02 5.710573e-02 5.956396e-02 5.825251e-02 5.205745e-02 4.270431e-02 4.680681e-02 5.799703e-02 0.000000e+00 5.456571e-02 6.684573e-02 7.202337e-02 7.513246e-02 7.534983e-02 7.246741e-02 6.957647e-02 6.899511e-02 8.063772e-02 7.851924e-02 4.464490e-02 0.000000e+00 5.726085e-02 5.649702e-02 5.593014e-02 4.778630e-02 5.858286e-02 6.079002e-02 6.253025e-02 6.376219e-02 6.444309e-02 6.510230e-02 6.546261e-02 6.497075e-02 6.395343e-02 6.370010e-02
5.422861e-02 5.505215e-02 5.363858e-02 4.960603e-02 4.759548e-02 4.797085e-02 4.852338e-02 4.896009e-02 5.025507e-02 4.463272e-02 6.706902e-02 7.605943e-02 6.997050e-02 8.278450e-02 8.627864e-02 8.468899e-02 8.305512e-02 8.162159e-02 7.965067e-02 7.708156e-02 7.122757e-02 6.166931e-02 5.637663e-02 5.690050e-02 0.000000e+00 0.000000e+00 5.596110e-02 6.844396e-02 7.305839e-02 7.498388e-02 7.480387e-02 7.275755e-02 7.144814e-02 7.135774e-02 6.751746e-02 7.227039e-02 7.727581e-02 0.000000e+00 5.995013e-02 5.837992e-02 4.989397e-02 5.834587e-02 6.142395e-02 6.290173e-02 6.411141e-02 6.474265e-02 6.476948e-02 6.487610e-02 6.530248e-02 6.553706e-02 6.521146e-02 6.461772e-02
5.577606e-02 5.567121e-02 5.418126e-02 5.107451e-02 4.940648e-02 4.945067e-02 4.994698e-02 5.079927e-02 5.171401e-02 6.406036e-02 5.428362e-02 5.551701e-02 6.710278e-02 5.223988e-02 5.130369e-02 6.426942e-02 6.001011e-02 5.589240e-02 5.725250e-02 5.901533e-02 5.851945e-02 5.501525e-02 5.508847e-02 5.961952e-02 0.000000e+00 1.563612e-02 5.808903e-02 6.900091e-02 7.233664e-02 7.269835e-02 7.252825e-02 7.240845e-02 7.240413e-02 7.250885e-02 6.881059e-02 7.862626e-02 9.332656e-02 0.000000e+00 0.000000e+00 5.299539e-02 6.109499e-02 6.360628e-02 6.428802e-02 6.488391e-02 6.532888e-02 6.552775e-02 6.524329e-02 6.481184e-02 6.474672e-02 6.500239e-02 6.500963e-02 6.415478e-02
5.743404e-02 5.578527e-02 5.423571e-02 5.291402e-02 5.160526e-02 5.108482e-02 5.137204e-02 5.252438e-02 5.326688e-02 5.346921e-02 5.435835e-02 5.591082e-02 5.588925e-02 5.387230e-02 5.323164e-02 5.462347e-02 6.825578e-02 7.943437e-02 8.870611e-02 8.572685e-02 8.140643e-02 7.557503e-02 7.134740e-02 6.851766e-02 0.000000e+00 1.577345e-02 5.796219e-02 6.780727e-02 7.001155e-02 6.949611e-02 7.007835e-02 7.215898e-02 7.338322e-02 7.349970e-02 7.136520e-02 6.659722e-02 8.506283e-02 9.252964e-02 0.000000e+00 6.848293e-02 6.981214e-02 6.777903e-02 6.697965e-02 6.646163e-02 6.598722e-02 6.592871e-02 6.582185e-02 6.506232e-02 6.397826e-02 6.334958e-02 6.308276e-02 6.209832e-02
5.791685e-02 5.285859e-02 5.304201e-02 5.303625e-02 5.250649e-02 5.184403e-02 5.195258e-02 5.308680e-02 5.385006e-02 5.393751e-02 5.451311e-02 5.577395e-02 5.607903e-02 5.497597e-02 5.466995e-02 5.578776e-02 5.716815e-02 5.860933e-02 6.003121e-02 7.531085e-02 7.009694e-02 6.489280e-02 6.280517e-02 6.423727e-02 0.000000e+00 1.584319e-02 5.759111e-02 6.646999e-02 6.810274e-02 6.759126e-02 1.548939e-01 1.608543e-01 1.547148e-01 2.067128e-01 2.057828e-01 1.886003e-01 1.379386e-01 2.080395e-01 0.000000e+00 0.000000e+00 7.217591e-02 6.946935e-02 6.828713e-02 6.709491e-02 6.614709e-02 6.580642e-02 6.567317e-02 6.491365e-02 6.345041e-02 6.234651e-02 6.200749e-02 6.102137e-02
4.798227e-02 5.223676e-02 5.031130e-02 5.140767e-02 5.208913e-02 5.171146e-02 5.173155e-02 5.256297e-02 5.346437e-02 5.406835e-02 5.457529e-02 5.523351e-02 5.571848e-02 5.560328e-02 5.564739e-02 5.635514e-02 5.753993e-02 5.910462e-02 6.077247e-02 6.239938e-02 7.829682e-02 8.107254e-02 8.351758e-02 1.021558e-01 0.000000e+00 5.666558e-02 6.754502e-02 8.341468e-02 9.968226e-02 1.248865e-01 6.898834e-02 8.923198e-02 1.251885e-01 7.516542e-02 7.648227e-02 1.189276e-01 1.339857e-01 8.368210e-02 2.019845e-01 0.000000e+00 0.000000e+00 6.911239e-02 6.749565e-02 6.666475e-02 6.577312e-02 6.520873e-02 6.471799e-02 6.413265e-02 6.305634e-02 6.222526e-02 6.224245e-02 1.493978e-01
5.460150e-02 4.995315e-02 4.629945e-02 4.967060e-02 5.106482e-02 5.121299e-02 5.117076e-02 5.135628e-02 5.230423e-02 5.384636e-02 5.457010e-02 5.472247e-02 5.535993e-02 5.621321e-02 5.674794e-02 5.720163e-02 5.815166e-02 5.956760e-02 6.121134e-02 6.299747e-02 5.224031e-02 5.230077e-02 6.538484e-02 5.529317e-02 0.000000e+00 5.716687e-02 6.783462e-02 6.853514e-02 6.774150e-02 6.725321e-02 6.585123e-02 6.820611e-02 7.021001e-02 7.153611e-02 7.349856e-02 7.621350e-02 7.570761e-02 7.432693e-02 6.172621e-02 1.663484e-01 0.000000e+00 0.000000e+00 6.374903e-02 6.435448e-02 6.450906e-02 6.449064e-02 6.409619e-02 6.380550e-02 6.311478e-02 6.209160e-02 6.150596e-02 1.546439e-01
5.418024e-02 4.014181e-02 4.485312e-02 4.649883e-02 4.857677e-02 4.936637e-02 4.934795e-02 4.880916e-02 5.083497e-02 5.282913e-02 5.402816e-02 5.423702e-02 5.491498e-02 5.635346e-02 5.749254e-02 5.817496e-02 5.915341e-02 6.046571e-02 6.183696e-02 5.190812e-02 6.138934e-02 6.278807e-02 5.246960e-02 6.470447e-02 0.000000e+00 5.653637e-02 6.687965e-02 6.748154e-02 6.393996e-02 5.417468e-02 5.478437e-02 5.593291e-02 5.725320e-02 5.852989e-02 6.025505e-02 6.250195e-02 8.123268e-02 1.080500e-01 8.010298e-02 6.177780e-02 1.386324e-01 0.000000e+00 5.345968e-02 5.724952e-02 6.203675e-02 6.354673e-02 6.387902e-02 6.403065e-02 6.376419e-02 6.204696e-02 1.539673e-01 5.992197e-02
5.196896e-02 4.629101e-02 3.740082e-02 3.947242e-02 4.110279e-02 4.213990e-02 4.206852e-02 4.797139e-02 4.739802e-02 4.966172e-02 5.219424e-02 5.239874e-02 5.322420e-02 5.500288e-02 5.663491e-02 5.789438e-02 5.934826e-02 6.098754e-02 5.152609e-02 6.154613e-02 6.376116e-02 6.284565e-02 6.354385e-02 6.654239e-02 0.000000e+00 5.562486e-02 6.574722e-02 5.422102e-02 5.363546e-02 6.360382e-02 6.633271e-02 6.731294e-02 6.879614e-02 7.099843e-02 7.366830e-02 7.681792e-02 6.234689e-02 6.297084e-02 7.344567e-02 6.734315e-02 5.244711e-02 0.000000e+00 0.000000e+00 5.209695e-02 5.939337e-02 6.208207e-02 6.284644e-02 6.286486e-02 6.269847e-02 1.641280e-01 5.861131e-02 1.280283e-01
4.930501e-02 4.556319e-02 4.345903e-02 4.429116e-02 4.568096e-02 4.719882e-02 4.736723e-02 3.936488e-02 3.959779e-02 4.776158e-02 4.807133e-02 4.846689e-02 5.052927e-02 5.224554e-02 5.442363e-02 5.659337e-02 5.731502e-02 5.095144e-02 6.112454e-02 6.411178e-02 6.441542e-02 6.327897e-02 6.346349e-02 6.551839e-02 0.000000e+00 5.483598e-02 6.511223e-02 6.719965e-02 6.696607e-02 6.656197e-02 6.623886e-02 6.594471e-02 6.660812e-02 6.838052e-02 7.086883e-02 7.386825e-02 7.646524e-02 7.860427e-02 1.221327e-01 1.124658e-01 8.159864e-02 6.311347e-02 0.000000e+00 0.000000e+00 5.488740e-02 7.534463e-02 4.986580e-02 6.008757e-02 1.627639e-01 5.800262e-02 1.203150e-01 6.483013e-02
4.590938e-02 4.466783e-02 4.398916e-02 4.412619e-02 4.463389e-02 4.543377e-02 4.533685e-02 4.406928e-02 4.388887e-02 3.918447e-02 3.996763e-02 4.644564e-02 4.658801e-02 4.821341e-02 5.077789e-02 4.706814e-02 4.917718e-02 5.977751e-02 6.342228e-02 6.447194e-02 6.453962e-02 6.380248e-02 6.371796e-02 6.464290e-02 0.000000e+00 5.447254e-02 6.541626e-02 6.876566e-02 6.907302e-02 6.810413e-02 6.699745e-02 6.584258e-02 6.546644e-02 6.605307e-02 6.791164e-02 7.096501e-02 7.360664e-02 7.569676e-02 6.063799e-02 6.015313e-02 6.837137e-02 6.022431e-02 6.929019e-02 0.000000e+00 5.101575e-02 7.121250e-02 5.952416e-02 1.515351e-01 5.744881e-02 1.153494e-01 6.287873e-02 6.573394e-02
4.254242e-02 4.342759e-02 4.431106e-02 4.475393e-02 4.485358e-02 4.457419e-02 4.400302e-02 4.318975e-02 4.272490e-02 4.274584e-02 4.318926e-02 3.813207e-02 3.912286e-02 4.038935e-02 4.279060e-02 5.296833e-02 5.805126e-02 6.152560e-02 6.345445e-02 6.396135e-02 6.383711e-02 6.326894e-02 7.838566e-02 8.147352e-02 0.000000e+00 5.458690e-02 6.614444e-02 7.060035e-02 7.143320e-02 7.014390e-02 6.843080e-02 6.653600e-02 6.522127e-02 6.461975e-02 6.538532e-02 6.769806e-02 7.030105e-02 7.276604e-02 7.483058e-02 7.645366e-02 7.534251e-02 6.993071e-02 6.190156e-02 0.000000e+00 0.000000e+00 7.613232e-02 1.502354e-01 5.838539e-02 1.039414e-01 7.804828e-02 6.545071e-02 6.673067e-02
3.530685e-02 4.197819e-02 4.468247e-02 4.599840e-02 4.611581e-02 4.485378e-02 4.386401e-02 4.361403e-02 4.279842e-02 4.095133e-02 4.027113e-02 4.136910e-02 4.335522e-02 4.587226e-02 4.933363e-02 5.364054e-02 5.754597e-02 6.098104e-02 6.275591e-02 6.283019e-02 6.222050e-02 6.118593e-02 5.093455e-02 0.000000e+00 0.000000e+00 5.458236e-02 6.643271e-02 7.171163e-02 7.317625e-02 7.219046e-02 7.034613e-02 6.790637e-02 6.581379e-02 6.420964e-02 6.358436e-02 6.417043e-02 6.638519e-02 6.988460e-02 7.287059e-02 7.520751e-02 7.596950e-02 7.465199e-02 6.980125e-02 6.139935e-02 0.000000e+00 0.000000e+00 1.353481e-01 1.038442e-01 7.252605e-02 5.258067e-02 5.403488e-02 6.465325e-02
-9.999000e+03 -9.999000e+03 -9.999000e+03 -9.999000e+03 -9.999000e+03 -9.999000e+03 -9.999000e+03 3.878330e-02 3.788653e-02 3.537396e-02 3.425906e-02 3.525435e-02 4.203695e-02 4.650908e-02 5.023178e-02 5.347174e-02 5.667984e-02 6.002195e-02 6.160721e-02 6.125860e-02 6.029637e-02 5.889692e-02 5.994350e-02 0.000000e+00 1.513089e-02 5.519503e-02 6.602234e-02 7.186298e-02 7.414937e-02 7.406544e-02 7.255153e-02 6.976860e-02 6.695855e-02 6.428506e-02 6.231519e-02 6.128214e-02 6.274064e-02 6.668987e-02 7.048822e-02 7.361786e-02 7.554482e-02 7.628345e-02 7.420168e-02 6.775657e-02 5.671905e-02 0.000000e+00 0.000000e+00 6.493364e-02 6.336115e-02 6.496180e-02 6.822646e-02 5.528869e-02
-9.999000e+03 -9.999000e+03 -9.999000e+03 -9.999000e+03 -9.999000e+03 -9.999000e+03 -9.999000e+03 -9.999000e+03 -9.999000e+03 -9.999000e+03 3.949313e-02 4.004592e-02 3.806267e-02 4.182552e-02 5.059869e-02 5.330750e-02 5.560465e-02 5.877886e-02 6.015898e-02 5.938052e-02 5.836942e-02 5.737262e-02 5.896142e-02 0.000000e+00 1.509217e-02 5.454003e-02 6.504818e-02 7.120023e-02 7.426898e-02 7.539129e-02 7.457989e-02 7.178364e-02 6.846154e-02 6.484132e-02 6.200561e-02 6.024386e-02 6.070782e-02 6.347949e-02 6.718651e-02 7.142168e-02 7.443785e-02 7.612197e-02 7.549705e-02 7.210258e-02 6.367470e-02 5.192612e-02 0.000000e+00 0.000000e+00 6.788255e-02 7.028258e-02 -9.999000e+03 -9.999000e+03
