tests/data/reference/test_sheet_stream/mvel_m_s.asc
ncols	123
nrows	77
xllcorner	-713746.79929998
yllcorner	-1061022.36961616
cellsize	10.0
NODATA_value	-9999
[rows 46 to 68 of 77, columns 0 to 51 of 123]
-9.999000e+03 -9.999000e+03 -9.999000e+03 -9.999000e+03 -9.999000e+03 -9.999000e+03 1.090644e-01 2.980168e-02 2.708364e-02 2.802619e-02 2.549950e-02 2.976297e-02 3.147253e-02 3.166587e-02 3.158087e-02 3.128995e-02 3.151475e-02 3.196088e-02 3.337512e-02 3.641658e-02 3.880603e-02 3.948384e-02 3.968771e-02 3.896432e-02 3.993812e-02 4.184834e-02 4.236410e-02 4.117637e-02 4.073587e-02 4.113947e-02 4.129559e-02 7.313086e-02 7.438005e-02 4.303770e-02 4.473165e-02 4.664416e-02 4.880239e-02 5.089523e-02 5.253667e-02 5.392311e-02 5.469785e-02 5.480894e-02 5.487621e-02 5.521796e-02 5.489182e-02 5.368243e-02 5.261039e-02 5.153525e-02 4.976303e-02 4.726148e-02 4.580805e-02 4.611152e-02
-9.999000e+03 -9.999000e+03 -9.999000e+03 -9.999000e+03 -9.999000e+03 -9.999000e+03 1.322077e-02 2.589284e-02 2.869413e-02 3.012663e-02 2.780670e-02 3.184794e-02 3.311108e-02 3.368922e-02 3.378666e-02 3.288746e-02 3.152877e-02 3.071282e-02 3.180143e-02 3.487855e-02 3.334881e-02 3.459976e-02 3.523242e-02 3.517929e-02 4.007152e-02 4.227847e-02 4.268686e-02 6.750460e-02 6.941265e-02 7.225472e-02 7.380310e-02 4.239223e-02 4.307893e-02 4.448838e-02 4.607731e-02 4.758352e-02 4.923926e-02 5.105275e-02 5.254102e-02 5.393251e-02 5.514394e-02 5.602387e-02 5.662435e-02 5.702173e-02 5.676168e-02 5.560523e-02 5.432317e-02 5.322443e-02 5.191512e-02 4.985205e-02 4.780279e-02 4.675421e-02
-9.999000e+03 -9.999000e+03 -9.999000e+03 -9.999000e+03 -9.999000e+03 9.795718e-02 2.441580e-02 3.125037e-02 2.658606e-02 2.709101e-02 3.005474e-02 3.133611e-02 3.284049e-02 3.390946e-02 3.424794e-02 3.371619e-02 3.237802e-02 3.108325e-02 3.187628e-02 3.470646e-02 4.234728e-02 4.868706e-02 5.397704e-02 5.870451e-02 6.182748e-02 6.527388e-02 6.803669e-02 4.239554e-02 4.236995e-02 4.326292e-02 4.355593e-02 4.334712e-02 4.402411e-02 4.516912e-02 4.628885e-02 4.732345e-02 4.866243e-02 5.053851e-02 5.212977e-02 5.342202e-02 5.469299e-02 5.586370e-02 5.681952e-02 5.752773e-02 5.768252e-02 5.703687e-02 5.584557e-02 5.444452e-02 5.328943e-02 5.195567e-02 5.009158e-02 4.830236e-02
-9.999000e+03 -9.999000e+03 -9.999000e+03 -9.999000e+03 1.385235e-01 8.055130e-03 2.866916e-02 3.206186e-02 2.504240e-02 2.397144e-02 2.706283e-02 2.855129e-02 3.099697e-02 3.222332e-02 3.322440e-02 3.363391e-02 3.315791e-02 3.193571e-02 3.270688e-02 3.538742e-02 3.770179e-02 3.952637e-02 4.147333e-02 4.328052e-02 4.407017e-02 4.412826e-02 4.423133e-02 4.413983e-02 4.396369e-02 4.415068e-02 4.425528e-02 4.397087e-02 4.399720e-02 4.439439e-02 4.501885e-02 4.578541e-02 4.706667e-02 4.920846e-02 5.116825e-02 5.260732e-02 5.373108e-02 5.469903e-02 5.571567e-02 5.671842e-02 5.741002e-02 5.754927e-02 5.685419e-02 5.535769e-02 5.417445e-02 5.351960e-02 5.216257e-02 5.009009e-02
-9.999000e+03 -9.999000e+03 -9.999000e+03 -9.999000e+03 1.070580e-01 2.699238e-02 2.857108e-02 2.780216e-02 2.451006e-02 2.204917e-02 2.493409e-02 2.960322e-02 2.634968e-02 3.095158e-02 3.264906e-02 3.368628e-02 3.353191e-02 3.222381e-02 3.295774e-02 3.569764e-02 3.844975e-02 4.086923e-02 4.314223e-02 4.543514e-02 4.640775e-02 4.632168e-02 4.654012e-02 4.686609e-02 4.662654e-02 4.624308e-02 4.623002e-02 4.609178e-02 4.580808e-02 4.557739e-02 4.556456e-02 4.581682e-02 4.655946e-02 4.817683e-02 5.010119e-02 5.183205e-02 5.284039e-02 5.331251e-02 5.407783e-02 5.512875e-02 5.615343e-02 5.693009e-02 5.685118e-02 5.573586e-02 5.483336e-02 5.470909e-02 5.374685e-02 5.160960e-02
-9.999000e+03 -9.999000e+03 -9.999000e+03 1.007123e-01 6.979709e-03 2.606504e-02 2.322985e-02 2.317146e-02 2.076384e-02 2.260687e-02 2.549554e-02 2.475686e-02 2.468752e-02 2.959239e-02 3.210575e-02 3.346048e-02 3.351922e-02 3.240463e-02 3.294290e-02 3.561844e-02 3.976671e-02 4.203056e-02 4.500853e-02 4.731055e-02 4.860748e-02 4.888202e-02 4.932292e-02 4.991271e-02 4.980344e-02 4.919607e-02 4.895356e-02 4.885054e-02 4.861485e-02 4.816174e-02 4.761101e-02 4.725683e-02 4.718364e-02 4.773036e-02 4.924865e-02 5.123127e-02 5.212085e-02 5.195470e-02 5.222614e-02 5.303992e-02 5.414553e-02 5.536767e-02 5.595996e-02 5.562538e-02 5.502164e-02 5.508230e-02 5.437023e-02 5.252797e-02
-9.999000e+03 -9.999000e+03 -9.999000e+03 9.203657e-02 2.234355e-02 2.220772e-02 1.969892e-02 1.737876e-02 1.875571e-02 1.947934e-02 2.181860e-02 2.233550e-02 2.237551e-02 2.772447e-02 3.094838e-02 3.241820e-02 3.284241e-02 3.220573e-02 3.207107e-02 3.958372e-02 3.365857e-02 4.051889e-02 4.374034e-02 4.635663e-02 4.831325e-02 4.928844e-02 5.001337e-02 5.070846e-02 5.067819e-02 4.993727e-02 4.940440e-02 4.919350e-02 4.919183e-02 4.916578e-02 4.894143e-02 4.875854e-02 4.842915e-02 4.809913e-02 4.903907e-02 5.111141e-02 5.203376e-02 5.155812e-02 5.134907e-02 5.160484e-02 5.234519e-02 5.352361e-02 5.450813e-02 5.355592e-02 5.357383e-02 5.335622e-02 5.270653e-02 7.806393e-02
-9.999000e+03 -9.999000e+03 7.529093e-02 4.023474e-03 2.044619e-02 2.011218e-02 1.500852e-02 1.343678e-02 1.469666e-02 1.270660e-02 1.636625e-02 1.835136e-02 1.890305e-02 2.522313e-02 2.896504e-02 3.054155e-02 3.163523e-02 3.168386e-02 3.362700e-02 2.954252e-02 2.912937e-02 3.528493e-02 3.909088e-02 4.239208e-02 4.541845e-02 4.744698e-02 4.857918e-02 4.936688e-02 4.943412e-02 4.861674e-02 4.777466e-02 4.739376e-02 4.779835e-02 4.864843e-02 4.931363e-02 4.983455e-02 4.982141e-02 4.915518e-02 4.940048e-02 5.112731e-02 5.223214e-02 5.202637e-02 5.153525e-02 5.110378e-02 5.123799e-02 5.208715e-02 4.483869e-02 4.566637e-02 4.579202e-02 4.528494e-02 8.249518e-02 5.254768e-02
-9.999000e+03 -9.999000e+03 6.868517e-03 1.888819e-02 1.946197e-02 1.531585e-02 1.191206e-02 1.512393e-02 1.460916e-02 6.764104e-03 1.334855e-02 1.529841e-02 1.587942e-02 2.258120e-02 2.597305e-02 2.710726e-02 2.848318e-02 2.942928e-02 2.763613e-02 2.581694e-02 2.351811e-02 2.881456e-02 3.311490e-02 3.666717e-02 4.027408e-02 4.340100e-02 4.545175e-02 4.679124e-02 4.733845e-02 4.691345e-02 4.608880e-02 4.544020e-02 4.590649e-02 4.720219e-02 4.834636e-02 4.927094e-02 4.961357e-02 4.923801e-02 4.941416e-02 5.067320e-02 5.173594e-02 5.198847e-02 5.173773e-02 5.126779e-02 5.138417e-02 5.227182e-02 5.310619e-02 5.401960e-02 8.136071e-02 8.591434e-02 5.272587e-02 5.266099e-02
-9.999000e+03 6.475038e-02 1.162326e-02 2.134632e-02 1.815583e-02 9.371716e-03 1.610169e-02 1.602534e-02 -9.999000e+03 -9.999000e+03 -9.999000e+03 1.312660e-02 1.453368e-02 1.942373e-02 2.159568e-02 2.171954e-02 2.274573e-02 2.453278e-02 2.267744e-02 1.633853e-02 1.490162e-02 2.029942e-02 2.578914e-02 2.903488e-02 3.272942e-02 3.703995e-02 4.043026e-02 4.285116e-02 4.423226e-02 4.455696e-02 4.410649e-02 4.333278e-02 4.363228e-02 4.506457e-02 4.641129e-02 4.752625e-02 4.808399e-02 4.811718e-02 4.881431e-02 5.012142e-02 5.102341e-02 5.146243e-02 5.159005e-02 5.147062e-02 5.192110e-02 5.305521e-02 6.521501e-02 7.462618e-02 5.417413e-02 5.316130e-02 5.303072e-02 5.362270e-02
-9.999000e+03 1.029838e-01 1.776404e-02 1.803969e-02 1.430102e-02 1.475212e-02 -9.999000e+03 -9.999000e+03 -9.999000e+03 -9.999000e+03 -9.999000e+03 -9.999000e+03 1.571179e-02 1.844316e-02 2.105571e-02 2.199941e-02 2.171411e-02 2.504248e-02 2.340543e-02 1.609759e-02 1.283073e-02 1.326574e-02 1.715761e-02 2.162431e-02 2.657682e-02 3.089327e-02 3.468436e-02 3.780771e-02 3.972066e-02 4.059372e-02 4.124664e-02 4.074356e-02 4.131659e-02 4.310126e-02 4.475364e-02 4.611002e-02 4.675058e-02 4.672431e-02 4.777971e-02 4.974893e-02 5.091144e-02 5.127014e-02 5.142676e-02 5.146424e-02 5.213747e-02 5.349938e-02 5.437323e-02 5.467111e-02 5.439380e-02 5.352320e-02 5.387091e-02 5.524398e-02
1.015408e-01 1.071439e-02 1.915635e-02 1.454140e-02 8.690372e-03 1.841003e-02 -9.999000e+03 -9.999000e+03 -9.999000e+03 -9.999000e+03 -9.999000e+03 -9.999000e+03 -9.999000e+03 -9.999000e+03 -9.999000e+03 2.225586e-02 2.549649e-02 2.380193e-02 2.228494e-02 1.999651e-02 2.123264e-02 -9.999000e+03 -9.999000e+03 1.714633e-02 2.173709e-02 2.448657e-02 2.744874e-02 3.036376e-02 3.182962e-02 3.615590e-02 3.664999e-02 3.755185e-02 3.876772e-02 4.113639e-02 4.316092e-02 4.467640e-02 4.538265e-02 4.524890e-02 4.654836e-02 4.927248e-02 5.088199e-02 5.104892e-02 5.107262e-02 5.119652e-02 5.195277e-02 5.349739e-02 5.461229e-02 5.507476e-02 5.484215e-02 5.403521e-02 5.486470e-02 5.712438e-02
8.170476e-02 1.376086e-02 1.278385e-02 1.272756e-02 1.877833e-02 -9.999000e+03 -9.999000e+03 -9.999000e+03 -9.999000e+03 -9.999000e+03 -9.999000e+03 -9.999000e+03 -9.999000e+03 -9.999000e+03 -9.999000e+03 -9.999000e+03 -9.999000e+03 -9.999000e+03 -9.999000e+03 -9.999000e+03 -9.999000e+03 -9.999000e+03 -9.999000e+03 1.603558e-02 2.060277e-02 2.232819e-02 2.670750e-02 3.030647e-02 3.144542e-02 2.772036e-02 3.133153e-02 3.252489e-02 3.475405e-02 3.808648e-02 4.045675e-02 4.178100e-02 4.258888e-02 4.346543e-02 4.502017e-02 4.830226e-02 4.924806e-02 4.941687e-02 5.051787e-02 5.020188e-02 5.070716e-02 5.211488e-02 5.306728e-02 5.374374e-02 5.365086e-02 5.293142e-02 5.416408e-02 5.772848e-02
-9.999000e+03 1.968174e-02 1.843499e-02 2.223825e-02 -9.999000e+03 -9.999000e+03 -9.999000e+03 -9.999000e+03 -9.999000e+03 -9.999000e+03 -9.999000e+03 -9.999000e+03 -9.999000e+03 -9.999000e+03 -9.999000e+03 -9.999000e+03 -9.999000e+03 -9.999000e+03 -9.999000e+03 -9.999000e+03 -9.999000e+03 -9.999000e+03 -9.999000e+03 -9.999000e+03 -9.999000e+03 -9.999000e+03 2.452836e-02 2.669259e-02 2.884796e-02 2.577795e-02 2.297059e-02 2.493845e-02 2.822837e-02 3.231847e-02 3.420497e-02 3.466317e-02 4.019915e-02 4.079125e-02 4.288753e-02 4.089686e-02 4.227397e-02 4.950255e-02 4.843271e-02 4.819032e-02 4.940485e-02 4.883693e-02 4.932033e-02 4.974835e-02 5.109646e-02 5.041769e-02 5.231500e-02 5.564025e-02
-9.999000e+03 -9.999000e+03 -9.999000e+03 -9.999000e+03 -9.999000e+03 -9.999000e+03 -9.999000e+03 -9.999000e+03 -9.999000e+03 -9.999000e+03 -9.999000e+03 -9.999000e+03 -9.999000e+03 -9.999000e+03 -9.999000e+03 -9.999000e+03 -9.999000e+03 -9.999000e+03 -9.999000e+03 -9.999000e+03 -9.999000e+03 -9.999000e+03 -9.999000e+03 -9.999000e+03 -9.999000e+03 -9.999000e+03 -9.999000e+03 -9.999000e+03 2.548709e-02 2.391383e-02 2.080504e-02 2.263088e-02 2.643871e-02 3.405745e-02 3.654917e-02 3.563144e-02 3.247674e-02 3.480752e-02 3.702084e-02 4.443339e-02 4.710312e-02 4.106327e-02 4.146553e-02 4.854272e-02 4.178484e-02 4.183918e-02 4.163947e-02 4.834268e-02 4.742547e-02 4.892858e-02 4.383629e-02 4.750260e-02
-9.999000e+03 -9.999000e+03 -9.999000e+03 -9.999000e+03 -9.999000e+03 -9.999000e+03 -9.999000e+03 -9.999000e+03 -9.999000e+03 -9.999000e+03 -9.999000e+03 -9.999000e+03 -9.999000e+03 -9.999000e+03 -9.999000e+03 -9.999000e+03 -9.999000e+03 -9.999000e+03 -9.999000e+03 -9.999000e+03 -9.999000e+03 -9.999000e+03 -9.999000e+03 -9.999000e+03 -9.999000e+03 -9.999000e+03 -9.999000e+03 -9.999000e+03 -9.999000e+03 2.187573e-02 2.405371e-02 2.648790e-02 3.054892e-02 3.237836e-02 3.321756e-02 3.111689e-02 3.125011e-02 3.394148e-02 4.033385e-02 4.311151e-02 4.447884e-02 4.500904e-02 4.620571e-02 4.113447e-02 4.758811e-02 4.867098e-02 4.792444e-02 3.959444e-02 4.637318e-02 4.180007e-02 5.010507e-02 5.473155e-02
-9.999000e+03 -9.999000e+03 -9.999000e+03 -9.999000e+03 -9.999000e+03 -9.999000e+03 -9.999000e+03 -9.999000e+03 -9.999000e+03 -9.999000e+03 -9.999000e+03 -9.999000e+03 -9.999000e+03 -9.999000e+03 -9.999000e+03 -9.999000e+03 -9.999000e+03 -9.999000e+03 -9.999000e+03 -9.999000e+03 -9.999000e+03 -9.999000e+03 -9.999000e+03 -9.999000e+03 -9.999000e+03 -9.999000e+03 -9.999000e+03 -9.999000e+03 -9.999000e+03 -9.999000e+03 2.771093e-02 -9.999000e+03 -9.999000e+03 -9.999000e+03 -9.999000e+03 -9.999000e+03 -9.999000e+03 -9.999000e+03 3.587849e-02 4.128860e-02 4.233943e-02 4.201954e-02 4.322071e-02 4.591128e-02 4.750679e-02 4.784509e-02 4.670695e-02 4.399025e-02 3.860158e-02 4.762586e-02 5.149253e-02 5.338933e-02
-9.999000e+03 -9.999000e+03 -9.999000e+03 -9.999000e+03 -9.999000e+03 -9.999000e+03 -9.999000e+03 -9.999000e+03 -9.999000e+03 -9.999000e+03 -9.999000e+03 -9.999000e+03 -9.999000e+03 -9.999000e+03 -9.999000e+03 -9.999000e+03 -9.999000e+03 -9.999000e+03 -9.999000e+03 -9.999000e+03 -9.999000e+03 -9.999000e+03 -9.999000e+03 -9.999000e+03 -9.999000e+03 -9.999000e+03 -9.999000e+03 -9.999000e+03 -9.999000e+03 -9.999000e+03 -9.999000e+03 -9.999000e+03 -9.999000e+03 -9.999000e+03 -9.999000e+03 -9.999000e+03 -9.999000e+03 -9.999000e+03 -9.999000e+03 -9.999000e+03 -9.999000e+03 3.606655e-02 3.696270e-02 3.941259e-02 4.608302e-02 4.707140e-02 4.579976e-02 4.281209e-02 4.379135e-02 4.885421e-02 5.143311e-02 5.115490e-02
-9.999000e+03 -9.999000e+03 -9.999000e+03 -9.999000e+03 -9.999000e+03 -9.999000e+03 -9.999000e+03 -9.999000e+03 -9.999000e+03 -9.999000e+03 -9.999000e+03 -9.999000e+03 -9.999000e+03 -9.999000e+03 -9.999000e+03 -9.999000e+03 -9.999000e+03 -9.999000e+03 -9.999000e+03 -9.999000e+03 -9.999000e+03 -9.999000e+03 -9.999000e+03 -9.999000e+03 -9.999000e+03 -9.999000e+03 -9.999000e+03 -9.999000e+03 -9.999000e+03 -9.999000e+03 -9.999000e+03 -9.999000e+03 -9.999000e+03 -9.999000e+03 -9.999000e+03 -9.999000e+03 -9.999000e+03 -9.999000e+03 -9.999000e+03 -9.999000e+03 -9.999000e+03 -9.999000e+03 -9.999000e+03 -9.999000e+03 4.111281e-02 4.050265e-02 4.473958e-02 4.336403e-02 3.869037e-02 4.828283e-02 5.061422e-02 4.813884e-02
-9.999000e+03 -9.999000e+03 -9.999000e+03 -9.999000e+03 -9.999000e+03 -9.999000e+03 -9.999000e+03 -9.999000e+03 -9.999000e+03 -9.999000e+03 -9.999000e+03 -9.999000e+03 -9.999000e+03 -9.999000e+03 -9.999000e+03 -9.999000e+03 -9.999000e+03 -9.999000e+03 -9.999000e+03 -9.999000e+03 -9.999000e+03 -9.999000e+03 -9.999000e+03 -9.999000e+03 -9.999000e+03 -9.999000e+03 -9.999000e+03 -9.999000e+03 -9.999000e+03 -9.999000e+03 -9.999000e+03 -9.999000e+03 -9.999000e+03 -9.999000e+03 -9.999000e+03 -9.999000e+03 -9.999000e+03 -9.999000e+03 -9.999000e+03 -9.999000e+03 -9.999000e+03 -9.999000e+03 -9.999000e+03 -9.999000e+03 -9.999000e+03 -9.999000e+03 -9.999000e+03 -9.999000e+03 -9.999000e+03 -9.999000e+03 4.265198e-02 4.439248e-02
-9.999000e+03 -9.999000e+03 -9.999000e+03 -9.999000e+03 -9.999000e+03 -9.999000e+03 -9.999000e+03 -9.999000e+03 -9.999000e+03 -9.999000e+03 -9.999000e+03 -9.999000e+03 -9.999000e+03 -9.999000e+03 -9.999000e+03 -9.999000e+03 -9.999000e+03 -9.999000e+03 -9.999000e+03 -9.999000e+03 -9.999000e+03 -9.999000e+03 -9.999000e+03 -9.999000e+03 -9.999000e+03 -9.999000e+03 -9.999000e+03 -9.999000e+03 -9.999000e+03 -9.999000e+03 -9.999000e+03 -9.999000e+03 -9.999000e+03 -9.999000e+03 -9.999000e+03 -9.999000e+03 -9.999000e+03 -9.999000e+03 -9.999000e+03 -9.999000e+03 -9.999000e+03 -9.999000e+03 -9.999000e+03 -9.999000e+03 -9.999000e+03 -9.999000e+03 -9.999000e+03 -9.999000e+03 -9.999000e+03 -9.999000e+03 -9.999000e+03 3.737091e-02
-9.999000e+03 -9.999000e+03 -9.999000e+03 -9.999000e+03 -9.999000e+03 -9.999000e+03 -9.999000e+03 -9.999000e+03 -9.999000e+03 -9.999000e+03 -9.999000e+03 -9.999000e+03 -9.999000e+03 -9.999000e+03 -9.999000e+03 -9.999000e+03 -9.999000e+03 -9.999000e+03 -9.999000e+03 -9.999000e+03 -9.999000e+03 -9.999000e+03 -9.999000e+03 -9.999000e+03 -9.999000e+03 -9.999000e+03 -9.999000e+03 -9.999000e+03 -9.999000e+03 -9.999000e+03 -9.999000e+03 -9.999000e+03 -9.999000e+03 -9.999000e+03 -9.999000e+03 -9.999000e+03 -9.999000e+03 -9.999000e+03 -9.999000e+03 -9.999000e+03 -9.999000e+03 -9.999000e+03 -9.999000e+03 -9.999000e+03 -9.999000e+03 -9.999000e+03 -9.999000e+03 -9.999000e+03 -9.999000e+03 -9.999000e+03 -9.999000e+03 -9.999000e+03
-9.999000e+03 -9.999000e+03 -9.999000e+03 -9.999000e+03 -9.999000e+03 -9.999000e+03 -9.999000e+03 -9.999000e+03 -9.999000e+03 -9.999000e+03 -9.999000e+03 -9.999000e+03 -9.999000e+03 -9.999000e+03 -9.999000e+03 -9.999000e+03 -9.999000e+03 -9.999000e+03 -9.999000e+03 -9.999000e+03 -9.999000e+03 -9.999000e+03 -9.999000e+03 -9.999000e+03 -9.999000e+03 -9.999000e+03 -9.999000e+03 -9.999000e+03 -9.999000e+03 -9.999000e+03 -9.999000e+03 -9.999000e+03 -9.999000e+03 -9.999000e+03 -9.999000e+03 -9.999000e+03 -9.999000e+03 -9.999000e+03 -9.999000e+03 -9.999000e+03 -9.999000e+03 -9.999000e+03 -9.999000e+03 -9.999000e+03 -9.999000e+03 -9.999000e+03 -9.999000e+03 -9.999000e+03 -9.999000e+03 -9.999000e+03 -9.999000e+03 -9.999000e+03
