tests/data/reference/test_sheet_stream/mvel_m_s.asc
ncols	123
nrows	77
xllcorner	-713746.79929998
yllcorner	-1061022.36961616
cellsize	10.0
NODATA_value	-9999
[rows 23 to 45 of 77, columns 0 to 51 of 123]
-9.999000e+03 -9.999000e+03 -9.999000e+03 -9.999000e+03 -9.999000e+03 -9.999000e+03 -9.999000e+03 -9.999000e+03 -9.999000e+03 -9.999000e+03 -9.999000e+03 -9.999000e+03 -9.999000e+03 -9.999000e+03 1.721637e-02 2.021666e-02 2.400910e-02 4.026919e-02 1.958271e-02 7.832729e-03 7.872912e-03 1.764913e-01 1.056838e-02 5.877212e-02 6.754122e-02 3.875018e-02 4.773523e-02 5.002751e-02 4.855933e-02 5.244598e-02 4.381555e-02 5.170904e-02 5.377034e-02 5.404756e-02 8.330395e-02 5.368188e-02 5.420856e-02 4.695002e-02 7.110661e-02 5.758085e-02 5.774617e-02 5.830301e-02 5.926429e-02 5.987117e-02 5.992409e-02 5.972677e-02 5.958623e-02 5.993287e-02 6.070011e-02 6.137525e-02 6.153631e-02 5.117586e-02
-9.999000e+03 -9.999000e+03 -9.999000e+03 -9.999000e+03 -9.999000e+03 -9.999000e+03 -9.999000e+03 -9.999000e+03 -9.999000e+03 -9.999000e+03 -9.999000e+03 -9.999000e+03 -9.999000e+03 -9.999000e+03 9.724033e-03 2.589896e-02 3.746388e-02 2.740103e-02 1.887380e-02 2.653655e-02 1.669662e-01 2.210511e-01 3.588063e-02 3.441835e-02 5.344100e-02 7.381366e-02 4.560874e-02 4.698460e-02 4.663216e-02 4.111162e-02 5.165744e-02 5.148962e-02 5.331675e-02 5.321248e-02 8.729346e-02 5.316270e-02 5.467721e-02 4.745904e-02 7.229823e-02 5.749310e-02 5.745921e-02 5.782525e-02 5.848828e-02 5.902547e-02 5.931321e-02 5.947076e-02 5.966621e-02 6.023877e-02 6.109569e-02 6.186172e-02 5.137049e-02 6.359837e-02
-9.999000e+03 -9.999000e+03 -9.999000e+03 -9.999000e+03 -9.999000e+03 -9.999000e+03 -9.999000e+03 -9.999000e+03 -9.999000e+03 -9.999000e+03 -9.999000e+03 -9.999000e+03 -9.999000e+03 -9.999000e+03 1.972725e-02 1.640689e-02 2.183932e-02 2.175348e-02 2.119547e-02 9.977744e-03 1.861077e-01 5.633118e-02 6.845579e-02 4.018213e-02 4.253301e-02 5.327045e-02 8.075417e-02 4.809482e-02 4.836832e-02 4.195599e-02 4.787059e-02 4.957152e-02 4.949945e-02 5.159397e-02 5.119531e-02 9.079418e-02 4.574141e-02 5.636723e-02 5.523806e-02 8.131997e-02 5.728855e-02 5.782413e-02 5.833490e-02 5.875887e-02 5.916192e-02 5.960991e-02 6.018651e-02 6.107181e-02 6.216032e-02 6.329494e-02 6.204483e-02 5.341989e-02
-9.999000e+03 -9.999000e+03 -9.999000e+03 -9.999000e+03 -9.999000e+03 -9.999000e+03 -9.999000e+03 -9.999000e+03 -9.999000e+03 -9.999000e+03 -9.999000e+03 -9.999000e+03 2.549769e-02 1.956083e-02 2.235345e-02 2.329355e-02 2.222653e-02 1.042573e-02 7.903348e-03 1.730418e-01 2.172959e-02 5.759747e-02 4.652765e-02 6.098478e-02 4.129483e-02 4.333663e-02 8.576603e-02 4.574955e-02 4.658931e-02 4.633368e-02 4.109325e-02 4.827201e-02 4.786419e-02 4.636106e-02 4.626208e-02 5.156028e-02 9.012433e-02 5.427879e-02 5.649207e-02 5.657534e-02 8.899063e-02 5.756885e-02 5.788287e-02 5.833167e-02 5.908772e-02 6.011541e-02 6.130471e-02 6.248597e-02 6.359385e-02 6.487228e-02 6.581049e-02 5.427514e-02
-9.999000e+03 -9.999000e+03 -9.999000e+03 -9.999000e+03 -9.999000e+03 -9.999000e+03 -9.999000e+03 -9.999000e+03 -9.999000e+03 -9.999000e+03 -9.999000e+03 -9.999000e+03 -9.999000e+03 2.469678e-02 2.147709e-02 2.198183e-02 1.351490e-02 6.539164e-03 1.555028e-01 1.904149e-02 3.444149e-02 3.454718e-02 5.422379e-02 6.124348e-02 7.292529e-02 7.419021e-02 7.461017e-02 7.517368e-02 4.091738e-02 4.378015e-02 4.571563e-02 4.529799e-02 4.531448e-02 4.375405e-02 4.466724e-02 4.858216e-02 5.178362e-02 8.336263e-02 5.617706e-02 5.690002e-02 9.191940e-02 5.689581e-02 5.698479e-02 5.765418e-02 5.907446e-02 6.103738e-02 6.304943e-02 6.442371e-02 6.525851e-02 6.637068e-02 6.742817e-02 6.504390e-02
-9.999000e+03 -9.999000e+03 -9.999000e+03 -9.999000e+03 -9.999000e+03 -9.999000e+03 -9.999000e+03 -9.999000e+03 -9.999000e+03 -9.999000e+03 -9.999000e+03 -9.999000e+03 -9.999000e+03 -9.999000e+03 -9.999000e+03 1.748089e-02 3.157530e-03 1.360077e-01 1.900617e-01 5.986917e-02 5.036473e-02 4.367149e-02 3.890676e-02 3.518244e-02 3.536546e-02 3.708307e-02 3.709520e-02 7.264873e-02 9.709483e-02 3.959247e-02 4.174967e-02 4.217963e-02 4.152923e-02 4.104655e-02 4.289555e-02 4.760236e-02 5.033945e-02 5.073739e-02 7.845664e-02 5.296405e-02 9.608098e-02 5.669645e-02 5.742709e-02 5.861736e-02 6.039221e-02 6.263679e-02 6.471239e-02 6.584865e-02 6.639929e-02 6.738630e-02 6.819774e-02 6.774434e-02
-9.999000e+03 -9.999000e+03 -9.999000e+03 -9.999000e+03 -9.999000e+03 -9.999000e+03 -9.999000e+03 -9.999000e+03 -9.999000e+03 -9.999000e+03 -9.999000e+03 -9.999000e+03 -9.999000e+03 -9.999000e+03 -9.999000e+03 -9.999000e+03 6.075597e-03 1.380013e-01 4.665517e-02 3.963739e-02 3.455582e-02 3.137300e-02 3.188121e-02 3.369279e-02 3.588842e-02 3.837348e-02 3.865369e-02 3.643195e-02 3.581855e-02 9.913410e-02 9.988810e-02 9.857624e-02 3.802805e-02 3.860281e-02 4.057370e-02 4.465619e-02 5.555074e-02 6.324673e-02 4.774586e-02 7.454761e-02 5.339931e-02 1.018185e-01 5.958379e-02 6.137238e-02 6.304932e-02 6.478420e-02 6.610204e-02 6.662378e-02 6.695381e-02 6.786498e-02 6.830084e-02 6.751515e-02
-9.999000e+03 -9.999000e+03 -9.999000e+03 -9.999000e+03 -9.999000e+03 -9.999000e+03 -9.999000e+03 -9.999000e+03 -9.999000e+03 -9.999000e+03 -9.999000e+03 -9.999000e+03 -9.999000e+03 -9.999000e+03 -9.999000e+03 -9.999000e+03 1.413618e-01 1.542647e-02 2.903668e-02 3.083542e-02 3.130856e-02 6.088111e-02 5.967720e-02 5.980365e-02 5.942665e-02 5.869892e-02 5.610799e-02 5.162978e-02 4.851359e-02 4.659263e-02 4.257906e-02 3.824794e-02 9.741042e-02 9.391653e-02 9.427569e-02 9.866005e-02 1.008134e-01 1.032476e-01 1.135235e-01 1.238924e-01 1.391374e-01 1.332145e-01 9.538545e-02 5.452025e-02 5.745039e-02 6.196043e-02 6.364918e-02 6.469554e-02 6.577839e-02 6.690613e-02 6.677774e-02 6.522860e-02
-9.999000e+03 -9.999000e+03 -9.999000e+03 -9.999000e+03 -9.999000e+03 -9.999000e+03 -9.999000e+03 -9.999000e+03 -9.999000e+03 -9.999000e+03 -9.999000e+03 -9.999000e+03 -9.999000e+03 -9.999000e+03 -9.999000e+03 1.414932e-01 2.001215e-02 3.364204e-02 6.639347e-02 6.073254e-02 6.251234e-02 3.272389e-02 3.945312e-02 4.614091e-02 4.335470e-02 5.469404e-02 5.843364e-02 6.097216e-02 5.915536e-02 5.832310e-02 5.561987e-02 5.107589e-02 4.573473e-02 3.947602e-02 3.562919e-02 3.484453e-02 8.091346e-02 8.503841e-02 8.854584e-02 9.236839e-02 9.173864e-02 8.650495e-02 1.447895e-01 1.583968e-01 1.800457e-01 5.020306e-02 6.874926e-02 5.988999e-02 6.282588e-02 6.425254e-02 6.319295e-02 6.079856e-02
-9.999000e+03 -9.999000e+03 -9.999000e+03 -9.999000e+03 -9.999000e+03 -9.999000e+03 -9.999000e+03 -9.999000e+03 -9.999000e+03 -9.999000e+03 -9.999000e+03 -9.999000e+03 -9.999000e+03 -9.999000e+03 1.324507e-01 1.813314e-01 7.132199e-02 6.731347e-02 3.426667e-02 3.529210e-02 3.258040e-02 3.425093e-02 3.578817e-02 3.746427e-02 4.505378e-02 3.822213e-02 3.953579e-02 4.519485e-02 4.639743e-02 4.413269e-02 4.361046e-02 6.616420e-02 6.603864e-02 6.451907e-02 6.499906e-02 7.676889e-02 4.036712e-02 4.469702e-02 4.890444e-02 5.306711e-02 5.537366e-02 5.526393e-02 6.591945e-02 7.165774e-02 7.497483e-02 2.120338e-01 2.209388e-01 2.533478e-01 5.143101e-02 6.815127e-02 5.500975e-02 5.324986e-02
-9.999000e+03 -9.999000e+03 -9.999000e+03 -9.999000e+03 -9.999000e+03 -9.999000e+03 -9.999000e+03 -9.999000e+03 -9.999000e+03 -9.999000e+03 -9.999000e+03 -9.999000e+03 -9.999000e+03 -9.999000e+03 1.390141e-01 3.532560e-02 3.659017e-02 3.681403e-02 3.666590e-02 3.649823e-02 3.690924e-02 3.826886e-02 3.594793e-02 4.175397e-02 4.270656e-02 4.251640e-02 4.372529e-02 4.657452e-02 5.730058e-02 6.531170e-02 7.051701e-02 4.642259e-02 4.514656e-02 4.478255e-02 6.026990e-02 4.600846e-02 4.822144e-02 5.002563e-02 5.220305e-02 5.487288e-02 5.728012e-02 5.733894e-02 5.870754e-02 5.895264e-02 5.860073e-02 7.086258e-02 7.827326e-02 8.271197e-02 2.679445e-01 2.111907e-01 1.872483e-01 3.906779e-02
-9.999000e+03 -9.999000e+03 -9.999000e+03 -9.999000e+03 -9.999000e+03 -9.999000e+03 -9.999000e+03 -9.999000e+03 -9.999000e+03 -9.999000e+03 -9.999000e+03 -9.999000e+03 -9.999000e+03 1.719794e-01 4.225338e-02 3.599270e-02 3.718389e-02 3.825039e-02 3.834863e-02 3.793130e-02 3.772874e-02 3.826281e-02 3.936741e-02 4.088992e-02 4.214549e-02 4.268422e-02 4.420787e-02 4.722497e-02 4.908992e-02 4.966304e-02 4.925707e-02 4.824412e-02 4.818837e-02 6.741979e-02 4.194959e-02 4.909037e-02 5.094164e-02 5.180705e-02 5.323205e-02 5.518864e-02 5.741819e-02 5.959080e-02 6.150502e-02 6.162648e-02 6.247295e-02 6.255858e-02 6.240155e-02 6.149146e-02 5.811392e-02 6.496486e-02 6.510067e-02 1.721767e-01
-9.999000e+03 -9.999000e+03 -9.999000e+03 -9.999000e+03 -9.999000e+03 -9.999000e+03 -9.999000e+03 -9.999000e+03 -9.999000e+03 -9.999000e+03 -9.999000e+03 -9.999000e+03 1.304803e-01 2.010565e-01 3.592357e-02 3.648892e-02 3.735590e-02 3.847236e-02 3.892213e-02 3.891226e-02 3.867176e-02 3.841149e-02 3.869526e-02 3.953553e-02 4.076943e-02 4.205276e-02 4.410128e-02 4.712620e-02 4.892267e-02 4.958945e-02 4.991148e-02 5.010213e-02 6.319779e-02 5.059900e-02 4.256820e-02 5.033585e-02 5.106421e-02 5.213267e-02 5.382257e-02 5.585276e-02 5.795856e-02 5.961765e-02 6.055281e-02 6.113215e-02 6.153606e-02 6.098609e-02 6.175374e-02 6.249700e-02 6.146203e-02 5.722918e-02 5.245410e-02 5.885550e-02
-9.999000e+03 -9.999000e+03 -9.999000e+03 -9.999000e+03 -9.999000e+03 -9.999000e+03 -9.999000e+03 -9.999000e+03 -9.999000e+03 -9.999000e+03 -9.999000e+03 -9.999000e+03 1.676926e-01 3.521797e-02 3.606262e-02 3.698597e-02 3.765273e-02 3.878493e-02 3.949121e-02 3.977518e-02 3.956506e-02 3.889995e-02 3.872083e-02 3.906278e-02 4.002518e-02 4.139287e-02 4.327720e-02 4.586478e-02 4.726965e-02 4.774496e-02 4.846183e-02 6.247106e-02 4.315614e-02 4.903774e-02 4.912418e-02 4.896348e-02 4.933818e-02 5.011213e-02 5.170812e-02 5.348107e-02 5.564723e-02 5.774986e-02 5.878394e-02 5.735884e-02 5.775154e-02 5.874084e-02 5.976612e-02 5.976588e-02 5.917948e-02 5.832850e-02 5.549885e-02 5.225050e-02
-9.999000e+03 -9.999000e+03 -9.999000e+03 -9.999000e+03 -9.999000e+03 -9.999000e+03 -9.999000e+03 -9.999000e+03 -9.999000e+03 -9.999000e+03 -9.999000e+03 1.182698e-01 2.127260e-02 3.204151e-02 3.867771e-02 3.636276e-02 3.771381e-02 3.895748e-02 3.984345e-02 4.024278e-02 4.014690e-02 3.953098e-02 3.936371e-02 3.953269e-02 4.011391e-02 4.114195e-02 4.228897e-02 4.375219e-02 4.434381e-02 4.416475e-02 4.480056e-02 5.254484e-02 4.043170e-02 4.713143e-02 4.693771e-02 4.546137e-02 4.538072e-02 4.650398e-02 4.636597e-02 4.755536e-02 4.995861e-02 5.354845e-02 4.804441e-02 4.776741e-02 4.809163e-02 4.896759e-02 4.966177e-02 5.021575e-02 6.016367e-02 5.452020e-02 5.326887e-02 5.265452e-02
-9.999000e+03 -9.999000e+03 -9.999000e+03 -9.999000e+03 -9.999000e+03 -9.999000e+03 -9.999000e+03 -9.999000e+03 -9.999000e+03 -9.999000e+03 1.134771e-01 1.469795e-01 2.867927e-02 3.907111e-02 2.937969e-02 3.436819e-02 3.643301e-02 3.827953e-02 3.950424e-02 3.993836e-02 3.994116e-02 3.944497e-02 3.930999e-02 3.944648e-02 3.991458e-02 4.097587e-02 4.094952e-02 4.204524e-02 4.164248e-02 4.072982e-02 4.101165e-02 4.132033e-02 4.200203e-02 4.382531e-02 3.941854e-02 3.774286e-02 4.247936e-02 3.679365e-02 3.699578e-02 3.756770e-02 4.034582e-02 4.496089e-02 5.420953e-02 5.572444e-02 5.630552e-02 5.737429e-02 5.823036e-02 5.875710e-02 4.821423e-02 4.674475e-02 4.670513e-02 4.711900e-02
-9.999000e+03 -9.999000e+03 -9.999000e+03 -9.999000e+03 -9.999000e+03 -9.999000e+03 -9.999000e+03 -9.999000e+03 -9.999000e+03 -9.999000e+03 1.057764e-01 2.755233e-02 3.980581e-02 2.850558e-02 2.634558e-02 3.099303e-02 3.386182e-02 3.658263e-02 3.826322e-02 3.895205e-02 3.922355e-02 3.893377e-02 3.879742e-02 3.902169e-02 3.945165e-02 3.549825e-02 4.074390e-02 4.046150e-02 3.936861e-02 3.768658e-02 3.721757e-02 3.705928e-02 3.414693e-02 3.769548e-02 4.364138e-02 4.213189e-02 3.493463e-02 3.839186e-02 3.938432e-02 4.117840e-02 3.978815e-02 4.455781e-02 5.345144e-02 5.447999e-02 5.454184e-02 5.516271e-02 5.612949e-02 5.715744e-02 5.700061e-02 5.541336e-02 5.514645e-02 5.690725e-02
-9.999000e+03 -9.999000e+03 -9.999000e+03 -9.999000e+03 -9.999000e+03 -9.999000e+03 -9.999000e+03 -9.999000e+03 -9.999000e+03 1.066213e-01 1.852104e-02 3.797321e-02 2.661406e-02 2.536078e-02 2.726482e-02 2.912605e-02 3.178117e-02 3.418825e-02 3.651188e-02 3.756232e-02 3.824646e-02 3.837138e-02 3.858570e-02 3.865025e-02 3.476946e-02 3.906613e-02 3.947613e-02 3.816409e-02 3.673213e-02 3.426654e-02 3.355311e-02 3.183150e-02 3.801307e-02 4.265109e-02 4.440217e-02 4.325064e-02 4.196859e-02 4.099653e-02 3.676682e-02 3.947113e-02 4.874735e-02 5.158837e-02 5.428891e-02 5.329903e-02 5.240945e-02 5.237996e-02 5.345231e-02 5.541591e-02 5.637966e-02 5.607027e-02 5.552802e-02 5.521496e-02
-9.999000e+03 -9.999000e+03 -9.999000e+03 -9.999000e+03 -9.999000e+03 -9.999000e+03 -9.999000e+03 -9.999000e+03 -9.999000e+03 1.168594e-01 4.193197e-02 2.657291e-02 2.612484e-02 2.466148e-02 2.793578e-02 2.890496e-02 2.753050e-02 3.257102e-02 3.434914e-02 3.616454e-02 3.730968e-02 3.787208e-02 3.406828e-02 3.502615e-02 3.927200e-02 3.883649e-02 3.353501e-02 3.310486e-02 3.166763e-02 2.899650e-02 2.915879e-02 3.599007e-02 4.027196e-02 4.373865e-02 4.538686e-02 4.531251e-02 4.471821e-02 3.778833e-02 4.466427e-02 4.723869e-02 4.995899e-02 5.272313e-02 5.298007e-02 5.132410e-02 5.042704e-02 5.084770e-02 5.197317e-02 5.355824e-02 5.457407e-02 5.505052e-02 1.002895e-01 1.004581e-01
-9.999000e+03 -9.999000e+03 -9.999000e+03 -9.999000e+03 -9.999000e+03 -9.999000e+03 -9.999000e+03 -9.999000e+03 1.593655e-01 2.060580e-02 3.586511e-02 2.840990e-02 2.407709e-02 2.691770e-02 2.871125e-02 2.924797e-02 3.364499e-02 3.026356e-02 3.237477e-02 3.511074e-02 3.686901e-02 3.731353e-02 3.893037e-02 4.043308e-02 4.044106e-02 5.843599e-02 5.933033e-02 5.576644e-02 5.078758e-02 4.441461e-02 4.075675e-02 3.876919e-02 4.211127e-02 4.498225e-02 4.647131e-02 4.666909e-02 4.615397e-02 5.399356e-02 5.580238e-02 6.485427e-02 6.850745e-02 7.067377e-02 6.554071e-02 5.993068e-02 5.534057e-02 5.144521e-02 5.129982e-02 5.121679e-02 5.113233e-02 9.608392e-02 5.172552e-02 5.213442e-02
-9.999000e+03 -9.999000e+03 -9.999000e+03 -9.999000e+03 -9.999000e+03 -9.999000e+03 -9.999000e+03 1.125360e-01 1.531958e-01 3.409958e-02 3.023934e-02 2.949159e-02 2.475380e-02 2.796677e-02 2.921046e-02 2.955125e-02 2.963161e-02 2.947786e-02 3.127051e-02 3.462481e-02 3.273433e-02 3.347189e-02 3.833052e-02 5.470361e-02 5.798467e-02 3.987268e-02 3.910468e-02 3.884016e-02 3.774260e-02 3.552015e-02 3.635941e-02 4.029279e-02 4.347159e-02 4.563789e-02 4.664150e-02 4.656732e-02 4.595680e-02 4.491320e-02 4.563545e-02 4.814418e-02 4.926401e-02 4.873351e-02 4.822660e-02 4.796036e-02 4.849361e-02 4.982699e-02 4.984620e-02 4.843131e-02 9.045669e-02 4.838297e-02 4.994970e-02 5.125154e-02
-9.999000e+03 -9.999000e+03 -9.999000e+03 -9.999000e+03 -9.999000e+03 -9.999000e+03 -9.999000e+03 1.034003e-01 2.491910e-02 3.498561e-02 2.712129e-02 2.946090e-02 2.894298e-02 2.909982e-02 2.954321e-02 2.971160e-02 3.003803e-02 3.019802e-02 3.190283e-02 3.541686e-02 4.311537e-02 4.870578e-02 5.301935e-02 3.933455e-02 4.006174e-02 3.994887e-02 3.550630e-02 3.965496e-02 3.945242e-02 3.778802e-02 3.845599e-02 4.158777e-02 4.386121e-02 4.506080e-02 4.548681e-02 4.527921e-02 7.717550e-02 7.711250e-02 7.852870e-02 8.158371e-02 8.377040e-02 8.496400e-02 8.696422e-02 8.549096e-02 8.325523e-02 8.053555e-02 9.063682e-02 8.940766e-02 4.646013e-02 4.662591e-02 4.810548e-02 4.971695e-02
-9.999000e+03 -9.999000e+03 -9.999000e+03 -9.999000e+03 -9.999000e+03 -9.999000e+03 -9.999000e+03 5.711319e-03 3.136701e-02 2.717386e-02 2.518696e-02 2.893617e-02 3.019699e-02 3.021654e-02 3.017876e-02 3.027446e-02 3.110345e-02 3.193043e-02 3.359752e-02 3.680060e-02 3.899061e-02 3.978672e-02 3.973058e-02 3.902006e-02 3.459716e-02 3.592757e-02 4.080451e-02 4.097804e-02 4.045192e-02 3.969324e-02 4.007753e-02 4.178933e-02 4.297527e-02 7.601519e-02 7.699894e-02 7.793826e-02 4.692594e-02 4.855973e-02 5.004809e-02 5.154272e-02 5.223713e-02 5.202454e-02 5.210285e-02 6.464282e-02 7.372343e-02 7.960291e-02 5.041739e-02 4.912664e-02 4.752427e-02 4.587721e-02 4.580767e-02 4.715613e-02
