tests/data/reference/test_sheet_stream/mwlevel_m.asc
ncols	123
nrows	77
xllcorner	-713746.79929998
yllcorner	-1061022.36961616
cellsize	10.0
NODATA_value	-9999
[rows 46 to 68 of 77, columns 52 to 103 of 123]
1.114779e-02 1.110654e-02 1.095792e-02 1.085386e-02 1.091840e-02 1.096491e-02 1.095401e-02 1.095450e-02 1.100010e-02 1.105440e-02 1.100138e-02 1.676022e-02 1.097201e-02 1.098362e-02 1.091383e-02 1.087850e-02 1.082027e-02 1.070515e-02 1.077020e-02 1.084757e-02 1.081971e-02 1.078533e-02 1.089440e-02 1.109153e-02 1.123182e-02 0.000000e+00 7.016937e-03 9.004414e-03 1.111189e-02 1.150761e-02 1.168542e-02 0.000000e+00 0.000000e+00 0.000000e+00 1.161004e-02 1.123767e-02 2.647706e-02 1.118025e-02 1.110255e-02 1.106786e-02 1.102900e-02 1.097984e-02 1.092831e-02 1.092500e-02 1.090129e-02 1.058735e-02 8.909625e-03 1.102591e-02 1.104544e-02 1.104730e-02 1.101488e-02 1.100574e-02
1.125885e-02 1.125425e-02 1.110332e-02 1.093942e-02 1.068872e-02 1.073876e-02 1.071455e-02 1.067649e-02 1.098692e-02 1.100041e-02 1.847164e-02 1.098462e-02 1.099543e-02 1.070718e-02 1.069250e-02 1.104216e-02 1.059416e-02 1.047241e-02 1.047288e-02 1.049929e-02 1.043819e-02 1.036352e-02 1.038474e-02 1.098952e-02 8.552105e-03 0.000000e+00 7.017103e-03 9.231902e-03 1.107110e-02 1.141379e-02 1.155732e-02 1.167410e-02 1.192627e-02 0.000000e+00 0.000000e+00 1.138106e-02 2.807976e-02 1.127857e-02 1.115418e-02 1.109478e-02 1.106344e-02 1.104369e-02 1.100122e-02 1.097403e-02 1.091241e-02 1.055273e-02 8.820594e-03 1.098158e-02 1.099211e-02 1.102166e-02 1.104769e-02 1.106678e-02
1.130934e-02 1.133787e-02 1.123103e-02 9.228885e-03 9.180526e-03 9.188317e-03 9.177859e-03 1.101323e-02 1.069185e-02 1.989427e-02 1.100926e-02 1.067446e-02 8.987565e-03 9.016595e-03 1.111901e-02 9.047644e-03 8.995440e-03 8.876983e-03 8.810398e-03 8.793679e-03 8.736023e-03 8.637713e-03 1.080603e-02 1.037385e-02 1.099735e-02 0.000000e+00 6.644702e-03 1.120250e-02 1.147496e-02 1.140124e-02 1.150392e-02 1.165357e-02 1.191054e-02 9.792561e-03 0.000000e+00 1.176262e-02 2.956802e-02 1.135708e-02 1.121390e-02 1.111494e-02 1.106513e-02 1.106848e-02 1.104808e-02 1.102251e-02 1.094586e-02 1.054695e-02 8.748688e-03 1.098975e-02 1.098185e-02 1.100372e-02 1.105049e-02 1.109283e-02
1.130457e-02 1.134173e-02 9.299844e-03 1.078657e-02 1.104760e-02 1.111034e-02 1.111426e-02 9.220377e-03 2.153269e-02 1.100820e-02 9.087209e-03 9.025734e-03 1.072799e-02 1.110245e-02 9.046255e-03 1.075886e-02 1.102933e-02 1.100068e-02 1.104112e-02 1.109863e-02 1.107282e-02 1.102719e-02 8.669461e-03 8.524404e-03 1.289886e-02 0.000000e+00 8.557366e-03 1.061525e-02 1.132552e-02 1.136692e-02 1.148792e-02 1.163346e-02 1.183602e-02 1.183967e-02 0.000000e+00 0.000000e+00 3.070321e-02 1.140809e-02 1.128228e-02 1.115457e-02 1.107293e-02 1.107613e-02 1.107450e-02 1.106309e-02 1.097969e-02 1.054095e-02 8.691813e-03 1.100950e-02 1.098225e-02 1.099179e-02 1.105103e-02 1.111363e-02
1.126636e-02 1.670675e-02 1.549513e-02 1.395426e-02 1.223219e-02 1.110984e-02 1.112329e-02 2.312181e-02 1.110382e-02 9.150694e-03 1.073240e-02 1.101902e-02 1.107889e-02 1.112222e-02 1.111090e-02 1.108969e-02 1.105215e-02 1.101140e-02 1.105134e-02 1.110453e-02 1.111190e-02 1.110892e-02 1.101551e-02 1.091163e-02 1.082210e-02 0.000000e+00 8.540152e-03 8.515492e-03 1.074097e-02 1.132067e-02 1.149475e-02 1.159680e-02 1.178287e-02 1.698875e-02 1.168712e-02 0.000000e+00 3.462973e-02 1.140216e-02 1.131479e-02 1.119447e-02 1.110464e-02 1.109664e-02 1.109782e-02 8.681699e-03 1.108070e-02 1.292870e-02 8.643634e-03 1.102570e-02 1.101527e-02 1.101706e-02 1.104017e-02 1.107275e-02
1.730135e-02 1.121218e-02 1.460942e-02 1.505249e-02 1.757288e-02 2.092335e-02 2.211590e-02 1.118578e-02 1.113225e-02 1.101210e-02 1.104913e-02 1.110272e-02 1.110355e-02 1.110315e-02 1.108677e-02 1.106627e-02 1.381117e-02 1.203608e-02 1.107662e-02 1.108991e-02 1.115167e-02 1.122262e-02 1.110873e-02 1.095657e-02 1.084257e-02 0.000000e+00 8.548715e-03 1.045980e-02 1.094608e-02 1.123612e-02 1.144214e-02 1.159004e-02 1.176300e-02 1.196085e-02 1.660959e-02 0.000000e+00 0.000000e+00 1.175621e-02 1.130837e-02 1.121239e-02 1.113523e-02 1.112174e-02 1.061026e-02 8.679906e-03 1.111966e-02 1.419915e-02 8.607884e-03 1.103301e-02 1.104810e-02 1.104879e-02 1.102645e-02 1.101779e-02
1.113667e-02 1.114435e-02 9.055833e-03 1.130745e-02 1.235717e-02 1.110170e-02 1.111626e-02 1.116109e-02 1.111767e-02 1.099247e-02 1.106578e-02 1.117062e-02 1.114956e-02 1.110839e-02 1.108493e-02 1.106561e-02 8.962522e-03 1.058344e-02 1.094754e-02 1.103670e-02 1.117415e-02 1.134273e-02 1.119263e-02 1.097879e-02 8.746589e-03 0.000000e+00 8.537312e-03 1.044573e-02 1.091748e-02 1.099708e-02 1.126678e-02 1.156367e-02 1.174010e-02 1.184695e-02 1.181813e-02 1.574617e-02 0.000000e+00 1.565971e-02 1.126756e-02 1.122185e-02 1.117978e-02 1.111785e-02 8.708003e-03 1.061780e-02 1.111185e-02 1.271950e-02 1.055666e-02 1.105059e-02 1.104760e-02 1.105027e-02 1.104029e-02 1.101445e-02
1.112373e-02 1.111896e-02 1.118717e-02 1.374822e-02 1.124411e-02 1.111490e-02 1.111359e-02 1.114018e-02 1.108483e-02 1.373236e-02 1.219473e-02 1.124023e-02 1.119876e-02 1.115753e-02 1.111154e-02 1.107156e-02 1.099952e-02 1.093126e-02 1.095739e-02 1.099653e-02 1.117275e-02 1.139618e-02 1.478509e-02 1.434131e-02 1.257259e-02 0.000000e+00 8.513173e-03 1.043564e-02 1.090220e-02 1.096585e-02 1.108724e-02 1.143335e-02 1.164429e-02 1.169445e-02 1.170337e-02 1.776329e-02 0.000000e+00 0.000000e+00 1.150522e-02 1.119529e-02 1.120589e-02 8.812351e-03 1.069738e-02 1.108289e-02 1.110081e-02 1.142652e-02 1.102913e-02 1.107529e-02 1.104490e-02 1.104277e-02 1.105814e-02 1.102743e-02
1.113808e-02 1.112064e-02 1.457939e-02 1.135947e-02 1.127345e-02 1.114965e-02 1.113525e-02 1.114718e-02 1.109201e-02 1.100060e-02 1.104794e-02 1.116684e-02 1.120885e-02 1.122280e-02 1.114738e-02 1.106479e-02 1.100687e-02 1.095589e-02 1.096895e-02 1.099159e-02 1.117147e-02 1.141421e-02 9.040254e-03 8.844838e-03 1.050398e-02 0.000000e+00 8.477973e-03 1.041528e-02 1.089850e-02 1.097264e-02 1.109715e-02 1.125143e-02 1.145034e-02 1.151518e-02 1.620921e-02 1.955028e-02 9.214490e-03 0.000000e+00 1.136249e-02 1.140105e-02 1.063389e-02 8.798320e-03 1.105187e-02 1.108804e-02 1.107359e-02 1.108283e-02 1.109413e-02 1.110160e-02 1.107913e-02 1.105836e-02 1.105547e-02 1.104971e-02
1.116192e-02 1.115332e-02 1.121376e-02 1.133293e-02 1.128615e-02 1.118818e-02 1.116023e-02 1.116097e-02 1.113935e-02 8.948283e-03 1.439516e-02 1.688227e-02 1.581635e-02 2.114025e-02 2.271320e-02 2.133411e-02 1.985815e-02 1.834805e-02 1.689238e-02 1.548241e-02 1.458106e-02 1.414420e-02 1.260859e-02 1.083723e-02 0.000000e+00 0.000000e+00 8.412415e-03 1.039776e-02 1.092822e-02 1.103155e-02 1.111964e-02 1.121182e-02 1.118166e-02 1.130525e-02 1.166724e-02 1.580868e-02 1.874977e-02 0.000000e+00 1.132196e-02 1.124141e-02 8.698416e-03 1.053038e-02 1.098308e-02 1.101125e-02 1.103573e-02 1.106377e-02 1.109751e-02 1.112357e-02 1.111985e-02 1.108423e-02 1.105095e-02 1.106749e-02
1.117298e-02 1.120280e-02 1.119622e-02 1.126726e-02 1.128108e-02 1.122102e-02 1.117097e-02 1.114079e-02 1.115023e-02 1.416991e-02 1.107575e-02 1.105691e-02 1.436196e-02 1.128763e-02 1.124101e-02 1.431623e-02 1.263515e-02 1.112672e-02 1.103075e-02 1.102566e-02 1.113325e-02 1.128265e-02 1.111702e-02 1.089400e-02 0.000000e+00 6.626406e-03 8.595440e-03 1.043985e-02 1.098821e-02 1.110857e-02 1.112338e-02 1.111898e-02 1.111288e-02 1.110748e-02 1.147827e-02 1.663498e-02 2.522803e-02 0.000000e+00 0.000000e+00 8.797239e-03 1.070636e-02 1.088276e-02 1.097026e-02 1.101315e-02 1.105119e-02 1.107324e-02 1.108964e-02 1.111663e-02 1.114025e-02 1.113747e-02 1.111962e-02 1.113324e-02
1.111616e-02 1.122247e-02 1.107938e-02 1.111440e-02 1.117518e-02 1.118211e-02 1.113790e-02 1.108534e-02 1.110139e-02 1.112897e-02 1.109321e-02 1.104657e-02 1.110501e-02 1.121641e-02 1.119839e-02 1.111721e-02 1.420882e-02 1.669423e-02 1.861901e-02 1.729536e-02 1.620501e-02 1.530207e-02 1.405124e-02 1.249273e-02 0.000000e+00 6.624188e-03 8.603772e-03 1.049163e-02 1.104463e-02 1.115156e-02 1.108923e-02 1.101178e-02 1.104800e-02 1.110554e-02 1.140058e-02 1.172418e-02 2.127618e-02 2.423295e-02 0.000000e+00 1.060048e-02 1.107117e-02 1.091542e-02 1.097987e-02 1.103446e-02 1.107964e-02 1.109244e-02 1.108417e-02 1.110068e-02 1.115045e-02 1.119314e-02 1.120593e-02 1.121248e-02
1.101423e-02 1.080444e-02 1.108785e-02 1.097841e-02 1.105528e-02 1.112303e-02 1.110328e-02 1.104873e-02 1.104935e-02 1.108665e-02 1.109000e-02 1.105660e-02 1.107247e-02 1.114627e-02 1.115755e-02 1.110854e-02 1.107537e-02 1.106071e-02 1.106605e-02 1.433295e-02 1.290636e-02 1.171716e-02 1.108971e-02 1.104256e-02 0.000000e+00 6.623061e-03 8.622157e-03 1.054031e-02 1.107359e-02 1.115115e-02 2.089990e-02 1.934785e-02 1.812168e-02 2.130268e-02 2.144719e-02 2.168565e-02 2.304350e-02 4.451027e-02 0.000000e+00 0.000000e+00 1.138908e-02 1.121693e-02 1.104593e-02 1.108027e-02 1.110458e-02 1.111812e-02 1.111834e-02 1.111869e-02 1.113917e-02 1.116440e-02 1.116909e-02 1.116910e-02
8.789020e-03 1.125347e-02 1.110357e-02 1.088346e-02 1.098632e-02 1.108017e-02 1.109069e-02 1.105023e-02 1.101489e-02 1.102772e-02 1.107344e-02 1.108149e-02 1.106731e-02 1.110036e-02 1.113878e-02 1.113340e-02 1.109990e-02 1.106915e-02 1.105577e-02 1.105552e-02 1.441924e-02 1.487395e-02 1.504998e-02 1.734611e-02 0.000000e+00 8.379371e-03 1.047067e-02 1.413811e-02 1.687464e-02 1.930951e-02 1.103856e-02 1.387932e-02 1.586065e-02 1.090592e-02 1.091000e-02 1.415408e-02 1.725572e-02 1.789406e-02 4.824729e-02 0.000000e+00 0.000000e+00 1.149662e-02 1.134544e-02 1.113294e-02 1.113062e-02 1.114173e-02 1.115890e-02 1.115023e-02 1.113185e-02 1.111931e-02 1.110236e-02 2.512928e-02
1.069868e-02 1.131985e-02 1.077017e-02 1.088059e-02 1.090089e-02 1.099612e-02 1.103987e-02 1.103359e-02 1.096306e-02 1.096332e-02 1.102524e-02 1.107948e-02 1.105839e-02 1.104848e-02 1.109031e-02 1.112460e-02 1.111423e-02 1.109333e-02 1.107724e-02 1.105891e-02 8.587522e-03 8.584669e-03 1.100157e-02 8.443779e-03 0.000000e+00 8.355879e-03 1.047787e-02 1.107616e-02 1.111478e-02 1.099295e-02 1.044637e-02 1.035936e-02 1.031200e-02 1.030400e-02 1.026342e-02 1.020508e-02 1.032087e-02 1.140705e-02 1.214623e-02 5.169974e-02 0.000000e+00 0.000000e+00 1.167515e-02 1.122399e-02 1.117369e-02 1.114824e-02 1.114481e-02 1.113030e-02 1.111032e-02 1.111797e-02 1.114537e-02 2.631664e-02
1.113702e-02 9.162761e-03 1.119056e-02 1.063526e-02 1.062940e-02 1.066525e-02 1.071307e-02 1.073595e-02 1.097455e-02 1.086402e-02 1.091174e-02 1.100858e-02 1.099147e-02 1.096110e-02 1.098717e-02 1.103348e-02 1.104966e-02 1.105797e-02 1.107621e-02 8.603201e-03 1.056369e-02 1.107824e-02 8.576704e-03 1.042840e-02 0.000000e+00 8.385429e-03 1.049722e-02 1.107046e-02 1.054031e-02 8.496369e-03 8.467691e-03 8.413738e-03 8.351835e-03 8.292098e-03 8.211575e-03 8.107056e-03 1.093711e-02 1.336934e-02 1.314195e-02 1.413851e-02 5.729322e-02 0.000000e+00 1.206129e-02 1.167894e-02 1.123298e-02 1.115866e-02 1.112358e-02 1.110200e-02 1.108122e-02 1.111489e-02 2.707825e-02 1.115896e-02
1.117939e-02 1.138941e-02 9.294152e-03 9.194816e-03 9.116781e-03 9.067208e-03 9.070619e-03 1.108438e-02 1.068152e-02 1.058268e-02 1.089321e-02 1.091511e-02 1.089639e-02 1.089310e-02 1.089875e-02 1.094185e-02 1.097828e-02 1.095734e-02 8.621241e-03 1.053958e-02 1.103713e-02 1.116581e-02 1.108420e-02 1.096772e-02 0.000000e+00 8.428200e-03 1.051312e-02 8.494188e-03 8.521753e-03 1.053141e-02 1.101832e-02 1.107596e-02 1.104214e-02 1.100502e-02 1.098152e-02 1.095850e-02 8.114255e-03 8.085297e-03 1.044844e-02 1.165976e-02 1.239061e-02 0.000000e+00 0.000000e+00 1.177291e-02 1.124356e-02 1.118382e-02 1.116123e-02 1.116655e-02 1.116107e-02 2.753013e-02 1.117730e-02 2.271613e-02
1.120399e-02 1.129551e-02 1.121873e-02 1.107357e-02 1.104314e-02 1.103787e-02 1.110276e-02 9.199968e-03 9.188811e-03 1.092629e-02 1.064072e-02 1.065724e-02 1.091152e-02 1.085070e-02 1.082474e-02 1.084314e-02 1.054838e-02 8.648394e-03 1.053496e-02 1.099870e-02 1.110576e-02 1.116832e-02 1.110746e-02 1.101367e-02 0.000000e+00 8.465265e-03 1.051012e-02 1.105109e-02 1.113657e-02 1.113415e-02 1.112844e-02 1.112690e-02 1.108183e-02 1.102659e-02 1.099042e-02 1.096551e-02 1.098339e-02 1.100714e-02 1.473649e-02 1.583019e-02 1.640929e-02 1.794458e-02 0.000000e+00 0.000000e+00 1.156089e-02 1.488615e-02 8.699749e-03 1.124790e-02 2.842413e-02 1.114393e-02 2.425059e-02 1.113936e-02
1.122574e-02 1.117432e-02 1.114573e-02 1.110628e-02 1.108754e-02 1.107340e-02 1.111623e-02 1.117420e-02 1.112323e-02 9.208612e-03 9.171100e-03 1.095549e-02 1.066443e-02 1.063104e-02 1.056472e-02 8.832421e-03 8.732362e-03 1.052247e-02 1.096231e-02 1.106826e-02 1.111001e-02 1.114837e-02 1.111891e-02 1.106827e-02 0.000000e+00 8.482355e-03 1.047999e-02 1.098849e-02 1.110790e-02 1.116080e-02 1.116815e-02 1.116936e-02 1.113252e-02 1.108460e-02 1.102259e-02 1.096357e-02 1.098023e-02 1.100930e-02 8.193733e-03 8.216326e-03 1.057696e-02 1.177450e-02 1.823812e-02 0.000000e+00 1.170266e-02 1.629569e-02 1.114572e-02 2.819329e-02 1.113909e-02 2.333505e-02 1.125941e-02 1.100492e-02
1.122741e-02 1.107473e-02 1.106728e-02 1.109033e-02 1.110765e-02 1.112613e-02 1.114056e-02 1.115244e-02 1.113585e-02 1.111180e-02 1.109093e-02 9.259065e-03 9.211564e-03 9.150913e-03 9.036134e-03 1.056738e-02 1.088235e-02 1.094642e-02 1.101659e-02 1.108691e-02 1.111940e-02 1.114052e-02 1.445346e-02 1.479365e-02 0.000000e+00 8.476977e-03 1.044986e-02 1.093477e-02 1.108051e-02 1.117565e-02 1.119879e-02 1.120592e-02 1.117837e-02 1.114264e-02 1.107659e-02 1.100038e-02 1.098333e-02 1.099084e-02 1.101064e-02 1.103259e-02 1.116128e-02 1.156283e-02 1.190145e-02 0.000000e+00 0.000000e+00 2.006871e-02 2.749562e-02 1.106881e-02 2.271020e-02 1.492041e-02 1.117284e-02 1.102339e-02
9.394757e-03 1.075788e-02 1.099117e-02 1.104952e-02 1.110628e-02 1.117388e-02 1.116232e-02 1.112539e-02 1.115160e-02 1.120264e-02 1.114752e-02 1.105964e-02 1.101502e-02 1.098915e-02 1.094358e-02 1.090183e-02 1.091976e-02 1.094374e-02 1.102318e-02 1.110793e-02 1.114349e-02 1.116352e-02 8.649192e-03 0.000000e+00 0.000000e+00 8.477190e-03 1.043582e-02 1.089511e-02 1.104838e-02 1.116024e-02 1.120500e-02 1.123257e-02 1.121676e-02 1.119174e-02 1.114432e-02 1.108477e-02 1.100547e-02 1.094143e-02 1.096304e-02 1.099714e-02 1.107260e-02 1.117506e-02 1.153641e-02 1.191799e-02 0.000000e+00 0.000000e+00 3.053009e-02 2.143834e-02 1.354722e-02 8.571465e-03 8.502948e-03 1.047845e-02
-9.999000e+03 -9.999000e+03 -9.999000e+03 -9.999000e+03 -9.999000e+03 -9.999000e+03 -9.999000e+03 9.227838e-03 9.270844e-03 9.391530e-03 9.445169e-03 9.397282e-03 1.075260e-02 1.090599e-02 1.093121e-02 1.095340e-02 1.095561e-02 1.094896e-02 1.103169e-02 1.112841e-02 1.116117e-02 1.118133e-02 1.106558e-02 0.000000e+00 6.634565e-03 8.720206e-03 1.046214e-02 1.086354e-02 1.100678e-02 1.111572e-02 1.118746e-02 1.124894e-02 1.125241e-02 1.124415e-02 1.121024e-02 1.116398e-02 1.104418e-02 1.092065e-02 1.092261e-02 1.095763e-02 1.101640e-02 1.107557e-02 1.121027e-02 1.161939e-02 1.205956e-02 0.000000e+00 0.000000e+00 1.291611e-02 1.049775e-02 1.048315e-02 1.097513e-02 8.443989e-03
-9.999000e+03 -9.999000e+03 -9.999000e+03 -9.999000e+03 -9.999000e+03 -9.999000e+03 -9.999000e+03 -9.999000e+03 -9.999000e+03 -9.999000e+03 1.088172e-02 1.080315e-02 9.262394e-03 9.082230e-03 1.063834e-02 1.099679e-02 1.100602e-02 1.095831e-02 1.104089e-02 1.114921e-02 1.116436e-02 1.116184e-02 1.103857e-02 0.000000e+00 6.635190e-03 8.749901e-03 1.048124e-02 1.084826e-02 1.096807e-02 1.105661e-02 1.115099e-02 1.124879e-02 1.127790e-02 1.129063e-02 1.125346e-02 1.119985e-02 1.109217e-02 1.097813e-02 1.092974e-02 1.090471e-02 1.096105e-02 1.102868e-02 1.114016e-02 1.127704e-02 1.172659e-02 1.213736e-02 0.000000e+00 0.000000e+00 1.100761e-02 1.102457e-02 -9.999000e+03 -9.999000e+03
