tests/data/reference/test_sheet_stream/mwlevel_m.asc
ncols	123
nrows	77
xllcorner	-713746.79929998
yllcorner	-1061022.36961616
cellsize	10.0
NODATA_value	-9999
[rows 23 to 45 of 77, columns 52 to 103 of 123]
1.052513e-02 1.099357e-02 1.104935e-02 1.112565e-02 1.113878e-02 1.112623e-02 1.113194e-02 1.114933e-02 1.113677e-02 1.110924e-02 1.112081e-02 1.114612e-02 1.115409e-02 1.117456e-02 1.124048e-02 1.129286e-02 2.114475e-02 1.115544e-02 1.107792e-02 1.099722e-02 1.094088e-02 1.091350e-02 1.088991e-02 1.089912e-02 9.060710e-03 1.068518e-02 2.132062e-02 1.284177e-02 1.943796e-02 1.148779e-02 1.115622e-02 1.067671e-02 9.181163e-03 9.392064e-03 -9.999000e+03 -9.999000e+03 -9.999000e+03 -9.999000e+03 -9.999000e+03 -9.999000e+03 -9.999000e+03 -9.999000e+03 -9.999000e+03 -9.999000e+03 -9.999000e+03 -9.999000e+03 -9.999000e+03 -9.999000e+03 -9.999000e+03 -9.999000e+03 -9.999000e+03 -9.999000e+03
1.048639e-02 1.095642e-02 1.108765e-02 1.113750e-02 1.113877e-02 1.113360e-02 1.115208e-02 1.117338e-02 1.115167e-02 1.111883e-02 1.112435e-02 1.112821e-02 1.114405e-02 1.120137e-02 1.126205e-02 1.128059e-02 2.249280e-02 1.106928e-02 1.104366e-02 1.100772e-02 1.097746e-02 1.096686e-02 1.096778e-02 1.094641e-02 1.061162e-02 1.095320e-02 9.163798e-03 2.092663e-02 1.153251e-02 1.761463e-02 1.430227e-02 1.108520e-02 1.071000e-02 1.069348e-02 9.459075e-03 -9.999000e+03 -9.999000e+03 -9.999000e+03 -9.999000e+03 -9.999000e+03 -9.999000e+03 -9.999000e+03 -9.999000e+03 -9.999000e+03 -9.999000e+03 -9.999000e+03 -9.999000e+03 -9.999000e+03 -9.999000e+03 -9.999000e+03 -9.999000e+03 -9.999000e+03
1.100444e-02 1.098639e-02 1.109568e-02 1.113394e-02 1.115445e-02 1.117402e-02 1.119745e-02 1.119132e-02 1.113866e-02 1.109356e-02 1.109333e-02 1.111373e-02 1.117199e-02 1.124127e-02 1.125197e-02 1.120512e-02 2.302845e-02 1.097015e-02 1.099650e-02 1.101398e-02 1.101438e-02 1.101536e-02 1.101903e-02 1.101112e-02 1.095432e-02 1.094463e-02 1.057421e-02 1.819010e-02 9.108621e-03 1.093891e-02 2.078736e-02 1.130697e-02 1.108664e-02 1.084945e-02 1.048842e-02 9.249516e-03 9.415057e-03 9.430297e-03 -9.999000e+03 -9.999000e+03 -9.999000e+03 -9.999000e+03 -9.999000e+03 -9.999000e+03 -9.999000e+03 -9.999000e+03 -9.999000e+03 -9.999000e+03 -9.999000e+03 -9.999000e+03 -9.999000e+03 -9.999000e+03
1.049856e-02 1.108287e-02 1.112339e-02 1.117817e-02 1.120815e-02 1.121030e-02 1.118997e-02 1.113482e-02 1.108464e-02 1.107301e-02 1.109965e-02 1.114735e-02 1.119981e-02 1.121764e-02 1.118199e-02 1.113834e-02 2.380739e-02 1.105160e-02 1.106822e-02 1.108141e-02 1.109331e-02 1.110171e-02 1.110151e-02 1.108508e-02 1.104654e-02 1.098698e-02 1.087975e-02 1.624652e-02 1.057841e-02 1.092897e-02 1.897794e-02 1.113656e-02 1.113640e-02 1.104789e-02 1.091532e-02 1.065257e-02 1.070907e-02 9.365734e-03 1.082661e-02 9.449078e-03 -9.999000e+03 -9.999000e+03 -9.999000e+03 -9.999000e+03 -9.999000e+03 -9.999000e+03 -9.999000e+03 -9.999000e+03 -9.999000e+03 -9.999000e+03 -9.999000e+03 -9.999000e+03
1.100253e-02 8.516234e-03 1.118572e-02 1.124159e-02 1.124828e-02 1.120112e-02 1.113284e-02 1.106765e-02 1.105806e-02 1.108567e-02 1.112578e-02 1.116688e-02 1.117565e-02 1.115021e-02 1.112596e-02 1.113999e-02 2.489472e-02 1.115880e-02 1.115770e-02 1.116184e-02 1.118335e-02 1.119733e-02 1.119118e-02 1.116086e-02 1.110941e-02 1.104984e-02 1.099297e-02 1.469419e-02 1.089548e-02 1.087083e-02 1.635291e-02 1.092296e-02 1.111821e-02 1.124031e-02 1.121832e-02 1.323134e-02 9.219344e-03 9.315138e-03 1.086272e-02 1.111956e-02 1.089112e-02 6.039195e-03 -9.999000e+03 -9.999000e+03 -9.999000e+03 -9.999000e+03 -9.999000e+03 -9.999000e+03 -9.999000e+03 -9.999000e+03 -9.999000e+03 -9.999000e+03
1.111510e-02 1.056958e-02 1.117555e-02 1.117635e-02 8.704664e-03 1.114942e-02 1.109633e-02 1.106057e-02 1.106821e-02 1.109427e-02 1.112124e-02 1.114860e-02 1.115220e-02 1.115161e-02 1.117900e-02 1.122462e-02 2.583563e-02 1.111872e-02 1.109843e-02 1.109421e-02 1.110183e-02 1.111267e-02 1.111973e-02 1.111826e-02 1.110214e-02 1.107068e-02 1.103896e-02 1.321568e-02 1.099977e-02 1.095722e-02 1.453324e-02 1.096407e-02 1.106975e-02 1.116678e-02 1.120756e-02 1.177808e-02 1.080552e-02 1.079833e-02 9.321803e-03 1.107553e-02 0.000000e+00 1.040148e-02 6.946912e-03 7.763126e-03 -9.999000e+03 -9.999000e+03 -9.999000e+03 -9.999000e+03 -9.999000e+03 -9.999000e+03 -9.999000e+03 -9.999000e+03
1.116998e-02 1.110542e-02 1.116686e-02 1.112778e-02 8.685756e-03 1.060251e-02 1.109746e-02 1.106634e-02 1.106023e-02 1.108033e-02 1.110534e-02 1.113744e-02 1.116648e-02 1.121446e-02 1.127653e-02 1.129486e-02 1.121364e-02 2.586966e-02 1.101254e-02 1.099889e-02 1.098942e-02 1.099861e-02 1.102293e-02 1.105459e-02 1.108090e-02 1.108083e-02 1.107249e-02 1.172546e-02 1.107787e-02 1.106393e-02 1.310763e-02 1.101961e-02 1.100650e-02 1.103676e-02 1.111560e-02 1.119781e-02 1.112319e-02 1.106240e-02 1.078674e-02 0.000000e+00 0.000000e+00 2.532154e-02 1.786927e-02 9.941464e-03 8.560510e-03 -9.999000e+03 -9.999000e+03 -9.999000e+03 -9.999000e+03 -9.999000e+03 -9.999000e+03 -9.999000e+03
1.124246e-02 1.122135e-02 1.118210e-02 1.113069e-02 1.060447e-02 8.679017e-03 1.102810e-02 1.104199e-02 1.105724e-02 1.112015e-02 1.117357e-02 1.122287e-02 1.126097e-02 1.129734e-02 1.129130e-02 1.120626e-02 1.107026e-02 1.095719e-02 2.492569e-02 1.098326e-02 1.100044e-02 1.102488e-02 1.104717e-02 1.106363e-02 1.107627e-02 1.108109e-02 1.109498e-02 1.110555e-02 1.109337e-02 1.106824e-02 1.156229e-02 1.100540e-02 1.098162e-02 1.354432e-02 1.098942e-02 9.182099e-03 1.106479e-02 1.103002e-02 0.000000e+00 0.000000e+00 9.482214e-03 2.062933e-02 1.399504e-02 1.080948e-02 9.881002e-03 8.846029e-03 -9.999000e+03 -9.999000e+03 -9.999000e+03 -9.999000e+03 -9.999000e+03 -9.999000e+03
1.132840e-02 1.127650e-02 1.120319e-02 1.114747e-02 1.105532e-02 1.058622e-02 8.633209e-03 1.103239e-02 1.111230e-02 1.121793e-02 1.128799e-02 1.134251e-02 1.135781e-02 1.132148e-02 1.120191e-02 1.104376e-02 1.092367e-02 1.086028e-02 2.451987e-02 1.099164e-02 1.103813e-02 1.107558e-02 1.109062e-02 1.108448e-02 1.107469e-02 1.108414e-02 1.111828e-02 1.113095e-02 1.109948e-02 1.105789e-02 1.101676e-02 1.098443e-02 1.539400e-02 1.083581e-02 1.058415e-02 9.079626e-03 1.096255e-02 0.000000e+00 0.000000e+00 9.244184e-03 1.077097e-02 1.686307e-02 1.170081e-02 1.113634e-02 1.087830e-02 9.760268e-03 9.858713e-03 -9.999000e+03 -9.999000e+03 -9.999000e+03 -9.999000e+03 -9.999000e+03
1.142440e-02 1.134449e-02 1.128202e-02 1.124424e-02 8.763682e-03 1.114583e-02 1.105946e-02 1.062557e-02 1.120160e-02 1.124935e-02 1.125958e-02 1.125780e-02 1.120801e-02 1.111733e-02 1.100647e-02 1.092556e-02 1.090358e-02 1.091615e-02 2.468701e-02 1.110282e-02 1.112704e-02 1.112878e-02 1.111153e-02 1.108812e-02 1.107699e-02 1.109594e-02 1.113484e-02 1.115686e-02 1.114920e-02 1.113140e-02 1.110325e-02 1.726922e-02 1.093581e-02 1.084144e-02 1.056375e-02 8.985122e-03 0.000000e+00 0.000000e+00 9.079707e-03 1.073333e-02 1.094126e-02 1.747726e-02 1.083808e-02 9.686202e-03 1.097144e-02 1.079735e-02 1.071182e-02 9.776345e-03 8.702847e-03 -9.999000e+03 -9.999000e+03 -9.999000e+03
1.154824e-02 1.136861e-02 1.129964e-02 1.128553e-02 1.126361e-02 1.074164e-02 1.121037e-02 1.121578e-02 1.115492e-02 1.117980e-02 1.112717e-02 1.106780e-02 1.098428e-02 1.091766e-02 1.089086e-02 1.090481e-02 1.096476e-02 1.104432e-02 1.114982e-02 2.567354e-02 1.122244e-02 1.117941e-02 1.112571e-02 1.108724e-02 1.108079e-02 1.110947e-02 1.115071e-02 1.118370e-02 1.120745e-02 1.122210e-02 1.957765e-02 1.109005e-02 1.105390e-02 1.094108e-02 0.000000e+00 0.000000e+00 0.000000e+00 8.946400e-03 1.068760e-02 1.097075e-02 1.614262e-02 1.068453e-02 9.308666e-03 1.067031e-02 1.094503e-02 1.109377e-02 1.249144e-02 1.651236e-02 9.770292e-03 7.495710e-03 -9.999000e+03 -9.999000e+03
6.972261e-02 6.485735e-02 1.160452e-02 1.157873e-02 1.114860e-02 1.112192e-02 1.105884e-02 1.111554e-02 1.109811e-02 1.106304e-02 1.103412e-02 1.098938e-02 1.094114e-02 1.092468e-02 1.093888e-02 1.097827e-02 1.105356e-02 1.114134e-02 1.123313e-02 2.838078e-02 1.125192e-02 1.123195e-02 1.119235e-02 1.116233e-02 1.116207e-02 1.118969e-02 1.121651e-02 1.122042e-02 1.121589e-02 1.121653e-02 2.135946e-02 1.109897e-02 1.107167e-02 0.000000e+00 0.000000e+00 8.852645e-03 8.872251e-03 1.066931e-02 1.098886e-02 1.556072e-02 1.086849e-02 1.062017e-02 9.177878e-03 1.089136e-02 1.094710e-02 1.363011e-02 1.311742e-02 1.074074e-02 9.557022e-03 1.718189e-02 9.811411e-03 7.407308e-03
1.958750e-02 1.745433e-02 6.072617e-02 1.138094e-02 1.139076e-02 1.131783e-02 1.128219e-02 1.127683e-02 1.126235e-02 1.125034e-02 1.123927e-02 1.121366e-02 1.119894e-02 1.121424e-02 1.125096e-02 1.132405e-02 1.143273e-02 1.153804e-02 1.163266e-02 1.169918e-02 3.025055e-02 1.167889e-02 1.164752e-02 1.161552e-02 1.126822e-02 1.129333e-02 1.129935e-02 1.126702e-02 1.122171e-02 1.119172e-02 2.268129e-02 1.109434e-02 0.000000e+00 0.000000e+00 8.844657e-03 1.069260e-02 1.068618e-02 1.102716e-02 1.664343e-02 1.092116e-02 1.090050e-02 1.065788e-02 1.088870e-02 9.210648e-03 1.095833e-02 1.617044e-02 9.348529e-03 1.083989e-02 1.072941e-02 1.527154e-02 9.565921e-03 1.726055e-02
9.318044e-03 1.108491e-02 1.149142e-02 5.806954e-02 5.730106e-02 5.419020e-02 5.273544e-02 1.144130e-02 1.151563e-02 1.157781e-02 1.161754e-02 1.163308e-02 1.167518e-02 1.173690e-02 1.587014e-02 1.180187e-02 1.179926e-02 1.176765e-02 1.172744e-02 1.168564e-02 9.436356e-03 3.010835e-02 1.537723e-02 1.161077e-02 1.163851e-02 1.168786e-02 1.127403e-02 1.122667e-02 1.117600e-02 1.113810e-02 2.358825e-02 0.000000e+00 0.000000e+00 8.802642e-03 1.066227e-02 1.105515e-02 1.105672e-02 1.108779e-02 1.801079e-02 1.096359e-02 1.091568e-02 1.093777e-02 1.065337e-02 9.150214e-03 1.101209e-02 1.399269e-02 1.077446e-02 1.098399e-02 1.096878e-02 1.244489e-02 1.071354e-02 1.339872e-02
1.144732e-02 1.142517e-02 1.155432e-02 1.175715e-02 1.158129e-02 1.134510e-02 1.144819e-02 5.477546e-02 5.590046e-02 5.679146e-02 5.734848e-02 5.744637e-02 5.821765e-02 5.970860e-02 6.125636e-02 6.233343e-02 6.145277e-02 1.210606e-02 1.191184e-02 1.174603e-02 1.155405e-02 1.102776e-02 3.032944e-02 1.154990e-02 1.164450e-02 1.168663e-02 1.164535e-02 1.116158e-02 1.111014e-02 1.107508e-02 0.000000e+00 0.000000e+00 1.059404e-02 8.779743e-03 1.102296e-02 1.107382e-02 1.109341e-02 1.110691e-02 1.921325e-02 1.101111e-02 1.096672e-02 1.093208e-02 1.065310e-02 1.095480e-02 1.193438e-02 9.269441e-03 1.112626e-02 1.114098e-02 1.108619e-02 1.104203e-02 1.090885e-02 1.119539e-02
1.098153e-02 1.139275e-02 1.157815e-02 2.640490e-02 2.689730e-02 2.658964e-02 2.695728e-02 2.793666e-02 2.887418e-02 2.978575e-02 3.055859e-02 3.117047e-02 3.202569e-02 3.320933e-02 3.464981e-02 3.632780e-02 3.672257e-02 7.035751e-02 6.949044e-02 1.173060e-02 1.164734e-02 1.152481e-02 3.095434e-02 1.169527e-02 1.168995e-02 1.164633e-02 1.158189e-02 1.152663e-02 1.108185e-02 0.000000e+00 0.000000e+00 1.104931e-02 1.059508e-02 8.765480e-03 1.107509e-02 1.107477e-02 1.108316e-02 2.040084e-02 1.105590e-02 1.101069e-02 1.096259e-02 1.093313e-02 1.095528e-02 1.094298e-02 1.067373e-02 1.100484e-02 9.297757e-03 1.112887e-02 1.112331e-02 1.109922e-02 1.106223e-02 1.105967e-02
1.103416e-02 2.358430e-02 2.363209e-02 1.110923e-02 1.111342e-02 1.107844e-02 1.113314e-02 1.121316e-02 1.126569e-02 1.131630e-02 1.136259e-02 1.169761e-02 1.174592e-02 1.180508e-02 1.186762e-02 1.191511e-02 1.692291e-02 2.098932e-02 2.026365e-02 7.104717e-02 7.014810e-02 6.514681e-02 6.501576e-02 3.541265e-02 1.171811e-02 1.158497e-02 1.152228e-02 1.145018e-02 0.000000e+00 0.000000e+00 8.796122e-03 1.395325e-02 1.059666e-02 8.759365e-03 1.109044e-02 1.107917e-02 1.107155e-02 2.118638e-02 1.103651e-02 1.099481e-02 1.094531e-02 1.094418e-02 1.095808e-02 1.092885e-02 1.092011e-02 1.065144e-02 9.219445e-03 1.107563e-02 1.112918e-02 1.118043e-02 1.121117e-02 1.118237e-02
2.429668e-02 1.097411e-02 1.098041e-02 1.099061e-02 1.092757e-02 1.085757e-02 1.088253e-02 1.094087e-02 1.098393e-02 1.104087e-02 1.110801e-02 1.116518e-02 1.121363e-02 1.127080e-02 1.134051e-02 1.170783e-02 1.178094e-02 1.186457e-02 1.686139e-02 2.154949e-02 2.453328e-02 3.710029e-02 1.946957e-02 7.518784e-02 4.080650e-02 1.176601e-02 1.160435e-02 9.409406e-03 0.000000e+00 9.237047e-03 1.069146e-02 1.592612e-02 8.702824e-03 1.061040e-02 1.108491e-02 1.108825e-02 1.107881e-02 2.197200e-02 1.104903e-02 1.101138e-02 1.096530e-02 1.094267e-02 1.095458e-02 1.099274e-02 1.094643e-02 1.064448e-02 1.092752e-02 9.223521e-03 1.105899e-02 1.110035e-02 1.113594e-02 1.113967e-02
1.101320e-02 1.098466e-02 1.099159e-02 1.099998e-02 1.094508e-02 1.086038e-02 1.084905e-02 1.086761e-02 1.086800e-02 1.089832e-02 1.097131e-02 1.103690e-02 1.107255e-02 1.110748e-02 1.116198e-02 1.121561e-02 1.125897e-02 1.131970e-02 1.174183e-02 1.194246e-02 1.196825e-02 0.000000e+00 0.000000e+00 0.000000e+00 8.155066e-02 4.152449e-02 1.143738e-02 0.000000e+00 0.000000e+00 1.132163e-02 1.154489e-02 1.604435e-02 8.676234e-03 1.098489e-02 1.107032e-02 1.109660e-02 2.293788e-02 1.109040e-02 1.106082e-02 1.101762e-02 1.098571e-02 1.096207e-02 1.095800e-02 1.101490e-02 1.100451e-02 1.096378e-02 1.064401e-02 9.128660e-03 1.098993e-02 1.100409e-02 1.102487e-02 1.105875e-02
1.099875e-02 1.096475e-02 1.096306e-02 1.098146e-02 1.095447e-02 1.088353e-02 1.085519e-02 1.084377e-02 1.079834e-02 1.078351e-02 1.084590e-02 1.091991e-02 1.095541e-02 1.097833e-02 1.101898e-02 1.106245e-02 1.108805e-02 1.113133e-02 1.123748e-02 1.138125e-02 1.175975e-02 1.174426e-02 1.195196e-02 0.000000e+00 0.000000e+00 0.000000e+00 6.458316e-02 0.000000e+00 9.657743e-03 1.180903e-02 1.174800e-02 1.590772e-02 1.069695e-02 1.113676e-02 1.111008e-02 1.109372e-02 2.356045e-02 1.110370e-02 1.107801e-02 1.101168e-02 1.096993e-02 1.095956e-02 1.095550e-02 1.101514e-02 1.106278e-02 1.100451e-02 9.046941e-03 1.073019e-02 1.102336e-02 1.102557e-02 1.103402e-02 1.103466e-02
1.098381e-02 1.097640e-02 1.096996e-02 1.099531e-02 1.100655e-02 1.097216e-02 1.095247e-02 1.094132e-02 1.087133e-02 1.079837e-02 1.080569e-02 1.084932e-02 1.087642e-02 1.088874e-02 1.180223e-02 1.093567e-02 1.093501e-02 1.094729e-02 1.101861e-02 1.111056e-02 1.117811e-02 1.146922e-02 1.162435e-02 1.193394e-02 1.188940e-02 0.000000e+00 0.000000e+00 0.000000e+00 7.121273e-03 1.144540e-02 1.559982e-02 1.548652e-02 1.129982e-02 1.129809e-02 1.118436e-02 1.109732e-02 2.400360e-02 1.109411e-02 1.109432e-02 1.102848e-02 1.096095e-02 1.093949e-02 1.094159e-02 1.101120e-02 1.107257e-02 1.074332e-02 9.052790e-03 1.106250e-02 1.107069e-02 1.106091e-02 1.106162e-02 1.102832e-02
1.094784e-02 1.096325e-02 1.094769e-02 1.097085e-02 1.102229e-02 1.103305e-02 1.102697e-02 1.103087e-02 1.097493e-02 1.087492e-02 1.082121e-02 1.081828e-02 1.083565e-02 1.323497e-02 1.084200e-02 1.084604e-02 1.081898e-02 1.080890e-02 1.086888e-02 1.093673e-02 1.096875e-02 1.101757e-02 1.140644e-02 1.163747e-02 1.170500e-02 1.420954e-02 0.000000e+00 0.000000e+00 0.000000e+00 0.000000e+00 1.728404e-02 1.510213e-02 1.169299e-02 1.121312e-02 1.116302e-02 1.112459e-02 2.462482e-02 1.108792e-02 1.108436e-02 1.104159e-02 1.097039e-02 1.091929e-02 1.090035e-02 1.096092e-02 1.098895e-02 1.070154e-02 9.032738e-03 1.109117e-02 1.108538e-02 1.105762e-02 1.102561e-02 1.099428e-02
1.102293e-02 1.100218e-02 1.091988e-02 1.089023e-02 1.095751e-02 1.100648e-02 1.100381e-02 1.102358e-02 1.103483e-02 1.098871e-02 1.091606e-02 1.087855e-02 1.499580e-02 1.089788e-02 1.087670e-02 1.085464e-02 1.079381e-02 1.076094e-02 1.083057e-02 1.090672e-02 1.090539e-02 1.090960e-02 1.105804e-02 1.153513e-02 1.156429e-02 0.000000e+00 0.000000e+00 9.342861e-03 1.123487e-02 0.000000e+00 0.000000e+00 0.000000e+00 1.151742e-02 1.137484e-02 1.109107e-02 1.114651e-02 2.540556e-02 1.111159e-02 1.107523e-02 1.104511e-02 1.098876e-02 1.092438e-02 1.087852e-02 1.090781e-02 1.092058e-02 1.063796e-02 8.983204e-03 1.107596e-02 1.109283e-02 1.105899e-02 1.098616e-02 1.095592e-02
