tests/data/reference/test_sheet_stream/mwlevel_m.asc
ncols	123
nrows	77
xllcorner	-713746.79929998
yllcorner	-1061022.36961616
cellsize	10.0
NODATA_value	-9999
[rows 46 to 68 of 77, columns 0 to 51 of 123]
-9.999000e+03 -9.999000e+03 -9.999000e+03 -9.999000e+03 -9.999000e+03 -9.999000e+03 7.470426e-03 1.371612e-02 1.119629e-02 1.121985e-02 9.868286e-03 1.100139e-02 1.113114e-02 1.118238e-02 1.121550e-02 1.123488e-02 1.118111e-02 1.109377e-02 1.098465e-02 1.088797e-02 1.091959e-02 1.078817e-02 1.083637e-02 1.090090e-02 1.107779e-02 1.102148e-02 1.108532e-02 1.117010e-02 1.113580e-02 1.109312e-02 1.110423e-02 2.277014e-02 2.288875e-02 1.111443e-02 1.110014e-02 1.108453e-02 1.105307e-02 1.103129e-02 1.103897e-02 1.104516e-02 1.107463e-02 1.112667e-02 1.116611e-02 1.117980e-02 1.121570e-02 1.126319e-02 1.126147e-02 1.125167e-02 1.128239e-02 1.133875e-02 1.131153e-02 1.119964e-02
-9.999000e+03 -9.999000e+03 -9.999000e+03 -9.999000e+03 -9.999000e+03 -9.999000e+03 2.111913e-02 1.133380e-02 1.099573e-02 1.094978e-02 9.756570e-03 1.102667e-02 1.102425e-02 1.106854e-02 1.111646e-02 1.117866e-02 1.121893e-02 1.119484e-02 1.107942e-02 1.096676e-02 9.489001e-03 9.428772e-03 9.398337e-03 9.400892e-03 1.084458e-02 1.101706e-02 1.109278e-02 2.066080e-02 2.146048e-02 2.173378e-02 2.219942e-02 1.116797e-02 1.112563e-02 1.108877e-02 1.106567e-02 1.104620e-02 1.101615e-02 1.099279e-02 1.101070e-02 1.102234e-02 1.102799e-02 1.104664e-02 1.107308e-02 1.109949e-02 1.114682e-02 1.121180e-02 1.124526e-02 1.124320e-02 1.123894e-02 1.128024e-02 1.131477e-02 1.127823e-02
-9.999000e+03 -9.999000e+03 -9.999000e+03 -9.999000e+03 -9.999000e+03 8.166547e-03 1.144919e-02 1.310924e-02 9.815652e-03 9.791205e-03 1.080526e-02 1.090621e-02 1.090237e-02 1.096330e-02 1.101691e-02 1.108873e-02 1.117354e-02 1.121425e-02 1.111694e-02 1.101487e-02 1.302676e-02 1.469584e-02 1.601321e-02 1.732047e-02 1.815201e-02 1.899829e-02 1.991205e-02 1.120281e-02 1.120004e-02 1.114932e-02 1.114306e-02 1.115717e-02 1.111173e-02 1.105784e-02 1.102202e-02 1.100100e-02 1.097256e-02 1.094284e-02 1.096718e-02 1.099942e-02 1.100951e-02 1.100891e-02 1.100880e-02 1.102166e-02 1.106211e-02 1.112741e-02 1.119333e-02 1.123048e-02 1.121633e-02 1.122199e-02 1.127874e-02 1.130238e-02
-9.999000e+03 -9.999000e+03 -9.999000e+03 -9.999000e+03 1.140694e-02 9.640741e-03 1.110924e-02 1.229184e-02 9.890441e-03 9.942374e-03 1.085933e-02 1.093607e-02 1.099802e-02 1.081258e-02 1.100361e-02 1.106433e-02 1.113816e-02 1.119079e-02 1.109076e-02 1.099430e-02 1.101295e-02 1.105863e-02 1.108299e-02 1.110955e-02 1.118043e-02 1.122626e-02 1.121866e-02 1.123248e-02 1.125642e-02 1.123721e-02 1.121362e-02 1.122523e-02 1.121746e-02 1.118532e-02 1.114421e-02 1.110575e-02 1.105469e-02 1.098575e-02 1.096643e-02 1.098746e-02 1.101724e-02 1.102218e-02 1.099631e-02 1.098191e-02 1.099764e-02 1.104005e-02 1.111166e-02 1.118302e-02 1.118998e-02 1.117825e-02 1.123584e-02 1.129128e-02
-9.999000e+03 -9.999000e+03 -9.999000e+03 -9.999000e+03 7.715503e-03 1.108313e-02 1.084219e-02 1.088668e-02 1.092229e-02 1.003568e-02 1.099808e-02 1.288385e-02 9.827099e-03 1.079566e-02 1.096378e-02 1.103464e-02 1.110861e-02 1.117551e-02 1.108698e-02 1.097876e-02 1.097202e-02 1.104457e-02 1.106383e-02 1.109184e-02 1.115529e-02 1.122345e-02 1.122840e-02 1.123345e-02 1.127251e-02 1.128685e-02 1.125874e-02 1.125215e-02 1.126021e-02 1.126050e-02 1.124048e-02 1.120256e-02 1.114934e-02 1.106747e-02 1.099940e-02 1.098554e-02 1.103101e-02 1.105489e-02 1.101224e-02 1.097223e-02 1.095989e-02 1.097416e-02 1.103581e-02 1.111946e-02 1.114992e-02 1.113416e-02 1.118223e-02 1.125115e-02
-9.999000e+03 -9.999000e+03 -9.999000e+03 7.986305e-03 9.877422e-03 1.187833e-02 9.978356e-03 1.082502e-02 1.009813e-02 1.092400e-02 1.201006e-02 1.099312e-02 9.907646e-03 1.075177e-02 1.089719e-02 1.098838e-02 1.105801e-02 1.113312e-02 1.107780e-02 1.094157e-02 1.100987e-02 1.067902e-02 1.089313e-02 1.093406e-02 1.099829e-02 1.108065e-02 1.110991e-02 1.111791e-02 1.115585e-02 1.118414e-02 1.116084e-02 1.113860e-02 1.113823e-02 1.115946e-02 1.118624e-02 1.119489e-02 1.119080e-02 1.114989e-02 1.106122e-02 1.100766e-02 1.106094e-02 1.111585e-02 1.108341e-02 1.103354e-02 1.099086e-02 1.096527e-02 1.099129e-02 1.105434e-02 1.106155e-02 1.106269e-02 1.108724e-02 1.114363e-02
-9.999000e+03 -9.999000e+03 -9.999000e+03 8.570941e-03 1.213196e-02 1.075775e-02 1.014991e-02 1.026283e-02 1.085011e-02 1.087574e-02 1.146523e-02 1.091743e-02 1.001983e-02 1.067660e-02 1.083107e-02 1.094197e-02 1.099894e-02 1.108254e-02 1.109301e-02 1.342396e-02 9.474081e-03 1.054111e-02 1.069894e-02 1.075500e-02 1.082047e-02 1.091839e-02 1.098378e-02 1.100820e-02 1.104840e-02 1.108817e-02 1.107579e-02 1.104496e-02 1.102513e-02 1.104363e-02 1.109518e-02 1.113775e-02 1.117955e-02 1.119627e-02 1.112064e-02 1.103131e-02 1.106674e-02 1.114306e-02 1.114573e-02 1.111099e-02 1.105480e-02 1.100328e-02 1.099550e-02 1.063076e-02 1.066682e-02 1.068295e-02 1.069177e-02 1.818461e-02
-9.999000e+03 -9.999000e+03 9.898217e-03 6.813316e-03 1.085847e-02 1.071011e-02 1.037833e-02 1.045500e-02 1.039354e-02 1.049064e-02 1.129382e-02 1.096380e-02 1.018862e-02 1.065294e-02 1.079974e-02 1.088988e-02 1.089335e-02 1.095690e-02 1.257574e-02 1.094783e-02 9.692608e-03 1.052987e-02 1.060699e-02 1.065708e-02 1.068246e-02 1.075716e-02 1.085290e-02 1.091655e-02 1.098056e-02 1.104859e-02 1.107078e-02 1.105043e-02 1.099935e-02 1.097804e-02 1.100686e-02 1.103776e-02 1.108314e-02 1.113256e-02 1.110405e-02 1.102910e-02 1.103586e-02 1.109723e-02 1.113333e-02 1.114277e-02 1.111490e-02 1.107919e-02 8.938472e-03 8.899068e-03 8.893090e-03 8.917222e-03 1.927666e-02 1.112092e-02
-9.999000e+03 -9.999000e+03 3.108312e-02 1.113447e-02 1.016143e-02 1.036334e-02 1.052943e-02 1.037270e-02 1.113449e-02 1.149806e-02 1.045930e-02 1.100398e-02 1.033587e-02 1.071663e-02 1.078677e-02 1.083550e-02 1.077443e-02 1.077735e-02 1.094979e-02 1.173939e-02 9.964368e-03 1.043146e-02 1.048182e-02 1.057905e-02 1.056277e-02 1.059231e-02 1.069825e-02 1.079751e-02 1.088980e-02 1.097947e-02 1.103691e-02 1.104836e-02 1.098860e-02 1.093890e-02 1.095119e-02 1.097250e-02 1.101001e-02 1.105570e-02 1.104938e-02 1.102058e-02 1.103255e-02 1.106639e-02 1.109971e-02 1.112767e-02 1.111684e-02 1.109510e-02 1.107236e-02 1.106746e-02 1.859191e-02 2.043713e-02 1.113555e-02 1.113018e-02
-9.999000e+03 1.073124e-02 3.733639e-02 1.164485e-02 1.022499e-02 1.065355e-02 1.032504e-02 1.032876e-02 -9.999000e+03 -9.999000e+03 -9.999000e+03 1.047013e-02 1.040148e-02 1.016329e-02 1.005771e-02 1.005169e-02 1.000185e-02 9.915149e-03 1.000517e-02 1.031350e-02 1.038354e-02 1.012071e-02 1.049939e-02 1.052923e-02 1.056366e-02 1.060206e-02 1.064872e-02 1.071508e-02 1.080042e-02 1.088020e-02 1.094592e-02 1.100722e-02 1.097236e-02 1.093006e-02 1.095025e-02 1.097734e-02 1.101601e-02 1.104607e-02 1.101229e-02 1.099746e-02 1.104758e-02 1.108621e-02 1.109864e-02 1.111089e-02 1.109091e-02 1.106730e-02 1.410375e-02 1.655461e-02 1.113853e-02 1.117484e-02 1.114009e-02 1.112517e-02
-9.999000e+03 1.461259e-02 1.194017e-02 1.023064e-02 1.041283e-02 1.039083e-02 -9.999000e+03 -9.999000e+03 -9.999000e+03 -9.999000e+03 -9.999000e+03 -9.999000e+03 1.034404e-02 1.021100e-02 1.097947e-02 1.106784e-02 1.005195e-02 1.094181e-02 1.119441e-02 1.147083e-02 1.048458e-02 1.046334e-02 1.027360e-02 1.005632e-02 1.064807e-02 1.065812e-02 1.060487e-02 1.059341e-02 1.063749e-02 1.066361e-02 1.086202e-02 1.091464e-02 1.092561e-02 1.089988e-02 1.093428e-02 1.096859e-02 1.101127e-02 1.104728e-02 1.099213e-02 1.095596e-02 1.102882e-02 1.109279e-02 1.109873e-02 1.109753e-02 1.106707e-02 1.103613e-02 1.106632e-02 1.110636e-02 1.114378e-02 1.117660e-02 1.112269e-02 1.109175e-02
7.933080e-03 1.861577e-02 1.079895e-02 1.040111e-02 1.068687e-02 1.021262e-02 -9.999000e+03 -9.999000e+03 -9.999000e+03 -9.999000e+03 -9.999000e+03 -9.999000e+03 -9.999000e+03 -9.999000e+03 -9.999000e+03 1.002564e-02 1.094230e-02 9.950597e-03 1.002423e-02 1.013543e-02 1.148713e-02 -9.999000e+03 -9.999000e+03 1.027415e-02 1.005084e-02 9.917389e-03 9.773891e-03 9.632974e-03 9.562230e-03 1.088468e-02 1.066229e-02 1.080587e-02 1.080775e-02 1.080166e-02 1.086654e-02 1.091318e-02 1.094557e-02 1.099089e-02 1.096187e-02 1.090699e-02 1.098498e-02 1.103957e-02 1.105082e-02 1.107989e-02 1.103222e-02 1.098064e-02 1.098836e-02 1.101472e-02 1.105802e-02 1.109385e-02 1.101862e-02 1.096529e-02
9.332331e-03 1.043918e-02 1.048686e-02 1.048961e-02 1.019469e-02 -9.999000e+03 -9.999000e+03 -9.999000e+03 -9.999000e+03 -9.999000e+03 -9.999000e+03 -9.999000e+03 -9.999000e+03 -9.999000e+03 -9.999000e+03 -9.999000e+03 -9.999000e+03 -9.999000e+03 -9.999000e+03 -9.999000e+03 -9.999000e+03 -9.999000e+03 -9.999000e+03 1.032826e-02 1.010596e-02 1.002213e-02 1.088997e-02 1.093943e-02 1.105556e-02 9.760747e-03 1.084576e-02 1.063765e-02 1.062289e-02 1.061656e-02 1.069302e-02 1.071644e-02 1.069850e-02 1.094867e-02 1.091266e-02 1.085853e-02 1.066164e-02 1.071579e-02 1.106107e-02 1.104302e-02 1.100887e-02 1.098307e-02 1.092693e-02 1.091711e-02 1.094059e-02 1.101950e-02 1.093467e-02 1.084956e-02
-9.999000e+03 1.015074e-02 1.021140e-02 1.002650e-02 -9.999000e+03 -9.999000e+03 -9.999000e+03 -9.999000e+03 -9.999000e+03 -9.999000e+03 -9.999000e+03 -9.999000e+03 -9.999000e+03 -9.999000e+03 -9.999000e+03 -9.999000e+03 -9.999000e+03 -9.999000e+03 -9.999000e+03 -9.999000e+03 -9.999000e+03 -9.999000e+03 -9.999000e+03 -9.999000e+03 -9.999000e+03 -9.999000e+03 9.915363e-03 9.810493e-03 1.099327e-02 1.126738e-02 9.990940e-03 9.895480e-03 9.736172e-03 9.538656e-03 9.447773e-03 9.425721e-03 1.089422e-02 1.068417e-02 1.069070e-02 9.126630e-03 9.060804e-03 1.099851e-02 1.070865e-02 1.073864e-02 1.106771e-02 1.072177e-02 1.070081e-02 1.067106e-02 1.097944e-02 1.098139e-02 1.094731e-02 1.048547e-02
-9.999000e+03 -9.999000e+03 -9.999000e+03 -9.999000e+03 -9.999000e+03 -9.999000e+03 -9.999000e+03 -9.999000e+03 -9.999000e+03 -9.999000e+03 -9.999000e+03 -9.999000e+03 -9.999000e+03 -9.999000e+03 -9.999000e+03 -9.999000e+03 -9.999000e+03 -9.999000e+03 -9.999000e+03 -9.999000e+03 -9.999000e+03 -9.999000e+03 -9.999000e+03 -9.999000e+03 -9.999000e+03 -9.999000e+03 -9.999000e+03 -9.999000e+03 9.868888e-03 1.117710e-02 1.009613e-02 1.000743e-02 9.822787e-03 1.072765e-02 1.099271e-02 1.115738e-02 9.531026e-03 9.418776e-03 9.312394e-03 1.071782e-02 1.099394e-02 9.118670e-03 9.099436e-03 1.099879e-02 9.084174e-03 9.081577e-03 9.091122e-03 1.109438e-02 1.069066e-02 1.098417e-02 8.986243e-03 8.811788e-03
-9.999000e+03 -9.999000e+03 -9.999000e+03 -9.999000e+03 -9.999000e+03 -9.999000e+03 -9.999000e+03 -9.999000e+03 -9.999000e+03 -9.999000e+03 -9.999000e+03 -9.999000e+03 -9.999000e+03 -9.999000e+03 -9.999000e+03 -9.999000e+03 -9.999000e+03 -9.999000e+03 -9.999000e+03 -9.999000e+03 -9.999000e+03 -9.999000e+03 -9.999000e+03 -9.999000e+03 -9.999000e+03 -9.999000e+03 -9.999000e+03 -9.999000e+03 -9.999000e+03 1.004410e-02 1.111196e-02 1.082786e-02 1.071744e-02 9.535769e-03 9.495324e-03 9.596617e-03 9.590188e-03 9.460458e-03 1.077443e-02 1.098642e-02 1.104658e-02 1.108643e-02 1.105509e-02 9.115265e-03 1.075282e-02 1.107752e-02 1.115219e-02 9.188971e-03 1.100186e-02 9.083446e-03 1.066106e-02 1.090596e-02
-9.999000e+03 -9.999000e+03 -9.999000e+03 -9.999000e+03 -9.999000e+03 -9.999000e+03 -9.999000e+03 -9.999000e+03 -9.999000e+03 -9.999000e+03 -9.999000e+03 -9.999000e+03 -9.999000e+03 -9.999000e+03 -9.999000e+03 -9.999000e+03 -9.999000e+03 -9.999000e+03 -9.999000e+03 -9.999000e+03 -9.999000e+03 -9.999000e+03 -9.999000e+03 -9.999000e+03 -9.999000e+03 -9.999000e+03 -9.999000e+03 -9.999000e+03 -9.999000e+03 -9.999000e+03 1.081948e-02 -9.999000e+03 -9.999000e+03 -9.999000e+03 -9.999000e+03 -9.999000e+03 -9.999000e+03 -9.999000e+03 9.367273e-03 1.081778e-02 1.107305e-02 1.112996e-02 1.105566e-02 1.098123e-02 1.103214e-02 1.109532e-02 1.116776e-02 1.124538e-02 9.236550e-03 1.063568e-02 1.093611e-02 1.102201e-02
-9.999000e+03 -9.999000e+03 -9.999000e+03 -9.999000e+03 -9.999000e+03 -9.999000e+03 -9.999000e+03 -9.999000e+03 -9.999000e+03 -9.999000e+03 -9.999000e+03 -9.999000e+03 -9.999000e+03 -9.999000e+03 -9.999000e+03 -9.999000e+03 -9.999000e+03 -9.999000e+03 -9.999000e+03 -9.999000e+03 -9.999000e+03 -9.999000e+03 -9.999000e+03 -9.999000e+03 -9.999000e+03 -9.999000e+03 -9.999000e+03 -9.999000e+03 -9.999000e+03 -9.999000e+03 -9.999000e+03 -9.999000e+03 -9.999000e+03 -9.999000e+03 -9.999000e+03 -9.999000e+03 -9.999000e+03 -9.999000e+03 -9.999000e+03 -9.999000e+03 -9.999000e+03 9.358235e-03 9.315186e-03 9.197682e-03 1.074741e-02 1.107910e-02 1.117740e-02 1.125884e-02 1.106926e-02 1.086645e-02 1.098011e-02 1.112455e-02
-9.999000e+03 -9.999000e+03 -9.999000e+03 -9.999000e+03 -9.999000e+03 -9.999000e+03 -9.999000e+03 -9.999000e+03 -9.999000e+03 -9.999000e+03 -9.999000e+03 -9.999000e+03 -9.999000e+03 -9.999000e+03 -9.999000e+03 -9.999000e+03 -9.999000e+03 -9.999000e+03 -9.999000e+03 -9.999000e+03 -9.999000e+03 -9.999000e+03 -9.999000e+03 -9.999000e+03 -9.999000e+03 -9.999000e+03 -9.999000e+03 -9.999000e+03 -9.999000e+03 -9.999000e+03 -9.999000e+03 -9.999000e+03 -9.999000e+03 -9.999000e+03 -9.999000e+03 -9.999000e+03 -9.999000e+03 -9.999000e+03 -9.999000e+03 -9.999000e+03 -9.999000e+03 -9.999000e+03 -9.999000e+03 -9.999000e+03 9.116301e-03 9.145490e-03 1.086237e-02 1.119793e-02 9.232293e-03 1.060797e-02 1.100880e-02 1.123509e-02
-9.999000e+03 -9.999000e+03 -9.999000e+03 -9.999000e+03 -9.999000e+03 -9.999000e+03 -9.999000e+03 -9.999000e+03 -9.999000e+03 -9.999000e+03 -9.999000e+03 -9.999000e+03 -9.999000e+03 -9.999000e+03 -9.999000e+03 -9.999000e+03 -9.999000e+03 -9.999000e+03 -9.999000e+03 -9.999000e+03 -9.999000e+03 -9.999000e+03 -9.999000e+03 -9.999000e+03 -9.999000e+03 -9.999000e+03 -9.999000e+03 -9.999000e+03 -9.999000e+03 -9.999000e+03 -9.999000e+03 -9.999000e+03 -9.999000e+03 -9.999000e+03 -9.999000e+03 -9.999000e+03 -9.999000e+03 -9.999000e+03 -9.999000e+03 -9.999000e+03 -9.999000e+03 -9.999000e+03 -9.999000e+03 -9.999000e+03 -9.999000e+03 -9.999000e+03 -9.999000e+03 -9.999000e+03 -9.999000e+03 -9.999000e+03 9.042752e-03 1.097708e-02
-9.999000e+03 -9.999000e+03 -9.999000e+03 -9.999000e+03 -9.999000e+03 -9.999000e+03 -9.999000e+03 -9.999000e+03 -9.999000e+03 -9.999000e+03 -9.999000e+03 -9.999000e+03 -9.999000e+03 -9.999000e+03 -9.999000e+03 -9.999000e+03 -9.999000e+03 -9.999000e+03 -9.999000e+03 -9.999000e+03 -9.999000e+03 -9.999000e+03 -9.999000e+03 -9.999000e+03 -9.999000e+03 -9.999000e+03 -9.999000e+03 -9.999000e+03 -9.999000e+03 -9.999000e+03 -9.999000e+03 -9.999000e+03 -9.999000e+03 -9.999000e+03 -9.999000e+03 -9.999000e+03 -9.999000e+03 -9.999000e+03 -9.999000e+03 -9.999000e+03 -9.999000e+03 -9.999000e+03 -9.999000e+03 -9.999000e+03 -9.999000e+03 -9.999000e+03 -9.999000e+03 -9.999000e+03 -9.999000e+03 -9.999000e+03 -9.999000e+03 9.295588e-03
-9.999000e+03 -9.999000e+03 -9.999000e+03 -9.999000e+03 -9.999000e+03 -9.999000e+03 -9.999000e+03 -9.999000e+03 -9.999000e+03 -9.999000e+03 -9.999000e+03 -9.999000e+03 -9.999000e+03 -9.999000e+03 -9.999000e+03 -9.999000e+03 -9.999000e+03 -9.999000e+03 -9.999000e+03 -9.999000e+03 -9.999000e+03 -9.999000e+03 -9.999000e+03 -9.999000e+03 -9.999000e+03 -9.999000e+03 -9.999000e+03 -9.999000e+03 -9.999000e+03 -9.999000e+03 -9.999000e+03 -9.999000e+03 -9.999000e+03 -9.999000e+03 -9.999000e+03 -9.999000e+03 -9.999000e+03 -9.999000e+03 -9.999000e+03 -9.999000e+03 -9.999000e+03 -9.999000e+03 -9.999000e+03 -9.999000e+03 -9.999000e+03 -9.999000e+03 -9.999000e+03 -9.999000e+03 -9.999000e+03 -9.999000e+03 -9.999000e+03 -9.999000e+03
-9.999000e+03 -9.999000e+03 -9.999000e+03 -9.999000e+03 -9.999000e+03 -9.999000e+03 -9.999000e+03 -9.999000e+03 -9.999000e+03 -9.999000e+03 -9.999000e+03 -9.999000e+03 -9.999000e+03 -9.999000e+03 -9.999000e+03 -9.999000e+03 -9.999000e+03 -9.999000e+03 -9.999000e+03 -9.999000e+03 -9.999000e+03 -9.999000e+03 -9.999000e+03 -9.999000e+03 -9.999000e+03 -9.999000e+03 -9.999000e+03 -9.999000e+03 -9.999000e+03 -9.999000e+03 -9.999000e+03 -9.999000e+03 -9.999000e+03 -9.999000e+03 -9.999000e+03 -9.999000e+03 -9.999000e+03 -9.999000e+03 -9.999000e+03 -9.999000e+03 -9.999000e+03 -9.999000e+03 -9.999000e+03 -9.999000e+03 -9.999000e+03 -9.999000e+03 -9.999000e+03 -9.999000e+03 -9.999000e+03 -9.999000e+03 -9.999000e+03 -9.999000e+03
