tests/data/reference/test_sheet_stream/mwlevel_m.asc
ncols	123
nrows	77
xllcorner	-713746.79929998
yllcorner	-1061022.36961616
cellsize	10.0
NODATA_value	-9999
[rows 23 to 45 of 77, columns 0 to 51 of 123]
-9.999000e+03 -9.999000e+03 -9.999000e+03 -9.999000e+03 -9.999000e+03 -9.999000e+03 -9.999000e+03 -9.999000e+03 -9.999000e+03 -9.999000e+03 -9.999000e+03 -9.999000e+03 -9.999000e+03 -9.999000e+03 1.062060e-02 1.183781e-02 1.492102e-02 2.767057e-02 1.049754e-02 1.111120e-02 7.144961e-03 5.651395e-03 7.255389e-03 2.054613e-02 2.574352e-02 1.138251e-02 1.389706e-02 1.383050e-02 1.106846e-02 1.171775e-02 8.987232e-03 1.068403e-02 1.103490e-02 1.110680e-02 1.925498e-02 1.111862e-02 1.107157e-02 8.838033e-03 1.451859e-02 1.109370e-02 1.112492e-02 1.115057e-02 1.116824e-02 1.116773e-02 1.115291e-02 1.113530e-02 1.112226e-02 1.111439e-02 1.111356e-02 1.111706e-02 1.105372e-02 8.637787e-03
-9.999000e+03 -9.999000e+03 -9.999000e+03 -9.999000e+03 -9.999000e+03 -9.999000e+03 -9.999000e+03 -9.999000e+03 -9.999000e+03 -9.999000e+03 -9.999000e+03 -9.999000e+03 -9.999000e+03 -9.999000e+03 1.191042e-02 4.291931e-02 3.339255e-02 1.106857e-02 1.053437e-02 1.013761e-02 5.327100e-03 8.176311e-03 9.658461e-03 9.937431e-03 1.700023e-02 2.377732e-02 1.160120e-02 1.175306e-02 1.145810e-02 9.392783e-03 1.104940e-02 1.068487e-02 1.105529e-02 1.114312e-02 2.099299e-02 1.113713e-02 1.108768e-02 8.813856e-03 1.473305e-02 1.111579e-02 1.112682e-02 1.113724e-02 1.115254e-02 1.115606e-02 1.114422e-02 1.112648e-02 1.110989e-02 1.109901e-02 1.109505e-02 1.109174e-02 8.628591e-03 1.102398e-02
-9.999000e+03 -9.999000e+03 -9.999000e+03 -9.999000e+03 -9.999000e+03 -9.999000e+03 -9.999000e+03 -9.999000e+03 -9.999000e+03 -9.999000e+03 -9.999000e+03 -9.999000e+03 -9.999000e+03 -9.999000e+03 5.143541e-02 1.179540e-02 1.038045e-02 1.038490e-02 1.041383e-02 7.106446e-03 5.707060e-03 1.834582e-02 2.510641e-02 1.125317e-02 1.105122e-02 1.384443e-02 2.329431e-02 1.140547e-02 1.142022e-02 9.350087e-03 1.110701e-02 1.145469e-02 1.147288e-02 1.119980e-02 1.121157e-02 2.243316e-02 8.895498e-03 1.103176e-02 1.066595e-02 1.745553e-02 1.112116e-02 1.111306e-02 1.112070e-02 1.112629e-02 1.112052e-02 1.110617e-02 1.108748e-02 1.107222e-02 1.106105e-02 1.104327e-02 1.050882e-02 8.531907e-03
-9.999000e+03 -9.999000e+03 -9.999000e+03 -9.999000e+03 -9.999000e+03 -9.999000e+03 -9.999000e+03 -9.999000e+03 -9.999000e+03 -9.999000e+03 -9.999000e+03 -9.999000e+03 1.019121e-02 1.049867e-02 2.050590e-02 1.145339e-02 1.036038e-02 1.097524e-02 7.144404e-03 5.687626e-03 2.008100e-02 2.092655e-02 1.597628e-02 2.103342e-02 1.147731e-02 1.148214e-02 2.780074e-02 1.164047e-02 1.161050e-02 1.122661e-02 9.393713e-03 1.151641e-02 1.159476e-02 1.167462e-02 1.162719e-02 1.109881e-02 2.094635e-02 1.063608e-02 1.110301e-02 1.107479e-02 1.941510e-02 1.112419e-02 1.113358e-02 1.113261e-02 1.111579e-02 1.108790e-02 1.105819e-02 1.104356e-02 1.104207e-02 1.103422e-02 1.096152e-02 8.491642e-03
-9.999000e+03 -9.999000e+03 -9.999000e+03 -9.999000e+03 -9.999000e+03 -9.999000e+03 -9.999000e+03 -9.999000e+03 -9.999000e+03 -9.999000e+03 -9.999000e+03 -9.999000e+03 -9.999000e+03 1.023258e-02 1.130614e-02 1.107595e-02 1.081364e-02 7.169351e-03 5.956150e-03 2.008093e-02 1.089800e-02 1.145951e-02 2.137760e-02 2.487483e-02 3.074848e-02 3.004315e-02 2.946209e-02 2.915510e-02 1.177890e-02 1.167328e-02 1.157509e-02 1.123916e-02 1.168099e-02 1.173855e-02 1.161735e-02 1.139534e-02 1.133858e-02 2.090917e-02 1.104296e-02 1.109447e-02 2.029384e-02 1.114522e-02 1.115626e-02 1.114558e-02 1.111322e-02 1.106762e-02 1.102739e-02 1.101777e-02 1.103087e-02 1.103869e-02 1.104240e-02 1.048947e-02
-9.999000e+03 -9.999000e+03 -9.999000e+03 -9.999000e+03 -9.999000e+03 -9.999000e+03 -9.999000e+03 -9.999000e+03 -9.999000e+03 -9.999000e+03 -9.999000e+03 -9.999000e+03 -9.999000e+03 -9.999000e+03 -9.999000e+03 1.060683e-02 7.231142e-03 6.101426e-03 8.707043e-03 2.485575e-02 2.039276e-02 1.703803e-02 1.435165e-02 1.200693e-02 1.145273e-02 1.143319e-02 1.152078e-02 3.053013e-02 4.360795e-02 1.159966e-02 1.163276e-02 1.171128e-02 1.173638e-02 1.174959e-02 1.157548e-02 1.137526e-02 1.142576e-02 1.155304e-02 2.038718e-02 1.150700e-02 2.189205e-02 1.112351e-02 1.109337e-02 1.106814e-02 1.105004e-02 1.103481e-02 1.103008e-02 1.104103e-02 1.105531e-02 1.106194e-02 1.107514e-02 1.101913e-02
-9.999000e+03 -9.999000e+03 -9.999000e+03 -9.999000e+03 -9.999000e+03 -9.999000e+03 -9.999000e+03 -9.999000e+03 -9.999000e+03 -9.999000e+03 -9.999000e+03 -9.999000e+03 -9.999000e+03 -9.999000e+03 -9.999000e+03 -9.999000e+03 7.177826e-03 6.217325e-03 1.852345e-02 1.509846e-02 1.279674e-02 1.158013e-02 1.149657e-02 1.142873e-02 1.140767e-02 1.139265e-02 1.150594e-02 1.163911e-02 1.155895e-02 4.276590e-02 4.276934e-02 4.339664e-02 1.174387e-02 1.168553e-02 1.155426e-02 1.143251e-02 1.464300e-02 1.774686e-02 1.168110e-02 1.950508e-02 1.148553e-02 2.421283e-02 1.100815e-02 1.097872e-02 1.098312e-02 1.100744e-02 1.104397e-02 1.107394e-02 1.108492e-02 1.108870e-02 1.110709e-02 1.113487e-02
-9.999000e+03 -9.999000e+03 -9.999000e+03 -9.999000e+03 -9.999000e+03 -9.999000e+03 -9.999000e+03 -9.999000e+03 -9.999000e+03 -9.999000e+03 -9.999000e+03 -9.999000e+03 -9.999000e+03 -9.999000e+03 -9.999000e+03 -9.999000e+03 5.877846e-03 1.919694e-02 1.093440e-02 1.138875e-02 1.149955e-02 2.892425e-02 2.693193e-02 2.444494e-02 2.225554e-02 2.025565e-02 1.884684e-02 1.786325e-02 1.627070e-02 1.420716e-02 1.255656e-02 1.161030e-02 4.349469e-02 4.398270e-02 4.245853e-02 3.960498e-02 3.752524e-02 3.597882e-02 3.496120e-02 3.312765e-02 3.451921e-02 3.423014e-02 2.665008e-02 1.166276e-02 1.159473e-02 1.124160e-02 1.122626e-02 1.120307e-02 1.116779e-02 1.115759e-02 1.118507e-02 1.122389e-02
-9.999000e+03 -9.999000e+03 -9.999000e+03 -9.999000e+03 -9.999000e+03 -9.999000e+03 -9.999000e+03 -9.999000e+03 -9.999000e+03 -9.999000e+03 -9.999000e+03 -9.999000e+03 -9.999000e+03 -9.999000e+03 -9.999000e+03 5.872542e-03 1.834638e-02 1.062296e-02 2.652660e-02 2.936536e-02 2.856269e-02 1.151082e-02 1.414205e-02 1.613834e-02 1.410033e-02 1.869430e-02 1.978876e-02 2.086902e-02 1.954247e-02 1.787387e-02 1.672650e-02 1.601735e-02 1.538467e-02 1.487945e-02 1.331962e-02 1.138303e-02 3.078492e-02 2.840177e-02 2.654455e-02 2.538250e-02 2.520045e-02 2.603624e-02 4.494163e-02 5.163514e-02 4.980664e-02 1.188119e-02 1.624204e-02 1.134728e-02 1.125667e-02 1.124169e-02 1.128709e-02 1.132884e-02
-9.999000e+03 -9.999000e+03 -9.999000e+03 -9.999000e+03 -9.999000e+03 -9.999000e+03 -9.999000e+03 -9.999000e+03 -9.999000e+03 -9.999000e+03 -9.999000e+03 -9.999000e+03 -9.999000e+03 -9.999000e+03 6.258185e-03 9.102912e-03 2.518534e-02 2.562572e-02 1.123656e-02 1.118123e-02 1.160144e-02 1.153381e-02 1.151832e-02 1.143711e-02 1.433463e-02 1.160674e-02 1.153247e-02 1.104146e-02 1.105305e-02 1.148161e-02 1.153831e-02 2.211646e-02 2.433460e-02 2.648143e-02 2.732713e-02 3.160059e-02 1.167885e-02 1.154893e-02 1.141579e-02 1.130667e-02 1.131493e-02 1.143381e-02 1.546347e-02 1.933746e-02 2.266250e-02 5.342132e-02 5.362190e-02 5.332550e-02 1.176556e-02 1.660891e-02 1.151038e-02 1.148157e-02
-9.999000e+03 -9.999000e+03 -9.999000e+03 -9.999000e+03 -9.999000e+03 -9.999000e+03 -9.999000e+03 -9.999000e+03 -9.999000e+03 -9.999000e+03 -9.999000e+03 -9.999000e+03 -9.999000e+03 -9.999000e+03 5.974097e-03 4.164162e-02 1.108516e-02 1.112985e-02 1.118824e-02 1.120252e-02 1.116323e-02 1.108767e-02 1.151097e-02 1.099574e-02 1.102190e-02 1.109133e-02 1.106053e-02 1.099663e-02 1.367841e-02 1.593869e-02 1.798311e-02 1.125104e-02 1.126607e-02 1.128100e-02 1.590082e-02 1.086652e-02 1.117354e-02 1.115614e-02 1.109382e-02 1.103431e-02 1.101324e-02 1.134008e-02 1.137462e-02 1.145179e-02 1.164261e-02 1.574829e-02 1.913673e-02 2.205994e-02 5.646379e-02 6.158503e-02 6.573553e-02 1.250743e-02
-9.999000e+03 -9.999000e+03 -9.999000e+03 -9.999000e+03 -9.999000e+03 -9.999000e+03 -9.999000e+03 -9.999000e+03 -9.999000e+03 -9.999000e+03 -9.999000e+03 -9.999000e+03 -9.999000e+03 9.571753e-03 5.261583e-02 1.110964e-02 1.108020e-02 1.106988e-02 1.111807e-02 1.116076e-02 1.117073e-02 1.113368e-02 1.106758e-02 1.100643e-02 1.098534e-02 1.101783e-02 1.100617e-02 1.095899e-02 1.101295e-02 1.107382e-02 1.112658e-02 1.119085e-02 1.120439e-02 1.693884e-02 9.076301e-03 1.074491e-02 1.108282e-02 1.107428e-02 1.105690e-02 1.104282e-02 1.103289e-02 1.103024e-02 1.102053e-02 1.127427e-02 1.125801e-02 1.127520e-02 1.142304e-02 1.150850e-02 1.171787e-02 1.649867e-02 2.073088e-02 6.848020e-02
-9.999000e+03 -9.999000e+03 -9.999000e+03 -9.999000e+03 -9.999000e+03 -9.999000e+03 -9.999000e+03 -9.999000e+03 -9.999000e+03 -9.999000e+03 -9.999000e+03 -9.999000e+03 6.347966e-03 1.197685e-02 1.094807e-02 1.108881e-02 1.109330e-02 1.107473e-02 1.110614e-02 1.114110e-02 1.116674e-02 1.116953e-02 1.112416e-02 1.107411e-02 1.103064e-02 1.101434e-02 1.098077e-02 1.092511e-02 1.096065e-02 1.099672e-02 1.100410e-02 1.102768e-02 1.455093e-02 1.104992e-02 9.046753e-03 1.105454e-02 1.101035e-02 1.097669e-02 1.093230e-02 1.090690e-02 1.089198e-02 1.091444e-02 1.097230e-02 1.100224e-02 1.093758e-02 1.119431e-02 1.120185e-02 1.121471e-02 1.142800e-02 1.161826e-02 1.179849e-02 1.633416e-02
-9.999000e+03 -9.999000e+03 -9.999000e+03 -9.999000e+03 -9.999000e+03 -9.999000e+03 -9.999000e+03 -9.999000e+03 -9.999000e+03 -9.999000e+03 -9.999000e+03 -9.999000e+03 9.717398e-03 1.122983e-02 1.091611e-02 1.101074e-02 1.105342e-02 1.106035e-02 1.108611e-02 1.111599e-02 1.114580e-02 1.117334e-02 1.115272e-02 1.112732e-02 1.108871e-02 1.105035e-02 1.100850e-02 1.093956e-02 1.094290e-02 1.094637e-02 1.090303e-02 1.471047e-02 9.018687e-03 1.065071e-02 1.101105e-02 1.101692e-02 1.094137e-02 1.089569e-02 1.085646e-02 1.077747e-02 1.072952e-02 1.074116e-02 1.086468e-02 1.058934e-02 1.055819e-02 1.052478e-02 1.051385e-02 1.076353e-02 1.081740e-02 1.141697e-02 1.147607e-02 1.157575e-02
-9.999000e+03 -9.999000e+03 -9.999000e+03 -9.999000e+03 -9.999000e+03 -9.999000e+03 -9.999000e+03 -9.999000e+03 -9.999000e+03 -9.999000e+03 -9.999000e+03 6.953798e-03 2.668762e-02 1.094551e-02 1.245172e-02 1.075424e-02 1.095094e-02 1.098580e-02 1.103364e-02 1.107539e-02 1.110223e-02 1.113230e-02 1.111704e-02 1.110168e-02 1.107974e-02 1.105243e-02 1.104746e-02 1.098814e-02 1.100083e-02 1.099005e-02 1.091533e-02 1.304187e-02 9.148885e-03 1.086050e-02 1.096600e-02 1.077784e-02 1.070506e-02 1.091771e-02 1.061384e-02 1.056564e-02 1.047589e-02 1.042929e-02 8.786071e-03 8.799217e-03 8.783831e-03 8.742294e-03 8.709409e-03 8.683187e-03 1.104538e-02 1.096700e-02 1.096598e-02 1.099563e-02
-9.999000e+03 -9.999000e+03 -9.999000e+03 -9.999000e+03 -9.999000e+03 -9.999000e+03 -9.999000e+03 -9.999000e+03 -9.999000e+03 -9.999000e+03 7.216105e-03 1.080053e-02 1.091917e-02 1.543057e-02 9.680511e-03 1.070816e-02 1.084678e-02 1.089462e-02 1.096707e-02 1.102970e-02 1.106363e-02 1.110130e-02 1.109455e-02 1.108122e-02 1.106928e-02 1.104063e-02 1.081667e-02 1.105015e-02 1.105460e-02 1.104792e-02 1.095295e-02 1.091245e-02 1.087208e-02 1.061476e-02 9.197397e-03 9.277737e-03 1.110218e-02 9.323304e-03 9.313597e-03 9.286143e-03 9.152996e-03 8.932652e-03 1.060464e-02 1.105832e-02 1.109218e-02 1.106139e-02 1.106956e-02 1.108640e-02 8.778015e-03 8.847787e-03 8.849670e-03 9.090239e-03
-9.999000e+03 -9.999000e+03 -9.999000e+03 -9.999000e+03 -9.999000e+03 -9.999000e+03 -9.999000e+03 -9.999000e+03 -9.999000e+03 -9.999000e+03 7.668071e-03 1.253020e-02 1.759709e-02 1.094676e-02 9.827298e-03 1.093547e-02 1.088237e-02 1.087767e-02 1.091780e-02 1.099008e-02 1.103021e-02 1.107852e-02 1.109172e-02 1.109111e-02 1.108389e-02 9.385554e-03 1.104269e-02 1.106386e-02 1.106378e-02 1.107635e-02 1.097915e-02 1.094826e-02 9.450567e-03 9.280011e-03 1.078724e-02 1.119816e-02 9.412661e-03 1.091495e-02 1.107678e-02 1.102683e-02 9.179694e-03 8.951852e-03 1.062326e-02 1.108159e-02 1.111737e-02 1.108341e-02 1.106495e-02 1.106187e-02 1.111843e-02 1.118961e-02 1.112898e-02 1.102795e-02
-9.999000e+03 -9.999000e+03 -9.999000e+03 -9.999000e+03 -9.999000e+03 -9.999000e+03 -9.999000e+03 -9.999000e+03 -9.999000e+03 7.616608e-03 2.953570e-02 2.009241e-02 1.109266e-02 9.875009e-03 1.097403e-02 1.105459e-02 1.097311e-02 1.077284e-02 1.091349e-02 1.095322e-02 1.100882e-02 1.106031e-02 1.107792e-02 1.086213e-02 9.420607e-03 1.087447e-02 1.108472e-02 1.086097e-02 1.091061e-02 1.096354e-02 1.087282e-02 9.562139e-03 1.078889e-02 1.089484e-02 1.102499e-02 1.116788e-02 1.117716e-02 1.116064e-02 9.324592e-03 9.194878e-03 1.074708e-02 1.049839e-02 1.098815e-02 1.116559e-02 1.115960e-02 1.111497e-02 1.106062e-02 1.101652e-02 1.106298e-02 1.112686e-02 1.114017e-02 1.112852e-02
-9.999000e+03 -9.999000e+03 -9.999000e+03 -9.999000e+03 -9.999000e+03 -9.999000e+03 -9.999000e+03 -9.999000e+03 -9.999000e+03 7.029510e-03 1.870007e-02 1.120265e-02 1.100183e-02 9.908908e-03 1.106729e-02 1.110235e-02 9.769934e-03 1.113098e-02 1.091412e-02 1.092629e-02 1.100254e-02 1.106262e-02 9.454353e-03 9.408258e-03 1.087636e-02 1.114509e-02 9.480032e-03 9.500754e-03 9.570044e-03 9.699031e-03 9.691187e-03 1.076196e-02 1.090889e-02 1.094326e-02 1.103027e-02 1.111560e-02 1.114237e-02 9.275555e-03 1.093687e-02 1.057044e-02 1.056257e-02 1.090920e-02 1.109783e-02 1.119490e-02 1.115921e-02 1.109292e-02 1.105714e-02 1.103482e-02 1.106156e-02 1.108896e-02 2.392249e-02 2.454017e-02
-9.999000e+03 -9.999000e+03 -9.999000e+03 -9.999000e+03 -9.999000e+03 -9.999000e+03 -9.999000e+03 -9.999000e+03 1.012999e-02 2.694824e-02 1.415581e-02 1.116635e-02 9.937249e-03 1.099536e-02 1.107710e-02 1.111037e-02 1.300672e-02 1.108184e-02 1.097251e-02 1.092542e-02 1.100120e-02 1.086503e-02 1.104306e-02 1.104045e-02 1.111084e-02 1.882303e-02 1.979572e-02 1.836658e-02 1.717007e-02 1.613548e-02 1.392352e-02 1.104347e-02 1.092705e-02 1.097124e-02 1.103865e-02 1.110242e-02 1.113800e-02 1.403599e-02 1.407728e-02 1.549840e-02 1.592972e-02 1.664002e-02 1.550921e-02 1.440986e-02 1.298954e-02 1.132812e-02 1.106683e-02 1.111588e-02 1.111757e-02 2.422302e-02 1.094714e-02 1.100077e-02
-9.999000e+03 -9.999000e+03 -9.999000e+03 -9.999000e+03 -9.999000e+03 -9.999000e+03 -9.999000e+03 7.269304e-03 1.036908e-02 1.318485e-02 1.094572e-02 1.111423e-02 9.904432e-03 1.116098e-02 1.110813e-02 1.111236e-02 1.111640e-02 1.113957e-02 1.106125e-02 1.098094e-02 9.518610e-03 9.483072e-03 1.084994e-02 1.627257e-02 1.727289e-02 1.111984e-02 1.116315e-02 1.112948e-02 1.116539e-02 1.122119e-02 1.107401e-02 1.092090e-02 1.095451e-02 1.100572e-02 1.106279e-02 1.111586e-02 1.114272e-02 1.116372e-02 1.107921e-02 1.099035e-02 1.105474e-02 1.113771e-02 1.113878e-02 1.112591e-02 1.108712e-02 1.104752e-02 1.110943e-02 1.118137e-02 2.496023e-02 1.102268e-02 1.095227e-02 1.095517e-02
-9.999000e+03 -9.999000e+03 -9.999000e+03 -9.999000e+03 -9.999000e+03 -9.999000e+03 -9.999000e+03 7.815285e-03 9.992422e-03 1.425078e-02 9.789739e-03 1.089194e-02 1.111614e-02 1.116614e-02 1.114618e-02 1.113605e-02 1.112450e-02 1.115590e-02 1.111309e-02 1.102303e-02 1.313899e-02 1.499788e-02 1.645133e-02 1.113479e-02 1.106610e-02 1.082355e-02 9.385167e-03 1.087998e-02 1.113451e-02 1.119568e-02 1.108213e-02 1.095998e-02 1.099897e-02 1.105315e-02 1.109160e-02 1.112263e-02 2.187323e-02 2.190823e-02 2.182696e-02 2.164965e-02 2.188585e-02 2.250814e-02 2.302401e-02 2.206559e-02 2.125916e-02 2.051644e-02 2.442828e-02 2.511237e-02 1.124470e-02 1.116084e-02 1.101011e-02 1.092477e-02
-9.999000e+03 -9.999000e+03 -9.999000e+03 -9.999000e+03 -9.999000e+03 -9.999000e+03 -9.999000e+03 6.786230e-03 1.396954e-02 1.115642e-02 9.883434e-03 1.093236e-02 1.109789e-02 1.117440e-02 1.118662e-02 1.117814e-02 1.112381e-02 1.109321e-02 1.103220e-02 1.094370e-02 1.098327e-02 1.106161e-02 1.110821e-02 1.115492e-02 9.428898e-03 9.364915e-03 1.084357e-02 1.111606e-02 1.114077e-02 1.114981e-02 1.109476e-02 1.102919e-02 1.105319e-02 2.230725e-02 2.217062e-02 2.193660e-02 1.109872e-02 1.112291e-02 1.115134e-02 1.115899e-02 1.119190e-02 1.124024e-02 1.124421e-02 1.447428e-02 1.719224e-02 1.952737e-02 1.127489e-02 1.128392e-02 1.130817e-02 1.130353e-02 1.118879e-02 1.105253e-02
