tests/data/reference/gistest_nucice/full/control/cinfil_m3.asc
ncols        123
nrows        77
xllcorner    -713746.799299980048
yllcorner    -1061022.369616159936
cellsize     10.000000000000
NODATA_value  -9999
[rows 54 to 71 of 77, columns 41 to 81 of 123]
0.78205388784408569336 0.78336435556411743164 0.78435683250427246094 0.78410571813583374023 0.78331094980239868164 0.78263753652572631836 0.78234982490539550781 0.88127464056015014648 0.88620841503143310547 0.78512424230575561523 0.7847664952278137207 0.78486973047256469727 0.78454130887985229492 0.84892964363098144531 0.79241478443145751953 0.79049092531204223633 0.78631132841110229492 0.78528231382369995117 0.78545016050338745117 0.78369706869125366211 0.78073883056640625 0.78134256601333618164 0.78516125679016113281 0.78725951910018920898 0.78807425498962402344 0.78582620620727539062 0.78279638290405273438 0.78047072887420654297 0.77852362394332885742 0.77856904268264770508 0.77927976846694946289 0.78479135036468505859 0.79350924491882324219 0.71551245450973510742 0.70979475975036621094 0.75516837835311889648 0 0.99307578802108764648 1.0376760959625244141 1.0578390359878540039 0.99061679840087890625
0.78251409530639648438 0.78333657979965209961 0.78378099203109741211 0.78316873311996459961 0.78229701519012451172 0.84244406223297119141 0.87037295103073120117 0.78463572263717651367 0.78601157665252685547 0.78519469499588012695 0.78442305326461791992 0.78528040647506713867 0.7854893803596496582 0.78767484426498413086 0.79146420955657958984 0.79034590721130371094 0.78739333152770996094 0.78618836402893066406 0.78591459989547729492 0.78502440452575683594 0.71281009912490844727 0.84998798370361328125 0.87178754806518554688 0.82843351364135742188 0.88867402076721191406 0.88897567987442016602 0.82500761747360229492 0.78851819038391113281 0.78080487251281738281 0.7798659205436706543 0.78001350164413452148 0.78476309776306152344 0.7927538752555847168 0.78729295730590820312 0.77615934610366821289 0.77461975812911987305 0.52596455812454223633 0.69742757081985473633 0.74952304363250732422 0.77151131629943847656 0.77913784980773925781
0.78241354227066040039 0.78272742033004760742 0.78279030323028564453 0.78235107660293579102 0.78108268976211547852 0.78165203332901000977 0.78290373086929321289 0.78413915634155273438 0.78541362285614013672 0.78401708602905273438 0.78267365694046020508 0.78469038009643554688 0.78649806976318359375 0.78714084625244140625 0.78819060325622558594 0.78922849893569946289 0.78765082359313964844 0.78618460893630981445 0.78503149747848510742 0.78497922420501708984 0.84359627962112426758 0.78292214870452880859 0.78215354681015014648 0.84621322154998779297 0.78926861286163330078 0.78859490156173706055 0.84486120939254760742 0.81194627285003662109 0.78785330057144165039 0.78178668022155761719 0.78084266185760498047 0.78394770622253417969 0.78921163082122802734 0.78527158498764038086 0.77761960029602050781 0.5228812098503112793 0.43388387560844421387 0.69621807336807250977 0.74976658821105957031 0.77319478988647460938 0.78177374601364135742
0.77814680337905883789 0.77871012687683105469 0.78258544206619262695 0.78074592351913452148 0.77898687124252319336 0.77936321496963500977 0.77949893474578857422 0.78072428703308105469 0.78193658590316772461 0.78044295310974121094 0.7782885432243347168 0.78222143650054931641 0.7860094904899597168 0.77962672710418701172 0.78398716449737548828 0.78508752584457397461 0.78558975458145141602 0.78473401069641113281 0.78306633234024047852 0.78322833776473999023 0.78404128551483154297 0.78315466642379760742 0.78176671266555786133 0.78335893154144287109 0.78687053918838500977 0.78680437803268432617 0.78441959619522094727 0.84391266107559204102 0.87191951274871826172 0.88352507352828979492 0.83228814601898193359 0.7946033477783203125 0.7874119877815246582 0.78433233499526977539 0.78019303083419799805 0.5271866917610168457 0.43388387560844421387 0.69639503955841064453 0.75126284360885620117 0.77520459890365600586 0.78355330228805541992
0.76277953386306762695 0.78162389993667602539 0.7785320281982421875 0.77763032913208007812 0.77965193986892700195 0.77499938011169433594 0.77457273006439208984 0.77512031793594360352 0.7803141474723815918 0.77740699052810668945 0.77491801977157592773 0.77594941854476928711 0.76375478506088256836 0.78366869688034057617 0.77997756004333496094 0.78055167198181152344 0.78336912393569946289 0.78332471847534179688 0.78178691864013671875 0.78159159421920776367 0.78250241279602050781 0.78262460231781005859 0.78191107511520385742 0.78248798847198486328 0.78468495607376098633 0.78523397445678710938 0.78398293256759643555 0.78298246860504150391 0.78235781192779541016 0.78230756521224975586 0.84516644477844238281 0.81964898109436035156 0.79355591535568237305 0.78468173742294311523 0.78190773725509643555 0.53140205144882202148 0.43388387560844421387 0.69688004255294799805 0.75275379419326782227 0.7764492034912109375 0.78387033939361572266
0.7794755101203918457 0.76290553808212280273 0.76370763778686523438 0.78189384937286376953 0.76310127973556518555 0.76244759559631347656 0.76159977912902832031 0.77979332208633422852 0.77664548158645629883 0.7780749201774597168 0.755435943603515625 0.70817780494689941406 0.78429079055786132812 0.78500592708587646484 0.77406835556030273438 0.77878916263580322266 0.78134453296661376953 0.7822043299674987793 0.78123813867568969727 0.78014999628067016602 0.78012931346893310547 0.78174889087677001953 0.78226315975189208984 0.78220742940902709961 0.78317165374755859375 0.784252166748046875 0.78432756662368774414 0.78356319665908813477 0.78261530399322509766 0.78209698200225830078 0.78199285268783569336 0.84620141983032226562 0.85910832881927490234 0.86180573701858520508 0.88222408294677734375 0.61334252357482910156 0.69649559259414672852 0.75138127803802490234 0.83823317289352416992 1.0605444908142089844 1.0373470783233642578
0.71783339977264404297 0.71726262569427490234 0.78009510040283203125 0.71681040525436401367 0.71673351526260375977 0.7170162200927734375 0.78362256288528442383 0.76276308298110961914 0.77944296598434448242 0.71392291784286499023 0.70883649587631225586 0.76073145866394042969 0.79036664962768554688 0.76505357027053833008 0.77738088369369506836 0.77401709556579589844 0.7767365574836730957 0.77816027402877807617 0.77817523479461669922 0.77616280317306518555 0.77856469154357910156 0.77943158149719238281 0.78125834465026855469 0.78149825334548950195 0.78108716011047363281 0.78212428092956542969 0.78331851959228515625 0.78329879045486450195 0.78280740976333618164 0.78241187334060668945 0.78194367885589599609 0.70239412784576416016 0.70231276750564575195 0.77975428104400634766 0.69831353425979614258 0.49776795506477355957 0.69583392143249511719 0.75143909454345703125 1.0702269077301025391 1.0049273967742919922 0.77459150552749633789
0.78272366523742675781 0.78199601173400878906 0.71773225069046020508 0.76423650979995727539 0.77986884117126464844 0.7847182154655456543 0.71992790699005126953 0.78127950429916381836 0.71678882837295532227 0.76125180721282958984 0.7740001678466796875 0.78300523757934570312 0.7191454768180847168 0.78814166784286499023 0.76164984703063964844 0.76092553138732910156 0.7615725398063659668 0.76273506879806518555 0.76345258951187133789 0.77954399585723876953 0.77302563190460205078 0.77387297153472900391 0.77933639287948608398 0.77868849039077758789 0.77765852212905883789 0.77864170074462890625 0.77998018264770507812 0.78069394826889038086 0.78116840124130249023 0.78118979930877685547 0.70284134149551391602 0.75544601678848266602 0.77750879526138305664 0.70208579301834106445 0.75138461589813232422 0 0.98154157400131225586 1.0371326208114624023 1.0729125738143920898 0.75408703088760375977 0.69980251789093017578
0.78415024280548095703 0.78224468231201171875 0.77954900264739990234 0.78070294857025146484 0.78290545940399169922 0.78557252883911132812 0.7885195612907409668 0.72135311365127563477 0.76134842634201049805 0.77500760555267333984 0.77975314855575561523 0.78531628847122192383 0.79301786422729492188 0.72308707237243652344 0.72010266780853271484 0.717777252197265625 0.71630847454071044922 0.71640926599502563477 0.78300690650939941406 0.76254606246948242188 0.75947368144989013672 0.77615761756896972656 0.77435338497161865234 0.77382445335388183594 0.77597802877426147461 0.77554422616958618164 0.77662265300750732422 0.77772009372711181641 0.77435779571533203125 0.70335650444030761719 0.75485819578170776367 0.77617323398590087891 0.78425359725952148438 0.78340095281600952148 0.77961683273315429688 0 0.99164056777954101562 1.0433558225631713867 0.6997407078742980957 0.70052284002304077148 0.75400364398956298828
0.72502726316452026367 0.72372263669967651367 0.72018837928771972656 0.76455742120742797852 0.78003424406051635742 0.78555673360824584961 0.78899544477462768555 0.78345626592636108398 0.77614396810531616211 0.77844119071960449219 0.78337615728378295898 0.78680032491683959961 0.7903220057487487793 0.78849554061889648438 0.78346264362335205078 0.78165900707244873047 0.78124123811721801758 0.7832139134407043457 0.72025674581527709961 0.71992313861846923828 0.77824342250823974609 0.76134759187698364258 0.76164025068283081055 0.77684938907623291016 0.77260476350784301758 0.77156746387481689453 0.77164399623870849609 0.75640082359313964844 0.70413297414779663086 0.75489145517349243164 0.77508050203323364258 0.78221273422241210938 0.78540056943893432617 0.78423064947128295898 0.78112894296646118164 0 0.99643647670745849609 1.0461034774780273438 1.0725625753402709961 1.0014035701751708984 0.843585968017578125
-9999 -9999 -9999 0.71776300668716430664 0.71863090991973876953 0.76780474185943603516 0.78440296649932861328 0.72122538089752197266 0.76047980785369873047 0.77706164121627807617 0.78677737712860107422 0.78819358348846435547 0.786685943603515625 0.78547674417495727539 0.78402501344680786133 0.78319305181503295898 0.78261905908584594727 0.78387904167175292969 0.78595173358917236328 0.78468120098114013672 0.72051548957824707031 0.71939420700073242188 0.77892601490020751953 0.7623532414436340332 0.76106882095336914062 0.75872236490249633789 0.70943444967269897461 0.70654326677322387695 0.7550398707389831543 0.7741177678108215332 0.78088665008544921875 0.78337401151657104492 0.78496462106704711914 0.78443807363510131836 0.78278619050979614258 0 0.99935042858123779297 1.0455185174942016602 1.0681456327438354492 0.99780809879302978516 0.84466087818145751953
-9999 -9999 -9999 -9999 -9999 -9999 -9999 -9999 -9999 0.71558612585067749023 0.77072542905807495117 0.78586161136627197266 0.78327029943466186523 0.78241431713104248047 0.78302609920501708984 0.78369146585464477539 0.78438705205917358398 0.78496080636978149414 0.78543305397033691406 0.78497767448425292969 0.7841243743896484375 0.78331971168518066406 0.72202974557876586914 0.72060388326644897461 0.71879237890243530273 0.71539092063903808594 0.75815737247467041016 0.77264171838760375977 0.77698206901550292969 0.7797438502311706543 0.78235697746276855469 0.78388899564743041992 0.78483313322067260742 0.84688431024551391602 0.85738718509674072266 0 1.0279058218002319336 1.0559889078140258789 1.0719482898712158203 1.0021306276321411133 0.84889322519302368164
-9999 -9999 -9999 -9999 -9999 -9999 -9999 -9999 -9999 -9999 0.72313046455383300781 0.72613757848739624023 0.76599913835525512695 0.77764987945556640625 0.7811043858528137207 0.78335624933242797852 0.78585898876190185547 0.78591930866241455078 0.78471964597702026367 0.78534752130508422852 0.78711467981338500977 0.78562128543853759766 0.78252619504928588867 0.78063106536865234375 0.779544830322265625 0.77797293663024902344 0.77644211053848266602 0.77671182155609130859 0.77749419212341308594 0.7799841761589050293 0.7830308079719543457 0.78476554155349731445 0.78571927547454833984 0.70415580272674560547 0.70168799161911010742 0 0.97974848747253417969 1.0334980487823486328 1.0557615756988525391 0.99235290288925170898 0.84800457954406738281
-9999 -9999 -9999 -9999 -9999 -9999 -9999 -9999 -9999 -9999 -9999 -9999 -9999 -9999 -9999 -9999 -9999 -9999 0.72109168767929077148 0.72238433361053466797 0.72603935003280639648 0.72767567634582519531 0.72621446847915649414 0.76584762334823608398 0.77496004104614257812 0.77695137262344360352 0.77787202596664428711 0.77808845043182373047 0.77792215347290039062 0.78031563758850097656 0.78371959924697875977 0.78545784950256347656 0.7864087224006652832 0.78312003612518310547 0.77863609790802001953 0.52916133403778076172 0.69991630315780639648 0.75125032663345336914 0.77016550302505493164 0.77807396650314331055 0.78280907869338989258
-9999 -9999 -9999 -9999 -9999 -9999 -9999 -9999 -9999 -9999 -9999 -9999 -9999 -9999 -9999 -9999 -9999 -9999 -9999 -9999 -9999 0.76988959312438964844 0.76770281791687011719 0.72212994098663330078 0.71675282716751098633 0.76055711507797241211 0.77660906314849853516 0.77958840131759643555 0.77853894233703613281 0.7807095646858215332 0.78443729877471923828 0.78572118282318115234 0.78586995601654052734 0.78216391801834106445 0.77744889259338378906 0.52833920717239379883 0.70076733827590942383 0.75198698043823242188 0.76993584632873535156 0.77692365646362304688 0.78082823753356933594
-9999 -9999 -9999 -9999 -9999 -9999 -9999 -9999 -9999 -9999 -9999 -9999 -9999 -9999 -9999 -9999 -9999 -9999 -9999 -9999 -9999 -9999 -9999 0.77423018217086791992 0.75869995355606079102 0.71218246221542358398 0.71242958307266235352 0.76030933856964111328 0.77423435449600219727 0.78032261133193969727 0.78519666194915771484 0.78587436676025390625 0.78469121456146240234 0.78111171722412109375 0.52228462696075439453 0.70097422599792480469 0.75494307279586791992 0.77401125431060791016 0.77682882547378540039 0.77796083688735961914 0.77965074777603149414
-9999 -9999 -9999 -9999 -9999 -9999 -9999 -9999 -9999 -9999 -9999 -9999 -9999 -9999 -9999 -9999 -9999 -9999 -9999 -9999 -9999 -9999 -9999 -9999 0.77320712804794311523 0.77364003658294677734 0.76252353191375732422 0.71178287267684936523 0.75790393352508544922 0.77663558721542358398 0.78517878055572509766 0.78567564487457275391 0.7833003997802734375 0.78040421009063720703 0.52166134119033813477 0.70185637474060058594 0.75470358133316040039 -9999 -9999 -9999 -9999
-9999 -9999 -9999 -9999 -9999 -9999 -9999 -9999 -9999 -9999 -9999 -9999 -9999 -9999 -9999 -9999 -9999 -9999 -9999 -9999 -9999 -9999 -9999 -9999 -9999 -9999 0.78265428543090820312 0.77821248769760131836 0.70971876382827758789 0.76029717922210693359 0.78072077035903930664 0.78400945663452148438 0.78180342912673950195 0.77998363971710205078 0 -9999 -9999 -9999 -9999 -9999 -9999
