tests/data/reference/gistest_nucice/full/control/cinfil_m3.asc
ncols        123
nrows        77
xllcorner    -713746.799299980048
yllcorner    -1061022.369616159936
cellsize     10.000000000000
NODATA_value -9999
[rows 57 to 75 of 77, columns 42 to 83 of 123]
1.1275954246520996094 1.330462336540222168 1.2089388370513916016 1.2008090019226074219 1.4083526134490966797 1.191264033317565918 1.1919733285903930664 1.1960177421569824219 1.3915406465530395508 1.2477667331695556641 1.4069683551788330078 1.186779022216796875 1.1131762266159057617 1.2799494266510009766 1.4234472513198852539 1.2786370515823364258 1.4574929475784301758 1.3263183832168579102 1.3249726295471191406 1.3246947526931762695 1.3208550214767456055 1.3125764131546020508 1.4263743162155151367 1.3631099462509155273 1.370798945426940918 1.4376763105392456055 1.5336354970932006836 1.6258940696716308594 1.7146580219268798828 1.7870821952819824219 1.8532751798629760742 1.9192044734954833984 1.9746490716934204102 2.0152504444122314453 1.8076734542846679688 0.89474964141845703125 0.87478053569793701172 0.97090345621109008789 1.0607737302780151367 1.1409392356872558594 1.2063585519790649414 1.2571495771408081055
1.2806354761123657227 1.131869196891784668 1.1294852495193481445 1.4083613157272338867 1.1168637275695800781 1.1132082939147949219 1.1133352518081665039 1.3728171586990356445 1.1958673000335693359 1.4169076681137084961 1.0913157463073730469 1.0066199302673339844 1.2078754901885986328 1.3841072320938110352 1.2033820152282714844 1.4543923139572143555 1.2727084159851074219 1.270465850830078125 1.2676992416381835938 1.2670488357543945312 1.2630097866058349609 1.4223276376724243164 1.3075125217437744141 1.3147965669631958008 1.4234191179275512695 1.3545373678207397461 1.3491001129150390625 1.4086384773254394531 1.3676587343215942383 1.4836345911026000977 1.5523475408554077148 1.6093298196792602539 1.6553195714950561523 1.6892682313919067383 1.4773182868957519531 0.89425861835479736328 0.8764336705207824707 0.97630631923675537109 1.0687254667282104492 1.1496006250381469727 1.0383591651916503906 0.98852610588073730469
1.0279582738876342773 1.0295487642288208008 1.4024310111999511719 1.0260049104690551758 1.0233023166656494141 1.0208227634429931641 1.3424611091613769531 1.1298826932907104492 1.4470524787902832031 0.99109560251235961914 0.85453033447265625 1.1228104829788208008 1.3483747243881225586 1.1254687309265136719 1.4488669633865356445 1.2053210735321044922 1.2078030109405517578 1.2051861286163330078 1.2012777328491210938 1.1971479654312133789 1.4262980222702026367 1.2555725574493408203 1.2548154592514038086 1.4106794595718383789 1.3084300756454467773 1.3053439855575561523 1.3984876871109008789 1.333830714225769043 1.3288607597351074219 1.324551701545715332 1.4225492477416992188 1.4949245452880859375 1.5538173913955688477 1.3842924833297729492 1.3479535579681396484 0.81434595584869384766 0.94167673587799072266 1.1209036111831665039 1.1023908853530883789 1.1003570556640625 1.129795074462890625 1.1695387363433837891
0.88971346616744995117 1.3809949159622192383 0.88786786794662475586 0.88755518198013305664 0.88870644569396972656 1.3010641336441040039 1.0330270528793334961 1.4646666049957275391 0.87632727622985839844 0.85695564746856689453 0.99745696783065795898 1.2870068550109863281 1.0399978160858154297 1.441979527473449707 1.1248193979263305664 1.1249570846557617188 1.1261854171752929688 1.1259764432907104492 1.1210769414901733398 1.4339025020599365234 1.1913840770721435547 1.1904776096343994141 1.4102826118469238281 1.2509745359420776367 1.2477804422378540039 1.3903115987777709961 1.2917962074279785156 1.2873455286026000977 1.2823654413223266602 1.2238944768905639648 0.83399474620819091797 0.83371531963348388672 1.1460450887680053711 0.82027065753936767578 0.61338049173355102539 0.81221765279769897461 0.94060075283050537109 1.047326207160949707 1.1350231170654296875 1.0527173280715942383 0.9481093287467956543 0.93880641460418701172
1.3550077676773071289 0.89164143800735473633 1.0328782796859741211 1.1409567594528198242 1.2323963642120361328 0.90081161260604858398 1.4706612825393676758 0.88778018951416015625 1.0189255475997924805 1.107834935188293457 1.194592595100402832 0.89751356840133666992 1.4256501197814941406 1.037261962890625 1.0263483524322509766 1.0226998329162597656 1.0232872962951660156 1.0262981653213500977 1.452877044677734375 1.1168438196182250977 1.1098552942276000977 1.4216161966323852539 1.1901445388793945312 1.1833307743072509766 1.3903946876525878906 1.2380969524383544922 1.2342683076858520508 1.2295217514038085938 1.1590272188186645508 0.83553606271743774414 0.96661579608917236328 1.0713201761245727539 0.8329365849494934082 0.95253384113311767578 0 0.8148975372314453125 0.94432127475738525391 1.0516015291213989258 0.95605826377868652344 0.82520902156829833984 0.82250463962554931641 0.81749075651168823242
1.3273468017578125 1.3618088960647583008 1.3865573406219482422 1.4079293012619018555 1.4323565959930419922 1.46533966064453125 0.90690714120864868164 1.0313360691070556641 1.1231094598770141602 1.1978502273559570312 1.272704005241394043 1.3622696399688720703 0.91448259353637695312 0.90155279636383056641 0.89182674884796142578 0.88583165407180786133 0.88623970746994018555 1.4723031520843505859 1.0330654382705688477 1.0203506946563720703 1.4424448013305664062 1.1186159849166870117 1.1148041486740112305 1.4105424880981445312 1.1806448698043823242 1.1742708683013916016 1.1675798892974853516 1.0785081386566162109 0.83732080459594726562 0.96583819389343261719 1.0669035911560058594 1.1554987430572509766 1.2243535518646240234 1.2728266716003417969 0 0.81882536411285400391 0.94877737760543823242 0.82500243186950683594 0.82762628793716430664 0.95737147331237792969 1.0563070774078369141 1.1365876197814941406
0.91730445623397827148 0.90191698074340820312 1.0408961772918701172 1.1495178937911987305 1.2443954944610595703 1.3346006870269775391 1.3882302045822143555 1.4015009403228759766 1.4076458215713500977 1.4174368381500244141 1.4354121685028076172 1.4692386388778686523 1.5011837482452392578 1.5137476921081542969 1.5118329524993896484 1.4983000755310058594 1.4851915836334228516 0.90220785140991210938 0.90079128742218017578 1.4708117246627807617 1.029079437255859375 1.0272198915481567383 1.442713618278503418 1.1191895008087158203 1.108172297477722168 1.0973727703094482422 0.9840405583381652832 0.84003025293350219727 0.9675719141960144043 1.0653369426727294922 1.1483528614044189453 1.2233111858367919922 1.2835308313369750977 1.3268930912017822266 0 0.822277069091796875 0.95126003026962280273 1.0526751279830932617 1.137879490852355957 1.2103998661041259766 1.2725278139114379883 1.325602412223815918
-9999 -9999 0.89176809787750244141 0.89536297321319580078 1.0498055219650268555 1.1744300127029418945 0.90635597705841064453 1.0276175737380981445 1.1276773214340209961 1.2275091409683227539 1.3134618997573852539 1.3818507194519042969 1.4334046840667724609 1.4658772945404052734 1.4817613363265991211 1.484015345573425293 1.4832587242126464844 1.4880026578903198242 1.4902673959732055664 0.90331059694290161133 0.89855837821960449219 1.4728851318359375 1.0371514558792114258 1.0282355546951293945 1.0146381855010986328 0.85917311906814575195 0.84859114885330200195 0.97318911552429199219 1.0679733753204345703 1.1475790739059448242 1.2168011665344238281 1.278888702392578125 1.3302464485168457031 1.3693938255310058594 0 0.82388406991958618164 0.94994086027145385742 1.046237945556640625 1.1284584999084472656 1.2020730972290039062 1.2671266794204711914 1.3245154619216918945
-9999 -9999 -9999 -9999 -9999 -9999 -9999 -9999 0.88292407989501953125 1.0532636642456054688 1.1818873882293701172 1.2658454179763793945 1.3285516500473022461 1.3766496181488037109 1.4130461215972900391 1.4408965110778808594 1.4625655412673950195 1.4801169633865356445 1.491677403450012207 1.4962044954299926758 1.493968963623046875 0.90984201431274414062 0.90368831157684326172 0.89603626728057861328 0.88214278221130371094 1.0040973424911499023 1.0912027359008789062 1.1592496633529663086 1.2178703546524047852 1.2710125446319580078 1.3184632062911987305 1.3608187437057495117 1.5161100625991821289 1.5785068273544311523 0 0.82337725162506103516 0.94698363542556762695 1.0389847755432128906 1.1184843778610229492 1.1922268867492675781 1.2591735124588012695 1.3199409246444702148
-9999 -9999 -9999 -9999 -9999 -9999 -9999 -9999 -9999 0.91467422246932983398 0.9282639622688293457 1.0642381906509399414 1.1616868972778320312 1.2389436960220336914 1.3050968647003173828 1.3661286830902099609 1.4157828092575073242 1.4506418704986572266 1.4775699377059936523 1.5024712085723876953 1.5154409408569335938 1.5104651451110839844 1.4919790029525756836 1.4658355712890625 1.4355868101119995117 1.4056552648544311523 1.3830436468124389648 1.3690015077590942383 1.3668959140777587891 1.3766736984252929688 1.3940523862838745117 1.4160774946212768555 0.84011030197143554688 0.3727423250675201416 0 0.8233973383903503418 0.94581615924835205078 1.034745335578918457 1.1115037202835083008 1.1832499504089355469 1.249720454216003418 1.3120036125183105469
-9999 -9999 -9999 -9999 -9999 -9999 -9999 -9999 -9999 -9999 -9999 -9999 -9999 -9999 -9999 -9999 -9999 0.90578037500381469727 0.91139066219329833984 0.92781043052673339844 0.9354521632194519043 0.92861932516098022461 1.0638092756271362305 1.1503859758377075195 1.2130975723266601562 1.2606245279312133789 1.2955430746078491211 1.3199751377105712891 1.3431316614151000977 1.3691728115081787109 1.3962508440017700195 1.424269556999206543 1.4415093660354614258 1.2082388401031494141 0.89933657646179199219 0.88521230220794677734 0.97733694314956665039 1.0534902811050415039 1.1214940547943115234 1.1857473850250244141 1.2471380233764648438 1.3073428869247436523
-9999 -9999 -9999 -9999 -9999 -9999 -9999 -9999 -9999 -9999 -9999 -9999 -9999 -9999 -9999 -9999 -9999 -9999 -9999 -9999 1.081424713134765625 1.0765985250473022461 0.91027879714965820312 0.88763380050659179688 1.0162384510040283203 1.1148667335510253906 1.1889863014221191406 1.2425676584243774414 1.2900089025497436523 1.3367067575454711914 1.3785483837127685547 1.4150367975234985352 1.4355205297470092773 1.2015674114227294922 0.89961665868759155273 0.88798910379409790039 0.98126846551895141602 1.0561929941177368164 1.121354222297668457 1.1809539794921875 1.2384511232376098633 1.2967126369476318359
-9999 -9999 -9999 -9999 -9999 -9999 -9999 -9999 -9999 -9999 -9999 -9999 -9999 -9999 -9999 -9999 -9999 -9999 -9999 -9999 -9999 -9999 1.1579136848449707031 1.0231946706771850586 0.86956620216369628906 0.87051749229431152344 1.0045619010925292969 1.0954365730285644531 1.1734023094177246094 1.247952580451965332 1.3117617368698120117 1.3629424571990966797 1.3946257829666137695 1.685150146484375 1.5266906023025512695 1.438757777214050293 1.3366963863372802734 1.2646335363388061523 1.2535712718963623047 1.2718915939331054688 1.302392125129699707 1.3406572341918945312
-9999 -9999 -9999 -9999 -9999 -9999 -9999 -9999 -9999 -9999 -9999 -9999 -9999 -9999 -9999 -9999 -9999 -9999 -9999 -9999 -9999 -9999 -9999 1.2062029838562011719 1.112118840217590332 1.0119755268096923828 0.8680337071418762207 0.99455559253692626953 1.0952950716018676758 1.1880238056182861328 1.2640299797058105469 1.321282505989074707 1.3592222929000854492 1.6614634990692138672 1.5025737285614013672 1.4145835638046264648 -9999 -9999 -9999 -9999 -9999 -9999
-9999 -9999 -9999 -9999 -9999 -9999 -9999 -9999 -9999 -9999 -9999 -9999 -9999 -9999 -9999 -9999 -9999 -9999 -9999 -9999 -9999 -9999 -9999 -9999 -9999 1.1975126266479492188 1.114804387092590332 0.86023277044296264648 0.99801820516586303711 1.1109716892242431641 1.1985746622085571289 1.2627528905868530273 1.309016108512878418 0 -9999 -9999 -9999 -9999 -9999 -9999 -9999 -9999
-9999 -9999 -9999 -9999 -9999 -9999 -9999 -9999 -9999 -9999 -9999 -9999 -9999 -9999 -9999 -9999 -9999 -9999 -9999 -9999 -9999 -9999 -9999 -9999 -9999 -9999 1.2623246908187866211 1.1956940889358520508 0.86636137962341308594 1.0094780921936035156 1.1117910146713256836 1.1860859394073486328 1.2433844804763793945 -9999 -9999 -9999 -9999 -9999 -9999 -9999 -9999 -9999
-9999 -9999 -9999 -9999 -9999 -9999 -9999 -9999 -9999 -9999 -9999 -9999 -9999 -9999 -9999 -9999 -9999 -9999 -9999 -9999 -9999 -9999 -9999 -9999 -9999 -9999 -9999 1.3219821453094482422 1.2733818292617797852 0.87160062789916992188 0.86383241415023803711 0.98848766088485717773 0.84295886754989624023 -9999 -9999 -9999 -9999 -9999 -9999 -9999 -9999 -9999
-9999 -9999 -9999 -9999 -9999 -9999 -9999 -9999 -9999 -9999 -9999 -9999 -9999 -9999 -9999 -9999 -9999 -9999 -9999 -9999 -9999 -9999 -9999 -9999 -9999 -9999 -9999 -9999 1.378855586051940918 1.3339976072311401367 1.0000739097595214844 0.84669524431228637695 1.4228081703186035156 -9999 -9999 -9999 -9999 -9999 -9999 -9999 -9999 -9999
-9999 -9999 -9999 -9999 -9999 -9999 -9999 -9999 -9999 -9999 -9999 -9999 -9999 -9999 -9999 -9999 -9999 -9999 -9999 -9999 -9999 -9999 -9999 -9999 -9999 -9999 -9999 -9999 -9999 1.4133714437484741211 1.3674876689910888672 1.0855861902236938477 -9999 -9999 -9999 -9999 -9999 -9999 -9999 -9999 -9999 -9999
