tests/data/reference/gistest_nucice/full/control/cinfil_m3.asc
ncols        123
nrows        77
xllcorner    -713746.799299980048
yllcorner    -1061022.369616159936
cellsize     10.000000000000
NODATA_value  -9999
[rows 57 to 75 of 77, columns 42 to 83 of 123]
1.1256623268127441406 1.328894495964050293 1.2070465087890625 1.1989110708236694336 1.4077348709106445312 1.1893544197082519531 1.1900608539581298828 1.1941063404083251953 1.3904111385345458984 1.2459603548049926758 1.4067913293838500977 1.1848298311233520508 1.1112165451049804688 1.2780689001083374023 1.4222124814987182617 1.2768515348434448242 1.4572222232818603516 1.3246834278106689453 1.3233120441436767578 1.3230173587799072266 1.3191652297973632812 1.3108747005462646484 1.4260369539260864258 1.3615893125534057617 1.3692598342895507812 1.4372047185897827148 1.5327792167663574219 1.6249212026596069336 1.713742375373840332 1.786208033561706543 1.852446436882019043 1.9184290170669555664 1.9739468097686767578 2.0146405696868896484 2.0682036876678466797 2.3974659442901611328 2.3642899990081787109 2.3037381172180175781 2.1191422939300537109 1.3550819158554077148 1.2175080776214599609 1.2628960609436035156
1.2789107561111450195 1.1299440860748291016 1.1275582313537597656 1.4075906276702880859 1.1149328947067260742 1.1112761497497558594 1.1114034652709960938 1.3714430332183837891 1.1939826011657714844 1.4167871475219726562 1.0893722772598266602 1.0047496557235717773 1.2059216499328613281 1.3826063871383666992 1.2015012502670288086 1.4538938999176025391 1.2709347009658813477 1.2686651945114135742 1.2658820152282714844 1.2652235031127929688 1.2611811161041259766 1.422062993049621582 1.3058209419250488281 1.3130842447280883789 1.4229993820190429688 1.3530043363571166992 1.3475401401519775391 1.4080601930618286133 1.3662686347961425781 1.4822801351547241211 1.5510889291763305664 1.6081821918487548828 1.6543084383010864258 1.688442230224609375 1.9888643026351928711 2.0867514610290527344 1.90990447998046875 1.7275412082672119141 1.266829371452331543 1.1791570186614990234 1.3735104799270629883 1.3222335577011108398
1.0260765552520751953 1.0276656150817871094 1.4014599323272705078 1.024123072624206543 1.0214220285415649414 1.0189441442489624023 1.3408669233322143555 1.127966761589050293 1.4468940496444702148 0.98923665285110473633 0.85285258293151855469 1.1208515167236328125 1.3466813564300537109 1.1235517263412475586 1.4480392932891845703 1.2034574747085571289 1.2059172391891479492 1.2032861709594726562 1.1993699073791503906 1.195240020751953125 1.4261249303817749023 1.2537606954574584961 1.2529823780059814453 1.4103677272796630859 1.3067355155944824219 1.3036301136016845703 1.3979882001876831055 1.332272648811340332 1.327260136604309082 1.3229020833969116211 1.420889735221862793 1.4933184385299682617 1.5522758960723876953 1.3787981271743774414 1.3453180789947509766 1.4856235980987548828 1.7029691934585571289 1.7770750522613525391 1.5888541936874389648 1.4498327970504760742 1.1277797222137451172 1.1794133186340332031
0.88797271251678466797 1.3797941207885742188 0.88612985610961914062 0.88581764698028564453 0.88696712255477905273 1.2993028163909912109 1.0311456918716430664 1.4644024372100830078 0.87460768222808837891 0.85527271032333374023 0.99559396505355834961 1.2851760387420654297 1.0381124019622802734 1.4408258199691772461 1.1229170560836791992 1.1230387687683105469 1.1242576837539672852 1.1240438222885131836 1.1191451549530029297 1.4338394403457641602 1.1894956827163696289 1.1885761022567749023 1.4101047515869140625 1.249158024787902832 1.2459506988525390625 1.3899471759796142578 1.2900979518890380859 1.2856106758117675781 1.2805879116058349609 1.2219437360763549805 0.83236497640609741211 0.83208626508712768555 1.1440395116806030273 0.81867867708206176758 1.1570920944213867188 1.0352934598922729492 1.0529102087020874023 0.63246929645538330078 1.403668522834777832 1.0507659912109375 0.94631427526473999023 0.93702620267868041992
1.3535885810852050781 0.88989794254302978516 1.0309939384460449219 1.1390343904495239258 1.23052215576171875 0.89905577898025512695 1.4702639579772949219 0.8860422968864440918 1.017047882080078125 1.1059019565582275391 1.1926771402359008789 0.89576202630996704102 1.424236297607421875 1.0353845357894897461 1.0244703292846679688 1.0208208560943603516 1.0214066505432128906 1.0244158506393432617 1.4529373645782470703 1.1149276494979858398 1.1079336404800415039 1.4215493202209472656 1.1882541179656982422 1.1814304590225219727 1.3901995420455932617 1.2362881898880004883 1.2324321269989013672 1.2276530265808105469 1.1570507287979125977 0.8339023590087890625 0.96479111909866333008 1.069361567497253418 0.83130955696105957031 0.95072805881500244141 0 0.87055897712707519531 0.67710864543914794922 1.2857569456100463867 0.95425271987915039062 0.82360285520553588867 0.82090610265731811523 0.81590706110000610352
1.3257513046264648438 1.3604252338409423828 1.3854182958602905273 1.4070296287536621094 1.4316583871841430664 1.4648050069808959961 0.90514403581619262695 1.0294576883316040039 1.1211975812911987305 1.195969700813293457 1.2709116935729980469 1.360638737678527832 0.91271132230758666992 0.89979612827301025391 0.89008295536041259766 0.88409668207168579102 0.88450407981872558594 1.4724739789962768555 1.0311844348907470703 1.018475651741027832 1.4424358606338500977 1.1166996955871582031 1.1128826141357421875 1.4104994535446166992 1.1787649393081665039 1.1723726987838745117 1.1656603813171386719 1.0765564441680908203 0.83568263053894042969 0.96401357650756835938 1.0649474859237670898 1.1534956693649291992 1.2223600149154663086 1.2708894014358520508 0 1.1756331920623779297 0.95371210575103759766 0.82339686155319213867 0.82601338624954223633 0.955562591552734375 1.0543544292449951172 1.1345741748809814453
0.9155305027961730957 0.9001598358154296875 1.0390119552612304688 1.1476101875305175781 1.2425503730773925781 1.3329023122787475586 1.3867422342300415039 1.4002715349197387695 1.40671539306640625 1.4167702198028564453 1.4349069595336914062 1.4688160419464111328 1.5008400678634643555 1.5135285854339599609 1.5117869377136230469 1.4984239339828491211 1.4854004383087158203 0.90045028924942016602 0.89903551340103149414 1.4708228111267089844 1.0272008180618286133 1.0253404378890991211 1.4427611827850341797 1.1172820329666137695 1.1062552928924560547 1.0954458713531494141 0.982189178466796875 0.83838540315628051758 0.96574395895004272461 1.0633821487426757812 1.1463521718978881836 1.2213208675384521484 1.2816010713577270508 1.3250715732574462891 0 1.2268300056457519531 1.1239567995071411133 1.4197809696197509766 1.5037504434585571289 1.5686271190643310547 1.6230455636978149414 1.6697459220886230469
-9999 -9999 0.89002442359924316406 0.89361429214477539062 1.0479160547256469727 1.1725286245346069336 0.90459352731704711914 1.0257406234741210938 1.1257641315460205078 1.2256398200988769531 1.3117069005966186523 1.3802834749221801758 1.4321014881134033203 1.4649014472961425781 1.4811408519744873047 1.4837133884429931641 1.483172297477722168 1.4880077838897705078 1.4902865886688232422 0.90155172348022460938 0.8968054652214050293 1.472949981689453125 1.0352718830108642578 1.0263574123382568359 1.012765049934387207 0.85748571157455444336 0.84692633152008056641 0.97135150432586669922 1.0660206079483032227 1.1455874443054199219 1.2148230075836181641 1.2769738435745239258 1.3284431695938110352 1.3677492141723632812 0 1.2665424346923828125 1.3530244827270507812 1.4667927026748657227 1.5234477519989013672 1.5725224018096923828 1.6154383420944213867 1.654224395751953125
-9999 -9999 -9999 -9999 -9999 -9999 -9999 -9999 0.88119363784790039062 1.0513694286346435547 1.1799789667129516602 1.2640198469161987305 1.3268868923187255859 1.3752145767211914062 1.4118871688842773438 1.4400266408920288086 1.461962580680847168 1.4797368049621582031 1.4914717674255371094 1.4961315393447875977 1.4939889907836914062 0.90807569026947021484 0.90192902088165283203 0.89428663253784179688 0.88041359186172485352 1.0022286176681518555 1.0892640352249145508 1.1573064327239990234 1.2159667015075683594 1.269190669059753418 1.3167619705200195312 1.3592735528945922852 1.5151002407073974609 1.5775264501571655273 0 1.4859735965728759766 1.2746487855911254883 1.2446533441543579102 1.4200267791748046875 1.7385827302932739258 1.8311306238174438477 1.9017871618270874023
-9999 -9999 -9999 -9999 -9999 -9999 -9999 -9999 -9999 0.91290277242660522461 0.9264805912971496582 1.0623630285263061523 1.1598210334777832031 1.2371547222137451172 1.3034443855285644531 1.3646714687347412109 1.4145692586898803711 1.44970703125 1.4769327640533447266 1.5021208524703979492 1.5153313875198364258 1.5105346441268920898 1.4921506643295288086 1.4660104513168334961 1.4356657266616821289 1.4055734872817993164 1.3827826976776123047 1.3685781955718994141 1.3663423061370849609 1.3760280609130859375 1.3933553695678710938 1.4153705835342407227 0.83846533298492431641 0.82995301485061645508 0 0.88633406162261962891 0.98954969644546508789 1.2614443302154541016 1.3357565402984619141 1.4004530906677246094 1.4611710309982299805 1.5193306207656860352
-9999 -9999 -9999 -9999 -9999 -9999 -9999 -9999 -9999 -9999 -9999 -9999 -9999 -9999 -9999 -9999 -9999 0.90401858091354370117 0.90962266921997070312 0.92602747678756713867 0.93366384506225585938 0.92683577537536621094 1.0619342327117919922 1.1485161781311035156 1.2112880945205688477 1.2589172124862670898 1.2939686775207519531 1.3185518980026245117 1.3418673276901245117 1.3680605888366699219 1.3952746391296386719 1.4234179258346557617 1.4407777786254882812 1.4435434341430664062 1.7144218683242797852 1.5624734163284301758 1.4751501083374023438 1.367977142333984375 1.2790248394012451172 1.261122584342956543 1.2874122858047485352 1.3307263851165771484
-9999 -9999 -9999 -9999 -9999 -9999 -9999 -9999 -9999 -9999 -9999 -9999 -9999 -9999 -9999 -9999 -9999 -9999 -9999 -9999 1.0795497894287109375 1.0747284889221191406 0.90851193666458129883 0.88589608669281005859 1.014362335205078125 1.1129331588745117188 1.1870682239532470703 1.2407121658325195312 1.288264155387878418 1.3351171016693115234 1.377144932746887207 1.4138404130935668945 1.4345382452011108398 1.4368195533752441406 1.7062137126922607422 1.5544806718826293945 1.4655493497848510742 1.3571467399597167969 1.271152496337890625 1.2533118724822998047 1.2772076129913330078 1.3190914392471313477
-9999 -9999 -9999 -9999 -9999 -9999 -9999 -9999 -9999 -9999 -9999 -9999 -9999 -9999 -9999 -9999 -9999 -9999 -9999 -9999 -9999 -9999 1.1560615301132202148 1.0213216543197631836 0.86785864830017089844 0.86880820989608764648 1.002692103385925293 1.0934888124465942383 1.1714512109756469727 1.2460536956787109375 1.3099675178527832031 1.3613040447235107422 1.3931878805160522461 1.6843962669372558594 1.5263003110885620117 1.4394038915634155273 1.3382699489593505859 1.2654316425323486328 1.2532072067260742188 1.2709262371063232422 1.3011617660522460938 1.3393385410308837891
-9999 -9999 -9999 -9999 -9999 -9999 -9999 -9999 -9999 -9999 -9999 -9999 -9999 -9999 -9999 -9999 -9999 -9999 -9999 -9999 -9999 -9999 -9999 1.2044152021408081055 1.1102063655853271484 1.0101001262664794922 0.86632895469665527344 0.99269384145736694336 1.0933451652526855469 1.1860687732696533203 1.2621290683746337891 1.3194921016693115234 1.3575965166091918945 1.6605169773101806641 1.5019861459732055664 1.4150116443634033203 -9999 -9999 -9999 -9999 -9999 -9999
-9999 -9999 -9999 -9999 -9999 -9999 -9999 -9999 -9999 -9999 -9999 -9999 -9999 -9999 -9999 -9999 -9999 -9999 -9999 -9999 -9999 -9999 -9999 -9999 -9999 1.195626378059387207 1.1128559112548828125 0.85854315757751464844 0.99615418910980224609 1.1090152263641357422 1.1966186761856079102 1.2608567476272583008 1.3072355985641479492 0 -9999 -9999 -9999 -9999 -9999 -9999 -9999 -9999
-9999 -9999 -9999 -9999 -9999 -9999 -9999 -9999 -9999 -9999 -9999 -9999 -9999 -9999 -9999 -9999 -9999 -9999 -9999 -9999 -9999 -9999 -9999 -9999 -9999 -9999 1.2605123519897460938 1.1937559843063354492 0.86465984582901000977 1.0076045989990234375 1.1098397970199584961 1.184139251708984375 1.2414948940277099609 -9999 -9999 -9999 -9999 -9999 -9999 -9999 -9999 -9999
-9999 -9999 -9999 -9999 -9999 -9999 -9999 -9999 -9999 -9999 -9999 -9999 -9999 -9999 -9999 -9999 -9999 -9999 -9999 -9999 -9999 -9999 -9999 -9999 -9999 -9999 -9999 1.3202975988388061523 1.2715190649032592773 0.86988937854766845703 0.86213570833206176758 0.98663151264190673828 0.84130704402923583984 -9999 -9999 -9999 -9999 -9999 -9999 -9999 -9999 -9999
-9999 -9999 -9999 -9999 -9999 -9999 -9999 -9999 -9999 -9999 -9999 -9999 -9999 -9999 -9999 -9999 -9999 -9999 -9999 -9999 -9999 -9999 -9999 -9999 -9999 -9999 -9999 -9999 1.3773549795150756836 1.3322683572769165039 0.99820750951766967773 0.84503471851348876953 1.4211162328720092773 -9999 -9999 -9999 -9999 -9999 -9999 -9999 -9999 -9999
-9999 -9999 -9999 -9999 -9999 -9999 -9999 -9999 -9999 -9999 -9999 -9999 -9999 -9999 -9999 -9999 -9999 -9999 -9999 -9999 -9999 -9999 -9999 -9999 -9999 -9999 -9999 -9999 -9999 1.4120920896530151367 1.3659384250640869141 1.0836403369903564453 -9999 -9999 -9999 -9999 -9999 -9999 -9999 -9999 -9999 -9999
