tests/data/reference/gistest_nucice/full/control/cinfil_m3.asc
ncols        123
nrows        77
xllcorner    -713746.799299980048
yllcorner    -1061022.369616159936
cellsize     10.000000000000
NODATA_value  -9999
[rows 18 to 35 of 77, columns 0 to 40 of 123]
-9999 -9999 -9999 -9999 -9999 -9999 -9999 -9999 -9999 -9999 -9999 -9999 -9999 -9999 -9999 -9999 -9999 0.19781863689422607422 0.19781863689422607422 0.19781863689422607422 0.19781863689422607422 0.19781863689422607422 0.19781863689422607422 0.19781863689422607422 0.19754864275455474854 0 0.26882797479629516602 0.27472379803657531738 0.19781863689422607422 0.19781863689422607422 0.19781863689422607422 0.19781863689422607422 0.19781863689422607422 0.19781863689422607422 0.19781863689422607422 0.19781863689422607422 0.19781863689422607422 0.19781863689422607422 0.19781863689422607422 0.19781863689422607422 0.19781863689422607422
-9999 -9999 -9999 -9999 -9999 -9999 -9999 -9999 -9999 -9999 -9999 -9999 -9999 -9999 -9999 -9999 0.19781863689422607422 0.19781863689422607422 0.19781863689422607422 0.19781863689422607422 0.19781863689422607422 0.19781863689422607422 0.19781863689422607422 0.19781863689422607422 0 0.22607146203517913818 0.27429941296577453613 0.22214668989181518555 0.19781863689422607422 0.19781863689422607422 0.19781863689422607422 0.19781863689422607422 0.19781863689422607422 0.19781863689422607422 0.19781863689422607422 0.19781863689422607422 0.19781863689422607422 0.19781863689422607422 0.19781863689422607422 0.19781863689422607422 0.19781863689422607422
-9999 -9999 -9999 -9999 -9999 -9999 -9999 -9999 -9999 -9999 -9999 -9999 -9999 -9999 -9999 0.19579847157001495361 0.19579847157001495361 0.19579847157001495361 0.19579847157001495361 0.19781863689422607422 0.19781863689422607422 0.19781863689422607422 0.19781863689422607422 0 0 0.19781863689422607422 0.2221120297908782959 0.19781863689422607422 0.19781863689422607422 0.19781863689422607422 0.19781863689422607422 0.19781863689422607422 0.19781863689422607422 0.19781863689422607422 0.19781863689422607422 0.19781863689422607422 0.19781863689422607422 0.19781863689422607422 0.19781863689422607422 0.19781863689422607422 0.19781863689422607422
-9999 -9999 -9999 -9999 -9999 -9999 -9999 -9999 -9999 -9999 -9999 -9999 -9999 -9999 -9999 0.19579847157001495361 0.19579847157001495361 0.19579847157001495361 0.19579847157001495361 0.19579847157001495361 0.19579847157001495361 0.19579847157001495361 0.19754864275455474854 0 0.2820422053337097168 0.19781863689422607422 0.19781863689422607422 0.19781863689422607422 0.19781863689422607422 0.19781863689422607422 0.19781863689422607422 0.19781863689422607422 0.19781863689422607422 0.19781863689422607422 0.19781863689422607422 0.19781863689422607422 0.19781863689422607422 0.19781863689422607422 0.19781863689422607422 0.19781863689422607422 0.19781863689422607422
-9999 -9999 -9999 -9999 -9999 -9999 -9999 -9999 -9999 -9999 -9999 -9999 -9999 -9999 -9999 0.19579847157001495361 0.19579847157001495361 0.19579847157001495361 0.19579847157001495361 0.19579847157001495361 0.19579847157001495361 0.19552847743034362793 0 0.22526027262210845947 0.27234876155853271484 0.19781863689422607422 0.19781863689422607422 0.19781863689422607422 0.19781863689422607422 0.19781863689422607422 0.19781863689422607422 0.19781863689422607422 0.19781863689422607422 0.19781863689422607422 0.19781863689422607422 0.19781863689422607422 0.19781863689422607422 0.19781863689422607422 0.19781863689422607422 0.19781863689422607422 0.19781863689422607422
-9999 -9999 -9999 -9999 -9999 -9999 -9999 -9999 -9999 -9999 -9999 -9999 -9999 -9999 0.19579847157001495361 0.19579847157001495361 0.19579847157001495361 0.19579847157001495361 0.19579847157001495361 0.19579847157001495361 0.19552847743034362793 0 0.19552847743034362793 0.25044927000999450684 0.28567489981651306152 0.19579847157001495361 0.19579847157001495361 0.19579847157001495361 0.19781863689422607422 0.19781863689422607422 0.19781863689422607422 0.19781863689422607422 0.19781863689422607422 0.19781863689422607422 0.19781863689422607422 0.19781863689422607422 0.19781863689422607422 0.19781863689422607422 0.19781863689422607422 0.19781863689422607422 0.19781863689422607422
-9999 -9999 -9999 -9999 -9999 -9999 -9999 -9999 -9999 -9999 -9999 -9999 -9999 -9999 0.19579847157001495361 0.19579847157001495361 0.19579847157001495361 0.19579847157001495361 0.19579847157001495361 0.19579847157001495361 0 0 0.19579847157001495361 0.19579847157001495361 0.22413088381290435791 0.20692686736583709717 0.19579847157001495361 0.19579847157001495361 0.19579847157001495361 0.19579847157001495361 0.19781863689422607422 0.19781863689422607422 0.19781863689422607422 0.19781863689422607422 0.19781863689422607422 0.19781863689422607422 0.19781863689422607422 0.19781863689422607422 0.19781863689422607422 0.19781863689422607422 0.19781863689422607422
-9999 -9999 -9999 -9999 -9999 -9999 -9999 -9999 -9999 -9999 -9999 -9999 -9999 -9999 0.19579847157001495361 0.19579847157001495361 0.19579847157001495361 0.19579847157001495361 0.19579847157001495361 0.19552847743034362793 0 0.24995185434818267822 0.26680549979209899902 0.19579847157001495361 0.19579847157001495361 0.19579847157001495361 0.19579847157001495361 0.19579847157001495361 0.19579847157001495361 0.19579847157001495361 0.19579847157001495361 0.19579847157001495361 0.19579847157001495361 0.19781863689422607422 0.19781863689422607422 0.19781863689422607422 0.19781863689422607422 0.19781863689422607422 0.19781863689422607422 0.19781863689422607422 0.19781863689422607422
-9999 -9999 -9999 -9999 -9999 -9999 -9999 -9999 -9999 -9999 -9999 -9999 0.19579847157001495361 0.19579847157001495361 0.19579847157001495361 0.19579847157001495361 0.19579847157001495361 0.19579847157001495361 0.19552847743034362793 0 0.22258482873439788818 0.25013315677642822266 0.22402589023113250732 0.27182939648628234863 0.19579847157001495361 0.19579847157001495361 0.19579847157001495361 0.19579847157001495361 0.19579847157001495361 0.19579847157001495361 0.19579847157001495361 0.19579847157001495361 0.19579847157001495361 0.19579847157001495361 0.19579847157001495361 0.19781863689422607422 0.19781863689422607422 0.19781863689422607422 0.19781863689422607422 0.19781863689422607422 0.19781863689422607422
-9999 -9999 -9999 -9999 -9999 -9999 -9999 -9999 -9999 -9999 -9999 -9999 -9999 0.19579847157001495361 0.19579847157001495361 0.19579847157001495361 0.19579847157001495361 0.19552847743034362793 0 0.22549831867218017578 0.19579847157001495361 0.19579847157001495361 0.2240842282772064209 0.19579847157001495361 0.22477020323276519775 0.19579847157001495361 0.19579847157001495361 0.19579847157001495361 0.19579847157001495361 0.19579847157001495361 0.19579847157001495361 0.19579847157001495361 0.19579847157001495361 0.19579847157001495361 0.19579847157001495361 0.19579847157001495361 0.19579847157001495361 0.19579847157001495361 0.19781863689422607422 0.19781863689422607422 0.19781863689422607422
-9999 -9999 -9999 -9999 -9999 -9999 -9999 -9999 -9999 -9999 -9999 -9999 -9999 -9999 -9999 0.19579847157001495361 0.19552847743034362793 0 0 0.27941456437110900879 0.27595433592796325684 0.20784473419189453125 0.19579847157001495361 0.19579847157001495361 0.19579847157001495361 0.19579847157001495361 0.19579847157001495361 0.19579847157001495361 0.19579847157001495361 0.19579847157001495361 0.19579847157001495361 0.19579847157001495361 0.19579847157001495361 0.19579847157001495361 0.19579847157001495361 0.19579847157001495361 0.19579847157001495361 0.19579847157001495361 0.19579847157001495361 0.19579847157001495361 0.19781863689422607422
-9999 -9999 -9999 -9999 -9999 -9999 -9999 -9999 -9999 -9999 -9999 -9999 -9999 -9999 -9999 -9999 0.19552847743034362793 0 0.25671902298927307129 0.22216440737247467041 0.19579847157001495361 0.19579847157001495361 0.19579847157001495361 0.19579847157001495361 0.19579847157001495361 0.19579847157001495361 0.19579847157001495361 0.19579847157001495361 0.19579847157001495361 0.19579847157001495361 0.19579847157001495361 0.19579847157001495361 0.19579847157001495361 0.19579847157001495361 0.19579847157001495361 0.19579847157001495361 0.19579847157001495361 0.19579847157001495361 0.19579847157001495361 0.19579847157001495361 0.19579847157001495361
-9999 -9999 -9999 -9999 -9999 -9999 -9999 -9999 -9999 -9999 -9999 -9999 -9999 -9999 -9999 -9999 0 0.23015357553958892822 0.19579847157001495361 0.19579847157001495361 0.19579847157001495361 0.19579847157001495361 0.19579847157001495361 0.19579847157001495361 0.19579847157001495361 0.19579847157001495361 0.19579847157001495361 0.19579847157001495361 0.19579847157001495361 0.19579847157001495361 0.19579847157001495361 0.19579847157001495361 0.19579847157001495361 0.19579847157001495361 0.19579847157001495361 0.19579847157001495361 0.19579847157001495361 0.19579847157001495361 0.19579847157001495361 0.19579847157001495361 0.19579847157001495361
-9999 -9999 -9999 -9999 -9999 -9999 -9999 -9999 -9999 -9999 -9999 -9999 -9999 -9999 -9999 0 0.2337169349193572998 0.19781863689422607422 0.21314883232116699219 0.19579847157001495361 0.19579847157001495361 0.19579847157001495361 0.19579847157001495361 0.19579847157001495361 0.19579847157001495361 0.19579847157001495361 0.19579847157001495361 0.19579847157001495361 0.19579847157001495361 0.19579847157001495361 0.19579847157001495361 0.19579847157001495361 0.19579847157001495361 0.19579847157001495361 0.19579847157001495361 0.19579847157001495361 0.19579847157001495361 0.19579847157001495361 0.19579847157001495361 0.19579847157001495361 0.19579847157001495361
-9999 -9999 -9999 -9999 -9999 -9999 -9999 -9999 -9999 -9999 -9999 -9999 -9999 -9999 0 0 0.38126072287559509277 0.35916662216186523438 0.19781863689422607422 0.19781863689422607422 0.19579847157001495361 0.19579847157001495361 0.19579847157001495361 0.19579847157001495361 0.19579847157001495361 0.19579847157001495361 0.19579847157001495361 0.19781863689422607422 0.19781863689422607422 0.19579847157001495361 0.19579847157001495361 0.19579847157001495361 0.19579847157001495361 0.19579847157001495361 0.19579847157001495361 0.19579847157001495361 0.19579847157001495361 0.19579847157001495361 0.19579847157001495361 0.19579847157001495361 0.19579847157001495361
-9999 -9999 -9999 -9999 -9999 -9999 -9999 -9999 -9999 -9999 -9999 -9999 -9999 -9999 0 0.40183529257774353027 0.19781863689422607422 0.19781863689422607422 0.19781863689422607422 0.19781863689422607422 0.19781863689422607422 0.19781863689422607422 0.19579847157001495361 0.19781863689422607422 0.19781863689422607422 0.19781863689422607422 0.19781863689422607422 0.19781863689422607422 0.19781863689422607422 0.19781863689422607422 0.19781863689422607422 0.19781863689422607422 0.19781863689422607422 0.19781863689422607422 0.19781863689422607422 0.19781863689422607422 0.19781863689422607422 0.19781863689422607422 0.19781863689422607422 0.19781863689422607422 0.19781863689422607422
-9999 -9999 -9999 -9999 -9999 -9999 -9999 -9999 -9999 -9999 -9999 -9999 -9999 0 0.4061298072338104248 0.19781863689422607422 0.19781863689422607422 0.19781863689422607422 0.19781863689422607422 0.19781863689422607422 0.19781863689422607422 0.19781863689422607422 0.19781863689422607422 0.19781863689422607422 0.19781863689422607422 0.19781863689422607422 0.19781863689422607422 0.19781863689422607422 0.19781863689422607422 0.19781863689422607422 0.19781863689422607422 0.19781863689422607422 0.19781863689422607422 0.19781863689422607422 0.19781863689422607422 0.19781863689422607422 0.19781863689422607422 0.19781863689422607422 0.19781863689422607422 0.19781863689422607422 0.19781863689422607422
-9999 -9999 -9999 -9999 -9999 -9999 -9999 -9999 -9999 -9999 -9999 -9999 0 0 0.19781863689422607422 0.19781863689422607422 0.19781863689422607422 0.19781863689422607422 0.19781863689422607422 0.19781863689422607422 0.19781863689422607422 0.19781863689422607422 0.19781863689422607422 0.19781863689422607422 0.19781863689422607422 0.19781863689422607422 0.19781863689422607422 0.19781863689422607422 0.19781863689422607422 0.19781863689422607422 0.19781863689422607422 0.19781863689422607422 0.19781863689422607422 0.19781863689422607422 0.19781863689422607422 0.19781863689422607422 0.19781863689422607422 0.19781863689422607422 0.19781863689422607422 0.19781863689422607422 0.19781863689422607422
