tests/data/reference/gistest_nucice/full/control/cinfil_m3.asc
ncols        123
nrows        77
xllcorner    -713746.799299980048
yllcorner    -1061022.369616159936
cellsize     10.000000000000
NODATA_value -9999
[rows 19 to 37 of 77, columns 0 to 41 of 123]
-9999 -9999 -9999 -9999 -9999 -9999 -9999 -9999 -9999 -9999 -9999 -9999 -9999 -9999 -9999 -9999 0.92614674568176269531 1.0667480230331420898 1.3310950994491577148 1.4446817636489868164 1.8105140924453735352 1.0839446783065795898 0.91839706897735595703 0.8922207951545715332 0 2.2735443115234375 1.8595300912857055664 1.9264205694198608398 0.9056841731071472168 2.0730004310607910156 1.217854619026184082 0.87008136510848999023 1.330074310302734375 1.3790649175643920898 1.1104477643966674805 1.624790191650390625 1.8469208478927612305 1.4315426349639892578 1.4774298667907714844 1.3968093395233154297 1.3624809980392456055 1.3234735727310180664
-9999 -9999 -9999 -9999 -9999 -9999 -9999 -9999 -9999 -9999 -9999 -9999 -9999 -9999 -9999 0.90389543771743774414 1.0252649784088134766 1.1068959236145019531 1.2772513628005981445 1.9311208724975585938 1.2346737384796142578 0.95421719551086425781 1.065184473991394043 0 0 2.1156752109527587891 1.8948949575424194336 1.9231063127517700195 1.0501470565795898438 2.1091854572296142578 1.2774742841720581055 0.86887818574905395508 1.4239854812622070312 1.3950250148773193359 1.196110844612121582 1.511454463005065918 1.9033477306365966797 1.4227628707885742188 1.4376355409622192383 1.3945434093475341797 1.377948760986328125 1.3520313501358032227
-9999 -9999 -9999 -9999 -9999 -9999 -9999 -9999 -9999 -9999 -9999 -9999 -9999 -9999 -9999 1.0790932178497314453 1.1850477457046508789 1.2744240760803222656 1.8330874443054199219 1.2815366983413696289 0.94493466615676879883 0.91923338174819946289 1.2345142364501953125 0 1.4074246883392333984 2.0837659835815429688 1.9484040737152099609 1.9435087442398071289 1.1536624431610107422 2.1470289230346679688 0.87487304210662841797 1.3227654695510864258 1.5062788724899291992 1.4148039817810058594 1.2667074203491210938 1.4614120721817016602 1.9607614278793334961 1.4319241046905517578 1.4309606552124023438 1.4068578481674194336 1.396793365478515625 1.3776824474334716797
-9999 -9999 -9999 -9999 -9999 -9999 -9999 -9999 -9999 -9999 -9999 -9999 -9999 -9999 -9999 1.2330209016799926758 1.3354276418685913086 1.4677941799163818359 1.9059362411499023438 0.96765929460525512695 0.95918923616409301758 0.92107999324798583984 0 1.6094532012939453125 1.3414123058319091797 2.0416252613067626953 1.9904111623764038086 1.9724490642547607422 1.2325148582458496094 2.1868062019348144531 0.87524509429931640625 1.0110918283462524414 1.3607330322265625 1.627184748649597168 1.3258494138717651367 1.4555387496948242188 2.0092427730560302734 0.86656135320663452148 1.5530668497085571289 1.4224151372909545898 1.4163362979888916016 1.4020477533340454102
-9999 -9999 -9999 -9999 -9999 -9999 -9999 -9999 -9999 -9999 -9999 -9999 -9999 -9999 1.0259184837341308594 1.4056072235107421875 1.6837911605834960938 1.9059362411499023438 0.996227264404296875 1.1924675703048706055 0.93123108148574829102 0 0.9920597076416015625 1.5145641565322875977 1.4681568145751953125 1.6606329679489135742 1.7134805917739868164 1.701125025749206543 1.295264124870300293 2.2274851799011230469 0.87644135951995849609 1.0111871957778930664 1.1136083602905273438 1.3926274776458740234 1.724412083625793457 1.4621975421905517578 2.0418670177459716797 0.85977953672409057617 1.6120504140853881836 1.4366400241851806641 1.4352486133575439453 1.426146388053894043
-9999 -9999 -9999 -9999 -9999 -9999 -9999 -9999 -9999 -9999 -9999 -9999 -9999 -9999 1.3761974573135375977 1.9059362411499023438 1.9059362411499023438 1.088212132453918457 1.0047724246978759766 0.92483043670654296875 0 0 0.85314851999282836914 0.95233255624771118164 1.5355716943740844727 1.6927468776702880859 1.7653306722640991211 1.7602316141128540039 1.1933473348617553711 0.82084697484970092773 2.2556812763214111328 1.0122720003128051758 1.1159240007400512695 1.2025750875473022461 1.8198666572570800781 1.4730784893035888672 2.058757781982421875 0.8571770787239074707 1.6620943546295166016 1.4503791332244873047 1.4519753456115722656 1.4466861486434936523
-9999 -9999 -9999 -9999 -9999 -9999 -9999 -9999 -9999 -9999 -9999 -9999 -9999 -9999 1.9059362411499023438 1.2397705316543579102 0.97077584266662597656 0.97169882059097290039 0.97778278589248657227 0.90717351436614990234 0 1.1521553993225097656 1.2856221199035644531 0.99688374996185302734 1.0220179557800292969 1.5582039356231689453 1.8629349470138549805 1.8050470352172851562 1.2553927898406982422 0.81603163480758666992 0.95093572139739990234 1.8935943841934204102 1.0145554542541503906 1.2114402055740356445 1.2842751741409301758 1.9125235080718994141 0.86607140302658081055 2.0401816368103027344 0.99425095319747924805 1.7366108894348144531 1.4653089046478271484 1.4620556831359863281
-9999 -9999 -9999 -9999 -9999 -9999 -9999 -9999 -9999 -9999 -9999 -9999 0.93428635597229003906 0.99648678302764892578 1.656226038932800293 1.1386435031890869141 0.96665310859680175781 1.1357433795928955078 0.93086135387420654297 0 1.4963796138763427734 1.4318922758102416992 1.2396290302276611328 1.3419049978256225586 1.1025453805923461914 1.1108672618865966797 1.9059362411499023438 1.8569120168685913086 1.3176251649856567383 0.95974850654602050781 0.82095289230346679688 1.0580278635025024414 1.9059362411499023438 1.1302175521850585938 1.1581054925918579102 1.3431656360626220703 1.9850476980209350586 0.99848330020904541016 1.9527007341384887695 1.1001598834991455078 1.8144811391830444336 1.4743220806121826172
-9999 -9999 -9999 -9999 -9999 -9999 -9999 -9999 -9999 -9999 -9999 -9999 -9999 0.9418315887451171875 1.1522405147552490234 1.1346695423126220703 1.0802819728851318359 0.94814467430114746094 0 1.5853720903396606445 1.4268462657928466797 1.4199349880218505859 1.5896403789520263672 1.6970039606094360352 1.7987151145935058594 1.8865675926208496094 1.9059362411499023438 1.9059362411499023438 1.9059362411499023438 1.3787125349044799805 1.0741267204284667969 0.96567976474761962891 1.1613099575042724609 1.9059362411499023438 1.2228684425354003906 1.2296336889266967773 1.21221160888671875 1.7233899831771850586 1.1014856100082397461 1.7157109975814819336 1.8867106437683105469 1.4847760200500488281
-9999 -9999 -9999 -9999 -9999 -9999 -9999 -9999 -9999 -9999 -9999 -9999 -9999 -9999 -9999 1.0224270820617675781 0.99863868951797485352 0 0 1.2543346881866455078 1.358057856559753418 1.4812858104705810547 1.5826132297515869141 1.6613488197326660156 1.7187173366546630859 1.752264857292175293 1.7673959732055664062 1.9059362411499023438 1.9059362411499023438 1.9059362411499023438 1.4321804046630859375 1.1842000484466552734 1.1008038520812988281 1.2640237808227539062 1.8160614967346191406 1.2778364419937133789 1.2841787338256835938 1.2796981334686279297 1.8125213384628295898 1.0649220943450927734 1.964064478874206543 1.4908916950225830078
-9999 -9999 -9999 -9999 -9999 -9999 -9999 -9999 -9999 -9999 -9999 -9999 -9999 -9999 -9999 -9999 0.95437359809875488281 0 1.1831918954849243164 1.2871608734130859375 1.3990921974182128906 1.4933464527130126953 1.5564240217208862305 1.5839940309524536133 1.5784701108932495117 1.5406800508499145508 1.4947489500045776367 1.4738306999206542969 1.4712921380996704102 1.9059362411499023438 1.9059362411499023438 1.9059362411499023438 1.2905638217926025391 1.2132132053375244141 1.3376276493072509766 1.5566631555557250977 1.537428736686706543 1.6121793985366821289 1.3445430994033813477 1.8904509544372558594 1.1495202779769897461 1.6592415571212768555
-9999 -9999 -9999 -9999 -9999 -9999 -9999 -9999 -9999 -9999 -9999 -9999 -9999 -9999 -9999 -9999 0 1.523653864860534668 1.3619464635848999023 1.3538324832916259766 1.3749599456787109375 1.9059362411499023438 1.9059362411499023438 1.9059362411499023438 1.9059362411499023438 1.9059362411499023438 1.9059362411499023438 1.9059362411499023438 1.9059362411499023438 1.9059362411499023438 1.9059362411499023438 1.9059362411499023438 1.9059362411499023438 1.9059362411499023438 1.9059362411499023438 1.9059362411499023438 1.9059362411499023438 1.9059362411499023438 1.9059362411499023438 1.9059362411499023438 1.9059362411499023438 1.9059362411499023438
-9999 -9999 -9999 -9999 -9999 -9999 -9999 -9999 -9999 -9999 -9999 -9999 -9999 -9999 -9999 0 1.5572525262832641602 1.405558466911315918 2.2868928909301757812 1.9059362411499023438 1.9059362411499023438 1.3776191473007202148 1.5207166671752929688 1.6281660795211791992 1.709795832633972168 1.8011438846588134766 1.8816519975662231445 1.9059362411499023438 1.9059362411499023438 1.9059362411499023438 1.9059362411499023438 1.9059362411499023438 1.9059362411499023438 1.9059362411499023438 1.9059362411499023438 1.9059362411499023438 1.9059362411499023438 1.9059362411499023438 1.9059362411499023438 1.9059362411499023438 1.9059362411499023438 1.9059362411499023438
-9999 -9999 -9999 -9999 -9999 -9999 -9999 -9999 -9999 -9999 -9999 -9999 -9999 -9999 0 0 2.2061939239501953125 2.2175638675689697266 1.4754542112350463867 1.8085216283798217773 1.3079233169555664062 1.3101515769958496094 1.3093187808990478516 1.354651331901550293 1.462235569953918457 1.2957332134246826172 1.2910137176513671875 1.4366805553436279297 1.433436274528503418 1.2687575817108154297 1.3233512639999389648 1.6201350688934326172 1.7509980201721191406 1.8769718408584594727 1.9059362411499023438 1.9059362411499023438 1.0712124109268188477 1.1123929023742675781 1.2492223978042602539 1.2145026922225952148 1.180916905403137207 1.1781880855560302734
-9999 -9999 -9999 -9999 -9999 -9999 -9999 -9999 -9999 -9999 -9999 -9999 -9999 -9999 0 2.3730306625366210938 1.6351779699325561523 1.4466435909271240234 2.2099680900573730469 1.4119702577590942383 1.4402939081192016602 1.456976771354675293 1.3057945966720581055 1.4529532194137573242 1.4431214332580566406 1.4530237913131713867 1.4423869848251342773 1.4258468151092529297 1.545748591423034668 1.6514334678649902344 1.7517886161804199219 1.3912093639373779297 1.4383819103240966797 1.4494588375091552734 1.7944049835205078125 1.0427545309066772461 1.1441719532012939453 1.4020226001739501953 1.3636522293090820312 1.3127244710922241211 1.2977112531661987305 1.1947526931762695312
-9999 -9999 -9999 -9999 -9999 -9999 -9999 -9999 -9999 -9999 -9999 -9999 -9999 0 2.1486055850982666016 1.6688704490661621094 1.4530804157257080078 2.3463416099548339844 1.3489699363708496094 1.3941675424575805664 1.4350538253784179688 1.4498744010925292969 1.4557549953460693359 1.4419505596160888672 1.4586069583892822266 1.4461362361907958984 1.4371378421783447266 1.4196301698684692383 1.4085310697555541992 1.3856790065765380859 1.3339737653732299805 1.3969932794570922852 1.4146099090576171875 1.7060341835021972656 0.88692104816436767578 1.0249385833740234375 1.3702716827392578125 1.3234500885009765625 1.2668027877807617188 1.2537283897399902344 1.3531203269958496094 1.2289221286773681641
-9999 -9999 -9999 -9999 -9999 -9999 -9999 -9999 -9999 -9999 -9999 -9999 0 0 1.6793258190155029297 1.5081927776336669922 2.3902273178100585938 1.2834436893463134766 1.337230682373046875 1.3950130939483642578 1.4217683076858520508 1.4406721591949462891 1.4289062023162841797 1.4761106967926025391 1.4502888917922973633 1.4448095560073852539 1.4344130754470825195 1.4192819595336914062 1.369022369384765625 1.2828443050384521484 1.3647292852401733398 1.3966525793075561523 1.6193284988403320312 1.1289222240447998047 0.88339745998382568359 1.3424303531646728516 1.2749264240264892578 1.2062542438507080078 1.195323944091796875 1.3404210805892944336 1.17203521728515625 1.1632783412933349609
-9999 -9999 -9999 -9999 -9999 -9999 -9999 -9999 -9999 -9999 -9999 -9999 0 1.7251261472702026367 1.6050027608871459961 2.3979859352111816406 1.2042493820190429688 1.2740751504898071289 1.3545746803283691406 1.3883929252624511719 1.4100434780120849609 1.3874171972274780273 1.4907219409942626953 1.445757746696472168 1.4460314512252807617 1.4433095455169677734 1.4373042583465576172 1.3546848297119140625 1.2319281101226806641 1.3438870906829833984 1.3969351053237915039 1.5374948978424072266 0.88009434938430786133 1.0242210626602172852 1.3134306669235229492 1.2193220853805541992 1.1365723609924316406 1.1308099031448364258 1.3305411338806152344 1.1117404699325561523 1.1006765365600585938 1.0900521278381347656
-9999 -9999 -9999 -9999 -9999 -9999 -9999 -9999 -9999 -9999 -9999 0 1.979481816291809082 1.7062106132507324219 2.3979859352111816406 1.0988823175430297852 1.1989444494247436523 1.3165268898010253906 1.3646796941757202148 1.3876514434814453125 1.328769683837890625 1.5224868059158325195 1.425670623779296875 1.4340323209762573242 1.4403958320617675781 1.4436551332473754883 1.3283507823944091797 1.1681765317916870117 1.315822601318359375 1.4011886119842529297 1.3117716312408447266 1.4210109710693359375 0.8957843780517578125 1.2828018665313720703 1.145949244499206543 1.0446854829788208008 1.0441888570785522461 1.3113130331039428711 1.0376949310302734375 1.0308687686920166016 1.0177528858184814453 1.0002140998840332031
