tests/data/reference/gistest_nucice/full/control/cinfil_m3.asc
ncols        123
nrows        77
xllcorner    -713746.799299980048
yllcorner    -1061022.369616159936
cellsize     10.000000000000
NODATA_value  -9999
[rows 18 to 35 of 77, columns 0 to 40 of 123]
-9999 -9999 -9999 -9999 -9999 -9999 -9999 -9999 -9999 -9999 -9999 -9999 -9999 -9999 -9999 -9999 -9999 0.19423493742942810059 0.19423493742942810059 0.19423493742942810059 0.19423493742942810059 0.19423493742942810059 0.19423493742942810059 0.19423493742942810059 0.1939649432897567749 0 0.2651754915714263916 0.2723979651927947998 0.19423493742942810059 0.19423493742942810059 0.19423493742942810059 0.19423493742942810059 0.19423493742942810059 0.19423493742942810059 0.19423493742942810059 0.19423493742942810059 0.19423493742942810059 0.19423493742942810059 0.19423493742942810059 0.19423493742942810059 0.19423493742942810059
-9999 -9999 -9999 -9999 -9999 -9999 -9999 -9999 -9999 -9999 -9999 -9999 -9999 -9999 -9999 -9999 0.19423493742942810059 0.19423493742942810059 0.19423493742942810059 0.19423493742942810059 0.19423493742942810059 0.19423493742942810059 0.19423493742942810059 0.19423493742942810059 0 0.22251173853874206543 0.27196258306503295898 0.2243979722261428833 0.19423493742942810059 0.19423493742942810059 0.19423493742942810059 0.19423493742942810059 0.19423493742942810059 0.19423493742942810059 0.19423493742942810059 0.19423493742942810059 0.19423493742942810059 0.19423493742942810059 0.19423493742942810059 0.19423493742942810059 0.19423493742942810059
-9999 -9999 -9999 -9999 -9999 -9999 -9999 -9999 -9999 -9999 -9999 -9999 -9999 -9999 -9999 0.18982560932636260986 0.18982560932636260986 0.18982560932636260986 0.18982560932636260986 0.19423493742942810059 0.19423493742942810059 0.19423493742942810059 0.19423493742942810059 0 0 0.19423493742942810059 0.22451765835285186768 0.19423493742942810059 0.19423493742942810059 0.19423493742942810059 0.19423493742942810059 0.19423493742942810059 0.19423493742942810059 0.19423493742942810059 0.19423493742942810059 0.19423493742942810059 0.19423493742942810059 0.19423493742942810059 0.19423493742942810059 0.19423493742942810059 0.19423493742942810059
-9999 -9999 -9999 -9999 -9999 -9999 -9999 -9999 -9999 -9999 -9999 -9999 -9999 -9999 -9999 0.18982560932636260986 0.18982560932636260986 0.18982560932636260986 0.18982560932636260986 0.18982560932636260986 0.18982560932636260986 0.18982560932636260986 0.1939649432897567749 0 0.27846220135688781738 0.19423493742942810059 0.19423493742942810059 0.19423493742942810059 0.19423493742942810059 0.19423493742942810059 0.19423493742942810059 0.19423493742942810059 0.19423493742942810059 0.19423493742942810059 0.19423493742942810059 0.19423493742942810059 0.19423493742942810059 0.19423493742942810059 0.19423493742942810059 0.19423493742942810059 0.19423493742942810059
-9999 -9999 -9999 -9999 -9999 -9999 -9999 -9999 -9999 -9999 -9999 -9999 -9999 -9999 -9999 0.18982560932636260986 0.18982560932636260986 0.18982560932636260986 0.18982560932636260986 0.18982560932636260986 0.18982560932636260986 0.18955561518669128418 0 0.21924130618572235107 0.26428934931755065918 0.19423493742942810059 0.19423493742942810059 0.19423493742942810059 0.19423493742942810059 0.19423493742942810059 0.19423493742942810059 0.19423493742942810059 0.19423493742942810059 0.19423493742942810059 0.19423493742942810059 0.19423493742942810059 0.19423493742942810059 0.19423493742942810059 0.19423493742942810059 0.19423493742942810059 0.19423493742942810059
-9999 -9999 -9999 -9999 -9999 -9999 -9999 -9999 -9999 -9999 -9999 -9999 -9999 -9999 0.18982560932636260986 0.18982560932636260986 0.18982560932636260986 0.18982560932636260986 0.18982560932636260986 0.18982560932636260986 0.18955561518669128418 0 0.18955561518669128418 0.24525395035743713379 0.28361800312995910645 0.18982560932636260986 0.18982560932636260986 0.18982560932636260986 0.19423493742942810059 0.19423493742942810059 0.19423493742942810059 0.19423493742942810059 0.19423493742942810059 0.19423493742942810059 0.19423493742942810059 0.19423493742942810059 0.19423493742942810059 0.19423493742942810059 0.19423493742942810059 0.19423493742942810059 0.19423493742942810059
-9999 -9999 -9999 -9999 -9999 -9999 -9999 -9999 -9999 -9999 -9999 -9999 -9999 -9999 0.18982560932636260986 0.18982560932636260986 0.18982560932636260986 0.18982560932636260986 0.18982560932636260986 0.18982560932636260986 0 0 0.18982560932636260986 0.18982560932636260986 0.21931628882884979248 0.21465030312538146973 0.18982560932636260986 0.18982560932636260986 0.18982560932636260986 0.18982560932636260986 0.19423493742942810059 0.19423493742942810059 0.19423493742942810059 0.19423493742942810059 0.19423493742942810059 0.19423493742942810059 0.19423493742942810059 0.19423493742942810059 0.19423493742942810059 0.19423493742942810059 0.19423493742942810059
-9999 -9999 -9999 -9999 -9999 -9999 -9999 -9999 -9999 -9999 -9999 -9999 -9999 -9999 0.18982560932636260986 0.18982560932636260986 0.18982560932636260986 0.18982560932636260986 0.18982560932636260986 0.18955561518669128418 0 0.24470876157283782959 0.2605368196964263916 0.18982560932636260986 0.18982560932636260986 0.18982560932636260986 0.18982560932636260986 0.18982560932636260986 0.18982560932636260986 0.18982560932636260986 0.18982560932636260986 0.18982560932636260986 0.18982560932636260986 0.19423493742942810059 0.19423493742942810059 0.19423493742942810059 0.19423493742942810059 0.19423493742942810059 0.19423493742942810059 0.19423493742942810059 0.19423493742942810059
-9999 -9999 -9999 -9999 -9999 -9999 -9999 -9999 -9999 -9999 -9999 -9999 0.18982560932636260986 0.18982560932636260986 0.18982560932636260986 0.18982560932636260986 0.18982560932636260986 0.18982560932636260986 0.18955561518669128418 0 0.21656306087970733643 0.24496562778949737549 0.21917252242565155029 0.266803741455078125 0.18982560932636260986 0.18982560932636260986 0.18982560932636260986 0.18982560932636260986 0.18982560932636260986 0.18982560932636260986 0.18982560932636260986 0.18982560932636260986 0.18982560932636260986 0.18982560932636260986 0.18982560932636260986 0.19423493742942810059 0.19423493742942810059 0.19423493742942810059 0.19423493742942810059 0.19423493742942810059 0.19423493742942810059
-9999 -9999 -9999 -9999 -9999 -9999 -9999 -9999 -9999 -9999 -9999 -9999 -9999 0.18982560932636260986 0.18982560932636260986 0.18982560932636260986 0.18982560932636260986 0.18955561518669128418 0 0.21948060393333435059 0.18982560932636260986 0.18982560932636260986 0.21926474571228027344 0.18982560932636260986 0.22830161452293395996 0.18982560932636260986 0.18982560932636260986 0.18982560932636260986 0.18982560932636260986 0.18982560932636260986 0.18982560932636260986 0.18982560932636260986 0.18982560932636260986 0.18982560932636260986 0.18982560932636260986 0.18982560932636260986 0.18982560932636260986 0.18982560932636260986 0.19423493742942810059 0.19423493742942810059 0.19423493742942810059
-9999 -9999 -9999 -9999 -9999 -9999 -9999 -9999 -9999 -9999 -9999 -9999 -9999 -9999 -9999 0.18982560932636260986 0.18955561518669128418 0 0 0.27287474274635314941 0.27278870344161987305 0.21157732605934143066 0.18982560932636260986 0.18982560932636260986 0.18982560932636260986 0.18982560932636260986 0.18982560932636260986 0.18982560932636260986 0.18982560932636260986 0.18982560932636260986 0.18982560932636260986 0.18982560932636260986 0.18982560932636260986 0.18982560932636260986 0.18982560932636260986 0.18982560932636260986 0.18982560932636260986 0.18982560932636260986 0.18982560932636260986 0.18982560932636260986 0.19423493742942810059
-9999 -9999 -9999 -9999 -9999 -9999 -9999 -9999 -9999 -9999 -9999 -9999 -9999 -9999 -9999 -9999 0.18955561518669128418 0 0.25180855393409729004 0.21949882805347442627 0.18982560932636260986 0.18982560932636260986 0.18982560932636260986 0.18982560932636260986 0.18982560932636260986 0.18982560932636260986 0.18982560932636260986 0.18982560932636260986 0.18982560932636260986 0.18982560932636260986 0.18982560932636260986 0.18982560932636260986 0.18982560932636260986 0.18982560932636260986 0.18982560932636260986 0.18982560932636260986 0.18982560932636260986 0.18982560932636260986 0.18982560932636260986 0.18982560932636260986 0.18982560932636260986
-9999 -9999 -9999 -9999 -9999 -9999 -9999 -9999 -9999 -9999 -9999 -9999 -9999 -9999 -9999 -9999 0 0.22414058446884155273 0.18982560932636260986 0.18982560932636260986 0.18982560932636260986 0.18982560932636260986 0.18982560932636260986 0.18982560932636260986 0.18982560932636260986 0.18982560932636260986 0.18982560932636260986 0.18982560932636260986 0.18982560932636260986 0.18982560932636260986 0.18982560932636260986 0.18982560932636260986 0.18982560932636260986 0.18982560932636260986 0.18982560932636260986 0.18982560932636260986 0.18982560932636260986 0.18982560932636260986 0.18982560932636260986 0.18982560932636260986 0.18982560932636260986
-9999 -9999 -9999 -9999 -9999 -9999 -9999 -9999 -9999 -9999 -9999 -9999 -9999 -9999 -9999 0 0.23011286556720733643 0.19423493742942810059 0.22059066593647003174 0.18982560932636260986 0.18982560932636260986 0.18982560932636260986 0.18982560932636260986 0.18982560932636260986 0.18982560932636260986 0.18982560932636260986 0.18982560932636260986 0.18982560932636260986 0.18982560932636260986 0.18982560932636260986 0.18982560932636260986 0.18982560932636260986 0.18982560932636260986 0.18982560932636260986 0.18982560932636260986 0.18982560932636260986 0.18982560932636260986 0.18982560932636260986 0.18982560932636260986 0.18982560932636260986 0.18982560932636260986
-9999 -9999 -9999 -9999 -9999 -9999 -9999 -9999 -9999 -9999 -9999 -9999 -9999 -9999 0 0 0.37774816155433654785 0.3591066896915435791 0.19423493742942810059 0.19423493742942810059 0.18982560932636260986 0.18982560932636260986 0.18982560932636260986 0.18982560932636260986 0.18982560932636260986 0.18982560932636260986 0.18982560932636260986 0.19423493742942810059 0.19423493742942810059 0.18982560932636260986 0.18982560932636260986 0.18982560932636260986 0.18982560932636260986 0.18982560932636260986 0.18982560932636260986 0.18982560932636260986 0.18982560932636260986 0.18982560932636260986 0.18982560932636260986 0.18982560932636260986 0.18982560932636260986
-9999 -9999 -9999 -9999 -9999 -9999 -9999 -9999 -9999 -9999 -9999 -9999 -9999 -9999 0 0.39828723669052124023 0.19423493742942810059 0.19423493742942810059 0.19423493742942810059 0.19423493742942810059 0.19423493742942810059 0.19423493742942810059 0.18982560932636260986 0.19423493742942810059 0.19423493742942810059 0.19423493742942810059 0.19423493742942810059 0.19423493742942810059 0.19423493742942810059 0.19423493742942810059 0.19423493742942810059 0.19423493742942810059 0.19423493742942810059 0.19423493742942810059 0.19423493742942810059 0.19423493742942810059 0.19423493742942810059 0.19423493742942810059 0.19423493742942810059 0.19423493742942810059 0.19423493742942810059
-9999 -9999 -9999 -9999 -9999 -9999 -9999 -9999 -9999 -9999 -9999 -9999 -9999 0 0.4022248387336730957 0.19423493742942810059 0.19423493742942810059 0.19423493742942810059 0.19423493742942810059 0.19423493742942810059 0.19423493742942810059 0.19423493742942810059 0.19423493742942810059 0.19423493742942810059 0.19423493742942810059 0.19423493742942810059 0.19423493742942810059 0.19423493742942810059 0.19423493742942810059 0.19423493742942810059 0.19423493742942810059 0.19423493742942810059 0.19423493742942810059 0.19423493742942810059 0.19423493742942810059 0.19423493742942810059 0.19423493742942810059 0.19423493742942810059 0.19423493742942810059 0.19423493742942810059 0.19423493742942810059
-9999 -9999 -9999 -9999 -9999 -9999 -9999 -9999 -9999 -9999 -9999 -9999 0 0 0.19423493742942810059 0.19423493742942810059 0.19423493742942810059 0.19423493742942810059 0.19423493742942810059 0.19423493742942810059 0.19423493742942810059 0.19423493742942810059 0.19423493742942810059 0.19423493742942810059 0.19423493742942810059 0.19423493742942810059 0.19423493742942810059 0.19423493742942810059 0.19423493742942810059 0.19423493742942810059 0.19423493742942810059 0.19423493742942810059 0.19423493742942810059 0.19423493742942810059 0.19423493742942810059 0.19423493742942810059 0.19423493742942810059 0.19423493742942810059 0.19423493742942810059 0.19423493742942810059 0.19423493742942810059
