tests/data/reference/gistest_nucice/full/control/cinfil_m3.asc
ncols        123
nrows        77
xllcorner    -713746.799299980048
yllcorner    -1061022.369616159936
cellsize     10.000000000000
NODATA_value -9999
[rows 19 to 37 of 77, columns 42 to 83 of 123]
1.4581224918365478516 1.3526110649108886719 1.3502906560897827148 1.2468822002410888672 1.3010067939758300781 1.5031557083129882812 1.1051659584045410156 0.85706257820129394531 0.98933470249176025391 1.1691688299179077148 1.2276321649551391602 1.3427526950836181641 1.2741336822509765625 1.1583597660064697266 1.1581246852874755859 1.0773859024047851562 0.97783744335174560547 0.98088467121124267578 0.98493248224258422852 0.99013620615005493164 0.99654150009155273438 1.4211471080780029297 1.1098847389221191406 1.1081714630126953125 1.1069024801254272461 1.5016216039657592773 1.2096309661865234375 1.6024168729782104492 1.2648644447326660156 1.2825624942779541016 0.94288438558578491211 1.0949854850769042969 2.3979859352111816406 1.6851552724838256836 1.2492187023162841797 1.1376857757568359375 1.0205593109130859375 0.88114666938781738281 -9999 -9999 -9999 -9999
1.4176454544067382812 1.3605614900588989258 1.3602442741394042969 1.2917346954345703125 1.3307367563247680664 1.4940354824066162109 1.1768287420272827148 0.84931612014770507812 0.98191505670547485352 1.0830332040786743164 1.2278249263763427734 1.2739453315734863281 1.3527421951293945312 1.3132874965667724609 1.224419713020324707 1.2265840768814086914 1.1598196029663085938 1.0791368484497070312 1.0837817192077636719 1.0900006294250488281 1.0950962305068969727 1.0969632863998413086 1.4406979084014892578 1.1804894208908081055 1.1816887855529785156 1.1909596920013427734 1.5349261760711669922 1.665242314338684082 1.3201937675476074219 1.3245632648468017578 1.0755418539047241211 0.93646627664566040039 0.94707077741622924805 2.3979859352111816406 1.7642968893051147461 1.2198491096496582031 1.1173219680786132812 1.0117275714874267578 0.87914204597473144531 0.89189749956130981445 -9999 -9999
1.4029957056045532227 1.3721052408218383789 1.3728226423263549805 1.3294044733047485352 1.3564926385879516602 1.4732863903045654297 1.2357318401336669922 0.97805249691009521484 0.84199815988540649414 1.0798411369323730469 1.1621773242950439453 1.2754909992218017578 1.3105446100234985352 1.3666906356811523438 1.3488264083862304688 1.2825429439544677734 1.2867069244384765625 1.2333484888076782227 1.1668484210968017578 1.1697795391082763672 1.171105504035949707 1.1718868017196655273 1.1737227439880371094 1.4520372152328491211 1.2519040107727050781 1.2646597623825073242 1.6021670103073120117 1.7202399969100952148 1.3549727201461791992 1.3513349294662475586 1.1650940179824829102 1.0600720643997192383 0.91205263137817382812 1.0610522031784057617 2.3979859352111816406 1.8435516357421875 1.3683713674545288086 1.1231561899185180664 1.0049121379852294922 1.0091156959533691406 0.88608223199844360352 -9999
1.407146453857421875 1.3886477947235107422 1.3894056081771850586 1.3626581430435180664 1.3799531459808349609 1.4515758752822875977 1.2866348028182983398 1.0774596929550170898 0.97399854660034179688 0.84129005670547485352 1.1591348648071289062 1.2221056222915649414 1.3132151365280151367 1.3446220159530639648 1.3862704038619995117 1.3812199831008911133 1.3337904214859008789 1.3400702476501464844 1.2958241701126098633 1.2367566823959350586 1.2366999387741088867 1.2382421493530273438 1.2411732673645019531 1.2453980445861816406 1.4679350852966308594 1.3263411521911621094 1.688191533088684082 1.771227717399597168 1.3799235820770263672 1.3676512241363525391 1.2281622886657714844 1.1419130563735961914 1.0331810712814331055 1.1473207473754882812 0.90719324350357055664 2.3979859352111816406 1.9079003334045410156 1.4851006269454956055 1.1203932762145996094 1.1154088973999023438 1.0223357677459716797 0.8979861140251159668
1.4232748746871948242 1.4108618497848510742 1.4105088710784912109 1.3934673070907592773 1.4026604890823364258 1.4398505687713623047 1.3322911262512207031 1.1620991230010986328 1.0768691301345825195 0.83896851539611816406 0.96766710281372070312 1.2185804843902587891 1.2737735509872436523 1.3509573936462402344 1.377246856689453125 1.4067785739898681641 1.4092835187911987305 1.3781483173370361328 1.3841357231140136719 1.346365809440612793 1.2972521781921386719 1.2985520362854003906 1.3002178668975830078 1.3049039840698242188 1.31591033935546875 1.4903315305709838867 1.7846907377243041992 1.8175406455993652344 1.4006010293960571289 1.3777072429656982422 1.2727825641632080078 1.202658534049987793 1.1197340488433837891 1.2062777280807495117 0.88505595922470092773 1.0375599861145019531 2.3979859352111816406 1.9840848445892333984 1.6313426494598388672 1.2462987899780273438 1.1393501758575439453 1.0290551185607910156
1.4418717622756958008 1.4329700469970703125 1.4311764240264892578 1.419179081916809082 1.4219499826431274414 1.4374753236770629883 1.369061589241027832 1.2308236360549926758 0.83805143833160400391 1.1534807682037353516 0.96231645345687866211 1.0617694854736328125 1.2735036611557006836 1.3225777149200439453 1.3841995000839233398 1.4054691791534423828 1.4284465312957763672 1.4363039731979370117 1.4156268835067749023 1.4188966751098632812 1.3887866735458374023 1.3483825922012329102 1.3507928848266601562 1.3574664592742919922 1.3686121702194213867 1.3839496374130249023 1.8800911903381347656 1.8385738134384155273 1.412499547004699707 1.3846776485443115234 1.3075244426727294922 1.2519145011901855469 1.1883713006973266602 1.2530498504638671875 1.0111981630325317383 1.1310867071151733398 0.89764326810836791992 2.3979859352111816406 2.0592410564422607422 1.7429960966110229492 1.3940737247467041016 1.1380441188812255859
1.4580305814743041992 1.4517742395401000977 1.4487541913986206055 1.438946843147277832 1.4366370439529418945 1.4397126436233520508 1.3960286378860473633 1.2842794656753540039 0.96362000703811645508 0.82859945297241210938 1.2141294479370117188 1.0589935779571533203 1.1435388326644897461 1.3227605819702148438 1.3657245635986328125 1.4157906770706176758 1.4348776340484619141 1.4519170522689819336 1.4573390483856201172 1.4415906667709350586 1.4435762166976928711 1.4216394424438476562 1.3943268060684204102 1.4033570289611816406 1.4126054048538208008 1.4213668107986450195 1.9564203023910522461 1.8212944269180297852 1.4153144359588623047 1.3900923728942871094 1.3358356952667236328 1.2935889959335327148 1.2457187175750732422 1.2934769392013549805 1.1053538322448730469 1.1976103782653808594 1.0169463157653808594 2.3979859352111816406 0.89083051681518554688 2.0869669914245605469 1.8423132896423339844 1.2489621639251708984
1.4727020263671875 1.4682091474533081055 1.4631203413009643555 1.4525835514068603516 1.4454836845397949219 1.4418267011642456055 1.4142681360244750977 1.3263630867004394531 1.0581080913543701172 0.82476133108139038086 0.95525562763214111328 1.2688677310943603516 1.1430683135986328125 1.2187401056289672852 1.3708941936492919922 1.4075539112091064453 1.445200800895690918 1.4568343162536621094 1.4657413959503173828 1.4692140817642211914 1.46024322509765625 1.4644809961318969727 1.4533530473709106445 1.4369106292724609375 1.4448655843734741211 1.4513862133026123047 2.0286612510681152344 1.7611587047576904297 1.4205577373504638672 1.4004271030426025391 1.3642361164093017578 1.3339993953704833984 1.2987180948257446289 1.3317065238952636719 1.1832358837127685547 1.251275181770324707 1.1032633781433105469 2.3979859352111816406 1.0121035575866699219 2.0879480838775634766 1.9260658025741577148 1.3258779048919677734
1.4861633777618408203 1.4822664260864257812 1.4737567901611328125 1.4598648548126220703 1.4479373693466186523 1.4411031007766723633 1.4248845577239990234 1.3590127229690551758 1.1353451013565063477 0.95144420862197875977 1.0529074668884277344 0.82709878683090209961 1.3223667144775390625 1.2242875099182128906 1.2909271717071533203 1.4135338068008422852 1.4385972023010253906 1.4616668224334716797 1.4686628580093383789 1.4752203226089477539 1.4795800447463989258 1.4771102666854858398 1.4819093942642211914 1.4755731821060180664 1.4655431509017944336 1.4753249883651733398 2.1036865711212158203 1.6511347293853759766 1.4334630966186523438 1.4188504219055175781 1.3969804048538208008 1.3771986961364746094 1.3514602184295654297 1.3707921504974365234 1.2517317533493041992 1.2979148626327514648 1.1750376224517822266 2.3979859352111816406 1.1002302169799804688 2.0396850109100341797 1.9750087261199951172 1.3617798089981079102
1.4916188716888427734 1.4866070747375488281 1.4757591485977172852 1.4601465463638305664 1.446511387825012207 1.4397553205490112305 1.431467890739440918 1.3847695589065551758 1.2014249563217163086 1.0503103733062744141 1.1361215114593505859 0.96034097671508789062 1.368996739387512207 1.2917995452880859375 0.84573614597320556641 1.3480104207992553711 1.4425702095031738281 1.4576371908187866211 1.4719521999359130859 1.4770830869674682617 1.4826288223266601562 1.4879027605056762695 1.488737940788269043 1.4938132762908935547 1.4946599006652832031 1.494984745979309082 2.1777770519256591797 1.5407215356826782227 1.4431341886520385742 1.4330325126647949219 1.4208595752716064453 1.4092919826507568359 1.3917573690414428711 1.4022290706634521484 1.3082402944564819336 1.3369888067245483398 1.2355121374130249023 2.3195898532867431641 1.1729688644409179688 1.8827950954437255859 2.0201306343078613281 1.3834273815155029297
1.4859987497329711914 1.4789942502975463867 1.4681839942932128906 1.4543862342834472656 1.4432035684585571289 1.4392029047012329102 1.4363633394241333008 1.4054160118103027344 1.259547114372253418 1.1350661516189575195 1.2109359502792358398 1.0669120550155639648 1.4092592000961303711 1.3469252586364746094 0.84380489587783813477 0.97852432727813720703 1.3922294378280639648 1.4615268707275390625 1.4686748981475830078 1.4769469499588012695 1.481441497802734375 1.4879996776580810547 1.4954895973205566406 1.5025330781936645508 1.5135270357131958008 1.5203833580017089844 1.5186862945556640625 2.2421350479125976562 1.4443902969360351562 1.4370853900909423828 1.4305131435394287109 1.4253180027008056641 1.4157581329345703125 1.422856450080871582 1.3527837991714477539 1.3693056106567382812 1.2875113487243652344 2.1166708469390869141 1.2373800277709960938 1.5458544492721557617 2.0663552284240722656 1.3964605331420898438
1.8162052631378173828 1.2989001274108886719 1.2840526103973388672 1.4624679088592529297 1.4517252445220947266 1.44781494140625 1.4455057382583618164 1.4256844520568847656 1.3151277303695678711 1.2146431207656860352 1.2825812101364135742 1.1609358787536621094 1.4447214603424072266 1.392864227294921875 0.97713929414749145508 0.84311997890472412109 1.0792005062103271484 1.4219837188720703125 1.4714201688766479492 1.4768412113189697266 1.4840716123580932617 1.4914678335189819336 1.5014913082122802734 1.5135042667388916016 1.5233227014541625977 1.5288158655166625977 1.525727391242980957 1.5143042802810668945 2.0264337062835693359 1.4349570274353027344 1.4338301420211791992 1.4347512722015380859 1.4320321083068847656 1.4373028278350830078 1.3871846199035644531 1.3950449228286743164 1.3321983814239501953 1.9607902765274047852 1.2921652793884277344 1.4144999980926513672 2.1058828830718994141 1.4005082845687866211
1.9059362411499023438 1.9059362411499023438 1.9059362411499023438 1.3554623126983642578 1.3806585073471069336 1.4716885089874267578 1.4627648591995239258 1.4496104717254638672 1.3725703954696655273 1.2952122688293457031 1.3554646968841552734 1.2486680746078491211 1.4762389659881591797 1.4309161901473999023 1.0802816152572631836 0.97484225034713745117 0.83851152658462524414 1.1564540863037109375 1.4464066028594970703 1.485854029655456543 1.4937608242034912109 1.5042301416397094727 1.5147036314010620117 1.5237778425216674805 1.5272811651229858398 1.5244429111480712891 1.51810455322265625 1.5068606138229370117 1.8867677450180053711 1.4289479255676269531 1.4341264963150024414 1.4410997629165649414 1.4437097311019897461 1.4473129510879516602 1.412453770637512207 1.4151549339294433594 1.3709721565246582031 1.8018070459365844727 1.3383204936981201172 1.4027743339538574219 2.1365239620208740234 1.3988795280456542969
1.3431040048599243164 1.4610278606414794922 1.5734920501708984375 1.9059362411499023438 1.9059362411499023438 1.9059362411499023438 1.3162304162979125977 1.39212799072265625 1.4475501775741577148 1.387322545051574707 1.4349663257598876953 1.3357863426208496094 1.5097249746322631836 1.4687354564666748047 0.85185754299163818359 1.1680691242218017578 1.0783094167709350586 0.97481614351272583008 1.2338820695877075195 1.4732660055160522461 1.5021126270294189453 1.5109951496124267578 1.5189989805221557617 1.5232768058776855469 1.5226955413818359375 1.5170385837554931641 1.5083801746368408203 1.4977658987045288086 1.8735430240631103516 1.4287551641464233398 1.4382195472717285156 1.4478551149368286133 1.4520230293273925781 1.4532712697982788086 1.4300261735916137695 1.431130528450012207 1.4043520689010620117 1.6139541864395141602 1.3804076910018920898 1.4134076833724975586 2.1631233692169189453 1.7004908323287963867
1.1263880729675292969 1.1249086856842041016 1.1559618711471557617 1.2808271646499633789 1.3859820365905761719 1.4866914749145507812 1.9059362411499023438 1.9059362411499023438 1.9059362411499023438 1.3822046518325805664 1.4927805662155151367 1.5095834732055664062 1.4135999679565429688 1.5416342020034790039 1.5033409595489501953 0.99760377407073974609 1.2485624551773071289 1.1725996732711791992 1.0871964693069458008 1.3000102043151855469 1.4870847463607788086 1.5040149688720703125 1.5075490474700927734 1.5102142095565795898 1.5106596946716308594 1.5074870586395263672 1.5014132261276245117 1.4937369823455810547 1.4865766763687133789 1.8724780082702636719 1.4512552022933959961 1.4583860635757446289 1.4590482711791992188 1.4563745260238647461 1.4415102005004882812 1.4441655874252319336 1.4331480264663696289 1.4550950527191162109 1.4209489822387695312 1.436761021614074707 2.1906368732452392578 1.4836814403533935547
1.2198824882507324219 1.0721647739410400391 1.07176971435546875 1.0207170248031616211 1.0455062389373779297 1.0485807657241821289 1.0625952482223510742 1.2258503437042236328 1.3857100009918212891 1.9059362411499023438 1.9059362411499023438 1.9059362411499023438 1.3675864934921264648 1.2941789627075195312 1.5581456422805786133 1.5211273431777954102 1.1017316579818725586 1.3105679750442504883 1.2435985803604125977 1.168140411376953125 1.3452768325805664062 1.4854198694229125977 1.4927729368209838867 1.4939970970153808594 1.495388031005859375 1.4955934286117553711 1.494362950325012207 1.4919923543930053711 1.4900337457656860352 1.590605616569519043 1.471972346305847168 1.4757778644561767578 1.4711184501647949219 1.4640517234802246094 1.4548360109329223633 1.4607970714569091797 1.4625290632247924805 1.4790526628494262695 1.4576822519302368164 1.46312713623046875 2.21471405029296875 1.2460809946060180664
1.1585755348205566406 1.1584128141403198242 1.0766168832778930664 0.95987105369567871094 0.95650082826614379883 0.95349550247192382812 0.97926461696624755859 0.99817305803298950195 1.3045051097869873047 1.4004050493240356445 1.5047872066497802734 1.5862402915954589844 1.9059362411499023438 1.4195655584335327148 1.3517816066741943359 1.3455430269241333008 1.3153661489486694336 1.0440176725387573242 1.179900050163269043 1.1332706212997436523 1.0806963443756103516 1.1947764158248901367 1.2731209993362426758 1.2756383419036865234 1.2772264480590820312 1.2812372446060180664 1.2873684167861938477 1.2940713167190551758 1.3017593622207641602 1.3104189634323120117 1.7222234010696411133 1.3145326375961303711 1.3041851520538330078 1.2926925420761108398 1.4763329029083251953 1.486555933952331543 1.4970163106918334961 1.5084643363952636719 1.4908046722412109375 1.4879343509674072266 2.2350046634674072266 1.2481849193572998047
1.0857740640640258789 0.98411393165588378906 0.98217660188674926758 0.9776528477668762207 0.9731890559196472168 0.87549310922622680664 0.87816309928894042969 1.2279664278030395508 1.0080158710479736328 1.023966670036315918 0.81247907876968383789 0.94140124320983886719 1.0451270341873168945 1.9059362411499023438 1.9059362411499023438 1.9059362411499023438 1.9059362411499023438 1.350319981575012207 1.1283336877822875977 1.2484434843063354492 1.2102575302124023438 1.1647354364395141602 1.2626289129257202148 1.322808384895324707 1.4160392284393310547 1.3328678607940673828 1.341410517692565918 1.349872589111328125 1.3599239587783813477 1.3711516857147216797 0.82586115598678588867 1.9059362411499023438 1.4576973915100097656 1.3492734432220458984 1.3112714290618896484 1.3264186382293701172 1.5298721790313720703 1.5339329242706298828 1.5151085853576660156 1.5053497552871704102 2.2521150112152099609 0.37222230434417724609
0.85421788692474365234 0.85561376810073852539 0.85398072004318237305 0.84962248802185058594 0.84622299671173095703 0.84354358911514282227 1.3808474540710449219 0.8989760279655456543 0.90461289882659912109 0.9076588749885559082 1.0147567987442016602 1.0932297706604003906 1.1675162315368652344 1.2503083944320678711 1.3144854307174682617 1.3511991500854492188 1.3834216594696044922 1.9059362411499023438 1.9059362411499023438 1.9059362411499023438 1.9059362411499023438 1.9059362411499023438 1.9059362411499023438 1.9059362411499023438 1.9059362411499023438 1.9059362411499023438 1.9059362411499023438 1.4271422624588012695 1.4216461181640625 1.4197776317596435547 1.4162293672561645508 0.94678890705108642578 1.9059362411499023438 1.3930274248123168945 1.3756871223449707031 1.3979662656784057617 1.3640097379684448242 1.5496914386749267578 1.5265365839004516602 1.5113505125045776367 2.0201480388641357422 0.37222230434417724609
