tests/data/reference/gistest_nucice/full/control/cinfil_m3.asc
ncols        123
nrows        77
xllcorner    -713746.799299980048
yllcorner    -1061022.369616159936
cellsize     10.000000000000
NODATA_value  -9999
[rows 36 to 53 of 77, columns 41 to 81 of 123]
0.76828998327255249023 0.77146184444427490234 0.75732851028442382812 0.75649034976959228516 0.75541692972183227539 0.75484794378280639648 0.70366001129150390625 0.70518118143081665039 0.73126798868179321289 0.75630551576614379883 0.76104605197906494141 0.67799943685531616211 0.73884385824203491211 0.76924753189086914062 0.91294527053833007812 0.91903126239776611328 0.91551285982131958008 0.91320329904556274414 0.75992828607559204102 0.76156896352767944336 0.76311844587326049805 0.76379173994064331055 0.76365131139755249023 0.76445555686950683594 0.76619499921798706055 0.83754974603652954102 0.77051424980163574219 0.77269566059112548828 0.77394467592239379883 0.77483034133911132812 0.77529108524322509766 0.6825268864631652832 0.85200977325439453125 0.8377806544303894043 0.77054393291473388672 0.74294722080230712891 0.74558621644973754883 0.79031091928482055664 0.78862148523330688477 0.78675073385238647461 0.78539252281188964844
0.75467532873153686523 0.70809257030487060547 0.70847266912460327148 0.70802778005599975586 0.70682930946350097656 0.705883026123046875 0.70513004064559936523 0.78176760673522949219 0.71189969778060913086 0.7129077911376953125 0.71402788162231445312 0.75646263360977172852 0.7716776728630065918 0.78154605627059936523 0.79316884279251098633 0.79044508934020996094 0.77885675430297851562 0.77837431430816650391 0.93962055444717407227 0.9594853520393371582 0.9715563654899597168 0.97670644521713256836 0.97760623693466186523 0.98098146915435791016 0.98745191097259521484 0.99215745925903320312 1.0307952165603637695 1.0212591886520385742 0.80570942163467407227 0.79834026098251342773 0.79146564006805419922 0.78336060047149658203 0.7382513880729675293 0.90856719017028808594 0.78137147426605224609 0.77358430624008178711 0.77672696113586425781 0.74696934223175048828 0.78635746240615844727 0.7844174504280090332 0.78308856487274169922
0.71235287189483642578 0.75866693258285522461 0.77795797586441040039 0.78249222040176391602 0.78223413228988647461 0.7823390960693359375 0.78287208080291748047 0.70785975456237792969 0.70988041162490844727 0.70993506908416748047 0.66950064897537231445 0.73157006502151489258 0.76187163591384887695 0.77945178747177124023 0.86920559406280517578 0.89378631114959716797 0.89068645238876342773 0.89025300741195678711 0.89852249622344970703 0.90677720308303833008 0.91192728281021118164 0.91331011056900024414 0.91179215908050537109 0.92911541461944580078 0.9482930302619934082 0.95965200662612915039 0.96300834417343139648 0.89817124605178833008 1.00091552734375 0.96227306127548217773 0.79926663637161254883 0.7927353978157043457 0.78422820568084716797 0.92969602346420288086 0.79087334871292114258 0.78860867023468017578 0.78794139623641967773 0.77378571033477783203 0.74210500717163085938 0.78309512138366699219 0.5159168243408203125
0.71291458606719970703 0.75933724641799926758 0.77882909774780273438 0.78344267606735229492 0.78308343887329101562 0.78236609697341918945 0.78212773799896240234 0.78379189968109130859 0.78632628917694091797 0.78500914573669433594 0.78161567449569702148 0.78109908103942871094 0.8798065185546875 0.88457047939300537109 0.78287655115127563477 0.78305518627166748047 0.78156524896621704102 0.78257429599761962891 0.78494739532470703125 0.7868607640266418457 0.78866946697235107422 0.79045772552490234375 0.73757785558700561523 0.7402064204216003418 0.74339532852172851562 0.74693447351455688477 0.75018858909606933594 0.85533171892166137695 0.91449451446533203125 0.88766038417816162109 0.96798717975616455078 0.9447014927864074707 0.92011672258377075195 0.92579787969589233398 0.96693605184555053711 0.79483759403228759766 0.78844487667083740234 0.78150069713592529297 0.76648873090744018555 0.46501001715660095215 0
0.75688207149505615234 0.77564603090286254883 0.78427404165267944336 0.78564023971557617188 0.7844066619873046875 0.78246337175369262695 0.78074979782104492188 0.78182756900787353516 0.78401476144790649414 0.78488022089004516602 0.78467619419097900391 0.88038057088851928711 0.77907270193099975586 0.77908265590667724609 0.77940332889556884766 0.77759945392608642578 0.77522236108779907227 0.77536159753799438477 0.77688544988632202148 0.77820646762847900391 0.77981340885162353516 0.78189420700073242188 0.78404700756072998047 0.78601044416427612305 0.78805100917816162109 0.79043304920196533203 0.73887217044830322266 0.74233216047286987305 0.74625915288925170898 0.83084738254547119141 0.90766108036041259766 0.94092410802841186523 0.6529324650764465332 0.68556350469589233398 0.93545579910278320312 0.98402357101440429688 0.79643929004669189453 0.78710448741912841797 0.68148845434188842773 0 0.92443853616714477539
0.77557361125946044922 0.78201472759246826172 0.7862606048583984375 0.78593403100967407227 0.78374123573303222656 0.78220975399017333984 0.78125846385955810547 0.78190267086029052734 0.7828820347785949707 0.87404048442840576172 0.8790715336799621582 0.78014731407165527344 0.77926546335220336914 0.77927678823471069336 0.77950847148895263672 0.77798944711685180664 0.77534747123718261719 0.77458196878433227539 0.77491205930709838867 0.77483135461807250977 0.77537840604782104492 0.77728408575057983398 0.77950620651245117188 0.78104794025421142578 0.78234696388244628906 0.78411245346069335938 0.78598260879516601562 0.78760254383087158203 0.78961509466171264648 0.73911875486373901367 0.74776661396026611328 0.75089609622955322266 0.61040437221527099609 0.52868849039077758789 0.56059169769287109375 0.87232685089111328125 0.88868564367294311523 0.78388482332229614258 0.50508737564086914062 1.2047710418701171875 1.0131323337554931641
0.86790412664413452148 0.82270407676696777344 0.79388928413391113281 0.78554517030715942383 0.78193867206573486328 0.78216207027435302734 0.78376549482345581055 0.78413528203964233398 0.87044626474380493164 0.7784525752067565918 0.77963232994079589844 0.77948206663131713867 0.77855736017227172852 0.77847337722778320312 0.77899694442749023438 0.77833205461502075195 0.77630639076232910156 0.7753073573112487793 0.77487319707870483398 0.77348554134368896484 0.77262610197067260742 0.77391028404235839844 0.77599114179611206055 0.77724355459213256836 0.77806937694549560547 0.77932393550872802734 0.7807223200798034668 0.78163093328475952148 0.78285831212997436523 0.78595936298370361328 0.79067552089691162109 0.73888194561004638672 0.7393741607666015625 0.77523052692413330078 0.54256272315979003906 0.55184131860733032227 0.49094527959823608398 0.4942111968994140625 0 1.0159348249435424805 1.0641224384307861328
0.78435045480728149414 0.78492176532745361328 0.78458780050277709961 0.78330266475677490234 0.78183645009994506836 0.78349202871322631836 0.78607803583145141602 0.87718915939331054688 0.78208315372467041016 0.77942806482315063477 0.77865898609161376953 0.77897000312805175781 0.77878850698471069336 0.77866011857986450195 0.77931880950927734375 0.77973645925521850586 0.77898043394088745117 0.77850443124771118164 0.77817738056182861328 0.77611750364303588867 0.77364706993103027344 0.77326762676239013672 0.77416718006134033203 0.77487367391586303711 0.77530372142791748047 0.77597254514694213867 0.77669876813888549805 0.77668035030364990234 0.77679938077926635742 0.77866351604461669922 0.7816537022590637207 0.78415530920028686523 0.72772288322448730469 0.73346817493438720703 0.77356797456741333008 0.77701300382614135742 0.62589013576507568359 0.38540637493133544922 0.38539555668830871582 1.2086832523345947266 0.86890566349029541016
0.88016670942306518555 0.88126873970031738281 0.8228657841682434082 0.79062050580978393555 0.78498321771621704102 0.88612645864486694336 0.88474816083908081055 0.78932237625122070312 0.78679579496383666992 0.78202152252197265625 0.77873808145523071289 0.77867215871810913086 0.77891337871551513672 0.77828419208526611328 0.77848839759826660156 0.77977770566940307617 0.78041869401931762695 0.78056597709655761719 0.78068959712982177734 0.77910655736923217773 0.77616840600967407227 0.77433890104293823242 0.77388411760330200195 0.77413535118103027344 0.77436113357543945312 0.77444207668304443359 0.77443653345108032227 0.77343517541885375977 0.77271425724029541016 0.77415996789932250977 0.77640533447265625 0.77789932489395141602 0.77935582399368286133 0.72544378042221069336 0.73467916250228881836 0.76773035526275634766 0.53169023990631103516 0 0.56279993057250976562 0.38539555668830871582 0.70131087303161621094
0.78759145736694335938 0.78805458545684814453 0.84738636016845703125 0.87516838312149047852 0.88665258884429931641 0.79002267122268676758 0.79036271572113037109 0.79110580682754516602 0.79116684198379516602 0.78785282373428344727 0.78338867425918579102 0.78183484077453613281 0.78086340427398681641 0.77805382013320922852 0.77631485462188720703 0.77770125865936279297 0.77945703268051147461 0.77942174673080444336 0.77999138832092285156 0.78031849861145019531 0.77914583683013916016 0.77753984928131103516 0.77610033750534057617 0.77632051706314086914 0.77653229236602783203 0.77597415447235107422 0.77460294961929321289 0.77259647846221923828 0.7716452479362487793 0.77247565984725952148 0.77493053674697875977 0.77536761760711669922 0.77529495954513549805 0.77918988466262817383 0.7299143671989440918 0.73330199718475341797 0.48421525955200195312 0 0.90239644050598144531 0.98925787210464477539 0.80366307497024536133
0.78377538919448852539 0.78509604930877685547 0.78567892313003540039 0.78694421052932739258 0.78873264789581298828 0.78916645050048828125 0.78915727138519287109 0.79017388820648193359 0.79197490215301513672 0.79138451814651489258 0.78804093599319458008 0.78620588779449462891 0.78478121757507324219 0.78002935647964477539 0.77598267793655395508 0.77705633640289306641 0.77619153261184692383 0.77607423067092895508 0.77595990896224975586 0.77711683511734008789 0.78137898445129394531 0.7795581817626953125 0.77840137481689453125 0.77883458137512207031 0.77893888950347900391 0.77436262369155883789 0.77325916290283203125 0.77472388744354248047 0.76759386062622070312 0.76868921518325805664 0.77073389291763305664 0.76997518539428710938 0.76855713129043579102 0.77105885744094848633 0.77667081356048583984 0.78623294830322265625 0.38539555668830871582 0.38539555668830871582 0.66637605428695678711 0.73528236150741577148 0.76784336566925048828
0.78122508525848388672 0.78203642368316650391 0.78283154964447021484 0.78431588411331176758 0.78653937578201293945 0.78802210092544555664 0.78845345973968505859 0.78864753246307373047 0.78992128372192382812 0.7910715937614440918 0.79028075933456420898 0.78985863924026489258 0.78979009389877319336 0.78508573770523071289 0.7793102264404296875 0.76293045282363891602 0.76419073343276977539 0.76349198818206787109 0.76226633787155151367 0.77951437234878540039 0.77729117870330810547 0.78084492683410644531 0.77936190366744995117 0.77680224180221557617 0.76207596063613891602 0.76180768013000488281 0.78183805942535400391 0.75902634859085083008 0.75510126352310180664 0.75444293022155761719 0.75482839345932006836 0.752948760986328125 0.75046062469482421875 0.75049877166748046875 0.77814382314682006836 0.701385498046875 0.49576961994171142578 0.38539555668830871582 0.66569411754608154297 0.73253160715103149414 0.76290059089660644531
0.78013825416564941406 0.78020077943801879883 0.7804444432258605957 0.78152817487716674805 0.78355300426483154297 0.78581446409225463867 0.78744626045227050781 0.78755831718444824219 0.78786665201187133789 0.78959637880325317383 0.7907130122184753418 0.79134541749954223633 0.7924162745475769043 0.78920274972915649414 0.72112309932708740234 0.71967560052871704102 0.71990835666656494141 0.71959596872329711914 0.78087955713272094727 0.76297843456268310547 0.78501534461975097656 0.7801735997200012207 0.76167988777160644531 0.71396178007125854492 0.71481525897979736328 0.78377389907836914062 0.71573048830032348633 0.71419310569763183594 0.71072912216186523438 0.70879626274108886719 0.70831251144409179688 0.70664870738983154297 0.70382738113403320312 0.77432483434677124023 0.75037276744842529297 0.77393966913223266602 0.53453975915908813477 0.43388473987579345703 0.95386308431625366211 1.0055419206619262695 0.98835217952728271484
0.78064554929733276367 0.78005099296569824219 0.7793986201286315918 0.77959781885147094727 0.78074729442596435547 0.78294938802719116211 0.78549230098724365234 0.78628933429718017578 0.78619295358657836914 0.78784996271133422852 0.78990697860717773438 0.79082071781158447266 0.79217618703842163086 0.72325897216796875 0.76636338233947753906 0.77944761514663696289 0.78333222866058349609 0.78398841619491577148 0.72086793184280395508 0.81286227703094482422 0.7807140350341796875 0.71690028905868530273 0.71508443355560302734 0.76293867826461791992 0.7803122401237487793 0.71568948030471801758 0.76400405168533325195 0.77829140424728393555 0.77972579002380371094 0.78102785348892211914 0.78301358222961425781 0.78263211250305175781 0.78114438056945800781 0.70473641157150268555 0.70059812068939208984 0.81761306524276733398 0.63805395364761352539 1.0038775205612182617 1.0331733226776123047 0.94606781005859375 0.9319928288459777832
0.78184401988983154297 0.78090804815292358398 0.77955615520477294922 0.77888727188110351562 0.7790305018424987793 0.78067624568939208984 0.78332144021987915039 0.78465074300765991211 0.78382468223571777344 0.78532737493515014648 0.78764230012893676758 0.78853166103363037109 0.79042249917984008789 0.78826904296875 0.78564530611038208008 0.78433614969253540039 0.78395277261734008789 0.78432762622833251953 0.8706830143928527832 0.78413629531860351562 0.71878582239151000977 0.763820648193359375 0.77799248695373535156 0.78207165002822875977 0.78400588035583496094 0.78397631645202636719 0.78328609466552734375 0.78199505805969238281 0.78050881624221801758 0.78143918514251708984 0.7832660675048828125 0.7838656306266784668 0.78387302160263061523 0.78104269504547119141 0.77736335992813110352 0.774364471435546875 0 0.96346133947372436523 0.70034503936767578125 0.70022916793823242188 0.74389779567718505859
0.78374624252319335938 0.78322494029998779297 0.78176075220108032227 0.78027796745300292969 0.77917188405990600586 0.77962374687194824219 0.78145074844360351562 0.77824234962463378906 0.77843421697616577148 0.77927476167678833008 0.78111112117767333984 0.78781199455261230469 0.78724753856658935547 0.84885871410369873047 0.85642224550247192383 0.87057554721832275391 0.87170225381851196289 0.87063682079315185547 0.78634679317474365234 0.78490108251571655273 0.78098791837692260742 0.78145039081573486328 0.78324753046035766602 0.78360986709594726562 0.78364229202270507812 0.78313434123992919922 0.78240257501602172852 0.83814334869384765625 0.80755454301834106445 0.78705465793609619141 0.7834930419921875 0.78502112627029418945 0.78759199380874633789 0.78463345766067504883 0.7793598175048828125 0.77512609958648681641 0 0.70128905773162841797 0.75211387872695922852 0.77279549837112426758 0.71971279382705688477
0.78438460826873779297 0.78485751152038574219 0.78403961658477783203 0.78239589929580688477 0.78067225217819213867 0.78021633625030517578 0.75948166847229003906 0.76032179594039916992 0.76076799631118774414 0.76118117570877075195 0.79352915287017822266 0.78481709957122802734 0.78506571054458618164 0.71597230434417724609 0.79056829214096069336 0.79546529054641723633 0.78459340333938598633 0.78424525260925292969 0.78556787967681884766 0.7843392491340637207 0.78030300140380859375 0.78183597326278686523 0.78543519973754882812 0.78546380996704101562 0.7841281890869140625 0.78314167261123657227 0.78237414360046386719 0.71322715282440185547 0.7582111358642578125 0.7745526432991027832 0.78007477521896362305 0.78512853384017944336 0.79135245084762573242 0.7880153656005859375 0.78061515092849731445 0.7069530487060546875 0 0.98888128995895385742 1.0386981964111328125 1.0573689937591552734 0.9825077056884765625
0.78293830156326293945 0.78429323434829711914 0.7848269343376159668 0.78415304422378540039 0.78299570083618164062 0.71252304315567016602 0.71137243509292602539 0.71119821071624755859 0.71190208196640014648 0.82954436540603637695 0.78445595502853393555 0.78448098897933959961 0.78436952829360961914 0.7863629460334777832 0.82401055097579956055 0.78973305225372314453 0.78517401218414306641 0.78437370061874389648 0.78506010770797729492 0.78337526321411132812 0.83706098794937133789 0.80893176794052124023 0.79227578639984130859 0.78790062665939331055 0.78604423999786376953 0.78430128097534179688 0.78274863958358764648 0.78025621175765991211 0.77773749828338623047 0.77806317806243896484 0.77932649850845336914 0.78483557701110839844 0.79293763637542724609 0.85034734010696411133 0.84743976593017578125 0.80834525823593139648 0 1.0061546564102172852 1.0445208549499511719 1.0608880519866943359 0.98697531223297119141
