tests/data/reference/gistest_nucice/full/control/cinfil_m3.asc
ncols        123
nrows        77
xllcorner    -713746.799299980048
yllcorner    -1061022.369616159936
cellsize     10.000000000000
NODATA_value  -9999
[rows 19 to 37 of 77, columns 0 to 41 of 123]
-9999 -9999 -9999 -9999 -9999 -9999 -9999 -9999 -9999 -9999 -9999 -9999 -9999 -9999 -9999 -9999 0.92436498403549194336 1.0648621320724487305 1.3294019699096679688 1.4434058666229248047 1.8102740049362182617 1.0820691585540771484 0.91662204265594482422 0.89047646522521972656 0 2.2744512557983398438 1.8601137399673461914 1.9279236793518066406 0.90392255783081054688 2.0729954242706298828 1.2159936428070068359 0.86837285757064819336 1.3282418251037597656 1.3783621788024902344 1.1084998846054077148 1.6242885589599609375 1.8457155227661132812 1.43140411376953125 1.4789158105850219727 1.3970376253128051758 1.3617475032806396484 1.322083592414855957
-9999 -9999 -9999 -9999 -9999 -9999 -9999 -9999 -9999 -9999 -9999 -9999 -9999 -9999 -9999 0.90236115455627441406 1.0237478017807006836 1.105425715446472168 1.2761504650115966797 1.9308477640151977539 1.2328640222549438477 0.9524199366569519043 1.0633032321929931641 0 0 2.1168756484985351562 1.8955608606338500977 1.9246236085891723633 1.0482616424560546875 2.1091415882110595703 1.2757172584533691406 0.86717188358306884766 1.4221946001052856445 1.3942908048629760742 1.1941699981689453125 1.5117727518081665039 1.9022475481033325195 1.422504425048828125 1.4383100271224975586 1.3942416906356811523 1.3771806955337524414 1.3507901430130004883
-9999 -9999 -9999 -9999 -9999 -9999 -9999 -9999 -9999 -9999 -9999 -9999 -9999 -9999 -9999 1.0775587558746337891 1.1836025714874267578 1.2730896472930908203 1.8328981399536132812 1.2802354097366333008 0.94340264797210693359 0.91769742965698242188 1.2333989143371582031 0 1.4062917232513427734 2.085742950439453125 1.9490494728088378906 1.9445555210113525391 1.1517635583877563477 2.1468901634216308594 0.87315595149993896484 1.3211596012115478516 1.5045399665832519531 1.4140803813934326172 1.2648333311080932617 1.4615262746810913086 1.9598268270492553711 1.4315652847290039062 1.4310076236724853516 1.4063357114791870117 1.3960267305374145508 1.3765847682952880859
-9999 -9999 -9999 -9999 -9999 -9999 -9999 -9999 -9999 -9999 -9999 -9999 -9999 -9999 -9999 1.2315998077392578125 1.3341569900512695312 1.4667571783065795898 1.9059362411499023438 0.96613740921020507812 0.95766294002532958984 0.92002028226852416992 0 1.608431696891784668 1.3405746221542358398 2.0449361801147460938 1.9909485578536987305 1.9729461669921875 1.2306777238845825195 2.1865489482879638672 0.87352740764617919922 1.009217381477355957 1.3593186140060424805 1.6258022785186767578 1.3241016864776611328 1.4553581476211547852 2.0085618495941162109 0.86485940217971801758 1.5527760982513427734 1.4218249320983886719 1.4156056642532348633 1.4010890722274780273
-9999 -9999 -9999 -9999 -9999 -9999 -9999 -9999 -9999 -9999 -9999 -9999 -9999 -9999 1.0244481563568115234 1.4044530391693115234 1.6829346418380737305 1.9059362411499023438 0.99472630023956298828 1.1913176774978637695 0.93023145198822021484 0 0.99136203527450561523 1.5135233402252197266 1.4672968387603759766 1.6644555330276489258 1.713794708251953125 1.7011731863021850586 1.2935488224029541016 2.2271165847778320312 0.87472158670425415039 1.009312748908996582 1.1116636991500854492 1.3914284706115722656 1.7230647802352905273 1.4619010686874389648 2.0416185855865478516 0.85809081792831420898 1.6117036342620849609 1.4360642433166503906 1.4345861673355102539 1.4253252744674682617
-9999 -9999 -9999 -9999 -9999 -9999 -9999 -9999 -9999 -9999 -9999 -9999 -9999 -9999 1.3752303123474121094 1.9059362411499023438 1.9059362411499023438 1.0867567062377929688 1.0032794475555419922 0.92329460382461547852 0 0 0.85164487361907958984 0.95127344131469726562 1.5345464944839477539 1.69519805908203125 1.7655844688415527344 1.7600921392440795898 1.1921509504318237305 0.81938350200653076172 2.2552506923675537109 1.0103968381881713867 1.1139795780181884766 1.2006444931030273438 1.818560481071472168 1.4727815389633178711 2.0593593120574951172 0.85549372434616088867 1.6617146730422973633 1.4498676061630249023 1.4514082670211791992 1.4460026025772094727
-9999 -9999 -9999 -9999 -9999 -9999 -9999 -9999 -9999 -9999 -9999 -9999 -9999 -9999 1.9059362411499023438 1.2384610176086425781 0.96925580501556396484 0.97017943859100341797 0.97626739740371704102 0.90603542327880859375 0 1.151241302490234375 1.284633636474609375 0.99530375003814697266 1.02074432373046875 1.5571949481964111328 1.8637397289276123047 1.8047854900360107422 1.2543265819549560547 0.81457567214965820312 0.94936025142669677734 1.8933526277542114258 1.0130050182342529297 1.2095141410827636719 1.2824254035949707031 1.9113105535507202148 0.86437040567398071289 2.0426883697509765625 0.99239069223403930664 1.7362086772918701172 1.4648545980453491211 1.4615111351013183594
-9999 -9999 -9999 -9999 -9999 -9999 -9999 -9999 -9999 -9999 -9999 -9999 0.93275177478790283203 0.99498605728149414062 1.6551167964935302734 1.1372002363204956055 0.96513068675994873047 1.1344573497772216797 0.92985951900482177734 0 1.4951386451721191406 1.430652618408203125 1.2385601997375488281 1.3409916162490844727 1.1009685993194580078 1.1095106601715087891 1.9059362411499023438 1.8566153049468994141 1.3167064189910888672 0.95816981792449951172 0.81948924064636230469 1.0564200878143310547 1.9059362411499023438 1.1286892890930175781 1.1566748619079589844 1.3414558172225952148 1.983912348747253418 0.99661839008331298828 1.9602863788604736328 1.0982021093368530273 1.8140799999237060547 1.4739170074462890625
-9999 -9999 -9999 -9999 -9999 -9999 -9999 -9999 -9999 -9999 -9999 -9999 -9999 0.94029867649078369141 1.1508619785308837891 1.133327484130859375 1.0788894891738891602 0.9472510218620300293 0 1.5844492912292480469 1.4258854389190673828 1.4189245700836181641 1.5885168313980102539 1.6958994865417480469 1.7976464033126831055 1.8855210542678833008 1.9059362411499023438 1.9059362411499023438 1.9059362411499023438 1.3779479265213012695 1.0725194215774536133 0.96409934759140014648 1.1597163677215576172 1.9059362411499023438 1.2213940620422363281 1.2282941341400146484 1.2110353708267211914 1.7225968837738037109 1.0995336771011352539 1.7296675443649291992 1.8863184452056884766 1.4845048189163208008
-9999 -9999 -9999 -9999 -9999 -9999 -9999 -9999 -9999 -9999 -9999 -9999 -9999 -9999 -9999 1.0209525823593139648 0.99810522794723510742 0 0 1.2539142370223999023 1.3572853803634643555 1.4802920818328857422 1.5814355611801147461 1.6600069999694824219 1.7172178030014038086 1.7506210803985595703 1.7656666040420532227 1.9059362411499023438 1.9059362411499023438 1.9059362411499023438 1.4315701723098754883 1.1826175451278686523 1.0992054939270019531 1.2624932527542114258 1.8216048479080200195 1.2764365673065185547 1.2829568386077880859 1.2786815166473388672 1.8117717504501342773 1.0633815526962280273 1.9644690752029418945 1.4907386302947998047
-9999 -9999 -9999 -9999 -9999 -9999 -9999 -9999 -9999 -9999 -9999 -9999 -9999 -9999 -9999 -9999 0.95352077484130859375 0 1.1824203729629516602 1.2860934734344482422 1.3978277444839477539 1.4919480085372924805 1.5549660921096801758 1.582579493522644043 1.5772604942321777344 1.5398833751678466797 1.494437098503112793 1.4737328290939331055 1.4711664915084838867 1.9059362411499023438 1.9059362411499023438 1.9059362411499023438 1.2890622615814208984 1.2116560935974121094 1.3361978530883789062 1.5616613626480102539 1.5377420186996459961 1.6118147373199462891 1.3437029123306274414 1.8897442817687988281 1.1480176448822021484 1.6376324892044067383
-9999 -9999 -9999 -9999 -9999 -9999 -9999 -9999 -9999 -9999 -9999 -9999 -9999 -9999 -9999 -9999 0 1.5225505828857421875 1.3606321811676025391 1.352353215217590332 1.3734718561172485352 1.9059362411499023438 1.9059362411499023438 1.9059362411499023438 1.9059362411499023438 1.9059362411499023438 1.9059362411499023438 1.9059362411499023438 1.9059362411499023438 1.9059362411499023438 1.9059362411499023438 1.9059362411499023438 1.9059362411499023438 1.9059362411499023438 1.9059362411499023438 1.9059362411499023438 1.9059362411499023438 1.9059362411499023438 1.9059362411499023438 1.9059362411499023438 1.9059362411499023438 1.9059362411499023438
-9999 -9999 -9999 -9999 -9999 -9999 -9999 -9999 -9999 -9999 -9999 -9999 -9999 -9999 -9999 0 1.555896759033203125 1.4038946628570556641 2.2857773303985595703 1.9059362411499023438 1.9059362411499023438 1.3771693706512451172 1.520397186279296875 1.6279494762420654297 1.7096745967864990234 1.8010982275009155273 1.8816679716110229492 1.9059362411499023438 1.9059362411499023438 1.9059362411499023438 1.9059362411499023438 1.9059362411499023438 1.9059362411499023438 1.9059362411499023438 1.9059362411499023438 1.9059362411499023438 1.9059362411499023438 1.9059362411499023438 1.9059362411499023438 1.9059362411499023438 1.9059362411499023438 1.9059362411499023438
-9999 -9999 -9999 -9999 -9999 -9999 -9999 -9999 -9999 -9999 -9999 -9999 -9999 -9999 0 0 2.2053623199462890625 2.2165729999542236328 1.4750276803970336914 1.8247410058975219727 1.3072667121887207031 1.3096671104431152344 1.3090276718139648438 1.3544248342514038086 1.4620760679244995117 1.2954908609390258789 1.2909038066864013672 1.436436772346496582 1.4331673383712768555 1.2685294151306152344 1.3231160640716552734 1.6198811531066894531 1.7507548332214355469 1.8767410516738891602 1.9059362411499023438 1.9059362411499023438 1.0696946382522583008 1.110912322998046875 1.2486073970794677734 1.2135891914367675781 1.1797757148742675781 1.1770219802856445312
-9999 -9999 -9999 -9999 -9999 -9999 -9999 -9999 -9999 -9999 -9999 -9999 -9999 -9999 0 2.3722662925720214844 1.6331282854080200195 1.4461132287979125977 2.2195599079132080078 1.4108011722564697266 1.4393736124038696289 1.4563957452774047852 1.3054668903350830078 1.4526014328002929688 1.4426380395889282227 1.4529206752777099609 1.4421346187591552734 1.4255708456039428711 1.5454659461975097656 1.6511430740356445312 1.7514410018920898438 1.3899303674697875977 1.4376053810119628906 1.4489520788192749023 1.7932527065277099609 1.0408648252487182617 1.1422404050827026367 1.4010975360870361328 1.3622794151306152344 1.3110901117324829102 1.2960561513900756836 1.1940431594848632812
-9999 -9999 -9999 -9999 -9999 -9999 -9999 -9999 -9999 -9999 -9999 -9999 -9999 0 2.1481041908264160156 1.666891932487487793 1.4523987770080566406 2.3501424789428710938 1.3475364446640014648 1.3929768800735473633 1.4342808723449707031 1.4492957592010498047 1.455283045768737793 1.4412351846694946289 1.4585994482040405273 1.445827484130859375 1.4368426799774169922 1.4193298816680908203 1.4082092046737670898 1.384779810905456543 1.3324868679046630859 1.3960411548614501953 1.4140703678131103516 1.7047911882400512695 0.88518440723419189453 1.0230565071105957031 1.3692184686660766602 1.3218924999237060547 1.265030980110168457 1.2519516944885253906 1.3520791530609130859 1.2271114587783813477
-9999 -9999 -9999 -9999 -9999 -9999 -9999 -9999 -9999 -9999 -9999 -9999 0 0 1.6776547431945800781 1.5070577859878540039 2.392368316650390625 1.2818104028701782227 1.3358082771301269531 1.3940640687942504883 1.4210835695266723633 1.4401123523712158203 1.427933812141418457 1.4763430356979370117 1.4498955011367797852 1.4444564580917358398 1.4340971708297729492 1.4189901351928710938 1.3679252862930297852 1.2811868190765380859 1.3635741472244262695 1.3960390090942382812 1.6179956197738647461 1.1269986629486083984 0.88166630268096923828 1.3412481546401977539 1.2732188701629638672 1.2043873071670532227 1.1934615373611450195 1.3391889333724975586 1.1701604127883911133 1.1613922119140625
-9999 -9999 -9999 -9999 -9999 -9999 -9999 -9999 -9999 -9999 -9999 -9999 0 1.7237993478775024414 1.6032712459564208984 2.3979859352111816406 1.2024812698364257812 1.2724720239639282227 1.3534672260284423828 1.3876461982727050781 1.4094674587249755859 1.3861926794052124023 1.4914857149124145508 1.4452916383743286133 1.445611119270324707 1.4429510831832885742 1.4370065927505493164 1.3533663749694824219 1.230144500732421875 1.3425191640853881836 1.396161198616027832 1.5360686779022216797 0.87836843729019165039 1.0223423242568969727 1.3121068477630615234 1.2175099849700927734 1.1346631050109863281 1.1289092302322387695 1.3290953636169433594 1.1098406314849853516 1.0987725257873535156 1.0881415605545043945
-9999 -9999 -9999 -9999 -9999 -9999 -9999 -9999 -9999 -9999 -9999 0 1.9784450531005859375 1.7043335437774658203 2.3979859352111816406 1.0970482826232910156 1.197213292121887207 1.3152610063552856445 1.3638836145401000977 1.387143254280090332 1.3273246288299560547 1.5239907503128051758 1.4251838922500610352 1.4335722923278808594 1.4399961233139038086 1.4433304071426391602 1.3268224000930786133 1.1663162708282470703 1.314257502555847168 1.4001868963241577148 1.3102381229400634766 1.4194816350936889648 0.89403510093688964844 1.2813248634338378906 1.1440792083740234375 1.0427999496459960938 1.0423080921173095703 1.3096745014190673828 1.0358191728591918945 1.0289951562881469727 1.0158841609954833984 0.99835067987442016602
