tests/data/reference/gistest_nucice/full/control/cinfil_m3.asc
ncols        123
nrows        77
xllcorner    -713746.799299980048
yllcorner    -1061022.369616159936
cellsize     10.000000000000
NODATA_value  -9999
[rows 19 to 37 of 77, columns 42 to 83 of 123]
1.4591190814971923828 1.3518137931823730469 1.3494106531143188477 1.245086669921875 1.299427032470703125 1.5021767616271972656 1.1032311916351318359 0.85537946224212646484 0.98747748136520385742 1.1672633886337280273 1.2258287668228149414 1.3419351577758789062 1.2724183797836303711 1.1563791036605834961 1.1561377048492431641 1.0754266977310180664 0.97599643468856811523 0.97903925180435180664 0.98308193683624267578 0.98827993869781494141 0.99467879533767700195 1.4196935892105102539 1.1079381704330444336 1.1062304973602294922 1.1049681901931762695 1.5020109415054321289 1.2077670097351074219 1.6021007299423217773 1.2631243467330932617 1.2809121608734130859 0.94109177589416503906 1.0931432247161865234 2.3979859352111816406 1.6838623285293579102 1.2473887205123901367 1.1357916593551635742 1.0186886787414550781 0.87941908836364746094 -9999 -9999 -9999 -9999
1.4181416034698486328 1.3597608804702758789 1.3593988418579101562 1.2900558710098266602 1.3293181657791137695 1.4935400485992431641 1.1749029159545898438 0.84764975309371948242 0.98006618022918701172 1.0810850858688354492 1.2259755134582519531 1.2722406387329101562 1.3519129753112792969 1.311694025993347168 1.2224645614624023438 1.2246199846267700195 1.1578242778778076172 1.0771774053573608398 1.081822514533996582 1.0880417823791503906 1.0931384563446044922 1.0950074195861816406 1.4395319223403930664 1.1785482168197631836 1.1797574758529663086 1.1890411376953125 1.5348522663116455078 1.6646012067794799805 1.3186172246932983398 1.3230985403060913086 1.0736771821975708008 0.93467724323272705078 0.94527620077133178711 2.3979859352111816406 1.7630531787872314453 1.2180093526840209961 1.1154114007949829102 1.009853363037109375 0.87741774320602416992 0.89015358686447143555 -9999 -9999
1.402958989143371582 1.3713041543960571289 1.3719990253448486328 1.3278744220733642578 1.3552451133728027344 1.4732526540756225586 1.2338615655899047852 0.97620940208435058594 0.84034866094589233398 1.0778880119323730469 1.1602116823196411133 1.2737336158752441406 1.3089628219604492188 1.3658453226089477539 1.3473802804946899414 1.2806633710861206055 1.2848175764083862305 1.2313750982284545898 1.1648565530776977539 1.1677930355072021484 1.1691249608993530273 1.1699128150939941406 1.1717563867568969727 1.4511957168579101562 1.2500257492065429688 1.2628002166748046875 1.6015945672988891602 1.7194771766662597656 1.3536021709442138672 1.3500810861587524414 1.1632522344589233398 1.0582026243209838867 0.91028392314910888672 1.0591902732849121094 2.3979859352111816406 1.8423792123794555664 1.3665735721588134766 1.1212167739868164062 1.0030424594879150391 1.0072450637817382812 0.88434690237045288086 -9999
1.4067858457565307617 1.387862086296081543 1.3886096477508544922 1.3613010644912719727 1.3788710832595825195 1.4517492055892944336 1.2848647832870483398 1.0755034685134887695 0.97216248512268066406 0.8396422266960144043 1.1571556329727172852 1.2201696634292602539 1.3115816116333007812 1.3431860208511352539 1.3854291439056396484 1.3799407482147216797 1.3320366144180297852 1.3383086919784545898 1.2939274311065673828 1.234789729118347168 1.2347419261932373047 1.2362957000732421875 1.2392399311065673828 1.2434781789779663086 1.4674038887023925781 1.3245874643325805664 1.6872980594635009766 1.7704962491989135742 1.3787815570831298828 1.3665996789932250977 1.2263976335525512695 1.1400467157363891602 1.0313041210174560547 1.1454676389694213867 0.905429840087890625 2.3979859352111816406 1.9068281650543212891 1.4833323955535888672 1.1184509992599487305 1.1134774684906005859 1.0204557180404663086 0.89623391628265380859
1.4227663278579711914 1.4101130962371826172 1.4097571372985839844 1.3922961950302124023 1.4017300605773925781 1.43993377685546875 1.3306630849838256836 1.160111546516418457 1.0749099254608154297 0.83732628822326660156 0.96583843231201171875 1.2166239023208618164 1.2719140052795410156 1.3494803905487060547 1.3759733438491821289 1.4059710502624511719 1.4081833362579345703 1.3765680789947509766 1.3825519084930419922 1.3446000814437866211 1.2953661680221557617 1.2966803312301635742 1.2983634471893310547 1.303068995475769043 1.3140978813171386719 1.4900299310684204102 1.783616185188293457 1.8170349597930908203 1.3996782302856445312 1.3768210411071777344 1.2711349725723266602 1.2008451223373413086 1.1178271770477294922 1.2044810056686401367 0.88332217931747436523 1.0356791019439697266 2.3979859352111816406 1.983189702033996582 1.6296169757843017578 1.2444058656692504883 1.1374192237854003906 1.0271745920181274414
1.4413275718688964844 1.4322806596755981445 1.4304881095886230469 1.4181952476501464844 1.4211553335189819336 1.4373612403869628906 1.3676080703735351562 1.2288594245910644531 0.83641147613525390625 1.1514837741851806641 0.96049529314041137695 1.0598167181015014648 1.2716195583343505859 1.3208423852920532227 1.3828994035720825195 1.404366612434387207 1.4277030229568481445 1.4353895187377929688 1.4142626523971557617 1.4175359010696411133 1.3872079849243164062 1.3466342687606811523 1.3490635156631469727 1.3557620048522949219 1.366936802864074707 1.3823072910308837891 1.8790309429168701172 1.8385847806930541992 1.4117568731307983398 1.3839086294174194336 1.3060246706008911133 1.2501932382583618164 1.1864932775497436523 1.2513475418090820312 1.0093247890472412109 1.1291786432266235352 0.89589148759841918945 2.3979859352111816406 2.0586507320404052734 1.7413202524185180664 1.3922305107116699219 1.1361255645751953125
1.4575215578079223633 1.4511673450469970703 1.4481496810913085938 1.4381448030471801758 1.4359674453735351562 1.4394445419311523438 1.3947728872299194336 1.2823880910873413086 0.96179759502410888672 0.82698392868041992188 1.2121462821960449219 1.0570425987243652344 1.1415390968322753906 1.3209973573684692383 1.3641550540924072266 1.4146808385848999023 1.4339520931243896484 1.4512654542922973633 1.4566082954406738281 1.4404717683792114258 1.4424729347229003906 1.4202973842620849609 1.3927744626998901367 1.4018311500549316406 1.41110992431640625 1.4199048280715942383 1.9553734064102172852 1.8223348855972290039 1.4147049188613891602 1.3893984556198120117 1.3344991207122802734 1.2919915914535522461 1.2439137697219848633 1.2919001579284667969 1.1034171581268310547 1.1957376003265380859 1.0150722265243530273 2.3979859352111816406 0.88908815383911132812 2.0868687629699707031 1.8406765460968017578 1.2471002340316772461
1.4722752571105957031 1.4677083492279052734 1.4626190662384033203 1.451953887939453125 1.4449325799942016602 1.4414842128753662109 1.4132230281829833984 1.3245949745178222656 1.0561566352844238281 0.82315641641616821289 0.95344895124435424805 1.2669496536254882812 1.1410655975341796875 1.2167485952377319336 1.3692988157272338867 1.4061874151229858398 1.4442859888076782227 1.4560838937759399414 1.4652004241943359375 1.4686599969863891602 1.4593884944915771484 1.4636558294296264648 1.4522889852523803711 1.4356070756912231445 1.4435889720916748047 1.450142979621887207 2.027622222900390625 1.7640848159790039062 1.4200407266616821289 1.3997821807861328125 1.3630654811859130859 1.3325521945953369141 1.2970294952392578125 1.3302783966064453125 1.1813080310821533203 1.2494846582412719727 1.1013381481170654297 2.3979859352111816406 1.0102307796478271484 2.0888400077819824219 1.9244753122329711914 1.3241441249847412109
1.485848546028137207 1.4818910360336303711 1.4733728170394897461 1.4593937397003173828 1.4474976062774658203 1.4407502412796020508 1.4240480661392211914 1.357415318489074707 1.1333414316177368164 0.94964492321014404297 1.0509574413299560547 0.82548737525939941406 1.3205658197402954102 1.2222909927368164062 1.2889986038208007812 1.4121439456939697266 1.4374548196792602539 1.4609422683715820312 1.4680848121643066406 1.4748059511184692383 1.4791955947875976562 1.4765186309814453125 1.4813530445098876953 1.4747953414916992188 1.4645179510116577148 1.4743349552154541016 2.102657318115234375 1.6557992696762084961 1.4330056905746459961 1.4182450771331787109 1.3959692716598510742 1.3759217262268066406 1.3499294519424438477 1.3695279359817504883 1.249865412712097168 1.2962489128112792969 1.1731241941452026367 2.3979859352111816406 1.0982985496520996094 2.0429663658142089844 1.9734721183776855469 1.3602313995361328125
1.4914251565933227539 1.4863626956939697266 1.4754942655563354492 1.459812164306640625 1.4461693763732910156 1.439427495002746582 1.430820465087890625 1.3833820819854736328 1.1994205713272094727 1.0483620166778564453 1.1341090202331542969 0.95852857828140258789 1.3673579692840576172 1.2898613214492797852 0.84407782554626464844 1.3461958169937133789 1.441410064697265625 1.4567325115203857422 1.4714169502258300781 1.4766761064529418945 1.4823480844497680664 1.4876703023910522461 1.4883774518966674805 1.4934862852096557617 1.4941545724868774414 1.4942630529403686523 2.1767635345458984375 1.5440512895584106445 1.4427171945571899414 1.4324710369110107422 1.4199955463409423828 1.4081926345825195312 1.3904135227203369141 1.4011342525482177734 1.306485295295715332 1.3354802131652832031 1.2336549758911132812 2.332244873046875 1.1710441112518310547 1.8934305906295776367 2.0186643600463867188 1.3821271657943725586
1.4859166145324707031 1.4788712263107299805 1.4680248498916625977 1.4541566371917724609 1.4429336786270141602 1.4389075040817260742 1.4358664751052856445 1.4042593240737915039 1.2575887441635131836 1.1330504417419433594 1.2089178562164306641 1.0649535655975341797 1.4078220129013061523 1.3450995683670043945 0.84215104579925537109 0.97668206691741943359 1.3905835151672363281 1.4606180191040039062 1.4680145978927612305 1.4765928983688354492 1.4811928272247314453 1.4878437519073486328 1.4953811168670654297 1.5023558139801025391 1.5133807659149169922 1.520119786262512207 1.5182617902755737305 2.2411501407623291016 1.4440108537673950195 1.4365808963775634766 1.4297900199890136719 1.4244017601013183594 1.4146237373352050781 1.4219352006912231445 1.3511869907379150391 1.3679769039154052734 1.2857526540756225586 2.1276943683624267578 1.235509037971496582 1.5578582286834716797 2.0649919509887695312 1.3954352140426635742
1.8200421333312988281 1.2988817691802978516 1.2839915752410888672 1.4623036384582519531 1.4514938592910766602 1.4475398063659667969 1.4451112747192382812 1.4247553348541259766 1.3132649660110473633 1.2126190662384033203 1.2806116342544555664 1.1589232683181762695 1.4435203075408935547 1.3912110328674316406 0.97529906034469604492 0.84146773815155029297 1.0772417783737182617 1.4205614328384399414 1.47077178955078125 1.4764159917831420898 1.4838771820068359375 1.4913504123687744141 1.5014363527297973633 1.5134878158569335938 1.5232781171798706055 1.5288019180297851562 1.5256552696228027344 1.5141391754150390625 2.0254030227661132812 1.4345222711563110352 1.4332478046417236328 1.4340255260467529297 1.4311273097991943359 1.4365600347518920898 1.3857889175415039062 1.3939068317413330078 1.3305783271789550781 1.9729710817337036133 1.2903926372528076172 1.4158204793930053711 2.1046748161315917969 1.3997206687927246094
1.9059362411499023438 1.9059362411499023438 1.9059362411499023438 1.3554284572601318359 1.3805292844772338867 1.4714183807373046875 1.4624294042587280273 1.4488828182220458984 1.3708565235137939453 1.2932393550872802734 1.353606104850769043 1.2466690540313720703 1.4753004312515258789 1.4294977188110351562 1.0783218145370483398 0.97300475835800170898 0.83687043190002441406 1.1544620990753173828 1.4452645778656005859 1.4854590892791748047 1.4935362339019775391 1.5041545629501342773 1.5146766901016235352 1.5237928628921508789 1.5273300409317016602 1.5244939327239990234 1.5181943178176879883 1.5069446563720703125 1.8774557113647460938 1.4285819530487060547 1.4336729049682617188 1.4405554533004760742 1.4430338144302368164 1.4467434883117675781 1.4112904071807861328 1.4142076969146728516 1.369525909423828125 1.8166900873184204102 1.3366885185241699219 1.4026579856872558594 2.1355726718902587891 1.3982492685317993164
1.3422513008117675781 1.4601538181304931641 1.5726087093353271484 1.9059362411499023438 1.9059362411499023438 1.9059362411499023438 1.3160344362258911133 1.3917932510375976562 1.4460518360137939453 1.3854764699935913086 1.4332947731018066406 1.3338732719421386719 1.5090680122375488281 1.4676116704940795898 0.85018551349639892578 1.1660768985748291016 1.0763502120971679688 0.97298067808151245117 1.2319157123565673828 1.472439885139465332 1.5019232034683227539 1.5109087228775024414 1.518994450569152832 1.5233055353164672852 1.5227624177932739258 1.5171458721160888672 1.5085167884826660156 1.4979510307312011719 1.8576630353927612305 1.4284360408782958984 1.437862396240234375 1.4474573135375976562 1.4515444040298461914 1.4528524875640869141 1.4291057586669921875 1.430363774299621582 1.4031076431274414062 1.6350079774856567383 1.3789582252502441406 1.4129468202590942383 2.1626775264739990234 1.6995484828948974609
1.1250475645065307617 1.1235456466674804688 1.1545560359954833984 1.2794579267501831055 1.3846421241760253906 1.4853737354278564453 1.9059362411499023438 1.9059362411499023438 1.9059362411499023438 1.3813117742538452148 1.4911623001098632812 1.5081802606582641602 1.4118521213531494141 1.5412606000900268555 1.5025434494018554688 0.99574160575866699219 1.2466003894805908203 1.1706068515777587891 1.0852326154708862305 1.2981239557266235352 1.4865503311157226562 1.5039619207382202148 1.5075463056564331055 1.5102579593658447266 1.510738372802734375 1.5076122283935546875 1.5015884637832641602 1.4939541816711425781 1.4868330955505371094 1.8571585416793823242 1.4509479999542236328 1.4580820798873901367 1.4587112665176391602 1.4560685157775878906 1.4408171176910400391 1.4435598850250244141 1.4321227073669433594 1.457125544548034668 1.4197180271148681641 1.4362100362777709961 2.1910398006439208984 1.4834344387054443359
1.2180501222610473633 1.0707020759582519531 1.0702782869338989258 1.0191473960876464844 1.0439271926879882812 1.0470006465911865234 1.0610144138336181641 1.224305272102355957 1.3842009305953979492 1.9059362411499023438 1.9059362411499023438 1.9059362411499023438 1.3667848110198974609 1.2930283546447753906 1.5580418109893798828 1.5206480026245117188 1.0997704267501831055 1.3086922168731689453 1.2416313886642456055 1.1661427021026611328 1.3435180187225341797 1.4851224422454833984 1.4928032159805297852 1.4940549135208129883 1.4954854249954223633 1.4957368373870849609 1.4945585727691650391 1.4922311305999755859 1.4902940988540649414 1.5834946632385253906 1.4716826677322387695 1.4755237102508544922 1.4708675146102905273 1.4638168811798095703 1.4543329477310180664 1.4603294134140014648 1.46173095703125 1.4785609245300292969 1.4566936492919921875 1.4625943899154663086 2.2162265777587890625 1.2442344427108764648
1.1566733121871948242 1.156481623649597168 1.0746625661849975586 0.95830768346786499023 0.95493781566619873047 0.9519316554069519043 0.97769081592559814453 0.99659460783004760742 1.3037405014038085938 1.3996559381484985352 1.503981471061706543 1.5853933095932006836 1.9059362411499023438 1.4190224409103393555 1.3508292436599731445 1.3456534147262573242 1.3152137994766235352 1.0424588918685913086 1.1785471439361572266 1.1317933797836303711 1.0791436433792114258 1.1935437917709350586 1.2730201482772827148 1.2757015228271484375 1.2773123979568481445 1.2813591957092285156 1.2875295877456665039 1.2942624092102050781 1.3019576072692871094 1.3105998039245605469 1.7082926034927368164 1.3143714666366577148 1.3040360212326049805 1.2925459146499633789 1.4759707450866699219 1.4862047433853149414 1.4964442253112792969 1.5081001520156860352 1.4900728464126586914 1.487482905387878418 2.2376544475555419922 1.2463123798370361328
1.0838470458984375 0.9822635650634765625 0.98032778501510620117 0.97580885887145996094 0.97135102748870849609 0.87400090694427490234 0.8766689300537109375 1.2270398139953613281 1.006435394287109375 1.0223879814147949219 0.81102889776229858398 0.93983018398284912109 1.0435150861740112305 1.9059362411499023438 1.9059362411499023438 1.9059362411499023438 1.9059362411499023438 1.3503218889236450195 1.1268064975738525391 1.2472202777862548828 1.2088731527328491211 1.1632394790649414062 1.2615476846694946289 1.3227776288986206055 1.4161343574523925781 1.3330124616622924805 1.3415856361389160156 1.3500583171844482422 1.3600950241088867188 1.3712900876998901367 0.82439023256301879883 1.9059362411499023438 1.4575678110122680664 1.3491501808166503906 1.3110741376876831055 1.3262341022491455078 1.5295187234878540039 1.5337278842926025391 1.5146378278732299805 1.505025029182434082 2.2556164264678955078 1.1404900550842285156
0.85254079103469848633 0.85393369197845458984 0.85230410099029541016 0.84795540571212768555 0.84456354379653930664 0.84189039468765258789 1.3794211149215698242 0.89746111631393432617 0.90309286117553710938 0.90613675117492675781 1.0131778717041015625 1.0916333198547363281 1.1659328937530517578 1.2487752437591552734 1.3130282163619995117 1.3498382568359375 1.3821959495544433594 1.9059362411499023438 1.9059362411499023438 1.9059362411499023438 1.9059362411499023438 1.9059362411499023438 1.9059362411499023438 1.9059362411499023438 1.9059362411499023438 1.9059362411499023438 1.9059362411499023438 1.4272985458374023438 1.4218015670776367188 1.4199146032333374023 1.4163393974304199219 0.94521528482437133789 1.9059362411499023438 1.3929373025894165039 1.3755533695220947266 1.3978621959686279297 1.3639122247695922852 1.5496718883514404297 1.5263233184814453125 1.5111844539642333984 2.0262939929962158203 0.78510397672653198242
