tests/data/reference/gistest_nucice/full/control/cinfil_m3.asc
ncols        123
nrows        77
xllcorner    -713746.799299980048
yllcorner    -1061022.369616159936
cellsize     10.000000000000
NODATA_value  -9999
[rows 18 to 35 of 77, columns 0 to 40 of 123]
-9999 -9999 -9999 -9999 -9999 -9999 -9999 -9999 -9999 -9999 -9999 -9999 -9999 -9999 -9999 -9999 -9999 0.7220134735107421875 0.78520590066909790039 0.78730440139770507812 0.78923493623733520508 0.8405672907829284668 0.72574383020401000977 0.72297048568725585938 0.56880140304565429688 0 1.2152402400970458984 1.2709022760391235352 0.72211408615112304688 1.5196688175201416016 0.77818179130554199219 0.77879214286804199219 0.77560174465179443359 0.77942579984664916992 0.76022964715957641602 0.78047502040863037109 0.81849515438079833984 0.78129446506500244141 0.77991974353790283203 0.77873414754867553711 0.77829420566558837891
-9999 -9999 -9999 -9999 -9999 -9999 -9999 -9999 -9999 -9999 -9999 -9999 -9999 -9999 -9999 -9999 0.72567772865295410156 0.7694295048713684082 0.78683441877365112305 0.79003560543060302734 0.86828696727752685547 0.77063763141632080078 0.72396719455718994141 0.71787285804748535156 0 1.1564643383026123047 1.2838455438613891602 1.3472863435745239258 0.7210693359375 0.86865574121475219727 0.77998298406600952148 0.71231639385223388672 0.83966934680938720703 0.78302282094955444336 0.77848845720291137695 0.78200757503509521484 0.78787368535995483398 0.7797139286994934082 0.78011590242385864258 0.78088498115539550781 0.78137969970703125
-9999 -9999 -9999 -9999 -9999 -9999 -9999 -9999 -9999 -9999 -9999 -9999 -9999 -9999 -9999 0.70591080188751220703 0.74258095026016235352 0.75305396318435668945 0.75739866495132446289 0.8680394291877746582 0.78950423002243041992 0.73152852058410644531 0.76771950721740722656 0 0 0.92439556121826171875 1.3635023832321166992 1.3073685169219970703 0.76620459556579589844 0.7804839015007019043 0.78109890222549438477 0.71200329065322875977 0.85204535722732543945 0.78420221805572509766 0.78317159414291381836 0.78313022851943969727 0.78324753046035766602 0.78193211555480957031 0.78218746185302734375 0.78267371654510498047 0.78290253877639770508
-9999 -9999 -9999 -9999 -9999 -9999 -9999 -9999 -9999 -9999 -9999 -9999 -9999 -9999 -9999 0.76601070165634155273 0.78270262479782104492 0.79143190383911132812 0.86182636022567749023 0.80534458160400390625 0.71634691953659057617 0.70994955301284790039 0.4748230278491973877 0 1.2940911054611206055 0.81666207313537597656 1.3068890571594238281 0.95466595888137817383 0.77905976772308349609 0.78130203485488891602 0.71355170011520385742 0.78109216690063476562 0.85575145483016967773 0.78422504663467407227 0.78386723995208740234 0.78458029031753540039 0.78569900989532470703 0.78555130958557128906 0.78476160764694213867 0.78413742780685424805 0.78365427255630493164
-9999 -9999 -9999 -9999 -9999 -9999 -9999 -9999 -9999 -9999 -9999 -9999 -9999 -9999 -9999 0.78999936580657958984 0.79718631505966186523 0.80865460634231567383 0.96178185939788818359 0.72164070606231689453 0.71970587968826293945 0.38539555668830871582 0 1.1654694080352783203 1.2518858909606933594 0.78999000787734985352 0.91584765911102294922 0.78476071357727050781 0.78144377470016479492 0.78264260292053222656 0.71364682912826538086 0.76135092973709106445 0.78237646818161010742 0.87439721822738647461 0.78424626588821411133 0.7849337458610534668 0.78530716896057128906 0.71139711141586303711 0.84459775686264038086 0.78399688005447387695 0.784015655517578125
-9999 -9999 -9999 -9999 -9999 -9999 -9999 -9999 -9999 -9999 -9999 -9999 -9999 -9999 0.73379099369049072266 0.80239164829254150391 0.856769561767578125 0.8726666569709777832 0.72784519195556640625 0.75944143533706665039 0.38539555668830871582 0 0.38539555668830871582 1.1336114406585693359 1.3629018068313598633 0.74275314807891845703 0.74093133211135864258 0.7394612431526184082 0.78220921754837036133 0.78403848409652709961 0.71395200490951538086 0.76131212711334228516 0.77786630392074584961 0.7835299372673034668 0.88324272632598876953 0.78437221050262451172 0.78299272060394287109 0.7095972895622253418 0.85195124149322509766 0.78342783451080322266 0.78438174724578857422
-9999 -9999 -9999 -9999 -9999 -9999 -9999 -9999 -9999 -9999 -9999 -9999 -9999 -9999 0.79968720674514770508 0.93662035465240478516 0.97869700193405151367 0.75345200300216674805 0.7296072840690612793 0.71138137578964233398 0 0 0.69126504659652709961 0.69524312019348144531 1.1549141407012939453 1.4095641374588012695 0.76158183813095092773 0.76346695423126220703 0.73901915550231933594 0.68085008859634399414 0.78207677602767944336 0.76140010356903076172 0.77848136425018310547 0.78401261568069458008 0.88665032386779785156 0.78481501340866088867 0.78300625085830688477 0.70889639854431152344 0.85533165931701660156 0.78396874666213989258 0.78451496362686157227
-9999 -9999 -9999 -9999 -9999 -9999 -9999 -9999 -9999 -9999 -9999 -9999 -9999 -9999 0.96473026275634765625 0.78892278671264648438 0.72234135866165161133 0.72254776954650878906 0.72389513254165649414 0.38539555668830871582 0 1.0049728155136108398 1.1553145647048950195 0.75084024667739868164 0.74311262369155883789 1.1175978183746337891 1.4084161520004272461 0.77309066057205200195 0.76418870687484741211 0.67921775579452514648 0.74081361293792724609 0.73711317777633666992 0.73467242717742919922 0.78589534759521484375 0.78715658187866210938 0.88623255491256713867 0.71126836538314819336 0.7813542485237121582 0.75976920127868652344 0.87845253944396972656 0.78436732292175292969
-9999 -9999 -9999 -9999 -9999 -9999 -9999 -9999 -9999 -9999 -9999 -9999 0.71375095844268798828 0.72789931297302246094 0.95571947097778320312 0.77034789323806762695 0.72141319513320922852 0.75198942422866821289 0.38539555668830871582 0 1.1534638404846191406 1.1349318027496337891 1.0776317119598388672 1.2200112342834472656 0.77370285987854003906 0.77121329307556152344 1.3597947359085083008 0.78577834367752075195 0.78180342912673950195 0.74505162239074707031 0.68088573217391967773 0.77121824026107788086 0.77005213499069213867 0.7728589177131652832 0.7446244359016418457 0.78421187400817871094 0.82531511783599853516 0.75938147306442260742 0.78315216302871704102 0.77861183881759643555 0.88743436336517333984
-9999 -9999 -9999 -9999 -9999 -9999 -9999 -9999 -9999 -9999 -9999 -9999 -9999 0.71559822559356689453 0.76585179567337036133 0.75609326362609863281 0.74348664283752441406 0.38539555668830871582 0 1.167279362678527832 0.91454976797103881836 0.8058605194091796875 1.1977671384811401367 1.2949122190475463867 1.4349205493927001953 1.4898115396499633789 1.4472088813781738281 1.1218457221984863281 0.79649519920349121094 0.79058748483657836914 0.77538079023361206055 0.74623739719390869141 0.78788000345230102539 0.78964459896087646484 0.7856133580207824707 0.76480019092559814453 0.73304724693298339844 0.74058836698532104492 0.77762556076049804688 0.7833124995231628418 0.8890787959098815918
-9999 -9999 -9999 -9999 -9999 -9999 -9999 -9999 -9999 -9999 -9999 -9999 -9999 -9999 -9999 0.73311710357666015625 0.38539555668830871582 0 0 1.2073879241943359375 1.2743511199951171875 1.3209403753280639648 1.2159577608108520508 0.87369972467422485352 0.7826245427131652832 0.77888911962509155273 0.7823994755744934082 1.1377376317977905273 0.9659754633903503418 0.79175782203674316406 0.79135841131210327148 0.79083931446075439453 0.7830517888069152832 0.7961139678955078125 0.78901410102844238281 0.77881705760955810547 0.77406531572341918945 0.76646202802658081055 0.7689368128776550293 0.73607653379440307617 0.89105224609375
-9999 -9999 -9999 -9999 -9999 -9999 -9999 -9999 -9999 -9999 -9999 -9999 -9999 -9999 -9999 -9999 0.38539555668830871582 0 1.0611376762390136719 1.0985566377639770508 1.0376549959182739258 0.86937272548675537109 0.79169011116027832031 0.77991628646850585938 0.77732056379318237305 0.77616852521896362305 0.78097474575042724609 0.7886397242546081543 0.78719824552536010742 0.91965818405151367188 0.91253793239593505859 0.92181676626205444336 0.79684877395629882812 0.79258841276168823242 0.78945142030715942383 0.78155845403671264648 0.85598254203796386719 0.90580898523330688477 0.78557944297790527344 0.7817814946174621582 0.76434737443923950195
-9999 -9999 -9999 -9999 -9999 -9999 -9999 -9999 -9999 -9999 -9999 -9999 -9999 -9999 -9999 -9999 0 1.1796202659606933594 0.89737099409103393555 0.79355227947235107422 0.7829602360725402832 0.87872982025146484375 0.82219964265823364258 0.7858829498291015625 0.7779140472412109375 0.77699416875839233398 0.78067874908447265625 0.78653699159622192383 0.7848752140998840332 0.77936911582946777344 0.78165936470031738281 0.78734993934631347656 0.92163634300231933594 0.92408603429794311523 0.91735762357711791992 0.9075533747673034668 0.84294879436492919922 0.7941634058952331543 0.92681926488876342773 0.92937099933624267578 0.93605148792266845703
-9999 -9999 -9999 -9999 -9999 -9999 -9999 -9999 -9999 -9999 -9999 -9999 -9999 -9999 -9999 0 1.2102794647216796875 0.90444713830947875977 1.9792097806930541992 1.6083525419235229492 1.1962378025054931641 0.77520734071731567383 0.84066224098205566406 0.86785137653350830078 0.82474100589752197266 0.88272809982299804688 0.89138901233673095703 0.89626514911651611328 0.84341967105865478516 0.79491347074508666992 0.7841059565544128418 0.78806209564208984375 0.79261916875839233398 0.79702270030975341797 0.7902285456657409668 0.77868932485580444336 0.87937307357788085938 0.87944400310516357422 0.88472020626068115234 0.89268785715103149414 0.9093882441520690918
-9999 -9999 -9999 -9999 -9999 -9999 -9999 -9999 -9999 -9999 -9999 -9999 -9999 -9999 0 0 2.0502154827117919922 2.0036478042602539062 0.78815859556198120117 0.78660041093826293945 0.75349164009094238281 0.75004351139068603516 0.74812513589859008789 0.76979428529739379883 0.82014876604080200195 0.74855649471282958984 0.74581074714660644531 0.78140777349472045898 0.7816925048828125 0.74115079641342163086 0.77042627334594726562 0.85752582550048828125 0.87957292795181274414 0.88493120670318603516 0.87763446569442749023 0.87135213613510131836 0.74743193387985229492 0.74304753541946411133 0.7369912266731262207 0.73136162757873535156 0.73001849651336669922
-9999 -9999 -9999 -9999 -9999 -9999 -9999 -9999 -9999 -9999 -9999 -9999 -9999 -9999 0 2.2195391654968261719 0.78324395418167114258 0.7843952178955078125 0.78625291585922241211 0.78695011138916015625 0.78588759899139404297 0.78348696231842041016 0.74799680709838867188 0.7800490260124206543 0.78056001663208007812 0.78263145685195922852 0.78179466724395751953 0.77970790863037109375 0.83633559942245483398 0.86229735612869262695 0.87412601709365844727 0.78834271430969238281 0.78922694921493530273 0.78980058431625366211 0.82614880800247192383 0.76750075817108154297 0.78267782926559448242 0.78511869907379150391 0.78309965133666992188 0.78114098310470581055 0.78037750720977783203
-9999 -9999 -9999 -9999 -9999 -9999 -9999 -9999 -9999 -9999 -9999 -9999 -9999 0 2.0521872043609619141 0.78694629669189453125 0.78274691104888916016 0.7824726104736328125 0.78395724296569824219 0.78550726175308227539 0.78602069616317749023 0.78495621681213378906 0.78283995389938354492 0.78066527843475341797 0.77974468469619750977 0.78055441379547119141 0.78008568286895751953 0.77841579914093017578 0.77975606918334960938 0.78178220987319946289 0.78362077474594116211 0.78566944599151611328 0.7861983180046081543 0.87209153175354003906 0.71657741069793701172 0.76358133554458618164 0.78264069557189941406 0.78211575746536254883 0.78130632638931274414 0.78055036067962646484 0.78004384040832519531
-9999 -9999 -9999 -9999 -9999 -9999 -9999 -9999 -9999 -9999 -9999 -9999 0 0 0.88665544986724853516 0.78226286172866821289 0.7828724980354309082 0.78231227397918701172 0.783451080322265625 0.78472501039505004883 0.78573024272918701172 0.78599607944488525391 0.78467357158660888672 0.78296321630477905273 0.78143459558486938477 0.78072154521942138672 0.77946239709854125977 0.77750438451766967773 0.77824413776397705078 0.77933239936828613281 0.77959299087524414062 0.78006255626678466797 0.84903252124786376953 0.77843862771987915039 0.71570420265197753906 0.78141647577285766602 0.78014838695526123047 0.77852070331573486328 0.77686208486557006836 0.77604490518569946289 0.77487152814865112305
