tests/data/reference/gistest_nucice/full/control/cinfil_m3.asc
ncols        123
nrows        77
xllcorner    -713746.799299980048
yllcorner    -1061022.369616159936
cellsize     10.000000000000
NODATA_value -9999
[rows 38 to 56 of 77, columns 42 to 83 of 123]
0.99856114387512207031 1.1032557487487792969 1.186642765998840332 1.2521741390228271484 1.3057303428649902344 1.3497372865676879883 0.85336607694625854492 0.86083686351776123047 0.86104142665863037109 0.78861308097839355469 0.91123539209365844727 1.0040829181671142578 1.0904679298400878906 1.9059362411499023438 1.9059362411499023438 1.9059362411499023438 1.9059362411499023438 1.9059362411499023438 1.9059362411499023438 1.9059362411499023438 1.9059362411499023438 1.9059362411499023438 1.9059362411499023438 1.9059362411499023438 1.9059362411499023438 1.9059362411499023438 1.9059362411499023438 1.9059362411499023438 1.9059362411499023438 1.4866132736206054688 1.472171783447265625 1.4521287679672241211 1.9059362411499023438 1.44309234619140625 1.436941981315612793 1.4583041667938232422 1.4257876873016357422 1.3594025373458862305 1.5266199111938476562 1.2574734687805175781 0.37222230434417724609 1.0891554355621337891
1.0022740364074707031 1.1095637083053588867 1.1959258317947387695 1.2640007734298706055 1.317319035530090332 1.3585114479064941406 1.3941650390625 1.4283250570297241211 1.4522359371185302734 1.4614721536636352539 1.4635157585144042969 2.3979859352111816406 2.3979859352111816406 1.4262088537216186523 1.4158970117568969727 1.4012138843536376953 1.3905577659606933594 1.384621739387512207 1.3818233013153076172 1.3832970857620239258 1.3883022069931030273 1.217057347297668457 1.2163321971893310547 1.2282869815826416016 1.2433707714080810547 1.2595553398132324219 1.4212317466735839844 1.5497212409973144531 1.6647287607192993164 1.9059362411499023438 1.9059362411499023438 1.9059362411499023438 1.9059362411499023438 1.9059362411499023438 1.4981837272644042969 1.5051710605621337891 1.467387080192565918 1.3983501195907592773 1.0791463851928710938 0 0.8552843928337097168 1.2237514257431030273
1.1078412532806396484 1.198121190071105957 1.2741380929946899414 1.3341785669326782227 1.3769743442535400391 1.403406977653503418 1.4222334623336791992 1.4382714033126831055 1.4515738487243652344 1.4622895717620849609 2.3979859352111816406 1.457299351692199707 1.4393587112426757812 1.4244062900543212891 1.4105075597763061523 1.3959778547286987305 1.3830419778823852539 1.3722718954086303711 1.3658658266067504883 1.3642840385437011719 1.3666346073150634766 1.3465907573699951172 1.35089874267578125 1.3578389883041381836 1.3670313358306884766 1.2225391864776611328 1.2251868247985839844 1.9059362411499023438 1.9059362411499023438 1.9059362411499023438 1.9059362411499023438 1.5781176090240478516 1.8064887523651123047 1.9059362411499023438 1.9059362411499023438 1.5638414621353149414 1.5044603347778320312 0.82274770736694335938 0 0.80372339487075805664 0.99530035257339477539 1.3352556228637695312
1.3370457887649536133 1.3732293844223022461 1.407381892204284668 1.4326105117797851562 1.4480265378952026367 1.4536610841751098633 1.4546992778778076172 1.454350590705871582 2.3979859352111816406 2.3979859352111816406 1.4875909090042114258 1.4689306020736694336 1.4509063959121704102 1.4381891489028930664 1.4265762567520141602 1.4112693071365356445 1.3926856517791748047 1.3790928125381469727 1.3702653646469116211 1.3667511940002441406 1.3228993415832519531 1.3212374448776245117 1.3210446834564208984 1.3224732875823974609 1.3668339252471923828 1.3490356206893920898 2.3979859352111816406 1.3890948295593261719 1.2018008232116699219 1.2058351039886474609 1.2204509973526000977 1.0837651491165161133 0.97964203357696533203 1.0150024890899658203 1.9059362411499023438 1.9059362411499023438 1.5798978805541992188 1.2754136323928833008 0.60583710670471191406 0.95886236429214477539 1.0045430660247802734 1.4325718879699707031
1.8963534832000732422 1.9557319879531860352 2.0061485767364501953 2.0431075096130371094 2.0732161998748779297 2.0954749584197998047 2.0974016189575195312 2.3979859352111816406 1.5179851055145263672 1.5117340087890625 1.4984946250915527344 1.4818402528762817383 1.4675576686859130859 1.4577472209930419922 1.447287440299987793 1.4245661497116088867 1.4061368703842163086 1.3924506902694702148 1.3846032619476318359 1.3075282573699951172 1.3007940053939819336 1.2961722612380981445 1.293347477912902832 1.3587865829467773438 1.3180882930755615234 2.3979859352111816406 1.3655195236206054688 1.3232061862945556641 1.2936590909957885742 1.3015829324722290039 1.203528285026550293 1.1560924053192138672 1.1967449188232421875 0.93913793563842773438 0.97616815567016601562 1.9054162502288818359 1.9054162502288818359 0 0.85305523872375488281 1.1015814542770385742 1.1267113685607910156 1.3289132118225097656
1.4628096818923950195 1.4692606925964355469 1.4727292060852050781 1.4702585935592651367 1.4705551862716674805 1.4780864715576171875 2.3979859352111816406 1.5321214199066162109 1.5269876718521118164 1.5198705196380615234 1.5108374357223510742 1.4993500709533691406 1.4887158870697021484 1.4804680347442626953 1.4556736946105957031 1.4378210306167602539 1.4202669858932495117 1.4109120368957519531 1.2949043512344360352 1.284664154052734375 1.2746297121047973633 1.2683683633804321289 1.3676117658615112305 1.2975999116897583008 2.3979859352111816406 1.3655743598937988281 1.2918398380279541016 1.2435085773468017578 1.2391085624694824219 1.3372275829315185547 1.2437446117401123047 1.0959978103637695312 1.109989166259765625 1.1575282812118530273 1.181635737419128418 1.022490382194519043 1.0942734479904174805 0.33112284541130065918 0.91608577966690063477 1.0233945846557617188 1.3187128305435180664 1.4498262405395507812
2.3979859352111816406 2.3979859352111816406 2.3979859352111816406 2.3979859352111816406 2.3979859352111816406 2.3979859352111816406 1.5265603065490722656 1.5324331521987915039 1.5316759347915649414 1.527474522590637207 1.5219489336013793945 1.5152529478073120117 1.5082850456237792969 1.4736192226409912109 1.4604778289794921875 1.4424413442611694336 1.4287983179092407227 1.2636221647262573242 1.2601047754287719727 1.2500077486038208008 1.2404808998107910156 1.3838121891021728516 1.2785344123840332031 2.3979859352111816406 1.3808076381683349609 1.2665154933929443359 1.2053835391998291016 1.1962152719497680664 1.3228088617324829102 1.1860508918762207031 1.1872944831848144531 1.1895995140075683594 1.0524877309799194336 1.0729619264602661133 1.1123743057250976562 1.408694148063659668 0 0.33164283633232116699 0.33112284541130065918 0.45824828743934631348 1.4528728723526000977 1.5749120712280273438
1.4491022825241088867 1.5753711462020874023 1.6853244304656982422 1.7893122434616088867 1.4813437461853027344 1.4947116374969482422 1.5093874931335449219 1.5255584716796875 1.5344165563583374023 1.5333378314971923828 1.5307030677795410156 1.5297085046768188477 1.4819029569625854492 1.4710732698440551758 1.4551459550857543945 1.4391973018646240234 1.204783320426940918 1.2066911458969116211 1.2059113979339599609 1.2010838985443115234 1.3999828100204467773 1.2522841691970825195 2.3979859352111816406 1.4061101675033569336 1.2366771697998046875 1.1642726659774780273 1.1562880277633666992 1.3179690837860107422 1.1356029510498046875 1.1326073408126831055 1.1304739713668823242 1.1255315542221069336 1.1273483037948608398 1.0143691301345825195 1.0280094146728515625 1.003819584846496582 0 0.85691446065902709961 0.96827375888824462891 0.76880121231079101562 0.33112284541130065918 1.3820083141326904297
1.4339133501052856445 1.4357750415802001953 1.441517949104309082 1.45209503173828125 1.4628130197525024414 1.4735803604125976562 1.4880526065826416016 1.5078852176666259766 1.5231413841247558594 1.5282883644104003906 1.5333029031753540039 1.4755326509475708008 1.4746068716049194336 1.4606823921203613281 1.4430218935012817383 1.1318510770797729492 1.1315808296203613281 1.1295620203018188477 1.1292158365249633789 1.4017299413681030273 1.2084487676620483398 2.3979859352111816406 1.4320609569549560547 1.1910631656646728516 1.1045342683792114258 1.1020898818969726562 1.3092424869537353516 1.0781792402267456055 1.0680536031723022461 1.0652172565460205078 1.0598131418228149414 1.050215601921081543 1.0482822656631469727 1.0590424537658691406 1.4039416313171386719 0.33112284541130065918 0.86077231168746948242 0.7801945805549621582 0.91595762968063354492 1.0189017057418823242 1.1177057027816772461 0.92362302541732788086
1.4253013134002685547 1.4263777732849121094 1.4309170246124267578 1.4393595457077026367 1.4487035274505615234 1.4581568241119384766 1.4705109596252441406 1.4862717390060424805 1.5029126405715942383 1.5141193866729736328 1.4325186014175415039 1.4503912925720214844 1.4539252519607543945 1.4370988607406616211 1.036955714225769043 1.0380008220672607422 1.0358550548553466797 1.0301862955093383789 1.3832564353942871094 1.1354945898056030273 2.3979859352111816406 1.4577436447143554688 1.1192858219146728516 1.0147882699966430664 1.0159544944763183594 1.2819097042083740234 1.0080542564392089844 0.99058496952056884766 0.98045551776885986328 0.97742325067520141602 0.97029846906661987305 0.95898842811584472656 0.95334726572036743164 1.3883540630340576172 0.8305460810661315918 0.61762285232543945312 0.8608481287956237793 0.84635007381439208984 0.94288879632949829102 1.025830388069152832 1.1045523881912231445 1.1838796138763427734
1.4230328798294067383 1.4230959415435791016 1.4254382848739624023 1.4303151369094848633 1.4375952482223510742 1.4488787651062011719 1.4586236476898193359 1.4702672958374023438 1.4819982051849365234 1.3614755868911743164 1.3779976367950439453 1.4002602100372314453 1.4075226783752441406 0.90591549873352050781 0.89974439144134521484 0.90072876214981079102 0.8994083404541015625 1.359042048454284668 1.0364452600479125977 2.3979859352111816406 1.485978245735168457 1.0208250284194946289 0.87647974491119384766 0.87984967231750488281 1.2188352346420288086 0.88350301980972290039 0.87738960981369018555 0.86402755975723266602 0.85680693387985229492 0.85502481460571289062 0.84897077083587646484 0.83896118402481079102 1.3850829601287841797 0.95480245351791381836 1.0525529384613037109 0.84611427783966064453 0.90393126010894775391 0.90838068723678588867 1.0098732709884643555 1.0831027030944824219 1.1501277685165405273 1.2185120582580566406
1.4236381053924560547 1.4232587814331054688 1.4232683181762695312 1.4247606992721557617 1.4336556196212768555 1.4417706727981567383 1.4513238668441772461 1.4542851448059082031 1.2790231704711914062 1.2918429374694824219 1.3077394962310791016 1.3272813558578491211 0.91524320840835571289 1.0572000741958618164 1.16213226318359375 1.2481276988983154297 1.3170151710510253906 0.90481907129287719727 2.3979859352111816406 1.5111647844314575195 0.88823390007019042969 0.88091969490051269531 1.0208815336227416992 1.1313246488571166992 0.88333851099014282227 1.0265231132507324219 1.1286945343017578125 1.2024866342544555664 1.2632461786270141602 1.316325068473815918 1.3569769859313964844 1.3842664957046508789 0.84215199947357177734 0.82788002490997314453 1.4225945472717285156 1.3537421226501464844 0.83105552196502685547 0.96634948253631591797 0.95552307367324829102 1.0369739532470703125 1.1080350875854492188 1.1780458688735961914
1.4226633310317993164 1.4221656322479248047 1.4212099313735961914 1.4293122291564941406 1.4303594827651977539 1.4381649494171142578 1.4368875026702880859 1.1948505640029907227 1.2002680301666259766 1.2121732234954833984 1.2249329090118408203 2.1231284141540527344 2.2022736072540283203 2.27072906494140625 2.3289861679077148438 2.37586212158203125 2.3979859352111816406 2.3979859352111816406 1.5288885831832885742 0.89600908756256103516 1.0340945720672607422 1.1352761983871459961 1.2172716856002807617 1.2874611616134643555 1.3436384201049804688 1.3859078884124755859 1.4131708145141601562 1.4259126186370849609 1.4328922033309936523 1.4392656087875366211 1.4452942609786987305 1.4516170024871826172 1.4502511024475097656 1.4382740259170532227 1.6014378070831298828 0 0.82939231395721435547 0.82702797651290893555 0.85997360944747924805 0.95433294773101806641 1.0343122482299804688 1.1086118221282958984
1.4158408641815185547 1.4162949323654174805 1.4312174320220947266 1.4269061088562011719 1.4295905828475952148 1.4197771549224853516 1.1069594621658325195 1.1071745157241821289 1.1109560728073120117 1.1205315589904785156 2.0355787277221679688 1.4782766103744506836 1.6184961795806884766 1.7051289081573486328 1.8063701391220092773 1.9533054828643798828 2.0571389198303222656 1.5262857675552368164 1.4910446405410766602 1.4902098178863525391 1.4814114570617675781 1.4730799198150634766 1.4668910503387451172 1.4645943641662597656 1.4637869596481323242 1.461968541145324707 1.5848581790924072266 1.6322611570358276367 1.6673895120620727539 1.6958366632461547852 1.7192596197128295898 1.7364645004272460938 1.7278674840927124023 1.6826596260070800781 1.4268987178802490234 0 0.83021837472915649414 0.95314908027648925781 1.046221613883972168 0.99051558971405029297 1.0659670829772949219 1.1349565982818603516
1.3969664573669433594 1.4259303808212280273 1.4205074310302734375 1.4237813949584960938 1.4033060073852539062 1.0018408298492431641 1.0020487308502197266 1.0032153129577636719 1.0064051151275634766 1.9568142890930175781 1.4477200508117675781 1.449387669563293457 0.88447517156600952148 1.4918807744979858398 1.7297534942626953125 1.5352731943130493164 1.5036672353744506836 1.4672499895095825195 1.5028377771377563477 1.4949066638946533203 1.4835157394409179688 1.4800211191177368164 1.4802381992340087891 1.4811457395553588867 1.4808230400085449219 1.4772258996963500977 0.87360715866088867188 0.99905169010162353516 1.0926098823547363281 1.1695504188537597656 1.2441058158874511719 1.3258762359619140625 1.3883777856826782227 1.4206577539443969727 0.85006976127624511719 0 0.82911890745162963867 0.95108270645141601562 1.0418494939804077148 1.1149947643280029297 1.0349395275115966797 1.110406041145324707
1.4074927568435668945 1.3976361751556396484 1.4067521095275878906 1.3804758787155151367 0.87087798118591308594 0.86646741628646850586 0.8658046722412109375 0.86849015951156616211 1.8784916400909423828 1.4162023067474365234 1.4177793264389038086 1.4137070178985595703 1.449509739875793457 1.6508998870849609375 1.5154542922973632812 1.4731861352920532227 1.4277272224426269531 1.4871766567230224609 1.5050044059753417969 1.5948771238327026367 1.6541187763214111328 1.7106883525848388672 1.7582557201385498047 1.791197657585144043 1.8017535209655761719 1.7802408933639526367 1.7134306430816650391 1.6053874492645263672 1.5017582178115844727 1.4396817684173583984 1.4233531951904296875 1.4487949609756469727 1.5938966274261474609 1.6513636112213134766 1.6907106637954711914 0 0.82680672407150268555 0.9484341740608215332 1.0379748344421386719 1.1087164878845214844 1.1744250059127807617 1.0838208198547363281
1.3597497940063476562 1.3704112768173217773 1.3383065462112426758 1.3344295024871826172 1.3751046657562255859 1.4043517112731933594 1.6898719072341918945 1.7929438352584838867 1.3764023780822753906 1.3784021139144897461 1.3752371072769165039 1.4429202079772949219 1.5511842966079711914 1.4770759344100952148 1.4269289970397949219 1.3783065080642700195 1.4572021961212158203 1.5006918907165527344 1.4318681955337524414 1.4664527177810668945 1.4625754356384277344 1.4669867753982543945 1.4782365560531616211 1.4955966472625732422 1.5081895589828491211 1.5095889568328857422 1.4985040426254272461 1.4757474660873413086 1.4497541189193725586 1.4268450736999511719 1.4238020181655883789 1.4544355869293212891 0.88262879848480224609 0.86051666736602783203 0.98075819015502929688 0 0.8234710693359375 0.94415330886840820312 1.0334104299545288086 1.1045757532119750977 1.1709809303283691406 1.2388461828231811523
1.3242641687393188477 1.2808237075805664062 1.2797250747680664062 1.3963915109634399414 1.4878615140914916992 1.5824105739593505859 1.4266316890716552734 1.3255703449249267578 1.3282222747802734375 1.3253645896911621094 1.4276456832885742188 1.3548414707183837891 1.4343906641006469727 1.353215336799621582 1.3104094266891479492 1.4149556159973144531 1.483683466911315918 1.3960883617401123047 1.4704428911209106445 0.87198793888092041016 1.5755516290664672852 1.6642160415649414062 1.7480309009552001953 1.8535927534103393555 1.9498826265335083008 2.0280613899230957031 2.0942168235778808594 2.1497390270233154297 2.1980395317077636719 2.2408003807067871094 2.2914662361145019531 2.3620517253875732422 2.3979859352111816406 2.3979859352111816406 2.2174320220947265625 0.37222230434417724609 0.81736898422241210938 0.93803447484970092773 1.029482722282409668 1.1048997640609741211 1.173601984977722168 1.2397236824035644531
1.2110564708709716797 1.2120560407638549805 1.3682715892791748047 1.2695109844207763672 1.2635382413864135742 1.4152023792266845703 1.2621611356735229492 1.2670352458953857422 1.2663482427597045898 1.4083561897277832031 1.3056734800338745117 1.4143654108047485352 1.2674777507781982422 1.2166107892990112305 1.3563371896743774414 1.4591144323348999023 1.3426848649978637695 1.4624884128570556641 1.3753868341445922852 1.503123164176940918 1.3664642572402954102 1.3606314659118652344 1.4901223182678222656 1.451076507568359375 1.4156228303909301758 1.5440119504928588867 1.6152366399765014648 1.6679906845092773438 1.7067025899887084961 1.7318699359893798828 1.7494660615921020508 1.7590427398681640625 1.7312252521514892578 1.6558973789215087891 1.3601289987564086914 0.89572054147720336914 0.87400847673416137695 0.96610879898071289062 1.0515035390853881836 1.1274918317794799805 1.1943303346633911133 1.2526689767837524414
