tests/data/reference/gistest_nucice/full/control/cinfil_m3.asc
ncols        123
nrows        77
xllcorner    -713746.799299980048
yllcorner    -1061022.369616159936
cellsize     10.000000000000
NODATA_value  -9999
[rows 38 to 56 of 77, columns 42 to 83 of 123]
0.99669599533081054688 1.1013066768646240234 1.1846926212310791016 1.2502776384353637695 1.3039418458938598633 1.3481092453002929688 0.85169076919555664062 0.85914605855941772461 0.8593502044677734375 0.78720754384994506836 0.90968739986419677734 1.0024702548980712891 1.0888285636901855469 1.9059362411499023438 1.9059362411499023438 1.9059362411499023438 1.9059362411499023438 1.9059362411499023438 1.9059362411499023438 1.9059362411499023438 1.9059362411499023438 1.9059362411499023438 1.9059362411499023438 1.9059362411499023438 1.9059362411499023438 1.9059362411499023438 1.9059362411499023438 1.9059362411499023438 1.9059362411499023438 1.4867519140243530273 1.472298741340637207 1.4522423744201660156 1.9059362411499023438 1.443055272102355957 1.4368888139724731445 1.4583035707473754883 1.4258399009704589844 1.3595446348190307617 1.5266478061676025391 1.7976220846176147461 1.8254135847091674805 1.087199091911315918
1.0004059076309204102 1.1076160669326782227 1.1939840316772460938 1.2621226310729980469 1.3155611753463745117 1.3569279909133911133 1.3928047418594360352 1.4272195100784301758 1.4513838291168212891 1.4608529806137084961 1.4631007909774780273 2.3979859352111816406 2.3979859352111816406 1.4262654781341552734 1.4158278703689575195 1.4010432958602905273 1.3903100490570068359 1.3842984437942504883 1.3813890218734741211 1.3827687501907348633 1.3877115249633789062 1.2165884971618652344 1.2155343294143676758 1.22747039794921875 1.2425347566604614258 1.2587066888809204102 1.4205763339996337891 1.5490739345550537109 1.6641137599945068359 1.9059362411499023438 1.9059362411499023438 1.9059362411499023438 1.9059362411499023438 1.9059362411499023438 1.498242497444152832 1.5053082704544067383 1.4676018953323364258 1.3986134529113769531 1.609887242317199707 0 1.6916904449462890625 1.2217980623245239258
1.1059162616729736328 1.1962134838104248047 1.2723041772842407227 1.3324750661849975586 1.375456690788269043 1.4021238088607788086 1.4212183952331542969 1.4375200271606445312 1.451037287712097168 1.4619022607803344727 2.3979859352111816406 1.4576189517974853516 1.439617156982421875 1.4245707988739013672 1.4105712175369262695 1.395956873893737793 1.3829427957534790039 1.3720186948776245117 1.3654918670654296875 1.3638091087341308594 1.3661139011383056641 1.3454241752624511719 1.34970855712890625 1.3566164970397949219 1.3657799959182739258 1.2220196723937988281 1.2243511676788330078 1.9059362411499023438 1.9059362411499023438 1.9059362411499023438 1.9059362411499023438 1.608978271484375 1.8027771711349487305 1.9059362411499023438 1.9059362411499023438 1.5641663074493408203 1.5048543214797973633 0.82128143310546875 0 1.4978121519088745117 1.671338200569152832 1.3333135843276977539
1.3358451128005981445 1.372173309326171875 1.4064475297927856445 1.4318025112152099609 1.4473656415939331055 1.45316314697265625 1.4543552398681640625 1.4541165828704833984 2.3979859352111816406 2.3979859352111816406 1.487898707389831543 1.4692614078521728516 1.4512249231338500977 1.4384520053863525391 1.4267704486846923828 1.4114032983779907227 1.3926050662994384766 1.3788940906524658203 1.3699352741241455078 1.366337895393371582 1.3215657472610473633 1.3198887109756469727 1.3196697235107421875 1.3210693597793579102 1.3662230968475341797 1.3478267192840576172 2.3979859352111816406 1.3884692192077636719 1.2008035182952880859 1.2046449184417724609 1.2192547321319580078 1.0827416181564331055 0.97822439670562744141 1.0135482549667358398 1.9059362411499023438 1.9059362411499023438 1.5804259777069091797 1.7853101491928100586 1.9054162502288818359 1.462172389030456543 1.7620881795883178711 1.4306405782699584961
1.8959310054779052734 1.9554001092910766602 2.0059285163879394531 2.0430512428283691406 2.0734412670135498047 2.0962464809417724609 2.0993661880493164062 2.3979859352111816406 1.5180650949478149414 1.5118919610977172852 1.4987318515777587891 1.4821445941925048828 1.4678869247436523438 1.4580643177032470703 1.4475891590118408203 1.4245562553405761719 1.406063079833984375 1.3922539949417114258 1.3842920064926147461 1.3060201406478881836 1.2992753982543945312 1.2946364879608154297 1.2917881011962890625 1.3582291603088378906 1.3167307376861572266 2.3979859352111816406 1.3649895191192626953 1.3217558860778808594 1.2919658422470092773 1.2998836040496826172 1.2027685642242431641 1.1547309160232543945 1.1953437328338623047 0.93759739398956298828 0.97459715604782104492 1.9054162502288818359 1.9054162502288818359 0 1.9059362411499023438 1.4825795888900756836 1.9054597616195678711 1.3274471759796142578
1.4626741409301757812 1.4691053628921508789 1.4725692272186279297 1.4701185226440429688 1.4704470634460449219 1.4780030250549316406 2.3979859352111816406 1.5320166349411010742 1.5269532203674316406 1.5199217796325683594 1.510987401008605957 1.4995809793472290039 1.4889991283416748047 1.4807945489883422852 1.4555406570434570312 1.4377106428146362305 1.4201045036315917969 1.4106435775756835938 1.2932447195053100586 1.282993316650390625 1.2729456424713134766 1.2666662931442260742 1.36705780029296875 1.2960827350616455078 2.3979859352111816406 1.3651661872863769531 1.2902300357818603516 1.2416945695877075195 1.2372910976409912109 1.3361139297485351562 1.2418929338455200195 1.0945208072662353516 1.1084977388381958008 1.1560217142105102539 1.1801306009292602539 1.0209102630615234375 1.0928719043731689453 0.33112284541130065918 1.9054162502288818359 1.9059362411499023438 1.9059362411499023438 1.4483973979949951172
2.3979859352111816406 2.3979859352111816406 2.3979859352111816406 2.3979859352111816406 2.3979859352111816406 2.3979859352111816406 1.5263193845748901367 1.5322444438934326172 1.5315507650375366211 1.5274356603622436523 1.5220000743865966797 1.5153870582580566406 1.5084923505783081055 1.4731677770614624023 1.4601111412048339844 1.4421178102493286133 1.4284348487854003906 1.2618392705917358398 1.2583143711090087891 1.2482084035873413086 1.2386666536331176758 1.3831870555877685547 1.276867985725402832 2.3979859352111816406 1.3805460929870605469 1.2647686004638671875 1.2034868001937866211 1.1943182945251464844 1.321506500244140625 1.1841348409652709961 1.1853525638580322266 1.187634587287902832 1.0509326457977294922 1.0714069604873657227 1.110804438591003418 1.4073876142501831055 0 1.3046897649765014648 0.33112284541130065918 1.9054162502288818359 1.9059362411499023438 1.5735491514205932617
1.4487861394882202148 1.575053095817565918 1.6850054264068603516 1.7889943122863769531 1.4809936285018920898 1.4943882226943969727 1.509096980094909668 1.5253101587295532227 1.5342353582382202148 1.533224940299987793 1.5306681394577026367 1.5297390222549438477 1.4810565710067749023 1.4703077077865600586 1.4544711112976074219 1.4385608434677124023 1.2029119729995727539 1.2048145532608032227 1.2040330171585083008 1.1991972923278808594 1.3992105722427368164 1.2504972219467163086 2.3979859352111816406 1.4060188531875610352 1.234827876091003418 1.1623325347900390625 1.1543499231338500977 1.3164644241333007812 1.1336591243743896484 1.130648493766784668 1.128498077392578125 1.1235479116439819336 1.1253622770309448242 1.0127892494201660156 1.0264238119125366211 1.5083017349243164062 0 1.0152122974395751953 1.10988616943359375 0.91754961013793945312 0.33112284541130065918 1.9054162502288818359
1.4335790872573852539 1.4354141950607299805 1.4411413669586181641 1.451717376708984375 1.4624484777450561523 1.4732332229614257812 1.4877269268035888672 1.5076159238815307617 1.5229164361953735352 1.5281226634979248047 1.5331704616546630859 1.474329829216003418 1.4734578132629394531 1.4596064090728759766 1.4420125484466552734 1.1299415826797485352 1.1296660900115966797 1.1276471614837646484 1.127297520637512207 1.4007471799850463867 1.2065786123275756836 2.3979859352111816406 1.4321525096893310547 1.1891505718231201172 1.1025915145874023438 1.1001501083374023438 1.3075618743896484375 1.0762439966201782227 1.0661159753799438477 1.0632728338241577148 1.0578669309616088867 1.048273921012878418 1.0463418960571289062 1.057094573974609375 1.4032396078109741211 0.85749250650405883789 0.85940700769424438477 0.77880722284317016602 0.91440904140472412109 1.0172845125198364258 1.1160668134689331055 0.92192542552947998047
1.4249095916748046875 1.4259743690490722656 1.4305086135864257812 1.4389576911926269531 1.4483125209808349609 1.4577780961990356445 1.4701983928680419922 1.4859788417816162109 1.5026624202728271484 1.5138565301895141602 1.4310175180435180664 1.4489301443099975586 1.4525188207626342773 1.4357435703277587891 1.0350744724273681641 1.0361168384552001953 1.0339722633361816406 1.0283057689666748047 1.3820246458053588867 1.1335846185684204102 2.3979859352111816406 1.4579919576644897461 1.1173540353775024414 1.0129114389419555664 1.014077305793762207 1.2800948619842529297 1.0061829090118408203 0.98872649669647216797 0.97860676050186157227 0.97557878494262695312 0.96846193075180053711 0.95716679096221923828 0.95153707265853881836 1.3874769210815429688 0.82892531156539916992 1.1763436794281005859 1.1250805854797363281 0.98885959386825561523 0.99665164947509765625 1.0514038801193237305 1.1185899972915649414 1.1921731233596801758
1.4225597381591796875 1.4226243495941162109 1.4249702692031860352 1.4298522472381591797 1.4371410608291625977 1.4485329389572143555 1.4582785367965698242 1.4699569940567016602 1.4816200733184814453 1.3597487211227416992 1.3762878179550170898 1.3985912799835205078 1.4059010744094848633 0.90415358543395996094 0.8979899287223815918 0.89897304773330688477 0.89765429496765136719 1.3575757741928100586 1.034563899040222168 2.3979859352111816406 1.4862856864929199219 1.0189461708068847656 0.87475991249084472656 0.878124237060546875 1.216929316520690918 0.88177168369293212891 0.8756682276725769043 0.86233043670654296875 0.85512435436248779297 0.85334604978561401367 0.84730517864227294922 0.83731895685195922852 1.3839917182922363281 0.95298886299133300781 1.0506088733673095703 1.4239989519119262695 1.2072696685791015625 1.394931793212890625 1.5044791698455810547 1.5866047143936157227 1.6634430885314941406 1.7428135871887207031
1.4230607748031616211 1.4226849079132080078 1.4226899147033691406 1.4241815805435180664 1.4332523345947265625 1.4413406848907470703 1.4509335756301879883 1.4537682533264160156 1.2771495580673217773 1.2899736166000366211 1.3058868646621704102 1.3254609107971191406 0.91347116231918334961 1.055317997932434082 1.1602492332458496094 1.2463223934173583984 1.3153539896011352539 0.90305840969085693359 2.3979859352111816406 1.5113668441772460938 0.88649529218673706055 0.87919247150421142578 1.0190013647079467773 1.1293878555297851562 0.88160741329193115234 1.0246400833129882812 1.1267610788345336914 1.2005797624588012695 1.2614219188690185547 1.3146365880966186523 1.3554663658142089844 1.3829634189605712891 0.84050208330154418945 0.82626646757125854492 1.4223057031631469727 1.3579046726226806641 1.5262451171875 1.1055494546890258789 1.0656670331954956055 1.1486079692840576172 1.2215852737426757812 1.2934184074401855469
1.421947479248046875 1.4214361906051635742 1.4204647541046142578 1.4288269281387329102 1.42978668212890625 1.4376349449157714844 1.4361782073974609375 1.1929060220718383789 1.1983208656311035156 1.2102311849594116211 1.2230032682418823242 2.1223180294036865234 2.2015841007232666016 2.2702190876007080078 2.32877349853515625 2.3762090206146240234 2.3979859352111816406 2.3979859352111816406 1.5288114547729492188 0.89425951242446899414 1.0322109460830688477 1.1333571672439575195 1.2153936624526977539 1.2856858968734741211 1.3420232534408569336 1.3845038414001464844 1.4120147228240966797 1.4250162839889526367 1.432236790657043457 1.4387933015823364258 1.4449305534362792969 1.4513049125671386719 1.4499644041061401367 1.4380072355270385742 1.6042939424514770508 0 0.99797070026397705078 0.82541674375534057617 0.85850691795349121094 0.95276665687561035156 1.0326962471008300781 1.1069715023040771484
1.4149357080459594727 1.4153628349304199219 1.4306485652923583984 1.4261488914489746094 1.4288604259490966797 1.4188220500946044922 1.1050107479095458984 1.1052228212356567383 1.1090037822723388672 1.1185814142227172852 2.0346775054931640625 1.4775420427322387695 1.617839813232421875 1.7046205997467041016 1.8059448003768920898 1.9528515338897705078 2.0567517280578613281 1.5258088111877441406 1.4903163909912109375 1.489837646484375 1.4813121557235717773 1.4731107950210571289 1.4669204950332641602 1.4645594358444213867 1.4636876583099365234 1.4618319272994995117 1.5847735404968261719 1.6321899890899658203 1.6673595905303955078 1.6959068775177001953 1.7195456027984619141 1.7371672391891479492 1.7292422056198120117 1.6848936080932617188 1.4257464408874511719 0 0.82859843969345092773 0.95134407281875610352 1.0442765951156616211 0.98892003297805786133 1.0643668174743652344 1.1333718299865722656
1.3958351612091064453 1.4252920150756835938 1.4195517301559448242 1.4228250980377197266 1.4020900726318359375 0.99997311830520629883 1.0001809597015380859 1.001346588134765625 1.0045338869094848633 1.9558418989181518555 1.4466936588287353516 1.4483735561370849609 0.88274228572845458984 1.4911566972732543945 1.7290550470352172852 1.5350115299224853516 1.5027588605880737305 1.4661427736282348633 1.5023380517959594727 1.4947261810302734375 1.4835544824600219727 1.4801321029663085938 1.4803099632263183594 1.4811490774154663086 1.4807833433151245117 1.4771791696548461914 0.87189233303070068359 0.99718618392944335938 1.0906643867492675781 1.1675982475280761719 1.2422012090682983398 1.3240826129913330078 1.3867483139038085938 1.4192410707473754883 0.84840172529220581055 0 1.092127680778503418 1.1549124717712402344 1.232112884521484375 1.2995375394821166992 1.1774411201477050781 1.2516615390777587891
1.4068033695220947266 1.396479487419128418 1.4055701494216918945 1.3790220022201538086 0.86916804313659667969 0.86476564407348632812 0.86410421133041381836 0.86678457260131835938 1.8774514198303222656 1.414908289909362793 1.4164910316467285156 1.4124155044555664062 1.4484894275665283203 1.6500947475433349609 1.5150483846664428711 1.4719092845916748047 1.4262855052947998047 1.4863114356994628906 1.5048587322235107422 1.5944349765777587891 1.6537517309188842773 1.7104614973068237305 1.7582488059997558594 1.7915561199188232422 1.8027330636978149414 1.7822221517562866211 1.7166892290115356445 1.609202265739440918 1.5043809413909912109 1.4407886266708374023 1.4235985279083251953 1.4486262798309326172 1.5935885906219482422 1.6510157585144042969 1.6903489828109741211 0 1.8071925640106201172 1.7827706336975097656 1.7848272323608398438 1.7833746671676635742 1.7814640998840332031 1.5024377107620239258
1.3583997488021850586 1.3690166473388671875 1.3366512060165405273 1.3327634334564208984 1.373638153076171875 1.4031243324279785156 1.6886385679244995117 1.7918293476104736328 1.3748811483383178711 1.3768801689147949219 1.3737150430679321289 1.4423567056655883789 1.5503373146057128906 1.4766198396682739258 1.425370335578918457 1.3766149282455444336 1.4559901952743530273 1.5003266334533691406 1.4306889772415161133 1.4662778377532958984 1.4624172449111938477 1.4668563604354858398 1.4781242609024047852 1.4954960346221923828 1.5081180334091186523 1.5095801353454589844 1.4985826015472412109 1.4758979082107543945 1.4499075412750244141 1.4269064664840698242 1.4237041473388671875 1.454181671142578125 0.88089883327484130859 0.85882651805877685547 0.97890967130661010742 0 0.90868341922760009766 0.84655970335006713867 0.95574367046356201172 1.0643708705902099609 1.4072103500366210938 1.5102877616882324219
1.3226882219314575195 1.2790187597274780273 1.2779108285903930664 1.395234227180480957 1.4866187572479248047 1.5811235904693603516 1.4261559247970581055 1.3238692283630371094 1.3265168666839599609 1.3236584663391113281 1.4269446134567260742 1.3533298969268798828 1.4339803457260131836 1.3514493703842163086 1.3085510730743408203 1.4134539365768432617 1.4830511808395385742 1.3946573734283447266 1.4702707529067993164 0.87027597427368164062 1.574268341064453125 1.663003087043762207 1.7468994855880737305 1.8524909019470214844 1.9488499164581298828 2.0270988941192626953 2.0933194160461425781 2.148906707763671875 2.1972765922546386719 2.2401175498962402344 2.2908890247344970703 2.3616354465484619141 2.3979859352111816406 2.3979859352111816406 2.3979859352111816406 2.3974659442901611328 2.3979859352111816406 1.5716991424560546875 1.3136969804763793945 1.2456506490707397461 1.2472456693649291992 1.2828698158264160156
1.209160923957824707 1.2101521492004394531 1.3668972253799438477 1.267706751823425293 1.2617250680923461914 1.4146803617477416992 1.260329127311706543 1.2652000188827514648 1.2645124197006225586 1.4074628353118896484 1.303997039794921875 1.414067387580871582 1.2655824422836303711 1.2146611213684082031 1.3546121120452880859 1.4581840038299560547 1.3410490751266479492 1.462308049201965332 1.3739414215087890625 1.5017313957214355469 1.3649715185165405273 1.3591217994689941406 1.4886746406555175781 1.4506959915161132812 1.4143159389495849609 1.5427597761154174805 1.6141091585159301758 1.6670159101486206055 1.7059326171875 1.731404423713684082 1.7495059967041015625 1.7599437236785888672 1.7333457469940185547 1.6591582298278808594 1.8136293888092041016 1.8240560293197631836 1.5562443733215332031 1.2248309850692749023 1.1034699678421020508 1.1468079090118408203 1.2036212682723999023 1.2574340105056762695
