tests/data/reference/gistest_nucice/full/control/cinfil_m3.asc
ncols        123
nrows        77
xllcorner    -713746.799299980048
yllcorner    -1061022.369616159936
cellsize     10.000000000000
NODATA_value  -9999
[rows 36 to 53 of 77, columns 0 to 40 of 123]
-9999 -9999 -9999 -9999 -9999 -9999 -9999 -9999 -9999 -9999 -9999 -9999 0 1.3193600177764892578 0.77695286273956298828 0.78074449300765991211 0.78001219034194946289 0.78135645389556884766 0.78239941596984863281 0.78360527753829956055 0.78480714559555053711 0.78587013483047485352 0.7853749394416809082 0.78449267148971557617 0.78316438198089599609 0.78181660175323486328 0.78034317493438720703 0.77814280986785888672 0.77779275178909301758 0.7781314849853515625 0.77673244476318359375 0.8478794097900390625 0.71487689018249511719 0.76131510734558105469 0.77925902605056762695 0.7798411250114440918 0.77593445777893066406 0.77423042058944702148 0.77496522665023803711 0.77019083499908447266 0.76847887039184570312
-9999 -9999 -9999 -9999 -9999 -9999 -9999 -9999 -9999 -9999 -9999 0 1.7302412986755371094 0.78075987100601196289 0.78761655092239379883 0.76737970113754272461 0.77665007114410400391 0.778594970703125 0.78030407428741455078 0.78196889162063598633 0.7831484675407409668 0.78432619571685791016 0.78404420614242553711 0.78353804349899291992 0.78277051448822021484 0.78183394670486450195 0.78152120113372802734 0.77786099910736083984 0.78007405996322631836 0.77977126836776733398 0.77736896276473999023 0.8265673518180847168 0.71873199939727783203 0.77472895383834838867 0.77614331245422363281 0.76549553871154785156 0.76370799541473388672 0.77782881259918212891 0.76114851236343383789 0.75962316989898681641 0.7567583918571472168
-9999 -9999 -9999 -9999 -9999 -9999 -9999 -9999 -9999 -9999 0 0 0.87510508298873901367 0.82975369691848754883 0.7349516749382019043 0.76658660173416137695 0.77450376749038696289 0.77587515115737915039 0.77814429998397827148 0.78022855520248413086 0.78172713518142700195 0.78314793109893798828 0.78319472074508666992 0.78285425901412963867 0.78247582912445068359 0.78138959407806396484 0.76779568195343017578 0.78148955106735229492 0.78187543153762817383 0.78152555227279663086 0.7785651087760925293 0.77683991193771362305 0.77538669109344482422 0.761837005615234375 0.7201798558235168457 0.72259199619293212891 0.78389286994934082031 0.72396826744079589844 0.72367459535598754883 0.72284543514251708984 0.71885442733764648438
-9999 -9999 -9999 -9999 -9999 -9999 -9999 -9999 -9999 -9999 0 1.3306620121002197266 0.83282339572906494141 0.77462548017501831055 0.73957908153533935547 0.77731245756149291992 0.77612411975860595703 0.77570617198944091797 0.77582561969757080078 0.77912104129791259766 0.78048956394195556641 0.78230780363082885742 0.78301376104354858398 0.78310734033584594727 0.78125244379043579102 0.72585749626159667969 0.77994775772094726562 0.78229731321334838867 0.78063255548477172852 0.78132206201553344727 0.77849358320236206055 0.77719485759735107422 0.72784078121185302734 0.72266054153442382812 0.76626992225646972656 0.78420734405517578125 0.72668308019638061523 0.77107250690460205078 0.78124636411666870117 0.78093564510345458984 0.71965074539184570312
-9999 -9999 -9999 -9999 -9999 -9999 -9999 -9999 -9999 0 1.7526203393936157227 0.96390157938003540039 0.7827040553092956543 0.74109929800033569336 0.77570390701293945312 0.7818362116813659668 0.77929109334945678711 0.76841026544570922852 0.77799814939498901367 0.77790719270706176758 0.7797114253044128418 0.78169858455657958984 0.78258025646209716797 0.76962673664093017578 0.72692543268203735352 0.76982700824737548828 0.78311371803283691406 0.76973462104797363281 0.77144348621368408203 0.77355307340621948242 0.77130097150802612305 0.73127132654190063477 0.76788276433944702148 0.77497404813766479492 0.77988892793655395508 0.78514575958251953125 0.78631067276000976562 0.78591841459274291992 0.72400724887847900391 0.72010451555252075195 0.77206349372863769531
-9999 -9999 -9999 -9999 -9999 -9999 -9999 -9999 -9999 0 1.3610361814498901367 0.78727185726165771484 0.77677845954895019531 0.74218446016311645508 0.78179585933685302734 0.78353047370910644531 0.73776197433471679688 0.79079329967498779297 0.77730822563171386719 0.77729511260986328125 0.77954328060150146484 0.78179341554641723633 0.72795659303665161133 0.72654885053634643555 0.76981604099273681641 0.78324294090270996094 0.72874331474304199219 0.72937947511672973633 0.73151570558547973633 0.7355315089225769043 0.73528575897216796875 0.76767969131469726562 0.77541595697402954102 0.77740430831909179688 0.78036606311798095703 0.78352725505828857422 0.7849032282829284668 0.72252625226974487305 0.77870166301727294922 0.75982677936553955078 0.75889819860458374023
-9999 -9999 -9999 -9999 -9999 -9999 -9999 -9999 0 1.7397475242614746094 0.83629512786865234375 0.78575158119201660156 0.74309492111206054688 0.77639871835708618164 0.78298431634902954102 0.7839228510856628418 0.82576847076416015625 0.78299063444137573242 0.77944153547286987305 0.77762520313262939453 0.77976393699645996094 0.77008008956909179688 0.78003448247909545898 0.78119015693664550781 0.78353464603424072266 0.86203145980834960938 0.86159187555313110352 0.80827784538269042969 0.78942960500717163086 0.78908240795135498047 0.78368389606475830078 0.77700954675674438477 0.77700918912887573242 0.77844423055648803711 0.78077858686447143555 0.78316360712051391602 0.78468853235244750977 0.84104126691818237305 0.84342843294143676758 0.85298019647598266602 0.85934501886367797852
-9999 -9999 -9999 -9999 -9999 -9999 -9999 0 0 0.82427424192428588867 0.77416181564331054688 0.78293061256408691406 0.74204093217849731445 0.78559356927871704102 0.78405529260635375977 0.78414487838745117188 0.78424507379531860352 0.78497755527496337891 0.78246361017227172852 0.77964729070663452148 0.72992867231369018555 0.72883659601211547852 0.76939952373504638672 0.85145598649978637695 0.85478723049163818359 0.78401070833206176758 0.78356510400772094727 0.78462767601013183594 0.78582054376602172852 0.78783410787582397461 0.7832667231559753418 0.77766537666320800781 0.77797269821166992188 0.77966982126235961914 0.78173369169235229492 0.78374344110488891602 0.78493225574493408203 0.78579103946685791016 0.78325229883193969727 0.78001493215560913086 0.78146314620971679688
-9999 -9999 -9999 -9999 -9999 -9999 -9999 0 0.7420533299446105957 0.82925647497177124023 0.73838800191879272461 0.77284449338912963867 0.78315562009811401367 0.78570038080215454102 0.78538721799850463867 0.78511142730712890625 0.78469949960708618164 0.78553926944732666016 0.78395807743072509766 0.78069460391998291016 0.82858031988143920898 0.84803462028503417969 0.85480064153671264648 0.78450882434844970703 0.78254330158233642578 0.76825767755508422852 0.72584569454193115234 0.76979720592498779297 0.7828839421272277832 0.78666657209396362305 0.78342187404632568359 0.77898097038269042969 0.77957576513290405273 0.78141534328460693359 0.78293251991271972656 0.78415828943252563477 0.8672205805778503418 0.86999905109405517578 0.87119948863983154297 0.87146860361099243164 0.87521559000015258789
-9999 -9999 -9999 -9999 -9999 -9999 -9999 0.43388387560844421387 0.83194065093994140625 0.78584253787994384766 0.7413685917854309082 0.77411282062530517578 0.78273123502731323242 0.78612059354782104492 0.78674757480621337891 0.78661751747131347656 0.7848898768424987793 0.78366386890411376953 0.78128951787948608398 0.77793765068054199219 0.77875030040740966797 0.78134697675704956055 0.78168600797653198242 0.78337061405181884766 0.72717851400375366211 0.72523009777069091797 0.76852655410766601562 0.78205323219299316406 0.78474938869476318359 0.78534263372421264648 0.78362816572189331055 0.78125137090682983398 0.78165733814239501953 0.85986870527267456055 0.86119043827056884766 0.86337900161743164062 0.78337073326110839844 0.78391939401626586914 0.78462845087051391602 0.78486859798431396484 0.78591305017471313477
-9999 -9999 -9999 -9999 -9999 -9999 0 0.89752691984176635742 0.7860965728759765625 0.78665983676910400391 0.74088460206985473633 0.77583456039428710938 0.78415679931640625 0.78587430715560913086 0.78716242313385009766 0.78804492950439453125 0.78653717041015625 0.78381252288818359375 0.78011041879653930664 0.77651584148406982422 0.7770703434944152832 0.76746857166290283203 0.76866292953491210938 0.77053982019424438477 0.78118550777435302734 0.78076338768005371094 0.78262501955032348633 0.78565114736557006836 0.78503209352493286133 0.78352409601211547852 0.78364390134811401367 0.86389410495758056641 0.86258983612060546875 0.78415942192077636719 0.78347706794738769531 0.78282004594802856445 0.78169953823089599609 0.78083258867263793945 0.7809016108512878418 0.78116679191589355469 0.78214228153228759766
-9999 -9999 -9999 -9999 -9999 -9999 1.3255105018615722656 0.79754769802093505859 0.77595889568328857422 0.77430385351181030273 0.7373402714729309082 0.77968764305114746094 0.7801488041877746582 0.78159409761428833008 0.78344595432281494141 0.78564983606338500977 0.78739881515502929688 0.78699827194213867188 0.78332531452178955078 0.77923023700714111328 0.7290185093879699707 0.72717463970184326172 0.72624659538269042969 0.72632443904876708984 0.76876479387283325195 0.77894586324691772461 0.78268873691558837891 0.86687910556793212891 0.86507385969161987305 0.86170601844787597656 0.86304312944412231445 0.78601837158203125 0.7847270965576171875 0.78331226110458374023 0.78228199481964111328 0.78145295381546020508 0.7803745269775390625 0.77946650981903076172 0.77980214357376098633 0.7802448272705078125 0.78058993816375732422
-9999 -9999 -9999 -9999 -9999 0 0.79139298200607299805 0.82800656557083129883 0.73920923471450805664 0.73843443393707275391 0.77025115489959716797 0.7759914398193359375 0.77630662918090820312 0.77889662981033325195 0.77928024530410766602 0.78262525796890258789 0.78575849533081054688 0.787479400634765625 0.78447616100311279297 0.78070050477981567383 0.82682782411575317383 0.84420716762542724609 0.8514029383659362793 0.85653614997863769531 0.86092108488082885742 0.8635203242301940918 0.86562067270278930664 0.78754222393035888672 0.78753829002380371094 0.78605067729949951172 0.78576993942260742188 0.78609877824783325195 0.78469544649124145508 0.78293937444686889648 0.78164327144622802734 0.78076559305191040039 0.77966523170471191406 0.77845442295074462891 0.77878820896148681641 0.77960598468780517578 0.779987335205078125
-9999 -9999 -9999 -9999 0 0.47509416937828063965 0.78264868259429931641 0.81521004438400268555 0.74159276485443115234 0.74325990676879882812 0.77244073152542114258 0.77760279178619384766 0.78488194942474365234 0.76997029781341552734 0.7788493037223815918 0.78165197372436523438 0.7844269871711730957 0.7865397334098815918 0.78352302312850952148 0.77999901771545410156 0.7801215052604675293 0.78149557113647460938 0.78267812728881835938 0.78336918354034423828 0.78588330745697021484 0.78771770000457763672 0.78791183233261108398 0.78844153881072998047 0.78926092386245727539 0.78888553380966186523 0.78824377059936523438 0.78847205638885498047 0.78816968202590942383 0.78717321157455444336 0.78586357831954956055 0.78454393148422241211 0.78274172544479370117 0.7803084254264831543 0.77926194667816162109 0.77949434518814086914 0.78025960922241210938
-9999 -9999 -9999 -9999 0 0.78564029932022094727 0.77162635326385498047 0.77532982826232910156 0.77481800317764282227 0.74628078937530517578 0.77945303916931152344 0.82199043035507202148 0.73957276344299316406 0.76978373527526855469 0.77745550870895385742 0.78039580583572387695 0.78323209285736083984 0.7857920527458190918 0.78319609165191650391 0.77943366765975952148 0.77863514423370361328 0.78190505504608154297 0.77962452173233032227 0.78181385993957519531 0.78405582904815673828 0.78656035661697387695 0.78722679615020751953 0.78761714696884155273 0.78893959522247314453 0.78964889049530029297 0.78897070884704589844 0.78865730762481689453 0.78877604007720947266 0.78876590728759765625 0.78824669122695922852 0.78721672296524047852 0.78562051057815551758 0.78305840492248535156 0.78074371814727783203 0.77982681989669799805 0.78085529804229736328
-9999 -9999 -9999 0 0.47153732180595397949 0.80630165338516235352 0.74442088603973388672 0.77214121818542480469 0.74832177162170410156 0.77673625946044921875 0.81088048219680786133 0.77928340435028076172 0.74214398860931396484 0.7688134312629699707 0.77510428428649902344 0.77863764762878417969 0.78137660026550292969 0.78412157297134399414 0.78264278173446655273 0.77823203802108764648 0.78797364234924316406 0.76395636796951293945 0.77381491661071777344 0.77594274282455444336 0.77817440032958984375 0.78104078769683837891 0.78247821331024169922 0.78312844038009643555 0.78450071811676025391 0.78567200899124145508 0.78524422645568847656 0.78453409671783447266 0.78436112403869628906 0.78489667177200317383 0.78581219911575317383 0.78637486696243286133 0.78651911020278930664 0.78550517559051513672 0.78286767005920410156 0.78081029653549194336 0.78190094232559204102
-9999 -9999 -9999 0 0.81278759241104125977 0.77020996809005737305 0.75002592802047729492 0.75378125905990600586 0.77356928586959838867 0.77428126335144042969 0.79554420709609985352 0.77683740854263305664 0.74576526880264282227 0.76694190502166748047 0.77294766902923583984 0.77705019712448120117 0.77924680709838867188 0.78201544284820556641 0.78259962797164916992 0.82878929376602172852 0.72856080532073974609 0.76069432497024536133 0.7679843902587890625 0.77005946636199951172 0.77225065231323242188 0.77535271644592285156 0.77768361568450927734 0.77893429994583129883 0.78057146072387695312 0.78222835063934326172 0.78230988979339599609 0.78154641389846801758 0.78085386753082275391 0.78114402294158935547 0.78257995843887329102 0.78403007984161376953 0.78551638126373291016 0.78632688522338867188 0.78428971767425537109 0.7813873291015625 0.78202480077743530273
-9999 -9999 0 0.43388387560844421387 0.77359807491302490234 0.76894301176071166992 0.75767987966537475586 0.76029986143112182617 0.75819754600524902344 0.7615267634391784668 0.78965014219284057617 0.77847915887832641602 0.75130748748779296875 0.76658260822296142578 0.77215582132339477539 0.77525931596755981445 0.77549231052398681641 0.77734977006912231445 0.81984722614288330078 0.78041863441467285156 0.73533028364181518555 0.76142597198486328125 0.76496970653533935547 0.7665843963623046875 0.76775592565536499023 0.76993513107299804688 0.77294552326202392578 0.77538639307022094727 0.77786040306091308594 0.78048413991928100586 0.78172409534454345703 0.7814629673957824707 0.77997338771820068359 0.77902501821517944336 0.77961838245391845703 0.78060811758041381836 0.78213644027709960938 0.78390604257583618164 0.78332042694091796875 0.78098666667938232422 0.78100025653839111328
