tests/data/reference/gistest_nucice/full/control/crillvout_m3.asc
ncols        123
nrows        77
xllcorner    -713746.799299980048
yllcorner    -1061022.369616159936
cellsize     10.000000000000
NODATA_value  -9999
[rows 38 to 56 of 77, columns 0 to 42 of 123]
-9999 -9999 -9999 -9999 -9999 -9999 -9999 -9999 -9999 -9999 0 0 2.2654833793640136719 23.009901046752929688 0 0.45352712273597717285 1.4012017250061035156 2.2792847156524658203 3.4771773815155029297 1.505176544189453125 7.0205798149108886719 4.9218654632568359375 5.7232775688171386719 9.3619794845581054688 5.0497884750366210938 1.5469694137573242188 0.57479315996170043945 1.5701643228530883789 2.4997174739837646484 1.5381304025650024414 1.5400943756103515625 1.5368320941925048828 1.5381935834884643555 0.61769163608551025391 0.11371777951717376709 0.085366867482662200928 1.5976423025131225586 0.06772784888744354248 0.071510754525661468506 0.082181520760059356689 0.12924142181873321533 0.19378942251205444336 0.74882262945175170898
-9999 -9999 -9999 -9999 -9999 -9999 -9999 -9999 -9999 -9999 0 1.6519246101379394531 21.692453384399414062 0.29105415940284729004 0 0.82106089591979980469 1.7652678489685058594 3.0286889076232910156 1.0062220096588134766 6.7297925949096679688 4.5611901283264160156 5.3871359825134277344 8.9967851638793945312 4.6682181358337402344 1.0380232334136962891 0.043413050472736358643 1.0641124248504638672 2.0248398780822753906 1.0352075099945068359 1.0021634101867675781 0.99039220809936523438 0.98160719871520996094 0.015261793509125709534 0.086151234805583953857 0.62192797660827636719 1.0966852903366088867 0.033982075750827789307 0.53897577524185180664 1.0602338314056396484 1.5911208391189575195 0.12423938512802124023 0.19121257960796356201 0.74721091985702514648
-9999 -9999 -9999 -9999 -9999 -9999 -9999 -9999 -9999 0 0 19.710231781005859375 0.69322055578231811523 0 0.23573295772075653076 1.1986026763916015625 2.5033080577850341797 0.44916775822639465332 6.3975725173950195312 4.1481142044067382812 5.0236997604370117188 8.675933837890625 4.2895402908325195312 0.53587245941162109375 0.028848731890320777893 0.54491364955902099609 1.5372688770294189453 0.52775353193283081055 0.50005179643630981445 0.44559186697006225586 0.43061813712120056152 0 0.53269219398498535156 1.1062995195388793945 1.628010869026184082 2.1068646907806396484 2.5750501155853271484 3.0313405990600585938 0.069395869970321655273 0.11592193692922592163 2.177745819091796875 0.72144597768783569336 1.2473902702331542969
-9999 -9999 -9999 -9999 -9999 -9999 -9999 -9999 -9999 0 17.257570266723632812 1.583739161491394043 0.20414741337299346924 0 0.71809536218643188477 2.0078103542327880859 0 5.9936213493347167969 3.6696152687072753906 4.5900845527648925781 8.3621158599853515625 3.8946843147277832031 0.014220807701349258423 0.034513797610998153687 0.55044221878051757812 1.0363333225250244141 0.0048943879082798957825 0.00018238383927382528782 0 0 0 0.49714538455009460449 1.070303797721862793 1.6179797649383544922 2.1284928321838378906 2.6088767051696777344 3.0725405216217041016 0.087492868304252624512 3.5444996356964111328 0.66633898019790649414 0.69952368736267089844 2.6886134147644042969 3.15888214111328125
-9999 -9999 -9999 -9999 -9999 -9999 -9999 -9999 0 0 14.94179534912109375 1.212981104850769043 0 0.22073124349117279053 1.6094548702239990234 2.0446033477783203125 5.6333279609680175781 3.1209156513214111328 4.053676605224609375 8.0350894927978515625 3.4879639148712158203 0.51454406976699829102 1.0333926677703857422 1.5449166297912597656 2.0190608501434326172 22.866838455200195312 25.645214080810546875 25.881910324096679688 26.066679000854492188 26.184085845947265625 26.432943344116210938 26.806669235229492188 27.127504348754882812 27.417760848999023438 27.670476913452148438 27.890714645385742188 28.08974456787109375 31.792844772338867188 32.566326141357421875 36.929229736328125 38.293731689453125 39.59181976318359375 39.741420745849609375
-9999 -9999 -9999 -9999 -9999 -9999 -9999 0 0 13.695292472839355469 0.34630373120307922363 0.78538632392883300781 0 1.1599599123001098633 1.6442615985870361328 2.4306075572967529297 2.7564022541046142578 3.5574667453765869141 7.6046051979064941406 3.0415363311767578125 0 0.0039594150148332118988 0.53373324871063232422 17.706907272338867188 20.083698272705078125 2.0002095699310302734 1.0322202444076538086 1.5176403522491455078 1.9732185602188110352 2.3927237987518310547 2.8736600875854492188 3.3947370052337646484 3.8783245086669921875 4.3377327919006347656 4.776416778564453125 5.1962351799011230469 5.6037354469299316406 5.9955229759216308594 6.4120492935180664062 6.8534226417541503906 7.2645692825317382812 7.6502928733825683594 8.03606414794921875
-9999 -9999 -9999 -9999 -9999 -9999 -9999 0 0 12.876180648803710938 0 0.31879538297653198242 0.75533562898635864258 1.2128005027770996094 2.0548288822174072266 2.4162378311157226562 3.3163673877716064453 7.3419475555419921875 2.5622692108154296875 3.0517818927764892578 7.1345987319946289062 11.533581733703613281 16.290018081665039062 1.5217131376266479492 1.5351325273513793945 0.55870538949966430664 0.0441150665283203125 0.55728322267532348633 1.051072239875793457 1.5191291570663452148 2.0243983268737792969 2.5544631481170654297 3.0534040927886962891 3.5303742885589599609 3.9938395023345947266 4.4392862319946289062 73.85874176025390625 80.0190582275390625 86.26444244384765625 92.55167388916015625 98.82437896728515625 105.07366180419921875 112.6373138427734375
-9999 -9999 -9999 -9999 -9999 -9999 -9999 0 10.501273155212402344 1.1847174167633056641 0 0.29785606265068054199 0.80335396528244018555 1.6760854721069335938 2.0607280731201171875 3.0221273899078369141 7.2108545303344726562 2.1786966323852539062 2.6087012290954589844 3.0661745071411132812 3.4855675697326660156 3.8687846660614013672 1.0429991483688354492 1.0301730632781982422 0.025000568479299545288 0.053165812045335769653 0.57823920249938964844 1.0790868997573852539 1.5688289403915405273 2.0448043346405029297 2.5321571826934814453 3.0310573577880859375 3.5072474479675292969 57.64707183837890625 63.0234222412109375 68.7435455322265625 5.4629836082458496094 5.5399169921875 5.5955395698547363281 5.6349000930786132812 5.651493072509765625 6.9600491523742675781 6.0117368698120117188
-9999 -9999 -9999 -9999 -9999 -9999 0 8.69049835205078125 0.72409260272979736328 0.75187087059020996094 0 0.32311490178108215332 1.2870539426803588867 1.7042282819747924805 2.7366776466369628906 7.0041227340698242188 1.7464592456817626953 2.1634521484375 2.5827817916870117188 3.0381166934967041016 3.4632678031921386719 0.55271041393280029297 0.55417156219482421875 0.54164659976959228516 1.0511780977249145508 1.5734297037124633789 2.0611574649810791016 2.5125000476837158203 2.96595001220703125 3.4210391044616699219 3.858642578125 48.47100830078125 53.393798828125 4.6145958900451660156 4.9759745597839355469 5.0762391090393066406 5.1565456390380859375 5.2142443656921386719 5.2477755546569824219 5.2683033943176269531 6.6251368522644042969 5.6423106193542480469 6.6066174507141113281
-9999 -9999 -9999 -9999 -9999 -9999 0 3.3676466941833496094 0.30624157190322875977 0.34725385904312133789 0 0.84889245033264160156 1.3168035745620727539 2.4399421215057373047 6.9091429710388183594 1.3414252996444702148 1.7274972200393676758 2.0944616794586181641 2.5078630447387695312 2.9741175174713134766 0.0022291380446404218674 0.025167521089315414429 0.038328412920236587524 0.037426613271236419678 0.56350535154342651367 1.0941755771636962891 1.591961979866027832 31.221286773681640625 35.274852752685546875 39.41602325439453125 43.87068939208984375 4.1599841117858886719 4.2210621833801269531 4.5867681503295898438 4.6764559745788574219 4.7405614852905273438 4.7890796661376953125 4.8232583999633789062 4.8421349525451660156 6.2408390045166015625 5.2401533126831054688 6.2416548728942871094 5.6153345108032226562
-9999 -9999 -9999 -9999 -9999 0 3.1480734348297119141 3.0491538047790527344 0 0 0.3398990631103515625 0.82645410299301147461 2.0324926376342773438 6.6968531608581542969 0.91643851995468139648 1.3519519567489624023 1.7371656894683837891 2.0871472358703613281 2.4839842319488525391 2.9521610736846923828 6.6159543991088867188 10.254080772399902344 13.899266242980957031 20.358461380004882812 22.766427993774414062 25.626947402954101562 28.897472381591796875 3.2878656387329101562 3.3506529331207275391 3.7069959640502929688 3.7692685127258300781 3.8144884109497070312 4.1767096519470214844 4.2574086189270019531 4.3125739097595214844 4.351169586181640625 4.379718780517578125 4.4040684700012207031 5.8407874107360839844 4.8092942237854003906 5.8440232276916503906 5.2002081871032714844 5.2451353073120117188
-9999 -9999 -9999 -9999 0 0 0.77030885219573974609 2.18601226806640625 0 0 0.23140013217926025391 1.4971503019332885742 6.364063262939453125 0.3997936248779296875 0.88485217094421386719 1.3362060785293579102 1.7384908199310302734 2.0874340534210205078 2.4934828281402587891 2.6125504970550537109 2.6904726028442382812 2.7491598129272460938 5.5600271224975585938 1.5857751369476318359 2.0672349929809570312 2.5016653537750244141 2.8747305870056152344 2.9350035190582275391 3.2834389209747314453 3.3456504344940185547 3.3969378471374511719 3.7527060508728027344 3.8134438991546630859 3.8571457862854003906 3.8905971050262451172 3.9132471084594726562 3.9333658218383789062 5.4182324409484863281 4.3675737380981445312 5.4334206581115722656 4.7642292976379394531 4.8072981834411621094 4.8575778007507324219
-9999 -9999 -9999 -9999 0 1.5686385631561279297 0.29817056655883789062 0.71299028396606445312 0.13281704485416412354 0 0.94117343425750732422 5.9411015510559082031 0 0.36435216665267944336 0.86178702116012573242 1.3178019523620605469 1.7195533514022827148 2.0756185054779052734 2.1395733356475830078 2.2347123622894287109 2.3093507289886474609 5.1888427734375 1.0956853628158569336 1.6078379154205322266 2.0657701492309570312 2.4483382701873779297 2.5102696418762207031 2.8780343532562255859 2.9317870140075683594 2.9741828441619873047 3.3476696014404296875 3.4048104286193847656 3.4365251064300537109 3.4567956924438476562 3.4693043231964111328 3.4765865802764892578 4.9834842681884765625 3.9042935371398925781 5.0109133720397949219 4.3261628150939941406 4.3657560348510742188 4.4072389602661132812 4.4445848464965820312
-9999 -9999 -9999 0 0 1.0432918071746826172 0 0.058965492993593215942 0 0.42283195257186889648 3.3199846744537353516 1.3175032138824462891 0 0.32275831699371337891 0.83340859413146972656 1.2871525287628173828 1.701098322868347168 1.7070916891098022461 1.7418845891952514648 1.8240778446197509766 4.7799510955810546875 0.59328442811965942383 1.1190420389175415039 1.6060204505920410156 2.0186450481414794922 2.0738523006439208984 2.4534559249877929688 2.5154807567596435547 2.5585811138153076172 2.9369187355041503906 2.9918513298034667969 3.0254445075988769531 3.0458652973175048828 3.0530323982238769531 3.0501604080200195312 4.5927729606628417969 3.4526960849761962891 4.5760884284973144531 3.869396209716796875 3.9205811023712158203 3.9628636837005615234 3.986865997314453125 3.9998738765716552734
-9999 -9999 -9999 0 1.2537384033203125 0.0053904233500361442566 0 0 0 0 1.8603575229644775391 0.82268327474594116211 0 0.25675410032272338867 0.78517210483551025391 1.2469048500061035156 1.2922958135604858398 1.2861114740371704102 1.2914049625396728516 4.2545275688171386719 0.0069755464792251586914 0.57355105876922607422 1.0872565507888793945 1.5317952632904052734 1.5989663600921630859 1.9941174983978271484 2.0526909828186035156 2.1004786491394042969 2.4973006248474121094 2.5432672500610351562 2.5702793598175048828 2.5912365913391113281 2.6049449443817138672 2.6093680858612060547 4.2082128524780273438 3.0258774757385253906 4.1768383979797363281 3.4165201187133789062 3.4560358524322509766 3.5129415988922119141 3.546051025390625 3.5475902557373046875 3.5517318248748779297
-9999 -9999 0 0 0 0 0 0 0 0 0.46291834115982055664 0.090601779520511627197 0 0.14703942835330963135 0.72047162055969238281 0.79133844375610351562 0.83027946949005126953 0.83296442031860351562 1.7854534387588500977 1.2558307647705078125 0 0.47484433650970458984 0.97020459175109863281 1.0535870790481567383 1.4918217658996582031 1.5597211122512817383 1.6053957939147949219 2.0234827995300292969 2.072772979736328125 2.0913527011871337891 2.1023824214935302734 2.1117036342620849609 2.1234607696533203125 3.7898623943328857422 2.5777311325073242188 3.7820899486541748047 2.9937956333160400391 3.0099103450775146484 3.0437326431274414062 3.0863904953002929688 3.10330963134765625 3.1048529148101806641 4.79314422607421875
-9999 -9999 0 0 0 0 0 0 0 0 0 0 0 0.016744138672947883606 0.18622352182865142822 0.23212181031703948975 0.2847175300121307373 0.31690329313278198242 0.25089916586875915527 0.61310285329818725586 0 0.29199784994125366211 0.42233425378799438477 0.90627819299697875977 1.0027266740798950195 1.0727047920227050781 1.5202670097351074219 1.5765261650085449219 1.6042195558547973633 1.6147223711013793945 1.6150683164596557617 1.6128587722778320312 3.3304510116577148438 2.0899631977081298828 3.3450553417205810547 2.5367925167083740234 2.5616056919097900391 2.5847425460815429688 2.6079485416412353516 2.6264219284057617188 2.6395850181579589844 4.3803806304931640625 3.1083064079284667969
-9999 0 0 0.33322647213935852051 0 0 0 0 -9999 -9999 -9999 0 0 0 0 0 0 0 0 0 0 0 0.16607505083084106445 0.30292335152626037598 0.41320329904556274414 0.93851560354232788086 1.0247845649719238281 1.0735747814178466797 1.1016064882278442383 1.1121010780334472656 1.1086366176605224609 2.8642446994781494141 1.5712325572967529297 2.8774726390838623047 2.0437400341033935547 2.0749895572662353516 2.1052968502044677734 2.1241123676300048828 2.136501312255859375 2.1519317626953125 3.9435019493103027344 2.6399505138397216797 2.659908294677734375
-9999 0 0.39618584513664245605 0 0 0 -9999 -9999 -9999 -9999 -9999 -9999 0 0 0 0.45268511772155761719 0 0.15816609561443328857 0.54387372732162475586 0.18228641152381896973 0 0 0 0 0.20992986857891082764 0.36334177851676940918 0.4601014554500579834 0.52397882938385009766 0.55787038803100585938 0.57196915149688720703 2.4031345844268798828 1.0489430427551269531 2.3918216228485107422 1.5361956357955932617 1.5711803436279296875 1.6069111824035644531 1.6295976638793945312 1.6311954259872436523 1.6455552577972412109 3.4983167648315429688 2.1605546474456787109 2.1776454448699951172 1.7142146825790405273
