tests/data/reference/gistest_nucice/full/control/crillvout_m3.asc
ncols        123
nrows        77
xllcorner    -713746.799299980048
yllcorner    -1061022.369616159936
cellsize     10.000000000000
NODATA_value  -9999
[rows 19 to 37 of 77, columns 43 to 85 of 123]
4.4870629310607910156 4.0842809677124023438 2.2788536548614501953 2.7332556247711181641 4.6187853813171386719 1.2635091543197631836 0.22189995646476745605 0.76134091615676879883 1.7773478031158447266 2.2600724697113037109 4.3761920928955078125 2.7610082626342773438 1.8242092132568359375 1.8303276300430297852 1.3138605356216430664 0.78352665901184082031 0.77848404645919799805 0.77141493558883666992 0.76175236701965332031 0.74903458356857299805 3.7680835723876953125 1.2485661506652832031 1.248253941535949707 1.2464346885681152344 6.4440598487854003906 1.6945081949234008789 11.952134132385253906 1.5777029991149902344 1.5267785787582397461 0.00089203868992626667023 0.50782692432403564453 74.37908172607421875 8.6096315383911132812 1.6652731895446777344 1.2049764394760131836 0.70157754421234130859 0.17033870518207550049 -9999 -9999 -9999 -9999 -9999 -9999
4.9563512802124023438 4.5594882965087890625 2.7945971488952636719 3.2385149002075195312 5.0949616432189941406 1.7968690395355224609 0.2384926527738571167 0.77703917026519775391 1.2961713075637817383 2.2831211090087890625 2.7556805610656738281 4.8173623085021972656 3.2510762214660644531 2.3316354751586914062 2.3361580371856689453 1.8305768966674804688 1.3090242147445678711 1.3008607625961303711 1.2897127866744995117 1.2802580595016479492 1.2761173248291015625 4.2529826164245605469 1.7785201072692871094 1.7681993246078491211 1.7440810203552246094 8.9185953140258789062 12.286963462829589844 2.0916736125946044922 2.0562188625335693359 0.5721657872200012207 0.015474717132747173309 0 74.6082305908203125 11.2266998291015625 1.7115035057067871094 1.2337610721588134766 0.72835904359817504883 0.17618864774703979492 0.14281511306762695312 -9999 -9999 -9999 -9999
5.4182119369506835938 5.0280542373657226562 3.3014805316925048828 3.7327229976654052734 5.559329986572265625 2.3182704448699951172 0.78703284263610839844 0.25224459171295166016 1.3067874908447265625 1.812221527099609375 2.7839672565460205078 3.2480003833770751953 5.2499451637268066406 3.7261462211608886719 2.8252782821655273438 2.8287878036499023438 2.3287377357482910156 1.8151097297668457031 1.8098161220550537109 1.807404637336730957 1.8048431873321533203 1.797847747802734375 4.7153763771057128906 2.2632660865783691406 2.2311451435089111328 11.411114692687988281 12.635675430297851562 2.6052815914154052734 2.5695872306823730469 1.1333268880844116211 0.60573935508728027344 0.088136963546276092529 0.59782111644744873047 74.9094696044921875 11.632261276245117188 3.7790660858154296875 1.2417194843292236328 0.74313569068908691406 0.7296378016471862793 0.15921056270599365234 -9999 -9999 -9999
5.8683557510375976562 5.4859118461608886719 3.7978727817535400391 4.2178645133972167969 6.0134339332580566406 2.8263146877288818359 1.3192414045333862305 0.79279226064682006836 0.25344693660736083984 1.8267993927001953125 2.3298861980438232422 3.2781085968017578125 3.7229189872741699219 5.6676945686340332031 4.1896853446960449219 3.3073105812072753906 3.30883026123046875 2.8197252750396728516 2.3210766315460205078 2.3192529678344726562 2.3126568794250488281 2.3026003837585449219 2.2898435592651367188 5.1386456489562988281 2.7171080112457275391 14.386377334594726562 12.9639434814453125 3.1005072593688964844 3.0721819400787353516 1.6835370063781738281 1.1756238937377929688 0.67106872797012329102 1.1482844352722167969 0.10012922435998916626 75.1186676025390625 12.014925956726074219 5.8735589981079101562 1.2476240396499633789 1.2501224279403686523 0.70678198337554931641 0.13025969266891479492 -9999 -9999
6.3057742118835449219 5.9320421218872070312 4.2832217216491699219 4.6938381195068359375 6.4568142890930175781 3.3211786746978759766 1.8364758491516113281 1.3191039562225341797 0.25824084877967834473 0.8019110560417175293 2.3477008342742919922 2.8305335044860839844 3.7492001056671142578 4.1843957901000976562 6.0806221961975097656 4.6454486846923828125 3.7794404029846191406 3.7829999923706054688 3.3057608604431152344 2.8121047019958496094 2.8046064376831054688 2.7962527275085449219 2.7826039791107177734 2.7565245628356933594 5.5321602821350097656 17.829410552978515625 13.263051986694335938 3.5792796611785888672 3.5664882659912109375 2.2232792377471923828 1.7233953475952148438 1.2256919145584106445 1.6981780529022216797 0.15999408066272735596 0.65765440464019775391 75.31041717529296875 12.322010993957519531 7.8620548248291015625 1.6787773370742797852 1.2098959684371948242 0.69141626358032226562 0.12562221288681030273 0.043420910835266113281
6.7421875 6.3770017623901367188 4.7657270431518554688 5.1678218841552734375 6.8984160423278808594 3.8133733272552490234 2.3514530658721923828 0.26067194342613220215 1.8496376276016235352 0.81116980314254760742 1.338534235954284668 2.8449118137359619141 3.3125627040863037109 4.2139110565185546875 4.6402478218078613281 6.4830622673034667969 5.0860886573791503906 4.2421331405639648438 4.2502040863037109375 3.7792978286743164062 3.29351806640625 3.2833993434906005859 3.2639272212982177734 3.2367565631866455078 3.2048170566558837891 24.10749053955078125 13.599702835083007812 4.0620102882385253906 4.0517559051513671875 2.7439458370208740234 2.2506411075592041016 1.761309504508972168 2.226680755615234375 0.72653186321258544922 1.1986824274063110352 0.12628951668739318848 75.4147186279296875 12.611393928527832031 8.3009052276611328125 3.8025786876678466797 1.2078640460968017578 0.6776580810546875 0.62052845954895019531
7.1780791282653808594 6.8215365409851074219 5.24597930908203125 5.6396126747131347656 7.3387289047241210938 4.3030953407287597656 2.8647286891937255859 0.81140661239624023438 0.27830877900123596191 2.3714609146118164062 1.3436410427093505859 1.8553966283798217773 3.3310079574584960938 3.786376953125 4.6647973060607910156 5.0769162178039550781 6.8718814849853515625 5.5247087478637695312 4.7052478790283203125 4.7121934890747070312 4.2461194992065429688 3.7582068443298339844 3.7340638637542724609 3.7110116481781005859 3.6924109458923339844 28.077867507934570312 13.971217155456542969 4.5453877449035644531 4.5282673835754394531 3.250865936279296875 2.7628066539764404297 2.2823450565338134766 2.7391328811645507812 1.2730141878128051758 1.7397813796997070312 0.70848679542541503906 75.730987548828125 0.14434546232223510742 13.035630226135253906 12.977682113647460938 1.6714577674865722656 1.1919999122619628906 1.1910409927368164062
7.6062388420104980469 7.2610564231872558594 5.7228989601135253906 6.1097288131713867188 7.7785334587097167969 4.7878575325012207031 3.3702638149261474609 1.3504143953323364258 0.28553512692451477051 0.8239739537239074707 2.8746664524078369141 1.8592221736907958984 2.35538482666015625 3.7989447116851806641 4.24265289306640625 5.1045317649841308594 5.5168390274047851562 7.2746286392211914062 5.965076446533203125 5.1568989753723144531 5.1555571556091308594 4.688312530517578125 4.2052006721496582031 4.1870818138122558594 4.1710119247436523438 32.494159698486328125 14.298254966735839844 5.0036969184875488281 4.9843320846557617188 3.7358458042144775391 3.253330230712890625 2.7833724021911621094 3.2351968288421630859 1.8038171529769897461 2.2657709121704101562 1.2642896175384521484 75.9871063232421875 0.72054612636566162109 13.440151214599609375 13.421980857849121094 2.1763756275177001953 1.6993924379348754883 1.7055010795593261719
8.0254888534545898438 7.6947736740112304688 6.1957278251647949219 6.5775499343872070312 8.2179136276245117188 5.2674336433410644531 3.8682274818420410156 1.8791325092315673828 0.83123922348022460938 1.3580715656280517578 0.28114101290702819824 3.3588445186614990234 2.3521404266357421875 2.8371832370758056641 4.25992584228515625 4.7032599449157714844 5.5563750267028808594 5.9595837593078613281 7.6665544509887695312 6.3857574462890625 5.5884799957275390625 5.5855321884155273438 5.1316394805908203125 4.6602220535278320312 4.6356101036071777344 37.351490020751953125 14.58209991455078125 5.4369354248046875 5.4176926612854003906 4.19709014892578125 3.7203116416931152344 3.2628538608551025391 3.7140126228332519531 2.3194169998168945312 2.7757625579833984375 1.7987858057022094727 76.2068328857421875 1.2746084928512573242 13.863373756408691406 13.91344451904296875 2.7204530239105224609 2.2039732933044433594 2.173389434814453125
8.453105926513671875 8.1331157684326171875 6.6656475067138671875 7.0376515388488769531 8.6489553451538085938 5.7379431724548339844 4.3567166328430175781 2.3968892097473144531 1.36421966552734375 1.8790847063064575195 0.81687426567077636719 3.8397855758666992188 2.8483917713165283203 0.24479539692401885986 3.3254170417785644531 4.72759246826171875 5.1640391349792480469 5.9959650039672851562 6.386135101318359375 8.045597076416015625 6.7953176498413085938 6.0145325660705566406 6.009510040283203125 5.5560669898986816406 5.0807662010192871094 42.66226959228515625 14.885289192199707031 5.8768658638000488281 5.8603649139404296875 4.6687908172607421875 4.197986602783203125 3.75028228759765625 4.19635009765625 2.8309779167175292969 3.2777264118194580078 2.3215272426605224609 76.41126251220703125 1.8106334209442138672 14.250946998596191406 14.352953910827636719 3.2342467308044433594 2.7111849784851074219 2.6541607379913330078
8.8876104354858398438 8.57439422607421875 7.1315226554870605469 7.4902162551879882812 9.0721311569213867188 6.199779510498046875 4.8358922004699707031 2.9038832187652587891 1.8842937946319580078 2.3868441581726074219 1.3401545286178588867 4.3140497207641601562 3.3415038585662841797 0.24907541275024414062 0.78349411487579345703 3.8088312149047851562 5.1878032684326171875 5.614681243896484375 6.4267916679382324219 6.8051347732543945312 8.4158563613891601562 7.1917490959167480469 6.4139842987060546875 6.3879742622375488281 5.9386334419250488281 5.494052886962890625 58.647411346435546875 6.3249387741088867188 6.3139624595642089844 5.1513810157775878906 4.6866669654846191406 4.2457380294799804688 4.6823282241821289062 3.3382403850555419922 3.7712996006011962891 2.8329451084136962891 76.60691070556640625 2.3293437957763671875 14.608167648315429688 14.742728233337402344 3.7275633811950683594 3.219940185546875 3.1533114910125732422
9.328857421875 9.04141998291015625 7.5516772270202636719 7.9080219268798828125 9.4684858322143554688 6.6443018913269042969 5.2997984886169433594 3.3937990665435791016 2.3858845233917236328 2.8780586719512939453 1.8483883142471313477 4.7781929969787597656 3.8251216411590576172 0.78801125288009643555 0.25005286931991577148 1.3111423254013061523 4.2905178070068359375 5.6406874656677246094 6.0479674339294433594 6.8327755928039550781 7.1909189224243164062 8.7449092864990234375 7.5375490188598632812 6.7747888565063476562 6.7680940628051757812 6.3676605224609375 5.9577555656433105469 65.68436431884765625 6.7595500946044921875 5.6201472282409667969 5.1599259376525878906 4.727085113525390625 5.1585974693298339844 3.8382325172424316406 4.2576694488525390625 3.3344852924346923828 76.80905914306640625 2.8404929637908935547 14.966936111450195312 15.125901222229003906 4.2168011665344238281 3.7195467948913574219 6.7003955841064453125
433.57958984375 443.365692138671875 9.375034332275390625 16.195821762084960938 9.8206377029418945312 7.0676784515380859375 5.7458438873291015625 3.8630959987640380859 2.8642594814300537109 3.3466272354125976562 2.3381109237670898438 5.2301402091979980469 4.2981100082397460938 1.3141996860504150391 0.79103368520736694336 0.25868809223175048828 1.8362277746200561523 4.7514896392822265625 6.0574793815612792969 6.4401793479919433594 7.1863803863525390625 7.5217218399047851562 9.0306119918823242188 7.89257049560546875 7.19408416748046875 7.2206530570983886719 6.836116790771484375 72.3203582763671875 7.1971874237060546875 6.0769262313842773438 5.6205224990844726562 5.1967267990112304688 5.6261696815490722656 4.3312473297119140625 4.7362561225891113281 3.8256657123565673828 77.014129638671875 3.3434741497039794922 15.324872016906738281 15.51935577392578125 4.6999464035034179688 11.260497093200683594 4.1932196617126464844
11.59105682373046875 15.069681167602539062 458.925140380859375 468.770172119140625 485.4197998046875 10.216556549072265625 13.542923927307128906 4.27910614013671875 3.2979509830474853516 3.7803814411163330078 2.799655914306640625 5.6539540290832519531 4.7443437576293945312 0.23233562707901000977 1.8249228000640869141 1.314631342887878418 0.78936570882797241211 2.3252325057983398438 5.1828975677490234375 6.4558954238891601562 6.8231158256530761719 7.5565981864929199219 7.9081068038940429688 9.4148550033569335938 8.3319568634033203125 7.6410889625549316406 7.6610956192016601562 79.77843475341796875 7.6084074974060058594 6.513805389404296875 6.0685873031616210938 5.658893585205078125 6.0880136489868164062 4.8167748451232910156 5.2062206268310546875 4.3077816963195800781 77.2103271484375 3.8309819698333740234 15.654683113098144531 15.890889167785644531 16.722284317016601562 4.6709704399108886719 1.2521419525146484375
2.8286712169647216797 2.8411304950714111328 5.9223766326904296875 8.5047597885131835938 11.083282470703125 499.00726318359375 509.5714111328125 523.41949462890625 4.6410551071166992188 3.6770024299621582031 4.1988391876220703125 3.2516295909881591797 6.056545257568359375 5.1732764244079589844 0.74719375371932983398 2.3146383762359619141 1.8122045993804931641 1.2975078821182250977 2.8124928474426269531 5.6289243698120117188 6.88504791259765625 7.2640833854675292969 8.0054025650024414062 8.35747528076171875 9.8231143951416015625 8.749187469482421875 8.0429534912109375 8.0384883880615234375 87.96417236328125 6.9261641502380371094 6.5021357536315917969 6.1129212379455566406 6.5437560081481933594 5.294857025146484375 5.6681294441223144531 4.7811460494995117188 77.387237548828125 4.3011927604675292969 15.955368995666503906 33.385478973388671875 5.1143946647644042969 1.7611856460571289062 1.2602126598358154297
2.3626644611358642578 2.3820514678955078125 1.9002693891525268555 1.9054160118103027344 1.9027885198593139648 1.8836455345153808594 3.9620490074157714844 6.0012025833129882812 529.780517578125 534.88897705078125 539.18304443359375 4.7072172164916992188 3.7781090736389160156 6.4678821563720703125 5.6168084144592285156 1.2699967622756958008 2.8111181259155273438 2.32167816162109375 1.8212920427322387695 3.3127152919769287109 6.0866069793701171875 7.3298068046569824219 7.7064566612243652344 8.43776702880859375 8.7744989395141601562 10.18524169921875 9.1152629852294921875 8.3922176361083984375 96.7408447265625 7.3167982101440429688 6.9143671989440917969 6.5459713935852050781 6.9781651496887207031 5.7523570060729980469 6.1104154586791992188 5.2369623184204101562 77.54257965087890625 4.7604889869689941406 16.2643890380859375 39.17516326904296875 2.2600731849670410156 1.7704552412033081055 0
1.7959461212158203125 1.3085091114044189453 1.38130950927734375 1.387740015983581543 1.394580841064453125 1.3934372663497924805 1.3641872406005859375 4.7698688507080078125 6.7935013771057128906 8.8099870681762695312 9.2693967819213867188 549.01898193359375 5.1997966766357421875 4.2791247367858886719 7.0002832412719726562 6.162097930908203125 1.8690477609634399414 3.3897955417633056641 2.9074738025665283203 2.4140777587890625 3.8853380680084228516 6.6271152496337890625 7.8629403114318847656 8.2343473434448242188 8.954425811767578125 9.2706956863403320312 10.632884025573730469 9.5576124191284179688 8.8177938461303710938 104.71575164794921875 7.3759870529174804688 7.02832794189453125 7.4650483131408691406 6.1827034950256347656 6.5258460044860839844 5.6703634262084960938 77.667724609375 5.2068209648132324219 16.581857681274414062 42.11248779296875 2.2708497047424316406 0 0
0.77031141519546508789 0.77433800697326660156 0.78321915864944458008 0.79200857877731323242 0.86565178632736206055 0.86153566837310791016 4.3417367935180664062 1.3504570722579956055 1.3213099241256713867 0.24466903507709503174 0.7958431243896484375 1.3276913166046142578 550.71600341796875 556.32537841796875 561.019775390625 568.40972900390625 6.608280181884765625 2.3701601028442382812 3.8618063926696777344 3.3829228878021240234 2.8962559700012207031 4.3408308029174804688 7.0268959999084472656 16.671411514282226562 9.2943267822265625 9.5947542190551757812 10.917049407958984375 9.8647565841674804688 9.1438703536987304688 0.21578787267208099365 104.97686767578125 15.144124984741210938 7.8863625526428222656 6.6789841651916503906 7.0081830024719238281 6.0983567237854003906 77.800872802734375 5.6519565582275390625 16.919345855712890625 45.058032989501953125 0 0 0.22368010878562927246
0.22410114109516143799 0.22794650495052337646 0.23733501136302947998 0.24425467848777770996 0.24933959543704986572 3.7986323833465576172 0.82743281126022338867 0.81626904010772705078 0.81205642223358154297 1.3421341180801391602 1.8806333541870117188 2.3950526714324951172 2.8727235794067382812 3.3748791217803955078 3.9041774272918701172 4.4018511772155761719 573.04071044921875 579.92523193359375 582.51177978515625 586.60516357421875 590.22003173828125 593.3165283203125 597.83087158203125 605.0584716796875 622.00433349609375 631.5975341796875 9.7363386154174804688 11.083003997802734375 10.127116203308105469 9.5099916458129882812 0.78209155797958374023 120.852325439453125 8.3083600997924804688 7.1059927940368652344 7.4213099479675292969 6.5906009674072265625 77.95374298095703125 6.1026215553283691406 17.279741287231445312 44.362369537353515625 0.44812375307083129883 0.76864135265350341797 0.22917033731937408447
