tests/data/reference/gistest_nucice/full/control/crillvout_m3.asc
ncols        123
nrows        77
xllcorner    -713746.799299980048
yllcorner    -1061022.369616159936
cellsize     10.000000000000
NODATA_value  -9999
[rows 57 to 75 of 77, columns 43 to 85 of 123]
2.6780340671539306641 1.719738006591796875 1.7340495586395263672 4.5486507415771484375 1.7490373849868774414 1.746270298957824707 1.7366940975189208984 3.648632049560546875 2.2460174560546875 6.6560297012329101562 1.7661540508270263672 1.2483564615249633789 2.2401452064514160156 3.6491906642913818359 2.1845743656158447266 4.9711437225341796875 2.6800222396850585938 2.6979420185089111328 2.705844879150390625 2.7168471813201904297 2.730556488037109375 9.3321361541748046875 3.1765713691711425781 3.1770870685577392578 8.6003742218017578125 12.614837646484375 16.531095504760742188 25.989549636840820312 26.321653366088867188 26.640720367431640625 26.941884994506835938 27.262491226196289062 27.605947494506835938 26.292612075805664062 26.359266281127929688 27.692876815795898438 27.959394454956054688 28.22650909423828125 28.492267608642578125 28.775060653686523438 29.071275711059570312 29.353382110595703125 29.623216629028320312
1.2019858360290527344 1.2073886394500732422 4.0854139328002929688 1.2317780256271362305 1.2377566099166870117 1.2349894046783447266 3.1725184917449951172 1.7316516637802124023 6.2678608894348144531 1.2782381772994995117 0.72897750139236450195 1.7488929033279418945 3.206111907958984375 1.7119126319885253906 4.5522565841674804688 2.19415283203125 2.2157104015350341797 2.2278370857238769531 2.2295539379119873047 2.2331840991973876953 8.888629913330078125 2.7236196994781494141 2.7180809974670410156 8.1894588470458984375 3.1990230083465576172 3.2165575027465820312 8.6888990402221679688 3.7057962417602539062 7.7253355979919433594 8.1819257736206054688 8.627147674560546875 9.0719232559204101562 9.5190057754516601562 8.6020355224609375 8.7049322128295898438 9.853118896484375 10.215362548828125 10.579152107238769531 10.942582130432128906 36.424716949462890625 36.807285308837890625 37.17424774169921875 42.9138031005859375
0.68013280630111694336 3.6069319248199462891 0.6879927515983581543 0.69341558218002319336 0.69736909866333007812 2.6891684532165527344 1.1983535289764404297 5.8001046180725097656 0.757038116455078125 0.22652505338191986084 1.2322434186935424805 2.7059719562530517578 1.2084101438522338867 4.1207566261291503906 1.7024873495101928711 1.7114655971527099609 1.7247682809829711914 1.7348409891128540039 1.7377513647079467773 8.460048675537109375 2.2320477962493896484 2.2412788867950439453 7.8148822784423828125 2.721012115478515625 2.7308077812194824219 8.2501955032348632812 3.2266752719879150391 3.2509446144104003906 3.2803986072540283203 6.3869128227233886719 7.4090833663940429688 8.4275074005126953125 11.029130935668945312 10.251030921936035156 11.467138290405273438 11.886647224426269531 13.959112167358398438 18.085130691528320312 24.659513473510742188 1.8879952430725097656 3.5099942684173583984 5.1178531646728515625 1.4025555849075317383
3.1402471065521240234 0.15103329718112945557 0.15192551910877227783 0.14883498847484588623 2.1801981925964355469 0.66902059316635131836 5.3546171188354492188 0.17827899754047393799 0.22248019278049468994 0.75020301342010498047 2.2120044231414794922 0.65328037738800048828 3.6518940925598144531 1.2018346786499023438 1.2081879377365112305 1.2107207775115966797 1.2140626907348632812 1.2225391864776611328 8.1119832992553710938 1.7346559762954711914 1.7384737730026245117 7.4248867034912109375 2.2430200576782226562 2.2485406398773193359 7.8506474494934082031 2.7393369674682617188 2.7599735260009765625 2.7870004177093505859 2.3376367092132568359 0.26799502968788146973 0.26844939589500427246 1.8652174472808837891 0.29345932602882385254 0 0.90609651803970336914 1.4147572517395019531 3.4549365043640136719 5.9068279266357421875 1.3589715957641601562 0.83482813835144042969 0.84981751441955566406 0.86126267910003662109 0.86818331480026245117
0.14203207194805145264 0.6752160191535949707 1.1899513006210327148 1.6833094358444213867 0.11762110888957977295 4.9099373817443847656 0.15132839977741241455 0.70507252216339111328 1.2562716007232666016 1.7569775581359863281 0.12590254843235015869 3.1286408901214599609 0.65626519918441772461 0.68384504318237304688 0.69349229335784912109 0.69319784641265869141 0.68604236841201782227 7.7244839668273925781 1.2228481769561767578 1.2338622808456420898 7.0298476219177246094 1.7408595085144042969 1.754202723503112793 7.485198974609375 2.2544684410095214844 2.2688672542572021484 2.2901465892791748047 1.8240070343017578125 0.26519915461540222168 0.80607086420059204102 1.3299224376678466797 0.27071297168731689453 0.83017659187316894531 0 2.3709568977355957031 2.9273755550384521484 5.4235863685607910156 0.82315909862518310547 0.28434509038925170898 0.2894051969051361084 0.29823127388954162598 0.30763411521911621094 0.31673511862754821777
2.6327245235443115234 3.1253957748413085938 3.5954842567443847656 4.03853607177734375 4.444599151611328125 0.10309461504220962524 0.6779804229736328125 1.224726557731628418 1.7518646717071533203 2.2399675846099853516 2.6654269695281982422 0.080280184745788574219 0.1160698235034942627 0.14104183018207550049 0.15586997568607330322 0.15452821552753448486 7.3306803703308105469 0.66836947202682495117 0.69468641281127929688 6.6330618858337402344 1.2204474210739135742 1.2283073663711547852 7.0847754478454589844 1.7523034811019897461 1.7661546468734741211 1.7848850488662719727 1.307360529899597168 0.26158154010772705078 0.80731618404388427734 1.3371881246566772461 1.850542902946472168 2.370044708251953125 2.8955945968627929688 0 4.3996744155883789062 4.9257006645202636719 0.28532198071479797363 0.28074461221694946289 0.82283663749694824219 1.3578971624374389648 1.8862900733947753906 2.4115886688232421875 2.93291473388671875
0.11722605675458908081 0.66065585613250732422 1.1785949468612670898 1.6715800762176513672 2.1329872608184814453 2.6439783573150634766 3.1904315948486328125 3.6895222663879394531 4.1550736427307128906 4.5947589874267578125 4.9897847175598144531 5.3862829208374023438 5.814502716064453125 6.2310338020324707031 6.6324887275695800781 6.9812097549438476562 0.11397375166416168213 0.11742535978555679321 6.1957468986511230469 0.67876398563385009766 0.68244123458862304688 6.6573171615600585938 1.2169063091278076172 1.2391400337219238281 1.2619222402572631836 0.77205353975296020508 0.2563126683235168457 0.80463761091232299805 1.33985137939453125 1.8616850376129150391 2.3691363334655761719 2.8796181678771972656 3.3940303325653076172 0 4.8904447555541992188 5.41493988037109375 5.9115695953369140625 6.3902807235717773438 6.8586397171020507812 7.3187069892883300781 7.7739224433898925781 8.2301511764526367188 8.6869068145751953125
-9999 0.14110422134399414062 0.13248139619827270508 0.63789057731628417969 1.1190649271011352539 0.10423708707094192505 0.68482428789138793945 1.2130399942398071289 1.6952317953109741211 2.1747708320617675781 2.6531577110290527344 3.1257259845733642578 3.5993976593017578125 4.0674786567687988281 4.5282945632934570312 4.9619278907775878906 5.3577518463134765625 5.751739501953125 0.11243011057376861572 0.12423709779977798462 6.2317943572998046875 0.65941220521926879883 0.67950087785720825195 0.70916575193405151367 0.21674636006355285645 0.23981995880603790283 0.79557836055755615234 1.3352532386779785156 1.8613542318344116211 2.3765094280242919922 2.8800041675567626953 3.3813350200653076172 3.8814675807952880859 0 5.3726754188537597656 5.8970303535461425781 6.3955540657043457031 6.8710918426513671875 7.3326253890991210938 7.7863378524780273438 8.2355976104736328125 8.6854677200317382812 9.1351346969604492188
-9999 -9999 -9999 -9999 -9999 -9999 -9999 0.1641620248556137085 0.63528943061828613281 1.1188412904739379883 1.6448191404342651367 2.1553361415863037109 2.6515064239501953125 3.1346900463104248047 3.6044983863830566406 4.0628938674926757812 4.5092058181762695312 4.9502434730529785156 5.3828005790710449219 5.7980208396911621094 0.094486407935619354248 0.11088200658559799194 0.13110236823558807373 0.16617336869239807129 0.73669344186782836914 1.2900100946426391602 1.8295272588729858398 2.3525390625 2.8612296581268310547 3.3603613376617431641 3.8493375778198242188 14.0675048828125 15.001629829406738281 0 16.384857177734375 16.795156478881835938 17.186222076416015625 17.5526123046875 17.900098800659179688 18.238372802734375 18.5662689208984375 18.879404067993164062 19.194036483764648438
-9999 -9999 -9999 -9999 -9999 -9999 -9999 -9999 0.079504601657390594482 0.040079172700643539429 0.59604865312576293945 1.1333869695663452148 1.6495298147201538086 2.1420552730560302734 2.6072320938110351562 3.0660765171051025391 3.5233972072601318359 3.957317352294921875 4.3585863113403320312 4.7778830528259277344 5.2171068191528320312 5.6596035957336425781 6.111492156982421875 6.5821390151977539062 7.05062103271484375 7.4994854927062988281 7.93463134765625 8.3505582809448242188 8.7504110336303710938 9.14128875732421875 9.5220699310302734375 0.25662124156951904297 0.27337184548377990723 0 1.8184970617294311523 2.4038910865783691406 2.9647891521453857422 3.4954197406768798828 4.0049333572387695312 4.5037522315979003906 4.9947028160095214844 5.4812636375427246094 5.9641194343566894531
-9999 -9999 -9999 -9999 -9999 -9999 -9999 -9999 -9999 -9999 -9999 -9999 -9999 -9999 -9999 -9999 0.10435711592435836792 0.088774204254150390625 0.0406991615891456604 0.018277341499924659729 0.04010389372706413269 0.59960669279098510742 1.1621046066284179688 1.7073007822036743164 2.2368197441101074219 2.7600765228271484375 3.2779433727264404297 3.7764694690704345703 4.2570142745971679688 4.7278347015380859375 5.1870903968811035156 5.65874481201171875 6.1402940750122070312 5.293243408203125 6.5804347991943359375 7.0294513702392578125 7.4752163887023925781 7.9026236534118652344 8.3148784637451171875 8.71843719482421875 9.1147031784057617188 9.4976472854614257812 9.8849945068359375
-9999 -9999 -9999 -9999 -9999 -9999 -9999 -9999 -9999 -9999 -9999 -9999 -9999 -9999 -9999 -9999 -9999 -9999 -9999 0.54840850830078125 0.55974024534225463867 0.092067152261734008789 0.15235249698162078857 0.7106717228889465332 1.2417480945587158203 1.7729641199111938477 2.305217742919921875 2.8164680004119873047 3.3084931373596191406 3.79387664794921875 4.27147674560546875 4.7634625434875488281 5.2654032707214355469 4.5175018310546875 5.7545251846313476562 6.20714569091796875 6.6678471565246582031 7.1145572662353515625 7.5495328903198242188 7.9717664718627929688 8.3790721893310546875 8.7799816131591796875 9.1668634414672851562
-9999 -9999 -9999 -9999 -9999 -9999 -9999 -9999 -9999 -9999 -9999 -9999 -9999 -9999 -9999 -9999 -9999 -9999 -9999 -9999 -9999 1.125713348388671875 0.68734025955200195312 0.19395896792411804199 0.19215160608291625977 0.73511779308319091797 1.2849936485290527344 1.8093115091323852539 2.3101654052734375 2.8112819194793701172 3.3117718696594238281 3.8238430023193359375 3.1370606422424316406 4.3873190879821777344 4.8436689376831054688 5.3114047050476074219 5.7863216400146484375 6.2499914169311523438 6.7043271064758300781 7.1450896263122558594 7.5709848403930664062 7.9911227226257324219 8.4073657989501953125
-9999 -9999 -9999 -9999 -9999 -9999 -9999 -9999 -9999 -9999 -9999 -9999 -9999 -9999 -9999 -9999 -9999 -9999 -9999 -9999 -9999 -9999 1.6831723451614379883 1.2264577150344848633 0.71832066774368286133 0.19750256836414337158 0.75419610738754272461 1.2833435535430908203 1.7852350473403930664 2.2908971309661865234 2.802661895751953125 3.3197107315063476562 2.6295490264892578125 3.8925864696502685547 4.3598866462707519531 -9999 -9999 -9999 -9999 -9999 -9999 -9999 -9999
-9999 -9999 -9999 -9999 -9999 -9999 -9999 -9999 -9999 -9999 -9999 -9999 -9999 -9999 -9999 -9999 -9999 -9999 -9999 -9999 -9999 -9999 -9999 -9999 1.7218695878982543945 1.2421411275863647461 0.21463038027286529541 0.74878746271133422852 1.2583153247833251953 1.773409724235534668 2.2946879863739013672 2.8128290176391601562 0 -9999 -9999 -9999 -9999 -9999 -9999 -9999 -9999 -9999 -9999
-9999 -9999 -9999 -9999 -9999 -9999 -9999 -9999 -9999 -9999 -9999 -9999 -9999 -9999 -9999 -9999 -9999 -9999 -9999 -9999 -9999 -9999 -9999 -9999 -9999 2.2260406017303466797 1.7563579082489013672 0.2012593001127243042 0.72576355934143066406 1.255030512809753418 1.7872955799102783203 2.3095877170562744141 -9999 -9999 -9999 -9999 -9999 -9999 -9999 -9999 -9999 -9999 -9999
-9999 -9999 -9999 -9999 -9999 -9999 -9999 -9999 -9999 -9999 -9999 -9999 -9999 -9999 -9999 -9999 -9999 -9999 -9999 -9999 -9999 -9999 -9999 -9999 -9999 -9999 2.7026274204254150391 2.2354023456573486328 0.18946254253387451172 0.20723272860050201416 0.76597750186920166016 0.25087881088256835938 -9999 -9999 -9999 -9999 -9999 -9999 -9999 -9999 -9999 -9999 -9999
-9999 -9999 -9999 -9999 -9999 -9999 -9999 -9999 -9999 -9999 -9999 -9999 -9999 -9999 -9999 -9999 -9999 -9999 -9999 -9999 -9999 -9999 -9999 -9999 -9999 -9999 -9999 3.1567645072937011719 2.7209258079528808594 0.74172508716583251953 0.24335537850856781006 0.64954072237014770508 -9999 -9999 -9999 -9999 -9999 -9999 -9999 -9999 -9999 -9999 -9999
-9999 -9999 -9999 -9999 -9999 -9999 -9999 -9999 -9999 -9999 -9999 -9999 -9999 -9999 -9999 -9999 -9999 -9999 -9999 -9999 -9999 -9999 -9999 -9999 -9999 -9999 -9999 -9999 3.6345727443695068359 3.2279763221740722656 1.29528045654296875 -9999 -9999 -9999 -9999 -9999 -9999 -9999 -9999 -9999 -9999 -9999 -9999
