tests/data/reference/gistest_nucice/full/control/crillvout_m3.asc
ncols        123
nrows        77
xllcorner    -713746.799299980048
yllcorner    -1061022.369616159936
cellsize     10.000000000000
NODATA_value  -9999
[rows 38 to 56 of 77, columns 43 to 85 of 123]
1.2716758251190185547 1.7912514209747314453 2.3076364994049072266 2.8128321170806884766 3.3069634437561035156 0.22979182004928588867 0.21310783922672271729 0.21273668110370635986 0.29325956106185913086 0.84760242700576782227 1.3928933143615722656 1.9121750593185424805 238.60833740234375 247.9612274169921875 258.597686767578125 268.3399658203125 278.0791015625 287.506683349609375 294.638031005859375 301.761383056640625 308.875152587890625 315.99462890625 320.991851806640625 325.975311279296875 330.94189453125 330.966064453125 963.45257568359375 973.77252197265625 11.301568984985351562 10.414679527282714844 9.8570928573608398438 122.1630859375 8.6616306304931640625 7.5069866180419921875 7.829837799072265625 7.0312347412109375 78.2981414794921875 6.5542559623718261719 14.556614875793457031 46.240413665771484375 1.2904783487319946289 0.77292877435684204102 0.23265977203845977783
1.2709295749664306641 1.7927204370498657227 2.3115379810333251953 2.822589874267578125 3.3242878913879394531 3.8072099685668945312 4.2704491615295410156 4.7400264739990234375 5.2195162773132324219 5.6855134963989257812 227.337921142578125 236.2292633056640625 8.7985258102416992188 10.0590362548828125 9.2306680679321289062 9.2872800827026367188 8.9774751663208007812 6.6990518569946289062 6.6946616172790527344 6.6824178695678710938 6.7637090682983398438 4.6839842796325683594 4.6722826957702636719 4.6587681770324707031 4.6472568511962890625 11.645338058471679688 16.975671768188476562 17.315530776977539062 991.45556640625 1003.48516845703125 1014.67425537109375 1025.0289306640625 131.375518798828125 7.8605637550354003906 8.23780059814453125 7.476032257080078125 78.541900634765625 5.4064264297485351562 0 47.9835205078125 2.8821015357971191406 0.77561837434768676758 0.2343339771032333374
1.7464112043380737305 2.2449457645416259766 2.74666595458984375 3.2495520114898681641 3.7513842582702636719 4.2352933883666992188 4.7023820877075195312 5.16207122802734375 5.614765167236328125 221.170806884765625 8.3907289505004882812 8.429500579833984375 9.7212839126586914062 8.863254547119140625 8.9319639205932617188 8.6272611618041992188 6.3150873184204101562 6.3166661262512207031 6.309917449951171875 6.30374908447265625 4.1943216323852539062 4.1915621757507324219 4.18831634521484375 4.1856832504272460938 6.3504290580749511719 4.6814780235290527344 62.143497467041015625 71.30065155029296875 75.97522735595703125 80.27260589599609375 77.55072021484375 80.33147430419921875 1105.7142333984375 139.778900146484375 8.5076570510864257812 7.8534002304077148438 0.22290210425853729248 51.159519195556640625 18.490789413452148438 48.22066497802734375 4.4607763290405273438 0.24501240253448486328 0.77697908878326416016
3.6074354648590087891 4.0588579177856445312 4.517597198486328125 4.97670745849609375 5.436496734619140625 5.8843121528625488281 6.3181109428405761719 206.9084625244140625 215.0718841552734375 7.96900177001953125 8.0156269073486328125 9.3390111923217773438 8.4411220550537109375 8.502475738525390625 8.2044534683227539062 5.8764238357543945312 5.8837780952453613281 5.8855195045471191406 5.8875551223754882812 3.7378163337707519531 3.7400763034820556641 3.743663787841796875 3.75008392333984375 5.8846039772033691406 4.1959834098815917969 61.861820220947265625 8.6295766830444335938 4.2785382270812988281 3.7926297187805175781 3.7731738090515136719 0 0 0 1105.33251953125 139.9011077880859375 8.9245281219482421875 6.30999755859375 83.6948394775390625 18.733673095703125 48.587223052978515625 5.4901247024536132812 0.2509708106517791748 1.3148462772369384766
39.877899169921875 40.0472259521484375 40.249828338623046875 40.410930633544921875 40.533931732177734375 40.669696807861328125 200.041595458984375 7.5907678604125976562 7.574069976806640625 7.6043782234191894531 8.9536447525024414062 8.0275812149047851562 8.064350128173828125 7.7399053573608398438 5.4163112640380859375 5.4283823966979980469 5.4311151504516601562 5.4397706985473632812 3.2556741237640380859 3.2638158798217773438 3.2688279151916503906 3.2778749465942382812 5.4658260345458984375 3.7449996471405029297 61.672168731689453125 8.2821493148803710938 3.7789628505706787109 3.3127608299255371094 3.2959163188934326172 4.7302455902099609375 3.3617331981658935547 3.3658406734466552734 0 0 0 137.6708831787109375 116.1568603515625 95.17546844482421875 18.862445831298828125 48.8227386474609375 6.016178131103515625 0.77428001165390014648 1.8269753456115722656
8.4179544448852539062 8.8035821914672851562 9.1983289718627929688 9.5708341598510742188 9.9009380340576171875 158.1286773681640625 7.1624217033386230469 7.18091583251953125 7.2050104141235351562 8.5553827285766601562 7.5998487472534179688 7.6340517997741699219 7.2934861183166503906 4.9492449760437011719 4.9581766128540039062 4.9601812362670898438 4.9621982574462890625 2.7374348640441894531 2.7574470043182373047 2.7711956501007080078 2.7821753025054931641 5.0183701515197753906 3.2648115158081054688 61.434421539306640625 7.8955540657043457031 3.3078439235687255859 2.8445029258728027344 2.8447663784027099609 4.2408351898193359375 2.8438839912414550781 2.9207236766815185547 2.9126691818237304688 2.8909900188446044922 2.8662693500518798828 0 0 0 147.3641357421875 95.15439605712890625 68.94802093505859375 6.4478669166564941406 1.2575583457946777344 2.305450439453125
112.8074188232421875 112.96985626220703125 113.12457275390625 140.6352081298828125 147.6121368408203125 6.7532353401184082031 6.7528605461120605469 6.7857828140258789062 8.1746931076049804688 7.1880283355712890625 7.2126893997192382812 6.8806772232055664062 4.5063061714172363281 4.5045304298400878906 4.5011181831359863281 4.4999070167541503906 2.213287353515625 2.2249166965484619141 2.2455151081085205078 2.2652957439422607422 4.5529541969299316406 2.7624561786651611328 61.159961700439453125 7.4811491966247558594 2.8075888156890869141 2.3365485668182373047 2.3452167510986328125 3.7787051200866699219 2.3580844402313232422 2.3688333034515380859 2.3761589527130126953 2.4364237785339355469 2.4102022647857666016 2.4045994281768798828 1.2057580947875976562 0 0 0 0 165.143463134765625 6.8496928215026855469 1.803322911262512207 2.7940065860748291016
13.353419303894042969 20.066009521484375 26.795785903930664062 6.4201707839965820312 6.4267325401306152344 6.4031271934509277344 6.37054443359375 7.7503943443298339844 6.7629938125610351562 6.7941498756408691406 6.4546532630920410156 4.0494885444641113281 4.0618300437927246094 4.0574460029602050781 4.0517034530639648438 1.7107132673263549805 1.7102035284042358398 1.7109236717224121094 1.7234386205673217773 4.0639333724975585938 2.2405731678009033203 60.856609344482421875 7.0321164131164550781 2.2866044044494628906 1.8022507429122924805 1.8120353221893310547 3.2832784652709960938 1.8380271196365356445 1.8491364717483520508 1.8619362115859985352 1.8714296817779541016 1.8664778470993041992 1.9133446216583251953 1.900689244270324707 4.3986668586730957031 0 1.5137857198715209961 2.0451436042785644531 0 0 0 2.3224489688873291016 3.3762335777282714844
6.0027384757995605469 6.0378336906433105469 6.0664734840393066406 6.0859665870666503906 6.083850860595703125 6.06443023681640625 7.4449815750122070312 6.37127685546875 6.3967185020446777344 6.047550201416015625 3.5582890510559082031 3.5725774765014648438 3.5917623043060302734 3.5937132835388183594 1.1925665140151977539 1.1970144510269165039 1.1997200250625610352 1.2000745534896850586 3.5769886970520019531 1.7077857255935668945 60.55504608154296875 6.5736474990844726562 1.7539945840835571289 1.2575050592422485352 1.2599587440490722656 2.7617769241333007812 1.2991167306900024414 1.3165426254272460938 1.3256738185882568359 1.3361643552780151367 1.350260615348815918 1.3529729843139648438 1.3378762006759643555 5.1841077804565429688 0 0 0.3076350092887878418 0.83671182394027709961 1.3675802946090698242 1.8712745904922485352 0 0 0
5.65670013427734375 5.6969079971313476562 5.7165594100952148438 5.7146396636962890625 5.712085723876953125 7.1705117225646972656 6.0714769363403320312 6.0589022636413574219 5.6848001480102539062 3.1005618572235107422 3.0729529857635498047 3.0726776123046875 3.1018502712249755859 0.65962582826614379883 0.65896242856979370117 0.66299515962600708008 0.67528861761093139648 3.1140191555023193359 1.1868424415588378906 60.25943756103515625 6.1358113288879394531 1.2274008989334106445 0.71173989772796630859 0.70849847793579101562 2.2249541282653808594 0.72298634052276611328 0.75795203447341918945 0.77845275402069091797 0.78390473127365112305 0.79540222883224487305 0.81409096717834472656 0.82406419515609741211 4.7452816963195800781 0.27425435185432434082 0 0.014269763603806495667 0.95428818464279174805 1.4398131370544433594 1.9450132846832275391 2.4353215694427490234 2.9100639820098876953 3.3289046287536621094 0
5.2932868003845214844 5.3257613182067871094 5.3309526443481445312 5.3279013633728027344 6.8256592750549316406 5.7210164070129394531 5.7336630821228027344 5.338878631591796875 2.6666417121887207031 2.64415740966796875 2.6006777286529541016 2.5859401226043701172 0.10428811609745025635 0.12081252783536911011 0.11791764199733734131 0.12128215283155441284 2.6223311424255371094 0.66148585081100463867 59.982196807861328125 5.7041382789611816406 0.69896471500396728516 0.17817424237728118896 0.17005272209644317627 1.7166708707809448242 0.16147993505001068115 0.17634822428226470947 0.20701865851879119873 0.22248643636703491211 0.22580173611640930176 0.23812749981880187988 0.25774419307708740234 4.2712912559509277344 0.82510656118392944336 1.3545942306518554688 0.71738100051879882812 26.6002197265625 34.20538330078125 34.5319061279296875 34.871288299560546875 35.183074951171875 35.467678070068359375 35.684871673583984375 0.099552467465400695801
4.8974547386169433594 4.9146075248718261719 4.9240131378173828125 6.4672651290893554688 5.3316812515258789062 5.3499341011047363281 4.9630532264709472656 2.2244331836700439453 2.2075860500335693359 2.1808915138244628906 2.1386482715606689453 0.078328520059585571289 0.61546140909194946289 1.1350978612899780273 1.6329867839813232422 2.1202239990234375 0.10745463520288467407 59.68563079833984375 5.2839202880859375 0.15021811425685882568 0.1682729870080947876 0.70192968845367431641 1.2122874259948730469 0.16248786449432373047 0.69041931629180908203 1.2197062969207763672 1.7510885000228881836 2.2647938728332519531 2.7616038322448730469 3.2579264640808105469 3.7535347938537597656 0.25330266356468200684 0.28046211600303649902 7.9006299972534179688 25.002239227294921875 5.7724337577819824219 1.8337820768356323242 2.4580922126770019531 3.0045201778411865234 3.5280916690826416016 4.0323519706726074219 4.5031495094299316406 35.890819549560546875
4.4658555984497070312 4.48333740234375 6.0758786201477050781 4.9269595146179199219 4.9451580047607421875 4.5439190864562988281 1.7537375688552856445 1.7484605312347412109 1.7281939983367919922 1.7031589746475219727 21.58789825439453125 21.886388778686523438 22.194658279418945312 22.50130462646484375 22.80069732666015625 23.08454132080078125 59.3841094970703125 4.85010528564453125 0.13104149699211120605 0.67220598459243774414 1.2010519504547119141 1.7125389575958251953 2.2056882381439208984 2.6932027339935302734 3.1760082244873046875 3.6586828231811523438 4.1419777870178222656 4.6108508110046386719 5.0662202835083007812 5.5175642967224121094 5.9632625579833984375 6.42017364501953125 6.8847026824951171875 17.860254287719726562 0 1.2652274370193481445 0.28150257468223571777 0.89349043369293212891 1.4417229890823364258 1.9790310859680175781 2.5042910575866699219 3.0017979145050048828 8.1961107254028320312
4.0160131454467773438 5.6455264091491699219 4.4852399826049804688 4.5185918807983398438 4.1103229522705078125 1.252125859260559082 1.2558734416961669922 1.2499924898147583008 1.23043060302734375 21.306734085083007812 4.5099625587463378906 9.3657894134521484375 10.283205032348632812 15.550538063049316406 26.00133514404296875 35.278919219970703125 4.43292999267578125 3.9816696643829345703 4.4449591636657714844 4.8866391181945800781 5.3087482452392578125 5.7250986099243164062 6.13460540771484375 6.5455198287963867188 6.9583945274353027344 15.138566017150878906 15.4859771728515625 15.822911262512207031 16.151731491088867188 16.465747833251953125 16.7553253173828125 17.085729598999023438 17.4603729248046875 4.2966380119323730469 0 0.27594837546348571777 0.83010464906692504883 1.3739566802978515625 1.976488947868347168 2.5083379745483398438 3.0287659168243408203 3.5272452831268310547 3.9877140522003173828
5.2071390151977539062 4.0174822807312011719 4.0564050674438476562 3.6500062942504882812 0.73640751838684082031 0.7377306818962097168 0.73601824045181274414 0.7289994359016418457 20.978765487670898438 4.0909132957458496094 4.0844626426696777344 0.15885567665100097656 4.4727621078491210938 9.5753421783447265625 8.3176631927490234375 4.0301909446716308594 3.5466279983520507812 4.4502749443054199219 4.9112906455993652344 5.3411507606506347656 5.7375741004943847656 6.1369538307189941406 6.5432195663452148438 6.951816558837890625 7.3610906600952148438 0.18618290126323699951 0.74723452329635620117 1.2894227504730224609 1.8170597553253173828 2.3178410530090332031 2.7814974784851074219 3.2669529914855957031 3.7789731025695800781 0.23728549480438232422 0 1.7997168302536010742 2.3898563385009765625 2.9497776031494140625 3.4893980026245117188 4.0768423080444335938 4.5857386589050292969 5.0796718597412109375 5.5520081520080566406
3.5569930076599121094 3.583709716796875 3.1654808521270751953 0.1907017827033996582 0.2010104060173034668 0.20262321829795837402 0.19641901552677154541 20.624011993408203125 3.6424813270568847656 3.6378154754638671875 3.6419107913970947266 4.0804505348205566406 9.2417802810668945312 7.9552636146545410156 3.5901401042938232422 3.1103792190551757812 4.02181243896484375 5.3234381675720214844 9.7566165924072265625 10.133571624755859375 10.466086387634277344 10.79830169677734375 11.136106491088867188 11.484172821044921875 11.842024803161621094 12.224397659301757812 12.62456512451171875 13.007188796997070312 13.375689506530761719 13.684351921081542969 13.900697708129882812 25.62010955810546875 26.4901580810546875 26.817075729370117188 0 28.177907943725585938 28.533023834228515625 28.878511428833007812 29.216976165771484375 29.50835418701171875 29.949615478515625 30.238529205322265625 30.525493621826171875
3.1251230239868164062 2.6867573261260986328 2.7006089687347412109 3.1831400394439697266 3.6577770709991455078 14.113999366760253906 20.256429672241210938 3.1795210838317871094 3.1763083934783935547 3.1776723861694335938 4.9691996574401855469 8.9131517410278320312 7.656635284423828125 3.1287662982940673828 2.6467075347900390625 3.5888001918792724609 4.9081158638000488281 3.5716698169708251953 6.21094512939453125 6.6357436180114746094 7.0262045860290527344 7.4049620628356933594 7.7679295539855957031 8.14875030517578125 8.5522832870483398438 8.9660625457763671875 9.380645751953125 9.7782144546508789062 10.163112640380859375 10.502323150634765625 10.756748199462890625 0.1641051173210144043 0.21626321971416473389 0.78663539886474609375 0 2.346912384033203125 2.9287507534027099609 3.4831135272979736328 4.0194287300109863281 4.5298218727111816406 5.0184063911437988281 5.5762848854064941406 6.0737185478210449219
2.20621490478515625 2.2145154476165771484 3.6285624504089355469 6.6635985374450683594 9.6844739913940429688 5.3984198570251464844 2.7076630592346191406 2.7059183120727539062 2.7086205482482910156 4.5337777137756347656 3.1859734058380126953 7.3854150772094726562 2.6918532848358154297 2.1738958358764648438 3.1385259628295898438 4.49981689453125 3.1086471080780029297 5.7689876556396484375 0.18886204063892364502 7.666416168212890625 11.634102821350097656 12.029328346252441406 19.46701812744140625 29.9770965576171875 30.301439285278320312 30.628086090087890625 30.959087371826171875 31.287042617797851562 31.61060333251953125 31.88994598388671875 32.09809112548828125 32.384033203125 32.760036468505859375 33.098724365234375 31.573320388793945312 33.267757415771484375 33.5424652099609375 33.8169097900390625 34.088191986083984375 34.343433380126953125 34.581783294677734375 34.82874298095703125 35.282024383544921875
1.7177072763442993164 3.1579427719116210938 2.2251617908477783203 2.2324776649475097656 4.9790182113647460938 2.2342669963836669922 2.2256445884704589844 2.2274315357208251953 4.10152435302734375 2.714935302734375 7.0257849693298339844 2.2519190311431884766 1.7197774648666381836 2.6834406852722167969 4.0746655464172363281 2.65184783935546875 5.3749637603759765625 3.1424388885498046875 6.6615910530090332031 3.1890478134155273438 3.2031850814819335938 6.7188196182250976562 9.6730976104736328125 3.6183218955993652344 7.6180644035339355469 8.0674715042114257812 8.5103912353515625 8.9469709396362304688 9.375560760498046875 9.7667646408081054688 10.103743553161621094 10.486210823059082031 10.918637275695800781 9.62030792236328125 9.758441925048828125 11.217453956604003906 11.562230110168457031 11.904300689697265625 12.242651939392089844 12.583774566650390625 12.938450813293457031 13.3160858154296875 13.699423789978027344
