tests/data/reference/gistest_nucice/full/control/csheetvout_m3.asc
ncols        123
nrows        77
xllcorner    -713746.799299980048
yllcorner    -1061022.369616159936
cellsize     10.000000000000
NODATA_value -9999
[rows 36 to 53 of 77, columns 41 to 81 of 123]
0.30837181210517883301 0.30526193976402282715 0.30680903792381286621 0.30341738462448120117 0.29639974236488342285 0.29008436203002929688 0.22456303238868713379 0.22862932085990905762 0.24728365242481231689 0.26377072930335998535 0.28726646304130554199 0.30428701639175415039 0.29413491487503051758 0.2973136603832244873 0.61921399831771850586 0.59747642278671264648 0.53478574752807617188 0.49684932827949523926 0.27861234545707702637 0.25437951087951660156 0.25296106934547424316 0.24930226802825927734 0.24470415711402893066 0.24582190811634063721 0.27203258872032165527 0.32095694541931152344 0.3313769996166229248 0.36736536026000976562 0.41830092668533325195 0.46967554092407226562 0.50019800662994384766 0.33133715391159057617 0.48775580525398254395 0.36112797260284423828 0.3274014592170715332 0.31364333629608154297 0.33554250001907348633 0.39375901222229003906 0.7587261199951171875 0.37564334273338317871 0.72766041755676269531
0.3284359276294708252 0.31809902191162109375 0.32077166438102722168 0.31764012575149536133 0.30947634577751159668 0.30329251289367675781 0.2985273897647857666 0.30282047390937805176 0.25847703218460083008 0.26610240340232849121 0.27074533700942993164 0.2711982429027557373 0.25836092233657836914 0.26538693904876708984 0.30105432868003845215 0.30378779768943786621 0.27322542667388916016 0.2680307924747467041 0.56298363208770751953 0.5885130763053894043 0.64446967840194702148 0.678012847900390625 0.70199185609817504883 0.74710369110107421875 0.81250703334808349609 0.86776006221771240234 0.88729488849639892578 0.8831208348274230957 0.62269836664199829102 0.6222375035285949707 0.60046857595443725586 0.53733694553375244141 0.30083242058753967285 0.41252818703651428223 0.34826552867889404297 0.34701973199844360352 0.37927174568176269531 0.37094104290008544922 0.77032190561294555664 0.37687978148460388184 0.69569814205169677734
0.34962496161460876465 0.32894816994667053223 0.33124577999114990234 0.3280983269214630127 0.31992712616920471191 0.31468874216079711914 0.31209743022918701172 0.31646844744682312012 0.33103469014167785645 0.33144432306289672852 0.26064088940620422363 0.25105828046798706055 0.24302525818347930908 0.25282317399978637695 0.58376222848892211914 0.60174643993377685547 0.56744480133056640625 0.55736130475997924805 0.58491921424865722656 0.60474497079849243164 0.63020402193069458008 0.65436828136444091797 0.67307162284851074219 0.70064282417297363281 0.76285177469253540039 0.83437734842300415039 0.92113769054412841797 1.00101470947265625 0.95299178361892700195 0.93903195858001708984 0.76377779245376586914 0.69650793075561523438 0.58530372381210327148 0.46881955862045288086 0.42983233928680419922 0.39959642291069030762 0.42124709486961364746 0.3928063809871673584 0.66823041439056396484 0.37389200925827026367 3.3123521804809570312
0.35405635833740234375 0.33522325754165649414 0.34119185805320739746 0.34179630875587463379 0.33614560961723327637 0.32871115207672119141 0.3217188715934753418 0.32491207122802734375 0.3393821418285369873 0.34075143933296203613 0.32635217905044555664 0.31856614351272583008 0.5797011256217956543 0.59926956892013549805 0.38246339559555053711 0.35937997698783874512 0.32438296079635620117 0.31006035208702087402 0.30879497528076171875 0.30490756034851074219 0.30820131301879882812 0.31338414549827575684 0.25474786758422851562 0.2552388310432434082 0.27061387896537780762 0.2889016568660736084 0.30845344066619873047 0.35578289628028869629 0.39623296260833740234 0.47410842776298522949 0.99320787191390991211 0.96963655948638916016 0.82598841190338134766 0.83805364370346069336 0.61808735132217407227 0.49141892790794372559 0.4576949775218963623 0.40385174751281738281 0.65769898891448974609 1.5539313554763793945 18.968685150146484375
0.34537625312805175781 0.33991187810897827148 0.35309076309204101562 0.35998705029487609863 0.35897278785705566406 0.34936434030532836914 0.33360251784324645996 0.32879859209060668945 0.33408135175704956055 0.3401845097541809082 0.34530976414680480957 0.62636667490005493164 0.41215747594833374023 0.38648074865341186523 0.36107203364372253418 0.32936781644821166992 0.30093926191329956055 0.28672084212303161621 0.27443274855613708496 0.27174857258796691895 0.27162837982177734375 0.2751401066780090332 0.26992779970169067383 0.27724435925483703613 0.28595575690269470215 0.29687404632568359375 0.2610645592212677002 0.26512408256530761719 0.57844412326812744141 0.64337700605392456055 0.76704907417297363281 0.80760681629180908203 3.3623359203338623047 0.81605494022369384766 1.2081571817398071289 0.81938290596008300781 0.62096291780471801758 0.47199371457099914551 0.32498285174369812012 36.1003570556640625 0.80470144748687744141
0.3512185215950012207 0.3565768897533416748 0.37554529309272766113 0.38486260175704956055 0.38125148415565490723 0.37241575121879577637 0.35956978797912597656 0.35422351956367492676 0.35605984926223754883 0.62757837772369384766 0.64401155710220336914 0.46476286649703979492 0.43008404970169067383 0.4023685455322265625 0.38416182994842529297 0.36098113656044006348 0.33175811171531677246 0.29203912615776062012 0.28311866521835327148 0.27422118186950683594 0.26896640658378601074 0.25897350907325744629 0.2614930570125579834 0.26337319612503051758 0.26527863740921020508 0.28026977181434631348 0.27571636438369750977 0.56506967544555664062 0.30774673819541931152 0.24572436511516571045 0.27844408154487609863 0.29713281989097595215 0 0 0 1.4944672584533691406 0.93009179830551147461 0.62366884946823120117 2.0049889087677001953 3.8792548179626464844 0.89921915531158447266
0.71433484554290771484 0.77759504318237304688 0.84952855110168457031 0.88496440649032592773 0.88436740636825561523 0.9225794672966003418 0.99723339080810546875 1.0559850931167602539 0.68076395988464355469 0.46131813526153564453 0.48646408319473266602 0.46656048297882080078 0.4429652094841003418 0.42683300375938415527 0.42657840251922607422 0.41551339626312255859 0.32722547650337219238 0.31291669607162475586 0.30235973000526428223 0.28943854570388793945 0.26695081591606140137 0.26319527626037597656 0.26285275816917419434 0.2612870335578918457 0.26762792468070983887 0.25916334986686706543 0.51329451799392700195 0.2748209536075592041 0.26118943095207214355 0.26837158203125 0.28485795855522155762 0.24296092987060546875 0.24305641651153564453 0.26068639755249023438 0 0 0 2.9313046932220458984 35.093273162841796875 0.88241666555404663086 1.1002743244171142578
0.4331874549388885498 0.43887716531753540039 0.44413939118385314941 0.44072833657264709473 0.42409256100654602051 0.42585048079490661621 0.46242853999137878418 0.72170495986938476562 0.50954395532608032227 0.50104349851608276367 0.48613813519477844238 0.49222341179847717285 0.47944033145904541016 0.4805011451244354248 0.47776213288307189941 0.36554455757141113281 0.35389992594718933105 0.34348797798156738281 0.3359318077564239502 0.3055000603199005127 0.28904747962951660156 0.27877607941627502441 0.2739912867546081543 0.27775439620018005371 0.26434478163719177246 0.50305521488189697266 0.27445861697196960449 0.25380569696426391602 0.24867792427539825439 0.24876759946346282959 0.25581455230712890625 0.26025411486625671387 0.20652432739734649658 0.22319479286670684814 0.25528708100318908691 0.27897396683692932129 0 0 0 3.6139087677001953125 1.0697928667068481445
0.64961820840835571289 0.66128784418106079102 0.6812000274658203125 0.70450568199157714844 0.73035031557083129883 0.67721641063690185547 0.72216129302978515625 0.53357607126235961914 0.54457354545593261719 0.51992660760879516602 0.51946842670440673828 0.51163262128829956055 0.52105319499969482422 0.50201821327209472656 0.37491646409034729004 0.37399849295616149902 0.36883085966110229492 0.36362025141716003418 0.345062255859375 0.33584082126617431641 0.31709238886833190918 0.30193087458610534668 0.30118089914321899414 0.28567016124725341797 0.52509671449661254883 0.29739779233932495117 0.26839652657508850098 0.26038014888763427734 0.25151765346527099609 0.249025002121925354 0.24789118766784667969 0.24839620292186737061 0.25028645992279052734 0.20333498716354370117 0.23058685660362243652 0.24521541595458984375 1.0082057714462280273 6.613201141357421875 0 0 0
0.42018646001815795898 0.41101548075675964355 0.42760539054870605469 0.45334440469741821289 0.49009346961975097656 0.44174885749816894531 0.46827155351638793945 0.50356447696685791016 0.54378235340118408203 0.58508312702178955078 0.55168265104293823242 0.55360621213912963867 0.53404289484024047852 0.39142477512359619141 0.37683668732643127441 0.37281835079193115234 0.37152501940727233887 0.35640278458595275879 0.35889619588851928711 0.35852763056755065918 0.34886109828948974609 0.34375369548797607422 0.32087409496307373047 0.57253563404083251953 0.35142561793327331543 0.29775643348693847656 0.29202091693878173828 0.28117334842681884766 0.26908913254737854004 0.26173472404479980469 0.26039555668830871582 0.25604966282844543457 0.25033140182495117188 0.25780597329139709473 0.22205664217472076416 0.23612762987613677979 1.1146619319915771484 1.2288049459457397461 0.35366541147232055664 0.33860793709754943848 0
0.37289637327194213867 0.37686002254486083984 0.37143549323081970215 0.37681856751441955566 0.39352652430534362793 0.40788450837135314941 0.42281377315521240234 0.45120391249656677246 0.52634131908416748047 0.55249524116516113281 0.55911248922348022461 0.54131871461868286133 0.43498063087463378906 0.41857677698135375977 0.39124247431755065918 0.38169935345649719238 0.37387233972549438477 0.37162041664123535156 0.36891332268714904785 0.3702698051929473877 0.37924650311470031738 0.36071020364761352539 0.61439913511276245117 0.41139307618141174316 0.33268207311630249023 0.32791537046432495117 0.32373249530792236328 0.30997350811958312988 0.2877617180347442627 0.27813726663589477539 0.27613481879234313965 0.26832789182662963867 0.25636824965476989746 0.25742599368095397949 0.27496644854545593262 0.29122513532638549805 0.12890538573265075684 0.12836167216300964355 0.24662187695503234863 0.26017418503761291504 0.26331156492233276367
0.35754349827766418457 0.3503742218017578125 0.34800165891647338867 0.35258597135543823242 0.36657303571701049805 0.38143080472946166992 0.39373403787612915039 0.42747139930725097656 0.45332872867584228516 0.49738171696662902832 0.49678707122802734375 0.43717592954635620117 0.46338230371475219727 0.45532715320587158203 0.41752260923385620117 0.39590701460838317871 0.39865607023239135742 0.39419600367546081543 0.38303270936012268066 0.38367936015129089355 0.38075402379035949707 0.64465528726577758789 0.44583025574684143066 0.3537661433219909668 0.3568547368049621582 0.35851323604583740234 0.3606255650520324707 0.34396097064018249512 0.31411945819854736328 0.29930418729782104492 0.29558148980140686035 0.28474166989326477051 0.2688547670841217041 0.26195797324180603027 0.27032169699668884277 0.27560251951217651367 0.63781028985977172852 0.70333439111709594727 0.24875041842460632324 0.25733560323715209961 0.24723778665065765381
0.35044687986373901367 0.34239798784255981445 0.33740499615669250488 0.33784779906272888184 0.3454170525074005127 0.35819336771965026855 0.3887042701244354248 0.39355710148811340332 0.41301867365837097168 0.42551779747009277344 0.40376272797584533691 0.4276510775089263916 0.46436381340026855469 0.46878671646118164062 0.428997039794921875 0.41438427567481994629 0.41675421595573425293 0.41361710429191589355 0.40733852982521057129 0.39496532082557678223 0.64938384294509887695 0.46795794367790222168 0.36637029051780700684 0.36273923516273498535 0.36997756361961364746 0.3750629127025604248 0.37771663069725036621 0.3646914362907409668 0.33730879426002502441 0.32307249307632446289 0.31963515281677246094 0.30828246474266052246 0.29039663076400756836 0.27615791559219360352 0.26359978318214416504 0.26480874419212341309 0.98561322689056396484 1.4895637035369873047 0.35301047563552856445 0.35292041301727294922 0.33988258242607116699
0.35670381784439086914 0.34732386469841003418 0.33876588940620422363 0.3335895538330078125 0.33358263969421386719 0.35525557398796081543 0.36280736327171325684 0.37622189521789550781 0.37308225035667419434 0.36498028039932250977 0.3847599327564239502 0.40835154056549072266 0.44176012277603149414 0.45195305347442626953 0.43640652298927307129 0.42806842923164367676 0.43016198277473449707 0.43166500329971313477 0.42635372281074523926 0.66414970159530639648 0.47218671441078186035 0.38810381293296813965 0.37219798564910888672 0.36738502979278564453 0.37415218353271484375 0.37734243273735046387 0.37772899866104125977 0.36741796135902404785 0.34759891033172607422 0.33825188875198364258 0.33830711245536804199 0.33165383338928222656 0.31864479184150695801 0.29608446359634399414 0.27109354734420776367 0.27172523736953735352 1.5150561332702636719 0.37026104331016540527 0.32920226454734802246 0.23582443594932556152 0.21493968367576599121
0.36576101183891296387 0.35773515701293945312 0.34701815247535705566 0.33784189820289611816 0.34719985723495483398 0.33888599276542663574 0.35133984684944152832 0.35353490710258483887 0.34138593077659606934 0.35030508041381835938 0.3695049583911895752 0.38885408639907836914 0.60238552093505859375 0.65895384550094604492 0.69714069366455078125 0.72837239503860473633 0.75831490755081176758 0.79511106014251708984 0.67339158058166503906 0.48262357711791992188 0.40564423799514770508 0.39106917381286621094 0.37920820713043212891 0.37482628226280212402 0.37857401371002197266 0.37846535444259643555 0.37468937039375305176 0.36422783136367797852 0.34790366888046264648 0.3412488102912902832 0.3435942530632019043 0.34561061859130859375 0.34795549511909484863 0.3331095576286315918 0.30505642294883728027 0.58686095476150512695 5.6934418678283691406 0.3667443394660949707 0.26967170834541320801 0.20610168576240539551 0.20049196481704711914
0.37527817487716674805 0.37135294079780578613 0.36209812760353088379 0.3717467188835144043 0.3439763188362121582 0.33972364664077758789 0.33951082825660705566 0.33662554621696472168 0.3361721038818359375 0.34233745932579040527 0.35837733745574951172 0.51841831207275390625 0.39874789118766784668 0.43121135234832763672 0.46982413530349731445 0.50887620449066162109 0.55072581768035888672 0.59503996372222900391 0.4689452052116394043 0.44617682695388793945 0.42340758442878723145 0.41705787181854248047 0.42434546351432800293 0.43058240413665771484 0.43646699190139770508 0.43408092856407165527 0.42336180806159973145 0.42851579189300537109 0.45768907666206359863 0.49210646748542785645 0.53066211938858032227 0.58063793182373046875 0.65022408962249755859 0.67262709140777587891 0.64473974704742431641 0.29698556661605834961 1.099829554557800293 0.2750415802001953125 0.26319327950477600098 0.25479686260223388672 0.18956324458122253418
0.37522944808006286621 0.37678307294845581055 0.3988125920295715332 0.36825048923492431641 0.35581034421920776367 0.34339141845703125 0.33473312854766845703 0.33573165535926818848 0.33792513608932495117 0.3432095646858215332 0.46925476193428039551 0.37074780464172363281 0.37351185083389282227 0.37982892990112304688 0.4311771094799041748 0.53706979751586914062 0.65601599216461181641 0.43253043293952941895 0.43479448556900024414 0.43893590569496154785 0.41219133138656616211 0.41174802184104919434 0.43862825632095336914 0.45581319928169250488 0.45926177501678466797 0.4536279141902923584 0.44082248210906982422 0.35662022233009338379 0.32933148741722106934 0.31332135200500488281 0.30541026592254638672 0.31765222549438476562 0.35750997066497802734 0.36487245559692382812 0.33705374598503112793 0.31029626727104187012 1.6474050283432006836 0.36540591716766357422 0.3012587130069732666 0.26399385929107666016 0.2436516880989074707
0.36609447002410888672 0.39520907402038574219 0.37842056155204772949 0.37520879507064819336 0.36317220330238342285 0.35099455714225769043 0.34209957718849182129 0.34078887104988098145 0.34613832831382751465 0.43552103638648986816 0.36248958110809326172 0.36373361945152282715 0.35888686776161193848 0.37772822380065917969 0.46529981493949890137 0.64902347326278686523 0.42318144440650939941 0.41570949554443359375 0.42801639437675476074 0.45207539200782775879 0.39969307184219360352 0.4339860081672668457 0.50557607412338256836 0.57080239057540893555 0.62394690513610839844 0.66026788949966430664 0.68072211742401123047 0.671993255615234375 0.64209514856338500977 0.62653350830078125 0.62191903591156005859 0.67221862077713012695 0.80551052093505859375 0.62307769060134887695 0.61679118871688842773 0.60935038328170776367 28.526195526123046875 0.64640009403228759766 0.60025954246520996094 0.56447803974151611328 0.53515207767486572266
