tests/data/reference/gistest_nucice/full/control/csheetvout_m3.asc
ncols        123
nrows        77
xllcorner    -713746.799299980048
yllcorner    -1061022.369616159936
cellsize     10.000000000000
NODATA_value -9999
[rows 18 to 35 of 77, columns 0 to 40 of 123]
-9999 -9999 -9999 -9999 -9999 -9999 -9999 -9999 -9999 -9999 -9999 -9999 -9999 -9999 -9999 -9999 -9999 0.43803122639656066895 0.42905676364898681641 0.43215796351432800293 0.4511661827564239502 0.51575326919555664062 0.48055452108383178711 0.44835400581359863281 2.0175063610076904297 1.2085063457489013672 0.55001062154769897461 0.59706896543502807617 0.4393551945686340332 0.5638497471809387207 0.39324736595153808594 0.35726028680801391602 0.34079989790916442871 0.64991068840026855469 0.34026932716369628906 0.35069730877876281738 0.37531530857086181641 0.3648878633975982666 0.37727645039558410645 0.38041895627975463867 0.33279937505722045898
-9999 -9999 -9999 -9999 -9999 -9999 -9999 -9999 -9999 -9999 -9999 -9999 -9999 -9999 -9999 -9999 0.47919178009033203125 0.45754611492156982422 0.4499155879020690918 0.47980278730392456055 0.60952401161193847656 0.49578329920768737793 0.45953914523124694824 0.39712753891944885254 1.6332877874374389648 2.4786467552185058594 0.61326104402542114258 0.56995558738708496094 0.42828786373138427734 0.52120304107666015625 0.37324705719947814941 0.34934350848197937012 0.34003913402557373047 0.61994326114654541016 0.34160414338111877441 0.34549772739410400391 0.3704993128776550293 0.34815859794616699219 0.37091198563575744629 0.37796777486801147461 0.32842722535133361816
-9999 -9999 -9999 -9999 -9999 -9999 -9999 -9999 -9999 -9999 -9999 -9999 -9999 -9999 -9999 0.52447831630706787109 0.5023720860481262207 0.4802621006965637207 0.48738574981689453125 0.65208476781845092773 0.5915743708610534668 0.51886767148971557617 0.45353901386260986328 1.099766850471496582 3.2705914974212646484 0.69104528427124023438 0.69558924436569213867 0.60384762287139892578 0.42227798700332641602 0.4845403134822845459 0.36252412199974060059 0.3469123542308807373 0.34182459115982055664 0.59556752443313598633 0.34191107749938964844 0.34701597690582275391 0.39320367574691772461 0.35378128290176391602 0.38291403651237487793 0.37936812639236450195 0.32670855522155761719
-9999 -9999 -9999 -9999 -9999 -9999 -9999 -9999 -9999 -9999 -9999 -9999 -9999 -9999 -9999 0.58759295940399169922 0.59427040815353393555 0.63051468133926391602 0.8686758875846862793 0.62534964084625244141 0.52082711458206176758 0.52529925107955932617 0.58156698942184448242 2.1550190448760986328 0.65899324417114257812 0.89451122283935546875 0.78306674957275390625 0.57510221004486083984 0.41125568747520446777 0.43648687005043029785 0.35930150747299194336 0.35027414560317993164 0.3450717926025390625 0.56454795598983764648 0.34178200364112854004 0.36117178201675415039 0.45301339030265808105 0.38614514470100402832 0.41551625728607177734 0.3843879401683807373 0.32741463184356689453
-9999 -9999 -9999 -9999 -9999 -9999 -9999 -9999 -9999 -9999 -9999 -9999 -9999 -9999 -9999 0.70052754878997802734 0.74660670757293701172 0.98726665973663330078 1.5492616891860961914 0.51664465665817260742 0.51822990179061889648 0.10836894810199737549 1.6251404285430908203 2.1391212940216064453 0.61603367328643798828 0.98421329259872436523 0.78470671176910400391 0.52923041582107543945 0.3987604975700378418 0.40270495414733886719 0.36009740829467773438 0.35046282410621643066 0.34736859798431396484 0.3574084937572479248 0.34392556548118591309 0.38663381338119506836 0.49079531431198120117 0.34227919578552246094 0.41519817709922790527 0.3795223534107208252 0.32950308918952941895
-9999 -9999 -9999 -9999 -9999 -9999 -9999 -9999 -9999 -9999 -9999 -9999 -9999 -9999 0.50479042530059814453 1.013598322868347168 1.0517290830612182617 1.2869927883148193359 0.51104998588562011719 0.45737174153327941895 0.1043219640851020813 1.618073582649230957 0.1971791684627532959 0.58171051740646362305 0.52475243806838989258 0.83287894725799560547 0.64798194169998168945 0.40736606717109680176 0.39108419418334960938 0.39473313093185424805 0.3626601099967956543 0.35058662295341491699 0.34540677070617675781 0.34883266687393188477 0.36268416047096252441 0.43307653069496154785 0.50681519508361816406 0.3289191126823425293 0.40703740715980529785 0.3685798346996307373 0.33375921845436096191
-9999 -9999 -9999 -9999 -9999 -9999 -9999 -9999 -9999 -9999 -9999 -9999 -9999 -9999 0.94714021682739257812 3.7962946891784667969 1.7632775306701660156 0.62071096897125244141 0.50929743051528930664 0.52434742450714111328 1.5571994781494140625 2.8221149444580078125 0.39224395155906677246 0.44177225232124328613 0.47617438435554504395 0.74957841634750366211 0.6106281280517578125 0.36857771873474121094 0.33094230294227600098 0.32102426886558532715 0.37780299782752990723 0.35235351324081420898 0.3494739830493927002 0.35314446687698364258 0.38446629047393798828 0.48597940802574157715 0.52811408042907714844 0.32379764318466186523 0.41099828481674194336 0.36628729104995727539 0.33878967165946960449
-9999 -9999 -9999 -9999 -9999 -9999 -9999 -9999 -9999 -9999 -9999 -9999 -9999 -9999 6.9706225395202636719 0.99294400215148925781 0.51605314016342163086 0.51587712764739990234 0.5147069096565246582 0.11354059725999832153 1.7377399206161499023 0.54873836040496826172 0.61629998683929443359 0.39245060086250305176 0.36183130741119384766 0.3553619384765625 0.6052029728889465332 0.34213078022003173828 0.31512844562530517578 0.31125077605247497559 0.30915549397468566895 0.32248711585998535156 0.3054021000862121582 0.36798688769340515137 0.37217462062835693359 0.44029259681701660156 0.34131669998168945312 0.530017852783203125 0.32339885830879211426 0.4385649263858795166 0.34425026178359985352
-9999 -9999 -9999 -9999 -9999 -9999 -9999 -9999 -9999 -9999 -9999 -9999 0.52271175384521484375 0.51099729537963867188 1.4665316343307495117 0.79729682207107543945 0.51683461666107177734 0.47648990154266357422 0.1044737696647644043 1.6145443916320800781 1.6750953197479248047 0.60635846853256225586 0.53456693887710571289 0.52615666389465332031 0.38613313436508178711 0.36480608582496643066 0.51352488994598388672 0.38708424568176269531 0.33877268433570861816 0.32623744010925292969 0.32125234603881835938 0.31681802868843078613 0.3918495476245880127 0.33908599615097045898 0.33888566493988037109 0.3662274777889251709 0.44137838482856750488 0.32944446802139282227 0.5549857020378112793 0.32568758726119995117 0.42712765932083129883
-9999 -9999 -9999 -9999 -9999 -9999 -9999 -9999 -9999 -9999 -9999 -9999 -9999 0.52138108015060424805 0.87005722522735595703 0.8359019160270690918 0.49193689227104187012 0.09697647392749786377 1.6732573509216308594 1.8081295490264892578 0.468181610107421875 0.49445334076881408691 0.58295333385467529297 0.54213881492614746094 0.55478703975677490234 0.4987506866455078125 0.48365810513496398926 0.73180419206619262695 0.53627210855484008789 0.37410533428192138672 0.34181690216064453125 0.33623039722442626953 0.34909644722938537598 0.51581227779388427734 0.35414382815361022949 0.31219032406806945801 0.28647950291633605957 0.37590801715850830078 0.32759490609169006348 0.57230007648468017578 0.39912566542625427246
-9999 -9999 -9999 -9999 -9999 -9999 -9999 -9999 -9999 -9999 -9999 -9999 -9999 -9999 -9999 0.50555193424224853516 0.068447627127170562744 1.0997601747512817383 2.1993787288665771484 0.72126162052154541016 0.65197139978408813477 0.59284287691116333008 0.54195845127105712891 0.500030517578125 0.46870830655097961426 0.44028460979461669922 0.44526380300521850586 0.52813553810119628906 0.60431522130966186523 0.6406771540641784668 0.40838029980659484863 0.38367694616317749023 0.39203107357025146484 0.39987868070602416992 0.57776755094528198242 0.32035931944847106934 0.29989898204803466797 0.3015003502368927002 0.41456395387649536133 0.2807229161262512207 0.47438424825668334961
-9999 -9999 -9999 -9999 -9999 -9999 -9999 -9999 -9999 -9999 -9999 -9999 -9999 -9999 -9999 -9999 0.094052053987979888916 1.2622374296188354492 0.71411305665969848633 0.62489217519760131836 0.57922738790512084961 0.56637716293334960938 0.5386365056037902832 0.49743983149528503418 0.46041482686996459961 0.42443507909774780273 0.42916065454483032227 0.4803028106689453125 0.51397001743316650391 0.60367655754089355469 0.62733173370361328125 0.62896949052810668945 0.44146928191184997559 0.42951050400733947754 0.40125241875648498535 0.58783358335494995117 0.44801184535026550293 0.44222018122673034668 0.33412927389144897461 0.44250923395156860352 0.27752020955085754395
-9999 -9999 -9999 -9999 -9999 -9999 -9999 -9999 -9999 -9999 -9999 -9999 -9999 -9999 -9999 -9999 1.0996685028076171875 1.1526774168014526367 0.57085937261581420898 0.55545449256896972656 0.55561918020248413086 0.85779821872711181641 0.88560467958450317383 0.86215162277221679688 0.84325480461120605469 0.82371199131011962891 0.85307216644287109375 0.94072622060775756836 0.96948659420013427734 0.93074786663055419922 0.96185451745986938477 1.0585420131683349609 0.71275907754898071289 0.78829848766326904297 0.78742051124572753906 0.7156022191047668457 0.68132740259170532227 0.66552245616912841797 0.60795223712921142578 0.55472731590270996094 0.47463640570640563965
-9999 -9999 -9999 -9999 -9999 -9999 -9999 -9999 -9999 -9999 -9999 -9999 -9999 -9999 -9999 1.0996690988540649414 1.1449651718139648438 0.57325357198715209961 0.73063421249389648438 0.71695208549499511719 0.79667341709136962891 0.57574868202209472656 0.58052158355712890625 0.57711797952651977539 0.62121576070785522461 0.60544228553771972656 0.60322993993759155273 0.6540305018424987793 0.68336069583892822266 0.67547237873077392578 0.70718997716903686523 0.79042071104049682617 0.91007262468338012695 1.1032804250717163086 1.1721302270889282227 1.0746580362319946289 0.63484406471252441406 0.58103758096694946289 0.53269696235656738281 0.47726926207542419434 0.48077589273452758789
-9999 -9999 -9999 -9999 -9999 -9999 -9999 -9999 -9999 -9999 -9999 -9999 -9999 -9999 1.0996259450912475586 2.1990156173706054688 0.77495253086090087891 0.7593339085578918457 0.89459705352783203125 1.4814680814743041992 0.56437361240386962891 0.53707319498062133789 0.52984249591827392578 0.49999395012855529785 0.51916241645812988281 0.48049405217170715332 0.98979538679122924805 0.4879773259162902832 0.4622008204460144043 0.38426110148429870605 0.39161449670791625977 0.51725596189498901367 0.55852091312408447266 0.6563937067985534668 0.70995479822158813477 0.60427504777908325195 0.40471571683883666992 0.35119476914405822754 0.32056570053100585938 0.27907094359397888184 0.26266655325889587402
-9999 -9999 -9999 -9999 -9999 -9999 -9999 -9999 -9999 -9999 -9999 -9999 -9999 -9999 1.0996580123901367188 3.3989472389221191406 0.56799137592315673828 0.71364665031433105469 1.3498252630233764648 0.57799899578094482422 0.58211869001388549805 0.58262813091278076172 0.52921408414840698242 0.54278814792633056641 0.49430239200592041016 1.1513321399688720703 0.51953029632568359375 0.46058565378189086914 0.45682364702224731445 0.47864201664924621582 0.49294462800025939941 0.4279353022575378418 0.46175336837768554688 0.49365976452827453613 0.47723099589347839355 0.40969505906105041504 0.39773413538932800293 0.39475530385971069336 0.3641478121280670166 0.33879929780960083008 0.32056725025177001953
-9999 -9999 -9999 -9999 -9999 -9999 -9999 -9999 -9999 -9999 -9999 -9999 -9999 2.1989574432373046875 3.8588795661926269531 0.56915426254272460938 0.64116466045379638672 1.2023564577102661133 0.52803266048431396484 0.5468890070915222168 0.57909727096557617188 0.59325587749481201172 0.58898019790649414062 0.51037710905075073242 1.1199442148208618164 0.53444486856460571289 0.50302082300186157227 0.46549233794212341309 0.42603015899658203125 0.39272019267082214355 0.38992679119110107422 0.41228145360946655273 0.43013468384742736816 0.4123077392578125 0.38518944382667541504 0.37474966049194335938 0.37917128205299377441 0.36480751633644104004 0.35134017467498779297 0.33576032519340515137 0.32450860738754272461
-9999 -9999 -9999 -9999 -9999 -9999 -9999 -9999 -9999 -9999 -9999 -9999 1.0996155738830566406 3.2978518009185791016 0.56475532054901123047 0.61521077156066894531 1.1690517663955688477 0.51800364255905151367 0.51833105087280273438 0.5386193394660949707 0.56913721561431884766 0.60384088754653930664 0.54062557220458984375 1.1590778827667236328 0.56833219528198242188 0.54182261228561401367 0.75328475236892700195 0.4531459510326385498 0.39205437898635864258 0.38039389252662658691 0.38349291682243347168 0.39417099952697753906 0.38004013895988464355 0.37131482362747192383 0.37749600410461425781 0.38088336586952209473 0.36748880147933959961 0.35670837759971618652 0.34227663278579711914 0.32990443706512451172 0.31147435307502746582
