tests/data/reference/gistest_nucice/full/control/csheetvout_m3.asc
ncols        123
nrows        77
xllcorner    -713746.799299980048
yllcorner    -1061022.369616159936
cellsize     10.000000000000
NODATA_value -9999
[rows 36 to 53 of 77, columns 82 to 122 of 123]
0.42820939421653747559 0.70223867893218994141 2.1994678974151611328 0.32147252559661865234 0.38012430071830749512 0.3532129824161529541 0.34698790311813354492 0.35256400704383850098 0.35679206252098083496 0.34036505222320556641 0.35008513927459716797 0.3679052889347076416 0.38375493884086608887 0.40554609894752502441 0.43783485889434814453 0.4571514129638671875 0.44446191191673278809 0.44769236445426940918 0.45376068353652954102 0.49272784590721130371 0.48119473457336425781 0.58518314361572265625 0.71916544437408447266 1.0996286869049072266 -9999 -9999 -9999 -9999 -9999 -9999 -9999 -9999 -9999 -9999 -9999 -9999 -9999 -9999 -9999 -9999 -9999
1.7192702293395996094 1.8180549144744873047 0.30963459610939025879 0.3168163597583770752 0.34002998471260070801 0.33091574907302856445 0.34883454442024230957 0.35818323493003845215 0.36324658989906311035 0.33727210760116577148 0.34619227051734924316 0.35785558819770812988 0.37264955043792724609 0.40379062294960021973 0.43457275629043579102 0.44186249375343322754 0.45967811346054077148 0.46420574188232421875 0.45296347141265869141 0.44702079892158508301 0.43425828218460083008 0.47172969579696655273 0.55126142501831054688 0.69010663032531738281 0.52005201578140258789 1.0996528863906860352 -9999 -9999 -9999 -9999 -9999 -9999 -9999 -9999 -9999 -9999 -9999 -9999 -9999 -9999 -9999
1.9685291051864624023 0.31040981411933898926 0.30694475769996643066 0.31397929787635803223 0.32059502601623535156 0.32078102231025695801 0.34862700104713439941 0.38021650910377502441 0.33037018775939941406 0.33300855755805969238 0.33494022488594055176 0.34839850664138793945 0.37694600224494934082 0.40253677964210510254 0.4003531336784362793 0.42756584286689758301 0.45122137665748596191 0.47042569518089294434 0.45874899625778198242 0.44297677278518676758 0.42962628602981567383 0.43888947367668151855 0.47908285260200500488 0.5376148223876953125 0.46596008539199829102 0.69117283821105957031 1.099650263786315918 -9999 -9999 -9999 -9999 -9999 -9999 -9999 -9999 -9999 -9999 -9999 -9999 -9999 -9999
0.49530631303787231445 0.30814269185066223145 0.30544564127922058105 0.31277686357498168945 0.31379905343055725098 0.31612503528594970703 0.34320536255836486816 0.37204501032829284668 0.32403638958930969238 0.31925532221794128418 0.32298856973648071289 0.35070770978927612305 0.38628700375556945801 0.37062042951583862305 0.3850479423999786377 0.40045505762100219727 0.42610111832618713379 0.46179497241973876953 0.46578463912010192871 0.46393942832946777344 0.46101656556129455566 0.45692721009254455566 0.46034947037696838379 0.46972373127937316895 0.42966800928115844727 0.51598876714706420898 0.48851251602172851562 2.1990637779235839844 -9999 -9999 -9999 -9999 -9999 -9999 -9999 -9999 -9999 -9999 -9999 -9999 -9999
0.53495639562606811523 0.30843907594680786133 0.30208528041839599609 0.30689695477485656738 0.30963167548179626465 0.31333863735198974609 0.33516076207160949707 0.37451499700546264648 0.3128376007080078125 0.31168627738952636719 0.33080637454986572266 0.37440562248229980469 0.3453267216682434082 0.36768350005149841309 0.3756046295166015625 0.38334351778030395508 0.41537207365036010742 0.42726573348045349121 0.45162311196327209473 0.45911970734596252441 0.46472764015197753906 0.46060955524444580078 0.45346125960350036621 0.4411233067512512207 0.41597148776054382324 0.43815109133720397949 0.43571794033050537109 0.70366215705871582031 1.0996435880661010742 -9999 -9999 -9999 -9999 -9999 -9999 -9999 -9999 -9999 -9999 -9999 -9999
0.49827587604522705078 0.31423237919807434082 0.29728645086288452148 0.29701390862464904785 0.30389398336410522461 0.31171897053718566895 0.39252987504005432129 0.31170898675918579102 0.30680695176124572754 0.32096666097640991211 0.39068201184272766113 0.32322075963020324707 0.34266158938407897949 0.3607565462589263916 0.37299939990043640137 0.39079883694648742676 0.38397619128227233887 0.39947077631950378418 0.4232406318187713623 0.43229851126670837402 0.43982937932014465332 0.44428840279579162598 0.4476470947265625 0.43531146645545959473 0.41817548871040344238 0.41431668400764465332 0.40997424721717834473 0.53668177127838134766 1.1482530832290649414 0.096049629151821136475 -9999 -9999 -9999 -9999 -9999 -9999 -9999 -9999 -9999 -9999 -9999
0.58930909633636474609 0.28121531009674072266 0.31068193912506103516 0.30359533429145812988 0.30494391918182373047 0.30949044227600097656 0.37194579839706420898 0.30744642019271850586 0.31966912746429443359 0.41914513707160949707 0.30492922663688659668 0.32165741920471191406 0.33419853448867797852 0.35614264011383056641 0.39096489548683166504 0.37362062931060791016 0.37754201889038085938 0.38630235195159912109 0.40914496779441833496 0.42061623930931091309 0.42574489116668701172 0.4271927177906036377 0.42556807398796081543 0.41463351249694824219 0.40704262256622314453 0.39652422070503234863 0.38451325893402099609 0.43084964156150817871 0.40232497453689575195 0.16963090002536773682 0.097721114754676818848 1.099633336067199707 -9999 -9999 -9999 -9999 -9999 -9999 -9999 -9999 -9999
0.73438179492950439453 0.33387848734855651855 0.35143926739692687988 0.33342283964157104492 0.31657892465591430664 0.3081518709659576416 0.36371701955795288086 0.31821921467781066895 0.45562720298767089844 0.29715996980667114258 0.30337160825729370117 0.31005573272705078125 0.32758116722106933594 0.37527829408645629883 0.36845305562019348145 0.37442171573638916016 0.37903395295143127441 0.38454520702362060547 0.40729168057441711426 0.42296013236045837402 0.41986480355262756348 0.41128614544868469238 0.3923180997371673584 0.38294434547424316406 0.38750034570693969727 0.37876451015472412109 0.36112233996391296387 0.36743089556694030762 0.36708277463912963867 0.40796074271202087402 1.2392513751983642578 0.097368218004703521729 1.0996525287628173828 -9999 -9999 -9999 -9999 -9999 -9999 -9999 -9999
0.92251515388488769531 0.40745568275451660156 0.32840052247047424316 0.34545543789863586426 0.32282587885856628418 0.31137642264366149902 0.38606256246566772461 0.4814904630184173584 0.29629483819007873535 0.29925826191902160645 0.29423341155052185059 0.30162081122398376465 0.33750694990158081055 0.34029561281204223633 0.35684868693351745605 0.36634185910224914551 0.37394928932189941406 0.38092654943466186523 0.4079583287239074707 0.43209698796272277832 0.4035752415657043457 0.38828355073928833008 0.36689051985740661621 0.36068448424339294434 0.36743494868278503418 0.36066585779190063477 0.3495235443115234375 0.34305414557456970215 0.34553885459899902344 0.36093512177467346191 0.39601463079452514648 0.43481245636940002441 1.1489866971969604492 1.099686741828918457 -9999 -9999 -9999 -9999 -9999 -9999 -9999
0 0 0.32423758506774902344 0.27157881855964660645 0.31815826892852783203 0.31811657547950744629 0.41475728154182434082 0.29808506369590759277 0.297748565673828125 0.28960347175598144531 0.28984618186950683594 0.31250727176666259766 0.30526259541511535645 0.32227787375450134277 0.33819410204887390137 0.35013478994369506836 0.36165687441825866699 0.37410745024681091309 0.41052216291427612305 0.44981849193572998047 0.37974238395690917969 0.36262172460556030273 0.34786725044250488281 0.3435033261775970459 0.34646978974342346191 0.34399148821830749512 0.34684124588966369629 0.34232911467552185059 0.33539316058158874512 0.33184149861335754395 0.34271410107612609863 0.37534624338150024414 0.39985907077789306641 0.58539044857025146484 0.097508043050765991211 -9999 -9999 -9999 -9999 -9999 -9999
0.28711217641830444336 0 0 0 0.28914722800254821777 0.34375533461570739746 0.40971162915229797363 0.31238737702369689941 0.29123917222023010254 0.28786164522171020508 0.30604144930839538574 0.29327401518821716309 0.29934930801391601562 0.31110772490501403809 0.32243290543556213379 0.33311346173286437988 0.34443113207817077637 0.35816887021064758301 0.39882707595825195312 0.45868137478828430176 0.36465227603912353516 0.3532339930534362793 0.33885753154754638672 0.33543983101844787598 0.33873465657234191895 0.33744221925735473633 0.34488633275032043457 0.34528991580009460449 0.34066602587699890137 0.32701393961906433105 0.32779198884963989258 0.35481232404708862305 0.44497835636138916016 0.4198538362979888916 0.46127405762672424316 0.091789335012435913086 1.0989488363265991211 -9999 -9999 -9999 -9999
0.25151422619819641113 0.26991981267929077148 0.33458039164543151855 0 0 0.41254556179046630859 0.45565676689147949219 0.3195502161979675293 0.29626762866973876953 0.30657759308815002441 0.29079225659370422363 0.29504227638244628906 0.29976633191108703613 0.30574122071266174316 0.31082856655120849609 0.31652227044105529785 0.32520657777786254883 0.33692497014999389648 0.37503084540367126465 0.44291567802429199219 0.3570289313793182373 0.35793638229370117188 0.33924111723899841309 0.33655396103858947754 0.34325325489044189453 0.3392690122127532959 0.34354734420776367188 0.34960037469863891602 0.35953095555305480957 0.34236544370651245117 0.33496010303497314453 0.37534815073013305664 0.39475488662719726562 0.42965894937515258789 0.4666144251823425293 0.63720691204071044922 0.51803737878799438477 -9999 -9999 -9999 -9999
0.35401859879493713379 0.3945267796516418457 0.49773186445236206055 0.43727633357048034668 0 0.44659781455993652344 0.49358659982681274414 0.33801576495170593262 0.32658427953720092773 0.293689727783203125 0.29043492674827575684 0.29670053720474243164 0.30013328790664672852 0.302135467529296875 0.30250462889671325684 0.30421161651611328125 0.31070587038993835449 0.32037198543548583984 0.35126671195030212402 0.40619778633117675781 0.34895744919776916504 0.36967906355857849121 0.34805151820182800293 0.34378483891487121582 0.34989786148071289062 0.34451887011528015137 0.34972846508026123047 0.35445743799209594727 0.36625561118125915527 0.35400506854057312012 0.34904193878173828125 0.34793224930763244629 0.37123760581016540527 0.41822007298469543457 0.52019411325454711914 0.47492429614067077637 -9999 -9999 -9999 -9999 -9999
0.21219660341739654541 0.22441893815994262695 0.26070845127105712891 0.59996759891510009766 0 0 0.52270513772964477539 0.39255318045616149902 0.32286417484283447266 0.29883465170860290527 0.29255911707878112793 0.29674741625785827637 0.29901656508445739746 0.29909649491310119629 0.29622402787208557129 0.29481652379035949707 0.30007889866828918457 0.30837911367416381836 0.3295955955982208252 0.36383360624313354492 0.33956834673881530762 0.38472193479537963867 0.36828592419624328613 0.35909309983253479004 0.35884633660316467285 0.35444566607475280762 0.36416545510292053223 0.36741247773170471191 0.35729935765266418457 0.35751780867576599121 0.35041126608848571777 0.34255635738372802734 0.34869787096977233887 0.39346206188201904297 0.43396595120429992676 -9999 -9999 -9999 -9999 -9999 -9999
0.20086136460304260254 0.20811483263969421387 0.23426717519760131836 0.29477417469024658203 0.67233794927597045898 0 0.50882905721664428711 0.37875473499298095703 0.33225041627883911133 0.30704018473625183105 0.29712387919425964355 0.29793688654899597168 0.29823693633079528809 0.29826131463050842285 0.29437905550003051758 0.29020172357559204102 0.29146760702133178711 0.29929399490356445312 0.31611683964729309082 0.33764493465423583984 0.3280785977840423584 0.37697204947471618652 0.37866318225860595703 0.36838984489440917969 0.36001163721084594727 0.35732954740524291992 0.36866298317909240723 0.37309190630912780762 0.36447489261627197266 0.35774207115173339844 0.35563075542449951172 0.35011518001556396484 0.34690305590629577637 0.35414278507232666016 0.39557933807373046875 -9999 -9999 -9999 -9999 -9999 -9999
0.19039709866046905518 0.19741019606590270996 0.21896751224994659424 0.2670376896858215332 0.34515514969825744629 0 0 0.32322016358375549316 0.33941993117332458496 0.31376376748085021973 0.30228820443153381348 0.30022385716438293457 0.29765406250953674316 0.29793980717658996582 0.29622632265090942383 0.28997725248336791992 0.28508320450782775879 0.29152175784111022949 0.3084837794303894043 0.32266134023666381836 0.31616261601448059082 0.35486626625061035156 0.37138497829437255859 0.36957627534866333008 0.35273721814155578613 0.35458523035049438477 0.36222282052040100098 0.37690463662147521973 0.36495950818061828613 0.36318197846412658691 0.3616110384464263916 0.36463660001754760742 0.35938218235969543457 0.34693178534507751465 0.36530199646949768066 0.43530452251434326172 -9999 -9999 -9999 -9999 -9999
0.1813138425350189209 0.19164964556694030762 0.21000556647777557373 0.24035258591175079346 0.30019220709800720215 0.3802191615104675293 0 0.31709831953048706055 0.33897024393081665039 0.31995609402656555176 0.31082180142402648926 0.30791705846786499023 0.30303439497947692871 0.29859369993209838867 0.29595211148262023926 0.28918886184692382812 0.28189828991889953613 0.28661388158798217773 0.30031219124794006348 0.3096961677074432373 0.30746424198150634766 0.33391284942626953125 0.35818961262702941895 0.3554064631462097168 0.33654186129570007324 0.35793295502662658691 0.38597556948661804199 0.35774904489517211914 0.36410105228424072266 0.36470738053321838379 0.36661887168884277344 0.38002759218215942383 0.37199422717094421387 0.3556531369686126709 0.35873770713806152344 0.39344528317451477051 0.49431008100509643555 -9999 -9999 -9999 -9999
0.55084711313247680664 0.46254599094390869141 0.52124536037445068359 0.57547831535339355469 0.25555199384689331055 0.31766217947006225586 0 0 0.26972228288650512695 0.32313570380210876465 0.32155254483222961426 0.32348564267158508301 0.31477582454681396484 0.30314600467681884766 0.29451230168342590332 0.28675085306167602539 0.28063368797302246094 0.28478759527206420898 0.29204469919204711914 0.29820367693901062012 0.30144473910331726074 0.3150424659252166748 0.3306433558464050293 0.32616177201271057129 0.31628781557083129883 0.37279298901557922363 0.39334091544151306152 0.35063034296035766602 0.35809957981109619141 0.37203043699264526367 0.38268744945526123047 0.38855203986167907715 0.38294458389282226562 0.36562651395797729492 0.36229074001312255859 0.37076336145401000977 0.44258669018745422363 -9999 -9999 -9999 -9999
