tests/data/reference/gistest_nucice/full/control/csheetvout_m3.asc
ncols        123
nrows        77
xllcorner    -713746.799299980048
yllcorner    -1061022.369616159936
cellsize     10.000000000000
NODATA_value -9999
[rows 54 to 71 of 77, columns 41 to 81 of 123]
0.38249170780181884766 0.36836227774620056152 0.37247836589813232422 0.36873641610145568848 0.36050507426261901855 0.35430949926376342773 0.34863126277923583984 0.36023253202438354492 0.40312898159027099609 0.35940533876419067383 0.35991677641868591309 0.35669091343879699707 0.36411145329475402832 0.37722349166870117188 0.57026451826095581055 0.42501533031463623047 0.41334238648414611816 0.4133180081844329834 0.4420998692512512207 0.3915570378303527832 0.42440748214721679688 0.41026571393013000488 0.42450058460235595703 0.44444331526756286621 0.47357794642448425293 0.47839885950088500977 0.4552148282527923584 0.41780513525009155273 0.37640833854675292969 0.34873309731483459473 0.33024516701698303223 0.35204210877418518066 0.44900855422019958496 0.37582445144653320312 0.33037012815475463867 0.30031099915504455566 2.1867737770080566406 0.35215508937835693359 0.29145288467407226562 0.25473883748054504395 0.23214116692543029785
0.36825785040855407715 0.36682885885238647461 0.36679947376251220703 0.36236226558685302734 0.35714715719223022461 0.35086289048194885254 0.34987911581993103027 0.37490287423133850098 0.35595357418060302734 0.35593390464782714844 0.35092771053314208984 0.35931450128555297852 0.34169614315032958984 0.4541295170783996582 0.39159244298934936523 0.40934005379676818848 0.40569132566452026367 0.4173602759838104248 0.39522492885589599609 0.45051160454750061035 0.35326758027076721191 0.3468723297119140625 0.35231792926788330078 0.38568100333213806152 0.42470142245292663574 0.47158321738243103027 0.48464763164520263672 0.48993122577667236328 0.48670709133148193359 0.48274907469749450684 0.47953051328659057617 0.51537656784057617188 0.61494052410125732422 0.63393253087997436523 0.56014311313629150391 0.52077847719192504883 1.9133218526840209961 0.4871120750904083252 0.48449304699897766113 0.48215556144714355469 0.48249351978302001953
0.36817958950996398926 0.36617675423622131348 0.36580064892768859863 0.36244866251945495605 0.34827131032943725586 0.34245344996452331543 0.36123988032341003418 0.34468320012092590332 0.35248792171478271484 0.3481998145580291748 0.34425511956214904785 0.33588096499443054199 0.41595327854156494141 0.34769994020462036133 0.37469196319580078125 0.39220699667930603027 0.39989885687828063965 0.38390862941741943359 0.42331597208976745605 0.36883637309074401855 0.35964325070381164551 0.34528553485870361328 0.33511856198310852051 0.34366321563720703125 0.53862494230270385742 0.37712374329566955566 0.36402732133865356445 0.35848093032836914062 0.35284852981567382812 0.34796220064163208008 0.34611314535140991211 0.37623184919357299805 0.45516645908355712891 0.48483452200889587402 0.4600130617618560791 1.7349029779434204102 1.5526823997497558594 0.44917467236518859863 0.46460846066474914551 0.48347198963165283203 0.50590270757675170898
0.36715185642242431641 0.3672886192798614502 0.36916229128837585449 0.35969677567481994629 0.34607413411140441895 0.35121425986289978027 0.33506691455841064453 0.33814787864685058594 0.3455282747745513916 0.34187740087509155273 0.31951284408569335938 0.38036718964576721191 0.33592003583908081055 0.34312766790390014648 0.3550370335578918457 0.37261408567428588867 0.3728421628475189209 0.39845040440559387207 0.35850766301155090332 0.3530057370662689209 0.3522351682186126709 0.34414729475975036621 0.33092105388641357422 0.51982188224792480469 0.3531246483325958252 0.35741445422172546387 0.46427071094512939453 0.35488814115524291992 0.34335869550704956055 0.36859279870986938477 0.38640940189361572266 0.41120427846908569336 0.44854944944381713867 0.46410003304481506348 0.45421457290649414062 1.6718759536743164062 1.4898732900619506836 0.44118410348892211914 0.46508061885833740234 0.49012485146522521973 0.5162608027458190918
0.37078198790550231934 0.37329569458961486816 0.37455978989601135254 0.36901485919952392578 0.36659166216850280762 0.34737223386764526367 0.34197652339935302734 0.34346777200698852539 0.3548444211483001709 0.33961242437362670898 0.35615864396095275879 0.31492164731025695801 0.34570971131324768066 0.35262700915336608887 0.35169523954391479492 0.35624277591705322266 0.38035127520561218262 0.36273437738418579102 0.35186445713043212891 0.34605842828750610352 0.34654241800308227539 0.34212383627891540527 0.59581333398818969727 0.3305320441722869873 0.34095326066017150879 0.49669864773750305176 0.33471068739891052246 0.32359421253204345703 0.43841546773910522461 0.30540683865547180176 0.29914686083793640137 0.2973353266716003418 0.30025964975357055664 0.29870253801345825195 0.2913016974925994873 1.2223103046417236328 1.1166241168975830078 0.3634459078311920166 0.399448394775390625 0.43213877081871032715 0.46122199296951293945
0.37952119112014770508 0.37947419285774230957 0.38285091519355773926 0.38958859443664550781 0.37621578574180603027 0.37111479043960571289 0.3663291633129119873 0.36670628190040588379 0.37066674232482910156 0.40513959527015686035 0.31514245271682739258 0.31869095563888549805 0.36420571804046630859 0.3770122826099395752 0.35908558964729309082 0.36573711037635803223 0.36336302757263183594 0.36346140503883361816 0.35541391372680664062 0.34737229347229003906 0.34318831562995910645 0.65102136135101318359 0.33639761805534362793 0.33229836821556091309 0.48685321211814880371 0.33570936322212219238 0.33025854825973510742 0.49120888113975524902 0.31047326326370239258 0.29964041709899902344 0.29007503390312194824 0.28466600179672241211 0.28148323297500610352 0.27491736412048339844 0.26654586195945739746 1.0620630979537963867 0.26407760381698608398 0.26526361703872680664 0.2737363278865814209 0.28824186325073242188 0.29293960332870483398
0.39677312970161437988 0.39145231246948242188 0.39197430014610290527 0.38728761672973632812 0.38658431172370910645 0.3891753852367401123 0.39459580183029174805 0.38850641250610351562 0.42717435956001281738 0.36241853237152099609 0.32335904240608215332 0.32899463176727294922 0.38682287931442260742 0.40303203463554382324 0.3789418339729309082 0.3624782264232635498 0.36437699198722839355 0.36614662408828735352 0.36436817049980163574 0.35441941022872924805 0.62011247873306274414 0.33928358554840087891 0.33974456787109375 0.48542621731758117676 0.3282248079776763916 0.32565265893936157227 0.49992224574089050293 0.31729385256767272949 0.30745977163314819336 0.29697471857070922852 0.2860819399356842041 0.28155714273452758789 0.28106927871704101562 0.27234789729118347168 0.25868231058120727539 0.64548856019973754883 0.24564667046070098877 0.24928271770477294922 0.27496004104614257812 0.2691936790943145752 0.26279008388519287109
0.42863431572914123535 0.41611149907112121582 0.39584934711456298828 0.3891404271125793457 0.38974130153656005859 0.40006086230278015137 0.41695877909660339355 0.44129458069801330566 0.38708832859992980957 0.36287528276443481445 0.3339779973030090332 0.34547883272171020508 0.40919360518455505371 0.43769174814224243164 0.39574024081230163574 0.37531036138534545898 0.36946365237236022949 0.37130823731422424316 0.37700256705284118652 0.62252020835876464844 0.34726169705390930176 0.33965665102005004883 0.48245310783386230469 0.33560290932655334473 0.32425773143768310547 0.46890351176261901855 0.31438654661178588867 0.30847474932670593262 0.3005580604076385498 0.29278495907783508301 0.28426635265350341797 0.28238984942436218262 0.28754118084907531738 0.27971217036247253418 0.26178631186485290527 2.1918077468872070312 0.33298549056053161621 0.29317870736122131348 0.2808685600757598877 0.26853972673416137695 0.26666292548179626465
0.46589028835296630859 0.44822093844413757324 0.41609284281730651855 0.40274459123611450195 0.40380722284317016602 0.42274749279022216797 0.46717363595962524414 0.43125984072685241699 0.38440021872520446777 0.35990044474601745605 0.34786725044250488281 0.36426261067390441895 0.42743784189224243164 0.45005464553833007812 0.41871210932731628418 0.39628416299819946289 0.38277995586395263672 0.38369169831275939941 0.62548077106475830078 0.38844305276870727539 0.36403197050094604492 0.47465974092483520508 0.35218271613121032715 0.34529736638069152832 0.46658280491828918457 0.32049807906150817871 0.31325754523277282715 0.30497229099273681641 0.29448553919792175293 0.28744137287139892578 0.28091597557067871094 0.2813765108585357666 0.28940302133560180664 0.28366321325302124023 0.26578325033187866211 4.2612142562866210938 0.34132397174835205078 0.30022206902503967285 0.26632234454154968262 0.27066925168037414551 0.27007782459259033203
0.47206452488899230957 0.45696198940277099609 0.41940400004386901855 0.40412634611129760742 0.40564072132110595703 0.42300078272819519043 0.46152606606483459473 0.44219470024108886719 0.38206595182418823242 0.36415213346481323242 0.37286382913589477539 0.3965918123722076416 0.45162180066108703613 0.49391895532608032227 0.49652105569839477539 0.5032978057861328125 0.51784545183181762695 0.57689023017883300781 0.42025545239448547363 0.41692918539047241211 0.50039017200469970703 0.38040995597839355469 0.3773282170295715332 0.48545160889625549316 0.35131916403770446777 0.33392691612243652344 0.31889948248863220215 0.30589830875396728516 0.29233646392822265625 0.28306373953819274902 0.2786350548267364502 0.27966707944869995117 0.28716835379600524902 0.28472679853439331055 0.27217984199523925781 4.766040802001953125 0.34910288453102111816 0.30386191606521606445 0.28198555111885070801 0.27367153763771057129 0.27171155810356140137
-9999 -9999 -9999 0.39615917205810546875 0.40418159961700439453 0.42277061939239501953 0.45169052481651306152 0.4299564361572265625 0.37717902660369873047 0.36969721317291259766 0.40061461925506591797 0.42403039336204528809 0.43643543124198913574 0.44466796517372131348 0.44369679689407348633 0.44055315852165222168 0.43658041954040527344 0.45049992203712463379 0.49182847142219543457 0.52559113502502441406 0.42271673679351806641 0.41156437993049621582 0.49622169137001037598 0.39590927958488464355 0.3787383735179901123 0.35405087471008300781 0.32771971821784973145 0.30758199095726013184 0.29024413228034973145 0.28128439188003540039 0.27847716212272644043 0.27918109297752380371 0.28397923707962036133 0.28379777073860168457 0.27798610925674438477 5.2592787742614746094 0.35281670093536376953 0.30130061507225036621 0.27242791652679443359 0.26337316632270812988 0.26520279049873352051
-9999 -9999 -9999 -9999 -9999 -9999 -9999 -9999 -9999 0.37643298506736755371 0.4312617182731628418 0.46293902397155761719 0.4455185234546661377 0.43544355034828186035 0.43213659524917602539 0.43303406238555908203 0.43896180391311645508 0.44906497001647949219 0.46405029296875 0.47658696770668029785 0.48846516013145446777 0.50703144073486328125 0.43850725889205932617 0.42364531755447387695 0.40569907426834106445 0.37476235628128051758 0.33720710873603820801 0.31024724245071411133 0.29114356637001037598 0.28254273533821105957 0.28172343969345092773 0.28329426050186157227 0.28705248236656188965 0.29343345761299133301 0.28579297661781311035 16.387220382690429688 0.35525017976760864258 0.305877685546875 0.27467122673988342285 0.2666486203670501709 0.27571848034858703613
-9999 -9999 -9999 -9999 -9999 -9999 -9999 -9999 -9999 -9999 0.45057013630867004395 0.48527130484580993652 0.4508660435676574707 0.42765218019485473633 0.41624191403388977051 0.41799327731132507324 0.43586686253547668457 0.44969791173934936523 0.45556226372718811035 0.47506389021873474121 0.5179411768913269043 0.53723859786987304688 0.52981024980545043945 0.51234644651412963867 0.48058816790580749512 0.42700797319412231445 0.3732426762580871582 0.33656582236289978027 0.3109658658504486084 0.30137604475021362305 0.30364707112312316895 0.30961260199546813965 0.3191979527473449707 0.29248085618019104004 0.27736359834671020508 1.6505717039108276367 0.35230958461761474609 0.29342374205589294434 0.25474280118942260742 0.24155111610889434814 0.24447451531887054443
-9999 -9999 -9999 -9999 -9999 -9999 -9999 -9999 -9999 -9999 -9999 -9999 -9999 -9999 -9999 -9999 -9999 -9999 0.42869931459426879883 0.44240644574165344238 0.48423776030540466309 0.50380420684814453125 0.48596045374870300293 0.44981378316879272461 0.40502309799194335938 0.37045782804489135742 0.34538400173187255859 0.3219757378101348877 0.30047824978828430176 0.29371881484985351562 0.29873058199882507324 0.30612957477569580078 0.31688043475151062012 0.30838030576705932617 0.28536891937255859375 1.1604956388473510742 0.29916512966156005859 0.2782084345817565918 0.25973924994468688965 0.2579479217529296875 0.26921057701110839844
-9999 -9999 -9999 -9999 -9999 -9999 -9999 -9999 -9999 -9999 -9999 -9999 -9999 -9999 -9999 -9999 -9999 -9999 -9999 -9999 -9999 0.48987579345703125 0.4781055450439453125 0.43968611955642700195 0.38673543930053710938 0.35796594619750976562 0.3476759493350982666 0.33064883947372436523 0.30790477991104125977 0.30179625749588012695 0.30966699123382568359 0.3168976902961730957 0.32407769560813903809 0.31065657734870910645 0.28304052352905273438 1.0763530731201171875 0.28119885921478271484 0.27179178595542907715 0.25297710299491882324 0.24601688981056213379 0.24836017191410064697
-9999 -9999 -9999 -9999 -9999 -9999 -9999 -9999 -9999 -9999 -9999 -9999 -9999 -9999 -9999 -9999 -9999 -9999 -9999 -9999 -9999 -9999 -9999 0.41757509112358093262 0.36835318803787231445 0.34831333160400390625 0.35024464130401611328 0.33967149257659912109 0.31535556912422180176 0.31025680899620056152 0.32231125235557556152 0.3288154304027557373 0.32909178733825683594 0.31200814247131347656 1.0639744997024536133 0.27486300468444824219 0.2801468968391418457 0.27157676219940185547 0.25319147109985351562 0.24303823709487915039 0.23903004825115203857
-9999 -9999 -9999 -9999 -9999 -9999 -9999 -9999 -9999 -9999 -9999 -9999 -9999 -9999 -9999 -9999 -9999 -9999 -9999 -9999 -9999 -9999 -9999 -9999 0.35776716470718383789 0.34447333216667175293 0.35279446840286254883 0.34522050619125366211 0.32227858901023864746 0.31885674595832824707 0.33445209264755249023 0.33918541669845581055 0.331645965576171875 0.3135216832160949707 1.0750349760055541992 0.27913007140159606934 0.27998664975166320801 -9999 -9999 -9999 -9999
-9999 -9999 -9999 -9999 -9999 -9999 -9999 -9999 -9999 -9999 -9999 -9999 -9999 -9999 -9999 -9999 -9999 -9999 -9999 -9999 -9999 -9999 -9999 -9999 -9999 -9999 0.35354244709014892578 0.34628349542617797852 0.32982394099235534668 0.32948037981986999512 0.34357607364654541016 0.34324720501899719238 0.32925650477409362793 0.31196054816246032715 4.2246007919311523438 -9999 -9999 -9999 -9999 -9999 -9999
