tests/data/reference/gistest_nucice/full/control/cvin_m3.asc
ncols        125
nrows        78
xllcorner    -713756.799299980048
yllcorner    -1061032.369616159936
cellsize     10.000000000000
NODATA_value  -9999
[rows 19 to 37 of 78, columns 44 to 87 of 125]
4.3694019317626953125 3.9578683376312255859 2.1012091636657714844 2.5763936042785644531 4.5111117362976074219 1.07563018798828125 0 0.54536223411560058594 1.5829180479049682617 2.0751624107360839844 4.2680010795593261719 2.5783145427703857422 1.6084697246551513672 1.6134779453277587891 1.0886766910552978516 0.54975682497024536133 0.5494334101676940918 0.54897481203079223633 0.54821497201919555664 0.54715639352798461914 3.6470932960510253906 1.075173497200012207 1.0713255405426025391 1.0678436756134033203 6.4550938606262207031 1.5718756914138793945 12.1519012451171875 1.5502928495407104492 1.5391092300415039062 0 0.5194256901741027832 75.41710662841796875 8.7374782562255859375 1.5946046113967895508 1.0671700239181518555 0.53619635105133056641 0 -9999 -9999 -9999 -9999 -9999 -9999 -9999
4.8327169418334960938 4.4283204078674316406 2.6131212711334228516 3.0753829479217529297 4.9786334037780761719 1.601691126823425293 0 0.5479278564453125 1.0797441005706787109 2.0930955410003662109 2.5742158889770507812 4.707706451416015625 3.0706601142883300781 2.1241009235382080078 2.1302862167358398438 1.61556243896484375 1.0867584943771362305 1.0859676599502563477 1.084864497184753418 1.0832476615905761719 1.0809705257415771484 4.1260132789611816406 1.5941383838653564453 1.5894231796264648438 1.5855158567428588867 8.9590425491333007812 12.53543853759765625 2.0497260093688964844 2.0348727703094482422 0.52293276786804199219 0 0 75.64977264404296875 11.298726081848144531 1.5930132865905761719 1.0694754123687744141 0.54540914297103881836 0 0 -9999 -9999 -9999 -9999 -9999
5.2930150032043457031 4.8953661918640136719 3.1203191280364990234 3.5701339244842529297 5.44232177734375 2.1210305690765380859 0.54986137151718139648 0 1.0846961736679077148 1.6041653156280517578 2.5948119163513183594 3.0654828548431396484 5.1422781944274902344 3.5555136203765869141 2.6305718421936035156 2.6374833583831787109 2.1320605278015136719 1.6124683618545532227 1.6108990907669067383 1.608750462532043457 1.6061676740646362305 1.6030913591384887695 4.5959734916687011719 2.1035492420196533203 2.0980169773101806641 11.471874237060546875 12.914008140563964844 2.5439524650573730469 2.5265104770660400391 1.0518331527709960938 0.52423489093780517578 0 0.52261060476303100586 75.87164306640625 11.737050056457519531 3.7027239799499511719 1.0839143991470336914 0.54706346988677978516 0.54162013530731201172 0 -9999 -9999 -9999 -9999
5.7502231597900390625 5.3592405319213867188 3.6229496002197265625 4.0605359077453613281 5.901889801025390625 2.6338663101196289062 1.0897084474563598633 0.55054003000259399414 0 1.6113009452819824219 2.1189572811126708984 3.0885882377624511719 3.5495924949645996094 5.57171630859375 4.03278350830078125 3.1280486583709716797 3.1353397369384765625 2.6384027004241943359 2.1273088455200195312 2.1249759197235107422 2.1221621036529541016 2.1189887523651123047 2.1151216030120849609 5.0574550628662109375 2.6025431156158447266 14.478433609008789062 13.28936767578125 3.0332880020141601562 3.012020111083984375 1.5748561620712280273 1.0516347885131835938 0.53447920083999633789 1.0455200672149658203 0 76.08724212646484375 12.161840438842773438 5.8104753494262695312 1.0870834589004516602 1.0791748762130737305 0.54488641023635864258 0 -9999 -9999 -9999
6.2039461135864257812 5.8196668624877929688 4.1206693649291992188 4.5464582443237304688 6.3568663597106933594 3.1399672031402587891 1.6205540895462036133 1.0903133153915405273 0 0.55050271749496459961 2.1283245086669921875 2.6252150535583496094 3.57506561279296875 4.0264148712158203125 5.9955921173095703125 4.5023827552795410156 3.6166098117828369141 3.6238698959350585938 3.1350305080413818359 2.6323752403259277344 2.6295359134674072266 2.6259486675262451172 2.6218514442443847656 2.6168627738952636719 5.5092616081237792969 17.970159530639648438 13.661067962646484375 3.5161702632904052734 3.4916365146636962891 2.0912303924560546875 1.5741974115371704102 1.0635726451873779297 1.560732722282409668 0 0.5347442626953125 76.29552459716796875 12.575680732727050781 7.9074487686157226562 1.6096819639205932617 1.0810562372207641602 0.54270976781845092773 0 0 -9999
6.6534986495971679688 6.2758288383483886719 4.6128053665161132812 5.027618408203125 6.8067631721496582031 3.6389486789703369141 2.1426112651824951172 0 1.6202872991561889648 0.55111497640609741211 1.0898166894912719727 2.6368794441223144531 3.1233232021331787109 4.0537877082824707031 4.4956865310668945312 6.4138164520263671875 4.9643931388854980469 4.0963535308837890625 4.1034693717956542969 3.6226410865783691406 3.1279990673065185547 3.1243829727172851562 3.1199142932891845703 3.1145994663238525391 3.1076018810272216797 24.311519622802734375 14.027235031127929688 3.9934389591217041016 3.9667546749114990234 2.6011600494384765625 2.0898926258087158203 1.5871948003768920898 2.0714085102081298828 0.54345518350601196289 1.0595794916152954102 0 76.49662017822265625 12.976232528686523438 8.3689775466918945312 3.7353479862213134766 1.0771030187606811523 0.54236578941345214844 0.52972400188446044922 0
7.0985040664672851562 6.7277469635009765625 5.0995030403137207031 5.50388336181640625 7.25156402587890625 4.1310606002807617188 2.6566493511199951172 0.55189222097396850586 0 2.1412787437438964844 1.0914877653121948242 1.6193571090698242188 3.1370434761047363281 3.6131219863891601562 4.5248250961303710938 4.9575200080871582031 6.8261046409606933594 5.4185051918029785156 4.5674276351928710938 4.5745882987976074219 4.1014184951782226562 3.6144423484802246094 3.6098315715789794922 3.6038134098052978516 3.59649658203125 28.278928756713867188 14.387556076049804688 4.4651532173156738281 4.4372334480285644531 3.1041545867919921875 2.5987615585327148438 2.1048681735992431641 2.5778231620788574219 1.0806319713592529297 1.5783545970916748047 0.53818881511688232422 76.688446044921875 0 13.36370849609375 13.057625770568847656 1.602026820182800293 1.0740232467651367188 1.0566352605819702148 0.52563375234603881836
7.5388121604919433594 7.1757264137268066406 5.5812602043151855469 5.9751086235046386719 7.6913881301879882812 4.616687774658203125 3.1634273529052734375 1.0938092470169067383 0 0.55308240652084350586 2.6541316509246826172 1.6222192049026489258 2.1396870613098144531 3.6290719509124755859 4.0946979522705078125 4.9878544807434082031 5.4112982749938964844 7.23195648193359375 5.8650527000427246094 5.0306043624877929688 5.0377559661865234375 4.5717310905456542969 4.0914683341979980469 4.0849742889404296875 4.0771970748901367188 32.719753265380859375 14.74323272705078125 4.9306640625 4.9018678665161132812 3.5999381542205810547 3.1008265018463134766 2.6163821220397949219 3.0798430442810058594 1.6125296354293823242 2.0934250354766845703 1.0714037418365478516 76.8814697265625 0.54077041149139404297 13.74680328369140625 13.496984481811523438 2.1172785758972167969 1.5958062410354614258 1.5770733356475830078 1.0553907155990600586
7.97402191162109375 7.6191678047180175781 6.0577101707458496094 6.4411468505859375 8.1264963150024414062 5.0961947441101074219 3.6632561683654785156 1.6269801855087280273 0.55394399166107177734 1.0955675840377807617 0 3.1591007709503173828 2.1437659263610839844 2.6508727073669433594 4.1124420166015625 4.5674600601196289062 5.442638397216796875 5.8575649261474609375 7.6322197914123535156 6.3048143386840820312 5.4861431121826171875 5.4927496910095214844 5.0329289436340332031 4.5587248802185058594 4.5506463050842285156 37.625179290771484375 15.093694686889648438 5.3894448280334472656 5.3598246574401855469 4.0877847671508789062 3.5954205989837646484 3.1210627555847167969 3.5770132541656494141 2.1383461952209472656 2.6043999195098876953 1.6000746488571166992 77.0766448974609375 1.0755360126495361328 14.129209518432617188 13.930704116821289062 2.6220316886901855469 2.1114475727081298828 2.0897006988525390625 1.5787842273712158203
8.4033966064453125 8.0571880340576171875 6.5279798507690429688 6.901836395263671875 8.5573072433471679688 5.5701093673706054688 4.1564564704895019531 2.1520445346832275391 1.0977882146835327148 1.6291810274124145508 0.55340617895126342773 3.6560137271881103516 2.6558051109313964844 0 3.1523139476776123047 4.5869150161743164062 5.032039642333984375 5.8903794288635253906 6.2972102165222167969 8.0270318984985351562 6.7375712394714355469 5.933681488037109375 5.9395222663879394531 5.4857845306396484375 5.0176301002502441406 42.9871368408203125 15.437481880187988281 5.8401651382446289062 5.8099999427795410156 4.5665693283081054688 4.0812277793884277344 3.6175615787506103516 4.0681328773498535156 2.6578488349914550781 3.1101236343383789062 2.1232309341430664062 77.273284912109375 1.6058005094528198242 14.511623382568359375 14.361796379089355469 3.1203417778015136719 2.6190257072448730469 2.5923144817352294922 2.0897762775421142578
8.8270263671875 8.4896039962768554688 6.9917631149291992188 7.3569731712341308594 8.983898162841796875 6.0386829376220703125 4.6432008743286132812 2.6693439483642578125 1.632630467414855957 2.1545572280883789062 1.0963660478591918945 4.1457200050354003906 3.1595716476440429688 0 0.54968744516372680664 3.6444952487945556641 5.0533051490783691406 5.4892072677612304688 6.3313870429992675781 6.7302470207214355469 8.41629791259765625 7.1633458137512207031 6.3735837936401367188 6.3785204887390136719 5.9303517341613769531 5.4677762985229492188 59.1060638427734375 6.2829904556274414062 6.2530636787414550781 5.0373663902282714844 4.55913543701171875 4.106235504150390625 4.5526943206787109375 3.1700043678283691406 3.6095769405364990234 2.6400694847106933594 77.4705657958984375 2.1314704418182373047 14.891126632690429688 14.787243843078613281 3.6126592159271240234 3.1184775829315185547 3.0842654705047607422 2.5882058143615722656
9.2456274032592773438 8.9170818328857421875 7.4495553970336914062 7.8066830635070800781 9.4062433242797851562 6.5020022392272949219 5.1235795021057128906 3.1790814399719238281 2.158966064453125 2.6719458103179931641 1.6300562620162963867 4.6287121772766113281 3.6558816432952880859 0.55054146051406860352 0 1.0875318050384521484 4.1278400421142578125 5.5120291709899902344 5.93939208984375 6.7659769058227539062 7.15692901611328125 8.8001012802124023438 7.5821700096130371094 6.8053607940673828125 6.8085293769836425781 6.3655824661254882812 5.9094309806823730469 66.14342498779296875 6.6901865005493164062 5.5018901824951171875 5.0310344696044921875 4.5886373519897460938 5.0313358306884765625 3.674755096435546875 4.1020460128784179688 3.1499514579772949219 77.66782379150390625 2.6504085063934326172 15.266177177429199219 15.205690383911132812 4.0963816642761230469 3.6082661151885986328 6.6408467292785644531 3.6192538738250732422
436.627227783203125 446.44134521484375 9.3627185821533203125 16.147703170776367188 9.822872161865234375 6.9591784477233886719 5.5970983505249023438 3.6808328628540039062 2.6765334606170654297 3.1810045242309570312 2.154514312744140625 5.1047472953796386719 4.1447081565856933594 1.090170741081237793 0.55031752586364746094 0 1.6145979166030883789 4.6030941009521484375 5.9636750221252441406 6.3824782371520996094 7.1935253143310546875 7.5762686729431152344 9.1772298812866210938 7.9926419258117675781 7.2280979156494140625 7.2302603721618652344 6.7938485145568847656 72.79819488525390625 7.1218557357788085938 5.9605760574340820312 5.4974803924560546875 5.0654234886169433594 5.5045399665832519531 4.1724038124084472656 4.5873141288757324219 3.6525247097015380859 77.86464691162109375 3.1618928909301757812 15.636439323425292969 15.617494583129882812 4.5720200538635253906 11.194970130920410156 4.0929484367370605469 0.53793251514434814453
11.529410362243652344 15.071702003479003906 462.07867431640625 471.993255615234375 488.697967529296875 10.230115890502929688 13.470880508422851562 4.1736731529235839844 3.1843099594116210938 3.6804816722869873047 2.6685724258422851562 5.5727887153625488281 4.6255679130554199219 0 1.6196800470352172852 1.0896964073181152344 0.55073815584182739258 2.1320164203643798828 5.0701904296875 6.4070682525634765625 6.816799163818359375 7.6119947433471679688 7.9862504005432128906 9.5463962554931640625 8.3952426910400390625 7.6442461013793945312 7.646816253662109375 80.317474365234375 7.5486559867858886719 6.4138283729553222656 5.9588189125061035156 5.5369296073913574219 5.972393035888671875 4.6631669998168945312 5.0655846595764160156 4.1477203369140625 78.060516357421875 3.6659526824951171875 16.00223541259765625 16.023481369018554688 16.68857574462890625 4.5594186782836914062 1.0659395456314086914 0.54203236103057861328
2.5819981098175048828 2.6024153232574462891 5.7261586189270019531 8.35216522216796875 10.977142333984375 502.3936767578125 513.14776611328125 527.16455078125 4.6532530784606933594 3.6787483692169189453 4.1672487258911132812 3.1693685054779052734 6.0302414894104003906 5.0964035987854003906 0.54844224452972412109 2.1383378505706787109 1.6178716421127319336 1.0887445211410522461 2.6389431953430175781 5.5280661582946777344 6.8417067527770996094 7.2424082756042480469 8.0224390029907226562 8.3892259597778320312 9.9106388092041015625 8.7928476333618164062 8.055572509765625 8.058757781982421875 88.58050537109375 6.8612880706787109375 6.41503143310546875 6.0032777786254882812 6.4347705841064453125 5.1471586227416992188 5.5372576713562011719 4.6358351707458496094 78.25445556640625 4.162342071533203125 16.363080978393554688 33.551952362060546875 5.0193333625793457031 1.5852111577987670898 1.0728719234466552734 0
2.0868124961853027344 2.1007173061370849609 1.6067233085632324219 1.6174997091293334961 1.620352625846862793 1.6239312887191772461 3.7838273048400878906 5.9262585639953613281 533.6617431640625 538.8631591796875 543.07568359375 4.6370263099670410156 3.6546449661254882812 6.4750933647155761719 5.5553069114685058594 1.0821669101715087891 2.645038604736328125 2.1340165138244628906 1.6143823862075805664 3.1359586715698242188 5.9782185554504394531 7.2700028419494628906 7.6626877784729003906 8.4284410476684570312 8.7880458831787109375 10.271387100219726562 9.1857433319091796875 8.461391448974609375 97.32904052734375 7.3015694618225097656 6.8652362823486328125 6.46396636962890625 6.8914017677307128906 5.6245603561401367188 6.0028667449951171875 5.117488861083984375 78.44495391845703125 4.6500720977783203125 16.717710494995117188 39.411197662353515625 2.0950062274932861328 1.5933822393417358398 0.54641896486282348633 0
1.5884469747543334961 1.08203125 1.0826630592346191406 1.0845285654067993164 1.0869905948638916016 1.0967868566513061523 1.0967475175857543945 4.6125845909118652344 6.7180466651916503906 8.8049631118774414062 9.2618989944458007812 552.84197998046875 5.1129179000854492188 4.1435351371765136719 6.9093947410583496094 6.0041480064392089844 1.6035943031311035156 3.1413586139678955078 2.6400673389434814453 2.1300754547119140625 3.6250348091125488281 6.4225497245788574219 7.6936850547790527344 8.0788278579711914062 8.8305006027221679688 9.182628631591796875 10.628126144409179688 9.5729827880859375 8.86052703857421875 105.39089202880859375 7.3076205253601074219 6.9173293113708496094 7.3410658836364746094 6.0946502685546875 6.4622073173522949219 5.5929656028747558594 78.63004302978515625 5.128307342529296875 17.065547943115234375 42.3829803466796875 2.10372161865234375 0.62738621234893798828 0 1.0998021364212036133
0.54722756147384643555 0.54733425378799438477 0.54805481433868408203 0.54926949739456176758 0.55001688003540039062 0.55034708976745605469 4.1209058761596679688 1.0924812555313110352 1.0889375209808349609 0 0.55306935310363769531 1.0981907844543457031 554.52783203125 560.1549072265625 564.81964111328125 572.21826171875 6.4678907394409179688 2.1266291141510009766 3.6442284584045410156 3.1513128280639648438 2.6495761871337890625 4.1232447624206542969 6.8850202560424804688 16.659135818481445312 9.2592916488647460938 9.6047601699829101562 11.019940376281738281 9.9874095916748046875 9.2836637496948242188 0 105.70781707763671875 15.146357536315917969 7.8042902946472167969 6.5558567047119140625 6.9145207405090332031 6.0622487068176269531 78.8079681396484375 5.5967550277709960938 17.406572341918945312 45.353450775146484375 0.68101298809051513672 1.0998040437698364258 0 1.6300199031829833984
0 0 0 0 0 3.6360838413238525391 0.54873132705688476562 0.54660904407501220703 0.54664683341979980469 1.0893721580505371094 1.6240011453628540039 2.1537606716156005859 2.6793053150177001953 3.1967444419860839844 3.7057361602783203125 4.2085757255554199219 576.9564208984375 583.9122314453125 586.57965087890625 590.73931884765625 594.4083251953125 597.5780029296875 602.19476318359375 609.5308837890625 626.6038818359375 636.26116943359375 10.018942832946777344 11.404249191284179688 10.393640518188476562 9.698436737060546875 0.55123972892761230469 121.6026458740234375 8.25848388671875 7.0283560752868652344 7.3819122314453125 6.5237522125244140625 78.97910308837890625 6.0568265914916992188 17.741748809814453125 46.42203521728515625 2.1994678974151611328 0.54761308431625366211 0 2.1597559452056884766
