tests/data/reference/gistest_nucice/full/control/cvin_m3.asc
ncols        123
nrows        77
xllcorner    -713746.799299980048
yllcorner    -1061022.369616159936
cellsize     10.000000000000
NODATA_value -9999
[rows 19 to 37 of 77, columns 0 to 43 of 123]
-9999 -9999 -9999 -9999 -9999 -9999 -9999 -9999 -9999 -9999 -9999 -9999 -9999 -9999 -9999 -9999 0 0.57422900199890136719 1.5883004665374755859 1.9155194759368896484 6.109790802001953125 0.55754983425140380859 0 0 0.57003265619277954102 5.7192835807800292969 7.1813106536865234375 7.2962565422058105469 0 8.5632085800170898438 1.3638793230056762695 0 3.0753653049468994141 2.0218725204467773438 1.0913894176483154297 2.4595263004302978516 6.6907906532287597656 2.1409981250762939453 2.2281522750854492188 2.0960702896118164062 2.0528025627136230469 1.9619752168655395508 2.2085688114166259766 1.9792544841766357422
-9999 -9999 -9999 -9999 -9999 -9999 -9999 -9999 -9999 -9999 -9999 -9999 -9999 -9999 -9999 0 0.55785328149795532227 0.99148094654083251953 1.7412053346633911133 7.7381143569946289062 0.95760512351989746094 0 0.56560289859771728516 0 2.9092128276824951172 4.5057392120361328125 6.8057804107666015625 6.8538360595703125 0.57831579446792602539 7.9742078781127929688 1.6300246715545654297 0 3.8432097434997558594 2.1268076896667480469 1.4649417400360107422 2.3187360763549804688 6.3278698921203613281 2.1934554576873779297 2.2347223758697509766 2.1832609176635742188 2.1743216514587402344 2.1225016117095947266 2.2344462871551513672 2.1106433868408203125
-9999 -9999 -9999 -9999 -9999 -9999 -9999 -9999 -9999 -9999 -9999 -9999 -9999 -9999 -9999 0.58010458946228027344 1.0165883302688598633 1.3685849905014038086 9.2389478683471679688 1.7459967136383056641 0 0 0.52978277206420898438 0.98441845178604125977 6.4013261795043945312 3.8740642070770263672 6.3948855400085449219 6.4147295951843261719 1.0121687650680541992 7.3490223884582519531 0 1.8365503549575805664 4.5183463096618652344 2.2157826423645019531 1.7528308629989624023 2.2912814617156982422 5.9085221290588378906 2.2546925544738769531 2.2810866832733154297 2.2727174758911132812 2.2803728580474853516 2.2544703483581542969 2.3008008003234863281 2.2340819835662841797
-9999 -9999 -9999 -9999 -9999 -9999 -9999 -9999 -9999 -9999 -9999 -9999 -9999 -9999 -9999 0.98501133918762207031 1.3155406713485717773 1.5781610012054443359 11.354660987854003906 0 0 0 0.5647665858268737793 3.0862438678741455078 6.477901458740234375 3.2742981910705566406 5.9304814338684082031 5.9552206993103027344 1.34250640869140625 6.6859936714172363281 0 0.60912698507308959961 1.9977848529815673828 6.7810459136962890625 1.970123291015625 2.313869476318359375 5.4317607879638671875 0 4.6408944129943847656 2.3498597145080566406 2.3675796985626220703 2.3607878684997558594 2.3818051815032958984 2.3459765911102294922
-9999 -9999 -9999 -9999 -9999 -9999 -9999 -9999 -9999 -9999 -9999 -9999 -9999 -9999 0 1.2359904050827026367 3.0584797859191894531 11.172811508178710938 0 0 0 0.524810791015625 0.13891997933387756348 4.8481526374816894531 6.6204895973205566406 2.7166728973388671875 5.4240703582763671875 5.4667716026306152344 1.593991398811340332 5.9831871986389160156 0 0.60875493288040161133 1.082035064697265625 2.121051788330078125 8.7661352157592773438 2.3423306941986083984 4.9065179824829101562 0 5.189266204833984375 2.4114446640014648438 2.4352433681488037109 2.4427402019500732422 2.4586586952209472656 2.4413287639617919922
-9999 -9999 -9999 -9999 -9999 -9999 -9999 -9999 -9999 -9999 -9999 -9999 -9999 -9999 0.46560931205749511719 14.789767265319824219 14.603336334228515625 0.47922754287719726562 0 0 0.29153236746788024902 2.4001774787902832031 0 0.20686030387878417969 4.81758880615234375 9.176372528076171875 5.1945896148681640625 5.2496466636657714844 1.782727360725402832 0 5.2397022247314453125 0.60755866765975952148 1.0815676450729370117 1.4524266719818115234 10.738147735595703125 2.3641333580017089844 4.3486509323120117188 0 5.6854367256164550781 2.4588046073913574219 2.4839947223663330078 2.5005939006805419922 2.5193836688995361328 2.5144670009613037109
-9999 -9999 -9999 -9999 -9999 -9999 -9999 -9999 -9999 -9999 -9999 -9999 -9999 -9999 16.603466033935546875 0.51573848724365234375 0 0 0 0 0.7119960784912109375 2.0375726222991943359 4.143482208251953125 0.63085144758224487305 0.73852771520614624023 4.7660169601440429688 13.880885124206542969 4.9734148979187011719 2.0733799934387207031 0 0.66315299272537231445 4.4680209159851074219 1.0792866945266723633 1.4496437311172485352 1.7338515520095825195 12.777335166931152344 0 3.7738933563232421875 0.62682294845581054688 7.999767303466796875 2.5160193443298339844 2.5379076004028320312 2.561511993408203125 2.5654969215393066406
-9999 -9999 -9999 -9999 -9999 -9999 -9999 -9999 -9999 -9999 -9999 -9999 0 0 2.9702165126800537109 0.51863437891006469727 0 0 0 0.50621718168258666992 2.2526524066925048828 4.2750873565673828125 2.3694171905517578125 4.3418602943420410156 1.1179677248001098633 1.2005097866058349609 18.19376373291015625 4.6523680686950683594 2.3019871711730957031 0.66796839237213134766 0 1.1962172985076904297 4.0584263801574707031 1.5487312078475952148 1.7222034931182861328 1.9335764646530151367 12.348812103271484375 0.61792862415313720703 3.2177116870880126953 1.1165720224380493164 10.281867027282714844 2.5598521232604980469 2.5874814987182617188 2.5977227687835693359
-9999 -9999 -9999 -9999 -9999 -9999 -9999 -9999 -9999 -9999 -9999 -9999 -9999 0 0.46157297492027282715 0.40371799468994140625 0 0 0.46011200547218322754 2.3344452381134033203 1.8090729713439941406 1.8662267923355102539 6.2574868202209472656 8.7656345367431640625 13.036585807800292969 14.221293449401855469 15.392368316650390625 17.719608306884765625 4.2794561386108398438 2.4683620929718017578 1.192219853401184082 0.66304707527160644531 1.6221894025802612305 3.6035060882568359375 1.9025137424468994141 2.0480980873107910156 2.0744109153747558594 11.847764015197753906 1.1034452915191650391 2.7490108013153076172 11.451798439025878906 2.5695300102233886719 2.5987794399261474609 2.6135134696960449219
-9999 -9999 -9999 -9999 -9999 -9999 -9999 -9999 -9999 -9999 -9999 -9999 -9999 -9999 -9999 0 0 0 1.7455675601959228516 3.4878275394439697266 3.7174928188323974609 3.8434350490570068359 3.8461492061614990234 3.7475359439849853516 3.5701870918273925781 3.3354697227478027344 3.0672049522399902344 17.69149017333984375 34.19171905517578125 3.8518469333648681641 2.5736494064331054688 1.6020931005477905273 1.1813672780990600586 1.9448794126510620117 3.1429390907287597656 2.1636452674865722656 2.3024642467498779297 2.3461992740631103516 11.608374595642089844 1.4859596490859985352 13.566387176513671875 2.5687539577484130859 2.5966160297393798828 2.6152472496032714844
-9999 -9999 -9999 -9999 -9999 -9999 -9999 -9999 -9999 -9999 -9999 -9999 -9999 -9999 -9999 -9999 0 0.16698773205280303955 1.9118932485580444336 2.2127013206481933594 2.4095404148101806641 2.4944481849670410156 2.4851016998291015625 2.412677764892578125 2.3126838207244873047 2.2182137966156005859 2.1615335941314697266 2.1507847309112548828 2.1609539985656738281 35.462139129638671875 37.8145294189453125 39.22660064697265625 1.9018930196762084961 1.5645635128021240234 2.1648557186126708984 2.8108775615692138672 5.1080231666564941406 7.5568799972534179688 2.5505011081695556641 11.279852867126464844 1.9050376415252685547 15.648184776306152344 2.5889971256256103516 2.6126401424407958984
-9999 -9999 -9999 -9999 -9999 -9999 -9999 -9999 -9999 -9999 -9999 -9999 -9999 -9999 -9999 -9999 0 1.7459887266159057617 1.2823349237442016602 1.404388427734375 1.5345560312271118164 16.161603927612304688 15.400778770446777344 14.529671669006347656 13.575888633728027344 12.550065994262695312 11.461675643920898438 10.295879364013671875 9.0272092819213867188 7.687343597412109375 6.3269281387329101562 4.9467568397521972656 41.446643829345703125 41.627864837646484375 41.44940185546875 41.714763641357421875 39.698925018310546875 37.67618560791015625 43.052036285400390625 43.668666839599609375 52.493682861328125 52.78369140625 18.059942245483398438 2.6176459789276123047
-9999 -9999 -9999 -9999 -9999 -9999 -9999 -9999 -9999 -9999 -9999 -9999 -9999 -9999 -9999 0 1.745998382568359375 1.2487457990646362305 13.190382003784179688 13.966915130615234375 15.148352622985839844 1.7606827020645141602 3.6759929656982421875 5.4926500320434570312 5.3484835624694824219 8.879741668701171875 10.511758804321289062 12.089488029479980469 11.61490631103515625 11.066997528076171875 10.456828117370605469 9.7785253524780273438 9.0150470733642578125 8.1485815048217773438 7.150848388671875 6.0639104843139648438 24.210924148559570312 24.5081329345703125 25.127010345458984375 26.303045272827148438 27.511682510375976562 28.692518234252929688 78.07953643798828125 93.55496978759765625
-9999 -9999 -9999 -9999 -9999 -9999 -9999 -9999 -9999 -9999 -9999 -9999 -9999 -9999 0 1.7452548742294311523 11.533802032470703125 12.596757888793945312 1.5708804130554199219 2.0240354537963867188 1.5846060514450073242 1.6350810527801513672 1.6786922216415405273 1.8638123273849487305 3.7352898120880126953 1.7608935832977294922 1.782395482063293457 1.8050841093063354492 1.8524036407470703125 1.9029673337936401367 2.1182098388671875 9.32860565185546875 11.174041748046875 12.933984756469726562 14.577454566955566406 19.83347320556640625 1.0383243560791015625 1.3994920253753662109 2.0849413871765136719 2.0729932785034179688 2.0350799560546875 2.0699365139007568359 4.7861237525939941406 7.2358369827270507812
-9999 -9999 -9999 -9999 -9999 -9999 -9999 -9999 -9999 -9999 -9999 -9999 -9999 -9999 0 9.36014556884765625 1.9363284111022949219 1.5335240364074707031 2.7500035762786865234 1.5125762224197387695 1.5913748741149902344 1.6516690254211425781 1.6856069564819335938 1.7110819816589355469 1.7200150489807128906 1.7514191865921020508 1.7634711265563964844 1.7944211959838867188 3.6983838081359863281 5.5430784225463867188 7.3175358772277832031 1.888779759407043457 1.9813234806060791016 2.0019004344940185547 6.0675344467163085938 0.59707891941070556641 1.0596640110015869141 2.002964019775390625 1.952645421028137207 1.8638043403625488281 1.8836476802825927734 2.121128082275390625 1.9512054920196533203 1.9882036447525024414
-9999 -9999 -9999 -9999 -9999 -9999 -9999 -9999 -9999 -9999 -9999 -9999 -9999 1.7450689077377319336 8.7029409408569335938 2.1211988925933837891 1.502604365348815918 3.6123452186584472656 1.3775461912155151367 1.5015424489974975586 1.6027228832244873047 1.6514813899993896484 1.6828370094299316406 1.6779656410217285156 1.7260261774063110352 1.7256073951721191406 1.7475590705871582031 1.7814395427703857422 1.8309743404388427734 1.8435701131820678711 1.7387535572052001953 1.8943167924880981445 1.9325103759765625 6.2895684242248535156 0 0.60060250759124755859 1.8892358541488647461 1.7920955419540405273 1.6466071605682373047 1.6533759832382202148 1.990248560905456543 1.6961276531219482422 1.7240861654281616211 1.7562035322189331055
-9999 -9999 -9999 -9999 -9999 -9999 -9999 -9999 -9999 -9999 -9999 -9999 0 3.4829328060150146484 2.3165247440338134766 1.526797175407409668 4.5185723304748535156 1.1769899129867553711 1.3547731637954711914 1.5137360095977783203 1.5892496109008789062 1.6395092010498046875 1.6228718757629394531 1.7181367874145507812 1.6918962001800537109 1.7083686590194702148 1.7318526506423950195 1.7662562131881713867 1.7285925149917602539 1.5375978946685791016 1.7750461101531982422 1.8451629877090454102 5.0218248367309570312 1.0479944944381713867 0 1.7476662397384643555 1.583021998405456543 1.3688614368438720703 1.3646999597549438477 1.8466696739196777344 1.38416290283203125 1.4033644199371337891 1.4307790994644165039 1.4697164297103881836
-9999 -9999 -9999 -9999 -9999 -9999 -9999 -9999 -9999 -9999 -9999 -9999 1.7436735630035400391 2.5576508045196533203 1.6477999687194824219 5.4330348968505859375 0.89723932743072509766 1.1448483467102050781 1.384310603141784668 1.4936425685882568359 1.5655527114868164062 1.5262889862060546875 1.7248587608337402344 1.6536539793014526367 1.6704000234603881836 1.691162109375 1.7195605039596557617 1.5992773771286010742 1.2855259180068969727 1.6349332332611083984 1.7580981254577636719 4.4714140892028808594 0 0.58821564912796020508 1.5770968198776245117 1.3183442354202270508 1.0214338302612304688 1.0115098953247070312 1.6932108402252197266 1.0119032859802246094 1.0200409889221191406 1.0368311405181884766 1.0714905261993408203 0.62978208065032958984
-9999 -9999 -9999 -9999 -9999 -9999 -9999 -9999 -9999 -9999 -9999 0 3.4771325588226318359 1.8700106143951416016 6.3515567779541015625 0.51212161779403686523 0.85979276895523071289 1.2168376445770263672 1.3743222951889038086 1.4692041873931884766 1.3710587024688720703 1.7633454799652099609 1.5953245162963867188 1.6204323768615722656 1.6475579738616943359 1.6792156696319580078 1.4436280727386474609 0.96970248222351074219 1.4667557477951049805 1.6752867698669433594 1.4360240697860717773 2.8001725673675537109 0 1.3758987188339233398 0.98029339313507080078 0.58211928606033325195 0.57169872522354125977 1.5205239057540893555 0.5655981898307800293 0.56690973043441772461 0.5705839991569519043 0.58770459890365600586 0 0
