tests/data/reference/gistest_nucice/full/control/cvin_m3.asc
ncols        123
nrows        77
xllcorner    -713746.799299980048
yllcorner    -1061022.369616159936
cellsize     10.000000000000
NODATA_value -9999
[rows 57 to 75 of 77, columns 44 to 87 of 123]
1.4001144170761108398 1.4032524824142456055 2.0693387985229492188 1.4212634563446044922 1.4279341697692871094 1.4291355609893798828 2.0737848281860351562 1.6764112710952758789 2.1570484638214111328 1.4932614564895629883 1.1068497896194458008 1.7509014606475830078 2.1593778133392333984 1.6696379184722900391 2.1749346256256103516 1.8654065132141113281 1.888872981071472168 1.9064024686813354492 1.9165780544281005859 1.9262274503707885742 2.2552437782287597656 2.0974137783050537109 2.1129128932952880859 2.3056859970092773438 4.5849170684814453125 6.7971439361572265625 9.0536775588989257812 8.8230199813842773438 8.5199375152587890625 8.1506624221801757812 7.715457916259765625 7.2248091697692871094 6.6935586929321289062 0 0.16525036096572875977 0.77446985244750976562 1.2875663042068481445 1.7107926607131958008 2.0538532733917236328 2.3314948081970214844 2.5583453178405761719 2.7412531375885009766 2.8847551345825195312 3.1758944988250732422
1.0487377643585205078 1.9937001466751098633 1.0541272163391113281 1.0571423768997192383 1.0584707260131835938 1.9626020193099975586 1.3882786035537719727 2.0899560451507568359 1.1005771160125732422 0.62946963310241699219 1.4747769832611083984 2.0594849586486816406 1.3890198469161987305 2.1453268527984619141 1.6541149616241455078 1.6753387451171875 1.6901018619537353516 1.699626922607421875 1.7052371501922607422 2.1935713291168212891 1.9209263324737548828 1.9437096118927001953 2.2451052665710449219 2.1034445762634277344 2.1269624233245849609 2.32306671142578125 2.2774481773376464844 4.7169475555419921875 4.7173132896423339844 4.6489658355712890625 4.5236358642578125 4.3523163795471191406 4.1470479965209960938 0 0.16574138402938842773 0.77330774068832397461 1.2810014486312866211 1.6962759494781494141 9.2134103775024414062 9.6590509414672851562 10.154524803161621094 15.752765655517578125 17.899227142333984375 18.357267379760742188
1.912131190299987793 0.59613209962844848633 0.59644478559494018555 0.59529358148574829102 1.8210631608963012695 1.0341613292694091797 2.0530085563659667969 0.60767275094985961914 0 1.1135873794555664062 1.923859715461730957 1.0304886102676391602 2.1101939678192138672 1.3754360675811767578 1.3991417884826660156 1.4112879037857055664 1.4169045686721801758 1.4183851480484008789 2.1358695030212402344 1.6924989223480224609 1.7145251035690307617 2.1717846393585205078 1.9278748035430908203 1.9483063220977783203 2.2375543117523193359 2.1272790431976318359 2.1680190563201904297 2.2164857387542724609 4.4912905693054199219 5.2027463912963867188 5.8421068191528320312 7.6887722015380859375 7.7884798049926757812 0 0.66965407133102416992 2.4271588325500488281 4.4357104301452636719 6.7990918159484863281 1.6182219982147216797 3.1671085357666015625 4.6882586479187011719 1.2192561626434326172 1.2297139167785644531 2.9391722679138183594
0 0 0 1.6381272077560424805 0.58318841457366943359 2.0336751937866210938 0 0 0.62704437971115112305 1.726866602897644043 0.58648639917373657227 2.0681734085083007812 1.016255497932434082 1.0400987863540649414 1.053473353385925293 1.058880925178527832 1.0554621219635009766 2.0857720375061035156 1.3998829126358032227 1.4210027456283569336 2.0980672836303710938 1.6948493719100952148 1.712086796760559082 2.1438660621643066406 1.9350751638412475586 1.9713646173477172852 2.0148510932922363281 1.8552509546279907227 0 0 1.5785279273986816406 0 0.66372931003570556641 0 0.67178237438201904297 1.208781123161315918 1.6327956914901733398 1.1869393587112426758 0.65879094600677490234 0.66149538755416870117 0.66650921106338500977 0.67214697599411010742 0.67747586965560913086 0.68449383974075317383
0.59235852956771850586 1.0434802770614624023 1.3865236043930053711 0 2.0203363895416259766 0 0.59621977806091308594 1.0612941980361938477 1.4374592304229736328 0 2.0098235607147216797 0.56951743364334106445 0.58244717121124267578 0.59217321872711181641 0.59816831350326538086 0.59776031970977783203 2.0546491146087646484 1.0327267646789550781 1.0468579530715942383 2.0356833934783935547 1.4009939432144165039 1.4114176034927368164 2.0502607822418212891 1.6891721487045288086 1.7216329574584960938 1.7603729963302612305 1.5302782058715820312 0 0.64846390485763549805 1.1658481359481811523 0 0.65106338262557983398 1.1825295686721801758 0 0.66910243034362792969 1.2003972530364990234 0.65899753570556640625 0 0 0 0 0 0 0
1.7765192985534667969 1.8739620447158813477 1.9500327110290527344 2.0016760826110839844 0 0.57709288597106933594 1.0297567844390869141 1.3906474113464355469 1.6767971515655517578 1.888093113899230957 0 0 0 0 0 2.0429520606994628906 0.5817921757698059082 0.58320868015289306641 1.9941282272338867188 1.0356099605560302734 1.0422217845916748047 1.9768033027648925781 1.3858170509338378906 1.4119038581848144531 1.4439527988433837891 1.124786376953125 0 0.64667922258377075195 1.1648410558700561523 1.5819375514984130859 1.9104386568069458008 2.1700851917266845703 2.3812584877014160156 0 0.66517460346221923828 0 0 0.65637373924255371094 1.1830022335052490234 1.6106952428817749023 1.9581075906753540039 2.2411878108978271484 2.473522186279296875 2.6664869785308837891
0.58208298683166503906 1.0251868963241577148 1.3596689701080322266 1.5992735624313354492 1.7486728429794311523 1.8444426059722900391 1.9269416332244873047 2.0032958984375 2.0698590278625488281 2.1184468269348144531 2.1332082748413085938 2.1160244941711425781 2.0862767696380615234 2.0584437847137451172 2.0441436767578125 0 0 1.9809399843215942383 0.58068937063217163086 0.58544164896011352539 1.9355168342590332031 1.021006464958190918 1.0360760688781738281 1.0573256015777587891 0.62482690811157226562 0 0.64396977424621582031 1.1603978872299194336 1.5790609121322631836 1.9147080183029174805 2.1753969192504882812 2.375865936279296875 2.5329728126525878906 0 0.66172289848327636719 1.194462895393371582 1.6257877349853515625 1.9719080924987792969 2.2455081939697265625 2.4569804668426513672 2.6153781414031982422 2.7324643135070800781 2.8208565711975097656 2.8920197486877441406
0 0 0.58863699436187744141 1.0228314399719238281 0 0.57764405012130737305 1.0340265035629272461 1.390349268913269043 1.6468400955200195312 1.8173781633377075195 1.9195274114608764648 1.9701228141784667969 1.9882454872131347656 1.9904841184616088867 1.9904687404632568359 1.9912101030349731445 1.9872074127197265625 0 0 1.9244019985198974609 0.57415795326232910156 0.58031165599822998047 0.58796370029449462891 0 0 0.63540887832641601562 1.1462197303771972656 1.5622464418411254883 1.8986673355102539062 2.1658661365509033203 2.3709774017333984375 2.5247311592102050781 2.6393373012542724609 0 0.66011595726013183594 1.1941751241683959961 1.6319371461868286133 1.9874786138534545898 2.2694056034088134766 2.4862790107727050781 2.645763397216796875 2.7580788135528564453 2.8347668647766113281 2.8890058994293212891
-9999 -9999 -9999 -9999 -9999 -9999 0 0.60107594728469848633 1.0318123102188110352 1.3339248895645141602 1.5520794391632080078 1.7075277566909790039 1.8148782253265380859 1.8858320713043212891 1.9289355278015136719 1.9503699541091918945 1.9542529582977294922 1.9465755224227905273 1.9343709945678710938 0 0 0 0 0.60185724496841430664 1.0817598104476928711 1.474557042121887207 1.7993074655532836914 2.0654370784759521484 2.2784245014190673828 2.4439613819122314453 5.1736111640930175781 5.7853908538818359375 5.6908841133117675781 0 0.66062277555465698242 1.1976391077041625977 1.6426542997360229492 2.0081701278686523438 2.2999432086944580078 2.5247695446014404297 2.6888287067413330078 2.8005697727203369141 2.8697021007537841797 2.9091639518737792969
-9999 -9999 -9999 -9999 -9999 -9999 -9999 0 0 0.55573606491088867188 0.97549784183502197266 1.2978109121322631836 1.5428673028945922852 1.7217704057693481445 1.8396416902542114258 1.9078589677810668945 1.9412170648574829102 1.9476470947265625 1.9291759729385375977 1.8977349996566772461 1.8712698221206665039 1.8632907867431640625 1.8814553022384643555 1.9298683404922485352 2.0082132816314697266 2.1091694831848144531 2.2241680622100830078 2.3412721157073974609 2.4485983848571777344 2.5385460853576660156 0 0 0 0 0.66060268878936767578 1.1987864971160888672 1.6480411291122436523 2.0205373764038085938 2.3212873935699462891 2.5555670261383056641 2.7275633811950683594 2.8438162803649902344 2.9119880199432373047 2.9425117969512939453
-9999 -9999 -9999 -9999 -9999 -9999 -9999 -9999 -9999 -9999 -9999 -9999 -9999 -9999 -9999 0 0 0 0 0 0.55538064241409301758 0.97557145357131958008 1.3091853857040405273 1.5800879001617431641 1.8034633398056030273 1.9919203519821166992 2.1559450626373291016 2.2968134880065917969 2.4116406440734863281 2.4993898868560791016 2.55912017822265625 2.6016108989715576172 0 0.16066342592239379883 0.75945109128952026367 1.2661141157150268555 1.6966239213943481445 2.0591299533843994141 2.3573825359344482422 2.5942444801330566406 2.7709016799926757812 2.8911483287811279297 2.9595861434936523438 2.9836411476135253906
-9999 -9999 -9999 -9999 -9999 -9999 -9999 -9999 -9999 -9999 -9999 -9999 -9999 -9999 -9999 -9999 -9999 -9999 0.55618953704833984375 0.54854780435562133789 0 0 0.5963662266731262207 1.064127802848815918 1.4332610368728637695 1.7282747030258178711 1.9697070121765136719 2.1636979579925537109 2.3109912872314453125 2.41644287109375 2.4854061603546142578 2.5338857173919677734 0 0.16038332879543304443 0.75639426708221435547 1.259125828742980957 1.6869328022003173828 2.0495786666870117188 2.3526246547698974609 2.5981736183166503906 2.7854609489440917969 2.9159977436065673828 2.9914965629577636719 3.0177583694458007812
-9999 -9999 -9999 -9999 -9999 -9999 -9999 -9999 -9999 -9999 -9999 -9999 -9999 -9999 -9999 -9999 -9999 -9999 -9999 -9999 0.95594924688339233398 0.57372123003005981445 0 0 0.61348247528076171875 1.0929205417633056641 1.4814839363098144531 1.7920817136764526367 2.0281291007995605469 2.2003674507141113281 2.3214249610900878906 2.4107990264892578125 1.7856489419937133789 1.7429584264755249023 1.7882006168365478516 1.9355041980743408203 2.1548705101013183594 2.3852992057800292969 2.5974078178405761719 2.7790155410766601562 2.9223582744598388672 3.0238618850708007812 3.0808765888214111328 3.0969002246856689453
-9999 -9999 -9999 -9999 -9999 -9999 -9999 -9999 -9999 -9999 -9999 -9999 -9999 -9999 -9999 -9999 -9999 -9999 -9999 -9999 -9999 1.2820355892181396484 1.0345265865325927734 0.61443382501602172852 0 0.61596632003784179688 1.1054106950759887695 1.4941157102584838867 1.7900918722152709961 2.0100619792938232422 2.1727793216705322266 2.2975571155548095703 1.6960935592651367188 1.6775199174880981445 -9999 -9999 -9999 -9999 -9999 -9999 -9999 -9999 -9999 -9999
-9999 -9999 -9999 -9999 -9999 -9999 -9999 -9999 -9999 -9999 -9999 -9999 -9999 -9999 -9999 -9999 -9999 -9999 -9999 -9999 -9999 -9999 -9999 1.4064077138900756836 1.0864583253860473633 0 0.62376725673675537109 1.1097490787506103516 1.4827773571014404297 1.7682027816772460938 1.9894498586654663086 2.1644337177276611328 -9999 -9999 -9999 -9999 -9999 -9999 -9999 -9999 -9999 -9999 -9999 -9999
-9999 -9999 -9999 -9999 -9999 -9999 -9999 -9999 -9999 -9999 -9999 -9999 -9999 -9999 -9999 -9999 -9999 -9999 -9999 -9999 -9999 -9999 -9999 -9999 1.6928951740264892578 1.4556539058685302734 0 0.61763858795166015625 1.0921605825424194336 1.4643694162368774414 1.7622834444046020508 -9999 -9999 -9999 -9999 -9999 -9999 -9999 -9999 -9999 -9999 -9999 -9999 -9999
-9999 -9999 -9999 -9999 -9999 -9999 -9999 -9999 -9999 -9999 -9999 -9999 -9999 -9999 -9999 -9999 -9999 -9999 -9999 -9999 -9999 -9999 -9999 -9999 -9999 1.9145704507827758789 1.7439599037170410156 0 0 0.62016755342483520508 0 -9999 -9999 -9999 -9999 -9999 -9999 -9999 -9999 -9999 -9999 -9999 -9999 -9999
-9999 -9999 -9999 -9999 -9999 -9999 -9999 -9999 -9999 -9999 -9999 -9999 -9999 -9999 -9999 -9999 -9999 -9999 -9999 -9999 -9999 -9999 -9999 -9999 -9999 -9999 2.0765883922576904297 1.9545781612396240234 0.6123993992805480957 0 1.7529847621917724609 -9999 -9999 -9999 -9999 -9999 -9999 -9999 -9999 -9999 -9999 -9999 -9999 -9999
-9999 -9999 -9999 -9999 -9999 -9999 -9999 -9999 -9999 -9999 -9999 -9999 -9999 -9999 -9999 -9999 -9999 -9999 -9999 -9999 -9999 -9999 -9999 -9999 -9999 -9999 -9999 2.1817328929901123047 2.1045804023742675781 1.0963255167007446289 -9999 -9999 -9999 -9999 -9999 -9999 -9999 -9999 -9999 -9999 -9999 -9999 -9999 -9999
