tests/data/reference/gistest_nucice/full/control/cvin_m3.asc
ncols        123
nrows        77
xllcorner    -713746.799299980048
yllcorner    -1061022.369616159936
cellsize     10.000000000000
NODATA_value -9999
[rows 38 to 56 of 77, columns 44 to 87 of 123]
1.479961395263671875 1.7773185968399047852 2.0091445446014404297 2.1874141693115234375 0 0 0 0 0.69538694620132446289 1.2681515216827392578 1.7480685710906982422 35.6993255615234375 36.63527679443359375 37.554851531982421875 38.8121185302734375 40.196292877197265625 41.401721954345703125 42.4630889892578125 43.3874969482421875 44.20892333984375 45.14344024658203125 45.98162078857421875 46.76407623291015625 47.475421905517578125 45.2676544189453125 171.2348785400390625 169.22247314453125 2.9980566501617431641 2.9631636142730712891 2.9287488460540771484 38.833065032958984375 2.982860565185546875 2.8730981349945068359 2.8578312397003173828 2.6659877300262451172 2.4462609291076660156 2.4565122127532958984 2.4808313846588134766 0 1.1260207891464233398 0.63045138120651245117 0 1.497463226318359375 1.7829728126525878906
1.4677695035934448242 1.7558436393737792969 1.9758428335189819336 2.1425237655639648438 2.2680122852325439453 2.3578472137451171875 2.4135220050811767578 2.4452860355377197266 2.4678139686584472656 33.70215606689453125 34.781162261962890625 2.3110640048980712891 2.3414654731750488281 2.3688063621520996094 2.395359039306640625 2.422565460205078125 2.4522016048431396484 2.4847347736358642578 2.5163888931274414062 2.5438189506530761719 2.5409493446350097656 2.5622837543487548828 2.5842492580413818359 2.6044042110443115234 5.6615357398986816406 8.5583667755126953125 8.4926462173461914062 172.143646240234375 169.906341552734375 167.3590087890625 165.367095947265625 41.3962554931640625 2.9201560020446777344 2.8835270404815673828 2.7242002487182617188 2.5708582401275634766 2.4138922691345214844 0 0 2.6511776447296142578 0.63195371627807617188 0 1.8025639057159423828 2.0139791965484619141
1.7203310728073120117 1.9301929473876953125 2.0800142288208007812 2.1870400905609130859 2.2676329612731933594 2.3293995857238769531 2.3751280307769775391 2.4075543880462646484 32.9011993408203125 2.2537808418273925781 2.2664227485656738281 2.281871795654296875 2.2953138351440429688 2.3073368072509765625 2.3216075897216796875 2.3404734134674072266 2.3666005134582519531 2.3966729640960693359 2.4264533519744873047 2.4035401344299316406 2.4291825294494628906 2.4580881595611572266 2.4874355792999267578 2.5712261199951171875 2.5752499103546142578 5.5362734794616699219 7.5311069488525390625 9.6195611953735351562 11.661188125610351562 11.117459297180175781 10.59934234619140625 170.2743072509765625 43.05947113037109375 2.8623559474945068359 2.7408130168914794922 0 2.6565082073211669922 0 0.62871557474136352539 4.0443010330200195312 0 0.632595062255859375 2.0397431850433349609 2.1906020641326904297
2.0711462497711181641 2.1477644443511962891 2.199153900146484375 2.2351272106170654297 2.2654662132263183594 2.2947669029235839844 31.554956436157226562 32.15981292724609375 2.2573716640472412109 2.2513532638549804688 2.2487781047821044922 2.2495031356811523438 2.2499132156372070312 2.2488768100738525391 2.2491590976715087891 2.2616934776306152344 2.2829384803771972656 2.3092045783996582031 2.2424395084381103516 2.2664198875427246094 2.2951328754425048828 2.3259088993072509766 2.4540600776672363281 2.4402854442596435547 6.5953640937805175781 2.5658733844757080078 2.5343534946441650391 2.4853739738464355469 2.4969110488891601562 5.5758128166198730469 2.6967725753784179688 2.8393270969390869141 163.06329345703125 41.328731536865234375 2.7825145721435546875 2.7203526496887207031 0.66125226020812988281 0.68027663230895996094 1.1174151897430419922 4.8314981460571289062 0 1.1326863765716552734 2.22139739990234375 2.3228650093078613281
6.2965240478515625 5.7743754386901855469 5.2152681350708007812 4.6260519027709960938 4.0145769119262695312 30.90338134765625 2.3024659156799316406 2.2851057052612304688 2.2658479213714599609 2.2466185092926025391 2.2330608367919921875 2.2236604690551757812 2.2121641635894775391 2.1897251605987548828 2.1838304996490478516 2.1913890838623046875 2.2098078727722167969 2.0659677982330322266 2.08321380615234375 2.1073052883148193359 2.1352562904357910156 2.3288464546203613281 2.2743737697601318359 7.633983612060546875 2.4473929405212402344 2.3735594749450683594 2.2950329780578613281 2.3144938945770263672 2.5348811149597167969 2.3688650131225585938 2.5520720481872558594 2.5642368793487548828 2.6744091510772705078 154.9694671630859375 39.295501708984375 40.738140106201171875 0 1.2054142951965332031 1.5968722105026245117 4.8829264640808105469 0.64116227626800537109 1.5359582901000976562 2.3592731952667236328 2.4195392131805419922
2.1197254657745361328 2.1309962272644042969 2.1447377204895019531 2.1581826210021972656 29.194244384765625 2.3505873680114746094 2.3280935287475585938 2.3017182350158691406 2.2734558582305908203 2.2484107017517089844 2.2283763885498046875 2.2086324691772460938 2.1613988876342773438 2.1376514434814453125 2.1276559829711914062 2.1367199420928955078 1.8768721818923950195 1.8838781118392944336 1.8979349136352539062 1.9196246862411499023 2.2124583721160888672 2.0879735946655273438 8.665737152099609375 2.3289673328399658203 2.1813993453979492188 2.0545415878295898438 2.0696024894714355469 2.3881087303161621094 2.1286096572875976562 2.1640698909759521484 2.1902260780334472656 2.3479373455047607422 2.3441507816314697266 5.0835299491882324219 1.7079455852508544922 0 0 0.63094478845596313477 3.5419936180114746094 5.0380129814147949219 1.1398016214370727539 1.8527182340621948242 2.4597811698913574219 2.489177703857421875
22.345935821533203125 20.790933609008789062 27.931634902954101562 28.7032928466796875 2.3931477069854736328 2.3765265941619873047 2.3493943214416503906 2.3169305324554443359 2.2863597869873046875 2.2596292495727539062 2.2329173088073730469 2.1510181427001953125 2.1141293048858642578 2.0860974788665771484 2.0815181732177734375 1.6564943790435791016 1.6599828004837036133 1.6639426946640014648 1.6761056184768676758 2.1122705936431884766 1.8825079202651977539 9.6995363235473632812 2.2257747650146484375 1.9639148712158203125 1.7759250402450561523 1.7818177938461303711 2.2269175052642822266 1.8306605815887451172 1.8673644065856933594 1.8958256244659423828 1.9164252281188964844 1.9331127405166625977 2.0653893947601318359 2.0566396713256835938 0 0 0 0.14391419291496276855 4.7988309860229492188 5.0721869468688964844 1.5099598169326782227 2.0811059474945068359 2.5246369838714599609 2.5388188362121582031
6.8590593338012695312 9.03501129150390625 2.3967430591583251953 2.4038593769073486328 2.4019141197204589844 2.3909525871276855469 2.3673470020294189453 2.3356976509094238281 2.3063323497772216797 2.2786259651184082031 2.1489212512969970703 2.1012024879455566406 2.05724334716796875 2.0367155075073242188 1.3772777318954467773 1.3826739788055419922 1.3858541250228881836 1.393189549446105957 2.0282533168792724609 1.650792241096496582 10.738660812377929688 2.1478850841522216797 1.7165920734405517578 1.4561977386474609375 1.4541058540344238281 2.0608866214752197266 1.4822634458541870117 1.5159717798233032227 1.5422996282577514648 1.557956695556640625 1.5764611959457397461 1.5957585573196411133 1.6006491184234619141 2.5847640037536621094 0 0.19922772049903869629 0.82631325721740722656 1.3420394659042358398 0 9.8112325668334960938 1.8956495523452758789 2.2366344928741455078 2.5608367919921875 2.5723109245300292969
2.3347940444946289062 2.3648381233215332031 2.3826723098754882812 2.3914945125579833984 2.3950052261352539062 2.3912322521209716797 2.3748390674591064453 2.3506207466125488281 2.3279287815093994141 2.1404538154602050781 2.0918092727661132812 2.0339257717132568359 1.9957374334335327148 1.0251287221908569336 1.0302547216415405273 1.0314161777496337891 1.038405299186706543 1.9459831714630126953 1.3752410411834716797 11.776808738708496094 2.0959458351135253906 1.4236552715301513672 1.0767320394515991211 1.0721957683563232422 1.8861291408538818359 1.076442718505859375 1.1000254154205322266 1.1235169172286987305 1.1337698698043823242 1.1426767110824584961 1.160040736198425293 1.1756914854049682617 2.5047056674957275391 0 0 0 0.70380544662475585938 1.271847844123840332 1.73694610595703125 2.1032404899597167969 2.1887314319610595703 2.5133512020111083984 2.5796160697937011719 2.5919308662414550781
2.3117551803588867188 2.3380320072174072266 2.3561980724334716797 2.3691620826721191406 2.3777432441711425781 2.3771107196807861328 2.369533538818359375 2.3580482006072998047 2.0889723300933837891 2.0582005977630615234 2.0038509368896484375 1.948836207389831543 0.57808446884155273438 0.58425557613372802734 0.58327126502990722656 0.58459168672561645508 1.8452396392822265625 1.0267356634140014648 12.806483268737792969 2.0696895122528076172 1.0589411258697509766 0.60752028226852416992 0.60415029525756835938 1.6840388774871826172 0.6004969477653503418 0.60661041736602783203 0.61997240781784057617 0.62719309329986572266 0.62897515296936035156 0.63502919673919677734 0.64503884315490722656 2.4090595245361328125 0 0.65345394611358642578 0 0.19915188848972320557 0.83680176734924316406 1.3779129981994628906 1.8360825777053833008 2.2155301570892333984 2.5156505107879638672 2.7165644168853759766 2.7639811038970947266 2.5921261310577392578
2.2794702053070068359 2.30251312255859375 2.3227572441101074219 2.3426220417022705078 2.351734161376953125 2.355800628662109375 2.3560464382171630859 1.9664479494094848633 1.9521983861923217773 1.9201111793518066406 1.8723589181900024414 0 0 0 0 1.7202816009521484375 0.57918089628219604492 13.817866325378417969 2.0716679096221923828 0.59576612710952758789 0 0 1.4188741445541381836 0 0 0 0 0 0 0 2.31014251708984375 0.64184802770614624023 1.1710455417633056641 1.6024926900863647461 0 0.80901324748992919922 1.3846325874328613281 1.8587592840194702148 2.2596566677093505859 2.59352874755859375 2.8590166568756103516 0 0 2.5572812557220458984
2.2417814731597900391 2.2635180950164794922 2.2922775745391845703 2.3095049858093261719 2.3231246471405029297 2.3263316154479980469 1.7614711523056030273 1.760041356086730957 1.7438505887985229492 1.7156403064727783203 0 0.56875681877136230469 0.99555671215057373047 1.3174244165420532227 1.5532968044281005859 0 14.80770111083984375 2.0988326072692871094 0 0 0.60308027267456054688 1.0661988258361816406 0 0.60066151618957519531 1.0581384897232055664 1.4134439229965209961 1.6949572563171386719 1.9157110452651977539 2.0833859443664550781 2.2104089260101318359 0 0 3.1197834014892578125 5.8321032524108886719 0 0.65460765361785888672 1.1722581386566162109 1.7007350921630859375 2.1477611064910888672 2.5237259864807128906 2.8296802043914794922 3.0391345024108886719 0.61277949810028076172 2.6736121177673339844
2.2007279396057128906 2.2375898361206054688 2.2558643817901611328 2.2772896289825439453 2.2792191505432128906 1.4723217487335205078 1.4763092994689941406 1.4720238447189331055 1.4565731287002563477 8.4248304367065429688 7.7857022285461425781 7.0674285888671875 6.2806992530822753906 5.4357132911682128906 4.5438508987426757812 15.767853736877441406 2.1437211036682128906 0 0.58799093961715698242 1.0378963947296142578 1.3866201639175415039 1.6533485651016235352 1.8498873710632324219 1.9902489185333251953 2.0883409976959228516 2.1591701507568359375 2.2172574996948242188 2.2683651447296142578 2.3130996227264404297 2.3518054485321044922 2.3841884136199951172 2.4179372787475585938 2.7683520317077636719 2.4152646064758300781 0 0 0.65697205066680908203 1.2809984683990478516 1.8106654882431030273 2.2603533267974853516 2.6357414722442626953 5.9867410659790039062 3.1341900825500488281 0
2.1848073005676269531 2.1987705230712890625 2.2228801250457763672 2.214996337890625 1.0952811241149902344 1.0994838476181030273 1.098979949951171875 1.0931047201156616211 8.9764089584350585938 2.3059430122375488281 4.6108007431030273438 5.0758295059204101562 7.1537709236145019531 10.911014556884765625 12.719229698181152344 2.1860070228576660156 2.0973694324493408203 2.0903248786926269531 2.0841150283813476562 2.0867035388946533203 2.0976235866546630859 2.1147325038909912109 2.1341381072998046875 2.1543512344360351562 4.34294891357421875 4.2420907020568847656 4.0938296318054199219 3.9104399681091308594 3.6986031532287597656 3.4633436203002929688 3.2108790874481201172 2.9670116901397705078 2.3581633567810058594 0 0 0.65378165245056152344 1.1846325397491455078 1.6224110126495361328 2.1158952713012695312 2.5339281558990478516 2.8829717636108398438 3.1592152118682861328 6.0720882415771484375 3.1561150550842285156
2.1352779865264892578 2.1626615524291992188 2.1343023777008056641 0.61312198638916015625 0.61753261089324951172 0.61819529533386230469 0.61550986766815185547 9.4492235183715820312 2.2696630954742431641 2.2645218372344970703 0 2.3069512844085693359 4.3253674507141113281 2.3287937641143798828 2.2056741714477539062 2.0806193351745605469 2.1752803325653076172 2.1564424037933349609 2.1455357074737548828 2.1460199356079101562 2.1499989032745361328 2.1537609100341796875 2.1566150188446044922 2.1597919464111328125 0 0.6103928685188293457 1.0953412055969238281 1.4867311716079711914 1.8011808395385742188 2.0410749912261962891 2.1991989612579345703 2.2948210239410400391 0 0.633930206298828125 0 0.65488106012344360352 1.1877983808517456055 1.6299488544464111328 1.9989540576934814453 2.4480144977569580078 2.8216085433959960938 3.1213517189025878906 3.34889984130859375 6.0391545295715332031
2.0854136943817138672 2.0307781696319580078 0 0 0 0 9.8437147140502929688 2.2018654346466064453 2.1983013153076171875 2.2021679878234863281 2.2724609375 4.492267608642578125 2.3602480888366699219 2.1948602199554443359 2.0243465900421142578 2.1784570217132568359 2.2284407615661621094 4.3637957572937011719 4.2529187202453613281 4.0827999114990234375 3.8561115264892578125 3.58185577392578125 3.2746579647064208984 2.9569046497344970703 2.660663604736328125 2.4312329292297363281 2.3098456859588623047 2.292087554931640625 2.3364057540893554688 2.3970525264739990234 4.8440527915954589844 5.3355274200439453125 5.1681637763977050781 4.9614534378051757812 0 0.65719330310821533203 1.1927591562271118164 1.6387841701507568359 2.0140678882598876953 2.323642730712890625 2.7238218784332275391 3.0473430156707763672 3.3431854248046875 9.3581953048706054688
1.8850847482681274414 1.8925935029983520508 2.0421640872955322266 2.1510593891143798828 8.0873785018920898438 10.152658462524414062 2.0942678451538085938 2.0927033424377441406 2.0934050083160400391 2.2982423305511474609 4.559452056884765625 2.3533241748809814453 2.1377892494201660156 1.9186532497406005859 2.1516592502593994141 2.2451326847076416016 2.1042275428771972656 2.2365105152130126953 2.2540576457977294922 2.275482177734375 2.2924954891204833984 2.2982587814331054688 2.2866623401641845703 2.2624726295471191406 2.2368838787078857422 2.2223796844482421875 2.2306320667266845703 2.2648780345916748047 2.322032928466796875 2.3822309970855712891 0 0 0.62348330020904541016 1.1267251968383789062 0 0.66052895784378051758 1.200375676155090332 1.6509652137756347656 2.0303895473480224609 2.3434085845947265625 2.5885622501373291016 2.9404208660125732422 6.5273823738098144531 12.647058486938476562
1.6883186101913452148 2.0747644901275634766 4.0520377159118652344 5.9550814628601074219 2.2137839794158935547 1.9358383417129516602 1.9369256496429443359 1.9347695112228393555 2.2418880462646484375 2.0909712314605712891 2.303714752197265625 2.0070047378540039062 1.745062708854675293 2.0826146602630615234 2.2448160648345947266 2.0163159370422363281 2.2229533195495605469 0 4.7724905014038085938 6.8641824722290039062 6.6839661598205566406 10.714555740356445312 12.690755844116210938 12.224873542785644531 11.680811882019042969 11.07059478759765625 10.404855728149414062 9.6908159255981445312 8.9340162277221679688 8.1265497207641601562 7.2484979629516601562 6.3170037269592285156 5.3656954765319824219 0 0 0.66663098335266113281 1.2125965356826782227 1.6671137809753417969 2.0462141036987304688 2.3566122055053710938 2.6008884906768798828 2.7873654365539550781 3.1065814495086669922 6.6527400016784667969
1.9590359926223754883 1.6751755475997924805 1.6864435672760009766 2.1449863910675048828 1.7139995098114013672 1.7199609279632568359 1.7171177864074707031 2.1662442684173583984 1.9126446247100830078 2.2340800762176513672 1.7904824018478393555 1.4776735305786132812 1.9549520015716552734 2.2199306488037109375 1.8750008344650268555 2.2014417648315429688 2.0230882167816162109 4.1796016693115234375 2.0657076835632324219 2.0797231197357177734 4.3007426261901855469 2.3128695487976074219 2.2183039188385009766 4.5127949714660644531 4.4527831077575683594 4.3215465545654296875 4.1375555992126464844 3.9148530960083007812 3.6669831275939941406 3.4015171527862548828 3.1264743804931640625 2.8792490959167480469 2.7073519229888916016 0 0.16427947580814361572 0.7742710113525390625 1.2921621799468994141 1.7246586084365844727 2.0811667442321777344 2.3708364963531494141 2.6021673679351806641 2.7830607891082763672 2.9210340976715087891 6.5557374954223632812
