tests/data/reference/gistest_nucice/full/control/cvin_m3.asc
ncols        123
nrows        77
xllcorner    -713746.799299980048
yllcorner    -1061022.369616159936
cellsize     10.000000000000
NODATA_value -9999
[rows 38 to 56 of 77, columns 0 to 43 of 123]
-9999 -9999 -9999 -9999 -9999 -9999 -9999 -9999 -9999 -9999 0 1.0994380712509155273 2.5971093177795410156 23.969209671020507812 0 0.51063948869705200195 1.4753098487854003906 2.3702931404113769531 3.6213204860687255859 1.5166743993759155273 7.5760235786437988281 5.1444401741027832031 5.9842777252197265625 10.302830696105957031 5.2691693305969238281 1.5376961231231689453 0.52542060613632202148 1.5437155961990356445 2.5140528678894042969 1.535287022590637207 1.5295137166976928711 1.5208927392959594727 1.513630986213684082 0.52122330665588378906 0 0 1.5640685558319091797 0 0 0 0 0 0.54341435432434082031 1.0777708292007446289
-9999 -9999 -9999 -9999 -9999 -9999 -9999 -9999 -9999 -9999 0 2.1816465854644775391 22.70684051513671875 0.50884097814559936523 0 0.99869102239608764648 1.9243423938751220703 3.2142663002014160156 1.0214202404022216797 7.2131109237670898438 4.7785582542419433594 5.6514706611633300781 10.031647682189941406 4.8916945457458496094 1.0368381738662719727 0 1.0403231382369995117 2.0379083156585693359 1.0360250473022460938 1.0335451364517211914 1.0270215272903442383 1.0214664936065673828 0 0 0.53144115209579467773 1.0539276599884033203 0 0.52546489238739013672 1.04633331298828125 1.5594961643218994141 0 0 0.54526895284652709961 1.0824341773986816406
-9999 -9999 -9999 -9999 -9999 -9999 -9999 -9999 -9999 0 2.1989758014678955078 20.96070098876953125 1.0034308433532714844 0 0.50750005245208740234 1.4687197208404541016 2.7998135089874267578 0.51267611980438232422 6.8416957855224609375 4.4046602249145507812 5.3110485076904296875 9.7533178329467773438 4.5049977302551269531 0.52138346433639526367 0 0.52363675832748413086 1.5477690696716308594 0.52050256729125976562 0.52056038379669189453 0.51887923479080200195 0.51502335071563720703 0 0.51910006999969482422 1.0395435094833374023 1.553618311882019043 2.0605118274688720703 2.5595448017120361328 3.046321868896484375 0 0 2.0636985301971435547 0.53818291425704956055 1.0668221712112426758 1.5873022079467773438
-9999 -9999 -9999 -9999 -9999 -9999 -9999 -9999 -9999 0 18.262119293212890625 1.9616434574127197266 0.50633561611175537109 0 0.99751007556915283203 2.3747935295104980469 0 6.4615397453308105469 4.0231528282165527344 4.9638566970825195312 9.4683065414428710938 4.1089081764221191406 0 0 0.52467197179794311523 1.0428860187530517578 0 0 0 0 0 0.51527243852615356445 1.0351169109344482422 1.549242854118347168 2.0547902584075927734 2.5512890815734863281 3.0372691154479980469 0 3.5192227363586425781 0.52960741519927978516 0.53466260433197021484 2.5560278892517089844 3.0398318767547607422 3.5154590606689453125
-9999 -9999 -9999 -9999 -9999 -9999 -9999 -9999 1.0994967222213745117 2.1985564231872558594 15.776061058044433594 1.4909722805023193359 0 0.5076802372932434082 1.9351826906204223633 2.3933520317077636719 6.0684714317321777344 3.633514404296875 4.6105785369873046875 9.1774530410766601562 3.7034983634948730469 0.52028733491897583008 1.0361357927322387695 1.538685917854309082 2.0302443504333496094 23.219686508178710938 26.043924331665039062 26.353321075439453125 26.651645660400390625 26.939044952392578125 27.21514129638671875 27.487461090087890625 27.757099151611328125 28.02276611328125 28.284515380859375 28.5418548583984375 28.793733596801757812 32.550273895263671875 33.318572998046875 37.529056549072265625 38.807041168212890625 40.08896636962890625 40.306156158447265625 40.519016265869140625
-9999 -9999 -9999 -9999 -9999 -9999 -9999 0 1.0994150638580322266 14.451958656311035156 0.51198762655258178711 1.0075008869171142578 0 1.4801614284515380859 1.9497416019439697266 2.8302447795867919922 3.2311966419219970703 4.2493023872375488281 8.8813848495483398438 3.2893989086151123047 0 0 0.5204480290412902832 17.998287200927734375 20.374044418334960938 2.0271763801574707031 1.0391296148300170898 1.5408806800842285156 2.0303041934967041016 2.5086076259613037109 2.9768891334533691406 3.4385790824890136719 3.8926186561584472656 4.3395810127258300781 4.7800550460815429688 5.2143335342407226562 5.6423711776733398438 6.0639805793762207031 6.4783062934875488281 6.8860721588134765625 7.2892594337463378906 7.6883640289306640625 8.0834808349609375 8.474941253662109375
-9999 -9999 -9999 -9999 -9999 -9999 -9999 0 0.079444698989391326904 13.571084022521972656 0 0.50851285457611083984 1.0051293373107910156 1.4903637170791625977 2.4000978469848632812 2.814910888671875 3.8754861354827880859 8.5758371353149414062 2.8665096759796142578 3.2743287086486816406 7.355281829833984375 11.798704147338867188 16.5999603271484375 1.5397781133651733398 1.5397765636444091797 0.52292674779891967773 0 0.52587038278579711914 1.0444676876068115234 1.5526051521301269531 2.0504047870635986328 2.5404081344604492188 3.0220446586608886719 3.4962737560272216797 3.9641520977020263672 4.4268918037414550781 74.3017730712890625 80.49246978759765625 86.72451019287109375 92.98223114013671875 99.25151824951171875 105.52117156982421875 113.103515625 113.29860687255859375
-9999 -9999 -9999 -9999 -9999 -9999 -9999 0 11.275404930114746094 1.5067777633666992188 0 0.50910049676895141602 1.0116726160049438477 1.9537789821624755859 2.3833093643188476562 3.4892923831939697266 8.2576360702514648438 2.4284088611602783203 2.8502116203308105469 3.2525179386138916016 3.6436927318572998047 4.0257515907287597656 1.0376409292221069336 1.0388487577438354492 0 0 0.52751016616821289062 1.0480999946594238281 1.5583941936492919922 2.0572955608367919922 2.5458745956420898438 3.0269885063171386719 3.5013663768768310547 58.058197021484375 63.453144073486328125 69.18349456787109375 5.5499024391174316406 5.5950460433959960938 5.6246209144592285156 5.6397619247436523438 5.6453557014465332031 7.0040431022644042969 6.0152068138122558594 13.406229972839355469
-9999 -9999 -9999 -9999 -9999 -9999 0 9.4500522613525390625 1.0197544097900390625 1.0197443962097167969 0 0.51313227415084838867 1.4895007610321044922 1.9349398612976074219 3.0897562503814697266 7.9282155036926269531 1.9748388528823852539 2.4133563041687011719 2.830615997314453125 3.2305469512939453125 3.6184611320495605469 0.52033597230911254883 0.52301961183547973633 0.5249544978141784668 1.0400224924087524414 1.5434434413909912109 2.037899017333984375 2.5232577323913574219 2.9976654052734375 3.4610431194305419922 3.9149684906005859375 48.88733673095703125 53.829456329345703125 4.7196297645568847656 5.0716114044189453125 5.1356854438781738281 5.1776375770568847656 5.2049345970153808594 5.2187724113464355469 5.2232804298400878906 6.6213159561157226562 5.6005129814147949219 6.5991983413696289062 5.9657087326049804688
-9999 -9999 -9999 -9999 -9999 -9999 5.2910170555114746094 3.8371827602386474609 0.51106363534927368164 0.51193606853485107422 0 1.0067982673645019531 1.4702326059341430664 2.6770327091217041016 7.5867166519165039062 1.5037876367568969727 1.9620479345321655273 2.3973910808563232422 2.8096725940704345703 3.2038931846618652344 0 0 0 0 0.52493816614151000977 1.0432062149047851562 1.5517027378082275391 31.548526763916015625 35.6338653564453125 39.771068572998046875 44.2469635009765625 4.2426967620849609375 4.2923893928527832031 4.6513528823852539062 4.712738037109375 4.7520709037780761719 4.7776923179626464844 4.7906198501586914062 4.7943811416625976562 6.2330422401428222656 5.1790065765380859375 6.2091417312622070312 5.550655364990234375 5.5875329971313476562
-9999 -9999 -9999 -9999 -9999 0 3.8121449947357177734 3.3976042270660400391 0 0 0.50612062215805053711 0.99235701560974121094 2.2547638416290283203 7.2370295524597167969 1.0151932239532470703 1.493018031120300293 1.9470996856689453125 2.3757596015930175781 2.7812514305114746094 3.1867470741271972656 6.8246550559997558594 10.47235107421875 14.130280494689941406 20.631772994995117188 23.026319503784179688 25.88686370849609375 29.175901412963867188 3.3281400203704833984 3.3902535438537597656 3.7476153373718261719 3.8055980205535888672 3.8545699119567871094 4.2216992378234863281 4.2809042930603027344 4.3180632591247558594 4.3424649238586425781 4.3550119400024414062 4.3583331108093261719 5.8393049240112304688 4.7512264251708984375 5.8140463829040527344 5.1295537948608398438 5.1640019416809082031 5.2049016952514648438
-9999 -9999 -9999 -9999 3.3531384468078613281 2.3614335060119628906 1.0063879489898681641 2.4310841560363769531 0 0 0.50194823741912841797 1.8249680995941162109 6.8821039199829101562 0.51064676046371459961 1.0085042715072631836 1.4805392026901245117 1.9253370761871337891 2.3458008766174316406 2.7639636993408203125 2.7981057167053222656 2.8190186023712158203 2.8383078575134277344 5.7176122665405273438 1.5446778535842895508 2.0329766273498535156 2.4854006767272949219 2.8740203380584716797 2.9335200786590576172 3.3007977008819580078 3.3581173419952392578 3.4055612087249755859 3.7824633121490478516 3.8402152061462402344 3.8756392002105712891 3.8990831375122070312 3.9115307331085205078 3.9149684906005859375 5.4400115013122558594 4.3168430328369140625 5.4138617515563964844 4.7025923728942871094 4.7345561981201171875 4.7730002403259277344 4.8023200035095214844
-9999 -9999 -9999 -9999 2.2538311481475830078 1.9051494598388671875 0.50457137823104858398 0.96662318706512451172 0.49884694814682006836 0 1.3853070735931396484 6.5218052864074707031 0 0.50755095481872558594 0.99930816888809204102 1.4607574939727783203 1.8955463171005249023 2.3282644748687744141 2.3631994724273681641 2.3797321319580078125 2.3936207294464111328 5.2950525283813476562 1.0399397611618041992 1.5398026704788208008 2.0058813095092773438 2.4096262454986572266 2.4649455547332763672 2.8428809642791748047 2.8992598056793212891 2.9447009563446044922 3.3323073387145996094 3.3884007930755615234 3.4221291542053222656 3.4449229240417480469 3.4576873779296875 3.4619987010955810547 5.0341863632202148438 3.8754115104675292969 5.0082697868347167969 4.2691864967346191406 4.2985825538635253906 4.3347015380859375 4.3621439933776855469 4.3712267875671386719
-9999 -9999 -9999 0 2.3146820068359375 1.4420657157897949219 0 0.48913142085075378418 0 0.93019735813140869141 3.9317948818206787109 1.7880911827087402344 0 0.50269359350204467773 0.9836400151252746582 1.4336160421371459961 1.8775227069854736328 1.9154374599456787109 1.9297301769256591797 1.9386856555938720703 4.8601870536804199219 0.5207278132438659668 1.0334181785583496094 1.5148255825042724609 1.9356172084808349609 1.9849898815155029297 2.3754341602325439453 2.4296138286590576172 2.4719626903533935547 2.8719544410705566406 2.9258821010589599609 2.9572584629058837891 2.9788887500762939453 2.9917707443237304688 2.9971518516540527344 4.619495391845703125 3.4249713420867919922 4.5965394973754882812 3.8290529251098632812 3.8554925918579101562 3.8888711929321289062 3.9147531986236572266 3.9228196144104003906 3.9285149574279785156
-9999 -9999 -9999 0 1.8686990737915039062 0.48051103949546813965 0 0 0.47362601757049560547 0.47922971844673156738 2.6124145984649658203 1.351990818977355957 0 0.49382099509239196777 0.96288269758224487305 1.4145466089248657227 1.4540262222290039062 1.4669437408447265625 1.4734163284301757812 4.413623809814453125 0 0.51522743701934814453 1.0140700340270996094 1.4550626277923583984 1.496039271354675293 1.9020317792892456055 1.9521014690399169922 1.989941716194152832 2.4041373729705810547 2.4550826549530029297 2.4836239814758300781 2.5035128593444824219 2.5157001018524169922 2.5212702751159667969 4.1957750320434570312 2.9637742042541503906 4.1767215728759765625 3.3807380199432373047 3.4049971103668212891 3.4351122379302978516 3.458621978759765625 3.4659163951873779297 3.4709475040435791016 5.1883530616760253906
-9999 -9999 7.9821391105651855469 0 0.48173671960830688477 0.46574690937995910645 0 0 0 0 1.7539745569229125977 0.91669005155563354492 0 0.48389446735382080078 0.94387918710708618164 0.98102939128875732422 0.99038559198379516602 0.99458134174346923828 1.9992786645889282227 1.4739156961441040039 0 0.50518214702606201172 0.96996355056762695312 1.0001789331436157227 1.4263236522674560547 1.4686359167098999023 1.5001933574676513672 1.9309009313583374023 1.9771158695220947266 2.0022356510162353516 2.020099639892578125 2.0311412811279296875 2.0360248088836669922 3.7645502090454101562 2.4925494194030761719 3.7487165927886962891 2.9226162433624267578 2.9452450275421142578 2.9731895923614501953 2.9940543174743652344 2.9996325969696044922 3.0038373470306396484 4.7628726959228515625 3.4766685962677001953
-9999 -9999 8.2669582366943359375 0.49540436267852783203 0 0 0 0 0.48097550868988037109 0.92483621835708618164 0 0.47212961316108703613 0 0.47854438424110412598 0.49529817700386047363 0.50088506937026977539 0.501178741455078125 0.50352007150650024414 0.50724709033966064453 0.98894113302230834961 0 0.48007616400718688965 0.49765607714653015137 0.95051825046539306641 0.98068308830261230469 1.003541111946105957 1.4536286592483520508 1.49210357666015625 1.5124011039733886719 1.5274853706359863281 1.5373353958129882812 1.5414789915084838867 3.3268103599548339844 2.0125141143798828125 3.3141143321990966797 2.4560949802398681641 2.4761090278625488281 2.5016150474548339844 2.5207235813140869141 2.5247278213500976562 2.5274186134338378906 4.329143524169921875 3.0082082748413085938 3.0267369747161865234
-9999 0 6.0633420944213867188 0.96914052963256835938 0 0 0 0 -9999 -9999 -9999 0 0 0 0 0 0 0 0 0 0 0 0.47280704975128173828 0.48840105533599853516 0.50095319747924804688 0.97364312410354614258 1.0005567073822021484 1.0141984224319458008 1.0250463485717773438 1.0327932834625244141 1.0362610816955566406 2.8823747634887695312 1.5234206914901733398 2.8732898235321044922 1.981860041618347168 1.9985193014144897461 2.0204777717590332031 2.0375151634216308594 2.0405271053314208984 2.0418474674224853516 3.8876256942749023438 2.5302243232727050781 2.5458250045776367188 2.0803914070129394531
-9999 2.6362698078155517578 1.4057387113571166992 0 0 0 -9999 -9999 -9999 -9999 -9999 -9999 0 0 0.49246591329574584961 0.96030604839324951172 0 0.50116586685180664062 0.9938328862190246582 1.4708614349365234375 0 0 0 0 0.48836344480514526367 0.50122010707855224609 0.50715583562850952148 0.51253974437713623047 0.51705968379974365234 0.51909750699996948242 2.4303605556488037109 1.0239875316619873047 2.4253497123718261719 1.4990608692169189453 1.5118453502655029297 1.5292893648147583008 1.5434800386428833008 1.5460656881332397461 1.5466372966766357422 3.4381761550903320312 2.0426142215728759766 2.0549900531768798828 1.5770637989044189453 1.5800327062606811523
