tests/data/reference/gistest_nucice/full/control/cvin_m3.asc
ncols        123
nrows        77
xllcorner    -713746.799299980048
yllcorner    -1061022.369616159936
cellsize     10.000000000000
NODATA_value -9999
[rows 57 to 75 of 77, columns 44 to 87 of 123]
1.5765455961227416992 1.576403498649597168 4.4520058631896972656 1.5791503190994262695 1.5797331333160400391 1.5784572362899780273 3.527362823486328125 2.0712640285491943359 6.624019622802734375 1.593159794807434082 1.0746872425079345703 2.1015198230743408203 3.5578072071075439453 2.0681555271148681641 4.9326081275939941406 2.5568873882293701172 2.5675749778747558594 2.5738956928253173828 2.5760962963104248047 2.5753078460693359375 9.48444366455078125 3.0541515350341796875 3.0590341091156005859 8.6861572265625 12.598378181457519531 16.509878158569335938 26.001768112182617188 26.358142852783203125 26.70806121826171875 27.051923751831054688 27.39043426513671875 27.726591110229492188 28.060161590576171875 27.964488983154296875 27.849138259887695312 28.134059906005859375 28.42447662353515625 28.716634750366210938 29.0085296630859375 29.298143386840820312 29.585561752319335938 29.87090301513671875 30.154010772705078125 30.489131927490234375
1.0629837512969970703 3.9965205192565917969 1.0642085075378417969 1.0645303726196289062 1.0636982917785644531 3.0558748245239257812 1.5690202713012695312 6.2052445411682128906 1.072180628776550293 0.54521602392196655273 1.5964491367340087891 3.0829842090606689453 1.5674958229064941406 4.4864935874938964844 2.0658504962921142578 2.0749270915985107422 2.0801823139190673828 2.0822131633758544922 2.0809397697448730469 9.1110706329345703125 2.5684454441070556641 2.5735774040222167969 8.3017358779907226562 3.0567214488983154297 3.0610663890838623047 8.7414045333862304688 3.5371484756469726562 7.5617880821228027344 8.02448272705078125 8.4792613983154296875 8.9274072647094726562 9.3706264495849609375 9.8103075027465820312 9.8243465423583984375 9.82155609130859375 10.216565132141113281 10.614810943603515625 11.01129150390625 36.35625457763671875 36.737857818603515625 37.11307525634765625 42.83028411865234375 44.82354736328125 45.181095123291015625
3.5322215557098388672 0.53832095861434936523 0.53850984573364257812 0.53801035881042480469 2.5747940540313720703 1.0575269460678100586 5.78179168701171875 0.54069751501083374023 0 1.0791976451873779297 2.5988271236419677734 1.0563124418258666992 4.0308361053466796875 1.5643129348754882812 1.5725649595260620117 1.5768674612045288086 1.5784308910369873047 1.5769586563110351562 8.7320957183837890625 2.0739395618438720703 2.0782182216644287109 7.910312652587890625 2.5712449550628662109 2.5741934776306152344 8.3505697250366210938 3.0566308498382568359 3.0674333572387695312 3.0839750766754150391 6.1941924095153808594 7.2211313247680664062 8.240085601806640625 10.839990615844726562 11.295676231384277344 11.313094139099121094 11.731215476989746094 13.815950393676757812 17.96274566650390625 24.549394607543945312 1.6217616796493530273 3.2350931167602539062 4.8421902656555175781 1.0954016447067260742 1.0968812704086303711 2.7313747406005859375
0 0 0 2.083370208740234375 0.53457987308502197266 5.3512315750122070312 0 0 0.54583925008773803711 2.1024563312530517578 0.53509616851806640625 3.5663328170776367188 1.0520054101943969727 1.0591554641723632812 1.0629559755325317383 1.0645060539245605469 1.0630449056625366211 8.347003936767578125 1.5701099634170532227 1.5735188722610473633 7.5123004913330078125 2.0764625072479248047 2.0784604549407958984 7.9541025161743164062 2.5688550472259521484 2.5773420333862304688 2.5907046794891357422 2.1167919635772705078 0 0 1.6174635887145996094 0 0.55214160680770874023 0.64548856019973754883 1.1517431735992431641 3.2205541133880615234 5.7044548988342285156 1.0916988849639892578 0.55100804567337036133 0.55166292190551757812 0.55254280567169189453 0.55333173274993896484 0.55415093898773193359 0.5553219914436340332
0.53788143396377563477 1.0643564462661743164 1.5796926021575927734 0 4.9117727279663085938 0 0.53841674327850341797 1.0679478645324707031 1.5902495384216308594 0 3.0928647518157958984 0.53033483028411865234 0.53478193283081054688 0.53732597827911376953 0.53864991664886474609 0.53821992874145507812 7.9561614990234375 1.0568125247955322266 1.0587183237075805664 7.1077218055725097656 1.5726301670074462891 1.5736048221588134766 7.5513582229614257812 2.0728015899658203125 2.0794122219085693359 2.0898573398590087891 1.6018460988998413086 0 0.54946547746658325195 1.0884606838226318359 0 0.55042511224746704102 1.0919629335403442383 2.1918077468872070312 2.7039422988891601562 5.2259230613708496094 0.55164432525634765625 0 0 0 0 0 0 0
3.0488173961639404297 3.5281403064727783203 3.9992916584014892578 4.4612836837768554688 0 0.53435444831848144531 1.062380671501159668 1.5846270322799682617 2.0997319221496582031 2.6042301654815673828 0 0 0 0 0 7.5580997467041015625 0.53422921895980834961 0.5343545079231262207 6.6961369514465332031 1.0591739416122436523 1.0597693920135498047 7.14276885986328125 1.5682255029678344727 1.5730669498443603516 1.5808217525482177734 1.0779519081115722656 0 0.54902291297912597656 1.0882321596145629883 1.618564605712890625 2.13994598388671875 2.6537079811096191406 3.1613779067993164062 4.2612142562866210938 4.7409982681274414062 0 0 0.55141389369964599609 1.0929144620895385742 1.6258378028869628906 2.1507556438446044922 2.6682443618774414062 3.1789965629577636719 3.6836118698120117188
0.53663003444671630859 1.0647821426391601562 1.5842356681823730469 2.0945808887481689453 2.5945134162902832031 3.0861730575561523438 3.5724976062774658203 4.0536742210388183594 4.5279374122619628906 4.9913506507873535156 5.4414067268371582031 5.8802022933959960938 6.311023712158203125 6.7343316078186035156 7.1503343582153320312 0 0 6.2773303985595703125 0.53514683246612548828 0.53580147027969360352 6.7280163764953613281 1.0553214550018310547 1.0582392215728759766 1.0632165670394897461 0.54446607828140258789 0 0.54864913225173950195 1.0877013206481933594 1.6184864044189453125 2.1413521766662597656 2.6563048362731933594 3.1643450260162353516 3.666210174560546875 4.766040802001953125 5.2395477294921875 5.7188019752502441406 6.1935553550720214844 6.6639523506164550781 7.1303510665893554688 7.5926833152770996094 8.050540924072265625 8.503643035888671875 8.9518375396728515625 9.395145416259765625
0 0 0.53666299581527709961 1.0606611967086791992 0 0.53419351577758789062 1.0620032548904418945 1.5827372074127197266 2.0958464145660400391 2.5988011360168457031 3.0895931720733642578 3.5703938007354736328 4.043094635009765625 4.5080318450927734375 4.9648747444152832031 5.4124279022216796875 5.8495807647705078125 0 0 6.3050522804260253906 0.53299367427825927734 0.53452730178833007812 0.53680145740509033203 0 0 0.54740196466445922852 1.0858224630355834961 1.6165376901626586914 2.1398313045501708984 2.6556904315948486328 3.1639833450317382812 3.6651327610015869141 4.1594538688659667969 5.2592787742614746094 5.7254920005798339844 6.1983308792114257812 6.6679816246032714844 7.1344652175903320312 7.5978283882141113281 8.057979583740234375 8.5144433975219726562 8.9668788909912109375 9.4145193099975585938 9.856975555419921875
-9999 -9999 -9999 -9999 -9999 -9999 0 0.54059499502182006836 1.06655120849609375 1.5817803144454956055 2.0903377532958984375 2.5907797813415527344 3.0836429595947265625 3.5677239894866943359 4.0434603691101074219 4.5119585990905761719 4.9732561111450195312 5.426830291748046875 5.8712658882141113281 0 0 0 0 0.54093575477600097656 1.0739005804061889648 1.6002572774887084961 2.1206707954406738281 2.6350817680358886719 3.1429529190063476562 3.6436557769775390625 13.977657318115234375 14.910040855407714844 15.287423133850097656 16.387220382690429688 16.740106582641601562 17.101034164428710938 17.460893630981445312 17.8192596435546875 18.175817489624023438 18.530546188354492188 18.883052825927734375 19.232526779174804688 19.579343795776367188 19.922864913940429688
-9999 -9999 -9999 -9999 -9999 -9999 -9999 0 0 0.52535051107406616211 1.0469146966934204102 1.5610392093658447266 2.0657718181610107422 2.5600485801696777344 3.0430989265441894531 3.5157744884490966797 3.9789595603942871094 4.4323811531066894531 4.8765273094177246094 5.3151221275329589844 5.7469172477722167969 6.1719498634338378906 6.5920805931091308594 7.0091471672058105469 7.4238638877868652344 7.8360514640808105469 8.2455968856811523438 8.6519346237182617188 9.054058074951171875 9.450901031494140625 0 0 0.55073541402816772461 1.6505717039108276367 2.1708066463470458984 2.6973149776458740234 3.219532012939453125 3.7369709014892578125 4.2494082450866699219 4.7570924758911132812 5.2600455284118652344 5.7567229270935058594 6.2471089363098144531 6.7323346138000488281
-9999 -9999 -9999 -9999 -9999 -9999 -9999 -9999 -9999 -9999 -9999 -9999 -9999 -9999 -9999 0 0 0 0 0 0.52606433629989624023 1.049420475959777832 1.5671275854110717773 2.0777585506439208984 2.5822038650512695312 3.0820522308349609375 3.5784215927124023438 4.0701880455017089844 4.5557451248168945312 5.0339641571044921875 5.503971099853515625 5.9671254158020019531 6.425662994384765625 6.4537386894226074219 6.8795995712280273438 7.3076601028442382812 7.7349557876586914062 8.160572052001953125 8.5840892791748046875 9.00551605224609375 9.4248304367065429688 9.8402462005615234375 10.251070976257324219 10.657700538635253906
-9999 -9999 -9999 -9999 -9999 -9999 -9999 -9999 -9999 -9999 -9999 -9999 -9999 -9999 -9999 -9999 -9999 -9999 0.52493691444396972656 0.52208155393600463867 0 0 0.5390879511833190918 1.0686377286911010742 1.58942413330078125 2.1036128997802734375 2.6131224632263183594 3.1182641983032226562 3.6181600093841552734 4.1107745170593261719 4.5955548286437988281 5.0741190910339355469 5.5484437942504882812 5.5938549041748046875 6.0357241630554199219 6.4789376258850097656 6.9208240509033203125 7.3605742454528808594 7.7978930473327636719 8.23264312744140625 8.6646099090576171875 9.09344482421875 9.517337799072265625 9.9357700347900390625
-9999 -9999 -9999 -9999 -9999 -9999 -9999 -9999 -9999 -9999 -9999 -9999 -9999 -9999 -9999 -9999 -9999 -9999 -9999 -9999 1.0378457307815551758 0.53175330162048339844 0 0 0.54239624738693237305 1.0747892856597900391 1.6003491878509521484 2.1195683479309082031 2.632476806640625 3.1400973796844482422 3.6408636569976806641 4.1358513832092285156 4.2010350227355957031 4.662181854248046875 5.1238160133361816406 5.5829815864562988281 6.0395131111145019531 6.4930295944213867188 6.9433569908142089844 7.3901934623718261719 7.8331637382507324219 8.2723264694213867188 8.7078304290771484375 9.1370706558227539062
-9999 -9999 -9999 -9999 -9999 -9999 -9999 -9999 -9999 -9999 -9999 -9999 -9999 -9999 -9999 -9999 -9999 -9999 -9999 -9999 -9999 1.5432884693145751953 1.0556933879852294922 0.54227226972579956055 0 0.54272305965423583984 1.0764746665954589844 1.6022002696990966797 2.1196870803833007812 2.6300826072692871094 3.134307861328125 3.6332325935363769531 3.7045838832855224609 4.1717162132263183594 -9999 -9999 -9999 -9999 -9999 -9999 -9999 -9999 -9999 -9999
-9999 -9999 -9999 -9999 -9999 -9999 -9999 -9999 -9999 -9999 -9999 -9999 -9999 -9999 -9999 -9999 -9999 -9999 -9999 -9999 -9999 -9999 -9999 1.5709310770034790039 1.0711151361465454102 0 0.54445433616638183594 1.0782678127288818359 1.6018913984298706055 2.1166570186614990234 2.6239445209503173828 3.1247894763946533203 -9999 -9999 -9999 -9999 -9999 -9999 -9999 -9999 -9999 -9999 -9999 -9999
-9999 -9999 -9999 -9999 -9999 -9999 -9999 -9999 -9999 -9999 -9999 -9999 -9999 -9999 -9999 -9999 -9999 -9999 -9999 -9999 -9999 -9999 -9999 -9999 2.0754120349884033203 1.5884245634078979492 0 0.54314881563186645508 1.0746048688888549805 1.5962998867034912109 2.1098284721374511719 -9999 -9999 -9999 -9999 -9999 -9999 -9999 -9999 -9999 -9999 -9999 -9999 -9999
-9999 -9999 -9999 -9999 -9999 -9999 -9999 -9999 -9999 -9999 -9999 -9999 -9999 -9999 -9999 -9999 -9999 -9999 -9999 -9999 -9999 -9999 -9999 -9999 -9999 2.5700144767761230469 2.0954144001007080078 0 0 0.54416567087173461914 0 -9999 -9999 -9999 -9999 -9999 -9999 -9999 -9999 -9999 -9999 -9999 -9999 -9999
-9999 -9999 -9999 -9999 -9999 -9999 -9999 -9999 -9999 -9999 -9999 -9999 -9999 -9999 -9999 -9999 -9999 -9999 -9999 -9999 -9999 -9999 -9999 -9999 -9999 -9999 3.0543532371520996094 2.5913603305816650391 0.54193544387817382812 0 1.6260323524475097656 -9999 -9999 -9999 -9999 -9999 -9999 -9999 -9999 -9999 -9999 -9999 -9999 -9999
-9999 -9999 -9999 -9999 -9999 -9999 -9999 -9999 -9999 -9999 -9999 -9999 -9999 -9999 -9999 -9999 -9999 -9999 -9999 -9999 -9999 -9999 -9999 -9999 -9999 -9999 -9999 3.5279965400695800781 3.0774538516998291016 1.0731810331344604492 -9999 -9999 -9999 -9999 -9999 -9999 -9999 -9999 -9999 -9999 -9999 -9999 -9999 -9999
