tests/data/reference/gistest_nucice/full/control/cvin_m3.asc
ncols        123
nrows        77
xllcorner    -713746.799299980048
yllcorner    -1061022.369616159936
cellsize     10.000000000000
NODATA_value -9999
[rows 19 to 37 of 77, columns 0 to 43 of 123]
-9999 -9999 -9999 -9999 -9999 -9999 -9999 -9999 -9999 -9999 -9999 -9999 -9999 -9999 -9999 -9999 0 0.53613543510437011719 2.1046938896179199219 3.1145186424255371094 15.53012847900390625 0.52602607011795043945 0 0 0.53351408243179321289 15.377849578857421875 14.791481971740722656 13.810229301452636719 0 12.6481781005859375 1.5868386030197143555 0 3.6771829128265380859 11.335584640502929688 1.075008392333984375 8.6525812149047851562 12.494428634643554688 5.8218321800231933594 7.194488525390625 7.9927630424499511719 5.98241424560546875 3.0875582695007324219 7.0216708183288574219 4.347423553466796875
-9999 -9999 -9999 -9999 -9999 -9999 -9999 -9999 -9999 -9999 -9999 -9999 -9999 -9999 -9999 0 0.52861487865447998047 1.0643699169158935547 2.6081194877624511719 19.534473419189453125 1.040439605712890625 0 0.53099310398101806641 0 2.1710045337677001953 15.293152809143066406 15.155187606811523438 14.157434463500976562 0.53497666120529174805 13.036152839660644531 2.0976376533508300781 0 4.7165675163269042969 11.668004035949707031 1.5973200798034667969 9.0240964889526367188 12.9204864501953125 6.2578763961791992188 7.6197118759155273438 8.405475616455078125 6.4042868614196777344 3.5845727920532226562 7.4450430870056152344 4.8082957267761230469
-9999 -9999 -9999 -9999 -9999 -9999 -9999 -9999 -9999 -9999 -9999 -9999 -9999 -9999 -9999 0.52731609344482421875 1.0594199895858764648 1.5876003503799438477 23.03326416015625 2.0549862384796142578 0 0 0.51886767148971557617 1.0552771091461181641 4.3703584671020507812 15.614282608032226562 15.519153594970703125 14.499517440795898438 1.0628663301467895508 13.418863296508789062 0 2.5980496406555175781 5.7442569732666015625 11.996053695678710938 2.1098477840423583984 9.3922882080078125 13.339177131652832031 6.6880393028259277344 8.039157867431640625 8.8129673004150390625 6.8218293190002441406 4.0765986442565917969 7.8657612800598144531 5.26615142822265625
-9999 -9999 -9999 -9999 -9999 -9999 -9999 -9999 -9999 -9999 -9999 -9999 -9999 -9999 -9999 1.0519889593124389648 1.5784938335418701172 2.0941190719604492188 26.490800857543945312 0 0 0 0.52529925107955932617 2.7365858554840087891 4.8318009376525878906 15.935635566711425781 15.878101348876953125 14.840269088745117188 1.5828131437301635742 13.795430183410644531 0 0.54180639982223510742 3.0881814956665039062 18.537290573120117188 2.6129000186920166016 9.7565708160400390625 13.749501228332519531 0 15.562306404113769531 9.2144632339477539062 7.2343745231628417969 4.5634260177612304688 8.2842245101928710938 5.7209177017211914062
-9999 -9999 -9999 -9999 -9999 -9999 -9999 -9999 -9999 -9999 -9999 -9999 -9999 -9999 0 1.5599529743194580078 4.6501379013061523438 27.355623245239257812 0 0 0 0.51822990179061889648 0.10836894810199737549 4.4030823707580566406 5.32195281982421875 16.251522064208984375 16.228559494018554688 15.174039840698242188 2.0910367965698242188 14.165332794189453125 0 0.54142218828201293945 1.071139216423034668 3.5687453746795654297 21.958730697631835938 10.117070198059082031 14.152276992797851562 0 16.5051727294921875 9.6096258163452148438 7.6413321495056152344 5.0436153411865234375 8.6996793746948242188 6.1721987724304199219
-9999 -9999 -9999 -9999 -9999 -9999 -9999 -9999 -9999 -9999 -9999 -9999 -9999 -9999 0.50479042530059814453 36.7207794189453125 34.34366607666015625 0.50929743051528930664 0 0 0.45737174153327941895 1.7223955392837524414 0 0.1971791684627532959 4.8380961418151855469 22.413726806640625 16.611394882202148438 15.544062614440917969 2.5878369808197021484 0 14.527896881103515625 0.54079294204711914062 1.0702928304672241211 1.5891879796981811523 26.306732177734375 10.473759651184082031 14.548528671264648438 0 17.439962387084960938 9.998626708984375 8.0424318313598632812 5.5163493156433105469 9.1107311248779296875 6.6193103790283203125
-9999 -9999 -9999 -9999 -9999 -9999 -9999 -9999 -9999 -9999 -9999 -9999 -9999 -9999 41.969203948974609375 0.51605314016342163086 0 0 0 0 0.63788801431655883789 1.5571994781494140625 2.8221149444580078125 0.54089987277984619141 0.69804459810256958008 5.2761440277099609375 39.753894805908203125 15.908191680908203125 3.0874371528625488281 0 0.54814946651458740234 14.883465766906738281 1.0689938068389892578 1.587490081787109375 2.0963327884674072266 37.43087005615234375 0 14.937646865844726562 0.54497867822647094727 28.20285797119140625 8.4376325607299804688 5.9815459251403808594 9.5168714523315429688 7.0618758201599121094
-9999 -9999 -9999 -9999 -9999 -9999 -9999 -9999 -9999 -9999 -9999 -9999 0 0 3.5261712074279785156 0.51683461666107177734 0 0 0 0.5147069096565246582 1.6145443916320800781 3.4128353595733642578 2.0317351818084716797 3.2969179153442382812 1.0686485767364501953 1.2035868167877197266 45.811985015869140625 16.267450332641601562 3.5790908336639404297 0.54918062686920166016 0 1.0839284658432006836 15.269585609436035156 1.5933694839477539062 2.0927889347076416016 2.5920593738555908203 37.719623565673828125 0.54320740699768066406 15.319105148315429688 1.0776387453079223633 37.3938140869140625 6.4393382072448730469 9.9179944992065429688 7.4997448921203613281
-9999 -9999 -9999 -9999 -9999 -9999 -9999 -9999 -9999 -9999 -9999 -9999 -9999 0 0.50555193424224853516 0.49193689227104187012 0 0 0.57346636056900024414 1.7777311801910400391 1.8081295490264892578 2.2566359043121337891 6.5890851020812988281 9.5593862533569335938 13.782567024230957031 15.79444122314453125 17.915628433227539062 46.14582061767578125 16.619396209716796875 4.06122589111328125 1.0851553678512573242 0.54757368564605712891 1.6075075864791870117 15.647237777709960938 2.1057536602020263672 2.5971143245697021484 3.0767791271209716797 38.000194549560546875 1.0742027759552001953 15.693254470825195312 39.345691680908203125 6.8895258903503417969 10.313725471496582031 7.9325165748596191406
-9999 -9999 -9999 -9999 -9999 -9999 -9999 -9999 -9999 -9999 -9999 -9999 -9999 -9999 -9999 0 0 0 1.0997601747512817383 2.1993787288665771484 2.6971802711486816406 3.2063622474670410156 3.7072439193725585938 4.2014384269714355469 4.6871385574340820312 5.1658301353454589844 5.6374735832214355469 24.419832229614257812 71.27986907958984375 16.960783004760742188 4.5313382148742675781 1.6075471639633178711 1.0806553363800048828 2.1184191703796386719 16.015710830688476562 2.6061613559722900391 3.0912547111511230469 3.5665798187255859375 38.327342987060546875 1.5941550731658935547 55.748050689697265625 7.3318734169006347656 10.703516960144042969 8.3594560623168945312
-9999 -9999 -9999 -9999 -9999 -9999 -9999 -9999 -9999 -9999 -9999 -9999 -9999 -9999 -9999 -9999 0 0.16249968111515045166 1.2622374296188354492 1.7392570972442626953 2.2395482063293457031 2.7374415397644042969 3.2294509410858154297 3.7128977775573730469 4.1886992454528808594 4.6582937240600585938 5.1228895187377929688 5.5822730064392089844 6.0347514152526855469 78.06240081787109375 95.65433502197265625 100.9307098388671875 2.1153280735015869141 1.5980739593505859375 2.6155569553375244141 16.375423431396484375 19.826524734497070312 23.751203536987304688 4.0464715957641601562 38.6451263427734375 2.1120200157165527344 63.842098236083984375 11.087582588195800781 8.7806529998779296875
-9999 -9999 -9999 -9999 -9999 -9999 -9999 -9999 -9999 -9999 -9999 -9999 -9999 -9999 -9999 -9999 0 1.0996685028076171875 1.1526774168014526367 1.6310214996337890625 2.1184535026550292969 49.52225494384765625 49.780292510986328125 50.03189849853515625 50.2794342041015625 50.52386474609375 50.765209197998046875 51.002185821533203125 51.233379364013671875 51.46038055419921875 51.68599700927734375 51.910472869873046875 153.3310699462890625 156.140106201171875 158.427154541015625 161.7042999267578125 161.8768157958984375 162.0478973388671875 186.3094940185546875 190.991912841796875 230.1072540283203125 232.8800811767578125 75.6696014404296875 9.1968231201171875
-9999 -9999 -9999 -9999 -9999 -9999 -9999 -9999 -9999 -9999 -9999 -9999 -9999 -9999 -9999 0 1.0996690988540649414 1.1449651718139648438 14.965974807739257812 20.721601486206054688 46.6571807861328125 3.3828389644622802734 7.6315112113952636719 12.621289253234863281 13.033333778381347656 25.021841049194335938 30.063465118408203125 40.348415374755859375 40.6841888427734375 41.01151275634765625 41.334209442138671875 41.652740478515625 41.966541290283203125 42.27416229248046875 42.572795867919921875 42.864208221435546875 107.7362823486328125 109.5376739501953125 111.8419952392578125 116.8052825927734375 120.97652435302734375 124.7061920166015625 357.9334716796875 434.09307861328125
-9999 -9999 -9999 -9999 -9999 -9999 -9999 -9999 -9999 -9999 -9999 -9999 -9999 -9999 0 1.0996259450912475586 8.7138147354125976562 12.991800308227539062 5.0302572250366210938 25.357891082763671875 2.9247713088989257812 3.3511402606964111328 4.1279368400573730469 4.8918437957763671875 11.199984550476074219 4.2289066314697265625 9.5710821151733398438 7.1672043800354003906 7.4829297065734863281 7.7953810691833496094 8.1520566940307617188 39.515987396240234375 43.258098602294921875 47.85652923583984375 53.275112152099609375 64.35717010498046875 1.060390472412109375 1.5752037763595581055 4.2913212776184082031 3.4808609485626220703 3.0333578586578369141 3.0364122390747070312 7.9418325424194335938 11.466634750366210938
-9999 -9999 -9999 -9999 -9999 -9999 -9999 -9999 -9999 -9999 -9999 -9999 -9999 -9999 0 6.5638623237609863281 3.4979522228240966797 4.6446847915649414062 25.145105361938476562 2.4733045101165771484 2.9120666980743408203 3.7120211124420166016 4.4702363014221191406 5.5338354110717773438 3.802906036376953125 9.2577810287475585938 6.8472075462341308594 7.5390424728393554688 19.399534225463867188 26.685968399047851562 30.79189300537109375 2.9990217685699462891 3.8920965194702148438 4.7465815544128417969 10.426604270935058594 0.53828251361846923828 1.0645922422409057617 3.849292755126953125 3.0121614933013916016 2.5519473552703857422 2.5523526668548583984 3.9431793689727783203 2.5631434917449951172 2.5698056221008300781
-9999 -9999 -9999 -9999 -9999 -9999 -9999 -9999 -9999 -9999 -9999 -9999 -9999 1.0996155738830566406 5.4968090057373046875 3.0636980533599853516 4.2495021820068359375 24.922918319702148438 2.0063092708587646484 2.4594581127166748047 3.2863526344299316406 4.069248199462890625 5.1684212684631347656 3.3684151172637939453 8.93724822998046875 6.5213222503662109375 7.2401833534240722656 11.322136878967285156 6.703807830810546875 3.4259264469146728516 2.5249512195587158203 3.4419345855712890625 4.3164730072021484375 9.9971380233764648438 0 0.5390402674674987793 3.3981678485870361328 2.5341773033142089844 2.0620808601379394531 2.0603613853454589844 3.4826931953430175781 2.0660965442657470703 2.0707273483276367188 2.0770473480224609375
-9999 -9999 -9999 -9999 -9999 -9999 -9999 -9999 -9999 -9999 -9999 -9999 0 2.1988234519958496094 2.6233294010162353516 3.8457789421081542969 24.693727493286132812 1.5249264240264892578 1.992982029914855957 2.8491735458374023438 3.6587038040161132812 4.7951812744140625 2.9244151115417480469 8.6102399826049804688 6.1890578269958496094 6.9362988471984863281 11.0756072998046875 6.3536438941955566406 2.9674141407012939453 2.04058837890625 2.9813928604125976562 3.8770339488983154297 7.977870941162109375 1.0614327192306518555 0 2.9387540817260742188 2.0463156700134277344 1.5624623298645019531 1.5591971874237060547 3.0147035121917724609 1.5606836080551147461 1.5637098550796508789 1.5686581134796142578 1.5811117887496948242
-9999 -9999 -9999 -9999 -9999 -9999 -9999 -9999 -9999 -9999 -9999 -9999 1.0995398759841918945 2.1911559104919433594 3.4340765476226806641 24.457353591918945312 1.0284206867218017578 1.5129941701889038086 2.4011299610137939453 3.2381768226623535156 4.4125204086303710938 2.4683401584625244141 8.275043487548828125 5.8497147560119628906 6.6264705657958984375 10.824343681335449219 5.9990296363830566406 2.5008797645568847656 1.5464215278625488281 2.5122785568237304688 3.4306087493896484375 6.9847664833068847656 0 0.53583735227584838867 2.4713649749755859375 1.5487182140350341797 1.0532305240631103516 1.0493428707122802734 2.5397825241088867188 1.0477123260498046875 1.0491881370544433594 1.0524266958236694336 1.0626657009124755859 0.54476165771484375
-9999 -9999 -9999 -9999 -9999 -9999 -9999 -9999 -9999 -9999 -9999 0 2.1985454559326171875 3.017486572265625 24.215450286865234375 0.51560819149017333984 1.0188840627670288086 1.9429324865341186523 2.8084723949432373047 4.0209813117980957031 1.9989141225814819336 7.9302592277526855469 5.501529693603515625 6.30928802490234375 10.567005157470703125 5.6379547119140625 2.0252611637115478516 1.0417249202728271484 2.0338380336761474609 2.9773950576782226562 2.0207636356353759766 4.0200605392456054688 0 1.9963195323944091797 1.0403740406036376953 0.53330790996551513672 0.53011506795883178711 2.0573329925537109375 0.5278339385986328125 0.52831673622131347656 0.52970516681671142578 0.53560608625411987305 0 0
