tests/data/reference/gistest_nucice/full/control/cvin_m3.asc
ncols        125
nrows        78
xllcorner    -713756.799299980048
yllcorner    -1061032.369616159936
cellsize     10.000000000000
NODATA_value  -9999
[rows 19 to 37 of 78, columns 0 to 43 of 125]
-9999 -9999 -9999 -9999 -9999 -9999 -9999 -9999 -9999 -9999 -9999 -9999 -9999 -9999 -9999 -9999 -9999 0 0.53858554363250732422 2.1144509315490722656 3.1291401386260986328 15.605578422546386719 0.52849775552749633789 0 0 0.535968780517578125 15.453022003173828125 14.857173919677734375 13.870508193969726562 0 12.694653511047363281 1.5941725969314575195 0 3.6942830085754394531 11.396517753601074219 1.0799254179000854492 8.6911869049072265625 12.555348396301269531 5.846263885498046875 7.2309775352478027344 8.0341043472290039062 6.0141749382019042969 3.1021425724029541016 7.058391571044921875
-9999 -9999 -9999 -9999 -9999 -9999 -9999 -9999 -9999 -9999 -9999 -9999 -9999 -9999 -9999 -9999 0 0.53108894824981689453 1.0692713260650634766 2.6203014850616455078 19.629392623901367188 1.0453503131866455078 0 0.53345561027526855469 0 2.1759090423583984375 15.370701789855957031 15.223323822021484375 14.220151901245117188 0.53742820024490356445 13.08506011962890625 2.1073961257934570312 0 4.7385458946228027344 11.731408119201660156 1.6046730279922485352 9.06500244140625 12.98382568359375 6.2847509384155273438 7.6586151123046875 8.4492340087890625 6.4385156631469726562 3.6015899181365966797 7.4841895103454589844
-9999 -9999 -9999 -9999 -9999 -9999 -9999 -9999 -9999 -9999 -9999 -9999 -9999 -9999 -9999 -9999 0.53142815828323364258 1.0660032033920288086 1.5965986251831054688 23.146883010864257812 2.0664398670196533203 0 0 0.52132886648178100586 1.0601930618286132812 4.3752627372741699219 15.694227218627929688 15.589733123779296875 14.564681053161621094 1.0677666664123535156 13.470202445983886719 0 2.6102344989776611328 5.7711186408996582031 12.061931610107421875 2.1196286678314208984 9.4355039596557617188 13.404932975769042969 6.71735382080078125 8.0804719924926757812 8.859142303466796875 6.8585295677185058594 4.0960512161254882812 7.9073305130004882812
-9999 -9999 -9999 -9999 -9999 -9999 -9999 -9999 -9999 -9999 -9999 -9999 -9999 -9999 -9999 -9999 1.0601763725280761719 1.5891673564910888672 2.1072168350219726562 26.62821197509765625 0 0 0 0.52941203117370605469 2.7463881969451904297 4.8391575813293457031 16.01798248291015625 15.951122283935546875 14.907886505126953125 1.5901486873626708984 13.849204063415527344 0 0.54426211118698120117 3.1027948856353759766 18.634935379028320312 2.6251120567321777344 9.8021078109741210938 13.817668914794921875 0 15.63777923583984375 9.263057708740234375 7.2735495567321777344 4.5853161811828613281 8.3282146453857421875
-9999 -9999 -9999 -9999 -9999 -9999 -9999 -9999 -9999 -9999 -9999 -9999 -9999 -9999 -9999 0 1.5722334384918212891 4.6821236610412597656 27.501253128051757812 0 0 0 0.52234083414077758789 0.1119340062141418457 4.4211483001708984375 5.3334288597106933594 16.336273193359375 16.304019927978515625 15.244119644165039062 2.1007986068725585938 14.221546173095703125 0 0.54387629032135009766 1.0760341882705688477 3.5857882499694824219 22.073513031005859375 10.164937019348144531 14.222856521606445312 0 16.585523605346679688 9.6606416702270507812 7.6829843521118164062 5.0679430961608886719 8.7460870742797851562
-9999 -9999 -9999 -9999 -9999 -9999 -9999 -9999 -9999 -9999 -9999 -9999 -9999 -9999 -9999 0.50889784097671508789 36.939456939697265625 34.541820526123046875 0.51340621709823608398 0 0 0.46144008636474609375 1.7300088405609130859 0 0.20416326820850372314 4.8603487014770507812 22.51819610595703125 16.690996170043945312 15.618314743041992188 2.6000268459320068359 0 14.586554527282714844 0.54325622320175170898 1.0751857757568359375 1.5965120792388916016 26.443487167358398438 10.523962974548339844 14.621519088745117188 0 17.525194168090820312 10.052068710327148438 8.0865631103515625 5.5431160926818847656 9.1595544815063476562
-9999 -9999 -9999 -9999 -9999 -9999 -9999 -9999 -9999 -9999 -9999 -9999 -9999 -9999 -9999 42.233409881591796875 0.52016359567642211914 0 0 0 0 0.64564025402069091797 1.561267852783203125 2.8297281265258789062 0.54501068592071533203 0.70846980810165405273 5.3025722503662109375 39.946224212646484375 15.9866180419921875 3.1037323474884033203 0 0.55226033926010131836 14.94457244873046875 1.0738970041275024414 1.5948109626770019531 2.1060862541198730469 37.6226806640625 0 15.013047218322753906 0.54743534326553344727 28.346364974975585938 8.484241485595703125 6.0107507705688476562 9.5681095123291015625
-9999 -9999 -9999 -9999 -9999 -9999 -9999 -9999 -9999 -9999 -9999 -9999 -9999 0 0 3.5552327632904052734 0.5209452509880065918 0 0 0 0.51881706714630126953 1.6186544895172119141 3.4288260936737060547 2.0398631095886230469 3.3084261417388916016 1.076854705810546875 1.2176080942153930664 46.03900909423828125 16.350057601928710938 3.5994927883148193359 0.55328834056854248047 0 1.0921370983123779297 15.334844589233398438 1.6023645401000976562 2.1025388240814208984 2.6042454242706298828 37.913936614990234375 0.54567635059356689453 15.396914482116699219 1.0825326442718505859 37.5888214111328125 6.4709801673889160156 9.971645355224609375
-9999 -9999 -9999 -9999 -9999 -9999 -9999 -9999 -9999 -9999 -9999 -9999 -9999 -9999 0 0.50965958833694458008 0.49603867530822753906 0 0 0.58093523979187011719 1.7887046337127685547 1.8229558467864990234 2.2752845287322998047 6.6315846443176269531 9.6179656982421875 13.860512733459472656 15.888627052307128906 18.031454086303710938 46.376956939697265625 16.70618438720703125 4.0857357978820800781 1.0933542251586914062 0.55168324708938598633 1.6198076009750366211 15.716647148132324219 2.1188454627990722656 2.6109702587127685547 3.0913999080657958984 38.19701385498046875 1.0791113376617431641 15.773472785949707031 39.5504302978515625 6.9236021041870117188 10.369790077209472656
-9999 -9999 -9999 -9999 -9999 -9999 -9999 -9999 -9999 -9999 -9999 -9999 -9999 -9999 -9999 -9999 0 0 0 1.0997600555419921875 2.1993787288665771484 2.701290130615234375 3.2145709991455078125 3.7195527553558349609 4.2178492546081542969 4.7076549530029296875 5.1904559135437011719 5.6662111282348632812 24.572469711303710938 71.67171478271484375 17.051755905151367188 4.5599551200866699219 1.6198329925537109375 1.0888618230819702148 2.1348154544830322266 16.089269638061523438 2.6233544349670410156 3.1092188358306884766 3.5853140354156494141 38.52837371826171875 1.6014891862869262695 56.037822723388671875 7.3683810234069824219 10.761994361877441406
-9999 -9999 -9999 -9999 -9999 -9999 -9999 -9999 -9999 -9999 -9999 -9999 -9999 -9999 -9999 -9999 -9999 0 0.16858328878879547119 1.2683204412460327148 1.748450160026550293 2.2521960735321044922 2.7537934780120849609 3.2496230602264404297 3.7369585037231445312 4.2166872024536132812 4.6902332305908203125 5.1587967872619628906 5.6221594810485839844 6.0786242485046386719 78.5062255859375 96.19744110107421875 101.510650634765625 2.1317083835601806641 1.6103718280792236328 2.6360530853271484375 16.45313262939453125 19.92967987060546875 23.880580902099609375 4.0693187713623046875 38.85036468505859375 2.1234469413757324219 64.17321014404296875 11.148472785949707031
-9999 -9999 -9999 -9999 -9999 -9999 -9999 -9999 -9999 -9999 -9999 -9999 -9999 -9999 -9999 -9999 -9999 0 1.0996685028076171875 1.1568099260330200195 1.6392714977264404297 2.1308121681213378906 49.7366180419921875 49.998798370361328125 50.254543304443359375 50.5062255859375 50.754802703857421875 51.0002899169921875 51.24141693115234375 51.4767608642578125 51.707916259765625 51.93768310546875 52.16631317138671875 154.1751556396484375 157.008819580078125 159.316436767578125 162.6223297119140625 162.7990264892578125 162.9742584228515625 187.37353515625 192.0870819091796875 231.4160308837890625 234.20855712890625 76.06813812255859375
-9999 -9999 -9999 -9999 -9999 -9999 -9999 -9999 -9999 -9999 -9999 -9999 -9999 -9999 -9999 -9999 0 1.0996690988540649414 1.1474264860153198242 14.993126869201660156 20.773317337036132812 46.850940704345703125 3.4015986919403076172 7.6755733489990234375 12.695508003234863281 13.111655235290527344 25.175466537475585938 30.247247695922851562 40.596904754638671875 40.936840057373046875 41.268321990966796875 41.595180511474609375 41.91786956787109375 42.235828399658203125 42.547607421875 42.85039520263671875 43.145969390869140625 108.4189605712890625 110.23363494873046875 112.5536651611328125 117.54730224609375 121.74394989013671875 125.49663543701171875 360.060821533203125
-9999 -9999 -9999 -9999 -9999 -9999 -9999 -9999 -9999 -9999 -9999 -9999 -9999 -9999 -9999 0 1.0996259450912475586 8.7187862396240234375 13.011553764343261719 5.0499005317687988281 25.493389129638671875 2.9394152164459228516 3.3682122230529785156 4.14987945556640625 4.9203848838806152344 11.267052650451660156 4.2508254051208496094 9.6274881362915039062 7.2117943763732910156 7.5300364494323730469 7.845001220703125 8.205883026123046875 39.771945953369140625 43.53539276123046875 48.16002655029296875 53.60965728759765625 64.74964141845703125 1.0652806758880615234 1.5825257301330566406 4.3132686614990234375 3.4978742599487304688 3.0479800701141357422 3.0510289669036865234 7.9841794967651367188
-9999 -9999 -9999 -9999 -9999 -9999 -9999 -9999 -9999 -9999 -9999 -9999 -9999 -9999 -9999 0 6.5663447380065917969 3.5077943801879882812 4.6618852615356445312 25.27822113037109375 2.4855136871337890625 2.9267060756683349609 3.7315506935119628906 4.4946646690368652344 5.5657973289489746094 3.8223962783813476562 9.3117094039916992188 6.889278411865234375 7.5880999565124511719 19.528522491455078125 26.85929107666015625 30.987257003784179688 3.0136396884918212891 3.91158294677734375 4.77091217041015625 10.477810859680175781 0.54073894023895263672 1.0694878101348876953 3.8688068389892578125 3.0267457962036132812 2.5641355514526367188 2.5645394325256347656 3.9626843929290771484 2.5753521919250488281
-9999 -9999 -9999 -9999 -9999 -9999 -9999 -9999 -9999 -9999 -9999 -9999 -9999 -9999 1.0996154546737670898 5.4968090057373046875 3.0710856914520263672 4.264255523681640625 25.053653717041015625 2.0160813331604003906 2.4716622829437255859 3.3034660816192626953 4.0912575721740722656 5.1979250907897949219 3.3854753971099853516 8.9887056350708007812 6.5608716011047363281 7.286746978759765625 11.397058486938476562 6.7431187629699707031 3.4429793357849121094 2.5371372699737548828 3.4589889049530029297 4.3383736610412597656 10.0459136962890625 0 0.54149568080902099609 3.4152462482452392578 2.5463337898254394531 2.0718355178833007812 2.0701198577880859375 3.4997644424438476562 2.0758762359619140625 2.0804929733276367188
-9999 -9999 -9999 -9999 -9999 -9999 -9999 -9999 -9999 -9999 -9999 -9999 -9999 0 2.1988234519958496094 2.6282594203948974609 3.858081817626953125 24.82208251953125 1.5322612524032592773 2.0027489662170410156 2.8638660907745361328 3.6782886981964111328 4.822223663330078125 2.9390439987182617188 8.6592340469360351562 6.2260851860046386719 6.9803700447082519531 11.148041725158691406 6.3904709815979003906 2.98203277587890625 2.0503444671630859375 2.9960138797760009766 3.8965027332305908203 8.0168867111206054688 1.0663266181945800781 0 2.9533951282501220703 2.0560467243194580078 1.5697845220565795898 1.5665278434753417969 3.0293405055999755859 1.5680342912673950195 1.5710496902465820312 1.5759958028793334961
-9999 -9999 -9999 -9999 -9999 -9999 -9999 -9999 -9999 -9999 -9999 -9999 -9999 1.0995398759841918945 2.1936247348785400391 3.4439251422882080078 24.5833282470703125 1.0333189964294433594 1.5203232765197753906 2.4133958816528320312 3.25533294677734375 4.4370989799499511719 2.4805352687835693359 8.3215799331665039062 5.8842220306396484375 6.66805267333984375 10.894324302673339844 6.0333762168884277344 2.5130646228790283203 1.5537513494491577148 2.5244667530059814453 3.4476463794708251953 7.0188956260681152344 0 0.53828519582748413086 2.4835679531097412109 1.5560271739959716797 1.0581220388412475586 1.0542440414428710938 2.5519855022430419922 1.0526301860809326172 1.0540996789932250977 1.0573333501815795898 1.0675683021545410156
-9999 -9999 -9999 -9999 -9999 -9999 -9999 -9999 -9999 -9999 -9999 -9999 0 2.1985454559326171875 3.0248787403106689453 24.339046478271484375 0.51806771755218505859 1.0237765312194824219 1.9527642726898193359 2.8231947422027587891 4.0430960655212402344 2.0086741447448730469 7.9743409156799316406 5.5335202217102050781 6.3483862876892089844 10.634550094604492188 5.6698250770568847656 2.0350129604339599609 1.0466314554214477539 2.0435953140258789062 2.9920017719268798828 2.0305075645446777344 4.0395727157592773438 0 2.0060846805572509766 1.0452656745910644531 0.53576260805130004883 0.53257584571838378906 2.0671026706695556641 0.53030443191528320312 0.53078436851501464844 0.53216528892517089844 0.53806251287460327148 0
