tests/data/reference/gistest_nucice/full/control/cvin_m3.asc
ncols        123
nrows        77
xllcorner    -713746.799299980048
yllcorner    -1061022.369616159936
cellsize     10.000000000000
NODATA_value -9999
[rows 38 to 56 of 77, columns 0 to 43 of 123]
-9999 -9999 -9999 -9999 -9999 -9999 -9999 -9999 -9999 -9999 0 1.7416615486145019531 2.1513876914978027344 7.2763071060180664062 0 0.48657760024070739746 1.0156266689300537109 1.2449550628662109375 1.3695931434631347656 1.1541054248809814453 1.8652441501617431641 1.5199865102767944336 1.5557976961135864258 1.5950430631637573242 1.6373677253723144531 1.23204803466796875 0.55702733993530273438 1.2478808164596557617 1.575266718864440918 1.2251409292221069336 1.1993257999420166016 1.1685355901718139648 1.1476017236709594727 0.54776632785797119141 0 0 1.3038388490676879883 0 0 0 0 0 0.61377823352813720703 1.0992170572280883789
-9999 -9999 -9999 -9999 -9999 -9999 -9999 -9999 -9999 -9999 0 2.4932274818420410156 7.3753023147583007812 0.47772100567817687988 0 0.78237116336822509766 1.1190078258514404297 1.290355682373046875 0.86702150106430053711 2.0318839550018310547 1.4378081560134887695 1.4811724424362182617 1.5337100028991699219 1.5901840925216674805 0.94480556249618530273 0 0.95208132266998291016 1.435474395751953125 0.93795281648635864258 0.92447179555892944336 0.89568167924880981445 0.8720614314079284668 0 0 0.57139766216278076172 1.0003554821014404297 0 0.55320572853088378906 0.94814497232437133789 1.2338235378265380859 0 0 0.61160719394683837891 1.0933332443237304688
-9999 -9999 -9999 -9999 -9999 -9999 -9999 -9999 -9999 0 3.4853022098541259766 7.2821202278137207031 0.76590555906295776367 0 0.47124665975570678711 0.98250573873519897461 1.2437919378280639648 0.49685272574424743652 2.2352461814880371094 1.3704837560653686523 1.409210205078125 1.4682521820068359375 1.536285400390625 0.54721683263778686523 0 0.55207473039627075195 1.2367659807205200195 0.54345911741256713867 0.54038715362548828125 0.52984678745269775391 0.50903040170669555664 0 0.53107076883316040039 0.92603969573974609375 1.2381224632263183594 1.4785588979721069336 1.6469320058822631836 1.7528635263442993164 0 0 1.445896148681640625 0.58436053991317749023 1.058293461799621582 1.4344522953033447266
-9999 -9999 -9999 -9999 -9999 -9999 -9999 -9999 -9999 0 6.8389101028442382812 1.14830780029296875 0.46571215987205505371 0 0.7794348597526550293 1.2051523923873901367 0 2.4433379173278808594 1.3378260135650634766 1.362057805061340332 1.4147460460662841797 1.4822893142700195312 0 0 0.55383020639419555664 0.95510601997375488281 0 0 0 0 0 0.51034414768218994141 0.89284032583236694336 1.1920539140701293945 1.4316616058349609375 1.6194115877151489258 1.7576924562454223633 0 1.8088840246200561523 0.56542354822158813477 0.58243936300277709961 1.6389385461807250977 1.8134214878082275391 1.9603755474090576172
-9999 -9999 -9999 -9999 -9999 -9999 -9999 -9999 1.7428388595581054688 3.4773385524749755859 4.97293853759765625 1.0248585939407348633 0 0.47211048007011413574 1.1352090835571289062 1.2425545454025268555 2.6009690761566162109 1.3430196046829223633 1.3551114797592163086 1.3931005001068115234 1.4369370937347412109 0.53771102428436279297 0.92659366130828857422 1.2114055156707763672 1.4216127395629882812 8.457408905029296875 9.482372283935546875 8.8461694717407226562 8.1340513229370117188 7.3404545783996582031 6.4532179832458496094 5.5010690689086914062 4.5258111953735351562 3.5481355190277099609 2.6028132438659667969 1.8609254360198974609 1.8817447423934936523 3.7924451828002929688 4.2861914634704589844 5.9903011322021484375 6.7786612510681152344 7.533786773681640625 7.1806097030639648438 6.7682561874389648438
-9999 -9999 -9999 -9999 -9999 -9999 -9999 0 1.7411888837814331055 4.7884850502014160156 0.49334961175918579102 0.80813950300216674805 0 1.0161767005920410156 1.1740279197692871094 1.3179950714111328125 1.3499983549118041992 1.3734225034713745117 1.4166673421859741211 1.4091509580612182617 0 0 0.54301065206527709961 6.3166370391845703125 7.3576574325561523438 1.4423683881759643555 0.95733249187469482422 1.241611480712890625 1.4358484745025634766 1.5545686483383178711 1.6051152944564819336 1.6245656013488769531 1.6531194448471069336 1.7027436494827270508 1.7712848186492919922 1.8464877605438232422 1.9140219688415527344 1.9645974636077880859 1.9932758808135986328 2.0104906558990478516 2.0317456722259521484 2.058208465576171875 2.0837960243225097656 2.1049861907958984375
-9999 -9999 -9999 -9999 -9999 -9999 -9999 0 0.076431967318058013916 4.8927631378173828125 0 0.47612652182579040527 0.80540257692337036133 1.0484048128128051758 1.2850444316864013672 1.3394156694412231445 1.3773450851440429688 1.4667310714721679688 1.3913717269897460938 1.4222403764724731445 2.9198889732360839844 4.3356647491455078125 5.6949710845947265625 1.2366549968719482422 1.2391046285629272461 0.55088961124420166016 0 0.55708152055740356445 0.96070462465286254883 1.2464793920516967773 1.432168126106262207 1.5540090799331665039 1.6488206386566162109 1.7301908731460571289 1.8027576208114624023 1.8657892942428588867 20.510831832885742188 21.3231964111328125 22.125209808349609375 22.92400360107421875 23.732683181762695312 24.547275543212890625 25.357822418212890625 23.867639541625976562
-9999 -9999 -9999 -9999 -9999 -9999 -9999 0 4.3500518798828125 1.0257498025894165039 0 0.4789867401123046875 0.82988214492797851562 1.2020022869110107422 1.2913410663604736328 1.3567622900009155273 1.543820500373840332 1.3476760387420654297 1.3866940736770629883 1.4081585407257080078 1.4453157186508178711 1.5012480020523071289 0.94634401798248291016 0.95550477504730224609 0 0 0.55990022420883178711 0.97124963998794555664 1.2678221464157104492 1.4732317924499511719 1.6049958467483520508 1.6872639656066894531 1.7451866865158081055 17.985181808471679688 18.891263961791992188 19.773977279663085938 2.0447585582733154297 2.0759484767913818359 2.1069900989532470703 2.1400787830352783203 2.1788191795349121094 2.2228312492370605469 2.2651476860046386719 4.6056790351867675781
-9999 -9999 -9999 -9999 -9999 -9999 0 3.9034960269927978516 0.81090360879898071289 0.82832026481628417969 0 0.49919098615646362305 1.0459809303283691406 1.1824792623519897461 1.2927851676940917969 1.6769070625305175781 1.2617986202239990234 1.337340235710144043 1.3726410865783691406 1.3988773822784423828 1.4396965503692626953 0.54213392734527587891 0.55090755224227905273 0.55523204803466796875 0.95411163568496704102 1.2436063289642333984 1.4599239826202392578 1.6153035163879394531 1.7136142253875732422 1.769778132438659668 1.8005800247192382812 16.199235916137695312 17.226106643676757812 2.0127177238464355469 2.0299704074859619141 2.04843902587890625 2.0649516582489013672 2.0813562870025634766 2.1018471717834472656 2.1304156780242919922 2.1703672409057617188 2.2126872539520263672 2.2555470466613769531 2.2965266704559326172
-9999 -9999 -9999 -9999 -9999 -9999 3.1623382568359375 2.0720775127410888672 0.48869574069976806641 0.49308848381042480469 0 0.80441784858703613281 1.0023648738861083984 1.1803454160690307617 1.8597832918167114258 1.0993294715881347656 1.2443088293075561523 1.327335357666015625 1.3709721565246582031 1.4005610942840576172 0 0 0 0 0.55487173795700073242 0.9617049098014831543 1.2678811550140380859 11.839817047119140625 13.018777847290039062 14.16455841064453125 15.293414115905761719 2.0108253955841064453 2.0264682769775390625 2.0408666133880615234 2.0517280101776123047 2.0590879917144775391 2.0645375251770019531 2.0724408626556396484 2.0892884731292724609 2.1220390796661376953 2.157405853271484375 2.1979091167449951172 2.2378277778625488281 2.2771718502044677734
-9999 -9999 -9999 -9999 -9999 0 1.5442904233932495117 2.1542344093322753906 0 0 0.46469917893409729004 0.75990825891494750977 1.0469301939010620117 2.0796892642974853516 0.84189957380294799805 1.0702412128448486328 1.2195479869842529297 1.3127938508987426758 1.3626326322555541992 1.3925501108169555664 2.868152618408203125 4.2593760490417480469 5.6033201217651367188 7.5684504508972167969 8.6480073928833007812 9.8106784820556640625 11.009044647216796875 1.8570562601089477539 1.903525233268737793 1.9510003328323364258 1.9872243404388427734 2.0136084556579589844 2.0345876216888427734 2.0450017452239990234 2.0488159656524658203 2.0488893985748291016 2.0484108924865722656 2.0532491207122802734 2.0803034305572509766 2.1063342094421386719 2.1430752277374267578 2.1788153648376464844 2.2162046432495117188 2.2508511543273925781
-9999 -9999 -9999 -9999 2.2301809787750244141 1.2270476818084716797 0.78448414802551269531 1.6232976913452148438 0 0 0.44556367397308349609 0.91588050127029418945 2.3101253509521484375 0.48661386966705322266 0.8181552886962890625 1.0397768020629882812 1.1877276897430419922 1.2852542400360107422 1.3359332084655761719 1.3592927455902099609 1.3940016031265258789 1.4439432621002197266 2.4497275352478027344 1.2799111604690551758 1.5076097249984741211 1.6560242176055908203 1.7452334165573120117 1.8072459697723388672 1.8733190298080444336 1.9207106828689575195 1.9583464860916137695 1.9955009222030639648 2.0152964591979980469 2.0229547023773193359 2.0229430198669433594 2.0194270610809326172 2.0171830654144287109 2.0428283214569091797 2.0559701919555664062 2.0903553962707519531 2.1217563152313232422 2.1569278240203857422 2.1904892921447753906 2.2187290191650390625
-9999 -9999 -9999 -9999 0.49546018242835998535 1.1787699460983276367 0.45747825503349304199 0.67674261331558227539 0.43196398019790649414 0 0.77119606733322143555 2.5127270221710205078 0 0.47149056196212768555 0.78733301162719726562 0.99681288003921508789 1.1445840597152709961 1.2434670925140380859 1.2777485847473144531 1.2955777645111083984 1.3240065574645996094 2.6212046146392822266 0.96568948030471801758 1.2569096088409423828 1.4507483243942260742 1.5693222284317016602 1.6461400985717773438 1.7321240901947021484 1.7935234308242797852 1.8461304903030395508 1.9029468297958374023 1.9364287853240966797 1.9545071125030517578 1.9616167545318603516 1.9613665342330932617 1.9589231014251708984 1.9990053176879882812 1.9994634389877319336 2.0344524383544921875 2.0600349903106689453 2.0936353206634521484 2.1281678676605224609 2.1573922634124755859 2.1799471378326416016
-9999 -9999 -9999 0 1.2218198776245117188 1.0627603530883789062 0 0.39251756668090820312 0 0.582126617431640625 1.6740933656692504883 0.80602717399597167969 0 0.44891014695167541504 0.73945736885070800781 0.94333630800247192383 1.0914098024368286133 1.1544866561889648438 1.1760183572769165039 1.1860270500183105469 2.7503709793090820312 0.54433476924896240234 0.92532110214233398438 1.1766400337219238281 1.3262972831726074219 1.4171876907348632812 1.5282759666442871094 1.6000163555145263672 1.666257023811340332 1.7509216070175170898 1.8015352487564086914 1.8317655324935913086 1.8482936620712280273 1.8548829555511474609 1.856362462043762207 1.9283843040466308594 1.9182285070419311523 1.9661296606063842773 1.9876266717910766602 2.0188314914703369141 2.0536582469940185547 2.0868825912475585938 2.1117880344390869141 2.1330230236053466797
-9999 -9999 -9999 0 1.2078523635864257812 0.36112082004547119141 0 0 0.33819329738616943359 0.35671630501747131348 1.0718559026718139648 0.66972440481185913086 0 0.41098454594612121582 0.68523859977722167969 0.88936316967010498047 0.9690100550651550293 1.0029021501541137695 1.0171617269515991211 2.8245935440063476562 0 0.51010650396347045898 0.84485483169555664062 1.034572601318359375 1.1300985813140869141 1.2720719575881958008 1.3530392646789550781 1.4289689064025878906 1.5456933975219726562 1.6166403293609619141 1.6622184514999389648 1.6899466514587402344 1.7029525041580200195 1.7061790227890014648 1.8280997276306152344 1.7953176498413085938 1.8674046993255615234 1.8895325660705566406 1.9259998798370361328 1.9598619937896728516 1.9930324554443359375 2.0213382244110107422 2.0459895133972167969 2.1267378330230712891
-9999 -9999 2.7555165290832519531 0 0.36539542675018310547 0.31404983997344970703 0 0 0 0 0.74017661809921264648 0.52595824003219604492 0 0.37306934595108032227 0.64226192235946655273 0.72633069753646850586 0.75664567947387695312 0.77136760950088500977 1.5740487575531005859 1.0163859128952026367 0 0.46030828356742858887 0.71041643619537353516 0.80005699396133422852 0.97783249616622924805 1.0600557327270507812 1.1416925191879272461 1.2974160909652709961 1.3840225934982299805 1.4444873332977294922 1.4861224889755249023 1.5083782672882080078 1.5128096342086791992 1.7097926139831542969 1.6322635412216186523 1.7376959323883056641 1.7490912675857543945 1.7976431846618652344 1.8411012887954711914 1.8734999895095825195 1.8979928493499755859 1.9232748746871948242 2.0502305030822753906 2.0489141941070556641
-9999 -9999 5.5229735374450683594 0.41745713353157043457 0 0 0 0 0.36273360252380371094 0.53231853246688842773 0 0.33344274759292602539 0 0.35438686609268188477 0.41701915860176086426 0.44084319472312927246 0.44214072823524475098 0.45265677571296691895 0.47003766894340515137 0.83113914728164672852 0 0.35961872339248657227 0.42687708139419555664 0.66377991437911987305 0.73539495468139648438 0.80856972932815551758 1.0142178535461425781 1.1072829961776733398 1.1721249818801879883 1.2227163314819335938 1.2552541494369506836 1.2665829658508300781 1.5839055776596069336 1.4334791898727416992 1.5927425622940063477 1.5736087560653686523 1.6273282766342163086 1.6822670698165893555 1.7221722602844238281 1.7431696653366088867 1.7623103857040405273 1.9539762735366821289 1.9246639013290405273 1.9718248844146728516
-9999 0 5.9566826820373535156 0.75311422348022460938 0 0 0 0 -9999 -9999 -9999 0 0 0 0 0 0 0 0 0 0 0 0.33558344841003417969 0.38973292708396911621 0.4411436915397644043 0.71161359548568725586 0.79382354021072387695 0.84800046682357788086 0.89423668384552001953 0.92846989631652832031 0.94429475069046020508 1.4487287998199462891 1.1925628185272216797 1.4419783353805541992 1.3660075664520263672 1.4188917875289916992 1.4787715673446655273 1.5258529186248779297 1.5467168092727661133 1.5588116645812988281 1.8451331853866577148 1.7592638731002807617 1.812089085578918457 1.6819083690643310547
-9999 2.896854400634765625 0.93545615673065185547 0 0 0 -9999 -9999 -9999 -9999 -9999 -9999 0 0 0.40554204583168029785 0.66008490324020385742 0 0.44208392500877380371 0.73556303977966308594 0.89520573616027832031 0 0 0 0 0.38959014415740966797 0.44232401251792907715 0.46960225701332092285 0.49615657329559326172 0.51989513635635375977 0.5310567021369934082 1.3025102615356445312 0.88767701387405395508 1.2891916036605834961 1.1174945831298828125 1.1641732454299926758 1.2224831581115722656 1.2717738151550292969 1.2952828407287597656 1.3023673295974731445 1.7263623476028442383 1.5454106330871582031 1.5994662046432495117 1.4089648723602294922 1.4163745641708374023
