tests/data/reference/gistest_nucice/full/control/cvin_m3.asc
ncols        125
nrows        78
xllcorner    -713756.799299980048
yllcorner    -1061032.369616159936
cellsize     10.000000000000
NODATA_value  -9999
[rows 38 to 56 of 78, columns 44 to 87 of 125]
1.0826669931411743164 1.6102477312088012695 2.1290965080261230469 2.6397328376770019531 3.1421153545379638672 0 0 0 0 0.55802541971206665039 1.1068894863128662109 1.648242950439453125 240.3199310302734375 249.75457763671875 260.4278564453125 270.2242431640625 280.056243896484375 289.566986083984375 296.772674560546875 303.968994140625 311.15008544921875 318.347503662109375 323.44549560546875 328.53875732421875 333.628662109375 333.738433837890625 970.07525634765625 980.457275390625 11.778237342834472656 10.790904045104980469 10.105805397033691406 122.99289703369140625 8.7054510116577148438 7.4928493499755859375 7.842876434326171875 6.9972934722900390625 79.1459197998046875 6.5111589431762695312 18.072610855102539062 48.586208343505859375 1.0831801891326904297 0.5484568476676940918 0 2.680454254150390625
1.0873590707778930664 1.6194872856140136719 2.144313812255859375 2.6599016189575195312 3.1659429073333740234 3.6630747318267822266 4.1516180038452148438 4.6317563056945800781 5.1051325798034667969 5.5726528167724609375 229.0579681396484375 238.0281524658203125 8.8644857406616210938 10.140777587890625 9.2436275482177734375 9.2838487625122070312 8.9625291824340820312 6.6235752105712890625 6.62245941162109375 6.6156439781188964844 6.6129345893859863281 4.4862017631530761719 4.4907412528991699219 4.4961962699890136719 4.5044722557067871094 11.628957748413085938 17.039655685424804688 17.467954635620117188 998.2982177734375 1010.392333984375 1021.515869140625 1031.959228515625 132.425567626953125 7.95052337646484375 8.2974834442138671875 7.4639048576354980469 79.392364501953125 6.9622349739074707031 17.968563079833984375 48.44968414306640625 2.6930170059204101562 0.54911637306213378906 0 3.1927423477172851562
1.5946421623229980469 2.109272003173828125 2.6171331405639648438 3.1202690601348876953 3.6159768104553222656 4.1044778823852539062 4.5860137939453125 5.0608158111572265625 5.5290384292602539062 222.901123046875 8.4799137115478515625 8.491794586181640625 9.7973661422729492188 8.8738622665405273438 8.9119739532470703125 8.5823278427124023438 6.200092315673828125 6.1985149383544921875 6.1914076805114746094 6.1881380081176757812 4.0163068771362304688 4.0210704803466796875 4.0265283584594726562 4.0348424911499023438 6.1964802742004394531 4.4936470985412597656 62.75952911376953125 72.04468536376953125 76.8814697265625 81.2518157958984375 81.52280426025390625 0 1032.4417724609375 141.0999603271484375 8.74599456787109375 7.9238567352294921875 0 86.6282806396484375 19.068281173706054688 48.72193145751953125 4.2909107208251953125 0 0.54959118366241455078 3.6971454620361328125
3.5324881076812744141 4.0024399757385253906 4.465610504150390625 4.9231700897216796875 5.3758759498596191406 5.8252506256103515625 6.2701516151428222656 208.54400634765625 216.781707763671875 8.1042642593383789062 8.114604949951171875 9.4501628875732421875 8.5005693435668945312 8.537021636962890625 8.1991100311279296875 5.7727422714233398438 5.7704935073852539062 5.7627124786376953125 5.7583980560302734375 3.5397067070007324219 3.5440781116485595703 3.5487394332885742188 3.5562083721160888672 5.7626323699951171875 4.0236759185791015625 62.51570892333984375 8.6031637191772460938 4.0596632957458496094 3.5981800556182861328 3.5978193283081054688 9.0907411575317382812 13.183492660522460938 3.6469526290893554688 1032.354736328125 141.3567962646484375 9.183216094970703125 8.3734693527221679688 88.280181884765625 19.399244308471679688 49.001094818115234375 5.3408107757568359375 0 1.0888082981109619141 4.1940989494323730469
40.747894287109375 40.958728790283203125 41.16591644287109375 41.3703460693359375 41.572086334228515625 41.772167205810546875 201.6871337890625 7.7132897377014160156 7.7232713699340820312 7.7323985099792480469 9.098728179931640625 8.1230249404907226562 8.1582279205322265625 7.8125205039978027344 5.3415713310241699219 5.338848114013671875 5.330478668212890625 5.3248920440673828125 3.0575807094573974609 3.0611276626586914062 3.0645976066589355469 3.0707805156707763672 5.3228754997253417969 3.546234130859375 62.265323638916015625 8.2137613296508789062 3.5787243843078613281 3.1077950000762939453 3.1081435680389404297 4.5186009407043457031 3.1187758445739746094 3.1435656547546386719 3.1521565914154052734 6.8161177635192871094 1032.2645263671875 141.593841552734375 150.9758453369140625 96.41778564453125 19.740797042846679688 49.335079193115234375 5.8312821388244628906 0.55074000358581542969 1.6192299127578735352 4.6836075782775878906
8.52123260498046875 8.9108333587646484375 9.2954988479614257812 9.6760606765747070312 10.052776336669921875 159.562957763671875 7.3257145881652832031 7.3363289833068847656 7.3445439338684082031 8.74285125732421875 7.7409801483154296875 7.77500152587890625 7.4215521812438964844 4.9055800437927246094 4.9028773307800292969 4.8943309783935546875 4.8878636360168457031 2.5705592632293701172 2.5729570388793945312 2.5748012065887451172 2.5794091224670410156 4.8784584999084472656 3.0627689361572265625 62.010509490966796875 7.8198575973510742188 3.0906243324279785156 2.6091115474700927734 2.6089103221893310547 4.0472435951232910156 2.6181786060333251953 2.6294412612915039062 2.6386327743530273438 2.6536078453063964844 2.6546585559844970703 5.8285675048828125 8.1036481857299804688 0 152.075592041015625 96.5907135009765625 69.74050140380859375 6.3284254074096679688 1.0898935794830322266 2.1403653621673583984 5.1651396751403808594
113.90856170654296875 114.1009368896484375 114.28905487060546875 141.9063568115234375 148.9787445068359375 6.9314861297607421875 6.9431681632995605469 6.9507455825805664062 8.38173675537109375 7.3535795211791992188 7.3866014480590820312 7.02513885498046875 4.4628434181213378906 4.460590362548828125 4.45221710205078125 4.4451379776000976562 2.0768892765045166016 2.0788660049438476562 2.0792126655578613281 2.0820524692535400391 4.4295830726623535156 2.5736546516418457031 61.752201080322265625 7.4224209785461425781 2.5965640544891357422 2.1040253639221191406 2.1029534339904785156 3.5694434642791748047 2.1095309257507324219 2.1193115711212158203 2.1277432441711425781 2.1315138339996337891 2.13405609130859375 2.1468408107757568359 2.1482479572296142578 5.5442299842834472656 6.6441025733947753906 7.0659842491149902344 151.807647705078125 166.8134002685546875 6.8168859481811523438 1.616358637809753418 2.6510910987854003906 5.6386394500732421875
13.479369163513183594 20.264801025390625 27.080104827880859375 6.4940686225891113281 6.5279107093811035156 6.5407209396362304688 6.5496368408203125 8.0151510238647460938 6.9602589607238769531 6.9922633171081542969 6.6228990554809570312 4.0127701759338378906 4.0106501579284667969 4.00252532958984375 3.9948937892913818359 1.5737750530242919922 1.5759677886962890625 1.5759621858596801758 1.5776689052581787109 3.9757032394409179688 2.0782680511474609375 61.49010467529296875 7.0214943885803222656 2.0964448451995849609 1.5927474498748779297 1.591007232666015625 3.0863885879516601562 1.5942146778106689453 1.6020287275314331055 1.60913848876953125 1.6118209362030029297 1.613974452018737793 1.6177451610565185547 1.6201835870742797852 5.5021200180053710938 0.13273292779922485352 1.364815831184387207 1.878916621208190918 2.3990573883056640625 2.9158778190612792969 174.2733001708984375 2.1431736946105957031 3.1541054248809814453 6.1056857109069824219
5.997344970703125 6.0363726615905761719 6.0811390876770019531 6.1147670745849609375 6.1277031898498535156 6.1374030113220214844 7.6393785476684570312 6.5588746070861816406 6.5903029441833496094 6.2132029533386230469 3.554805755615234375 3.5534014701843261719 3.5450911521911621094 3.5364232063293457031 1.0604311227798461914 1.0625178813934326172 1.0620867013931274414 1.0632181167602539062 3.5147383213043212891 1.5749332904815673828 61.222354888916015625 6.6156744956970214844 1.5885007381439208984 1.0734962224960327148 1.0719009637832641602 2.5977811813354492188 1.0718467235565185547 1.0769823789596557617 1.0826537609100341797 1.0843846797943115234 1.0850528478622436523 1.08785247802734375 1.0909316539764404297 5.03995513916015625 0 0 0 0.55838388204574584961 1.1051131486892700195 1.6432087421417236328 2.1747884750366210938 2.6622307300567626953 3.6665577888488769531 6.567230224609375
5.616779327392578125 5.659912109375 5.6928167343139648438 5.7055768966674804688 5.7152557373046875 7.2533245086669921875 6.146221160888671875 6.1782851219177246094 5.7935948371887207031 3.0850384235382080078 3.0864431858062744141 3.0796921253204345703 3.0693452358245849609 0.53573435544967651367 0.53765147924423217773 0.53712218999862670898 0.53735500574111938477 3.044281005859375 1.0613523721694946289 60.947444915771484375 6.2037115097045898438 1.0702335834503173828 0.54337751865386962891 0.54248380661010742188 2.1014997959136962891 0.54165184497833251953 0.54350310564041137695 0.54678374528884887695 0.54801779985427856445 0.54790097475051879883 0.54886871576309204102 0.55060595273971557617 4.5693650245666503906 0 0.55232214927673339844 0.64271134138107299805 0.72661119699478149414 1.2152389287948608398 1.7132053375244140625 2.2122702598571777344 2.7108647823333740234 5.9012589454650878906 10.556500434875488281 7.0414786338806152344
5.2316951751708984375 5.2630000114440917969 5.2749767303466796875 5.284332275390625 6.8590459823608398438 5.7237114906311035156 5.7553396224975585938 5.3629121780395507812 2.6016135215759277344 2.6045489311218261719 2.6014575958251953125 2.5925951004028320312 0 0 0 0 2.5640723705291748047 0.53626221418380737305 60.66324615478515625 5.7853055000305175781 0.54077380895614624023 0 0 1.5937725305557250977 0 0 0 0 0 0 0 4.0916604995727539062 0.55186444520950317383 1.0936319828033447266 1.6267622709274291992 28.375940322875976562 34.41486358642578125 34.74491119384765625 35.07547760009765625 35.405956268310546875 35.73601531982421875 36.0652618408203125 0 7.505542755126953125
4.8266696929931640625 4.8372244834899902344 4.8454899787902832031 6.4571685791015625 5.2926411628723144531 5.3232579231262207031 4.9218049049377441406 2.1048913002014160156 2.1085383892059326172 2.1074788570404052734 2.1017692089080810547 0 0.53274214267730712891 1.0567731857299804688 1.570498347282409668 2.0729060173034667969 0 60.368560791015625 5.3595089912414550781 0 0 0.54292535781860351562 1.0742144584655761719 0 0.54228663444519042969 1.0730459690093994141 1.5944513082504272461 2.1084413528442382812 2.6152286529541015625 3.1145246028900146484 3.6066267490386962891 0 0 7.7803015708923339844 26.762907028198242188 5.7153553962707519531 1.6344360113143920898 2.1678900718688964844 2.7029149532318115234 3.2325479984283447266 3.7574689388275146484 4.2780470848083496094 36.389797210693359375 0.54094016551971435547
4.3931474685668945312 4.3999943733215332031 6.0489287376403808594 4.8535823822021484375 4.8826498985290527344 4.4717564582824707031 1.5960893630981445312 1.5993901491165161133 1.5996783971786499023 1.5961364507675170898 21.934556961059570312 22.30210113525390625 22.659574508666992188 23.008441925048828125 23.34873199462890625 23.680479049682617188 60.062267303466796875 4.9262342453002929688 0 0.5391330718994140625 1.0681617259979248047 1.5875748395919799805 2.0971088409423828125 2.5964372158050537109 3.0862772464752197266 3.5677421092987060547 4.0423908233642578125 4.5117974281311035156 4.9764509201049804688 5.4366002082824707031 5.8923945426940917969 6.3428702354431152344 6.7873663902282714844 18.204706192016601562 4.6155371665954589844 1.099829554557800293 0 0.55364978313446044922 1.1061774492263793945 1.6529043912887573242 2.1946814060211181641 2.7312905788421630859 8.048274993896484375 36.702121734619140625
3.9479699134826660156 5.6351742744445800781 4.4076671600341796875 4.4341220855712890625 4.0128893852233886719 1.0760474205017089844 1.0783761739730834961 1.0788595676422119141 1.07711029052734375 21.555009841918945312 4.4835958480834960938 9.4129972457885742188 10.386873245239257812 15.734961509704589844 26.303295135498046875 35.708099365234375 4.4846539497375488281 4.000919342041015625 4.4497742652893066406 4.8927235603332519531 5.3304815292358398438 5.7623047828674316406 6.1873183250427246094 6.6051359176635742188 7.0160918235778808594 15.263869285583496094 15.649704933166503906 16.028711318969726562 16.402486801147460938 16.772287368774414062 17.138702392578125 17.500291824340820312 17.855524063110351562 4.1355080604553222656 0 0 0.5534572601318359375 1.09821319580078125 1.6361058950424194336 2.17749786376953125 2.7142710685729980469 3.2457983493804931641 3.7699258327484130859 8.5433435440063476562
5.2151436805725097656 3.9549143314361572266 3.9783954620361328125 3.5457131862640380859 0.54415708780288696289 0.54557728767395019531 0.5458825230598449707 0.54501694440841674805 21.164106369018554688 4.0244722366333007812 4.0210618972778320312 0 4.4801359176635742188 9.7557210922241210938 8.6503467559814453125 4.0328240394592285156 3.54315185546875 4.4717116355895996094 4.9135198593139648438 5.350215911865234375 5.7820558547973632812 6.2077822685241699219 6.6267685890197753906 7.038906097412109375 7.4442944526672363281 0 0.54526472091674804688 1.0814709663391113281 1.610083460807800293 2.1322371959686279297 2.6476857662200927734 3.1536276340484619141 3.6488754749298095703 0 0.55004233121871948242 1.6498656272888183594 2.170017242431640625 2.6984567642211914062 3.2235572338104248047 3.7452721595764160156 4.274478912353515625 4.7978100776672363281 5.3141994476318359375 4.2825613021850585938
3.4937345981597900391 3.5146474838256835938 3.07012176513671875 0 0 0 0 20.761713027954101562 3.55599212646484375 3.5533015727996826172 3.5514481067657470703 4.0203194618225097656 9.3365926742553710938 8.2705402374267578125 3.5708508491516113281 3.0746777057647705078 4.021572113037109375 5.37696075439453125 9.7873945236206054688 10.207383155822753906 10.6210479736328125 11.027569770812988281 11.427426338195800781 11.820790290832519531 12.207592010498046875 12.588314056396484375 12.964373588562011719 13.337060928344726562 13.706543922424316406 14.072852134704589844 14.434238433837890625 26.05533599853515625 26.931379318237304688 27.2576446533203125 27.579553604125976562 28.6793212890625 28.9798736572265625 29.291286468505859375 29.60343170166015625 29.915012359619140625 30.224527359008789062 30.581645965576171875 30.933412551879882812 5.8209853172302246094
3.0413517951965332031 2.5852105617523193359 2.5890624523162841797 3.0757310390472412109 3.5544996261596679688 14.108939170837402344 20.347286224365234375 3.0782461166381835938 3.0764915943145751953 3.0741946697235107422 4.917415618896484375 8.9047708511352539062 7.8807668685913085938 3.0980808734893798828 2.5954282283782958984 3.5612392425537109375 4.941501617431640625 3.5209319591522216797 6.2510862350463867188 6.6693558692932128906 7.0824303627014160156 7.4895467758178710938 7.8906707763671875 8.2852001190185546875 8.6732740402221679688 9.0560579299926757812 9.4348688125610351562 9.8105010986328125 10.1828460693359375 10.551713943481445312 10.915182113647460938 0 0 0.54910665750503540039 1.0918741226196289062 2.1917014122009277344 2.7064211368560791016 3.2299933433532714844 3.7500736713409423828 4.2662229537963867188 4.7777185440063476562 5.2832231521606445312 5.7955226898193359375 37.57907867431640625
2.0901567935943603516 2.0932610034942626953 3.5374214649200439453 6.5907921791076660156 9.635654449462890625 5.3669605255126953125 2.5911438465118408203 2.5903346538543701172 2.5878393650054931641 4.4676737785339355469 3.0654225349426269531 7.4805445671081542969 2.6118206977844238281 2.1042280197143554688 3.0902378559112548828 4.496463775634765625 3.0503833293914794922 5.8274507522583007812 0 7.5999441146850585938 11.603690147399902344 12.044915199279785156 19.572538375854492188 30.256692886352539062 30.604396820068359375 30.944278717041015625 31.27869415283203125 31.608968734741210938 31.935466766357421875 32.258319854736328125 32.57602691650390625 32.886264801025390625 33.193729400634765625 33.49848175048828125 33.80035400390625 33.67003631591796875 33.94081878662109375 34.215473175048828125 34.490142822265625 34.764331817626953125 35.03765106201171875 35.308979034423828125 35.577190399169921875 35.901744842529296875
1.5873551368713378906 3.0617969036102294922 2.0891892910003662109 2.0898752212524414062 4.9241437911987304688 2.0938632488250732422 2.0941841602325439453 2.0919919013977050781 4.0099725723266601562 2.5777046680450439453 7.0727877616882324219 2.1118447780609130859 1.5988132953643798828 2.6073422431945800781 4.0412755012512207031 2.5696096420288085938 5.3963465690612792969 3.0531651973724365234 6.5939068794250488281 3.0727064609527587891 3.0756256580352783203 6.6314754486083984375 9.9052972793579101562 3.5467536449432373047 7.5665035247802734375 8.0210819244384765625 8.467372894287109375 8.9070873260498046875 9.3412046432495117188 9.7703657150268554688 10.194104194641113281 10.612427711486816406 11.026971817016601562 11.436983108520507812 11.415927886962890625 11.374225616455078125 11.732131004333496094 12.094751358032226562 12.458102226257324219 12.821308135986328125 13.184396743774414062 13.546885490417480469 13.907696723937988281 14.265977859497070312
