tests/data/reference/gistest_nucice/full/control/cvin_m3.asc
ncols        123
nrows        77
xllcorner    -713746.799299980048
yllcorner    -1061022.369616159936
cellsize     10.000000000000
NODATA_value -9999
[rows 19 to 37 of 77, columns 44 to 87 of 123]
3.938350677490234375 2.0914282798767089844 2.5642132759094238281 4.4891538619995117188 1.0707261562347412109 0 0.54289776086807250977 1.5755769014358520508 2.0653882026672363281 4.2460436820983886719 2.5661067962646484375 1.6011267900466918945 1.6061403751373291016 1.0837494134902954102 0.54728066921234130859 0.5469697117805480957 0.54649746417999267578 0.54575210809707641602 0.54468351602554321289 3.6300377845764160156 1.0702702999114990234 1.0664317607879638672 1.0629392862319946289 6.4234919548034667969 1.5645453929901123047 12.091082572937011719 1.5429651737213134766 1.5317759513854980469 0 0.51696550846099853516 75.04006195068359375 8.6960964202880859375 1.5872646570205688477 1.0622524023056030273 0.53373777866363525391 0 -9999 -9999 -9999 -9999 -9999 -9999 -9999 -9999
4.4063620567321777344 2.6009106636047363281 3.0607776641845703125 4.9542412757873535156 1.5943526029586791992 0 0.54547017812728881836 1.0748338699340820312 2.0833196640014648438 2.5620098114013671875 4.6833157539367675781 3.05602264404296875 2.1143310070037841797 2.1205263137817382812 1.6082073450088500977 1.0818393230438232422 1.0810583829879760742 1.0799410343170166016 1.0783452987670898438 1.0760592222213745117 4.1065273284912109375 1.5868096351623535156 1.5821052789688110352 1.5781775712966918945 8.915264129638671875 12.4722137451171875 2.0399715900421142578 2.0251042842864990234 0.52047914266586303711 0 0 75.2703704833984375 11.24515533447265625 1.5856536626815795898 1.0645577907562255859 0.54295241832733154297 0 0 -9999 -9999 -9999 -9999 -9999 -9999
4.8709664344787597656 3.1056799888610839844 3.5531015396118164062 5.4154958724975585938 2.1112663745880126953 0.54740232229232788086 0 1.0797919034957885742 1.5968223810195922852 2.5826020240783691406 3.0508439540863037109 5.1154537200927734375 3.5384454727172851562 2.6183724403381347656 2.62529754638671875 2.1222865581512451172 1.6051204204559326172 1.6035573482513427734 1.6013942956924438477 1.5988364219665527344 1.5957546234130859375 4.5740556716918945312 2.0937938690185546875 2.0882732868194580078 11.415911674499511719 12.848375320434570312 2.5317690372467041016 2.5143060684204101562 1.0469497442245483398 0.52176243066787719727 0 0.52014851570129394531 75.4898834228515625 11.681051254272460938 3.6855881214141845703 1.0790086984634399414 0.54460030794143676758 0.53916716575622558594 0 -9999 -9999 -9999 -9999 -9999
5.3323988914489746094 3.6058826446533203125 4.0410742759704589844 5.8726305961608886719 2.6216764450073242188 1.0848089456558227539 0.54806655645370483398 0 1.6039603948593139648 2.1091887950897216797 3.0739436149597167969 3.5325193405151367188 5.5424599647521972656 4.0132837295532226562 3.1134171485900878906 3.1207246780395507812 2.6262056827545166016 2.1175403594970703125 2.1152088642120361328 2.1123788356781005859 2.1092324256896972656 2.1053607463836669922 5.0331063270568847656 2.5903580188751220703 14.407884597778320312 13.221323966979980469 3.0186736583709716797 2.9973788261413574219 1.5675510168075561523 1.0467361211776733398 0.53202188014984130859 1.0406212806701660156 0 75.703125 12.103418350219726562 5.7835793495178222656 1.0821660757064819336 1.0742646455764770508 0.54242044687271118164 0 -9999 -9999 -9999 -9999
5.79038238525390625 4.1011743545532226562 4.5245661735534667969 6.3251757621765136719 3.1253495216369628906 1.6132241487503051758 1.08539581298828125 0 0.5480403900146484375 2.1185564994812011719 2.6130185127258300781 3.5579857826232910156 4.0069074630737304688 5.9639048576354980469 4.4804511070251464844 3.5995450019836425781 3.606822967529296875 3.1204068660736083984 2.6201815605163574219 2.6173393726348876953 2.6137342453002929688 2.6096649169921875 2.6046731472015380859 5.4824848175048828125 17.88257598876953125 13.590610504150390625 3.4991230964660644531 3.4745573997497558594 2.0815076828002929688 1.5668797492980957031 1.0586646795272827148 1.5534090995788574219 0 0.53229129314422607422 75.90904998779296875 12.514840126037597656 7.8707752227783203125 1.6023271083831787109 1.076138615608215332 0.54025501012802124023 0 0 -9999 -9999
6.2441020011901855469 4.5908818244934082031 5.0032944679260253906 6.7726426124572753906 3.6219012737274169922 2.1328599452972412109 0 1.6129394769668579102 0.54864877462387084961 1.0849111080169677734 2.6246819496154785156 3.1086969375610351562 4.0342721939086914062 4.4737439155578613281 6.3796987533569335938 4.9400300979614257812 4.0768542289733886719 4.0839891433715820312 3.6055879592895507812 3.1133768558502197266 3.1097538471221923828 3.1052656173706054688 3.099979400634765625 3.0929799079895019531 24.19231414794921875 13.954361915588378906 3.9739580154418945312 3.9472370147705078125 2.5890157222747802734 2.0801565647125244141 1.5798523426055908203 2.0616590976715087891 0.54100334644317626953 1.054677128791809082 0 76.1077880859375 12.912976264953613281 8.3298788070678710938 3.7182171344757080078 1.0721992254257202148 0.53991717100143432617 0.52724462747573852539 0 -9999
6.6935782432556152344 5.0751504898071289062 5.4771265983581542969 7.215015411376953125 4.1115822792053222656 2.64447784423828125 0.54942268133163452148 0 2.1315100193023681641 1.0865736007690429688 1.6120172739028930664 3.1224138736724853516 3.5960640907287597656 4.5028738975524902344 4.9331426620483398438 6.7895574569702148438 5.3917112350463867188 4.54549407958984375 4.5526742935180664062 4.0819339752197265625 3.59738922119140625 3.5927679538726806641 3.5867283344268798828 3.579441070556640625 28.140247344970703125 14.312264442443847656 4.4432382583618164062 4.4152770042419433594 3.0895850658416748047 2.5866019725799560547 2.0951020717620849609 2.5656466484069824219 1.0757306814193725586 1.5710145235061645508 0.53573697805404663086 76.297271728515625 0 13.298037528991699219 12.996551513671875 1.5946879386901855469 1.0691331624984741211 1.0517069101333618164 0.52315223217010498047 0
7.1391153335571289062 5.554477691650390625 5.9459185600280761719 7.6524138450622558594 4.594776153564453125 3.1488318443298339844 1.0888895988464355469 0 0.55061191320419311523 2.6419413089752197266 1.6148675680160522461 2.1299202442169189453 3.6120090484619140625 4.0752072334289550781 4.9634685516357421875 5.3844885826110839844 7.192981719970703125 5.8358302116394042969 5.006237030029296875 5.013408660888671875 4.5498142242431640625 4.0719828605651855469 4.0654754638671875 4.057674407958984375 32.559162139892578125 14.66551971435546875 4.9063153266906738281 4.8774728775024414062 3.5829405784606933594 3.0862400531768798828 2.6041927337646484375 3.0652379989624023438 1.6051851511001586914 2.0836501121520996094 1.0665014982223510742 76.487945556640625 0.53831464052200317383 13.678715705871582031 13.433485031127929688 2.1075165271759033203 1.5884888172149658203 1.5697207450866699219 1.0504790544509887695 0.53742742538452148438
7.5801153182983398438 6.0284972190856933594 6.4095234870910644531 8.0850973129272460938 5.0718493461608886719 3.6462335586547851562 1.6196228265762329102 0.55146235227584838867 1.0906466245651245117 0 3.1444842815399169922 2.1339857578277587891 2.6386771202087402344 4.0929441452026367188 4.545536041259765625 5.4158196449279785156 5.8283247947692871094 7.5908193588256835938 6.2731652259826660156 5.4593434333801269531 5.4659705162048339844 5.0085802078247070312 4.5368061065673828125 4.5287122726440429688 37.440204620361328125 15.01355743408203125 5.3626637458801269531 5.3329920768737792969 4.0683565139770507812 3.5784044265747070312 3.1064488887786865234 3.559978485107421875 2.1285681724548339844 2.5921933650970458984 1.5927318334579467773 76.680755615234375 1.0706293582916259766 14.058704376220703125 13.864780426025390625 2.6098458766937255859 2.1017067432403564453 2.0799260139465332031 1.5714571475982666016 2.1173517704010009766
8.0156946182250976562 6.4963369369506835938 6.8677802085876464844 8.5134840011596679688 5.5433297157287597656 4.1370043754577636719 2.1422584056854248047 1.0928553342819213867 1.6218233108520507812 0.55093115568161010742 3.6389675140380859375 2.6435973644256591797 0 3.1376862525939941406 4.5649819374084472656 5.00768280029296875 5.8611297607421875 6.2655415534973144531 7.9832081794738769531 6.7034983634948730469 5.9044528007507324219 5.9103145599365234375 5.4590058326721191406 4.9932789802551269531 42.775371551513671875 15.354917526245117188 5.8109536170959472656 5.780731201171875 4.5447092056274414062 4.0617804527282714844 3.6005213260650634766 4.0486669540405273438 2.6456480026245117188 3.0954871177673339844 2.1134586334228515625 76.87503814697265625 1.59844970703125 14.438698768615722656 14.29344940185546875 3.1057312488555908203 2.6068615913391113281 2.5801141262054443359 2.0800375938415527344 2.6258330345153808594
8.44567108154296875 6.9576897621154785156 7.3204851150512695312 8.9376516342163085938 6.0094685554504394531 4.6213173866271972656 2.6571364402770996094 1.6252636909484863281 2.1447720527648925781 1.0914387702941894531 4.1262412071228027344 3.1449329853057861328 0 0.54721713066101074219 3.6274323463439941406 5.0289363861083984375 5.4624190330505371094 6.2997088432312011719 6.6961522102355957031 8.3700532913208007812 7.1268510818481445312 6.3419294357299804688 6.3468875885009765625 5.90114593505859375 5.4409961700439453125 58.806880950927734375 6.2513513565063476562 6.2213611602783203125 5.0130734443664550781 4.5372557640075683594 4.0867671966552734375 4.530796051025390625 3.1553807258605957031 3.5925107002258300781 2.6278753280639648438 77.0699615478515625 2.1216835975646972656 14.8157806396484375 14.716478347778320312 3.5956227779388427734 3.1038887500762939453 3.0696368217468261719 2.5760493278503417969 3.1204977035522460938
8.8707113265991210938 7.4130530357360839844 7.7677645683288574219 9.3575735092163085938 6.4703540802001953125 5.0992631912231445312 3.1644494533538818359 2.1491754055023193359 2.6597397327423095703 1.6226906776428222656 4.6067986488342285156 3.6388099193572998047 0.54806226491928100586 0 1.0826172828674316406 4.1083397865295410156 5.4852266311645507812 5.9101743698120117188 6.7318730354309082031 7.120410919189453125 8.7514390945434570312 7.5432562828063964844 6.7712845802307128906 6.7744760513305664062 6.333953857421875 5.8802242279052734375 65.80774688720703125 6.6560511589050292969 5.4751639366149902344 5.0067224502563476562 4.5667395591735839844 5.0070042610168457031 3.6577076911926269531 4.0825495719909667969 3.1353337764739990234 77.26485443115234375 2.6381964683532714844 15.188409805297851562 15.132512092590332031 4.0769181251525878906 3.5912516117095947266 6.6092104911804199219 3.6021838188171386719 0
443.85009765625 9.3122234344482421875 16.067426681518554688 9.771778106689453125 6.9250974655151367188 5.5703482627868652344 3.6637735366821289062 2.6643261909484863281 3.1663746833801269531 2.1447215080261230469 5.0803980827331542969 4.1252017021179199219 1.0852468013763427734 0.54783594608306884766 0 1.6072524785995483398 4.5811567306518554688 5.9344410896301269531 6.3508334159851074219 7.1569991111755371094 7.5373301506042480469 9.1261548995971679688 7.9513120651245117188 7.1916046142578125 7.1937909126281738281 6.7598004341125488281 72.4284515380859375 7.0852909088134765625 5.9314169883728027344 5.4707360267639160156 5.041095733642578125 5.4777746200561523438 4.1529307365417480469 4.5653867721557617188 3.6354808807373046875 77.459320068359375 3.1472551822662353516 15.556249618530273438 15.541905403137207031 4.5501275062561035156 11.141465187072753906 4.0734539031982421875 0.53547877073287963867 0
14.988516807556152344 459.39593505859375 469.25177001953125 485.867889404296875 10.176600456237792969 13.405185699462890625 4.1541843414306640625 3.1696825027465820312 3.6634247303009033203 2.6563587188720703125 5.5460028648376464844 4.6036257743835449219 0 1.6123279333114624023 1.0847690105438232422 0.54827177524566650391 2.1222488880157470703 5.0458154678344726562 6.3754062652587890625 6.7827315330505371094 7.5730504989624023438 7.9448952674865722656 9.4929151535034179688 8.3514995574951171875 7.6053385734558105469 7.6079320907592773438 79.90883636474609375 7.509662628173828125 6.3822383880615234375 5.9296431541442871094 5.5101714134216308594 5.9431939125061035156 4.6412668228149414062 5.0412263870239257812 4.1282482147216796875 77.65282440185546875 3.6488873958587646484 15.919623374938964844 15.945483207702636719 16.608324050903320312 4.5374994277954101562 1.0610407590866088867 0.53957635164260864258 0
2.5885498523712158203 5.6943259239196777344 8.3047847747802734375 10.9125518798828125 499.477630615234375 510.169921875 524.11273193359375 4.6313328742980957031 3.6616959571838378906 4.1477618217468261719 3.1547298431396484375 6.0010209083557128906 5.0720257759094238281 0.54596614837646484375 2.1285684108734130859 1.6105160713195800781 1.0838391780853271484 2.6267499923706054688 5.5012555122375488281 6.807621002197265625 7.2059221267700195312 7.9810791015625 8.3454570770263671875 9.8547534942626953125 8.7466917037963867188 8.0142507553100585938 8.0174589157104492188 88.12801361083984375 6.8272690773010253906 6.3834252357482910156 5.9740896224975585938 6.4031381607055664062 5.1228299140930175781 5.5104689598083496094 4.6139321327209472656 77.84439849853515625 4.1428475379943847656 16.278045654296875 33.388874053955078125 4.9949893951416015625 1.577880859375 1.0679693222045898438 0 0.54311400651931762695
2.0909535884857177734 1.5993781089782714844 1.6084941625595092773 1.6113508939743041992 1.6149402856826782227 3.7600812911987304688 5.8877458572387695312 530.56317138671875 535.73431396484375 539.9232177734375 4.6151075363159179688 3.6375775337219238281 6.4434423446655273438 5.5284953117370605469 1.0772519111633300781 2.6328487396240234375 2.1242430210113525391 1.6070498228073120117 3.1213362216949462891 5.9489755630493164062 7.2334961891174316406 7.6237850189208984375 8.3846673965454101562 8.7418622970581054688 10.213099479675292969 9.1371746063232421875 8.4176568984985351562 96.830413818359375 7.2651238441467285156 6.8312020301818847656 6.4323487281799316406 6.8573365211486816406 5.5978016853332519531 5.9736471176147460938 5.0931539535522460938 78.03253936767578125 4.6281456947326660156 16.6302490234375 39.218944549560546875 2.085247039794921875 1.5860458612442016602 0.54395347833633422852 0 1.6429030895233154297
1.0771204233169555664 1.0777553319931030273 1.0796189308166503906 1.0820930004119873047 1.090214848518371582 1.0901650190353393555 4.5890207290649414062 6.6797099113464355469 8.7518587112426757812 9.204681396484375 549.6240234375 5.0868864059448242188 4.1223578453063964844 6.8753185272216796875 5.9749064445495605469 1.5962548255920410156 3.1267437934875488281 2.6278707981109619141 2.1203215122222900391 3.6079804897308349609 6.3908762931823730469 7.6547598838806152344 8.0375089645385742188 8.7843122482299804688 9.1340312957763671875 10.567439079284667969 9.5220003128051757812 8.8143796920776367188 104.8492431640625 7.2711610794067382812 6.8832845687866210938 7.3045701980590820312 6.0654621124267578125 6.4305591583251953125 5.5661969184875488281 78.21526336669921875 5.1039476394653320312 16.975660324096679688 42.176136016845703125 2.0939540863037109375 0.62248504161834716797 0 1.0998022556304931641 2.1538574695587158203
0.54487282037734985352 0.54558664560317993164 0.54681134223937988281 0.54754722118377685547 0.54786694049835205078 4.1014528274536132812 1.0859098434448242188 1.0823714733123779297 0 0.54895603656768798828 1.0899779796600341797 551.2933349609375 556.8861083984375 561.5213623046875 568.877685546875 6.434535980224609375 2.1151959896087646484 3.6255090236663818359 3.1350152492523193359 2.6357243061065673828 4.1020793914794921875 6.849231719970703125 16.570669174194335938 9.2089900970458984375 9.5520486831665039062 10.955144882202148438 9.9323129653930664062 9.2334041595458984375 0 105.16202545166015625 15.067631721496582031 7.7636804580688476562 6.5242395401000976562 6.8804454803466796875 6.0330452919006347656 78.39083099365234375 5.5699615478515625 17.314258575439453125 45.132007598876953125 0.67368984222412109375 1.0998041629791259766 0 1.6275568008422851562 2.6721012592315673828
0 0 0 0 3.6190609931945800781 0.54626023769378662109 0.54414254426956176758 0.54418098926544189453 1.0828016996383666992 1.6133323907852172852 2.1389942169189453125 2.6604397296905517578 3.1737778186798095703 3.6786668300628662109 4.1774029731750488281 573.576416015625 580.4906005859375 583.1383056640625 587.27099609375 590.9154052734375 594.06298828125 598.6502685546875 605.94232177734375 622.9185791015625 632.517333984375 9.9621191024780273438 11.33535003662109375 10.334431648254394531 9.6440687179565429688 0.54712504148483276367 120.96987152099609375 8.213764190673828125 6.9926276206970214844 7.3437256813049316406 6.4921154975891113281 78.559600830078125 6.0276002883911132812 17.647006988525390625 46.188480377197265625 2.1994678974151611328 0.54515260457992553711 0 2.1548511981964111328 3.1841866970062255859
