tests/data/reference/gistest_nucice/full/control/cvin_m3.asc
ncols        125
nrows        78
xllcorner    -713756.799299980048
yllcorner    -1061032.369616159936
cellsize     10.000000000000
NODATA_value  -9999
[rows 38 to 56 of 78, columns 0 to 43 of 125]
-9999 -9999 -9999 -9999 -9999 -9999 -9999 -9999 -9999 -9999 -9999 0 1.0994380712509155273 2.6020426750183105469 24.090429306030273438 0 0.51309692859649658203 1.4826980829238891602 2.3825781345367431641 3.6409730911254882812 1.5239994525909423828 7.6176533699035644531 5.1739201545715332031 6.020900726318359375 10.367959976196289062 5.2985658645629882812 1.5450168848037719727 0.52789670228958129883 1.5510451793670654297 2.5262289047241210938 1.5425972938537597656 1.5368250608444213867 1.52822113037109375 1.5209587812423706055 0.52369213104248046875 0 0 1.5714064836502075195 0 0 0 0 0 0.54586946964263916016
-9999 -9999 -9999 -9999 -9999 -9999 -9999 -9999 -9999 -9999 -9999 0 2.1841173171997070312 22.820768356323242188 0.51129782199859619141 0 1.0036231279373168945 1.9341855049133300781 3.2314603328704833984 1.0263115167617797852 7.2522921562194824219 4.8055377006530761719 5.6856303215026855469 10.094380378723144531 4.9186220169067382812 1.0417325496673583984 0 1.0452303886413574219 2.0476562976837158203 1.0409075021743774414 1.0384242534637451172 1.0319145917892456055 1.0263589620590209961 0 0 0.53390169143676757812 1.0588352680206298828 0 0.52794569730758666992 1.0512496232986450195 1.5668288469314575195 0 0 0.54773980379104614258
-9999 -9999 -9999 -9999 -9999 -9999 -9999 -9999 -9999 -9999 0 2.1989755630493164062 21.064821243286132812 1.0083839893341064453 0 0.50995641946792602539 1.4761158227920532227 2.8145527839660644531 0.51513433456420898438 6.8784303665161132812 4.4291534423828125 5.3427586555480957031 9.8136730194091796875 4.5294599533081054688 0.52385467290878295898 0 0.52611690759658813477 1.5550936460494995117 0.52296668291091918945 0.52301251888275146484 0.52134042978286743164 0.51748263835906982422 0 0.52156144380569458008 1.0444433689117431641 1.5609486103057861328 2.0702741146087646484 2.5717401504516601562 3.0609502792358398438 0 0 2.0734493732452392578 0.54063320159912109375 1.0717225074768066406
-9999 -9999 -9999 -9999 -9999 -9999 -9999 -9999 -9999 -9999 0 18.351593017578125 1.9714543819427490234 0.5087916254997253418 0 1.0024470090866088867 2.3870801925659179688 0 6.4958291053771972656 4.0451750755310058594 4.9931340217590332031 9.5263013839721679688 4.1309113502502441406 0 0 0.52715212106704711914 1.0477935075759887695 0 0 0 0 0 0.51773178577423095703 1.0400155782699584961 1.5565737485885620117 2.0645546913146972656 2.5634877681732177734 3.05190277099609375 0 3.5362837314605712891 0.53207159042358398438 0.53711009025573730469 2.5682017803192138672 3.0544321537017822266
-9999 -9999 -9999 -9999 -9999 -9999 -9999 -9999 -9999 1.0994967222213745117 2.1985564231872558594 15.860671043395996094 1.4983338117599487305 0 0.51013666391372680664 1.9450159072875976562 2.4056079387664794922 6.1003155708312988281 3.65308380126953125 4.6374387741088867188 9.2331037521362304688 3.723049163818359375 0.52274954319000244141 1.0410356521606445312 1.5460205078125 2.0400152206420898438 23.343999862670898438 26.182834625244140625 26.494647979736328125 26.795389175415039062 27.085203170776367188 27.363714218139648438 27.63845062255859375 27.910505294799804688 28.178594589233398438 28.442766189575195312 28.7025299072265625 28.956830978393554688 32.7328643798828125 33.50604248046875 37.73844146728515625 39.0237579345703125 40.31299591064453125 40.5326080322265625
-9999 -9999 -9999 -9999 -9999 -9999 -9999 -9999 0 1.0994150638580322266 14.529265403747558594 0.5144456028938293457 1.0124117136001586914 0 1.4875402450561523438 1.9595496654510498047 2.8449349403381347656 3.2483274936676025391 4.2737588882446289062 8.9347095489501953125 3.3065030574798583984 0 0 0.52290767431259155273 18.095813751220703125 20.483732223510742188 2.0369253158569335938 1.0440325736999511719 1.5482064485549926758 2.0400569438934326172 2.5207903385162353516 2.9915034770965576172 3.4556257724761962891 3.912097930908203125 4.3614931106567382812 4.8043999671936035156 5.24111175537109375 5.6715836524963378906 6.0956277847290039062 6.5123896598815917969 6.9225931167602539062 7.3282198905944824219 7.7297663688659667969 8.1273260116577148438
-9999 -9999 -9999 -9999 -9999 -9999 -9999 -9999 0 0.081277094781398773193 13.642102241516113281 0 0.51096951961517333984 1.0100513696670532227 1.4977240562438964844 2.4123430252075195312 2.82961273193359375 3.8975419998168945312 8.6268529891967773438 2.88117218017578125 3.2914304733276367188 7.3943872451782226562 11.862212181091308594 16.690181732177734375 1.5470877885818481445 1.5470993518829345703 0.52540004253387451172 0 0.52834534645080566406 1.0493775606155395508 1.559937596321105957 2.0601620674133300781 2.552593231201171875 3.0366601943969726562 3.5133209228515625 3.9836320877075195312 4.4488053321838378906 74.6956329345703125 80.92031097412109375 87.1863555908203125 93.478057861328125 99.7813262939453125 106.0849456787109375 113.7111053466796875
-9999 -9999 -9999 -9999 -9999 -9999 -9999 -9999 0 11.334199905395507812 1.5141277313232421875 0 0.51155740022659301758 1.0165843963623046875 1.9635801315307617188 2.3955845832824707031 3.5089421272277832031 8.3063564300537109375 2.4406306743621826172 2.8648746013641357422 3.2696392536163330078 3.6632268428802490234 4.0476078987121582031 1.0425209999084472656 1.0437502861022949219 0 0 0.52998340129852294922 1.0530114173889160156 1.5657250881195068359 2.0670480728149414062 2.5580518245697021484 3.0415923595428466797 3.5183987617492675781 58.3647613525390625 63.788848876953125 69.550628662109375 5.5790920257568359375 5.6242632865905761719 5.6538028717041015625 5.6689543724060058594 5.6745266914367675781 7.0430593490600585938 6.04683685302734375
-9999 -9999 -9999 -9999 -9999 -9999 -9999 0 9.4990386962890625 1.0246624946594238281 1.0246438980102539062 0 0.515590667724609375 1.4968552589416503906 1.9447845220565795898 3.1069862842559814453 7.9746518135070800781 1.984620213508605957 2.4255807399749755859 2.8453009128570556641 3.2476544380187988281 3.6378967761993408203 0.52279067039489746094 0.52549409866333007812 0.52742815017700195312 1.044932246208190918 1.5507797002792358398 2.0476624965667724609 2.5354504585266113281 3.0122888088226318359 3.4780976772308349609 3.9344532489776611328 49.14532470703125 54.114166259765625 4.7439723014831542969 5.0982556343078613281 5.1624660491943359375 5.2044367790222167969 5.2316961288452148438 5.24554443359375 5.2500295639038085938 6.657909393310546875 5.6297192573547363281 6.6358690261840820312
-9999 -9999 -9999 -9999 -9999 -9999 -9999 5.3153853416442871094 3.8569154739379882812 0.51352125406265258789 0.51439404487609863281 0 1.0117038488388061523 1.4776346683502197266 2.6918239593505859375 7.6308732032775878906 1.5111275911331176758 1.9718332290649414062 2.4096403121948242188 2.8243577480316162109 3.2209174633026123047 0 0 0 0 0.52741611003875732422 1.048119664192199707 1.5590394735336303711 31.71425628662109375 35.82149505615234375 39.980594635009765625 44.480640411376953125 4.2646231651306152344 4.3143157958984375 4.6756029129028320312 4.7371058464050292969 4.7764482498168945312 4.8020310401916503906 4.8149690628051757812 4.8187069892883300781 6.2672114372253417969 5.20578765869140625 6.2433919906616210938 5.5798707008361816406
-9999 -9999 -9999 -9999 -9999 -9999 0 3.8340854644775390625 3.4149241447448730469 0 0 0.50857657194137573242 0.99729710817337036133 2.2670993804931640625 7.2788977622985839844 1.0200911760330200195 1.5003614425659179688 1.9569096565246582031 2.3880209922790527344 2.7958726882934570312 3.2036538124084472656 6.8610930442810058594 10.528334617614746094 14.205805778503417969 20.741558074951171875 23.148244857788085938 26.023389816284179688 29.329465866088867188 3.3452303409576416016 3.4073269367218017578 3.7669744491577148438 3.8251156806945800781 3.8740742206573486328 4.24355316162109375 4.3028550148010253906 4.3400149345397949219 4.3643784523010253906 4.3769359588623046875 4.3802332878112792969 5.8710494041442871094 4.7755808830261230469 5.8458738327026367188 5.1563472747802734375 5.1908211708068847656
-9999 -9999 -9999 -9999 -9999 3.3678159713745117188 2.3735327720642089844 1.0113043785095214844 2.4435317516326904297 0 0 0.50440287590026855469 1.8348335027694702148 6.9216542243957519531 0.51310425996780395508 1.013403773307800293 1.487903594970703125 1.9351670742034912109 2.3580243587493896484 2.7784395217895507812 2.8127851486206054688 2.8337154388427734375 2.8529989719390869141 5.7470302581787109375 1.5519803762435913086 2.04273223876953125 2.4975972175598144531 2.888698577880859375 2.9481625556945800781 3.3177676200866699219 3.3752217292785644531 3.4226386547088623047 3.8019206523895263672 3.8597433567047119141 3.8951613903045654297 3.9185681343078613281 3.9310274124145507812 3.9344415664672851562 5.4693303108215332031 4.3387689590454101562 5.4432625770568847656 4.7269611358642578125 4.7589478492736816406 4.7973656654357910156
-9999 -9999 -9999 -9999 -9999 2.2685089111328125 1.9148293733596801758 0.50702685117721557617 0.97165465354919433594 0.50130069255828857422 0 1.3926879167556762695 6.5589728355407714844 0 0.51000732183456420898 1.0042204856872558594 1.4681440591812133789 1.9053730964660644531 2.3403139114379882812 2.3754639625549316406 2.3920047283172607422 2.4058790206909179688 5.3220362663269042969 1.04482269287109375 1.5471266508102416992 2.0156431198120117188 2.4218835830688476562 2.4771533012390136719 2.8574676513671875 2.9139449596405029297 2.959346771240234375 3.3493676185607910156 3.4055016040802001953 3.4392178058624267578 3.4619767665863037109 3.4747536182403564453 3.4790422916412353516 5.0610790252685546875 3.8949065208435058594 5.03524017333984375 4.2911281585693359375 4.3205432891845703125 4.3566374778747558594 4.384063720703125
-9999 -9999 -9999 -9999 0 2.3268935680389404297 1.4493676424026489258 0 0.49158206582069396973 0 0.93508642911911010742 3.9541864395141601562 1.798090815544128418 0 0.50514853000640869141 0.9885666966438293457 1.4410339593887329102 1.8871529102325439453 1.9252830743789672852 1.9395726919174194336 1.9485059976577758789 4.8847270011901855469 0.52319413423538208008 1.038313746452331543 1.5221524238586425781 1.9454402923583984375 1.9947599172592163086 2.387645721435546875 2.4418721199035644531 2.484172821044921875 2.8866169452667236328 2.9405503273010253906 2.9719099998474121094 2.9935092926025390625 3.0064041614532470703 3.0117647647857666016 4.6439604759216308594 3.4420332908630371094 4.6210756301879882812 3.8485653400421142578 3.8750205039978027344 3.9083757400512695312 3.9342408180236816406 3.9423086643218994141
-9999 -9999 -9999 -9999 0 1.8784757852554321289 0.48295843601226806641 0 0 0.47607028484344482422 0.48167657852172851562 2.6272699832916259766 1.3596235513687133789 0 0.49627315998077392578 0.96784853935241699219 1.4217756986618041992 1.4614393711090087891 1.4743448495864868164 1.4807921648025512695 4.4357156753540039062 0 0.51768678426742553711 1.0189620256423950195 1.4624365568161010742 1.5033700466156005859 1.9118670225143432617 1.9619226455688476562 1.9997134208679199219 2.4163985252380371094 2.4673142433166503906 2.4958367347717285156 2.5156996250152587891 2.5278999805450439453 2.5334522724151611328 4.2178101539611816406 2.97840118408203125 4.198818206787109375 3.3978176116943359375 3.4220898151397705078 3.4521832466125488281 3.4756760597229003906 3.4829723834991455078 3.4879734516143798828
-9999 -9999 -9999 8.016658782958984375 0 0.48418462276458740234 0.46818688511848449707 0 0 0 0 1.763750910758972168 0.92157703638076782227 0 0.48634323477745056152 0.94877797365188598633 0.98598259687423706055 0.99532514810562133789 0.99950182437896728516 2.0091156959533691406 1.4812657833099365234 0 0.50763773918151855469 0.97487509250640869141 1.005070805549621582 1.433750152587890625 1.4760075807571411133 1.5075250864028930664 1.9407483339309692383 1.9869065284729003906 2.0120086669921875 2.0298535823822021484 2.0409073829650878906 2.0457768440246582031 3.7841553688049316406 2.5047407150268554688 3.768367767333984375 2.9372601509094238281 2.9599001407623291016 2.9878256320953369141 3.0086741447448730469 3.0142552852630615234 3.0184338092803955078 4.7872309684753417969
-9999 -9999 -9999 8.2989873886108398438 0.49785706400871276855 0 0 0 0 0.48342311382293701172 0.92973113059997558594 0 0.4745731055736541748 0 0.48099094629287719727 0.49775084853172302246 0.50333940982818603516 0.50363314151763916016 0.50597518682479858398 0.50970339775085449219 0.99384558200836181641 0 0.48252338171005249023 0.50010943412780761719 0.95547598600387573242 0.98559486865997314453 1.0084333419799804688 1.4610379934310913086 1.4994497299194335938 1.5197343826293945312 1.5348072052001953125 1.5446680784225463867 1.5488022565841674805 3.3439841270446777344 2.02227020263671875 3.3313157558441162109 2.4683012962341308594 2.4883248805999755859 2.5138149261474609375 2.5329096317291259766 2.5369172096252441406 2.5395870208740234375 4.3510689735412597656 3.022838592529296875
-9999 -9999 0 6.0805687904357910156 0.97403812408447265625 0 0 0 0 -9999 -9999 -9999 0 0 0 0 0 0 0 0 0 0 0 0.4752508997917175293 0.49085146188735961914 0.50340753793716430664 0.97858434915542602539 1.0054564476013183594 1.0190927982330322266 1.0299376249313354492 1.0376924276351928711 1.0411566495895385742 2.8971149921417236328 1.5307428836822509766 2.8880374431610107422 1.991627812385559082 2.0082948207855224609 2.0302414894104003906 2.0472683906555175781 2.0502848625183105469 2.0515899658203125 3.9071173667907714844 2.5424189567565917969 2.5580093860626220703
-9999 -9999 2.6411738395690917969 1.4130709171295166016 0 0 0 -9999 -9999 -9999 -9999 -9999 -9999 0 0 0.49491766095161437988 0.9652099609375 0 0.50362032651901245117 0.99881690740585327148 1.4783413410186767578 0 0 0 0 0.49081385135650634766 0.50367456674575805664 0.50961208343505859375 0.51499795913696289062 0.51951992511749267578 0.52155888080596923828 2.4426636695861816406 1.0288777351379394531 2.4376399517059326172 1.5063898563385009766 1.5191805362701416016 1.5366173982620239258 1.5508029460906982422 1.5533940792083740234 1.5539572238922119141 3.4552330970764160156 2.0523748397827148438 2.0647466182708740234 1.5843986272811889648
