tests/data/reference/gistest_nucice/full/control/massbalance.asc
ncols        123
nrows        77
xllcorner    -713746.799299980048
yllcorner    -1061022.369616159936
cellsize     10.000000000000
NODATA_value -9999
[rows 18 to 35 of 77, columns 41 to 81 of 123]
-4.4408920985006261617e-16 -1.7763568394002504647e-15 5.329070518200751394e-15 1.7763568394002504647e-15 -1.3322676295501878485e-15 1.3322676295501878485e-15 4.4408920985006261617e-15 -4.4408920985006261617e-16 -8.8817841970012523234e-16 8.8817841970012523234e-16 -8.8817841970012523234e-16 3.5527136788005009294e-15 3.1086244689504383132e-15 8.8817841970012523234e-16 -8.8817841970012523234e-16 -1.7763568394002504647e-15 0 -2.2204460492503130808e-16 0 0 0 1.7763568394002504647e-15 -4.4408920985006261617e-16 1.7763568394002504647e-15 8.8817841970012523234e-16 -1.7763568394002504647e-15 -1.7763568394002504647e-15 2.2204460492503130808e-15 1.7763568394002504647e-15 1.7763568394002504647e-15 -4.4408920985006261617e-16 0 6.9940249147748545511e-09 0 2.664535259100375697e-15 8.8817841970012523234e-16 0 -1.5543122344752191566e-15 -9999 -9999 -9999
1.7763568394002504647e-15 5.329070518200751394e-15 -3.9968028886505635455e-15 4.4408920985006261617e-16 8.8817841970012523234e-16 -8.8817841970012523234e-16 2.664535259100375697e-15 0 0 1.7763568394002504647e-15 -4.4408920985006261617e-16 -8.8817841970012523234e-16 -8.8817841970012523234e-16 -4.4408920985006261617e-15 -2.2204460492503130808e-15 0 0 4.4408920985006261617e-16 -4.4408920985006261617e-16 1.3322676295501878485e-15 8.8817841970012523234e-16 -8.8817841970012523234e-16 1.7763568394002504647e-15 8.8817841970012523234e-16 -1.7763568394002504647e-15 1.3322676295501878485e-15 3.9968028886505635455e-15 1.3322676295501878485e-15 1.154631945610162802e-14 -8.8817841970012523234e-16 -8.8817841970012523234e-16 -2.2204460492503130808e-16 -8.8817841970012523234e-16 2.5155252103559178067e-08 -3.5527136788005009294e-15 4.4408920985006261617e-16 -4.4408920985006261617e-16 1.7763568394002504647e-15 -4.4408920985006261617e-16 -9999 -9999
8.8817841970012523234e-16 0 3.9968028886505635455e-15 1.7763568394002504647e-15 2.664535259100375697e-15 2.664535259100375697e-15 8.8817841970012523234e-16 1.3322676295501878485e-15 0 -1.7763568394002504647e-15 -4.4408920985006261617e-16 -4.4408920985006261617e-16 8.8817841970012523234e-16 4.4408920985006261617e-16 6.2172489379008766264e-15 4.4408920985006261617e-15 4.4408920985006261617e-16 3.1086244689504383132e-15 8.8817841970012523234e-16 1.3322676295501878485e-15 -4.4408920985006261617e-16 -1.3322676295501878485e-15 8.8817841970012523234e-16 3.1086244689504383132e-15 -1.7763568394002504647e-15 0 4.4408920985006261617e-16 2.664535259100375697e-15 -5.329070518200751394e-15 1.7763568394002504647e-15 0 1.7763568394002504647e-15 -4.4408920985006261617e-16 4.4408920985006261617e-16 6.3924332494025293272e-09 -1.7763568394002504647e-15 8.8817841970012523234e-16 -4.4408920985006261617e-16 0 0 6.6613381477509392425e-16
8.8817841970012523234e-16 7.1054273576010018587e-15 0 -8.8817841970012523234e-16 8.8817841970012523234e-16 -3.1086244689504383132e-15 -8.8817841970012523234e-16 1.7763568394002504647e-15 -8.8817841970012523234e-16 -1.1102230246251565404e-15 2.2204460492503130808e-15 -1.3322676295501878485e-15 0 2.2204460492503130808e-15 -2.2204460492503130808e-15 -4.4408920985006261617e-16 -1.7763568394002504647e-15 -8.8817841970012523234e-16 -2.2204460492503130808e-15 -4.4408920985006261617e-16 -2.664535259100375697e-15 -1.3322676295501878485e-15 1.7763568394002504647e-15 1.7763568394002504647e-15 1.7763568394002504647e-15 1.3322676295501878485e-15 4.4408920985006261617e-15 1.0658141036401502788e-14 5.329070518200751394e-15 -8.8817841970012523234e-16 -1.3322676295501878485e-15 4.4408920985006261617e-16 4.4408920985006261617e-16 8.8817841970012523234e-16 -8.8817841970012523234e-16 -2.6014486564918115619e-08 1.2434497875801753253e-14 -4.4408920985006261617e-15 2.2204460492503130808e-15 -4.4408920985006261617e-16 8.8817841970012523234e-16
0 -3.1086244689504383132e-15 -2.664535259100375697e-15 -8.8817841970012523234e-16 -8.8817841970012523234e-16 2.664535259100375697e-15 3.9968028886505635455e-15 4.4408920985006261617e-16 -8.8817841970012523234e-16 -4.4408920985006261617e-16 8.8817841970012523234e-16 -1.3322676295501878485e-15 1.7763568394002504647e-15 8.8817841970012523234e-16 6.2172489379008766264e-15 4.4408920985006261617e-15 -8.8817841970012523234e-16 -3.5527136788005009294e-15 4.4408920985006261617e-15 2.664535259100375697e-15 0 8.8817841970012523234e-16 -8.8817841970012523234e-16 0 4.4408920985006261617e-16 -1.3322676295501878485e-15 4.4408920985006261617e-16 -5.329070518200751394e-15 2.664535259100375697e-15 1.7763568394002504647e-15 2.2204460492503130808e-15 -8.8817841970012523234e-16 2.2204460492503130808e-15 -1.3322676295501878485e-15 -8.8817841970012523234e-16 0 1.31993758145654283e-08 -3.5527136788005009294e-15 0 4.4408920985006261617e-16 -1.3322676295501878485e-15
1.3322676295501878485e-15 8.8817841970012523234e-16 -4.4408920985006261617e-15 5.329070518200751394e-15 -1.3322676295501878485e-15 3.5527136788005009294e-15 1.7763568394002504647e-15 1.3322676295501878485e-15 0 4.4408920985006261617e-16 0 4.4408920985006261617e-16 -8.8817841970012523234e-16 0 3.1086244689504383132e-15 -2.664535259100375697e-15 1.7763568394002504647e-15 0 2.664535259100375697e-15 -8.8817841970012523234e-16 8.8817841970012523234e-16 3.5527136788005009294e-15 8.8817841970012523234e-16 -4.4408920985006261617e-16 -8.8817841970012523234e-16 -2.664535259100375697e-15 4.4408920985006261617e-15 1.7763568394002504647e-15 -8.8817841970012523234e-16 3.1086244689504383132e-15 2.664535259100375697e-15 4.4408920985006261617e-16 -1.7763568394002504647e-15 0 -8.8817841970012523234e-16 -2.2204460492503130808e-16 -1.7763568394002504647e-15 2.9675284451968764188e-08 8.8817841970012523234e-15 1.7763568394002504647e-15 3.1086244689504383132e-15
8.8817841970012523234e-16 2.664535259100375697e-15 7.9936057773011270911e-15 3.1086244689504383132e-15 5.7731597280508140102e-15 0 2.664535259100375697e-15 -1.7763568394002504647e-15 -8.8817841970012523234e-16 4.4408920985006261617e-16 8.8817841970012523234e-16 1.3322676295501878485e-15 -4.4408920985006261617e-16 3.5527136788005009294e-15 -2.2204460492503130808e-15 2.664535259100375697e-15 -1.7763568394002504647e-15 8.8817841970012523234e-16 2.664535259100375697e-15 4.4408920985006261617e-15 0 0 1.3322676295501878485e-15 -1.7763568394002504647e-15 2.664535259100375697e-15 3.5527136788005009294e-15 5.329070518200751394e-15 1.7763568394002504647e-15 8.8817841970012523234e-16 0 -1.7763568394002504647e-15 8.8817841970012523234e-16 8.8817841970012523234e-16 0 3.5527136788005009294e-15 -2.664535259100375697e-15 8.8817841970012523234e-16 2.2204460492503130808e-16 -1.6109568790056982834e-08 -7.1054273576010018587e-15 -5.329070518200751394e-15
1.7763568394002504647e-15 0 0 -3.5527136788005009294e-15 0 -1.7763568394002504647e-15 -1.7763568394002504647e-15 -1.7763568394002504647e-15 2.664535259100375697e-15 4.4408920985006261617e-16 -6.6613381477509392425e-16 -2.664535259100375697e-15 -8.8817841970012523234e-16 -2.664535259100375697e-15 2.664535259100375697e-15 7.1054273576010018587e-15 0 5.329070518200751394e-15 3.5527136788005009294e-15 1.7763568394002504647e-15 -8.8817841970012523234e-16 6.2172489379008766264e-15 1.7763568394002504647e-15 0 4.4408920985006261617e-16 2.2204460492503130808e-15 1.7763568394002504647e-15 1.7763568394002504647e-15 0 8.8817841970012523234e-16 2.664535259100375697e-15 -2.2204460492503130808e-15 2.664535259100375697e-15 2.2204460492503130808e-15 -8.8817841970012523234e-16 2.664535259100375697e-15 0 -4.4408920985006261617e-16 -4.9486175157653633505e-09 -4.4408920985006261617e-16 -2.664535259100375697e-15
5.329070518200751394e-15 1.7763568394002504647e-15 7.1054273576010018587e-15 6.2172489379008766264e-15 -1.7763568394002504647e-15 3.5527136788005009294e-15 3.5527136788005009294e-15 1.7763568394002504647e-15 -4.4408920985006261617e-16 -8.8817841970012523234e-16 -6.6613381477509392425e-16 -1.3322676295501878485e-15 2.664535259100375697e-15 8.8817841970012523234e-16 2.664535259100375697e-15 -3.5527136788005009294e-15 8.8817841970012523234e-16 8.8817841970012523234e-16 -8.8817841970012523234e-16 -3.5527136788005009294e-15 4.4408920985006261617e-15 3.5527136788005009294e-15 1.7763568394002504647e-15 8.8817841970012523234e-16 3.5527136788005009294e-15 6.2172489379008766264e-15 1.7763568394002504647e-15 -1.0658141036401502788e-14 1.7763568394002504647e-15 8.8817841970012523234e-16 4.4408920985006261617e-15 3.5527136788005009294e-15 0 0 4.4408920985006261617e-16 0 -8.8817841970012523234e-16 -3.9968028886505635455e-15 1.9873651169177719567e-08 -8.8817841970012523234e-16 3.5527136788005009294e-15
-1.7763568394002504647e-15 2.664535259100375697e-15 -8.8817841970012523234e-16 -8.8817841970012523234e-16 2.664535259100375697e-15 -1.7763568394002504647e-15 0 7.1054273576010018587e-15 4.4408920985006261617e-15 0 0 1.7763568394002504647e-15 4.4408920985006261617e-16 0 2.2204460492503130808e-15 -4.4408920985006261617e-15 3.5527136788005009294e-15 1.7763568394002504647e-15 1.7763568394002504647e-15 8.8817841970012523234e-16 6.2172489379008766264e-15 4.4408920985006261617e-15 -1.7763568394002504647e-15 -5.329070518200751394e-15 5.329070518200751394e-15 -4.4408920985006261617e-15 1.7763568394002504647e-15 1.4210854715202003717e-14 3.5527136788005009294e-15 0 -3.5527136788005009294e-15 5.329070518200751394e-15 1.7763568394002504647e-15 0 0 4.4408920985006261617e-16 2.2204460492503130808e-15 2.2204460492503130808e-15 -8.3343003609570587287e-09 4.4408920985006261617e-16 5.329070518200751394e-15
-5.329070518200751394e-15 2.664535259100375697e-15 8.8817841970012523234e-16 2.664535259100375697e-15 1.7763568394002504647e-15 8.8817841970012523234e-16 3.5527136788005009294e-15 -5.329070518200751394e-15 -3.5527136788005009294e-15 3.1086244689504383132e-15 4.4408920985006261617e-16 1.7763568394002504647e-15 -1.3322676295501878485e-15 0 -8.8817841970012523234e-16 -4.4408920985006261617e-16 3.5527136788005009294e-15 2.664535259100375697e-15 0 -4.4408920985006261617e-15 7.9936057773011270911e-15 3.5527136788005009294e-15 0 6.2172489379008766264e-15 5.329070518200751394e-15 -4.4408920985006261617e-15 4.4408920985006261617e-15 3.9079850466805510223e-14 8.8817841970012523234e-16 5.329070518200751394e-15 7.1054273576010018587e-15 -2.2204460492503130808e-15 1.7763568394002504647e-15 -2.2204460492503130808e-15 8.8817841970012523234e-16 8.8817841970012523234e-16 8.8817841970012523234e-16 0 -1.3756951133814254717e-08 1.7763568394002504647e-15 3.5527136788005009294e-15
2.8421709430404007435e-14 3.5527136788005009294e-15 1.7763568394002504647e-15 -8.8817841970012523234e-16 8.8817841970012523234e-16 0 -2.664535259100375697e-15 5.329070518200751394e-15 3.5527136788005009294e-15 -8.8817841970012523234e-16 1.7763568394002504647e-15 -1.3322676295501878485e-15 8.8817841970012523234e-16 5.329070518200751394e-15 1.3322676295501878485e-15 -6.6613381477509392425e-16 1.3322676295501878485e-15 -3.5527136788005009294e-15 -1.7763568394002504647e-15 3.5527136788005009294e-15 7.9936057773011270911e-15 8.8817841970012523234e-16 -2.664535259100375697e-15 1.7763568394002504647e-15 -1.7763568394002504647e-15 2.664535259100375697e-15 2.664535259100375697e-15 4.4408920985006261617e-15 -2.8421709430404007435e-14 2.2204460492503130808e-15 -5.329070518200751394e-15 1.7763568394002504647e-15 -4.4408920985006261617e-16 4.8849813083506887779e-15 3.5527136788005009294e-15 -2.2204460492503130808e-15 8.8817841970012523234e-16 2.2204460492503130808e-15 -6.385438844347390841e-09 -8.8817841970012523234e-16 -8.8817841970012523234e-16
-1.8699893189477734268e-08 1.4210854715202003717e-14 -8.8817841970012523234e-16 4.4408920985006261617e-15 1.7763568394002504647e-15 0 3.5527136788005009294e-15 0 0 -1.7763568394002504647e-15 1.3322676295501878485e-15 8.8817841970012523234e-16 1.7763568394002504647e-15 -5.329070518200751394e-15 8.8817841970012523234e-16 4.4408920985006261617e-16 -2.2204460492503130808e-16 -1.3322676295501878485e-15 5.329070518200751394e-15 6.2172489379008766264e-15 0 1.7763568394002504647e-15 -3.5527136788005009294e-15 3.5527136788005009294e-15 8.8817841970012523234e-16 3.5527136788005009294e-15 4.4408920985006261617e-15 2.664535259100375697e-15 0 1.0658141036401502788e-14 8.8817841970012523234e-16 -4.4408920985006261617e-16 1.7763568394002504647e-15 0 0 2.664535259100375697e-15 4.4408920985006261617e-15 -1.7763568394002504647e-15 -2.386285125055565004e-08 3.5527136788005009294e-15 2.664535259100375697e-15
1.2772670032745736535e-08 -6.2117209154166630469e-09 3.6695013250209740363e-08 -4.3296054741404077504e-08 -7.1054273576010018587e-15 7.1054273576010018587e-15 3.5527136788005009294e-15 3.5527136788005009294e-15 3.5527136788005009294e-15 1.7763568394002504647e-15 -3.9968028886505635455e-15 8.8817841970012523234e-16 8.8817841970012523234e-16 1.0658141036401502788e-14 8.8817841970012523234e-16 0 2.2204460492503130808e-15 -1.3322676295501878485e-15 1.3322676295501878485e-15 4.4408920985006261617e-15 2.664535259100375697e-15 -1.7763568394002504647e-15 8.8817841970012523234e-16 4.4408920985006261617e-15 0 3.5527136788005009294e-15 8.8817841970012523234e-16 2.664535259100375697e-15 1.7763568394002504647e-15 -2.8421709430404007435e-14 3.5527136788005009294e-15 4.4408920985006261617e-15 4.4408920985006261617e-15 -8.8817841970012523234e-16 5.329070518200751394e-15 -8.8817841970012523234e-16 -1.3322676295501878485e-15 2.664535259100375697e-15 2.5881679022177195293e-08 8.8817841970012523234e-16 7.1054273576010018587e-15
8.8817841970012523234e-16 -8.8817841970012523234e-16 7.1054273576010018587e-15 7.1054273576010018587e-15 -2.4646425345054012723e-08 -4.7154642857094586361e-08 3.1718599302621441893e-08 8.8817841970012523234e-16 -1.5987211554602254182e-14 4.4408920985006261617e-15 2.664535259100375697e-15 1.7763568394002504647e-15 -8.8817841970012523234e-16 -2.664535259100375697e-15 1.7763568394002504647e-15 -8.8817841970012523234e-16 0 0 0 -2.2204460492503130808e-15 1.7763568394002504647e-15 -1.7763568394002504647e-15 1.7763568394002504647e-15 7.1054273576010018587e-15 3.5527136788005009294e-15 3.5527136788005009294e-15 8.8817841970012523234e-16 2.664535259100375697e-15 -2.664535259100375697e-15 -2.4868995751603506505e-14 0 4.4408920985006261617e-16 -4.4408920985006261617e-16 2.664535259100375697e-15 -1.7763568394002504647e-15 3.5527136788005009294e-15 6.6613381477509392425e-15 2.664535259100375697e-15 -1.0854774856738913513e-09 -8.8817841970012523234e-16 -3.5527136788005009294e-15
2.664535259100375697e-15 2.664535259100375697e-15 3.5527136788005009294e-15 1.7763568394002504647e-15 -8.8817841970012523234e-16 -3.5527136788005009294e-15 3.5527136788005009294e-15 6.0507403532028547488e-09 1.1198196148143324535e-08 -9.0837346533589879982e-09 0 3.5527136788005009294e-15 8.8817841970012523234e-16 0 2.664535259100375697e-15 8.8817841970012523234e-16 1.3322676295501878485e-15 3.1086244689504383132e-15 0 2.2204460492503130808e-15 -8.8817841970012523234e-16 -8.8817841970012523234e-16 3.5527136788005009294e-15 7.9936057773011270911e-15 -6.2172489379008766264e-15 1.7763568394002504647e-15 -1.7763568394002504647e-15 1.7763568394002504647e-15 4.4408920985006261617e-15 2.664535259100375697e-15 -7.1054273576010018587e-15 1.7763568394002504647e-15 1.7763568394002504647e-15 1.7763568394002504647e-15 8.8817841970012523234e-16 -3.5527136788005009294e-15 -5.329070518200751394e-15 0 -8.8817841970012523234e-16 2.664535259100375697e-15 4.4408920985006261617e-16
8.8817841970012523234e-16 -8.8817841970012523234e-16 -2.664535259100375697e-15 1.3322676295501878485e-15 3.5527136788005009294e-15 4.4408920985006261617e-16 -3.5527136788005009294e-15 -1.7763568394002504647e-15 -1.7763568394002504647e-15 3.5527136788005009294e-15 -2.9653847377630881965e-08 1.5173867495832382701e-08 2.9916691346443258226e-10 -3.5527136788005009294e-15 8.8817841970012523234e-16 -1.7763568394002504647e-15 2.664535259100375697e-15 -2.664535259100375697e-15 -2.664535259100375697e-15 0 -4.4408920985006261617e-16 5.329070518200751394e-15 -1.7763568394002504647e-15 0 3.5527136788005009294e-15 2.664535259100375697e-15 -2.664535259100375697e-15 5.329070518200751394e-15 2.664535259100375697e-15 -2.664535259100375697e-15 2.8421709430404007435e-14 7.1054273576010018587e-15 5.329070518200751394e-15 -1.7763568394002504647e-15 3.5527136788005009294e-15 1.7763568394002504647e-15 2.664535259100375697e-15 1.7763568394002504647e-15 1.7763568394002504647e-15 -8.8817841970012523234e-16 8.8817841970012523234e-16
-8.8817841970012523234e-16 2.2204460492503130808e-15 -4.4408920985006261617e-16 0 8.8817841970012523234e-16 1.7763568394002504647e-15 2.2204460492503130808e-15 2.664535259100375697e-15 -1.7763568394002504647e-15 -1.7763568394002504647e-15 0 8.8817841970012523234e-15 -1.7763568394002504647e-15 -4.2845357484111445956e-08 6.2172489379008766264e-15 -2.664535259100375697e-15 7.9936057773011270911e-15 1.7763568394002504647e-15 1.7763568394002504647e-15 2.664535259100375697e-15 4.4408920985006261617e-15 8.8817841970012523234e-16 -3.1086244689504383132e-15 2.664535259100375697e-15 2.664535259100375697e-15 -4.4408920985006261617e-15 -1.7763568394002504647e-15 8.8817841970012523234e-16 -5.329070518200751394e-15 3.5527136788005009294e-15 0 4.9737991503207013011e-14 -3.5527136788005009294e-15 2.664535259100375697e-15 -8.8817841970012523234e-16 7.1054273576010018587e-15 2.664535259100375697e-15 0 -8.8817841970012523234e-16 -8.8817841970012523234e-16 3.5527136788005009294e-15
