tests/data/reference/gistest_nucice/full/control/massbalance.asc
ncols        123
nrows        77
xllcorner    -713746.799299980048
yllcorner    -1061022.369616159936
cellsize     10.000000000000
NODATA_value -9999
[rows 36 to 53 of 77, columns 40 to 79 of 123]
0 4.4408920985006261617e-16 -8.8817841970012523234e-16 0 -1.7763568394002504647e-15 1.3322676295501878485e-15 8.8817841970012523234e-16 4.4408920985006261617e-16 2.2204460492503130808e-15 2.664535259100375697e-15 -8.8817841970012523234e-16 8.8817841970012523234e-16 -2.2204460492503130808e-16 2.2204460492503130808e-15 8.8817841970012523234e-16 -2.5197351760652964003e-08 -4.0397083012067014351e-08 -2.4013814936552080326e-08 4.5189523234512307681e-08 -8.8817841970012523234e-16 4.4408920985006261617e-16 -8.8817841970012523234e-16 -5.329070518200751394e-15 8.8817841970012523234e-16 8.8817841970012523234e-16 -4.4408920985006261617e-15 8.8817841970012523234e-16 3.5527136788005009294e-15 2.664535259100375697e-15 -4.4408920985006261617e-15 8.8817841970012523234e-16 0 6.6613381477509392425e-16 -2.7265656399322324432e-09 -3.5527136788005009294e-15 0 -8.8817841970012523234e-16 2.664535259100375697e-15 8.8817841970012523234e-16 0
2.2204460492503130808e-15 0 8.8817841970012523234e-16 2.2204460492503130808e-16 -1.1102230246251565404e-15 -2.2204460492503130808e-16 6.6613381477509392425e-16 4.4408920985006261617e-16 3.5527136788005009294e-15 1.3322676295501878485e-15 -4.4408920985006261617e-16 1.7763568394002504647e-15 -8.8817841970012523234e-16 1.7763568394002504647e-15 1.3322676295501878485e-15 4.4408920985006261617e-15 -2.664535259100375697e-15 -5.329070518200751394e-15 0 1.6822752968437271193e-08 5.261566116132598836e-08 3.3207584237970877439e-08 2.4092628336802590638e-08 -2.568768309174629394e-08 -9.3256829813981312327e-08 -3.6424694371817167848e-09 3.3895787510118680075e-08 1.7101979210565332323e-07 -5.0936989737238036469e-08 -4.4408920985006261617e-15 2.664535259100375697e-15 -4.4408920985006261617e-15 4.4408920985006261617e-15 0 1.835019247664604336e-09 -2.664535259100375697e-15 8.8817841970012523234e-16 4.4408920985006261617e-15 7.9936057773011270911e-15 6.2172489379008766264e-15
-2.2204460492503130808e-16 6.6613381477509392425e-16 0 -4.4408920985006261617e-16 3.1086244689504383132e-15 -2.664535259100375697e-15 8.8817841970012523234e-16 1.7763568394002504647e-15 -2.2204460492503130808e-16 -4.4408920985006261617e-16 -2.2204460492503130808e-16 4.4408920985006261617e-16 0 4.4408920985006261617e-15 -3.1086244689504383132e-15 -4.7250409807020332664e-08 -2.6925278007183806039e-08 -7.8645214784955896903e-09 -2.4862828240657108836e-08 -4.0296299630426801741e-10 -3.025913741794283851e-08 -1.1314689629671192961e-08 -3.850401242289080983e-08 2.9022835690284409793e-08 4.5893578715094918152e-08 -5.4079087874470133102e-08 -5.0022535447169502731e-08 -4.7783366596831911011e-08 -5.902300870275212219e-08 -8.2746311136361327954e-08 1.3661815501109231263e-07 0 -8.8817841970012523234e-16 1.7763568394002504647e-15 1.739223876029427629e-09 6.2172489379008766264e-15 1.7763568394002504647e-15 -8.8817841970012523234e-16 -5.329070518200751394e-15 3.1086244689504383132e-15
6.6613381477509392425e-16 -4.4408920985006261617e-16 -4.4408920985006261617e-16 8.8817841970012523234e-16 4.4408920985006261617e-16 0 2.2204460492503130808e-15 2.2204460492503130808e-15 0 -1.7763568394002504647e-15 3.5527136788005009294e-15 5.329070518200751394e-15 4.4408920985006261617e-16 -5.8840825545303232502e-09 -1.2038221086640987778e-08 2.664535259100375697e-15 1.7763568394002504647e-15 2.664535259100375697e-15 -8.8817841970012523234e-16 -3.5527136788005009294e-15 2.664535259100375697e-15 4.4408920985006261617e-16 2.664535259100375697e-15 0 8.8817841970012523234e-16 0 3.5527136788005009294e-15 -8.8817841970012523234e-16 6.2172489379008766264e-15 -1.7763568394002504647e-15 1.4210854715202003717e-14 1.0136898254131665453e-07 2.3369022983388276771e-07 -1.2452616715563635807e-07 1.4681381799164228141e-07 6.8260490593274880666e-09 -3.5527136788005009294e-15 8.8817841970012523234e-16 -2.664535259100375697e-15 1.7763568394002504647e-15
1.3322676295501878485e-15 -1.7763568394002504647e-15 1.7763568394002504647e-15 -1.7763568394002504647e-15 8.8817841970012523234e-16 2.664535259100375697e-15 -1.7763568394002504647e-15 0 1.7763568394002504647e-15 3.9968028886505635455e-15 0 2.664535259100375697e-15 -2.1328119714780768845e-08 0 -1.7763568394002504647e-15 2.664535259100375697e-15 -1.3322676295501878485e-15 0 1.7763568394002504647e-15 1.7763568394002504647e-15 2.664535259100375697e-15 5.329070518200751394e-15 8.8817841970012523234e-16 2.2204460492503130808e-15 2.664535259100375697e-15 8.8817841970012523234e-16 2.664535259100375697e-15 -6.2172489379008766264e-15 -8.8817841970012523234e-16 -3.3303892976732640818e-09 1.2961328010874240135e-08 8.0480155872919567628e-10 -8.4324902616117469734e-10 -2.5979218776228663046e-14 5.329070518200751394e-15 2.0494627506195683964e-07 -4.4617863181883876678e-08 -8.8817841970012523234e-16 -1.7763568394002504647e-15 -6.6613381477509392425e-16
4.4408920985006261617e-16 -8.8817841970012523234e-16 3.1086244689504383132e-15 1.7763568394002504647e-15 1.7763568394002504647e-15 1.7763568394002504647e-15 1.7763568394002504647e-15 1.7763568394002504647e-15 8.8817841970012523234e-16 1.7763568394002504647e-15 1.716947650720612728e-08 -1.7985037459311570274e-08 1.7763568394002504647e-15 -8.8817841970012523234e-16 2.664535259100375697e-15 4.4408920985006261617e-16 8.8817841970012523234e-16 6.2172489379008766264e-15 1.7763568394002504647e-15 -2.664535259100375697e-15 8.8817841970012523234e-16 4.4408920985006261617e-16 1.7763568394002504647e-15 -8.8817841970012523234e-16 -8.8817841970012523234e-16 -2.664535259100375697e-15 2.664535259100375697e-15 0 1.0643574910318420734e-09 7.9936057773011270911e-15 2.664535259100375697e-15 1.7763568394002504647e-15 1.7763568394002504647e-15 -9999 -9999 -9999 4.0803854517434956506e-08 -1.7702888044368592091e-08 0 -9999
-1.4210854715202003717e-14 1.5987211554602254182e-14 7.1054273576010018587e-15 -5.329070518200751394e-15 1.2434497875801753253e-14 -6.2172489379008766264e-15 -8.8817841970012523234e-16 3.5527136788005009294e-15 2.664535259100375697e-15 -2.2702895563497804687e-08 4.4408920985006261617e-16 7.9936057773011270911e-15 3.5527136788005009294e-15 -2.2204460492503130808e-15 3.9968028886505635455e-15 4.4408920985006261617e-16 8.8817841970012523234e-16 -4.4408920985006261617e-16 4.4408920985006261617e-15 -8.8817841970012523234e-16 0 -2.2204460492503130808e-15 1.7763568394002504647e-15 8.8817841970012523234e-16 2.2204460492503130808e-15 3.9968028886505635455e-15 -1.7763568394002504647e-15 4.10945943940532743e-10 1.7763568394002504647e-15 0 1.3322676295501878485e-15 3.5527136788005009294e-15 0 -1.7763568394002504647e-15 1.7763568394002504647e-15 -9999 -9999 -9999 1.0530759375626530527e-08 -9999
7.9936057773011270911e-15 -1.7763568394002504647e-15 2.2204460492503130808e-15 4.8849813083506887779e-15 2.664535259100375697e-15 0 2.2204460492503130808e-15 3.1086244689504383132e-15 8.7367304502095066709e-09 3.1086244689504383132e-15 -4.8849813083506887779e-15 3.5527136788005009294e-15 5.329070518200751394e-15 3.5527136788005009294e-15 5.329070518200751394e-15 8.8817841970012523234e-16 8.8817841970012523234e-16 2.664535259100375697e-15 4.4408920985006261617e-16 8.8817841970012523234e-16 1.3322676295501878485e-15 -1.3322676295501878485e-15 2.664535259100375697e-15 0 -2.664535259100375697e-15 3.5527136788005009294e-15 -3.4147920047189472825e-09 -1.7763568394002504647e-15 0 -1.3322676295501878485e-15 -3.5527136788005009294e-15 1.7763568394002504647e-15 8.8817841970012523234e-16 3.1086244689504383132e-15 4.8849813083506887779e-15 0 5.329070518200751394e-15 -9999 -9999 -9999
-2.7480062669837934664e-09 -1.594272802662999311e-08 -2.0696436564549003378e-08 -1.0910813585951473215e-08 2.5557959304478572449e-08 -4.5380019741969590541e-09 -7.8492270461083535338e-09 -1.8933839385226747254e-08 -8.8817841970012523234e-16 2.664535259100375697e-15 2.664535259100375697e-15 -4.4408920985006261617e-16 -1.7763568394002504647e-15 1.3322676295501878485e-15 -4.4408920985006261617e-16 -1.7763568394002504647e-15 -1.3322676295501878485e-15 1.7763568394002504647e-15 2.664535259100375697e-15 1.3322676295501878485e-15 -8.8817841970012523234e-16 -8.8817841970012523234e-16 8.8817841970012523234e-16 1.7763568394002504647e-15 8.8817841970012523234e-16 2.8984317168578854762e-09 2.2204460492503130808e-15 4.4408920985006261617e-16 5.329070518200751394e-15 8.8817841970012523234e-16 3.5527136788005009294e-15 0 -1.7763568394002504647e-15 -2.664535259100375697e-15 1.7763568394002504647e-15 -8.8817841970012523234e-16 -3.9968028886505635455e-15 -1.5543122344752191566e-15 -9999 -9999
4.4408920985006261617e-15 -1.7763568394002504647e-15 -8.8817841970012523234e-16 5.329070518200751394e-15 -1.7763568394002504647e-15 5.329070518200751394e-15 8.8817841970012523234e-16 1.7763568394002504647e-15 1.7763568394002504647e-15 1.7763568394002504647e-15 3.5527136788005009294e-15 1.7763568394002504647e-15 0 4.4408920985006261617e-16 5.7731597280508140102e-15 2.2204460492503130808e-15 6.6613381477509392425e-15 1.7763568394002504647e-15 0 8.8817841970012523234e-16 -8.8817841970012523234e-16 8.8817841970012523234e-16 1.7763568394002504647e-15 -8.8817841970012523234e-16 -6.2915539444929891033e-09 -2.664535259100375697e-15 8.8817841970012523234e-16 0 2.2204460492503130808e-15 4.4408920985006261617e-16 -8.8817841970012523234e-16 4.4408920985006261617e-16 0 -8.8817841970012523234e-16 -4.4408920985006261617e-16 2.664535259100375697e-15 0 -9999 -9999 8.8817841970012523234e-16
6.2172489379008766264e-15 6.2172489379008766264e-15 0 -6.6613381477509392425e-15 3.5527136788005009294e-15 3.9968028886505635455e-15 0 -1.7763568394002504647e-15 2.664535259100375697e-15 4.4408920985006261617e-16 2.664535259100375697e-15 1.7763568394002504647e-15 1.7763568394002504647e-15 -2.664535259100375697e-15 8.8817841970012523234e-16 -1.7763568394002504647e-15 0 -4.4408920985006261617e-16 1.3322676295501878485e-15 1.3322676295501878485e-15 8.8817841970012523234e-16 -1.3322676295501878485e-15 8.8817841970012523234e-16 -2.6821869170134959859e-09 8.8817841970012523234e-16 0 -3.1086244689504383132e-15 4.4408920985006261617e-16 -1.3322676295501878485e-15 0 2.2204460492503130808e-15 1.7763568394002504647e-15 8.8817841970012523234e-16 1.7763568394002504647e-15 8.8817841970012523234e-16 1.3322676295501878485e-15 -1.7763568394002504647e-15 -9999 6.6613381477509392425e-16 1.1102230246251565404e-15
-1.7763568394002504647e-15 3.1086244689504383132e-15 4.4408920985006261617e-15 8.8817841970012523234e-16 0 3.1086244689504383132e-15 4.4408920985006261617e-15 2.664535259100375697e-15 2.664535259100375697e-15 8.8817841970012523234e-16 4.4408920985006261617e-15 3.5527136788005009294e-15 8.8817841970012523234e-16 0 3.5527136788005009294e-15 1.3322676295501878485e-15 8.8817841970012523234e-16 -4.4408920985006261617e-16 -4.4408920985006261617e-16 0 3.5527136788005009294e-15 -1.3322676295501878485e-15 -3.1724614046879651141e-09 2.664535259100375697e-15 -2.2204460492503130808e-15 8.8817841970012523234e-16 -4.4408920985006261617e-16 1.3322676295501878485e-15 -4.4408920985006261617e-16 -8.8817841970012523234e-16 -4.4408920985006261617e-16 -8.8817841970012523234e-16 8.8817841970012523234e-16 -1.3322676295501878485e-15 -1.3322676295501878485e-15 4.8849813083506887779e-15 2.2204460492503130808e-16 -9999 2.2204460492503130808e-16 4.4408920985006261617e-16
0 6.2172489379008766264e-15 3.9968028886505635455e-15 8.8817841970012523234e-16 8.8817841970012523234e-16 1.3322676295501878485e-15 -2.664535259100375697e-15 -4.4408920985006261617e-16 -4.4408920985006261617e-16 0 4.4408920985006261617e-16 2.664535259100375697e-15 1.7763568394002504647e-15 -1.7763568394002504647e-15 2.2204460492503130808e-15 2.2204460492503130808e-16 6.6613381477509392425e-16 -2.2204460492503130808e-16 0 -1.7763568394002504647e-15 8.8817841970012523234e-16 -1.9003909557113729534e-09 1.3322676295501878485e-15 8.8817841970012523234e-16 -2.2204460492503130808e-16 2.2204460492503130808e-16 -2.2204460492503130808e-15 0 -6.6613381477509392425e-16 -6.6613381477509392425e-16 -6.6613381477509392425e-16 -1.3322676295501878485e-15 0 2.2204460492503130808e-16 -1.3322676295501878485e-15 0 0 -9999 -1.1102230246251565404e-16 2.2204460492503130808e-15
1.7763568394002504647e-15 2.664535259100375697e-15 8.8817841970012523234e-16 2.664535259100375697e-15 4.8849813083506887779e-15 2.2204460492503130808e-15 3.5527136788005009294e-15 3.1086244689504383132e-15 -4.4408920985006261617e-16 4.4408920985006261617e-15 1.7763568394002504647e-15 1.3322676295501878485e-15 3.5527136788005009294e-15 -4.4408920985006261617e-16 -1.1102230246251565404e-15 1.3322676295501878485e-15 4.4408920985006261617e-16 0 8.8817841970012523234e-16 -1.1102230246251565404e-15 -3.1048514870235521812e-09 5.7731597280508140102e-15 -2.2204460492503130808e-16 -6.6613381477509392425e-16 8.8817841970012523234e-16 8.8817841970012523234e-16 -8.8817841970012523234e-16 1.7763568394002504647e-15 1.7763568394002504647e-15 0 -2.2204460492503130808e-15 2.664535259100375697e-15 0 3.5527136788005009294e-15 -2.2204460492503130808e-16 -4.4408920985006261617e-16 8.8817841970012523234e-16 -9999 -2.2204460492503130808e-16 -1.7763568394002504647e-15
8.8817841970012523234e-16 2.2204460492503130808e-15 8.8817841970012523234e-16 4.4408920985006261617e-16 5.329070518200751394e-15 2.664535259100375697e-15 2.664535259100375697e-15 8.8817841970012523234e-15 -8.8817841970012523234e-16 0 1.3322676295501878485e-15 8.8817841970012523234e-16 2.664535259100375697e-15 5.329070518200751394e-15 1.7763568394002504647e-15 7.1054273576010018587e-15 0 -2.664535259100375697e-15 -2.9201530082900717389e-10 1.068652721869511879e-09 0 -6.6613381477509392425e-16 1.7763568394002504647e-15 -1.3322676295501878485e-15 -4.4408920985006261617e-16 4.4408920985006261617e-16 8.8817841970012523234e-16 4.4408920985006261617e-16 3.5527136788005009294e-15 2.664535259100375697e-15 1.7763568394002504647e-15 5.329070518200751394e-15 -3.5527136788005009294e-15 8.8817841970012523234e-16 2.664535259100375697e-15 0 -1.7763568394002504647e-15 -9999 4.4408920985006261617e-16 -4.4408920985006261617e-16
8.8817841970012523234e-16 2.2204460492503130808e-15 1.7763568394002504647e-15 -3.9968028886505635455e-15 1.7763568394002504647e-15 1.7763568394002504647e-15 -8.8817841970012523234e-16 5.329070518200751394e-15 0 -1.3322676295501878485e-15 -1.3322676295501878485e-15 4.4408920985006261617e-16 -1.7763568394002504647e-15 -4.4408920985006261617e-16 1.154631945610162802e-14 -7.9936057773011270911e-15 1.5987211554602254182e-14 7.1054273576010018587e-15 3.5527136788005009294e-15 4.4408920985006261617e-16 -7.1054273576010018587e-15 3.5527136788005009294e-15 6.2172489379008766264e-15 0 1.7763568394002504647e-15 5.329070518200751394e-15 -8.8817841970012523234e-16 -4.4408920985006261617e-16 0 4.4408920985006261617e-15 -1.7763568394002504647e-15 8.8817841970012523234e-16 4.4408920985006261617e-15 1.7763568394002504647e-15 7.1054273576010018587e-15 -8.8817841970012523234e-16 1.7763568394002504647e-15 -9999 2.2204460492503130808e-16 -4.4408920985006261617e-16
1.7763568394002504647e-15 0 4.4408920985006261617e-15 -8.8817841970012523234e-16 -8.8817841970012523234e-16 -1.7763568394002504647e-15 -1.3322676295501878485e-15 0 8.8817841970012523234e-16 1.3322676295501878485e-15 -8.8817841970012523234e-16 -5.329070518200751394e-15 4.4408920985006261617e-15 1.3322676295501878485e-15 2.2204460492503130808e-16 7.1054273576010018587e-15 2.664535259100375697e-15 3.9968028886505635455e-15 2.2204460492503130808e-15 7.9936057773011270911e-15 6.6613381477509392425e-15 -1.7763568394002504647e-15 8.8817841970012523234e-16 1.7763568394002504647e-15 2.664535259100375697e-15 -8.8817841970012523234e-16 8.8817841970012523234e-16 1.3322676295501878485e-15 -2.2204460492503130808e-16 1.3322676295501878485e-15 -4.4408920985006261617e-16 1.3322676295501878485e-15 1.7763568394002504647e-15 1.7763568394002504647e-15 3.1086244689504383132e-15 8.8817841970012523234e-16 -6.6613381477509392425e-16 -9999 -2.2204460492503130808e-16 4.4408920985006261617e-16
4.4408920985006261617e-16 -3.1086244689504383132e-15 2.664535259100375697e-15 3.5527136788005009294e-15 8.8817841970012523234e-16 0 0 -2.2204460492503130808e-16 6.6613381477509392425e-16 -2.2204460492503130808e-16 1.2434497875801753253e-14 0 2.664535259100375697e-15 2.664535259100375697e-15 1.7763568394002504647e-15 -8.8817841970012523234e-16 2.2204460492503130808e-15 -4.4408920985006261617e-16 -1.7763568394002504647e-15 0 5.329070518200751394e-15 2.664535259100375697e-15 -5.329070518200751394e-15 3.5527136788005009294e-15 2.664535259100375697e-15 3.5527136788005009294e-15 -8.8817841970012523234e-16 8.8817841970012523234e-16 0 7.5495165674510644749e-15 -4.4408920985006261617e-15 3.5527136788005009294e-15 2.664535259100375697e-15 -3.5527136788005009294e-15 1.7763568394002504647e-15 2.664535259100375697e-15 -1.7763568394002504647e-15 -9999 -2.2204460492503130808e-16 0
