tests/data/reference/gistest_nucice/full/control/massbalance.asc
ncols        125
nrows        78
xllcorner    -713756.799299980048
yllcorner    -1061032.369616159936
cellsize     10.000000000000
NODATA_value  -9999
[rows 17 to 33 of 78, columns 0 to 38 of 125]
-9999 -9999 -9999 -9999 -9999 -9999 -9999 -9999 -9999 -9999 -9999 -9999 -9999 -9999 -9999 -9999 -9999 -9999 -9999 7.771561172376095783e-16 1.6653345369377348106e-15 2.553512956637860043e-15 1.6653345369377348106e-15 1.6653345369377348106e-15 -5.4400928206632670481e-15 5.5511151231257827021e-16 2.2204460492503130808e-16 1.1902645535855072012e-11 4.4408920985006261617e-16 -5.4400928206632670481e-15 -1.8873791418627661187e-15 7.771561172376095783e-16 3.3306690738754696213e-16 5.5511151231257827021e-16 6.9944050551384862047e-15 1.4432899320127035026e-15 1.6653345369377348106e-15 -5.4400928206632670481e-15 -9.9920072216264088638e-16
-9999 -9999 -9999 -9999 -9999 -9999 -9999 -9999 -9999 -9999 -9999 -9999 -9999 -9999 -9999 -9999 -9999 -9999 1.3322676295501878485e-15 7.771561172376095783e-16 2.1094237467877974268e-15 1.6653345369377348106e-15 -7.2164496600635175128e-15 1.2212453270876721945e-15 7.771561172376095783e-16 9.8809849191638932098e-15 -4.7278292392149978696e-12 -5.329070518200751394e-15 -1.1102230246251565404e-16 1.1102230246251565404e-15 6.9944050551384862047e-15 3.3306690738754696213e-16 1.2212453270876721945e-15 -1.1102230246251565404e-16 1.6653345369377348106e-15 1.2212453270876721945e-15 6.9944050551384862047e-15 1.0547118733938987134e-14 -9.9920072216264088638e-16
-9999 -9999 -9999 -9999 -9999 -9999 -9999 -9999 -9999 -9999 -9999 -9999 -9999 -9999 -9999 -9999 -9999 1.3322676295501878485e-15 7.771561172376095783e-16 7.771561172376095783e-16 3.3306690738754696213e-16 -3.6637359812630165834e-15 7.771561172376095783e-16 8.8817841970012523234e-16 9.9920072216264088638e-16 -3.2645552927590415493e-12 -2.2426505097428162117e-14 0 2.8310687127941491781e-14 7.771561172376095783e-16 -1.0769163338864018442e-14 3.3306690738754696213e-16 1.1102230246251565404e-15 7.771561172376095783e-16 -8.9928064994637679774e-15 -9.9920072216264088638e-16 -7.2164496600635175128e-15 -7.2164496600635175128e-15 2.553512956637860043e-15
-9999 -9999 -9999 -9999 -9999 -9999 -9999 -9999 -9999 -9999 -9999 -9999 -9999 -9999 -9999 -9999 8.8817841970012523234e-16 -1.1102230246251565404e-15 8.8817841970012523234e-16 1.7763568394002504647e-15 1.0547118733938987134e-14 -1.1102230246251565404e-16 1.2212453270876721945e-15 7.771561172376095783e-16 -3.2028268925898828456e-12 -1.1910750163934835655e-11 2.1205259770340489922e-14 -7.2164496600635175128e-15 -2.498001805406602216e-14 7.771561172376095783e-16 3.4416913763379852753e-15 7.771561172376095783e-16 1.2212453270876721945e-15 -9.9920072216264088638e-16 1.6653345369377348106e-15 3.3306690738754696213e-16 -3.6637359812630165834e-15 1.6653345369377348106e-15 6.9944050551384862047e-15
-9999 -9999 -9999 -9999 -9999 -9999 -9999 -9999 -9999 -9999 -9999 -9999 -9999 -9999 -9999 -9999 1.3322676295501878485e-15 2.2204460492503130808e-15 1.7763568394002504647e-15 1.7763568394002504647e-14 1.3322676295501878485e-15 1.1102230246251565404e-15 8.8817841970012523234e-16 -1.1102230246251565404e-16 1.1709022640360444711e-11 -3.5527136788005009294e-15 6.9944050551384862047e-15 1.0547118733938987134e-14 1.7652546091539988993e-14 7.771561172376095783e-16 1.2323475573339237599e-14 1.2212453270876721945e-15 7.771561172376095783e-16 3.4416913763379852753e-15 1.0547118733938987134e-14 3.8857805861880478915e-15 6.9944050551384862047e-15 5.21804821573823574e-15 7.771561172376095783e-16
-9999 -9999 -9999 -9999 -9999 -9999 -9999 -9999 -9999 -9999 -9999 -9999 -9999 -9999 -9999 -9999 4.4408920985006261617e-16 2.2204460492503130808e-15 -4.4408920985006261617e-16 0 9.9920072216264088638e-16 1.3322676295501878485e-15 6.6613381477509392425e-16 -5.500766508959031853e-12 1.9984014443252817728e-15 -7.1054273576010018587e-15 -3.6637359812630165834e-15 1.4099832412739488063e-14 -7.2164496600635175128e-15 1.2212453270876721945e-15 -3.6637359812630165834e-15 1.2212453270876721945e-15 3.3306690738754696213e-16 3.8857805861880478915e-15 -3.6637359812630165834e-15 -1.8873791418627661187e-15 -8.9928064994637679774e-15 -1.8873791418627661187e-15 1.1102230246251565404e-15
-9999 -9999 -9999 -9999 -9999 -9999 -9999 -9999 -9999 -9999 -9999 -9999 -9999 -9999 -9999 8.8817841970012523234e-16 4.4408920985006261617e-16 -1.7763568394002504647e-15 3.5527136788005009294e-15 8.8817841970012523234e-16 2.2204460492503130808e-16 6.6613381477509392425e-16 -4.0610292906251288514e-12 4.4408920985006261617e-16 -7.1054273576010018587e-15 5.329070518200751394e-15 0 -1.7763568394002504647e-14 0 7.771561172376095783e-16 -3.6637359812630165834e-15 7.771561172376095783e-16 -3.3306690738754696213e-16 7.771561172376095783e-16 -1.1102230246251565404e-16 2.1205259770340489922e-14 1.2323475573339237599e-14 3.4416913763379852753e-15 1.1102230246251565404e-15
-9999 -9999 -9999 -9999 -9999 -9999 -9999 -9999 -9999 -9999 -9999 -9999 -9999 -9999 -9999 1.3322676295501878485e-15 -3.5527136788005009294e-14 4.2632564145606011152e-14 -8.8817841970012523234e-16 1.1102230246251565404e-15 6.6613381477509392425e-16 -1.0227929614359254629e-12 -2.253142117325523941e-12 1.2212453270876721945e-15 8.8817841970012523234e-16 4.4408920985006261617e-15 1.4210854715202003717e-14 1.7763568394002504647e-14 1.4210854715202003717e-14 -1.3322676295501878485e-15 6.6613381477509392425e-16 1.4099832412739488063e-14 1.2212453270876721945e-15 9.9920072216264088638e-16 1.6653345369377348106e-15 1.0547118733938987134e-14 -3.6637359812630165834e-15 -2.142730437526552123e-14 1.2212453270876721945e-15
-9999 -9999 -9999 -9999 -9999 -9999 -9999 -9999 -9999 -9999 -9999 -9999 -9999 -9999 -9999 1.4210854715202003717e-14 8.8817841970012523234e-16 8.8817841970012523234e-16 6.6613381477509392425e-16 6.6613381477509392425e-16 6.6613381477509392425e-16 2.0777823905859804654e-13 -1.3322676295501878485e-15 1.7763568394002504647e-15 -6.6613381477509392425e-16 4.4408920985006261617e-16 -1.7763568394002504647e-15 -3.5527136788005009294e-14 -7.1054273576010018587e-15 1.7763568394002504647e-15 8.8817841970012523234e-16 1.5543122344752191566e-15 -1.2434497875801753253e-14 -4.4408920985006261617e-16 7.771561172376095783e-16 3.3306690738754696213e-16 -2.8532731732866523089e-14 1.3322676295501878485e-15 2.2981616609740740387e-14
-9999 -9999 -9999 -9999 -9999 -9999 -9999 -9999 -9999 -9999 -9999 -9999 -9999 1.5543122344752191566e-15 6.6613381477509392425e-16 2.664535259100375697e-15 8.8817841970012523234e-16 6.6613381477509392425e-16 8.8817841970012523234e-16 6.6613381477509392425e-16 -4.7240544809312723373e-12 -1.1102230246251565404e-16 3.6082248300317587564e-15 1.3322676295501878485e-15 1.8318679906315082917e-15 0 4.4408920985006261617e-16 -9.2370555648813024163e-14 -1.0658141036401502788e-14 3.5527136788005009294e-15 1.5543122344752191566e-15 8.8817841970012523234e-16 0 1.0658141036401502788e-14 0 8.8817841970012523234e-16 -5.5511151231257827021e-16 3.541611448554249364e-14 5.5511151231257827021e-16
-9999 -9999 -9999 -9999 -9999 -9999 -9999 -9999 -9999 -9999 -9999 -9999 -9999 -9999 1.1102230246251565404e-15 -2.2204460492503130808e-16 2.2204460492503130808e-16 8.8817841970012523234e-16 5.5511151231257827021e-16 9.1632257337437295064e-13 2.4424906541753443889e-15 -4.4408920985006261617e-16 2.664535259100375697e-15 8.8817841970012523234e-16 -1.0658141036401502788e-14 3.5527136788005009294e-15 2.8421709430404007435e-14 -1.7763568394002504647e-14 2.1316282072803005576e-14 7.1054273576010018587e-15 8.8817841970012523234e-16 6.6613381477509392425e-16 1.3322676295501878485e-15 0 -1.4210854715202003717e-14 2.664535259100375697e-15 2.2204460492503130808e-15 3.9968028886505635455e-15 1.4210854715202003717e-14
-9999 -9999 -9999 -9999 -9999 -9999 -9999 -9999 -9999 -9999 -9999 -9999 -9999 -9999 -9999 -9999 4.4408920985006261617e-16 5.5511151231257827021e-16 -3.2456815013404138881e-12 5.9562910159627335815e-12 2.664535259100375697e-15 -8.8817841970012523234e-16 8.8817841970012523234e-16 5.329070518200751394e-15 -2.664535259100375697e-15 8.8817841970012523234e-16 0 0 0 7.1054273576010018587e-14 2.4868995751603506505e-14 -8.8817841970012523234e-16 0 1.1102230246251565404e-15 5.329070518200751394e-15 2.1316282072803005576e-14 8.8817841970012523234e-16 8.8817841970012523234e-16 -1.7763568394002504647e-15
-9999 -9999 -9999 -9999 -9999 -9999 -9999 -9999 -9999 -9999 -9999 -9999 -9999 -9999 -9999 -9999 -9999 6.6613381477509392425e-16 7.340239527309222467e-13 9.4368957093138305936e-16 8.8817841970012523234e-16 1.7763568394002504647e-15 3.5527136788005009294e-15 -3.5527136788005009294e-15 -8.8817841970012523234e-16 6.2172489379008766264e-15 -2.664535259100375697e-15 3.5527136788005009294e-15 -1.7763568394002504647e-15 2.664535259100375697e-15 -8.5265128291212022305e-14 -9.9475983006414026022e-14 -4.2632564145606011152e-14 8.8817841970012523234e-16 -8.8817841970012523234e-16 -4.8849813083506887779e-15 -2.8421709430404007435e-14 1.7763568394002504647e-14 -3.5527136788005009294e-15
-9999 -9999 -9999 -9999 -9999 -9999 -9999 -9999 -9999 -9999 -9999 -9999 -9999 -9999 -9999 -9999 -9999 -9.7242769392380523641e-12 2.2204460492503130808e-16 8.8817841970012523234e-16 1.7763568394002504647e-15 -1.7763568394002504647e-15 5.684341886080801487e-14 -7.1054273576010018587e-15 2.8421709430404007435e-14 0 -2.8421709430404007435e-14 -4.9737991503207013011e-14 0 3.5527136788005009294e-14 0 -1.4210854715202003717e-14 0 1.7053025658242404461e-13 2.2737367544323205948e-13 -1.4210854715202003717e-13 2.8421709430404007435e-14 -2.2737367544323205948e-13 1.4210854715202003717e-13
-9999 -9999 -9999 -9999 -9999 -9999 -9999 -9999 -9999 -9999 -9999 -9999 -9999 -9999 -9999 -9999 1.108574343433588183e-11 9.9920072216264088638e-16 1.2212453270876721945e-15 6.9944050551384862047e-15 4.6185277824406512082e-14 2.1316282072803005576e-14 -2.664535259100375697e-15 0 5.329070518200751394e-15 0 -3.1974423109204508364e-14 -1.0658141036401502788e-14 1.4210854715202003717e-14 8.5265128291212022305e-14 -6.3948846218409016728e-14 1.4210854715202003717e-14 4.9737991503207013011e-14 -4.9737991503207013011e-14 -1.4210854715202003717e-14 -7.1054273576010018587e-15 -1.4210854715202003717e-14 1.2789769243681803346e-13 -8.5265128291212022305e-14
-9999 -9999 -9999 -9999 -9999 -9999 -9999 -9999 -9999 -9999 -9999 -9999 -9999 -9999 -9999 3.0828117836279034236e-12 1.2515932734658008485e-11 3.5527136788005009294e-15 1.7763568394002504647e-15 7.882583474838611437e-15 -1.0769163338864018442e-14 3.9968028886505635455e-15 1.7763568394002504647e-15 -2.664535259100375697e-15 3.5527136788005009294e-15 -8.8817841970012523234e-15 8.8817841970012523234e-16 -5.329070518200751394e-15 -4.5519144009631418157e-15 -1.1102230246251565404e-16 -7.1054273576010018587e-15 5.329070518200751394e-15 2.1316282072803005576e-14 -1.4210854715202003717e-14 2.1316282072803005576e-14 7.1054273576010018587e-15 1.5631940186722204089e-13 4.4408920985006261617e-16 0
-9999 -9999 -9999 -9999 -9999 -9999 -9999 -9999 -9999 -9999 -9999 -9999 -9999 -9999 -9999 9.2354457414955959393e-12 3.3306690738754696213e-15 7.771561172376095783e-16 -8.1046280797636427451e-15 6.9944050551384862047e-15 2.1094237467877974268e-15 7.771561172376095783e-16 4.3298697960381105077e-15 -8.8817841970012523234e-16 7.771561172376095783e-16 -1.1102230246251565404e-16 6.9944050551384862047e-15 1.3211653993039362831e-14 -3.6637359812630165834e-15 3.541611448554249364e-14 -3.6637359812630165834e-15 -4.2743586448068526806e-14 3.4416913763379852753e-15 7.771561172376095783e-16 -1.1102230246251565404e-16 -7.2164496600635175128e-15 5.5511151231257827021e-16 1.2212453270876721945e-15 4.3298697960381105077e-15
