tests/data/reference/gistest_nucice/full/control/massbalance.asc
ncols        125
nrows        78
xllcorner    -713756.799299980048
yllcorner    -1061032.369616159936
cellsize     10.000000000000
NODATA_value  -9999
[rows 18 to 35 of 78, columns 40 to 79 of 125]
1.7763568394002504647e-15 -8.8817841970012523234e-16 1.7763568394002504647e-15 6.2172489379008766264e-15 0 -8.8817841970012523234e-16 8.8817841970012523234e-16 -2.2204460492503130808e-15 6.2172489379008766264e-15 6.6613381477509392425e-16 3.3306690738754696213e-16 1.3322676295501878485e-15 4.4408920985006261617e-16 5.329070518200751394e-15 -4.4408920985006261617e-16 1.5543122344752191566e-15 4.4408920985006261617e-16 4.4408920985006261617e-16 4.4408920985006261617e-16 8.8817841970012523234e-16 5.5511151231257827021e-16 5.5511151231257827021e-16 5.5511151231257827021e-16 2.664535259100375697e-15 8.8817841970012523234e-16 4.4408920985006261617e-16 1.1102230246251565404e-15 -1.7763568394002504647e-15 1.1102230246251565404e-15 8.8817841970012523234e-16 3.5527136788005009294e-15 0 -4.4408920985006261617e-16 3.3306690738754696213e-16 -7.1054273576010018587e-14 1.7763568394002504647e-15 8.8817841970012523234e-16 0 0 4.4408920985006261617e-16
0 1.7763568394002504647e-15 -3.1086244689504383132e-15 -2.664535259100375697e-15 8.8817841970012523234e-16 5.329070518200751394e-15 4.4408920985006261617e-16 0 -4.4408920985006261617e-15 1.1102230246251565404e-15 2.2204460492503130808e-16 0 1.7763568394002504647e-15 0 -8.8817841970012523234e-16 2.2204460492503130808e-15 0 8.8817841970012523234e-16 6.6613381477509392425e-16 6.6613381477509392425e-16 -2.2204460492503130808e-16 -2.2204460492503130808e-16 0 -2.2204460492503130808e-16 -8.8817841970012523234e-16 -1.1102230246251565404e-15 0 1.3322676295501878485e-15 -8.8817841970012523234e-16 -1.7763568394002504647e-15 0 -1.3322676295501878485e-15 2.664535259100375697e-15 5.5511151231257827021e-16 6.6613381477509392425e-16 5.684341886080801487e-14 0 -8.8817841970012523234e-16 1.1102230246251565404e-15 6.6613381477509392425e-16
5.329070518200751394e-15 -3.5527136788005009294e-15 1.7763568394002504647e-15 0 4.4408920985006261617e-15 -8.8817841970012523234e-16 -4.4408920985006261617e-16 -2.2204460492503130808e-15 1.7763568394002504647e-15 4.4408920985006261617e-16 4.4408920985006261617e-16 -4.4408920985006261617e-16 6.6613381477509392425e-16 -2.2204460492503130808e-15 2.664535259100375697e-15 -2.664535259100375697e-15 1.3322676295501878485e-15 0 -8.8817841970012523234e-16 -1.3322676295501878485e-15 -6.6613381477509392425e-16 8.8817841970012523234e-16 2.2204460492503130808e-15 8.8817841970012523234e-16 1.1102230246251565404e-15 -2.664535259100375697e-15 1.7763568394002504647e-15 -8.8817841970012523234e-16 -8.8817841970012523234e-16 7.1054273576010018587e-15 -7.1054273576010018587e-15 -8.8817841970012523234e-16 -1.3322676295501878485e-15 -6.6613381477509392425e-16 5.5511151231257827021e-16 4.4408920985006261617e-16 1.8474111129762604833e-13 1.9539925233402755111e-14 4.4408920985006261617e-16 4.4408920985006261617e-16
-1.7763568394002504647e-15 2.664535259100375697e-15 3.5527136788005009294e-15 -3.5527136788005009294e-15 -2.664535259100375697e-15 -8.8817841970012523234e-16 8.8817841970012523234e-16 2.664535259100375697e-15 -8.8817841970012523234e-16 8.8817841970012523234e-16 0 4.4408920985006261617e-16 8.8817841970012523234e-16 4.4408920985006261617e-16 8.8817841970012523234e-16 -8.8817841970012523234e-16 0 8.8817841970012523234e-16 -2.2204460492503130808e-15 1.7763568394002504647e-15 -4.4408920985006261617e-16 8.8817841970012523234e-16 0 4.4408920985006261617e-16 2.664535259100375697e-15 3.1086244689504383132e-15 2.664535259100375697e-15 -1.3322676295501878485e-15 1.7763568394002504647e-15 -1.0658141036401502788e-14 1.2434497875801753253e-14 2.2204460492503130808e-15 1.7763568394002504647e-15 1.3322676295501878485e-15 0 5.5511151231257827021e-16 0 -7.1054273576010018587e-14 -8.8817841970012523234e-15 1.7763568394002504647e-15
-8.8817841970012523234e-15 1.7763568394002504647e-15 0 8.8817841970012523234e-15 -1.7763568394002504647e-15 1.7763568394002504647e-15 0 2.664535259100375697e-15 1.7763568394002504647e-15 8.8817841970012523234e-16 4.4408920985006261617e-16 6.6613381477509392425e-16 6.6613381477509392425e-16 1.7763568394002504647e-15 4.4408920985006261617e-16 -8.8817841970012523234e-16 1.7763568394002504647e-15 8.8817841970012523234e-16 -2.664535259100375697e-15 8.8817841970012523234e-16 -2.2204460492503130808e-15 1.7763568394002504647e-15 1.3322676295501878485e-15 8.8817841970012523234e-16 -8.8817841970012523234e-16 0 -2.664535259100375697e-15 -2.664535259100375697e-15 4.4408920985006261617e-16 -1.7763568394002504647e-15 -3.5527136788005009294e-15 2.2204460492503130808e-15 2.2204460492503130808e-15 3.1086244689504383132e-15 1.3322676295501878485e-15 8.8817841970012523234e-16 4.4408920985006261617e-16 2.2204460492503130808e-16 -7.1054273576010018587e-14 0
1.5987211554602254182e-14 0 -2.664535259100375697e-15 1.7763568394002504647e-15 -8.8817841970012523234e-16 8.8817841970012523234e-16 -8.8817841970012523234e-16 0 -2.664535259100375697e-15 -2.664535259100375697e-15 8.8817841970012523234e-16 4.4408920985006261617e-16 5.5511151231257827021e-16 6.6613381477509392425e-16 -8.8817841970012523234e-16 4.4408920985006261617e-16 3.5527136788005009294e-15 -1.7763568394002504647e-15 2.664535259100375697e-15 1.7763568394002504647e-15 -1.7763568394002504647e-15 3.5527136788005009294e-15 4.4408920985006261617e-16 8.8817841970012523234e-16 1.3322676295501878485e-15 1.7763568394002504647e-15 -1.3322676295501878485e-15 1.3322676295501878485e-15 1.7763568394002504647e-15 1.4210854715202003717e-14 5.329070518200751394e-15 8.8817841970012523234e-16 -2.664535259100375697e-15 -8.8817841970012523234e-16 -8.8817841970012523234e-16 -2.2204460492503130808e-16 4.4408920985006261617e-16 5.5511151231257827021e-16 4.4408920985006261617e-16 1.4210854715202003717e-14
0 5.329070518200751394e-15 0 1.7763568394002504647e-15 -8.8817841970012523234e-16 -1.7763568394002504647e-15 3.5527136788005009294e-15 -1.7763568394002504647e-15 4.4408920985006261617e-15 1.7763568394002504647e-15 4.4408920985006261617e-16 4.4408920985006261617e-16 -4.4408920985006261617e-16 2.2204460492503130808e-16 0 2.664535259100375697e-15 4.4408920985006261617e-16 -5.329070518200751394e-15 8.8817841970012523234e-16 0 7.1054273576010018587e-15 3.5527136788005009294e-15 0 -1.7763568394002504647e-15 -4.4408920985006261617e-16 -2.664535259100375697e-15 0 3.1086244689504383132e-15 2.2204460492503130808e-15 -7.1054273576010018587e-15 -1.7763568394002504647e-15 0 5.329070518200751394e-15 0 3.1086244689504383132e-15 2.2204460492503130808e-15 8.8817841970012523234e-16 6.6613381477509392425e-16 1.3322676295501878485e-15 7.771561172376095783e-16
1.0658141036401502788e-14 0 8.8817841970012523234e-16 0 7.1054273576010018587e-15 -8.8817841970012523234e-16 -8.8817841970012523234e-16 0 2.664535259100375697e-15 0 -1.3322676295501878485e-15 1.3322676295501878485e-15 6.6613381477509392425e-16 2.664535259100375697e-15 -2.2204460492503130808e-16 -8.8817841970012523234e-16 -1.3322676295501878485e-15 -8.8817841970012523234e-16 4.4408920985006261617e-15 0 -1.7763568394002504647e-15 -2.664535259100375697e-15 3.5527136788005009294e-15 -6.2172489379008766264e-15 4.4408920985006261617e-15 -8.8817841970012523234e-16 -8.8817841970012523234e-16 0 -4.4408920985006261617e-15 2.1316282072803005576e-14 3.5527136788005009294e-15 -4.4408920985006261617e-15 -5.329070518200751394e-15 -4.4408920985006261617e-16 -4.4408920985006261617e-16 0 1.3322676295501878485e-15 6.6613381477509392425e-16 -1.3322676295501878485e-15 0
-6.6613381477509392425e-16 4.9737991503207013011e-14 0 5.329070518200751394e-15 -3.5527136788005009294e-15 0 3.5527136788005009294e-15 1.7763568394002504647e-15 -5.329070518200751394e-15 -8.8817841970012523234e-16 1.7763568394002504647e-15 -8.8817841970012523234e-16 3.3306690738754696213e-16 4.4408920985006261617e-16 -4.4408920985006261617e-15 4.4408920985006261617e-16 3.9968028886505635455e-15 1.7763568394002504647e-15 0 3.5527136788005009294e-15 -2.664535259100375697e-15 1.2434497875801753253e-14 -1.7763568394002504647e-15 -2.664535259100375697e-15 1.7763568394002504647e-15 -7.1054273576010018587e-15 1.7763568394002504647e-15 8.8817841970012523234e-16 8.8817841970012523234e-16 -7.1054273576010018587e-15 5.329070518200751394e-15 7.1054273576010018587e-15 6.2172489379008766264e-15 1.7763568394002504647e-15 8.8817841970012523234e-16 -1.7763568394002504647e-15 -8.8817841970012523234e-16 -8.8817841970012523234e-16 4.4408920985006261617e-16 1.1102230246251565404e-15
-1.7763568394002504647e-14 -3.5527136788005009294e-14 7.1054273576010018587e-15 1.0658141036401502788e-14 5.329070518200751394e-15 7.1054273576010018587e-15 -2.664535259100375697e-15 9.7699626167013775557e-15 3.5527136788005009294e-15 2.664535259100375697e-15 1.7763568394002504647e-15 8.8817841970012523234e-16 1.1102230246251565404e-15 8.8817841970012523234e-16 4.4408920985006261617e-16 1.3322676295501878485e-15 8.8817841970012523234e-16 -2.664535259100375697e-15 1.7763568394002504647e-15 3.5527136788005009294e-15 -3.5527136788005009294e-15 4.4408920985006261617e-15 -8.8817841970012523234e-15 8.8817841970012523234e-16 2.664535259100375697e-15 5.329070518200751394e-15 1.154631945610162802e-14 5.329070518200751394e-15 2.664535259100375697e-15 1.4210854715202003717e-14 0 0 -5.329070518200751394e-15 -1.7763568394002504647e-15 -1.7763568394002504647e-15 1.7763568394002504647e-15 4.4408920985006261617e-15 2.2204460492503130808e-15 1.7763568394002504647e-15 -4.4408920985006261617e-16
5.5511151231257827021e-17 -7.1054273576010018587e-15 -3.5527136788005009294e-15 -5.329070518200751394e-15 3.5527136788005009294e-15 -1.7763568394002504647e-15 3.5527136788005009294e-15 -8.8817841970012523234e-15 -1.7763568394002504647e-15 -3.5527136788005009294e-15 -1.7763568394002504647e-15 4.4408920985006261617e-16 2.2204460492503130808e-16 4.4408920985006261617e-16 6.6613381477509392425e-16 0 0 4.4408920985006261617e-16 8.8817841970012523234e-16 -1.7763568394002504647e-15 -8.8817841970012523234e-16 -8.8817841970012523234e-16 8.8817841970012523234e-16 3.5527136788005009294e-15 1.7763568394002504647e-15 8.8817841970012523234e-16 8.8817841970012523234e-16 -5.329070518200751394e-15 -8.8817841970012523234e-16 1.4210854715202003717e-14 -1.7763568394002504647e-14 8.8817841970012523234e-16 1.154631945610162802e-14 0 2.664535259100375697e-15 -8.8817841970012523234e-16 -8.8817841970012523234e-16 -8.8817841970012523234e-16 -8.8817841970012523234e-16 -4.4408920985006261617e-16
2.8477220581635265262e-14 5.5511151231257827021e-17 4.2688075296837268979e-14 -1.0658141036401502788e-14 -3.5527136788005009294e-15 -5.329070518200751394e-15 8.8817841970012523234e-16 0 3.5527136788005009294e-15 8.8817841970012523234e-16 1.7763568394002504647e-15 -1.3322676295501878485e-15 -1.3322676295501878485e-15 0 4.4408920985006261617e-16 -8.8817841970012523234e-16 2.2204460492503130808e-15 3.3306690738754696213e-16 2.2204460492503130808e-16 8.8817841970012523234e-16 3.5527136788005009294e-15 -3.5527136788005009294e-15 8.8817841970012523234e-16 -4.4408920985006261617e-15 8.8817841970012523234e-15 -5.329070518200751394e-15 -5.329070518200751394e-15 -3.5527136788005009294e-15 7.9936057773011270911e-15 -2.664535259100375697e-15 -4.2632564145606011152e-14 8.8817841970012523234e-16 -9.7699626167013775557e-15 8.8817841970012523234e-16 -2.664535259100375697e-15 -2.664535259100375697e-15 -1.7763568394002504647e-15 2.2204460492503130808e-15 1.7763568394002504647e-15 2.664535259100375697e-15
5.6898930012039272697e-14 2.8427260545527133218e-13 -3.6942671144402083883e-13 -1.415534356397074589e-14 3.6082248300317587564e-15 1.0713652187632760615e-14 -1.7763568394002504647e-15 8.8817841970012523234e-15 -1.7763568394002504647e-15 2.664535259100375697e-15 0 1.3322676295501878485e-15 2.664535259100375697e-15 -8.8817841970012523234e-16 0 3.5527136788005009294e-15 -8.8817841970012523234e-16 6.6613381477509392425e-16 3.3306690738754696213e-16 4.4408920985006261617e-16 8.8817841970012523234e-16 6.2172489379008766264e-15 8.8817841970012523234e-15 4.4408920985006261617e-15 8.8817841970012523234e-16 -1.5987211554602254182e-14 5.329070518200751394e-15 -1.7763568394002504647e-15 9.7699626167013775557e-15 -3.5527136788005009294e-15 1.7763568394002504647e-15 -4.2632564145606011152e-14 -8.8817841970012523234e-16 -2.664535259100375697e-15 4.4408920985006261617e-15 6.2172489379008766264e-15 -3.5527136788005009294e-15 -1.7763568394002504647e-15 8.8817841970012523234e-16 1.3322676295501878485e-15
-9.9420471855182768195e-14 5.6898930012039272697e-14 -7.099876242477876076e-14 7.3901995634173545113e-13 5.6898930012039272697e-14 -1.7047474543119278678e-13 1.8318679906315082917e-15 7.1609385088322596857e-15 1.7763568394002504647e-15 -2.664535259100375697e-15 1.7763568394002504647e-15 -2.664535259100375697e-15 8.8817841970012523234e-16 2.2204460492503130808e-15 0 5.329070518200751394e-15 -4.4408920985006261617e-15 8.8817841970012523234e-16 4.4408920985006261617e-16 6.6613381477509392425e-16 -4.4408920985006261617e-16 3.5527136788005009294e-15 -5.329070518200751394e-15 -5.329070518200751394e-15 -2.664535259100375697e-15 8.8817841970012523234e-15 1.4210854715202003717e-14 -5.329070518200751394e-15 -8.8817841970012523234e-16 -5.329070518200751394e-15 2.664535259100375697e-15 7.1054273576010018587e-14 5.329070518200751394e-15 3.5527136788005009294e-15 -4.4408920985006261617e-15 -8.8817841970012523234e-16 5.329070518200751394e-15 -2.664535259100375697e-15 -6.2172489379008766264e-15 2.664535259100375697e-15
-1.7208456881689926377e-15 4.9960036108132044319e-16 1.8318679906315082917e-15 -5.273559366969493567e-15 -5.273559366969493567e-15 5.3845816694320092211e-15 -1.7047474543119278678e-13 1.1374234887284728757e-13 3.4111602431607934705e-13 8.9372953482325101504e-15 1.8318679906315082917e-15 3.5527136788005009294e-15 0 8.8817841970012523234e-16 0 -6.2172489379008766264e-15 8.8817841970012523234e-16 4.4408920985006261617e-16 0 -2.2204460492503130808e-16 8.8817841970012523234e-16 1.7763568394002504647e-15 0 -6.2172489379008766264e-15 1.7763568394002504647e-15 -1.7763568394002504647e-15 -3.5527136788005009294e-15 8.8817841970012523234e-15 1.0658141036401502788e-14 7.1054273576010018587e-15 0 -4.2632564145606011152e-14 -8.8817841970012523234e-15 -3.5527136788005009294e-15 0 2.664535259100375697e-15 8.8817841970012523234e-16 5.329070518200751394e-15 4.4408920985006261617e-15 -5.329070518200751394e-15
0 1.3322676295501878485e-15 -2.60902410786911787e-15 -1.2767564783189300215e-15 -8.3266726846886740532e-16 -2.60902410786911787e-15 -2.60902410786911787e-15 5.5511151231257827021e-17 7.1609385088322596857e-15 -5.6787907709576757043e-14 1.1374234887284728757e-13 3.4111602431607934705e-13 1.8318679906315082917e-15 -8.8817841970012523234e-16 -4.4408920985006261617e-15 4.4408920985006261617e-15 3.5527136788005009294e-15 -8.8817841970012523234e-16 8.8817841970012523234e-16 4.4408920985006261617e-16 1.7763568394002504647e-15 -6.6613381477509392425e-16 -4.4408920985006261617e-16 -4.4408920985006261617e-15 3.5527136788005009294e-15 6.2172489379008766264e-15 8.8817841970012523234e-15 -1.7763568394002504647e-15 -1.0658141036401502788e-14 -7.1054273576010018587e-15 1.7763568394002504647e-15 0 -5.684341886080801487e-14 -3.5527136788005009294e-15 -8.8817841970012523234e-16 1.7763568394002504647e-15 -2.664535259100375697e-15 0 3.5527136788005009294e-15 4.4408920985006261617e-15
0 -8.8817841970012523234e-16 -1.3322676295501878485e-15 0 1.8318679906315082917e-15 -8.3266726846886740532e-16 9.4368957093138305936e-16 -8.3266726846886740532e-16 4.9960036108132044319e-16 -3.8857805861880478915e-16 5.3845816694320092211e-15 9.4368957093138305936e-16 -1.1363132657038477191e-13 1.1374234887284728757e-13 -4.5469183973523286113e-13 7.1609385088322596857e-15 -3.4972025275692431023e-15 -2.664535259100375697e-15 4.4408920985006261617e-15 -8.8817841970012523234e-16 2.2204460492503130808e-15 -1.3322676295501878485e-15 -4.4408920985006261617e-16 3.5527136788005009294e-15 2.664535259100375697e-15 0 -3.5527136788005009294e-15 0 -1.7763568394002504647e-15 -8.8817841970012523234e-15 1.0658141036401502788e-14 5.329070518200751394e-15 1.1374234887284728757e-13 1.4210854715202003717e-14 2.664535259100375697e-15 -2.664535259100375697e-15 -3.5527136788005009294e-15 8.8817841970012523234e-16 -8.8817841970012523234e-16 -2.664535259100375697e-15
1.3322676295501878485e-15 1.7763568394002504647e-15 4.4408920985006261617e-16 0 1.7763568394002504647e-15 -8.8817841970012523234e-16 2.2759572004815709079e-15 1.8318679906315082917e-15 9.4368957093138305936e-16 -3.8857805861880478915e-16 9.4368957093138305936e-16 9.4368957093138305936e-16 4.4964032497318839887e-15 5.5511151231257827021e-17 1.249000902703301108e-14 2.2742918659446331731e-13 2.720046410331633524e-15 4.4964032497318839887e-15 6.2727600891321344534e-15 -8.3266726846886740532e-16 9.4368957093138305936e-16 3.6082248300317587564e-15 1.3877787807814456755e-15 5.5511151231257827021e-17 -1.7208456881689926377e-15 -4.3853809472693683347e-15 1.249000902703301108e-14 -1.7208456881689926377e-15 -1.7208456881689926377e-15 3.6082248300317587564e-15 3.6082248300317587564e-15 -1.0602629885170244961e-14 -7.0499162063697440317e-15 -7.099876242477876076e-14 1.8318679906315082917e-15 -3.4972025275692431023e-15 7.1609385088322596857e-15 1.7763568394002504647e-15 1.7763568394002504647e-15 1.7763568394002504647e-15
