tests/data/reference/gistest_nucice/full/control/massbalance.asc
ncols        123
nrows        77
xllcorner    -713746.799299980048
yllcorner    -1061022.369616159936
cellsize     10.000000000000
NODATA_value -9999
[rows 36 to 53 of 77, columns 0 to 39 of 123]
-9999 -9999 -9999 -9999 -9999 -9999 -9999 -9999 -9999 -9999 -9999 -9999 2.141673505207108974e-10 0 -1.3322676295501878485e-15 9.2912344484830100555e-12 8.8817841970012523234e-16 4.4408920985006261617e-15 -4.4408920985006261617e-16 3.5527136788005009294e-15 0 2.664535259100375697e-15 1.7763568394002504647e-15 2.664535259100375697e-15 -1.7763568394002504647e-15 -8.8817841970012523234e-16 -4.4408920985006261617e-16 8.8817841970012523234e-16 -8.8817841970012523234e-16 -8.8817841970012523234e-16 3.1086244689504383132e-15 6.2172489379008766264e-15 2.2204460492503130808e-16 -2.2204460492503130808e-15 2.664535259100375697e-15 -8.8817841970012523234e-16 4.4408920985006261617e-16 -1.7763568394002504647e-15 -2.2204460492503130808e-15 -8.8817841970012523234e-16
-9999 -9999 -9999 -9999 -9999 -9999 -9999 -9999 -9999 -9999 -9999 2.7639668331858047168e-11 6.6613381477509392425e-16 5.329070518200751394e-15 7.6669337545354210306e-11 1.7763568394002504647e-15 -8.8817841970012523234e-16 -8.8817841970012523234e-16 0 2.2204460492503130808e-15 -2.664535259100375697e-15 3.5527136788005009294e-15 0 2.664535259100375697e-15 8.8817841970012523234e-16 4.4408920985006261617e-15 1.7763568394002504647e-15 0 -8.8817841970012523234e-16 5.329070518200751394e-15 8.8817841970012523234e-16 2.664535259100375697e-15 -2.2204460492503130808e-16 0 -2.2204460492503130808e-15 0 -4.4408920985006261617e-16 2.664535259100375697e-15 2.664535259100375697e-15 -1.3322676295501878485e-15
-9999 -9999 -9999 -9999 -9999 -9999 -9999 -9999 -9999 -9999 2.0284263158032445062e-10 -5.8859139784317449084e-11 5.7731597280508140102e-15 -3.186411134947775281e-10 -2.2204460492503130808e-16 -8.8817841970012523234e-16 2.664535259100375697e-15 0 1.7763568394002504647e-15 4.4408920985006261617e-16 0 1.7763568394002504647e-15 -4.4408920985006261617e-16 3.1086244689504383132e-15 0 4.4408920985006261617e-16 1.3322676295501878485e-15 4.4408920985006261617e-16 -3.1086244689504383132e-15 8.8817841970012523234e-16 -4.4408920985006261617e-16 2.664535259100375697e-15 4.4408920985006261617e-16 1.7763568394002504647e-15 -2.2204460492503130808e-16 -4.4408920985006261617e-16 -1.3322676295501878485e-15 -1.1102230246251565404e-15 6.6613381477509392425e-16 -2.2204460492503130808e-16
-9999 -9999 -9999 -9999 -9999 -9999 -9999 -9999 -9999 -9999 3.4796121539670821221e-10 -4.4408920985006261617e-16 -1.7763568394002504647e-15 1.9984014443252817728e-15 -2.2204460492503130808e-16 4.4408920985006261617e-16 1.3322676295501878485e-15 1.7763568394002504647e-15 4.4408920985006261617e-16 2.2204460492503130808e-15 2.2204460492503130808e-15 3.5527136788005009294e-15 -1.3322676295501878485e-15 3.1086244689504383132e-15 8.8817841970012523234e-16 2.2204460492503130808e-16 4.4408920985006261617e-16 0 0 -4.4408920985006261617e-16 8.8817841970012523234e-16 0 2.2204460492503130808e-16 -6.6613381477509392425e-16 2.2204460492503130808e-15 8.8817841970012523234e-16 -2.2204460492503130808e-16 -4.4408920985006261617e-16 1.3322676295501878485e-15 8.8817841970012523234e-16
-9999 -9999 -9999 -9999 -9999 -9999 -9999 -9999 -9999 -1.2371947910594371933e-10 -1.9984014443252817728e-15 -8.8817841970012523234e-15 0 0 2.2204460492503130808e-16 4.4408920985006261617e-16 4.4408920985006261617e-16 2.2204460492503130808e-15 3.5527136788005009294e-15 2.664535259100375697e-15 8.8817841970012523234e-16 1.7763568394002504647e-15 0 -8.8817841970012523234e-16 -6.6613381477509392425e-16 4.4408920985006261617e-16 8.8817841970012523234e-16 0 -1.3322676295501878485e-15 -4.4408920985006261617e-16 0 8.8817841970012523234e-16 8.8817841970012523234e-16 4.4408920985006261617e-16 1.7763568394002504647e-15 4.4408920985006261617e-16 2.2204460492503130808e-15 -1.7763568394002504647e-15 2.2204460492503130808e-16 0
-9999 -9999 -9999 -9999 -9999 -9999 -9999 -9999 -9999 -2.0867862993156904849e-10 1.5987211554602254182e-14 0 -4.4408920985006261617e-16 8.8817841970012523234e-16 0 1.7763568394002504647e-15 -1.1102230246251565404e-15 -2.2204460492503130808e-15 0 8.8817841970012523234e-16 4.4408920985006261617e-15 8.8817841970012523234e-16 6.6613381477509392425e-16 -4.4408920985006261617e-16 1.3322676295501878485e-15 4.4408920985006261617e-16 8.8817841970012523234e-16 4.4408920985006261617e-16 -2.2204460492503130808e-16 -4.4408920985006261617e-16 4.4408920985006261617e-16 -6.6613381477509392425e-16 1.7763568394002504647e-15 0 8.8817841970012523234e-16 -4.4408920985006261617e-16 0 2.2204460492503130808e-16 3.5527136788005009294e-15 8.8817841970012523234e-16
-9999 -9999 -9999 -9999 -9999 -9999 -9999 -9999 3.0685010088404851558e-10 -1.9984014443252817728e-15 9.7699626167013775557e-15 2.2204460492503130808e-15 -2.2204460492503130808e-16 -4.4408920985006261617e-16 2.2204460492503130808e-15 0 2.664535259100375697e-15 2.664535259100375697e-15 1.7763568394002504647e-15 4.4408920985006261617e-16 4.4408920985006261617e-16 -8.8817841970012523234e-16 4.4408920985006261617e-16 1.7763568394002504647e-15 8.8817841970012523234e-16 -1.0658141036401502788e-14 -3.5527136788005009294e-15 3.5527136788005009294e-15 1.7763568394002504647e-15 -1.7763568394002504647e-15 1.539676830475400493e-09 -1.4356880129184901307e-09 2.3327402232098393142e-09 -1.3927907716038134822e-09 2.664535259100375697e-15 2.664535259100375697e-15 8.8817841970012523234e-16 3.5527136788005009294e-15 -9.7699626167013775557e-15 5.329070518200751394e-15
-9999 -9999 -9999 -9999 -9999 -9999 -9999 -1.5938272923676777282e-10 -2.8170443755470842007e-10 -6.2172489379008766264e-15 8.8817841970012523234e-16 8.8817841970012523234e-16 2.2204460492503130808e-16 4.4408920985006261617e-16 -8.8817841970012523234e-16 2.664535259100375697e-15 2.2204460492503130808e-15 3.1086244689504383132e-15 8.8817841970012523234e-16 2.664535259100375697e-15 0 8.8817841970012523234e-16 -8.8817841970012523234e-16 3.5527136788005009294e-15 3.5527136788005009294e-15 -2.664535259100375697e-15 8.8817841970012523234e-16 1.7763568394002504647e-15 2.664535259100375697e-15 3.1086244689504383132e-15 4.4408920985006261617e-16 1.7763568394002504647e-15 3.9968028886505635455e-15 2.2204460492503130808e-15 1.3322676295501878485e-15 4.4408920985006261617e-16 -4.4408920985006261617e-16 5.7731597280508140102e-15 8.8817841970012523234e-16 -3.5527136788005009294e-15
-9999 -9999 -9999 -9999 -9999 -9999 -9999 9.1959773129701716243e-12 4.4408920985006261617e-16 2.664535259100375697e-15 0 1.3322676295501878485e-15 2.664535259100375697e-15 8.8817841970012523234e-16 8.8817841970012523234e-16 2.2204460492503130808e-15 8.8817841970012523234e-16 0 0 0 -3.5527136788005009294e-15 2.664535259100375697e-15 -8.8817841970012523234e-16 1.7763568394002504647e-15 3.5527136788005009294e-15 1.7763568394002504647e-15 2.2204460492503130808e-16 -4.4408920985006261617e-16 0 -1.3322676295501878485e-15 2.664535259100375697e-15 -4.4408920985006261617e-16 4.4408920985006261617e-16 1.3322676295501878485e-15 2.664535259100375697e-15 3.1086244689504383132e-15 1.3943004972816197551e-08 -9.9177910328762663994e-09 -7.1662213940726360306e-09 1.0567639208147738827e-08
-9999 -9999 -9999 -9999 -9999 -9999 -9999 -1.1102230246251565404e-16 5.329070518200751394e-15 2.664535259100375697e-15 -6.6613381477509392425e-16 -1.3322676295501878485e-15 1.3322676295501878485e-15 8.8817841970012523234e-16 8.8817841970012523234e-16 3.5527136788005009294e-15 2.2204460492503130808e-15 1.7763568394002504647e-15 1.7763568394002504647e-15 -4.4408920985006261617e-16 3.5527136788005009294e-15 4.4408920985006261617e-16 -8.8817841970012523234e-16 -1.3322676295501878485e-15 -4.4408920985006261617e-16 2.2204460492503130808e-16 2.2204460492503130808e-15 1.7763568394002504647e-15 3.1086244689504383132e-15 0 4.4408920985006261617e-16 2.664535259100375697e-15 -4.4408920985006261617e-16 -4.3640433489144925261e-09 6.3604268518702156143e-09 -1.426881368615795509e-08 8.8817841970012523234e-16 4.4408920985006261617e-15 1.3322676295501878485e-15 2.664535259100375697e-15
-9999 -9999 -9999 -9999 -9999 -9999 -1.4879786291999153036e-10 0 1.3322676295501878485e-15 4.4408920985006261617e-16 1.3322676295501878485e-15 1.5543122344752191566e-15 0 4.4408920985006261617e-16 0 4.8849813083506887779e-15 2.664535259100375697e-15 1.3322676295501878485e-15 1.3322676295501878485e-15 8.8817841970012523234e-16 2.2204460492503130808e-15 2.664535259100375697e-15 4.4408920985006261617e-16 8.8817841970012523234e-16 3.5527136788005009294e-15 -2.664535259100375697e-15 -4.4408920985006261617e-16 1.7763568394002504647e-15 1.7763568394002504647e-15 3.1086244689504383132e-15 1.3322676295501878485e-15 2.1321611143321206328e-10 -2.2462138815626531141e-09 4.4408920985006261617e-15 4.8849813083506887779e-15 3.5527136788005009294e-15 0 -8.8817841970012523234e-16 3.5527136788005009294e-15 1.7763568394002504647e-15
-9999 -9999 -9999 -9999 -9999 -9999 2.4424906541753443889e-15 0 0 8.8817841970012523234e-16 4.4408920985006261617e-16 8.8817841970012523234e-16 1.7763568394002504647e-15 3.5527136788005009294e-15 -4.4408920985006261617e-16 0 0 8.8817841970012523234e-16 8.8817841970012523234e-16 1.7763568394002504647e-15 2.2204460492503130808e-16 -2.2204460492503130808e-16 8.8817841970012523234e-16 -6.6613381477509392425e-16 1.7763568394002504647e-15 -8.8817841970012523234e-16 1.3322676295501878485e-15 1.7763568394002504647e-14 -1.4210854715202003717e-14 8.8817841970012523234e-15 -1.4210854715202003717e-14 2.2204460492503130808e-15 -8.8817841970012523234e-16 8.8817841970012523234e-16 3.5527136788005009294e-15 5.329070518200751394e-15 1.7763568394002504647e-15 8.8817841970012523234e-16 8.8817841970012523234e-16 -1.3322676295501878485e-15
-9999 -9999 -9999 -9999 -9999 4.5838444151513613178e-10 3.5527136788005009294e-15 3.5527136788005009294e-15 6.6613381477509392425e-16 -4.4408920985006261617e-16 -8.8817841970012523234e-16 8.8817841970012523234e-16 -1.3322676295501878485e-15 5.7731597280508140102e-15 2.664535259100375697e-15 0 2.2204460492503130808e-15 3.5527136788005009294e-15 1.7763568394002504647e-15 0 1.7763568394002504647e-15 0 4.4408920985006261617e-15 0 0 -1.0658141036401502788e-14 -1.2434497875801753253e-14 -8.8817841970012523234e-16 1.7763568394002504647e-15 3.9968028886505635455e-15 4.4408920985006261617e-15 2.664535259100375697e-15 3.9968028886505635455e-15 1.7763568394002504647e-15 0 1.7763568394002504647e-15 5.329070518200751394e-15 2.664535259100375697e-15 2.664535259100375697e-15 5.329070518200751394e-15
-9999 -9999 -9999 -9999 -8.4072082628949829086e-10 2.9976021664879226591e-15 2.664535259100375697e-15 1.3322676295501878485e-15 -2.2204460492503130808e-16 -2.2204460492503130808e-16 -4.4408920985006261617e-16 8.8817841970012523234e-16 -1.3322676295501878485e-15 6.6613381477509392425e-16 0 -4.4408920985006261617e-16 1.7763568394002504647e-15 -8.8817841970012523234e-16 2.2204460492503130808e-15 2.2204460492503130808e-15 1.3322676295501878485e-15 1.3322676295501878485e-15 3.1086244689504383132e-15 8.8817841970012523234e-16 2.664535259100375697e-15 1.3322676295501878485e-15 4.4408920985006261617e-16 2.664535259100375697e-15 1.3322676295501878485e-15 4.4408920985006261617e-16 -4.4408920985006261617e-16 2.664535259100375697e-15 4.4408920985006261617e-16 3.5527136788005009294e-15 1.3322676295501878485e-15 -2.2204460492503130808e-15 -1.7763568394002504647e-15 1.7763568394002504647e-15 4.4408920985006261617e-16 -2.2204460492503130808e-15
-9999 -9999 -9999 -9999 2.495150752679364814e-10 8.8817841970012523234e-16 -4.4408920985006261617e-16 0 -4.4408920985006261617e-16 8.8817841970012523234e-16 1.3322676295501878485e-15 0 6.6613381477509392425e-16 1.1102230246251565404e-15 -1.3322676295501878485e-15 -8.8817841970012523234e-16 2.664535259100375697e-15 4.4408920985006261617e-16 1.3322676295501878485e-15 2.664535259100375697e-15 -8.8817841970012523234e-16 4.4408920985006261617e-15 -1.3322676295501878485e-15 8.8817841970012523234e-16 4.4408920985006261617e-16 3.1086244689504383132e-15 8.8817841970012523234e-16 -8.8817841970012523234e-16 -8.8817841970012523234e-16 1.3322676295501878485e-15 8.8817841970012523234e-16 2.664535259100375697e-15 1.7763568394002504647e-15 2.664535259100375697e-15 2.664535259100375697e-15 3.1086244689504383132e-15 3.1086244689504383132e-15 -1.7763568394002504647e-15 4.4408920985006261617e-15 -1.7763568394002504647e-15
-9999 -9999 -9999 -3.8274050595532571606e-10 1.5543122344752191566e-15 1.7763568394002504647e-15 -2.2204460492503130808e-16 4.4408920985006261617e-16 4.4408920985006261617e-16 -8.8817841970012523234e-16 0 2.2204460492503130808e-15 1.7763568394002504647e-15 1.7763568394002504647e-15 4.4408920985006261617e-16 -8.8817841970012523234e-16 2.2204460492503130808e-15 -4.4408920985006261617e-16 -8.8817841970012523234e-16 1.3322676295501878485e-15 8.8817841970012523234e-16 4.4408920985006261617e-16 -4.4408920985006261617e-16 1.7763568394002504647e-15 -4.4408920985006261617e-16 -8.8817841970012523234e-16 -1.7763568394002504647e-15 2.664535259100375697e-15 0 -1.3322676295501878485e-15 8.8817841970012523234e-16 1.7763568394002504647e-15 -8.8817841970012523234e-16 -4.4408920985006261617e-16 1.7763568394002504647e-15 4.4408920985006261617e-15 5.7731597280508140102e-15 0 1.7763568394002504647e-15 -8.8817841970012523234e-16
-9999 -9999 -9999 -3.7221048465596595634e-10 2.2204460492503130808e-15 -2.2204460492503130808e-15 2.2204460492503130808e-16 4.4408920985006261617e-16 0 1.1102230246251565404e-15 3.1086244689504383132e-15 8.8817841970012523234e-16 -2.2204460492503130808e-16 8.8817841970012523234e-16 2.664535259100375697e-15 -4.4408920985006261617e-16 1.7763568394002504647e-15 4.4408920985006261617e-16 1.7763568394002504647e-15 0 -2.2204460492503130808e-16 1.1102230246251565404e-15 -1.7763568394002504647e-15 1.7763568394002504647e-15 0 2.2204460492503130808e-15 2.2204460492503130808e-15 8.8817841970012523234e-16 4.4408920985006261617e-16 8.8817841970012523234e-16 4.4408920985006261617e-16 2.2204460492503130808e-15 3.5527136788005009294e-15 1.7763568394002504647e-15 0 -3.5527136788005009294e-15 1.3322676295501878485e-15 3.5527136788005009294e-15 8.8817841970012523234e-16 1.3322676295501878485e-15
-9999 -9999 8.8931706443418079289e-10 1.1102230246251565404e-16 0 2.2204460492503130808e-16 2.2204460492503130808e-16 6.6613381477509392425e-16 1.1102230246251565404e-15 2.2204460492503130808e-16 2.2204460492503130808e-15 0 0 -4.4408920985006261617e-16 -4.4408920985006261617e-16 -1.3322676295501878485e-15 4.4408920985006261617e-16 0 2.664535259100375697e-15 4.4408920985006261617e-16 4.4408920985006261617e-16 2.2204460492503130808e-16 -1.7763568394002504647e-15 8.8817841970012523234e-16 0 0 0 8.8817841970012523234e-16 8.8817841970012523234e-16 1.3322676295501878485e-15 2.664535259100375697e-15 0 0 8.8817841970012523234e-16 8.8817841970012523234e-16 1.7763568394002504647e-15 0 8.8817841970012523234e-16 -8.8817841970012523234e-16 -4.4408920985006261617e-16
