tests/data/reference/gistest_nucice/full/control/massbalance.asc
ncols        123
nrows        77
xllcorner    -713746.799299980048
yllcorner    -1061022.369616159936
cellsize     10.000000000000
NODATA_value  -9999
[rows 36 to 53 of 77, columns 0 to 39 of 123]
-9999 -9999 -9999 -9999 -9999 -9999 -9999 -9999 -9999 -9999 -9999 -9999 1.3281098443229666373e-11 2.2204460492503130808e-15 0 -1.7763568394002504647e-14 0 8.8817841970012523234e-16 -8.8817841970012523234e-16 1.7763568394002504647e-15 2.664535259100375697e-15 1.7763568394002504647e-15 7.1054273576010018587e-15 -6.2172489379008766264e-15 -2.664535259100375697e-15 5.329070518200751394e-15 5.329070518200751394e-15 8.8817841970012523234e-16 -1.3322676295501878485e-15 -3.5527136788005009294e-15 -1.7763568394002504647e-15 2.664535259100375697e-15 7.771561172376095783e-16 4.4408920985006261617e-16 -4.4408920985006261617e-16 -1.3322676295501878485e-15 6.6613381477509392425e-16 4.4408920985006261617e-16 -8.8817841970012523234e-16 -4.4408920985006261617e-16
-9999 -9999 -9999 -9999 -9999 -9999 -9999 -9999 -9999 -9999 -9999 -9.3228202935335957591e-12 -1.1102230246251565404e-15 4.4408920985006261617e-15 1.4210854715202003717e-14 6.6613381477509392425e-16 8.8817841970012523234e-16 -4.4408920985006261617e-16 2.2204460492503130808e-15 -1.7763568394002504647e-15 2.2204460492503130808e-15 -5.329070518200751394e-15 8.8817841970012523234e-15 3.5527136788005009294e-15 0 -2.664535259100375697e-15 4.4408920985006261617e-16 4.4408920985006261617e-16 2.664535259100375697e-15 2.2204460492503130808e-15 -1.3322676295501878485e-15 1.7763568394002504647e-15 7.771561172376095783e-16 1.7763568394002504647e-15 4.4408920985006261617e-16 2.2204460492503130808e-16 4.4408920985006261617e-16 8.8817841970012523234e-16 8.8817841970012523234e-16 2.2204460492503130808e-16
-9999 -9999 -9999 -9999 -9999 -9999 -9999 -9999 -9999 -9999 -2.4301949341776207802e-11 1.9334922551905719956e-11 0 -7.1054273576010018587e-15 4.4408920985006261617e-16 -2.2204460492503130808e-16 1.7763568394002504647e-15 -8.8817841970012523234e-16 2.664535259100375697e-15 0 -1.7763568394002504647e-15 -1.7763568394002504647e-15 1.7763568394002504647e-15 -1.7763568394002504647e-15 5.329070518200751394e-15 1.3322676295501878485e-15 6.6613381477509392425e-16 0 1.3322676295501878485e-15 4.4408920985006261617e-16 4.4408920985006261617e-16 0 8.8817841970012523234e-16 0 2.2204460492503130808e-16 6.6613381477509392425e-16 8.8817841970012523234e-16 2.2204460492503130808e-16 0 4.4408920985006261617e-16
-9999 -9999 -9999 -9999 -9999 -9999 -9999 -9999 -9999 -9999 1.7567669541307395775e-11 3.1086244689504383132e-15 7.1054273576010018587e-15 6.6613381477509392425e-16 3.3306690738754696213e-16 4.4408920985006261617e-16 1.7763568394002504647e-15 -8.8817841970012523234e-16 1.9984014443252817728e-15 3.5527136788005009294e-15 0 3.5527136788005009294e-15 7.1054273576010018587e-15 0 6.6613381477509392425e-16 2.2204460492503130808e-16 1.1102230246251565404e-15 8.8817841970012523234e-16 4.4408920985006261617e-16 6.6613381477509392425e-16 6.6613381477509392425e-16 1.7763568394002504647e-15 7.771561172376095783e-16 6.6613381477509392425e-16 4.4408920985006261617e-16 6.6613381477509392425e-16 2.2204460492503130808e-16 1.3322676295501878485e-15 0 -4.4408920985006261617e-16
-9999 -9999 -9999 -9999 -9999 -9999 -9999 -9999 -9999 2.745081939536930804e-12 -1.1102230246251565404e-15 -3.5527136788005009294e-15 2.2204460492503130808e-16 3.3306690738754696213e-16 4.4408920985006261617e-16 8.8817841970012523234e-16 4.4408920985006261617e-16 -1.1102230246251565404e-15 -8.8817841970012523234e-16 2.664535259100375697e-15 -1.7763568394002504647e-15 -7.1054273576010018587e-15 -1.7763568394002504647e-15 6.6613381477509392425e-16 6.6613381477509392425e-16 -4.4408920985006261617e-16 -8.8817841970012523234e-16 0 4.4408920985006261617e-16 -4.4408920985006261617e-16 -2.2204460492503130808e-16 4.4408920985006261617e-16 4.4408920985006261617e-16 0 1.3322676295501878485e-15 1.3322676295501878485e-15 8.8817841970012523234e-16 0 6.6613381477509392425e-16 2.2204460492503130808e-16
-9999 -9999 -9999 -9999 -9999 -9999 -9999 -9999 -9999 -1.077637978852408196e-12 1.0547118733938987134e-14 0 4.4408920985006261617e-16 4.4408920985006261617e-16 -8.8817841970012523234e-16 1.7763568394002504647e-15 8.8817841970012523234e-16 7.9936057773011270911e-15 8.8817841970012523234e-16 2.664535259100375697e-15 1.7763568394002504647e-15 -1.7763568394002504647e-15 4.4408920985006261617e-16 4.4408920985006261617e-16 6.6613381477509392425e-16 8.8817841970012523234e-16 4.4408920985006261617e-16 4.4408920985006261617e-16 4.4408920985006261617e-16 8.8817841970012523234e-16 4.4408920985006261617e-16 1.3322676295501878485e-15 0 0 -4.4408920985006261617e-16 3.5527136788005009294e-15 -2.664535259100375697e-15 4.4408920985006261617e-16 1.7763568394002504647e-15 1.3322676295501878485e-15
-9999 -9999 -9999 -9999 -9999 -9999 -9999 -9999 -1.9184487332069011245e-11 7.771561172376095783e-16 -7.1054273576010018587e-15 1.3322676295501878485e-15 6.6613381477509392425e-16 6.6613381477509392425e-16 0 -1.3322676295501878485e-15 -4.4408920985006261617e-15 -1.7763568394002504647e-15 -1.7763568394002504647e-15 7.1054273576010018587e-15 3.5527136788005009294e-15 0 0 4.4408920985006261617e-16 0 7.1054273576010018587e-15 -3.5527136788005009294e-15 3.9079850466805510223e-14 -1.0658141036401502788e-14 -1.0658141036401502788e-14 -1.0658141036401502788e-14 1.7763568394002504647e-14 -2.1316282072803005576e-14 3.5527136788005009294e-15 1.0658141036401502788e-14 1.0658141036401502788e-14 1.0658141036401502788e-14 -3.5527136788005009294e-14 -7.1054273576010018587e-15 7.1054273576010018587e-15
-9999 -9999 -9999 -9999 -9999 -9999 -9999 3.8148928460657316464e-12 1.9644896820381063662e-11 1.0658141036401502788e-14 0 -4.4408920985006261617e-16 2.2204460492503130808e-16 -2.664535259100375697e-15 4.4408920985006261617e-16 1.7763568394002504647e-15 3.5527136788005009294e-15 -6.2172489379008766264e-15 -1.7763568394002504647e-15 -1.7763568394002504647e-15 8.8817841970012523234e-16 5.5511151231257827021e-16 4.4408920985006261617e-16 -1.0658141036401502788e-14 1.7763568394002504647e-14 3.5527136788005009294e-15 0 1.3322676295501878485e-15 -1.3322676295501878485e-15 0 3.9968028886505635455e-15 -2.664535259100375697e-15 2.664535259100375697e-15 -8.8817841970012523234e-16 0 -3.5527136788005009294e-15 8.8817841970012523234e-15 -1.7763568394002504647e-15 0 3.5527136788005009294e-15
-9999 -9999 -9999 -9999 -9999 -9999 -9999 -2.4916568808208694463e-11 4.4408920985006261617e-16 -5.329070518200751394e-15 6.6613381477509392425e-16 6.6613381477509392425e-16 2.4424906541753443889e-15 0 -3.1086244689504383132e-15 4.4408920985006261617e-16 7.9936057773011270911e-15 -1.2434497875801753253e-14 -8.8817841970012523234e-16 -1.7763568394002504647e-15 -1.7763568394002504647e-15 -5.329070518200751394e-15 -1.4210854715202003717e-14 -1.7763568394002504647e-15 -8.8817841970012523234e-16 6.6613381477509392425e-16 1.1102230246251565404e-16 8.8817841970012523234e-16 4.4408920985006261617e-16 0 2.2204460492503130808e-15 -1.3322676295501878485e-15 4.4408920985006261617e-16 8.8817841970012523234e-16 3.5527136788005009294e-15 -1.7763568394002504647e-15 -8.5265128291212022305e-14 -7.1054273576010018587e-14 -1.4210854715202003717e-14 -7.1054273576010018587e-14
-9999 -9999 -9999 -9999 -9999 -9999 -9999 7.771561172376095783e-16 1.5987211554602254182e-14 8.8817841970012523234e-16 5.5511151231257827021e-16 8.8817841970012523234e-16 4.4408920985006261617e-16 3.1086244689504383132e-15 3.5527136788005009294e-15 -4.4408920985006261617e-15 7.1054273576010018587e-15 3.9968028886505635455e-15 -8.8817841970012523234e-16 8.8817841970012523234e-16 -8.8817841970012523234e-16 5.329070518200751394e-15 6.6613381477509392425e-16 0 4.4408920985006261617e-16 6.6613381477509392425e-16 -4.4408920985006261617e-16 2.2204460492503130808e-16 1.3322676295501878485e-15 -8.8817841970012523234e-16 0 2.2204460492503130808e-15 4.4408920985006261617e-15 3.5527136788005009294e-14 -2.8421709430404007435e-14 -7.1054273576010018587e-14 -3.5527136788005009294e-15 -6.2172489379008766264e-15 -5.329070518200751394e-15 0
-9999 -9999 -9999 -9999 -9999 -9999 1.2267464821746898451e-11 5.329070518200751394e-15 6.6613381477509392425e-16 4.4408920985006261617e-16 2.2204460492503130808e-16 6.6613381477509392425e-16 1.3322676295501878485e-15 8.8817841970012523234e-16 2.2204460492503130808e-15 5.329070518200751394e-15 1.7763568394002504647e-15 3.1086244689504383132e-15 8.8817841970012523234e-16 3.5527136788005009294e-15 4.4408920985006261617e-15 2.2204460492503130808e-16 8.8817841970012523234e-16 0 2.2204460492503130808e-16 8.8817841970012523234e-16 0 1.7763568394002504647e-15 0 1.7763568394002504647e-15 -1.7763568394002504647e-15 -4.9737991503207013011e-14 2.1316282072803005576e-14 3.5527136788005009294e-15 4.4408920985006261617e-15 5.329070518200751394e-15 2.664535259100375697e-15 2.664535259100375697e-15 3.5527136788005009294e-15 3.5527136788005009294e-15
-9999 -9999 -9999 -9999 -9999 -9999 -7.9936057773011270911e-15 8.8817841970012523234e-16 0 0 8.8817841970012523234e-16 6.6613381477509392425e-16 -4.4408920985006261617e-16 1.3322676295501878485e-15 0 4.4408920985006261617e-16 2.2204460492503130808e-15 1.3322676295501878485e-15 1.3322676295501878485e-15 -4.4408920985006261617e-15 8.8817841970012523234e-16 4.4408920985006261617e-16 4.4408920985006261617e-16 3.3306690738754696213e-16 1.3322676295501878485e-15 -6.6613381477509392425e-16 0 -1.4210854715202003717e-14 -5.684341886080801487e-14 -2.8421709430404007435e-14 9.9475983006414026022e-14 -6.2172489379008766264e-15 0 -1.7763568394002504647e-15 1.7763568394002504647e-15 1.7763568394002504647e-15 7.1054273576010018587e-15 -3.5527136788005009294e-15 0 -5.329070518200751394e-15
-9999 -9999 -9999 -9999 -9999 -1.3505474516506410509e-11 -1.7763568394002504647e-15 -3.5527136788005009294e-15 8.8817841970012523234e-16 4.4408920985006261617e-16 4.4408920985006261617e-16 -4.4408920985006261617e-16 -8.8817841970012523234e-16 3.5527136788005009294e-15 -6.6613381477509392425e-16 1.3322676295501878485e-15 8.8817841970012523234e-16 0 5.329070518200751394e-15 0 4.4408920985006261617e-15 -7.1054273576010018587e-15 8.8817841970012523234e-15 -7.1054273576010018587e-15 -1.4210854715202003717e-14 -2.1316282072803005576e-14 -1.7763568394002504647e-14 -7.1054273576010018587e-15 2.664535259100375697e-15 -1.7763568394002504647e-15 3.5527136788005009294e-15 1.7763568394002504647e-15 4.4408920985006261617e-15 -8.8817841970012523234e-16 1.7763568394002504647e-15 -1.7763568394002504647e-15 2.664535259100375697e-15 -3.5527136788005009294e-15 4.4408920985006261617e-15 1.7763568394002504647e-15
-9999 -9999 -9999 -9999 -1.0643763648232607011e-11 0 0 4.8849813083506887779e-15 2.2204460492503130808e-16 5.5511151231257827021e-16 4.4408920985006261617e-16 2.664535259100375697e-15 6.2172489379008766264e-15 1.1102230246251565404e-15 4.4408920985006261617e-16 -4.4408920985006261617e-16 -8.8817841970012523234e-16 -8.8817841970012523234e-16 -8.8817841970012523234e-16 4.8849813083506887779e-15 1.3322676295501878485e-15 5.7731597280508140102e-15 1.154631945610162802e-14 4.4408920985006261617e-16 0 -2.664535259100375697e-15 1.7763568394002504647e-15 -2.2204460492503130808e-15 6.2172489379008766264e-15 0 0 1.7763568394002504647e-15 8.8817841970012523234e-16 -3.5527136788005009294e-15 -8.8817841970012523234e-16 3.5527136788005009294e-15 -8.8817841970012523234e-16 8.8817841970012523234e-16 1.7763568394002504647e-15 -1.7763568394002504647e-15
-9999 -9999 -9999 -9999 7.0538019869559320796e-13 1.3322676295501878485e-15 4.4408920985006261617e-16 -4.4408920985006261617e-16 2.2204460492503130808e-16 2.2204460492503130808e-16 0 -6.2172489379008766264e-15 1.1102230246251565404e-16 6.6613381477509392425e-16 4.4408920985006261617e-16 4.4408920985006261617e-16 1.7763568394002504647e-15 2.664535259100375697e-15 -1.3322676295501878485e-15 -1.3322676295501878485e-15 -4.4408920985006261617e-16 -5.329070518200751394e-15 -2.2204460492503130808e-16 4.4408920985006261617e-16 3.1086244689504383132e-15 4.4408920985006261617e-15 -4.4408920985006261617e-16 -3.5527136788005009294e-15 0 3.1086244689504383132e-15 8.8817841970012523234e-16 0 2.664535259100375697e-15 -8.8817841970012523234e-16 -1.7763568394002504647e-15 5.329070518200751394e-15 1.7763568394002504647e-15 -1.7763568394002504647e-15 8.8817841970012523234e-16 -8.8817841970012523234e-15
-9999 -9999 -9999 -3.1957769763835131016e-13 -1.1102230246251565404e-15 -8.8817841970012523234e-16 6.6613381477509392425e-16 6.6613381477509392425e-16 6.6613381477509392425e-16 8.8817841970012523234e-16 4.4408920985006261617e-15 -8.8817841970012523234e-16 2.2204460492503130808e-16 4.4408920985006261617e-16 2.4424906541753443889e-15 1.7763568394002504647e-15 -4.4408920985006261617e-16 -1.7763568394002504647e-15 3.9968028886505635455e-15 -4.4408920985006261617e-16 5.329070518200751394e-15 4.4408920985006261617e-16 8.8817841970012523234e-16 0 1.7763568394002504647e-15 1.3322676295501878485e-15 1.3322676295501878485e-15 1.3322676295501878485e-15 2.664535259100375697e-15 -1.3322676295501878485e-15 1.7763568394002504647e-15 -8.8817841970012523234e-16 3.5527136788005009294e-15 -8.8817841970012523234e-16 -1.7763568394002504647e-15 -2.664535259100375697e-15 0 -5.329070518200751394e-15 6.2172489379008766264e-15 1.7763568394002504647e-15
-9999 -9999 -9999 2.67636468542775674e-11 1.7763568394002504647e-15 0 2.2204460492503130808e-16 4.4408920985006261617e-16 8.8817841970012523234e-16 6.6613381477509392425e-16 8.8817841970012523234e-16 4.4408920985006261617e-16 6.6613381477509392425e-16 -4.4408920985006261617e-16 0 8.8817841970012523234e-16 1.7763568394002504647e-15 8.8817841970012523234e-16 1.3322676295501878485e-15 -2.664535259100375697e-15 8.8817841970012523234e-16 0 -8.8817841970012523234e-16 -8.8817841970012523234e-16 8.8817841970012523234e-16 0 4.4408920985006261617e-16 -2.664535259100375697e-15 0 8.8817841970012523234e-16 1.3322676295501878485e-15 0 1.3322676295501878485e-15 1.7763568394002504647e-15 0 -8.8817841970012523234e-16 4.4408920985006261617e-15 3.5527136788005009294e-15 -8.8817841970012523234e-16 8.8817841970012523234e-16
-9999 -9999 4.3274883676502895469e-11 8.8817841970012523234e-16 1.1102230246251565404e-15 0 8.8817841970012523234e-16 6.6613381477509392425e-16 7.771561172376095783e-16 5.5511151231257827021e-16 1.7763568394002504647e-15 1.7763568394002504647e-15 4.4408920985006261617e-16 6.6613381477509392425e-16 8.8817841970012523234e-16 -6.6613381477509392425e-16 6.6613381477509392425e-16 -2.2204460492503130808e-16 2.2204460492503130808e-15 -8.8817841970012523234e-16 4.4408920985006261617e-16 1.3322676295501878485e-15 1.3322676295501878485e-15 4.4408920985006261617e-16 1.3322676295501878485e-15 -4.4408920985006261617e-16 1.3322676295501878485e-15 8.8817841970012523234e-16 -8.8817841970012523234e-16 8.8817841970012523234e-16 -4.4408920985006261617e-16 8.8817841970012523234e-16 -1.7763568394002504647e-15 0 3.1086244689504383132e-15 5.329070518200751394e-15 0 1.3322676295501878485e-15 1.7763568394002504647e-15 8.8817841970012523234e-16
