tests/data/reference/gistest_nucice/full/control/massbalance.asc
ncols        123
nrows        77
xllcorner    -713746.799299980048
yllcorner    -1061022.369616159936
cellsize     10.000000000000
NODATA_value -9999
[rows 36 to 53 of 77, columns 0 to 40 of 123]
-9999 -9999 -9999 -9999 -9999 -9999 -9999 -9999 -9999 -9999 -9999 -9999 2.141673505207108974e-10 -5.329070518200751394e-15 -1.7763568394002504647e-15 9.293010805322410306e-12 8.8817841970012523234e-16 2.2204460492503130808e-15 -4.4408920985006261617e-16 3.1086244689504383132e-15 4.4408920985006261617e-16 1.7763568394002504647e-15 1.7763568394002504647e-15 3.5527136788005009294e-15 0 8.8817841970012523234e-16 0 0 8.8817841970012523234e-16 -3.1086244689504383132e-15 3.5527136788005009294e-15 7.1054273576010018587e-15 2.2204460492503130808e-16 -2.2204460492503130808e-15 8.8817841970012523234e-16 8.8817841970012523234e-16 1.3322676295501878485e-15 -2.664535259100375697e-15 -2.2204460492503130808e-15 -8.8817841970012523234e-16 4.4408920985006261617e-16
-9999 -9999 -9999 -9999 -9999 -9999 -9999 -9999 -9999 -9999 -9999 2.764011242106789723e-11 1.5543122344752191566e-15 3.9968028886505635455e-15 7.6667561188514810055e-11 8.8817841970012523234e-16 -8.8817841970012523234e-16 -8.8817841970012523234e-16 0 1.7763568394002504647e-15 -4.4408920985006261617e-15 1.7763568394002504647e-15 -2.2204460492503130808e-15 4.4408920985006261617e-16 -2.2204460492503130808e-15 3.5527136788005009294e-15 1.7763568394002504647e-15 -8.8817841970012523234e-16 -4.4408920985006261617e-16 2.2204460492503130808e-15 1.7763568394002504647e-15 3.5527136788005009294e-15 -2.2204460492503130808e-16 1.3322676295501878485e-15 -1.3322676295501878485e-15 -1.3322676295501878485e-15 -8.8817841970012523234e-16 3.5527136788005009294e-15 2.2204460492503130808e-15 -1.3322676295501878485e-15 2.2204460492503130808e-15
-9999 -9999 -9999 -9999 -9999 -9999 -9999 -9999 -9999 -9999 2.0284263158032445062e-10 -5.8862248408786399523e-11 6.2172489379008766264e-15 -3.186375607810987276e-10 0 -6.6613381477509392425e-16 1.7763568394002504647e-15 0 1.3322676295501878485e-15 4.4408920985006261617e-16 1.7763568394002504647e-15 1.7763568394002504647e-15 0 3.5527136788005009294e-15 -1.3322676295501878485e-15 2.2204460492503130808e-15 8.8817841970012523234e-16 1.3322676295501878485e-15 -8.8817841970012523234e-16 0 4.4408920985006261617e-16 1.7763568394002504647e-15 0 1.7763568394002504647e-15 -2.2204460492503130808e-16 -6.6613381477509392425e-16 8.8817841970012523234e-16 -1.1102230246251565404e-15 4.4408920985006261617e-16 -8.8817841970012523234e-16 -6.6613381477509392425e-16
-9999 -9999 -9999 -9999 -9999 -9999 -9999 -9999 -9999 -9999 3.4796210357512791234e-10 0 3.5527136788005009294e-15 1.7763568394002504647e-15 -2.2204460492503130808e-16 0 1.7763568394002504647e-15 8.8817841970012523234e-16 8.8817841970012523234e-16 2.664535259100375697e-15 1.7763568394002504647e-15 3.5527136788005009294e-15 -4.4408920985006261617e-16 3.5527136788005009294e-15 -4.4408920985006261617e-16 0 0 0 4.4408920985006261617e-16 -8.8817841970012523234e-16 0 -1.7763568394002504647e-15 0 0 4.4408920985006261617e-16 -8.8817841970012523234e-16 -4.4408920985006261617e-16 4.4408920985006261617e-16 4.4408920985006261617e-16 -8.8817841970012523234e-16 8.8817841970012523234e-16
-9999 -9999 -9999 -9999 -9999 -9999 -9999 -9999 -9999 -1.2371859092752401921e-10 -1.1102230246251565404e-15 -5.329070518200751394e-15 4.4408920985006261617e-16 -4.4408920985006261617e-16 8.8817841970012523234e-16 1.3322676295501878485e-15 0 1.7763568394002504647e-15 -8.8817841970012523234e-16 3.1086244689504383132e-15 -8.8817841970012523234e-16 -4.4408920985006261617e-16 1.3322676295501878485e-15 -8.8817841970012523234e-16 -1.3322676295501878485e-15 -4.4408920985006261617e-16 0 0 -4.4408920985006261617e-16 8.8817841970012523234e-16 2.2204460492503130808e-16 1.1102230246251565404e-15 1.7763568394002504647e-15 -1.3322676295501878485e-15 1.7763568394002504647e-15 -1.3322676295501878485e-15 -4.4408920985006261617e-16 8.8817841970012523234e-16 0 0 3.1086244689504383132e-15
-9999 -9999 -9999 -9999 -9999 -9999 -9999 -9999 -9999 -2.0867885197617397353e-10 7.1054273576010018587e-15 4.4408920985006261617e-16 0 4.4408920985006261617e-16 -1.7763568394002504647e-15 3.1086244689504383132e-15 -1.1102230246251565404e-15 2.664535259100375697e-15 8.8817841970012523234e-16 2.2204460492503130808e-15 5.329070518200751394e-15 1.7763568394002504647e-15 4.4408920985006261617e-16 -2.2204460492503130808e-16 0 0 2.2204460492503130808e-16 4.4408920985006261617e-16 -8.8817841970012523234e-16 -4.4408920985006261617e-16 0 -1.5543122344752191566e-15 2.664535259100375697e-15 1.3322676295501878485e-15 8.8817841970012523234e-16 -8.8817841970012523234e-16 -1.7763568394002504647e-15 0 4.4408920985006261617e-15 8.8817841970012523234e-16 -8.8817841970012523234e-16
-9999 -9999 -9999 -9999 -9999 -9999 -9999 -9999 3.0685232133009776589e-10 -1.1102230246251565404e-15 1.0658141036401502788e-14 0 -4.4408920985006261617e-16 -4.4408920985006261617e-16 2.2204460492503130808e-15 -4.4408920985006261617e-16 0 2.664535259100375697e-15 3.5527136788005009294e-15 8.8817841970012523234e-16 0 -1.3322676295501878485e-15 0 8.8817841970012523234e-16 1.7763568394002504647e-15 -1.2434497875801753253e-14 -3.5527136788005009294e-15 3.5527136788005009294e-15 1.7763568394002504647e-15 3.5527136788005009294e-15 1.5396732777617216925e-09 -1.4356897892753295309e-09 2.3327491049940363155e-09 -1.3927987652095907833e-09 2.664535259100375697e-15 2.664535259100375697e-15 0 4.4408920985006261617e-15 -1.3322676295501878485e-14 5.329070518200751394e-15 -1.0658141036401502788e-14
-9999 -9999 -9999 -9999 -9999 -9999 -9999 -1.5938228514755792276e-10 -2.8170399346549857e-10 -7.9936057773011270911e-15 8.8817841970012523234e-16 4.4408920985006261617e-16 0 0 4.4408920985006261617e-16 2.664535259100375697e-15 1.7763568394002504647e-15 1.7763568394002504647e-15 1.7763568394002504647e-15 2.664535259100375697e-15 0 4.4408920985006261617e-16 -4.4408920985006261617e-16 6.2172489379008766264e-15 5.329070518200751394e-15 -4.4408920985006261617e-16 -8.8817841970012523234e-16 3.9968028886505635455e-15 8.8817841970012523234e-16 4.4408920985006261617e-16 1.3322676295501878485e-15 4.4408920985006261617e-16 4.8849813083506887779e-15 3.9968028886505635455e-15 -4.4408920985006261617e-16 0 1.7763568394002504647e-15 5.7731597280508140102e-15 -8.8817841970012523234e-16 -3.1086244689504383132e-15 8.8817841970012523234e-15
-9999 -9999 -9999 -9999 -9999 -9999 -9999 9.1948670899455464678e-12 2.2204460492503130808e-16 2.664535259100375697e-15 -8.8817841970012523234e-16 4.4408920985006261617e-16 1.7763568394002504647e-15 0 8.8817841970012523234e-16 1.3322676295501878485e-15 0 -4.4408920985006261617e-16 2.2204460492503130808e-15 1.7763568394002504647e-15 -8.8817841970012523234e-16 3.5527136788005009294e-15 0 1.7763568394002504647e-15 1.7763568394002504647e-15 2.2204460492503130808e-15 4.4408920985006261617e-16 -1.3322676295501878485e-15 -1.7763568394002504647e-15 2.2204460492503130808e-15 8.8817841970012523234e-16 1.7763568394002504647e-15 -8.8817841970012523234e-16 0 2.2204460492503130808e-15 3.9968028886505635455e-15 1.3943012078243555152e-08 -9.9177803747352299979e-09 -7.1662284994999936316e-09 1.0567642760861417628e-08 -2.7479991615564358654e-09
-9999 -9999 -9999 -9999 -9999 -9999 -9999 -1.1102230246251565404e-16 8.8817841970012523234e-16 2.664535259100375697e-15 -4.4408920985006261617e-16 -1.7763568394002504647e-15 4.4408920985006261617e-16 1.3322676295501878485e-15 3.1086244689504383132e-15 3.9968028886505635455e-15 2.664535259100375697e-15 4.4408920985006261617e-16 2.2204460492503130808e-15 -4.4408920985006261617e-16 2.2204460492503130808e-15 4.4408920985006261617e-16 -4.4408920985006261617e-16 -1.3322676295501878485e-15 -4.4408920985006261617e-16 -4.4408920985006261617e-16 2.2204460492503130808e-15 0 2.664535259100375697e-15 -8.8817841970012523234e-16 1.7763568394002504647e-15 2.664535259100375697e-15 -1.3322676295501878485e-15 -4.3640469016281713266e-09 6.3604126410155004123e-09 -1.4268838555153706693e-08 3.1086244689504383132e-15 3.5527136788005009294e-15 2.2204460492503130808e-15 8.8817841970012523234e-16 1.3322676295501878485e-15
-9999 -9999 -9999 -9999 -9999 -9999 -1.4879786291999153036e-10 -8.8817841970012523234e-16 1.7763568394002504647e-15 1.7763568394002504647e-15 8.8817841970012523234e-16 1.7763568394002504647e-15 0 -8.8817841970012523234e-16 -8.8817841970012523234e-16 3.5527136788005009294e-15 2.664535259100375697e-15 0 1.3322676295501878485e-15 1.7763568394002504647e-15 3.5527136788005009294e-15 4.4408920985006261617e-16 0 8.8817841970012523234e-16 2.664535259100375697e-15 -2.2204460492503130808e-15 -1.7763568394002504647e-15 3.5527136788005009294e-15 3.1086244689504383132e-15 1.7763568394002504647e-15 -4.4408920985006261617e-16 2.1321255871953326277e-10 -2.2462316451310471166e-09 4.4408920985006261617e-15 2.664535259100375697e-15 8.8817841970012523234e-16 8.8817841970012523234e-16 -8.8817841970012523234e-16 6.2172489379008766264e-15 0 4.8849813083506887779e-15
-9999 -9999 -9999 -9999 -9999 -9999 1.5543122344752191566e-15 8.8817841970012523234e-16 -4.4408920985006261617e-16 -4.4408920985006261617e-16 2.2204460492503130808e-16 8.8817841970012523234e-16 3.9968028886505635455e-15 3.5527136788005009294e-15 0 -8.8817841970012523234e-16 2.664535259100375697e-15 8.8817841970012523234e-16 8.8817841970012523234e-16 8.8817841970012523234e-16 0 4.4408920985006261617e-16 6.6613381477509392425e-16 -1.1102230246251565404e-15 8.8817841970012523234e-16 0 0 2.4868995751603506505e-14 -1.2434497875801753253e-14 1.2434497875801753253e-14 -1.7763568394002504647e-14 2.2204460492503130808e-15 1.3322676295501878485e-15 2.2204460492503130808e-15 3.1086244689504383132e-15 4.4408920985006261617e-15 0 -4.4408920985006261617e-16 -4.4408920985006261617e-16 1.7763568394002504647e-15 -8.8817841970012523234e-16
-9999 -9999 -9999 -9999 -9999 4.5838444151513613178e-10 3.5527136788005009294e-15 -8.8817841970012523234e-16 6.6613381477509392425e-16 -4.4408920985006261617e-16 -8.8817841970012523234e-16 -1.3322676295501878485e-15 -2.2204460492503130808e-15 1.7763568394002504647e-15 1.7763568394002504647e-15 -8.8817841970012523234e-16 0 2.664535259100375697e-15 -4.4408920985006261617e-16 0 2.664535259100375697e-15 -2.664535259100375697e-15 3.5527136788005009294e-15 0 3.5527136788005009294e-15 -5.329070518200751394e-15 -5.329070518200751394e-15 2.2204460492503130808e-15 8.8817841970012523234e-16 3.1086244689504383132e-15 1.7763568394002504647e-15 2.2204460492503130808e-15 3.5527136788005009294e-15 1.7763568394002504647e-15 -8.8817841970012523234e-16 1.7763568394002504647e-15 3.1086244689504383132e-15 1.7763568394002504647e-15 2.2204460492503130808e-15 5.7731597280508140102e-15 8.8817841970012523234e-16
-9999 -9999 -9999 -9999 -8.4071860584344904055e-10 2.553512956637860043e-15 1.7763568394002504647e-15 1.3322676295501878485e-15 0 -6.6613381477509392425e-16 -6.6613381477509392425e-16 1.3322676295501878485e-15 0 6.6613381477509392425e-16 -4.4408920985006261617e-16 8.8817841970012523234e-16 1.7763568394002504647e-15 8.8817841970012523234e-16 0 4.4408920985006261617e-15 4.4408920985006261617e-16 4.4408920985006261617e-16 3.5527136788005009294e-15 3.1086244689504383132e-15 1.7763568394002504647e-15 -8.8817841970012523234e-16 8.8817841970012523234e-16 2.2204460492503130808e-15 3.5527136788005009294e-15 1.7763568394002504647e-15 -1.7763568394002504647e-15 2.664535259100375697e-15 1.3322676295501878485e-15 2.2204460492503130808e-15 1.3322676295501878485e-15 -1.7763568394002504647e-15 1.7763568394002504647e-15 0 -2.664535259100375697e-15 -2.2204460492503130808e-15 2.664535259100375697e-15
-9999 -9999 -9999 -9999 2.4951418708951678127e-10 0 0 1.3322676295501878485e-15 -1.5543122344752191566e-15 8.8817841970012523234e-16 0 -1.7763568394002504647e-15 0 4.4408920985006261617e-16 0 -8.8817841970012523234e-16 1.3322676295501878485e-15 1.7763568394002504647e-15 0 3.5527136788005009294e-15 -1.3322676295501878485e-15 8.8817841970012523234e-16 0 8.8817841970012523234e-16 -2.664535259100375697e-15 1.7763568394002504647e-15 0 -1.7763568394002504647e-15 -1.3322676295501878485e-15 3.5527136788005009294e-15 0 1.7763568394002504647e-15 3.1086244689504383132e-15 4.4408920985006261617e-15 2.664535259100375697e-15 2.2204460492503130808e-15 2.664535259100375697e-15 4.4408920985006261617e-16 6.6613381477509392425e-15 -3.5527136788005009294e-15 1.7763568394002504647e-15
-9999 -9999 -9999 -3.82740061866115866e-10 1.5543122344752191566e-15 2.664535259100375697e-15 0 -6.6613381477509392425e-16 4.4408920985006261617e-16 8.8817841970012523234e-16 0 1.7763568394002504647e-15 1.5543122344752191566e-15 6.6613381477509392425e-16 -8.8817841970012523234e-16 0 4.4408920985006261617e-16 -8.8817841970012523234e-16 0 1.3322676295501878485e-15 1.7763568394002504647e-15 0 -8.8817841970012523234e-16 2.664535259100375697e-15 0 0 -8.8817841970012523234e-16 8.8817841970012523234e-16 -8.8817841970012523234e-16 -2.664535259100375697e-15 1.3322676295501878485e-15 2.2204460492503130808e-15 -1.7763568394002504647e-15 0 2.2204460492503130808e-15 2.664535259100375697e-15 3.9968028886505635455e-15 -8.8817841970012523234e-16 3.9968028886505635455e-15 -1.3322676295501878485e-15 0
-9999 -9999 -9999 -3.722102626113610313e-10 2.2204460492503130808e-15 -2.2204460492503130808e-15 6.6613381477509392425e-16 4.4408920985006261617e-16 4.4408920985006261617e-16 1.3322676295501878485e-15 3.9968028886505635455e-15 0 2.2204460492503130808e-16 4.4408920985006261617e-16 8.8817841970012523234e-16 4.4408920985006261617e-16 1.3322676295501878485e-15 1.3322676295501878485e-15 8.8817841970012523234e-16 0 -4.4408920985006261617e-16 4.4408920985006261617e-16 -2.2204460492503130808e-15 8.8817841970012523234e-16 0 8.8817841970012523234e-16 8.8817841970012523234e-16 -8.8817841970012523234e-16 1.3322676295501878485e-15 4.4408920985006261617e-16 -8.8817841970012523234e-16 2.664535259100375697e-15 2.664535259100375697e-15 -8.8817841970012523234e-16 4.4408920985006261617e-16 -1.7763568394002504647e-15 0 3.9968028886505635455e-15 0 2.2204460492503130808e-15 1.7763568394002504647e-15
-9999 -9999 -1.4430856509761724737e-09 -3.3306690738754696213e-16 -2.2204460492503130808e-16 2.2204460492503130808e-16 2.2204460492503130808e-16 2.2204460492503130808e-16 8.8817841970012523234e-16 2.2204460492503130808e-16 3.1086244689504383132e-15 0 0 -8.8817841970012523234e-16 -4.4408920985006261617e-16 -4.4408920985006261617e-16 0 -8.8817841970012523234e-16 1.7763568394002504647e-15 -4.4408920985006261617e-16 4.4408920985006261617e-16 4.4408920985006261617e-16 -1.3322676295501878485e-15 0 2.2204460492503130808e-15 4.4408920985006261617e-16 1.7763568394002504647e-15 1.7763568394002504647e-15 0 -8.8817841970012523234e-16 8.8817841970012523234e-16 -4.4408920985006261617e-16 1.7763568394002504647e-15 1.3322676295501878485e-15 0 2.664535259100375697e-15 -8.8817841970012523234e-16 3.5527136788005009294e-15 -1.3322676295501878485e-15 -1.7763568394002504647e-15 4.4408920985006261617e-16
