tests/data/reference/gistest_nucice/full/control/massbalance.asc
ncols        123
nrows        77
xllcorner    -713746.799299980048
yllcorner    -1061022.369616159936
cellsize     10.000000000000
NODATA_value  -9999
[rows 36 to 53 of 77, columns 40 to 79 of 123]
4.4408920985006261617e-16 -2.2204460492503130808e-16 8.8817841970012523234e-16 8.8817841970012523234e-16 -2.2204460492503130808e-16 0 4.4408920985006261617e-16 9.4368957093138305936e-16 7.2164496600635175128e-16 -8.3266726846886740532e-16 9.4368957093138305936e-16 -3.8857805861880478915e-16 7.2164496600635175128e-16 4.9960036108132044319e-16 4.9960036108132044319e-16 2.2742918659446331731e-13 1.1374234887284728757e-13 7.95863375202543466e-13 -9.0943919062169698009e-13 3.6082248300317587564e-15 9.4368957093138305936e-16 -1.7208456881689926377e-15 5.5511151231257827021e-17 1.8318679906315082917e-15 5.3845816694320092211e-15 5.3845816694320092211e-15 1.0713652187632760615e-14 3.6082248300317587564e-15 -3.4972025275692431023e-15 7.1609385088322596857e-15 7.1609385088322596857e-15 7.1609385088322596857e-15 4.9960036108132044319e-16 5.6898930012039272697e-14 -5.273559366969493567e-15 7.1609385088322596857e-15 -4.3853809472693683347e-15 5.5511151231257827021e-17 -3.5527136788005009294e-15 -1.4210854715202003717e-14
4.4408920985006261617e-16 0 4.4408920985006261617e-16 4.4408920985006261617e-16 7.771561172376095783e-16 6.6613381477509392425e-16 4.4408920985006261617e-16 4.4408920985006261617e-16 1.7763568394002504647e-15 2.7755575615628913511e-16 7.2164496600635175128e-16 1.1657341758564143674e-15 7.2164496600635175128e-16 5.5511151231257827021e-17 9.4368957093138305936e-16 -8.3266726846886740532e-16 4.9960036108132044319e-16 -2.60902410786911787e-15 4.4964032497318839887e-15 5.5511151231257827021e-17 5.5511151231257827021e-17 1.1374234887284728757e-13 3.4111602431607934705e-13 -9.0943919062169698009e-13 -4.5469183973523286113e-13 1.1369238883673915552e-12 6.8217653748092743626e-13 -4.5469183973523286113e-13 1.1369238883673915552e-12 1.4266365866433261544e-14 5.5511151231257827021e-17 -5.273559366969493567e-15 -5.273559366969493567e-15 9.4368957093138305936e-16 -8.5209617139980764478e-14 5.5511151231257827021e-17 5.3845816694320092211e-15 1.8318679906315082917e-15 -5.273559366969493567e-15 2.8421709430404007435e-14
5.5511151231257827021e-16 6.6613381477509392425e-16 2.2204460492503130808e-16 8.8817841970012523234e-16 4.4408920985006261617e-16 8.8817841970012523234e-16 -1.3322676295501878485e-15 1.7763568394002504647e-15 2.2204460492503130808e-16 2.2204460492503130808e-16 3.3306690738754696213e-16 7.2164496600635175128e-16 7.2164496600635175128e-16 -1.6653345369377348106e-16 1.8318679906315082917e-15 8.5320639442443280132e-14 -4.262701303048288537e-13 5.6898930012039272697e-14 -1.7047474543119278678e-13 -1.1363132657038477191e-13 -1.7047474543119278678e-13 -2.2731816429200080165e-13 -1.7047474543119278678e-13 2.8427260545527133218e-13 -1.7047474543119278678e-13 -1.7047474543119278678e-13 2.2742918659446331731e-13 -1.7047474543119278678e-13 -1.1363132657038477191e-13 -3.4100500201361683139e-13 4.5480286203769537678e-13 1.249000902703301108e-14 1.249000902703301108e-14 -1.2378986724570495426e-14 1.42164058303251295e-13 -3.4972025275692431023e-15 5.5511151231257827021e-17 -5.273559366969493567e-15 8.9372953482325101504e-15 7.1109784727241276414e-14
8.8817841970012523234e-16 6.6613381477509392425e-16 2.2204460492503130808e-16 6.6613381477509392425e-16 -4.4408920985006261617e-16 2.2204460492503130808e-15 -4.4408920985006261617e-16 1.7763568394002504647e-15 -2.664535259100375697e-15 3.5527136788005009294e-15 2.664535259100375697e-15 -7.9936057773011270911e-15 7.1054273576010018587e-15 -2.8421709430404007435e-14 -1.7053025658242404461e-13 3.5527136788005009294e-15 3.5527136788005009294e-15 -3.5527136788005009294e-15 3.5527136788005009294e-15 0 -1.7763568394002504647e-15 -6.2172489379008766264e-15 1.7763568394002504647e-15 1.8318679906315082917e-15 -7.0499162063697440317e-15 5.5511151231257827021e-17 2.720046410331633524e-15 5.5511151231257827021e-17 8.9372953482325101504e-15 2.8477220581635265262e-14 5.5511151231257827021e-17 -1.1363132657038477191e-13 5.6848969975931140652e-13 -5.6837867745684889087e-13 4.5480286203769537678e-13 -5.6787907709576757043e-14 -1.7208456881689926377e-15 5.3845816694320092211e-15 5.3845816694320092211e-15 5.5511151231257827021e-17
1.7763568394002504647e-15 -4.4408920985006261617e-16 1.5543122344752191566e-15 -1.7763568394002504647e-15 2.2204460492503130808e-15 -1.7763568394002504647e-15 4.8849813083506887779e-15 -1.7763568394002504647e-15 6.2172489379008766264e-15 -1.7763568394002504647e-15 0 8.8817841970012523234e-16 -5.684341886080801487e-14 -5.329070518200751394e-15 3.5527136788005009294e-15 5.329070518200751394e-15 1.7763568394002504647e-15 -7.1054273576010018587e-15 1.4210854715202003717e-14 3.5527136788005009294e-15 8.8817841970012523234e-15 -6.2172489379008766264e-15 1.7763568394002504647e-15 2.664535259100375697e-15 2.664535259100375697e-15 -8.8817841970012523234e-16 0 8.9372953482325101504e-15 -3.4972025275692431023e-15 -4.2577052994374753325e-14 -1.415534356397074589e-14 5.5511151231257827021e-17 9.9531494157645283849e-14 -1.1657341758564143674e-13 5.6898930012039272697e-14 -2.2731816429200080165e-13 5.6898930012039272697e-14 -3.4972025275692431023e-15 -5.273559366969493567e-15 4.9960036108132044319e-16
1.1102230246251565404e-15 -1.3322676295501878485e-15 8.8817841970012523234e-16 4.4408920985006261617e-15 -2.664535259100375697e-15 8.8817841970012523234e-16 -3.5527136788005009294e-15 2.664535259100375697e-15 1.7763568394002504647e-15 -5.329070518200751394e-15 -4.2632564145606011152e-13 1.7053025658242404461e-13 1.7763568394002504647e-15 1.7763568394002504647e-15 0 1.7763568394002504647e-15 3.5527136788005009294e-15 -1.2434497875801753253e-14 8.8817841970012523234e-16 -2.664535259100375697e-15 -3.5527136788005009294e-15 -4.4408920985006261617e-15 -8.8817841970012523234e-16 -2.664535259100375697e-15 -1.7763568394002504647e-15 -8.8817841970012523234e-16 2.664535259100375697e-15 -8.8817841970012523234e-16 -3.5527136788005009294e-14 3.5527136788005009294e-15 2.720046410331633524e-15 4.4964032497318839887e-15 4.4964032497318839887e-15 -9999 -9999 -9999 -4.5469183973523286113e-13 2.8477220581635265262e-14 -1.7208456881689926377e-15 2.4424906541753443889e-15
-3.5527136788005009294e-14 7.1054273576010018587e-15 0 -7.1054273576010018587e-15 -2.8421709430404007435e-14 4.2632564145606011152e-14 -2.1316282072803005576e-14 -2.8421709430404007435e-14 2.1316282072803005576e-14 1.7053025658242404461e-13 3.5527136788005009294e-15 1.7763568394002504647e-15 -5.329070518200751394e-15 -1.4210854715202003717e-14 8.8817841970012523234e-15 0 5.329070518200751394e-15 8.8817841970012523234e-16 -4.4408920985006261617e-15 1.0658141036401502788e-14 4.4408920985006261617e-15 3.9968028886505635455e-15 1.7763568394002504647e-15 1.3322676295501878485e-15 -4.4408920985006261617e-16 -4.4408920985006261617e-15 3.5527136788005009294e-15 2.1316282072803005576e-14 1.7763568394002504647e-15 2.664535259100375697e-15 -3.1086244689504383132e-15 1.3322676295501878485e-15 -3.4972025275692431023e-15 -1.2767564783189300215e-15 4.4964032497318839887e-15 -9999 -9999 -9999 -4.5630166312093933811e-14 3.0125901773203622724e-13
1.7763568394002504647e-15 -1.7763568394002504647e-15 5.329070518200751394e-15 -1.4210854715202003717e-14 1.4210854715202003717e-14 1.0658141036401502788e-14 -8.8817841970012523234e-15 -7.1054273576010018587e-15 3.4106051316484808922e-13 -5.329070518200751394e-15 3.5527136788005009294e-15 7.1054273576010018587e-15 1.5987211554602254182e-14 -5.329070518200751394e-15 1.7763568394002504647e-15 7.1054273576010018587e-15 -3.5527136788005009294e-15 6.2172489379008766264e-15 0 -5.329070518200751394e-15 -4.4408920985006261617e-16 4.4408920985006261617e-16 8.8817841970012523234e-16 2.2204460492503130808e-15 -1.7763568394002504647e-15 0 3.5527136788005009294e-14 7.1054273576010018587e-15 -3.1086244689504383132e-15 2.664535259100375697e-15 1.3322676295501878485e-15 3.5527136788005009294e-15 2.2204460492503130808e-15 9.4368957093138305936e-16 2.2759572004815709079e-15 1.3877787807814456755e-15 9.4368957093138305936e-16 -9999 -9999 -9999
1.1368683772161602974e-13 -2.5579538487363606691e-13 8.5265128291212022305e-14 1.1368683772161602974e-13 -5.684341886080801487e-14 1.4210854715202003717e-14 -1.4210854715202003717e-13 2.8421709430404007435e-14 0 -7.1054273576010018587e-15 8.8817841970012523234e-16 1.7763568394002504647e-15 5.329070518200751394e-15 1.7763568394002504647e-15 5.329070518200751394e-15 -8.8817841970012523234e-16 0 3.5527136788005009294e-15 4.4408920985006261617e-15 4.4408920985006261617e-16 4.4408920985006261617e-16 -1.3322676295501878485e-15 4.4408920985006261617e-16 6.2172489379008766264e-15 8.8817841970012523234e-16 -7.1054273576010018587e-15 0 8.8817841970012523234e-16 -1.7763568394002504647e-15 -1.7763568394002504647e-15 8.8817841970012523234e-16 -1.3322676295501878485e-15 4.4408920985006261617e-16 -8.8817841970012523234e-16 1.3877787807814456755e-15 -8.3266726846886740532e-16 -8.3266726846886740532e-16 1.1102230246251565404e-15 5.4873328103610674589e-12 -9999
0 0 -5.329070518200751394e-15 -3.5527136788005009294e-15 -1.7763568394002504647e-14 -1.7763568394002504647e-14 4.4408920985006261617e-15 8.8817841970012523234e-16 9.7699626167013775557e-15 1.7763568394002504647e-15 3.5527136788005009294e-15 0 -8.8817841970012523234e-16 -7.9936057773011270911e-15 1.7763568394002504647e-15 -8.8817841970012523234e-16 -8.8817841970012523234e-16 -3.5527136788005009294e-15 -8.8817841970012523234e-16 4.4408920985006261617e-16 0 -4.4408920985006261617e-16 1.7763568394002504647e-15 -1.7763568394002504647e-15 -7.1054273576010018587e-15 -4.4408920985006261617e-15 2.2204460492503130808e-15 8.8817841970012523234e-16 4.4408920985006261617e-16 -1.7763568394002504647e-15 8.8817841970012523234e-16 -8.8817841970012523234e-16 1.7763568394002504647e-15 0 0 5.5511151231257827021e-17 -8.3266726846886740532e-16 2.4424906541753443889e-15 -2.5264790259882374812e-12 8.8817841970012523234e-16
5.329070518200751394e-15 7.1054273576010018587e-15 1.7763568394002504647e-15 2.664535259100375697e-15 -7.1054273576010018587e-15 4.4408920985006261617e-15 4.4408920985006261617e-15 -1.7763568394002504647e-15 -1.7763568394002504647e-15 -1.7763568394002504647e-15 8.8817841970012523234e-16 8.8817841970012523234e-16 2.664535259100375697e-15 0 1.7763568394002504647e-15 -1.7763568394002504647e-15 2.664535259100375697e-15 1.7763568394002504647e-15 4.4408920985006261617e-16 1.3322676295501878485e-15 4.4408920985006261617e-16 -2.664535259100375697e-15 2.664535259100375697e-15 2.8421709430404007435e-14 4.4408920985006261617e-15 4.4408920985006261617e-16 -2.2204460492503130808e-16 1.3322676295501878485e-15 2.664535259100375697e-15 2.2204460492503130808e-16 1.3322676295501878485e-15 4.4408920985006261617e-16 6.6613381477509392425e-16 1.9984014443252817728e-15 1.7763568394002504647e-15 -2.2204460492503130808e-16 -3.5527136788005009294e-15 5.5511151231257827021e-16 4.4408920985006261617e-16 7.2164496600635175128e-16
-8.8817841970012523234e-16 7.1054273576010018587e-15 8.8817841970012523234e-16 0 -6.2172489379008766264e-15 -6.2172489379008766264e-15 -1.7763568394002504647e-15 -1.7763568394002504647e-15 -8.8817841970012523234e-16 -8.8817841970012523234e-16 6.2172489379008766264e-15 -5.329070518200751394e-15 3.5527136788005009294e-15 4.4408920985006261617e-16 4.4408920985006261617e-16 -3.1086244689504383132e-15 -4.4408920985006261617e-16 6.6613381477509392425e-16 8.8817841970012523234e-16 2.2204460492503130808e-16 4.4408920985006261617e-16 0 -7.1054273576010018587e-15 0 -4.4408920985006261617e-16 6.6613381477509392425e-16 6.6613381477509392425e-16 4.4408920985006261617e-16 2.2204460492503130808e-16 4.4408920985006261617e-16 0 -4.4408920985006261617e-16 2.2204460492503130808e-16 2.2204460492503130808e-16 8.8817841970012523234e-16 2.664535259100375697e-15 4.4408920985006261617e-16 6.6613381477509392425e-16 3.3306690738754696213e-16 2.9420910152566648321e-15
-6.2172489379008766264e-15 -1.7763568394002504647e-15 0 1.7763568394002504647e-15 3.5527136788005009294e-15 7.1054273576010018587e-15 -2.664535259100375697e-15 5.329070518200751394e-15 -8.8817841970012523234e-16 -6.2172489379008766264e-15 3.5527136788005009294e-15 -1.7763568394002504647e-15 1.3322676295501878485e-15 4.4408920985006261617e-16 6.2172489379008766264e-15 4.4408920985006261617e-16 6.6613381477509392425e-16 0 6.6613381477509392425e-16 8.8817841970012523234e-16 6.6613381477509392425e-16 0 1.7763568394002504647e-15 2.2204460492503130808e-16 5.5511151231257827021e-16 5.5511151231257827021e-16 0 3.3306690738754696213e-16 5.5511151231257827021e-16 3.3306690738754696213e-16 6.6613381477509392425e-16 5.5511151231257827021e-16 4.4408920985006261617e-16 3.3306690738754696213e-16 1.7763568394002504647e-15 6.6613381477509392425e-16 2.2204460492503130808e-16 2.553512956637860043e-15 -2.8865798640254070051e-15 -3.5471625636773751467e-14
2.664535259100375697e-15 3.5527136788005009294e-15 8.8817841970012523234e-16 2.664535259100375697e-15 -4.4408920985006261617e-15 0 1.154631945610162802e-14 1.7763568394002504647e-15 5.329070518200751394e-15 -3.5527136788005009294e-15 -4.4408920985006261617e-16 8.8817841970012523234e-16 8.8817841970012523234e-16 -1.7763568394002504647e-15 2.2204460492503130808e-16 2.2204460492503130808e-16 1.9984014443252817728e-15 -1.3322676295501878485e-15 8.8817841970012523234e-16 3.3306690738754696213e-16 0 2.664535259100375697e-15 6.6613381477509392425e-16 3.3306690738754696213e-16 6.6613381477509392425e-16 0 6.6613381477509392425e-16 2.2204460492503130808e-16 8.8817841970012523234e-16 8.8817841970012523234e-16 -4.4408920985006261617e-16 -8.8817841970012523234e-16 5.7731597280508140102e-15 -1.7763568394002504647e-15 3.3306690738754696213e-16 5.5511151231257827021e-16 -1.7763568394002504647e-15 -6.3282712403633922804e-15 -2.664535259100375697e-15 1.3322676295501878485e-15
-8.8817841970012523234e-16 -1.7763568394002504647e-15 -8.8817841970012523234e-16 8.8817841970012523234e-16 8.8817841970012523234e-16 -1.2434497875801753253e-14 1.7763568394002504647e-15 0 7.1054273576010018587e-15 4.4408920985006261617e-16 4.4408920985006261617e-16 1.3322676295501878485e-15 1.7763568394002504647e-15 -2.1316282072803005576e-14 0 -3.5527136788005009294e-15 7.1054273576010018587e-15 -7.1054273576010018587e-15 -3.5527136788005009294e-15 3.5527136788005009294e-14 -1.7763568394002504647e-15 6.6613381477509392425e-16 0 4.4408920985006261617e-16 8.8817841970012523234e-16 -8.8817841970012523234e-16 8.8817841970012523234e-16 8.8817841970012523234e-16 1.7763568394002504647e-15 0 0 -1.7763568394002504647e-15 8.8817841970012523234e-16 0 3.5527136788005009294e-15 -3.5527136788005009294e-15 2.1316282072803005576e-14 -5.6273319337662996986e-12 1.7763568394002504647e-15 6.6613381477509392425e-16
1.7763568394002504647e-15 8.8817841970012523234e-16 -8.8817841970012523234e-16 6.2172489379008766264e-15 -1.7763568394002504647e-15 0 8.8817841970012523234e-16 -8.8817841970012523234e-16 0 2.2204460492503130808e-16 8.8817841970012523234e-16 -2.2204460492503130808e-16 3.5527136788005009294e-15 -7.1054273576010018587e-15 1.7763568394002504647e-15 -5.329070518200751394e-15 -1.0658141036401502788e-14 -1.0658141036401502788e-14 -1.4210854715202003717e-14 -1.7763568394002504647e-15 1.7763568394002504647e-15 -8.8817841970012523234e-16 4.4408920985006261617e-15 -3.5527136788005009294e-15 5.329070518200751394e-15 -5.329070518200751394e-15 8.8817841970012523234e-16 3.5527136788005009294e-15 -1.4210854715202003717e-14 1.4210854715202003717e-14 1.0658141036401502788e-14 -1.4210854715202003717e-14 -7.1054273576010018587e-15 0 1.0658141036401502788e-14 -1.7763568394002504647e-14 -4.4408920985006261617e-15 -1.4067080833513045945e-12 1.1102230246251565404e-16 1.3322676295501878485e-15
0 8.8817841970012523234e-16 -1.7763568394002504647e-15 3.5527136788005009294e-15 -1.7763568394002504647e-15 0 1.7763568394002504647e-15 1.7763568394002504647e-15 2.2204460492503130808e-16 -4.4408920985006261617e-16 6.6613381477509392425e-16 1.0658141036401502788e-14 1.7763568394002504647e-15 0 2.2204460492503130808e-16 6.2172489379008766264e-15 -3.5527136788005009294e-15 -1.7763568394002504647e-15 4.4408920985006261617e-15 8.8817841970012523234e-16 1.7763568394002504647e-15 -2.664535259100375697e-15 0 2.664535259100375697e-15 1.7763568394002504647e-15 2.664535259100375697e-15 8.8817841970012523234e-16 7.1054273576010018587e-15 4.4408920985006261617e-16 4.4408920985006261617e-16 8.8817841970012523234e-16 0 2.2204460492503130808e-15 -1.7763568394002504647e-15 1.3322676295501878485e-15 8.8817841970012523234e-16 6.6613381477509392425e-16 1.1163847624118261592e-12 -3.8857805861880478915e-16 1.3322676295501878485e-15
2.664535259100375697e-15 2.664535259100375697e-15 4.4408920985006261617e-15 1.7763568394002504647e-15 1.7763568394002504647e-15 4.4408920985006261617e-16 0 7.771561172376095783e-16 4.4408920985006261617e-16 6.6613381477509392425e-16 3.5527136788005009294e-15 0 1.7763568394002504647e-15 0 1.7763568394002504647e-15 5.329070518200751394e-15 1.5987211554602254182e-14 -8.8817841970012523234e-16 -4.4408920985006261617e-16 -8.8817841970012523234e-16 -1.7763568394002504647e-15 -1.0658141036401502788e-14 1.0658141036401502788e-14 -7.1054273576010018587e-15 1.7763568394002504647e-14 -1.7763568394002504647e-14 1.0658141036401502788e-14 -5.329070518200751394e-15 1.4210854715202003717e-14 3.5527136788005009294e-15 -7.1054273576010018587e-15 3.5527136788005009294e-15 -8.8817841970012523234e-15 1.9539925233402755111e-14 -1.4210854715202003717e-14 3.5527136788005009294e-14 -3.5527136788005009294e-14 3.0155322683356189373e-12 2.4868995751603506505e-14 -2.8421709430404007435e-14
