tests/data/reference/gistest_nucice/full/control/massbalance.asc
ncols        123
nrows        77
xllcorner    -713746.799299980048
yllcorner    -1061022.369616159936
cellsize     10.000000000000
NODATA_value  -9999
[rows 34 to 50 of 77, columns 78 to 116 of 123]
2.2204460492503130808e-16 2.2204460492503130808e-16 2.2204460492503130808e-16 2.2204460492503130808e-16 3.3306690738754696213e-16 2.2204460492503130808e-16 2.2204460492503130808e-16 4.4408920985006261617e-16 -2.4436008771999695455e-11 -4.4408920985006261617e-16 2.2204460492503130808e-16 1.1102230246251565404e-16 1.1102230246251565404e-16 1.1102230246251565404e-16 2.2204460492503130808e-16 2.2204460492503130808e-16 2.2204460492503130808e-16 2.2204460492503130808e-16 3.3306690738754696213e-16 0 1.1102230246251565404e-16 3.3306690738754696213e-16 3.3306690738754696213e-16 0 1.1102230246251565404e-16 1.7201728930160697928e-10 -9999 -9999 -9999 -9999 -9999 -9999 -9999 -9999 -9999 -9999 -9999 -9999 -9999
1.1102230246251565404e-16 1.1102230246251565404e-16 2.2204460492503130808e-16 2.2204460492503130808e-16 1.1102230246251565404e-16 3.3306690738754696213e-16 2.2204460492503130808e-16 4.3690162598863935273e-11 0 5.5511151231257827021e-16 2.2204460492503130808e-16 3.3306690738754696213e-16 1.1102230246251565404e-16 3.3306690738754696213e-16 1.1102230246251565404e-16 2.2204460492503130808e-16 2.2204460492503130808e-16 2.2204460492503130808e-16 2.2204460492503130808e-16 1.1102230246251565404e-16 3.3306690738754696213e-16 3.3306690738754696213e-16 1.1102230246251565404e-16 -1.1102230246251565404e-16 3.3306690738754696213e-16 4.4408920985006261617e-16 -1.0274980866142868763e-10 -9999 -9999 -9999 -9999 -9999 -9999 -9999 -9999 -9999 -9999 -9999 -9999
3.3306690738754696213e-16 2.2204460492503130808e-16 3.3306690738754696213e-16 2.2204460492503130808e-16 3.3306690738754696213e-16 2.2204460492503130808e-16 -3.3135716392962422105e-11 2.2204460492503130808e-16 1.1102230246251565404e-16 1.1102230246251565404e-16 1.1102230246251565404e-16 3.3306690738754696213e-16 3.3306690738754696213e-16 3.3306690738754696213e-16 3.3306690738754696213e-16 3.3306690738754696213e-16 2.2204460492503130808e-16 2.2204460492503130808e-16 1.1102230246251565404e-16 4.4408920985006261617e-16 3.3306690738754696213e-16 1.1102230246251565404e-16 2.2204460492503130808e-16 3.3306690738754696213e-16 3.3306690738754696213e-16 -1.1102230246251565404e-16 -4.4408920985006261617e-16 -3.3452796088795366813e-11 -9999 -9999 -9999 -9999 -9999 -9999 -9999 -9999 -9999 -9999 -9999
3.8857805861880478915e-16 3.3306690738754696213e-16 2.2204460492503130808e-16 3.3306690738754696213e-16 4.4408920985006261617e-16 1.9984014443252817728e-15 3.3306690738754696213e-16 2.2204460492503130808e-16 1.1102230246251565404e-16 -1.1102230246251565404e-16 2.2204460492503130808e-16 3.3306690738754696213e-16 3.3306690738754696213e-16 1.1102230246251565404e-16 2.2204460492503130808e-16 3.3306690738754696213e-16 2.2204460492503130808e-16 3.3306690738754696213e-16 3.3306690738754696213e-16 2.2204460492503130808e-16 3.3306690738754696213e-16 1.1102230246251565404e-16 3.3306690738754696213e-16 1.1102230246251565404e-16 4.4408920985006261617e-16 3.3306690738754696213e-16 -1.1102230246251565404e-16 9.4368957093138305936e-16 2.2204460492503130808e-16 -3.2758462609194793913e-11 -9999 -9999 -9999 -9999 -9999 -9999 -9999 -9999 -9999
2.7755575615628913511e-16 2.7755575615628913511e-16 1.1102230246251565404e-16 1.1102230246251565404e-16 -2.2204460492503130808e-16 2.2204460492503130808e-16 2.2204460492503130808e-16 2.2204460492503130808e-16 -1.1102230246251565404e-16 3.3306690738754696213e-16 2.2204460492503130808e-16 3.3306690738754696213e-16 2.2204460492503130808e-16 0 1.1102230246251565404e-16 2.2204460492503130808e-16 2.2204460492503130808e-16 2.2204460492503130808e-16 2.2204460492503130808e-16 3.3306690738754696213e-16 2.2204460492503130808e-16 2.2204460492503130808e-16 2.2204460492503130808e-16 3.3306690738754696213e-16 2.2204460492503130808e-16 3.3306690738754696213e-16 -1.1102230246251565404e-16 -1.1102230246251565404e-16 1.1102230246251565404e-16 0 -1.2156098350146748999e-10 -9999 -9999 -9999 -9999 -9999 -9999 -9999 -9999
1.6653345369377348106e-16 2.7755575615628913511e-16 1.1102230246251565404e-16 5.4947157934748247499e-12 1.1102230246251565404e-16 4.4408920985006261617e-16 3.3306690738754696213e-16 2.2204460492503130808e-16 3.3306690738754696213e-16 2.2204460492503130808e-16 2.2204460492503130808e-16 3.3306690738754696213e-16 2.2204460492503130808e-16 3.3306690738754696213e-16 3.3306690738754696213e-16 3.3306690738754696213e-16 1.1102230246251565404e-16 1.1102230246251565404e-16 2.2204460492503130808e-16 4.4408920985006261617e-16 2.2204460492503130808e-16 2.2204460492503130808e-16 4.4408920985006261617e-16 2.2204460492503130808e-16 2.2204460492503130808e-16 1.1102230246251565404e-16 3.3306690738754696213e-16 3.3306690738754696213e-16 3.3306690738754696213e-16 3.3306690738754696213e-16 3.3306690738754696213e-16 -6.46060982489871094e-12 -9999 -9999 -9999 -9999 -9999 -9999 -9999
5.5511151231257827021e-17 3.8857805861880478915e-16 -1.8438806037579524855e-11 -2.2204460492503130808e-15 3.3306690738754696213e-16 1.1102230246251565404e-16 2.2204460492503130808e-16 2.2204460492503130808e-16 2.2204460492503130808e-16 2.2204460492503130808e-16 3.3306690738754696213e-16 3.3306690738754696213e-16 2.2204460492503130808e-16 1.1102230246251565404e-16 1.1102230246251565404e-16 2.2204460492503130808e-16 4.4408920985006261617e-16 1.1102230246251565404e-16 2.2204460492503130808e-16 2.2204460492503130808e-16 3.3306690738754696213e-16 2.2204460492503130808e-16 1.1102230246251565404e-16 2.2204460492503130808e-16 4.4408920985006261617e-16 3.3306690738754696213e-16 1.1102230246251565404e-16 2.2204460492503130808e-16 2.2204460492503130808e-16 3.3306690738754696213e-16 3.3306690738754696213e-16 8.8817841970012523234e-16 1.6429857474520304095e-10 -9999 -9999 -9999 -9999 -9999 -9999
2.7755575615628913511e-16 -1.1102230246251565404e-16 -6.6613381477509392425e-16 -3.8857805861880478915e-16 2.7755575615628913511e-16 1.1102230246251565404e-16 1.1102230246251565404e-16 0 1.1102230246251565404e-16 2.2204460492503130808e-16 -1.1102230246251565404e-16 2.2204460492503130808e-16 3.3306690738754696213e-16 2.2204460492503130808e-16 3.3306690738754696213e-16 1.1102230246251565404e-16 2.2204460492503130808e-16 3.3306690738754696213e-16 3.3306690738754696213e-16 2.2204460492503130808e-16 2.2204460492503130808e-16 1.1102230246251565404e-16 1.1102230246251565404e-16 2.2204460492503130808e-16 1.1102230246251565404e-16 2.2204460492503130808e-16 2.2204460492503130808e-16 2.2204460492503130808e-16 3.3306690738754696213e-16 4.4408920985006261617e-16 1.1102230246251565404e-16 -1.1102230246251565404e-16 2.2204460492503130808e-16 2.2204460492503130808e-16 -9999 -9999 -9999 -9999 -9999
2.2204460492503130808e-16 -1.1627121487833846913e-10 -1.6653345369377348106e-16 -3.8857805861880478915e-16 2.7755575615628913511e-16 2.7755575615628913511e-16 2.2204460492503130808e-16 2.2204460492503130808e-16 3.3306690738754696213e-16 1.1102230246251565404e-16 3.3306690738754696213e-16 1.1102230246251565404e-16 2.2204460492503130808e-16 1.1102230246251565404e-16 2.2204460492503130808e-16 3.3306690738754696213e-16 2.2204460492503130808e-16 1.1102230246251565404e-16 2.2204460492503130808e-16 5.5511151231257827021e-16 2.2204460492503130808e-16 1.1102230246251565404e-16 3.3306690738754696213e-16 2.2204460492503130808e-16 3.3306690738754696213e-16 2.2204460492503130808e-16 3.3306690738754696213e-16 2.2204460492503130808e-16 3.3306690738754696213e-16 1.1102230246251565404e-16 1.1102230246251565404e-16 -1.1102230246251565404e-16 2.2204460492503130808e-16 2.2204460492503130808e-16 2.2204460492503130808e-16 1.4686674099095853308e-10 -9999 -9999 -9999
-9999 -9999 -4.4408920985006261617e-16 5.5511151231257827021e-17 -3.8857805861880478915e-16 5.5511151231257827021e-17 1.1102230246251565404e-16 3.3306690738754696213e-16 2.2204460492503130808e-16 2.2204460492503130808e-16 3.3306690738754696213e-16 2.2204460492503130808e-16 2.2204460492503130808e-16 2.2204460492503130808e-16 2.2204460492503130808e-16 3.3306690738754696213e-16 2.2204460492503130808e-16 2.2204460492503130808e-16 2.2204460492503130808e-16 1.1102230246251565404e-16 2.2204460492503130808e-16 2.2204460492503130808e-16 3.3306690738754696213e-16 2.2204460492503130808e-16 4.4408920985006261617e-16 1.1102230246251565404e-16 1.1102230246251565404e-16 2.2204460492503130808e-16 2.2204460492503130808e-16 3.3306690738754696213e-16 1.1102230246251565404e-16 3.3306690738754696213e-16 3.3306690738754696213e-16 1.1102230246251565404e-16 -2.2204460492503130808e-16 2.2204460492503130808e-16 9.2470919810239138315e-11 -9999 -9999
-2.0050183735520477057e-11 -9999 -9999 -9999 5.5511151231257827021e-17 2.7755575615628913511e-16 2.7755575615628913511e-16 2.2204460492503130808e-16 2.2204460492503130808e-16 3.3306690738754696213e-16 1.1102230246251565404e-16 2.2204460492503130808e-16 1.1102230246251565404e-16 1.1102230246251565404e-16 3.3306690738754696213e-16 2.2204460492503130808e-16 4.4408920985006261617e-16 3.3306690738754696213e-16 3.3306690738754696213e-16 1.1102230246251565404e-16 3.3306690738754696213e-16 3.3306690738754696213e-16 1.1102230246251565404e-16 2.2204460492503130808e-16 2.2204460492503130808e-16 2.2204460492503130808e-16 2.2204460492503130808e-16 3.3306690738754696213e-16 3.3306690738754696213e-16 3.3306690738754696213e-16 3.3306690738754696213e-16 3.3306690738754696213e-16 3.3306690738754696213e-16 1.1102230246251565404e-16 2.2204460492503130808e-16 2.2204460492503130808e-16 -1.1102230246251565404e-16 -5.6821214400315511739e-11 -9999
2.6463498059570156329e-11 1.1657341758564143674e-15 5.5511151231257827021e-17 -9999 -9999 -9999 2.7755575615628913511e-16 2.7755575615628913511e-16 2.2204460492503130808e-16 3.3306690738754696213e-16 1.1102230246251565404e-16 2.2204460492503130808e-16 2.2204460492503130808e-16 3.3306690738754696213e-16 3.3306690738754696213e-16 1.1102230246251565404e-16 2.2204460492503130808e-16 3.3306690738754696213e-16 3.3306690738754696213e-16 2.2204460492503130808e-16 1.1102230246251565404e-16 2.2204460492503130808e-16 2.2204460492503130808e-16 1.1102230246251565404e-16 1.1102230246251565404e-16 2.2204460492503130808e-16 3.3306690738754696213e-16 1.1102230246251565404e-16 3.3306690738754696213e-16 3.3306690738754696213e-16 2.2204460492503130808e-16 3.3306690738754696213e-16 4.4408920985006261617e-16 1.1102230246251565404e-16 1.1102230246251565404e-16 2.2204460492503130808e-16 3.3306690738754696213e-16 0 2.2204460492503130808e-16
3.3306690738754696213e-16 4.9960036108132044319e-16 1.6653345369377348106e-16 1.6653345369377348106e-16 1.6653345369377348106e-16 -9999 -9999 -9999 1.6653345369377348106e-16 2.2204460492503130808e-16 3.3306690738754696213e-16 2.2204460492503130808e-16 1.1102230246251565404e-16 3.3306690738754696213e-16 2.2204460492503130808e-16 3.3306690738754696213e-16 4.4408920985006261617e-16 1.1102230246251565404e-16 3.3306690738754696213e-16 2.2204460492503130808e-16 2.2204460492503130808e-16 3.3306690738754696213e-16 1.1102230246251565404e-16 3.3306690738754696213e-16 2.2204460492503130808e-16 3.3306690738754696213e-16 1.1102230246251565404e-16 4.4408920985006261617e-16 2.2204460492503130808e-16 3.3306690738754696213e-16 4.4408920985006261617e-16 3.3306690738754696213e-16 1.1102230246251565404e-16 1.1102230246251565404e-16 2.2204460492503130808e-16 2.2204460492503130808e-16 3.3306690738754696213e-16 2.2204460492503130808e-16 2.2204460492503130808e-16
3.3306690738754696213e-16 2.7755575615628913511e-16 2.7755575615628913511e-16 5.5511151231257827021e-17 2.7755575615628913511e-16 2.7755575615628913511e-16 5.5511151231257827021e-17 -9999 -9999 3.3306690738754696213e-16 3.3306690738754696213e-16 2.2204460492503130808e-16 2.2204460492503130808e-16 2.2204460492503130808e-16 1.1102230246251565404e-16 3.3306690738754696213e-16 1.1102230246251565404e-16 3.3306690738754696213e-16 4.4408920985006261617e-16 1.1102230246251565404e-16 1.1102230246251565404e-16 3.3306690738754696213e-16 4.4408920985006261617e-16 1.1102230246251565404e-16 3.3306690738754696213e-16 3.3306690738754696213e-16 2.2204460492503130808e-16 1.1102230246251565404e-16 2.2204460492503130808e-16 2.2204460492503130808e-16 1.1102230246251565404e-16 1.1102230246251565404e-16 1.1102230246251565404e-16 2.2204460492503130808e-16 1.1102230246251565404e-16 -1.1102230246251565404e-16 1.1102230246251565404e-16 2.2204460492503130808e-16 2.2204460492503130808e-16
2.2204460492503130808e-16 2.7755575615628913511e-16 5.5511151231257827021e-17 5.5511151231257827021e-17 2.7755575615628913511e-16 -1.6653345369377348106e-16 3.8857805861880478915e-16 2.7755575615628913511e-16 -9999 2.7755575615628913511e-16 1.1102230246251565404e-16 1.1102230246251565404e-16 3.3306690738754696213e-16 3.3306690738754696213e-16 2.2204460492503130808e-16 2.2204460492503130808e-16 2.2204460492503130808e-16 2.2204460492503130808e-16 3.3306690738754696213e-16 1.1102230246251565404e-16 2.2204460492503130808e-16 3.3306690738754696213e-16 3.3306690738754696213e-16 2.2204460492503130808e-16 2.2204460492503130808e-16 5.5511151231257827021e-16 2.2204460492503130808e-16 3.3306690738754696213e-16 2.2204460492503130808e-16 2.2204460492503130808e-16 4.4408920985006261617e-16 3.3306690738754696213e-16 1.1102230246251565404e-16 3.3306690738754696213e-16 3.3306690738754696213e-16 3.3306690738754696213e-16 1.1102230246251565404e-16 1.1102230246251565404e-16 -1.1102230246251565404e-16
4.4408920985006261617e-16 4.4408920985006261617e-16 -1.6653345369377348106e-16 5.5511151231257827021e-17 2.7755575615628913511e-16 2.7755575615628913511e-16 5.5511151231257827021e-17 2.7755575615628913511e-16 -9999 -9999 1.1102230246251565404e-16 1.1102230246251565404e-16 2.2204460492503130808e-16 2.2204460492503130808e-16 2.2204460492503130808e-16 3.3306690738754696213e-16 2.2204460492503130808e-16 2.2204460492503130808e-16 1.1102230246251565404e-16 3.3306690738754696213e-16 2.2204460492503130808e-16 2.2204460492503130808e-16 2.2204460492503130808e-16 1.1102230246251565404e-16 2.2204460492503130808e-16 1.1102230246251565404e-16 4.4408920985006261617e-16 4.4408920985006261617e-16 3.3306690738754696213e-16 3.3306690738754696213e-16 3.3306690738754696213e-16 3.3306690738754696213e-16 4.4408920985006261617e-16 1.1102230246251565404e-16 3.3306690738754696213e-16 2.2204460492503130808e-16 2.2204460492503130808e-16 1.1102230246251565404e-16 3.3306690738754696213e-16
0 2.2204460492503130808e-16 1.6653345369377348106e-16 1.6653345369377348106e-16 2.7755575615628913511e-16 2.7755575615628913511e-16 5.5511151231257827021e-17 2.7755575615628913511e-16 1.6653345369377348106e-16 -9999 5.5511151231257827021e-17 2.2204460492503130808e-16 2.2204460492503130808e-16 3.3306690738754696213e-16 2.2204460492503130808e-16 2.2204460492503130808e-16 1.1102230246251565404e-16 2.2204460492503130808e-16 2.2204460492503130808e-16 2.2204460492503130808e-16 2.2204460492503130808e-16 2.2204460492503130808e-16 1.1102230246251565404e-16 3.3306690738754696213e-16 3.3306690738754696213e-16 3.3306690738754696213e-16 3.3306690738754696213e-16 3.3306690738754696213e-16 2.2204460492503130808e-16 3.3306690738754696213e-16 1.1102230246251565404e-16 1.1102230246251565404e-16 3.3306690738754696213e-16 3.3306690738754696213e-16 2.2204460492503130808e-16 2.2204460492503130808e-16 1.1102230246251565404e-16 2.2204460492503130808e-16 2.2204460492503130808e-16
