tests/data/reference/gistest_nucice/full/control/massbalance.asc
ncols        125
nrows        78
xllcorner    -713756.799299980048
yllcorner    -1061032.369616159936
cellsize     10.000000000000
NODATA_value  -9999
[rows 34 to 50 of 78, columns 78 to 116 of 125]
1.6653345369377348106e-15 1.6653345369377348106e-15 7.0943251273547502933e-14 7.771561172376095783e-16 3.4416913763379852753e-15 3.541611448554249364e-14 1.2212453270876721945e-15 7.771561172376095783e-16 -6.6613381477509392425e-16 5.6620819144370670983e-12 -1.3322676295501878485e-15 -9.9920072216264088638e-16 1.2212453270876721945e-15 -1.1102230246251565404e-16 -7.2164496600635175128e-15 -1.8873791418627661187e-15 5.5511151231257827021e-16 7.771561172376095783e-16 3.3306690738754696213e-16 2.553512956637860043e-15 4.3298697960381105077e-15 3.3306690738754696213e-16 -1.1102230246251565404e-16 8.8817841970012523234e-16 3.1086244689504383132e-15 9.9920072216264088638e-16 -2.4963364708696644811e-13 -9999 -9999 -9999 -9999 -9999 -9999 -9999 -9999 -9999 -9999 -9999 -9999
-1.1102230246251565404e-16 -9.9920072216264088638e-16 -4.2743586448068526806e-14 6.9944050551384862047e-15 3.4416913763379852753e-15 2.8310687127941491781e-14 7.771561172376095783e-16 9.9920072216264088638e-16 4.4914627572723020421e-12 1.5543122344752191566e-15 3.3306690738754696213e-16 4.3298697960381105077e-15 -1.8873791418627661187e-15 -3.2085445411667024018e-14 4.3298697960381105077e-15 1.6653345369377348106e-15 3.3306690738754696213e-16 -5.5511151231257827021e-16 7.771561172376095783e-16 -1.1102230246251565404e-16 7.882583474838611437e-15 7.771561172376095783e-16 2.3314683517128287349e-15 7.771561172376095783e-16 2.664535259100375697e-15 1.2212453270876721945e-15 1.1102230246251565404e-15 -1.2845335906064292431e-11 -9999 -9999 -9999 -9999 -9999 -9999 -9999 -9999 -9999 -9999 -9999
2.664535259100375697e-15 -1.8873791418627661187e-15 -5.6954441163270530524e-14 -1.8873791418627661187e-15 6.9944050551384862047e-15 -4.2743586448068526806e-14 3.3306690738754696213e-16 -1.011396522088148231e-11 1.1102230246251565404e-15 0 2.1094237467877974268e-15 7.771561172376095783e-16 4.3298697960381105077e-15 2.4757973449140990851e-14 3.3306690738754696213e-16 3.3306690738754696213e-16 3.3306690738754696213e-16 1.2212453270876721945e-15 9.9920072216264088638e-16 4.3298697960381105077e-15 7.771561172376095783e-16 1.2212453270876721945e-15 3.3306690738754696213e-16 1.1102230246251565404e-16 -9.9920072216264088638e-16 7.771561172376095783e-16 1.3322676295501878485e-15 -2.2204460492503130808e-16 5.9346971781337742868e-13 -9999 -9999 -9999 -9999 -9999 -9999 -9999 -9999 -9999 -9999
-1.7763568394002504647e-15 2.664535259100375697e-15 7.0943251273547502933e-14 5.21804821573823574e-15 -2.498001805406602216e-14 7.5384143372048129095e-14 3.2196467714129539672e-15 7.771561172376095783e-16 1.4432899320127035026e-15 3.3306690738754696213e-16 7.771561172376095783e-16 -9.9920072216264088638e-16 6.1062266354383609723e-15 2.1205259770340489922e-14 7.771561172376095783e-16 2.1094237467877974268e-15 1.2212453270876721945e-15 5.5511151231257827021e-16 3.4416913763379852753e-15 7.771561172376095783e-16 9.9920072216264088638e-16 3.3306690738754696213e-16 7.771561172376095783e-16 2.9976021664879226591e-15 5.21804821573823574e-15 1.1102230246251565404e-16 1.2212453270876721945e-15 1.3322676295501878485e-15 1.5543122344752191566e-15 1.2212453270876721945e-15 -3.8960501491658305895e-12 -9999 -9999 -9999 -9999 -9999 -9999 -9999 -9999
-5.329070518200751394e-15 2.664535259100375697e-15 -1.4210854715202003717e-14 -2.7755575615628913511e-15 1.4988010832439613296e-14 1.1213252548714081058e-14 7.771561172376095783e-16 1.1102230246251565404e-16 1.3322676295501878485e-15 2.553512956637860043e-15 3.4416913763379852753e-15 3.4416913763379852753e-15 3.541611448554249364e-14 3.4416913763379852753e-15 1.6653345369377348106e-15 -1.1102230246251565404e-16 9.9920072216264088638e-16 -6.3282712403633922804e-15 8.7707618945387366693e-15 7.771561172376095783e-16 1.2212453270876721945e-15 1.2212453270876721945e-15 1.6653345369377348106e-15 -9.9920072216264088638e-16 1.6653345369377348106e-15 2.9976021664879226591e-15 7.771561172376095783e-16 1.2212453270876721945e-15 -1.3322676295501878485e-15 5.5511151231257827021e-16 -5.5511151231257827021e-16 -1.1169121183485231086e-11 -9999 -9999 -9999 -9999 -9999 -9999 -9999
3.5527136788005009294e-15 3.5527136788005009294e-15 9.9475983006414026022e-14 -1.1102230246251565404e-16 1.24302235171569464e-11 -3.5638159090467524948e-14 2.1094237467877974268e-15 1.4432899320127035026e-15 1.1102230246251565404e-15 3.3306690738754696213e-16 -1.1102230246251565404e-16 -5.4400928206632670481e-15 2.8310687127941491781e-14 3.4416913763379852753e-15 1.6653345369377348106e-15 3.3306690738754696213e-16 7.771561172376095783e-16 -1.1102230246251565404e-16 1.2212453270876721945e-15 3.3306690738754696213e-16 1.2212453270876721945e-15 1.2212453270876721945e-15 2.1094237467877974268e-15 1.2212453270876721945e-15 -9.9920072216264088638e-16 7.771561172376095783e-16 3.3306690738754696213e-16 2.1094237467877974268e-15 3.4416913763379852753e-15 9.9920072216264088638e-16 2.664535259100375697e-15 1.4432899320127035026e-15 -1.9266643835891272829e-11 -9999 -9999 -9999 -9999 -9999 -9999
8.8817841970012523234e-15 -5.329070518200751394e-15 9.9920072216264088638e-16 -1.5603629499594262597e-12 -3.5527136788005009294e-14 2.8310687127941491781e-14 4.3298697960381105077e-15 5.5511151231257827021e-16 7.771561172376095783e-16 7.771561172376095783e-16 2.553512956637860043e-15 6.9944050551384862047e-15 4.2521541843143495498e-14 2.1094237467877974268e-15 2.9976021664879226591e-15 6.1062266354383609723e-15 -7.2164496600635175128e-15 -9.9920072216264088638e-16 2.553512956637860043e-15 1.1102230246251565404e-16 5.5511151231257827021e-16 1.6653345369377348106e-15 7.771561172376095783e-16 3.8857805861880478915e-15 2.553512956637860043e-15 -9.9920072216264088638e-16 4.3298697960381105077e-15 1.6653345369377348106e-15 -1.1102230246251565404e-16 7.771561172376095783e-16 -1.4432899320127035026e-15 1.1102230246251565404e-16 -1.3322676295501878485e-15 -6.2643779052962145215e-12 -9999 -9999 -9999 -9999 -9999
-1.7053025658242404461e-13 -5.329070518200751394e-15 1.676436767183986376e-14 1.1324274851176596712e-14 1.0658141036401502788e-14 -1.4210854715202003717e-14 2.553512956637860043e-15 1.2212453270876721945e-15 7.771561172376095783e-16 -9.9920072216264088638e-16 -3.6637359812630165834e-15 -1.1102230246251565404e-16 7.771561172376095783e-16 -9.9920072216264088638e-16 -5.4400928206632670481e-15 -1.8873791418627661187e-15 3.4416913763379852753e-15 1.2212453270876721945e-15 1.6653345369377348106e-15 1.4432899320127035026e-15 -9.9920072216264088638e-16 1.4432899320127035026e-15 9.9920072216264088638e-16 1.6653345369377348106e-15 4.3298697960381105077e-15 2.553512956637860043e-15 6.1062266354383609723e-15 -1.1102230246251565404e-16 1.2212453270876721945e-15 2.553512956637860043e-15 2.1094237467877974268e-15 1.1102230246251565404e-16 0 3.3306690738754696213e-16 2.2204460492503130808e-16 -9999 -9999 -9999 -9999
-9999 1.2501111257279262645e-13 -2.4556467970171524939e-12 -7.1054273576010018587e-14 1.0658141036401502788e-14 -3.5527136788005009294e-14 4.4408920985006261617e-15 3.3306690738754696213e-16 2.553512956637860043e-15 6.1062266354383609723e-15 8.7707618945387366693e-15 -7.82707232360735361e-14 1.2212453270876721945e-15 4.3298697960381105077e-15 6.9944050551384862047e-15 1.2212453270876721945e-15 1.6653345369377348106e-15 -5.5511151231257827021e-16 -5.5511151231257827021e-16 -1.8873791418627661187e-15 -1.1102230246251565404e-16 8.8817841970012523234e-16 7.771561172376095783e-16 2.553512956637860043e-15 -2.7755575615628913511e-15 7.771561172376095783e-16 -7.2164496600635175128e-15 2.553512956637860043e-15 -1.1102230246251565404e-16 -9.9920072216264088638e-16 1.2212453270876721945e-15 2.1094237467877974268e-15 1.6653345369377348106e-15 1.2212453270876721945e-15 4.4408920985006261617e-16 4.4408920985006261617e-16 -7.1760930531183930725e-12 -9999 -9999
-5.5511151231257827021e-15 -9999 -9999 -4.5408121707168902503e-14 1.4210854715202003717e-14 -9.9475983006414026022e-14 -2.664535259100375697e-15 3.3306690738754696213e-16 -9.9920072216264088638e-16 -1.8873791418627661187e-15 -5.4400928206632670481e-15 4.2521541843143495498e-14 7.771561172376095783e-16 -1.1102230246251565404e-16 -2.3314683517128287349e-15 2.553512956637860043e-15 3.3306690738754696213e-16 2.1094237467877974268e-15 6.1062266354383609723e-15 1.6653345369377348106e-15 5.5511151231257827021e-16 1.3322676295501878485e-15 3.3306690738754696213e-16 -3.6637359812630165834e-15 3.4416913763379852753e-15 2.553512956637860043e-15 7.882583474838611437e-15 1.6653345369377348106e-15 5.21804821573823574e-15 2.1094237467877974268e-15 7.771561172376095783e-16 -5.5511151231257827021e-16 1.6653345369377348106e-15 2.553512956637860043e-15 7.771561172376095783e-16 5.5511151231257827021e-16 2.2204460492503130808e-16 5.2532977967700844601e-12 -9999
-9.9920072216264088638e-16 1.622868506245822573e-12 1.2434497875801753253e-14 -9999 -9999 2.2737367544323205948e-13 0 -2.2204460492503130808e-15 7.771561172376095783e-16 7.771561172376095783e-16 4.3298697960381105077e-15 -2.142730437526552123e-14 6.9944050551384862047e-15 -1.1102230246251565404e-16 -9.9920072216264088638e-16 -1.4432899320127035026e-15 7.771561172376095783e-16 1.6653345369377348106e-15 7.771561172376095783e-16 3.3306690738754696213e-16 7.771561172376095783e-16 8.8817841970012523234e-16 1.2212453270876721945e-15 3.4416913763379852753e-15 2.553512956637860043e-15 -9.9920072216264088638e-16 -2.7755575615628913511e-15 2.553512956637860043e-15 -1.8873791418627661187e-15 1.6653345369377348106e-15 6.1062266354383609723e-15 1.2212453270876721945e-15 7.771561172376095783e-16 -9.9920072216264088638e-16 2.1094237467877974268e-15 9.9920072216264088638e-16 9.9920072216264088638e-16 1.6653345369377348106e-15 1.311944997084424358e-11
3.4416913763379852753e-15 1.9172996523764140875e-12 0 1.3322676295501878485e-15 2.664535259100375697e-15 -9999 -9999 4.8849813083506887779e-15 4.4408920985006261617e-16 4.3298697960381105077e-15 3.4416913763379852753e-15 1.4099832412739488063e-14 4.3298697960381105077e-15 7.771561172376095783e-16 5.21804821573823574e-15 1.6653345369377348106e-15 -1.1102230246251565404e-16 -5.5511151231257827021e-16 7.771561172376095783e-16 1.2212453270876721945e-15 1.2212453270876721945e-15 9.9920072216264088638e-16 -1.1102230246251565404e-16 3.4416913763379852753e-15 -3.6637359812630165834e-15 3.4416913763379852753e-15 4.3298697960381105077e-15 3.4416913763379852753e-15 1.6653345369377348106e-15 -1.8873791418627661187e-15 1.6653345369377348106e-15 -9.9920072216264088638e-16 2.553512956637860043e-15 1.2212453270876721945e-15 3.8857805861880478915e-15 5.5511151231257827021e-16 1.2212453270876721945e-15 3.3306690738754696213e-16 1.8318679906315082917e-15
6.6613381477509392425e-16 7.771561172376095783e-16 1.3322676295501878485e-15 4.4408920985006261617e-16 1.1102230246251565404e-15 2.664535259100375697e-15 -4.4408920985006261617e-16 -9999 1.7763568394002504647e-15 0 -3.6637359812630165834e-15 -1.2800871473928054911e-13 7.771561172376095783e-16 4.3298697960381105077e-15 -9.9920072216264088638e-16 3.4416913763379852753e-15 -1.1102230246251565404e-16 2.553512956637860043e-15 7.771561172376095783e-16 -1.1102230246251565404e-16 9.9920072216264088638e-16 9.9920072216264088638e-16 1.2212453270876721945e-15 -9.9920072216264088638e-16 1.2323475573339237599e-14 -1.1102230246251565404e-16 -3.6637359812630165834e-15 2.553512956637860043e-15 7.771561172376095783e-16 1.6653345369377348106e-15 -1.8873791418627661187e-15 1.6653345369377348106e-15 2.553512956637860043e-15 -5.5511151231257827021e-16 7.771561172376095783e-16 1.1102230246251565404e-16 1.1102230246251565404e-15 1.7763568394002504647e-15 5.5511151231257827021e-16
1.1102230246251565404e-16 5.5511151231257827021e-16 8.8817841970012523234e-16 0 8.8817841970012523234e-16 2.2204460492503130808e-15 1.3322676295501878485e-15 -8.8817841970012523234e-16 -9999 2.664535259100375697e-15 3.4416913763379852753e-15 -1.4321877017664519371e-14 -3.6637359812630165834e-15 1.6653345369377348106e-15 -1.1102230246251565404e-16 3.4416913763379852753e-15 -1.1102230246251565404e-16 2.553512956637860043e-15 3.3306690738754696213e-16 7.771561172376095783e-16 1.6653345369377348106e-15 1.1102230246251565404e-15 7.771561172376095783e-16 3.4416913763379852753e-15 3.4416913763379852753e-15 1.6653345369377348106e-15 5.21804821573823574e-15 -4.5519144009631418157e-15 2.553512956637860043e-15 1.6653345369377348106e-15 3.4416913763379852753e-15 3.4416913763379852753e-15 4.3298697960381105077e-15 -3.6637359812630165834e-15 2.3314683517128287349e-15 9.9920072216264088638e-16 4.3298697960381105077e-15 9.9920072216264088638e-16 7.771561172376095783e-16
3.3306690738754696213e-16 -2.0650148258027911652e-14 -7.1054273576010018587e-15 -1.4210854715202003717e-14 4.2632564145606011152e-14 -1.4210854715202003717e-14 -2.1316282072803005576e-14 -3.5527136788005009294e-14 9.9920072216264088638e-16 -9999 -7.1054273576010018587e-15 1.7041923427996152896e-13 7.771561172376095783e-16 6.9944050551384862047e-15 -1.1102230246251565404e-16 7.771561172376095783e-16 -5.5511151231257827021e-16 3.4416913763379852753e-15 -1.4432899320127035026e-15 5.5511151231257827021e-16 1.2212453270876721945e-15 9.9920072216264088638e-16 2.553512956637860043e-15 -1.1102230246251565404e-16 1.6653345369377348106e-15 -5.4400928206632670481e-15 5.21804821573823574e-15 -6.3282712403633922804e-15 4.3298697960381105077e-15 3.4416913763379852753e-15 2.553512956637860043e-15 -9.9920072216264088638e-16 -1.1102230246251565404e-16 8.7707618945387366693e-15 -1.1102230246251565404e-16 -1.1102230246251565404e-16 9.9920072216264088638e-16 7.771561172376095783e-16 7.771561172376095783e-16
4.3298697960381105077e-15 0 2.553512956637860043e-15 -8.8817841970012523234e-16 1.3322676295501878485e-15 0 0 4.4408920985006261617e-15 4.2632564145606011152e-14 -9999 3.5527136788005009294e-15 -2.8532731732866523089e-14 -5.4400928206632670481e-15 3.4416913763379852753e-15 7.771561172376095783e-16 1.2212453270876721945e-15 2.553512956637860043e-15 2.9976021664879226591e-15 7.771561172376095783e-16 -5.5511151231257827021e-16 -1.1102230246251565404e-16 7.771561172376095783e-16 1.6653345369377348106e-15 1.6653345369377348106e-15 6.9944050551384862047e-15 7.771561172376095783e-16 -5.4400928206632670481e-15 5.21804821573823574e-15 -4.5519144009631418157e-15 -1.8873791418627661187e-15 -4.5519144009631418157e-15 2.553512956637860043e-15 6.9944050551384862047e-15 2.553512956637860043e-15 3.4416913763379852753e-15 -9.9920072216264088638e-16 1.6653345369377348106e-15 1.2212453270876721945e-15 1.2212453270876721945e-15
-6.2375105081002857332e-12 1.1102230246251565404e-15 7.771561172376095783e-16 2.2204460492503130808e-15 -4.4408920985006261617e-16 2.664535259100375697e-15 8.8817841970012523234e-16 -4.4408920985006261617e-16 0 1.4210854715202003717e-14 -9999 2.5579538487363606691e-13 3.4416913763379852753e-15 3.4416913763379852753e-15 2.553512956637860043e-15 -3.6637359812630165834e-15 -1.8873791418627661187e-15 7.771561172376095783e-16 7.771561172376095783e-16 7.771561172376095783e-16 1.6653345369377348106e-15 1.1102230246251565404e-15 -1.8873791418627661187e-15 -7.2164496600635175128e-15 -8.9928064994637679774e-15 4.3298697960381105077e-15 1.6653345369377348106e-15 6.9944050551384862047e-15 5.21804821573823574e-15 2.553512956637860043e-15 3.4416913763379852753e-15 -3.6637359812630165834e-15 -2.498001805406602216e-14 -2.7755575615628913511e-15 3.4416913763379852753e-15 3.3306690738754696213e-16 2.553512956637860043e-15 -1.4432899320127035026e-15 -5.5511151231257827021e-16
