tests/data/reference/gistest_nucice/full/control/massbalance.asc
ncols        123
nrows        77
xllcorner    -713746.799299980048
yllcorner    -1061022.369616159936
cellsize     10.000000000000
NODATA_value  -9999
[rows 18 to 35 of 77, columns 0 to 39 of 123]
-9999 -9999 -9999 -9999 -9999 -9999 -9999 -9999 -9999 -9999 -9999 -9999 -9999 -9999 -9999 -9999 -9999 4.4408920985006261617e-16 -1.7763568394002504647e-15 -4.4408920985006261617e-16 -1.3322676295501878485e-15 -4.4408920985006261617e-15 -4.4408920985006261617e-16 -4.4408920985006261617e-16 -1.1102230246251565404e-15 1.659117287999833934e-11 1.2434497875801753253e-14 -7.1054273576010018587e-15 6.6613381477509392425e-16 -1.0658141036401502788e-14 0 -1.7763568394002504647e-15 -8.8817841970012523234e-16 1.7763568394002504647e-15 8.8817841970012523234e-16 -1.7763568394002504647e-15 0 -8.8817841970012523234e-16 1.7763568394002504647e-15 -8.8817841970012523234e-16
-9999 -9999 -9999 -9999 -9999 -9999 -9999 -9999 -9999 -9999 -9999 -9999 -9999 -9999 -9999 -9999 4.4408920985006261617e-16 -1.7763568394002504647e-15 4.4408920985006261617e-16 -1.3322676295501878485e-15 -3.5527136788005009294e-15 0 -2.2204460492503130808e-16 6.6613381477509392425e-16 -4.5354831001986894989e-12 6.6613381477509392425e-16 -8.8817841970012523234e-15 1.7763568394002504647e-15 -2.2204460492503130808e-16 7.1054273576010018587e-15 -1.3322676295501878485e-15 8.8817841970012523234e-16 3.5527136788005009294e-15 -1.3322676295501878485e-15 4.4408920985006261617e-16 -5.329070518200751394e-15 -5.329070518200751394e-15 -3.1086244689504383132e-15 -4.4408920985006261617e-15 0
-9999 -9999 -9999 -9999 -9999 -9999 -9999 -9999 -9999 -9999 -9999 -9999 -9999 -9999 -9999 -8.8817841970012523234e-16 1.7763568394002504647e-15 -8.8817841970012523234e-16 -4.4408920985006261617e-16 -3.5527136788005009294e-15 0 -1.3322676295501878485e-15 -1.3322676295501878485e-15 -2.0207391315807399224e-11 9.992717764362168964e-11 -5.329070518200751394e-15 7.1054273576010018587e-15 -8.8817841970012523234e-15 -1.7763568394002504647e-15 5.329070518200751394e-15 -2.664535259100375697e-15 -1.1102230246251565404e-15 0 0 -5.329070518200751394e-15 4.4408920985006261617e-15 1.7763568394002504647e-15 4.4408920985006261617e-16 8.8817841970012523234e-16 -3.5527136788005009294e-15
-9999 -9999 -9999 -9999 -9999 -9999 -9999 -9999 -9999 -9999 -9999 -9999 -9999 -9999 -9999 4.4408920985006261617e-16 1.7763568394002504647e-15 8.8817841970012523234e-16 7.1054273576010018587e-15 -1.7763568394002504647e-15 -1.5543122344752191566e-15 -6.6613381477509392425e-16 0 -8.4692697299715291592e-11 1.7763568394002504647e-15 8.8817841970012523234e-16 -5.329070518200751394e-15 1.7763568394002504647e-15 0 -5.329070518200751394e-15 0 -8.8817841970012523234e-16 1.7763568394002504647e-15 -8.8817841970012523234e-16 8.8817841970012523234e-16 -7.9936057773011270911e-15 8.8817841970012523234e-16 -2.664535259100375697e-15 3.5527136788005009294e-15 8.8817841970012523234e-16
-9999 -9999 -9999 -9999 -9999 -9999 -9999 -9999 -9999 -9999 -9999 -9999 -9999 -9999 -9999 4.4408920985006261617e-16 3.5527136788005009294e-15 0 -5.9085341064246676979e-09 4.4408920985006261617e-16 0 -2.2204460492503130808e-16 -9.4068752787279663607e-11 -2.7755575615628913511e-15 -1.7763568394002504647e-15 -3.5527136788005009294e-15 -1.7763568394002504647e-15 -9.7699626167013775557e-15 -8.8817841970012523234e-16 -5.329070518200751394e-15 -8.8817841970012523234e-16 -3.1086244689504383132e-15 4.4408920985006261617e-16 -3.5527136788005009294e-15 -6.2172489379008766264e-15 -8.8817841970012523234e-16 -7.9936057773011270911e-15 -8.8817841970012523234e-16 -2.664535259100375697e-15 1.7763568394002504647e-15
-9999 -9999 -9999 -9999 -9999 -9999 -9999 -9999 -9999 -9999 -9999 -9999 -9999 -9999 -4.4408920985006261617e-16 1.3322676295501878485e-15 -1.7763568394002504647e-15 -1.3341086457785422681e-08 -1.1102230246251565404e-15 -2.2204460492503130808e-16 4.4408920985006261617e-16 -8.8881346727021082188e-11 2.2204460492503130808e-16 1.7763568394002504647e-15 0 3.5527136788005009294e-15 3.5527136788005009294e-15 1.0658141036401502788e-14 8.8817841970012523234e-16 8.8817841970012523234e-15 -1.3322676295501878485e-15 4.4408920985006261617e-16 1.3322676295501878485e-15 -3.5527136788005009294e-15 -5.329070518200751394e-15 8.8817841970012523234e-16 7.1054273576010018587e-15 -8.8817841970012523234e-16 -1.7763568394002504647e-15 -4.4408920985006261617e-15
-9999 -9999 -9999 -9999 -9999 -9999 -9999 -9999 -9999 -9999 -9999 -9999 -9999 -9999 -2.2204460492503130808e-16 5.3357958051947207423e-08 -7.8471309450378612382e-09 -8.8817841970012523234e-16 6.6613381477509392425e-16 -1.3322676295501878485e-15 1.3788392649871639151e-10 -2.0949197931940943818e-10 -6.6613381477509392425e-16 -1.1102230246251565404e-15 -6.2172489379008766264e-15 -7.1054273576010018587e-15 7.9936057773011270911e-15 -4.4408920985006261617e-15 1.7763568394002504647e-15 4.4408920985006261617e-16 -8.8817841970012523234e-15 -4.4408920985006261617e-16 8.8817841970012523234e-16 -1.7763568394002504647e-15 1.2434497875801753253e-14 -1.3322676295501878485e-15 -7.1054273576010018587e-15 1.3322676295501878485e-15 7.9936057773011270911e-15 4.4408920985006261617e-16
-9999 -9999 -9999 -9999 -9999 -9999 -9999 -9999 -9999 -9999 -9999 -9999 -9999 -9999 1.0300118447048589587e-07 3.1086244689504383132e-15 -8.8817841970012523234e-16 0 -8.8817841970012523234e-16 -2.2204460492503130808e-16 -1.2630785306555480929e-11 -3.5527136788005009294e-15 1.7763568394002504647e-15 1.3322676295501878485e-15 8.8817841970012523234e-16 -7.1054273576010018587e-15 1.4210854715202003717e-14 3.5527136788005009294e-15 -1.7763568394002504647e-15 6.6613381477509392425e-16 0 5.329070518200751394e-15 1.7763568394002504647e-15 4.4408920985006261617e-16 8.8817841970012523234e-16 -5.329070518200751394e-15 -8.8817841970012523234e-16 -3.5527136788005009294e-15 -8.8817841970012523234e-16 1.7763568394002504647e-14
-9999 -9999 -9999 -9999 -9999 -9999 -9999 -9999 -9999 -9999 -9999 -9999 8.8817841970012523234e-16 -4.4408920985006261617e-16 -4.4408920985006261617e-15 -8.8817841970012523234e-16 -1.3322676295501878485e-15 -2.2204460492503130808e-16 2.2204460492503130808e-16 8.9610985298804735066e-11 1.1102230246251565404e-15 -2.664535259100375697e-15 8.8817841970012523234e-16 0 1.7763568394002504647e-15 0 -6.2942362433204834815e-10 -1.7763568394002504647e-15 -8.8817841970012523234e-16 -4.4408920985006261617e-16 -8.8817841970012523234e-16 1.3322676295501878485e-15 3.5660452368801998091e-10 -2.664535259100375697e-15 -8.8817841970012523234e-16 -1.7763568394002504647e-15 1.7763568394002504647e-15 8.8817841970012523234e-16 5.329070518200751394e-15 4.4408920985006261617e-16
-9999 -9999 -9999 -9999 -9999 -9999 -9999 -9999 -9999 -9999 -9999 -9999 -9999 2.2204460492503130808e-16 1.9984014443252817728e-15 2.2204460492503130808e-16 1.1102230246251565404e-15 0 -1.014113237829405989e-10 4.2188474935755948536e-15 -8.8817841970012523234e-16 8.8817841970012523234e-16 7.1054273576010018587e-15 0 1.7763568394002504647e-15 -1.5987211554602254182e-14 -6.4097349650182877667e-10 -1.01695718512928579e-09 2.1730972576960994047e-10 3.5527136788005009294e-15 -4.4408920985006261617e-16 -4.4408920985006261617e-16 0 -8.1861628586921142414e-10 -2.2204460492503130808e-15 1.3322676295501878485e-15 8.8817841970012523234e-16 1.5987211554602254182e-14 4.4408920985006261617e-16 -7.1054273576010018587e-15
-9999 -9999 -9999 -9999 -9999 -9999 -9999 -9999 -9999 -9999 -9999 -9999 -9999 -9999 -9999 -6.6613381477509392425e-16 -2.2204460492503130808e-16 -1.9173995724486303516e-10 8.4137141698192863259e-11 4.4408920985006261617e-15 -8.8817841970012523234e-16 6.2172489379008766264e-15 -8.8817841970012523234e-16 -2.664535259100375697e-15 4.4408920985006261617e-15 -3.5527136788005009294e-15 0 2.868834059199798503e-09 1.4432401940212002955e-08 -5.0471715695721286465e-10 0 0 1.3322676295501878485e-15 -8.8817841970012523234e-16 -2.664535259100375697e-15 8.8817841970012523234e-16 0 -3.1086244689504383132e-15 1.7763568394002504647e-15 8.8817841970012523234e-16
-9999 -9999 -9999 -9999 -9999 -9999 -9999 -9999 -9999 -9999 -9999 -9999 -9999 -9999 -9999 -9999 0 -2.113127450797946949e-10 1.7763568394002504647e-15 1.7763568394002504647e-15 -2.664535259100375697e-15 -1.7763568394002504647e-15 -1.7763568394002504647e-15 2.664535259100375697e-15 7.1054273576010018587e-15 1.7763568394002504647e-15 -5.329070518200751394e-15 0 1.3322676295501878485e-15 1.3668980614056636114e-08 1.5084609117366198916e-09 -1.7529742990518570878e-08 2.2204460492503130808e-15 0 4.4408920985006261617e-16 1.7763568394002504647e-15 1.6875389974302379414e-14 -3.5527136788005009294e-15 3.5527136788005009294e-15 -8.8817841970012523234e-15
-9999 -9999 -9999 -9999 -9999 -9999 -9999 -9999 -9999 -9999 -9999 -9999 -9999 -9999 -9999 -9999 -8.1713968924645996594e-11 3.7747582837255322374e-15 0 0 8.8817841970012523234e-16 -1.4539267567670322023e-08 1.9767121273162047146e-09 2.7003800084912654711e-08 -1.6808341385399216961e-08 7.4708808028844941873e-09 -2.914111263407903607e-08 -2.021140588226444379e-08 6.6404552967469498981e-09 -2.2117774278740398586e-09 -1.9682973473322817881e-08 2.7522055745521356585e-08 -1.5715322376763651846e-08 -4.060246538983847131e-08 -2.4635149031837499933e-08 7.2956609642460534815e-09 -1.1955236800531565677e-09 -2.6178959444678184809e-08 -3.3761303086521365913e-08 -1.2107108204872929491e-08
-9999 -9999 -9999 -9999 -9999 -9999 -9999 -9999 -9999 -9999 -9999 -9999 -9999 -9999 -9999 1.6008661063438012206e-10 -1.9984014443252817728e-15 -1.7763568394002504647e-15 0 -1.419129702640020696e-09 1.4245422619296732591e-09 -8.8817841970012523234e-16 -8.8817841970012523234e-16 -7.1054273576010018587e-15 1.7763568394002504647e-15 -8.8817841970012523234e-15 -7.1054273576010018587e-15 1.3750227623177124769e-09 -5.6842068829610070679e-09 -7.4457595644616958452e-09 5.8802260838319853065e-09 2.5024604610734968446e-09 6.4668697064007574227e-09 -2.1822895490686278208e-08 -2.3308599494953341491e-08 -4.9393182877111030393e-09 4.3394159376930474536e-09 -2.7337815566852441407e-08 2.9637149623340519611e-08 -1.7033979560210354975e-08
-9999 -9999 -9999 -9999 -9999 -9999 -9999 -9999 -9999 -9999 -9999 -9999 -9999 -9999 9.4100949254993793147e-11 -1.755053880003742961e-10 -5.329070518200751394e-15 0 -8.8817841970012523234e-16 -4.4408920985006261617e-16 0 -4.4408920985006261617e-16 1.7763568394002504647e-15 1.3322676295501878485e-15 7.1054273576010018587e-15 0 3.1086244689504383132e-15 -8.8817841970012523234e-16 8.8817841970012523234e-16 0 -8.8817841970012523234e-16 -2.3092638912203256041e-14 7.1054273576010018587e-15 -7.1054273576010018587e-15 -3.0623503732840617886e-09 -5.5177622471092035994e-09 -4.4408920985006261617e-16 1.3322676295501878485e-15 4.4408920985006261617e-15 0
-9999 -9999 -9999 -9999 -9999 -9999 -9999 -9999 -9999 -9999 -9999 -9999 -9999 -9999 -5.4744653255056618946e-11 1.8429702208777598571e-14 -6.2172489379008766264e-15 0 -1.7763568394002504647e-15 -4.4408920985006261617e-16 3.1086244689504383132e-15 -4.4408920985006261617e-16 -8.8817841970012523234e-16 -2.664535259100375697e-15 -8.8817841970012523234e-16 -8.8817841970012523234e-16 -8.8817841970012523234e-16 -1.7763568394002504647e-15 2.664535259100375697e-15 4.4408920985006261617e-15 -5.329070518200751394e-15 -1.3322676295501878485e-15 -1.3322676295501878485e-15 -1.7763568394002504647e-15 8.8817841970012523234e-15 -1.7763568394002504647e-15 1.7763568394002504647e-15 -4.4408920985006261617e-16 -3.5527136788005009294e-15 -2.664535259100375697e-15
-9999 -9999 -9999 -9999 -9999 -9999 -9999 -9999 -9999 -9999 -9999 -9999 -9999 1.3749090754799908609e-10 -1.1768364061026659328e-14 -1.3322676295501878485e-15 -8.8817841970012523234e-16 2.664535259100375697e-15 8.8817841970012523234e-16 -3.9968028886505635455e-15 -1.3322676295501878485e-15 8.8817841970012523234e-16 -8.8817841970012523234e-16 -8.8817841970012523234e-16 -1.7763568394002504647e-15 0 -8.8817841970012523234e-16 -1.7763568394002504647e-15 -2.2204460492503130808e-15 -8.8817841970012523234e-16 -8.8817841970012523234e-16 8.8817841970012523234e-16 -3.5527136788005009294e-15 -7.9936057773011270911e-15 0 -2.664535259100375697e-15 -2.664535259100375697e-15 2.2204460492503130808e-15 -4.4408920985006261617e-16 -4.4408920985006261617e-16
-9999 -9999 -9999 -9999 -9999 -9999 -9999 -9999 -9999 -9999 -9999 -9999 -1.1718936931970347359e-10 -4.0332093220740716788e-10 0 -2.2204460492503130808e-15 -1.2434497875801753253e-14 -3.5527136788005009294e-15 4.4408920985006261617e-16 -1.7763568394002504647e-15 -5.329070518200751394e-15 -4.4408920985006261617e-16 0 -2.664535259100375697e-15 -2.664535259100375697e-15 -3.5527136788005009294e-15 -2.2204460492503130808e-15 -4.4408920985006261617e-16 0 -2.2204460492503130808e-15 -1.7763568394002504647e-15 0 5.329070518200751394e-15 -8.8817841970012523234e-16 0 8.8817841970012523234e-16 -2.2204460492503130808e-15 -3.5527136788005009294e-15 -4.4408920985006261617e-16 -2.2204460492503130808e-15
