tests/data/reference/gistest_nucice/full/control/massbalance.asc
ncols        123
nrows        77
xllcorner    -713746.799299980048
yllcorner    -1061022.369616159936
cellsize     10.000000000000
NODATA_value  -9999
[rows 34 to 50 of 77, columns 0 to 38 of 123]
-9999 -9999 -9999 -9999 -9999 -9999 -9999 -9999 -9999 -9999 -9999 -9999 -9999 1.7924550732573152345e-10 -3.7747582837255322374e-15 2.2204460492503130808e-16 3.3306690738754696213e-16 2.2204460492503130808e-16 4.4408920985006261617e-16 2.2204460492503130808e-16 1.1102230246251565404e-16 2.2204460492503130808e-16 2.2204460492503130808e-16 2.2204460492503130808e-16 2.2204460492503130808e-16 3.3306690738754696213e-16 0 1.1102230246251565404e-16 2.2204460492503130808e-16 1.1102230246251565404e-16 2.2204460492503130808e-16 2.2204460492503130808e-16 4.4408920985006261617e-16 1.1102230246251565404e-16 2.2204460492503130808e-16 3.3306690738754696213e-16 3.3306690738754696213e-16 0 3.3306690738754696213e-16
-9999 -9999 -9999 -9999 -9999 -9999 -9999 -9999 -9999 -9999 -9999 -9999 1.7454993006538188638e-10 -3.2906255498232894752e-10 1.1102230246251565404e-16 1.1102230246251565404e-16 3.3306690738754696213e-16 3.3306690738754696213e-16 2.2204460492503130808e-16 3.3306690738754696213e-16 1.1102230246251565404e-16 3.3306690738754696213e-16 3.3306690738754696213e-16 3.3306690738754696213e-16 1.1102230246251565404e-16 2.2204460492503130808e-16 3.3306690738754696213e-16 2.2204460492503130808e-16 4.4408920985006261617e-16 1.1102230246251565404e-16 3.3306690738754696213e-16 2.2204460492503130808e-16 3.3306690738754696213e-16 1.1102230246251565404e-16 2.2204460492503130808e-16 4.4408920985006261617e-16 2.2204460492503130808e-16 3.3306690738754696213e-16 2.2204460492503130808e-16
-9999 -9999 -9999 -9999 -9999 -9999 -9999 -9999 -9999 -9999 -9999 -9999 -1.5097700867272578762e-11 -1.1102230246251565404e-16 3.3306690738754696213e-16 3.3306690738754696213e-16 2.2204460492503130808e-16 3.3306690738754696213e-16 3.3306690738754696213e-16 4.4408920985006261617e-16 3.3306690738754696213e-16 3.3306690738754696213e-16 2.2204460492503130808e-16 2.2204460492503130808e-16 2.2204460492503130808e-16 1.1102230246251565404e-16 2.2204460492503130808e-16 3.3306690738754696213e-16 3.3306690738754696213e-16 2.2204460492503130808e-16 4.4408920985006261617e-16 2.2204460492503130808e-16 3.3306690738754696213e-16 3.3306690738754696213e-16 1.1102230246251565404e-16 2.2204460492503130808e-16 3.3306690738754696213e-16 3.3306690738754696213e-16 1.1102230246251565404e-16
-9999 -9999 -9999 -9999 -9999 -9999 -9999 -9999 -9999 -9999 -9999 -5.6760596223170978192e-11 -1.5543122344752191566e-15 3.3306690738754696213e-16 2.2204460492503130808e-16 1.1102230246251565404e-16 2.2204460492503130808e-16 2.2204460492503130808e-16 3.3306690738754696213e-16 4.4408920985006261617e-16 2.2204460492503130808e-16 1.1102230246251565404e-16 2.2204460492503130808e-16 2.2204460492503130808e-16 1.1102230246251565404e-16 2.2204460492503130808e-16 2.2204460492503130808e-16 3.3306690738754696213e-16 2.2204460492503130808e-16 2.2204460492503130808e-16 2.2204460492503130808e-16 2.2204460492503130808e-16 1.1102230246251565404e-16 2.2204460492503130808e-16 1.1102230246251565404e-16 3.3306690738754696213e-16 4.4408920985006261617e-16 3.3306690738754696213e-16 1.1102230246251565404e-16
-9999 -9999 -9999 -9999 -9999 -9999 -9999 -9999 -9999 -9999 2.0783996745876720524e-10 -4.1577097320555367332e-10 3.3306690738754696213e-16 3.3306690738754696213e-16 2.2204460492503130808e-16 2.2204460492503130808e-16 3.3306690738754696213e-16 2.2204460492503130808e-16 2.2204460492503130808e-16 1.1102230246251565404e-16 2.2204460492503130808e-16 2.2204460492503130808e-16 2.2204460492503130808e-16 2.2204460492503130808e-16 3.3306690738754696213e-16 2.2204460492503130808e-16 2.2204460492503130808e-16 2.2204460492503130808e-16 1.1102230246251565404e-16 2.2204460492503130808e-16 2.2204460492503130808e-16 2.2204460492503130808e-16 3.3306690738754696213e-16 2.2204460492503130808e-16 2.2204460492503130808e-16 1.1102230246251565404e-16 1.1102230246251565404e-16 2.2204460492503130808e-16 2.2204460492503130808e-16
-9999 -9999 -9999 -9999 -9999 -9999 -9999 -9999 -9999 -9999 -2.7948088288098915655e-11 5.5511151231257827021e-16 3.3306690738754696213e-16 2.2204460492503130808e-16 3.3306690738754696213e-16 2.2204460492503130808e-16 3.3306690738754696213e-16 2.2204460492503130808e-16 3.3306690738754696213e-16 1.1102230246251565404e-16 3.3306690738754696213e-16 2.2204460492503130808e-16 3.3306690738754696213e-16 2.2204460492503130808e-16 3.3306690738754696213e-16 1.1102230246251565404e-16 3.3306690738754696213e-16 1.1102230246251565404e-16 3.3306690738754696213e-16 2.2204460492503130808e-16 1.1102230246251565404e-16 1.1102230246251565404e-16 2.2204460492503130808e-16 2.2204460492503130808e-16 3.3306690738754696213e-16 2.2204460492503130808e-16 2.2204460492503130808e-16 2.2204460492503130808e-16 1.1102230246251565404e-16
-9999 -9999 -9999 -9999 -9999 -9999 -9999 -9999 -9999 -1.2007039806860575482e-10 -1.1102230246251565404e-16 3.3306690738754696213e-16 3.3306690738754696213e-16 3.3306690738754696213e-16 2.2204460492503130808e-16 2.2204460492503130808e-16 3.3306690738754696213e-16 3.3306690738754696213e-16 2.2204460492503130808e-16 2.2204460492503130808e-16 2.2204460492503130808e-16 2.2204460492503130808e-16 1.1102230246251565404e-16 3.3306690738754696213e-16 2.2204460492503130808e-16 3.3306690738754696213e-16 4.4408920985006261617e-16 3.3306690738754696213e-16 3.3306690738754696213e-16 2.2204460492503130808e-16 2.2204460492503130808e-16 3.3306690738754696213e-16 2.2204460492503130808e-16 1.1102230246251565404e-16 2.2204460492503130808e-16 2.2204460492503130808e-16 3.3306690738754696213e-16 1.1102230246251565404e-16 2.2204460492503130808e-16
-9999 -9999 -9999 -9999 -9999 -9999 -9999 -9999 -9999 -1.6011036940710710041e-10 7.771561172376095783e-16 2.2204460492503130808e-16 2.2204460492503130808e-16 3.3306690738754696213e-16 1.1102230246251565404e-16 3.3306690738754696213e-16 2.2204460492503130808e-16 2.2204460492503130808e-16 3.3306690738754696213e-16 3.3306690738754696213e-16 1.1102230246251565404e-16 2.2204460492503130808e-16 2.2204460492503130808e-16 3.3306690738754696213e-16 3.3306690738754696213e-16 2.2204460492503130808e-16 3.3306690738754696213e-16 3.3306690738754696213e-16 3.3306690738754696213e-16 3.3306690738754696213e-16 3.3306690738754696213e-16 1.1102230246251565404e-16 2.2204460492503130808e-16 1.1102230246251565404e-16 2.2204460492503130808e-16 2.2204460492503130808e-16 3.3306690738754696213e-16 2.2204460492503130808e-16 3.3306690738754696213e-16
-9999 -9999 -9999 -9999 -9999 -9999 -9999 -9999 1.8719736871730674466e-10 -1.1102230246251565404e-16 0 2.2204460492503130808e-16 2.2204460492503130808e-16 3.3306690738754696213e-16 1.1102230246251565404e-16 3.3306690738754696213e-16 1.1102230246251565404e-16 2.2204460492503130808e-16 3.3306690738754696213e-16 3.3306690738754696213e-16 3.3306690738754696213e-16 4.4408920985006261617e-16 1.1102230246251565404e-16 3.3306690738754696213e-16 3.3306690738754696213e-16 1.1102230246251565404e-16 2.2204460492503130808e-16 1.1102230246251565404e-16 2.2204460492503130808e-16 2.2204460492503130808e-16 2.2204460492503130808e-16 1.1102230246251565404e-16 1.1102230246251565404e-16 3.3306690738754696213e-16 3.3306690738754696213e-16 1.1102230246251565404e-16 3.3306690738754696213e-16 1.1102230246251565404e-16 2.2204460492503130808e-16
-9999 -9999 -9999 -9999 -9999 -9999 -9999 7.8241635392828356999e-11 1.5611467674148116203e-10 2.2204460492503130808e-16 2.2204460492503130808e-16 4.4408920985006261617e-16 2.2204460492503130808e-16 3.3306690738754696213e-16 3.3306690738754696213e-16 3.3306690738754696213e-16 2.2204460492503130808e-16 2.2204460492503130808e-16 2.2204460492503130808e-16 2.2204460492503130808e-16 2.2204460492503130808e-16 3.3306690738754696213e-16 2.2204460492503130808e-16 2.2204460492503130808e-16 2.2204460492503130808e-16 1.1102230246251565404e-16 3.3306690738754696213e-16 3.3306690738754696213e-16 3.3306690738754696213e-16 2.2204460492503130808e-16 2.2204460492503130808e-16 3.3306690738754696213e-16 0 3.3306690738754696213e-16 2.2204460492503130808e-16 0 2.2204460492503130808e-16 2.2204460492503130808e-16 3.3306690738754696213e-16
-9999 -9999 -9999 -9999 -9999 -9999 -9999 2.4316215707642641064e-10 2.2204460492503130808e-16 0 2.2204460492503130808e-16 3.3306690738754696213e-16 3.3306690738754696213e-16 2.2204460492503130808e-16 2.2204460492503130808e-16 1.1102230246251565404e-16 3.3306690738754696213e-16 1.1102230246251565404e-16 4.4408920985006261617e-16 2.2204460492503130808e-16 2.2204460492503130808e-16 2.2204460492503130808e-16 0 1.1102230246251565404e-16 3.3306690738754696213e-16 1.1102230246251565404e-16 2.2204460492503130808e-16 3.3306690738754696213e-16 2.2204460492503130808e-16 3.3306690738754696213e-16 1.1102230246251565404e-16 3.3306690738754696213e-16 2.2204460492503130808e-16 3.3306690738754696213e-16 3.3306690738754696213e-16 1.1102230246251565404e-16 3.3306690738754696213e-16 1.1102230246251565404e-16 1.1102230246251565404e-16
-9999 -9999 -9999 -9999 -9999 -9999 -9999 2.2204460492503130808e-16 2.2204460492503130808e-16 3.3306690738754696213e-16 3.3306690738754696213e-16 2.2204460492503130808e-16 1.1102230246251565404e-16 3.3306690738754696213e-16 3.3306690738754696213e-16 2.2204460492503130808e-16 2.2204460492503130808e-16 3.3306690738754696213e-16 1.1102230246251565404e-16 3.3306690738754696213e-16 3.3306690738754696213e-16 2.2204460492503130808e-16 4.4408920985006261617e-16 3.3306690738754696213e-16 2.2204460492503130808e-16 1.1102230246251565404e-16 3.3306690738754696213e-16 2.2204460492503130808e-16 2.2204460492503130808e-16 3.3306690738754696213e-16 1.1102230246251565404e-16 3.3306690738754696213e-16 2.2204460492503130808e-16 3.3306690738754696213e-16 1.1102230246251565404e-16 2.2204460492503130808e-16 3.3306690738754696213e-16 2.2204460492503130808e-16 2.2204460492503130808e-16
-9999 -9999 -9999 -9999 -9999 -9999 -1.6877810260496062256e-10 2.2204460492503130808e-16 1.1102230246251565404e-16 2.2204460492503130808e-16 3.3306690738754696213e-16 2.2204460492503130808e-16 2.2204460492503130808e-16 2.2204460492503130808e-16 4.4408920985006261617e-16 2.2204460492503130808e-16 1.1102230246251565404e-16 1.1102230246251565404e-16 3.3306690738754696213e-16 2.2204460492503130808e-16 3.3306690738754696213e-16 2.2204460492503130808e-16 2.2204460492503130808e-16 3.3306690738754696213e-16 2.2204460492503130808e-16 2.2204460492503130808e-16 3.3306690738754696213e-16 3.3306690738754696213e-16 2.2204460492503130808e-16 2.2204460492503130808e-16 3.3306690738754696213e-16 3.3306690738754696213e-16 2.2204460492503130808e-16 1.1102230246251565404e-16 1.1102230246251565404e-16 2.2204460492503130808e-16 3.3306690738754696213e-16 3.3306690738754696213e-16 4.4408920985006261617e-16
-9999 -9999 -9999 -9999 -9999 -9999 -2.2204460492503130808e-16 3.3306690738754696213e-16 3.3306690738754696213e-16 3.3306690738754696213e-16 2.2204460492503130808e-16 4.4408920985006261617e-16 1.1102230246251565404e-16 2.2204460492503130808e-16 2.2204460492503130808e-16 2.2204460492503130808e-16 2.2204460492503130808e-16 3.3306690738754696213e-16 3.3306690738754696213e-16 1.1102230246251565404e-16 3.3306690738754696213e-16 3.3306690738754696213e-16 3.3306690738754696213e-16 2.2204460492503130808e-16 3.3306690738754696213e-16 3.3306690738754696213e-16 2.2204460492503130808e-16 0 1.1102230246251565404e-16 2.2204460492503130808e-16 2.2204460492503130808e-16 2.2204460492503130808e-16 3.3306690738754696213e-16 2.2204460492503130808e-16 2.2204460492503130808e-16 1.1102230246251565404e-16 4.4408920985006261617e-16 1.1102230246251565404e-16 3.3306690738754696213e-16
-9999 -9999 -9999 -9999 -9999 2.442157587267956842e-10 2.2204460492503130808e-16 1.1102230246251565404e-16 2.2204460492503130808e-16 2.2204460492503130808e-16 2.2204460492503130808e-16 3.3306690738754696213e-16 1.1102230246251565404e-16 1.1102230246251565404e-16 3.3306690738754696213e-16 3.3306690738754696213e-16 1.1102230246251565404e-16 1.1102230246251565404e-16 4.4408920985006261617e-16 2.2204460492503130808e-16 1.1102230246251565404e-16 3.3306690738754696213e-16 3.3306690738754696213e-16 4.4408920985006261617e-16 1.1102230246251565404e-16 2.2204460492503130808e-16 3.3306690738754696213e-16 1.1102230246251565404e-16 1.1102230246251565404e-16 2.2204460492503130808e-16 3.3306690738754696213e-16 3.3306690738754696213e-16 5.5511151231257827021e-16 3.3306690738754696213e-16 4.4408920985006261617e-16 2.2204460492503130808e-16 3.3306690738754696213e-16 1.1102230246251565404e-16 1.1102230246251565404e-16
-9999 -9999 -9999 -9999 -3.0890534574723460537e-10 0 4.4408920985006261617e-16 2.2204460492503130808e-16 3.3306690738754696213e-16 2.2204460492503130808e-16 2.2204460492503130808e-16 2.2204460492503130808e-16 3.3306690738754696213e-16 1.1102230246251565404e-16 3.3306690738754696213e-16 2.2204460492503130808e-16 3.3306690738754696213e-16 2.2204460492503130808e-16 2.2204460492503130808e-16 1.1102230246251565404e-16 3.3306690738754696213e-16 2.2204460492503130808e-16 1.1102230246251565404e-16 3.3306690738754696213e-16 1.1102230246251565404e-16 3.3306690738754696213e-16 2.2204460492503130808e-16 2.2204460492503130808e-16 4.4408920985006261617e-16 2.2204460492503130808e-16 1.1102230246251565404e-16 3.3306690738754696213e-16 0 1.1102230246251565404e-16 1.1102230246251565404e-16 0 2.2204460492503130808e-16 4.4408920985006261617e-16 2.2204460492503130808e-16
-9999 -9999 -9999 -9999 1.1799450305716163712e-11 3.3306690738754696213e-16 2.2204460492503130808e-16 3.3306690738754696213e-16 3.3306690738754696213e-16 3.3306690738754696213e-16 2.2204460492503130808e-16 2.2204460492503130808e-16 3.3306690738754696213e-16 1.1102230246251565404e-16 3.3306690738754696213e-16 3.3306690738754696213e-16 4.4408920985006261617e-16 5.5511151231257827021e-16 4.4408920985006261617e-16 2.2204460492503130808e-16 1.1102230246251565404e-16 2.2204460492503130808e-16 2.2204460492503130808e-16 2.2204460492503130808e-16 1.1102230246251565404e-16 2.2204460492503130808e-16 2.2204460492503130808e-16 1.1102230246251565404e-16 2.2204460492503130808e-16 2.2204460492503130808e-16 3.3306690738754696213e-16 3.3306690738754696213e-16 3.3306690738754696213e-16 2.2204460492503130808e-16 3.3306690738754696213e-16 2.2204460492503130808e-16 3.3306690738754696213e-16 3.3306690738754696213e-16 2.2204460492503130808e-16
