tests/data/reference/gistest_nucice/full/control/massbalance.asc
ncols        123
nrows        77
xllcorner    -713746.799299980048
yllcorner    -1061022.369616159936
cellsize     10.000000000000
NODATA_value  -9999
[rows 18 to 35 of 77, columns 40 to 79 of 123]
-8.8817841970012523234e-16 -2.664535259100375697e-15 -2.664535259100375697e-15 -2.2204460492503130808e-15 0 -8.8817841970012523234e-16 -1.7763568394002504647e-15 8.8817841970012523234e-16 -4.4408920985006261617e-16 0 4.4408920985006261617e-16 -1.3322676295501878485e-15 -3.9968028886505635455e-15 1.7763568394002504647e-15 -2.664535259100375697e-15 -1.7763568394002504647e-15 8.8817841970012523234e-16 8.8817841970012523234e-16 0 -4.4408920985006261617e-16 -6.6613381477509392425e-16 -4.4408920985006261617e-16 -3.5527136788005009294e-15 0 -8.8817841970012523234e-16 -1.7763568394002504647e-15 1.7763568394002504647e-15 -8.8817841970012523234e-16 -1.3322676295501878485e-15 -3.5527136788005009294e-15 -3.1086244689504383132e-15 -3.5527136788005009294e-15 -4.4408920985006261617e-16 1.4816539106732307118e-08 1.7763568394002504647e-15 -1.3322676295501878485e-15 -8.8817841970012523234e-16 8.8817841970012523234e-16 -6.6613381477509392425e-16 -9999
-1.7763568394002504647e-15 -3.9968028886505635455e-15 -6.2172489379008766264e-15 8.8817841970012523234e-16 -3.1086244689504383132e-15 8.8817841970012523234e-16 -2.2204460492503130808e-15 -1.7763568394002504647e-15 -1.3322676295501878485e-15 -8.8817841970012523234e-16 4.4408920985006261617e-16 -1.3322676295501878485e-15 0 -1.7763568394002504647e-15 -4.4408920985006261617e-15 4.4408920985006261617e-16 0 -8.8817841970012523234e-16 -1.3322676295501878485e-15 -8.8817841970012523234e-16 -2.664535259100375697e-15 -2.2204460492503130808e-15 8.8817841970012523234e-16 0 -8.8817841970012523234e-16 -4.4408920985006261617e-16 2.2204460492503130808e-15 -4.4408920985006261617e-15 1.7763568394002504647e-15 3.5527136788005009294e-15 -1.3322676295501878485e-15 2.2204460492503130808e-15 -4.4408920985006261617e-16 0 -1.2408353455839460366e-08 1.7763568394002504647e-15 -1.7763568394002504647e-15 -1.7763568394002504647e-15 -1.3322676295501878485e-15 0
8.8817841970012523234e-16 1.7763568394002504647e-15 8.8817841970012523234e-16 -2.2204460492503130808e-15 8.8817841970012523234e-16 3.1086244689504383132e-15 1.7763568394002504647e-15 -1.7763568394002504647e-15 -2.2204460492503130808e-15 -4.4408920985006261617e-16 -4.4408920985006261617e-16 -8.8817841970012523234e-16 0 0 -8.8817841970012523234e-16 4.4408920985006261617e-16 -2.2204460492503130808e-15 -2.664535259100375697e-15 -1.7763568394002504647e-15 -2.664535259100375697e-15 -4.4408920985006261617e-16 -8.8817841970012523234e-16 4.4408920985006261617e-16 -3.1086244689504383132e-15 -4.4408920985006261617e-16 -1.3322676295501878485e-15 -1.7763568394002504647e-15 -3.9968028886505635455e-15 8.8817841970012523234e-16 -1.0658141036401502788e-14 0 -1.7763568394002504647e-15 -1.3322676295501878485e-15 -2.2204460492503130808e-16 -2.2204460492503130808e-16 4.1112500070994428825e-09 7.1054273576010018587e-15 4.4408920985006261617e-16 8.8817841970012523234e-16 -4.4408920985006261617e-16
1.3322676295501878485e-15 0 -1.7763568394002504647e-15 8.8817841970012523234e-16 2.664535259100375697e-15 -2.2204460492503130808e-15 -1.7763568394002504647e-15 3.5527136788005009294e-15 -8.8817841970012523234e-16 -1.7763568394002504647e-15 0 -1.7763568394002504647e-15 8.8817841970012523234e-16 4.4408920985006261617e-16 -8.8817841970012523234e-16 0 -8.8817841970012523234e-16 -2.664535259100375697e-15 2.2204460492503130808e-15 -2.664535259100375697e-15 -4.4408920985006261617e-16 -8.8817841970012523234e-16 0 3.5527136788005009294e-15 -4.4408920985006261617e-16 -3.5527136788005009294e-15 -3.1086244689504383132e-15 -4.4408920985006261617e-16 -1.7763568394002504647e-15 0 0 8.8817841970012523234e-16 -1.7763568394002504647e-15 -4.4408920985006261617e-16 -1.3322676295501878485e-15 -4.4408920985006261617e-16 1.3493032469114041305e-08 -8.8817841970012523234e-15 -3.5527136788005009294e-15 -1.3322676295501878485e-15
-1.3322676295501878485e-15 -3.9968028886505635455e-15 0 -4.4408920985006261617e-16 -3.5527136788005009294e-15 -1.7763568394002504647e-15 4.4408920985006261617e-16 -1.3322676295501878485e-15 8.8817841970012523234e-16 8.8817841970012523234e-16 -8.8817841970012523234e-16 -2.2204460492503130808e-16 4.4408920985006261617e-16 0 -4.8849813083506887779e-15 -2.664535259100375697e-15 -2.664535259100375697e-15 -3.1086244689504383132e-15 0 -5.329070518200751394e-15 1.7763568394002504647e-15 -3.1086244689504383132e-15 8.8817841970012523234e-16 0 -3.5527136788005009294e-15 -8.8817841970012523234e-16 8.8817841970012523234e-16 1.7763568394002504647e-15 -7.1054273576010018587e-15 -6.2172489379008766264e-15 8.8817841970012523234e-16 -1.7763568394002504647e-15 -8.8817841970012523234e-16 0 4.4408920985006261617e-16 -1.7763568394002504647e-15 0 6.3026419638845254667e-09 -4.4408920985006261617e-15 7.9936057773011270911e-15
4.4408920985006261617e-16 -1.3322676295501878485e-15 1.7763568394002504647e-15 -2.664535259100375697e-15 1.7763568394002504647e-15 -2.664535259100375697e-15 0 -3.5527136788005009294e-15 -8.8817841970012523234e-16 -8.8817841970012523234e-16 1.3322676295501878485e-15 -2.2204460492503130808e-16 -8.8817841970012523234e-16 -8.8817841970012523234e-16 -4.4408920985006261617e-16 2.2204460492503130808e-15 3.9968028886505635455e-15 8.8817841970012523234e-16 1.7763568394002504647e-15 2.2204460492503130808e-15 3.5527136788005009294e-15 -8.8817841970012523234e-16 2.2204460492503130808e-15 0 8.8817841970012523234e-16 8.8817841970012523234e-16 -8.8817841970012523234e-16 0 1.7763568394002504647e-14 8.8817841970012523234e-16 -2.664535259100375697e-15 -4.4408920985006261617e-16 -8.8817841970012523234e-16 -3.1086244689504383132e-15 -1.3322676295501878485e-15 2.664535259100375697e-15 -4.4408920985006261617e-16 1.3322676295501878485e-15 1.5500273065072178724e-08 1.7763568394002504647e-15
-3.1086244689504383132e-15 1.7763568394002504647e-15 -2.664535259100375697e-15 -4.4408920985006261617e-15 -5.329070518200751394e-15 1.3322676295501878485e-15 -1.3322676295501878485e-15 1.7763568394002504647e-15 0 0 -4.4408920985006261617e-16 0 -1.3322676295501878485e-15 4.4408920985006261617e-16 -2.664535259100375697e-15 -8.8817841970012523234e-16 -3.5527136788005009294e-15 -5.329070518200751394e-15 -1.7763568394002504647e-15 -8.8817841970012523234e-16 -3.5527136788005009294e-15 -3.5527136788005009294e-15 -3.9968028886505635455e-15 -2.664535259100375697e-15 -4.4408920985006261617e-16 -1.7763568394002504647e-15 -8.8817841970012523234e-16 0 3.5527136788005009294e-15 -8.8817841970012523234e-16 0 -2.664535259100375697e-15 -8.8817841970012523234e-16 1.7763568394002504647e-15 -3.5527136788005009294e-15 -1.7763568394002504647e-15 4.4408920985006261617e-16 -1.7763568394002504647e-15 -2.2204460492503130808e-16 2.6619483506351571123e-08
-8.8817841970012523234e-16 -1.7763568394002504647e-15 -2.664535259100375697e-15 -8.8817841970012523234e-16 1.7763568394002504647e-15 -8.8817841970012523234e-16 -1.7763568394002504647e-15 -8.8817841970012523234e-16 -3.5527136788005009294e-15 -3.5527136788005009294e-15 -1.3322676295501878485e-15 0 -2.664535259100375697e-15 -1.3322676295501878485e-15 -1.7763568394002504647e-15 -2.664535259100375697e-15 0 -8.8817841970012523234e-16 -2.664535259100375697e-15 8.8817841970012523234e-16 0 -3.5527136788005009294e-15 -2.664535259100375697e-15 -2.664535259100375697e-15 0 0 4.4408920985006261617e-16 -2.664535259100375697e-15 -2.4868995751603506505e-14 -8.8817841970012523234e-16 -4.4408920985006261617e-15 -3.5527136788005009294e-15 8.8817841970012523234e-16 -1.7763568394002504647e-15 8.8817841970012523234e-16 -8.8817841970012523234e-16 -8.8817841970012523234e-16 -2.664535259100375697e-15 -8.8817841970012523234e-16 2.6600746494409577281e-08
-2.1316282072803005576e-14 8.8817841970012523234e-16 -8.8817841970012523234e-16 0 -1.7763568394002504647e-15 -8.8817841970012523234e-16 -1.7763568394002504647e-15 1.7763568394002504647e-15 8.8817841970012523234e-16 -4.4408920985006261617e-16 8.8817841970012523234e-16 -1.1102230246251565404e-15 -8.8817841970012523234e-16 1.7763568394002504647e-15 -1.7763568394002504647e-15 -1.3322676295501878485e-15 0 -7.1054273576010018587e-15 -2.664535259100375697e-15 -8.8817841970012523234e-16 -1.7763568394002504647e-15 -5.329070518200751394e-15 -8.8817841970012523234e-16 -8.8817841970012523234e-16 -2.664535259100375697e-15 -8.8817841970012523234e-16 -3.5527136788005009294e-15 -4.4408920985006261617e-15 2.1316282072803005576e-14 8.8817841970012523234e-16 -8.8817841970012523234e-16 4.4408920985006261617e-15 0 -4.4408920985006261617e-15 -3.1086244689504383132e-15 -8.8817841970012523234e-16 -8.8817841970012523234e-16 -2.2204460492503130808e-15 -1.3322676295501878485e-15 4.0457752703559890506e-09
-5.329070518200751394e-15 -1.7763568394002504647e-15 -5.329070518200751394e-15 2.664535259100375697e-15 -5.329070518200751394e-15 8.8817841970012523234e-16 1.7763568394002504647e-15 -7.1054273576010018587e-15 -4.4408920985006261617e-15 0 0 8.8817841970012523234e-16 1.3322676295501878485e-15 2.2204460492503130808e-16 -1.7763568394002504647e-15 -4.4408920985006261617e-16 8.8817841970012523234e-16 0 0 0 1.7763568394002504647e-15 -2.664535259100375697e-15 -1.7763568394002504647e-15 8.8817841970012523234e-16 -2.664535259100375697e-15 0 -1.7763568394002504647e-15 2.664535259100375697e-15 3.1974423109204508364e-14 -6.2172489379008766264e-15 -4.4408920985006261617e-16 -3.5527136788005009294e-15 2.2204460492503130808e-15 8.8817841970012523234e-16 8.8817841970012523234e-16 4.4408920985006261617e-16 -4.4408920985006261617e-16 0 8.8817841970012523234e-16 -9.452863380943199445e-09
8.8817841970012523234e-15 -3.5527136788005009294e-15 -2.664535259100375697e-15 -4.4408920985006261617e-15 1.7763568394002504647e-15 0 -1.7763568394002504647e-15 1.7763568394002504647e-15 1.7763568394002504647e-15 -2.664535259100375697e-15 -2.664535259100375697e-15 4.4408920985006261617e-16 -1.7763568394002504647e-15 -2.664535259100375697e-15 -1.7763568394002504647e-15 8.8817841970012523234e-16 -4.4408920985006261617e-16 -5.329070518200751394e-15 -2.664535259100375697e-15 -1.7763568394002504647e-15 1.7763568394002504647e-15 0 -8.8817841970012523234e-16 -1.7763568394002504647e-15 1.7763568394002504647e-15 0 1.7763568394002504647e-15 -8.8817841970012523234e-16 -1.7763568394002504647e-14 8.8817841970012523234e-16 0 -2.664535259100375697e-15 -3.9968028886505635455e-15 -3.1086244689504383132e-15 -4.4408920985006261617e-16 -1.7763568394002504647e-15 1.7763568394002504647e-15 -2.664535259100375697e-15 -2.2204460492503130808e-15 -8.8741707315875828499e-09
2.2204460492503130808e-15 -7.1054273576010018587e-15 3.5527136788005009294e-15 0 -2.664535259100375697e-15 0 8.8817841970012523234e-16 8.8817841970012523234e-16 -1.7763568394002504647e-15 4.4408920985006261617e-15 -8.8817841970012523234e-16 0 -1.7763568394002504647e-15 0 0 -1.3322676295501878485e-15 -8.8817841970012523234e-16 -8.8817841970012523234e-16 3.5527136788005009294e-15 -3.5527136788005009294e-15 1.7763568394002504647e-15 0 -5.329070518200751394e-15 0 -8.8817841970012523234e-16 -7.9936057773011270911e-15 0 -5.329070518200751394e-15 -8.8817841970012523234e-16 1.7763568394002504647e-14 -2.2204460492503130808e-15 8.8817841970012523234e-16 8.8817841970012523234e-16 3.9968028886505635455e-15 -1.7763568394002504647e-15 -2.664535259100375697e-15 -3.5527136788005009294e-15 -1.7763568394002504647e-15 -5.7731597280508140102e-15 1.9464259537471662043e-08
-1.4940717107947421027e-08 1.5341221626385959098e-08 -3.5527136788005009294e-15 4.4408920985006261617e-15 -2.664535259100375697e-15 -2.664535259100375697e-15 -1.7763568394002504647e-15 -3.5527136788005009294e-15 1.7763568394002504647e-15 -8.8817841970012523234e-16 2.2204460492503130808e-15 1.7763568394002504647e-15 1.7763568394002504647e-15 -2.2204460492503130808e-15 -3.5527136788005009294e-15 2.664535259100375697e-15 0 2.2204460492503130808e-16 -2.2204460492503130808e-15 -3.5527136788005009294e-15 0 -5.329070518200751394e-15 -3.5527136788005009294e-15 0 -2.664535259100375697e-15 4.4408920985006261617e-15 1.7763568394002504647e-15 0 8.8817841970012523234e-16 -8.8817841970012523234e-16 0 1.7763568394002504647e-15 1.7763568394002504647e-15 -2.664535259100375697e-15 0 3.5527136788005009294e-15 1.7763568394002504647e-15 1.7763568394002504647e-15 5.329070518200751394e-15 -1.9971039932897838298e-08
2.0810638545754045481e-08 -2.8423901454743827344e-08 -6.1421445707310340367e-09 -4.2195821947643707972e-08 -5.2438622333284001797e-08 8.8817841970012523234e-15 8.8817841970012523234e-16 -4.4408920985006261617e-15 -5.329070518200751394e-15 -1.7763568394002504647e-15 -5.329070518200751394e-15 -5.329070518200751394e-15 -1.3322676295501878485e-15 1.3322676295501878485e-15 0 -7.1054273576010018587e-15 -2.664535259100375697e-15 -1.3322676295501878485e-15 0 1.7763568394002504647e-15 8.8817841970012523234e-16 -3.5527136788005009294e-15 0 1.7763568394002504647e-15 -8.8817841970012523234e-16 3.5527136788005009294e-15 -3.5527136788005009294e-15 -1.7763568394002504647e-15 -8.8817841970012523234e-16 -3.5527136788005009294e-15 1.0658141036401502788e-14 -3.5527136788005009294e-15 -5.329070518200751394e-15 -1.3322676295501878485e-15 8.8817841970012523234e-16 -4.4408920985006261617e-15 -7.9936057773011270911e-15 -1.7763568394002504647e-15 -3.5527136788005009294e-15 2.8564532073005466373e-08
3.5527136788005009294e-15 -4.4408920985006261617e-16 2.664535259100375697e-15 0 3.5527136788005009294e-15 2.2012727640685625374e-08 3.133013137812667992e-08 -2.0340777950877964031e-08 3.5527136788005009294e-15 0 -2.664535259100375697e-15 0 -8.8817841970012523234e-15 0 -1.7763568394002504647e-15 4.4408920985006261617e-15 -8.8817841970012523234e-16 1.3322676295501878485e-15 -8.8817841970012523234e-16 -4.4408920985006261617e-16 -3.1086244689504383132e-15 -8.8817841970012523234e-16 0 -2.664535259100375697e-15 -4.4408920985006261617e-15 -2.664535259100375697e-15 0 -1.7763568394002504647e-15 0 2.664535259100375697e-15 -1.7763568394002504647e-14 8.8817841970012523234e-16 0 -3.5527136788005009294e-15 -3.5527136788005009294e-15 0 3.9968028886505635455e-15 -3.5527136788005009294e-15 2.664535259100375697e-15 2.7720936657260608627e-10
-3.1086244689504383132e-15 4.8849813083506887779e-15 -8.8817841970012523234e-16 2.664535259100375697e-15 0 -1.7763568394002504647e-15 7.1054273576010018587e-15 -8.8817841970012523234e-15 -5.1166324510631966405e-09 -4.8980794531416904647e-08 5.9034732657892163843e-09 2.664535259100375697e-15 2.664535259100375697e-15 4.4408920985006261617e-15 8.8817841970012523234e-16 -3.5527136788005009294e-15 -1.7763568394002504647e-15 0 -3.5527136788005009294e-15 1.7763568394002504647e-15 -4.4408920985006261617e-16 2.2204460492503130808e-15 1.7763568394002504647e-15 8.8817841970012523234e-16 -2.664535259100375697e-15 -4.4408920985006261617e-15 8.8817841970012523234e-16 -7.1054273576010018587e-15 0 -8.8817841970012523234e-16 -4.4408920985006261617e-15 1.4210854715202003717e-14 2.664535259100375697e-15 8.8817841970012523234e-16 -8.8817841970012523234e-16 -7.9936057773011270911e-15 -5.329070518200751394e-15 0 -4.4408920985006261617e-15 -4.4408920985006261617e-15
8.8817841970012523234e-16 -8.8817841970012523234e-16 -1.3322676295501878485e-15 8.8817841970012523234e-16 -1.3322676295501878485e-15 -1.3322676295501878485e-15 -4.4408920985006261617e-16 1.3322676295501878485e-15 -8.8817841970012523234e-16 3.5527136788005009294e-15 -8.8817841970012523234e-15 -1.0234046499135729391e-08 -1.1032420843548607081e-07 6.9491463250415108632e-08 0 4.4408920985006261617e-16 2.664535259100375697e-15 8.8817841970012523234e-16 -4.4408920985006261617e-16 -1.3322676295501878485e-15 -8.8817841970012523234e-16 -4.4408920985006261617e-16 -4.4408920985006261617e-15 -7.9936057773011270911e-15 -5.329070518200751394e-15 1.7763568394002504647e-15 -1.7763568394002504647e-15 -2.664535259100375697e-15 1.7763568394002504647e-15 -3.5527136788005009294e-15 -2.664535259100375697e-15 -1.4210854715202003717e-14 -1.7763568394002504647e-15 -3.5527136788005009294e-15 -1.7763568394002504647e-15 3.5527136788005009294e-15 7.1054273576010018587e-15 -8.8817841970012523234e-16 -8.8817841970012523234e-16 2.664535259100375697e-15
8.8817841970012523234e-16 -4.4408920985006261617e-16 -8.8817841970012523234e-16 4.4408920985006261617e-16 0 -1.3322676295501878485e-15 -2.664535259100375697e-15 3.5527136788005009294e-15 -4.4408920985006261617e-16 1.7763568394002504647e-15 0 1.154631945610162802e-14 6.2172489379008766264e-15 -7.1054273576010018587e-15 -2.4406034526691655628e-08 -3.5527136788005009294e-15 -2.664535259100375697e-15 -3.5527136788005009294e-15 -2.664535259100375697e-15 -4.4408920985006261617e-16 0 -3.9968028886505635455e-15 2.664535259100375697e-15 -8.8817841970012523234e-16 0 4.4408920985006261617e-15 2.664535259100375697e-15 1.7763568394002504647e-15 2.664535259100375697e-15 -4.4408920985006261617e-15 0 -8.8817841970012523234e-16 7.1054273576010018587e-15 3.5527136788005009294e-15 -4.4408920985006261617e-15 0 -9.7699626167013775557e-15 8.8817841970012523234e-16 -5.329070518200751394e-15 -7.1054273576010018587e-15
