tests/data/reference/gistest_nucice/full/control/massbalance.asc
ncols        123
nrows        77
xllcorner    -713746.799299980048
yllcorner    -1061022.369616159936
cellsize     10.000000000000
NODATA_value  -9999
[rows 54 to 71 of 77, columns 40 to 79 of 123]
4.4408920985006261617e-16 0 -4.4408920985006261617e-16 -2.664535259100375697e-15 -4.4408920985006261617e-15 1.3322676295501878485e-15 -1.7763568394002504647e-15 -2.664535259100375697e-15 -1.0658141036401502788e-14 -1.7763568394002504647e-14 1.7763568394002504647e-15 -5.329070518200751394e-15 -3.1086244689504383132e-15 -1.7763568394002504647e-15 -5.329070518200751394e-15 8.8817841970012523234e-16 -3.1086244689504383132e-15 4.4408920985006261617e-16 2.2204460492503130808e-15 1.7763568394002504647e-15 8.8817841970012523234e-16 -2.2204460492503130808e-15 -1.7763568394002504647e-15 4.4408920985006261617e-15 -3.5527136788005009294e-15 4.4408920985006261617e-16 -3.1086244689504383132e-15 1.7763568394002504647e-15 -2.664535259100375697e-15 -4.4408920985006261617e-15 2.2204460492503130808e-15 -3.9968028886505635455e-15 -3.5527136788005009294e-15 -1.7763568394002504647e-15 4.4408920985006261617e-16 -4.4408920985006261617e-16 0 -5.2491344604277401231e-11 8.8817841970012523234e-16 0
8.8817841970012523234e-16 0 0 -4.4408920985006261617e-16 -1.7763568394002504647e-15 -6.2172489379008766264e-15 -8.8817841970012523234e-15 -1.7763568394002504647e-15 -1.7763568394002504647e-15 8.8817841970012523234e-16 -2.2204460492503130808e-15 -1.7763568394002504647e-15 1.7763568394002504647e-15 2.664535259100375697e-15 -2.664535259100375697e-15 2.664535259100375697e-15 -8.8817841970012523234e-16 -2.664535259100375697e-15 -2.664535259100375697e-15 -4.4408920985006261617e-16 1.7763568394002504647e-15 -8.8817841970012523234e-16 -1.7763568394002504647e-15 1.7763568394002504647e-15 -5.329070518200751394e-15 -3.5527136788005009294e-15 7.1054273576010018587e-15 -1.5987211554602254182e-14 1.7763568394002504647e-15 5.329070518200751394e-15 0 7.1054273576010018587e-15 -1.0658141036401502788e-14 3.5527136788005009294e-15 7.0810379781960364198e-10 -1.4841852191693760687e-09 -1.0463079291866961285e-09 -2.6845674572228972465e-09 -2.7492941256923586479e-10 -1.3322676295501878485e-15
-2.2204460492503130808e-15 -8.8817841970012523234e-16 -8.8817841970012523234e-16 -8.8817841970012523234e-16 3.1086244689504383132e-15 -2.664535259100375697e-15 8.8817841970012523234e-16 -2.664535259100375697e-15 -8.8817841970012523234e-16 1.3322676295501878485e-15 1.7763568394002504647e-15 -3.5527136788005009294e-15 -3.5527136788005009294e-15 1.7763568394002504647e-15 -1.3322676295501878485e-15 -8.8817841970012523234e-16 -4.4408920985006261617e-16 -2.664535259100375697e-15 -1.7763568394002504647e-15 -1.3322676295501878485e-15 1.7763568394002504647e-15 -6.2172489379008766264e-15 3.1086244689504383132e-15 -7.1054273576010018587e-15 -5.329070518200751394e-15 1.7763568394002504647e-15 0 0 -4.4408920985006261617e-15 -8.8817841970012523234e-16 -8.8817841970012523234e-16 -6.2172489379008766264e-15 0 -5.329070518200751394e-15 -2.664535259100375697e-15 1.7763568394002504647e-15 -2.7755575615628913511e-15 -1.9984014443252817728e-15 -1.7763568394002504647e-15 -4.4408920985006261617e-16
0 -8.8817841970012523234e-16 -1.7763568394002504647e-15 -8.8817841970012523234e-16 -2.2204460492503130808e-15 -3.5527136788005009294e-15 -1.3322676295501878485e-15 4.4408920985006261617e-15 -2.664535259100375697e-15 -3.1086244689504383132e-15 1.7763568394002504647e-15 8.8817841970012523234e-16 -3.5527136788005009294e-15 8.8817841970012523234e-16 -2.664535259100375697e-15 -2.664535259100375697e-15 0 -1.3322676295501878485e-15 4.4408920985006261617e-16 -3.5527136788005009294e-15 0 -8.8817841970012523234e-16 2.2204460492503130808e-15 -2.664535259100375697e-15 -4.4408920985006261617e-15 -2.664535259100375697e-15 -2.664535259100375697e-15 0 -1.7763568394002504647e-15 -8.8817841970012523234e-15 -1.5987211554602254182e-14 7.1054273576010018587e-15 1.7763568394002504647e-14 -1.5987211554602254182e-14 1.0658141036401502788e-14 -5.329070518200751394e-15 -2.8865798640254070051e-15 1.3115035724098333958e-09 -5.329070518200751394e-15 2.664535259100375697e-15
-8.8817841970012523234e-16 0 -2.2204460492503130808e-15 0 8.8817841970012523234e-16 -2.2204460492503130808e-15 -3.5527136788005009294e-15 1.3322676295501878485e-15 -1.3322676295501878485e-15 -2.2204460492503130808e-15 -4.4408920985006261617e-15 4.4408920985006261617e-16 1.3322676295501878485e-15 1.3322676295501878485e-15 -2.664535259100375697e-15 8.8817841970012523234e-16 -2.2204460492503130808e-15 -3.5527136788005009294e-15 8.8817841970012523234e-16 -1.7763568394002504647e-15 -4.4408920985006261617e-16 -2.664535259100375697e-15 -2.2204460492503130808e-15 -8.8817841970012523234e-16 -3.9968028886505635455e-15 0 -4.4408920985006261617e-15 -2.664535259100375697e-15 4.4408920985006261617e-16 -2.664535259100375697e-15 -3.5527136788005009294e-15 -4.4408920985006261617e-15 -1.3322676295501878485e-14 6.2172489379008766264e-15 -4.4408920985006261617e-15 4.4408920985006261617e-15 -1.1102230246251565404e-15 -3.7747582837255322374e-15 -3.1086244689504383132e-15 -8.8817841970012523234e-16
-8.8817841970012523234e-16 -8.8817841970012523234e-16 3.1086244689504383132e-15 -2.2204460492503130808e-15 -1.7763568394002504647e-15 -8.8817841970012523234e-16 -8.8817841970012523234e-16 0 0 2.664535259100375697e-15 -8.8817841970012523234e-16 -8.8817841970012523234e-16 0 0 -2.2204460492503130808e-15 0 -1.7763568394002504647e-15 -2.664535259100375697e-15 -4.4408920985006261617e-16 4.4408920985006261617e-16 1.7763568394002504647e-15 2.2204460492503130808e-15 -3.9968028886505635455e-15 0 -1.7763568394002504647e-15 1.7763568394002504647e-15 2.664535259100375697e-15 -2.2204460492503130808e-15 8.8817841970012523234e-16 0 -2.664535259100375697e-15 8.8817841970012523234e-16 -4.4408920985006261617e-15 0 -3.5527136788005009294e-15 1.0658141036401502788e-14 -9.9920072216264088638e-15 -3.5527136788005009294e-15 0 8.8817841970012523234e-15
0 -4.4408920985006261617e-16 0 0 -8.8817841970012523234e-16 -8.8817841970012523234e-16 -6.6613381477509392425e-16 -1.7763568394002504647e-15 4.4408920985006261617e-16 -4.4408920985006261617e-15 -4.4408920985006261617e-16 -4.4408920985006261617e-16 -8.8817841970012523234e-16 -2.2204460492503130808e-15 -1.7763568394002504647e-15 4.4408920985006261617e-16 -8.8817841970012523234e-16 -1.7763568394002504647e-15 4.4408920985006261617e-16 -1.3322676295501878485e-15 -3.5527136788005009294e-15 -2.664535259100375697e-15 8.8817841970012523234e-16 -8.8817841970012523234e-16 1.7763568394002504647e-15 -1.3322676295501878485e-15 -2.2204460492503130808e-15 -7.9936057773011270911e-15 -4.4408920985006261617e-16 4.4408920985006261617e-16 -4.4408920985006261617e-15 8.8817841970012523234e-16 0 4.4408920985006261617e-16 3.1086244689504383132e-15 4.4408920985006261617e-16 -2.2204460492503130808e-16 -8.8817841970012523234e-16 0 8.8817841970012523234e-16
-3.1086244689504383132e-15 8.8817841970012523234e-16 -1.7763568394002504647e-15 0 1.7763568394002504647e-15 -2.2204460492503130808e-15 1.7763568394002504647e-15 0 -3.5527136788005009294e-15 4.4408920985006261617e-16 -4.4408920985006261617e-16 -2.2204460492503130808e-15 8.8817841970012523234e-16 4.4408920985006261617e-16 -2.664535259100375697e-15 1.7763568394002504647e-15 8.8817841970012523234e-16 -4.4408920985006261617e-16 0 1.3322676295501878485e-15 0 -2.664535259100375697e-15 -8.8817841970012523234e-16 -5.7731597280508140102e-15 -3.9968028886505635455e-15 8.8817841970012523234e-16 3.5527136788005009294e-15 2.2204460492503130808e-15 -8.8817841970012523234e-16 1.7763568394002504647e-15 -8.8817841970012523234e-16 -6.6613381477509392425e-16 -4.4408920985006261617e-16 -3.5527136788005009294e-15 0 -2.2204460492503130808e-15 -2.8983482280864336644e-11 4.4408920985006261617e-15 -6.2172489379008766264e-15 6.2172489379008766264e-15
-4.4408920985006261617e-16 8.8817841970012523234e-16 -2.2204460492503130808e-15 0 -1.7763568394002504647e-15 4.4408920985006261617e-16 -3.1086244689504383132e-15 3.1086244689504383132e-15 -4.4408920985006261617e-16 4.4408920985006261617e-16 -8.8817841970012523234e-16 8.8817841970012523234e-16 -1.7763568394002504647e-15 0 -1.3322676295501878485e-15 -6.6613381477509392425e-16 -6.6613381477509392425e-16 -8.8817841970012523234e-16 0 0 0 -4.4408920985006261617e-16 0 4.4408920985006261617e-16 -3.1086244689504383132e-15 -2.664535259100375697e-15 -2.664535259100375697e-15 -2.2204460492503130808e-15 -1.3322676295501878485e-15 -8.8817841970012523234e-16 -2.2204460492503130808e-16 8.8817841970012523234e-16 4.4408920985006261617e-16 -8.8817841970012523234e-16 0 0 -8.5849549691374704707e-11 -4.4408920985006261617e-15 -8.8817841970012523234e-16 -6.6613381477509392425e-16
-9999 -4.4408920985006261617e-16 -4.4408920985006261617e-16 -4.4408920985006261617e-16 0 -2.664535259100375697e-15 8.8817841970012523234e-16 -1.7763568394002504647e-15 -2.664535259100375697e-15 2.664535259100375697e-15 -2.664535259100375697e-15 0 -1.7763568394002504647e-15 8.8817841970012523234e-16 -6.2172489379008766264e-15 -8.8817841970012523234e-16 -4.4408920985006261617e-16 -2.2204460492503130808e-15 1.7763568394002504647e-15 0 -6.6613381477509392425e-16 -1.7763568394002504647e-15 -4.4408920985006261617e-16 4.4408920985006261617e-16 -3.1086244689504383132e-15 -4.4408920985006261617e-16 0 8.8817841970012523234e-16 -4.4408920985006261617e-16 -1.1102230246251565404e-15 1.3322676295501878485e-15 -3.1086244689504383132e-15 -4.4408920985006261617e-16 8.8817841970012523234e-16 -8.8817841970012523234e-16 -2.664535259100375697e-15 5.7855054080846457509e-11 8.8817841970012523234e-16 0 -6.2172489379008766264e-15
-9999 -9999 -9999 -9999 -8.8817841970012523234e-16 4.4408920985006261617e-16 1.3322676295501878485e-15 -1.3322676295501878485e-15 -8.8817841970012523234e-16 8.8817841970012523234e-16 -2.2204460492503130808e-15 -2.664535259100375697e-15 0 -4.4408920985006261617e-16 -8.8817841970012523234e-16 0 -1.3322676295501878485e-15 -3.1086244689504383132e-15 4.4408920985006261617e-16 -2.2204460492503130808e-15 4.4408920985006261617e-16 -8.8817841970012523234e-16 -2.2204460492503130808e-16 1.7763568394002504647e-15 -2.2204460492503130808e-15 4.4408920985006261617e-16 -1.3322676295501878485e-15 -1.5543122344752191566e-15 0 8.8817841970012523234e-16 -2.2204460492503130808e-15 -1.7763568394002504647e-15 -3.1086244689504383132e-15 1.7763568394002504647e-15 0 -5.329070518200751394e-15 -5.5673687882062949939e-11 -1.0658141036401502788e-14 1.7763568394002504647e-15 0
-9999 -9999 -9999 -9999 -9999 -9999 -9999 -9999 -9999 -9999 -6.6613381477509392425e-16 -1.7763568394002504647e-15 8.8817841970012523234e-16 -1.7763568394002504647e-15 -2.2204460492503130808e-15 1.7763568394002504647e-15 -2.664535259100375697e-15 -2.664535259100375697e-15 2.664535259100375697e-15 -2.2204460492503130808e-15 -4.4408920985006261617e-16 0 -3.1086244689504383132e-15 2.2204460492503130808e-16 -1.3322676295501878485e-15 4.4408920985006261617e-16 -4.4408920985006261617e-16 0 0 -2.664535259100375697e-15 1.7763568394002504647e-15 -4.8849813083506887779e-15 1.7763568394002504647e-15 -1.7763568394002504647e-15 3.5527136788005009294e-15 -1.7763568394002504647e-15 -4.956124399768668809e-11 0 -3.5527136788005009294e-15 -7.1054273576010018587e-15
-9999 -9999 -9999 -9999 -9999 -9999 -9999 -9999 -9999 -9999 -9999 -1.3322676295501878485e-15 4.4408920985006261617e-16 -1.7763568394002504647e-15 0 -8.8817841970012523234e-16 -1.3322676295501878485e-15 -8.8817841970012523234e-16 -1.3322676295501878485e-15 0 -2.2204460492503130808e-15 4.4408920985006261617e-16 -2.2204460492503130808e-15 8.8817841970012523234e-16 -8.8817841970012523234e-16 -1.3322676295501878485e-15 -3.1086244689504383132e-15 4.4408920985006261617e-16 0 -3.5527136788005009294e-15 -4.4408920985006261617e-16 -3.5527136788005009294e-15 0 1.7763568394002504647e-15 -2.2204460492503130808e-16 -1.3322676295501878485e-15 1.5305534617482408066e-11 4.4408920985006261617e-15 -2.664535259100375697e-15 1.7763568394002504647e-15
-9999 -9999 -9999 -9999 -9999 -9999 -9999 -9999 -9999 -9999 -9999 -9999 -9999 -9999 -9999 -9999 -9999 -9999 -9999 -1.3322676295501878485e-15 -4.4408920985006261617e-16 -1.1102230246251565404e-15 -2.2204460492503130808e-16 -8.8817841970012523234e-16 -4.4408920985006261617e-16 -8.8817841970012523234e-16 -2.664535259100375697e-15 2.2204460492503130808e-15 -1.3322676295501878485e-15 -3.5527136788005009294e-15 3.5527136788005009294e-15 -6.2172489379008766264e-15 4.4408920985006261617e-15 -7.1054273576010018587e-15 8.8817841970012523234e-16 5.329070518200751394e-15 -9.1038288019262836315e-15 -4.4408920985006261617e-16 -2.664535259100375697e-15 -8.8817841970012523234e-16
-9999 -9999 -9999 -9999 -9999 -9999 -9999 -9999 -9999 -9999 -9999 -9999 -9999 -9999 -9999 -9999 -9999 -9999 -9999 -9999 -9999 -9999 -4.4408920985006261617e-16 -8.8817841970012523234e-16 0 -4.4408920985006261617e-16 -1.3322676295501878485e-15 -1.3322676295501878485e-15 -8.8817841970012523234e-16 0 -2.2204460492503130808e-15 0 -2.664535259100375697e-15 -8.8817841970012523234e-16 -1.7763568394002504647e-15 -1.7763568394002504647e-15 -6.6613381477509392425e-16 -1.7763568394002504647e-15 -2.664535259100375697e-15 -1.7763568394002504647e-15
-9999 -9999 -9999 -9999 -9999 -9999 -9999 -9999 -9999 -9999 -9999 -9999 -9999 -9999 -9999 -9999 -9999 -9999 -9999 -9999 -9999 -9999 -9999 -9999 0 -8.8817841970012523234e-16 4.4408920985006261617e-16 8.8817841970012523234e-16 -2.664535259100375697e-15 8.8817841970012523234e-16 -2.2204460492503130808e-15 -2.2204460492503130808e-15 2.664535259100375697e-15 -8.8817841970012523234e-16 -2.664535259100375697e-15 -1.9984014443252817728e-15 -3.9968028886505635455e-15 -1.7763568394002504647e-15 -1.3322676295501878485e-15 4.4408920985006261617e-16
-9999 -9999 -9999 -9999 -9999 -9999 -9999 -9999 -9999 -9999 -9999 -9999 -9999 -9999 -9999 -9999 -9999 -9999 -9999 -9999 -9999 -9999 -9999 -9999 -9999 0 0 -1.3322676295501878485e-15 -6.6613381477509392425e-16 -8.8817841970012523234e-16 -1.3322676295501878485e-15 1.3322676295501878485e-15 -8.8817841970012523234e-16 -2.664535259100375697e-15 -2.2204460492503130808e-15 6.6613381477509392425e-16 2.664535259100375697e-15 -3.9968028886505635455e-15 -9999 -9999
-9999 -9999 -9999 -9999 -9999 -9999 -9999 -9999 -9999 -9999 -9999 -9999 -9999 -9999 -9999 -9999 -9999 -9999 -9999 -9999 -9999 -9999 -9999 -9999 -9999 -9999 -9999 -2.664535259100375697e-15 -1.3322676295501878485e-15 -6.6613381477509392425e-16 -1.3322676295501878485e-15 2.2204460492503130808e-15 -2.664535259100375697e-15 3.1086244689504383132e-15 -4.4408920985006261617e-15 3.6265657143985663424e-11 -9999 -9999 -9999 -9999
