tests/data/reference/gistest_nucice/full/control/massbalance.asc
ncols        123
nrows        77
xllcorner    -713746.799299980048
yllcorner    -1061022.369616159936
cellsize     10.000000000000
NODATA_value -9999
[rows 54 to 71 of 77, columns 41 to 81 of 123]
3.5527136788005009294e-15 -1.3322676295501878485e-15 2.664535259100375697e-15 1.7763568394002504647e-15 2.2204460492503130808e-15 4.4408920985006261617e-16 3.5527136788005009294e-15 0 1.4210854715202003717e-14 8.8817841970012523234e-16 2.664535259100375697e-15 4.4408920985006261617e-16 -8.8817841970012523234e-16 5.329070518200751394e-15 3.5527136788005009294e-15 5.329070518200751394e-15 0 4.4408920985006261617e-15 1.7763568394002504647e-15 4.4408920985006261617e-16 0 4.4408920985006261617e-15 1.3322676295501878485e-15 1.7763568394002504647e-15 8.8817841970012523234e-16 3.5527136788005009294e-15 -8.8817841970012523234e-16 3.5527136788005009294e-15 1.3322676295501878485e-15 -8.8817841970012523234e-16 2.664535259100375697e-15 -8.8817841970012523234e-16 2.2204460492503130808e-15 0 2.2204460492503130808e-16 1.3322676295501878485e-15 -9999 0 0 8.8817841970012523234e-16 -4.4408920985006261617e-16
4.4408920985006261617e-16 4.4408920985006261617e-16 -4.4408920985006261617e-16 -2.2204460492503130808e-15 3.5527136788005009294e-15 0 0 4.4408920985006261617e-15 2.664535259100375697e-15 -8.8817841970012523234e-16 0 2.2204460492503130808e-15 -4.4408920985006261617e-16 1.3322676295501878485e-15 -4.4408920985006261617e-16 1.7763568394002504647e-15 0 1.3322676295501878485e-15 2.664535259100375697e-15 2.664535259100375697e-15 -4.4408920985006261617e-16 9.7699626167013775557e-15 1.7763568394002504647e-15 3.5527136788005009294e-15 -5.329070518200751394e-15 8.8817841970012523234e-15 -1.7763568394002504647e-14 1.0658141036401502788e-14 -3.5527136788005009294e-15 7.1054273576010018587e-15 -1.7763568394002504647e-15 0 5.329070518200751394e-15 -1.8435919457715499448e-10 1.4624745858782262076e-09 -9999 -9999 -8.8817841970012523234e-16 8.8817841970012523234e-16 3.5527136788005009294e-15 0
2.2204460492503130808e-15 0 3.5527136788005009294e-15 4.4408920985006261617e-16 8.8817841970012523234e-16 -8.8817841970012523234e-16 2.664535259100375697e-15 0 3.5527136788005009294e-15 1.7763568394002504647e-15 8.8817841970012523234e-16 -8.8817841970012523234e-16 3.5527136788005009294e-15 4.4408920985006261617e-16 -2.664535259100375697e-15 3.1086244689504383132e-15 8.8817841970012523234e-16 -8.8817841970012523234e-16 3.9968028886505635455e-15 8.8817841970012523234e-16 2.664535259100375697e-15 1.7763568394002504647e-15 2.664535259100375697e-15 -1.7763568394002504647e-15 2.2204460492503130808e-15 2.2204460492503130808e-15 2.664535259100375697e-15 8.8817841970012523234e-16 3.5527136788005009294e-15 3.5527136788005009294e-15 -3.5527136788005009294e-15 3.5527136788005009294e-15 1.7763568394002504647e-15 8.8817841970012523234e-16 1.7763568394002504647e-15 -9999 5.5511151231257827021e-16 -8.8817841970012523234e-16 -4.4408920985006261617e-16 -1.7763568394002504647e-15 1.3322676295501878485e-15
-4.4408920985006261617e-16 8.8817841970012523234e-16 1.3322676295501878485e-15 -4.4408920985006261617e-16 2.664535259100375697e-15 1.7763568394002504647e-15 0 0 -8.8817841970012523234e-16 0 2.2204460492503130808e-15 8.8817841970012523234e-16 1.7763568394002504647e-15 2.664535259100375697e-15 -3.1086244689504383132e-15 8.8817841970012523234e-16 8.8817841970012523234e-16 -1.7763568394002504647e-15 -1.7763568394002504647e-15 -3.5527136788005009294e-15 3.5527136788005009294e-15 -4.4408920985006261617e-16 -8.8817841970012523234e-16 5.329070518200751394e-15 0 0 -4.4408920985006261617e-16 0 1.7763568394002504647e-15 -2.8421709430404007435e-14 7.1054273576010018587e-15 1.2434497875801753253e-14 -3.5527136788005009294e-15 0 -1.7763568394002504647e-15 -9999 -3.3306690738754696213e-16 4.4408920985006261617e-16 0 -8.8817841970012523234e-16 -2.2204460492503130808e-15
-4.4408920985006261617e-16 -8.8817841970012523234e-16 8.8817841970012523234e-16 -8.8817841970012523234e-16 8.8817841970012523234e-16 -8.8817841970012523234e-16 8.8817841970012523234e-16 -1.7763568394002504647e-15 3.1086244689504383132e-15 -4.4408920985006261617e-16 8.8817841970012523234e-16 0 1.7763568394002504647e-15 4.4408920985006261617e-15 -1.7763568394002504647e-15 0 1.3322676295501878485e-15 3.9968028886505635455e-15 3.1086244689504383132e-15 -2.2204460492503130808e-15 2.664535259100375697e-15 1.7763568394002504647e-15 -1.7763568394002504647e-15 -2.2204460492503130808e-15 1.3322676295501878485e-15 3.9968028886505635455e-15 2.664535259100375697e-15 4.4408920985006261617e-16 -1.3322676295501878485e-15 0 8.8817841970012523234e-16 -1.0658141036401502788e-14 9.7699626167013775557e-15 3.5527136788005009294e-15 -8.8817841970012523234e-16 -9999 -3.3306690738754696213e-16 0 -4.4408920985006261617e-16 -3.5527136788005009294e-15 3.5527136788005009294e-15
-4.4408920985006261617e-16 4.4408920985006261617e-16 8.8817841970012523234e-16 1.3322676295501878485e-15 -4.4408920985006261617e-16 -4.4408920985006261617e-16 1.7763568394002504647e-15 0 2.664535259100375697e-15 3.9968028886505635455e-15 -8.8817841970012523234e-16 -8.8817841970012523234e-16 -1.7763568394002504647e-15 4.4408920985006261617e-15 -1.7763568394002504647e-15 7.1054273576010018587e-15 8.8817841970012523234e-16 0 1.3322676295501878485e-15 -2.2204460492503130808e-15 -3.9968028886505635455e-15 8.8817841970012523234e-16 3.5527136788005009294e-15 1.7763568394002504647e-15 -8.8817841970012523234e-16 0 -1.7763568394002504647e-15 2.664535259100375697e-15 -3.5527136788005009294e-15 -1.7763568394002504647e-15 -3.5527136788005009294e-15 -3.5527136788005009294e-15 3.5527136788005009294e-15 8.8817841970012523234e-16 -1.7763568394002504647e-15 -9999 -6.6613381477509392425e-16 4.4408920985006261617e-16 1.7763568394002504647e-15 5.329070518200751394e-15 1.7763568394002504647e-15
-2.2204460492503130808e-16 0 1.7763568394002504647e-15 -2.2204460492503130808e-16 4.4408920985006261617e-16 -2.2204460492503130808e-16 -4.4408920985006261617e-16 -8.8817841970012523234e-16 8.8817841970012523234e-16 -8.8817841970012523234e-16 4.4408920985006261617e-16 8.8817841970012523234e-16 8.8817841970012523234e-16 0 -8.8817841970012523234e-16 -1.7763568394002504647e-15 -8.8817841970012523234e-16 4.4408920985006261617e-16 1.3322676295501878485e-15 -8.8817841970012523234e-16 1.3322676295501878485e-15 1.3322676295501878485e-15 4.4408920985006261617e-16 8.8817841970012523234e-16 -4.4408920985006261617e-16 1.7763568394002504647e-15 -8.8817841970012523234e-16 2.2204460492503130808e-15 4.4408920985006261617e-15 0 0 0 -4.4408920985006261617e-16 1.3322676295501878485e-15 6.6613381477509392425e-16 -9999 0 -4.4408920985006261617e-16 -8.8817841970012523234e-16 0 0
-4.4408920985006261617e-16 0 4.4408920985006261617e-16 -4.4408920985006261617e-16 1.3322676295501878485e-15 8.8817841970012523234e-16 4.4408920985006261617e-16 4.4408920985006261617e-15 0 -1.3322676295501878485e-15 8.8817841970012523234e-16 0 2.2204460492503130808e-16 4.4408920985006261617e-16 0 -4.4408920985006261617e-16 0 -1.7763568394002504647e-15 8.8817841970012523234e-16 4.4408920985006261617e-15 -1.7763568394002504647e-15 4.4408920985006261617e-16 3.5527136788005009294e-15 8.8817841970012523234e-16 0 0 0 -4.4408920985006261617e-16 2.664535259100375697e-15 2.664535259100375697e-15 -8.8817841970012523234e-16 4.4408920985006261617e-16 0 0 0 -9999 1.1102230246251565404e-15 4.4408920985006261617e-16 8.8817841970012523234e-16 -8.8817841970012523234e-16 -8.8817841970012523234e-16
2.2204460492503130808e-15 -1.3322676295501878485e-15 8.8817841970012523234e-16 2.664535259100375697e-15 8.8817841970012523234e-16 3.5527136788005009294e-15 -1.3322676295501878485e-15 -8.8817841970012523234e-16 1.3322676295501878485e-15 4.4408920985006261617e-16 -2.664535259100375697e-15 0 2.2204460492503130808e-15 -2.2204460492503130808e-16 -4.4408920985006261617e-16 0 -4.4408920985006261617e-16 -8.8817841970012523234e-16 1.7763568394002504647e-15 4.4408920985006261617e-16 -8.8817841970012523234e-16 -4.4408920985006261617e-16 -8.8817841970012523234e-16 4.4408920985006261617e-16 2.2204460492503130808e-15 -2.664535259100375697e-15 -4.4408920985006261617e-16 8.8817841970012523234e-16 -8.8817841970012523234e-16 0 8.8817841970012523234e-16 -1.3322676295501878485e-15 0 0 0 -9999 -2.2204460492503130808e-16 4.4408920985006261617e-16 -4.4408920985006261617e-16 0 0
-2.2204460492503130808e-16 -4.4408920985006261617e-16 1.1102230246251565404e-15 -2.2204460492503130808e-15 1.7763568394002504647e-15 -1.7763568394002504647e-15 1.3322676295501878485e-15 8.8817841970012523234e-16 8.8817841970012523234e-16 1.7763568394002504647e-15 1.3322676295501878485e-15 8.8817841970012523234e-16 2.2204460492503130808e-15 8.8817841970012523234e-16 -4.4408920985006261617e-15 5.329070518200751394e-15 1.7763568394002504647e-15 0 0 2.2204460492503130808e-16 2.664535259100375697e-15 0 4.4408920985006261617e-16 2.664535259100375697e-15 0 0 8.8817841970012523234e-16 -4.4408920985006261617e-16 -8.8817841970012523234e-16 -1.3322676295501878485e-15 1.7763568394002504647e-15 -1.3322676295501878485e-15 3.5527136788005009294e-15 8.8817841970012523234e-16 -8.8817841970012523234e-16 -9999 0 1.7763568394002504647e-15 -1.7763568394002504647e-15 2.664535259100375697e-15 -3.1086244689504383132e-15
-9999 -9999 -9999 -4.4408920985006261617e-16 -8.8817841970012523234e-16 8.8817841970012523234e-16 -3.1086244689504383132e-15 -8.8817841970012523234e-16 0 -1.3322676295501878485e-15 1.7763568394002504647e-15 8.8817841970012523234e-16 3.5527136788005009294e-15 1.3322676295501878485e-15 8.8817841970012523234e-16 1.3322676295501878485e-15 1.3322676295501878485e-15 4.4408920985006261617e-15 1.3322676295501878485e-15 3.1086244689504383132e-15 0 -4.4408920985006261617e-16 -1.3322676295501878485e-15 8.8817841970012523234e-16 4.4408920985006261617e-16 4.4408920985006261617e-16 4.4408920985006261617e-16 2.2204460492503130808e-16 3.5527136788005009294e-15 -4.4408920985006261617e-16 4.4408920985006261617e-16 -1.3322676295501878485e-15 3.1086244689504383132e-15 0 1.7763568394002504647e-15 -9999 2.2204460492503130808e-16 -1.7763568394002504647e-15 0 -4.4408920985006261617e-16 8.8817841970012523234e-16
-9999 -9999 -9999 -9999 -9999 -9999 -9999 -9999 -9999 -2.2204460492503130808e-16 4.4408920985006261617e-16 4.4408920985006261617e-16 0 1.3322676295501878485e-15 1.3322676295501878485e-15 1.7763568394002504647e-15 0 3.9968028886505635455e-15 -1.7763568394002504647e-15 4.4408920985006261617e-15 -4.4408920985006261617e-16 4.4408920985006261617e-15 0 8.8817841970012523234e-16 -4.4408920985006261617e-16 8.8817841970012523234e-16 -4.4408920985006261617e-16 -2.2204460492503130808e-15 8.8817841970012523234e-16 0 -1.7763568394002504647e-15 3.1086244689504383132e-15 5.329070518200751394e-15 -5.329070518200751394e-15 8.8817841970012523234e-16 -9999 4.4408920985006261617e-16 0 -1.3322676295501878485e-15 1.7763568394002504647e-15 -3.5527136788005009294e-15
-9999 -9999 -9999 -9999 -9999 -9999 -9999 -9999 -9999 -9999 -8.8817841970012523234e-16 0 -8.8817841970012523234e-16 4.4408920985006261617e-16 4.4408920985006261617e-16 8.8817841970012523234e-16 2.664535259100375697e-15 2.664535259100375697e-15 -8.8817841970012523234e-16 -4.4408920985006261617e-16 1.7763568394002504647e-15 3.1086244689504383132e-15 1.7763568394002504647e-15 2.664535259100375697e-15 0 3.1086244689504383132e-15 -1.3322676295501878485e-15 3.1086244689504383132e-15 8.8817841970012523234e-16 -4.4408920985006261617e-16 8.8817841970012523234e-16 4.4408920985006261617e-15 -8.8817841970012523234e-16 2.2204460492503130808e-16 -9999 -9999 0 -4.4408920985006261617e-16 8.8817841970012523234e-16 -8.8817841970012523234e-16 0
-9999 -9999 -9999 -9999 -9999 -9999 -9999 -9999 -9999 -9999 -9999 -9999 -9999 -9999 -9999 -9999 -9999 -9999 -2.2204460492503130808e-16 -1.3322676295501878485e-15 -4.4408920985006261617e-16 8.8817841970012523234e-16 -6.6613381477509392425e-16 -8.8817841970012523234e-16 8.8817841970012523234e-16 8.8817841970012523234e-16 -2.2204460492503130808e-15 8.8817841970012523234e-16 2.2204460492503130808e-15 -1.7763568394002504647e-15 4.4408920985006261617e-15 -8.8817841970012523234e-16 6.2172489379008766264e-15 -3.5527136788005009294e-15 -9999 -3.3306690738754696213e-16 6.6613381477509392425e-16 -4.4408920985006261617e-16 1.7763568394002504647e-15 -4.4408920985006261617e-15 8.8817841970012523234e-16
-9999 -9999 -9999 -9999 -9999 -9999 -9999 -9999 -9999 -9999 -9999 -9999 -9999 -9999 -9999 -9999 -9999 -9999 -9999 -9999 -9999 8.8817841970012523234e-16 0 4.4408920985006261617e-16 -1.3322676295501878485e-15 2.2204460492503130808e-15 -8.8817841970012523234e-16 0 1.3322676295501878485e-15 -1.7763568394002504647e-15 4.8849813083506887779e-15 -2.664535259100375697e-15 3.9968028886505635455e-15 2.664535259100375697e-15 -9999 -1.1102230246251565404e-16 -8.8817841970012523234e-16 -1.7763568394002504647e-15 3.9968028886505635455e-15 -2.2204460492503130808e-15 3.1086244689504383132e-15
-9999 -9999 -9999 -9999 -9999 -9999 -9999 -9999 -9999 -9999 -9999 -9999 -9999 -9999 -9999 -9999 -9999 -9999 -9999 -9999 -9999 -9999 -9999 -1.3322676295501878485e-15 -4.4408920985006261617e-16 0 -2.2204460492503130808e-16 4.4408920985006261617e-16 -1.7763568394002504647e-15 3.5527136788005009294e-15 -1.7763568394002504647e-15 -4.4408920985006261617e-16 6.2172489379008766264e-15 -3.5527136788005009294e-15 6.8833827526759705506e-15 -1.3322676295501878485e-15 1.7763568394002504647e-15 2.664535259100375697e-15 -4.4408920985006261617e-16 -1.7763568394002504647e-15 1.7763568394002504647e-15
-9999 -9999 -9999 -9999 -9999 -9999 -9999 -9999 -9999 -9999 -9999 -9999 -9999 -9999 -9999 -9999 -9999 -9999 -9999 -9999 -9999 -9999 -9999 -9999 4.4408920985006261617e-16 3.1086244689504383132e-15 8.8817841970012523234e-16 0 -4.4408920985006261617e-16 3.1086244689504383132e-15 -3.9968028886505635455e-15 2.664535259100375697e-15 0 1.7763568394002504647e-15 6.6613381477509392425e-16 1.3322676295501878485e-15 3.5527136788005009294e-15 -9999 -9999 -9999 -9999
-9999 -9999 -9999 -9999 -9999 -9999 -9999 -9999 -9999 -9999 -9999 -9999 -9999 -9999 -9999 -9999 -9999 -9999 -9999 -9999 -9999 -9999 -9999 -9999 -9999 -9999 -8.8817841970012523234e-16 0 6.6613381477509392425e-16 8.8817841970012523234e-16 -2.2204460492503130808e-15 2.664535259100375697e-15 -2.664535259100375697e-15 2.664535259100375697e-15 -7.3062000893742151675e-11 -9999 -9999 -9999 -9999 -9999 -9999
