tests/data/reference/gistest_nucice/full/control/massbalance.asc
ncols        123
nrows        77
xllcorner    -713746.799299980048
yllcorner    -1061022.369616159936
cellsize     10.000000000000
NODATA_value  -9999
[rows 54 to 71 of 77, columns 40 to 79 of 123]
-8.8817841970012523234e-16 -5.329070518200751394e-15 -3.1086244689504383132e-15 -1.7763568394002504647e-15 1.7763568394002504647e-15 2.664535259100375697e-15 8.8817841970012523234e-16 -1.7763568394002504647e-15 -1.0658141036401502788e-14 3.5527136788005009294e-15 8.8817841970012523234e-16 0 3.1086244689504383132e-15 8.8817841970012523234e-16 -1.0658141036401502788e-14 -7.1054273576010018587e-15 -8.8817841970012523234e-16 8.8817841970012523234e-16 8.8817841970012523234e-16 7.1054273576010018587e-15 1.7763568394002504647e-15 -2.664535259100375697e-15 2.664535259100375697e-15 -1.7763568394002504647e-15 7.1054273576010018587e-15 -3.5527136788005009294e-15 -1.7763568394002504647e-15 -1.7763568394002504647e-15 1.4210854715202003717e-14 -1.0658141036401502788e-14 1.7763568394002504647e-14 -1.4210854715202003717e-14 3.5527136788005009294e-15 1.4210854715202003717e-14 4.4408920985006261617e-16 4.4408920985006261617e-16 0 -2.7847169015160488925e-12 2.664535259100375697e-15 -8.8817841970012523234e-16
1.7763568394002504647e-15 4.8849813083506887779e-15 8.8817841970012523234e-16 1.3322676295501878485e-15 -8.8817841970012523234e-16 0 -3.5527136788005009294e-15 -5.329070518200751394e-15 8.8817841970012523234e-16 0 1.7763568394002504647e-15 4.4408920985006261617e-16 1.7763568394002504647e-15 1.7763568394002504647e-15 5.329070518200751394e-15 1.3322676295501878485e-15 4.4408920985006261617e-16 -8.8817841970012523234e-16 3.5527136788005009294e-15 1.3322676295501878485e-15 -1.7763568394002504647e-15 6.6613381477509392425e-16 0 1.0658141036401502788e-14 5.329070518200751394e-15 -2.1316282072803005576e-14 0 2.8421709430404007435e-14 -3.9079850466805510223e-14 3.5527136788005009294e-15 7.1054273576010018587e-15 0 0 -7.1054273576010018587e-15 2.1316282072803005576e-14 -3.5527136788005009294e-14 1.4210854715202003717e-14 -1.6986412276764895068e-14 3.5527136788005009294e-14 -2.8421709430404007435e-14
1.3322676295501878485e-15 0 -1.3322676295501878485e-15 1.7763568394002504647e-15 8.8817841970012523234e-16 1.3322676295501878485e-15 -4.4408920985006261617e-16 1.7763568394002504647e-15 8.8817841970012523234e-16 -1.7763568394002504647e-15 8.8817841970012523234e-16 -8.8817841970012523234e-16 8.8817841970012523234e-16 -6.2172489379008766264e-15 -4.4408920985006261617e-16 1.3322676295501878485e-15 2.664535259100375697e-15 -2.664535259100375697e-15 -2.664535259100375697e-15 3.5527136788005009294e-15 2.2204460492503130808e-15 8.8817841970012523234e-16 4.4408920985006261617e-16 -8.8817841970012523234e-16 1.7763568394002504647e-15 -1.2434497875801753253e-14 -2.664535259100375697e-15 3.5527136788005009294e-15 8.8817841970012523234e-15 -1.7763568394002504647e-15 7.1054273576010018587e-15 0 -1.5987211554602254182e-14 5.329070518200751394e-15 7.1054273576010018587e-15 5.329070518200751394e-15 2.664535259100375697e-15 -7.9936057773011270911e-15 3.5527136788005009294e-15 -1.7763568394002504647e-15
-4.4408920985006261617e-16 4.4408920985006261617e-16 0 4.4408920985006261617e-16 4.4408920985006261617e-16 1.3322676295501878485e-15 1.7763568394002504647e-15 0 1.3322676295501878485e-15 4.4408920985006261617e-16 8.8817841970012523234e-16 1.3322676295501878485e-15 4.4408920985006261617e-15 2.2204460492503130808e-15 -2.2204460492503130808e-16 -1.7763568394002504647e-15 8.8817841970012523234e-16 2.2204460492503130808e-15 8.8817841970012523234e-16 -8.8817841970012523234e-16 8.8817841970012523234e-16 -4.4408920985006261617e-16 4.4408920985006261617e-16 4.4408920985006261617e-16 2.3092638912203256041e-14 1.7763568394002504647e-15 -1.3322676295501878485e-15 0 -1.7763568394002504647e-14 3.5527136788005009294e-15 1.0658141036401502788e-14 1.0658141036401502788e-14 -2.4868995751603506505e-14 2.4868995751603506505e-14 -1.0658141036401502788e-14 3.5527136788005009294e-15 1.1435297153639112366e-14 -1.3433698597964394139e-14 1.4210854715202003717e-14 -3.9079850466805510223e-14
8.8817841970012523234e-16 6.6613381477509392425e-16 0 -2.2204460492503130808e-16 -2.2204460492503130808e-16 -1.7763568394002504647e-15 0 0 0 2.2204460492503130808e-15 -1.7763568394002504647e-15 1.7763568394002504647e-15 2.2204460492503130808e-16 6.6613381477509392425e-16 2.2204460492503130808e-15 3.1086244689504383132e-15 8.8817841970012523234e-16 8.8817841970012523234e-16 1.3322676295501878485e-15 1.3322676295501878485e-15 0 -4.4408920985006261617e-16 0 -1.7763568394002504647e-15 -2.664535259100375697e-15 2.2204460492503130808e-15 1.0658141036401502788e-14 2.664535259100375697e-15 -8.8817841970012523234e-16 -3.5527136788005009294e-15 -8.8817841970012523234e-16 1.7763568394002504647e-15 0 1.5987211554602254182e-14 -8.8817841970012523234e-15 -1.7763568394002504647e-15 -9.9920072216264088638e-16 4.3298697960381105077e-15 1.7763568394002504647e-15 -1.2434497875801753253e-14
4.4408920985006261617e-16 8.8817841970012523234e-16 8.8817841970012523234e-16 8.8817841970012523234e-16 1.7763568394002504647e-15 6.6613381477509392425e-16 8.8817841970012523234e-16 0 8.8817841970012523234e-16 4.4408920985006261617e-16 -8.8817841970012523234e-15 2.2204460492503130808e-16 7.771561172376095783e-16 2.2204460492503130808e-16 -2.2204460492503130808e-15 -2.2204460492503130808e-16 2.664535259100375697e-15 -4.4408920985006261617e-16 -8.8817841970012523234e-16 -4.4408920985006261617e-16 1.3322676295501878485e-15 8.8817841970012523234e-16 -1.7763568394002504647e-15 2.664535259100375697e-15 1.3322676295501878485e-15 1.7763568394002504647e-15 -1.7763568394002504647e-15 2.2204460492503130808e-15 -3.5527136788005009294e-15 8.8817841970012523234e-16 4.4408920985006261617e-15 -1.7763568394002504647e-15 4.4408920985006261617e-15 -1.7763568394002504647e-15 -5.329070518200751394e-15 1.2434497875801753253e-14 -6.4392935428259079345e-15 -1.7763568394002504647e-15 2.1316282072803005576e-14 -2.3092638912203256041e-14
-2.2204460492503130808e-16 4.4408920985006261617e-16 2.2204460492503130808e-16 -2.2204460492503130808e-15 7.771561172376095783e-16 5.5511151231257827021e-16 5.5511151231257827021e-16 -1.7763568394002504647e-15 8.8817841970012523234e-16 9.7699626167013775557e-15 2.2204460492503130808e-16 4.4408920985006261617e-16 6.6613381477509392425e-16 1.3322676295501878485e-15 4.4408920985006261617e-16 -8.8817841970012523234e-16 4.4408920985006261617e-16 6.6613381477509392425e-16 -2.2204460492503130808e-16 0 1.1102230246251565404e-15 -3.5527136788005009294e-15 4.4408920985006261617e-16 -1.3322676295501878485e-15 -1.7763568394002504647e-15 1.7763568394002504647e-15 -8.8817841970012523234e-16 1.7763568394002504647e-15 1.3322676295501878485e-15 -1.7763568394002504647e-15 1.3322676295501878485e-15 -1.3322676295501878485e-15 6.6613381477509392425e-16 4.4408920985006261617e-16 1.3322676295501878485e-15 5.5511151231257827021e-16 7.771561172376095783e-16 0 1.3322676295501878485e-15 1.6653345369377348106e-15
-1.3322676295501878485e-15 1.7763568394002504647e-15 3.1086244689504383132e-15 8.8817841970012523234e-16 6.6613381477509392425e-16 2.2204460492503130808e-16 8.8817841970012523234e-16 4.4408920985006261617e-16 -1.7763568394002504647e-15 1.1102230246251565404e-16 4.4408920985006261617e-16 1.3322676295501878485e-15 4.4408920985006261617e-16 5.5511151231257827021e-16 8.8817841970012523234e-16 6.6613381477509392425e-16 4.4408920985006261617e-16 1.3322676295501878485e-15 8.8817841970012523234e-16 4.4408920985006261617e-16 5.329070518200751394e-15 0 8.8817841970012523234e-16 1.7763568394002504647e-15 1.3322676295501878485e-15 2.2204460492503130808e-15 5.329070518200751394e-15 0 1.7763568394002504647e-15 2.664535259100375697e-15 1.3322676295501878485e-15 6.6613381477509392425e-16 0 1.3322676295501878485e-15 4.4408920985006261617e-16 1.5543122344752191566e-15 -3.1835090119614051218e-12 -3.0531133177191804862e-15 2.2204460492503130808e-15 0
-2.2204460492503130808e-16 4.4408920985006261617e-16 0 -8.8817841970012523234e-16 2.2204460492503130808e-15 -1.7763568394002504647e-15 -2.664535259100375697e-15 7.1054273576010018587e-15 1.1102230246251565404e-16 1.5543122344752191566e-15 4.4408920985006261617e-16 -4.4408920985006261617e-16 -8.8817841970012523234e-16 1.3322676295501878485e-15 5.5511151231257827021e-16 7.771561172376095783e-16 3.3306690738754696213e-16 4.4408920985006261617e-16 4.4408920985006261617e-16 -1.7763568394002504647e-15 6.6613381477509392425e-16 2.2204460492503130808e-16 0 2.2204460492503130808e-16 -4.4408920985006261617e-16 1.7763568394002504647e-15 8.8817841970012523234e-16 4.4408920985006261617e-16 -4.4408920985006261617e-16 2.2204460492503130808e-16 2.2204460492503130808e-16 1.3322676295501878485e-15 -6.6613381477509392425e-16 -4.4408920985006261617e-16 1.3322676295501878485e-15 2.2204460492503130808e-15 -1.2086442957581766677e-12 8.8817841970012523234e-16 7.771561172376095783e-16 8.8817841970012523234e-16
-9999 3.3306690738754696213e-16 2.2204460492503130808e-16 0 8.8817841970012523234e-16 6.6613381477509392425e-16 1.3322676295501878485e-15 0 -1.7763568394002504647e-15 8.8817841970012523234e-16 -8.8817841970012523234e-16 8.8817841970012523234e-16 4.4408920985006261617e-15 0 -8.8817841970012523234e-16 2.664535259100375697e-15 0 5.329070518200751394e-15 -2.664535259100375697e-15 6.6613381477509392425e-16 8.8817841970012523234e-16 8.8817841970012523234e-16 4.4408920985006261617e-16 6.6613381477509392425e-16 -6.2172489379008766264e-15 0 -1.3322676295501878485e-15 -1.1102230246251565404e-15 -2.2204460492503130808e-16 6.6613381477509392425e-16 2.2204460492503130808e-16 8.8817841970012523234e-16 0 1.3322676295501878485e-15 -8.8817841970012523234e-16 2.2204460492503130808e-15 2.3565038809181260149e-12 2.664535259100375697e-15 -4.4408920985006261617e-15 1.6653345369377348106e-15
-9999 -9999 -9999 -9999 4.4408920985006261617e-16 5.5511151231257827021e-16 4.4408920985006261617e-16 0 4.4408920985006261617e-16 1.3322676295501878485e-15 0 2.664535259100375697e-15 -4.4408920985006261617e-16 -4.4408920985006261617e-16 8.8817841970012523234e-16 8.8817841970012523234e-16 -8.8817841970012523234e-16 2.664535259100375697e-15 -3.5527136788005009294e-15 1.7763568394002504647e-15 2.664535259100375697e-15 5.5511151231257827021e-16 6.6613381477509392425e-16 -1.7763568394002504647e-15 0 1.1102230246251565404e-15 1.1102230246251565404e-15 8.8817841970012523234e-16 4.4408920985006261617e-16 8.8817841970012523234e-16 4.4408920985006261617e-16 1.3322676295501878485e-15 4.4408920985006261617e-16 -1.3322676295501878485e-15 2.2204460492503130808e-15 -8.8817841970012523234e-16 1.4807599590938025358e-12 -4.3853809472693683347e-15 2.664535259100375697e-15 3.4416913763379852753e-15
-9999 -9999 -9999 -9999 -9999 -9999 -9999 -9999 -9999 -9999 2.2204460492503130808e-16 2.2204460492503130808e-16 8.8817841970012523234e-16 -3.1086244689504383132e-15 2.664535259100375697e-15 -2.2204460492503130808e-15 3.9968028886505635455e-15 -8.8817841970012523234e-16 -8.8817841970012523234e-16 8.8817841970012523234e-16 3.5527136788005009294e-15 -8.8817841970012523234e-16 6.2172489379008766264e-15 5.5511151231257827021e-16 5.5511151231257827021e-16 6.6613381477509392425e-16 6.6613381477509392425e-16 0 1.7763568394002504647e-15 -4.4408920985006261617e-16 -8.8817841970012523234e-16 1.7763568394002504647e-15 0 0 1.7763568394002504647e-15 1.0658141036401502788e-14 6.9839134475557784754e-12 0 -1.7874590696465020301e-14 -7.1054273576010018587e-15
-9999 -9999 -9999 -9999 -9999 -9999 -9999 -9999 -9999 -9999 -9999 0 6.6613381477509392425e-16 0 0 1.7763568394002504647e-15 -8.8817841970012523234e-16 2.2204460492503130808e-15 4.4408920985006261617e-16 -8.8817841970012523234e-16 5.329070518200751394e-15 -1.0658141036401502788e-14 5.329070518200751394e-15 2.664535259100375697e-15 6.2172489379008766264e-15 -4.4408920985006261617e-15 -1.7763568394002504647e-15 3.5527136788005009294e-15 -7.1054273576010018587e-15 1.7763568394002504647e-15 0 1.0658141036401502788e-14 -7.1054273576010018587e-15 5.329070518200751394e-15 1.1102230246251565404e-16 6.6613381477509392425e-16 1.2289613771088170324e-12 4.4408920985006261617e-16 3.3306690738754696213e-16 2.553512956637860043e-15
-9999 -9999 -9999 -9999 -9999 -9999 -9999 -9999 -9999 -9999 -9999 -9999 -9999 -9999 -9999 -9999 -9999 -9999 -9999 5.5511151231257827021e-16 6.6613381477509392425e-16 1.1102230246251565404e-16 4.4408920985006261617e-16 6.6613381477509392425e-16 2.2204460492503130808e-16 1.5543122344752191566e-15 8.8817841970012523234e-16 1.3322676295501878485e-15 -1.3322676295501878485e-15 -1.3322676295501878485e-15 -8.8817841970012523234e-16 2.664535259100375697e-15 8.8817841970012523234e-16 2.664535259100375697e-15 -3.5527136788005009294e-15 1.7763568394002504647e-15 1.7763568394002504647e-15 -4.4408920985006261617e-15 2.664535259100375697e-15 3.5527136788005009294e-15
-9999 -9999 -9999 -9999 -9999 -9999 -9999 -9999 -9999 -9999 -9999 -9999 -9999 -9999 -9999 -9999 -9999 -9999 -9999 -9999 -9999 -9999 0 1.1102230246251565404e-15 2.2204460492503130808e-16 4.4408920985006261617e-16 4.4408920985006261617e-16 1.7763568394002504647e-15 -2.2204460492503130808e-15 1.7763568394002504647e-15 2.2204460492503130808e-15 4.4408920985006261617e-16 -2.664535259100375697e-15 3.5527136788005009294e-15 8.8817841970012523234e-16 8.8817841970012523234e-16 -1.1102230246251565404e-16 0 1.7763568394002504647e-15 -3.5527136788005009294e-15
-9999 -9999 -9999 -9999 -9999 -9999 -9999 -9999 -9999 -9999 -9999 -9999 -9999 -9999 -9999 -9999 -9999 -9999 -9999 -9999 -9999 -9999 -9999 -9999 -4.4408920985006261617e-16 0 3.3306690738754696213e-16 4.4408920985006261617e-16 -4.4408920985006261617e-16 1.5543122344752191566e-15 1.7763568394002504647e-15 -8.8817841970012523234e-16 -4.4408920985006261617e-16 2.664535259100375697e-15 -8.8817841970012523234e-16 5.21804821573823574e-15 1.7763568394002504647e-15 -1.7763568394002504647e-15 -8.8817841970012523234e-16 -4.4408920985006261617e-15
-9999 -9999 -9999 -9999 -9999 -9999 -9999 -9999 -9999 -9999 -9999 -9999 -9999 -9999 -9999 -9999 -9999 -9999 -9999 -9999 -9999 -9999 -9999 -9999 -9999 4.4408920985006261617e-16 8.8817841970012523234e-16 0 6.6613381477509392425e-16 0 8.8817841970012523234e-16 1.3322676295501878485e-15 -1.3322676295501878485e-15 0 3.9968028886505635455e-15 -1.9984014443252817728e-15 -8.8817841970012523234e-16 0 -9999 -9999
-9999 -9999 -9999 -9999 -9999 -9999 -9999 -9999 -9999 -9999 -9999 -9999 -9999 -9999 -9999 -9999 -9999 -9999 -9999 -9999 -9999 -9999 -9999 -9999 -9999 -9999 -9999 8.8817841970012523234e-16 4.4408920985006261617e-16 6.6613381477509392425e-16 0 8.8817841970012523234e-16 8.8817841970012523234e-16 1.7763568394002504647e-15 -8.8817841970012523234e-16 2.6655899709737695957e-12 -9999 -9999 -9999 -9999
