tests/data/reference/gistest_nucice/full/control/massbalance.asc
ncols        125
nrows        78
xllcorner    -713756.799299980048
yllcorner    -1061032.369616159936
cellsize     10.000000000000
NODATA_value  -9999
[rows 34 to 50 of 78, columns 39 to 77 of 125]
-1.1102230246251565404e-16 1.6653345369377348106e-15 1.6653345369377348106e-15 1.6653345369377348106e-15 7.771561172376095783e-16 1.3322676295501878485e-15 2.2204460492503130808e-15 4.4408920985006261617e-16 4.4408920985006261617e-16 0 0 2.664535259100375697e-15 0 -4.5474735088646411896e-13 3.4106051316484808922e-13 -5.684341886080801487e-13 2.664535259100375697e-15 4.4408920985006261617e-15 -1.1102230246251565404e-16 -4.5519144009631418157e-15 -3.3306690738754696213e-16 2.1094237467877974268e-15 -1.1102230246251565404e-16 2.553512956637860043e-15 1.2212453270876721945e-15 2.553512956637860043e-15 -7.2164496600635175128e-15 5.21804821573823574e-15 6.9944050551384862047e-15 5.21804821573823574e-15 -8.9928064994637679774e-15 3.4416913763379852753e-15 5.21804821573823574e-15 1.4210854715202003717e-14 3.4416913763379852753e-15 -1.8873791418627661187e-15 2.553512956637860043e-15 2.553512956637860043e-15 -1.8873791418627661187e-15
3.3306690738754696213e-16 -1.1102230246251565404e-16 1.2212453270876721945e-15 3.3306690738754696213e-16 -1.1102230246251565404e-16 -1.1102230246251565404e-16 7.771561172376095783e-16 6.6613381477509392425e-16 8.8817841970012523234e-16 6.6613381477509392425e-16 8.8817841970012523234e-16 1.3322676295501878485e-15 4.4408920985006261617e-15 -9.7699626167013775557e-15 1.2434497875801753253e-14 0 1.8189894035458564758e-12 -8.8817841970012523234e-16 -1.7763568394002504647e-15 3.5527136788005009294e-15 5.329070518200751394e-15 3.1086244689504383132e-15 1.3322676295501878485e-15 -8.8817841970012523234e-16 -8.8817841970012523234e-16 8.8817841970012523234e-16 -2.664535259100375697e-15 1.2434497875801753253e-14 5.329070518200751394e-15 -7.1054273576010018587e-15 -1.5987211554602254182e-14 1.7763568394002504647e-15 0 -1.0658141036401502788e-14 -8.5265128291212022305e-14 -1.7763568394002504647e-15 4.4408920985006261617e-15 1.7763568394002504647e-15 5.21804821573823574e-15
2.9976021664879226591e-15 7.771561172376095783e-16 3.3306690738754696213e-16 5.5511151231257827021e-16 1.2212453270876721945e-15 7.771561172376095783e-16 1.2212453270876721945e-15 1.2212453270876721945e-15 9.9920072216264088638e-16 6.6613381477509392425e-16 1.1102230246251565404e-15 -3.5527136788005009294e-15 -8.8817841970012523234e-16 8.8817841970012523234e-16 5.5511151231257827021e-16 8.8817841970012523234e-16 1.1102230246251565404e-15 -1.2505552149377763271e-12 3.4106051316484808922e-13 -3.4106051316484808922e-13 -3.4106051316484808922e-13 -1.7763568394002504647e-15 1.3322676295501878485e-15 -1.7763568394002504647e-15 1.3322676295501878485e-15 3.1086244689504383132e-15 -8.8817841970012523234e-16 3.5527136788005009294e-15 -3.5527136788005009294e-15 -1.7763568394002504647e-14 1.2434497875801753253e-14 0 -2.4868995751603506505e-14 1.5987211554602254182e-14 1.2212453270876721945e-15 1.5631940186722204089e-13 0 1.0658141036401502788e-14 8.8817841970012523234e-16
-1.1102230246251565404e-16 1.2212453270876721945e-15 9.9920072216264088638e-16 1.1102230246251565404e-16 9.9920072216264088638e-16 9.9920072216264088638e-16 9.9920072216264088638e-16 1.1102230246251565404e-15 7.771561172376095783e-16 7.771561172376095783e-16 5.21804821573823574e-15 1.9984014443252817728e-15 1.1102230246251565404e-15 1.3322676295501878485e-15 1.1102230246251565404e-15 -8.8817841970012523234e-16 2.664535259100375697e-15 0 1.7763568394002504647e-15 -8.8817841970012523234e-16 2.664535259100375697e-15 -6.8212102632969617844e-13 -6.8212102632969617844e-13 -1.1368683772161602974e-13 2.2737367544323205948e-13 -5.684341886080801487e-13 4.5474735088646411896e-13 6.8212102632969617844e-13 -2.2737367544323205948e-13 2.2737367544323205948e-13 3.4106051316484808922e-13 -8.8817841970012523234e-15 3.5527136788005009294e-15 2.8421709430404007435e-14 -8.8817841970012523234e-15 6.6613381477509392425e-16 5.684341886080801487e-14 -1.4210854715202003717e-14 -3.5527136788005009294e-15
9.9920072216264088638e-16 1.2212453270876721945e-15 1.2212453270876721945e-15 1.2212453270876721945e-15 7.771561172376095783e-16 1.1102230246251565404e-16 1.2212453270876721945e-15 1.6653345369377348106e-15 3.3306690738754696213e-16 7.771561172376095783e-16 9.9920072216264088638e-16 4.4408920985006261617e-16 7.771561172376095783e-16 1.1102230246251565404e-15 2.2204460492503130808e-16 1.7763568394002504647e-15 2.2204460492503130808e-15 -2.8421709430404007435e-14 -2.2737367544323205948e-13 -2.8421709430404007435e-13 -5.684341886080801487e-13 1.1368683772161602974e-13 -1.1368683772161602974e-13 1.7053025658242404461e-13 -1.1368683772161602974e-13 -2.8421709430404007435e-13 6.8212102632969617844e-13 3.9790393202565610409e-13 -5.684341886080801487e-13 -1.1368683772161602974e-13 6.8212102632969617844e-13 1.4779288903810083866e-12 -2.2737367544323205948e-13 1.7763568394002504647e-15 -2.1316282072803005576e-14 -3.5527136788005009294e-15 0 1.4210854715202003717e-14 1.7763568394002504647e-15
3.3306690738754696213e-16 -9.9920072216264088638e-16 8.8817841970012523234e-16 9.9920072216264088638e-16 1.2212453270876721945e-15 -3.3306690738754696213e-16 1.2212453270876721945e-15 2.1094237467877974268e-15 3.3306690738754696213e-16 7.771561172376095783e-16 3.4416913763379852753e-15 -1.8873791418627661187e-15 7.882583474838611437e-15 -2.7755575615628913511e-15 -1.1102230246251565404e-16 1.4199752484955752152e-13 1.7041923427996152896e-13 -8.9928064994637679774e-15 -5.4400928206632670481e-15 1.0547118733938987134e-14 1.2323475573339237599e-14 -8.9928064994637679774e-15 -2.7755575615628913511e-15 -1.8873791418627661187e-15 1.6653345369377348106e-15 -4.4408920985006261617e-15 2.664535259100375697e-15 -2.664535259100375697e-15 2.664535259100375697e-15 -3.5527136788005009294e-15 0 0 3.5527136788005009294e-15 -9.0949470177292823792e-13 4.5474735088646411896e-13 -2.2737367544323205948e-13 -1.5916157281026244164e-12 5.684341886080801487e-14 5.329070518200751394e-15
8.8817841970012523234e-16 1.2212453270876721945e-15 2.1094237467877974268e-15 9.9920072216264088638e-16 1.1102230246251565404e-16 2.1094237467877974268e-15 7.771561172376095783e-16 1.6653345369377348106e-15 2.1094237467877974268e-15 -1.1102230246251565404e-16 -1.8873791418627661187e-15 -1.8873791418627661187e-15 2.553512956637860043e-15 6.9944050551384862047e-15 1.7041923427996152896e-13 5.21804821573823574e-15 -1.8873791418627661187e-15 -1.1102230246251565404e-16 -1.4321877017664519371e-14 -5.4400928206632670481e-15 1.6653345369377348106e-15 6.1062266354383609723e-15 -1.1102230246251565404e-16 -1.8873791418627661187e-15 6.1062266354383609723e-15 7.771561172376095783e-16 -1.1102230246251565404e-16 6.9944050551384862047e-15 6.1062266354383609723e-15 4.4408920985006261617e-15 0 0 -5.684341886080801487e-14 9.9475983006414026022e-14 -7.1054273576010018587e-14 -9999 8.8817841970012523234e-16 6.8212102632969617844e-13 -1.1368683772161602974e-13
-9.9920072216264088638e-16 1.4432899320127035026e-15 1.6653345369377348106e-15 1.2212453270876721945e-15 7.771561172376095783e-16 1.6653345369377348106e-15 3.4416913763379852753e-15 -1.8873791418627661187e-15 1.6653345369377348106e-15 7.771561172376095783e-16 6.1062266354383609723e-15 -4.5519144009631418157e-15 1.4199752484955752152e-13 -2.8532731732866523089e-14 3.4416913763379852753e-15 5.21804821573823574e-15 5.21804821573823574e-15 1.0547118733938987134e-14 -7.2164496600635175128e-15 1.5876189252139738528e-14 -1.1102230246251565404e-16 -1.8873791418627661187e-15 3.4416913763379852753e-15 3.4416913763379852753e-15 -9.9920072216264088638e-16 2.553512956637860043e-15 -2.7755575615628913511e-15 1.6653345369377348106e-15 1.6653345369377348106e-15 -2.7755575615628913511e-15 -4.2743586448068526806e-14 -1.1102230246251565404e-16 -3.5527136788005009294e-15 8.8817841970012523234e-16 6.2172489379008766264e-15 0 -9999 -9999 -1.8189894035458564758e-12
-7.2164496600635175128e-15 5.6732396558345499216e-14 -7.2164496600635175128e-15 -1.4321877017664519371e-14 4.2521541843143495498e-14 -4.9849013805669528665e-14 2.8310687127941491781e-14 -1.1102230246251565404e-16 -3.5638159090467524948e-14 -8.5376150593674537959e-14 5.6732396558345499216e-14 1.1357581541915351409e-13 -1.4321877017664519371e-14 6.9944050551384862047e-15 5.21804821573823574e-15 6.9944050551384862047e-15 3.4416913763379852753e-15 5.21804821573823574e-15 -5.4400928206632670481e-15 -5.4400928206632670481e-15 7.882583474838611437e-15 7.771561172376095783e-16 -2.7755575615628913511e-15 3.3306690738754696213e-16 2.1094237467877974268e-15 3.4416913763379852753e-15 -5.5511151231257827021e-16 -1.1102230246251565404e-16 3.4416913763379852753e-15 -1.4321877017664519371e-14 -1.1102230246251565404e-16 2.553512956637860043e-15 1.2212453270876721945e-15 3.3306690738754696213e-16 -1.7763568394002504647e-15 3.5527136788005009294e-15 1.3322676295501878485e-15 -4.4408920985006261617e-16 -9999
2.553512956637860043e-15 2.553512956637860043e-15 -7.2164496600635175128e-15 8.7707618945387366693e-15 -5.4400928206632670481e-15 8.7707618945387366693e-15 -5.4400928206632670481e-15 -1.1102230246251565404e-16 1.4099832412739488063e-14 -1.6098233857064769836e-14 -1.7064127888488656026e-13 8.7707618945387366693e-15 -3.6637359812630165834e-15 5.21804821573823574e-15 -5.4400928206632670481e-15 3.4416913763379852753e-15 3.4416913763379852753e-15 -7.2164496600635175128e-15 1.6653345369377348106e-15 -3.6637359812630165834e-15 -2.7755575615628913511e-15 -1.1102230246251565404e-16 2.1094237467877974268e-15 7.771561172376095783e-16 3.3306690738754696213e-16 -5.5511151231257827021e-16 1.6653345369377348106e-15 -5.5511151231257827021e-16 2.8310687127941491781e-14 6.9944050551384862047e-15 -5.5511151231257827021e-16 2.553512956637860043e-15 1.2212453270876721945e-15 -1.1102230246251565404e-16 -9.9920072216264088638e-16 0 2.2204460492503130808e-15 3.5527136788005009294e-15 1.7763568394002504647e-15
1.4099832412739488063e-14 7.0943251273547502933e-14 1.277866701343555178e-13 -1.1102230246251565404e-16 4.2521541843143495498e-14 -1.1379786002407854539e-13 1.1357581541915351409e-13 -7.1165295878472534241e-14 8.515410598874950665e-14 8.515410598874950665e-14 2.553512956637860043e-15 7.771561172376095783e-16 -1.1102230246251565404e-16 3.4416913763379852753e-15 -1.1102230246251565404e-16 -1.1102230246251565404e-16 1.0547118733938987134e-14 1.1435297153639112366e-14 -3.6637359812630165834e-15 7.771561172376095783e-16 -1.1102230246251565404e-16 -9.9920072216264088638e-16 -1.4432899320127035026e-15 -9.9920072216264088638e-16 1.2212453270876721945e-15 -2.7755575615628913511e-15 2.1094237467877974268e-15 -6.4059868520871532382e-14 -5.4400928206632670481e-15 1.6653345369377348106e-15 -9.9920072216264088638e-16 7.771561172376095783e-16 2.553512956637860043e-15 7.771561172376095783e-16 -1.1102230246251565404e-16 -1.1102230246251565404e-16 0 -8.8817841970012523234e-16 1.3322676295501878485e-15
1.6653345369377348106e-15 -2.7755575615628913511e-15 -6.3282712403633922804e-15 4.3298697960381105077e-15 5.21804821573823574e-15 1.5876189252139738528e-14 -3.6637359812630165834e-15 1.4099832412739488063e-14 1.6653345369377348106e-15 -7.2164496600635175128e-15 -1.1102230246251565404e-16 -2.7755575615628913511e-15 1.6653345369377348106e-15 7.771561172376095783e-16 3.4416913763379852753e-15 -1.1102230246251565404e-16 -6.3282712403633922804e-15 6.9944050551384862047e-15 2.553512956637860043e-15 7.771561172376095783e-16 7.771561172376095783e-16 2.1094237467877974268e-15 7.771561172376095783e-16 2.1094237467877974268e-15 1.6653345369377348106e-15 3.3306690738754696213e-16 7.0943251273547502933e-14 -9.9920072216264088638e-16 1.2212453270876721945e-15 1.6653345369377348106e-15 1.6653345369377348106e-15 1.6653345369377348106e-15 2.1094237467877974268e-15 3.3306690738754696213e-16 1.6653345369377348106e-15 -9.9920072216264088638e-16 1.2212453270876721945e-15 8.8817841970012523234e-16 1.7763568394002504647e-15
4.3298697960381105077e-15 4.3298697960381105077e-15 -2.7755575615628913511e-15 -5.4400928206632670481e-15 5.21804821573823574e-15 1.6653345369377348106e-15 1.6653345369377348106e-15 -1.1102230246251565404e-16 1.0547118733938987134e-14 2.553512956637860043e-15 8.7707618945387366693e-15 -1.8873791418627661187e-15 -3.6637359812630165834e-15 4.3298697960381105077e-15 -9.9920072216264088638e-16 1.6653345369377348106e-15 3.4416913763379852753e-15 1.6653345369377348106e-15 3.4416913763379852753e-15 3.3306690738754696213e-16 1.4432899320127035026e-15 7.771561172376095783e-16 -1.1102230246251565404e-16 3.4416913763379852753e-15 3.3306690738754696213e-16 6.9944050551384862047e-15 4.3298697960381105077e-15 1.6653345369377348106e-15 1.4432899320127035026e-15 1.1102230246251565404e-16 7.771561172376095783e-16 9.9920072216264088638e-16 1.6653345369377348106e-15 1.2212453270876721945e-15 1.6653345369377348106e-15 3.3306690738754696213e-16 1.2212453270876721945e-15 -1.1102230246251565404e-16 -6.3282712403633922804e-15
1.6653345369377348106e-15 6.1062266354383609723e-15 7.882583474838611437e-15 4.3298697960381105077e-15 -1.0769163338864018442e-14 5.21804821573823574e-15 7.771561172376095783e-16 -9.8809849191638932098e-15 -2.7755575615628913511e-15 -4.5519144009631418157e-15 -1.1102230246251565404e-16 6.9944050551384862047e-15 7.771561172376095783e-16 -1.8873791418627661187e-15 2.553512956637860043e-15 -9.9920072216264088638e-16 3.4416913763379852753e-15 2.553512956637860043e-15 1.2212453270876721945e-15 -1.1102230246251565404e-16 5.5511151231257827021e-16 1.2212453270876721945e-15 2.9976021664879226591e-15 9.9920072216264088638e-16 -6.4059868520871532382e-14 6.9944050551384862047e-15 -3.3306690738754696213e-16 -1.1102230246251565404e-16 1.1102230246251565404e-16 2.1094237467877974268e-15 5.5511151231257827021e-16 1.1102230246251565404e-16 1.1102230246251565404e-16 1.2212453270876721945e-15 7.771561172376095783e-16 7.771561172376095783e-16 9.9920072216264088638e-16 4.3298697960381105077e-15 1.4432899320127035026e-15
-1.8873791418627661187e-15 -2.7755575615628913511e-15 -3.6637359812630165834e-15 6.9944050551384862047e-15 1.6653345369377348106e-15 7.882583474838611437e-15 6.1062266354383609723e-15 2.553512956637860043e-15 6.9944050551384862047e-15 1.6653345369377348106e-15 7.771561172376095783e-16 -5.4400928206632670481e-15 6.1062266354383609723e-15 2.553512956637860043e-15 2.553512956637860043e-15 -9.9920072216264088638e-16 1.2212453270876721945e-15 1.3322676295501878485e-15 9.9920072216264088638e-16 1.1102230246251565404e-15 7.771561172376095783e-16 1.6653345369377348106e-15 9.9920072216264088638e-16 7.8048678631148504792e-14 -5.4400928206632670481e-15 7.771561172376095783e-16 9.9920072216264088638e-16 1.3322676295501878485e-15 7.771561172376095783e-16 9.9920072216264088638e-16 1.2212453270876721945e-15 1.1102230246251565404e-15 1.1102230246251565404e-15 9.9920072216264088638e-16 8.8817841970012523234e-16 1.4432899320127035026e-15 7.771561172376095783e-16 1.2212453270876721945e-15 1.2212453270876721945e-15
3.4416913763379852753e-15 4.3298697960381105077e-15 3.4416913763379852753e-15 1.6653345369377348106e-15 -3.6637359812630165834e-15 4.3298697960381105077e-15 7.771561172376095783e-16 7.771561172376095783e-16 4.3298697960381105077e-15 -5.4400928206632670481e-15 6.1062266354383609723e-15 -4.5519144009631418157e-15 1.2212453270876721945e-15 1.2212453270876721945e-15 2.1094237467877974268e-15 1.6653345369377348106e-15 9.9920072216264088638e-16 -3.3306690738754696213e-16 2.3314683517128287349e-15 -5.5511151231257827021e-16 7.771561172376095783e-16 9.9920072216264088638e-16 -4.9849013805669528665e-14 5.21804821573823574e-15 9.9920072216264088638e-16 7.771561172376095783e-16 5.5511151231257827021e-16 3.3306690738754696213e-16 9.9920072216264088638e-16 -1.1102230246251565404e-16 1.6653345369377348106e-15 1.2212453270876721945e-15 -1.1102230246251565404e-16 -5.5511151231257827021e-16 2.9976021664879226591e-15 3.4416913763379852753e-15 1.1102230246251565404e-15 8.8817841970012523234e-16 1.4099832412739488063e-14
1.6653345369377348106e-15 -9.9920072216264088638e-16 -4.5519144009631418157e-15 4.3298697960381105077e-15 7.771561172376095783e-16 7.882583474838611437e-15 3.4416913763379852753e-15 -3.6637359812630165834e-15 2.553512956637860043e-15 2.553512956637860043e-15 3.4416913763379852753e-15 1.6653345369377348106e-15 3.3306690738754696213e-16 -5.5511151231257827021e-16 -9.9920072216264088638e-16 -1.4321877017664519371e-14 4.9626969200744497357e-14 -2.8532731732866523089e-14 1.7652546091539988993e-14 -4.6296300126869027736e-14 6.7390537594747002004e-14 1.4099832412739488063e-14 -1.8873791418627661187e-15 7.771561172376095783e-16 1.2212453270876721945e-15 3.3306690738754696213e-16 -5.5511151231257827021e-16 2.553512956637860043e-15 1.6653345369377348106e-15 1.2212453270876721945e-15 -2.7755575615628913511e-15 3.4416913763379852753e-15 7.771561172376095783e-16 4.3298697960381105077e-15 5.21804821573823574e-15 -8.1046280797636427451e-15 6.9944050551384862047e-15 -6.3282712403633922804e-15 1.0547118733938987134e-14
