tests/data/reference/gistest_nucice/full/control/massbalance.asc
ncols        125
nrows        78
xllcorner    -713756.799299980048
yllcorner    -1061032.369616159936
cellsize     10.000000000000
NODATA_value  -9999
[rows 36 to 53 of 78, columns 80 to 119 of 125]
-1.4210854715202003717e-14 -8.8817841970012523234e-16 -3.5527136788005009294e-15 -6.3948846218409016728e-14 1.3322676295501878485e-15 -4.7156167859441211476e-12 4.4408920985006261617e-16 1.2212453270876721945e-15 4.4408920985006261617e-16 2.664535259100375697e-15 2.664535259100375697e-15 -3.5527136788005009294e-15 8.8817841970012523234e-16 6.6613381477509392425e-16 -1.3322676295501878485e-15 6.6613381477509392425e-16 6.6613381477509392425e-16 4.4408920985006261617e-16 -8.8817841970012523234e-16 8.8817841970012523234e-16 -4.4408920985006261617e-16 4.4408920985006261617e-16 2.2204460492503130808e-15 8.8817841970012523234e-16 -9.9920072216264088638e-16 4.4408920985006261617e-16 -1.2532752613481079607e-12 -9999 -9999 -9999 -9999 -9999 -9999 -9999 -9999 -9999 -9999 -9999 -9999 -9999
2.8421709430404007435e-14 2.664535259100375697e-15 0 -3.1197266991966898786e-14 -1.4432899320127035026e-15 4.4408920985006261617e-16 4.4408920985006261617e-16 -1.3322676295501878485e-15 1.3322676295501878485e-15 -8.8817841970012523234e-16 8.8817841970012523234e-16 -7.1054273576010018587e-15 -8.8817841970012523234e-16 0 0 -2.2204460492503130808e-16 8.8817841970012523234e-16 -4.4408920985006261617e-15 7.771561172376095783e-16 2.2204460492503130808e-16 0 1.3322676295501878485e-15 4.4408920985006261617e-16 2.2204460492503130808e-16 4.4408920985006261617e-16 -8.8817841970012523234e-16 5.5511151231257827021e-16 6.6613381477509392425e-16 -1.8328116802024396748e-12 -9999 -9999 -9999 -9999 -9999 -9999 -9999 -9999 -9999 -9999 -9999
7.1109784727241276414e-14 -8.8817841970012523234e-16 -2.664535259100375697e-15 -4.5297099404706386849e-14 0 2.2204460492503130808e-16 4.4408920985006261617e-16 1.7763568394002504647e-15 8.8817841970012523234e-16 -1.7763568394002504647e-15 -2.1316282072803005576e-14 8.8817841970012523234e-16 3.1086244689504383132e-15 8.8817841970012523234e-16 8.8817841970012523234e-16 1.7763568394002504647e-15 5.329070518200751394e-15 4.4408920985006261617e-16 4.4408920985006261617e-16 0 1.3322676295501878485e-15 1.3322676295501878485e-15 0 0 3.5527136788005009294e-15 2.664535259100375697e-15 -1.7763568394002504647e-15 8.8817841970012523234e-16 8.8817841970012523234e-16 9.4821372975673057226e-12 -9999 -9999 -9999 -9999 -9999 -9999 -9999 -9999 -9999 -9999
5.5511151231257827021e-17 6.6613381477509392425e-16 -5.8058557961260248703e-12 7.1054273576010018587e-15 2.664535259100375697e-15 4.4408920985006261617e-16 6.6613381477509392425e-16 -4.4408920985006261617e-16 8.8817841970012523234e-16 1.7763568394002504647e-15 0 8.8817841970012523234e-16 1.3322676295501878485e-15 1.7763568394002504647e-15 -2.664535259100375697e-15 0 0 8.8817841970012523234e-16 1.1102230246251565404e-15 6.6613381477509392425e-16 1.7763568394002504647e-15 -4.4408920985006261617e-16 1.7763568394002504647e-15 3.9968028886505635455e-15 0 -8.8817841970012523234e-16 1.7763568394002504647e-15 8.8817841970012523234e-16 1.3322676295501878485e-15 4.4408920985006261617e-16 1.838323937519703577e-11 -9999 -9999 -9999 -9999 -9999 -9999 -9999 -9999 -9999
4.9960036108132044319e-16 9.1232577048572238709e-13 -2.4868995751603506505e-14 7.1054273576010018587e-14 -3.5527136788005009294e-15 4.4408920985006261617e-16 0 8.8817841970012523234e-16 -8.8817841970012523234e-16 2.664535259100375697e-15 -2.8421709430404007435e-14 -8.8817841970012523234e-16 -8.8817841970012523234e-16 5.329070518200751394e-15 8.8817841970012523234e-15 -8.8817841970012523234e-16 -1.3322676295501878485e-15 2.2204460492503130808e-16 8.8817841970012523234e-16 1.7763568394002504647e-15 4.4408920985006261617e-16 -4.4408920985006261617e-16 0 -3.1086244689504383132e-15 4.4408920985006261617e-15 4.4408920985006261617e-16 1.7763568394002504647e-15 -4.4408920985006261617e-16 -1.7763568394002504647e-15 4.4408920985006261617e-16 2.2204460492503130808e-15 -1.2640388735718488533e-11 -9999 -9999 -9999 -9999 -9999 -9999 -9999 -9999
2.4424906541753443889e-15 8.2489570729649130953e-14 -7.1054273576010018587e-15 -4.9682480351975755184e-14 1.0658141036401502788e-14 9.9920072216264088638e-16 4.4408920985006261617e-16 8.8817841970012523234e-16 -2.664535259100375697e-15 1.4210854715202003717e-14 2.2204460492503130808e-15 3.1086244689504383132e-15 8.8817841970012523234e-16 -7.1054273576010018587e-15 1.3322676295501878485e-15 3.1086244689504383132e-15 0 6.6613381477509392425e-16 -4.4408920985006261617e-15 1.3322676295501878485e-15 4.4408920985006261617e-16 1.7763568394002504647e-15 1.7763568394002504647e-15 1.7763568394002504647e-15 -5.329070518200751394e-15 1.7763568394002504647e-15 -1.7763568394002504647e-15 2.664535259100375697e-15 1.3322676295501878485e-15 0 -1.8873791418627661187e-15 3.7747582837255322374e-15 7.771561172376095783e-16 -9999 -9999 -9999 -9999 -9999 -9999 -9999
6.4687699641297058406e-12 -4.2577052994374753325e-14 1.7819079545233762474e-14 -2.1260770921571747749e-14 -5.273559366969493567e-15 -4.4408920985006261617e-16 -4.4408920985006261617e-16 2.664535259100375697e-15 8.8817841970012523234e-16 6.3948846218409016728e-14 -2.664535259100375697e-15 0 0 4.4408920985006261617e-16 0 2.2204460492503130808e-15 -8.8817841970012523234e-16 8.8817841970012523234e-16 -2.2204460492503130808e-16 4.4408920985006261617e-16 2.2204460492503130808e-16 -4.4408920985006261617e-15 8.8817841970012523234e-16 0 -2.664535259100375697e-15 -8.8817841970012523234e-16 0 -3.5527136788005009294e-15 -8.8817841970012523234e-16 3.5527136788005009294e-15 3.1086244689504383132e-15 -8.8817841970012523234e-16 6.6613381477509392425e-16 7.771561172376095783e-16 1.1831591262279061993e-11 -9999 -9999 -9999 -9999 -9999
-9999 3.9745984281580604147e-14 5.6898930012039272697e-14 1.2795320358804929128e-13 -4.3853809472693683347e-15 8.8817841970012523234e-16 1.7763568394002504647e-15 8.8817841970012523234e-16 1.7763568394002504647e-15 7.1054273576010018587e-14 2.664535259100375697e-15 1.7763568394002504647e-15 8.8817841970012523234e-16 -8.8817841970012523234e-16 -1.3322676295501878485e-15 -1.3322676295501878485e-15 3.5527136788005009294e-15 4.4408920985006261617e-16 2.2204460492503130808e-16 6.6613381477509392425e-16 2.2204460492503130808e-16 5.329070518200751394e-15 -1.7763568394002504647e-15 -2.664535259100375697e-15 4.4408920985006261617e-15 0 -4.4408920985006261617e-15 2.2204460492503130808e-15 0 -3.9968028886505635455e-15 8.8817841970012523234e-16 1.7763568394002504647e-15 6.6613381477509392425e-16 3.3306690738754696213e-16 6.6613381477509392425e-16 -7.5195960569374165061e-12 -9999 -9999 -9999 -9999
1.8318679906315082917e-15 -9999 -9999 2.8477220581635265262e-14 4.4964032497318839887e-15 1.3877787807814456755e-15 8.8817841970012523234e-16 8.8817841970012523234e-16 5.329070518200751394e-15 -2.1316282072803005576e-14 -1.7763568394002504647e-15 8.8817841970012523234e-16 1.7763568394002504647e-15 1.7763568394002504647e-15 1.7763568394002504647e-15 3.5527136788005009294e-15 4.4408920985006261617e-16 0 2.2204460492503130808e-16 5.5511151231257827021e-16 -4.4408920985006261617e-16 -8.8817841970012523234e-16 0 5.329070518200751394e-15 -5.329070518200751394e-15 4.4408920985006261617e-15 4.4408920985006261617e-15 0 3.5527136788005009294e-15 0 -4.4408920985006261617e-15 -1.3322676295501878485e-15 0 4.4408920985006261617e-16 4.4408920985006261617e-16 -6.6613381477509392425e-16 1.9266255257832654024e-12 -9999 -9999 -9999
8.8817841970012523234e-16 4.0523140398818213725e-15 -1.2767564783189300215e-15 -9999 -9999 -3.8857805861880478915e-16 -8.3266726846886740532e-16 -4.4408920985006261617e-15 1.7763568394002504647e-15 -5.684341886080801487e-14 -1.7763568394002504647e-15 -1.7763568394002504647e-15 3.5527136788005009294e-15 -8.8817841970012523234e-16 1.7763568394002504647e-15 -1.7763568394002504647e-15 0 2.2204460492503130808e-16 4.4408920985006261617e-16 2.2204460492503130808e-16 0 5.329070518200751394e-15 5.329070518200751394e-15 -5.329070518200751394e-15 7.9936057773011270911e-15 -3.5527136788005009294e-15 -8.8817841970012523234e-16 4.4408920985006261617e-15 1.7763568394002504647e-15 4.4408920985006261617e-15 5.329070518200751394e-15 1.7763568394002504647e-15 0 8.8817841970012523234e-16 6.6613381477509392425e-16 4.4408920985006261617e-16 8.8817841970012523234e-16 6.6613381477509392425e-16 -9999 -9999
7.2164496600635175128e-16 2.7755575615628913511e-16 4.9960036108132044319e-16 1.3877787807814456755e-15 -3.8857805861880478915e-16 -9999 9.4368957093138305936e-16 9.4368957093138305936e-16 -3.5527136788005009294e-15 0 8.8817841970012523234e-15 8.8817841970012523234e-16 2.664535259100375697e-15 -8.8817841970012523234e-15 4.4408920985006261617e-16 2.2204460492503130808e-15 0 0 8.8817841970012523234e-16 4.4408920985006261617e-16 8.8817841970012523234e-16 -5.329070518200751394e-15 1.7763568394002504647e-15 1.7763568394002504647e-15 0 4.4408920985006261617e-15 4.4408920985006261617e-15 -3.5527136788005009294e-15 -8.8817841970012523234e-16 -8.8817841970012523234e-16 -3.5527136788005009294e-15 -1.3322676295501878485e-15 0 2.2204460492503130808e-16 7.771561172376095783e-16 8.8817841970012523234e-16 6.6613381477509392425e-16 6.6613381477509392425e-16 8.8817841970012523234e-16 -2.3903823365145626667e-11
2.9420910152566648321e-15 -1.7208456881689926377e-15 1.8318679906315082917e-15 -1.2767564783189300215e-15 9.4368957093138305936e-16 -3.4972025275692431023e-15 -9999 7.1609385088322596857e-15 5.329070518200751394e-15 -5.684341886080801487e-14 -2.664535259100375697e-15 -3.5527136788005009294e-15 1.509903313490212895e-14 -8.8817841970012523234e-16 1.7763568394002504647e-15 1.3322676295501878485e-15 1.3322676295501878485e-15 -2.2204460492503130808e-16 2.2204460492503130808e-16 7.771561172376095783e-16 3.5527136788005009294e-15 7.9936057773011270911e-15 3.5527136788005009294e-15 2.664535259100375697e-15 8.8817841970012523234e-16 2.664535259100375697e-15 8.8817841970012523234e-16 0 -8.8817841970012523234e-16 2.664535259100375697e-15 6.2172489379008766264e-15 7.1054273576010018587e-15 1.3322676295501878485e-15 6.6613381477509392425e-16 -1.7763568394002504647e-15 2.2204460492503130808e-16 2.2204460492503130808e-16 4.4408920985006261617e-16 -1.1102230246251565404e-15 4.4408920985006261617e-16
-3.5471625636773751467e-14 2.1371793224034263403e-14 -4.9682480351975755184e-14 7.1109784727241276414e-14 -3.5471625636773751467e-14 7.1609385088322596857e-15 4.9960036108132044319e-16 -9999 -7.0499162063697440317e-15 -2.8421709430404007435e-14 7.9936057773011270911e-15 -1.2434497875801753253e-14 -1.7763568394002504647e-15 -8.8817841970012523234e-16 -1.3322676295501878485e-15 -1.3322676295501878485e-15 -8.8817841970012523234e-16 4.4408920985006261617e-16 0 6.6613381477509392425e-16 -2.664535259100375697e-15 -9.7699626167013775557e-15 -8.8817841970012523234e-15 1.7763568394002504647e-15 -4.4408920985006261617e-15 -6.2172489379008766264e-15 -4.4408920985006261617e-15 4.4408920985006261617e-15 4.4408920985006261617e-15 -8.8817841970012523234e-16 -8.8817841970012523234e-16 5.329070518200751394e-15 -4.4408920985006261617e-16 5.329070518200751394e-15 0 -6.6613381477509392425e-16 2.2204460492503130808e-16 3.3306690738754696213e-16 2.2204460492503130808e-16 -9999
1.3322676295501878485e-15 -1.2767564783189300215e-15 1.8318679906315082917e-15 5.5511151231257827021e-17 5.5511151231257827021e-17 -1.7208456881689926377e-15 5.6898930012039272697e-14 -9999 7.1609385088322596857e-15 -1.1368683772161602974e-13 7.1054273576010018587e-15 3.5527136788005009294e-15 -2.664535259100375697e-15 2.664535259100375697e-15 1.7763568394002504647e-15 2.2204460492503130808e-15 -1.3322676295501878485e-15 8.8817841970012523234e-16 2.2204460492503130808e-16 1.1102230246251565404e-16 3.5527136788005009294e-15 5.329070518200751394e-15 7.1054273576010018587e-15 -1.7763568394002504647e-15 1.7763568394002504647e-15 5.329070518200751394e-15 4.4408920985006261617e-15 -2.664535259100375697e-15 -8.8817841970012523234e-16 0 1.7763568394002504647e-14 8.8817841970012523234e-16 2.664535259100375697e-15 4.4408920985006261617e-16 1.7763568394002504647e-15 0 1.7763568394002504647e-15 -4.4408920985006261617e-16 -9999 -9999
6.6613381477509392425e-16 4.9960036108132044319e-16 9.4368957093138305936e-16 -3.8857805861880478915e-16 5.5511151231257827021e-17 2.2759572004815709079e-15 -5.273559366969493567e-15 -7.8104189782379762619e-14 -9999 -1.7047474543119278678e-13 3.5527136788005009294e-15 0 0 0 -1.7763568394002504647e-15 2.2204460492503130808e-15 4.4408920985006261617e-16 1.7763568394002504647e-15 1.3322676295501878485e-15 4.4408920985006261617e-16 -4.4408920985006261617e-15 -1.7763568394002504647e-15 5.329070518200751394e-15 2.664535259100375697e-15 -1.7763568394002504647e-15 3.5527136788005009294e-15 0 3.5527136788005009294e-15 -8.8817841970012523234e-16 0 7.1054273576010018587e-15 -4.4408920985006261617e-15 1.7763568394002504647e-15 0 3.1086244689504383132e-15 -2.664535259100375697e-15 8.8817841970012523234e-16 2.2204460492503130808e-16 -9999 -9999
1.3322676295501878485e-15 2.2204460492503130808e-16 4.9960036108132044319e-16 1.8318679906315082917e-15 -2.1649348980190552538e-15 2.720046410331633524e-15 9.4368957093138305936e-16 1.6042722705833512009e-14 -9999 7.1109784727241276414e-14 -8.3266726846886740532e-16 0 0 1.3322676295501878485e-15 0 8.8817841970012523234e-16 4.4408920985006261617e-16 -8.8817841970012523234e-16 0 3.3306690738754696213e-16 4.4408920985006261617e-15 7.1054273576010018587e-15 -5.329070518200751394e-15 0 1.7763568394002504647e-15 -8.8817841970012523234e-15 3.5527136788005009294e-15 0 0 8.8817841970012523234e-16 -3.5527136788005009294e-15 -1.3322676295501878485e-15 8.8817841970012523234e-16 4.4408920985006261617e-16 8.8817841970012523234e-16 4.4408920985006261617e-16 2.2204460492503130808e-16 7.771561172376095783e-16 6.6613381477509392425e-16 -9999
1.3322676295501878485e-15 -1.1102230246251565404e-16 0 5.5511151231257827021e-17 1.8318679906315082917e-15 -5.273559366969493567e-15 1.8318679906315082917e-15 -2.60902410786911787e-15 -1.2378986724570495426e-14 -9999 8.9372953482325101504e-15 8.8817841970012523234e-16 2.664535259100375697e-15 -4.4408920985006261617e-16 -4.4408920985006261617e-16 6.6613381477509392425e-16 8.8817841970012523234e-16 8.8817841970012523234e-16 8.8817841970012523234e-16 2.2204460492503130808e-16 8.8817841970012523234e-16 0 -7.1054273576010018587e-15 -1.7763568394002504647e-15 -5.329070518200751394e-15 1.0658141036401502788e-14 -8.8817841970012523234e-15 -8.8817841970012523234e-16 3.5527136788005009294e-15 -2.1316282072803005576e-14 3.9968028886505635455e-15 -1.3322676295501878485e-15 -3.5527136788005009294e-15 0 0 6.6613381477509392425e-16 4.4408920985006261617e-16 8.8817841970012523234e-16 4.4408920985006261617e-16 5.5511151231257827021e-16
-2.8421709430404007435e-14 2.8421709430404007435e-14 -1.4210854715202003717e-14 2.1316282072803005576e-14 -1.770805724277124682e-14 -3.4972025275692431023e-15 -2.1260770921571747749e-14 5.3845816694320092211e-15 -1.9484414082171497284e-14 -9999 -5.273559366969493567e-15 9.4368957093138305936e-16 0 1.3322676295501878485e-15 2.2204460492503130808e-16 4.4408920985006261617e-16 -4.4408920985006261617e-16 4.4408920985006261617e-16 2.664535259100375697e-15 1.7763568394002504647e-15 -3.5527136788005009294e-15 0 3.5527136788005009294e-15 8.8817841970012523234e-15 1.5987211554602254182e-14 -1.2434497875801753253e-14 1.0658141036401502788e-14 3.5527136788005009294e-15 -3.5527136788005009294e-15 7.8159700933611020446e-14 3.5527136788005009294e-15 1.4210854715202003717e-14 0 0 0 4.4408920985006261617e-16 0 4.4408920985006261617e-16 0 4.4408920985006261617e-16
