tests/data/reference/gistest_nucice/full/control/massbalance.asc
ncols        123
nrows        77
xllcorner    -713746.799299980048
yllcorner    -1061022.369616159936
cellsize     10.000000000000
NODATA_value  -9999
[rows 17 to 33 of 77, columns 0 to 38 of 123]
-9999 -9999 -9999 -9999 -9999 -9999 -9999 -9999 -9999 -9999 -9999 -9999 -9999 -9999 -9999 -9999 -9999 -9999 2.2204460492503130808e-16 3.3306690738754696213e-16 3.3306690738754696213e-16 3.3306690738754696213e-16 3.3306690738754696213e-16 2.2204460492503130808e-16 2.2204460492503130808e-16 2.2204460492503130808e-16 1.0674128247956105042e-11 -1.7763568394002504647e-15 3.3306690738754696213e-16 -5.5511151231257827021e-16 2.2204460492503130808e-16 2.2204460492503130808e-16 2.2204460492503130808e-16 3.3306690738754696213e-16 1.1102230246251565404e-16 3.3306690738754696213e-16 3.3306690738754696213e-16 2.2204460492503130808e-16 1.1102230246251565404e-16
-9999 -9999 -9999 -9999 -9999 -9999 -9999 -9999 -9999 -9999 -9999 -9999 -9999 -9999 -9999 -9999 -9999 3.3306690738754696213e-16 1.1102230246251565404e-16 3.3306690738754696213e-16 2.2204460492503130808e-16 0 3.3306690738754696213e-16 2.2204460492503130808e-16 2.2204460492503130808e-16 -1.0963452368173420837e-10 -4.4408920985006261617e-16 -1.1102230246251565404e-16 2.2204460492503130808e-16 -1.1102230246251565404e-16 3.3306690738754696213e-16 3.3306690738754696213e-16 2.2204460492503130808e-16 2.2204460492503130808e-16 3.3306690738754696213e-16 2.2204460492503130808e-16 1.1102230246251565404e-16 3.3306690738754696213e-16 3.3306690738754696213e-16
-9999 -9999 -9999 -9999 -9999 -9999 -9999 -9999 -9999 -9999 -9999 -9999 -9999 -9999 -9999 -9999 2.2204460492503130808e-16 1.1102230246251565404e-16 2.2204460492503130808e-16 3.3306690738754696213e-16 0 2.2204460492503130808e-16 2.2204460492503130808e-16 1.1102230246251565404e-16 6.9976247019098991586e-11 -2.2204460492503130808e-16 1.6653345369377348106e-15 7.771561172376095783e-16 1.1102230246251565404e-16 1.1102230246251565404e-16 3.3306690738754696213e-16 1.1102230246251565404e-16 2.2204460492503130808e-16 3.3306690738754696213e-16 1.1102230246251565404e-16 2.2204460492503130808e-16 1.1102230246251565404e-16 2.2204460492503130808e-16 2.2204460492503130808e-16
-9999 -9999 -9999 -9999 -9999 -9999 -9999 -9999 -9999 -9999 -9999 -9999 -9999 -9999 -9999 3.8857805861880478915e-16 3.8857805861880478915e-16 1.6653345369377348106e-16 1.6653345369377348106e-16 1.1102230246251565404e-16 2.2204460492503130808e-16 2.2204460492503130808e-16 1.1102230246251565404e-16 2.9687807767686535954e-11 1.0117062743120186497e-10 1.1102230246251565404e-16 -1.1102230246251565404e-16 -1.1102230246251565404e-16 2.2204460492503130808e-16 3.3306690738754696213e-16 3.3306690738754696213e-16 2.2204460492503130808e-16 3.3306690738754696213e-16 3.3306690738754696213e-16 2.2204460492503130808e-16 2.2204460492503130808e-16 2.2204460492503130808e-16 3.3306690738754696213e-16 4.4408920985006261617e-16
-9999 -9999 -9999 -9999 -9999 -9999 -9999 -9999 -9999 -9999 -9999 -9999 -9999 -9999 -9999 2.7755575615628913511e-16 5.5511151231257827021e-17 5.5511151231257827021e-17 5.5511151231257827021e-17 3.8857805861880478915e-16 1.6653345369377348106e-16 2.7755575615628913511e-16 3.3306690738754696213e-16 4.2923442578057802166e-11 1.7763568394002504647e-15 1.1102230246251565404e-16 1.1102230246251565404e-16 1.1102230246251565404e-16 3.3306690738754696213e-16 3.3306690738754696213e-16 2.2204460492503130808e-16 3.3306690738754696213e-16 3.3306690738754696213e-16 2.2204460492503130808e-16 4.4408920985006261617e-16 2.2204460492503130808e-16 4.4408920985006261617e-16 1.1102230246251565404e-16 1.1102230246251565404e-16
-9999 -9999 -9999 -9999 -9999 -9999 -9999 -9999 -9999 -9999 -9999 -9999 -9999 -9999 -9999 1.6653345369377348106e-16 1.6653345369377348106e-16 3.8857805861880478915e-16 5.5511151231257827021e-17 3.8857805861880478915e-16 2.7755575615628913511e-16 3.3306690738754696213e-16 -5.4900306523109065893e-11 4.4408920985006261617e-16 -8.3266726846886740532e-16 2.2204460492503130808e-16 3.3306690738754696213e-16 3.3306690738754696213e-16 3.3306690738754696213e-16 3.3306690738754696213e-16 2.2204460492503130808e-16 2.2204460492503130808e-16 3.3306690738754696213e-16 1.1102230246251565404e-16 2.2204460492503130808e-16 3.3306690738754696213e-16 3.3306690738754696213e-16 3.3306690738754696213e-16 3.3306690738754696213e-16
-9999 -9999 -9999 -9999 -9999 -9999 -9999 -9999 -9999 -9999 -9999 -9999 -9999 -9999 2.7755575615628913511e-16 2.7755575615628913511e-16 2.7755575615628913511e-16 2.7755575615628913511e-16 2.7755575615628913511e-16 1.6653345369377348106e-16 3.3306690738754696213e-16 -2.9801272560803226952e-11 3.3306690738754696213e-16 -8.8817841970012523234e-16 4.9960036108132044319e-16 2.7755575615628913511e-16 4.9960036108132044319e-16 1.6653345369377348106e-16 2.2204460492503130808e-16 1.1102230246251565404e-16 1.1102230246251565404e-16 3.3306690738754696213e-16 3.3306690738754696213e-16 3.3306690738754696213e-16 3.3306690738754696213e-16 2.2204460492503130808e-16 1.1102230246251565404e-16 2.2204460492503130808e-16 1.1102230246251565404e-16
-9999 -9999 -9999 -9999 -9999 -9999 -9999 -9999 -9999 -9999 -9999 -9999 -9999 -9999 5.5511151231257827021e-17 5.5511151231257827021e-17 -1.6653345369377348106e-16 5.5511151231257827021e-17 2.7755575615628913511e-16 2.7755575615628913511e-16 -8.0510487165952326905e-11 -2.1330937016728057642e-10 2.7755575615628913511e-16 2.7755575615628913511e-16 -3.8857805861880478915e-16 -8.3266726846886740532e-16 1.6653345369377348106e-16 1.6653345369377348106e-16 1.6653345369377348106e-16 2.7755575615628913511e-16 2.2204460492503130808e-16 4.4408920985006261617e-16 3.3306690738754696213e-16 2.2204460492503130808e-16 3.3306690738754696213e-16 2.2204460492503130808e-16 2.2204460492503130808e-16 1.1102230246251565404e-16 3.3306690738754696213e-16
-9999 -9999 -9999 -9999 -9999 -9999 -9999 -9999 -9999 -9999 -9999 -9999 -9999 -9999 -1.6653345369377348106e-16 5.5511151231257827021e-17 3.8857805861880478915e-16 2.7755575615628913511e-16 3.8857805861880478915e-16 3.3306690738754696213e-16 -9.6211927314016065793e-13 -4.4408920985006261617e-16 -2.2204460492503130808e-15 3.8857805861880478915e-16 4.9960036108132044319e-16 -1.6653345369377348106e-16 5.5511151231257827021e-17 1.6653345369377348106e-16 2.7755575615628913511e-16 2.7755575615628913511e-16 1.6653345369377348106e-16 3.8857805861880478915e-16 2.7755575615628913511e-16 3.3306690738754696213e-16 1.1102230246251565404e-16 3.3306690738754696213e-16 2.2204460492503130808e-16 1.1102230246251565404e-16 1.1102230246251565404e-16
-9999 -9999 -9999 -9999 -9999 -9999 -9999 -9999 -9999 -9999 -9999 -9999 3.8857805861880478915e-16 2.7755575615628913511e-16 5.5511151231257827021e-17 1.6653345369377348106e-16 2.7755575615628913511e-16 2.7755575615628913511e-16 3.3306690738754696213e-16 -1.1757927964595182857e-11 -4.4408920985006261617e-16 0 4.9960036108132044319e-16 -3.8857805861880478915e-16 1.6653345369377348106e-16 5.5511151231257827021e-17 -1.0547118733938987134e-15 2.7755575615628913511e-16 2.7755575615628913511e-16 2.7755575615628913511e-16 3.8857805861880478915e-16 2.7755575615628913511e-16 1.6653345369377348106e-16 2.7755575615628913511e-16 2.7755575615628913511e-16 4.4408920985006261617e-16 2.2204460492503130808e-16 3.3306690738754696213e-16 3.3306690738754696213e-16
-9999 -9999 -9999 -9999 -9999 -9999 -9999 -9999 -9999 -9999 -9999 -9999 -9999 3.8857805861880478915e-16 2.7755575615628913511e-16 2.7755575615628913511e-16 1.6653345369377348106e-16 3.3306690738754696213e-16 -9.6257890547235547274e-11 1.1102230246251565404e-16 2.7755575615628913511e-16 2.7755575615628913511e-16 -8.3266726846886740532e-16 -8.3266726846886740532e-16 -3.8857805861880478915e-16 -1.2767564783189300215e-15 -1.0547118733938987134e-15 5.5511151231257827021e-17 5.5511151231257827021e-17 1.6653345369377348106e-16 1.6653345369377348106e-16 5.5511151231257827021e-17 3.8857805861880478915e-16 2.7755575615628913511e-16 -5.5511151231257827021e-17 1.6653345369377348106e-16 2.7755575615628913511e-16 3.8857805861880478915e-16 2.2204460492503130808e-16
-9999 -9999 -9999 -9999 -9999 -9999 -9999 -9999 -9999 -9999 -9999 -9999 -9999 -9999 -9999 1.6653345369377348106e-16 3.3306690738754696213e-16 2.1005330808065991732e-10 -1.6005463621127091756e-10 -8.8817841970012523234e-16 -8.3266726846886740532e-16 5.5511151231257827021e-17 -3.8857805861880478915e-16 2.7755575615628913511e-16 5.5511151231257827021e-17 1.6653345369377348106e-16 3.8857805861880478915e-16 5.5511151231257827021e-17 -1.6653345369377348106e-16 2.7755575615628913511e-16 2.7755575615628913511e-16 5.5511151231257827021e-17 3.8857805861880478915e-16 5.5511151231257827021e-17 2.7755575615628913511e-16 2.7755575615628913511e-16 1.6653345369377348106e-16 2.7755575615628913511e-16 5.5511151231257827021e-17
-9999 -9999 -9999 -9999 -9999 -9999 -9999 -9999 -9999 -9999 -9999 -9999 -9999 -9999 -9999 -9999 3.3306690738754696213e-16 1.1496470442295958492e-10 0 -3.8857805861880478915e-16 -1.6653345369377348106e-16 2.7755575615628913511e-16 1.6653345369377348106e-16 5.5511151231257827021e-17 1.6653345369377348106e-16 1.6653345369377348106e-16 5.5511151231257827021e-17 1.6653345369377348106e-16 5.5511151231257827021e-17 5.5511151231257827021e-17 5.5511151231257827021e-17 5.5511151231257827021e-17 5.5511151231257827021e-17 1.6653345369377348106e-16 5.5511151231257827021e-17 1.6653345369377348106e-16 5.5511151231257827021e-17 4.9960036108132044319e-16 5.5511151231257827021e-17
-9999 -9999 -9999 -9999 -9999 -9999 -9999 -9999 -9999 -9999 -9999 -9999 -9999 -9999 -9999 -9999 5.4092064161181951931e-11 -8.8817841970012523234e-16 5.5511151231257827021e-17 2.7755575615628913511e-16 2.7755575615628913511e-16 2.7755575615628913511e-16 1.6653345369377348106e-16 5.5511151231257827021e-17 5.5511151231257827021e-17 2.7755575615628913511e-16 -5.5511151231257827021e-17 5.5511151231257827021e-17 5.5511151231257827021e-17 5.5511151231257827021e-17 2.7755575615628913511e-16 5.5511151231257827021e-17 5.5511151231257827021e-17 5.5511151231257827021e-17 2.7755575615628913511e-16 2.7755575615628913511e-16 2.7755575615628913511e-16 1.6653345369377348106e-16 2.7755575615628913511e-16
-9999 -9999 -9999 -9999 -9999 -9999 -9999 -9999 -9999 -9999 -9999 -9999 -9999 -9999 -9999 -8.7581275565185023879e-11 1.1102230246251565404e-16 2.2204460492503130808e-16 -9.9920072216264088638e-16 -8.3266726846886740532e-16 5.5511151231257827021e-17 5.5511151231257827021e-17 2.7755575615628913511e-16 5.5511151231257827021e-17 5.5511151231257827021e-17 2.7755575615628913511e-16 4.9960036108132044319e-16 5.5511151231257827021e-17 2.7755575615628913511e-16 5.5511151231257827021e-17 5.5511151231257827021e-17 5.5511151231257827021e-17 2.7755575615628913511e-16 5.5511151231257827021e-17 1.6653345369377348106e-16 5.5511151231257827021e-17 2.7755575615628913511e-16 5.5511151231257827021e-17 5.5511151231257827021e-17
-9999 -9999 -9999 -9999 -9999 -9999 -9999 -9999 -9999 -9999 -9999 -9999 -9999 -9999 -8.0256690182523016119e-11 -2.1741408673392470519e-10 -1.7763568394002504647e-15 -1.1102230246251565404e-16 2.2204460492503130808e-16 2.2204460492503130808e-16 1.6653345369377348106e-16 2.7755575615628913511e-16 1.6653345369377348106e-16 1.6653345369377348106e-16 5.5511151231257827021e-17 5.5511151231257827021e-17 3.8857805861880478915e-16 1.1102230246251565404e-16 2.2204460492503130808e-16 1.6653345369377348106e-16 2.7755575615628913511e-16 5.5511151231257827021e-17 5.5511151231257827021e-17 5.5511151231257827021e-17 5.5511151231257827021e-17 2.7755575615628913511e-16 5.5511151231257827021e-17 2.7755575615628913511e-16 1.6653345369377348106e-16
-9999 -9999 -9999 -9999 -9999 -9999 -9999 -9999 -9999 -9999 -9999 -9999 -9999 -9999 -9.7446717362004164897e-11 -1.9984014443252817728e-15 2.2204460492503130808e-16 2.2204460492503130808e-16 4.4408920985006261617e-16 2.2204460492503130808e-16 2.2204460492503130808e-16 2.2204460492503130808e-16 2.7755575615628913511e-16 3.3306690738754696213e-16 2.2204460492503130808e-16 2.2204460492503130808e-16 3.3306690738754696213e-16 2.2204460492503130808e-16 1.1102230246251565404e-16 4.4408920985006261617e-16 1.1102230246251565404e-16 2.2204460492503130808e-16 2.2204460492503130808e-16 3.3306690738754696213e-16 2.2204460492503130808e-16 2.2204460492503130808e-16 3.3306690738754696213e-16 2.2204460492503130808e-16 3.3306690738754696213e-16
