tests/data/reference/gistest_nucice/full/control/massbalance.asc
ncols        125
nrows        78
xllcorner    -713756.799299980048
yllcorner    -1061032.369616159936
cellsize     10.000000000000
NODATA_value  -9999
[rows 51 to 67 of 78, columns 39 to 77 of 125]
5.21804821573823574e-15 4.3298697960381105077e-15 -1.8873791418627661187e-15 7.771561172376095783e-16 -3.6637359812630165834e-15 -2.7755575615628913511e-15 2.553512956637860043e-15 7.882583474838611437e-15 -3.6637359812630165834e-15 7.771561172376095783e-16 -5.5511151231257827021e-16 7.771561172376095783e-16 1.2212453270876721945e-15 3.3306690738754696213e-16 -1.4321877017664519371e-14 -1.1102230246251565404e-16 1.6653345369377348106e-15 1.5876189252139738528e-14 6.9944050551384862047e-15 -1.7874590696465020301e-14 6.9944050551384862047e-15 7.771561172376095783e-16 6.1062266354383609723e-15 -3.6637359812630165834e-15 7.882583474838611437e-15 -9.8809849191638932098e-15 2.553512956637860043e-15 2.553512956637860043e-15 8.7707618945387366693e-15 -1.0769163338864018442e-14 3.4416913763379852753e-15 -3.6637359812630165834e-15 -1.4321877017664519371e-14 3.186340080674199271e-14 -1.1102230246251565404e-16 -1.4321877017664519371e-14 -1.1102230246251565404e-16 1.7652546091539988993e-14 4.3298697960381105077e-15
7.771561172376095783e-16 3.4416913763379852753e-15 -1.8873791418627661187e-15 1.6653345369377348106e-15 -1.1102230246251565404e-16 1.6653345369377348106e-15 -1.8873791418627661187e-15 5.21804821573823574e-15 3.4416913763379852753e-15 1.2212453270876721945e-15 7.771561172376095783e-16 9.9920072216264088638e-16 1.2212453270876721945e-15 3.186340080674199271e-14 1.6653345369377348106e-15 -2.7755575615628913511e-15 9.9920072216264088638e-16 -5.4400928206632670481e-15 1.2323475573339237599e-14 8.7707618945387366693e-15 7.771561172376095783e-16 1.6653345369377348106e-15 2.553512956637860043e-15 -1.1102230246251565404e-16 1.6653345369377348106e-15 -1.1102230246251565404e-16 1.6653345369377348106e-15 -1.1102230246251565404e-16 6.1062266354383609723e-15 -1.1102230246251565404e-16 1.3322676295501878485e-15 9.9920072216264088638e-16 1.1102230246251565404e-16 7.771561172376095783e-16 -1.1102230246251565404e-16 1.6653345369377348106e-15 -9.9920072216264088638e-16 5.21804821573823574e-15 1.4432899320127035026e-15
7.771561172376095783e-16 2.9976021664879226591e-15 2.553512956637860043e-15 5.21804821573823574e-15 3.4416913763379852753e-15 7.771561172376095783e-16 -1.8873791418627661187e-15 -1.1102230246251565404e-16 1.2212453270876721945e-15 7.771561172376095783e-16 9.9920072216264088638e-16 1.1102230246251565404e-15 -1.0769163338864018442e-14 1.6653345369377348106e-15 3.4416913763379852753e-15 -1.8873791418627661187e-15 6.1062266354383609723e-15 -3.6637359812630165834e-15 3.4416913763379852753e-15 2.553512956637860043e-15 -1.1102230246251565404e-16 2.553512956637860043e-15 -1.1102230246251565404e-16 -5.4400928206632670481e-15 -3.6637359812630165834e-15 -1.8873791418627661187e-15 8.7707618945387366693e-15 -1.1102230246251565404e-16 5.21804821573823574e-15 -5.4400928206632670481e-15 3.4416913763379852753e-15 -3.6637359812630165834e-15 1.0547118733938987134e-14 -3.6637359812630165834e-15 6.9944050551384862047e-15 -7.2164496600635175128e-15 -1.1102230246251565404e-16 -2.142730437526552123e-14 1.7652546091539988993e-14
2.553512956637860043e-15 3.3306690738754696213e-16 -1.4432899320127035026e-15 -2.7755575615628913511e-15 7.771561172376095783e-16 3.4416913763379852753e-15 3.4416913763379852753e-15 3.8857805861880478915e-15 3.3306690738754696213e-16 -1.1102230246251565404e-16 3.4416913763379852753e-15 -3.6637359812630165834e-15 1.2212453270876721945e-15 2.9976021664879226591e-15 2.553512956637860043e-15 2.553512956637860043e-15 3.4416913763379852753e-15 -5.4400928206632670481e-15 3.4416913763379852753e-15 2.1094237467877974268e-15 -1.8873791418627661187e-15 3.4416913763379852753e-15 7.771561172376095783e-16 6.9944050551384862047e-15 7.771561172376095783e-16 1.6653345369377348106e-15 -1.8873791418627661187e-15 -1.1102230246251565404e-16 5.21804821573823574e-15 1.2323475573339237599e-14 -1.6098233857064769836e-14 -3.6637359812630165834e-15 1.7652546091539988993e-14 -1.4321877017664519371e-14 6.9944050551384862047e-15 -5.4400928206632670481e-15 8.8817841970012523234e-16 1.1102230246251565404e-15 7.771561172376095783e-16
3.3306690738754696213e-16 2.9976021664879226591e-15 6.9944050551384862047e-15 -1.1102230246251565404e-16 -1.1102230246251565404e-16 -1.1102230246251565404e-16 7.771561172376095783e-16 -3.6637359812630165834e-15 6.9944050551384862047e-15 -1.4321877017664519371e-14 3.4416913763379852753e-15 7.771561172376095783e-16 2.1094237467877974268e-15 2.1094237467877974268e-15 6.1062266354383609723e-15 3.3306690738754696213e-16 8.7707618945387366693e-15 -1.1102230246251565404e-16 1.6653345369377348106e-15 -1.1102230246251565404e-16 -1.1102230246251565404e-16 7.771561172376095783e-16 -4.5519144009631418157e-15 7.771561172376095783e-16 -5.4400928206632670481e-15 -3.6637359812630165834e-15 1.0547118733938987134e-14 1.0547118733938987134e-14 -2.498001805406602216e-14 4.9626969200744497357e-14 -3.6637359812630165834e-15 -2.142730437526552123e-14 -7.2164496600635175128e-15 2.1205259770340489922e-14 -2.142730437526552123e-14 -2.142730437526552123e-14 7.0943251273547502933e-14 -5.6954441163270530524e-14 -2.8532731732866523089e-14
-5.5511151231257827021e-16 -1.1102230246251565404e-16 2.553512956637860043e-15 -1.1102230246251565404e-16 7.771561172376095783e-16 3.3306690738754696213e-16 3.8857805861880478915e-15 3.3306690738754696213e-16 1.6653345369377348106e-15 -6.3282712403633922804e-15 3.3306690738754696213e-16 -9.9920072216264088638e-16 1.6653345369377348106e-15 -1.8873791418627661187e-15 4.3298697960381105077e-15 -5.4400928206632670481e-15 1.6653345369377348106e-15 -1.1102230246251565404e-16 1.6653345369377348106e-15 7.771561172376095783e-16 5.6621374255882983562e-15 3.4416913763379852753e-15 2.1094237467877974268e-15 6.9944050551384862047e-15 2.1094237467877974268e-15 2.553512956637860043e-15 -8.9928064994637679774e-15 1.0547118733938987134e-14 4.3298697960381105077e-15 6.9944050551384862047e-15 3.4416913763379852753e-15 -1.2545520178264268907e-14 1.6653345369377348106e-15 5.21804821573823574e-15 5.21804821573823574e-15 -8.9928064994637679774e-15 1.9428902930940239457e-14 -5.4400928206632670481e-15 -2.7755575615628913511e-15
7.771561172376095783e-16 7.771561172376095783e-16 2.1094237467877974268e-15 -1.1102230246251565404e-16 9.9920072216264088638e-16 1.6653345369377348106e-15 -1.4432899320127035026e-15 -1.1102230246251565404e-16 4.3298697960381105077e-15 1.6653345369377348106e-15 1.2212453270876721945e-15 1.6653345369377348106e-15 4.3298697960381105077e-15 -9.9920072216264088638e-16 4.3298697960381105077e-15 -1.1102230246251565404e-16 7.771561172376095783e-16 4.3298697960381105077e-15 -3.6637359812630165834e-15 -9.9920072216264088638e-16 -1.1102230246251565404e-16 2.9976021664879226591e-15 5.21804821573823574e-15 2.1094237467877974268e-15 7.771561172376095783e-16 -1.1102230246251565404e-16 3.4416913763379852753e-15 1.2212453270876721945e-15 1.6653345369377348106e-15 -1.1102230246251565404e-16 2.4757973449140990851e-14 -3.6637359812630165834e-15 -1.1102230246251565404e-16 1.7652546091539988993e-14 1.4099832412739488063e-14 -1.7874590696465020301e-14 3.541611448554249364e-14 -3.5638159090467524948e-14 1.8540724511240114225e-14
1.2212453270876721945e-15 1.2212453270876721945e-15 7.771561172376095783e-16 5.5511151231257827021e-16 1.2212453270876721945e-15 1.2212453270876721945e-15 5.5511151231257827021e-16 1.6653345369377348106e-15 5.5511151231257827021e-16 3.3306690738754696213e-16 -3.3306690738754696213e-16 2.1094237467877974268e-15 1.2212453270876721945e-15 -1.1102230246251565404e-16 7.771561172376095783e-16 5.5511151231257827021e-16 -9.9920072216264088638e-16 3.8857805861880478915e-15 1.2212453270876721945e-15 7.882583474838611437e-15 -3.2196467714129539672e-15 3.3306690738754696213e-16 1.6653345369377348106e-15 7.771561172376095783e-16 1.6653345369377348106e-15 1.0547118733938987134e-14 -1.4432899320127035026e-15 3.4416913763379852753e-15 -3.6637359812630165834e-15 2.1094237467877974268e-15 1.6653345369377348106e-15 8.7707618945387366693e-15 -2.7755575615628913511e-15 -3.6637359812630165834e-15 -1.1102230246251565404e-16 5.21804821573823574e-15 -3.6637359812630165834e-15 6.9944050551384862047e-15 -9.7699626167013775557e-15
-5.5511151231257827021e-16 9.9920072216264088638e-16 1.4432899320127035026e-15 -1.1102230246251565404e-16 1.2212453270876721945e-15 7.771561172376095783e-16 -1.1102230246251565404e-16 7.771561172376095783e-16 7.771561172376095783e-16 7.771561172376095783e-16 7.771561172376095783e-16 -1.1102230246251565404e-16 2.553512956637860043e-15 5.5511151231257827021e-16 1.1102230246251565404e-15 9.9920072216264088638e-16 7.771561172376095783e-16 9.9920072216264088638e-16 -7.2164496600635175128e-15 3.4416913763379852753e-15 1.2212453270876721945e-15 -9.9920072216264088638e-16 1.6653345369377348106e-15 1.6653345369377348106e-15 -1.7874590696465020301e-14 2.1094237467877974268e-15 -1.1102230246251565404e-16 -3.6637359812630165834e-15 2.1094237467877974268e-15 2.1094237467877974268e-15 -1.8873791418627661187e-15 1.6653345369377348106e-15 2.1094237467877974268e-15 3.8857805861880478915e-15 -1.8873791418627661187e-15 3.4416913763379852753e-15 6.9944050551384862047e-15 5.21804821573823574e-15 -6.3282712403633922804e-15
7.771561172376095783e-16 9.9920072216264088638e-16 1.2212453270876721945e-15 5.5511151231257827021e-16 7.771561172376095783e-16 2.1094237467877974268e-15 1.3322676295501878485e-15 9.9920072216264088638e-16 9.9920072216264088638e-16 1.2212453270876721945e-15 5.5511151231257827021e-16 -9.9920072216264088638e-16 1.2212453270876721945e-15 1.4432899320127035026e-15 5.5511151231257827021e-16 7.771561172376095783e-16 1.1102230246251565404e-16 7.882583474838611437e-15 9.9920072216264088638e-16 3.3306690738754696213e-16 1.2212453270876721945e-15 5.5511151231257827021e-16 -3.3306690738754696213e-16 -1.1102230246251565404e-16 -1.1102230246251565404e-16 7.771561172376095783e-16 6.9944050551384862047e-15 -1.1102230246251565404e-16 -1.1102230246251565404e-16 6.9944050551384862047e-15 1.2212453270876721945e-15 7.771561172376095783e-16 -1.1102230246251565404e-16 3.4416913763379852753e-15 1.2212453270876721945e-15 1.1102230246251565404e-15 3.3306690738754696213e-16 1.3322676295501878485e-15 2.2204460492503130808e-16
5.5511151231257827021e-16 1.2212453270876721945e-15 1.2212453270876721945e-15 -5.5511151231257827021e-16 3.3306690738754696213e-16 1.2212453270876721945e-15 3.3306690738754696213e-16 1.2212453270876721945e-15 -1.1102230246251565404e-16 9.9920072216264088638e-16 1.6653345369377348106e-15 5.5511151231257827021e-16 1.6653345369377348106e-15 3.3306690738754696213e-16 1.6653345369377348106e-15 1.3322676295501878485e-15 1.6653345369377348106e-15 5.5511151231257827021e-16 7.771561172376095783e-16 -1.1102230246251565404e-16 5.5511151231257827021e-16 1.6653345369377348106e-15 1.4099832412739488063e-14 1.8873791418627661187e-15 3.3306690738754696213e-16 7.771561172376095783e-16 -1.1102230246251565404e-16 1.2212453270876721945e-15 -5.4400928206632670481e-15 2.9976021664879226591e-15 3.4416913763379852753e-15 -1.4432899320127035026e-15 -5.5511151231257827021e-16 9.9920072216264088638e-16 3.3306690738754696213e-16 1.2212453270876721945e-15 1.2212453270876721945e-15 9.9920072216264088638e-16 -6.2428395786184864846e-12
8.8817841970012523234e-16 3.3306690738754696213e-16 7.771561172376095783e-16 1.6653345369377348106e-15 -1.1102230246251565404e-16 3.3306690738754696213e-16 3.8857805861880478915e-15 1.6653345369377348106e-15 -1.8873791418627661187e-15 4.3298697960381105077e-15 8.8817841970012523234e-16 -3.3306690738754696213e-16 1.6653345369377348106e-15 2.553512956637860043e-15 1.2212453270876721945e-15 -9.9920072216264088638e-16 7.771561172376095783e-16 8.8817841970012523234e-16 1.2212453270876721945e-15 1.4432899320127035026e-15 7.771561172376095783e-16 -1.1102230246251565404e-16 5.5511151231257827021e-16 7.771561172376095783e-16 -1.1102230246251565404e-16 1.6653345369377348106e-15 -5.5511151231257827021e-16 3.4416913763379852753e-15 7.771561172376095783e-16 -1.1102230246251565404e-16 2.553512956637860043e-15 7.771561172376095783e-16 1.1102230246251565404e-15 1.4432899320127035026e-15 5.5511151231257827021e-16 7.771561172376095783e-16 -1.4432899320127035026e-15 2.553512956637860043e-15 4.600930747500342477e-12
-9999 -9999 -9999 7.771561172376095783e-16 1.2212453270876721945e-15 1.1102230246251565404e-15 7.771561172376095783e-16 -1.1102230246251565404e-16 1.6653345369377348106e-15 3.3306690738754696213e-16 1.2212453270876721945e-15 7.771561172376095783e-16 4.3298697960381105077e-15 -1.8873791418627661187e-15 -9.9920072216264088638e-16 5.21804821573823574e-15 -9.9920072216264088638e-16 6.9944050551384862047e-15 -1.8873791418627661187e-15 1.6653345369377348106e-15 -1.8873791418627661187e-15 7.771561172376095783e-16 6.6613381477509392425e-16 6.9944050551384862047e-15 -5.5511151231257827021e-16 9.9920072216264088638e-16 3.4416913763379852753e-15 -1.1102230246251565404e-16 -1.1102230246251565404e-16 5.5511151231257827021e-16 9.9920072216264088638e-16 1.4432899320127035026e-15 3.3306690738754696213e-16 5.5511151231257827021e-16 1.2212453270876721945e-15 3.3306690738754696213e-16 2.553512956637860043e-15 -1.1102230246251565404e-16 -5.3617665862759622541e-12
-9999 -9999 -9999 -9999 -9999 -9999 1.4432899320127035026e-15 7.771561172376095783e-16 -1.1102230246251565404e-16 2.1094237467877974268e-15 9.9920072216264088638e-16 1.2212453270876721945e-15 7.771561172376095783e-16 -1.1102230246251565404e-16 1.6653345369377348106e-15 -1.4432899320127035026e-15 6.1062266354383609723e-15 -1.1102230246251565404e-16 1.6653345369377348106e-15 -2.7755575615628913511e-15 3.4416913763379852753e-15 -1.1102230246251565404e-16 -1.8873791418627661187e-15 1.4432899320127035026e-15 9.9920072216264088638e-16 -3.6637359812630165834e-15 7.771561172376095783e-16 9.9920072216264088638e-16 -1.1102230246251565404e-16 1.1102230246251565404e-15 9.9920072216264088638e-16 5.5511151231257827021e-16 1.2212453270876721945e-15 7.771561172376095783e-16 1.6653345369377348106e-15 2.1094237467877974268e-15 7.771561172376095783e-16 -2.7755575615628913511e-15 -2.7149948955695890618e-12
-9999 -9999 -9999 -9999 -9999 -9999 -9999 -9999 -9999 -9999 -9999 -9999 7.771561172376095783e-16 7.771561172376095783e-16 5.5511151231257827021e-16 1.2212453270876721945e-15 1.2212453270876721945e-15 -5.5511151231257827021e-16 1.6653345369377348106e-15 -1.8873791418627661187e-15 3.4416913763379852753e-15 2.553512956637860043e-15 7.771561172376095783e-16 8.7707618945387366693e-15 -5.4400928206632670481e-15 9.9920072216264088638e-16 9.9920072216264088638e-16 6.6613381477509392425e-16 1.1102230246251565404e-15 1.2212453270876721945e-15 3.3306690738754696213e-16 3.3306690738754696213e-16 1.2212453270876721945e-15 -1.8873791418627661187e-15 3.3306690738754696213e-16 -1.1102230246251565404e-16 -1.1102230246251565404e-16 3.4416913763379852753e-15 1.1574630143229569512e-12
-9999 -9999 -9999 -9999 -9999 -9999 -9999 -9999 -9999 -9999 -9999 -9999 -9999 6.6613381477509392425e-16 1.1102230246251565404e-15 3.3306690738754696213e-16 5.5511151231257827021e-16 2.553512956637860043e-15 -1.8873791418627661187e-15 1.2212453270876721945e-15 2.553512956637860043e-15 -1.1102230246251565404e-16 1.6653345369377348106e-15 1.6653345369377348106e-15 -1.1102230246251565404e-16 -1.1102230246251565404e-16 5.21804821573823574e-15 1.6653345369377348106e-15 1.6653345369377348106e-15 2.553512956637860043e-15 -1.1102230246251565404e-16 3.4416913763379852753e-15 3.4416913763379852753e-15 -3.6637359812630165834e-15 1.6653345369377348106e-15 -7.2164496600635175128e-15 9.9920072216264088638e-16 1.2212453270876721945e-15 -6.3352101342672995088e-12
-9999 -9999 -9999 -9999 -9999 -9999 -9999 -9999 -9999 -9999 -9999 -9999 -9999 -9999 -9999 -9999 -9999 -9999 -9999 -9999 -9999 1.1102230246251565404e-15 1.3322676295501878485e-15 1.4432899320127035026e-15 1.2212453270876721945e-15 8.8817841970012523234e-16 7.771561172376095783e-16 5.5511151231257827021e-16 3.3306690738754696213e-16 7.771561172376095783e-16 1.6653345369377348106e-15 3.3306690738754696213e-16 7.771561172376095783e-16 -1.8873791418627661187e-15 -1.1102230246251565404e-16 5.21804821573823574e-15 6.9944050551384862047e-15 -1.8873791418627661187e-15 -2.2204460492503130808e-16
