tests/data/reference/gistest_nucice/full/control/massbalance.asc
ncols        123
nrows        77
xllcorner    -713746.799299980048
yllcorner    -1061022.369616159936
cellsize     10.000000000000
NODATA_value -9999
[rows 18 to 35 of 77, columns 40 to 79 of 123]
-5.7731597280508140102e-15 -4.4408920985006261617e-16 -8.8817841970012523234e-16 3.5527136788005009294e-15 -2.664535259100375697e-15 -4.4408920985006261617e-16 1.7763568394002504647e-15 6.2172489379008766264e-15 0 -6.6613381477509392425e-16 4.4408920985006261617e-16 1.3322676295501878485e-15 1.7763568394002504647e-15 2.664535259100375697e-15 1.3322676295501878485e-15 4.4408920985006261617e-16 -8.8817841970012523234e-16 -2.2204460492503130808e-16 2.2204460492503130808e-16 -6.6613381477509392425e-16 4.4408920985006261617e-16 4.4408920985006261617e-16 3.9968028886505635455e-15 -4.4408920985006261617e-16 1.3322676295501878485e-15 4.4408920985006261617e-16 0 4.4408920985006261617e-16 1.7763568394002504647e-15 1.7763568394002504647e-15 2.664535259100375697e-15 -1.3322676295501878485e-15 0 6.9940391256295697531e-09 8.8817841970012523234e-16 1.3322676295501878485e-15 -1.3322676295501878485e-15 0 -1.9984014443252817728e-15 -9999
3.5527136788005009294e-15 1.3322676295501878485e-15 3.5527136788005009294e-15 -3.1086244689504383132e-15 3.1086244689504383132e-15 8.8817841970012523234e-16 -3.5527136788005009294e-15 3.1086244689504383132e-15 4.4408920985006261617e-16 2.2204460492503130808e-16 2.2204460492503130808e-15 0 0 -1.7763568394002504647e-15 -2.664535259100375697e-15 -2.664535259100375697e-15 -1.3322676295501878485e-15 8.8817841970012523234e-16 8.8817841970012523234e-16 -4.4408920985006261617e-16 2.2204460492503130808e-15 4.4408920985006261617e-16 -1.3322676295501878485e-15 8.8817841970012523234e-16 -4.4408920985006261617e-16 -1.3322676295501878485e-15 8.8817841970012523234e-16 3.5527136788005009294e-15 8.8817841970012523234e-16 7.9936057773011270911e-15 -4.4408920985006261617e-16 -1.3322676295501878485e-15 -2.2204460492503130808e-16 -8.8817841970012523234e-16 2.5155248550845499267e-08 8.8817841970012523234e-16 8.8817841970012523234e-16 -8.8817841970012523234e-16 1.7763568394002504647e-15 -2.2204460492503130808e-16
3.1086244689504383132e-15 1.7763568394002504647e-15 -8.8817841970012523234e-16 3.9968028886505635455e-15 0 2.664535259100375697e-15 3.1086244689504383132e-15 8.8817841970012523234e-16 1.3322676295501878485e-15 -2.2204460492503130808e-16 -1.7763568394002504647e-15 0 0 8.8817841970012523234e-16 3.1086244689504383132e-15 6.2172489379008766264e-15 4.4408920985006261617e-15 2.664535259100375697e-15 8.8817841970012523234e-16 0 2.664535259100375697e-15 0 -1.7763568394002504647e-15 -8.8817841970012523234e-16 0 0 0 2.664535259100375697e-15 5.329070518200751394e-15 -8.8817841970012523234e-16 8.8817841970012523234e-16 3.5527136788005009294e-15 1.7763568394002504647e-15 2.2204460492503130808e-16 2.2204460492503130808e-16 6.3924332494025293272e-09 -1.7763568394002504647e-15 8.8817841970012523234e-16 -1.3322676295501878485e-15 8.8817841970012523234e-16
3.9968028886505635455e-15 8.8817841970012523234e-16 7.9936057773011270911e-15 0 -8.8817841970012523234e-16 2.664535259100375697e-15 -1.7763568394002504647e-15 8.8817841970012523234e-16 0 4.4408920985006261617e-16 -8.8817841970012523234e-16 4.4408920985006261617e-16 -2.664535259100375697e-15 -8.8817841970012523234e-16 3.5527136788005009294e-15 -3.9968028886505635455e-15 -4.4408920985006261617e-16 0 -1.7763568394002504647e-15 0 -1.3322676295501878485e-15 -2.664535259100375697e-15 -3.1086244689504383132e-15 -4.4408920985006261617e-16 -4.4408920985006261617e-16 4.4408920985006261617e-15 8.8817841970012523234e-16 2.664535259100375697e-15 3.5527136788005009294e-15 -8.8817841970012523234e-16 1.3322676295501878485e-15 -8.8817841970012523234e-16 8.8817841970012523234e-16 4.4408920985006261617e-16 8.8817841970012523234e-16 8.8817841970012523234e-16 -2.6014483012204436818e-08 1.0658141036401502788e-14 -1.7763568394002504647e-15 1.7763568394002504647e-15
-5.329070518200751394e-15 0 -8.8817841970012523234e-16 -8.8817841970012523234e-16 4.4408920985006261617e-16 8.8817841970012523234e-16 2.2204460492503130808e-15 1.7763568394002504647e-15 2.664535259100375697e-15 -3.1086244689504383132e-15 0 6.6613381477509392425e-16 0 3.5527136788005009294e-15 1.7763568394002504647e-15 5.329070518200751394e-15 4.4408920985006261617e-15 -8.8817841970012523234e-16 -2.664535259100375697e-15 2.2204460492503130808e-15 2.2204460492503130808e-15 1.7763568394002504647e-15 0 1.3322676295501878485e-15 3.5527136788005009294e-15 8.8817841970012523234e-16 4.4408920985006261617e-16 1.7763568394002504647e-15 -1.0658141036401502788e-14 7.1054273576010018587e-15 8.8817841970012523234e-16 3.5527136788005009294e-15 -4.4408920985006261617e-16 8.8817841970012523234e-16 4.4408920985006261617e-16 -2.664535259100375697e-15 -2.2204460492503130808e-16 1.3199382919992785901e-08 -3.5527136788005009294e-15 -2.664535259100375697e-15
5.329070518200751394e-15 -1.3322676295501878485e-15 8.8817841970012523234e-16 -3.9968028886505635455e-15 8.8817841970012523234e-16 -8.8817841970012523234e-16 6.2172489379008766264e-15 2.2204460492503130808e-15 2.2204460492503130808e-15 1.3322676295501878485e-15 8.8817841970012523234e-16 2.2204460492503130808e-16 0 -1.3322676295501878485e-15 8.8817841970012523234e-16 3.1086244689504383132e-15 -2.664535259100375697e-15 3.5527136788005009294e-15 0 8.8817841970012523234e-16 1.7763568394002504647e-15 0 4.4408920985006261617e-15 1.7763568394002504647e-15 -8.8817841970012523234e-16 -3.5527136788005009294e-15 8.8817841970012523234e-16 1.7763568394002504647e-15 3.5527136788005009294e-15 -8.8817841970012523234e-16 2.664535259100375697e-15 4.4408920985006261617e-16 -8.8817841970012523234e-16 -2.664535259100375697e-15 -2.2204460492503130808e-15 0 2.2204460492503130808e-16 -1.7763568394002504647e-15 2.9675284451968764188e-08 9.7699626167013775557e-15
1.7763568394002504647e-15 2.2204460492503130808e-15 1.7763568394002504647e-15 8.8817841970012523234e-15 4.8849813083506887779e-15 6.2172489379008766264e-15 -2.664535259100375697e-15 3.5527136788005009294e-15 -8.8817841970012523234e-16 8.8817841970012523234e-16 2.2204460492503130808e-16 -8.8817841970012523234e-16 8.8817841970012523234e-16 1.3322676295501878485e-15 3.5527136788005009294e-15 -2.2204460492503130808e-15 1.7763568394002504647e-15 -4.4408920985006261617e-15 8.8817841970012523234e-16 3.5527136788005009294e-15 4.4408920985006261617e-15 0 4.4408920985006261617e-16 2.664535259100375697e-15 -8.8817841970012523234e-16 2.664535259100375697e-15 6.2172489379008766264e-15 1.7763568394002504647e-15 8.8817841970012523234e-15 -2.664535259100375697e-15 2.664535259100375697e-15 1.3322676295501878485e-15 -4.4408920985006261617e-16 2.664535259100375697e-15 -4.4408920985006261617e-16 1.7763568394002504647e-15 -3.1086244689504383132e-15 1.3322676295501878485e-15 2.2204460492503130808e-16 -1.6109565237343304034e-08
0 2.664535259100375697e-15 4.4408920985006261617e-15 8.8817841970012523234e-16 -4.4408920985006261617e-15 -8.8817841970012523234e-16 1.7763568394002504647e-15 -2.664535259100375697e-15 8.8817841970012523234e-16 8.8817841970012523234e-16 -4.4408920985006261617e-16 -2.2204460492503130808e-16 -1.3322676295501878485e-15 0 -3.9968028886505635455e-15 1.3322676295501878485e-15 3.9968028886505635455e-15 2.664535259100375697e-15 8.8817841970012523234e-15 2.664535259100375697e-15 1.7763568394002504647e-15 0 3.5527136788005009294e-15 4.4408920985006261617e-15 0 0 2.664535259100375697e-15 1.7763568394002504647e-15 1.7763568394002504647e-15 4.4408920985006261617e-15 0 3.1086244689504383132e-15 4.4408920985006261617e-16 4.4408920985006261617e-16 4.4408920985006261617e-15 1.7763568394002504647e-15 3.1086244689504383132e-15 -4.4408920985006261617e-16 -8.8817841970012523234e-16 -4.9486192921222027508e-09
-1.0658141036401502788e-14 4.4408920985006261617e-15 -8.8817841970012523234e-16 7.1054273576010018587e-15 7.1054273576010018587e-15 -8.8817841970012523234e-16 5.329070518200751394e-15 8.8817841970012523234e-16 -8.8817841970012523234e-16 1.7763568394002504647e-15 0 -4.4408920985006261617e-16 4.4408920985006261617e-16 3.5527136788005009294e-15 4.4408920985006261617e-16 4.4408920985006261617e-15 -8.8817841970012523234e-16 -8.8817841970012523234e-16 -1.7763568394002504647e-15 -1.7763568394002504647e-15 0 8.8817841970012523234e-16 0 5.329070518200751394e-15 -2.664535259100375697e-15 1.7763568394002504647e-15 6.6613381477509392425e-15 2.2204460492503130808e-15 3.5527136788005009294e-15 5.329070518200751394e-15 1.7763568394002504647e-15 1.7763568394002504647e-15 8.8817841970012523234e-16 0 -8.8817841970012523234e-16 -8.8817841970012523234e-16 8.8817841970012523234e-16 8.8817841970012523234e-16 -1.3322676295501878485e-15 1.9873663603675595368e-08
1.4210854715202003717e-14 0 1.7763568394002504647e-15 -3.5527136788005009294e-15 0 8.8817841970012523234e-16 -2.664535259100375697e-15 8.8817841970012523234e-16 7.1054273576010018587e-15 2.2204460492503130808e-15 0 -1.7763568394002504647e-15 8.8817841970012523234e-16 2.2204460492503130808e-16 -3.5527136788005009294e-15 1.7763568394002504647e-15 -1.7763568394002504647e-15 3.5527136788005009294e-15 8.8817841970012523234e-16 8.8817841970012523234e-16 8.8817841970012523234e-16 5.329070518200751394e-15 7.9936057773011270911e-15 8.8817841970012523234e-16 -6.2172489379008766264e-15 6.2172489379008766264e-15 -4.4408920985006261617e-15 3.5527136788005009294e-15 2.8421709430404007435e-14 -8.8817841970012523234e-16 0 -2.664535259100375697e-15 4.4408920985006261617e-15 8.8817841970012523234e-16 3.5527136788005009294e-15 0 -8.8817841970012523234e-16 0 -4.4408920985006261617e-16 -8.3343145718117739307e-09
-8.8817841970012523234e-15 -2.664535259100375697e-15 3.5527136788005009294e-15 2.664535259100375697e-15 -1.7763568394002504647e-15 2.664535259100375697e-15 0 5.329070518200751394e-15 -5.329070518200751394e-15 -8.8817841970012523234e-16 3.5527136788005009294e-15 4.4408920985006261617e-16 2.2204460492503130808e-15 -8.8817841970012523234e-16 3.5527136788005009294e-15 -8.8817841970012523234e-16 -2.2204460492503130808e-16 4.4408920985006261617e-16 1.7763568394002504647e-15 8.8817841970012523234e-16 -4.4408920985006261617e-15 6.2172489379008766264e-15 5.329070518200751394e-15 -1.7763568394002504647e-15 5.329070518200751394e-15 5.329070518200751394e-15 -2.664535259100375697e-15 2.664535259100375697e-15 3.5527136788005009294e-14 5.329070518200751394e-15 5.7731597280508140102e-15 7.1054273576010018587e-15 -8.8817841970012523234e-16 3.5527136788005009294e-15 -3.5527136788005009294e-15 1.7763568394002504647e-15 1.3322676295501878485e-15 -8.8817841970012523234e-16 1.3322676295501878485e-15 -1.3756954686527933518e-08
8.8817841970012523234e-16 2.4868995751603506505e-14 1.7763568394002504647e-15 -8.8817841970012523234e-16 -8.8817841970012523234e-16 2.664535259100375697e-15 -8.8817841970012523234e-16 -2.664535259100375697e-15 4.4408920985006261617e-15 1.7763568394002504647e-15 -1.7763568394002504647e-15 2.2204460492503130808e-15 -8.8817841970012523234e-16 1.3322676295501878485e-15 3.5527136788005009294e-15 -8.8817841970012523234e-16 -6.6613381477509392425e-16 4.4408920985006261617e-16 -1.7763568394002504647e-15 0 3.5527136788005009294e-15 7.9936057773011270911e-15 1.7763568394002504647e-15 -3.5527136788005009294e-15 1.7763568394002504647e-15 -8.8817841970012523234e-16 1.7763568394002504647e-15 3.5527136788005009294e-15 5.329070518200751394e-15 -3.1974423109204508364e-14 2.2204460492503130808e-15 -2.664535259100375697e-15 8.8817841970012523234e-16 -8.8817841970012523234e-16 5.329070518200751394e-15 2.664535259100375697e-15 -2.664535259100375697e-15 4.4408920985006261617e-15 3.1086244689504383132e-15 -6.3854379561689711409e-09
-3.5361289008051244309e-08 -1.8699857662340946263e-08 3.9079850466805510223e-14 2.664535259100375697e-15 5.329070518200751394e-15 1.7763568394002504647e-15 3.5527136788005009294e-15 8.8817841970012523234e-16 3.5527136788005009294e-15 1.7763568394002504647e-15 8.8817841970012523234e-16 1.7763568394002504647e-15 8.8817841970012523234e-16 1.3322676295501878485e-15 -4.4408920985006261617e-15 4.4408920985006261617e-15 8.8817841970012523234e-16 0 4.4408920985006261617e-16 7.9936057773011270911e-15 5.329070518200751394e-15 -8.8817841970012523234e-16 8.8817841970012523234e-16 -4.4408920985006261617e-15 0 -8.8817841970012523234e-16 6.2172489379008766264e-15 2.664535259100375697e-15 4.4408920985006261617e-15 0 3.5527136788005009294e-15 1.7763568394002504647e-15 -1.3322676295501878485e-15 2.2204460492503130808e-15 8.8817841970012523234e-16 0 3.1086244689504383132e-15 1.3322676295501878485e-15 -8.8817841970012523234e-16 -2.3862842368771453039e-08
5.4651181358167377766e-09 1.2772698454455166939e-08 -6.2116924937072326429e-09 3.6695155358756892383e-08 -4.3296083163113507908e-08 -5.329070518200751394e-15 1.0658141036401502788e-14 6.2172489379008766264e-15 4.4408920985006261617e-15 4.4408920985006261617e-15 2.664535259100375697e-15 -4.8849813083506887779e-15 1.3322676295501878485e-15 8.8817841970012523234e-16 1.0658141036401502788e-14 -8.8817841970012523234e-16 -4.4408920985006261617e-16 2.664535259100375697e-15 -6.6613381477509392425e-16 0 8.8817841970012523234e-16 3.5527136788005009294e-15 0 3.5527136788005009294e-15 4.4408920985006261617e-15 2.664535259100375697e-15 2.664535259100375697e-15 8.8817841970012523234e-16 5.329070518200751394e-15 -1.7763568394002504647e-15 -1.0658141036401502788e-14 3.5527136788005009294e-15 4.4408920985006261617e-15 3.9968028886505635455e-15 -1.3322676295501878485e-15 5.329070518200751394e-15 -8.8817841970012523234e-16 -8.8817841970012523234e-16 1.7763568394002504647e-15 2.5881686127604552894e-08
-2.2204460492503130808e-15 0 1.7763568394002504647e-15 8.8817841970012523234e-15 3.5527136788005009294e-15 -2.4646396923344582319e-08 -4.7154642857094586361e-08 3.1718556670057296287e-08 -8.8817841970012523234e-16 -1.154631945610162802e-14 2.664535259100375697e-15 2.664535259100375697e-15 1.7763568394002504647e-15 0 -4.4408920985006261617e-15 2.664535259100375697e-15 -6.6613381477509392425e-16 8.8817841970012523234e-16 -1.3322676295501878485e-15 -4.4408920985006261617e-16 -4.4408920985006261617e-16 8.8817841970012523234e-16 -3.5527136788005009294e-15 -8.8817841970012523234e-16 1.7763568394002504647e-15 1.7763568394002504647e-15 3.5527136788005009294e-15 1.7763568394002504647e-15 3.5527136788005009294e-15 -5.329070518200751394e-15 -7.1054273576010018587e-15 8.8817841970012523234e-16 1.3322676295501878485e-15 8.8817841970012523234e-16 3.1086244689504383132e-15 -3.5527136788005009294e-15 4.4408920985006261617e-15 6.6613381477509392425e-15 2.2204460492503130808e-15 -1.0854677157112746499e-09
2.2204460492503130808e-15 3.5527136788005009294e-15 2.664535259100375697e-15 5.7731597280508140102e-15 5.7731597280508140102e-15 0 -5.329070518200751394e-15 0 6.0506835097839939408e-09 1.1198224569852754939e-08 -9.0837204425042727962e-09 -8.8817841970012523234e-16 6.2172489379008766264e-15 -1.7763568394002504647e-15 8.8817841970012523234e-16 4.4408920985006261617e-15 8.8817841970012523234e-16 1.3322676295501878485e-15 3.1086244689504383132e-15 1.7763568394002504647e-15 4.4408920985006261617e-16 -1.7763568394002504647e-15 8.8817841970012523234e-16 3.5527136788005009294e-15 1.2434497875801753253e-14 -2.664535259100375697e-15 0 0 1.7763568394002504647e-15 2.664535259100375697e-15 3.5527136788005009294e-15 3.5527136788005009294e-15 0 -8.8817841970012523234e-16 1.7763568394002504647e-15 1.7763568394002504647e-15 -1.7763568394002504647e-15 -4.4408920985006261617e-15 8.8817841970012523234e-16 2.664535259100375697e-15
-1.3322676295501878485e-15 -8.8817841970012523234e-16 -8.8817841970012523234e-16 -8.8817841970012523234e-16 2.664535259100375697e-15 3.1086244689504383132e-15 -4.4408920985006261617e-16 -2.664535259100375697e-15 -1.7763568394002504647e-15 -6.2172489379008766264e-15 1.7763568394002504647e-15 -2.9653918431904457975e-08 1.5173796441558806691e-08 2.993232328662998043e-10 -2.664535259100375697e-15 0 -8.8817841970012523234e-16 4.4408920985006261617e-15 -4.4408920985006261617e-16 -8.8817841970012523234e-16 0 0 4.8849813083506887779e-15 -1.7763568394002504647e-15 1.7763568394002504647e-15 8.8817841970012523234e-16 2.664535259100375697e-15 8.8817841970012523234e-16 8.8817841970012523234e-16 1.7763568394002504647e-15 -4.4408920985006261617e-15 3.5527136788005009294e-14 7.9936057773011270911e-15 7.1054273576010018587e-15 -1.7763568394002504647e-15 0 -8.8817841970012523234e-16 1.7763568394002504647e-15 -8.8817841970012523234e-16 8.8817841970012523234e-16
2.2204460492503130808e-15 8.8817841970012523234e-16 -8.8817841970012523234e-16 4.4408920985006261617e-16 -2.2204460492503130808e-15 3.5527136788005009294e-15 1.7763568394002504647e-15 3.1086244689504383132e-15 -8.8817841970012523234e-16 -3.5527136788005009294e-15 -6.2172489379008766264e-15 -8.8817841970012523234e-16 7.1054273576010018587e-15 2.664535259100375697e-15 -4.2845329062402015552e-08 5.329070518200751394e-15 -3.5527136788005009294e-15 7.1054273576010018587e-15 4.4408920985006261617e-15 3.5527136788005009294e-15 2.2204460492503130808e-15 3.5527136788005009294e-15 8.8817841970012523234e-16 -1.3322676295501878485e-15 6.2172489379008766264e-15 -8.8817841970012523234e-16 -4.4408920985006261617e-15 -2.664535259100375697e-15 1.7763568394002504647e-15 3.5527136788005009294e-15 3.5527136788005009294e-15 4.4408920985006261617e-15 4.9737991503207013011e-14 -2.664535259100375697e-15 2.664535259100375697e-15 2.664535259100375697e-15 7.1054273576010018587e-15 2.664535259100375697e-15 2.664535259100375697e-15 0
