tests/data/reference/gistest_nucice/full/control/massbalance.asc
ncols        123
nrows        77
xllcorner    -713746.799299980048
yllcorner    -1061022.369616159936
cellsize     10.000000000000
NODATA_value  -9999
[rows 18 to 35 of 77, columns 0 to 39 of 123]
-9999 -9999 -9999 -9999 -9999 -9999 -9999 -9999 -9999 -9999 -9999 -9999 -9999 -9999 -9999 -9999 -9999 6.6613381477509392425e-16 0 -4.4408920985006261617e-16 -8.8817841970012523234e-16 -7.1054273576010018587e-15 4.4408920985006261617e-16 5.5511151231257827021e-16 8.8817841970012523234e-16 -2.7025603976937873085e-12 8.8817841970012523234e-15 1.7652546091539988993e-14 3.3306690738754696213e-16 -8.8817841970012523234e-15 -4.4408920985006261617e-16 1.3322676295501878485e-15 4.4408920985006261617e-16 -1.2434497875801753253e-14 0 -3.5527136788005009294e-15 -5.329070518200751394e-15 8.8817841970012523234e-16 0 1.7763568394002504647e-15
-9999 -9999 -9999 -9999 -9999 -9999 -9999 -9999 -9999 -9999 -9999 -9999 -9999 -9999 -9999 -9999 4.4408920985006261617e-16 4.4408920985006261617e-16 -8.8817841970012523234e-16 4.4408920985006261617e-16 -1.0658141036401502788e-14 -2.2204460492503130808e-16 2.2204460492503130808e-16 8.8817841970012523234e-16 -4.093891892154033485e-12 1.4988010832439613296e-14 1.4210854715202003717e-14 -1.0769163338864018442e-14 6.6613381477509392425e-16 1.4210854715202003717e-14 0 4.4408920985006261617e-16 3.5527136788005009294e-15 8.8817841970012523234e-15 1.1102230246251565404e-15 7.1054273576010018587e-15 -7.1054273576010018587e-15 2.664535259100375697e-15 3.5527136788005009294e-15 0
-9999 -9999 -9999 -9999 -9999 -9999 -9999 -9999 -9999 -9999 -9999 -9999 -9999 -9999 -9999 4.9960036108132044319e-16 1.3877787807814456755e-15 2.7755575615628913511e-16 1.8318679906315082917e-15 1.0658141036401502788e-14 4.4408920985006261617e-16 4.4408920985006261617e-16 6.6613381477509392425e-16 -5.2247650650372179371e-12 4.3393622028986555961e-12 -7.1054273576010018587e-15 -1.6098233857064769836e-14 7.1054273576010018587e-15 2.2204460492503130808e-16 -8.8817841970012523234e-15 2.664535259100375697e-15 3.3306690738754696213e-16 -8.8817841970012523234e-16 -3.5527136788005009294e-15 4.4408920985006261617e-16 -1.2434497875801753253e-14 7.1054273576010018587e-15 -4.4408920985006261617e-15 0 5.329070518200751394e-15
-9999 -9999 -9999 -9999 -9999 -9999 -9999 -9999 -9999 -9999 -9999 -9999 -9999 -9999 -9999 9.4368957093138305936e-16 9.4368957093138305936e-16 2.2759572004815709079e-15 -2.4813484600372248678e-14 9.4368957093138305936e-16 3.8857805861880478915e-16 8.3266726846886740532e-16 5.5511151231257827021e-16 -6.2672644851602399285e-12 -8.3266726846886740532e-16 -3.5527136788005009294e-15 1.0658141036401502788e-14 -3.5527136788005009294e-15 2.2204460492503130808e-16 2.1316282072803005576e-14 2.2204460492503130808e-16 -2.2204460492503130808e-15 7.1054273576010018587e-15 1.7763568394002504647e-15 4.4408920985006261617e-16 3.5527136788005009294e-15 7.1054273576010018587e-15 6.2172489379008766264e-15 -1.7763568394002504647e-15 -1.7763568394002504647e-15
-9999 -9999 -9999 -9999 -9999 -9999 -9999 -9999 -9999 -9999 -9999 -9999 -9999 -9999 -9999 -3.8857805861880478915e-16 -1.2767564783189300215e-15 9.4368957093138305936e-16 -2.4813484600372248678e-14 4.9960036108132044319e-16 4.9960036108132044319e-16 5.5511151231257827021e-16 4.9550918923557674134e-12 -2.2204460492503130808e-16 -8.3266726846886740532e-16 -1.0658141036401502788e-14 -1.0658141036401502788e-14 0 1.3322676295501878485e-15 -1.7763568394002504647e-14 3.3306690738754696213e-16 6.6613381477509392425e-16 2.2204460492503130808e-15 7.1054273576010018587e-15 -8.8817841970012523234e-16 7.1054273576010018587e-15 3.5527136788005009294e-15 4.4408920985006261617e-16 -1.0658141036401502788e-14 -8.8817841970012523234e-15
-9999 -9999 -9999 -9999 -9999 -9999 -9999 -9999 -9999 -9999 -9999 -9999 -9999 -9999 1.6653345369377348106e-16 2.2759572004815709079e-15 -8.3266726846886740532e-16 -3.4972025275692431023e-15 4.9960036108132044319e-16 9.4368957093138305936e-16 5.5511151231257827021e-16 -6.5064620358157299052e-13 6.6613381477509392425e-16 -8.3266726846886740532e-16 9.4368957093138305936e-16 -3.4972025275692431023e-15 3.6082248300317587564e-15 1.0713652187632760615e-14 2.664535259100375697e-15 1.7763568394002504647e-14 6.6613381477509392425e-16 1.1102230246251565404e-15 0 1.7763568394002504647e-15 7.1054273576010018587e-15 1.4210854715202003717e-14 -7.1054273576010018587e-15 3.3306690738754696213e-16 0 1.5987211554602254182e-14
-9999 -9999 -9999 -9999 -9999 -9999 -9999 -9999 -9999 -9999 -9999 -9999 -9999 -9999 -3.8857805861880478915e-16 7.1609385088322596857e-15 4.2688075296837268979e-14 9.4368957093138305936e-16 2.7755575615628913511e-16 2.7755575615628913511e-16 -9.4729779576141481812e-13 1.2092715717670898812e-11 6.1062266354383609723e-16 4.9960036108132044319e-16 -4.4408920985006261617e-15 7.1609385088322596857e-15 7.1609385088322596857e-15 5.5511151231257827021e-17 -1.7208456881689926377e-15 4.9960036108132044319e-16 -1.5987211554602254182e-14 2.2204460492503130808e-16 6.6613381477509392425e-16 -1.3322676295501878485e-15 7.1054273576010018587e-15 -1.9539925233402755111e-14 7.1054273576010018587e-15 7.771561172376095783e-16 -1.4210854715202003717e-14 0
-9999 -9999 -9999 -9999 -9999 -9999 -9999 -9999 -9999 -9999 -9999 -9999 -9999 -9999 5.5511151231257827021e-17 4.9960036108132044319e-16 4.9960036108132044319e-16 8.3266726846886740532e-16 3.8857805861880478915e-16 5.5511151231257827021e-16 5.6087912092550595844e-12 3.1641356201816961402e-15 -1.3322676295501878485e-15 1.1657341758564143674e-15 4.9960036108132044319e-16 6.2727600891321344534e-15 -3.5471625636773751467e-14 -2.1260770921571747749e-14 -3.8857805861880478915e-16 4.9960036108132044319e-16 9.4368957093138305936e-16 1.8318679906315082917e-15 1.3877787807814456755e-15 -8.8817841970012523234e-16 3.1086244689504383132e-15 3.5527136788005009294e-14 4.4408920985006261617e-16 -1.7763568394002504647e-14 4.4408920985006261617e-16 1.0658141036401502788e-14
-9999 -9999 -9999 -9999 -9999 -9999 -9999 -9999 -9999 -9999 -9999 -9999 7.2164496600635175128e-16 7.2164496600635175128e-16 5.5511151231257827021e-17 -1.6653345369377348106e-16 7.2164496600635175128e-16 8.3266726846886740532e-16 5.5511151231257827021e-16 -4.8259729545918617077e-12 -1.1102230246251565404e-15 1.7763568394002504647e-15 -1.7763568394002504647e-15 1.7763568394002504647e-15 -1.6653345369377348106e-16 4.9960036108132044319e-16 -7.0499162063697440317e-15 2.8477220581635265262e-14 9.4368957093138305936e-16 7.2164496600635175128e-16 3.8857805861880478915e-16 5.5511151231257827021e-17 5.5511151231257827021e-17 5.5511151231257827021e-17 9.4368957093138305936e-16 8.8817841970012523234e-16 7.1054273576010018587e-15 1.3322676295501878485e-15 2.8421709430404007435e-14 -6.6613381477509392425e-16
-9999 -9999 -9999 -9999 -9999 -9999 -9999 -9999 -9999 -9999 -9999 -9999 -9999 3.8857805861880478915e-16 1.3877787807814456755e-15 4.9960036108132044319e-16 4.9960036108132044319e-16 5.5511151231257827021e-16 -3.4495184486615926289e-12 2.553512956637860043e-15 5.5511151231257827021e-17 4.9960036108132044319e-16 2.664535259100375697e-15 1.0713652187632760615e-14 1.7763568394002504647e-14 -1.0602629885170244961e-14 -3.4972025275692431023e-15 -7.0499162063697440317e-15 -1.0602629885170244961e-14 9.4368957093138305936e-16 -1.6653345369377348106e-16 1.6098233857064769836e-15 1.3877787807814456755e-15 1.4266365866433261544e-14 5.5511151231257827021e-17 5.5511151231257827021e-17 -1.2767564783189300215e-15 -7.0499162063697440317e-15 2.2204460492503130808e-16 -1.7763568394002504647e-14
-9999 -9999 -9999 -9999 -9999 -9999 -9999 -9999 -9999 -9999 -9999 -9999 -9999 -9999 -9999 1.6653345369377348106e-16 3.3306690738754696213e-16 7.1961880898641084059e-12 1.1009582134846596091e-11 -4.4408920985006261617e-16 2.720046410331633524e-15 4.9960036108132044319e-16 -8.3266726846886740532e-16 2.720046410331633524e-15 9.4368957093138305936e-16 -7.938094626069869264e-15 1.8318679906315082917e-15 -1.0602629885170244961e-14 2.8477220581635265262e-14 -1.415534356397074589e-14 5.5511151231257827021e-17 1.3877787807814456755e-15 5.5511151231257827021e-17 9.4368957093138305936e-16 -7.0499162063697440317e-15 -1.2767564783189300215e-15 1.3877787807814456755e-15 5.5511151231257827021e-17 -2.8366198279172749608e-14 5.5511151231257827021e-17
-9999 -9999 -9999 -9999 -9999 -9999 -9999 -9999 -9999 -9999 -9999 -9999 -9999 -9999 -9999 -9999 5.5511151231257827021e-16 2.0496382369117327471e-12 0 1.8318679906315082917e-15 4.9960036108132044319e-16 -8.3266726846886740532e-16 1.8318679906315082917e-15 3.6082248300317587564e-15 -2.60902410786911787e-15 -1.7208456881689926377e-15 1.8318679906315082917e-15 4.4964032497318839887e-15 -7.0499162063697440317e-15 -5.6787907709576757043e-14 2.8477220581635265262e-14 5.6898930012039272697e-14 3.1641356201816961402e-15 9.4368957093138305936e-16 -1.7208456881689926377e-15 5.5511151231257827021e-17 1.7819079545233762474e-14 -2.1260770921571747749e-14 9.4368957093138305936e-16 2.8477220581635265262e-14
-9999 -9999 -9999 -9999 -9999 -9999 -9999 -9999 -9999 -9999 -9999 -9999 -9999 -9999 -9999 -9999 1.364058865860329206e-11 -5.5511151231257827021e-16 9.4368957093138305936e-16 -1.2767564783189300215e-15 4.9960036108132044319e-16 -7.0499162063697440317e-15 -1.415534356397074589e-14 5.5511151231257827021e-17 2.1371793224034263403e-14 2.1371793224034263403e-14 7.1609385088322596857e-15 -3.5471625636773751467e-14 5.5511151231257827021e-17 2.8477220581635265262e-14 -2.8366198279172749608e-14 -4.2577052994374753325e-14 -2.8366198279172749608e-14 -2.8366198279172749608e-14 5.6898930012039272697e-14 1.42164058303251295e-13 -1.4205303600078877935e-13 -2.2731816429200080165e-13 -2.2731816429200080165e-13 5.6898930012039272697e-14
-9999 -9999 -9999 -9999 -9999 -9999 -9999 -9999 -9999 -9999 -9999 -9999 -9999 -9999 -9999 -1.4080347998657316566e-11 1.2212453270876721945e-15 -2.2204460492503130808e-16 -1.7763568394002504647e-15 -3.4972025275692431023e-15 4.9793502654438270838e-14 -8.3266726846886740532e-16 8.9372953482325101504e-15 1.249000902703301108e-14 -1.0602629885170244961e-14 5.5511151231257827021e-17 5.5511151231257827021e-17 9.242606680004428199e-14 -6.3893335067177758901e-14 3.5582647939236267121e-14 -2.1260770921571747749e-14 1.4266365866433261544e-14 -2.8366198279172749608e-14 6.4004357369640274555e-14 -2.1260770921571747749e-14 -3.5471625636773751467e-14 1.4266365866433261544e-14 2.7006175074006932846e-13 -1.5626389071599078306e-13 -9.9420471855182768195e-14
-9999 -9999 -9999 -9999 -9999 -9999 -9999 -9999 -9999 -9999 -9999 -9999 -9999 -9999 8.1485374003875676863e-12 -2.586492131584350318e-11 1.7763568394002504647e-14 -3.5527136788005009294e-15 8.8817841970012523234e-16 -4.9737991503207013011e-14 4.9960036108132044319e-16 9.4368957093138305936e-16 -4.3853809472693683347e-15 9.4368957093138305936e-16 -1.7208456881689926377e-15 3.6082248300317587564e-15 7.1609385088322596857e-15 0 5.329070518200751394e-15 5.5511151231257827021e-17 3.6082248300317587564e-15 -1.415534356397074589e-14 -2.1260770921571747749e-14 -9.2315044497581766336e-14 -2.8366198279172749608e-14 -1.415534356397074589e-14 4.9960036108132044319e-16 5.5511151231257827021e-17 -8.3266726846886740532e-16 -1.7208456881689926377e-15
-9999 -9999 -9999 -9999 -9999 -9999 -9999 -9999 -9999 -9999 -9999 -9999 -9999 -9999 -7.5551231937254215154e-12 -3.3306690738754696213e-16 -3.5527136788005009294e-15 -7.9936057773011270911e-15 2.8421709430404007435e-14 4.4408920985006261617e-16 1.7763568394002504647e-15 5.329070518200751394e-15 -6.1617377866696187994e-15 -2.664535259100375697e-15 -8.8817841970012523234e-16 1.7763568394002504647e-15 -8.8817841970012523234e-16 -8.8817841970012523234e-15 -7.1054273576010018587e-15 1.7763568394002504647e-14 -3.5527136788005009294e-15 -8.8817841970012523234e-16 -8.8817841970012523234e-16 5.329070518200751394e-15 1.0658141036401502788e-14 4.4408920985006261617e-16 0 0 2.664535259100375697e-15 0
-9999 -9999 -9999 -9999 -9999 -9999 -9999 -9999 -9999 -9999 -9999 -9999 -9999 -3.9513392557921633852e-12 2.4424906541753443889e-15 4.8849813083506887779e-15 4.4408920985006261617e-15 3.1974423109204508364e-14 1.3322676295501878485e-15 0 -1.7763568394002504647e-15 9.7699626167013775557e-15 4.4408920985006261617e-15 1.7763568394002504647e-15 -7.1054273576010018587e-15 -1.7763568394002504647e-15 1.0658141036401502788e-14 5.329070518200751394e-15 2.664535259100375697e-15 5.329070518200751394e-15 -8.8817841970012523234e-16 3.5527136788005009294e-15 -8.8817841970012523234e-16 3.5527136788005009294e-15 5.5511151231257827021e-16 -2.2204460492503130808e-16 8.8817841970012523234e-16 1.7763568394002504647e-15 -8.8817841970012523234e-16 0
-9999 -9999 -9999 -9999 -9999 -9999 -9999 -9999 -9999 -9999 -9999 -9999 -3.6993186292022528505e-12 1.6028678384572003779e-11 -2.664535259100375697e-15 0 -1.4210854715202003717e-14 1.3322676295501878485e-15 1.7763568394002504647e-15 3.5527136788005009294e-15 -1.7763568394002504647e-15 0 -8.8817841970012523234e-16 8.8817841970012523234e-15 3.5527136788005009294e-15 -3.5527136788005009294e-15 7.1054273576010018587e-15 -1.7763568394002504647e-15 -1.7763568394002504647e-15 4.4408920985006261617e-15 4.4408920985006261617e-16 3.5527136788005009294e-15 -8.8817841970012523234e-15 -2.2204460492503130808e-16 7.771561172376095783e-16 0 2.2204460492503130808e-15 1.3322676295501878485e-15 0 1.3322676295501878485e-15
