tests/data/reference/gistest_nucice/full/control/massbalance.asc
ncols        123
nrows        77
xllcorner    -713746.799299980048
yllcorner    -1061022.369616159936
cellsize     10.000000000000
NODATA_value -9999
[rows 18 to 35 of 77, columns 0 to 40 of 123]
-9999 -9999 -9999 -9999 -9999 -9999 -9999 -9999 -9999 -9999 -9999 -9999 -9999 -9999 -9999 -9999 -9999 2.2204460492503130808e-16 8.8817841970012523234e-16 1.7763568394002504647e-15 2.664535259100375697e-15 -2.664535259100375697e-15 -1.1102230246251565404e-15 6.6613381477509392425e-16 1.1324274851176596712e-14 -1.1944889521942059218e-11 5.329070518200751394e-15 -1.7763568394002504647e-15 0 1.7763568394002504647e-14 2.664535259100375697e-15 -8.8817841970012523234e-16 -4.4408920985006261617e-16 -4.4408920985006261617e-16 -1.7763568394002504647e-15 0 1.7763568394002504647e-15 1.7763568394002504647e-15 8.8817841970012523234e-16 -1.3322676295501878485e-15 -3.9968028886505635455e-15
-9999 -9999 -9999 -9999 -9999 -9999 -9999 -9999 -9999 -9999 -9999 -9999 -9999 -9999 -9999 -9999 0 0 2.2204460492503130808e-15 3.9968028886505635455e-15 -1.7763568394002504647e-15 8.8817841970012523234e-16 -2.2204460492503130808e-16 -2.2204460492503130808e-16 -9.3419050273269022e-11 1.4876988529977097642e-14 1.7763568394002504647e-15 1.7763568394002504647e-14 -4.4408920985006261617e-16 -1.7763568394002504647e-14 -2.2204460492503130808e-15 0 3.5527136788005009294e-15 2.664535259100375697e-15 3.5527136788005009294e-15 4.4408920985006261617e-15 8.8817841970012523234e-15 4.4408920985006261617e-15 4.4408920985006261617e-15 3.5527136788005009294e-15 1.7763568394002504647e-15
-9999 -9999 -9999 -9999 -9999 -9999 -9999 -9999 -9999 -9999 -9999 -9999 -9999 -9999 -9999 2.2204460492503130808e-16 8.8817841970012523234e-16 -1.3322676295501878485e-15 -1.3322676295501878485e-15 1.7763568394002504647e-15 -1.7763568394002504647e-15 0 0 6.0129679013698478229e-12 -2.1880097733628645074e-10 -1.0658141036401502788e-14 0 -3.5527136788005009294e-15 -4.4408920985006261617e-16 7.1054273576010018587e-15 4.4408920985006261617e-16 -1.1102230246251565404e-15 3.5527136788005009294e-15 0 -1.7763568394002504647e-15 2.664535259100375697e-15 -7.1054273576010018587e-15 -8.8817841970012523234e-16 0 0 4.4408920985006261617e-15
-9999 -9999 -9999 -9999 -9999 -9999 -9999 -9999 -9999 -9999 -9999 -9999 -9999 -9999 -9999 -4.4408920985006261617e-16 0 8.8817841970012523234e-16 -1.5987211554602254182e-14 3.5527136788005009294e-15 0 0 0 3.1206148776163900038e-11 -5.329070518200751394e-15 2.664535259100375697e-15 1.7763568394002504647e-15 0 2.664535259100375697e-15 0 2.2204460492503130808e-16 0 -3.5527136788005009294e-15 0 1.3322676295501878485e-15 -1.3322676295501878485e-15 -3.5527136788005009294e-15 3.5527136788005009294e-15 -3.5527136788005009294e-15 3.5527136788005009294e-15 3.1086244689504383132e-15
-9999 -9999 -9999 -9999 -9999 -9999 -9999 -9999 -9999 -9999 -9999 -9999 -9999 -9999 -9999 2.664535259100375697e-15 8.8817841970012523234e-16 -1.7763568394002504647e-15 -3.3815812372495201998e-09 8.8817841970012523234e-16 4.4408920985006261617e-16 2.2204460492503130808e-16 -6.7610805842832633061e-11 4.3298697960381105077e-15 0 1.7763568394002504647e-15 8.8817841970012523234e-15 2.664535259100375697e-15 -3.1086244689504383132e-15 -1.7763568394002504647e-15 -2.2204460492503130808e-16 -8.8817841970012523234e-16 4.4408920985006261617e-16 3.5527136788005009294e-15 -1.7763568394002504647e-15 4.4408920985006261617e-15 9.7699626167013775557e-15 -8.8817841970012523234e-16 6.2172489379008766264e-15 -8.8817841970012523234e-16 -5.329070518200751394e-15
-9999 -9999 -9999 -9999 -9999 -9999 -9999 -9999 -9999 -9999 -9999 -9999 -9999 -9999 1.3322676295501878485e-15 8.8817841970012523234e-16 2.664535259100375697e-15 -8.3100513137424059096e-09 8.8817841970012523234e-16 8.8817841970012523234e-16 6.6613381477509392425e-16 2.1636470393104900722e-11 6.6613381477509392425e-16 -1.0658141036401502788e-14 1.7763568394002504647e-15 3.5527136788005009294e-15 8.8817841970012523234e-16 -4.4408920985006261617e-15 4.4408920985006261617e-16 2.664535259100375697e-15 4.4408920985006261617e-16 4.4408920985006261617e-16 -4.4408920985006261617e-16 -1.7763568394002504647e-15 -1.5987211554602254182e-14 -4.4408920985006261617e-16 -3.5527136788005009294e-15 -4.4408920985006261617e-16 -2.664535259100375697e-15 1.7763568394002504647e-15 7.1054273576010018587e-15
-9999 -9999 -9999 -9999 -9999 -9999 -9999 -9999 -9999 -9999 -9999 -9999 -9999 -9999 8.8817841970012523234e-16 -4.8827672571860603057e-08 -8.7596010445167848957e-09 0 -6.6613381477509392425e-16 1.3322676295501878485e-15 1.6338663755277593737e-10 -7.6837203266677533975e-11 -4.4408920985006261617e-16 0 1.2434497875801753253e-14 -1.9539925233402755111e-14 8.8817841970012523234e-16 7.9936057773011270911e-15 -8.8817841970012523234e-16 1.3322676295501878485e-15 7.1054273576010018587e-15 0 -1.7763568394002504647e-15 0 1.5987211554602254182e-14 3.5527136788005009294e-15 0 -4.4408920985006261617e-16 -8.8817841970012523234e-16 8.8817841970012523234e-16 0
-9999 -9999 -9999 -9999 -9999 -9999 -9999 -9999 -9999 -9999 -9999 -9999 -9999 -9999 -6.1321948408021853538e-08 -1.9984014443252817728e-15 4.4408920985006261617e-16 4.4408920985006261617e-16 -4.4408920985006261617e-16 2.2204460492503130808e-16 -7.7413186971853065188e-11 2.664535259100375697e-15 2.664535259100375697e-15 0 -8.8817841970012523234e-16 -7.1054273576010018587e-15 -1.4210854715202003717e-14 0 0 0 8.8817841970012523234e-16 -4.4408920985006261617e-15 -4.4408920985006261617e-16 4.4408920985006261617e-15 4.4408920985006261617e-16 -8.8817841970012523234e-15 -6.6613381477509392425e-16 2.664535259100375697e-15 8.8817841970012523234e-16 3.5527136788005009294e-15 8.8817841970012523234e-16
-9999 -9999 -9999 -9999 -9999 -9999 -9999 -9999 -9999 -9999 -9999 -9999 4.4408920985006261617e-16 8.8817841970012523234e-16 7.9936057773011270911e-15 4.4408920985006261617e-16 0 8.8817841970012523234e-16 0 2.6353585980132265831e-11 -6.6613381477509392425e-16 7.1054273576010018587e-15 4.4408920985006261617e-16 2.664535259100375697e-15 2.664535259100375697e-15 2.2204460492503130808e-15 1.8165593473895569332e-09 2.664535259100375697e-15 2.664535259100375697e-15 1.3322676295501878485e-15 0 1.7763568394002504647e-15 1.0115446258396332269e-09 -1.7763568394002504647e-15 8.8817841970012523234e-16 1.7763568394002504647e-15 1.4210854715202003717e-14 4.4408920985006261617e-16 1.7763568394002504647e-15 8.8817841970012523234e-16 -7.1054273576010018587e-15
-9999 -9999 -9999 -9999 -9999 -9999 -9999 -9999 -9999 -9999 -9999 -9999 -9999 -4.4408920985006261617e-16 -1.1102230246251565404e-15 -2.2204460492503130808e-16 0 6.6613381477509392425e-16 1.5230217087491837447e-10 2.8865798640254070051e-15 0 2.2204460492503130808e-15 -5.329070518200751394e-15 5.329070518200751394e-15 -1.4210854715202003717e-14 -7.1054273576010018587e-15 -2.9222135822237760294e-09 1.362973733876060578e-09 1.8657786426956590731e-10 -8.8817841970012523234e-16 0 1.3322676295501878485e-15 0 7.0030026222411834169e-10 2.664535259100375697e-15 -8.8817841970012523234e-16 -8.8817841970012523234e-16 -2.4868995751603506505e-14 0 -8.8817841970012523234e-16 8.8817841970012523234e-15
-9999 -9999 -9999 -9999 -9999 -9999 -9999 -9999 -9999 -9999 -9999 -9999 -9999 -9999 -9999 1.7763568394002504647e-15 -2.2204460492503130808e-16 1.8143131441661353165e-10 8.4421358792496903334e-11 -3.5527136788005009294e-15 8.8817841970012523234e-16 -2.664535259100375697e-15 1.7763568394002504647e-15 8.8817841970012523234e-15 -4.4408920985006261617e-15 0 -3.5527136788005009294e-15 -1.4055885344532725867e-09 -6.2129643652042432223e-09 5.6176574503297160845e-10 2.664535259100375697e-15 -1.7763568394002504647e-15 -4.4408920985006261617e-16 2.664535259100375697e-15 0 -5.329070518200751394e-15 0 0 2.1316282072803005576e-14 0 -1.4210854715202003717e-14
-9999 -9999 -9999 -9999 -9999 -9999 -9999 -9999 -9999 -9999 -9999 -9999 -9999 -9999 -9999 -9999 2.2204460492503130808e-16 -1.4389578417706161417e-10 1.7763568394002504647e-15 8.8817841970012523234e-16 -5.329070518200751394e-15 4.4408920985006261617e-15 -4.4408920985006261617e-16 0 1.7763568394002504647e-15 -8.8817841970012523234e-16 -3.5527136788005009294e-15 8.4376949871511897072e-15 0 1.7582593159204407129e-09 -1.6264323221548693255e-10 -2.2194633686467568623e-08 8.8817841970012523234e-16 8.8817841970012523234e-16 0 2.664535259100375697e-15 5.329070518200751394e-15 7.1054273576010018587e-15 8.8817841970012523234e-16 -3.5527136788005009294e-15 8.8817841970012523234e-16
-9999 -9999 -9999 -9999 -9999 -9999 -9999 -9999 -9999 -9999 -9999 -9999 -9999 -9999 -9999 -9999 3.2130076377256955311e-11 1.1102230246251565404e-15 0 2.664535259100375697e-15 -4.4408920985006261617e-16 5.6272888571129442425e-09 1.2630799517410196131e-08 7.8152595506253419444e-09 -1.2493295287185901543e-10 -1.0064336919413108262e-08 -4.2860257565280335257e-09 -2.5165924455450294772e-08 2.4050123670349421445e-08 3.6301859296372640529e-09 -7.0829315745868370868e-09 2.3380385627547184413e-08 -1.6265651936464564642e-08 4.3526895865397818852e-08 3.5961136291007278487e-09 4.9885073849509353749e-10 -2.820153355287402519e-08 2.4326375580585590797e-08 1.9525032257661223412e-08 4.0116574950843642e-08 -3.536129611347860191e-08
-9999 -9999 -9999 -9999 -9999 -9999 -9999 -9999 -9999 -9999 -9999 -9999 -9999 -9999 -9999 1.3314149782672757283e-10 4.6629367034256574698e-15 0 7.1054273576010018587e-15 4.667732866892038146e-10 -2.9845352855772944167e-09 8.8817841970012523234e-16 -8.8817841970012523234e-16 4.4408920985006261617e-15 0 1.4210854715202003717e-14 -1.7763568394002504647e-15 -8.3387519111965957563e-10 6.884746994728629943e-09 -1.2602026089325590874e-09 1.2675691607455519261e-08 1.15312843718129443e-08 -3.1068321248994834605e-09 -2.8191797341037272417e-08 9.1284988457118743099e-09 5.2522652893571830646e-09 -1.2765362100708443904e-08 -1.2756547818071339861e-08 1.6729202911847096402e-08 -2.8893822445752448402e-08 5.4651252412440953776e-09
-9999 -9999 -9999 -9999 -9999 -9999 -9999 -9999 -9999 -9999 -9999 -9999 -9999 -9999 1.2387557646320601634e-10 -1.2978107477579214901e-10 1.0658141036401502788e-14 -5.329070518200751394e-15 -8.8817841970012523234e-16 -8.8817841970012523234e-16 1.7763568394002504647e-15 -4.4408920985006261617e-16 -4.4408920985006261617e-16 3.1086244689504383132e-15 1.7763568394002504647e-15 1.7763568394002504647e-15 8.8817841970012523234e-16 -4.4408920985006261617e-16 1.7763568394002504647e-15 1.7763568394002504647e-15 -1.7763568394002504647e-15 -3.5527136788005009294e-15 1.7763568394002504647e-15 1.7763568394002504647e-15 -2.1692212470725280582e-09 3.0469493594864616171e-09 2.664535259100375697e-15 1.7763568394002504647e-15 -1.7763568394002504647e-15 4.4408920985006261617e-15 -1.7763568394002504647e-15
-9999 -9999 -9999 -9999 -9999 -9999 -9999 -9999 -9999 -9999 -9999 -9999 -9999 -9999 1.7435297650081338361e-10 2.7311486405778850894e-14 1.3322676295501878485e-15 3.5527136788005009294e-15 3.5527136788005009294e-15 8.8817841970012523234e-16 2.2204460492503130808e-15 4.4408920985006261617e-15 -3.1086244689504383132e-15 1.3322676295501878485e-15 4.4408920985006261617e-15 1.3322676295501878485e-15 0 1.7763568394002504647e-15 3.5527136788005009294e-15 1.7763568394002504647e-15 -3.5527136788005009294e-15 -8.8817841970012523234e-16 2.664535259100375697e-15 4.4408920985006261617e-16 1.0658141036401502788e-14 -4.4408920985006261617e-16 -1.7763568394002504647e-15 4.4408920985006261617e-15 -4.4408920985006261617e-16 8.8817841970012523234e-16 1.3322676295501878485e-15
-9999 -9999 -9999 -9999 -9999 -9999 -9999 -9999 -9999 -9999 -9999 -9999 -9999 1.0905276681683062634e-10 -1.8873791418627661187e-14 8.8817841970012523234e-16 1.7763568394002504647e-15 8.8817841970012523234e-16 2.664535259100375697e-15 -1.7763568394002504647e-15 -2.2204460492503130808e-15 1.3322676295501878485e-15 1.3322676295501878485e-15 8.8817841970012523234e-16 4.4408920985006261617e-16 2.664535259100375697e-15 -2.2204460492503130808e-15 0 1.3322676295501878485e-15 8.8817841970012523234e-16 2.664535259100375697e-15 4.4408920985006261617e-16 3.9968028886505635455e-15 -1.0658141036401502788e-14 4.4408920985006261617e-16 0 -1.7763568394002504647e-15 8.8817841970012523234e-16 1.7763568394002504647e-15 -8.8817841970012523234e-16 -1.3322676295501878485e-15
-9999 -9999 -9999 -9999 -9999 -9999 -9999 -9999 -9999 -9999 -9999 -9999 5.2794435490000068967e-11 -2.354667572035396006e-10 5.7731597280508140102e-15 3.1086244689504383132e-15 2.664535259100375697e-15 -4.4408920985006261617e-16 1.7763568394002504647e-15 3.1086244689504383132e-15 1.7763568394002504647e-15 1.7763568394002504647e-15 1.7763568394002504647e-15 4.4408920985006261617e-15 0 7.1054273576010018587e-15 4.8849813083506887779e-15 3.5527136788005009294e-15 8.8817841970012523234e-16 -8.8817841970012523234e-16 2.2204460492503130808e-15 -1.3322676295501878485e-15 3.5527136788005009294e-15 2.2204460492503130808e-15 -4.4408920985006261617e-16 4.4408920985006261617e-16 2.2204460492503130808e-15 8.8817841970012523234e-16 2.2204460492503130808e-15 2.664535259100375697e-15 -8.8817841970012523234e-16
