tests/data/reference/gistest_nucice/full/control/massbalance.asc
ncols        123
nrows        77
xllcorner    -713746.799299980048
yllcorner    -1061022.369616159936
cellsize     10.000000000000
NODATA_value  -9999
[rows 36 to 53 of 77, columns 80 to 119 of 123]
-3.5527136788005009294e-15 0 3.5527136788005009294e-15 -6.6613381477509392425e-16 -2.8142377317408318049e-11 -1.3322676295501878485e-15 -3.1086244689504383132e-15 -4.4408920985006261617e-15 -1.3322676295501878485e-15 -8.8817841970012523234e-16 -7.1054273576010018587e-15 -8.8817841970012523234e-16 4.4408920985006261617e-16 -1.3322676295501878485e-15 -1.3322676295501878485e-15 -2.2204460492503130808e-16 -8.8817841970012523234e-16 -3.5527136788005009294e-15 -4.4408920985006261617e-16 4.4408920985006261617e-16 0 -5.329070518200751394e-15 8.8817841970012523234e-16 4.4408920985006261617e-16 8.8817841970012523234e-16 -1.5097567640509623743e-10 -9999 -9999 -9999 -9999 -9999 -9999 -9999 -9999 -9999 -9999 -9999 -9999 -9999 -9999
-1.7763568394002504647e-15 1.7763568394002504647e-15 7.771561172376095783e-15 6.6613381477509392425e-16 -4.4408920985006261617e-16 -8.8817841970012523234e-16 8.8817841970012523234e-16 1.7763568394002504647e-15 8.8817841970012523234e-16 -2.664535259100375697e-15 -1.4210854715202003717e-14 -2.2204460492503130808e-15 -1.3322676295501878485e-15 1.3322676295501878485e-15 -2.2204460492503130808e-15 -1.3322676295501878485e-15 0 -6.6613381477509392425e-16 0 -1.7763568394002504647e-15 -2.2204460492503130808e-15 -2.664535259100375697e-15 -8.8817841970012523234e-16 -4.4408920985006261617e-15 -4.4408920985006261617e-15 -1.3322676295501878485e-15 0 -1.6282530879152545822e-11 -9999 -9999 -9999 -9999 -9999 -9999 -9999 -9999 -9999 -9999 -9999 -9999
2.2204460492503130808e-15 -3.7747582837255322374e-15 2.9087843245179101359e-14 8.8817841970012523234e-16 -8.8817841970012523234e-16 -1.1102230246251565404e-15 -1.7763568394002504647e-15 3.5527136788005009294e-15 -6.2172489379008766264e-15 -3.5527136788005009294e-15 1.7763568394002504647e-15 -4.4408920985006261617e-16 8.8817841970012523234e-16 8.8817841970012523234e-16 -8.8817841970012523234e-16 -1.7763568394002504647e-15 -8.8817841970012523234e-16 -2.664535259100375697e-15 0 -1.7763568394002504647e-15 -1.7763568394002504647e-15 -1.7763568394002504647e-15 -8.8817841970012523234e-16 -2.664535259100375697e-15 3.5527136788005009294e-15 -2.2204460492503130808e-15 4.4408920985006261617e-16 -1.7763568394002504647e-15 1.7124501816567772039e-10 -9999 -9999 -9999 -9999 -9999 -9999 -9999 -9999 -9999 -9999 -9999
-3.3306690738754696213e-15 2.0915180698466429021e-10 -3.9079850466805510223e-14 -2.664535259100375697e-15 0 -1.3322676295501878485e-15 -2.664535259100375697e-15 -3.5527136788005009294e-15 8.8817841970012523234e-16 1.4210854715202003717e-14 0 -4.4408920985006261617e-15 -8.8817841970012523234e-16 1.3322676295501878485e-15 -2.664535259100375697e-15 8.8817841970012523234e-16 -8.8817841970012523234e-16 8.8817841970012523234e-16 0 -1.7763568394002504647e-15 2.2204460492503130808e-15 0 0 4.4408920985006261617e-16 -5.329070518200751394e-15 -2.664535259100375697e-15 -2.2204460492503130808e-15 4.4408920985006261617e-16 -8.8817841970012523234e-16 3.5875080683922533353e-10 -9999 -9999 -9999 -9999 -9999 -9999 -9999 -9999 -9999 -9999
-2.2307489189188345335e-11 -1.7763568394002504647e-15 1.4210854715202003717e-14 -1.154631945610162802e-14 -4.4408920985006261617e-16 8.8817841970012523234e-16 0 -2.664535259100375697e-15 0 0 1.7763568394002504647e-15 -1.3322676295501878485e-15 -8.8817841970012523234e-16 0 -1.7763568394002504647e-15 -4.4408920985006261617e-16 1.3322676295501878485e-15 8.8817841970012523234e-16 -1.7763568394002504647e-15 -4.4408920985006261617e-16 -2.664535259100375697e-15 -3.5527136788005009294e-15 -3.5527136788005009294e-15 -2.664535259100375697e-15 2.664535259100375697e-15 4.4408920985006261617e-15 -1.7763568394002504647e-15 1.3322676295501878485e-15 -8.8817841970012523234e-16 -3.5527136788005009294e-15 4.5293546691027586348e-11 -9999 -9999 -9999 -9999 -9999 -9999 -9999 -9999 -9999
-3.0709679244012022536e-10 3.5527136788005009294e-15 3.5527136788005009294e-14 1.7763568394002504647e-15 -1.3322676295501878485e-15 -8.8817841970012523234e-16 0 -2.664535259100375697e-15 -3.1974423109204508364e-14 -2.664535259100375697e-15 -8.8817841970012523234e-16 0 -2.664535259100375697e-15 -4.4408920985006261617e-15 0 -3.9968028886505635455e-15 -4.4408920985006261617e-16 -4.4408920985006261617e-16 8.8817841970012523234e-16 -8.8817841970012523234e-16 8.8817841970012523234e-16 1.3322676295501878485e-15 -4.4408920985006261617e-16 2.2204460492503130808e-15 -3.1086244689504383132e-15 -6.2172489379008766264e-15 0 -4.4408920985006261617e-15 0 -1.7763568394002504647e-15 2.2204460492503130808e-16 -2.2204460492503130808e-16 -9999 -9999 -9999 -9999 -9999 -9999 -9999 -9999
-8.4213525042287074029e-10 8.8817841970012523234e-16 -3.1974423109204508364e-14 0 0 1.7763568394002504647e-15 -2.664535259100375697e-15 -5.329070518200751394e-15 3.5527136788005009294e-14 -2.664535259100375697e-15 -4.4408920985006261617e-16 -1.7763568394002504647e-15 1.7763568394002504647e-15 -3.1086244689504383132e-15 -1.3322676295501878485e-15 8.8817841970012523234e-16 -2.2204460492503130808e-15 -1.7763568394002504647e-15 2.2204460492503130808e-16 0 -4.4408920985006261617e-16 -2.2204460492503130808e-15 -8.8817841970012523234e-16 -1.7763568394002504647e-15 -3.5527136788005009294e-15 -8.8817841970012523234e-16 -8.8817841970012523234e-16 -1.7763568394002504647e-15 -8.8817841970012523234e-16 -3.5527136788005009294e-15 -1.3322676295501878485e-15 -6.6613381477509392425e-16 0 4.382383345102880412e-11 -9999 -9999 -9999 -9999 -9999 -9999
-4.7628345711814290553e-09 -2.5340902709558577044e-09 5.0253063932359509636e-09 1.0658141036401502788e-14 -1.7763568394002504647e-15 -3.5527136788005009294e-15 5.329070518200751394e-15 3.5527136788005009294e-15 3.5527136788005009294e-15 -2.664535259100375697e-15 -1.7763568394002504647e-15 0 -2.664535259100375697e-15 -8.8817841970012523234e-16 -3.1086244689504383132e-15 -4.4408920985006261617e-15 8.8817841970012523234e-16 -4.4408920985006261617e-16 0 -1.7763568394002504647e-15 -8.8817841970012523234e-16 8.8817841970012523234e-16 -1.7763568394002504647e-15 -1.3322676295501878485e-15 -8.8817841970012523234e-16 -4.4408920985006261617e-16 -1.7763568394002504647e-15 4.4408920985006261617e-16 -2.2204460492503130808e-15 3.5527136788005009294e-15 -2.664535259100375697e-15 4.4408920985006261617e-16 6.6613381477509392425e-16 -2.2204460492503130808e-16 -1.8809087620752507064e-10 -9999 -9999 -9999 -9999 -9999
-9999 -9999 -7.532822365874380921e-09 -1.0658141036401502788e-14 8.8817841970012523234e-16 -8.8817841970012523234e-16 -7.1054273576010018587e-15 -4.4408920985006261617e-15 -2.1316282072803005576e-14 -8.8817841970012523234e-16 -1.7763568394002504647e-15 8.8817841970012523234e-16 -4.4408920985006261617e-16 8.8817841970012523234e-16 -4.4408920985006261617e-16 -2.664535259100375697e-15 -2.2204460492503130808e-15 -8.8817841970012523234e-16 4.4408920985006261617e-16 -1.7763568394002504647e-15 -1.7763568394002504647e-15 -8.8817841970012523234e-16 -2.664535259100375697e-15 -3.1086244689504383132e-15 1.7763568394002504647e-15 -3.1086244689504383132e-15 4.4408920985006261617e-16 -4.4408920985006261617e-15 1.3322676295501878485e-15 -1.7763568394002504647e-15 0 2.664535259100375697e-15 -2.2204460492503130808e-16 -8.8817841970012523234e-16 1.1102230246251565404e-15 -1.0765610625185217941e-10 -9999 -9999 -9999 -9999
3.5527136788005009294e-15 -9999 -9999 -9999 0 3.1086244689504383132e-15 8.8817841970012523234e-16 -8.8817841970012523234e-16 1.4210854715202003717e-14 1.3322676295501878485e-15 4.4408920985006261617e-16 -4.4408920985006261617e-16 -8.8817841970012523234e-16 4.4408920985006261617e-15 -4.4408920985006261617e-16 0 -1.7763568394002504647e-15 0 -8.8817841970012523234e-16 -1.7763568394002504647e-15 -3.5527136788005009294e-15 -6.2172489379008766264e-15 -1.7763568394002504647e-15 -1.7763568394002504647e-15 -1.7763568394002504647e-15 3.5527136788005009294e-15 -1.3322676295501878485e-15 -1.7763568394002504647e-15 -1.3322676295501878485e-15 -7.1054273576010018587e-15 -3.5527136788005009294e-15 -4.4408920985006261617e-15 -8.8817841970012523234e-16 4.4408920985006261617e-16 2.664535259100375697e-15 -5.7731597280508140102e-15 0 -9999 -9999 -9999
4.4408920985006261617e-16 -1.3322676295501878485e-15 4.8849813083506887779e-15 -9999 -9999 -9999 -6.2172489379008766264e-15 -1.7763568394002504647e-15 7.1054273576010018587e-15 -3.9968028886505635455e-15 -8.8817841970012523234e-16 -1.7763568394002504647e-15 -2.664535259100375697e-15 8.8817841970012523234e-16 -1.3322676295501878485e-15 0 0 1.3322676295501878485e-15 -4.4408920985006261617e-16 4.4408920985006261617e-16 8.8817841970012523234e-16 0 -8.8817841970012523234e-16 -5.329070518200751394e-15 -1.7763568394002504647e-15 -8.8817841970012523234e-16 -4.4408920985006261617e-15 3.5527136788005009294e-15 -1.3322676295501878485e-15 8.8817841970012523234e-16 -8.8817841970012523234e-16 -1.7763568394002504647e-15 8.8817841970012523234e-16 -1.1102230246251565404e-15 2.664535259100375697e-15 -8.8817841970012523234e-16 -1.1102230246251565404e-15 0 -1.2173217989186468913e-10 -9999
-4.4408920985006261617e-16 1.3322676295501878485e-15 1.3322676295501878485e-15 -7.9936057773011270911e-15 3.5527136788005009294e-15 -9999 -9999 1.7763568394002504647e-15 0 8.8817841970012523234e-16 -1.7763568394002504647e-15 0 -4.8849813083506887779e-15 -3.1086244689504383132e-15 0 0 -2.664535259100375697e-15 0 -6.6613381477509392425e-16 -4.4408920985006261617e-16 0 8.8817841970012523234e-16 -2.664535259100375697e-15 3.5527136788005009294e-15 8.8817841970012523234e-16 -8.8817841970012523234e-16 -2.2204460492503130808e-15 -4.4408920985006261617e-16 0 -1.7763568394002504647e-15 -8.8817841970012523234e-16 -1.3322676295501878485e-15 0 -5.329070518200751394e-15 -1.3322676295501878485e-15 4.4408920985006261617e-16 -8.8817841970012523234e-16 4.4408920985006261617e-16 0 -9999
1.9539925233402755111e-14 -1.7763568394002504647e-15 0 7.1054273576010018587e-15 -1.7763568394002504647e-15 0 -9999 -3.5527136788005009294e-15 -2.8421709430404007435e-14 2.664535259100375697e-15 -4.4408920985006261617e-15 2.664535259100375697e-15 2.664535259100375697e-15 -4.4408920985006261617e-15 0 1.3322676295501878485e-15 -4.4408920985006261617e-16 -4.4408920985006261617e-16 -4.4408920985006261617e-16 -1.3322676295501878485e-15 -8.8817841970012523234e-16 -2.664535259100375697e-15 -2.664535259100375697e-15 -4.8849813083506887779e-15 -4.4408920985006261617e-15 -4.4408920985006261617e-15 0 -7.1054273576010018587e-15 -4.4408920985006261617e-16 -5.329070518200751394e-15 -5.329070518200751394e-15 -8.8817841970012523234e-16 8.8817841970012523234e-16 1.7763568394002504647e-15 0 0 -8.8817841970012523234e-16 4.4408920985006261617e-16 -9999 -9999
0 2.664535259100375697e-15 2.664535259100375697e-15 -8.8817841970012523234e-16 -4.4408920985006261617e-15 -1.68497571451098338e-09 -9999 -9999 1.0324825439056439791e-09 0 -1.7763568394002504647e-15 -1.7763568394002504647e-15 0 -5.329070518200751394e-15 8.8817841970012523234e-16 -2.2204460492503130808e-15 -4.4408920985006261617e-16 -8.8817841970012523234e-16 0 2.664535259100375697e-15 -2.664535259100375697e-15 1.7763568394002504647e-15 1.7763568394002504647e-15 8.8817841970012523234e-16 -3.1086244689504383132e-15 8.8817841970012523234e-16 8.8817841970012523234e-16 1.3322676295501878485e-15 -5.329070518200751394e-15 -1.0658141036401502788e-14 -2.2204460492503130808e-15 0 -2.2204460492503130808e-15 -8.8817841970012523234e-16 -3.1086244689504383132e-15 1.7763568394002504647e-15 -3.1086244689504383132e-15 -9999 -9999 -9999
-4.4408920985006261617e-16 0 -2.664535259100375697e-15 1.7763568394002504647e-15 2.664535259100375697e-15 -3.5527136788005009294e-15 4.7506176770184538327e-09 -9999 -3.0843878562336612958e-09 0 2.2204460492503130808e-15 8.8817841970012523234e-16 4.4408920985006261617e-15 -8.8817841970012523234e-16 -8.8817841970012523234e-16 0 -8.8817841970012523234e-16 4.4408920985006261617e-16 4.4408920985006261617e-16 -2.664535259100375697e-15 -4.4408920985006261617e-15 -4.4408920985006261617e-15 -4.4408920985006261617e-15 -3.5527136788005009294e-15 1.7763568394002504647e-15 -2.2204460492503130808e-15 -4.4408920985006261617e-15 0 1.7763568394002504647e-15 1.7763568394002504647e-15 -5.329070518200751394e-15 -3.1086244689504383132e-15 -8.8817841970012523234e-16 1.3322676295501878485e-15 -2.664535259100375697e-15 8.8817841970012523234e-16 8.8817841970012523234e-16 -9999 -9999 -9999
-2.2204460492503130808e-15 -1.7763568394002504647e-15 8.8817841970012523234e-16 0 0 2.664535259100375697e-15 1.0658141036401502788e-14 -9999 -9999 0 0 -4.4408920985006261617e-15 -2.664535259100375697e-15 -8.8817841970012523234e-16 -4.4408920985006261617e-16 -4.4408920985006261617e-16 -3.1086244689504383132e-15 -8.8817841970012523234e-16 8.8817841970012523234e-16 -1.7763568394002504647e-15 -1.7763568394002504647e-15 8.8817841970012523234e-16 -4.4408920985006261617e-16 3.5527136788005009294e-15 8.8817841970012523234e-16 -4.4408920985006261617e-16 8.8817841970012523234e-16 -8.8817841970012523234e-16 8.8817841970012523234e-16 -3.5527136788005009294e-15 4.4408920985006261617e-16 -1.3322676295501878485e-15 -1.7763568394002504647e-15 0 -4.4408920985006261617e-16 -3.9968028886505635455e-15 0 -1.3322676295501878485e-15 -9999 -9999
1.7763568394002504647e-15 -4.4408920985006261617e-15 5.329070518200751394e-15 -7.1054273576010018587e-15 6.2172489379008766264e-15 -4.4408920985006261617e-15 8.8817841970012523234e-16 -7.1054273576010018587e-15 -9999 -7.9936057773011270911e-15 -1.7763568394002504647e-15 8.8817841970012523234e-16 8.8817841970012523234e-16 -4.4408920985006261617e-16 8.8817841970012523234e-16 0 1.3322676295501878485e-15 -8.8817841970012523234e-16 -8.8817841970012523234e-16 -8.8817841970012523234e-16 -1.3322676295501878485e-15 -5.329070518200751394e-15 -3.5527136788005009294e-15 -8.8817841970012523234e-15 0 -8.8817841970012523234e-16 1.7763568394002504647e-15 -3.9968028886505635455e-15 1.0658141036401502788e-14 -8.8817841970012523234e-16 -8.8817841970012523234e-16 -4.4408920985006261617e-16 -1.7763568394002504647e-15 -2.2204460492503130808e-15 4.4408920985006261617e-15 0 8.8817841970012523234e-16 0 -4.4408920985006261617e-16 -9999
3.5527136788005009294e-15 -5.329070518200751394e-15 -4.4408920985006261617e-15 1.7763568394002504647e-15 2.664535259100375697e-15 -2.664535259100375697e-15 5.329070518200751394e-15 2.4868995751603506505e-14 -9999 -9999 0 -2.664535259100375697e-15 -2.2204460492503130808e-15 -1.1102230246251565404e-15 -1.7763568394002504647e-15 -8.8817841970012523234e-16 -3.1086244689504383132e-15 -8.8817841970012523234e-16 0 -2.664535259100375697e-15 8.8817841970012523234e-16 0 2.664535259100375697e-15 3.1086244689504383132e-15 -3.5527136788005009294e-15 1.3322676295501878485e-15 -7.9936057773011270911e-15 8.8817841970012523234e-16 2.1316282072803005576e-14 -1.7763568394002504647e-15 -5.329070518200751394e-15 -5.329070518200751394e-15 -1.7763568394002504647e-15 -1.7763568394002504647e-15 0 -1.3322676295501878485e-15 -8.8817841970012523234e-16 -2.664535259100375697e-15 0 -9999
