tests/data/reference/gistest_nucice/full/control/mqrill_m3_s.asc
ncols        125
nrows        78
xllcorner    -713756.799299980048
yllcorner    -1061032.369616159936
cellsize     10.000000000000
NODATA_value  -9999
[rows 54 to 71 of 78, columns 82 to 122 of 125]
0.025234511122107505798 0.028935495764017105103 0.032526932656764984131 0.03658596426248550415 0.040234096348285675049 0.1167599409818649292 0.1434720158576965332 0.0018935773987323045731 0 0.030058061704039573669 0.016904039308428764343 0.0053299483843147754669 0.001574343070387840271 0.0091157630085945129395 0.012933972291648387909 0.027301473543047904968 0.031494136899709701538 0.013098717667162418365 0.039849337190389633179 0.041767966002225875854 0.043875761330127716064 0.045226056128740310669 0.046408712863922119141 0.047811698168516159058 0.048062570393085479736 0.04502243921160697937 0.28585413098335266113 0.026874495670199394226 0.074689902365207672119 0.0015094929840415716171 0.0012340381508693099022 0.015456979162991046906 0.01193786226212978363 0.044906690716743469238 0.030677534639835357666 0.0087211327627301216125 0.0050025582313537597656 0.00085551285883411765099 0 -9999 -9999
0.15109223127365112305 0.1505282968282699585 0.14991682767868041992 0.14934308826923370361 0.14930741488933563232 0.14871318638324737549 0.11564006656408309937 0.14948195219039916992 0 0.020677857100963592529 0.0096392119303345680237 0.0017143310979008674622 0.0054712868295609951019 0.012974185869097709656 0.016741136088967323303 0.030741726979613304138 0.035078369081020355225 0.016831308603286743164 0.041456185281276702881 0.043037869036197662354 0.04520675167441368103 0.046701014041900634766 0.047686215490102767944 0.048471726477146148682 0.048198178410530090332 0.33105051517486572266 0.028966967016458511353 0.075323529541492462158 0.012895020656287670135 0.00535858888179063797 0.019035326316952705383 0.01545796077698469162 0.069304592907428741455 0.018970889970660209656 0.01581949181854724884 0.012339893728494644165 0.0086579527705907821655 0.0046450649388134479523 0 -9999 -9999
0.051099993288516998291 0.050543393939733505249 0.049996130168437957764 0.049455810338258743286 0.048921257257461547852 0.048764202743768692017 0.19813196361064910889 0.26393884420394897461 0 0.0055878967978060245514 0.0023606319446116685867 0.0061011044308543205261 0.0093589192256331443787 0.016796663403511047363 0.020502181723713874817 0.034027643501758575439 0.038549456745386123657 0.020549407228827476501 0.042945791035890579224 0.044278096407651901245 0.046474978327751159668 0.048033535480499267578 0.048815876245498657227 0.048975620418787002563 0.048083089292049407959 0.3594302833080291748 0.075037270784378051758 0.016632758080959320068 0.025725884363055229187 0.022631263360381126404 0.01916663534939289093 0.072004213929176330566 0.022454440593719482422 0.019217183813452720642 0.015927817672491073608 0.012353243306279182434 0.0085768736898899078369 0.0046224971301853656769 0.00018980771710630506277 0 -9999
0.11068448424339294434 0.11016224324703216553 0.10969006270170211792 0.10917763411998748779 0.10863407701253890991 0.10852105170488357544 0.10791202634572982788 0.3067512214183807373 0.2632770240306854248 0 0.006387774832546710968 0.010104056447744369507 0.013230285607278347015 0.020579433068633079529 0.024209557101130485535 0.037113603204488754272 0.041856966912746429443 0.024236712604761123657 0.044318526983261108398 0.04542393609881401062 0.047582492232322692871 0.049100916832685470581 0.049611173570156097412 0.049167621880769729614 0.40808767080307006836 0.074125833809375762939 0.020260218530893325806 0.02853412926197052002 0.0018149671377614140511 0.022677687928080558777 0.074489936232566833496 0.025859622284770011902 0.028887152671813964844 0.025847036391496658325 0.022643543779850006104 0.019149182364344596863 0.015423610806465148926 0.011648795567452907562 0.0040883622132241725922 0 0
0.055535309016704559326 0.20216061174869537354 0.20136278867721557617 0.20068711042404174805 0.22407272458076477051 0.23030319809913635254 0.22993093729019165039 0.22908286750316619873 0.60765796899795532227 0.0021809297613799571991 0 0.013918364420533180237 0.017464620992541313171 0.024270027875900268555 0.027827203273773193359 0.039944939315319061279 0.044926926493644714355 0.027836082503199577332 0.045499507337808609009 0.046445377171039581299 0.048591699451208114624 0.050024848431348800659 0.050174061208963394165 0.45741739869117736816 0.073473103344440460205 0.023733273148536682129 0.064407341182231903076 0.032309144735336303711 0.025725813582539558411 0.076274156570434570312 0.028992997482419013977 0.063669234514236450195 0.030431477352976799011 0.027731567621231079102 0.024752788245677947998 0.021455153822898864746 0.017859274521470069885 0.014301482588052749634 0.010875408537685871124 0.003105349373072385788 0
0.15366736054420471191 0.013262406922876834869 0.024598769843578338623 0.035863243043422698975 0.0097295520827174186707 0.009763480164110660553 0.021051770076155662537 0.032639466226100921631 0.035990145057439804077 0.62729275226593017578 0 0.010411990806460380554 0.021185221150517463684 0.028327334672212600708 0.031323872506618499756 0.04245454445481300354 0.047651499509811401367 0.031309675425291061401 0.046452835202217102051 0.047330264002084732056 0.049535505473613739014 0.05085450783371925354 0.50737553834915161133 0.072934113442897796631 0.027237450703978538513 0.14090152084827423096 0.076209254562854766846 0.077041700482368469238 0.07714512944221496582 0.031633071601390838623 0.096707023680210113525 0.030176272615790367126 0.027489960193634033203 0.024554325267672538757 0.021396713331341743469 0.017960524186491966248 0.014132322743535041809 0.010315542109310626984 0.0067997691221535205841 0.0028942287899553775787 0
0.0094800796359777450562 0.0057795029133558273315 0.0058692414313554763794 0.0059360703453421592712 0.0059744953177869319916 0.0060325157828629016876 0.0061074662953615188599 0.0060800444334745407104 0.010127315297722816467 0.013492877595126628876 0.63192266225814819336 0 0.024649437516927719116 0.031740497797727584839 0.034608047455549240112 0.044564701616764068604 0.049905892461538314819 0.034653086215257644653 0.047279398888349533081 0.048126135021448135376 0.050329137593507766724 0.051320157945156097412 0.58169382810592651367 0.030417218804359436035 0.17966097593307495117 0.038600847125053405762 0.03716408461332321167 0.035620499402284622192 0.033850278705358505249 0.096870020031929016113 0.0017673058900982141495 0.020164165645837783813 0.01654562726616859436 0.01282194722443819046 0.0090065617114305496216 0.0050123077817261219025 0.00062593712937086820602 0.0035633917432278394699 0 0.0025369550567120313644 0
0.0019602053798735141754 0.0019916126038879156113 0.0020484200213104486465 0.0021103459876030683517 0.0021671375725418329239 0.0022394510451704263687 0.0023266111966222524643 0.03196221962571144104 0.039201382547616958618 0.042857639491558074951 0.045379709452390670776 0.66585171222686767578 0 0.034619830548763275146 0.038007173687219619751 0.046235568821430206299 0.051553059369325637817 0.037794966250658035278 0.048030972480773925781 0.048854898661375045776 0.050863202661275863647 0.63247412443161010742 0.033221513032913208008 0.18782354891300201416 0.0093644913285970687866 0.0056292316876351833344 0.0017356257885694503784 0.0016853576526045799255 0.10387902706861495972 0.0055307429283857345581 0.023723287507891654968 0.0018053445965051651001 0.0055825770832598209381 0.0018043031450361013412 0.0017097777454182505608 0.0014777036849409341812 -9999 0.00015742739196866750717 0.0062641897238790988922 0 0.0036501463036984205246
0.0056886910460889339447 0.0094482405111193656921 0.013210224919021129608 0.016990957781672477722 0.020774597302079200745 0.024539867416024208069 0.028275789692997932434 0.002320864703506231308 0.0023438669741153717041 0.0060057248920202255249 0.0099245179444551467896 0.013039777055382728577 0.67067515850067138672 0 0.040812227874994277954 0.047625131905078887939 0.052480235695838928223 0.040569711476564407349 0.048510666936635971069 0.049225676804780960083 0.68279129266738891602 0.035515457391738891602 0.20269702374935150146 0.016778746619820594788 0.013056185096502304077 0.0092904530465602874756 0.0054596303962171077728 0.10301814228296279907 0.0017416368937119841576 0.027128448709845542908 0.0055646304972469806671 0.0093280114233493804932 0.0018715206533670425415 -9999 -9999 -9999 -9999 -9999 0.00025490412372164428234 -9999 -9999
0.045221410691738128662 0.048061773180961608887 0.050643846392631530762 0.052972376346588134766 0.055037122219800949097 0.05685380101203918457 0.058513496071100234985 0.060070749372243881226 0.061606511473655700684 0.1258687824010848999 0.12920105457305908203 0.12889181077480316162 0.12748494744300842285 0 0.043131183832883834839 0.049421787261962890625 0.094678953289985656738 0.0017126500606536865234 0.04852962493896484375 0.73135668039321899414 0.037227772176265716553 0.21265025436878204346 0.013097837567329406738 0.0094273798167705535889 0.0055578257888555526733 0.0017266571521759033203 0.10231880843639373779 0.0054293512366712093353 0.030248792842030525208 0.009293924085795879364 0.013092555105686187744 -9999 -9999 -9999 -9999 -9999 -9999 -9999 -9999 -9999 -9999
0.048152919858694076538 0.050826732069253921509 0.053252644836902618408 0.055437285453081130981 0.057325515896081924438 0.058942709118127822876 0.060398411005735397339 0.061721324920654296875 0.063011996448040008545 0.0022548865526914596558 0.0022353706881403923035 0.0058426451869308948517 0.0096803698688745498657 0.13751454651355743408 0 0.094205528497695922852 0.097817249596118927002 0.048340968787670135498 0.7306378483772277832 0.038272786885499954224 0.21143949031829833984 0.013006923720240592957 0.009426202625036239624 0.0056826872751116752625 0.001763729494996368885 0.10165434330701828003 0.0091161169111728668213 0.033014070242643356323 0.012903912924230098724 -9999 -9999 -9999 -9999 -9999 -9999 -9999 -9999 -9999 -9999 -9999 -9999
0.086278773844242095947 0.086677171289920806885 0.086707092821598052979 0.086215704679489135742 0.085571005940437316895 0.085018947720527648926 0.08453299105167388916 0.084047876298427581787 0.083554826676845550537 0.08304932713508605957 0.082533657550811767578 0.081937119364738464355 0.081710375845432281494 0.080965265631675720215 0.21317945420742034912 0 0.14697724580764770508 0.73003542423248291016 0.038891673088073730469 0.21051873266696929932 0.10371772199869155884 0.099572442471981048584 0.10020891577005386353 0.1007393375039100647 0.10114008188247680664 0.012788755819201469421 0.03531385958194732666 0.01648980751633644104 -9999 -9999 -9999 -9999 -9999 -9999 -9999 -9999 -9999 -9999 -9999 -9999 -9999
0.025153148919343948364 0.0288143157958984375 0.032443448901176452637 0.036064218729734420776 0.039673291146755218506 0.043294776231050491333 0.046919606626033782959 0.050541773438453674316 0.054129458963871002197 0.0575963631272315979 0.060916893184185028076 0.06398140639066696167 0.066645793616771697998 0.069168969988822937012 0.07032921910285949707 0.28052166104316711426 0 0.76031845808029174805 0.2098763883113861084 0.10295064747333526611 0.0018739372026175260544 0.0019530813442543148994 0.0057338564656674861908 0.0019288789480924606323 0.01658079586923122406 0.037213310599327087402 -9999 -9999 -9999 -9999 -9999 -9999 -9999 -9999 -9999 -9999 -9999 -9999 -9999 -9999 -9999
0.043204009532928466797 0.043256852775812149048 0.04325781017541885376 0.043041221797466278076 0.042900931090116500854 0.043246831744909286499 0.044254485517740249634 0.04581928253173828125 0.04794599488377571106 0.050338137894868850708 0.052815672010183334351 0.055194746702909469604 0.057345472276210784912 0.059063304215669631958 0.060678187757730484009 0.060690462589263916016 0 0.97068840265274047852 0.10269404947757720947 0.0056809266097843647003 0.0057431594468653202057 0.0095149343833327293396 0.0020167625043541193008 0.020366700366139411926 -9999 -9999 -9999 -9999 -9999 -9999 -9999 -9999 -9999 -9999 -9999 -9999 -9999 -9999 -9999 -9999 -9999
0.0438481159508228302 0.044208362698554992676 0.044311307370662689209 0.044299732893705368042 0.044085569679737091064 0.044102001935243606567 0.044680356979370117188 0.046071626245975494385 0.048199959099292755127 0.050604928284883499146 0.053173549473285675049 0.055692095309495925903 0.058028426021337509155 0.060004387050867080688 0.061497606337070465088 0.062901213765144348145 0.061520159244537353516 0 0.1027021259069442749 0.0094961170107126235962 0.013304226100444793701 -9999 -9999 -9999 -9999 -9999 -9999 -9999 -9999 -9999 -9999 -9999 -9999 -9999 -9999 -9999 -9999 -9999 -9999 -9999 -9999
0.041591439396142959595 0.042408928275108337402 0.042933758348226547241 0.043425627052783966064 0.044095415621995925903 0.044872216880321502686 0.046039644628763198853 0.0017885550623759627342 0.0018167679663747549057 0.005655938759446144104 0.0095567433163523674011 -9999 -9999 -9999 -9999 -9999 -9999 0.060599997639656066895 0 0.017427144572138786316 -9999 -9999 -9999 -9999 -9999 -9999 -9999 -9999 -9999 -9999 -9999 -9999 -9999 -9999 -9999 -9999 -9999 -9999 -9999 -9999 -9999
-9999 -9999 -9999 -9999 -9999 -9999 -9999 -9999 -9999 -9999 -9999 -9999 -9999 -9999 -9999 -9999 -9999 -9999 0 -9999 -9999 -9999 -9999 -9999 -9999 -9999 -9999 -9999 -9999 -9999 -9999 -9999 -9999 -9999 -9999 -9999 -9999 -9999 -9999 -9999 -9999
-9999 -9999 -9999 -9999 -9999 -9999 -9999 -9999 -9999 -9999 -9999 -9999 -9999 -9999 -9999 -9999 -9999 -9999 -9999 -9999 -9999 -9999 -9999 -9999 -9999 -9999 -9999 -9999 -9999 -9999 -9999 -9999 -9999 -9999 -9999 -9999 -9999 -9999 -9999 -9999 -9999
