tests/data/reference/gistest_nucice/full/control/mqrill_m3_s.asc
ncols        125
nrows        78
xllcorner    -713756.799299980048
yllcorner    -1061032.369616159936
cellsize     10.000000000000
NODATA_value  -9999
[rows 36 to 53 of 78, columns 41 to 81 of 125]
0.0088585894554853439331 0.0089800273999571800232 0.0090626757591962814331 0.0054058604873716831207 0.0054310779087245464325 0.0054844552651047706604 0.0055336896330118179321 0.0060466164723038673401 0.0060185007750988006592 0.030596109107136726379 0.0095495814457535743713 0.0093618594110012054443 0.0017352914437651634216 0.0056033944711089134216 0.0093699563294649124146 1.775159001350402832 1.7824494838714599609 1.7864537239074707031 1.8001347780227661133 0.039937127381563186646 0.016883706673979759216 0.027312539517879486084 0.024074576795101165771 0.020639464259147644043 0.030429847538471221924 0.040660917758941650391 0.081765748560428619385 0.039823442697525024414 0.039118170738220214844 0.038410604000091552734 0.037756409496068954468 0.037180323153734207153 0.0015381720149889588356 0.52421391010284423828 0.088548064231872558594 0.04704311862587928772 0.044723045080900192261 0.044658619910478591919 0.041856888681650161743 0.3700669407844543457 0.03899029269814491272
0.0049453158862888813019 0.0052066249772906303406 0.0015903346939012408257 0.001571512315422296524 0.0015947644133120775223 0.0016545675462111830711 0.0016998897772282361984 0.0017347141401842236519 0.027048140764236450195 0.0058079115115106105804 0.0057449704036116600037 0.0057123461738228797913 0.0094910245388746261597 0.013351148925721645355 0.017051061615347862244 0.020494880154728889465 0.024093011394143104553 0.027843717485666275024 0.03128692135214805603 1.8014430999755859375 1.8119375705718994141 1.8114316463470458984 1.8122241497039794922 1.8122440576553344727 1.8117722272872924805 1.8122895956039428711 1.8193662166595458984 1.8480111360549926758 1.8681147098541259766 0.03762254863977432251 0.037248469889163970947 0.036904815584421157837 0.036756310611963272095 0.0055382917635142803192 0.60459589958190917969 0.047194920480251312256 0.045753590762615203857 0.045559730380773544312 0.043962355703115463257 0.36946523189544677734 0.041094105690717697144
0.00092314643552526831627 0.0013614457566291093826 0.0052502090111374855042 0.0089600663632154464722 0.012686754576861858368 0.016415866091847419739 0.020069934427738189697 0.023614514619112014771 0.0016039471374824643135 0.0014979708939790725708 0.0014951619086787104607 0.0020510393660515546799 0.0059260101988911628723 0.0097795790061354637146 0.013498393818736076355 0.82785803079605102539 0.85831052064895629883 0.88861638307571411133 0.91832280158996582031 0.9475237727165222168 0.97591006755828857422 0.98741453886032104492 0.99858832359313964844 1.0092625617980957031 1.0193449258804321289 1.0204567909240722656 1.0213111639022827148 1.0219221115112304688 1.0212361812591552734 2.8897638320922851562 2.9114606380462646484 0.036387741565704345703 0.036202855408191680908 0.036219313740730285645 0.60406196117401123047 0.046508546918630599976 0.046123258769512176514 0.04605067521333694458 0.045296784490346908569 0.36935371160507202148 0.042992889881134033203
0.00087800354231148958206 0.0013323093298822641373 0.0052152392454445362091 0.0089112529531121253967 0.012633674778044223785 0.016376638785004615784 0.020090864971280097961 0.023733550682663917542 0.027190038934350013733 0.030382392928004264832 0.033437285572290420532 0.036327421665191650391 0.038759969174861907959 0.79738813638687133789 0.82827460765838623047 0.03197558969259262085 0.032366022467613220215 0.03287062421441078186 0.033175051212310791016 0.033322829753160476685 0.033279582858085632324 0.033365596085786819458 0.033549286425113677979 0.034339342266321182251 0.031291987746953964233 0.031211351975798606873 0.031166691333055496216 0.031167365610599517822 0.067017614841461181641 0.098969757556915283203 0.098000660538673400879 2.9269893169403076172 2.9624311923980712891 2.9947907924652099609 3.0192162990570068359 0.64906024932861328125 0.045603081583976745605 0.046226590871810913086 0.046187836676836013794 0.36898094415664672852 0.031853649765253067017
0.015527578070759773254 0.0051071774214506149292 0.0088565507903695106506 0.012437507510185241699 0.016022052615880966187 0.019627634435892105103 0.02320815064013004303 0.026709377765655517578 0.029970960691571235657 0.032949160784482955933 0.035653326660394668579 0.037951856851577758789 0.79028099775314331055 0.031611602753400802612 0.031745869666337966919 0.032029960304498672485 0.032312028110027313232 0.032565236091613769531 0.032735828310251235962 0.032536108046770095825 0.032599586993455886841 0.032762050628662109375 0.033126696944236755371 0.028742374852299690247 0.028749359771609306335 0.028796494007110595703 0.028857331722974777222 0.03459235653281211853 0.031370341777801513672 0.28783935308456420898 0.3126049041748046875 0.31311967968940734863 0.31309026479721069336 0 0.0014026360586285591125 3.0172047615051269531 0.68795019388198852539 0.044963512569665908813 0.045811116695404052734 0.001586324768140912056 0.22331102192401885986
0.0049630012363195419312 0.019036158919334411621 0.022081105038523674011 0.024734016507863998413 0.027174590155482292175 0.029466291889548301697 0.031598243862390518188 0.033683989197015762329 0.035530649125576019287 0.036981068551540374756 0.75252926349639892578 0.78311342000961303711 0.031274538487195968628 0.031408149749040603638 0.031578883528709411621 0.031610250473022460938 0.0316621437668800354 0.031797088682651519775 0.031336195766925811768 0.031352203339338302612 0.031478699296712875366 0.031868249177932739258 0.025991242378950119019 0.026036871597170829773 0.026132550090551376343 0.026256095618009567261 0.033354036509990692139 0.028834544122219085693 0.28840416669845581055 0.034763704985380172729 0.029670840129256248474 0.02672349102795124054 0.026575490832328796387 0.061947103589773178101 0 0 3.0158388614654541016 0.68529492616653442383 0.044518556445837020874 0.033222712576389312744 0.35942962765693664551
0.10795613378286361694 0.1073490828275680542 0.10671185702085494995 0.10604812204837799072 0.10550825297832489014 0.10508590191602706909 0.10460288077592849731 0.10405892133712768555 0.10352800041437149048 0.73766916990280151367 0.031683262437582015991 0.031172897666692733765 0.031198998913168907166 0.03129176795482635498 0.031226711347699165344 0.03110307641327381134 0.031060002744197845459 0.030087379738688468933 0.030031697824597358704 0.030035385861992835999 0.030380811542272567749 0.022870626300573348999 0.022949164733290672302 0.023036537691950798035 0.023156885057687759399 0.032036039978265762329 0.026116561144590377808 0.28915584087371826172 0.03398809581995010376 0.026631791144609451294 0.023589283227920532227 0.023463556542992591858 0.031841043382883071899 0.023917006328701972961 0.023961246013641357422 0.023598236963152885437 0 0 0.66658854484558105469 0.52908498048782348633 0.37220108509063720703
0.033428475260734558105 0.034397449344396591187 0.035394296050071716309 0.036314874887466430664 0.037168875336647033691 0.038108691573143005371 0.038972549140453338623 0.039294406771659851074 0.64556586742401123047 0.031290475279092788696 0.031098762527108192444 0.031086510047316551208 0.031040184199810028076 0.030923308804631233215 0.030797537416219711304 0.030701551586389541626 0.028863823041319847107 0.028710750862956047058 0.028584567829966545105 0.028746878728270530701 0.01936457119882106781 0.019517604261636734009 0.019649999216198921204 0.019763844087719917297 0.0303593464195728302 0.022991640493273735046 0.28976362943649291992 0.032879121601581573486 0.023478968068957328796 0.020300520583987236023 0.020301844924688339233 0.02925744280219078064 0.020299615338444709778 0.020810024812817573547 0.020751269534230232239 0.020595652982592582703 0.020410327240824699402 0.030320530757308006287 0 0 0.69615304470062255859
0.44039323925971984863 0.46407476067543029785 0.49101087450981140137 0.49018943309783935547 0.48952114582061767578 0.48889303207397460938 0.58843451738357543945 0.61115086078643798828 0.031050330027937889099 0.030852077528834342957 0.030883725732564926147 0.030916243791580200195 0.030776018276810646057 0.030640209093689918518 0.03062362968921661377 0.027703430503606796265 0.027476139366626739502 0.027254618704319000244 0.027290444821119308472 0.015744222328066825867 0.015821879729628562927 0.015979887917637825012 0.016136320307850837708 0.028438113629817962646 0.019581491127610206604 0.29026824235916137695 0.031695816665887832642 0.02000310458242893219 0.016674276441335678101 0.016732953488826751709 0.026427304372191429138 0.016811544075608253479 0.016871489584445953369 0.016908105462789535522 0.017302753403782844543 0.017112562432885169983 0.017077613621950149536 0.0079798558726906776428 0 0.035308193415403366089 0
0.028980718925595283508 0.029378848150372505188 0.029780648648738861084 0.060914289206266403198 0.092069298028945922852 0.12328763306140899658 0.031289484351873397827 0.031239299103617668152 0.031033471226692199707 0.030721595510840415955 0.030618097633123397827 0.030607318505644798279 0.03056014329195022583 0.0305347442626953125 0.02612392231822013855 0.026040997356176376343 0.02581641077995300293 0.025761144235730171204 0.012199773453176021576 0.012190113775432109833 0.012196484953165054321 0.012289615347981452942 0.026236053556203842163 0.015947744250297546387 0.29071325063705444336 0.030582653358578681946 0.016309000551700592041 0.012837610207498073578 0.012908998876810073853 0.023173768073320388794 0.013077501207590103149 0.013130715116858482361 0.013196039013564586639 0.013248393312096595764 0.013202147558331489563 0.013508789241313934326 0.013417202979326248169 0.026690730825066566467 0 0.0093463743105530738831 0.011868640780448913574
0.029004666954278945923 0.029255798086524009705 0.029808158054947853088 0.03031495213508605957 0.030767038464546203613 0.031033033505082130432 0.03119914419949054718 0.031250324100255966187 0.031138310208916664124 0.030948076397180557251 0.030654067173600196838 0.030634243041276931763 0.03058600984513759613 0.02391134016215801239 0.023863447830080986023 0.02383274957537651062 0.02381264418363571167 0.0084969839081168174744 0.0085242735221982002258 0.0085438005626201629639 0.0085437977686524391174 0.023875921964645385742 0.012176896445453166962 0.29123318195343017578 0.029806209728121757507 0.012501611374318599701 0.0089271729812026023865 0.0089482292532920837402 0.019607460126280784607 0.0092156641185283660889 0.0093141831457614898682 0.0093520432710647583008 0.0094147203490138053894 0.0094996755942702293396 0.0094993645325303077698 0.0093844151124358177185 0.035295676440000534058 0 0 0.0021503760945051908493 0.0058613554574549198151
0.028403105214238166809 0.029068144038319587708 0.029514919966459274292 0.030053339898586273193 0.030498314648866653442 0.030765155330300331116 0.030904006212949752808 0.031010795384645462036 0.031319409608840942383 0.031161038205027580261 0.031008403748273849487 0.030836621299386024475 0.021536143496632575989 0.021227147430181503296 0.021068355068564414978 0.021226271986961364746 0.0046897805295884609222 0.0046804994344711303711 0.0047094807960093021393 0.0047940891236066818237 0.021399740129709243774 0.0084538524970412254333 0.29185861349105834961 0.029362350702285766602 0.0087220408022403717041 0.0050268997438251972198 0.0050088614225387573242 0.015847979113459587097 0.0051143295131623744965 0.0053410013206303119659 0.0054600005969405174255 0.0054901908151805400848 0.0055684098042547702789 0.0056871664710342884064 0.0057380064390599727631 0.032954756170511245728 0.001896815374493598938 0 7.3007053288165479898e-05 0.0087152393534779548645 0.010452019982039928436
0.028016503900289535522 0.028402443975210189819 0.028974737972021102905 0.029520703479647636414 0.029953569173812866211 0.030211377888917922974 0.030387148261070251465 0.031053647398948669434 0.031095482409000396729 0.031284067779779434204 0.030948624014854431152 0.018876980990171432495 0.01869520917534828186 0.018292881548404693604 0.018100176006555557251 0.00074504129588603973389 0.00086262205149978399277 0.00084293872350826859474 0.00086675764760002493858 0.018380764871835708618 0.0047012041322886943817 0.29270201921463012695 0.029027501121163368225 0.0049444078467786312103 0.0012616481399163603783 0.0012071306118741631508 0.01222157943993806839 0.0011471811449155211449 0.001248089945875108242 0.0014530454063788056374 0.0015561623731628060341 0.0015803803689777851105 0.0016627046279609203339 0.0017928660381585359573 0.030041759833693504333 0.0057297828607261180878 0.0094636203721165657043 0.0049045700579881668091 0.10170829296112060547 0.13588303327560424805 0.13517625629901885986
0.027024215087294578552 0.02757656387984752655 0.028149738907814025879 0.02865871042013168335 0.029029566794633865356 0.029339727014303207397 0.030533600598573684692 0.030482113361358642578 0.030863456428050994873 0.030455449596047401428 0.015851384028792381287 0.015725161880254745483 0.015520515851676464081 0.015183882787823677063 0.00055899302242323756218 0.004371848423033952713 0.0080843456089496612549 0.011633617803454399109 0.015034612268209457397 0.00076729163993149995804 0.29364827275276184082 0.028757695108652114868 0.0010683087166398763657 0.0011917817173525691032 0.0049513825215399265289 0.008596441708505153656 0.0011518927058205008507 0.0048726215027272701263 0.0086467210203409194946 0.012462581507861614227 0.016154585406184196472 0.019708853214979171753 0.023210687562823295593 0.026619337499141693115 0.0017536947270855307579 0.0019293413497507572174 0.045874506235122680664 0.096004664897918701172 0.037723235785961151123 0.009929528459906578064 0.014145716093480587006
0.026017088443040847778 0.026540488004684448242 0.027028750628232955933 0.027402164414525032043 0.027752501890063285828 0.029653115198016166687 0.0294702872633934021 0.029974890872836112976 0.029182771220803260803 0.012489403598010540009 0.012447176501154899597 0.012298976071178913116 0.012122631072998046875 0.12275424599647521973 0.12194853276014328003 0.121242523193359375 0.12057133018970489502 0.11990779638290405273 0.11921630054712295532 0.29502874612808227539 0.028230521827936172485 0.0009331412147730588913 0.0047578187659382820129 0.0085294032469391822815 0.012198706157505512238 0.015720922499895095825 0.019134815782308578491 0.022390175610780715942 0.025482730939984321594 0.028414126485586166382 0.031054981052875518799 0.03341069445013999939 0.03555097430944442749 0.037403155118227005005 0.039071574807167053223 0.040629904717206954956 0.062546357512474060059 0 0.0062431530095636844635 0.0019391335081309080124 0.0061831078492105007172
0.024795655161142349243 0.025193829089403152466 0.025469394400715827942 0.025756994262337684631 0.028469534590840339661 0.027896897867321968079 0.028583515435457229614 0.027382729575037956238 0.0088792182505130767822 0.0088957957923412322998 0.0088540269061923027039 0.0087241111323237419128 0.12371215224266052246 0.029110252857208251953 0.058917287737131118774 0.06178968772292137146 0.091662876307964324951 0.14784416556358337402 0.18085625767707824707 0.027506815269589424133 0.025325594469904899597 0.026999987661838531494 0.028355594724416732788 0.029395854100584983826 0.030227158218622207642 0.030912984162569046021 0.031590696424245834351 0.032312124967575073242 0.06676457822322845459 0.066193342208862304688 0.065634228289127349854 0.065052770078182220459 0.064423620700836181641 0.063722133636474609375 0.063191652297973632812 0.06282660365104675293 0.030486436560750007629 0 0.0019014001591131091118 0.0057356017641723155975 0.0095398658886551856995
0.023243138566613197327 0.023415999487042427063 0.023563748225569725037 0.027279444038867950439 0.02589291892945766449 0.026599679142236709595 0.024991225451231002808 0.0051947105675935745239 0.0051946081221103668213 0.0051806666888296604156 0.0051384032703936100006 0.12451487034559249878 0.027435733005404472351 0.027317700907588005066 0.0011299329344183206558 0.028766971081495285034 0.054372958838939666748 0.031391933560371398926 0.026438161730766296387 0.023590857163071632385 0.027353601530194282532 0.028714636340737342834 0.029756683856248855591 0.030420912429690361023 0.030984960496425628662 0.031550899147987365723 0.032145798206329345703 0.032783910632133483887 0.0013097991468384861946 0.0052451803348958492279 0.0090852268040180206299 0.012855369597673416138 0.016460765153169631958 0.019821599125862121582 0.023311940953135490417 0.026933191344141960144 0.001649456447921693325 0 0.0099891917780041694641 0.013824782334268093109 0.017641564831137657166
0.021114517003297805786 0.021214550361037254333 0.02626343071460723877 0.023702241480350494385 0.024241637438535690308 0.022100763395428657532 0.0013479408808052539825 0.0014157255645841360092 0.0014258929295465350151 0.0013851308031007647514 0.12529492378234863281 0.025102915242314338684 0.025011526420712471008 0.025073612108826637268 0.027356004342436790466 0.055242724716663360596 0.031561378389596939087 0.024507379159331321716 0.021414630115032196045 0.026030261069536209106 0.029839541763067245483 0.056479241698980331421 0.056050054728984832764 0.055236436426639556885 0.054496292024850845337 0.053834561258554458618 0.053255416452884674072 0.052744511514902114868 0.052344553172588348389 0.052010279148817062378 0.051604222506284713745 0.051150973886251449585 0.050512038171291351318 0.049619242548942565918 0.086187250912189483643 0.085689306259155273438 0.085246235132217407227 0 0.084962785243988037109 0.08449223637580871582 0.084028735756874084473
