tests/data/reference/gistest_nucice/full/control/mqrill_m3_s.asc
ncols        125
nrows        78
xllcorner    -713756.799299980048
yllcorner    -1061032.369616159936
cellsize     10.000000000000
NODATA_value  -9999
[rows 18 to 35 of 78, columns 41 to 81 of 125]
0.03011833876371383667 0.01983922906219959259 0.038505900651216506958 0.026248112320899963379 0.024360010400414466858 0.012488062493503093719 0.015849268063902854919 0.028607362881302833557 0.005045619327574968338 0.0014049574965611100197 0.0088769635185599327087 0.012514655478298664093 0.023764308542013168335 0.01618015579879283905 0.0091979159042239189148 0.0092344805598258972168 0.0055082645267248153687 0.0017276708967983722687 0.0016786495689302682877 0.0016249167965725064278 0.0015709080034866929054 0.0015178874600678682327 0.02348749898374080658 0.0050761913880705833435 0.0049932613037526607513 0.0049471161328256130219 0.037481442093849182129 0.0085846558213233947754 0.0084496224299073219299 0.047344796359539031982 0.0076400702819228172302 0.0070567391812801361084 0 0.38057306408882141113 0.039721246808767318726 0.015556273981928825378 0.0083475280553102493286 0.0045085968449711799622 0.00062540377257391810417 -9999 -9999
0.032261915504932403564 0.023409541696310043335 0.039913479238748550415 0.02905974164605140686 0.027300734072923660278 0.0162564888596534729 0.019524756819009780884 0.031582277268171310425 0.0089361919090151786804 0.001552519272081553936 0.0053528458811342716217 0.012674795463681221008 0.016131721436977386475 0.025830691680312156677 0.019668214023113250732 0.012943794950842857361 0.012966011650860309601 0.0092365918681025505066 0.005474967416375875473 0.0054435320198535919189 0.0053996280767023563385 0.0053398925811052322388 0.0052619371563196182251 0.026767600327730178833 0.0088617410510778427124 0.0088699245825409889221 0.008864143863320350647 0.037582989782094955444 0.012086709961295127869 0.05572276189923286438 0.011206866241991519928 0.010795470327138900757 7.2178299888037145138e-06 0.0036979236174374818802 0.38005608320236206055 0.059818543493747711182 0.011838224716484546661 0.008541669696569442749 0.0049660443328320980072 0.0011944365687668323517 -9999
0.034332580864429473877 0.026885982602834701538 0.041155539453029632568 0.031761564314365386963 0.030123377218842506409 0.019958045333623886108 0.023072617128491401672 0.034310266375541687012 0.012750464491546154022 0.00165924860630184412 0.0054394281469285488129 0.0091607645153999328613 0.016295183449983596802 0.019603682681918144226 0.027818849310278892517 0.023025667294859886169 0.016614507883787155151 0.016633152961730957031 0.01296115480363368988 0.0092175956815481185913 0.0091673163697123527527 0.0090985363349318504333 0.0090428208932280540466 0.0090254126116633415222 0.029855079948902130127 0.012669137679040431976 0.012600320391356945038 0.012432680465281009674 0.051468431949615478516 0.055065751075744628906 0.014801816083490848541 0.014445292763411998749 0.0041362964548170566559 0.00011057798110414296389 0 0.37920221686363220215 0.076794698834419250488 0.012180714868009090424 0.0087422868236899375916 0.0050965039990842342377 0.0012286150595173239708
0.036285854876041412354 0.03024854511022567749 0.042327061295509338379 0.034364804625511169434 0.032848574221134185791 0.02359109930694103241 0.026489323005080223083 0.036771681159734725952 0.016500538215041160583 0.0054820198565721511841 0.001754578668624162674 0.0092063192278146743774 0.012872245162725448608 0.019842704758048057556 0.022961389273405075073 0.029693162068724632263 0.026132510975003242493 0.020170817151665687561 0.020195119082927703857 0.016578029841184616089 0.01286899857223033905 0.012840284965932369232 0.012833219952881336212 0.012824640609323978424 0.012784441933035850525 0.032417815178632736206 0.016141554340720176697 0.015904724597930908203 0.06561174243688583374 0.054575107991695404053 0.018341515213251113892 0.017885837703943252563 0.0081547731533646583557 0.0043427962809801101685 0.00062847515800967812538 0.0043643121607601642609 0.37881255149841308594 0.07731367647647857666 0.026804422959685325623 0.0087373107671737670898 0.0051883691921830177307
0.038086205720901489258 0.033415567129850387573 0.043326035141944885254 0.036823868751525878906 0.035431709140539169312 0.027128946036100387573 0.029770776629447937012 0.038932472467422485352 0.020163822919130325317 0.0092465747147798538208 0.0055199535563588142395 0.0017635165713727474213 0.012947010807693004608 0.016608988866209983826 0.023268753662705421448 0.026053206995129585266 0.031389299780130386353 0.02895298786461353302 0.023578567430377006531 0.023602530360221862793 0.020128101110458374023 0.016536168754100799561 0.01652982272207736969 0.016489479690790176392 0.016422346234321594238 0.016333160921931266785 0.034144405275583267212 0.019305866211652755737 0.08314374089241027832 0.053998969495296478271 0.021630199626088142395 0.021148804575204849243 0.012106101959943771362 0.00842144060879945755 0.0047619980759918689728 0.0083068003877997398376 0.00071626785211265087128 0.3780899345874786377 0.076727367937564849854 0.041521292179822921753 0.0087663838639855384827
0.039703089743852615356 0.036323439329862594604 0.044075123965740203857 0.039104755967855453491 0.037826851010322570801 0.030543690547347068787 0.032893285155296325684 0.040753457695245742798 0.023721620440483093262 0.012952142395079135895 0.0092475330457091331482 0.001793209579773247242 0.0055883280001580715179 0.016716888174414634705 0.020209893584251403809 0.026395248249173164368 0.028847115114331245422 0.032976057380437850952 0.031460531055927276611 0.026781048625707626343 0.026831191033124923706 0.0235720854252576828 0.020073445513844490051 0.020018871873617172241 0.019955525174736976624 0.019848562777042388916 0.019642826169729232788 0.034976724535226821899 0.10370763391256332397 0.053329072892665863037 0.024688933044672012329 0.024276556447148323059 0.015977824106812477112 0.012358229607343673706 0.0087073380127549171448 0.01223148684948682785 0.0011281050974503159523 0.0046754111535847187042 0.37736421823501586914 0.075580902397632598877 0.055267650634050369263
0.041123211383819580078 0.038977336138486862183 0.044773805886507034302 0.041286244988441467285 0.040130216628313064575 0.033872049301862716675 0.035887975245714187622 0.042316783219575881958 0.02722181566059589386 0.016675800085067749023 0.0018052188679575920105 0.013053998351097106934 0.0056449985131621360779 0.0093932189047336578369 0.020313424989581108093 0.023619579151272773743 0.029280332848429679871 0.031353138387203216553 0.034385718405246734619 0.033538654446601867676 0.029695536941289901733 0.029789196327328681946 0.026780143380165100098 0.023458968847990036011 0.023367838934063911438 0.023198427632451057434 0.022960038855671882629 0.022661872208118438721 0.13969482481479644775 0.052839484065771102905 0.027637230232357978821 0.027244260534644126892 0.019698930904269218445 0.016152897849678993225 0.012537717819213867188 0.015993645414710044861 0.0050989361479878425598 0.0085300933569669723511 0.00090112135512754321098 0.37633383274078369141 0.074513442814350128174
0.042299035936594009399 0.041331790387630462646 0.045532289892435073853 0.043373927474021911621 0.042372360825538635254 0.037100549787282943726 0.038733173161745071411 0.043674424290657043457 0.030633103102445602417 0.020405529066920280457 0.0056322044692933559418 0.0019203677074983716011 0.016831973567605018616 0.0094136754050850868225 0.013104726560413837433 0.023787967860698699951 0.026855802163481712341 0.031793605536222457886 0.033400751650333404541 0.035544559359550476074 0.03526654466986656189 0.032323420047760009766 0.032408770173788070679 0.029705537483096122742 0.026554280892014503479 0.026316840201616287231 0.026073435321450233459 0.025852801278233528137 0.16256521642208099365 0.052485350519418716431 0.030404476448893547058 0.029987264424562454224 0.023270491510629653931 0.019820496439933776855 0.016277501359581947327 0.019613290205597877502 0.0089544244110584259033 0.012403394095599651337 0.0050027035176753997803 0.37621143460273742676 0.0010259666014462709427
0.16586066782474517822 0.043268848210573196411 0.046292264014482498169 0.04528946802020072937 0.044472217559814453125 0.040179722011089324951 0.041412297636270523071 0.044906605035066604614 0.033899471163749694824 0.024077821522951126099 0.0094334119930863380432 0.0019656182266771793365 0.0057102637365460395813 0.02049109339714050293 0.013112201355397701263 0.016729049384593963623 0.027029510587453842163 0.029762621968984603882 0.033881105482578277588 0.035150747746229171753 0.036687161773443222046 0.03671274334192276001 0.034511946141719818115 0.034496124833822250366 0.032092142850160598755 0.029232138767838478088 0.028979137539863586426 0.028740506619215011597 0.1882175058126449585 0.051975462585687637329 0.03276363760232925415 0.032372739166021347046 0.026597443968057632446 0.023286672309041023254 0.019880574196577072144 0.023082194849848747253 0.012728217057883739471 0.016166292130947113037 0.0089355455711483955383 0.37589225172996520996 0.0050769322551786899567
0.17360199987888336182 0.04470554739236831665 0.046985395252704620361 0.046964347362518310547 0.046367190778255462646 0.043037813156843185425 0.043900415301322937012 0.046103011816740036011 0.036984685808420181274 0.027664493769407272339 0.013207189738750457764 0.0057461643591523170471 0.009473086334764957428 0.0019381742458790540695 0.024002702906727790833 0.016686610877513885498 0.020233336836099624634 0.030032953247427940369 0.032423608005046844482 0.035737004131078720093 0.036649134010076522827 0.03762860223650932312 0.037717320024967193604 0.036121264100074768066 0.036024883389472961426 0.034062780439853668213 0.031612232327461242676 0.031242674216628074646 0.21639993786811828613 0.051337935030460357666 0.03461767733097076416 0.034316483885049819946 0.0295887775719165802 0.026477010920643806458 0.023308321833610534668 0.026364764198660850525 0.016424000263214111328 0.019813803955912590027 0.012738073244690895081 0.37545412778854370117 0.0089906966313719749451
0.24832083284854888916 0.045646518468856811523 0.047704372555017471313 0.048512920737266540527 0.048124164342880249023 0.045631222426891326904 0.046135872602462768555 0.047246199101209640503 0.039819501340389251709 0.031117623671889305115 0.016943357884883880615 0.0094947116449475288391 0.013194032013416290283 0.0056559392251074314117 0.027441304177045822144 0.020299699157476425171 0.001705862581729888916 0.023749437183141708374 0.032822523266077041626 0.034763183444738388062 0.037196557968854904175 0.037764612585306167603 0.038324996829032897949 0.038371823728084564209 0.037266630679368972778 0.037070214748382568359 0.035429161041975021362 0.033294700086116790771 0.24699081480503082275 0.050791073590517044067 0.036191232502460479736 0.036071311682462692261 0.032436635345220565796 0.029584119096398353577 0.026728352531790733337 0.029578274115920066833 0.020116712898015975952 0.023385539650917053223 0.016482938081026077271 0.37497040629386901855 0.012797467410564422607
0.016677344217896461487 0.29152271151542663574 0.048399407416582107544 0.049957767128944396973 0.049778364598751068115 0.047941777855157852173 0.048116967082023620605 0.04834955558180809021 0.042368840426206588745 0.034394104033708572388 0.02063177153468132019 0.013205419294536113739 0.016863835975527763367 0.0093419291079044342041 0.030741130933165550232 0.02387661859393119812 0.001731551135890185833 0.0054700565524399280548 0.027135377749800682068 0.035226386040449142456 0.036677267402410507202 0.038315672427415847778 0.03859582170844078064 0.038811918348073959351 0.038713760673999786377 0.037803158164024353027 0.037324994802474975586 0.035968426614999771118 0.0344354286789894104 0.29827949404716491699 0.037548266351222991943 0.037711404263973236084 0.03514620661735534668 0.032608244568109512329 0.030113749206066131592 0.032716091722249984741 0.023793097585439682007 0.026852611452341079712 0.020167373120784759521 0.37444385886192321777 0.016510153189301490784
0.77441877126693725586 0.77535283565521240234 0.3389154970645904541 0.050645306706428527832 0.050987452268600463867 0.049442846328020095825 0.049482699483633041382 0.049143526703119277954 0.044480409473180770874 0.037381455302238464355 0.024212235584855079651 0.016833206638693809509 0.020443446934223175049 0.012975791469216346741 0.033813297748565673828 0.027331223711371421814 0.0054867565631866455078 0.0017400947399437427521 0.0092215156182646751404 0.030340595170855522156 0.037210438400506973267 0.038080625236034393311 0.038961019366979598999 0.038925062865018844604 0.038810752332210540771 0.038469880819320678711 0.037683349102735519409 0.037268675863742828369 0.036520723253488540649 0.035639949142932891846 0.33545631170272827148 0.03913231194019317627 0.037516221404075622559 0.035340595990419387817 0.033274974673986434937 0.035672929137945175171 0.027412621304392814636 0.030187418684363365173 0.023788260295987129211 0.37390160560607910156 0.02019341103732585907
0.40537124872207641602 0.41169989109039306641 1.1879292726516723633 1.5113263130187988281 1.543852686882019043 0.050438869744539260864 0.099921874701976776123 0.049213945865631103516 0.045940842479467391968 0.039945412427186965942 0.027619291096925735474 0.020330103114247322083 0.023872908204793930054 0.016530457884073257446 0.036535251885652542114 0.030590843409299850464 0.0092160338535904884338 0.0055111176334321498871 0.0017985872691497206688 0.013001025654375553131 0.033130161464214324951 0.038450699299573898315 0.038695976138114929199 0.038864094763994216919 0.038552135229110717773 0.038303896784782409668 0.038123838603496551514 0.037798553705215454102 0.037640057504177093506 0.037280440330505371094 0.37062168121337890625 0.040372971445322036743 0.039547812193632125854 0.037778861820697784424 0.036190360784530639648 0.038428820669651031494 0.030948156490921974182 0.033344987779855728149 0.027318786829710006714 0.3733399808406829834 0.023830989375710487366
0.022649165242910385132 0.022777039557695388794 0.052788242697715759277 0.075197182595729827881 0.097379967570304870605 1.5813174247741699219 1.6140373945236206055 1.6622967720031738281 0.048813208937644958496 0.087490484118461608887 0.030517330393195152283 0.023518797010183334351 0.026999233290553092957 0.019919412210583686829 0.038576018065214157104 0.033402647823095321655 0.0016238365788012742996 0.01289126276969909668 0.0092290639877319335938 0.0055053294636309146881 0.016550196334719657898 0.035283021628856658936 0.039050322026014328003 0.038834489881992340088 0.038662444800138473511 0.038415625691413879395 0.038336027413606643677 0.03830191493034362793 0.038117945194244384766 0.037987694144248962402 0.40748488903045654297 0.041236892342567443848 0.041136931627988815308 0.039894953370094299316 0.038850698620080947876 0.04096803814172744751 0.03435419127345085144 0.036278147250413894653 0.030734268948435783386 0.37275600433349609375 0.027349265292286872864
0.019203772768378257751 0.02688808925449848175 0.020037025213241577148 0.020121280103921890259 0.020221112295985221863 0.041863124817609786987 0.059718772768974304199 0.077341318130493164062 1.6781417131423950195 1.7164891958236694336 1.7488107681274414062 0.03235565871000289917 0.026114173233509063721 0.029725886881351470947 0.023164728656411170959 0.039725933223962783813 0.035607129335403442383 0.0052436823025345802307 0.016454318538308143616 0.012820076197385787964 0.0091262757778167724609 0.020073570311069488525 0.037097524851560592651 0.039603244513273239136 0.039277497678995132446 0.039010956883430480957 0.038746520876884460449 0.038589186966419219971 0.03844051063060760498 0.038180850446224212646 0.037935636937618255615 0.44736406207084655762 0.042141087353229522705 0.041594024747610092163 0.041183605790138244629 0.043240904808044433594 0.037575840950012207031 0.038956422358751296997 0.033997230231761932373 0.37214410305023193359 0.030691383406519889832
0.024082409217953681946 0.016120620071887969971 0.016259575262665748596 0.016842387616634368896 0.016964554786682128906 0.01347073819488286972 0.013513290323317050934 0.013484214432537555695 0.01334132906049489975 0.028015501797199249268 0.042392387986183166504 1.7514498233795166016 1.7575727701187133789 1.7605167627334594727 0.032517902553081512451 0.02666531689465045929 0.040266811847686767578 0.037341207265853881836 0.0089808590710163116455 0.020053615793585777283 0.016519933938980102539 0.012902847491204738617 0.02363193221390247345 0.038652524352073669434 0.040195684880018234253 0.039778847247362136841 0.039379835128784179688 0.038994658738374710083 0.038661610335111618042 0.038320731371641159058 0.037900250405073165894 0.48550471663475036621 0.042517598718404769897 0.04269356653094291687 0.042956467717885971069 0.04502444341778755188 0.040421728044748306274 0.041233792901039123535 0.036995247006416320801 0.37148520350456237793 0.033820491284132003784
0.012535955756902694702 0.012635240331292152405 0.012699028477072715759 0.012791903689503669739 0.0092394212260842323303 0.0097416611388325691223 0.0097738709300756454468 0.0098047573119401931763 0.0098054502159357070923 0.0096157602965831756592 0.032955449074506759644 0.045992117375135421753 0.058551251888275146484 0.06025400012731552124 1.7756218910217285156 0.034688275307416915894 0.029646208509802818298 0.04108724743127822876 0.039200875908136367798 0.013275345787405967712 0.024133186787366867065 0.020717052742838859558 0.017162241041660308838 0.027552343904972076416 0.040397170931100845337 0.041199162602424621582 0.040714707225561141968 0.040166772902011871338 0.03955660015344619751 0.038957998156547546387 0.038367997854948043823 0.037786245346069335938 0.52534765005111694336 0.043385993689298629761 0.044328302145004272461 0.046520356088876724243 0.042671076953411102295 0.04296448826789855957 0.039628274738788604736 0.37075263261795043945 0.036591161042451858521
