tests/data/reference/gistest_nucice/full/control/mqrill_m3_s.asc
ncols        125
nrows        78
xllcorner    -713756.799299980048
yllcorner    -1061032.369616159936
cellsize     10.000000000000
NODATA_value  -9999
[rows 54 to 71 of 78, columns 41 to 81 of 125]
0.018424153327941894531 0.025147061794996261597 0.021303392946720123291 0.021682366728782653809 0.019000532105565071106 0.019127395004034042358 0.022321380674839019775 0.025262624025344848633 0.093898996710777282715 0.12617790699005126953 0.022311680018901824951 0.022254794836044311523 0.022266328334808349609 0.030387356877326965332 0.05572873726487159729 0.032075561583042144775 0.021920312196016311646 0.018612019717693328857 0.024244621396064758301 0.029341313987970352173 0.024001611396670341492 0.031339157372713088989 0.031839899718761444092 0.032219972461462020874 0.032620094716548919678 0.032967764884233474731 0.033436492085456848145 0.034126333892345428467 0.035045318305492401123 0.036153491586446762085 0.037251584231853485107 0.038304910063743591309 0.038903363049030303955 0.038564164191484451294 0.0011633927933871746063 0.0015060199657455086708 0.0054653598926961421967 0 0.013796397484838962555 0.017623296007513999939 0.021436585113406181335
0.023687377572059631348 0.018471596762537956238 0.018777722492814064026 0.015703245997428894043 0.015766892582178115845 0.024838659912347793579 0.045422419905662536621 0.065519154071807861328 0.031258612871170043945 0.019204618409276008606 0.019176928326487541199 0.019193254411220550537 0.028894562274217605591 0.022355983033776283264 0.032726921141147613525 0.019125089049339294434 0.015448751859366893768 0.021838795393705368042 0.028570698574185371399 0.021438544616103172302 0.030843654647469520569 0.0013325192267075181007 0.051829703152179718018 0.077783472836017608643 0.078211717307567596436 0.12600162625312805176 0.15913940966129302979 0.15843638777732849121 0.15788561105728149414 0.15740831196308135986 0.15693692862987518311 0.15645670890808105469 0.15579742193222045898 0.15486520528793334961 0.15430317819118499756 0.15412248671054840088 0.15378120541572570801 0.14637795090675354004 0.15262456238269805908 0.15212389826774597168 0.15161092579364776611
0.015342477709054946899 0.015528880991041660309 0.012216345407068729401 0.01223883405327796936 0.022047614678740501404 0.015850575640797615051 0.015906693413853645325 0.030304674059152603149 0.015925554558634757996 0.015859147533774375916 0.015868511050939559937 0.027120593935251235962 0.019238641485571861267 0.03283004462718963623 0.016057223081588745117 0.01224195677787065506 0.01899929344654083252 0.027154788374900817871 0.018627118319272994995 0.030678043141961097717 0.021896092221140861511 0.0458909645676612854 0.022369027137756347656 0.022498827427625656128 0.046666454523801803589 0.032013107091188430786 0.024921925738453865051 0.051800560206174850464 0.053536124527454376221 0.054869428277015686035 0.055809635668992996216 0.056366175413131713867 0.056294307112693786621 0.055572319775819778442 0.055012036114931106567 0.054679587483406066895 0.04697678983211517334 0.046763408929109573364 0.052753277122974395752 0.05221793055534362793 0.051665175706148147583
0.012092953547835350037 0.0086028631776571273804 0.0086174905300140380859 0.018950436264276504517 0.012258455157279968262 0.012363509275019168854 0.028984364122152328491 0.01246936991810798645 0.012450198642909526825 0.012383177876472473145 0.024840453639626502991 0.015996048226952552795 0.032847814261913299561 0.012560314498841762543 0.0088464198634028434753 0.015965370461344718933 0.025176407769322395325 0.015504938550293445587 0.030247319489717483521 0.018934039399027824402 0.019096743315458297729 0.019170675426721572876 0.019258318468928337097 0.019367955625057220459 0.032142467796802520752 0.022292120382189750671 0.022318378090858459473 0.0323087349534034729 0.057395394891500473022 0.082402937114238739014 0.1172122955322265625 0.11654040217399597168 0.11589595675468444824 0.11521921306848526001 0.11467077583074569702 0.11424002796411514282 0.1068026125431060791 0.10654369741678237915 0.11242873966693878174 0.11185386776924133301 0.11127233505249023438
0.0049044042825698852539 0.0049135270528495311737 0.015620918944478034973 0.0085476888343691825867 0.0085859559476375579834 0.027084555476903915405 0.0087594939395785331726 0.0088025750592350959778 0.0087854918092489242554 0.022074686363339424133 0.012350488454103469849 0.032667182385921478271 0.0090448940172791481018 0.0051288255490362644196 0.01244216039776802063 0.022566124796867370605 0.012199761345982551575 0.029305731877684593201 0.015619109384715557098 0.015777854248881340027 0.015870042145252227783 0.015882564708590507507 0.015908103436231613159 0.031952321529388427734 0.01931700482964515686 0.019295021891593933105 0.032125610858201980591 0.022489830851554870605 0.022671982645988464355 0.033764466643333435059 0.025893364101648330688 0.053573690354824066162 0.055880583822727203369 0.057842344045639038086 0.059583913534879684448 0.061186794191598892212 0.052420228719711303711 0.051690086722373962402 0.057455465197563171387 0.056800179183483123779 0.056158829480409622192
0.0011215667473152279854 0.012086631730198860168 0.0048420233651995658875 0.0048168213106691837311 0.024711450561881065369 0.0048695220611989498138 0.0049079065211117267609 0.0049389428459107875824 0.018983706831932067871 0.0085333967581391334534 0.03188767656683921814 0.005332880653440952301 0.0015867856564000248909 0.0087102483958005905151 0.019215734675526618958 0.0086060762405395507812 0.027710296213626861572 0.012153163552284240723 0.012204010039567947388 0.012295112945139408112 0.012367427349090576172 0.012389074079692363739 0.032021120190620422363 0.015904411673545837402 0.015978844836354255676 0.032244414091110229492 0.019311070442199707031 0.019396984949707984924 0.033563271164894104004 0.022777510806918144226 0.023033348843455314636 0.023334644734859466553 0.045185834169387817383 0.052036456763744354248 0.058724485337734222412 0.076479442417621612549 0.069005854427814483643 0.076919086277484893799 0.077984988689422607422 0.091780006885528564453 0.1141829565167427063
0.0083178058266639709473 0.0010031511774286627769 0.0010422799969092011452 0.022039838135242462158 0.0010742341401055455208 0.0010800036834552884102 0.0010594147024676203728 0.015502183698117733002 0.0047513702884316444397 0.031224936246871948242 0.0012633620062842965126 0.0015544953057542443275 0.0052542067132890224457 0.015754515305161476135 0.0046417675912380218506 0.025280732661485671997 0.0085730412974953651428 0.0086014131084084510803 0.0086101936176419258118 0.0086309341713786125183 0.0086954906582832336426 0.032591201364994049072 0.012374841608107089996 0.012399920262396335602 0.032363630831241607666 0.015993379056453704834 0.016032639890909194946 0.033701125532388687134 0.019472116604447364807 0.0196522492915391922 0.019881244748830795288 0.016643598675727844238 0.0018551265820860862732 0.0018584935460239648819 0.013136534020304679871 0.0020171545911580324173 0 0.0088732978329062461853 0.012098095379769802094 0.021299352869391441345 0.038831971585750579834
0.011786128394305706024 0.015360970050096511841 0.018806304782629013062 0.0010109153809025883675 0.004776888526976108551 0.0084520038217306137085 0.011988343670964241028 0.00084100314415991306305 0.030322095379233360291 0.0010760173900052905083 0.0049768947064876556396 0.0088969850912690162659 0.01249127555638551712 0.00090000627096742391586 0.022053178399801254272 0.0046744411811232566833 0.004853962920606136322 0.0049127810634672641754 0.0049062334001064300537 0.0048591960221529006958 0.033003244549036026001 0.0087120663374662399292 0.0087851434946060180664 0.032526567578315734863 0.01242404058575630188 0.012513328343629837036 0.03410000726580619812 0.016084307804703712463 0.016190946102142333984 0.016345050185918807983 0.012931733392179012299 0.0018362706759944558144 0.0055966600775718688965 0.0092997867614030838013 0.0018685008399188518524 0.005744339432567358017 0 0.013897947967052459717 0.017614485695958137512 0.035557970404624938965 0.0056984634138643741608
0.007844773121178150177 0.011409094557166099548 0.015053249895572662354 0.018669776618480682373 0.02195212244987487793 0.024863244965672492981 0.027259435504674911499 0.028868904337286949158 0.00073400366818532347679 0.0048016691580414772034 0.0086874775588512420654 0.012461405247449874878 0.015971021726727485657 0.018987407907843589783 0.0005730221746489405632 0.00082933780504390597343 0.0010055411839857697487 0.0011081966804340481758 0.0011000516824424266815 0.033401511609554290771 0.004748571198433637619 0.0049320384860038757324 0.032727099955081939697 0.0086952224373817443848 0.0087483311071991920471 0.034360662102699279785 0.012511011213064193726 0.012601048685610294342 0.012720483355224132538 0.0092191919684410095215 0.0018139801686629652977 0.005606801249086856842 0.009345031343400478363 0.01301659364253282547 0.01676960475742816925 0.020586542785167694092 0 0.028589747846126556396 0.03214184194803237915 0.001962922513484954834 0.0019322497537359595299
-9999 0.00039305791142396628857 0.00052311684703454375267 0.00083236902719363570213 0.0046718711964786052704 0.0083599351346492767334 0.01189523749053478241 0.015193962492048740387 0.018816374242305755615 0.022645412012934684753 0.026038659736514091492 0.029003389179706573486 0.031378444284200668335 0.03280112147331237793 0.033642005175352096558 0.03433895111083984375 0.03464975208044052124 0.034610036760568618774 0.034030724316835403442 0.00081492715980857610703 0.00084008357953280210495 0.032707266509532928467 0.0048201102763414382935 0.0048434487544000148773 0.03449214249849319458 0.0086785070598125457764 0.0088272336870431900024 0.0089697763323783874512 0.0054133869707584381104 0.0017799166962504386902 0.005590646062046289444 0.0093643860891461372375 0.013088548555970191956 0.016749294474720954895 0.020457744598388671875 0.024206632748246192932 0 0.032140363007783889771 0.035630665719509124756 0.038979221135377883911 0.042179532349109649658
-9999 -9999 -9999 -9999 0.0010062416549772024155 0.00094388605793938040733 0.0045156488195061683655 0.0079455850645899772644 0.00074276648228988051414 0.0048513161018490791321 0.0086083188652992248535 0.012059169821441173553 0.015502512454986572266 0.018892748281359672546 0.022127918899059295654 0.02518424205482006073 0.027917908504605293274 0.030200246721506118774 0.031740579754114151001 0.03238919377326965332 0.032567318528890609741 0.00080098299076780676842 0.00088591565145179629326 0.034597322344779968262 0.0046921428292989730835 0.0048266346566379070282 0.0050263954326510429382 0.0015217808540910482407 0.0016688031610101461411 0.0055366824381053447723 0.0093419784680008888245 0.013093134388327598572 0.01680300198495388031 0.020457649603486061096 0.024109523743391036987 0.027744414284825325012 0 0.035570841282606124878 0.038965135812759399414 0.04221706092357635498 0.045284792780876159668
-9999 -9999 -9999 -9999 -9999 -9999 -9999 -9999 -9999 -9999 0.0011607654159888625145 0.0044797281734645366669 0.007923102937638759613 0.011691489256918430328 0.015343643724918365479 0.018849877640604972839 0.022158497944474220276 0.025205025449395179749 0.027959320694208145142 0.030346594750881195068 0.03232385590672492981 0.033730328083038330078 0.034396864473819732666 0.0006740436074323952198 0.0007910648128017783165 0.00093321187887340784073 0.0011740119662135839462 0.0051833437755703926086 0.0090980269014835357666 0.012947344221174716949 0.016703698784112930298 0.020374935120344161987 0.023982569575309753418 0.027497498318552970886 0.072559408843517303467 0.077576562762260437012 0 0.082397788763046264648 0.083580471575260162354 0.084702156484127044678 0.085628360509872436523
-9999 -9999 -9999 -9999 -9999 -9999 -9999 -9999 -9999 -9999 -9999 0.00056758575374260544777 0.00028419992304407060146 0.0042525893077254295349 0.0080970460548996925354 0.011800262145698070526 0.015291993506252765656 0.018456805497407913208 0.021352607756853103638 0.023925170302391052246 0.025906492024660110474 0.027207843959331512451 0.028421647846698760986 0.029453488066792488098 0.030275357887148857117 0.031149189919233322144 0.032300055027008056641 0.03368665650486946106 0.035134613513946533203 0.036645729094743728638 0.038106907159090042114 0.039455600082874298096 0.040692441165447235107 0.041768860071897506714 0.001779266982339322567 0.0018850381020456552505 0 0.010060235857963562012 0.013877374120056629181 0.017709389328956604004 0.021466068923473358154
-9999 -9999 -9999 -9999 -9999 -9999 -9999 -9999 -9999 -9999 -9999 -9999 -9999 -9999 -9999 -9999 -9999 -9999 -9999 0.00074597564525902271271 0.00063431594753637909889 0.00028834800468757748604 0.00013013508578296750784 0.00028448522789403796196 0.0042754220776259899139 0.0083000129088759422302 0.012212444096803665161 0.016020601615309715271 0.019765382632613182068 0.023455038666725158691 0.026963850483298301697 0.030256956815719604492 0.033338833600282669067 0.03612611815333366394 0.038791082799434661865 0.04139326140284538269 0.033063724637031555176 0.040680639445781707764 0.041675288230180740356 0.042497266083955764771 0.042996812611818313599
-9999 -9999 -9999 -9999 -9999 -9999 -9999 -9999 -9999 -9999 -9999 -9999 -9999 -9999 -9999 -9999 -9999 -9999 -9999 -9999 -9999 -9999 0.0039055037777870893478 0.0040190275758504867554 0.00065803644247353076935 0.0010808332590386271477 0.0050164973363280296326 0.0088007645681500434875 0.012605083175003528595 0.016428487375378608704 0.020107654854655265808 0.023640692234039306641 0.027088753879070281982 0.03040574491024017334 0.033728335052728652954 0.037036757916212081909 0.030276834964752197266 0.03901915624737739563 0.040688060224056243896 0.042126677930355072021 0.043170113116502761841
-9999 -9999 -9999 -9999 -9999 -9999 -9999 -9999 -9999 -9999 -9999 -9999 -9999 -9999 -9999 -9999 -9999 -9999 -9999 -9999 -9999 -9999 -9999 -9999 0.0080789923667907714844 0.0048869065940380096436 0.0013686929596588015556 0.0013549310388043522835 0.0051688537932932376862 0.0090631274506449699402 0.0128095969557762146 0.016412487253546714783 0.020028771832585334778 0.023640429601073265076 0.027318963780999183655 0.022159814834594726562 0.032191056758165359497 0.034652490168809890747 0.036866120994091033936 0.038835629820823669434 0.040402382612228393555
-9999 -9999 -9999 -9999 -9999 -9999 -9999 -9999 -9999 -9999 -9999 -9999 -9999 -9999 -9999 -9999 -9999 -9999 -9999 -9999 -9999 -9999 -9999 -9999 -9999 0.012042755261063575745 0.0087397294119000434875 0.0050649116747081279755 0.0013921622885391116142 0.0052934563718736171722 0.0090431245043873786926 0.012639413587749004364 0.016285032033920288086 0.019982622936367988586 0.023713340982794761658 0.018646495416760444641 0.029001146554946899414 0.031743153929710388184 -9999 -9999 -9999
-9999 -9999 -9999 -9999 -9999 -9999 -9999 -9999 -9999 -9999 -9999 -9999 -9999 -9999 -9999 -9999 -9999 -9999 -9999 -9999 -9999 -9999 -9999 -9999 -9999 -9999 -9999 0.012289224192500114441 0.0088109346106648445129 0.0015069728251546621323 0.0052479403093457221985 0.0088721485808491706848 0.012572938576340675354 0.01633572019636631012 0.020077414810657501221 0 -9999 -9999 -9999 -9999 -9999
