tests/data/reference/gistest_nucice/full/control/mwlevelrill_m.asc
ncols        123
nrows        77
xllcorner    -713746.799299980048
yllcorner    -1061022.369616159936
cellsize     10.000000000000
NODATA_value  -9999
[rows 54 to 71 of 77, columns 40 to 79 of 123]
0.003284272272139787674 0.0041208057664334774017 0.0036486317403614521027 0.0037007411010563373566 0.0032940395176410675049 0.0031834144610911607742 0.0034453673288226127625 0.0036822105757892131805 0.0099498108029365539551 0.012936111539602279663 0.0036220268812030553818 0.003642603754997253418 0.0035979822278022766113 0.004382242448627948761 0.0071028289385139942169 0.0051940395496785640717 0.0041043264791369438171 0.00357016013003885746 0.0042925500310957431793 0.0048960344865918159485 0.0040069869719445705414 0.0044501000083982944489 0.0043417117558419704437 0.0044043771922588348389 0.0044442852959036827087 0.0045687388628721237183 0.0046407468616962432861 0.0045530437491834163666 0.0043666283600032329559 0.0041972156614065170288 0.0041590635664761066437 0.0041790413670241832733 0.0045077693648636341095 0.0052926205098628997803 0.00038963826955296099186 0.0004003281937912106514 0.00090014026500284671783 0 0.001583586912602186203 0.0018977372674271464348
0.0039777159690856933594 0.0032670877408236265182 0.0032799257896840572357 0.0028590161819010972977 0.002812851686030626297 0.0038143151905387639999 0.0058701997622847557068 0.0076898550614714622498 0.004496347624808549881 0.0032576792873442173004 0.0032857470214366912842 0.0032413958106189966202 0.0043110791593790054321 0.0034719139803200960159 0.0047684730961918830872 0.0035316601861268281937 0.0031289346516132354736 0.0039952718652784824371 0.0047982949763536453247 0.0037919969763606786728 0.004713392350822687149 0.00041817908640950918198 0.0063355979509651660919 0.0085761761292815208435 0.0087717585265636444092 0.013272264972329139709 0.015943951904773712158 0.015057401731610298157 0.014013363048434257507 0.013072190806269645691 0.012461557053029537201 0.012043588794767856598 0.012397514656186103821 0.013408660888671875 0.01190861966460943222 0.01131305936723947525 0.011022103950381278992 0.026403846219182014465 0.010682539083063602448 0.010486506856977939606
0.0028470018878579139709 0.0028417340945452451706 0.0023581658024340867996 0.0023579087574034929276 0.003605578327551484108 0.0027356971986591815948 0.0027136513963341712952 0.0044157109223306179047 0.0027896605897694826126 0.0028646597638726234436 0.0028485998045653104782 0.0041120517998933792114 0.0031267262529581785202 0.0046519585885107517242 0.0028416907880455255508 0.0024829930625855922699 0.003553242189809679985 0.004611133132129907608 0.0034188679419457912445 0.0047917552292346954346 0.0035918739158660173416 0.0060654473491013050079 0.0034672082401812076569 0.0034145275130867958069 0.0060058110393583774567 0.0047997394576668739319 0.0040239482186734676361 0.0065903333015739917755 0.0063741337507963180542 0.0061516375280916690826 0.0059429146349430084229 0.0057484828867018222809 0.0057400488294661045074 0.0056852190755307674408 0.0053118360228836536407 0.0053084734827280044556 0.011535251513123512268 0.011161944828927516937 0.0047806026414036750793 0.0046883281320333480835
0.002348137320950627327 0.001811995403841137886 0.0018158135935664176941 0.0032953673508018255234 0.002353494986891746521 0.0023109638132154941559 0.0043233116157352924347 0.0023062680847942829132 0.0023342368658632040024 0.0023711752146482467651 0.0039233309216797351837 0.0026887070853263139725 0.0045490241609513759613 0.0023149289190769195557 0.0018325380515307188034 0.0029216215480118989944 0.0042061125859618186951 0.0029510096646845340729 0.0047949198633432388306 0.0032669340725988149643 0.0032153651118278503418 0.0032119413372129201889 0.0031691212207078933716 0.0030924736056476831436 0.0045498595573008060455 0.0036456394009292125702 0.0036666374653577804565 0.0046074776910245418549 0.0068105771206319332123 0.0086062466725707054138 0.010778049938380718231 0.010337852872908115387 0.010113480500876903534 0.0098247649148106575012 0.0086913267150521278381 0.0082763936370611190796 0.019761156290769577026 0.019197322428226470947 0.0078043392859399318695 0.007641229778528213501
0.0011817284394055604935 0.001186654786579310894 0.0028475876897573471069 0.0018359430832788348198 0.0018345307325944304466 0.0042488500475883483887 0.0018060654401779174805 0.0018054534448310732841 0.0018201724160462617874 0.0037017017602920532227 0.0023360718041658401489 0.0044558257795870304108 0.0017020044615492224693 0.0012141733895987272263 0.0024162260815501213074 0.0037493053823709487915 0.0023950953036546707153 0.0046657402999699115753 0.0028895379509776830673 0.0028224976267665624619 0.0027900722343474626541 0.0027956466656178236008 0.002769422018900513649 0.0045490805059671401978 0.0031438679434359073639 0.0032297701109200716019 0.0047151702456176280975 0.0035061421804130077362 0.003410242963582277298 0.0044276975095272064209 0.0035258163698017597198 0.0058871186338365077972 0.005915543530136346817 0.0058896439149975776672 0.0056565180420875549316 0.0053282403387129306793 0.011117387562990188599 0.010403892025351524353 0.0044499523937702178955 0.0046336986124515533447
0.00038877828046679496765 0.0023333295248448848724 0.0011866714339703321457 0.0011949357576668262482 0.004059271886944770813 0.0011880100937560200691 0.0011939969845116138458 0.0012072200188413262367 0.0033486105967313051224 0.0018738027429208159447 0.0047958972863852977753 0.0011208546347916126251 0.0004552224127110093832 0.0018689403077587485313 0.0034952501300722360611 0.0018531646346673369408 0.0044063567183911800385 0.0023947043810039758682 0.0023873366881161928177 0.0023545490112155675888 0.0023319518659263849258 0.002316746395081281662 0.0046656327322125434875 0.0027542943134903907776 0.0027575413696467876434 0.0046713193878531455994 0.0031790162902325391769 0.003123326227068901062 0.0045645316131412982941 0.0033253375440835952759 0.0032509195152670145035 0.003175544319674372673 0.0050825723446905612946 0.0055688116699457168579 0.0059512392617762088776 0.0069756163284182548523 0.015544947236776351929 0.0064250174909830093384 0.0065203285776078701019 0.0077504841610789299011
0.001719235558994114399 0.00036014179931953549385 0.00037452889955602586269 0.0036849246826022863388 0.000379798118956387043 0.00037905588396824896336 0.00037879057344980537891 0.0029282942414283752441 0.0012195339659228920937 0.0049449237994849681854 0.0004166479047853499651 0.00043236275087110698223 0.0011113684158772230148 0.0030054326634854078293 0.0012589936377480626106 0.004221546463668346405 0.0018240951467305421829 0.0018284920370206236839 0.0018313167383894324303 0.0018377117812633514404 0.0018234135350212454796 0.0047687157057225704193 0.0023019907530397176743 0.0023204048629850149155 0.0047067217528820037842 0.0027464639861136674881 0.0027229683473706245422 0.004684383980929851532 0.0030585220083594322205 0.0029912011232227087021 0.0029141604900360107422 0.0024476323742419481277 0.00046194478636607527733 0.00046371540520340204239 0.0019696876406669616699 0.00046080155880190432072 0 0.0013186407741159200668 0.0016928211553022265434 0.002734911162406206131
0.0020644261967390775681 0.0027232358697801828384 0.0032679787836968898773 0.00035992357879877090454 0.0011391439475119113922 0.0017428240971639752388 0.00232225772924721241 0.00033638064633123576641 0.0049409731291234493256 0.00037894246634095907211 0.0010837159352377057076 0.0015385990263894200325 0.0021076009143143892288 0.00035567575832828879356 0.0041674822568893432617 0.0012049162760376930237 0.0011932203778997063637 0.0011940514668822288513 0.0012023864546790719032 0.0012231447035446763039 0.0050629903562366962433 0.0018037826521322131157 0.0017932940972968935966 0.0048038889653980731964 0.0023229606449604034424 0.0022778622806072235107 0.0047278488054871559143 0.0026825708337128162384 0.0026457584463059902191 0.0025791760999709367752 0.002076506149023771286 0.00045751122524961829185 0.0010342128807678818703 0.0015334915369749069214 0.00044900603825226426125 0.00097986939363181591034 0 0.0018451379146426916122 0.0022714445367455482483 0.0040482473559677600861
0.0016483503859490156174 0.001982074463739991188 0.0025336439721286296844 0.0029425113461911678314 0.0032740260940045118332 0.0036032560747116804123 0.0040106633678078651428 0.0045841829851269721985 0.00028852481045760214329 0.0010375278070569038391 0.0014744192594662308693 0.0019063871586695313454 0.0025338137056678533554 0.003459964413195848465 0.00026548438472673296928 0.0003277572395745664835 0.00036677435855381190777 0.00038864847738295793533 0.0003924371558241546154 0.0052917269058525562286 0.0012275475310161709785 0.0012086519272997975349 0.0048942593857645988464 0.0018314522458240389824 0.001818106858991086483 0.0049085700884461402893 0.0022578316275030374527 0.0022299741394817829132 0.0021819295361638069153 0.0016336523694917559624 0.00045901813427917659283 0.00102177448570728302 0.0014749809633940458298 0.0019187839934602379799 0.0022599524818360805511 0.0024886645842343568802 0 0.0031950927805155515671 0.0035853094886988401413 0.00045387819409370422363
-9999 0.00020352085994090884924 0.00023660885926801711321 0.00030018706456758081913 0.0010333899408578872681 0.0015573425916954874992 0.0020237481221556663513 0.0025378332938998937607 0.0028646145947277545929 0.0029530522879213094711 0.0031079349573701620102 0.0035065468400716781616 0.0042954036034643650055 0.005080441012978553772 0.0053131533786654472351 0.005119520239531993866 0.005037609487771987915 0.0049831727519631385803 0.0050632692873477935791 0.00032960131647996604443 0.0003395135863684117794 0.0050642117857933044434 0.0011988419573754072189 0.0012166838860139250755 0.0052242791280150413513 0.001815467257983982563 0.001775409444235265255 0.0017262030160054564476 0.0011229523224756121635 0.00045545335160568356514 0.0010177714284509420395 0.0014471550239250063896 0.0018407159950584173203 0.0022298176772892475128 0.0025285973679274320602 0.0027817029040306806564 0 0.0035200431011617183685 0.0038170798216015100479 0.0040295203216373920441
-9999 -9999 -9999 -9999 0.00036810495657846331596 0.00035038008354604244232 0.0011486376170068979263 0.0018358401721343398094 0.00029520611860789358616 0.0010550840524956583977 0.0015427675098180770874 0.0019387851934880018234 0.0024952597450464963913 0.0031542633660137653351 0.0035201227292418479919 0.0037176273763179779053 0.0039393585175275802612 0.004209997132420539856 0.0045733945444226264954 0.0049316617660224437714 0.0050147818401455879211 0.00030854713986627757549 0.00033794753835536539555 0.0053918473422527313232 0.0012069209478795528412 0.0012063331669196486473 0.0011811491567641496658 0.00044611620251089334488 0.00044237312977202236652 0.0010083331726491451263 0.0014238842995837330818 0.0018017356051132082939 0.0021753986366093158722 0.0025555056054145097733 0.0028858210425823926926 0.0031929754186421632767 0 0.0038299690932035446167 0.0040029762312769889832 0.0040550050325691699982
-9999 -9999 -9999 -9999 -9999 -9999 -9999 -9999 -9999 -9999 0.00037718040402978658676 0.0011164515744894742966 0.0016282668802887201309 0.0019201739924028515816 0.0023584703449159860611 0.0027082038577646017075 0.0031765038147568702698 0.0035299535375088453293 0.0037320449482649564743 0.0039571421220898628235 0.0042388145811855792999 0.0046458719298243522644 0.0050972807221114635468 0.00027915393002331256866 0.00031347727053798735142 0.00034345762105658650398 0.00037674381746910512447 0.0010311658261343836784 0.0014500786783173680305 0.0017757753375917673111 0.0020923598203808069229 0.0024482060689479112625 0.0028468051459640264511 0.0033027012832462787628 0.0069866762496531009674 0.007287945132702589035 0 0.0072250445373356342316 0.0070080887526273727417 0.0066753597930073738098
-9999 -9999 -9999 -9999 -9999 -9999 -9999 -9999 -9999 -9999 -9999 0.00026636404800228774548 0.00016160013910848647356 0.0010906292591243982315 0.0016611295286566019058 0.0021772305481135845184 0.0027065244503319263458 0.0032403203658759593964 0.003636986948549747467 0.0039295861497521400452 0.0042368164286017417908 0.0044141695834696292877 0.004136282019317150116 0.0042473431676626205444 0.0043176459148526191711 0.0041403882205486297607 0.0038520111702382564545 0.0036514247767627239227 0.0036023443099111318588 0.0036028628237545490265 0.0037091460544615983963 0.0039444337598979473114 0.0042628757655620574951 0.0046601984649896621704 0.00044640424312092363834 0.00044827206875197589397 0 0.0014683181652799248695 0.0017939130775630474091 0.0020295483991503715515
-9999 -9999 -9999 -9999 -9999 -9999 -9999 -9999 -9999 -9999 -9999 -9999 -9999 -9999 -9999 -9999 -9999 -9999 -9999 0.00031423676409758627415 0.00028579763602465391159 0.00016980576037894934416 9.3194023065734654665e-05 0.00015245181566569954157 0.0010349698131904006004 0.0015597525052726268768 0.0019830735400319099426 0.0022771973162889480591 0.0024253011215478181839 0.0025006765499711036682 0.0027773298788815736771 0.003214875468984246254 0.0036973697133362293243 0.0041947592981159687042 0.0043917871080338954926 0.0042783450335264205933 0.0086884722113609313965 0.0040047662332653999329 0.0039846696890890598297 0.0038414606824517250061
-9999 -9999 -9999 -9999 -9999 -9999 -9999 -9999 -9999 -9999 -9999 -9999 -9999 -9999 -9999 -9999 -9999 -9999 -9999 -9999 -9999 -9999 0.0012657158076763153076 0.0012471954105421900749 0.0002895898069255053997 0.00036969609209336340427 0.0010975955519825220108 0.0016080350615084171295 0.0019311247160658240318 0.0021082144230604171753 0.0022933995351195335388 0.0025926518719643354416 0.0031016045249998569489 0.0035645922180265188217 0.0037479859311133623123 0.0037024046760052442551 0.0077509977854788303375 0.0037851782981306314468 0.0038547045551240444183 0.0037725316360592842102
-9999 -9999 -9999 -9999 -9999 -9999 -9999 -9999 -9999 -9999 -9999 -9999 -9999 -9999 -9999 -9999 -9999 -9999 -9999 -9999 -9999 -9999 -9999 -9999 0.0019448874518275260925 0.0011831113370135426521 0.00042953927186317741871 0.0004222054558340460062 0.0010800882009789347649 0.0014751228736713528633 0.0018050273647531867027 0.002118594711646437645 0.0023310536053031682968 0.0027496465481817722321 0.0029848460108041763306 0.0060769072733819484711 0.0031700448598712682724 0.0034181005321443080902 0.0034994583111256361008 0.0034760830458253622055
-9999 -9999 -9999 -9999 -9999 -9999 -9999 -9999 -9999 -9999 -9999 -9999 -9999 -9999 -9999 -9999 -9999 -9999 -9999 -9999 -9999 -9999 -9999 -9999 -9999 0.0023424660321325063705 0.0017634627874940633774 0.0011827320558950304985 0.00043018208816647529602 0.0010614824714139103889 0.0015079211443662643433 0.0019260648405179381371 0.0022429192904382944107 0.0024987973738461732864 0.0026956438086926937103 0.0052135153673589229584 0.0027793277986347675323 0.0029976284131407737732 -9999 -9999
-9999 -9999 -9999 -9999 -9999 -9999 -9999 -9999 -9999 -9999 -9999 -9999 -9999 -9999 -9999 -9999 -9999 -9999 -9999 -9999 -9999 -9999 -9999 -9999 -9999 -9999 -9999 0.0023426553234457969666 0.0017766549717634916306 0.00044090687879361212254 0.0010775366099551320076 0.0015939439181238412857 0.002017035381868481636 0.0023482691030949354172 0.0026117058005183935165 0 -9999 -9999 -9999 -9999
