tests/data/reference/gistest_nucice/full/control/mwlevelrill_m.asc
ncols        123
nrows        77
xllcorner    -713746.799299980048
yllcorner    -1061022.369616159936
cellsize     10.000000000000
NODATA_value  -9999
[rows 36 to 53 of 77, columns 80 to 119 of 123]
0.00494962325319647789 0.007558488752692937851 0.021396351978182792664 0 0 0.00044948828872293233871 0.001666447613388299942 0.002360945800319314003 0.0031867409124970436096 0.003443719819188117981 0.014039543457329273224 0.0022403986658900976181 0.0017835363978520035744 0.0028096130117774009705 0.0011921060504391789436 0.00035420281346887350082 0.0035220969002693891525 0.0062784641049802303314 0.001129171811044216156 0.0023410669527947902679 0.0018406936433166265488 0.0031468546949326992035 0.0010930456919595599174 0.0016244720900431275368 0.0011751559795811772346 0 -9999 -9999 -9999 -9999 -9999 -9999 -9999 -9999 -9999 -9999 -9999 -9999 -9999 -9999
0.0047848462127149105072 0.0071469517424702644348 0.050977930426597595215 0.0014039919478818774223 0.0011411544401198625565 0.0004457327304407954216 0.0020824004895985126495 0.0027205408550798892975 0.0033782613463699817657 0.0036479923874139785767 0.01536988280713558197 0.0022736270911991596222 0.003162523265928030014 0.0018055400578305125237 0.001196063007228076458 0.0037809414789080619812 0.006558450404554605484 0.00027873602812178432941 0.0018409856129437685013 0.0028979084454476833344 0.0024011726491153240204 0.0034637963399291038513 0.0016668090829625725746 0.0021321948152035474777 0.0015798243694007396698 0.0010433210991322994232 0 0 -9999 -9999 -9999 -9999 -9999 -9999 -9999 -9999 -9999 -9999 -9999 -9999
0.0043868650682270526886 0.01521687675267457962 0.049424096941947937012 0.0016751067014411091805 0.0011289709946140646935 0.00044077029451727867126 0.0024574599228799343109 0.003089220728725194931 0.0035642618313431739807 0.016481719911098480225 0.0026643865276128053665 0.0034361127763986587524 0.0022905378136783838272 0.0017939029494300484657 0.0039278860203921794891 0.0065193348564207553864 0.0012003749143332242966 0.002441595541313290596 0.00025885889772325754166 0.0033103935420513153076 0.0028230329044163227081 0.0037418198771774768829 0.0021318832878023386002 0.0027006354648619890213 0.0022188511211425065994 0.0016483475919812917709 0.00096774060511961579323 0.0012552510015666484833 0 -9999 -9999 -9999 -9999 -9999 -9999 -9999 -9999 -9999 -9999 -9999
0.0097416425123810768127 0 0.019648294895887374878 0.0030220320913940668106 0.0011202126042917370796 0.00043504469795152544975 0.0028062886558473110199 0.0034552339930087327957 0.0037316854577511548996 0.017483590170741081238 0.0036178012378513813019 0.0026746604125946760178 0.0022522038780152797699 0.0039918697439134120941 0.0064150267280638217926 0.0018270573345944285393 0.0028604334220290184021 0.0011947171296924352646 0.00031794843380339443684 0.0036018365062773227692 0.0031956438906490802765 0.0041551021859049797058 0.0026696533896028995514 0.0033437933307141065598 0.002761206822469830513 0.0020317255984991788864 0.0014739877078682184219 0.0015513033140450716019 0.00014032422041054815054 0 -9999 -9999 -9999 -9999 -9999 -9999 -9999 -9999 -9999 -9999
0.0077355494722723960876 0.0061966232024133205414 0.019711395725607872009 0.0041613271459937095642 0.00046136931632645428181 0.0010404457570984959602 0.0031350485514849424362 0.0038233720697462558746 0.0039156377315521240234 0.018939262256026268005 0.0030080007854849100113 0.0026514185592532157898 0.0040378114208579063416 0.0061941654421389102936 0.0023313278798013925552 0.0032506485003978013992 0.0018160534091293811798 0.0011995167005807161331 0.0038665442261844873428 0.00030424716533161699772 0.0034795592073351144791 0.0044907028786838054657 0.0031116951722651720047 0.0037843252066522836685 0.0031062460038810968399 0.0025820583105087280273 0.0019751996733248233795 0.0020803986117243766785 0.00094232527771964669228 0.0020359533373266458511 0 -9999 -9999 -9999 -9999 -9999 -9999 -9999 -9999 -9999
0.074553951621055603027 0.0065120048820972442627 0.019841713830828666687 0.0047884820960462093353 0.00045114543172530829906 0.0015033709350973367691 0.0034906971268355846405 0.0042057451792061328888 0.019919516518712043762 0.0032806769013404846191 0.0029935017228126525879 0.004098815377801656723 0.0059894183650612831116 0.002733394969254732132 0.0035358776804059743881 0.0023574056103825569153 0.0018198720645159482956 0.0040147118270397186279 0.0011829753639176487923 0.00035027446574531495571 0.003642869880422949791 0.0046458630822598934174 0.0034036855213344097137 0.0040873135440051555634 0.0033922833390533924103 0.0032322618644684553146 0.0025433441624045372009 0.0025248255115002393723 0.0015653383452445268631 0.0020551197230815887451 0 0 -9999 -9999 -9999 -9999 -9999 -9999 -9999 -9999
0.035401064902544021606 0.0084007903933525085449 0.018846247345209121704 0.005102362949401140213 0.0010580832604318857193 0.0019753270316869020462 0.0039216959848999977112 0.0045528062619268894196 0.021113550290465354919 0.0032799511682242155075 0.004161020275205373764 0.0057667624205350875854 0.0030540360603481531143 0.0037204197142273187637 0.0027784458361566066742 0.0023566586896777153015 0.0041789677925407886505 0.0018192299176007509232 0.00039769738214090466499 0.0011238921433687210083 0.00383724248968064785 0.0048338244669139385223 0.0037004167679697275162 0.0043437751010060310364 0.0035930117592215538025 0.0036738307680934667587 0.0030236777383834123611 0.0027793170884251594543 0.001982265617698431015 0.0025092929136008024216 0.0015371399931609630585 0 0 0 -9999 -9999 -9999 -9999 -9999 -9999
0.12560427188873291016 0.038018625229597091675 0.026447322219610214233 0.0054391245357692241669 0.0016462720232084393501 0.0025052246637642383575 0.0043296674266457557678 0.0048090233467519283295 0.022074813023209571838 0.0041846823878586292267 0.0056543708778917789459 0.0033622398041188716888 0.0038386629894375801086 0.0030808909796178340912 0.0027587660588324069977 0.0042782607488334178925 0.002372691640630364418 0.0011963042197749018669 0.00039367654244415462017 0.0017199490685015916824 0.004039610736072063446 0.0050201467238366603851 0.0039631351828575134277 0.0043683135882019996643 0.0037459605373442173004 0.0038410488050431013107 0.0033099469728767871857 0.0030806642025709152222 0.002200076589360833168 0.0028115792665630578995 0.0020431794691830873489 0.00056910153944045305252 0 0 0 -9999 -9999 -9999 -9999 -9999
0 0 0.046660650521516799927 0.005877310875803232193 0.0021397548262029886246 0.0027712052688002586365 0.0044835573062300682068 0.0050246953032910823822 0.02386731468141078949 0.0054639349691569805145 0.0036518943961709737778 0.0040054861456155776978 0.0033410964533686637878 0.0030401367694139480591 0.0041910158470273017883 0.0027850721962749958038 0.0018017350230365991592 0.001181532745249569416 0.00039696032763458788395 0.0022267457097768783569 0.0041864095255732536316 0.0050334893167018890381 0.0040127690881490707397 0.0041176923550665378571 0.004083329811692237854 0.003932976163923740387 0.0034411204978823661804 0.0035405168309807777405 0.0024486328475177288055 0.0031162849627435207367 0.0024844175204634666443 0.0024279379285871982574 0.00056500564096495509148 0.00029284050106070935726 0 0 -9999 -9999 -9999 -9999
0.002037632279098033905 0 0 0 0.0024738477077335119247 0.0027707342524081468582 0.0045747975818812847137 0.0052732774056494235992 0.026806529611349105835 0.0038897688500583171844 0.0041490723378956317902 0.0036175204440951347351 0.0033217943273484706879 0.0041308412328362464905 0.0030492483638226985931 0.0022483048960566520691 0.0017477633664384484291 0.0011587659828364849091 0.00040917505975812673569 0.0026825079694390296936 0.0042980094440281391144 0.004825906362384557724 0.0038268778007477521896 0.004159286152571439743 0.0043037296272814273834 0.0040423371829092502594 0.0035030466970056295395 0.0038095153868198394775 0.0028422703035175800323 0.0034252412151545286179 0.0028485551010817289352 0.003245678730309009552 0.0011569350026547908783 0.00038913561729714274406 0.0018026476027444005013 0.0012890853686258196831 0 -9999 -9999 -9999
0.0011690034298226237297 0.0016194191994145512581 0.0019111750880256295204 0 0 0 0.0051568020135164260864 0.0057216985151171684265 0.029294272884726524353 0.0043671582825481891632 0.0038959498051553964615 0.0036200599279254674911 0.0041893767192959785461 0.0033396293874830007553 0.0026295084971934556961 0.0022011494729667901993 0.0017049062298610806465 0.0011377976043149828911 0.00042559826397337019444 0.003050029044970870018 0.0042848070152103900909 0.0044462867081165313721 0.0035927430726587772369 0.0043035610578954219818 0.0044602788984775543213 0.0042334166355431079865 0.0036439229734241962433 0.0039946320466697216034 0.0030970000661909580231 0.0037239443045109510422 0.0032200738787651062012 0.0044012451544404029846 0.0011620677541941404343 0.00042299079359509050846 0.0034829908981919288635 0.00054089812329038977623 0.00024333417240995913744 0 0 -9999
0.0017300890758633613586 0.0018758797086775302887 0.0020173641387373209 0.0022004928905516862869 0.003317007794976234436 0 0 0.0063073462806642055511 0.033132959157228469849 0.0043242708779871463776 0.003957378678023815155 0.0042944257147610187531 0.0036370325833559036255 0.0030217354651540517807 0.0026297103613615036011 0.0021723569370806217194 0.0016663513379171490669 0.001114229205995798111 0.00043941970216110348701 0.0033063436858355998993 0.0041916063055396080017 0.0041001974605023860931 0.0037173598539084196091 0.0044307024218142032623 0.0046051354147493839264 0.0044277282431721687317 0.0038258845452219247818 0.0042258598841726779938 0.0032847949769347906113 0.0041967891156673431396 0.0069875554181635379791 0.0017700074240565299988 0.0011891535250470042229 0.0039173783734440803528 0.0013048353139311075211 0.0012633141595870256424 0.00044521602103486657143 0.0014458425575867295265 0 -9999
0.011519579216837882996 0.010503596626222133636 0.0098056718707084655762 0.009375638328492641449 0.010807293467223644257 0.00033282375079579651356 0 0.0062499199993908405304 0.036243427544832229614 0.0044853491708636283875 0.0045318217016756534576 0.0039281402714550495148 0.0033594763372093439102 0.0030349313747137784958 0.0026193505618721246719 0.0021373881027102470398 0.0016276520909741520882 0.0010943297529593110085 0.00044767293729819357395 0.0035129960160702466965 0.0041110226884484291077 0.0039162030443549156189 0.0038492872845381498337 0.0044802064076066017151 0.0047239530831575393677 0.0045749740675091743469 0.003969712182879447937 0.0044913543388247489929 0.0035319963935762643814 0.0048566083423793315887 0.0085653038695454597473 0.0018101428868249058723 0.0042732972651720046997 0.0018483402673155069351 0.0018739296356216073036 0.0013078019255772233009 0.0021971170790493488312 0.0012840232811868190765 -9999 -9999
0.0020234542898833751678 0.0021908604539930820465 0.0023706895299255847931 0.0025489067193120718002 0.003440435510128736496 0.01443788968026638031 0 0 0.038570813834667205811 0.0049924785271286964417 0.0043815849348902702332 0.0037450389936566352844 0.0033863019198179244995 0.0030288081616163253784 0.002589143579825758934 0.002092009643092751503 0.0015880316495895385742 0.0010786561761051416397 0.00045265670632943511009 0.0036618523299694061279 0.0040207467973232269287 0.0038766115903854370117 0.0037996049504727125168 0.004411122296005487442 0.0047844424843788146973 0.0047316281124949455261 0.0041158800013363361359 0.0046817404218018054962 0.0040081162005662918091 0.011602322570979595184 0.0022969895508140325546 0.0046692639589309692383 0.0023771622218191623688 0.0023351488634943962097 0.0018346905708312988281 0.0026088301092386245728 0.0019888689275830984116 -9999 -9999 -9999
0.0010133550968021154404 0.0013352811802178621292 0.0015955035341903567314 0.0018884674645960330963 0.0025577112101018428802 0.0067855860106647014618 0.015616150572896003723 0 0.040937919169664382935 0.0049031525850296020508 0.0042735636234283447266 0.003821412334218621254 0.0034233815968036651611 0.0030194222927093505859 0.0025545118842273950577 0.00045576135744340717793 0.0020115852821618318558 0.0020281781908124685287 0.00045380418305285274982 0.0037623604293912649155 0.0039879833348095417023 0.0039506410248577594757 0.0038024275563657283783 0.0041428501717746257782 0.0046091517433524131775 0.0047660530544817447662 0.0042037079110741615295 0.004635691177099943161 0.0044681895524263381958 0.01324779074639081955 0.0049773105420172214508 0.0028825032059103250504 0.0028657375369220972061 0.0023629365023225545883 0.002981998492032289505 0.0023421698715537786484 0.00039162792381830513477 -9999 -9999 -9999
0.0013164428528398275375 0.0016170195303857326508 0.0018189132679253816605 0.0021342444233596324921 0.0026904295664280653 0.0036473143845796585083 0.0082013113424181938171 0 0 0.0047791125252842903137 0.0043173022568225860596 0.0038733531255275011063 0.0034502148628234863281 0.0030028664041310548782 0.001097330823540687561 0.00045024507562629878521 0.0024157655425369739532 0.0028167557902634143829 0.00044854974839836359024 0.0038518812507390975952 0.0040402114391326904297 0.0040429360233247280121 0.0039786975830793380737 0.0041894181631505489349 0.0043247663415968418121 0.0046407426707446575165 0.0042077158577740192413 0.0048361476510763168335 0.0048166308552026748657 0.016303274780511856079 0.003339783521369099617 0.0033313052263110876083 0.0028695778455585241318 0.0035265865735709667206 0.0028161534573882818222 0.0012014247477054595947 0.00043409827048890292645 0.00031622379901818931103 -9999 -9999
0.0019477854948490858078 0.0020929998718202114105 0.0022964628878980875015 0.002738656243309378624 0.003257256699725985527 0.0040905494242906570435 0.0047053392045199871063 0.0083227548748254776001 0 0.0077763935551047325134 0.0042875083163380622864 0.0039126030169427394867 0.003496366553008556366 0.0016709397314116358757 0.00045401504030451178551 0.0010583940893411636353 0.0027690983843058347702 0.0031042222399264574051 0.0010044552618637681007 0.0039569665677845478058 0.0041092224419116973877 0.0041047176346182823181 0.0040982551872730255127 0.0043064397759735584259 0.0043967785313725471497 0.0043674376793205738068 0.0040667168796062469482 0.0051092617213726043701 0.017820073291659355164 0.0036511330399662256241 0.0037085385993123054504 0.0032836871687322854996 0.0039034413639456033707 0.0032862054649740457535 0.0018553457921370863914 0.0012052432866767048836 0.0011995374225080013275 0.00038608023896813392639 0.0001319372677244246006 -9999
0.0056499959900975227356 0.0055212541483342647552 0.0057194200344383716583 0.0061265374533832073212 0.0065488070249557495117 0.0072073689661920070648 0.0051396926864981651306 0.011275094933807849884 0 0 0.0042535192333161830902 0.0039456626400351524353 0.0022628079168498516083 0.00045088474871590733528 0.0010791308013722300529 0.0015451605431735515594 0.0030416119843721389771 0.0033230374101549386978 0.0014340932248160243034 0.0040450985543429851532 0.0041468790732324123383 0.0041914009489119052887 0.0042319381609559059143 0.0042882119305431842804 0.0042587453499436378479 0.0041102655231952667236 0.004161618649959564209 0.0054411408491432666779 0.020503340288996696472 0.0039343326352536678314 0.0086941383779048919678 0.0065773543901741504669 0.0035562166012823581696 0.0024364027194678783417 0.0018680562498047947884 0.0017894051270559430122 0.0027697498444467782974 0.0016889108810573816299 0.00026602140860632061958 -9999
