tests/data/reference/gistest_nucice/full/control/mwlevelrill_m.asc
ncols        123
nrows        77
xllcorner    -713746.799299980048
yllcorner    -1061022.369616159936
cellsize     10.000000000000
NODATA_value  -9999
[rows 54 to 71 of 77, columns 80 to 119 of 123]
0.0021694302558898925781 0.0023901646491140127182 0.0026721511967480182648 0.0030873119831085205078 0.0035724386107176542282 0.0040750973857939243317 0.010561198927462100983 0.014476717449724674225 0.00043262389954179525375 0 0.0041694897226989269257 0.0027551290113478899002 0.0011514639481902122498 0.00043716144864447414875 0.0015199650079011917114 0.0018899956485256552696 0.0032034923788160085678 0.0035143047571182250977 0.0018079065484926104546 0.0041165393777191638947 0.0042003723792731761932 0.0043199686333537101746 0.0043504303321242332458 0.0042128972709178924561 0.0041809440590441226959 0.0043088039383292198181 0.0046431324444711208344 0.022042885422706604004 0.0040794271044433116913 0.0084126042202115058899 0.00043445674236863851547 0.00039980123983696103096 0.0028572650626301765442 0.002445124555379152298 0.0064472407102584838867 0.0044467966072261333466 0.0016334818210452795029 0.0010511655127629637718 0.00031190717709250748158 0
0.010186411440372467041 0.009729472920298576355 0.0094340723007917404175 0.0096188364550471305847 0.010023793205618858337 0.010422047227621078491 0.01178834959864616394 0.011790473945438861847 0.012720679864287376404 0 0.0030591797549277544022 0.0017316705780103802681 0.00045737225445918738842 0.0010042128851637244225 0.0017880045343190431595 0.002107939915731549263 0.0033043073490262031555 0.0037160539068281650543 0.0021654230076819658279 0.0042086262255907058716 0.0042788367718458175659 0.0044175386428833007812 0.0044148867018520832062 0.0042429622262716293335 0.0043483041226863861084 0.0047651273198425769806 0.023438863456249237061 0.0041716503910720348358 0.0084380200132727622986 0.0020905691199004650116 0.0010758179705590009689 0.0030868095345795154572 0.0028423327021300792694 0.0088842101395130157471 0.0031920899637043476105 0.0025050875265151262283 0.0019990333821624517441 0.0015787041047587990761 0.0011280321050435304642 0
0.0045491117052733898163 0.0043232114985585212708 0.0040245559066534042358 0.0038768192753195762634 0.003938210662454366684 0.0040476350113749504089 0.004497269168496131897 0.016106965020298957825 0.02257946506142616272 0 0 0.0005487086600624024868 0.0010693288641050457954 0.0013688966864719986916 0.002015824662521481514 0.0023279236629605293274 0.003466466907411813736 0.0039638546295464038849 0.0025145392864942550659 0.0043166074901819229126 0.0043869353830814361572 0.0045335562899708747864 0.0045582419261336326599 0.0044970018789172172546 0.004765555262565612793 0.0053334408439695835114 0.027139397338032722473 0.0083760060369968414307 0.0025456445291638374329 0.0033750098664313554764 0.0031346885953098535538 0.0030429968610405921936 0.0086645577102899551392 0.0035692639648914337158 0.0029464133549481630325 0.002322850516065955162 0.0019183290423825383186 0.0015938353026285767555 0.0011497137602418661118 0.00012469866487663239241
0.0073076998814940452576 0.0073553184047341346741 0.0077853049151599407196 0.0077278972603380680084 0.0075826761312782764435 0.0075138048268854618073 0.0075364899821579456329 0.0075126807205379009247 0.024444276466965675354 0.016866482794284820557 0 0.0010155211202800273895 0.0014232636895030736923 0.0016706339083611965179 0.0022614281624555587769 0.0025987164117395877838 0.0037010121159255504608 0.004218796268105506897 0.0028402151074260473251 0.0044679655693471431732 0.0045940754935145378113 0.0047493926249444484711 0.0048363036476075649261 0.0049312189221382141113 0.0053356420248746871948 0.029427578672766685486 0.0085525382310152053833 0.0030070242937654256821 0.0036511907819658517838 0.00046165188541635870934 0.0031603933311998844147 0.0081765297800302505493 0.0037898297887295484543 0.0039713596925139427185 0.0033358302898705005646 0.0027983624022454023361 0.0025689792819321155548 0.0025168240536004304886 0.0023667979985475540161 0.001207314198836684227
0.004924134816974401474 0.0052238381467759609222 0.013914134353399276733 0.013311065733432769775 0.013052291236817836761 0.014264452271163463593 0.014510165899991989136 0.013839282095432281494 0.013113257475197315216 0.045162409543991088867 0 0 0.0018213556613773107529 0.0020600131247192621231 0.0025901123881340026855 0.0029488261789083480835 0.00398680148646235466 0.0044834124855697154999 0.0031893299892544746399 0.0047031757421791553497 0.0048464001156389713287 0.0049201017245650291443 0.0050269933417439460754 0.0052864225581288337708 0.030774820595979690552 0.0084061212837696075439 0.0035166023299098014832 0.0068540973588824272156 0.0039544235914945602417 0.0033958647400140762329 0.0078415060415863990784 0.0038749817758798599243 0.006988069973886013031 0.0038780979812145233154 0.0033829680178314447403 0.0029377129394561052322 0.0027345772832632064819 0.0027821480762213468552 0.0028066539671272039413 0.0025216664653271436691
0.0095436489209532737732 0.012234654277563095093 0.0019175595371052622795 0.0028990062419325113297 0.0037705900613218545914 0.001419313834048807621 0.0013955105096101760864 0.0023750127293169498444 0.0033495184034109115601 0.003664304269477725029 0.047746796160936355591 0 0 0.0024488128256052732468 0.0030456564854830503464 0.0033525989856570959091 0.0042895791120827198029 0.0047925771214067935944 0.0035972744226455688477 0.0049684923142194747925 0.0050451485440135002136 0.0049691516906023025513 0.0050878380425274372101 0.031097775325179100037 0.0079984301701188087463 0.003843128914013504982 0.012346078641712665558 0.0075452439486980438232 0.0076366136781871318817 0.0077639739029109477997 0.0040015000849962234497 0.0092371171340346336365 0.0038296098355203866959 0.0034963623620569705963 0.0031149694696068763733 0.0027020787820219993591 0.0023512458428740501404 0.0022929552942514419556 0.0020402851514518260956 0.0017580040730535984039
0.0044194171205163002014 0.0015416054520756006241 0.0010417447192594408989 0.0010142332175746560097 0.001002156408503651619 0.00099700153805315494537 0.00097416475182399153709 0.0009371294872835278511 0.00093702692538499832153 0.0014291749102994799614 0.0017759032780304551125 0.052174463868141174316 0 0 0.0036351431626826524734 0.0038131535984575748444 0.004586403723806142807 0.0050954539328813552856 0.0039809565059840679169 0.0051124538294970989227 0.0051265666261315345764 0.0050305104814469814301 0.005334248766303062439 0.03713347017765045166 0.004229327663779258728 0.01461864076554775238 0.0043364316225051879883 0.0043887146748602390289 0.0043852175585925579071 0.0041920682415366172791 0.0091556869447231292725 0.00045470683835446834564 0.0027994133997708559036 0.0023634762037545442581 0.0019259308464825153351 0.0014690608950331807137 0.00098034937400370836258 0.00023540885013062506914 0.0010363527107983827591 0
0.0010470323031768202782 0.00046589353587478399277 0.00046246603596955537796 0.00046177484910003840923 0.00046375856618396937847 0.00046372384531423449516 0.00045920244883745908737 0.00045323697850108146667 0.0032101057004183530807 0.0037891720421612262726 0.0043097427114844322205 0.0050528608262538909912 0.058113258332014083862 0 0.0044417157769203186035 0.0043089697137475013733 0.004816401749849319458 0.0053244419395923614502 0.0042942441068589687347 0.0051311627030372619629 0.0051282877102494239807 0.0052323560230433940887 0.038651421666145324707 0.0045860265381634235382 0.01545812562108039856 0.0014671764802187681198 0.0010001995833590626717 0.00045067109749652445316 0.00045513879740610718727 0.0097608491778373718262 0.0010739639401435852051 0.0032023198436945676804 0.00045917299576103687286 0.0010458729229867458344 0.00044796953443437814713 0.00044234507367946207523 0.00043004899634979665279 -9999 0.00011242406617384403944 0.0020481171086430549622
0.00044909724965691566467 0.00098798074759542942047 0.001419740729033946991 0.0018118752632290124893 0.0021658935584127902985 0.0024688958656042814255 0.0027308319695293903351 0.0029656866099685430527 0.00045104333548806607723 0.0004529509169515222311 0.00095973891438916325569 0.0015564457280561327934 0.002077433047816157341 0 0 0.0042097829282283782959 0.0048052715137600898743 0.0054950634948909282684 0.0046460395678877830505 0.0052658622153103351593 0.0053458688780665397644 0.040501568466424942017 0.0048756944015622138977 0.016461264342069625854 0.0022461034823209047318 0.0018282714299857616425 0.0015012407675385475159 0.0010877033928409218788 0.010052492842078208923 0.00046477984869852662086 0.0036012521013617515564 0.0010864295763894915581 0.0015714933397248387337 0.00046044867485761642456 -9999 -9999 -9999 -9999 -9999 0.0001532953319838270545
0.0041259555146098136902 0.0041791102848947048187 0.0042853206396102905273 0.0044729737564921379089 0.0046747075393795967102 0.0048643895424902439117 0.0050153029151260852814 0.0050816270522773265839 0.0051524299196898937225 0.0052473023533821105957 0.0092355031520128250122 0.0099290665239095687866 0.010568642988801002502 0.011111469939351081848 0 0 0.0045549045316874980927 0.0088039254769682884216 0.00045528920600190758705 0.0055868644267320632935 0.044304300099611282349 0.0050807758234441280365 0.018203269690275192261 0.0018831409979611635208 0.0013814107514917850494 0.00099979364313185214996 0.00044926424743607640266 0.010026743635535240173 0.0011296332813799381256 0.0040690116584300994873 0.0016439466271549463272 0.0020489688031375408173 -9999 -9999 -9999 -9999 -9999 -9999 -9999 -9999
0.0040539726614952087402 0.0040729632601141929626 0.0041332254186272621155 0.004291102290153503418 0.0044696391560137271881 0.0047588422894477844238 0.0050261802971363067627 0.0051527516916394233704 0.0052807112224400043488 0.0054367217235267162323 0.00045507599133998155594 0.00045539977145381271839 0.00096563930856063961983 0.0014465895947068929672 0.013109871186316013336 0 0.0056406492367386817932 0.0093261264264583587646 0.0057449266314506530762 0.044862527400255203247 0.0051757488399744033813 0.018274335190653800964 0.0020137587562203407288 0.0013995891204103827477 0.00095859786961227655411 0.0004434510483406484127 0.0099833970889449119568 0.0016899831825867295265 0.0044732266105711460114 0.0021998293232172727585 -9999 -9999 -9999 -9999 -9999 -9999 -9999 -9999 -9999 -9999
0.0064426329918205738068 0.0063152699731290340424 0.0061733699403703212738 0.0061591602861881256104 0.0063206246122717857361 0.0062191239558160305023 0.0063528772443532943726 0.0065953005105257034302 0.006803632248193025589 0.0068460833281278610229 0.0067674284800887107849 0.0066377031616866588593 0.0067000039853155612946 0.0068673067726194858551 0.0064205261878669261932 0 0 0.012599118985235691071 0.044567488133907318115 0.0050837402231991291046 0.018664194270968437195 0.0099757090210914611816 0.0087721180170774459839 0.008392030373215675354 0.0086599113419651985168 0.0095916977152228355408 0.0021857998799532651901 0.0048135840333998203278 0.0027196793816983699799 -9999 -9999 -9999 -9999 -9999 -9999 -9999 -9999 -9999 -9999 -9999
0.0022623466793447732925 0.0025008101947605609894 0.00269789109006524086 0.0029047159478068351746 0.0033451595809310674667 0.0036941650323569774628 0.0038344527129083871841 0.0042547141201794147491 0.0047524375841021537781 0.0049855168908834457397 0.0051373252645134925842 0.0052817952819168567657 0.0054790759459137916565 0.0056317285634577274323 0.0057127345353364944458 0.0058374907821416854858 0 0 0.04700168222188949585 0.017990889027714729309 0.010273051448166370392 0.00047255976824089884758 0.00045927564497105777264 0.0010096372570842504501 0.00046130621922202408314 0.0025304716546088457108 0.0049495543353259563446 -9999 -9999 -9999 -9999 -9999 -9999 -9999 -9999 -9999 -9999 -9999 -9999 -9999
0.0037610491272062063217 0.0036964232567697763443 0.00359714520163834095 0.0035114015918225049973 0.0037643504329025745392 0.0039637708105146884918 0.0040121939964592456818 0.0039985096082091331482 0.0043452372774481773376 0.0045066499151289463043 0.0046363249421119689941 0.0047118701040744781494 0.0047671021893620491028 0.0048004887066781520844 0.0049210139550268650055 0.005083830561488866806 0.0057960809208452701569 0 0 0.010448103770613670349 0.0011112557258456945419 0.0010697961552068591118 0.0015114110428839921951 0.00046819716226309537888 0.0027492227964103221893 -9999 -9999 -9999 -9999 -9999 -9999 -9999 -9999 -9999 -9999 -9999 -9999 -9999 -9999 -9999
0.0037358102854341268539 0.0036937815602868795395 0.0036478727124631404877 0.0036269146949052810669 0.003651872510090470314 0.0039679114706814289093 0.0041997926309704780579 0.0043622232042253017426 0.0043214093893766403198 0.0040888851508498191833 0.0043700281530618667603 0.0044746529310941696167 0.0045461282134056091309 0.0046408623456954956055 0.004810995887964963913 0.004962465725839138031 0.0050247968174517154694 0.0074739726260304450989 0 0 0.0015931739471852779388 0.0019603820983320474625 -9999 -9999 -9999 -9999 -9999 -9999 -9999 -9999 -9999 -9999 -9999 -9999 -9999 -9999 -9999 -9999 -9999 -9999
0.0035054804757237434387 0.0035309479571878910065 0.0035840941127389669418 0.0036664602812379598618 0.0037001506425440311432 0.0037159670609980821609 0.0042284210212528705597 0.0047396770678460597992 0.00043702890980057418346 0.00043731345795094966888 0.00093487347476184368134 0.0011976099340245127678 -9999 -9999 -9999 -9999 -9999 -9999 0.0080256024375557899475 0 0.0025027133524417877197 -9999 -9999 -9999 -9999 -9999 -9999 -9999 -9999 -9999 -9999 -9999 -9999 -9999 -9999 -9999 -9999 -9999 -9999 -9999
-9999 -9999 -9999 -9999 -9999 -9999 -9999 -9999 -9999 -9999 -9999 -9999 -9999 -9999 -9999 -9999 -9999 -9999 -9999 0 -9999 -9999 -9999 -9999 -9999 -9999 -9999 -9999 -9999 -9999 -9999 -9999 -9999 -9999 -9999 -9999 -9999 -9999 -9999 -9999
-9999 -9999 -9999 -9999 -9999 -9999 -9999 -9999 -9999 -9999 -9999 -9999 -9999 -9999 -9999 -9999 -9999 -9999 -9999 -9999 -9999 -9999 -9999 -9999 -9999 -9999 -9999 -9999 -9999 -9999 -9999 -9999 -9999 -9999 -9999 -9999 -9999 -9999 -9999 -9999
