tests/data/reference/gistest_nucice/full/control/mwlevelrill_m.asc
ncols        123
nrows        77
xllcorner    -713746.799299980048
yllcorner    -1061022.369616159936
cellsize     10.000000000000
NODATA_value  -9999
[rows 18 to 35 of 77, columns 40 to 79 of 123]
0.0032748770900070667267 0.002379751298576593399 0.0039877044036984443665 0.0029525579884648323059 0.0029280667658895254135 0.0018379582324996590614 0.0022847424261271953583 0.0036457232199609279633 0.0010590138845145702362 0.00043182866647839546204 0.0017478320514783263206 0.0022362687159329652786 0.0035452893935143947601 0.0026250167284160852432 0.0016867867670953273773 0.0016545657999813556671 0.0011095971567556262016 0.00046446701162494719028 0.00045389996375888586044 0.00044443670776672661304 0.00043962366180494427681 0.0004406501248013228178 0.0035900899674743413925 0.0011977604590356349945 0.0012240246869623661041 0.0012361735571175813675 0.0056349067017436027527 0.0018596396548673510551 0.0018748763250187039375 0.0069886497221887111664 0.0018501104786992073059 0.0019298337865620851517 0 0.040080487728118896484 0.0059921266511082649231 0.0023071693722158670425 0.0015244571259245276451 0.00091393227921798825264 0.00024325863341800868511 -9999
0.0034911758266389369965 0.0026717486325651407242 0.0040283924899995326996 0.0030573757831007242203 0.0030463265720754861832 0.0020834703464061021805 0.0024446111638098955154 0.0036206129007041454315 0.0015145016368478536606 0.00043856861884705722332 0.0011421508388593792915 0.0022012731060385704041 0.0026387923862785100937 0.0037230567540973424911 0.003000184427946805954 0.0021560606546700000763 0.0021454356610774993896 0.0016757133416831493378 0.0011402138043195009232 0.0011437722714617848396 0.0011491159675642848015 0.0011559213744476437569 0.0011690420797094702721 0.0040805521421134471893 0.0018120398744940757751 0.001807312830351293087 0.0017926313448697328568 0.0053294436074793338776 0.0023827850818634033203 0.0075612412765622138977 0.0021930648945271968842 0.0021395548246800899506 9.945129932020790875e-06 0.0012612688587978482246 0.041442103683948516846 0.0087677268311381340027 0.0019844349008053541183 0.0014156359247863292694 0.00094185123452916741371 0.00035048899007961153984
0.0037261322140693664551 0.002867293311282992363 0.0039851390756666660309 0.0031617188360542058945 0.0031404960900545120239 0.0023176341783255338669 0.0026329439133405685425 0.0036602765321731567383 0.0018761154497042298317 0.00043922307668253779411 0.0011102580465376377106 0.0016808916116133332253 0.0026272044051438570023 0.0030057823751121759415 0.0038514176849275827408 0.0033187561202794313431 0.002593620913103222847 0.0026058787479996681213 0.0021747085265815258026 0.0017020053928717970848 0.0017201199661940336227 0.0017434356268495321274 0.0017589323688298463821 0.0017630854854360222816 0.0043283887207508087158 0.0022718675900250673294 0.0022763826418668031693 0.0023006168194115161896 0.006822519935667514801 0.0069147273898124694824 0.002385461004450917244 0.002288352232426404953 0.00099738594144582748413 8.1886071711778640747e-05 0 0.039766132831573486328 0.010267673991620540619 0.0021613449789583683014 0.0014847497222945094109 0.00092292571207508444786
0.0040101702325046062469 0.0031164544634521007538 0.0038966741412878036499 0.0032804340589791536331 0.00322071881964802742 0.0025321601424366235733 0.0028372893575578927994 0.0037738985847681760788 0.0022073213476687669754 0.0010350934462621808052 0.00045844202395528554916 0.0016403821064159274101 0.0021656842436641454697 0.0029895894695073366165 0.0032965810969471931458 0.0039874385111033916473 0.0036457765381783246994 0.0030165158677846193314 0.0030418166425079107285 0.0026580786798149347305 0.0022250122856348752975 0.0022403846960514783859 0.0022409802768379449844 0.0022375718690454959869 0.0022474934812635183334 0.0045583057217299938202 0.002787116682156920433 0.0028370213694870471954 0.0080093014985322952271 0.0062486710958182811737 0.0025933801662176847458 0.0026653695385903120041 0.0014493601629510521889 0.0010329026263207197189 0.00027018855325877666473 0.0012471240479499101639 0.036144785583019256592 0.010597496293485164642 0.004254514351487159729 0.001509655732661485672
0.0043156393803656101227 0.0035547099541872739792 0.0040004327893257141113 0.0034573243465274572372 0.0033663122449070215225 0.0027914692182093858719 0.0030499901622533798218 0.0039469208568334579468 0.0025545330718159675598 0.001504883752204477787 0.0010595365893095731735 0.00046203762758523225784 0.002116026589646935463 0.0025629852898418903351 0.0032871488947421312332 0.003608226776123046875 0.0041802162304520606995 0.0039615859277546405792 0.0034262980334460735321 0.0034735263325273990631 0.0031035272404551506042 0.0026712855324149131775 0.0026680957525968551636 0.0026826660614460706711 0.0027099067810922861099 0.0027438180986791849136 0.0049329535104334354401 0.0033346102572977542877 0.0096890544518828392029 0.0059889424592256546021 0.0029725895728915929794 0.0029432366136461496353 0.0018283000681549310684 0.0015258683124557137489 0.0010546462144702672958 0.0017352851573377847672 0.00031116924947127699852 0.035336002707481384277 0.01032019592821598053 0.0058861076831817626953
0.0045869643799960613251 0.0040071136318147182465 0.0042946403846144676208 0.003712241537868976593 0.0036265326198190450668 0.0031188442371785640717 0.0032896341290324926376 0.0041524171829223632812 0.0029268418438732624054 0.0019428456434980034828 0.0015544290654361248016 0.0004597001243382692337 0.0010892276186496019363 0.0025095050223171710968 0.0029345243237912654877 0.0036441709380596876144 0.0039306534454226493835 0.0043527036905288696289 0.0042379251681268215179 0.0038127289153635501862 0.0038479280192404985428 0.0034827755298465490341 0.0030998084694147109985 0.0031256224028766155243 0.0031467531807720661163 0.003188404720276594162 0.0032798317261040210724 0.0052470220252871513367 0.011850886978209018707 0.0061724893748760223389 0.0031734660733491182327 0.0030445612501353025436 0.0021657708566635847092 0.0019216295331716537476 0.0015069169458001852036 0.00193537131417542696 0.00035716453567147254944 0.0011983223957940936089 0.034624513238668441772 0.010821399278938770294
0.0048082168214023113251 0.0043788715265691280365 0.0045282919891178607941 0.0039632730185985565186 0.0038110672030597925186 0.0033777533099055290222 0.0035234903916716575623 0.0043006748892366886139 0.0032476098276674747467 0.002320103812962770462 0.0004483707889448851347 0.0019980745855718851089 0.001070051221176981926 0.0015910419169813394547 0.0029051229357719421387 0.0033245517406612634659 0.0039592888206243515015 0.0042024995200335979462 0.0045446990989148616791 0.0045278826728463172913 0.0041625550948083400726 0.0041620652191340923309 0.00385054759681224823 0.0035039046779274940491 0.0035401233471930027008 0.0036154086701571941376 0.0037087677046656608582 0.0037751432973891496658 0.014599384739995002747 0.0062490971758961677551 0.0033894684165716171265 0.0032232627272605895996 0.0025396761484444141388 0.0022725425660610198975 0.0018689131829887628555 0.0021361936815083026886 0.0009450596407987177372 0.0016109875869005918503 0.00034588974085636436939 0.0356654338538646698
0.0050248936749994754791 0.0046781711280345916748 0.0046982280910015106201 0.0041874418966472148895 0.0039248289540410041809 0.0035534361377358436584 0.0037588528357446193695 0.0044043925590813159943 0.003518804674968123436 0.0026434385217726230621 0.0010203727288171648979 0.00046157379983924329281 0.0023805147502571344376 0.0015618090983480215073 0.0020406136754900217056 0.0032723112963140010834 0.0036887906026095151901 0.0042902887798845767975 0.0045285606756806373596 0.0047711702063679695129 0.0047216811217367649078 0.0043939156457781791687 0.0044046379625797271729 0.004164935089647769928 0.0039244494400918483734 0.0040342439897358417511 0.0040912958793342113495 0.0040587759576737880707 0.015508363954722881317 0.0060200383886694908142 0.0036920530255883932114 0.0035631132777780294418 0.0029166094027459621429 0.0026095809880644083023 0.0021985499188303947449 0.0023560621775686740875 0.0013040598714724183083 0.0018012771615758538246 0.0010000987676903605461 0.028065418824553489685
0.014357011765241622925 0.0049763540737330913544 0.0049004424363374710083 0.0044476524926722049713 0.0041639572009444236755 0.0038134588394314050674 0.0039950986392796039581 0.0044611315242946147919 0.0037511468399316072464 0.0029562902636826038361 0.0014733645366504788399 0.00045839365338906645775 0.0010359863517805933952 0.0027500996366143226624 0.0020099368412047624588 0.0024834331125020980835 0.0036945568863302469254 0.0041058622300624847412 0.0046011931262910366058 0.0047120302915573120117 0.0048126806505024433136 0.0047921519726514816284 0.0045994422398507595062 0.0046736369840800762177 0.004544399213045835495 0.0043447716161608695984 0.0043636541813611984253 0.004314760211855173111 0.017146548256278038025 0.0060212011449038982391 0.0040036868304014205933 0.0039251814596354961395 0.0033458773978054523468 0.003004533005878329277 0.0025664609856903553009 0.0026175898965448141098 0.001665354589931666851 0.0020357354078441858292 0.0013712727231904864311 0.023978900164365768433
0.015172363258898258209 0.0052569312974810600281 0.005148896481841802597 0.0047839595936238765717 0.004505916498601436615 0.0041893101297318935394 0.0042326748371124267578 0.0044643268920481204987 0.003919481765478849411 0.0032443527597934007645 0.0018743369728326797485 0.0010053687728941440582 0.0014797374606132507324 0.00046062018373049795628 0.003139990614727139473 0.0024769539013504981995 0.0029739318415522575378 0.0041079446673393249512 0.004388289526104927063 0.004695633426308631897 0.0047659720294177532196 0.0048718778416514396667 0.0049232970923185348511 0.0048413872718811035156 0.0049003548920154571533 0.0047491719014942646027 0.0045329625718295574188 0.0045406194403767585754 0.01940053887665271759 0.0062763984315097332001 0.0044288453646004199982 0.0043446817435324192047 0.0038522505201399326324 0.0035046730190515518188 0.0030384375713765621185 0.0029955352656543254852 0.0020032359752804040909 0.0023650536313652992249 0.001722962711937725544 0.022070897743105888367
0.020644418895244598389 0.005466612987220287323 0.0052853361703455448151 0.0050098383799195289612 0.0047789802774786949158 0.0045302086509764194489 0.0044737695716321468353 0.0044985292479395866394 0.0040757725946605205536 0.0035217578988522291183 0.0022505763918161392212 0.0014550413470715284348 0.0018773600459098815918 0.0010136122582480311394 0.0034215764608234167099 0.0028282522689551115036 0.00045828660950064659119 0.0033993516117334365845 0.0043771485798060894012 0.0045626377686858177185 0.0047873989678919315338 0.0048591932281851768494 0.0049536991864442825317 0.0050224983133375644684 0.0049740583635866641998 0.0050160884857177734375 0.0049355863593518733978 0.0047901850193738937378 0.021578527987003326416 0.0063649034127593040466 0.0047037475742399692535 0.004552755504846572876 0.0041374503634870052338 0.0038219352718442678452 0.0034098168835043907166 0.0033689360134303569794 0.0024230093695223331451 0.0027535832487046718597 0.0020877639763057231903 0.021093413233757019043
0.0028653647750616073608 0.022503200918436050415 0.0053406842052936553955 0.0050713047385215759277 0.0048709646798670291901 0.0047194655053317546844 0.0046525024808943271637 0.0045585623010993003845 0.0042324876412749290466 0.0037913527339696884155 0.0026139696128666400909 0.0018666305113583803177 0.0022590379230678081512 0.001467256457544863224 0.0036678821779787540436 0.0031258959788829088211 0.00045065506128594279289 0.0011070099426433444023 0.0037785153836011886597 0.0045963935554027557373 0.0046944711357355117798 0.0048454413190484046936 0.0049100555479526519775 0.0050039808265864849091 0.0050957128405570983887 0.0051552834920585155487 0.0052806301973760128021 0.0052156639285385608673 0.0049541583284735679626 0.023998448625206947327 0.0048007620498538017273 0.0045850826427340507507 0.004204837605357170105 0.0039012941997498273849 0.0035810570698231458664 0.0036047366447746753693 0.0028088998515158891678 0.0031651677563786506653 0.0024744875263422727585 0.020529186353087425232
0.051413875073194503784 0.054101034998893737793 0.027704758569598197937 0.0060815620236098766327 0.0056824507191777229309 0.0053672972135245800018 0.0051676649600267410278 0.004895796068012714386 0.0045368704013526439667 0.0041279657743871212006 0.0030231871642172336578 0.0022984796669334173203 0.002674420597031712532 0.0019125519320368766785 0.0039699589833617210388 0.0034580559004098176956 0.001056756824254989624 0.00045794635661877691746 0.0016510037239640951157 0.0040704887360334396362 0.0047297398559749126434 0.004851144738495349884 0.0050072246231138706207 0.0051115942187607288361 0.0052302675321698188782 0.0053479704074561595917 0.0053863641805946826935 0.0053213336504995822906 0.0050682974979281425476 0.0047541186213493347168 0.024291820824146270752 0.0046088369563221931458 0.0042960792779922485352 0.0039921160787343978882 0.0037238846998661756516 0.0037807885091751813889 0.0031437661964446306229 0.0035460491199046373367 0.0028642646502703428268 0.020068222656846046448
0.028026068583130836487 0.028502363711595535278 0.060048192739486694336 0.094256862998008728027 0.098514355719089508057 0.0069556636735796928406 0.01069241110235452652 0.0057280249893665313721 0.0050991633906960487366 0.0045622894540429115295 0.0035136500373482704163 0.0028098244220018386841 0.0031993801239877939224 0.0024423499125987291336 0.0043965834192931652069 0.003848102642223238945 0.0015679305652156472206 0.0010687005706131458282 0.00046882190508767962456 0.0021195192821323871613 0.0043819365091621875763 0.0050401729531586170197 0.0052120643667876720428 0.0053937723860144615173 0.0054997103288769721985 0.0055170087143778800964 0.0053956941701471805573 0.0051750848069787025452 0.0049426555633544921875 0.0047014420852065086365 0.025253219529986381531 0.0045829042792320251465 0.0043613296002149581909 0.0040776217356324195862 0.0038606373127549886703 0.0039667915552854537964 0.0034549110569059848785 0.0038610536139458417892 0.0032347501255571842194 0.019882798194885253906
0.0034589658025652170181 0.0034987921826541423798 0.0066888597793877124786 0.0088484473526477813721 0.0099839903414249420166 0.076767995953559875488 0.091961540281772613525 0.097973518073558807373 0.0066697960719466209412 0.0099113807082176208496 0.0044456524774432182312 0.0036135420668870210648 0.0039957868866622447968 0.0031830836087465286255 0.00509256729856133461 0.0044605964794754981995 0.00045412636245600879192 0.0021136025898158550262 0.0016333929961547255516 0.001125090988352894783 0.0026456981431692838669 0.0048008323647081851959 0.0053016422316431999207 0.0053951092995703220367 0.0054271654225885868073 0.0053481203503906726837 0.0051968586631119251251 0.0050292597152292728424 0.0048644845373928546906 0.0047261924482882022858 0.02733351290225982666 0.0047170091420412063599 0.0045122946612536907196 0.0041951723396778106689 0.0040046549402177333832 0.0041763279587030410767 0.0037544432561844587326 0.0041037392802536487579 0.0035502826794981956482 0.020259246230125427246
0.0031073885038495063782 0.0039066658355295658112 0.0031000457238405942917 0.0031130616553127765656 0.0031576622277498245239 0.0055344528518617153168 0.0072867139242589473724 0.0086023705080151557922 0.080324627459049224854 0.09050896763801574707 0.11580555140972137451 0.0061072958633303642273 0.004907761700451374054 0.0050982744432985782623 0.0040426878258585929871 0.0058145564980804920197 0.0051613431423902511597 0.0011868658475577831268 0.0027233075816184282303 0.0022256483789533376694 0.0017181320581585168839 0.0031021938193589448929 0.0049053151160478591919 0.0051171081140637397766 0.0050299079157412052155 0.0049554468132555484772 0.0049012512899935245514 0.0048707025125622749329 0.0048525212332606315613 0.0048423940315842628479 0.0048273163847625255585 0.030086748301982879639 0.0048474189825356006622 0.0044534252956509590149 0.0042374492622911930084 0.0044116042554378509521 0.0040259002707898616791 0.0042700977064669132233 0.0037811682559549808502 0.021367797628045082092
0.003699406282976269722 0.002658961806446313858 0.0026049811858683824539 0.0026243040338158607483 0.0026148278266191482544 0.0022011802066117525101 0.0022187975700944662094 0.0022180504165589809418 0.0022636321373283863068 0.0042400169186294078827 0.0060625714249908924103 0.092591300606727600098 0.11212782561779022217 0.11225040256977081299 0.0054692728444933891296 0.0045693987049162387848 0.0059673888608813285828 0.005401316564530134201 0.0017917390214279294014 0.0031742884311825037003 0.0026722154580056667328 0.0021755218040198087692 0.0033705327659845352173 0.0047763227485120296478 0.0048202080652117729187 0.0047299037687480449677 0.0047059045173227787018 0.004740507807582616806 0.0048136278055608272552 0.0049087540246546268463 0.0049838013947010040283 0.033849224448204040527 0.0052579534240067005157 0.0049137356691062450409 0.0046869856305420398712 0.004808056168258190155 0.004401585552841424942 0.0044873151928186416626 0.0039918106049299240112 0.023188341408967971802
0.0022167561110109090805 0.002190357772633433342 0.0021859970875084400177 0.002187657402828335762 0.0016971189761534333229 0.0017410505097359418869 0.0017184847965836524963 0.0016918692272156476974 0.0017222791211679577827 0.0018065517069771885872 0.0048657464794814586639 0.0067508840002119541168 0.0080568185076117515564 0.0065362351015210151672 0.092408925294876098633 0.0052574621513485908508 0.0046403165906667709351 0.0056509533897042274475 0.0052911769598722457886 0.0022916626185178756714 0.0034755670931190252304 0.0030188108794391155243 0.0025673315394669771194 0.0035879667848348617554 0.0046744416467845439911 0.0046671587042510509491 0.0046163494698703289032 0.004656498786062002182 0.0047823414206504821777 0.004953179042786359787 0.0051070307381451129913 0.0051951799541711807251 0.037646006792783737183 0.0055964998900890350342 0.0054130055941641330719 0.0054461481049656867981 0.0049433787353336811066 0.0047918357886373996735 0.0042109536007046699524 0.025309577584266662598
