tests/data/reference/gistest_nucice/full/control/widthrill.asc
ncols        125
nrows        78
xllcorner    -713756.799299980048
yllcorner    -1061032.369616159936
cellsize     10.000000000000
NODATA_value  -9999
[rows 38 to 56 of 78, columns 42 to 83 of 125]
0.067990429699420928955 0.11047481745481491089 0.1353028416633605957 0.15365470945835113525 0.16780786216259002686 0.17990241944789886475 0.19061191380023956299 0.069887198507785797119 0.069155015051364898682 0.069134861230850219727 0.076751433312892913818 0.11314906179904937744 0.13543216884136199951 0.15433587133884429932 0.74621301889419555664 0.76189637184143066406 0.75559914112091064453 0.76048099994659423828 0.77635371685028076172 0.7923793792724609375 0.80390554666519165039 0.81397289037704467773 0.82156503200531005859 0.83118975162506103516 0.84252369403839111328 0.85691392421722412109 0.87429827451705932617 0.88810741901397705078 1.313441157341003418 1.3108869791030883789 0.25182688236236572266 0.2459675520658493042 0.23847816884517669678 0.6788190007209777832 0.26315045356750488281 0.2673453986644744873 0.27054032683372497559 0.26803672313690185547 0.57636868953704833984 0.2503146827220916748 0.43730399012565612793 0.74963128566741943359
0.067734666168689727783 0.11089218407869338989 0.13636086881160736084 0.15552012622356414795 0.1704613417387008667 0.18265110254287719727 0.1929845958948135376 0.20363926887512207031 0.21518279612064361572 0.22310179471969604492 0.22656543552875518799 0.22966495156288146973 0.70820575952529907227 0.71819502115249633789 0.21358312666416168213 0.21272256970405578613 0.20980173349380493164 0.20868881046772003174 0.20915322005748748779 0.20959873497486114502 0.2108316272497177124 0.21266759932041168213 0.21629594266414642334 0.21115669608116149902 0.21400651335716247559 0.21749120950698852539 0.22112692892551422119 0.30010437965393066406 0.35396215319633483887 0.36112129688262939453 1.3325134515762329102 1.332905888557434082 1.2851470708847045898 1.2909553050994873047 0.74510735273361206055 0.27414861321449279785 0.2730255424976348877 0.26958411931991577148 0.57030826807022094727 0.35139942169189453125 0 0.47466370463371276855
0.11119634658098220825 0.13587002456188201904 0.1562798917293548584 0.17299669981002807617 0.18648062646389007568 0.19663847982883453369 0.20400387048721313477 0.21181285381317138672 0.22037102282047271729 0.22797091305255889893 0.23383219540119171143 0.72670572996139526367 0.21453307569026947021 0.21217717230319976807 0.21098621189594268799 0.20826762914657592773 0.2046868056058883667 0.20287294685840606689 0.20173442363739013672 0.20157472789287567139 0.20221889019012451172 0.2039772719144821167 0.19472521543502807617 0.19641864299774169922 0.19862569868564605713 0.20131747424602508545 0.21826392412185668945 0.21334062516689300537 0.4979489445686340332 0.52687180042266845703 0.54763078689575195312 0.55124360322952270508 0 0.071879461407661437988 1.4035642147064208984 0.81866091489791870117 0.28225341439247131348 0.27261984348297119141 0.073771774768829345703 0.29916742444038391113 0.29098477959632873535 0.47678512334823608398
0.18276409804821014404 0.19390700757503509521 0.20553313195705413818 0.21422401070594787598 0.21966387331485748291 0.22326828539371490479 0.22576798498630523682 0.22876116633415222168 0.23158609867095947266 0.71960395574569702148 0.73594403266906738281 0.21841719746589660645 0.21540527045726776123 0.21351476013660430908 0.21240761876106262207 0.21009398996829986572 0.20642897486686706543 0.20255059003829956055 0.2010160982608795166 0.19977945089340209961 0.19977839291095733643 0.18522439897060394287 0.18593473732471466064 0.18664123117923736572 0.18742799758911132812 0.20601007342338562012 0.19629745185375213623 0.46863359212875366211 0.21390056610107421875 0.20542472600936889648 0.20404362678527832031 0.20707049965858459473 0.28016912937164306641 0 0 1.4764062166213989258 0.83463400602340698242 0.27482533454895019531 0.36917927861213684082 0.89672434329986572266 0.29941526055335998535 0.48637419939041137695
0.35556825995445251465 0.35761165618896484375 0.36132284998893737793 0.36025846004486083984 0.35457813739776611328 0.3517239987850189209 0.35176756978034973145 0.35134574770927429199 0.72968554496765136719 0.22320820391178131104 0.22149324417114257812 0.21918652951717376709 0.21637779474258422852 0.214617118239402771 0.21399052441120147705 0.21253634989261627197 0.20680736005306243896 0.20405654609203338623 0.20228847861289978027 0.20077334344387054443 0.17842885851860046387 0.17784450948238372803 0.17803585529327392578 0.17805631458759307861 0.2005132138729095459 0.18561913073062896729 0.45791804790496826172 0.20522283017635345459 0.18753468990325927734 0.18092095851898193359 0.18417848646640777588 0.21000868082046508789 0.18925784528255462646 0.19271402060985565186 0.20094010233879089355 0 0 1.2079833745956420898 0.44030544161796569824 0.59992742538452148438 0.31245908141136169434 0.5030727386474609375
0.23713928461074829102 0.2407197803258895874 0.24350471794605255127 0.2442627251148223877 0.24358218908309936523 0.24604153633117675781 0.25022014975547790527 0.71818089485168457031 0.22877472639083862305 0.2248525768518447876 0.22250390052795410156 0.22087371349334716797 0.21883895993232727051 0.21735014021396636963 0.21697483956813812256 0.21142379939556121826 0.20891055464744567871 0.20685523748397827148 0.206239357590675354 0.17558151483535766602 0.17284907400608062744 0.17115941643714904785 0.17051151394844055176 0.19914127886295318604 0.17822541296482086182 0.45879018306732177734 0.20229743421077728271 0.1773379594087600708 0.16689357161521911621 0.16691488027572631836 0.19269603490829467773 0.16940067708492279053 0.17244294285774230957 0.17570038139820098877 0.18119479715824127197 0.18476556241512298584 0.34401935338973999023 0 0 1.2325832843780517578 0.62130963802337646484 0.55520254373550415039
0.62961530685424804688 0.64169448614120483398 0.63698530197143554688 0.63588351011276245117 0.63687562942504882812 0.68831098079681396484 0.70829695463180541992 0.23339000344276428223 0.23193506896495819092 0.22810311615467071533 0.22460067272186279297 0.22297291457653045654 0.22178624570369720459 0.22039577364921569824 0.21142348647117614746 0.21038490533828735352 0.20875158905982971191 0.20808801054954528809 0.16925066709518432617 0.16807040572166442871 0.16553778946399688721 0.16345074772834777832 0.199961051344871521 0.17236594855785369873 0.46972206234931945801 0.20328018069267272949 0.1701370924711227417 0.15741638839244842529 0.15584762394428253174 0.18406023085117340088 0.1553821563720703125 0.15570205450057983398 0.1562213897705078125 0.16029654443264007568 0.1648225933313369751 0.16725975275039672852 0.19897514581680297852 0 0.23072378337383270264 0 0 0.68886190652847290039
0.21831600368022918701 0.21932199597358703613 0.28502932190895080566 0.33345103263854980469 0.37570562958717346191 0.22662357985973358154 0.22894151508808135986 0.2316274493932723999 0.23404636979103088379 0.23312835395336151123 0.2294645160436630249 0.22752177715301513672 0.22657190263271331787 0.21117538213729858398 0.20822133123874664307 0.20666465163230895996 0.20628720521926879883 0.15565326809883117676 0.15597602725028991699 0.15594908595085144043 0.15493366122245788574 0.20296563208103179932 0.16606667637825012207 0.48855763673782348633 0.20832140743732452393 0.16334888339042663574 0.14839313924312591553 0.14678944647312164307 0.17980743944644927979 0.14397785067558288574 0.14395943284034729004 0.14344160258769989014 0.14259549975395202637 0.14378274977207183838 0.14941817522048950195 0.15137222409248352051 0.30834871530532836914 0 0.13565997779369354248 0.1518268585205078125 0.1672232896089553833 0
0.2127151787281036377 0.21434955298900604248 0.21525119245052337646 0.21719390153884887695 0.22017325460910797119 0.22241631150245666504 0.22436219453811645508 0.22746299207210540771 0.23211069405078887939 0.23404973745346069336 0.23262237012386322021 0.23217658698558807373 0.21249054372310638428 0.20959633588790893555 0.20490144193172454834 0.20315508544445037842 0.13823495805263519287 0.13812007009983062744 0.13789036870002746582 0.13805165886878967285 0.20303550362586975098 0.1562013775110244751 0.50581848621368408203 0.21339713037014007568 0.1534862518310546875 0.13466842472553253174 0.13421481847763061523 0.17732483148574829102 0.1304283440113067627 0.12941257655620574951 0.12927575409412384033 0.12834240496158599854 0.12687303125858306885 0.12703816592693328857 0.12921147048473358154 0.21529373526573181152 0 0 0.077016964554786682129 0.11369653791189193726 0.13741488754749298096 0.15837153792381286621
0.20983597636222839355 0.21029043197631835938 0.21128287911415100098 0.21313627064228057861 0.21603001654148101807 0.2186619490385055542 0.22075438499450683594 0.22379863262176513672 0.22734637558460235596 0.23105233907699584961 0.23241363465785980225 0.20553164184093475342 0.20838201045989990234 0.20655162632465362549 0.20120544731616973877 0.11280430853366851807 0.11297052353620529175 0.11281067878007888794 0.11247915774583816528 0.19629216194152832031 0.13882717490196228027 0.52069944143295288086 0.21696041524410247803 0.13695333898067474365 0.11173874139785766602 0.11177232861518859863 0.17235292494297027588 0.11105742305517196655 0.10950195789337158203 0.10862371325492858887 0.10838056355714797974 0.10757907480001449585 0.10630434006452560425 0.10575766861438751221 0.20512692630290985107 0.071027442812919616699 0 0.033648796379566192627 0.1297642439603805542 0.13968434929847717285 0.14888845384120941162 0.16072101891040802002
0.20803366601467132568 0.2081575542688369751 0.20864741504192352295 0.20980787277221679688 0.21184703707695007324 0.21454119682312011719 0.21876765787601470947 0.22070106863975524902 0.22352457046508789062 0.22631381452083587646 0.19093947112560272217 0.19390033185482025146 0.19775086641311645508 0.1975981295108795166 0.058204919099807739258 0.06075224652886390686 0.060345329344272613525 0.060821089893579483032 0.18956556916236877441 0.11281719058752059937 0.52931606769561767578 0.22078722715377807617 0.1120763048529624939 0.066908225417137145996 0.06625220179557800293 0.15854425728321075439 0.065472260117530822754 0.066758640110492706299 0.068810470402240753174 0.069582059979438781738 0.069734297692775726318 0.070207007229328155518 0.070757754147052764893 0.19982069730758666992 0.105918101966381073 0.12803550064563751221 0.16072052717208862305 0.50705736875534057617 0.36157006025314331055 0.36118641495704650879 0.35524332523345947266 0.35505330562591552734
0.20759069919586181641 0.20748449862003326416 0.2072899937629699707 0.20736573636531829834 0.20824681222438812256 0.212871551513671875 0.2154944688081741333 0.21845114231109619141 0.2183650583028793335 0.17301198840141296387 0.17563219368457794189 0.17829611897468566895 0.18157692253589630127 0.053222328424453735352 0.11364682763814926147 0.14210481941699981689 0.16306085884571075439 0.17957594990730285645 0.058724381029605865479 0.54142105579376220703 0.22389145195484161377 0.064347095787525177002 0.066075488924980163574 0.11222944408655166626 0.13886114954948425293 0.065551556646823883057 0.11261619627475738525 0.1383234858512878418 0.15560282766819000244 0.16989153623580932617 0.1829900890588760376 0.19321215152740478516 0.20059344172477722168 0.070634305477142333984 0.07108834385871887207 0.23118993639945983887 0.4882749021053314209 0.21819882094860076904 0.13332258164882659912 0.15229482948780059814 0.16464370489120483398 0.17687317728996276855
0.20697039365768432617 0.20693138241767883301 0.20613972842693328857 0.20550815761089324951 0.20959392189979553223 0.20960325002670288086 0.21316114068031311035 0.21262013912200927734 0.15473458170890808105 0.15587036311626434326 0.15805914998054504395 0.15996377170085906982 0.38834375143051147461 0.39301088452339172363 0.39355495572090148926 0.39267799258232116699 0.39161843061447143555 0.39172318577766418457 0.55270558595657348633 0.22721846401691436768 0.062110695987939834595 0.11294386535882949829 0.13911665976047515869 0.15841297805309295654 0.17472574114799499512 0.18794356286525726318 0.19846989214420318604 0.20607042312622070312 0.21102528274059295654 0.21647705137729644775 0.22259421646595001221 0.22783285379409790039 0.23205973207950592041 0.231830596923828125 0.22803068161010742188 0.26387736201286315918 0 0.1107660830020904541 0.071097709238529205322 0.10937242209911346436 0.13020747900009155273 0.14694800972938537598
0.20546638965606689453 0.20567724108695983887 0.20495629310607910156 0.2107620537281036377 0.20712158083915710449 0.208277091383934021 0.2058292776346206665 0.13555249571800231934 0.13559123873710632324 0.13616549968719482422 0.13754382729530334473 0.37643203139305114746 0.22095482051372528076 0.29212138056755065918 0.30233874917030334473 0.35250520706176757812 0.42052257061004638672 0.45458716154098510742 0.22602541744709014893 0.21742098033428192139 0.21791093051433563232 0.21988543868064880371 0.2228755950927734375 0.22484895586967468262 0.22638809680938720703 0.22713479399681091309 0.22718787193298339844 0.29365608096122741699 0.28681546449661254883 0.28303316235542297363 0.28153476119041442871 0.28266116976737976074 0.28677797317504882812 0.28457376360893249512 0.27617013454437255859 0.20611439645290374756 0 0.071043610572814941406 0.10590092092752456665 0.12681722640991210938 0.14459532499313354492 0.15857584774494171143
0.20068457722663879395 0.20150585472583770752 0.2122379690408706665 0.20659041404724121094 0.20650064945220947266 0.20019495487213134766 0.11066573113203048706 0.11077044159173965454 0.11089558154344558716 0.11113575845956802368 0.37149536609649658203 0.21212276816368103027 0.2122748643159866333 0.065227068960666656494 0.22533831000328063965 0.28891095519065856934 0.23390030860900878906 0.21925586462020874023 0.21118590235710144043 0.2210346609354019165 0.21959188580513000488 0.2214380800724029541 0.22618119418621063232 0.22895382344722747803 0.2300520092248916626 0.23043087124824523926 0.23018530011177062988 0.067466743290424346924 0.11048064380884170532 0.13351680338382720947 0.15075576305389404297 0.1675685495138168335 0.18683335185050964355 0.19996432960033416748 0.20538404583930969238 0.070153318345546722412 0 0.13204087316989898682 0.14676032960414886475 0.1585289686918258667 0.16845870018005371094 0.18030844628810882568
0.19242709875106811523 0.20948830246925354004 0.20232450962066650391 0.20365801453590393066 0.19520834088325500488 0.06782576441764831543 0.068477198481559753418 0.068569898605346679688 0.068194620311260223389 0.37101039290428161621 0.20427550375461578369 0.2041928023099899292 0.20349380373954772949 0.21324354410171508789 0.28707075119018554688 0.23584806919097900391 0.21287041902542114258 0.20157226920127868652 0.21693177521228790283 0.2251218259334564209 0.2782370448112487793 0.27627471089363098145 0.2798289954662322998 0.28220319747924804688 0.28272306919097900391 0.28113439679145812988 0.27782714366912841797 0.2712675929069519043 0.26249656081199645996 0.25610569119453430176 0.25145742297172546387 0.25384348630905151367 0.2646979987621307373 0.32796382904052734375 0.31715497374534606934 0.3080692589282989502 0 0.29326763749122619629 0.28806322813034057617 0.28287342190742492676 0.27773767709732055664 0.27740451693534851074
0.20497505366802215576 0.19317819178104400635 0.1953388601541519165 0.18567371368408203125 0.18473252654075622559 0.1943642348051071167 0.20216649770736694336 0.33097755908966064453 0.37285244464874267578 0.19525691866874694824 0.19513730704784393311 0.19456909596920013428 0.21684068441390991211 0.27585428953170776367 0.23285235464572906494 0.20508486032485961914 0.19136472046375274658 0.21014527976512908936 0.22522982954978942871 0.20577533543109893799 0.22111432254314422607 0.22064901888370513916 0.22435775399208068848 0.2291243821382522583 0.23437811434268951416 0.23644092679023742676 0.23572489619255065918 0.23355098068714141846 0.23018024861812591553 0.22799356281757354736 0.2266346663236618042 0.23122772574424743652 0.24289830029010772705 0.065703563392162322998 0.069249421358108520508 0.1087862849235534668 0 0.14730079472064971924 0.15887261927127838135 0.1683209538459777832 0.17628028988838195801 0.18601959943771362305
0.18344211578369140625 0.18445740640163421631 0.17271833121776580811 0.17227037250995635986 0.20235985517501831055 0.25230324268341064453 0.28854003548622131348 0.21917134523391723633 0.18417334556579589844 0.18407303094863891602 0.18322546780109405518 0.21285898983478546143 0.19210806488990783691 0.22436225414276123047 0.18997968733310699463 0.17809540033340454102 0.20157061517238616943 0.22172760963439941406 0.19837112724781036377 0.22482642531394958496 0.067683845758438110352 0.26383361220359802246 0.30728092789649963379 0.31190639734268188477 0.38244596123695373535 0.42008057236671447754 0.41413509845733642578 0.40737760066986083984 0.39951083064079284668 0.39246889948844909668 0.38628983497619628906 0.39063057303428649902 0.40919280052185058594 0.40841200947761535645 0.38738295435905456543 0.37406754493713378906 0.56984114646911621094 0.3581950068473815918 0.3529332578182220459 0.34881502389907836914 0.34575450420379638672 0.34649172425270080566
0.17217887938022613525 0.15719643235206604004 0.15725293755531311035 0.1948871910572052002 0.17025727033615112305 0.16951505839824676514 0.21563716232776641846 0.16994504630565643311 0.17095476388931274414 0.17027910053730010986 0.20588487386703491211 0.18073101341724395752 0.22119368612766265869 0.17099945247173309326 0.15852539241313934326 0.18954060971736907959 0.21625457704067230225 0.18672132492065429688 0.22340407967567443848 0.19549793004989624023 0.25550228357315063477 0.19281597435474395752 0.19137682020664215088 0.25341296195983886719 0.22538766264915466309 0.206423148512840271 0.26790624856948852539 0.26791092753410339355 0.26715898513793945312 0.26551645994186401367 0.26320871710777282715 0.26481032371520996094 0.27137678861618041992 0.26892009377479553223 0.2581551969051361084 0.37611693143844604492 0.3671760261058807373 0.2385250478982925415 0.23587782680988311768 0.2343063056468963623 0.23368717730045318604 0.23305046558380126953
