tests/data/reference/gistest_nucice/full/control/widthrill.asc
ncols        125
nrows        78
xllcorner    -713756.799299980048
yllcorner    -1061032.369616159936
cellsize     10.000000000000
NODATA_value  -9999
[rows 19 to 37 of 78, columns 0 to 41 of 125]
-9999 -9999 -9999 -9999 -9999 -9999 -9999 -9999 -9999 -9999 -9999 -9999 -9999 -9999 -9999 -9999 -9999 0.045623928308486938477 0.11457600444555282593 0.18387143313884735107 0.21531179547309875488 0.38463670015335083008 0.11348599940538406372 0.051650449633598327637 0.063284642994403839111 0 0.47083404660224914551 0.31681743264198303223 0.28383871912956237793 0.058581139892339706421 0.29338702559471130371 0.15855935215950012207 0.06800044327974319458 0.20701642334461212158 0.23059640824794769287 0.13618713617324829102 0.24500106275081634521 0.31153312325477600098 0.23040148615837097168 0.23526330292224884033 0.23139591515064239502 0.21599932014942169189
-9999 -9999 -9999 -9999 -9999 -9999 -9999 -9999 -9999 -9999 -9999 -9999 -9999 -9999 -9999 -9999 0.016629889607429504395 0.11644114553928375244 0.1487757563591003418 0.20642851293087005615 0.42137545347213745117 0.14705264568328857422 0 0.11413805186748504639 0 0 0.32327431440353393555 0.32593655586242675781 0.28660050034523010254 0.11383610963821411133 0.2895177006721496582 0.17312118411064147949 0.068157583475112915039 0.22635756433010101318 0.22957129776477813721 0.15515349805355072021 0.2495765388011932373 0.3106645047664642334 0.23240734636783599854 0.23515014350414276123 0.2316411137580871582 0.22060717642307281494
-9999 -9999 -9999 -9999 -9999 -9999 -9999 -9999 -9999 -9999 -9999 -9999 -9999 -9999 -9999 -9999 0.11384876072406768799 0.15050275623798370361 0.17690056562423706055 0.47781166434288024902 0.19367386400699615479 0 0 0 0 0.20546720921993255615 0.34049400687217712402 0.33365434408187866211 0.2886403203010559082 0.14160463213920593262 0.28836327791213989258 0.067221187055110931396 0.18442213535308837891 0.24331565201282501221 0.22819085419178009033 0.17060588300228118896 0.25385704636573791504 0.31325972080230712891 0.23625154793262481689 0.23664823174476623535 0.23300825059413909912 0.2251720428466796875
-9999 -9999 -9999 -9999 -9999 -9999 -9999 -9999 -9999 -9999 -9999 -9999 -9999 -9999 -9999 -9999 0.14878080785274505615 0.17738118767738342285 0.1981792151927947998 0.56142884492874145508 0 0 0 0 0.1543207019567489624 0.22562293708324432373 0.34213244915008544922 0.3286094367504119873 0.28561577200889587402 0.16105642914772033691 0.29001918435096740723 0.067141421139240264893 0.11149559170007705688 0.19483587145805358887 0.30594033002853393555 0.18399193882942199707 0.25575497746467590332 0.31327125430107116699 0.068480081856250762939 0.30575296282768249512 0.23373313248157501221 0.22942329943180084229
-9999 -9999 -9999 -9999 -9999 -9999 -9999 -9999 -9999 -9999 -9999 -9999 -9999 -9999 -9999 0 0.1679522097110748291 0.27782860398292541504 0.52857089042663574219 0 0 0 0 0 0.22365637123584747314 0.23566962778568267822 0.32696816325187683105 0.31423997879028320312 0.2810109555721282959 0.17645445466041564941 0.29400533437728881836 0.066908024251461029053 0.11147945374250411987 0.13637973368167877197 0.20412209630012512207 0.33843979239463806152 0.25459870696067810059 0.30977830290794372559 0.069278880953788757324 0.30509462952613830566 0.23420633375644683838 0.23351183533668518066
-9999 -9999 -9999 -9999 -9999 -9999 -9999 -9999 -9999 -9999 -9999 -9999 -9999 -9999 -9999 0 0.71622139215469360352 0.60405486822128295898 0.1102178916335105896 0 0 0 0 0.06686611473560333252 0.084389045834541320801 0.22985969483852386475 0.32074719667434692383 0.30475351214408874512 0.27805495262145996094 0.19000062346458435059 0.074034132063388824463 0.29364034533500671387 0.11153121292591094971 0.13671465218067169189 0.15616883337497711182 0.37470975518226623535 0.25406911969184875488 0.30799701809883117676 0.069534316658973693848 0.30658447742462158203 0.23575218021869659424 0.23710133135318756104
-9999 -9999 -9999 -9999 -9999 -9999 -9999 -9999 -9999 -9999 -9999 -9999 -9999 -9999 -9999 0.80502641201019287109 0 0 0 0 0 0 0.14558829367160797119 0.17885762453079223633 0.11747605353593826294 0.12110333144664764404 0.22808367013931274414 0.3966961205005645752 0.27623680233955383301 0.19917367398738861084 0.074649661779403686523 0.11599148809909820557 0.29504162073135375977 0.14001405239105224609 0.15776705741882324219 0.17409171164035797119 0.42325383424758911133 0.068529874086380004883 0.30301547050476074219 0.11015148460865020752 0.35945332050323486328 0.23987130820751190186
-9999 -9999 -9999 -9999 -9999 -9999 -9999 -9999 -9999 -9999 -9999 -9999 -9999 0 0 0.26235821843147277832 0.088531367480754852295 0 0 0 0 0 0.21159243583679199219 0.16880930960178375244 0.19298239052295684814 0.14491213858127593994 0.14512625336647033691 0.41867697238922119141 0.28318968415260314941 0.21139371395111083984 0.11664028465747833252 0.073995873332023620605 0.14157159626483917236 0.29821532964706420898 0.16203074157238006592 0.17751906812191009521 0.18620453774929046631 0.41468706727027893066 0.11044237017631530762 0.30251422524452209473 0.13472127914428710938 0.40060007572174072266
-9999 -9999 -9999 -9999 -9999 -9999 -9999 -9999 -9999 -9999 -9999 -9999 -9999 -9999 0 0.07291873544454574585 0.07308638840913772583 0 0 0 0 0.17176559567451477051 0.1871379464864730835 0.27741539478302001953 0.31392049789428710938 0.35182666778564453125 0.36686652898788452148 0.38093593716621398926 0.44108429551124572754 0.29267612099647521973 0.2225068509578704834 0.14329478144645690918 0.11684314906597137451 0.16347672045230865479 0.30595958232879638672 0.17931154370307922363 0.18737138807773590088 0.19446012377738952637 0.41065177321434020996 0.13481421768665313721 0.30074936151504516602 0.40795853734016418457
-9999 -9999 -9999 -9999 -9999 -9999 -9999 -9999 -9999 -9999 -9999 -9999 -9999 -9999 -9999 -9999 0 0 0 0 0.15805661678314208984 0.18136677145957946777 0.20055441558361053467 0.21622207760810852051 0.22867637872695922852 0.23874461650848388672 0.2466087639331817627 0.25672939419746398926 0.43612137436866760254 0.56799054145812988281 0.29291093349456787109 0.22986042499542236328 0.16611917316913604736 0.14585202932357788086 0.18378058075904846191 0.30557775497436523438 0.18834333121776580811 0.19611720740795135498 0.20518696308135986328 0.4158153533935546875 0.15640471875667572021 0.46956533193588256836
-9999 -9999 -9999 -9999 -9999 -9999 -9999 -9999 -9999 -9999 -9999 -9999 -9999 -9999 -9999 -9999 -9999 0 0 0.13011845946311950684 0.15758541226387023926 0.18024100363254547119 0.2000847160816192627 0.21544747054576873779 0.22608213126659393311 0.2337910085916519165 0.23896989226341247559 0.24675071239471435547 0.25717294216156005859 0.26060554385185241699 0.58613389730453491211 0.61996233463287353516 0.6403109431266784668 0.18650756776332855225 0.16847316920757293701 0.19671577215194702148 0.29980206489562988281 0.3195228278636932373 0.34748858213424682617 0.21628077328205108643 0.41779777407646179199 0.17111968994140625
-9999 -9999 -9999 -9999 -9999 -9999 -9999 -9999 -9999 -9999 -9999 -9999 -9999 -9999 -9999 -9999 -9999 0 0 0.15259532630443572998 0.17500023543834686279 0.19162550568580627441 0.46709066629409790039 0.46102082729339599609 0.44936168193817138672 0.43963095545768737793 0.43096494674682617188 0.42926523089408874512 0.43480136990547180176 0.43331384658813476562 0.42449328303337097168 0.42383208870887756348 0.43015247583389282227 0.70678186416625976562 0.71842682361602783203 0.71178466081619262695 0.69107389450073242188 0.67682445049285888672 0.66745138168334960938 0.68945366144180297852 0.67808049917221069336 0.73752611875534057617
-9999 -9999 -9999 -9999 -9999 -9999 -9999 -9999 -9999 -9999 -9999 -9999 -9999 -9999 -9999 -9999 0 0 0.15205635130405426025 0.37079107761383056641 0.39901489019393920898 0.45170226693153381348 0.20694258809089660645 0.27357378602027893066 0.31709662079811096191 0.31178820133209228516 0.38233461976051330566 0.40716513991355895996 0.43304139375686645508 0.42982903122901916504 0.42209866642951965332 0.42135691642761230469 0.4281832575798034668 0.4389934241771697998 0.45612955093383789062 0.45863157510757446289 0.44447839260101318359 0.61140388250350952148 0.59019845724105834961 0.57386404275894165039 0.56813609600067138672 0.57362312078475952148
-9999 -9999 -9999 -9999 -9999 -9999 -9999 -9999 -9999 -9999 -9999 -9999 -9999 -9999 -9999 0 0 0.27622166275978088379 0.34242528676986694336 0.21567985415458679199 0.36598095297813415527 0.20223006606101989746 0.20509645342826843262 0.20858812332153320312 0.2099911123514175415 0.27516987919807434082 0.21114256978034973145 0.2124996483325958252 0.20775239169597625732 0.20942464470863342285 0.21305911242961883545 0.21801689267158508301 0.39392402768135070801 0.42722365260124206543 0.46513602137565612793 0.49288681149482727051 0.53913503885269165039 0.1453354954719543457 0.1623013615608215332 0.20893479883670806885 0.19790507853031158447 0.18891939520835876465
-9999 -9999 -9999 -9999 -9999 -9999 -9999 -9999 -9999 -9999 -9999 -9999 -9999 -9999 -9999 0 0.28851345181465148926 0.21818074584007263184 0.21263349056243896484 0.36187461018562316895 0.19509132206439971924 0.20168018341064453125 0.20706839859485626221 0.20923905074596405029 0.20768561959266662598 0.20506125688552856445 0.21465684473514556885 0.20719511806964874268 0.2048489004373550415 0.26646652817726135254 0.31111562252044677734 0.34738200902938842773 0.19981177151203155518 0.21261051297187805176 0.2178678363561630249 0.30909237265586853027 0.11337943375110626221 0.14032882452011108398 0.20523846149444580078 0.19288787245750427246 0.18026299774646759033 0.17784379422664642334
-9999 -9999 -9999 -9999 -9999 -9999 -9999 -9999 -9999 -9999 -9999 -9999 -9999 -9999 0 0.22300569713115692139 0.21064494550228118896 0.21208049356937408447 0.35603758692741394043 0.18162111937999725342 0.19262094795703887939 0.20429526269435882568 0.20832420885562896729 0.20926827192306518555 0.20332224667072296143 0.21678818762302398682 0.20617702603340148926 0.20520986616611480713 0.20309010148048400879 0.20388983190059661865 0.19876593351364135742 0.18557102978229522705 0.20239721238613128662 0.20948262512683868408 0.30179545283317565918 0.064651422202587127686 0.11239006370306015015 0.19720339775085449219 0.18327505886554718018 0.16975715756416320801 0.16783440113067626953 0.19352224469184875488
-9999 -9999 -9999 -9999 -9999 -9999 -9999 -9999 -9999 -9999 -9999 -9999 -9999 0 0 0.19716639816761016846 0.21192649006843566895 0.36068314313888549805 0.16611580550670623779 0.18004901707172393799 0.19653581082820892334 0.20413844287395477295 0.20861010253429412842 0.20127718150615692139 0.22412887215614318848 0.20687983930110931396 0.20586197078227996826 0.20452295243740081787 0.20292514562606811523 0.19172964990139007568 0.172344207763671875 0.19196948409080505371 0.20172397792339324951 0.27334043383598327637 0.13834673166275024414 0.065482541918754577637 0.1898508220911026001 0.17156115174293518066 0.15543644130229949951 0.15376907587051391602 0.18686684966087341309 0.15029950439929962158
-9999 -9999 -9999 -9999 -9999 -9999 -9999 -9999 -9999 -9999 -9999 -9999 -9999 0 0.18172234296798706055 0.20811682939529418945 0.36249262094497680664 0.14550741016864776611 0.16480402648448944092 0.1869767308235168457 0.19706520438194274902 0.20331154763698577881 0.19291502237319946289 0.2283207625150680542 0.20759859681129455566 0.20685648918151855469 0.21155467629432678223 0.20611605048179626465 0.18628679215908050537 0.15921542048454284668 0.18506817519664764404 0.19788236916065216064 0.26458793878555297852 0.0662306174635887146 0.11216496676206588745 0.18135219812393188477 0.15842494368553161621 0.13844457268714904785 0.13768857717514038086 0.18176695704460144043 0.13506156206130981445 0.13350015878677368164
-9999 -9999 -9999 -9999 -9999 -9999 -9999 -9999 -9999 -9999 -9999 -9999 0 0 0.20803344249725341797 0.37124463915824890137 0.11346484720706939697 0.1443770676851272583 0.17566329240798950195 0.18965077400207519531 0.19756443798542022705 0.17954345047473907471 0.22884389758110046387 0.20435261726379394531 0.20504656434059143066 0.21653430163860321045 0.20723620057106018066 0.17928479611873626709 0.14213107526302337646 0.17746940255165100098 0.19752594828605651855 0.17550501227378845215 0.2238010019063949585 0.062076248228549957275 0.1710347980260848999 0.14019830524921417236 0.11310701072216033936 0.11289639025926589966 0.17593115568161010742 0.11246620118618011475 0.11208423972129821777 0.11122476309537887573
