tests/data/reference/gistest_nucice/full/control/widthrill.asc
ncols        125
nrows        78
xllcorner    -713756.799299980048
yllcorner    -1061032.369616159936
cellsize     10.000000000000
NODATA_value  -9999
[rows 38 to 56 of 78, columns 0 to 41 of 125]
-9999 -9999 -9999 -9999 -9999 -9999 -9999 -9999 -9999 -9999 -9999 0 0 0.20236042141914367676 0.39607688784599304199 0 0.11188398301601409912 0.1622168123722076416 0.1822379380464553833 0.19292362034320831299 0.16414272785186767578 0.22989471256732940674 0.20074075460433959961 0.20222228765487670898 0.22011831402778625488 0.2069378197193145752 0.16502700746059417725 0.11356567591428756714 0.16447801887989044189 0.19267822802066802979 0.16495543718338012695 0.16383728384971618652 0.16276812553405761719 0.16130958497524261475 0.11322021484375 0.059724882245063781738 0.054688151925802230835 0.16517058014869689941 0.050680294632911682129 0.051612645387649536133 0.05402417108416557312 0.0618952922523021698
-9999 -9999 -9999 -9999 -9999 -9999 -9999 -9999 -9999 -9999 -9999 0 0.18943497538566589355 0.40693941712379455566 0.10049418359994888306 0 0.1422147601842880249 0.1758457571268081665 0.19078175723552703857 0.14426618814468383789 0.233740195631980896 0.19679889082908630371 0.19904226064682006836 0.22368383407592773438 0.20596262812614440918 0.14507569372653961182 0.043527290225028991699 0.14435255527496337891 0.18242377042770385742 0.14505429565906524658 0.14565064013004302979 0.14499413967132568359 0.14448969066143035889 0.030003344640135765076 0.05486772581934928894 0.11366271227598190308 0.1444396674633026123 0.040026225149631500244 0.1140049472451210022 0.14621993899345397949 0.16709206998348236084 0.061143614351749420166
-9999 -9999 -9999 -9999 -9999 -9999 -9999 -9999 -9999 -9999 0 0 0.4227434694766998291 0.14139556884765625 0 0.092581726610660552979 0.16385242342948913574 0.19118836522102355957 0.11182532459497451782 0.24091771245002746582 0.19465430080890655518 0.19576509296894073486 0.22663229703903198242 0.20368884503841400146 0.11363478004932403564 0.037698615342378616333 0.11367218941450119019 0.16745336353778839111 0.11381440609693527222 0.11356811225414276123 0.11167997866868972778 0.11089180409908294678 0 0.1145041733980178833 0.14375704526901245117 0.16387164592742919922 0.18288567662239074707 0.19896911084651947021 0.2119709700345993042 0.051142577081918716431 0.060054868459701538086 0.17395430803298950195
-9999 -9999 -9999 -9999 -9999 -9999 -9999 -9999 -9999 -9999 0 0.37976986169815063477 0.1884336620569229126 0.089299947023391723633 0 0.13930113613605499268 0.18776190280914306641 0 0.25427511334419250488 0.195209503173828125 0.19450567662715911865 0.2307653576135635376 0.20141686499118804932 0.029290921986103057861 0.040187161415815353394 0.11379937827587127686 0.14603032171726226807 0.020063368603587150574 0.0062787537463009357452 0 0 0 0.11401409655809402466 0.14542457461357116699 0.16410723328590393066 0.17928040027618408203 0.19342344999313354492 0.20560853183269500732 0.055136267095804214478 0.21339282393455505371 0.11240073293447494507 0.11166884005069732666
-9999 -9999 -9999 -9999 -9999 -9999 -9999 -9999 -9999 0 0 0.36227190494537353516 0.16962978243827819824 0 0.090343765914440155029 0.1784178614616394043 0.19000072777271270752 0.26516938209533691406 0.19869673252105712891 0.19704438745975494385 0.23741872608661651611 0.19899711012840270996 0.11403887718915939331 0.14569799602031707764 0.16612976789474487305 0.18278905749320983887 0.38916328549385070801 0.41183957457542419434 0.4110272824764251709 0.41623681783676147461 0.4289347231388092041 0.42283499240875244141 0.40054753422737121582 0.38571983575820922852 0.37557208538055419922 0.37076133489608764648 0.37007433176040649414 0.37132915854454040527 0.3757527470588684082 0.37045019865036010742 0.36128476262092590332 0.35582402348518371582
-9999 -9999 -9999 -9999 -9999 -9999 -9999 -9999 0 0 0.35760727524757385254 0.10587148368358612061 0.14365300536155700684 0 0.16394010186195373535 0.18057215213775634766 0.19574855268001556396 0.19844175875186920166 0.20071718096733093262 0.24983717501163482666 0.19819159805774688721 0 0.018609099090099334717 0.11407872289419174194 0.34336146712303161621 0.35949000716209411621 0.18245388567447662354 0.14552615582942962646 0.16783471405506134033 0.18624685704708099365 0.20331995189189910889 0.21244272589683532715 0.21329204738140106201 0.21464739739894866943 0.21668170392513275146 0.21985860168933868408 0.22418101131916046143 0.22879150509834289551 0.23358722031116485596 0.23423603177070617676 0.23185899853706359863 0.23302276432514190674
-9999 -9999 -9999 -9999 -9999 -9999 -9999 -9999 0 0 0.36159604787826538086 0 0.10278472304344177246 0.14103727042675018311 0.16590127348899841309 0.19080011546611785889 0.19643865525722503662 0.20099166035652160645 0.25600638985633850098 0.19811901450157165527 0.19788916409015655518 0.26084905862808227539 0.30521869659423828125 0.34153029322624206543 0.16729311645030975342 0.16606454551219940186 0.11365306377410888672 0.043792624026536941528 0.11380941420793533325 0.14580868184566497803 0.17046728730201721191 0.1875149458646774292 0.19681589305400848389 0.20503193140029907227 0.21296837925910949707 0.22068896889686584473 0.22769667208194732666 0.57474088668823242188 0.59179949760437011719 0.60271841287612915039 0.60644519329071044922 0.61535125970840454102
-9999 -9999 -9999 -9999 -9999 -9999 -9999 -9999 0 0.35203197598457336426 0.1703675389289855957 0 0.10039593279361724854 0.14298419654369354248 0.18150250613689422607 0.19162185490131378174 0.20074807107448577881 0.25645154714584350586 0.1928074955940246582 0.19550578296184539795 0.19422522187232971191 0.19562131166458129883 0.19958600401878356934 0.1453320235013961792 0.14547540247440338135 0.035820487886667251587 0.046738192439079284668 0.11393958330154418945 0.14496946334838867188 0.16774234175682067871 0.18629652261734008789 0.19996735453605651855 0.20878152549266815186 0.21632970869541168213 0.53601115942001342773 0.54960358142852783203 0.56203323602676391602 0.21955315768718719482 0.21908722817897796631 0.21823084354400634766 0.21678949892520904541 0.2165425419807434082
-9999 -9999 -9999 -9999 -9999 -9999 -9999 0 0.33901590108871459961 0.14446021616458892822 0.14500720798969268799 0 0.10312589257955551147 0.16618773341178894043 0.18116949498653411865 0.19691778719425201416 0.25967314839363098145 0.18415661156177520752 0.19174754619598388672 0.19398568570613861084 0.19402974843978881836 0.19582118093967437744 0.11415323615074157715 0.11363653838634490967 0.1135148853063583374 0.14484278857707977295 0.16485381126403808594 0.18124128878116607666 0.19663019478321075439 0.20774920284748077393 0.21506538987159729004 0.22103396058082580566 0.5178464055061340332 0.53346556425094604492 0.22070698440074920654 0.22008524835109710693 0.21923212707042694092 0.21735224127769470215 0.21499143540859222412 0.21302093565464019775 0.21140499413013458252 0.21188361942768096924
-9999 -9999 -9999 -9999 -9999 -9999 -9999 0 0.25566279888153076172 0.10312721878290176392 0.10637100040912628174 0 0.1437607109546661377 0.16462726891040802002 0.18820515275001525879 0.25564518570899963379 0.16800811886787414551 0.18291604518890380859 0.19197191298007965088 0.19618113338947296143 0.19691446423530578613 0.015172289684414863586 0.035912368446588516235 0.041681833565235137939 0.041338924318552017212 0.11378368735313415527 0.14361052215099334717 0.16486184298992156982 0.44045656919479370117 0.46159663796424865723 0.47522804141044616699 0.49332061409950256348 0.21937651932239532471 0.21897824108600616455 0.21921332180500030518 0.21860560774803161621 0.21743157505989074707 0.21533326804637908936 0.2126401066780090332 0.21065598726272583008 0.21063080430030822754 0.20924921333789825439
-9999 -9999 -9999 -9999 -9999 -9999 0 0.2461865842342376709 0.24481536448001861572 0 0 0.10475454479455947876 0.14211282134056091309 0.17955383658409118652 0.25747692584991455078 0.14494606852531433105 0.16588383913040161133 0.18091757595539093018 0.19164724647998809814 0.1964282691478729248 0.19666871428489685059 0.25889250636100769043 0.29895937442779541016 0.33003762364387512207 0.37980443239212036133 0.39206433296203613281 0.40640419721603393555 0.42425537109375 0.20760014653205871582 0.209575653076171875 0.21244835853576660156 0.21373565495014190674 0.21539986133575439453 0.21747933328151702881 0.21720784902572631836 0.21634474396705627441 0.21513310074806213379 0.21295987069606781006 0.20989757776260375977 0.21055242419242858887 0.20839354395866394043 0.20875859260559082031
-9999 -9999 -9999 -9999 -9999 0 0 0.14483156800270080566 0.21248967945575714111 0 0 0.09175526350736618042 0.17058517038822174072 0.26891046762466430664 0.10918791592121124268 0.14396759867668151855 0.16462533175945281982 0.17945498228073120117 0.19028267264366149902 0.19396129250526428223 0.192522391676902771 0.19227965176105499268 0.1930685192346572876 0.24442215263843536377 0.16381767392158508301 0.17898170650005340576 0.18998044729232788086 0.19706672430038452148 0.19945530593395233154 0.20589914917945861816 0.20748817920684814453 0.20867198705673217773 0.21376203000545501709 0.21546569466590881348 0.21575252711772918701 0.21512818336486816406 0.21382115781307220459 0.21135641634464263916 0.21231345832347869873 0.20762719213962554932 0.20850048959255218506 0.20748928189277648926
-9999 -9999 -9999 -9999 -9999 0 0.19078579545021057129 0.10136479884386062622 0.14256989955902099609 0.075475573539733886719 0 0.15228509902954101562 0.28839805722236633301 0 0.10654103010892868042 0.14272487163543701172 0.16330689191818237305 0.17827545106410980225 0.18816140294075012207 0.18860679864883422852 0.18672084808349609375 0.18552789092063903809 0.2457751929759979248 0.14310869574546813965 0.16158634424209594727 0.17460966110229492188 0.18412415683269500732 0.18623933196067810059 0.19365701079368591309 0.19601336121559143066 0.19817174971103668213 0.2041947096586227417 0.20607857406139373779 0.20771729946136474609 0.20883227884769439697 0.20903316140174865723 0.20831570029258728027 0.21437580883502960205 0.20780412852764129639 0.20873731374740600586 0.20578984916210174561 0.20602959394454956055
-9999 -9999 -9999 -9999 0 0 0.17354437708854675293 0 0.054114062339067459106 0 0.11791718751192092896 0.24330635368824005127 0.17360328137874603271 0 0.10262841731309890747 0.14096818864345550537 0.16247777640819549561 0.17660020291805267334 0.17924606800079345703 0.17952658236026763916 0.17752832174301147461 0.24570082128047943115 0.11383682489395141602 0.14140500128269195557 0.15771664679050445557 0.16803532838821411133 0.17058062553405761719 0.17984443902969360352 0.18084673583507537842 0.18279421329498291016 0.19145363569259643555 0.19325584173202514648 0.19455014169216156006 0.1958058774471282959 0.19701218605041503906 0.19795159995555877686 0.21023158729076385498 0.20394830405712127686 0.20919825136661529541 0.20473089814186096191 0.20302964746952056885 0.20365373790264129639
-9999 -9999 -9999 -9999 0 0.19496844708919525146 0.021801322698593139648 0 0 0 0 0.20145148038864135742 0.15432390570640563965 0 0.094559282064437866211 0.13953332602977752686 0.16259975731372833252 0.16335448622703552246 0.16464817523956298828 0.16522413492202758789 0.25461542606353759766 0.022758176550269126892 0.11421264708042144775 0.14042949676513671875 0.1539287865161895752 0.15514507889747619629 0.16652148962020874023 0.16762602329254150391 0.16880965232849121094 0.17870995402336120605 0.18132065236568450928 0.18326939642429351807 0.18444429337978363037 0.18497505784034729004 0.18530957400798797607 0.2030524909496307373 0.19384664297103881836 0.20395681262016296387 0.20074754953384399414 0.20029835402965545654 0.19861368834972381592 0.19894355535507202148
-9999 -9999 -9999 0 0 0 0 0 0 0 0 0.1190290600061416626 0.063415445387363433838 0 0.075759708881378173828 0.1404434889554977417 0.1406040191650390625 0.14163477718830108643 0.14203147590160369873 0.19403712451457977295 0.17105655372142791748 0 0.11244483292102813721 0.13852117955684661865 0.13989616930484771729 0.15372714400291442871 0.15394990146160125732 0.15530256927013397217 0.16712014377117156982 0.16900192201137542725 0.17163585126399993896 0.17377288639545440674 0.17477793991565704346 0.17438383400440216064 0.19766646623611450195 0.18284717202186584473 0.19599951803684234619 0.19005048274993896484 0.19236910343170166016 0.19343186914920806885 0.19213813543319702148 0.19143737852573394775
-9999 -9999 -9999 0 0 0 0 0 0 0 0 0 0 0 0.032817788422107696533 0.084185324609279632568 0.091646835207939147949 0.098476998507976531982 0.10206639021635055542 0.094651721417903900146 0.14208163321018218994 0 0.097964003682136535645 0.10973695665597915649 0.13819842040538787842 0.13881756365299224854 0.13928064703941345215 0.1546929776668548584 0.15582519769668579102 0.15720427036285400391 0.15900360047817230225 0.16059881448745727539 0.16152958571910858154 0.19535076618194580078 0.17297677695751190186 0.19110615551471710205 0.18046256899833679199 0.18152166903018951416 0.18375347554683685303 0.18467564880847930908 0.18348626792430877686 0.18258659541606903076
-9999 -9999 0 0 0.11188013851642608643 0 0 0 0 -9999 -9999 -9999 0 0 0 0 0 0 0 0 0 0 0 0.07849045097827911377 0.099734142422676086426 0.10941760987043380737 0.13964232802391052246 0.14055226743221282959 0.14076119661331176758 0.14100097119808197021 0.14147444069385528564 0.14214594662189483643 0.19172857701778411865 0.16157823801040649414 0.18770670890808105469 0.17162875831127166748 0.17180050909519195557 0.17292368412017822266 0.17409431934356689453 0.17342744767665863037 0.17205496132373809814 0.201848641037940979
-9999 -9999 0 0.12185549736022949219 0 0 0 -9999 -9999 -9999 -9999 -9999 -9999 0 0 0 0.12723132967948913574 0 0.080898821353912353516 0.13334822654724121094 0.085725069046020507812 0 0 0 0 0.087438918650150299072 0.10612232238054275513 0.11187714338302612305 0.11370521038770675659 0.11416167765855789185 0.11425060778856277466 0.1851377338171005249 0.14333695173263549805 0.18345817923545837402 0.15968887507915496826 0.15943755209445953369 0.15970109403133392334 0.16015654802322387695 0.16035132110118865967 0.15912958979606628418 0.19768793880939483643 0.1715704798698425293
