tests/data/reference/gistest_nucice/full/control/widthrill.asc
ncols        125
nrows        78
xllcorner    -713756.799299980048
yllcorner    -1061032.369616159936
cellsize     10.000000000000
NODATA_value  -9999
[rows 19 to 37 of 78, columns 42 to 83 of 125]
0.19098171591758728027 0.23306587338447570801 0.2071460336446762085 0.20270752906799316406 0.16756241023540496826 0.18039570748805999756 0.21694517135620117188 0.13512784242630004883 0.069556869566440582275 0.10951031744480133057 0.15002501010894775391 0.1634105294942855835 0.19427415728569030762 0.17456673085689544678 0.14850851893424987793 0.14861868321895599365 0.13151450455188751221 0.10858936607837677002 0.10887984931468963623 0.10926716029644012451 0.10975880920886993408 0.11033955961465835571 0.20502302050590515137 0.13567602634429931641 0.13514107465744018555 0.13482530415058135986 0.23366105556488037109 0.15717402100563049316 0.29117470979690551758 0.16482460498809814453 0.16681149601936340332 0.010990777984261512756 0.11364448815584182739 0.65082639455795288086 0.32239019870758056641 0.16470062732696533203 0.13943292200565338135 0.11195838451385498047 0.066160500049591064453 -9999 -9999 -9999
0.20014578104019165039 0.23339304327964782715 0.21150326728820800781 0.2078841477632522583 0.17884172499179840088 0.18942019343376159668 0.22020705044269561768 0.15177096426486968994 0.070201545953750610352 0.10888215899467468262 0.13206714391708374023 0.16359406709671020508 0.17436739802360534668 0.19758817553520202637 0.18343378603458404541 0.16239430010318756104 0.16293376684188842773 0.1488618701696395874 0.13168036937713623047 0.13239818811416625977 0.13333399593830108643 0.13400888442993164062 0.13406640291213989258 0.20958872139453887939 0.15152445435523986816 0.15196725726127624512 0.15413710474967956543 0.27108463644981384277 0.28800547122955322266 0.17981505393981933594 0.18059520423412322998 0.11471170186996459961 0.030207097530364990234 0 0.64026939868927001953 0.33401688933372497559 0.15983992815017700195 0.13726115226745605469 0.11166002601385116577 0.066598109900951385498 0.06350059807300567627 -9999
0.20854738354682922363 0.23439709842205047607 0.21606042981147766113 0.21298648416996002197 0.18899144232273101807 0.1980683058500289917 0.22395916283130645752 0.16515867412090301514 0.10858395695686340332 0.070625424385070800781 0.13178721070289611816 0.14937867224216461182 0.17414648830890655518 0.18260447680950164795 0.2010189741849899292 0.19211472570896148682 0.17488040030002593994 0.17575564980506896973 0.16431081295013427734 0.1502892225980758667 0.1506627500057220459 0.15056918561458587646 0.15043814480304718018 0.15077477693557739258 0.21484057605266571045 0.16789005696773529053 0.17105107009410858154 0.29735982418060302734 0.28284269571304321289 0.19053298234939575195 0.19089728593826293945 0.14340242743492126465 0.11384179443120956421 0.055267240852117538452 0.11422695964574813843 0.60936683416366577148 0.33202505111694335938 0.21729530394077301025 0.13825327157974243164 0.11109878867864608765 0.11126065999269485474 0.065113686025142669678
0.21681579947471618652 0.23682050406932830811 0.22186644375324249268 0.21900923550128936768 0.19886168837547302246 0.20645922422409057617 0.22794964909553527832 0.17714391648769378662 0.13151979446411132812 0.10821040719747543335 0.070657625794410705566 0.14881078898906707764 0.16167712211608886719 0.18253338336944580078 0.19115696847438812256 0.20583692193031311035 0.20023301243782043457 0.1862249523401260376 0.18754728138446807861 0.17730711400508880615 0.16446551680564880371 0.16425237059593200684 0.16465096175670623779 0.16548466682434082031 0.16652685403823852539 0.22355550527572631836 0.184968605637550354 0.32616475224494934082 0.28094387054443359375 0.20003390312194824219 0.19885586202144622803 0.16129916906356811523 0.13999839127063751221 0.11267150193452835083 0.14087826013565063477 0.057495377957820892334 0.60062730312347412109 0.32567951083183288574 0.25364828109741210938 0.13808000087738037109 0.13720656931400299072 0.11249241232872009277
0.22513897716999053955 0.24059861898422241211 0.22908958792686462402 0.22607539594173431396 0.20882584154605865479 0.21483513712882995605 0.23221002519130706787 0.18858055770397186279 0.14963772892951965332 0.13149622082710266113 0.070763908326625823975 0.10747971385717391968 0.16085906326770782471 0.1729011833667755127 0.19240187108516693115 0.1996065676212310791 0.2100610584020614624 0.20710210502147674561 0.19634017348289489746 0.19728957116603851318 0.18784905970096588135 0.17723226547241210938 0.17780394852161407471 0.17833630740642547607 0.17956249415874481201 0.18233020603656768799 0.23228693008422851562 0.35814553499221801758 0.28230178356170654297 0.2092701643705368042 0.20539942383766174316 0.17385776340961456299 0.15657436847686767578 0.13696457445621490479 0.15694846212863922119 0.065262615680694580078 0.11278146505355834961 0.59539955854415893555 0.33217865228652954102 0.30009859800338745117 0.16545119881629943848 0.14040802419185638428
0.23185567557811737061 0.24320936203002929688 0.23507510125637054443 0.23204725980758666992 0.21740791201591491699 0.22177074849605560303 0.23492068052291870117 0.19794046878814697266 0.16386501491069793701 0.070807844400405883789 0.14752793312072753906 0.10688021034002304077 0.12904211878776550293 0.17310257256031036377 0.1844196617603302002 0.20072342455387115479 0.20643062889575958252 0.21468049287796020508 0.2141523212194442749 0.20518516004085540771 0.20524513721466064453 0.19749444723129272461 0.18833203613758087158 0.18917644023895263672 0.19132156670093536377 0.19432970881462097168 0.19755877554416656494 0.39835941791534423828 0.27839669585227966309 0.21553158760070800781 0.21092203259468078613 0.18430215120315551758 0.16952653229236602783 0.15385474264621734619 0.1693547666072845459 0.11152710765600204468 0.13826096057891845703 0.061500377953052520752 0.60950863361358642578 0.33930510282516479492 0.3063157200813293457 0.22089588642120361328
0.23684802651405334473 0.24478207528591156006 0.23969824612140655518 0.23690995573997497559 0.22461339831352233887 0.22725735604763031006 0.23621483147144317627 0.20525327324867248535 0.17486889660358428955 0.10706555843353271484 0.071070030331611633301 0.15997909009456634521 0.12878310680389404297 0.14637494087219238281 0.18438601493835449219 0.19462057948112487793 0.20894290506839752197 0.21425519883632659912 0.21994651854038238525 0.21870836615562438965 0.21085509657859802246 0.21111530065536499023 0.20527082681655883789 0.19920811057090759277 0.20210419595241546631 0.20433148741722106934 0.20560716092586517334 0.412334442138671875 0.27039790153503417969 0.21891169250011444092 0.21534523367881774902 0.19350649416446685791 0.18069240450859069824 0.16760453581809997559 0.18043710291385650635 0.13541448116302490234 0.15474778413772583008 0.11170826852321624756 0.57305669784545898438 0.063704907894134521484 0.32450526952743530273 0.35614255070686340332
0.24146163463592529297 0.24717672169208526611 0.24438124895095825195 0.24133612215518951416 0.23051698505878448486 0.23109887540340423584 0.23628893494606018066 0.21112231910228729248 0.18416725099086761475 0.12857428193092346191 0.071124747395515441895 0.10617697238922119141 0.17206144332885742188 0.14644904434680938721 0.16214048862457275391 0.19631518423557281494 0.20528706908226013184 0.21631921827793121338 0.21854722499847412109 0.22090691328048706055 0.22038711607456207275 0.21581245958805084229 0.2175531536340713501 0.21449947357177734375 0.20991669595241546631 0.21120738983154296875 0.21192774176597595215 0.4316628575325012207 0.26761642098426818848 0.22414414584636688232 0.22106149792671203613 0.20338569581508636475 0.19217476248741149902 0.1808385998010635376 0.19146874547004699707 0.15333190560340881348 0.1679579317569732666 0.13480190932750701904 0.55135381221771240234 0.11145292222499847412 0.31376564502716064453 0.35315063595771789551
0.24575568735599517822 0.25030356645584106445 0.24900200963020324707 0.24514625966548919678 0.23494002223014831543 0.2333278656005859375 0.23551502823829650879 0.21578732132911682129 0.19224737584590911865 0.14477892220020294189 0.10576409846544265747 0.12791815400123596191 0.07109495997428894043 0.1848535686731338501 0.16357108950614929199 0.17763356864452362061 0.20656545460224151611 0.2119760364294052124 0.21843637526035308838 0.21984946727752685547 0.2223046720027923584 0.22347438335418701172 0.22165027260780334473 0.22322237491607666016 0.22008641064167022705 0.21589912474155426025 0.21788287162780761719 0.45746406912803649902 0.26922720670700073242 0.23107533156871795654 0.22821867465972900391 0.21452243626117706299 0.20478413999080657959 0.19470988214015960693 0.20315282046794891357 0.1689497530460357666 0.17998228967189788818 0.15176182985305786133 0.54024142026901245117 0.13448086380958557129 0.30075415968894958496 0.33694720268249511719
0.24788029491901397705 0.25048905611038208008 0.24980080127716064453 0.24592328071594238281 0.23741871118545532227 0.23523551225662231445 0.23574791848659515381 0.22044970095157623291 0.19981822371482849121 0.15837630629539489746 0.12759639322757720947 0.14518085122108459473 0.10682727396488189697 0.19581076502799987793 0.17708125710487365723 0.070419348776340484619 0.18890689313411712646 0.21234980225563049316 0.21560087800025939941 0.220529899001121521 0.22212530672550201416 0.22436448931694030762 0.22614955902099609375 0.22532315552234649658 0.22666776180267333984 0.22576065361499786377 0.22464306652545928955 0.48338565230369567871 0.26797059178352355957 0.23391391336917877197 0.23129354417324066162 0.22102074325084686279 0.21282385289669036865 0.20464140176773071289 0.21193262934684753418 0.18194319307804107666 0.19047476351261138916 0.16563855111598968506 0.53394240140914916992 0.15144066512584686279 0.29410552978515625 0.32940077781677246094
0.49294084310531616211 0.24749848246574401855 0.247257232666015625 0.24426977336406707764 0.23838220536708831787 0.23701867461204528809 0.23689788579940795898 0.22507344186305999756 0.20702816545963287354 0.17057000100612640381 0.14508439600467681885 0.1605590134859085083 0.13022305071353912354 0.20574016869068145752 0.18831846117973327637 0.070536501705646514893 0.10865509510040283203 0.19790522754192352295 0.21656282246112823486 0.21850916743278503418 0.22213596105575561523 0.22378340363502502441 0.2262789309024810791 0.22871121764183044434 0.23030917346477508545 0.23373238742351531982 0.23423847556114196777 0.23092752695083618164 0.5137398838996887207 0.23291222751140594482 0.23051679134368896484 0.22288118302822113037 0.21630616486072540283 0.21056832373142242432 0.21780322492122650146 0.19274665415287017822 0.19976893067359924316 0.17784415185451507568 0.53178048133850097656 0.16619794070720672607 0.29220211505889892578 0.3267167210578918457
0.74042326211929321289 0.53678816556930541992 0.25872081518173217773 0.25451099872589111328 0.24722105264663696289 0.24450540542602539062 0.24210669100284576416 0.2314224541187286377 0.21526117622852325439 0.18319544196128845215 0.16155973076820373535 0.17585556209087371826 0.14972157776355743408 0.21533277630805969238 0.19864597916603088379 0.10854502767324447632 0.070567958056926727295 0.13170583546161651611 0.20407404005527496338 0.21939994394779205322 0.22227750718593597412 0.22604604065418243408 0.22875690460205078125 0.23192083835601806641 0.23530036211013793945 0.23677232861518859863 0.23632140457630157471 0.2322289198637008667 0.22648386657238006592 0.51791083812713623047 0.22938251495361328125 0.22496747970581054688 0.22045926749706268311 0.21681192517280578613 0.22352197766304016113 0.202190399169921875 0.20781363546848297119 0.18887190520763397217 0.53142970800399780273 0.17880389094352722168 0.2895266413688659668 0.32205289602279663086
0.59315353631973266602 0.91055226325988769531 1.014896392822265625 0.9998595118522644043 0.26676091551780700684 0.33523097634315490723 0.25097116827964782715 0.23925688862800598145 0.22487856447696685791 0.19739903509616851807 0.1789630502462387085 0.19239151477813720703 0.16793926060199737549 0.22460141777992248535 0.20832176506519317627 0.13198062777519226074 0.10828865319490432739 0.070777006447315216064 0.14803859591484069824 0.21145357191562652588 0.22648625075817108154 0.23024073243141174316 0.23441405594348907471 0.23705142736434936523 0.23838180303573608398 0.23683194816112518311 0.23261277377605438232 0.22845296561717987061 0.22409005463123321533 0.52522188425064086914 0.22833009064197540283 0.22740890085697174072 0.22525203227996826172 0.22336533665657043457 0.22908505797386169434 0.21046519279479980469 0.21488910913467407227 0.19922846555709838867 0.53287398815155029297 0.18994762003421783447 0.28646698594093322754 0.3168137967586517334
0.18993325531482696533 0.26439777016639709473 0.31025943160057067871 0.35015469789505004883 1.0038466453552246094 1.0073883533477783203 1.0008144378662109375 0.26075530052185058594 0.32163783907890319824 0.21815411746501922607 0.20031699538230895996 0.21159601211547851562 0.18674179911613464355 0.2354802936315536499 0.22001878917217254639 0.069996409118175506592 0.15060241520404815674 0.13170805573463439941 0.10833132266998291016 0.16495358943939208984 0.2215156853199005127 0.23269583284854888916 0.2350244373083114624 0.23608793318271636963 0.23493267595767974854 0.23220115900039672852 0.22871510684490203857 0.22552648186683654785 0.22315752506256103516 0.54213184118270874023 0.23071062564849853516 0.23191259801387786865 0.23079057037830352783 0.22948050498962402344 0.23385527729988098145 0.21780550479888916016 0.22137200832366943359 0.20896415412425994873 0.53626501560211181641 0.20136772096157073975 0.28704655170440673828 0.3165594637393951416
0.19924859702587127686 0.17717459797859191895 0.1775026470422744751 0.17891635000705718994 0.23766128718852996826 0.27558925747871398926 0.30874714255332946777 1.0096296072006225586 1.0669100284576416016 1.1049822568893432617 0.24871453642845153809 0.22466240823268890381 0.22836156189441680908 0.20325170457363128662 0.24444493651390075684 0.23050834238529205322 0.11052437871694564819 0.16762350499629974365 0.15166580677032470703 0.13316728174686431885 0.17873634397983551025 0.22515083849430084229 0.23093648254871368408 0.22963225841522216797 0.22815896570682525635 0.22670102119445800781 0.22544229030609130859 0.22484944760799407959 0.22473649680614471436 0.2259645313024520874 0.57572293281555175781 0.23829722404479980469 0.23699067533016204834 0.23508322238922119141 0.2377882152795791626 0.22429515421390533447 0.22736252844333648682 0.21827770769596099854 0.54179847240447998047 0.21350051462650299072 0.29129007458686828613 0.43305608630180358887
0.16397766768932342529 0.16236378252506256104 0.16297708451747894287 0.16261844336986541748 0.14913444221019744873 0.14991731941699981689 0.15081028640270233154 0.15375289320945739746 0.21288222074508666992 0.26288104057312011719 1.1263839006423950195 1.1383919715881347656 1.0927430391311645508 0.23715986311435699463 0.21534277498722076416 0.24599404633045196533 0.2338791191577911377 0.13473430275917053223 0.17999854683876037598 0.16572932898998260498 0.14988085627555847168 0.18708619475364685059 0.22388152778148651123 0.22602923214435577393 0.22464406490325927734 0.22399750351905822754 0.22397179901599884033 0.22501006722450256348 0.22678688168525695801 0.22922107577323913574 0.60498178005218505859 0.24412836134433746338 0.24387353658676147461 0.24208924174308776855 0.24372108280658721924 0.23273305594921112061 0.23537190258502960205 0.2291507720947265625 0.55066537857055664062 0.22483466565608978271 0.2945868372917175293 0.46339213848114013672
0.14912740886211395264 0.14872148633003234863 0.14868372678756713867 0.13100753724575042725 0.13295827805995941162 0.13258987665176391602 0.13225482404232025146 0.13361772894859313965 0.13639657199382781982 0.22371558845043182373 0.26431715488433837891 0.29758799076080322266 0.29796677827835083008 1.0461173057556152344 0.23716698586940765381 0.21946704387664794922 0.24092225730419158936 0.23169165849685668945 0.1523479074239730835 0.18847495317459106445 0.17646548151969909668 0.16337224841117858887 0.19385841488838195801 0.22277235984802246094 0.22426088154315948486 0.22398315370082855225 0.22496125102043151855 0.22723208367824554443 0.2301260530948638916 0.23347878456115722656 0.23683145642280578613 0.64361327886581420898 0.25258848071098327637 0.25156727433204650879 0.25277400016784667969 0.24364322423934936523 0.2461420893669128418 0.24241870641708374023 0.56425470113754272461 0.23552133142948150635 0.29688671231269836426 0.47596457600593566895
0.13222582638263702393 0.13221414387226104736 0.10911157727241516113 0.10889686644077301025 0.1084359586238861084 0.10800281167030334473 0.11085952073335647583 0.11116785556077957153 0.20829397439956665039 0.1370293349027633667 0.13907739520072937012 0.075019150972366333008 0.1154530644416809082 0.14038819074630737305 1.0223039388656616211 1.0151283740997314453 0.98398375511169433594 0.97201526165008544922 0.2327060997486114502 0.16805671155452728271 0.20080131292343139648 0.19093264639377593994 0.17944186925888061523 0.20748277008533477783 0.23217840492725372314 0.30361250042915344238 0.2344315946102142334 0.23603488504886627197 0.23734657466411590576 0.23894822597503662109 0.24071839451789855957 0.073296271264553070068 0.64766043424606323242 0.32813078165054321289 0.25702363252639770508 0.25343838334083557129 0.2567641139030456543 0.25365152955055236816 0.57352167367935180664 0.24326434731483459473 0.29662543535232543945 0.48500326275825500488
0.11008785665035247803 0.069784544408321380615 0.069670304656028747559 0.069823816418647766113 0.070170916616916656494 0.070396646857261657715 0.070547111332416534424 0.1984148174524307251 0.11312191933393478394 0.11353522539138793945 0.11380866169929504395 0.13772684335708618164 0.15453895926475524902 0.17056758701801300049 0.18880222737789154053 0.20106038451194763184 0.20650319755077362061 0.21453584730625152588 0.9945570826530456543 1.0100682973861694336 1.0227781534194946289 1.031543731689453125 1.0357372760772705078 1.0472550392150878906 1.0666848421096801758 1.0877794027328491211 1.109280705451965332 1.1085289716720581055 0.25196221470832824707 0.24759303033351898193 0.24405314028263092041 0.239873543381690979 0.11561992019414901733 0.66546863317489624023 0.25779435038566589355 0.26022693514823913574 0.26499727368354797363 0.26274651288986206055 0.57672381401062011719 0.24750378727912902832 0.29353082180023193359 0.75574374198913574219
