tests/data/reference/test_stream_rill_mfda_diffusion/control/cinfil_m3.asc
ncols	123
nrows	77
xllcorner	-713746.79929998
yllcorner	-1061022.36961616
cellsize	10.0
NODATA_value	-9999
[rows 46 to 68 of 77, columns 52 to 103 of 123]
1.533268e+00 1.543311e+00 1.547857e+00 1.538445e+00 1.521213e+00 1.506191e+00 1.497197e+00 1.490779e+00 1.483585e+00 1.474463e+00 1.461103e+00 1.444376e+00 1.432339e+00 1.429950e+00 1.435888e+00 1.445309e+00 1.446975e+00 1.435557e+00 1.420266e+00 1.410325e+00 1.403361e+00 1.396109e+00 1.396107e+00 1.409304e+00 1.424383e+00 1.021476e+00 8.612410e-01 8.485406e-01 9.427570e-01 1.091800e+00 1.165769e+00 3.316428e-01 3.311228e-01 1.592525e+00 1.551411e+00 1.449606e+00 1.428713e+00 1.402521e+00 1.387534e+00 1.381012e+00 1.375055e+00 1.379201e+00 1.375633e+00 1.383294e+00 1.372551e+00 1.378861e+00 1.359306e+00 1.327602e+00 1.213248e+00 1.019420e+00 8.706143e-01 8.648547e-01
1.529555e+00 1.553298e+00 1.562932e+00 1.550502e+00 1.533585e+00 1.525309e+00 1.519897e+00 1.511778e+00 1.501734e+00 1.491347e+00 1.476330e+00 1.458587e+00 1.449162e+00 1.452607e+00 1.463508e+00 1.475027e+00 1.474164e+00 1.457806e+00 1.441000e+00 1.431140e+00 1.422377e+00 1.413280e+00 1.411405e+00 1.418925e+00 1.427907e+00 1.200631e+00 8.613167e-01 8.271776e-01 9.957051e-01 1.060960e+00 1.135302e+00 1.301251e+00 8.261935e-01 1.373507e+00 1.033648e+00 1.483129e+00 1.447937e+00 1.416017e+00 1.396218e+00 1.384847e+00 1.383715e+00 1.381810e+00 1.385861e+00 1.379716e+00 1.383424e+00 1.370358e+00 1.348948e+00 1.263694e+00 1.115936e+00 8.701644e-01 8.661409e-01 1.001276e+00
1.520523e+00 1.547905e+00 1.560277e+00 1.549277e+00 1.539630e+00 1.537927e+00 1.537383e+00 1.531374e+00 1.520813e+00 1.506355e+00 1.488332e+00 1.470251e+00 1.463183e+00 1.470018e+00 1.482258e+00 1.492587e+00 1.489898e+00 1.473805e+00 1.458493e+00 1.448866e+00 1.440357e+00 1.433256e+00 1.430738e+00 1.430961e+00 1.433482e+00 1.210939e+00 9.044636e-01 8.843693e-01 9.668783e-01 1.045501e+00 1.115236e+00 1.216130e+00 1.406000e+00 1.016540e+00 1.052016e+00 1.335082e+00 1.470555e+00 1.431799e+00 1.405844e+00 1.393889e+00 1.388842e+00 1.391623e+00 1.387499e+00 1.388088e+00 1.377707e+00 1.361710e+00 1.299537e+00 1.183217e+00 9.972878e-01 8.616531e-01 8.615015e-01 9.996616e-01
1.505783e+00 1.529688e+00 1.542359e+00 1.541586e+00 1.539628e+00 1.544147e+00 1.547786e+00 1.546837e+00 1.535314e+00 1.516766e+00 1.496397e+00 1.479298e+00 1.474248e+00 1.482471e+00 1.493962e+00 1.500235e+00 1.496170e+00 1.482303e+00 1.468443e+00 1.459452e+00 1.453801e+00 1.451817e+00 1.450848e+00 1.447721e+00 1.447002e+00 1.226409e+00 8.315793e-01 9.669169e-01 9.539174e-01 1.031399e+00 1.086057e+00 7.668658e-01 1.285204e+00 1.512854e+00 1.104093e+00 1.044300e+00 1.510496e+00 1.448843e+00 1.420666e+00 1.403851e+00 1.398898e+00 1.396321e+00 1.395139e+00 1.386714e+00 1.373078e+00 1.326915e+00 1.236479e+00 1.087620e+00 9.861269e-01 8.527606e-01 8.570305e-01 9.997352e-01
1.488973e+00 1.505290e+00 1.521746e+00 1.527035e+00 1.533870e+00 1.542116e+00 1.550869e+00 1.551489e+00 1.539997e+00 1.518754e+00 1.498163e+00 1.484307e+00 1.483018e+00 1.493345e+00 1.501535e+00 1.503714e+00 1.497986e+00 1.484516e+00 1.470033e+00 1.460615e+00 1.457924e+00 1.463268e+00 1.469456e+00 1.470108e+00 1.468300e+00 0.000000e+00 8.299147e-01 9.581503e-01 9.399256e-01 9.994959e-01 1.017833e+00 1.134678e+00 8.972301e-01 1.359792e+00 1.607541e+00 1.056173e+00 1.324978e+00 1.465805e+00 1.435355e+00 1.417168e+00 1.407938e+00 1.404980e+00 1.397866e+00 1.387516e+00 1.354021e+00 1.281313e+00 1.159762e+00 1.079306e+00 9.784876e-01 9.822661e-01 8.517246e-01 8.580379e-01
1.469892e+00 1.488069e+00 1.496353e+00 1.508324e+00 1.521771e+00 1.537195e+00 1.543946e+00 1.545354e+00 1.533237e+00 1.509695e+00 1.490533e+00 1.484082e+00 1.490899e+00 1.499957e+00 1.506093e+00 1.506227e+00 1.499720e+00 1.484670e+00 1.468113e+00 1.456982e+00 1.456724e+00 1.471801e+00 1.488282e+00 1.493777e+00 1.488201e+00 0.000000e+00 8.307414e-01 9.535948e-01 1.046278e+00 9.247695e-01 7.428129e-01 1.089677e+00 1.203875e+00 1.016489e+00 1.441421e+00 1.407880e+00 1.042240e+00 1.296384e+00 1.449049e+00 1.429284e+00 1.419366e+00 1.412036e+00 1.402644e+00 1.380373e+00 1.326397e+00 1.224559e+00 1.154332e+00 1.072394e+00 1.076074e+00 9.775024e-01 9.812424e-01 1.166151e+00
1.463215e+00 1.465281e+00 1.470732e+00 1.487669e+00 1.515086e+00 1.527333e+00 1.532950e+00 1.530703e+00 1.514967e+00 1.489325e+00 1.473971e+00 1.481279e+00 1.491284e+00 1.502056e+00 1.507537e+00 1.509565e+00 1.502377e+00 1.484270e+00 1.465341e+00 1.452242e+00 1.454275e+00 1.479470e+00 1.504722e+00 1.509139e+00 1.499185e+00 0.000000e+00 8.296410e-01 9.513843e-01 9.428465e-01 8.091316e-01 7.355850e-01 8.613406e-01 1.161548e+00 1.270958e+00 1.125305e+00 1.515348e+00 1.100053e+00 1.298516e+00 1.458587e+00 1.442359e+00 1.432027e+00 1.423781e+00 1.406179e+00 1.365534e+00 1.284634e+00 1.223869e+00 1.151139e+00 1.150478e+00 1.070535e+00 1.074461e+00 1.212032e+00 9.791676e-01
1.441013e+00 1.436901e+00 1.440849e+00 1.476819e+00 1.501476e+00 1.514228e+00 1.514966e+00 1.506029e+00 1.487128e+00 1.462927e+00 1.460018e+00 1.467340e+00 1.483856e+00 1.495161e+00 1.503761e+00 1.507519e+00 1.499341e+00 1.480128e+00 1.461718e+00 1.448782e+00 1.452484e+00 1.485228e+00 1.509924e+00 1.510731e+00 9.872766e-01 0.000000e+00 8.273267e-01 8.197210e-01 8.120322e-01 8.043410e-01 9.302829e-01 8.570362e-01 9.621371e-01 1.225230e+00 1.330823e+00 1.215968e+00 1.308628e+00 1.039875e+00 1.274952e+00 1.454783e+00 1.448888e+00 1.438627e+00 1.406599e+00 1.338806e+00 1.285597e+00 1.222450e+00 1.217778e+00 1.147089e+00 1.147538e+00 1.252062e+00 1.072984e+00 9.722327e-01
1.407294e+00 1.399493e+00 1.424690e+00 1.452907e+00 1.481510e+00 1.490508e+00 1.484030e+00 1.471440e+00 1.454832e+00 1.448988e+00 1.440614e+00 1.453374e+00 1.464462e+00 1.479074e+00 1.490407e+00 1.493013e+00 1.484914e+00 1.468974e+00 1.454539e+00 1.443806e+00 1.453995e+00 1.486728e+00 1.508707e+00 8.610636e-01 8.454298e-01 0.000000e+00 8.239879e-01 8.162369e-01 8.087807e-01 9.271295e-01 9.273500e-01 1.034723e+00 9.554631e-01 1.040143e+00 1.284761e+00 1.390936e+00 1.269926e+00 1.089261e+00 1.273484e+00 1.273119e+00 1.459292e+00 1.440073e+00 1.386828e+00 1.339565e+00 1.283675e+00 1.276813e+00 1.216351e+00 1.213674e+00 1.289018e+00 1.146859e+00 1.067780e+00 1.067961e+00
1.361559e+00 1.384059e+00 1.392503e+00 1.424546e+00 1.449625e+00 1.450693e+00 1.439510e+00 1.428360e+00 1.438863e+00 1.426360e+00 1.432594e+00 1.433672e+00 1.439846e+00 1.454951e+00 1.466588e+00 1.467190e+00 1.460520e+00 1.449695e+00 1.439679e+00 1.439851e+00 1.445963e+00 1.476224e+00 8.803103e-01 8.541800e-01 3.727423e-01 6.237952e-01 8.178799e-01 9.393900e-01 9.329130e-01 9.279943e-01 1.024940e+00 1.032691e+00 1.119935e+00 1.028738e+00 1.114561e+00 1.350936e+00 1.432719e+00 1.143162e+00 1.308683e+00 1.272508e+00 1.454632e+00 1.416844e+00 1.379448e+00 1.332679e+00 1.324962e+00 1.273922e+00 1.272085e+00 1.327982e+00 1.213282e+00 1.144647e+00 1.144978e+00 2.121555e+00
1.346000e+00 1.344313e+00 1.359480e+00 1.387329e+00 1.401945e+00 1.397053e+00 1.386214e+00 1.408377e+00 1.403283e+00 1.418227e+00 1.415358e+00 1.411508e+00 1.412918e+00 1.425763e+00 1.435602e+00 1.434374e+00 1.428826e+00 1.421723e+00 1.427923e+00 1.422222e+00 1.426411e+00 1.445314e+00 1.460134e+00 9.832726e-01 6.271767e-01 8.962728e-01 8.139584e-01 9.375662e-01 1.032843e+00 9.944572e-01 9.454154e-01 9.619141e-01 9.501120e-01 9.810373e-01 9.304322e-01 1.224580e+00 1.418127e+00 1.260125e+00 1.092698e+00 1.257345e+00 1.238192e+00 1.404292e+00 1.369150e+00 1.363290e+00 1.321514e+00 1.319132e+00 1.361018e+00 1.272396e+00 1.215815e+00 1.214875e+00 2.165423e+00 2.147557e+00
1.293949e+00 1.303298e+00 1.321092e+00 1.336739e+00 1.341123e+00 1.335422e+00 1.371175e+00 1.364949e+00 1.390763e+00 1.392483e+00 1.390850e+00 1.384097e+00 1.382164e+00 1.391698e+00 1.399189e+00 1.396820e+00 1.391293e+00 1.405210e+00 1.400601e+00 1.396593e+00 1.397955e+00 1.420803e+00 1.551509e+00 1.551139e+00 1.430439e+00 8.953042e-01 9.225252e-01 1.090795e+00 9.971300e-01 1.054330e+00 1.031448e+00 1.060481e+00 1.101362e+00 1.134972e+00 1.017149e+00 1.038471e+00 1.350464e+00 1.463597e+00 1.083956e+00 1.260509e+00 1.215993e+00 1.389611e+00 1.389194e+00 1.358707e+00 1.358509e+00 1.388472e+00 1.318930e+00 1.274084e+00 1.277674e+00 2.214089e+00 2.199137e+00 1.416688e+00
1.239496e+00 1.259667e+00 1.276712e+00 1.280347e+00 1.275798e+00 1.327563e+00 1.324159e+00 1.359475e+00 1.358417e+00 1.359716e+00 1.357339e+00 1.349819e+00 1.346872e+00 1.353238e+00 1.357891e+00 1.354789e+00 1.376902e+00 1.372063e+00 1.367899e+00 1.364242e+00 1.383584e+00 1.389181e+00 1.394448e+00 1.628151e+00 1.352883e+00 8.948143e-01 9.744224e-01 1.103748e+00 1.243818e+00 1.206391e+00 1.261940e+00 1.300019e+00 1.332901e+00 1.367753e+00 1.392117e+00 1.026503e+00 9.932525e-01 1.477227e+00 1.279016e+00 1.052663e+00 1.209160e+00 1.213681e+00 1.385637e+00 1.388425e+00 1.411936e+00 1.359907e+00 1.322549e+00 1.326271e+00 2.257157e+00 2.248797e+00 1.428778e+00 1.432548e+00
1.178137e+00 1.206038e+00 1.223039e+00 1.215821e+00 1.277249e+00 1.272468e+00 1.324379e+00 1.322521e+00 1.320459e+00 1.318320e+00 1.313612e+00 1.307563e+00 1.305381e+00 1.307874e+00 1.308711e+00 1.343076e+00 1.338875e+00 1.334095e+00 1.329133e+00 1.352938e+00 1.353747e+00 1.357708e+00 1.360507e+00 1.359127e+00 1.109210e+00 8.148538e-01 9.419841e-01 1.046215e+00 1.133272e+00 1.206072e+00 1.261485e+00 1.301116e+00 1.340386e+00 1.367513e+00 1.362694e+00 1.157880e+00 1.046550e+00 1.007193e+00 1.593781e+00 1.047740e+00 1.050719e+00 1.217282e+00 1.220502e+00 1.430232e+00 1.393916e+00 1.365481e+00 1.369036e+00 2.296092e+00 2.292715e+00 1.439592e+00 1.435882e+00 1.436780e+00
1.102627e+00 1.136291e+00 1.151574e+00 1.226312e+00 1.211615e+00 1.275936e+00 1.275793e+00 1.276174e+00 1.273555e+00 1.266180e+00 1.258685e+00 1.255590e+00 1.254018e+00 1.251298e+00 1.297861e+00 1.295213e+00 1.292087e+00 1.287642e+00 1.320417e+00 1.318008e+00 1.319311e+00 1.323835e+00 1.324496e+00 1.318151e+00 1.109790e+00 8.127233e-01 9.415193e-01 1.047707e+00 1.135113e+00 1.206755e+00 1.263686e+00 1.313115e+00 1.343616e+00 1.339339e+00 1.098042e+00 1.011231e+00 1.153133e+00 9.861865e-01 1.031416e+00 1.718001e+00 1.053177e+00 1.055827e+00 1.257534e+00 1.426380e+00 1.402575e+00 1.404022e+00 2.333036e+00 2.333115e+00 1.447541e+00 1.442445e+00 1.442258e+00 1.444387e+00
1.008092e+00 1.043092e+00 1.167143e+00 1.148958e+00 1.221540e+00 1.214899e+00 1.214156e+00 1.217855e+00 1.215040e+00 1.202878e+00 1.193654e+00 1.192565e+00 1.190510e+00 1.248460e+00 1.242056e+00 1.238430e+00 1.234603e+00 1.279490e+00 1.276685e+00 1.274024e+00 1.275233e+00 1.281496e+00 1.281303e+00 1.319749e+00 0.000000e+00 8.154060e-01 9.453862e-01 1.051979e+00 1.139162e+00 1.209788e+00 1.275560e+00 1.314639e+00 1.310935e+00 1.032931e+00 1.065573e+00 1.092577e+00 9.801625e-01 1.154684e+00 1.029542e+00 1.323674e+00 1.851158e+00 1.085473e+00 1.294192e+00 1.261954e+00 1.439738e+00 2.368125e+00 2.371792e+00 1.452730e+00 1.443924e+00 1.445744e+00 1.456044e+00 1.450768e+00
8.774702e-01 1.050857e+00 1.064182e+00 1.160303e+00 1.147276e+00 1.138921e+00 1.138120e+00 1.145214e+00 1.142635e+00 1.128858e+00 1.120165e+00 1.119037e+00 1.198138e+00 1.189508e+00 1.181024e+00 1.174652e+00 1.232267e+00 1.225615e+00 1.220763e+00 1.217123e+00 1.218081e+00 1.224905e+00 1.282259e+00 1.271655e+00 0.000000e+00 8.193377e-01 9.497699e-01 1.054425e+00 1.140186e+00 1.220216e+00 1.269178e+00 1.270063e+00 9.491315e-01 9.966883e-01 1.031654e+00 1.020416e+00 1.092774e+00 1.086981e+00 1.161207e+00 1.172499e+00 1.471199e+00 1.644008e+00 1.082315e+00 1.363860e+00 2.409816e+00 2.413510e+00 1.462049e+00 1.451439e+00 1.448934e+00 1.462444e+00 1.469409e+00 1.442509e+00
8.885783e-01 9.061647e-01 1.063997e+00 1.056924e+00 1.048907e+00 1.040916e+00 1.041026e+00 1.049715e+00 1.048282e+00 1.036354e+00 1.029587e+00 1.134721e+00 1.129163e+00 1.119613e+00 1.108606e+00 1.180500e+00 1.169896e+00 1.159126e+00 1.151656e+00 1.147693e+00 1.148529e+00 1.223060e+00 1.223357e+00 1.274003e+00 0.000000e+00 8.227928e-01 9.520255e-01 1.052707e+00 1.149179e+00 1.205670e+00 1.209139e+00 8.290851e-01 9.078948e-01 9.503782e-01 9.418547e-01 1.031183e+00 1.021467e+00 1.094803e+00 1.291057e+00 1.173083e+00 1.062584e+00 1.604666e+00 3.311228e-01 1.785985e+00 2.026869e+00 1.477314e+00 1.464171e+00 1.462377e+00 1.471830e+00 1.483551e+00 1.467993e+00 1.430160e+00
9.035840e-01 9.085038e-01 9.112567e-01 9.100291e-01 9.073816e-01 9.034982e-01 9.045720e-01 9.112986e-01 9.113980e-01 9.038771e-01 1.045861e+00 1.043568e+00 1.037651e+00 1.028744e+00 1.122162e+00 1.104880e+00 1.089583e+00 1.076511e+00 1.068373e+00 1.065492e+00 1.148707e+00 1.152601e+00 1.223213e+00 1.218490e+00 0.000000e+00 8.244013e-01 9.504553e-01 1.064861e+00 1.126050e+00 1.129600e+00 1.135883e+00 8.299812e-01 8.305916e-01 8.281720e-01 9.521210e-01 9.413866e-01 1.032130e+00 1.261764e+00 1.100426e+00 1.099938e+00 1.113673e+00 1.168587e+00 1.690760e+00 3.311228e-01 1.317933e+00 2.086056e+00 1.472601e+00 1.481745e+00 1.494446e+00 1.482985e+00 1.451550e+00 1.424884e+00
9.194080e-01 9.128719e-01 9.085848e-01 9.068669e-01 9.066626e-01 9.082291e-01 9.111151e-01 9.151631e-01 9.171674e-01 9.167091e-01 9.142550e-01 9.104097e-01 9.042549e-01 1.042809e+00 1.026332e+00 1.004764e+00 9.879123e-01 9.746933e-01 9.678409e-01 1.068060e+00 1.069471e+00 1.156219e+00 1.155666e+00 1.219988e+00 0.000000e+00 8.238940e-01 9.768284e-01 1.039086e+00 1.036450e+00 1.041508e+00 1.048621e+00 1.212979e+00 9.079627e-01 8.332917e-01 8.300516e-01 9.528278e-01 1.229867e+00 1.035620e+00 1.026926e+00 1.020721e+00 9.279975e-01 8.496760e-01 1.250746e+00 1.510566e+00 1.921553e+00 1.436261e+00 1.486193e+00 1.496419e+00 1.496811e+00 1.467985e+00 1.439565e+00 1.429766e+00
-9.999000e+03 -9.999000e+03 -9.999000e+03 -9.999000e+03 -9.999000e+03 -9.999000e+03 -9.999000e+03 -9.999000e+03 9.170427e-01 9.269887e-01 9.296704e-01 9.227480e-01 9.123288e-01 9.002651e-01 8.846430e-01 8.670026e-01 8.531255e-01 8.419212e-01 9.707323e-01 9.714114e-01 1.076865e+00 1.081756e+00 1.163479e+00 8.671341e-01 0.000000e+00 8.835284e-01 9.466595e-01 9.367515e-01 9.334142e-01 9.375031e-01 9.440236e-01 1.137842e+00 1.279368e+00 1.018717e+00 8.364986e-01 1.186575e+00 9.580012e-01 9.452417e-01 9.350016e-01 8.018677e-01 8.009794e-01 8.057146e-01 7.471075e-01 1.327197e+00 3.316428e-01 1.061178e+00 1.525884e+00 1.498475e+00 1.479458e+00 1.452517e+00 8.263525e-01 8.236482e-01
-9.999000e+03 -9.999000e+03 -9.999000e+03 -9.999000e+03 -9.999000e+03 -9.999000e+03 -9.999000e+03 -9.999000e+03 -9.999000e+03 -9.999000e+03 -9.999000e+03 9.291878e-01 9.147724e-01 8.961828e-01 8.807740e-01 8.683968e-01 8.566853e-01 8.451439e-01 8.411535e-01 9.778928e-01 9.823773e-01 1.092108e+00 1.086999e+00 7.645167e-01 8.998802e-01 8.261084e-01 8.193298e-01 8.087199e-01 8.047062e-01 8.064174e-01 8.113645e-01 1.046853e+00 1.216164e+00 1.339184e+00 1.116074e+00 8.440776e-01 8.377238e-01 8.239882e-01 8.132666e-01 8.054040e-01 8.012791e-01 8.002346e-01 8.073519e-01 8.729294e-01 1.413452e+00 1.349883e+00 1.072551e+00 7.770240e-01 8.278780e-01 -9.999000e+03 -9.999000e+03 -9.999000e+03
-9.999000e+03 -9.999000e+03 -9.999000e+03 -9.999000e+03 -9.999000e+03 -9.999000e+03 -9.999000e+03 -9.999000e+03 -9.999000e+03 -9.999000e+03 -9.999000e+03 -9.999000e+03 -9.999000e+03 8.881956e-01 8.749081e-01 1.010292e+00 9.998415e-01 9.854482e-01 8.460084e-01 8.501465e-01 9.904047e-01 9.945713e-01 9.863736e-01 3.727423e-01 9.001596e-01 8.289726e-01 8.225023e-01 8.102867e-01 8.038643e-01 8.022174e-01 8.055724e-01 9.344731e-01 1.134839e+00 1.289470e+00 1.393788e+00 8.479836e-01 8.449325e-01 8.344761e-01 8.226701e-01 -9.999000e+03 -9.999000e+03 -9.999000e+03 -9.999000e+03 -9.999000e+03 -9.999000e+03 -9.999000e+03 -9.999000e+03 3.316428e-01 -9.999000e+03 -9.999000e+03 -9.999000e+03 -9.999000e+03
