tests/data/reference/test_stream_rill_mfda_diffusion/control/cinfil_m3.asc
ncols	123
nrows	77
xllcorner	-713746.79929998
yllcorner	-1061022.36961616
cellsize	10.0
NODATA_value	-9999
[rows 46 to 68 of 77, columns 0 to 51 of 123]
-9.999000e+03 -9.999000e+03 -9.999000e+03 -9.999000e+03 -9.999000e+03 -9.999000e+03 -9.999000e+03 -9.999000e+03 1.013937e+00 1.007074e+00 1.171257e+00 1.266124e+00 1.328219e+00 1.408353e+00 1.417675e+00 1.431333e+00 1.442796e+00 1.451093e+00 1.448609e+00 1.428722e+00 1.419308e+00 1.409073e+00 1.416824e+00 1.431376e+00 1.441624e+00 1.442267e+00 1.453397e+00 1.473236e+00 1.486580e+00 1.493123e+00 1.496075e+00 1.499632e+00 1.501523e+00 1.495950e+00 1.495288e+00 1.486286e+00 1.471194e+00 1.456200e+00 1.443362e+00 1.435684e+00 1.430535e+00 1.430798e+00 1.433708e+00 1.435592e+00 1.441567e+00 1.452128e+00 1.462830e+00 1.473583e+00 1.488032e+00 1.507502e+00 1.522779e+00 1.527859e+00
-9.999000e+03 -9.999000e+03 -9.999000e+03 -9.999000e+03 -9.999000e+03 -9.999000e+03 -9.999000e+03 1.195253e+00 9.987284e-01 9.877419e-01 1.146269e+00 1.242747e+00 1.364712e+00 1.365905e+00 1.373525e+00 1.393188e+00 1.418192e+00 1.438828e+00 1.440415e+00 1.438263e+00 1.415807e+00 1.413448e+00 1.411828e+00 1.419459e+00 1.424871e+00 1.430741e+00 1.439202e+00 1.453665e+00 1.466342e+00 1.467459e+00 1.470450e+00 1.476769e+00 1.475580e+00 1.485742e+00 1.484582e+00 1.474588e+00 1.462878e+00 1.449745e+00 1.442989e+00 1.433267e+00 1.426998e+00 1.425789e+00 1.424813e+00 1.426465e+00 1.430996e+00 1.439423e+00 1.448751e+00 1.458191e+00 1.469731e+00 1.485579e+00 1.502023e+00 1.514078e+00
-9.999000e+03 -9.999000e+03 -9.999000e+03 -9.999000e+03 -9.999000e+03 -9.999000e+03 -9.999000e+03 1.174771e+00 9.958434e-01 9.914535e-01 1.144679e+00 1.346103e+00 1.337761e+00 1.333736e+00 1.338980e+00 1.353818e+00 1.376410e+00 1.400297e+00 1.434109e+00 1.413271e+00 1.411860e+00 1.399213e+00 1.393252e+00 1.391584e+00 1.402142e+00 1.404035e+00 1.405310e+00 1.420781e+00 1.429866e+00 1.430930e+00 1.434140e+00 1.438778e+00 1.463152e+00 1.472549e+00 1.467526e+00 1.460783e+00 1.451359e+00 1.448096e+00 1.437145e+00 1.429394e+00 1.427755e+00 1.423826e+00 1.423149e+00 1.423208e+00 1.425545e+00 1.430413e+00 1.437679e+00 1.447114e+00 1.457170e+00 1.468443e+00 1.482009e+00 1.497158e+00
-9.999000e+03 -9.999000e+03 -9.999000e+03 -9.999000e+03 -9.999000e+03 -9.999000e+03 1.163775e+00 1.152984e+00 1.009736e+00 1.019822e+00 1.337453e+00 1.327132e+00 1.310628e+00 1.300089e+00 1.299692e+00 1.304489e+00 1.318630e+00 1.386366e+00 1.387922e+00 1.400235e+00 1.380640e+00 1.366774e+00 1.353685e+00 1.360100e+00 1.355786e+00 1.348975e+00 1.359705e+00 1.368921e+00 1.376006e+00 1.380123e+00 1.383484e+00 1.422976e+00 1.446652e+00 1.448200e+00 1.445935e+00 1.441182e+00 1.448063e+00 1.436728e+00 1.427138e+00 1.428230e+00 1.424520e+00 1.424854e+00 1.423767e+00 1.423390e+00 1.423402e+00 1.424893e+00 1.429804e+00 1.438790e+00 1.447649e+00 1.454367e+00 1.464110e+00 1.484984e+00
-9.999000e+03 -9.999000e+03 -9.999000e+03 -9.999000e+03 -9.999000e+03 1.176275e+00 1.155784e+00 1.003727e+00 1.030818e+00 1.302845e+00 1.291549e+00 1.281693e+00 1.259950e+00 1.240501e+00 1.231877e+00 1.231094e+00 1.309904e+00 1.328993e+00 1.377355e+00 1.356739e+00 1.334453e+00 1.313564e+00 1.323650e+00 1.304748e+00 1.279000e+00 1.288686e+00 1.295215e+00 1.298658e+00 1.304088e+00 1.309590e+00 1.358932e+00 1.393068e+00 1.400212e+00 1.404205e+00 1.404951e+00 1.425899e+00 1.422823e+00 1.416589e+00 1.422111e+00 1.417740e+00 1.420857e+00 1.421823e+00 1.422807e+00 1.422317e+00 1.421369e+00 1.421547e+00 1.424709e+00 1.431319e+00 1.437024e+00 1.439675e+00 1.456017e+00 1.471428e+00
-9.999000e+03 -9.999000e+03 -9.999000e+03 -9.999000e+03 -9.999000e+03 1.193924e+00 1.027037e+00 1.041112e+00 1.213855e+00 1.209416e+00 1.199393e+00 1.191607e+00 1.173397e+00 1.145975e+00 1.131368e+00 1.228585e+00 1.234137e+00 1.320317e+00 1.319259e+00 1.299312e+00 1.270040e+00 1.290973e+00 1.263711e+00 1.210233e+00 1.210130e+00 1.213966e+00 1.215498e+00 1.215613e+00 1.218344e+00 1.284040e+00 1.330324e+00 1.338106e+00 1.343338e+00 1.346762e+00 1.381650e+00 1.383575e+00 1.385424e+00 1.404671e+00 1.403748e+00 1.409368e+00 1.409663e+00 1.413657e+00 1.416007e+00 1.416468e+00 1.416937e+00 1.417215e+00 1.418004e+00 1.419971e+00 1.421425e+00 1.437067e+00 1.443475e+00 1.457121e+00
-9.999000e+03 -9.999000e+03 -9.999000e+03 -9.999000e+03 1.236843e+00 1.048965e+00 1.064328e+00 1.091940e+00 1.085362e+00 1.077964e+00 1.063160e+00 1.050205e+00 1.035598e+00 1.001058e+00 1.137746e+00 1.130260e+00 1.234777e+00 1.242536e+00 1.246226e+00 1.233155e+00 1.278961e+00 1.241516e+00 1.152612e+00 1.142712e+00 1.135362e+00 1.132038e+00 1.130341e+00 1.128351e+00 1.208298e+00 1.270433e+00 1.280670e+00 1.286888e+00 1.289016e+00 1.334077e+00 1.334036e+00 1.334406e+00 1.365445e+00 1.373008e+00 1.391354e+00 1.390404e+00 1.390354e+00 1.393749e+00 1.397163e+00 1.401357e+00 1.405282e+00 1.405969e+00 1.403536e+00 1.399752e+00 1.420575e+00 1.422378e+00 1.429405e+00 1.440464e+00
-9.999000e+03 -9.999000e+03 -9.999000e+03 -9.999000e+03 1.067696e+00 1.068850e+00 1.123307e+00 1.146211e+00 1.127707e+00 1.157510e+00 1.119397e+00 1.091513e+00 1.073491e+00 1.020624e+00 9.937354e-01 1.142502e+00 1.134448e+00 1.136083e+00 1.149215e+00 1.263364e+00 1.239120e+00 1.099897e+00 1.078603e+00 1.060736e+00 1.044794e+00 1.035340e+00 1.030873e+00 1.131879e+00 1.208018e+00 1.217867e+00 1.226823e+00 1.231513e+00 1.290922e+00 1.286416e+00 1.281643e+00 1.319228e+00 1.322851e+00 1.355862e+00 1.365461e+00 1.364703e+00 1.360896e+00 1.361522e+00 1.366728e+00 1.375002e+00 1.381162e+00 1.380720e+00 1.375261e+00 1.400036e+00 1.397740e+00 1.402219e+00 1.409429e+00 1.438899e+00
-9.999000e+03 -9.999000e+03 -9.999000e+03 1.086950e+00 1.067024e+00 1.119036e+00 1.170330e+00 -9.999000e+03 -9.999000e+03 -9.999000e+03 -9.999000e+03 -9.999000e+03 1.111370e+00 1.044844e+00 1.016537e+00 1.008279e+00 9.968847e-01 9.900308e-01 1.169186e+00 1.198782e+00 1.024210e+00 9.890293e-01 9.604896e-01 9.406116e-01 9.207474e-01 9.056842e-01 1.044864e+00 1.141815e+00 1.142165e+00 1.147210e+00 1.153651e+00 1.238095e+00 1.237052e+00 1.229917e+00 1.279552e+00 1.276682e+00 1.313947e+00 1.325423e+00 1.332932e+00 1.329445e+00 1.323309e+00 1.322486e+00 1.327346e+00 1.335086e+00 1.338573e+00 1.334703e+00 1.370731e+00 1.364796e+00 1.364611e+00 1.371130e+00 1.407858e+00 1.410443e+00
-9.999000e+03 -9.999000e+03 -9.999000e+03 1.069510e+00 1.082381e+00 -9.999000e+03 -9.999000e+03 -9.999000e+03 -9.999000e+03 -9.999000e+03 -9.999000e+03 -9.999000e+03 -9.999000e+03 1.067462e+00 1.043659e+00 1.042362e+00 1.031855e+00 1.014488e+00 1.032542e+00 1.105275e+00 1.124807e+00 1.057612e+00 1.013525e+00 9.889821e-01 9.642547e-01 9.388523e-01 1.071621e+00 1.059204e+00 1.052986e+00 1.052447e+00 1.162094e+00 1.168205e+00 1.167452e+00 1.236053e+00 1.229334e+00 1.275856e+00 1.280796e+00 1.287971e+00 1.287842e+00 1.280804e+00 1.275030e+00 1.273903e+00 1.277008e+00 1.281123e+00 1.280028e+00 1.328084e+00 1.322091e+00 1.318364e+00 1.319634e+00 1.367461e+00 1.370613e+00 1.367848e+00
-9.999000e+03 0.000000e+00 1.111811e+00 1.083789e+00 1.133389e+00 -9.999000e+03 -9.999000e+03 -9.999000e+03 -9.999000e+03 -9.999000e+03 -9.999000e+03 -9.999000e+03 -9.999000e+03 -9.999000e+03 -9.999000e+03 -9.999000e+03 1.042419e+00 1.026598e+00 1.044576e+00 1.125149e+00 -9.999000e+03 -9.999000e+03 -9.999000e+03 -9.999000e+03 1.009531e+00 9.779201e-01 9.526908e-01 9.344206e-01 9.247955e-01 1.071227e+00 1.070919e+00 1.074830e+00 1.177183e+00 1.167075e+00 1.229610e+00 1.228043e+00 1.230252e+00 1.232894e+00 1.227891e+00 1.216990e+00 1.209925e+00 1.209472e+00 1.211400e+00 1.212400e+00 1.277200e+00 1.269825e+00 1.263855e+00 1.261303e+00 1.316501e+00 1.321554e+00 1.320915e+00 1.312748e+00
0.000000e+00 9.939984e-01 1.080251e+00 1.129923e+00 -9.999000e+03 -9.999000e+03 -9.999000e+03 -9.999000e+03 -9.999000e+03 -9.999000e+03 -9.999000e+03 -9.999000e+03 -9.999000e+03 -9.999000e+03 -9.999000e+03 -9.999000e+03 -9.999000e+03 -9.999000e+03 -9.999000e+03 -9.999000e+03 -9.999000e+03 -9.999000e+03 -9.999000e+03 -9.999000e+03 1.042179e+00 1.014923e+00 9.883875e-01 9.646623e-01 9.535056e-01 9.482954e-01 9.420123e-01 1.092189e+00 1.084766e+00 1.172315e+00 1.163833e+00 1.159166e+00 1.156558e+00 1.157615e+00 1.151083e+00 1.135667e+00 1.127030e+00 1.127146e+00 1.128005e+00 1.212782e+00 1.209289e+00 1.201169e+00 1.194696e+00 1.260274e+00 1.261078e+00 1.264828e+00 1.260895e+00 1.301618e+00
0.000000e+00 1.141335e+00 1.156294e+00 -9.999000e+03 -9.999000e+03 -9.999000e+03 -9.999000e+03 -9.999000e+03 -9.999000e+03 -9.999000e+03 -9.999000e+03 -9.999000e+03 -9.999000e+03 -9.999000e+03 -9.999000e+03 -9.999000e+03 -9.999000e+03 -9.999000e+03 -9.999000e+03 -9.999000e+03 -9.999000e+03 -9.999000e+03 -9.999000e+03 -9.999000e+03 -9.999000e+03 -9.999000e+03 -9.999000e+03 9.863269e-01 9.803051e-01 9.860832e-01 9.778660e-01 9.667418e-01 1.106156e+00 1.085242e+00 1.072584e+00 1.065189e+00 1.060222e+00 1.059623e+00 1.050424e+00 1.032480e+00 1.023779e+00 1.023480e+00 1.130834e+00 1.132275e+00 1.129895e+00 1.123109e+00 1.203048e+00 1.199637e+00 1.199568e+00 1.202970e+00 1.264732e+00 1.244480e+00
-9.999000e+03 -9.999000e+03 -9.999000e+03 -9.999000e+03 -9.999000e+03 -9.999000e+03 -9.999000e+03 -9.999000e+03 -9.999000e+03 -9.999000e+03 -9.999000e+03 -9.999000e+03 -9.999000e+03 -9.999000e+03 -9.999000e+03 -9.999000e+03 -9.999000e+03 -9.999000e+03 -9.999000e+03 -9.999000e+03 -9.999000e+03 -9.999000e+03 -9.999000e+03 -9.999000e+03 -9.999000e+03 -9.999000e+03 -9.999000e+03 -9.999000e+03 -9.999000e+03 1.025398e+00 1.029607e+00 1.010699e+00 9.818273e-01 9.498900e-01 9.363962e-01 9.332236e-01 9.262404e-01 9.199763e-01 9.096662e-01 8.935983e-01 8.856280e-01 1.028423e+00 1.028469e+00 1.030059e+00 1.029752e+00 1.134156e+00 1.131664e+00 1.129357e+00 1.128390e+00 1.216343e+00 1.204565e+00 1.180638e+00
-9.999000e+03 -9.999000e+03 -9.999000e+03 -9.999000e+03 -9.999000e+03 -9.999000e+03 -9.999000e+03 -9.999000e+03 -9.999000e+03 -9.999000e+03 -9.999000e+03 -9.999000e+03 -9.999000e+03 -9.999000e+03 -9.999000e+03 -9.999000e+03 -9.999000e+03 -9.999000e+03 -9.999000e+03 -9.999000e+03 -9.999000e+03 -9.999000e+03 -9.999000e+03 -9.999000e+03 -9.999000e+03 -9.999000e+03 -9.999000e+03 -9.999000e+03 -9.999000e+03 -9.999000e+03 1.052084e+00 1.033011e+00 9.971384e-01 9.584483e-01 9.476671e-01 9.554906e-01 9.487302e-01 9.322323e-01 9.174966e-01 9.027542e-01 8.948808e-01 8.926215e-01 8.902761e-01 8.887694e-01 1.032532e+00 1.032019e+00 1.033366e+00 1.035606e+00 1.142923e+00 1.138390e+00 1.125045e+00 1.102153e+00
-9.999000e+03 -9.999000e+03 -9.999000e+03 -9.999000e+03 -9.999000e+03 -9.999000e+03 -9.999000e+03 -9.999000e+03 -9.999000e+03 -9.999000e+03 -9.999000e+03 -9.999000e+03 -9.999000e+03 -9.999000e+03 -9.999000e+03 -9.999000e+03 -9.999000e+03 -9.999000e+03 -9.999000e+03 -9.999000e+03 -9.999000e+03 -9.999000e+03 -9.999000e+03 -9.999000e+03 -9.999000e+03 -9.999000e+03 -9.999000e+03 -9.999000e+03 -9.999000e+03 -9.999000e+03 -9.999000e+03 -9.999000e+03 -9.999000e+03 -9.999000e+03 -9.999000e+03 -9.999000e+03 -9.999000e+03 -9.999000e+03 -9.999000e+03 9.130711e-01 9.074949e-01 9.056330e-01 8.997490e-01 8.922047e-01 8.891666e-01 8.893875e-01 8.936550e-01 1.047895e+00 1.044686e+00 1.033122e+00 1.019380e+00 1.002365e+00
-9.999000e+03 -9.999000e+03 -9.999000e+03 -9.999000e+03 -9.999000e+03 -9.999000e+03 -9.999000e+03 -9.999000e+03 -9.999000e+03 -9.999000e+03 -9.999000e+03 -9.999000e+03 -9.999000e+03 -9.999000e+03 -9.999000e+03 -9.999000e+03 -9.999000e+03 -9.999000e+03 -9.999000e+03 -9.999000e+03 -9.999000e+03 -9.999000e+03 -9.999000e+03 -9.999000e+03 -9.999000e+03 -9.999000e+03 -9.999000e+03 -9.999000e+03 -9.999000e+03 -9.999000e+03 -9.999000e+03 -9.999000e+03 -9.999000e+03 -9.999000e+03 -9.999000e+03 -9.999000e+03 -9.999000e+03 -9.999000e+03 -9.999000e+03 -9.999000e+03 -9.999000e+03 -9.999000e+03 9.135796e-01 8.999718e-01 8.936912e-01 8.931628e-01 8.991812e-01 9.127152e-01 9.074743e-01 8.872248e-01 8.757960e-01 8.697113e-01
-9.999000e+03 -9.999000e+03 -9.999000e+03 -9.999000e+03 -9.999000e+03 -9.999000e+03 -9.999000e+03 -9.999000e+03 -9.999000e+03 -9.999000e+03 -9.999000e+03 -9.999000e+03 -9.999000e+03 -9.999000e+03 -9.999000e+03 -9.999000e+03 -9.999000e+03 -9.999000e+03 -9.999000e+03 -9.999000e+03 -9.999000e+03 -9.999000e+03 -9.999000e+03 -9.999000e+03 -9.999000e+03 -9.999000e+03 -9.999000e+03 -9.999000e+03 -9.999000e+03 -9.999000e+03 -9.999000e+03 -9.999000e+03 -9.999000e+03 -9.999000e+03 -9.999000e+03 -9.999000e+03 -9.999000e+03 -9.999000e+03 -9.999000e+03 -9.999000e+03 -9.999000e+03 -9.999000e+03 -9.999000e+03 -9.999000e+03 -9.999000e+03 8.962781e-01 9.033711e-01 9.185540e-01 9.110598e-01 8.854941e-01 8.766784e-01 8.798936e-01
-9.999000e+03 -9.999000e+03 -9.999000e+03 -9.999000e+03 -9.999000e+03 -9.999000e+03 -9.999000e+03 -9.999000e+03 -9.999000e+03 -9.999000e+03 -9.999000e+03 -9.999000e+03 -9.999000e+03 -9.999000e+03 -9.999000e+03 -9.999000e+03 -9.999000e+03 -9.999000e+03 -9.999000e+03 -9.999000e+03 -9.999000e+03 -9.999000e+03 -9.999000e+03 -9.999000e+03 -9.999000e+03 -9.999000e+03 -9.999000e+03 -9.999000e+03 -9.999000e+03 -9.999000e+03 -9.999000e+03 -9.999000e+03 -9.999000e+03 -9.999000e+03 -9.999000e+03 -9.999000e+03 -9.999000e+03 -9.999000e+03 -9.999000e+03 -9.999000e+03 -9.999000e+03 -9.999000e+03 -9.999000e+03 -9.999000e+03 -9.999000e+03 -9.999000e+03 -9.999000e+03 -9.999000e+03 -9.999000e+03 -9.999000e+03 -9.999000e+03 8.939440e-01
-9.999000e+03 -9.999000e+03 -9.999000e+03 -9.999000e+03 -9.999000e+03 -9.999000e+03 -9.999000e+03 -9.999000e+03 -9.999000e+03 -9.999000e+03 -9.999000e+03 -9.999000e+03 -9.999000e+03 -9.999000e+03 -9.999000e+03 -9.999000e+03 -9.999000e+03 -9.999000e+03 -9.999000e+03 -9.999000e+03 -9.999000e+03 -9.999000e+03 -9.999000e+03 -9.999000e+03 -9.999000e+03 -9.999000e+03 -9.999000e+03 -9.999000e+03 -9.999000e+03 -9.999000e+03 -9.999000e+03 -9.999000e+03 -9.999000e+03 -9.999000e+03 -9.999000e+03 -9.999000e+03 -9.999000e+03 -9.999000e+03 -9.999000e+03 -9.999000e+03 -9.999000e+03 -9.999000e+03 -9.999000e+03 -9.999000e+03 -9.999000e+03 -9.999000e+03 -9.999000e+03 -9.999000e+03 -9.999000e+03 -9.999000e+03 -9.999000e+03 -9.999000e+03
-9.999000e+03 -9.999000e+03 -9.999000e+03 -9.999000e+03 -9.999000e+03 -9.999000e+03 -9.999000e+03 -9.999000e+03 -9.999000e+03 -9.999000e+03 -9.999000e+03 -9.999000e+03 -9.999000e+03 -9.999000e+03 -9.999000e+03 -9.999000e+03 -9.999000e+03 -9.999000e+03 -9.999000e+03 -9.999000e+03 -9.999000e+03 -9.999000e+03 -9.999000e+03 -9.999000e+03 -9.999000e+03 -9.999000e+03 -9.999000e+03 -9.999000e+03 -9.999000e+03 -9.999000e+03 -9.999000e+03 -9.999000e+03 -9.999000e+03 -9.999000e+03 -9.999000e+03 -9.999000e+03 -9.999000e+03 -9.999000e+03 -9.999000e+03 -9.999000e+03 -9.999000e+03 -9.999000e+03 -9.999000e+03 -9.999000e+03 -9.999000e+03 -9.999000e+03 -9.999000e+03 -9.999000e+03 -9.999000e+03 -9.999000e+03 -9.999000e+03 -9.999000e+03
-9.999000e+03 -9.999000e+03 -9.999000e+03 -9.999000e+03 -9.999000e+03 -9.999000e+03 -9.999000e+03 -9.999000e+03 -9.999000e+03 -9.999000e+03 -9.999000e+03 -9.999000e+03 -9.999000e+03 -9.999000e+03 -9.999000e+03 -9.999000e+03 -9.999000e+03 -9.999000e+03 -9.999000e+03 -9.999000e+03 -9.999000e+03 -9.999000e+03 -9.999000e+03 -9.999000e+03 -9.999000e+03 -9.999000e+03 -9.999000e+03 -9.999000e+03 -9.999000e+03 -9.999000e+03 -9.999000e+03 -9.999000e+03 -9.999000e+03 -9.999000e+03 -9.999000e+03 -9.999000e+03 -9.999000e+03 -9.999000e+03 -9.999000e+03 -9.999000e+03 -9.999000e+03 -9.999000e+03 -9.999000e+03 -9.999000e+03 -9.999000e+03 -9.999000e+03 -9.999000e+03 -9.999000e+03 -9.999000e+03 -9.999000e+03 -9.999000e+03 -9.999000e+03
-9.999000e+03 -9.999000e+03 -9.999000e+03 -9.999000e+03 -9.999000e+03 -9.999000e+03 -9.999000e+03 -9.999000e+03 -9.999000e+03 -9.999000e+03 -9.999000e+03 -9.999000e+03 -9.999000e+03 -9.999000e+03 -9.999000e+03 -9.999000e+03 -9.999000e+03 -9.999000e+03 -9.999000e+03 -9.999000e+03 -9.999000e+03 -9.999000e+03 -9.999000e+03 -9.999000e+03 -9.999000e+03 -9.999000e+03 -9.999000e+03 -9.999000e+03 -9.999000e+03 -9.999000e+03 -9.999000e+03 -9.999000e+03 -9.999000e+03 -9.999000e+03 -9.999000e+03 -9.999000e+03 -9.999000e+03 -9.999000e+03 -9.999000e+03 -9.999000e+03 -9.999000e+03 -9.999000e+03 -9.999000e+03 -9.999000e+03 -9.999000e+03 -9.999000e+03 -9.999000e+03 -9.999000e+03 -9.999000e+03 -9.999000e+03 -9.999000e+03 -9.999000e+03
