tests/data/reference/test_stream_rill_mfda_diffusion/control/cinfil_m3.asc
ncols	123
nrows	77
xllcorner	-713746.79929998
yllcorner	-1061022.36961616
cellsize	10.0
NODATA_value	-9999
[rows 23 to 45 of 77, columns 0 to 51 of 123]
-9.999000e+03 -9.999000e+03 -9.999000e+03 -9.999000e+03 -9.999000e+03 -9.999000e+03 -9.999000e+03 -9.999000e+03 -9.999000e+03 -9.999000e+03 -9.999000e+03 -9.999000e+03 -9.999000e+03 -9.999000e+03 -9.999000e+03 -9.999000e+03 1.618652e+00 1.556070e+00 1.290022e+00 1.192681e+00 9.315531e-01 0.000000e+00 9.922579e-01 1.167499e+00 1.008112e+00 1.250621e+00 1.274753e+00 1.680897e+00 2.257464e+00 2.092564e+00 1.425305e+00 1.200501e+00 1.197883e+00 1.265034e+00 1.319793e+00 1.325630e+00 1.369413e+00 1.367009e+00 1.395174e+00 1.413447e+00 1.421947e+00 1.481874e+00 1.420565e+00 1.835174e+00 1.820887e+00 8.487890e-01 8.490736e-01 9.827824e-01 1.294442e+00 1.376008e+00 1.405377e+00 1.397790e+00
-9.999000e+03 -9.999000e+03 -9.999000e+03 -9.999000e+03 -9.999000e+03 -9.999000e+03 -9.999000e+03 -9.999000e+03 -9.999000e+03 -9.999000e+03 -9.999000e+03 -9.999000e+03 -9.999000e+03 -9.999000e+03 -9.999000e+03 1.663390e+00 1.698291e+00 1.302333e+00 1.005115e+00 9.252288e-01 0.000000e+00 0.000000e+00 1.151913e+00 9.526055e-01 1.245711e+00 1.040001e+00 1.315657e+00 1.347772e+00 1.740452e+00 1.909706e+00 2.119294e+00 1.445649e+00 1.266946e+00 1.270674e+00 1.327752e+00 1.370582e+00 1.369669e+00 1.396637e+00 1.394424e+00 1.418101e+00 1.432011e+00 1.437134e+00 1.463360e+00 1.872969e+00 1.887477e+00 8.495206e-01 8.486302e-01 9.814936e-01 1.081267e+00 1.337756e+00 1.394859e+00 1.411782e+00
-9.999000e+03 -9.999000e+03 -9.999000e+03 -9.999000e+03 -9.999000e+03 -9.999000e+03 -9.999000e+03 -9.999000e+03 -9.999000e+03 -9.999000e+03 -9.999000e+03 -9.999000e+03 -9.999000e+03 -9.999000e+03 -9.999000e+03 1.037955e+00 1.384018e+00 9.720103e-01 9.781442e-01 9.075477e-01 0.000000e+00 1.154548e+00 1.101840e+00 1.230768e+00 1.022238e+00 1.306573e+00 1.094500e+00 1.373035e+00 1.405895e+00 1.785808e+00 1.970809e+00 1.800454e+00 1.275380e+00 1.332489e+00 1.339110e+00 1.379635e+00 1.403920e+00 1.398503e+00 1.419825e+00 1.420174e+00 1.435737e+00 1.444063e+00 1.447098e+00 1.922132e+00 1.922313e+00 1.657257e+00 9.190584e-01 9.779319e-01 1.076449e+00 1.155807e+00 1.366085e+00 1.404261e+00
-9.999000e+03 -9.999000e+03 -9.999000e+03 -9.999000e+03 -9.999000e+03 -9.999000e+03 -9.999000e+03 -9.999000e+03 -9.999000e+03 -9.999000e+03 -9.999000e+03 -9.999000e+03 -9.999000e+03 -9.999000e+03 -9.999000e+03 9.645735e-01 9.657358e-01 1.135996e+00 9.311842e-01 0.000000e+00 1.003876e+00 1.173226e+00 1.239523e+00 1.202192e+00 1.323861e+00 1.111030e+00 1.384014e+00 1.173114e+00 1.438843e+00 1.463690e+00 1.829862e+00 2.027996e+00 1.868622e+00 1.334292e+00 1.233082e+00 1.387018e+00 1.409139e+00 1.424687e+00 1.422828e+00 1.438046e+00 1.437310e+00 1.447399e+00 1.453323e+00 1.455555e+00 1.946944e+00 1.966405e+00 1.693879e+00 1.001724e+00 1.070226e+00 1.148674e+00 1.213443e+00 1.385330e+00
-9.999000e+03 -9.999000e+03 -9.999000e+03 -9.999000e+03 -9.999000e+03 -9.999000e+03 -9.999000e+03 -9.999000e+03 -9.999000e+03 -9.999000e+03 -9.999000e+03 -9.999000e+03 -9.999000e+03 -9.999000e+03 -9.999000e+03 -9.999000e+03 1.080572e+00 9.484287e-01 0.000000e+00 1.006994e+00 1.190929e+00 9.764368e-01 1.571976e+00 1.739465e+00 1.888807e+00 1.437189e+00 1.225732e+00 1.487179e+00 1.267370e+00 1.504502e+00 1.513456e+00 1.865995e+00 2.091604e+00 1.936298e+00 1.382493e+00 1.292539e+00 1.238740e+00 1.249971e+00 1.440001e+00 1.438903e+00 1.449819e+00 1.451571e+00 1.458753e+00 1.461464e+00 1.459668e+00 1.964101e+00 1.999619e+00 1.713412e+00 1.077782e+00 1.141886e+00 1.206792e+00 1.262546e+00
-9.999000e+03 -9.999000e+03 -9.999000e+03 -9.999000e+03 -9.999000e+03 -9.999000e+03 -9.999000e+03 -9.999000e+03 -9.999000e+03 -9.999000e+03 -9.999000e+03 -9.999000e+03 -9.999000e+03 -9.999000e+03 -9.999000e+03 -9.999000e+03 -9.999000e+03 0.000000e+00 0.000000e+00 1.215798e+00 9.770857e-01 1.453245e+00 1.652489e+00 1.787271e+00 1.833265e+00 1.969863e+00 1.992842e+00 1.680830e+00 1.566676e+00 1.341047e+00 1.559499e+00 1.562477e+00 1.901084e+00 2.163763e+00 1.976307e+00 1.404226e+00 1.336349e+00 1.300560e+00 1.308441e+00 1.271315e+00 1.453515e+00 1.459980e+00 1.459452e+00 1.460521e+00 1.457838e+00 1.451907e+00 1.972941e+00 2.027241e+00 1.720306e+00 1.145029e+00 1.202500e+00 1.259448e+00
-9.999000e+03 -9.999000e+03 -9.999000e+03 -9.999000e+03 -9.999000e+03 -9.999000e+03 -9.999000e+03 -9.999000e+03 -9.999000e+03 -9.999000e+03 -9.999000e+03 -9.999000e+03 -9.999000e+03 -9.999000e+03 -9.999000e+03 -9.999000e+03 -9.999000e+03 0.000000e+00 8.996846e-01 1.189677e+00 1.387088e+00 1.555838e+00 1.625512e+00 1.455421e+00 1.437169e+00 1.905030e+00 2.043062e+00 2.081198e+00 2.210366e+00 2.226468e+00 1.853830e+00 1.616908e+00 1.607408e+00 1.906808e+00 2.218924e+00 1.973275e+00 1.432495e+00 1.392283e+00 1.360369e+00 1.355298e+00 1.317296e+00 1.270054e+00 1.456479e+00 1.451993e+00 1.449052e+00 1.444411e+00 1.439531e+00 1.980807e+00 2.054229e+00 1.707432e+00 1.205969e+00 1.260448e+00
-9.999000e+03 -9.999000e+03 -9.999000e+03 -9.999000e+03 -9.999000e+03 -9.999000e+03 -9.999000e+03 -9.999000e+03 -9.999000e+03 -9.999000e+03 -9.999000e+03 -9.999000e+03 -9.999000e+03 -9.999000e+03 -9.999000e+03 -9.999000e+03 -9.999000e+03 9.368629e-01 9.178802e-01 1.136573e+00 1.422621e+00 1.528780e+00 1.438496e+00 1.420913e+00 1.403179e+00 1.416233e+00 1.529676e+00 2.124048e+00 2.153616e+00 2.263584e+00 2.283825e+00 2.387107e+00 1.969573e+00 1.687142e+00 1.869261e+00 2.626020e+00 2.626020e+00 2.626020e+00 2.626020e+00 2.626020e+00 2.626020e+00 2.626020e+00 1.627211e+00 1.281170e+00 1.269486e+00 1.450338e+00 1.443666e+00 1.439068e+00 1.990228e+00 2.081302e+00 1.669284e+00 1.271988e+00
-9.999000e+03 -9.999000e+03 -9.999000e+03 -9.999000e+03 -9.999000e+03 -9.999000e+03 -9.999000e+03 -9.999000e+03 -9.999000e+03 -9.999000e+03 -9.999000e+03 -9.999000e+03 -9.999000e+03 -9.999000e+03 -9.999000e+03 -9.999000e+03 -9.999000e+03 9.593960e-01 9.689667e-01 1.213931e+00 1.313881e+00 1.388079e+00 1.380614e+00 1.366071e+00 1.394663e+00 1.350515e+00 1.347252e+00 1.344796e+00 1.287598e+00 1.276520e+00 2.312258e+00 2.344633e+00 2.457958e+00 2.512566e+00 2.624079e+00 2.626020e+00 2.626020e+00 2.626020e+00 2.626020e+00 2.626020e+00 2.626020e+00 2.626020e+00 2.626020e+00 2.626020e+00 2.626020e+00 1.340776e+00 1.283046e+00 1.456854e+00 1.446058e+00 1.993424e+00 2.116447e+00 1.611495e+00
-9.999000e+03 -9.999000e+03 -9.999000e+03 -9.999000e+03 -9.999000e+03 -9.999000e+03 -9.999000e+03 -9.999000e+03 -9.999000e+03 -9.999000e+03 -9.999000e+03 -9.999000e+03 -9.999000e+03 -9.999000e+03 -9.999000e+03 -9.999000e+03 9.452439e-01 9.602961e-01 1.237592e+00 1.425950e+00 1.323897e+00 1.317965e+00 1.310084e+00 1.354592e+00 1.295947e+00 1.297498e+00 1.289766e+00 1.436744e+00 1.427159e+00 1.260375e+00 1.268201e+00 1.905330e+00 2.414178e+00 2.535627e+00 2.579567e+00 1.854742e+00 1.305201e+00 1.276777e+00 1.252062e+00 1.233535e+00 1.215615e+00 1.213100e+00 2.626020e+00 2.626020e+00 2.626020e+00 2.626020e+00 2.626020e+00 2.626020e+00 2.626020e+00 1.291462e+00 2.001575e+00 2.175355e+00
-9.999000e+03 -9.999000e+03 -9.999000e+03 -9.999000e+03 -9.999000e+03 -9.999000e+03 -9.999000e+03 -9.999000e+03 -9.999000e+03 -9.999000e+03 -9.999000e+03 -9.999000e+03 -9.999000e+03 -9.999000e+03 -9.999000e+03 9.564819e-01 9.488258e-01 1.103728e+00 1.364878e+00 1.447036e+00 1.459574e+00 1.459934e+00 1.305832e+00 1.453044e+00 1.449088e+00 1.449492e+00 1.442455e+00 1.425930e+00 1.413978e+00 1.411738e+00 1.421465e+00 1.439640e+00 1.451368e+00 1.451683e+00 1.441299e+00 1.429832e+00 1.420375e+00 1.409862e+00 1.403721e+00 1.376187e+00 1.362744e+00 1.179062e+00 1.153184e+00 1.150984e+00 1.156065e+00 2.626020e+00 2.626020e+00 2.626020e+00 2.626020e+00 2.626020e+00 2.626020e+00 2.626020e+00
-9.999000e+03 -9.999000e+03 -9.999000e+03 -9.999000e+03 -9.999000e+03 -9.999000e+03 -9.999000e+03 -9.999000e+03 -9.999000e+03 -9.999000e+03 -9.999000e+03 -9.999000e+03 -9.999000e+03 -9.999000e+03 -9.999000e+03 9.526538e-01 9.453710e-01 1.288795e+00 1.405222e+00 1.428612e+00 1.441443e+00 1.450754e+00 1.455840e+00 1.454140e+00 1.449350e+00 1.446216e+00 1.437220e+00 1.419724e+00 1.408619e+00 1.408242e+00 1.415523e+00 1.423085e+00 1.420097e+00 1.410686e+00 1.400521e+00 1.391912e+00 1.386374e+00 1.388165e+00 1.353894e+00 1.343813e+00 1.321687e+00 1.275825e+00 1.265657e+00 1.072325e+00 1.071932e+00 1.074606e+00 1.102657e+00 1.105048e+00 1.163863e+00 2.626020e+00 2.626020e+00 2.626020e+00
-9.999000e+03 -9.999000e+03 -9.999000e+03 -9.999000e+03 -9.999000e+03 -9.999000e+03 -9.999000e+03 -9.999000e+03 -9.999000e+03 -9.999000e+03 -9.999000e+03 -9.999000e+03 -9.999000e+03 -9.999000e+03 9.506173e-01 9.494630e-01 1.210081e+00 1.368886e+00 1.396424e+00 1.408764e+00 1.423911e+00 1.440786e+00 1.451653e+00 1.454043e+00 1.450364e+00 1.444889e+00 1.434498e+00 1.419378e+00 1.411993e+00 1.412852e+00 1.414018e+00 1.409525e+00 1.397732e+00 1.387848e+00 1.381776e+00 1.374917e+00 1.377305e+00 1.321784e+00 1.315801e+00 1.293722e+00 1.235168e+00 1.224950e+00 1.158963e+00 1.158799e+00 1.159889e+00 1.027034e+00 1.023189e+00 1.074150e+00 1.104264e+00 1.122506e+00 1.193566e+00 1.944276e+00
-9.999000e+03 -9.999000e+03 -9.999000e+03 -9.999000e+03 -9.999000e+03 -9.999000e+03 -9.999000e+03 -9.999000e+03 -9.999000e+03 -9.999000e+03 -9.999000e+03 -9.999000e+03 -9.999000e+03 9.590271e-01 9.493183e-01 1.100190e+00 1.329617e+00 1.372110e+00 1.383699e+00 1.393758e+00 1.410278e+00 1.428426e+00 1.440457e+00 1.445822e+00 1.446100e+00 1.443380e+00 1.437383e+00 1.428683e+00 1.426655e+00 1.428291e+00 1.424032e+00 1.413034e+00 1.398481e+00 1.385945e+00 1.377457e+00 1.378706e+00 1.285371e+00 1.286135e+00 1.266812e+00 1.195000e+00 1.182735e+00 1.090501e+00 1.086221e+00 1.087688e+00 1.086703e+00 1.081815e+00 1.160670e+00 1.024514e+00 1.026625e+00 1.092218e+00 1.135062e+00 1.153004e+00
-9.999000e+03 -9.999000e+03 -9.999000e+03 -9.999000e+03 -9.999000e+03 -9.999000e+03 -9.999000e+03 -9.999000e+03 -9.999000e+03 -9.999000e+03 -9.999000e+03 -9.999000e+03 -9.999000e+03 9.746684e-01 9.565318e-01 1.281398e+00 1.355944e+00 1.376349e+00 1.378089e+00 1.388220e+00 1.401304e+00 1.415535e+00 1.425747e+00 1.434103e+00 1.440457e+00 1.443729e+00 1.445275e+00 1.444862e+00 1.448295e+00 1.451242e+00 1.445398e+00 1.434996e+00 1.420952e+00 1.402667e+00 1.393484e+00 1.235113e+00 1.241809e+00 1.229980e+00 1.147014e+00 1.139317e+00 1.018269e+00 1.000748e+00 9.926518e-01 9.933875e-01 9.916259e-01 1.090838e+00 1.085816e+00 1.082186e+00 1.167107e+00 1.048689e+00 1.056792e+00 1.115327e+00
-9.999000e+03 -9.999000e+03 -9.999000e+03 -9.999000e+03 -9.999000e+03 -9.999000e+03 -9.999000e+03 -9.999000e+03 -9.999000e+03 -9.999000e+03 -9.999000e+03 -9.999000e+03 9.976689e-01 9.902499e-01 1.238713e+00 1.351235e+00 1.396474e+00 1.386130e+00 1.386016e+00 1.391592e+00 1.398864e+00 1.408746e+00 1.419437e+00 1.431522e+00 1.442241e+00 1.447891e+00 1.453778e+00 1.460414e+00 1.467995e+00 1.474202e+00 1.473046e+00 1.469009e+00 1.457067e+00 1.431650e+00 1.156815e+00 1.170926e+00 1.167626e+00 1.069206e+00 1.067713e+00 9.139841e-01 8.968601e-01 8.707751e-01 8.604551e-01 8.615901e-01 9.982381e-01 9.934691e-01 9.900132e-01 1.091656e+00 1.093893e+00 1.103385e+00 1.190093e+00 2.149873e+00
-9.999000e+03 -9.999000e+03 -9.999000e+03 -9.999000e+03 -9.999000e+03 -9.999000e+03 -9.999000e+03 -9.999000e+03 -9.999000e+03 -9.999000e+03 -9.999000e+03 1.029102e+00 1.008295e+00 1.161043e+00 1.350198e+00 1.440335e+00 1.421815e+00 1.409297e+00 1.403139e+00 1.401440e+00 1.401931e+00 1.409437e+00 1.422613e+00 1.436963e+00 1.448260e+00 1.454320e+00 1.463364e+00 1.474457e+00 1.485234e+00 1.499182e+00 1.508808e+00 1.512619e+00 1.495655e+00 1.062501e+00 1.055544e+00 1.059608e+00 9.313625e-01 9.361714e-01 9.332711e-01 9.232202e-01 9.002051e-01 8.729475e-01 8.635727e-01 8.664835e-01 8.667706e-01 8.639947e-01 9.991590e-01 9.945999e-01 9.955070e-01 1.106973e+00 2.609712e+00 2.629573e+00
-9.999000e+03 -9.999000e+03 -9.999000e+03 -9.999000e+03 -9.999000e+03 -9.999000e+03 -9.999000e+03 -9.999000e+03 -9.999000e+03 -9.999000e+03 -9.999000e+03 1.040314e+00 1.016070e+00 1.285142e+00 1.460894e+00 1.457820e+00 1.448015e+00 1.436726e+00 1.425473e+00 1.416914e+00 1.412093e+00 1.418144e+00 1.430461e+00 1.440555e+00 1.449579e+00 1.460244e+00 1.474451e+00 1.487827e+00 1.502206e+00 1.527136e+00 1.546094e+00 1.539513e+00 9.363200e-01 9.139231e-01 9.075310e-01 9.150982e-01 9.214956e-01 9.261372e-01 9.191449e-01 1.049723e+00 1.028966e+00 1.010592e+00 1.005393e+00 1.011952e+00 8.754669e-01 8.749357e-01 8.700338e-01 8.621039e-01 9.976770e-01 2.577442e+00 2.605684e+00 1.477545e+00
-9.999000e+03 -9.999000e+03 -9.999000e+03 -9.999000e+03 -9.999000e+03 -9.999000e+03 -9.999000e+03 -9.999000e+03 -9.999000e+03 -9.999000e+03 1.007482e+00 1.018043e+00 1.185906e+00 1.434893e+00 1.454417e+00 1.466340e+00 1.471214e+00 1.464748e+00 1.452015e+00 1.436900e+00 1.428812e+00 1.431039e+00 1.436265e+00 1.438667e+00 1.447261e+00 1.465668e+00 1.483392e+00 1.495445e+00 1.512832e+00 1.548793e+00 1.564912e+00 9.473736e-01 9.260852e-01 9.094285e-01 9.030726e-01 9.268304e-01 1.055886e+00 1.061604e+00 1.052885e+00 1.033070e+00 1.124731e+00 1.115139e+00 1.115791e+00 1.126664e+00 1.132631e+00 1.022613e+00 8.756804e-01 8.692579e-01 2.551761e+00 2.576361e+00 1.499417e+00 1.498153e+00
-9.999000e+03 -9.999000e+03 -9.999000e+03 -9.999000e+03 -9.999000e+03 -9.999000e+03 -9.999000e+03 -9.999000e+03 -9.999000e+03 -9.999000e+03 9.938996e-01 1.003405e+00 1.380083e+00 1.428446e+00 1.450820e+00 1.473425e+00 1.486030e+00 1.490918e+00 1.477049e+00 1.456500e+00 1.441571e+00 1.435415e+00 1.433659e+00 1.433441e+00 1.444161e+00 1.466112e+00 1.482618e+00 1.491655e+00 1.510398e+00 1.546118e+00 9.641513e-01 9.360660e-01 1.067061e+00 1.051783e+00 1.044703e+00 1.044554e+00 1.061958e+00 1.163398e+00 1.156133e+00 1.136239e+00 1.125357e+00 1.204546e+00 2.375835e+00 2.377231e+00 1.226914e+00 1.220873e+00 2.478516e+00 2.528382e+00 2.552130e+00 1.520562e+00 1.518036e+00 1.511782e+00
-9.999000e+03 -9.999000e+03 -9.999000e+03 -9.999000e+03 -9.999000e+03 -9.999000e+03 -9.999000e+03 -9.999000e+03 -9.999000e+03 9.926682e-01 9.868913e-01 1.266624e+00 1.368287e+00 1.421988e+00 1.453571e+00 1.476864e+00 1.495161e+00 1.502157e+00 1.490962e+00 1.463309e+00 1.440243e+00 1.430200e+00 1.428778e+00 1.432296e+00 1.442221e+00 1.458928e+00 1.472418e+00 1.482592e+00 1.502701e+00 1.533596e+00 9.499878e-01 1.077469e+00 1.059832e+00 1.155057e+00 1.801317e+00 2.034991e+00 2.015194e+00 2.159554e+00 2.145370e+00 2.251266e+00 2.235541e+00 2.340195e+00 2.335531e+00 2.423007e+00 2.418870e+00 2.491951e+00 2.494342e+00 2.517417e+00 1.530329e+00 1.532121e+00 1.527015e+00 1.519916e+00
-9.999000e+03 -9.999000e+03 -9.999000e+03 -9.999000e+03 -9.999000e+03 -9.999000e+03 -9.999000e+03 -9.999000e+03 1.012491e+00 1.000260e+00 1.151528e+00 1.264789e+00 1.356321e+00 1.415948e+00 1.451170e+00 1.482391e+00 1.487522e+00 1.492403e+00 1.480735e+00 1.449826e+00 1.427043e+00 1.420050e+00 1.425526e+00 1.435191e+00 1.446195e+00 1.455175e+00 1.464130e+00 1.476550e+00 1.497674e+00 1.521963e+00 1.670812e+00 1.717226e+00 1.838133e+00 1.861487e+00 1.978841e+00 1.940457e+00 2.098724e+00 2.085673e+00 2.210943e+00 2.191879e+00 2.294595e+00 2.285644e+00 1.815324e+00 1.879465e+00 2.456767e+00 2.456082e+00 2.272200e+00 1.514401e+00 1.526505e+00 1.532392e+00 1.531671e+00 1.527445e+00
-9.999000e+03 -9.999000e+03 -9.999000e+03 -9.999000e+03 -9.999000e+03 -9.999000e+03 -9.999000e+03 -9.999000e+03 1.019952e+00 1.012640e+00 1.172944e+00 1.274378e+00 1.347500e+00 1.401139e+00 1.453552e+00 1.462428e+00 1.465529e+00 1.467057e+00 1.457629e+00 1.433312e+00 1.414138e+00 1.412839e+00 1.418506e+00 1.436754e+00 1.449116e+00 1.452063e+00 1.458846e+00 1.476414e+00 1.495481e+00 1.509441e+00 1.656042e+00 1.769708e+00 1.799737e+00 1.916344e+00 1.800590e+00 1.492642e+00 1.482402e+00 1.469077e+00 1.456771e+00 1.445894e+00 1.442157e+00 1.444805e+00 1.448799e+00 1.450945e+00 1.456774e+00 1.468454e+00 1.481330e+00 1.494679e+00 1.509335e+00 1.525491e+00 1.534226e+00 1.533190e+00
