tests/data/reference/test_stream_rill_mfda_diffusion/control/cinfil_m3.asc
ncols	123
nrows	77
xllcorner	-713746.79929998
yllcorner	-1061022.36961616
cellsize	10.0
NODATA_value	-9999
[rows 23 to 45 of 77, columns 52 to 103 of 123]
1.389966e+00 1.384660e+00 1.384229e+00 1.388200e+00 1.393846e+00 1.403585e+00 1.416605e+00 1.432724e+00 1.434495e+00 1.439671e+00 1.429324e+00 1.446542e+00 1.448062e+00 1.483819e+00 1.489381e+00 1.487089e+00 1.497805e+00 1.804918e+00 1.792601e+00 8.834352e-01 8.784785e-01 1.016332e+00 1.014741e+00 1.135490e+00 1.407273e+00 1.401123e+00 1.501907e+00 1.447014e+00 1.068859e+00 9.098870e-01 8.893320e-01 -9.999000e+03 -9.999000e+03 -9.999000e+03 -9.999000e+03 -9.999000e+03 -9.999000e+03 -9.999000e+03 -9.999000e+03 -9.999000e+03 -9.999000e+03 -9.999000e+03 -9.999000e+03 -9.999000e+03 -9.999000e+03 -9.999000e+03 -9.999000e+03 -9.999000e+03 -9.999000e+03 -9.999000e+03 -9.999000e+03 -9.999000e+03
1.402710e+00 1.396703e+00 1.396445e+00 1.400915e+00 1.407773e+00 1.415630e+00 1.426847e+00 1.440754e+00 1.454081e+00 1.455720e+00 1.459671e+00 1.451867e+00 1.465202e+00 1.470213e+00 1.497473e+00 1.506285e+00 1.510859e+00 1.515856e+00 1.876859e+00 1.844855e+00 1.009016e+00 1.003499e+00 1.106886e+00 1.109474e+00 1.204007e+00 1.397122e+00 1.406278e+00 1.474052e+00 1.473663e+00 1.186181e+00 9.009906e-01 8.881693e-01 8.902877e-01 -9.999000e+03 -9.999000e+03 -9.999000e+03 -9.999000e+03 -9.999000e+03 -9.999000e+03 -9.999000e+03 -9.999000e+03 -9.999000e+03 -9.999000e+03 -9.999000e+03 -9.999000e+03 -9.999000e+03 -9.999000e+03 -9.999000e+03 -9.999000e+03 -9.999000e+03 -9.999000e+03 -9.999000e+03
1.414812e+00 1.409603e+00 1.407873e+00 1.411692e+00 1.419884e+00 1.430171e+00 1.440821e+00 1.451141e+00 1.459936e+00 1.467518e+00 1.469126e+00 1.472898e+00 1.471819e+00 1.487153e+00 1.494232e+00 1.510531e+00 1.514743e+00 1.514770e+00 1.510217e+00 1.927369e+00 1.883322e+00 1.100018e+00 1.098451e+00 1.183219e+00 1.188327e+00 1.264311e+00 1.396126e+00 1.403440e+00 1.445297e+00 1.467892e+00 1.265745e+00 9.086485e-01 8.923835e-01 8.847130e-01 -9.999000e+03 -9.999000e+03 -9.999000e+03 -9.999000e+03 -9.999000e+03 -9.999000e+03 -9.999000e+03 -9.999000e+03 -9.999000e+03 -9.999000e+03 -9.999000e+03 -9.999000e+03 -9.999000e+03 -9.999000e+03 -9.999000e+03 -9.999000e+03 -9.999000e+03 -9.999000e+03
1.412276e+00 1.420849e+00 1.420656e+00 1.424764e+00 1.433186e+00 1.443691e+00 1.453647e+00 1.460208e+00 1.465395e+00 1.470675e+00 1.476710e+00 1.480990e+00 1.487950e+00 1.491768e+00 1.503284e+00 1.507943e+00 1.516957e+00 1.517980e+00 1.511603e+00 1.498594e+00 1.973294e+00 1.920583e+00 1.180883e+00 1.317287e+00 1.249913e+00 8.590560e-01 1.309578e+00 1.394759e+00 1.400632e+00 1.434420e+00 1.470282e+00 1.324857e+00 1.040620e+00 8.824717e-01 8.800924e-01 8.901021e-01 9.114292e-01 -9.999000e+03 -9.999000e+03 -9.999000e+03 -9.999000e+03 -9.999000e+03 -9.999000e+03 -9.999000e+03 -9.999000e+03 -9.999000e+03 -9.999000e+03 -9.999000e+03 -9.999000e+03 -9.999000e+03 -9.999000e+03 -9.999000e+03
1.401469e+00 1.422629e+00 1.433669e+00 1.440744e+00 1.448669e+00 1.455827e+00 1.462015e+00 1.466506e+00 1.470522e+00 1.475090e+00 1.480347e+00 1.486807e+00 1.491766e+00 1.497422e+00 1.502340e+00 1.513770e+00 1.521828e+00 1.527587e+00 1.520818e+00 1.506300e+00 1.488224e+00 2.022084e+00 1.962013e+00 1.384954e+00 1.409520e+00 9.265818e-01 9.898059e-01 1.343964e+00 1.522009e+00 1.542123e+00 8.767986e-01 8.873375e-01 1.359173e+00 1.149056e+00 8.935385e-01 8.947009e-01 9.052531e-01 9.178665e-01 9.247498e-01 -9.999000e+03 -9.999000e+03 -9.999000e+03 -9.999000e+03 -9.999000e+03 -9.999000e+03 -9.999000e+03 -9.999000e+03 -9.999000e+03 -9.999000e+03 -9.999000e+03 -9.999000e+03 -9.999000e+03
1.309619e+00 1.420874e+00 1.440589e+00 1.453786e+00 1.462096e+00 1.467336e+00 1.470455e+00 1.472240e+00 1.474592e+00 1.478053e+00 1.482592e+00 1.488278e+00 1.494037e+00 1.499239e+00 1.507357e+00 1.517763e+00 1.529144e+00 1.531829e+00 1.525871e+00 1.511252e+00 1.492771e+00 1.473829e+00 2.061489e+00 1.992082e+00 1.466946e+00 1.477735e+00 1.022988e+00 1.551419e+00 1.612424e+00 1.274883e+00 1.003664e+00 1.370598e+00 1.228642e+00 1.045646e+00 1.047711e+00 9.001707e-01 9.039674e-01 9.121261e-01 9.187670e-01 9.227456e-01 3.727423e-01 -9.999000e+03 -9.999000e+03 -9.999000e+03 -9.999000e+03 -9.999000e+03 -9.999000e+03 -9.999000e+03 -9.999000e+03 -9.999000e+03 -9.999000e+03 -9.999000e+03
1.312963e+00 1.359331e+00 1.444914e+00 1.460357e+00 1.470247e+00 1.476881e+00 1.480519e+00 1.479109e+00 1.477294e+00 1.478312e+00 1.481923e+00 1.487995e+00 1.495651e+00 1.505161e+00 1.516193e+00 1.527078e+00 1.531789e+00 1.529931e+00 1.520827e+00 1.506696e+00 1.488573e+00 1.470379e+00 1.456571e+00 2.087466e+00 2.006039e+00 1.526775e+00 1.530182e+00 1.673854e+00 1.596556e+00 1.094702e+00 1.370438e+00 1.273007e+00 1.133345e+00 1.145657e+00 1.046485e+00 1.052574e+00 1.056378e+00 9.099201e-01 9.114299e-01 3.727423e-01 0.000000e+00 9.682780e-01 9.887087e-01 -9.999000e+03 -9.999000e+03 -9.999000e+03 -9.999000e+03 -9.999000e+03 -9.999000e+03 -9.999000e+03 -9.999000e+03 -9.999000e+03
1.323865e+00 1.370262e+00 1.407585e+00 1.466619e+00 1.475824e+00 1.482940e+00 1.487130e+00 1.485325e+00 1.481899e+00 1.481568e+00 1.484711e+00 1.491663e+00 1.501459e+00 1.513520e+00 1.524478e+00 1.530031e+00 1.529115e+00 1.521466e+00 1.510090e+00 1.495987e+00 1.480536e+00 1.465655e+00 1.453935e+00 1.447034e+00 2.100562e+00 1.997699e+00 1.573306e+00 1.709792e+00 1.734545e+00 1.369564e+00 1.302768e+00 1.192308e+00 1.205345e+00 1.131139e+00 1.145701e+00 1.156572e+00 9.024706e-01 9.013269e-01 6.468167e-01 0.000000e+00 9.414290e-01 9.649858e-01 9.783314e-01 9.865686e-01 -9.999000e+03 -9.999000e+03 -9.999000e+03 -9.999000e+03 -9.999000e+03 -9.999000e+03 -9.999000e+03 -9.999000e+03
1.347448e+00 1.389388e+00 1.421428e+00 1.445295e+00 1.482553e+00 1.486385e+00 1.488363e+00 1.488854e+00 1.489453e+00 1.491559e+00 1.496086e+00 1.504451e+00 1.514717e+00 1.523700e+00 1.527246e+00 1.524958e+00 1.518683e+00 1.508502e+00 1.495741e+00 1.482686e+00 1.470348e+00 1.460126e+00 1.452374e+00 1.446164e+00 1.441696e+00 2.086335e+00 1.963076e+00 1.822242e+00 1.784347e+00 1.327852e+00 1.237378e+00 1.246100e+00 1.188062e+00 1.199758e+00 1.214394e+00 1.032379e+00 8.874908e-01 3.722223e-01 0.000000e+00 1.057123e+00 1.076738e+00 9.506513e-01 9.804173e-01 9.948408e-01 9.890201e-01 -9.999000e+03 -9.999000e+03 -9.999000e+03 -9.999000e+03 -9.999000e+03 -9.999000e+03 -9.999000e+03
1.574456e+00 1.422027e+00 1.446816e+00 1.465361e+00 1.478367e+00 1.497588e+00 1.495357e+00 1.494752e+00 1.497040e+00 1.500389e+00 1.504957e+00 1.512039e+00 1.519051e+00 1.523259e+00 1.522669e+00 1.517051e+00 1.508632e+00 1.498040e+00 1.486807e+00 1.475742e+00 1.465037e+00 1.456573e+00 1.450637e+00 1.445833e+00 1.441077e+00 1.438410e+00 2.074402e+00 1.995546e+00 1.769150e+00 1.286277e+00 1.286544e+00 1.238002e+00 1.245765e+00 1.253677e+00 1.114724e+00 1.018832e+00 3.722223e-01 3.727423e-01 1.138259e+00 1.150358e+00 1.058601e+00 1.078386e+00 9.529911e-01 9.733773e-01 9.703869e-01 9.606417e-01 -9.999000e+03 -9.999000e+03 -9.999000e+03 -9.999000e+03 -9.999000e+03 -9.999000e+03
2.242723e+00 1.580682e+00 1.488577e+00 1.500938e+00 1.507312e+00 1.508838e+00 1.514154e+00 1.508252e+00 1.504423e+00 1.502692e+00 1.503093e+00 1.505369e+00 1.508032e+00 1.510263e+00 1.510688e+00 1.507515e+00 1.501448e+00 1.493846e+00 1.486667e+00 1.479615e+00 1.470267e+00 1.460380e+00 1.451918e+00 1.445725e+00 1.441861e+00 1.440711e+00 1.932123e+00 2.098785e+00 1.338829e+00 1.335790e+00 1.293400e+00 1.292991e+00 1.295798e+00 1.183876e+00 7.800566e-01 0.000000e+00 3.727423e-01 1.199386e+00 1.205911e+00 1.137221e+00 1.145847e+00 1.052507e+00 1.066819e+00 9.346766e-01 9.489894e-01 9.623758e-01 9.729051e-01 9.734122e-01 -9.999000e+03 -9.999000e+03 -9.999000e+03 -9.999000e+03
2.626020e+00 2.626020e+00 1.397728e+00 1.344074e+00 1.535798e+00 1.531090e+00 1.524436e+00 1.520755e+00 1.510560e+00 1.502319e+00 1.496986e+00 1.494178e+00 1.493397e+00 1.494231e+00 1.495443e+00 1.495636e+00 1.494391e+00 1.492002e+00 1.490040e+00 1.296602e+00 1.483816e+00 1.475260e+00 1.464246e+00 1.454646e+00 1.449774e+00 1.450850e+00 2.141951e+00 2.056056e+00 1.383282e+00 1.349580e+00 1.341988e+00 1.334077e+00 1.246442e+00 3.722223e-01 0.000000e+00 8.619125e-01 1.251294e+00 1.251492e+00 1.197890e+00 1.201198e+00 1.133144e+00 1.139928e+00 1.047288e+00 1.063774e+00 9.303677e-01 9.453971e-01 9.554567e-01 9.538604e-01 9.527025e-01 -9.999000e+03 -9.999000e+03 -9.999000e+03
2.626020e+00 2.626020e+00 2.626020e+00 1.440651e+00 1.396327e+00 1.338475e+00 1.325479e+00 1.315179e+00 1.306302e+00 1.295838e+00 1.287288e+00 1.280392e+00 1.276411e+00 1.275638e+00 1.277094e+00 1.281039e+00 1.287143e+00 1.293813e+00 1.301463e+00 1.310091e+00 1.356646e+00 1.312854e+00 1.301774e+00 1.289452e+00 1.471058e+00 1.487912e+00 2.141292e+00 2.209576e+00 1.402477e+00 1.391216e+00 1.376897e+00 1.299969e+00 3.722223e-01 0.000000e+00 9.990788e-01 1.299677e+00 1.294459e+00 1.250023e+00 1.247225e+00 1.194830e+00 1.199797e+00 1.133472e+00 1.144202e+00 1.051979e+00 1.064232e+00 1.070941e+00 9.224098e-01 9.237645e-01 9.282271e-01 9.379872e-01 9.540762e-01 -9.999000e+03
1.210550e+00 2.273940e+00 2.626020e+00 2.626020e+00 1.462162e+00 1.417091e+00 1.368061e+00 1.361080e+00 1.353899e+00 1.347098e+00 1.338650e+00 1.330407e+00 1.325292e+00 1.324416e+00 1.326688e+00 1.332381e+00 1.340166e+00 1.348228e+00 1.357311e+00 1.367533e+00 1.374064e+00 1.404118e+00 1.362062e+00 1.352398e+00 1.349094e+00 1.856869e+00 2.279834e+00 1.452993e+00 1.436062e+00 1.417767e+00 1.355555e+00 3.722223e-01 0.000000e+00 1.098660e+00 1.339143e+00 1.333151e+00 1.298337e+00 1.291190e+00 1.249155e+00 1.248571e+00 1.198087e+00 1.206780e+00 1.137563e+00 1.148962e+00 1.159488e+00 1.060236e+00 1.061644e+00 9.130855e-01 9.161814e-01 9.205386e-01 9.271883e-01 9.343264e-01
2.211279e+00 2.217821e+00 2.311710e+00 2.626020e+00 2.626020e+00 2.626020e+00 2.626020e+00 2.399777e+00 2.618734e+00 2.555014e+00 2.626020e+00 2.626020e+00 2.626020e+00 2.626020e+00 2.626020e+00 2.626020e+00 2.626020e+00 1.427531e+00 1.421251e+00 1.418183e+00 1.413731e+00 1.405826e+00 1.427030e+00 1.399304e+00 1.437481e+00 1.960221e+00 1.963483e+00 1.478185e+00 1.453570e+00 1.401244e+00 3.722223e-01 3.722223e-01 1.175583e+00 1.368751e+00 1.362410e+00 1.337121e+00 1.331057e+00 1.299063e+00 1.295327e+00 1.253357e+00 1.255931e+00 1.203716e+00 1.211967e+00 1.222639e+00 1.156633e+00 1.169393e+00 1.068039e+00 1.068299e+00 1.064755e+00 9.108303e-01 9.086259e-01 9.130292e-01
2.160907e+00 1.243115e+00 2.262856e+00 2.362023e+00 2.626020e+00 2.626020e+00 2.626020e+00 2.626020e+00 2.446309e+00 2.626020e+00 2.626020e+00 2.626020e+00 2.626020e+00 2.626020e+00 2.626020e+00 2.626020e+00 2.626020e+00 2.626020e+00 2.626020e+00 1.651953e+00 1.471534e+00 1.450866e+00 1.441588e+00 1.468754e+00 2.051294e+00 2.056709e+00 1.409356e+00 1.341133e+00 1.584334e+00 1.204956e+00 3.722223e-01 1.243643e+00 1.390479e+00 1.386208e+00 1.367040e+00 1.361264e+00 1.339098e+00 1.334260e+00 1.300751e+00 1.297037e+00 1.253946e+00 1.260424e+00 1.269387e+00 1.221127e+00 1.234784e+00 1.164214e+00 1.176022e+00 1.179755e+00 1.066391e+00 1.059319e+00 9.062198e-01 9.078504e-01
1.448286e+00 1.439591e+00 1.431466e+00 1.426211e+00 1.415910e+00 1.401249e+00 1.390608e+00 1.384679e+00 1.382111e+00 1.383570e+00 1.388559e+00 1.217080e+00 1.226226e+00 1.238367e+00 1.253514e+00 1.269867e+00 2.132016e+00 2.626020e+00 2.626020e+00 2.626020e+00 2.626020e+00 2.626020e+00 1.497941e+00 1.507821e+00 2.149057e+00 2.143467e+00 1.553175e+00 1.494634e+00 1.133640e+00 0.000000e+00 1.306507e+00 1.410613e+00 1.403505e+00 1.392177e+00 1.385795e+00 1.369005e+00 1.365005e+00 1.338423e+00 1.331178e+00 1.294388e+00 1.294909e+00 1.302012e+00 1.269292e+00 1.281849e+00 1.225824e+00 1.237115e+00 1.250601e+00 1.175812e+00 1.179109e+00 1.068596e+00 1.067748e+00 9.167721e-01
1.471422e+00 1.457329e+00 1.439379e+00 1.424421e+00 1.410534e+00 1.396019e+00 1.383093e+00 1.373070e+00 1.366589e+00 1.364937e+00 1.367234e+00 1.370978e+00 1.375585e+00 1.382423e+00 1.391653e+00 1.222849e+00 1.234884e+00 1.250086e+00 1.272418e+00 2.626020e+00 2.626020e+00 2.625500e+00 2.626020e+00 1.582196e+00 1.594753e+00 2.253395e+00 2.223455e+00 1.642328e+00 0.000000e+00 1.205406e+00 1.436449e+00 1.420796e+00 1.408079e+00 1.404436e+00 1.392679e+00 1.388899e+00 1.369939e+00 1.360651e+00 1.329715e+00 1.324871e+00 1.326248e+00 1.302382e+00 1.314366e+00 1.276506e+00 1.284751e+00 1.293060e+00 1.239134e+00 1.253176e+00 1.173209e+00 1.177714e+00 1.068962e+00 1.068543e+00
1.487634e+00 1.468974e+00 1.450936e+00 1.438208e+00 1.426600e+00 1.411305e+00 1.394982e+00 1.381132e+00 1.372042e+00 1.368332e+00 1.367043e+00 1.365665e+00 1.364948e+00 1.365918e+00 1.368364e+00 1.372569e+00 1.379434e+00 1.389185e+00 1.223599e+00 1.246622e+00 1.261634e+00 1.037614e+00 1.619009e+00 2.626020e+00 1.662225e+00 1.655947e+00 2.323520e+00 2.032060e+00 1.455504e+00 1.299670e+00 1.362365e+00 1.429121e+00 1.415838e+00 1.406607e+00 1.405587e+00 1.394675e+00 1.387169e+00 1.361339e+00 1.351833e+00 1.347266e+00 1.328587e+00 1.336485e+00 1.310413e+00 1.322613e+00 1.331026e+00 1.286418e+00 1.296540e+00 1.237259e+00 1.244771e+00 1.162562e+00 1.167839e+00 1.060782e+00
1.498550e+00 1.481894e+00 1.467603e+00 1.457778e+00 1.447320e+00 1.430712e+00 1.411799e+00 1.397360e+00 1.388872e+00 1.382701e+00 1.376276e+00 1.370500e+00 1.366229e+00 1.362602e+00 1.360366e+00 1.361496e+00 1.365633e+00 1.370898e+00 1.377408e+00 1.386368e+00 1.215823e+00 1.220353e+00 1.267565e+00 1.036306e+00 1.084452e+00 1.397328e+00 1.926210e+00 0.000000e+00 8.534975e-01 1.505327e+00 1.429203e+00 1.265262e+00 1.427237e+00 1.420798e+00 1.412733e+00 1.407528e+00 1.388735e+00 1.377588e+00 1.368375e+00 1.349380e+00 1.351284e+00 1.333806e+00 1.344640e+00 1.357171e+00 1.329091e+00 1.334728e+00 1.287172e+00 1.293758e+00 1.230858e+00 1.237754e+00 1.158110e+00 1.051720e+00
1.510870e+00 1.499388e+00 1.488747e+00 1.480512e+00 1.469677e+00 1.451521e+00 1.432672e+00 1.421655e+00 1.414636e+00 1.404728e+00 1.393385e+00 1.384318e+00 1.376756e+00 1.369358e+00 1.364888e+00 1.365688e+00 1.368788e+00 1.370329e+00 1.369732e+00 1.368442e+00 1.369476e+00 1.194685e+00 1.210246e+00 1.268259e+00 1.295636e+00 1.091560e+00 1.260652e+00 1.533861e+00 9.164410e-01 1.023665e+00 1.621332e+00 1.535369e+00 1.457746e+00 1.442936e+00 1.429636e+00 1.411021e+00 1.399041e+00 1.388295e+00 1.371578e+00 1.365234e+00 1.349081e+00 1.356620e+00 1.368563e+00 1.357055e+00 1.366375e+00 1.332160e+00 1.336047e+00 1.287799e+00 1.292415e+00 1.231160e+00 1.151739e+00 8.964680e-01
1.521935e+00 1.515230e+00 1.508336e+00 1.500784e+00 1.488473e+00 1.469507e+00 1.453137e+00 1.446233e+00 1.440539e+00 1.428928e+00 1.415637e+00 1.404113e+00 1.393301e+00 1.384258e+00 1.380911e+00 1.383692e+00 1.386912e+00 1.385473e+00 1.379393e+00 1.372502e+00 1.369766e+00 1.372624e+00 1.199817e+00 1.221618e+00 1.274364e+00 1.566045e+00 0.000000e+00 3.316428e-01 6.512911e-01 7.787475e-01 1.668853e+00 1.724809e+00 1.357952e+00 1.461051e+00 1.438048e+00 1.422023e+00 1.408283e+00 1.390863e+00 1.380852e+00 1.364656e+00 1.364448e+00 1.371029e+00 1.366484e+00 1.380014e+00 1.361991e+00 1.366749e+00 1.332613e+00 1.336941e+00 1.289400e+00 1.224828e+00 1.033420e+00 8.855986e-01
1.530537e+00 1.529722e+00 1.527202e+00 1.519610e+00 1.504830e+00 1.486557e+00 1.473664e+00 1.468967e+00 1.464014e+00 1.453562e+00 1.440451e+00 1.426245e+00 1.413456e+00 1.406234e+00 1.406735e+00 1.412724e+00 1.415856e+00 1.410336e+00 1.399290e+00 1.389857e+00 1.384822e+00 1.382136e+00 1.386404e+00 1.219771e+00 1.237217e+00 1.018123e+00 0.000000e+00 8.573196e-01 9.667918e-01 7.519917e-01 9.049940e-01 1.459800e+00 1.779356e+00 1.451046e+00 1.444752e+00 1.432897e+00 1.415158e+00 1.397925e+00 1.380041e+00 1.374182e+00 1.373800e+00 1.369465e+00 1.379021e+00 1.372515e+00 1.380399e+00 1.359888e+00 1.366031e+00 1.334627e+00 1.287159e+00 1.133791e+00 8.778410e-01 8.721972e-01
