tests/data/reference/test_stream_rill_mfda_diffusion/control/cvin_m3.asc
ncols	123
nrows	77
xllcorner	-713746.79929998
yllcorner	-1061022.36961616
cellsize	10.0
NODATA_value	-9999
[rows 23 to 45 of 77, columns 0 to 51 of 123]
-9.999000e+03 -9.999000e+03 -9.999000e+03 -9.999000e+03 -9.999000e+03 -9.999000e+03 -9.999000e+03 -9.999000e+03 -9.999000e+03 -9.999000e+03 -9.999000e+03 -9.999000e+03 -9.999000e+03 -9.999000e+03 -9.999000e+03 -9.999000e+03 1.714972e+00 1.929922e+00 8.884804e-01 0.000000e+00 0.000000e+00 5.244363e-01 1.385756e-01 2.312883e+00 2.797636e-01 2.640467e+00 2.691885e+00 5.719116e+00 1.097521e+01 6.789046e+00 2.044576e+00 1.397753e+00 1.428748e+00 1.707166e+00 1.915555e+00 1.947094e+00 2.101050e+00 2.113626e+00 2.220072e+00 2.292081e+00 2.336104e+00 2.467995e+00 2.385465e+00 9.503533e+00 7.529666e+00 0.000000e+00 0.000000e+00 6.360888e-01 2.064034e+00 2.325821e+00 2.417500e+00 2.405115e+00
-9.999000e+03 -9.999000e+03 -9.999000e+03 -9.999000e+03 -9.999000e+03 -9.999000e+03 -9.999000e+03 -9.999000e+03 -9.999000e+03 -9.999000e+03 -9.999000e+03 -9.999000e+03 -9.999000e+03 -9.999000e+03 -9.999000e+03 1.364107e+00 2.369842e+00 1.082458e+00 0.000000e+00 0.000000e+00 2.913191e-01 1.284469e-01 2.272970e+00 2.063178e-01 2.629384e+00 7.556517e-01 2.873846e+00 2.901132e+00 5.522219e+00 1.020174e+01 6.180482e+00 2.103270e+00 1.681253e+00 1.714865e+00 1.926132e+00 2.079762e+00 2.105464e+00 2.215637e+00 2.230616e+00 2.308898e+00 2.362634e+00 2.398157e+00 2.470121e+00 9.641679e+00 9.787571e+00 0.000000e+00 0.000000e+00 6.349264e-01 1.137306e+00 2.253593e+00 2.433813e+00 2.496123e+00
-9.999000e+03 -9.999000e+03 -9.999000e+03 -9.999000e+03 -9.999000e+03 -9.999000e+03 -9.999000e+03 -9.999000e+03 -9.999000e+03 -9.999000e+03 -9.999000e+03 -9.999000e+03 -9.999000e+03 -9.999000e+03 -9.999000e+03 0.000000e+00 1.264126e+00 0.000000e+00 0.000000e+00 0.000000e+00 5.587712e-01 2.039690e+00 1.877093e+00 2.605057e+00 7.377123e-01 2.867673e+00 1.199651e+00 3.042189e+00 3.037360e+00 5.265767e+00 9.776035e+00 5.545188e+00 2.141621e+00 1.898306e+00 1.928190e+00 2.082380e+00 2.193180e+00 2.219795e+00 2.303000e+00 2.320193e+00 2.374797e+00 2.414623e+00 2.445023e+00 7.604815e+00 9.750316e+00 4.270040e+00 1.368731e-01 6.353698e-01 1.137433e+00 1.540039e+00 2.399836e+00 2.522954e+00
-9.999000e+03 -9.999000e+03 -9.999000e+03 -9.999000e+03 -9.999000e+03 -9.999000e+03 -9.999000e+03 -9.999000e+03 -9.999000e+03 -9.999000e+03 -9.999000e+03 -9.999000e+03 -9.999000e+03 -9.999000e+03 -9.999000e+03 0.000000e+00 0.000000e+00 0.000000e+00 0.000000e+00 5.058558e-01 1.524523e-01 2.307428e+00 2.369142e+00 2.259254e+00 2.858289e+00 1.199474e+00 3.045100e+00 1.589151e+00 3.153154e+00 3.115465e+00 4.963958e+00 9.289226e+00 5.228734e+00 2.350242e+00 2.049817e+00 2.073081e+00 2.186745e+00 2.273260e+00 2.305292e+00 2.367175e+00 2.384018e+00 2.423060e+00 2.454560e+00 2.481925e+00 7.166683e+00 9.312003e+00 4.096782e+00 7.018147e-01 1.141438e+00 1.544984e+00 1.868232e+00 2.517751e+00
-9.999000e+03 -9.999000e+03 -9.999000e+03 -9.999000e+03 -9.999000e+03 -9.999000e+03 -9.999000e+03 -9.999000e+03 -9.999000e+03 -9.999000e+03 -9.999000e+03 -9.999000e+03 -9.999000e+03 -9.999000e+03 -9.999000e+03 -9.999000e+03 0.000000e+00 0.000000e+00 3.480037e-01 1.288158e-01 2.254323e+00 2.085762e-01 6.181500e+00 7.883664e+00 1.279547e+01 3.018428e+00 1.572445e+00 3.145086e+00 1.900036e+00 3.198311e+00 3.135774e+00 4.618096e+00 8.745230e+00 4.844112e+00 2.499949e+00 2.300735e+00 2.170063e+00 2.261606e+00 2.332573e+00 2.366464e+00 2.413129e+00 2.430708e+00 2.459661e+00 2.485236e+00 2.510370e+00 6.703739e+00 8.829598e+00 3.886903e+00 1.184091e+00 1.555212e+00 1.880310e+00 2.138789e+00
-9.999000e+03 -9.999000e+03 -9.999000e+03 -9.999000e+03 -9.999000e+03 -9.999000e+03 -9.999000e+03 -9.999000e+03 -9.999000e+03 -9.999000e+03 -9.999000e+03 -9.999000e+03 -9.999000e+03 -9.999000e+03 -9.999000e+03 -9.999000e+03 -9.999000e+03 0.000000e+00 0.000000e+00 2.096012e+00 1.818219e-01 3.921983e+00 5.438534e+00 1.055768e+01 9.582321e+00 1.442145e+01 1.215030e+01 5.076512e+00 3.141907e+00 2.116667e+00 3.177809e+00 3.106318e+00 4.236101e+00 8.137626e+00 4.391814e+00 2.601456e+00 2.492196e+00 2.415323e+00 2.495635e+00 2.376572e+00 2.411561e+00 2.447310e+00 2.463136e+00 2.484908e+00 2.507773e+00 2.534701e+00 6.223638e+00 8.313978e+00 3.657491e+00 1.590309e+00 1.897326e+00 2.157519e+00
-9.999000e+03 -9.999000e+03 -9.999000e+03 -9.999000e+03 -9.999000e+03 -9.999000e+03 -9.999000e+03 -9.999000e+03 -9.999000e+03 -9.999000e+03 -9.999000e+03 -9.999000e+03 -9.999000e+03 -9.999000e+03 -9.999000e+03 -9.999000e+03 -9.999000e+03 0.000000e+00 0.000000e+00 2.314417e+00 3.810990e+00 4.794233e+00 4.605665e+00 1.925543e+00 1.983958e+00 1.128406e+01 1.608403e+01 1.543495e+01 1.860448e+01 1.933873e+01 6.320034e+00 3.102310e+00 3.027842e+00 3.819017e+00 7.457863e+00 3.899507e+00 2.681231e+00 2.639847e+00 2.598762e+00 2.671195e+00 2.589256e+00 2.442046e+00 2.471329e+00 2.487684e+00 2.508387e+00 2.533935e+00 2.566794e+00 5.734697e+00 7.770738e+00 3.421185e+00 1.929280e+00 2.178826e+00
-9.999000e+03 -9.999000e+03 -9.999000e+03 -9.999000e+03 -9.999000e+03 -9.999000e+03 -9.999000e+03 -9.999000e+03 -9.999000e+03 -9.999000e+03 -9.999000e+03 -9.999000e+03 -9.999000e+03 -9.999000e+03 -9.999000e+03 -9.999000e+03 -9.999000e+03 0.000000e+00 0.000000e+00 1.099349e+00 4.044118e+00 4.261005e+00 1.880039e+00 1.920871e+00 1.970184e+00 2.080679e+00 3.839166e+00 1.436485e+01 1.694912e+01 1.992428e+01 2.071052e+01 1.760071e+01 7.745544e+00 3.166433e+00 3.396209e+00 2.901912e+01 3.000823e+01 3.333963e+01 3.258521e+01 3.576974e+01 3.518592e+01 3.817967e+01 3.462500e+00 2.498850e+00 2.519691e+00 2.543335e+00 2.573524e+00 2.611263e+00 5.237890e+00 7.200509e+00 3.197753e+00 2.207311e+00
-9.999000e+03 -9.999000e+03 -9.999000e+03 -9.999000e+03 -9.999000e+03 -9.999000e+03 -9.999000e+03 -9.999000e+03 -9.999000e+03 -9.999000e+03 -9.999000e+03 -9.999000e+03 -9.999000e+03 -9.999000e+03 -9.999000e+03 -9.999000e+03 -9.999000e+03 0.000000e+00 0.000000e+00 1.165309e+00 1.557573e+00 1.784118e+00 1.817485e+00 1.852255e+00 1.991342e+00 1.927711e+00 1.948930e+00 1.972162e+00 1.849761e+00 1.906775e+00 1.722111e+01 2.210250e+01 2.303998e+01 2.483364e+01 2.575136e+01 2.775558e+01 3.184008e+01 3.107234e+01 3.435186e+01 3.365526e+01 3.680010e+01 3.629083e+01 3.920441e+01 3.844364e+01 4.123233e+01 2.734205e+00 2.576997e+00 2.613858e+00 2.656194e+00 4.731662e+00 6.603207e+00 3.012469e+00
-9.999000e+03 -9.999000e+03 -9.999000e+03 -9.999000e+03 -9.999000e+03 -9.999000e+03 -9.999000e+03 -9.999000e+03 -9.999000e+03 -9.999000e+03 -9.999000e+03 -9.999000e+03 -9.999000e+03 -9.999000e+03 -9.999000e+03 -9.999000e+03 0.000000e+00 0.000000e+00 9.189010e-01 1.499523e+00 1.624015e+00 1.651450e+00 1.678340e+00 1.861934e+00 1.739658e+00 1.762428e+00 1.777928e+00 1.802505e+00 1.849934e+00 1.913206e+00 1.976010e+00 6.763704e+00 1.850385e+01 2.383969e+01 2.584020e+01 4.365062e+00 2.068093e+00 2.076574e+00 2.088900e+00 2.122262e+00 2.144015e+00 2.181306e+00 3.650292e+01 4.006804e+01 3.937532e+01 4.210276e+01 3.526599e+01 4.137211e+01 3.771751e+01 2.694137e+00 4.222238e+00 5.970760e+00
-9.999000e+03 -9.999000e+03 -9.999000e+03 -9.999000e+03 -9.999000e+03 -9.999000e+03 -9.999000e+03 -9.999000e+03 -9.999000e+03 -9.999000e+03 -9.999000e+03 -9.999000e+03 -9.999000e+03 -9.999000e+03 -9.999000e+03 0.000000e+00 0.000000e+00 5.386290e-01 1.380402e+00 1.587051e+00 1.627023e+00 1.654274e+00 1.683766e+00 1.708703e+00 1.727515e+00 1.743420e+00 1.760960e+00 1.791864e+00 1.843183e+00 1.903748e+00 1.958824e+00 1.993761e+00 2.003039e+00 2.002806e+00 2.007268e+00 2.013926e+00 2.012949e+00 2.014762e+00 2.041983e+00 2.036203e+00 2.060050e+00 2.073825e+00 2.050424e+00 2.087457e+00 2.165957e+00 4.006249e+01 4.266246e+01 3.638057e+01 4.212955e+01 3.889407e+01 4.399995e+01 3.562278e+01
-9.999000e+03 -9.999000e+03 -9.999000e+03 -9.999000e+03 -9.999000e+03 -9.999000e+03 -9.999000e+03 -9.999000e+03 -9.999000e+03 -9.999000e+03 -9.999000e+03 -9.999000e+03 -9.999000e+03 -9.999000e+03 -9.999000e+03 0.000000e+00 0.000000e+00 1.185197e+00 1.508273e+00 1.571635e+00 1.611717e+00 1.650520e+00 1.680543e+00 1.697655e+00 1.708770e+00 1.723177e+00 1.745085e+00 1.778907e+00 1.828367e+00 1.883065e+00 1.925284e+00 1.942123e+00 1.938904e+00 1.933953e+00 1.930447e+00 1.920861e+00 1.917135e+00 1.946149e+00 1.906097e+00 1.919863e+00 1.911512e+00 1.842250e+00 1.869113e+00 1.754282e+00 1.793371e+00 1.824995e+00 1.968421e+00 1.977781e+00 2.229621e+00 4.280749e+01 3.973200e+01 4.461656e+01
-9.999000e+03 -9.999000e+03 -9.999000e+03 -9.999000e+03 -9.999000e+03 -9.999000e+03 -9.999000e+03 -9.999000e+03 -9.999000e+03 -9.999000e+03 -9.999000e+03 -9.999000e+03 -9.999000e+03 -9.999000e+03 0.000000e+00 0.000000e+00 9.112778e-01 1.393160e+00 1.484059e+00 1.536481e+00 1.590431e+00 1.637328e+00 1.665309e+00 1.678813e+00 1.689541e+00 1.705974e+00 1.729405e+00 1.763745e+00 1.811059e+00 1.854136e+00 1.872142e+00 1.864429e+00 1.847685e+00 1.834295e+00 1.818636e+00 1.808052e+00 1.839453e+00 1.743880e+00 1.751663e+00 1.721234e+00 1.593418e+00 1.610064e+00 1.429246e+00 1.468171e+00 1.500885e+00 1.511455e+00 1.516969e+00 1.819771e+00 1.965431e+00 1.973182e+00 2.194925e+00 8.535298e+00
-9.999000e+03 -9.999000e+03 -9.999000e+03 -9.999000e+03 -9.999000e+03 -9.999000e+03 -9.999000e+03 -9.999000e+03 -9.999000e+03 -9.999000e+03 -9.999000e+03 -9.999000e+03 -9.999000e+03 0.000000e+00 0.000000e+00 5.274682e-01 1.238777e+00 1.372170e+00 1.436180e+00 1.500189e+00 1.563606e+00 1.609734e+00 1.635270e+00 1.651363e+00 1.668074e+00 1.688785e+00 1.717127e+00 1.755742e+00 1.796791e+00 1.816433e+00 1.804461e+00 1.776719e+00 1.748776e+00 1.720582e+00 1.701509e+00 1.734160e+00 1.545251e+00 1.553799e+00 1.504046e+00 1.304418e+00 1.308799e+00 1.035746e+00 1.070392e+00 1.104573e+00 1.114157e+00 1.114784e+00 1.496441e+00 1.505945e+00 1.515807e+00 1.803142e+00 1.928784e+00 1.918213e+00
-9.999000e+03 -9.999000e+03 -9.999000e+03 -9.999000e+03 -9.999000e+03 -9.999000e+03 -9.999000e+03 -9.999000e+03 -9.999000e+03 -9.999000e+03 -9.999000e+03 -9.999000e+03 -9.999000e+03 0.000000e+00 0.000000e+00 1.036175e+00 1.244114e+00 1.328530e+00 1.394278e+00 1.467826e+00 1.527039e+00 1.566805e+00 1.593110e+00 1.618177e+00 1.645242e+00 1.676857e+00 1.717017e+00 1.757653e+00 1.780728e+00 1.771703e+00 1.738117e+00 1.699772e+00 1.657534e+00 1.620176e+00 1.643644e+00 1.296364e+00 1.311607e+00 1.250026e+00 9.674316e-01 9.641154e-01 5.700159e-01 5.871399e-01 6.132249e-01 6.235449e-01 6.224099e-01 1.103278e+00 1.107760e+00 1.113992e+00 1.486250e+00 1.493473e+00 1.491004e+00 1.771999e+00
-9.999000e+03 -9.999000e+03 -9.999000e+03 -9.999000e+03 -9.999000e+03 -9.999000e+03 -9.999000e+03 -9.999000e+03 -9.999000e+03 -9.999000e+03 -9.999000e+03 -9.999000e+03 0.000000e+00 0.000000e+00 7.908877e-01 1.111349e+00 1.241003e+00 1.296408e+00 1.369842e+00 1.434631e+00 1.481669e+00 1.517856e+00 1.553614e+00 1.592764e+00 1.635097e+00 1.680908e+00 1.727432e+00 1.757142e+00 1.755698e+00 1.728319e+00 1.688818e+00 1.642543e+00 1.593243e+00 1.591294e+00 9.691794e-01 9.985329e-01 9.336519e-01 5.526375e-01 5.478286e-01 0.000000e+00 0.000000e+00 0.000000e+00 0.000000e+00 0.000000e+00 6.175165e-01 6.172294e-01 6.200053e-01 1.093905e+00 1.103366e+00 1.110389e+00 1.478092e+00 1.461851e+01
-9.999000e+03 -9.999000e+03 -9.999000e+03 -9.999000e+03 -9.999000e+03 -9.999000e+03 -9.999000e+03 -9.999000e+03 -9.999000e+03 -9.999000e+03 -9.999000e+03 0.000000e+00 0.000000e+00 4.679305e-01 9.775468e-01 1.197338e+00 1.234223e+00 1.295139e+00 1.353771e+00 1.399109e+00 1.435787e+00 1.479051e+00 1.531377e+00 1.588060e+00 1.645167e+00 1.697752e+00 1.736505e+00 1.746155e+00 1.729554e+00 1.704000e+00 1.667351e+00 1.621862e+00 1.602949e+00 5.476800e-01 5.700769e-01 5.092604e-01 0.000000e+00 0.000000e+00 0.000000e+00 0.000000e+00 0.000000e+00 0.000000e+00 0.000000e+00 0.000000e+00 0.000000e+00 0.000000e+00 6.090643e-01 6.139662e-01 6.218961e-01 1.101065e+00 1.574422e+01 1.491049e+01
-9.999000e+03 -9.999000e+03 -9.999000e+03 -9.999000e+03 -9.999000e+03 -9.999000e+03 -9.999000e+03 -9.999000e+03 -9.999000e+03 -9.999000e+03 -9.999000e+03 0.000000e+00 0.000000e+00 7.786890e-01 1.174233e+00 1.208043e+00 1.259154e+00 1.306497e+00 1.340582e+00 1.368701e+00 1.407145e+00 1.465521e+00 1.534522e+00 1.601722e+00 1.663331e+00 1.712749e+00 1.736605e+00 1.733381e+00 1.722206e+00 1.710487e+00 1.683955e+00 1.658462e+00 0.000000e+00 0.000000e+00 0.000000e+00 0.000000e+00 0.000000e+00 0.000000e+00 0.000000e+00 5.507289e-01 5.607798e-01 5.837949e-01 6.110525e-01 6.204273e-01 0.000000e+00 0.000000e+00 0.000000e+00 0.000000e+00 6.147421e-01 1.683766e+01 1.603217e+01 2.267348e+00
-9.999000e+03 -9.999000e+03 -9.999000e+03 -9.999000e+03 -9.999000e+03 -9.999000e+03 -9.999000e+03 -9.999000e+03 -9.999000e+03 -9.999000e+03 0.000000e+00 0.000000e+00 4.805948e-01 1.125126e+00 1.178460e+00 1.241494e+00 1.293711e+00 1.321329e+00 1.336717e+00 1.360045e+00 1.410333e+00 1.481561e+00 1.553987e+00 1.617998e+00 1.676010e+00 1.718273e+00 1.732773e+00 1.733651e+00 1.739319e+00 1.748748e+00 1.739374e+00 0.000000e+00 0.000000e+00 0.000000e+00 0.000000e+00 6.720858e-02 5.689018e-01 5.625044e-01 5.578628e-01 5.648551e-01 9.850055e-01 1.015814e+00 1.057203e+00 1.089660e+00 1.092475e+00 6.085331e-01 0.000000e+00 0.000000e+00 1.790542e+01 1.712453e+01 2.282765e+00 2.265156e+00
-9.999000e+03 -9.999000e+03 -9.999000e+03 -9.999000e+03 -9.999000e+03 -9.999000e+03 -9.999000e+03 -9.999000e+03 -9.999000e+03 -9.999000e+03 0.000000e+00 0.000000e+00 1.021209e+00 1.122907e+00 1.208314e+00 1.283135e+00 1.323359e+00 1.343635e+00 1.353093e+00 1.382833e+00 1.439131e+00 1.505403e+00 1.567657e+00 1.625451e+00 1.678434e+00 1.714885e+00 1.732269e+00 1.746974e+00 1.775147e+00 1.801491e+00 0.000000e+00 0.000000e+00 5.366264e-01 5.579148e-01 5.745715e-01 5.809274e-01 6.243782e-01 9.970154e-01 9.849000e-01 9.889782e-01 1.015785e+00 1.344275e+00 1.323803e+01 1.305543e+01 1.446996e+00 1.443844e+00 1.229348e+01 1.894980e+01 1.819266e+01 2.319327e+00 2.299191e+00 2.281815e+00
-9.999000e+03 -9.999000e+03 -9.999000e+03 -9.999000e+03 -9.999000e+03 -9.999000e+03 -9.999000e+03 -9.999000e+03 -9.999000e+03 0.000000e+00 0.000000e+00 8.038324e-01 1.007194e+00 1.146302e+00 1.252706e+00 1.316223e+00 1.354796e+00 1.371250e+00 1.389795e+00 1.418440e+00 1.461646e+00 1.513857e+00 1.570229e+00 1.626730e+00 1.673105e+00 1.707197e+00 1.735393e+00 1.773739e+00 1.820192e+00 1.846909e+00 0.000000e+00 5.198487e-01 5.479340e-01 9.535657e-01 4.619969e+00 9.021535e+00 8.989277e+00 1.089957e+01 1.121636e+01 1.289635e+01 1.331341e+01 1.486624e+01 1.560150e+01 1.642975e+01 1.718328e+01 1.855734e+01 1.935182e+01 1.922608e+01 2.365656e+00 2.347312e+00 2.324830e+00 2.298456e+00
-9.999000e+03 -9.999000e+03 -9.999000e+03 -9.999000e+03 -9.999000e+03 -9.999000e+03 -9.999000e+03 -9.999000e+03 0.000000e+00 0.000000e+00 4.713604e-01 7.879826e-01 1.018624e+00 1.184654e+00 1.283393e+00 1.353186e+00 1.374772e+00 1.398198e+00 1.415175e+00 1.427471e+00 1.456900e+00 1.506279e+00 1.568256e+00 1.624297e+00 1.669392e+00 1.706568e+00 1.753869e+00 1.812742e+00 1.860583e+00 1.875842e+00 3.667391e+00 4.106738e+00 6.049160e+00 6.477259e+00 8.502508e+00 8.425360e+00 1.046788e+01 1.050041e+01 1.231052e+01 1.268455e+01 1.430240e+01 1.477941e+01 4.414886e+00 5.416542e+00 1.782602e+01 1.861694e+01 8.715311e+00 2.396057e+00 2.389817e+00 2.373221e+00 2.346126e+00 2.313602e+00
-9.999000e+03 -9.999000e+03 -9.999000e+03 -9.999000e+03 -9.999000e+03 -9.999000e+03 -9.999000e+03 -9.999000e+03 0.000000e+00 0.000000e+00 4.769262e-01 8.090015e-01 1.048154e+00 1.200532e+00 1.322738e+00 1.353200e+00 1.379728e+00 1.398232e+00 1.401101e+00 1.406212e+00 1.436417e+00 1.497095e+00 1.558803e+00 1.622146e+00 1.671683e+00 1.721932e+00 1.787588e+00 1.852997e+00 1.887323e+00 1.895519e+00 3.744767e+00 5.408488e+00 5.820894e+00 7.652343e+00 4.439298e+00 2.005975e+00 2.040732e+00 2.071578e+00 2.102333e+00 2.135217e+00 2.175698e+00 2.219002e+00 2.261398e+00 2.302221e+00 2.341301e+00 2.373940e+00 2.393387e+00 2.400496e+00 2.398557e+00 2.387617e+00 2.363828e+00 2.332232e+00
