tests/data/reference/test_stream_rill_mfda_diffusion/control/cvin_m3.asc
ncols	123
nrows	77
xllcorner	-713746.79929998
yllcorner	-1061022.36961616
cellsize	10.0
NODATA_value	-9999
[rows 46 to 68 of 77, columns 0 to 51 of 123]
-9.999000e+03 -9.999000e+03 -9.999000e+03 -9.999000e+03 -9.999000e+03 -9.999000e+03 -9.999000e+03 -9.999000e+03 0.000000e+00 0.000000e+00 4.962581e-01 8.302775e-01 1.044752e+00 1.247091e+00 1.286875e+00 1.327061e+00 1.357028e+00 1.368194e+00 1.370822e+00 1.381139e+00 1.432403e+00 1.483876e+00 1.554970e+00 1.619059e+00 1.679557e+00 1.745854e+00 1.822394e+00 1.876559e+00 1.898099e+00 1.916012e+00 1.939984e+00 1.963015e+00 1.974839e+00 1.981314e+00 2.017263e+00 2.043018e+00 2.058772e+00 2.074533e+00 2.094580e+00 2.127382e+00 2.165537e+00 2.208196e+00 2.251929e+00 2.292893e+00 2.331507e+00 2.361514e+00 2.379327e+00 2.388140e+00 2.391649e+00 2.387330e+00 2.371012e+00 2.346689e+00
-9.999000e+03 -9.999000e+03 -9.999000e+03 -9.999000e+03 -9.999000e+03 -9.999000e+03 -9.999000e+03 4.881566e-01 0.000000e+00 0.000000e+00 4.925465e-01 8.034989e-01 1.127803e+00 1.168780e+00 1.216585e+00 1.266215e+00 1.302387e+00 1.325650e+00 1.337554e+00 1.386666e+00 1.415683e+00 1.484418e+00 1.546887e+00 1.615015e+00 1.686726e+00 1.769135e+00 1.831760e+00 1.867764e+00 1.898354e+00 1.923443e+00 1.949464e+00 1.967608e+00 1.972894e+00 2.019006e+00 2.043600e+00 2.049360e+00 2.053411e+00 2.060324e+00 2.086371e+00 2.114804e+00 2.151194e+00 2.193718e+00 2.233706e+00 2.273973e+00 2.308510e+00 2.334750e+00 2.352891e+00 2.365840e+00 2.373060e+00 2.372590e+00 2.364712e+00 2.354754e+00
-9.999000e+03 -9.999000e+03 -9.999000e+03 -9.999000e+03 -9.999000e+03 -9.999000e+03 -9.999000e+03 4.742638e-01 0.000000e+00 0.000000e+00 4.641777e-01 9.899065e-01 1.022541e+00 1.066321e+00 1.121195e+00 1.172205e+00 1.218060e+00 1.253851e+00 1.336775e+00 1.344954e+00 1.412278e+00 1.462100e+00 1.524268e+00 1.594310e+00 1.687277e+00 1.751795e+00 1.789074e+00 1.835135e+00 1.869310e+00 1.896394e+00 1.917748e+00 1.927673e+00 1.998158e+00 2.032149e+00 2.032886e+00 2.030195e+00 2.027684e+00 2.050467e+00 2.067949e+00 2.096588e+00 2.137472e+00 2.173532e+00 2.213122e+00 2.247718e+00 2.276295e+00 2.299304e+00 2.319518e+00 2.336174e+00 2.345761e+00 2.349154e+00 2.352763e+00 2.359534e+00
-9.999000e+03 -9.999000e+03 -9.999000e+03 -9.999000e+03 -9.999000e+03 -9.999000e+03 4.802734e-01 4.531823e-01 0.000000e+00 0.000000e+00 8.433591e-01 8.656728e-01 8.929496e-01 9.372842e-01 9.878965e-01 1.038549e+00 1.088481e+00 1.239141e+00 1.248876e+00 1.328513e+00 1.358740e+00 1.407041e+00 1.463995e+00 1.563378e+00 1.623581e+00 1.654048e+00 1.710840e+00 1.754231e+00 1.788400e+00 1.813871e+00 1.827157e+00 1.937134e+00 1.994801e+00 1.997085e+00 1.992130e+00 1.984866e+00 2.014530e+00 2.020677e+00 2.039727e+00 2.081702e+00 2.114052e+00 2.153976e+00 2.187486e+00 2.215685e+00 2.238706e+00 2.260412e+00 2.281978e+00 2.300551e+00 2.312803e+00 2.323130e+00 2.339644e+00 2.367371e+00
-9.999000e+03 -9.999000e+03 -9.999000e+03 -9.999000e+03 -9.999000e+03 4.569626e-01 4.428878e-01 0.000000e+00 0.000000e+00 6.622042e-01 6.732221e-01 6.906428e-01 7.132340e-01 7.443975e-01 7.864264e-01 8.355744e-01 1.065045e+00 1.093868e+00 1.221868e+00 1.231479e+00 1.257494e+00 1.293559e+00 1.403028e+00 1.444330e+00 1.449048e+00 1.515526e+00 1.565446e+00 1.603058e+00 1.633959e+00 1.652747e+00 1.812066e+00 1.903869e+00 1.913297e+00 1.912335e+00 1.905817e+00 1.956430e+00 1.959500e+00 1.972316e+00 2.019813e+00 2.047793e+00 2.090834e+00 2.125308e+00 2.154492e+00 2.177023e+00 2.197781e+00 2.219525e+00 2.241260e+00 2.260122e+00 2.276154e+00 2.295319e+00 2.339388e+00 2.357041e+00
-9.999000e+03 -9.999000e+03 -9.999000e+03 -9.999000e+03 -9.999000e+03 4.196720e-01 0.000000e+00 0.000000e+00 3.920597e-01 3.986385e-01 4.060355e-01 4.208405e-01 4.337949e-01 4.484015e-01 4.829421e-01 8.096299e-01 8.440048e-01 1.058184e+00 1.066737e+00 1.072806e+00 1.079599e+00 1.210001e+00 1.224041e+00 1.175281e+00 1.241656e+00 1.295412e+00 1.334556e+00 1.365572e+00 1.387092e+00 1.612106e+00 1.750193e+00 1.767403e+00 1.771672e+00 1.768578e+00 1.854080e+00 1.859076e+00 1.873740e+00 1.940484e+00 1.967541e+00 2.016202e+00 2.050972e+00 2.084148e+00 2.109030e+00 2.130249e+00 2.152462e+00 2.174475e+00 2.194126e+00 2.212126e+00 2.232744e+00 2.292454e+00 2.316515e+00 2.326147e+00
-9.999000e+03 -9.999000e+03 -9.999000e+03 -9.999000e+03 4.151505e-01 0.000000e+00 0.000000e+00 0.000000e+00 0.000000e+00 0.000000e+00 0.000000e+00 0.000000e+00 0.000000e+00 0.000000e+00 4.633759e-01 4.902646e-01 8.089614e-01 8.252730e-01 8.350326e-01 8.287541e-01 1.004962e+00 9.815572e-01 8.438933e-01 9.003676e-01 9.467742e-01 9.825944e-01 1.011912e+00 1.031443e+00 1.336404e+00 1.536626e+00 1.564073e+00 1.574560e+00 1.573594e+00 1.704156e+00 1.709112e+00 1.724146e+00 1.821928e+00 1.856549e+00 1.923556e+00 1.957375e+00 1.990503e+00 2.018778e+00 2.043412e+00 2.069819e+00 2.095757e+00 2.116095e+00 2.131662e+00 2.148496e+00 2.229029e+00 2.254894e+00 2.271552e+00 2.274179e+00
-9.999000e+03 -9.999000e+03 -9.999000e+03 -9.999000e+03 0.000000e+00 0.000000e+00 0.000000e+00 0.000000e+00 0.000000e+00 0.000000e+00 0.000000e+00 0.000000e+00 0.000000e+00 0.000000e+00 0.000000e+00 4.674629e-01 4.757209e-01 4.871153e-01 4.939692e-01 7.843261e-01 7.366768e-01 4.597903e-01 4.949707e-01 5.235104e-01 5.433884e-01 5.632526e-01 5.783158e-01 9.842838e-01 1.260644e+00 1.297939e+00 1.317383e+00 1.321107e+00 1.511078e+00 1.511528e+00 1.521789e+00 1.657156e+00 1.695400e+00 1.795418e+00 1.838836e+00 1.871205e+00 1.895675e+00 1.920935e+00 1.952547e+00 1.986759e+00 2.013257e+00 2.028381e+00 2.039757e+00 2.145065e+00 2.168633e+00 2.189771e+00 2.199607e+00 2.257965e+00
-9.999000e+03 -9.999000e+03 -9.999000e+03 0.000000e+00 0.000000e+00 0.000000e+00 0.000000e+00 -9.999000e+03 -9.999000e+03 -9.999000e+03 -9.999000e+03 -9.999000e+03 0.000000e+00 0.000000e+00 0.000000e+00 0.000000e+00 0.000000e+00 0.000000e+00 4.695120e-01 4.514584e-01 0.000000e+00 0.000000e+00 0.000000e+00 0.000000e+00 0.000000e+00 0.000000e+00 5.451477e-01 9.184592e-01 9.561048e-01 9.805936e-01 9.907578e-01 1.265173e+00 1.264580e+00 1.267706e+00 1.452709e+00 1.488083e+00 1.625364e+00 1.680259e+00 1.720137e+00 1.741120e+00 1.760243e+00 1.791033e+00 1.830105e+00 1.864343e+00 1.882954e+00 1.890460e+00 2.031796e+00 2.049430e+00 2.070382e+00 2.086738e+00 2.181823e+00 2.182268e+00
-9.999000e+03 -9.999000e+03 -9.999000e+03 0.000000e+00 0.000000e+00 -9.999000e+03 -9.999000e+03 -9.999000e+03 -9.999000e+03 -9.999000e+03 -9.999000e+03 -9.999000e+03 -9.999000e+03 0.000000e+00 0.000000e+00 0.000000e+00 0.000000e+00 0.000000e+00 0.000000e+00 0.000000e+00 0.000000e+00 0.000000e+00 0.000000e+00 0.000000e+00 0.000000e+00 0.000000e+00 5.060799e-01 5.313092e-01 5.495794e-01 5.592045e-01 9.432673e-01 9.487853e-01 9.511577e-01 1.204762e+00 1.233417e+00 1.417220e+00 1.477056e+00 1.524108e+00 1.544962e+00 1.557047e+00 1.582064e+00 1.620008e+00 1.657352e+00 1.680077e+00 1.686488e+00 1.875881e+00 1.887520e+00 1.904746e+00 1.922371e+00 2.065284e+00 2.068881e+00 2.066579e+00
-9.999000e+03 0.000000e+00 0.000000e+00 0.000000e+00 0.000000e+00 -9.999000e+03 -9.999000e+03 -9.999000e+03 -9.999000e+03 -9.999000e+03 -9.999000e+03 -9.999000e+03 -9.999000e+03 -9.999000e+03 -9.999000e+03 -9.999000e+03 0.000000e+00 0.000000e+00 0.000000e+00 0.000000e+00 -9.999000e+03 -9.999000e+03 -9.999000e+03 -9.999000e+03 0.000000e+00 0.000000e+00 0.000000e+00 0.000000e+00 0.000000e+00 5.304944e-01 5.357046e-01 5.419877e-01 8.979449e-01 9.164919e-01 1.162831e+00 1.221099e+00 1.270360e+00 1.293856e+00 1.300939e+00 1.315054e+00 1.345932e+00 1.382824e+00 1.407477e+00 1.414888e+00 1.669080e+00 1.673345e+00 1.684601e+00 1.699674e+00 1.897785e+00 1.906434e+00 1.903494e+00 1.898483e+00
0.000000e+00 0.000000e+00 0.000000e+00 0.000000e+00 -9.999000e+03 -9.999000e+03 -9.999000e+03 -9.999000e+03 -9.999000e+03 -9.999000e+03 -9.999000e+03 -9.999000e+03 -9.999000e+03 -9.999000e+03 -9.999000e+03 -9.999000e+03 -9.999000e+03 -9.999000e+03 -9.999000e+03 -9.999000e+03 -9.999000e+03 -9.999000e+03 -9.999000e+03 -9.999000e+03 0.000000e+00 0.000000e+00 0.000000e+00 0.000000e+00 0.000000e+00 0.000000e+00 0.000000e+00 5.061340e-01 5.172582e-01 8.511456e-01 9.009311e-01 9.455259e-01 9.664149e-01 9.745540e-01 9.821365e-01 9.975995e-01 1.025854e+00 1.050622e+00 1.058892e+00 1.397863e+00 1.398634e+00 1.401770e+00 1.410370e+00 1.674060e+00 1.683513e+00 1.684322e+00 1.675379e+00 1.848927e+00
0.000000e+00 0.000000e+00 0.000000e+00 -9.999000e+03 -9.999000e+03 -9.999000e+03 -9.999000e+03 -9.999000e+03 -9.999000e+03 -9.999000e+03 -9.999000e+03 -9.999000e+03 -9.999000e+03 -9.999000e+03 -9.999000e+03 -9.999000e+03 -9.999000e+03 -9.999000e+03 -9.999000e+03 -9.999000e+03 -9.999000e+03 -9.999000e+03 -9.999000e+03 -9.999000e+03 -9.999000e+03 -9.999000e+03 -9.999000e+03 0.000000e+00 0.000000e+00 0.000000e+00 0.000000e+00 0.000000e+00 4.733015e-01 5.021727e-01 5.341100e-01 5.476038e-01 5.507764e-01 5.577596e-01 5.640237e-01 5.743338e-01 5.904017e-01 5.983720e-01 1.044697e+00 1.046909e+00 1.047665e+00 1.049479e+00 1.393108e+00 1.399150e+00 1.399890e+00 1.394348e+00 1.629658e+00 1.635644e+00
-9.999000e+03 -9.999000e+03 -9.999000e+03 -9.999000e+03 -9.999000e+03 -9.999000e+03 -9.999000e+03 -9.999000e+03 -9.999000e+03 -9.999000e+03 -9.999000e+03 -9.999000e+03 -9.999000e+03 -9.999000e+03 -9.999000e+03 -9.999000e+03 -9.999000e+03 -9.999000e+03 -9.999000e+03 -9.999000e+03 -9.999000e+03 -9.999000e+03 -9.999000e+03 -9.999000e+03 -9.999000e+03 -9.999000e+03 -9.999000e+03 -9.999000e+03 -9.999000e+03 0.000000e+00 0.000000e+00 0.000000e+00 0.000000e+00 0.000000e+00 0.000000e+00 0.000000e+00 0.000000e+00 0.000000e+00 0.000000e+00 0.000000e+00 0.000000e+00 5.891192e-01 5.913785e-01 5.937239e-01 5.952306e-01 1.043264e+00 1.046815e+00 1.045247e+00 1.038739e+00 1.362001e+00 1.356209e+00 1.386359e+00
-9.999000e+03 -9.999000e+03 -9.999000e+03 -9.999000e+03 -9.999000e+03 -9.999000e+03 -9.999000e+03 -9.999000e+03 -9.999000e+03 -9.999000e+03 -9.999000e+03 -9.999000e+03 -9.999000e+03 -9.999000e+03 -9.999000e+03 -9.999000e+03 -9.999000e+03 -9.999000e+03 -9.999000e+03 -9.999000e+03 -9.999000e+03 -9.999000e+03 -9.999000e+03 -9.999000e+03 -9.999000e+03 -9.999000e+03 -9.999000e+03 -9.999000e+03 -9.999000e+03 -9.999000e+03 0.000000e+00 0.000000e+00 0.000000e+00 0.000000e+00 0.000000e+00 0.000000e+00 0.000000e+00 0.000000e+00 0.000000e+00 0.000000e+00 0.000000e+00 0.000000e+00 0.000000e+00 0.000000e+00 5.917953e-01 5.948334e-01 5.946125e-01 5.903450e-01 1.020924e+00 1.010599e+00 1.027403e+00 1.061395e+00
-9.999000e+03 -9.999000e+03 -9.999000e+03 -9.999000e+03 -9.999000e+03 -9.999000e+03 -9.999000e+03 -9.999000e+03 -9.999000e+03 -9.999000e+03 -9.999000e+03 -9.999000e+03 -9.999000e+03 -9.999000e+03 -9.999000e+03 -9.999000e+03 -9.999000e+03 -9.999000e+03 -9.999000e+03 -9.999000e+03 -9.999000e+03 -9.999000e+03 -9.999000e+03 -9.999000e+03 -9.999000e+03 -9.999000e+03 -9.999000e+03 -9.999000e+03 -9.999000e+03 -9.999000e+03 -9.999000e+03 -9.999000e+03 -9.999000e+03 -9.999000e+03 -9.999000e+03 -9.999000e+03 -9.999000e+03 -9.999000e+03 -9.999000e+03 0.000000e+00 0.000000e+00 0.000000e+00 0.000000e+00 0.000000e+00 0.000000e+00 0.000000e+00 0.000000e+00 5.848188e-01 5.712848e-01 5.765257e-01 5.967752e-01 6.082040e-01
-9.999000e+03 -9.999000e+03 -9.999000e+03 -9.999000e+03 -9.999000e+03 -9.999000e+03 -9.999000e+03 -9.999000e+03 -9.999000e+03 -9.999000e+03 -9.999000e+03 -9.999000e+03 -9.999000e+03 -9.999000e+03 -9.999000e+03 -9.999000e+03 -9.999000e+03 -9.999000e+03 -9.999000e+03 -9.999000e+03 -9.999000e+03 -9.999000e+03 -9.999000e+03 -9.999000e+03 -9.999000e+03 -9.999000e+03 -9.999000e+03 -9.999000e+03 -9.999000e+03 -9.999000e+03 -9.999000e+03 -9.999000e+03 -9.999000e+03 -9.999000e+03 -9.999000e+03 -9.999000e+03 -9.999000e+03 -9.999000e+03 -9.999000e+03 -9.999000e+03 -9.999000e+03 -9.999000e+03 0.000000e+00 0.000000e+00 0.000000e+00 0.000000e+00 0.000000e+00 0.000000e+00 0.000000e+00 0.000000e+00 0.000000e+00 0.000000e+00
-9.999000e+03 -9.999000e+03 -9.999000e+03 -9.999000e+03 -9.999000e+03 -9.999000e+03 -9.999000e+03 -9.999000e+03 -9.999000e+03 -9.999000e+03 -9.999000e+03 -9.999000e+03 -9.999000e+03 -9.999000e+03 -9.999000e+03 -9.999000e+03 -9.999000e+03 -9.999000e+03 -9.999000e+03 -9.999000e+03 -9.999000e+03 -9.999000e+03 -9.999000e+03 -9.999000e+03 -9.999000e+03 -9.999000e+03 -9.999000e+03 -9.999000e+03 -9.999000e+03 -9.999000e+03 -9.999000e+03 -9.999000e+03 -9.999000e+03 -9.999000e+03 -9.999000e+03 -9.999000e+03 -9.999000e+03 -9.999000e+03 -9.999000e+03 -9.999000e+03 -9.999000e+03 -9.999000e+03 -9.999000e+03 -9.999000e+03 -9.999000e+03 0.000000e+00 0.000000e+00 0.000000e+00 0.000000e+00 0.000000e+00 0.000000e+00 0.000000e+00
-9.999000e+03 -9.999000e+03 -9.999000e+03 -9.999000e+03 -9.999000e+03 -9.999000e+03 -9.999000e+03 -9.999000e+03 -9.999000e+03 -9.999000e+03 -9.999000e+03 -9.999000e+03 -9.999000e+03 -9.999000e+03 -9.999000e+03 -9.999000e+03 -9.999000e+03 -9.999000e+03 -9.999000e+03 -9.999000e+03 -9.999000e+03 -9.999000e+03 -9.999000e+03 -9.999000e+03 -9.999000e+03 -9.999000e+03 -9.999000e+03 -9.999000e+03 -9.999000e+03 -9.999000e+03 -9.999000e+03 -9.999000e+03 -9.999000e+03 -9.999000e+03 -9.999000e+03 -9.999000e+03 -9.999000e+03 -9.999000e+03 -9.999000e+03 -9.999000e+03 -9.999000e+03 -9.999000e+03 -9.999000e+03 -9.999000e+03 -9.999000e+03 -9.999000e+03 -9.999000e+03 -9.999000e+03 -9.999000e+03 -9.999000e+03 -9.999000e+03 0.000000e+00
-9.999000e+03 -9.999000e+03 -9.999000e+03 -9.999000e+03 -9.999000e+03 -9.999000e+03 -9.999000e+03 -9.999000e+03 -9.999000e+03 -9.999000e+03 -9.999000e+03 -9.999000e+03 -9.999000e+03 -9.999000e+03 -9.999000e+03 -9.999000e+03 -9.999000e+03 -9.999000e+03 -9.999000e+03 -9.999000e+03 -9.999000e+03 -9.999000e+03 -9.999000e+03 -9.999000e+03 -9.999000e+03 -9.999000e+03 -9.999000e+03 -9.999000e+03 -9.999000e+03 -9.999000e+03 -9.999000e+03 -9.999000e+03 -9.999000e+03 -9.999000e+03 -9.999000e+03 -9.999000e+03 -9.999000e+03 -9.999000e+03 -9.999000e+03 -9.999000e+03 -9.999000e+03 -9.999000e+03 -9.999000e+03 -9.999000e+03 -9.999000e+03 -9.999000e+03 -9.999000e+03 -9.999000e+03 -9.999000e+03 -9.999000e+03 -9.999000e+03 -9.999000e+03
-9.999000e+03 -9.999000e+03 -9.999000e+03 -9.999000e+03 -9.999000e+03 -9.999000e+03 -9.999000e+03 -9.999000e+03 -9.999000e+03 -9.999000e+03 -9.999000e+03 -9.999000e+03 -9.999000e+03 -9.999000e+03 -9.999000e+03 -9.999000e+03 -9.999000e+03 -9.999000e+03 -9.999000e+03 -9.999000e+03 -9.999000e+03 -9.999000e+03 -9.999000e+03 -9.999000e+03 -9.999000e+03 -9.999000e+03 -9.999000e+03 -9.999000e+03 -9.999000e+03 -9.999000e+03 -9.999000e+03 -9.999000e+03 -9.999000e+03 -9.999000e+03 -9.999000e+03 -9.999000e+03 -9.999000e+03 -9.999000e+03 -9.999000e+03 -9.999000e+03 -9.999000e+03 -9.999000e+03 -9.999000e+03 -9.999000e+03 -9.999000e+03 -9.999000e+03 -9.999000e+03 -9.999000e+03 -9.999000e+03 -9.999000e+03 -9.999000e+03 -9.999000e+03
-9.999000e+03 -9.999000e+03 -9.999000e+03 -9.999000e+03 -9.999000e+03 -9.999000e+03 -9.999000e+03 -9.999000e+03 -9.999000e+03 -9.999000e+03 -9.999000e+03 -9.999000e+03 -9.999000e+03 -9.999000e+03 -9.999000e+03 -9.999000e+03 -9.999000e+03 -9.999000e+03 -9.999000e+03 -9.999000e+03 -9.999000e+03 -9.999000e+03 -9.999000e+03 -9.999000e+03 -9.999000e+03 -9.999000e+03 -9.999000e+03 -9.999000e+03 -9.999000e+03 -9.999000e+03 -9.999000e+03 -9.999000e+03 -9.999000e+03 -9.999000e+03 -9.999000e+03 -9.999000e+03 -9.999000e+03 -9.999000e+03 -9.999000e+03 -9.999000e+03 -9.999000e+03 -9.999000e+03 -9.999000e+03 -9.999000e+03 -9.999000e+03 -9.999000e+03 -9.999000e+03 -9.999000e+03 -9.999000e+03 -9.999000e+03 -9.999000e+03 -9.999000e+03
-9.999000e+03 -9.999000e+03 -9.999000e+03 -9.999000e+03 -9.999000e+03 -9.999000e+03 -9.999000e+03 -9.999000e+03 -9.999000e+03 -9.999000e+03 -9.999000e+03 -9.999000e+03 -9.999000e+03 -9.999000e+03 -9.999000e+03 -9.999000e+03 -9.999000e+03 -9.999000e+03 -9.999000e+03 -9.999000e+03 -9.999000e+03 -9.999000e+03 -9.999000e+03 -9.999000e+03 -9.999000e+03 -9.999000e+03 -9.999000e+03 -9.999000e+03 -9.999000e+03 -9.999000e+03 -9.999000e+03 -9.999000e+03 -9.999000e+03 -9.999000e+03 -9.999000e+03 -9.999000e+03 -9.999000e+03 -9.999000e+03 -9.999000e+03 -9.999000e+03 -9.999000e+03 -9.999000e+03 -9.999000e+03 -9.999000e+03 -9.999000e+03 -9.999000e+03 -9.999000e+03 -9.999000e+03 -9.999000e+03 -9.999000e+03 -9.999000e+03 -9.999000e+03
