tests/data/reference/test_stream_rill_mfda_diffusion/control/massbalance.asc
ncols	123
nrows	77
xllcorner	-713746.79929998
yllcorner	-1061022.36961616
cellsize	10.0
NODATA_value	-9999
[rows 23 to 45 of 77, columns 0 to 50 of 123]
-9.999000e+03 -9.999000e+03 -9.999000e+03 -9.999000e+03 -9.999000e+03 -9.999000e+03 -9.999000e+03 -9.999000e+03 -9.999000e+03 -9.999000e+03 -9.999000e+03 -9.999000e+03 -9.999000e+03 -9.999000e+03 -9.999000e+03 -9.999000e+03 -8.881784e-16 -1.776357e-15 -8.881784e-16 -4.440892e-16 -2.220446e-16 -1.951683e-11 -8.881784e-16 -1.776357e-15 6.661338e-16 -3.552714e-15 0.000000e+00 5.329071e-15 0.000000e+00 -1.776357e-15 -2.220446e-15 -4.440892e-16 8.881784e-16 -1.776357e-15 -8.881784e-16 -3.996803e-15 -2.220446e-15 -1.776357e-15 -8.881784e-16 -3.108624e-15 -1.776357e-15 -4.440892e-16 1.332268e-15 -1.243450e-14 0.000000e+00 -6.661338e-16 1.110223e-15 4.440892e-16 5.329071e-15 4.440892e-15 2.664535e-15
-9.999000e+03 -9.999000e+03 -9.999000e+03 -9.999000e+03 -9.999000e+03 -9.999000e+03 -9.999000e+03 -9.999000e+03 -9.999000e+03 -9.999000e+03 -9.999000e+03 -9.999000e+03 -9.999000e+03 -9.999000e+03 -9.999000e+03 -2.664535e-15 1.776357e-15 -1.776357e-15 6.661338e-16 -1.110223e-15 4.236655e-11 1.832112e-11 -5.329071e-15 -1.110223e-15 8.881784e-16 -1.332268e-15 0.000000e+00 -4.440892e-15 4.440892e-15 5.329071e-15 5.329071e-15 2.664535e-15 1.776357e-15 -8.881784e-16 1.776357e-15 4.440892e-15 1.776357e-15 -8.881784e-16 0.000000e+00 3.552714e-15 8.881784e-16 1.776357e-15 8.881784e-16 0.000000e+00 3.552714e-15 2.220446e-16 -2.220446e-16 -2.664535e-15 1.332268e-15 -2.664535e-15 -2.664535e-15
-9.999000e+03 -9.999000e+03 -9.999000e+03 -9.999000e+03 -9.999000e+03 -9.999000e+03 -9.999000e+03 -9.999000e+03 -9.999000e+03 -9.999000e+03 -9.999000e+03 -9.999000e+03 -9.999000e+03 -9.999000e+03 -9.999000e+03 6.661338e-16 8.881784e-16 -6.661338e-16 -4.440892e-16 2.220446e-16 2.524203e-11 0.000000e+00 -4.440892e-15 1.776357e-15 1.776357e-15 0.000000e+00 4.440892e-16 -8.881784e-16 0.000000e+00 -6.217249e-15 -1.243450e-14 -9.769963e-15 -2.664535e-15 3.552714e-15 1.332268e-15 2.220446e-15 0.000000e+00 3.108624e-15 8.881784e-16 0.000000e+00 -8.881784e-16 4.440892e-16 0.000000e+00 -1.776357e-15 -1.776357e-15 -2.664535e-15 8.881784e-16 1.332268e-15 3.108624e-15 -2.220446e-15 0.000000e+00
-9.999000e+03 -9.999000e+03 -9.999000e+03 -9.999000e+03 -9.999000e+03 -9.999000e+03 -9.999000e+03 -9.999000e+03 -9.999000e+03 -9.999000e+03 -9.999000e+03 -9.999000e+03 -9.999000e+03 -9.999000e+03 -9.999000e+03 -1.110223e-15 -2.220446e-16 -6.661338e-16 -4.440892e-16 -2.740919e-12 -1.110223e-15 -6.217249e-15 -4.440892e-15 1.332268e-15 -8.881784e-16 -1.776357e-15 -4.440892e-15 -3.108624e-15 -1.776357e-15 -1.776357e-15 -4.440892e-15 1.776357e-15 8.881784e-15 8.881784e-16 -6.661338e-15 8.881784e-16 0.000000e+00 0.000000e+00 -8.881784e-16 2.220446e-15 2.664535e-15 1.776357e-15 -2.664535e-15 1.332268e-15 8.881784e-15 8.881784e-15 4.440892e-15 -2.220446e-15 -8.881784e-16 -8.881784e-16 -4.440892e-16
-9.999000e+03 -9.999000e+03 -9.999000e+03 -9.999000e+03 -9.999000e+03 -9.999000e+03 -9.999000e+03 -9.999000e+03 -9.999000e+03 -9.999000e+03 -9.999000e+03 -9.999000e+03 -9.999000e+03 -9.999000e+03 -9.999000e+03 -9.999000e+03 -1.332268e-15 -8.881784e-16 4.858780e-11 -1.110223e-15 4.440892e-15 0.000000e+00 -9.769963e-15 -5.329071e-15 -1.776357e-15 -5.329071e-15 -1.776357e-15 3.552714e-15 8.881784e-16 -4.440892e-15 -7.105427e-15 8.881784e-16 0.000000e+00 -8.881784e-16 -7.105427e-15 -1.776357e-15 -2.664535e-15 8.881784e-16 -2.664535e-15 0.000000e+00 4.884981e-15 8.881784e-16 8.881784e-16 3.108624e-15 8.881784e-16 7.105427e-15 0.000000e+00 4.440892e-15 2.664535e-15 4.440892e-16 1.332268e-15
-9.999000e+03 -9.999000e+03 -9.999000e+03 -9.999000e+03 -9.999000e+03 -9.999000e+03 -9.999000e+03 -9.999000e+03 -9.999000e+03 -9.999000e+03 -9.999000e+03 -9.999000e+03 -9.999000e+03 -9.999000e+03 -9.999000e+03 -9.999000e+03 -9.999000e+03 -2.971690e-11 4.078782e-11 7.105427e-15 -1.110223e-15 -8.881784e-16 -7.993606e-15 -1.243450e-14 -7.105427e-15 -5.329071e-15 0.000000e+00 -4.440892e-15 -3.552714e-15 -2.664535e-15 6.217249e-15 1.776357e-15 -4.440892e-15 -1.776357e-15 -7.993606e-15 0.000000e+00 0.000000e+00 0.000000e+00 -1.776357e-15 0.000000e+00 -1.332268e-15 -1.332268e-15 0.000000e+00 -4.440892e-16 1.776357e-15 1.776357e-15 1.776357e-15 1.776357e-15 -2.664535e-15 8.881784e-16 8.881784e-16
-9.999000e+03 -9.999000e+03 -9.999000e+03 -9.999000e+03 -9.999000e+03 -9.999000e+03 -9.999000e+03 -9.999000e+03 -9.999000e+03 -9.999000e+03 -9.999000e+03 -9.999000e+03 -9.999000e+03 -9.999000e+03 -9.999000e+03 -9.999000e+03 -9.999000e+03 3.286860e-11 -4.440892e-16 -4.440892e-15 1.776357e-15 -1.776357e-15 -4.440892e-15 -3.108624e-15 0.000000e+00 1.065814e-14 3.552714e-15 -3.552714e-15 2.131628e-14 1.421085e-14 8.881784e-16 -8.881784e-15 -8.881784e-16 -5.329071e-15 1.776357e-15 -2.664535e-15 1.776357e-15 -2.664535e-15 -1.776357e-15 -1.776357e-15 -8.881784e-16 -8.881784e-16 -1.332268e-15 -2.664535e-15 -1.776357e-15 1.776357e-15 1.776357e-15 -2.664535e-15 -3.552714e-15 4.440892e-15 8.881784e-16
-9.999000e+03 -9.999000e+03 -9.999000e+03 -9.999000e+03 -9.999000e+03 -9.999000e+03 -9.999000e+03 -9.999000e+03 -9.999000e+03 -9.999000e+03 -9.999000e+03 -9.999000e+03 -9.999000e+03 -9.999000e+03 -9.999000e+03 -9.999000e+03 -9.999000e+03 -2.220446e-16 2.220446e-16 8.881784e-16 -3.552714e-15 -3.552714e-15 -1.776357e-15 -1.332268e-15 -2.220446e-15 8.881784e-16 8.881784e-16 -5.329071e-15 -1.065814e-14 7.105427e-15 -3.552714e-15 0.000000e+00 -8.881784e-15 8.881784e-16 1.776357e-15 3.143512e-10 6.862102e-10 -5.375384e-09 -2.140474e-09 -1.429676e-09 9.236061e-10 6.232383e-10 0.000000e+00 -4.440892e-16 -8.881784e-16 1.776357e-15 1.776357e-15 -3.552714e-15 0.000000e+00 1.776357e-15 0.000000e+00
-9.999000e+03 -9.999000e+03 -9.999000e+03 -9.999000e+03 -9.999000e+03 -9.999000e+03 -9.999000e+03 -9.999000e+03 -9.999000e+03 -9.999000e+03 -9.999000e+03 -9.999000e+03 -9.999000e+03 -9.999000e+03 -9.999000e+03 -9.999000e+03 -9.999000e+03 -2.220446e-16 4.440892e-16 -3.552714e-15 -3.552714e-15 4.440892e-16 -2.220446e-15 -1.332268e-15 -1.776357e-15 -2.664535e-15 -1.332268e-15 -3.552714e-15 -8.881784e-16 -3.996803e-15 -1.421085e-14 1.776357e-14 -2.131628e-14 1.421085e-14 -4.943601e-11 -4.593232e-10 -9.058994e-10 -1.116788e-09 -4.171248e-09 1.655216e-09 -3.763780e-09 6.260670e-09 -3.268049e-09 7.446324e-09 1.383273e-08 0.000000e+00 -8.881784e-16 -2.664535e-15 -4.440892e-15 3.552714e-15 1.776357e-15
-9.999000e+03 -9.999000e+03 -9.999000e+03 -9.999000e+03 -9.999000e+03 -9.999000e+03 -9.999000e+03 -9.999000e+03 -9.999000e+03 -9.999000e+03 -9.999000e+03 -9.999000e+03 -9.999000e+03 -9.999000e+03 -9.999000e+03 -9.999000e+03 2.220446e-16 2.220446e-16 8.881784e-16 -8.881784e-16 0.000000e+00 -8.881784e-16 -4.440892e-15 -8.881784e-16 -1.776357e-15 4.440892e-16 -1.332268e-15 1.332268e-15 1.332268e-15 -2.664535e-15 2.664535e-15 5.329071e-15 3.552714e-15 -7.105427e-15 7.105427e-15 -1.776357e-15 3.108624e-15 -1.776357e-15 0.000000e+00 -4.440892e-16 3.108624e-15 1.332268e-15 -4.955460e-09 1.027604e-08 9.224955e-09 1.411982e-08 1.278856e-09 -4.496165e-09 3.035083e-10 7.105427e-15 5.329071e-15
-9.999000e+03 -9.999000e+03 -9.999000e+03 -9.999000e+03 -9.999000e+03 -9.999000e+03 -9.999000e+03 -9.999000e+03 -9.999000e+03 -9.999000e+03 -9.999000e+03 -9.999000e+03 -9.999000e+03 -9.999000e+03 -9.999000e+03 -3.330669e-16 -2.220446e-16 -1.332268e-15 0.000000e+00 -1.776357e-15 0.000000e+00 0.000000e+00 -1.776357e-15 -8.881784e-16 -8.881784e-16 -4.440892e-16 2.220446e-15 0.000000e+00 -1.332268e-15 -2.664535e-15 -3.552714e-15 -1.332268e-15 3.552714e-15 -1.776357e-15 0.000000e+00 1.776357e-15 8.881784e-16 -3.108624e-15 -1.776357e-15 -8.881784e-16 -8.881784e-16 -1.776357e-15 -1.776357e-15 -2.664535e-15 -8.881784e-16 6.271677e-10 -9.896453e-09 -6.701633e-09 2.748205e-08 6.396810e-09 -1.869821e-08
-9.999000e+03 -9.999000e+03 -9.999000e+03 -9.999000e+03 -9.999000e+03 -9.999000e+03 -9.999000e+03 -9.999000e+03 -9.999000e+03 -9.999000e+03 -9.999000e+03 -9.999000e+03 -9.999000e+03 -9.999000e+03 -9.999000e+03 6.661338e-16 -2.220446e-16 2.664535e-15 0.000000e+00 2.220446e-15 3.108624e-15 1.776357e-15 -1.332268e-15 8.881784e-16 1.332268e-15 -3.552714e-15 1.776357e-15 1.332268e-15 3.552714e-15 -4.440892e-16 1.776357e-15 -1.776357e-15 3.996803e-15 4.440892e-16 0.000000e+00 0.000000e+00 1.332268e-15 3.552714e-15 2.664535e-15 1.332268e-15 -1.776357e-15 3.996803e-15 1.776357e-15 -2.664535e-15 0.000000e+00 -1.332268e-15 -3.552714e-15 -8.881784e-16 2.220446e-15 -2.886897e-08 -5.027374e-10
-9.999000e+03 -9.999000e+03 -9.999000e+03 -9.999000e+03 -9.999000e+03 -9.999000e+03 -9.999000e+03 -9.999000e+03 -9.999000e+03 -9.999000e+03 -9.999000e+03 -9.999000e+03 -9.999000e+03 -9.999000e+03 2.220446e-16 -4.440892e-16 4.440892e-16 3.108624e-15 2.220446e-15 -8.881784e-16 0.000000e+00 2.664535e-15 8.881784e-16 -8.881784e-16 2.220446e-15 -2.664535e-15 4.440892e-16 -1.332268e-15 4.440892e-16 0.000000e+00 1.776357e-15 -4.440892e-16 2.220446e-15 -8.881784e-16 1.332268e-15 4.440892e-16 -2.664535e-15 -8.881784e-16 8.881784e-16 2.664535e-15 -4.440892e-16 0.000000e+00 1.332268e-15 -2.220446e-15 1.332268e-15 0.000000e+00 -8.881784e-16 -3.108624e-15 -4.440892e-16 0.000000e+00 -6.217249e-15
-9.999000e+03 -9.999000e+03 -9.999000e+03 -9.999000e+03 -9.999000e+03 -9.999000e+03 -9.999000e+03 -9.999000e+03 -9.999000e+03 -9.999000e+03 -9.999000e+03 -9.999000e+03 -9.999000e+03 -6.661338e-16 -2.220446e-16 -2.664535e-15 0.000000e+00 -2.220446e-15 3.996803e-15 1.776357e-15 0.000000e+00 4.440892e-16 8.881784e-16 3.552714e-15 -1.776357e-15 1.332268e-15 0.000000e+00 2.664535e-15 2.220446e-15 0.000000e+00 -8.881784e-16 8.881784e-16 8.881784e-16 -4.440892e-16 1.332268e-15 4.884981e-15 0.000000e+00 -8.881784e-16 -1.332268e-15 0.000000e+00 -4.440892e-16 0.000000e+00 3.108624e-15 -2.664535e-15 -1.332268e-15 4.440892e-16 8.881784e-16 8.881784e-16 -4.440892e-16 1.776357e-15 -8.881784e-16
-9.999000e+03 -9.999000e+03 -9.999000e+03 -9.999000e+03 -9.999000e+03 -9.999000e+03 -9.999000e+03 -9.999000e+03 -9.999000e+03 -9.999000e+03 -9.999000e+03 -9.999000e+03 -9.999000e+03 -2.220446e-16 2.220446e-16 4.440892e-15 -1.332268e-15 -2.664535e-15 1.776357e-15 0.000000e+00 0.000000e+00 2.664535e-15 -1.776357e-15 3.108624e-15 -1.332268e-15 1.332268e-15 2.664535e-15 -3.108624e-15 8.881784e-16 8.881784e-16 8.881784e-16 -4.440892e-16 0.000000e+00 0.000000e+00 0.000000e+00 1.332268e-15 0.000000e+00 3.996803e-15 1.332268e-15 0.000000e+00 -4.440892e-16 4.440892e-16 4.440892e-16 4.440892e-16 0.000000e+00 1.776357e-15 -2.220446e-15 0.000000e+00 -4.440892e-16 -8.881784e-16 -8.881784e-16
-9.999000e+03 -9.999000e+03 -9.999000e+03 -9.999000e+03 -9.999000e+03 -9.999000e+03 -9.999000e+03 -9.999000e+03 -9.999000e+03 -9.999000e+03 -9.999000e+03 -9.999000e+03 2.220446e-16 -2.220446e-16 -8.881784e-16 0.000000e+00 1.776357e-15 -8.881784e-16 2.220446e-15 2.220446e-15 -1.776357e-15 2.664535e-15 2.664535e-15 1.776357e-15 -8.881784e-16 0.000000e+00 1.776357e-15 2.220446e-15 3.552714e-15 -8.881784e-16 1.776357e-15 1.332268e-15 0.000000e+00 4.440892e-16 -1.332268e-15 4.440892e-16 8.881784e-16 -4.440892e-16 8.881784e-16 2.220446e-16 -2.220446e-16 -2.220446e-16 -4.440892e-16 2.220446e-16 -8.881784e-16 1.332268e-15 1.332268e-15 8.881784e-16 1.776357e-15 4.440892e-16 1.776357e-15
-9.999000e+03 -9.999000e+03 -9.999000e+03 -9.999000e+03 -9.999000e+03 -9.999000e+03 -9.999000e+03 -9.999000e+03 -9.999000e+03 -9.999000e+03 -9.999000e+03 0.000000e+00 -6.661338e-16 -4.440892e-16 3.108624e-15 4.440892e-16 0.000000e+00 4.440892e-16 -2.220446e-15 1.776357e-15 -2.664535e-15 4.440892e-16 4.440892e-16 -8.881784e-16 8.881784e-16 -1.332268e-15 0.000000e+00 0.000000e+00 2.220446e-15 1.776357e-15 1.776357e-15 1.332268e-15 -4.440892e-16 2.664535e-15 1.332268e-15 -8.881784e-16 2.220446e-16 -2.220446e-16 6.661338e-16 6.661338e-16 0.000000e+00 0.000000e+00 -6.661338e-16 -2.220446e-16 -2.220446e-16 0.000000e+00 0.000000e+00 -4.440892e-16 -4.440892e-16 -1.776357e-15 0.000000e+00
-9.999000e+03 -9.999000e+03 -9.999000e+03 -9.999000e+03 -9.999000e+03 -9.999000e+03 -9.999000e+03 -9.999000e+03 -9.999000e+03 -9.999000e+03 -9.999000e+03 6.661338e-16 -4.440892e-16 -4.440892e-16 8.881784e-16 0.000000e+00 0.000000e+00 1.332268e-15 1.776357e-15 2.220446e-15 -8.881784e-16 -1.332268e-15 -4.440892e-16 1.776357e-15 4.440892e-16 2.664535e-15 2.220446e-15 1.776357e-15 -1.776357e-15 -1.332268e-15 -1.332268e-15 1.776357e-15 4.440892e-16 -2.220446e-16 2.220446e-16 2.220446e-16 -4.440892e-16 2.220446e-16 -2.220446e-16 -4.440892e-16 -1.332268e-15 0.000000e+00 -1.332268e-15 4.440892e-16 2.220446e-16 1.110223e-15 2.220446e-16 -2.220446e-16 8.881784e-16 -1.776357e-14 -3.552714e-15
-9.999000e+03 -9.999000e+03 -9.999000e+03 -9.999000e+03 -9.999000e+03 -9.999000e+03 -9.999000e+03 -9.999000e+03 -9.999000e+03 -9.999000e+03 -4.440892e-16 1.332268e-15 1.110223e-15 -8.881784e-16 -8.881784e-16 1.776357e-15 -2.664535e-15 -1.776357e-15 8.881784e-16 1.332268e-15 8.881784e-16 8.881784e-16 -4.440892e-16 1.776357e-15 -2.220446e-15 1.776357e-15 1.776357e-15 -8.881784e-16 1.332268e-15 4.440892e-15 8.881784e-16 -4.440892e-16 -2.220446e-16 -2.220446e-16 2.220446e-16 -6.661338e-16 -4.440892e-16 0.000000e+00 4.440892e-16 1.332268e-15 4.440892e-16 -8.881784e-16 0.000000e+00 -4.440892e-16 1.332268e-15 4.440892e-16 2.220446e-16 6.661338e-16 3.197442e-14 1.065814e-14 2.220446e-15
-9.999000e+03 -9.999000e+03 -9.999000e+03 -9.999000e+03 -9.999000e+03 -9.999000e+03 -9.999000e+03 -9.999000e+03 -9.999000e+03 -9.999000e+03 2.220446e-16 -6.661338e-16 2.220446e-15 2.664535e-15 -8.881784e-16 5.329071e-15 1.776357e-15 1.332268e-15 0.000000e+00 -1.332268e-15 0.000000e+00 1.776357e-15 3.108624e-15 -1.776357e-15 -2.220446e-15 8.881784e-16 8.881784e-16 -1.776357e-15 -8.881784e-16 -8.881784e-16 -2.220446e-16 6.661338e-16 0.000000e+00 -4.440892e-16 -8.881784e-16 -8.881784e-16 1.776357e-15 8.881784e-16 8.881784e-16 -1.332268e-15 -8.881784e-16 -1.332268e-15 -2.131628e-14 1.776357e-14 1.332268e-15 4.440892e-16 3.552714e-15 -3.552714e-15 -3.552714e-15 -3.552714e-15 8.881784e-16
-9.999000e+03 -9.999000e+03 -9.999000e+03 -9.999000e+03 -9.999000e+03 -9.999000e+03 -9.999000e+03 -9.999000e+03 -9.999000e+03 -6.661338e-16 0.000000e+00 8.881784e-16 8.881784e-16 8.881784e-16 0.000000e+00 8.881784e-16 -1.776357e-15 1.332268e-15 4.440892e-16 1.332268e-15 0.000000e+00 -1.332268e-15 4.440892e-15 2.220446e-15 -8.881784e-16 2.220446e-15 0.000000e+00 3.552714e-15 4.440892e-16 -1.776357e-15 2.220446e-16 8.881784e-16 8.881784e-16 1.776357e-15 -1.776357e-15 -1.953993e-14 0.000000e+00 1.243450e-14 3.552714e-15 1.776357e-15 7.105427e-15 3.552714e-15 0.000000e+00 -7.105427e-15 3.197442e-14 2.131628e-14 3.552714e-15 3.552714e-15 3.552714e-15 8.881784e-16 -1.332268e-15
-9.999000e+03 -9.999000e+03 -9.999000e+03 -9.999000e+03 -9.999000e+03 -9.999000e+03 -9.999000e+03 -9.999000e+03 6.661338e-16 6.661338e-16 4.440892e-16 4.440892e-16 1.776357e-15 4.440892e-16 2.664535e-15 2.664535e-15 -4.440892e-16 2.220446e-15 -8.881784e-16 -8.881784e-16 4.440892e-16 -1.776357e-15 0.000000e+00 2.664535e-15 0.000000e+00 1.776357e-15 4.440892e-16 2.664535e-15 1.776357e-15 1.332268e-15 3.552714e-15 -2.664535e-15 5.329071e-15 4.440892e-15 1.598721e-14 3.552714e-15 1.598721e-14 1.065814e-14 1.421085e-14 -8.881784e-15 7.105427e-15 -3.552714e-15 1.776357e-15 4.440892e-15 1.776357e-14 -1.421085e-14 7.105427e-15 4.440892e-16 8.881784e-16 2.220446e-15 1.776357e-15
-9.999000e+03 -9.999000e+03 -9.999000e+03 -9.999000e+03 -9.999000e+03 -9.999000e+03 -9.999000e+03 -9.999000e+03 -6.661338e-16 2.220446e-16 -6.661338e-16 4.440892e-16 8.881784e-16 -1.776357e-15 -1.332268e-15 8.881784e-16 -1.332268e-15 2.664535e-15 0.000000e+00 1.332268e-15 -2.220446e-15 8.881784e-16 -2.220446e-15 2.664535e-15 1.776357e-15 -1.776357e-15 0.000000e+00 -2.664535e-15 8.881784e-16 8.881784e-16 3.552714e-15 8.881784e-16 1.776357e-15 -1.776357e-15 -1.243450e-14 0.000000e+00 -3.996803e-15 4.440892e-16 -2.664535e-15 -1.776357e-15 1.776357e-15 -1.776357e-15 -3.996803e-15 8.881784e-16 1.332268e-15 -3.552714e-15 1.776357e-15 3.552714e-15 -1.776357e-15 -2.664535e-15 -8.881784e-16
