tests/data/reference/test_stream_rill_mfda_diffusion/control/massbalance.asc
ncols	123
nrows	77
xllcorner	-713746.79929998
yllcorner	-1061022.36961616
cellsize	10.0
NODATA_value	-9999
[rows 23 to 45 of 77, columns 0 to 50 of 123]
-9.999000e+03 -9.999000e+03 -9.999000e+03 -9.999000e+03 -9.999000e+03 -9.999000e+03 -9.999000e+03 -9.999000e+03 -9.999000e+03 -9.999000e+03 -9.999000e+03 -9.999000e+03 -9.999000e+03 -9.999000e+03 -9.999000e+03 -9.999000e+03 2.664535e-15 1.332268e-15 0.000000e+00 1.110223e-15 0.000000e+00 5.178080e-12 -8.881784e-16 8.881784e-16 8.881784e-16 -3.552714e-15 1.776357e-15 0.000000e+00 8.881784e-15 -1.776357e-15 -1.332268e-15 -8.881784e-16 4.440892e-16 -8.881784e-16 -2.664535e-15 -3.552714e-15 -4.440892e-15 -3.108624e-15 -2.220446e-15 -4.440892e-15 1.332268e-15 -2.664535e-15 3.552714e-15 1.065814e-14 8.881784e-15 -6.661338e-16 1.110223e-15 4.440892e-16 1.776357e-15 -1.776357e-15 1.776357e-15
-9.999000e+03 -9.999000e+03 -9.999000e+03 -9.999000e+03 -9.999000e+03 -9.999000e+03 -9.999000e+03 -9.999000e+03 -9.999000e+03 -9.999000e+03 -9.999000e+03 -9.999000e+03 -9.999000e+03 -9.999000e+03 -9.999000e+03 8.881784e-16 -4.440892e-16 8.881784e-16 1.110223e-15 -1.110223e-15 -2.449507e-11 -1.965317e-12 -8.881784e-16 -4.440892e-16 0.000000e+00 -1.776357e-15 5.329071e-15 -1.776357e-15 -2.664535e-15 3.552714e-15 3.552714e-15 3.552714e-15 8.881784e-16 -2.664535e-15 -2.664535e-15 5.773160e-15 1.332268e-15 -3.552714e-15 4.440892e-15 3.552714e-15 0.000000e+00 -1.776357e-15 8.881784e-16 1.065814e-14 1.776357e-15 2.220446e-16 -2.220446e-16 -2.664535e-15 1.332268e-15 -4.884981e-15 8.881784e-16
-9.999000e+03 -9.999000e+03 -9.999000e+03 -9.999000e+03 -9.999000e+03 -9.999000e+03 -9.999000e+03 -9.999000e+03 -9.999000e+03 -9.999000e+03 -9.999000e+03 -9.999000e+03 -9.999000e+03 -9.999000e+03 -9.999000e+03 1.332268e-15 8.881784e-16 -2.220446e-16 0.000000e+00 2.220446e-16 -3.015810e-11 4.440892e-15 -4.440892e-15 0.000000e+00 1.332268e-15 8.881784e-16 2.220446e-15 8.881784e-16 1.776357e-15 5.329071e-15 1.776357e-15 -1.776357e-15 -3.996803e-15 -8.881784e-16 0.000000e+00 2.220446e-15 -4.440892e-15 0.000000e+00 4.440892e-16 -1.776357e-15 -8.881784e-16 -8.881784e-16 -4.440892e-16 0.000000e+00 -1.953993e-14 -5.329071e-15 -4.440892e-16 1.332268e-15 2.220446e-15 -2.220446e-15 2.664535e-15
-9.999000e+03 -9.999000e+03 -9.999000e+03 -9.999000e+03 -9.999000e+03 -9.999000e+03 -9.999000e+03 -9.999000e+03 -9.999000e+03 -9.999000e+03 -9.999000e+03 -9.999000e+03 -9.999000e+03 -9.999000e+03 -9.999000e+03 -6.661338e-16 0.000000e+00 1.554312e-15 0.000000e+00 -5.540590e-11 -1.110223e-15 -7.993606e-15 0.000000e+00 8.881784e-16 4.440892e-15 4.440892e-16 2.664535e-15 -1.332268e-15 -1.776357e-15 8.881784e-16 -2.664535e-15 0.000000e+00 -5.329071e-15 4.440892e-15 -4.440892e-15 -8.881784e-16 -4.440892e-16 -1.776357e-15 -4.440892e-15 -8.881784e-16 -1.332268e-15 -3.996803e-15 8.881784e-16 0.000000e+00 -3.552714e-15 1.776357e-14 4.440892e-15 4.440892e-16 -1.332268e-15 -4.440892e-16 -1.776357e-15
-9.999000e+03 -9.999000e+03 -9.999000e+03 -9.999000e+03 -9.999000e+03 -9.999000e+03 -9.999000e+03 -9.999000e+03 -9.999000e+03 -9.999000e+03 -9.999000e+03 -9.999000e+03 -9.999000e+03 -9.999000e+03 -9.999000e+03 -9.999000e+03 2.220446e-16 -8.881784e-16 -1.039462e-10 -8.881784e-16 -1.776357e-15 -2.220446e-16 7.993606e-15 0.000000e+00 1.776357e-15 -5.329071e-15 -4.440892e-16 1.776357e-15 3.552714e-15 1.776357e-15 -5.329071e-15 -1.776357e-15 -3.552714e-15 9.769963e-15 -1.776357e-15 0.000000e+00 0.000000e+00 3.552714e-15 1.776357e-15 2.664535e-15 4.440892e-15 -4.440892e-16 3.552714e-15 -8.881784e-16 1.332268e-15 1.065814e-14 -1.243450e-14 0.000000e+00 8.881784e-16 0.000000e+00 4.440892e-16
-9.999000e+03 -9.999000e+03 -9.999000e+03 -9.999000e+03 -9.999000e+03 -9.999000e+03 -9.999000e+03 -9.999000e+03 -9.999000e+03 -9.999000e+03 -9.999000e+03 -9.999000e+03 -9.999000e+03 -9.999000e+03 -9.999000e+03 -9.999000e+03 -9.999000e+03 -1.071803e-10 -8.296475e-12 3.108624e-15 -2.220446e-16 2.664535e-15 -4.440892e-15 -7.105427e-15 -7.105427e-15 -1.598721e-14 1.776357e-14 0.000000e+00 0.000000e+00 -8.881784e-16 4.440892e-15 5.329071e-15 0.000000e+00 3.552714e-15 -8.881784e-16 6.217249e-15 4.440892e-15 3.552714e-15 -2.664535e-15 -1.776357e-15 0.000000e+00 -1.332268e-15 8.881784e-16 8.881784e-16 1.776357e-15 -1.776357e-15 -1.243450e-14 7.105427e-15 -1.776357e-15 -4.440892e-16 0.000000e+00
-9.999000e+03 -9.999000e+03 -9.999000e+03 -9.999000e+03 -9.999000e+03 -9.999000e+03 -9.999000e+03 -9.999000e+03 -9.999000e+03 -9.999000e+03 -9.999000e+03 -9.999000e+03 -9.999000e+03 -9.999000e+03 -9.999000e+03 -9.999000e+03 -9.999000e+03 -2.606959e-11 -6.661338e-16 0.000000e+00 2.664535e-15 3.552714e-15 8.881784e-15 0.000000e+00 8.881784e-16 -1.776357e-15 -1.421085e-14 -3.552714e-15 7.105427e-15 0.000000e+00 7.105427e-15 8.881784e-16 0.000000e+00 2.664535e-15 0.000000e+00 2.664535e-15 6.217249e-15 -1.776357e-15 -1.776357e-15 1.776357e-15 3.552714e-15 -2.664535e-15 -8.881784e-16 -4.440892e-15 -4.440892e-15 8.881784e-16 4.440892e-15 4.440892e-15 -1.065814e-14 2.664535e-15 -3.108624e-15
-9.999000e+03 -9.999000e+03 -9.999000e+03 -9.999000e+03 -9.999000e+03 -9.999000e+03 -9.999000e+03 -9.999000e+03 -9.999000e+03 -9.999000e+03 -9.999000e+03 -9.999000e+03 -9.999000e+03 -9.999000e+03 -9.999000e+03 -9.999000e+03 -9.999000e+03 0.000000e+00 2.220446e-16 2.220446e-15 -3.552714e-15 2.664535e-15 4.440892e-16 -4.440892e-16 -1.332268e-15 7.105427e-15 5.329071e-15 1.776357e-14 -2.131628e-14 -1.065814e-14 -1.065814e-14 2.486900e-14 -1.776357e-15 3.552714e-15 8.881784e-16 2.541647e-10 -9.064109e-10 6.400690e-09 8.835883e-10 2.194803e-09 -5.052314e-10 -1.269663e-08 2.664535e-15 8.881784e-16 2.664535e-15 2.664535e-15 0.000000e+00 -5.329071e-15 -8.881784e-16 7.105427e-15 1.776357e-15
-9.999000e+03 -9.999000e+03 -9.999000e+03 -9.999000e+03 -9.999000e+03 -9.999000e+03 -9.999000e+03 -9.999000e+03 -9.999000e+03 -9.999000e+03 -9.999000e+03 -9.999000e+03 -9.999000e+03 -9.999000e+03 -9.999000e+03 -9.999000e+03 -9.999000e+03 -2.220446e-16 4.440892e-16 -1.776357e-15 -1.776357e-15 8.881784e-16 8.881784e-16 8.881784e-16 -2.664535e-15 -1.332268e-15 -8.881784e-16 -2.220446e-15 4.440892e-16 -3.552714e-15 3.552714e-14 -1.065814e-14 0.000000e+00 -3.552714e-15 2.486900e-14 -4.595080e-11 -2.026596e-09 3.237098e-09 -5.991723e-09 3.106855e-09 1.074120e-09 -5.866255e-09 5.262208e-09 7.954718e-09 -6.859565e-09 1.776357e-15 1.776357e-15 -1.776357e-15 -2.664535e-15 1.776357e-15 5.329071e-15
-9.999000e+03 -9.999000e+03 -9.999000e+03 -9.999000e+03 -9.999000e+03 -9.999000e+03 -9.999000e+03 -9.999000e+03 -9.999000e+03 -9.999000e+03 -9.999000e+03 -9.999000e+03 -9.999000e+03 -9.999000e+03 -9.999000e+03 -9.999000e+03 2.220446e-16 2.220446e-16 8.881784e-16 -8.881784e-16 1.332268e-15 8.881784e-16 -1.776357e-15 1.776357e-15 -1.332268e-15 3.552714e-15 8.881784e-16 2.220446e-15 2.220446e-15 2.664535e-15 1.776357e-15 7.105427e-15 1.421085e-14 1.065814e-14 -3.552714e-15 5.329071e-15 8.881784e-16 -4.440892e-16 8.881784e-16 1.776357e-15 5.329071e-15 1.332268e-15 -5.362672e-09 4.112913e-09 -1.432693e-08 1.173947e-08 2.728903e-09 1.127998e-08 -7.357464e-09 5.329071e-15 -1.776357e-15
-9.999000e+03 -9.999000e+03 -9.999000e+03 -9.999000e+03 -9.999000e+03 -9.999000e+03 -9.999000e+03 -9.999000e+03 -9.999000e+03 -9.999000e+03 -9.999000e+03 -9.999000e+03 -9.999000e+03 -9.999000e+03 -9.999000e+03 -3.330669e-16 -2.220446e-16 -1.332268e-15 -8.881784e-16 -1.332268e-15 -8.881784e-16 -1.332268e-15 8.881784e-16 -8.881784e-16 -2.220446e-15 0.000000e+00 -4.440892e-16 -8.881784e-16 -2.220446e-15 -3.996803e-15 -2.664535e-15 1.776357e-15 8.881784e-16 -2.664535e-15 -8.881784e-16 2.664535e-15 0.000000e+00 -2.664535e-15 -2.220446e-15 -4.440892e-16 1.776357e-15 -1.776357e-15 2.664535e-15 -2.664535e-15 0.000000e+00 8.763550e-10 1.006619e-09 -4.403162e-10 2.799970e-08 -7.583402e-09 8.999521e-10
-9.999000e+03 -9.999000e+03 -9.999000e+03 -9.999000e+03 -9.999000e+03 -9.999000e+03 -9.999000e+03 -9.999000e+03 -9.999000e+03 -9.999000e+03 -9.999000e+03 -9.999000e+03 -9.999000e+03 -9.999000e+03 -9.999000e+03 6.661338e-16 -2.220446e-16 4.440892e-16 -8.881784e-16 1.332268e-15 8.881784e-16 8.881784e-16 -8.881784e-16 0.000000e+00 -1.332268e-15 -2.664535e-15 -8.881784e-16 4.440892e-16 3.108624e-15 -8.881784e-16 0.000000e+00 -8.881784e-16 -4.440892e-16 -4.440892e-16 0.000000e+00 -8.881784e-16 0.000000e+00 8.881784e-16 -4.440892e-16 0.000000e+00 8.881784e-16 4.440892e-16 2.220446e-15 4.440892e-16 1.332268e-15 0.000000e+00 -8.881784e-16 2.664535e-15 1.776357e-15 -1.589567e-08 -6.795432e-09
-9.999000e+03 -9.999000e+03 -9.999000e+03 -9.999000e+03 -9.999000e+03 -9.999000e+03 -9.999000e+03 -9.999000e+03 -9.999000e+03 -9.999000e+03 -9.999000e+03 -9.999000e+03 -9.999000e+03 -9.999000e+03 2.220446e-16 -4.440892e-16 4.440892e-16 8.881784e-16 4.440892e-16 0.000000e+00 -1.776357e-15 1.776357e-15 -8.881784e-16 4.440892e-16 1.776357e-15 0.000000e+00 -8.881784e-16 -2.220446e-15 8.881784e-16 -8.881784e-16 4.440892e-16 0.000000e+00 4.440892e-16 -3.108624e-15 8.881784e-16 -4.440892e-16 -1.332268e-15 -4.440892e-16 -2.664535e-15 -2.664535e-15 0.000000e+00 -1.776357e-15 0.000000e+00 -2.220446e-15 8.881784e-16 -8.881784e-16 -1.332268e-15 4.440892e-16 4.440892e-16 2.220446e-15 -2.664535e-15
-9.999000e+03 -9.999000e+03 -9.999000e+03 -9.999000e+03 -9.999000e+03 -9.999000e+03 -9.999000e+03 -9.999000e+03 -9.999000e+03 -9.999000e+03 -9.999000e+03 -9.999000e+03 -9.999000e+03 -6.661338e-16 -2.220446e-16 -3.108624e-15 -2.220446e-15 -2.664535e-15 2.220446e-15 8.881784e-16 -1.332268e-15 0.000000e+00 -4.440892e-16 4.440892e-16 -3.108624e-15 1.332268e-15 -8.881784e-16 4.440892e-16 -4.440892e-16 -1.332268e-15 -8.881784e-16 8.881784e-16 1.776357e-15 -1.776357e-15 -8.881784e-16 1.776357e-15 -1.776357e-15 -4.440892e-16 2.664535e-15 -8.881784e-16 8.881784e-16 4.440892e-16 2.664535e-15 -3.552714e-15 -8.881784e-16 4.440892e-16 0.000000e+00 8.881784e-16 0.000000e+00 2.220446e-15 8.881784e-16
-9.999000e+03 -9.999000e+03 -9.999000e+03 -9.999000e+03 -9.999000e+03 -9.999000e+03 -9.999000e+03 -9.999000e+03 -9.999000e+03 -9.999000e+03 -9.999000e+03 -9.999000e+03 -9.999000e+03 -2.220446e-16 2.220446e-16 3.108624e-15 -3.552714e-15 -2.220446e-15 -4.440892e-16 0.000000e+00 -4.440892e-16 1.332268e-15 -1.776357e-15 1.332268e-15 -4.440892e-16 8.881784e-16 2.220446e-15 -1.332268e-15 -4.440892e-16 -1.332268e-15 -4.440892e-16 -2.220446e-15 -8.881784e-16 0.000000e+00 4.440892e-16 4.440892e-16 -4.440892e-16 -2.664535e-15 4.440892e-16 -8.881784e-16 -4.440892e-16 4.440892e-16 4.440892e-16 4.440892e-16 0.000000e+00 1.776357e-15 -1.776357e-15 0.000000e+00 -8.881784e-16 4.440892e-16 -8.881784e-16
-9.999000e+03 -9.999000e+03 -9.999000e+03 -9.999000e+03 -9.999000e+03 -9.999000e+03 -9.999000e+03 -9.999000e+03 -9.999000e+03 -9.999000e+03 -9.999000e+03 -9.999000e+03 2.220446e-16 -2.220446e-16 -8.881784e-16 8.881784e-16 1.776357e-15 -1.776357e-15 1.776357e-15 8.881784e-16 -2.220446e-15 -4.440892e-16 1.776357e-15 -8.881784e-16 0.000000e+00 0.000000e+00 0.000000e+00 1.332268e-15 2.220446e-15 -2.664535e-15 1.332268e-15 1.776357e-15 8.881784e-16 -8.881784e-16 -1.776357e-15 -4.440892e-16 2.664535e-15 -8.881784e-16 4.440892e-16 2.220446e-16 -2.220446e-16 -2.220446e-16 -4.440892e-16 2.220446e-16 -8.881784e-16 1.332268e-15 1.332268e-15 8.881784e-16 2.220446e-15 4.440892e-16 1.332268e-15
-9.999000e+03 -9.999000e+03 -9.999000e+03 -9.999000e+03 -9.999000e+03 -9.999000e+03 -9.999000e+03 -9.999000e+03 -9.999000e+03 -9.999000e+03 -9.999000e+03 0.000000e+00 -6.661338e-16 -4.440892e-16 0.000000e+00 -1.776357e-15 -4.440892e-16 -8.881784e-16 -2.220446e-15 1.332268e-15 -1.332268e-15 0.000000e+00 0.000000e+00 -3.552714e-15 -8.881784e-16 -4.440892e-16 -2.664535e-15 -4.440892e-16 2.220446e-15 4.440892e-16 -1.332268e-15 1.776357e-15 -1.332268e-15 2.220446e-15 1.332268e-15 -2.664535e-15 2.220446e-16 -2.220446e-16 6.661338e-16 6.661338e-16 0.000000e+00 0.000000e+00 -6.661338e-16 -2.220446e-16 -2.220446e-16 0.000000e+00 0.000000e+00 -4.440892e-16 -4.440892e-16 -2.220446e-15 1.421085e-14
-9.999000e+03 -9.999000e+03 -9.999000e+03 -9.999000e+03 -9.999000e+03 -9.999000e+03 -9.999000e+03 -9.999000e+03 -9.999000e+03 -9.999000e+03 -9.999000e+03 6.661338e-16 -4.440892e-16 -1.776357e-15 1.332268e-15 1.332268e-15 -2.664535e-15 -4.440892e-16 0.000000e+00 2.220446e-15 -1.332268e-15 -1.776357e-15 0.000000e+00 0.000000e+00 -1.332268e-15 1.776357e-15 -4.440892e-16 -1.776357e-15 -4.440892e-16 -4.440892e-16 -4.440892e-15 1.776357e-15 4.440892e-16 -2.220446e-16 2.220446e-16 2.220446e-16 -4.440892e-16 2.220446e-16 -2.220446e-16 -4.440892e-16 -1.332268e-15 0.000000e+00 -1.332268e-15 4.440892e-16 2.220446e-16 1.110223e-15 2.220446e-16 -2.220446e-16 8.881784e-16 -1.776357e-14 1.065814e-14
-9.999000e+03 -9.999000e+03 -9.999000e+03 -9.999000e+03 -9.999000e+03 -9.999000e+03 -9.999000e+03 -9.999000e+03 -9.999000e+03 -9.999000e+03 -4.440892e-16 1.332268e-15 4.440892e-16 -3.108624e-15 -2.664535e-15 2.220446e-15 -1.332268e-15 -2.220446e-15 0.000000e+00 -4.440892e-16 -8.881784e-16 -4.440892e-16 8.881784e-16 2.664535e-15 -8.881784e-16 1.776357e-15 3.552714e-15 -2.220446e-15 -4.440892e-16 3.552714e-15 0.000000e+00 -4.440892e-16 -2.220446e-16 -2.220446e-16 2.220446e-16 0.000000e+00 -8.881784e-16 -4.440892e-16 4.440892e-16 1.332268e-15 0.000000e+00 -1.332268e-15 0.000000e+00 -8.881784e-16 8.881784e-16 4.440892e-16 2.220446e-16 6.661338e-16 2.131628e-14 -7.105427e-15 0.000000e+00
-9.999000e+03 -9.999000e+03 -9.999000e+03 -9.999000e+03 -9.999000e+03 -9.999000e+03 -9.999000e+03 -9.999000e+03 -9.999000e+03 -9.999000e+03 2.220446e-16 -6.661338e-16 4.440892e-16 8.881784e-16 -1.332268e-15 1.776357e-15 8.881784e-16 0.000000e+00 8.881784e-16 0.000000e+00 -1.776357e-15 1.332268e-15 -1.332268e-15 -2.664535e-15 -1.332268e-15 0.000000e+00 1.332268e-15 -2.664535e-15 -4.440892e-16 -1.776357e-15 -2.220446e-16 6.661338e-16 -4.440892e-16 -4.440892e-16 -8.881784e-16 -8.881784e-16 -1.332268e-15 -4.440892e-16 4.440892e-16 -1.332268e-15 -1.776357e-15 -1.776357e-15 -3.552714e-15 1.953993e-14 1.776357e-15 -8.881784e-16 -1.598721e-14 2.131628e-14 3.552714e-14 -8.881784e-16 8.881784e-16
-9.999000e+03 -9.999000e+03 -9.999000e+03 -9.999000e+03 -9.999000e+03 -9.999000e+03 -9.999000e+03 -9.999000e+03 -9.999000e+03 -6.661338e-16 0.000000e+00 8.881784e-16 4.440892e-16 8.881784e-16 -4.440892e-16 4.440892e-16 0.000000e+00 0.000000e+00 -8.881784e-16 4.440892e-16 -8.881784e-16 -4.440892e-16 3.108624e-15 0.000000e+00 -8.881784e-16 -8.881784e-16 8.881784e-16 -4.440892e-16 0.000000e+00 -2.664535e-15 2.220446e-16 8.881784e-16 4.440892e-16 8.881784e-16 2.664535e-15 -1.598721e-14 1.776357e-15 1.065814e-14 -5.329071e-15 0.000000e+00 1.243450e-14 1.065814e-14 -1.065814e-14 -1.776357e-14 0.000000e+00 2.486900e-14 -5.684342e-14 -1.421085e-14 8.881784e-16 -2.664535e-15 -2.664535e-15
-9.999000e+03 -9.999000e+03 -9.999000e+03 -9.999000e+03 -9.999000e+03 -9.999000e+03 -9.999000e+03 -9.999000e+03 6.661338e-16 6.661338e-16 -2.220446e-16 -4.440892e-16 -8.881784e-16 -8.881784e-16 2.664535e-15 -1.776357e-15 -4.440892e-16 0.000000e+00 -1.776357e-15 -1.776357e-15 1.332268e-15 -3.108624e-15 4.440892e-16 0.000000e+00 1.332268e-15 0.000000e+00 8.881784e-16 4.440892e-16 -8.881784e-16 -1.332268e-15 8.881784e-16 2.664535e-15 1.776357e-15 -7.993606e-15 1.421085e-14 -7.105427e-15 1.065814e-14 5.329071e-15 -1.776357e-15 -8.881784e-15 -8.881784e-15 7.105427e-15 -3.552714e-15 0.000000e+00 0.000000e+00 5.684342e-14 5.329071e-15 4.440892e-16 -1.332268e-15 8.881784e-16 3.108624e-15
-9.999000e+03 -9.999000e+03 -9.999000e+03 -9.999000e+03 -9.999000e+03 -9.999000e+03 -9.999000e+03 -9.999000e+03 -6.661338e-16 2.220446e-16 -1.332268e-15 -4.440892e-16 8.881784e-16 -1.332268e-15 8.881784e-16 -1.776357e-15 -8.881784e-16 1.776357e-15 0.000000e+00 -8.881784e-16 -1.776357e-15 -1.332268e-15 -1.776357e-15 1.332268e-15 0.000000e+00 -8.881784e-16 -1.776357e-15 -2.664535e-15 1.332268e-15 0.000000e+00 1.776357e-15 6.217249e-15 4.440892e-15 -3.552714e-15 3.552714e-15 -8.881784e-16 -3.108624e-15 1.332268e-15 1.332268e-15 -3.996803e-15 -8.881784e-16 -2.664535e-15 0.000000e+00 -8.881784e-16 -4.884981e-15 0.000000e+00 1.332268e-15 4.884981e-15 0.000000e+00 -3.996803e-15 -4.440892e-16
