tests/data/reference/test_stream_rill_mfda_diffusion/control/massbalance.asc
ncols	123
nrows	77
xllcorner	-713746.79929998
yllcorner	-1061022.36961616
cellsize	10.0
NODATA_value	-9999
[rows 23 to 45 of 77, columns 51 to 101 of 123]
2.220446e-15 -8.881784e-16 -4.884981e-15 0.000000e+00 -1.776357e-15 -1.776357e-15 3.552714e-15 -3.552714e-15 8.881784e-16 -3.552714e-15 6.217249e-15 5.329071e-15 2.664535e-15 1.776357e-15 8.881784e-16 0.000000e+00 2.220446e-15 8.881784e-16 7.105427e-15 5.329071e-15 -6.661338e-16 -1.110223e-15 4.440892e-16 0.000000e+00 2.664535e-15 1.776357e-15 1.776357e-15 8.881784e-16 8.881784e-16 -4.440892e-16 6.661338e-16 2.220446e-16 -9.999000e+03 -9.999000e+03 -9.999000e+03 -9.999000e+03 -9.999000e+03 -9.999000e+03 -9.999000e+03 -9.999000e+03 -9.999000e+03 -9.999000e+03 -9.999000e+03 -9.999000e+03 -9.999000e+03 -9.999000e+03 -9.999000e+03 -9.999000e+03 -9.999000e+03 -9.999000e+03 -9.999000e+03
2.664535e-15 -1.776357e-15 -1.332268e-15 2.664535e-15 0.000000e+00 8.881784e-16 3.552714e-15 0.000000e+00 2.664535e-15 -4.440892e-15 -8.881784e-16 -8.881784e-16 8.881784e-16 -2.664535e-15 0.000000e+00 8.881784e-16 2.664535e-15 2.220446e-15 -8.881784e-16 -1.776357e-15 3.552714e-15 -4.440892e-16 0.000000e+00 1.776357e-15 0.000000e+00 -1.332268e-15 -4.440892e-16 -1.776357e-15 2.664535e-15 0.000000e+00 3.552714e-15 -2.220446e-16 2.220446e-16 0.000000e+00 -9.999000e+03 -9.999000e+03 -9.999000e+03 -9.999000e+03 -9.999000e+03 -9.999000e+03 -9.999000e+03 -9.999000e+03 -9.999000e+03 -9.999000e+03 -9.999000e+03 -9.999000e+03 -9.999000e+03 -9.999000e+03 -9.999000e+03 -9.999000e+03 -9.999000e+03
8.881784e-16 -2.664535e-15 2.664535e-15 -3.552714e-15 -2.664535e-15 -8.881784e-16 4.440892e-15 0.000000e+00 0.000000e+00 0.000000e+00 3.552714e-15 3.552714e-15 8.881784e-16 1.776357e-15 3.552714e-15 -8.881784e-16 1.776357e-15 3.552714e-15 -8.881784e-16 2.664535e-15 1.776357e-15 8.881784e-16 0.000000e+00 8.881784e-16 -8.881784e-16 2.664535e-15 2.664535e-15 -8.881784e-16 3.996803e-15 8.881784e-16 4.440892e-16 -8.881784e-16 -1.110223e-15 6.661338e-16 2.220446e-16 -9.999000e+03 -9.999000e+03 -9.999000e+03 -9.999000e+03 -9.999000e+03 -9.999000e+03 -9.999000e+03 -9.999000e+03 -9.999000e+03 -9.999000e+03 -9.999000e+03 -9.999000e+03 -9.999000e+03 -9.999000e+03 -9.999000e+03 -9.999000e+03
6.217249e-15 6.217249e-15 8.881784e-16 -2.664535e-15 3.552714e-15 4.440892e-15 8.881784e-16 -3.552714e-15 8.881784e-16 0.000000e+00 8.881784e-16 -2.664535e-15 1.776357e-15 1.776357e-15 -1.776357e-15 -6.217249e-15 2.664535e-15 -3.552714e-15 0.000000e+00 -3.108624e-15 0.000000e+00 3.552714e-15 -8.881784e-16 1.332268e-15 3.552714e-15 0.000000e+00 -2.220446e-16 -8.881784e-16 1.776357e-15 -2.220446e-15 -4.440892e-16 3.996803e-15 0.000000e+00 -1.332268e-15 -2.220446e-16 -2.220446e-16 -2.220446e-16 -6.661338e-16 -9.999000e+03 -9.999000e+03 -9.999000e+03 -9.999000e+03 -9.999000e+03 -9.999000e+03 -9.999000e+03 -9.999000e+03 -9.999000e+03 -9.999000e+03 -9.999000e+03 -9.999000e+03 -9.999000e+03
1.776357e-15 -4.440892e-15 -4.440892e-15 -8.881784e-16 0.000000e+00 3.552714e-15 -1.776357e-15 0.000000e+00 1.776357e-15 0.000000e+00 0.000000e+00 -3.552714e-15 2.664535e-15 -8.881784e-16 0.000000e+00 0.000000e+00 4.440892e-15 0.000000e+00 2.664535e-15 2.220446e-15 4.440892e-15 2.220446e-15 -8.881784e-16 -1.776357e-15 6.217249e-15 2.664535e-15 -1.332268e-15 4.440892e-16 -1.776357e-15 8.881784e-16 4.440892e-15 2.220446e-16 6.661338e-16 1.776357e-15 8.881784e-16 -1.110223e-15 4.440892e-16 -6.661338e-16 -2.220446e-16 6.661338e-16 -9.999000e+03 -9.999000e+03 -9.999000e+03 -9.999000e+03 -9.999000e+03 -9.999000e+03 -9.999000e+03 -9.999000e+03 -9.999000e+03 -9.999000e+03 -9.999000e+03
8.881784e-16 2.664535e-15 1.776357e-15 8.881784e-16 1.776357e-15 3.552714e-15 3.552714e-15 8.881784e-16 1.776357e-15 -8.881784e-16 8.881784e-16 3.552714e-15 6.217249e-15 -1.776357e-15 -8.881784e-16 8.881784e-16 5.329071e-15 3.552714e-15 0.000000e+00 8.881784e-16 -3.552714e-15 1.332268e-15 8.881784e-16 8.881784e-16 5.329071e-15 0.000000e+00 0.000000e+00 1.776357e-15 7.993606e-15 3.552714e-15 0.000000e+00 -1.776357e-15 1.332268e-15 0.000000e+00 -1.776357e-15 1.776357e-15 -6.661338e-16 6.661338e-16 2.220446e-16 -1.110223e-15 2.220446e-16 -9.999000e+03 -9.999000e+03 -9.999000e+03 -9.999000e+03 -9.999000e+03 -9.999000e+03 -9.999000e+03 -9.999000e+03 -9.999000e+03 -9.999000e+03
2.220446e-15 -2.664535e-15 8.881784e-16 -1.776357e-15 6.217249e-15 -2.664535e-15 1.776357e-15 -4.440892e-15 0.000000e+00 2.664535e-15 -8.881784e-16 -1.776357e-15 -8.881784e-16 0.000000e+00 8.881784e-16 0.000000e+00 0.000000e+00 -4.440892e-15 -8.881784e-16 3.552714e-15 0.000000e+00 2.664535e-15 8.881784e-16 1.776357e-15 1.776357e-15 8.881784e-16 0.000000e+00 8.881784e-16 1.776357e-15 -5.329071e-15 -8.881784e-16 -1.776357e-15 -8.881784e-16 1.776357e-15 -8.881784e-16 0.000000e+00 -8.881784e-16 -4.440892e-16 -6.661338e-16 -6.661338e-16 -9.999000e+03 -9.999000e+03 2.220446e-16 -4.440892e-16 -9.999000e+03 -9.999000e+03 -9.999000e+03 -9.999000e+03 -9.999000e+03 -9.999000e+03 -9.999000e+03
8.881784e-16 0.000000e+00 4.440892e-15 -5.329071e-15 4.440892e-15 -5.329071e-15 1.776357e-15 0.000000e+00 1.776357e-15 0.000000e+00 -2.664535e-15 8.881784e-16 1.776357e-15 3.552714e-15 2.664535e-15 8.881784e-16 0.000000e+00 8.881784e-16 1.776357e-15 8.881784e-16 8.881784e-16 -1.776357e-15 2.220446e-15 -1.332268e-15 -4.440892e-15 8.881784e-16 0.000000e+00 0.000000e+00 1.065814e-14 7.105427e-15 8.881784e-16 2.220446e-15 4.440892e-16 3.552714e-15 0.000000e+00 4.440892e-16 0.000000e+00 -6.661338e-16 6.661338e-16 -9.999000e+03 -9.999000e+03 6.661338e-16 6.661338e-16 -2.220446e-16 -6.661338e-16 -9.999000e+03 -9.999000e+03 -9.999000e+03 -9.999000e+03 -9.999000e+03 -9.999000e+03
1.776357e-15 0.000000e+00 3.552714e-15 -1.776357e-15 1.776357e-15 1.776357e-15 2.664535e-15 4.440892e-15 -8.881784e-16 2.664535e-15 3.552714e-15 1.776357e-15 -1.776357e-15 -1.776357e-15 -2.664535e-15 -1.776357e-15 -8.881784e-16 0.000000e+00 0.000000e+00 8.881784e-16 -3.552714e-15 0.000000e+00 5.329071e-15 1.776357e-15 2.664535e-15 2.220446e-15 1.776357e-15 5.329071e-15 7.105427e-15 7.105427e-15 -8.881784e-16 -1.332268e-15 -2.220446e-15 -4.440892e-16 -4.440892e-16 1.332268e-15 -1.332268e-15 -2.220446e-16 -9.999000e+03 -9.999000e+03 0.000000e+00 1.776357e-15 2.220446e-16 6.661338e-16 2.220446e-16 -8.881784e-16 -9.999000e+03 -9.999000e+03 -9.999000e+03 -9.999000e+03 -9.999000e+03
7.105427e-15 1.776357e-15 0.000000e+00 -2.664535e-15 0.000000e+00 2.664535e-15 1.776357e-15 1.776357e-15 -8.881784e-16 2.664535e-15 -1.776357e-15 0.000000e+00 5.329071e-15 0.000000e+00 -1.776357e-15 2.664535e-15 0.000000e+00 8.881784e-16 -8.881784e-16 8.881784e-16 0.000000e+00 4.884981e-15 -1.776357e-15 -1.776357e-15 -8.881784e-16 -2.664535e-15 2.664535e-15 -3.552714e-15 -3.552714e-15 7.105427e-15 3.108624e-15 -4.440892e-16 2.220446e-15 2.664535e-15 -8.881784e-16 0.000000e+00 -8.881784e-16 -9.999000e+03 -9.999000e+03 0.000000e+00 -8.881784e-16 1.332268e-15 -8.881784e-16 -6.661338e-16 -2.220446e-16 -4.440892e-16 6.661338e-16 -9.999000e+03 -9.999000e+03 -9.999000e+03 -9.999000e+03
1.035500e-08 2.664535e-15 -8.881784e-16 -3.552714e-15 2.664535e-15 6.217249e-15 -8.881784e-16 2.664535e-15 -2.664535e-15 -3.552714e-15 -1.776357e-15 4.440892e-15 -2.664535e-15 -4.440892e-15 8.881784e-16 1.776357e-15 1.776357e-15 -8.881784e-16 1.776357e-15 8.881784e-16 8.881784e-16 -2.664535e-15 -2.664535e-15 0.000000e+00 0.000000e+00 -8.881784e-16 4.884981e-15 1.776357e-14 -7.105427e-15 8.881784e-16 4.440892e-15 -2.664535e-15 1.332268e-15 -4.440892e-16 8.881784e-16 -9.999000e+03 -9.999000e+03 -9.999000e+03 -4.440892e-16 -4.440892e-16 -2.220446e-15 -8.881784e-16 -4.440892e-16 4.440892e-16 6.661338e-16 -2.220446e-16 -2.220446e-16 0.000000e+00 2.220446e-16 -9.999000e+03 -9.999000e+03
-7.010328e-09 -2.412301e-08 2.822735e-08 0.000000e+00 8.881784e-16 -3.552714e-15 -3.552714e-15 -3.552714e-15 -1.776357e-15 0.000000e+00 2.664535e-15 1.776357e-15 -8.881784e-16 2.664535e-15 1.776357e-15 4.440892e-15 -8.881784e-16 -2.664535e-15 1.776357e-15 8.881784e-16 -4.440892e-15 8.881784e-16 4.440892e-15 0.000000e+00 8.881784e-16 8.881784e-16 0.000000e+00 -1.776357e-14 2.842171e-14 -8.881784e-16 1.776357e-15 8.881784e-16 2.664535e-15 -8.881784e-16 -9.999000e+03 -9.999000e+03 2.220446e-16 1.776357e-15 2.664535e-15 8.881784e-16 1.332268e-15 -8.881784e-16 -4.440892e-16 0.000000e+00 4.440892e-16 -6.661338e-16 -4.440892e-16 0.000000e+00 1.554312e-15 -2.220446e-16 -9.999000e+03
1.776357e-15 -1.020239e-08 -5.180048e-09 -1.917826e-10 8.881784e-16 8.881784e-16 -3.552714e-15 -2.664535e-15 3.552714e-15 -6.217249e-15 -8.881784e-16 2.664535e-15 -1.776357e-15 -1.776357e-15 -4.440892e-15 8.881784e-16 -2.664535e-15 -4.440892e-15 2.664535e-15 -2.664535e-15 2.664535e-15 1.776357e-15 -4.440892e-15 -7.105427e-15 2.664535e-15 1.776357e-15 4.440892e-15 -1.065814e-14 1.776357e-14 8.881784e-16 0.000000e+00 4.440892e-16 4.440892e-16 -9.999000e+03 -9.999000e+03 0.000000e+00 -8.881784e-16 8.881784e-16 1.332268e-15 -1.776357e-15 2.664535e-15 4.440892e-16 1.332268e-15 -4.440892e-16 8.881784e-16 0.000000e+00 0.000000e+00 4.440892e-16 -8.881784e-16 6.661338e-16 -6.661338e-16
-3.552714e-15 1.776357e-15 -3.552714e-15 -4.167120e-09 -7.815892e-09 -4.440892e-15 -8.881784e-16 0.000000e+00 0.000000e+00 -1.776357e-15 3.552714e-15 -2.664535e-15 -2.664535e-15 -8.881784e-16 -8.881784e-16 0.000000e+00 -1.776357e-15 -1.776357e-15 2.664535e-15 -4.440892e-15 -1.776357e-15 0.000000e+00 3.552714e-15 1.776357e-15 4.440892e-15 -4.440892e-15 1.065814e-14 3.197442e-14 8.881784e-16 1.776357e-15 0.000000e+00 -8.881784e-16 -9.999000e+03 -9.999000e+03 1.332268e-15 8.881784e-16 4.440892e-16 -2.220446e-15 0.000000e+00 -1.776357e-15 8.881784e-16 -1.776357e-15 0.000000e+00 1.776357e-15 -8.881784e-16 4.440892e-16 8.881784e-16 -4.440892e-16 -1.554312e-15 -6.661338e-16 6.661338e-16
-2.664535e-15 -1.065814e-14 -3.552714e-15 1.065814e-14 -1.987317e-10 -6.653480e-09 -8.665921e-10 -1.379448e-09 -3.552714e-14 -7.815970e-14 1.421085e-14 -8.419931e-10 1.000068e-09 1.187326e-08 1.429262e-08 -2.487264e-08 1.134504e-08 -2.621507e-08 -1.776357e-15 -4.440892e-15 -2.664535e-15 8.881784e-16 -7.993606e-15 -4.440892e-15 -4.440892e-15 8.881784e-16 -1.776357e-14 1.776357e-14 0.000000e+00 1.776357e-15 1.776357e-15 -9.999000e+03 -9.999000e+03 -1.776357e-15 1.332268e-15 4.440892e-16 4.440892e-15 1.776357e-15 2.664535e-15 0.000000e+00 -8.881784e-16 8.881784e-16 0.000000e+00 0.000000e+00 0.000000e+00 -8.881784e-16 8.881784e-16 2.220446e-15 0.000000e+00 0.000000e+00 -2.220446e-16
1.776357e-14 1.776357e-15 -5.329071e-15 1.421085e-14 -1.065814e-14 -3.034479e-09 1.123610e-09 7.846737e-10 -3.466788e-09 7.105427e-15 -3.508475e-09 -1.097220e-10 2.035407e-09 -2.088512e-09 -5.049401e-10 1.330577e-09 9.585207e-09 1.438473e-08 -6.928374e-09 -1.855214e-08 3.552714e-15 1.776357e-15 -1.776357e-15 4.440892e-15 -2.664535e-15 0.000000e+00 -2.486900e-14 -8.881784e-16 -1.332268e-15 -7.993606e-15 -9.999000e+03 -9.999000e+03 1.776357e-15 -4.440892e-15 2.220446e-15 0.000000e+00 8.881784e-16 8.881784e-16 4.440892e-16 4.440892e-15 0.000000e+00 4.440892e-16 8.881784e-16 1.332268e-15 1.776357e-15 1.332268e-15 4.440892e-16 -4.440892e-16 4.440892e-16 -4.440892e-16 2.220446e-15
0.000000e+00 3.552714e-15 2.664535e-15 1.776357e-15 1.776357e-15 3.996803e-15 -3.996803e-15 4.440892e-15 -1.776357e-15 -8.881784e-16 -3.552714e-15 -1.776357e-15 -1.776357e-15 8.881784e-16 -1.776357e-15 -4.440892e-15 -2.664535e-15 5.329071e-15 6.258851e-09 -1.455000e-08 -1.459253e-08 -4.391129e-08 1.427870e-08 -1.776357e-15 0.000000e+00 7.105427e-15 3.552714e-15 -1.776357e-15 -2.664535e-15 -9.999000e+03 -9.999000e+03 1.776357e-15 2.664535e-15 -1.776357e-15 -1.776357e-15 -8.881784e-16 -1.332268e-15 1.332268e-15 1.776357e-15 1.776357e-15 2.220446e-15 2.220446e-15 -8.881784e-16 1.776357e-15 8.881784e-16 0.000000e+00 -4.440892e-16 4.440892e-16 2.220446e-15 8.881784e-16 4.440892e-16
4.440892e-16 8.881784e-16 -3.552714e-15 2.664535e-15 0.000000e+00 8.881784e-16 -3.552714e-15 2.664535e-15 1.332268e-15 2.664535e-15 2.220446e-15 1.776357e-15 2.220446e-15 8.881784e-16 5.329071e-15 2.664535e-15 -1.776357e-15 3.552714e-15 2.664535e-15 -4.440892e-15 -2.513887e-08 -2.220273e-08 -1.670162e-09 -2.743231e-08 -2.664535e-15 -4.440892e-15 1.065814e-14 -1.065814e-14 8.881784e-16 -9.999000e+03 -3.552714e-15 8.881784e-16 1.776357e-15 2.664535e-15 -4.440892e-16 1.776357e-15 3.996803e-15 -2.664535e-15 4.884981e-15 -2.664535e-15 0.000000e+00 3.108624e-15 8.881784e-16 2.220446e-15 0.000000e+00 3.552714e-15 -8.881784e-16 -8.881784e-16 -2.220446e-15 -8.881784e-16 -4.440892e-16
-2.664535e-15 4.440892e-15 0.000000e+00 1.776357e-15 4.440892e-16 3.996803e-15 -1.776357e-15 1.776357e-15 6.217249e-15 8.881784e-16 4.440892e-16 -4.884981e-15 -5.329071e-15 -8.881784e-16 8.881784e-16 -8.881784e-16 -2.664535e-15 -8.881784e-16 1.776357e-15 0.000000e+00 5.329071e-15 8.881784e-16 -9.999000e+03 -9.999000e+03 -9.999000e+03 -8.881784e-16 1.776357e-15 0.000000e+00 -9.999000e+03 -9.999000e+03 -3.108624e-15 0.000000e+00 -2.220446e-15 3.552714e-15 1.776357e-15 -6.217249e-15 -8.881784e-16 -3.552714e-15 4.440892e-16 3.996803e-15 0.000000e+00 -3.108624e-15 -8.881784e-16 8.881784e-16 1.776357e-15 4.440892e-15 0.000000e+00 1.776357e-15 4.440892e-16 8.881784e-16 0.000000e+00
-1.776357e-15 -8.881784e-16 0.000000e+00 1.776357e-15 0.000000e+00 3.552714e-15 -1.776357e-15 -1.776357e-15 2.664535e-15 -8.881784e-16 4.440892e-15 3.552714e-15 5.329071e-15 -3.552714e-15 4.440892e-15 1.776357e-15 3.108624e-15 3.552714e-15 1.332268e-15 -3.552714e-15 8.881784e-16 -3.552714e-15 -5.329071e-15 -8.881784e-16 -9.999000e+03 -9.999000e+03 -9.999000e+03 -3.774758e-15 -9.999000e+03 -8.881784e-16 -3.552714e-15 -2.664535e-15 -4.440892e-16 -5.329071e-15 1.776357e-15 -8.881784e-16 0.000000e+00 1.776357e-15 -2.664535e-15 -1.776357e-15 2.220446e-15 0.000000e+00 1.332268e-15 -3.552714e-15 -1.332268e-15 3.552714e-15 0.000000e+00 4.440892e-16 8.881784e-16 1.776357e-15 1.332268e-15
1.776357e-15 1.776357e-15 3.552714e-15 3.108624e-15 1.776357e-15 4.440892e-16 1.332268e-15 -1.776357e-15 0.000000e+00 -2.220446e-15 0.000000e+00 -2.220446e-15 4.440892e-15 -3.996803e-15 5.329071e-15 1.776357e-15 8.881784e-16 8.881784e-16 0.000000e+00 0.000000e+00 -4.440892e-16 5.329071e-15 -8.881784e-16 0.000000e+00 -7.993606e-15 8.881784e-16 -9.999000e+03 -9.999000e+03 -9.999000e+03 -8.881784e-16 8.881784e-16 0.000000e+00 -7.105427e-15 3.108624e-15 1.776357e-15 -4.440892e-16 1.332268e-15 1.776357e-15 4.440892e-15 -2.664535e-15 0.000000e+00 -8.881784e-16 3.996803e-15 8.881784e-16 -2.664535e-15 2.220446e-15 4.440892e-16 0.000000e+00 4.440892e-16 4.440892e-16 -2.220446e-15
-4.440892e-15 -8.881784e-16 -4.440892e-15 -1.776357e-15 1.776357e-15 -3.108624e-15 0.000000e+00 4.884981e-15 2.664535e-15 8.881784e-16 -1.776357e-15 1.776357e-15 3.552714e-15 8.881784e-16 4.440892e-16 -1.332268e-15 2.664535e-15 5.329071e-15 2.220446e-15 -4.440892e-16 -2.664535e-15 1.776357e-15 -8.881784e-16 0.000000e+00 -1.776357e-15 -4.440892e-15 -2.220446e-16 -9.999000e+03 -9.999000e+03 -9.999000e+03 -9.999000e+03 -3.552714e-15 -8.881784e-15 8.881784e-16 8.881784e-16 -1.776357e-15 1.332268e-15 -3.552714e-15 -1.776357e-15 1.776357e-15 1.776357e-15 0.000000e+00 0.000000e+00 -4.440892e-16 -8.881784e-16 0.000000e+00 -4.440892e-16 -4.440892e-16 8.881784e-16 8.881784e-16 -4.440892e-16
4.440892e-16 1.332268e-15 6.217249e-15 -4.440892e-15 2.664535e-15 1.776357e-15 -4.440892e-15 8.881784e-16 3.108624e-15 1.776357e-15 -2.664535e-15 -8.881784e-16 8.881784e-16 -1.776357e-15 0.000000e+00 -3.108624e-15 -2.664535e-15 -1.332268e-15 -8.881784e-16 8.881784e-16 4.440892e-16 -4.440892e-16 4.884981e-15 8.881784e-16 -1.776357e-15 1.776357e-15 -9.999000e+03 -9.999000e+03 -4.440892e-16 -8.881784e-16 -9.999000e+03 -9.999000e+03 -9.999000e+03 3.907985e-14 -2.664535e-15 -1.776357e-15 2.220446e-15 3.552714e-15 -1.776357e-15 4.440892e-16 -5.329071e-15 3.552714e-15 0.000000e+00 -3.108624e-15 2.664535e-15 1.332268e-15 3.108624e-15 1.776357e-15 4.440892e-16 8.881784e-16 -2.664535e-15
