tests/data/reference/test_stream_rill_mfda_diffusion/control/massbalance.asc
ncols	123
nrows	77
xllcorner	-713746.79929998
yllcorner	-1061022.36961616
cellsize	10.0
NODATA_value	-9999
[rows 23 to 45 of 77, columns 51 to 101 of 123]
2.664535e-15 -1.776357e-15 -3.552714e-15 0.000000e+00 -8.881784e-16 1.776357e-15 1.776357e-15 -3.552714e-15 3.552714e-15 -3.552714e-15 2.664535e-15 4.440892e-15 3.552714e-15 0.000000e+00 -8.881784e-16 1.776357e-15 1.776357e-15 2.664535e-15 -5.329071e-15 7.105427e-15 -6.661338e-16 -1.110223e-15 4.440892e-16 0.000000e+00 1.332268e-15 4.440892e-16 0.000000e+00 -3.552714e-15 -8.881784e-16 0.000000e+00 6.661338e-16 2.220446e-16 -9.999000e+03 -9.999000e+03 -9.999000e+03 -9.999000e+03 -9.999000e+03 -9.999000e+03 -9.999000e+03 -9.999000e+03 -9.999000e+03 -9.999000e+03 -9.999000e+03 -9.999000e+03 -9.999000e+03 -9.999000e+03 -9.999000e+03 -9.999000e+03 -9.999000e+03 -9.999000e+03 -9.999000e+03
-3.108624e-15 -6.661338e-15 -1.776357e-15 -8.881784e-16 -8.881784e-16 1.776357e-15 -1.776357e-15 -1.776357e-15 4.440892e-15 -6.217249e-15 -1.776357e-15 8.881784e-16 0.000000e+00 -3.552714e-15 1.776357e-15 2.664535e-15 -1.776357e-15 3.108624e-15 -1.776357e-15 5.329071e-15 -5.329071e-15 -4.440892e-16 0.000000e+00 1.332268e-15 -4.440892e-16 8.881784e-16 0.000000e+00 -1.776357e-15 -4.440892e-16 -8.881784e-16 1.776357e-15 -2.220446e-16 2.220446e-16 0.000000e+00 -9.999000e+03 -9.999000e+03 -9.999000e+03 -9.999000e+03 -9.999000e+03 -9.999000e+03 -9.999000e+03 -9.999000e+03 -9.999000e+03 -9.999000e+03 -9.999000e+03 -9.999000e+03 -9.999000e+03 -9.999000e+03 -9.999000e+03 -9.999000e+03 -9.999000e+03
-8.881784e-16 -8.881784e-16 5.329071e-15 -8.881784e-16 -8.881784e-16 -1.776357e-15 8.881784e-16 2.664535e-15 8.881784e-16 -5.329071e-15 0.000000e+00 4.440892e-15 -2.664535e-15 -3.552714e-15 4.440892e-15 -3.552714e-15 -1.776357e-15 0.000000e+00 -3.552714e-15 -4.440892e-16 -1.065814e-14 5.329071e-15 0.000000e+00 8.881784e-16 -8.881784e-16 3.552714e-15 -3.552714e-15 -1.332268e-15 2.220446e-15 0.000000e+00 -4.440892e-16 -1.776357e-15 -1.110223e-15 6.661338e-16 2.220446e-16 -9.999000e+03 -9.999000e+03 -9.999000e+03 -9.999000e+03 -9.999000e+03 -9.999000e+03 -9.999000e+03 -9.999000e+03 -9.999000e+03 -9.999000e+03 -9.999000e+03 -9.999000e+03 -9.999000e+03 -9.999000e+03 -9.999000e+03 -9.999000e+03
0.000000e+00 0.000000e+00 8.881784e-16 -8.881784e-16 8.881784e-16 8.881784e-16 1.776357e-15 -3.552714e-15 -3.552714e-15 -5.329071e-15 0.000000e+00 2.664535e-15 -1.776357e-15 2.664535e-15 8.881784e-16 -3.552714e-15 0.000000e+00 0.000000e+00 -1.776357e-15 -8.881784e-16 -1.776357e-15 5.329071e-15 -3.552714e-15 0.000000e+00 1.776357e-15 -1.332268e-15 -2.220446e-16 -3.552714e-15 8.881784e-16 -2.664535e-15 -8.881784e-16 4.440892e-15 -2.220446e-15 -1.776357e-15 -2.220446e-16 -2.220446e-16 -2.220446e-16 -6.661338e-16 -9.999000e+03 -9.999000e+03 -9.999000e+03 -9.999000e+03 -9.999000e+03 -9.999000e+03 -9.999000e+03 -9.999000e+03 -9.999000e+03 -9.999000e+03 -9.999000e+03 -9.999000e+03 -9.999000e+03
1.776357e-15 -2.664535e-15 1.776357e-15 -8.881784e-16 -4.440892e-15 3.552714e-15 -1.776357e-15 -8.881784e-16 2.664535e-15 8.881784e-16 8.881784e-16 1.776357e-15 -8.881784e-16 0.000000e+00 -2.664535e-15 0.000000e+00 1.776357e-15 3.552714e-15 -1.776357e-15 4.440892e-16 -8.881784e-16 8.881784e-16 0.000000e+00 -1.776357e-15 4.440892e-15 2.664535e-15 -8.881784e-16 4.440892e-16 8.881784e-16 -7.993606e-15 1.776357e-15 2.220446e-16 6.661338e-16 1.332268e-15 0.000000e+00 -1.110223e-15 4.440892e-16 -6.661338e-16 -2.220446e-16 6.661338e-16 -9.999000e+03 -9.999000e+03 -9.999000e+03 -9.999000e+03 -9.999000e+03 -9.999000e+03 -9.999000e+03 -9.999000e+03 -9.999000e+03 -9.999000e+03 -9.999000e+03
-8.881784e-16 4.440892e-16 -8.881784e-16 -1.776357e-15 -8.881784e-16 3.552714e-15 8.881784e-16 1.776357e-15 -1.776357e-15 -2.664535e-15 -8.881784e-16 8.881784e-16 1.776357e-15 -3.552714e-15 -4.440892e-15 -1.776357e-15 2.664535e-15 0.000000e+00 -5.329071e-15 1.776357e-15 -2.664535e-15 3.552714e-15 8.881784e-16 4.440892e-15 7.105427e-15 -8.881784e-16 -8.881784e-16 4.440892e-16 5.329071e-15 8.881784e-16 4.440892e-16 -1.776357e-15 0.000000e+00 -4.440892e-16 -1.776357e-15 1.776357e-15 -6.661338e-16 6.661338e-16 2.220446e-16 -1.110223e-15 2.220446e-16 -9.999000e+03 -9.999000e+03 -9.999000e+03 -9.999000e+03 -9.999000e+03 -9.999000e+03 -9.999000e+03 -9.999000e+03 -9.999000e+03 -9.999000e+03
4.440892e-16 -1.776357e-15 -8.881784e-16 8.881784e-16 1.776357e-15 -6.217249e-15 2.664535e-15 -7.993606e-15 -4.440892e-15 8.881784e-16 1.776357e-15 -8.881784e-16 0.000000e+00 0.000000e+00 0.000000e+00 2.664535e-15 1.776357e-15 0.000000e+00 -1.776357e-15 2.220446e-15 -1.776357e-15 1.776357e-15 8.881784e-16 3.108624e-15 0.000000e+00 -3.552714e-15 -8.881784e-16 8.881784e-16 1.421085e-14 5.329071e-15 -8.881784e-16 -3.552714e-15 -8.881784e-16 1.332268e-15 -8.881784e-16 0.000000e+00 -8.881784e-16 -8.881784e-16 -6.661338e-16 -6.661338e-16 -9.999000e+03 -9.999000e+03 2.220446e-16 -4.440892e-16 -9.999000e+03 -9.999000e+03 -9.999000e+03 -9.999000e+03 -9.999000e+03 -9.999000e+03 -9.999000e+03
4.440892e-16 1.776357e-15 0.000000e+00 -4.440892e-15 4.440892e-15 1.776357e-15 4.440892e-15 -2.664535e-15 2.664535e-15 1.776357e-15 2.664535e-15 -3.552714e-15 8.881784e-16 0.000000e+00 1.776357e-15 -8.881784e-16 -1.776357e-15 -8.881784e-16 1.776357e-15 0.000000e+00 1.776357e-15 1.776357e-15 0.000000e+00 -2.664535e-15 -3.996803e-15 3.552714e-15 -6.217249e-15 3.552714e-15 1.243450e-14 1.421085e-14 -8.881784e-16 8.881784e-16 -1.776357e-15 1.776357e-15 -8.881784e-16 0.000000e+00 0.000000e+00 -6.661338e-16 6.661338e-16 -9.999000e+03 -9.999000e+03 6.661338e-16 6.661338e-16 -2.220446e-16 -6.661338e-16 -9.999000e+03 -9.999000e+03 -9.999000e+03 -9.999000e+03 -9.999000e+03 -9.999000e+03
-8.881784e-16 0.000000e+00 -2.664535e-15 -3.552714e-15 2.664535e-15 0.000000e+00 0.000000e+00 3.552714e-15 0.000000e+00 8.881784e-16 1.776357e-15 -3.552714e-15 0.000000e+00 -1.776357e-15 -8.881784e-16 -4.440892e-15 3.552714e-15 -2.664535e-15 1.776357e-15 -6.217249e-15 -3.552714e-15 8.881784e-16 -4.440892e-16 -2.664535e-15 8.881784e-16 2.220446e-15 -1.776357e-15 1.776357e-15 -1.421085e-14 1.776357e-15 -2.664535e-15 0.000000e+00 -2.220446e-15 -1.776357e-15 4.440892e-16 1.332268e-15 -1.332268e-15 -2.220446e-16 -9.999000e+03 -9.999000e+03 0.000000e+00 1.776357e-15 2.220446e-16 6.661338e-16 2.220446e-16 -8.881784e-16 -9.999000e+03 -9.999000e+03 -9.999000e+03 -9.999000e+03 -9.999000e+03
0.000000e+00 -3.552714e-15 -3.552714e-15 8.881784e-16 2.664535e-15 0.000000e+00 1.776357e-15 -2.664535e-15 -2.664535e-15 1.776357e-15 -1.776357e-15 -3.552714e-15 1.776357e-15 -3.552714e-15 -8.881784e-16 2.664535e-15 0.000000e+00 -2.664535e-15 3.552714e-15 -8.881784e-16 -1.776357e-15 3.108624e-15 -1.776357e-15 -1.332268e-15 2.664535e-15 -2.664535e-15 -1.332268e-15 -1.776357e-15 -8.881784e-15 1.776357e-15 -1.776357e-15 0.000000e+00 8.881784e-16 -8.881784e-16 -2.220446e-15 0.000000e+00 -8.881784e-16 -9.999000e+03 -9.999000e+03 -8.881784e-16 -2.220446e-15 8.881784e-16 -1.332268e-15 -6.661338e-16 -2.220446e-16 -4.440892e-16 6.661338e-16 -9.999000e+03 -9.999000e+03 -9.999000e+03 -9.999000e+03
4.309378e-09 -8.881784e-16 -8.881784e-16 0.000000e+00 1.776357e-15 3.552714e-15 -1.776357e-15 -4.440892e-15 8.881784e-16 -1.776357e-15 8.881784e-16 3.552714e-15 -8.881784e-16 -3.552714e-15 3.552714e-15 -2.664535e-15 -1.776357e-15 -2.664535e-15 -8.881784e-16 -2.664535e-15 0.000000e+00 1.776357e-15 -4.440892e-15 -1.776357e-15 0.000000e+00 -8.881784e-16 1.776357e-15 0.000000e+00 -3.552714e-15 1.776357e-15 8.881784e-16 -2.664535e-15 8.881784e-16 -8.881784e-16 0.000000e+00 -9.999000e+03 -9.999000e+03 -9.999000e+03 -8.881784e-16 -8.881784e-16 -3.108624e-15 -1.332268e-15 -4.440892e-16 0.000000e+00 6.661338e-16 -2.220446e-16 -2.220446e-16 0.000000e+00 2.220446e-16 -9.999000e+03 -9.999000e+03
9.828838e-09 -6.744415e-09 2.155282e-08 2.664535e-15 3.552714e-15 0.000000e+00 -7.993606e-15 -1.776357e-15 -1.776357e-15 -8.881784e-16 0.000000e+00 8.881784e-16 -3.552714e-15 2.664535e-15 3.552714e-15 1.776357e-15 1.776357e-15 -3.552714e-15 1.776357e-15 1.776357e-15 -1.776357e-15 -1.776357e-15 0.000000e+00 -8.881784e-16 3.552714e-15 8.881784e-16 -2.664535e-15 3.197442e-14 -1.421085e-14 -8.881784e-16 0.000000e+00 -8.881784e-16 -8.881784e-16 -1.776357e-15 -9.999000e+03 -9.999000e+03 2.220446e-16 1.776357e-15 1.776357e-15 1.776357e-15 8.881784e-16 -1.776357e-15 -8.881784e-16 0.000000e+00 4.440892e-16 -6.661338e-16 -4.440892e-16 0.000000e+00 1.554312e-15 -2.220446e-16 -9.999000e+03
3.552714e-15 5.493376e-09 -2.492751e-08 -1.940528e-09 -2.664535e-15 8.881784e-16 -3.552714e-15 1.776357e-15 8.881784e-16 -8.881784e-16 1.776357e-15 4.440892e-15 -2.664535e-15 2.664535e-15 -5.329071e-15 0.000000e+00 -1.776357e-15 -2.664535e-15 6.217249e-15 8.881784e-16 2.664535e-15 -8.881784e-16 -2.664535e-15 1.776357e-15 5.329071e-15 -5.329071e-15 1.776357e-15 0.000000e+00 2.131628e-14 -8.881784e-16 -8.881784e-16 -8.881784e-16 -1.332268e-15 -9.999000e+03 -9.999000e+03 0.000000e+00 -3.108624e-15 0.000000e+00 -1.776357e-15 -3.108624e-15 1.776357e-15 0.000000e+00 8.881784e-16 -1.332268e-15 4.440892e-16 0.000000e+00 -4.440892e-16 4.440892e-16 -8.881784e-16 6.661338e-16 -6.661338e-16
-8.881784e-16 -8.881784e-16 -1.421085e-14 1.668629e-08 -1.476520e-08 1.776357e-15 0.000000e+00 1.776357e-15 6.217249e-15 3.552714e-15 6.217249e-15 -2.664535e-15 -4.440892e-15 8.881784e-16 -8.881784e-16 7.993606e-15 0.000000e+00 3.552714e-15 5.329071e-15 0.000000e+00 0.000000e+00 -8.881784e-16 7.105427e-15 4.440892e-15 8.881784e-16 -2.664535e-15 3.552714e-14 1.421085e-14 3.552714e-15 8.881784e-16 2.664535e-15 0.000000e+00 -9.999000e+03 -9.999000e+03 1.776357e-15 1.776357e-15 -3.996803e-15 -2.664535e-15 0.000000e+00 -1.776357e-15 0.000000e+00 -2.664535e-15 0.000000e+00 1.776357e-15 -1.332268e-15 -4.440892e-16 4.440892e-16 -8.881784e-16 -1.554312e-15 -6.661338e-16 6.661338e-16
4.440892e-16 7.105427e-15 0.000000e+00 1.776357e-14 -2.982702e-09 -5.156750e-09 -6.366250e-10 -2.076298e-09 -3.552714e-14 3.552714e-14 -5.684342e-14 2.803652e-09 2.223103e-09 -2.046676e-09 -3.314746e-09 -5.369962e-09 5.410598e-09 -9.101811e-09 2.664535e-15 -1.776357e-15 -8.881784e-16 4.440892e-15 -2.664535e-15 8.881784e-16 -8.881784e-16 8.881784e-16 -7.105427e-15 -4.973799e-14 8.881784e-16 -2.664535e-15 -1.776357e-15 -9.999000e+03 -9.999000e+03 -2.664535e-15 0.000000e+00 8.881784e-16 -8.881784e-16 -2.664535e-15 8.881784e-16 -2.220446e-15 -1.776357e-15 -4.440892e-16 -1.776357e-15 0.000000e+00 8.881784e-16 -8.881784e-16 8.881784e-16 1.776357e-15 0.000000e+00 0.000000e+00 -2.220446e-16
1.065814e-14 1.065814e-14 -1.776357e-15 -7.105427e-15 2.842171e-14 5.046985e-10 6.469968e-09 7.186003e-10 7.957439e-10 -3.552714e-14 6.487326e-10 1.378737e-10 3.707918e-09 -6.265019e-09 8.194824e-09 -2.266063e-10 2.725760e-08 2.606185e-09 2.518778e-08 1.248102e-08 0.000000e+00 5.329071e-15 -8.881784e-16 7.993606e-15 8.881784e-16 -1.065814e-14 7.105427e-15 3.552714e-15 1.776357e-15 0.000000e+00 -9.999000e+03 -9.999000e+03 8.881784e-16 -6.217249e-15 8.881784e-16 3.996803e-15 3.552714e-15 8.881784e-16 -1.776357e-15 8.881784e-16 -8.881784e-16 0.000000e+00 -1.332268e-15 -8.881784e-16 4.440892e-16 1.776357e-15 -1.332268e-15 -8.881784e-16 0.000000e+00 -8.881784e-16 1.332268e-15
-1.065814e-14 8.881784e-16 1.332268e-15 -3.552714e-15 2.664535e-15 -3.552714e-15 -3.108624e-15 0.000000e+00 -1.776357e-15 -4.440892e-16 -5.329071e-15 -3.108624e-15 -2.664535e-15 3.552714e-15 -8.881784e-16 -8.881784e-16 0.000000e+00 0.000000e+00 2.405226e-08 -2.928275e-08 -5.762267e-09 5.281383e-08 -2.297865e-08 0.000000e+00 -4.440892e-15 1.065814e-14 -1.421085e-14 2.664535e-15 -2.664535e-15 -9.999000e+03 -9.999000e+03 0.000000e+00 1.332268e-15 1.332268e-15 -2.664535e-15 -5.329071e-15 0.000000e+00 2.664535e-15 8.881784e-16 0.000000e+00 1.332268e-15 3.108624e-15 -8.881784e-16 0.000000e+00 -1.332268e-15 0.000000e+00 -8.881784e-16 0.000000e+00 4.440892e-16 0.000000e+00 0.000000e+00
1.776357e-15 1.776357e-15 0.000000e+00 -1.332268e-15 -8.881784e-16 0.000000e+00 -2.664535e-15 1.776357e-15 -2.664535e-15 1.776357e-15 2.664535e-15 0.000000e+00 8.881784e-16 3.108624e-15 3.552714e-15 2.664535e-15 0.000000e+00 0.000000e+00 -8.881784e-16 -4.440892e-15 -2.320831e-08 -1.909960e-08 -6.049422e-09 1.003653e-08 0.000000e+00 7.105427e-15 0.000000e+00 -1.421085e-14 1.776357e-15 -9.999000e+03 0.000000e+00 8.881784e-16 -4.440892e-16 -2.664535e-15 3.552714e-15 -2.664535e-15 2.220446e-15 -3.108624e-15 2.664535e-15 -1.776357e-15 -1.776357e-15 -2.220446e-15 -8.881784e-16 1.776357e-15 0.000000e+00 2.664535e-15 -8.881784e-16 0.000000e+00 -1.332268e-15 -8.881784e-16 -8.881784e-16
-3.552714e-15 2.220446e-15 -8.881784e-16 1.776357e-15 8.881784e-16 -1.332268e-15 -2.664535e-15 3.996803e-15 5.329071e-15 4.440892e-16 0.000000e+00 -4.884981e-15 -5.329071e-15 -4.440892e-15 -3.996803e-15 -4.440892e-15 -8.881784e-16 0.000000e+00 0.000000e+00 0.000000e+00 3.552714e-15 1.776357e-15 -9.999000e+03 -9.999000e+03 -9.999000e+03 5.329071e-15 8.881784e-16 0.000000e+00 -9.999000e+03 -9.999000e+03 -1.776357e-15 0.000000e+00 1.776357e-15 1.332268e-15 1.776357e-15 -2.664535e-15 -8.881784e-16 -4.440892e-15 -3.552714e-15 0.000000e+00 1.332268e-15 -3.108624e-15 -3.108624e-15 -8.881784e-16 8.881784e-16 8.881784e-16 -2.220446e-15 8.881784e-16 -8.881784e-16 -1.332268e-15 -4.440892e-16
-2.664535e-15 -4.440892e-16 2.664535e-15 -8.881784e-16 6.217249e-15 2.220446e-15 -2.664535e-15 -4.440892e-15 -1.332268e-15 8.881784e-16 8.881784e-16 4.440892e-16 5.773160e-15 1.332268e-15 4.440892e-15 3.996803e-15 2.664535e-15 3.552714e-15 8.881784e-16 -3.552714e-15 -1.776357e-15 -4.440892e-15 -1.776357e-15 2.664535e-15 -9.999000e+03 -9.999000e+03 -9.999000e+03 -2.220446e-16 -9.999000e+03 -8.881784e-16 -1.776357e-15 -8.881784e-16 -1.776357e-15 -3.552714e-15 -3.108624e-15 -2.664535e-15 5.329071e-15 1.332268e-15 0.000000e+00 -1.776357e-15 1.776357e-15 -8.881784e-16 4.440892e-16 -2.664535e-15 -4.440892e-16 4.440892e-16 -2.220446e-15 0.000000e+00 4.440892e-16 2.220446e-15 -4.440892e-16
-8.881784e-16 -2.220446e-15 6.217249e-15 -5.329071e-15 3.996803e-15 -4.440892e-16 1.332268e-15 4.440892e-16 -8.881784e-16 4.440892e-16 -8.881784e-16 -4.440892e-16 1.332268e-15 -3.108624e-15 8.881784e-16 0.000000e+00 -1.332268e-15 -4.440892e-16 8.881784e-16 -8.881784e-16 -1.776357e-15 0.000000e+00 -1.776357e-15 3.552714e-15 -4.440892e-15 0.000000e+00 -9.999000e+03 -9.999000e+03 -9.999000e+03 -8.881784e-16 4.440892e-16 3.552714e-15 -3.552714e-15 2.664535e-15 4.440892e-15 -3.552714e-15 -8.881784e-16 -8.881784e-16 1.332268e-15 -1.776357e-15 0.000000e+00 -4.884981e-15 -3.552714e-15 1.332268e-15 -3.996803e-15 1.776357e-15 -2.664535e-15 -1.776357e-15 -8.881784e-16 0.000000e+00 -3.108624e-15
-1.332268e-15 -4.440892e-15 -4.440892e-16 -8.881784e-16 -2.664535e-15 8.881784e-16 8.881784e-16 8.881784e-16 1.776357e-15 8.881784e-16 -3.552714e-15 -2.664535e-15 8.881784e-16 -3.996803e-15 0.000000e+00 -1.776357e-15 -8.881784e-16 -8.881784e-16 0.000000e+00 0.000000e+00 1.332268e-15 -8.881784e-16 -5.329071e-15 1.776357e-15 0.000000e+00 3.552714e-15 3.774758e-15 -9.999000e+03 -9.999000e+03 -9.999000e+03 -9.999000e+03 8.881784e-15 7.105427e-15 0.000000e+00 -2.664535e-15 -2.664535e-15 -2.664535e-15 -1.776357e-15 -8.881784e-16 -8.881784e-16 2.220446e-15 1.332268e-15 -6.217249e-15 -4.440892e-16 -2.220446e-15 -4.440892e-16 -1.332268e-15 -1.776357e-15 -4.440892e-16 -1.332268e-15 0.000000e+00
8.881784e-16 -2.664535e-15 -8.881784e-16 -3.552714e-15 -2.220446e-15 4.440892e-16 -8.881784e-16 -1.776357e-15 2.664535e-15 1.776357e-15 2.664535e-15 -8.881784e-16 3.108624e-15 0.000000e+00 -8.881784e-16 -4.440892e-16 8.881784e-16 8.881784e-16 -8.881784e-16 -2.664535e-15 -3.108624e-15 8.881784e-16 3.552714e-15 0.000000e+00 -3.552714e-15 8.881784e-16 -9.999000e+03 -9.999000e+03 -4.440892e-16 -4.440892e-16 -9.999000e+03 -9.999000e+03 -9.999000e+03 7.105427e-15 2.664535e-15 8.881784e-16 4.440892e-16 -8.881784e-16 0.000000e+00 -8.881784e-16 -3.108624e-15 5.329071e-15 2.664535e-15 -3.108624e-15 2.664535e-15 8.881784e-16 1.776357e-15 -4.440892e-16 4.440892e-16 8.881784e-16 -2.664535e-15
