tests/data/reference/test_stream_rill/control/cvin_m3.asc
ncols	123
nrows	77
xllcorner	-713746.79929998
yllcorner	-1061022.36961616
cellsize	10.0
NODATA_value	-9999
[rows 23 to 45 of 77, columns 0 to 51 of 123]
-9.999000e+03 -9.999000e+03 -9.999000e+03 -9.999000e+03 -9.999000e+03 -9.999000e+03 -9.999000e+03 -9.999000e+03 -9.999000e+03 -9.999000e+03 -9.999000e+03 -9.999000e+03 -9.999000e+03 -9.999000e+03 0.000000e+00 1.235990e+00 3.058480e+00 1.119100e+01 0.000000e+00 0.000000e+00 0.000000e+00 5.248108e-01 1.389200e-01 4.850064e+00 6.620489e+00 2.716673e+00 5.424070e+00 5.466772e+00 1.593991e+00 5.983187e+00 0.000000e+00 6.087549e-01 1.082035e+00 2.121052e+00 8.766135e+00 2.342331e+00 4.906518e+00 0.000000e+00 5.189266e+00 2.411445e+00 2.435243e+00 2.442740e+00 2.458659e+00 2.441329e+00 2.432945e+00 2.375478e+00 2.376283e+00 2.442870e+00 2.198459e+00 1.547172e+00 1.152003e+00 0.000000e+00
-9.999000e+03 -9.999000e+03 -9.999000e+03 -9.999000e+03 -9.999000e+03 -9.999000e+03 -9.999000e+03 -9.999000e+03 -9.999000e+03 -9.999000e+03 -9.999000e+03 -9.999000e+03 -9.999000e+03 -9.999000e+03 4.656093e-01 1.503311e+01 1.467531e+01 4.792275e-01 0.000000e+00 0.000000e+00 2.915324e-01 2.402101e+00 0.000000e+00 2.068603e-01 4.817589e+00 9.176373e+00 5.194590e+00 5.249647e+00 1.782727e+00 0.000000e+00 5.239702e+00 6.075587e-01 1.081568e+00 1.452427e+00 1.073815e+01 2.364133e+00 4.348651e+00 0.000000e+00 5.685436e+00 2.458805e+00 2.483995e+00 2.500594e+00 2.519384e+00 2.514467e+00 2.506436e+00 2.466011e+00 2.457622e+00 2.487020e+00 2.350168e+00 1.869073e+00 0.000000e+00 1.559134e+00
-9.999000e+03 -9.999000e+03 -9.999000e+03 -9.999000e+03 -9.999000e+03 -9.999000e+03 -9.999000e+03 -9.999000e+03 -9.999000e+03 -9.999000e+03 -9.999000e+03 -9.999000e+03 -9.999000e+03 -9.999000e+03 1.734970e+01 5.157385e-01 0.000000e+00 0.000000e+00 0.000000e+00 0.000000e+00 7.119960e-01 2.039889e+00 4.149179e+00 6.308515e-01 7.385277e-01 4.766017e+00 1.388088e+01 4.973415e+00 2.073380e+00 0.000000e+00 6.631530e-01 4.468021e+00 1.079287e+00 1.449644e+00 1.733852e+00 1.277734e+01 0.000000e+00 3.773893e+00 6.268229e-01 7.999768e+00 2.516019e+00 2.537908e+00 2.561512e+00 2.565497e+00 2.559259e+00 2.530832e+00 2.519672e+00 2.533545e+00 2.465106e+00 2.122249e+00 6.459486e-01 0.000000e+00
-9.999000e+03 -9.999000e+03 -9.999000e+03 -9.999000e+03 -9.999000e+03 -9.999000e+03 -9.999000e+03 -9.999000e+03 -9.999000e+03 -9.999000e+03 -9.999000e+03 -9.999000e+03 0.000000e+00 0.000000e+00 2.970216e+00 5.186344e-01 0.000000e+00 0.000000e+00 0.000000e+00 5.062172e-01 2.254672e+00 4.276894e+00 2.369417e+00 4.341860e+00 1.117968e+00 1.200510e+00 1.819376e+01 4.652368e+00 2.301987e+00 6.679684e-01 0.000000e+00 1.196217e+00 4.058427e+00 1.548731e+00 1.722203e+00 1.933576e+00 1.234881e+01 6.179286e-01 3.217712e+00 1.116572e+00 1.028187e+01 2.559852e+00 2.587481e+00 2.597723e+00 2.594505e+00 2.575885e+00 2.567035e+00 2.577832e+00 2.553077e+00 2.321969e+00 1.166329e+00 0.000000e+00
-9.999000e+03 -9.999000e+03 -9.999000e+03 -9.999000e+03 -9.999000e+03 -9.999000e+03 -9.999000e+03 -9.999000e+03 -9.999000e+03 -9.999000e+03 -9.999000e+03 -9.999000e+03 -9.999000e+03 0.000000e+00 4.615730e-01 4.037180e-01 0.000000e+00 0.000000e+00 4.601120e-01 2.337224e+00 1.809073e+00 1.866227e+00 6.257487e+00 8.765634e+00 1.303659e+01 1.422129e+01 1.539237e+01 1.772039e+01 4.279456e+00 2.468362e+00 1.192220e+00 6.630471e-01 1.622189e+00 3.603757e+00 1.902514e+00 2.048098e+00 2.074411e+00 1.184776e+01 1.103445e+00 2.749011e+00 1.145180e+01 2.569530e+00 2.598779e+00 2.613514e+00 2.615385e+00 2.607301e+00 2.605552e+00 2.620005e+00 2.622809e+00 2.479606e+00 1.592220e+00 6.592387e-01
-9.999000e+03 -9.999000e+03 -9.999000e+03 -9.999000e+03 -9.999000e+03 -9.999000e+03 -9.999000e+03 -9.999000e+03 -9.999000e+03 -9.999000e+03 -9.999000e+03 -9.999000e+03 -9.999000e+03 -9.999000e+03 -9.999000e+03 0.000000e+00 0.000000e+00 0.000000e+00 1.747881e+00 3.494180e+00 3.717493e+00 3.843435e+00 3.846149e+00 3.747536e+00 3.570187e+00 3.335470e+00 3.067205e+00 1.769254e+01 3.422687e+01 3.851850e+00 2.573649e+00 1.602093e+00 1.181367e+00 1.944879e+00 3.143285e+00 2.163645e+00 2.302464e+00 2.346199e+00 1.160837e+01 1.485960e+00 1.356639e+01 2.568754e+00 2.596616e+00 2.615247e+00 2.625628e+00 2.631436e+00 2.641614e+00 2.662902e+00 2.681925e+00 2.604594e+00 1.940875e+00 1.191794e+00
-9.999000e+03 -9.999000e+03 -9.999000e+03 -9.999000e+03 -9.999000e+03 -9.999000e+03 -9.999000e+03 -9.999000e+03 -9.999000e+03 -9.999000e+03 -9.999000e+03 -9.999000e+03 -9.999000e+03 -9.999000e+03 -9.999000e+03 -9.999000e+03 0.000000e+00 1.669877e-01 1.914677e+00 2.212701e+00 2.409540e+00 2.494448e+00 2.485102e+00 2.412678e+00 2.312684e+00 2.218214e+00 2.161534e+00 2.150785e+00 2.160954e+00 3.562580e+01 3.815955e+01 3.982788e+01 1.901893e+00 1.564564e+00 2.164856e+00 2.810878e+00 5.108023e+00 7.556880e+00 2.550501e+00 1.127985e+01 1.905038e+00 1.564818e+01 2.588997e+00 2.612640e+00 2.633869e+00 2.655290e+00 2.679103e+00 2.707147e+00 2.734457e+00 2.703824e+00 2.223451e+00 1.625484e+00
-9.999000e+03 -9.999000e+03 -9.999000e+03 -9.999000e+03 -9.999000e+03 -9.999000e+03 -9.999000e+03 -9.999000e+03 -9.999000e+03 -9.999000e+03 -9.999000e+03 -9.999000e+03 -9.999000e+03 -9.999000e+03 -9.999000e+03 -9.999000e+03 0.000000e+00 1.748085e+00 1.282335e+00 1.404388e+00 1.534556e+00 1.618217e+01 1.546912e+01 1.467508e+01 1.381946e+01 1.291134e+01 1.195747e+01 1.095402e+01 9.890950e+00 8.775102e+00 7.620765e+00 6.424302e+00 4.396154e+01 4.471179e+01 4.509328e+01 4.586717e+01 4.428500e+01 4.266375e+01 4.843567e+01 4.944540e+01 5.888435e+01 5.985406e+01 1.805994e+01 2.617646e+00 2.649685e+00 2.684903e+00 2.719899e+00 2.751944e+00 2.782093e+00 2.782408e+00 2.447903e+00 1.974418e+00
-9.999000e+03 -9.999000e+03 -9.999000e+03 -9.999000e+03 -9.999000e+03 -9.999000e+03 -9.999000e+03 -9.999000e+03 -9.999000e+03 -9.999000e+03 -9.999000e+03 -9.999000e+03 -9.999000e+03 -9.999000e+03 -9.999000e+03 0.000000e+00 1.748089e+00 1.248746e+00 1.319038e+01 1.396692e+01 1.515100e+01 1.760683e+00 3.675993e+00 5.492650e+00 5.348484e+00 8.879742e+00 1.051176e+01 1.208949e+01 1.161561e+01 1.107397e+01 1.047789e+01 9.825529e+00 9.107714e+00 8.315289e+00 7.433571e+00 6.479195e+00 2.474013e+01 2.517216e+01 2.590652e+01 2.717619e+01 2.845891e+01 2.972036e+01 8.721390e+01 1.037240e+02 1.052877e+02 2.849632e+00 5.458610e+00 2.788129e+00 2.820588e+00 2.840723e+00 2.616776e+00 2.243775e+00
-9.999000e+03 -9.999000e+03 -9.999000e+03 -9.999000e+03 -9.999000e+03 -9.999000e+03 -9.999000e+03 -9.999000e+03 -9.999000e+03 -9.999000e+03 -9.999000e+03 -9.999000e+03 -9.999000e+03 -9.999000e+03 0.000000e+00 1.747729e+00 1.154074e+01 1.259676e+01 1.570880e+00 2.024035e+00 1.584606e+00 1.635081e+00 1.678692e+00 1.863812e+00 3.735290e+00 1.760894e+00 1.782395e+00 1.805084e+00 1.852404e+00 1.902967e+00 2.118210e+00 9.328606e+00 1.117404e+01 1.293398e+01 1.457745e+01 1.983526e+01 1.038324e+00 1.399492e+00 2.084942e+00 2.072993e+00 2.035080e+00 2.069936e+00 4.786124e+00 7.235837e+00 9.606104e+00 1.135511e+02 1.152966e+02 1.195990e+02 2.800440e+00 5.716936e+00 2.728205e+00 2.432563e+00
-9.999000e+03 -9.999000e+03 -9.999000e+03 -9.999000e+03 -9.999000e+03 -9.999000e+03 -9.999000e+03 -9.999000e+03 -9.999000e+03 -9.999000e+03 -9.999000e+03 -9.999000e+03 -9.999000e+03 -9.999000e+03 0.000000e+00 9.362334e+00 1.936328e+00 1.533524e+00 2.750003e+00 1.512576e+00 1.591375e+00 1.651669e+00 1.685607e+00 1.711082e+00 1.720015e+00 1.751419e+00 1.763471e+00 1.794421e+00 3.698384e+00 5.543078e+00 7.317536e+00 1.888780e+00 1.981323e+00 2.001900e+00 6.067534e+00 5.970789e-01 1.059664e+00 2.002964e+00 1.952645e+00 1.863804e+00 1.883648e+00 2.121128e+00 1.951205e+00 1.988204e+00 2.168039e+00 4.703611e+00 6.907118e+00 9.097968e+00 1.295214e+02 1.312473e+02 1.358153e+02 2.764655e+00
-9.999000e+03 -9.999000e+03 -9.999000e+03 -9.999000e+03 -9.999000e+03 -9.999000e+03 -9.999000e+03 -9.999000e+03 -9.999000e+03 -9.999000e+03 -9.999000e+03 -9.999000e+03 -9.999000e+03 1.747639e+00 8.727413e+00 2.121199e+00 1.502604e+00 3.612345e+00 1.377546e+00 1.501542e+00 1.602723e+00 1.651481e+00 1.682837e+00 1.677966e+00 1.726026e+00 1.725607e+00 1.747559e+00 1.781440e+00 1.830974e+00 1.843570e+00 1.738754e+00 1.894317e+00 1.932510e+00 6.289568e+00 0.000000e+00 6.006025e-01 1.889236e+00 1.792096e+00 1.646607e+00 1.653376e+00 1.990249e+00 1.696128e+00 1.724086e+00 1.756204e+00 1.795304e+00 1.537051e+00 1.654339e+00 1.663866e+00 1.675693e+00 3.848117e+00 5.838387e+00 1.404921e+02
-9.999000e+03 -9.999000e+03 -9.999000e+03 -9.999000e+03 -9.999000e+03 -9.999000e+03 -9.999000e+03 -9.999000e+03 -9.999000e+03 -9.999000e+03 -9.999000e+03 -9.999000e+03 0.000000e+00 3.491800e+00 2.316525e+00 1.526797e+00 4.518572e+00 1.176990e+00 1.354773e+00 1.513736e+00 1.589250e+00 1.639509e+00 1.622872e+00 1.718137e+00 1.691896e+00 1.708369e+00 1.731853e+00 1.766256e+00 1.728592e+00 1.537598e+00 1.775046e+00 1.845163e+00 5.021825e+00 1.047995e+00 0.000000e+00 1.747666e+00 1.583022e+00 1.368861e+00 1.364700e+00 1.846670e+00 1.384163e+00 1.403364e+00 1.430779e+00 1.469716e+00 1.129668e+00 1.130210e+00 1.136366e+00 1.145188e+00 1.246284e+00 1.246293e+00 2.680863e+00 4.552000e+00
-9.999000e+03 -9.999000e+03 -9.999000e+03 -9.999000e+03 -9.999000e+03 -9.999000e+03 -9.999000e+03 -9.999000e+03 -9.999000e+03 -9.999000e+03 -9.999000e+03 -9.999000e+03 1.746961e+00 2.557651e+00 1.647800e+00 5.433036e+00 8.972393e-01 1.144848e+00 1.384311e+00 1.493643e+00 1.565553e+00 1.526289e+00 1.724859e+00 1.653654e+00 1.670400e+00 1.691162e+00 1.719561e+00 1.599277e+00 1.285526e+00 1.634933e+00 1.758098e+00 4.471414e+00 0.000000e+00 5.882156e-01 1.577097e+00 1.318344e+00 1.021434e+00 1.011510e+00 1.693211e+00 1.011903e+00 1.020041e+00 1.036831e+00 1.071491e+00 6.297821e-01 6.283863e-01 6.300193e-01 6.343775e-01 6.377770e-01 6.404564e-01 2.424829e+00 1.215658e+00 1.202550e+00
-9.999000e+03 -9.999000e+03 -9.999000e+03 -9.999000e+03 -9.999000e+03 -9.999000e+03 -9.999000e+03 -9.999000e+03 -9.999000e+03 -9.999000e+03 -9.999000e+03 0.000000e+00 3.488964e+00 1.870011e+00 6.351563e+00 5.121216e-01 8.597928e-01 1.216838e+00 1.374322e+00 1.469204e+00 1.371059e+00 1.763345e+00 1.595325e+00 1.620432e+00 1.647558e+00 1.679216e+00 1.443628e+00 9.697025e-01 1.466756e+00 1.675287e+00 1.436024e+00 2.800173e+00 0.000000e+00 1.375899e+00 9.802934e-01 5.821193e-01 5.716987e-01 1.520524e+00 5.655982e-01 5.669097e-01 5.705840e-01 5.877046e-01 0.000000e+00 0.000000e+00 0.000000e+00 0.000000e+00 0.000000e+00 0.000000e+00 2.321677e+00 6.306339e-01 6.231631e-01 6.229586e-01
-9.999000e+03 -9.999000e+03 -9.999000e+03 -9.999000e+03 -9.999000e+03 -9.999000e+03 -9.999000e+03 -9.999000e+03 -9.999000e+03 -9.999000e+03 0.000000e+00 1.745976e+00 2.151388e+00 7.276307e+00 0.000000e+00 4.865776e-01 1.015627e+00 1.244955e+00 1.369593e+00 1.154105e+00 1.865244e+00 1.519986e+00 1.555798e+00 1.595043e+00 1.637368e+00 1.232048e+00 5.570274e-01 1.247881e+00 1.575267e+00 1.225141e+00 1.199326e+00 1.168536e+00 1.147602e+00 5.477663e-01 0.000000e+00 0.000000e+00 1.303839e+00 0.000000e+00 0.000000e+00 0.000000e+00 0.000000e+00 0.000000e+00 6.137782e-01 1.099217e+00 1.479961e+00 1.777319e+00 2.009144e+00 2.187414e+00 0.000000e+00 0.000000e+00 0.000000e+00 0.000000e+00
-9.999000e+03 -9.999000e+03 -9.999000e+03 -9.999000e+03 -9.999000e+03 -9.999000e+03 -9.999000e+03 -9.999000e+03 -9.999000e+03 -9.999000e+03 0.000000e+00 2.493228e+00 7.375302e+00 4.777210e-01 0.000000e+00 7.823712e-01 1.119008e+00 1.290356e+00 8.670215e-01 2.031884e+00 1.437808e+00 1.481172e+00 1.533710e+00 1.590184e+00 9.448056e-01 0.000000e+00 9.520813e-01 1.435474e+00 9.379528e-01 9.244718e-01 8.956817e-01 8.720614e-01 0.000000e+00 0.000000e+00 5.713977e-01 1.000356e+00 0.000000e+00 5.532057e-01 9.481450e-01 1.233824e+00 0.000000e+00 0.000000e+00 6.116072e-01 1.093333e+00 1.467769e+00 1.755844e+00 1.975843e+00 2.142524e+00 2.268012e+00 2.357847e+00 2.413522e+00 2.445286e+00
-9.999000e+03 -9.999000e+03 -9.999000e+03 -9.999000e+03 -9.999000e+03 -9.999000e+03 -9.999000e+03 -9.999000e+03 -9.999000e+03 0.000000e+00 3.492921e+00 7.282120e+00 7.659055e-01 0.000000e+00 4.712467e-01 9.825057e-01 1.243792e+00 4.968527e-01 2.235246e+00 1.370484e+00 1.409210e+00 1.468252e+00 1.536285e+00 5.472168e-01 0.000000e+00 5.520748e-01 1.236766e+00 5.434591e-01 5.403872e-01 5.298468e-01 5.090304e-01 0.000000e+00 5.310708e-01 9.260397e-01 1.238122e+00 1.478559e+00 1.646932e+00 1.752864e+00 0.000000e+00 0.000000e+00 1.445896e+00 5.843605e-01 1.058293e+00 1.434452e+00 1.720331e+00 1.930193e+00 2.080014e+00 2.187040e+00 2.267633e+00 2.329400e+00 2.375128e+00 2.407554e+00
-9.999000e+03 -9.999000e+03 -9.999000e+03 -9.999000e+03 -9.999000e+03 -9.999000e+03 -9.999000e+03 -9.999000e+03 -9.999000e+03 0.000000e+00 6.838910e+00 1.148308e+00 4.657122e-01 0.000000e+00 7.794349e-01 1.205152e+00 0.000000e+00 2.443338e+00 1.337826e+00 1.362058e+00 1.414746e+00 1.482289e+00 0.000000e+00 0.000000e+00 5.538302e-01 9.551060e-01 0.000000e+00 0.000000e+00 0.000000e+00 0.000000e+00 0.000000e+00 5.103441e-01 8.928403e-01 1.192054e+00 1.431662e+00 1.619412e+00 1.757692e+00 0.000000e+00 1.808884e+00 5.654236e-01 5.824394e-01 1.638939e+00 1.813421e+00 1.960376e+00 2.071146e+00 2.147764e+00 2.199154e+00 2.235127e+00 2.265466e+00 2.294767e+00 3.241840e+01 3.306170e+01
-9.999000e+03 -9.999000e+03 -9.999000e+03 -9.999000e+03 -9.999000e+03 -9.999000e+03 -9.999000e+03 -9.999000e+03 1.746553e+00 3.489054e+00 4.972938e+00 1.024859e+00 0.000000e+00 4.721105e-01 1.135209e+00 1.242555e+00 2.600969e+00 1.343020e+00 1.355111e+00 1.393101e+00 1.436937e+00 5.377110e-01 9.265937e-01 1.211405e+00 1.421613e+00 8.457409e+00 9.482372e+00 8.846170e+00 8.134051e+00 7.340454e+00 6.453218e+00 5.501240e+00 4.526495e+00 3.548974e+00 2.602953e+00 1.860925e+00 1.881745e+00 3.792445e+00 4.286192e+00 5.990301e+00 6.778661e+00 7.533787e+00 7.180610e+00 6.768256e+00 6.296524e+00 5.774375e+00 5.215268e+00 4.626052e+00 4.014577e+00 3.171410e+01 2.302466e+00 2.285106e+00
-9.999000e+03 -9.999000e+03 -9.999000e+03 -9.999000e+03 -9.999000e+03 -9.999000e+03 -9.999000e+03 0.000000e+00 1.745744e+00 4.788485e+00 4.933496e-01 8.081395e-01 0.000000e+00 1.016177e+00 1.174028e+00 1.317995e+00 1.349998e+00 1.373423e+00 1.416667e+00 1.409151e+00 0.000000e+00 0.000000e+00 5.430107e-01 6.316637e+00 7.357657e+00 1.442368e+00 9.573325e-01 1.241611e+00 1.435848e+00 1.554569e+00 1.605115e+00 1.624566e+00 1.653119e+00 1.702744e+00 1.771285e+00 1.846488e+00 1.914022e+00 1.964598e+00 1.993276e+00 2.010491e+00 2.031746e+00 2.058208e+00 2.083796e+00 2.104986e+00 2.119725e+00 2.130996e+00 2.144738e+00 2.158183e+00 2.992384e+01 2.350587e+00 2.328093e+00 2.301718e+00
-9.999000e+03 -9.999000e+03 -9.999000e+03 -9.999000e+03 -9.999000e+03 -9.999000e+03 -9.999000e+03 0.000000e+00 7.643197e-02 4.892763e+00 0.000000e+00 4.761265e-01 8.054026e-01 1.048405e+00 1.285044e+00 1.339416e+00 1.377345e+00 1.466731e+00 1.391372e+00 1.422240e+00 2.919889e+00 4.335665e+00 5.694971e+00 1.236655e+00 1.239105e+00 5.508896e-01 0.000000e+00 5.570815e-01 9.607046e-01 1.246479e+00 1.432168e+00 1.554009e+00 1.648821e+00 1.730191e+00 1.802758e+00 1.865789e+00 2.055114e+01 2.138907e+01 2.222540e+01 2.306473e+01 2.391611e+01 2.477907e+01 2.564740e+01 2.422063e+01 2.276425e+01 2.127836e+01 2.849229e+01 2.934371e+01 2.393148e+00 2.376527e+00 2.349394e+00 2.316930e+00
-9.999000e+03 -9.999000e+03 -9.999000e+03 -9.999000e+03 -9.999000e+03 -9.999000e+03 -9.999000e+03 0.000000e+00 4.350052e+00 1.025750e+00 0.000000e+00 4.789867e-01 8.298822e-01 1.202002e+00 1.291341e+00 1.356762e+00 1.543820e+00 1.347676e+00 1.386694e+00 1.408159e+00 1.445316e+00 1.501248e+00 9.463440e-01 9.555047e-01 0.000000e+00 0.000000e+00 5.599002e-01 9.712496e-01 1.267822e+00 1.473232e+00 1.604996e+00 1.687264e+00 1.745187e+00 1.798938e+01 1.890243e+01 1.979703e+01 2.044759e+00 2.075949e+00 2.106990e+00 2.140079e+00 2.178819e+00 2.222831e+00 2.265148e+00 4.605679e+00 6.859059e+00 9.035011e+00 2.396743e+00 2.403859e+00 2.401914e+00 2.390953e+00 2.367347e+00 2.335698e+00
