tests/data/reference/test_stream_rill/control/massbalance.asc
ncols	123
nrows	77
xllcorner	-713746.79929998
yllcorner	-1061022.36961616
cellsize	10.0
NODATA_value	-9999
[rows 23 to 45 of 77, columns 0 to 50 of 123]
-9.999000e+03 -9.999000e+03 -9.999000e+03 -9.999000e+03 -9.999000e+03 -9.999000e+03 -9.999000e+03 -9.999000e+03 -9.999000e+03 -9.999000e+03 -9.999000e+03 -9.999000e+03 -9.999000e+03 -9.999000e+03 1.110223e-15 -8.881784e-16 5.329071e-15 3.552714e-15 1.110223e-15 8.881784e-16 6.661338e-16 -4.332090e-11 6.661338e-16 -1.509903e-14 7.105427e-15 -8.881784e-16 -8.881784e-16 -6.217249e-15 8.881784e-16 -2.664535e-15 2.220446e-16 4.440892e-16 0.000000e+00 -1.332268e-15 -1.598721e-14 4.440892e-16 -3.552714e-15 0.000000e+00 0.000000e+00 3.552714e-15 5.329071e-15 -1.332268e-15 8.881784e-16 -3.996803e-15 8.881784e-16 -8.881784e-16 6.217249e-15 2.220446e-15 2.220446e-15 1.332268e-15 8.881784e-16
-9.999000e+03 -9.999000e+03 -9.999000e+03 -9.999000e+03 -9.999000e+03 -9.999000e+03 -9.999000e+03 -9.999000e+03 -9.999000e+03 -9.999000e+03 -9.999000e+03 -9.999000e+03 -9.999000e+03 -9.999000e+03 -8.881784e-16 -5.182248e-09 0.000000e+00 -1.332268e-15 2.220446e-16 2.220446e-16 1.667866e-11 -9.719425e-11 -2.220446e-16 8.881784e-16 1.509903e-14 -1.776357e-15 -1.776357e-15 4.440892e-15 4.440892e-16 1.998401e-15 7.105427e-15 4.440892e-16 -8.881784e-16 -8.881784e-16 1.598721e-14 1.776357e-15 -8.881784e-16 -2.220446e-16 -8.881784e-16 1.776357e-15 1.776357e-15 2.220446e-15 1.776357e-15 8.881784e-15 4.884981e-15 6.217249e-15 -2.664535e-15 3.552714e-15 -8.881784e-16 8.881784e-16 2.220446e-16
-9.999000e+03 -9.999000e+03 -9.999000e+03 -9.999000e+03 -9.999000e+03 -9.999000e+03 -9.999000e+03 -9.999000e+03 -9.999000e+03 -9.999000e+03 -9.999000e+03 -9.999000e+03 -9.999000e+03 -9.999000e+03 -2.020825e-08 2.220446e-16 1.554312e-15 -2.220446e-16 -6.661338e-16 4.440892e-16 -4.764278e-11 2.220446e-15 9.769963e-15 1.776357e-15 4.440892e-16 -6.217249e-15 -1.598721e-14 -1.776357e-15 -1.776357e-15 2.220446e-16 4.440892e-16 8.881784e-16 -4.440892e-16 3.108624e-15 3.552714e-15 -7.105427e-15 -4.440892e-16 3.552714e-15 4.440892e-16 5.329071e-15 0.000000e+00 2.664535e-15 4.440892e-15 8.881784e-16 -4.440892e-15 -8.881784e-16 1.776357e-15 -2.664535e-15 8.881784e-16 8.881784e-16 -4.440892e-16
-9.999000e+03 -9.999000e+03 -9.999000e+03 -9.999000e+03 -9.999000e+03 -9.999000e+03 -9.999000e+03 -9.999000e+03 -9.999000e+03 -9.999000e+03 -9.999000e+03 -9.999000e+03 2.220446e-16 8.881784e-16 -3.552714e-15 3.552714e-15 -6.661338e-16 6.661338e-16 2.220446e-16 -4.477485e-11 -1.110223e-15 6.217249e-15 2.220446e-15 -1.776357e-15 3.552714e-15 2.664535e-15 -1.776357e-14 3.552714e-15 4.440892e-15 -4.440892e-16 6.661338e-16 4.440892e-15 -1.776357e-15 -4.440892e-16 2.664535e-15 1.776357e-15 1.243450e-14 8.881784e-16 -8.881784e-16 1.332268e-15 -1.065814e-14 4.440892e-15 -8.881784e-16 7.105427e-15 7.105427e-15 -8.881784e-16 5.329071e-15 8.881784e-16 -8.881784e-16 1.776357e-15 0.000000e+00
-9.999000e+03 -9.999000e+03 -9.999000e+03 -9.999000e+03 -9.999000e+03 -9.999000e+03 -9.999000e+03 -9.999000e+03 -9.999000e+03 -9.999000e+03 -9.999000e+03 -9.999000e+03 -9.999000e+03 8.881784e-16 6.661338e-16 -1.332268e-15 6.661338e-16 6.661338e-16 -5.463319e-11 2.442491e-15 0.000000e+00 2.220446e-15 -3.552714e-15 7.105427e-15 -1.953993e-14 -1.421085e-14 4.263256e-14 2.131628e-14 4.440892e-15 -2.664535e-15 2.220446e-15 1.776357e-15 0.000000e+00 8.881784e-16 1.776357e-15 -1.776357e-15 -4.440892e-15 -2.486900e-14 8.881784e-16 8.881784e-16 1.421085e-14 0.000000e+00 1.776357e-15 -3.552714e-15 0.000000e+00 8.881784e-16 -2.664535e-15 8.881784e-16 7.105427e-15 2.220446e-15 0.000000e+00
-9.999000e+03 -9.999000e+03 -9.999000e+03 -9.999000e+03 -9.999000e+03 -9.999000e+03 -9.999000e+03 -9.999000e+03 -9.999000e+03 -9.999000e+03 -9.999000e+03 -9.999000e+03 -9.999000e+03 -9.999000e+03 -9.999000e+03 1.998401e-15 0.000000e+00 -7.501821e-11 6.561063e-11 -4.440892e-15 0.000000e+00 -3.552714e-15 6.217249e-15 6.217249e-15 -6.217249e-15 2.664535e-15 -5.329071e-15 -1.065814e-14 4.263256e-14 -3.552714e-15 4.440892e-15 -8.881784e-16 -1.332268e-15 -1.332268e-15 1.776357e-15 -3.552714e-15 1.776357e-15 -8.881784e-16 2.309264e-14 8.881784e-16 -8.881784e-15 -2.664535e-15 3.552714e-15 2.664535e-15 -1.776357e-15 2.664535e-15 0.000000e+00 5.329071e-15 -5.329071e-15 -8.881784e-16 3.552714e-15
-9.999000e+03 -9.999000e+03 -9.999000e+03 -9.999000e+03 -9.999000e+03 -9.999000e+03 -9.999000e+03 -9.999000e+03 -9.999000e+03 -9.999000e+03 -9.999000e+03 -9.999000e+03 -9.999000e+03 -9.999000e+03 -9.999000e+03 -9.999000e+03 2.220446e-16 -4.612266e-11 1.776357e-15 -4.440892e-16 -7.105427e-15 4.440892e-15 1.332268e-15 0.000000e+00 2.220446e-15 1.332268e-15 -3.996803e-15 7.993606e-15 0.000000e+00 -2.842171e-14 7.105427e-15 -7.105427e-14 -8.881784e-16 8.881784e-16 2.664535e-15 3.552714e-15 7.993606e-15 8.881784e-15 2.664535e-15 -3.552714e-15 8.881784e-16 2.486900e-14 1.776357e-15 -8.881784e-16 -8.881784e-16 2.664535e-15 -8.881784e-16 -2.664535e-15 4.440892e-15 1.776357e-15 -1.776357e-15
-9.999000e+03 -9.999000e+03 -9.999000e+03 -9.999000e+03 -9.999000e+03 -9.999000e+03 -9.999000e+03 -9.999000e+03 -9.999000e+03 -9.999000e+03 -9.999000e+03 -9.999000e+03 -9.999000e+03 -9.999000e+03 -9.999000e+03 -9.999000e+03 -4.890377e-11 6.661338e-16 4.440892e-15 8.881784e-16 0.000000e+00 2.131628e-14 -7.105427e-15 -3.552714e-15 5.329071e-15 -7.105427e-15 1.065814e-14 -5.329071e-15 5.329071e-15 8.165735e-11 -1.579092e-10 -3.609447e-09 -3.998821e-09 -1.916014e-09 -6.762910e-09 7.954320e-09 9.624813e-09 -1.833110e-08 2.798961e-08 1.342523e-08 -1.221551e-09 2.600899e-09 3.907985e-14 2.664535e-15 5.329071e-15 1.776357e-15 3.552714e-15 8.881784e-16 3.552714e-15 1.776357e-15 8.881784e-16
-9.999000e+03 -9.999000e+03 -9.999000e+03 -9.999000e+03 -9.999000e+03 -9.999000e+03 -9.999000e+03 -9.999000e+03 -9.999000e+03 -9.999000e+03 -9.999000e+03 -9.999000e+03 -9.999000e+03 -9.999000e+03 -9.999000e+03 -3.681011e-11 3.330669e-15 1.776357e-15 -5.329071e-15 -1.243450e-14 -7.105427e-15 -4.440892e-16 0.000000e+00 4.440892e-15 2.664535e-15 1.243450e-14 -3.552714e-15 -8.881784e-15 1.776357e-15 5.329071e-15 5.329071e-15 1.776357e-15 1.776357e-14 -7.105427e-15 -7.105427e-15 1.065814e-14 -2.486900e-14 3.552714e-14 -3.552714e-15 -3.907985e-14 6.750156e-14 -7.105427e-15 1.835772e-09 -1.860542e-09 3.247749e-09 -5.329071e-15 1.065814e-14 6.217249e-15 4.440892e-15 4.440892e-15 2.664535e-15
-9.999000e+03 -9.999000e+03 -9.999000e+03 -9.999000e+03 -9.999000e+03 -9.999000e+03 -9.999000e+03 -9.999000e+03 -9.999000e+03 -9.999000e+03 -9.999000e+03 -9.999000e+03 -9.999000e+03 -9.999000e+03 -7.021339e-11 -2.054374e-10 1.953993e-14 -1.598721e-14 -1.776357e-15 -8.881784e-16 3.108624e-15 -8.881784e-16 1.332268e-15 1.776357e-15 -8.881784e-16 3.552714e-15 -8.881784e-16 1.776357e-15 -1.332268e-15 1.776357e-15 -1.332268e-15 0.000000e+00 1.065814e-14 -1.065814e-14 3.552714e-15 4.618528e-14 2.664535e-15 1.332268e-15 8.881784e-16 3.108624e-15 -2.220446e-15 0.000000e+00 1.776357e-15 8.881784e-15 3.552714e-15 8.047465e-10 1.229424e-09 5.350131e-09 -8.881784e-16 -1.154632e-14 2.664535e-15
-9.999000e+03 -9.999000e+03 -9.999000e+03 -9.999000e+03 -9.999000e+03 -9.999000e+03 -9.999000e+03 -9.999000e+03 -9.999000e+03 -9.999000e+03 -9.999000e+03 -9.999000e+03 -9.999000e+03 -9.999000e+03 -7.108847e-11 2.020606e-14 1.776357e-15 4.884981e-15 2.664535e-15 1.776357e-15 4.440892e-16 2.664535e-15 -3.108624e-15 2.664535e-15 3.552714e-15 1.332268e-15 0.000000e+00 2.664535e-15 6.217249e-15 4.440892e-15 7.105427e-15 8.881784e-16 1.776357e-15 4.440892e-16 1.065814e-14 -8.881784e-16 -8.881784e-16 3.552714e-15 -4.440892e-16 0.000000e+00 2.220446e-15 3.552714e-15 2.664535e-15 5.773160e-15 5.773160e-15 0.000000e+00 -5.329071e-15 0.000000e+00 -3.368655e-09 -8.760992e-10 2.422638e-09
-9.999000e+03 -9.999000e+03 -9.999000e+03 -9.999000e+03 -9.999000e+03 -9.999000e+03 -9.999000e+03 -9.999000e+03 -9.999000e+03 -9.999000e+03 -9.999000e+03 -9.999000e+03 -9.999000e+03 1.608029e-10 -1.176836e-14 -8.881784e-16 2.664535e-15 5.329071e-15 4.440892e-15 -4.440892e-16 0.000000e+00 3.552714e-15 1.332268e-15 1.332268e-15 8.881784e-16 1.776357e-15 -4.440892e-16 -8.881784e-16 0.000000e+00 8.881784e-16 8.881784e-16 2.664535e-15 4.440892e-16 -1.065814e-14 6.661338e-16 -8.881784e-16 -2.664535e-15 8.881784e-16 1.332268e-15 -3.108624e-15 -1.332268e-15 -8.881784e-16 -8.881784e-16 -8.881784e-16 2.664535e-15 3.108624e-15 -4.440892e-16 -2.664535e-15 -1.776357e-15 -6.217249e-15 1.776357e-15
-9.999000e+03 -9.999000e+03 -9.999000e+03 -9.999000e+03 -9.999000e+03 -9.999000e+03 -9.999000e+03 -9.999000e+03 -9.999000e+03 -9.999000e+03 -9.999000e+03 -9.999000e+03 4.428968e-11 -8.654322e-11 6.217249e-15 2.664535e-15 5.329071e-15 -1.776357e-15 1.776357e-15 1.776357e-15 8.881784e-16 1.332268e-15 1.776357e-15 3.996803e-15 1.776357e-15 5.329071e-15 5.329071e-15 4.440892e-15 3.108624e-15 -4.440892e-16 1.776357e-15 8.881784e-16 0.000000e+00 2.220446e-15 2.220446e-16 4.440892e-16 4.440892e-15 1.332268e-15 2.664535e-15 4.440892e-15 2.220446e-15 8.881784e-16 -8.881784e-16 4.440892e-16 -2.220446e-15 3.552714e-15 1.776357e-15 3.108624e-15 -8.881784e-16 -3.552714e-15 -6.217249e-15
-9.999000e+03 -9.999000e+03 -9.999000e+03 -9.999000e+03 -9.999000e+03 -9.999000e+03 -9.999000e+03 -9.999000e+03 -9.999000e+03 -9.999000e+03 -9.999000e+03 -9.999000e+03 -1.497993e-10 0.000000e+00 -1.332268e-15 -3.552714e-15 8.881784e-16 4.440892e-15 -4.440892e-16 3.552714e-15 0.000000e+00 2.664535e-15 1.776357e-15 2.664535e-15 -1.776357e-15 -8.881784e-16 -4.440892e-16 8.881784e-16 -8.881784e-16 -8.881784e-16 3.108624e-15 6.217249e-15 2.220446e-16 -2.220446e-15 2.664535e-15 -8.881784e-16 4.440892e-16 -1.776357e-15 -2.220446e-15 -8.881784e-16 0.000000e+00 4.440892e-16 -8.881784e-16 0.000000e+00 -1.776357e-15 1.332268e-15 8.881784e-16 4.440892e-16 2.220446e-15 2.664535e-15 -8.881784e-16
-9.999000e+03 -9.999000e+03 -9.999000e+03 -9.999000e+03 -9.999000e+03 -9.999000e+03 -9.999000e+03 -9.999000e+03 -9.999000e+03 -9.999000e+03 -9.999000e+03 -4.571299e-11 2.442491e-15 5.329071e-15 0.000000e+00 1.776357e-15 -8.881784e-16 -8.881784e-16 0.000000e+00 2.220446e-15 -2.664535e-15 3.552714e-15 0.000000e+00 2.664535e-15 8.881784e-16 4.440892e-15 1.776357e-15 0.000000e+00 -8.881784e-16 5.329071e-15 8.881784e-16 2.664535e-15 -2.220446e-16 0.000000e+00 -2.220446e-15 0.000000e+00 -4.440892e-16 2.664535e-15 2.664535e-15 -1.332268e-15 2.220446e-15 0.000000e+00 8.881784e-16 2.220446e-16 -1.110223e-15 -2.220446e-16 6.661338e-16 4.440892e-16 3.552714e-15 1.332268e-15 -4.440892e-16
-9.999000e+03 -9.999000e+03 -9.999000e+03 -9.999000e+03 -9.999000e+03 -9.999000e+03 -9.999000e+03 -9.999000e+03 -9.999000e+03 -9.999000e+03 8.256995e-11 8.870815e-11 5.773160e-15 1.776357e-15 -2.220446e-16 -8.881784e-16 2.664535e-15 0.000000e+00 1.776357e-15 4.440892e-16 0.000000e+00 1.776357e-15 -4.440892e-16 3.108624e-15 0.000000e+00 4.440892e-16 1.332268e-15 4.440892e-16 -3.108624e-15 8.881784e-16 -4.440892e-16 2.664535e-15 4.440892e-16 1.776357e-15 -2.220446e-16 -4.440892e-16 -1.332268e-15 -1.110223e-15 6.661338e-16 -2.220446e-16 -2.220446e-16 6.661338e-16 0.000000e+00 -4.440892e-16 3.108624e-15 -2.664535e-15 8.881784e-16 1.776357e-15 -2.220446e-16 -4.440892e-16 -2.220446e-16
-9.999000e+03 -9.999000e+03 -9.999000e+03 -9.999000e+03 -9.999000e+03 -9.999000e+03 -9.999000e+03 -9.999000e+03 -9.999000e+03 -9.999000e+03 1.180078e-10 -4.440892e-16 -1.776357e-15 1.998401e-15 -2.220446e-16 4.440892e-16 1.332268e-15 1.776357e-15 4.440892e-16 2.220446e-15 2.220446e-15 3.552714e-15 -1.332268e-15 3.108624e-15 8.881784e-16 2.220446e-16 4.440892e-16 0.000000e+00 0.000000e+00 -4.440892e-16 8.881784e-16 0.000000e+00 2.220446e-16 -6.661338e-16 2.220446e-15 8.881784e-16 -2.220446e-16 -4.440892e-16 1.332268e-15 8.881784e-16 6.661338e-16 -4.440892e-16 -4.440892e-16 8.881784e-16 4.440892e-16 0.000000e+00 2.220446e-15 2.220446e-15 0.000000e+00 -1.776357e-15 3.552714e-15
-9.999000e+03 -9.999000e+03 -9.999000e+03 -9.999000e+03 -9.999000e+03 -9.999000e+03 -9.999000e+03 -9.999000e+03 -9.999000e+03 -3.177214e-11 -2.886580e-15 -8.881784e-15 0.000000e+00 0.000000e+00 2.220446e-16 4.440892e-16 4.440892e-16 2.220446e-15 3.552714e-15 2.664535e-15 8.881784e-16 1.776357e-15 0.000000e+00 -8.881784e-16 -6.661338e-16 4.440892e-16 8.881784e-16 0.000000e+00 -1.332268e-15 -4.440892e-16 0.000000e+00 8.881784e-16 8.881784e-16 4.440892e-16 1.776357e-15 4.440892e-16 2.220446e-15 -1.776357e-15 2.220446e-16 0.000000e+00 1.332268e-15 -1.776357e-15 1.776357e-15 -1.776357e-15 8.881784e-16 2.664535e-15 -1.776357e-15 0.000000e+00 1.776357e-15 3.996803e-15 0.000000e+00
-9.999000e+03 -9.999000e+03 -9.999000e+03 -9.999000e+03 -9.999000e+03 -9.999000e+03 -9.999000e+03 -9.999000e+03 -9.999000e+03 -8.672574e-11 1.598721e-14 0.000000e+00 -4.440892e-16 8.881784e-16 0.000000e+00 1.776357e-15 -1.110223e-15 -2.220446e-15 0.000000e+00 8.881784e-16 4.440892e-15 8.881784e-16 6.661338e-16 -4.440892e-16 1.332268e-15 4.440892e-16 8.881784e-16 4.440892e-16 -2.220446e-16 -4.440892e-16 4.440892e-16 -6.661338e-16 1.776357e-15 0.000000e+00 8.881784e-16 -4.440892e-16 0.000000e+00 2.220446e-16 3.552714e-15 8.881784e-16 4.440892e-16 -8.881784e-16 3.108624e-15 1.776357e-15 1.776357e-15 1.776357e-15 1.776357e-15 1.776357e-15 8.881784e-16 1.776357e-15 7.105427e-15
-9.999000e+03 -9.999000e+03 -9.999000e+03 -9.999000e+03 -9.999000e+03 -9.999000e+03 -9.999000e+03 -9.999000e+03 -1.382006e-10 -1.110223e-15 9.769963e-15 2.220446e-15 -2.220446e-16 -4.440892e-16 2.220446e-15 0.000000e+00 2.664535e-15 2.664535e-15 1.776357e-15 4.440892e-16 4.440892e-16 -8.881784e-16 4.440892e-16 1.776357e-15 8.881784e-16 -1.065814e-14 -3.552714e-15 3.552714e-15 1.776357e-15 -1.776357e-15 1.243450e-14 -5.329071e-15 3.552714e-15 -2.664535e-15 1.776357e-15 2.664535e-15 8.881784e-16 3.552714e-15 -9.769963e-15 5.329071e-15 -1.421085e-14 1.598721e-14 7.105427e-15 -5.329071e-15 1.243450e-14 -6.217249e-15 -8.881784e-16 3.552714e-15 2.664535e-15 0.000000e+00 4.440892e-16
-9.999000e+03 -9.999000e+03 -9.999000e+03 -9.999000e+03 -9.999000e+03 -9.999000e+03 -9.999000e+03 5.289214e-11 -1.344733e-10 -6.217249e-15 8.881784e-16 8.881784e-16 2.220446e-16 4.440892e-16 -8.881784e-16 2.664535e-15 2.220446e-15 3.108624e-15 8.881784e-16 2.664535e-15 0.000000e+00 8.881784e-16 -8.881784e-16 3.552714e-15 3.552714e-15 -2.664535e-15 8.881784e-16 1.776357e-15 2.664535e-15 3.108624e-15 4.440892e-16 1.776357e-15 3.996803e-15 2.220446e-15 1.332268e-15 4.440892e-16 -4.440892e-16 5.773160e-15 8.881784e-16 -3.552714e-15 7.993606e-15 -1.776357e-15 2.220446e-15 4.884981e-15 2.664535e-15 0.000000e+00 2.220446e-15 3.108624e-15 1.776357e-14 3.108624e-15 -4.884981e-15
-9.999000e+03 -9.999000e+03 -9.999000e+03 -9.999000e+03 -9.999000e+03 -9.999000e+03 -9.999000e+03 -1.953970e-11 4.440892e-16 2.664535e-15 0.000000e+00 1.332268e-15 2.664535e-15 8.881784e-16 8.881784e-16 2.220446e-15 8.881784e-16 0.000000e+00 0.000000e+00 0.000000e+00 -3.552714e-15 2.664535e-15 -8.881784e-16 1.776357e-15 3.552714e-15 1.776357e-15 2.220446e-16 -4.440892e-16 0.000000e+00 -1.332268e-15 2.664535e-15 -4.440892e-16 4.440892e-16 1.332268e-15 2.664535e-15 3.108624e-15 2.131628e-14 -2.131628e-14 -2.842171e-14 1.421085e-14 -1.776357e-14 2.842171e-14 1.776357e-14 -3.907985e-14 3.552714e-15 1.776357e-14 -1.421085e-14 3.552714e-15 -8.881784e-16 2.664535e-15 2.664535e-15
-9.999000e+03 -9.999000e+03 -9.999000e+03 -9.999000e+03 -9.999000e+03 -9.999000e+03 -9.999000e+03 -1.110223e-16 5.329071e-15 2.664535e-15 -6.661338e-16 -1.332268e-15 1.332268e-15 8.881784e-16 8.881784e-16 3.552714e-15 2.220446e-15 1.776357e-15 1.776357e-15 -4.440892e-16 3.552714e-15 4.440892e-16 -8.881784e-16 -1.332268e-15 -4.440892e-16 2.220446e-16 2.220446e-15 1.776357e-15 3.108624e-15 0.000000e+00 4.440892e-16 2.664535e-15 -4.440892e-16 5.329071e-14 7.105427e-15 1.065814e-14 8.881784e-16 4.440892e-15 1.332268e-15 2.664535e-15 4.440892e-15 -1.776357e-15 -8.881784e-16 5.329071e-15 -1.776357e-15 5.329071e-15 8.881784e-16 1.776357e-15 1.776357e-15 1.776357e-15 3.552714e-15
