tests/data/reference/test_stream_rill/control/massbalance.asc
ncols	123
nrows	77
xllcorner	-713746.79929998
yllcorner	-1061022.36961616
cellsize	10.0
NODATA_value	-9999
[rows 23 to 45 of 77, columns 51 to 101 of 123]
2.220446e-16 0.000000e+00 -1.332268e-15 8.881784e-16 3.108624e-15 -2.664535e-15 3.552714e-15 0.000000e+00 8.881784e-16 1.776357e-15 0.000000e+00 4.440892e-15 1.776357e-15 -8.881784e-16 -3.552714e-15 8.881784e-16 1.776357e-15 3.552714e-15 -8.881784e-16 2.664535e-15 4.440892e-16 -8.881784e-16 -2.664535e-15 -2.220446e-15 0.000000e+00 2.220446e-16 -1.776357e-15 0.000000e+00 9.769963e-15 3.552714e-15 3.108624e-15 8.881784e-16 -8.881784e-16 -6.661338e-16 -6.661338e-16 -9.999000e+03 -9.999000e+03 -9.999000e+03 -9.999000e+03 -9.999000e+03 -9.999000e+03 -9.999000e+03 -9.999000e+03 -9.999000e+03 -9.999000e+03 -9.999000e+03 -9.999000e+03 -9.999000e+03 -9.999000e+03 -9.999000e+03 -9.999000e+03
-8.881784e-16 8.881784e-16 1.332268e-15 3.552714e-15 -2.220446e-15 1.776357e-15 -4.440892e-15 8.881784e-16 3.552714e-15 4.440892e-15 0.000000e+00 4.440892e-16 2.664535e-15 -8.881784e-16 2.664535e-15 6.217249e-15 1.776357e-15 8.881784e-15 -2.664535e-15 2.664535e-15 1.332268e-15 -4.440892e-16 2.664535e-15 -4.440892e-16 1.776357e-15 -3.108624e-15 1.332268e-15 2.220446e-16 0.000000e+00 -6.217249e-15 -5.329071e-15 -3.552714e-15 4.884981e-15 -4.440892e-16 4.440892e-16 4.440892e-16 -9.999000e+03 -9.999000e+03 -9.999000e+03 -9.999000e+03 -9.999000e+03 -9.999000e+03 -9.999000e+03 -9.999000e+03 -9.999000e+03 -9.999000e+03 -9.999000e+03 -9.999000e+03 -9.999000e+03 -9.999000e+03 -9.999000e+03
-2.220446e-16 -1.332268e-15 0.000000e+00 -3.996803e-15 1.332268e-15 3.996803e-15 2.664535e-15 8.881784e-15 2.664535e-15 1.776357e-15 0.000000e+00 3.552714e-15 4.440892e-15 0.000000e+00 0.000000e+00 2.664535e-15 1.776357e-15 1.776357e-15 4.440892e-15 0.000000e+00 3.108624e-15 4.440892e-16 4.440892e-16 4.440892e-15 1.776357e-15 3.108624e-15 -4.440892e-16 -8.881784e-16 1.065814e-14 -4.440892e-16 8.881784e-16 1.243450e-14 -4.440892e-15 1.776357e-15 8.881784e-16 0.000000e+00 -1.554312e-15 -1.110223e-15 -2.220446e-16 -9.999000e+03 -9.999000e+03 -9.999000e+03 -9.999000e+03 -9.999000e+03 -9.999000e+03 -9.999000e+03 -9.999000e+03 -9.999000e+03 -9.999000e+03 -9.999000e+03 -9.999000e+03
-4.440892e-16 4.440892e-16 3.552714e-15 4.440892e-16 4.440892e-15 -8.881784e-16 -8.881784e-16 -1.776357e-15 -1.776357e-15 0.000000e+00 8.881784e-16 0.000000e+00 5.329071e-15 -2.664535e-15 1.776357e-15 6.661338e-15 2.220446e-15 3.552714e-15 5.329071e-15 1.776357e-15 1.776357e-15 8.881784e-16 0.000000e+00 -8.881784e-16 -8.881784e-16 8.881784e-16 8.881784e-16 -1.332268e-15 -1.776357e-15 -1.332268e-15 3.552714e-15 -8.881784e-15 -4.440892e-16 4.440892e-16 -8.881784e-16 -1.776357e-15 2.220446e-15 4.440892e-16 2.220446e-16 0.000000e+00 4.440892e-16 -9.999000e+03 -9.999000e+03 -9.999000e+03 -9.999000e+03 -9.999000e+03 -9.999000e+03 -9.999000e+03 -9.999000e+03 -9.999000e+03 -9.999000e+03
-1.776357e-15 8.881784e-16 2.220446e-16 -3.552714e-15 1.776357e-15 -1.776357e-15 3.552714e-15 8.881784e-16 8.881784e-16 8.881784e-16 5.329071e-15 7.993606e-15 8.881784e-16 -6.217249e-15 6.217249e-15 -4.440892e-15 3.552714e-15 2.842171e-14 -8.881784e-16 0.000000e+00 -2.664535e-15 4.440892e-15 8.881784e-16 3.552714e-15 0.000000e+00 -8.881784e-16 0.000000e+00 -4.440892e-16 -8.881784e-15 8.881784e-16 0.000000e+00 3.552714e-15 1.776357e-15 -4.440892e-16 2.220446e-15 -1.776357e-15 3.108624e-15 -2.220446e-16 2.220446e-16 8.881784e-16 -4.440892e-16 0.000000e+00 -3.081646e-11 -9.999000e+03 -9.999000e+03 -9.999000e+03 -9.999000e+03 -9.999000e+03 -9.999000e+03 -9.999000e+03 -9.999000e+03
4.440892e-16 2.220446e-15 -8.881784e-16 3.552714e-15 -8.881784e-16 -2.220446e-16 4.440892e-16 1.776357e-15 8.881784e-16 -4.440892e-15 6.217249e-15 5.329071e-15 -1.776357e-15 5.329071e-15 5.329071e-15 -2.664535e-15 2.664535e-15 3.552714e-14 5.329071e-15 5.773160e-15 7.105427e-15 -8.881784e-16 3.552714e-15 -3.552714e-15 1.776357e-15 1.332268e-15 -8.881784e-16 1.332268e-15 -8.881784e-15 1.776357e-15 4.440892e-15 -7.105427e-15 1.776357e-15 1.776357e-15 -1.332268e-15 1.332268e-15 1.332268e-15 0.000000e+00 0.000000e+00 -2.220446e-16 8.881784e-16 -9.999000e+03 -5.060841e-11 -9.618528e-12 -1.295957e-10 -9.999000e+03 -9.999000e+03 -9.999000e+03 -9.999000e+03 -9.999000e+03 -9.999000e+03
2.220446e-15 -8.881784e-16 1.332268e-15 3.552714e-15 -8.881784e-16 -6.661338e-16 4.440892e-16 -1.776357e-15 0.000000e+00 3.552714e-15 7.993606e-15 1.776357e-15 -3.552714e-15 1.776357e-15 -8.881784e-16 1.776357e-15 3.552714e-15 5.329071e-15 -3.197442e-14 2.220446e-15 -2.664535e-15 8.881784e-16 -8.881784e-16 5.329071e-15 2.664535e-15 -2.664535e-15 4.440892e-15 3.108624e-15 1.065814e-14 -1.776357e-15 -1.776357e-15 -3.552714e-15 -2.664535e-15 1.776357e-15 1.332268e-15 1.332268e-15 2.220446e-15 0.000000e+00 8.881784e-16 -8.881784e-16 -9.999000e+03 -9.999000e+03 1.421085e-14 -8.881784e-16 0.000000e+00 -8.246004e-11 -9.999000e+03 -9.999000e+03 -9.999000e+03 -9.999000e+03 -9.999000e+03
1.776357e-15 8.881784e-16 1.332268e-15 -4.440892e-15 4.440892e-15 8.881784e-16 0.000000e+00 4.440892e-16 7.993606e-15 5.329071e-15 -8.881784e-16 8.881784e-16 -4.440892e-15 0.000000e+00 -8.881784e-16 6.217249e-15 2.664535e-15 4.440892e-15 0.000000e+00 3.552714e-15 1.776357e-15 -1.332268e-15 2.220446e-15 8.881784e-16 0.000000e+00 3.108624e-15 1.332268e-15 -8.881784e-16 -1.776357e-15 2.664535e-15 4.440892e-15 8.881784e-15 2.664535e-15 2.220446e-15 -1.776357e-15 -2.664535e-15 6.661338e-16 -8.881784e-16 8.881784e-16 -9.999000e+03 -9.999000e+03 -2.220446e-16 5.329071e-15 -8.881784e-16 4.440892e-16 0.000000e+00 3.973022e-11 -9.999000e+03 -9.999000e+03 -9.999000e+03 -9.999000e+03
-4.884981e-15 1.332268e-15 8.881784e-16 1.065814e-14 -8.881784e-16 -4.440892e-16 2.664535e-15 -6.661338e-16 0.000000e+00 8.881784e-16 3.552714e-15 0.000000e+00 3.552714e-15 4.440892e-15 2.664535e-15 2.664535e-15 8.881784e-16 5.329071e-15 -1.776357e-15 -1.065814e-14 3.552714e-15 4.440892e-15 3.996803e-15 -1.332268e-15 5.329071e-15 -8.881784e-16 -8.881784e-16 1.776357e-15 8.881784e-16 -2.220446e-15 5.773160e-15 2.664535e-15 4.440892e-15 -8.881784e-16 4.440892e-15 4.440892e-16 2.220446e-16 2.664535e-15 -9.999000e+03 -9.999000e+03 -2.220446e-16 8.881784e-16 -1.776357e-15 6.661338e-15 0.000000e+00 2.220446e-15 4.440892e-16 8.881784e-16 -9.999000e+03 -9.999000e+03 -9.999000e+03
2.664535e-15 1.776357e-15 0.000000e+00 -4.440892e-15 2.664535e-15 -6.661338e-16 8.881784e-16 -1.332268e-15 -4.440892e-16 -4.440892e-16 8.881784e-16 -3.552714e-15 -8.881784e-16 1.776357e-15 1.776357e-15 3.552714e-15 1.776357e-15 3.552714e-15 -5.329071e-15 -7.105427e-15 8.881784e-16 1.332268e-15 8.881784e-16 3.108624e-15 -3.552714e-15 4.440892e-15 6.661338e-15 2.220446e-15 -8.881784e-16 1.776357e-15 -2.664535e-15 -8.881784e-15 5.329071e-15 3.552714e-15 8.881784e-16 -8.881784e-16 -2.220446e-16 -9.999000e+03 -9.999000e+03 -2.220446e-16 0.000000e+00 -4.440892e-16 1.598721e-14 0.000000e+00 -2.220446e-16 0.000000e+00 -4.440892e-16 -4.440892e-16 1.332268e-15 -1.899680e-10 -9.999000e+03
-8.881784e-16 6.217249e-15 -1.776357e-15 8.881784e-16 4.440892e-15 8.881784e-16 1.332268e-15 3.108624e-15 1.776357e-15 4.440892e-16 -1.776357e-15 8.881784e-16 3.552714e-15 1.243450e-14 -2.664535e-15 0.000000e+00 0.000000e+00 1.776357e-15 2.664535e-15 3.552714e-15 3.552714e-15 0.000000e+00 -8.881784e-16 1.776357e-15 1.776357e-15 -1.776357e-15 -4.440892e-15 8.881784e-16 4.440892e-15 2.664535e-15 8.881784e-16 5.329071e-15 -1.776357e-15 1.776357e-15 3.108624e-15 -9.999000e+03 -9.999000e+03 -9.999000e+03 0.000000e+00 4.440892e-16 -1.776357e-15 -8.881784e-15 8.881784e-16 6.661338e-16 1.332268e-15 -4.440892e-16 1.776357e-15 -8.881784e-16 -4.440892e-16 4.440892e-16 -4.444645e-11
9.211476e-10 -1.574278e-09 -2.646516e-09 -2.664535e-15 0.000000e+00 -8.881784e-16 4.440892e-15 -4.440892e-16 -8.881784e-16 0.000000e+00 0.000000e+00 4.884981e-15 -1.776357e-15 1.776357e-15 8.881784e-16 2.664535e-15 8.881784e-16 8.881784e-16 1.776357e-15 -4.440892e-15 3.552714e-14 7.993606e-15 7.105427e-15 -1.776357e-15 0.000000e+00 -8.881784e-16 1.776357e-15 -8.881784e-16 8.881784e-16 0.000000e+00 -4.440892e-16 1.776357e-14 -1.776357e-15 -1.776357e-15 -9.999000e+03 -9.999000e+03 -2.220446e-16 2.220446e-16 4.440892e-16 -4.440892e-16 -7.105427e-15 -8.881784e-16 1.332268e-15 -8.881784e-16 1.332268e-15 -8.881784e-16 5.329071e-15 0.000000e+00 1.554312e-15 2.220446e-16 1.776357e-15
-8.881784e-16 7.105427e-15 2.664535e-15 1.891152e-09 5.329071e-15 -3.552714e-15 7.105427e-15 4.440892e-15 3.552714e-15 2.220446e-15 3.552714e-15 8.881784e-16 -1.332268e-15 6.217249e-15 -8.881784e-16 -4.440892e-15 -2.664535e-15 1.776357e-15 3.552714e-15 3.552714e-15 4.440892e-15 4.973799e-14 -2.664535e-15 2.664535e-15 2.664535e-15 7.105427e-15 2.664535e-15 2.664535e-15 0.000000e+00 0.000000e+00 2.664535e-15 -1.421085e-14 3.552714e-15 -9.999000e+03 -9.999000e+03 -2.220446e-16 -1.332268e-15 -4.440892e-16 2.664535e-15 1.421085e-14 2.664535e-15 0.000000e+00 4.440892e-16 4.440892e-16 6.661338e-16 8.881784e-16 8.881784e-16 2.220446e-16 -4.440892e-16 4.440892e-16 3.996803e-15
8.881784e-16 -2.220446e-16 2.220446e-15 8.881784e-16 -1.020908e-09 2.535472e-09 2.610875e-09 2.540816e-09 -8.881784e-16 4.440892e-16 -8.881784e-16 -5.329071e-15 8.881784e-16 8.881784e-16 -4.440892e-15 8.881784e-16 3.552714e-15 2.664535e-15 -4.440892e-15 8.881784e-16 0.000000e+00 6.661338e-16 0.000000e+00 -3.552714e-15 0.000000e+00 -8.881784e-16 2.664535e-15 8.881784e-16 0.000000e+00 4.440892e-15 7.105427e-15 -7.105427e-15 -9.999000e+03 -9.999000e+03 0.000000e+00 -1.776357e-15 1.776357e-15 -1.332268e-15 0.000000e+00 -5.329071e-15 -2.220446e-15 0.000000e+00 0.000000e+00 -1.776357e-15 -2.220446e-16 8.881784e-16 1.776357e-15 -2.220446e-15 1.776357e-15 -8.881784e-16 0.000000e+00
1.776357e-15 -8.881784e-16 1.776357e-15 1.332268e-15 4.440892e-15 -2.664535e-15 -5.329071e-15 0.000000e+00 -2.662631e-09 -3.610069e-09 -4.709193e-10 1.831125e-09 2.734936e-09 -6.699565e-10 1.081844e-09 -2.089592e-09 -2.377590e-09 -2.012825e-10 -4.440892e-15 2.664535e-15 -4.440892e-15 4.440892e-15 0.000000e+00 7.105427e-14 -2.664535e-15 8.881784e-16 4.440892e-15 7.993606e-15 6.217249e-15 -2.664535e-15 -2.664535e-15 -9.999000e+03 -9.999000e+03 4.440892e-16 0.000000e+00 8.881784e-16 4.440892e-16 0.000000e+00 -1.776357e-15 7.105427e-15 1.776357e-15 -8.881784e-16 3.552714e-15 -8.881784e-16 -8.881784e-16 3.552714e-15 6.661338e-16 1.776357e-15 -8.881784e-16 4.440892e-16 8.881784e-16
4.440892e-16 0.000000e+00 4.440892e-15 -3.108624e-15 2.131628e-14 -1.421085e-14 -3.552714e-14 9.947598e-14 -1.421085e-14 2.131628e-14 -6.394885e-14 2.842171e-14 -2.842171e-14 -8.160022e-09 -3.267360e-10 -1.872884e-09 -1.319345e-08 8.543992e-10 4.773284e-09 9.895501e-09 0.000000e+00 -8.881784e-16 1.776357e-15 -3.552714e-14 6.217249e-15 1.776357e-15 -8.881784e-16 -5.329071e-15 3.108624e-15 3.552714e-15 -9.999000e+03 -9.999000e+03 -1.332268e-15 1.776357e-15 -2.220446e-16 1.776357e-15 0.000000e+00 2.664535e-15 2.486900e-14 8.881784e-16 2.664535e-15 -3.108624e-15 -4.440892e-16 8.881784e-16 -2.664535e-15 -4.440892e-16 -1.776357e-15 2.220446e-16 3.552714e-15 8.881784e-16 5.329071e-15
5.329071e-15 4.440892e-16 1.421085e-14 3.552714e-14 2.664535e-15 1.776357e-15 2.664535e-15 -8.881784e-16 -3.552714e-15 2.664535e-15 4.440892e-16 2.664535e-15 0.000000e+00 8.881784e-16 0.000000e+00 3.552714e-15 -8.881784e-16 6.217249e-15 -1.776357e-15 1.421085e-14 6.798729e-09 -1.228591e-08 6.398096e-09 6.438029e-09 0.000000e+00 -3.552714e-15 8.881784e-16 -2.664535e-15 1.776357e-15 -9.999000e+03 -9.999000e+03 2.220446e-16 0.000000e+00 -8.881784e-16 4.440892e-16 -4.440892e-16 -8.881784e-16 1.332268e-15 -1.065814e-14 4.440892e-16 3.108624e-15 3.552714e-15 0.000000e+00 -8.881784e-16 4.440892e-16 -4.440892e-16 1.332268e-15 6.661338e-16 2.220446e-15 1.776357e-15 -4.440892e-16
2.664535e-15 2.131628e-14 0.000000e+00 -1.776357e-15 2.664535e-15 -1.332268e-15 0.000000e+00 1.776357e-15 1.776357e-15 2.664535e-15 5.329071e-15 8.881784e-16 2.220446e-15 2.664535e-15 8.881784e-16 2.664535e-15 -6.217249e-15 -8.881784e-16 0.000000e+00 1.776357e-15 2.842171e-14 7.105427e-15 -2.953193e-14 5.329071e-15 4.736535e-09 8.526513e-14 -8.881784e-16 -1.776357e-15 -6.661338e-16 -9.999000e+03 2.220446e-16 0.000000e+00 0.000000e+00 -8.881784e-16 4.440892e-16 8.881784e-16 5.329071e-15 3.108624e-15 3.552714e-15 8.881784e-16 -1.332268e-15 4.440892e-16 1.065814e-14 -4.440892e-16 4.440892e-16 -1.332268e-15 -8.881784e-16 8.881784e-16 0.000000e+00 3.108624e-15 2.664535e-15
-7.105427e-15 1.776357e-15 -8.881784e-16 2.664535e-15 4.440892e-16 8.881784e-16 6.217249e-15 1.776357e-15 -2.664535e-15 8.881784e-16 4.440892e-16 1.776357e-15 -8.881784e-16 -8.881784e-16 -2.664535e-15 2.664535e-15 0.000000e+00 3.552714e-15 7.993606e-15 2.664535e-15 1.776357e-15 1.776357e-15 -9.999000e+03 -9.999000e+03 -9.999000e+03 1.340149e-08 -1.848839e-09 0.000000e+00 -9.999000e+03 -9.999000e+03 0.000000e+00 -4.440892e-16 4.440892e-15 -1.110223e-15 0.000000e+00 0.000000e+00 -2.664535e-15 -7.105427e-15 8.881784e-16 1.776357e-15 0.000000e+00 -5.329071e-15 -8.881784e-16 -1.776357e-15 1.332268e-15 4.440892e-16 0.000000e+00 -8.881784e-16 -2.220446e-16 8.881784e-16 2.664535e-15
7.993606e-15 3.552714e-15 -2.220446e-15 3.996803e-15 4.440892e-16 8.881784e-16 -4.440892e-16 4.440892e-15 -8.881784e-16 0.000000e+00 -2.220446e-15 1.776357e-15 8.881784e-16 2.220446e-15 3.996803e-15 -1.776357e-15 -1.776357e-15 1.776357e-15 0.000000e+00 1.332268e-15 3.552714e-15 0.000000e+00 -1.776357e-15 1.776357e-15 -9.999000e+03 -9.999000e+03 -9.999000e+03 1.842970e-14 -9.999000e+03 2.220446e-16 2.220446e-15 5.773160e-15 5.329071e-15 4.440892e-16 0.000000e+00 3.552714e-15 0.000000e+00 -3.552714e-15 -8.881784e-16 1.776357e-15 4.440892e-15 3.996803e-15 1.776357e-15 1.776357e-15 2.664535e-15 4.440892e-16 8.881784e-16 -6.661338e-16 8.881784e-16 8.881784e-16 -8.881784e-16
3.552714e-15 5.329071e-15 3.552714e-15 5.329071e-15 8.881784e-16 8.881784e-16 2.664535e-15 4.440892e-16 8.881784e-16 1.332268e-15 -1.332268e-15 2.664535e-15 0.000000e+00 -2.664535e-15 3.552714e-15 -8.881784e-15 -1.776357e-15 0.000000e+00 -1.332268e-15 -3.552714e-15 1.776357e-15 8.881784e-16 3.108624e-15 4.884981e-15 0.000000e+00 5.329071e-15 -9.999000e+03 -9.999000e+03 -9.999000e+03 4.440892e-16 -8.881784e-16 3.552714e-15 -4.440892e-15 4.440892e-16 -1.776357e-15 -1.332268e-15 2.664535e-15 1.421085e-14 4.440892e-16 1.776357e-15 -1.776357e-15 4.440892e-15 0.000000e+00 4.440892e-16 2.664535e-15 -2.220446e-15 4.440892e-16 -6.661338e-16 -1.332268e-15 1.332268e-15 5.329071e-15
-4.440892e-16 -1.776357e-15 1.332268e-15 -4.440892e-16 -1.776357e-15 -1.332268e-15 1.776357e-15 2.664535e-15 1.332268e-15 -8.881784e-16 -8.881784e-16 8.881784e-16 1.776357e-15 8.881784e-16 1.421085e-14 2.220446e-15 4.440892e-16 5.329071e-15 8.881784e-16 3.552714e-15 0.000000e+00 -1.776357e-15 -2.664535e-15 1.776357e-15 -8.881784e-16 -3.996803e-15 -1.554312e-15 -9.999000e+03 -9.999000e+03 -9.999000e+03 -9.999000e+03 -8.881784e-16 -1.776357e-15 -1.776357e-15 5.329071e-15 1.776357e-15 2.664535e-15 1.776357e-14 3.552714e-15 8.881784e-16 -1.332268e-15 4.884981e-15 4.440892e-16 4.440892e-15 1.776357e-15 -2.220446e-15 4.440892e-16 6.661338e-16 2.220446e-15 3.996803e-15 -2.220446e-15
1.776357e-15 0.000000e+00 4.440892e-16 5.773160e-15 2.220446e-15 6.661338e-15 1.776357e-15 0.000000e+00 8.881784e-16 -8.881784e-16 8.881784e-16 1.776357e-15 -8.881784e-16 -1.065814e-14 -2.664535e-15 8.881784e-16 0.000000e+00 2.220446e-15 4.440892e-16 -8.881784e-16 4.440892e-16 0.000000e+00 -8.881784e-16 -4.440892e-16 2.664535e-15 0.000000e+00 -9.999000e+03 -9.999000e+03 8.881784e-16 0.000000e+00 -9.999000e+03 -9.999000e+03 -9.999000e+03 2.664535e-15 -4.440892e-15 4.440892e-15 2.664535e-15 -7.105427e-15 -8.881784e-16 3.552714e-15 4.440892e-16 0.000000e+00 -3.552714e-15 3.108624e-15 -4.440892e-16 -8.881784e-16 -8.881784e-16 -6.661338e-16 -1.776357e-15 -4.884981e-15 3.552714e-15
