tests/data/reference/test_stream_rill/control/massbalance.asc
ncols	123
nrows	77
xllcorner	-713746.79929998
yllcorner	-1061022.36961616
cellsize	10.0
NODATA_value	-9999
[rows 46 to 68 of 77, columns 51 to 101 of 123]
1.776357e-15 1.776357e-15 -2.664535e-15 8.881784e-16 -1.776357e-15 0.000000e+00 -4.440892e-16 1.332268e-15 1.332268e-15 8.881784e-16 -1.332268e-15 8.881784e-16 1.598721e-14 8.881784e-16 0.000000e+00 -3.108624e-15 4.440892e-16 -1.332268e-15 0.000000e+00 2.220446e-15 1.776357e-15 8.881784e-16 1.776357e-15 8.881784e-16 1.332268e-15 -1.776357e-15 -9.999000e+03 6.661338e-16 1.110223e-15 0.000000e+00 1.776357e-15 1.332268e-15 -9.999000e+03 -9.999000e+03 -9.999000e+03 -1.776357e-15 -1.776357e-15 -3.197442e-14 -4.440892e-16 -3.552714e-15 -5.329071e-15 2.664535e-15 8.881784e-16 1.776357e-15 8.881784e-16 -8.881784e-16 -4.440892e-16 0.000000e+00 3.108624e-15 5.329071e-15 4.440892e-16
3.552714e-15 8.881784e-16 0.000000e+00 3.552714e-15 1.332268e-15 8.881784e-16 -4.440892e-16 -4.440892e-16 0.000000e+00 3.552714e-15 -1.332268e-15 5.329071e-15 2.664535e-15 -2.220446e-15 8.881784e-16 -4.440892e-16 1.332268e-15 -4.440892e-16 -8.881784e-16 -4.440892e-16 -8.881784e-16 8.881784e-16 -1.332268e-15 -1.332268e-15 4.884981e-15 2.220446e-16 -9.999000e+03 2.220446e-16 4.440892e-16 -1.776357e-15 2.664535e-15 3.108624e-15 -2.664535e-15 1.776357e-15 -9.999000e+03 -9.999000e+03 3.552714e-15 5.329071e-14 0.000000e+00 6.217249e-15 -1.776357e-15 -3.552714e-15 4.440892e-16 8.881784e-16 8.881784e-16 3.552714e-15 -4.440892e-16 -2.220446e-16 -1.332268e-15 -1.776357e-15 8.881784e-16
2.664535e-15 1.776357e-15 -1.776357e-15 2.220446e-15 2.220446e-16 6.661338e-16 -2.220446e-16 0.000000e+00 -1.776357e-15 8.881784e-16 1.065814e-14 1.332268e-15 8.881784e-16 -2.220446e-16 2.220446e-16 -2.220446e-15 0.000000e+00 -6.661338e-16 -6.661338e-16 -6.661338e-16 -1.332268e-15 0.000000e+00 2.220446e-16 -1.332268e-15 0.000000e+00 0.000000e+00 -9.999000e+03 -1.110223e-16 2.220446e-15 -4.440892e-16 0.000000e+00 -8.881784e-16 4.440892e-15 -1.776357e-15 1.332268e-15 -9.999000e+03 0.000000e+00 0.000000e+00 1.776357e-15 1.776357e-15 3.552714e-15 0.000000e+00 0.000000e+00 4.440892e-16 8.881784e-16 1.776357e-15 -2.220446e-15 2.220446e-16 3.552714e-15 2.220446e-15 -8.881784e-16
1.332268e-15 3.552714e-15 -4.440892e-16 -1.110223e-15 1.332268e-15 4.440892e-16 0.000000e+00 8.881784e-16 -1.110223e-15 -2.131628e-14 5.773160e-15 -2.220446e-16 -6.661338e-16 8.881784e-16 8.881784e-16 -8.881784e-16 1.776357e-15 1.776357e-15 0.000000e+00 -2.220446e-15 2.664535e-15 0.000000e+00 3.552714e-15 -2.220446e-16 -4.440892e-16 8.881784e-16 -9.999000e+03 -2.220446e-16 -1.776357e-15 -4.440892e-16 3.108624e-15 8.881784e-16 8.881784e-16 -1.776357e-15 4.440892e-15 -9.999000e+03 -9.999000e+03 -7.105427e-14 7.993606e-15 4.440892e-15 -8.881784e-16 8.881784e-16 2.664535e-15 1.332268e-15 -2.664535e-15 3.552714e-15 -8.881784e-16 -1.110223e-15 8.881784e-16 -1.776357e-15 7.993606e-15
8.881784e-16 2.664535e-15 5.329071e-15 1.776357e-15 7.105427e-15 0.000000e+00 -2.664535e-15 1.776357e-15 0.000000e+00 0.000000e+00 -6.661338e-16 1.776357e-15 -1.332268e-15 -4.440892e-16 4.440892e-16 8.881784e-16 4.440892e-16 3.552714e-15 2.664535e-15 1.776357e-15 5.329071e-15 -3.552714e-15 8.881784e-16 2.664535e-15 0.000000e+00 -1.776357e-15 -9.999000e+03 4.440892e-16 -4.440892e-16 2.664535e-15 -2.220446e-15 3.996803e-15 1.776357e-15 0.000000e+00 -1.776357e-15 2.664535e-15 -9.999000e+03 -1.421085e-14 0.000000e+00 2.664535e-15 3.552714e-15 -1.776357e-15 -2.664535e-15 4.440892e-16 -2.220446e-16 0.000000e+00 2.664535e-15 -6.661338e-16 2.664535e-15 5.329071e-15 1.776357e-15
4.440892e-16 -1.776357e-15 -4.440892e-16 1.154632e-14 -7.993606e-15 1.598721e-14 7.105427e-15 3.552714e-15 4.440892e-16 -7.105427e-15 3.552714e-15 6.217249e-15 0.000000e+00 1.776357e-15 5.329071e-15 -8.881784e-16 -4.440892e-16 0.000000e+00 4.440892e-15 -1.776357e-15 8.881784e-16 4.440892e-15 1.776357e-15 7.105427e-15 -8.881784e-16 1.776357e-15 -9.999000e+03 2.220446e-16 -4.440892e-16 -8.881784e-16 2.664535e-15 4.440892e-16 0.000000e+00 1.776357e-15 0.000000e+00 8.881784e-16 -9.999000e+03 -9.999000e+03 0.000000e+00 8.881784e-16 2.664535e-15 4.440892e-15 -2.664535e-15 -4.440892e-16 6.661338e-16 8.881784e-16 -1.776357e-15 -2.220446e-16 8.881784e-16 1.776357e-15 2.664535e-15
-5.329071e-15 4.440892e-15 1.332268e-15 2.220446e-16 7.105427e-15 2.664535e-15 3.996803e-15 2.220446e-15 7.993606e-15 6.661338e-15 -1.776357e-15 8.881784e-16 1.776357e-15 2.664535e-15 -8.881784e-16 8.881784e-16 1.332268e-15 -2.220446e-16 1.332268e-15 -4.440892e-16 1.332268e-15 1.776357e-15 1.776357e-15 3.108624e-15 8.881784e-16 -6.661338e-16 -9.999000e+03 -2.220446e-16 4.440892e-16 -4.440892e-16 -8.881784e-16 -4.440892e-16 -8.881784e-16 4.440892e-15 -8.881784e-16 2.664535e-15 8.881784e-15 -9.999000e+03 8.881784e-16 -2.664535e-15 5.329071e-15 3.552714e-15 8.881784e-16 -2.220446e-16 -8.881784e-16 0.000000e+00 -1.776357e-15 1.776357e-15 0.000000e+00 8.881784e-16 1.332268e-15
0.000000e+00 2.664535e-15 2.664535e-15 1.776357e-15 -8.881784e-16 2.220446e-15 -4.440892e-16 -1.776357e-15 0.000000e+00 5.329071e-15 2.664535e-15 -5.329071e-15 3.552714e-15 2.664535e-15 3.552714e-15 -8.881784e-16 8.881784e-16 0.000000e+00 7.549517e-15 -4.440892e-15 3.552714e-15 2.664535e-15 -3.552714e-15 1.776357e-15 2.664535e-15 -1.776357e-15 -9.999000e+03 -2.220446e-16 0.000000e+00 0.000000e+00 1.332268e-15 1.776357e-15 8.881784e-16 8.881784e-16 0.000000e+00 8.881784e-16 -3.552714e-15 -9.999000e+03 -9.999000e+03 -2.664535e-15 3.552714e-15 -3.552714e-15 2.220446e-16 8.881784e-16 -4.440892e-16 1.776357e-15 2.664535e-15 0.000000e+00 6.217249e-15 5.329071e-15 -1.776357e-15
-1.776357e-15 -1.332268e-15 8.881784e-16 7.993606e-15 3.552714e-15 7.105427e-15 1.332268e-15 4.440892e-15 -8.881784e-16 -8.881784e-16 1.776357e-15 3.996803e-15 8.881784e-16 2.220446e-15 2.664535e-15 4.884981e-15 -4.440892e-16 3.552714e-15 8.881784e-16 0.000000e+00 3.552714e-15 0.000000e+00 3.552714e-15 0.000000e+00 6.661338e-16 1.776357e-15 -9.999000e+03 -2.220446e-16 -8.881784e-16 8.881784e-16 -1.332268e-15 0.000000e+00 2.664535e-15 8.881784e-16 1.776357e-15 7.105427e-15 -7.105427e-15 1.110223e-15 -9.999000e+03 -8.881784e-16 2.220446e-15 -8.881784e-16 -4.440892e-16 -8.881784e-16 -4.440892e-16 -3.996803e-15 0.000000e+00 1.776357e-15 -2.664535e-15 -7.105427e-15 -1.776357e-15
0.000000e+00 8.881784e-16 -2.220446e-15 2.220446e-15 -3.108624e-15 2.664535e-15 1.332268e-15 1.776357e-15 4.440892e-15 8.881784e-16 -4.440892e-16 7.105427e-15 0.000000e+00 0.000000e+00 -2.309264e-14 3.552714e-15 -1.065814e-14 1.421085e-14 -1.243450e-14 1.065814e-14 -1.776357e-15 5.329071e-15 0.000000e+00 -3.552714e-15 4.440892e-15 -9.999000e+03 -9.999000e+03 -6.661338e-16 8.881784e-16 3.996803e-15 8.881784e-16 2.664535e-15 -4.440892e-15 1.776357e-15 1.776357e-15 8.881784e-16 5.329071e-15 -8.881784e-15 -9.999000e+03 -1.776357e-15 -1.776357e-15 -4.440892e-16 1.776357e-15 -1.776357e-15 1.776357e-15 3.552714e-15 7.105427e-15 8.881784e-16 1.776357e-15 -8.881784e-16 2.664535e-15
1.776357e-15 -8.881784e-16 3.552714e-15 1.776357e-15 -3.108624e-15 2.664535e-15 2.220446e-15 8.881784e-16 1.776357e-15 -4.440892e-16 3.552714e-15 8.881784e-16 3.552714e-15 -8.881784e-16 3.552714e-15 -4.440892e-16 2.664535e-15 -8.881784e-16 4.440892e-15 2.664535e-15 -6.217249e-15 4.440892e-15 4.440892e-15 2.664535e-15 -1.776357e-15 -9.999000e+03 5.551115e-16 -1.554312e-15 4.440892e-16 0.000000e+00 -1.332268e-15 -1.332268e-15 3.552714e-15 8.881784e-16 -1.776357e-15 8.881784e-16 -8.881784e-15 1.776357e-14 -9.999000e+03 -9.999000e+03 6.661338e-16 8.881784e-16 -4.440892e-16 1.332268e-15 -8.881784e-16 3.552714e-15 -4.440892e-15 -3.552714e-15 -2.664535e-15 9.769963e-15 7.105427e-15
8.881784e-16 0.000000e+00 1.332268e-15 3.996803e-15 -1.332268e-15 -8.881784e-16 4.440892e-16 -8.881784e-16 4.440892e-16 0.000000e+00 1.332268e-15 -2.664535e-15 -1.776357e-15 2.220446e-15 8.881784e-16 -1.776357e-15 4.440892e-16 -8.881784e-16 -1.776357e-15 -1.598721e-14 -1.776357e-15 1.421085e-14 1.776357e-15 -7.105427e-15 3.552714e-15 -9.999000e+03 -1.110223e-16 4.440892e-16 4.440892e-16 0.000000e+00 -8.881784e-16 8.881784e-16 -1.332268e-15 3.552714e-15 8.881784e-16 1.776357e-15 5.329071e-15 1.598721e-14 1.776357e-14 -9.999000e+03 4.440892e-16 8.881784e-16 -4.440892e-16 1.776357e-15 2.664535e-15 0.000000e+00 3.552714e-15 2.664535e-15 7.105427e-15 8.881784e-16 -6.217249e-15
1.776357e-15 0.000000e+00 1.776357e-15 3.552714e-15 -2.664535e-15 8.881784e-16 0.000000e+00 2.664535e-15 1.776357e-15 1.332268e-15 -4.440892e-16 1.332268e-15 0.000000e+00 -2.664535e-15 8.881784e-16 6.217249e-15 4.440892e-16 -8.881784e-16 -8.881784e-16 1.332268e-15 2.664535e-15 -8.881784e-15 1.154632e-14 -8.881784e-16 -1.776357e-15 -9.999000e+03 -3.330669e-16 2.220446e-16 4.440892e-16 -3.108624e-15 3.108624e-15 3.552714e-15 -8.881784e-15 0.000000e+00 7.105427e-15 7.105427e-15 3.552714e-15 3.552714e-15 4.973799e-14 -9.999000e+03 -9.999000e+03 -1.776357e-15 4.440892e-16 -4.440892e-15 -1.776357e-15 6.217249e-15 8.881784e-15 0.000000e+00 0.000000e+00 1.776357e-15 5.329071e-15
0.000000e+00 -4.440892e-16 -1.776357e-15 4.440892e-15 -4.440892e-16 6.661338e-15 0.000000e+00 4.440892e-16 -2.220446e-15 1.776357e-15 -1.776357e-15 1.332268e-15 3.108624e-15 1.776357e-15 -3.108624e-15 1.776357e-15 2.664535e-15 0.000000e+00 -2.220446e-15 -1.332268e-15 -5.329071e-15 -2.664535e-15 3.552714e-15 3.552714e-15 -7.105427e-15 -9.999000e+03 -2.220446e-16 8.881784e-16 1.332268e-15 4.440892e-15 7.105427e-15 -4.440892e-16 -2.664535e-15 7.105427e-15 1.776357e-15 -4.440892e-16 0.000000e+00 8.881784e-16 2.664535e-15 2.842171e-14 -9.999000e+03 -9.999000e+03 1.776357e-15 -8.881784e-16 5.329071e-15 -1.776357e-15 2.664535e-15 1.776357e-15 3.552714e-15 1.776357e-15 4.440892e-15
6.661338e-16 1.776357e-15 1.332268e-15 -8.881784e-16 -2.664535e-15 0.000000e+00 -1.776357e-15 4.440892e-16 4.440892e-16 -8.881784e-16 2.220446e-15 -4.440892e-16 1.332268e-15 4.440892e-15 4.440892e-16 -8.881784e-16 3.552714e-15 -8.881784e-16 4.440892e-15 4.440892e-16 2.220446e-15 2.220446e-16 -2.220446e-16 -4.440892e-16 1.554312e-15 -9.999000e+03 2.220446e-16 -4.440892e-16 -8.881784e-16 -4.440892e-16 4.440892e-16 -8.881784e-16 0.000000e+00 -1.776357e-15 0.000000e+00 1.332268e-15 8.881784e-16 4.440892e-16 -4.440892e-16 3.552714e-15 -7.105427e-15 -9.999000e+03 -9.999000e+03 8.881784e-16 1.776357e-15 1.776357e-15 -5.329071e-15 1.776357e-15 -1.776357e-15 8.881784e-16 -2.664535e-15
4.440892e-16 8.881784e-16 2.220446e-16 1.776357e-15 0.000000e+00 0.000000e+00 1.776357e-15 -8.881784e-16 -4.440892e-16 2.664535e-15 -4.440892e-16 4.440892e-16 3.552714e-15 4.440892e-16 -1.776357e-15 1.776357e-15 1.776357e-15 -8.881784e-16 8.881784e-16 2.220446e-15 -1.110223e-15 0.000000e+00 0.000000e+00 2.220446e-16 0.000000e+00 -9.999000e+03 1.554312e-15 4.440892e-16 -4.440892e-16 -1.332268e-15 -6.661338e-16 -2.220446e-16 -2.220446e-16 -2.220446e-16 -2.220446e-16 2.220446e-16 2.220446e-16 0.000000e+00 2.664535e-15 8.881784e-16 5.329071e-15 1.421085e-14 -9.999000e+03 2.664535e-15 -3.552714e-15 0.000000e+00 3.552714e-15 3.552714e-15 4.440892e-15 1.154632e-14 1.776357e-15
-8.881784e-16 -4.440892e-16 8.881784e-16 2.220446e-16 -2.220446e-16 2.220446e-16 -6.661338e-16 -6.661338e-16 1.776357e-15 8.881784e-16 0.000000e+00 -1.776357e-15 -8.881784e-16 1.776357e-15 2.220446e-15 8.881784e-16 1.776357e-15 0.000000e+00 -4.440892e-16 -2.220446e-16 1.332268e-15 4.440892e-16 -8.881784e-16 -8.881784e-16 -1.776357e-15 -9.999000e+03 6.661338e-16 -4.440892e-16 -2.220446e-16 -2.220446e-16 -1.332268e-15 4.440892e-16 2.220446e-15 -4.440892e-16 1.776357e-15 -1.776357e-15 5.329071e-15 4.440892e-16 4.440892e-16 -1.332268e-15 2.220446e-15 -8.881784e-16 -9.999000e+03 -9.999000e+03 3.552714e-15 7.105427e-15 7.105427e-15 2.664535e-15 8.881784e-16 -5.329071e-15 0.000000e+00
1.332268e-15 2.664535e-15 8.881784e-16 4.440892e-15 -8.881784e-16 3.552714e-15 4.440892e-15 -8.881784e-16 -2.220446e-16 4.440892e-16 1.332268e-15 0.000000e+00 -8.881784e-16 3.996803e-15 0.000000e+00 8.881784e-16 1.776357e-15 -1.332268e-15 -6.661338e-16 -8.881784e-16 1.776357e-15 -1.332268e-15 4.440892e-16 3.552714e-15 -1.332268e-15 -9.999000e+03 2.220446e-16 8.881784e-16 -2.664535e-15 1.776357e-15 -2.664535e-15 5.773160e-15 -3.108624e-15 8.881784e-16 4.440892e-15 0.000000e+00 2.664535e-15 0.000000e+00 6.217249e-15 -1.776357e-15 5.329071e-15 -5.329071e-15 1.421085e-14 -9.999000e+03 -9.999000e+03 1.776357e-15 1.243450e-14 0.000000e+00 4.440892e-15 2.842171e-14 0.000000e+00
2.220446e-15 -1.332268e-15 5.773160e-15 0.000000e+00 0.000000e+00 4.440892e-15 4.440892e-16 3.108624e-15 3.552714e-15 3.108624e-15 0.000000e+00 -6.661338e-16 -1.332268e-15 4.440892e-16 -1.776357e-15 1.332268e-15 8.881784e-16 6.661338e-16 3.108624e-15 -8.881784e-16 0.000000e+00 4.440892e-16 2.220446e-15 8.881784e-16 0.000000e+00 -9.999000e+03 4.440892e-16 0.000000e+00 -8.881784e-16 0.000000e+00 8.881784e-16 2.664535e-15 8.881784e-16 -2.664535e-15 1.776357e-15 2.664535e-15 8.881784e-16 4.440892e-15 8.881784e-16 0.000000e+00 6.661338e-16 4.440892e-16 4.440892e-16 -1.065814e-14 -9.999000e+03 -5.329071e-15 -1.776357e-15 4.440892e-15 -4.263256e-14 5.329071e-15 -1.065814e-14
0.000000e+00 8.881784e-16 8.881784e-16 8.881784e-16 0.000000e+00 3.552714e-15 0.000000e+00 3.552714e-15 4.440892e-16 1.776357e-15 2.220446e-15 3.552714e-15 -2.220446e-16 1.110223e-15 -4.440892e-16 1.110223e-15 0.000000e+00 -1.332268e-15 8.881784e-16 2.664535e-15 -3.108624e-15 2.664535e-15 8.881784e-16 -4.440892e-15 2.664535e-15 -9.999000e+03 2.220446e-16 -4.440892e-16 4.440892e-16 0.000000e+00 -8.881784e-16 8.881784e-16 3.552714e-15 -2.664535e-15 1.776357e-15 3.552714e-15 -3.552714e-15 9.769963e-15 0.000000e+00 -1.776357e-15 8.881784e-16 4.440892e-15 8.881784e-16 2.664535e-15 -9.999000e+03 -9.999000e+03 -7.105427e-15 4.263256e-14 -1.776357e-15 2.842171e-14 0.000000e+00
-2.220446e-16 6.661338e-16 0.000000e+00 -4.440892e-16 4.440892e-16 -8.881784e-16 4.440892e-15 2.664535e-15 0.000000e+00 8.881784e-16 2.664535e-15 2.664535e-15 -4.440892e-16 4.440892e-15 8.881784e-16 3.108624e-15 0.000000e+00 1.776357e-15 8.881784e-16 1.332268e-15 0.000000e+00 1.776357e-15 0.000000e+00 4.440892e-16 -9.999000e+03 -9.999000e+03 -2.220446e-16 4.440892e-16 0.000000e+00 8.881784e-16 0.000000e+00 -8.881784e-16 3.552714e-15 1.776357e-15 8.881784e-16 0.000000e+00 2.664535e-15 8.881784e-16 8.881784e-16 6.217249e-15 0.000000e+00 1.776357e-15 -8.881784e-16 4.440892e-15 2.664535e-15 -9.999000e+03 -9.999000e+03 -7.105427e-15 0.000000e+00 2.664535e-15 -2.220446e-16
-9.999000e+03 -9.999000e+03 -9.999000e+03 -9.999000e+03 -9.999000e+03 -9.999000e+03 -9.999000e+03 -9.999000e+03 6.661338e-16 -1.110223e-15 0.000000e+00 1.110223e-15 -2.220446e-16 -4.440892e-16 4.440892e-16 1.776357e-15 -8.881784e-16 1.332268e-15 -4.440892e-16 -8.881784e-16 4.884981e-15 -1.776357e-15 5.329071e-15 -3.552714e-15 -9.999000e+03 -3.330669e-16 6.661338e-16 -8.881784e-16 8.881784e-16 -3.108624e-15 1.332268e-15 -8.881784e-16 4.440892e-15 -1.776357e-15 1.776357e-15 4.440892e-15 0.000000e+00 1.776357e-15 5.329071e-15 -8.881784e-16 8.881784e-16 -1.776357e-15 5.329071e-15 1.776357e-15 2.664535e-15 0.000000e+00 -9.999000e+03 -9.999000e+03 8.881784e-16 -1.332268e-15 2.664535e-15
-9.999000e+03 -9.999000e+03 -9.999000e+03 -9.999000e+03 -9.999000e+03 -9.999000e+03 -9.999000e+03 -9.999000e+03 -9.999000e+03 -9.999000e+03 -9.999000e+03 1.776357e-15 -4.440892e-16 2.220446e-16 -1.110223e-15 2.220446e-15 -4.440892e-16 4.440892e-16 8.881784e-16 -3.108624e-15 6.217249e-15 -3.996803e-15 3.552714e-15 2.664535e-15 -9.999000e+03 1.110223e-16 -6.661338e-16 -2.220446e-15 8.881784e-16 3.552714e-15 0.000000e+00 -8.881784e-16 -1.776357e-15 0.000000e+00 3.552714e-15 0.000000e+00 1.243450e-14 -7.105427e-15 -1.776357e-15 5.329071e-15 6.217249e-15 -8.881784e-16 -2.664535e-15 7.105427e-15 0.000000e+00 -1.776357e-15 8.881784e-16 -9.999000e+03 -9.999000e+03 -4.440892e-16 -4.440892e-16
