tests/data/reference/test_stream_rill/control/mqsheet_m3_s.asc
ncols	123
nrows	77
xllcorner	-713746.79929998
yllcorner	-1061022.36961616
cellsize	10.0
NODATA_value	-9999
[rows 46 to 68 of 77, columns 52 to 103 of 123]
5.138418e-03 5.057762e-03 5.097338e-03 5.292305e-03 5.458607e-03 5.480817e-03 5.498557e-03 5.533294e-03 5.558599e-03 5.602960e-03 5.689744e-03 1.095975e-02 6.002990e-03 6.069766e-03 6.067590e-03 6.096060e-03 6.275228e-03 6.531273e-03 6.797490e-03 6.929159e-03 7.065075e-03 7.287348e-03 7.395962e-03 7.242843e-03 7.161116e-03 0.000000e+00 1.042808e-03 4.396426e-03 6.086401e-03 6.406957e-03 6.150529e-03 0.000000e+00 0.000000e+00 0.000000e+00 6.082825e-03 6.293401e-03 2.343953e-02 6.847879e-03 6.988506e-03 6.988471e-03 6.911838e-03 6.764815e-03 6.568288e-03 6.351472e-03 6.139184e-03 5.672343e-03 4.048175e-03 5.759228e-03 5.638077e-03 5.678812e-03 5.851523e-03 6.011537e-03
5.107557e-03 4.867988e-03 4.822420e-03 5.043739e-03 4.988843e-03 5.003380e-03 5.029217e-03 5.117154e-03 5.443190e-03 5.429290e-03 1.240821e-02 5.695224e-03 5.773952e-03 5.462156e-03 5.426656e-03 5.733589e-03 5.528065e-03 5.835541e-03 6.075472e-03 6.168104e-03 6.298423e-03 6.529407e-03 6.691997e-03 7.281710e-03 4.530993e-03 0.000000e+00 1.042200e-03 4.634329e-03 6.251250e-03 6.745737e-03 6.760027e-03 6.491834e-03 5.710293e-03 0.000000e+00 0.000000e+00 5.747306e-03 2.869239e-02 6.707410e-03 6.946133e-03 6.994313e-03 6.926428e-03 6.784710e-03 6.639338e-03 6.496025e-03 6.339496e-03 5.880197e-03 4.172858e-03 6.030152e-03 5.882194e-03 5.871030e-03 6.014291e-03 6.146467e-03
5.215200e-03 4.891581e-03 4.771464e-03 3.576610e-03 3.650507e-03 3.638662e-03 3.654556e-03 5.176030e-03 5.001290e-03 1.390428e-02 5.419177e-03 5.310217e-03 3.936588e-03 3.894444e-03 5.609320e-03 3.849018e-03 3.925187e-03 4.094232e-03 4.186949e-03 4.209969e-03 4.288557e-03 4.419706e-03 6.918842e-03 6.645710e-03 7.352442e-03 0.000000e+00 9.635262e-04 6.590592e-03 6.853942e-03 7.093982e-03 7.184863e-03 6.982609e-03 6.251230e-03 3.255960e-03 0.000000e+00 5.018575e-03 3.430752e-02 6.496857e-03 6.832194e-03 6.954129e-03 6.910108e-03 6.778436e-03 6.682627e-03 6.612756e-03 6.520522e-03 6.071055e-03 4.271400e-03 6.307319e-03 6.167830e-03 6.105763e-03 6.157005e-03 6.206744e-03
5.395665e-03 5.084855e-03 3.466581e-03 4.666063e-03 4.956298e-03 4.993871e-03 4.993341e-03 3.589676e-03 1.543338e-02 5.189983e-03 3.790607e-03 3.881111e-03 5.346991e-03 5.602520e-03 3.851058e-03 5.250829e-03 5.619972e-03 5.867652e-03 6.045614e-03 6.106764e-03 6.186778e-03 6.355096e-03 4.377745e-03 4.566421e-03 9.714160e-03 0.000000e+00 4.524232e-03 6.528931e-03 7.051915e-03 7.380606e-03 7.522102e-03 7.367777e-03 6.785978e-03 5.524005e-03 0.000000e+00 0.000000e+00 3.772181e-02 6.257384e-03 6.658690e-03 6.864276e-03 6.874206e-03 6.783844e-03 6.731229e-03 6.712902e-03 6.673399e-03 6.226493e-03 4.347979e-03 6.549043e-03 6.459449e-03 6.369876e-03 6.296009e-03 6.215780e-03
5.576442e-03 9.348847e-03 7.746039e-03 6.229655e-03 4.973802e-03 4.976873e-03 4.957818e-03 1.699947e-02 4.996708e-03 3.695652e-03 5.077289e-03 5.462618e-03 5.574786e-03 5.574177e-03 5.574603e-03 5.616411e-03 5.734905e-03 5.941898e-03 6.096983e-03 6.142945e-03 6.150626e-03 6.157733e-03 6.330277e-03 6.721022e-03 6.884990e-03 0.000000e+00 4.546315e-03 4.577760e-03 6.841984e-03 7.657439e-03 7.853317e-03 7.761269e-03 7.294184e-03 1.116894e-02 5.097951e-03 0.000000e+00 3.562957e-02 6.058836e-03 6.490248e-03 6.753224e-03 6.818528e-03 6.781834e-03 6.770430e-03 4.361471e-03 6.822105e-03 9.030322e-03 4.411910e-03 6.753783e-03 6.694878e-03 6.596570e-03 6.453602e-03 6.286631e-03
1.103233e-02 5.603914e-03 8.411660e-03 8.465673e-03 1.089272e-02 1.480508e-02 1.620584e-02 5.007484e-03 5.061363e-03 5.237309e-03 5.391735e-03 5.438774e-03 5.461595e-03 5.482721e-03 5.533846e-03 5.628602e-03 8.466320e-03 6.930807e-03 6.314820e-03 6.358858e-03 6.302638e-03 6.089591e-03 6.047168e-03 6.317920e-03 6.536737e-03 0.000000e+00 4.535344e-03 6.753714e-03 7.520545e-03 7.895680e-03 8.121546e-03 8.075598e-03 7.654801e-03 6.787459e-03 9.329725e-03 0.000000e+00 0.000000e+00 5.787053e-03 6.370000e-03 6.649916e-03 6.752160e-03 6.764185e-03 6.251141e-03 4.363859e-03 6.831784e-03 1.036127e-02 4.458791e-03 6.937556e-03 6.859316e-03 6.758193e-03 6.639656e-03 6.470226e-03
5.795838e-03 5.769723e-03 3.836977e-03 5.361542e-03 5.822807e-03 5.130088e-03 5.145309e-03 5.116170e-03 5.206250e-03 5.422628e-03 5.555588e-03 5.473299e-03 5.384119e-03 5.374994e-03 5.425853e-03 5.522567e-03 3.972691e-03 5.721353e-03 6.333630e-03 6.566612e-03 6.501949e-03 6.064508e-03 5.818728e-03 6.013691e-03 4.274248e-03 0.000000e+00 4.549948e-03 6.797765e-03 7.622222e-03 7.962225e-03 8.218186e-03 8.231707e-03 7.876645e-03 7.225933e-03 6.071029e-03 7.777544e-03 0.000000e+00 9.454693e-03 6.329209e-03 6.550523e-03 6.643251e-03 6.609052e-03 4.326303e-03 6.242644e-03 6.831395e-03 8.431166e-03 6.485346e-03 7.087172e-03 7.007355e-03 6.901196e-03 6.808822e-03 6.685992e-03
5.832588e-03 5.891061e-03 5.752141e-03 7.311866e-03 5.168178e-03 5.158433e-03 5.207737e-03 5.226984e-03 5.364485e-03 8.221064e-03 6.671724e-03 5.684944e-03 5.462178e-03 5.340893e-03 5.322137e-03 5.396050e-03 5.617124e-03 5.987959e-03 6.344187e-03 6.625519e-03 6.583310e-03 6.051799e-03 9.173289e-03 9.380907e-03 7.840995e-03 0.000000e+00 4.580705e-03 6.860746e-03 7.721620e-03 8.122189e-03 8.258616e-03 8.194104e-03 7.982210e-03 7.646263e-03 6.760314e-03 1.120275e-02 0.000000e+00 0.000000e+00 6.334173e-03 6.465964e-03 6.469187e-03 4.184253e-03 6.055958e-03 6.657136e-03 6.851557e-03 7.074946e-03 7.042990e-03 7.186149e-03 7.158167e-03 7.054333e-03 6.941925e-03 6.884147e-03
5.913902e-03 6.018202e-03 9.175721e-03 5.513850e-03 5.231803e-03 5.229957e-03 5.289394e-03 5.328738e-03 5.480581e-03 5.787652e-03 5.949238e-03 5.884603e-03 5.689752e-03 5.445655e-03 5.334412e-03 5.404284e-03 5.613511e-03 5.938530e-03 6.263765e-03 6.546893e-03 6.507597e-03 5.942056e-03 3.859863e-03 4.139200e-03 6.090883e-03 0.000000e+00 4.625171e-03 6.960690e-03 7.848390e-03 8.243548e-03 8.361498e-03 8.153596e-03 7.966948e-03 7.945029e-03 1.266748e-02 1.477768e-02 4.113078e-03 0.000000e+00 6.506372e-03 6.441366e-03 5.946480e-03 4.203589e-03 6.473920e-03 6.740268e-03 6.924326e-03 7.066856e-03 7.149176e-03 7.227355e-03 7.252624e-03 7.184634e-03 7.070287e-03 7.038592e-03
6.052946e-03 6.140159e-03 6.014974e-03 5.621942e-03 5.371810e-03 5.367156e-03 5.415382e-03 5.464467e-03 5.598113e-03 3.993112e-03 9.323489e-03 1.223315e-02 1.033391e-02 1.644708e-02 1.833895e-02 1.655315e-02 1.483108e-02 1.318267e-02 1.159920e-02 1.007398e-02 8.564370e-03 7.033566e-03 5.712059e-03 6.166400e-03 0.000000e+00 0.000000e+00 4.706769e-03 7.115088e-03 7.982845e-03 8.271431e-03 8.317793e-03 8.157450e-03 7.989167e-03 8.067335e-03 7.877489e-03 1.088908e-02 1.394297e-02 0.000000e+00 6.787504e-03 6.562215e-03 4.339151e-03 6.142901e-03 6.746060e-03 6.926212e-03 7.075112e-03 7.162966e-03 7.187755e-03 7.216527e-03 7.261505e-03 7.264225e-03 7.206422e-03 7.151494e-03
6.231775e-03 6.236724e-03 6.066308e-03 5.754675e-03 5.573643e-03 5.548915e-03 5.579599e-03 5.659462e-03 5.766232e-03 8.836032e-03 6.012304e-03 6.138433e-03 9.352413e-03 5.896696e-03 5.767137e-03 8.933821e-03 7.298799e-03 6.170860e-03 6.315418e-03 6.506761e-03 6.515069e-03 6.207228e-03 6.124275e-03 6.494906e-03 0.000000e+00 1.035937e-03 4.992390e-03 7.202289e-03 7.947469e-03 8.075379e-03 8.067537e-03 8.051084e-03 8.046195e-03 8.053903e-03 7.898402e-03 1.261480e-02 2.258038e-02 0.000000e+00 0.000000e+00 4.661288e-03 6.539879e-03 6.921377e-03 7.052434e-03 7.145672e-03 7.219546e-03 7.255998e-03 7.235229e-03 7.204895e-03 7.212947e-03 7.239599e-03 7.228776e-03 7.142470e-03
6.384313e-03 6.260350e-03 6.008536e-03 5.881081e-03 5.766947e-03 5.712334e-03 5.721761e-03 5.822486e-03 5.913327e-03 5.950541e-03 6.030053e-03 6.176182e-03 6.206471e-03 6.042554e-03 5.961126e-03 6.072624e-03 9.433169e-03 1.266092e-02 1.561228e-02 1.372896e-02 1.199136e-02 1.035466e-02 8.826110e-03 7.400370e-03 0.000000e+00 1.044685e-03 4.986320e-03 7.112819e-03 7.731565e-03 7.749623e-03 7.771130e-03 7.945956e-03 8.107291e-03 8.162464e-03 8.136144e-03 7.808089e-03 1.715877e-02 2.123653e-02 0.000000e+00 7.258102e-03 7.728138e-03 7.398008e-03 7.354130e-03 7.333580e-03 7.311081e-03 7.313062e-03 7.295783e-03 7.222362e-03 7.133892e-03 7.090839e-03 7.069030e-03 6.962794e-03
6.378496e-03 5.710077e-03 5.881189e-03 5.822512e-03 5.804577e-03 5.766551e-03 5.768395e-03 5.865368e-03 5.950022e-03 5.979798e-03 6.045435e-03 6.166641e-03 6.209290e-03 6.127752e-03 6.099830e-03 6.197205e-03 6.331577e-03 6.482583e-03 6.643048e-03 1.044717e-02 8.681297e-03 7.264772e-03 6.965098e-03 7.093423e-03 0.000000e+00 1.049124e-03 4.964985e-03 7.004905e-03 7.540543e-03 7.536968e-03 1.379784e-02 1.175551e-02 1.094578e-02 1.094721e-02 1.111408e-02 1.168648e-02 1.602108e-02 2.785546e-02 0.000000e+00 0.000000e+00 8.219670e-03 7.792209e-03 7.542816e-03 7.434217e-03 7.345323e-03 7.316419e-03 7.301744e-03 7.217543e-03 7.067886e-03 6.960678e-03 6.925740e-03 6.815607e-03
4.216366e-03 5.878030e-03 5.586428e-03 5.594550e-03 5.722553e-03 5.729556e-03 5.737261e-03 5.808206e-03 5.888907e-03 5.962350e-03 6.043265e-03 6.120612e-03 6.166475e-03 6.172120e-03 6.198402e-03 6.274215e-03 6.386850e-03 6.542347e-03 6.718823e-03 6.898524e-03 1.090890e-02 1.160657e-02 1.207316e-02 1.486877e-02 0.000000e+00 4.747300e-03 7.070866e-03 1.136200e-02 1.453594e-02 1.475157e-02 7.615014e-03 1.168965e-02 1.067902e-02 8.196243e-03 8.342913e-03 9.293454e-03 1.120870e-02 1.827746e-02 3.165753e-02 0.000000e+00 0.000000e+00 7.945478e-03 7.657698e-03 7.421710e-03 7.320945e-03 7.265389e-03 7.221830e-03 7.150954e-03 7.019366e-03 6.919063e-03 6.910427e-03 1.925789e-02
5.840603e-03 5.654676e-03 4.985810e-03 5.404426e-03 5.566116e-03 5.631036e-03 5.648792e-03 5.666052e-03 5.733738e-03 5.903238e-03 6.016284e-03 6.062780e-03 6.121819e-03 6.210598e-03 6.293409e-03 6.363365e-03 6.463035e-03 6.607962e-03 6.780460e-03 6.966759e-03 4.485281e-03 4.488980e-03 7.193132e-03 4.667929e-03 0.000000e+00 4.775871e-03 7.106053e-03 7.590078e-03 7.529069e-03 7.392215e-03 6.877612e-03 7.064196e-03 7.238471e-03 7.369432e-03 7.541742e-03 7.775828e-03 7.811812e-03 8.477273e-03 7.497335e-03 4.012197e-02 0.000000e+00 0.000000e+00 7.442834e-03 7.223177e-03 7.208066e-03 7.189602e-03 7.143435e-03 7.101770e-03 7.012267e-03 6.903343e-03 6.855086e-03 2.012197e-02
6.033905e-03 3.677431e-03 5.019443e-03 4.944574e-03 5.162646e-03 5.264236e-03 5.285860e-03 5.239320e-03 5.578851e-03 5.738936e-03 5.894934e-03 5.970574e-03 6.035762e-03 6.176738e-03 6.316629e-03 6.418553e-03 6.536098e-03 6.686140e-03 6.848956e-03 4.464897e-03 6.483682e-03 6.955062e-03 4.499292e-03 6.746254e-03 0.000000e+00 4.739900e-03 7.018975e-03 7.469580e-03 6.738065e-03 4.601990e-03 4.638073e-03 4.705138e-03 4.780768e-03 4.852419e-03 4.946938e-03 5.066101e-03 8.633346e-03 9.240163e-03 1.241968e-02 1.654268e-02 5.266773e-02 0.000000e+00 6.448147e-03 6.686369e-03 6.968654e-03 7.091006e-03 7.105666e-03 7.108698e-03 7.065845e-03 6.896457e-03 2.116454e-02 6.686675e-03
5.809771e-03 5.272384e-03 3.475477e-03 3.628762e-03 3.746565e-03 3.820208e-03 3.815171e-03 5.317311e-03 5.062091e-03 5.254740e-03 5.685480e-03 5.718953e-03 5.799072e-03 5.991343e-03 6.172242e-03 6.334448e-03 6.515144e-03 6.681943e-03 4.441331e-03 6.485412e-03 7.036626e-03 7.017033e-03 7.043324e-03 7.298135e-03 0.000000e+00 4.687267e-03 6.910600e-03 4.604744e-03 4.569797e-03 6.696995e-03 7.307878e-03 7.455283e-03 7.596491e-03 7.813310e-03 8.089775e-03 8.417930e-03 5.058020e-03 5.090410e-03 7.672090e-03 7.851061e-03 6.448865e-03 0.000000e+00 0.000000e+00 6.133555e-03 6.678048e-03 6.943203e-03 7.014465e-03 7.019854e-03 6.997819e-03 2.051541e-02 6.551208e-03 1.879733e-02
5.524149e-03 5.146693e-03 4.875657e-03 4.904649e-03 5.044585e-03 5.209692e-03 5.259034e-03 3.620905e-03 3.637910e-03 5.218509e-03 5.114382e-03 5.164458e-03 5.513383e-03 5.668584e-03 5.890741e-03 6.135960e-03 6.044704e-03 4.405632e-03 6.438175e-03 7.050684e-03 7.153583e-03 7.067176e-03 7.049209e-03 7.215959e-03 0.000000e+00 4.641112e-03 6.841924e-03 7.425376e-03 7.457480e-03 7.411099e-03 7.371375e-03 7.337619e-03 7.381402e-03 7.539997e-03 7.788691e-03 8.099890e-03 8.398303e-03 8.651917e-03 9.687890e-03 1.173587e-02 1.685057e-02 2.474668e-02 0.000000e+00 0.000000e+00 6.345679e-03 1.088606e-02 4.337365e-03 6.758660e-03 2.177768e-02 6.463818e-03 2.212804e-02 7.221376e-03
5.153740e-03 4.991394e-03 4.902955e-03 4.900794e-03 4.948791e-03 5.031039e-03 5.039733e-03 4.924409e-03 4.881883e-03 3.607697e-03 3.664807e-03 5.088285e-03 4.967639e-03 5.124831e-03 5.363704e-03 4.156466e-03 4.293505e-03 6.288872e-03 6.951796e-03 7.135658e-03 7.170291e-03 7.112934e-03 7.084760e-03 7.154849e-03 0.000000e+00 4.619660e-03 6.854169e-03 7.555339e-03 7.672250e-03 7.600928e-03 7.482414e-03 7.354258e-03 7.288117e-03 7.321738e-03 7.485582e-03 7.780199e-03 8.082021e-03 8.333519e-03 4.967561e-03 4.941427e-03 7.229963e-03 7.090422e-03 2.388168e-02 0.000000e+00 5.970355e-03 1.111792e-02 6.634484e-03 2.293404e-02 6.399311e-03 2.159433e-02 7.079563e-03 7.233107e-03
4.776248e-03 4.809490e-03 4.904008e-03 4.963333e-03 4.982167e-03 4.959385e-03 4.902195e-03 4.816733e-03 4.757805e-03 4.749841e-03 4.790085e-03 3.530046e-03 3.603180e-03 3.695322e-03 3.865899e-03 5.596439e-03 6.316766e-03 6.734566e-03 6.990347e-03 7.091238e-03 7.098265e-03 7.048493e-03 1.097934e-02 1.160728e-02 0.000000e+00 4.626423e-03 6.910534e-03 7.718958e-03 7.914786e-03 7.838970e-03 7.663469e-03 7.456063e-03 7.290771e-03 7.200412e-03 7.242485e-03 7.446997e-03 7.721284e-03 7.997454e-03 8.239180e-03 8.434690e-03 8.409114e-03 8.086140e-03 7.367440e-03 0.000000e+00 0.000000e+00 1.445686e-02 2.218897e-02 6.462572e-03 2.271241e-02 1.122234e-02 7.312624e-03 7.355832e-03
3.316424e-03 4.515395e-03 4.910862e-03 5.082504e-03 5.121716e-03 5.011922e-03 4.896276e-03 4.852256e-03 4.772731e-03 4.587672e-03 4.489272e-03 4.575272e-03 4.775540e-03 5.040892e-03 5.398754e-03 5.847648e-03 6.283701e-03 6.673424e-03 6.917545e-03 6.979047e-03 6.933520e-03 6.830532e-03 4.404578e-03 0.000000e+00 0.000000e+00 4.626155e-03 6.931324e-03 7.812004e-03 8.084359e-03 8.056521e-03 7.882315e-03 7.627729e-03 7.382299e-03 7.186288e-03 7.086126e-03 7.113170e-03 7.305959e-03 7.646260e-03 7.988660e-03 8.270491e-03 8.411661e-03 8.342352e-03 8.052742e-03 7.317822e-03 0.000000e+00 0.000000e+00 2.349924e-02 2.069255e-02 9.284140e-03 4.506062e-03 4.593668e-03 6.773252e-03
-9.999000e+03 -9.999000e+03 -9.999000e+03 -9.999000e+03 -9.999000e+03 -9.999000e+03 -9.999000e+03 3.578220e-03 3.511779e-03 3.321585e-03 3.235279e-03 3.312383e-03 4.519497e-03 5.071974e-03 5.490761e-03 5.856821e-03 6.209475e-03 6.571621e-03 6.796175e-03 6.817039e-03 6.729784e-03 6.585507e-03 6.633125e-03 0.000000e+00 1.003704e-03 4.812522e-03 6.906156e-03 7.805901e-03 8.161005e-03 8.232746e-03 8.116654e-03 7.848311e-03 7.534596e-03 7.228461e-03 6.985818e-03 6.841622e-03 6.929216e-03 7.282886e-03 7.698973e-03 8.066557e-03 8.322130e-03 8.448692e-03 8.318174e-03 7.873128e-03 6.840398e-03 0.000000e+00 0.000000e+00 7.878383e-03 6.650136e-03 6.808617e-03 7.487002e-03 4.667667e-03
-9.999000e+03 -9.999000e+03 -9.999000e+03 -9.999000e+03 -9.999000e+03 -9.999000e+03 -9.999000e+03 -9.999000e+03 -9.999000e+03 -9.999000e+03 4.297029e-03 4.325710e-03 3.524889e-03 3.797990e-03 5.382012e-03 5.861662e-03 6.119692e-03 6.441048e-03 6.641970e-03 6.620406e-03 6.516592e-03 6.403885e-03 6.508504e-03 0.000000e+00 1.001230e-03 4.771607e-03 6.816697e-03 7.723056e-03 8.145416e-03 8.335511e-03 8.316312e-03 8.074833e-03 7.721162e-03 7.321178e-03 6.977959e-03 6.747359e-03 6.733881e-03 6.968827e-03 7.343176e-03 7.788123e-03 8.158941e-03 8.395058e-03 8.410384e-03 8.131070e-03 7.467180e-03 6.287636e-03 0.000000e+00 0.000000e+00 7.471311e-03 7.748010e-03 -9.999000e+03 -9.999000e+03
