tests/data/reference/test_stream_rill/control/mqsheet_m3_s.asc
ncols	123
nrows	77
xllcorner	-713746.79929998
yllcorner	-1061022.36961616
cellsize	10.0
NODATA_value	-9999
[rows 23 to 45 of 77, columns 52 to 103 of 123]
6.428482e-03 7.084417e-03 7.130781e-03 7.100414e-03 7.055182e-03 7.025603e-03 6.972418e-03 6.871905e-03 6.788704e-03 6.766486e-03 6.744577e-03 6.701663e-03 6.641500e-03 6.519303e-03 6.283824e-03 5.946173e-03 1.593264e-02 5.312175e-03 5.384399e-03 5.478560e-03 5.561769e-03 5.652292e-03 5.665006e-03 5.552719e-03 3.829792e-03 4.974245e-03 1.389207e-02 5.652591e-03 1.185427e-02 5.210242e-03 5.461529e-03 5.140498e-03 3.649540e-03 3.320731e-03 -9.999000e+03 -9.999000e+03 -9.999000e+03 -9.999000e+03 -9.999000e+03 -9.999000e+03 -9.999000e+03 -9.999000e+03 -9.999000e+03 -9.999000e+03 -9.999000e+03 -9.999000e+03 -9.999000e+03 -9.999000e+03 -9.999000e+03 -9.999000e+03 -9.999000e+03 -9.999000e+03
6.535454e-03 7.114620e-03 7.188470e-03 7.126393e-03 7.055364e-03 7.008158e-03 6.950392e-03 6.856767e-03 6.784850e-03 6.763861e-03 6.745926e-03 6.714448e-03 6.633867e-03 6.468001e-03 6.224871e-03 5.922750e-03 1.796664e-02 5.375831e-03 5.526536e-03 5.718832e-03 5.880409e-03 6.004017e-03 6.034421e-03 5.944235e-03 5.471765e-03 5.487481e-03 3.675863e-03 1.241476e-02 4.667543e-03 9.595206e-03 7.762176e-03 5.430056e-03 5.052172e-03 4.636067e-03 3.212727e-03 -9.999000e+03 -9.999000e+03 -9.999000e+03 -9.999000e+03 -9.999000e+03 -9.999000e+03 -9.999000e+03 -9.999000e+03 -9.999000e+03 -9.999000e+03 -9.999000e+03 -9.999000e+03 -9.999000e+03 -9.999000e+03 -9.999000e+03 -9.999000e+03 -9.999000e+03
7.239353e-03 7.199477e-03 7.257239e-03 7.172480e-03 7.046454e-03 6.935488e-03 6.849001e-03 6.793737e-03 6.781536e-03 6.797228e-03 6.792862e-03 6.738660e-03 6.602672e-03 6.389656e-03 6.176691e-03 5.990104e-03 1.974414e-02 5.648692e-03 5.764616e-03 5.943524e-03 6.119876e-03 6.247963e-03 6.272363e-03 6.204863e-03 6.042370e-03 5.867759e-03 5.321011e-03 1.100844e-02 3.758750e-03 4.940869e-03 1.362440e-02 5.094478e-03 5.320943e-03 5.313732e-03 4.852537e-03 3.544817e-03 3.283866e-03 3.259319e-03 -9.999000e+03 -9.999000e+03 -9.999000e+03 -9.999000e+03 -9.999000e+03 -9.999000e+03 -9.999000e+03 -9.999000e+03 -9.999000e+03 -9.999000e+03 -9.999000e+03 -9.999000e+03 -9.999000e+03 -9.999000e+03
6.727556e-03 7.349453e-03 7.284525e-03 7.162564e-03 6.998701e-03 6.854851e-03 6.769812e-03 6.769072e-03 6.802835e-03 6.833968e-03 6.826220e-03 6.741162e-03 6.584534e-03 6.388705e-03 6.207038e-03 6.065620e-03 2.138383e-02 5.819097e-03 5.895829e-03 6.046160e-03 6.203614e-03 6.317794e-03 6.340970e-03 6.306633e-03 6.250379e-03 6.168153e-03 6.024144e-03 9.615231e-03 5.428306e-03 5.336938e-03 1.175543e-02 4.978200e-03 5.300984e-03 5.549926e-03 5.494551e-03 5.008251e-03 4.559589e-03 3.362702e-03 4.314784e-03 3.228947e-03 -9.999000e+03 -9.999000e+03 -9.999000e+03 -9.999000e+03 -9.999000e+03 -9.999000e+03 -9.999000e+03 -9.999000e+03 -9.999000e+03 -9.999000e+03 -9.999000e+03 -9.999000e+03
7.382134e-03 4.576817e-03 7.247338e-03 7.064008e-03 6.895963e-03 6.797447e-03 6.770993e-03 6.807711e-03 6.847619e-03 6.857704e-03 6.828372e-03 6.739140e-03 6.615746e-03 6.478412e-03 6.314885e-03 6.121160e-03 2.285705e-02 5.767603e-03 5.838644e-03 5.975999e-03 6.090577e-03 6.176721e-03 6.211013e-03 6.238406e-03 6.292650e-03 6.342385e-03 6.359867e-03 8.184199e-03 6.110020e-03 5.848012e-03 1.006963e-02 5.310243e-03 5.281785e-03 5.351294e-03 5.404515e-03 7.062770e-03 3.591261e-03 3.442615e-03 4.387414e-03 4.438397e-03 4.155488e-03 8.301624e-03 -9.999000e+03 -9.999000e+03 -9.999000e+03 -9.999000e+03 -9.999000e+03 -9.999000e+03 -9.999000e+03 -9.999000e+03 -9.999000e+03 -9.999000e+03
7.475313e-03 6.648625e-03 7.105192e-03 6.890495e-03 4.330781e-03 6.763574e-03 6.778257e-03 6.845389e-03 6.900743e-03 6.903879e-03 6.857414e-03 6.762088e-03 6.645384e-03 6.516119e-03 6.338911e-03 6.103131e-03 2.416032e-02 5.739923e-03 5.847134e-03 5.989280e-03 6.080062e-03 6.140058e-03 6.164323e-03 6.208344e-03 6.315750e-03 6.450612e-03 6.553985e-03 6.673098e-03 6.427848e-03 6.233229e-03 8.502156e-03 5.652599e-03 5.357220e-03 5.203717e-03 5.194258e-03 5.582913e-03 4.803423e-03 4.612408e-03 3.432145e-03 4.586927e-03 0.000000e+00 1.931355e-02 8.224940e-03 8.091662e-03 -9.999000e+03 -9.999000e+03 -9.999000e+03 -9.999000e+03 -9.999000e+03 -9.999000e+03 -9.999000e+03 -9.999000e+03
7.382669e-03 7.091155e-03 6.975932e-03 6.825675e-03 4.356064e-03 6.217017e-03 6.764332e-03 6.860426e-03 6.958957e-03 6.980372e-03 6.928660e-03 6.811883e-03 6.650180e-03 6.444117e-03 6.202352e-03 5.979203e-03 5.871905e-03 2.485302e-02 6.029259e-03 6.195925e-03 6.298195e-03 6.336286e-03 6.315197e-03 6.305646e-03 6.376247e-03 6.528491e-03 6.664144e-03 6.670012e-03 6.550862e-03 6.400328e-03 7.018068e-03 5.888557e-03 5.566421e-03 5.317599e-03 5.148593e-03 5.090207e-03 4.955436e-03 4.868448e-03 4.619011e-03 0.000000e+00 0.000000e+00 1.571337e-02 7.898422e-03 2.384652e-03 7.891144e-03 -9.999000e+03 -9.999000e+03 -9.999000e+03 -9.999000e+03 -9.999000e+03 -9.999000e+03 -9.999000e+03
7.130327e-03 6.940264e-03 6.825236e-03 6.783276e-03 6.252217e-03 4.365043e-03 6.729050e-03 6.891003e-03 6.978647e-03 6.974594e-03 6.893326e-03 6.741021e-03 6.538522e-03 6.294533e-03 6.075465e-03 5.960633e-03 5.975126e-03 6.100524e-03 2.266565e-02 6.473284e-03 6.549620e-03 6.540823e-03 6.469745e-03 6.417324e-03 6.454771e-03 6.600260e-03 6.717556e-03 6.704996e-03 6.606464e-03 6.508125e-03 6.372405e-03 6.124844e-03 5.846162e-03 7.939828e-03 5.273251e-03 3.648116e-03 5.049059e-03 5.048507e-03 0.000000e+00 0.000000e+00 3.175035e-03 1.047207e-02 5.159468e-03 3.241120e-03 2.493330e-03 7.801065e-03 -9.999000e+03 -9.999000e+03 -9.999000e+03 -9.999000e+03 -9.999000e+03 -9.999000e+03
6.684838e-03 6.599058e-03 6.630586e-03 6.713200e-03 6.720519e-03 6.295103e-03 4.425630e-03 6.934786e-03 6.926353e-03 6.825556e-03 6.667133e-03 6.459559e-03 6.252331e-03 6.094857e-03 6.050463e-03 6.116736e-03 6.246474e-03 6.425210e-03 1.920308e-02 6.747927e-03 6.737439e-03 6.652186e-03 6.543066e-03 6.491960e-03 6.539278e-03 6.666085e-03 6.718169e-03 6.678362e-03 6.640002e-03 6.626156e-03 6.577385e-03 6.400927e-03 1.087815e-02 5.813618e-03 5.266193e-03 3.801848e-03 5.340764e-03 0.000000e+00 0.000000e+00 3.553049e-03 4.304955e-03 7.655272e-03 3.734664e-03 3.287736e-03 3.240368e-03 2.706142e-03 2.533038e-03 -9.999000e+03 -9.999000e+03 -9.999000e+03 -9.999000e+03 -9.999000e+03
6.014677e-03 6.101306e-03 6.283419e-03 6.463666e-03 4.251011e-03 6.717600e-03 6.768218e-03 6.324795e-03 6.822889e-03 6.692041e-03 6.520560e-03 6.328190e-03 6.183216e-03 6.131539e-03 6.186591e-03 6.331983e-03 6.502255e-03 6.666342e-03 1.868300e-02 6.829734e-03 6.754060e-03 6.646194e-03 6.558611e-03 6.550233e-03 6.620741e-03 6.710058e-03 6.677703e-03 6.592677e-03 6.583057e-03 6.621215e-03 6.642305e-03 1.383878e-02 6.248349e-03 6.028188e-03 5.512756e-03 3.940121e-03 0.000000e+00 0.000000e+00 3.801728e-03 4.878545e-03 4.778452e-03 9.184937e-03 3.818928e-03 2.833929e-03 3.594105e-03 3.657576e-03 3.605381e-03 2.678126e-03 7.847477e-03 -9.999000e+03 -9.999000e+03 -9.999000e+03
5.129635e-03 5.400035e-03 5.652490e-03 5.891614e-03 6.132253e-03 5.868220e-03 6.532217e-03 6.642477e-03 6.620252e-03 6.668551e-03 6.603384e-03 6.526485e-03 6.479313e-03 6.470644e-03 6.503741e-03 6.583910e-03 6.668348e-03 6.721445e-03 6.705700e-03 2.232541e-02 6.558788e-03 6.523378e-03 6.537226e-03 6.607197e-03 6.694648e-03 6.724898e-03 6.600283e-03 6.445917e-03 6.399380e-03 6.422367e-03 1.668283e-02 6.381482e-03 6.274270e-03 6.127294e-03 0.000000e+00 0.000000e+00 0.000000e+00 3.995807e-03 5.303409e-03 5.338419e-03 9.437213e-03 4.699346e-03 3.452768e-03 4.051989e-03 3.961451e-03 3.808283e-03 4.417671e-03 7.371089e-03 2.688686e-03 8.142903e-03 -9.999000e+03 -9.999000e+03
5.990608e-02 4.614969e-02 4.974166e-03 5.293720e-03 5.746382e-03 6.043818e-03 6.239847e-03 6.480546e-03 6.621999e-03 6.712961e-03 6.767940e-03 6.801400e-03 6.833862e-03 6.853108e-03 6.853853e-03 6.837676e-03 6.789454e-03 6.699141e-03 6.554681e-03 2.339856e-02 6.259801e-03 6.279892e-03 6.390365e-03 6.533056e-03 6.625111e-03 6.592255e-03 6.397797e-03 6.219406e-03 6.170582e-03 6.186800e-03 1.879373e-02 6.337858e-03 6.300623e-03 0.000000e+00 0.000000e+00 4.128314e-03 4.100877e-03 5.611608e-03 5.773573e-03 1.022283e-02 5.308088e-03 4.940261e-03 3.654528e-03 4.637528e-03 4.331007e-03 5.781507e-03 5.159564e-03 3.741901e-03 3.051787e-03 8.196475e-03 2.616678e-03 8.158171e-03
1.138273e-02 9.383123e-03 3.439815e-02 5.169834e-03 5.475077e-03 5.907376e-03 6.264547e-03 6.511414e-03 6.721184e-03 6.883746e-03 7.007008e-03 7.114684e-03 7.194251e-03 7.226709e-03 7.198665e-03 7.077360e-03 6.863805e-03 6.600924e-03 6.302779e-03 5.995939e-03 2.866312e-02 5.756759e-03 5.941383e-03 6.153448e-03 6.327923e-03 6.234812e-03 6.013226e-03 5.889611e-03 5.924198e-03 5.993783e-03 2.040546e-02 6.359120e-03 0.000000e+00 0.000000e+00 4.139452e-03 5.766467e-03 5.736698e-03 6.044110e-03 1.197703e-02 5.763676e-03 5.567460e-03 5.149177e-03 5.139175e-03 3.604583e-03 4.679748e-03 8.576489e-03 3.389985e-03 4.391899e-03 4.220497e-03 7.209688e-03 3.036983e-03 8.202654e-03
3.967906e-03 5.503752e-03 5.811893e-03 2.978621e-02 2.822400e-02 2.308650e-02 2.099852e-02 6.469140e-03 6.593830e-03 6.703051e-03 6.805437e-03 6.910424e-03 6.961971e-03 6.947305e-03 1.115163e-02 6.657119e-03 6.390723e-03 6.129475e-03 5.857645e-03 5.596759e-03 3.797584e-03 2.996571e-02 9.172947e-03 5.923525e-03 5.861300e-03 5.669417e-03 5.634276e-03 5.611929e-03 5.758595e-03 5.909296e-03 2.174661e-02 0.000000e+00 0.000000e+00 4.197641e-03 5.833368e-03 6.154057e-03 6.121354e-03 6.144695e-03 1.388782e-02 5.938908e-03 5.748840e-03 5.549252e-03 5.088340e-03 3.696376e-03 4.926177e-03 6.803983e-03 4.584105e-03 4.734053e-03 4.652362e-03 5.422580e-03 4.230303e-03 5.900339e-03
6.202300e-03 6.423166e-03 6.415026e-03 5.997700e-03 5.803403e-03 6.080379e-03 6.280378e-03 2.420792e-02 2.631574e-02 2.848376e-02 3.002058e-02 3.079427e-02 3.302862e-02 3.704446e-02 4.150824e-02 4.524092e-02 4.391568e-02 5.251383e-03 5.329653e-03 5.374194e-03 5.474672e-03 5.360232e-03 2.539304e-02 5.838274e-03 5.560558e-03 5.274252e-03 5.166317e-03 5.469766e-03 5.732092e-03 5.962110e-03 0.000000e+00 0.000000e+00 6.031395e-03 4.229078e-03 6.294610e-03 6.266723e-03 6.198863e-03 6.168989e-03 1.548681e-02 6.030365e-03 5.890238e-03 5.656983e-03 5.215204e-03 5.257514e-03 5.337257e-03 3.513957e-03 4.726905e-03 4.734335e-03 4.762612e-03 4.831656e-03 4.777691e-03 4.900550e-03
6.124564e-03 6.689346e-03 6.681102e-03 2.486674e-02 2.602525e-02 2.276587e-02 2.193922e-02 2.320272e-02 2.460751e-02 2.620968e-02 2.759880e-02 2.853203e-02 2.998656e-02 3.132202e-02 3.209027e-02 3.280093e-02 3.167576e-02 4.560864e-02 4.426813e-02 4.804860e-03 5.063139e-03 5.455687e-03 2.882559e-02 5.518890e-03 5.210673e-03 4.987229e-03 4.985508e-03 5.270101e-03 5.785879e-03 0.000000e+00 0.000000e+00 6.491790e-03 6.076388e-03 4.248560e-03 6.422010e-03 6.352574e-03 6.261224e-03 1.743528e-02 6.183564e-03 6.140888e-03 6.016371e-03 5.790066e-03 5.607110e-03 5.389991e-03 4.929648e-03 4.931861e-03 3.469844e-03 4.697226e-03 4.755808e-03 4.875347e-03 4.956195e-03 4.915526e-03
6.450160e-03 2.085095e-02 2.081479e-02 6.536095e-03 6.680464e-03 6.972070e-03 7.187685e-03 7.270600e-03 7.284699e-03 7.255393e-03 7.190570e-03 7.063757e-03 6.888235e-03 6.656075e-03 6.390192e-03 6.123369e-03 1.026739e-02 1.388062e-02 1.189446e-02 4.844718e-02 4.718072e-02 3.657332e-02 3.691087e-02 3.407372e-02 4.791951e-03 4.828784e-03 4.963871e-03 5.370776e-03 0.000000e+00 0.000000e+00 4.206612e-03 9.616612e-03 6.102871e-03 4.256889e-03 6.481641e-03 6.430237e-03 6.347486e-03 1.898596e-02 6.326724e-03 6.296714e-03 6.179812e-03 5.978046e-03 5.739106e-03 5.487582e-03 5.322836e-03 4.908907e-03 3.591106e-03 4.759992e-03 4.721389e-03 4.755042e-03 4.795621e-03 4.802607e-03
2.385606e-02 6.258100e-03 6.462670e-03 6.618169e-03 6.818089e-03 7.085281e-03 7.307514e-03 7.438739e-03 7.519487e-03 7.564744e-03 7.562929e-03 7.505678e-03 7.406136e-03 7.281978e-03 7.136557e-03 6.942270e-03 6.732878e-03 6.489591e-03 1.063540e-02 1.426702e-02 1.731075e-02 1.027090e-02 1.268368e-02 6.249912e-02 3.455821e-02 4.353383e-03 4.815352e-03 3.836800e-03 0.000000e+00 4.081764e-03 5.884854e-03 1.184974e-02 4.333247e-03 6.093061e-03 6.542076e-03 6.490062e-03 6.426784e-03 2.059850e-02 6.468514e-03 6.439499e-03 6.316937e-03 6.111932e-03 5.860607e-03 5.619784e-03 5.441976e-03 5.085243e-03 5.114201e-03 3.584851e-03 4.815615e-03 4.754412e-03 4.717995e-03 4.728505e-03
5.966208e-03 6.169566e-03 6.343935e-03 6.440455e-03 6.567575e-03 6.790510e-03 7.006992e-03 7.164856e-03 7.302265e-03 7.422816e-03 7.497306e-03 7.518881e-03 7.517595e-03 7.514903e-03 7.491987e-03 7.440087e-03 7.370059e-03 7.276246e-03 7.041857e-03 6.580382e-03 6.274519e-03 0.000000e+00 0.000000e+00 0.000000e+00 8.595990e-02 3.318591e-02 4.438714e-03 0.000000e+00 0.000000e+00 5.269392e-03 5.957530e-03 1.179203e-02 4.368745e-03 6.663532e-03 6.629607e-03 6.530947e-03 2.227494e-02 6.542684e-03 6.584895e-03 6.557555e-03 6.416310e-03 6.201237e-03 5.952628e-03 5.701554e-03 5.527974e-03 5.457141e-03 5.077511e-03 3.728780e-03 5.061569e-03 4.958591e-03 4.870721e-03 4.817719e-03
5.887623e-03 6.060776e-03 6.170490e-03 6.211021e-03 6.280451e-03 6.447814e-03 6.621763e-03 6.753352e-03 6.900648e-03 7.081604e-03 7.236176e-03 7.331253e-03 7.407551e-03 7.489321e-03 7.549795e-03 7.578135e-03 7.604664e-03 7.632864e-03 7.582500e-03 7.386922e-03 7.154207e-03 7.068262e-03 6.917038e-03 0.000000e+00 0.000000e+00 0.000000e+00 1.606333e-02 0.000000e+00 3.466060e-03 4.905611e-03 5.530898e-03 9.820722e-03 6.121652e-03 6.708491e-03 6.655165e-03 6.572553e-03 2.157205e-02 6.629915e-03 6.669771e-03 6.658322e-03 6.524520e-03 6.293706e-03 6.027897e-03 5.764651e-03 5.614513e-03 5.519894e-03 3.850050e-03 5.127468e-03 5.273594e-03 5.159895e-03 5.047795e-03 4.981278e-03
5.736196e-03 5.841056e-03 5.911621e-03 5.944300e-03 5.996006e-03 6.110735e-03 6.216021e-03 6.283252e-03 6.410126e-03 6.630916e-03 6.844295e-03 6.995908e-03 7.127693e-03 7.261570e-03 7.372287e-03 7.453423e-03 7.552614e-03 7.683481e-03 7.771457e-03 7.760904e-03 7.688247e-03 7.665342e-03 7.395562e-03 7.000296e-03 6.494165e-03 0.000000e+00 0.000000e+00 0.000000e+00 6.527929e-04 4.177241e-03 7.621703e-03 8.122286e-03 6.106752e-03 6.374806e-03 6.532813e-03 6.608739e-03 2.049430e-02 6.723388e-03 6.744442e-03 6.744222e-03 6.633429e-03 6.403550e-03 6.112376e-03 5.823024e-03 5.653553e-03 5.276235e-03 3.841454e-03 5.438357e-03 5.389473e-03 5.291927e-03 5.174338e-03 5.167487e-03
5.527338e-03 5.591741e-03 5.661816e-03 5.739324e-03 5.813881e-03 5.892784e-03 5.940587e-03 5.948854e-03 6.024785e-03 6.209507e-03 6.407599e-03 6.578645e-03 6.738489e-03 8.206393e-03 7.010630e-03 7.108771e-03 7.243822e-03 7.436566e-03 7.603781e-03 7.684371e-03 7.711077e-03 7.724659e-03 7.679959e-03 7.226330e-03 6.969613e-03 3.157009e-03 0.000000e+00 0.000000e+00 0.000000e+00 0.000000e+00 8.475862e-03 6.623204e-03 5.554878e-03 6.111185e-03 6.411247e-03 6.595870e-03 2.033818e-02 6.801660e-03 6.841090e-03 6.835564e-03 6.736524e-03 6.528493e-03 6.241361e-03 5.944653e-03 5.724612e-03 5.335759e-03 3.870871e-03 5.510778e-03 5.459018e-03 5.415662e-03 5.355800e-03 5.418339e-03
5.289281e-03 5.321973e-03 5.406672e-03 5.554098e-03 5.674948e-03 5.734973e-03 5.751496e-03 5.736448e-03 5.752170e-03 5.842770e-03 5.981686e-03 6.153091e-03 9.560402e-03 6.444416e-03 6.540618e-03 6.618285e-03 6.764362e-03 7.007214e-03 7.224013e-03 7.345163e-03 7.443176e-03 7.585441e-03 7.589648e-03 7.320012e-03 7.018049e-03 0.000000e+00 0.000000e+00 4.480520e-03 5.763116e-03 0.000000e+00 0.000000e+00 0.000000e+00 5.463544e-03 6.131515e-03 6.422442e-03 6.531683e-03 2.109166e-02 6.861232e-03 6.942853e-03 6.929966e-03 6.840715e-03 6.667174e-03 6.420107e-03 6.152036e-03 5.923150e-03 5.485422e-03 3.942891e-03 5.587338e-03 5.507442e-03 5.536910e-03 5.620723e-03 5.750432e-03
