tests/data/reference/test_stream_rill/control/mqsheet_m3_s.asc
ncols	123
nrows	77
xllcorner	-713746.79929998
yllcorner	-1061022.36961616
cellsize	10.0
NODATA_value	-9999
[rows 23 to 45 of 77, columns 0 to 51 of 123]
-9.999000e+03 -9.999000e+03 -9.999000e+03 -9.999000e+03 -9.999000e+03 -9.999000e+03 -9.999000e+03 -9.999000e+03 -9.999000e+03 -9.999000e+03 -9.999000e+03 -9.999000e+03 -9.999000e+03 -9.999000e+03 1.884007e-03 2.431472e-03 3.495307e-03 1.022004e-02 2.055476e-03 8.702662e-04 5.624703e-04 9.974141e-03 7.667572e-04 1.175749e-02 1.499583e-02 4.410785e-03 5.895918e-03 5.900265e-03 5.374726e-03 5.596002e-03 3.937069e-03 5.523703e-03 5.933052e-03 6.002928e-03 1.509167e-02 5.968703e-03 6.001744e-03 4.148669e-03 9.955740e-03 6.387842e-03 6.424220e-03 6.501126e-03 6.618784e-03 6.686249e-03 6.683272e-03 6.650743e-03 6.627314e-03 6.661139e-03 6.745898e-03 6.822928e-03 6.801356e-03 4.419609e-03
-9.999000e+03 -9.999000e+03 -9.999000e+03 -9.999000e+03 -9.999000e+03 -9.999000e+03 -9.999000e+03 -9.999000e+03 -9.999000e+03 -9.999000e+03 -9.999000e+03 -9.999000e+03 -9.999000e+03 -9.999000e+03 1.389223e-03 1.042569e-02 1.158977e-02 3.033410e-03 1.988024e-03 2.689806e-03 8.894517e-03 1.807406e-02 3.464958e-03 3.419970e-03 8.644035e-03 1.533711e-02 5.068887e-03 5.221458e-03 5.343203e-03 3.860865e-03 5.707816e-03 5.500697e-03 5.893881e-03 5.929432e-03 1.713392e-02 5.920812e-03 6.062412e-03 4.182174e-03 1.029755e-02 6.390806e-03 6.393395e-03 6.440161e-03 6.522965e-03 6.584954e-03 6.610023e-03 6.617014e-03 6.628850e-03 6.685894e-03 6.778584e-03 6.861508e-03 4.431694e-03 7.010863e-03
-9.999000e+03 -9.999000e+03 -9.999000e+03 -9.999000e+03 -9.999000e+03 -9.999000e+03 -9.999000e+03 -9.999000e+03 -9.999000e+03 -9.999000e+03 -9.999000e+03 -9.999000e+03 -9.999000e+03 -9.999000e+03 9.748138e-03 2.062931e-03 2.288487e-03 2.259275e-03 2.207002e-03 7.089903e-04 1.062125e-02 1.033256e-02 1.718358e-02 4.521258e-03 4.699956e-03 6.985163e-03 1.680460e-02 5.485353e-03 5.523753e-03 3.922246e-03 5.316250e-03 5.678317e-03 5.678712e-03 5.778354e-03 5.739830e-03 1.899035e-02 4.068157e-03 6.218253e-03 5.890611e-03 1.351811e-02 6.371166e-03 6.426049e-03 6.487283e-03 6.537717e-03 6.579138e-03 6.620389e-03 6.673157e-03 6.761986e-03 6.875555e-03 6.989800e-03 6.518879e-03 4.556853e-03
-9.999000e+03 -9.999000e+03 -9.999000e+03 -9.999000e+03 -9.999000e+03 -9.999000e+03 -9.999000e+03 -9.999000e+03 -9.999000e+03 -9.999000e+03 -9.999000e+03 -9.999000e+03 2.611996e-03 2.140844e-03 4.638337e-03 2.756244e-03 2.313721e-03 1.144174e-03 5.646006e-04 9.841926e-03 4.178315e-03 1.168609e-02 7.059567e-03 1.178856e-02 4.739354e-03 4.975749e-03 2.142307e-02 5.325451e-03 5.409248e-03 5.200991e-03 3.859522e-03 5.558888e-03 5.549779e-03 5.412496e-03 5.379132e-03 5.722618e-03 1.723667e-02 5.772135e-03 6.272276e-03 6.265071e-03 1.635222e-02 6.404075e-03 6.444457e-03 6.493859e-03 6.568079e-03 6.665527e-03 6.779163e-03 6.900632e-03 7.022022e-03 7.158087e-03 7.212993e-03 4.607958e-03
-9.999000e+03 -9.999000e+03 -9.999000e+03 -9.999000e+03 -9.999000e+03 -9.999000e+03 -9.999000e+03 -9.999000e+03 -9.999000e+03 -9.999000e+03 -9.999000e+03 -9.999000e+03 -9.999000e+03 2.541064e-03 2.457796e-03 2.454015e-03 1.461333e-03 4.687833e-04 9.262167e-03 3.660031e-03 3.753485e-03 3.958900e-03 1.090777e-02 1.398033e-02 2.028100e-02 1.994810e-02 1.954381e-02 1.953903e-02 4.819718e-03 5.110643e-03 5.291382e-03 5.090440e-03 5.293180e-03 5.136179e-03 5.189226e-03 5.536147e-03 5.871573e-03 1.563765e-02 6.203087e-03 6.312732e-03 1.748121e-02 6.341181e-03 6.357399e-03 6.425917e-03 6.565077e-03 6.755355e-03 6.952647e-03 7.097982e-03 7.198504e-03 7.326369e-03 7.445385e-03 6.821327e-03
-9.999000e+03 -9.999000e+03 -9.999000e+03 -9.999000e+03 -9.999000e+03 -9.999000e+03 -9.999000e+03 -9.999000e+03 -9.999000e+03 -9.999000e+03 -9.999000e+03 -9.999000e+03 -9.999000e+03 -9.999000e+03 -9.999000e+03 1.853981e-03 2.283177e-04 8.298348e-03 1.654854e-02 1.468808e-02 9.422983e-03 6.759322e-03 5.083314e-03 3.903739e-03 4.050280e-03 4.239735e-03 4.273634e-03 1.977367e-02 3.740430e-02 4.592684e-03 4.856720e-03 4.939814e-03 4.873872e-03 4.822913e-03 4.965445e-03 5.414887e-03 5.751609e-03 5.861705e-03 1.408145e-02 6.094557e-03 1.964715e-02 6.306655e-03 6.370618e-03 6.487858e-03 6.673343e-03 6.911799e-03 7.137747e-03 7.270281e-03 7.340568e-03 7.454153e-03 7.552895e-03 7.463907e-03
-9.999000e+03 -9.999000e+03 -9.999000e+03 -9.999000e+03 -9.999000e+03 -9.999000e+03 -9.999000e+03 -9.999000e+03 -9.999000e+03 -9.999000e+03 -9.999000e+03 -9.999000e+03 -9.999000e+03 -9.999000e+03 -9.999000e+03 -9.999000e+03 4.360678e-04 8.580155e-03 8.640613e-03 5.742938e-03 4.249418e-03 3.633185e-03 3.665260e-03 3.850628e-03 4.093976e-03 4.371687e-03 4.447429e-03 4.240381e-03 4.140282e-03 3.723734e-02 3.741815e-02 3.727686e-02 4.466081e-03 4.511020e-03 4.688067e-03 5.105325e-03 7.936309e-03 1.081898e-02 5.577288e-03 1.259017e-02 6.133225e-03 2.149267e-02 6.559039e-03 6.737840e-03 6.924707e-03 7.130997e-03 7.300199e-03 7.377801e-03 7.421714e-03 7.525285e-03 7.586192e-03 7.517451e-03
-9.999000e+03 -9.999000e+03 -9.999000e+03 -9.999000e+03 -9.999000e+03 -9.999000e+03 -9.999000e+03 -9.999000e+03 -9.999000e+03 -9.999000e+03 -9.999000e+03 -9.999000e+03 -9.999000e+03 -9.999000e+03 -9.999000e+03 -9.999000e+03 8.308989e-03 2.848474e-03 3.174975e-03 3.511704e-03 3.600306e-03 1.601993e-02 1.443205e-02 1.296214e-02 1.158234e-02 1.027655e-02 9.006299e-03 7.741044e-03 6.515861e-03 5.356216e-03 4.592918e-03 4.440719e-03 3.677102e-02 3.567938e-02 3.435597e-02 3.335286e-02 3.209487e-02 3.088780e-02 3.086466e-02 2.795741e-02 2.703467e-02 2.762985e-02 2.357240e-02 6.358664e-03 6.661294e-03 6.965314e-03 7.145402e-03 7.247872e-03 7.345980e-03 7.465096e-03 7.469147e-03 7.321202e-03
-9.999000e+03 -9.999000e+03 -9.999000e+03 -9.999000e+03 -9.999000e+03 -9.999000e+03 -9.999000e+03 -9.999000e+03 -9.999000e+03 -9.999000e+03 -9.999000e+03 -9.999000e+03 -9.999000e+03 -9.999000e+03 -9.999000e+03 8.309205e-03 3.500764e-03 3.573800e-03 1.655055e-02 1.648869e-02 1.635337e-02 3.766817e-03 5.456817e-03 7.199403e-03 5.851386e-03 9.846432e-03 1.110368e-02 1.219206e-02 1.092527e-02 9.722719e-03 8.560903e-03 7.417968e-03 6.288881e-03 5.166667e-03 4.097474e-03 3.966338e-03 2.285116e-02 2.199407e-02 2.129958e-02 2.119181e-02 2.089748e-02 2.042153e-02 3.707533e-02 4.156324e-02 3.599446e-02 5.964910e-03 1.073207e-02 6.795997e-03 7.072169e-03 7.223129e-03 7.132739e-03 6.887907e-03
-9.999000e+03 -9.999000e+03 -9.999000e+03 -9.999000e+03 -9.999000e+03 -9.999000e+03 -9.999000e+03 -9.999000e+03 -9.999000e+03 -9.999000e+03 -9.999000e+03 -9.999000e+03 -9.999000e+03 -9.999000e+03 8.288940e-03 1.650616e-02 1.734767e-02 1.659674e-02 3.850439e-03 3.946130e-03 3.779890e-03 3.950509e-03 4.122250e-03 4.284824e-03 6.294636e-03 4.436408e-03 4.559511e-03 4.990120e-03 5.128283e-03 5.067187e-03 5.031934e-03 1.374596e-02 1.497895e-02 1.584226e-02 1.642424e-02 2.240200e-02 4.714319e-03 5.162094e-03 5.582899e-03 6.000141e-03 6.265493e-03 6.318801e-03 9.854562e-03 1.312726e-02 1.588895e-02 3.487949e-02 3.398067e-02 3.042676e-02 6.051451e-03 1.090310e-02 6.332066e-03 6.114170e-03
-9.999000e+03 -9.999000e+03 -9.999000e+03 -9.999000e+03 -9.999000e+03 -9.999000e+03 -9.999000e+03 -9.999000e+03 -9.999000e+03 -9.999000e+03 -9.999000e+03 -9.999000e+03 -9.999000e+03 -9.999000e+03 8.304786e-03 1.337987e-02 4.056058e-03 4.097342e-03 4.102284e-03 4.088751e-03 4.120292e-03 4.243132e-03 4.138018e-03 4.591109e-03 4.707011e-03 4.715586e-03 4.836197e-03 5.121546e-03 7.621989e-03 9.956302e-03 1.199807e-02 5.223065e-03 5.086313e-03 5.051999e-03 8.941798e-03 4.998788e-03 5.387728e-03 5.580924e-03 5.791278e-03 6.054774e-03 6.308303e-03 6.502271e-03 6.677751e-03 6.751146e-03 6.822630e-03 1.077248e-02 1.415158e-02 1.693400e-02 3.143887e-02 4.215322e-02 5.027598e-02 4.829065e-03
-9.999000e+03 -9.999000e+03 -9.999000e+03 -9.999000e+03 -9.999000e+03 -9.999000e+03 -9.999000e+03 -9.999000e+03 -9.999000e+03 -9.999000e+03 -9.999000e+03 -9.999000e+03 -9.999000e+03 1.646109e-02 2.032614e-02 3.998617e-03 4.120023e-03 4.234245e-03 4.263616e-03 4.233434e-03 4.214601e-03 4.260081e-03 4.357021e-03 4.500491e-03 4.629774e-03 4.702818e-03 4.865524e-03 5.175279e-03 5.406137e-03 5.499508e-03 5.480569e-03 5.398896e-03 5.399188e-03 1.087169e-02 3.806769e-03 5.273893e-03 5.645721e-03 5.737192e-03 5.885714e-03 6.094249e-03 6.334723e-03 6.572814e-03 6.777975e-03 6.947843e-03 7.033147e-03 7.053437e-03 7.127917e-03 7.076532e-03 6.809572e-03 1.021945e-02 1.251009e-02 5.650992e-02
-9.999000e+03 -9.999000e+03 -9.999000e+03 -9.999000e+03 -9.999000e+03 -9.999000e+03 -9.999000e+03 -9.999000e+03 -9.999000e+03 -9.999000e+03 -9.999000e+03 -9.999000e+03 8.282763e-03 2.407887e-02 3.932983e-03 4.046128e-03 4.143968e-03 4.260660e-03 4.322720e-03 4.335250e-03 4.318390e-03 4.290409e-03 4.304541e-03 4.378206e-03 4.497103e-03 4.631791e-03 4.842595e-03 5.148486e-03 5.362119e-03 5.453097e-03 5.492197e-03 5.524983e-03 8.907686e-03 5.590761e-03 3.850327e-03 5.564312e-03 5.622255e-03 5.722278e-03 5.883838e-03 6.091605e-03 6.312534e-03 6.506595e-03 6.643693e-03 6.725612e-03 6.729883e-03 6.826381e-03 6.916938e-03 7.008210e-03 7.023201e-03 6.648466e-03 6.188894e-03 9.224683e-03
-9.999000e+03 -9.999000e+03 -9.999000e+03 -9.999000e+03 -9.999000e+03 -9.999000e+03 -9.999000e+03 -9.999000e+03 -9.999000e+03 -9.999000e+03 -9.999000e+03 -9.999000e+03 1.629483e-02 3.778779e-03 3.936527e-03 4.072425e-03 4.161749e-03 4.289670e-03 4.377980e-03 4.421373e-03 4.409833e-03 4.346436e-03 4.318440e-03 4.346646e-03 4.438264e-03 4.574026e-03 4.764116e-03 5.017318e-03 5.172539e-03 5.226237e-03 5.283690e-03 8.848814e-03 3.891394e-03 5.222074e-03 5.408937e-03 5.394124e-03 5.397932e-03 5.459689e-03 5.613508e-03 5.763444e-03 5.970167e-03 6.202424e-03 6.386063e-03 6.072802e-03 6.096393e-03 6.181192e-03 6.282522e-03 6.431789e-03 6.400552e-03 6.659398e-03 6.368610e-03 6.047983e-03
-9.999000e+03 -9.999000e+03 -9.999000e+03 -9.999000e+03 -9.999000e+03 -9.999000e+03 -9.999000e+03 -9.999000e+03 -9.999000e+03 -9.999000e+03 -9.999000e+03 8.224093e-03 5.329215e-03 3.507030e-03 4.460636e-03 3.910132e-03 4.129824e-03 4.279675e-03 4.396087e-03 4.456979e-03 4.457163e-03 4.400694e-03 4.376072e-03 4.388783e-03 4.444496e-03 4.547151e-03 4.671811e-03 4.807314e-03 4.878122e-03 4.853662e-03 4.890035e-03 6.697911e-03 3.698378e-03 5.118532e-03 5.146858e-03 4.899062e-03 4.857363e-03 5.077105e-03 4.920522e-03 5.023810e-03 5.232825e-03 5.583820e-03 4.220410e-03 4.202356e-03 4.223481e-03 4.280070e-03 4.324416e-03 4.359489e-03 6.645264e-03 5.978254e-03 5.840526e-03 5.788785e-03
-9.999000e+03 -9.999000e+03 -9.999000e+03 -9.999000e+03 -9.999000e+03 -9.999000e+03 -9.999000e+03 -9.999000e+03 -9.999000e+03 -9.999000e+03 8.188444e-03 1.587367e-02 3.131602e-03 5.659387e-03 2.843662e-03 3.679845e-03 3.951678e-03 4.170280e-03 4.332343e-03 4.404980e-03 4.418880e-03 4.378868e-03 4.361247e-03 4.371132e-03 4.418233e-03 4.523941e-03 4.428834e-03 4.645998e-03 4.603373e-03 4.499745e-03 4.491904e-03 4.508945e-03 4.566350e-03 4.651345e-03 3.624827e-03 3.501064e-03 4.716128e-03 3.429784e-03 3.445034e-03 3.487974e-03 3.692181e-03 4.015444e-03 5.747739e-03 6.161670e-03 6.245379e-03 6.346351e-03 6.445806e-03 6.514010e-03 4.231443e-03 4.135090e-03 4.132465e-03 4.282468e-03
-9.999000e+03 -9.999000e+03 -9.999000e+03 -9.999000e+03 -9.999000e+03 -9.999000e+03 -9.999000e+03 -9.999000e+03 -9.999000e+03 -9.999000e+03 8.110760e-03 3.298863e-03 6.542582e-03 3.120210e-03 2.588683e-03 3.389131e-03 3.684879e-03 3.979230e-03 4.177310e-03 4.280772e-03 4.326363e-03 4.313238e-03 4.303275e-03 4.327918e-03 4.372615e-03 3.331134e-03 4.499041e-03 4.476580e-03 4.355493e-03 4.174163e-03 4.086030e-03 4.057186e-03 3.226534e-03 3.497526e-03 4.707072e-03 4.717804e-03 3.287717e-03 4.189977e-03 4.362363e-03 4.540616e-03 3.651771e-03 3.988001e-03 5.677322e-03 6.036766e-03 6.063515e-03 6.113894e-03 6.210670e-03 6.322638e-03 6.337545e-03 6.200560e-03 6.137278e-03 6.275693e-03
-9.999000e+03 -9.999000e+03 -9.999000e+03 -9.999000e+03 -9.999000e+03 -9.999000e+03 -9.999000e+03 -9.999000e+03 -9.999000e+03 8.120690e-03 5.147204e-03 7.150516e-03 2.952166e-03 2.504024e-03 2.991847e-03 3.219738e-03 3.487336e-03 3.682694e-03 3.984703e-03 4.114182e-03 4.210396e-03 4.243938e-03 4.274460e-03 4.197764e-03 3.274936e-03 4.247743e-03 4.375799e-03 4.144530e-03 4.007276e-03 3.756466e-03 3.647831e-03 3.043277e-03 4.100738e-03 4.646524e-03 4.895208e-03 4.830152e-03 4.690930e-03 4.575513e-03 3.427757e-03 3.628669e-03 5.238758e-03 5.415099e-03 5.964845e-03 5.951016e-03 5.848700e-03 5.822045e-03 5.912146e-03 6.104850e-03 6.237205e-03 6.238827e-03 6.185925e-03 6.144629e-03
-9.999000e+03 -9.999000e+03 -9.999000e+03 -9.999000e+03 -9.999000e+03 -9.999000e+03 -9.999000e+03 -9.999000e+03 -9.999000e+03 8.214481e-03 7.404464e-03 2.976904e-03 2.874029e-03 2.443344e-03 3.091680e-03 3.209122e-03 2.689310e-03 3.625729e-03 3.748834e-03 3.951350e-03 4.104930e-03 4.189593e-03 3.220393e-03 3.294787e-03 4.270867e-03 4.328222e-03 3.178599e-03 3.144689e-03 3.030114e-03 2.811946e-03 2.825396e-03 3.872842e-03 4.393004e-03 4.786289e-03 5.006192e-03 5.036717e-03 4.982669e-03 3.504457e-03 4.884831e-03 4.992627e-03 5.276148e-03 5.751448e-03 5.879503e-03 5.745676e-03 5.627305e-03 5.640517e-03 5.746726e-03 5.910005e-03 6.036683e-03 6.104491e-03 2.295799e-02 2.343030e-02
-9.999000e+03 -9.999000e+03 -9.999000e+03 -9.999000e+03 -9.999000e+03 -9.999000e+03 -9.999000e+03 -9.999000e+03 1.614303e-02 5.221075e-03 4.943662e-03 3.172358e-03 2.392273e-03 2.959504e-03 3.180372e-03 3.249557e-03 4.290036e-03 3.353751e-03 3.552286e-03 3.835924e-03 4.055966e-03 4.053691e-03 4.298944e-03 4.463933e-03 4.493315e-03 1.043320e-02 1.110079e-02 9.481623e-03 7.904583e-03 6.361366e-03 4.912816e-03 4.182542e-03 4.601396e-03 4.934989e-03 5.129715e-03 5.181357e-03 5.140628e-03 7.364301e-03 7.621161e-03 9.662670e-03 1.048310e-02 1.125907e-02 9.536119e-03 7.970699e-03 6.536161e-03 5.565478e-03 5.677220e-03 5.693174e-03 5.684669e-03 2.254394e-02 5.662387e-03 5.735093e-03
-9.999000e+03 -9.999000e+03 -9.999000e+03 -9.999000e+03 -9.999000e+03 -9.999000e+03 -9.999000e+03 8.180393e-03 1.588414e-02 4.424639e-03 3.309650e-03 3.277701e-03 2.451381e-03 3.121376e-03 3.244744e-03 3.283849e-03 3.293976e-03 3.283721e-03 3.458901e-03 3.802085e-03 3.115339e-03 3.173633e-03 4.158373e-03 8.505972e-03 9.531204e-03 4.433772e-03 4.365163e-03 4.322707e-03 4.214133e-03 3.985834e-03 4.026460e-03 4.400263e-03 4.761987e-03 5.022675e-03 5.159783e-03 5.176333e-03 5.120845e-03 5.014010e-03 5.056057e-03 5.291163e-03 5.445937e-03 5.427773e-03 5.371868e-03 5.336045e-03 5.376544e-03 5.504616e-03 5.537600e-03 5.415299e-03 2.172691e-02 5.333135e-03 5.470609e-03 5.614619e-03
-9.999000e+03 -9.999000e+03 -9.999000e+03 -9.999000e+03 -9.999000e+03 -9.999000e+03 -9.999000e+03 8.080762e-03 2.489764e-03 4.852271e-03 2.654711e-03 3.208616e-03 3.217288e-03 3.249335e-03 3.292961e-03 3.308719e-03 3.341598e-03 3.368878e-03 3.545388e-03 3.903964e-03 5.546528e-03 7.035025e-03 8.335380e-03 4.379803e-03 4.433245e-03 4.323376e-03 3.331752e-03 4.313943e-03 4.392682e-03 4.230643e-03 4.261753e-03 4.557955e-03 4.824194e-03 4.980567e-03 5.045176e-03 5.036229e-03 1.617006e-02 1.631883e-02 1.661323e-02 1.708085e-02 1.768972e-02 1.841986e-02 1.925772e-02 1.799325e-02 1.673256e-02 1.547409e-02 2.090267e-02 2.135280e-02 5.224426e-03 5.203942e-03 5.296518e-03 5.431449e-03
-9.999000e+03 -9.999000e+03 -9.999000e+03 -9.999000e+03 -9.999000e+03 -9.999000e+03 -9.999000e+03 3.875575e-04 4.267755e-03 3.031655e-03 2.488986e-03 3.163168e-03 3.351170e-03 3.376536e-03 3.376015e-03 3.384158e-03 3.459915e-03 3.542118e-03 3.706517e-03 4.027266e-03 4.282342e-03 4.400976e-03 4.413183e-03 4.352507e-03 3.261576e-03 3.364004e-03 4.424125e-03 4.554963e-03 4.506643e-03 4.425741e-03 4.446510e-03 4.608993e-03 4.750093e-03 1.597796e-02 1.614104e-02 1.625108e-02 5.208159e-03 5.401229e-03 5.581003e-03 5.751619e-03 5.846314e-03 5.847699e-03 5.858595e-03 9.069153e-03 1.206826e-02 1.467057e-02 5.684628e-03 5.543539e-03 5.374264e-03 5.185887e-03 5.125442e-03 5.212010e-03
