tests/data/reference/test_stream_rill/control/mqsheet_m3_s.asc
ncols	123
nrows	77
xllcorner	-713746.79929998
yllcorner	-1061022.36961616
cellsize	10.0
NODATA_value	-9999
[rows 46 to 68 of 77, columns 0 to 51 of 123]
-9.999000e+03 -9.999000e+03 -9.999000e+03 -9.999000e+03 -9.999000e+03 -9.999000e+03 8.147353e-03 3.935579e-03 3.032344e-03 3.144473e-03 2.516006e-03 3.274087e-03 3.503230e-03 3.540996e-03 3.541970e-03 3.515422e-03 3.523729e-03 3.545679e-03 3.666117e-03 3.964947e-03 4.237359e-03 4.259089e-03 4.300202e-03 4.246970e-03 4.424099e-03 4.612245e-03 4.696156e-03 4.599445e-03 4.536286e-03 4.563653e-03 4.585551e-03 1.564670e-02 1.601266e-02 4.783406e-03 4.965263e-03 5.170255e-03 5.394111e-03 5.614322e-03 5.799418e-03 5.955807e-03 6.057513e-03 6.098360e-03 6.127510e-03 6.173248e-03 6.156513e-03 6.046404e-03 5.924791e-03 5.798682e-03 5.614583e-03 5.359000e-03 5.181734e-03 5.164436e-03
-9.999000e+03 -9.999000e+03 -9.999000e+03 -9.999000e+03 -9.999000e+03 -9.999000e+03 2.696073e-03 2.934904e-03 3.154898e-03 3.298539e-03 2.712572e-03 3.511656e-03 3.650171e-03 3.728842e-03 3.755846e-03 3.676369e-03 3.537217e-03 3.438286e-03 3.523421e-03 3.825003e-03 3.163941e-03 3.261779e-03 3.310694e-03 3.306601e-03 4.345069e-03 4.657632e-03 4.735101e-03 1.317726e-02 1.404256e-02 1.478114e-02 1.540434e-02 4.734391e-03 4.792831e-03 4.933214e-03 5.098736e-03 5.256124e-03 5.424200e-03 5.612027e-03 5.785026e-03 5.944520e-03 6.081170e-03 6.188669e-03 6.269982e-03 6.329057e-03 6.327075e-03 6.234336e-03 6.108814e-03 5.984195e-03 5.834802e-03 5.623539e-03 5.408898e-03 5.273173e-03
-9.999000e+03 -9.999000e+03 -9.999000e+03 -9.999000e+03 -9.999000e+03 7.999401e-03 2.795618e-03 4.003315e-03 2.609214e-03 2.652144e-03 3.247232e-03 3.417456e-03 3.580288e-03 3.717553e-03 3.772934e-03 3.738656e-03 3.617778e-03 3.485787e-03 3.543685e-03 3.822837e-03 5.409411e-03 6.907170e-03 8.287427e-03 9.752678e-03 1.071029e-02 1.178449e-02 1.283679e-02 4.749563e-03 4.745530e-03 4.823587e-03 4.853524e-03 4.836376e-03 4.891887e-03 4.994754e-03 5.101972e-03 5.206037e-03 5.339476e-03 5.530274e-03 5.717071e-03 5.876009e-03 6.021327e-03 6.149891e-03 6.255059e-03 6.340418e-03 6.380811e-03 6.346654e-03 6.250951e-03 6.114397e-03 5.977174e-03 5.830531e-03 5.649789e-03 5.459435e-03
-9.999000e+03 -9.999000e+03 -9.999000e+03 -9.999000e+03 1.580053e-02 7.503998e-04 3.184859e-03 3.893815e-03 2.476456e-03 2.383005e-03 2.938636e-03 3.122316e-03 3.409209e-03 3.483867e-03 3.655757e-03 3.721310e-03 3.693164e-03 3.573876e-03 3.627444e-03 3.890556e-03 4.152011e-03 4.371011e-03 4.596452e-03 4.808219e-03 4.927232e-03 4.953988e-03 4.962223e-03 4.958075e-03 4.948826e-03 4.961401e-03 4.962715e-03 4.935925e-03 4.935453e-03 4.965732e-03 5.017058e-03 5.084859e-03 5.203093e-03 5.405893e-03 5.611273e-03 5.780125e-03 5.919592e-03 6.028948e-03 6.126596e-03 6.228675e-03 6.313643e-03 6.353364e-03 6.317360e-03 6.190629e-03 6.062121e-03 5.982584e-03 5.860944e-03 5.655896e-03
-9.999000e+03 -9.999000e+03 -9.999000e+03 -9.999000e+03 8.260089e-03 2.991679e-03 3.097496e-03 3.026618e-03 2.676900e-03 2.212499e-03 2.742213e-03 3.741745e-03 2.589033e-03 3.341146e-03 3.579433e-03 3.717077e-03 3.724893e-03 3.601179e-03 3.654009e-03 3.919105e-03 4.218626e-03 4.513850e-03 4.772939e-03 5.039464e-03 5.176830e-03 5.198851e-03 5.225708e-03 5.264698e-03 5.256023e-03 5.219451e-03 5.204986e-03 5.186377e-03 5.158144e-03 5.132298e-03 5.121729e-03 5.132708e-03 5.191113e-03 5.331968e-03 5.510810e-03 5.693977e-03 5.828759e-03 5.893585e-03 5.955143e-03 6.048795e-03 6.154274e-03 6.247497e-03 6.273888e-03 6.197462e-03 6.113846e-03 6.091291e-03 6.010011e-03 5.806630e-03
-9.999000e+03 -9.999000e+03 -9.999000e+03 8.042896e-03 6.591527e-04 3.093913e-03 2.317648e-03 2.508164e-03 2.096502e-03 2.469497e-03 3.037618e-03 2.721494e-03 2.445612e-03 3.181450e-03 3.498463e-03 3.676657e-03 3.706495e-03 3.607622e-03 3.649323e-03 3.897149e-03 4.378593e-03 4.487894e-03 4.902516e-03 5.172721e-03 5.345780e-03 5.416284e-03 5.479611e-03 5.549162e-03 5.555937e-03 5.502136e-03 5.463618e-03 5.441252e-03 5.414813e-03 5.374569e-03 5.325873e-03 5.290356e-03 5.280253e-03 5.321909e-03 5.447511e-03 5.639330e-03 5.765007e-03 5.775180e-03 5.788427e-03 5.852162e-03 5.951019e-03 6.071142e-03 6.150630e-03 6.148942e-03 6.085751e-03 6.093095e-03 6.027690e-03 5.853101e-03
-9.999000e+03 -9.999000e+03 -9.999000e+03 7.888027e-03 2.687023e-03 2.388904e-03 1.999186e-03 1.783360e-03 2.034916e-03 2.118420e-03 2.501620e-03 2.438397e-03 2.241697e-03 2.959799e-03 3.351873e-03 3.547069e-03 3.612229e-03 3.569152e-03 3.557602e-03 5.165947e-03 3.188306e-03 4.270641e-03 4.679411e-03 4.985342e-03 5.227425e-03 5.381242e-03 5.493132e-03 5.581901e-03 5.598986e-03 5.537036e-03 5.471867e-03 5.433349e-03 5.423399e-03 5.429615e-03 5.430071e-03 5.430555e-03 5.414141e-03 5.385313e-03 5.453454e-03 5.638219e-03 5.758384e-03 5.745119e-03 5.723223e-03 5.733809e-03 5.786647e-03 5.889316e-03 5.993386e-03 5.692432e-03 5.713644e-03 5.699041e-03 5.634308e-03 1.276299e-02
-9.999000e+03 -9.999000e+03 7.429780e-03 2.739025e-04 2.220030e-03 2.153905e-03 1.557484e-03 1.404693e-03 1.527360e-03 1.332892e-03 1.848391e-03 2.011963e-03 1.925740e-03 2.686809e-03 3.127995e-03 3.325804e-03 3.446000e-03 3.471439e-03 4.152701e-03 3.234277e-03 2.822960e-03 3.715079e-03 4.146041e-03 4.517416e-03 4.851478e-03 5.103618e-03 5.271944e-03 5.388904e-03 5.427941e-03 5.371324e-03 5.288937e-03 5.237144e-03 5.257429e-03 5.340545e-03 5.427768e-03 5.500511e-03 5.521693e-03 5.472182e-03 5.485420e-03 5.638823e-03 5.764192e-03 5.773434e-03 5.737570e-03 5.694376e-03 5.695055e-03 5.770827e-03 4.007140e-03 4.063114e-03 4.071555e-03 4.037398e-03 1.457011e-02 5.843808e-03
-9.999000e+03 -9.999000e+03 2.019822e-03 2.113385e-03 1.977383e-03 1.587080e-03 1.254173e-03 1.568609e-03 1.626623e-03 7.777805e-04 1.396044e-03 1.683383e-03 1.641112e-03 2.419788e-03 2.801459e-03 2.936999e-03 3.068666e-03 3.171444e-03 3.025887e-03 3.030733e-03 2.343115e-03 3.005505e-03 3.470708e-03 3.878743e-03 4.253729e-03 4.596817e-03 4.862231e-03 5.052008e-03 5.154819e-03 5.150657e-03 5.086634e-03 5.020281e-03 5.044384e-03 5.163278e-03 5.294366e-03 5.406126e-03 5.462353e-03 5.443537e-03 5.459901e-03 5.584403e-03 5.707704e-03 5.753185e-03 5.742710e-03 5.704905e-03 5.712296e-03 5.799594e-03 5.880082e-03 5.978563e-03 1.425498e-02 1.647031e-02 5.871354e-03 5.861290e-03
-9.999000e+03 6.970198e-03 4.192974e-03 2.493304e-03 1.856225e-03 9.983572e-04 1.662338e-03 1.655052e-03 -9.999000e+03 -9.999000e+03 -9.999000e+03 1.374255e-03 1.511578e-03 1.973860e-03 2.171755e-03 2.182903e-03 2.274696e-03 2.432125e-03 2.268619e-03 1.684902e-03 1.547169e-03 2.054196e-03 2.707477e-03 3.056883e-03 3.457099e-03 3.926723e-03 4.305016e-03 4.591222e-03 4.776953e-03 4.847588e-03 4.827583e-03 4.769607e-03 4.787350e-03 4.925445e-03 5.082002e-03 5.216981e-03 5.296831e-03 5.314980e-03 5.375497e-03 5.511982e-03 5.636752e-03 5.705166e-03 5.725766e-03 5.718827e-03 5.758498e-03 5.871738e-03 8.928548e-03 1.176066e-02 6.034186e-03 5.940711e-03 5.907697e-03 5.965621e-03
-9.999000e+03 1.504754e-02 2.109681e-03 1.845372e-03 1.489004e-03 1.532724e-03 -9.999000e+03 -9.999000e+03 -9.999000e+03 -9.999000e+03 -9.999000e+03 -9.999000e+03 1.625074e-03 1.883020e-03 2.311697e-03 2.434826e-03 2.182415e-03 2.739934e-03 2.620088e-03 1.846608e-03 1.345134e-03 1.387920e-03 1.762516e-03 2.174334e-03 2.829702e-03 3.292356e-03 3.677867e-03 4.004691e-03 4.224795e-03 4.328243e-03 4.480071e-03 4.446770e-03 4.513929e-03 4.697797e-03 4.893301e-03 5.057450e-03 5.147690e-03 5.161648e-03 5.251883e-03 5.450344e-03 5.614801e-03 5.687202e-03 5.707616e-03 5.711169e-03 5.770054e-03 5.904190e-03 6.017029e-03 6.071896e-03 6.061466e-03 5.982042e-03 5.991861e-03 6.127462e-03
8.055032e-03 1.905598e-03 2.068575e-03 1.512326e-03 9.286734e-04 1.879934e-03 -9.999000e+03 -9.999000e+03 -9.999000e+03 -9.999000e+03 -9.999000e+03 -9.999000e+03 -9.999000e+03 -9.999000e+03 -9.999000e+03 2.231003e-03 2.789845e-03 2.368113e-03 2.233604e-03 2.026491e-03 2.439108e-03 -9.999000e+03 -9.999000e+03 1.761452e-03 2.184481e-03 2.428093e-03 2.682410e-03 2.924469e-03 3.043126e-03 3.935358e-03 3.907320e-03 4.057648e-03 4.189672e-03 4.443140e-03 4.689811e-03 4.875329e-03 4.967103e-03 4.972974e-03 5.102446e-03 5.373958e-03 5.589188e-03 5.635189e-03 5.643561e-03 5.672474e-03 5.731426e-03 5.874206e-03 6.000893e-03 6.066150e-03 6.064282e-03 5.994432e-03 6.045243e-03 6.263703e-03
7.624492e-03 1.436393e-03 1.340513e-03 1.334961e-03 1.914174e-03 -9.999000e+03 -9.999000e+03 -9.999000e+03 -9.999000e+03 -9.999000e+03 -9.999000e+03 -9.999000e+03 -9.999000e+03 -9.999000e+03 -9.999000e+03 -9.999000e+03 -9.999000e+03 -9.999000e+03 -9.999000e+03 -9.999000e+03 -9.999000e+03 -9.999000e+03 -9.999000e+03 1.656029e-03 2.081853e-03 2.237470e-03 2.908241e-03 3.315245e-03 3.476412e-03 2.705308e-03 3.398077e-03 3.459565e-03 3.691520e-03 4.043033e-03 4.325535e-03 4.476883e-03 4.555793e-03 4.758769e-03 4.912603e-03 5.244566e-03 5.249846e-03 5.294584e-03 5.587741e-03 5.543438e-03 5.581915e-03 5.723741e-03 5.798196e-03 5.866817e-03 5.869273e-03 5.832688e-03 5.922483e-03 6.263104e-03
-9.999000e+03 1.997606e-03 1.882259e-03 2.229428e-03 -9.999000e+03 -9.999000e+03 -9.999000e+03 -9.999000e+03 -9.999000e+03 -9.999000e+03 -9.999000e+03 -9.999000e+03 -9.999000e+03 -9.999000e+03 -9.999000e+03 -9.999000e+03 -9.999000e+03 -9.999000e+03 -9.999000e+03 -9.999000e+03 -9.999000e+03 -9.999000e+03 -9.999000e+03 -9.999000e+03 -9.999000e+03 -9.999000e+03 2.431739e-03 2.618292e-03 3.171101e-03 2.904502e-03 2.294674e-03 2.467434e-03 2.747946e-03 3.082242e-03 3.231062e-03 3.266699e-03 4.379314e-03 4.357686e-03 4.584392e-03 3.731823e-03 3.829654e-03 5.444411e-03 5.185706e-03 5.174201e-03 5.467924e-03 5.235378e-03 5.276859e-03 5.307851e-03 5.610054e-03 5.536184e-03 5.726966e-03 5.833135e-03
-9.999000e+03 -9.999000e+03 -9.999000e+03 -9.999000e+03 -9.999000e+03 -9.999000e+03 -9.999000e+03 -9.999000e+03 -9.999000e+03 -9.999000e+03 -9.999000e+03 -9.999000e+03 -9.999000e+03 -9.999000e+03 -9.999000e+03 -9.999000e+03 -9.999000e+03 -9.999000e+03 -9.999000e+03 -9.999000e+03 -9.999000e+03 -9.999000e+03 -9.999000e+03 -9.999000e+03 -9.999000e+03 -9.999000e+03 -9.999000e+03 -9.999000e+03 2.514935e-03 2.672738e-03 2.100245e-03 2.264473e-03 2.596640e-03 3.653215e-03 4.017575e-03 3.975503e-03 3.094858e-03 3.277883e-03 3.446922e-03 4.761651e-03 5.178179e-03 3.743740e-03 3.772437e-03 5.339050e-03 3.795109e-03 3.798958e-03 3.784799e-03 5.363324e-03 5.069351e-03 5.374326e-03 3.938500e-03 4.185030e-03
-9.999000e+03 -9.999000e+03 -9.999000e+03 -9.999000e+03 -9.999000e+03 -9.999000e+03 -9.999000e+03 -9.999000e+03 -9.999000e+03 -9.999000e+03 -9.999000e+03 -9.999000e+03 -9.999000e+03 -9.999000e+03 -9.999000e+03 -9.999000e+03 -9.999000e+03 -9.999000e+03 -9.999000e+03 -9.999000e+03 -9.999000e+03 -9.999000e+03 -9.999000e+03 -9.999000e+03 -9.999000e+03 -9.999000e+03 -9.999000e+03 -9.999000e+03 -9.999000e+03 2.196940e-03 2.672827e-03 2.867874e-03 3.273786e-03 3.087019e-03 3.153590e-03 2.985689e-03 2.996462e-03 3.210479e-03 4.345226e-03 4.736173e-03 4.913298e-03 4.989855e-03 5.108046e-03 3.748830e-03 5.116298e-03 5.391214e-03 5.344577e-03 3.637666e-03 5.101924e-03 3.796188e-03 5.340896e-03 5.968523e-03
-9.999000e+03 -9.999000e+03 -9.999000e+03 -9.999000e+03 -9.999000e+03 -9.999000e+03 -9.999000e+03 -9.999000e+03 -9.999000e+03 -9.999000e+03 -9.999000e+03 -9.999000e+03 -9.999000e+03 -9.999000e+03 -9.999000e+03 -9.999000e+03 -9.999000e+03 -9.999000e+03 -9.999000e+03 -9.999000e+03 -9.999000e+03 -9.999000e+03 -9.999000e+03 -9.999000e+03 -9.999000e+03 -9.999000e+03 -9.999000e+03 -9.999000e+03 -9.999000e+03 -9.999000e+03 2.997959e-03 -9.999000e+03 -9.999000e+03 -9.999000e+03 -9.999000e+03 -9.999000e+03 -9.999000e+03 -9.999000e+03 3.360256e-03 4.465956e-03 4.688059e-03 4.676726e-03 4.778315e-03 5.041557e-03 5.240939e-03 5.308520e-03 5.216127e-03 4.946936e-03 3.564818e-03 5.064595e-03 5.630866e-03 5.884404e-03
-9.999000e+03 -9.999000e+03 -9.999000e+03 -9.999000e+03 -9.999000e+03 -9.999000e+03 -9.999000e+03 -9.999000e+03 -9.999000e+03 -9.999000e+03 -9.999000e+03 -9.999000e+03 -9.999000e+03 -9.999000e+03 -9.999000e+03 -9.999000e+03 -9.999000e+03 -9.999000e+03 -9.999000e+03 -9.999000e+03 -9.999000e+03 -9.999000e+03 -9.999000e+03 -9.999000e+03 -9.999000e+03 -9.999000e+03 -9.999000e+03 -9.999000e+03 -9.999000e+03 -9.999000e+03 -9.999000e+03 -9.999000e+03 -9.999000e+03 -9.999000e+03 -9.999000e+03 -9.999000e+03 -9.999000e+03 -9.999000e+03 -9.999000e+03 -9.999000e+03 -9.999000e+03 3.374608e-03 3.442541e-03 3.624392e-03 4.952025e-03 5.214792e-03 5.119187e-03 4.820214e-03 4.847412e-03 5.308628e-03 5.647268e-03 5.690677e-03
-9.999000e+03 -9.999000e+03 -9.999000e+03 -9.999000e+03 -9.999000e+03 -9.999000e+03 -9.999000e+03 -9.999000e+03 -9.999000e+03 -9.999000e+03 -9.999000e+03 -9.999000e+03 -9.999000e+03 -9.999000e+03 -9.999000e+03 -9.999000e+03 -9.999000e+03 -9.999000e+03 -9.999000e+03 -9.999000e+03 -9.999000e+03 -9.999000e+03 -9.999000e+03 -9.999000e+03 -9.999000e+03 -9.999000e+03 -9.999000e+03 -9.999000e+03 -9.999000e+03 -9.999000e+03 -9.999000e+03 -9.999000e+03 -9.999000e+03 -9.999000e+03 -9.999000e+03 -9.999000e+03 -9.999000e+03 -9.999000e+03 -9.999000e+03 -9.999000e+03 -9.999000e+03 -9.999000e+03 -9.999000e+03 -9.999000e+03 3.747282e-03 3.703492e-03 4.859099e-03 4.855675e-03 3.571370e-03 5.121073e-03 5.571623e-03 5.408381e-03
-9.999000e+03 -9.999000e+03 -9.999000e+03 -9.999000e+03 -9.999000e+03 -9.999000e+03 -9.999000e+03 -9.999000e+03 -9.999000e+03 -9.999000e+03 -9.999000e+03 -9.999000e+03 -9.999000e+03 -9.999000e+03 -9.999000e+03 -9.999000e+03 -9.999000e+03 -9.999000e+03 -9.999000e+03 -9.999000e+03 -9.999000e+03 -9.999000e+03 -9.999000e+03 -9.999000e+03 -9.999000e+03 -9.999000e+03 -9.999000e+03 -9.999000e+03 -9.999000e+03 -9.999000e+03 -9.999000e+03 -9.999000e+03 -9.999000e+03 -9.999000e+03 -9.999000e+03 -9.999000e+03 -9.999000e+03 -9.999000e+03 -9.999000e+03 -9.999000e+03 -9.999000e+03 -9.999000e+03 -9.999000e+03 -9.999000e+03 -9.999000e+03 -9.999000e+03 -9.999000e+03 -9.999000e+03 -9.999000e+03 -9.999000e+03 3.856198e-03 4.872307e-03
-9.999000e+03 -9.999000e+03 -9.999000e+03 -9.999000e+03 -9.999000e+03 -9.999000e+03 -9.999000e+03 -9.999000e+03 -9.999000e+03 -9.999000e+03 -9.999000e+03 -9.999000e+03 -9.999000e+03 -9.999000e+03 -9.999000e+03 -9.999000e+03 -9.999000e+03 -9.999000e+03 -9.999000e+03 -9.999000e+03 -9.999000e+03 -9.999000e+03 -9.999000e+03 -9.999000e+03 -9.999000e+03 -9.999000e+03 -9.999000e+03 -9.999000e+03 -9.999000e+03 -9.999000e+03 -9.999000e+03 -9.999000e+03 -9.999000e+03 -9.999000e+03 -9.999000e+03 -9.999000e+03 -9.999000e+03 -9.999000e+03 -9.999000e+03 -9.999000e+03 -9.999000e+03 -9.999000e+03 -9.999000e+03 -9.999000e+03 -9.999000e+03 -9.999000e+03 -9.999000e+03 -9.999000e+03 -9.999000e+03 -9.999000e+03 -9.999000e+03 3.473234e-03
-9.999000e+03 -9.999000e+03 -9.999000e+03 -9.999000e+03 -9.999000e+03 -9.999000e+03 -9.999000e+03 -9.999000e+03 -9.999000e+03 -9.999000e+03 -9.999000e+03 -9.999000e+03 -9.999000e+03 -9.999000e+03 -9.999000e+03 -9.999000e+03 -9.999000e+03 -9.999000e+03 -9.999000e+03 -9.999000e+03 -9.999000e+03 -9.999000e+03 -9.999000e+03 -9.999000e+03 -9.999000e+03 -9.999000e+03 -9.999000e+03 -9.999000e+03 -9.999000e+03 -9.999000e+03 -9.999000e+03 -9.999000e+03 -9.999000e+03 -9.999000e+03 -9.999000e+03 -9.999000e+03 -9.999000e+03 -9.999000e+03 -9.999000e+03 -9.999000e+03 -9.999000e+03 -9.999000e+03 -9.999000e+03 -9.999000e+03 -9.999000e+03 -9.999000e+03 -9.999000e+03 -9.999000e+03 -9.999000e+03 -9.999000e+03 -9.999000e+03 -9.999000e+03
-9.999000e+03 -9.999000e+03 -9.999000e+03 -9.999000e+03 -9.999000e+03 -9.999000e+03 -9.999000e+03 -9.999000e+03 -9.999000e+03 -9.999000e+03 -9.999000e+03 -9.999000e+03 -9.999000e+03 -9.999000e+03 -9.999000e+03 -9.999000e+03 -9.999000e+03 -9.999000e+03 -9.999000e+03 -9.999000e+03 -9.999000e+03 -9.999000e+03 -9.999000e+03 -9.999000e+03 -9.999000e+03 -9.999000e+03 -9.999000e+03 -9.999000e+03 -9.999000e+03 -9.999000e+03 -9.999000e+03 -9.999000e+03 -9.999000e+03 -9.999000e+03 -9.999000e+03 -9.999000e+03 -9.999000e+03 -9.999000e+03 -9.999000e+03 -9.999000e+03 -9.999000e+03 -9.999000e+03 -9.999000e+03 -9.999000e+03 -9.999000e+03 -9.999000e+03 -9.999000e+03 -9.999000e+03 -9.999000e+03 -9.999000e+03 -9.999000e+03 -9.999000e+03
