tests/data/reference/test_stream_rill_mfda/mqsur_m3_s.asc
ncols	123
nrows	77
xllcorner	-713746.79929998
yllcorner	-1061022.36961616
cellsize	10.0
NODATA_value	-9999
[rows 46 to 68 of 77, columns 0 to 51 of 123]
-9.999000e+03 -9.999000e+03 -9.999000e+03 -9.999000e+03 -9.999000e+03 -9.999000e+03 8.118507e-03 2.668236e-03 2.415221e-03 2.478388e-03 2.492605e-03 2.629752e-03 2.725851e-03 2.731042e-03 2.720534e-03 2.698437e-03 2.721239e-03 2.763739e-03 2.872797e-03 3.080495e-03 4.231014e-03 4.394041e-03 4.452742e-03 4.410574e-03 4.454034e-03 4.641762e-03 4.717919e-03 4.613361e-03 4.548238e-03 4.584201e-03 4.627705e-03 4.645683e-03 4.678149e-03 4.783636e-03 4.705289e-03 4.883964e-03 3.744416e-03 3.852170e-03 3.929911e-03 3.994038e-03 5.623449e-03 6.091673e-03 6.126804e-03 6.173450e-03 6.158601e-03 6.050927e-03 5.930798e-03 5.359461e-03 5.205863e-03 3.616423e-03 3.545408e-03 3.580398e-03
-9.999000e+03 -9.999000e+03 -9.999000e+03 -9.999000e+03 -9.999000e+03 -9.999000e+03 4.118293e-03 2.776948e-03 2.556684e-03 2.662256e-03 2.685569e-03 2.766411e-03 2.849553e-03 2.880007e-03 2.878850e-03 2.811482e-03 2.716587e-03 2.665814e-03 2.755370e-03 3.821739e-03 4.105469e-03 4.292982e-03 4.425500e-03 4.465688e-03 4.553832e-03 4.714611e-03 4.753725e-03 4.644056e-03 4.617531e-03 4.715691e-03 4.757905e-03 4.734230e-03 4.791747e-03 3.512994e-03 3.601716e-03 3.683524e-03 3.772927e-03 3.866743e-03 3.935197e-03 3.998590e-03 6.023295e-03 6.179424e-03 6.260947e-03 6.325555e-03 6.325348e-03 6.235327e-03 3.976889e-03 3.926108e-03 3.864754e-03 3.757123e-03 3.648239e-03 3.600515e-03
-9.999000e+03 -9.999000e+03 -9.999000e+03 -9.999000e+03 -9.999000e+03 1.542096e-02 3.788527e-03 2.450204e-03 2.584131e-03 2.626271e-03 2.679028e-03 2.750635e-03 2.850853e-03 2.910562e-03 2.923779e-03 2.878615e-03 2.779123e-03 3.479038e-03 3.544436e-03 3.820433e-03 3.952687e-03 4.279227e-03 4.444299e-03 4.572831e-03 4.676391e-03 4.761905e-03 4.777291e-03 4.721958e-03 4.717946e-03 4.794179e-03 4.823279e-03 4.806617e-03 3.483912e-03 3.554890e-03 3.620453e-03 3.678065e-03 3.751612e-03 3.850546e-03 3.923403e-03 5.496236e-03 5.965621e-03 6.089241e-03 6.244879e-03 6.334635e-03 6.375862e-03 5.847762e-03 4.055560e-03 3.985099e-03 3.933897e-03 3.869673e-03 3.769206e-03 5.466984e-03
-9.999000e+03 -9.999000e+03 -9.999000e+03 -9.999000e+03 8.111677e-03 5.425679e-03 2.538698e-03 2.602320e-03 2.453753e-03 2.361915e-03 2.460619e-03 2.555325e-03 2.713982e-03 2.824251e-03 2.860093e-03 2.877107e-03 3.578086e-03 3.575060e-03 3.627461e-03 2.999313e-03 4.009263e-03 4.200361e-03 4.391028e-03 4.568697e-03 4.660278e-03 4.671255e-03 4.673595e-03 4.668272e-03 4.656795e-03 4.666695e-03 4.670130e-03 3.461773e-03 3.464512e-03 3.491440e-03 3.531992e-03 3.579366e-03 3.655339e-03 3.776791e-03 3.877103e-03 5.416340e-03 5.526657e-03 5.971924e-03 6.117246e-03 6.222522e-03 4.160599e-03 4.159011e-03 4.115342e-03 4.035313e-03 3.979807e-03 3.951421e-03 5.864888e-03 5.662274e-03
-9.999000e+03 -9.999000e+03 -9.999000e+03 -9.999000e+03 1.647035e-02 2.424224e-03 2.570410e-03 2.509596e-03 2.264461e-03 2.194217e-03 2.285962e-03 2.372587e-03 2.564319e-03 2.741670e-03 2.828782e-03 2.885077e-03 3.716036e-03 3.601907e-03 3.653508e-03 3.021174e-03 3.190029e-03 3.319282e-03 3.443782e-03 3.563195e-03 3.603545e-03 3.587335e-03 3.597893e-03 3.613975e-03 3.594857e-03 3.572416e-03 3.576514e-03 3.570392e-03 3.554103e-03 3.541876e-03 3.544597e-03 3.564388e-03 3.612497e-03 3.710163e-03 3.818838e-03 3.905792e-03 5.448067e-03 5.839854e-03 5.947833e-03 6.044122e-03 6.148417e-03 6.240897e-03 6.268150e-03 6.194451e-03 6.113090e-03 6.093869e-03 6.014271e-03 5.813327e-03
-9.999000e+03 -9.999000e+03 -9.999000e+03 8.007371e-03 4.568295e-03 2.255320e-03 2.297655e-03 2.175705e-03 2.080026e-03 2.119462e-03 2.199416e-03 2.273463e-03 2.423446e-03 2.655208e-03 2.803298e-03 3.585625e-03 3.703275e-03 3.606862e-03 2.830409e-03 3.022217e-03 3.261391e-03 3.448425e-03 3.575025e-03 3.689238e-03 3.744258e-03 3.743566e-03 3.760543e-03 3.788484e-03 3.776399e-03 3.741195e-03 3.733103e-03 3.731809e-03 3.719985e-03 3.693307e-03 3.660525e-03 3.640814e-03 3.637742e-03 3.672948e-03 3.765412e-03 3.872765e-03 5.388037e-03 5.724403e-03 5.783766e-03 5.850571e-03 5.947671e-03 6.065917e-03 6.144867e-03 6.144603e-03 6.125753e-03 6.135922e-03 6.072106e-03 5.896833e-03
-9.999000e+03 -9.999000e+03 -9.999000e+03 1.551121e-02 1.958744e-03 2.109594e-03 1.984160e-03 1.771330e-03 1.820603e-03 2.098613e-03 2.215472e-03 2.099276e-03 2.222946e-03 2.534665e-03 2.736016e-03 3.537825e-03 3.607666e-03 3.566541e-03 2.771110e-03 2.898072e-03 3.151745e-03 3.385968e-03 3.540432e-03 3.671416e-03 3.761128e-03 3.792849e-03 3.817280e-03 3.847160e-03 3.838504e-03 3.794950e-03 3.770629e-03 3.765524e-03 3.768955e-03 3.764369e-03 3.744001e-03 3.727322e-03 3.703386e-03 3.683729e-03 3.744436e-03 3.862704e-03 5.381406e-03 5.695504e-03 5.723530e-03 5.734001e-03 5.785598e-03 5.886381e-03 5.989443e-03 6.066047e-03 6.102781e-03 6.096342e-03 6.023777e-03 5.889158e-03
-9.999000e+03 -9.999000e+03 8.349424e-03 3.566676e-04 1.957340e-03 1.948214e-03 1.548254e-03 1.397156e-03 1.518476e-03 1.392425e-03 1.923619e-03 1.814081e-03 1.911768e-03 2.354715e-03 3.086294e-03 3.320638e-03 3.441807e-03 2.766126e-03 2.662662e-03 2.622484e-03 2.793840e-03 3.069116e-03 3.290216e-03 3.472749e-03 3.634609e-03 3.728027e-03 3.768820e-03 3.797113e-03 3.789020e-03 3.735825e-03 3.689027e-03 3.673006e-03 3.702816e-03 3.749928e-03 3.778305e-03 3.798790e-03 3.790096e-03 3.748170e-03 3.765450e-03 3.863872e-03 5.391839e-03 5.770995e-03 5.736979e-03 5.694854e-03 5.695363e-03 5.769982e-03 5.880194e-03 6.001759e-03 6.051314e-03 6.001890e-03 5.922357e-03 5.844753e-03
-9.999000e+03 -9.999000e+03 1.149900e-03 2.089956e-03 2.031146e-03 1.577503e-03 1.248143e-03 1.559249e-03 1.855394e-03 8.051014e-04 1.543819e-03 1.511688e-03 1.630886e-03 2.144116e-03 2.820047e-03 2.965724e-03 3.076877e-03 3.172978e-03 3.034696e-03 2.785897e-03 2.322698e-03 2.914776e-03 2.936481e-03 3.147620e-03 3.367833e-03 3.540793e-03 3.633542e-03 3.686599e-03 3.698560e-03 3.660589e-03 3.607328e-03 3.570989e-03 3.606145e-03 3.682764e-03 3.739370e-03 3.782287e-03 3.792732e-03 3.765854e-03 3.775787e-03 3.843220e-03 5.702875e-03 5.750069e-03 5.741518e-03 5.704968e-03 5.712336e-03 5.798627e-03 5.908203e-03 6.010402e-03 6.025530e-03 5.938561e-03 5.873388e-03 5.862591e-03
-9.999000e+03 6.918281e-03 1.101268e-03 1.942996e-03 1.844514e-03 9.945148e-04 1.782497e-03 1.884456e-03 -9.999000e+03 -9.999000e+03 -9.999000e+03 1.367036e-03 1.502874e-03 2.222550e-03 2.494967e-03 2.336142e-03 2.374621e-03 2.569990e-03 2.487894e-03 1.795772e-03 1.538058e-03 2.038359e-03 2.688600e-03 3.041051e-03 3.438258e-03 3.166756e-03 4.291902e-03 4.580545e-03 3.549358e-03 3.552932e-03 3.516967e-03 3.463981e-03 3.486456e-03 3.571546e-03 3.639488e-03 3.692714e-03 5.262858e-03 5.310924e-03 5.371214e-03 5.506356e-03 5.631493e-03 5.702087e-03 5.724523e-03 5.718408e-03 5.757569e-03 5.869427e-03 5.976268e-03 6.043886e-03 6.034231e-03 5.942682e-03 5.909559e-03 5.966104e-03
-9.999000e+03 7.612260e-03 1.627780e-03 1.832513e-03 1.480553e-03 1.523779e-03 -9.999000e+03 -9.999000e+03 -9.999000e+03 -9.999000e+03 -9.999000e+03 -9.999000e+03 1.615042e-03 1.869646e-03 1.991385e-03 2.054555e-03 2.164609e-03 2.301532e-03 2.146378e-03 1.535739e-03 1.338213e-03 1.380559e-03 1.750759e-03 2.156655e-03 2.817157e-03 3.315277e-03 3.720496e-03 4.022730e-03 4.271085e-03 4.427879e-03 4.462905e-03 3.334035e-03 3.364984e-03 3.469734e-03 3.554079e-03 4.819409e-03 5.141259e-03 5.156866e-03 5.246566e-03 5.442686e-03 5.608015e-03 5.683408e-03 5.707197e-03 5.711492e-03 5.767885e-03 5.900341e-03 6.012727e-03 6.068491e-03 6.059657e-03 5.982072e-03 5.991261e-03 6.124410e-03
8.020164e-03 3.271053e-04 1.859494e-03 1.503613e-03 9.253438e-04 2.034170e-03 -9.999000e+03 -9.999000e+03 -9.999000e+03 -9.999000e+03 -9.999000e+03 -9.999000e+03 -9.999000e+03 -9.999000e+03 -9.999000e+03 2.407397e-03 3.107055e-03 3.211905e-03 2.975884e-03 2.730701e-03 2.193879e-03 -9.999000e+03 -9.999000e+03 1.749709e-03 2.464255e-03 2.832661e-03 2.917304e-03 3.318415e-03 3.731198e-03 3.852002e-03 3.939093e-03 4.032967e-03 3.236492e-03 3.375994e-03 3.478842e-03 4.868067e-03 4.962809e-03 4.973402e-03 5.091352e-03 5.363876e-03 5.581543e-03 5.654984e-03 5.668753e-03 5.668853e-03 5.729496e-03 5.870389e-03 5.994482e-03 6.061807e-03 6.060944e-03 5.992551e-03 6.040110e-03 4.153888e-03
7.576196e-03 1.428519e-03 1.333639e-03 1.328142e-03 2.778363e-03 -9.999000e+03 -9.999000e+03 -9.999000e+03 -9.999000e+03 -9.999000e+03 -9.999000e+03 -9.999000e+03 -9.999000e+03 -9.999000e+03 -9.999000e+03 -9.999000e+03 -9.999000e+03 -9.999000e+03 -9.999000e+03 -9.999000e+03 -9.999000e+03 -9.999000e+03 -9.999000e+03 1.645620e-03 2.065599e-03 2.218787e-03 2.430641e-03 2.676059e-03 2.956125e-03 3.019094e-03 3.269061e-03 3.441613e-03 3.689212e-03 4.052329e-03 4.354450e-03 4.523474e-03 4.634800e-03 4.711528e-03 4.898408e-03 5.249823e-03 5.475541e-03 5.553798e-03 5.567320e-03 5.564572e-03 5.604588e-03 5.717694e-03 5.823450e-03 5.892846e-03 5.896316e-03 5.827183e-03 5.916576e-03 6.251465e-03
-9.999000e+03 1.988970e-03 1.868895e-03 2.809013e-03 -9.999000e+03 -9.999000e+03 -9.999000e+03 -9.999000e+03 -9.999000e+03 -9.999000e+03 -9.999000e+03 -9.999000e+03 -9.999000e+03 -9.999000e+03 -9.999000e+03 -9.999000e+03 -9.999000e+03 -9.999000e+03 -9.999000e+03 -9.999000e+03 -9.999000e+03 -9.999000e+03 -9.999000e+03 -9.999000e+03 -9.999000e+03 -9.999000e+03 2.628040e-03 3.347923e-03 2.567754e-03 2.312155e-03 2.275061e-03 2.567149e-03 2.927139e-03 3.368629e-03 3.607601e-03 3.813394e-03 4.094007e-03 4.329323e-03 4.737416e-03 4.933603e-03 5.186348e-03 5.303395e-03 5.413742e-03 5.421417e-03 5.449367e-03 5.515034e-03 5.564747e-03 5.606197e-03 5.603016e-03 5.556486e-03 5.717764e-03 6.172546e-03
-9.999000e+03 -9.999000e+03 -9.999000e+03 -9.999000e+03 -9.999000e+03 -9.999000e+03 -9.999000e+03 -9.999000e+03 -9.999000e+03 -9.999000e+03 -9.999000e+03 -9.999000e+03 -9.999000e+03 -9.999000e+03 -9.999000e+03 -9.999000e+03 -9.999000e+03 -9.999000e+03 -9.999000e+03 -9.999000e+03 -9.999000e+03 -9.999000e+03 -9.999000e+03 -9.999000e+03 -9.999000e+03 -9.999000e+03 -9.999000e+03 -9.999000e+03 2.942576e-03 2.396563e-03 2.117281e-03 2.245353e-03 2.571787e-03 2.957732e-03 3.071611e-03 2.988700e-03 3.060260e-03 4.291827e-03 3.711951e-03 4.093690e-03 4.453418e-03 4.937100e-03 5.106811e-03 5.206752e-03 5.284508e-03 5.320038e-03 5.376964e-03 5.328460e-03 5.308034e-03 5.347130e-03 5.597069e-03 6.067635e-03
-9.999000e+03 -9.999000e+03 -9.999000e+03 -9.999000e+03 -9.999000e+03 -9.999000e+03 -9.999000e+03 -9.999000e+03 -9.999000e+03 -9.999000e+03 -9.999000e+03 -9.999000e+03 -9.999000e+03 -9.999000e+03 -9.999000e+03 -9.999000e+03 -9.999000e+03 -9.999000e+03 -9.999000e+03 -9.999000e+03 -9.999000e+03 -9.999000e+03 -9.999000e+03 -9.999000e+03 -9.999000e+03 -9.999000e+03 -9.999000e+03 -9.999000e+03 -9.999000e+03 2.702854e-03 2.644327e-03 4.090828e-03 3.833698e-03 4.360415e-03 4.664404e-03 4.353858e-03 4.072839e-03 3.173446e-03 3.334362e-03 3.455343e-03 3.519737e-03 4.182009e-03 4.393180e-03 4.617276e-03 4.706962e-03 5.063443e-03 5.076681e-03 4.935569e-03 4.916343e-03 5.096750e-03 5.412664e-03 5.753183e-03
-9.999000e+03 -9.999000e+03 -9.999000e+03 -9.999000e+03 -9.999000e+03 -9.999000e+03 -9.999000e+03 -9.999000e+03 -9.999000e+03 -9.999000e+03 -9.999000e+03 -9.999000e+03 -9.999000e+03 -9.999000e+03 -9.999000e+03 -9.999000e+03 -9.999000e+03 -9.999000e+03 -9.999000e+03 -9.999000e+03 -9.999000e+03 -9.999000e+03 -9.999000e+03 -9.999000e+03 -9.999000e+03 -9.999000e+03 -9.999000e+03 -9.999000e+03 -9.999000e+03 -9.999000e+03 3.207609e-03 -9.999000e+03 -9.999000e+03 -9.999000e+03 -9.999000e+03 -9.999000e+03 -9.999000e+03 -9.999000e+03 3.978405e-03 5.164909e-03 5.217229e-03 3.370132e-03 3.449506e-03 3.607691e-03 3.682045e-03 4.070721e-03 4.079265e-03 3.922736e-03 3.948589e-03 4.253010e-03 4.468035e-03 4.803206e-03
-9.999000e+03 -9.999000e+03 -9.999000e+03 -9.999000e+03 -9.999000e+03 -9.999000e+03 -9.999000e+03 -9.999000e+03 -9.999000e+03 -9.999000e+03 -9.999000e+03 -9.999000e+03 -9.999000e+03 -9.999000e+03 -9.999000e+03 -9.999000e+03 -9.999000e+03 -9.999000e+03 -9.999000e+03 -9.999000e+03 -9.999000e+03 -9.999000e+03 -9.999000e+03 -9.999000e+03 -9.999000e+03 -9.999000e+03 -9.999000e+03 -9.999000e+03 -9.999000e+03 -9.999000e+03 -9.999000e+03 -9.999000e+03 -9.999000e+03 -9.999000e+03 -9.999000e+03 -9.999000e+03 -9.999000e+03 -9.999000e+03 -9.999000e+03 -9.999000e+03 -9.999000e+03 4.065001e-03 4.949361e-03 5.324440e-03 3.950935e-03 3.651318e-03 3.567796e-03 3.392703e-03 3.478491e-03 3.780318e-03 3.887503e-03 3.848236e-03
-9.999000e+03 -9.999000e+03 -9.999000e+03 -9.999000e+03 -9.999000e+03 -9.999000e+03 -9.999000e+03 -9.999000e+03 -9.999000e+03 -9.999000e+03 -9.999000e+03 -9.999000e+03 -9.999000e+03 -9.999000e+03 -9.999000e+03 -9.999000e+03 -9.999000e+03 -9.999000e+03 -9.999000e+03 -9.999000e+03 -9.999000e+03 -9.999000e+03 -9.999000e+03 -9.999000e+03 -9.999000e+03 -9.999000e+03 -9.999000e+03 -9.999000e+03 -9.999000e+03 -9.999000e+03 -9.999000e+03 -9.999000e+03 -9.999000e+03 -9.999000e+03 -9.999000e+03 -9.999000e+03 -9.999000e+03 -9.999000e+03 -9.999000e+03 -9.999000e+03 -9.999000e+03 -9.999000e+03 -9.999000e+03 -9.999000e+03 5.307321e-03 6.376183e-03 6.461655e-03 6.239990e-03 6.107397e-03 6.406523e-03 4.657672e-03 4.275731e-03
-9.999000e+03 -9.999000e+03 -9.999000e+03 -9.999000e+03 -9.999000e+03 -9.999000e+03 -9.999000e+03 -9.999000e+03 -9.999000e+03 -9.999000e+03 -9.999000e+03 -9.999000e+03 -9.999000e+03 -9.999000e+03 -9.999000e+03 -9.999000e+03 -9.999000e+03 -9.999000e+03 -9.999000e+03 -9.999000e+03 -9.999000e+03 -9.999000e+03 -9.999000e+03 -9.999000e+03 -9.999000e+03 -9.999000e+03 -9.999000e+03 -9.999000e+03 -9.999000e+03 -9.999000e+03 -9.999000e+03 -9.999000e+03 -9.999000e+03 -9.999000e+03 -9.999000e+03 -9.999000e+03 -9.999000e+03 -9.999000e+03 -9.999000e+03 -9.999000e+03 -9.999000e+03 -9.999000e+03 -9.999000e+03 -9.999000e+03 -9.999000e+03 -9.999000e+03 -9.999000e+03 -9.999000e+03 -9.999000e+03 -9.999000e+03 5.738748e-03 5.021728e-03
-9.999000e+03 -9.999000e+03 -9.999000e+03 -9.999000e+03 -9.999000e+03 -9.999000e+03 -9.999000e+03 -9.999000e+03 -9.999000e+03 -9.999000e+03 -9.999000e+03 -9.999000e+03 -9.999000e+03 -9.999000e+03 -9.999000e+03 -9.999000e+03 -9.999000e+03 -9.999000e+03 -9.999000e+03 -9.999000e+03 -9.999000e+03 -9.999000e+03 -9.999000e+03 -9.999000e+03 -9.999000e+03 -9.999000e+03 -9.999000e+03 -9.999000e+03 -9.999000e+03 -9.999000e+03 -9.999000e+03 -9.999000e+03 -9.999000e+03 -9.999000e+03 -9.999000e+03 -9.999000e+03 -9.999000e+03 -9.999000e+03 -9.999000e+03 -9.999000e+03 -9.999000e+03 -9.999000e+03 -9.999000e+03 -9.999000e+03 -9.999000e+03 -9.999000e+03 -9.999000e+03 -9.999000e+03 -9.999000e+03 -9.999000e+03 -9.999000e+03 5.043358e-03
-9.999000e+03 -9.999000e+03 -9.999000e+03 -9.999000e+03 -9.999000e+03 -9.999000e+03 -9.999000e+03 -9.999000e+03 -9.999000e+03 -9.999000e+03 -9.999000e+03 -9.999000e+03 -9.999000e+03 -9.999000e+03 -9.999000e+03 -9.999000e+03 -9.999000e+03 -9.999000e+03 -9.999000e+03 -9.999000e+03 -9.999000e+03 -9.999000e+03 -9.999000e+03 -9.999000e+03 -9.999000e+03 -9.999000e+03 -9.999000e+03 -9.999000e+03 -9.999000e+03 -9.999000e+03 -9.999000e+03 -9.999000e+03 -9.999000e+03 -9.999000e+03 -9.999000e+03 -9.999000e+03 -9.999000e+03 -9.999000e+03 -9.999000e+03 -9.999000e+03 -9.999000e+03 -9.999000e+03 -9.999000e+03 -9.999000e+03 -9.999000e+03 -9.999000e+03 -9.999000e+03 -9.999000e+03 -9.999000e+03 -9.999000e+03 -9.999000e+03 -9.999000e+03
-9.999000e+03 -9.999000e+03 -9.999000e+03 -9.999000e+03 -9.999000e+03 -9.999000e+03 -9.999000e+03 -9.999000e+03 -9.999000e+03 -9.999000e+03 -9.999000e+03 -9.999000e+03 -9.999000e+03 -9.999000e+03 -9.999000e+03 -9.999000e+03 -9.999000e+03 -9.999000e+03 -9.999000e+03 -9.999000e+03 -9.999000e+03 -9.999000e+03 -9.999000e+03 -9.999000e+03 -9.999000e+03 -9.999000e+03 -9.999000e+03 -9.999000e+03 -9.999000e+03 -9.999000e+03 -9.999000e+03 -9.999000e+03 -9.999000e+03 -9.999000e+03 -9.999000e+03 -9.999000e+03 -9.999000e+03 -9.999000e+03 -9.999000e+03 -9.999000e+03 -9.999000e+03 -9.999000e+03 -9.999000e+03 -9.999000e+03 -9.999000e+03 -9.999000e+03 -9.999000e+03 -9.999000e+03 -9.999000e+03 -9.999000e+03 -9.999000e+03 -9.999000e+03
