tests/data/reference/test_stream_rill_mfda/mqsur_m3_s.asc
ncols	123
nrows	77
xllcorner	-713746.79929998
yllcorner	-1061022.36961616
cellsize	10.0
NODATA_value	-9999
[rows 46 to 68 of 77, columns 52 to 103 of 123]
4.829607e-03 5.060441e-03 5.095925e-03 5.285727e-03 5.450606e-03 5.498632e-03 5.518626e-03 5.553736e-03 5.580142e-03 5.598680e-03 5.686034e-03 5.854575e-03 5.996016e-03 6.065839e-03 6.100598e-03 6.127992e-03 6.265426e-03 6.558299e-03 6.828239e-03 6.968636e-03 7.111547e-03 7.337171e-03 7.451415e-03 7.308101e-03 7.158749e-03 0.000000e+00 1.034669e-03 4.564847e-03 6.069163e-03 6.534307e-03 6.306004e-03 0.000000e+00 0.000000e+00 0.000000e+00 4.032443e-03 4.054724e-03 4.145886e-03 4.291665e-03 4.375116e-03 4.389385e-03 4.377398e-03 4.343104e-03 4.289618e-03 4.205854e-03 4.129799e-03 4.062616e-03 3.992058e-03 3.917822e-03 3.856935e-03 3.874101e-03 3.962093e-03 4.033556e-03
5.114976e-03 4.875179e-03 4.825944e-03 5.041497e-03 5.221660e-03 5.249487e-03 5.279787e-03 5.371849e-03 5.437933e-03 5.449193e-03 5.522549e-03 5.689394e-03 5.800509e-03 5.799938e-03 5.763592e-03 5.731064e-03 5.858323e-03 6.189842e-03 6.471196e-03 6.602793e-03 6.758902e-03 7.018058e-03 7.218443e-03 7.268225e-03 7.268630e-03 0.000000e+00 1.034071e-03 4.561433e-03 6.684742e-03 6.852304e-03 6.915522e-03 1.646018e-02 3.752832e-03 0.000000e+00 0.000000e+00 3.771462e-03 3.968972e-03 4.199251e-03 6.296741e-03 4.380427e-03 4.368537e-03 4.324140e-03 4.286668e-03 4.242568e-03 4.206450e-03 4.168342e-03 4.113765e-03 4.051237e-03 3.984481e-03 3.967653e-03 4.017546e-03 4.064465e-03
5.223805e-03 4.900870e-03 4.778312e-03 4.948387e-03 5.080563e-03 5.083080e-03 5.100552e-03 5.172834e-03 5.244120e-03 5.300441e-03 5.414515e-03 5.599219e-03 5.699360e-03 5.664617e-03 5.604724e-03 5.565387e-03 5.675373e-03 5.963156e-03 6.192029e-03 6.287516e-03 6.419301e-03 6.651852e-03 6.905213e-03 7.116445e-03 7.312862e-03 0.000000e+00 9.557730e-04 6.311813e-03 6.812975e-03 7.202439e-03 7.352804e-03 5.705381e-03 1.403023e-02 3.221032e-03 0.000000e+00 3.492662e-03 3.814203e-03 4.087148e-03 6.194558e-03 4.357493e-03 4.361828e-03 4.311559e-03 4.283809e-03 4.267709e-03 4.263960e-03 4.251805e-03 4.209949e-03 4.161324e-03 4.108052e-03 4.073532e-03 4.075429e-03 4.078421e-03
5.403584e-03 5.093823e-03 4.926685e-03 4.980871e-03 5.019340e-03 4.998713e-03 4.992405e-03 5.002750e-03 5.062941e-03 5.187236e-03 5.358700e-03 5.550189e-03 5.638156e-03 5.600151e-03 5.561397e-03 5.561999e-03 5.668782e-03 5.897815e-03 6.072713e-03 6.132845e-03 6.213289e-03 6.353067e-03 6.319970e-03 6.846543e-03 7.185999e-03 0.000000e+00 4.456749e-03 6.453316e-03 7.105039e-03 7.548639e-03 7.635448e-03 4.521996e-03 6.352458e-03 1.194024e-02 0.000000e+00 0.000000e+00 3.719033e-03 6.177004e-03 6.045717e-03 4.308216e-03 4.345363e-03 4.310427e-03 4.291329e-03 4.289144e-03 4.308776e-03 4.318608e-03 4.284695e-03 4.248464e-03 4.224797e-03 4.185460e-03 4.131555e-03 4.073612e-03
5.584340e-03 5.357196e-03 5.188040e-03 5.104230e-03 5.040645e-03 5.009109e-03 4.988159e-03 4.945048e-03 4.997630e-03 5.176975e-03 5.370103e-03 5.517107e-03 5.562820e-03 5.533109e-03 5.539793e-03 5.597676e-03 5.732050e-03 5.958938e-03 6.137970e-03 6.209448e-03 6.242373e-03 5.136246e-03 5.802247e-03 8.375854e-03 6.845351e-03 0.000000e+00 4.478309e-03 6.596160e-03 7.412747e-03 7.703121e-03 7.868930e-03 6.092877e-03 6.435537e-03 6.092376e-03 3.558473e-03 0.000000e+00 3.604487e-03 3.894190e-03 5.904173e-03 4.250541e-03 4.311662e-03 4.301237e-03 4.296485e-03 4.297864e-03 4.322890e-03 4.355871e-03 4.347098e-03 4.319936e-03 4.301995e-03 4.263692e-03 4.198581e-03 4.118879e-03
5.730041e-03 5.607135e-03 5.462510e-03 5.265670e-03 5.117289e-03 5.084312e-03 5.069155e-03 5.009478e-03 5.062666e-03 5.284122e-03 5.464709e-03 5.506909e-03 5.480931e-03 5.462193e-03 5.500792e-03 5.587519e-03 5.759200e-03 6.031916e-03 6.263942e-03 6.393528e-03 6.389037e-03 3.978038e-03 1.000722e-02 6.210474e-03 6.519632e-03 0.000000e+00 4.467597e-03 6.681341e-03 7.509324e-03 7.501016e-03 6.027843e-03 7.962103e-03 7.094874e-03 6.526545e-03 5.475709e-03 0.000000e+00 0.000000e+00 3.849502e-03 4.056864e-03 4.204170e-03 4.274283e-03 4.284323e-03 4.298808e-03 4.300195e-03 4.310445e-03 4.357513e-03 4.392862e-03 4.385157e-03 4.350096e-03 4.312064e-03 4.276326e-03 4.214313e-03
5.796765e-03 5.770892e-03 5.657482e-03 5.376571e-03 5.160727e-03 5.132622e-03 5.145882e-03 5.117580e-03 5.206916e-03 5.476288e-03 5.635648e-03 5.559396e-03 5.452466e-03 5.412393e-03 5.423982e-03 5.488871e-03 5.690983e-03 6.030174e-03 6.336603e-03 6.551601e-03 6.522235e-03 1.214884e-02 5.808390e-03 5.981644e-03 6.327538e-03 0.000000e+00 4.481856e-03 6.734721e-03 5.950907e-03 5.771107e-03 4.952272e-03 7.599559e-03 7.773718e-03 7.047491e-03 6.045238e-03 3.494411e-03 0.000000e+00 3.912805e-03 4.057007e-03 4.162199e-03 4.214862e-03 4.227273e-03 4.263538e-03 4.292117e-03 4.313481e-03 4.361583e-03 4.415401e-03 4.432157e-03 4.404586e-03 4.364667e-03 4.334531e-03 4.298951e-03
5.833368e-03 5.891815e-03 5.798126e-03 5.441308e-03 5.176194e-03 5.161776e-03 5.208878e-03 5.228333e-03 5.361083e-03 5.667892e-03 5.826397e-03 5.710188e-03 5.550669e-03 5.431919e-03 5.368473e-03 5.408408e-03 5.628209e-03 5.992743e-03 6.325462e-03 6.588025e-03 6.548534e-03 6.027672e-03 5.729176e-03 5.754195e-03 5.390786e-03 0.000000e+00 4.511887e-03 5.355413e-03 4.711570e-03 4.812583e-03 6.227182e-03 7.381988e-03 7.886595e-03 7.564075e-03 6.740308e-03 3.844657e-03 0.000000e+00 0.000000e+00 4.177774e-03 4.140074e-03 4.137106e-03 4.124888e-03 4.181151e-03 4.259989e-03 4.325496e-03 4.380472e-03 4.425363e-03 4.457242e-03 4.459849e-03 4.423568e-03 4.376379e-03 4.367812e-03
5.914915e-03 6.019381e-03 5.918891e-03 5.522856e-03 5.240225e-03 5.234376e-03 5.291814e-03 5.287685e-03 5.477235e-03 5.785181e-03 5.956364e-03 5.902667e-03 5.759947e-03 5.546236e-03 5.415677e-03 5.468025e-03 5.682049e-03 5.996771e-03 6.286438e-03 6.536887e-03 6.482769e-03 5.930311e-03 4.758498e-03 4.565564e-03 4.278657e-03 0.000000e+00 4.555307e-03 4.656490e-03 5.897764e-03 6.143436e-03 7.321404e-03 7.562922e-03 8.006739e-03 7.933839e-03 7.340875e-03 4.083323e-03 4.059873e-03 0.000000e+00 4.304014e-03 4.262503e-03 4.161966e-03 4.143761e-03 4.201937e-03 4.289192e-03 4.363543e-03 4.411473e-03 4.436434e-03 4.460959e-03 4.479077e-03 4.463679e-03 4.424072e-03 4.415027e-03
6.053456e-03 6.074304e-03 6.019732e-03 5.630068e-03 5.379503e-03 5.372210e-03 5.063997e-03 5.419370e-03 5.599473e-03 5.840759e-03 6.002377e-03 6.052362e-03 5.978796e-03 5.726506e-03 5.572799e-03 5.648695e-03 5.836976e-03 6.072927e-03 6.298803e-03 6.512850e-03 6.459662e-03 5.967919e-03 3.843161e-03 4.167509e-03 0.000000e+00 0.000000e+00 4.635002e-03 6.134670e-03 7.135351e-03 7.641157e-03 7.744299e-03 7.985959e-03 7.876640e-03 8.226207e-03 7.806737e-03 6.858767e-03 4.121848e-03 0.000000e+00 4.430791e-03 4.375188e-03 4.276078e-03 4.288833e-03 4.334700e-03 4.389980e-03 4.433949e-03 4.453751e-03 4.448668e-03 4.448123e-03 4.465456e-03 4.481039e-03 4.474435e-03 4.448160e-03
5.752037e-03 6.238036e-03 6.070873e-03 5.762568e-03 5.578201e-03 3.747482e-03 5.200893e-03 5.660757e-03 5.766690e-03 5.888648e-03 6.011356e-03 6.136328e-03 6.127898e-03 5.901147e-03 5.772621e-03 5.873244e-03 6.040032e-03 6.215124e-03 6.393851e-03 6.576440e-03 6.573421e-03 6.295523e-03 4.932996e-03 5.339651e-03 0.000000e+00 1.026984e-03 4.686323e-03 7.040959e-03 7.581584e-03 7.924455e-03 7.137858e-02 8.539836e-02 1.009257e-01 1.202258e-01 8.090537e-03 7.249797e-03 4.043297e-03 0.000000e+00 0.000000e+00 4.595763e-03 4.588390e-03 4.441964e-03 4.452936e-03 4.468535e-03 4.478966e-03 4.482678e-03 4.468632e-03 4.446861e-03 4.440027e-03 4.450552e-03 4.454068e-03 4.417938e-03
6.377434e-03 6.263332e-03 6.059968e-03 5.881322e-03 3.861080e-03 3.834676e-03 5.722177e-03 5.821416e-03 5.911610e-03 5.949423e-03 6.028559e-03 6.173460e-03 6.204814e-03 6.044433e-03 5.964037e-03 6.073669e-03 6.225797e-03 6.375199e-03 6.531067e-03 6.691345e-03 6.752540e-03 6.674595e-03 1.571990e-02 6.321624e-03 0.000000e+00 1.035582e-03 4.930021e-03 6.996241e-03 3.449392e-02 5.404960e-02 7.673421e-03 7.880616e-03 8.103908e-03 8.207659e-03 1.306538e-01 1.432514e-01 4.128723e-03 4.097810e-03 0.000000e+00 4.905460e-03 4.872062e-03 4.597400e-03 4.555431e-03 4.525718e-03 4.499278e-03 4.494697e-03 4.492074e-03 4.459564e-03 4.407817e-03 4.375005e-03 4.361972e-03 4.320817e-03
6.411574e-03 6.143095e-03 5.885014e-03 5.819079e-03 5.800840e-03 5.763476e-03 5.766865e-03 5.862878e-03 5.946876e-03 5.976917e-03 6.042597e-03 6.163546e-03 6.207065e-03 6.127542e-03 6.100571e-03 6.197370e-03 6.330882e-03 6.480860e-03 6.640651e-03 6.801342e-03 6.920537e-03 6.973124e-03 7.051624e-03 2.680564e-02 0.000000e+00 1.039944e-03 7.551106e-03 1.781221e-02 7.628484e-03 7.527211e-03 7.613102e-03 7.914417e-03 8.178996e-03 8.299724e-03 8.332950e-03 8.483171e-03 1.555070e-01 3.899087e-03 0.000000e+00 0.000000e+00 4.904242e-03 4.834129e-03 4.592448e-03 4.541473e-03 4.500899e-03 4.485316e-03 4.480124e-03 4.450479e-03 4.388788e-03 4.339609e-03 4.324906e-03 4.284181e-03
6.334773e-03 5.911045e-03 5.586345e-03 5.620086e-03 5.714655e-03 5.725754e-03 5.735680e-03 5.806736e-03 5.886707e-03 5.959238e-03 6.038414e-03 6.116967e-03 6.163783e-03 6.170089e-03 6.197135e-03 6.273559e-03 6.386120e-03 6.540712e-03 6.716347e-03 6.895622e-03 7.042090e-03 7.131310e-03 7.225379e-03 7.385380e-03 0.000000e+00 4.674596e-03 6.999012e-03 7.599061e-03 7.584674e-03 7.518283e-03 7.619425e-03 7.905633e-03 8.158818e-03 8.298500e-03 8.452032e-03 8.672243e-03 8.715617e-03 1.668376e-01 3.744843e-03 0.000000e+00 0.000000e+00 4.773292e-03 4.737015e-03 4.515578e-03 4.481766e-03 4.457840e-03 4.435526e-03 4.413986e-03 4.374272e-03 4.342814e-03 4.346588e-03 4.319009e-03
6.153059e-03 5.621149e-03 5.279312e-03 5.397756e-03 5.582057e-03 5.650348e-03 5.672487e-03 5.692619e-03 5.760339e-03 5.895955e-03 6.010247e-03 6.058806e-03 6.117003e-03 6.205348e-03 6.288524e-03 6.359690e-03 6.460082e-03 6.604918e-03 6.777253e-03 6.963739e-03 7.089371e-03 7.120983e-03 7.200424e-03 7.413113e-03 0.000000e+00 4.702510e-03 6.988315e-03 7.536915e-03 7.520122e-03 7.488820e-03 7.574270e-03 7.787297e-03 7.941670e-03 8.094124e-03 8.366224e-03 9.000168e-03 8.800354e-03 8.635489e-03 1.771649e-01 3.465830e-03 0.000000e+00 0.000000e+00 4.532230e-03 4.409480e-03 4.424634e-03 4.428503e-03 4.413520e-03 4.404586e-03 4.380529e-03 4.337591e-03 4.308553e-03 6.712864e-03
5.759637e-03 5.324890e-03 5.004446e-03 5.177061e-03 5.404323e-03 5.527163e-03 5.565655e-03 5.526833e-03 5.571043e-03 5.755940e-03 5.911893e-03 5.960727e-03 6.028208e-03 6.169193e-03 6.307139e-03 6.410199e-03 6.528952e-03 6.679922e-03 6.847276e-03 7.023944e-03 7.105774e-03 7.051829e-03 7.097347e-03 7.348576e-03 0.000000e+00 4.667366e-03 6.893042e-03 7.420480e-03 7.424569e-03 7.425472e-03 7.487196e-03 7.316450e-03 7.368550e-03 7.780888e-03 8.093988e-03 8.489376e-03 9.016403e-03 8.742317e-03 8.477017e-03 1.867544e-01 5.756119e-03 0.000000e+00 4.011935e-03 4.250652e-03 4.314618e-03 4.389123e-03 4.408732e-03 4.418675e-03 4.411845e-03 4.336321e-03 6.666412e-03 6.687795e-03
5.341591e-03 5.140453e-03 4.834868e-03 4.993962e-03 5.191188e-03 5.337514e-03 5.375465e-03 5.280864e-03 5.295048e-03 5.488822e-03 5.656004e-03 5.719718e-03 5.814164e-03 5.978862e-03 6.160635e-03 6.324310e-03 6.505041e-03 6.720769e-03 6.922354e-03 7.086669e-03 7.137053e-03 7.040537e-03 7.062345e-03 7.296678e-03 0.000000e+00 4.615952e-03 6.793063e-03 7.357011e-03 7.412661e-03 7.428188e-03 6.367650e-03 5.906870e-03 6.762052e-03 7.246159e-03 7.795602e-03 8.142634e-03 8.414644e-03 8.670232e-03 8.579502e-03 7.978590e-03 6.613519e-03 0.000000e+00 0.000000e+00 3.991534e-03 4.202221e-03 4.325306e-03 4.360484e-03 4.360268e-03 4.354520e-03 4.263194e-03 6.554201e-03 6.903950e-03
5.205037e-03 4.832581e-03 4.700029e-03 4.786042e-03 4.889444e-03 4.986040e-03 5.003512e-03 4.903009e-03 4.897674e-03 5.055808e-03 5.220828e-03 5.375323e-03 5.485684e-03 5.667597e-03 5.902141e-03 6.138899e-03 6.407309e-03 6.701260e-03 6.938902e-03 7.120122e-03 7.152263e-03 7.059903e-03 7.061198e-03 7.216536e-03 0.000000e+00 4.570875e-03 6.743172e-03 7.399575e-03 7.529659e-03 7.534988e-03 4.500100e-03 4.489064e-03 5.633181e-03 6.730548e-03 7.210614e-03 7.486966e-03 8.053704e-03 8.425722e-03 8.478129e-03 8.256947e-03 7.634048e-03 1.713447e-02 0.000000e+00 0.000000e+00 4.160702e-03 4.241486e-03 4.274335e-03 4.230905e-03 4.210574e-03 6.466506e-03 6.669674e-03 7.187248e-03
4.052974e-03 4.113947e-03 4.098454e-03 4.049653e-03 3.945916e-03 3.994101e-03 4.108562e-03 4.062704e-03 4.016385e-03 4.251173e-03 4.787584e-03 4.928597e-03 5.069999e-03 5.323556e-03 5.509527e-03 5.811798e-03 6.144980e-03 6.473095e-03 6.904516e-03 7.062383e-03 7.081999e-03 7.056071e-03 7.033781e-03 7.117258e-03 0.000000e+00 4.549925e-03 6.773746e-03 7.550004e-03 7.748986e-03 7.727869e-03 1.468671e-02 5.172461e-03 4.469538e-03 5.574611e-03 5.747741e-03 6.890754e-03 7.804208e-03 8.031220e-03 8.254264e-03 8.334692e-03 8.112454e-03 7.328350e-03 3.894305e-03 0.000000e+00 3.949151e-03 4.178534e-03 4.225354e-03 4.165048e-03 6.401138e-03 6.592805e-03 7.025696e-03 7.340740e-03
3.383008e-03 3.457633e-03 3.507096e-03 3.527032e-03 3.529407e-03 3.511219e-03 3.477853e-03 3.431364e-03 3.408481e-03 3.413705e-03 3.939970e-03 4.165850e-03 4.678754e-03 4.514963e-03 4.574292e-03 4.851947e-03 5.190898e-03 6.180851e-03 6.603741e-03 6.700436e-03 6.933376e-03 6.908343e-03 6.930743e-03 7.041810e-03 0.000000e+00 4.556530e-03 6.861944e-03 7.683506e-03 7.957736e-03 7.925547e-03 7.777522e-03 1.262251e-02 5.544050e-03 4.434603e-03 4.476535e-03 6.896495e-03 7.164926e-03 7.636100e-03 7.936831e-03 8.186316e-03 8.232390e-03 8.069326e-03 1.877065e-02 0.000000e+00 0.000000e+00 3.954346e-03 4.194102e-03 6.462130e-03 6.509458e-03 6.913657e-03 7.289176e-03 7.378646e-03
6.021233e-03 5.568776e-03 5.618160e-03 5.902724e-03 6.235580e-03 6.291579e-03 6.004962e-03 3.988117e-03 3.957125e-03 3.695911e-03 3.267790e-03 3.345245e-03 3.749429e-03 3.604238e-03 3.790599e-03 4.006836e-03 4.180842e-03 5.218497e-03 5.411917e-03 6.307271e-03 6.530685e-03 6.639197e-03 6.698061e-03 0.000000e+00 0.000000e+00 4.791390e-03 6.863470e-03 7.853960e-03 8.123657e-03 8.085967e-03 7.953641e-03 7.570909e-03 1.091844e-02 5.602176e-03 5.223251e-03 5.688322e-03 6.513926e-03 6.980306e-03 7.342797e-03 7.732391e-03 8.115935e-03 9.082798e-03 8.091412e-03 2.794818e-02 0.000000e+00 0.000000e+00 4.107163e-03 6.605205e-03 6.888902e-03 7.217213e-03 7.422007e-03 7.390102e-03
-9.999000e+03 -9.999000e+03 -9.999000e+03 -9.999000e+03 -9.999000e+03 -9.999000e+03 -9.999000e+03 5.109943e-03 6.609319e-03 7.308177e-03 3.764356e-03 3.612585e-03 3.435834e-03 4.014195e-03 4.367254e-03 4.619459e-03 4.772354e-03 4.282307e-03 4.333378e-03 5.392575e-03 6.073602e-03 6.199718e-03 6.470752e-03 0.000000e+00 9.952955e-04 4.770620e-03 7.406520e-03 9.250640e-03 8.094933e-03 8.047765e-03 7.986161e-03 2.713598e-02 7.433639e-03 9.382134e-03 6.612882e-03 4.295933e-03 5.103029e-03 5.503538e-03 6.158393e-03 7.096159e-03 1.189281e-02 8.180170e-03 7.274601e-03 6.992358e-03 2.846521e-02 0.000000e+00 0.000000e+00 6.808366e-03 7.295806e-03 7.503357e-03 1.753760e-02 1.385987e-02
-9.999000e+03 -9.999000e+03 -9.999000e+03 -9.999000e+03 -9.999000e+03 -9.999000e+03 -9.999000e+03 -9.999000e+03 -9.999000e+03 -9.999000e+03 5.624728e-03 6.238781e-03 4.302170e-03 4.970439e-03 5.368579e-03 5.593010e-03 5.848551e-03 5.211685e-03 5.070811e-03 4.218601e-03 5.151384e-03 5.821412e-03 5.328109e-03 0.000000e+00 1.080206e-03 6.611668e-03 1.107347e-02 7.639144e-03 7.216678e-03 7.325231e-03 7.302394e-03 7.116344e-03 3.789396e-02 7.234162e-03 7.951659e-03 5.399435e-03 4.285008e-03 4.419304e-03 4.572474e-03 1.346306e-02 7.189150e-03 4.869726e-03 4.829059e-03 4.688650e-03 4.520673e-03 2.147861e-02 0.000000e+00 0.000000e+00 7.567725e-03 1.246114e-02 -9.999000e+03 -9.999000e+03
