tests/data/reference/test_stream_rill_mfda/mqsur_m3_s.asc
ncols	123
nrows	77
xllcorner	-713746.79929998
yllcorner	-1061022.36961616
cellsize	10.0
NODATA_value	-9999
[rows 23 to 45 of 77, columns 0 to 51 of 123]
-9.999000e+03 -9.999000e+03 -9.999000e+03 -9.999000e+03 -9.999000e+03 -9.999000e+03 -9.999000e+03 -9.999000e+03 -9.999000e+03 -9.999000e+03 -9.999000e+03 -9.999000e+03 -9.999000e+03 -9.999000e+03 1.871745e-03 1.976311e-03 2.317522e-03 2.406519e-03 2.040949e-03 8.675891e-04 5.600874e-04 8.325440e-03 7.340501e-04 3.273166e-03 3.208762e-03 3.319593e-03 3.466375e-03 3.589809e-03 3.729416e-03 3.807943e-03 3.883589e-03 3.954979e-03 3.988768e-03 3.988756e-03 3.980200e-03 3.969619e-03 4.002543e-03 4.090154e-03 4.145031e-03 4.150681e-03 4.152300e-03 4.171965e-03 4.210208e-03 4.236132e-03 4.241042e-03 4.235852e-03 4.232232e-03 4.248370e-03 4.280808e-03 4.308268e-03 4.326433e-03 4.354614e-03
-9.999000e+03 -9.999000e+03 -9.999000e+03 -9.999000e+03 -9.999000e+03 -9.999000e+03 -9.999000e+03 -9.999000e+03 -9.999000e+03 -9.999000e+03 -9.999000e+03 -9.999000e+03 -9.999000e+03 -9.999000e+03 2.976829e-03 3.688212e-03 3.254482e-03 3.467140e-03 1.974409e-03 2.665425e-03 8.324550e-03 8.325785e-03 1.017264e-02 3.276331e-03 3.379702e-03 3.562261e-03 3.682375e-03 3.732658e-03 3.760874e-03 3.813246e-03 3.885924e-03 3.944182e-03 3.963863e-03 3.943262e-03 3.925861e-03 3.941988e-03 4.021273e-03 4.122858e-03 4.157675e-03 4.142837e-03 4.139359e-03 4.153543e-03 4.179643e-03 4.202166e-03 4.216624e-03 4.226551e-03 4.237872e-03 4.264075e-03 4.300660e-03 4.332921e-03 4.366411e-03 4.415661e-03
-9.999000e+03 -9.999000e+03 -9.999000e+03 -9.999000e+03 -9.999000e+03 -9.999000e+03 -9.999000e+03 -9.999000e+03 -9.999000e+03 -9.999000e+03 -9.999000e+03 -9.999000e+03 -9.999000e+03 -9.999000e+03 7.825631e-04 2.066128e-03 2.270603e-03 2.241829e-03 2.190328e-03 7.117688e-04 8.326961e-03 3.371116e-03 3.283754e-03 3.426679e-03 3.598147e-03 3.744241e-03 3.824276e-03 3.847416e-03 3.859376e-03 3.873279e-03 3.885269e-03 3.916213e-03 3.909518e-03 3.856199e-03 3.834865e-03 3.892757e-03 4.011564e-03 4.108063e-03 4.124452e-03 4.115241e-03 4.132859e-03 4.157850e-03 4.178730e-03 4.196062e-03 4.214427e-03 4.236149e-03 4.263963e-03 4.303814e-03 4.350743e-03 4.399975e-03 4.449224e-03 4.488598e-03
-9.999000e+03 -9.999000e+03 -9.999000e+03 -9.999000e+03 -9.999000e+03 -9.999000e+03 -9.999000e+03 -9.999000e+03 -9.999000e+03 -9.999000e+03 -9.999000e+03 -9.999000e+03 2.588942e-03 2.594652e-03 3.306739e-03 2.529650e-03 2.295454e-03 1.139572e-03 5.621997e-04 8.324432e-03 7.483061e-04 9.684127e-03 3.161458e-03 3.319651e-03 3.457515e-03 3.574651e-03 3.647814e-03 3.683838e-03 3.734071e-03 3.782644e-03 3.811932e-03 3.838622e-03 3.804508e-03 3.711592e-03 3.713765e-03 3.872430e-03 4.010243e-03 4.085837e-03 4.100768e-03 4.109577e-03 4.129949e-03 4.144654e-03 4.156720e-03 4.176443e-03 4.212100e-03 4.260887e-03 4.316036e-03 4.367214e-03 4.412177e-03 4.464227e-03 4.514053e-03 4.538499e-03
-9.999000e+03 -9.999000e+03 -9.999000e+03 -9.999000e+03 -9.999000e+03 -9.999000e+03 -9.999000e+03 -9.999000e+03 -9.999000e+03 -9.999000e+03 -9.999000e+03 -9.999000e+03 -9.999000e+03 2.519193e-03 2.451230e-03 2.191189e-03 1.453878e-03 4.671263e-04 8.313974e-03 6.284251e-04 9.406619e-03 3.147545e-03 3.019923e-03 3.076176e-02 3.021514e-02 3.161922e-03 3.208527e-03 3.244219e-03 3.389165e-03 3.569705e-03 3.692365e-03 3.723792e-03 3.653668e-03 3.558118e-03 3.627983e-03 3.874666e-03 4.047366e-03 4.109743e-03 4.097503e-03 4.120477e-03 4.123126e-03 4.111155e-03 4.113119e-03 4.144549e-03 4.211997e-03 4.303219e-03 4.392993e-03 4.449588e-03 4.479934e-03 4.521466e-03 4.560952e-03 4.572914e-03
-9.999000e+03 -9.999000e+03 -9.999000e+03 -9.999000e+03 -9.999000e+03 -9.999000e+03 -9.999000e+03 -9.999000e+03 -9.999000e+03 -9.999000e+03 -9.999000e+03 -9.999000e+03 -9.999000e+03 -9.999000e+03 -9.999000e+03 1.842097e-03 2.279235e-04 8.429485e-03 8.311334e-03 8.897957e-03 3.019962e-03 6.202614e-03 3.282045e-02 3.866811e-03 4.037882e-03 3.091607e-02 3.196011e-03 3.086415e-03 3.147802e-03 3.337543e-03 3.459985e-03 3.472794e-03 3.431328e-03 3.401156e-03 3.534854e-03 3.826314e-03 3.960247e-03 3.959462e-03 4.001605e-03 4.077389e-03 4.083252e-03 4.106194e-03 4.143979e-03 4.200474e-03 4.279430e-03 4.374940e-03 4.458707e-03 4.500966e-03 4.519531e-03 4.555816e-03 4.583811e-03 4.577076e-03
-9.999000e+03 -9.999000e+03 -9.999000e+03 -9.999000e+03 -9.999000e+03 -9.999000e+03 -9.999000e+03 -9.999000e+03 -9.999000e+03 -9.999000e+03 -9.999000e+03 -9.999000e+03 -9.999000e+03 -9.999000e+03 -9.999000e+03 -9.999000e+03 4.346334e-04 8.288607e-03 8.516381e-03 8.620016e-03 5.851763e-03 3.187928e-02 3.654744e-03 3.852341e-03 4.109893e-03 4.388461e-03 3.192188e-02 3.155533e-02 3.113187e-02 3.067358e-02 3.247181e-03 3.191178e-03 3.220898e-03 3.264707e-03 3.403065e-03 3.656762e-03 3.745496e-03 3.714859e-03 3.784448e-03 3.954354e-03 4.102076e-03 4.217462e-03 4.252861e-03 4.333366e-03 4.401096e-03 4.465669e-03 4.510194e-03 4.524718e-03 4.535279e-03 4.568930e-03 4.581850e-03 4.547439e-03
-9.999000e+03 -9.999000e+03 -9.999000e+03 -9.999000e+03 -9.999000e+03 -9.999000e+03 -9.999000e+03 -9.999000e+03 -9.999000e+03 -9.999000e+03 -9.999000e+03 -9.999000e+03 -9.999000e+03 -9.999000e+03 -9.999000e+03 -9.999000e+03 1.652843e-02 5.460041e-04 2.479450e-02 2.812567e-02 3.050507e-02 3.584888e-03 3.695521e-03 3.943281e-03 4.193043e-03 4.417658e-03 4.471826e-03 4.355486e-03 4.386877e-03 4.610837e-03 3.051282e-02 4.202479e-03 3.159732e-03 3.057201e-03 3.125381e-03 4.387889e-03 2.669780e-02 2.595887e-02 2.522905e-02 2.450445e-02 3.935450e-03 3.908963e-03 3.995309e-03 4.126546e-03 4.273684e-03 4.309947e-03 4.381048e-03 4.426683e-03 4.475250e-03 4.520309e-03 4.510470e-03 4.443808e-03
-9.999000e+03 -9.999000e+03 -9.999000e+03 -9.999000e+03 -9.999000e+03 -9.999000e+03 -9.999000e+03 -9.999000e+03 -9.999000e+03 -9.999000e+03 -9.999000e+03 -9.999000e+03 -9.999000e+03 -9.999000e+03 -9.999000e+03 8.301123e-03 1.988499e-02 2.664313e-02 3.747383e-03 3.551578e-03 3.701887e-03 3.756583e-03 3.902525e-03 4.136767e-03 4.305212e-03 4.410751e-03 4.484004e-03 4.533973e-03 4.687242e-03 4.910499e-03 4.936414e-03 3.023468e-02 2.952246e-02 2.884401e-02 2.850365e-02 2.757648e-02 4.258248e-03 4.684941e-03 5.098755e-03 5.775458e-03 2.378218e-02 2.305542e-02 2.232011e-02 2.157622e-02 3.592493e-03 3.879712e-03 4.093726e-03 4.204883e-03 4.342499e-03 4.402273e-03 4.351870e-03 4.246329e-03
-9.999000e+03 -9.999000e+03 -9.999000e+03 -9.999000e+03 -9.999000e+03 -9.999000e+03 -9.999000e+03 -9.999000e+03 -9.999000e+03 -9.999000e+03 -9.999000e+03 -9.999000e+03 -9.999000e+03 -9.999000e+03 8.276439e-03 3.998797e-02 4.488941e-03 3.908915e-03 3.852631e-03 3.794322e-03 3.646005e-03 3.808670e-03 4.124002e-03 4.283574e-03 4.438916e-03 4.440476e-03 4.562835e-03 4.987230e-03 5.172944e-03 5.136504e-03 5.105834e-03 4.861476e-03 4.557827e-03 4.242168e-03 3.960434e-03 3.154624e-03 3.371810e-03 3.640451e-03 5.238296e-03 5.605738e-03 6.205412e-03 6.255020e-03 6.199754e-03 5.926799e-03 7.530374e-03 8.320631e-03 8.733124e-03 3.792406e-03 3.959761e-03 4.028711e-03 3.962085e-03 3.885812e-03
-9.999000e+03 -9.999000e+03 -9.999000e+03 -9.999000e+03 -9.999000e+03 -9.999000e+03 -9.999000e+03 -9.999000e+03 -9.999000e+03 -9.999000e+03 -9.999000e+03 -9.999000e+03 -9.999000e+03 -9.999000e+03 2.426673e-02 6.301603e-03 4.042501e-03 4.083039e-03 3.047450e-03 3.034961e-03 3.066235e-03 4.225952e-03 4.141057e-03 4.587645e-03 4.703234e-03 4.713164e-03 4.833289e-03 5.116536e-03 5.344185e-03 5.450837e-03 5.406001e-03 5.226639e-03 5.091344e-03 3.496126e-03 3.556239e-03 3.633070e-03 3.693894e-03 3.787347e-03 3.904194e-03 5.624233e-03 5.832289e-03 6.008871e-03 6.140444e-03 4.364919e-03 4.317430e-03 4.231279e-03 4.116001e-03 5.564901e-03 9.104606e-03 1.222110e-02 4.862445e-03 3.175405e-03
-9.999000e+03 -9.999000e+03 -9.999000e+03 -9.999000e+03 -9.999000e+03 -9.999000e+03 -9.999000e+03 -9.999000e+03 -9.999000e+03 -9.999000e+03 -9.999000e+03 -9.999000e+03 -9.999000e+03 1.640179e-02 1.276091e-02 3.862114e-03 3.965984e-03 3.162047e-03 3.160045e-03 3.128247e-03 4.037988e-03 4.260100e-03 4.356656e-03 4.498066e-03 4.626086e-03 4.699281e-03 4.861267e-03 5.168908e-03 5.399856e-03 5.495148e-03 5.478290e-03 5.398519e-03 3.686862e-03 3.707152e-03 3.756352e-03 3.814302e-03 3.845258e-03 3.888690e-03 3.959592e-03 4.052780e-03 4.154545e-03 4.249130e-03 4.331198e-03 4.511126e-03 4.549638e-03 4.550273e-03 7.124565e-03 7.075539e-03 6.814545e-03 6.215182e-03 5.423930e-03 8.640027e-03
-9.999000e+03 -9.999000e+03 -9.999000e+03 -9.999000e+03 -9.999000e+03 -9.999000e+03 -9.999000e+03 -9.999000e+03 -9.999000e+03 -9.999000e+03 -9.999000e+03 -9.999000e+03 8.269140e-03 2.996756e-02 3.040176e-03 3.052451e-03 3.104522e-03 3.174470e-03 3.195952e-03 3.189657e-03 4.301210e-03 4.292146e-03 4.305547e-03 4.377779e-03 4.495238e-03 4.628945e-03 4.838204e-03 5.141701e-03 5.354875e-03 5.446675e-03 5.485926e-03 3.813841e-03 3.844819e-03 3.834352e-03 3.798889e-03 3.820597e-03 3.864155e-03 3.921826e-03 4.009791e-03 4.107688e-03 4.204052e-03 4.271501e-03 4.300384e-03 4.319089e-03 6.772628e-03 6.874073e-03 6.966122e-03 7.061504e-03 7.078179e-03 6.707370e-03 6.195473e-03 5.618259e-03
-9.999000e+03 -9.999000e+03 -9.999000e+03 -9.999000e+03 -9.999000e+03 -9.999000e+03 -9.999000e+03 -9.999000e+03 -9.999000e+03 -9.999000e+03 -9.999000e+03 -9.999000e+03 2.336000e-02 5.689637e-03 3.053992e-03 3.095422e-03 3.128900e-03 3.195361e-03 3.232652e-03 4.233812e-03 4.409928e-03 4.347659e-03 4.319587e-03 4.347044e-03 4.437499e-03 4.571958e-03 4.760497e-03 5.011608e-03 5.166986e-03 5.219807e-03 5.275887e-03 3.794731e-03 3.838991e-03 3.828942e-03 3.768058e-03 3.758934e-03 3.791222e-03 3.838001e-03 3.923203e-03 4.022202e-03 4.131199e-03 4.222919e-03 4.244951e-03 6.448725e-03 6.500513e-03 6.596568e-03 6.722562e-03 6.909987e-03 6.891777e-03 6.655684e-03 6.417464e-03 6.094056e-03
-9.999000e+03 -9.999000e+03 -9.999000e+03 -9.999000e+03 -9.999000e+03 -9.999000e+03 -9.999000e+03 -9.999000e+03 -9.999000e+03 -9.999000e+03 -9.999000e+03 1.599296e-02 7.990488e-03 3.428149e-03 2.977774e-03 3.099227e-03 3.149360e-03 3.217885e-03 3.261898e-03 4.453812e-03 4.455535e-03 4.400353e-03 4.375903e-03 4.388229e-03 4.443241e-03 4.545025e-03 4.669154e-03 4.819155e-03 4.874225e-03 4.849534e-03 4.883903e-03 3.604445e-03 3.650479e-03 3.693051e-03 3.664229e-03 5.119182e-03 5.074090e-03 5.002655e-03 5.021508e-03 3.768716e-03 3.907870e-03 4.090915e-03 5.872282e-03 5.967067e-03 6.026729e-03 6.171842e-03 6.477010e-03 6.593538e-03 6.589349e-03 6.410673e-03 6.254593e-03 6.187148e-03
-9.999000e+03 -9.999000e+03 -9.999000e+03 -9.999000e+03 -9.999000e+03 -9.999000e+03 -9.999000e+03 -9.999000e+03 -9.999000e+03 -9.999000e+03 8.163075e-03 2.225767e-02 2.566741e-03 2.637904e-03 2.814138e-03 2.980904e-03 3.088270e-03 3.192720e-03 4.325785e-03 4.400607e-03 4.415790e-03 4.377305e-03 4.360212e-03 4.370012e-03 4.416828e-03 4.522462e-03 4.603118e-03 4.644505e-03 4.601215e-03 4.498185e-03 4.488114e-03 3.367446e-03 3.413066e-03 3.560218e-03 4.888781e-03 4.754605e-03 4.306071e-03 4.064770e-03 4.000703e-03 3.880311e-03 3.893460e-03 4.278994e-03 4.596065e-03 4.728228e-03 4.952993e-03 5.802120e-03 6.069858e-03 6.199553e-03 6.323948e-03 6.205858e-03 6.162387e-03 6.278631e-03
-9.999000e+03 -9.999000e+03 -9.999000e+03 -9.999000e+03 -9.999000e+03 -9.999000e+03 -9.999000e+03 -9.999000e+03 -9.999000e+03 -9.999000e+03 1.559199e-02 4.806808e-03 2.990826e-03 2.550574e-03 2.563975e-03 2.723140e-03 3.590093e-03 3.971929e-03 4.176960e-03 4.274949e-03 4.322147e-03 4.310871e-03 4.301962e-03 4.326887e-03 4.384003e-03 4.480793e-03 4.513130e-03 4.475355e-03 4.366339e-03 4.184443e-03 4.093187e-03 3.110077e-03 3.189157e-03 4.155938e-03 4.219909e-03 3.921785e-03 3.249024e-03 3.196053e-03 3.227937e-03 3.339926e-03 3.604945e-03 3.933314e-03 4.049542e-03 4.013287e-03 4.009718e-03 4.851926e-03 5.155341e-03 5.766505e-03 5.951563e-03 5.935316e-03 6.082346e-03 2.304941e-02
-9.999000e+03 -9.999000e+03 -9.999000e+03 -9.999000e+03 -9.999000e+03 -9.999000e+03 -9.999000e+03 -9.999000e+03 -9.999000e+03 8.089888e-03 7.353823e-03 2.697855e-03 2.395810e-03 2.480835e-03 2.458884e-03 2.578175e-03 3.478115e-03 3.762284e-03 3.972701e-03 4.108190e-03 4.205586e-03 4.241100e-03 4.272827e-03 4.349598e-03 4.409731e-03 4.425514e-03 4.378716e-03 4.296488e-03 4.149231e-03 3.885109e-03 3.757539e-03 3.649446e-03 3.597325e-03 3.445565e-03 3.519317e-03 3.432106e-03 3.610530e-03 3.627968e-03 3.774523e-03 4.182706e-03 4.710942e-03 5.017853e-03 5.043408e-03 4.855187e-03 4.593782e-03 3.908868e-03 3.969268e-03 4.703347e-03 5.072895e-03 5.710080e-03 2.471789e-02 6.077248e-03
-9.999000e+03 -9.999000e+03 -9.999000e+03 -9.999000e+03 -9.999000e+03 -9.999000e+03 -9.999000e+03 -9.999000e+03 -9.999000e+03 2.321452e-02 3.432589e-03 2.377946e-03 2.372870e-03 2.421218e-03 2.493342e-03 3.132767e-03 3.356835e-03 3.539919e-03 3.744010e-03 3.945604e-03 4.099704e-03 4.186298e-03 4.274467e-03 4.408835e-03 4.452459e-03 4.357112e-03 4.250900e-03 4.177817e-03 4.020449e-03 3.697740e-03 3.643359e-03 3.074749e-03 3.307768e-03 3.876380e-03 3.998600e-03 4.124650e-03 4.660438e-03 4.603593e-03 4.714148e-03 5.034100e-03 5.363748e-03 5.642666e-03 5.739754e-03 5.617677e-03 5.497613e-03 4.652987e-03 4.350184e-03 3.978869e-03 4.021226e-03 4.616957e-02 5.920953e-03 5.874560e-03
-9.999000e+03 -9.999000e+03 -9.999000e+03 -9.999000e+03 -9.999000e+03 -9.999000e+03 -9.999000e+03 -9.999000e+03 1.605214e-02 5.183140e-03 2.602734e-03 2.512606e-03 2.371025e-03 2.431040e-03 2.546198e-03 3.243346e-03 3.296689e-03 3.353131e-03 3.549393e-03 3.822805e-03 4.041493e-03 4.171585e-03 4.309474e-03 4.463184e-03 4.486472e-03 4.342014e-03 4.242360e-03 4.214770e-03 4.087697e-03 3.807085e-03 3.279084e-03 3.436932e-03 3.923718e-03 4.666360e-03 4.911323e-03 4.955760e-03 4.931459e-03 4.940154e-03 5.015088e-03 5.315448e-03 5.558097e-03 5.658024e-03 5.665108e-03 5.563869e-03 5.519028e-03 5.613393e-03 5.499150e-03 4.517319e-02 4.728043e-02 5.593520e-03 5.656568e-03 5.729059e-03
-9.999000e+03 -9.999000e+03 -9.999000e+03 -9.999000e+03 -9.999000e+03 -9.999000e+03 -9.999000e+03 8.154291e-03 1.578038e-02 3.195534e-03 2.670548e-03 2.594732e-03 2.429116e-03 2.482400e-03 3.161461e-03 3.283792e-03 3.293922e-03 3.284052e-03 3.363483e-03 3.686807e-03 3.926315e-03 4.193781e-03 4.323155e-03 4.448100e-03 4.494071e-03 4.433475e-03 4.379357e-03 4.368523e-03 4.266680e-03 4.042661e-03 3.046867e-03 4.242177e-03 4.559913e-03 4.849572e-03 5.096301e-03 5.140400e-03 5.096376e-03 4.995889e-03 5.047928e-03 5.291170e-03 3.076293e-02 3.086206e-02 3.157652e-02 3.330028e-02 3.627612e-02 5.536891e-03 4.447450e-02 5.389443e-03 5.288992e-03 5.333478e-03 5.467448e-03 5.608771e-03
-9.999000e+03 -9.999000e+03 -9.999000e+03 -9.999000e+03 -9.999000e+03 -9.999000e+03 -9.999000e+03 8.047376e-03 2.686599e-03 2.542194e-03 2.628790e-03 2.625110e-03 2.556691e-03 2.560391e-03 3.286829e-03 3.302167e-03 3.334577e-03 2.636812e-03 2.757008e-03 2.996575e-03 4.018567e-03 4.269123e-03 4.345576e-03 4.380755e-03 4.433272e-03 4.489953e-03 4.522719e-03 4.523874e-03 4.434181e-03 4.262593e-03 3.756316e-03 4.321640e-03 4.752241e-03 1.883443e-02 2.171977e-02 2.466557e-02 2.665348e-02 2.838682e-02 2.923307e-02 2.951780e-02 5.159502e-03 5.485213e-03 5.547158e-03 5.616065e-03 5.652107e-03 4.093493e-02 5.513032e-03 5.341709e-03 5.231399e-03 5.204802e-03 5.293634e-03 3.813129e-03
-9.999000e+03 -9.999000e+03 -9.999000e+03 -9.999000e+03 -9.999000e+03 -9.999000e+03 -9.999000e+03 2.122486e-03 2.856236e-03 2.427075e-03 2.466062e-03 2.582750e-03 2.645193e-03 3.280108e-03 3.276177e-03 3.282817e-03 2.702371e-03 2.761815e-03 2.879750e-03 3.095005e-03 4.135548e-03 4.397086e-03 4.422791e-03 4.365330e-03 4.386806e-03 4.537430e-03 4.633396e-03 4.600500e-03 4.515711e-03 4.437134e-03 9.400712e-03 1.316566e-02 1.635817e-02 4.803999e-03 4.898061e-03 4.996526e-03 5.173156e-03 5.074008e-03 3.789299e-03 3.860921e-03 5.430058e-03 5.792392e-03 5.861902e-03 5.926459e-03 5.921520e-03 5.817944e-03 5.692219e-03 5.551437e-03 5.328173e-03 5.145413e-03 3.566262e-03 3.660354e-03
