tests/data/reference/test_stream_rill_mfda/mqsur_m3_s.asc
ncols	123
nrows	77
xllcorner	-713746.79929998
yllcorner	-1061022.36961616
cellsize	10.0
NODATA_value	-9999
[rows 23 to 45 of 77, columns 52 to 103 of 123]
4.406634e-03 4.454754e-03 4.448270e-03 4.406038e-03 4.384397e-03 7.025728e-03 6.973206e-03 6.873666e-03 6.790578e-03 6.767304e-03 6.744671e-03 4.250786e-03 6.641569e-03 6.520505e-03 6.287604e-03 3.890474e-03 3.735498e-03 3.666302e-03 3.730075e-03 3.805215e-03 3.865494e-03 3.916962e-03 3.932361e-03 3.878528e-03 3.778836e-03 3.694733e-03 3.591406e-03 3.476009e-03 3.383349e-03 3.492029e-03 4.007009e-03 3.931103e-03 4.615969e-03 3.281321e-03 -9.999000e+03 -9.999000e+03 -9.999000e+03 -9.999000e+03 -9.999000e+03 -9.999000e+03 -9.999000e+03 -9.999000e+03 -9.999000e+03 -9.999000e+03 -9.999000e+03 -9.999000e+03 -9.999000e+03 -9.999000e+03 -9.999000e+03 -9.999000e+03 -9.999000e+03 -9.999000e+03
4.465419e-03 4.481256e-03 4.452985e-03 4.410468e-03 4.384460e-03 4.369498e-03 6.951911e-03 6.859101e-03 6.787081e-03 6.764915e-03 6.746347e-03 6.715027e-03 6.050145e-03 4.138417e-03 4.017398e-03 3.885483e-03 3.767639e-03 3.729577e-03 3.808076e-03 3.907656e-03 3.989748e-03 4.046389e-03 4.058749e-03 4.029632e-03 3.961841e-03 3.827187e-03 3.628483e-03 3.446582e-03 3.321101e-03 3.365154e-03 3.595708e-03 4.152164e-03 4.308514e-03 4.436412e-03 3.694733e-03 -9.999000e+03 -9.999000e+03 -9.999000e+03 -9.999000e+03 -9.999000e+03 -9.999000e+03 -9.999000e+03 -9.999000e+03 -9.999000e+03 -9.999000e+03 -9.999000e+03 -9.999000e+03 -9.999000e+03 -9.999000e+03 -9.999000e+03 -9.999000e+03 -9.999000e+03
4.505262e-03 4.498962e-03 4.473966e-03 4.428313e-03 4.374827e-03 4.326481e-03 4.285061e-03 4.266984e-03 4.283885e-03 6.797917e-03 6.792626e-03 6.738978e-03 6.604791e-03 4.091533e-03 4.001907e-03 3.943764e-03 3.904534e-03 3.892151e-03 3.932131e-03 4.001579e-03 4.074989e-03 4.126869e-03 4.135212e-03 4.111134e-03 4.067728e-03 3.997834e-03 3.907802e-03 3.815666e-03 4.924129e-03 3.575540e-03 3.452019e-03 3.506359e-03 3.697629e-03 4.178179e-03 3.835374e-03 4.128596e-03 3.245256e-03 3.221239e-03 -9.999000e+03 -9.999000e+03 -9.999000e+03 -9.999000e+03 -9.999000e+03 -9.999000e+03 -9.999000e+03 -9.999000e+03 -9.999000e+03 -9.999000e+03 -9.999000e+03 -9.999000e+03 -9.999000e+03 -9.999000e+03
4.533801e-03 4.511263e-03 4.472133e-03 4.406722e-03 4.335650e-03 4.282003e-03 4.258572e-03 4.280779e-03 4.313986e-03 4.330380e-03 6.825598e-03 6.741698e-03 6.587105e-03 4.100677e-03 4.042342e-03 4.002028e-03 3.960824e-03 3.933253e-03 3.959286e-03 4.017093e-03 4.076964e-03 4.119569e-03 4.128901e-03 4.121893e-03 4.115073e-03 4.106088e-03 4.090989e-03 4.051564e-03 3.955937e-03 3.768068e-03 3.551162e-03 3.516248e-03 3.668658e-03 3.816894e-03 4.172057e-03 4.589070e-03 4.200102e-03 3.750453e-03 4.288209e-03 3.191520e-03 -9.999000e+03 -9.999000e+03 -9.999000e+03 -9.999000e+03 -9.999000e+03 -9.999000e+03 -9.999000e+03 -9.999000e+03 -9.999000e+03 -9.999000e+03 -9.999000e+03 -9.999000e+03
4.555957e-03 4.508091e-03 4.433563e-03 4.345693e-03 4.281789e-03 4.264372e-03 4.282308e-03 4.322796e-03 4.341609e-03 4.333995e-03 4.306654e-03 4.256467e-03 6.618296e-03 4.163236e-03 4.108472e-03 4.024274e-03 3.925490e-03 3.867900e-03 3.898834e-03 3.955274e-03 3.994224e-03 4.023875e-03 4.040280e-03 4.063611e-03 4.106355e-03 4.150619e-03 4.181046e-03 4.175579e-03 4.120186e-03 4.019829e-03 3.886032e-03 3.758099e-03 3.666923e-03 3.651051e-03 3.683862e-03 3.670034e-03 3.742737e-03 3.400520e-03 4.235577e-03 4.432214e-03 4.131740e-03 8.291722e-03 -9.999000e+03 -9.999000e+03 -9.999000e+03 -9.999000e+03 -9.999000e+03 -9.999000e+03 -9.999000e+03 -9.999000e+03 -9.999000e+03 -9.999000e+03
4.541250e-03 4.473076e-03 4.387307e-03 4.308976e-03 4.267908e-03 4.272738e-03 4.299987e-03 4.339746e-03 4.357085e-03 4.347530e-03 4.319297e-03 4.272547e-03 4.226897e-03 4.177357e-03 4.096542e-03 3.982800e-03 3.891452e-03 3.871964e-03 3.926281e-03 3.988133e-03 4.022818e-03 4.043110e-03 4.050173e-03 4.068700e-03 4.118553e-03 4.184876e-03 4.238231e-03 4.245832e-03 4.205167e-03 4.144906e-03 4.051366e-03 3.896379e-03 3.720867e-03 3.611574e-03 3.591308e-03 3.605349e-03 3.560825e-03 3.466207e-03 3.390283e-03 3.345272e-03 0.000000e+00 1.081840e-02 1.634711e-02 8.058945e-03 -9.999000e+03 -9.999000e+03 -9.999000e+03 -9.999000e+03 -9.999000e+03 -9.999000e+03 -9.999000e+03 -9.999000e+03
4.487029e-03 4.411277e-03 4.344168e-03 4.304807e-03 4.292587e-03 4.288226e-03 4.294307e-03 4.342953e-03 4.381736e-03 4.381276e-03 4.352088e-03 4.295736e-03 4.222908e-03 4.123768e-03 4.002504e-03 3.903494e-03 3.890600e-03 3.952121e-03 4.038142e-03 4.112484e-03 4.157768e-03 4.169227e-03 4.150772e-03 4.133944e-03 4.151324e-03 4.211108e-03 4.266711e-03 4.267917e-03 4.221022e-03 4.167856e-03 4.096355e-03 3.975981e-03 3.840890e-03 3.715768e-03 3.605715e-03 3.546019e-03 3.510562e-03 3.491646e-03 3.474225e-03 0.000000e+00 0.000000e+00 2.856307e-03 8.812145e-03 1.288216e-02 1.395263e-02 -9.999000e+03 -9.999000e+03 -9.999000e+03 -9.999000e+03 -9.999000e+03 -9.999000e+03 -9.999000e+03
4.369071e-03 4.309044e-03 4.282473e-03 4.287801e-03 4.301729e-03 4.301351e-03 4.309838e-03 4.364303e-03 4.390159e-03 4.362820e-03 4.311188e-03 4.234419e-03 4.141779e-03 4.031271e-03 3.944800e-03 3.930973e-03 3.991889e-03 4.090485e-03 4.175400e-03 4.229794e-03 4.252428e-03 4.238919e-03 4.202031e-03 4.174657e-03 4.184202e-03 4.238723e-03 4.277730e-03 4.268645e-03 4.236073e-03 4.208365e-03 4.168034e-03 4.080714e-03 3.973375e-03 3.858326e-03 3.714109e-03 3.601374e-03 3.578340e-03 3.591758e-03 0.000000e+00 0.000000e+00 3.138755e-03 2.890021e-03 2.754952e-03 4.584282e-03 3.120851e-03 1.399985e-02 -9.999000e+03 -9.999000e+03 -9.999000e+03 -9.999000e+03 -9.999000e+03 -9.999000e+03
4.170660e-03 4.158824e-03 4.200501e-03 4.254584e-03 4.295391e-03 4.326944e-03 4.360491e-03 4.384442e-03 4.348395e-03 4.268056e-03 4.180200e-03 4.078431e-03 3.990317e-03 3.940795e-03 3.970147e-03 4.061588e-03 4.164102e-03 4.262084e-03 4.321526e-03 4.331834e-03 4.308650e-03 4.260886e-03 4.212756e-03 4.195397e-03 4.217809e-03 4.262650e-03 4.268407e-03 4.248140e-03 4.246407e-03 4.258197e-03 4.256413e-03 4.200821e-03 4.111778e-03 4.019522e-03 3.877781e-03 3.751546e-03 3.756254e-03 0.000000e+00 0.000000e+00 3.508474e-03 3.313906e-03 3.039815e-03 2.734224e-03 2.593715e-03 5.470055e-03 4.535785e-03 3.491915e-03 -9.999000e+03 -9.999000e+03 -9.999000e+03 -9.999000e+03 -9.999000e+03
3.867249e-03 3.934325e-03 4.032938e-03 4.119413e-03 4.190047e-03 4.256986e-03 4.311654e-03 4.322008e-03 4.273707e-03 4.205220e-03 4.135370e-03 4.060500e-03 4.022165e-03 4.037687e-03 4.105512e-03 4.197743e-03 4.274234e-03 4.332320e-03 4.345770e-03 4.316598e-03 4.278364e-03 4.236786e-03 4.210199e-03 4.216543e-03 4.248267e-03 4.274496e-03 4.246298e-03 4.204818e-03 4.204243e-03 4.226166e-03 4.245759e-03 4.220401e-03 4.159905e-03 4.108641e-03 4.000881e-03 3.886568e-03 0.000000e+00 0.000000e+00 3.751428e-03 3.627595e-03 3.494243e-03 3.294785e-03 3.015031e-03 2.804596e-03 2.834846e-03 3.080382e-03 3.116369e-03 3.111000e-03 7.804137e-03 -9.999000e+03 -9.999000e+03 -9.999000e+03
3.432240e-03 3.623464e-03 3.762156e-03 3.870390e-03 3.979128e-03 4.082846e-03 4.159764e-03 4.200022e-03 4.216439e-03 4.224481e-03 4.221018e-03 4.215633e-03 4.231673e-03 4.255957e-03 4.280111e-03 4.305417e-03 4.312841e-03 4.300071e-03 4.250845e-03 4.188707e-03 4.165159e-03 4.168889e-03 4.196121e-03 4.238859e-03 4.274881e-03 4.274555e-03 4.210244e-03 4.136923e-03 4.109009e-03 4.112158e-03 4.138957e-03 4.149705e-03 4.121713e-03 4.108410e-03 0.000000e+00 0.000000e+00 0.000000e+00 3.940935e-03 3.851937e-03 3.751991e-03 3.652605e-03 3.556451e-03 3.410447e-03 3.212461e-03 3.057497e-03 2.916931e-03 2.809358e-03 6.865747e-03 2.854504e-03 8.289940e-03 -9.999000e+03 -9.999000e+03
1.123215e-02 3.305759e-03 3.528416e-03 3.691894e-03 3.862749e-03 3.999628e-03 4.105911e-03 4.178198e-03 4.240062e-03 4.289150e-03 4.321731e-03 4.352790e-03 4.384961e-03 4.398990e-03 4.393359e-03 4.370975e-03 4.321840e-03 4.251813e-03 4.159278e-03 4.112454e-03 4.035516e-03 4.051604e-03 4.111560e-03 4.179590e-03 4.215144e-03 4.191309e-03 4.104726e-03 4.031879e-03 4.013884e-03 4.020221e-03 4.065006e-03 4.128699e-03 4.125009e-03 0.000000e+00 0.000000e+00 4.070286e-03 4.043503e-03 4.000769e-03 3.939277e-03 3.863758e-03 3.779310e-03 3.704740e-03 3.607638e-03 3.442328e-03 3.260048e-03 3.095938e-03 2.989056e-03 3.005857e-03 4.494122e-03 3.429955e-03 5.170677e-03 8.130180e-03
5.190243e-03 1.769074e-02 4.734727e-03 3.707639e-03 3.848294e-03 4.071221e-03 4.237501e-03 4.340434e-03 4.429081e-03 4.496480e-03 4.547442e-03 4.597758e-03 4.632862e-03 4.638442e-03 4.613396e-03 4.539418e-03 4.415752e-03 4.272171e-03 4.115319e-03 3.961390e-03 3.864440e-03 3.865315e-03 3.957696e-03 4.060037e-03 4.056243e-03 4.008908e-03 3.915869e-03 3.876885e-03 3.909493e-03 3.950674e-03 4.023792e-03 4.139047e-03 0.000000e+00 0.000000e+00 4.081158e-03 4.059419e-03 4.049092e-03 4.038534e-03 4.010675e-03 3.962617e-03 3.884658e-03 3.791130e-03 3.691529e-03 3.558837e-03 3.437666e-03 3.371412e-03 3.349056e-03 3.333802e-03 3.283848e-03 3.639379e-03 4.701836e-03 3.624424e-03
5.895507e-03 6.029179e-03 1.606649e-02 5.334445e-03 5.223482e-03 5.626193e-03 5.904266e-03 4.257823e-03 4.278215e-03 4.296621e-03 4.320621e-03 4.354515e-03 4.357527e-03 4.328090e-03 4.279114e-03 4.192014e-03 4.087270e-03 3.991859e-03 3.891157e-03 3.791467e-03 3.751345e-03 3.810779e-03 3.910070e-03 3.964076e-03 3.926447e-03 3.823180e-03 3.764244e-03 3.773070e-03 3.857097e-03 3.936708e-03 4.023897e-03 0.000000e+00 0.000000e+00 4.137955e-03 4.101347e-03 4.072493e-03 4.058424e-03 4.055193e-03 4.043628e-03 4.020328e-03 3.958512e-03 3.861167e-03 3.763644e-03 3.648523e-03 3.539529e-03 3.474644e-03 3.460981e-03 3.455178e-03 3.419726e-03 3.370196e-03 3.736241e-03 3.216313e-03
6.291260e-03 1.875386e-02 1.953019e-02 1.450800e-02 5.642763e-03 5.966983e-03 6.204233e-03 3.923553e-02 2.458368e-02 2.435542e-02 2.376839e-02 2.295996e-02 2.200681e-02 2.100816e-02 4.905354e-03 4.691692e-03 3.362068e-03 3.485575e-03 3.586358e-03 3.667364e-03 3.785542e-03 3.937997e-03 4.011949e-03 3.950399e-03 3.790581e-03 3.642608e-03 3.606622e-03 3.735536e-03 3.871997e-03 3.984488e-03 0.000000e+00 0.000000e+00 4.214928e-03 4.168639e-03 4.142715e-03 4.110480e-03 4.075014e-03 4.057312e-03 4.045523e-03 4.039253e-03 3.998345e-03 3.911508e-03 3.824678e-03 3.720725e-03 3.594816e-03 3.470265e-03 3.396829e-03 3.394859e-03 3.429942e-03 3.481137e-03 3.506620e-03 3.455825e-03
2.153405e-02 6.606272e-03 6.526969e-03 2.279164e-02 3.414598e-02 3.607373e-02 3.725829e-02 5.894842e-03 5.788702e-03 5.668716e-03 5.562207e-03 5.483053e-03 5.450413e-03 5.266666e-03 5.038047e-03 4.776451e-03 6.188107e-03 8.028492e-03 3.352963e-03 3.398860e-03 3.556229e-03 3.787918e-03 3.857601e-03 3.752655e-03 3.611374e-03 3.519595e-03 3.542364e-03 3.700341e-03 3.906682e-03 0.000000e+00 0.000000e+00 4.209984e-03 4.233333e-03 4.187656e-03 4.171855e-03 4.144438e-03 4.104406e-03 4.089117e-03 4.084081e-03 4.085152e-03 4.053336e-03 3.969242e-03 3.879826e-03 3.786805e-03 3.677384e-03 3.545139e-03 3.427141e-03 3.380844e-03 3.412292e-03 3.480657e-03 3.534558e-03 3.515612e-03
6.368412e-03 6.457686e-03 6.528120e-03 6.532111e-03 4.256137e-03 4.379062e-03 4.434075e-03 4.430588e-03 4.414196e-03 4.383498e-03 4.342062e-03 4.386669e-03 4.302252e-03 4.190302e-03 4.061077e-03 3.933819e-03 5.403598e-03 5.149439e-03 1.298915e-02 1.324365e-02 1.323807e-02 3.573749e-03 3.562975e-03 3.367982e-03 3.396884e-03 3.463361e-03 3.553738e-03 3.776856e-03 0.000000e+00 0.000000e+00 4.146712e-03 4.228720e-03 4.243690e-03 4.195785e-03 4.188925e-03 4.173377e-03 4.143724e-03 4.142648e-03 4.149834e-03 4.154988e-03 4.128090e-03 4.044809e-03 3.936752e-03 3.837130e-03 3.765124e-03 3.676232e-03 3.545667e-03 3.432656e-03 3.392845e-03 3.390163e-03 3.398626e-03 3.412987e-03
6.094265e-03 6.251499e-03 6.455380e-03 6.087859e-03 4.384776e-03 4.511835e-03 4.579849e-03 4.600702e-03 4.610226e-03 4.601931e-03 4.573729e-03 4.531033e-03 4.477344e-03 4.411148e-03 4.331743e-03 4.337373e-03 4.229356e-03 5.871835e-03 5.559223e-03 5.165382e-03 4.977461e-03 1.318629e-02 9.238968e-03 2.972937e-03 2.871924e-03 3.153923e-03 3.449586e-03 3.789706e-03 0.000000e+00 4.029258e-03 4.111167e-03 4.227808e-03 4.270315e-03 4.233718e-03 4.214702e-03 4.193105e-03 4.172161e-03 4.184039e-03 4.200800e-03 4.204926e-03 4.175300e-03 4.101260e-03 3.990688e-03 3.870216e-03 3.809297e-03 3.765834e-03 3.663951e-03 3.539554e-03 3.466763e-03 3.420367e-03 3.388562e-03 3.392405e-03
5.960523e-03 6.162841e-03 4.175218e-03 4.210006e-03 4.282347e-03 4.402599e-03 4.487172e-03 4.536022e-03 4.584112e-03 4.612996e-03 4.607973e-03 4.588143e-03 4.573017e-03 4.557755e-03 4.527692e-03 4.488166e-03 4.446518e-03 4.389402e-03 4.361408e-03 4.108565e-03 3.979066e-03 0.000000e+00 0.000000e+00 0.000000e+00 2.646080e-03 2.738206e-03 3.314734e-03 0.000000e+00 0.000000e+00 3.778656e-03 4.004309e-03 4.189158e-03 4.304965e-03 4.302855e-03 4.254400e-03 4.205593e-03 4.188409e-03 4.212701e-03 4.241160e-03 4.248415e-03 4.206389e-03 4.129877e-03 4.028390e-03 3.897221e-03 3.824645e-03 3.809041e-03 3.762274e-03 3.680178e-03 3.613861e-03 3.558463e-03 3.507265e-03 3.467896e-03
5.880920e-03 4.070941e-03 4.116903e-03 4.125846e-03 4.165111e-03 4.261297e-03 4.340793e-03 4.395623e-03 4.469635e-03 4.541711e-03 4.570300e-03 4.572489e-03 4.583999e-03 4.602351e-03 4.605940e-03 4.597528e-03 4.595874e-03 4.587541e-03 4.527504e-03 4.403092e-03 4.395846e-03 4.370234e-03 6.238870e-03 0.000000e+00 0.000000e+00 0.000000e+00 6.568419e-04 0.000000e+00 3.426865e-03 3.421094e-03 3.738485e-03 4.078365e-03 4.208673e-03 4.257258e-03 4.247854e-03 4.222870e-03 4.218929e-03 4.240830e-03 4.266592e-03 4.289577e-03 4.255335e-03 4.168344e-03 4.061041e-03 3.924589e-03 3.839570e-03 3.821020e-03 3.798619e-03 3.750787e-03 3.700759e-03 3.646577e-03 3.589829e-03 3.557480e-03
3.924967e-03 3.973335e-03 4.006105e-03 4.009557e-03 4.026719e-03 4.088583e-03 4.139850e-03 4.171685e-03 4.251517e-03 4.368223e-03 4.445695e-03 4.483048e-03 4.519126e-03 4.561248e-03 4.590550e-03 4.607868e-03 4.641667e-03 4.680090e-03 4.679445e-03 4.638256e-03 4.586810e-03 4.690327e-03 4.535387e-03 7.010292e-03 4.094512e-03 0.000000e+00 0.000000e+00 0.000000e+00 6.495870e-04 3.169763e-03 3.413976e-03 3.749498e-03 3.954517e-03 4.062893e-03 4.170543e-03 4.235317e-03 4.264101e-03 4.280294e-03 4.288160e-03 4.315198e-03 4.301096e-03 4.220501e-03 4.101879e-03 3.951356e-03 3.852856e-03 3.816058e-03 3.790225e-03 3.760910e-03 3.735273e-03 3.694316e-03 3.639116e-03 3.649068e-03
3.847186e-03 3.869727e-03 3.907115e-03 3.931624e-03 3.942936e-03 3.972306e-03 5.935276e-03 5.943931e-03 4.051737e-03 4.169430e-03 6.396298e-03 6.565403e-03 6.724334e-03 6.873955e-03 4.491456e-03 4.525100e-03 4.584287e-03 4.655138e-03 4.686328e-03 4.684774e-03 4.680271e-03 4.664563e-03 7.677521e-03 7.233877e-03 6.977195e-03 9.865828e-04 0.000000e+00 0.000000e+00 0.000000e+00 0.000000e+00 3.273877e-03 3.380993e-03 3.769813e-03 3.990695e-03 4.131678e-03 4.219214e-03 4.270846e-03 4.312231e-03 6.236614e-03 4.343976e-03 4.336364e-03 4.277938e-03 4.171778e-03 4.023801e-03 3.917951e-03 3.861249e-03 3.818951e-03 3.781994e-03 3.760990e-03 3.752418e-03 3.737847e-03 3.779056e-03
4.982446e-03 5.281892e-03 5.401744e-03 3.882751e-03 3.908911e-03 5.727726e-03 5.747013e-03 5.732623e-03 5.748628e-03 5.838738e-03 5.974548e-03 6.143895e-03 6.306512e-03 6.434527e-03 6.530607e-03 6.609533e-03 4.420862e-03 4.524430e-03 4.572520e-03 7.332362e-03 7.433185e-03 7.575566e-03 7.582852e-03 7.326298e-03 7.030688e-03 0.000000e+00 0.000000e+00 4.439677e-03 5.785664e-03 0.000000e+00 0.000000e+00 0.000000e+00 3.794316e-03 4.144859e-03 4.165412e-03 4.185486e-03 4.238772e-03 4.324673e-03 6.314108e-03 4.377390e-03 4.367760e-03 4.329222e-03 4.252462e-03 4.132244e-03 4.031468e-03 3.956956e-03 3.889273e-03 3.822206e-03 3.779812e-03 3.806563e-03 3.873282e-03 3.942557e-03
