tests/data/reference/test_stream_rill_mfda/mrsearstr_pa.asc
ncols	123
nrows	77
xllcorner	-713746.79929998
yllcorner	-1061022.36961616
cellsize	10.0
NODATA_value	-9999
[rows 46 to 68 of 77, columns 52 to 103 of 123]
3.079526e+00 3.114586e+00 3.291359e+00 3.667314e+00 3.854428e+00 3.851556e+00 3.890557e+00 3.943526e+00 3.935718e+00 3.937104e+00 4.127282e+00 4.459411e+00 4.669117e+00 4.769110e+00 4.870532e+00 4.965699e+00 5.348351e+00 6.033923e+00 6.466466e+00 6.607412e+00 6.945626e+00 7.496586e+00 7.522289e+00 6.833417e+00 6.396406e+00 0.000000e+00 3.987633e+00 4.677318e+00 5.248181e+00 5.412863e+00 4.888096e+00 0.000000e+00 0.000000e+00 0.000000e+00 3.780273e+00 3.779812e+00 4.055519e+00 4.534431e+00 4.831556e+00 4.884153e+00 4.839933e+00 4.715493e+00 4.527363e+00 4.246631e+00 4.005594e+00 3.803000e+00 3.600092e+00 3.396940e+00 3.237826e+00 3.282019e+00 3.516848e+00 3.718237e+00
3.060519e+00 2.761659e+00 2.812137e+00 3.232330e+00 3.463142e+00 3.443104e+00 3.505562e+00 3.676912e+00 3.763568e+00 3.739545e+00 3.860759e+00 4.153161e+00 4.280049e+00 4.226501e+00 4.184312e+00 4.152297e+00 4.467211e+00 5.194870e+00 5.680569e+00 5.843541e+00 6.226103e+00 6.877430e+00 7.225149e+00 7.055556e+00 6.780690e+00 0.000000e+00 3.983308e+00 4.727819e+00 5.774018e+00 6.022136e+00 5.912091e+00 9.077999e+00 3.176711e+00 0.000000e+00 0.000000e+00 3.025279e+00 3.535809e+00 4.225194e+00 5.784410e+00 4.851071e+00 4.807487e+00 4.647971e+00 4.517191e+00 4.367646e+00 4.248568e+00 4.126152e+00 3.956384e+00 3.769609e+00 3.578881e+00 3.532166e+00 3.672259e+00 3.808452e+00
3.161153e+00 2.732492e+00 2.660261e+00 3.005837e+00 3.200231e+00 3.176688e+00 3.215652e+00 3.352745e+00 3.482429e+00 3.551188e+00 3.706221e+00 3.995734e+00 4.094471e+00 3.973554e+00 3.881000e+00 3.823120e+00 4.055631e+00 4.634662e+00 5.013846e+00 5.129519e+00 5.447823e+00 6.025565e+00 6.629975e+00 7.109985e+00 7.176782e+00 0.000000e+00 3.814239e+00 5.808755e+00 6.050174e+00 6.599981e+00 6.655847e+00 5.408727e+00 7.586246e+00 2.234178e+00 0.000000e+00 2.685055e+00 3.130024e+00 3.875891e+00 5.496465e+00 4.767333e+00 4.783059e+00 4.603677e+00 4.507354e+00 4.452332e+00 4.439608e+00 4.398585e+00 4.259973e+00 4.103959e+00 3.938981e+00 3.835282e+00 3.840917e+00 3.849820e+00
3.406412e+00 2.968352e+00 2.789554e+00 2.951131e+00 3.047810e+00 3.027964e+00 3.022197e+00 3.050062e+00 3.180375e+00 3.376927e+00 3.606866e+00 3.895622e+00 3.997947e+00 3.888668e+00 3.826534e+00 3.822012e+00 4.010331e+00 4.426625e+00 4.670851e+00 4.702218e+00 4.869068e+00 5.208564e+00 5.706359e+00 6.702954e+00 7.134916e+00 0.000000e+00 5.139855e+00 6.124299e+00 6.593759e+00 7.157701e+00 7.209881e+00 5.066781e+00 5.380325e+00 6.030644e+00 0.000000e+00 0.000000e+00 2.900862e+00 4.535593e+00 5.112688e+00 4.591970e+00 4.723594e+00 4.599708e+00 4.533272e+00 4.525729e+00 4.593929e+00 4.628446e+00 4.510402e+00 4.387372e+00 4.308680e+00 4.180737e+00 4.011017e+00 3.835521e+00
3.694013e+00 3.350885e+00 3.108889e+00 3.037655e+00 3.018265e+00 3.015256e+00 2.979344e+00 2.912954e+00 3.035408e+00 3.329479e+00 3.576197e+00 3.784202e+00 3.866712e+00 3.811349e+00 3.825555e+00 3.915736e+00 4.143434e+00 4.530149e+00 4.750378e+00 4.772707e+00 4.787235e+00 4.304964e+00 4.935589e+00 6.853356e+00 6.518182e+00 0.000000e+00 5.224355e+00 6.611144e+00 7.281329e+00 7.636330e+00 7.717936e+00 6.446939e+00 5.970262e+00 4.688548e+00 2.803577e+00 0.000000e+00 2.888736e+00 3.334399e+00 4.802213e+00 4.394342e+00 4.604036e+00 4.567627e+00 4.551121e+00 4.555905e+00 4.643552e+00 4.761463e+00 4.729830e+00 4.633125e+00 4.570267e+00 4.438699e+00 4.223023e+00 3.972021e+00
3.981292e+00 3.783830e+00 3.516620e+00 3.227174e+00 3.106195e+00 3.129909e+00 3.096229e+00 2.986067e+00 3.098263e+00 3.458528e+00 3.656840e+00 3.672624e+00 3.686840e+00 3.703056e+00 3.789531e+00 3.949385e+00 4.271052e+00 4.750316e+00 5.049158e+00 5.147171e+00 4.991944e+00 3.560931e+00 6.066661e+00 5.189864e+00 5.804366e+00 0.000000e+00 5.182209e+00 6.878856e+00 7.655268e+00 7.926494e+00 6.961101e+00 7.898195e+00 6.717085e+00 5.347012e+00 3.810433e+00 0.000000e+00 0.000000e+00 3.375991e+00 3.786089e+00 4.241152e+00 4.474723e+00 4.509124e+00 4.559181e+00 4.564004e+00 4.599772e+00 4.767407e+00 4.897050e+00 4.868513e+00 4.740616e+00 4.605448e+00 4.481704e+00 4.274237e+00
4.148803e+00 4.100413e+00 3.828939e+00 3.360025e+00 3.159442e+00 3.215717e+00 3.223565e+00 3.147815e+00 3.305569e+00 3.749957e+00 3.886539e+00 3.664900e+00 3.550221e+00 3.563775e+00 3.644529e+00 3.793379e+00 4.185005e+00 4.811468e+00 5.282613e+00 5.571156e+00 5.277980e+00 6.395433e+00 4.119811e+00 4.667749e+00 5.356645e+00 0.000000e+00 5.238384e+00 7.009091e+00 6.922161e+00 7.146705e+00 6.513890e+00 7.906596e+00 7.357883e+00 6.149110e+00 4.586266e+00 2.688155e+00 0.000000e+00 3.511739e+00 3.786507e+00 4.106719e+00 4.276034e+00 4.316853e+00 4.438176e+00 4.535995e+00 4.610418e+00 4.782169e+00 4.981442e+00 5.045070e+00 4.940776e+00 4.793379e+00 4.684857e+00 4.559678e+00
4.219964e+00 4.317347e+00 4.046179e+00 3.417051e+00 3.151671e+00 3.243435e+00 3.311258e+00 3.314996e+00 3.555439e+00 4.088212e+00 4.221486e+00 3.883152e+00 3.623268e+00 3.489969e+00 3.488905e+00 3.619202e+00 4.021891e+00 4.698998e+00 5.277322e+00 5.728836e+00 5.398494e+00 4.253236e+00 4.017299e+00 4.558931e+00 4.894171e+00 0.000000e+00 5.358618e+00 6.277376e+00 6.229465e+00 6.722456e+00 7.723143e+00 7.918654e+00 7.669880e+00 7.045531e+00 5.673950e+00 3.365775e+00 0.000000e+00 0.000000e+00 4.128961e+00 4.037417e+00 4.028201e+00 3.990461e+00 4.166934e+00 4.426167e+00 4.652771e+00 4.851237e+00 5.019177e+00 5.141774e+00 5.151927e+00 5.012356e+00 4.836192e+00 4.804843e+00
4.332275e+00 4.519672e+00 4.248084e+00 3.520775e+00 3.212142e+00 3.311980e+00 3.405910e+00 3.434588e+00 3.717120e+00 4.283745e+00 4.494987e+00 4.261185e+00 3.939288e+00 3.581959e+00 3.486476e+00 3.656748e+00 4.031376e+00 4.608640e+00 5.136864e+00 5.602914e+00 5.271131e+00 4.074134e+00 3.527373e+00 4.106450e+00 4.489679e+00 0.000000e+00 5.537183e+00 5.976179e+00 7.255028e+00 7.875014e+00 8.600652e+00 8.082856e+00 7.995671e+00 7.834099e+00 6.667883e+00 3.899446e+00 3.844140e+00 0.000000e+00 4.453533e+00 4.344472e+00 4.105983e+00 4.048892e+00 4.233901e+00 4.525894e+00 4.789293e+00 4.966636e+00 5.061433e+00 5.156255e+00 5.227389e+00 5.166874e+00 5.014272e+00 4.980029e+00
4.527526e+00 4.651899e+00 4.408771e+00 3.696240e+00 3.389720e+00 3.468416e+00 3.429138e+00 3.612674e+00 3.846148e+00 4.300838e+00 4.585838e+00 4.603337e+00 4.344763e+00 3.841045e+00 3.689982e+00 3.907964e+00 4.226007e+00 4.646217e+00 5.065052e+00 5.469959e+00 5.176863e+00 4.085184e+00 3.202736e+00 4.123509e+00 0.000000e+00 0.000000e+00 5.880167e+00 7.254828e+00 8.226903e+00 8.805816e+00 8.748757e+00 8.423388e+00 8.146516e+00 8.468150e+00 7.473713e+00 5.745167e+00 3.991735e+00 0.000000e+00 4.801589e+00 4.646088e+00 4.480856e+00 4.524656e+00 4.685458e+00 4.886357e+00 5.051918e+00 5.128210e+00 5.108524e+00 5.106415e+00 5.173822e+00 5.235148e+00 5.209074e+00 5.106561e+00
4.597897e+00 4.779979e+00 4.510784e+00 3.953221e+00 3.674863e+00 2.967825e+00 3.641503e+00 3.936429e+00 4.088575e+00 4.300258e+00 4.562047e+00 4.794609e+00 4.656506e+00 4.144222e+00 3.997465e+00 4.260442e+00 4.544154e+00 4.842455e+00 5.169969e+00 5.517118e+00 5.374651e+00 4.671521e+00 4.163583e+00 5.069658e+00 0.000000e+00 4.495766e+00 6.112062e+00 7.896418e+00 8.317346e+00 8.475377e+00 1.066000e+01 1.066000e+01 1.066000e+01 1.066000e+01 7.919799e+00 6.274839e+00 3.805441e+00 0.000000e+00 0.000000e+00 5.290962e+00 5.268149e+00 5.082668e+00 5.125050e+00 5.185886e+00 5.226951e+00 5.241638e+00 5.186265e+00 5.101542e+00 5.075221e+00 5.115813e+00 5.129443e+00 4.991025e+00
5.138190e+00 4.795838e+00 4.574193e+00 4.306420e+00 3.248451e+00 3.181283e+00 4.033476e+00 4.245500e+00 4.371628e+00 4.400078e+00 4.570263e+00 4.871481e+00 4.849570e+00 4.448473e+00 4.340228e+00 4.612599e+00 4.894462e+00 5.153819e+00 5.428278e+00 5.720943e+00 5.749092e+00 5.453039e+00 8.936539e+00 5.850729e+00 0.000000e+00 4.582545e+00 6.257640e+00 7.602968e+00 1.066000e+01 1.066000e+01 7.865513e+00 8.442250e+00 8.772933e+00 8.799583e+00 1.079000e+01 1.079000e+01 4.008396e+00 3.933941e+00 0.000000e+00 6.338746e+00 6.216686e+00 5.715818e+00 5.537701e+00 5.414882e+00 5.307817e+00 5.289471e+00 5.278998e+00 5.150813e+00 4.952892e+00 4.831150e+00 4.783581e+00 4.636235e+00
5.284844e+00 4.566330e+00 4.337851e+00 4.364665e+00 4.249459e+00 4.116592e+00 4.141148e+00 4.354153e+00 4.490285e+00 4.495355e+00 4.598829e+00 4.842404e+00 4.895274e+00 4.667975e+00 4.609012e+00 4.830246e+00 5.103063e+00 5.390109e+00 5.674760e+00 5.955419e+00 6.123928e+00 6.144568e+00 6.292407e+00 1.066000e+01 0.000000e+00 4.626956e+00 7.835199e+00 1.066000e+01 7.501403e+00 7.291052e+00 7.650416e+00 8.548717e+00 9.060647e+00 9.134355e+00 9.077798e+00 8.974188e+00 1.079000e+01 3.481959e+00 0.000000e+00 0.000000e+00 6.334252e+00 6.080882e+00 5.694513e+00 5.479672e+00 5.314319e+00 5.252103e+00 5.231528e+00 5.115531e+00 4.881942e+00 4.702980e+00 4.650680e+00 4.508634e+00
5.171447e+00 4.163729e+00 3.863805e+00 4.116918e+00 4.193727e+00 4.104828e+00 4.106397e+00 4.261695e+00 4.431226e+00 4.536082e+00 4.614240e+00 4.733583e+00 4.828819e+00 4.797308e+00 4.794032e+00 4.928908e+00 5.166943e+00 5.486199e+00 5.831299e+00 6.174232e+00 6.414125e+00 6.566329e+00 6.834645e+00 7.214667e+00 0.000000e+00 6.058282e+00 7.576739e+00 7.596527e+00 7.415707e+00 7.319050e+00 7.684496e+00 8.570241e+00 9.173575e+00 9.392487e+00 9.752738e+00 1.025641e+01 9.336321e+00 1.079000e+01 3.160663e+00 0.000000e+00 0.000000e+00 5.869141e+00 5.746306e+00 5.373576e+00 5.238029e+00 5.144103e+00 5.057955e+00 4.976102e+00 4.828463e+00 4.714453e+00 4.727996e+00 4.629858e+00
4.875495e+00 3.740044e+00 3.405793e+00 3.810380e+00 4.049269e+00 4.050761e+00 4.033796e+00 4.068277e+00 4.251811e+00 4.512966e+00 4.627129e+00 4.639740e+00 4.763643e+00 4.926915e+00 5.015507e+00 5.091994e+00 5.280619e+00 5.570232e+00 5.914227e+00 6.301544e+00 6.501100e+00 6.532132e+00 6.860508e+00 7.460017e+00 0.000000e+00 6.187075e+00 7.615799e+00 7.524917e+00 7.343709e+00 7.344313e+00 7.624194e+00 8.280156e+00 8.821026e+00 9.196093e+00 9.832587e+00 1.066000e+01 1.053150e+01 9.074208e+00 1.079000e+01 2.637814e+00 0.000000e+00 0.000000e+00 5.097350e+00 4.959139e+00 5.016406e+00 5.031126e+00 4.974345e+00 4.940778e+00 4.851448e+00 4.695768e+00 4.593149e+00 5.778044e+00
4.409790e+00 3.342778e+00 2.992065e+00 3.447008e+00 3.790030e+00 3.921671e+00 3.912188e+00 3.818469e+00 3.981350e+00 4.368854e+00 4.571649e+00 4.569552e+00 4.700278e+00 4.980639e+00 5.191408e+00 5.310264e+00 5.500278e+00 5.765130e+00 6.046879e+00 6.386807e+00 6.480757e+00 6.298049e+00 6.561600e+00 7.304080e+00 0.000000e+00 6.025363e+00 7.370261e+00 7.281329e+00 7.110018e+00 7.169048e+00 7.364441e+00 7.577944e+00 7.972986e+00 8.593289e+00 9.318962e+00 1.031651e+01 1.066000e+01 1.033567e+01 8.661901e+00 1.079000e+01 3.020004e+00 0.000000e+00 3.733095e+00 4.313761e+00 4.614410e+00 4.883182e+00 4.956326e+00 4.993814e+00 4.968037e+00 4.691236e+00 5.595765e+00 5.620450e+00
3.935550e+00 3.124197e+00 2.776703e+00 3.125397e+00 3.445275e+00 3.667322e+00 3.670081e+00 3.476444e+00 3.579809e+00 3.983267e+00 4.228731e+00 4.271110e+00 4.429528e+00 4.744772e+00 5.053304e+00 5.285487e+00 5.563790e+00 5.933767e+00 6.243744e+00 6.516507e+00 6.529731e+00 6.238861e+00 6.421156e+00 7.136969e+00 0.000000e+00 5.796332e+00 7.099013e+00 7.144228e+00 7.021322e+00 7.059596e+00 6.542941e+00 6.381460e+00 7.154310e+00 7.855157e+00 8.705359e+00 9.565180e+00 1.021334e+01 1.060077e+01 9.736230e+00 7.548654e+00 4.747810e+00 0.000000e+00 0.000000e+00 3.686640e+00 4.234824e+00 4.652098e+00 4.778177e+00 4.777394e+00 4.756579e+00 4.437011e+00 5.352447e+00 6.096495e+00
3.554850e+00 2.973711e+00 2.737526e+00 2.898515e+00 3.093288e+00 3.297754e+00 3.298453e+00 3.077797e+00 3.110002e+00 3.431355e+00 3.650826e+00 3.752443e+00 3.937914e+00 4.261396e+00 4.668555e+00 5.070309e+00 5.488703e+00 5.998213e+00 6.373218e+00 6.608023e+00 6.593326e+00 6.315948e+00 6.390473e+00 6.881974e+00 0.000000e+00 5.602605e+00 6.963088e+00 7.237286e+00 7.196339e+00 7.131530e+00 5.311112e+00 5.267004e+00 6.106500e+00 7.079294e+00 7.823894e+00 8.564374e+00 9.409571e+00 1.005903e+01 9.895544e+00 8.761355e+00 6.842747e+00 7.379138e+00 0.000000e+00 0.000000e+00 4.086658e+00 4.364035e+00 4.474902e+00 4.328864e+00 4.262013e+00 5.243986e+00 5.459990e+00 6.654149e+00
2.750275e+00 2.669398e+00 2.607583e+00 2.614954e+00 2.630802e+00 2.729735e+00 2.750068e+00 2.594027e+00 2.575505e+00 2.818090e+00 3.124650e+00 3.223542e+00 3.405666e+00 3.712557e+00 4.145624e+00 4.748979e+00 5.332975e+00 5.924318e+00 6.410809e+00 6.584478e+00 6.574220e+00 6.412693e+00 6.409318e+00 6.641143e+00 0.000000e+00 5.514741e+00 7.058837e+00 7.649900e+00 7.710724e+00 7.480966e+00 1.041699e+01 5.658616e+00 5.189820e+00 5.988068e+00 6.414279e+00 7.668794e+00 8.700319e+00 9.216090e+00 9.544172e+00 9.439902e+00 8.282254e+00 6.227432e+00 3.471627e+00 0.000000e+00 3.591632e+00 4.130852e+00 4.310519e+00 4.115721e+00 5.137472e+00 5.499188e+00 6.170888e+00 6.991609e+00
2.199895e+00 2.342155e+00 2.440469e+00 2.481028e+00 2.485897e+00 2.448812e+00 2.381950e+00 2.291260e+00 2.247653e+00 2.257550e+00 2.492355e+00 2.648733e+00 2.964150e+00 3.084139e+00 3.463742e+00 4.131499e+00 4.787799e+00 5.750645e+00 6.219360e+00 6.299410e+00 6.376859e+00 6.258171e+00 6.349750e+00 6.617514e+00 0.000000e+00 5.542294e+00 7.264037e+00 8.109092e+00 8.285706e+00 7.941847e+00 7.533006e+00 9.426708e+00 5.787116e+00 5.054421e+00 5.217351e+00 7.082908e+00 7.702476e+00 8.427827e+00 8.986474e+00 9.439543e+00 9.113650e+00 8.010841e+00 1.079000e+01 0.000000e+00 0.000000e+00 3.603170e+00 4.208546e+00 5.343454e+00 5.308666e+00 6.047542e+00 6.784054e+00 7.167911e+00
2.822073e+00 3.002320e+00 3.245455e+00 3.471851e+00 3.571071e+00 3.406130e+00 3.206095e+00 2.539003e+00 2.445167e+00 2.180092e+00 1.993849e+00 2.130588e+00 2.460765e+00 2.643348e+00 3.071803e+00 3.641781e+00 4.165948e+00 5.159957e+00 5.463528e+00 5.904178e+00 5.902374e+00 5.785415e+00 5.992720e+00 0.000000e+00 0.000000e+00 5.698948e+00 7.328370e+00 8.456431e+00 8.744722e+00 8.425463e+00 7.967775e+00 7.301561e+00 8.532513e+00 5.667971e+00 5.394876e+00 5.781047e+00 6.644653e+00 7.555694e+00 8.291378e+00 8.942289e+00 9.256103e+00 9.471267e+00 8.021862e+00 1.079000e+01 0.000000e+00 0.000000e+00 3.956345e+00 5.637532e+00 6.065893e+00 6.650891e+00 7.130478e+00 7.273314e+00
-9.999000e+03 -9.999000e+03 -9.999000e+03 -9.999000e+03 -9.999000e+03 -9.999000e+03 -9.999000e+03 3.063407e+00 3.385786e+00 3.155100e+00 2.054935e+00 2.116443e+00 2.299858e+00 2.897790e+00 3.426967e+00 3.899234e+00 4.359007e+00 4.502197e+00 4.680751e+00 5.182216e+00 5.378550e+00 5.227230e+00 5.580484e+00 0.000000e+00 4.184330e+00 5.583496e+00 7.546468e+00 9.330753e+00 8.957461e+00 8.801081e+00 8.408486e+00 1.066000e+01 7.050257e+00 7.526600e+00 5.913126e+00 4.549207e+00 5.272457e+00 6.153235e+00 7.159299e+00 8.274400e+00 1.066000e+01 9.355485e+00 8.254007e+00 7.070614e+00 1.079000e+01 0.000000e+00 0.000000e+00 6.019557e+00 6.974720e+00 7.387365e+00 1.066000e+01 1.057495e+01
-9.999000e+03 -9.999000e+03 -9.999000e+03 -9.999000e+03 -9.999000e+03 -9.999000e+03 -9.999000e+03 -9.999000e+03 -9.999000e+03 -9.999000e+03 2.697736e+00 2.949856e+00 2.687637e+00 3.474954e+00 4.027241e+00 4.295204e+00 4.707224e+00 4.852278e+00 4.912944e+00 4.288293e+00 4.655398e+00 4.849489e+00 4.891346e+00 0.000000e+00 4.361360e+00 6.542963e+00 9.200560e+00 8.276729e+00 8.461185e+00 8.650954e+00 8.395846e+00 7.697275e+00 1.066000e+01 6.566515e+00 6.469715e+00 5.007712e+00 4.511477e+00 4.996192e+00 5.609366e+00 1.066000e+01 8.480919e+00 7.018853e+00 6.806564e+00 6.122789e+00 5.062840e+00 9.408371e+00 0.000000e+00 0.000000e+00 7.485991e+00 1.043422e+01 -9.999000e+03 -9.999000e+03
