tests/data/reference/test_stream_rill_mfda/mrsearstr_pa.asc
ncols	123
nrows	77
xllcorner	-713746.79929998
yllcorner	-1061022.36961616
cellsize	10.0
NODATA_value	-9999
[rows 23 to 45 of 77, columns 52 to 103 of 123]
4.948454e+00 5.132105e+00 5.106985e+00 4.946217e+00 4.865705e+00 6.307642e+00 6.195937e+00 5.977850e+00 5.841335e+00 5.841027e+00 5.782505e+00 4.395162e+00 5.545119e+00 5.299201e+00 4.812689e+00 3.324655e+00 2.939461e+00 2.780094e+00 2.926701e+00 3.107744e+00 3.259796e+00 3.394645e+00 3.435919e+00 3.293502e+00 3.043136e+00 2.844674e+00 2.615780e+00 2.378298e+00 2.200530e+00 2.410174e+00 3.054084e+00 3.111560e+00 3.031621e+00 2.017224e+00 -9.999000e+03 -9.999000e+03 -9.999000e+03 -9.999000e+03 -9.999000e+03 -9.999000e+03 -9.999000e+03 -9.999000e+03 -9.999000e+03 -9.999000e+03 -9.999000e+03 -9.999000e+03 -9.999000e+03 -9.999000e+03 -9.999000e+03 -9.999000e+03 -9.999000e+03 -9.999000e+03
5.173679e+00 5.236010e+00 5.125238e+00 4.962855e+00 4.865938e+00 4.810996e+00 6.122080e+00 5.912872e+00 5.811909e+00 5.821752e+00 5.779856e+00 5.716042e+00 5.267864e+00 4.032271e+00 3.671836e+00 3.311609e+00 3.016056e+00 2.925531e+00 3.114822e+00 3.369913e+00 3.593614e+00 3.755459e+00 3.791622e+00 3.706920e+00 3.516156e+00 3.162449e+00 2.696087e+00 2.320634e+00 2.087195e+00 2.166908e+00 2.624996e+00 3.143814e+00 3.156528e+00 2.807232e+00 2.002431e+00 -9.999000e+03 -9.999000e+03 -9.999000e+03 -9.999000e+03 -9.999000e+03 -9.999000e+03 -9.999000e+03 -9.999000e+03 -9.999000e+03 -9.999000e+03 -9.999000e+03 -9.999000e+03 -9.999000e+03 -9.999000e+03 -9.999000e+03 -9.999000e+03 -9.999000e+03
5.331866e+00 5.306546e+00 5.207226e+00 5.030405e+00 4.830499e+00 4.656257e+00 4.511659e+00 4.449867e+00 4.507617e+00 5.922557e+00 5.914261e+00 5.782224e+00 5.450898e+00 3.889049e+00 3.627828e+00 3.466763e+00 3.361649e+00 3.329050e+00 3.435301e+00 3.626903e+00 3.839609e+00 3.996562e+00 4.022330e+00 3.948362e+00 3.818089e+00 3.616337e+00 3.370298e+00 3.133665e+00 3.371407e+00 2.582023e+00 2.331202e+00 2.438979e+00 2.851322e+00 3.241467e+00 2.944675e+00 2.661114e+00 1.955395e+00 1.915051e+00 -9.999000e+03 -9.999000e+03 -9.999000e+03 -9.999000e+03 -9.999000e+03 -9.999000e+03 -9.999000e+03 -9.999000e+03 -9.999000e+03 -9.999000e+03 -9.999000e+03 -9.999000e+03 -9.999000e+03 -9.999000e+03
5.448030e+00 5.356092e+00 5.200015e+00 4.948781e+00 4.688844e+00 4.501153e+00 4.421381e+00 4.496952e+00 4.612191e+00 4.670089e+00 5.967305e+00 5.736893e+00 5.380107e+00 3.916617e+00 3.743685e+00 3.628172e+00 3.513359e+00 3.438323e+00 3.509136e+00 3.670965e+00 3.845481e+00 3.974133e+00 4.002823e+00 3.981261e+00 3.960376e+00 3.933014e+00 3.887415e+00 3.770563e+00 3.499957e+00 3.017090e+00 2.530856e+00 2.459020e+00 2.785398e+00 3.136722e+00 3.358622e+00 3.274347e+00 2.639939e+00 2.235626e+00 2.368588e+00 1.866029e+00 -9.999000e+03 -9.999000e+03 -9.999000e+03 -9.999000e+03 -9.999000e+03 -9.999000e+03 -9.999000e+03 -9.999000e+03 -9.999000e+03 -9.999000e+03 -9.999000e+03 -9.999000e+03
5.539899e+00 5.343272e+00 5.050444e+00 4.724780e+00 4.500419e+00 4.441004e+00 4.502198e+00 4.643222e+00 4.710135e+00 4.682945e+00 4.586514e+00 4.414277e+00 5.469303e+00 4.109994e+00 3.940260e+00 3.691519e+00 3.417450e+00 3.265996e+00 3.346608e+00 3.498141e+00 3.606178e+00 3.690375e+00 3.737701e+00 3.805932e+00 3.933824e+00 4.070315e+00 4.166599e+00 4.149149e+00 3.976026e+00 3.678785e+00 3.313042e+00 2.993147e+00 2.781491e+00 2.745959e+00 2.819834e+00 2.788501e+00 2.596885e+00 2.232640e+00 2.393198e+00 2.337550e+00 2.146948e+00 1.004678e+00 -9.999000e+03 -9.999000e+03 -9.999000e+03 -9.999000e+03 -9.999000e+03 -9.999000e+03 -9.999000e+03 -9.999000e+03 -9.999000e+03 -9.999000e+03
5.478752e+00 5.203724e+00 4.876460e+00 4.594629e+00 4.453008e+00 4.469451e+00 4.563279e+00 4.703468e+00 4.765857e+00 4.731381e+00 4.630872e+00 4.468799e+00 4.315610e+00 4.154816e+00 3.904128e+00 3.574191e+00 3.327218e+00 3.276490e+00 3.419572e+00 3.589091e+00 3.687342e+00 3.745917e+00 3.766498e+00 3.820964e+00 3.971021e+00 4.178864e+00 4.353187e+00 4.378556e+00 4.244394e+00 4.052461e+00 3.769985e+00 3.340148e+00 2.905141e+00 2.659214e+00 2.615572e+00 2.645745e+00 2.551038e+00 2.358964e+00 2.213450e+00 2.130638e+00 0.000000e+00 1.159713e+00 1.111848e+00 5.420574e-01 -9.999000e+03 -9.999000e+03 -9.999000e+03 -9.999000e+03 -9.999000e+03 -9.999000e+03 -9.999000e+03 -9.999000e+03
5.258908e+00 4.965897e+00 4.719307e+00 4.580065e+00 4.537619e+00 4.522561e+00 4.543572e+00 4.714950e+00 4.855891e+00 4.854195e+00 4.747798e+00 4.548522e+00 4.302454e+00 3.987020e+00 3.629517e+00 3.358901e+00 3.324987e+00 3.489521e+00 3.731502e+00 3.952475e+00 4.092753e+00 4.128956e+00 4.070792e+00 4.018403e+00 4.072523e+00 4.263758e+00 4.448941e+00 4.453039e+00 4.296250e+00 4.124609e+00 3.903565e+00 3.555216e+00 3.196982e+00 2.893257e+00 2.646536e+00 2.520169e+00 2.447481e+00 2.409407e+00 2.374769e+00 0.000000e+00 0.000000e+00 1.376906e+00 2.209807e+00 2.158264e+00 5.941302e-01 -9.999000e+03 -9.999000e+03 -9.999000e+03 -9.999000e+03 -9.999000e+03 -9.999000e+03 -9.999000e+03
4.809438e+00 4.594869e+00 4.502764e+00 4.521096e+00 4.569340e+00 4.568025e+00 4.597648e+00 4.792057e+00 4.887019e+00 4.786662e+00 4.602376e+00 4.340516e+00 4.042719e+00 3.711645e+00 3.469579e+00 3.432181e+00 3.599619e+00 3.885899e+00 4.148579e+00 4.325187e+00 4.400680e+00 4.355478e+00 4.234206e+00 4.146214e+00 4.176703e+00 4.354824e+00 4.486507e+00 4.455514e+00 4.346010e+00 4.254806e+00 4.125175e+00 3.856654e+00 3.547991e+00 3.241388e+00 2.889402e+00 2.637174e+00 2.587956e+00 2.616533e+00 0.000000e+00 0.000000e+00 1.781397e+00 1.421144e+00 1.250029e+00 1.559877e+00 1.069832e+00 5.442758e-01 -9.999000e+03 -9.999000e+03 -9.999000e+03 -9.999000e+03 -9.999000e+03 -9.999000e+03
4.133503e+00 4.096078e+00 4.229242e+00 4.407935e+00 4.547326e+00 4.657899e+00 4.778204e+00 4.865870e+00 4.734493e+00 4.453509e+00 4.163894e+00 3.849848e+00 3.595210e+00 3.458710e+00 3.539054e+00 3.799973e+00 4.112729e+00 4.433255e+00 4.638734e+00 4.675255e+00 4.593491e+00 4.429200e+00 4.269144e+00 4.212726e+00 4.285695e+00 4.435170e+00 4.454703e+00 4.386284e+00 4.380482e+00 4.420116e+00 4.414096e+00 4.230280e+00 3.950324e+00 3.677905e+00 3.291562e+00 2.977496e+00 2.988734e+00 0.000000e+00 0.000000e+00 2.443255e+00 2.074399e+00 1.630684e+00 1.225177e+00 1.066053e+00 1.689641e+00 1.557373e+00 1.175918e+00 -9.999000e+03 -9.999000e+03 -9.999000e+03 -9.999000e+03 -9.999000e+03
3.264317e+00 3.441214e+00 3.716453e+00 3.973655e+00 4.195478e+00 4.416029e+00 4.604009e+00 4.640438e+00 4.472756e+00 4.244567e+00 4.022819e+00 3.796773e+00 3.685473e+00 3.730183e+00 3.931268e+00 4.220312e+00 4.474556e+00 4.676983e+00 4.725059e+00 4.621371e+00 4.488677e+00 4.348379e+00 4.260788e+00 4.281542e+00 4.386712e+00 4.475451e+00 4.380114e+00 4.243261e+00 4.241390e+00 4.313196e+00 4.378313e+00 4.294206e+00 4.099484e+00 3.940773e+00 3.624931e+00 3.314441e+00 0.000000e+00 0.000000e+00 2.977216e+00 2.694139e+00 2.414607e+00 2.040696e+00 1.594504e+00 1.311046e+00 1.349284e+00 1.522200e+00 1.531803e+00 1.235161e+00 3.937237e-01 -9.999000e+03 -9.999000e+03 -9.999000e+03
2.292943e+00 2.685098e+00 3.002873e+00 3.272423e+00 3.563964e+00 3.863019e+00 4.099039e+00 4.227691e+00 4.281202e+00 4.307638e+00 4.296238e+00 4.278559e+00 4.331408e+00 4.412558e+00 4.494660e+00 4.582193e+00 4.608173e+00 4.563573e+00 4.395359e+00 4.191166e+00 4.116071e+00 4.127885e+00 4.215065e+00 4.355279e+00 4.476764e+00 4.475651e+00 4.260936e+00 4.027635e+00 3.941892e+00 3.951482e+00 4.033945e+00 4.067452e+00 3.980708e+00 3.940069e+00 0.000000e+00 0.000000e+00 0.000000e+00 3.459089e+00 3.225056e+00 2.978557e+00 2.749422e+00 2.541887e+00 2.251373e+00 1.900468e+00 1.656876e+00 1.457206e+00 1.317012e+00 2.159812e+00 1.186847e+00 6.022680e-01 -9.999000e+03 -9.999000e+03
4.119460e+00 2.368463e+00 2.748973e+00 3.055876e+00 3.252736e+00 3.621395e+00 3.932477e+00 4.157502e+00 4.359287e+00 4.525748e+00 4.639460e+00 4.750332e+00 4.867788e+00 4.919859e+00 4.898897e+00 4.816394e+00 4.639844e+00 4.398612e+00 4.097509e+00 3.969067e+00 3.723902e+00 3.770682e+00 3.949657e+00 4.161944e+00 4.276957e+00 4.199541e+00 3.928883e+00 3.713398e+00 3.661813e+00 3.679907e+00 3.810047e+00 4.002200e+00 3.990836e+00 0.000000e+00 0.000000e+00 3.825657e+00 3.747061e+00 3.624614e+00 3.454599e+00 3.255331e+00 3.044285e+00 2.867701e+00 2.650692e+00 2.312393e+00 1.980572e+00 1.714923e+00 1.557241e+00 1.581267e+00 1.996608e+00 1.550985e+00 1.563704e+00 6.125702e-01
3.353431e+00 7.025653e+00 3.448489e+00 3.086751e+00 3.373440e+00 3.870822e+00 4.279901e+00 4.551172e+00 4.796739e+00 4.991285e+00 5.143104e+00 5.297148e+00 5.407147e+00 5.424827e+00 5.345888e+00 5.118923e+00 4.759079e+00 4.369663e+00 3.975968e+00 3.618862e+00 3.407640e+00 3.409502e+00 3.610624e+00 3.844526e+00 3.784265e+00 3.647660e+00 3.391731e+00 3.289237e+00 3.374781e+00 3.485573e+00 3.690135e+00 4.034225e+00 0.000000e+00 0.000000e+00 3.857977e+00 3.793594e+00 3.763342e+00 3.732639e+00 3.652679e+00 3.518288e+00 3.309456e+00 3.073104e+00 2.837334e+00 2.546874e+00 2.303387e+00 2.178426e+00 2.137504e+00 2.109935e+00 2.021613e+00 1.986399e+00 2.026215e+00 1.580466e+00
4.456373e+00 4.654152e+00 8.098003e+00 4.012207e+00 4.088745e+00 4.790006e+00 5.200779e+00 4.332322e+00 4.385478e+00 4.433939e+00 4.497827e+00 4.589422e+00 4.597638e+00 4.517873e+00 4.387833e+00 4.164531e+00 3.908818e+00 3.687375e+00 3.464836e+00 3.255217e+00 3.173719e+00 3.295023e+00 3.505785e+00 3.624859e+00 3.541556e+00 3.320784e+00 3.007888e+00 3.029166e+00 3.238242e+00 3.447648e+00 3.690436e+00 0.000000e+00 0.000000e+00 4.030836e+00 3.918646e+00 3.832200e+00 3.790670e+00 3.781187e+00 3.747423e+00 3.680211e+00 3.507014e+00 3.248674e+00 3.006447e+00 2.740335e+00 2.506732e+00 2.375598e+00 2.348708e+00 2.337361e+00 2.268999e+00 2.176183e+00 2.189967e+00 1.906856e+00
5.149099e+00 1.010774e+01 1.008965e+01 7.559877e+00 4.355955e+00 4.968711e+00 5.184495e+00 1.079000e+01 1.037560e+01 9.860667e+00 9.433748e+00 9.113456e+00 8.542656e+00 7.786231e+00 3.158903e+00 2.930219e+00 2.460828e+00 2.672516e+00 2.854956e+00 3.008247e+00 3.243080e+00 3.566961e+00 3.733127e+00 3.594400e+00 3.253401e+00 2.960753e+00 2.892735e+00 2.939551e+00 3.276576e+00 3.578902e+00 0.000000e+00 0.000000e+00 4.276251e+00 4.127092e+00 4.045634e+00 3.946370e+00 3.839685e+00 3.787403e+00 3.752937e+00 3.734721e+00 3.617776e+00 3.380130e+00 3.156161e+00 2.904809e+00 2.623083e+00 2.366952e+00 2.225705e+00 2.222012e+00 2.288530e+00 2.388464e+00 2.439507e+00 2.338624e+00
1.079000e+01 5.860073e+00 5.616995e+00 1.026251e+01 1.079000e+01 1.079000e+01 1.079000e+01 4.906073e+00 4.693649e+00 4.472197e+00 4.294194e+00 4.178243e+00 4.046515e+00 3.783672e+00 3.473420e+00 3.135371e+00 3.435572e+00 3.972616e+00 2.445721e+00 2.522562e+00 2.799472e+00 3.247944e+00 3.393120e+00 3.176356e+00 2.901648e+00 2.733101e+00 2.774213e+00 3.072410e+00 3.367332e+00 0.000000e+00 0.000000e+00 4.260089e+00 4.336913e+00 4.187787e+00 4.137300e+00 4.051001e+00 3.927913e+00 3.881794e+00 3.866711e+00 3.869914e+00 3.775748e+00 3.536553e+00 3.296874e+00 3.062532e+00 2.805119e+00 2.518343e+00 2.283162e+00 2.195875e+00 2.254869e+00 2.387511e+00 2.496483e+00 2.457727e+00
5.331735e+00 5.543307e+00 5.582359e+00 5.417185e+00 4.413164e+00 4.846047e+00 5.052402e+00 5.039079e+00 4.976893e+00 4.862390e+00 4.711760e+00 4.677824e+00 4.448857e+00 4.160242e+00 3.846965e+00 3.557754e+00 3.997405e+00 3.632108e+00 5.676706e+00 5.117160e+00 5.194466e+00 2.831638e+00 2.811826e+00 2.470676e+00 2.519219e+00 2.633496e+00 2.794922e+00 3.225351e+00 0.000000e+00 0.000000e+00 4.058096e+00 4.321634e+00 4.371393e+00 4.213981e+00 4.191868e+00 4.142140e+00 4.048778e+00 4.045425e+00 4.067857e+00 4.084015e+00 4.000321e+00 3.750860e+00 3.447768e+00 3.187475e+00 3.010003e+00 2.802509e+00 2.519437e+00 2.293743e+00 2.218241e+00 2.213228e+00 2.229080e+00 2.256186e+00
4.782294e+00 5.106539e+00 5.465324e+00 5.480659e+00 4.867103e+00 5.358405e+00 5.640657e+00 5.730065e+00 5.771363e+00 5.735379e+00 5.614681e+00 5.436656e+00 5.220546e+00 4.965413e+00 4.674933e+00 4.542894e+00 4.259044e+00 4.847851e+00 4.284256e+00 3.579956e+00 3.421776e+00 1.079000e+01 5.047637e+00 1.871544e+00 1.736145e+00 2.131693e+00 2.609512e+00 3.251607e+00 0.000000e+00 3.772915e+00 3.948462e+00 4.318620e+00 4.461197e+00 4.338190e+00 4.275510e+00 4.205330e+00 4.138274e+00 4.176181e+00 4.230212e+00 4.243612e+00 4.148262e+00 3.918382e+00 3.596250e+00 3.271973e+00 3.117847e+00 3.011713e+00 2.774809e+00 2.506785e+00 2.360057e+00 2.270219e+00 2.210238e+00 2.217418e+00
4.558525e+00 4.937753e+00 4.148000e+00 4.260159e+00 4.502335e+00 4.933339e+00 5.259476e+00 5.457170e+00 5.658823e+00 5.783429e+00 5.761565e+00 5.676053e+00 5.611663e+00 5.547421e+00 5.422960e+00 5.263431e+00 5.100218e+00 4.884215e+00 4.608246e+00 3.959711e+00 3.658483e+00 0.000000e+00 0.000000e+00 0.000000e+00 1.457078e+00 1.567090e+00 2.383016e+00 0.000000e+00 0.000000e+00 3.229019e+00 3.715673e+00 4.192615e+00 4.580616e+00 4.573260e+00 4.407315e+00 4.245782e+00 4.190209e+00 4.268963e+00 4.362947e+00 4.387206e+00 4.248370e+00 4.005835e+00 3.703345e+00 3.342363e+00 3.156079e+00 3.117211e+00 3.003156e+00 2.811458e+00 2.664177e+00 2.546091e+00 2.440811e+00 2.362286e+00
4.445943e+00 3.827597e+00 3.965970e+00 3.993411e+00 4.115921e+00 4.430591e+00 4.707215e+00 4.907313e+00 5.190201e+00 5.480656e+00 5.600176e+00 5.609430e+00 5.658344e+00 5.737194e+00 5.752740e+00 5.716367e+00 5.709242e+00 5.673480e+00 5.422191e+00 4.935183e+00 4.703331e+00 4.632454e+00 5.338784e+00 0.000000e+00 0.000000e+00 0.000000e+00 1.715602e+00 0.000000e+00 2.570299e+00 2.560408e+00 3.147935e+00 3.887697e+00 4.255812e+00 4.416946e+00 4.385326e+00 4.302329e+00 4.289372e+00 4.361847e+00 4.448536e+00 4.527222e+00 4.410462e+00 4.126156e+00 3.798364e+00 3.415034e+00 3.193640e+00 3.147012e+00 3.091480e+00 2.975689e+00 2.858521e+00 2.736011e+00 2.612409e+00 2.544036e+00
3.416048e+00 3.547880e+00 3.639707e+00 3.649504e+00 3.698542e+00 3.880192e+00 4.036721e+00 4.136760e+00 4.397617e+00 4.806340e+00 5.097040e+00 5.243107e+00 5.387995e+00 5.562060e+00 5.686366e+00 5.761110e+00 5.909783e+00 6.083417e+00 6.080464e+00 5.894610e+00 5.670353e+00 5.591849e+00 5.106815e+00 5.810481e+00 3.926065e+00 0.000000e+00 0.000000e+00 0.000000e+00 1.680919e+00 2.155580e+00 2.548248e+00 3.170007e+00 3.496070e+00 3.803817e+00 4.133131e+00 4.343496e+00 4.440087e+00 4.495288e+00 4.522333e+00 4.616447e+00 4.567135e+00 4.294535e+00 3.920257e+00 3.487433e+00 3.227401e+00 3.134640e+00 3.070888e+00 2.999883e+00 2.938930e+00 2.843719e+00 2.719490e+00 2.741546e+00
3.212955e+00 3.270711e+00 3.368479e+00 3.433935e+00 3.464516e+00 3.545029e+00 4.500211e+00 4.509339e+00 3.771071e+00 4.129601e+00 5.593466e+00 5.925374e+00 6.212240e+00 6.505747e+00 5.276533e+00 5.412358e+00 5.659573e+00 5.970090e+00 6.112083e+00 6.104931e+00 6.084247e+00 6.012647e+00 7.527717e+00 6.480708e+00 6.003068e+00 3.647384e+00 0.000000e+00 0.000000e+00 0.000000e+00 0.000000e+00 2.317280e+00 2.492444e+00 3.211033e+00 3.596268e+00 4.011396e+00 4.290308e+00 4.463002e+00 4.606031e+00 5.716925e+00 4.718618e+00 4.691390e+00 4.487219e+00 4.137054e+00 3.690162e+00 3.397282e+00 3.248883e+00 3.141848e+00 3.050809e+00 3.000075e+00 2.979575e+00 2.945003e+00 3.043669e+00
3.390787e+00 3.557106e+00 3.775151e+00 3.304487e+00 3.373237e+00 4.191552e+00 4.221833e+00 4.176594e+00 4.189203e+00 4.385638e+00 4.701931e+00 5.047257e+00 5.318950e+00 5.550012e+00 5.763006e+00 5.947582e+00 5.002095e+00 5.409620e+00 5.609561e+00 7.348202e+00 7.566297e+00 7.874126e+00 7.584520e+00 6.754690e+00 6.236450e+00 0.000000e+00 0.000000e+00 4.358482e+00 4.671063e+00 0.000000e+00 0.000000e+00 0.000000e+00 3.261065e+00 4.047728e+00 4.116870e+00 4.180820e+00 4.354987e+00 4.649855e+00 5.908551e+00 4.839902e+00 4.804652e+00 4.665976e+00 4.400794e+00 4.013144e+00 3.712211e+00 3.502747e+00 3.321511e+00 3.149978e+00 3.045504e+00 3.111077e+00 3.279900e+00 3.463488e+00
