tests/data/reference/test_stream_rill_mfda/mrsearstr_pa.asc
ncols	123
nrows	77
xllcorner	-713746.79929998
yllcorner	-1061022.36961616
cellsize	10.0
NODATA_value	-9999
[rows 46 to 68 of 77, columns 0 to 51 of 123]
-9.999000e+03 -9.999000e+03 -9.999000e+03 -9.999000e+03 -9.999000e+03 -9.999000e+03 5.993598e-01 8.434137e-01 8.859170e-01 9.469827e-01 9.611235e-01 1.105350e+00 1.215242e+00 1.221395e+00 1.208964e+00 1.183122e+00 1.209794e+00 1.260674e+00 1.398413e+00 1.691419e+00 2.227689e+00 2.375646e+00 2.399522e+00 2.299908e+00 2.357242e+00 2.616996e+00 2.673597e+00 2.498191e+00 2.445572e+00 2.507759e+00 2.533158e+00 2.548370e+00 2.611497e+00 2.754220e+00 2.908235e+00 3.181502e+00 2.960546e+00 3.225649e+00 3.429323e+00 3.605655e+00 4.449950e+00 4.640412e+00 4.643547e+00 4.702615e+00 4.632906e+00 4.402599e+00 4.215684e+00 3.858412e+00 3.576465e+00 2.669746e+00 2.518900e+00 2.592321e+00
-9.999000e+03 -9.999000e+03 -9.999000e+03 -9.999000e+03 -9.999000e+03 -9.999000e+03 1.704920e+00 8.772143e-01 1.026724e+00 1.141678e+00 1.168259e+00 1.263924e+00 1.368169e+00 1.407896e+00 1.406371e+00 1.319680e+00 1.204317e+00 1.145706e+00 1.250534e+00 1.763659e+00 2.053417e+00 2.251626e+00 2.367470e+00 2.372861e+00 2.465225e+00 2.684903e+00 2.715493e+00 2.535570e+00 2.518479e+00 2.674389e+00 2.706789e+00 2.656378e+00 2.757530e+00 2.452410e+00 2.637911e+00 2.819066e+00 3.028819e+00 3.263013e+00 3.443569e+00 3.618468e+00 4.709708e+00 4.889899e+00 4.995616e+00 5.065662e+00 5.001373e+00 4.764860e+00 3.557738e+00 3.419107e+00 3.257892e+00 2.990813e+00 2.739703e+00 2.635324e+00
-9.999000e+03 -9.999000e+03 -9.999000e+03 -9.999000e+03 -9.999000e+03 7.170240e-01 9.371465e-01 9.193831e-01 1.055773e+00 1.101509e+00 1.160758e+00 1.244823e+00 1.369847e+00 1.448609e+00 1.466490e+00 1.406061e+00 1.279471e+00 1.352022e+00 1.438402e+00 1.739657e+00 1.971304e+00 2.211286e+00 2.389455e+00 2.514114e+00 2.606394e+00 2.710657e+00 2.734032e+00 2.642374e+00 2.639390e+00 2.769746e+00 2.811405e+00 2.779932e+00 2.393980e+00 2.538626e+00 2.678525e+00 2.806663e+00 2.977655e+00 3.221509e+00 3.411856e+00 4.266964e+00 4.633016e+00 4.848775e+00 5.053394e+00 5.188401e+00 5.205405e+00 4.835090e+00 3.782265e+00 3.580607e+00 3.440061e+00 3.270571e+00 3.019835e+00 3.495895e+00
-9.999000e+03 -9.999000e+03 -9.999000e+03 -9.999000e+03 5.919797e-01 2.434203e+00 1.008000e+00 1.075343e+00 9.228261e-01 8.365744e-01 9.295153e-01 1.025301e+00 1.201259e+00 1.335798e+00 1.381822e+00 1.404077e+00 1.536754e+00 1.437489e+00 1.523109e+00 1.571875e+00 2.041625e+00 2.248674e+00 2.483110e+00 2.710354e+00 2.798520e+00 2.793550e+00 2.807236e+00 2.791760e+00 2.762593e+00 2.790842e+00 2.810121e+00 2.350260e+00 2.355633e+00 2.408996e+00 2.491204e+00 2.590132e+00 2.755521e+00 3.038173e+00 3.289802e+00 4.134813e+00 4.311064e+00 4.629784e+00 4.847596e+00 5.044568e+00 4.101672e+00 4.096669e+00 3.961201e+00 3.723314e+00 3.565852e+00 3.487611e+00 4.144372e+00 3.783977e+00
-9.999000e+03 -9.999000e+03 -9.999000e+03 -9.999000e+03 8.882963e-01 8.944470e-01 1.041179e+00 9.782195e-01 7.513506e-01 6.937605e-01 7.696126e-01 8.462956e-01 1.034746e+00 1.234063e+00 1.341554e+00 1.414592e+00 1.603464e+00 1.467016e+00 1.548750e+00 1.603415e+00 1.863595e+00 2.083953e+00 2.315207e+00 2.556008e+00 2.641852e+00 2.607084e+00 2.629687e+00 2.664424e+00 2.623171e+00 2.575421e+00 2.584085e+00 2.571148e+00 2.536984e+00 2.511585e+00 2.517219e+00 2.558513e+00 2.661216e+00 2.880246e+00 3.141567e+00 3.364978e+00 4.156881e+00 4.371203e+00 4.540620e+00 4.747224e+00 4.943663e+00 5.087753e+00 5.052642e+00 4.815740e+00 4.640492e+00 4.623813e+00 4.436698e+00 4.047014e+00
-9.999000e+03 -9.999000e+03 -9.999000e+03 5.023231e-01 1.703520e+00 7.436781e-01 7.796708e-01 6.791013e-01 6.066649e-01 6.358535e-01 6.979164e-01 7.589593e-01 8.937073e-01 1.133730e+00 1.309424e+00 1.588294e+00 1.608738e+00 1.488574e+00 1.343625e+00 1.604931e+00 1.982869e+00 2.324212e+00 2.580934e+00 2.832096e+00 2.960171e+00 2.958533e+00 2.999004e+00 3.066633e+00 3.037225e+00 2.952916e+00 2.933818e+00 2.930775e+00 2.903082e+00 2.841405e+00 2.767122e+00 2.723243e+00 2.716455e+00 2.795080e+00 3.010695e+00 3.278561e+00 4.027397e+00 4.118444e+00 4.192587e+00 4.350498e+00 4.560950e+00 4.793781e+00 4.896904e+00 4.814686e+00 4.719036e+00 4.731147e+00 4.593404e+00 4.248117e+00
-9.999000e+03 -9.999000e+03 -9.999000e+03 6.331050e-01 5.225395e-01 6.284630e-01 5.394806e-01 4.083040e-01 4.365659e-01 5.006440e-01 5.788845e-01 6.207972e-01 7.169356e-01 1.003835e+00 1.227312e+00 1.506437e+00 1.544839e+00 1.473227e+00 1.269655e+00 1.431862e+00 1.801951e+00 2.205403e+00 2.508599e+00 2.791618e+00 3.000406e+00 3.077313e+00 3.137684e+00 3.212890e+00 3.190946e+00 3.082466e+00 3.023268e+00 3.010965e+00 3.019228e+00 3.008188e+00 2.959563e+00 2.920240e+00 2.864577e+00 2.819531e+00 2.960595e+00 3.252621e+00 4.011163e+00 4.044015e+00 4.027507e+00 4.080086e+00 4.222551e+00 4.444935e+00 4.625643e+00 4.727207e+00 4.725296e+00 4.682739e+00 4.556165e+00 4.300531e+00
-9.999000e+03 -9.999000e+03 2.819174e-01 2.716000e-01 5.216145e-01 5.156255e-01 2.950765e-01 2.311246e-01 2.816942e-01 2.097476e-01 3.435203e-01 4.159198e-01 4.921618e-01 8.300599e-01 1.184562e+00 1.329394e+00 1.434486e+00 1.263578e+00 1.142137e+00 1.097342e+00 1.297645e+00 1.674259e+00 2.032706e+00 2.371853e+00 2.709549e+00 2.921894e+00 3.018903e+00 3.087778e+00 3.067943e+00 2.940230e+00 2.831614e+00 2.795210e+00 2.863263e+00 2.973644e+00 3.041846e+00 3.091903e+00 3.070572e+00 2.969460e+00 3.010788e+00 3.255623e+00 4.054499e+00 4.155134e+00 4.062037e+00 3.986827e+00 4.016629e+00 4.171151e+00 4.355122e+00 4.561993e+00 4.607171e+00 4.489363e+00 4.376788e+00 4.240686e+00
-9.999000e+03 -9.999000e+03 1.789650e-01 4.656637e-01 5.349443e-01 3.086050e-01 1.772595e-01 3.001171e-01 2.858035e-01 5.002188e-02 2.416625e-01 2.786983e-01 3.342965e-01 6.545742e-01 9.469478e-01 1.037173e+00 1.154595e+00 1.237426e+00 1.069219e+00 8.254241e-01 8.015172e-01 1.127585e+00 1.483830e+00 1.795405e+00 2.171832e+00 2.509346e+00 2.707201e+00 2.826071e+00 2.853462e+00 2.767265e+00 2.650022e+00 2.572408e+00 2.647463e+00 2.817336e+00 2.948599e+00 3.051521e+00 3.077026e+00 3.011760e+00 3.035742e+00 3.202885e+00 4.121309e+00 4.156569e+00 4.105268e+00 4.018287e+00 4.040851e+00 4.198855e+00 4.363587e+00 4.530385e+00 4.525556e+00 4.343408e+00 4.268296e+00 4.258107e+00
-9.999000e+03 1.945110e-01 3.297237e-01 5.122219e-01 4.501107e-01 1.046732e-01 3.599514e-01 3.680965e-01 -9.999000e+03 -9.999000e+03 -9.999000e+03 2.195244e-01 2.748893e-01 5.608517e-01 7.188319e-01 7.001028e-01 7.657110e-01 9.126995e-01 7.815752e-01 3.702613e-01 2.904503e-01 5.768162e-01 9.435569e-01 1.218087e+00 1.574498e+00 1.825931e+00 2.476230e+00 2.796927e+00 2.527103e+00 2.534544e+00 2.460484e+00 2.354590e+00 2.399045e+00 2.573584e+00 2.720311e+00 2.840046e+00 3.510443e+00 3.519976e+00 3.639137e+00 3.856477e+00 3.995397e+00 4.060914e+00 4.080215e+00 4.056937e+00 4.139266e+00 4.343414e+00 4.488656e+00 4.574026e+00 4.524272e+00 4.333960e+00 4.320532e+00 4.429210e+00
-9.999000e+03 3.049527e-01 3.327660e-01 4.435832e-01 2.652130e-01 2.840487e-01 -9.999000e+03 -9.999000e+03 -9.999000e+03 -9.999000e+03 -9.999000e+03 -9.999000e+03 3.265350e-01 4.659317e-01 5.443615e-01 5.882990e-01 6.704158e-01 7.830254e-01 6.563101e-01 2.894048e-01 2.087647e-01 2.246860e-01 3.968651e-01 6.642367e-01 9.983007e-01 1.390387e+00 1.797053e+00 2.158584e+00 2.403411e+00 2.531567e+00 2.548214e+00 2.110353e+00 2.166596e+00 2.365906e+00 2.536934e+00 3.141865e+00 3.313790e+00 3.302655e+00 3.478428e+00 3.804176e+00 3.980659e+00 4.026152e+00 4.052596e+00 4.059601e+00 4.182598e+00 4.430739e+00 4.579689e+00 4.622604e+00 4.561721e+00 4.396731e+00 4.473934e+00 4.732662e+00
5.115120e-01 3.773693e-01 4.597506e-01 2.751603e-01 8.871731e-02 4.868497e-01 -9.999000e+03 -9.999000e+03 -9.999000e+03 -9.999000e+03 -9.999000e+03 -9.999000e+03 -9.999000e+03 -9.999000e+03 -9.999000e+03 7.423055e-01 9.524446e-01 9.813154e-01 8.376574e-01 6.617195e-01 5.497283e-01 -9.999000e+03 -9.999000e+03 3.962866e-01 7.220302e-01 9.610711e-01 1.194635e+00 1.538314e+00 1.788773e+00 1.894719e+00 2.013222e+00 2.084978e+00 1.940596e+00 2.186889e+00 2.383911e+00 3.022688e+00 3.121533e+00 3.094132e+00 3.291720e+00 3.736730e+00 3.986634e+00 4.011605e+00 4.014835e+00 4.017076e+00 4.160032e+00 4.446344e+00 4.645857e+00 4.724200e+00 4.668485e+00 4.511281e+00 4.683806e+00 4.080561e+00
3.172366e-01 2.436016e-01 2.070879e-01 2.050841e-01 5.895260e-01 -9.999000e+03 -9.999000e+03 -9.999000e+03 -9.999000e+03 -9.999000e+03 -9.999000e+03 -9.999000e+03 -9.999000e+03 -9.999000e+03 -9.999000e+03 -9.999000e+03 -9.999000e+03 -9.999000e+03 -9.999000e+03 -9.999000e+03 -9.999000e+03 -9.999000e+03 -9.999000e+03 3.416193e-01 5.962159e-01 7.135482e-01 9.005607e-01 1.157363e+00 1.280400e+00 1.241197e+00 1.379768e+00 1.545788e+00 1.790455e+00 2.187148e+00 2.485667e+00 2.666662e+00 2.793202e+00 2.828201e+00 3.070946e+00 3.596474e+00 3.887892e+00 3.915016e+00 3.900920e+00 3.868765e+00 3.962815e+00 4.199879e+00 4.396819e+00 4.522442e+00 4.498721e+00 4.333554e+00 4.579910e+00 5.283945e+00
-9.999000e+03 5.387523e-01 4.654726e-01 7.712844e-01 -9.999000e+03 -9.999000e+03 -9.999000e+03 -9.999000e+03 -9.999000e+03 -9.999000e+03 -9.999000e+03 -9.999000e+03 -9.999000e+03 -9.999000e+03 -9.999000e+03 -9.999000e+03 -9.999000e+03 -9.999000e+03 -9.999000e+03 -9.999000e+03 -9.999000e+03 -9.999000e+03 -9.999000e+03 -9.999000e+03 -9.999000e+03 -9.999000e+03 9.251960e-01 1.229041e+00 1.038371e+00 7.922696e-01 7.603155e-01 9.392032e-01 1.258527e+00 1.736450e+00 2.001942e+00 2.114517e+00 2.321165e+00 2.513370e+00 2.862140e+00 3.317542e+00 3.630564e+00 3.701591e+00 3.740142e+00 3.699877e+00 3.716286e+00 3.823831e+00 3.917707e+00 3.999608e+00 4.024838e+00 3.920166e+00 4.243411e+00 5.164777e+00
-9.999000e+03 -9.999000e+03 -9.999000e+03 -9.999000e+03 -9.999000e+03 -9.999000e+03 -9.999000e+03 -9.999000e+03 -9.999000e+03 -9.999000e+03 -9.999000e+03 -9.999000e+03 -9.999000e+03 -9.999000e+03 -9.999000e+03 -9.999000e+03 -9.999000e+03 -9.999000e+03 -9.999000e+03 -9.999000e+03 -9.999000e+03 -9.999000e+03 -9.999000e+03 -9.999000e+03 -9.999000e+03 -9.999000e+03 -9.999000e+03 -9.999000e+03 1.053804e+00 7.232908e-01 6.149767e-01 7.353733e-01 1.042637e+00 1.513183e+00 1.678012e+00 1.556735e+00 1.660998e+00 2.276147e+00 2.351989e+00 2.782798e+00 3.102493e+00 3.344103e+00 3.470828e+00 3.550170e+00 3.589196e+00 3.638083e+00 3.603723e+00 3.533287e+00 3.584108e+00 3.655578e+00 4.058210e+00 4.951517e+00
-9.999000e+03 -9.999000e+03 -9.999000e+03 -9.999000e+03 -9.999000e+03 -9.999000e+03 -9.999000e+03 -9.999000e+03 -9.999000e+03 -9.999000e+03 -9.999000e+03 -9.999000e+03 -9.999000e+03 -9.999000e+03 -9.999000e+03 -9.999000e+03 -9.999000e+03 -9.999000e+03 -9.999000e+03 -9.999000e+03 -9.999000e+03 -9.999000e+03 -9.999000e+03 -9.999000e+03 -9.999000e+03 -9.999000e+03 -9.999000e+03 -9.999000e+03 -9.999000e+03 7.687162e-01 7.776110e-01 1.198998e+00 1.471951e+00 2.013229e+00 2.188382e+00 1.871417e+00 1.817225e+00 1.836697e+00 2.110941e+00 2.337683e+00 2.466123e+00 2.754596e+00 2.963790e+00 3.231964e+00 3.472652e+00 3.505916e+00 3.368389e+00 3.122700e+00 3.193984e+00 3.520041e+00 3.971748e+00 4.600494e+00
-9.999000e+03 -9.999000e+03 -9.999000e+03 -9.999000e+03 -9.999000e+03 -9.999000e+03 -9.999000e+03 -9.999000e+03 -9.999000e+03 -9.999000e+03 -9.999000e+03 -9.999000e+03 -9.999000e+03 -9.999000e+03 -9.999000e+03 -9.999000e+03 -9.999000e+03 -9.999000e+03 -9.999000e+03 -9.999000e+03 -9.999000e+03 -9.999000e+03 -9.999000e+03 -9.999000e+03 -9.999000e+03 -9.999000e+03 -9.999000e+03 -9.999000e+03 -9.999000e+03 -9.999000e+03 1.123415e+00 -9.999000e+03 -9.999000e+03 -9.999000e+03 -9.999000e+03 -9.999000e+03 -9.999000e+03 -9.999000e+03 2.305924e+00 2.784030e+00 2.828958e+00 2.176065e+00 2.326313e+00 2.650805e+00 2.968453e+00 2.983162e+00 2.855239e+00 2.516958e+00 2.630530e+00 3.210194e+00 3.610258e+00 3.944742e+00
-9.999000e+03 -9.999000e+03 -9.999000e+03 -9.999000e+03 -9.999000e+03 -9.999000e+03 -9.999000e+03 -9.999000e+03 -9.999000e+03 -9.999000e+03 -9.999000e+03 -9.999000e+03 -9.999000e+03 -9.999000e+03 -9.999000e+03 -9.999000e+03 -9.999000e+03 -9.999000e+03 -9.999000e+03 -9.999000e+03 -9.999000e+03 -9.999000e+03 -9.999000e+03 -9.999000e+03 -9.999000e+03 -9.999000e+03 -9.999000e+03 -9.999000e+03 -9.999000e+03 -9.999000e+03 -9.999000e+03 -9.999000e+03 -9.999000e+03 -9.999000e+03 -9.999000e+03 -9.999000e+03 -9.999000e+03 -9.999000e+03 -9.999000e+03 -9.999000e+03 -9.999000e+03 2.357043e+00 2.752589e+00 3.230004e+00 2.762181e+00 2.746555e+00 2.565680e+00 2.217975e+00 2.383213e+00 3.046735e+00 3.316884e+00 3.215627e+00
-9.999000e+03 -9.999000e+03 -9.999000e+03 -9.999000e+03 -9.999000e+03 -9.999000e+03 -9.999000e+03 -9.999000e+03 -9.999000e+03 -9.999000e+03 -9.999000e+03 -9.999000e+03 -9.999000e+03 -9.999000e+03 -9.999000e+03 -9.999000e+03 -9.999000e+03 -9.999000e+03 -9.999000e+03 -9.999000e+03 -9.999000e+03 -9.999000e+03 -9.999000e+03 -9.999000e+03 -9.999000e+03 -9.999000e+03 -9.999000e+03 -9.999000e+03 -9.999000e+03 -9.999000e+03 -9.999000e+03 -9.999000e+03 -9.999000e+03 -9.999000e+03 -9.999000e+03 -9.999000e+03 -9.999000e+03 -9.999000e+03 -9.999000e+03 -9.999000e+03 -9.999000e+03 -9.999000e+03 -9.999000e+03 -9.999000e+03 3.337189e+00 3.704565e+00 3.543576e+00 3.190475e+00 3.365005e+00 4.136733e+00 3.563103e+00 3.053718e+00
-9.999000e+03 -9.999000e+03 -9.999000e+03 -9.999000e+03 -9.999000e+03 -9.999000e+03 -9.999000e+03 -9.999000e+03 -9.999000e+03 -9.999000e+03 -9.999000e+03 -9.999000e+03 -9.999000e+03 -9.999000e+03 -9.999000e+03 -9.999000e+03 -9.999000e+03 -9.999000e+03 -9.999000e+03 -9.999000e+03 -9.999000e+03 -9.999000e+03 -9.999000e+03 -9.999000e+03 -9.999000e+03 -9.999000e+03 -9.999000e+03 -9.999000e+03 -9.999000e+03 -9.999000e+03 -9.999000e+03 -9.999000e+03 -9.999000e+03 -9.999000e+03 -9.999000e+03 -9.999000e+03 -9.999000e+03 -9.999000e+03 -9.999000e+03 -9.999000e+03 -9.999000e+03 -9.999000e+03 -9.999000e+03 -9.999000e+03 -9.999000e+03 -9.999000e+03 -9.999000e+03 -9.999000e+03 -9.999000e+03 -9.999000e+03 3.906738e+00 3.021626e+00
-9.999000e+03 -9.999000e+03 -9.999000e+03 -9.999000e+03 -9.999000e+03 -9.999000e+03 -9.999000e+03 -9.999000e+03 -9.999000e+03 -9.999000e+03 -9.999000e+03 -9.999000e+03 -9.999000e+03 -9.999000e+03 -9.999000e+03 -9.999000e+03 -9.999000e+03 -9.999000e+03 -9.999000e+03 -9.999000e+03 -9.999000e+03 -9.999000e+03 -9.999000e+03 -9.999000e+03 -9.999000e+03 -9.999000e+03 -9.999000e+03 -9.999000e+03 -9.999000e+03 -9.999000e+03 -9.999000e+03 -9.999000e+03 -9.999000e+03 -9.999000e+03 -9.999000e+03 -9.999000e+03 -9.999000e+03 -9.999000e+03 -9.999000e+03 -9.999000e+03 -9.999000e+03 -9.999000e+03 -9.999000e+03 -9.999000e+03 -9.999000e+03 -9.999000e+03 -9.999000e+03 -9.999000e+03 -9.999000e+03 -9.999000e+03 -9.999000e+03 2.838662e+00
-9.999000e+03 -9.999000e+03 -9.999000e+03 -9.999000e+03 -9.999000e+03 -9.999000e+03 -9.999000e+03 -9.999000e+03 -9.999000e+03 -9.999000e+03 -9.999000e+03 -9.999000e+03 -9.999000e+03 -9.999000e+03 -9.999000e+03 -9.999000e+03 -9.999000e+03 -9.999000e+03 -9.999000e+03 -9.999000e+03 -9.999000e+03 -9.999000e+03 -9.999000e+03 -9.999000e+03 -9.999000e+03 -9.999000e+03 -9.999000e+03 -9.999000e+03 -9.999000e+03 -9.999000e+03 -9.999000e+03 -9.999000e+03 -9.999000e+03 -9.999000e+03 -9.999000e+03 -9.999000e+03 -9.999000e+03 -9.999000e+03 -9.999000e+03 -9.999000e+03 -9.999000e+03 -9.999000e+03 -9.999000e+03 -9.999000e+03 -9.999000e+03 -9.999000e+03 -9.999000e+03 -9.999000e+03 -9.999000e+03 -9.999000e+03 -9.999000e+03 -9.999000e+03
-9.999000e+03 -9.999000e+03 -9.999000e+03 -9.999000e+03 -9.999000e+03 -9.999000e+03 -9.999000e+03 -9.999000e+03 -9.999000e+03 -9.999000e+03 -9.999000e+03 -9.999000e+03 -9.999000e+03 -9.999000e+03 -9.999000e+03 -9.999000e+03 -9.999000e+03 -9.999000e+03 -9.999000e+03 -9.999000e+03 -9.999000e+03 -9.999000e+03 -9.999000e+03 -9.999000e+03 -9.999000e+03 -9.999000e+03 -9.999000e+03 -9.999000e+03 -9.999000e+03 -9.999000e+03 -9.999000e+03 -9.999000e+03 -9.999000e+03 -9.999000e+03 -9.999000e+03 -9.999000e+03 -9.999000e+03 -9.999000e+03 -9.999000e+03 -9.999000e+03 -9.999000e+03 -9.999000e+03 -9.999000e+03 -9.999000e+03 -9.999000e+03 -9.999000e+03 -9.999000e+03 -9.999000e+03 -9.999000e+03 -9.999000e+03 -9.999000e+03 -9.999000e+03
