tests/data/reference/test_stream_rill_mfda/mrsearstr_pa.asc
ncols	123
nrows	77
xllcorner	-713746.79929998
yllcorner	-1061022.36961616
cellsize	10.0
NODATA_value	-9999
[rows 46 to 68 of 77, columns 0 to 51 of 123]
-9.999000e+03 -9.999000e+03 -9.999000e+03 -9.999000e+03 -9.999000e+03 -9.999000e+03 5.993598e-01 8.434137e-01 8.859170e-01 9.469827e-01 9.611235e-01 1.105350e+00 1.215242e+00 1.221395e+00 1.208964e+00 1.183122e+00 1.209794e+00 1.260674e+00 1.398413e+00 1.691419e+00 2.227689e+00 2.375646e+00 2.399522e+00 2.299908e+00 2.357242e+00 2.616996e+00 2.673597e+00 2.498191e+00 2.445572e+00 2.507759e+00 2.533158e+00 2.548370e+00 2.611497e+00 2.754220e+00 2.908235e+00 3.181502e+00 2.960546e+00 3.225649e+00 3.429323e+00 3.605655e+00 4.449950e+00 4.640412e+00 4.643547e+00 4.702615e+00 4.632906e+00 4.402599e+00 4.215684e+00 3.858412e+00 3.576465e+00 2.669746e+00 2.518900e+00 2.592321e+00
-9.999000e+03 -9.999000e+03 -9.999000e+03 -9.999000e+03 -9.999000e+03 -9.999000e+03 1.704921e+00 8.772143e-01 1.026724e+00 1.141678e+00 1.168259e+00 1.263924e+00 1.368169e+00 1.407896e+00 1.406371e+00 1.319680e+00 1.204317e+00 1.145706e+00 1.250534e+00 1.763659e+00 2.053417e+00 2.251626e+00 2.367470e+00 2.372861e+00 2.465225e+00 2.684903e+00 2.715493e+00 2.535570e+00 2.518479e+00 2.674389e+00 2.706789e+00 2.656378e+00 2.757530e+00 2.452410e+00 2.637911e+00 2.819066e+00 3.028819e+00 3.263013e+00 3.443569e+00 3.618468e+00 4.709708e+00 4.889899e+00 4.995616e+00 5.065662e+00 5.001373e+00 4.764860e+00 3.557738e+00 3.419107e+00 3.257892e+00 2.990813e+00 2.739703e+00 2.635324e+00
-9.999000e+03 -9.999000e+03 -9.999000e+03 -9.999000e+03 -9.999000e+03 7.170240e-01 9.371475e-01 9.193831e-01 1.055773e+00 1.101509e+00 1.160758e+00 1.244823e+00 1.369847e+00 1.448609e+00 1.466490e+00 1.406061e+00 1.279471e+00 1.352022e+00 1.438402e+00 1.739657e+00 1.971304e+00 2.211286e+00 2.389455e+00 2.514114e+00 2.606394e+00 2.710657e+00 2.734032e+00 2.642374e+00 2.639390e+00 2.769746e+00 2.811405e+00 2.779932e+00 2.393980e+00 2.538626e+00 2.678525e+00 2.806663e+00 2.977655e+00 3.221509e+00 3.411856e+00 4.266964e+00 4.633016e+00 4.848775e+00 5.053394e+00 5.188401e+00 5.205405e+00 4.835090e+00 3.782265e+00 3.580607e+00 3.440061e+00 3.270571e+00 3.019835e+00 3.495895e+00
-9.999000e+03 -9.999000e+03 -9.999000e+03 -9.999000e+03 5.919797e-01 2.434202e+00 1.008000e+00 1.075343e+00 9.228261e-01 8.365744e-01 9.295153e-01 1.025301e+00 1.201259e+00 1.335798e+00 1.381822e+00 1.404077e+00 1.536754e+00 1.437489e+00 1.523109e+00 1.571875e+00 2.041625e+00 2.248674e+00 2.483110e+00 2.710354e+00 2.798520e+00 2.793550e+00 2.807236e+00 2.791760e+00 2.762593e+00 2.790842e+00 2.810121e+00 2.350260e+00 2.355633e+00 2.408996e+00 2.491204e+00 2.590132e+00 2.755521e+00 3.038173e+00 3.289802e+00 4.134813e+00 4.311064e+00 4.629784e+00 4.847596e+00 5.044568e+00 4.101672e+00 4.096669e+00 3.961201e+00 3.723314e+00 3.565852e+00 3.487611e+00 4.144372e+00 3.783977e+00
-9.999000e+03 -9.999000e+03 -9.999000e+03 -9.999000e+03 8.882963e-01 8.944470e-01 1.041179e+00 9.782195e-01 7.513506e-01 6.937605e-01 7.696126e-01 8.462956e-01 1.034746e+00 1.234063e+00 1.341554e+00 1.414592e+00 1.603464e+00 1.467016e+00 1.548750e+00 1.603415e+00 1.863595e+00 2.083953e+00 2.315207e+00 2.556008e+00 2.641852e+00 2.607084e+00 2.629687e+00 2.664424e+00 2.623171e+00 2.575421e+00 2.584085e+00 2.571148e+00 2.536984e+00 2.511585e+00 2.517219e+00 2.558513e+00 2.661216e+00 2.880246e+00 3.141567e+00 3.364978e+00 4.156881e+00 4.371203e+00 4.540620e+00 4.747224e+00 4.943663e+00 5.087753e+00 5.052642e+00 4.815740e+00 4.640492e+00 4.623813e+00 4.436698e+00 4.047014e+00
-9.999000e+03 -9.999000e+03 -9.999000e+03 5.023231e-01 1.703528e+00 7.436781e-01 7.796708e-01 6.791013e-01 6.066649e-01 6.358535e-01 6.979164e-01 7.589593e-01 8.937073e-01 1.133730e+00 1.309424e+00 1.588294e+00 1.608738e+00 1.488574e+00 1.343625e+00 1.604931e+00 1.982869e+00 2.324212e+00 2.580934e+00 2.832096e+00 2.960171e+00 2.958533e+00 2.999004e+00 3.066633e+00 3.037225e+00 2.952916e+00 2.933818e+00 2.930775e+00 2.903082e+00 2.841405e+00 2.767122e+00 2.723243e+00 2.716455e+00 2.795080e+00 3.010695e+00 3.278561e+00 4.027397e+00 4.118444e+00 4.192587e+00 4.350498e+00 4.560950e+00 4.793781e+00 4.896904e+00 4.814686e+00 4.719036e+00 4.731147e+00 4.593404e+00 4.248117e+00
-9.999000e+03 -9.999000e+03 -9.999000e+03 6.331031e-01 5.225395e-01 6.284630e-01 5.394806e-01 4.083040e-01 4.365659e-01 5.006978e-01 5.789191e-01 6.207972e-01 7.169356e-01 1.003835e+00 1.227312e+00 1.506437e+00 1.544839e+00 1.473227e+00 1.269655e+00 1.431862e+00 1.801951e+00 2.205403e+00 2.508599e+00 2.791618e+00 3.000406e+00 3.077313e+00 3.137684e+00 3.212890e+00 3.190946e+00 3.082466e+00 3.023268e+00 3.010965e+00 3.019228e+00 3.008188e+00 2.959563e+00 2.920240e+00 2.864577e+00 2.819531e+00 2.960595e+00 3.252621e+00 4.011163e+00 4.044015e+00 4.027507e+00 4.080086e+00 4.222551e+00 4.444935e+00 4.625643e+00 4.727207e+00 4.725296e+00 4.682739e+00 4.556165e+00 4.300531e+00
-9.999000e+03 -9.999000e+03 2.819189e-01 2.716690e-01 5.216145e-01 5.156255e-01 2.950765e-01 2.311246e-01 2.816942e-01 2.099810e-01 3.437193e-01 4.151660e-01 4.921618e-01 8.300599e-01 1.184562e+00 1.329396e+00 1.434486e+00 1.263578e+00 1.142137e+00 1.097342e+00 1.297645e+00 1.674259e+00 2.032706e+00 2.371853e+00 2.709549e+00 2.921894e+00 3.018903e+00 3.087778e+00 3.067943e+00 2.940230e+00 2.831614e+00 2.795210e+00 2.863263e+00 2.973644e+00 3.041846e+00 3.091903e+00 3.070572e+00 2.969460e+00 3.010788e+00 3.255623e+00 4.054499e+00 4.155134e+00 4.062037e+00 3.986827e+00 4.016629e+00 4.171151e+00 4.355122e+00 4.561993e+00 4.607171e+00 4.489363e+00 4.376788e+00 4.240686e+00
-9.999000e+03 -9.999000e+03 1.788017e-01 4.656651e-01 5.352790e-01 3.086050e-01 1.772595e-01 3.001171e-01 2.858300e-01 5.001571e-02 2.416624e-01 2.786983e-01 3.342965e-01 6.545742e-01 9.469627e-01 1.037173e+00 1.154558e+00 1.237383e+00 1.069292e+00 8.363863e-01 8.015172e-01 1.189179e+00 1.483830e+00 1.795405e+00 2.171832e+00 2.509346e+00 2.707201e+00 2.826071e+00 2.853462e+00 2.767265e+00 2.650022e+00 2.572408e+00 2.647463e+00 2.817336e+00 2.948599e+00 3.051521e+00 3.077026e+00 3.011760e+00 3.035742e+00 3.202885e+00 4.121309e+00 4.156569e+00 4.105268e+00 4.018287e+00 4.040851e+00 4.198855e+00 4.363587e+00 4.530385e+00 4.525556e+00 4.343408e+00 4.268296e+00 4.258107e+00
-9.999000e+03 1.945110e-01 3.287636e-01 5.122219e-01 4.501292e-01 1.046732e-01 3.597014e-01 3.680486e-01 -9.999000e+03 -9.999000e+03 -9.999000e+03 2.195228e-01 2.748379e-01 5.609531e-01 7.188319e-01 6.998584e-01 7.654342e-01 9.133080e-01 7.814800e-01 3.702884e-01 2.904503e-01 5.768162e-01 9.434871e-01 1.218087e+00 1.574498e+00 1.825931e+00 2.476230e+00 2.796927e+00 2.527103e+00 2.534544e+00 2.460484e+00 2.354590e+00 2.399045e+00 2.573584e+00 2.720311e+00 2.840046e+00 3.510443e+00 3.519976e+00 3.639137e+00 3.856477e+00 3.995397e+00 4.060914e+00 4.080215e+00 4.056937e+00 4.139266e+00 4.343414e+00 4.488656e+00 4.574026e+00 4.524272e+00 4.333960e+00 4.320532e+00 4.429210e+00
-9.999000e+03 3.046590e-01 3.327660e-01 4.435832e-01 2.652130e-01 2.840487e-01 -9.999000e+03 -9.999000e+03 -9.999000e+03 -9.999000e+03 -9.999000e+03 -9.999000e+03 3.265350e-01 4.659317e-01 5.443615e-01 5.882990e-01 6.704158e-01 7.830254e-01 6.563101e-01 2.894048e-01 2.087647e-01 2.246860e-01 3.968651e-01 6.642367e-01 9.983007e-01 1.390387e+00 1.797053e+00 2.158784e+00 2.403524e+00 2.531567e+00 2.548222e+00 2.110353e+00 2.166596e+00 2.365906e+00 2.536934e+00 3.141865e+00 3.313791e+00 3.302653e+00 3.478429e+00 3.804176e+00 3.980659e+00 4.026152e+00 4.052596e+00 4.059601e+00 4.182598e+00 4.430739e+00 4.579689e+00 4.622604e+00 4.561721e+00 4.396730e+00 4.473934e+00 4.732662e+00
5.115120e-01 3.476679e-01 4.597506e-01 2.751603e-01 8.871731e-02 4.868721e-01 -9.999000e+03 -9.999000e+03 -9.999000e+03 -9.999000e+03 -9.999000e+03 -9.999000e+03 -9.999000e+03 -9.999000e+03 -9.999000e+03 7.425636e-01 9.527744e-01 9.807883e-01 8.376938e-01 6.616020e-01 5.498023e-01 -9.999000e+03 -9.999000e+03 3.962866e-01 7.220302e-01 9.610711e-01 1.195576e+00 1.538855e+00 1.788773e+00 1.894785e+00 2.013028e+00 2.085045e+00 1.940596e+00 2.186889e+00 2.383911e+00 3.022700e+00 3.121508e+00 3.094137e+00 3.291728e+00 3.736730e+00 3.986634e+00 4.011603e+00 4.014837e+00 4.017075e+00 4.160032e+00 4.446344e+00 4.645857e+00 4.724200e+00 4.668463e+00 4.511281e+00 4.683806e+00 4.080561e+00
3.172366e-01 2.436016e-01 2.070879e-01 2.050841e-01 5.994273e-01 -9.999000e+03 -9.999000e+03 -9.999000e+03 -9.999000e+03 -9.999000e+03 -9.999000e+03 -9.999000e+03 -9.999000e+03 -9.999000e+03 -9.999000e+03 -9.999000e+03 -9.999000e+03 -9.999000e+03 -9.999000e+03 -9.999000e+03 -9.999000e+03 -9.999000e+03 -9.999000e+03 3.416193e-01 5.962159e-01 7.135482e-01 9.005607e-01 1.157363e+00 1.280783e+00 1.240215e+00 1.380108e+00 1.545788e+00 1.790509e+00 2.187266e+00 2.485760e+00 2.666469e+00 2.793242e+00 2.828258e+00 3.070946e+00 3.596474e+00 3.887868e+00 3.915038e+00 3.900905e+00 3.868765e+00 3.962815e+00 4.199880e+00 4.396819e+00 4.522081e+00 4.498703e+00 4.333554e+00 4.579910e+00 5.283945e+00
-9.999000e+03 5.393967e-01 4.654726e-01 8.081945e-01 -9.999000e+03 -9.999000e+03 -9.999000e+03 -9.999000e+03 -9.999000e+03 -9.999000e+03 -9.999000e+03 -9.999000e+03 -9.999000e+03 -9.999000e+03 -9.999000e+03 -9.999000e+03 -9.999000e+03 -9.999000e+03 -9.999000e+03 -9.999000e+03 -9.999000e+03 -9.999000e+03 -9.999000e+03 -9.999000e+03 -9.999000e+03 -9.999000e+03 9.244668e-01 1.228540e+00 1.038371e+00 7.922696e-01 7.603155e-01 9.394714e-01 1.259099e+00 1.736924e+00 2.000961e+00 2.114709e+00 2.321453e+00 2.513370e+00 2.862134e+00 3.317371e+00 3.630728e+00 3.701475e+00 3.740142e+00 3.699877e+00 3.716288e+00 3.823831e+00 3.914017e+00 3.999309e+00 4.024843e+00 3.920168e+00 4.243409e+00 5.164775e+00
-9.999000e+03 -9.999000e+03 -9.999000e+03 -9.999000e+03 -9.999000e+03 -9.999000e+03 -9.999000e+03 -9.999000e+03 -9.999000e+03 -9.999000e+03 -9.999000e+03 -9.999000e+03 -9.999000e+03 -9.999000e+03 -9.999000e+03 -9.999000e+03 -9.999000e+03 -9.999000e+03 -9.999000e+03 -9.999000e+03 -9.999000e+03 -9.999000e+03 -9.999000e+03 -9.999000e+03 -9.999000e+03 -9.999000e+03 -9.999000e+03 -9.999000e+03 1.053452e+00 7.238724e-01 6.148113e-01 7.353733e-01 1.042637e+00 1.513183e+00 1.678012e+00 1.556735e+00 1.660998e+00 2.276103e+00 2.351203e+00 2.783545e+00 3.101959e+00 3.344103e+00 3.470828e+00 3.550185e+00 3.589198e+00 3.611480e+00 3.600367e+00 3.533356e+00 3.584137e+00 3.655552e+00 4.058190e+00 4.951505e+00
-9.999000e+03 -9.999000e+03 -9.999000e+03 -9.999000e+03 -9.999000e+03 -9.999000e+03 -9.999000e+03 -9.999000e+03 -9.999000e+03 -9.999000e+03 -9.999000e+03 -9.999000e+03 -9.999000e+03 -9.999000e+03 -9.999000e+03 -9.999000e+03 -9.999000e+03 -9.999000e+03 -9.999000e+03 -9.999000e+03 -9.999000e+03 -9.999000e+03 -9.999000e+03 -9.999000e+03 -9.999000e+03 -9.999000e+03 -9.999000e+03 -9.999000e+03 -9.999000e+03 7.686895e-01 7.776706e-01 1.196873e+00 1.470461e+00 2.012627e+00 2.189194e+00 1.871421e+00 1.817002e+00 1.836697e+00 2.110941e+00 2.337683e+00 2.466123e+00 2.754604e+00 2.963858e+00 3.231973e+00 3.345419e+00 3.478461e+00 3.369209e+00 3.122910e+00 3.193796e+00 3.519905e+00 3.971674e+00 4.600370e+00
-9.999000e+03 -9.999000e+03 -9.999000e+03 -9.999000e+03 -9.999000e+03 -9.999000e+03 -9.999000e+03 -9.999000e+03 -9.999000e+03 -9.999000e+03 -9.999000e+03 -9.999000e+03 -9.999000e+03 -9.999000e+03 -9.999000e+03 -9.999000e+03 -9.999000e+03 -9.999000e+03 -9.999000e+03 -9.999000e+03 -9.999000e+03 -9.999000e+03 -9.999000e+03 -9.999000e+03 -9.999000e+03 -9.999000e+03 -9.999000e+03 -9.999000e+03 -9.999000e+03 -9.999000e+03 1.124667e+00 -9.999000e+03 -9.999000e+03 -9.999000e+03 -9.999000e+03 -9.999000e+03 -9.999000e+03 -9.999000e+03 2.306652e+00 2.783535e+00 2.829275e+00 2.176065e+00 2.326313e+00 2.650805e+00 2.815700e+00 2.990146e+00 2.856374e+00 2.516050e+00 2.629906e+00 3.209855e+00 3.609741e+00 3.943694e+00
-9.999000e+03 -9.999000e+03 -9.999000e+03 -9.999000e+03 -9.999000e+03 -9.999000e+03 -9.999000e+03 -9.999000e+03 -9.999000e+03 -9.999000e+03 -9.999000e+03 -9.999000e+03 -9.999000e+03 -9.999000e+03 -9.999000e+03 -9.999000e+03 -9.999000e+03 -9.999000e+03 -9.999000e+03 -9.999000e+03 -9.999000e+03 -9.999000e+03 -9.999000e+03 -9.999000e+03 -9.999000e+03 -9.999000e+03 -9.999000e+03 -9.999000e+03 -9.999000e+03 -9.999000e+03 -9.999000e+03 -9.999000e+03 -9.999000e+03 -9.999000e+03 -9.999000e+03 -9.999000e+03 -9.999000e+03 -9.999000e+03 -9.999000e+03 -9.999000e+03 -9.999000e+03 2.357101e+00 2.752541e+00 3.229984e+00 2.883338e+00 2.746555e+00 2.565680e+00 2.217975e+00 2.383213e+00 3.046735e+00 3.316884e+00 3.215627e+00
-9.999000e+03 -9.999000e+03 -9.999000e+03 -9.999000e+03 -9.999000e+03 -9.999000e+03 -9.999000e+03 -9.999000e+03 -9.999000e+03 -9.999000e+03 -9.999000e+03 -9.999000e+03 -9.999000e+03 -9.999000e+03 -9.999000e+03 -9.999000e+03 -9.999000e+03 -9.999000e+03 -9.999000e+03 -9.999000e+03 -9.999000e+03 -9.999000e+03 -9.999000e+03 -9.999000e+03 -9.999000e+03 -9.999000e+03 -9.999000e+03 -9.999000e+03 -9.999000e+03 -9.999000e+03 -9.999000e+03 -9.999000e+03 -9.999000e+03 -9.999000e+03 -9.999000e+03 -9.999000e+03 -9.999000e+03 -9.999000e+03 -9.999000e+03 -9.999000e+03 -9.999000e+03 -9.999000e+03 -9.999000e+03 -9.999000e+03 3.489663e+00 3.758761e+00 3.569204e+00 3.202754e+00 3.368739e+00 4.137539e+00 3.563596e+00 3.054550e+00
-9.999000e+03 -9.999000e+03 -9.999000e+03 -9.999000e+03 -9.999000e+03 -9.999000e+03 -9.999000e+03 -9.999000e+03 -9.999000e+03 -9.999000e+03 -9.999000e+03 -9.999000e+03 -9.999000e+03 -9.999000e+03 -9.999000e+03 -9.999000e+03 -9.999000e+03 -9.999000e+03 -9.999000e+03 -9.999000e+03 -9.999000e+03 -9.999000e+03 -9.999000e+03 -9.999000e+03 -9.999000e+03 -9.999000e+03 -9.999000e+03 -9.999000e+03 -9.999000e+03 -9.999000e+03 -9.999000e+03 -9.999000e+03 -9.999000e+03 -9.999000e+03 -9.999000e+03 -9.999000e+03 -9.999000e+03 -9.999000e+03 -9.999000e+03 -9.999000e+03 -9.999000e+03 -9.999000e+03 -9.999000e+03 -9.999000e+03 -9.999000e+03 -9.999000e+03 -9.999000e+03 -9.999000e+03 -9.999000e+03 -9.999000e+03 3.906840e+00 3.021705e+00
-9.999000e+03 -9.999000e+03 -9.999000e+03 -9.999000e+03 -9.999000e+03 -9.999000e+03 -9.999000e+03 -9.999000e+03 -9.999000e+03 -9.999000e+03 -9.999000e+03 -9.999000e+03 -9.999000e+03 -9.999000e+03 -9.999000e+03 -9.999000e+03 -9.999000e+03 -9.999000e+03 -9.999000e+03 -9.999000e+03 -9.999000e+03 -9.999000e+03 -9.999000e+03 -9.999000e+03 -9.999000e+03 -9.999000e+03 -9.999000e+03 -9.999000e+03 -9.999000e+03 -9.999000e+03 -9.999000e+03 -9.999000e+03 -9.999000e+03 -9.999000e+03 -9.999000e+03 -9.999000e+03 -9.999000e+03 -9.999000e+03 -9.999000e+03 -9.999000e+03 -9.999000e+03 -9.999000e+03 -9.999000e+03 -9.999000e+03 -9.999000e+03 -9.999000e+03 -9.999000e+03 -9.999000e+03 -9.999000e+03 -9.999000e+03 -9.999000e+03 2.838670e+00
-9.999000e+03 -9.999000e+03 -9.999000e+03 -9.999000e+03 -9.999000e+03 -9.999000e+03 -9.999000e+03 -9.999000e+03 -9.999000e+03 -9.999000e+03 -9.999000e+03 -9.999000e+03 -9.999000e+03 -9.999000e+03 -9.999000e+03 -9.999000e+03 -9.999000e+03 -9.999000e+03 -9.999000e+03 -9.999000e+03 -9.999000e+03 -9.999000e+03 -9.999000e+03 -9.999000e+03 -9.999000e+03 -9.999000e+03 -9.999000e+03 -9.999000e+03 -9.999000e+03 -9.999000e+03 -9.999000e+03 -9.999000e+03 -9.999000e+03 -9.999000e+03 -9.999000e+03 -9.999000e+03 -9.999000e+03 -9.999000e+03 -9.999000e+03 -9.999000e+03 -9.999000e+03 -9.999000e+03 -9.999000e+03 -9.999000e+03 -9.999000e+03 -9.999000e+03 -9.999000e+03 -9.999000e+03 -9.999000e+03 -9.999000e+03 -9.999000e+03 -9.999000e+03
-9.999000e+03 -9.999000e+03 -9.999000e+03 -9.999000e+03 -9.999000e+03 -9.999000e+03 -9.999000e+03 -9.999000e+03 -9.999000e+03 -9.999000e+03 -9.999000e+03 -9.999000e+03 -9.999000e+03 -9.999000e+03 -9.999000e+03 -9.999000e+03 -9.999000e+03 -9.999000e+03 -9.999000e+03 -9.999000e+03 -9.999000e+03 -9.999000e+03 -9.999000e+03 -9.999000e+03 -9.999000e+03 -9.999000e+03 -9.999000e+03 -9.999000e+03 -9.999000e+03 -9.999000e+03 -9.999000e+03 -9.999000e+03 -9.999000e+03 -9.999000e+03 -9.999000e+03 -9.999000e+03 -9.999000e+03 -9.999000e+03 -9.999000e+03 -9.999000e+03 -9.999000e+03 -9.999000e+03 -9.999000e+03 -9.999000e+03 -9.999000e+03 -9.999000e+03 -9.999000e+03 -9.999000e+03 -9.999000e+03 -9.999000e+03 -9.999000e+03 -9.999000e+03
