tests/data/reference/test_stream_rill_mfda/mrsearstr_pa.asc
ncols	123
nrows	77
xllcorner	-713746.79929998
yllcorner	-1061022.36961616
cellsize	10.0
NODATA_value	-9999
[rows 23 to 45 of 77, columns 0 to 51 of 123]
-9.999000e+03 -9.999000e+03 -9.999000e+03 -9.999000e+03 -9.999000e+03 -9.999000e+03 -9.999000e+03 -9.999000e+03 -9.999000e+03 -9.999000e+03 -9.999000e+03 -9.999000e+03 -9.999000e+03 -9.999000e+03 7.169533e-01 7.992505e-01 8.647712e-01 9.436620e-01 8.527027e-01 1.640698e-01 1.280736e+00 1.515310e+00 2.105510e+00 2.316148e+00 2.215188e+00 2.390922e+00 2.638767e+00 2.861364e+00 2.925152e+00 3.114492e+00 3.306668e+00 3.497335e+00 3.590868e+00 3.590835e+00 3.566946e+00 3.537597e+00 3.629626e+00 3.884908e+00 4.052852e+00 4.070508e+00 4.075579e+00 4.137649e+00 4.260820e+00 4.346205e+00 4.362553e+00 4.345275e+00 4.333262e+00 4.387058e+00 4.497053e+00 4.592155e+00 4.656086e+00 4.756921e+00
-9.999000e+03 -9.999000e+03 -9.999000e+03 -9.999000e+03 -9.999000e+03 -9.999000e+03 -9.999000e+03 -9.999000e+03 -9.999000e+03 -9.999000e+03 -9.999000e+03 -9.999000e+03 -9.999000e+03 -9.999000e+03 3.055789e-01 5.734810e-01 8.919931e-01 1.655199e+00 7.977078e-01 1.479754e+00 1.471013e+00 1.535133e+00 4.803484e+00 2.321193e+00 2.490278e+00 2.810516e+00 3.037325e+00 3.136307e+00 3.192929e+00 3.300134e+00 3.312761e+00 3.467899e+00 3.521716e+00 3.465401e+00 3.418445e+00 3.461943e+00 3.682918e+00 3.984224e+00 4.092462e+00 4.046015e+00 4.035195e+00 4.079479e+00 4.162114e+00 4.234646e+00 4.281807e+00 4.314468e+00 4.351991e+00 4.439999e+00 4.565620e+00 4.679124e+00 4.799733e+00 4.982423e+00
-9.999000e+03 -9.999000e+03 -9.999000e+03 -9.999000e+03 -9.999000e+03 -9.999000e+03 -9.999000e+03 -9.999000e+03 -9.999000e+03 -9.999000e+03 -9.999000e+03 -9.999000e+03 -9.999000e+03 -9.999000e+03 3.645152e-01 6.812615e-01 1.059224e+00 1.031887e+00 9.840204e-01 1.965783e+00 1.620400e+00 2.475906e+00 2.333052e+00 2.569980e+00 2.876889e+00 3.159456e+00 3.323067e+00 3.371589e+00 3.396885e+00 3.426479e+00 3.452166e+00 3.519170e+00 3.504585e+00 3.235943e+00 3.181758e+00 3.330637e+00 3.655208e+00 3.939015e+00 3.989121e+00 3.960891e+00 4.015047e+00 4.093014e+00 4.159197e+00 4.214877e+00 4.274610e+00 4.346263e+00 4.439618e+00 4.576601e+00 4.742947e+00 4.923536e+00 5.110672e+00 5.265149e+00
-9.999000e+03 -9.999000e+03 -9.999000e+03 -9.999000e+03 -9.999000e+03 -9.999000e+03 -9.999000e+03 -9.999000e+03 -9.999000e+03 -9.999000e+03 -9.999000e+03 -9.999000e+03 1.391399e+00 1.037934e+00 8.167257e-01 1.152749e+00 1.083181e+00 2.739910e-01 1.289590e+00 1.465709e+00 2.050769e+00 4.150182e+00 2.143032e+00 2.391015e+00 2.623298e+00 2.833301e+00 2.970692e+00 3.040171e+00 3.139123e+00 3.237157e+00 3.297410e+00 3.353083e+00 3.282055e+00 3.094541e+00 3.098830e+00 3.277696e+00 3.651451e+00 3.871964e+00 3.916894e+00 3.943619e+00 4.006056e+00 4.051677e+00 4.089458e+00 4.151902e+00 4.266999e+00 4.429202e+00 4.619395e+00 4.802659e+00 4.969286e+00 5.169015e+00 5.367389e+00 5.467384e+00
-9.999000e+03 -9.999000e+03 -9.999000e+03 -9.999000e+03 -9.999000e+03 -9.999000e+03 -9.999000e+03 -9.999000e+03 -9.999000e+03 -9.999000e+03 -9.999000e+03 -9.999000e+03 -9.999000e+03 1.313798e+00 1.008835e+00 9.848098e-01 4.368074e-01 9.195028e-01 1.211945e+00 1.581674e+00 3.924950e+00 2.006832e+00 1.936869e+00 6.662306e+00 6.777547e+00 2.143732e+00 2.214825e+00 2.270377e+00 2.506187e+00 2.824189e+00 3.056796e+00 3.118676e+00 2.981899e+00 2.802928e+00 2.932966e+00 3.429444e+00 3.814911e+00 3.962543e+00 3.907029e+00 3.976915e+00 3.985047e+00 3.948424e+00 3.954412e+00 4.051347e+00 4.266661e+00 4.574529e+00 4.897536e+00 5.112082e+00 5.230778e+00 5.397526e+00 5.560817e+00 5.611231e+00
-9.999000e+03 -9.999000e+03 -9.999000e+03 -9.999000e+03 -9.999000e+03 -9.999000e+03 -9.999000e+03 -9.999000e+03 -9.999000e+03 -9.999000e+03 -9.999000e+03 -9.999000e+03 -9.999000e+03 -9.999000e+03 -9.999000e+03 6.945394e-01 2.509273e-01 9.916754e-01 1.175689e+00 3.553095e+00 1.847870e+00 2.762477e+00 6.531905e+00 2.215211e+00 2.383591e+00 7.407561e+00 2.195573e+00 2.031940e+00 2.122510e+00 2.420287e+00 2.627603e+00 2.650015e+00 2.577967e+00 2.526451e+00 2.760601e+00 3.327319e+00 3.616310e+00 3.614561e+00 3.709512e+00 3.885388e+00 3.864231e+00 3.933338e+00 4.049570e+00 4.229156e+00 4.492326e+00 4.830912e+00 5.147478e+00 5.314589e+00 5.389642e+00 5.539308e+00 5.657540e+00 5.628875e+00
-9.999000e+03 -9.999000e+03 -9.999000e+03 -9.999000e+03 -9.999000e+03 -9.999000e+03 -9.999000e+03 -9.999000e+03 -9.999000e+03 -9.999000e+03 -9.999000e+03 -9.999000e+03 -9.999000e+03 -9.999000e+03 -9.999000e+03 -9.999000e+03 8.064216e-01 9.860129e-01 3.332633e+00 3.307470e+00 5.912617e+00 5.876550e+00 1.979287e+00 2.192339e+00 2.459595e+00 2.772259e+00 7.968351e+00 7.330132e+00 7.202628e+00 7.633877e+00 2.275031e+00 2.188171e+00 2.233971e+00 2.302706e+00 2.529687e+00 2.987837e+00 3.161973e+00 3.100990e+00 3.240843e+00 3.603187e+00 3.944145e+00 4.228745e+00 4.402135e+00 4.680708e+00 4.927721e+00 5.174658e+00 5.351770e+00 5.410795e+00 5.454113e+00 5.594391e+00 5.649180e+00 5.504402e+00
-9.999000e+03 -9.999000e+03 -9.999000e+03 -9.999000e+03 -9.999000e+03 -9.999000e+03 -9.999000e+03 -9.999000e+03 -9.999000e+03 -9.999000e+03 -9.999000e+03 -9.999000e+03 -9.999000e+03 -9.999000e+03 -9.999000e+03 -9.999000e+03 1.651896e+00 8.142396e+00 4.421515e+00 5.128955e+00 1.916679e+00 1.877737e+00 1.987818e+00 2.255195e+00 2.520679e+00 2.783099e+00 2.830179e+00 2.644769e+00 2.677289e+00 2.961011e+00 8.239355e+00 2.648359e+00 2.140431e+00 1.989787e+00 2.089114e+00 2.854007e+00 8.666662e+00 8.923108e+00 9.312991e+00 9.874979e+00 3.561345e+00 3.503379e+00 3.695199e+00 4.003114e+00 4.373617e+00 4.598027e+00 4.853358e+00 5.024197e+00 5.212288e+00 5.392809e+00 5.352885e+00 5.089767e+00
-9.999000e+03 -9.999000e+03 -9.999000e+03 -9.999000e+03 -9.999000e+03 -9.999000e+03 -9.999000e+03 -9.999000e+03 -9.999000e+03 -9.999000e+03 -9.999000e+03 -9.999000e+03 -9.999000e+03 -9.999000e+03 -9.999000e+03 1.071862e+00 9.551088e+00 1.727493e+00 1.593726e+00 1.837242e+00 1.996997e+00 2.072829e+00 2.210086e+00 2.454255e+00 2.627187e+00 2.742525e+00 2.850376e+00 2.879953e+00 3.000909e+00 3.280844e+00 3.296906e+00 8.292943e+00 7.512143e+00 6.569455e+00 6.467945e+00 7.103123e+00 2.764046e+00 3.331401e+00 3.900433e+00 4.588891e+00 1.017853e+01 9.022005e+00 7.888933e+00 7.225051e+00 2.866355e+00 3.440242e+00 3.924191e+00 4.243470e+00 4.713324e+00 4.932119e+00 4.747014e+00 4.380219e+00
-9.999000e+03 -9.999000e+03 -9.999000e+03 -9.999000e+03 -9.999000e+03 -9.999000e+03 -9.999000e+03 -9.999000e+03 -9.999000e+03 -9.999000e+03 -9.999000e+03 -9.999000e+03 -9.999000e+03 -9.999000e+03 9.245030e-01 2.857359e+00 2.112321e+00 1.743130e+00 1.669521e+00 1.746573e+00 2.012627e+00 2.203567e+00 2.435114e+00 2.646795e+00 2.759912e+00 2.732141e+00 2.907246e+00 3.074979e+00 3.269136e+00 3.567833e+00 3.489522e+00 3.141674e+00 2.773792e+00 2.400141e+00 2.263548e+00 2.132746e+00 2.477066e+00 2.956643e+00 4.105072e+00 4.750849e+00 5.298686e+00 5.261070e+00 4.947883e+00 4.369199e+00 4.597678e+00 4.731553e+00 4.938699e+00 3.257143e+00 3.615227e+00 3.771653e+00 3.516825e+00 3.312468e+00
-9.999000e+03 -9.999000e+03 -9.999000e+03 -9.999000e+03 -9.999000e+03 -9.999000e+03 -9.999000e+03 -9.999000e+03 -9.999000e+03 -9.999000e+03 -9.999000e+03 -9.999000e+03 -9.999000e+03 -9.999000e+03 2.028170e+00 4.414916e+00 1.938628e+00 1.958582e+00 1.641955e+00 1.623550e+00 1.669936e+00 2.135023e+00 2.455448e+00 2.598241e+00 2.723490e+00 2.685682e+00 2.859170e+00 3.290495e+00 3.562332e+00 3.658135e+00 3.532142e+00 3.217373e+00 3.026725e+00 2.418380e+00 2.541442e+00 2.706163e+00 2.842750e+00 3.063854e+00 3.360750e+00 4.493994e+00 4.925265e+00 5.414284e+00 5.625148e+00 4.617864e+00 4.489287e+00 4.263960e+00 3.977613e+00 4.455143e+00 5.289821e+00 5.293236e+00 2.814939e+00 2.164133e+00
-9.999000e+03 -9.999000e+03 -9.999000e+03 -9.999000e+03 -9.999000e+03 -9.999000e+03 -9.999000e+03 -9.999000e+03 -9.999000e+03 -9.999000e+03 -9.999000e+03 -9.999000e+03 -9.999000e+03 1.449317e+00 6.478566e+00 1.835417e+00 1.969410e+00 1.818382e+00 1.815180e+00 1.764903e+00 2.015312e+00 2.132817e+00 2.277827e+00 2.481891e+00 2.652970e+00 2.721206e+00 2.937755e+00 3.398560e+00 3.682813e+00 3.762411e+00 3.684438e+00 3.508686e+00 2.826670e+00 2.873275e+00 2.988968e+00 3.130270e+00 3.208058e+00 3.319987e+00 3.509977e+00 3.774120e+00 4.082622e+00 4.389605e+00 4.672995e+00 5.034493e+00 5.149740e+00 5.151661e+00 6.570457e+00 6.386889e+00 5.745487e+00 4.595429e+00 3.475781e+00 3.663323e+00
-9.999000e+03 -9.999000e+03 -9.999000e+03 -9.999000e+03 -9.999000e+03 -9.999000e+03 -9.999000e+03 -9.999000e+03 -9.999000e+03 -9.999000e+03 -9.999000e+03 -9.999000e+03 8.940103e-01 2.196795e+00 1.631217e+00 1.649369e+00 1.728095e+00 1.838350e+00 1.873277e+00 1.862989e+00 2.172979e+00 2.146333e+00 2.186930e+00 2.297940e+00 2.462399e+00 2.635661e+00 2.927229e+00 3.390528e+00 3.667787e+00 3.768312e+00 3.819703e+00 3.129124e+00 3.206943e+00 3.180466e+00 3.092146e+00 3.145955e+00 3.256352e+00 3.407635e+00 3.650166e+00 3.937875e+00 4.240771e+00 4.465234e+00 4.564662e+00 4.630139e+00 6.059464e+00 6.374694e+00 6.517419e+00 6.657283e+00 6.424624e+00 5.631607e+00 4.777466e+00 3.883616e+00
-9.999000e+03 -9.999000e+03 -9.999000e+03 -9.999000e+03 -9.999000e+03 -9.999000e+03 -9.999000e+03 -9.999000e+03 -9.999000e+03 -9.999000e+03 -9.999000e+03 -9.999000e+03 1.726425e+00 2.170114e+00 1.651658e+00 1.714133e+00 1.765925e+00 1.872309e+00 1.934141e+00 2.266548e+00 2.291216e+00 2.205130e+00 2.186086e+00 2.231485e+00 2.357636e+00 2.541292e+00 2.805344e+00 3.194540e+00 3.409388e+00 3.482914e+00 3.606752e+00 3.081928e+00 3.192176e+00 3.166854e+00 3.017066e+00 2.995146e+00 3.073329e+00 3.189675e+00 3.411322e+00 3.685578e+00 4.009917e+00 4.302492e+00 4.375607e+00 5.488102e+00 5.594294e+00 5.819646e+00 6.055119e+00 6.461828e+00 6.347450e+00 5.826802e+00 5.349015e+00 4.790836e+00
-9.999000e+03 -9.999000e+03 -9.999000e+03 -9.999000e+03 -9.999000e+03 -9.999000e+03 -9.999000e+03 -9.999000e+03 -9.999000e+03 -9.999000e+03 -9.999000e+03 1.093995e+00 3.932243e+00 1.452085e+00 1.541263e+00 1.719960e+00 1.798164e+00 1.909469e+00 1.983738e+00 2.386771e+00 2.370846e+00 2.288800e+00 2.270174e+00 2.293464e+00 2.370181e+00 2.507720e+00 2.662143e+00 2.881299e+00 2.958488e+00 2.934674e+00 3.040944e+00 2.643794e+00 2.744685e+00 2.840819e+00 2.775434e+00 3.248073e+00 3.250750e+00 3.271320e+00 3.381949e+00 3.018653e+00 3.370478e+00 3.887193e+00 4.969745e+00 4.958482e+00 5.051907e+00 5.301918e+00 5.597730e+00 5.777486e+00 5.683769e+00 5.448084e+00 5.223452e+00 5.107556e+00
-9.999000e+03 -9.999000e+03 -9.999000e+03 -9.999000e+03 -9.999000e+03 -9.999000e+03 -9.999000e+03 -9.999000e+03 -9.999000e+03 -9.999000e+03 6.546274e-01 1.273366e+00 1.037301e+00 1.114381e+00 1.323021e+00 1.545684e+00 1.703221e+00 1.867990e+00 2.308123e+00 2.354446e+00 2.350037e+00 2.282223e+00 2.266499e+00 2.285500e+00 2.346309e+00 2.487959e+00 2.576339e+00 2.628960e+00 2.573832e+00 2.454562e+00 2.506173e+00 2.171121e+00 2.256336e+00 2.549766e+00 3.080747e+00 2.797528e+00 2.546684e+00 2.445310e+00 2.449509e+00 2.475648e+00 2.834428e+00 3.666503e+00 4.141555e+00 4.170234e+00 4.334965e+00 4.896751e+00 5.137933e+00 5.263868e+00 5.214986e+00 4.860992e+00 4.844561e+00 1.079000e+01
-9.999000e+03 -9.999000e+03 -9.999000e+03 -9.999000e+03 -9.999000e+03 -9.999000e+03 -9.999000e+03 -9.999000e+03 -9.999000e+03 -9.999000e+03 8.479198e-01 1.158519e+00 1.041932e+00 1.020335e+00 1.034383e+00 1.212038e+00 1.461753e+00 1.965739e+00 2.162753e+00 2.235737e+00 2.264176e+00 2.221729e+00 2.203360e+00 2.231182e+00 2.289360e+00 2.417057e+00 2.461957e+00 2.417328e+00 2.281759e+00 2.074358e+00 2.030859e+00 1.736659e+00 1.862175e+00 2.589919e+00 2.727117e+00 2.360269e+00 1.961783e+00 1.873442e+00 1.926235e+00 2.120969e+00 2.644872e+00 3.438487e+00 3.764656e+00 3.660111e+00 3.649961e+00 4.151650e+00 4.423130e+00 4.850108e+00 4.882688e+00 4.690652e+00 9.965777e+00 5.069380e+00
-9.999000e+03 -9.999000e+03 -9.999000e+03 -9.999000e+03 -9.999000e+03 -9.999000e+03 -9.999000e+03 -9.999000e+03 -9.999000e+03 5.699575e-01 2.641771e+00 7.703881e-01 8.677212e-01 9.494061e-01 9.278217e-01 1.049420e+00 1.440179e+00 1.731951e+00 1.951670e+00 2.071585e+00 2.146684e+00 2.155265e+00 2.179272e+00 2.262885e+00 2.306151e+00 2.321085e+00 2.289880e+00 2.202511e+00 2.019666e+00 1.730681e+00 1.659769e+00 1.766854e+00 1.999996e+00 2.318663e+00 2.465268e+00 2.292685e+00 2.245142e+00 2.171906e+00 2.342215e+00 2.831781e+00 3.480570e+00 4.068709e+00 4.179279e+00 3.891748e+00 3.675057e+00 3.373125e+00 3.536626e+00 4.140131e+00 4.723916e+00 1.064001e+01 4.738103e+00 4.688534e+00
-9.999000e+03 -9.999000e+03 -9.999000e+03 -9.999000e+03 -9.999000e+03 -9.999000e+03 -9.999000e+03 -9.999000e+03 -9.999000e+03 1.348580e+00 1.132159e+00 8.512067e-01 8.465548e-01 8.915921e-01 9.618610e-01 1.149367e+00 1.299800e+00 1.485625e+00 1.711708e+00 1.911766e+00 2.035225e+00 2.094599e+00 2.183518e+00 2.337183e+00 2.348176e+00 2.209127e+00 2.115030e+00 2.046001e+00 1.847718e+00 1.504925e+00 1.507525e+00 1.682738e+00 2.063533e+00 2.563407e+00 2.741436e+00 2.753416e+00 2.877405e+00 2.753957e+00 2.959549e+00 3.507641e+00 3.980063e+00 4.283928e+00 4.264870e+00 3.960465e+00 3.819171e+00 3.552048e+00 3.560164e+00 3.563241e+00 1.066000e+01 4.628174e+00 4.549613e+00 4.396956e+00
-9.999000e+03 -9.999000e+03 -9.999000e+03 -9.999000e+03 -9.999000e+03 -9.999000e+03 -9.999000e+03 -9.999000e+03 1.224907e+00 2.898618e+00 1.075792e+00 9.812706e-01 8.448681e-01 9.009420e-01 1.015778e+00 1.193139e+00 1.233728e+00 1.288192e+00 1.500606e+00 1.791416e+00 1.981206e+00 2.088556e+00 2.230095e+00 2.417443e+00 2.405706e+00 2.181040e+00 2.069116e+00 2.053130e+00 1.892398e+00 1.587175e+00 1.535117e+00 1.952686e+00 2.432112e+00 2.964608e+00 3.189165e+00 3.203863e+00 3.125629e+00 2.998969e+00 3.176697e+00 3.696120e+00 3.995782e+00 4.013529e+00 3.891671e+00 3.664375e+00 3.662870e+00 3.914369e+00 3.968013e+00 1.066000e+01 3.954077e+00 4.049662e+00 4.142040e+00 4.198455e+00
-9.999000e+03 -9.999000e+03 -9.999000e+03 -9.999000e+03 -9.999000e+03 -9.999000e+03 -9.999000e+03 6.426060e-01 1.124062e+00 1.217616e+00 1.151082e+00 1.067147e+00 8.991050e-01 9.509584e-01 1.174118e+00 1.221204e+00 1.228082e+00 1.212612e+00 1.363264e+00 1.705691e+00 1.936315e+00 2.091934e+00 2.228503e+00 2.393044e+00 2.449582e+00 2.333703e+00 2.235419e+00 2.216639e+00 2.080704e+00 1.819981e+00 1.641092e+00 2.369532e+00 2.775897e+00 3.087585e+00 3.265791e+00 3.253268e+00 3.160120e+00 3.004802e+00 3.130775e+00 3.538534e+00 9.729935e+00 9.488530e+00 9.449493e+00 9.661900e+00 1.036198e+01 3.809888e+00 1.066000e+01 3.531065e+00 3.429272e+00 3.569271e+00 3.840208e+00 4.058203e+00
-9.999000e+03 -9.999000e+03 -9.999000e+03 -9.999000e+03 -9.999000e+03 -9.999000e+03 -9.999000e+03 5.324822e-01 9.505473e-01 1.011620e+00 1.104287e+00 1.100230e+00 1.026731e+00 1.030614e+00 1.216587e+00 1.232359e+00 1.262690e+00 1.113169e+00 1.252514e+00 1.567959e+00 2.025596e+00 2.153263e+00 2.215416e+00 2.264275e+00 2.365977e+00 2.439880e+00 2.430660e+00 2.405299e+00 2.290692e+00 2.076439e+00 2.015580e+00 2.507416e+00 2.866774e+00 6.413889e+00 7.018988e+00 7.453560e+00 7.749069e+00 7.999743e+00 8.412730e+00 9.086765e+00 3.534171e+00 3.609865e+00 3.663659e+00 3.788686e+00 3.820630e+00 1.066000e+01 3.618645e+00 3.358244e+00 3.225503e+00 3.265752e+00 3.526811e+00 3.127355e+00
-9.999000e+03 -9.999000e+03 -9.999000e+03 -9.999000e+03 -9.999000e+03 -9.999000e+03 -9.999000e+03 1.297797e+00 9.292182e-01 8.971593e-01 9.348414e-01 1.054297e+00 1.122503e+00 1.255928e+00 1.250829e+00 1.259840e+00 1.187694e+00 1.258338e+00 1.407557e+00 1.713496e+00 2.199992e+00 2.330480e+00 2.320330e+00 2.225762e+00 2.278634e+00 2.488456e+00 2.562978e+00 2.490362e+00 2.407227e+00 2.310004e+00 3.588958e+00 4.666054e+00 5.494014e+00 2.836004e+00 2.949625e+00 3.082541e+00 3.311790e+00 3.451729e+00 3.068623e+00 3.248041e+00 3.999042e+00 4.096197e+00 4.131660e+00 4.261983e+00 4.226389e+00 4.025475e+00 3.842121e+00 3.630580e+00 3.355208e+00 3.110953e+00 2.562451e+00 2.766739e+00
