tests/data/reference/test_stream_rill_mfda/mvel_m_s.asc
ncols	123
nrows	77
xllcorner	-713746.79929998
yllcorner	-1061022.36961616
cellsize	10.0
NODATA_value	-9999
[rows 46 to 68 of 77, columns 0 to 51 of 123]
-9.999000e+03 -9.999000e+03 -9.999000e+03 -9.999000e+03 -9.999000e+03 -9.999000e+03 1.089206e-01 2.467965e-02 2.449147e-02 2.522649e-02 2.539277e-02 2.701361e-02 2.816789e-02 2.823069e-02 2.810362e-02 2.783700e-02 2.811213e-02 2.862734e-02 2.996405e-02 3.257103e-02 3.877992e-02 4.003010e-02 4.030201e-02 3.961893e-02 4.005673e-02 4.196629e-02 4.245063e-02 4.123142e-02 4.078338e-02 4.122127e-02 4.146297e-02 4.158934e-02 4.201701e-02 4.303865e-02 4.368057e-02 4.548396e-02 4.152861e-02 4.308709e-02 4.423241e-02 4.519097e-02 5.292869e-02 5.478216e-02 5.487331e-02 5.521871e-02 5.490010e-02 5.370038e-02 5.263431e-02 4.977185e-02 4.812808e-02 3.971881e-02 3.873306e-02 3.921715e-02
-9.999000e+03 -9.999000e+03 -9.999000e+03 -9.999000e+03 -9.999000e+03 -9.999000e+03 1.569928e-02 2.526820e-02 2.614628e-02 2.740227e-02 2.768213e-02 2.865984e-02 2.967736e-02 3.005319e-02 3.003888e-02 2.920990e-02 2.805593e-02 2.744492e-02 2.852565e-02 3.486521e-02 3.741686e-02 3.906496e-02 4.005307e-02 4.017480e-02 4.090943e-02 4.250551e-02 4.276078e-02 4.151303e-02 4.135673e-02 4.245002e-02 4.272243e-02 4.239175e-02 4.307473e-02 3.828731e-02 3.951362e-02 4.066217e-02 4.193779e-02 4.330042e-02 4.431095e-02 4.525950e-02 5.491090e-02 5.598650e-02 5.658796e-02 5.700751e-02 5.675464e-02 5.560910e-02 4.493337e-02 4.417596e-02 4.327127e-02 4.171071e-02 4.016463e-02 3.949688e-02
-9.999000e+03 -9.999000e+03 -9.999000e+03 -9.999000e+03 -9.999000e+03 1.247973e-01 2.792811e-02 2.489777e-02 2.647105e-02 2.697208e-02 2.760353e-02 2.846816e-02 2.969336e-02 3.043197e-02 3.059636e-02 3.003597e-02 2.881461e-02 3.105677e-02 3.187934e-02 3.469666e-02 3.654433e-02 3.878944e-02 4.022422e-02 4.123211e-02 4.198455e-02 4.275255e-02 4.291464e-02 4.228671e-02 4.226119e-02 4.314637e-02 4.343596e-02 4.322924e-02 3.788959e-02 3.886394e-02 3.977514e-02 4.058498e-02 4.163168e-02 4.306336e-02 4.413583e-02 5.186661e-02 5.446829e-02 5.561907e-02 5.677826e-02 5.750416e-02 5.766236e-02 5.500902e-02 4.612279e-02 4.505658e-02 4.429162e-02 4.334339e-02 4.188426e-02 4.833234e-02
-9.999000e+03 -9.999000e+03 -9.999000e+03 -9.999000e+03 1.083123e-01 1.902574e-02 2.593411e-02 2.668695e-02 2.493909e-02 2.387597e-02 2.501910e-02 2.613023e-02 2.802448e-02 2.936639e-02 2.980723e-02 3.001732e-02 3.269702e-02 3.194046e-02 3.270696e-02 3.154217e-02 3.712285e-02 3.883628e-02 4.064326e-02 4.231349e-02 4.299809e-02 4.299666e-02 4.307509e-02 4.298026e-02 4.279755e-02 4.297175e-02 4.308252e-02 3.758818e-02 3.762541e-02 3.799235e-02 3.854825e-02 3.920284e-02 4.026448e-02 4.199342e-02 4.345246e-02 5.111658e-02 5.212361e-02 5.446937e-02 5.567776e-02 5.669328e-02 4.774258e-02 4.771781e-02 4.704011e-02 4.581477e-02 4.497714e-02 4.455252e-02 5.217825e-02 5.011538e-02
-9.999000e+03 -9.999000e+03 -9.999000e+03 -9.999000e+03 1.381037e-01 2.459586e-02 2.630854e-02 2.559193e-02 2.276173e-02 2.196718e-02 2.300636e-02 2.399885e-02 2.623649e-02 2.835942e-02 2.942199e-02 3.011592e-02 3.349649e-02 3.222670e-02 3.295571e-02 3.181796e-02 3.398024e-02 3.567573e-02 3.734411e-02 3.897877e-02 3.953910e-02 3.931349e-02 3.946036e-02 3.968461e-02 3.941810e-02 3.910646e-02 3.916326e-02 3.907840e-02 3.885307e-02 3.868437e-02 3.872188e-02 3.899527e-02 3.966398e-02 4.103999e-02 4.260148e-02 4.387515e-02 5.128552e-02 5.309686e-02 5.404831e-02 5.510969e-02 5.612946e-02 5.690308e-02 5.682778e-02 5.572362e-02 5.483024e-02 5.471889e-02 5.376335e-02 5.163574e-02
-9.999000e+03 -9.999000e+03 -9.999000e+03 1.005466e-01 1.610418e-02 2.265793e-02 2.313968e-02 2.175897e-02 2.069042e-02 2.112930e-02 2.202575e-02 2.286406e-02 2.458683e-02 2.731785e-02 2.910975e-02 3.309121e-02 3.350610e-02 3.240152e-02 2.944197e-02 3.183114e-02 3.491186e-02 3.740702e-02 3.914261e-02 4.074305e-02 4.152635e-02 4.151646e-02 4.175979e-02 4.216202e-02 4.198778e-02 4.148253e-02 4.136687e-02 4.134840e-02 4.117978e-02 4.080069e-02 4.033749e-02 4.006036e-02 4.001725e-02 4.051270e-02 4.182972e-02 4.338876e-02 5.058538e-02 5.175213e-02 5.220751e-02 5.303348e-02 5.413190e-02 5.534631e-02 5.593641e-02 5.560772e-02 5.517926e-02 5.525117e-02 5.454512e-02 5.269944e-02
-9.999000e+03 -9.999000e+03 -9.999000e+03 1.181163e-01 1.935382e-02 2.101928e-02 1.963230e-02 1.732601e-02 1.785484e-02 1.939819e-02 2.067797e-02 2.090438e-02 2.229129e-02 2.588661e-02 2.829092e-02 3.238034e-02 3.282371e-02 3.219507e-02 2.871702e-02 3.027692e-02 3.348490e-02 3.656493e-02 3.866446e-02 4.049106e-02 4.176819e-02 4.222505e-02 4.257886e-02 4.301390e-02 4.288760e-02 4.225541e-02 4.190473e-02 4.183133e-02 4.188065e-02 4.181473e-02 4.152268e-02 4.128437e-02 4.094369e-02 4.066507e-02 4.152891e-02 4.324124e-02 5.049900e-02 5.136066e-02 5.135026e-02 5.160561e-02 5.234096e-02 5.351167e-02 5.449205e-02 5.507833e-02 5.515321e-02 5.496571e-02 5.428326e-02 5.290734e-02
-9.999000e+03 -9.999000e+03 7.799061e-02 4.517961e-03 1.933846e-02 1.923869e-02 1.496849e-02 1.340434e-02 1.465820e-02 1.295398e-02 1.665753e-02 1.753012e-02 1.884134e-02 2.379316e-02 2.879305e-02 3.052002e-02 3.161765e-02 2.865638e-02 2.740714e-02 2.692693e-02 2.899416e-02 3.242603e-02 3.529128e-02 3.773746e-02 3.997332e-02 4.129442e-02 4.187871e-02 4.228668e-02 4.216976e-02 4.140575e-02 4.074006e-02 4.051351e-02 4.093560e-02 4.160755e-02 4.201523e-02 4.231094e-02 4.218528e-02 4.158236e-02 4.183027e-02 4.325835e-02 5.071228e-02 5.201644e-02 5.153282e-02 5.110569e-02 5.123923e-02 5.208374e-02 5.311963e-02 5.425802e-02 5.455538e-02 5.395661e-02 5.330577e-02 5.255152e-02
-9.999000e+03 -9.999000e+03 5.224602e-03 1.889603e-02 1.969315e-02 1.527426e-02 1.188629e-02 1.508332e-02 1.548418e-02 6.868295e-03 1.395522e-02 1.458761e-02 1.583489e-02 2.140477e-02 2.604831e-02 2.722331e-02 2.851589e-02 2.943454e-02 2.767081e-02 2.487309e-02 2.342589e-02 2.842556e-02 3.075465e-02 3.343171e-02 3.632212e-02 3.866944e-02 3.995837e-02 4.070568e-02 4.087519e-02 4.033840e-02 3.959185e-02 3.908668e-02 3.957535e-02 4.065142e-02 4.145643e-02 4.207261e-02 4.222336e-02 4.183608e-02 4.197897e-02 4.295639e-02 5.171623e-02 5.197578e-02 5.173287e-02 5.126802e-02 5.138433e-02 5.226790e-02 5.321823e-02 5.414645e-02 5.416019e-02 5.320025e-02 5.273410e-02 5.266626e-02
-9.999000e+03 6.501231e-02 6.386983e-03 1.918170e-02 1.810420e-02 9.355488e-03 1.660553e-02 1.697118e-02 -9.999000e+03 -9.999000e+03 -9.999000e+03 1.309557e-02 1.449602e-02 2.046892e-02 2.296054e-02 2.237965e-02 2.318086e-02 2.513663e-02 2.362026e-02 1.680466e-02 1.486213e-02 2.022900e-02 2.570855e-02 2.896719e-02 3.264907e-02 3.367876e-02 4.037456e-02 4.280578e-02 3.878756e-02 3.883690e-02 3.834182e-02 3.761818e-02 3.792430e-02 3.909440e-02 4.004175e-02 4.079229e-02 4.794696e-02 4.810062e-02 4.879681e-02 5.009839e-02 5.100195e-02 5.144988e-02 5.158498e-02 5.146888e-02 5.191730e-02 5.304582e-02 5.389638e-02 5.440210e-02 5.417426e-02 5.316917e-02 5.303822e-02 5.362464e-02
-9.999000e+03 8.008692e-02 1.580219e-02 1.798312e-02 1.426450e-02 1.471338e-02 -9.999000e+03 -9.999000e+03 -9.999000e+03 -9.999000e+03 -9.999000e+03 -9.999000e+03 1.566815e-02 1.838422e-02 1.971161e-02 2.040808e-02 2.163439e-02 2.318392e-02 2.143009e-02 1.483797e-02 1.280102e-02 1.323408e-02 1.710611e-02 2.154520e-02 2.652377e-02 3.098698e-02 3.486001e-02 3.788109e-02 3.991046e-02 4.100209e-02 4.117608e-02 3.587159e-02 3.628404e-02 3.769643e-02 3.885274e-02 4.513690e-02 4.672418e-02 4.670469e-02 4.775781e-02 4.971750e-02 5.088370e-02 5.125466e-02 5.142468e-02 5.146516e-02 5.212865e-02 5.348367e-02 5.435569e-02 5.465726e-02 5.438638e-02 5.352319e-02 5.386840e-02 5.523156e-02
1.013771e-01 4.817615e-03 1.827439e-02 1.450370e-02 8.676355e-03 1.906220e-02 -9.999000e+03 -9.999000e+03 -9.999000e+03 -9.999000e+03 -9.999000e+03 -9.999000e+03 -9.999000e+03 -9.999000e+03 -9.999000e+03 2.301603e-02 2.673954e-02 2.723361e-02 2.529759e-02 2.281386e-02 2.026120e-02 -9.999000e+03 -9.999000e+03 1.709490e-02 2.292537e-02 2.621152e-02 2.848472e-02 3.210630e-02 3.482894e-02 3.581491e-02 3.677976e-02 3.745005e-02 3.458557e-02 3.643130e-02 3.782047e-02 4.464580e-02 4.536413e-02 4.524948e-02 4.650309e-02 4.923084e-02 5.085045e-02 5.112655e-02 5.117175e-02 5.118188e-02 5.194457e-02 5.348142e-02 5.458607e-02 5.505660e-02 5.482810e-02 5.402710e-02 5.484373e-02 4.763796e-02
8.151158e-02 1.372691e-02 1.275436e-02 1.269831e-02 2.213978e-02 -9.999000e+03 -9.999000e+03 -9.999000e+03 -9.999000e+03 -9.999000e+03 -9.999000e+03 -9.999000e+03 -9.999000e+03 -9.999000e+03 -9.999000e+03 -9.999000e+03 -9.999000e+03 -9.999000e+03 -9.999000e+03 -9.999000e+03 -9.999000e+03 -9.999000e+03 -9.999000e+03 1.599022e-02 2.053039e-02 2.224430e-02 2.467032e-02 2.756786e-02 2.927018e-02 2.909655e-02 3.079965e-02 3.244884e-02 3.474293e-02 3.812333e-02 4.057397e-02 4.197039e-02 4.291145e-02 4.327365e-02 4.496142e-02 4.832224e-02 5.016975e-02 5.046880e-02 5.043586e-02 5.028493e-02 5.079662e-02 5.209023e-02 5.316762e-02 5.384722e-02 5.375819e-02 5.290898e-02 5.413947e-02 5.768029e-02
-9.999000e+03 1.964304e-02 1.837609e-02 2.462901e-02 -9.999000e+03 -9.999000e+03 -9.999000e+03 -9.999000e+03 -9.999000e+03 -9.999000e+03 -9.999000e+03 -9.999000e+03 -9.999000e+03 -9.999000e+03 -9.999000e+03 -9.999000e+03 -9.999000e+03 -9.999000e+03 -9.999000e+03 -9.999000e+03 -9.999000e+03 -9.999000e+03 -9.999000e+03 -9.999000e+03 -9.999000e+03 -9.999000e+03 2.538329e-02 2.975516e-02 2.627712e-02 2.330529e-02 2.288224e-02 2.537754e-02 2.902594e-02 3.361082e-02 3.591059e-02 3.711481e-02 3.901920e-02 4.067150e-02 4.351220e-02 4.626567e-02 4.833544e-02 4.893100e-02 4.935973e-02 4.919176e-02 4.933040e-02 4.997017e-02 5.048891e-02 5.096230e-02 5.106791e-02 5.049783e-02 5.227733e-02 5.704472e-02
-9.999000e+03 -9.999000e+03 -9.999000e+03 -9.999000e+03 -9.999000e+03 -9.999000e+03 -9.999000e+03 -9.999000e+03 -9.999000e+03 -9.999000e+03 -9.999000e+03 -9.999000e+03 -9.999000e+03 -9.999000e+03 -9.999000e+03 -9.999000e+03 -9.999000e+03 -9.999000e+03 -9.999000e+03 -9.999000e+03 -9.999000e+03 -9.999000e+03 -9.999000e+03 -9.999000e+03 -9.999000e+03 -9.999000e+03 -9.999000e+03 -9.999000e+03 2.731782e-02 2.278753e-02 2.087835e-02 2.254489e-02 2.632484e-02 3.102017e-02 3.245782e-02 3.140862e-02 3.231338e-02 3.920937e-02 3.825040e-02 4.155867e-02 4.406427e-02 4.640303e-02 4.740269e-02 4.800694e-02 4.836727e-02 4.855209e-02 4.862847e-02 4.820351e-02 4.839691e-02 4.881867e-02 5.120102e-02 5.597627e-02
-9.999000e+03 -9.999000e+03 -9.999000e+03 -9.999000e+03 -9.999000e+03 -9.999000e+03 -9.999000e+03 -9.999000e+03 -9.999000e+03 -9.999000e+03 -9.999000e+03 -9.999000e+03 -9.999000e+03 -9.999000e+03 -9.999000e+03 -9.999000e+03 -9.999000e+03 -9.999000e+03 -9.999000e+03 -9.999000e+03 -9.999000e+03 -9.999000e+03 -9.999000e+03 -9.999000e+03 -9.999000e+03 -9.999000e+03 -9.999000e+03 -9.999000e+03 -9.999000e+03 2.397346e-02 2.393993e-02 3.099073e-02 3.275630e-02 3.771692e-02 3.949046e-02 3.676188e-02 3.578905e-02 3.376531e-02 3.587593e-02 3.750086e-02 3.837983e-02 4.162807e-02 4.322611e-02 4.510018e-02 4.586256e-02 4.733854e-02 4.684694e-02 4.530925e-02 4.561974e-02 4.761119e-02 5.039814e-02 5.384766e-02
-9.999000e+03 -9.999000e+03 -9.999000e+03 -9.999000e+03 -9.999000e+03 -9.999000e+03 -9.999000e+03 -9.999000e+03 -9.999000e+03 -9.999000e+03 -9.999000e+03 -9.999000e+03 -9.999000e+03 -9.999000e+03 -9.999000e+03 -9.999000e+03 -9.999000e+03 -9.999000e+03 -9.999000e+03 -9.999000e+03 -9.999000e+03 -9.999000e+03 -9.999000e+03 -9.999000e+03 -9.999000e+03 -9.999000e+03 -9.999000e+03 -9.999000e+03 -9.999000e+03 -9.999000e+03 2.855064e-02 -9.999000e+03 -9.999000e+03 -9.999000e+03 -9.999000e+03 -9.999000e+03 -9.999000e+03 -9.999000e+03 3.865669e-02 4.402764e-02 4.438861e-02 3.635286e-02 3.742168e-02 3.959691e-02 4.064124e-02 4.254595e-02 4.189654e-02 3.970238e-02 4.038341e-02 4.408398e-02 4.648527e-02 4.880524e-02
-9.999000e+03 -9.999000e+03 -9.999000e+03 -9.999000e+03 -9.999000e+03 -9.999000e+03 -9.999000e+03 -9.999000e+03 -9.999000e+03 -9.999000e+03 -9.999000e+03 -9.999000e+03 -9.999000e+03 -9.999000e+03 -9.999000e+03 -9.999000e+03 -9.999000e+03 -9.999000e+03 -9.999000e+03 -9.999000e+03 -9.999000e+03 -9.999000e+03 -9.999000e+03 -9.999000e+03 -9.999000e+03 -9.999000e+03 -9.999000e+03 -9.999000e+03 -9.999000e+03 -9.999000e+03 -9.999000e+03 -9.999000e+03 -9.999000e+03 -9.999000e+03 -9.999000e+03 -9.999000e+03 -9.999000e+03 -9.999000e+03 -9.999000e+03 -9.999000e+03 -9.999000e+03 3.915716e-02 4.339494e-02 4.671449e-02 4.170126e-02 4.020792e-02 3.904245e-02 3.665530e-02 3.781567e-02 4.204424e-02 4.360541e-02 4.302961e-02
-9.999000e+03 -9.999000e+03 -9.999000e+03 -9.999000e+03 -9.999000e+03 -9.999000e+03 -9.999000e+03 -9.999000e+03 -9.999000e+03 -9.999000e+03 -9.999000e+03 -9.999000e+03 -9.999000e+03 -9.999000e+03 -9.999000e+03 -9.999000e+03 -9.999000e+03 -9.999000e+03 -9.999000e+03 -9.999000e+03 -9.999000e+03 -9.999000e+03 -9.999000e+03 -9.999000e+03 -9.999000e+03 -9.999000e+03 -9.999000e+03 -9.999000e+03 -9.999000e+03 -9.999000e+03 -9.999000e+03 -9.999000e+03 -9.999000e+03 -9.999000e+03 -9.999000e+03 -9.999000e+03 -9.999000e+03 -9.999000e+03 -9.999000e+03 -9.999000e+03 -9.999000e+03 -9.999000e+03 -9.999000e+03 -9.999000e+03 4.794822e-02 5.149516e-02 5.074510e-02 4.844888e-02 4.904468e-02 5.330472e-02 4.675803e-02 4.338824e-02
-9.999000e+03 -9.999000e+03 -9.999000e+03 -9.999000e+03 -9.999000e+03 -9.999000e+03 -9.999000e+03 -9.999000e+03 -9.999000e+03 -9.999000e+03 -9.999000e+03 -9.999000e+03 -9.999000e+03 -9.999000e+03 -9.999000e+03 -9.999000e+03 -9.999000e+03 -9.999000e+03 -9.999000e+03 -9.999000e+03 -9.999000e+03 -9.999000e+03 -9.999000e+03 -9.999000e+03 -9.999000e+03 -9.999000e+03 -9.999000e+03 -9.999000e+03 -9.999000e+03 -9.999000e+03 -9.999000e+03 -9.999000e+03 -9.999000e+03 -9.999000e+03 -9.999000e+03 -9.999000e+03 -9.999000e+03 -9.999000e+03 -9.999000e+03 -9.999000e+03 -9.999000e+03 -9.999000e+03 -9.999000e+03 -9.999000e+03 -9.999000e+03 -9.999000e+03 -9.999000e+03 -9.999000e+03 -9.999000e+03 -9.999000e+03 5.084393e-02 4.498648e-02
-9.999000e+03 -9.999000e+03 -9.999000e+03 -9.999000e+03 -9.999000e+03 -9.999000e+03 -9.999000e+03 -9.999000e+03 -9.999000e+03 -9.999000e+03 -9.999000e+03 -9.999000e+03 -9.999000e+03 -9.999000e+03 -9.999000e+03 -9.999000e+03 -9.999000e+03 -9.999000e+03 -9.999000e+03 -9.999000e+03 -9.999000e+03 -9.999000e+03 -9.999000e+03 -9.999000e+03 -9.999000e+03 -9.999000e+03 -9.999000e+03 -9.999000e+03 -9.999000e+03 -9.999000e+03 -9.999000e+03 -9.999000e+03 -9.999000e+03 -9.999000e+03 -9.999000e+03 -9.999000e+03 -9.999000e+03 -9.999000e+03 -9.999000e+03 -9.999000e+03 -9.999000e+03 -9.999000e+03 -9.999000e+03 -9.999000e+03 -9.999000e+03 -9.999000e+03 -9.999000e+03 -9.999000e+03 -9.999000e+03 -9.999000e+03 -9.999000e+03 4.406735e-02
-9.999000e+03 -9.999000e+03 -9.999000e+03 -9.999000e+03 -9.999000e+03 -9.999000e+03 -9.999000e+03 -9.999000e+03 -9.999000e+03 -9.999000e+03 -9.999000e+03 -9.999000e+03 -9.999000e+03 -9.999000e+03 -9.999000e+03 -9.999000e+03 -9.999000e+03 -9.999000e+03 -9.999000e+03 -9.999000e+03 -9.999000e+03 -9.999000e+03 -9.999000e+03 -9.999000e+03 -9.999000e+03 -9.999000e+03 -9.999000e+03 -9.999000e+03 -9.999000e+03 -9.999000e+03 -9.999000e+03 -9.999000e+03 -9.999000e+03 -9.999000e+03 -9.999000e+03 -9.999000e+03 -9.999000e+03 -9.999000e+03 -9.999000e+03 -9.999000e+03 -9.999000e+03 -9.999000e+03 -9.999000e+03 -9.999000e+03 -9.999000e+03 -9.999000e+03 -9.999000e+03 -9.999000e+03 -9.999000e+03 -9.999000e+03 -9.999000e+03 -9.999000e+03
-9.999000e+03 -9.999000e+03 -9.999000e+03 -9.999000e+03 -9.999000e+03 -9.999000e+03 -9.999000e+03 -9.999000e+03 -9.999000e+03 -9.999000e+03 -9.999000e+03 -9.999000e+03 -9.999000e+03 -9.999000e+03 -9.999000e+03 -9.999000e+03 -9.999000e+03 -9.999000e+03 -9.999000e+03 -9.999000e+03 -9.999000e+03 -9.999000e+03 -9.999000e+03 -9.999000e+03 -9.999000e+03 -9.999000e+03 -9.999000e+03 -9.999000e+03 -9.999000e+03 -9.999000e+03 -9.999000e+03 -9.999000e+03 -9.999000e+03 -9.999000e+03 -9.999000e+03 -9.999000e+03 -9.999000e+03 -9.999000e+03 -9.999000e+03 -9.999000e+03 -9.999000e+03 -9.999000e+03 -9.999000e+03 -9.999000e+03 -9.999000e+03 -9.999000e+03 -9.999000e+03 -9.999000e+03 -9.999000e+03 -9.999000e+03 -9.999000e+03 -9.999000e+03
