tests/data/reference/test_stream_rill_mfda/mvel_m_s.asc
ncols	123
nrows	77
xllcorner	-713746.79929998
yllcorner	-1061022.36961616
cellsize	10.0
NODATA_value	-9999
[rows 23 to 45 of 77, columns 0 to 51 of 123]
-9.999000e+03 -9.999000e+03 -9.999000e+03 -9.999000e+03 -9.999000e+03 -9.999000e+03 -9.999000e+03 -9.999000e+03 -9.999000e+03 -9.999000e+03 -9.999000e+03 -9.999000e+03 -9.999000e+03 -9.999000e+03 1.716930e-02 1.851434e-02 1.990402e-02 2.099838e-02 1.952289e-02 7.822316e-03 7.858453e-03 1.651087e-01 1.037436e-02 3.375537e-02 3.294691e-02 3.434338e-02 3.623231e-02 3.785766e-02 4.131424e-02 4.244343e-02 4.354780e-02 4.460561e-02 4.511171e-02 4.511153e-02 4.498304e-02 4.482446e-02 4.531906e-02 4.665216e-02 4.750014e-02 4.758803e-02 4.761322e-02 4.792011e-02 4.852080e-02 4.893096e-02 4.900892e-02 4.892652e-02 4.886911e-02 4.912545e-02 4.964361e-02 5.008534e-02 5.037911e-02 5.083741e-02
-9.999000e+03 -9.999000e+03 -9.999000e+03 -9.999000e+03 -9.999000e+03 -9.999000e+03 -9.999000e+03 -9.999000e+03 -9.999000e+03 -9.999000e+03 -9.999000e+03 -9.999000e+03 -9.999000e+03 -9.999000e+03 9.179708e-03 1.575931e-02 2.105829e-02 2.900119e-02 1.881793e-02 2.643258e-02 1.629362e-01 1.660694e-01 5.669183e-02 3.379532e-02 3.511134e-02 3.749188e-02 3.909994e-02 3.978354e-02 4.016991e-02 4.089248e-02 4.358217e-02 4.444463e-02 4.473832e-02 4.443093e-02 4.417229e-02 4.441196e-02 4.560198e-02 4.715628e-02 4.769698e-02 4.746604e-02 4.741201e-02 4.763259e-02 4.804029e-02 4.839405e-02 4.862208e-02 4.877909e-02 4.895858e-02 4.937583e-02 4.996266e-02 5.048435e-02 5.103018e-02 5.184099e-02
-9.999000e+03 -9.999000e+03 -9.999000e+03 -9.999000e+03 -9.999000e+03 -9.999000e+03 -9.999000e+03 -9.999000e+03 -9.999000e+03 -9.999000e+03 -9.999000e+03 -9.999000e+03 -9.999000e+03 -9.999000e+03 1.319061e-02 1.642591e-02 2.176620e-02 2.168089e-02 2.112625e-02 9.993616e-03 1.701251e-01 3.500117e-02 3.388908e-02 3.571687e-02 3.796872e-02 3.994191e-02 4.104558e-02 4.136780e-02 4.153490e-02 4.172963e-02 4.189799e-02 4.233431e-02 4.223968e-02 4.314601e-02 4.283457e-02 4.368279e-02 4.545518e-02 4.692777e-02 4.718094e-02 4.703854e-02 4.731117e-02 4.769971e-02 4.802598e-02 4.829800e-02 4.858738e-02 4.893124e-02 4.937404e-02 5.001348e-02 5.077427e-02 5.158169e-02 5.239920e-02 5.306010e-02
-9.999000e+03 -9.999000e+03 -9.999000e+03 -9.999000e+03 -9.999000e+03 -9.999000e+03 -9.999000e+03 -9.999000e+03 -9.999000e+03 -9.999000e+03 -9.999000e+03 -9.999000e+03 2.540088e-02 2.121628e-02 1.887024e-02 2.246887e-02 2.215102e-02 1.040761e-02 7.888778e-03 1.626736e-01 1.027457e-02 5.248449e-02 3.235835e-02 3.434411e-02 3.611696e-02 3.765618e-02 3.863370e-02 3.911975e-02 3.980284e-02 4.046941e-02 4.087427e-02 4.124517e-02 4.077144e-02 3.949638e-02 3.952595e-02 4.338385e-02 4.543523e-02 4.658588e-02 4.681537e-02 4.695111e-02 4.726606e-02 4.749428e-02 4.768209e-02 4.799017e-02 4.855065e-02 4.932492e-02 5.021081e-02 5.104332e-02 5.178331e-02 5.265025e-02 5.349088e-02 5.390728e-02
-9.999000e+03 -9.999000e+03 -9.999000e+03 -9.999000e+03 -9.999000e+03 -9.999000e+03 -9.999000e+03 -9.999000e+03 -9.999000e+03 -9.999000e+03 -9.999000e+03 -9.999000e+03 -9.999000e+03 2.460537e-02 2.145311e-02 2.094921e-02 1.348510e-02 6.529144e-03 1.494292e-01 8.842317e-03 5.088336e-02 3.134011e-02 3.062292e-02 7.601863e-02 7.655061e-02 3.236410e-02 3.294398e-02 3.339097e-02 3.523294e-02 3.759055e-02 3.923525e-02 3.966254e-02 3.871246e-02 3.743703e-02 3.836749e-02 4.174909e-02 4.421354e-02 4.512503e-02 4.676512e-02 4.711945e-02 4.716042e-02 4.697546e-02 4.700578e-02 4.749264e-02 4.854902e-02 5.000389e-02 5.146659e-02 5.240529e-02 5.291410e-02 5.361689e-02 5.429207e-02 5.449801e-02
-9.999000e+03 -9.999000e+03 -9.999000e+03 -9.999000e+03 -9.999000e+03 -9.999000e+03 -9.999000e+03 -9.999000e+03 -9.999000e+03 -9.999000e+03 -9.999000e+03 -9.999000e+03 -9.999000e+03 -9.999000e+03 -9.999000e+03 1.743246e-02 3.155168e-03 1.368054e-01 1.474141e-01 4.812053e-02 2.994379e-02 4.042233e-02 7.604935e-02 3.388534e-02 3.531932e-02 8.035386e-02 3.278783e-02 3.143353e-02 3.218925e-02 3.457191e-02 3.614910e-02 3.631598e-02 3.577706e-02 3.538729e-02 3.712972e-02 4.107390e-02 4.295976e-02 4.294857e-02 4.355222e-02 4.465078e-02 4.654622e-02 4.689896e-02 4.748377e-02 4.836741e-02 4.962151e-02 5.116990e-02 5.255778e-02 5.326906e-02 5.358396e-02 5.420385e-02 5.468617e-02 5.456981e-02
-9.999000e+03 -9.999000e+03 -9.999000e+03 -9.999000e+03 -9.999000e+03 -9.999000e+03 -9.999000e+03 -9.999000e+03 -9.999000e+03 -9.999000e+03 -9.999000e+03 -9.999000e+03 -9.999000e+03 -9.999000e+03 -9.999000e+03 -9.999000e+03 6.066934e-03 1.362533e-01 4.636642e-02 4.628304e-02 7.141616e-02 7.160893e-02 3.184238e-02 3.369905e-02 3.594742e-02 3.843570e-02 8.382374e-02 8.051426e-02 7.977615e-02 8.192482e-02 3.342818e-02 3.272762e-02 3.309862e-02 3.364871e-02 3.541189e-02 3.875414e-02 3.995909e-02 3.954084e-02 4.049428e-02 4.287574e-02 4.501236e-02 4.672752e-02 4.919695e-02 5.049158e-02 5.160018e-02 5.267444e-02 5.342541e-02 5.367222e-02 5.385229e-02 5.442935e-02 5.465227e-02 5.406022e-02
-9.999000e+03 -9.999000e+03 -9.999000e+03 -9.999000e+03 -9.999000e+03 -9.999000e+03 -9.999000e+03 -9.999000e+03 -9.999000e+03 -9.999000e+03 -9.999000e+03 -9.999000e+03 -9.999000e+03 -9.999000e+03 -9.999000e+03 -9.999000e+03 1.821945e-01 3.136287e-02 5.868475e-02 6.486478e-02 3.127576e-02 3.096260e-02 3.196108e-02 3.427649e-02 3.648018e-02 3.854575e-02 3.892663e-02 3.753988e-02 3.780011e-02 3.995820e-02 8.505114e-02 3.736250e-02 3.233696e-02 3.107638e-02 3.191239e-02 3.897124e-02 8.681052e-02 8.756339e-02 8.890036e-02 9.094351e-02 4.260688e-02 4.223184e-02 4.346171e-02 4.537259e-02 4.757884e-02 5.011242e-02 5.127014e-02 5.202378e-02 5.283532e-02 5.359719e-02 5.343009e-02 5.230881e-02
-9.999000e+03 -9.999000e+03 -9.999000e+03 -9.999000e+03 -9.999000e+03 -9.999000e+03 -9.999000e+03 -9.999000e+03 -9.999000e+03 -9.999000e+03 -9.999000e+03 -9.999000e+03 -9.999000e+03 -9.999000e+03 -9.999000e+03 1.414421e-01 4.223464e-02 3.456444e-02 3.349545e-02 3.059937e-02 3.203967e-02 3.268620e-02 3.389481e-02 3.594543e-02 3.735534e-02 3.826776e-02 3.907483e-02 3.933320e-02 4.031364e-02 4.236059e-02 4.249300e-02 8.540057e-02 8.143467e-02 7.666538e-02 7.628673e-02 7.936672e-02 3.820774e-02 4.236963e-02 4.626395e-02 5.093894e-02 9.178319e-02 8.618598e-02 8.039102e-02 7.664491e-02 3.789339e-02 4.181991e-02 4.488986e-02 4.843684e-02 5.064001e-02 5.161960e-02 5.079265e-02 4.909297e-02
-9.999000e+03 -9.999000e+03 -9.999000e+03 -9.999000e+03 -9.999000e+03 -9.999000e+03 -9.999000e+03 -9.999000e+03 -9.999000e+03 -9.999000e+03 -9.999000e+03 -9.999000e+03 -9.999000e+03 -9.999000e+03 1.323766e-01 2.513377e-01 3.863313e-02 3.491866e-02 3.427547e-02 3.468542e-02 3.208544e-02 3.372330e-02 3.579483e-02 3.745960e-02 3.842004e-02 3.823724e-02 3.954825e-02 4.518308e-02 4.657544e-02 4.438830e-02 4.388147e-02 4.143148e-02 3.866561e-02 3.570027e-02 3.435941e-02 3.227369e-02 3.501008e-02 3.853475e-02 4.759888e-02 5.155639e-02 5.514748e-02 5.502638e-02 5.336808e-02 4.995536e-02 5.306294e-02 5.460829e-02 5.614286e-02 4.060410e-02 4.295283e-02 4.394321e-02 4.471174e-02 4.358052e-02
-9.999000e+03 -9.999000e+03 -9.999000e+03 -9.999000e+03 -9.999000e+03 -9.999000e+03 -9.999000e+03 -9.999000e+03 -9.999000e+03 -9.999000e+03 -9.999000e+03 -9.999000e+03 -9.999000e+03 -9.999000e+03 2.064804e-01 2.428376e-02 3.653597e-02 3.675714e-02 3.215068e-02 3.199236e-02 3.238937e-02 3.820030e-02 3.595937e-02 4.173984e-02 4.269115e-02 4.250656e-02 4.371345e-02 4.655404e-02 4.837586e-02 4.906410e-02 4.837095e-02 4.643679e-02 4.516657e-02 3.805637e-02 3.888258e-02 3.995175e-02 4.080901e-02 4.214560e-02 4.385153e-02 5.311197e-02 5.532691e-02 5.544862e-02 5.665241e-02 4.898325e-02 4.824863e-02 4.693576e-02 4.521713e-02 4.994557e-02 5.837679e-02 6.104062e-02 3.931909e-02 3.253143e-02
-9.999000e+03 -9.999000e+03 -9.999000e+03 -9.999000e+03 -9.999000e+03 -9.999000e+03 -9.999000e+03 -9.999000e+03 -9.999000e+03 -9.999000e+03 -9.999000e+03 -9.999000e+03 -9.999000e+03 1.717492e-01 3.305734e-02 3.544404e-02 3.656260e-02 3.361789e-02 3.359203e-02 3.318237e-02 3.702148e-02 3.826297e-02 3.936595e-02 4.088006e-02 4.213043e-02 4.266980e-02 4.419048e-02 4.719884e-02 4.906424e-02 4.964528e-02 4.924778e-02 4.824251e-02 4.070940e-02 4.099719e-02 4.169964e-02 4.253564e-02 4.298614e-02 4.362288e-02 4.467449e-02 4.608041e-02 4.764819e-02 4.913754e-02 5.045638e-02 5.129663e-02 5.191960e-02 5.192993e-02 6.238821e-02 6.148701e-02 5.813144e-02 5.153967e-02 4.419927e-02 4.861091e-02
-9.999000e+03 -9.999000e+03 -9.999000e+03 -9.999000e+03 -9.999000e+03 -9.999000e+03 -9.999000e+03 -9.999000e+03 -9.999000e+03 -9.999000e+03 -9.999000e+03 -9.999000e+03 1.304006e-01 2.179547e-01 3.205844e-02 3.221415e-02 3.287806e-02 3.377857e-02 3.405716e-02 3.397542e-02 3.860372e-02 3.841846e-02 3.869933e-02 3.953382e-02 4.076186e-02 4.204117e-02 4.408333e-02 4.709830e-02 4.889294e-02 4.956316e-02 4.988583e-02 4.252895e-02 4.297973e-02 4.282711e-02 4.231237e-02 4.262702e-02 4.326250e-02 4.411245e-02 4.542840e-02 4.692199e-02 4.842376e-02 4.949453e-02 4.995822e-02 5.026018e-02 6.170583e-02 6.116447e-02 6.193754e-02 6.269600e-02 6.166342e-02 5.744194e-02 5.247815e-02 4.684797e-02
-9.999000e+03 -9.999000e+03 -9.999000e+03 -9.999000e+03 -9.999000e+03 -9.999000e+03 -9.999000e+03 -9.999000e+03 -9.999000e+03 -9.999000e+03 -9.999000e+03 -9.999000e+03 1.915241e-01 4.136145e-02 3.223372e-02 3.276164e-02 3.319076e-02 3.404948e-02 3.453538e-02 3.902003e-02 3.956541e-02 3.890484e-02 3.872544e-02 3.906439e-02 4.002208e-02 4.138447e-02 4.326244e-02 4.584135e-02 4.724667e-02 4.771858e-02 4.842969e-02 4.225225e-02 4.289470e-02 4.274834e-02 4.186775e-02 4.173668e-02 4.220155e-02 4.288027e-02 4.413288e-02 4.561604e-02 4.728544e-02 4.872161e-02 4.907105e-02 5.889762e-02 5.940891e-02 6.044956e-02 6.157703e-02 6.160999e-02 6.106334e-02 5.831485e-02 5.567752e-02 5.241773e-02
-9.999000e+03 -9.999000e+03 -9.999000e+03 -9.999000e+03 -9.999000e+03 -9.999000e+03 -9.999000e+03 -9.999000e+03 -9.999000e+03 -9.999000e+03 -9.999000e+03 1.511622e-01 2.474287e-02 3.172056e-02 3.127137e-02 3.281030e-02 3.345414e-02 3.434261e-02 3.491852e-02 4.022987e-02 4.014026e-02 3.952956e-02 3.936300e-02 3.953045e-02 4.010882e-02 4.113330e-02 4.227815e-02 4.379884e-02 4.432788e-02 4.414788e-02 4.477534e-02 3.955165e-02 4.019612e-02 4.079707e-02 4.038969e-02 4.635065e-02 4.626197e-02 4.620029e-02 4.678118e-02 4.187722e-02 4.390585e-02 4.666385e-02 5.559435e-02 5.577146e-02 5.627385e-02 5.756566e-02 5.936821e-02 6.029039e-02 5.993891e-02 5.615790e-02 5.483786e-02 5.416865e-02
-9.999000e+03 -9.999000e+03 -9.999000e+03 -9.999000e+03 -9.999000e+03 -9.999000e+03 -9.999000e+03 -9.999000e+03 -9.999000e+03 -9.999000e+03 1.133463e-01 1.664995e-01 2.626514e-02 2.711091e-02 2.924243e-02 3.131066e-02 3.267026e-02 3.401518e-02 3.947732e-02 3.992042e-02 3.992857e-02 3.943861e-02 3.930578e-02 3.944194e-02 3.990888e-02 4.096974e-02 4.165206e-02 4.203902e-02 4.163370e-02 4.072336e-02 4.099603e-02 3.631695e-02 3.692917e-02 3.893758e-02 4.498997e-02 4.320615e-02 4.080154e-02 3.965900e-02 3.953444e-02 3.936786e-02 4.130742e-02 4.623939e-02 4.910083e-02 4.956938e-02 5.082528e-02 5.514436e-02 5.670666e-02 5.748405e-02 5.758221e-02 5.593044e-02 5.582110e-02 9.323524e-02
-9.999000e+03 -9.999000e+03 -9.999000e+03 -9.999000e+03 -9.999000e+03 -9.999000e+03 -9.999000e+03 -9.999000e+03 -9.999000e+03 -9.999000e+03 1.346204e-01 3.189400e-02 2.732377e-02 2.607414e-02 2.623242e-02 2.813512e-02 3.055292e-02 3.655250e-02 3.826102e-02 3.892826e-02 3.920633e-02 3.892413e-02 3.879208e-02 3.901750e-02 3.949640e-02 4.046713e-02 4.079953e-02 4.045651e-02 3.941127e-02 3.772705e-02 3.724581e-02 3.294920e-02 3.396894e-02 4.068706e-02 4.157023e-02 3.883109e-02 3.474963e-02 3.405847e-02 3.447377e-02 3.594993e-02 3.955861e-02 4.428295e-02 4.603109e-02 4.548121e-02 4.542731e-02 4.981706e-02 5.168644e-02 5.487733e-02 5.543760e-02 5.499573e-02 9.996754e-02 5.691383e-02
-9.999000e+03 -9.999000e+03 -9.999000e+03 -9.999000e+03 -9.999000e+03 -9.999000e+03 -9.999000e+03 -9.999000e+03 -9.999000e+03 1.064708e-01 2.110950e-02 2.398083e-02 2.426684e-02 2.525509e-02 2.499888e-02 2.640047e-02 3.174379e-02 3.451151e-02 3.646315e-02 3.753772e-02 3.822679e-02 3.835981e-02 3.857905e-02 3.926023e-02 3.965438e-02 3.977868e-02 3.948768e-02 3.877462e-02 3.730009e-02 3.477902e-02 3.399417e-02 3.448865e-02 3.588753e-02 3.736827e-02 3.837407e-02 3.718612e-02 3.738625e-02 3.700042e-02 3.835100e-02 4.203702e-02 4.650379e-02 4.987536e-02 5.040729e-02 4.870925e-02 4.709614e-02 4.392062e-02 4.481920e-02 4.937551e-02 5.427458e-02 1.040369e-01 5.521569e-02 5.494652e-02
-9.999000e+03 -9.999000e+03 -9.999000e+03 -9.999000e+03 -9.999000e+03 -9.999000e+03 -9.999000e+03 -9.999000e+03 -9.999000e+03 1.714471e-01 2.910230e-02 2.406062e-02 2.400211e-02 2.456098e-02 2.540141e-02 2.859882e-02 3.036384e-02 3.222894e-02 3.432931e-02 3.614091e-02 3.728834e-02 3.785871e-02 3.860883e-02 3.983696e-02 3.999963e-02 3.895032e-02 3.813132e-02 3.753228e-02 3.588257e-02 3.272631e-02 3.262570e-02 3.249779e-02 3.552322e-02 3.983970e-02 4.110488e-02 4.147616e-02 4.341576e-02 4.262962e-02 4.396747e-02 4.740625e-02 5.032270e-02 5.227748e-02 5.241889e-02 5.081582e-02 4.990943e-02 4.668560e-02 4.595992e-02 4.496306e-02 1.058717e-01 5.439142e-02 5.402469e-02 5.328367e-02
-9.999000e+03 -9.999000e+03 -9.999000e+03 -9.999000e+03 -9.999000e+03 -9.999000e+03 -9.999000e+03 -9.999000e+03 1.590313e-01 1.998749e-02 2.669187e-02 2.562726e-02 2.398086e-02 2.467496e-02 2.602253e-02 2.922324e-02 2.968487e-02 3.026106e-02 3.236295e-02 3.505731e-02 3.681052e-02 3.778768e-02 3.897185e-02 4.042984e-02 4.041372e-02 3.874414e-02 3.782277e-02 3.765992e-02 3.633102e-02 3.357908e-02 3.198899e-02 3.518258e-02 3.923047e-02 4.388230e-02 4.558461e-02 4.576144e-02 4.531299e-02 4.468650e-02 4.576015e-02 4.893398e-02 5.083761e-02 5.114205e-02 5.061258e-02 4.934397e-02 4.923795e-02 5.059967e-02 5.057909e-02 1.110938e-01 5.068742e-02 5.115556e-02 5.170170e-02 5.210978e-02
-9.999000e+03 -9.999000e+03 -9.999000e+03 -9.999000e+03 -9.999000e+03 -9.999000e+03 -9.999000e+03 1.124024e-01 1.528228e-01 2.932183e-02 2.750170e-02 2.659681e-02 2.465262e-02 2.527339e-02 2.887660e-02 2.955105e-02 2.963142e-02 2.947923e-02 3.088612e-02 3.415651e-02 3.625734e-02 3.785876e-02 3.899286e-02 4.025374e-02 4.068539e-02 3.987147e-02 3.916025e-02 3.902162e-02 3.795005e-02 3.574336e-02 3.214327e-02 3.964725e-02 4.264606e-02 4.493233e-02 4.638664e-02 4.642390e-02 4.585986e-02 4.484135e-02 4.560303e-02 4.814402e-02 1.059199e-01 1.050824e-01 1.055310e-01 1.077617e-01 1.127846e-01 4.995583e-02 1.132311e-01 4.832900e-02 4.761736e-02 4.838449e-02 4.993686e-02 5.122764e-02
-9.999000e+03 -9.999000e+03 -9.999000e+03 -9.999000e+03 -9.999000e+03 -9.999000e+03 -9.999000e+03 1.032412e-01 2.577046e-02 2.597531e-02 2.700212e-02 2.695823e-02 2.614636e-02 2.619007e-02 2.951896e-02 2.968566e-02 3.001018e-02 2.709787e-02 2.854554e-02 3.150770e-02 3.704264e-02 3.841019e-02 3.896316e-02 3.933826e-02 4.006174e-02 4.062008e-02 4.063999e-02 4.049473e-02 3.961617e-02 3.791399e-02 3.635928e-02 4.062008e-02 4.357056e-02 8.113100e-02 8.672603e-02 9.139701e-02 9.444042e-02 9.699787e-02 9.943166e-02 1.023765e-01 4.782323e-02 4.891448e-02 4.930380e-02 5.003513e-02 5.026107e-02 1.137492e-01 4.901732e-02 4.738890e-02 4.648804e-02 4.662972e-02 4.809410e-02 4.251862e-02
-9.999000e+03 -9.999000e+03 -9.999000e+03 -9.999000e+03 -9.999000e+03 -9.999000e+03 -9.999000e+03 1.211248e-02 2.595973e-02 2.462893e-02 2.508258e-02 2.645467e-02 2.719802e-02 2.983201e-02 2.978100e-02 2.987039e-02 2.788442e-02 2.860395e-02 3.005000e-02 3.275631e-02 3.839354e-02 3.977086e-02 3.976811e-02 3.907025e-02 3.943827e-02 4.100621e-02 4.164462e-02 4.115795e-02 4.048784e-02 3.973846e-02 5.580238e-02 6.645755e-02 7.423590e-02 4.352433e-02 4.433537e-02 4.524257e-02 4.678616e-02 4.723627e-02 4.217378e-02 4.321512e-02 5.055879e-02 5.180648e-02 5.211600e-02 5.282483e-02 5.266023e-02 5.155025e-02 5.044762e-02 4.915808e-02 4.734417e-02 4.571912e-02 3.902121e-02 4.033509e-02
