tests/data/reference/test_stream_rill_mfda/mvel_m_s.asc
ncols	123
nrows	77
xllcorner	-713746.79929998
yllcorner	-1061022.36961616
cellsize	10.0
NODATA_value	-9999
[rows 46 to 68 of 77, columns 52 to 103 of 123]
4.484724e-02 4.554895e-02 4.651165e-02 4.873324e-02 4.996274e-02 5.005872e-02 5.027955e-02 5.059594e-02 5.062070e-02 5.066860e-02 5.170428e-02 5.350014e-02 5.468434e-02 5.524701e-02 5.573143e-02 5.616984e-02 5.795569e-02 6.112533e-02 6.324369e-02 6.404208e-02 6.549180e-02 6.777558e-02 6.811704e-02 6.556457e-02 6.374857e-02 0.000000e+00 1.481317e-02 4.961631e-02 5.471308e-02 5.614571e-02 5.319552e-02 0.000000e+00 0.000000e+00 0.000000e+00 4.399720e-02 4.611004e-02 4.751343e-02 4.981791e-02 5.117278e-02 5.140719e-02 5.121022e-02 5.064985e-02 4.978502e-02 4.845215e-02 4.726374e-02 4.623043e-02 4.516118e-02 4.405312e-02 4.315678e-02 4.340837e-02 4.471187e-02 4.578811e-02
4.539331e-02 4.328224e-02 4.344585e-02 4.609705e-02 4.762848e-02 4.759532e-02 4.796202e-02 4.897364e-02 4.952172e-02 4.943705e-02 5.015426e-02 5.182428e-02 5.262111e-02 5.239016e-02 5.212644e-02 5.191452e-02 5.354114e-02 5.719972e-02 5.965870e-02 6.054979e-02 6.225884e-02 6.505357e-02 6.664219e-02 6.620737e-02 6.530049e-02 0.000000e+00 1.480422e-02 4.986541e-02 5.810046e-02 5.949911e-02 5.905978e-02 8.256328e-02 4.005958e-02 0.000000e+00 0.000000e+00 4.191671e-02 4.481477e-02 4.834817e-02 5.962938e-02 5.125994e-02 5.106498e-02 5.034195e-02 4.973763e-02 4.903318e-02 4.846153e-02 4.786348e-02 4.701575e-02 4.605691e-02 4.504729e-02 4.479503e-02 4.554559e-02 4.625868e-02
4.614703e-02 4.317918e-02 4.251099e-02 4.474053e-02 4.602560e-02 4.591332e-02 4.614751e-02 4.698565e-02 4.777135e-02 4.822472e-02 4.920548e-02 5.093071e-02 5.159107e-02 5.097908e-02 5.043007e-02 5.007982e-02 5.136669e-02 5.446943e-02 5.650412e-02 5.717049e-02 5.868039e-02 6.131114e-02 6.397259e-02 6.603744e-02 6.670172e-02 0.000000e+00 1.445024e-02 5.776555e-02 5.957939e-02 6.262411e-02 6.307217e-02 5.499080e-02 7.398971e-02 3.310029e-02 0.000000e+00 3.657555e-02 4.253420e-02 4.660601e-02 5.834335e-02 5.088440e-02 5.095523e-02 5.013846e-02 4.969173e-02 4.943390e-02 4.937399e-02 4.918013e-02 4.851671e-02 4.775389e-02 4.692760e-02 4.639731e-02 4.642635e-02 4.647218e-02
4.776034e-02 4.486742e-02 4.354712e-02 4.452820e-02 4.511580e-02 4.496752e-02 4.492366e-02 4.509030e-02 4.588658e-02 4.713565e-02 4.861786e-02 5.037356e-02 5.102824e-02 5.045444e-02 5.008644e-02 5.006721e-02 5.115185e-02 5.346073e-02 5.486426e-02 5.512670e-02 5.597943e-02 5.762325e-02 5.940288e-02 6.408047e-02 6.627766e-02 0.000000e+00 5.252500e-02 6.119619e-02 6.246780e-02 6.555549e-02 6.589625e-02 5.147187e-02 5.574718e-02 6.473011e-02 0.000000e+00 0.000000e+00 4.116621e-02 5.453706e-02 5.655191e-02 5.008448e-02 5.068661e-02 5.012017e-02 4.981251e-02 4.977740e-02 5.009352e-02 5.025240e-02 4.970596e-02 4.912694e-02 4.875132e-02 4.813148e-02 4.729096e-02 4.639854e-02
4.952743e-02 4.738684e-02 4.580231e-02 4.525156e-02 4.501068e-02 4.492503e-02 4.469187e-02 4.424784e-02 4.500347e-02 4.688143e-02 4.849943e-02 4.979427e-02 5.027173e-02 4.995400e-02 5.003361e-02 5.057064e-02 5.187821e-02 5.402999e-02 5.533369e-02 5.558347e-02 5.571531e-02 5.115889e-02 5.529623e-02 6.789123e-02 6.345839e-02 0.000000e+00 5.288675e-02 6.318693e-02 6.591247e-02 6.781677e-02 6.838022e-02 6.038742e-02 5.869713e-02 5.187894e-02 3.744172e-02 0.000000e+00 3.805327e-02 4.370392e-02 5.500974e-02 4.916001e-02 5.014012e-02 4.997195e-02 4.989544e-02 4.991764e-02 5.032170e-02 5.085792e-02 5.071488e-02 5.027389e-02 4.998418e-02 4.936971e-02 4.833762e-02 4.709476e-02
5.115921e-02 4.999309e-02 4.842185e-02 4.657184e-02 4.563267e-02 4.568003e-02 4.547492e-02 4.477427e-02 4.547083e-02 4.774718e-02 4.908904e-02 4.925654e-02 4.926483e-02 4.929807e-02 4.978200e-02 5.069833e-02 5.248943e-02 5.509450e-02 5.680470e-02 5.747689e-02 5.685869e-02 4.495060e-02 6.801495e-02 5.722783e-02 6.021864e-02 0.000000e+00 5.270678e-02 6.426886e-02 6.866489e-02 6.875775e-02 6.253661e-02 6.925973e-02 6.300860e-02 5.580899e-02 4.624570e-02 0.000000e+00 0.000000e+00 4.139692e-02 4.614267e-02 4.842561e-02 4.953906e-02 4.969999e-02 4.993283e-02 4.995517e-02 5.012047e-02 5.088473e-02 5.146443e-02 5.133765e-02 5.076372e-02 5.014662e-02 4.957178e-02 4.858559e-02
5.204643e-02 5.177717e-02 5.031089e-02 4.747425e-02 4.599939e-02 4.621971e-02 4.628851e-02 4.584484e-02 4.683118e-02 4.954581e-02 5.052404e-02 4.933659e-02 4.855991e-02 4.853527e-02 4.894057e-02 4.977275e-02 5.196560e-02 5.533592e-02 5.786928e-02 5.943889e-02 5.826788e-02 7.269075e-02 5.194561e-02 5.464620e-02 5.812911e-02 0.000000e+00 5.294646e-02 6.481697e-02 6.258401e-02 6.280181e-02 5.882145e-02 6.881045e-02 6.671779e-02 6.034861e-02 5.127621e-02 3.659844e-02 0.000000e+00 4.228611e-02 4.614484e-02 4.776754e-02 4.859425e-02 4.879053e-02 4.936724e-02 4.982518e-02 5.016951e-02 5.095123e-02 5.183669e-02 5.211477e-02 5.165780e-02 5.100164e-02 5.051049e-02 4.993513e-02
5.243676e-02 5.298506e-02 5.159848e-02 4.789477e-02 4.599421e-02 4.642298e-02 4.686356e-02 4.692534e-02 4.838123e-02 5.149282e-02 5.242777e-02 5.067379e-02 4.912197e-02 4.822674e-02 4.808117e-02 4.878729e-02 5.111180e-02 5.479825e-02 5.782386e-02 6.010075e-02 5.878543e-02 5.300955e-02 5.131757e-02 5.368098e-02 5.413679e-02 0.000000e+00 5.345413e-02 5.893056e-02 5.693415e-02 5.876958e-02 6.574738e-02 6.856003e-02 6.819989e-02 6.508364e-02 5.768999e-02 4.132931e-02 0.000000e+00 0.000000e+00 4.613280e-02 4.742311e-02 4.737704e-02 4.718768e-02 4.806391e-02 4.931059e-02 5.036393e-02 5.126068e-02 5.200187e-02 5.253325e-02 5.257690e-02 5.197207e-02 5.119351e-02 5.105312e-02
5.310020e-02 5.412199e-02 5.274818e-02 4.857405e-02 4.644047e-02 4.692396e-02 4.751069e-02 4.764007e-02 4.939676e-02 5.260233e-02 5.387814e-02 5.276867e-02 5.103695e-02 4.891696e-02 4.817413e-02 4.909600e-02 5.127471e-02 5.443890e-02 5.719648e-02 5.952315e-02 5.815389e-02 5.201236e-02 4.684077e-02 4.887617e-02 4.960912e-02 0.000000e+00 5.419512e-02 5.595533e-02 6.347212e-02 6.597157e-02 7.105135e-02 7.009754e-02 6.972464e-02 6.895424e-02 6.311110e-02 4.473753e-02 4.439535e-02 0.000000e+00 4.804251e-02 4.740870e-02 4.776390e-02 4.748039e-02 4.839044e-02 4.977817e-02 5.098327e-02 5.177166e-02 5.218592e-02 5.259549e-02 5.289968e-02 5.264107e-02 5.198044e-02 5.183048e-02
5.423061e-02 5.479038e-02 5.365762e-02 4.963821e-02 4.762604e-02 4.799117e-02 4.710552e-02 4.878122e-02 5.026057e-02 5.280035e-02 5.435778e-02 5.454195e-02 5.329529e-02 5.051798e-02 4.948321e-02 5.064971e-02 5.247089e-02 5.476404e-02 5.694517e-02 5.897459e-02 5.773921e-02 5.214311e-02 4.295553e-02 4.785045e-02 0.000000e+00 0.000000e+00 5.557748e-02 6.409521e-02 6.951728e-02 7.240006e-02 7.247760e-02 7.207730e-02 7.100177e-02 7.195196e-02 6.725944e-02 5.818652e-02 4.530328e-02 0.000000e+00 5.001564e-02 4.914316e-02 4.956780e-02 4.977241e-02 5.051324e-02 5.141698e-02 5.214456e-02 5.247485e-02 5.238992e-02 5.238081e-02 5.267086e-02 5.293270e-02 5.282161e-02 5.238144e-02
5.383494e-02 5.567635e-02 5.419950e-02 5.110537e-02 4.942457e-02 4.157251e-02 4.841889e-02 5.080449e-02 5.171583e-02 5.290503e-02 5.427977e-02 5.550846e-02 5.492890e-02 5.225751e-02 5.132558e-02 5.270004e-02 5.426980e-02 5.587703e-02 5.756593e-02 5.929362e-02 5.875040e-02 5.536008e-02 5.006436e-02 5.467395e-02 0.000000e+00 1.557506e-02 5.648363e-02 6.830779e-02 7.084084e-02 7.209303e-02 8.667216e-02 8.675515e-02 8.673192e-02 8.661850e-02 6.951724e-02 6.119399e-02 4.415449e-02 0.000000e+00 0.000000e+00 5.267360e-02 5.255248e-02 5.227806e-02 5.246123e-02 5.272252e-02 5.289781e-02 5.296030e-02 5.272414e-02 5.235975e-02 5.224577e-02 5.242139e-02 5.248016e-02 5.187871e-02
5.740609e-02 5.579649e-02 5.443870e-02 5.291500e-02 4.321746e-02 4.283183e-02 5.137368e-02 5.252004e-02 5.325990e-02 5.346465e-02 5.435227e-02 5.589974e-02 5.588250e-02 5.387976e-02 5.324327e-02 5.462770e-02 5.610871e-02 5.746169e-02 5.885887e-02 6.030451e-02 6.054414e-02 5.927106e-02 8.704610e-02 5.992468e-02 0.000000e+00 1.571135e-02 5.766879e-02 6.730834e-02 8.853042e-02 8.948617e-02 6.968734e-02 7.189591e-02 7.336934e-02 7.367905e-02 8.621702e-02 8.869669e-02 4.540474e-02 4.494975e-02 0.000000e+00 5.797902e-02 5.738493e-02 5.492158e-02 5.419725e-02 5.368925e-02 5.324051e-02 5.316305e-02 5.311875e-02 5.257212e-02 5.171119e-02 5.117096e-02 5.095758e-02 5.028815e-02
5.804704e-02 5.459052e-02 5.305713e-02 5.302232e-02 5.249089e-02 5.183151e-02 5.194630e-02 5.307664e-02 5.383723e-02 5.392577e-02 5.450153e-02 5.576134e-02 5.606998e-02 5.497507e-02 5.467289e-02 5.578841e-02 5.716535e-02 5.860235e-02 6.002148e-02 6.140009e-02 6.226623e-02 6.245635e-02 6.314968e-02 9.413715e-02 0.000000e+00 1.578055e-02 6.931681e-02 8.947621e-02 6.844925e-02 6.755164e-02 6.888411e-02 7.228642e-02 7.436666e-02 7.484811e-02 7.476089e-02 7.431427e-02 8.928838e-02 4.209250e-02 0.000000e+00 0.000000e+00 5.795724e-02 5.671699e-02 5.483570e-02 5.395812e-02 5.326792e-02 5.300475e-02 5.291729e-02 5.242017e-02 5.139737e-02 5.059300e-02 5.035436e-02 4.969771e-02
5.743911e-02 5.236462e-02 5.031128e-02 5.150971e-02 5.205683e-02 5.169564e-02 5.172475e-02 5.255660e-02 5.345500e-02 5.405524e-02 5.455554e-02 5.521862e-02 5.570746e-02 5.559500e-02 5.564220e-02 5.635242e-02 5.753694e-02 5.909797e-02 6.076240e-02 6.238757e-02 6.355009e-02 6.427063e-02 6.538359e-02 6.698777e-02 0.000000e+00 5.627543e-02 6.723418e-02 6.868365e-02 6.807912e-02 6.762172e-02 6.900479e-02 7.232965e-02 7.464160e-02 7.557356e-02 7.691763e-02 7.877664e-02 7.603810e-02 9.107700e-02 3.995015e-02 0.000000e+00 0.000000e+00 5.566038e-02 5.503862e-02 5.351679e-02 5.294495e-02 5.254327e-02 5.217081e-02 5.181325e-02 5.115895e-02 5.064513e-02 5.070657e-02 5.025889e-02
5.586980e-02 4.982219e-02 4.748223e-02 4.964338e-02 5.112778e-02 5.128894e-02 5.126396e-02 5.146104e-02 5.240972e-02 5.381653e-02 5.454507e-02 5.470587e-02 5.534028e-02 5.619177e-02 5.672801e-02 5.718666e-02 5.813961e-02 5.955519e-02 6.119826e-02 6.298509e-02 6.395435e-02 6.413106e-02 6.541323e-02 6.783374e-02 0.000000e+00 5.677210e-02 6.732882e-02 6.831856e-02 6.770490e-02 6.763675e-02 6.871469e-02 7.120235e-02 7.314066e-02 7.455769e-02 7.694067e-02 7.967180e-02 7.979443e-02 7.490844e-02 9.160137e-02 3.622521e-02 0.000000e+00 0.000000e+00 5.163728e-02 5.173869e-02 5.198976e-02 5.205401e-02 5.180553e-02 5.165781e-02 5.126162e-02 5.056019e-02 5.008992e-02 6.056122e-02
5.307666e-02 4.727592e-02 4.479432e-02 4.745010e-02 4.956606e-02 5.043825e-02 5.048275e-02 4.997232e-02 5.080326e-02 5.289651e-02 5.409489e-02 5.419685e-02 5.488378e-02 5.632213e-02 5.745364e-02 5.814080e-02 5.912420e-02 6.044029e-02 6.182932e-02 6.341528e-02 6.392142e-02 6.316980e-02 6.417842e-02 6.719166e-02 0.000000e+00 5.614742e-02 6.634006e-02 6.728133e-02 6.673620e-02 6.693021e-02 6.769745e-02 6.798249e-02 6.931546e-02 7.211184e-02 7.490199e-02 7.852014e-02 7.975107e-02 7.914561e-02 7.306182e-02 9.487808e-02 4.170559e-02 0.000000e+00 4.370097e-02 4.722881e-02 5.018788e-02 5.140288e-02 5.172631e-02 5.189093e-02 5.177782e-02 5.053956e-02 5.978731e-02 5.992644e-02
5.007379e-02 4.577569e-02 4.327471e-02 4.545433e-02 4.747392e-02 4.885139e-02 4.895019e-02 4.782565e-02 4.834718e-02 5.062452e-02 5.207383e-02 5.240010e-02 5.328359e-02 5.495148e-02 5.658676e-02 5.785231e-02 5.930646e-02 6.114125e-02 6.269091e-02 6.400091e-02 6.415876e-02 6.293786e-02 6.361964e-02 6.653632e-02 0.000000e+00 5.524436e-02 6.524427e-02 6.669605e-02 6.641929e-02 6.657944e-02 6.241094e-02 6.072819e-02 6.534612e-02 6.867163e-02 7.247120e-02 7.569627e-02 7.807483e-02 7.968114e-02 7.715862e-02 6.780204e-02 5.283938e-02 0.000000e+00 0.000000e+00 4.340751e-02 4.839492e-02 5.036085e-02 5.093326e-02 5.092973e-02 5.083587e-02 4.936175e-02 5.862333e-02 6.213215e-02
4.802493e-02 4.431249e-02 4.276023e-02 4.381452e-02 4.505431e-02 4.629179e-02 4.633542e-02 4.500674e-02 4.515759e-02 4.709717e-02 4.850798e-02 4.932877e-02 5.041635e-02 5.223979e-02 5.446822e-02 5.660316e-02 5.880570e-02 6.132688e-02 6.317701e-02 6.438702e-02 6.440922e-02 6.325009e-02 6.351129e-02 6.552063e-02 0.000000e+00 5.446285e-02 6.468899e-02 6.709264e-02 6.725088e-02 6.705161e-02 5.325440e-02 5.306796e-02 5.910564e-02 6.503179e-02 6.849287e-02 7.134208e-02 7.506118e-02 7.768832e-02 7.736629e-02 7.367713e-02 6.427266e-02 7.524993e-02 0.000000e+00 0.000000e+00 4.587854e-02 4.901598e-02 4.953990e-02 4.884807e-02 4.852657e-02 5.801348e-02 5.928644e-02 6.469337e-02
4.128283e-02 4.100867e-02 4.063812e-02 4.055720e-02 4.038140e-02 4.102612e-02 4.142161e-02 4.047645e-02 4.026101e-02 4.213017e-02 4.497678e-02 4.579521e-02 4.700706e-02 4.902802e-02 5.138013e-02 5.458297e-02 5.761938e-02 6.054036e-02 6.322819e-02 6.417734e-02 6.418677e-02 6.357646e-02 6.351492e-02 6.449252e-02 0.000000e+00 5.410282e-02 6.506972e-02 6.874031e-02 6.937636e-02 6.860453e-02 9.027108e-02 5.635521e-02 5.273935e-02 5.855267e-02 6.042540e-02 6.725606e-02 7.247647e-02 7.446958e-02 7.589461e-02 7.578775e-02 7.193554e-02 6.107210e-02 4.202513e-02 0.000000e+00 4.280165e-02 4.614414e-02 4.876015e-02 4.781201e-02 5.745620e-02 5.926316e-02 6.266592e-02 6.616114e-02
3.652525e-02 3.753194e-02 3.820650e-02 3.848004e-02 3.851269e-02 3.826298e-02 3.780698e-02 3.717609e-02 3.686742e-02 3.693778e-02 3.961517e-02 4.102561e-02 4.390885e-02 4.412627e-02 4.609141e-02 4.972503e-02 5.322339e-02 5.923438e-02 6.187756e-02 6.237785e-02 6.317705e-02 6.270965e-02 6.307765e-02 6.424248e-02 0.000000e+00 5.421611e-02 6.593223e-02 7.045267e-02 7.160281e-02 7.048509e-02 6.887941e-02 8.397378e-02 5.778342e-02 5.215545e-02 5.285691e-02 6.543787e-02 6.801426e-02 7.129309e-02 7.360326e-02 7.544949e-02 7.463801e-02 6.986952e-02 9.108601e-02 0.000000e+00 0.000000e+00 4.287563e-02 4.826719e-02 5.838364e-02 5.835694e-02 6.197997e-02 6.535753e-02 6.682148e-02
4.595597e-02 4.605330e-02 4.742013e-02 4.914345e-02 5.030750e-02 4.959767e-02 4.800662e-02 3.999164e-02 3.939542e-02 3.721925e-02 3.499594e-02 3.602072e-02 3.895755e-02 3.954876e-02 4.219255e-02 4.538381e-02 4.805908e-02 5.469777e-02 5.630150e-02 6.008040e-02 6.059547e-02 6.042228e-02 6.130009e-02 0.000000e+00 0.000000e+00 5.543112e-02 6.613817e-02 7.187735e-02 7.333158e-02 7.230655e-02 7.062698e-02 6.768265e-02 7.824685e-02 5.751603e-02 5.556301e-02 5.813198e-02 6.310117e-02 6.712461e-02 7.020386e-02 7.300278e-02 7.477632e-02 7.751187e-02 6.994411e-02 9.135013e-02 0.000000e+00 0.000000e+00 4.508710e-02 5.980486e-02 6.199002e-02 6.474921e-02 6.679714e-02 6.718713e-02
-9.999000e+03 -9.999000e+03 -9.999000e+03 -9.999000e+03 -9.999000e+03 -9.999000e+03 -9.999000e+03 4.539709e-02 5.010373e-02 5.012573e-02 3.662901e-02 3.663007e-02 3.723653e-02 4.193884e-02 4.539572e-02 4.814483e-02 5.045217e-02 4.966765e-02 5.049177e-02 5.522777e-02 5.762259e-02 5.734596e-02 5.929037e-02 0.000000e+00 1.507362e-02 5.497902e-02 6.809079e-02 7.746174e-02 7.388155e-02 7.332437e-02 7.203343e-02 8.967674e-02 6.656095e-02 7.214177e-02 6.082239e-02 4.988656e-02 5.480389e-02 5.892080e-02 6.386187e-02 6.956128e-02 8.372507e-02 7.520135e-02 6.993156e-02 6.442730e-02 9.392381e-02 0.000000e+00 0.000000e+00 5.942939e-02 6.600487e-02 6.780689e-02 8.985781e-02 8.944811e-02
-9.999000e+03 -9.999000e+03 -9.999000e+03 -9.999000e+03 -9.999000e+03 -9.999000e+03 -9.999000e+03 -9.999000e+03 -9.999000e+03 -9.999000e+03 4.448336e-02 4.708161e-02 4.156495e-02 4.710464e-02 5.053929e-02 5.221140e-02 5.450098e-02 5.352442e-02 5.339149e-02 4.865332e-02 5.260742e-02 5.500417e-02 5.396900e-02 0.000000e+00 1.560623e-02 6.299648e-02 8.060490e-02 7.085339e-02 7.039663e-02 7.120469e-02 7.041340e-02 6.788352e-02 9.102939e-02 6.450018e-02 6.569270e-02 5.459162e-02 4.971098e-02 5.190134e-02 5.449041e-02 8.664983e-02 7.038681e-02 5.983231e-02 5.907412e-02 5.652502e-02 5.145051e-02 8.741494e-02 0.000000e+00 0.000000e+00 6.826468e-02 8.671185e-02 -9.999000e+03 -9.999000e+03
