tests/data/reference/test_stream_rill_mfda/mvel_m_s.asc
ncols	123
nrows	77
xllcorner	-713746.79929998
yllcorner	-1061022.36961616
cellsize	10.0
NODATA_value	-9999
[rows 23 to 45 of 77, columns 52 to 103 of 123]
5.169165e-02 5.249163e-02 5.238327e-02 5.168179e-02 5.132515e-02 6.314505e-02 6.263745e-02 6.164202e-02 6.096487e-02 6.091180e-02 6.064860e-02 4.916390e-02 5.954352e-02 5.834532e-02 5.591820e-02 4.364915e-02 4.140109e-02 4.041892e-02 4.132365e-02 4.240392e-02 4.328211e-02 4.404038e-02 4.426879e-02 4.347340e-02 4.202288e-02 4.082091e-02 3.937009e-02 3.778186e-02 3.652982e-02 3.800040e-02 4.268876e-02 4.276275e-02 4.411015e-02 3.517401e-02 -9.999000e+03 -9.999000e+03 -9.999000e+03 -9.999000e+03 -9.999000e+03 -9.999000e+03 -9.999000e+03 -9.999000e+03 -9.999000e+03 -9.999000e+03 -9.999000e+03 -9.999000e+03 -9.999000e+03 -9.999000e+03 -9.999000e+03 -9.999000e+03 -9.999000e+03 -9.999000e+03
5.267024e-02 5.293636e-02 5.246204e-02 5.175504e-02 5.132619e-02 5.108072e-02 6.232966e-02 6.137606e-02 6.085020e-02 6.083656e-02 6.064269e-02 6.033947e-02 4.876763e-02 4.739740e-02 4.554335e-02 4.357568e-02 4.186173e-02 4.131654e-02 4.244536e-02 4.390270e-02 4.512644e-02 4.598310e-02 4.617141e-02 4.572859e-02 4.470810e-02 4.272281e-02 3.988749e-02 3.738204e-02 3.569986e-02 3.628631e-02 3.942995e-02 4.350898e-02 4.397746e-02 4.250900e-02 3.613694e-02 -9.999000e+03 -9.999000e+03 -9.999000e+03 -9.999000e+03 -9.999000e+03 -9.999000e+03 -9.999000e+03 -9.999000e+03 -9.999000e+03 -9.999000e+03 -9.999000e+03 -9.999000e+03 -9.999000e+03 -9.999000e+03 -9.999000e+03 -9.999000e+03 -9.999000e+03
5.334179e-02 5.323515e-02 5.281372e-02 5.205087e-02 5.116805e-02 5.037989e-02 4.971183e-02 4.942230e-02 4.969296e-02 6.127450e-02 6.123282e-02 6.063486e-02 5.910848e-02 4.667334e-02 4.530947e-02 4.443840e-02 4.385656e-02 4.367386e-02 4.426539e-02 4.530453e-02 4.641961e-02 4.721836e-02 4.734765e-02 4.697515e-02 4.630854e-02 4.524812e-02 4.390485e-02 4.255544e-02 4.650393e-02 3.914975e-02 3.745575e-02 3.819639e-02 4.086198e-02 4.403572e-02 4.170879e-02 4.099595e-02 3.470027e-02 3.438636e-02 -9.999000e+03 -9.999000e+03 -9.999000e+03 -9.999000e+03 -9.999000e+03 -9.999000e+03 -9.999000e+03 -9.999000e+03 -9.999000e+03 -9.999000e+03 -9.999000e+03 -9.999000e+03 -9.999000e+03 -9.999000e+03
5.382706e-02 5.344354e-02 5.278293e-02 5.169309e-02 5.052866e-02 4.966277e-02 4.928799e-02 4.964314e-02 5.017767e-02 5.044312e-02 6.149697e-02 6.047534e-02 5.880147e-02 4.681396e-02 4.592155e-02 4.531130e-02 4.469289e-02 4.428205e-02 4.466992e-02 4.553874e-02 4.644985e-02 4.710541e-02 4.724983e-02 4.714135e-02 4.703594e-02 4.689732e-02 4.666498e-02 4.606188e-02 4.461991e-02 4.186790e-02 3.881246e-02 3.833194e-02 4.045214e-02 4.257326e-02 4.457080e-02 4.524159e-02 4.105572e-02 3.768213e-02 3.974741e-02 3.399960e-02 -9.999000e+03 -9.999000e+03 -9.999000e+03 -9.999000e+03 -9.999000e+03 -9.999000e+03 -9.999000e+03 -9.999000e+03 -9.999000e+03 -9.999000e+03 -9.999000e+03 -9.999000e+03
5.420627e-02 5.338973e-02 5.213815e-02 5.069199e-02 4.965934e-02 4.938057e-02 4.966766e-02 5.032019e-02 5.062552e-02 5.050178e-02 5.005929e-02 4.925442e-02 5.920777e-02 4.778373e-02 4.693408e-02 4.564741e-02 4.416679e-02 4.331739e-02 4.377240e-02 4.461001e-02 4.519377e-02 4.564137e-02 4.589022e-02 4.624563e-02 4.690143e-02 4.758706e-02 4.806227e-02 4.797665e-02 4.711496e-02 4.558013e-02 4.358375e-02 4.172470e-02 4.042768e-02 4.020416e-02 4.066695e-02 4.047157e-02 3.967592e-02 3.676033e-02 3.976785e-02 3.989148e-02 3.806064e-02 1.374025e-01 -9.999000e+03 -9.999000e+03 -9.999000e+03 -9.999000e+03 -9.999000e+03 -9.999000e+03 -9.999000e+03 -9.999000e+03 -9.999000e+03 -9.999000e+03
5.395432e-02 5.279877e-02 5.137301e-02 5.009675e-02 4.943708e-02 4.951433e-02 4.995181e-02 5.059522e-02 5.087774e-02 5.072191e-02 5.026354e-02 4.951127e-02 4.878457e-02 4.800448e-02 4.675034e-02 4.502206e-02 4.366357e-02 4.337700e-02 4.417853e-02 4.510216e-02 4.562535e-02 4.593322e-02 4.604070e-02 4.632340e-02 4.708971e-02 4.812232e-02 4.896428e-02 4.908507e-02 4.844132e-02 4.749819e-02 4.605887e-02 4.373618e-02 4.119234e-02 3.965110e-02 3.936874e-02 3.956425e-02 3.894598e-02 3.764846e-02 3.662281e-02 3.602109e-02 0.000000e+00 1.499340e-01 1.525497e-01 1.040784e-01 -9.999000e+03 -9.999000e+03 -9.999000e+03 -9.999000e+03 -9.999000e+03 -9.999000e+03 -9.999000e+03 -9.999000e+03
5.303363e-02 5.176841e-02 5.066717e-02 5.002949e-02 4.983273e-02 4.976265e-02 4.986039e-02 5.064739e-02 5.128143e-02 5.127387e-02 5.079620e-02 4.988338e-02 4.872143e-02 4.717036e-02 4.531848e-02 4.384120e-02 4.365102e-02 4.456296e-02 4.585773e-02 4.699597e-02 4.769842e-02 4.787730e-02 4.758943e-02 4.732799e-02 4.759804e-02 4.853500e-02 4.941794e-02 4.943722e-02 4.869160e-02 4.785587e-02 4.674746e-02 4.491976e-02 4.292240e-02 4.111972e-02 3.956936e-02 3.874149e-02 3.825398e-02 3.799516e-02 3.775756e-02 0.000000e+00 0.000000e+00 2.976055e-02 4.639863e-02 5.049197e-02 1.139154e-01 -9.999000e+03 -9.999000e+03 -9.999000e+03 -9.999000e+03 -9.999000e+03 -9.999000e+03 -9.999000e+03
5.107373e-02 5.009786e-02 4.967030e-02 4.975583e-02 4.997988e-02 4.997380e-02 5.011067e-02 5.099570e-02 5.141992e-02 5.097144e-02 5.013247e-02 4.890379e-02 4.744959e-02 4.575345e-02 4.445384e-02 4.424818e-02 4.515864e-02 4.665723e-02 4.797385e-02 4.883046e-02 4.919005e-02 4.897521e-02 4.839192e-02 4.796223e-02 4.811175e-02 4.897209e-02 4.959427e-02 4.944886e-02 4.893003e-02 4.849172e-02 4.785866e-02 4.650731e-02 4.488071e-02 4.317714e-02 4.109611e-02 3.950885e-02 3.918860e-02 3.937499e-02 0.000000e+00 0.000000e+00 3.331751e-02 3.017713e-02 2.852057e-02 3.498467e-02 2.784099e-02 1.095304e-01 -9.999000e+03 -9.999000e+03 -9.999000e+03 -9.999000e+03 -9.999000e+03 -9.999000e+03
4.789969e-02 4.771489e-02 4.836783e-02 4.922441e-02 4.987783e-02 5.038740e-02 5.093338e-02 5.132589e-02 5.073600e-02 4.943943e-02 4.804901e-02 4.647232e-02 4.513500e-02 4.439421e-02 4.483235e-02 4.621474e-02 4.779724e-02 4.934404e-02 5.029962e-02 5.046670e-02 5.009150e-02 4.932491e-02 4.856101e-02 4.828754e-02 4.864081e-02 4.935307e-02 4.944505e-02 4.912178e-02 4.909422e-02 4.928202e-02 4.925356e-02 4.837287e-02 4.698508e-02 4.557547e-02 4.346243e-02 4.163072e-02 4.169823e-02 0.000000e+00 0.000000e+00 3.822537e-02 3.560449e-02 3.205385e-02 2.826921e-02 2.658474e-02 3.756264e-02 3.490696e-02 2.956739e-02 -9.999000e+03 -9.999000e+03 -9.999000e+03 -9.999000e+03 -9.999000e+03
4.330784e-02 4.429798e-02 4.577873e-02 4.710300e-02 4.820348e-02 4.926270e-02 5.014000e-02 5.030743e-02 4.952983e-02 4.844215e-02 4.735010e-02 4.619814e-02 4.561548e-02 4.585082e-02 4.688845e-02 4.832444e-02 4.953827e-02 5.047459e-02 5.069325e-02 5.021990e-02 4.960443e-02 4.894134e-02 4.852065e-02 4.862081e-02 4.912381e-02 4.954247e-02 4.909247e-02 4.843582e-02 4.842676e-02 4.877299e-02 4.908391e-02 4.868178e-02 4.773175e-02 4.693669e-02 4.529401e-02 4.359164e-02 0.000000e+00 0.000000e+00 4.162904e-02 3.987506e-02 3.803065e-02 3.535160e-02 3.174037e-02 2.912562e-02 2.949646e-02 3.139519e-02 3.156433e-02 2.926150e-02 8.999015e-02 -9.999000e+03 -9.999000e+03 -9.999000e+03
3.718793e-02 3.981724e-02 4.178295e-02 4.335392e-02 4.496696e-02 4.654000e-02 4.772954e-02 4.836030e-02 4.861917e-02 4.874632e-02 4.869154e-02 4.860642e-02 4.886024e-02 4.924629e-02 4.963242e-02 5.003933e-02 5.015918e-02 4.995318e-02 4.916484e-02 4.818244e-02 4.781374e-02 4.787202e-02 4.829892e-02 4.897426e-02 4.954863e-02 4.954341e-02 4.852136e-02 4.737421e-02 4.694236e-02 4.699094e-02 4.740577e-02 4.757283e-02 4.713856e-02 4.693312e-02 0.000000e+00 0.000000e+00 0.000000e+00 4.439629e-02 4.308369e-02 4.163710e-02 4.022602e-02 3.888552e-02 3.689389e-02 3.427192e-02 3.227825e-02 3.051115e-02 2.918390e-02 4.320410e-02 2.829816e-02 1.094184e-01 -9.999000e+03 -9.999000e+03
5.347938e-02 3.416770e-02 3.704490e-02 3.922887e-02 4.324190e-02 4.527514e-02 4.689459e-02 4.801766e-02 4.899336e-02 4.977749e-02 5.030295e-02 5.080765e-02 5.133443e-02 5.156543e-02 5.147262e-02 5.110491e-02 5.030471e-02 4.918026e-02 4.772197e-02 4.516492e-02 4.581786e-02 4.606250e-02 4.698171e-02 4.803945e-02 4.859870e-02 4.822330e-02 4.687634e-02 4.576267e-02 4.549024e-02 4.558606e-02 4.626693e-02 4.724670e-02 4.718956e-02 0.000000e+00 0.000000e+00 4.634764e-02 4.593921e-02 4.529232e-02 4.437162e-02 4.325668e-02 4.202970e-02 4.096292e-02 3.959618e-02 3.732442e-02 3.489424e-02 3.276824e-02 3.141310e-02 3.162463e-02 3.798833e-02 3.243585e-02 3.600385e-02 1.099990e-01
4.316338e-02 7.399224e-02 4.314185e-02 3.944261e-02 4.138005e-02 4.456073e-02 4.702975e-02 4.860349e-02 4.998864e-02 5.106124e-02 5.188392e-02 5.270640e-02 5.328642e-02 5.337910e-02 5.296414e-02 5.175371e-02 4.977853e-02 4.755579e-02 4.520708e-02 4.297608e-02 4.160577e-02 4.161802e-02 4.292338e-02 4.439775e-02 4.613319e-02 4.541508e-02 4.402419e-02 4.344927e-02 4.392985e-02 4.454138e-02 4.564010e-02 4.740716e-02 0.000000e+00 0.000000e+00 4.651411e-02 4.618165e-02 4.602424e-02 4.586369e-02 4.544175e-02 4.471969e-02 4.356353e-02 4.220023e-02 4.077550e-02 3.891848e-02 3.726131e-02 3.636999e-02 3.607150e-02 3.586849e-02 3.520731e-02 3.588297e-02 3.851626e-02 3.311668e-02
5.038839e-02 8.305265e-02 7.806688e-02 4.721147e-02 4.748828e-02 5.178695e-02 5.425148e-02 4.733761e-02 4.764792e-02 4.792922e-02 4.829775e-02 4.882163e-02 4.886837e-02 4.841285e-02 4.766163e-02 4.634561e-02 4.479528e-02 4.341216e-02 4.198081e-02 4.059114e-02 4.003920e-02 4.085830e-02 4.224747e-02 4.301441e-02 4.247918e-02 4.103036e-02 4.181294e-02 4.193985e-02 4.315916e-02 4.433340e-02 4.564169e-02 0.000000e+00 0.000000e+00 4.739022e-02 4.682429e-02 4.638141e-02 4.616646e-02 4.611719e-02 4.594110e-02 4.558767e-02 4.465836e-02 4.321873e-02 4.180433e-02 4.016862e-02 3.865201e-02 3.776327e-02 3.757742e-02 3.749862e-02 3.701896e-02 3.635372e-02 3.738868e-02 3.432211e-02
8.904976e-02 5.656139e-02 8.777605e-02 7.442296e-02 4.951570e-02 5.316793e-02 5.457601e-02 9.501217e-02 9.347091e-02 9.110153e-02 8.887152e-02 8.696426e-02 8.378385e-02 7.959884e-02 4.159588e-02 3.986371e-02 3.488526e-02 3.648285e-02 3.781174e-02 3.889709e-02 4.050937e-02 4.264305e-02 4.370118e-02 4.281941e-02 4.057891e-02 3.856372e-02 3.808178e-02 4.140164e-02 4.337749e-02 4.504741e-02 0.000000e+00 0.000000e+00 4.859530e-02 4.786811e-02 4.746414e-02 4.696506e-02 4.642000e-02 4.614950e-02 4.596992e-02 4.587460e-02 4.525581e-02 4.395965e-02 4.268633e-02 4.119032e-02 3.941753e-02 3.770366e-02 3.671071e-02 3.668425e-02 3.715687e-02 3.785174e-02 3.819998e-02 3.750741e-02
5.706793e-02 5.840783e-02 5.713586e-02 9.192183e-02 9.605310e-02 9.413783e-02 9.361518e-02 5.275061e-02 5.150789e-02 5.017605e-02 4.907337e-02 4.833265e-02 4.755724e-02 4.582129e-02 4.369681e-02 4.128203e-02 4.483553e-02 4.997114e-02 3.476878e-02 3.535772e-02 3.741202e-02 4.054216e-02 4.151007e-02 4.005716e-02 3.814524e-02 3.692884e-02 3.722879e-02 3.934346e-02 4.388830e-02 0.000000e+00 0.000000e+00 4.851727e-02 4.888657e-02 4.816594e-02 4.791839e-02 4.749091e-02 4.687141e-02 4.663623e-02 4.655894e-02 4.657537e-02 4.608888e-02 4.481881e-02 4.349248e-02 4.213778e-02 4.057535e-02 3.872935e-02 3.711904e-02 3.649624e-02 3.691874e-02 3.784520e-02 3.858357e-02 3.832322e-02
5.812790e-02 5.912316e-02 5.942739e-02 5.881939e-02 4.924915e-02 5.123752e-02 5.214667e-02 5.208868e-02 5.181672e-02 5.131039e-02 5.063290e-02 4.932238e-02 4.801550e-02 4.631999e-02 4.441289e-02 4.258373e-02 4.721981e-02 4.478475e-02 6.369219e-02 6.079476e-02 6.122707e-02 3.764421e-02 3.750134e-02 3.496100e-02 3.533227e-02 3.619304e-02 3.737907e-02 4.038966e-02 0.000000e+00 0.000000e+00 4.752627e-02 4.881344e-02 4.905101e-02 4.829364e-02 4.818587e-02 4.794220e-02 4.747983e-02 4.746310e-02 4.757484e-02 4.765510e-02 4.723726e-02 4.595907e-02 4.433406e-02 4.286758e-02 4.182558e-02 4.055908e-02 3.873662e-02 3.719356e-02 3.665721e-02 3.662121e-02 3.673487e-02 3.692810e-02
5.536425e-02 5.700001e-02 5.882762e-02 5.803411e-02 5.133138e-02 5.345324e-02 5.461768e-02 5.497891e-02 5.514457e-02 5.500026e-02 5.451206e-02 5.377983e-02 5.287053e-02 5.176629e-02 5.046523e-02 4.855617e-02 4.690674e-02 5.242032e-02 4.901522e-02 4.449768e-02 4.330687e-02 3.363736e-02 5.721284e-02 3.005502e-02 2.884739e-02 3.226501e-02 3.601389e-02 4.056683e-02 0.000000e+00 4.395112e-02 4.697565e-02 4.879900e-02 4.947557e-02 4.889267e-02 4.859172e-02 4.825152e-02 4.792318e-02 4.810919e-02 4.837253e-02 4.843753e-02 4.797229e-02 4.682295e-02 4.514058e-02 4.335136e-02 4.246306e-02 4.183579e-02 4.038578e-02 3.865237e-02 3.765601e-02 3.702759e-02 3.659973e-02 3.665130e-02
5.415091e-02 5.613879e-02 4.797101e-02 4.851760e-02 4.966829e-02 5.162499e-02 5.303604e-02 5.386497e-02 5.469137e-02 5.519282e-02 5.510533e-02 5.476111e-02 5.449977e-02 5.423715e-02 5.372288e-02 5.305281e-02 5.235402e-02 5.140747e-02 4.892866e-02 4.510770e-02 4.322875e-02 0.000000e+00 0.000000e+00 0.000000e+00 2.620991e-02 2.727566e-02 3.428163e-02 0.000000e+00 0.000000e+00 4.041446e-02 4.359112e-02 4.818951e-02 5.003204e-02 4.999802e-02 4.922148e-02 4.844804e-02 4.817777e-02 4.856014e-02 4.901080e-02 4.912616e-02 4.846057e-02 4.726495e-02 4.570976e-02 4.374861e-02 4.268585e-02 4.245935e-02 4.178464e-02 4.061485e-02 3.968302e-02 3.891331e-02 3.820881e-02 3.767143e-02
5.350355e-02 4.635766e-02 4.706421e-02 4.720252e-02 4.781300e-02 4.933147e-02 5.061226e-02 5.150991e-02 5.274098e-02 5.396219e-02 5.445295e-02 5.449067e-02 5.468942e-02 5.500756e-02 5.506996e-02 5.492379e-02 5.489509e-02 5.475071e-02 5.371968e-02 5.163313e-02 4.946599e-02 4.906597e-02 5.539090e-02 0.000000e+00 0.000000e+00 0.000000e+00 9.253125e-03 0.000000e+00 3.571928e-02 3.564463e-02 3.986316e-02 4.466504e-02 4.849659e-02 4.926703e-02 4.911723e-02 4.872082e-02 4.865851e-02 4.900556e-02 4.941604e-02 4.978436e-02 4.923637e-02 4.786350e-02 4.620640e-02 4.415343e-02 4.290314e-02 4.263317e-02 4.230845e-02 4.161986e-02 4.090639e-02 4.014128e-02 3.934816e-02 3.889973e-02
4.415903e-02 4.488011e-02 4.537277e-02 4.542488e-02 4.568445e-02 4.662803e-02 4.741964e-02 4.791573e-02 4.917554e-02 5.105984e-02 5.234028e-02 5.296654e-02 5.357708e-02 5.429716e-02 5.480280e-02 5.510351e-02 5.569444e-02 5.637288e-02 5.636144e-02 5.563456e-02 5.473805e-02 5.424726e-02 5.168839e-02 5.869373e-02 4.490137e-02 0.000000e+00 0.000000e+00 0.000000e+00 9.148149e-03 3.246137e-02 3.555267e-02 4.001390e-02 4.459871e-02 4.623467e-02 4.789786e-02 4.891803e-02 4.937625e-02 4.963536e-02 4.976159e-02 5.019725e-02 4.996968e-02 4.868336e-02 4.683249e-02 4.455155e-02 4.309713e-02 4.256112e-02 4.218715e-02 4.176505e-02 4.139787e-02 4.081501e-02 4.003653e-02 4.017628e-02
4.301427e-02 4.334419e-02 4.389470e-02 4.425785e-02 4.442608e-02 4.486469e-02 5.385244e-02 5.390987e-02 4.606453e-02 4.788048e-02 5.916800e-02 6.075734e-02 6.213149e-02 6.348200e-02 5.310832e-02 5.367874e-02 5.469440e-02 5.593148e-02 5.648371e-02 5.645609e-02 5.637609e-02 5.609785e-02 6.732138e-02 6.212263e-02 5.957095e-02 1.409511e-02 0.000000e+00 0.000000e+00 0.000000e+00 0.000000e+00 3.376433e-02 3.512791e-02 4.029274e-02 4.514068e-02 4.729285e-02 4.866302e-02 4.948405e-02 5.014931e-02 5.924544e-02 5.066404e-02 5.054026e-02 4.959761e-02 4.791718e-02 4.564024e-02 4.405502e-02 4.321992e-02 4.260311e-02 4.206839e-02 4.176620e-02 4.164322e-02 4.143466e-02 4.202605e-02
4.673304e-02 4.821064e-02 4.949250e-02 4.353549e-02 4.392124e-02 5.207698e-02 5.225098e-02 5.202338e-02 5.211395e-02 5.315519e-02 5.476876e-02 5.652503e-02 5.793875e-02 5.909525e-02 6.009430e-02 6.093763e-02 5.192719e-02 5.366733e-02 5.449121e-02 6.729549e-02 6.821374e-02 6.949205e-02 6.860953e-02 6.348253e-02 6.073399e-02 0.000000e+00 0.000000e+00 4.777350e-02 5.138550e-02 0.000000e+00 0.000000e+00 0.000000e+00 4.063049e-02 4.564341e-02 4.781769e-02 4.813189e-02 4.897287e-02 5.035058e-02 6.011203e-02 5.121008e-02 5.105226e-02 5.042433e-02 4.919059e-02 4.730162e-02 4.575643e-02 4.463511e-02 4.363146e-02 4.265041e-02 4.203694e-02 4.242344e-02 4.339635e-02 4.442044e-02
