tests/output2/core/massbalance.asc
ncols         132
nrows         113
xllcorner     -713676,7993
yllcorner     -1061372,3696
cellsize      10
NODATA_value  -9999
[rows 46 to 68 of 113, columns 52 to 103 of 132]
3,402823e+38 3,402823e+38 3,402823e+38 3,402823e+38 3,402823e+38 3,402823e+38 3,402823e+38 3,402823e+38 3,402823e+38 3,402823e+38 3,402823e+38 3,402823e+38 3,402823e+38 3,402823e+38 3,402823e+38 3,402823e+38 3,402823e+38 3,402823e+38 3,402823e+38 3,402823e+38 3,402823e+38 3,402823e+38 3,402823e+38 3,402823e+38 3,402823e+38 3,402823e+38 3,402823e+38 3,402823e+38 3,402823e+38 3,402823e+38 3,402823e+38 3,402823e+38 3,402823e+38 3,402823e+38 3,402823e+38 3,402823e+38 3,402823e+38 3,402823e+38 3,402823e+38 3,402823e+38 3,402823e+38 3,402823e+38 3,402823e+38 3,402823e+38 3,402823e+38 3,402823e+38 3,402823e+38 3,402823e+38 3,402823e+38 3,402823e+38 3,402823e+38 3,402823e+38
3,402823e+38 3,402823e+38 3,402823e+38 3,402823e+38 3,402823e+38 3,402823e+38 3,402823e+38 3,402823e+38 3,402823e+38 3,402823e+38 3,402823e+38 3,402823e+38 3,402823e+38 3,402823e+38 3,402823e+38 3,402823e+38 3,402823e+38 3,402823e+38 3,402823e+38 3,402823e+38 3,402823e+38 3,402823e+38 3,402823e+38 3,402823e+38 3,402823e+38 3,402823e+38 3,402823e+38 3,402823e+38 3,402823e+38 3,402823e+38 3,402823e+38 3,402823e+38 3,402823e+38 3,402823e+38 3,402823e+38 3,402823e+38 3,402823e+38 3,402823e+38 3,402823e+38 3,402823e+38 3,402823e+38 3,402823e+38 3,402823e+38 3,402823e+38 3,402823e+38 3,402823e+38 3,402823e+38 3,402823e+38 3,402823e+38 3,402823e+38 3,402823e+38 3,402823e+38
3,402823e+38 3,402823e+38 3,402823e+38 3,402823e+38 3,402823e+38 3,402823e+38 3,402823e+38 3,402823e+38 3,402823e+38 3,402823e+38 3,402823e+38 3,402823e+38 3,402823e+38 3,402823e+38 3,402823e+38 3,402823e+38 3,402823e+38 3,402823e+38 3,402823e+38 3,402823e+38 3,402823e+38 3,402823e+38 3,402823e+38 3,402823e+38 3,402823e+38 3,402823e+38 3,402823e+38 3,402823e+38 3,402823e+38 3,402823e+38 3,402823e+38 3,402823e+38 3,402823e+38 3,402823e+38 3,402823e+38 3,402823e+38 3,402823e+38 3,402823e+38 3,402823e+38 3,402823e+38 3,402823e+38 3,402823e+38 3,402823e+38 3,402823e+38 3,402823e+38 3,402823e+38 3,402823e+38 3,402823e+38 3,402823e+38 3,402823e+38 3,402823e+38 3,402823e+38
3,402823e+38 3,402823e+38 3,402823e+38 3,402823e+38 3,402823e+38 3,402823e+38 3,402823e+38 3,402823e+38 3,402823e+38 3,402823e+38 3,402823e+38 3,402823e+38 3,402823e+38 3,402823e+38 3,402823e+38 3,402823e+38 3,402823e+38 3,402823e+38 3,402823e+38 3,402823e+38 3,402823e+38 3,402823e+38 3,402823e+38 3,402823e+38 3,402823e+38 3,402823e+38 3,402823e+38 3,402823e+38 3,402823e+38 3,402823e+38 3,402823e+38 3,402823e+38 3,402823e+38 3,402823e+38 3,402823e+38 3,402823e+38 3,402823e+38 3,402823e+38 3,402823e+38 3,402823e+38 3,402823e+38 3,402823e+38 3,402823e+38 3,402823e+38 3,402823e+38 3,402823e+38 3,402823e+38 3,402823e+38 3,402823e+38 3,402823e+38 3,402823e+38 3,402823e+38
3,402823e+38 3,402823e+38 3,402823e+38 3,402823e+38 3,402823e+38 3,402823e+38 3,402823e+38 3,402823e+38 3,402823e+38 3,402823e+38 3,402823e+38 3,402823e+38 3,402823e+38 3,402823e+38 3,402823e+38 3,402823e+38 3,402823e+38 3,402823e+38 3,402823e+38 3,402823e+38 3,402823e+38 3,402823e+38 3,402823e+38 3,402823e+38 3,402823e+38 3,402823e+38 3,402823e+38 3,402823e+38 3,402823e+38 3,402823e+38 3,402823e+38 3,402823e+38 3,402823e+38 3,402823e+38 3,402823e+38 3,402823e+38 3,402823e+38 3,402823e+38 3,402823e+38 3,402823e+38 3,402823e+38 3,402823e+38 3,402823e+38 3,402823e+38 3,402823e+38 3,402823e+38 3,402823e+38 3,402823e+38 3,402823e+38 3,402823e+38 3,402823e+38 3,402823e+38
3,402823e+38 3,402823e+38 3,402823e+38 3,402823e+38 3,402823e+38 3,402823e+38 3,402823e+38 3,402823e+38 3,402823e+38 3,402823e+38 3,402823e+38 3,402823e+38 3,402823e+38 3,402823e+38 3,402823e+38 3,402823e+38 3,402823e+38 3,402823e+38 3,402823e+38 3,402823e+38 3,402823e+38 3,402823e+38 3,402823e+38 3,402823e+38 3,402823e+38 3,402823e+38 3,402823e+38 3,402823e+38 3,402823e+38 3,402823e+38 3,402823e+38 3,402823e+38 3,402823e+38 3,402823e+38 3,402823e+38 3,402823e+38 3,402823e+38 3,402823e+38 3,402823e+38 3,402823e+38 3,402823e+38 3,402823e+38 3,402823e+38 3,402823e+38 3,402823e+38 3,402823e+38 3,402823e+38 3,402823e+38 3,402823e+38 3,402823e+38 3,402823e+38 3,402823e+38
3,402823e+38 3,402823e+38 3,402823e+38 3,402823e+38 3,402823e+38 3,402823e+38 3,402823e+38 3,402823e+38 3,402823e+38 3,402823e+38 3,402823e+38 3,402823e+38 3,402823e+38 3,402823e+38 3,402823e+38 3,402823e+38 3,402823e+38 3,402823e+38 3,402823e+38 3,402823e+38 3,402823e+38 3,402823e+38 3,402823e+38 3,402823e+38 3,402823e+38 3,402823e+38 3,402823e+38 3,402823e+38 3,402823e+38 3,402823e+38 3,402823e+38 3,402823e+38 3,402823e+38 3,402823e+38 3,402823e+38 3,402823e+38 3,402823e+38 3,402823e+38 3,402823e+38 3,402823e+38 3,402823e+38 3,402823e+38 3,402823e+38 3,402823e+38 3,402823e+38 3,402823e+38 3,402823e+38 3,402823e+38 3,402823e+38 3,402823e+38 3,402823e+38 3,402823e+38
3,402823e+38 3,402823e+38 3,402823e+38 3,402823e+38 3,402823e+38 3,402823e+38 3,402823e+38 3,402823e+38 3,402823e+38 3,402823e+38 3,402823e+38 3,402823e+38 3,402823e+38 3,402823e+38 3,402823e+38 3,402823e+38 3,402823e+38 3,402823e+38 3,402823e+38 3,402823e+38 3,402823e+38 3,402823e+38 3,402823e+38 3,402823e+38 3,402823e+38 3,402823e+38 3,402823e+38 3,402823e+38 3,402823e+38 3,402823e+38 3,402823e+38 3,402823e+38 3,402823e+38 3,402823e+38 3,402823e+38 3,402823e+38 3,402823e+38 3,402823e+38 3,402823e+38 3,402823e+38 3,402823e+38 3,402823e+38 3,402823e+38 3,402823e+38 3,402823e+38 3,402823e+38 3,402823e+38 3,402823e+38 3,402823e+38 3,402823e+38 3,402823e+38 3,402823e+38
3,402823e+38 3,402823e+38 3,402823e+38 3,402823e+38 3,402823e+38 3,402823e+38 3,402823e+38 3,402823e+38 3,402823e+38 3,402823e+38 3,402823e+38 3,402823e+38 3,402823e+38 3,402823e+38 3,402823e+38 3,402823e+38 3,402823e+38 3,402823e+38 3,402823e+38 3,402823e+38 3,402823e+38 3,402823e+38 3,402823e+38 3,402823e+38 3,402823e+38 3,402823e+38 3,402823e+38 3,402823e+38 3,402823e+38 3,402823e+38 3,402823e+38 3,402823e+38 3,402823e+38 3,402823e+38 3,402823e+38 3,402823e+38 3,402823e+38 3,402823e+38 3,402823e+38 3,402823e+38 3,402823e+38 3,402823e+38 3,402823e+38 3,402823e+38 3,402823e+38 3,402823e+38 3,402823e+38 3,402823e+38 3,402823e+38 3,402823e+38 3,402823e+38 3,402823e+38
3,402823e+38 3,402823e+38 3,402823e+38 3,402823e+38 3,402823e+38 3,402823e+38 3,402823e+38 3,402823e+38 3,402823e+38 3,402823e+38 3,402823e+38 3,402823e+38 3,402823e+38 3,402823e+38 3,402823e+38 3,402823e+38 3,402823e+38 3,402823e+38 3,402823e+38 3,402823e+38 3,402823e+38 3,402823e+38 3,402823e+38 3,402823e+38 3,402823e+38 3,402823e+38 3,402823e+38 3,402823e+38 3,402823e+38 3,402823e+38 3,402823e+38 3,402823e+38 3,402823e+38 3,402823e+38 3,402823e+38 3,402823e+38 3,402823e+38 3,402823e+38 3,402823e+38 3,402823e+38 3,402823e+38 3,402823e+38 3,402823e+38 3,402823e+38 3,402823e+38 3,402823e+38 3,402823e+38 3,402823e+38 3,402823e+38 3,402823e+38 3,402823e+38 3,402823e+38
3,402823e+38 3,402823e+38 3,402823e+38 3,402823e+38 3,402823e+38 3,402823e+38 3,402823e+38 3,402823e+38 3,402823e+38 3,402823e+38 3,402823e+38 3,402823e+38 3,402823e+38 3,402823e+38 3,402823e+38 3,402823e+38 3,402823e+38 3,402823e+38 3,402823e+38 3,402823e+38 3,402823e+38 3,402823e+38 3,402823e+38 3,402823e+38 3,402823e+38 3,402823e+38 3,402823e+38 3,402823e+38 3,402823e+38 3,402823e+38 3,402823e+38 3,402823e+38 3,402823e+38 3,402823e+38 3,402823e+38 3,402823e+38 3,402823e+38 3,402823e+38 3,402823e+38 3,402823e+38 3,402823e+38 3,402823e+38 3,402823e+38 3,402823e+38 3,402823e+38 3,402823e+38 3,402823e+38 3,402823e+38 3,402823e+38 3,402823e+38 3,402823e+38 3,402823e+38
3,402823e+38 3,402823e+38 3,402823e+38 3,402823e+38 3,402823e+38 3,402823e+38 3,402823e+38 3,402823e+38 3,402823e+38 3,402823e+38 3,402823e+38 3,402823e+38 3,402823e+38 3,402823e+38 3,402823e+38 3,402823e+38 3,402823e+38 3,402823e+38 3,402823e+38 3,402823e+38 3,402823e+38 3,402823e+38 3,402823e+38 3,402823e+38 3,402823e+38 3,402823e+38 3,402823e+38 3,402823e+38 3,402823e+38 3,402823e+38 3,402823e+38 3,499578 3,402823e+38 3,402823e+38 3,402823e+38 3,402823e+38 3,402823e+38 3,402823e+38 3,402823e+38 3,402823e+38 3,402823e+38 3,402823e+38 3,402823e+38 3,402823e+38 3,402823e+38 3,402823e+38 3,402823e+38 3,402823e+38 3,402823e+38 3,402823e+38 3,402823e+38 3,402823e+38
3,402823e+38 3,402823e+38 3,402823e+38 3,402823e+38 3,402823e+38 3,402823e+38 3,402823e+38 3,402823e+38 3,402823e+38 3,402823e+38 3,402823e+38 3,402823e+38 3,402823e+38 3,402823e+38 3,402823e+38 3,402823e+38 3,402823e+38 3,402823e+38 3,402823e+38 3,402823e+38 3,402823e+38 3,402823e+38 3,402823e+38 3,402823e+38 3,402823e+38 3,402823e+38 3,402823e+38 3,402823e+38 3,402823e+38 3,402823e+38 3,402823e+38 6,863901 3,402823e+38 3,402823e+38 3,402823e+38 3,402823e+38 3,402823e+38 3,402823e+38 3,402823e+38 3,402823e+38 3,402823e+38 3,402823e+38 3,402823e+38 3,402823e+38 3,402823e+38 3,402823e+38 3,402823e+38 3,402823e+38 3,402823e+38 3,402823e+38 3,402823e+38 3,402823e+38
3,402823e+38 3,402823e+38 3,402823e+38 3,402823e+38 3,402823e+38 3,402823e+38 3,402823e+38 3,402823e+38 3,402823e+38 3,402823e+38 3,402823e+38 3,402823e+38 3,402823e+38 3,402823e+38 3,402823e+38 3,402823e+38 3,402823e+38 3,402823e+38 3,402823e+38 3,402823e+38 3,402823e+38 3,402823e+38 3,402823e+38 3,402823e+38 3,402823e+38 3,402823e+38 3,402823e+38 3,402823e+38 3,402823e+38 3,402823e+38 3,402823e+38 10,07841 3,512686 3,402823e+38 3,402823e+38 3,402823e+38 3,402823e+38 3,402823e+38 3,402823e+38 3,402823e+38 3,402823e+38 3,402823e+38 3,402823e+38 3,402823e+38 3,402823e+38 3,402823e+38 3,402823e+38 3,402823e+38 3,402823e+38 3,402823e+38 3,402823e+38 3,402823e+38
3,402823e+38 3,402823e+38 3,402823e+38 3,402823e+38 3,402823e+38 3,402823e+38 3,402823e+38 3,402823e+38 3,402823e+38 3,402823e+38 3,402823e+38 3,402823e+38 3,402823e+38 3,402823e+38 3,402823e+38 3,402823e+38 3,402823e+38 3,402823e+38 3,402823e+38 3,402823e+38 3,402823e+38 3,402823e+38 3,402823e+38 3,402823e+38 3,402823e+38 3,402823e+38 3,402823e+38 3,402823e+38 3,402823e+38 3,402823e+38 3,402823e+38 3,402823e+38 6,827291 3,503737 3,402823e+38 3,402823e+38 3,402823e+38 3,402823e+38 3,402823e+38 3,402823e+38 3,402823e+38 3,402823e+38 3,402823e+38 3,402823e+38 3,402823e+38 3,402823e+38 3,402823e+38 3,402823e+38 3,402823e+38 3,402823e+38 3,402823e+38 3,402823e+38
3,402823e+38 3,402823e+38 3,402823e+38 3,402823e+38 3,402823e+38 3,402823e+38 3,402823e+38 3,402823e+38 3,402823e+38 3,402823e+38 3,402823e+38 3,402823e+38 3,402823e+38 3,402823e+38 3,402823e+38 3,402823e+38 3,402823e+38 3,402823e+38 3,402823e+38 3,402823e+38 3,402823e+38 3,402823e+38 3,402823e+38 3,402823e+38 3,402823e+38 3,402823e+38 3,402823e+38 3,402823e+38 3,402823e+38 3,402823e+38 3,402823e+38 3,402823e+38 3,402823e+38 6,806852 4,585184 3,402823e+38 3,402823e+38 3,402823e+38 3,402823e+38 3,402823e+38 3,402823e+38 3,402823e+38 3,402823e+38 3,402823e+38 3,402823e+38 3,402823e+38 3,402823e+38 3,402823e+38 3,402823e+38 3,402823e+38 3,402823e+38 3,402823e+38
3,402823e+38 3,402823e+38 3,402823e+38 3,402823e+38 3,402823e+38 3,402823e+38 3,402823e+38 3,402823e+38 3,402823e+38 3,402823e+38 3,402823e+38 3,402823e+38 3,402823e+38 3,402823e+38 3,402823e+38 3,402823e+38 3,402823e+38 3,402823e+38 3,402823e+38 3,402823e+38 3,402823e+38 3,402823e+38 3,402823e+38 3,402823e+38 3,402823e+38 3,402823e+38 3,402823e+38 3,402823e+38 3,402823e+38 3,402823e+38 3,402823e+38 3,402823e+38 3,402823e+38 3,402823e+38 7,796122 3,402823e+38 3,402823e+38 3,402823e+38 3,402823e+38 3,402823e+38 3,402823e+38 3,402823e+38 3,402823e+38 3,402823e+38 3,402823e+38 3,402823e+38 3,402823e+38 3,402823e+38 3,402823e+38 3,402823e+38 3,402823e+38 3,402823e+38
3,402823e+38 3,402823e+38 3,402823e+38 3,402823e+38 3,402823e+38 3,402823e+38 3,402823e+38 3,402823e+38 3,402823e+38 3,402823e+38 3,402823e+38 3,402823e+38 3,402823e+38 3,402823e+38 3,402823e+38 3,402823e+38 3,402823e+38 3,402823e+38 3,402823e+38 3,402823e+38 3,402823e+38 3,402823e+38 3,402823e+38 3,402823e+38 3,402823e+38 3,402823e+38 3,402823e+38 3,402823e+38 3,402823e+38 3,402823e+38 3,402823e+38 3,402823e+38 3,402823e+38 3,402823e+38 10,76909 4,517747 3,402823e+38 3,402823e+38 3,402823e+38 3,402823e+38 3,402823e+38 3,402823e+38 3,402823e+38 3,402823e+38 3,402823e+38 3,402823e+38 3,402823e+38 3,402823e+38 3,402823e+38 3,402823e+38 3,402823e+38 3,402823e+38
3,402823e+38 3,402823e+38 3,402823e+38 3,402823e+38 3,402823e+38 3,402823e+38 3,402823e+38 3,402823e+38 3,402823e+38 3,402823e+38 3,402823e+38 3,402823e+38 3,402823e+38 3,402823e+38 3,402823e+38 3,402823e+38 3,402823e+38 3,402823e+38 3,402823e+38 3,402823e+38 3,402823e+38 3,402823e+38 3,402823e+38 3,402823e+38 3,402823e+38 3,402823e+38 3,402823e+38 3,402823e+38 3,402823e+38 3,402823e+38 3,402823e+38 3,402823e+38 3,402823e+38 3,402823e+38 3,402823e+38 13,71113 8,89334 3,402823e+38 3,402823e+38 3,402823e+38 3,402823e+38 3,402823e+38 3,402823e+38 3,402823e+38 3,402823e+38 3,402823e+38 3,402823e+38 3,402823e+38 3,402823e+38 3,402823e+38 3,402823e+38 3,402823e+38
3,402823e+38 3,402823e+38 3,402823e+38 3,402823e+38 3,402823e+38 3,402823e+38 3,402823e+38 3,402823e+38 3,402823e+38 3,402823e+38 3,402823e+38 3,402823e+38 3,402823e+38 3,402823e+38 3,402823e+38 3,402823e+38 3,402823e+38 3,402823e+38 3,402823e+38 3,402823e+38 3,402823e+38 3,402823e+38 3,402823e+38 3,402823e+38 3,402823e+38 3,402823e+38 3,402823e+38 3,402823e+38 3,402823e+38 3,402823e+38 3,402823e+38 3,402823e+38 3,402823e+38 3,402823e+38 3,402823e+38 3,402823e+38 17,77572 3,402823e+38 3,402823e+38 3,402823e+38 3,402823e+38 3,402823e+38 3,402823e+38 3,402823e+38 3,402823e+38 3,402823e+38 3,402823e+38 3,402823e+38 3,402823e+38 3,402823e+38 3,402823e+38 3,402823e+38
3,402823e+38 3,402823e+38 3,402823e+38 3,402823e+38 3,402823e+38 3,402823e+38 3,402823e+38 3,402823e+38 3,402823e+38 3,402823e+38 3,402823e+38 3,402823e+38 3,402823e+38 3,402823e+38 3,402823e+38 3,402823e+38 3,402823e+38 3,402823e+38 3,402823e+38 3,402823e+38 3,402823e+38 3,402823e+38 3,402823e+38 3,402823e+38 3,402823e+38 3,402823e+38 3,402823e+38 3,402823e+38 3,402823e+38 3,402823e+38 3,402823e+38 3,402823e+38 3,402823e+38 3,402823e+38 3,402823e+38 3,402823e+38 3,464832 21,71393 3,402823e+38 3,402823e+38 3,402823e+38 3,402823e+38 3,402823e+38 3,402823e+38 3,402823e+38 3,402823e+38 3,402823e+38 3,402823e+38 3,402823e+38 3,402823e+38 3,402823e+38 3,402823e+38
3,402823e+38 3,402823e+38 3,402823e+38 3,402823e+38 3,402823e+38 3,402823e+38 3,402823e+38 3,402823e+38 3,402823e+38 3,402823e+38 3,402823e+38 3,402823e+38 3,402823e+38 3,402823e+38 3,402823e+38 3,402823e+38 3,402823e+38 3,402823e+38 3,402823e+38 3,402823e+38 3,402823e+38 3,402823e+38 3,402823e+38 3,402823e+38 3,402823e+38 3,402823e+38 3,402823e+38 3,402823e+38 3,402823e+38 3,402823e+38 3,402823e+38 3,402823e+38 3,402823e+38 3,402823e+38 3,402823e+38 3,402823e+38 3,402823e+38 7,864968 25,52833 3,402823e+38 3,402823e+38 3,402823e+38 3,402823e+38 3,402823e+38 3,402823e+38 3,402823e+38 3,402823e+38 3,402823e+38 3,402823e+38 3,402823e+38 3,402823e+38 3,402823e+38
3,402823e+38 3,402823e+38 3,402823e+38 3,402823e+38 3,402823e+38 3,402823e+38 3,402823e+38 3,402823e+38 3,402823e+38 3,402823e+38 3,402823e+38 3,402823e+38 3,402823e+38 3,402823e+38 3,402823e+38 3,402823e+38 3,402823e+38 3,402823e+38 3,402823e+38 3,402823e+38 3,402823e+38 3,402823e+38 3,402823e+38 3,402823e+38 3,402823e+38 3,402823e+38 3,402823e+38 3,402823e+38 3,402823e+38 3,402823e+38 3,402823e+38 3,402823e+38 3,402823e+38 3,402823e+38 3,402823e+38 3,402823e+38 3,402823e+38 3,402823e+38 36,90533 4,542516 3,402823e+38 3,402823e+38 3,402823e+38 3,402823e+38 3,402823e+38 3,402823e+38 3,402823e+38 3,402823e+38 3,402823e+38 3,402823e+38 3,402823e+38 3,402823e+38
