tests/data/reference/gistest/full/control/cinfil_m3.asc
ncols        125
nrows        78
xllcorner    -713756.799299980048
yllcorner    -1061032.369616159936
cellsize     10.000000000000
NODATA_value  -9999
[rows 18 to 35 of 78, columns 41 to 81 of 125]
0.35584861040115356445 0.27888974547386169434 0.35523691773414611816 0.31764280796051025391 0.30987831950187683105 0.26730442047119140625 0.28077846765518188477 0.31253525614738464355 0.25057554244995117188 0.23863776028156280518 0.26544451713562011719 0.2770544886589050293 0.33895513415336608887 0.28373685479164123535 0.25878050923347473145 0.25718557834625244141 0.24574044346809387207 0.23424319922924041748 0.23456658422946929932 0.23502516746520996094 0.23578502237796783447 0.23684358596801757812 0.29420289397239685059 0.25324943661689758301 0.25518760085105895996 0.25656515359878540039 0.3478558957576751709 0.2707169651985168457 0.27137672901153564453 0.39276289939880371094 0.27730140089988708496 0.28259778022766113281 0.26457431912422180176 0.53674083948135375977 0.31333675980567932129 0.27643835544586181641 0.2602036893367767334 0.25238299369812011719 0.2478036731481552124 -9999 -9999
0.35965943336486816406 0.28455254435539245605 0.35820218920707702637 0.32068502902984619141 0.31354805827140808105 0.27208784222602844238 0.2850106656551361084 0.31647801399230957031 0.2579390406608581543 0.23607213795185089111 0.24961811304092407227 0.27382260560989379883 0.28494653105735778809 0.34429457783699035645 0.29165428876876831055 0.26836878061294555664 0.26719179749488830566 0.25711429119110107422 0.24699832499027252197 0.2474657595157623291 0.24811027944087982178 0.24896727502346038818 0.25018584728240966797 0.30507984757423400879 0.26503512263298034668 0.26590237021446228027 0.26632776856422424316 0.35489571094512939453 0.28103172779083251953 0.40046235918998718262 0.2845669090747833252 0.28823646903038024902 0.26106724143028259277 0.26885014772415161133 0.55133837461471557617 0.3318971097469329834 0.26945906877517700195 0.25815674662590026855 0.2507209479808807373 0.23859088122844696045 -9999
0.36398619413375854492 0.28953883051872253418 0.36085885763168334961 0.32370203733444213867 0.31695416569709777832 0.27680224180221557617 0.28924891352653503418 0.32031178474426269531 0.26466065645217895508 0.23413862287998199463 0.24723167717456817627 0.25957879424095153809 0.28228345513343811035 0.29273292422294616699 0.34942868351936340332 0.29914656281471252441 0.27752897143363952637 0.27680274844169616699 0.26750189065933227539 0.25829011201858520508 0.25906854867935180664 0.26011413335800170898 0.26108008623123168945 0.26187926530838012695 0.31404012441635131836 0.27458909153938293457 0.27540612220764160156 0.2763932347297668457 0.36429047584533691406 0.4054304957389831543 0.28977349400520324707 0.292362213134765625 0.2550995945930480957 0.25976511836051940918 0.2613894045352935791 0.56212675571441650391 0.34567630290985107422 0.27043873071670532227 0.25732603669166564941 0.24549476802349090576 0.23693655431270599365
0.36897981166839599609 0.29473510384559631348 0.36311614513397216797 0.32679161429405212402 0.32012569904327392578 0.28136941790580749512 0.29359811544418334961 0.32443192601203918457 0.27116411924362182617 0.24415294826030731201 0.23345996439456939697 0.25739517807960510254 0.26920813322067260742 0.29022377729415893555 0.29989036917686462402 0.35456165671348571777 0.30672988295555114746 0.28652325272560119629 0.28614357113838195801 0.27765792608261108398 0.26915943622589111328 0.26992315053939819336 0.27058842778205871582 0.27117881178855895996 0.27196964621543884277 0.32251846790313720703 0.28500616550445556641 0.28655755519866943359 0.3729000091552734375 0.40864080190658569336 0.29466432332992553711 0.29849031567573547363 0.26097697019577026367 0.25660011172294616699 0.24952082335948944092 0.26109054684638977051 0.56840234994888305664 0.35920912027359008789 0.28820005059242248535 0.25596281886100769043 0.24397994577884674072
0.37456527352333068848 0.30137297511100769043 0.36612734198570251465 0.33027708530426025391 0.32357367873191833496 0.28628009557723999023 0.29807785153388977051 0.32902374863624572754 0.27789911627769470215 0.25315436720848083496 0.24422667920589447021 0.23349726200103759766 0.26697644591331481934 0.27774211764335632324 0.29752248525619506836 0.30717748403549194336 0.36012399196624755859 0.3144009709358215332 0.29543882608413696289 0.2954699099063873291 0.28737211227416992188 0.27893376350402832031 0.2794399559497833252 0.28021332621574401855 0.28113728761672973633 0.2822589576244354248 0.33219310641288757324 0.29631337523460388184 0.38250422477722167969 0.41229951381683349609 0.30111783742904663086 0.3043836057186126709 0.2676258087158203125 0.26143741607666015625 0.25490656495094299316 0.26878729462623596191 0.24925571680068969727 0.57571965456008911133 0.37016031146049499512 0.30240991711616516113 0.25570029020309448242
0.38042142987251281738 0.3088271021842956543 0.37053227424621582031 0.33444732427597045898 0.3278382718563079834 0.29186421632766723633 0.30283957719802856445 0.33410304784774780273 0.28501850366592407227 0.26194286346435546875 0.25402599573135375977 0.232885017991065979 0.24468603730201721191 0.27544513344764709473 0.28589174151420593262 0.30527821183204650879 0.31472834944725036621 0.36577570438385009766 0.32198950648307800293 0.30425652861595153809 0.30440038442611694336 0.29638952016830444336 0.28837615251541137695 0.28915297985076904297 0.29003432393074035645 0.2912521660327911377 0.29326090216636657715 0.34244436025619506836 0.39345812797546386719 0.41783246397972106934 0.30673125386238098145 0.30888193845748901367 0.27407029271125793457 0.2683047950267791748 0.26037779450416564941 0.27332422137260437012 0.24054484069347381592 0.25916475057601928711 0.58290642499923706055 0.38344791531562805176 0.32247078418731689453
0.38632124662399291992 0.31636527180671691895 0.3754456937313079834 0.33899456262588500977 0.33208161592483520508 0.29730233550071716309 0.30773496627807617188 0.33919930458068847656 0.29188808798789978027 0.26996177434921264648 0.23210780322551727295 0.26300868391990661621 0.24362717568874359131 0.25445955991744995117 0.28383600711822509766 0.29420143365859985352 0.31296235322952270508 0.32216680049896240234 0.37171182036399841309 0.32988828420639038086 0.31292575597763061523 0.31288102269172668457 0.30522257089614868164 0.29755669832229614258 0.2985515296459197998 0.30010092258453369141 0.30210271477699279785 0.30436530709266662598 0.40382713079452514648 0.4236793220043182373 0.31228587031364440918 0.31352102756500244141 0.28100544214248657227 0.27513101696968078613 0.26632675528526306152 0.27758547663688659668 0.24682323634624481201 0.26522490382194519043 0.24581119418144226074 0.59216898679733276367 0.39652365446090698242
0.39240366220474243164 0.32377070188522338867 0.3804638981819152832 0.34369197487831115723 0.33602061867713928223 0.30224263668060302734 0.31277483701705932617 0.34417587518692016602 0.29837295413017272949 0.27722215652465820312 0.24208295345306396484 0.2309176027774810791 0.27114698290824890137 0.25326862931251525879 0.26367017626762390137 0.29197132587432861328 0.3024241328239440918 0.32097047567367553711 0.33022150397300720215 0.37814828753471374512 0.33745241165161132812 0.32082331180572509766 0.32083249092102050781 0.31368735432624816895 0.30697390437126159668 0.30885723233222961426 0.31061652302742004395 0.31185555458068847656 0.41181465983390808105 0.42832341790199279785 0.31848928332328796387 0.31936576962471008301 0.28821653127670288086 0.28193503618240356445 0.27248591184616088867 0.28198012709617614746 0.25210228562355041504 0.26892969012260437012 0.25078511238098144531 0.59097510576248168945 0.2432295680046081543
0.42916452884674072266 0.33137777447700500488 0.38585540652275085449 0.34879052639007568359 0.34055861830711364746 0.30755007266998291016 0.31796205043792724609 0.34889176487922668457 0.3044929206371307373 0.28417119383811950684 0.2508290410041809082 0.23005600273609161377 0.24151481688022613525 0.27903079986572265625 0.26245334744453430176 0.27281433343887329102 0.30063000321388244629 0.31123775243759155273 0.32921627163887023926 0.33773347735404968262 0.3837369382381439209 0.34423837065696716309 0.32846137881278991699 0.32900628447532653809 0.32280206680297851562 0.31674358248710632324 0.31832805275917053223 0.31939417123794555664 0.4203764796257019043 0.43353816866874694824 0.32521894574165344238 0.32604306936264038086 0.29615351557731628418 0.28940597176551818848 0.27931940555572509766 0.2868296504020690918 0.25818350911140441895 0.27302506566047668457 0.25532901287078857422 0.5888296961784362793 0.24923439323902130127
0.44001141190528869629 0.33922120928764343262 0.39179509878158569336 0.35462540388107299805 0.34597948193550109863 0.3137302398681640625 0.32331001758575439453 0.35318893194198608398 0.3100852668285369873 0.29079973697662353516 0.25893568992614746094 0.24015575647354125977 0.25038650631904602051 0.23059383034706115723 0.2870871126651763916 0.27196070551872253418 0.28255870938301086426 0.30952697992324829102 0.31942057609558105469 0.3362591862678527832 0.34435445070266723633 0.38918805122375488281 0.35124298930168151855 0.33646160364151000977 0.33722770214080810547 0.33114424347877502441 0.32509493827819824219 0.32666879892349243164 0.43002092838287353516 0.44021248817443847656 0.33327987790107727051 0.33382469415664672852 0.30521538853645324707 0.2981929779052734375 0.28750118613243103027 0.2928803861141204834 0.26449728012084960938 0.27827629446983337402 0.26084375381469726562 0.58735948801040649414 0.25373548269271850586
0.45395353436470031738 0.34704154729843139648 0.39752182364463806152 0.3603700101375579834 0.35158422589302062988 0.32021695375442504883 0.32886356115341186523 0.35740879178047180176 0.31542643904685974121 0.29725551605224609375 0.26670044660568237305 0.24915771186351776123 0.25862389802932739258 0.24104012548923492432 0.29429385066032409668 0.28023356199264526367 0.23431256413459777832 0.29181876778602600098 0.31761002540588378906 0.32683214545249938965 0.34299236536026000977 0.35096329450607299805 0.39473360776901245117 0.35822519659996032715 0.34409770369529724121 0.34500172734260559082 0.33943313360214233398 0.33385360240936279297 0.43969240784645080566 0.44686397910118103027 0.34117457270622253418 0.34093627333641052246 0.31320264935493469238 0.30609199404716491699 0.29532599449157714844 0.29943859577178955078 0.27184450626373291016 0.2845465540885925293 0.26716151833534240723 0.5867150425910949707 0.25832998752593994141
0.27209961414337158203 0.41867464780807495117 0.40287286043167114258 0.36539873480796813965 0.35652244091033935547 0.32620760798454284668 0.33428981900215148926 0.36165487766265869141 0.32068079710006713867 0.30362147092819213867 0.27426254749298095703 0.25766441226005554199 0.26661124825477600098 0.25030982494354248047 0.30100792646408081055 0.28768989443778991699 0.23345851898193359375 0.24615558981895446777 0.3006553351879119873 0.32527592778205871582 0.33381506800651550293 0.34941011667251586914 0.35731810331344604492 0.40019682049751281738 0.36517593264579772949 0.35222277045249938965 0.35399079322814941406 0.34876900911331176758 0.34234544634819030762 0.46547183394432067871 0.34815478324890136719 0.34687754511833190918 0.31947630643844604492 0.31210106611251831055 0.30159828066825866699 0.30535852909088134766 0.27924931049346923828 0.29153102636337280273 0.27411788702011108398 0.58674508333206176758 0.26506203413009643555
0.62682121992111206055 0.63508325815200805664 0.43269646167755126953 0.34691539406776428223 0.33836263418197631836 0.33484491705894470215 0.3416907191276550293 0.36737164855003356934 0.32682380080223083496 0.31048107147216796875 0.28224855661392211914 0.26643261313438415527 0.27494132518768310547 0.2595418095588684082 0.30796474218368530273 0.29517364501953125 0.24437072873115539551 0.23368246853351593018 0.25693392753601074219 0.30874559283256530762 0.33235388994216918945 0.34091389179229736328 0.35645145177841186523 0.3646602630615234375 0.4068711400032043457 0.3735281527042388916 0.36126282811164855957 0.36226916313171386719 0.35573402047157287598 0.34823283553123474121 0.4744319915771484375 0.35233032703399658203 0.32531431317329406738 0.31755405664443969727 0.30721390247344970703 0.31079569458961486816 0.28635141253471374512 0.29873192310333251953 0.28142687678337097168 0.58717840909957885742 0.27251574397087097168
0.57237726449966430664 0.57728689908981323242 0.63703233003616333008 0.65258938074111938477 0.66456514596939086914 0.35158503055572509766 0.3364868462085723877 0.37675577402114868164 0.33506572246551513672 0.31833058595657348633 0.29115998744964599609 0.27622354030609130859 0.2845230400562286377 0.26994204521179199219 0.31595858931541442871 0.30314019322395324707 0.25449073314666748047 0.24462114274501800537 0.23326186835765838623 0.26658150553703308105 0.31690385937690734863 0.34060704708099365234 0.34967914223670959473 0.36553034186363220215 0.37401816248893737793 0.41483333706855773926 0.38139897584915161133 0.36785167455673217773 0.36744385957717895508 0.36021125316619873047 0.48235541582107543945 0.3571999967098236084 0.33074781298637390137 0.32266142964363098145 0.31249386072158813477 0.3161468505859375 0.29323652386665344238 0.3057295680046081543 0.28880420327186584473 0.58813130855560302734 0.27994009852409362793
0.29091703891754150391 0.28949633240699768066 0.31950137019157409668 0.33029973506927490234 0.33781862258911132812 0.66453611850738525391 0.6745154261589050293 0.68440926074981689453 0.35859671235084533691 0.32924276590347290039 0.30441972613334655762 0.28956168889999389648 0.29723301529884338379 0.28320384025573730469 0.32654702663421630859 0.3131644129753112793 0.23555774986743927002 0.2653420865535736084 0.25582477450370788574 0.24599355459213256836 0.27707323431968688965 0.32612442970275878906 0.34936124086380004883 0.35839074850082397461 0.37355625629425048828 0.38102447986602783203 0.41975763440132141113 0.38639557361602783203 0.3726736605167388916 0.37205854058265686035 0.49089261889457702637 0.36273351311683654785 0.33653995394706726074 0.32778751850128173828 0.31765168905258178711 0.32162261009216308594 0.30000862479209899902 0.31232690811157226562 0.29588541388511657715 0.59005779027938842773 0.28761062026023864746
0.29751056432723999023 0.30803737044334411621 0.27862009406089782715 0.27740618586540222168 0.27768561244010925293 0.29099807143211364746 0.30240970849990844727 0.3118629753589630127 0.68542271852493286133 0.69287741184234619141 0.70969152450561523438 0.30826464295387268066 0.30963224172592163086 0.31422218680381774902 0.29872360825538635254 0.33914804458618164062 0.32509654760360717773 0.25027537345886230469 0.27729934453964233398 0.26785501837730407715 0.25836214423179626465 0.28698453307151794434 0.33384719491004943848 0.35570415854454040527 0.36372065544128417969 0.37799781560897827148 0.38518011569976806641 0.42325219511985778809 0.39110368490219116211 0.3781808018684387207 0.37804576754570007324 0.5001729130744934082 0.34371867775917053223 0.33379513025283813477 0.32331138849258422852 0.32736912369728088379 0.30659821629524230957 0.31839102506637573242 0.30234608054161071777 0.593502044677734375 0.29627007246017456055
0.32107999920845031738 0.28452417254447937012 0.28249502182006835938 0.2683970034122467041 0.26728838682174682617 0.25771883130073547363 0.25811278820037841797 0.25751399993896484375 0.25766855478286743164 0.27298820018768310547 0.28733751177787780762 0.71158874034881591797 0.72456610202789306641 0.73437535762786865234 0.30810841917991638184 0.29510992765426635742 0.34969860315322875977 0.33515888452529907227 0.26257255673408508301 0.28767988085746765137 0.27794927358627319336 0.26830688118934631348 0.29492384195327758789 0.33966913819313049316 0.36031776666641235352 0.36785992980003356934 0.38194039463996887207 0.38941705226898193359 0.42726045846939086914 0.39676085114479064941 0.38486501574516296387 0.45539417862892150879 0.35232561826705932617 0.34161561727523803711 0.3306370079517364502 0.33433580398559570312 0.31390979886054992676 0.32465919852256774902 0.30852329730987548828 0.59891051054000854492 0.30576470494270324707
0.2761580348014831543 0.27455669641494750977 0.27318340539932250977 0.27172964811325073242 0.259307861328125 0.24916337430477142334 0.2481759190559387207 0.24705940485000610352 0.24722231924533843994 0.24932782351970672607 0.30342695116996765137 0.31631547212600708008 0.32706460356712341309 0.32925850152969360352 0.73546528816223144531 0.3159065544605255127 0.30373212695121765137 0.3320967257022857666 0.32025724649429321289 0.26096516847610473633 0.28113013505935668945 0.27275446057319641113 0.26449942588806152344 0.28578996658325195312 0.32152956724166870117 0.33769315481185913086 0.34368425607681274414 0.3552086949348449707 0.36186859011650085449 0.39218640327453613281 0.36957368254661560059 0.36086344718933105469 0.46707680821418762207 0.32803273200988769531 0.31856039166450500488 0.32077547907829284668 0.32279357314109802246 0.33168658614158630371 0.31471717357635498047 0.60607486963272094727 0.31555229425430297852
