tests/data/reference/gistest/full/control/cinfil_m3.asc
ncols        125
nrows        78
xllcorner    -713756.799299980048
yllcorner    -1061032.369616159936
cellsize     10.000000000000
NODATA_value  -9999
[rows 19 to 37 of 78, columns 42 to 83 of 125]
1.0668734312057495117 1.13088226318359375 1.0982736349105834961 1.092253565788269043 1.0544265508651733398 1.0665127038955688477 1.0947210788726806641 1.0424299240112304688 1.0272614955902099609 1.0369778871536254883 1.055115818977355957 1.0656217336654663086 1.1195174455642700195 1.0717420578002929688 1.0520206689834594727 1.0511016845703125 1.04268646240234375 1.0344853401184082031 1.0349544286727905273 1.0355684757232666016 1.0363433361053466797 1.0373923778533935547 1.0840795040130615234 1.0492269992828369141 1.0497232675552368164 1.0495790243148803711 1.1292119026184082031 1.0616317987442016602 1.1724207401275634766 1.0658576488494873047 1.0703881978988647461 1.046555638313293457 1.0537669658660888672 1.2593076229095458984 1.1084749698638916016 1.0523383617401123047 1.0418213605880737305 1.0334463119506835938 1.0326588153839111328 -9999 -9999 -9999
1.0711079835891723633 1.133473515510559082 1.1009165048599243164 1.0951792001724243164 1.0587880611419677734 1.0702666044235229492 1.0980856418609619141 1.0480787754058837891 1.0252319574356079102 1.0349458456039428711 1.0445585250854492188 1.0628674030303955078 1.0726245641708374023 1.1242185831069946289 1.078421473503112793 1.0598239898681640625 1.0592844486236572266 1.0514066219329833984 1.0436673164367675781 1.0443483591079711914 1.0452440977096557617 1.0460621118545532227 1.046721339225769043 1.0919891595840454102 1.0572106838226318359 1.0576817989349365234 1.0581494569778442383 1.1378368139266967773 1.1772644519805908203 1.0706102848052978516 1.0738316774368286133 1.0418543815612792969 1.0455610752105712891 1.0472126007080078125 1.2593076229095458984 1.1207147836685180664 1.0533531904220581055 1.0405118465423583984 1.034358978271484375 1.0313245058059692383 1.0374736785888671875 -9999
1.0755554437637329102 1.1357030868530273438 1.1036521196365356445 1.0979174375534057617 1.0629302263259887695 1.0740972757339477539 1.1017247438430786133 1.0537939071655273438 1.0323537588119506836 1.0242056846618652344 1.0428971052169799805 1.0525406599044799805 1.0700447559356689453 1.0790201425552368164 1.1289519071578979492 1.0851749181747436523 1.0675753355026245117 1.0673252344131469727 1.0600726604461669922 1.0528050661087036133 1.0534648895263671875 1.0540306568145751953 1.0545214414596557617 1.0551604032516479492 1.099545598030090332 1.0661422014236450195 1.0672993659973144531 1.1457024812698364258 1.1804414987564086914 1.0750086307525634766 1.079030156135559082 1.0472244024276733398 1.0406444072723388672 1.0419098138809204102 1.0464875698089599609 1.2593076229095458984 1.1329146623611450195 1.0688909292221069336 1.041405797004699707 1.0333180427551269531 1.0338572263717651367 1.0342905521392822266
1.081295013427734375 1.1386556625366210938 1.1067712306976318359 1.1009228229522705078 1.0673233270645141602 1.0780303478240966797 1.1058090925216674805 1.0597470998764038086 1.0394253730773925781 1.0322197675704956055 1.0241777896881103516 1.0508491992950439453 1.0598299503326416016 1.0766059160232543945 1.0855230093002319336 1.1341111660003662109 1.0920249223709106445 1.0753227472305297852 1.0754199028015136719 1.0684441328048706055 1.061158299446105957 1.0615950822830200195 1.0622500181198120117 1.063023686408996582 1.0639486312866210938 1.1082528829574584961 1.0759708881378173828 1.1544356346130371094 1.1840684413909912109 1.0807489156723022461 1.0840821266174316406 1.0528252124786376953 1.0466246604919433594 1.0371596813201904297 1.0531672239303588867 1.0412067174911499023 1.2593076229095458984 1.142972111701965332 1.0814135074615478516 1.0413233041763305664 1.037842869758605957 1.0361278057098388672
1.0878012180328369141 1.1429451704025268555 1.1105369329452514648 1.1046814918518066406 1.0722823143005371094 1.0822212696075439453 1.1103700399398803711 1.0660359859466552734 1.0466978549957275391 1.0401105880737304688 1.0235826969146728516 1.0325342416763305664 1.0580476522445678711 1.0668784379959106445 1.0835518836975097656 1.0922756195068359375 1.1393909454345703125 1.0988396406173706055 1.0830392837524414062 1.0832269191741943359 1.0762755870819091797 1.0693041086196899414 1.0699733495712280273 1.0707242488861083984 1.0717585086822509766 1.0734653472900390625 1.1176151037216186523 1.164378046989440918 1.1895376443862915039 1.0857446193695068359 1.087956547737121582 1.0582275390625 1.0527331829071044922 1.0430828332901000977 1.0570358037948608398 1.0346152782440185547 1.0410004854202270508 1.2593076229095458984 1.1552785634994506836 1.0990799665451049805 1.048526763916015625 1.0431650876998901367
1.0944366455078125 1.1477280855178833008 1.1146686077117919922 1.1084502935409545898 1.0770993232727050781 1.0865430831909179688 1.1149855852127075195 1.0721067190170288086 1.0534878969192504883 1.022967219352722168 1.0476094484329223633 1.0316283702850341797 1.0404000282287597656 1.0652638673782348633 1.0741214752197265625 1.0904446840286254883 1.0989627838134765625 1.1449737548828125 1.1059772968292236328 1.0906870365142822266 1.090702056884765625 1.0840003490447998047 1.0772852897644042969 1.0781475305557250977 1.0794852972030639648 1.0812132358551025391 1.0831632614135742188 1.1738886833190917969 1.1953275203704833984 1.0907019376754760742 1.0919930934906005859 1.0640736818313598633 1.0586180686950683594 1.0491098165512084961 1.060637354850769043 1.0350840091705322266 1.0471464395523071289 1.0402579307556152344 1.2593076229095458984 1.1674895286560058594 1.109892725944519043 1.0618464946746826172
1.1010147333145141602 1.152615666389465332 1.1189614534378051758 1.1119698286056518555 1.0814801454544067383 1.0910115242004394531 1.1195303201675415039 1.0778421163558959961 1.0597091913223266602 1.0304015874862670898 1.0215528011322021484 1.0545165538787841797 1.0393884181976318359 1.0480823516845703125 1.0723164081573486328 1.0813301801681518555 1.0976556539535522461 1.1062455177307128906 1.1510719060897827148 1.1128762960433959961 1.0977193117141723633 1.0977759361267089844 1.0914648771286010742 1.0855323076248168945 1.0871807336807250977 1.0887172222137451172 1.0897957086563110352 1.1811952590942382812 1.1999374628067016602 1.0962623357772827148 1.097146153450012207 1.0702030658721923828 1.0644546747207641602 1.0549157857894897461 1.0643564462661743164 1.0376166105270385742 1.0510118007659912109 1.0351241827011108398 1.2593076229095458984 1.0374122858047485352 1.1717413663864135742 1.1187753677368164062
1.1078294515609741211 1.1578553915023803711 1.1236467361450195312 1.1160577535629272461 1.0861943960189819336 1.0956335067749023438 1.1238690614700317383 1.0832692384719848633 1.0657058954238891602 1.0373934507369995117 1.0207264423370361328 1.029734492301940918 1.0612709522247314453 1.0470510721206665039 1.0558527708053588867 1.0798698663711547852 1.0891109704971313477 1.1051245927810668945 1.1131011247634887695 1.1564040184020996094 1.119131922721862793 1.1045845746994018555 1.1051163673400878906 1.0995771884918212891 1.0941648483276367188 1.0955663919448852539 1.0965081453323364258 1.1890317201614379883 1.2051231861114501953 1.1023259162902832031 1.1030955314636230469 1.0770139694213867188 1.0708841085433959961 1.0611146688461303711 1.0684858560562133789 1.0426471233367919922 1.0550200939178466797 1.0385725498199462891 1.2593076229095458984 1.0360910892486572266 1.1725647449493408203 1.1238576173782348633
1.1149344444274902344 1.1636288166046142578 1.1290383338928222656 1.1209822893142700195 1.0916998386383056641 1.1004260778427124023 1.127844691276550293 1.0882470607757568359 1.0714572668075561523 1.0441154241561889648 1.028561711311340332 1.0369505882263183594 1.0212363004684448242 1.0682194232940673828 1.0551332235336303711 1.0642275810241699219 1.0876891613006591797 1.0963960886001586914 1.1115669012069702148 1.1192079782485961914 1.1616405248641967773 1.1256493330001831055 1.1118500232696533203 1.1125845909118652344 1.1070835590362548828 1.1016279458999633789 1.1030361652374267578 1.1978975534439086914 1.2117719650268554688 1.1096309423446655273 1.1100971698760986328 1.0848643779754638672 1.0784940719604492188 1.0683981180191040039 1.073691248893737793 1.0482208728790283203 1.0598978996276855469 1.0440611839294433594 1.2593076229095458984 1.0381323099136352539 1.1727378368377685547 1.1262853145599365234
1.1221045255661010742 1.1692115068435668945 1.1343735456466674805 1.1261116266250610352 1.097504734992980957 1.1054252386093139648 1.1317614316940307617 1.093021392822265625 1.0770829916000366211 1.0506730079650878906 1.0359044075012207031 1.0438312292098999023 1.029349207878112793 1.0744708776473999023 1.0622402429580688477 1.0250630378723144531 1.072253108024597168 1.0948549509048461914 1.1030572652816772461 1.1177849769592285156 1.1253592967987060547 1.1670217514038085938 1.1322028636932373047 1.1188733577728271484 1.119742274284362793 1.1146371364593505859 1.1095359325408935547 1.2068130970001220703 1.2183976173400878906 1.1168562173843383789 1.1165673732757568359 1.0918505191802978516 1.0853837728500366211 1.0753340721130371094 1.0793744325637817383 1.0547270774841308594 1.0655717849731445312 1.0500208139419555664 1.2593076229095458984 1.0422389507293701172 1.1756790876388549805 1.1314531564712524414
1.0232826471328735352 1.1744384765625 1.1390831470489501953 1.1306558847427368164 1.1028990745544433594 1.11034393310546875 1.1357184648513793945 1.0977426767349243164 1.0826563835144042969 1.0571333169937133789 1.0430227518081665039 1.0506018400192260742 1.0369359254837036133 1.0803219079971313477 1.0686887502670288086 1.0243272781372070312 1.0338495969772338867 1.0799618959426879883 1.1017154455184936523 1.1093926429748535156 1.1237688064575195312 1.1313241720199584961 1.1723715066909790039 1.1387895345687866211 1.126435399055480957 1.1281151771545410156 1.1232535839080810547 1.1173113584518432617 1.233753204345703125 1.1233119964599609375 1.1220282316207885742 1.0973871946334838867 1.0906630754470825195 1.0808995962142944336 1.0845429897308349609 1.0612674951553344727 1.0718191862106323242 1.0563653707504272461 1.2593076229095458984 1.048381805419921875 1.1800861358642578125 1.1379156112670898438
1.0322892665863037109 1.0322892665863037109 0.96357119083404541016 0.95642781257629394531 1.1107130050659179688 1.1170943975448608398 1.1410744190216064453 1.1032857894897460938 1.0886960029602050781 1.064005732536315918 1.0504678487777709961 1.0577349662780761719 1.0446929931640625 1.0864235162734985352 1.0751999616622924805 1.0324014425277709961 1.0244390964508056641 1.0425497293472290039 1.0870714187622070312 1.1081106662750244141 1.1159021854400634766 1.1303824186325073242 1.1382659673690795898 1.1789623498916625977 1.146771550178527832 1.1349399089813232422 1.1359322071075439453 1.1297968626022338867 1.1228001117706298828 1.2418169975280761719 1.127086639404296875 1.1025850772857666016 1.0954889059066772461 1.0858956575393676758 1.0893212556838989258 1.0675306320190429688 1.078230738639831543 1.0629149675369262695 1.2593076229095458984 1.0550844669342041016 1.1848130226135253906 1.1441227197647094727
1.0322892665863037109 1.0322892665863037109 1.0322892665863037109 1.0322892665863037109 0.9683755040168762207 0.95534169673919677734 1.1499350070953369141 1.1107628345489501953 1.095652461051940918 1.0717222690582275391 1.058865666389465332 1.0659999847412109375 1.0535628795623779297 1.0934847593307495117 1.0821676254272460938 1.0405400991439819336 1.0325589179992675781 1.0238198041915893555 1.0506215095520019531 1.0942957401275634766 1.1156455278396606445 1.1240152120590209961 1.1389642953872680664 1.1471920013427734375 1.1868909597396850586 1.1543753147125244141 1.1412450075149536133 1.1409149169921875 1.1340769529342651367 1.2490413188934326172 1.1316385269165039062 1.1074621677398681641 1.1000428199768066406 1.0906087160110473633 1.0940558910369873047 1.0736029148101806641 1.0844644308090209961 1.0694729089736938477 1.2593076229095458984 1.0616964101791381836 1.1892408132553100586 1.1496168375015258789
0.91894245147705078125 0.94298785924911499023 0.95201796293258666992 0.9582881927490234375 1.0322892665863037109 1.0322892665863037109 1.0322892665863037109 0.97350364923477172852 0.94948166608810424805 1.0832765102386474609 1.0703954696655273438 1.0770395994186401367 1.0649919509887695312 1.1029201745986938477 1.0909966230392456055 1.0264242887496948242 1.0496268272399902344 1.0416167974472045898 1.0335712432861328125 1.0595606565475463867 1.1025339365005493164 1.1237385272979736328 1.1321805715560913086 1.1466543674468994141 1.1539669036865234375 1.191859126091003418 1.1592555046081542969 1.1459213495254516602 1.1453921794891357422 1.2569605112075805664 1.1368472576141357422 1.1127134561538696289 1.1046438217163085938 1.0952336788177490234 1.098936915397644043 1.0795762538909912109 1.0903575420379638672 1.0757516622543334961 1.2593076229095458984 1.0684884786605834961 1.1941540241241455078 1.1557060480117797852
0.93310552835464477539 0.91098189353942871094 0.91006475687026977539 0.9110819697380065918 0.92159032821655273438 0.93067258596420288086 0.93822884559631347656 1.0322892665863037109 1.0322892665863037109 1.0322892665863037109 0.93392103910446166992 1.0878988504409790039 1.0919268131256103516 1.0784815549850463867 1.1142824888229370117 1.1016074419021606445 1.0373628139495849609 1.0598380565643310547 1.051732182502746582 1.043738245964050293 1.0680985450744628906 1.1095175743103027344 1.1297037601470947266 1.137271881103515625 1.1509841680526733398 1.1580333709716796875 1.1954243183135986328 1.1638734340667724609 1.1512733697891235352 1.1511998176574707031 1.2593076229095458984 1.1192835569381713867 1.1100804805755615234 1.1003329753875732422 1.104091644287109375 1.0854063034057617188 1.0957998037338256836 1.0814785957336425781 1.2593076229095458984 1.0761362314224243164 1.2003148794174194336 1.1665728092193603516
1.0652796030044555664 1.0634187459945678711 0.90320432186126708984 0.90221941471099853516 0.89628273248672485352 0.89742177724838256836 0.89699018001556396484 0.89715373516082763672 0.90907847881317138672 0.92019599676132202148 1.0322892665863037109 1.0322892665863037109 1.0322892665863037109 0.9335053563117980957 0.92388057708740234375 1.1239763498306274414 1.1106762886047363281 1.0473793745040893555 1.0687968730926513672 1.060366511344909668 1.0521324872970581055 1.0749932527542114258 1.1148650646209716797 1.1341071128845214844 1.1412758827209472656 1.154845118522644043 1.1621869802474975586 1.1995245218276977539 1.1694395542144775391 1.1577805280685424805 1.0322892665863037109 1.1272478103637695312 1.1172215938568115234 1.1069612503051757812 1.11038970947265625 1.0918972492218017578 1.1014530658721923828 1.0869662761688232422 1.2593076229095458984 1.0845252275466918945 1.2070493698120117188 1.1770064830780029297
1.0561017990112304688 1.0546905994415283203 1.0532742738723754883 1.0444548130035400391 0.89043599367141723633 0.88972645998001098633 0.88893878459930419922 0.88982754945755004883 0.89139628410339355469 0.93060964345932006836 0.94121432304382324219 0.95005953311920166016 0.95199441909790039062 1.0322892665863037109 0.94028204679489135742 0.93115007877349853516 0.95167493820190429688 0.94233781099319458008 0.89880669116973876953 0.91311532258987426758 0.90701687335968017578 0.90110874176025390625 0.91625577211380004883 0.94304639101028442383 0.95584630966186523438 0.96070152521133422852 0.97022193670272827148 0.97591674327850341797 1.0018697977066040039 0.98266804218292236328 0.9753729701042175293 1.0322892665863037109 0.94879585504531860352 0.94114214181900024414 0.94281888008117675781 1.099826812744140625 1.1078211069107055664 1.0924870967864990234 1.2593076229095458984 1.0932112932205200195 1.2138068675994873047 1.1866917610168457031
1.0469999313354492188 1.0453119277954101562 1.0363969802856445312 1.0360124111175537109 1.0350687503814697266 1.0339967012405395508 0.88241589069366455078 0.88266032934188842773 0.92127412557601928711 0.89311623573303222656 0.89464145898818969727 0.87896704673767089844 0.88453751802444458008 0.88881474733352661133 1.0322892665863037109 1.0322892665863037109 1.0322892665863037109 1.0322892665863037109 0.94900715351104736328 0.90651547908782958984 0.92104727029800415039 0.91519051790237426758 0.90936392545700073242 0.92432409524917602539 0.95099562406539916992 0.97385644912719726562 0.9780470728874206543 0.98376953601837158203 1.0096492767333984375 0.99076998233795166016 0.98352867364883422852 0.88086605072021484375 1.0322892665863037109 0.96107435226440429688 0.95088380575180053711 0.93564456701278686523 0.93938630819320678711 1.0994524955749511719 1.2593076229095458984 1.1007074117660522461 1.2196307182312011719 1.1952630281448364258
1.0384980440139770508 1.0274447202682495117 1.0275082588195800781 1.0268725156784057617 1.0256659984588623047 1.0248695611953735352 1.0244438648223876953 1.0787192583084106445 0.88469862937927246094 0.8857472538948059082 0.88547044992446899414 0.89141762256622314453 0.89505380392074584961 0.89823752641677856445 0.90442597866058349609 0.91092699766159057617 0.91569179296493530273 0.92056697607040405273 1.0322892665863037109 1.0322892665863037109 1.0322892665863037109 1.0322892665863037109 1.0322892665863037109 1.0322892665863037109 1.0322892665863037109 1.0322892665863037109 1.0322892665863037109 1.0322892665863037109 0.99621784687042236328 1.0199849605560302734 0.99944204092025756836 0.99063700437545776367 0.88860774040222167969 1.0322892665863037109 0.95733529329299926758 0.94270646572113037109 0.94527316093444824219 0.93468934297561645508 1.2593076229095458984 1.1059050559997558594 1.2239520549774169922 1.2593076229095458984
