tests/data/reference/gistest/full/control/cinfil_m3.asc
ncols        125
nrows        78
xllcorner    -713756.799299980048
yllcorner    -1061032.369616159936
cellsize     10.000000000000
NODATA_value  -9999
[rows 57 to 75 of 78, columns 42 to 83 of 125]
1.0497491359710693359 1.0503531694412231445 1.0787900686264038086 1.0600070953369140625 1.0594024658203125 1.1103993654251098633 1.0583702325820922852 1.0585929155349731445 1.0592867136001586914 1.0956023931503295898 1.0672867298126220703 1.1434551477432250977 1.0552297830581665039 1.0492731332778930664 1.0690436363220214844 1.0948071479797363281 1.071725010871887207 1.119729161262512207 1.0789368152618408203 1.0771318674087524414 1.0765677690505981445 1.0760756731033325195 1.0749114751815795898 1.187175750732421875 1.0841162204742431641 1.0841791629791259766 1.1763941049575805664 1.182361602783203125 1.1879953145980834961 1.1960920095443725586 1.2023514509201049805 1.2082010507583618164 1.2133586406707763672 1.2155959606170654297 1.2180676460266113281 1.2593076229095458984 1.2593076229095458984 1.2593076229095458984 1.2593076229095458984 1.2580597400665283203 1.2582430839538574219 1.2593076229095458984
1.0412844419479370117 1.069636225700378418 1.0507795810699462891 1.0510145425796508789 1.1035102605819702148 1.0498217344284057617 1.0495941638946533203 1.0498092174530029297 1.0881025791168212891 1.0600032806396484375 1.1373270750045776367 1.0450569391250610352 1.0389014482498168945 1.0592398643493652344 1.0851314067840576172 1.0615037679672241211 1.1112602949142456055 1.0704897642135620117 1.0687698125839233398 1.0680943727493286133 1.0681579113006591797 1.0676796436309814453 1.1814841032028198242 1.0750033855438232422 1.0752108097076416016 1.1706355810165405273 1.0828461647033691406 1.0809522867202758789 1.1692266464233398438 1.0856530666351318359 1.0957303047180175781 1.1028298139572143555 1.1088262796401977539 1.1133306026458740234 1.1166061162948608398 1.1550805568695068359 1.170925140380859375 1.1579310894012451172 1.1551482677459716797 1.1570544242858886719 1.1610454320907592773 1.1706511974334716797
1.0599409341812133789 1.0414338111877441406 1.0419653654098510742 1.0956411361694335938 1.0415571928024291992 1.0414631366729736328 1.0415525436401367188 1.0795401334762573242 1.0514272451400756836 1.1328535079956054688 1.0373488664627075195 1.0271695852279663086 1.0489208698272705078 1.0768209695816040039 1.0520265102386474609 1.102535247802734375 1.0609596967697143555 1.0599343776702880859 1.0595693588256835938 1.0595108270645141602 1.059283137321472168 1.1759847402572631836 1.0670623779296875 1.0662838220596313477 1.1638071537017822266 1.0752464532852172852 1.0739586353302001953 1.1644154787063598633 1.0798509120941162109 1.0773931741714477539 1.0744478702545166016 1.08260345458984375 1.0896954536437988281 1.0960240364074707031 1.1019366979598999023 1.1507042646408081055 1.1355937719345092773 1.1334661245346069336 1.1370549201965332031 1.1428073644638061523 1.1496719121932983398 1.0447328090667724609
1.0380235910415649414 1.0372560024261474609 1.0865514278411865234 1.0365377664566040039 1.0363709926605224609 1.0368965864181518555 1.0703455209732055664 1.0407539606094360352 1.1261543035507202148 1.0328054428100585938 1.0270065069198608398 1.0358294248580932617 1.0660151243209838867 1.0434985160827636719 1.0945198535919189453 1.0508643388748168945 1.0497101545333862305 1.0502654314041137695 1.0508418083190917969 1.0508122444152832031 1.1699259281158447266 1.0585724115371704102 1.057747960090637207 1.1573863029479980469 1.0668760538101196289 1.0659964084625244141 1.1588939428329467773 1.07334136962890625 1.0711499452590942383 1.0683752298355102539 1.0572967529296875 1.0226197242736816406 1.0226265192031860352 1.0463144779205322266 1.0200272798538208008 1.0865226984024047852 1.0594656467437744141 1.0534566640853881836 1.0554583072662353516 1.0884209871292114258 1.0378967523574829102 1.0293340682983398438
1.0672259330749511719 1.0773512125015258789 1.0378193855285644531 1.0407947301864624023 1.0493097305297851562 1.0595067739486694336 1.0402948856353759766 1.1178843975067138672 1.0364739894866943359 1.0386549234390258789 1.0434290170669555664 1.0520951747894287109 1.040330052375793457 1.0864545106887817383 1.0414571762084960938 1.0394362211227416992 1.0411999225616455078 1.0416929721832275391 1.0424675941467285156 1.1642438173294067383 1.049769282341003418 1.0483087301254272461 1.150984644889831543 1.0586462020874023438 1.0577409267425537109 1.1527420282363891602 1.0658907890319824219 1.0640681982040405273 1.0615645647048950195 1.050486445426940918 1.0227761268615722656 1.0307354927062988281 1.0388571023941040039 1.0219322443008422852 1.0286022424697875977 0 1.0538030862808227539 1.0494682788848876953 1.0823678970336914062 1.029683232307434082 1.0210816860198974609 1.020473480224609375
1.0584406852722167969 1.0670441389083862305 1.0747834444046020508 1.0819897651672363281 1.0892549753189086914 1.0974396467208862305 1.1078029870986938477 1.0411655902862548828 1.0362983942031860352 1.0421386957168579102 1.049161076545715332 1.0588698387145996094 1.0729813575744628906 1.0422642230987548828 1.0404001474380493164 1.0380617380142211914 1.0358617305755615234 1.0361514091491699219 1.1571764945983886719 1.041022181510925293 1.0392457246780395508 1.144176483154296875 1.0497241020202636719 1.0495094060897827148 1.1470217704772949219 1.0581167936325073242 1.0563734769821166992 1.0541580915451049805 1.0430752038955688477 1.0231997966766357422 1.0305818319320678711 1.0377292633056640625 1.0452044010162353516 1.0516716241836547852 1.0568825006484985352 0 1.0813468694686889648 1.0768827199935913086 1.0206032991409301758 1.0209116935729980469 1.0285632610321044922 1.0355389118194580078
1.0435482263565063477 1.0426781177520751953 1.0404520034790039062 1.0368616580963134766 1.044989466667175293 1.0535246133804321289 1.0629793405532836914 1.0704456567764282227 1.0752863883972167969 1.0799324512481689453 1.0861349105834960938 1.0958583354949951172 1.1079133749008178711 1.1182307004928588867 1.1256811618804931641 1.1327916383743286133 1.139788508415222168 1.147754669189453125 1.0404933691024780273 1.0402920246124267578 1.1372038125991821289 1.0398856401443481445 1.0407493114471435547 1.1410330533981323242 1.0502846240997314453 1.0484164953231811523 1.0463814735412597656 1.0356155633926391602 1.0236544609069824219 1.0307741165161132812 1.0373632907867431641 1.0439318418502807617 1.0506289005279541016 1.0565390586853027344 1.0618543624877929688 0 1.0867531299591064453 1.0818179845809936523 1.0856778621673583984 1.0894646644592285156 1.0929672718048095703 1.0965553522109985352
-9999 -9999 -9999 1.0380651950836181641 1.0393851995468139648 1.0422497987747192383 1.0537502765655517578 1.0410864353179931641 1.036374211311340332 1.0434356927871704102 1.0508865118026733398 1.060236811637878418 1.0711628198623657227 1.0801038742065429688 1.0873764753341674805 1.0943779945373535156 1.101725459098815918 1.1102187633514404297 1.1198431253433227539 1.1286869049072265625 1.040650486946105957 1.040461421012878418 1.1331808567047119141 1.0412256717681884766 1.040027618408203125 1.0395318269729614258 1.0281336307525634766 1.0251713991165161133 1.0314950942993164062 1.037455439567565918 1.0435376167297363281 1.0498042106628417969 1.0562704801559448242 1.0624254941940307617 1.0683424472808837891 0 1.0930423736572265625 1.0874067544937133789 1.0901418924331665039 1.0929068326950073242 1.0956550836563110352 1.0985066890716552734
-9999 -9999 -9999 -9999 -9999 -9999 -9999 -9999 -9999 1.0342444181442260742 1.0423394441604614258 1.0507062673568725586 1.0563089847564697266 1.0632988214492797852 1.0698976516723632812 1.0775967836380004883 1.0849592685699462891 1.0913947820663452148 1.0978493690490722656 1.104830622673034668 1.1131732463836669922 1.1230206489562988281 1.0415890216827392578 1.0407043695449829102 1.0395740270614624023 1.0338901281356811523 1.0363799333572387695 1.0403865575790405273 1.0452072620391845703 1.0504059791564941406 1.0561434030532836914 1.0624442100524902344 1.0694484710693359375 1.1698819398880004883 1.175060272216796875 0 1.1955908536911010742 1.1899570226669311523 1.1907821893692016602 1.1920286417007446289 1.1935954093933105469 1.1952050924301147461
-9999 -9999 -9999 -9999 -9999 -9999 -9999 -9999 -9999 -9999 1.0422922372817993164 1.0443114042282104492 1.0423773527145385742 1.0507355928421020508 1.0594490766525268555 1.068724513053894043 1.0786037445068359375 1.087771296501159668 1.096232295036315918 1.1050270795822143555 1.1134897470474243164 1.1186519861221313477 1.1250160932540893555 1.1313930749893188477 1.1360520124435424805 1.1389738321304321289 1.1411952972412109375 1.1435627937316894531 1.1460158824920654297 1.1489909887313842773 1.1529135704040527344 1.1578423976898193359 1.1639165878295898438 1.0233390331268310547 1.021638035774230957 0 1.0471001863479614258 1.0409169197082519531 1.0442693233489990234 1.0482497215270996094 1.0525130033493041992 1.0566040277481079102
-9999 -9999 -9999 -9999 -9999 -9999 -9999 -9999 -9999 -9999 -9999 -9999 -9999 -9999 -9999 -9999 -9999 -9999 1.0410038232803344727 1.0418136119842529297 1.0442430973052978516 1.045405268669128418 1.0443650484085083008 1.0408331155776977539 1.0477073192596435547 1.0544244050979614258 1.0599544048309326172 1.0639913082122802734 1.0670195817947387695 1.0710145235061645508 1.0764153003692626953 1.0828248262405395508 1.0900483131408691406 1.0961210727691650391 1.1002435684204101562 1.1425242424011230469 1.1298317909240722656 1.1280064582824707031 1.1288609504699707031 1.1305589675903320312 1.1326527595520019531 1.1347472667694091797
-9999 -9999 -9999 -9999 -9999 -9999 -9999 -9999 -9999 -9999 -9999 -9999 -9999 -9999 -9999 -9999 -9999 -9999 -9999 -9999 -9999 1.0500304698944091797 1.0488034486770629883 1.0416523218154907227 1.03615570068359375 1.0387117862701416016 1.0447778701782226562 1.0503972768783569336 1.0545364618301391602 1.0584260225296020508 1.0630816221237182617 1.0695158243179321289 1.0764384269714355469 1.0819493532180786133 1.0857319831848144531 1.1260597705841064453 1.1147893667221069336 1.1137739419937133789 1.1151298284530639648 1.1172268390655517578 1.1196089982986450195 1.1221344470977783203
-9999 -9999 -9999 -9999 -9999 -9999 -9999 -9999 -9999 -9999 -9999 -9999 -9999 -9999 -9999 -9999 -9999 -9999 -9999 -9999 -9999 -9999 -9999 1.0588629245758056641 1.0393091440200805664 1.0308028459548950195 1.0308791399002075195 1.0367769002914428711 1.0416606664657592773 1.046759486198425293 1.0520853996276855469 1.0566349029541015625 1.0625966787338256836 1.0676549673080444336 1.1082522869110107422 1.097698211669921875 1.0974954366683959961 1.099863886833190918 1.1023751497268676758 1.1052442789077758789 1.1082916259765625 1.1116367578506469727
-9999 -9999 -9999 -9999 -9999 -9999 -9999 -9999 -9999 -9999 -9999 -9999 -9999 -9999 -9999 -9999 -9999 -9999 -9999 -9999 -9999 -9999 -9999 -9999 1.0657908916473388672 1.0480359792709350586 1.0395883321762084961 1.0303080081939697266 1.0356048345565795898 1.0414824485778808594 1.0482567548751831055 1.054307103157043457 1.0596497058868408203 1.0642741918563842773 1.1029469966888427734 1.0926116704940795898 1.0919395685195922852 -9999 -9999 -9999 -9999 -9999
-9999 -9999 -9999 -9999 -9999 -9999 -9999 -9999 -9999 -9999 -9999 -9999 -9999 -9999 -9999 -9999 -9999 -9999 -9999 -9999 -9999 -9999 -9999 -9999 -9999 -9999 1.0581992864608764648 1.0486680269241333008 1.02825927734375 1.0354793071746826172 1.0434858798980712891 1.0508702993392944336 1.0572392940521240234 1.0627824068069458008 0 -9999 -9999 -9999 -9999 -9999 -9999 -9999
-9999 -9999 -9999 -9999 -9999 -9999 -9999 -9999 -9999 -9999 -9999 -9999 -9999 -9999 -9999 -9999 -9999 -9999 -9999 -9999 -9999 -9999 -9999 -9999 -9999 -9999 -9999 1.0672230720520019531 1.0573137998580932617 1.0298302173614501953 1.0375002622604370117 1.045077204704284668 1.0518355369567871094 1.0580544471740722656 -9999 -9999 -9999 -9999 -9999 -9999 -9999 -9999
-9999 -9999 -9999 -9999 -9999 -9999 -9999 -9999 -9999 -9999 -9999 -9999 -9999 -9999 -9999 -9999 -9999 -9999 -9999 -9999 -9999 -9999 -9999 -9999 -9999 -9999 -9999 -9999 1.0764544010162353516 1.0667934417724609375 1.0313081741333007812 1.028876185417175293 1.0350629091262817383 1.0240501165390014648 -9999 -9999 -9999 -9999 -9999 -9999 -9999 -9999
-9999 -9999 -9999 -9999 -9999 -9999 -9999 -9999 -9999 -9999 -9999 -9999 -9999 -9999 -9999 -9999 -9999 -9999 -9999 -9999 -9999 -9999 -9999 -9999 -9999 -9999 -9999 -9999 -9999 1.0860316753387451172 1.0753635168075561523 1.0376300811767578125 1.0249409675598144531 1.0965099334716796875 -9999 -9999 -9999 -9999 -9999 -9999 -9999 -9999
-9999 -9999 -9999 -9999 -9999 -9999 -9999 -9999 -9999 -9999 -9999 -9999 -9999 -9999 -9999 -9999 -9999 -9999 -9999 -9999 -9999 -9999 -9999 -9999 -9999 -9999 -9999 -9999 -9999 -9999 1.0935950279235839844 1.0818015336990356445 1.0435692071914672852 -9999 -9999 -9999 -9999 -9999 -9999 -9999 -9999 -9999
