tests/data/reference/gistest/full/control/cinfil_m3.asc
ncols        125
nrows        78
xllcorner    -713756.799299980048
yllcorner    -1061032.369616159936
cellsize     10.000000000000
NODATA_value  -9999
[rows 36 to 53 of 78, columns 0 to 40 of 125]
-9999 -9999 -9999 -9999 -9999 -9999 -9999 -9999 -9999 -9999 -9999 -9999 -9999 0 0.35182651877403259277 0.37229752540588378906 0.54762494564056396484 0.28749433159828186035 0.30401211977005004883 0.33595642447471618652 0.36347320675849914551 0.40133905410766601562 0.32792505621910095215 0.44880345463752746582 0.4446570277214050293 0.47417163848876953125 0.53273659944534301758 0.42938557267189025879 0.31746563315391540527 0.28983330726623535156 0.31488573551177978516 0.33757472038269042969 0.33131784200668334961 0.24357773363590240479 0.25840461254119873047 0.31661090254783630371 0.28640249371528625488 0.2747681736946105957 0.27414563298225402832 0.30907905101776123047 0.27102872729301452637
-9999 -9999 -9999 -9999 -9999 -9999 -9999 -9999 -9999 -9999 -9999 -9999 0 0.40738964080810546875 0.3674100339412689209 0.54209756851196289062 0.2711874842643737793 0.28988987207412719727 0.32580241560935974121 0.35429540276527404785 0.39246100187301635742 0.31457403302192687988 0.43921560049057006836 0.43581491708755493164 0.46681725978851318359 0.52666074037551879883 0.42292538285255432129 0.30838143825531005859 0.27930331230163574219 0.30555942654609680176 0.3307863771915435791 0.30731314420700073242 0.3167445063591003418 0.24816267192363739014 0.30895468592643737793 0.27565586566925048828 0.26407739520072937012 0.26477226614952087402 0.30155044794082641602 0.26412156224250793457 0.26312854886054992676
-9999 -9999 -9999 -9999 -9999 -9999 -9999 -9999 -9999 -9999 -9999 0 0 0.36362281441688537598 0.53775966167449951172 0.26839178800582885742 0.27575546503067016602 0.31637737154960632324 0.34582093358039855957 0.38433891534805297852 0.30176028609275817871 0.42976403236389160156 0.4269104301929473877 0.45898973941802978516 0.51982617378234863281 0.41521424055099487305 0.29643490910530090332 0.2676957547664642334 0.29387748241424560547 0.32065767049789428711 0.29852327704429626465 0.29888153076171875 0.29946446418762207031 0.30131134390830993652 0.26484921574592590332 0.25069209933280944824 0.25388491153717041016 0.29073545336723327637 0.25616607069969177246 0.2556832730770111084 0.25429484248161315918
-9999 -9999 -9999 -9999 -9999 -9999 -9999 -9999 -9999 -9999 -9999 0 0.36853715777397155762 0.5310351252555847168 0.28343656659126281738 0.27336052060127258301 0.30738115310668945312 0.33804911375045776367 0.37694585323333740234 0.2887459099292755127 0.42108741402626037598 0.41811811923980712891 0.45119327306747436523 0.51281660795211791992 0.40652561187744140625 0.28314208984375 0.25857937335968017578 0.28060761094093322754 0.3078555762767791748 0.28473806381225585938 0.28803142905235290527 0.29012876749038696289 0.29183560609817504883 0.2627766728401184082 0.25255885720252990723 0.26151353120803833008 0.27385911345481872559 0.25853508710861206055 0.26313158869743347168 0.2708371281623840332 0.27979773283004760742
-9999 -9999 -9999 -9999 -9999 -9999 -9999 -9999 -9999 -9999 0 0.4173291325569152832 0.52073627710342407227 0.304553985595703125 0.27515903115272521973 0.29280900955200195312 0.3283774256706237793 0.36954718828201293945 0.27525579929351806641 0.41258507966995239258 0.4101021885871887207 0.4435774683952331543 0.50567060708999633789 0.39730295538902282715 0.26854529976844787598 0.26036322116851806641 0.26731359958648681641 0.29386070370674133301 0.26847746968269348145 0.27101528644561767578 0.27585774660110473633 0.27755683660507202148 0.26489993929862976074 0.26355648040771484375 0.26992520689964294434 0.2771065831184387207 0.28496691584587097168 0.29722306132316589355 0.31109917163848876953 0.2543925940990447998 0.24933737516403198242
-9999 -9999 -9999 -9999 -9999 -9999 -9999 -9999 -9999 -9999 0 0.50259447097778320312 0.32846739888191223145 0.28690478205680847168 0.27649995684623718262 0.31279027462005615234 0.3589801788330078125 0.27132391929626464844 0.40384402871131896973 0.40249234437942504883 0.43680849671363830566 0.49898874759674072266 0.38791024684906005859 0.26261654496192932129 0.25932806730270385742 0.26578590273857116699 0.2791169583797454834 0.26349744200706481934 0.26343962550163269043 0.26512077450752258301 0.26897662878036499023 0.26872754096984863281 0.26415547728538513184 0.26987412571907043457 0.27845251560211181641 0.28750127553939819336 0.29801988601684570312 0.30992752313613891602 0.25263223052024841309 0.32289209961891174316 0.26142761111259460449
-9999 -9999 -9999 -9999 -9999 -9999 -9999 -9999 -9999 0 0.4102338254451751709 0.48626497387886047363 0.31332880258560180664 0.27766439318656921387 0.29417017102241516113 0.34438911080360412598 0.35494887828826904297 0.39093163609504699707 0.39436167478561401367 0.43072172999382019043 0.49314570426940917969 0.37859034538269042969 0.26815149188041687012 0.28144997358322143555 0.29244160652160644531 0.30389472842216491699 0.46112763881683349609 0.47460389137268066406 0.48567512631416320801 0.49660059809684753418 0.50790482759475708008 0.5116786956787109375 0.51436364650726318359 0.51833212375640869141 0.52225059270858764648 0.52665984630584716797 0.53212183713912963867 0.53880089521408081055 0.54706943035125732422 0.55384564399719238281 0.5581963658332824707
-9999 -9999 -9999 -9999 -9999 -9999 -9999 -9999 0 0 0.47649493813514709473 0.27939015626907348633 0.30052864551544189453 0.27631977200508117676 0.32897865772247314453 0.34038940072059631348 0.36817649006843566895 0.38168230652809143066 0.4227237999439239502 0.48793181777000427246 0.36990058422088623047 0.26371267437934875488 0.26355195045471191406 0.26577261090278625488 0.43596667051315307617 0.44870826601982116699 0.30980962514877319336 0.28224891424179077148 0.2945766150951385498 0.3056965172290802002 0.31571838259696960449 0.3223101496696472168 0.32996037602424621582 0.33703759312629699707 0.34352585673332214355 0.34972196817398071289 0.35596200823783874512 0.36239090561866760254 0.36967420578002929688 0.37623387575149536133 0.38081267476081848145
-9999 -9999 -9999 -9999 -9999 -9999 -9999 -9999 0 0.29953232407569885254 0.46703746914863586426 0.27201238274574279785 0.2850119173526763916 0.30896791815757751465 0.32462215423583984375 0.35385304689407348633 0.36771407723426818848 0.41018384695053100586 0.47845280170440673828 0.36111083626747131348 0.3690935969352722168 0.39012849330902099609 0.4079405367374420166 0.4243475794792175293 0.29605427384376525879 0.296600341796875 0.26779708266258239746 0.25812962651252746582 0.26540267467498779297 0.27586260437965393066 0.28620034456253051758 0.29399669170379638672 0.30236327648162841797 0.30977106094360351562 0.31612172722816467285 0.32126003503799438477 0.32946574687957763672 0.54974251985549926758 0.55643320083618164062 0.56264281272888183594 0.56800681352615356445
-9999 -9999 -9999 -9999 -9999 -9999 -9999 -9999 0.32055529952049255371 0.46310621500015258789 0.31599295139312744141 0.27548718452453613281 0.28797122836112976074 0.30530896782875061035 0.33768120408058166504 0.35239842534065246582 0.39780610799789428711 0.46579861640930175781 0.34589910507202148438 0.35988292098045349121 0.37047114968299865723 0.37814176082611083984 0.38455569744110107422 0.28186285495758056641 0.28307211399078369141 0.26107326149940490723 0.25648981332778930664 0.26341018080711364746 0.27370586991310119629 0.28509858250617980957 0.29542100429534912109 0.30288612842559814453 0.30962195992469787598 0.31826660037040710449 0.52698767185211181641 0.53663402795791625977 0.54714715480804443359 0.3774611055850982666 0.37457871437072753906 0.37225052714347839355 0.3704687952995300293
-9999 -9999 -9999 -9999 -9999 -9999 -9999 0 0.46491521596908569336 0.29748654365539550781 0.29696664214134216309 0.27489948272705078125 0.28545960783958435059 0.31972169876098632812 0.33563056588172912598 0.38446393609046936035 0.45457980036735534668 0.33043006062507629395 0.34714457392692565918 0.36209812760353088379 0.37085410952568054199 0.3767096400260925293 0.2666950225830078125 0.26817089319229125977 0.26893198490142822266 0.28057903051376342773 0.28954455256462097168 0.2986411750316619873 0.30959242582321166992 0.32062220573425292969 0.33007463812828063965 0.33876478672027587891 0.5112254023551940918 0.52235847711563110352 0.36569648981094360352 0.37262496352195739746 0.3697827458381652832 0.36659169197082519531 0.3643137812614440918 0.36301052570343017578 0.3619244992733001709
-9999 -9999 -9999 -9999 -9999 -9999 -9999 0.50893938541412353516 0.35320797562599182129 0.2753092348575592041 0.27619162201881408691 0.27086773514747619629 0.30129757523536682129 0.31929278373718261719 0.37127640843391418457 0.44250077009201049805 0.31294873356819152832 0.33269175887107849121 0.35077500343322753906 0.36312577128410339355 0.36943185329437255859 0.26366403698921203613 0.26098039746284484863 0.25904551148414611816 0.25906187295913696289 0.26573187112808227539 0.27550345659255981445 0.28730696439743041992 0.47064965963363647461 0.48245802521705627441 0.49267721176147460938 0.50382781028747558594 0.35735338926315307617 0.35675969719886779785 0.36374163627624511719 0.36105248332023620605 0.35843306779861450195 0.35675758123397827148 0.35584747791290283203 0.35510095953941345215 0.39572629332542419434
-9999 -9999 -9999 -9999 -9999 -9999 0 0.40448480844497680664 0.34442144632339477539 0.27293637394905090332 0.27206394076347351074 0.28332236409187316895 0.30612444877624511719 0.36173111200332641602 0.43431299924850463867 0.29540562629699707031 0.3149700164794921875 0.33370867371559143066 0.35008698701858520508 0.36135837435722351074 0.36965250968933105469 0.38560521602630615234 0.39961007237434387207 0.41239678859710693359 0.42570564150810241699 0.43699532747268676758 0.44791299104690551758 0.45977067947387695312 0.34015309810638427734 0.33859229087829589844 0.34704375267028808594 0.3469009697437286377 0.34618031978607177734 0.35434618592262268066 0.35216665267944335938 0.34999260306358337402 0.34877288341522216797 0.34839212894439697266 0.34795206785202026367 0.39026272296905517578 0.35622018575668334961
-9999 -9999 -9999 -9999 -9999 0 0.44459486007690429688 0.29508167505264282227 0.32571744918823242188 0.27576267719268798828 0.27787935733795166016 0.29359123110771179199 0.35420432686805725098 0.42907452583312988281 0.27945351600646972656 0.29948624968528747559 0.31743958592414855957 0.33357736468315124512 0.34854930639266967773 0.36121660470962524414 0.35854545235633850098 0.35371744632720947266 0.34876754879951477051 0.37172344326972961426 0.2924257814884185791 0.30343654751777648926 0.31644997000694274902 0.3298804163932800293 0.32726660370826721191 0.33718225359916687012 0.33651944994926452637 0.33499133586883544922 0.3447640538215637207 0.34331056475639343262 0.34157595038414001465 0.34061819314956665039 0.34051868319511413574 0.34063521027565002441 0.38470640778541564941 0.34961664676666259766 0.38381543755531311035
-9999 -9999 -9999 -9999 -9999 0 0.32771596312522888184 0.28218340873718261719 0.30828070640563964844 0.29410517215728759766 0.2820517420768737793 0.34433901309967041016 0.42370134592056274414 0.27335321903228759766 0.283046722412109375 0.30276894569396972656 0.3194204866886138916 0.33374556899070739746 0.34830084443092346191 0.34909370541572570801 0.34471362829208374023 0.3393128812313079834 0.36144071817398071289 0.27926194667816162109 0.29082599282264709473 0.30448055267333984375 0.31960594654083251953 0.31542536616325378418 0.32608330249786376953 0.32514241337776184082 0.32313975691795349121 0.33384409546852111816 0.3321857452392578125 0.33048990368843078613 0.32983961701393127441 0.33015668392181396484 0.33103016018867492676 0.37817516922950744629 0.34256827831268310547 0.3784078061580657959 0.35059431195259094238
-9999 -9999 -9999 -9999 0 0.4608510136604309082 0.32091635465621948242 0.27942863106727600098 0.30650821328163146973 0.28515303134918212891 0.32889026403427124023 0.41486886143684387207 0.35121178627014160156 0.27644905447959899902 0.28738543391227722168 0.30688247084617614746 0.32206970453262329102 0.33325818181037902832 0.33623796701431274414 0.33399799466133117676 0.32906487584114074707 0.34913411736488342285 0.26478800177574157715 0.27761554718017578125 0.29294428229331970215 0.30999079346656799316 0.30404436588287353516 0.31655320525169372559 0.3143539726734161377 0.31126174330711364746 0.32364702224731445312 0.32148113846778869629 0.31912922859191894531 0.31796595454216003418 0.31808337569236755371 0.31915318965911865234 0.36930900812149047852 0.3335596919059753418 0.37226980924606323242 0.3438663780689239502 0.3409099578857421875
-9999 -9999 -9999 -9999 0 0.33801701664924621582 0.31850096583366394043 0.28794428706169128418 0.29486858844757080078 0.32742866873741149902 0.32382044196128845215 0.40402904152870178223 0.34789955615997314453 0.28130638599395751953 0.29418098926544189453 0.31326669454574584961 0.3210239410400390625 0.32258874177932739258 0.32121357321739196777 0.31873074173927307129 0.33743697404861450195 0.26327219605445861816 0.26580923795700073242 0.28324437141418457031 0.30344548821449279785 0.29504939913749694824 0.31059753894805908203 0.30648767948150634766 0.3019790947437286377 0.31618300080299377441 0.31320074200630187988 0.31036555767059326172 0.30862396955490112305 0.30792939662933349609 0.30811843276023864746 0.36027947068214416504 0.32280302047729492188 0.36418202519416809082 0.33568489551544189453 0.33350464701652526855 0.3302408754825592041
-9999 -9999 -9999 0 0.33394807577133178711 0.32057854533195495605 0.32620602846145629883 0.30348896980285644531 0.3103739619255065918 0.30477029085159301758 0.31397902965545654297 0.39558100700378417969 0.34869927167892456055 0.29017901420593261719 0.305011749267578125 0.31333258748054504395 0.31100320816040039062 0.30744189023971557617 0.3051649630069732666 0.31768500804901123047 0.30988547205924987793 0.26877254247665405273 0.2751121222972869873 0.29890090227127075195 0.28813970088958740234 0.30829191207885742188 0.30053451657295227051 0.29425159096717834473 0.31076359748840332031 0.30603307485580444336 0.3026116788387298584 0.30058696866035461426 0.29944109916687011719 0.29875448346138000488 0.35277527570724487305 0.31277519464492797852 0.35599511861801147461 0.32587841153144836426 0.32424792647361755371 0.3220774531364440918 0.31943228840827941895
