tests/data/reference/gistest/full/control/cinfil_m3.asc
ncols        125
nrows        78
xllcorner    -713756.799299980048
yllcorner    -1061032.369616159936
cellsize     10.000000000000
NODATA_value  -9999
[rows 19 to 37 of 78, columns 0 to 41 of 125]
-9999 -9999 -9999 -9999 -9999 -9999 -9999 -9999 -9999 -9999 -9999 -9999 -9999 -9999 -9999 -9999 -9999 1.0181698799133300781 1.0117046833038330078 1.0343844890594482422 1.0507411956787109375 1.1229726076126098633 1.0233378410339355469 1.017016291618347168 1.0122377872467041016 0 1.2230052947998046875 1.1611257791519165039 1.1785650253295898438 1.015167236328125 1.1392428874969482422 1.0273233652114868164 1.0045390129089355469 1.0404051542282104492 1.1931290626525878906 1.0185796022415161133 1.1593462228775024414 1.1031713485717773438 1.094304203987121582 1.1049486398696899414 1.1170963048934936523 1.1075159311294555664
-9999 -9999 -9999 -9999 -9999 -9999 -9999 -9999 -9999 -9999 -9999 -9999 -9999 -9999 -9999 -9999 0.85336065292358398438 0.84608680009841918945 0.85223954916000366211 0.86636888980865478516 1.1394665241241455078 1.0427985191345214844 1.0225266218185424805 1.0142787694931030273 0 0 1.2026101350784301758 1.1610828638076782227 1.1837047338485717773 1.0111935138702392578 1.1443642377853393555 1.0366952419281005859 1.0044839382171630859 1.0505319833755493164 1.1975772380828857422 1.026719212532043457 1.1625303030014038086 1.1099414825439453125 1.0997377634048461914 1.1104829311370849609 1.1221495866775512695 1.1114385128021240234
-9999 -9999 -9999 -9999 -9999 -9999 -9999 -9999 -9999 -9999 -9999 -9999 -9999 -9999 -9999 -9999 0.85468578338623046875 0.85668200254440307617 0.86576241254806518555 0.94609153270721435547 0.88211011886596679688 0.85906744003295898438 0.85542875528335571289 1.0890690088272094727 0 1.0667920112609863281 1.2026200294494628906 1.1660828590393066406 1.1849808692932128906 1.018872380256652832 1.1502768993377685547 1.0061078071594238281 1.0458595752716064453 1.060255885124206543 1.202477574348449707 1.0348446369171142578 1.166182398796081543 1.1177228689193725586 1.1066868305206298828 1.1172596216201782227 1.1279430389404296875 1.1159911155700683594
-9999 -9999 -9999 -9999 -9999 -9999 -9999 -9999 -9999 -9999 -9999 -9999 -9999 -9999 -9999 -9999 0.86734533309936523438 0.87249505519866943359 0.888065338134765625 0.98736238479614257812 0.86248338222503662109 0.86118704080581665039 0.89734810590744018555 0 0.92951565980911254883 0.87559264898300170898 1.2081384658813476562 1.1744351387023925781 1.1918534040451049805 1.0297466516494750977 1.1566251516342163086 1.0063898563385009766 1.0134344100952148438 1.0543634891510009766 1.209246516227722168 1.0429784059524536133 1.1697025299072265625 1.1248160600662231445 1.0038073062896728516 1.1292366981506347656 1.1340465545654296875 1.1211156845092773438
-9999 -9999 -9999 -9999 -9999 -9999 -9999 -9999 -9999 -9999 -9999 -9999 -9999 -9999 -9999 0.87224745750427246094 0.88540506362915039062 0.91558867692947387695 0.98923033475875854492 0.86707502603530883789 0.91322344541549682617 0.90312731266021728516 0 0.91656327247619628906 0.92170506715774536133 0.88221544027328491211 0.98259329795837402344 0.96110141277313232422 0.97257530689239501953 1.0400120019912719727 1.1635574102401733398 1.0069510936737060547 1.013767242431640625 1.0220839977264404297 1.0621888637542724609 1.2153443098068237305 1.1732976436614990234 1.1310062408447265625 1.0022236108779907227 1.1380063295364379883 1.1399738788604736328 1.1265232563018798828
-9999 -9999 -9999 -9999 -9999 -9999 -9999 -9999 -9999 -9999 -9999 -9999 -9999 -9999 -9999 0.92359423637390136719 0.98923033475875854492 0.98923033475875854492 0.86160868406295776367 0.86851918697357177734 0.85620212554931640625 0 0 0.84447616338729858398 0.89402395486831665039 0.9203770756721496582 0.98920071125030517578 0.96737951040267944336 0.97861152887344360352 0.86947941780090332031 0.83686298131942749023 1.1701470613479614258 1.0142567157745361328 1.0227665901184082031 1.0312247276306152344 1.2229079008102416992 1.1779600381851196289 1.1378009319305419922 1.0017750263214111328 1.146199345588684082 1.1460057497024536133 1.1320009231567382812
-9999 -9999 -9999 -9999 -9999 -9999 -9999 -9999 -9999 -9999 -9999 -9999 -9999 -9999 -9999 0.98923033475875854492 0.89466506242752075195 0.86296755075454711914 0.86311167478561401367 0.86407059431076049805 0.89035272598266601562 0 0.8970438838005065918 0.90165734291076660156 0.85176992416381835938 0.88742858171463012695 0.92166239023208618164 0.98923033475875854492 0.98348093032836914062 0.87620949745178222656 0.83594167232513427734 0.84547412395477294922 0.95844388008117675781 0.85191756486892700195 1.0327906608581542969 1.0410684347152709961 1.2321161031723022461 1.0039335489273071289 1.1451382637023925781 1.0104888677597045898 1.1633788347244262695 1.137699127197265625
-9999 -9999 -9999 -9999 -9999 -9999 -9999 -9999 -9999 -9999 -9999 -9999 -9999 0.85753238201141357422 0.86711835861206054688 0.90315526723861694336 0.87850457429885864258 0.86232787370681762695 0.89625114202499389648 0.90290534496307373047 0 0.92012053728103637695 0.90719926357269287109 0.88423323631286621094 0.8912811279296875 0.86088001728057861328 0.88927114009857177734 0.98923033475875854492 0.98923033475875854492 0.88405215740203857422 0.84525138139724731445 0.83725023269653320312 0.85435593128204345703 0.96669054031372070312 0.86129599809646606445 0.86623185873031616211 1.0506867170333862305 1.2334723472595214844 1.0119568109512329102 1.1521800756454467773 1.0191373825073242188 1.1746115684509277344
-9999 -9999 -9999 -9999 -9999 -9999 -9999 -9999 -9999 -9999 -9999 -9999 -9999 -9999 0.85861599445343017578 0.88620138168334960938 0.88932526111602783203 0.88300889730453491211 0.91439419984817504883 0 0.95647251605987548828 0.92939674854278564453 0.92170917987823486328 0.92542529106140136719 0.93175864219665527344 0.9397563934326171875 0.9481309056282043457 0.95744490623474121094 0.98923033475875854492 0.98923033475875854492 0.89388322830200195312 0.85523772239685058594 0.84743297100067138672 0.8638394474983215332 0.975460052490234375 0.87066876888275146484 0.87459254264831542969 0.87666875123977661133 0.98923033475875854492 1.020587921142578125 1.1585973501205444336 1.1850066184997558594
-9999 -9999 -9999 -9999 -9999 -9999 -9999 -9999 -9999 -9999 -9999 -9999 -9999 -9999 -9999 -9999 0.87161600589752197266 0.971912384033203125 0 0 0.87253463268280029297 0.86496490240097045898 0.87121975421905517578 0.87633913755416870117 0.88289606571197509766 0.88833296298980712891 0.89383023977279663086 0.90227973461151123047 0.96573549509048461914 0.98923033475875854492 0.98923033475875854492 0.90370023250579833984 0.86624187231063842773 0.85898035764694213867 0.87434428930282592773 0.98375773429870605469 0.87798982858657836914 0.88180011510848999023 0.88507437705993652344 0.98923033475875854492 0.85648268461227416992 1.1983016729354858398
-9999 -9999 -9999 -9999 -9999 -9999 -9999 -9999 -9999 -9999 -9999 -9999 -9999 -9999 -9999 -9999 -9999 0.919193267822265625 0 0.93619829416275024414 0.91143131256103515625 0.90545177459716796875 0.90401101112365722656 0.90612000226974487305 0.90903073549270629883 0.91176360845565795898 0.91414690017700195312 0.91707634925842285156 0.9216620326042175293 0.92766207456588745117 0.98923033475875854492 0.98923033475875854492 0.98923033475875854492 0.87785935401916503906 0.87038493156433105469 0.8837617039680480957 0.98923033475875854492 0.98923033475875854492 0.98923033475875854492 0.89329576492309570312 0.98923033475875854492 0.86454302072525024414
-9999 -9999 -9999 -9999 -9999 -9999 -9999 -9999 -9999 -9999 -9999 -9999 -9999 -9999 -9999 -9999 -9999 0 0.92584574222564697266 0.89216309785842895508 0.88393127918243408203 0.88758885860443115234 0.98923033475875854492 0.98923033475875854492 0.98923033475875854492 0.98923033475875854492 0.98923033475875854492 0.98923033475875854492 0.98923033475875854492 0.98923033475875854492 0.98923033475875854492 0.98923033475875854492 0.98923033475875854492 0.98923033475875854492 0.98923033475875854492 0.98923033475875854492 0.98923033475875854492 0.98923033475875854492 0.98923033475875854492 0.98923033475875854492 0.98923033475875854492 0.98923033475875854492
-9999 -9999 -9999 -9999 -9999 -9999 -9999 -9999 -9999 -9999 -9999 -9999 -9999 -9999 -9999 -9999 0 1.102565765380859375 1.063740849494934082 1.167395472526550293 0.96539473533630371094 0.98923033475875854492 0.91127949953079223633 0.92706668376922607422 0.94069844484329223633 0.94886821508407592773 0.97375339269638061523 0.98474276065826416016 0.98923033475875854492 0.98923033475875854492 0.98923033475875854492 0.98923033475875854492 0.98923033475875854492 0.98923033475875854492 0.98923033475875854492 0.98923033475875854492 0.98923033475875854492 0.98923033475875854492 0.98923033475875854492 0.98923033475875854492 0.98923033475875854492 0.98923033475875854492
-9999 -9999 -9999 -9999 -9999 -9999 -9999 -9999 -9999 -9999 -9999 -9999 -9999 -9999 -9999 0 0 1.1641100645065307617 1.1627459526062011719 1.1533540487289428711 1.2334723472595214844 0.90194451808929443359 0.90808075666427612305 0.92067116498947143555 0.93688064813613891602 0.96025007963180541992 0.91496485471725463867 0.98787796497344970703 1.2065818309783935547 1.2096180915832519531 0.98151063919067382812 0.98691064119338989258 0.98923033475875854492 0.98923033475875854492 0.98923033475875854492 0.98923033475875854492 0.98923033475875854492 0.85819315910339355469 0.86271399259567260742 0.90200155973434448242 0.88516891002655029297 0.87677866220474243164
-9999 -9999 -9999 -9999 -9999 -9999 -9999 -9999 -9999 -9999 -9999 -9999 -9999 -9999 -9999 0 1.1828941106796264648 1.1032247543334960938 1.1420952081680297852 1.2334723472595214844 1.0811036825180053711 1.0922335386276245117 1.1124914884567260742 0.93002694845199584961 1.1663635969161987305 1.1042282581329345703 1.2133003473281860352 1.2025529146194458008 1.2283538579940795898 1.2334723472595214844 1.2334723472595214844 1.2334723472595214844 1.0705537796020507812 1.0927877426147460938 1.1112942695617675781 1.113783717155456543 1.0189754962921142578 1.0280746221542358398 1.0891112089157104492 1.0653440952301025391 1.052954554557800293 1.0508477687835693359
-9999 -9999 -9999 -9999 -9999 -9999 -9999 -9999 -9999 -9999 -9999 -9999 -9999 -9999 0 1.1616930961608886719 1.0957028865814208984 1.1327719688415527344 1.2334723472595214844 1.0673357248306274414 1.0800213813781738281 1.1029945611953735352 1.1266542673110961914 1.1605319976806640625 1.0963647365570068359 1.2061400413513183594 1.1969046592712402344 1.2253443002700805664 1.2334723472595214844 1.1792787313461303711 1.0818872451782226562 1.0603104829788208008 1.0820677280426025391 1.1006616353988647461 1.1008789539337158203 1.0104758739471435547 1.0162491798400878906 1.0809119939804077148 1.0571396350860595703 1.0453141927719116211 1.0436818599700927734 1.0724291801452636719
-9999 -9999 -9999 -9999 -9999 -9999 -9999 -9999 -9999 -9999 -9999 -9999 -9999 0 0 1.0904920101165771484 1.1245528459548950195 1.2334723472595214844 1.0548273324966430664 1.0677814483642578125 1.0918968915939331055 1.1172615289688110352 1.152882695198059082 1.0876764059066772461 1.1997485160827636719 1.19083404541015625 1.2207677364349365234 1.2334723472595214844 1.175310969352722168 1.0746903419494628906 1.0511740446090698242 1.0727338790893554688 1.0920463800430297852 1.0895726680755615234 1.0223677158355712891 1.0092676877975463867 1.0735709667205810547 1.048473358154296875 1.0364611148834228516 1.0353109836578369141 1.0656585693359375 1.0317912101745605469
-9999 -9999 -9999 -9999 -9999 -9999 -9999 -9999 -9999 -9999 -9999 -9999 -9999 0 1.0990083217620849609 1.1169437170028686523 1.2334723472595214844 1.0419080257415771484 1.0561339855194091797 1.0815018415451049805 1.1075371503829956055 1.1437478065490722656 1.0768502950668334961 1.1915725469589233398 1.1841373443603515625 1.2153017520904541016 1.2334723472595214844 1.1711955070495605469 1.0675431489944458008 1.042425990104675293 1.0650871992111206055 1.0856417417526245117 1.0801377296447753906 1.0078632831573486328 1.0144088268280029297 1.0666365623474121094 1.0399383306503295898 1.0275772809982299805 1.0271071195602416992 1.0594098567962646484 1.0244596004486083984 1.0229432582855224609
-9999 -9999 -9999 -9999 -9999 -9999 -9999 -9999 -9999 -9999 -9999 -9999 0 1.1467481851577758789 1.1122417449951171875 1.2334723472595214844 1.0280628204345703125 1.0442479848861694336 1.0719547271728515625 1.0986424684524536133 1.1352696418762207031 1.0651412010192871094 1.1819770336151123047 1.1757280826568603516 1.2084459066390991211 1.2334723472595214844 1.1650707721710205078 1.0595154762268066406 1.0328146219253540039 1.0568251609802246094 1.0794593095779418945 1.0586915016174316406 1.0672191381454467773 1.0138887166976928711 1.0601239204406738281 1.0304151773452758789 1.0175498723983764648 1.0178358554840087891 1.0526195764541625977 1.0170092582702636719 1.0159949064254760742 1.0141931772232055664
