tests/data/reference/gistest/full/control/cinfil_m3.asc
ncols        125
nrows        78
xllcorner    -713756.799299980048
yllcorner    -1061032.369616159936
cellsize     10.000000000000
NODATA_value  -9999
[rows 38 to 56 of 78, columns 0 to 41 of 125]
-9999 -9999 -9999 -9999 -9999 -9999 -9999 -9999 -9999 -9999 -9999 0 0 1.1086230278015136719 1.2334723472595214844 1.0254230499267578125 1.0323816537857055664 1.0637296438217163086 1.090457916259765625 1.1276299953460693359 1.0541843175888061523 1.1725296974182128906 1.1673514842987060547 1.2011667490005493164 1.2334723472595214844 1.1577432155609130859 1.0490586757659912109 1.0213000774383544922 1.0465304851531982422 1.070341944694519043 1.0510473251342773438 1.0515016317367553711 1.0520938634872436523 1.0537538528442382812 1.0197089910507202148 1.0146239995956420898 1.0161231756210327148 1.0428719520568847656 1.0170170068740844727 1.0168237686157226562 1.0162855386734008789 1.0140874385833740234
-9999 -9999 -9999 -9999 -9999 -9999 -9999 -9999 -9999 -9999 -9999 0 1.113637089729309082 1.2334723472595214844 1.04476165771484375 1.0298491716384887695 1.0581729412078857422 1.0829998254776000977 1.1207560300827026367 1.043332219123840332 1.1639046669006347656 1.1591670513153076172 1.1939677000045776367 1.2334723472595214844 1.1494948863983154297 1.0374242067337036133 1.0182939767837524414 1.0347443819046020508 1.0589580535888671875 1.0391590595245361328 1.0422393083572387695 1.0443559885025024414 1.0459502935409545898 1.0197024345397949219 1.0161669254302978516 1.0154728889465332031 1.0275030136108398438 1.0188715457916259766 1.0183738470077514648 1.0266747474670410156 1.0348024368286132812 1.0146088600158691406
-9999 -9999 -9999 -9999 -9999 -9999 -9999 -9999 -9999 -9999 0 1.1572918891906738281 1.2334723472595214844 1.0532119274139404297 1.031454920768737793 1.0534497499465942383 1.0739983320236206055 1.1139367818832397461 1.0320905447006225586 1.1555187702178955078 1.1517801284790039062 1.1869719028472900391 1.2334723472595214844 1.140774846076965332 1.0238660573959350586 1.0190434455871582031 1.021860957145690918 1.0465991497039794922 1.0248372554779052734 1.0278234481811523438 1.0325512886047363281 1.0341860055923461914 1.0223202705383300781 1.0215332508087158203 1.0270668268203735352 1.0330262184143066406 1.0395895242691040039 1.0500556230545043945 1.062117457389831543 1.0170427560806274414 1.0145784616470336914 1.045187830924987793
-9999 -9999 -9999 -9999 -9999 -9999 -9999 -9999 -9999 -9999 0 1.2334723472595214844 1.0773047208786010742 1.0555232763290405273 1.0326535701751708984 1.0614122152328491211 1.1042141914367675781 1.0280332565307617188 1.14696502685546875 1.1447689533233642578 1.180800318717956543 1.2334723472595214844 1.131956934928894043 1.0197869539260864258 1.0187767744064331055 1.0203098058700561523 1.0334421396255493164 1.0203678607940673828 1.0208466053009033203 1.0225163698196411133 1.0259432792663574219 1.0257216691970825195 1.022665858268737793 1.0276651382446289062 1.0346648693084716797 1.0421216487884521484 1.0509842634201049805 1.0612249374389648438 1.0160810947418212891 1.0725530385971069336 1.0147581100463867188 1.0123536586761474609
-9999 -9999 -9999 -9999 -9999 -9999 -9999 -9999 -9999 0 1.1493792533874511719 1.2334723472595214844 1.064501643180847168 1.0336953401565551758 1.0552197694778442383 1.0909980535507202148 1.1007337570190429688 1.1345083713531494141 1.1371855735778808594 1.1752285957336425781 1.2334723472595214844 1.1232486963272094727 1.025402069091796875 1.0367021560668945312 1.0460242033004760742 1.0558502674102783203 1.2025831937789916992 1.2154351472854614258 1.2261600494384765625 1.2334723472595214844 1.2334723472595214844 1.2334723472595214844 1.2334723472595214844 1.2334723472595214844 1.2334723472595214844 1.2334723472595214844 1.2334723472595214844 1.2334723472595214844 1.2334723472595214844 1.2334723472595214844 1.2334723472595214844 1.2334723472595214844
-9999 -9999 -9999 -9999 -9999 -9999 -9999 -9999 0 0 1.2334723472595214844 1.0386168956756591797 1.0545500516891479492 1.0324923992156982422 1.0775160789489746094 1.0876073837280273438 1.1132127046585083008 1.1250511407852172852 1.167550206184387207 1.2334723472595214844 1.1151735782623291016 1.0212665796279907227 1.0204375982284545898 1.0227149724960327148 1.1785293817520141602 1.1907569169998168945 1.0606154203414916992 1.0361773967742919922 1.0471986532211303711 1.0570465326309204102 1.0659579038619995117 1.0718903541564941406 1.0788142681121826172 1.0852639675140380859 1.0912200212478637695 1.096943974494934082 1.1027383804321289062 1.1087311506271362305 1.1155627965927124023 1.1217436790466308594 1.1260545253753662109 1.1298938989639282227
-9999 -9999 -9999 -9999 -9999 -9999 -9999 -9999 0 1.0842615365982055664 1.2334276437759399414 1.0286468267440795898 1.043458104133605957 1.0611852407455444336 1.0738542079925537109 1.1000583171844482422 1.1116306781768798828 1.155093073844909668 1.2260546684265136719 1.1070382595062255859 1.11426544189453125 1.1340854167938232422 1.1511683464050292969 1.1672031879425048828 1.0489209890365600586 1.0489419698715209961 1.0222173929214477539 1.0182858705520629883 1.0196381807327270508 1.0302938222885131836 1.0397788286209106445 1.046797633171081543 1.0542579889297485352 1.0608589649200439453 1.0665354728698730469 1.0711492300033569336 1.0785434246063232422 1.2334723472595214844 1.2334723472595214844 1.2334723472595214844 1.2334723472595214844 1.2334723472595214844
-9999 -9999 -9999 -9999 -9999 -9999 -9999 -9999 1.1098195314407348633 1.2315350770950317383 1.0676842927932739258 1.0317480564117431641 1.0462713241577148438 1.0580074787139892578 1.0855312347412109375 1.0969768762588500977 1.1428372859954833984 1.2129905223846435547 1.0930957794189453125 1.1057184934616088867 1.1153006553649902344 1.1223043203353881836 1.1289980411529541016 1.03667449951171875 1.036891937255859375 1.0192240476608276367 1.017863154411315918 1.0175653696060180664 1.0281168222427368164 1.0385895967483520508 1.0478283166885375977 1.0544970035552978516 1.0605230331420898438 1.068262934684753418 1.2334723472595214844 1.2334723472595214844 1.2334723472595214844 1.1225125789642333984 1.1198322772979736328 1.1176842451095581055 1.1160228252410888672 1.1149976253509521484
-9999 -9999 -9999 -9999 -9999 -9999 -9999 0 1.2301288843154907227 1.0538382530212402344 1.0522913932800292969 1.0312230587005615234 1.0433133840560913086 1.0699937343597412109 1.081146240234375 1.1298303604125976562 1.2012447118759155273 1.0792303085327148438 1.0940396785736083984 1.1074998378753662109 1.1153469085693359375 1.1214274168014526367 1.0234043598175048828 1.0225946903228759766 1.0229594707489013672 1.0343620777130126953 1.0425312519073486328 1.0506231784820556641 1.0603145360946655273 1.0701472759246826172 1.0786702632904052734 1.0865956544876098633 1.2334723472595214844 1.2334723472595214844 1.1112533807754516602 1.1181834936141967773 1.11504364013671875 1.1121754646301269531 1.1101307868957519531 1.1089509725570678711 1.1079602241516113281 1.1448948383331298828
-9999 -9999 -9999 -9999 -9999 -9999 -9999 1.2334723472595214844 1.097639918327331543 1.0398857593536376953 1.0367264747619628906 1.0276267528533935547 1.0550199747085571289 1.0663968324661254883 1.1173086166381835938 1.1883661746978759766 1.0640287399291992188 1.0810914039611816406 1.0970504283905029297 1.1079773902893066406 1.1143529415130615234 1.0205739736557006836 1.0192213058471679688 1.0185647010803222656 1.0186191797256469727 1.0199494361877441406 1.0299742221832275391 1.0406516790390014648 1.2105504274368286133 1.2218385934829711914 1.2316192388534545898 1.2334723472595214844 1.1032288074493408203 1.1027643680572509766 1.1095242500305175781 1.1066677570343017578 1.10445404052734375 1.1030175685882568359 1.102223515510559082 1.1015650033950805664 1.1394752264022827148 1.1083964109420776367
-9999 -9999 -9999 -9999 -9999 -9999 0 1.1494069099426269531 1.0891964435577392578 1.0294706821441650391 1.0286927223205566406 1.0413812398910522461 1.0575399398803710938 1.1086004972457885742 1.1791338920593261719 1.0493882894515991211 1.0657836198806762695 1.0817103385925292969 1.0956734418869018555 1.1064127683639526367 1.1160821914672851562 1.1303120851516723633 1.1433267593383789062 1.155338287353515625 1.1678284406661987305 1.1785328388214111328 1.1888668537139892578 1.2001199722290039062 1.0871970653533935547 1.086136937141418457 1.0941622257232666016 1.0932955741882324219 1.0928988456726074219 1.1004470586776733398 1.0982545614242553711 1.0965677499771118164 1.0955853462219238281 1.0952886343002319336 1.0949218273162841797 1.1341657638549804688 1.102528691291809082 1.1323305368423461914
-9999 -9999 -9999 -9999 -9999 0 1.1863157749176025391 1.051356196403503418 1.072062373161315918 1.0319943428039550781 1.0338878631591796875 1.0545612573623657227 1.1020158529281616211 1.1725267171859741211 1.0364351272583007812 1.0530922412872314453 1.0677676200866699219 1.0805442333221435547 1.0938109159469604492 1.1082464456558227539 1.1028534173965454102 1.0985777378082275391 1.0947891473770141602 1.1170370578765869141 1.0454741716384887695 1.0551534891128540039 1.0665687322616577148 1.0776891708374023438 1.0759625434875488281 1.0847183465957641602 1.0835611820220947266 1.0826722383499145508 1.0912275314331054688 1.089985966682434082 1.0888162851333618164 1.0880925655364990234 1.088051915168762207 1.0881953239440917969 1.1287937164306640625 1.0964025259017944336 1.1274322271347045898 1.1030936241149902344
-9999 -9999 -9999 -9999 -9999 0 1.0771576166152954102 1.0436799526214599609 1.0544050931930541992 1.0599905252456665039 1.0376299619674682617 1.0934150218963623047 1.1653832197189331055 1.0298426151275634766 1.0401234626770019531 1.0561624765396118164 1.0684674978256225586 1.0790016651153564453 1.0962885618209838867 1.093438267707824707 1.089892268180847168 1.0861110687255859375 1.1076651811599731445 1.0340139865875244141 1.0442485809326171875 1.0562343597412109375 1.0684504508972167969 1.0655722618103027344 1.0740159749984741211 1.0730851888656616211 1.0720733404159545898 1.0807549953460693359 1.0798066854476928711 1.0787935256958007812 1.0783525705337524414 1.0786759853363037109 1.0794928073883056641 1.1225036382675170898 1.0899336338043212891 1.1222840547561645508 1.0970820188522338867 1.0948183536529541016
-9999 -9999 -9999 -9999 0 1.20186614990234375 1.0703681707382202148 1.0352758169174194336 1.0649065971374511719 1.0404207706451416016 1.0796779394149780273 1.1545795202255249023 1.0949764251708984375 1.0326079130172729492 1.0447430610656738281 1.0597668886184692383 1.0664834976196289062 1.0824781656265258789 1.0806401968002319336 1.0797344446182250977 1.0770107507705688477 1.0967545509338378906 1.0207809209823608398 1.0329469442367553711 1.0465149879455566406 1.0604139566421508789 1.0558928251266479492 1.064368128776550293 1.0634429454803466797 1.0617277622222900391 1.0708290338516235352 1.0702270269393920898 1.0687128305435180664 1.0677942037582397461 1.0679185390472412109 1.0688934326171875 1.1140201091766357422 1.081776738166809082 1.1165170669555664062 1.090878605842590332 1.0883005857467651367 1.0859154462814331055
-9999 -9999 -9999 -9999 0 1.0868240594863891602 1.0691785812377929688 1.0429400205612182617 1.0492233037948608398 1.0790178775787353516 1.0756044387817382812 1.1424033641815185547 1.0881675481796264648 1.0369604825973510742 1.0527290105819702148 1.0569747686386108398 1.0711088180541992188 1.0668555498123168945 1.0682471990585327148 1.068371891975402832 1.0866239070892333984 1.020232081413269043 1.022767186164855957 1.0385040044784545898 1.0560338497161865234 1.0485709905624389648 1.0573155879974365234 1.0570180416107177734 1.0539643764495849609 1.0632108449935913086 1.0630763769149780273 1.061104893684387207 1.0596166849136352539 1.058995366096496582 1.0591794252395629883 1.1054317951202392578 1.0721842050552368164 1.1090264320373535156 1.0834461450576782227 1.081605076789855957 1.0787670612335205078 1.0766321420669555664
-9999 -9999 -9999 0 1.1419631242752075195 1.0726087093353271484 1.0781357288360595703 1.0571221113204956055 1.0635017156600952148 1.0583043098449707031 1.0668698549270629883 1.1369254589080810547 1.1044039726257324219 1.0449622869491577148 1.0627560615539550781 1.0621712207794189453 1.0556685924530029297 1.0586988925933837891 1.0582387447357177734 1.069575190544128418 1.063029170036315918 1.025761723518371582 1.0315222740173339844 1.0539854764938354492 1.0431331396102905273 1.0533158779144287109 1.0532057285308837891 1.0478291511535644531 1.0573658943176269531 1.0572392940521240234 1.0545322895050048828 1.0526844263076782227 1.0516246557235717773 1.0510293245315551758 1.0982980728149414062 1.0633764266967773438 1.1016064882278442383 1.0747007131576538086 1.0733594894409179688 1.0714918375015258789 1.0691164731979370117 1.0675073862075805664
-9999 -9999 -9999 1.2334723472595214844 1.0731829404830932617 1.0435289144515991211 1.0559933185577392578 1.0708899497985839844 1.0566941499710083008 1.0904862880706787109 1.1720792055130004883 1.0638935565948486328 1.090047001838684082 1.0540108680725097656 1.0690227746963500977 1.0583783388137817383 1.0547581911087036133 1.0487394332885742188 1.0452698469161987305 1.0516349077224731445 1.053386688232421875 1.0347284078598022461 1.0508339405059814453 1.037470698356628418 1.0560665130615234375 1.0512895584106445312 1.0425382852554321289 1.0537260770797729492 1.0519254207611083984 1.0475213527679443359 1.044841766357421875 1.043673396110534668 1.0430032014846801758 1.0920891761779785156 1.0557550191879272461 1.0958048105239868164 1.0673831701278686523 1.0651416778564453125 1.0629978179931640625 1.0613962411880493164 1.0598686933517456055 1.0584170818328857422
-9999 -9999 0 1.2334723472595214844 1.0793912410736083984 1.046982884407043457 1.0871057510375976562 1.0532582998275756836 1.0535149574279785156 -9999 -9999 -9999 1.0648972988128662109 1.0589375495910644531 1.0436248779296875 1.0385857820510864258 1.0383217334747314453 1.0362186431884765625 1.0328797101974487305 1.03635406494140625 1.0524736642837524414 1.0575231313705444336 1.0414947271347045898 1.0666891336441040039 1.0486449003219604492 1.0375835895538330078 1.0557401180267333984 1.0473543405532836914 1.0406823158264160156 1.0365457534790039062 1.0345189571380615234 1.0338646173477172852 1.0857108831405639648 1.0480194091796875 1.0904953479766845703 1.0608527660369873047 1.0578875541687011719 1.0546953678131103516 1.0527909994125366211 1.051690220832824707 1.0503305196762084961 1.0906416177749633789
-9999 -9999 0 1.1017541885375976562 1.0473083257675170898 1.0598607063293457031 1.058091282844543457 -9999 -9999 -9999 -9999 -9999 -9999 1.0545891523361206055 1.046191096305847168 1.068463444709777832 1.0672739744186401367 1.0383332967758178711 1.0585081577301025391 1.0573145151138305664 1.1176854372024536133 1.0662766695022583008 1.064265131950378418 1.0498889684677124023 1.0385245084762573242 1.0590821504592895508 1.0413373708724975586 1.0331869125366210938 1.0279018878936767578 1.0249001979827880859 1.0235879421234130859 1.0785347223281860352 1.0392748117446899414 1.0845570564270019531 1.0538011789321899414 1.0502377748489379883 1.0460783243179321289 1.0434596538543701172 1.0426895618438720703 1.0417971611022949219 1.0835175514221191406 1.0489575862884521484
