tests/data/reference/gistest/full/control/cinfil_m3.asc
ncols        125
nrows        78
xllcorner    -713756.799299980048
yllcorner    -1061032.369616159936
cellsize     10.000000000000
NODATA_value  -9999
[rows 57 to 75 of 78, columns 42 to 83 of 125]
1.0239259004592895508 1.0245299339294433594 1.052965998649597168 1.034183502197265625 1.0335788726806640625 1.084574580192565918 1.0325467586517333984 1.0327694416046142578 1.0334631204605102539 1.0697778463363647461 1.0414628982543945312 1.1176295280456542969 1.0294063091278076172 1.0234497785568237305 1.0432196855545043945 1.0689827203750610352 1.045901179313659668 1.0939040184020996094 1.0531127452850341797 1.0513077974319458008 1.0507436990737915039 1.0502517223358154297 1.0490876436233520508 1.1613489389419555664 1.0582920312881469727 1.0583549737930297852 1.1505675315856933594 1.1565349102020263672 1.1621685028076171875 1.1702649593353271484 1.1765242815017700195 1.1823736429214477539 1.1875311136245727539 1.1897683143615722656 1.1922399997711181641 1.2334723472595214844 1.2334723472595214844 1.2334723472595214844 1.2334723472595214844 1.2322305440902709961 1.2324140071868896484 1.2334723472595214844
1.0154614448547363281 1.0438122749328613281 1.0249563455581665039 1.0251913070678710938 1.0776855945587158203 1.0239984989166259766 1.0237709283828735352 1.0239859819412231445 1.0622782707214355469 1.0341795682907104492 1.1115015745162963867 1.0192338228225708008 1.0130783319473266602 1.0334162712097167969 1.0593072175979614258 1.0356802940368652344 1.0854353904724121094 1.0446659326553344727 1.0429459810256958008 1.042270660400390625 1.0423340797424316406 1.041855931282043457 1.1556575298309326172 1.0491794347763061523 1.0493868589401245117 1.1448092460632324219 1.0570220947265625 1.0551282167434692383 1.1434003114700317383 1.0598288774490356445 1.0699058771133422852 1.0770052671432495117 1.0830016136169433594 1.0875056982040405273 1.090781092643737793 1.1292546987533569336 1.1450988054275512695 1.1321052312850952148 1.1293224096298217773 1.1312285661697387695 1.1352193355560302734 1.1448248624801635742
1.0341172218322753906 1.0156109333038330078 1.0161424875259399414 1.06981658935546875 1.0157343149185180664 1.0156402587890625 1.0157296657562255859 1.0537159442901611328 1.0256037712097167969 1.1070281267166137695 1.0115259885787963867 1.001346588134765625 1.0230975151062011719 1.0509970188140869141 1.0262032747268676758 1.0767104625701904297 1.0351359844207763672 1.0341106653213500977 1.033745884895324707 1.0336873531341552734 1.0334595441818237305 1.1501582860946655273 1.0412385463714599609 1.0404599905014038086 1.1379809379577636719 1.0494223833084106445 1.0481348037719726562 1.1385892629623413086 1.0540268421173095703 1.0515691041946411133 1.0486239194869995117 1.0567793846130371094 1.0638712644577026367 1.0701994895935058594 1.0761121511459350586 1.1248785257339477539 1.1097683906555175781 1.1076407432556152344 1.1112295389175415039 1.1169817447662353516 1.1238461732864379883 1.0189095735549926758
1.0122003555297851562 1.0114327669143676758 1.0607271194458007812 1.0107145309448242188 1.0105478763580322266 1.0110733509063720703 1.0445215702056884766 1.0149308443069458008 1.1003291606903076172 1.0069823265075683594 1.0011835098266601562 1.0100064277648925781 1.0401912927627563477 1.0176757574081420898 1.0686953067779541016 1.0250408649444580078 1.0238867998123168945 1.0244421958923339844 1.0250185728073120117 1.0249888896942138672 1.1440997123718261719 1.0327488183975219727 1.0319243669509887695 1.1315603256225585938 1.0410522222518920898 1.0401726961135864258 1.1330678462982177734 1.0475174188613891602 1.0453261137008666992 1.0425513982772827148 1.0314731597900390625 0.99679684638977050781 0.99680364131927490234 1.0204912424087524414 0.99420452117919921875 1.0606989860534667969 1.0336424112319946289 1.0276335477828979492 1.0296348333358764648 1.0625966787338256836 1.012073516845703125 1.0035110712051391602
1.0414021015167236328 1.0515270233154296875 1.011996150016784668 1.0149718523025512695 1.0234864950180053711 1.0336831808090209961 1.0144721269607543945 1.0920593738555908203 1.0106507539749145508 1.0128320455551147461 1.0176060199737548828 1.026271820068359375 1.0145070552825927734 1.0606302022933959961 1.0156340599060058594 1.0136131048202514648 1.015377044677734375 1.0158699750900268555 1.016644597053527832 1.1384176015853881836 1.0239458084106445312 1.0224853754043579102 1.1251587867736816406 1.0328226089477539062 1.0319174528121948242 1.1269161701202392578 1.0400670766830444336 1.0382444858551025391 1.035740971565246582 1.024663090705871582 0.99695324897766113281 1.0049124956130981445 1.0130339860916137695 0.99610942602157592773 1.0027793645858764648 0 1.0279796123504638672 1.0236449241638183594 1.0565437078475952148 1.0038603544235229492 0.99525886774063110352 0.99465066194534301758
1.0326170921325683594 1.0412201881408691406 1.0489593744277954102 1.0561655759811401367 1.0634305477142333984 1.0716150999069213867 1.0819782018661499023 1.0153428316116333008 1.0104753971099853516 1.016315460205078125 1.0233377218246459961 1.0330461263656616211 1.04715728759765625 1.01644134521484375 1.0145773887634277344 1.012238621711730957 1.0100386142730712891 1.0103281736373901367 1.1313505172729492188 1.0151990652084350586 1.0134227275848388672 1.1183507442474365234 1.0239007472991943359 1.0236861705780029297 1.1211960315704345703 1.0322932004928588867 1.0305500030517578125 1.0283346176147460938 1.0172520875930786133 0.99737685918807983398 1.0047588348388671875 1.0119061470031738281 1.0193810462951660156 1.0258481502532958984 1.0310590267181396484 0 1.0555226802825927734 1.051058650016784668 0.99478054046630859375 0.99508893489837646484 1.0027403831481933594 1.0097157955169677734
1.0177253484725952148 1.0168552398681640625 1.0146291255950927734 1.0110385417938232422 1.0191662311553955078 1.0277010202407836914 1.0371555089950561523 1.0446217060089111328 1.0494623184204101562 1.0541082620620727539 1.0603104829788208008 1.0700337886810302734 1.082088470458984375 1.0924056768417358398 1.0998558998107910156 1.1069662570953369141 1.1139628887176513672 1.1219289302825927734 1.0146704912185668945 1.0144692659378051758 1.1113783121109008789 1.0140625238418579102 1.0149267911911010742 1.1152074337005615234 1.0244612693786621094 1.0225931406021118164 1.0205583572387695312 1.0097925662994384766 0.99783152341842651367 1.0049511194229125977 1.0115401744842529297 1.0181086063385009766 1.0248055458068847656 1.0307154655456542969 1.0360306501388549805 0 1.0609288215637207031 1.0559939146041870117 1.059853672981262207 1.0636403560638427734 1.0671429634094238281 1.0707308053970336914
-9999 -9999 -9999 1.0122419595718383789 1.0135620832443237305 1.0164270401000976562 1.0279269218444824219 1.0152635574340820312 1.0105512142181396484 1.017612457275390625 1.0250630378723144531 1.0344132184982299805 1.045338749885559082 1.0542796850204467773 1.0615520477294921875 1.0685534477233886719 1.0759007930755615234 1.0843938589096069336 1.0940179824829101562 1.1028615236282348633 1.014827728271484375 1.0146385431289672852 1.1073554754257202148 1.0154025554656982422 1.0142046213150024414 1.0137091875076293945 1.002310633659362793 0.99934840202331542969 1.0056720972061157227 1.0116323232650756836 1.017714381217956543 1.0239807367324829102 1.0304468870162963867 1.0366017818450927734 1.0425184965133666992 0 1.0672180652618408203 1.0615824460983276367 1.0643175840377807617 1.0670824050903320312 1.0698306560516357422 1.0726821422576904297
-9999 -9999 -9999 -9999 -9999 -9999 -9999 -9999 -9999 1.0084211826324462891 1.0165163278579711914 1.0248829126358032227 1.0304853916168212891 1.0374751091003417969 1.0440738201141357422 1.0517727136611938477 1.0591350793838500977 1.0655703544616699219 1.0720248222351074219 1.0790059566497802734 1.0873483419418334961 1.0971955060958862305 1.0157662630081176758 1.0148816108703613281 1.0137507915496826172 1.0080668926239013672 1.0105570554733276367 1.0145635604858398438 1.0193840265274047852 1.0245826244354248047 1.0303199291229248047 1.0366204977035522461 1.0436245203018188477 1.1440557241439819336 1.1492339372634887695 0 1.1697638034820556641 1.1641302108764648438 1.1649554967880249023 1.1662018299102783203 1.1677685976028442383 1.1693781614303588867
-9999 -9999 -9999 -9999 -9999 -9999 -9999 -9999 -9999 -9999 1.0164693593978881836 1.0184886455535888672 1.0165541172027587891 1.0249122381210327148 1.033625483512878418 1.0429005622863769531 1.0527796745300292969 1.0619469881057739258 1.0704077482223510742 1.0792024135589599609 1.0876648426055908203 1.0928269624710083008 1.0991909503936767578 1.1055678129196166992 1.1102265119552612305 1.1131483316421508789 1.1153697967529296875 1.1177371740341186523 1.1201902627944946289 1.1231652498245239258 1.127087712287902832 1.1320164203643798828 1.1380904912948608398 0.99751621484756469727 0.99581521749496459961 0 1.0212769508361816406 1.0150938034057617188 1.0184462070465087891 1.0224263668060302734 1.0266895294189453125 1.0307805538177490234
-9999 -9999 -9999 -9999 -9999 -9999 -9999 -9999 -9999 -9999 -9999 -9999 -9999 -9999 -9999 -9999 -9999 -9999 1.0151809453964233398 1.0159907341003417969 1.0184202194213867188 1.0195823907852172852 1.0185422897338867188 1.0150099992752075195 1.0218839645385742188 1.0286008119583129883 1.0341306924819946289 1.0381675958633422852 1.0411957502365112305 1.0451905727386474609 1.0505913496017456055 1.0570006370544433594 1.0642240047454833984 1.0702965259552001953 1.0744190216064453125 1.1166987419128417969 1.1040065288543701172 1.1021811962127685547 1.1030356884002685547 1.1047337055206298828 1.1068274974822998047 1.1089218854904174805
-9999 -9999 -9999 -9999 -9999 -9999 -9999 -9999 -9999 -9999 -9999 -9999 -9999 -9999 -9999 -9999 -9999 -9999 -9999 -9999 -9999 1.0242071151733398438 1.0229800939559936523 1.0158294439315795898 1.0103324651718139648 1.0128889083862304688 1.0189547538757324219 1.0245739221572875977 1.0287129878997802734 1.0326025485992431641 1.0372580289840698242 1.0436919927597045898 1.050614476203918457 1.0561251640319824219 1.0599076747894287109 1.1002346277236938477 1.0889643430709838867 1.0879490375518798828 1.089304804801940918 1.0914018154144287109 1.0937839746475219727 1.0963093042373657227
-9999 -9999 -9999 -9999 -9999 -9999 -9999 -9999 -9999 -9999 -9999 -9999 -9999 -9999 -9999 -9999 -9999 -9999 -9999 -9999 -9999 -9999 -9999 1.0330393314361572266 1.0134861469268798828 1.0049797296524047852 1.0050560235977172852 1.0109539031982421875 1.015837550163269043 1.0209362506866455078 1.0262620449066162109 1.030811309814453125 1.0367729663848876953 1.0418311357498168945 1.0824273824691772461 1.0718735456466674805 1.0716707706451416016 1.0740392208099365234 1.0765503644943237305 1.0794193744659423828 1.0824666023254394531 1.0858118534088134766
-9999 -9999 -9999 -9999 -9999 -9999 -9999 -9999 -9999 -9999 -9999 -9999 -9999 -9999 -9999 -9999 -9999 -9999 -9999 -9999 -9999 -9999 -9999 -9999 1.0399671792984008789 1.0222126245498657227 1.0137653350830078125 1.004485011100769043 1.0097818374633789062 1.015659332275390625 1.0224335193634033203 1.0284836292266845703 1.033825993537902832 1.0384503602981567383 1.0771222114562988281 1.0667871236801147461 1.0661150217056274414 -9999 -9999 -9999 -9999 -9999
-9999 -9999 -9999 -9999 -9999 -9999 -9999 -9999 -9999 -9999 -9999 -9999 -9999 -9999 -9999 -9999 -9999 -9999 -9999 -9999 -9999 -9999 -9999 -9999 -9999 -9999 1.0323756933212280273 1.0228446722030639648 1.0024362802505493164 1.0096563100814819336 1.0176626443862915039 1.0250469446182250977 1.0314158201217651367 1.0369586944580078125 0 -9999 -9999 -9999 -9999 -9999 -9999 -9999
-9999 -9999 -9999 -9999 -9999 -9999 -9999 -9999 -9999 -9999 -9999 -9999 -9999 -9999 -9999 -9999 -9999 -9999 -9999 -9999 -9999 -9999 -9999 -9999 -9999 -9999 -9999 1.0413992404937744141 1.0314902067184448242 1.0040072202682495117 1.0116772651672363281 1.0192539691925048828 1.0260120630264282227 1.0322308540344238281 -9999 -9999 -9999 -9999 -9999 -9999 -9999 -9999
-9999 -9999 -9999 -9999 -9999 -9999 -9999 -9999 -9999 -9999 -9999 -9999 -9999 -9999 -9999 -9999 -9999 -9999 -9999 -9999 -9999 -9999 -9999 -9999 -9999 -9999 -9999 -9999 1.0506304502487182617 1.0409697294235229492 1.0054850578308105469 1.0030531883239746094 1.0092399120330810547 0.99822723865509033203 -9999 -9999 -9999 -9999 -9999 -9999 -9999 -9999
-9999 -9999 -9999 -9999 -9999 -9999 -9999 -9999 -9999 -9999 -9999 -9999 -9999 -9999 -9999 -9999 -9999 -9999 -9999 -9999 -9999 -9999 -9999 -9999 -9999 -9999 -9999 -9999 -9999 1.060207366943359375 1.0495395660400390625 1.0118069648742675781 0.99911808967590332031 1.0706851482391357422 -9999 -9999 -9999 -9999 -9999 -9999 -9999 -9999
-9999 -9999 -9999 -9999 -9999 -9999 -9999 -9999 -9999 -9999 -9999 -9999 -9999 -9999 -9999 -9999 -9999 -9999 -9999 -9999 -9999 -9999 -9999 -9999 -9999 -9999 -9999 -9999 -9999 -9999 1.0677706003189086914 1.0559774637222290039 1.0177460908889770508 -9999 -9999 -9999 -9999 -9999 -9999 -9999 -9999 -9999
