tests/data/reference/gistest/full/control/cinfil_m3.asc
ncols        125
nrows        78
xllcorner    -713756.799299980048
yllcorner    -1061032.369616159936
cellsize     10.000000000000
NODATA_value  -9999
[rows 38 to 56 of 78, columns 42 to 83 of 125]
1.0047376155853271484 1.0098079442977905273 1.0166027545928955078 1.0238209962844848633 1.0308517217636108398 1.0380083322525024414 1.0453519821166992188 1.0008658170700073242 1.0030287504196166992 1.0030273199081420898 0.83207505941390991211 0.83872038125991821289 0.84424728155136108398 0.85034644603729248047 0.9892985224723815918 0.9892985224723815918 0.9892985224723815918 0.9892985224723815918 0.9892985224723815918 0.9892985224723815918 0.9892985224723815918 0.9892985224723815918 0.9892985224723815918 0.9892985224723815918 0.9892985224723815918 0.9892985224723815918 0.9892985224723815918 0.9892985224723815918 0.9892985224723815918 0.9892985224723815918 0.98725396394729614258 0.96607822179794311523 0.95589697360992431641 0.9892985224723815918 0.92190325260162353516 0.90609610080718994141 0.90836596488952636719 0.89825290441513061523 0.9892985224723815918 1.0835986137390136719 1.2335132360458374023 1.2335132360458374023
1.004023432731628418 1.0079140663146972656 1.0129649639129638672 1.018863677978515625 1.0267591476440429688 1.0350451469421386719 1.0428164005279541016 1.0503320693969726562 1.0577124357223510742 1.0636830329895019531 1.0688900947570800781 1.0750545263290405273 1.2335132360458374023 1.2335132360458374023 1.1635546684265136719 1.1914976835250854492 1.1659551858901977539 1.1640374660491943359 1.1562244892120361328 1.1155726909637451172 1.1156086921691894531 1.1157889366149902344 0.915767669677734375 0.88783061504364013672 0.88849943876266479492 0.88909989595413208008 0.88931500911712646484 0.92133194208145141602 0.92971837520599365234 0.93540358543395996094 0.9892985224723815918 0.9892985224723815918 0.9892985224723815918 0.9892985224723815918 0.9892985224723815918 0.91324961185455322266 0.91383212804794311523 0.90412366390228271484 0.9892985224723815918 0.93669342994689941406 0 1.2335132360458374023
1.0110467672348022461 1.0181969404220581055 1.0260045528411865234 1.0322836637496948242 1.0366455316543579102 1.0433566570281982422 1.0498254299163818359 1.0560630559921264648 1.0621012449264526367 1.0680196285247802734 1.0752224922180175781 1.2335132360458374023 1.1594691276550292969 1.1583884954452514648 1.1866554021835327148 1.1611829996109008789 1.1592026948928833008 1.1509253978729248047 1.1092858314514160156 1.1089168787002563477 1.1086697578430175781 1.108123779296875 1.0661872625350952148 1.0662775039672851562 1.0662827491760253906 1.0663126707077026367 0.91019898653030395508 0.88790148496627807617 0.9892985224723815918 0.9892985224723815918 0.9892985224723815918 0.9892985224723815918 0.9892985224723815918 0.9892985224723815918 0.9892985224723815918 0.9892985224723815918 0.92378342151641845703 0.9130967259407043457 0.83744782209396362305 0 0.9892985224723815918 1.2335132360458374023
1.0530414581298828125 1.0601720809936523438 1.0672862529754638672 1.0732834339141845703 1.0782809257507324219 1.0826332569122314453 1.0856299400329589844 1.0896905660629272461 1.0959515571594238281 1.2335132360458374023 1.2335132360458374023 1.1554471254348754883 1.1539793014526367188 1.1829710006713867188 1.1577804088592529297 1.1562811136245727539 1.1480503082275390625 1.1056052446365356445 1.1050562858581542969 1.104470372200012207 1.1034839153289794922 1.0601462125778198242 1.0596878528594970703 1.0589843988418579102 1.0582368373870849609 1.0996937751770019531 1.0661062002182006836 1.2335132360458374023 1.1481238603591918945 0.88092660903930664062 0.8767871856689453125 0.87705898284912109375 0.89646869897842407227 0.95589143037796020508 0.94597315788269042969 0.9892985224723815918 0.9892985224723815918 0.93570375442504882812 0.97472023963928222656 0.9892985224723815918 0.9892985224723815918 0.9892985224723815918
1.2335132360458374023 1.2335132360458374023 1.2335132360458374023 1.2335132360458374023 1.2335132360458374023 1.2335132360458374023 1.2335132360458374023 1.2335132360458374023 1.2335132360458374023 1.1485486030578613281 1.150188446044921875 1.1490476131439208984 1.1788277626037597656 1.1536231040954589844 1.1525560617446899414 1.1447848081588745117 1.1019620895385742188 1.1016123294830322266 1.1011272668838500977 1.0999425649642944336 1.0551578998565673828 1.0543175935745239258 1.0532655715942382812 1.0521355867385864258 1.0941911935806274414 1.0593947172164916992 1.2335132360458374023 1.1418387889862060547 1.0563541650772094727 1.0480917692184448242 1.0486216545104980469 0.88671869039535522461 0.86863404512405395508 0.87064081430435180664 0.87368261814117431641 0.9491100311279296875 0.9892985224723815918 0.9892985224723815918 0 0.9892985224723815918 0.9892985224723815918 0.9892985224723815918
1.134106755256652832 1.1375434398651123047 1.141629338264465332 1.1463407278060913086 1.1502397060394287109 1.1538923978805541992 1.1612666845321655273 1.2335132360458374023 1.1436384916305541992 1.1443502902984619141 1.1435009241104125977 1.1744790077209472656 1.1492071151733398438 1.1482168436050415039 1.1404879093170166016 1.0973894596099853516 1.0975124835968017578 1.0974278450012207031 1.0966258049011230469 1.050715327262878418 1.0495920181274414062 1.0481528043746948242 1.0467754602432250977 1.0898619890213012695 1.0539747476577758789 1.2335132360458374023 1.1375908851623535156 1.0500042438507080078 1.0408518314361572266 1.0402570962905883789 1.0651603937149047852 1.0388873815536499023 0.86178362369537353516 0.86249893903732299805 0.86562961339950561523 0.86724185943603515625 0.93006652593612670898 0.96017229557037353516 0.97717767953872680664 0.9892985224723815918 0.9892985224723815918 0.9892985224723815918
1.2335132360458374023 1.2335132360458374023 1.2335132360458374023 1.2335132360458374023 1.2335132360458374023 1.2335132360458374023 1.2335132360458374023 1.1371706724166870117 1.1382873058319091797 1.1376937627792358398 1.1693375110626220703 1.1439458131790161133 1.1431362628936767578 1.1351333856582641602 1.0910714864730834961 1.0915925502777099609 1.0918421745300292969 1.0913063287734985352 1.0446822643280029297 1.044215083122253418 1.0428776741027832031 1.0413342714309692383 1.08573150634765625 1.0488730669021606445 1.2335132360458374023 1.1342684030532836914 1.0447239875793457031 1.0353195667266845703 1.0344239473342895508 1.0594317913055419922 1.0318295955657958984 1.0307196378707885742 1.0304229259490966797 0.85637193918228149414 0.85756695270538330078 0.85999834537506103516 0.90191566944122314453 0 0.9346306920051574707 0.96545708179473876953 0.9892985224723815918 0.9892985224723815918
1.1517908573150634766 1.1220965385437011719 1.1527571678161621094 1.1632279157638549805 1.1752563714981079102 1.1274228096008300781 1.1281599998474121094 1.1293118000030517578 1.1306090354919433594 1.164002537727355957 1.1381525993347167969 1.1373162269592285156 1.1294219493865966797 1.084280848503112793 1.0845123529434204102 1.0848321914672851562 1.0843644142150878906 1.0360875129699707031 1.0362226963043212891 1.0358711481094360352 1.0348963737487792969 1.0811216831207275391 1.043175816535949707 1.2335132360458374023 1.1309554576873779297 1.0393610000610351562 1.0300443172454833984 1.0293060541152954102 1.0547795295715332031 1.026057124137878418 1.0245766639709472656 1.023886561393737793 1.0230635404586791992 1.0226823091506958008 0.85160070657730102539 0.85245889425277709961 0.93216925859451293945 0 0.87301671504974365234 0.86768573522567749023 0.86926591396331787109 0.91221165657043457031
1.1152912378311157227 1.1433732509613037109 1.1211192607879638672 1.1197147369384765625 1.1192240715026855469 1.1190292835235595703 1.1192039251327514648 1.1199394464492797852 1.1550103425979614258 1.1303279399871826172 1.1299017667770385742 1.1221704483032226562 1.0770739316940307617 1.0778253078460693359 1.0777516365051269531 1.0768588781356811523 1.0265897512435913086 1.0265597105026245117 1.0260756015777587891 1.0256158113479614258 1.0746600627899169922 1.0359073877334594727 1.2335132360458374023 1.1262444257736206055 1.0324709415435791016 1.0234169960021972656 1.0233645439147949219 1.0498811006546020508 1.0202180147171020508 1.0181994438171386719 1.017430424690246582 1.0167051553726196289 1.0153931379318237305 1.0145612955093383789 1.0151258707046508789 1.0734423398971557617 0.87203139066696166992 0.87264180183410644531 0.83164203166961669922 0.84019356966018676758 0.84662264585494995117 0.85150498151779174805
1.137683868408203125 1.1148146390914916992 1.1128510236740112305 1.1113736629486083984 1.1107097864151000977 1.1105886697769165039 1.1105456352233886719 1.1450313329696655273 1.1195142269134521484 1.1202183961868286133 1.1126612424850463867 1.0664761066436767578 1.0690732002258300781 1.070544123649597168 1.0690858364105224609 1.0158240795135498047 1.016205906867980957 1.0157452821731567383 1.0152932405471801758 1.0660862922668457031 1.0264056921005249023 1.2335132360458374023 1.1202999353408813477 1.0235565900802612305 1.0150547027587890625 1.0155408382415771484 1.0431387424468994141 1.0147218704223632812 1.0122603178024291992 1.0103029012680053711 1.0097615718841552734 1.0090391635894775391 1.0074174404144287109 1.0061354637145996094 1.0658872127532958984 0.9967193603515625 1.06597900390625 0.89595735073089599609 0.89042288064956665039 0.88816225528717041016 0.88579505681991577148 0.88403040170669555664
1.109067082405090332 1.1068497896194458008 1.1048219203948974609 1.1033508777618408203 1.102654576301574707 1.1023199558258056641 1.1371575593948364258 1.1101737022399902344 1.1098328828811645508 1.1021975278854370117 1.0543886423110961914 1.0558472871780395508 1.0591253042221069336 1.0604454278945922852 1.0155279636383056641 1.0151007175445556641 1.0147881507873535156 1.0151491165161132812 1.0573250055313110352 1.0155489444732666016 1.2335132360458374023 1.1140691041946411133 1.0151188373565673828 1.0072206258773803711 1.0083411931991577148 1.0331766605377197266 1.0095490217208862305 1.0073210000991821289 1.0033015012741088867 1.0016804933547973633 1.0015758275985717773 1.0003871917724609375 0.99844563007354736328 1.0595434904098510742 1.0051311254501342773 1.0119577646255493164 1.06877899169921875 1.2335132360458374023 0.9892985224723815918 0.9892985224723815918 0.9892985224723815918 0.9892985224723815918
1.1013177633285522461 1.0991371870040893555 1.0973060131072998047 1.096013188362121582 1.0949631929397583008 1.1299588680267333984 1.102154850959777832 1.1012518405914306641 1.0924719572067260742 1.0427516698837280273 1.0435035228729248047 1.0453310012817382812 1.0480633974075317383 1.0168801546096801758 1.0165750980377197266 1.0268269777297973633 1.0373452901840209961 1.0475003719329833984 1.0153708457946777344 1.2313045263290405273 1.1069688796997070312 1.0111441612243652344 1.0083484649658203125 1.0141797065734863281 1.0231201648712158203 1.0092120170593261719 1.0145549774169921875 1.0214450359344482422 1.0276573896408081055 1.0338987112045288086 1.0404599905014038086 1.0467940568923950195 1.0530372858047485352 0.99778926372528076172 0.99532514810562133789 1.0998345613479614258 1.2335132360458374023 1.0826299190521240234 1.0114817619323730469 0.8473460078239440918 0.85174030065536499023 0.85549294948577880859
1.0932364463806152344 1.0915296077728271484 1.0901862382888793945 1.0888344049453735352 1.123988032341003418 1.0947479009628295898 1.0933251380920410156 1.084218144416809082 1.032306671142578125 1.0321623086929321289 1.0333752632141113281 1.0352098941802978516 1.1607840061187744141 1.1703085899353027344 1.1785056591033935547 1.1867178678512573242 1.1949383020401000977 1.2033506631851196289 1.2199150323867797852 1.0998493432998657227 1.0140955448150634766 1.0142310857772827148 1.0219159126281738281 1.0308448076248168945 1.0400130748748779297 1.0485014915466308594 1.0559903383255004883 1.0621110200881958008 1.0668454170227050781 1.0711581707000732422 1.0752626657485961914 1.079247593879699707 1.0841324329376220703 1.0896490812301635742 1.0948355197906494141 1.1864228248596191406 0 1.0104038715362548828 0.99555659294128417969 0.83530569076538085938 0.83968043327331542969 0.84340167045593261719
1.0849506855010986328 1.0840114355087280273 1.0828702449798583984 1.1188533306121826172 1.0884560346603393555 1.086039423942565918 1.0761647224426269531 1.0228228569030761719 1.0221611261367797852 1.0223691463470458984 1.0238375663757324219 1.1495126485824584961 1.0846631526947021484 1.0999569892883300781 1.1119590997695922852 1.1257737874984741211 1.1466252803802490234 1.1783906221389770508 1.0920525789260864258 1.085583806037902832 1.0910458564758300781 1.0958963632583618164 1.1014685630798339844 1.1078877449035644531 1.1147022247314453125 1.1212242841720581055 1.1272908449172973633 1.1454268693923950195 1.1520857810974121094 1.1572082042694091797 1.1611133813858032227 1.1644557714462280273 1.1692645549774169922 1.1756246089935302734 1.1816805601119995117 1.0575933456420898438 0 0.9958750605583190918 1.0024722814559936523 1.0079569816589355469 0.84254032373428344727 0.84631168842315673828
1.0763344764709472656 1.0756614208221435547 1.1130236387252807617 1.0822470188140869141 1.0794821977615356445 1.0686322450637817383 1.0135450363159179688 1.0128438472747802734 1.0127176046371459961 1.0134340524673461914 1.1389060020446777344 1.0758761167526245117 1.0761179924011230469 1.0100194215774536133 1.0858176946640014648 1.1233091354370117188 1.1599488258361816406 1.0826078653335571289 1.0774759054183959961 1.0920164585113525391 1.0968034267425537109 1.1013879776000976562 1.1071742773056030273 1.11357879638671875 1.1201096773147583008 1.1265578269958496094 1.1327632665634155273 1.0056482553482055664 1.0103120803833007812 1.0156002044677734375 1.0208104848861694336 1.0265169143676757812 1.0347812175750732422 1.0441534519195556641 1.0517450571060180664 0.99968457221984863281 0 1.02408599853515625 1.0158637762069702148 1.0183026790618896484 1.0210968255996704102 0.85053497552871704102
1.0671159029006958008 1.1057320833206176758 1.0746829509735107422 1.0722497701644897461 1.0610537528991699219 1.0058472156524658203 1.004368901252746582 1.0040977001190185547 1.0049816370010375977 1.1282620429992675781 1.0674337148666381836 1.0680776834487915039 1.0670601129531860352 1.0752354860305786133 1.1126258373260498047 1.1521233320236206055 1.0733991861343383789 1.0678755044937133789 1.0843536853790283203 1.1051474809646606445 1.1121325492858886719 1.1180863380432128906 1.1249052286148071289 1.1313315629959106445 1.1376374959945678711 1.1440570354461669922 1.1500400304794311523 1.1546605825424194336 1.1580282449722290039 1.1612480878829956055 1.1644510030746459961 1.1694196462631225586 1.1788483858108520508 1.1973432302474975586 1.2049038410186767578 1.2092912197113037109 0 1.2174164056777954102 1.2155492305755615234 1.2157001495361328125 1.2167725563049316406 1.2192568778991699219
1.0981622934341430664 1.0660630464553833008 1.0637280941009521484 1.0527116060256958008 1.0513606071472167969 1.058373570442199707 1.0649636983871459961 1.0969496965408325195 1.1171982288360595703 1.0591423511505126953 1.0599710941314697266 1.0595452785491943359 1.0911962985992431641 1.1009191274642944336 1.1423653364181518555 1.0637192726135253906 1.0583306550979614258 1.0751347541809082031 1.0978235006332397461 1.0733020305633544922 1.114535212516784668 1.1195513010025024414 1.1252958774566650391 1.1310652494430541992 1.1374112367630004883 1.143628239631652832 1.1486896276473999023 1.1524395942687988281 1.1553837060928344727 1.1584247350692749023 1.1616454124450683594 1.1667903661727905273 1.1762073040008544922 1.0089968442916870117 1.0013920068740844727 1.004962921142578125 0 1.0284122228622436523 1.020104527473449707 1.0227586030960083008 1.026002049446105957 1.0299727916717529297
1.0577147006988525391 1.0548350811004638672 1.0436606407165527344 1.0433028936386108398 1.0684953927993774414 1.0773720741271972656 1.0865907669067382812 1.098656773567199707 1.0508279800415039062 1.0516576766967773438 1.0514378547668457031 1.0846474170684814453 1.0575664043426513672 1.1321974992752075195 1.0517766475677490234 1.0478686094284057617 1.0656177997589111328 1.0889152288436889648 1.0653487443923950195 1.1093606948852539062 1.0057630538940429688 1.0819429159164428711 1.091975092887878418 1.101298213005065918 1.1143263578414916992 1.1810142993927001953 1.1876769065856933594 1.1923377513885498047 1.1958583593368530273 1.1991047859191894531 1.2022842168807983398 1.2069599628448486328 1.2139208316802978516 1.2163649797439575195 1.2187765836715698242 1.2213790416717529297 1.2335132360458374023 1.2335132360458374023 1.2335132360458374023 1.2335132360458374023 1.2335132360458374023 1.2335132360458374023
1.046091914176940918 1.0341116189956665039 1.0344569683074951172 1.0614345073699951172 1.0425074100494384766 1.0418560504913330078 1.0918799638748168945 1.0418360233306884766 1.0428198575973510742 1.0430216789245605469 1.0773788690567016602 1.0499862432479858398 1.1249089241027832031 1.0397362709045410156 1.0355767011642456055 1.0551469326019287109 1.0796223878860473633 1.0561401844024658203 1.1022406816482543945 1.0615537166595458984 1.0737795829772949219 1.0582796335220336914 1.0574345588684082031 1.0704469680786132812 1.1695086956024169922 1.0675662755966186523 1.0798027515411376953 1.0873354673385620117 1.0933862924575805664 1.0986011028289794922 1.1032794713973999023 1.1084423065185546875 1.1136649847030639648 1.1173889636993408203 1.1218574047088623047 1.1672511100769042969 1.187213897705078125 1.1715348958969116211 1.1670068502426147461 1.1663852930068969727 1.1666102409362792969 1.1667892932891845703
