tests/data/reference/gistest/full/control/cinfil_m3.asc
ncols        125
nrows        78
xllcorner    -713756.799299980048
yllcorner    -1061032.369616159936
cellsize     10.000000000000
NODATA_value  -9999
[rows 19 to 37 of 78, columns 0 to 41 of 125]
-9999 -9999 -9999 -9999 -9999 -9999 -9999 -9999 -9999 -9999 -9999 -9999 -9999 -9999 -9999 -9999 -9999 1.0439927577972412109 1.0375277996063232422 1.0602082014083862305 1.0765652656555175781 1.1487983465194702148 1.0491611957550048828 1.0428391695022583008 1.0380610227584838867 0 1.2488340139389038086 1.1869524717330932617 1.2043921947479248047 1.040989995002746582 1.1650689840316772461 1.0531468391418457031 1.0303620100021362305 1.0662289857864379883 1.2189568281173706055 1.0444027185440063477 1.1851722002029418945 1.1289964914321899414 1.1201292276382446289 1.1307740211486816406 1.1429219245910644531 1.1333411931991577148
-9999 -9999 -9999 -9999 -9999 -9999 -9999 -9999 -9999 -9999 -9999 -9999 -9999 -9999 -9999 -9999 0.89639961719512939453 0.88912636041641235352 0.89527964591979980469 0.90940999984741210938 1.1652927398681640625 1.0686223506927490234 1.0483494997024536133 1.0401018857955932617 0 0 1.2284381389617919922 1.1869095563888549805 1.2095320224761962891 1.0370166301727294922 1.1701904535293579102 1.0625189542770385742 1.0303070545196533203 1.076356053352355957 1.2234052419662475586 1.0525426864624023438 1.1883563995361328125 1.1357668638229370117 1.1255629062652587891 1.1363084316253662109 1.1479754447937011719 1.1372638940811157227
-9999 -9999 -9999 -9999 -9999 -9999 -9999 -9999 -9999 -9999 -9999 -9999 -9999 -9999 -9999 -9999 0.89772564172744750977 0.89972221851348876953 0.90880322456359863281 0.98913866281509399414 0.92515188455581665039 0.90210664272308349609 0.89846777915954589844 1.1148931980133056641 0 1.0926162004470825195 1.2284479141235351562 1.1919096708297729492 1.2108082771301269531 1.044695734977722168 1.1761033535003662109 1.0319309234619140625 1.0716835260391235352 1.0860801935195922852 1.228305816650390625 1.0606682300567626953 1.1920084953308105469 1.1435483694076538086 1.132512211799621582 1.1430852413177490234 1.1537688970565795898 1.1418166160583496094
-9999 -9999 -9999 -9999 -9999 -9999 -9999 -9999 -9999 -9999 -9999 -9999 -9999 -9999 -9999 -9999 0.91038602590560913086 0.9155362248420715332 0.93110752105712890625 1.0304124355316162109 0.9055226445198059082 0.90422624349594116211 0.92468446493148803711 0 0.95685607194900512695 0.91863405704498291016 1.2339667081832885742 1.2002621889114379883 1.2176810503005981445 1.0555702447891235352 1.1824517250061035156 1.0322129726409912109 1.0392575263977050781 1.080187678337097168 1.2350749969482421875 1.0688022375106811523 1.1955286264419555664 1.1506419181823730469 1.0296303033828735352 1.155062556266784668 1.1598726511001586914 1.1469411849975585938
-9999 -9999 -9999 -9999 -9999 -9999 -9999 -9999 -9999 -9999 -9999 -9999 -9999 -9999 -9999 0.91528713703155517578 0.92844700813293457031 0.95863240957260131836 1.0322892665863037109 0.91011446714401245117 0.95626473426818847656 0.93046385049819946289 0 0.94390064477920532227 0.96474921703338623047 0.92525708675384521484 1.0256448984146118164 1.0041505098342895508 1.0156258344650268555 1.0658359527587890625 1.1893841028213500977 1.0327742099761962891 1.0395903587341308594 1.0479073524475097656 1.0880131721496582031 1.2411730289459228516 1.1991238594055175781 1.1568322181701660156 1.0280466079711914062 1.1638324260711669922 1.1658000946044921875 1.1523489952087402344
-9999 -9999 -9999 -9999 -9999 -9999 -9999 -9999 -9999 -9999 -9999 -9999 -9999 -9999 -9999 0.96663641929626464844 1.0322892665863037109 1.0322892665863037109 0.90464878082275390625 0.91155874729156494141 0.8992411494255065918 0 0 0.88751548528671264648 0.9370644688606262207 0.96342104673385620117 1.0322525501251220703 1.0104287862777709961 1.0216622352600097656 0.91252076625823974609 0.87990182638168334961 1.1959739923477172852 1.0400798320770263672 1.0485898256301879883 1.0570483207702636719 1.2487367391586303711 1.2037863731384277344 1.1636270284652709961 1.0275980234146118164 1.1720257997512817383 1.1718320846557617188 1.1578266620635986328
-9999 -9999 -9999 -9999 -9999 -9999 -9999 -9999 -9999 -9999 -9999 -9999 -9999 -9999 -9999 1.0322892665863037109 0.93770599365234375 0.90600687265396118164 0.90615099668502807617 0.90710997581481933594 0.91768878698348999023 0 0.94008457660675048828 0.94469875097274780273 0.89480924606323242188 0.93046891689300537109 0.96470630168914794922 1.0322892665863037109 1.0265318155288696289 0.91925108432769775391 0.87898045778274536133 0.88851332664489746094 1.001492619514465332 0.89495742321014404297 1.0586142539978027344 1.0668921470642089844 1.2579454183578491211 1.0297565460205078125 1.1709645986557006836 1.0363118648529052734 1.1892056465148925781 1.1635251045227050781
-9999 -9999 -9999 -9999 -9999 -9999 -9999 -9999 -9999 -9999 -9999 -9999 -9999 0.90057152509689331055 0.91015785932540893555 0.94619691371917724609 0.92154633998870849609 0.90536719560623168945 0.93929177522659301758 0.93024194240570068359 0 0.94745868444442749023 0.95024096965789794922 0.92727351188659667969 0.93432205915451049805 0.9039198756217956543 0.93231177330017089844 1.0322892665863037109 1.0322892665863037109 0.92709410190582275391 0.88829058408737182617 0.88028913736343383789 0.89739561080932617188 1.0097396373748779297 0.9043362736701965332 0.90927278995513916016 1.0765106678009033203 1.2593076229095458984 1.0377799272537231445 1.1780066490173339844 1.0449607372283935547 1.2004387378692626953
-9999 -9999 -9999 -9999 -9999 -9999 -9999 -9999 -9999 -9999 -9999 -9999 -9999 -9999 0.90165513753890991211 0.92924177646636962891 0.93236571550369262695 0.92604899406433105469 0.94173121452331542969 0 0.98381239175796508789 0.97243905067443847656 0.96475118398666381836 0.96846777200698852539 0.97480165958404541016 0.98280006647109985352 0.99117529392242431641 1.0004899501800537109 1.0322892665863037109 1.0322892665863037109 0.93692570924758911133 0.89827752113342285156 0.89047229290008544922 0.90687966346740722656 1.0185097455978393555 0.91370958089828491211 0.91763389110565185547 0.91971051692962646484 1.0322892665863037109 1.0464111566543579102 1.1844241619110107422 1.2108341455459594727
-9999 -9999 -9999 -9999 -9999 -9999 -9999 -9999 -9999 -9999 -9999 -9999 -9999 -9999 -9999 -9999 0.9146556854248046875 0.99925190210342407227 0 0 0.91557544469833374023 0.90800535678863525391 0.91426068544387817383 0.91938042640686035156 0.92593771219253540039 0.93137496709823608398 0.93687254190444946289 0.94532251358032226562 1.0087813138961791992 1.0322892665863037109 1.0322892665863037109 0.94674324989318847656 0.90928226709365844727 0.90202033519744873047 0.91738516092300415039 1.0268080234527587891 0.92103105783462524414 0.92484182119369506836 0.9281165003776550293 1.0322892665863037109 0.89952296018600463867 1.2241295576095581055
-9999 -9999 -9999 -9999 -9999 -9999 -9999 -9999 -9999 -9999 -9999 -9999 -9999 -9999 -9999 -9999 -9999 0.94653046131134033203 0 0.97924065589904785156 0.95447206497192382812 0.94849246740341186523 0.94705182313919067383 0.94916129112243652344 0.95207244157791137695 0.95480567216873168945 0.95718932151794433594 0.96011906862258911133 0.9647051692008972168 0.97070574760437011719 1.0322892665863037109 1.0322892665863037109 1.0322892665863037109 0.92090046405792236328 0.91342562437057495117 0.92680311203002929688 1.0322892665863037109 1.0322892665863037109 1.0322892665863037109 0.93633824586868286133 1.0322892665863037109 0.90758365392684936523
-9999 -9999 -9999 -9999 -9999 -9999 -9999 -9999 -9999 -9999 -9999 -9999 -9999 -9999 -9999 -9999 -9999 0 0.95318418741226196289 0.93520396947860717773 0.92697203159332275391 0.93063002824783325195 1.0322892665863037109 1.0322892665863037109 1.0322892665863037109 1.0322892665863037109 1.0322892665863037109 1.0322892665863037109 1.0322892665863037109 1.0322892665863037109 1.0322892665863037109 1.0322892665863037109 1.0322892665863037109 1.0322892665863037109 1.0322892665863037109 1.0322892665863037109 1.0322892665863037109 1.0322892665863037109 1.0322892665863037109 1.0322892665863037109 1.0322892665863037109 1.0322892665863037109
-9999 -9999 -9999 -9999 -9999 -9999 -9999 -9999 -9999 -9999 -9999 -9999 -9999 -9999 -9999 -9999 0 1.1283904314041137695 1.0895646810531616211 1.1932220458984375 1.0084437131881713867 1.0322892665863037109 0.95432335138320922852 0.97011154890060424805 0.9837443232536315918 0.99191462993621826172 1.0168025493621826172 1.027792811393737793 1.0322892665863037109 1.0322892665863037109 1.0322892665863037109 1.0322892665863037109 1.0322892665863037109 1.0322892665863037109 1.0322892665863037109 1.0322892665863037109 1.0322892665863037109 1.0322892665863037109 1.0322892665863037109 1.0322892665863037109 1.0322892665863037109 1.0322892665863037109
-9999 -9999 -9999 -9999 -9999 -9999 -9999 -9999 -9999 -9999 -9999 -9999 -9999 -9999 -9999 0 0 1.1899367570877075195 1.1885725259780883789 1.1791805028915405273 1.2593076229095458984 0.94498789310455322266 0.95112466812133789062 0.96371603012084960938 0.97992652654647827148 1.0032985210418701172 0.95800942182540893555 1.0309302806854248047 1.2324097156524658203 1.2354460954666137695 1.0245623588562011719 1.0299623012542724609 1.0322892665863037109 1.0322892665863037109 1.0322892665863037109 1.0322892665863037109 1.0322892665863037109 0.90123337507247924805 0.90575462579727172852 0.94504517316818237305 0.92821139097213745117 0.91982048749923706055
-9999 -9999 -9999 -9999 -9999 -9999 -9999 -9999 -9999 -9999 -9999 -9999 -9999 -9999 -9999 0 1.2087215185165405273 1.1290498971939086914 1.1679213047027587891 1.2593076229095458984 1.1069283485412597656 1.1180584430694580078 1.1383167505264282227 0.97307264804840087891 1.1921901702880859375 1.130053400993347168 1.2391285896301269531 1.2283806800842285156 1.2541823387145996094 1.2593076229095458984 1.2593076229095458984 1.2593076229095458984 1.0963782072067260742 1.1186126470565795898 1.1371196508407592773 1.1396090984344482422 1.0447986125946044922 1.0538979768753051758 1.1149358749389648438 1.091168522834777832 1.0787786245346069336 1.0766717195510864258
-9999 -9999 -9999 -9999 -9999 -9999 -9999 -9999 -9999 -9999 -9999 -9999 -9999 -9999 0 1.1875202655792236328 1.1215277910232543945 1.1585979461669921875 1.2593076229095458984 1.0931600332260131836 1.1058459281921386719 1.1288194656372070312 1.1524797677993774414 1.1863584518432617188 1.122189640998840332 1.2319680452346801758 1.2227323055267333984 1.2511726617813110352 1.2593076229095458984 1.2051057815551757812 1.1077119112014770508 1.086134791374206543 1.1078923940658569336 1.1264867782592773438 1.126704096794128418 1.0362989902496337891 1.0420721769332885742 1.1067365407943725586 1.0829637050628662109 1.0711380243301391602 1.0695056915283203125 1.0982537269592285156
-9999 -9999 -9999 -9999 -9999 -9999 -9999 -9999 -9999 -9999 -9999 -9999 -9999 0 0 1.116316676139831543 1.1503784656524658203 1.2593076229095458984 1.080651402473449707 1.0936057567596435547 1.1177215576171875 1.1430869102478027344 1.1787089109420776367 1.1135011911392211914 1.2255762815475463867 1.2166615724563598633 1.2465958595275878906 1.2593076229095458984 1.2011379003524780273 1.1005148887634277344 1.0769981145858764648 1.0985583066940307617 1.117871403694152832 1.1153975725173950195 1.0481908321380615234 1.0350909233093261719 1.0993952751159667969 1.0742973089218139648 1.0622848272323608398 1.0611346960067749023 1.0914828777313232422 1.0576148033142089844
-9999 -9999 -9999 -9999 -9999 -9999 -9999 -9999 -9999 -9999 -9999 -9999 -9999 0 1.1248328685760498047 1.1427692174911499023 1.2593076229095458984 1.0677318572998046875 1.0819580554962158203 1.1073262691497802734 1.1333621740341186523 1.1695737838745117188 1.1026748418807983398 1.2174000740051269531 1.2099646329879760742 1.241129755973815918 1.2593076229095458984 1.1970224380493164062 1.0933675765991210938 1.068249821662902832 1.0909115076065063477 1.1114666461944580078 1.1059622764587402344 1.0336863994598388672 1.0402315855026245117 1.0924607515335083008 1.0657621622085571289 1.0534007549285888672 1.0529304742813110352 1.0852341651916503906 1.0502829551696777344 1.0487666130065917969
-9999 -9999 -9999 -9999 -9999 -9999 -9999 -9999 -9999 -9999 -9999 -9999 0 1.1725739240646362305 1.1380670070648193359 1.2593076229095458984 1.0538862943649291992 1.0700718164443969727 1.0977787971496582031 1.1244673728942871094 1.1610953807830810547 1.0909653902053833008 1.2078042030334472656 1.2015551328659057617 1.2342736721038818359 1.2593076229095458984 1.1908973455429077148 1.085339665412902832 1.0586382150650024414 1.0826493501663208008 1.1052840948104858398 1.0845155715942382812 1.0930434465408325195 1.0397118330001831055 1.0859479904174804688 1.0562386512756347656 1.0433729887008666992 1.0436589717864990234 1.0784436464309692383 1.0428323745727539062 1.0418180227279663086 1.04001617431640625
