tests/data/reference/gistest/full/control/cinfil_m3.asc
ncols        125
nrows        78
xllcorner    -713756.799299980048
yllcorner    -1061032.369616159936
cellsize     10.000000000000
NODATA_value  -9999
[rows 54 to 71 of 78, columns 41 to 81 of 125]
0.30515319108963012695 0.34783798456192016602 0.3131039738655090332 0.31070441007614135742 0.29908889532089233398 0.29733130335807800293 0.30523139238357543945 0.3126080632209777832 0.34810015559196472168 0.36957350373268127441 0.30625417828559875488 0.3071899712085723877 0.30674666166305541992 0.34135407209396362305 0.35217759013175964355 0.39422699809074401855 0.31122985482215881348 0.30475032329559326172 0.32366740703582763672 0.34854057431221008301 0.32221332192420959473 0.36573022603988647461 0.37092530727386474609 0.37688350677490234375 0.38287618756294250488 0.38947027921676635742 0.3959268033504486084 0.40121543407440185547 0.40518975257873535156 0.40836700797080993652 0.41165536642074584961 0.41513231396675109863 0.42053192853927612305 0.43014481663703918457 0.24161130189895629883 0.23489335179328918457 0.24123252928256988525 0 0.26928037405014038086 0.26042786240577697754 0.26391971111297607422
0.34004840254783630371 0.30358046293258666992 0.30065762996673583984 0.28894609212875366211 0.28819862008094787598 0.31625121831893920898 0.32624939084053039551 0.33660721778869628906 0.34851357340812683105 0.29689767956733703613 0.29784318804740905762 0.29764467477798461914 0.33425801992416381836 0.30471369624137878418 0.38377779722213745117 0.29773983359336853027 0.29279997944831848145 0.31299856305122375488 0.33896216750144958496 0.31345129013061523438 0.36036449670791625977 0.23940403759479522705 0.33164718747138977051 0.34277489781379699707 0.35298827290534973145 0.36735305190086364746 0.43629574775695800781 0.4441178441047668457 0.44958469271659851074 0.45372685790061950684 0.45750138163566589355 0.46114569902420043945 0.4662933349609375 0.47376263141632080078 0.47653552889823913574 0.47924798727035522461 0.48212900757789611816 0.53031462430953979492 0.51321756839752197266 0.50934839248657226562 0.50932925939559936523
0.29395589232444763184 0.29073706269264221191 0.27824181318283081055 0.27809411287307739258 0.30837544798851013184 0.28756740689277648926 0.28676316142082214355 0.34118354320526123047 0.28671929240226745605 0.28784933686256408691 0.28815251588821411133 0.32629892230033874512 0.29628223180770874023 0.37624329328536987305 0.28402405977249145508 0.27858522534370422363 0.30110427737236022949 0.32881191372871398926 0.30322635173797607422 0.35289612412452697754 0.30882447957992553711 0.3225587308406829834 0.30531316995620727539 0.30425664782524108887 0.31886392831802368164 0.42178964614868164062 0.31581503152847290039 0.3294219970703125 0.33770906925201416016 0.34428536891937255859 0.34988218545913696289 0.35483947396278381348 0.36026152968406677246 0.36567628383636474609 0.36945581436157226562 0.37398859858512878418 0.42105519771575927734 0.4417025446891784668 0.42609483003616333008 0.42137953639030456543 0.42064836621284484863
0.28058513998985290527 0.2672227323055267334 0.26697885990142822266 0.29939055442810058594 0.27867811918258666992 0.27785220742225646973 0.33371531963348388672 0.27661272883415222168 0.2768802344799041748 0.27779731154441833496 0.31842151284217834473 0.28730377554893493652 0.36920750141143798828 0.27265793085098266602 0.26477631926536560059 0.28791126608848571777 0.31757208704948425293 0.29230505228042602539 0.34459206461906433105 0.2999273836612701416 0.29819625616073608398 0.29738247394561767578 0.29666811227798461914 0.29539531469345092773 0.41405001282691955566 0.30602002143859863281 0.30609822273254394531 0.40308335423469543457 0.4102090001106262207 0.4169686436653137207 0.42517510056495666504 0.43163007497787475586 0.43768620491027832031 0.44303622841835021973 0.44538819789886474609 0.4479700624942779541 0.49322304129600524902 0.51289957761764526367 0.49661689996719360352 0.49111562967300415039 0.48936703801155090332
0.25576159358024597168 0.25509607791900634766 0.28912049531936645508 0.26814547181129455566 0.26815450191497802734 0.32608795166015625 0.26662647724151611328 0.26636359095573425293 0.26680454611778259277 0.31008040904998779297 0.27932780981063842773 0.36280891299247741699 0.2605864405632019043 0.25209152698516845703 0.27650821208953857422 0.3067468106746673584 0.28090655803680419922 0.33545970916748046875 0.29053339362144470215 0.2889213263988494873 0.28785410523414611816 0.28768444061279296875 0.28719791769981384277 0.40819999575614929199 0.29585936665534973145 0.29610925912857055664 0.39715549349784851074 0.30455288290977478027 0.30247884988784790039 0.39566779136657714844 0.30751082301139831543 0.31887263059616088867 0.32678899168968200684 0.33342412114143371582 0.33835357427597045898 0.34189268946647644043 0.38354980945587158203 0.40038129687309265137 0.38657408952713012695 0.38333308696746826172 0.38509643077850341797
0.24256987869739532471 0.27834406495094299316 0.25610449910163879395 0.25639864802360534668 0.31727319955825805664 0.25567159056663513184 0.25553584098815917969 0.25586676597595214844 0.3004887998104095459 0.27007955312728881836 0.35813096165657043457 0.25006958842277526855 0.23631881177425384521 0.26433023810386657715 0.29741406440734863281 0.27038359642028808594 0.32591307163238525391 0.28003191947937011719 0.27920708060264587402 0.27825334668159484863 0.27778658270835876465 0.27758720517158508301 0.40260589122772216797 0.28706112504005432129 0.28620806336402893066 0.39016011357307434082 0.29608896374702453613 0.29469123482704162598 0.39074796438217163086 0.30104744434356689453 0.29841512441635131836 0.2950655817985534668 0.30417647957801818848 0.31212735176086425781 0.3192233741283416748 0.32587668299674987793 0.38015449047088623047 0.36344850063323974609 0.36087703704833984375 0.36467766761779785156 0.37095093727111816406
0.26720374822616577148 0.24388271570205688477 0.2437194138765335083 0.30696240067481994629 0.24322599172592163086 0.24303621053695678711 0.24353942275047302246 0.29014763236045837402 0.25861400365829467773 0.35102170705795288086 0.24084134399890899658 0.23570173978805541992 0.24820636212825775146 0.28520244359970092773 0.26034346222877502441 0.31706649065017700195 0.26925829052925109863 0.26815819740295410156 0.2676562964916229248 0.26764503121376037598 0.26765647530555725098 0.39649304747581481934 0.27773934602737426758 0.27686828374862670898 0.38357469439506530762 0.28678414225578308105 0.28583163022994995117 0.38511916995048522949 0.29378905892372131348 0.29147586226463317871 0.28829461336135864258 0.27464497089385986328 0.23196500539779663086 0.23199775815010070801 0.26147288084030151367 0.22938637435436248779 0.30421605706214904785 0.2753155827522277832 0.2692775726318359375 0.27223068475723266602 0.30999639630317687988
0.27233791351318359375 0.28470793366432189941 0.29641747474670410156 0.24366608262062072754 0.25508731603622436523 0.26623910665512084961 0.27789643406867980957 0.2469701915979385376 0.34211951494216918945 0.24313002824783325195 0.25202533602714538574 0.25926423072814941406 0.26936948299407958984 0.24645169079303741455 0.30810213088989257812 0.25987869501113891602 0.25718045234680175781 0.25592449307441711426 0.25570034980773925781 0.25673535466194152832 0.39074558019638061523 0.2682730555534362793 0.26676580309867858887 0.37701049447059631348 0.27773493528366088867 0.27670931816101074219 0.37884277105331420898 0.28551125526428222656 0.28363835811614990234 0.28071922063827514648 0.26662704348564147949 0.23205704987049102783 0.24255461990833282471 0.25256308913230895996 0.23108671605587005615 0.24000744521617889404 0 0.26944527029991149902 0.26496192812919616699 0.30303236842155456543 0.24148979783058166504
0.26913690567016601562 0.27591532468795776367 0.28544434905052185059 0.29413104057312011719 0.30225148797035217285 0.31042221188545227051 0.31958138942718505859 0.33108600974082946777 0.24719952046871185303 0.25352314114570617676 0.25931456685066223145 0.26646876335144042969 0.27707642316818237305 0.29293748736381530762 0.25120520591735839844 0.24677024781703948975 0.24422289431095123291 0.2428897172212600708 0.24332126975059509277 0.3835290074348449707 0.25897720456123352051 0.25718984007835388184 0.37000596523284912109 0.26811107993125915527 0.26773032546043395996 0.3729979395866394043 0.27698767185211181641 0.2752227485179901123 0.27253243327140808105 0.2576694786548614502 0.23250518739223480225 0.24234147369861602783 0.25123080611228942871 0.26019081473350524902 0.26781558990478515625 0.27390393614768981934 0 0.3017832338809967041 0.29664170742034912109 0.2298742830753326416 0.23011226952075958252
-9999 0.25413551926612854004 0.25109940767288208008 0.24492307007312774658 0.25339850783348083496 0.26211264729499816895 0.27122896909713745117 0.28164237737655639648 0.2899144291877746582 0.29524904489517211914 0.30039587616920471191 0.30730897188186645508 0.31815868616104125977 0.33151841163635253906 0.34278279542922973633 0.3507595062255859375 0.35827696323394775391 0.36558493971824645996 0.37382438778877258301 0.2473163306713104248 0.24719555675983428955 0.36278337240219116211 0.25752899050712585449 0.25758925080299377441 0.36683318018913269043 0.26865807175636291504 0.26673868298530578613 0.26396167278289794922 0.24806489050388336182 0.23288762569427490234 0.24250151216983795166 0.25077804923057556152 0.25870457291603088379 0.2666231691837310791 0.27353230118751525879 0.27970474958419799805 0 0.30805680155754089355 0.30230951309204101562 0.3068091273307800293 0.31116449832916259766
-9999 -9999 -9999 -9999 0.24428518116474151611 0.24488753080368041992 0.25755724310874938965 0.27147346735000610352 0.24735821783542633057 0.25373747944831848145 0.26082792878150939941 0.26846563816070556641 0.27862268686294555664 0.29078510403633117676 0.30077525973320007324 0.3088747859001159668 0.31663772463798522949 0.32473325729370117188 0.334026336669921875 0.3444302976131439209 0.35383698344230651855 0.2464020848274230957 0.24574965238571166992 0.35861793160438537598 0.25922223925590515137 0.25784286856651306152 0.25514128804206848145 0.23706078529357910156 0.23413671553134918213 0.24313455820083618164 0.25084832310676574707 0.25827631354331970215 0.26571762561798095703 0.2732804715633392334 0.28042086958885192871 0.28724688291549682617 0 0.31534919142723083496 0.30872383713722229004 0.31191086769104003906 0.31507840752601623535
-9999 -9999 -9999 -9999 -9999 -9999 -9999 -9999 -9999 -9999 0.24094635248184204102 0.25560727715492248535 0.26634681224822998047 0.27301689982414245605 0.28112977743148803711 0.28870633244514465332 0.29748642444610595703 0.30583012104034423828 0.31306782364845275879 0.32026907801628112793 0.32799416780471801758 0.33713641762733459473 0.34779018163681030273 0.24855189025402069092 0.24702396988868713379 0.2447509765625 0.24060182273387908936 0.24858154356479644775 0.2551974952220916748 0.26114776730537414551 0.26715758442878723145 0.27369576692581176758 0.28086420893669128418 0.28883218765258789062 0.3982563316822052002 0.40414854884147644043 0 0.42863482236862182617 0.42059287428855895996 0.4216556549072265625 0.42314612865447998047
-9999 -9999 -9999 -9999 -9999 -9999 -9999 -9999 -9999 -9999 -9999 0.25147050619125366211 0.25616970658302307129 0.2599938511848449707 0.26745396852493286133 0.27684503793716430664 0.28729808330535888672 0.29852202534675598145 0.30889591574668884277 0.31838640570640563965 0.3281516730785369873 0.33742994070053100586 0.34298345446586608887 0.34978449344635009766 0.35654860734939575195 0.36145043373107910156 0.36451154947280883789 0.36685776710510253906 0.36938279867172241211 0.37202051281929016113 0.37522411346435546875 0.37943232059478759766 0.38470920920372009277 0.39118081331253051758 0.23243421316146850586 0.23079484701156616211 0 0.26133117079734802246 0.25504636764526367188 0.259342193603515625 0.26412814855575561523
-9999 -9999 -9999 -9999 -9999 -9999 -9999 -9999 -9999 -9999 -9999 -9999 -9999 -9999 -9999 -9999 -9999 -9999 -9999 0.24849371612071990967 0.25036439299583435059 0.25658765435218811035 0.25944411754608154297 0.25545600056648254395 0.25820171833038330078 0.26387491822242736816 0.27095234394073486328 0.27713555097579956055 0.28172960877418518066 0.28520622849464416504 0.28980705142021179199 0.29601424932479858398 0.30335018038749694824 0.31156143546104431152 0.31841382384300231934 0.3230304419994354248 0.36950477957725524902 0.35571387410163879395 0.35351485013961791992 0.35428115725517272949 0.35596281290054321289
-9999 -9999 -9999 -9999 -9999 -9999 -9999 -9999 -9999 -9999 -9999 -9999 -9999 -9999 -9999 -9999 -9999 -9999 -9999 -9999 -9999 -9999 0.26822453737258911133 0.26580959558486938477 0.24979130923748016357 0.2424570918083190918 0.25200819969177246094 0.2607816159725189209 0.26738393306732177734 0.27206116914749145508 0.27642771601676940918 0.28167235851287841797 0.28895214200019836426 0.29678499698638916016 0.30300027132034301758 0.30723971128463745117 0.35216435790061950684 0.33969959616661071777 0.3383560478687286377 0.33968442678451538086 0.34182268381118774414
-9999 -9999 -9999 -9999 -9999 -9999 -9999 -9999 -9999 -9999 -9999 -9999 -9999 -9999 -9999 -9999 -9999 -9999 -9999 -9999 -9999 -9999 -9999 -9999 0.27613180875778198242 0.25760680437088012695 0.23927199840545654297 0.23914982378482818604 0.24916161596775054932 0.25599908828735351562 0.26234704256057739258 0.26865950226783752441 0.2739461064338684082 0.28079971671104431152 0.28657796978950500488 0.33238333463668823242 0.32041653990745544434 0.31993073225021362305 0.32240015268325805664 0.32503625750541687012 0.32805421948432922363
-9999 -9999 -9999 -9999 -9999 -9999 -9999 -9999 -9999 -9999 -9999 -9999 -9999 -9999 -9999 -9999 -9999 -9999 -9999 -9999 -9999 -9999 -9999 -9999 -9999 0.28391957283020019531 0.26632353663444519043 0.25272080302238464355 0.23881563544273376465 0.24780368804931640625 0.25583961606025695801 0.26408883929252624512 0.2711798548698425293 0.27734827995300292969 0.28264760971069335938 0.32621425390243530273 0.31442916393280029297 0.31340461969375610352 -9999 -9999 -9999
-9999 -9999 -9999 -9999 -9999 -9999 -9999 -9999 -9999 -9999 -9999 -9999 -9999 -9999 -9999 -9999 -9999 -9999 -9999 -9999 -9999 -9999 -9999 -9999 -9999 -9999 -9999 0.27708443999290466309 0.26426371932029724121 0.23707635700702667236 0.24774540960788726807 0.25794759392738342285 0.26681226491928100586 0.2742862701416015625 0.28072527050971984863 0 -9999 -9999 -9999 -9999 -9999
