tests/data/reference/gistest/full/control/cinfil_m3.asc
ncols        125
nrows        78
xllcorner    -713756.799299980048
yllcorner    -1061032.369616159936
cellsize     10.000000000000
NODATA_value  -9999
[rows 36 to 53 of 78, columns 41 to 81 of 125]
0.26947838068008422852 0.26776856184005737305 0.26555386185646057129 0.25164124369621276855 0.25111743807792663574 0.24996773898601531982 0.24871839582920074463 0.24133239686489105225 0.24170200526714324951 0.29643225669860839844 0.25568205118179321289 0.25779506564140319824 0.23504395782947540283 0.24297803640365600586 0.24897296726703643799 0.74212557077407836914 0.74725162982940673828 0.75082182884216308594 0.75515699386596679688 0.33164367079734802246 0.27465614676475524902 0.29474157094955444336 0.28679004311561584473 0.27876397967338562012 0.29942694306373596191 0.33430305123329162598 0.36230143904685974121 0.3672867119312286377 0.37392899394035339355 0.40379425883293151855 0.38188078999519348145 0.37333598732948303223 0.23687496781349182129 0.48140096664428710938 0.34637913107872009277 0.33391657471656799316 0.31561195850372314453 0.32071992754936218262 0.32492980360984802246 0.61522525548934936523 0.3263613283634185791
0.26127848029136657715 0.25694042444229125977 0.23923830687999725342 0.23912718892097473145 0.23841334879398345947 0.23718863725662231445 0.23645278811454772949 0.23613303899765014648 0.30160817503929138184 0.24435038864612579346 0.24577112495899200439 0.24537926912307739258 0.25346931815147399902 0.25833815336227416992 0.26255461573600769043 0.27066180109977722168 0.27911099791526794434 0.28526383638381958008 0.29152113199234008789 0.7567602992057800293 0.76082611083984375 0.76609569787979125977 0.7718334197998046875 0.77738922834396362305 0.78337240219116210938 0.79089528322219848633 0.80009543895721435547 0.81100612878799438477 0.82069802284240722656 0.38708236813545227051 0.41410917043685913086 0.39084669947624206543 0.38074007630348205566 0.2482010573148727417 0.48902347683906555176 0.34113866090774536133 0.32361480593681335449 0.32714369893074035645 0.31457355618476867676 0.6195405125617980957 0.33209860324859619141
0.24839390814304351807 0.24058562517166137695 0.24964356422424316406 0.25884923338890075684 0.26757189631462097168 0.27578613162040710449 0.28404274582862854004 0.29245987534523010254 0.23773974180221557617 0.23985745012760162354 0.23981899023056030273 0.23009954392910003662 0.23923973739147186279 0.24674215912818908691 0.25492027401924133301 0.58542102575302124023 0.59412366151809692383 0.60025441646575927734 0.60684740543365478516 0.6146526336669921875 0.62285578250885009766 0.63115996122360229492 0.6393616795539855957 0.647308349609375 0.65541815757751464844 0.66380327939987182617 0.67190593481063842773 0.67833387851715087891 0.67994552850723266602 0.82614290714263916016 0.83707207441329956055 0.42389419674873352051 0.40039721131324768066 0.38893157243728637695 0.49986687302589416504 0.34916236996650695801 0.33042985200881958008 0.33349710702896118164 0.32150113582611083984 0.5416882634162902832 0.33535349369049072266
0.24581708014011383057 0.2387310713529586792 0.24683475494384765625 0.25431281328201293945 0.26160463690757751465 0.27083316445350646973 0.28038257360458374023 0.28929418325424194336 0.2978846430778503418 0.3062909543514251709 0.31305319070816040039 0.31890937685966491699 0.32578906416893005371 0.66763061285018920898 0.67597806453704833984 0.41899165511131286621 0.44793948531150817871 0.42157161235809326172 0.41956302523612976074 0.41171184182167053223 0.36956074833869934082 0.36955207586288452148 0.36974364519119262695 0.34443190693855285645 0.30902639031410217285 0.309909820556640625 0.31060269474983215332 0.31084725260734558105 0.35008263587951660156 0.3598187565803527832 0.36626526713371276855 0.83646726608276367188 0.84328836202621459961 0.849750518798828125 0.85972905158996582031 0.51376092433929443359 0.33859992027282714844 0.33958953619003295898 0.32815682888031005859 0.55077314376831054688 0.36779043078422546387
0.29167062044143676758 0.25536069273948669434 0.26352006196975708008 0.27180016040802001953 0.27856907248497009277 0.28329420089721679688 0.29072248935699462891 0.29792952537536621094 0.30489471554756164551 0.31162866950035095215 0.31820780038833618164 0.32618081569671630859 0.66280776262283325195 0.41487830877304077148 0.4137293696403503418 0.443023681640625 0.4166609644889831543 0.41455343365669250488 0.40623000264167785645 0.36294287443161010742 0.36248180270195007324 0.36219498515129089355 0.36163243651390075684 0.31654012203216552734 0.3167629539966583252 0.31676471233367919922 0.31680500507354736328 0.33738023042678833008 0.30909749865531921387 0.48895022273063659668 0.49923658370971679688 0.5100154876708984375 0.51713401079177856445 0.4999943077564239502 0.23409889638423919678 0.8752453923225402832 0.53130733966827392578 0.35087555646896362305 0.33849024772644042969 0.23611505329608917236 0
0.25836414098739624023 0.30019593238830566406 0.30837288498878479004 0.31647831201553344727 0.32326033711433410645 0.32887178659439086914 0.33372518420219421387 0.33705660700798034668 0.34153091907501220703 0.34836527705192565918 0.6444899439811706543 0.65621918439865112305 0.41076907515525817871 0.40922787785530090332 0.43923020362854003906 0.41313010454177856445 0.41147124767303466797 0.40320676565170288086 0.35907387733459472656 0.35840258002281188965 0.35773423314094543457 0.35668799281120300293 0.30983516573905944824 0.30944177508354187012 0.30864372849464416504 0.30779939889907836914 0.35258007049560546875 0.31646338105201721191 0.54257321357727050781 0.40364629030227661133 0.29988971352577209473 0.29405862092971801758 0.29446762800216674805 0.31890240311622619629 0.30560126900672912598 0.27269214391708374023 0.87835460901260375977 0.55109107494354248047 0.36442235112190246582 0.41040745377540588379 0.6336682438850402832
0.56237524747848510742 0.5668099522590637207 0.57113957405090332031 0.57558774948120117188 0.57923734188079833984 0.58199441432952880859 0.58468526601791381836 0.5863444209098815918 0.58948373794555664062 0.6377041935920715332 0.40387955307960510254 0.40542531013488769531 0.40420985221862792969 0.43499705195426940918 0.40887504816055297852 0.40762493014335632324 0.39982938766479492188 0.35525289177894592285 0.35477742552757263184 0.35419440269470214844 0.3529205620288848877 0.30430990457534790039 0.30348348617553710938 0.30229106545448303223 0.30100461840629577637 0.34667071700096130371 0.30899327993392944336 0.53601211309432983398 0.39704275131225585938 0.30549737811088562012 0.29604831337928771973 0.2967599034309387207 0.30744317173957824707 0.28334847092628479004 0.28472110629081726074 0.28837490081787109375 0.2754535377025604248 0.85755550861358642578 0.62901312112808227539 0 0.61519283056259155273
0.38489544391632080078 0.38888368010520935059 0.39253944158554077148 0.39684718847274780273 0.40178316831588745117 0.4058888852596282959 0.40973708033561706543 0.41731798648834228516 0.63129007816314697266 0.39884555339813232422 0.39947497844696044922 0.39856088161468505859 0.43055453896522521973 0.40437212586402893066 0.40318924188613891602 0.39544746279716491699 0.35043314099311828613 0.35045224428176879883 0.35027983784675598145 0.34939736127853393555 0.29941472411155700684 0.2982628941535949707 0.29663574695587158203 0.29506009817123413086 0.34201058745384216309 0.30296987295150756836 0.531581878662109375 0.39253440499305725098 0.29833585023880004883 0.28774783015251159668 0.28720021247863769531 0.31508055329322814941 0.28583756089210510254 0.27398136258125305176 0.27458158135414123535 0.2774817347526550293 0.27954557538032531738 0.35853993892669677734 0.32652869820594787598 0.19552847743034362793 0.67208790779113769531
0.5743325352668762207 0.58189165592193603516 0.58891314268112182617 0.59398639202117919922 0.59825402498245239258 0.60344040393829345703 0.61237710714340209961 0.62404596805572509766 0.39219263195991516113 0.39325731992721557617 0.39261749386787414551 0.42531639337539672852 0.39901557564735412598 0.39801380038261413574 0.39000070095062255859 0.34369078278541564941 0.34413760900497436523 0.34431549906730651855 0.34370109438896179199 0.29276651144027709961 0.29234230518341064453 0.29084369540214538574 0.28907307982444763184 0.33755189180374145508 0.29732108116149902344 0.52808767557144165039 0.3889948725700378418 0.29237544536590576172 0.28134304285049438477 0.28047442436218261719 0.30863738059997558594 0.2777862846851348877 0.27630257606506347656 0.27554041147232055664 0.26600223779678344727 0.2674948275089263916 0.26958632469177246094 0.32285296916961669922 0 0.36623665690422058105 0.34139719605445861816
0.36937007308006286621 0.40780717134475708008 0.37645459175109863281 0.40920546650886535645 0.41984450817108154297 0.4321269690990447998 0.38208019733428955078 0.38284716010093688965 0.38397309184074401855 0.38530746102333068848 0.41984540224075317383 0.39309561252593994141 0.3920746147632598877 0.38417291641235351562 0.33635631203651428223 0.33648771047592163086 0.33674013614654541016 0.33618429303169250488 0.28332281112670898438 0.28353515267372131348 0.28318208456039428711 0.28204467892646789551 0.33254808187484741211 0.29104858636856079102 0.52430140972137451172 0.38549873232841491699 0.28631573915481567383 0.27514880895614624023 0.27448251843452453613 0.30338278412818908691 0.27111661434173583984 0.2691478431224822998 0.26782274246215820312 0.2667312324047088623 0.26634505391120910645 0.25899779796600341797 0.26002579927444458008 0.36200404167175292969 0 0.27371546626091003418 0.2676995396614074707
0.40127292275428771973 0.36930611729621887207 0.39972096681594848633 0.37553474307060241699 0.3740494847297668457 0.3734938204288482666 0.3732814788818359375 0.37340584397315979004 0.37418565154075622559 0.41066002845764160156 0.38503336906433105469 0.38445296883583068848 0.37671798467636108398 0.32846802473068237305 0.3291810452938079834 0.32899996638298034668 0.3279603123664855957 0.27309396862983703613 0.27298361063003540039 0.27255779504776000977 0.27197691798210144043 0.32546344399452209473 0.28310045599937438965 0.51864612102508544922 0.38060104846954345703 0.27849039435386657715 0.26717418432235717773 0.26732048392295837402 0.29782941937446594238 0.26406890153884887695 0.26139163970947265625 0.25994828343391418457 0.25899398326873779297 0.25751501321792602539 0.25654670596122741699 0.25717952847480773926 0.32427039742469787598 0.2710946202278137207 0.27163833379745483398 0.22974312305450439453 0.24137087166309356689
0.36249342560768127441 0.39394304156303405762 0.36894634366035461426 0.36683127284049987793 0.36519786715507507324 0.36447638273239135742 0.36429920792579650879 0.3642750084400177002 0.40038067102432250977 0.373767852783203125 0.37439802289009094238 0.36680927872657775879 0.31666663289070129395 0.31947320699691772461 0.32103678584098815918 0.31935393810272216797 0.26175230741500854492 0.26157832145690917969 0.26148065924644470215 0.26057794690132141113 0.31597125530242919922 0.27285474538803100586 0.5114879608154296875 0.3744545280933380127 0.26816803216934204102 0.25631880760192871094 0.25701859593391418457 0.29015398025512695312 0.25624924898147583008 0.25296813249588012695 0.25057050585746765137 0.25007268786430358887 0.24929296970367431641 0.24746423959732055664 0.24611860513687133789 0.31584593653678894043 0.23414312303066253662 0.31204655766487121582 0.32020616531372070312 0.2985655367374420166 0.28988990187644958496
0.38890495896339416504 0.3628985285758972168 0.36046865582466125488 0.35820981860160827637 0.3566119074821472168 0.35582724213600158691 0.35550090670585632324 0.3921572268009185791 0.36391499638557434082 0.36347433924674987793 0.35573923587799072266 0.3030090034008026123 0.30453750491142272949 0.30820164084434509277 0.30968153476715087891 0.25071483850479125977 0.24880318343639373779 0.24932813644409179688 0.24910075962543487549 0.30621924996376037598 0.26135715842247009277 0.50220102071762084961 0.3680108189582824707 0.25698691606521606445 0.2430865168571472168 0.24396970868110656738 0.27870592474937438965 0.24480342864990234375 0.24296036362648010254 0.23967255651950836182 0.23844107985496520996 0.23856312036514282227 0.23759002983570098877 0.23585920035839080811 0.30873057246208190918 0.24468079209327697754 0.25330331921577453613 0.31640875339508056641 0.53050553798675537109 0.4580847620964050293 0.45756682753562927246
0.3570385277271270752 0.3545544743537902832 0.3520984947681427002 0.35009938478469848633 0.34867694973945617676 0.34758359193801879883 0.38455784320831298828 0.3553568422794342041 0.35434177517890930176 0.34531852602958679199 0.28971004486083984375 0.29041966795921325684 0.29245594143867492676 0.29560458660125732422 0.25371843576431274414 0.26241362094879150391 0.27270165085792541504 0.2840175926685333252 0.29525971412658691406 0.25019162893295288086 0.49171796441078186035 0.36062180995941162109 0.24567805230617523193 0.24352903664112091064 0.25515624880790710449 0.26687505841255187988 0.24416971206665039062 0.25568193197250366211 0.26502403616905212402 0.27243691682815551758 0.27964165806770324707 0.2871348261833190918 0.29433065652847290039 0.30140057206153869629 0.23461288213729858398 0.23244436085224151611 0.35295990109443664551 0.50217539072036743164 0.33474713563919067383 0.25298738479614257812 0.2530676424503326416
0.3480262458324432373 0.34570163488388061523 0.34382399916648864746 0.34235310554504394531 0.34093186259269714355 0.37819460034370422363 0.34737095236778259277 0.34581762552261352539 0.33637955784797668457 0.27762788534164428711 0.27727991342544555664 0.27863094210624694824 0.28079488873481750488 0.41886889934539794922 0.42894038558006286621 0.43754431605339050293 0.4461218416690826416 0.45466521382331848145 0.46335893869400024414 0.48011198639869689941 0.35314658284187316895 0.24731427431106567383 0.25741055607795715332 0.26701506972312927246 0.2768948674201965332 0.28710308670997619629 0.29659402370452880859 0.30497047305107116699 0.31178706884384155273 0.31702911853790283203 0.32178202271461486816 0.32628509402275085449 0.33063963055610656738 0.33595675230026245117 0.34193468093872070312 0.34752395749092102051 0.44199776649475097656 0 0.25185781717300415039 0.23282572627067565918 0.23558214306831359863
0.33816963434219360352 0.33660909533500671387 0.33559271693229675293 0.33440366387367248535 0.37267839908599853516 0.34051656723022460938 0.33789989352226257324 0.32756403088569641113 0.26638925075531005859 0.26541680097579956055 0.26561337709426879883 0.26740109920501708984 0.40686866641044616699 0.33695083856582641602 0.35368365049362182617 0.36665666103363037109 0.38155406713485717773 0.40376579761505126953 0.43578067421913146973 0.34484577178955078125 0.33757606148719787598 0.34347954392433166504 0.34867000579833984375 0.35460320115089416504 0.36141282320022583008 0.36860865354537963867 0.37547165155410766602 0.38184401392936706543 0.40058791637420654297 0.40741577744483947754 0.41264837980270385742 0.41662359237670898438 0.4200083613395690918 0.42483687400817871094 0.43119192123413085938 0.43724396824836730957 0.30640304088592529297 0 0.23301006853580474854 0.24169202148914337158 0.2485443800687789917
0.32786870002746582031 0.32709664106369018555 0.3264325559139251709 0.36640143394470214844 0.33368074893951416016 0.33070316910743713379 0.31925529241561889648 0.25455570220947265625 0.25364759564399719238 0.25346875190734863281 0.25434830784797668457 0.39551305770874023438 0.32730978727340698242 0.32757481932640075684 0.24531538784503936768 0.33823934197425842285 0.37866765260696411133 0.41460770368576049805 0.33460032939910888672 0.32866629958152770996 0.34461823105812072754 0.34972861409187316895 0.35458353161811828613 0.36069619655609130859 0.36743554472923278809 0.37428569793701171875 0.38103657960891723633 0.3875312507152557373 0.24119688570499420166 0.25023710727691650391 0.25782194733619689941 0.26427403092384338379 0.27097681164741516113 0.28048583865165710449 0.29118189215660095215 0.29979875683784484863 0.23641824722290039062 0 0.26628232002258300781 0.25800776481628417969 0.26134338974952697754
0.31771636009216308594 0.31688988208770751953 0.35851931571960449219 0.3252550959587097168 0.32268282771110534668 0.31084066629409790039 0.24230366945266723633 0.24089002609252929688 0.24058790504932403564 0.24144263565540313721 0.38402578234672546387 0.31795543432235717773 0.31867614388465881348 0.31756564974784851074 0.32661902904510498047 0.36729511618614196777 0.40661296248435974121 0.32446023821830749512 0.31796127557754516602 0.33628913760185241699 0.35870239138603210449 0.36643075942993164062 0.37275224924087524414 0.37989431619644165039 0.38655871152877807617 0.39305078983306884766 0.39961254596710205078 0.40569376945495605469 0.4103565514087677002 0.41373023390769958496 0.41693758964538574219 0.42011463642120361328 0.42503720521926879883 0.4343624413013458252 0.45277860760688781738 0.46016621589660644531 0.46452277898788452148 0 0.48588746786117553711 0.47502335906028747559 0.47429430484771728516
