tests/data/reference/gistest/full/control/cinfil_m3.asc
ncols        125
nrows        78
xllcorner    -713756.799299980048
yllcorner    -1061032.369616159936
cellsize     10.000000000000
NODATA_value  -9999
[rows 57 to 75 of 78, columns 42 to 83 of 125]
1.0243381261825561523 1.0249338150024414062 1.0534169673919677734 1.0346128940582275391 1.03400421142578125 1.0850520133972167969 1.0329711437225341797 1.0331953763961791992 1.0338927507400512695 1.0702435970306396484 1.0418916940689086914 1.1181293725967407227 1.0298432111740112305 1.0238497257232666016 1.0436693429946899414 1.0694754123687744141 1.0463415384292602539 1.0944200754165649414 1.0535628795623779297 1.0517593622207641602 1.0511944293975830078 1.0507006645202636719 1.0495308637619018555 1.1619298458099365234 1.0587476491928100586 1.0588163137435913086 1.1511263847351074219 1.1571003198623657227 1.1627405881881713867 1.1709113121032714844 1.177196502685546875 1.1830643415451049805 1.1882356405258178711 1.1904573440551757812 1.1929250955581665039 1.2335132360458374023 1.2335132360458374023 1.2335132360458374023 1.2335132360458374023 1.2330117225646972656 1.2332004308700561523 1.2335132360458374023
1.0158151388168334961 1.0442560911178588867 1.0253651142120361328 1.0255985260009765625 1.0781618356704711914 1.0243997573852539062 1.0241717100143432617 1.0243887901306152344 1.0627437829971313477 1.0346015691757202148 1.1119945049285888672 1.0196318626403808594 1.0134459733963012695 1.0338497161865234375 1.0597928762435913086 1.036101222038269043 1.0859476327896118164 1.0451099872589111328 1.0433912277221679688 1.0427137613296508789 1.0427758693695068359 1.0422933101654052734 1.1562256813049316406 1.0496236085891723633 1.049839019775390625 1.1453658342361450195 1.0574723482131958008 1.0555765628814697266 1.1439522504806518555 1.0602691173553466797 1.0704025030136108398 1.0775151252746582031 1.0835207700729370117 1.0880272388458251953 1.091299891471862793 1.1299002170562744141 1.1457848548889160156 1.1326769590377807617 1.1298944950103759766 1.1318116188049316406 1.1358171701431274414 1.1455093622207641602
1.0345463752746582031 1.0159661769866943359 1.0165009498596191406 1.0702916383743286133 1.0160878896713256836 1.0159926414489746094 1.0160825252532958984 1.0541775226593017578 1.026012420654296875 1.1075255870819091797 1.0118649005889892578 1.001675724983215332 1.0235084295272827148 1.0514801740646362305 1.02660369873046875 1.0772163867950439453 1.0355646610260009766 1.0345437526702880859 1.034176945686340332 1.034113764762878418 1.0338808298110961914 1.1507202386856079102 1.041674494743347168 1.0409005880355834961 1.1385278701782226562 1.0498676300048828125 1.0485794544219970703 1.1391384601593017578 1.0544656515121459961 1.0520107746124267578 1.0490689277648925781 1.0572633743286132812 1.0643761157989501953 1.0707172155380249023 1.0766379833221435547 1.1255421638488769531 1.1103447675704956055 1.108218073844909668 1.1118203401565551758 1.1175887584686279297 1.1244710683822631836 1.0193260908126831055
1.0125279426574707031 1.0117603540420532227 1.06119537353515625 1.0110414028167724609 1.0108789205551147461 1.0114020109176635742 1.0449774265289306641 1.0153044462203979492 1.1008236408233642578 1.0073105096817016602 1.0015125274658203125 1.0103650093078613281 1.0406601428985595703 1.0180438756942749023 1.0692000389099121094 1.0254477262496948242 1.0242980718612670898 1.0248522758483886719 1.0254225730895996094 1.025386810302734375 1.1446540355682373047 1.0331701040267944336 1.0323510169982910156 1.1320987939834594727 1.0414880514144897461 1.0406078100204467773 1.1336107254028320312 1.047953486442565918 1.0457652807235717773 1.0429939031600952148 1.0319060087203979492 0.99712538719177246094 0.99713319540023803711 1.0209131240844726562 0.99453157186508178711 1.0610785484313964844 1.0339356660842895508 1.0279570817947387695 1.0300855636596679688 1.0630778074264526367 1.0124703645706176758 1.0038717985153198242
1.04184722900390625 1.0519871711730957031 1.0123236179351806641 1.0153259038925170898 1.0238951444625854492 1.0341188907623291016 1.0147998332977294922 1.092549443244934082 1.01097869873046875 1.0131727457046508789 1.0179998874664306641 1.0267006158828735352 1.0148354768753051758 1.0611339807510375977 1.0160086154937744141 1.0139850378036499023 1.0157320499420166016 1.0162241458892822266 1.0169999599456787109 1.1389696598052978516 1.0243484973907470703 1.0228905677795410156 1.1256934404373168945 1.0332463979721069336 1.0323390960693359375 1.1274493932723999023 1.0404950380325317383 1.0386750698089599609 1.036174774169921875 1.0250777006149291992 0.99727666378021240234 1.0052709579467773438 1.0134319067001342773 0.99643665552139282227 1.0031323432922363281 0 1.0284324884414672852 1.0240665674209594727 1.0570226907730102539 1.0042244195938110352 0.99558728933334350586 0.99497896432876586914
1.0330321788787841797 1.0416557788848876953 1.0494046211242675781 1.0566160678863525391 1.0638862848281860352 1.0720784664154052734 1.0824553966522216797 1.0156704187393188477 1.0108425617218017578 1.0167195796966552734 1.0237593650817871094 1.0334954261779785156 1.0476418733596801758 1.0167688131332397461 1.014905095100402832 1.0125682353973388672 1.0103671550750732422 1.0106557607650756836 1.1318928003311157227 1.0155727863311767578 1.0137921571731567383 1.1188826560974121094 1.0243078470230102539 1.0240924358367919922 1.1217271089553833008 1.0327101945877075195 1.0309674739837646484 1.0287563800811767578 1.0176408290863037109 0.99770641326904296875 1.0051156282424926758 1.012297511100769043 1.0198018550872802734 1.0262852907180786133 1.0315040349960327148 0 1.0560500621795654297 1.0515378713607788086 0.99510818719863891602 0.99541467428207397461 1.0030977725982666016 1.0101064443588256836
1.0180525779724121094 1.0171827077865600586 1.0149568319320678711 1.0114057064056396484 1.0195751190185546875 1.0281320810317993164 1.0376100540161132812 1.0450867414474487305 1.0499223470687866211 1.0545654296875 1.0607725381851196289 1.0705108642578125 1.0825822353363037109 1.0929101705551147461 1.1003605127334594727 1.1074749231338500977 1.1144776344299316406 1.1224542856216430664 1.0149981975555419922 1.0147969722747802734 1.1119078397750854492 1.0144340991973876953 1.015293121337890625 1.1157370805740356445 1.0248661041259765625 1.0229947566986083984 1.020962834358215332 1.0101428031921386719 0.99815911054611206055 1.0053050518035888672 1.0119270086288452148 1.0185225009918212891 1.0252398252487182617 1.0311635732650756836 1.0364874601364135742 0 1.0614660978317260742 1.0564829111099243164 1.0603367090225219727 1.0641183853149414062 1.0676158666610717773 1.0712000131607055664
-9999 -9999 -9999 1.0125709772109985352 1.0138899087905883789 1.0167928934097290039 1.0283436775207519531 1.0155912637710571289 1.0109146833419799805 1.0180188417434692383 1.0254905223846435547 1.0348672866821289062 1.045818328857421875 1.0547677278518676758 1.0620428323745727539 1.0690462589263916016 1.0763957500457763672 1.0848977565765380859 1.0945324897766113281 1.1033817529678344727 1.0151553153991699219 1.0149675607681274414 1.107875823974609375 1.015778660774230957 1.0145756006240844727 1.0140663385391235352 1.0026389360427856445 0.99967288970947265625 1.0060180425643920898 1.0120126008987426758 1.0181237459182739258 1.0244110822677612305 1.0308961868286132812 1.0370641946792602539 1.0429910421371459961 0 1.0677618980407714844 1.0620771646499633789 1.0648022890090942383 1.0675594806671142578 1.0703011751174926758 1.0731464624404907227
-9999 -9999 -9999 -9999 -9999 -9999 -9999 -9999 -9999 1.0087476968765258789 1.0168809890747070312 1.0252856016159057617 1.0308992862701416016 1.0379047393798828125 1.0445139408111572266 1.05222320556640625 1.0595940351486206055 1.0660333633422851562 1.0724920034408569336 1.0794800519943237305 1.087836146354675293 1.0976994037628173828 1.0160937309265136719 1.015209197998046875 1.014078974723815918 1.0083963871002197266 1.0108869075775146484 1.0149507522583007812 1.0197980403900146484 1.0250116586685180664 1.0307626724243164062 1.0370769500732421875 1.0440958738327026367 1.1445556879043579102 1.1497370004653930664 0 1.1703437566757202148 1.1646417379379272461 1.1654510498046875 1.1666878461837768555 1.1682492494583129883 1.1698535680770874023
-9999 -9999 -9999 -9999 -9999 -9999 -9999 -9999 -9999 -9999 1.0167968273162841797 1.0188156366348266602 1.0169274806976318359 1.0253136157989501953 1.0340454578399658203 1.0433388948440551758 1.0532324314117431641 1.0624101161956787109 1.0708779096603393555 1.0796800851821899414 1.0881513357162475586 1.0933090448379516602 1.0996756553649902344 1.1060575246810913086 1.1107144355773925781 1.1136265993118286133 1.1158380508422851562 1.118199467658996582 1.1206482648849487305 1.1236221790313720703 1.1275489330291748047 1.1324903964996337891 1.1385809183120727539 0.99784415960311889648 0.99613928794860839844 0 1.0216884613037109375 1.0155080556869506836 1.0189003944396972656 1.0229086875915527344 1.027191162109375 1.0312924385070800781
-9999 -9999 -9999 -9999 -9999 -9999 -9999 -9999 -9999 -9999 -9999 -9999 -9999 -9999 -9999 -9999 -9999 -9999 1.0155086517333984375 1.0163183212280273438 1.0187473297119140625 1.0199092626571655273 1.0188692808151245117 1.0153825283050537109 1.0222814083099365234 1.0290093421936035156 1.0345443487167358398 1.0385794639587402344 1.0416026115417480469 1.0456010103225708008 1.0510106086730957031 1.0574328899383544922 1.0646698474884033203 1.0707489252090454102 1.0748684406280517578 1.11727142333984375 1.1044975519180297852 1.1026685237884521484 1.1035175323486328125 1.1052134037017822266 1.1073071956634521484 1.1094007492065429688
-9999 -9999 -9999 -9999 -9999 -9999 -9999 -9999 -9999 -9999 -9999 -9999 -9999 -9999 -9999 -9999 -9999 -9999 -9999 -9999 -9999 1.0245878696441650391 1.0233589410781860352 1.0161570310592651367 1.0106626749038696289 1.0132319927215576172 1.0193579196929931641 1.0249940156936645508 1.0291351079940795898 1.0330256223678588867 1.0376873016357421875 1.0441367626190185547 1.0510702133178710938 1.0565854310989379883 1.0603644847869873047 1.1008013486862182617 1.0894626379013061523 1.0884436368942260742 1.0897949934005737305 1.0918903350830078125 1.094271540641784668 1.0967965126037597656
-9999 -9999 -9999 -9999 -9999 -9999 -9999 -9999 -9999 -9999 -9999 -9999 -9999 -9999 -9999 -9999 -9999 -9999 -9999 -9999 -9999 -9999 -9999 1.0334378480911254883 1.0138562917709350586 1.0053102970123291016 1.0053834915161132812 1.0113006830215454102 1.0162177085876464844 1.021340489387512207 1.0266854763031005859 1.0312453508377075195 1.037224888801574707 1.0422917604446411133 1.0829900503158569336 1.0723726749420166016 1.0721703767776489258 1.0745372772216796875 1.0770455598831176758 1.0799132585525512695 1.0829588174819946289 1.0863027572631835938
-9999 -9999 -9999 -9999 -9999 -9999 -9999 -9999 -9999 -9999 -9999 -9999 -9999 -9999 -9999 -9999 -9999 -9999 -9999 -9999 -9999 -9999 -9999 -9999 1.0403696298599243164 1.0226205587387084961 1.0141223669052124023 1.0048180818557739258 1.0101224184036254883 1.016043543815612793 1.0228512287139892578 1.0289205312728881836 1.0342738628387451172 1.0389029979705810547 1.0776700973510742188 1.0672702789306640625 1.0665955543518066406 -9999 -9999 -9999 -9999 -9999
-9999 -9999 -9999 -9999 -9999 -9999 -9999 -9999 -9999 -9999 -9999 -9999 -9999 -9999 -9999 -9999 -9999 -9999 -9999 -9999 -9999 -9999 -9999 -9999 -9999 -9999 1.0328078269958496094 1.0232399702072143555 1.0027595758438110352 1.0100085735321044922 1.01805877685546875 1.0254682302474975586 1.0318518877029418945 1.0374026298522949219 0 -9999 -9999 -9999 -9999 -9999 -9999 -9999
-9999 -9999 -9999 -9999 -9999 -9999 -9999 -9999 -9999 -9999 -9999 -9999 -9999 -9999 -9999 -9999 -9999 -9999 -9999 -9999 -9999 -9999 -9999 -9999 -9999 -9999 -9999 1.0418457984924316406 1.0319105386734008789 1.0043306350708007812 1.0120311975479125977 1.0196459293365478516 1.0264256000518798828 1.0326579809188842773 -9999 -9999 -9999 -9999 -9999 -9999 -9999 -9999
-9999 -9999 -9999 -9999 -9999 -9999 -9999 -9999 -9999 -9999 -9999 -9999 -9999 -9999 -9999 -9999 -9999 -9999 -9999 -9999 -9999 -9999 -9999 -9999 -9999 -9999 -9999 -9999 1.051087498664855957 1.0414124727249145508 1.0058140754699707031 1.0033780336380004883 1.0095860958099365234 0.99855381250381469727 -9999 -9999 -9999 -9999 -9999 -9999 -9999 -9999
-9999 -9999 -9999 -9999 -9999 -9999 -9999 -9999 -9999 -9999 -9999 -9999 -9999 -9999 -9999 -9999 -9999 -9999 -9999 -9999 -9999 -9999 -9999 -9999 -9999 -9999 -9999 -9999 -9999 1.0606740713119506836 1.0499939918518066406 1.0121535062789916992 0.99944674968719482422 1.0711454153060913086 -9999 -9999 -9999 -9999 -9999 -9999 -9999 -9999
-9999 -9999 -9999 -9999 -9999 -9999 -9999 -9999 -9999 -9999 -9999 -9999 -9999 -9999 -9999 -9999 -9999 -9999 -9999 -9999 -9999 -9999 -9999 -9999 -9999 -9999 -9999 -9999 -9999 -9999 1.0682392120361328125 1.0564329624176025391 1.0181289911270141602 -9999 -9999 -9999 -9999 -9999 -9999 -9999 -9999 -9999
