tests/data/reference/gistest/full/control/cinfil_m3.asc
ncols        125
nrows        78
xllcorner    -713756.799299980048
yllcorner    -1061032.369616159936
cellsize     10.000000000000
NODATA_value  -9999
[rows 57 to 75 of 78, columns 42 to 83 of 125]
1.0243345499038696289 1.0249304771423339844 1.0534110069274902344 1.0346088409423828125 1.0339990854263305664 1.0695767402648925781 1.0329667329788208008 1.0331908464431762695 1.0338876247406005859 1.0702370405197143555 1.0418866872787475586 1.0901010036468505859 1.0298377275466918945 1.0238447189331054688 1.0436635017395019531 1.069469451904296875 1.0463368892669677734 1.0944128036499023438 1.0535566806793212891 1.0517535209655761719 1.051189422607421875 1.0506956577301025391 1.0495253801345825195 1.1503560543060302734 1.0587421655654907227 1.0588099956512451172 1.133317112922668457 1.1396114826202392578 1.1455469131469726562 1.1549767255783081055 1.1617380380630493164 1.1678724288940429688 1.1732269525527954102 1.1755976676940917969 1.1781976222991943359 1.2232887744903564453 1.2335127592086791992 1.2257307767868041992 1.2204338312149047852 1.218686223030090332 1.2189668416976928711 1.2212897539138793945
1.0158122777938842773 1.0442506074905395508 1.0253616571426391602 1.0255937576293945312 1.0623250007629394531 1.0243957042694091797 1.0241680145263671875 1.0243839025497436523 1.0627373456954956055 1.0345969200134277344 1.0833516120910644531 1.0196268558502197266 1.0134407281875610352 1.0338441133499145508 1.0597871541976928711 1.036097407341003418 1.0859407186508178711 1.0451040267944335938 1.0433858633041381836 1.0427092313766479492 1.0427713394165039062 1.0422881841659545898 1.1445033550262451172 1.0496186017990112305 1.0498331785202026367 1.1273791790008544922 1.0574663877487182617 1.0555710792541503906 1.1322429180145263672 1.0602631568908691406 1.0703954696655273438 1.077508091926574707 1.0835133790969848633 1.0880197286605834961 1.0912923812866210938 1.1298917531967163086 1.145773768424987793 1.1326699256896972656 1.1298873424530029297 1.1318035125732421875 1.1358078718185424805 1.145496368408203125
1.0345413684844970703 1.0159626007080078125 1.0164966583251953125 1.0540313720703125 1.0160833597183227539 1.0159896612167358398 1.016077876091003418 1.0541713237762451172 1.0260082483291625977 1.078194737434387207 1.0118607282638549805 1.0016725063323974609 1.0235031843185424805 1.0514749288558959961 1.0266004800796508789 1.0772099494934082031 1.0355588197708129883 1.0345385074615478516 1.0341727733612060547 1.0341095924377441406 1.0338764190673828125 1.1388453245162963867 1.0416698455810546875 1.0408953428268432617 1.1203572750091552734 1.0498620271682739258 1.0485742092132568359 1.1272406578063964844 1.0544598102569580078 1.0520052909851074219 1.0490633249282836914 1.0572570562362670898 1.0643693208694458008 1.0707100629806518555 1.0766309499740600586 1.1255334615707397461 1.1103391647338867188 1.1082106828689575195 1.1118129491806030273 1.1175805330276489258 1.1244612932205200195 1.0193217992782592773
1.0125244855880737305 1.0117553472518920898 1.0444233417510986328 1.0110380649566650391 1.0108741521835327148 1.0113973617553710938 1.044971466064453125 1.0153009891510009766 1.0707340240478515625 1.0073058605194091797 1.0015071630477905273 1.0103598833084106445 1.0406554937362670898 1.0180411338806152344 1.0691933631896972656 1.0254422426223754883 1.024293065071105957 1.0248486995697021484 1.0254189968109130859 1.0253831148147583008 1.1326221227645874023 1.0331659317016601562 1.0323463678359985352 1.113724827766418457 1.0414829254150390625 1.0406029224395751953 1.1215094327926635742 1.0479478836059570312 1.0457601547241210938 1.0429885387420654297 1.0319006443023681641 0.99712145328521728516 0.99713081121444702148 1.0209079980850219727 0.99452698230743408203 1.0610738992691040039 1.0339324474334716797 1.0279532670974731445 1.0300805568695068359 1.0630713701248168945 1.0124661922454833984 1.0038673877716064453
1.0235608816146850586 1.0345534086227416992 1.0123192071914672852 1.0153212547302246094 1.0238898992538452148 1.0341131687164306641 1.0147957801818847656 1.0616058111190795898 1.0109750032424926758 1.0131695270538330078 1.0179965496063232422 1.0266969203948974609 1.0148311853408813477 1.0611276626586914062 1.0160032510757446289 1.013979792594909668 1.0157284736633300781 1.0162206888198852539 1.0169962644577026367 1.1267715692520141602 1.0243448019027709961 1.0228868722915649414 1.1071009635925292969 1.0332415103912353516 1.032334446907043457 1.1151288747787475586 1.0404896736145019531 1.0386701822280883789 1.0361697673797607422 1.0250726938247680664 0.99727493524551391602 1.0052663087844848633 1.0134265422821044922 0.99643355607986450195 1.0031284093856811523 0 1.0284273624420166016 1.0240619182586669922 1.0570164918899536133 1.0042203664779663086 0.99558210372924804688 0.99497330188751220703
-9999 1.0165500640869140625 1.0123004913330078125 1.0206561088562011719 1.0294554233551025391 1.038975834846496582 1.0505098104476928711 1.0156663656234741211 1.0108385086059570312 1.016714930534362793 1.0237548351287841797 1.0334905385971069336 1.0476361513137817383 1.0167647600173950195 1.0149010419845581055 1.0125639438629150391 1.0103626251220703125 1.0106512308120727539 1.1195262670516967773 1.0155690908432006836 1.013789057731628418 1.100052952766418457 1.0243035554885864258 1.0240881443023681641 1.1091710329055786133 1.0327050685882568359 1.0309630632400512695 1.0287516117095947266 1.0176358222961425781 0.99770373106002807617 1.0051116943359375 1.0122927427291870117 1.0197969675064086914 1.0262802839279174805 1.0314987897872924805 0 1.0560433864593505859 1.0515319108963012695 0.99510234594345092773 0.99540930986404418945 1.0030941963195800781 1.0101029872894287109
-9999 -9999 -9999 -9999 1.0133116245269775391 1.0125812292098999023 1.0214905738830566406 1.0296839475631713867 1.0351198911666870117 1.0402328968048095703 1.0468060970306396484 1.0568132400512695312 1.0690882205963134766 1.0796091556549072266 1.0872617959976196289 1.0945771932601928711 1.1017738580703735352 1.1099287271499633789 1.0149942636489868164 1.0147929191589355469 1.0928200483322143555 1.0144302845001220703 1.0152889490127563477 1.1029229164123535156 1.0248613357543945312 1.0229909420013427734 1.0209586620330810547 1.0101386308670043945 0.99815589189529418945 1.0053002834320068359 1.0119218826293945312 1.0185174942016601562 1.0252350568771362305 1.0311586856842041016 1.0364824533462524414 0 1.061459660530090332 1.0564770698547363281 1.0603309869766235352 1.064112544059753418 1.0676100254058837891 1.0711939334869384766
-9999 -9999 -9999 -9999 -9999 -9999 -9999 -9999 -9999 -9999 1.0119137763977050781 1.0131933689117431641 1.0232806205749511719 1.032851099967956543 1.0407477617263793945 1.0482865571975708008 1.0560871362686157227 1.0649625062942504883 1.0749028921127319336 1.0840278863906860352 1.0151513814926147461 1.0149633884429931641 1.0947813987731933594 1.0157738924026489258 1.0145721435546875 1.0140633583068847656 1.0026365518569946289 0.99967122077941894531 1.006014704704284668 1.0120087862014770508 1.0181195735931396484 1.0244069099426269531 1.0308915376663208008 1.0370593070983886719 1.0429857969284057617 0 1.0677551031112670898 1.0620709657669067383 1.0647963285446166992 1.0675532817840576172 1.0702949762344360352 1.0731405019760131836
-9999 -9999 -9999 -9999 -9999 -9999 -9999 -9999 -9999 -9999 -9999 1.0174050331115722656 1.0114715099334716797 1.0193281173706054688 1.0270910263061523438 1.0357460975646972656 1.0438646078109741211 1.0509104728698730469 1.0578856468200683594 1.0653270483016967773 1.0740842819213867188 1.0842951536178588867 1.0160897970199584961 1.0152052640914916992 1.0140743255615234375 1.0083926916122436523 1.0108834505081176758 1.014947056770324707 1.0197942256927490234 1.0250073671340942383 1.0307581424713134766 1.0370719432830810547 1.0440903902053833008 1.0929571390151977539 1.0989475250244140625 0 1.1212646961212158203 1.1152889728546142578 1.1167677640914916992 1.1186684370040893555 1.1208835840225219727 1.123125910758972168
-9999 -9999 -9999 -9999 -9999 -9999 -9999 -9999 -9999 -9999 -9999 -9999 -9999 -9999 -9999 -9999 -9999 -9999 -9999 1.0170567035675048828 1.01750946044921875 1.0254677534103393555 1.0343633890151977539 1.0428391695022583008 1.0492604970932006836 1.0537265539169311523 1.0573383569717407227 1.0609595775604248047 1.0645368099212646484 1.0685238838195800781 1.0733548402786254883 1.0790992975234985352 1.0859010219573974609 0.99784058332443237305 0.99613654613494873047 0 1.0216836929321289062 1.0155029296875 1.0188949108123779297 1.0229028463363647461 1.0271848440170288086 1.0312858819961547852
-9999 -9999 -9999 -9999 -9999 -9999 -9999 -9999 -9999 -9999 -9999 -9999 -9999 -9999 -9999 -9999 -9999 -9999 -9999 -9999 -9999 -9999 1.0188653469085693359 1.0153777599334716797 1.0222766399383544922 1.0290043354034423828 1.0345391035079956055 1.0385743379592895508 1.0415976047515869141 1.0455957651138305664 1.0510051250457763672 1.0574270486831665039 1.0646637678146362305 1.0707426071166992188 1.0748624801635742188 1.1172646284103393555 1.1044901609420776367 1.1026608943939208984 1.1035114526748657227 1.1052086353302001953 1.107302546501159668 1.1093955039978027344
-9999 -9999 -9999 -9999 -9999 -9999 -9999 -9999 -9999 -9999 -9999 -9999 -9999 -9999 -9999 -9999 -9999 -9999 -9999 -9999 -9999 -9999 -9999 -9999 1.0106585025787353516 1.0132273435592651367 1.0193527936935424805 1.0249887704849243164 1.0291298627853393555 1.0330203771591186523 1.0376818180084228516 1.044131159782409668 1.0510641336441040039 1.0565791130065917969 1.0603582859039306641 1.100793004035949707 1.089455723762512207 1.0884367227554321289 1.0897879600524902344 1.0918834209442138672 1.0942643880844116211 1.0967894792556762695
-9999 -9999 -9999 -9999 -9999 -9999 -9999 -9999 -9999 -9999 -9999 -9999 -9999 -9999 -9999 -9999 -9999 -9999 -9999 -9999 -9999 -9999 -9999 -9999 -9999 1.0053060054779052734 1.0053793191909790039 1.0112957954406738281 1.0162125825881958008 1.0213359594345092773 1.0266808271408081055 1.0312407016754150391 1.037220001220703125 1.0422866344451904297 1.0829825401306152344 1.0723662376403808594 -9999 -9999 -9999 -9999 -9999 -9999
-9999 -9999 -9999 -9999 -9999 -9999 -9999 -9999 -9999 -9999 -9999 -9999 -9999 -9999 -9999 -9999 -9999 -9999 -9999 -9999 -9999 -9999 -9999 -9999 -9999 -9999 -9999 1.0048136711120605469 1.0101177692413330078 1.0160384178161621094 1.0228463411331176758 1.0289154052734375 1.0342686176300048828 1.0388976335525512695 -9999 -9999 -9999 -9999 -9999 -9999 -9999 -9999
-9999 -9999 -9999 -9999 -9999 -9999 -9999 -9999 -9999 -9999 -9999 -9999 -9999 -9999 -9999 -9999 -9999 -9999 -9999 -9999 -9999 -9999 -9999 -9999 -9999 -9999 -9999 -9999 1.0027575492858886719 1.0100034475326538086 1.0180532932281494141 1.0254629850387573242 1.0318465232849121094 -9999 -9999 -9999 -9999 -9999 -9999 -9999 -9999 -9999
-9999 -9999 -9999 -9999 -9999 -9999 -9999 -9999 -9999 -9999 -9999 -9999 -9999 -9999 -9999 -9999 -9999 -9999 -9999 -9999 -9999 -9999 -9999 -9999 -9999 -9999 -9999 -9999 -9999 1.0043284893035888672 1.012026667594909668 1.0196409225463867188 1.0264204740524291992 -9999 -9999 -9999 -9999 -9999 -9999 -9999 -9999 -9999
-9999 -9999 -9999 -9999 -9999 -9999 -9999 -9999 -9999 -9999 -9999 -9999 -9999 -9999 -9999 -9999 -9999 -9999 -9999 -9999 -9999 -9999 -9999 -9999 -9999 -9999 -9999 -9999 -9999 -9999 1.0058100223541259766 1.0033751726150512695 1.0095812082290649414 -9999 -9999 -9999 -9999 -9999 -9999 -9999 -9999 -9999
-9999 -9999 -9999 -9999 -9999 -9999 -9999 -9999 -9999 -9999 -9999 -9999 -9999 -9999 -9999 -9999 -9999 -9999 -9999 -9999 -9999 -9999 -9999 -9999 -9999 -9999 -9999 -9999 -9999 -9999 -9999 1.012148737907409668 -9999 -9999 -9999 -9999 -9999 -9999 -9999 -9999 -9999 -9999
-9999 -9999 -9999 -9999 -9999 -9999 -9999 -9999 -9999 -9999 -9999 -9999 -9999 -9999 -9999 -9999 -9999 -9999 -9999 -9999 -9999 -9999 -9999 -9999 -9999 -9999 -9999 -9999 -9999 -9999 -9999 -9999 -9999 -9999 -9999 -9999 -9999 -9999 -9999 -9999 -9999 -9999
