tests/data/reference/gistest/full/control/cinfil_m3.asc
ncols        125
nrows        78
xllcorner    -713756.799299980048
yllcorner    -1061032.369616159936
cellsize     10.000000000000
NODATA_value  -9999
[rows 18 to 35 of 78, columns 0 to 40 of 125]
-9999 -9999 -9999 -9999 -9999 -9999 -9999 -9999 -9999 -9999 -9999 -9999 -9999 -9999 -9999 -9999 -9999 -9999 0.24786458909511566162 0.27069059014320373535 0.28742417693138122559 0.30274096131324768066 0.36351606249809265137 0.25797390937805175781 0.25048592686653137207 0.44701844453811645508 0 0.44521173834800720215 0.43128955364227294922 0.25085020065307617188 0.39425310492515563965 0.26258218288421630859 0.27383744716644287109 0.26384872198104858398 0.4477602839469909668 0.25162109732627868652 0.40999010205268859863 0.35122525691986083984 0.34274917840957641602 0.35343694686889648438 0.36642318964004516602
-9999 -9999 -9999 -9999 -9999 -9999 -9999 -9999 -9999 -9999 -9999 -9999 -9999 -9999 -9999 -9999 -9999 0.25538513064384460449 0.25576543807983398438 0.28057435154914855957 0.29899942874908447266 0.37917488813400268555 0.26958641409873962402 0.25300687551498413086 0.24628339707851409912 0 0.48469710350036621094 0.42029401659965515137 0.436794281005859375 0.24902334809303283691 0.39602583646774291992 0.27320104837417602539 0.24084646999835968018 0.28776890039443969727 0.45158028602600097656 0.26168838143348693848 0.41248485445976257324 0.35794243216514587402 0.34795585274696350098 0.35877653956413269043 0.3712870180606842041
-9999 -9999 -9999 -9999 -9999 -9999 -9999 -9999 -9999 -9999 -9999 -9999 -9999 -9999 -9999 -9999 0.25668388605117797852 0.2531948387622833252 0.26076963543891906738 0.28006285429000854492 0.39726668596267700195 0.29028061032295227051 0.26513233780860900879 0.2597160041332244873 0 0 0.46286994218826293945 0.42003411054611206055 0.44191700220108032227 0.25611034035682678223 0.40128988027572631836 0.28358802199363708496 0.24106432497501373291 0.2992464900016784668 0.45595100522041320801 0.2714722752571105957 0.41580799221992492676 0.36530911922454833984 0.35383707284927368164 0.36455386877059936523 0.37650901079177856445
-9999 -9999 -9999 -9999 -9999 -9999 -9999 -9999 -9999 -9999 -9999 -9999 -9999 -9999 -9999 -9999 0.25932711362838745117 0.26492619514465332031 0.27748131752014160156 0.38283812999725341797 0.2992553412914276123 0.26317292451858520508 0.25870075821876525879 0.33730068802833557129 0 0.3225574493408203125 0.46264734864234924316 0.4250520169734954834 0.44324833154678344727 0.26405322551727294922 0.40743303298950195312 0.24219359457492828369 0.29386800527572631836 0.31025025248527526855 0.46076923608779907227 0.28094771504402160645 0.41971755027770996094 0.37367656826972961426 0.36129057407379150391 0.37160032987594604492 0.3825035393238067627
-9999 -9999 -9999 -9999 -9999 -9999 -9999 -9999 -9999 -9999 -9999 -9999 -9999 -9999 -9999 -9999 0.27603599429130554199 0.28478893637657165527 0.30568608641624450684 0.43022710084915161133 0.26735538244247436523 0.26577010750770568848 0.2916310429573059082 0 0.35864391922950744629 0.29384788870811462402 0.46811383962631225586 0.43354192376136779785 0.45022940635681152344 0.27577638626098632812 0.41409710049629211426 0.24257779121398925781 0.25466719269752502441 0.30343621969223022461 0.46914216876029968262 0.29031786322593688965 0.42350041866302490234 0.38122427463531494141 0.24048332870006561279 0.38465112447738647461 0.38883763551712036133
-9999 -9999 -9999 -9999 -9999 -9999 -9999 -9999 -9999 -9999 -9999 -9999 -9999 -9999 -9999 0.27920961380004882812 0.29987215995788574219 0.33942869305610656738 0.43291494250297546387 0.27295002341270446777 0.32662826776504516602 0.29567804932594299316 0 0.31118977069854736328 0.34898620843887329102 0.30126628279685974121 0.42648202180862426758 0.40116444230079650879 0.41397675871849060059 0.28719973564147949219 0.42143610119819641113 0.24320705235004425049 0.25512933731079101562 0.26595121622085571289 0.3122196197509765625 0.47652357816696166992 0.4273109138011932373 0.3877480626106262207 0.23929388821125030518 0.39391478896141052246 0.39499872922897338867
-9999 -9999 -9999 -9999 -9999 -9999 -9999 -9999 -9999 -9999 -9999 -9999 -9999 -9999 -9999 0.34165018796920776367 0.51509612798690795898 0.45096743106842041016 0.26692593097686767578 0.27470257878303527832 0.25965261459350585938 0 0 0.24310010671615600586 0.28313457965850830078 0.34595227241516113281 0.43195694684982299805 0.40727013349533081055 0.41987147927284240723 0.28439992666244506836 0.23585054278373718262 0.42843082547187805176 0.25579911470413208008 0.26680281758308410645 0.27685520052909851074 0.48542398214340209961 0.43219763040542602539 0.39488127827644348145 0.23902131617069244385 0.40246695280075073242 0.40126639604568481445
-9999 -9999 -9999 -9999 -9999 -9999 -9999 -9999 -9999 -9999 -9999 -9999 -9999 -9999 -9999 0.55879884958267211914 0.3071091771125793457 0.26794683933258056641 0.26812285184860229492 0.26929306983947753906 0.28645941615104675293 0 0.30946439504623413086 0.30919694900512695312 0.25625133514404296875 0.27845773100852966309 0.34666869044303894043 0.4393844902515411377 0.42474055290222167969 0.29234614968299865723 0.23481939733028411865 0.24822098016738891602 0.39788028597831726074 0.25962430238723754883 0.2787011563777923584 0.2882734835147857666 0.49524700641632080078 0.24079258739948272705 0.40254169702529907227 0.25133991241455078125 0.41979306936264038086
-9999 -9999 -9999 -9999 -9999 -9999 -9999 -9999 -9999 -9999 -9999 -9999 -9999 0.26128822565078735352 0.27300268411636352539 0.32359561324119567871 0.28266644477844238281 0.26716536283493041992 0.30751010775566101074 0.29552623629570007324 0 0.33944904804229736328 0.32169049978256225586 0.29449808597564697266 0.29723215103149414062 0.26932200789451599121 0.28386995196342468262 0.4501641690731048584 0.43205440044403076172 0.30186480283737182617 0.24802525341510772705 0.23642629384994506836 0.26042085886001586914 0.40634781122207641602 0.27161580324172973633 0.279674530029296875 0.29928025603294372559 0.503429412841796875 0.25300467014312744141 0.40985089540481567383 0.2621860504150390625
-9999 -9999 -9999 -9999 -9999 -9999 -9999 -9999 -9999 -9999 -9999 -9999 -9999 -9999 0.26261892914772033691 0.28495419025421142578 0.29391273856163024902 0.29206311702728271484 0.30302351713180541992 0 0.36960160732269287109 0.33549359440803527832 0.32669544219970703125 0.33493581414222717285 0.34450504183769226074 0.35545247793197631836 0.36652895808219909668 0.37814930081367492676 0.46486827731132507324 0.44261366128921508789 0.31388807296752929688 0.2616081535816192627 0.25091838836669921875 0.27308851480484008789 0.41552770137786865234 0.28359240293502807617 0.2898597419261932373 0.29419919848442077637 0.45685061812400817871 0.2640476524829864502 0.41647520661354064941
-9999 -9999 -9999 -9999 -9999 -9999 -9999 -9999 -9999 -9999 -9999 -9999 -9999 -9999 -9999 -9999 0.2784480750560760498 0.33155238628387451172 0 0 0.28619843721389770508 0.27481806278228759766 0.28311830759048461914 0.28980565071105957031 0.29829987883567810059 0.30530822277069091797 0.31235671043395996094 0.32312107086181640625 0.38891750574111938477 0.48047244548797607422 0.45189532637596130371 0.32577699422836303711 0.27621909976005554199 0.26658138632774353027 0.28686219453811645508 0.42428708076477050781 0.29286277294158935547 0.29871731996536254883 0.30410838127136230469 0.46621587872505187988 0.26613506674766540527
-9999 -9999 -9999 -9999 -9999 -9999 -9999 -9999 -9999 -9999 -9999 -9999 -9999 -9999 -9999 -9999 -9999 0.30594795942306518555 0 0.30698028206825256348 0.28370881080627441406 0.28610661625862121582 0.29199069738388061523 0.30055320262908935547 0.30819866061210632324 0.3144054412841796875 0.31940415501594543457 0.32461664080619812012 0.3315213620662689209 0.33974301815032958984 0.48495543003082275391 0.49719107151031494141 0.51205962896347045898 0.29137054085731506348 0.28161978721618652344 0.29898750782012939453 0.43019694089889526367 0.43585729598999023438 0.44314119219779968262 0.31395894289016723633 0.47486156225204467773
-9999 -9999 -9999 -9999 -9999 -9999 -9999 -9999 -9999 -9999 -9999 -9999 -9999 -9999 -9999 -9999 -9999 0 0.34699109196662902832 0.30565583705902099609 0.29656800627708435059 0.30182057619094848633 0.52596354484558105469 0.5323944091796875 0.53646290302276611328 0.53956812620162963867 0.54265815019607543945 0.54702425003051757812 0.55280387401580810547 0.55699819326400756836 0.55838555097579956055 0.55952316522598266602 0.56604814529418945312 0.58291786909103393555 0.59740477800369262695 0.60742998123168945312 0.61147737503051757812 0.61292654275894165039 0.61446619033813476562 0.61808592081069946289 0.62293517589569091797
-9999 -9999 -9999 -9999 -9999 -9999 -9999 -9999 -9999 -9999 -9999 -9999 -9999 -9999 -9999 -9999 0 0.3547039031982421875 0.31236383318901062012 0.43270671367645263672 0.40949237346649169922 0.51955932378768920898 0.33639666438102722168 0.35530903935432434082 0.37195533514022827148 0.38114687800407409668 0.41211408376693725586 0.42390978336334228516 0.44822722673416137695 0.45667526125907897949 0.46130219101905822754 0.4654693901538848877 0.47020035982131958008 0.47637763619422912598 0.48536792397499084473 0.49258509278297424316 0.49823358654975891113 0.55872052907943725586 0.56402486562728881836 0.56850767135620117188 0.57226657867431640625
-9999 -9999 -9999 -9999 -9999 -9999 -9999 -9999 -9999 -9999 -9999 -9999 -9999 -9999 -9999 0 0 0.42993640899658203125 0.42642647027969360352 0.40992426872253417969 0.58081847429275512695 0.32593229413032531738 0.33407136797904968262 0.35084983706474304199 0.36917373538017272949 0.3983319699764251709 0.34316816926002502441 0.43022137880325317383 0.46827474236488342285 0.47154864668846130371 0.42732408642768859863 0.43230071663856506348 0.50349164009094238281 0.51605659723281860352 0.53069722652435302734 0.54381728172302246094 0.55486589670181274414 0.26827472448348999023 0.27485799789428710938 0.32753047347068786621 0.30535417795181274414
-9999 -9999 -9999 -9999 -9999 -9999 -9999 -9999 -9999 -9999 -9999 -9999 -9999 -9999 -9999 0 0.4490636289119720459 0.35803017020225524902 0.39842766523361206055 0.57121288776397705078 0.33253324031829833984 0.34492623805999755859 0.36808413267135620117 0.36239269375801086426 0.4245204627513885498 0.35799965262413024902 0.47069966793060302734 0.46400338411331176758 0.48860451579093933105 0.54724586009979248047 0.55450111627578735352 0.5636615753173828125 0.32141694426536560059 0.34560942649841308594 0.36530289053916931152 0.36872750520706176758 0.26189205050468444824 0.27338844537734985352 0.34197127819061279297 0.31530055403709411621 0.30258956551551818848
-9999 -9999 -9999 -9999 -9999 -9999 -9999 -9999 -9999 -9999 -9999 -9999 -9999 -9999 0 0.43260493874549865723 0.34974583983421325684 0.38881704211235046387 0.56181383132934570312 0.31700485944747924805 0.3313916325569152832 0.35833138227462768555 0.38301193714141845703 0.41858601570129394531 0.34950888156890869141 0.46346685290336608887 0.45811468362808227539 0.48514097929000854492 0.54104059934616088867 0.4381274878978729248 0.33350157737731933594 0.3099295198917388916 0.33383810520172119141 0.35389187932014465332 0.35453355312347412109 0.24571746587753295898 0.25844797492027282715 0.3328749537467956543 0.30601593852043151855 0.2941335141658782959 0.29200878739356994629
-9999 -9999 -9999 -9999 -9999 -9999 -9999 -9999 -9999 -9999 -9999 -9999 -9999 0 0 0.34363132715225219727 0.38027694821357727051 0.55480986833572387695 0.30261704325675964355 0.31752383708953857422 0.34682109951972961426 0.37345531582832336426 0.41076007485389709473 0.34000000357627868652 0.45699205994606018066 0.45173531770706176758 0.48011544346809387207 0.53747045993804931641 0.4338359832763671875 0.32548767328262329102 0.29963704943656921387 0.32345828413963317871 0.34456080198287963867 0.34188860654830932617 0.26827695965766906738 0.24495975673198699951 0.32458627223968505859 0.29613831639289855957 0.28438135981559753418 0.28283572196960449219 0.31601032614707946777
