tests/data/reference/gistest/full/control/cinfil_m3.asc
ncols        125
nrows        78
xllcorner    -713756.799299980048
yllcorner    -1061032.369616159936
cellsize     10.000000000000
NODATA_value  -9999
[rows 38 to 56 of 78, columns 0 to 41 of 125]
-9999 -9999 -9999 -9999 -9999 -9999 -9999 -9999 -9999 -9999 -9999 -9999 -9999 1.0484946966171264648 1.1934845447540283203 1.0257450342178344727 1.032749176025390625 1.0641285181045532227 1.0908731222152709961 1.1280716657638549805 1.0545816421508789062 1.1731467247009277344 1.1678783893585205078 1.2017526626586914062 1.2302734851837158203 1.1582444906234741211 1.0494743585586547852 1.0216715335845947266 1.046948552131652832 1.0707852840423583984 1.0514616966247558594 1.0519052743911743164 1.0524820089340209961 1.0541380643844604492 1.0200766324996948242 1.0149476528167724609 1.0164465904235839844 1.0433123111724853516 1.0173404216766357422 1.0171471834182739258 1.0166090726852416992 1.0144118070602416992
-9999 -9999 -9999 -9999 -9999 -9999 -9999 -9999 -9999 -9999 -9999 -9999 1.0359989404678344727 1.1841309070587158203 1.0451235771179199219 1.0301705598831176758 1.0585383176803588867 1.0834171772003173828 1.1211985349655151367 1.0437158346176147461 1.1645025014877319336 1.1596797704696655273 1.1945346593856811523 1.2228500843048095703 1.1499869823455810547 1.0378251075744628906 1.0186171531677246094 1.0351451635360717773 1.0593938827514648438 1.0395599603652954102 1.0426402091979980469 1.0447434186935424805 1.0463327169418334961 1.0200252532958984375 1.0164904594421386719 1.0158431529998779297 1.0279151201248168945 1.0191946029663085938 1.0187468528747558594 1.0270694494247436523 1.0352114439010620117 1.0149332284927368164
-9999 -9999 -9999 -9999 -9999 -9999 -9999 -9999 -9999 -9999 -9999 -9999 1.1708663702011108398 1.0536011457443237305 1.0317760705947875977 1.0538041591644287109 1.0744130611419677734 1.1143835783004760742 1.0324609279632568359 1.1560992002487182617 1.1522856950759887695 1.1875188350677490234 1.215166926383972168 1.1412575244903564453 1.0242373943328857422 1.0193665027618408203 1.0222322940826416016 1.0470243692398071289 1.0252089500427246094 1.0282011032104492188 1.0329272747039794922 1.0345571041107177734 1.0226427316665649414 1.021899104118347168 1.0274420976638793945 1.0334136486053466797 1.0399949550628662109 1.0504943132400512695 1.06258392333984375 1.0173661708831787109 1.0149022340774536133 1.0456160306930541992
-9999 -9999 -9999 -9999 -9999 -9999 -9999 -9999 -9999 -9999 -9999 1.1491585969924926758 1.0777298212051391602 1.0558760166168212891 1.0329746007919311523 1.0617923736572265625 1.1046535968780517578 1.0283548831939697266 1.1475354433059692383 1.1452739238739013672 1.1813336610794067383 1.2078459262847900391 1.1324284076690673828 1.0201097726821899414 1.0190998315811157227 1.0206810235977172852 1.0338466167449951172 1.0206906795501708984 1.0211693048477172852 1.0228388309478759766 1.0262651443481445312 1.0260436534881591797 1.0230309963226318359 1.0280355215072631836 1.035050511360168457 1.0425264835357666016 1.0514105558395385742 1.0616731643676757812 1.0164046287536621094 1.0730347633361816406 1.0151221752166748047 1.0127189159393310547
-9999 -9999 -9999 -9999 -9999 -9999 -9999 -9999 -9999 -9999 -9999 1.1296678781509399414 1.0648971796035766602 1.0340162515640258789 1.0555732250213623047 1.0914225578308105469 1.1011739969253540039 1.1350519657135009766 1.1376907825469970703 1.1757608652114868164 1.2012941837310791016 1.1237137317657470703 1.0257749557495117188 1.0370973348617553711 1.0464310646057128906 1.0562688112258911133 1.2033923864364624023 1.2162996530532836914 1.2270648479461669922 1.2335127592086791992 1.2335127592086791992 1.2335127592086791992 1.2335127592086791992 1.2335127592086791992 1.2335127592086791992 1.2335127592086791992 1.2335127592086791992 1.2335127592086791992 1.2335127592086791992 1.2335127592086791992 1.2335127592086791992 1.2335127592086791992
-9999 -9999 -9999 -9999 -9999 -9999 -9999 -9999 -9999 -9999 1.1141077280044555664 1.0389828681945800781 1.0549215078353881836 1.0328134298324584961 1.0779236555099487305 1.0880340337753295898 1.1136780977249145508 1.1255429983139038086 1.1680747270584106445 1.1953300237655639648 1.1156369447708129883 1.0215892791748046875 1.0207602977752685547 1.0230878591537475586 1.179251551628112793 1.1915236711502075195 1.0610460042953491211 1.0365837812423706055 1.0476193428039550781 1.0574750900268554688 1.0663931369781494141 1.072322845458984375 1.0792506933212280273 1.0857036113739013672 1.0916612148284912109 1.0973858833312988281 1.1031833887100219727 1.1091845035552978516 1.1160227060317993164 1.1222056150436401367 1.1265100240707397461 1.1303462982177734375
-9999 -9999 -9999 -9999 -9999 -9999 -9999 -9999 -9999 1.0328272581100463867 1.0962407588958740234 1.0289683341979980469 1.043820500373840332 1.061562657356262207 1.0742632150650024414 1.1005040407180786133 1.1121095418930053711 1.1555838584899902344 1.1847732067108154297 1.1075010299682617188 1.1147248744964599609 1.1346223354339599609 1.1517810821533203125 1.1678906679153442383 1.0493419170379638672 1.0493623018264770508 1.0225903987884521484 1.0186090469360351562 1.0200097560882568359 1.030695796012878418 1.0401998758316040039 1.0472242832183837891 1.0546900033950805664 1.0612930059432983398 1.0669679641723632812 1.0715770721435546875 1.0789791345596313477 1.2335127592086791992 1.2335127592086791992 1.2335127592086791992 1.2335127592086791992 1.2335127592086791992
-9999 -9999 -9999 -9999 -9999 -9999 -9999 -9999 -9999 1.0733932256698608398 1.0680935382843017578 1.0320692062377929688 1.0466337203979492188 1.0583883523941040039 1.0859580039978027344 1.0974367856979370117 1.1433011293411254883 1.1707007884979248047 1.0935407876968383789 1.1061729192733764648 1.1157609224319458008 1.1227705478668212891 1.1294639110565185547 1.037077784538269043 1.0372968912124633789 1.0195469856262207031 1.0181864500045776367 1.01793670654296875 1.0285203456878662109 1.0390136241912841797 1.0482647418975830078 1.0549337863922119141 1.0609598159790039062 1.0687071084976196289 1.2335127592086791992 1.2335127592086791992 1.2335127592086791992 1.1230187416076660156 1.1203299760818481445 1.1181745529174804688 1.116505742073059082 1.1154742240905761719
-9999 -9999 -9999 -9999 -9999 -9999 -9999 -9999 -9999 1.0542173385620117188 1.0526793003082275391 1.0315442085266113281 1.0436794757843017578 1.070395350456237793 1.0815854072570800781 1.1302613019943237305 1.1578276157379150391 1.07965850830078125 1.0944803953170776367 1.1079578399658203125 1.1158137321472167969 1.1218900680541992188 1.0237768888473510742 1.022965550422668457 1.0233353376388549805 1.0347628593444824219 1.0429404973983764648 1.0510392189025878906 1.0607440471649169922 1.0705890655517578125 1.0791190862655639648 1.0870519876480102539 1.2335127592086791992 1.2335127592086791992 1.1023720502853393555 1.1096616983413696289 1.1155436038970947266 1.1126645803451538086 1.1106123924255371094 1.1094268560409545898 1.1084295511245727539 1.1256386041641235352
-9999 -9999 -9999 -9999 -9999 -9999 -9999 -9999 1.0981252193450927734 1.0402507781982421875 1.0370923280715942383 1.0279484987258911133 1.0553933382034301758 1.066805720329284668 1.1177114248275756836 1.1435999870300292969 1.0644344091415405273 1.0815145969390869141 1.0974972248077392578 1.1084448099136352539 1.1148161888122558594 1.0208967924118041992 1.0195442438125610352 1.0188877582550048828 1.0189422369003295898 1.0203229188919067383 1.0303721427917480469 1.0410702228546142578 1.2075461149215698242 1.2190417051315307617 1.2289769649505615234 1.2335127592086791992 1.0939463376998901367 1.0933864116668701172 1.100674748420715332 1.1071555614471435547 1.1049302816390991211 1.1034883260726928711 1.1026898622512817383 1.1020258665084838867 1.1197870969772338867 1.1088531017303466797
-9999 -9999 -9999 -9999 -9999 -9999 -9999 -9999 1.0896703004837036133 1.0297921895980834961 1.0290143489837646484 1.0417436361312866211 1.0578939914703369141 1.1089882850646972656 1.1327213048934936523 1.0497694015502929688 1.0661790370941162109 1.0821300745010375977 1.0961245298385620117 1.1068744659423828125 1.10300445556640625 1.1227753162384033203 1.1371773481369018555 1.1499836444854736328 1.1633849143981933594 1.1746273040771484375 1.1853418350219726562 1.1968929767608642578 1.0876588821411132812 1.0865927934646606445 1.0843522548675537109 1.0834062099456787109 1.0828912258148193359 1.0912237167358398438 1.0987279415130615234 1.0970321893692016602 1.0960481166839599609 1.0957502126693725586 1.0953794717788696289 1.1140378713607788086 1.102977752685546875 1.1110187768936157227
-9999 -9999 -9999 -9999 -9999 -9999 -9999 1.0517128705978393555 1.0724954605102539062 1.0323154926300048828 1.0342086553573608398 1.0549113750457763672 1.1023987531661987305 1.1240823268890380859 1.0368025302886962891 1.0534669160842895508 1.0681577920913696289 1.0809659957885742188 1.0942578315734863281 1.0947057008743286133 1.1033002138137817383 1.0990197658538818359 1.0952188968658447266 1.1175644397735595703 1.0458967685699462891 1.0555814504623413086 1.0669912099838256836 1.0781310796737670898 1.0763964653015136719 1.0743722915649414062 1.07286834716796875 1.0718418359756469727 1.081584930419921875 1.0904498100280761719 1.0892724990844726562 1.0885499715805053711 1.0885100364685058594 1.0886518955230712891 1.1082242727279663086 1.0968478918075561523 1.1053718328475952148 1.1035401821136474609
-9999 -9999 -9999 -9999 -9999 -9999 1.077584385871887207 1.044039607048034668 1.0547671318054199219 1.0603377819061279297 1.0379503965377807617 1.0937979221343994141 1.1142505407333374023 1.0301640033721923828 1.040488123893737793 1.0565264225006103516 1.0688533782958984375 1.0794266462326049805 1.0823290348052978516 1.0938822031021118164 1.0903326272964477539 1.0865330696105957031 1.1081743240356445312 1.0344192981719970703 1.0446637868881225586 1.0566349029541015625 1.0688647031784057617 1.0659799575805664062 1.0629647970199584961 1.0612025260925292969 1.0601183176040649414 1.0705913305282592773 1.0802493095397949219 1.079230189323425293 1.0787947177886962891 1.0791225433349609375 1.0799413919448852539 1.1014966964721679688 1.0903768539428710938 1.099415898323059082 1.0975228548049926758 1.0952588319778442383
-9999 -9999 -9999 -9999 -9999 -9999 1.0707696676254272461 1.0355964899063110352 1.0652464628219604492 1.040740966796875 1.0800483226776123047 1.099127650260925293 1.0624287128448486328 1.0329290628433227539 1.045102238655090332 1.060110926628112793 1.0668874979019165039 1.0684247016906738281 1.0810707807540893555 1.0801661014556884766 1.0774186849594116211 1.0972384214401245117 1.0211510658264160156 1.0333410501480102539 1.0468945503234863281 1.0607825517654418945 1.056269526481628418 1.0523411035537719727 1.0496822595596313477 1.0481860637664794922 1.0599972009658813477 1.0706450939178466797 1.0691268444061279297 1.0682173967361450195 1.0683486461639404297 1.0693285465240478516 1.0925842523574829102 1.082211613655090332 1.092774510383605957 1.0913155078887939453 1.0887358188629150391 1.0863523483276367188
-9999 -9999 -9999 -9999 -9999 1.0872374773025512695 1.0695120096206665039 1.0432598590850830078 1.0495421886444091797 1.0793526172637939453 1.0759423971176147461 1.0772230625152587891 1.0670187473297119141 1.037281036376953125 1.0530791282653808594 1.0573381185531616211 1.0574774742126464844 1.0672671794891357422 1.0686565637588500977 1.0687618255615234375 1.0870903730392456055 1.0205549001693725586 1.023131251335144043 1.0388714075088500977 1.0563577413558959961 1.0489259958267211914 1.0437366962432861328 1.0403460264205932617 1.0383496284484863281 1.0514595508575439453 1.0634713172912597656 1.0615026950836181641 1.060027003288269043 1.0594130754470825195 1.0596021413803100586 1.0836045742034912109 1.0726052522659301758 1.0843045711517333984 1.0838738679885864258 1.0820344686508178711 1.0791971683502197266 1.0770663022994995117
-9999 -9999 -9999 -9999 -9999 1.0729469060897827148 1.0784603357315063477 1.0574399232864379883 1.0638184547424316406 1.0586220026016235352 1.0671862363815307617 1.0564060211181640625 1.0494405031204223633 1.0452818870544433594 1.0630867481231689453 1.0473843812942504883 1.0560461282730102539 1.0590529441833496094 1.0585957765579223633 1.0699745416641235352 1.0634301900863647461 1.0260835886001586914 1.0318819284439086914 1.0542997121810913086 1.0434857606887817383 1.0366688966751098633 1.032141566276550293 1.0295349359512329102 1.0440758466720581055 1.0576103925704956055 1.0549179315567016602 1.0530868768692016602 1.0520359277725219727 1.0514446496963500977 1.0761442184448242188 1.0637861490249633789 1.0758485794067382812 1.0751106739044189453 1.0737764835357666016 1.0719175338745117188 1.0695470571517944336 1.0679388046264648438
-9999 -9999 -9999 -9999 1.073535919189453125 1.0438486337661743164 1.0563112497329711914 1.0712056159973144531 -9999 -9999 -9999 -9999 -9999 1.0543291568756103516 1.0391484498977661133 1.0587193965911865234 1.0551075935363769531 1.0490977764129638672 1.045630335807800293 1.0519937276840209961 1.0537836551666259766 1.0350492000579833984 1.051174163818359375 1.0378253459930419922 1.030217289924621582 1.0248820781707763672 1.0212445259094238281 1.0369867086410522461 1.0522739887237548828 1.0478951930999755859 1.04523468017578125 1.0440772771835327148 1.0434122085571289062 1.0696808099746704102 1.0561569929122924805 1.0690425634384155273 1.0677798986434936523 1.0655457973480224609 1.0634139776229858398 1.0618224143981933594 1.0602965354919433594 1.0588421821594238281
-9999 -9999 -9999 -9999 1.07977294921875 1.0473021268844604492 -9999 -9999 -9999 -9999 -9999 -9999 -9999 -9999 1.0439447164535522461 1.038906097412109375 1.0386420488357543945 1.0365391969680786133 1.0332007408142089844 1.0366747379302978516 1.0527921915054321289 1.0578408241271972656 1.0418146848678588867 1.0330203771591186523 1.0285803079605102539 1.0243877172470092773 1.0303274393081665039 1.0476986169815063477 1.0410507917404174805 1.03692626953125 1.0349074602127075195 1.034259796142578125 1.0631603002548217773 1.0484151840209960938 1.062794804573059082 1.0612380504608154297 1.0582817792892456055 1.0551027059555053711 1.0532097816467285156 1.0521131753921508789 1.050750732421875 1.0910816192626953125
-9999 -9999 -9999 1.1021691560745239258 1.047627568244934082 1.0601780414581298828 -9999 -9999 -9999 -9999 -9999 -9999 -9999 -9999 -9999 -9999 -9999 1.0386536121368408203 1.058856964111328125 1.057702183723449707 1.1181080341339111328 -9999 -9999 -9999 -9999 1.0322773456573486328 1.0416970252990722656 1.0335519313812255859 1.0282661914825439453 1.0252667665481567383 1.0239586830139160156 1.0560100078582763672 1.0396602153778076172 1.0560606718063354492 1.0541741847991943359 1.0506219863891601562 1.0464769601821899414 1.0438694953918457031 1.0431052446365356445 1.0422110557556152344 1.0839571952819824219 1.0493692159652709961
