tests/data/reference/gistest/full/control/cinfil_m3.asc
ncols        125
nrows        78
xllcorner    -713756.799299980048
yllcorner    -1061032.369616159936
cellsize     10.000000000000
NODATA_value  -9999
[rows 19 to 37 of 78, columns 0 to 41 of 125]
-9999 -9999 -9999 -9999 -9999 -9999 -9999 -9999 -9999 -9999 -9999 -9999 -9999 -9999 -9999 -9999 -9999 -9999 -9999 1.016656041145324707 1.0301079750061035156 1.0951250791549682617 1.023711085319519043 1.0173397064208984375 1.0125604867935180664 0 1.2150479555130004883 1.1558148860931396484 1.1733075380325317383 1.0154907703399658203 1.1397948265075683594 1.0277520418167114258 1.004864811897277832 1.0408942699432373047 1.1691188812255859375 1.0189712047576904297 1.08838653564453125 1.1037573814392089844 1.0856335163116455078 1.094939112663269043 1.1075992584228515625 1.0990672111511230469
-9999 -9999 -9999 -9999 -9999 -9999 -9999 -9999 -9999 -9999 -9999 -9999 -9999 -9999 -9999 -9999 -9999 -9999 0.85137975215911865234 0.84508305788040161133 1.1117296218872070312 1.0432133674621582031 1.0228490829467773438 1.0146472454071044922 0 0 1.1947617530822753906 1.1560683250427246094 1.178574681282043457 1.0115599632263183594 1.1449276208877563477 1.0371402502059936523 1.0048079490661621094 1.05104827880859375 1.1735361814498901367 1.0271416902542114258 1.0943629741668701172 1.1105480194091796875 1.0912060737609863281 1.1005642414093017578 1.1127189397811889648 1.1030536890029907227
-9999 -9999 -9999 -9999 -9999 -9999 -9999 -9999 -9999 -9999 -9999 -9999 -9999 -9999 -9999 -9999 -9999 0.85619169473648071289 0.85573303699493408203 0.92638814449310302734 0.8824869990348815918 0.85936009883880615234 0.85572195053100585938 1.089443206787109375 0 1.0673261880874633789 1.1949355602264404297 1.161372065544128418 1.1799361705780029297 1.0192772150039672852 1.1508480310440063477 1.0064325332641601562 1.0463166236877441406 1.0607912540435791016 1.1783417463302612305 1.0352872610092163086 1.1006244421005249023 1.1183491945266723633 1.0982861518859863281 1.1074172258377075195 1.1185671091079711914 1.1076604127883911133
-9999 -9999 -9999 -9999 -9999 -9999 -9999 -9999 -9999 -9999 -9999 -9999 -9999 -9999 -9999 -9999 -9999 0.8658618927001953125 0.88003814220428466797 0.96691757440567016602 0.86277544498443603516 0.86147940158843994141 0.89763432741165161133 0 0.92994993925094604492 0.87603658437728881836 1.2005329132080078125 1.1700037717819213867 1.1869595050811767578 1.0301784276962280273 1.1572057008743286133 1.006712794303894043 1.0137815475463867188 1.0548251867294311523 1.1853644847869873047 1.0434359312057495117 1.106543421745300293 1.1254560947418212891 1.0041292905807495117 1.1198111772537231445 1.1247255802154541016 1.1128304004669189453
-9999 -9999 -9999 -9999 -9999 -9999 -9999 -9999 -9999 -9999 -9999 -9999 -9999 -9999 -9999 -9999 -9999 0.90498834848403930664 0.9698581695556640625 0.86736619472503662109 0.91350948810577392578 0.90341323614120483398 0 0.9168726801872253418 0.92209172248840332031 0.88268071413040161133 0.97755104303359985352 0.95831310749053955078 0.96943223476409912109 1.0404615402221679688 1.1641521453857421875 1.0072747468948364258 1.0141150951385498047 1.0224764347076416016 1.0626535415649414062 1.1915451288223266602 1.112369537353515625 1.131657719612121582 1.0025441646575927734 1.1286771297454833984 1.1306998729705810547 1.1182807683944702148
-9999 -9999 -9999 -9999 -9999 -9999 -9999 -9999 -9999 -9999 -9999 -9999 -9999 -9999 -9999 -9999 0.98929756879806518555 0.98590058088302612305 0.86192405223846435547 0.86881011724472045898 0.85649520158767700195 0 0 0.84477132558822631836 0.89427912235260009766 0.92075687646865844727 0.98422312736511230469 0.96467876434326171875 0.97552359104156494141 0.86985999345779418945 0.83715742826461791992 1.1707508563995361328 1.014605402946472168 1.0231597423553466797 1.0316468477249145508 1.1991193294525146484 1.1191537380218505859 1.1384719610214233398 1.0020979642868041992 1.1369249820709228516 1.1367706060409545898 1.123809814453125
-9999 -9999 -9999 -9999 -9999 -9999 -9999 -9999 -9999 -9999 -9999 -9999 -9999 -9999 -9999 -9999 0.89499050378799438477 0.86325949430465698242 0.86340361833572387695 0.86436241865158081055 0.89063966274261474609 0 0.89729440212249755859 0.9019756317138671875 0.85208439826965332031 0.88770246505737304688 0.92203468084335327148 0.98929756879806518555 0.9804369807243347168 0.87659651041030883789 0.8362362980842590332 0.84579563140869140625 0.95896136760711669922 0.85225647687911987305 1.033215641975402832 1.0415138006210327148 1.2075657844543457031 1.0042543411254882812 1.1458300352096557617 1.0108432769775390625 1.1541208028793334961 1.1295640468597412109
-9999 -9999 -9999 -9999 -9999 -9999 -9999 -9999 -9999 -9999 -9999 -9999 -9999 -9999 -9999 -9999 0.87882524728775024414 0.86261999607086181641 0.89653742313385009766 0.9031912684440612793 0 0.92050415277481079102 0.90754711627960205078 0.88453727960586547852 0.89162987470626831055 0.86123108863830566406 0.88957834243774414062 0.98929756879806518555 0.98760014772415161133 0.88444817066192626953 0.8455784916877746582 0.83754426240921020508 0.85470628738403320312 0.96723878383636474609 0.8616625666618347168 0.86660748720169067383 1.0511456727981567383 1.2145040035247802734 1.0123057365417480469 1.152889251708984375 1.0195297002792358398 1.1654700040817260742
-9999 -9999 -9999 -9999 -9999 -9999 -9999 -9999 -9999 -9999 -9999 -9999 -9999 -9999 -9999 -9999 -9999 0.883296966552734375 0.91468030214309692383 0 0.95685929059982299805 0.9296957850456237793 0.92202162742614746094 0.92579340934753417969 0.93216377496719360352 0.94020122289657592773 0.94861584901809692383 0.95797187089920043945 0.98929756879806518555 0.98929756879806518555 0.89429390430450439453 0.85559523105621337891 0.84775876998901367188 0.86421436071395874023 0.97604286670684814453 0.87105292081832885742 0.87497973442077636719 0.87705343961715698242 0.98860132694244384766 1.0209785699844360352 1.1593221426010131836 1.1759160757064819336
-9999 -9999 -9999 -9999 -9999 -9999 -9999 -9999 -9999 -9999 -9999 -9999 -9999 -9999 -9999 -9999 -9999 -9999 0 0 0.8729928135871887207 0.86541229486465454102 0.87167036533355712891 0.87678968906402587891 0.88335120677947998047 0.88878983259201049805 0.89428931474685668945 0.90275132656097412109 0.96630251407623291016 0.98929756879806518555 0.98929756879806518555 0.90412545204162597656 0.8666241765022277832 0.85933983325958251953 0.87473863363265991211 0.9843756556510925293 0.87838256359100341797 0.88219374418258666992 0.88547074794769287109 0.98929756879806518555 0.85684102773666381836 1.1907697916030883789
-9999 -9999 -9999 -9999 -9999 -9999 -9999 -9999 -9999 -9999 -9999 -9999 -9999 -9999 -9999 -9999 -9999 -9999 0 0.85792493820190429688 0.85889643430709838867 0.86626595258712768555 0.87299096584320068359 0.88087815046310424805 0.88755846023559570312 0.89290535449981689453 0.89721238613128662109 0.90167438983917236328 0.90753722190856933594 0.91456359624862670898 0.98929756879806518555 0.98929756879806518555 0.98929756879806518555 0.8782596588134765625 0.87076616287231445312 0.88416850566864013672 0.98929756879806518555 0.98929756879806518555 0.98929756879806518555 0.89370328187942504883 0.98929756879806518555 0.86491858959197998047
-9999 -9999 -9999 -9999 -9999 -9999 -9999 -9999 -9999 -9999 -9999 -9999 -9999 -9999 -9999 -9999 -9999 -9999 0.90671426057815551758 0.8755105137825012207 0.87208211421966552734 0.87873220443725585938 0.98929756879806518555 0.98929756879806518555 0.98929756879806518555 0.98929756879806518555 0.98929756879806518555 0.98929756879806518555 0.98929756879806518555 0.98929756879806518555 0.98929756879806518555 0.98929756879806518555 0.98929756879806518555 0.98929756879806518555 0.98929756879806518555 0.98929756879806518555 0.98929756879806518555 0.98929756879806518555 0.98929756879806518555 0.98929756879806518555 0.98929756879806518555 0.98929756879806518555
-9999 -9999 -9999 -9999 -9999 -9999 -9999 -9999 -9999 -9999 -9999 -9999 -9999 -9999 -9999 -9999 -9999 -9999 1.0235942602157592773 1.0878384113311767578 0.92468506097793579102 0.98929756879806518555 0.91167378425598144531 0.92752319574356079102 0.94120961427688598633 0.94940364360809326172 0.97436827421188354492 0.98542231321334838867 0.98929756879806518555 0.98929756879806518555 0.98929756879806518555 0.98929756879806518555 0.98929756879806518555 0.98929756879806518555 0.98929756879806518555 0.98929756879806518555 0.98929756879806518555 0.98929756879806518555 0.98929756879806518555 0.98929756879806518555 0.98929756879806518555 0.98929756879806518555
-9999 -9999 -9999 -9999 -9999 -9999 -9999 -9999 -9999 -9999 -9999 -9999 -9999 -9999 -9999 -9999 -9999 1.0457332134246826172 1.0754169225692749023 1.1095620393753051758 1.2335127592086791992 0.90232312679290771484 0.90846562385559082031 0.92106497287750244141 0.9372794032096862793 0.96074324846267700195 0.91535776853561401367 0.98850792646408081055 1.2071437835693359375 1.2101702690124511719 0.98200458288192749023 0.98741954565048217773 0.98929756879806518555 0.98929756879806518555 0.98929756879806518555 0.98929756879806518555 0.98929756879806518555 0.85854136943817138672 0.86307525634765625 0.90236425399780273438 0.88553267717361450195 0.87714135646820068359
-9999 -9999 -9999 -9999 -9999 -9999 -9999 -9999 -9999 -9999 -9999 -9999 -9999 -9999 -9999 -9999 1.0816423892974853516 1.0585992336273193359 1.0964845418930053711 1.2335127592086791992 1.081544041633605957 1.0926820039749145508 1.1129555702209472656 0.93041509389877319336 1.1668460369110107422 1.1046849489212036133 1.2140234708786010742 1.2031213045120239258 1.2289812564849853516 1.2335127592086791992 1.2335127592086791992 1.2335127592086791992 1.0709922313690185547 1.0932371616363525391 1.1117588281631469727 1.1143590211868286133 1.0193361043930053711 1.0284785032272338867 1.0895367860794067383 1.0657809972763061523 1.0533862113952636719 1.0512742996215820312
-9999 -9999 -9999 -9999 -9999 -9999 -9999 -9999 -9999 -9999 -9999 -9999 -9999 -9999 -9999 -9999 1.0457650423049926758 1.085131525993347168 1.2249329090118408203 1.0677602291107177734 1.0804535150527954102 1.103445887565612793 1.1270985603332519531 1.161013484001159668 1.0968149900436401367 1.2068393230438232422 1.1974703073501586914 1.225982666015625 1.2335127592086791992 1.179777979850769043 1.0823137760162353516 1.0607370138168334961 1.0825042724609375 1.1011064052581787109 1.1014198064804077148 1.0107988119125366211 1.0165989398956298828 1.0813241004943847656 1.0575705766677856445 1.045742034912109375 1.0441045761108398438 1.0728570222854614258
-9999 -9999 -9999 -9999 -9999 -9999 -9999 -9999 -9999 -9999 -9999 -9999 -9999 -9999 -9999 1.0305585861206054688 1.0746599435806274414 1.2163743972778320312 1.0552392005920410156 1.0681979656219482422 1.0923348665237426758 1.1176977157592773438 1.1533559560775756836 1.0881206989288330078 1.2004392147064208984 1.1913951635360717773 1.2214037179946899414 1.2335127592086791992 1.1758135557174682617 1.0751143693923950195 1.0515919923782348633 1.0731618404388427734 1.0924844741821289062 1.0900912284851074219 1.0227750539779663086 1.0095944404602050781 1.0739722251892089844 1.04889678955078125 1.0368764400482177734 1.0357213020324707031 1.0660890340805053711 1.0321956872940063477
-9999 -9999 -9999 -9999 -9999 -9999 -9999 -9999 -9999 -9999 -9999 -9999 -9999 -9999 1.0235344171524047852 1.0645921230316162109 1.2074303627014160156 1.0423051118850708008 1.056534886360168457 1.0819277763366699219 1.1079627275466918945 1.1442084312438964844 1.0772804021835327148 1.1922445297241210938 1.1846914291381835938 1.2159305810928344727 1.2335127592086791992 1.1717071533203125 1.0679678916931152344 1.0428372621536254883 1.0655144453048706055 1.0860815048217773438 1.0806379318237304688 1.0081881284713745117 1.0147663354873657227 1.0670297145843505859 1.0403534173965454102 1.0279783010482788086 1.0275043249130249023 1.059846043586730957 1.0248507261276245117 1.0233348608016967773
-9999 -9999 -9999 -9999 -9999 -9999 -9999 -9999 -9999 -9999 -9999 -9999 -9999 -9999 1.0571162700653076172 1.1999551057815551758 1.0284330844879150391 1.0446337461471557617 1.0723698139190673828 1.0990587472915649414 1.1357190608978271484 1.065554499626159668 1.1826180219650268555 1.1762676239013671875 1.2090529203414916992 1.2335127592086791992 1.1655805110931396484 1.0599391460418701172 1.0332129001617431641 1.0572508573532104492 1.0799038410186767578 1.0591043233871459961 1.0676730871200561523 1.0142122507095336914 1.0605106353759765625 1.0308146476745605469 1.0179243087768554688 1.0182079076766967773 1.0530619621276855469 1.0173785686492919922 1.0163642168045043945 1.014557957649230957
