tests/data/reference/gistest/full/control/cinfil_m3.asc
ncols        125
nrows        78
xllcorner    -713756.799299980048
yllcorner    -1061032.369616159936
cellsize     10.000000000000
NODATA_value  -9999
[rows 19 to 37 of 78, columns 42 to 83 of 125]
1.0414538383483886719 1.105505824089050293 1.0728336572647094727 1.0668065547943115234 1.0290089845657348633 1.041088104248046875 1.0693469047546386719 1.0169999599456787109 1.0017619132995605469 1.0114989280700683594 1.0297082662582397461 1.0402150154113769531 1.0828212499618530273 1.0463449954986572266 1.0266101360321044922 1.0256936550140380859 1.0172595977783203125 1.0090204477310180664 1.0094867944717407227 1.0101022720336914062 1.010874629020690918 1.0119253396987915039 1.0587496757507324219 1.0237947702407836914 1.0242885351181030273 1.0241454839706420898 1.1039342880249023438 1.0362247228622436523 1.147215723991394043 1.0404345989227294922 1.0449529886245727539 1.0210555791854858398 1.0283129215240478516 1.2335127592086791992 1.0643682479858398438 1.0120946168899536133 1.0078327655792236328 -9999 -9999 -9999 -9999 -9999
1.0456932783126831055 1.1080964803695678711 1.0754731893539428711 1.069727778434753418 1.0333750247955322266 1.0448426008224487305 1.0727082490921020508 1.0226699113845825195 0.99973458051681518555 1.0094685554504394531 1.0191216468811035156 1.0374720096588134766 1.0472259521484375 1.0879195928573608398 1.053029179573059082 1.034432530403137207 1.0338964462280273438 1.0260026454925537109 1.0182374715805053711 1.0189182758331298828 1.0198158025741577148 1.0206329822540283203 1.0212910175323486328 1.0666625499725341797 1.0317991971969604492 1.0322697162628173828 1.0327427387237548828 1.1125721931457519531 1.1520552635192871094 1.0451868772506713867 1.0483877658843994141 1.0163956880569458008 1.0200610160827636719 1.0217124223709106445 1.2335127592086791992 1.0761944055557250977 1.0135883092880249023 1.0041215419769287109 -9999 -9999 -9999 -9999
1.0501457452774047852 1.1103236675262451172 1.0782065391540527344 1.0724617242813110352 1.0375210046768188477 1.0486726760864257812 1.0763467550277709961 1.0283972024917602539 1.0068790912628173828 0.99870342016220092773 1.017459869384765625 1.0271325111389160156 1.0446578264236450195 1.0536251068115234375 1.0929994583129882812 1.0597885847091674805 1.0421985387802124023 1.0419527292251586914 1.0346884727478027344 1.0274002552032470703 1.0280600786209106445 1.0286251306533813477 1.0291138887405395508 1.0297522544860839844 1.0742204189300537109 1.0407506227493286133 1.0419107675552368164 1.1204413175582885742 1.1552243232727050781 1.0495841503143310547 1.0535920858383178711 1.0217850208282470703 1.0151820182800292969 1.0164104700088500977 1.0210307836532592773 1.2335127592086791992 1.0881149768829345703 1.0271342992782592773 1.0053685903549194336 1.0008741617202758789 -9999 -9999
1.0558981895446777344 1.1132808923721313477 1.0813246965408325195 1.0754657983779907227 1.0419204235076904297 1.0526083707809448242 1.0804342031478881836 1.0343608856201171875 1.0139868259429931641 1.0067503452301025391 0.99867767095565795898 1.0254385471343994141 1.0344384908676147461 1.051221013069152832 1.0601330995559692383 1.0984710454940795898 1.0666449069976806641 1.0499554872512817383 1.0500577688217163086 1.0430746078491210938 1.0357712507247924805 1.0362067222595214844 1.0368608236312866211 1.0376340150833129883 1.0385596752166748047 1.0829350948333740234 1.0505959987640380859 1.1291823387145996094 1.1588523387908935547 1.0553325414657592773 1.0586490631103515625 1.0273947715759277344 1.021187901496887207 1.01169586181640625 1.0277295112609863281 1.0157074928283691406 1.2335127592086791992 1.0980391502380371094 1.038657069206237793 1.0094568729400634766 1.0028085708618164062 -9999
1.0624182224273681641 1.1175811290740966797 1.0850921869277954102 1.0792292356491088867 1.046887516975402832 1.0568037033081054688 1.0849993228912353516 1.0406601428985595703 1.0212879180908203125 1.0146775245666503906 0.99808079004287719727 1.0070644617080688477 1.0326546430587768555 1.0414985418319702148 1.0581725835800170898 1.0668916702270507812 1.1040276288986206055 1.073464512825012207 1.057679295539855957 1.0578713417053222656 1.0509130954742431641 1.0439306497573852539 1.0445998907089233398 1.0453493595123291016 1.0463838577270507812 1.0480931997299194336 1.0923054218292236328 1.1391445398330688477 1.1643381118774414062 1.0603317022323608398 1.0625236034393310547 1.0328056812286376953 1.0273069143295288086 1.0176538228988647461 1.0315959453582763672 1.0091142654418945312 1.0155483484268188477 1.2335127592086791992 1.1101355552673339844 1.0557487010955810547 1.0119971036911010742 1.0099767446517944336
1.0690654516220092773 1.1223742961883544922 1.0892266035079956055 1.083001255989074707 1.0517094135284423828 1.0611301660537719727 1.0896184444427490234 1.0467376708984375 1.0280961990356445312 0.99746674299240112305 1.0222001075744628906 1.0061575174331665039 1.0149643421173095703 1.0398846864700317383 1.0487498044967651367 1.065070033073425293 1.0735837221145629883 1.1098576784133911133 1.0806095600128173828 1.0653334856033325195 1.0653517246246337891 1.0586438179016113281 1.051919102668762207 1.0527813434600830078 1.0541198253631591797 1.0558502674102783203 1.0578029155731201172 1.1486779451370239258 1.1701408624649047852 1.0652929544448852539 1.0665634870529174805 1.0386631488800048828 1.0332013368606567383 1.0236928462982177734 1.0351972579956054688 1.009581446647644043 1.0217158794403076172 1.0147581100463867188 1.2335127592086791992 1.1221606731414794922 1.0663548707962036133 1.02355194091796875
1.075653076171875 1.1272696256637573242 1.0935217142105102539 1.0865223407745361328 1.0560938119888305664 1.065604090690612793 1.0941655635833740234 1.0524761676788330078 1.0343298912048339844 1.0049307346343994141 0.99605280160903930664 1.0291228294372558594 1.0139533281326293945 1.0226720571517944336 1.0469466447830200195 1.0559642314910888672 1.0722863674163818359 1.0808746814727783203 1.116180419921875 1.0875151157379150391 1.0723687410354614258 1.0724283456802368164 1.0661126375198364258 1.0601742267608642578 1.0618250370025634766 1.0633620023727416992 1.0644403696060180664 1.1559997797012329102 1.1747535467147827148 1.0708599090576171875 1.0717254877090454102 1.0448045730590820312 1.0390474796295166016 1.0295096635818481445 1.0389193296432495117 1.0121791362762451172 1.0255817174911499023 1.0096530914306640625 1.2335127592086791992 1.0119127035140991211 1.1265379190444946289 1.0748730897903442383
1.0824800729751586914 1.1325231790542602539 1.0982112884521484375 1.0906162261962890625 1.06081390380859375 1.0702319145202636719 1.0985052585601806641 1.0579057931900024414 1.040335536003112793 1.011956334114074707 0.99522536993026733398 1.0042679309844970703 1.0358896255493164062 1.0216430425643920898 1.0304633378982543945 1.0545077323913574219 1.0637524127960205078 1.0797616243362426758 1.0877367258071899414 1.1217157840728759766 1.0937743186950683594 1.0792373418807983398 1.0797734260559082031 1.0742305517196655273 1.0688146352767944336 1.0702170133590698242 1.0711569786071777344 1.1638623476028442383 1.1799498796463012695 1.0769308805465698242 1.077685236930847168 1.0516254901885986328 1.0454889535903930664 1.0357207059860229492 1.0430558919906616211 1.0172420740127563477 1.0295931100845336914 1.0131455659866333008 1.2335127592086791992 1.0105973482131958008 1.1276007890701293945 1.0799340009689331055
1.0895971059799194336 1.1383126974105834961 1.1036131381988525391 1.0955502986907958984 1.0663284063339233398 1.0750299692153930664 1.1024819612503051758 1.0628844499588012695 1.0460925102233886719 1.018703460693359375 1.0030956268310546875 1.0115156173706054688 0.99573522806167602539 1.0428496599197387695 1.0297483205795288086 1.0388580560684204102 1.062334895133972168 1.0710418224334716797 1.0862076282501220703 1.0938465595245361328 1.127148747444152832 1.1002963781356811523 1.0865089893341064453 1.0872478485107421875 1.0817415714263916016 1.0762799978256225586 1.0776892900466918945 1.1727601289749145508 1.1866217851638793945 1.0842499732971191406 1.0847022533416748047 1.0594904422760009766 1.0531115531921386719 1.0430202484130859375 1.048272252082824707 1.0228314399719238281 1.0344809293746948242 1.0186524391174316406 1.2335127592086791992 1.0126985311508178711 1.1280273199081420898 1.0825036764144897461
1.0967781543731689453 1.1439080238342285156 1.1089601516723632812 1.1006879806518554688 1.0721423625946044922 1.0800377130508422852 1.1064041852951049805 1.0676592588424682617 1.0517204999923706055 1.0252786874771118164 1.0104714632034301758 1.0184206962585449219 1.0038840770721435547 1.0491054058074951172 1.0368694067001342773 0.99956178665161132812 1.046896815299987793 1.069504857063293457 1.0777047872543334961 1.0924286842346191406 1.1000014543533325195 1.1327129602432250977 1.1068613529205322266 1.0935368537902832031 1.0944094657897949219 1.0893005132675170898 1.0841947793960571289 1.1817048788070678711 1.1932709217071533203 1.0914860963821411133 1.0911819934844970703 1.0664845705032348633 1.0600103139877319336 1.0499651432037353516 1.0539677143096923828 1.0293557643890380859 1.0401681661605834961 1.0246257781982421875 1.2335127592086791992 1.0168240070343017578 1.1311260461807250977 1.0876853466033935547
0.97558075189590454102 1.1491436958312988281 1.113673090934753418 1.105243682861328125 1.0775421857833862305 1.084963679313659668 1.1103621721267700195 1.0723810195922851562 1.0572967529296875 1.0317534208297729492 1.0176163911819458008 1.0252090692520141602 1.011505126953125 1.0549589395523071289 1.0433272123336791992 0.99882966279983520508 1.0083810091018676758 1.0546131134033203125 1.0763679742813110352 1.0840435028076171875 1.0984147787094116211 1.1059752702713012695 1.1382348537445068359 1.1134554147720336914 1.1011050939559936523 1.102791905403137207 1.0979253053665161133 1.0919760465621948242 1.2087813615798950195 1.0979479551315307617 1.0966473817825317383 1.0720231533050537109 1.0652911663055419922 1.0555331707000732422 1.0591450929641723633 1.0359100103378295898 1.0464291572570800781 1.0309844017028808594 1.2335127592086791992 1.0229872465133666992 1.1356204748153686523 1.094097137451171875
0.98929756879806518555 0.98902630805969238281 0.9209041595458984375 0.91375690698623657227 1.0853751897811889648 1.0917303562164306641 1.115727543830871582 1.0779289007186889648 1.0633404254913330078 1.038640141487121582 1.0250813961029052734 1.0323607921600341797 1.0192904472351074219 1.0610647201538085938 1.0498440265655517578 1.0069329738616943359 0.99894058704376220703 1.0171178579330444336 1.0617275238037109375 1.0827668905258178711 1.090557098388671875 1.1050379276275634766 1.1129280328750610352 1.1449997425079345703 1.1214497089385986328 1.1096264123916625977 1.1106207370758056641 1.1044710874557495117 1.0974615812301635742 1.216876983642578125 1.1017096042633056641 1.077221989631652832 1.0701178312301635742 1.0605306625366210938 1.0639300346374511719 1.0421831607818603516 1.0528512001037597656 1.0375468730926513672 1.2335127592086791992 1.0297091007232666016 1.1404156684875488281 1.1002628803253173828
0.98929756879806518555 0.98929756879806518555 0.98929756879806518555 0.98929756879806518555 0.92574226856231689453 0.9127610325813293457 1.1246113777160644531 1.0854201316833496094 1.0703040361404418945 1.0463711023330688477 1.0335022211074829102 1.0406461954116821289 1.0281864404678344727 1.0681337118148803711 1.0568187236785888672 1.0151081085205078125 1.0070910453796386719 0.99831658601760864258 1.0252118110656738281 1.0689567327499389648 1.0903099775314331055 1.0986803770065307617 1.1136380434036254883 1.1218705177307128906 1.1531126499176025391 1.1290620565414428711 1.1159318685531616211 1.115597844123840332 1.1087470054626464844 1.224125981330871582 1.1062688827514648438 1.0821018218994140625 1.0746719837188720703 1.0652447938919067383 1.0686714649200439453 1.0482611656188964844 1.0590940713882446289 1.0441155433654785156 1.2335127592086791992 1.0363357067108154297 1.1449080705642700195 1.1057463884353637695
0.87626320123672485352 0.90033960342407226562 0.90939956903457641602 0.91568231582641601562 0.98929756879806518555 0.98929756879806518555 0.98929756879806518555 0.9309056401252746582 0.90689051151275634766 1.0579476356506347656 1.0450625419616699219 1.0517102479934692383 1.0396465063095092773 1.0775834321975708008 1.0656603574752807617 1.0009274482727050781 1.0242251157760620117 1.0161888599395751953 1.0081104040145874023 1.0341742038726806641 1.0772019624710083008 1.0984113216400146484 1.1068589687347412109 1.1213357448577880859 1.1286494731903076172 1.1582254171371459961 1.1339426040649414062 1.1206035614013671875 1.1200711727142333984 1.2320775985717773438 1.1114852428436279297 1.0873575210571289062 1.079275965690612793 1.0698704719543457031 1.0735594034194946289 1.0542385578155517578 1.0649943351745605469 1.0503990650177001953 1.2335127592086791992 1.0431410074234008789 1.1498682498931884766 1.1117988824844360352
0.89042061567306518555 0.86830133199691772461 0.86738693714141845703 0.86841428279876708984 0.87896770238876342773 0.88807463645935058594 0.89564931392669677734 0.98929756879806518555 0.98929756879806518555 0.98929756879806518555 0.8913116455078125 1.0625989437103271484 1.066624760627746582 1.0531611442565917969 1.0889660120010375977 1.0762856006622314453 1.0119009017944335938 1.0344634056091308594 1.026335597038269043 1.018317103385925293 1.0427285432815551758 1.0841894149780273438 1.1043790578842163086 1.1119481325149536133 1.1256587505340576172 1.1327124834060668945 1.1619242429733276367 1.1385629177093505859 1.1259570121765136719 1.1258833408355712891 1.2335127592086791992 1.0939375162124633789 1.0847197771072387695 1.0749727487564086914 1.0787230730056762695 1.0600715875625610352 1.0704414844512939453 1.0561289787292480469 1.2335127592086791992 1.0508000850677490234 1.1560387611389160156 1.1228816509246826172
1.0398738384246826172 1.0380132198333740234 0.86052268743515014648 0.85954499244689941406 0.85359197854995727539 0.85473328828811645508 0.85430586338043212891 0.85447281599044799805 0.86645513772964477539 0.87760955095291137695 0.98929756879806518555 0.98929756879806518555 0.98929756879806518555 0.89089661836624145508 0.88125848770141601562 1.0986710786819458008 1.0853636264801025391 1.0219506025314331055 1.0434378385543823242 1.0349876880645751953 1.0267299413681030273 1.0496279001235961914 1.0895344018936157227 1.1087806224822998047 1.1159467697143554688 1.1295161247253417969 1.1368674039840698242 1.1661684513092041016 1.1441382169723510742 1.1324741840362548828 0.98929756879806518555 1.1019152402877807617 1.0918737649917602539 1.0816122293472290039 1.0850356817245483398 1.0665680170059204102 1.0760997533798217773 1.0616191625595092773 1.2335127592086791992 1.0592010021209716797 1.1627564430236816406 1.133391261100769043
1.0306839942932128906 1.0292782783508300781 1.0278735160827636719 1.0190187692642211914 0.84772640466690063477 0.84701943397521972656 0.84623050689697265625 0.84712553024291992188 0.84870237112045288086 0.88797968626022338867 0.89860236644744873047 0.90746337175369262695 0.90938800573348999023 0.98929756879806518555 0.89768064022064208984 0.88853543996810913086 0.90906161069869995117 0.89971297979354858398 0.85611701011657714844 0.87046152353286743164 0.86435437202453613281 0.85843324661254882812 0.87359505891799926758 0.90040558576583862305 0.91321212053298950195 0.9180647730827331543 0.92759662866592407227 0.93330168724060058594 0.95390230417251586914 0.94007474184036254883 0.93277460336685180664 0.98929756879806518555 0.9061648249626159668 0.89850521087646484375 0.90017944574356079102 1.0745066404342651367 1.0824780464172363281 1.0671423673629760742 1.2335127592086791992 1.0678976774215698242 1.1695030927658081055 1.1431761980056762695
1.0215704441070556641 1.0198937654495239258 1.0109274387359619141 1.0105392932891845703 1.0095973014831542969 1.0085241794586181641 0.83968216180801391602 0.83993113040924072266 0.87862884998321533203 0.85041904449462890625 0.85194730758666992188 0.8362229466438293457 0.84181326627731323242 0.84610754251480102539 0.98929756879806518555 0.98929756879806518555 0.98929756879806518555 0.98929756879806518555 0.90639555454254150391 0.86384153366088867188 0.87840539216995239258 0.87254112958908081055 0.86670440435409545898 0.88167738914489746094 0.90837615728378295898 0.93130153417587280273 0.93544548749923706055 0.94118082523345947266 0.96176815032958984375 0.9482052922248840332 0.94095283746719360352 0.8381207585334777832 0.98929756879806518555 0.91850423812866210938 0.90826779603958129883 0.89302206039428710938 0.89674592018127441406 1.074115753173828125 1.2335127592086791992 1.0753979682922363281 1.1753313541412353516 1.1518646478652954102
1.0130275487899780273 1.0019452571868896484 1.0020049810409545898 1.0013712644577026367 1.0001666545867919922 0.99937045574188232422 0.99894809722900390625 1.0533670186996459961 0.84196960926055908203 0.84301620721817016602 0.84273862838745117188 0.84871107339859008789 0.85235893726348876953 0.85555183887481689453 0.86176514625549316406 0.86828267574310302734 0.87305486202239990234 0.87793767452239990234 0.98929756879806518555 0.98929756879806518555 0.98929756879806518555 0.98929756879806518555 0.98929756879806518555 0.98929756879806518555 0.98929756879806518555 0.98929756879806518555 0.98929756879806518555 0.98929756879806518555 0.95367991924285888672 0.97221034765243530273 0.95690625905990600586 0.94808053970336914062 0.8458849787712097168 0.98929756879806518555 0.91472959518432617188 0.90009409189224243164 0.90264374017715454102 0.892055511474609375 1.2335127592086791992 1.0805933475494384766 1.1796839237213134766 1.223841547966003418
