tests/data/reference/gistest/full/control/cinfil_m3.asc
ncols        125
nrows        78
xllcorner    -713756.799299980048
yllcorner    -1061032.369616159936
cellsize     10.000000000000
NODATA_value  -9999
[rows 18 to 35 of 78, columns 0 to 40 of 125]
-9999 -9999 -9999 -9999 -9999 -9999 -9999 -9999 -9999 -9999 -9999 -9999 -9999 -9999 -9999 -9999 -9999 -9999 0.24541443586349487305 0.26826786994934082031 0.28499752283096313477 0.30031093955039978027 0.36109620332717895508 0.25550222396850585938 0.24803121387958526611 0.44463059306144714355 0 0.44276484847068786621 0.42885547876358032227 0.24839575588703155518 0.39182057976722717285 0.26014614105224609375 0.27141430974006652832 0.26141688227653503418 0.44529423117637634277 0.24917273223400115967 0.40769645571708679199 0.34880217909812927246 0.3403040468692779541 0.35102024674415588379 0.36400642991065979004
-9999 -9999 -9999 -9999 -9999 -9999 -9999 -9999 -9999 -9999 -9999 -9999 -9999 -9999 -9999 -9999 -9999 0.25291103124618530273 0.25331425666809082031 0.27814945578575134277 0.29657098650932312012 0.37675595283508300781 0.26714751124382019043 0.25054436922073364258 0.24383349716663360596 0 0.48232096433639526367 0.417850494384765625 0.43435612320899963379 0.24657177925109863281 0.39359357953071594238 0.27077656984329223633 0.23839130997657775879 0.28534591197967529297 0.44910970330238342285 0.25925242900848388672 0.41018453240394592285 0.3555221259593963623 0.34551289677619934082 0.35636255145072937012 0.3688704371452331543
-9999 -9999 -9999 -9999 -9999 -9999 -9999 -9999 -9999 -9999 -9999 -9999 -9999 -9999 -9999 -9999 0.25257185101509094238 0.24908579885959625244 0.25667273998260498047 0.27596113085746765137 0.39484903216361999512 0.28784900903701782227 0.26267111301422119141 0.2572625279426574707 0 0 0.46047461032867431641 0.41759073734283447266 0.43947142362594604492 0.25366154313087463379 0.39885732531547546387 0.2811616063117980957 0.2386055290699005127 0.29682153463363647461 0.45347666740417480469 0.26904439926147460938 0.41349783539772033691 0.36289331316947937012 0.35139724612236022949 0.36214286088943481445 0.37409183382987976074
-9999 -9999 -9999 -9999 -9999 -9999 -9999 -9999 -9999 -9999 -9999 -9999 -9999 -9999 -9999 -9999 0.25525176525115966797 0.26083585619926452637 0.27338168025016784668 0.37872153520584106445 0.29514527320861816406 0.25906136631965637207 0.25458794832229614258 0.3348757326602935791 0 0.32010546326637268066 0.46024507284164428711 0.42261037230491638184 0.44079431891441345215 0.26161798834800720215 0.40499809384346008301 0.23973789811134338379 0.2914397120475769043 0.30782371759414672852 0.45829132199287414551 0.27851662039756774902 0.41739645600318908691 0.37126368284225463867 0.35885560512542724609 0.36919140815734863281 0.3800843656063079834
-9999 -9999 -9999 -9999 -9999 -9999 -9999 -9999 -9999 -9999 -9999 -9999 -9999 -9999 -9999 -9999 0.27194294333457946777 0.28069266676902770996 0.30156779289245605469 0.42611831426620483398 0.26324477791786193848 0.26165914535522460938 0.28806599974632263184 0 0.35449326038360595703 0.28972849249839782715 0.46570834517478942871 0.43110263347625732422 0.44776684045791625977 0.27335014939308166504 0.41165772080421447754 0.24012370407581329346 0.25222787261009216309 0.30100652575492858887 0.46665045619010925293 0.28788420557975769043 0.42117106914520263672 0.37881290912628173828 0.23801536858081817627 0.38224056363105773926 0.38641557097434997559
-9999 -9999 -9999 -9999 -9999 -9999 -9999 -9999 -9999 -9999 -9999 -9999 -9999 -9999 -9999 0.27510213851928710938 0.29573386907577514648 0.33531859517097473145 0.42880618572235107422 0.2688407599925994873 0.32255989313125610352 0.29217568039894104004 0 0.30777075886726379395 0.34479930996894836426 0.29714944958686828613 0.42235696315765380859 0.39702391624450683594 0.40980520844459533691 0.28477168083190917969 0.41899168491363525391 0.24074377119541168213 0.25269058346748352051 0.26352214813232421875 0.30978912115097045898 0.47402405738830566406 0.42497408390045166016 0.38533747196197509766 0.23682206869125366211 0.39150699973106384277 0.39257293939590454102
-9999 -9999 -9999 -9999 -9999 -9999 -9999 -9999 -9999 -9999 -9999 -9999 -9999 -9999 -9999 0.33754199743270874023 0.51100617647171020508 0.44686388969421386719 0.26282429695129394531 0.27059379220008850098 0.25554010272026062012 0 0 0.23898929357528686523 0.27969342470169067383 0.3417765200138092041 0.42783516645431518555 0.40313121676445007324 0.41569623351097106934 0.2802944481372833252 0.23173968493938446045 0.42598208785057067871 0.25335925817489624023 0.26437479257583618164 0.27442589402198791504 0.48291882872581481934 0.42985180020332336426 0.39247143268585205078 0.23656468093395233154 0.40006113052368164062 0.39883643388748168945
-9999 -9999 -9999 -9999 -9999 -9999 -9999 -9999 -9999 -9999 -9999 -9999 -9999 -9999 -9999 0.55473160743713378906 0.30299320816993713379 0.26383638381958007812 0.26401245594024658203 0.26518294215202331543 0.28281965851783752441 0 0.30540484189987182617 0.30530205368995666504 0.25215598940849304199 0.27486172318458557129 0.34252285957336425781 0.43526473641395568848 0.4205614626407623291 0.28823962807655334473 0.23071166872978210449 0.24412320554256439209 0.39372807741165161133 0.25553241372108459473 0.27627214789390563965 0.28584080934524536133 0.49274197220802307129 0.23832362890243530273 0.40013238787651062012 0.24890270829200744629 0.41738295555114746094
-9999 -9999 -9999 -9999 -9999 -9999 -9999 -9999 -9999 -9999 -9999 -9999 -9999 0.25717619061470031738 0.26889345049858093262 0.31944316625595092773 0.27851021289825439453 0.26305475831031799316 0.30341967940330505371 0.2920214533805847168 0 0.33532056212425231934 0.31765180826187133789 0.29044193029403686523 0.29329523444175720215 0.26522696018218994141 0.28020402789115905762 0.44605299830436706543 0.42787152528762817383 0.29775705933570861816 0.24393408000469207764 0.23231676220893859863 0.25632950663566589355 0.40219780802726745605 0.26751911640167236328 0.2755686640739440918 0.29684546589851379395 0.50092470645904541016 0.25056505203247070312 0.40744218230247497559 0.25975909829139709473
-9999 -9999 -9999 -9999 -9999 -9999 -9999 -9999 -9999 -9999 -9999 -9999 -9999 -9999 0.25850722193717956543 0.28069883584976196289 0.28969442844390869141 0.2879613041877746582 0.2996450960636138916 0 0.36574876308441162109 0.33167135715484619141 0.3228740990161895752 0.3310400545597076416 0.34058365225791931152 0.35151365399360656738 0.36257755756378173828 0.3741900324821472168 0.46076378226280212402 0.43842896819114685059 0.30978080630302429199 0.25752127170562744141 0.24682140350341796875 0.26899224519729614258 0.41137784719467163086 0.27949109673500061035 0.2857513427734375 0.29008600115776062012 0.45264092087745666504 0.26162216067314147949 0.41406640410423278809
-9999 -9999 -9999 -9999 -9999 -9999 -9999 -9999 -9999 -9999 -9999 -9999 -9999 -9999 -9999 -9999 0.27434039115905761719 0.32879409193992614746 0 0 0.28208854794502258301 0.27071905136108398438 0.27901834249496459961 0.28570353984832763672 0.29419410228729248047 0.30119928717613220215 0.3082447350025177002 0.31900513172149658203 0.3849468529224395752 0.47635746002197265625 0.4477081298828125 0.32167270779609680176 0.27212464809417724609 0.26249000430107116699 0.28276237845420837402 0.42013719677925109863 0.28875887393951416016 0.2946071326732635498 0.29999500513076782227 0.46200779080390930176 0.26204228401184082031
-9999 -9999 -9999 -9999 -9999 -9999 -9999 -9999 -9999 -9999 -9999 -9999 -9999 -9999 -9999 -9999 -9999 0.30262261629104614258 0 0.30387029051780700684 0.28025403618812561035 0.28240272402763366699 0.28817039728164672852 0.2966645658016204834 0.30427151918411254883 0.31045386195182800293 0.31543642282485961914 0.32063725590705871582 0.32753521203994750977 0.33575597405433654785 0.48083767294883728027 0.49306637048721313477 0.50792747735977172852 0.28727182745933532715 0.27752250432968139648 0.2948869168758392334 0.42604658007621765137 0.43171134591102600098 0.43900007009506225586 0.30984678864479064941 0.47065430879592895508
-9999 -9999 -9999 -9999 -9999 -9999 -9999 -9999 -9999 -9999 -9999 -9999 -9999 -9999 -9999 -9999 -9999 0 0.34285852313041687012 0.3015384376049041748 0.29245921969413757324 0.29771503806114196777 0.52182292938232421875 0.52825248241424560547 0.53231906890869140625 0.53542286157608032227 0.53851145505905151367 0.54287505149841308594 0.54865425825119018555 0.55284613370895385742 0.554233551025390625 0.5553671717643737793 0.56189113855361938477 0.57875895500183105469 0.59324216842651367188 0.60326784849166870117 0.60731303691864013672 0.60876196622848510742 0.61030316352844238281 0.61392033100128173828 0.61876791715621948242
-9999 -9999 -9999 -9999 -9999 -9999 -9999 -9999 -9999 -9999 -9999 -9999 -9999 -9999 -9999 -9999 0 0.35224255919456481934 0.30991214513778686523 0.43022567033767700195 0.40532627701759338379 0.51541948318481445312 0.33228316903114318848 0.35120049118995666504 0.36785322427749633789 0.37704712152481079102 0.40799304842948913574 0.41979742050170898438 0.44406473636627197266 0.45251584053039550781 0.45714342594146728516 0.46131089329719543457 0.46604168415069580078 0.47221952676773071289 0.4812107384204864502 0.48842838406562805176 0.49407634139060974121 0.55442881584167480469 0.55973619222640991211 0.56422239542007446289 0.56798458099365234375
-9999 -9999 -9999 -9999 -9999 -9999 -9999 -9999 -9999 -9999 -9999 -9999 -9999 -9999 -9999 0 0 0.42744818329811096191 0.42394176125526428223 0.40748375654220581055 0.57843869924545288086 0.32181638479232788086 0.32995468378067016602 0.34674367308616638184 0.36506387591361999512 0.3941936790943145752 0.33905106782913208008 0.4260349571704864502 0.46575784683227539062 0.46903499960899353027 0.42311844229698181152 0.42810106277465820312 0.49920994043350219727 0.5117702484130859375 0.52640748023986816406 0.5395259857177734375 0.55056875944137573242 0.26417911052703857422 0.27075645327568054199 0.32341253757476806641 0.301242828369140625
-9999 -9999 -9999 -9999 -9999 -9999 -9999 -9999 -9999 -9999 -9999 -9999 -9999 -9999 -9999 0 0.44657394289970397949 0.35557848215103149414 0.39598459005355834961 0.56883233785629272461 0.3300984799861907959 0.34249386191368103027 0.36567127704620361328 0.35828003287315368652 0.42206519842147827148 0.35557103157043457031 0.46822109818458557129 0.46148407459259033203 0.48610988259315490723 0.54470854997634887695 0.5519459843635559082 0.56109035015106201172 0.31898477673530578613 0.34317976236343383789 0.36287379264831542969 0.3663024604320526123 0.25945821404457092285 0.27096208930015563965 0.33953809738159179688 0.31287142634391784668 0.30015552043914794922
-9999 -9999 -9999 -9999 -9999 -9999 -9999 -9999 -9999 -9999 -9999 -9999 -9999 -9999 0 0.43012225627899169922 0.34729120135307312012 0.38637024164199829102 0.55943238735198974609 0.31456780433654785156 0.32895624637603759766 0.35591545701026916504 0.38059273362159729004 0.41612780094146728516 0.34707912802696228027 0.46099632978439331055 0.45559328794479370117 0.48264700174331665039 0.53852611780166625977 0.4356409609317779541 0.33106857538223266602 0.30749756097793579102 0.33140590786933898926 0.35146123170852661133 0.35210314393043518066 0.24326106905937194824 0.25600787997245788574 0.33043929934501647949 0.30358800292015075684 0.29170009493827819824 0.28958025574684143066
-9999 -9999 -9999 -9999 -9999 -9999 -9999 -9999 -9999 -9999 -9999 -9999 -9999 0 0 0.34117373824119567871 0.37782630324363708496 0.55242931842803955078 0.3001797795295715332 0.31508654356002807617 0.34440013766288757324 0.37103137373924255371 0.40829873085021972656 0.33756873011589050293 0.45452874898910522461 0.4492136836051940918 0.47762316465377807617 0.53498280048370361328 0.43135228753089904785 0.32305365800857543945 0.29720729589462280273 0.32102504372596740723 0.3421294093132019043 0.33945629000663757324 0.26584336161613464355 0.24250432848930358887 0.32214879989624023438 0.29371288418769836426 0.28194892406463623047 0.28040802478790283203 0.31357601284980773926
