tests/data/reference/gistest/full/control/cinfil_m3.asc
ncols        125
nrows        78
xllcorner    -713756.799299980048
yllcorner    -1061032.369616159936
cellsize     10.000000000000
NODATA_value  -9999
[rows 36 to 53 of 78, columns 41 to 81 of 125]
0.26705002784729003906 0.26533749699592590332 0.26312139630317687988 0.24919633567333221436 0.24867117404937744141 0.24752622842788696289 0.24627886712551116943 0.23723003268241882324 0.23759953677654266357 0.29232129454612731934 0.25159221887588500977 0.25370556116104125977 0.2309306412935256958 0.23887860774993896484 0.24488075077533721924 0.7379429936408996582 0.74307745695114135742 0.74663537740707397461 0.75099015235900878906 0.32753524184226989746 0.27055710554122924805 0.29063454270362854004 0.28268504142761230469 0.27466171979904174805 0.29531466960906982422 0.33019313216209411621 0.35819837450981140137 0.36317616701126098633 0.36981713771820068359 0.39969110488891601562 0.3777688145637512207 0.36922675371170043945 0.23276025056838989258 0.47725728154182434082 0.34227403998374938965 0.32980677485466003418 0.31150063872337341309 0.31660869717597961426 0.32249629497528076172 0.61286520957946777344 0.32392841577529907227
0.25883197784423828125 0.25449413061141967773 0.23677244782447814941 0.2366657555103302002 0.23594516515731811523 0.23473048210144042969 0.23398312926292419434 0.23365290462970733643 0.2991778254508972168 0.24025003612041473389 0.24167150259017944336 0.24127463996410369873 0.24937103688716888428 0.25424060225486755371 0.2584553062915802002 0.2665608525276184082 0.27500832080841064453 0.28116029500961303711 0.2874170839786529541 0.75258588790893554688 0.75662833452224731445 0.761928558349609375 0.76763963699340820312 0.7732117772102355957 0.77919292449951171875 0.78670799732208251953 0.79591274261474609375 0.80682617425918579102 0.81651532649993896484 0.3829746544361114502 0.41001176834106445312 0.38673648238182067871 0.37663102149963378906 0.24410209059715270996 0.48488122224807739258 0.33703279495239257812 0.31950706243515014648 0.32303589582443237305 0.3104585111141204834 0.61718201637268066406 0.32966747879981994629
0.24593751132488250732 0.23813050985336303711 0.24720250070095062256 0.25641924142837524414 0.2651513218879699707 0.27336362004280090332 0.28161734342575073242 0.29003158211708068848 0.23526869714260101318 0.23739098012447357178 0.23735314607620239258 0.22597455978393554688 0.23513597249984741211 0.2426465451717376709 0.25083258748054504395 0.58127701282501220703 0.58998346328735351562 0.59612077474594116211 0.60271322727203369141 0.61052310466766357422 0.6187279820442199707 0.62703603506088256836 0.6352412104606628418 0.6431884765625 0.65130251646041870117 0.65969097614288330078 0.66779404878616333008 0.67422646284103393555 0.6758410334587097168 0.82195276021957397461 0.83288913965225219727 0.41980183124542236328 0.39628812670707702637 0.3848222196102142334 0.49572604894638061523 0.34506121277809143066 0.32632601261138916016 0.32939285039901733398 0.31738895177841186523 0.53755414485931396484 0.33292415738105773926
0.24336680769920349121 0.23626019060611724854 0.24438078701496124268 0.25187179446220397949 0.25917342305183410645 0.26841214299201965332 0.27795869112014770508 0.28686821460723876953 0.29545676708221435547 0.30386170744895935059 0.31062343716621398926 0.31647977232933044434 0.32336056232452392578 0.66527456045150756836 0.67362475395202636719 0.41656851768493652344 0.44550243020057678223 0.4191404879093170166 0.41712814569473266602 0.40927466750144958496 0.36713397502899169922 0.36712434887886047363 0.36731114983558654785 0.34031030535697937012 0.30491110682487487793 0.30579486489295959473 0.30648908019065856934 0.30673182010650634766 0.34596589207649230957 0.35570216178894042969 0.36214917898178100586 0.83228027820587158203 0.83910578489303588867 0.84557718038558959961 0.85554325580596923828 0.50962245464324951172 0.33450144529342651367 0.33548870682716369629 0.32404816150665283203 0.54664385318756103516 0.36368107795715332031
0.28924763202667236328 0.25291070342063903809 0.26108035445213317871 0.26937010884284973145 0.27613881230354309082 0.28086414933204650879 0.28829222917556762695 0.29549902677536010742 0.30246391892433166504 0.30919805169105529785 0.31577742099761962891 0.32375198602676391602 0.66045153141021728516 0.41245782375335693359 0.41130906343460083008 0.44058829545974731445 0.41423445940017700195 0.41212469339370727539 0.40379899740219116211 0.36051729321479797363 0.36005568504333496094 0.35976383090019226074 0.35920321941375732422 0.3141053318977355957 0.31432890892028808594 0.31433200836181640625 0.3143704831600189209 0.33326315879821777344 0.3049824833869934082 0.48481446504592895508 0.4951050877571105957 0.5058867335319519043 0.51300770044326782227 0.49585708975791931152 0.22999040782451629639 0.87105357646942138672 0.52716881036758422852 0.34677895903587341309 0.33438736200332641602 0.23200947046279907227 0
0.25592020153999328613 0.29776963591575622559 0.30594405531883239746 0.31404805183410644531 0.32082933187484741211 0.32644063234329223633 0.33129417896270751953 0.33462518453598022461 0.3390992283821105957 0.34593451023101806641 0.6421324610710144043 0.65386182069778442383 0.40835058689117431641 0.40680992603302001953 0.43679687380790710449 0.41070765256881713867 0.40904784202575683594 0.40078219771385192871 0.35664960741996765137 0.35597854852676391602 0.3553046882152557373 0.3542601168155670166 0.30739969015121459961 0.30700773000717163086 0.30621108412742614746 0.30536571145057678223 0.35015237331390380859 0.31402894854545593262 0.54017853736877441406 0.40119525790214538574 0.2957744896411895752 0.28994643688201904297 0.29035338759422302246 0.31478595733642578125 0.30147957801818847656 0.26858541369438171387 0.87417000532150268555 0.54695361852645874023 0.36032882332801818848 0.40631541609764099121 0.62954980134963989258
0.55995339155197143555 0.56438726186752319336 0.56871634721755981445 0.57316422462463378906 0.57681363821029663086 0.5795695185661315918 0.58225935697555541992 0.58391708135604858398 0.58705544471740722656 0.63534975051879882812 0.40145856142044067383 0.40300768613815307617 0.40179356932640075684 0.43256485462188720703 0.40645566582679748535 0.40520614385604858398 0.39741003513336181641 0.35282924771308898926 0.35235455632209777832 0.35176628828048706055 0.35049399733543395996 0.30187407135963439941 0.30104967951774597168 0.29985836148262023926 0.29857203364372253418 0.34424290060997009277 0.30655819177627563477 0.53361588716506958008 0.3945979773998260498 0.30306124687194824219 0.29361507296562194824 0.29432430863380432129 0.303325653076171875 0.27923828363418579102 0.28061318397521972656 0.28426596522331237793 0.27134796977043151855 0.85342782735824584961 0.6248798370361328125 0 0.61107450723648071289
0.38245368003845214844 0.38643985986709594727 0.3900934755802154541 0.39439946413040161133 0.39933425188064575195 0.40343809127807617188 0.40728458762168884277 0.41486534476280212402 0.62893939018249511719 0.39642509818077087402 0.3970572352409362793 0.39614525437355041504 0.42812341451644897461 0.40195485949516296387 0.40077379345893859863 0.39303156733512878418 0.34800860285758972168 0.34802928566932678223 0.3478520810604095459 0.34697157144546508789 0.29697868227958679199 0.29582929611206054688 0.29420349001884460449 0.29262882471084594727 0.33958315849304199219 0.30053469538688659668 0.52918505668640136719 0.39009621739387512207 0.29589989781379699707 0.28531652688980102539 0.28476670384407043457 0.31264275312423706055 0.28340280055999755859 0.26987546682357788086 0.27047628164291381836 0.27338060736656188965 0.27544355392456054688 0.3544336855411529541 0.32241496443748474121 0.19142018258571624756 0.66795241832733154297
0.57195883989334106445 0.57951962947845458984 0.58654415607452392578 0.59161919355392456055 0.59588766098022460938 0.60107386112213134766 0.61001628637313842773 0.62169116735458374023 0.38977172970771789551 0.39083918929100036621 0.39020195603370666504 0.42288544774055480957 0.39659914374351501465 0.39560016989707946777 0.38758695125579833984 0.34126368165016174316 0.34171277284622192383 0.34188625216484069824 0.34127438068389892578 0.29033002257347106934 0.28990897536277770996 0.28841137886047363281 0.2866433560848236084 0.3351243138313293457 0.29488584399223327637 0.52569162845611572266 0.38656336069107055664 0.2899399101734161377 0.27891382575035095215 0.27804303169250488281 0.30619966983795166016 0.27535229921340942383 0.27387031912803649902 0.27311047911643981934 0.26190596818923950195 0.26339736580848693848 0.2654882967472076416 0.31873393058776855469 0 0.36211830377578735352 0.33727499842643737793
0.36694934964179992676 0.40538588166236877441 0.37403225898742675781 0.40679633617401123047 0.41744217276573181152 0.42973166704177856445 0.37965869903564453125 0.38042417168617248535 0.38155269622802734375 0.38289123773574829102 0.41741463541984558105 0.39067947864532470703 0.38966187834739685059 0.38175994157791137695 0.33392646908760070801 0.33406010270118713379 0.33430832624435424805 0.33375579118728637695 0.2808857262134552002 0.28110179305076599121 0.28074958920478820801 0.27961632609367370605 0.33012035489082336426 0.28861337900161743164 0.52190530300140380859 0.38307335972785949707 0.28388065099716186523 0.27272209525108337402 0.27205380797386169434 0.30094522237777709961 0.26868367195129394531 0.2667172551155090332 0.26539528369903564453 0.26430708169937133789 0.26391842961311340332 0.25490438938140869141 0.25593578815460205078 0.35788977146148681641 0 0.26989912986755371094 0.26385933160781860352
0.39884978532791137695 0.36688247323036193848 0.39730477333068847656 0.37311613559722900391 0.37162679433822631836 0.37107065320014953613 0.37085640430450439453 0.37098255753517150879 0.37176609039306640625 0.4082272946834564209 0.38261583447456359863 0.38203960657119750977 0.37430387735366821289 0.32603573799133300781 0.32675111293792724609 0.32656571269035339355 0.32552945613861083984 0.27065604925155639648 0.27055010199546813965 0.27012455463409423828 0.26954925060272216797 0.32303503155708312988 0.28066521883010864258 0.5162493586540222168 0.37818044424057006836 0.27605593204498291016 0.26474884152412414551 0.2648938298225402832 0.29539263248443603516 0.26163205504417419434 0.25895354151725769043 0.25751528143882751465 0.25656366348266601562 0.25507843494415283203 0.25410726666450500488 0.2547480165958404541 0.32183530926704406738 0.26726707816123962402 0.26781663298606872559 0.2256161421537399292 0.23727071285247802734
0.36006838083267211914 0.39152312278747558594 0.36652579903602600098 0.36440664529800415039 0.36277279257774353027 0.36204957962036132812 0.36187374591827392578 0.36185282468795776367 0.39794576168060302734 0.37134653329849243164 0.3719819188117980957 0.3643919527530670166 0.31423258781433105469 0.31704175472259521484 0.31860101222991943359 0.31692212820053100586 0.25930321216583251953 0.25913357734680175781 0.25903543829917907715 0.25813683867454528809 0.3135426938533782959 0.27041912078857421875 0.50908994674682617188 0.37203696370124816895 0.26573288440704345703 0.25388124585151672363 0.25458282232284545898 0.28771853446960449219 0.2538051605224609375 0.25052076578140258789 0.24812991917133331299 0.24763317406177520752 0.24684810638427734375 0.24501626193523406982 0.24367430806159973145 0.31341004371643066406 0.23167787492275238037 0.30961078405380249023 0.31610015034675598145 0.29537227749824523926 0.28603354096412658691
0.38648167252540588379 0.36047625541687011719 0.35804221034049987793 0.35578319430351257324 0.35418358445167541504 0.35339951515197753906 0.35307657718658447266 0.38972181081771850586 0.36149048805236816406 0.36105450987815856934 0.35331743955612182617 0.30057510733604431152 0.30210584402084350586 0.30576539039611816406 0.30724984407424926758 0.24826563894748687744 0.24634853005409240723 0.24687780439853668213 0.24664498865604400635 0.30379149317741394043 0.25890979170799255371 0.49980151653289794922 0.36559399962425231934 0.25454020500183105469 0.24062249064445495605 0.24151617288589477539 0.27627277374267578125 0.24234814941883087158 0.24049691855907440186 0.23721627891063690186 0.23598219454288482666 0.23609904944896697998 0.23513126373291015625 0.23339402675628662109 0.3062953650951385498 0.24223239719867706299 0.2508697211742401123 0.31394964456558227539 0.52811962366104125977 0.45395234227180480957 0.45343428850173950195
0.35461395978927612305 0.35212627053260803223 0.34967046976089477539 0.34766983985900878906 0.34624788165092468262 0.34515738487243652344 0.38212257623672485352 0.35292953252792358398 0.35191875696182250977 0.34289279580116271973 0.28727778792381286621 0.28798943758010864258 0.29002130031585693359 0.2931740880012512207 0.25125786662101745605 0.25996899604797363281 0.27027484774589538574 0.28159236907958984375 0.29283347725868225098 0.24773781001567840576 0.4893156886100769043 0.35820356011390686035 0.24322621524333953857 0.24107465147972106934 0.25271090865135192871 0.26444193720817565918 0.24171334505081176758 0.25324064493179321289 0.26259472966194152832 0.27000984549522399902 0.27721267938613891602 0.28470402956008911133 0.29189783334732055664 0.29896625876426696777 0.23213556408882141113 0.22997087240219116211 0.35052952170372009277 0.49977892637252807617 0.33231130242347717285 0.25054588913917541504 0.24897503852844238281
0.34559571743011474609 0.34327203035354614258 0.34139356017112731934 0.33992287516593933105 0.33850458264350891113 0.37576022744178771973 0.34494102001190185547 0.34339192509651184082 0.3339512944221496582 0.2751980125904083252 0.27485176920890808105 0.27619948983192443848 0.27836725115776062012 0.41645517945289611816 0.42652773857116699219 0.43513217568397521973 0.44371023774147033691 0.45225366950035095215 0.4609476625919342041 0.47770595550537109375 0.35072490572929382324 0.24486695230007171631 0.25497129559516906738 0.26458689570426940918 0.27446612715721130371 0.28467139601707458496 0.29416006803512573242 0.30253517627716064453 0.30935135483741760254 0.31459328532218933105 0.31934660673141479492 0.32385054230690002441 0.32820585370063781738 0.33352434635162353516 0.33950376510620117188 0.34509393572807312012 0.43957132101058959961 0 0.24939353764057159424 0.23035019636154174805 0.23147229850292205811
0.33573818206787109375 0.33417740464210510254 0.33316138386726379395 0.33197563886642456055 0.37024542689323425293 0.33808481693267822266 0.33547189831733703613 0.32513323426246643066 0.26395809650421142578 0.26298594474792480469 0.26318117976188659668 0.26497381925582885742 0.40445294976234436035 0.33452048897743225098 0.35125967860221862793 0.36423802375793457031 0.37914046645164489746 0.40135744214057922363 0.43336388468742370605 0.3424199521541595459 0.33514511585235595703 0.3410504460334777832 0.34624233841896057129 0.35217657685279846191 0.35898673534393310547 0.3661823570728302002 0.37304389476776123047 0.37941402196884155273 0.39816415309906005859 0.40499290823936462402 0.41022542119026184082 0.41420009732246398926 0.4175834357738494873 0.4224115908145904541 0.42876657843589782715 0.43481883406639099121 0.30397081375122070312 0 0.23054273426532745361 0.23924410343170166016 0.24610731005668640137
0.32543507218360900879 0.32466372847557067871 0.32400342822074890137 0.36396938562393188477 0.33124741911888122559 0.32827353477478027344 0.31682357192039489746 0.25210964679718017578 0.25120115280151367188 0.2510229945182800293 0.25190666317939758301 0.39309558272361755371 0.32487621903419494629 0.32514029741287231445 0.24286440014839172363 0.33580878376960754395 0.37624734640121459961 0.41218370199203491211 0.33216995000839233398 0.32623258233070373535 0.34219190478324890137 0.34730407595634460449 0.35216000676155090332 0.35827377438545227051 0.36501333117485046387 0.37186259031295776367 0.37861150503158569336 0.38510352373123168945 0.23873528838157653809 0.24779371917247772217 0.25538751482963562012 0.26184633374214172363 0.26855143904685974121 0.27805808186531066895 0.28875213861465454102 0.29736742377281188965 0.23395764827728271484 0 0.26384836435317993164 0.25556042790412902832 0.25889953970909118652
0.3152828216552734375 0.31446045637130737305 0.35608711838722229004 0.32282012701034545898 0.32025194168090820312 0.30840867757797241211 0.23984292149543762207 0.23842269182205200195 0.23811747133731842041 0.23898306488990783691 0.38160660862922668457 0.31551986932754516602 0.31623977422714233398 0.31512859463691711426 0.3241837918758392334 0.36487150192260742188 0.40419304370880126953 0.32202693819999694824 0.31552579998970031738 0.33386009931564331055 0.35628470778465270996 0.36401164531707763672 0.37033498287200927734 0.37747842073440551758 0.38414356112480163574 0.39063599705696105957 0.39719787240028381348 0.40327861905097961426 0.40794026851654052734 0.41131204366683959961 0.41451737284660339355 0.4176921844482421875 0.42261335253715515137 0.43193873763084411621 0.45034608244895935059 0.45773494243621826172 0.4620914757251739502 0 0.48344758152961730957 0.47258654236793518066 0.47185459733009338379
