tests/data/reference/gistest/full/control/cinfil_m3.asc
ncols        125
nrows        78
xllcorner    -713756.799299980048
yllcorner    -1061032.369616159936
cellsize     10.000000000000
NODATA_value  -9999
[rows 19 to 37 of 78, columns 42 to 83 of 125]
1.041459202766418457 1.1055094003677368164 1.0728385448455810547 1.0668114423751831055 1.0290141105651855469 1.0410926342010498047 1.0693527460098266602 1.0170038938522338867 1.0017668008804321289 1.0115034580230712891 1.0297125577926635742 1.0402199029922485352 1.0941056013107299805 1.0463498830795288086 1.0266147851943969727 1.0256983041763305664 1.0172647237777709961 1.0090239048004150391 1.0094916820526123047 1.0101058483123779297 1.0108783245086669922 1.0119290351867675781 1.0587559938430786133 1.0237991809844970703 1.0242923498153686523 1.0241503715515136719 1.1039408445358276367 1.0362300872802734375 1.1472264528274536133 1.0404393672943115234 1.0449582338333129883 1.0210595130920410156 1.0283159017562866211 1.2335132360458374023 1.0832259654998779297 1.0269531011581420898 1.0163996219635009766 1.0079751014709472656 1.0071679353713989258 -9999 -9999 -9999
1.0456987619400024414 1.1081010103225708008 1.0754779577255249023 1.069732666015625 1.0333801507949829102 1.0448473691940307617 1.0727140903472900391 1.0226738452911376953 0.99973964691162109375 1.0094735622406005859 1.0191262960433959961 1.0374764204025268555 1.0472309589385986328 1.0988070964813232422 1.0530344247817993164 1.0344374179840087891 1.0339016914367675781 1.026007533073425293 1.0182414054870605469 1.0189231634140014648 1.0198197364807128906 1.0206366777420043945 1.0212949514389038086 1.0666691064834594727 1.0318040847778320312 1.0322741270065307617 1.032748103141784668 1.1125775575637817383 1.1520661115646362305 1.0451918840408325195 1.0483928918838500977 1.0164006948471069336 1.0200650691986083984 1.0217163562774658203 1.2335132360458374023 1.0954972505569458008 1.0279651880264282227 1.0150998830795288086 1.0088583230972290039 1.0058289766311645508 1.0119812488555908203 -9999
1.0501513481140136719 1.1103287935256958008 1.0782114267349243164 1.0724664926528930664 1.0375261306762695312 1.0486774444580078125 1.0763525962829589844 1.0284017324447631836 1.0068829059600830078 0.99870687723159790039 1.0174651145935058594 1.0271371603012084961 1.0446625947952270508 1.0536303520202636719 1.1035411357879638672 1.0597941875457763672 1.0422037839889526367 1.0419582128524780273 1.034693598747253418 1.0274044275283813477 1.0280650854110717773 1.028629302978515625 1.0291180610656738281 1.0297565460205078125 1.0742270946502685547 1.0407558679580688477 1.0419157743453979492 1.1204489469528198242 1.1552351713180541992 1.0495892763137817383 1.0535974502563476562 1.0217899084091186523 1.0151870250701904297 1.0164144039154052734 1.0210344791412353516 1.2335132360458374023 1.10772705078125 1.0435820817947387695 1.015990138053894043 1.0078160762786865234 1.0083606243133544922 1.008793950080871582
1.0559041500091552734 1.1132864952087402344 1.0813297033309936523 1.0754705667495727539 1.0419256687164306641 1.0526132583618164062 1.0804402828216552734 1.0343657732009887695 1.0139909982681274414 1.0067551136016845703 0.99868017435073852539 1.0254434347152709961 1.0344433784484863281 1.0512259006500244141 1.0601385831832885742 1.1087056398391723633 1.0666506290435791016 1.049961090087890625 1.0500636100769042969 1.0430800914764404297 1.0357758998870849609 1.0362120866775512695 1.0368654727935791016 1.037638545036315918 1.0385646820068359375 1.0829420089721679688 1.050601959228515625 1.1291916370391845703 1.1588635444641113281 1.0553380250930786133 1.0586546659469604492 1.0273997783660888672 1.0211925506591796875 1.0117003917694091797 1.0277336835861206055 1.0157115459442138672 1.2335132360458374023 1.1178090572357177734 1.0561473369598388672 1.0159126520156860352 1.0124378204345703125 1.010641932487487793
1.0624243021011352539 1.1175879240036010742 1.0850975513458251953 1.0792341232299804688 1.0468928813934326172 1.0568085908889770508 1.0850057601928710938 1.0406652688980102539 1.0212922096252441406 1.0146830081939697266 0.99808484315872192383 1.0070692300796508789 1.0326597690582275391 1.0415037870407104492 1.0581778287887573242 1.0668973922729492188 1.113989710807800293 1.0734704732894897461 1.0576851367950439453 1.0578775405883789062 1.0509188175201416016 1.0439357757568359375 1.0446057319641113281 1.0453543663024902344 1.0463888645172119141 1.0480986833572387695 1.0923128128051757812 1.1391546726226806641 1.1643501520156860352 1.0603374242782592773 1.0625293254852294922 1.0328106880187988281 1.0273116827011108398 1.0176587104797363281 1.0316002368927001953 1.0091195106506347656 1.015553593635559082 1.2335132360458374023 1.1301476955413818359 1.0738631486892700195 1.0231629610061645508 1.0177576541900634766
1.0690718889236450195 1.1223819255828857422 1.0892319679260253906 1.0830063819885253906 1.0517150163650512695 1.061135411262512207 1.0896251201629638672 1.0467430353164672852 1.0281009674072265625 0.99746990203857421875 1.0222054719924926758 1.0061619281768798828 1.0149700641632080078 1.0398899316787719727 1.0487554073333740234 1.0650756359100341797 1.0735894441604614258 1.1195776462554931641 1.0806157588958740234 1.0653395652770996094 1.0653580427169799805 1.0586496591567993164 1.051924586296081543 1.0527875423431396484 1.0541253089904785156 1.0558557510375976562 1.0578091144561767578 1.1486889123916625977 1.1701536178588867188 1.0652987957000732422 1.0665693283081054688 1.038668513298034668 1.0332061052322387695 1.0236976146697998047 1.0352015495300292969 1.0095856189727783203 1.0217211246490478516 1.0147624015808105469 1.2335132360458374023 1.1423951387405395508 1.0846971273422241211 1.0365519523620605469
1.0756593942642211914 1.1272780895233154297 1.0935271978378295898 1.0865275859832763672 1.0560994148254394531 1.0656093358993530273 1.0941724777221679688 1.0524816513061523438 1.0343351364135742188 1.0049345493316650391 0.99605530500411987305 1.0291281938552856445 1.0139584541320800781 1.0226775407791137695 1.0469520092010498047 1.0559699535369873047 1.0722920894622802734 1.0808806419372558594 1.1256823539733886719 1.087521672248840332 1.0723750591278076172 1.0724347829818725586 1.0661188364028930664 1.0601800680160522461 1.0618314743041992188 1.0633679628372192383 1.0644463300704956055 1.1560112237930297852 1.1747666597366333008 1.0708659887313842773 1.0717315673828125 1.0448100566864013672 1.0390523672103881836 1.0295146703720092773 1.0389237403869628906 1.0121843814849853516 1.0255872011184692383 1.0096579790115356445 1.2335132360458374023 1.0119171142578125 1.146641850471496582 1.0935976505279541016
1.0824867486953735352 1.1325318813323974609 1.0982172489166259766 1.0906218290328979492 1.0608196258544921875 1.0702373981475830078 1.0985122919082641602 1.0579116344451904297 1.0403411388397216797 1.0119605064392089844 0.99523013830184936523 1.0042718648910522461 1.0358951091766357422 1.0216481685638427734 1.0304691791534423828 1.0545134544372558594 1.0637584924697875977 1.0797674655914306641 1.0877431631088256836 1.1310176849365234375 1.0937811136245727539 1.0792435407638549805 1.0797797441482543945 1.074236750602722168 1.0688208341598510742 1.0702238082885742188 1.0711632966995239258 1.1638748645782470703 1.1799638271331787109 1.0769368410110473633 1.0776910781860351562 1.0516314506530761719 1.04549407958984375 1.0357258319854736328 1.043060302734375 1.0172475576400756836 1.0295984745025634766 1.0131515264511108398 1.2335132360458374023 1.0106017589569091797 1.147446751594543457 1.0986843109130859375
1.0896041393280029297 1.138321995735168457 1.1036169528961181641 1.0955560207366943359 1.0663343667984008789 1.0750352144241333008 1.1024878025054931641 1.0628902912139892578 1.0460983514785766602 1.0187077522277832031 1.0031003952026367188 1.0115201473236083984 0.99573916196823120117 1.0428550243377685547 1.0297536849975585938 1.0388641357421875 1.062340855598449707 1.0710481405258178711 1.0862139463424682617 1.0938531160354614258 1.1362612247467041016 1.1003034114837646484 1.0865156650543212891 1.087254643440246582 1.0817480087280273438 1.0762860774993896484 1.0776959657669067383 1.1727740764617919922 1.1866370439529418945 1.0842564105987548828 1.0847088098526000977 1.059496760368347168 1.0531171560287475586 1.0430258512496948242 1.0482769012451171875 1.0228362083435058594 1.0344864130020141602 1.0186579227447509766 1.2335132360458374023 1.0127038955688476562 1.1476051807403564453 1.1011075973510742188
1.0967855453491210938 1.1439177989959716797 1.1089622974395751953 1.1006939411163330078 1.0721485614776611328 1.0800433158874511719 1.1064074039459228516 1.0676653385162353516 1.0517265796661376953 1.0252829790115356445 1.0104768276214599609 1.0184255838394165039 1.0038886070251464844 1.0491110086441040039 1.0368752479553222656 0.9995657801628112793 1.0469032526016235352 1.0695110559463500977 1.0777108669281005859 1.0924352407455444336 1.1000082492828369141 1.1416498422622680664 1.10686492919921875 1.0935437679290771484 1.0944166183471679688 1.0893071889877319336 1.0842013359069824219 1.1817201375961303711 1.1932874917984008789 1.0914928913116455078 1.0911889076232910156 1.066491246223449707 1.0600161552429199219 1.0499711036682128906 1.0539727210998535156 1.0293607711791992188 1.0401737689971923828 1.0246310234069824219 1.2335132360458374023 1.0168292522430419922 1.1505591869354248047 1.1062922477722167969
0.98102098703384399414 1.1491537094116210938 1.1136772632598876953 1.1052460670471191406 1.0775482654571533203 1.0849695205688476562 1.1103668212890625 1.0723870992660522461 1.0573029518127441406 1.0317583084106445312 1.0176217555999755859 1.025214076042175293 1.0115101337432861328 1.0549645423889160156 1.0433330535888671875 0.99883288145065307617 1.0083848237991333008 1.0546196699142456055 1.076374053955078125 1.0840500593185424805 1.0984215736389160156 1.105978846549987793 1.1470062732696533203 1.1134606599807739258 1.1011121273040771484 1.1027983427047729492 1.0979324579238891602 1.0919829607009887695 1.2088037729263305664 1.0979551076889038086 1.0966544151306152344 1.0720298290252685547 1.0652971267700195312 1.055539250373840332 1.0591502189636230469 1.0359152555465698242 1.0464349985122680664 1.0309897661209106445 1.2335132360458374023 1.0229918956756591797 1.1549830436706542969 1.1127755641937255859
0.9892985224723815918 0.9892985224723815918 0.92091155052185058594 0.91376137733459472656 1.0853817462921142578 1.0917367935180664062 1.1157337427139282227 1.0779349803924560547 1.06334686279296875 1.0386453866958618164 1.0250866413116455078 1.0323660373687744141 1.0192956924438476562 1.061070561408996582 1.0498503446578979492 1.0069365501403808594 0.99894338846206665039 1.0171222686767578125 1.0617341995239257812 1.0827732086181640625 1.0905638933181762695 1.1050422191619873047 1.1129328012466430664 1.1536121368408203125 1.1214569807052612305 1.1096299886703491211 1.1106246709823608398 1.1044762134552001953 1.0974686145782470703 1.2169004678726196289 1.1017160415649414062 1.077228546142578125 1.0701239109039306641 1.0605367422103881836 1.0639352798461914062 1.0421885251998901367 1.0528572797775268555 1.0375522375106811523 1.2335132360458374023 1.0297141075134277344 1.1597280502319335938 1.1189985275268554688
0.9892985224723815918 0.9892985224723815918 0.9892985224723815918 0.9892985224723815918 0.92574971914291381836 0.91276556253433227539 1.1246199607849121094 1.0854266881942749023 1.0703108310699462891 1.0463769435882568359 1.0335078239440917969 1.0406517982482910156 1.0281918048858642578 1.0681396722793579102 1.0568251609802246094 1.0151120424270629883 1.0070954561233520508 0.9983221888542175293 1.0252161026000976562 1.0689635276794433594 1.0903167724609375 1.0986876487731933594 1.1136428117752075195 1.1218776702880859375 1.1615678071975708008 1.1290707588195800781 1.1159375905990600586 1.1156035661697387695 1.1087511777877807617 1.224150538444519043 1.1062724590301513672 1.082108616828918457 1.0746778249740600586 1.0652509927749633789 1.0686769485473632812 1.0482666492462158203 1.0591002702713012695 1.0441211462020874023 1.2335132360458374023 1.0363410711288452148 1.1641681194305419922 1.1245034933090209961
0.87626791000366210938 0.90034526586532592773 0.90940362215042114258 0.91568833589553833008 0.9892985224723815918 0.9892985224723815918 0.9892985224723815918 0.93091505765914916992 0.90689522027969360352 1.0579541921615600586 1.0450686216354370117 1.0517165660858154297 1.0396523475646972656 1.0775895118713378906 1.0656671524047851562 1.0009288787841796875 1.0242292881011962891 1.0161941051483154297 1.008114933967590332 1.0341792106628417969 1.0772087574005126953 1.0984185934066772461 1.1068631410598754883 1.121342778205871582 1.1286576986312866211 1.1665381193161010742 1.1339513063430786133 1.1206102371215820312 1.1200778484344482422 1.2321034669876098633 1.1114900112152099609 1.0873645544052124023 1.0792820453643798828 1.0698769092559814453 1.0735647678375244141 1.0542442798614501953 1.0650007724761962891 1.0504047870635986328 1.2335132360458374023 1.0431466102600097656 1.169097900390625 1.1306083202362060547
0.89042562246322631836 0.86830574274063110352 0.86739170551300048828 0.86841940879821777344 0.87897360324859619141 0.88808083534240722656 0.89565610885620117188 0.9892985224723815918 0.9892985224723815918 0.9892985224723815918 0.89131784439086914062 1.0626058578491210938 1.0666317939758300781 1.0531675815582275391 1.0889728069305419922 1.0762926340103149414 1.0119054317474365234 1.0344682931900024414 1.0263406038284301758 1.0183213949203491211 1.0427340269088745117 1.0841963291168212891 1.1043840646743774414 1.1119531393051147461 1.1256662607192993164 1.1327205896377563477 1.1700989007949829102 1.1385718584060668945 1.1259648799896240234 1.1258913278579711914 1.2335132360458374023 1.0939449071884155273 1.0847260951995849609 1.074978947639465332 1.0787286758422851562 1.0600775480270385742 1.0704478025436401367 1.0561349391937255859 1.2335132360458374023 1.0508061647415161133 1.1752836704254150391 1.1415259838104248047
1.0398786067962646484 1.038018345832824707 0.86052745580673217773 0.85954916477203369141 0.85359549522399902344 0.85473746061325073242 0.85430991649627685547 0.85447663068771362305 0.86646026372909545898 0.87761551141738891602 0.9892985224723815918 0.9892985224723815918 0.9892985224723815918 0.89090263843536376953 0.88126409053802490234 1.0986782312393188477 1.0853710174560546875 1.0219558477401733398 1.0434432029724121094 1.0349931716918945312 1.0267339944839477539 1.0496336221694946289 1.0895414352416992188 1.1087849140167236328 1.115952610969543457 1.1295238733291625977 1.1368757486343383789 1.1742055416107177734 1.1441476345062255859 1.1324827671051025391 0.9892985224723815918 1.1019223928451538086 1.0918805599212646484 1.0816189050674438477 1.0850417613983154297 1.0665742158889770508 1.076105952262878418 1.0616251230239868164 1.2335132360458374023 1.0592074394226074219 1.1820440292358398438 1.1519994735717773438
1.0306887626647949219 1.0292835235595703125 1.0278779268264770508 1.0190224647521972656 0.84773027896881103516 0.84702306985855102539 0.84623384475708007812 0.84712976217269897461 0.84870624542236328125 0.88798546791076660156 0.89860874414443969727 0.90746790170669555664 0.90939319133758544922 0.9892985224723815918 0.89768707752227783203 0.88854116201400756836 0.90906494855880737305 0.89971929788589477539 0.8561217188835144043 0.87046653032302856445 0.86435920000076293945 0.85843712091445922852 0.87360012531280517578 0.90041124820709228516 0.91321772336959838867 0.91807198524475097656 0.92760443687438964844 0.93330979347229003906 0.95928114652633666992 0.94008386135101318359 0.93278318643569946289 0.9892985224723815918 0.90616846084594726562 0.89851135015487670898 0.90018492937088012695 1.0745129585266113281 1.0824846029281616211 1.0671485662460327148 1.2335132360458374023 1.0679045915603637695 1.1888304948806762695 1.1617225408554077148
1.0215754508972167969 1.0198978185653686523 1.0109312534332275391 1.0105440616607666016 1.009601593017578125 1.0085276365280151367 0.83968627452850341797 0.83993476629257202148 0.87863433361053466797 0.85042333602905273438 0.85195136070251464844 0.83622729778289794922 0.84181767702102661133 0.84611177444458007812 0.9892985224723815918 0.9892985224723815918 0.9892985224723815918 0.9892985224723815918 0.90639954805374145508 0.86384665966033935547 0.87841075658798217773 0.87254637479782104492 0.86670881509780883789 0.8816826939582824707 0.90837967395782470703 0.93131166696548461914 0.93545418977737426758 0.9411900639533996582 0.96709847450256347656 0.94821584224700927734 0.94096237421035766602 0.83812302350997924805 0.9892985224723815918 0.91851073503494262695 0.9082711338996887207 0.89302778244018554688 0.89675182104110717773 1.0741219520568847656 1.2335132360458374023 1.0754050016403198242 1.1946722269058227539 1.1703263521194458008
1.0130319595336914062 1.0019500255584716797 1.0020101070404052734 1.0013761520385742188 1.0001711845397949219 0.99937510490417480469 0.99894988536834716797 1.0533732175827026367 0.8419736027717590332 0.8430201411247253418 0.8427422642707824707 0.84871464967727661133 0.85236269235610961914 0.85555577278137207031 0.86176949739456176758 0.86828744411468505859 0.87305986881256103516 0.87794286012649536133 0.9892985224723815918 0.9892985224723815918 0.9892985224723815918 0.9892985224723815918 0.9892985224723815918 0.9892985224723815918 0.9892985224723815918 0.9892985224723815918 0.9892985224723815918 0.9892985224723815918 0.95369142293930053711 0.97749090194702148438 0.95691817998886108398 0.94809097051620483398 0.84588801860809326172 0.9892985224723815918 0.9147351384162902832 0.90009999275207519531 0.90264809131622314453 0.89206111431121826172 1.2335132360458374023 1.0806005001068115234 1.19899749755859375 1.2335132360458374023
