tests/data/reference/gistest/full/control/cinfil_m3.asc
ncols        125
nrows        78
xllcorner    -713756.799299980048
yllcorner    -1061032.369616159936
cellsize     10.000000000000
NODATA_value  -9999
[rows 54 to 71 of 78, columns 82 to 122 of 125]
0.27028265595436096191 0.27493590116500854492 0.2809263765811920166 0.27580672502517700195 0.28331136703491210938 0.45189654827117919922 0.3416373133659362793 0.22807146608829498291 0.32150289416313171387 0.3001270294189453125 0.27145272493362426758 0.25162330269813537598 0.23805280029773712158 0.25715658068656921387 0.26416772603988647461 0.2959600985050201416 0.29204702377319335938 0.26019760966300964355 0.34035170078277587891 0.38896128535270690918 0.39556890726089477539 0.37134388089179992676 0.37681066989898681641 0.3676948845386505127 0.3633404076099395752 0.35844972729682922363 0.40869379043579101562 0.32938152551651000977 0.35635444521903991699 0.239147186279296875 0.24301317334175109863 0.2927735447883605957 0.28313666582107543945 0.30829605460166931152 0.29126110672950744629 0.26381129026412963867 0.25446197390556335449 0.24744345247745513916 0.27272507548332214355 -9999 -9999
0.51238077878952026367 0.51325362920761108398 0.51525259017944335938 0.51836878061294555664 0.46372213959693908691 0.47122806310653686523 0.46181914210319519043 0.34590440988540649414 0.28783959150314331055 0.27924326062202453613 0.25365859270095825195 0.23658704757690429688 0.24643634259700775146 0.26320508122444152832 0.26984313130378723145 0.30071240663528442383 0.29804399609565734863 0.26758709549903869629 0.34489431977272033691 0.39271938800811767578 0.39956861734390258789 0.37541034817695617676 0.3800220787525177002 0.37162977457046508789 0.36934548616409301758 0.4170856177806854248 0.33600085973739624023 0.36494040489196777344 0.26302829384803771973 0.25118568539619445801 0.30028864741325378418 0.29309561848640441895 0.32571297883987426758 0.29416289925575256348 0.28189140558242797852 0.27264308929443359375 0.26533997058868408203 0.26095885038375854492 0.26556804776191711426 -9999 -9999
0.42321741580963134766 0.42333933711051940918 0.42394366860389709473 0.42562744021415710449 0.42816141247749328613 0.3939450383186340332 0.48050615191459655762 0.47421213984489440918 0.26797541975975036621 0.30957520008087158203 0.22717812657356262207 0.23873621225357055664 0.25280231237411499023 0.2683894038200378418 0.27505084872245788574 0.30544063448905944824 0.30409970879554748535 0.2748070061206817627 0.34951829910278320312 0.3966605067253112793 0.40370297431945800781 0.37979295849800109863 0.38434350490570068359 0.37733626365661621094 0.3773504793643951416 0.42978259921073913574 0.37296891212463378906 0.2731297910213470459 0.31111502647399902344 0.30527415871620178223 0.30009314417839050293 0.3364143073558807373 0.30097404122352600098 0.28937372565269470215 0.27882927656173706055 0.27132809162139892578 0.26512330770492553711 0.25918427109718322754 0.26086607575416564941 0.27578413486480712891 -9999
0.4921055138111114502 0.494384765625 0.49658310413360595703 0.49865806102752685547 0.50089293718338012695 0.44887828826904296875 0.45263230800628662109 0.4928862154483795166 0.47463777661323547363 0.28694275021553039551 0.23432935774326324463 0.24454349279403686523 0.25851333141326904297 0.27348032593727111816 0.28048092126846313477 0.31055301427841186523 0.31017932295799255371 0.28175604343414306641 0.35442498326301574707 0.40123572945594787598 0.4084676206111907959 0.38506528735160827637 0.39023435115814208984 0.38501507043838500977 0.44053146243095397949 0.38173729181289672852 0.28304746747016906738 0.31744590401649475098 0.23509474098682403564 0.30555924773216247559 0.34376171231269836426 0.30930536985397338867 0.31123238801956176758 0.30159309506416320801 0.29402628540992736816 0.28934746980667114258 0.28556928038597106934 0.27979174256324768066 0.26837995648384094238 0.26779499650001525879 0.29307004809379577637
0.39148744940757751465 0.40239825844764709473 0.4087816774845123291 0.41450005769729614258 0.42074346542358398438 0.42645195126533508301 0.39287054538726806641 0.39696273207664489746 0.51220571994781494141 0.2240412980318069458 0.22630496323108673096 0.25108540058135986328 0.25612434744834899902 0.27926352620124816895 0.28660300374031066895 0.31616947054862976074 0.31636252999305725098 0.2888412773609161377 0.35998111963272094727 0.40643474459648132324 0.41338995099067687988 0.39043292403221130371 0.39676117897033691406 0.44963672757148742676 0.38932380080223083496 0.29344373941421508789 0.3339640498161315918 0.31782284379005432129 0.31154763698577880859 0.35001647472381591797 0.31582754850387573242 0.33442535996437072754 0.32132217288017272949 0.31388837099075317383 0.30804613232612609863 0.30454239249229431152 0.30235654115676879883 0.2987079918384552002 0.2911681830883026123 0.28231632709503173828 0.28145322203636169434
0.38094148039817810059 0.26209029555320739746 0.27040329575538635254 0.2784824371337890625 0.24939307570457458496 0.248437538743019104 0.2577235102653503418 0.2581132054328918457 0.26594525575637817383 0.52663773298263549805 0.19552847743034362793 0.30298754572868347168 0.26290696859359741211 0.27434274554252624512 0.29343235492706298828 0.32222950458526611328 0.32293277978897094727 0.29646247625350952148 0.36613535881042480469 0.41181841492652893066 0.41790559887886047363 0.3953583836555480957 0.45685231685638427734 0.39525642991065979004 0.30230793356895446777 0.37893900275230407715 0.36878827214241027832 0.36262875795364379883 0.35645377635955810547 0.32204666733741760254 0.34721231460571289062 0.3232593536376953125 0.31650525331497192383 0.30996283888816833496 0.30403298139572143555 0.29955169558525085449 0.29723569750785827637 0.29293906688690185547 0.28783869743347167969 0.28051543235778808594 0.27409991621971130371
0.25393712520599365234 0.24358625710010528564 0.2421627342700958252 0.24114118516445159912 0.24045048654079437256 0.23922003805637359619 0.23740857839584350586 0.2368851006031036377 0.24007448554039001465 0.24778878688812255859 0.54249626398086547852 0.28124374151229858398 0.27099409699440002441 0.28270867466926574707 0.30109551548957824707 0.32865223288536071777 0.32979935407638549805 0.3041763007640838623 0.37208274006843566895 0.41685390472412109375 0.4223791658878326416 0.4011541903018951416 0.46885940432548522949 0.31136870384216308594 0.3883425295352935791 0.34573435783386230469 0.34089621901512145996 0.33525225520133972168 0.32854244112968444824 0.35655122995376586914 0.23551751673221588135 0.28301319479942321777 0.2745444178581237793 0.26647770404815673828 0.25916960835456848145 0.25377047061920166016 0.24970871210098266602 0.26501327753067016602 0.26716646552085876465 0.28336811065673828125 0.26932176947593688965
0.23299197852611541748 0.23233710229396820068 0.23145717382431030273 0.23066824674606323242 0.22984905540943145752 0.22867801785469055176 0.22724504768848419189 0.29059961438179016113 0.29678797721862792969 0.28978419303894042969 0.29921579360961914062 0.55891424417495727539 0.26096361875534057617 0.29326188564300537109 0.29432734847068786621 0.33509811758995056152 0.3366591036319732666 0.31158676743507385254 0.37742099165916442871 0.42141783237457275391 0.42756211757659912109 0.47847592830657958984 0.32039737701416015625 0.39798897504806518555 0.25340247154235839844 0.24454842507839202881 0.23586693406105041504 0.23697784543037414551 0.36569955945014953613 0.24687306582927703857 0.29137456417083740234 0.23512622714042663574 0.24548104405403137207 0.2345717698335647583 0.23588719964027404785 0.23953084647655487061 -9999 0.26179063320159912109 0.29861009120941162109 0.26693418622016906738 0.26215600967407226562
0.24249941110610961914 0.25107666850090026855 0.25908204913139343262 0.26651147007942199707 0.27324774861335754395 0.27938455343246459961 0.28506225347518920898 0.22721301019191741943 0.22702196240425109863 0.23772248625755310059 0.2431538999080657959 0.25441795587539672852 0.57686388492584228516 0.28125476837158203125 0.29952606558799743652 0.34041294455528259277 0.34351402521133422852 0.31931594014167785645 0.38317891955375671387 0.4269097745418548584 0.48804232478141784668 0.32921963930130004883 0.40722900629043579102 0.27069854736328125 0.26295715570449829102 0.25616726279258728027 0.24821664392948150635 0.37503549456596374512 0.23648871481418609619 0.29980051517486572266 0.24685207009315490723 0.25591114163398742676 0.23410122096538543701 -9999 -9999 -9999 -9999 -9999 0.25951674580574035645 -9999 -9999
0.31760117411613464355 0.32166793942451477051 0.32614248991012573242 0.33089774847030639648 0.33580511808395385742 0.34069222211837768555 0.34523877501487731934 0.34966248273849487305 0.35409066081047058105 0.36875015497207641602 0.37798810005187988281 0.35869479179382324219 0.36792695522308349609 0.55259543657302856445 0.31109479069709777832 0.32260209321975708008 0.35363313555717468262 0.23650863766670227051 0.39024391770362854004 0.49955973029136657715 0.3377062678337097168 0.41844245791435241699 0.26108777523040771484 0.25191864371299743652 0.24491809308528900146 0.23595161736011505127 0.38329815864562988281 0.24931703507900238037 0.3089752495288848877 0.25805369019508361816 0.26565590500831604004 -9999 -9999 -9999 -9999 -9999 -9999 -9999 -9999 -9999 -9999
0.3206367194652557373 0.32384848594665527344 0.32753664255142211914 0.33156424760818481445 0.33635941147804260254 0.34154364466667175293 0.34642329812049865723 0.35128155350685119629 0.3562621772289276123 0.22827911376953125 0.22855366766452789307 0.2393248826265335083 0.24259108304977416992 0.37920784950256347656 0.19552847743034362793 0.33601862192153930664 0.33921214938163757324 0.39726603031158447266 0.51037842035293579102 0.34566873311996459961 0.42808037996292114258 0.26256906986236572266 0.25109910964965820312 0.24286636710166931152 0.23500105738639831543 0.39102599024772644043 0.26077619194984436035 0.31818079948425292969 0.26950302720069885254 -9999 -9999 -9999 -9999 -9999 -9999 -9999 -9999 -9999 -9999 -9999 -9999
0.42744261026382446289 0.42927175760269165039 0.43149232864379882812 0.43452605605125427246 0.4371827542781829834 0.44047978520393371582 0.44448307156562805176 0.44885075092315673828 0.45298022031784057617 0.45668146014213562012 0.4600048363208770752 0.46374419331550598145 0.42180079221725463867 0.42525571584701538086 0.44076165556907653809 0.32302924990653991699 0.37486979365348815918 0.52011531591415405273 0.35238173604011535645 0.43789443373680114746 0.41906589269638061523 0.41048651933670043945 0.40463644266128540039 0.40066245198249816895 0.39717456698417663574 0.27124753594398498535 0.32730174064636230469 0.28053703904151916504 -9999 -9999 -9999 -9999 -9999 -9999 -9999 -9999 -9999 -9999 -9999 -9999 -9999
0.27156272530555725098 0.27631574869155883789 0.28104677796363830566 0.28732243180274963379 0.29361420869827270508 0.29877451062202453613 0.30510684847831726074 0.31227052211761474609 0.31848874688148498535 0.32406052947044372559 0.32930150628089904785 0.33460137248039245605 0.3397458493709564209 0.32316556572914123535 0.32852256298065185547 0.45486795902252197266 0.36171436309814453125 0.47314015030860900879 0.44541162252426147461 0.42710614204406738281 0.23466944694519042969 0.23277412354946136475 0.24307046830654144287 0.23324485123157501221 0.27948576211929321289 0.33527797460556030273 -9999 -9999 -9999 -9999 -9999 -9999 -9999 -9999 -9999 -9999 -9999 -9999 -9999 -9999 -9999
0.36048224568367004395 0.36257320642471313477 0.36468610167503356934 0.36858421564102172852 0.37317460775375366211 0.37737071514129638672 0.3809910118579864502 0.38605853915214538574 0.39067131280899047852 0.39498296380043029785 0.39888536930084228516 0.40250280499458312988 0.40588408708572387695 0.4095599055290222168 0.3786671757698059082 0.38592806458473205566 0.4380010068416595459 0.48417776823043823242 0.39707931876182556152 0.24665093421936035156 0.2444839179515838623 0.25289461016654968262 0.23222622275352478027 0.28588622808456420898 -9999 -9999 -9999 -9999 -9999 -9999 -9999 -9999 -9999 -9999 -9999 -9999 -9999 -9999 -9999 -9999 -9999
0.34668102860450744629 0.34925004839897155762 0.3520336449146270752 0.35516512393951416016 0.36010706424713134766 0.36556729674339294434 0.37098532915115356445 0.37519592046737670898 0.3777287602424621582 0.38174679875373840332 0.38540178537368774414 0.38881266117095947266 0.39222320914268493652 0.39598619937896728516 0.3999373316764831543 0.37070766091346740723 0.38557794690132141113 0.46621417999267578125 0.40491035580635070801 0.25509425997734069824 0.26202380657196044922 -9999 -9999 -9999 -9999 -9999 -9999 -9999 -9999 -9999 -9999 -9999 -9999 -9999 -9999 -9999 -9999 -9999 -9999 -9999 -9999
0.33367258310317993164 0.33716368675231933594 0.34102961421012878418 0.34483736753463745117 0.34849584102630615234 0.35476019978523254395 0.36224016547203063965 0.23426759243011474609 0.23382771015167236328 0.24186220765113830566 0.24664650857448577881 -9999 -9999 -9999 -9999 -9999 -9999 0.39695796370506286621 0.39094898104667663574 0.26247927546501159668 -9999 -9999 -9999 -9999 -9999 -9999 -9999 -9999 -9999 -9999 -9999 -9999 -9999 -9999 -9999 -9999 -9999 -9999 -9999 -9999 -9999
-9999 -9999 -9999 -9999 -9999 -9999 -9999 -9999 -9999 -9999 -9999 -9999 -9999 -9999 -9999 -9999 -9999 -9999 0.25204029679298400879 -9999 -9999 -9999 -9999 -9999 -9999 -9999 -9999 -9999 -9999 -9999 -9999 -9999 -9999 -9999 -9999 -9999 -9999 -9999 -9999 -9999 -9999
-9999 -9999 -9999 -9999 -9999 -9999 -9999 -9999 -9999 -9999 -9999 -9999 -9999 -9999 -9999 -9999 -9999 -9999 -9999 -9999 -9999 -9999 -9999 -9999 -9999 -9999 -9999 -9999 -9999 -9999 -9999 -9999 -9999 -9999 -9999 -9999 -9999 -9999 -9999 -9999 -9999
