tests/data/reference/gistest/full/control/cinfil_m3.asc
ncols        125
nrows        78
xllcorner    -713756.799299980048
yllcorner    -1061032.369616159936
cellsize     10.000000000000
NODATA_value  -9999
[rows 19 to 37 of 78, columns 0 to 41 of 125]
-9999 -9999 -9999 -9999 -9999 -9999 -9999 -9999 -9999 -9999 -9999 -9999 -9999 -9999 -9999 -9999 -9999 1.0184969902038574219 1.0120737552642822266 1.0348397493362426758 1.0512319803237915039 1.1235966682434082031 1.0237151384353637695 1.0173437595367431641 1.0125652551651000977 0 1.2239656448364257812 1.1617219448089599609 1.1791987419128417969 1.0154948234558105469 1.1398035287857055664 1.0277569293975830078 1.0048691034317016602 1.040900111198425293 1.1938579082489013672 1.0189759731292724609 1.1597084999084472656 1.1037644147872924805 1.0947484970092773438 1.1054645776748657227 1.1176168918609619141 1.1079016923904418945
-9999 -9999 -9999 -9999 -9999 -9999 -9999 -9999 -9999 -9999 -9999 -9999 -9999 -9999 -9999 -9999 0.85365772247314453125 0.84641528129577636719 0.8525994420051574707 0.86676609516143798828 1.1401420831680297852 1.0432184934616088867 1.0228530168533325195 1.0146507024765014648 0 0 1.2033843994140625 1.161687016487121582 1.1843519210815429688 1.0115635395050048828 1.1449369192123413086 1.0371456146240234375 1.0048124790191650391 1.0510547161102294922 1.1983228921890258789 1.0271465778350830078 1.1628969907760620117 1.110553741455078125 1.1001812219619750977 1.1110050678253173828 1.1226751804351806641 1.1118230819702148438
-9999 -9999 -9999 -9999 -9999 -9999 -9999 -9999 -9999 -9999 -9999 -9999 -9999 -9999 -9999 -9999 0.85502195358276367188 0.85705053806304931641 0.86615532636642456055 0.94667685031890869141 0.88249224424362182617 0.85936367511749267578 0.85572546720504760742 1.0894482135772705078 0 1.0673325061798095703 1.2034362554550170898 1.1667181253433227539 1.1856074333190917969 1.0192817449569702148 1.1508579254150390625 1.0064369440078735352 1.0463223457336425781 1.0607982873916625977 1.2032407522201538086 1.035292506217956543 1.1665585041046142578 1.1183573007583618164 1.1071389913558959961 1.1177927255630493164 1.1284761428833007812 1.1163769960403442383
-9999 -9999 -9999 -9999 -9999 -9999 -9999 -9999 -9999 -9999 -9999 -9999 -9999 -9999 -9999 -9999 0.86771374940872192383 0.87289369106292724609 0.88848364353179931641 0.98812198638916015625 0.8627789616584777832 0.86148291826248168945 0.89763802289962768555 0 0.92995625734329223633 0.87604212760925292969 1.208988189697265625 1.175110936164855957 1.1925262212753295898 1.0301834344863891602 1.1572164297103881836 1.006716609001159668 1.0137856006622314453 1.0548312664031982422 1.2100465297698974609 1.0434414148330688477 1.1700884103775024414 1.1254659891128540039 1.004132390022277832 1.1298233270645141602 1.1345919370651245117 1.1215044260025024414
-9999 -9999 -9999 -9999 -9999 -9999 -9999 -9999 -9999 -9999 -9999 -9999 -9999 -9999 -9999 0.87254118919372558594 0.88579791784286499023 0.91607338190078735352 0.9892985224723815918 0.86736971139907836914 0.91351306438446044922 0.90341681241989135742 0 0.9168764948844909668 0.92209649085998535156 0.882686614990234375 0.98329836130142211914 0.96167606115341186523 0.9731610417366027832 1.0404671430587768555 1.1641637086868286133 1.0072791576385498047 1.0141193866729736328 1.0224803686141967773 1.0626599788665771484 1.2161691188812255859 1.1736969947814941406 1.1316683292388916016 1.0025490522384643555 1.1386172771453857422 1.140528559684753418 1.1269145011901855469
-9999 -9999 -9999 -9999 -9999 -9999 -9999 -9999 -9999 -9999 -9999 -9999 -9999 -9999 -9999 0.92393100261688232422 0.9892985224723815918 0.9892985224723815918 0.8619276881217956543 0.86881369352340698242 0.85649871826171875 0 0 0.84477430582046508789 0.8942826390266418457 0.92076188325881958008 0.9892985224723815918 0.96797519922256469727 0.97922027111053466797 0.86986505985260009766 0.8371601104736328125 1.1707632541656494141 1.0146089792251586914 1.0231643915176391602 1.0316511392593383789 1.2237710952758789062 1.1783841848373413086 1.1384831666946411133 1.0021022558212280273 1.1468286514282226562 1.1465690135955810547 1.1323984861373901367
-9999 -9999 -9999 -9999 -9999 -9999 -9999 -9999 -9999 -9999 -9999 -9999 -9999 -9999 -9999 0.9892985224723815918 0.89499479532241821289 0.86326307058334350586 0.86340719461441040039 0.86436593532562255859 0.89064335823059082031 0 0.89729762077331542969 0.90197986364364624023 0.85208857059478759766 0.88770598173141479492 0.92203986644744873047 0.9892985224723815918 0.98410266637802124023 0.87660181522369384766 0.83623945713043212891 0.84579879045486450195 0.95897328853607177734 0.85225975513458251953 1.0332208871841430664 1.0415185689926147461 1.2330396175384521484 1.0042576789855957031 1.1458420753479003906 1.0108474493026733398 1.1640967130661010742 1.1381049156188964844
-9999 -9999 -9999 -9999 -9999 -9999 -9999 -9999 -9999 -9999 -9999 -9999 -9999 0.8578287959098815918 0.86741310358047485352 0.90354394912719726562 0.87882953882217407227 0.86262357234954833984 0.89654117822647094727 0.90319484472274780273 0 0.92050915956497192383 0.90755087137222290039 0.88454097509384155273 0.89163434505462646484 0.86123585700988769531 0.88958257436752319336 0.9892985224723815918 0.9892985224723815918 0.88445359468460083008 0.84558182954788208008 0.83754736185073852539 0.85471016168594360352 0.96725231409072875977 0.86166661977767944336 0.86661243438720703125 1.0511509180068969727 1.2335132360458374023 1.0123106241226196289 1.1529020071029663086 1.0195343494415283203 1.1753839254379272461
-9999 -9999 -9999 -9999 -9999 -9999 -9999 -9999 -9999 -9999 -9999 -9999 -9999 -9999 0.85891222953796386719 0.88651543855667114258 0.88962632417678833008 0.88330060243606567383 0.91468393802642822266 0 0.95686602592468261719 0.929698944091796875 0.92202526330947875977 0.9257990717887878418 0.93217045068740844727 0.94020897150039672852 0.9486249089241027832 0.9579823613166809082 0.9892985224723815918 0.9892985224723815918 0.8942998051643371582 0.85559898614883422852 0.84776192903518676758 0.86421889066696166992 0.97605758905410766602 0.87105762958526611328 0.87498509883880615234 0.87705832719802856445 0.9892985224723815918 1.0209839344024658203 1.1593357324600219727 1.1858208179473876953
-9999 -9999 -9999 -9999 -9999 -9999 -9999 -9999 -9999 -9999 -9999 -9999 -9999 -9999 -9999 -9999 0.87190985679626464844 0.97222274541854858398 0 0 0.87299787998199462891 0.86541712284088134766 0.87167543172836303711 0.87679493427276611328 0.88335657119750976562 0.88879543542861938477 0.89429521560668945312 0.90275633335113525391 0.96631449460983276367 0.9892985224723815918 0.9892985224723815918 0.90413016080856323242 0.86662846803665161133 0.85934358835220336914 0.87474381923675537109 0.98439192771911621094 0.87838762998580932617 0.88219922780990600586 0.88547587394714355469 0.9892985224723815918 0.85684579610824584961 1.1992238759994506836
-9999 -9999 -9999 -9999 -9999 -9999 -9999 -9999 -9999 -9999 -9999 -9999 -9999 -9999 -9999 -9999 -9999 0.91948330402374267578 0 0.9364102482795715332 0.91166698932647705078 0.90571135282516479492 0.90430283546447753906 0.90645611286163330078 0.90940213203430175781 0.91216105222702026367 0.91456294059753417969 0.91751009225845336914 0.92212021350860595703 0.92814624309539794922 0.9892985224723815918 0.9892985224723815918 0.9892985224723815918 0.87826454639434814453 0.87077051401138305664 0.88417392969131469727 0.9892985224723815918 0.9892985224723815918 0.9892985224723815918 0.89370888471603393555 0.9892985224723815918 0.86492371559143066406
-9999 -9999 -9999 -9999 -9999 -9999 -9999 -9999 -9999 -9999 -9999 -9999 -9999 -9999 -9999 -9999 -9999 0 0.92624002695083618164 0.89247876405715942383 0.8842728734016418457 0.88796496391296386719 0.9892985224723815918 0.9892985224723815918 0.9892985224723815918 0.9892985224723815918 0.9892985224723815918 0.9892985224723815918 0.9892985224723815918 0.9892985224723815918 0.9892985224723815918 0.9892985224723815918 0.9892985224723815918 0.9892985224723815918 0.9892985224723815918 0.9892985224723815918 0.9892985224723815918 0.9892985224723815918 0.9892985224723815918 0.9892985224723815918 0.9892985224723815918 0.9892985224723815918
-9999 -9999 -9999 -9999 -9999 -9999 -9999 -9999 -9999 -9999 -9999 -9999 -9999 -9999 -9999 -9999 0 1.1030323505401611328 1.0641268491744995117 1.1680583953857421875 0.96601325273513793945 0.9892985224723815918 0.91167807579040527344 0.92753124237060546875 0.94121992588043212891 0.94941496849060058594 0.97438502311706542969 0.98544138669967651367 0.9892985224723815918 0.9892985224723815918 0.9892985224723815918 0.9892985224723815918 0.9892985224723815918 0.9892985224723815918 0.9892985224723815918 0.9892985224723815918 0.9892985224723815918 0.9892985224723815918 0.9892985224723815918 0.9892985224723815918 0.9892985224723815918 0.9892985224723815918
-9999 -9999 -9999 -9999 -9999 -9999 -9999 -9999 -9999 -9999 -9999 -9999 -9999 -9999 -9999 0 0 1.1646971702575683594 1.1633802652359008789 1.1538801193237304688 1.2335132360458374023 0.90232765674591064453 0.90846920013427734375 0.92107170820236206055 0.93728727102279663086 0.96075570583343505859 0.91536271572113037109 0.98852503299713134766 1.2071579694747924805 1.2101843357086181641 0.98201787471771240234 0.98743379116058349609 0.9892985224723815918 0.9892985224723815918 0.9892985224723815918 0.9892985224723815918 0.9892985224723815918 0.85854518413543701172 0.86307990550994873047 0.90236824750900268555 0.88553798198699951172 0.87714612483978271484
-9999 -9999 -9999 -9999 -9999 -9999 -9999 -9999 -9999 -9999 -9999 -9999 -9999 -9999 -9999 0 1.1836320161819458008 1.10372161865234375 1.1426024436950683594 1.2335132360458374023 1.0815496444702148438 1.0926880836486816406 1.1129601001739501953 0.93042266368865966797 1.1668560504913330078 1.1046899557113647461 1.2140418291091918945 1.2031357288360595703 1.2289981842041015625 1.2335132360458374023 1.2335132360458374023 1.2335132360458374023 1.070998072624206543 1.0932440757751464844 1.1117625236511230469 1.1143641471862792969 1.0193390846252441406 1.028483271598815918 1.0895425081253051758 1.0657873153686523438 1.0533913373947143555 1.0512793064117431641
-9999 -9999 -9999 -9999 -9999 -9999 -9999 -9999 -9999 -9999 -9999 -9999 -9999 -9999 0 1.1623784303665161133 1.0961883068084716797 1.133266448974609375 1.2335132360458374023 1.0677655935287475586 1.0804588794708251953 1.1034519672393798828 1.1271058320999145508 1.161023259162902832 1.0968217849731445312 1.2068567276000976562 1.1974843740463256836 1.2259998321533203125 1.2335132360458374023 1.1797889471054077148 1.0823193788528442383 1.0607423782348632812 1.0825107097625732422 1.1011132001876831055 1.1014276742935180664 1.0108036994934082031 1.0166034698486328125 1.081329345703125 1.0575765371322631836 1.045746922492980957 1.044109344482421875 1.0728628635406494141
-9999 -9999 -9999 -9999 -9999 -9999 -9999 -9999 -9999 -9999 -9999 -9999 -9999 0 0 1.0909579992294311523 1.1250413656234741211 1.2335132360458374023 1.0552440881729125977 1.068202972412109375 1.0923415422439575195 1.1177033185958862305 1.153365015983581543 1.08812713623046875 1.2004561424255371094 1.1914086341857910156 1.2214205265045166016 1.2335132360458374023 1.175824284553527832 1.0751196146011352539 1.0515968799591064453 1.0731681585311889648 1.09249114990234375 1.0900987386703491211 1.022778630256652832 1.0095984935760498047 1.0739772319793701172 1.0489023923873901367 1.0368808507919311523 1.035725712776184082 1.0660948753356933594 1.0322003364562988281
-9999 -9999 -9999 -9999 -9999 -9999 -9999 -9999 -9999 -9999 -9999 -9999 -9999 0 1.0994610786437988281 1.1174262762069702148 1.2335132360458374023 1.0423096418380737305 1.0565395355224609375 1.0819338560104370117 1.1079664230346679688 1.1442170143127441406 1.0772863626480102539 1.1922603845596313477 1.1847041845321655273 1.2159469127655029297 1.2335132360458374023 1.1717180013656616211 1.0679732561111450195 1.042841792106628418 1.0655207633972167969 1.0860880613327026367 1.0806449651718139648 1.0081917047500610352 1.0147695541381835938 1.067034602165222168 1.040358424186706543 1.0279823541641235352 1.0275084972381591797 1.0598517656326293945 1.0248552560806274414 1.0233392715454101562
-9999 -9999 -9999 -9999 -9999 -9999 -9999 -9999 -9999 -9999 -9999 -9999 0 1.1473000049591064453 1.1127266883850097656 1.2335132360458374023 1.0284377336502075195 1.0446381568908691406 1.0723756551742553711 1.0990653038024902344 1.1357269287109375 1.0655602216720581055 1.1826322078704833984 1.1762793064117431641 1.2090680599212646484 1.2335132360458374023 1.1655910015106201172 1.0599443912506103516 1.0332171916961669922 1.0572569370269775391 1.0799102783203125 1.0591095685958862305 1.067679286003112793 1.0142161846160888672 1.0605154037475585938 1.0308190584182739258 1.0179284811019897461 1.0182121992111206055 1.0530676841735839844 1.017383575439453125 1.0163683891296386719 1.0145627260208129883
