tests/data/reference/gistest/full/control/cinfil_m3.asc
ncols        125
nrows        78
xllcorner    -713756.799299980048
yllcorner    -1061032.369616159936
cellsize     10.000000000000
NODATA_value  -9999
[rows 38 to 56 of 78, columns 42 to 83 of 125]
1.0302313566207885742 1.0352909564971923828 1.0420337915420532227 1.0492216348648071289 1.0562323331832885742 1.0633745193481445312 1.0707066059112548828 1.0263659954071044922 1.028525233268737793 1.0285222530364990234 0.8748149871826171875 0.88143265247344970703 0.88693910837173461914 0.89301723241806030273 1.0322892665863037109 1.0322892665863037109 1.0322892665863037109 1.0322892665863037109 1.0322892665863037109 1.0322892665863037109 1.0322892665863037109 1.0322892665863037109 1.0322892665863037109 1.0322892665863037109 1.0322892665863037109 1.0322892665863037109 1.0322892665863037109 1.0322892665863037109 1.0322892665863037109 1.0322892665863037109 1.0296981334686279297 1.008563995361328125 0.99841952323913574219 1.0322892665863037109 0.96448677778244018555 0.94869351387023925781 0.95097911357879638672 0.94087213277816772461 1.0322892665863037109 1.1089131832122802734 1.2593076229095458984 1.2593076229095458984
1.0295183658599853516 1.0334070920944213867 1.0384019613265991211 1.0442631244659423828 1.0521290302276611328 1.0603938102722167969 1.0681527853012084961 1.0756622552871704102 1.0830384492874145508 1.0890103578567504883 1.0942209959030151367 1.1003847122192382812 1.2593076229095458984 1.2593076229095458984 1.1888427734375 1.2167639732360839844 1.191239476203918457 1.1893258094787597656 1.1815268993377685547 1.1409142017364501953 1.1409537792205810547 1.1411405801773071289 0.95841741561889648438 0.93050271272659301758 0.93116968870162963867 0.93176674842834472656 0.93197840452194213867 0.96395140886306762695 0.97230887413024902344 0.97797971963882446289 1.0322892665863037109 1.0322892665863037109 1.0322892665863037109 1.0322892665863037109 1.0322892665863037109 0.9558327794075012207 0.95643591880798339844 0.94673418998718261719 1.0322892665863037109 0.9635117650032043457 0 1.2593076229095458984
1.0365065336227416992 1.0436097383499145508 1.0513978004455566406 1.0576666593551635742 1.0620290040969848633 1.0687258243560791016 1.0751878023147583008 1.0814201831817626953 1.0874541997909545898 1.0933691263198852539 1.1005644798278808594 1.2593076229095458984 1.1847695112228393555 1.1836876869201660156 1.2119392156600952148 1.1864795684814453125 1.1845049858093261719 1.1762433052062988281 1.134636998176574707 1.134272456169128418 1.1340329647064208984 1.133494257926940918 1.0915826559066772461 1.0916718244552612305 1.0916740894317626953 1.0916986465454101562 0.95285612344741821289 0.93057346343994140625 1.0322892665863037109 1.0322892665863037109 1.0322892665863037109 1.0322892665863037109 1.0165848731994628906 0.87989038228988647461 1.0322892665863037109 1.0322892665863037109 0.96635740995407104492 0.95568406581878662109 0.8801873326301574707 0 1.0322892665863037109 1.2593076229095458984
1.0784307718276977539 1.0855597257614135742 1.0926718711853027344 1.0986714363098144531 1.103672027587890625 1.1080278158187866211 1.1110327243804931641 1.1150928735733032227 1.1213430166244506836 1.2593076229095458984 1.2593076229095458984 1.1807470321655273438 1.1792813539505004883 1.2082570791244506836 1.1830748319625854492 1.1815794706344604492 1.1733621358871459961 1.1309515237808227539 1.130408167839050293 1.1298314332962036133 1.1288543939590454102 1.0855447053909301758 1.0850872993469238281 1.0843832492828369141 1.0836328268051147461 1.1250742673873901367 1.091500401496887207 1.2593076229095458984 1.1734297275543212891 0.92359358072280883789 0.91944652795791625977 0.91971707344055175781 0.9390938878059387207 0.9129250645637512207 0.90391427278518676758 1.0322892665863037109 1.0322892665863037109 0.97824126482009887695 1.0014302730560302734 1.0165848731994628906 1.0322892665863037109 1.0322892665863037109
1.2593076229095458984 1.2593076229095458984 1.2593076229095458984 1.2593076229095458984 1.2593076229095458984 1.2593076229095458984 1.2593076229095458984 1.2593076229095458984 1.2593076229095458984 1.1738605499267578125 1.1754915714263916016 1.1743514537811279297 1.2041180133819580078 1.1789197921752929688 1.1778513193130493164 1.1700899600982666016 1.127301335334777832 1.1269563436508178711 1.1264798641204833984 1.1253056526184082031 1.0805546045303344727 1.079716801643371582 1.0786657333374023438 1.0775339603424072266 1.1195726394653320312 1.0847936868667602539 1.2593076229095458984 1.1671588420867919922 1.0817418098449707031 1.0734788179397583008 1.0740053653717041016 0.92938584089279174805 0.91129481792449951172 0.91328650712966918945 0.91631799936294555664 0.89080959558486938477 1.0165848731994628906 1.0165848731994628906 0 1.0322892665863037109 1.0322892665863037109 1.0322892665863037109
1.1594740152359008789 1.1629126071929931641 1.1669951677322387695 1.1717000007629394531 1.1756000518798828125 1.1792533397674560547 1.1865943670272827148 1.2593076229095458984 1.1689484119415283203 1.1696572303771972656 1.1688083410263061523 1.1997689008712768555 1.1745021343231201172 1.1735103130340576172 1.1657900810241699219 1.1227213144302368164 1.1228468418121337891 1.1227685213088989258 1.1219753026962280273 1.0761057138442993164 1.0749868154525756836 1.0735504627227783203 1.0721716880798339844 1.1152395009994506836 1.0793731212615966797 1.2593076229095458984 1.1629137992858886719 1.0753959417343139648 1.0662508010864257812 1.0656584501266479492 1.0905444622039794922 1.0642755031585693359 0.90444701910018920898 0.90515822172164916992 0.9082800745964050293 0.90988361835479736328 0.95688962936401367188 0.93126255273818969727 0.83189225196838378906 1.0165848731994628906 1.0322892665863037109 1.0322892665863037109
1.2593076229095458984 1.2593076229095458984 1.2593076229095458984 1.2593076229095458984 1.2593076229095458984 1.2593076229095458984 1.2593076229095458984 1.1624852418899536133 1.163596034049987793 1.1630035638809204102 1.1946301460266113281 1.1692420244216918945 1.168429255485534668 1.1604379415512084961 1.1164020299911499023 1.1169234514236450195 1.1171773672103881836 1.1166492700576782227 1.0700691938400268555 1.0696045160293579102 1.0682713985443115234 1.0667283535003662109 1.1111023426055908203 1.0742678642272949219 1.2593076229095458984 1.1595866680145263672 1.0701129436492919922 1.0607253313064575195 1.0598343610763549805 1.0848155021667480469 1.0572335720062255859 1.0561134815216064453 1.0558171272277832031 0.89904642105102539062 0.90023201704025268555 0.9026539921760559082 0.92884349822998046875 0 0.97721421718597412109 0.94225192070007324219 1.0165848731994628906 1.0322892665863037109
1.1771435737609863281 1.1474449634552001953 1.1780476570129394531 1.1884462833404541016 1.2004009485244750977 1.1527602672576904297 1.1534924507141113281 1.1546372175216674805 1.1559259891510009766 1.1892936229705810547 1.1634502410888671875 1.1626106500625610352 1.1547276973724365234 1.1096116304397583008 1.1098444461822509766 1.110167384147644043 1.1097065210342407227 1.06148529052734375 1.0616202354431152344 1.0612691640853881836 1.0602924823760986328 1.1064854860305786133 1.0685672760009765625 1.2593076229095458984 1.1562664508819580078 1.0647493600845336914 1.0554556846618652344 1.0547224283218383789 1.0801577568054199219 1.051472783088684082 1.0499857664108276367 1.0492993593215942383 1.0484803915023803711 1.0480936765670776367 0.89428037405014038086 0.89513379335403442383 0.95902365446090698242 0 0.9157587885856628418 0.91040301322937011719 0.91194951534271240234 0.88718849420547485352
1.1406481266021728516 1.1687338352203369141 1.1464735269546508789 1.1450672149658203125 1.1445735692977905273 1.1443760395050048828 1.1445473432540893555 1.1452759504318237305 1.1803243160247802734 1.1556359529495239258 1.1552044153213500977 1.1474783420562744141 1.1024042367935180664 1.1031558513641357422 1.1030870676040649414 1.1022020578384399414 1.0520036220550537109 1.0519739389419555664 1.0514920949935913086 1.0510277748107910156 1.1000219583511352539 1.0613037347793579102 1.2593076229095458984 1.1515511274337768555 1.0578663349151611328 1.0488450527191162109 1.0487953424453735352 1.0752524137496948242 1.0456537008285522461 1.0436345338821411133 1.0428653955459594727 1.0421416759490966797 1.0408345460891723633 1.0399987697601318359 1.0405508279800415039 1.0987932682037353516 0.89907288551330566406 0.89968347549438476562 0.87437981367111206055 0.88289701938629150391 0.8893063664436340332 0.89417672157287597656
1.1630562543869018555 1.1401772499084472656 1.1382139921188354492 1.1367366313934326172 1.1360700130462646484 1.1359460353851318359 1.1358989477157592773 1.1703696250915527344 1.1448425054550170898 1.1455336809158325195 1.1379799842834472656 1.0918142795562744141 1.0944049358367919922 1.0958757400512695312 1.094427943229675293 1.041271209716796875 1.0416518449783325195 1.0411930084228515625 1.0407422780990600586 1.0914512872695922852 1.0518184900283813477 1.2593076229095458984 1.1456066370010375977 1.0489748716354370117 1.0405217409133911133 1.0410109758377075195 1.0685094594955444336 1.0401970148086547852 1.0377429723739624023 1.0357797145843505859 1.0352302789688110352 1.0345128774642944336 1.0328928232192993164 1.0316046476364135742 1.0912467241287231445 1.022214055061340332 1.0914236307144165039 0.92295366525650024414 0.93318766355514526367 0.93095725774765014648 0.92858183383941650391 0.92678815126419067383
1.1344356536865234375 1.1322200298309326172 1.130194544792175293 1.12872314453125 1.1280251741409301758 1.1276873350143432617 1.1625114679336547852 1.1355192661285400391 1.1351668834686279297 1.1275327205657958984 1.0797420740127563477 1.0811961889266967773 1.0844668149948120117 1.0857894420623779297 1.0410231351852416992 1.0405958890914916992 1.040283203125 1.0406450033187866211 1.0826946496963500977 1.0409978628158569336 1.2593076229095458984 1.1393759250640869141 1.0405915975570678711 1.0327156782150268555 1.0338330268859863281 1.058565974235534668 1.0350420475006103516 1.0328128337860107422 1.0288013219833374023 1.0271737575531005859 1.0270737409591674805 1.0258828401565551758 1.0239435434341430664 1.0849078893661499023 1.0306022167205810547 1.0373921394348144531 1.0941473245620727539 1.2593076229095458984 1.0322892665863037109 1.0322892665863037109 1.0322892665863037109 1.0322892665863037109
1.1266924142837524414 1.1245121955871582031 1.1226806640625 1.121388554573059082 1.1203378438949584961 1.1553275585174560547 1.1275140047073364258 1.1265988349914550781 1.1178172826766967773 1.0681241750717163086 1.0688720941543579102 1.0706931352615356445 1.0734224319458007812 1.0423754453659057617 1.0420252084732055664 1.0522437095642089844 1.0627393722534179688 1.0728790760040283203 1.0408660173416137695 1.2560312747955322266 1.1322798728942871094 1.036639094352722168 1.0338428020477294922 1.0396525859832763672 1.0485399961471557617 1.0347046852111816406 1.0400304794311523438 1.0468745231628417969 1.0530668497085571289 1.0592947006225585938 1.0658437013626098633 1.0721697807312011719 1.0784080028533935547 1.0232878923416137695 1.0208222866058349609 1.1252086162567138672 1.2593076229095458984 1.1078956127166748047 1.0368291139602661133 0.88998526334762573242 0.89437597990036010742 0.89812749624252319336
1.1186127662658691406 1.116904139518737793 1.1155617237091064453 1.1142116785049438477 1.1493608951568603516 1.1201151609420776367 1.1186791658401489258 1.1095697879791259766 1.057703852653503418 1.0575584173202514648 1.0587645769119262695 1.0605962276458740234 1.1858667135238647461 1.1953606605529785156 1.2035356760025024414 1.2117201089859008789 1.2199074029922485352 1.2282879352569580078 1.2447060346603393555 1.1251621246337890625 1.0395908355712890625 1.0396945476531982422 1.0473295450210571289 1.0562374591827392578 1.0653886795043945312 1.0738672018051147461 1.0813524723052978516 1.0874738693237304688 1.0922132730484008789 1.096530914306640625 1.1006407737731933594 1.1046283245086669922 1.1095108985900878906 1.1150233745574951172 1.1202088594436645508 1.211582183837890625 0 1.0357297658920288086 1.0210535526275634766 0.8780364990234375 0.88239020109176635742 0.88609457015991210938
1.1103272438049316406 1.1093870401382446289 1.1082475185394287109 1.1442234516143798828 1.1138271093368530273 1.1113997697830200195 1.1015226840972900391 1.0482499599456787109 1.047588348388671875 1.0477927923202514648 1.0492577552795410156 1.1746326684951782227 1.1100041866302490234 1.1252310276031494141 1.1372050046920776367 1.150970458984375 1.1717438697814941406 1.2034671306610107422 1.117365717887878418 1.1109250783920288086 1.116392970085144043 1.1212491989135742188 1.1268225908279418945 1.133235931396484375 1.140044093132019043 1.1465624570846557617 1.1526278257369995117 1.1706639528274536133 1.1773146390914916992 1.1824333667755126953 1.1863390207290649414 1.1896820068359375 1.1944756507873535156 1.2008106708526611328 1.2068490982055664062 1.0829216241836547852 0 1.0213674306869506836 1.0279387235641479492 1.0333956480026245117 0.8852329254150390625 0.88899534940719604492
1.1017158031463623047 1.1010425090789794922 1.1383925676345825195 1.1076204776763916016 1.1048457622528076172 1.0939919948577880859 1.0390167236328125 1.0383125543594360352 1.0381842851638793945 1.0389008522033691406 1.1640582084655761719 1.1012265682220458984 1.1014707088470458984 1.0355118513107299805 1.1111572980880737305 1.148586273193359375 1.1851924657821655273 1.1079279184341430664 1.102820277214050293 1.117352604866027832 1.1221472024917602539 1.1267372369766235352 1.1325188875198364258 1.138917088508605957 1.145442962646484375 1.1518871784210205078 1.1580866575241088867 1.0311437845230102539 1.035797119140625 1.0410380363464355469 1.0462228059768676758 1.0519092082977294922 1.0601456165313720703 1.0694922208786010742 1.0770751237869262695 1.0251827239990234375 0 1.0495179891586303711 1.0412914752960205078 1.0436786413192749023 1.0464437007904052734 0.89316618442535400391
1.0925031900405883789 1.1311066150665283203 1.1000632047653198242 1.0976161956787109375 1.0864156484603881836 1.0313416719436645508 1.0298677682876586914 1.0295952558517456055 1.0304763317108154297 1.1534475088119506836 1.0927901268005371094 1.0934345722198486328 1.0924201011657714844 1.1005901098251342773 1.1379286050796508789 1.177379608154296875 1.0987242460250854492 1.0932253599166870117 1.1096918582916259766 1.1304649114608764648 1.1374346017837524414 1.143376469612121582 1.1501799821853637695 1.1565937995910644531 1.162884831428527832 1.1692900657653808594 1.1752630472183227539 1.1798803806304931641 1.1832491159439086914 1.1864675283432006836 1.1896661520004272461 1.1946150064468383789 1.2039945125579833984 1.2223660945892333984 1.22991180419921875 1.2343065738677978516 0 1.2424160242080688477 1.2406047582626342773 1.2407776117324829102 1.2418539524078369141 1.2443159818649291992
1.1235405206680297852 1.0914521217346191406 1.0891020298004150391 1.078078150749206543 1.076732635498046875 1.0837434530258178711 1.0903322696685791016 1.12221527099609375 1.1424144506454467773 1.0845056772232055664 1.0853333473205566406 1.0849088430404663086 1.1165541410446166992 1.1262555122375488281 1.1676418781280517578 1.0890489816665649414 1.0836871862411499023 1.1004794836044311523 1.1231403350830078125 1.0986621379852294922 1.1398466825485229492 1.1448668241500854492 1.150610804557800293 1.1563787460327148438 1.1627163887023925781 1.1689281463623046875 1.1739917993545532227 1.1777492761611938477 1.1807030439376831055 1.1837472915649414062 1.1869682073593139648 1.1920970678329467773 1.2014719247817993164 1.034491419792175293 1.0268913507461547852 1.0304595232009887695 0 1.0538029670715332031 1.0455375909805297852 1.0481725931167602539 1.0513939857482910156 1.0553379058837890625
1.0831129550933837891 1.080219268798828125 1.0690346956253051758 1.0686812400817871094 1.0938640832901000977 1.1027166843414306641 1.1119047403335571289 1.1240017414093017578 1.0761983394622802734 1.0770263671875 1.0768072605133056641 1.1100046634674072266 1.0829480886459350586 1.1575036048889160156 1.0771198272705078125 1.073235630989074707 1.0909678936004638672 1.1142356395721435547 1.0907121896743774414 1.1346668004989624023 1.03125762939453125 1.1072409152984619141 1.1172382831573486328 1.1265387535095214844 1.1395170688629150391 1.2061910629272460938 1.2128412723541259766 1.2174984216690063477 1.2210181951522827148 1.2242596149444580078 1.2274312973022460938 1.2320793867111206055 1.2389892339706420898 1.2414486408233642578 1.2438590526580810547 1.2464531660079956055 1.2593076229095458984 1.2593076229095458984 1.2593076229095458984 1.2593076229095458984 1.2593076229095458984 1.2593076229095458984
1.0714858770370483398 1.0595009326934814453 1.0598503351211547852 1.0868039131164550781 1.0678919553756713867 1.0672432184219360352 1.1172261238098144531 1.0672183036804199219 1.068198084831237793 1.0683989524841308594 1.1027389764785766602 1.0753728151321411133 1.1502263545989990234 1.0651004314422607422 1.0609686374664306641 1.0805063247680664062 1.1049481630325317383 1.0815125703811645508 1.1275490522384643555 1.0869225263595581055 1.0990920066833496094 1.0836511850357055664 1.0828078985214233398 1.0957589149475097656 1.1947295665740966797 1.0929261445999145508 1.105106353759765625 1.1126255989074707031 1.1186702251434326172 1.1238820552825927734 1.1285581588745117188 1.1337115764617919922 1.1389259099960327148 1.1426509618759155273 1.1471130847930908203 1.1923301219940185547 1.2122287750244140625 1.1967085599899291992 1.19219207763671875 1.1915761232376098633 1.191807866096496582 1.1919982433319091797
