tests/data/reference/gistest/full/control/cinfil_m3.asc
ncols        125
nrows        78
xllcorner    -713756.799299980048
yllcorner    -1061032.369616159936
cellsize     10.000000000000
NODATA_value  -9999
[rows 38 to 56 of 78, columns 42 to 83 of 125]
1.0044082403182983398 1.00946807861328125 1.0162106752395629883 1.023398280143737793 1.0304088592529296875 1.037550806999206543 1.044882655143737793 1.0005429983139038086 1.0027022361755371094 1.0026992559432983398 0.83177644014358520508 0.83839380741119384766 0.84389996528625488281 0.84997773170471191406 0.98923033475875854492 0.98923033475875854492 0.98923033475875854492 0.98923033475875854492 0.98923033475875854492 0.98923033475875854492 0.98923033475875854492 0.98923033475875854492 0.98923033475875854492 0.98923033475875854492 0.98923033475875854492 0.98923033475875854492 0.98923033475875854492 0.98923033475875854492 0.98923033475875854492 0.98923033475875854492 0.98664760589599609375 0.96551561355590820312 0.95537209510803222656 0.98923033475875854492 0.92144221067428588867 0.9056498408317565918 0.90793520212173461914 0.89782887697219848633 0.98923033475875854492 1.0830883979797363281 1.2334723472595214844 1.2334723472595214844
1.0036952495574951172 1.0075842142105102539 1.0125788450241088867 1.0184398889541625977 1.0263055562973022461 1.0345702171325683594 1.0423288345336914062 1.0498383045196533203 1.0572141408920288086 1.0631860494613647461 1.068396449089050293 1.0745601654052734375 1.2334723472595214844 1.2334723472595214844 1.163016200065612793 1.1909365653991699219 1.1654127836227416992 1.1634991168975830078 1.1557004451751708984 1.1150887012481689453 1.1151282787322998047 1.1153150796890258789 0.91537255048751831055 0.88746011257171630859 0.8881270289421081543 0.88872408866882324219 0.8889357447624206543 0.92090654373168945312 0.92926359176635742188 0.93493413925170898438 0.98923033475875854492 0.98923033475875854492 0.98923033475875854492 0.98923033475875854492 0.98923033475875854492 0.91278874874114990234 0.91339182853698730469 0.90369069576263427734 0.98923033475875854492 0.93617045879364013672 0 1.2334723472595214844
1.0106841325759887695 1.0177866220474243164 1.0255744457244873047 1.0318431854248046875 1.036205291748046875 1.0429019927978515625 1.0493638515472412109 1.0555961132049560547 1.0616298913955688477 1.0675446987152099609 1.0747399330139160156 1.2334723472595214844 1.1589430570602416992 1.1578612327575683594 1.1861119270324707031 1.1606529951095581055 1.1586784124374389648 1.1504169702529907227 1.1088116168975830078 1.1084470748901367188 1.1082075834274291992 1.1076688766479492188 1.0657582283020019531 1.0658475160598754883 1.0658497810363769531 1.0658743381500244141 0.90981173515319824219 0.88753080368041992188 0.98923033475875854492 0.98923033475875854492 0.98923033475875854492 0.98923033475875854492 0.98923033475875854492 0.83685135841369628906 0.98923033475875854492 0.98923033475875854492 0.92331278324127197266 0.91264009475708007812 0.83714842796325683594 0 0.98923033475875854492 1.2334723472595214844
1.0526067018508911133 1.0597355365753173828 1.0668474435806274414 1.0728468894958496094 1.0778473615646362305 1.0822031497955322266 1.0852079391479492188 1.0892680883407592773 1.0955179929733276367 1.2334723472595214844 1.2334723472595214844 1.1549206972122192383 1.1534550189971923828 1.1824300289154052734 1.157248377799987793 1.155753016471862793 1.1475358009338378906 1.1051262617111206055 1.1045829057693481445 1.1040061712265014648 1.1030292510986328125 1.0597205162048339844 1.0592631101608276367 1.0585590600967407227 1.0578087568283081055 1.0992491245269775391 1.0656760931015014648 1.2334723472595214844 1.1476033926010131836 0.88055145740509033203 0.87640476226806640625 0.8766753077507019043 0.89605093002319335938 0.88558709621429443359 0.86087375879287719727 0.98923033475875854492 0.98923033475875854492 0.93519586324691772461 0.97408646345138549805 0.98923033475875854492 0.98923033475875854492 0.98923033475875854492
1.2334723472595214844 1.2334723472595214844 1.2334723472595214844 1.2334723472595214844 1.2334723472595214844 1.2334723472595214844 1.2334723472595214844 1.2334723472595214844 1.2334723472595214844 1.1480343341827392578 1.1496652364730834961 1.1485251188278198242 1.1782909631729125977 1.1530933380126953125 1.1520249843597412109 1.1442636251449584961 1.1014760732650756836 1.1011310815811157227 1.10065460205078125 1.0994803905487060547 1.054730534553527832 1.0538927316665649414 1.0528416633605957031 1.0517098903656005859 1.0937476158142089844 1.0589694976806640625 1.2334723472595214844 1.1413326263427734375 1.0559177398681640625 1.0476548671722412109 1.0481814146041870117 0.88634330034255981445 0.86825364828109741211 0.87024539709091186523 0.87327671051025390625 0.86347329616546630859 0.98923033475875854492 0.98923033475875854492 0 0.98923033475875854492 0.98923033475875854492 0.98923033475875854492
1.1336480379104614258 1.1370866298675537109 1.1411690711975097656 1.1458737850189208984 1.1497738361358642578 1.1534270048141479492 1.1607677936553955078 1.2334723472595214844 1.1431223154067993164 1.1438311338424682617 1.1429822444915771484 1.1739419698715209961 1.1486759185791015625 1.1476839780807495117 1.139963984489440918 1.0968961715698242188 1.0970218181610107422 1.0969433784484863281 1.0961502790451049805 1.0502816438674926758 1.0491628646850585938 1.0477265119552612305 1.0463478565216064453 1.0894145965576171875 1.0535490512847900391 1.2334723472595214844 1.137087702751159668 1.049571990966796875 1.040427088737487793 1.0398347377777099609 1.06472015380859375 1.0384519100189208984 0.8614063262939453125 0.86211746931076049805 0.86523932218551635742 0.86684280633926391602 0.9295495152473449707 0.90392398834228515625 0.8045597076416015625 0.98923033475875854492 0.98923033475875854492 0.98923033475875854492
1.2334723472595214844 1.2334723472595214844 1.2334723472595214844 1.2334723472595214844 1.2334723472595214844 1.2334723472595214844 1.2334723472595214844 1.1366592645645141602 1.1377700567245483398 1.137177586555480957 1.1688034534454345703 1.1434158086776733398 1.1426031589508056641 1.134611964225769043 1.0905771255493164062 1.0910985469818115234 1.0913524627685546875 1.0908242464065551758 1.0442453622817993164 1.0437808036804199219 1.0424475669860839844 1.0409046411514282227 1.085277557373046875 1.048443913459777832 1.2334723472595214844 1.1337606906890869141 1.0442891120910644531 1.034901738166809082 1.034010767936706543 1.0589913129806518555 1.0314100980758666992 1.0302900075912475586 1.0299936532974243164 0.85600608587265014648 0.85719168186187744141 0.85961365699768066406 0.90150499343872070312 0 0.93416881561279296875 0.91491234302520751953 0.98923033475875854492 0.98923033475875854492
1.1513173580169677734 1.1216193437576293945 1.1522214412689208984 1.1626198291778564453 1.1745741367340087891 1.1269346475601196289 1.1276667118072509766 1.1288114786148071289 1.1301001310348510742 1.1634670495986938477 1.1376242637634277344 1.136784672737121582 1.1289018392562866211 1.0837868452072143555 1.0840196609497070312 1.0843425989151000977 1.0838817358016967773 1.0356615781784057617 1.0357967615127563477 1.0354454517364501953 1.0344690084457397461 1.0806608200073242188 1.0427434444427490234 1.2334723472595214844 1.1304404735565185547 1.0389257669448852539 1.0296322107315063477 1.0288989543914794922 1.0543336868286132812 1.0256494283676147461 1.0241625308990478516 1.0234760046005249023 1.0226570367813110352 1.0222703218460083008 0.85124045610427856445 0.85209381580352783203 0.93168288469314575195 0 0.87271887063980102539 0.86736333370208740234 0.86890959739685058594 0.85985344648361206055
1.1148227453231811523 1.1429079771041870117 1.1206481456756591797 1.1192418336868286133 1.1187481880187988281 1.1185505390167236328 1.1187218427658081055 1.1194504499435424805 1.154497981071472168 1.1298102140426635742 1.1293785572052001953 1.1216527223587036133 1.0765795707702636719 1.0773311853408813477 1.0772624015808105469 1.0763773918151855469 1.0261801481246948242 1.0261505842208862305 1.0256686210632324219 1.0252045392990112305 1.0741972923278808594 1.0354801416397094727 1.2334723472595214844 1.1257253885269165039 1.0320428609848022461 1.0230218172073364258 1.02297210693359375 1.0494284629821777344 1.0198305845260620117 1.0178114175796508789 1.0170422792434692383 1.0163185596466064453 1.0150114297866821289 1.0141756534576416016 1.0147275924682617188 1.0729688405990600586 0.87173753976821899414 0.8723481297492980957 0.83134132623672485352 0.83985811471939086914 0.84626710414886474609 0.8511371612548828125
1.1372305154800415039 1.1143518686294555664 1.1123887300491333008 1.110911250114440918 1.1102446317672729492 1.1101206541061401367 1.1100735664367675781 1.1445435285568237305 1.1190170049667358398 1.1197080612182617188 1.1121544837951660156 1.0659898519515991211 1.0685805082321166992 1.0700511932373046875 1.068603515625 1.0154480934143066406 1.0158293247222900391 1.0153698921203613281 1.0149197578430175781 1.0656268596649169922 1.0259950160980224609 1.2334723472595214844 1.1197810173034667969 1.0231517553329467773 1.0146987438201904297 1.0151878595352172852 1.0426856279373168945 1.0143740177154541016 1.0119200944900512695 1.0099567174911499023 1.0094072818756103516 1.00868988037109375 1.0070698261260986328 1.0057817697525024414 1.0654224157333374023 0.99639123678207397461 1.0655997991561889648 0.89561492204666137695 0.89014530181884765625 0.88791614770889282227 0.88554197549819946289 0.88374853134155273438
1.1086105108261108398 1.1063948869705200195 1.1043694019317626953 1.1028980016708374023 1.1022000312805175781 1.1018623113632202148 1.1366856098175048828 1.1096938848495483398 1.1093415021896362305 1.1017075777053833008 1.053918004035949707 1.0553719997406005859 1.0586425065994262695 1.0599652528762817383 1.0152003765106201172 1.0147734880447387695 1.0144603252410888672 1.0148223638534545898 1.0568704605102539062 1.0151747465133666992 1.2334723472595214844 1.1135504245758056641 1.0147687196731567383 1.0068924427032470703 1.0080099105834960938 1.0327423810958862305 1.0092189311981201172 1.0069897174835205078 1.0029783248901367188 1.0013507604598999023 1.0012508630752563477 1.0000598430633544922 0.99812072515487670898 1.0590835809707641602 1.0047792196273803711 1.0115690231323242188 1.0683226585388183594 1.2334723472595214844 0.98923033475875854492 0.98923033475875854492 0.98923033475875854492 0.98923033475875854492
1.1008675098419189453 1.0986871719360351562 1.0968556404113769531 1.0955635309219360352 1.094512939453125 1.1295018196105957031 1.1016889810562133789 1.1007736921310424805 1.0919922590255737305 1.0423003435134887695 1.0430482625961303711 1.0448693037033081055 1.0475984811782836914 1.0165526866912841797 1.016202092170715332 1.0264202356338500977 1.0369156599044799805 1.0470551252365112305 1.0150432586669921875 1.2302021980285644531 1.1064546108245849609 1.0108158588409423828 1.0080196857452392578 1.0138295888900756836 1.0227167606353759766 1.0088814496994018555 1.0142074823379516602 1.0210512876510620117 1.027243494987487793 1.033471226692199707 1.040019989013671875 1.046345829963684082 1.0525839328765869141 0.99746495485305786133 0.99499946832656860352 1.0993834733963012695 1.2334723472595214844 1.0820708274841308594 1.0110058784484863281 0.84694552421569824219 0.85133606195449829102 0.85508739948272705078
1.0927879810333251953 1.0910792350769042969 1.0897368192672729492 1.0883867740631103516 1.1235352754592895508 1.0942901372909545898 1.0928542613983154297 1.083745121955871582 1.0318803787231445312 1.0317348241806030273 1.032940983772277832 1.0347726345062255859 1.1600400209426879883 1.1695337295532226562 1.1777085065841674805 1.1858925819396972656 1.1940796375274658203 1.2024599313735961914 1.2188774347305297852 1.0993368625640869141 1.0137677192687988281 1.0138719081878662109 1.0215063095092773438 1.0304139852523803711 1.039564967155456543 1.0480432510375976562 1.0555284023284912109 1.0616496801376342773 1.0663888454437255859 1.0707063674926757812 1.0748162269592285156 1.0788036584854125977 1.0836861133575439453 1.0891984701156616211 1.0943838357925415039 1.1857547760009765625 0 1.0099066495895385742 0.99523079395294189453 0.83499765396118164062 0.83935123682022094727 0.84305542707443237305
1.0845025777816772461 1.0835622549057006836 1.0824228525161743164 1.118397831916809082 1.088002324104309082 1.0855749845504760742 1.0756981372833251953 1.022426605224609375 1.0217651128768920898 1.0219695568084716797 1.0234344005584716797 1.1488063335418701172 1.0841794013977050781 1.0994058847427368164 1.1113795042037963867 1.1251447200775146484 1.1459175348281860352 1.1776399612426757812 1.0915408134460449219 1.0851002931594848633 1.0905679464340209961 1.0954240560531616211 1.1009973287582397461 1.1074105501174926758 1.114218592643737793 1.1207368373870849609 1.1268019676208496094 1.1448377370834350586 1.151488184928894043 1.1566067934036254883 1.1605123281478881836 1.1638553142547607422 1.1686487197875976562 1.1749836206436157227 1.1810218095779418945 1.0570974349975585938 0 0.99554461240768432617 1.0021157264709472656 1.0075726509094238281 0.84219354391098022461 0.84595578908920288086
1.0758912563323974609 1.0752179622650146484 1.1125671863555908203 1.081795811653137207 1.0790212154388427734 1.068167567253112793 1.0131937265396118164 1.0124895572662353516 1.0123611688613891602 1.013077855110168457 1.138232111930847168 1.0754020214080810547 1.0756461620330810547 1.0096886157989501953 1.0853325128555297852 1.1227606534957885742 1.1593657732009887695 1.0821031332015991211 1.0769956111907958984 1.0915275812149047852 1.0963220596313476562 1.1009120941162109375 1.1066936254501342773 1.113091588020324707 1.1196173429489135742 1.1260613203048706055 1.1322607994079589844 1.0053206682205200195 1.0099741220474243164 1.0152149200439453125 1.0203995704650878906 1.0260858535766601562 1.0343220233917236328 1.0436683893203735352 1.0512510538101196289 0.9993597865104675293 0 1.0236946344375610352 1.0154684782028198242 1.0178554058074951172 1.0206203460693359375 0.85012608766555786133
1.0666787624359130859 1.1052814722061157227 1.0742386579513549805 1.0717917680740356445 1.0605913400650024414 1.0055185556411743164 1.004044651985168457 1.0037722587585449219 1.0046533346176147461 1.1276216506958007812 1.0669656991958618164 1.0676101446151733398 1.0665957927703857422 1.0747655630111694336 1.1121032238006591797 1.1515531539916992188 1.0728996992111206055 1.0674009323120117188 1.0838670730590820312 1.1046396493911743164 1.1116091012954711914 1.1175508499145507812 1.124354243278503418 1.1307679414749145508 1.1370587348937988281 1.1434638500213623047 1.1494365930557250977 1.154053807258605957 1.1574224233627319336 1.1606408357620239258 1.1638393402099609375 1.1687880754470825195 1.1781672239303588867 1.1965383291244506836 1.2040836811065673828 1.2084783315658569336 0 1.2165871858596801758 1.2147762775421142578 1.2149492502212524414 1.2160254716873168945 1.2184873819351196289
1.0977154970169067383 1.0656278133392333984 1.0632777214050292969 1.0522541999816894531 1.0509086847305297852 1.0579193830490112305 1.0645079612731933594 1.0963902473449707031 1.1165888309478759766 1.058681488037109375 1.0595091581344604492 1.0590846538543701172 1.0907292366027832031 1.1004303693771362305 1.1418156623840332031 1.0632246732711791992 1.0578629970550537109 1.0746549367904663086 1.0973151922225952148 1.0728377103805541992 1.1140210628509521484 1.1190410852432250977 1.1247849464416503906 1.1305527687072753906 1.1368902921676635742 1.143101811408996582 1.1481654644012451172 1.1519228219985961914 1.1548764705657958984 1.1579207181930541992 1.1611413955688476562 1.166270136833190918 1.1756447553634643555 1.0086683034896850586 1.0010682344436645508 1.0046365261077880859 0 1.0279796123504638672 1.0197144746780395508 1.0223493576049804688 1.0255706310272216797 1.0295144319534301758
1.0572888851165771484 1.0543951988220214844 1.0432109832763671875 1.0428575277328491211 1.0680396556854248047 1.0768921375274658203 1.0860798358917236328 1.0981765985488891602 1.0503743886947631836 1.0512024164199829102 1.0509833097457885742 1.0841798782348632812 1.0571238994598388672 1.1316776275634765625 1.0512958765029907227 1.0474116802215576172 1.0651434659957885742 1.0884107351303100586 1.06488800048828125 1.1088413000106811523 1.0054346323013305664 1.0814161300659179688 1.0914133787155151367 1.1007134914398193359 1.1136915683746337891 1.180363774299621582 1.1870137453079223633 1.1916707754135131836 1.1951904296875 1.1984317302703857422 1.2016034126281738281 1.2062513828277587891 1.2131609916687011719 1.2156202793121337891 1.2180305719375610352 1.2206245660781860352 1.2334723472595214844 1.2334723472595214844 1.2334723472595214844 1.2334723472595214844 1.2334723472595214844 1.2334723472595214844
1.0456620454788208008 1.0336774587631225586 1.0340268611907958984 1.0609797239303588867 1.0420682430267333984 1.0414195060729980469 1.0914011001586914062 1.0413944721221923828 1.0423742532730102539 1.0425751209259033203 1.0769144296646118164 1.0495488643646240234 1.1244006156921386719 1.0392767190933227539 1.0351450443267822266 1.0546822547912597656 1.0791234970092773438 1.0556885004043579102 1.101723790168762207 1.0610982179641723633 1.0732674598693847656 1.057826995849609375 1.0569837093353271484 1.0699344873428344727 1.1689026355743408203 1.0671017169952392578 1.0792816877365112305 1.0868008136749267578 1.0928452014923095703 1.0980569124221801758 1.1027328968048095703 1.1078863143920898438 1.1131004095077514648 1.1168253421783447266 1.1212873458862304688 1.1665031909942626953 1.1864012479782104492 1.1708815097808837891 1.1663651466369628906 1.1657491922378540039 1.1659809350967407227 1.1661713123321533203
