tests/data/reference/gistest/full/control/crillvout_m3.asc
ncols        125
nrows        78
xllcorner    -713756.799299980048
yllcorner    -1061032.369616159936
cellsize     10.000000000000
NODATA_value  -9999
[rows 20 to 39 of 78, columns 44 to 87 of 125]
45.416385650634765625 41.038616180419921875 23.431394577026367188 27.799755096435546875 45.43599700927734375 14.495577812194824219 1.1706863641738891602 5.7069954872131347656 10.191378593444824219 19.096754074096679688 23.57269287109375 45.46752166748046875 28.101346969604492188 19.26464080810546875 19.242773056030273438 14.763294219970703125 10.251806259155273438 10.175734519958496094 10.073197364807128906 9.9939241409301757812 9.979076385498046875 36.656650543212890625 14.473537445068359375 14.416638374328613281 14.202405929565429688 80.29168701171875 114.9594268798828125 17.461717605590820312 17.237089157104492188 3.6920642852783203125 0 0 689.46990966796875 97.57253265380859375 13.684488296508789062 9.5765523910522460938 5.1639041900634765625 0.49361470341682434082 0.16940043866634368896 -9999 -9999 -9999 -9999 -9999
49.9045257568359375 45.5330810546875 27.95465087890625 32.308780670166015625 49.937625885009765625 19.07576751708984375 5.767791748046875 1.3207328319549560547 10.237269401550292969 14.691964149475097656 23.6474151611328125 28.129137039184570312 49.916881561279296875 32.53751373291015625 23.69409942626953125 23.6565093994140625 19.149961471557617188 14.638718605041503906 14.603116989135742188 14.604731559753417969 14.608148574829101562 14.570155143737792969 41.130828857421875 18.791820526123046875 18.512987136840820312 102.49044036865234375 119.489013671875 22.217769622802734375 22.033143997192382812 8.636089324951171875 4.0956606864929199219 0 4.06572723388671875 694.41986083984375 102.075836181640625 31.388446807861328125 9.4946918487548828125 5.3011565208435058594 5.2271513938903808594 0.31947025656700134277 -9999 -9999 -9999 -9999
54.30156707763671875 49.946918487548828125 32.4120025634765625 36.763813018798828125 54.379428863525390625 23.576885223388671875 10.281352996826171875 5.8277220726013183594 1.3349046707153320312 14.758620262145996094 19.300230026245117188 28.199939727783203125 32.568302154541015625 54.265682220458984375 36.9272613525390625 28.087163925170898438 28.027688980102539062 23.558010101318359375 19.12628173828125 19.134998321533203125 19.098352432250976562 19.02841949462890625 18.938404083251953125 45.314968109130859375 22.886882781982421875 129.099395751953125 123.8508148193359375 26.825101852416992188 26.762323379516601562 13.520363807678222656 9.1396331787109375 4.7274250984191894531 8.9729604721069335938 0 698.76031494140625 106.6756744384765625 49.362583160400390625 9.5272512435913085938 9.6181783676147460938 4.945461273193359375 0.02709353715181350708 -9999 -9999 -9999
58.60550689697265625 54.279506683349609375 36.804775238037109375 41.1673736572265625 58.764949798583984375 28.004419326782226562 14.718149185180664062 10.283905982971191406 1.3814656734466552734 5.9362254142761230469 19.379632949829101562 23.8030242919921875 32.57611846923828125 36.9383087158203125 58.618869781494140625 41.31354522705078125 32.463924407958984375 32.428924560546875 28.006280899047851562 23.546152114868164062 23.50016021728515625 23.453643798828125 23.357044219970703125 23.1429290771484375 49.368335723876953125 160.046722412109375 128.0441131591796875 31.307645797729492188 31.434984207153320312 18.343206405639648438 13.995310783386230469 9.5785417556762695312 13.902170181274414062 0.34479758143424987793 4.6208958625793457031 703 110.66512298583984375 66.32247161865234375 13.084948539733886719 9.1837148666381835938 4.8092565536499023438 0.0024514829274266958237 0 -9999
62.945095062255859375 58.641143798828125 41.22240447998046875 45.599857330322265625 63.18505096435546875 32.473663330078125 19.213041305541992188 1.4000700712203979492 14.882056236267089844 6.0243501663208007812 10.515212059020996094 23.821468353271484375 28.182779312133789062 36.96307373046875 41.3265838623046875 62.925609588623046875 45.624820709228515625 36.830310821533203125 36.84493255615234375 32.409915924072265625 27.95568084716796875 27.891414642333984375 27.739713668823242188 27.518808364868164062 27.259746551513671875 217.731231689453125 132.498382568359375 35.891231536865234375 36.057491302490234375 23.027805328369140625 18.688282012939453125 14.273554801940917969 18.637647628784179688 5.1773438453674316406 9.3636999130249023438 0.032658610492944717407 706.74713134765625 114.594573974609375 70.67779541015625 31.200700759887695312 9.2100276947021484375 4.68675994873046875 4.2140712738037109375 0
67.32593536376953125 63.03546142578125 45.666416168212890625 50.06072998046875 67.63854217529296875 36.983707427978515625 23.765491485595703125 6.0025615692138671875 1.5816576480865478516 19.467683792114257812 10.543043136596679688 14.966345787048339844 28.222698211669921875 32.5576324462890625 41.2862548828125 45.598628997802734375 67.16783905029296875 49.999843597412109375 41.28751373291015625 41.290760040283203125 36.830867767333984375 32.2816009521484375 32.086437225341796875 31.917949676513671875 31.801275253295898438 253.51873779296875 137.1427154541015625 40.551250457763671875 40.6484222412109375 27.622135162353515625 23.275279998779296875 18.862239837646484375 23.227809906005859375 9.8436183929443359375 14.153658866882324219 5.0687451362609863281 711.7237548828125 0.19651414453983306885 119.5913848876953125 111.04270172119140625 13.1107635498046875 9.0958719253540039062 9.28556060791015625 4.6659288406372070312
71.67937469482421875 67.42540740966796875 50.12996673583984375 54.5574798583984375 72.12279510498046875 41.503265380859375 28.30438995361328125 10.56836700439453125 1.6532504558563232422 6.1257829666137695312 23.924646377563476562 14.967211723327636719 19.321445465087890625 32.5123291015625 36.83385467529296875 45.5833282470703125 49.9886322021484375 71.59600067138671875 54.46375274658203125 45.70578765869140625 45.629375457763671875 41.0882415771484375 36.524127960205078125 36.41329193115234375 36.331829071044921875 293.555999755859375 141.5268707275390625 45.010311126708984375 45.083499908447265625 32.0582275390625 27.701387405395507812 23.29988861083984375 27.687587738037109375 14.393834114074707031 18.802785873413085938 9.8783140182495117188 716.3135986328125 5.1626253128051757812 124.35883331298828125 115.678314208984375 17.585550308227539062 13.490255355834960938 13.795836448669433594 9.4013528823852539062
76.0062103271484375 71.8140869140625 54.61542510986328125 59.085025787353515625 76.6277923583984375 46.024105072021484375 32.82465362548828125 15.09970855712890625 6.1821236610412597656 10.629560470581054688 1.6098229885101318359 28.253805160522460938 19.233003616333007812 23.574159622192382812 36.821941375732421875 41.24788665771484375 50.08362579345703125 54.474822998046875 75.9753570556640625 58.8107452392578125 50.008197784423828125 49.93050384521484375 45.455905914306640625 40.94618988037109375 40.78739166259765625 337.830108642578125 145.6966400146484375 49.293796539306640625 49.36774444580078125 36.332958221435546875 31.962488174438476562 27.58480072021484375 32.0212249755859375 18.840131759643554688 23.329174041748046875 14.498217582702636719 720.6700439453125 9.9314737319946289062 129.1898040771484375 120.79225921630859375 22.58251190185546875 17.937971115112304688 17.884019851684570312 13.511052131652832031
80.4758148193359375 76.30684661865234375 59.13874053955078125 63.586658477783203125 81.07997894287109375 50.49733734130859375 37.305416107177734375 19.590282440185546875 10.6617279052734375 15.07503509521484375 6.0399079322814941406 32.620208740234375 23.6235504150390625 1.2444845438003540039 27.997415542602539062 41.293811798095703125 45.744899749755859375 54.528656005859375 58.868358612060546875 80.29522705078125 63.134197235107421875 54.35137176513671875 54.273021697998046875 49.736316680908203125 45.119598388671875 386.511474609375 149.9963531494140625 53.74033355712890625 53.822994232177734375 40.803821563720703125 36.422100067138671875 32.037353515625 36.460880279541015625 23.316440582275390625 27.831068038940429688 19.0520477294921875 724.92681884765625 14.5424041748046875 133.74456787109375 125.4811248779296875 27.300991058349609375 22.501445770263671875 22.23084259033203125 17.741924285888671875
85.05941009521484375 80.87421417236328125 63.6803436279296875 68.06009674072265625 85.487701416015625 54.931537628173828125 41.7506866455078125 24.040248870849609375 15.087499618530273438 19.457426071166992188 10.422113418579101562 36.98389434814453125 28.058177947998046875 1.2843109369277954102 5.7518067359924316406 32.46167755126953125 45.76902008056640625 50.209552764892578125 58.951541900634765625 63.253864288330078125 84.595611572265625 67.42508697509765625 58.561603546142578125 58.3468017578125 53.765193939208984375 49.3352813720703125 544.84881591796875 58.336147308349609375 58.43463134765625 45.45381927490234375 41.06133270263671875 36.64237213134765625 41.00030517578125 27.821241378784179688 32.312496185302734375 23.55123138427734375 729.10150146484375 19.029697418212890625 138.1129150390625 129.9325103759765625 31.883325576782226562 27.188327789306640625 26.894002914428710938 22.208271026611328125
89.82611846923828125 85.7609710693359375 67.8441009521484375 72.26332855224609375 89.71478271484375 59.252597808837890625 46.10390472412109375 28.386472702026367188 19.398649215698242188 23.735036849975585938 14.730738639831542969 41.310535430908203125 32.465885162353515625 5.7752246856689453125 1.2979749441146850586 10.253065109252929688 36.993335723876953125 50.24273681640625 54.574626922607421875 63.222827911376953125 67.4390106201171875 88.67357635498046875 71.4575347900390625 62.611438751220703125 62.5860443115234375 58.314456939697265625 54.09503173828125 611.484375 63.014606475830078125 50.0172119140625 45.590625762939453125 41.1521148681640625 45.48983001708984375 32.31890106201171875 36.7891693115234375 28.015653610229492188 733.2396240234375 23.50893402099609375 142.505401611328125 134.4213409423828125 36.4967803955078125 31.873655319213867188 58.33191680908203125 31.353790283203125
4275.81884765625 4372.19482421875 89.6990509033203125 147.9332427978515625 93.72725677490234375 63.453365325927734375 50.34636688232421875 32.590301513671875 23.544721603393554688 27.861021041870117188 18.942186355590820312 45.59397125244140625 36.840412139892578125 10.234441757202148438 5.814281463623046875 1.3902040719985961914 14.827295303344726562 41.384365081787109375 54.446773529052734375 58.668064117431640625 67.206146240234375 71.37701416015625 92.63294219970703125 75.7002716064453125 67.196441650390625 67.3759002685546875 63.15668487548828125 673.6146240234375 67.5549163818359375 54.50884246826171875 50.035655975341796875 45.588886260986328125 49.940135955810546875 36.810703277587890625 41.25304412841796875 32.44107818603515625 737.33978271484375 27.9737701416015625 146.9069976806640625 138.9268951416015625 41.118396759033203125 98.8317413330078125 36.37813568115234375 5.0062103271484375
104.1434326171875 135.2841033935546875 4514.75048828125 4611.11474609375 4765.44287109375 98.422943115234375 121.44519805908203125 36.353008270263671875 27.339733123779296875 31.73732757568359375 22.982028961181640625 49.710292816162109375 41.03365325927734375 1.1162872314453125 14.633326530456542969 10.258716583251953125 5.8061065673828125 19.1050872802734375 45.563076019287109375 58.613269805908203125 62.838901519775390625 71.46860504150390625 75.820526123046875 97.25267791748046875 80.4534454345703125 71.9190216064453125 72.01195526123046875 744.31146240234375 71.90399169921875 58.85785675048828125 54.40185546875 49.999225616455078125 54.385890960693359375 41.290447235107421875 45.69136810302734375 36.83963775634765625 741.394287109375 32.3461456298828125 151.170654296875 143.26361083984375 147.8747100830078125 41.03382110595703125 9.8975067138671875 5.2443971633911132812
24.320184707641601562 24.438558578491210938 51.410228729248046875 73.88675689697265625 96.492645263671875 4886.603515625 4990.681640625 5117.4755859375 39.789928436279296875 30.73305511474609375 35.633258819580078125 27.0665130615234375 53.796550750732421875 45.18943023681640625 5.4035501480102539062 18.922986984252929688 14.536859512329101562 10.103316307067871094 23.467451095581054688 49.9897308349609375 63.12854766845703125 67.50406646728515625 76.22857666015625 80.58355712890625 101.8973541259765625 84.9843292236328125 76.31813812255859375 76.2411956787109375 823.37176513671875 63.062900543212890625 58.68929290771484375 54.38542938232421875 58.8280029296875 45.75745391845703125 50.10546875 41.209194183349609375 745.39154052734375 36.61830902099609375 155.288055419921875 298.62158203125 45.418331146240234375 14.374048233032226562 9.900066375732421875 0.9158299565315246582
20.074529647827148438 20.1295166015625 15.695070266723632812 15.827694892883300781 15.764229774475097656 15.523756027221679688 33.3413238525390625 50.890316009521484375 5175.16259765625 5222.39599609375 5261.5517578125 40.670166015625 32.1495819091796875 58.16765594482421875 49.627140045166015625 9.9067535400390625 23.39532470703125 19.0522308349609375 14.678493499755859375 28.057817459106445312 54.593860626220703125 67.771148681640625 72.13419342041015625 80.7972259521484375 85.07234954833984375 106.23317718505859375 89.227386474609375 80.4401397705078125 907.7657470703125 67.2187652587890625 62.877849578857421875 58.644603729248046875 63.129634857177734375 50.078670501708984375 54.378269195556640625 45.45314788818359375 749.29681396484375 40.873653411865234375 159.4270477294921875 351.67950439453125 18.8319549560546875 14.382695198059082031 0 0
14.7019500732421875 10.305234909057617188 11.171105384826660156 11.21224212646484375 11.250687599182128906 11.321535110473632812 11.027991294860839844 41.729465484619140625 59.501232147216796875 77.39014434814453125 82.12325286865234375 5351.376953125 45.634490966796875 37.044109344482421875 63.689258575439453125 55.144435882568359375 15.420575141906738281 28.888822555541992188 24.535495758056640625 20.15172576904296875 33.52486419677734375 60.027111053466796875 73.14898681640625 77.456817626953125 86.0303192138671875 90.177764892578125 111.19377899169921875 94.0873260498046875 85.21276092529296875 982.66094970703125 67.69805908203125 63.526988983154296875 68.06177520751953125 54.2159271240234375 58.46096038818359375 49.522724151611328125 753.066650390625 45.092792510986328125 163.5933990478515625 378.232208251953125 18.852632522583007812 0 0 6.5386171340942382812
5.6605544090270996094 5.6985001564025878906 5.77860260009765625 5.85219573974609375 6.7364354133605957031 6.6924633979797363281 37.635894775390625 10.941950798034667969 10.672422409057617188 1.3778529167175292969 6.1288895606994628906 10.731939315795898438 5368.59619140625 5420.85107421875 5464.5595703125 5534.2578125 59.752536773681640625 19.955900192260742188 33.317867279052734375 28.917963027954101562 24.523424148559570312 37.8253326416015625 64.2198028564453125 156.98309326171875 90.11420440673828125 94.25328826904296875 115.284881591796875 98.2567291259765625 89.4560089111328125 1.0739809274673461914 986.99969482421875 139.076995849609375 72.4829254150390625 59.14839935302734375 63.292041778564453125 53.62631988525390625 756.90057373046875 49.39850616455078125 167.8570556640625 404.85394287109375 1.6714084148406982422 0 1.0276474952697753906 11.124548912048339844
1.0353380441665649414 1.0708523988723754883 1.1638795137405395508 1.2347545623779296875 1.2894494533538818359 32.415843963623046875 6.3656678199768066406 6.2752656936645507812 6.2229833602905273438 10.855774879455566406 15.633897781372070312 20.184238433837890625 24.408498764038085938 28.995418548583984375 33.950244903564453125 38.62117767333984375 5578.400390625 5643.54248046875 5668.73974609375 5707.22314453125 5741.26513671875 5770.658203125 5813.05810546875 5881.64111328125 6042.8369140625 6137.48974609375 97.64562225341796875 119.0300750732421875 102.36302947998046875 93.98244476318359375 6.0478205680847167969 1134.13330078125 77.02989959716796875 63.49021148681640625 67.52529144287109375 58.5194549560546875 760.8646240234375 53.832408905029296875 172.2335205078125 412.391265869140625 0 5.6295166015625 1.0803323984146118164 15.706609725952148438
9.8547906875610351562 14.350828170776367188 18.896207809448242188 23.403318405151367188 27.875202178955078125 1.0844007730484008789 0.92049735784530639648 0.91597056388854980469 1.866740107536315918 6.6193947792053222656 11.345519065856933594 15.874663352966308594 2383.01708984375 2479.07421875 2592.536865234375 2693.043212890625 2793.364501953125 2889.351806640625 2959.25146484375 3029.1162109375 3098.962158203125 3168.91357421875 3216.870361328125 3264.707275390625 3312.46142578125 3315.779541015625 9459.015625 9561.771484375 123.1019439697265625 106.64874267578125 98.51569366455078125 1147.550537109375 81.23601531982421875 67.71465301513671875 71.8385009765625 62.969818115234375 765.69500732421875 58.30170440673828125 163.0732421875 431.932891845703125 10.086696624755859375 5.6610121726989746094 1.1127432584762573242 20.23838043212890625
9.75083160400390625 14.209913253784179688 18.730657577514648438 23.263980865478515625 27.786090850830078125 32.190578460693359375 36.468639373779296875 40.887264251708984375 45.475101470947265625 49.99718475341796875 2268.616943359375 2360.232177734375 88.8221893310546875 105.9663238525390625 93.426116943359375 93.5504608154296875 89.2747802734375 63.230785369873046875 63.1824493408203125 63.112178802490234375 63.870632171630859375 41.90645599365234375 41.74820709228515625 41.5559234619140625 41.352294921875 107.7462310791015625 156.61651611328125 160.7889862060546875 9728.05859375 9856.76171875 9969.1494140625 10071.794921875 1235.68505859375 71.80194091796875 76.28209686279296875 67.57579803466796875 770.08270263671875 50.06710052490234375 0 449.103179931640625 23.529458999633789062 5.6788153648376464844 1.1266313791275024414 24.728208541870117188
