tests/data/reference/gistest/full/control/crillvout_m3.asc
ncols        125
nrows        78
xllcorner    -713756.799299980048
yllcorner    -1061032.369616159936
cellsize     10.000000000000
NODATA_value  -9999
[rows 19 to 37 of 78, columns 0 to 42 of 125]
-9999 -9999 -9999 -9999 -9999 -9999 -9999 -9999 -9999 -9999 -9999 -9999 -9999 -9999 -9999 -9999 -9999 0.049736265093088150024 0.60980278253555297852 2.1683602333068847656 3.1348161697387695312 15.402238845825195312 0.54731905460357666016 0.071850597858428955078 0.14128710329532623291 0 12.894993782043457031 14.610887527465820312 13.64774322509765625 0.10721784830093383789 12.563384056091308594 1.7324537038803100586 0.19471476972103118896 3.8513967990875244141 11.107808113098144531 1.2617620229721069336 8.7181806564331054688 12.613177299499511719 5.9356770515441894531 7.2875499725341796875 8.070659637451171875 6.1087818145751953125 3.2832920551300048828
-9999 -9999 -9999 -9999 -9999 -9999 -9999 -9999 -9999 -9999 -9999 -9999 -9999 -9999 -9999 -9999 0.0029680277220904827118 0.56040465831756591797 1.1135029792785644531 2.6381487846374511719 19.365253448486328125 0.94722473621368408203 0 0.60474401712417602539 0 0 15.003589630126953125 14.895142555236816406 13.956383705139160156 0.64352941513061523438 12.983427047729492188 2.2459962368011474609 0.19693046808242797852 4.8824014663696289062 11.463292121887207031 1.7764148712158203125 9.0872926712036132812 13.012737274169921875 6.3629307746887207031 7.6976327896118164062 8.4786672592163085938 6.5305161476135253906 3.7821648120880126953
-9999 -9999 -9999 -9999 -9999 -9999 -9999 -9999 -9999 -9999 -9999 -9999 -9999 -9999 -9999 -9999 0.46814379096031188965 0.99065881967544555664 1.4725745916366577148 22.680501937866210938 1.9261583089828491211 0 0 0 0 4.1798634529113769531 15.123398780822753906 15.169337272644042969 14.327239036560058594 1.1772496700286865234 13.408608436584472656 0.18341788649559020996 2.7509524822235107422 5.9007382392883300781 11.820145606994628906 2.2820343971252441406 9.44008636474609375 13.365796089172363281 6.7563509941101074219 8.0799808502197265625 8.8769769668579101562 6.944843292236328125 4.27385711669921875
-9999 -9999 -9999 -9999 -9999 -9999 -9999 -9999 -9999 -9999 -9999 -9999 -9999 -9999 -9999 -9999 0.8664302825927734375 1.3406194448471069336 1.5964939594268798828 25.432857513427734375 0 0 0 0 0.64803290367126464844 4.7166490554809570312 15.351864814758300781 15.520195960998535156 14.709850311279296875 1.700383305549621582 13.815555572509765625 0.18223676085472106934 0.7238743901252746582 3.2371673583984375 18.593519210815429688 2.776020050048828125 9.7783536911010742188 13.732633590698242188 0.20215024054050445557 15.624032020568847656 9.2790422439575195312 7.3522152900695800781 4.754352569580078125
-9999 -9999 -9999 -9999 -9999 -9999 -9999 -9999 -9999 -9999 -9999 -9999 -9999 -9999 -9999 0 1.0408631563186645508 4.0747404098510742188 26.56566619873046875 0 0 0 0 0 4.2776761054992675781 5.2940521240234375 15.863910675048828125 16.042911529541015625 15.207110404968261719 2.2072842121124267578 14.189243316650390625 0.17905583977699279785 0.7229029536247253418 1.2498106956481933594 3.7099518775939941406 22.0195465087890625 10.092342376708984375 14.115393638610839844 0.21688951551914215088 16.57061004638671875 9.6814479827880859375 7.7515826225280761719 5.2224016189575195312
-9999 -9999 -9999 -9999 -9999 -9999 -9999 -9999 -9999 -9999 -9999 -9999 -9999 -9999 -9999 0 33.408763885498046875 33.112865447998046875 0.40916717052459716797 0 0 0 0 0.15000380575656890869 0.26354306936264038086 4.8252139091491699219 22.1253662109375 16.460557937622070312 15.615297317504882812 2.7709195613861083984 0.22905674576759338379 14.564626693725585938 0.71985107660293579102 1.2438158988952636719 1.7512682676315307617 26.35932159423828125 10.392839431762695312 14.485503196716308594 0.222263336181640625 17.497465133666992188 10.069149971008300781 8.1442956924438476562 5.68566131591796875
-9999 -9999 -9999 -9999 -9999 -9999 -9999 -9999 -9999 -9999 -9999 -9999 -9999 -9999 -9999 35.47896575927734375 0 0 0 0 0 0 1.4902226924896240234 2.6915750503540039062 0.68186545372009277344 0.85305607318878173828 5.3874659538269042969 39.690059661865234375 16.005704879760742188 3.2823624610900878906 0.23983466625213623047 0.78093540668487548828 15.010419845581054688 1.2949914932250976562 1.732814788818359375 2.23035430908203125 37.4730682373046875 0.20280371606349945068 14.86743927001953125 0.75781482458114624023 28.2734375 8.5305395126342773438 6.1444406509399414062
-9999 -9999 -9999 -9999 -9999 -9999 -9999 -9999 -9999 -9999 -9999 -9999 -9999 0 0 2.5423133373260498047 0.22358973324298858643 0 0 0 0 0 3.2873859405517578125 1.9962098598480224609 3.2705016136169433594 1.2068947553634643555 1.3538076877593994141 45.86013031005859375 16.31678009033203125 3.7450542449951171875 0.76510381698608398438 0.22825235128402709961 1.3009384870529174805 15.324008941650390625 1.7777261734008789062 2.2700488567352294922 2.7234849929809570312 37.75518798828125 0.74836134910583496094 15.218949317932128906 1.2797552347183227539 37.51561737060546875 6.5916008949279785156
-9999 -9999 -9999 -9999 -9999 -9999 -9999 -9999 -9999 -9999 -9999 -9999 -9999 -9999 0 0.13693483173847198486 0.14891578257083892822 0 0 0 0 1.8038504123687744141 2.2380592823028564453 6.4990100860595703125 9.5173892974853515625 13.736943244934082031 15.80989837646484375 17.955099105834960938 45.966693878173828125 16.513952255249023438 4.183368682861328125 1.275614619255065918 0.75028651952743530273 1.7829930782318115234 15.571210861206054688 2.2664468288421630859 2.7950122356414794922 3.2968597412109375 38.15116119384765625 1.2725696563720703125 15.571513175964355469 39.49391937255859375 7.0252575874328613281
-9999 -9999 -9999 -9999 -9999 -9999 -9999 -9999 -9999 -9999 -9999 -9999 -9999 -9999 -9999 -9999 0 0 0 0 1.9788955450057983398 2.5610196590423583984 3.1239483356475830078 3.6729583740234375 4.2038145065307617188 4.71855926513671875 5.2227597236633300781 5.6828031539916992188 24.441503524780273438 71.37226104736328125 16.74527740478515625 4.6119265556335449219 1.7453620433807373047 1.2156699895858764648 2.2335920333862304688 15.872666358947753906 2.7962622642517089844 3.2966585159301757812 3.7657797336578369141 38.434551239013671875 1.8406754732131958008 55.893222808837890625 7.4522180557250976562
-9999 -9999 -9999 -9999 -9999 -9999 -9999 -9999 -9999 -9999 -9999 -9999 -9999 -9999 -9999 -9999 -9999 0 0 1.0323274135589599609 1.6248955726623535156 2.1711781024932861328 2.6793134212493896484 3.1941554546356201172 3.715389251708984375 4.2268214225769042969 4.7313146591186523438 5.1900911331176757812 5.5961351394653320312 6.0122828483581542969 78.20413970947265625 95.8593292236328125 101.154937744140625 2.1837427616119384766 1.6840417385101318359 2.7214808464050292969 16.220170974731445312 19.832843780517578125 23.782085418701171875 4.2075057029724121094 38.720165252685546875 2.3556375503540039062 64.17742919921875
-9999 -9999 -9999 -9999 -9999 -9999 -9999 -9999 -9999 -9999 -9999 -9999 -9999 -9999 -9999 -9999 -9999 0 0 1.0647407770156860352 1.5713328123092651367 2.0572450160980224609 49.13820648193359375 49.36562347412109375 49.640605926513671875 49.908721923828125 50.173595428466796875 50.38529205322265625 50.53307342529296875 50.7355194091796875 51.004482269287109375 51.2022857666015625 51.327056884765625 153.6657867431640625 156.40960693359375 158.7081756591796875 162.0816497802734375 162.291259765625 162.4805908203125 186.9346771240234375 191.6969757080078125 231.097015380859375 233.855865478515625
-9999 -9999 -9999 -9999 -9999 -9999 -9999 -9999 -9999 -9999 -9999 -9999 -9999 -9999 -9999 -9999 0 0 1.0459294319152832031 14.614959716796875 20.432682037353515625 46.319744110107421875 3.2749700546264648438 7.5255389213562011719 12.53285980224609375 12.895883560180664062 24.94458770751953125 30.006727218627929688 40.281097412109375 40.584125518798828125 40.9188079833984375 41.209747314453125 41.444751739501953125 41.6364593505859375 41.745758056640625 41.973056793212890625 42.36013031005859375 108.0123138427734375 109.87581634521484375 112.23947906494140625 117.28458404541015625 121.47367095947265625 125.1587371826171875
-9999 -9999 -9999 -9999 -9999 -9999 -9999 -9999 -9999 -9999 -9999 -9999 -9999 -9999 -9999 0 0 8.2997789382934570312 12.611689567565917969 4.5345368385314941406 24.217254638671875 2.8346588611602783203 3.2825930118560791016 4.0554833412170410156 4.83692169189453125 11.135773658752441406 4.2131319046020507812 8.9911489486694335938 7.0403890609741210938 7.381389617919921875 7.8192152976989746094 8.167530059814453125 39.53759002685546875 43.246784210205078125 47.7596282958984375 53.1427764892578125 64.37659454345703125 1.1779936552047729492 1.7420699596405029297 4.4515218734741210938 3.6995916366577148438 3.2768142223358154297 3.2779297828674316406
-9999 -9999 -9999 -9999 -9999 -9999 -9999 -9999 -9999 -9999 -9999 -9999 -9999 -9999 -9999 0 3.1183347702026367188 3.3662011623382568359 4.3373217582702636719 24.1434326171875 2.3595838546752929688 2.7844593524932861328 3.5659394264221191406 4.3891754150390625 5.3837342262268066406 3.7552487850189208984 8.474803924560546875 6.6907739639282226562 7.4240522384643554688 19.309406280517578125 26.611711502075195312 30.716314315795898438 3.0492444038391113281 3.8890922069549560547 4.69707489013671875 10.417821884155273438 0.65379929542541503906 1.1831091642379760742 3.9170401096343994141 3.1320917606353759766 2.7079143524169921875 2.7291591167449951172 4.1828088760375976562
-9999 -9999 -9999 -9999 -9999 -9999 -9999 -9999 -9999 -9999 -9999 -9999 -9999 -9999 0 1.6063269376754760742 2.9363284111022949219 4.0204024314880371094 24.075239181518554688 1.9553017616271972656 2.3778076171875 3.1508798599243164062 3.8998970985412597656 4.9751434326171875 3.3106935024261474609 8.1917390823364257812 6.3534307479858398438 7.0835299491882324219 11.171904563903808594 6.6639256477355957031 3.5017268657684326172 2.6221013069152832031 3.4978997707366943359 4.3395910263061523438 10.064403533935546875 0.15384072065353393555 0.69308072328567504883 3.4880750179290771484 2.6602704524993896484 2.2112131118774414062 2.2274897098541259766 3.6369607448577880859 2.2687096595764160156
-9999 -9999 -9999 -9999 -9999 -9999 -9999 -9999 -9999 -9999 -9999 -9999 -9999 0 0 2.5042898654937744141 3.6475608348846435547 23.883905410766601562 1.4958028793334960938 1.9511048793792724609 2.7628674507141113281 3.5203270912170410156 4.5922665596008300781 2.8429415225982666016 7.8298487663269042969 5.9912056922912597656 6.743541717529296875 10.632586479187011719 6.2885890007019042969 3.0494267940521240234 2.1550989151000976562 3.0739655494689941406 3.9428582191467285156 8.0801534652709960938 1.2114565372467041016 0.16227509081363677979 3.0327754020690917969 2.1771728992462158203 1.7134149074554443359 1.7265638113021850586 3.1686351299285888672 1.7630696296691894531 1.7774540185928344727
-9999 -9999 -9999 -9999 -9999 -9999 -9999 -9999 -9999 -9999 -9999 -9999 -9999 0 2.0097141265869140625 3.2731266021728515625 23.726289749145507812 1.0030961036682128906 1.4875190258026123047 2.3457291126251220703 3.1435329914093017578 4.2552499771118164062 2.4082729816436767578 7.5393786430358886719 5.6202225685119628906 6.3952260017395019531 10.169754981994628906 5.864898681640625 2.56023406982421875 1.649010777473449707 2.5949940681457519531 3.4940159320831298828 7.0863504409790039062 0.17073504626750946045 0.69280344247817993164 2.5632433891296386719 1.6688451766967773438 1.1891715526580810547 1.1943781375885009766 2.6689701080322265625 1.227034449577331543 1.2475734949111938477 1.2662909030914306641
-9999 -9999 -9999 -9999 -9999 -9999 -9999 -9999 -9999 -9999 -9999 -9999 0 0 2.7827646732330322266 23.506500244140625 0.49905973672866821289 0.9969081878662109375 1.8987436294555664062 2.7351160049438476562 3.8941359519958496094 1.9797017574310302734 7.3116893768310546875 5.2958016395568847656 6.0795984268188476562 9.7955160140991210938 5.4647450447082519531 2.0474426746368408203 1.1132049560546875 2.0869007110595703125 2.9976801872253417969 2.0800559520721435547 4.0884876251220703125 0.13126699626445770264 2.0809214115142822266 1.1512360572814941406 0.64428478479385375977 0.64247244596481323242 2.1424074172973632812 0.65469270944595336914 0.66983443498611450195 0.69784224033355712891 0.73785215616226196289
