tests/data/reference/gistest/full/control/crillvout_m3.asc
ncols        125
nrows        78
xllcorner    -713756.799299980048
yllcorner    -1061032.369616159936
cellsize     10.000000000000
NODATA_value  -9999
[rows 40 to 59 of 78, columns 44 to 87 of 125]
14.05816650390625 18.430730819702148438 22.890951156616210938 27.447404861450195312 32.062183380126953125 36.5517730712890625 40.9288787841796875 45.2969207763671875 49.683841705322265625 2210.859130859375 84.38832855224609375 84.5331268310546875 101.70586395263671875 89.1072998046875 89.33345794677734375 85.15044403076171875 59.12163543701171875 59.132293701171875 59.11429595947265625 59.07361602783203125 37.1390838623046875 37.065395355224609375 36.974422454833984375 36.859832763671875 59.44195556640625 41.805850982666015625 604.8599853515625 696.8714599609375 740.88641357421875 780.922119140625 770.6336669921875 789.1082763671875 10861.265625 1314.502685546875 80.0325164794921875 71.9055023193359375 1.1470994949340820312 618.3814697265625 186.825714111328125 453.226409912109375 36.928558349609375 1.2483278512954711914 5.6647744178771972656 29.213954925537109375
31.542879104614257812 35.877635955810546875 40.349544525146484375 44.87183380126953125 49.42176055908203125 53.894317626953125 58.31307220458984375 2070.660888671875 2153.546142578125 79.82231903076171875 80.0066986083984375 97.233062744140625 84.5087890625 84.66388702392578125 80.56351470947265625 54.58864593505859375 54.655303955078125 54.714923858642578125 54.751483917236328125 32.82750701904296875 32.803318023681640625 32.7886962890625 32.7739105224609375 54.647510528564453125 37.0843658447265625 600.4561767578125 84.8956451416015625 37.604705810546875 32.832820892333984375 32.625339508056640625 82.00312042236328125 103.6233978271484375 151.985504150390625 11017.0654296875 1318.239501953125 85.02205657958984375 61.64231109619140625 834.75714111328125 190.918304443359375 458.077667236328125 45.784221649169921875 1.3040430545806884766 10.244811058044433594 33.713649749755859375
411.479461669921875 415.610198974609375 419.907958984375 424.09576416015625 428.180938720703125 432.271331787109375 2004.593017578125 75.28688812255859375 75.31661224365234375 75.45403289794921875 92.7521514892578125 80.025543212890625 80.0776214599609375 75.8503570556640625 49.867321014404296875 49.989231109619140625 50.06525421142578125 50.170825958251953125 28.312870025634765625 28.35478973388671875 28.363140106201171875 28.384469985961914062 50.3665313720703125 32.8307952880859375 596.4813232421875 80.8556671142578125 32.83155059814453125 28.336938858032226562 28.156414031982421875 42.05016326904296875 28.79228973388671875 28.789205551147460938 28.207124710083007812 41.357616424560546875 11056.5751953125 12374.2275390625 12195.576171875 933.36260986328125 194.6578521728515625 462.0777587890625 50.754062652587890625 5.6250963211059570312 14.633974075317382812 38.13053131103515625
83.5529632568359375 87.96511077880859375 92.455535888671875 96.7645111083984375 100.9083709716796875 1564.0081787109375 70.58496856689453125 70.78899383544921875 70.92572784423828125 88.17659759521484375 75.436248779296875 75.5328521728515625 71.237091064453125 45.08440399169921875 45.191791534423828125 45.272739410400390625 45.321918487548828125 23.448162078857421875 23.632518768310546875 23.752597808837890625 23.811176300048828125 45.86168670654296875 28.345203399658203125 592.27197265625 76.52996063232421875 28.477128982543945312 24.108249664306640625 24.107980728149414062 37.305511474609375 23.993961334228515625 24.756311416625976562 24.581287384033203125 24.41167449951171875 24.148479461669921875 37.799457550048828125 62.763179779052734375 64.18389129638671875 12543.8515625 936.65228271484375 664.787353515625 54.7860260009765625 9.6413125991821289062 18.757741928100585938 42.42356109619140625
1104.4012451171875 1108.5128173828125 1112.5694580078125 1384.78515625 1454.7098388671875 65.9329833984375 66.000244140625 66.2406768798828125 83.6455078125 70.85674285888671875 70.9362335205078125 66.6997833251953125 40.51993560791015625 40.538097381591796875 40.585636138916015625 40.62249755859375 18.574884414672851562 18.675413131713867188 18.883182525634765625 19.053495407104492188 41.202571868896484375 23.673246383666992188 587.86248779296875 72.02172088623046875 23.88370513916015625 19.537195205688476562 19.632566452026367188 32.950336456298828125 19.679918289184570312 19.683309555053710938 19.670370101928710938 20.353336334228515625 20.057193756103515625 20.07257843017578125 8.9726314544677734375 0 60.046478271484375 48.18125152587890625 12607.900390625 14233.4658203125 58.5814971923828125 14.517413139343261719 23.072916030883789062 46.772491455078125
132.3853759765625 198.3576812744140625 264.259307861328125 61.98799896240234375 61.8786468505859375 61.702388763427734375 61.51142120361328125 78.7827301025390625 66.1187591552734375 66.2588653564453125 61.992095947265625 35.873455047607421875 36.029666900634765625 36.072444915771484375 36.0784149169921875 13.996714591979980469 13.968316078186035156 13.974303245544433594 14.086679458618164062 36.336681365966796875 18.840452194213867188 583.2738037109375 67.31109619140625 19.109615325927734375 14.732854843139648438 14.854978561401367188 28.306615829467773438 15.077520370483398438 15.099797248840332031 15.153659820556640625 15.218941688537597656 15.141061782836914062 15.697340011596679688 15.546179771423339844 40.515094757080078125 0 15.929162979125976562 20.329973220825195312 24.801012039184570312 11.714420318603515625 14264.517578125 19.189950942993164062 28.506650924682617188 51.240154266357421875
58.0288238525390625 58.026668548583984375 57.9470367431640625 57.880672454833984375 57.796894073486328125 57.6161956787109375 74.5797576904296875 61.502689361572265625 61.620197296142578125 57.31362152099609375 30.945219039916992188 31.1240997314453125 31.4100494384765625 31.506769180297851562 9.3425741195678710938 9.3680257797241210938 9.400417327880859375 9.3862962722778320312 31.5143280029296875 13.947031021118164062 578.68707275390625 62.600078582763671875 14.274546623229980469 9.8767442703247070312 9.92138671875 23.41306304931640625 10.325778007507324219 10.442959785461425781 10.473212242126464844 10.563690185546875 10.694382667541503906 10.686761856079101562 10.500485420227050781 45.8184356689453125 0 0 2.0229182243347167969 6.5199298858642578125 11.121320724487304688 15.485823631286621094 51.878265380859375 14282.1416015625 32.7247161865234375 56.160289764404296875
53.87058258056640625 53.87615203857421875 53.793792724609375 53.690311431884765625 53.604114532470703125 70.784393310546875 57.62943267822265625 57.4228363037109375 52.979633331298828125 26.45191192626953125 26.16410064697265625 26.249353408813476562 26.661111831665039062 4.6334242820739746094 4.6037683486938476562 4.6541285514831542969 4.7793903350830078125 27.014360427856445312 9.2650804519653320312 574.12640380859375 57.985157012939453125 9.5823221206665039062 5.0884146690368652344 5.0672793388366699219 18.407184600830078125 5.2334728240966796875 5.5708594322204589844 5.7425618171691894531 5.7869763374328613281 5.9101405143737792969 6.0944390296936035156 6.1718597412109375 41.615081787109375 1.5446060895919799805 0 0.85807663202285766602 14.725344657897949219 19.25957489013671875 23.939157485961914062 28.469778060913085938 32.85550689697265625 92.145050048828125 14392.5439453125 59.583179473876953125
49.600830078125 49.629596710205078125 49.575832366943359375 49.47151947021484375 66.6778564453125 53.62184906005859375 53.52942657470703125 48.98279571533203125 22.372467041015625 22.109416961669921875 21.689342498779296875 21.631464004516601562 0 0.0027938752900809049606 0 0.0058292448520660400391 22.305959701538085938 4.6443939208984375 569.6988525390625 53.35234832763671875 4.9735531806945800781 0.55642747879028320312 0.47392007708549499512 13.795390129089355469 0.38299459218978881836 0.53449523448944091797 0.84929674863815307617 1.0100477933883666992 1.048464655876159668 1.1772783994674682617 1.3813238143920898438 37.121349334716796875 6.1557736396789550781 10.614762306213378906 4.0568866729736328125 271.004547119140625 336.953857421875 341.447418212890625 346.090728759765625 350.558197021484375 354.854888916015625 358.73858642578125 0 14443.623046875
45.201435089111328125 45.26319122314453125 45.270366668701171875 62.56548309326171875 49.437343597412109375 49.3680572509765625 44.965961456298828125 18.365985870361328125 18.142969131469726562 17.875690460205078125 17.491367340087890625 0 4.1592006683349609375 8.718761444091796875 13.1496429443359375 17.58173370361328125 0 565.1663818359375 48.7529449462890625 0.26303830742835998535 0.44780957698822021484 4.9667301177978515625 9.3521575927734375 0.38740578293800354004 4.8476715087890625 9.4280118942260742188 14.115552902221679688 18.673458099365234375 23.120241165161132812 27.635044097900390625 32.21553802490234375 1.3186478614807128906 1.59583282470703125 72.46997833251953125 250.1454620361328125 47.194698333740234375 11.638521194458007812 16.967037200927734375 21.743272781372070312 26.383800506591796875 30.877706527709960938 35.10471343994140625 362.647613525390625 14467.34765625
40.705547332763671875 40.800228118896484375 58.260517120361328125 45.2211761474609375 45.138957977294921875 40.697418212890625 14.186998367309570312 14.090983390808105469 13.868230819702148438 13.6434173583984375 199.29095458984375 203.4021453857421875 207.6568603515625 211.956573486328125 216.2548675537109375 220.4999542236328125 560.63885498046875 44.07289886474609375 0.066980816423892974854 4.690898895263671875 9.2879962921142578125 13.794919967651367188 18.202398300170898438 22.64766693115234375 27.131044387817382812 31.686605453491210938 36.30435943603515625 40.805389404296875 45.208995819091796875 49.61399078369140625 54.02126312255859375 58.604022979736328125 63.307155609130859375 181.4239349365234375 0 7.2088518142700195312 1.6113816499710083008 6.9462866783142089844 11.6531524658203125 16.289995193481445312 20.847181320190429688 25.192575454711914062 67.022125244140625 366.758270263671875
36.12018585205078125 53.6714630126953125 40.738033294677734375 40.807468414306640625 36.39397430419921875 9.7851362228393554688 9.7926187515258789062 9.7250661849975585938 9.5392980575561523438 195.4136505126953125 40.23168182373046875 84.39398193359375 93.01232147216796875 141.6630859375 239.05731201171875 331.30523681640625 39.623119354248046875 35.312793731689453125 40.006977081298828125 44.517955780029296875 48.900234222412109375 53.297595977783203125 57.687374114990234375 62.1118927001953125 66.57143402099609375 146.041259765625 150.6063232421875 155.0428466796875 159.386627197265625 163.6236724853515625 167.7295379638671875 172.090911865234375 176.697174072265625 36.920223236083984375 0 1.5516153573989868164 6.1648955345153808594 10.730878829956054688 16.07984161376953125 20.708768844604492188 25.264713287353515625 29.656551361083984375 33.755771636962890625 71.05615234375
49.03513336181640625 36.051120758056640625 36.203067779541015625 31.913667678833007812 5.3442826271057128906 5.3357033729553222656 5.3120770454406738281 5.2510600090026855469 191.268951416015625 36.063243865966796875 36.031597137451171875 0.35837638378143310547 39.90779876708984375 88.4153289794921875 83.44927215576171875 35.453311920166015625 30.949398040771484375 39.8970184326171875 44.612720489501953125 49.0579376220703125 53.269073486328125 57.5699615478515625 61.960575103759765625 66.388214111328125 70.84746551513671875 0.62631213665008544922 5.4064412117004394531 10.052193641662597656 14.604737281799316406 18.92749786376953125 22.937183380126953125 27.291967391967773438 32.04488372802734375 1.1551153659820556641 0 11.685945510864257812 16.36279296875 20.98720550537109375 25.572683334350585938 30.856565475463867188 35.372425079345703125 39.793376922607421875 44.079502105712890625 37.994007110595703125
31.500003814697265625 31.548553466796875 27.255001068115234375 0.69010031223297119141 0.79305273294448852539 0.80839008092880249023 0.74617606401443481445 186.96710205078125 31.707746505737304688 31.69319915771484375 31.745006561279296875 35.98297119140625 84.2254638671875 79.03575897216796875 31.067556381225585938 26.68685150146484375 35.50684356689453125 48.88106536865234375 89.13404083251953125 93.5507354736328125 97.68482208251953125 101.8636016845703125 106.1248016357421875 110.4861602783203125 114.92876434326171875 119.52341461181640625 124.20503997802734375 128.76116943359375 133.23284912109375 137.4035186767578125 141.164031982421875 259.3079833984375 268.430694580078125 272.997222900390625 82.5320281982421875 283.385284423828125 287.853851318359375 292.292755126953125 296.709808349609375 300.97479248046875 305.9708251953125 310.299957275390625 314.630889892578125 48.5234222412109375
27.13509368896484375 22.75183868408203125 22.8470611572265625 27.35678863525390625 31.85778045654296875 125.1739959716796875 182.5826873779296875 27.302476882934570312 27.296001434326171875 27.331796646118164062 45.032562255859375 80.406524658203125 74.96417999267578125 26.591827392578125 22.261821746826171875 31.177331924438476562 44.4114990234375 31.376737594604492188 58.101104736328125 62.559162139892578125 66.7742156982421875 70.9265289306640625 75.03208160400390625 79.3265838623046875 83.80347442626953125 88.377349853515625 93.01459503173828125 97.5673675537109375 102.05916595458984375 106.22939300537109375 109.93558502197265625 0.40514382719993591309 0.92928451299667358398 5.738529205322265625 0 16.268880844116210938 20.932872772216796875 25.557559967041015625 30.152568817138671875 34.598278045654296875 38.8917999267578125 44.0500946044921875 48.630054473876953125 369.73858642578125
18.330995559692382812 18.383014678955078125 31.758249282836914062 58.51995849609375 85.2441864013671875 49.41773223876953125 22.903659820556640625 22.902263641357421875 22.958715438842773438 40.635509490966796875 27.49578857421875 71.1842193603515625 22.515377044677734375 17.862911224365234375 26.801479339599609375 40.101078033447265625 26.891881942749023438 53.455501556396484375 0.6642513275146484375 67.470916748046875 103.00910186767578125 107.2431640625 173.59356689453125 278.88116455078125 283.33892822265625 287.81610107421875 292.317840576171875 296.78607177734375 301.22186279296875 305.36529541015625 309.074188232421875 313.349700927734375 318.21466064453125 322.817779541015625 316.60125732421875 331.24365234375 335.5882568359375 339.90777587890625 344.20196533203125 348.41033935546875 352.533935546875 356.710205078125 361.837371826171875 366.06768798828125
13.896467208862304688 27.258806228637695312 18.543363571166992188 18.609910964965820312 45.085399627685546875 18.58922576904296875 18.501573562622070312 18.548746109008789062 36.344738006591796875 23.122274398803710938 67.00890350341796875 18.571420669555664062 13.808096885681152344 22.505662918090820312 35.783214569091796875 22.573808670043945312 49.1349639892578125 27.184774398803710938 58.433689117431640625 27.457376480102539062 27.568500518798828125 58.6255950927734375 97.1176300048828125 31.545000076293945312 67.270050048828125 71.81183624267578125 76.33785247802734375 80.858978271484375 85.36923980712890625 89.677032470703125 93.72674560546875 98.153900146484375 102.9247894287109375 96.5238189697265625 101.5892333984375 115.67884063720703125 120.05157470703125 124.3905792236328125 128.696197509765625 133.002410888671875 137.314605712890625 141.6306304931640625 145.9487762451171875 150.942047119140625
22.74221038818359375 13.962805747985839844 14.121187210083007812 40.727451324462890625 14.246737480163574219 14.213535308837890625 14.131692886352539062 31.93085479736328125 18.859394073486328125 62.8152313232421875 14.253006935119628906 9.71646881103515625 18.482334136962890625 31.613187789916992188 18.256517410278320312 44.810314178466796875 22.861280441284179688 22.932586669921875 22.94281768798828125 23.03382110595703125 23.177713394165039062 93.182708740234375 27.375865936279296875 27.32970428466796875 84.38454437255859375 119.991241455078125 155.5740814208984375 248.0998687744140625 252.5067901611328125 256.807037353515625 260.98333740234375 265.3189697265625 269.82244873046875 263.444793701171875 268.336334228515625 282.234954833984375 286.47979736328125 290.70147705078125 294.90142822265625 299.193359375 303.55438232421875 307.8441162109375 312.077850341796875 317.093475341796875
9.3393125534057617188 9.4022235870361328125 36.110576629638671875 9.6538915634155273438 9.7167758941650390625 9.699970245361328125 27.349985122680664062 14.191189765930175781 58.553752899169921875 10.028570175170898438 5.2286701202392578125 14.062771797180175781 27.400335311889648438 13.998935699462890625 40.4712066650390625 18.371248245239257812 18.50232696533203125 18.570423126220703125 18.56655120849609375 18.614398956298828125 88.86702728271484375 23.182098388671875 23.073324203491210938 80.04221343994140625 27.574693679809570312 27.697458267211914062 84.762359619140625 32.32810211181640625 67.9970703125 72.44843292236328125 76.84664154052734375 81.2851409912109375 85.7764739990234375 79.61602783203125 84.4473114013671875 98.363128662109375 102.66030120849609375 106.96106719970703125 111.26338958740234375 335.459136962890625 339.97613525390625 344.3814697265625 393.454559326171875 411.20172119140625
4.7847857475280761719 31.407047271728515625 4.8611097335815429688 4.9192438125610351562 4.9729681015014648438 22.772022247314453125 9.3813915252685546875 53.7079010009765625 5.5600132942199707031 1.0589246749877929688 9.4804830551147460938 22.67310333251953125 9.5093946456909179688 36.14447784423828125 13.917632102966308594 13.921887397766113281 14.014171600341796875 14.108372688293457031 14.155614852905273438 84.4352874755859375 18.676660537719726562 18.725671768188476562 75.7995147705078125 23.12703704833984375 23.18792724609375 80.33211517333984375 27.839624404907226562 27.969121932983398438 28.087734222412109375 54.909824371337890625 63.854824066162109375 72.830474853515625 95.23128509521484375 89.367950439453125 103.7548828125 108.12415313720703125 129.8394317626953125 162.2783050537109375 216.9481048583984375 15.180907249450683594 28.789403915405273438 42.308563232421875 11.031094551086425781 11.084722518920898438
