tests/data/reference/gistest/full/control/crillvout_m3.asc
ncols        125
nrows        78
xllcorner    -713756.799299980048
yllcorner    -1061032.369616159936
cellsize     10.000000000000
NODATA_value  -9999
[rows 40 to 59 of 78, columns 44 to 87 of 125]
13.97821044921875 18.326082229614257812 22.760850906372070312 27.290979385375976562 31.8787689208984375 36.342502593994140625 40.694454193115234375 45.037578582763671875 49.39937591552734375 2198.110595703125 83.90001678466796875 84.044464111328125 101.11562347412109375 88.59178924560546875 88.81661224365234375 84.65869903564453125 58.781703948974609375 58.792339324951171875 58.77437591552734375 58.73377227783203125 36.92600250244140625 36.852542877197265625 36.762119293212890625 36.648632049560546875 59.090915679931640625 41.557308197021484375 601.37823486328125 692.84429931640625 736.57958984375 776.35565185546875 0 0.84651100635528564453 10011.1435546875 1306.662841796875 79.5115203857421875 71.44512176513671875 1.1381793022155761719 614.93621826171875 185.7606048583984375 450.687469482421875 36.717273712158203125 1.2416050434112548828 5.6323542594909667969 29.080545425415039062
31.362745285034179688 35.672191619873046875 40.1184844970703125 44.614940643310546875 49.13819122314453125 53.58458709716796875 57.977626800537109375 2058.718505859375 2141.125732421875 79.361053466796875 79.54390716552734375 96.66860198974609375 84.02027130126953125 84.17514801025390625 80.0986328125 54.274505615234375 54.3409576416015625 54.4003753662109375 54.4367828369140625 32.639453887939453125 32.61534881591796875 32.600788116455078125 32.586086273193359375 54.333057403564453125 36.871471405029296875 597.00726318359375 84.4054412841796875 37.380153656005859375 32.636463165283203125 32.430484771728515625 81.49542236328125 0 0 10010.419921875 1310.364501953125 84.4547882080078125 61.2647247314453125 829.96478271484375 189.8207244873046875 455.503082275390625 45.522327423095703125 1.2971185445785522461 10.186613082885742188 33.554901123046875
409.10479736328125 413.21136474609375 417.483978271484375 421.64739990234375 425.708404541015625 429.7745361328125 1993.0296630859375 74.85262298583984375 74.8822174072265625 75.0185699462890625 92.21390533447265625 79.562744140625 79.6149444580078125 75.4128570556640625 49.58126068115234375 49.702484130859375 49.777740478515625 49.8822784423828125 28.150402069091796875 28.192224502563476562 28.200582504272460938 28.221883773803710938 50.07709503173828125 32.642749786376953125 593.05584716796875 80.3894195556640625 32.64361572265625 28.17462921142578125 27.99488067626953125 41.79991912841796875 28.618377685546875 28.60254669189453125 28.025188446044921875 0 0 1296.5911865234375 1119.794189453125 927.92449951171875 193.5268096923828125 459.468841552734375 50.455913543701171875 5.5928740501403808594 14.550826072692871094 37.946514129638671875
83.06999969482421875 87.45623016357421875 91.92020416259765625 96.2039642333984375 100.3236846923828125 1554.9888916015625 70.17761993408203125 70.380401611328125 70.5169219970703125 87.66605377197265625 75.00104522705078125 75.0972442626953125 70.8267974853515625 44.825778961181640625 44.932178497314453125 45.012660980224609375 45.0616455078125 23.314123153686523438 23.497402191162109375 23.616376876831054688 23.674406051635742188 45.597930908203125 28.182687759399414062 588.870849609375 76.08893585205078125 28.314302444458007812 23.970691680908203125 23.97046661376953125 37.09204864501953125 23.85677337646484375 24.604768753051757812 24.431196212768554688 24.249704360961914062 23.98874664306640625 37.54616546630859375 0 0 1393.767578125 931.18927001953125 660.97515869140625 54.45433807373046875 9.5864057540893554688 18.6502685546875 42.214626312255859375
1098.0391845703125 1102.126220703125 1106.1590576171875 1376.8013916015625 1446.3233642578125 65.553192138671875 65.620147705078125 65.85890960693359375 83.16082763671875 70.448089599609375 70.527679443359375 66.31649017333984375 40.28826904296875 40.306232452392578125 40.353271484375 40.389720916748046875 18.468770980834960938 18.5684356689453125 18.774913787841796875 18.9447174072265625 40.9664154052734375 23.537738800048828125 584.4866943359375 71.60645294189453125 23.746698379516601562 19.425291061401367188 19.520374298095703125 32.762050628662109375 19.5677337646484375 19.5711517333984375 19.5582427978515625 20.226758956909179688 19.933115005493164062 19.93483734130859375 8.917179107666015625 0 59.709903717041015625 0 0 1600.573974609375 58.215076446533203125 14.427343368530273438 22.941278457641601562 46.53839874267578125
131.6195526123046875 197.2111663818359375 262.732330322265625 61.63057708740234375 61.52178192138671875 61.34705352783203125 61.157634735107421875 78.32720947265625 65.73796844482421875 65.87741851806640625 61.63568878173828125 35.66794586181640625 35.823699951171875 35.866504669189453125 35.872325897216796875 13.917245864868164062 13.889059066772460938 13.894998550415039062 14.006490707397460938 36.1282196044921875 18.7323150634765625 579.92486572265625 66.92395782470703125 19.000728607177734375 14.648836135864257812 14.769852638244628906 28.144245147705078125 14.991062164306640625 15.013322830200195312 15.067041397094726562 15.132159233093261719 15.054558753967285156 15.598003387451171875 15.448042869567871094 40.28276824951171875 0 15.845456123352050781 20.209995269775390625 24.642230987548828125 0 0 19.061017990112304688 28.335704803466796875 50.98050689697265625
57.693378448486328125 57.69159698486328125 57.613086700439453125 57.547672271728515625 57.464649200439453125 57.28436279296875 74.14864349365234375 61.148956298828125 61.26616668701171875 56.984893798828125 30.768533706665039062 30.946660995483398438 31.230417251586914062 31.326383590698242188 9.2890977859497070312 9.3144884109497070312 9.346820831298828125 9.33280181884765625 31.334066390991210938 13.867959022521972656 575.364990234375 62.240047454833984375 14.192667007446289062 9.8198938369750976562 9.8641443252563476562 23.279150009155273438 10.266843795776367188 10.382923126220703125 10.412884712219238281 10.502874374389648438 10.633167266845703125 10.625628471374511719 10.43999481201171875 45.55587005615234375 0 0 2.0056061744689941406 6.4608020782470703125 11.019804954528808594 15.3439788818359375 19.454591751098632812 0 32.517261505126953125 55.864398956298828125
53.559513092041015625 53.565273284912109375 53.48363494873046875 53.381244659423828125 53.29595184326171875 70.37579345703125 57.297580718994140625 57.092739105224609375 52.6758880615234375 26.301082611083984375 26.014760971069335938 26.099523544311523438 26.509145736694335938 4.6071457862854003906 4.5776410102844238281 4.6278553009033203125 4.7525916099548339844 26.859607696533203125 9.21208953857421875 570.83050537109375 57.652690887451171875 9.5280389785766601562 5.0595402717590332031 5.0384192466735839844 18.302654266357421875 5.2041182518005371094 5.5386309623718261719 5.7097868919372558594 5.7541179656982421875 5.8764929771423339844 6.0591402053833007812 6.1362371444702148438 41.376628875732421875 1.5363019704818725586 0 0.85494971275329589844 14.629514694213867188 19.12155914306640625 23.757368087768554688 28.246057510375976562 32.590686798095703125 59.40772247314453125 0 59.258251190185546875
49.314945220947265625 49.34381103515625 49.290309906005859375 49.1865234375 66.2925567626953125 53.31357574462890625 53.2223358154296875 48.7017822265625 22.244741439819335938 21.983791351318359375 21.565664291381835938 21.508340835571289062 0 0.0027844356372952461243 0 0.0058144731447100639343 22.178863525390625 4.6180977821350097656 566.42864990234375 53.04605865478515625 4.9452123641967773438 0.55388849973678588867 0.47186824679374694824 13.716784477233886719 0.38144695758819580078 0.5320682525634765625 0.8449230194091796875 1.0047082901000976562 1.0429401397705078125 1.1709589958190917969 1.3738090991973876953 36.90860748291015625 6.1201953887939453125 10.55390167236328125 4.0349640846252441406 269.4395751953125 335.02362060546875 339.47857666015625 344.08111572265625 348.508056640625 352.76605224609375 356.6138916015625 0 0
44.941104888916015625 45.002750396728515625 45.0099639892578125 62.20386505126953125 49.152690887451171875 49.084468841552734375 44.708324432373046875 18.261659622192382812 18.03943634033203125 17.77387237548828125 17.39163970947265625 0 4.1356587409973144531 8.6689233779907226562 13.074471473693847656 17.4812164306640625 0 561.9224853515625 48.473796844482421875 0.2621981203556060791 0.44586712121963500977 4.93842315673828125 9.2988834381103515625 0.38582915067672729492 4.8202791213989257812 9.3744754791259765625 14.035195350646972656 18.566650390625 22.987945556640625 27.47667694091796875 32.03121185302734375 1.3116163015365600586 1.5871368646621704102 72.0544281005859375 248.7007904052734375 46.949413299560546875 11.599230766296386719 16.886732101440429688 21.62284088134765625 26.222957611083984375 30.6779632568359375 34.867340087890625 360.48651123046875 0
40.471446990966796875 40.56537628173828125 57.9240264892578125 44.96089935302734375 44.879364013671875 40.464019775390625 14.105811119079589844 14.01065826416015625 13.78971099853515625 13.565344810485839844 198.14947509765625 202.2368011474609375 206.4664154052734375 210.74102783203125 215.0143280029296875 219.234649658203125 557.4217529296875 43.820384979248046875 0.066920705139636993408 4.6645741462707519531 9.234836578369140625 13.716248512268066406 18.098491668701171875 22.518360137939453125 26.976243972778320312 31.506038665771484375 36.0967254638671875 40.57151031494140625 44.949718475341796875 49.32932281494140625 53.711147308349609375 58.2675628662109375 62.943820953369140625 180.3760986328125 0 7.1920499801635742188 1.6025488376617431641 6.8969111442565917969 11.56218719482421875 16.156518936157226562 20.671564102172851562 24.976993560791015625 66.50693511962890625 364.559051513671875
35.913238525390625 53.362049102783203125 40.503711700439453125 40.57283782958984375 36.18514251708984375 9.7289896011352539062 9.7364244461059570312 9.6694822311401367188 9.4853105545043945312 194.294830322265625 40.0012054443359375 83.9100494384765625 92.47980499267578125 140.8518524169921875 237.6875762939453125 329.403656005859375 39.39621734619140625 35.11083221435546875 39.77799224853515625 44.262603759765625 48.619464874267578125 52.991302490234375 57.3555755615234375 61.754474639892578125 66.18846893310546875 145.2002410888671875 149.7382965087890625 154.1491851806640625 158.46771240234375 162.6798095703125 166.76214599609375 171.09796142578125 175.67718505859375 36.709812164306640625 0 1.5432674884796142578 6.1293568611145019531 10.669690132141113281 15.977359771728515625 20.565874099731445312 25.080194473266601562 29.430948257446289062 33.493083953857421875 70.5037384033203125
48.753269195556640625 35.844715118408203125 35.995708465576171875 31.730947494506835938 5.3139905929565429688 5.3054656982421875 5.2820463180541992188 5.2215399742126464844 190.1739959716796875 35.857357025146484375 35.825939178466796875 0.35699701309204101562 39.679477691650390625 87.90886688232421875 82.96856689453125 35.2511444091796875 30.772779464721679688 39.6689453125 44.3568115234375 48.776458740234375 52.963100433349609375 57.239227294921875 61.604339599609375 66.0061187744140625 70.4393768310546875 0.62332653999328613281 5.3756461143493652344 9.9946432113647460938 14.521554946899414062 18.819398880004882812 22.806598663330078125 27.136920928955078125 31.861890792846679688 1.1489669084548950195 0 11.643496513366699219 16.298891067504882812 20.897289276123046875 25.456541061401367188 30.699972152709960938 35.176830291748046875 39.5591278076171875 43.806133270263671875 37.69228363037109375
31.319753646850585938 31.3682861328125 27.099706649780273438 0.68672388792037963867 0.78909486532211303711 0.80432027578353881836 0.74248105287551879883 185.896270751953125 31.526798248291015625 31.51235198974609375 31.563730239868164062 35.777530670166015625 83.74251556396484375 78.58081817626953125 30.890573501586914062 26.534761428833007812 35.304065704345703125 48.60089874267578125 88.6226654052734375 93.01436614990234375 97.1246795654296875 101.2789306640625 105.515625 109.85163116455078125 114.2681884765625 118.8364410400390625 123.49024200439453125 128.0198211669921875 132.46588134765625 136.61187744140625 140.3507080078125 257.810577392578125 266.881317138671875 271.421112060546875 82.09796905517578125 281.77349853515625 286.22064208984375 290.63214111328125 295.024749755859375 299.2679443359375 304.223968505859375 308.514678955078125 312.805145263671875 48.20947265625
26.980215072631835938 22.622344970703125 22.716997146606445312 27.2006683349609375 31.675539016723632812 124.458160400390625 181.537872314453125 27.146783828735351562 27.140356063842773438 27.175823211669921875 44.774318695068359375 79.9457855224609375 74.53231048583984375 26.440509796142578125 22.135103225708007812 30.999332427978515625 44.157306671142578125 31.196897506713867188 57.76813507080078125 62.199981689453125 66.39089202880859375 70.5189208984375 74.60028076171875 78.86993408203125 83.32048797607421875 87.868011474609375 92.47779083251953125 97.00360870361328125 101.46961212158203125 105.61507415771484375 109.3001708984375 0.40348803997039794922 0.92455041408538818359 5.7057909965515136719 0 16.2000579833984375 20.84214019775390625 25.438409805297851562 30.010517120361328125 34.433292388916015625 38.703174591064453125 43.821163177490234375 48.361328125 367.58349609375
18.226839065551757812 18.278577804565429688 31.576810836791992188 58.18548583984375 84.756683349609375 49.134143829345703125 22.773054122924804688 22.771707534790039062 22.827646255493164062 40.40261077880859375 27.338232040405273438 70.774566650390625 22.386688232421875 17.761186599731445312 26.648494720458984375 39.87157440185546875 26.737920761108398438 53.149074554443359375 0.66106939315795898438 67.08533477783203125 102.42003631591796875 106.62949371337890625 172.6004791259765625 277.28033447265625 281.71356201171875 286.16448974609375 290.6392822265625 295.0809326171875 299.49114990234375 303.609954833984375 307.2978515625 311.54815673828125 316.383697509765625 320.9600830078125 314.77886962890625 329.334564208984375 333.653839111328125 337.947906494140625 342.21673583984375 346.400299072265625 350.499664306640625 354.651275634765625 359.737548828125 363.930023193359375
13.817637443542480469 27.103433609008789062 18.437593460083007812 18.503492355346679688 44.826702117919921875 18.482927322387695312 18.39604949951171875 18.442840576171875 36.13626861572265625 22.9895782470703125 66.62291717529296875 18.465402603149414062 13.729716300964355469 22.376947402954101562 35.57834625244140625 22.44466400146484375 48.85375213623046875 27.029897689819335938 58.09954833984375 27.300313949584960938 27.410427093505859375 58.2904510498046875 96.55786895751953125 31.365034103393554688 66.8852081298828125 71.4005279541015625 75.90055084228515625 80.3957672119140625 84.88037872314453125 89.16316986083984375 93.18926239013671875 97.59079742431640625 102.334564208984375 95.96945953369140625 101.0046234130859375 115.00992584228515625 119.35736083984375 123.67102813720703125 127.9515228271484375 132.2325897216796875 136.5196075439453125 140.8104248046875 145.10333251953125 150.05657958984375
22.612649917602539062 13.883611679077148438 14.0406951904296875 40.493930816650390625 14.1650543212890625 14.132114410400390625 14.0509796142578125 31.7479095458984375 18.751262664794921875 62.453792572021484375 14.171143531799316406 9.6609907150268554688 18.377218246459960938 31.433115005493164062 18.15256500244140625 44.554309844970703125 22.731029510498046875 22.801790237426757812 22.811887741088867188 22.902086257934570312 23.044677734375 92.64492034912109375 27.219388961791992188 27.173742294311523438 83.8984527587890625 119.30098724365234375 154.6793365478515625 246.672332763671875 251.0546722412109375 255.3300323486328125 259.481597900390625 263.79193115234375 268.268951416015625 261.926300048828125 266.788787841796875 280.6044921875 284.824249267578125 289.021087646484375 293.19610595703125 297.462890625 301.798583984375 306.063018798828125 310.2718505859375 315.24713134765625
9.2859563827514648438 9.3487033843994140625 35.904346466064453125 9.59905242919921875 9.661373138427734375 9.6446866989135742188 27.193948745727539062 14.110093116760253906 58.2171478271484375 9.9711313247680664062 5.1992812156677246094 13.982872962951660156 27.244152069091796875 13.919374465942382812 40.24029541015625 18.266836166381835938 18.396947860717773438 18.464403152465820312 18.46051788330078125 18.507898330688476562 88.35448455810546875 23.04900360107421875 22.941219329833984375 79.5814208984375 27.41651153564453125 27.538726806640625 84.27416229248046875 32.143367767333984375 67.60773468017578125 72.0337066650390625 76.4069366455078125 80.8197784423828125 85.28491973876953125 79.15836334228515625 83.96170806884765625 97.7948455810546875 102.0668487548828125 106.34261322021484375 110.619842529296875 333.596710205078125 338.087982177734375 342.46771240234375 391.261016845703125 408.906829833984375
4.7578878402709960938 31.227199554443359375 4.8336215019226074219 4.8913145065307617188 4.9446282386779785156 22.6422576904296875 9.3278722763061523438 53.400051116943359375 5.52787017822265625 1.0533719062805175781 9.42694854736328125 22.5437774658203125 9.455474853515625 35.93841552734375 13.838735580444335938 13.843006134033203125 13.934565544128417969 14.027968406677246094 14.074738502502441406 83.94896697998046875 18.569604873657226562 18.618228912353515625 75.36316680908203125 22.994390487670898438 23.054851531982421875 79.869476318359375 27.680456161499023438 27.809478759765625 27.927120208740234375 54.596248626708984375 63.49041748046875 72.41518402099609375 94.6882781982421875 88.85541534423828125 103.16033172607421875 107.5042877197265625 129.0930633544921875 161.3775787353515625 215.770172119140625 15.094358444213867188 28.625690460205078125 42.067890167236328125 10.968547821044921875 11.021852493286132812
