tests/data/reference/gistest/full/control/crillvout_m3.asc
ncols        125
nrows        78
xllcorner    -713756.799299980048
yllcorner    -1061032.369616159936
cellsize     10.000000000000
NODATA_value  -9999
[rows 20 to 39 of 78, columns 44 to 87 of 125]
45.41290283203125 41.035465240478515625 23.429775238037109375 27.797760009765625 45.43219757080078125 14.494799613952636719 1.1707566976547241211 5.7069363594055175781 10.190975189208984375 19.095472335815429688 23.571002960205078125 41.15019989013671875 28.099208831787109375 19.263364791870117188 19.241489410400390625 14.762434005737304688 10.251371383666992188 10.175319671630859375 10.072791099548339844 9.993541717529296875 9.9786939620971679688 36.653476715087890625 14.472749710083007812 14.415863037109375 14.201665878295898438 80.2840728759765625 114.94794464111328125 17.460798263549804688 17.236246109008789062 3.6922068595886230469 0 0 521.27423095703125 57.584300994873046875 4.7655591964721679688 0.64679789543151855469 -9999 -9999 -9999 -9999 -9999 -9999 -9999 -9999
49.900646209716796875 45.52954864501953125 27.952602386474609375 32.306369781494140625 49.933361053466796875 19.0745391845703125 5.7677183151245117188 1.3208072185516357422 10.236856460571289062 14.691142082214355469 23.645673751831054688 28.126993179321289062 45.609676361083984375 32.534931182861328125 23.692377090454101562 23.654779434204101562 19.14867401123046875 14.637884140014648438 14.602295875549316406 14.603901863098144531 14.607330322265625 14.569341659545898438 41.12714385986328125 18.790622711181640625 18.511838912963867188 102.4808197021484375 119.47679901123046875 22.216388702392578125 22.031839370727539062 8.6359415054321289062 4.095775604248046875 0 4.0658364295959472656 526.2510986328125 62.10636138916015625 13.551924705505371094 0.5574156641960144043 0.83179277181625366211 -9999 -9999 -9999 -9999 -9999 -9999
54.297306060791015625 49.94301605224609375 32.409526824951171875 36.76099395751953125 54.374706268310546875 23.575206756591796875 10.280928611755371094 5.8276400566101074219 1.3349766731262207031 14.757788658142089844 19.298948287963867188 28.197736740112304688 32.5657196044921875 49.968292236328125 36.924243927001953125 28.084991455078125 28.025508880615234375 23.556276321411132812 19.125005722045898438 19.13372802734375 19.097080230712890625 19.027170181274414062 18.937170028686523438 45.31081390380859375 22.885297775268554688 129.087310791015625 123.83795166015625 26.823274612426757812 26.76056671142578125 13.519778251647949219 9.1394023895263671875 4.727481842041015625 8.9727487564086914062 0 530.62060546875 66.725189208984375 22.600744247436523438 5.0624990463256835938 0.68292063474655151367 -9999 -9999 -9999 -9999 -9999
58.600887298583984375 54.27524566650390625 36.8018798828125 41.164154052734375 58.75977325439453125 28.002294540405273438 14.71732330322265625 10.283475875854492188 1.3815387487411499023 5.9361248016357421875 19.378339767456054688 23.8012847900390625 32.57347869873046875 36.93529510498046875 54.331024169921875 41.31008148193359375 32.46129608154296875 32.426280975341796875 28.004083633422851562 23.544429779052734375 23.49845123291015625 23.451936721801757812 23.355367660522460938 23.141284942626953125 49.363727569580078125 160.03173828125 128.0306396484375 31.305393218994140625 31.4327850341796875 18.342149734497070312 13.994629859924316406 9.5782289505004882812 13.901513099670410156 0.34482651948928833008 4.6209535598754882812 534.891357421875 70.73400115966796875 35.112644195556640625 4.1587038040161132812 0.2506681978702545166 -9999 -9999 -9999 -9999
62.94010162353515625 58.63651275634765625 41.21907806396484375 45.596221923828125 63.179416656494140625 32.471080780029296875 19.2117767333984375 1.4001413583755493164 14.881193161010742188 6.0242395401000976562 10.514739990234375 23.819728851318359375 28.180597305297851562 36.959991455078125 41.323131561279296875 58.647060394287109375 45.620914459228515625 36.827228546142578125 36.841815948486328125 32.407257080078125 27.953504562377929688 27.889255523681640625 27.737577438354492188 27.516719818115234375 27.25769805908203125 217.7102203369140625 132.4842529296875 35.888530731201171875 36.0548553466796875 23.026287078857421875 18.687145233154296875 14.272803306579589844 18.6365509033203125 5.177387237548828125 9.3634138107299804688 0.032656725496053695679 538.6732177734375 74.6830291748046875 39.485504150390625 13.343816757202148438 0.28048089146614074707 0.22563892602920532227 -9999 -9999
67.320556640625 63.030452728271484375 45.66265106201171875 50.056671142578125 67.6324310302734375 36.980648040771484375 23.763765335083007812 6.002452850341796875 1.5817235708236694336 19.466365814208984375 10.542567253112792969 14.965465545654296875 28.22051239013671875 32.55500030517578125 41.282733917236328125 45.594745635986328125 62.89838409423828125 49.995479583740234375 41.283946990966796875 41.287158966064453125 36.82773590087890625 32.2789764404296875 32.083850860595703125 31.915388107299804688 31.798746109008789062 253.494171142578125 137.1278839111328125 40.5480804443359375 40.645343780517578125 27.620157241821289062 23.273698806762695312 18.861043930053710938 23.226297378540039062 9.8433074951171875 14.152934074401855469 5.0687708854675292969 543.67864990234375 0.19652260839939117432 79.6990966796875 62.010868072509765625 4.1877584457397460938 4.6335840225219726562 0.36769649386405944824 -9999
71.67362213134765625 67.42002105712890625 50.1257476806640625 54.552982330322265625 72.1162109375 41.499729156494140625 28.302190780639648438 10.567889213562011719 1.6533145904541015625 6.1256489753723144531 23.922883987426757812 14.96633148193359375 19.320150375366210938 32.50970458984375 36.830783843994140625 45.579364776611328125 49.98429107666015625 67.33539581298828125 54.4589080810546875 45.701740264892578125 45.62530517578125 41.08465576171875 36.521060943603515625 36.410251617431640625 36.328800201416015625 293.5274658203125 141.5113525390625 45.0066986083984375 45.0800018310546875 32.05580902099609375 27.699375152587890625 23.2982635498046875 27.685674667358398438 14.393098831176757812 18.801626205444335938 9.8779554367065429688 548.2945556640625 5.1626605987548828125 84.48558807373046875 66.66428375244140625 8.6755237579345703125 9.0352258682250976562 4.8901362419128417969 0.48285046219825744629
76.00006103515625 71.8083038330078125 54.61074066162109375 59.080078125 76.62071990966796875 46.02008819580078125 32.821979522705078125 15.098810195922851562 6.1819820404052734375 10.629064559936523438 1.6098886728286743164 28.251607894897460938 19.231719970703125 23.572446823120117188 36.81887054443359375 41.24434661865234375 50.0791778564453125 54.470001220703125 71.72341156005859375 58.8054351806640625 50.003681182861328125 49.92596435546875 45.451847076416015625 40.942646026611328125 40.78388214111328125 337.797088623046875 145.6804656982421875 49.289760589599609375 49.363834381103515625 36.33011627197265625 31.9600677490234375 27.582759857177734375 32.0189208984375 18.838964462280273438 23.327589035034179688 14.497422218322753906 552.67620849609375 9.9311342239379882812 89.3353424072265625 71.79595184326171875 13.68575286865234375 13.490358352661132812 8.9952135086059570312 4.6046743392944335938
80.46923828125 76.3006439208984375 59.133575439453125 63.5812530517578125 81.072418212890625 50.4928436279296875 37.30226898193359375 19.588947296142578125 10.661223411560058594 15.074132919311523438 6.0397877693176269531 32.6175689697265625 23.621828079223632812 1.2445586919784545898 27.995241165161132812 41.29026031494140625 45.740875244140625 54.523731231689453125 58.863063812255859375 76.05176544189453125 63.12841796875 54.346378326416015625 54.268001556396484375 49.73178863525390625 45.1156158447265625 386.4735107421875 149.9794921875 53.735836029052734375 53.818637847900390625 40.80051422119140625 36.419223785400390625 32.034854888916015625 36.458164215087890625 23.314817428588867188 27.829050064086914062 19.050806045532226562 556.9581298828125 14.541635513305664062 93.90877532958984375 76.50267791748046875 18.417486190795898438 18.0609130859375 13.358305931091308594 8.8513917922973632812
85.05237579345703125 80.86756134033203125 63.6746826171875 68.05423736572265625 85.4796600341796875 54.926578521728515625 41.7470703125 24.038473129272460938 15.086589813232421875 19.45610809326171875 10.421650886535644531 36.980804443359375 28.055995941162109375 1.2843809127807617188 5.7517333030700683594 32.45902252197265625 45.76497650146484375 50.20503997802734375 58.946136474609375 63.2480926513671875 80.3604736328125 67.41883087158203125 58.556148529052734375 58.34133148193359375 53.7602386474609375 49.330841064453125 544.7923583984375 58.331150054931640625 58.42978668212890625 45.450008392333984375 41.057964324951171875 36.63938140869140625 40.99713897705078125 27.819141387939453125 32.310039520263671875 23.549535751342773438 561.15838623046875 19.028493881225585938 98.295745849609375 80.97203826904296875 23.012914657592773438 22.754547119140625 18.036895751953125 13.333250999450683594
89.81867218017578125 85.75388336181640625 67.8379974365234375 72.2570343017578125 89.70629119873046875 59.24718475341796875 46.099834442138671875 28.384256362915039062 19.397329330444335938 23.733303070068359375 14.729889869689941406 41.30699920654296875 32.4632415771484375 5.7751445770263671875 1.2980457544326782227 10.252636909484863281 36.990177154541015625 50.238201141357421875 54.569637298583984375 63.216960906982421875 67.4327850341796875 84.44661712646484375 71.450836181640625 62.605533599853515625 62.5800933837890625 58.3089752197265625 54.0900421142578125 611.421142578125 63.00927734375 50.012908935546875 45.586780548095703125 41.148647308349609375 45.486217498779296875 32.316314697265625 36.786258697509765625 28.013498306274414062 565.32244873046875 23.5072784423828125 102.70679473876953125 85.4788818359375 27.639280319213867188 27.446380615234375 40.614467620849609375 22.459197998046875
3911.708984375 4008.309814453125 89.69167327880859375 147.919830322265625 93.71833038330078125 63.447505950927734375 50.341854095458984375 32.58765411376953125 23.543001174926757812 27.858877182006835938 18.940938949584960938 45.58998870849609375 36.837299346923828125 10.234014511108398438 5.8141961097717285156 1.3902783393859863281 14.82643890380859375 41.380725860595703125 54.44178009033203125 58.662639617919921875 67.19985198974609375 71.37036895751953125 88.41400909423828125 75.693084716796875 67.1899871826171875 67.36936187744140625 63.150623321533203125 673.54473876953125 67.54909515380859375 54.504055023193359375 50.031345367431640625 45.584957122802734375 49.93607330322265625 36.807621002197265625 41.24967193603515625 32.4384613037109375 569.44915771484375 27.971647262573242188 107.12689208984375 90.00244140625 32.273639678955078125 76.6990509033203125 27.494464874267578125 5.0062313079833984375
104.1348114013671875 135.272857666015625 4151.0341796875 4247.6064453125 4402.14990234375 98.41355133056640625 121.43386077880859375 36.349994659423828125 27.337644577026367188 31.73479461669921875 22.980379104614257812 49.70587921142578125 41.03009796142578125 1.1163567304611206055 14.632495880126953125 10.258279800415039062 5.8060193061828613281 19.103824615478515625 45.55898284912109375 58.607818603515625 62.833011627197265625 71.46183013916015625 75.81336212158203125 93.04149627685546875 80.4456787109375 71.91199493408203125 72.0048675537109375 744.23382568359375 71.89771270751953125 58.85260772705078125 54.397098541259765625 49.994831085205078125 54.381378173828125 41.286869049072265625 45.687530517578125 36.83655548095703125 573.53173828125 32.34355926513671875 111.40900421142578125 94.35723876953125 116.9093017578125 32.160984039306640625 9.8971261978149414062 5.2444057464599609375
24.318449020385742188 24.436876296997070312 51.406368255615234375 73.88109588623046875 96.48522186279296875 4523.48974609375 4627.7705078125 4754.8251953125 39.786712646484375 30.73064422607421875 35.630306243896484375 27.064428329467773438 53.79168701171875 45.18541717529296875 5.4035153388977050781 18.9217376708984375 14.536034584045410156 10.102896690368652344 23.46575164794921875 49.985141754150390625 63.1225738525390625 67.49762725830078125 76.22122955322265625 80.5758056640625 97.69377899169921875 84.97600555419921875 76.31058502197265625 76.233612060546875 823.2862548828125 63.057209014892578125 58.684093475341796875 54.38057708740234375 58.823024749755859375 45.75337982177734375 50.101161956787109375 41.205646514892578125 577.5595703125 36.615264892578125 115.54488372802734375 218.7670440673828125 36.55625152587890625 14.373249053955078125 9.8997011184692382812 0.91589868068695068359
20.073177337646484375 20.128137588500976562 15.694148063659667969 15.826837539672851562 15.763375282287597656 15.522943496704101562 33.3393402099609375 50.887126922607421875 4812.72900390625 4860.2294921875 4899.65771484375 40.66670989990234375 32.146999359130859375 58.1622772216796875 49.62261199951171875 9.9063739776611328125 23.393606185913085938 19.050954818725585938 14.677641868591308594 28.055631637573242188 54.588741302490234375 67.7646331787109375 72.12720489501953125 80.789337158203125 85.06406402587890625 102.0371246337890625 89.21854400634765625 80.4321136474609375 907.67071533203125 67.21262359619140625 62.8722076416015625 58.639301300048828125 63.12420654296875 50.074115753173828125 54.373516082763671875 45.44915771484375 581.49920654296875 40.87014007568359375 119.702392578125 262.97998046875 18.830717086791992188 14.381906509399414062 0 0
14.701090812683105469 10.304800033569335938 11.170607566833496094 11.211729049682617188 11.250168800354003906 11.321069717407226562 11.027562141418457031 41.7259979248046875 59.496593475341796875 77.3842315673828125 82.1167755126953125 4989.70361328125 45.630519866943359375 37.04103851318359375 63.683277130126953125 55.139316558837890625 15.419688224792480469 28.886552810668945312 24.5336761474609375 20.150348663330078125 33.52213287353515625 60.02142333984375 73.14189910888671875 77.44927978515625 86.02187347412109375 90.1689453125 107.0025634765625 94.077972412109375 85.20424652099609375 982.55792236328125 67.6919708251953125 63.52123260498046875 68.055877685546875 54.2109222412109375 58.455783843994140625 49.51831817626953125 585.30780029296875 45.088809967041015625 123.88724517822265625 289.5484619140625 18.851396560668945312 0 0 6.5388293266296386719
5.6604943275451660156 5.6984419822692871094 5.7785286903381347656 5.8521103858947753906 6.7362818717956542969 6.6923093795776367188 37.632747650146484375 10.941550254821777344 10.672067642211914062 1.3779538869857788086 6.1288776397705078125 10.731642723083496094 5007.14306640625 5059.62744140625 5103.5595703125 5173.48193359375 59.74697113037109375 19.954656600952148438 33.31522369384765625 28.915790557861328125 24.52170562744140625 37.822261810302734375 64.2137603759765625 156.9676513671875 90.10540771484375 94.2440948486328125 111.09857177734375 98.2469635009765625 89.44707489013671875 1.0740782022476196289 986.895263671875 139.0641021728515625 72.47662353515625 59.142913818359375 63.286426544189453125 53.621490478515625 589.1832275390625 49.3940277099609375 128.16937255859375 316.18585205078125 1.6708694696426391602 0 1.0277204513549804688 11.124324798583984375
1.035412907600402832 1.0709257125854492188 1.1639516353607177734 1.2348266839981079102 1.2895176410675048828 32.413211822509765625 6.3655724525451660156 6.2751860618591308594 6.2229113578796386719 10.855401039123535156 15.633154869079589844 20.183156967163085938 24.40711212158203125 28.993646621704101562 33.94800567626953125 38.618511199951171875 5217.83447265625 5283.19580078125 5308.62939453125 5347.3583984375 5381.65185546875 5411.30712890625 5453.9853515625 5522.869140625 5684.38525390625 5779.37451171875 97.63614654541015625 114.84864044189453125 102.35283660888671875 93.97303009033203125 6.0478191375732421875 1134.013671875 77.02317047119140625 63.48433685302734375 67.51932525634765625 58.51416778564453125 593.18804931640625 53.82741546630859375 132.5642547607421875 323.742919921875 0 5.6294641494750976562 1.0804060697555541992 15.705888748168945312
9.8544549942016601562 14.350076675415039062 18.8950042724609375 23.40164947509765625 27.8730621337890625 1.0844746828079223633 0.92056739330291748047 0.91603940725326538086 1.8668284416198730469 6.6192955970764160156 11.345086097717285156 15.873887062072753906 2344.40380859375 2440.455810546875 2553.91162109375 2654.41259765625 2754.7294921875 2850.712890625 2920.61279296875 2990.47802734375 3060.325439453125 3130.279052734375 3178.241455078125 3226.08447265625 3273.844970703125 3277.172607421875 9062.587890625 9165.6640625 118.9252166748046875 106.6380462646484375 98.50576019287109375 1147.4288330078125 81.22888946533203125 67.708404541015625 71.83216094970703125 62.96413421630859375 598.05963134765625 58.29619598388671875 123.4224853515625 343.3082275390625 10.086300849914550781 5.6609549522399902344 1.1128125190734863281 20.2371673583984375
9.7505311965942382812 14.209206581115722656 18.729490280151367188 23.2623291015625 27.783941268920898438 32.187946319580078125 36.465541839599609375 40.883678436279296875 45.470996856689453125 49.9925689697265625 2230.005615234375 2321.6162109375 88.81333160400390625 105.95548248291015625 93.41661834716796875 93.540802001953125 89.26558685302734375 63.224674224853515625 63.176349639892578125 63.10611724853515625 63.864604949951171875 41.902996063232421875 41.74478912353515625 41.5525360107421875 41.348941802978515625 107.7366943359375 156.602630615234375 160.774658203125 9332.197265625 9457.01953125 9569.69921875 9672.669921875 1235.553955078125 71.7953338623046875 76.2753448486328125 67.56967926025390625 602.49432373046875 50.06426239013671875 0 360.488983154296875 23.528039932250976562 5.6787505149841308594 1.1267044544219970703 24.726505279541015625
