tests/data/reference/gistest/full/control/crillvout_m3.asc
ncols        125
nrows        78
xllcorner    -713756.799299980048
yllcorner    -1061032.369616159936
cellsize     10.000000000000
NODATA_value  -9999
[rows 38 to 56 of 78, columns 0 to 42 of 125]
-9999 -9999 -9999 -9999 -9999 -9999 -9999 -9999 -9999 -9999 -9999 0 0 2.2702541351318359375 23.13222503662109375 0 0.45583420991897583008 1.4085267782211303711 2.2920243740081787109 3.4973304271697998047 1.5125790834426879883 7.0645985603332519531 4.9516754150390625 5.7601847648620605469 9.4241132736206054688 5.0797915458679199219 1.5548301935195922852 0.57739502191543579102 1.5779938697814941406 2.5125858783721923828 1.5459841489791870117 1.5479787588119506836 1.5447357892990112305 1.5460947751998901367 0.62067598104476928711 0.11433223634958267212 0.085830308496952056885 1.6054462194442749023 0.068139880895614624023 0.071913614869117736816 0.082649573683738708496 0.12986938655376434326 0.1946941763162612915
-9999 -9999 -9999 -9999 -9999 -9999 -9999 -9999 -9999 -9999 -9999 0 1.6545118093490600586 21.808095932006835938 0.29272052645683288574 0 0.82547664642333984375 1.7751792669296264648 3.0463597774505615234 1.0113089084625244141 6.771266937255859375 4.5885233879089355469 5.4214487075805664062 9.057464599609375 4.6957883834838867188 1.0429430007934570312 0.043738398700952529907 1.0694336891174316406 2.0349261760711669922 1.0401376485824584961 1.007204890251159668 0.99551779031753540039 0.98673796653747558594 0.015449281781911849976 0.086612999439239501953 0.62490200996398925781 1.1020236015319824219 0.034276414662599563599 0.54167628288269042969 1.0651464462280273438 1.5989309549331665039 0.12487134337425231934 0.19213601946830749512
-9999 -9999 -9999 -9999 -9999 -9999 -9999 -9999 -9999 -9999 0 0 19.816919326782226562 0.69726735353469848633 0 0.23740303516387939453 1.2057139873504638672 2.5187666416168212891 0.4514522552490234375 6.4363818168640136719 4.1733751296997070312 5.0556354522705078125 8.7357044219970703125 4.3146991729736328125 0.53855615854263305664 0.029113737866282463074 0.54758274555206298828 1.5446169376373291016 0.53045231103897094727 0.50243461132049560547 0.44778543710708618164 0.43290743231773376465 0 0.53543698787689208984 1.1116819381713867188 1.6357668638229370117 2.1170647144317626953 2.5877506732940673828 3.0465958118438720703 0.069797940552234649658 0.11656375229358673096 2.1883077621459960938 0.72467893362045288086
-9999 -9999 -9999 -9999 -9999 -9999 -9999 -9999 -9999 -9999 0 17.350650787353515625 1.593228459358215332 0.20560450851917266846 0 0.72239089012145996094 2.0205788612365722656 0 6.0297036170959472656 3.6929295063018798828 4.6197514533996582031 8.4213857650756835938 3.9175803661346435547 0.014409902505576610565 0.034808471798896789551 0.55309981107711791992 1.0412600040435791016 0.0049997968599200248718 0.000200873910216614604 0 0 0 0.49963870644569396973 1.0752424001693725586 1.6257706880569458008 2.1386780738830566406 2.6215109825134277344 3.0876767635345458984 0.087949573993682861328 3.5622293949127197266 0.66964662075042724609 0.70276564359664916992 2.7015259265899658203
-9999 -9999 -9999 -9999 -9999 -9999 -9999 -9999 -9999 0 0 15.028184890747070312 1.2194583415985107422 0 0.22227993607521057129 1.6192228794097900391 2.0572679042816162109 5.6659779548645019531 3.1421861648559570312 4.0818920135498046875 8.0930643081665039062 3.5087161064147949219 0.51692640781402587891 1.0383757352828979492 1.5524721145629882812 2.0291666984558105469 22.991888046264648438 25.785066604614257812 26.024290084838867188 26.212179183959960938 26.331838607788085938 26.582944869995117188 26.959018707275390625 27.282428741455078125 27.57495880126953125 27.830522537231445312 28.053255081176757812 28.254629135131835938 31.977449417114257812 32.75339508056640625 37.135112762451171875 38.508968353271484375 39.815662384033203125
-9999 -9999 -9999 -9999 -9999 -9999 -9999 -9999 0 0 13.774638175964355469 0.348232269287109375 0.78981268405914306641 0 1.1666936874389648438 1.6540354490280151367 2.4462406635284423828 2.7752683162689208984 3.5840601921081542969 7.6606402397155761719 3.0597898960113525391 0 0.0040494468994438648224 0.53642433881759643555 17.805292129516601562 20.194566726684570312 2.0100388526916503906 1.0371336936950683594 1.5250189304351806641 1.9831566810607910156 2.4048135280609130859 2.8885030746459960938 3.4121618270874023438 3.8986580371856689453 4.3604602813720703125 4.8019866943359375 5.2242431640625 5.6339731216430664062 6.0280370712280273438 6.4469747543334960938 6.8910856246948242188 7.3046131134033203125 7.6928000450134277344
-9999 -9999 -9999 -9999 -9999 -9999 -9999 -9999 0 0 12.949003219604492188 0 0.32061761617660522461 0.75945812463760375977 1.2198026180267333984 2.0674607753753662109 2.4320089817047119141 3.3401987552642822266 7.3951120376586914062 2.5778739452362060547 3.0697302818298339844 7.1747570037841796875 11.597956657409667969 16.381277084350585938 1.5290665626525878906 1.5424625873565673828 0.56134146451950073242 0.04443801194429397583 0.55992358922958374023 1.0559675693511962891 1.5265270471572875977 2.0342502593994140625 2.5672223567962646484 3.0685772895812988281 3.5479896068572998047 4.013916015625 4.4619088172912597656 74.2548828125 80.4496002197265625 86.7292327880859375 93.0497283935546875 99.35669708251953125 105.63999176025390625
-9999 -9999 -9999 -9999 -9999 -9999 -9999 -9999 0 10.561801910400390625 1.1914401054382324219 0 0.29973420500755310059 0.80771178007125854492 1.6856393814086914062 2.0732052326202392578 3.0429019927978515625 7.2618513107299804688 2.1912813186645507812 2.6243195533752441406 3.0842180252075195312 3.50583648681640625 3.8911254405975341797 1.0478863716125488281 1.0350929498672485352 0.025249224156141281128 0.053529925644397735596 0.58083069324493408203 1.0844596624374389648 1.5764477252960205078 2.0545511245727539062 2.5443716049194335938 3.0462734699249267578 3.5249438285827636719 57.956089019775390625 63.361782073974609375 69.11339569091796875 5.4946417808532714844 5.57128143310546875 5.6265382766723632812 5.6656322479248046875 5.6820583343505859375 7.0002303123474121094
-9999 -9999 -9999 -9999 -9999 -9999 -9999 0 8.7411212921142578125 0.72789710760116577148 0.75592523813247680664 0 0.32492166757583618164 1.2942460775375366211 1.7140264511108398438 2.7545864582061767578 7.0526614189147949219 1.7562153339385986328 2.1760168075561523438 2.5981061458587646484 3.0559449195861816406 3.4834735393524169922 0.55535739660263061523 0.55681633949279785156 0.54431998729705810547 1.0560762882232666016 1.5812609195709228516 2.0714271068572998047 2.5252809524536132812 2.9812891483306884766 3.43895721435546875 3.8791897296905517578 48.7314910888671875 53.680816650390625 4.6409816741943359375 5.0045905113220214844 5.1051440238952636719 5.1851468086242675781 5.24254608154296875 5.275913238525390625 5.2967634201049804688 6.6632509231567382812 5.6730828285217285156
-9999 -9999 -9999 -9999 -9999 -9999 -9999 0 3.3872196674346923828 0.30791684985160827637 0.34917151927947998047 0 0.85358464717864990234 1.323885798454284668 2.4551591873168945312 6.9555497169494628906 1.348366856575012207 1.7372560501098632812 2.1072785854339599609 2.5233633518218994141 2.9920303821563720703 0.0022956568282097578049 0.025419175624847412109 0.038620464503765106201 0.037717003375291824341 0.56613802909851074219 1.0995485782623291016 1.5997511148452758789 31.388383865356445312 35.46402740478515625 39.62738037109375 44.10643768310546875 4.1833176612854003906 4.2444357872009277344 4.6124386787414550781 4.7023954391479492188 4.7664804458618164062 4.8148474693298339844 4.8489255905151367188 4.8676886558532714844 6.2765378952026367188 5.2684559822082519531 6.277294158935546875
-9999 -9999 -9999 -9999 -9999 -9999 0 3.1719133853912353516 3.0655219554901123047 0 0 0.34177225828170776367 0.83088821172714233398 2.044887542724609375 6.7407236099243164062 0.92133253812789916992 1.3593679666519165039 1.7468312978744506836 2.0998058319091796875 2.4993314743041992188 2.9697935581207275391 6.6534190177917480469 10.3110198974609375 13.975811004638671875 20.470418930053710938 22.889713287353515625 25.764432907104492188 29.052637100219726562 3.3057253360748291016 3.36853790283203125 3.7272233963012695312 3.7897136211395263672 3.8349697589874267578 4.1995997428894042969 4.2803449630737304688 4.3358759880065917969 4.3744063377380371094 4.4029173851013183594 4.4271631240844726562 5.8736310005187988281 4.8350071907043457031 5.8772549629211425781 5.2284226417541503906
-9999 -9999 -9999 -9999 -9999 0 0 0.77440530061721801758 2.1979804039001464844 0 0 0.23304186761379241943 1.506731867790222168 6.4051055908203125 0.40191376209259033203 0.88941222429275512695 1.3435499668121337891 1.7480994462966918945 2.0998783111572265625 2.5083596706390380859 2.6277253627777099609 2.7058174610137939453 2.7642476558685302734 5.5926394462585449219 1.593532562255859375 2.0774619579315185547 2.5143783092498779297 2.8899607658386230469 2.9502241611480712891 3.3010504245758056641 3.3634088039398193359 3.4146890640258789062 3.7729368209838867188 3.833766937255859375 3.8774678707122802734 3.9108941555023193359 3.9336402416229248047 3.9540417194366455078 5.4487214088439941406 4.3905863761901855469 5.4637980461120605469 4.7900300025939941406 4.8331174850463867188
-9999 -9999 -9999 -9999 -9999 0 1.5777335166931152344 0.29989793896675109863 0.7171154022216796875 0.1341975778341293335 0 0.94784003496170043945 5.979015350341796875 0 0.3663228452205657959 0.86646348237991333008 1.3250633478164672852 1.7295000553131103516 2.0878479480743408203 2.1519236564636230469 2.2472143173217773438 2.3220174312591552734 5.2174711227416992188 1.1010046005249023438 1.6155706644058227539 2.0763819217681884766 2.4614520072937011719 2.5233511924743652344 2.8934903144836425781 2.9473652839660644531 2.9897444248199462891 3.365692138671875 3.4227921962738037109 3.4543058872222900391 3.4744484424591064453 3.4869964122772216797 3.4943974018096923828 5.0115871429443359375 3.9248948097229003906 5.0389204025268554688 4.3491058349609375 4.3886804580688476562 4.4303183555603027344
-9999 -9999 -9999 -9999 0 0 1.0493711233139038086 0 0.060068387538194656372 0 0.42687624692916870117 3.3421750068664550781 1.3271385431289672852 0 0.32468265295028686523 0.83821290731430053711 1.2942292690277099609 1.7107359170913696289 1.7168015241622924805 1.7515305280685424805 1.8339475393295288086 4.8048944473266601562 0.59628462791442871094 1.1243796348571777344 1.6141759157180786133 2.0292727947235107422 2.0844247341156005859 2.4664232730865478516 2.5285170078277587891 2.5715849399566650391 2.952392578125 3.0073657035827636719 3.0409588813781738281 3.0613617897033691406 3.0685606002807617188 3.0656850337982177734 4.6183180809020996094 3.4707853794097900391 4.6017093658447265625 3.8899292945861816406 3.94106292724609375 3.9832997322082519531 4.0073094367980957031
-9999 -9999 -9999 -9999 0 1.2615668773651123047 0.0057793869636952877045 0 0 0 0 1.8747119903564453125 0.8292115330696105957 0 0.25863125920295715332 0.78976267576217651367 1.2540513277053833008 1.2994459867477416992 1.2932617664337158203 1.2985289096832275391 4.2763948440551757812 0.0071021821349859237671 0.57624232769012451172 1.0926747322082519531 1.5400419235229492188 1.6071212291717529297 2.0046963691711425781 2.0632905960083007812 2.1110198497772216797 2.5103147029876708984 2.5562944412231445312 2.5833103656768798828 2.6042470932006835938 2.6179735660552978516 2.62237548828125 4.2312321662902832031 3.0413961410522460938 4.1999502182006835938 3.4345645904541015625 3.4740810394287109375 3.5309109687805175781 3.5639829635620117188 3.5655305385589599609
-9999 -9999 -9999 0 0 0 0 0 0 0 0 0.47310099005699157715 0.093797601759433746338 0 0.14867237210273742676 0.72480982542037963867 0.79590409994125366211 0.83470290899276733398 0.83746755123138427734 1.7946952581405639648 1.2626788616180419922 0 0.47717955708503723145 0.97543394565582275391 1.0590603351593017578 1.4997173547744750977 1.5679455995559692383 1.613541722297668457 2.0341103076934814453 2.0833680629730224609 2.1019423007965087891 2.1129584312438964844 2.1223022937774658203 2.1340396404266357422 3.8104622364044189453 2.5907647609710693359 3.8026914596557617188 3.0093014240264892578 3.0254471302032470703 3.059253692626953125 3.1018576622009277344 3.1187422275543212891 3.1202490329742431641
-9999 -9999 -9999 0 0 0 0 0 0 0 0 0 0 0 0.01744356006383895874 0.18784162402153015137 0.23378449678421020508 0.28656491637229919434 0.31882461905479431152 0.25253784656524658203 0.61663776636123657227 0 0.29398587346076965332 0.42458751797676086426 0.91130870580673217773 1.007893681526184082 1.07816314697265625 1.5281740427017211914 1.5847356319427490234 1.612392425537109375 1.6228700876235961914 1.6231179237365722656 1.6205923557281494141 3.3484499454498291016 2.1005771160125732422 3.3632407188415527344 2.5498464107513427734 2.5746617317199707031 2.5977864265441894531 2.6209688186645507812 2.6394193172454833984 2.6525216102600097656 4.4033718109130859375
-9999 -9999 0 0 0.33641710877418518066 0 0 0 0 -9999 -9999 -9999 0 0 0 0 0 0 0 0 0 0 0 0.1679293513298034668 0.30492812395095825195 0.4154351353645324707 0.9434878230094909668 1.0298784971237182617 1.0790222883224487305 1.1069840192794799805 1.1174615621566772461 1.1139791011810302734 2.879726409912109375 1.5790477991104125977 2.8928737640380859375 2.0543889999389648438 2.0856220722198486328 2.1158959865570068359 2.1346893310546875 2.1470682621002197266 2.1624484062194824219 3.9640471935272216797 2.6529181003570556641
-9999 -9999 0 0.40134009718894958496 0 0 0 -9999 -9999 -9999 -9999 -9999 -9999 0 0 0 0.45623993873596191406 0 0.15952312946319580078 0.54749572277069091797 0.18712702393531799316 0 0 0 0 0.21173922717571258545 0.36542087793350219727 0.4624449312686920166 0.52643972635269165039 0.56057751178741455078 0.57461714744567871094 2.4162247180938720703 1.054135441780090332 2.404865264892578125 1.54405975341796875 1.5790008306503295898 1.614985346794128418 1.6377418041229248047 1.6393370628356933594 1.6536632776260375977 3.5164005756378173828 2.1710774898529052734 2.1881356239318847656
