tests/data/reference/gistest/full/control/crillvout_m3.asc
ncols        125
nrows        78
xllcorner    -713756.799299980048
yllcorner    -1061032.369616159936
cellsize     10.000000000000
NODATA_value  -9999
[rows 20 to 39 of 78, columns 44 to 87 of 125]
45.151615142822265625 40.79975128173828125 23.29595184326171875 27.638576507568359375 45.171566009521484375 14.411884307861328125 1.1644954681396484375 5.6743326187133789062 10.133035659790039062 18.9866790771484375 23.436273574829101562 45.20140838623046875 27.938219070434570312 19.153186798095703125 19.131565093994140625 14.678210258483886719 10.193043708801269531 10.117527961730957031 10.015305519104003906 9.9362630844116210938 9.9214200973510742188 36.44396209716796875 14.389850616455078125 14.333141326904296875 14.120265960693359375 79.824188232421875 114.288482666015625 17.360992431640625 17.137956619262695312 3.6715676784515380859 0 0 685.44866943359375 97.00750732421875 13.605673789978027344 9.522106170654296875 5.1348195075988769531 0.49147644639015197754 0.1690864264965057373 -9999 -9999 -9999 -9999 -9999
49.61351776123046875 45.2681427001953125 27.793170928955078125 32.121585845947265625 49.64711761474609375 18.965894699096679688 5.7349810600280761719 1.313753962516784668 10.178656578063964844 14.607459068298339844 23.510469436645507812 27.965711593627929688 49.624271392822265625 32.348407745361328125 23.556911468505859375 23.519727706909179688 19.039609909057617188 14.554720878601074219 14.519202232360839844 14.520764350891113281 14.524130821228027344 14.486245155334472656 40.89215850830078125 18.68282318115234375 18.406122207641601562 101.8940887451171875 118.791259765625 22.089689254760742188 21.90535736083984375 8.5869197845458984375 4.0727519989013671875 0 4.0430660247802734375 690.36871337890625 101.4842987060546875 31.206750869750976562 9.4408712387084960938 5.2713379859924316406 5.197780609130859375 0.31833255290985107422 -9999 -9999 -9999 -9999
53.98474884033203125 49.656070709228515625 32.224681854248046875 36.55074310302734375 54.063007354736328125 23.440937042236328125 10.222383499145507812 5.7946839332580566406 1.3278176784515380859 14.673563957214355469 19.188444137573242188 28.03603363037109375 32.37885284423828125 53.947452545166015625 36.71257781982421875 27.924528121948242188 27.865663528442382812 23.422159194946289062 19.016149520874023438 19.0247802734375 18.988430023193359375 18.918718338012695312 18.828983306884765625 45.051250457763671875 22.75478363037109375 128.348236083984375 123.1269683837890625 26.669843673706054688 26.607387542724609375 13.442942619323730469 9.0875501632690429688 4.7008819580078125 8.9218845367431640625 0 694.681640625 106.056915283203125 49.076511383056640625 9.4731512069702148438 9.5633602142333984375 4.9174199104309082031 0.02705753035843372345 -9999 -9999 -9999
58.26342010498046875 53.9632110595703125 36.59178924560546875 40.928577423095703125 58.42276763916015625 27.842763900756835938 14.633547782897949219 10.224884033203125 1.3740266561508178711 5.9022049903869628906 19.267187118530273438 23.664794921875 32.38677978515625 36.72344970703125 58.274974822998046875 41.073268890380859375 32.27593231201171875 32.2413330078125 27.84449005126953125 23.410369873046875 23.364583969116210938 23.318201065063476562 23.221893310546875 23.008592605590820312 49.08182525634765625 159.115234375 127.29540252685546875 31.126024246215820312 31.252225875854492188 18.23758697509765625 13.915269851684570312 9.52410125732421875 13.822251319885253906 0.34350135922431945801 4.594696044921875 698.89532470703125 110.02208709716796875 65.940155029296875 13.010165214538574219 9.131099700927734375 4.7823128700256347656 0.002441415097564458847 0 -9999
62.57733917236328125 58.29913330078125 40.98363494873046875 45.335193634033203125 62.816959381103515625 32.2859039306640625 19.102275848388671875 1.3924932479858398438 14.795963287353515625 5.9895300865173339844 10.454141616821289062 23.683137893676757812 28.019193649291992188 36.748218536376953125 41.08612823486328125 62.556423187255859375 45.35956573486328125 36.61699676513671875 36.631557464599609375 32.222499847412109375 27.794208526611328125 27.730131149291992188 27.578916549682617188 27.359186172485351562 27.102449417114257812 216.4637451171875 131.7227935791015625 35.682720184326171875 35.8484039306640625 22.894853591918945312 18.580181121826171875 14.191064834594726562 18.5298614501953125 5.1481771469116210938 9.30987548828125 0.032618012279272079468 702.61846923828125 113.92877197265625 70.26909637451171875 31.021265029907226562 9.157245635986328125 4.6604771614074707031 4.1903209686279296875 0
66.93236541748046875 62.6676177978515625 45.401760101318359375 49.77010345458984375 67.2441558837890625 36.7694091796875 23.627964019775390625 5.96794891357421875 1.5731383562088012695 19.354852676391601562 10.481904029846191406 14.879513740539550781 28.058862686157226562 32.3687286376953125 41.046398162841796875 45.33354949951171875 66.7739105224609375 49.709003448486328125 41.04799652099609375 41.05126190185546875 36.617610931396484375 32.09462738037109375 31.900094985961914062 31.7327880859375 31.61721038818359375 252.043701171875 136.33978271484375 40.31595611572265625 40.411914825439453125 27.461835861206054688 23.14025115966796875 18.752992630004882812 23.092864990234375 9.7868204116821289062 14.072252273559570312 5.0397825241088867188 707.56396484375 0.19606161117553710938 118.89531707763671875 110.4008331298828125 13.035605430603027344 9.0439853668212890625 9.2323131561279296875 4.6394295692443847656
71.2600860595703125 67.0317535400390625 49.83935546875 54.240398406982421875 71.70166778564453125 41.26226806640625 28.140127182006835938 10.507149696350097656 1.6441211700439453125 6.0902376174926757812 23.785993576049804688 14.880395889282226562 19.209529876708984375 32.323955535888671875 36.62046051025390625 45.318622589111328125 49.697845458984375 71.17562103271484375 54.14644622802734375 45.440311431884765625 45.3646087646484375 40.8497314453125 36.311893463134765625 36.201686859130859375 36.120983123779296875 291.848297119140625 140.697540283203125 44.748661041259765625 44.8208160400390625 31.871967315673828125 27.540628433227539062 23.164903640747070312 27.526805877685546875 14.310538291931152344 18.693675994873046875 9.8212175369262695312 712.12530517578125 5.1334290504455566406 123.6344146728515625 115.00885009765625 17.48419189453125 13.412972450256347656 13.716402053833007812 9.3473806381225585938
75.5612640380859375 71.3946075439453125 54.298526763916015625 58.7410125732421875 76.17967987060546875 45.7564544677734375 32.634288787841796875 15.012470245361328125 6.1464085578918457031 10.568175315856933594 1.6010686159133911133 28.089847564697265625 19.121927261352539062 23.438211441040039062 36.60882568359375 41.00872802734375 49.792263031005859375 54.1573638916015625 75.5288543701171875 58.46791839599609375 49.717662811279296875 49.640216827392578125 45.19164276123046875 40.708026885986328125 40.55033111572265625 335.864471435546875 144.8424530029296875 49.007259368896484375 49.080226898193359375 36.122196197509765625 31.777011871337890625 27.424871444702148438 31.835103988647460938 18.731098175048828125 23.194040298461914062 14.414540290832519531 716.4544677734375 9.873889923095703125 128.436676025390625 120.0925140380859375 22.452211380004882812 17.834909439086914062 17.781124114990234375 13.433416366577148438
80.00470733642578125 75.86116790771484375 58.794986724853515625 63.215877532958984375 80.6056365966796875 50.2036895751953125 37.089084625244140625 19.477130889892578125 10.60025787353515625 14.987905502319335938 6.0048980712890625 32.431110382080078125 23.487255096435546875 1.2378495931625366211 27.835865020751953125 41.054416656494140625 45.479114532470703125 54.210956573486328125 58.524951934814453125 79.82308197021484375 62.76604461669921875 54.0351409912109375 53.95703887939453125 49.446605682373046875 44.85733795166015625 384.261993408203125 149.11627197265625 53.427577972412109375 53.509151458740234375 40.56683349609375 36.2105712890625 31.851518630981445312 36.248905181884765625 23.181509017944335938 27.66994476318359375 18.942287445068359375 720.68511962890625 14.458607673645019531 132.9637908935546875 124.75322723388671875 27.143648147583007812 22.371639251708984375 22.102926254272460938 17.640176773071289062
84.5613555908203125 80.40099334716796875 63.309490203857421875 67.6631927490234375 84.98743438720703125 54.612003326416015625 41.50848388671875 23.901294708251953125 15.000349044799804688 19.344730377197265625 10.361806869506835938 36.769611358642578125 27.896158218383789062 1.2775619029998779297 5.7190670967102050781 32.274013519287109375 45.50318145751953125 49.917324066162109375 58.607654571533203125 62.884555816650390625 84.09798431396484375 67.03141021728515625 58.220119476318359375 58.006649017333984375 53.452632904052734375 49.048831939697265625 541.669189453125 57.995708465576171875 58.0930633544921875 45.189479827880859375 40.822765350341796875 36.42974090576171875 40.761959075927734375 27.660297393798828125 32.125423431396484375 23.415531158447265625 724.83392333984375 18.920047760009765625 137.3062591552734375 129.1779022216796875 31.698917388916015625 27.031274795532226562 26.738492965698242188 22.080522537231445312
89.29141998291015625 85.25029754638671875 67.44948577880859375 71.84185028076171875 89.189361572265625 58.90753936767578125 45.83611297607421875 28.222028732299804688 19.28617095947265625 23.597795486450195312 14.646047592163085938 41.071331024169921875 32.278289794921875 5.74242401123046875 1.2911683320999145508 10.194312095642089844 36.7788543701171875 49.950389862060546875 54.256801605224609375 62.85407257080078125 67.045318603515625 88.15123748779296875 71.03937530517578125 62.2464752197265625 62.221435546875 57.974750518798828125 53.77959442138671875 607.9136962890625 62.646602630615234375 49.72658538818359375 45.325908660888671875 40.913417816162109375 45.22545623779296875 32.131961822509765625 36.576137542724609375 27.854061126708984375 728.94622802734375 23.373394012451171875 141.6727142333984375 133.6405181884765625 36.2847442626953125 31.689340591430664062 57.993068695068359375 31.17253875732421875
4249.1552734375 4344.9248046875 89.153564453125 147.061676025390625 93.17884063720703125 63.08408355712890625 50.053699493408203125 32.401630401611328125 23.409252166748046875 27.700136184692382812 18.832977294921875 45.329555511474609375 36.62734222412109375 10.175882339477539062 5.7813515663146972656 1.3826963901519775391 14.741643905639648438 41.14423370361328125 54.130279541015625 58.326335906982421875 66.8133392333984375 70.95949554443359375 92.08722686767578125 75.2574920654296875 66.8039093017578125 66.98235321044921875 62.7884368896484375 669.68145751953125 67.1601715087890625 54.1918792724609375 49.745037078857421875 45.3243408203125 49.649845123291015625 36.597766876220703125 41.014072418212890625 32.253753662109375 733.0206298828125 27.812358856201171875 146.048248291015625 138.119781494140625 40.87966156005859375 98.25787353515625 36.16736602783203125 4.9777207374572753906
103.46942901611328125 134.397216796875 4486.5166015625 4582.2607421875 4735.646484375 97.83866119384765625 120.7293548583984375 36.142406463623046875 27.182216644287109375 31.554391860961914062 22.849609375 49.421253204345703125 40.795513153076171875 1.1104993820190429688 14.54936981201171875 10.199910163879394531 5.7732281684875488281 18.995115280151367188 45.298671722412109375 58.27175140380859375 62.47196197509765625 71.05071258544921875 75.3766632080078125 96.6787109375 79.9822540283203125 71.49909210205078125 71.59143829345703125 739.965087890625 71.48355865478515625 58.515453338623046875 54.085567474365234375 49.7088775634765625 54.069675445556640625 41.051540374755859375 45.426525115966796875 36.626605987548828125 737.049560546875 32.159152984619140625 150.2862701416015625 142.4307861328125 147.01519775390625 40.7952728271484375 9.8401622772216796875 5.2149834632873535156
24.17014312744140625 24.274415969848632812 51.057010650634765625 73.3720855712890625 95.80052947998046875 4855.90576171875 4959.33642578125 5085.35009765625 39.5542755126953125 30.555477142333984375 35.427402496337890625 26.910266876220703125 53.484554290771484375 44.92718505859375 5.37261199951171875 18.813732147216796875 14.453228950500488281 10.045408248901367188 23.332021713256835938 49.69933319091796875 62.76065826416015625 67.1102142333984375 75.7829132080078125 80.11193084716796875 101.29645538330078125 84.48657989501953125 75.872161865234375 75.7957305908203125 818.56146240234375 62.69538116455078125 58.3475494384765625 54.0693359375 58.48584747314453125 45.4925994873046875 49.814792633056640625 40.97052001953125 741.0213623046875 36.40602874755859375 154.37847900390625 296.884613037109375 45.154109954833984375 14.290726661682128906 9.8425970077514648438 0.91125690937042236328
19.948919296264648438 20.003541946411132812 15.59490203857421875 15.712207794189453125 15.64923858642578125 15.411820411682128906 33.08032989501953125 50.482585906982421875 5142.55224609375 5189.4677734375 5228.36279296875 40.428447723388671875 31.957162857055664062 57.830005645751953125 49.3388824462890625 9.8493490219116210938 23.260082244873046875 18.942491531372070312 14.594229698181152344 27.895620346069335938 54.276294708251953125 67.37567901611328125 71.71269989013671875 80.32415008544921875 84.57373809814453125 105.60608673095703125 88.70442962646484375 79.9693603515625 902.45196533203125 66.826416015625 62.51107025146484375 58.303173065185546875 62.762004852294921875 49.78833770751953125 54.062244415283203125 45.18924713134765625 744.90179443359375 40.63668060302734375 158.4926910400390625 349.633941650390625 18.7227935791015625 14.2993621826171875 0 0
14.617274284362792969 10.245995521545410156 11.097310066223144531 11.138133049011230469 11.176288604736328125 11.232285499572753906 10.942457199096679688 41.465831756591796875 59.08881378173828125 76.8283843994140625 81.5166015625 5317.49609375 45.350337982177734375 36.8099365234375 63.3105316162109375 54.8151092529296875 15.322538375854492188 28.712396621704101562 24.38422393798828125 20.025785446166992188 33.32098388671875 59.667964935302734375 72.71230316162109375 76.99451446533203125 85.51702117919921875 89.63982391357421875 110.5281829833984375 93.52695465087890625 84.70599365234375 976.8961181640625 67.29596710205078125 63.1494598388671875 67.6570892333984375 53.9006805419921875 58.120677947998046875 49.23575592041015625 748.6484375 44.8318634033203125 162.6344757080078125 376.032470703125 18.743410110473632812 0 0 6.5219788551330566406
5.6280617713928222656 5.6658701896667480469 5.7457137107849121094 5.8189625740051269531 6.6884570121765136719 6.6448006629943847656 37.408634185791015625 10.856947898864746094 10.589273452758789062 1.3667364120483398438 6.0738120079040527344 10.634008407592773438 5334.5390625 5386.431640625 5429.8271484375 5499.0751953125 59.382884979248046875 19.81844329833984375 33.102535247802734375 28.727972030639648438 24.358621597290039062 37.5829620361328125 63.8229522705078125 156.0266265869140625 89.56447601318359375 93.6788177490234375 114.58231353759765625 97.65944671630859375 88.91272735595703125 1.0659428834915161133 981.1959228515625 138.2297515869140625 72.03914642333984375 58.79712677001953125 62.916378021240234375 53.31508636474609375 752.45733642578125 49.11257171630859375 166.87261962890625 402.499298095703125 1.6631720066070556641 0 1.0222604274749755859 11.087903976440429688
1.0299271345138549805 1.0653352737426757812 1.1577368974685668945 1.2281485795974731445 1.2826851606369018555 32.22845458984375 6.3208932876586914062 6.231273651123046875 6.1793856620788574219 10.771347999572753906 15.50569915771484375 20.013601303100585938 24.198942184448242188 28.74332427978515625 33.65093994140625 38.278461456298828125 5542.80810546875 5607.5126953125 5632.50439453125 5670.70458984375 5704.48876953125 5733.6513671875 5775.74462890625 5843.8662109375 6004.04052734375 6098.07177734375 97.04027557373046875 118.29306793212890625 101.72753143310546875 93.39679718017578125 5.9936499595642089844 1127.4061279296875 76.5446624755859375 63.101993560791015625 67.1129913330078125 58.173252105712890625 756.3958740234375 53.520477294921875 171.22247314453125 409.98651123046875 0 5.5971226692199707031 1.0747874975204467773 15.644693374633789062
9.7977476119995117188 14.267670631408691406 18.78691864013671875 23.268024444580078125 27.71399688720703125 1.0788439512252807617 0.91589033603668212891 0.91139751672744750977 1.8508431911468505859 6.5594544410705566406 11.241668701171875 15.728960990905761719 2368.908203125 2464.380859375 2577.153076171875 2677.047607421875 2776.758544921875 2872.1611328125 2941.63134765625 3011.06640625 3080.48291015625 3149.990478515625 3197.63037109375 3245.151123046875 3292.591064453125 3295.869140625 9399.6025390625 9501.6689453125 122.3261871337890625 105.97327423095703125 97.886962890625 1140.6961669921875 80.711181640625 67.28720855712890625 71.38753509521484375 62.585758209228515625 761.1898193359375 57.963451385498046875 162.1166229248046875 429.4249267578125 10.028748512268066406 5.628528594970703125 1.1069854497909545898 20.152471542358398438
9.694812774658203125 14.128081321716308594 18.622442245483398438 23.129175186157226562 27.625207901000976562 32.004001617431640625 36.2571258544921875 40.6500244140625 45.2109222412109375 49.70684051513671875 2255.258056640625 2346.331298828125 88.29944610595703125 105.3400115966796875 92.875640869140625 92.99913787841796875 88.74927520751953125 62.8604278564453125 62.812496185302734375 62.742801666259765625 63.487796783447265625 41.653636932373046875 41.496631622314453125 41.3059234619140625 41.10396575927734375 107.081268310546875 155.635345458984375 159.7703094482421875 9666.8564453125 9794.6982421875 9906.322265625 10008.26171875 1228.239013671875 71.33624267578125 75.78891754150390625 67.14994049072265625 765.53680419921875 49.7783355712890625 0 446.539794921875 23.392965316772460938 5.646282196044921875 1.1207712888717651367 24.617357254028320312
