tests/data/reference/gistest/full/control/crillvout_m3.asc
ncols        125
nrows        78
xllcorner    -713756.799299980048
yllcorner    -1061032.369616159936
cellsize     10.000000000000
NODATA_value  -9999
[rows 57 to 75 of 78, columns 43 to 85 of 125]
1.2183487415313720703 2.6909625530242919922 1.727774500846862793 1.74239349365234375 4.5719823837280273438 1.757493138313293457 1.7547355890274047852 1.7451747655868530273 3.6669187545776367188 2.2568771839141845703 6.6922497749328613281 1.7746027708053588867 1.2543843984603881836 2.2505693435668945312 3.6670691967010498047 2.1950674057006835938 4.9970955848693847656 2.6929602622985839844 2.71097564697265625 2.7189762592315673828 2.7302112579345703125 2.7438988685607910156 9.3821535110473632812 3.1923222541809082031 3.1924977302551269531 8.6466875076293945312 12.681355476379394531 16.617212295532226562 26.126600265502929688 26.461467742919921875 26.783277511596679688 27.087116241455078125 27.410198211669921875 27.756097793579101562 26.443540573120117188 26.511684417724609375 27.850439071655273438 28.119569778442382812 28.389141082763671875 28.657327651977539062 28.942626953125 29.2412567138671875 29.525896072387695312
2.20220947265625 1.2076063156127929688 1.2130070924758911133 4.1058020591735839844 1.2375249862670898438 1.2437980175018310547 1.2410329580307006836 3.1878874301910400391 1.7401120662689208984 6.3015809059143066406 1.2842348814010620117 0.73248970508575439453 1.7568820714950561523 3.2215437889099121094 1.7199424505233764648 4.5753483772277832031 2.2046461105346679688 2.2262263298034667969 2.2387568950653076172 2.240474700927734375 2.2440938949584960938 8.9381837844848632812 2.7369523048400878906 2.7314310073852539062 8.2344226837158203125 3.2148191928863525391 3.2323377132415771484 8.7358140945434570312 3.7239983081817626953 7.7634229660034179688 8.2221050262451171875 8.6698474884033203125 9.1171360015869140625 9.5666704177856445312 8.6517791748046875 8.7572278976440429688 9.9088964462280273438 10.2739410400390625 10.640152931213378906 11.00608062744140625 36.60400390625 36.989414215087890625 37.358684539794921875
0.68689757585525512695 0.68338942527770996094 3.6248521804809570312 0.69123691320419311523 0.69665753841400146484 0.70060431957244873047 2.7021131515502929688 1.2039724588394165039 5.8312993049621582031 0.76063668727874755859 0.22761225700378417969 1.2377899885177612305 2.7189149856567382812 1.2140384912490844727 4.1411833763122558594 1.7105405330657958984 1.7194993495941162109 1.7327983379364013672 1.7431555986404418945 1.7462242841720581055 8.5096426010131835938 2.2429418563842773438 2.2521722316741943359 7.8584423065185546875 2.7343544960021972656 2.7441430091857910156 8.2967395782470703125 3.2424364089965820312 3.2666542530059814453 3.2960801124572753906 6.4176378250122070312 7.444728851318359375 8.4680728912353515625 11.081911087036132812 10.30301666259765625 11.525341987609863281 11.94747161865234375 14.031876564025878906 18.172857284545898438 24.77364349365234375 1.8968333005905151367 3.52605438232421875 5.1412487030029296875
0.1471319347620010376 3.1556761264801025391 0.15178164839744567871 0.15267327427864074707 0.14958417415618896484 2.1907203197479248047 0.67228645086288452148 5.3832244873046875 0.17919968068599700928 0.22356444597244262695 0.75378268957138061523 2.22247314453125 0.65656065940856933594 3.6698415279388427734 1.2074829339981079102 1.2138020992279052734 1.2163323163986206055 1.2196775674819946289 1.2281427383422851562 8.1596250534057617188 1.743115544319152832 1.746936798095703125 7.4669466018676757812 2.2539048194885253906 2.259418487548828125 7.8962664604187011719 2.7526595592498779297 2.7732532024383544922 2.8002529144287109375 2.3484470844268798828 0.26931691169738769531 0.26977130770683288574 1.8740136623382568359 0.29473817348480224609 0 0.91243714094161987305 1.4235713481903076172 3.4663598537445068359 5.9301886558532714844 1.3653892278671264648 0.83879488706588745117 0.85378360748291015625 0.86519300937652587891
2.65445709228515625 0.14279694855213165283 0.67847055196762084961 1.1955887079238891602 1.6913839578628540039 0.11826241761445999146 4.9358377456665039062 0.15207643806934356689 0.70830142498016357422 1.2623004913330078125 1.7654328346252441406 0.12653195858001708984 3.1437215805053710938 0.65957486629486083984 0.68710720539093017578 0.69673752784729003906 0.69644397497177124023 0.68928986787796020508 7.7695150375366210938 1.2285095453262329102 1.2398979663848876953 7.0700931549072265625 1.7493201494216918945 1.7626501321792602539 7.5288534164428710938 2.2653498649597167969 2.2797114849090576172 2.3009667396545410156 1.8323990106582641602 0.26651933789253234863 0.80959868431091308594 1.3358702659606933594 0.27203717827796936035 0.83416438102722167969 0 2.3780367374420166016 2.9364702701568603516 5.4447984695434570312 0.8271458745002746582 0.28564548492431640625 0.29070699214935302734 0.29950565099716186523 0.30914422869682312012
2.1233553886413574219 2.6454944610595703125 3.140842437744140625 3.6133975982666015625 4.0589966773986816406 4.4673743247985839844 0.10362341254949569702 0.68125760555267333984 1.2303506135940551758 1.7601346969604492188 2.2504134178161621094 2.6784038543701171875 0.080751411616802215576 0.11671177297830581665 0.14178648591041564941 0.15661631524562835693 0.15527527034282684326 7.3738145828247070312 0.67164194583892822266 0.69793522357940673828 6.6706509590148925781 1.2260538339614868164 1.2341659069061279297 7.1261057853698730469 1.7607679367065429688 1.774580836296081543 1.7932839393615722656 1.3133351802825927734 0.26289984583854675293 0.81083714962005615234 1.3431204557418823242 1.858917236328125 2.3808391094207763672 2.9092803001403808594 0 4.4164714813232421875 4.9445624351501464844 0.28662315011024475098 0.28204393386840820312 0.82681924104690551758 1.3643143177032470703 1.8951338529586791992 2.4228460788726806641
0.073869749903678894043 0.11782369762659072876 0.66382545232772827148 1.1842664480209350586 1.6793664693832397461 2.1431488990783691406 2.6566054821014404297 3.2058522701263427734 3.7073280811309814453 4.1753368377685546875 4.6175966262817382812 5.01500701904296875 5.4145956039428710938 5.8457736968994140625 6.2653751373291015625 6.6704273223876953125 7.0223684310913085938 0.1145486682653427124 0.11806690692901611328 6.2309818267822265625 0.68203312158584594727 0.68569892644882202148 6.6955208778381347656 1.2225389480590820312 1.2451746463775634766 1.2679269313812255859 0.77563691139221191406 0.25762695074081420898 0.80815362930297851562 1.3458030223846435547 1.8700306415557861328 2.3799211978912353516 2.892833709716796875 3.4101426601409912109 0 4.9096832275390625 5.4362812042236328125 5.9352478981018066406 6.4157953262329101562 6.8869729042053222656 7.3495244979858398438 7.8072161674499511719 8.2659149169921875
-9999 -9999 0.14185595512390136719 0.13309772312641143799 0.64081013202667236328 1.1243652105331420898 0.10476645082235336304 0.68809962272644042969 1.2186708450317382812 1.7033069133758544922 2.1850688457489013672 2.6657414436340332031 3.1407971382141113281 3.6169602870941162109 4.0875530242919921875 4.5509366989135742188 4.9873199462890625 5.386272430419921875 5.7836427688598632812 0.11295000463724136353 0.12486639618873596191 6.2667646408081054688 0.66271030902862548828 0.68276828527450561523 0.71239423751831054688 0.21784897148609161377 0.24089211225509643555 0.79911112785339355469 1.3411781787872314453 1.8697555065155029297 2.387310028076171875 2.8932070732116699219 3.3969733715057373047 3.8996405601501464844 0 5.3943543434143066406 5.9208340644836425781 6.4216656684875488281 6.8997931480407714844 7.3633899688720703125 7.8195958137512207031 8.2712888717651367188 8.7235393524169921875
-9999 -9999 -9999 -9999 -9999 -9999 -9999 -9999 0.16489309072494506836 0.63819479942321777344 1.1241388320922851562 1.6525589227676391602 2.165496826171875 2.6641018390655517578 3.1497437953948974609 3.6220402717590332031 4.0829524993896484375 4.5318403244018554688 4.97552490234375 5.4108648300170898438 5.8292284011840820312 0.094996765255928039551 0.1114016994833946228 0.13171911239624023438 0.16690462827682495117 0.74032646417617797852 1.2960276603698730469 1.8379422426223754883 2.3633589744567871094 2.8744752407073974609 3.3760447502136230469 3.867465972900390625 14.142016410827636719 15.081076622009277344 0 16.46755218505859375 16.880105972290039062 17.273590087890625 17.6427764892578125 17.992610931396484375 18.3338165283203125 18.66497039794921875 18.9820556640625
-9999 -9999 -9999 -9999 -9999 -9999 -9999 -9999 -9999 0.079971946775913238525 0.04041169583797454834 0.59907346963882446289 1.1387150287628173828 1.6574881076812744141 2.1525368690490722656 2.6198542118072509766 3.0812284946441650391 3.5410978794097900391 3.9776718616485595703 4.3817963600158691406 4.8034739494323730469 5.2456674575805664062 5.6906232833862304688 6.1447200775146484375 6.617462158203125 7.088375091552734375 7.5394873619079589844 7.9769754409790039062 8.3952960968017578125 8.797576904296875 9.1909027099609375 9.5741472244262695312 0.25793606042861938477 0.27467396855354309082 0 1.8231418132781982422 2.4106342792510986328 2.9737880229949951172 3.5070242881774902344 4.0185704231262207031 4.5198659896850585938 5.0132632255554199219 5.5021624565124511719
-9999 -9999 -9999 -9999 -9999 -9999 -9999 -9999 -9999 -9999 -9999 -9999 -9999 -9999 -9999 -9999 -9999 0.1048877909779548645 0.089226089417934417725 0.041027043014764785767 0.018489435315132141113 0.040415592491626739502 0.60262966156005859375 1.1678160429000854492 1.7153714895248413086 2.2475998401641845703 2.7733619213104248047 3.293613433837890625 3.7945468425750732422 4.2775363922119140625 4.750820159912109375 5.2125611305236816406 5.6866660118103027344 6.1706027984619140625 5.3247189521789550781 6.6173248291015625 7.0683417320251464844 7.5162792205810546875 7.9462685585021972656 8.3613405227661132812 8.7676706314086914062 9.1663522720336914062 9.55135345458984375
-9999 -9999 -9999 -9999 -9999 -9999 -9999 -9999 -9999 -9999 -9999 -9999 -9999 -9999 -9999 -9999 -9999 -9999 -9999 -9999 0.55105483531951904297 0.56237459182739257812 0.092529363930225372314 0.15310113131999969482 0.71389710903167724609 1.2475911378860473633 1.7814093828201293945 2.3160564899444580078 2.829715728759765625 3.3241865634918212891 3.8120241165161132812 4.2920880317687988281 4.7865042686462402344 5.2908358573913574219 4.5442495346069335938 5.7854223251342773438 6.2406167984008789062 6.7037477493286132812 7.1530008316040039062 7.5906243324279785156 8.0155792236328125 8.425632476806640625 8.8289480209350585938
-9999 -9999 -9999 -9999 -9999 -9999 -9999 -9999 -9999 -9999 -9999 -9999 -9999 -9999 -9999 -9999 -9999 -9999 -9999 -9999 -9999 -9999 1.1310461759567260742 0.69061899185180664062 0.19486401975154876709 0.19305577874183654785 0.73872870206832885742 1.2909988164901733398 1.817731022834777832 2.3210320472717285156 2.8245966434478759766 3.3275282382965087891 3.8420200347900390625 3.1544427871704101562 4.410625457763671875 4.8693957328796386719 5.3398895263671875 5.8172512054443359375 6.2834033966064453125 6.7402491569519042969 7.1835803985595703125 7.6119747161865234375 8.0343189239501953125
-9999 -9999 -9999 -9999 -9999 -9999 -9999 -9999 -9999 -9999 -9999 -9999 -9999 -9999 -9999 -9999 -9999 -9999 -9999 -9999 -9999 -9999 -9999 1.6912518739700317383 1.2324281930923461914 0.72150981426239013672 0.19841119647026062012 0.75779211521148681641 1.2893452644348144531 1.7936753034591674805 2.301776885986328125 2.8159663677215576172 3.3354234695434570312 2.6448683738708496094 3.9134187698364257812 4.3830275535583496094 -9999 -9999 -9999 -9999 -9999 -9999 -9999
-9999 -9999 -9999 -9999 -9999 -9999 -9999 -9999 -9999 -9999 -9999 -9999 -9999 -9999 -9999 -9999 -9999 -9999 -9999 -9999 -9999 -9999 -9999 -9999 -9999 1.7299530506134033203 1.2481349706649780273 0.21573135256767272949 0.75238680839538574219 1.2643452882766723633 1.7818696498870849609 2.3055632114410400391 2.82611083984375 0 -9999 -9999 -9999 -9999 -9999 -9999 -9999 -9999 -9999
-9999 -9999 -9999 -9999 -9999 -9999 -9999 -9999 -9999 -9999 -9999 -9999 -9999 -9999 -9999 -9999 -9999 -9999 -9999 -9999 -9999 -9999 -9999 -9999 -9999 -9999 2.2369771003723144531 1.7648049592971801758 0.20217168331146240234 0.72896093130111694336 1.2610667943954467773 1.7957381010055541992 2.3204283714294433594 -9999 -9999 -9999 -9999 -9999 -9999 -9999 -9999 -9999 -9999
-9999 -9999 -9999 -9999 -9999 -9999 -9999 -9999 -9999 -9999 -9999 -9999 -9999 -9999 -9999 -9999 -9999 -9999 -9999 -9999 -9999 -9999 -9999 -9999 -9999 -9999 -9999 2.7158260345458984375 2.2458314895629882812 0.19038230180740356445 0.20815747976303100586 0.76955419778823852539 0.25198403000831604004 -9999 -9999 -9999 -9999 -9999 -9999 -9999 -9999 -9999 -9999
-9999 -9999 -9999 -9999 -9999 -9999 -9999 -9999 -9999 -9999 -9999 -9999 -9999 -9999 -9999 -9999 -9999 -9999 -9999 -9999 -9999 -9999 -9999 -9999 -9999 -9999 -9999 -9999 3.1721880435943603516 2.7338209152221679688 0.74533593654632568359 0.24443134665489196777 0.65436166524887084961 -9999 -9999 -9999 -9999 -9999 -9999 -9999 -9999 -9999 -9999
-9999 -9999 -9999 -9999 -9999 -9999 -9999 -9999 -9999 -9999 -9999 -9999 -9999 -9999 -9999 -9999 -9999 -9999 -9999 -9999 -9999 -9999 -9999 -9999 -9999 -9999 -9999 -9999 -9999 3.6524689197540283203 3.2437634468078613281 1.3012611865997314453 -9999 -9999 -9999 -9999 -9999 -9999 -9999 -9999 -9999 -9999 -9999
