tests/data/reference/gistest/full/control/crillvout_m3.asc
ncols        125
nrows        78
xllcorner    -713756.799299980048
yllcorner    -1061032.369616159936
cellsize     10.000000000000
NODATA_value  -9999
[rows 38 to 56 of 78, columns 43 to 85 of 125]
0.75241637229919433594 1.2776798009872436523 1.7996748685836791992 2.3184747695922851562 2.8260896205902099609 3.3226504325866699219 0.23088268935680389404 0.21420715749263763428 0.21383571624755859375 0.2955252230167388916 0.85441029071807861328 1.4037728309631347656 1.9271650314331054688 239.938995361328125 249.3465728759765625 260.04876708984375 269.848419189453125 279.645111083984375 289.127960205078125 296.298919677734375 303.46270751953125 310.616973876953125 317.778656005859375 322.80633544921875 327.820526123046875 332.817596435546875 332.845672607421875 969.0838623046875 979.46881103515625 11.377984046936035156 10.481250762939453125 9.9188470840454101562 122.8112030029296875 8.7155809402465820312 7.5496973991394042969 7.8748803138732910156 7.0691900253295898438 78.7215423583984375 6.5871033668518066406 14.654740333557128906 46.48382568359375 1.2964578866958618164 0.77650290727615356445
0.75084102153778076172 1.2769837379455566406 1.8012092113494873047 2.3224453926086425781 2.8359160423278808594 3.3400352001190185547 3.8253955841064453125 4.2911095619201660156 4.7631630897521972656 5.2451024055480957031 5.7135806083679199219 228.5968017578125 237.539581298828125 8.84815216064453125 10.118333816528320312 9.2825040817260742188 9.339076995849609375 9.026874542236328125 6.7341485023498535156 6.7297148704528808594 6.7175531387329101562 6.8004841804504394531 4.708740234375 4.6968140602111816406 4.6828470230102539062 4.6714138984680175781 11.709239959716796875 17.069972991943359375 17.413639068603515625 997.25616455078125 1009.3662109375 1020.6285400390625 1031.0496826171875 132.0811767578125 7.9090871810913085938 8.2877788543701171875 7.5185728073120117188 78.970458984375 5.4426846504211425781 0 48.226497650146484375 2.8951673507690429688 0.77919691801071166992
1.2534261941909790039 1.7545436620712280273 2.2554023265838623047 2.7595627307891845703 3.2651300430297851562 3.7695984840393066406 4.2559423446655273438 4.7254948616027832031 5.1876673698425292969 5.6428804397583007812 222.3983306884765625 8.4390048980712890625 8.4772586822509765625 9.7784900665283203125 8.9128332138061523438 8.9818506240844726562 8.6747083663940429688 6.3483033180236816406 6.3498258590698242188 6.3431119918823242188 6.3369088172912597656 4.2153792381286621094 4.2126107215881347656 4.2088704109191894531 4.2062559127807617188 6.3848857879638671875 4.7062602043151855469 62.47925567626953125 71.689300537109375 76.3919830322265625 80.71466827392578125 0 0.2006880640983581543 1031.14306640625 140.5350494384765625 8.5620851516723632812 7.9016442298889160156 0.22483597695827484131 51.534046173095703125 18.595293045043945312 48.466175079345703125 4.4811716079711914062 0.24608954787254333496
3.174228668212890625 3.6252939701080322266 4.0792245864868164062 4.5404372215270996094 5.001979827880859375 5.4644818305969238281 5.9148473739624023438 6.3511157035827636719 208.0581817626953125 216.2682647705078125 8.01566314697265625 8.0617704391479492188 9.3944482803344726562 8.488800048828125 8.5497503280639648438 8.2491588592529296875 5.9072275161743164062 5.9146485328674316406 5.9163670539855957031 5.9183316230773925781 3.7564067840576171875 3.7586512565612792969 3.7622301578521728516 3.7686402797698974609 5.9154219627380371094 4.2170424461364746094 62.19431304931640625 8.6767530441284179688 4.3007941246032714844 3.8117158412933349609 3.7923319339752197266 9.2735004425048828125 0 0 1030.7625732421875 140.662322998046875 8.9827899932861328125 6.3598494529724121094 84.1619415283203125 18.841722488403320312 48.83609771728515625 5.5154461860656738281 0.25208914279937744141
39.96744537353515625 40.10591888427734375 40.27675628662109375 40.480525970458984375 40.6336669921875 40.762996673583984375 40.904033660888671875 201.155242919921875 7.6342453956604003906 7.6180982589721679688 7.6484966278076171875 9.0073385238647460938 8.0736560821533203125 8.1101446151733398438 7.7832589149475097656 5.4446635246276855469 5.4566006660461425781 5.4592518806457519531 5.4678812026977539062 3.2718410491943359375 3.2799587249755859375 3.2849581241607666016 3.2939882278442382812 5.4941959381103515625 3.7635846138000488281 62.002346038818359375 8.3273344039916992188 3.7975413799285888672 3.3288719654083251953 3.3115293979644775391 4.75496673583984375 3.3790724277496337891 3.3848564624786376953 3.3361446857452392578 0 0 138.4319610595703125 116.92316436767578125 95.70798492431640625 18.974094390869140625 49.07616424560546875 6.0451455116271972656 0.77786338329315185547
8.0810289382934570312 8.4653797149658203125 8.8534345626831054688 9.2505292892456054688 9.6254119873046875 9.9580593109130859375 158.996307373046875 7.2036824226379394531 7.2224907875061035156 7.2464957237243652344 8.6066112518310546875 7.6439318656921386719 7.678363800048828125 7.3356294631958007812 4.9753742218017578125 4.9842309951782226562 4.9861569404602050781 4.9880390167236328125 2.7507612705230712891 2.7707247734069824219 2.7844362258911132812 2.7956783771514892578 5.0443501472473144531 3.2809658050537109375 61.762371063232421875 7.9382715225219726562 3.3239679336547851562 2.8581492900848388672 2.8584053516387939453 4.2618680000305175781 2.8575620651245117188 2.9355099201202392578 2.9274840354919433594 2.9075074195861816406 2.8819935321807861328 4.5448179244995117188 0 0 148.1909942626953125 95.6894683837890625 69.31609344482421875 6.481014251708984375 1.2636083364486694336
113.24745941162109375 113.419525146484375 113.5844573974609375 113.74167633056640625 141.40380859375 148.4185333251953125 6.7919664382934570312 6.7919802665710449219 6.8249163627624511719 8.2235136032104492188 7.2298126220703125 7.2546830177307128906 6.9204998016357421875 4.5294613838195800781 4.5276880264282226562 4.5245223045349121094 4.5234045982360839844 2.2242267131805419922 2.2358355522155761719 2.2564015388488769531 2.2761423587799072266 4.5761027336120605469 2.7757270336151123047 61.484943389892578125 7.5212731361389160156 2.8212993144989013672 2.3477823734283447266 2.3564314842224121094 3.79727935791015625 2.3693151473999023438 2.3800725936889648438 2.3873744010925292969 2.4487276077270507812 2.42261505126953125 2.4186878204345703125 1.2160429954528808594 0 6.6481003761291503906 0 0 166.051422119140625 6.8863892555236816406 1.8128560781478881836
6.0445771217346191406 13.428096771240234375 20.177127838134765625 26.943677902221679688 6.4556584358215332031 6.4624857902526855469 6.4392542839050292969 6.4068040847778320312 7.7964267730712890625 6.8024988174438476562 6.8339304924011230469 6.492305755615234375 4.0701389312744140625 4.0824341773986816406 4.0780487060546875 4.0722327232360839844 1.7187681198120117188 1.7182528972625732422 1.7189645767211914062 1.7316057682037353516 4.0847544670104980469 2.2514789104461669922 61.17950439453125 7.069583892822265625 2.2974512577056884766 1.8106341361999511719 1.8203899860382080078 3.2994430065155029297 1.8468449115753173828 1.857960820198059082 1.8707327842712402344 1.8802126646041870117 1.8752852678298950195 1.9233034849166870117 1.9106833934783935547 4.426143646240234375 0 1.5248600244522094727 2.0598769187927246094 2.5876441001892089844 0 0 2.3359763622283935547
6.6447353363037109375 6.0358514785766601562 6.0710139274597167969 6.0995144844055175781 6.1188473701477050781 6.1169061660766601562 6.0977215766906738281 7.4882411956787109375 6.4077630043029785156 6.4337687492370605469 6.08238983154296875 3.5760326385498046875 3.5907509326934814453 3.6098959445953369141 3.6117482185363769531 1.1982153654098510742 1.2026580572128295898 1.2053545713424682617 1.2056970596313476562 3.5949447154998779297 1.7158484458923339844 60.87575531005859375 6.6093640327453613281 1.7624597549438476562 1.2635228633880615234 1.2659622430801391602 2.7751080989837646484 1.3050827980041503906 1.3224869966506958008 1.3316848278045654297 1.3425475358963012695 1.3566470146179199219 1.3593567609786987305 1.3441920280456542969 5.2095956802368164062 0 0 0.30986243486404418945 0.8434111475944519043 1.3781870603561401367 1.8854852914810180664 2.3610639572143554688 0
5.6459679603576660156 5.6873593330383300781 5.7275624275207519531 5.7472748756408691406 5.7454576492309570312 5.7425074577331542969 7.210693359375 6.1049790382385253906 6.0929203033447265625 5.716522216796875 3.1156947612762451172 3.0881891250610351562 3.0879738330841064453 3.1173398494720458984 0.66291356086730957031 0.66224771738052368164 0.66627216339111328125 0.67855733633041381836 3.1294968128204345703 1.1925009489059448242 60.577663421630859375 6.1695523262023925781 1.2330003976821899414 0.71495318412780761719 0.71170580387115478516 2.2354447841644287109 0.72621989250183105469 0.76155263185501098633 0.78200292587280273438 0.78744518756866455078 0.7989368438720703125 0.81804996728897094727 0.82802140712738037109 4.7687516212463378906 0.27555036544799804688 0 0.019005574285984039307 0.96499311923980712891 1.4547135829925537109 1.9635589122772216797 2.4578146934509277344 2.9361183643341064453 6.0503244400024414062
5.2733516693115234375 5.3214588165283203125 5.3539285659790039062 5.3591618537902832031 5.35614013671875 6.8636417388916015625 5.7516436576843261719 5.7644529342651367188 5.3673129081726074219 2.6796362400054931641 2.6571137905120849609 2.6133756637573242188 2.598659515380859375 0.10481826215982437134 0.12145324796438217163 0.11855890601873397827 0.12192293256521224976 2.6353728771209716797 0.66477352380752563477 60.297931671142578125 5.7360520362854003906 0.70220178365707397461 0.17909796535968780518 0.17086905241012573242 1.7247314453125 0.16221097111701965332 0.17727302014827728271 0.20792110264301300049 0.22357043623924255371 0.22688855230808258057 0.23919768631458282471 0.25905874371528625488 4.2919754981994628906 0.82908260822296142578 1.3609963655471801758 0.7223364710807800293 26.758077621459960938 34.3918304443359375 34.722461700439453125 35.065662384033203125 35.38124847412109375 35.670055389404296875 35.8909149169921875
4.8833489418029785156 4.9231934547424316406 4.9403228759765625 4.9496912956237792969 6.5026683807373046875 5.3600564002990722656 5.3784117698669433594 4.9887981414794921875 2.2348973751068115234 2.2180848121643066406 2.1914484500885009766 2.1487774848937988281 0.078803531825542449951 0.61844164133071899414 1.1404006481170654297 1.6407060623168945312 2.1303970813751220703 0.10798444598913192749 59.999385833740234375 5.31337738037109375 0.15096673369407653809 0.1689907759428024292 0.70515853166580200195 1.217904210090637207 0.16321888566017150879 0.6936613917350769043 1.2253190279006958008 1.7593286037445068359 2.2756781578063964844 2.7749233245849609375 3.2736802101135253906 3.7717142105102539062 0.25448840856552124023 0.28176155686378479004 7.9410843849182128906 25.149793624877929688 5.7963871955871582031 1.8382658958435058594 2.4663949012756347656 3.0168211460113525391 3.5436866283416748047 4.0521092414855957031 4.527111053466796875
4.4679307937622070312 4.4891619682312011719 4.50656890869140625 6.1088399887084960938 4.9527368545532226562 4.9709877967834472656 4.5672612190246582031 1.7622046470642089844 1.7568227052688598633 1.7362309694290161133 1.7112115621566772461 21.699636459350585938 22.000246047973632812 22.311031341552734375 22.620153427124023438 22.92201995849609375 23.208080291748046875 59.694854736328125 4.876377105712890625 0.13165798783302307129 0.67546296119689941406 1.2066782712936401367 1.720582127571105957 2.2161748409271240234 2.7061409950256347656 3.1914007663726806641 3.6765253543853759766 4.1627144813537597656 4.6340336799621582031 5.0918726921081542969 5.5456867218017578125 5.9938688278198242188 6.4532084465026855469 6.9200792312622070312 17.9621429443359375 0 1.2672520875930786133 0.28280237317085266113 0.89854711294174194336 1.4508031606674194336 1.9922108650207519531 2.5215964317321777344 3.0232837200164794922
4.0203070640563964844 4.0364103317260742188 5.6761631965637207031 4.5085530281066894531 4.5418701171875 4.1311082839965820312 1.2581504583358764648 1.2619041204452514648 1.2560354471206665039 1.2360045909881591797 21.415586471557617188 4.5330233573913574219 9.4135084152221679688 10.335892677307128906 15.630340576171875 26.134618759155273438 35.463306427001953125 4.4561934471130371094 4.0020642280578613281 4.4682683944702148438 4.9123835563659667969 5.3369326591491699219 5.7556729316711425781 6.1674885749816894531 6.5806488990783691406 6.9958195686340332031 15.219977378845214844 15.570050239562988281 15.909708976745605469 16.2412261962890625 16.557802200317382812 16.850065231323242188 17.183031082153320312 17.559976577758789062 4.3172283172607421875 0 0.27724587917327880859 0.83406472206115722656 1.3803414106369018555 1.9863318204879760742 2.5222084522247314453 3.046756744384765625 3.5494151115417480469
3.5696387290954589844 5.2350144386291503906 4.0379114151000976562 4.0770936012268066406 3.6683144569396972656 0.74001967906951904297 0.74134755134582519531 0.73964005708694458008 0.73247498273849487305 21.084764480590820312 4.1113209724426269531 4.1048922538757324219 0.15958672761917114258 4.495975494384765625 9.626262664794921875 8.3643903732299804688 4.0509476661682128906 3.5645029544830322266 4.4736981391906738281 4.9371352195739746094 5.3694019317626953125 5.7683362960815429688 6.17006683349609375 6.5784935951232910156 6.9892148971557617188 7.4007544517517089844 0.18709978461265563965 0.75084042549133300781 1.2954189777374267578 1.8254611492156982422 2.3286850452423095703 2.7944381237030029297 3.2822754383087158203 3.79718780517578125 0.23835864663124084473 0 1.8041023015975952148 2.3966543674468994141 2.9588239192962646484 3.5010170936584472656 4.0921864509582519531 4.6044936180114746094 5.1026167869567871094
4.8186063766479492188 3.5749409198760986328 3.6016221046447753906 3.1808834075927734375 0.19161359965801239014 0.20192252099514007568 0.20353707671165466309 0.19732658565044403076 20.7281646728515625 3.6603522300720214844 3.6557054519653320312 3.6597933769226074219 4.100887298583984375 9.289875030517578125 7.9996285438537597656 3.6082367897033691406 3.1259520053863525391 4.0425157546997070312 5.352519989013671875 9.8071079254150390625 10.187029838562011719 10.522188186645507812 10.85700225830078125 11.197451591491699219 11.547971725463867188 11.90826416015625 12.292743682861328125 12.695573806762695312 13.080387115478515625 13.451219558715820312 13.76236724853515625 13.981026649475097656 25.76584625244140625 26.640890121459960938 26.970367431640625 0 28.334383010864257812 28.691362380981445312 29.038787841796875 29.379617691040039062 29.67313385009765625 30.118177413940429688 30.411472320556640625
3.1237404346466064453 3.1405391693115234375 2.699703216552734375 2.7135260105133056641 3.1985566616058349609 3.6760578155517578125 14.183502197265625 20.357700347900390625 3.1949002742767333984 3.19170379638671875 3.1930766105651855469 4.9950633049011230469 8.9582386016845703125 7.6992621421813964844 3.1442959308624267578 2.659763336181640625 3.6068418025970458984 4.9343333244323730469 3.5896551609039306641 6.2446017265319824219 6.6715559959411621094 7.0634903907775878906 7.4444475173950195312 7.8098344802856445312 8.1931962966918945312 8.5992870330810546875 9.0155401229858398438 9.4329710006713867188 9.832942962646484375 10.220262527465820312 10.562009811401367188 10.818818092346191406 0.16483581066131591797 0.21736815571784973145 0.79021394252777099609 0 2.3540217876434326172 2.937774658203125 3.494274139404296875 4.0333876609802246094 4.5458407402038574219 5.0369348526000976562 5.5983257293701171875
2.6728470325469970703 2.2167050838470458984 2.2249846458435058594 3.6464295387268066406 6.6962976455688476562 9.7318058013916015625 5.4269084930419921875 2.7205896377563476562 2.7188389301300048828 2.7218492031097412109 4.557117462158203125 3.2017583847045898438 7.4259777069091796875 2.7048108577728271484 2.1844418048858642578 3.1539976596832275391 4.5230960845947265625 3.1241328716278076172 5.8007054328918457031 0.18978144228458404541 7.7040629386901855469 11.691354751586914062 12.089791297912597656 19.563892364501953125 30.132144927978515625 30.458744049072265625 30.788183212280273438 31.122083663940429688 31.452747344970703125 31.778703689575195312 32.06066131591796875 32.270965576171875 32.559574127197265625 32.938533782958984375 33.279392242431640625 31.75487518310546875 33.453304290771484375 33.7306976318359375 34.007610321044921875 34.28160858154296875 34.53926849365234375 34.780086517333984375 35.029296875
1.7222594022750854492 1.7257398366928100586 3.1733193397521972656 2.2359170913696289062 2.2433764934539794922 5.0049238204956054688 2.2451751232147216797 2.2363321781158447266 2.2383446693420410156 4.1223001480102539062 2.7282516956329345703 7.0644292831420898438 2.2628333568572998047 1.7278057336807250977 2.6963777542114257812 4.09519195556640625 2.6648287773132324219 5.4038553237915039062 3.1578505039215087891 6.6943373680114746094 3.2048687934875488281 3.2189881801605224609 6.751506805419921875 9.724147796630859375 3.6362054347991943359 7.65575408935546875 8.1079664230346679688 8.5535869598388671875 8.9929189682006835938 9.4243803024291992188 9.819103240966796875 10.160473823547363281 10.544852256774902344 10.978877067565917969 9.6850128173828125 9.82402801513671875 11.283692359924316406 11.63092803955078125 11.975292205810546875 12.315966606140136719 12.659464836120605469 13.015260696411132812 13.393343925476074219
