tests/data/reference/gistest/full/control/crillvout_m3.asc
ncols        125
nrows        78
xllcorner    -713756.799299980048
yllcorner    -1061032.369616159936
cellsize     10.000000000000
NODATA_value  -9999
[rows 40 to 59 of 78, columns 0 to 43 of 125]
-9999 -9999 -9999 -9999 -9999 -9999 -9999 -9999 -9999 -9999 0 0 198.3348236083984375 4.3223319053649902344 0 0.26232933998107910156 9.705623626708984375 23.730730056762695312 2.5117468833923339844 64.44341278076171875 42.47365570068359375 55.306186676025390625 107.09938812255859375 42.692958831787109375 3.3880352973937988281 0 3.4577758312225341797 12.314447402954101562 3.2990946769714355469 2.9939105510711669922 2.4202947616577148438 2.2990257740020751953 0 3.3103985786437988281 8.4714651107788085938 13.106706619262695312 17.329042434692382812 21.568391799926757812 25.845438003540039062 0 0 18.1770477294921875 5.2119984626770019531 9.746196746826171875
-9999 -9999 -9999 -9999 -9999 -9999 -9999 -9999 -9999 -9999 0 173.78179931640625 13.045468330383300781 0 0 4.8598995208740234375 18.371480941772460938 0 59.0648040771484375 37.485218048095703125 50.64649200439453125 102.7008819580078125 38.2256622314453125 0 0 3.4944047927856445312 7.7327747344970703125 0 0 0 0 0 2.9252896308898925781 8.0953798294067382812 13.046328544616699219 17.666774749755859375 22.053899765014648438 26.387561798095703125 0 30.889028549194335938 4.7425904273986816406 5.0340514183044433594 22.934049606323242188 27.315816879272460938
-9999 -9999 -9999 -9999 -9999 -9999 -9999 -9999 -9999 0 0 154.8070526123046875 9.3940582275390625 0 0.11872142553329467773 13.942989349365234375 18.5030670166015625 53.87845611572265625 31.929594039916992188 45.421695709228515625 98.0506744384765625 33.711521148681640625 3.1350555419921875 7.7914333343505859375 12.48801422119140625 16.882635116577148438 223.2386474609375 249.557342529296875 253.79913330078125 257.7435302734375 261.2850341796875 265.779510498046875 271.02557373046875 275.84814453125 280.44140625 284.8084716796875 289.00848388671875 293.122161865234375 328.26220703125 337.070220947265625 377.17010498046875 390.422119140625 403.48553466796875 407.518829345703125
-9999 -9999 -9999 -9999 -9999 -9999 -9999 -9999 0 0 141.733917236328125 1.3298664093017578125 5.3928494453430175781 0 9.2121973037719726562 14.108686447143554688 22.978269577026367188 27.353607177734375 40.12783050537109375 92.7436676025390625 28.880311965942382812 0 0 3.3372890949249267578 174.97119140625 197.1414337158203125 16.779697418212890625 7.7665700912475585938 12.172844886779785156 16.375247955322265625 20.299322128295898438 24.976673126220703125 30.18883514404296875 35.049327850341796875 39.70406341552734375 44.189464569091796875 48.53978729248046875 52.8288116455078125 57.0548553466796875 61.54494476318359375 66.234130859375 70.6840362548828125 74.94538116455078125 79.23548126220703125
-9999 -9999 -9999 -9999 -9999 -9999 -9999 -9999 0 0.10950078815221786499 128.74114990234375 0 1.1131318807601928711 5.1953277587890625 9.6308031082153320312 18.579698562622070312 23.006513595581054688 36.00665283203125 88.10242462158203125 23.735925674438476562 29.021331787109375 69.06048583984375 113.11810302734375 161.46710205078125 12.253858566284179688 12.415384292602539062 3.6327924728393554688 0 3.5592637062072753906 7.8521165847778320312 11.958050727844238281 16.58095550537109375 21.59688568115234375 26.329977035522460938 30.882474899291992188 35.332977294921875 39.698474884033203125 713.55181884765625 775.01373291015625 836.64288330078125 898.41839599609375 960.0433349609375 1021.51898193359375 1100.2125244140625
-9999 -9999 -9999 -9999 -9999 -9999 -9999 -9999 0 105.72887420654296875 8.9362354278564453125 0 0.90594136714935302734 5.6342816352844238281 14.395514488220214844 18.749256134033203125 31.714387893676757812 84.14554595947265625 19.380105972290039062 24.221433639526367188 29.336414337158203125 34.0704803466796875 38.516063690185546875 7.9011492729187011719 7.7545785903930664062 0 0 3.7672834396362304688 8.1216564178466796875 12.469173431396484375 16.77211761474609375 21.29419708251953125 26.022554397583007812 30.60204315185546875 554.98809814453125 607.86822509765625 665.06341552734375 52.8661956787109375 53.085391998291015625 53.26157379150390625 53.422649383544921875 53.483081817626953125 70.60642242431640625 57.7734375
-9999 -9999 -9999 -9999 -9999 -9999 -9999 0 87.728240966796875 4.4463973045349121094 4.8020358085632324219 0 1.1355742216110229492 10.409689903259277344 14.816956520080566406 27.744363784790039062 79.85425567626953125 14.8115081787109375 19.373430252075195312 24.176465988159179688 29.271448135375976562 34.0631561279296875 3.5699515342712402344 3.5825381278991699219 3.4259269237518310547 7.9565801620483398438 12.731008529663085938 17.211629867553710938 21.412519454956054688 25.771509170532226562 30.261775970458984375 34.678070068359375 466.516326904296875 514.9766845703125 43.623504638671875 48.180233001708984375 48.477359771728515625 48.77498626708984375 49.024715423583984375 49.190929412841796875 49.317035675048828125 66.569915771484375 53.693271636962890625 66.533721923828125
-9999 -9999 -9999 -9999 -9999 -9999 -9999 3.4784219264984130859 30.273973464965820312 0.78287267684936523438 1.2937395572662353516 0 6.1732640266418457031 10.910960197448730469 24.051691055297851562 76.3259429931640625 10.789155960083007812 14.776353836059570312 18.920434951782226562 23.678607940673828125 28.887205123901367188 0 0 0 0 3.6455755233764648438 8.3635053634643554688 12.832061767578125 299.114715576171875 338.718658447265625 378.5784912109375 422.583526611328125 39.08805084228515625 39.25214385986328125 43.78763580322265625 44.047901153564453125 44.2710418701171875 44.48894500732421875 44.6931304931640625 44.8305206298828125 62.183685302734375 49.384769439697265625 62.325469970703125 53.812892913818359375
-9999 -9999 -9999 -9999 -9999 -9999 0 33.39229583740234375 26.708169937133789062 0 0 1.3648614883422851562 6.0918450355529785156 19.577772140502929688 72.1565704345703125 6.8106536865234375 11.045858383178710938 15.031937599182128906 19.001615524291992188 23.665088653564453125 28.788722991943359375 64.5273895263671875 100.0786590576171875 135.56072998046875 197.4575653076171875 219.67059326171875 246.31671142578125 277.25360107421875 30.270063400268554688 30.325304031372070312 34.802028656005859375 34.8877716064453125 34.89557647705078125 39.341064453125 39.560577392578125 39.749309539794921875 39.903350830078125 40.075389862060546875 40.2830963134765625 57.697635650634765625 44.87308502197265625 57.88317108154296875 49.404575347900390625 49.51251983642578125
-9999 -9999 -9999 -9999 -9999 0 0 5.1135296821594238281 18.665773391723632812 0 0 0.27202430367469787598 13.8905029296875 67.0542144775390625 1.9916813373565673828 6.5581278800964355469 11.027113914489746094 15.242746353149414062 19.255395889282226562 23.880311965942382812 24.633256912231445312 25.110326766967773438 25.434919357299804688 52.266399383544921875 12.898752212524414062 17.400815963745117188 21.779199600219726562 26.129480361938476562 26.167667388916015625 30.463775634765625 30.538633346557617188 30.606409072875976562 34.90087890625 34.950580596923828125 35.051685333251953125 35.1743316650390625 35.29962921142578125 35.478443145751953125 53.053989410400390625 40.296466827392578125 53.3579254150390625 44.84980010986328125 44.961822509765625 45.090183258056640625
-9999 -9999 -9999 -9999 -9999 0 13.278922080993652344 0.84777677059173583984 4.9369235038757324219 0 0 7.9741449356079101562 60.9804229736328125 0 1.6431101560592651367 6.4240078926086425781 11.038783073425292969 15.343962669372558594 19.319398880004882812 19.614818572998046875 20.337762832641601562 20.899789810180664062 47.823421478271484375 8.4610881805419921875 13.19039154052734375 17.6867218017578125 21.992259979248046875 22.072109222412109375 26.4492950439453125 26.44390106201171875 26.43299102783203125 30.790079116821289062 30.816936492919921875 30.8096923828125 30.801782608032226562 30.8199462890625 30.870782852172851562 48.3358154296875 35.562347412109375 48.75775146484375 40.308841705322265625 40.414794921875 40.48365020751953125 40.59130096435546875
-9999 -9999 -9999 -9999 0 0 7.8188405036926269531 0 0 0 2.418331146240234375 33.5662689208984375 12.2547454833984375 0 1.2521104812622070312 6.3040924072265625 10.998089790344238281 15.348605155944824219 15.048566818237304688 15.232306480407714844 15.958042144775390625 43.284671783447265625 4.0248885154724121094 8.7805509567260742188 13.455391883850097656 17.930974960327148438 17.981159210205078125 22.365293502807617188 22.462451934814453125 22.478258132934570312 26.759363174438476562 26.782594680786132812 26.810611724853515625 26.806135177612304688 26.7593536376953125 26.6899566650390625 44.0396728515625 31.006206512451171875 44.083896636962890625 35.637981414794921875 35.8843231201171875 35.982318878173828125 35.972141265869140625 36.02093505859375
-9999 -9999 -9999 -9999 0 9.8443326950073242188 0 0 0 0 0 18.802995681762695312 6.6350722312927246094 0 0.6602020263671875 6.0093393325805664062 10.739466667175292969 10.849771499633789062 10.629302024841308594 10.591609001159667969 37.683788299560546875 0 3.8549454212188720703 8.6759977340698242188 13.350153923034667969 13.592204093933105469 18.014841079711914062 18.102434158325195312 18.202371597290039062 22.549703598022460938 22.500272750854492188 22.478740692138671875 22.488351821899414062 22.507556915283203125 22.502603530883789062 39.898601531982421875 26.80377960205078125 39.78403472900390625 31.067705154418945312 31.224613189697265625 31.49935150146484375 31.597879409790039062 31.536539077758789062 31.521900177001953125
-9999 -9999 -9999 0 0 0 0 0 0 0 0 5.2623267173767089844 0 0 0 5.3952264785766601562 5.8629369735717773438 6.1826910972595214844 6.1597967147827148438 14.56932830810546875 9.94176483154296875 0 2.8925693035125732422 7.9640793800354003906 8.492176055908203125 13.245984077453613281 13.489498138427734375 13.6124420166015625 18.045475006103515625 18.068033218383789062 17.982387542724609375 17.8989410400390625 17.874689102172851562 17.946014404296875 35.5337982177734375 22.501562118530273438 35.613422393798828125 26.896711349487304688 26.830533981323242188 26.894899368286132812 27.1181488037109375 27.230508804321289062 27.19545745849609375 44.649509429931640625
-9999 -9999 -9999 0 0 0 0 0 0 0 0 0 0 0 0 0 0.30689203739166259766 0.86149269342422485352 1.1811581850051879883 0.42207261919975280762 3.4245107173919677734 0 1.2178493738174438477 2.4180567264556884766 7.5145044326782226562 8.1920413970947265625 8.66396331787109375 13.265267372131347656 13.422784805297851562 13.473131179809570312 13.404994010925292969 13.293128013610839844 13.212268829345703125 30.828397750854492188 17.875726699829101562 31.106828689575195312 22.472200393676757812 22.514766693115234375 22.48395538330078125 22.523778915405273438 22.671024322509765625 22.774057388305664062 40.338100433349609375 27.16718292236328125
-9999 -9999 0 0 0.86154538393020629883 0 0 0 0 -9999 -9999 -9999 0 0 0 0 0 0 0 0 0 0 0 0.066175632178783416748 1.2232691049575805664 2.2737836837768554688 7.5958709716796875 8.1972074508666992188 8.5455474853515625 8.70893096923828125 8.7259511947631835938 8.64178466796875 26.091373443603515625 12.985116958618164062 26.340761184692382812 17.744417190551757812 17.882442474365234375 17.953521728515625 17.96279144287109375 18.059137344360351562 18.2042694091796875 35.8668060302734375 22.72780609130859375 22.756214141845703125
-9999 -9999 0 1.6513667106628417969 0 0 0 -9999 -9999 -9999 -9999 -9999 -9999 0 0 0 1.9213379621505737305 0 0 2.6579680442810058594 0.28889766335487365723 0 0 0 0 0.24576579034328460693 1.7145433425903320312 2.7187702655792236328 3.3633944988250732422 3.6793971061706542969 3.8101265430450439453 21.454212188720703125 8.148334503173828125 21.42391204833984375 12.914768218994140625 13.138361930847167969 13.314097404479980469 13.38877105712890625 13.377033233642578125 13.523418426513671875 31.380462646484375 18.26891326904296875 18.298419952392578125 13.890789031982421875
-9999 0 0 0 0 0 0 -9999 -9999 -9999 -9999 -9999 -9999 -9999 -9999 -9999 0 8.3318157196044921875 0 0 0 14.143012046813964844 -9999 -9999 0 0 0 0 0 0 16.127286911010742188 3.1055929660797119141 16.44242095947265625 7.8479189872741699219 8.2534685134887695312 8.5362329483032226562 8.7327127456665039062 8.8142480850219726562 8.77950286865234375 26.624713897705078125 13.714206695556640625 13.8618011474609375 9.425548553466796875 9.4257898330688476562
-9999 0 0 0 0 0 -9999 -9999 -9999 -9999 -9999 -9999 -9999 -9999 -9999 -9999 -9999 -9999 -9999 -9999 -9999 -9999 -9999 -9999 0 0 0 0.12076555192470550537 5.77313995361328125 10.457909584045410156 0 10.570818901062011719 2.1770083904266357422 2.7243852615356445312 3.4038956165313720703 3.7755708694458007812 3.9710857868194580078 4.0975561141967773438 21.828460693359375 8.7788476943969726562 9.1970386505126953125 4.9251399040222167969 4.9244365692138671875 18.25177764892578125
-9999 -9999 0 0 0 -9999 -9999 -9999 -9999 -9999 -9999 -9999 -9999 -9999 -9999 -9999 -9999 -9999 -9999 -9999 -9999 -9999 -9999 -9999 -9999 -9999 -9999 0 0 0.83746647834777832031 3.8201243877410888672 0 0 0 0 0 0 16.946987152099609375 3.8332109451293945312 4.1446390151977539062 0.13957981765270233154 0.34363266825675964355 13.731945991516113281 4.8221745491027832031
