tests/data/reference/gistest/full/control/crillvout_m3.asc
ncols        125
nrows        78
xllcorner    -713756.799299980048
yllcorner    -1061032.369616159936
cellsize     10.000000000000
NODATA_value  -9999
[rows 40 to 59 of 78, columns 0 to 43 of 125]
-9999 -9999 -9999 -9999 -9999 -9999 -9999 -9999 -9999 -9999 -9999 -9999 82.34238433837890625 4.3223285675048828125 0 0.26232984662055969238 9.705623626708984375 23.730747222900390625 2.5117440223693847656 64.44348907470703125 42.473705291748046875 55.3062744140625 81.5329742431640625 42.693004608154296875 3.3880319595336914062 0 3.4577732086181640625 12.314450263977050781 3.2990903854370117188 2.9939074516296386719 2.4202916622161865234 2.2990231513977050781 0 3.3103959560394287109 8.471466064453125 13.106713294982910156 17.329051971435546875 21.5684051513671875 25.845457077026367188 0 0 18.177061080932617188 5.2119970321655273438 9.7461986541748046875
-9999 -9999 -9999 -9999 -9999 -9999 -9999 -9999 -9999 -9999 -9999 57.726055145263671875 13.04547119140625 0 0 4.8598961830139160156 18.371490478515625 0 59.064868927001953125 37.485260009765625 50.64656829833984375 77.0936279296875 38.22570037841796875 0 0 3.4944007396697998047 7.7327723503112792969 0 0 0 0 0 2.9252865314483642578 8.095378875732421875 13.04633331298828125 17.666784286499023438 22.053915023803710938 26.387582778930664062 0 30.889055252075195312 4.742588043212890625 5.03404998779296875 22.934070587158203125 27.3158416748046875
-9999 -9999 -9999 -9999 -9999 -9999 -9999 -9999 -9999 -9999 -9999 54.0487823486328125 9.3940572738647460938 0 0.11872154474258422852 13.942994117736816406 18.503076553344726562 53.878505706787109375 31.929624557495117188 45.421756744384765625 72.40305328369140625 33.711551666259765625 3.1350510120391845703 7.7914304733276367188 12.488016128540039062 16.882640838623046875 223.2389373779296875 249.5576934814453125 253.79949951171875 257.743927001953125 261.28546142578125 265.77996826171875 271.02606201171875 275.848663330078125 280.44195556640625 284.809051513671875 289.00909423828125 293.122802734375 328.262939453125 337.070953369140625 377.170928955078125 390.423004150390625 403.486480712890625 407.519805908203125
-9999 -9999 -9999 -9999 -9999 -9999 -9999 -9999 -9999 -9999 40.854183197021484375 1.3298648595809936523 5.3928465843200683594 0 9.21219635009765625 14.108691215515136719 22.978284835815429688 27.353628158569335938 40.12787628173828125 67.05548858642578125 28.88033294677734375 0 0 3.3372859954833984375 174.9714202880859375 197.141693115234375 16.779706954956054688 7.766567230224609375 12.172846794128417969 16.375255584716796875 20.2993316650390625 24.976690292358398438 30.188859939575195312 35.0493621826171875 39.704105377197265625 44.18951416015625 48.539836883544921875 52.82886505126953125 57.054912567138671875 61.545009613037109375 66.2342071533203125 70.684112548828125 74.94547271728515625 79.2355804443359375
-9999 -9999 -9999 -9999 -9999 -9999 -9999 -9999 -9999 0 31.679210662841796875 0 1.1131305694580078125 5.1953248977661132812 9.6308031082153320312 18.579710006713867188 23.006526947021484375 36.00669097900390625 62.373027801513671875 23.73593902587890625 29.021358489990234375 69.0605621337890625 113.11823272705078125 161.4673004150390625 12.253858566284179688 12.415389060974121094 3.6327884197235107422 0 3.5592601299285888672 7.8521146774291992188 11.958051681518554688 16.580963134765625 21.596899032592773438 26.329998016357421875 30.882501602172851562 35.3330078125 39.698513031005859375 692.16717529296875 753.63470458984375 815.26959228515625 877.0509033203125 938.68194580078125 1000.16400146484375 1070.3123779296875
-9999 -9999 -9999 -9999 -9999 -9999 -9999 -9999 -9999 8.5384082794189453125 8.9362325668334960938 0 0.90594059228897094727 5.6342792510986328125 14.395519256591796875 18.749265670776367188 31.71441650390625 58.37407684326171875 19.380115509033203125 24.2214508056640625 29.336439132690429688 34.070507049560546875 38.51610565185546875 7.90114593505859375 7.7545781135559082031 0 0 3.76728057861328125 8.1216554641723632812 12.469176292419433594 16.772125244140625 21.294210433959960938 26.02257537841796875 30.602071762084960938 542.1732177734375 590.75054931640625 643.673583984375 52.866252899169921875 53.085445404052734375 53.261631011962890625 53.42270660400390625 53.4831390380859375 62.0545196533203125 57.77349853515625
-9999 -9999 -9999 -9999 -9999 -9999 -9999 -9999 -9999 4.4463939666748046875 4.8020310401916503906 0 1.1355730295181274414 10.409689903259277344 14.816960334777832031 27.744382858276367188 54.039764404296875 14.811511039733886719 19.373443603515625 24.176481246948242188 29.271467208862304688 34.0631866455078125 3.5699467658996582031 3.5825355052947998047 3.4259228706359863281 7.9565777778625488281 12.73101043701171875 17.211635589599609375 21.412532806396484375 25.771526336669921875 30.261800765991210938 34.6781005859375 457.982574462890625 502.157257080078125 39.315578460693359375 43.90238189697265625 48.477405548095703125 48.775035858154296875 49.0247650146484375 49.19097900390625 49.31708526611328125 57.998706817626953125 53.693328857421875 57.98360443115234375
-9999 -9999 -9999 -9999 -9999 -9999 -9999 -9999 30.27398681640625 0.78287196159362792969 1.2937362194061279297 0 6.1732606887817382812 10.910960197448730469 24.051706314086914062 50.467357635498046875 10.789155006408691406 14.776358604431152344 18.920444488525390625 23.678619384765625 28.887228012084960938 0 0 0 0 3.6455731391906738281 8.3635053634643554688 12.832066535949707031 294.84881591796875 334.45654296875 374.32000732421875 414.045654296875 34.79767608642578125 34.934825897216796875 39.500759124755859375 44.047943115234375 44.271083831787109375 44.48899078369140625 44.69317626953125 44.830570220947265625 53.5927581787109375 49.384822845458984375 53.75492095947265625 53.812946319580078125
-9999 -9999 -9999 -9999 -9999 -9999 -9999 -9999 26.708179473876953125 0 0 1.3648599386215209961 6.0918407440185546875 19.57778167724609375 46.252582550048828125 6.8106503486633300781 11.04586029052734375 15.031941413879394531 19.001623153686523438 23.665103912353515625 24.479764938354492188 60.226528167724609375 95.7845611572265625 131.2726593017578125 193.1746978759765625 215.3923797607421875 242.0428314208984375 272.983795166015625 30.270084381103515625 30.325328826904296875 30.518789291381835938 30.587614059448242188 30.568384170532226562 35.044849395751953125 39.56061553955078125 39.749347686767578125 39.90338897705078125 40.075428009033203125 40.283138275146484375 49.086566925048828125 44.87313079833984375 49.291553497314453125 49.404621124267578125 49.5125732421875
-9999 -9999 -9999 -9999 -9999 -9999 -9999 5.1135268211364746094 18.665775299072265625 0 0 0.27202433347702026367 13.890505790710449219 41.1030426025390625 1.9916789531707763672 6.558124542236328125 11.027113914489746094 15.242749214172363281 19.255405426025390625 19.557811737060546875 24.633275985717773438 25.110345840454101562 25.434942245483398438 52.266452789306640625 12.898758888244628906 17.400823593139648438 21.779214859008789062 26.129497528076171875 26.167688369750976562 26.170253753662109375 26.228097915649414062 26.268728256225585938 30.594961166381835938 34.95061492919921875 35.051715850830078125 35.174365997314453125 35.299663543701171875 35.47847747802734375 44.42234039306640625 40.296504974365234375 44.744548797607421875 44.84984588623046875 44.961872100830078125 45.090229034423828125
-9999 -9999 -9999 -9999 -9999 -9999 13.278921127319335938 0.84777623414993286133 4.936920166015625 0 0 7.97414398193359375 34.97939300537109375 0 1.6431080102920532227 6.42400360107421875 11.038782119750976562 15.343967437744140625 14.982838630676269531 19.61483001708984375 20.337774276733398438 20.89980316162109375 47.82346343994140625 8.4610891342163085938 13.190394401550292969 17.686731338500976562 21.99227142333984375 22.072122573852539062 22.144968032836914062 22.12220001220703125 22.084016799926757812 26.47405242919921875 30.81696319580078125 30.809717178344726562 30.801807403564453125 30.819971084594726562 30.870809555053710938 39.683147430419921875 35.562381744384765625 40.121875762939453125 40.308879852294921875 40.414836883544921875 40.483692169189453125 40.59134674072265625
-9999 -9999 -9999 -9999 -9999 -9999 7.8188357353210449219 0 0 0 2.4183294773101806641 16.2140960693359375 3.5401005744934082031 0 1.2521085739135742188 6.3040881156921386719 10.998089790344238281 10.997406959533691406 15.048571586608886719 15.232311248779296875 15.958048820495605469 43.284709930419921875 4.0248866081237792969 8.7805500030517578125 13.455397605895996094 17.930982589721679688 17.981170654296875 18.049470901489257812 18.128414154052734375 18.11688995361328125 22.4327239990234375 26.78261566162109375 26.81063079833984375 26.806154251098632812 26.759374618530273438 26.689977645874023438 35.36554718017578125 31.00623321533203125 35.42472076416015625 35.638011932373046875 35.88436126708984375 35.982349395751953125 35.972179412841796875 36.020969390869140625
-9999 -9999 -9999 -9999 -9999 9.8443269729614257812 0 0 0 0 0 1.3770222663879394531 0 0 0.66020166873931884766 6.0093359947204589844 6.3724880218505859375 10.849771499633789062 10.629302024841308594 10.591609001159667969 37.683811187744140625 0 3.8549413681030273438 8.6759977340698242188 13.350157737731933594 13.5922088623046875 13.686536788940429688 13.754189491271972656 13.827036857604980469 18.21179962158203125 22.500288009643554688 22.478755950927734375 22.488367080688476562 22.507570266723632812 22.502620697021484375 31.202594757080078125 26.803802490234375 31.100683212280273438 31.067731857299804688 31.224643707275390625 31.499378204345703125 31.597909927368164062 31.536563873291015625 31.521932601928710938
-9999 -9999 -9999 -9999 -9999 0 0 0 0 0 0 0 0 0 0 1.009817957878112793 5.8629336357116699219 6.1826877593994140625 6.1597929000854492188 14.569327354431152344 9.9417629241943359375 0 2.8925664424896240234 7.9640784263610839844 8.4921751022338867188 8.9032964706420898438 9.123905181884765625 9.2209043502807617188 13.695363998413085938 18.068044662475585938 17.98239898681640625 17.898950576782226562 17.874698638916015625 17.946023941040039062 26.815534591674804688 22.501577377319335938 26.904933929443359375 26.896732330322265625 26.83055877685546875 26.89492034912109375 27.11817169189453125 27.23052978515625 27.195484161376953125 44.64955902099609375
-9999 -9999 -9999 -9999 0 0 0 0 -9999 -9999 -9999 -9999 -9999 0 0 0 0.3068930506706237793 0.86149179935455322266 1.1811567544937133789 0.42207232117652893066 3.42450714111328125 0 1.2178484201431274414 2.4180543422698974609 3.1501474380493164062 3.8023965358734130859 4.2525429725646972656 8.9010677337646484375 13.422789573669433594 13.473135948181152344 13.404997825622558594 13.293130874633789062 13.21227264404296875 22.087549209594726562 17.875738143920898438 22.372182846069335938 22.472217559814453125 22.514783859252929688 22.483968734741210938 22.52379608154296875 22.671039581298828125 22.774078369140625 40.33814239501953125 27.167207717895507812
-9999 -9999 -9999 -9999 0.86154520511627197266 0 -9999 -9999 -9999 -9999 -9999 -9999 -9999 -9999 0 0 0 0 0 0 0 0 0 0 0 0 3.2105464935302734375 8.1972074508666992188 8.5455474853515625 8.7089300155639648438 8.7259502410888671875 8.6417837142944335938 17.327672958374023438 12.985121726989746094 17.578947067260742188 17.744424819946289062 17.88245391845703125 17.95352935791015625 17.962802886962890625 18.059144973754882812 18.204282760620117188 35.86684417724609375 22.727825164794921875 22.756231307983398438
-9999 -9999 -9999 1.6513648033142089844 0 0 -9999 -9999 -9999 -9999 -9999 -9999 -9999 -9999 -9999 -9999 -9999 0 0 2.6579647064208984375 0.28889605402946472168 -9999 -9999 -9999 -9999 0 1.7145414352416992188 2.7187674045562744141 3.3633902072906494141 3.6793928146362304688 3.8101227283477783203 12.667415618896484375 8.148334503173828125 12.633866310119628906 12.914771080017089844 13.138367652893066406 13.314100265502929688 13.388776779174804688 13.377036094665527344 13.523426055908203125 31.3804931640625 18.268926620483398438 18.298431396484375 13.890793800354003906
-9999 -9999 -9999 0 0 -9999 -9999 -9999 -9999 -9999 -9999 -9999 -9999 -9999 -9999 -9999 -9999 -9999 -9999 -9999 -9999 -9999 -9999 -9999 -9999 0 0 0 0 0 7.31689453125 3.1055898666381835938 7.6223988533020019531 7.8479166030883789062 8.2534685134887695312 8.5362310409545898438 8.7327127456665039062 8.8142461776733398438 8.7795047760009765625 26.624736785888671875 13.714214324951171875 13.861807823181152344 9.425548553466796875 9.4257898330688476562
-9999 -9999 -9999 0 -9999 -9999 -9999 -9999 -9999 -9999 -9999 -9999 -9999 -9999 -9999 -9999 -9999 -9999 -9999 -9999 -9999 -9999 -9999 -9999 -9999 -9999 -9999 -9999 0 1.6225023269653320312 0 1.7185491323471069336 2.177005767822265625 2.7243826389312744141 3.4038908481597900391 3.7755675315856933594 3.9710819721221923828 4.0975537300109863281 21.828477859497070312 8.7788496017456054688 9.1970396041870117188 4.9251379966735839844 4.9244341850280761719 18.251787185668945312
-9999 -9999 -9999 -9999 -9999 -9999 -9999 -9999 -9999 -9999 -9999 -9999 -9999 -9999 -9999 -9999 -9999 -9999 -9999 -9999 -9999 -9999 -9999 -9999 -9999 -9999 -9999 -9999 -9999 -9999 0 0 0 0 0 0 0 16.946996688842773438 3.8332085609436035156 4.1446361541748046875 0.13958001136779785156 0.34363323450088500977 13.731951713562011719 4.8221712112426757812
