tests/data/reference/gistest/full/control/crillvout_m3.asc
ncols        125
nrows        78
xllcorner    -713756.799299980048
yllcorner    -1061032.369616159936
cellsize     10.000000000000
NODATA_value  -9999
[rows 40 to 59 of 78, columns 0 to 43 of 125]
-9999 -9999 -9999 -9999 -9999 -9999 -9999 -9999 -9999 -9999 0 0 197.2612457275390625 4.2983002662658691406 0 0.26189243793487548828 9.6503229141235351562 23.594022750854492188 2.4980342388153076172 64.0716094970703125 42.227672576904296875 54.9832000732421875 106.47388458251953125 42.44635009765625 3.3691098690032958984 0 3.4387185573577880859 12.244448661804199219 3.2806966304779052734 2.9772365093231201172 2.4071531295776367188 2.2866876125335693359 0 3.2920255661010742188 8.423503875732421875 13.031760215759277344 17.23020172119140625 21.4456634521484375 25.69762420654296875 0 0 18.073211669921875 5.1825780868530273438 9.6905155181884765625
-9999 -9999 -9999 -9999 -9999 -9999 -9999 -9999 -9999 -9999 0 172.8426055908203125 12.971231460571289062 0 0 4.8326191902160644531 18.26573944091796875 0 58.72381591796875 37.2687225341796875 50.3511810302734375 102.10134124755859375 38.004581451416015625 0 0 3.4751334190368652344 7.6890392303466796875 0 0 0 0 0 2.9093656539916992188 8.049541473388671875 12.971921920776367188 17.565736770629882812 21.927770614624023438 26.236309051513671875 0 30.712078094482421875 4.7158689498901367188 5.0053420066833496094 22.803256988525390625 27.159809112548828125
-9999 -9999 -9999 -9999 -9999 -9999 -9999 -9999 -9999 0 0 153.93768310546875 9.3407602310180664062 0 0.11860267817974090576 13.863073348999023438 18.396556854248046875 53.567996978759765625 31.745237350463867188 45.157154083251953125 97.47841644287109375 33.517230987548828125 3.1179013252258300781 7.7471985816955566406 12.416642189025878906 16.785961151123046875 221.95147705078125 248.1189117431640625 252.33544921875 256.256866455078125 259.778045654296875 264.246307373046875 269.461395263671875 274.25604248046875 278.821929931640625 283.164154052734375 287.3394775390625 291.429107666015625 326.367645263671875 335.1246337890625 374.992950439453125 388.169342041015625 401.15771484375 405.16815185546875
-9999 -9999 -9999 -9999 -9999 -9999 -9999 -9999 0 0 140.940704345703125 1.3232705593109130859 5.3624019622802734375 0 9.15950775146484375 14.027622222900390625 22.846332550048828125 27.196161270141601562 39.89456939697265625 92.20282745361328125 28.71399688720703125 0 0 3.3186261653900146484 173.960662841796875 196.0034027099609375 16.683824539184570312 7.7227964401245117188 12.103835105895996094 16.281618118286132812 20.183763504028320312 24.833948135375976562 30.015840530395507812 34.8483734130859375 39.4760894775390625 43.9358978271484375 48.261020660400390625 52.525115966796875 56.726108551025390625 61.1904144287109375 65.852203369140625 70.2758941650390625 74.51248931884765625 78.77767181396484375
-9999 -9999 -9999 -9999 -9999 -9999 -9999 -9999 0 0.10925831645727157593 128.0258331298828125 0 1.1078267097473144531 5.1662626266479492188 9.575771331787109375 18.473207473754882812 22.874185562133789062 35.797168731689453125 87.588592529296875 23.599557876586914062 28.853719711303710938 68.66168212890625 112.4649658203125 160.5346221923828125 12.184174537658691406 12.344545364379882812 3.6124901771545410156 0 3.5394885540008544922 7.8078780174255371094 11.889887809753417969 16.486711502075195312 21.47348785400390625 26.179430007934570312 30.705533981323242188 35.130680084228515625 39.470951080322265625 709.44427490234375 770.5516357421875 831.82513427734375 893.243896484375 954.513916015625 1015.6356201171875 1093.8734130859375
-9999 -9999 -9999 -9999 -9999 -9999 -9999 -9999 0 105.14472198486328125 8.885738372802734375 0 0.90185028314590454102 5.6025495529174804688 14.312901496887207031 18.641284942626953125 31.529773712158203125 83.65552520751953125 19.268922805786132812 24.082286834716796875 29.167406082153320312 33.873760223388671875 38.293338775634765625 7.8564953804016113281 7.7108035087585449219 0 0 3.7461571693420410156 8.07535552978515625 12.397977828979492188 16.676534652709960938 21.172588348388671875 25.874019622802734375 30.4272308349609375 551.793212890625 604.36907958984375 661.23406982421875 52.56163787841796875 52.779407501220703125 52.95473480224609375 53.11560821533203125 53.17566680908203125 70.1976165771484375 57.440731048583984375
-9999 -9999 -9999 -9999 -9999 -9999 -9999 0 87.2414398193359375 4.4214878082275390625 4.7750592231750488281 0 1.1301438808441162109 10.3501739501953125 14.732151985168457031 27.583415985107421875 79.3893280029296875 14.726883888244628906 19.262144088745117188 24.037204742431640625 29.102695465087890625 33.866252899169921875 3.5501708984375 3.5626091957092285156 3.4070115089416503906 7.9115490913391113281 12.658535957336425781 17.113698959350585938 21.290042877197265625 25.623693466186523438 30.088291168212890625 34.479198455810546875 463.82916259765625 512.01019287109375 43.372501373291015625 47.9019622802734375 48.198352813720703125 48.493976593017578125 48.742778778076171875 48.90830230712890625 49.033329010009765625 66.18401336669921875 53.3835296630859375 66.1475982666015625
-9999 -9999 -9999 -9999 -9999 -9999 -9999 3.4647870063781738281 30.099668502807617188 0.77957767248153686523 1.2873797416687011719 0 6.1383852958679199219 10.848356246948242188 23.912084579467773438 75.88185882568359375 10.727237701416015625 14.691845893859863281 18.811687469482421875 23.54222869873046875 28.720323562622070312 0 0 0 0 3.6251683235168457031 8.3161439895629882812 12.759198188781738281 297.391448974609375 336.76715087890625 376.3975830078125 420.149078369140625 38.863201141357421875 39.02642822265625 43.534915924072265625 43.79451751708984375 44.0164337158203125 44.2328948974609375 44.436458587646484375 44.57320404052734375 61.823657989501953125 49.099945068359375 61.963619232177734375 53.50182342529296875
-9999 -9999 -9999 -9999 -9999 -9999 0 33.1972808837890625 26.555028915405273438 0 0 1.3580238819122314453 6.0571079254150390625 19.464456558227539062 71.73686981201171875 6.7718038558959960938 10.982825279235839844 14.945466995239257812 18.8926239013671875 23.528659820556640625 28.62220001220703125 64.15459442138671875 99.5009918212890625 134.7780914306640625 196.3180389404296875 218.4033355712890625 244.897125244140625 275.6563720703125 30.095907211303710938 30.151247024536132812 34.6014251708984375 34.68682861328125 34.6949310302734375 39.114200592041015625 39.33274078369140625 39.52115631103515625 39.674297332763671875 39.8451385498046875 40.05178070068359375 57.36428070068359375 44.61492919921875 57.547641754150390625 49.119052886962890625 49.226715087890625
-9999 -9999 -9999 -9999 -9999 0 0 5.0847063064575195312 18.558588027954101562 0 0 0.27152523398399353027 13.810276985168457031 66.66351318359375 1.9810571670532226562 6.5211362838745117188 10.963853836059570312 15.154973030090332031 19.144468307495117188 23.742025375366210938 24.490926742553710938 24.965410232543945312 25.288530349731445312 51.9655609130859375 12.82524871826171875 17.301134109497070312 21.654039382934570312 25.9786224365234375 26.017015457153320312 30.287961959838867188 30.362552642822265625 30.43019866943359375 34.699642181396484375 34.74927520751953125 34.849933624267578125 34.972286224365234375 35.0973358154296875 35.275173187255859375 52.747081756591796875 40.06499481201171875 53.0493927001953125 44.591320037841796875 44.702632904052734375 44.830226898193359375
-9999 -9999 -9999 -9999 -9999 0 13.202374458312988281 0.84404253959655761719 4.9090371131896972656 0 0 7.9284925460815429688 60.625186920166015625 0 1.6345829963684082031 6.3873414993286132812 10.975139617919921875 15.255715370178222656 19.207843780517578125 19.50168609619140625 20.220525741577148438 20.77927398681640625 47.547931671142578125 8.4131832122802734375 13.114984512329101562 17.58574676513671875 21.865938186645507812 21.945669174194335938 26.29712677001953125 26.292016983032226562 26.281557083129882812 30.613222122192382812 30.64017486572265625 30.633085250854492188 30.625301361083984375 30.643459320068359375 30.694162368774414062 48.057003021240234375 35.357997894287109375 48.475555419921875 40.07714080810546875 40.182491302490234375 40.251064300537109375 40.3580780029296875
-9999 -9999 -9999 -9999 0 0 7.7741260528564453125 0 0 0 2.4055571556091308594 33.371059417724609375 12.183938980102539062 0 1.2459468841552734375 6.2683467864990234375 10.934826850891113281 15.259903907775878906 14.962082862854003906 15.144486427307128906 15.865969657897949219 43.035308837890625 4.0023818016052246094 8.7302913665771484375 13.378544807434082031 17.827505111694335938 17.877704620361328125 22.236057281494140625 22.332880020141601562 22.348859786987304688 26.605001449584960938 26.628366470336914062 26.656497955322265625 26.652299880981445312 26.606012344360351562 26.537200927734375 43.785678863525390625 30.828399658203125 43.829151153564453125 35.43257904052734375 35.67826080322265625 35.776042938232421875 35.76616668701171875 35.814708709716796875
-9999 -9999 -9999 -9999 0 9.7880773544311523438 0 0 0 0 0 18.693798065185546875 6.597377777099609375 0 0.65750795602798461914 5.9749732017517089844 10.6774444580078125 10.7877197265625 10.568709373474121094 10.531264305114746094 37.46677398681640625 0 3.8332355022430419922 8.6266412734985351562 13.273260116577148438 13.514192581176757812 17.910696029663085938 17.997922897338867188 18.097875595092773438 22.419900894165039062 22.37067413330078125 22.349439620971679688 22.35923004150390625 22.378435134887695312 22.373571395874023438 39.668277740478515625 26.649831771850585938 39.5541229248046875 30.888973236083984375 31.044946670532226562 31.3188018798828125 31.417119979858398438 31.3562469482421875 31.341653823852539062
-9999 -9999 -9999 0 0 0 0 0 0 0 0 5.2338438034057617188 0 0 0 5.3643693923950195312 5.8295874595642089844 6.1474742889404296875 6.1249251365661621094 14.485520362854003906 9.8847208023071289062 0 2.8766787052154541016 7.9183588027954101562 8.4432992935180664062 13.169279098510742188 13.412052154541015625 13.534269332885742188 17.941289901733398438 17.963901519775390625 17.879150390625 17.796535491943359375 17.772615432739257812 17.843486785888671875 35.32889556884765625 22.372285842895507812 35.4075469970703125 26.741779327392578125 26.676191329956054688 26.740343093872070312 26.963029861450195312 27.0749359130859375 27.040164947509765625 44.39307403564453125
-9999 -9999 -9999 0 0 0 0 0 0 0 0 0 0 0 0 0 0.3062216639518737793 0.85762709379196166992 1.1754039525985717773 0.42081934213638305664 3.4058864116668701172 0 1.2117683887481689453 2.4047601222991943359 7.4714651107788085938 8.144962310791015625 8.6145925521850585938 13.18857574462890625 13.346019744873046875 13.396164894104003906 13.328629493713378906 13.2173919677734375 13.136743545532226562 30.6510009765625 17.77358245849609375 30.927381515502929688 22.342815399169921875 22.385204315185546875 22.354841232299804688 22.394548416137695312 22.541360855102539062 22.644239425659179688 40.10663604736328125 27.01207733154296875
-9999 -9999 0 0 0.85821795463562011719 0 0 0 0 -9999 -9999 -9999 0 0 0 0 0 0 0 0 0 0 0 0.066102445125579833984 1.2171933650970458984 2.2613496780395507812 7.5522279739379882812 8.1505718231201171875 8.4968023300170898438 8.6592683792114257812 8.6761112213134765625 8.5925607681274414062 25.941389083862304688 12.910916328430175781 26.188646316528320312 17.642858505249023438 17.780054092407226562 17.850744247436523438 17.860078811645507812 17.955753326416015625 18.100038528442382812 35.6609954833984375 22.5981292724609375 22.626588821411132812
-9999 -9999 0 1.643927454948425293 0 0 0 -9999 -9999 -9999 -9999 -9999 -9999 0 0 0 1.9117326736450195312 0 0 2.6440021991729736328 0.2886066436767578125 0 0 0 0 0.24533136188983917236 1.7055791616439819336 2.7037444114685058594 3.3448164463043212891 3.6589269638061523438 3.7886152267456054688 21.330663681030273438 8.1019468307495117188 21.300363540649414062 12.840975761413574219 13.062886238098144531 13.238133430480957031 13.312654495239257812 13.301021575927734375 13.446318626403808594 31.200038909912109375 18.164583206176757812 18.194210052490234375 13.811984062194824219
-9999 0 0 0 0 0 0 -9999 -9999 -9999 -9999 -9999 -9999 -9999 -9999 -9999 0 8.2842588424682617188 0 0 0 14.061887741088867188 -9999 -9999 0 0 0 0 0 0 16.034650802612304688 3.0883655548095703125 16.348155975341796875 7.8030157089233398438 8.2063570022583007812 8.4878664016723632812 8.6828126907348632812 8.76378631591796875 8.72920989990234375 26.472503662109375 13.63562774658203125 13.782792091369628906 9.3720407485961914062 9.372295379638671875
-9999 0 0 0 0 0 -9999 -9999 -9999 -9999 -9999 -9999 -9999 -9999 -9999 -9999 -9999 -9999 -9999 -9999 -9999 -9999 -9999 -9999 0 0 0 0.12064742296934127808 5.740497589111328125 10.397961616516113281 0 10.510416984558105469 2.1652128696441650391 2.7094006538391113281 3.3849771022796630859 3.7542986869812011719 3.9489545822143554688 4.0744585990905761719 21.703607559204101562 8.7285928726196289062 9.144664764404296875 4.897190093994140625 4.8964571952819824219 18.147653579711914062
-9999 -9999 0 0 0 -9999 -9999 -9999 -9999 -9999 -9999 -9999 -9999 -9999 -9999 -9999 -9999 -9999 -9999 -9999 -9999 -9999 -9999 -9999 -9999 -9999 -9999 0 0 0.83384335041046142578 3.7991995811462402344 0 0 0 0 0 0 16.85015869140625 3.8115441799163818359 4.1211915016174316406 0.13939292728900909424 0.34230980277061462402 13.653370857238769531 4.7950010299682617188
