tests/data/reference/gistest/full/control/crillvout_m3.asc
ncols        125
nrows        78
xllcorner    -713756.799299980048
yllcorner    -1061032.369616159936
cellsize     10.000000000000
NODATA_value  -9999
[rows 20 to 39 of 78, columns 0 to 43 of 125]
-9999 -9999 -9999 -9999 -9999 -9999 -9999 -9999 -9999 -9999 -9999 -9999 -9999 -9999 -9999 -9999 0 3.5498409271240234375 8.2902154922485351562 21.5924224853515625 171.7496337890625 6.8079595565795898438 0 3.9621670246124267578 0 0 145.9706573486328125 134.1949615478515625 130.0969085693359375 4.3298273086547851562 110.898773193359375 18.395954132080078125 0.73736673593521118164 40.94365692138671875 119.71042633056640625 14.191423416137695312 86.2805328369140625 116.27808380126953125 55.2255401611328125 71.67504119873046875 80.41754150390625 62.684246063232421875 32.281894683837890625 71.73546600341796875
-9999 -9999 -9999 -9999 -9999 -9999 -9999 -9999 -9999 -9999 -9999 -9999 -9999 -9999 -9999 -9999 2.6853785514831542969 7.1047515869140625 11.175942420959472656 201.402618408203125 15.656430244445800781 0 0 0 0 25.599033355712890625 149.3205718994140625 138.0793609619140625 134.402587890625 8.9277820587158203125 115.36487579345703125 0.59551465511322021484 22.983348846435546875 49.81674957275390625 123.9851226806640625 18.64452362060546875 90.5423736572265625 120.50250244140625 59.460742950439453125 75.9603271484375 84.74265289306640625 67.05504608154296875 36.747669219970703125 76.17201995849609375
-9999 -9999 -9999 -9999 -9999 -9999 -9999 -9999 -9999 -9999 -9999 -9999 -9999 -9999 -9999 -9999 5.9897556304931640625 9.9532194137573242188 11.867070198059082031 227.428253173828125 0 0 0 0 4.8709931373596191406 30.074270248413085938 153.4289703369140625 142.6420745849609375 138.9680938720703125 13.525938987731933594 119.7369842529296875 0.58638471364974975586 5.1639189720153808594 27.458532333374023438 181.7803497314453125 23.06664276123046875 94.81137847900390625 124.82292938232421875 0.79108202457427978516 143.512115478515625 89.10205078125 71.41217803955078125 41.160320281982421875 80.527740478515625
-9999 -9999 -9999 -9999 -9999 -9999 -9999 -9999 -9999 -9999 -9999 -9999 -9999 -9999 -9999 0 7.1980357170104980469 34.440059661865234375 239.6562042236328125 0 0 0 0 0 37.479824066162109375 34.966091156005859375 159.1095123291015625 148.386871337890625 144.3858642578125 18.063358306884765625 124.02556610107421875 0.55724120140075683594 5.1618928909301757812 9.687885284423828125 31.880769729614257812 212.778778076171875 99.1190643310546875 129.2755126953125 0.94430112838745117188 152.44903564453125 93.4805908203125 75.7477569580078125 45.516056060791015625 84.79927825927734375
-9999 -9999 -9999 -9999 -9999 -9999 -9999 -9999 -9999 -9999 -9999 -9999 -9999 -9999 -9999 0 307.859954833984375 300.2706298828125 2.2372157573699951172 0 0 0 0 0.37832808494567871094 8.382720947265625 42.42989349365234375 204.0677032470703125 153.3785400390625 149.18511962890625 23.36107635498046875 1.1907697916030883789 128.4964599609375 5.1404118537902832031 9.6398248672485351562 14.054660797119140625 252.5398101806640625 103.37261199951171875 133.6560516357421875 1.0015456676483154297 161.2900390625 97.8051605224609375 80.07769775390625 49.90038299560546875 89.1107177734375
-9999 -9999 -9999 -9999 -9999 -9999 -9999 -9999 -9999 -9999 -9999 -9999 -9999 -9999 -9999 337.083526611328125 0 0 0 0 0 0 10.327147483825683594 20.073778152465820312 5.005596160888671875 13.692399978637695312 47.861614227294921875 366.21124267578125 153.9001312255859375 28.152740478515625 1.2999093532562255859 5.9574337005615234375 133.66558837890625 10.291165351867675781 13.881072044372558594 18.283933639526367188 363.91107177734375 0.80210554599761962891 138.14984130859375 5.4763054847717285156 266.790740966796875 84.412872314453125 54.316558837890625 93.46648406982421875
-9999 -9999 -9999 -9999 -9999 -9999 -9999 -9999 -9999 -9999 -9999 -9999 -9999 0 0 19.831609725952148438 0.24865388870239257812 0 0 0 0 0 28.695713043212890625 14.450922012329101562 24.872468948364257812 9.7012128829956054688 18.234973907470703125 421.84527587890625 158.0827484130859375 32.51956939697265625 5.7719769477844238281 1.1879727840423583984 10.5033416748046875 137.98370361328125 14.549245834350585938 18.827808380126953125 22.7930450439453125 368.379669189453125 5.4054360389709472656 142.468719482421875 9.9153614044189453125 359.0035400390625 58.6960906982421875 97.78134918212890625
-9999 -9999 -9999 -9999 -9999 -9999 -9999 -9999 -9999 -9999 -9999 -9999 -9999 -9999 0 0 0 0 0 0 0 22.378795623779296875 26.706022262573242188 64.857635498046875 89.09403228759765625 123.3206787109375 142.05377197265625 168.9175872802734375 425.348175048828125 161.913055419921875 36.773715972900390625 10.226255416870117188 5.6559901237487792969 14.767955780029296875 141.9982452392578125 18.994756698608398438 23.740240097045898438 28.289220809936523438 373.575927734375 9.8893003463745117188 146.8284149169921875 376.71136474609375 63.03326416015625 102.0527191162109375
-9999 -9999 -9999 -9999 -9999 -9999 -9999 -9999 -9999 -9999 -9999 -9999 -9999 -9999 -9999 -9999 0 0 0 0 10.363199234008789062 14.900238037109375 19.528011322021484375 24.291437149047851562 29.173229217529296875 34.080074310302734375 39.006191253662109375 43.55498504638671875 221.511627197265625 656.21661376953125 166.2559051513671875 41.1088409423828125 14.373524665832519531 9.65160369873046875 18.816251754760742188 146.4481658935546875 23.987283706665039062 28.490732192993164062 32.744930267333984375 377.86431884765625 15.032644271850585938 531.24188232421875 67.41242218017578125 106.44661712646484375
-9999 -9999 -9999 -9999 -9999 -9999 -9999 -9999 -9999 -9999 -9999 -9999 -9999 -9999 -9999 -9999 -9999 0 0 12.6346282958984375 17.2391204833984375 21.775541305541992188 26.217718124389648438 31.000829696655273438 36.047657012939453125 41.077991485595703125 46.086193084716796875 50.651775360107421875 54.77616119384765625 59.2523651123046875 725.23699951171875 900.40460205078125 949.8831787109375 18.344797134399414062 13.846477508544921875 23.422393798828125 151.201904296875 183.28656005859375 219.397674560546875 37.02422332763671875 382.2303466796875 19.692354202270507812 607.42193603515625 110.96257781982421875
-9999 -9999 -9999 -9999 -9999 -9999 -9999 -9999 -9999 -9999 -9999 -9999 -9999 -9999 -9999 -9999 -9999 0 0 8.1381359100341796875 13.003902435302734375 17.669994354248046875 459.91302490234375 464.503997802734375 469.382049560546875 474.129058837890625 478.79901123046875 483.13385009765625 487.1195068359375 491.415802001953125 496.0511474609375 500.327850341796875 504.23858642578125 1462.7698974609375 1489.5517578125 1512.203857421875 1544.530517578125 1548.889892578125 1553.1280517578125 1780.4193115234375 1825.204345703125 2214.56494140625 2240.963623046875 725.7965087890625
-9999 -9999 -9999 -9999 -9999 -9999 -9999 -9999 -9999 -9999 -9999 -9999 -9999 -9999 -9999 -9999 0 0 7.7618045806884765625 107.5189056396484375 162.9996795654296875 432.09564208984375 30.012285232543945312 70.3914337158203125 119.60357666015625 124.38893890380859375 247.912017822265625 296.897491455078125 406.365081787109375 410.940093994140625 415.69378662109375 420.154022216796875 424.294952392578125 428.22412109375 431.7601318359375 435.996917724609375 441.0870361328125 1131.6436767578125 1149.9881591796875 1172.6112060546875 1221.5048828125 1261.3397216796875 1296.3995361328125 3543.85009765625
-9999 -9999 -9999 -9999 -9999 -9999 -9999 -9999 -9999 -9999 -9999 -9999 -9999 -9999 -9999 0 0 52.25901031494140625 89.23050689697265625 43.75026702880859375 257.923553466796875 25.356105804443359375 30.140199661254882812 39.14670562744140625 48.33135223388671875 114.20632171630859375 39.6280364990234375 100.50075531005859375 78.0194244384765625 82.43813323974609375 87.58538055419921875 92.003204345703125 447.118194580078125 482.105224609375 525.67657470703125 578.4114990234375 680.69049072265625 9.160556793212890625 14.222841262817382812 41.08289337158203125 32.7559661865234375 28.528600692749023438 28.49613189697265625 73.01181793212890625
-9999 -9999 -9999 -9999 -9999 -9999 -9999 -9999 -9999 -9999 -9999 -9999 -9999 -9999 -9999 0 12.212726593017578125 27.040754318237304688 40.048187255859375 254.1093292236328125 20.472242355346679688 24.959012985229492188 33.966213226318359375 43.477169036865234375 56.155162811279296875 34.80905914306640625 95.45694732666015625 73.53855133056640625 86.44878387451171875 228.8149261474609375 307.2900390625 346.793609619140625 26.528974533081054688 35.134151458740234375 43.821842193603515625 93.0120391845703125 4.4825448989868164062 9.078449249267578125 35.706439971923828125 27.22347259521484375 23.080949783325195312 23.28112030029296875 37.44799041748046875 24.316148757934570312
-9999 -9999 -9999 -9999 -9999 -9999 -9999 -9999 -9999 -9999 -9999 -9999 -9999 -9999 0 1.5237309932708740234 22.5068206787109375 35.808155059814453125 250.3568878173828125 16.480499267578125 20.77031707763671875 29.447971343994140625 38.246936798095703125 51.413532257080078125 30.160556793212890625 91.18015289306640625 69.1287384033203125 81.890533447265625 133.654937744140625 70.09636688232421875 31.332078933715820312 22.489007949829101562 31.1491241455078125 39.898242950439453125 88.9875946044921875 0.29642349481582641602 4.879512786865234375 31.43045806884765625 22.774446487426757812 18.501283645629882812 18.674566268920898438 32.092071533203125 19.018842697143554688 19.154867172241210938
-9999 -9999 -9999 -9999 -9999 -9999 -9999 -9999 -9999 -9999 -9999 -9999 -9999 0 0 18.165889739990234375 31.3108673095703125 246.025390625 12.109484672546386719 16.578668594360351562 25.303903579711914062 33.948062896728515625 46.864803314208984375 25.339151382446289062 86.4406890869140625 64.54331207275390625 77.32244873046875 129.0699615478515625 65.6086273193359375 26.894985198974609375 18.149139404296875 26.996633529663085938 35.78649139404296875 71.49334716796875 9.3789072036743164062 0.38552945852279663086 26.977582931518554688 18.299488067626953125 13.9906005859375 14.156437873840332031 27.600337982177734375 14.501139640808105469 14.614656448364257812 14.665764808654785156
-9999 -9999 -9999 -9999 -9999 -9999 -9999 -9999 -9999 -9999 -9999 -9999 -9999 0 13.399669647216796875 26.956705093383789062 241.8378448486328125 7.5371775627136230469 12.161542892456054688 21.042665481567382812 29.803354263305664062 42.75400543212890625 20.954776763916015625 81.97109222412109375 59.9123077392578125 72.70139312744140625 124.4566802978515625 60.774852752685546875 22.144695281982421875 13.484241485595703125 22.375623703002929688 31.270069122314453125 62.521060943603515625 0.46806579828262329102 4.9071726799011230469 22.458448410034179688 13.647968292236328125 9.2820196151733398438 9.3767442703247070312 22.843873977661132812 9.7333555221557617188 9.9292964935302734375 10.087053298950195312 10.127900123596191406
-9999 -9999 -9999 -9999 -9999 -9999 -9999 -9999 -9999 -9999 -9999 -9999 0 0 21.586912155151367188 237.2640533447265625 3.0008003711700439453 7.5927491188049316406 16.59781646728515625 25.479816436767578125 38.5643463134765625 16.80124664306640625 77.833953857421875 55.67110443115234375 68.34188079833984375 120.0415191650390625 56.123569488525390625 17.198177337646484375 8.5828752517700195312 17.51888275146484375 26.318780899047851562 17.60041046142578125 35.4720001220703125 0.071910858154296875 17.880182266235351562 8.997188568115234375 4.4500255584716796875 4.4686779975891113281 17.84911346435546875 4.6239485740661621094 4.7781977653503417969 5.0624952316284179688 5.4041690826416015625 1.0652352571487426758
-9999 -9999 -9999 -9999 -9999 -9999 -9999 -9999 -9999 -9999 -9999 0 0 16.132585525512695312 231.67742919921875 0 2.5898387432098388672 11.781873703002929688 20.89093017578125 34.144775390625 12.383275985717773438 73.636871337890625 51.385120391845703125 64.03101348876953125 115.72458648681640625 51.595672607421875 12.5753021240234375 3.7985875606536865234 12.744023323059082031 21.522565841674804688 12.527074813842773438 12.610880851745605469 12.6693115234375 12.782996177673339844 4.3037309646606445312 0 0 12.804888725280761719 0 0 0 0.060353670269250869751 0.70640379190444946289 5.4123063087463378906
-9999 -9999 -9999 -9999 -9999 -9999 -9999 -9999 -9999 -9999 -9999 0 9.9701099395751953125 217.7172698974609375 0.74730455875396728516 0 5.9771366119384765625 15.579919815063476562 29.292621612548828125 7.7159657478332519531 69.1913299560546875 47.065814971923828125 59.68955230712890625 111.3927459716796875 47.102909088134765625 7.8646974563598632812 0 8.1073780059814453125 16.91696929931640625 7.8570580482482910156 7.5358862876892089844 7.4886298179626464844 7.4676051139831542969 0 0 4.211391448974609375 8.267208099365234375 0 3.3204724788665771484 7.8737044334411621094 12.645371437072753906 0.003851001150906085968 0.65643382072448730469 5.3454451560974121094
