tests/data/reference/gistest/full/control/crillvout_m3.asc
ncols        125
nrows        78
xllcorner    -713756.799299980048
yllcorner    -1061032.369616159936
cellsize     10.000000000000
NODATA_value  -9999
[rows 20 to 39 of 78, columns 0 to 43 of 125]
-9999 -9999 -9999 -9999 -9999 -9999 -9999 -9999 -9999 -9999 -9999 -9999 -9999 -9999 -9999 -9999 0 3.5500531196594238281 8.2901811599731445312 21.591123580932617188 171.7332611083984375 6.8080263137817382812 0 3.9622936248779296875 0 0 145.9560546875 134.1829376220703125 130.08551025390625 4.3299245834350585938 110.89014434814453125 18.394773483276367188 0.73742771148681640625 40.940593719482421875 119.69647216796875 14.190680503845214844 86.273651123046875 116.26709747314453125 55.22072601318359375 71.66800689697265625 80.40949249267578125 62.678737640380859375 32.279499053955078125 71.72914886474609375
-9999 -9999 -9999 -9999 -9999 -9999 -9999 -9999 -9999 -9999 -9999 -9999 -9999 -9999 -9999 -9999 2.6856391429901123047 7.104930877685546875 11.17584991455078125 201.3838043212890625 15.656160354614257812 0 0 0 0 25.599132537841796875 149.3052825927734375 138.0666961669921875 134.390472412109375 8.9275655746459960938 115.3556365966796875 0.59556525945663452148 22.981672286987304688 49.812824249267578125 123.97040557861328125 18.64333343505859375 90.535125732421875 120.49090576171875 59.45550537109375 75.95276641845703125 84.73406982421875 67.0491485595703125 36.744846343994140625 76.1652374267578125
-9999 -9999 -9999 -9999 -9999 -9999 -9999 -9999 -9999 -9999 -9999 -9999 -9999 -9999 -9999 -9999 5.9900865554809570312 9.9533538818359375 11.867261886596679688 227.408355712890625 0 0 0 0 4.8715982437133789062 30.073934555053710938 153.412750244140625 142.628570556640625 138.9552154541015625 13.5252838134765625 119.72714996337890625 0.58643704652786254883 5.1639347076416015625 27.456377029418945312 181.7601776123046875 23.06499481201171875 94.8037567138671875 124.81069183349609375 0.79114943742752075195 143.4980926513671875 89.092926025390625 71.4058990478515625 41.15706634521484375 80.5205078125
-9999 -9999 -9999 -9999 -9999 -9999 -9999 -9999 -9999 -9999 -9999 -9999 -9999 -9999 -9999 0 7.1985135078430175781 34.439022064208984375 239.63427734375 0 0 0 0 0 37.478515625 34.965057373046875 159.0923309326171875 148.3725433349609375 144.3722381591796875 18.06223297119140625 124.0151214599609375 0.5572897791862487793 5.1619100570678710938 9.68756103515625 31.878143310546875 212.7553863525390625 99.11104583740234375 129.2625885009765625 0.94437366724014282227 152.434051513671875 93.47090911865234375 75.74108123779296875 45.51236724853515625 84.79158782958984375
-9999 -9999 -9999 -9999 -9999 -9999 -9999 -9999 -9999 -9999 -9999 -9999 -9999 -9999 -9999 0 307.835693359375 300.244293212890625 2.237457275390625 0 0 0 0 0.37836605310440063477 8.382648468017578125 42.428043365478515625 204.04766845703125 153.3635101318359375 149.170806884765625 23.359437942504882812 1.1908719539642333984 128.485382080078125 5.140430450439453125 9.6395092010498046875 14.053936958312988281 252.5121917724609375 103.36417388916015625 133.6424407958984375 1.0016177892684936523 161.274078369140625 97.7949066162109375 80.0706329345703125 49.896240234375 89.10256195068359375
-9999 -9999 -9999 -9999 -9999 -9999 -9999 -9999 -9999 -9999 -9999 -9999 -9999 -9999 -9999 337.06024169921875 0 0 0 0 0 0 10.327493667602539062 20.074014663696289062 5.0057373046875 13.692048072814941406 47.859088897705078125 366.1744384765625 153.8851470947265625 28.150665283203125 1.3000122308731079102 5.9574432373046875 133.6538543701171875 10.290820121765136719 13.880376815795898438 18.282802581787109375 363.873321533203125 0.80217438936233520508 138.1355133056640625 5.4762721061706542969 266.76318359375 84.4054107666015625 54.311946868896484375 93.45784759521484375
-9999 -9999 -9999 -9999 -9999 -9999 -9999 -9999 -9999 -9999 -9999 -9999 -9999 0 0 19.832836151123046875 0.248676300048828125 0 0 0 0 0 28.695344924926757812 14.45111846923828125 24.87229156494140625 9.7010812759399414062 18.2343292236328125 421.804168701171875 158.0671539306640625 32.5171356201171875 5.7720060348510742188 1.188074946403503418 10.50305938720703125 137.971435546875 14.548601150512695312 18.826677322387695312 22.791439056396484375 368.34075927734375 5.4054203033447265625 142.4536590576171875 9.9149885177612304688 358.967010498046875 58.69100189208984375 97.77220916748046875
-9999 -9999 -9999 -9999 -9999 -9999 -9999 -9999 -9999 -9999 -9999 -9999 -9999 -9999 0 0 0 0 0 0 0 22.378431320190429688 26.705305099487304688 64.8552093505859375 89.0902862548828125 123.3151702880859375 142.04669189453125 168.908477783203125 425.305877685546875 161.89678955078125 36.77092742919921875 10.226010322570800781 5.6560378074645996094 14.767368316650390625 141.9854736328125 18.993757247924804688 23.738656997680664062 28.28705596923828125 373.535797119140625 9.8889417648315429688 146.8126220703125 376.672943115234375 63.02768707275390625 102.04308319091796875
-9999 -9999 -9999 -9999 -9999 -9999 -9999 -9999 -9999 -9999 -9999 -9999 -9999 -9999 -9999 -9999 0 0 0 0 10.363901138305664062 14.900567054748535156 19.527849197387695312 24.290769577026367188 29.172048568725585938 34.078372955322265625 39.00395965576171875 43.552276611328125 221.498321533203125 656.158203125 166.2387542724609375 41.105670928955078125 14.372991561889648438 9.651454925537109375 18.815372467041015625 146.434783935546875 23.98581695556640625 28.488718032836914062 32.7423858642578125 377.823028564453125 15.031835556030273438 531.18603515625 67.406341552734375 106.436431884765625
-9999 -9999 -9999 -9999 -9999 -9999 -9999 -9999 -9999 -9999 -9999 -9999 -9999 -9999 -9999 -9999 -9999 0 0 12.634932518005371094 17.2393035888671875 21.775461196899414062 26.217355728149414062 31.000093460083007812 36.046459197998046875 41.076305389404296875 46.0839996337890625 50.649139404296875 54.7731475830078125 59.248889923095703125 725.1724853515625 900.31982421875 949.7918701171875 18.343982696533203125 13.846045494079589844 23.421113967895507812 151.187835693359375 183.2696990966796875 219.3774261474609375 37.02132415771484375 382.18780517578125 19.691152572631835938 607.3582763671875 110.95182037353515625
-9999 -9999 -9999 -9999 -9999 -9999 -9999 -9999 -9999 -9999 -9999 -9999 -9999 -9999 -9999 -9999 -9999 0 0 8.1386051177978515625 13.004055023193359375 17.669790267944335938 459.8653564453125 464.4542236328125 469.33013916015625 474.075164794921875 478.7431640625 483.07598876953125 487.05950927734375 491.353607177734375 495.98681640625 500.261505126953125 504.169891357421875 1462.6046142578125 1489.379638671875 1512.0252685546875 1544.3450927734375 1548.7000732421875 1552.9342041015625 1780.2001953125 1824.9771728515625 2214.2890625 2240.680419921875 725.7205810546875
-9999 -9999 -9999 -9999 -9999 -9999 -9999 -9999 -9999 -9999 -9999 -9999 -9999 -9999 -9999 -9999 0 0 7.7621469497680664062 107.5139923095703125 162.989532470703125 432.0511474609375 30.01029205322265625 70.385955810546875 119.59345245361328125 124.378082275390625 247.8891143798828125 296.869720458984375 406.323974609375 410.897735595703125 415.650177001953125 420.109283447265625 424.249114990234375 428.1771240234375 431.71185302734375 435.947113037109375 441.035552978515625 1131.5010986328125 1149.84130859375 1172.4595947265625 1221.3463134765625 1261.175048828125 1296.2291259765625 3543.389404296875
-9999 -9999 -9999 -9999 -9999 -9999 -9999 -9999 -9999 -9999 -9999 -9999 -9999 -9999 -9999 0 0 52.258533477783203125 89.22708892822265625 43.747112274169921875 257.89251708984375 25.354528427124023438 30.138128280639648438 39.143680572509765625 48.327457427978515625 114.19597625732421875 39.624897003173828125 100.48935699462890625 78.01099395751953125 82.42911529541015625 87.5757293701171875 91.99303436279296875 447.060943603515625 482.043304443359375 525.6087646484375 578.33642578125 680.60369873046875 9.1603918075561523438 14.222168922424316406 41.079700469970703125 32.753387451171875 28.526418685913085938 28.493978500366210938 73.00569915771484375
-9999 -9999 -9999 -9999 -9999 -9999 -9999 -9999 -9999 -9999 -9999 -9999 -9999 -9999 -9999 0 12.215983390808105469 27.039508819580078125 40.045444488525390625 254.08001708984375 20.471090316772460938 24.957433700561523438 33.96370697021484375 43.47374725341796875 56.15010833740234375 34.806365966796875 95.44629669189453125 73.53073883056640625 86.43909454345703125 228.7843170166015625 307.250213623046875 346.749053955078125 26.527082443237304688 35.131378173828125 43.818119049072265625 93.0041046142578125 4.4826312065124511719 9.078212738037109375 35.703762054443359375 27.221441268920898438 23.0792999267578125 23.279451370239257812 37.44486236572265625 24.31439971923828125
-9999 -9999 -9999 -9999 -9999 -9999 -9999 -9999 -9999 -9999 -9999 -9999 -9999 -9999 0 1.524501800537109375 22.506097793579101562 35.805908203125 250.3291473388671875 16.479717254638671875 20.769151687622070312 29.445953369140625 38.244029998779296875 51.40904998779296875 30.158382415771484375 91.17024993896484375 69.12154388427734375 81.88155364990234375 133.636077880859375 70.08939361572265625 31.329679489135742188 22.487491607666015625 31.146732330322265625 39.894901275634765625 88.98024749755859375 0.29644560813903808594 4.8795595169067382812 31.428190231323242188 22.772863388061523438 18.500097274780273438 18.67336273193359375 32.089450836181640625 19.017591476440429688 19.15358734130859375
-9999 -9999 -9999 -9999 -9999 -9999 -9999 -9999 -9999 -9999 -9999 -9999 -9999 0 0 18.16565704345703125 31.309146881103515625 245.9991455078125 12.10910797119140625 16.577898025512695312 25.30229949951171875 33.94559478759765625 46.86084747314453125 25.337511062622070312 86.4315948486328125 64.53675079345703125 77.31418609619140625 129.0522613525390625 65.602203369140625 26.893030166625976562 18.148042678833007812 26.994642257690429688 35.7835540771484375 71.48754119873046875 9.3786163330078125 0.38555896282196044922 26.97574615478515625 18.298353195190429688 13.989863395690917969 14.155680656433105469 27.598173141479492188 14.500327110290527344 14.613820075988769531 14.664913177490234375
-9999 -9999 -9999 -9999 -9999 -9999 -9999 -9999 -9999 -9999 -9999 -9999 -9999 0 13.400008201599121094 26.955488204956054688 241.8130645751953125 7.53717041015625 12.161180496215820312 21.041484832763671875 29.801288604736328125 42.75049591064453125 20.953580856323242188 81.96273040771484375 59.906383514404296875 72.69384765625 124.44017791748046875 60.769046783447265625 22.14324188232421875 13.483613014221191406 22.374111175537109375 31.267608642578125 62.51617431640625 0.46810600161552429199 4.9072141647338867188 22.457040786743164062 13.647302627563476562 9.2817363739013671875 9.3764486312866210938 22.842218399047851562 9.7330026626586914062 9.9289093017578125 10.086637496948242188 10.127478599548339844
-9999 -9999 -9999 -9999 -9999 -9999 -9999 -9999 -9999 -9999 -9999 -9999 0 0 21.586378097534179688 237.2407684326171875 3.0009703636169433594 7.5927453041076660156 16.597082138061523438 25.478179931640625 38.561279296875 16.800439834594726562 77.82625579833984375 55.665740966796875 68.33499908447265625 120.0261688232421875 56.118350982666015625 17.197252273559570312 8.582714080810546875 17.517892837524414062 26.316877365112304688 17.599424362182617188 35.469638824462890625 0.071906775236129760742 17.87921142578125 8.9969568252563476562 4.4501018524169921875 4.4687519073486328125 17.84801483154296875 4.6240057945251464844 4.7782382965087890625 5.0625052452087402344 5.4041485786437988281 1.0653073787689208984
-9999 -9999 -9999 -9999 -9999 -9999 -9999 -9999 -9999 -9999 -9999 0 0 16.132749557495117188 231.65582275390625 0 2.5900127887725830078 11.781622886657714844 20.889768600463867188 34.142192840576171875 12.382877349853515625 73.62981414794921875 51.380306243896484375 64.0247650146484375 115.71035003662109375 51.5910186767578125 12.574835777282714844 3.7987220287322998047 12.743521690368652344 21.521188735961914062 12.526618003845214844 12.610416412353515625 12.668867111206054688 12.782544136047363281 4.3038220405578613281 0 0 12.804343223571777344 0 0 0 0.060349959880113601685 0.70646184682846069336 5.4122991561889648438
-9999 -9999 -9999 -9999 -9999 -9999 -9999 -9999 -9999 -9999 -9999 0 9.9709672927856445312 217.69781494140625 0.74738937616348266602 0 5.9773602485656738281 15.579362869262695312 29.290599822998046875 7.7159457206726074219 69.1849517822265625 47.06154632568359375 59.6839141845703125 111.37957000732421875 47.098796844482421875 7.8646435737609863281 0 8.1072874069213867188 16.916078567504882812 7.8570055961608886719 7.5358734130859375 7.4886407852172851562 7.467624664306640625 0 0 4.2114925384521484375 8.2670793533325195312 0 3.3206362724304199219 7.8736572265625 12.644910812377929688 0.0038480272050946950912 0.6564896702766418457 5.345458984375
