tests/data/reference/gistest/full/control/crillvout_m3.asc
ncols        125
nrows        78
xllcorner    -713756.799299980048
yllcorner    -1061032.369616159936
cellsize     10.000000000000
NODATA_value  -9999
[rows 40 to 59 of 78, columns 0 to 43 of 125]
-9999 -9999 -9999 -9999 -9999 -9999 -9999 -9999 -9999 -9999 0 0 198.3515472412109375 4.3220219612121582031 0 0.26233160495758056641 9.7055711746215820312 23.73206329345703125 2.5115711688995361328 64.44902801513671875 42.4773406982421875 55.311214447021484375 107.1115570068359375 42.696552276611328125 3.3878750801086425781 0 3.4576189517974853516 12.314876556396484375 3.2989299297332763672 2.9937398433685302734 2.4201145172119140625 2.2988469600677490234 0 3.3102328777313232422 8.4715814590454101562 13.107212066650390625 17.329914093017578125 21.569667816162109375 25.847154617309570312 0 0 18.178144454956054688 5.2119994163513183594 9.746555328369140625
-9999 -9999 -9999 -9999 -9999 -9999 -9999 -9999 -9999 -9999 0 173.796112060546875 13.045596122741699219 0 0 4.8596057891845703125 18.372190475463867188 0 59.069454193115234375 37.488246917724609375 50.65087890625 102.7120819091796875 38.22873687744140625 0 0 3.4942483901977539062 7.73281097412109375 0 0 0 0 0 2.9251124858856201172 8.095432281494140625 13.046810150146484375 17.667697906494140625 22.055250167846679688 26.38935089111328125 0 30.891347885131835938 4.7425398826599121094 5.0340352058410644531 22.9356536865234375 27.3178558349609375
-9999 -9999 -9999 -9999 -9999 -9999 -9999 -9999 -9999 0 0 154.82025146484375 9.3939533233642578125 0 0.11872016638517379761 13.943267822265625 18.503814697265625 53.8822479248046875 31.931880950927734375 45.425350189208984375 98.06090545654296875 33.714076995849609375 3.1348848342895507812 7.7914705276489257812 12.4884490966796875 16.883478164672851562 223.2599945068359375 249.581512451171875 253.8243255615234375 257.769775390625 261.312286376953125 265.807952880859375 271.05523681640625 275.878997802734375 280.47344970703125 284.841705322265625 289.04290771484375 293.157867431640625 328.301910400390625 337.111785888671875 377.216461181640625 390.470703125 403.536346435546875 407.57122802734375
-9999 -9999 -9999 -9999 -9999 -9999 -9999 -9999 0 0 141.745758056640625 1.3297219276428222656 5.3925948143005371094 0 9.2120866775512695312 14.109007835388183594 22.9794921875 27.355344772338867188 40.130771636962890625 92.75286102294921875 28.882297515869140625 0 0 3.3371288776397705078 174.987579345703125 197.1601409912109375 16.780559539794921875 7.7666177749633789062 12.173251152038574219 16.376033782958984375 20.30045318603515625 24.97827911376953125 30.191034317016601562 35.05207061767578125 39.707309722900390625 44.19318389892578125 48.54395294189453125 52.8334197998046875 57.059902191162109375 61.550479888916015625 66.2401885986328125 70.69057464599609375 74.95236968994140625 79.242919921875
-9999 -9999 -9999 -9999 -9999 -9999 -9999 -9999 0 0.10954856127500534058 128.75152587890625 0 1.1130062341690063477 5.1950635910034179688 9.6307573318481445312 18.5804595947265625 23.007762908935546875 36.009098052978515625 88.1107330322265625 23.737300872802734375 29.023313522338867188 69.06612396240234375 113.1280364990234375 161.48193359375 12.254277229309082031 12.415831565856933594 3.632648468017578125 0 3.5591113567352294922 7.8521676063537597656 11.958414077758789062 16.581760406494140625 21.598234176635742188 26.3318328857421875 30.884799957275390625 35.33574676513671875 39.701679229736328125 713.6256103515625 775.094482421875 836.730712890625 898.513427734375 960.1456298828125 1021.62872314453125 1100.3314208984375
-9999 -9999 -9999 -9999 -9999 -9999 -9999 -9999 0 105.73685455322265625 8.9360952377319335938 0 0.90583628416061401367 5.634052276611328125 14.395882606506347656 18.75006103515625 31.716352462768554688 84.1531219482421875 19.38101959228515625 24.222864151000976562 29.33843994140625 34.073047637939453125 38.51914215087890625 7.9012126922607421875 7.7546229362487792969 0 0 3.7671458721160888672 8.1217508316040039062 12.469632148742675781 16.772981643676757812 21.295513153076171875 26.024370193481445312 30.604345321655273438 555.0438232421875 607.929931640625 665.13165283203125 52.870784759521484375 53.09002685546875 53.26629638671875 53.427433013916015625 53.48789215087890625 70.612884521484375 57.77857208251953125
-9999 -9999 -9999 -9999 -9999 -9999 -9999 0 87.73436737060546875 4.4460911750793457031 4.8017573356628417969 0 1.1354439258575439453 10.409742355346679688 14.817386627197265625 27.745923995971679688 79.8610992431640625 14.811964035034179688 19.37432098388671875 24.177867889404296875 29.27344512939453125 34.065723419189453125 3.5698037147521972656 3.5823893547058105469 3.4257707595825195312 7.9566493034362792969 12.731496810913085938 17.212541580200195312 21.413827896118164062 25.773252487182617188 30.263988494873046875 34.68074798583984375 466.5621337890625 515.02783203125 43.627056121826171875 48.184268951416015625 48.481426239013671875 48.7791290283203125 49.028964996337890625 49.195247650146484375 49.3213958740234375 66.57595062255859375 53.6979827880859375 66.53951263427734375
-9999 -9999 -9999 -9999 -9999 -9999 -9999 3.4791362285614013672 30.275157928466796875 0.78278321027755737305 1.2935960292816162109 0 6.1730813980102539062 10.91106414794921875 24.052921295166015625 76.3322296142578125 10.789288520812988281 14.77678680419921875 18.921237945556640625 23.679904937744140625 28.889142990112304688 0 0 0 0 3.6454329490661621094 8.3636331558227539062 12.832579612731933594 299.14306640625 338.7509765625 378.614898681640625 422.624542236328125 39.091045379638671875 39.25518798828125 43.791164398193359375 44.051448822021484375 44.274662017822265625 44.49267578125 44.696941375732421875 44.834384918212890625 62.189250946044921875 49.389019012451171875 62.330821990966796875 53.81751251220703125
-9999 -9999 -9999 -9999 -9999 -9999 0 33.39362335205078125 26.7090301513671875 0 0 1.3647192716598510742 6.0916237831115722656 19.578557968139648438 72.16217803955078125 6.8105483055114746094 11.046009063720703125 15.03238677978515625 19.002408981323242188 23.66640472412109375 28.79058837890625 64.53244781494140625 100.08708953857421875 135.57257080078125 197.4753875732421875 219.6907196044921875 246.339599609375 277.27960205078125 30.2720489501953125 30.327363967895507812 34.804546356201171875 34.890300750732421875 34.898128509521484375 39.344089508056640625 39.5636138916015625 39.75241851806640625 39.906558990478515625 40.07868194580078125 40.2864532470703125 57.702716827392578125 44.876842498779296875 57.888050079345703125 49.408721923828125 49.51673126220703125
-9999 -9999 -9999 -9999 -9999 0 0 5.11324310302734375 18.666093826293945312 0 0 0.27203139662742614746 13.890685081481933594 67.058868408203125 1.9915090799331665039 6.5579876899719238281 11.027240753173828125 15.243201255798339844 19.256252288818359375 23.881622314453125 24.634771347045898438 25.111911773681640625 25.436511993408203125 52.27057647705078125 12.899295806884765625 17.401775360107421875 21.780492782592773438 26.13105010986328125 26.169315338134765625 30.465837478637695312 30.540689468383789062 30.608507156372070312 34.903423309326171875 34.95310211181640625 35.054271697998046875 35.177013397216796875 35.302379608154296875 35.481258392333984375 53.058559417724609375 40.2997283935546875 53.362323760986328125 44.85345458984375 44.965541839599609375 45.0939788818359375
-9999 -9999 -9999 -9999 -9999 0 13.278896331787109375 0.84768277406692504883 4.9366369247436523438 0 0 7.973880767822265625 60.983943939208984375 0 1.6429516077041625977 6.4238409996032714844 11.038882255554199219 15.344458580017089844 19.320234298706054688 19.615764617919921875 20.338819503784179688 20.900907516479492188 47.826999664306640625 8.46124267578125 13.1909637451171875 17.687648773193359375 21.993434906005859375 22.073377609252929688 26.4509735107421875 26.445545196533203125 26.434673309326171875 30.79221343994140625 30.819040298461914062 30.811849594116210938 30.804010391235351562 30.822223663330078125 30.87310028076171875 48.33986663818359375 35.565093994140625 48.76165771484375 40.312007904052734375 40.41802978515625 40.4869537353515625 40.594684600830078125
-9999 -9999 -9999 -9999 0 0 7.8184552192687988281 0 0 0 2.4180858135223388672 33.5674591064453125 12.254652976989746094 0 1.2519774436950683594 6.3038930892944335938 10.998203277587890625 15.349081039428710938 15.049043655395507812 15.232794761657714844 15.958627700805664062 43.287570953369140625 4.0247759819030761719 8.7807397842407226562 13.455948829650878906 17.931791305541992188 17.982074737548828125 22.366590499877929688 22.46372222900390625 22.479589462280273438 26.761117935180664062 26.7843170166015625 26.81240081787109375 26.807987213134765625 26.761241912841796875 26.691862106323242188 44.0432891845703125 31.00847625732421875 44.087314605712890625 35.64064788818359375 35.887081146240234375 35.985149383544921875 35.975032806396484375 36.0238494873046875
-9999 -9999 -9999 -9999 0 9.8438005447387695312 0 0 0 0 0 18.803056716918945312 6.6346635818481445312 0 0.66014844179153442383 6.0091257095336914062 10.739536285400390625 10.849884986877441406 10.629364967346191406 10.5916595458984375 37.68575286865234375 0 3.8548192977905273438 8.676143646240234375 13.350567817687988281 13.592742919921875 18.015727996826171875 18.103296279907226562 18.203321456909179688 22.55106353759765625 22.50159454345703125 22.48012542724609375 22.489793777465820312 22.509035110473632812 22.504108428955078125 39.901813507080078125 26.805646896362304688 39.787036895751953125 31.0699005126953125 31.2268829345703125 31.501722335815429688 31.600322723388671875 31.538988113403320312 31.52434539794921875
-9999 -9999 -9999 0 0 0 0 0 0 0 0 5.2621984481811523438 0 0 0 5.3949761390686035156 5.8627195358276367188 6.1824793815612792969 6.1595969200134277344 14.569401741027832031 9.9416742324829101562 0 2.8924014568328857422 7.964061737060546875 8.4922771453857421875 13.24640655517578125 13.489948272705078125 13.612984657287597656 18.04639434814453125 18.068948745727539062 17.983354568481445312 17.899934768676757812 17.875705718994140625 17.947061538696289062 35.536579132080078125 22.503017425537109375 35.6160430908203125 26.898511886596679688 26.832370758056640625 26.89679718017578125 27.120136260986328125 27.232530593872070312 27.197473526000976562 44.653308868408203125
-9999 -9999 -9999 0 0 0 0 0 0 0 0 0 0 0 0 0 0.30689659714698791504 0.86139965057373046875 1.1810314655303955078 0.4220600426197052002 3.4241776466369628906 0 1.2177311182022094727 2.4178872108459472656 7.5144124031066894531 8.192058563232421875 8.6640920639038085938 13.265713691711425781 13.423281669616699219 13.473690986633300781 13.405570030212402344 13.293702125549316406 13.2128448486328125 30.83068084716796875 17.8767242431640625 31.109020233154296875 22.473577499389648438 22.516191482543945312 22.485418319702148438 22.525295257568359375 22.672580718994140625 22.775632858276367188 40.341457366943359375 27.169157028198242188
-9999 -9999 0 0 0.86150467395782470703 0 0 0 0 -9999 -9999 -9999 0 0 0 0 0 0 0 0 0 0 0 0.066184021532535552979 1.2231467962265014648 2.2736153602600097656 7.5957951545715332031 8.1972570419311523438 8.54567718505859375 8.709095001220703125 8.7261247634887695312 8.641956329345703125 26.093152999877929688 12.985624313354492188 26.342477798461914062 17.745328903198242188 17.883413314819335938 17.954540252685546875 17.963848114013671875 18.060220718383789062 18.20538330078125 35.86969757080078125 22.729339599609375 22.757787704467773438
-9999 -9999 0 1.6512733697891235352 0 0 0 -9999 -9999 -9999 -9999 -9999 -9999 0 0 0 1.9210979938507080078 0 0 2.6576638221740722656 0.28890526294708251953 0 0 0 0 0.24578391015529632568 1.7143861055374145508 2.7186007499694824219 3.3632383346557617188 3.6792573928833007812 3.8099982738494873047 21.455492019653320312 8.1484193801879882812 21.425123214721679688 12.915217399597167969 13.138876914978027344 13.314664840698242188 13.389378547668457031 13.377645492553710938 13.524061203002929688 31.382884979248046875 18.270013809204101562 18.299549102783203125 13.891509056091308594
-9999 0 0 0 0 0 0 -9999 -9999 -9999 -9999 -9999 -9999 -9999 -9999 -9999 0 8.3315801620483398438 0 0 0 14.142711639404296875 -9999 -9999 0 0 0 0 0 0 16.127943038940429688 3.1054286956787109375 16.443115234375 7.8479399681091308594 8.2535600662231445312 8.536373138427734375 8.7328948974609375 8.81444549560546875 8.7797002792358398438 26.626617431640625 13.714864730834960938 13.862499237060546875 9.425846099853515625 9.4260759353637695312
-9999 0 0 0 0 0 -9999 -9999 -9999 -9999 -9999 -9999 -9999 -9999 -9999 -9999 -9999 -9999 -9999 -9999 -9999 -9999 -9999 -9999 0 0 0 0.12076463550329208374 5.7728815078735351562 10.457942008972167969 0 10.570880889892578125 2.1768395900726318359 2.7242152690887451172 3.4037401676177978516 3.7754378318786621094 3.9709653854370117188 4.0974473953247070312 21.829835891723632812 8.7790365219116210938 9.197299957275390625 4.9250974655151367188 4.9243912696838378906 18.252925872802734375
-9999 -9999 0 0 0 -9999 -9999 -9999 -9999 -9999 -9999 -9999 -9999 -9999 -9999 -9999 -9999 -9999 -9999 -9999 -9999 -9999 -9999 -9999 -9999 -9999 -9999 0 0 0.83737194538116455078 3.8198082447052001953 0 0 0 0 0 0 16.947820663452148438 3.8330810070037841797 4.1445345878601074219 0.13957969844341278076 0.34360456466674804688 13.732635498046875 4.8221173286437988281
