tests/data/reference/gistest/full/control/crillvout_m3.asc
ncols        125
nrows        78
xllcorner    -713756.799299980048
yllcorner    -1061032.369616159936
cellsize     10.000000000000
NODATA_value  -9999
[rows 40 to 59 of 78, columns 44 to 87 of 125]
14.058173179626464844 18.430742263793945312 22.89096832275390625 27.44742584228515625 32.062213897705078125 36.551807403564453125 40.928920745849609375 45.296970367431640625 49.683895111083984375 2172.521728515625 84.38845062255859375 84.5332489013671875 101.70603179931640625 89.1074371337890625 89.333587646484375 85.1505584716796875 59.1217041015625 59.13236236572265625 59.1143646240234375 59.073688507080078125 37.13912200927734375 37.065433502197265625 36.974456787109375 36.859874725341796875 59.4420166015625 41.805889129638671875 578.8974609375 670.9241943359375 714.95611572265625 755.0087890625 744.757080078125 763.24786376953125 10438.3154296875 1314.5047607421875 80.03261566162109375 71.90557861328125 1.1470984220504760742 450.55023193359375 147.2148895263671875 364.67816162109375 36.92858123779296875 1.248325347900390625 5.6647729873657226562 29.21398162841796875
31.542909622192382812 35.8776702880859375 40.349590301513671875 44.87187957763671875 49.421817779541015625 53.894382476806640625 58.313140869140625 2032.3074951171875 2115.200927734375 79.8224334716796875 80.00681304931640625 97.23321533203125 84.5089111328125 84.66400909423828125 80.56362152099609375 54.588710784912109375 54.655368804931640625 54.714992523193359375 54.751556396484375 32.827541351318359375 32.80335235595703125 32.788722991943359375 32.77394866943359375 54.647571563720703125 37.084400177001953125 574.47979736328125 84.89577484130859375 37.60474395751953125 32.832851409912109375 32.625370025634765625 82.00319671630859375 103.6234588623046875 151.98565673828125 10594.4775390625 1318.24169921875 85.02215576171875 61.642368316650390625 667.46282958984375 151.3213043212890625 369.544525146484375 45.7842559814453125 1.3040413856506347656 10.244813919067382812 33.713680267333984375
411.48046875 415.611236572265625 419.9090576171875 424.096893310546875 428.18212890625 432.272552490234375 1966.232421875 75.2869873046875 75.31670379638671875 75.45413970947265625 92.75229644775390625 80.0256500244140625 80.07773590087890625 75.8504486083984375 49.867382049560546875 49.989288330078125 50.06531524658203125 50.170886993408203125 28.312894821166992188 28.354818344116210938 28.363161087036132812 28.38449859619140625 50.36658477783203125 32.8308258056640625 570.49273681640625 80.8557891845703125 32.831584930419921875 28.336965560913085938 28.156438827514648438 42.050205230712890625 28.7923126220703125 28.789232254028320312 28.20714569091796875 41.35761260986328125 10634.83984375 11953.46875 11774.9580078125 766.1424560546875 155.079315185546875 373.56024169921875 50.754100799560546875 5.6250967979431152344 14.63397979736328125 38.130573272705078125
83.553070068359375 87.9652252197265625 92.455657958984375 96.76464080810546875 100.90850830078125 1525.63916015625 70.585052490234375 70.7890777587890625 70.92581939697265625 88.176727294921875 75.43634796142578125 75.53295135498046875 71.2371826171875 45.0844573974609375 45.191844940185546875 45.272792816162109375 45.321971893310546875 23.44818115234375 23.632541656494140625 23.752614974975585938 23.811199188232421875 45.86173248291015625 28.345226287841796875 566.27239990234375 76.5300750732421875 28.477155685424804688 24.108270645141601562 24.107999801635742188 37.305545806884765625 23.99398040771484375 24.7563323974609375 24.581304550170898438 24.411693572998046875 24.14849853515625 37.79946136474609375 62.763210296630859375 64.1839141845703125 12124.1875 769.51470947265625 536.7236328125 54.78607177734375 9.641315460205078125 18.757753372192382812 42.423610687255859375
1074.5076904296875 1078.6259765625 1082.689453125 1346.3980712890625 1416.331787109375 65.93306732177734375 66.0003204345703125 66.24076080322265625 83.64562225341796875 70.85683441162109375 70.9363250732421875 66.699859619140625 40.51998138427734375 40.53813934326171875 40.585681915283203125 40.6225433349609375 18.574895858764648438 18.675428390502929688 18.883192062377929688 19.053514480590820312 41.20261383056640625 23.673265457153320312 561.8525390625 72.021820068359375 23.883726119995117188 19.537212371826171875 19.632579803466796875 32.950366973876953125 19.679931640625 19.68332672119140625 19.670381546020507812 20.353353500366210938 20.057209014892578125 20.072589874267578125 8.972625732421875 0 60.04653167724609375 48.181285858154296875 12189.078125 13519.93359375 58.581546783447265625 14.517421722412109375 23.072931289672851562 46.77254486083984375
123.84932708740234375 189.833038330078125 255.7444610595703125 61.988067626953125 61.878719329833984375 61.702457427978515625 61.511493682861328125 78.7828369140625 66.11883544921875 66.25894927978515625 61.99216461181640625 35.873493194580078125 36.029705047607421875 36.07248687744140625 36.07845306396484375 13.996721267700195312 13.968326568603515625 13.974308013916015625 14.086689949035644531 36.3367156982421875 18.84046173095703125 557.25372314453125 67.311187744140625 19.109630584716796875 14.7328643798828125 14.854987144470214844 28.306638717651367188 15.077528953552246094 15.0998077392578125 15.153666496276855469 15.218951225280761719 15.141071319580078125 15.697348594665527344 15.546189308166503906 40.5151214599609375 0 15.929164886474609375 20.32997894287109375 24.801021575927734375 11.714396476745605469 13552.255859375 19.18996429443359375 28.506673812866210938 51.24021148681640625
58.0288848876953125 58.0267333984375 57.9470977783203125 57.8807373046875 57.796955108642578125 57.61626434326171875 74.5798492431640625 61.5027618408203125 61.620269775390625 57.313678741455078125 30.945249557495117188 31.124126434326171875 31.410081863403320312 31.506801605224609375 9.3425750732421875 9.3680295944213867188 9.4004182815551757812 9.3863010406494140625 31.514354705810546875 13.947035789489746094 552.65704345703125 62.600162506103515625 14.274555206298828125 9.8767480850219726562 9.9213895797729492188 23.41307830810546875 10.325780868530273438 10.442964553833007812 10.47321319580078125 10.563695907592773438 10.694387435913085938 10.686765670776367188 10.500489234924316406 45.818477630615234375 0 0 2.0229167938232421875 6.5199294090270996094 11.121323585510253906 15.485829353332519531 51.878299713134765625 13571.0146484375 32.724742889404296875 56.1603546142578125
53.870639801025390625 53.8762054443359375 53.793853759765625 53.69036865234375 53.604175567626953125 70.78448486328125 57.6295013427734375 57.422901153564453125 52.979686737060546875 26.451934814453125 26.164121627807617188 26.249376296997070312 26.661134719848632812 4.6334218978881835938 4.6037678718566894531 4.6541261672973632812 4.7793893814086914062 27.014379501342773438 9.2650804519653320312 548.08685302734375 57.985233306884765625 9.582324981689453125 5.0884141921997070312 5.0672783851623535156 18.407194137573242188 5.2334713935852050781 5.5708594322204589844 5.7425589561462402344 5.7869772911071777344 5.9101395606994628906 6.0944385528564453125 6.1718597412109375 41.615116119384765625 1.5446044206619262695 0 0.85807555913925170898 14.725354194641113281 19.259586334228515625 23.939174652099609375 28.46979522705078125 32.85552978515625 92.14511871337890625 13682.7431640625 59.58324432373046875
49.60088348388671875 49.6296539306640625 49.575885772705078125 49.471576690673828125 66.67794036865234375 53.62191009521484375 53.529483795166015625 48.982845306396484375 22.372484207153320312 22.109430313110351562 21.689359664916992188 21.631479263305664062 0 0.0027931916993111371994 0 0.0058288285508751869202 22.305973052978515625 4.6443905830383300781 543.65069580078125 53.3524169921875 4.9735522270202636719 0.556427001953125 0.47391948103904724121 13.7953948974609375 0.38299381732940673828 0.53449475765228271484 0.84929299354553222656 1.010046839714050293 1.0484616756439208984 1.1772760152816772461 1.3813223838806152344 37.121379852294921875 6.1557755470275878906 10.61476898193359375 4.0568804740905761719 271.004974365234375 336.95440673828125 341.447998046875 346.091339111328125 350.558807373046875 354.85552978515625 358.7392578125 0 13735.0283203125
45.201488494873046875 45.263240814208984375 45.270420074462890625 62.565555572509765625 49.43740081787109375 49.368114471435546875 44.966007232666015625 18.365997314453125 18.142978668212890625 17.875701904296875 17.491376876831054688 0 4.1591973304748535156 8.7187604904174804688 13.149645805358886719 17.5817413330078125 0 539.11077880859375 48.7530059814453125 0.26303809881210327148 0.44780951738357543945 4.9667291641235351562 9.3521585464477539062 0.38740545511245727539 4.8476686477661132812 9.4280109405517578125 14.115556716918945312 18.673465728759765625 23.120252609252929688 27.635061264038085938 32.2155609130859375 1.3186466693878173828 1.5958321094512939453 72.47006988525390625 250.145843505859375 47.19474029541015625 11.638523101806640625 16.967044830322265625 21.743284225463867188 26.383817672729492188 30.877725601196289062 35.104736328125 362.6483154296875 13759.25390625
40.705585479736328125 40.8002777099609375 58.26058197021484375 45.22122955322265625 45.139007568359375 40.697460174560546875 14.187005043029785156 14.090987205505371094 13.868239402770996094 13.643423080444335938 190.5430755615234375 194.659912109375 198.9202423095703125 203.2254791259765625 207.52923583984375 211.7797393798828125 534.5762939453125 44.072956085205078125 0.066981263458728790283 4.6908979415893554688 9.2879991531372070312 13.794928550720214844 18.202411651611328125 22.647686004638671875 27.131071090698242188 31.68663787841796875 36.3043975830078125 40.8054351806640625 45.20904541015625 49.614048004150390625 54.02132415771484375 58.604091644287109375 63.30722808837890625 181.4242401123046875 0 7.2088479995727539062 1.6113798618316650391 6.9462881088256835938 11.653157234191894531 16.290004730224609375 20.847194671630859375 25.192592620849609375 67.02217864990234375 366.759033203125
36.1202239990234375 53.671520233154296875 40.73807525634765625 40.807514190673828125 36.394008636474609375 9.7851390838623046875 9.7926187515258789062 9.7250699996948242188 9.53929901123046875 186.6600189208984375 40.231719970703125 84.39406585693359375 93.012420654296875 141.6632537841796875 239.0576019287109375 313.95654296875 39.6231689453125 35.31282806396484375 40.00701904296875 44.51800537109375 48.900287628173828125 53.2976531982421875 57.68743896484375 62.11196136474609375 66.57151031494140625 146.0414581298828125 150.6065216064453125 155.0430755615234375 159.386871337890625 163.6239166259765625 167.72979736328125 172.0911712646484375 176.6974639892578125 36.920257568359375 0 1.5516146421432495117 6.1648974418640136719 10.730886459350585938 16.079854965209960938 20.7087860107421875 25.264736175537109375 29.656576156616210938 33.755802154541015625 71.05620574951171875
49.035186767578125 36.051158905029296875 36.203105926513671875 31.913694381713867188 5.3442816734313964844 5.3357005119323730469 5.3120779991149902344 5.2510585784912109375 182.5095062255859375 36.0632781982421875 36.0316314697265625 0.35837671160697937012 39.9078369140625 88.415435791015625 66.0870819091796875 35.4533538818359375 30.949426651000976562 39.897068023681640625 44.6127777099609375 49.0579986572265625 53.269138336181640625 57.570034027099609375 61.96065521240234375 66.3883056640625 70.847564697265625 0.62631189823150634766 5.40644073486328125 10.052197456359863281 14.60474395751953125 18.927509307861328125 22.937198638916015625 27.291986465454101562 32.044910430908203125 1.155112147331237793 0 11.685943603515625 16.362796783447265625 20.987216949462890625 25.57270050048828125 30.85659027099609375 35.3724517822265625 39.7934112548828125 44.079540252685546875 37.99404144287109375
31.500034332275390625 31.548583984375 27.2550201416015625 0.69009965658187866211 0.79305005073547363281 0.80838990211486816406 0.7461751103401184082 178.2017974853515625 31.707773208618164062 31.693227767944335938 31.745038986206054688 35.98300933837890625 84.225555419921875 61.647640228271484375 31.06758880615234375 26.6868743896484375 35.506885528564453125 48.88111114501953125 89.134124755859375 93.55083465576171875 97.68492889404296875 101.86371612548828125 106.1249237060546875 110.48628997802734375 114.9289093017578125 119.52356719970703125 124.20520782470703125 128.7613525390625 133.2330474853515625 137.403717041015625 141.1642608642578125 259.30841064453125 268.43115234375 272.997711181640625 82.5320281982421875 283.385772705078125 287.8543701171875 292.293304443359375 296.710357666015625 300.975372314453125 305.971435546875 310.300567626953125 314.63153076171875 48.523464202880859375
27.1351165771484375 22.751852035522460938 22.847074508666992188 27.356807708740234375 31.857807159423828125 125.17412567138671875 173.811492919921875 27.30249786376953125 27.296024322509765625 27.331823348999023438 45.03261566162109375 80.40662384033203125 57.549793243408203125 26.591852188110351562 22.261838912963867188 31.177366256713867188 44.411540985107421875 31.376760482788085938 58.101169586181640625 62.559238433837890625 66.77429962158203125 70.9266204833984375 75.0321807861328125 79.32669830322265625 83.80359649658203125 88.37747955322265625 93.01473236083984375 97.5675201416015625 102.05931854248046875 106.22956085205078125 109.93576812744140625 0.40514349937438964844 0.92928153276443481445 5.7385263442993164062 0 16.26888275146484375 20.932880401611328125 25.5575714111328125 30.152584075927734375 34.598297119140625 38.891826629638671875 44.050128936767578125 48.630092620849609375 369.73931884765625
18.331003189086914062 18.383022308349609375 31.758279800415039062 58.52001190185546875 85.2442779541015625 40.64063262939453125 22.903675079345703125 22.902280807495117188 22.958736419677734375 40.635555267333984375 27.49581146240234375 53.74322509765625 22.515398025512695312 17.86292266845703125 26.801507949829101562 40.10111236572265625 26.89189910888671875 53.455562591552734375 0.66425061225891113281 67.4709930419921875 103.00922393798828125 107.24329376220703125 173.59375 270.2220458984375 274.690460205078125 279.17791748046875 283.689697265625 288.167633056640625 292.612884521484375 296.7655029296875 300.48333740234375 304.767608642578125 309.64111328125 314.25262451171875 308.04730224609375 322.69659423828125 327.048828125 331.376190185546875 335.67828369140625 339.894500732421875 344.0262451171875 348.210968017578125 353.346466064453125 357.5860595703125
13.896471023559570312 27.258829116821289062 18.543371200561523438 18.609926223754882812 36.293399810791015625 18.589237213134765625 18.501585006713867188 18.548761367797851562 36.344776153564453125 23.12229156494140625 49.540889739990234375 18.571435928344726562 13.808103561401367188 22.50568389892578125 35.783245086669921875 22.573820114135742188 49.135021209716796875 27.184801101684570312 58.43375396728515625 27.4573974609375 27.568521499633789062 58.625644683837890625 88.447357177734375 31.545024871826171875 67.270111083984375 71.8119049072265625 76.3379364013671875 80.85906982421875 85.3693389892578125 89.67713165283203125 93.7268524169921875 98.15401458740234375 102.92491912841796875 96.52392578125 101.58936309814453125 115.67901611328125 120.0517578125 124.390777587890625 128.6964111328125 133.00262451171875 137.314849853515625 141.6308746337890625 145.94903564453125 150.94232177734375
22.742227554321289062 13.962809562683105469 14.121195793151855469 31.920284271240234375 14.246744155883789062 14.213541030883789062 14.131701469421386719 31.930889129638671875 18.859405517578125 45.319732666015625 14.253015518188476562 9.716472625732421875 18.482349395751953125 31.613210678100585938 18.256525039672851562 44.810367584228515625 22.861301422119140625 22.932607650756835938 22.94283294677734375 23.03383636474609375 23.177730560302734375 84.50098419189453125 27.375886917114257812 27.3297271728515625 71.30690765380859375 106.93111419677734375 142.53118896484375 226.383575439453125 230.80596923828125 235.1213836669921875 239.312713623046875 243.6632080078125 248.181427001953125 241.8177032470703125 246.7268829345703125 260.638397216796875 264.897491455078125 269.133514404296875 273.347686767578125 277.65380859375 282.02899169921875 286.332916259765625 290.58099365234375 295.608856201171875
9.3393115997314453125 9.4022264480590820312 27.287931442260742188 9.6538934707641601562 9.716777801513671875 9.69997406005859375 27.350011825561523438 14.191196441650390625 41.030223846435546875 10.028573989868164062 5.2286691665649414062 14.06278228759765625 27.400354385375976562 13.998938560485839844 40.471248626708984375 18.371263504028320312 18.50234222412109375 18.570432662963867188 18.566560745239257812 18.614410400390625 80.17372894287109375 23.1821136474609375 23.073339462280273438 66.9467620849609375 27.574716567993164062 27.697481155395507812 76.073028564453125 32.32813262939453125 67.99713897705078125 72.44850921630859375 76.8467254638671875 81.2852325439453125 85.77657318115234375 79.6161041259765625 84.4474029541015625 98.36325836181640625 102.660430908203125 106.961212158203125 111.26354217529296875 335.45953369140625 339.9765625 344.38189697265625 393.455047607421875 411.202239990234375
4.7847852706909179688 22.56856536865234375 4.8611078262329101562 4.9192414283752441406 4.9729671478271484375 22.772043228149414062 9.3813915252685546875 36.155731201171875 5.5600132942199707031 1.0589224100112915039 9.480487823486328125 22.673114776611328125 9.5093946456909179688 36.1445159912109375 13.917641639709472656 13.921896934509277344 14.014176368713378906 14.108377456665039062 14.155620574951171875 75.7302703857421875 18.676670074462890625 18.725683212280273438 62.686077117919921875 23.127054214477539062 23.187944412231445312 71.631072998046875 27.839651107788085938 27.969144821166992188 28.087757110595703125 54.90987396240234375 63.854885101318359375 72.83054351806640625 95.23138427734375 89.36801910400390625 103.75499725341796875 108.12427520751953125 129.839569091796875 162.278472900390625 216.948333740234375 15.180917739868164062 28.7894287109375 42.30860137939453125 11.031102180480957031 11.084728240966796875
