tests/data/reference/gistest/full/control/crillvout_m3.asc
ncols        125
nrows        78
xllcorner    -713756.799299980048
yllcorner    -1061032.369616159936
cellsize     10.000000000000
NODATA_value  -9999
[rows 40 to 59 of 78, columns 44 to 87 of 125]
14.058919906616210938 18.431905746459960938 22.892568588256835938 27.449497222900390625 32.0647735595703125 36.554843902587890625 40.932415008544921875 45.300922393798828125 49.688320159912109375 2211.13134765625 84.3967437744140625 84.54158782958984375 101.71633148193359375 89.11639404296875 89.34273529052734375 85.159271240234375 59.12738800048828125 59.1380462646484375 59.120029449462890625 59.07928466796875 37.14218902587890625 37.06847381591796875 36.97747802734375 36.862880706787109375 59.4474029541015625 41.809326171875 604.93426513671875 696.95721435546875 740.97802734375 781.0191650390625 0 0.85246330499649047852 10074.748046875 1314.6451416015625 80.0396728515625 71.912109375 1.1470005512237548828 618.50457763671875 186.8496856689453125 453.275421142578125 36.93115997314453125 1.2482511997222900391 5.6648278236389160156 29.216175079345703125
31.545320510864257812 35.880496978759765625 40.35285186767578125 44.875591278076171875 49.42597198486328125 53.8989715576171875 58.318164825439453125 2070.911865234375 2153.809326171875 79.83016204833984375 80.01458740234375 97.242950439453125 84.51729583740234375 84.67256927490234375 80.57178497314453125 54.593891143798828125 54.660564422607421875 54.720188140869140625 54.75670623779296875 32.8302001953125 32.80599212646484375 32.79135894775390625 32.776580810546875 54.652530670166015625 37.087451934814453125 600.528564453125 84.90460968017578125 37.6077880859375 32.835361480712890625 32.62783050537109375 82.01009368896484375 0 0 10074.0546875 1318.384765625 85.02979278564453125 61.64556121826171875 834.89068603515625 190.9429779052734375 458.127838134765625 45.787689208984375 1.3039685487747192383 10.245225906372070312 33.716373443603515625
411.533477783203125 415.66583251953125 419.965179443359375 424.154541015625 428.2412109375 432.333160400390625 2004.8345947265625 75.29410552978515625 75.323883056640625 75.46135711669921875 92.7614593505859375 80.03348541259765625 80.085723876953125 75.8580322265625 49.87201690673828125 49.99395751953125 50.069995880126953125 50.175548553466796875 28.315114974975585938 28.357034683227539062 28.365375518798828125 28.386714935302734375 50.371124267578125 32.8334808349609375 596.55206298828125 80.864166259765625 32.834228515625 28.339122772216796875 28.158552169799804688 42.0537567138671875 28.79445648193359375 28.791311264038085938 28.2091217041015625 0 0 1304.484619140625 1126.3466796875 933.51226806640625 194.6834716796875 462.12890625 50.75812530517578125 5.625156402587890625 14.634787559509277344 38.133747100830078125
83.56085205078125 87.973480224609375 92.46439361572265625 96.77384185791015625 100.9181671142578125 1564.183349609375 70.59160614013671875 70.79570770263671875 70.9324798583984375 88.18531036376953125 75.44361114501953125 75.54038238525390625 71.24419403076171875 45.088535308837890625 45.195957183837890625 45.276927947998046875 45.32608795166015625 23.449892044067382812 23.634275436401367188 23.75437164306640625 23.812963485717773438 45.865810394287109375 28.347446441650390625 592.34124755859375 76.53795623779296875 28.479381561279296875 24.110033035278320312 24.10974884033203125 37.3087005615234375 23.995718002319335938 24.758129119873046875 24.58306884765625 24.413347244262695312 24.150110244750976562 37.79978179931640625 0 0 1402.352294921875 936.80731201171875 664.8668212890625 54.79046630859375 9.64165496826171875 18.758941650390625 42.42725372314453125
1104.5220947265625 1108.6356201171875 1112.6942138671875 1384.9378662109375 1454.87158203125 65.939056396484375 66.0063629150390625 66.24684906005859375 83.6536407470703125 70.86351776123046875 70.94316864013671875 66.70632171630859375 40.52353668212890625 40.541717529296875 40.589282989501953125 40.626129150390625 18.576093673706054688 18.676639556884765625 18.884441375732421875 19.054790496826171875 41.2061920166015625 23.675012588500976562 587.9302978515625 72.0291748046875 23.88549041748046875 19.538526535034179688 19.63390350341796875 32.953094482421875 19.681261062622070312 19.684661865234375 19.671712875366210938 20.354724884033203125 20.058519363403320312 20.073841094970703125 8.9719419479370117188 0 60.051364898681640625 0 0 1610.1619873046875 58.5862579345703125 14.518146514892578125 23.07454681396484375 46.776660919189453125
132.3974609375 198.3761444091796875 264.284271240234375 61.99356842041015625 61.884265899658203125 61.70800018310546875 61.5170135498046875 78.79022979736328125 66.12493133544921875 66.26520538330078125 61.99803924560546875 35.876506805419921875 36.032764434814453125 36.0755767822265625 36.08153533935546875 13.997462272644042969 13.969057083129882812 13.975042343139648438 14.087443351745605469 36.339756011962890625 18.841707229614257812 583.340087890625 67.31797027587890625 19.110898971557617188 14.733695030212402344 14.855835914611816406 28.308885574340820312 15.078412055969238281 15.100693702697753906 15.154560089111328125 15.219862937927246094 15.141961097717285156 15.698264122009277344 15.547093391418457031 40.517253875732421875 0 15.929371833801269531 20.330484390258789062 24.801893234252929688 0 0 19.191074371337890625 28.50881195068359375 51.24481964111328125
58.033885955810546875 58.03177642822265625 57.952178955078125 57.885868072509765625 57.802093505859375 57.621372222900390625 74.5867462158203125 61.508296966552734375 61.625957489013671875 57.318988800048828125 30.947679519653320312 31.1266021728515625 31.412630081176757812 31.509366989135742188 9.3428716659545898438 9.3683261871337890625 9.4007215499877929688 9.386600494384765625 31.516859054565429688 13.947768211364746094 578.75189208984375 62.606365203857421875 14.275319099426269531 9.8771038055419921875 9.9217519760131835938 23.414793014526367188 10.326206207275390625 10.443406105041503906 10.473662376403808594 10.564169883728027344 10.694873809814453125 10.687256813049316406 10.500963211059570312 45.822460174560546875 0 0 2.0228381156921386719 6.5200228691101074219 11.121732711791992188 15.48654937744140625 19.635066986083984375 0 32.727207183837890625 56.165424346923828125
53.87525177001953125 53.880870819091796875 53.79856109619140625 53.695079803466796875 53.608867645263671875 70.79097747802734375 57.634616851806640625 57.42810821533203125 52.984493255615234375 26.453868865966796875 26.166017532348632812 26.25130462646484375 26.663137435913085938 4.6333661079406738281 4.60370635986328125 4.6540713310241699219 4.7793445587158203125 27.016407012939453125 9.2653646469116210938 574.189697265625 57.990871429443359375 9.5826330184936523438 5.0883936882019042969 5.0672554969787597656 18.408351898193359375 5.2334647178649902344 5.5708918571472167969 5.7426180839538574219 5.7870535850524902344 5.9102272987365722656 6.0945558547973632812 6.1719918251037597656 41.6186676025390625 1.5445390939712524414 0 0.8582280278205871582 14.726117134094238281 19.260593414306640625 23.940448760986328125 28.47133636474609375 32.857326507568359375 59.926021575927734375 0 59.5885162353515625
49.605106353759765625 49.633941650390625 49.580181121826171875 49.4758453369140625 66.68399810791015625 53.6266021728515625 53.534275054931640625 48.987224578857421875 22.374006271362304688 22.110914230346679688 21.69078826904296875 21.632904052734375 0 0.0027952548116445541382 0 0.0058301375247538089752 22.307489395141601562 4.6443347930908203125 569.76080322265625 53.35749053955078125 4.9735102653503417969 0.55637896060943603516 0.4738820493221282959 13.796074867248535156 0.38296470046043395996 0.53445172309875488281 0.84922504425048828125 1.0099779367446899414 1.048389434814453125 1.1772043704986572266 1.3812491893768310547 37.12445068359375 6.1559004783630371094 10.615246772766113281 4.05635833740234375 271.03240966796875 336.99029541015625 341.484771728515625 346.128936767578125 350.597198486328125 354.894622802734375 358.779144287109375 0 0
45.20531463623046875 45.26709747314453125 45.27426910400390625 62.571197509765625 49.441650390625 49.37245941162109375 44.969970703125 18.367136001586914062 18.14408111572265625 17.87677001953125 17.492389678955078125 0 4.159091949462890625 8.7189455032348632812 13.150224685668945312 17.582754135131835938 0 565.22698974609375 48.757518768310546875 0.26302096247673034668 0.44777157902717590332 4.9666876792907714844 9.3524274826049804688 0.38737580180168151855 4.8476128578186035156 9.4282827377319335938 14.116265296936035156 18.674619674682617188 23.121843338012695312 27.637111663818359375 32.21808624267578125 1.3185715675354003906 1.5957649946212768555 72.4766082763671875 250.170806884765625 47.1984100341796875 11.638856887817382812 16.9679107666015625 21.744579315185546875 26.385517120361328125 30.879802703857421875 35.10715484619140625 362.689300537109375 0
40.708965301513671875 40.803661346435546875 58.265777587890625 45.225048065185546875 45.14290618896484375 40.700969696044921875 14.187746047973632812 14.091713905334472656 13.868933677673339844 13.644087791442871094 199.310821533203125 203.4227294921875 207.6782379150390625 211.9787750244140625 216.2779388427734375 220.5239105224609375 560.6981201171875 44.076904296875 0.066984988749027252197 4.6908297538757324219 9.2882671356201171875 13.795614242553710938 18.203531265258789062 22.649259567260742188 27.13311004638671875 31.689159393310546875 36.307407379150390625 40.808910369873046875 45.212963104248046875 49.618404388427734375 54.026119232177734375 58.60936737060546875 63.31301116943359375 181.443939208984375 0 7.2087359428405761719 1.6113146543502807617 6.9464750289916992188 11.653670310974121094 16.290857315063476562 20.848390579223632812 25.194128036499023438 67.02692413330078125 366.801300048828125
36.12311553955078125 53.676227569580078125 40.741424560546875 40.8109588623046875 36.397068023681640625 9.7854785919189453125 9.7929601669311523438 9.72540283203125 9.5396089553833007812 195.4328460693359375 40.2351226806640625 84.401580810546875 93.020782470703125 141.6763916015625 239.0804901123046875 331.338592529296875 39.626605987548828125 35.31573486328125 40.0104522705078125 44.521930694580078125 48.904682159423828125 53.302524566650390625 57.692790985107421875 62.117809295654296875 66.57785797119140625 146.05596923828125 150.6217498779296875 155.0589599609375 159.403350830078125 163.6409759521484375 167.7474212646484375 172.10943603515625 176.7164154052734375 36.923389434814453125 0 1.5515508651733398438 6.1650347709655761719 10.731390953063964844 16.08083343505859375 20.710117340087890625 25.26641845703125 29.658597946166992188 33.758129119873046875 71.06137847900390625
49.03939056396484375 36.054004669189453125 36.206050872802734375 31.916278839111328125 5.34429168701171875 5.3357100486755371094 5.3120837211608886719 5.2510614395141601562 191.2874603271484375 36.06624603271484375 36.034603118896484375 0.35834980010986328125 39.91118621826171875 88.4235382080078125 83.457794189453125 35.456325531005859375 30.95186614990234375 39.900482177734375 44.616725921630859375 49.06243133544921875 53.274021148681640625 57.575382232666015625 61.96649169921875 66.3946380615234375 70.8544158935546875 0.62625765800476074219 5.4064440727233886719 10.052557945251464844 14.605521202087402344 18.928689956665039062 22.938751220703125 27.29399871826171875 32.04746246337890625 1.1550389528274536133 0 11.685992240905761719 16.363298416137695312 20.988210678100585938 25.574190139770507812 30.858608245849609375 35.3748779296875 39.796237945556640625 44.082763671875 37.996734619140625
31.502408981323242188 31.551029205322265625 27.257099151611328125 0.6900424957275390625 0.79298436641693115234 0.80832237005233764648 0.74611449241638183594 186.984893798828125 31.7102813720703125 31.695743560791015625 31.747560501098632812 35.985965728759765625 84.23308563232421875 79.04369354248046875 31.070068359375 26.68886566162109375 35.50981903076171875 48.88562774658203125 89.14238739013671875 93.5597076416015625 97.6943511962890625 101.87368011474609375 106.13543701171875 110.4973907470703125 114.94062042236328125 119.53592681884765625 124.218231201171875 128.7750244140625 133.247344970703125 137.418609619140625 141.179718017578125 259.3370361328125 268.461029052734375 273.02850341796875 82.5487060546875 283.417510986328125 287.886871337890625 292.32659912109375 296.74444580078125 301.010223388671875 306.00701904296875 310.33685302734375 314.668670654296875 48.527130126953125
27.137109756469726562 22.753461837768554688 22.848674774169921875 27.358873367309570312 31.8603363037109375 125.18518829345703125 182.5997314453125 27.304548263549804688 27.298082351684570312 27.333889007568359375 45.036571502685546875 80.4136962890625 74.97159576416015625 26.593835830688476562 22.263362884521484375 31.179834365844726562 44.415538787841796875 31.379217147827148438 58.106861114501953125 62.56545257568359375 66.78099822998046875 70.93378448486328125 75.03980255126953125 79.3348236083984375 83.81226348876953125 88.38669586181640625 93.02451324462890625 97.5778350830078125 102.0701751708984375 106.24089813232421875 109.947540283203125 0.4051100313663482666 0.92921060323715209961 5.7385644912719726562 0 16.269306182861328125 20.933757781982421875 25.558912277221679688 30.154378890991210938 34.600543975830078125 38.894527435302734375 44.053348541259765625 48.633747100830078125 369.781463623046875
18.332162857055664062 18.3841705322265625 31.760807037353515625 58.52483367919921875 85.2515106201171875 49.42223358154296875 22.905277252197265625 22.903890609741210938 22.960357666015625 40.6390533447265625 27.4978790283203125 71.19120025634765625 22.516962051391601562 17.863996505737304688 26.803510665893554688 40.104625701904296875 26.893886566162109375 53.460697174072265625 0.66419506072998046875 67.47672271728515625 103.01831817626953125 107.25301361083984375 173.609619140625 278.9091796875 283.367767333984375 287.845672607421875 292.348175048828125 296.817108154296875 301.25360107421875 305.397735595703125 309.107269287109375 313.383544921875 318.24932861328125 322.853302001953125 316.635589599609375 331.281463623046875 335.626922607421875 339.947296142578125 344.242340087890625 348.4515380859375 352.576019287109375 356.753204345703125 361.881500244140625 366.112884521484375
13.897171974182128906 27.260890960693359375 18.544549942016601562 18.61110687255859375 45.0894317626953125 18.590414047241210938 18.502752304077148438 18.549938201904296875 36.34783172607421875 23.123933792114257812 67.01538848876953125 18.5726165771484375 13.808801651000976562 22.5072479248046875 35.78627777099609375 22.575372695922851562 49.1396484375 27.18685150146484375 58.438602447509765625 27.4594879150390625 27.570615768432617188 58.630458831787109375 97.1281585693359375 31.547504425048828125 67.275848388671875 71.81827545166015625 76.34490966796875 80.86661529541015625 85.37744903564453125 89.68578338623046875 93.7360076904296875 98.16373443603515625 102.935272216796875 96.53232574462890625 101.59882354736328125 115.69164276123046875 120.06504058837890625 124.40468597412109375 128.7109375 133.01776123046875 137.3305816650390625 141.647216796875 145.96600341796875 150.95989990234375
22.743824005126953125 13.963526725769042969 14.121935844421386719 40.731006622314453125 14.247500419616699219 14.214296340942382812 14.132442474365234375 31.93347930908203125 18.860643386840820312 62.821247100830078125 14.253769874572753906 9.7168188095092773438 18.48352813720703125 31.615795135498046875 18.25765228271484375 44.814495086669921875 22.862918853759765625 22.934247970581054688 22.944461822509765625 23.035463333129882812 23.179363250732421875 93.19269561767578125 27.377954483032226562 27.331804275512695312 84.3935546875 120.003570556640625 155.58984375 248.125732421875 252.533447265625 256.83441162109375 261.01141357421875 265.347747802734375 269.851959228515625 263.4720458984375 268.365264892578125 282.267547607421875 286.51318359375 290.73565673828125 294.936370849609375 299.2291259765625 303.59100341796875 307.881591796875 312.116180419921875 317.132720947265625
9.339588165283203125 9.4025125503540039062 36.11360931396484375 9.6542139053344726562 9.7171115875244140625 9.7003030776977539062 27.352109909057617188 14.191966056823730469 58.5592803955078125 10.028946876525878906 5.2286815643310546875 14.0635223388671875 27.402484893798828125 13.999663352966308594 40.474880218505859375 18.372426986694335938 18.503536224365234375 18.571624755859375 18.567739486694335938 18.615581512451171875 88.876434326171875 23.183773040771484375 23.074993133544921875 80.0506591796875 27.576818466186523438 27.699594497680664062 84.77111053466796875 32.33069610595703125 68.00290679931640625 72.4548492431640625 76.85361480712890625 81.2926483154296875 85.78452301025390625 79.621826171875 84.4540557861328125 98.3731231689453125 102.670867919921875 106.9722137451171875 111.2751312255859375 335.491729736328125 340.009552001953125 344.415618896484375 393.49322509765625 411.242218017578125
4.7847275733947753906 31.4095458984375 4.8610553741455078125 4.9191994667053222656 4.9729280471801757812 22.773647308349609375 9.3816928863525390625 53.712841033935546875 5.560039520263671875 1.0588533878326416016 9.4807958602905273438 22.674709320068359375 9.50970458984375 36.14765167236328125 13.918364524841308594 13.922626495361328125 14.014908790588378906 14.109114646911621094 14.156354904174804688 84.4441070556640625 18.677877426147460938 18.72690582275390625 75.80742645263671875 23.1287078857421875 23.189601898193359375 80.34029388427734375 27.841768264770507812 27.97129058837890625 28.089925765991210938 54.91432952880859375 63.860172271728515625 72.83669281005859375 95.239532470703125 89.3737030029296875 103.764495849609375 108.1343536376953125 129.8514404296875 162.29290771484375 216.967681884765625 15.181847572326660156 28.79145050048828125 42.311798095703125 11.031673431396484375 11.08531951904296875
