tests/data/reference/gistest/full/control/crillvout_m3.asc
ncols        125
nrows        78
xllcorner    -713756.799299980048
yllcorner    -1061032.369616159936
cellsize     10.000000000000
NODATA_value  -9999
[rows 20 to 39 of 78, columns 44 to 87 of 125]
45.412860870361328125 41.035427093505859375 23.42975616455078125 27.797739028930664062 45.43215179443359375 14.494793891906738281 1.1707570552825927734 5.7069349288940429688 10.190970420837402344 19.095458984375 23.57098388671875 45.46380615234375 28.099184036254882812 19.263349533081054688 19.24147796630859375 14.762423515319824219 10.251367568969726562 10.175313949584960938 10.072791099548339844 9.9935388565063476562 9.9786920547485351562 36.653438568115234375 14.472742080688476562 14.415857315063476562 14.201656341552734375 80.28397369384765625 114.94779205322265625 17.460790634155273438 17.236236572265625 3.6922094821929931641 0 0 689.394287109375 97.56427001953125 13.683816909790039062 9.5762357711791992188 5.1639466285705566406 0.4936580359935760498 0.1694017946720123291 -9999 -9999 -9999 -9999 -9999
49.90059661865234375 45.52950286865234375 27.952577590942382812 32.306346893310546875 49.93331146240234375 19.074529647827148438 5.7677178382873535156 1.3208092451095581055 10.236850738525390625 14.691132545471191406 23.645656585693359375 28.1269683837890625 49.91274261474609375 32.53490447998046875 23.692356109619140625 23.654764175415039062 19.14865875244140625 14.637877464294433594 14.602284431457519531 14.603898048400878906 14.607323646545410156 14.569334983825683594 41.12709808349609375 18.790609359741210938 18.511829376220703125 102.4806976318359375 119.47663116455078125 22.216373443603515625 22.031824111938476562 8.6359405517578125 4.0957775115966796875 0 4.0658397674560546875 694.34197998046875 102.06678009033203125 31.386365890502929688 9.4944171905517578125 5.3011865615844726562 5.2271833419799804688 0.31949624419212341309 -9999 -9999 -9999 -9999
54.2972564697265625 49.942966461181640625 32.409496307373046875 36.76096343994140625 54.3746490478515625 23.575191497802734375 10.280924797058105469 5.8276400566101074219 1.3349795341491699219 14.757777214050292969 19.298933029174804688 28.197713851928710938 32.5656890869140625 54.2611236572265625 36.9242095947265625 28.084966659545898438 28.025485992431640625 23.556255340576171875 19.124994277954101562 19.133710861206054688 19.097070693969726562 19.02716064453125 18.937158584594726562 45.310764312744140625 22.885278701782226562 129.087158203125 123.83777618408203125 26.823255538940429688 26.7605438232421875 13.519771575927734375 9.139400482177734375 4.7274837493896484375 8.9727487564086914062 0 698.68023681640625 106.66580963134765625 49.358898162841796875 9.5269708633422851562 9.6178693771362304688 4.9455227851867675781 0.027089282870292663574 -9999 -9999 -9999
58.600826263427734375 54.2751922607421875 36.80184173583984375 41.16411590576171875 58.75971221923828125 28.002275466918945312 14.717314720153808594 10.28347015380859375 1.3815401792526245117 5.9361252784729003906 19.378322601318359375 23.801263809204101562 32.573451995849609375 36.9352569580078125 58.6138916015625 41.310039520263671875 32.46126556396484375 32.4262542724609375 28.004056930541992188 23.544412612915039062 23.4984283447265625 23.451923370361328125 23.355352401733398438 23.141267776489257812 49.36367034912109375 160.0315399169921875 128.03045654296875 31.305368423461914062 31.432756423950195312 18.342136383056640625 13.994622230529785156 9.5782260894775390625 13.901508331298828125 0.34482580423355102539 4.6209545135498046875 702.9176025390625 110.65460205078125 66.317352294921875 13.08437347412109375 9.1834783554077148438 4.8093161582946777344 0.002449858933687210083 0 -9999
62.94004058837890625 58.636455535888671875 41.219036102294921875 45.596179962158203125 63.179347991943359375 32.4710540771484375 19.211763381958007812 1.400143742561340332 14.881182670593261719 6.02423858642578125 10.514734268188476562 23.819707870483398438 28.180572509765625 36.959957122802734375 41.323085784912109375 62.9202117919921875 45.620868682861328125 36.827190399169921875 36.8417816162109375 32.407222747802734375 27.953481674194335938 27.88922882080078125 27.737558364868164062 27.516698837280273438 27.2576751708984375 217.7099456787109375 132.4840545654296875 35.888500213623046875 36.054821014404296875 23.02626800537109375 18.6871337890625 14.272794723510742188 18.636539459228515625 5.177387237548828125 9.36341094970703125 0.032656058669090270996 706.662353515625 114.5833892822265625 70.6719512939453125 31.198663711547851562 9.2097673416137695312 4.6868238449096679688 4.2141790390014648438 0
67.32048797607421875 63.03038787841796875 45.662601470947265625 50.0566253662109375 67.632354736328125 36.980617523193359375 23.763746261596679688 6.0024538040161132812 1.5817264318466186523 19.466348648071289062 10.542562484741210938 14.965455055236816406 28.220485687255859375 32.55496978759765625 41.282695770263671875 45.594699859619140625 67.1620330810546875 49.995426177978515625 41.283901214599609375 41.287120819091796875 36.82769775390625 32.2789459228515625 32.0838165283203125 31.915363311767578125 31.7987213134765625 253.4938507080078125 137.1276702880859375 40.54804229736328125 40.64530181884765625 27.6201324462890625 23.273679733276367188 18.86103057861328125 23.226282119750976562 9.8433027267456054688 14.152924537658691406 5.0687713623046875 711.63677978515625 0.19652239978313446045 119.5793609619140625 111.03313446044921875 13.110180854797363281 9.0956249237060546875 9.2852964401245117188 4.6659936904907226562
71.67354583740234375 67.419952392578125 50.12569427490234375 54.552928924560546875 72.116119384765625 41.49969482421875 28.302165985107421875 10.567885398864746094 1.6533153057098388672 6.1256499290466308594 23.922861099243164062 14.966320991516113281 19.320135116577148438 32.509674072265625 36.83074951171875 45.57932281494140625 49.9842376708984375 71.5897369384765625 54.458850860595703125 45.701690673828125 45.6252593994140625 41.084613800048828125 36.521026611328125 36.410213470458984375 36.328769683837890625 293.527099609375 141.5111236572265625 45.00665283203125 45.079952239990234375 32.05577850341796875 27.699352264404296875 23.298244476318359375 27.685655593872070312 14.393088340759277344 18.801610946655273438 9.8779497146606445312 716.224609375 5.1626610755920410156 124.34601593017578125 115.66790771484375 17.584516525268554688 13.489619255065917969 13.795164108276367188 9.4010629653930664062
75.9999847412109375 71.8082275390625 54.610683441162109375 59.080020904541015625 76.62062835693359375 46.02004241943359375 32.821949005126953125 15.098802566528320312 6.181980133056640625 10.629060745239257812 1.6098901033401489258 28.251581192016601562 19.2317047119140625 23.57242584228515625 36.8188323974609375 41.244304656982421875 50.079128265380859375 54.469940185546875 75.9686431884765625 58.80536651611328125 50.003627777099609375 49.92591094970703125 45.4517974853515625 40.942607879638671875 40.783832550048828125 337.79669189453125 145.68023681640625 49.28971099853515625 49.363780975341796875 36.330081939697265625 31.9600372314453125 27.582735061645507812 32.01889801025390625 18.83895111083984375 23.32756805419921875 14.497410774230957031 720.5792236328125 9.93112945556640625 129.1761932373046875 120.78095245361328125 22.580913543701171875 17.936901092529296875 17.882976531982421875 13.510404586791992188
80.46915435791015625 76.30055999755859375 59.133510589599609375 63.581188201904296875 81.07232666015625 50.492794036865234375 37.3022308349609375 19.58893585205078125 10.66121673583984375 15.074125289916992188 6.03978729248046875 32.617534637451171875 23.621807098388671875 1.2445601224899291992 27.995214462280273438 41.29021453857421875 45.740825653076171875 54.52367401123046875 58.862995147705078125 80.28806304931640625 63.128345489501953125 54.346317291259765625 54.267940521240234375 49.731731414794921875 45.115570068359375 386.4730224609375 149.9792327880859375 53.73577880859375 53.818576812744140625 40.800472259521484375 36.419189453125 32.034824371337890625 36.458133697509765625 23.314798355102539062 27.829023361206054688 19.05078887939453125 724.834228515625 14.541625022888183594 133.730194091796875 125.4690704345703125 27.298870086669921875 22.49990081787109375 22.229366302490234375 17.740863800048828125
85.0522918701171875 80.8674774169921875 63.674610137939453125 68.054168701171875 85.4795684814453125 54.92652130126953125 41.747028350830078125 24.038455963134765625 15.086577415466308594 19.456094741821289062 10.421645164489746094 36.98076629638671875 28.05596923828125 1.2843831777572631836 5.7517342567443847656 32.458988189697265625 45.764923095703125 50.204982757568359375 58.946071624755859375 63.248020172119140625 84.5879974365234375 67.41875457763671875 58.5560760498046875 58.341266632080078125 53.7601776123046875 49.330791473388671875 544.79156494140625 58.331085205078125 58.429718017578125 45.44995880126953125 41.05792236328125 36.639347076416015625 40.997104644775390625 27.819116592407226562 32.31000518798828125 23.5495147705078125 729.00714111328125 19.02848052978515625 138.097808837890625 129.9197540283203125 31.880701065063476562 27.186265945434570312 26.892017364501953125 22.206739425659179688
89.81858062744140625 85.7537994384765625 67.837921142578125 72.25696563720703125 89.7061920166015625 59.24712371826171875 46.09978485107421875 28.384233474731445312 19.397314071655273438 23.733285903930664062 14.729880332946777344 41.306957244873046875 32.463207244873046875 5.7751460075378417969 1.2980484962463378906 10.252633094787597656 36.990139007568359375 50.2381439208984375 54.569576263427734375 63.216892242431640625 67.432708740234375 88.66552734375 71.4507598876953125 62.60546112060546875 62.580020904541015625 58.30890655517578125 54.0899810791015625 611.42022705078125 63.0092010498046875 50.012851715087890625 45.586734771728515625 41.1486053466796875 45.486175537109375 32.3162841796875 36.786220550537109375 28.013471603393554688 733.14349365234375 23.507259368896484375 142.4895477294921875 134.407867431640625 36.49364471435546875 31.871065139770507812 58.3270263671875 31.351270675659179688
4275.2724609375 4371.630859375 89.6915740966796875 147.9196624755859375 93.71822357177734375 63.447437286376953125 50.341796875 32.587627410888671875 23.542978286743164062 27.858854293823242188 18.940923690795898438 45.589939117431640625 36.837261199951171875 10.234012603759765625 5.8141970634460449219 1.3902782201766967773 14.8264312744140625 41.380680084228515625 54.441715240478515625 58.662570953369140625 67.19977569580078125 71.3702850341796875 92.6244659423828125 75.6929931640625 67.189910888671875 67.36928558349609375 63.150547027587890625 673.54376220703125 67.54901885986328125 54.50399017333984375 50.031291961669921875 45.58490753173828125 49.93602752685546875 36.807582855224609375 41.24962615966796875 32.438426971435546875 737.24176025390625 27.971622467041015625 146.890380859375 138.9126739501953125 41.11474609375 98.82281494140625 36.374969482421875 5.0062336921691894531
104.13470458984375 135.2727203369140625 4514.1669921875 4610.51416015625 4764.81884765625 98.41342926025390625 121.43372344970703125 36.349964141845703125 27.337617874145507812 31.734767913818359375 22.980360031127929688 49.705821990966796875 41.03005218505859375 1.116360783576965332 14.632490158081054688 10.258275985717773438 5.8060169219970703125 19.10381317138671875 45.558929443359375 58.60774993896484375 62.83293914794921875 71.46175384521484375 75.81327056884765625 97.24364471435546875 80.4455718994140625 71.9119110107421875 72.00478363037109375 744.23272705078125 71.8976287841796875 58.852535247802734375 54.397037506103515625 49.994777679443359375 54.381328582763671875 41.28682708740234375 45.68747711181640625 36.836517333984375 741.2943115234375 32.34352874755859375 151.15325927734375 143.2486572265625 147.8607635498046875 41.030078887939453125 9.897125244140625 5.2444067001342773438
24.318429946899414062 24.436855316162109375 51.406322479248046875 73.8810272216796875 96.48513031005859375 4885.9619140625 4990.021484375 5116.7919921875 39.786678314208984375 30.73061370849609375 35.63027191162109375 27.064403533935546875 53.7916259765625 45.185367584228515625 5.4035181999206542969 18.921728134155273438 14.536026954650878906 10.102891921997070312 23.465732574462890625 49.985080718994140625 63.122501373291015625 67.4975433349609375 76.2211456298828125 80.57570648193359375 101.88774871826171875 84.97589874267578125 76.31049346923828125 76.2335205078125 823.2850341796875 63.05712890625 58.684024810791015625 54.380512237548828125 58.822967529296875 45.753330230712890625 50.101104736328125 41.205600738525390625 745.28948974609375 36.615230560302734375 155.2698974609375 298.591278076171875 45.41407012939453125 14.373244285583496094 9.8996992111206054688 0.91589915752410888672
20.073160171508789062 20.128124237060546875 15.694138526916503906 15.826827049255371094 15.763365745544433594 15.522935867309570312 33.33931732177734375 50.88709259033203125 5174.46533203125 5221.68359375 5260.82421875 40.6666717529296875 32.14696502685546875 58.16220855712890625 49.622554779052734375 9.9063720703125 23.393590927124023438 19.05094146728515625 14.677632331848144531 28.055608749389648438 54.588672637939453125 67.76454925537109375 72.12711334228515625 80.78924560546875 85.06395721435546875 106.22306060791015625 89.2184295654296875 80.43201446533203125 907.66937255859375 67.2125396728515625 62.872135162353515625 58.639232635498046875 63.1241455078125 50.074062347412109375 54.37345123291015625 45.449108123779296875 749.19244384765625 40.870098114013671875 159.408111572265625 351.643402099609375 18.830707550048828125 14.381898880004882812 0 0
14.701084136962890625 10.304796218872070312 11.170599937438964844 11.21172332763671875 11.250164031982421875 11.321063041687011719 11.027561187744140625 41.72595977783203125 59.496540069580078125 77.38416290283203125 82.11669921875 5350.63232421875 45.63047027587890625 37.0410003662109375 63.68320465087890625 55.139251708984375 15.419679641723632812 28.88652801513671875 24.533655166625976562 20.150333404541015625 33.52210235595703125 60.0213470458984375 73.14180755615234375 77.44918060302734375 86.0217742919921875 90.1688232421875 111.1831207275390625 94.077850341796875 85.204132080078125 982.55645751953125 67.69189453125 63.52115631103515625 68.05580902099609375 54.2108612060546875 58.455715179443359375 49.5182647705078125 752.95965576171875 45.0887603759765625 163.573638916015625 378.193328857421875 18.851385116577148438 0 0 6.5388331413269042969
5.6604943275451660156 5.6984405517578125 5.7785277366638183594 5.8521108627319335938 6.7362794876098632812 6.6923108100891113281 37.632709503173828125 10.941548347473144531 10.672063827514648438 1.3779549598693847656 6.1288771629333496094 10.731637954711914062 5367.8408203125 5420.08154296875 5463.7763671875 5533.45849609375 59.746898651123046875 19.95464324951171875 33.315196990966796875 28.915765762329101562 24.521686553955078125 37.822223663330078125 64.21368408203125 156.9674530029296875 90.10529327392578125 94.2439727783203125 115.27379608154296875 98.246826171875 89.44696044921875 1.0740814208984375 986.89373779296875 139.063934326171875 72.47655487060546875 59.142848968505859375 63.286350250244140625 53.621429443359375 756.79083251953125 49.39397430419921875 167.83642578125 404.812225341796875 1.6708735227584838867 0 1.0277228355407714844 11.124322891235351562
1.0354132652282714844 1.0709263086318969727 1.1639525890350341797 1.2348273992538452148 1.2895214557647705078 32.413181304931640625 6.3655743598937988281 6.2751851081848144531 6.2229104042053222656 10.855397224426269531 15.633147239685058594 20.18314361572265625 24.40709686279296875 28.993625640869140625 33.947978973388671875 38.618480682373046875 5577.5888671875 5642.71533203125 5667.90087890625 5706.37109375 5740.3994140625 5769.779296875 5812.1640625 5880.7275390625 6041.8935546875 6136.52197265625 97.63600921630859375 119.018585205078125 102.35268402099609375 93.972900390625 6.0478224754333496094 1134.011962890625 77.02309417724609375 63.484264373779296875 67.5192413330078125 58.51409912109375 760.7520751953125 53.82735443115234375 172.212005615234375 412.3514404296875 0 5.6294655799865722656 1.0804092884063720703 15.705881118774414062
9.8544521331787109375 14.350069999694824219 18.894992828369140625 23.401630401611328125 27.87303924560546875 1.0844787359237670898 0.92056828737258911133 0.91603982448577880859 1.8668307065963745117 6.6192965507507324219 11.345083236694335938 15.873880386352539062 2382.716552734375 2478.759765625 2592.20654296875 2692.69775390625 2793.00390625 2888.97607421875 2958.86328125 3028.715087890625 3098.5478515625 3168.486083984375 3216.431640625 3264.257080078125 3311.99951171875 3315.31103515625 9457.5615234375 9560.287109375 123.089935302734375 106.63788604736328125 98.50562286376953125 1147.427001953125 81.22881317138671875 67.7083282470703125 71.8320770263671875 62.9640655517578125 765.57952880859375 58.2961273193359375 163.0541229248046875 431.890289306640625 10.086297988891601562 5.6609578132629394531 1.1128156185150146484 20.237152099609375
9.750530242919921875 14.209201812744140625 18.729482650756835938 23.2623138427734375 27.783922195434570312 32.18791961669921875 36.465511322021484375 40.883640289306640625 45.47095489501953125 49.99251556396484375 2268.33544921875 2359.9375 88.81319427490234375 105.9553070068359375 93.416473388671875 93.5406646728515625 89.26546478271484375 63.2245941162109375 63.17627716064453125 63.10604095458984375 63.86452484130859375 41.9029541015625 41.74474334716796875 41.552501678466796875 41.348896026611328125 107.73657989501953125 156.6024627685546875 160.77447509765625 9726.54296875 9855.2158203125 9967.5732421875 10070.1875 1235.552001953125 71.79524993896484375 76.27526092529296875 67.56960296630859375 769.96392822265625 50.06421661376953125 0 449.055328369140625 23.528028488159179688 5.6787524223327636719 1.1267063617706298828 24.7264862060546875
