tests/data/reference/gistest/full/control/crillvout_m3.asc
ncols        125
nrows        78
xllcorner    -713756.799299980048
yllcorner    -1061032.369616159936
cellsize     10.000000000000
NODATA_value  -9999
[rows 20 to 39 of 78, columns 0 to 43 of 125]
-9999 -9999 -9999 -9999 -9999 -9999 -9999 -9999 -9999 -9999 -9999 -9999 -9999 -9999 -9999 -9999 0 3.5273537635803222656 8.2386388778686523438 21.463495254516601562 170.75250244140625 6.7694611549377441406 0 3.9401679039001464844 0 0 145.1397552490234375 133.4660797119140625 129.4196929931640625 4.3057403564453125 110.37827301025390625 18.290431976318359375 0.73376226425170898438 40.707183837890625 119.0346527099609375 14.109594345092773438 85.836883544921875 115.6016998291015625 54.9360198974609375 71.256072998046875 79.946746826171875 62.316623687744140625 32.094860076904296875 71.3157958984375
-9999 -9999 -9999 -9999 -9999 -9999 -9999 -9999 -9999 -9999 -9999 -9999 -9999 -9999 -9999 -9999 2.6636433601379394531 7.0538530349731445312 11.101357460021972656 200.21661376953125 15.550786972045898438 0 0 0 0 25.524019241333007812 148.4727783203125 137.3260650634765625 133.7032928466796875 8.8771696090698242188 114.82080078125 0.59274154901504516602 22.850778579711914062 49.528896331787109375 123.28359222412109375 18.536832809448242188 90.07337188720703125 119.80152130126953125 59.146625518798828125 75.515960693359375 84.24615478515625 66.66159820556640625 36.534725189208984375 75.72635650634765625
-9999 -9999 -9999 -9999 -9999 -9999 -9999 -9999 -9999 -9999 -9999 -9999 -9999 -9999 -9999 -9999 5.9378066062927246094 9.8780069351196289062 11.786054611206054688 226.0479736328125 0 0 0 0 4.8453478813171386719 29.9726409912109375 152.5579376220703125 141.8675079345703125 138.243072509765625 13.448423385620117188 119.1669464111328125 0.58367687463760375977 5.1348886489868164062 27.299652099609375 180.743255615234375 22.93329620361328125 94.316986083984375 124.09653472900390625 0.78720849752426147461 142.706298828125 88.579681396484375 70.99292755126953125 40.921619415283203125 80.05633544921875
-9999 -9999 -9999 -9999 -9999 -9999 -9999 -9999 -9999 -9999 -9999 -9999 -9999 -9999 -9999 0 7.1364455223083496094 34.170078277587890625 238.1701202392578125 0 0 0 0 0 37.28322601318359375 34.823596954345703125 158.2003173828125 147.5707550048828125 143.6247100830078125 17.959230422973632812 123.42980194091796875 0.55474394559860229492 5.1328625679016113281 9.6323537826538085938 31.696023941040039062 211.56121826171875 98.59889984130859375 128.522430419921875 0.93951880931854248047 151.59051513671875 92.932281494140625 75.3027496337890625 45.2517547607421875 84.3023681640625
-9999 -9999 -9999 -9999 -9999 -9999 -9999 -9999 -9999 -9999 -9999 -9999 -9999 -9999 -9999 0 305.792938232421875 298.271240234375 2.2196683883666992188 0 0 0 0 0.37680014967918395996 8.3290262222290039062 42.198719024658203125 202.933502197265625 152.524810791015625 148.3839874267578125 23.219331741333007812 1.1815056800842285156 127.8744659423828125 5.1114225387573242188 9.5847101211547851562 13.973978996276855469 251.0906219482421875 102.82709503173828125 132.876800537109375 0.99633622169494628906 160.37957763671875 97.2310791015625 79.60693359375 49.61034393310546875 88.58812713623046875
-9999 -9999 -9999 -9999 -9999 -9999 -9999 -9999 -9999 -9999 -9999 -9999 -9999 -9999 -9999 334.751678466796875 0 0 0 0 0 0 10.259950637817382812 19.972230911254882812 4.9615039825439453125 13.589461326599121094 47.58644866943359375 364.15008544921875 153.0554046630859375 27.969976425170898438 1.2896399497985839844 5.9039621353149414062 133.0047149658203125 10.224360466003417969 13.801747322082519531 18.178892135620117188 361.8680419921875 0.79814869165420532227 137.3434906005859375 5.4447674751281738281 265.260833740234375 83.91632080078125 54.000652313232421875 92.9180450439453125
-9999 -9999 -9999 -9999 -9999 -9999 -9999 -9999 -9999 -9999 -9999 -9999 -9999 0 0 19.654010772705078125 0.24842272698879241943 0 0 0 0 0 28.5332794189453125 14.354405403137207031 24.734945297241210938 9.6129894256591796875 18.08991241455078125 419.4444580078125 157.1976776123046875 32.2960968017578125 5.7200961112976074219 1.1787241697311401367 10.407848358154296875 137.2853851318359375 14.44605255126953125 18.712537765502929688 22.661861419677734375 366.30877685546875 5.3745760917663574219 141.6366424560546875 9.8579511642456054688 356.93109130859375 58.35443878173828125 97.20720672607421875
-9999 -9999 -9999 -9999 -9999 -9999 -9999 -9999 -9999 -9999 -9999 -9999 -9999 -9999 0 0 0 0 0 0 0 22.245571136474609375 26.540607452392578125 64.455322265625 88.52211761474609375 122.54388427734375 141.106475830078125 167.7472686767578125 422.915557861328125 160.9913177490234375 36.511142730712890625 10.133066177368164062 5.6053738594055175781 14.632538795471191406 141.2621612548828125 18.85106658935546875 23.582948684692382812 28.117376327514648438 371.46630859375 9.831935882568359375 145.9703826904296875 374.535736083984375 62.665981292724609375 101.4530029296875
-9999 -9999 -9999 -9999 -9999 -9999 -9999 -9999 -9999 -9999 -9999 -9999 -9999 -9999 -9999 -9999 0 0 0 0 10.338627815246582031 14.841494560241699219 19.432760238647460938 24.158136367797851562 28.99974822998046875 33.86716461181640625 38.751201629638671875 43.257717132568359375 219.96221923828125 652.1513671875 165.292694091796875 40.805187225341796875 14.242031097412109375 9.5638790130615234375 18.643186569213867188 145.6699676513671875 23.797018051147460938 28.289476394653320312 32.533908843994140625 375.715423583984375 14.937733650207519531 528.1630859375 67.01932525634765625 105.82086181640625
-9999 -9999 -9999 -9999 -9999 -9999 -9999 -9999 -9999 -9999 -9999 -9999 -9999 -9999 -9999 -9999 -9999 0 0 12.561898231506347656 17.1360931396484375 21.63549041748046875 26.041929244995117188 30.7849273681640625 35.7876129150390625 40.771389007568359375 45.73199462890625 50.25485992431640625 54.3404083251953125 58.7745361328125 720.60150146484375 894.7183837890625 943.811279296875 18.176610946655273438 13.720402717590332031 23.206386566162109375 150.3778533935546875 182.1934814453125 218.0294952392578125 36.774471282958984375 380.040496826171875 19.556690216064453125 603.88897705078125 110.310394287109375
-9999 -9999 -9999 -9999 -9999 -9999 -9999 -9999 -9999 -9999 -9999 -9999 -9999 -9999 -9999 -9999 -9999 0 0 8.109287261962890625 12.942979812622070312 17.570560455322265625 457.6644287109375 462.21551513671875 467.04779052734375 471.748687744140625 476.3717041015625 480.6634521484375 484.608245849609375 488.861083984375 493.450103759765625 497.683624267578125 501.55419921875 1453.9256591796875 1480.451171875 1502.886474609375 1534.90576171875 1539.218994140625 1543.411865234375 1769.253662109375 1813.708251953125 2200.804443359375 2226.9970703125 721.55328369140625
-9999 -9999 -9999 -9999 -9999 -9999 -9999 -9999 -9999 -9999 -9999 -9999 -9999 -9999 -9999 -9999 0 0 7.7386097908020019531 107.23291015625 162.4465789794921875 430.03375244140625 29.823986053466796875 69.93579864501953125 118.82546234130859375 123.566741943359375 246.295135498046875 294.960235595703125 403.7474365234375 408.279296875 412.987457275390625 417.4046630859375 421.505645751953125 425.396514892578125 428.89837646484375 433.093719482421875 438.133636474609375 1124.4638671875 1142.665771484375 1165.11962890625 1213.6925048828125 1253.2607421875 1288.0821533203125 3521.497314453125
-9999 -9999 -9999 -9999 -9999 -9999 -9999 -9999 -9999 -9999 -9999 -9999 -9999 -9999 -9999 0 0 52.19353485107421875 89.017303466796875 43.55727386474609375 256.48974609375 25.205150604248046875 29.960561752319335938 38.913188934326171875 48.031635284423828125 113.49736785888671875 39.391429901123046875 99.900970458984375 77.555999755859375 81.9486083984375 87.0583038330078125 91.4375152587890625 444.416748046875 479.1842041015625 522.48406982421875 574.8936767578125 676.55718994140625 9.1025943756103515625 14.134472846984863281 40.8356475830078125 32.55745697021484375 28.354372024536132812 28.322154998779296875 72.54931640625
-9999 -9999 -9999 -9999 -9999 -9999 -9999 -9999 -9999 -9999 -9999 -9999 -9999 -9999 -9999 0 12.201430320739746094 26.946071624755859375 39.877445220947265625 252.6993865966796875 20.353826522827148438 24.81397247314453125 33.767948150634765625 43.21758270263671875 55.823886871337890625 34.6063690185546875 94.89307403564453125 73.10231781005859375 85.93312835693359375 227.444915771484375 305.45428466796875 344.7259521484375 26.37560272216796875 34.92975616455078125 43.565944671630859375 92.47113800048828125 4.4571247100830078125 9.0265321731567382812 35.498199462890625 27.066020965576171875 22.947050094604492188 23.145952224731445312 37.22110748291015625 24.166128158569335938
-9999 -9999 -9999 -9999 -9999 -9999 -9999 -9999 -9999 -9999 -9999 -9999 -9999 -9999 0 1.5231242179870605469 22.435764312744140625 35.6624755859375 248.9705047607421875 16.38555145263671875 20.6499481201171875 29.276117324829101562 38.023067474365234375 51.11075592041015625 29.984722137451171875 90.642120361328125 68.71944427490234375 81.4019927978515625 132.8544921875 69.6817474365234375 31.149532318115234375 22.358554840087890625 30.968059539794921875 39.6656036376953125 88.4694366455078125 0.29539471864700317383 4.8519129753112792969 31.247686386108398438 22.643083572387695312 18.394590377807617188 18.566257476806640625 31.9052581787109375 18.909027099609375 19.044176101684570312
-9999 -9999 -9999 -9999 -9999 -9999 -9999 -9999 -9999 -9999 -9999 -9999 -9999 0 0 18.115612030029296875 31.191722869873046875 244.6657867431640625 12.040020942687988281 16.4832763671875 25.156942367553710938 33.749851226806640625 46.58937835693359375 25.192432403564453125 85.93109130859375 64.16107177734375 76.862030029296875 128.297393798828125 65.221435546875 26.738679885864257812 18.043973922729492188 26.839693069458007812 35.577915191650390625 71.0772705078125 9.3252105712890625 0.3839931488037109375 26.820680618286132812 18.193994522094726562 13.910431861877441406 14.074838638305664062 27.439622879028320312 14.417279243469238281 14.530483245849609375 14.581384658813476562
-9999 -9999 -9999 -9999 -9999 -9999 -9999 -9999 -9999 -9999 -9999 -9999 -9999 0 13.369576454162597656 26.861797332763671875 240.504302978515625 7.4943981170654296875 12.091810226440429688 20.920618057250976562 29.629299163818359375 42.502811431884765625 20.833719253540039062 81.48868560791015625 59.55846405029296875 72.26862335205078125 123.7125091552734375 60.41650390625 22.016534805297851562 13.406869888305664062 22.246166229248046875 31.088226318359375 62.156864166259765625 0.46608781814575195312 4.8794178962707519531 22.3278961181640625 13.569211959838867188 9.2286405563354492188 9.3227834701538085938 22.71207427978515625 9.6775579452514648438 9.8717193603515625 10.02883148193359375 10.069657325744628906
-9999 -9999 -9999 -9999 -9999 -9999 -9999 -9999 -9999 -9999 -9999 -9999 0 0 21.519594192504882812 235.958465576171875 2.9844365119934082031 7.5496664047241210938 16.501796722412109375 25.331369400024414062 38.337932586669921875 16.70412445068359375 77.37618255615234375 55.34264373779296875 67.93566131591796875 119.32453155517578125 55.792705535888671875 17.099336624145507812 8.5339384078979492188 17.417583465576171875 26.166006088256835938 17.498449325561523438 35.266933441162109375 0.071843080222606658936 17.776948928833007812 8.946041107177734375 4.4249453544616699219 4.4435129165649414062 17.746578216552734375 4.5976309776306152344 4.7514414787292480469 5.0336256027221679688 5.3734755516052246094 1.0597335100173950195
-9999 -9999 -9999 -9999 -9999 -9999 -9999 -9999 -9999 -9999 -9999 0 0 16.089282989501953125 230.40484619140625 0 2.5757946968078613281 11.71392059326171875 20.76920318603515625 33.94500732421875 12.312166213989257812 73.20423126220703125 51.082366943359375 63.65093231201171875 115.03436279296875 51.292163848876953125 12.5027618408203125 3.7774529457092285156 12.671100616455078125 21.398164749145507812 12.4548797607421875 12.53812408447265625 12.596110343933105469 12.709336280822753906 4.2795968055725097656 0 0 12.731744766235351562 0 0 0 0.060293834656476974487 0.70297169685363769531 5.3814396858215332031
-9999 -9999 -9999 -9999 -9999 -9999 -9999 -9999 -9999 -9999 -9999 0 9.9495630264282226562 216.5238037109375 0.74425011873245239258 0 5.9433746337890625 15.489634513854980469 29.121587753295898438 7.6719560623168945312 68.78553009033203125 46.7890777587890625 59.335834503173828125 110.72930908203125 46.82654571533203125 7.8202962875366210938 0 8.0611248016357421875 16.819307327270507812 7.8127164840698242188 7.4930486679077148438 7.4462962150573730469 7.4254727363586425781 0 0 4.1878452301025390625 8.22042083740234375 0 3.3020563125610351562 7.8293695449829101562 12.57263946533203125 0.0038383847568184137344 0.6533787846565246582 5.3152127265930175781
