tests/data/reference/gistest/full/control/crillvout_m3.asc
ncols        125
nrows        78
xllcorner    -713756.799299980048
yllcorner    -1061032.369616159936
cellsize     10.000000000000
NODATA_value  -9999
[rows 20 to 39 of 78, columns 0 to 43 of 125]
-9999 -9999 -9999 -9999 -9999 -9999 -9999 -9999 -9999 -9999 -9999 -9999 -9999 -9999 -9999 -9999 -9999 -9999 0 3.76622772216796875 109.77093505859375 6.8080229759216308594 0 3.9622898101806640625 0 0 132.7921142578125 129.827117919921875 125.7471466064453125 4.3299212455749511719 110.89026641845703125 18.394784927368164062 0.73742693662643432617 40.9406280517578125 80.06565093994140625 14.1906890869140625 50.820362091064453125 116.2672271728515625 49.54700469970703125 62.8898468017578125 71.6499786376953125 58.343288421630859375 32.2795257568359375 71.7292327880859375
-9999 -9999 -9999 -9999 -9999 -9999 -9999 -9999 -9999 -9999 -9999 -9999 -9999 -9999 -9999 -9999 -9999 0 2.2578742504119873047 121.614959716796875 15.656161308288574219 0 0 0 0 25.599130630493164062 136.14984130859375 133.71624755859375 130.0577850341796875 8.9275655746459960938 115.35576629638671875 0.59556466341018676758 22.981691360473632812 49.812870025634765625 84.3644866943359375 18.64334869384765625 55.14776611328125 120.4910430908203125 53.790637969970703125 67.18498992919921875 75.984466552734375 62.722415924072265625 36.74488067626953125 76.16532135009765625
-9999 -9999 -9999 -9999 -9999 -9999 -9999 -9999 -9999 -9999 -9999 -9999 -9999 -9999 -9999 -9999 -9999 0.87327980995178222656 2.9591016769409179688 147.6608734130859375 0 0 0 0 4.8715891838073730469 30.07393646240234375 140.265777587890625 138.2832489013671875 134.6280975341796875 13.525288581848144531 119.72728729248046875 0.5864359736442565918 5.1639337539672851562 27.456401824951171875 142.178985595703125 23.065013885498046875 59.479946136474609375 124.8108367919921875 0.7911472320556640625 129.075469970703125 80.35318756103515625 67.08783721923828125 41.1571044921875 80.520599365234375
-9999 -9999 -9999 -9999 -9999 -9999 -9999 -9999 -9999 -9999 -9999 -9999 -9999 -9999 -9999 -9999 -9999 16.43988037109375 159.9076995849609375 0 0 0 0 0 37.4785308837890625 34.9650726318359375 145.9510955810546875 144.03057861328125 140.0488433837890625 18.062244415283203125 124.0152740478515625 0.55728936195373535156 5.1619091033935546875 9.6875629425048828125 31.878173828125 173.1988525390625 63.848560333251953125 129.26275634765625 0.94437307119369506836 138.0213623046875 84.740997314453125 71.4316558837890625 45.51241302490234375 84.79168701171875
-9999 -9999 -9999 -9999 -9999 -9999 -9999 -9999 -9999 -9999 -9999 -9999 -9999 -9999 -9999 -9999 191.7342376708984375 202.5365753173828125 2.2374539375305175781 0 0 0 0 0.37836486101150512695 8.3826475143432617188 42.428066253662109375 190.91217041015625 149.0248565673828125 144.8511199951171875 23.359455108642578125 1.1908690929412841797 128.48553466796875 5.1404290199279785156 9.6395111083984375 14.053943634033203125 212.9803466796875 68.16092681884765625 133.642608642578125 1.0016167163848876953 146.871307373046875 89.074798583984375 75.76979827880859375 49.89629364013671875 89.10266876220703125
-9999 -9999 -9999 -9999 -9999 -9999 -9999 -9999 -9999 -9999 -9999 -9999 -9999 -9999 -9999 -9999 0 0 0 0 0 0 10.327488899230957031 20.074010848999023438 5.0057344436645507812 13.692051887512207031 47.859119415283203125 348.70611572265625 149.569122314453125 28.15068817138671875 1.3000099658966064453 5.9574403762817382812 133.654022216796875 10.290822029113769531 13.880383491516113281 18.282812118530273438 289.163726806640625 0.8021723628044128418 138.13568115234375 5.4762716293334960938 243.6502685546875 80.1131134033203125 54.31200408935546875 93.4579620361328125
-9999 -9999 -9999 -9999 -9999 -9999 -9999 -9999 -9999 -9999 -9999 -9999 -9999 -9999 -9999 -9999 0.24867668747901916504 0 0 0 0 0 28.695346832275390625 14.451115608215332031 24.87229156494140625 9.7010812759399414062 18.23433685302734375 404.34307861328125 153.7547760009765625 32.517162322998046875 5.772003173828125 1.1880725622177124023 10.503060340881347656 137.9716339111328125 14.548605918884277344 18.826690673828125 22.791454315185546875 293.657745361328125 5.4054193496704101562 142.453857421875 9.9149923324584960938 331.571746826171875 58.691066741943359375 97.77233123779296875
-9999 -9999 -9999 -9999 -9999 -9999 -9999 -9999 -9999 -9999 -9999 -9999 -9999 -9999 -9999 -9999 -9999 0 0 0 0 22.378437042236328125 26.70531463623046875 64.8552398681640625 89.09033203125 123.31523895263671875 142.046783447265625 168.908599853515625 407.853973388671875 157.58880615234375 36.770961761474609375 10.226010322570800781 5.6560349464416503906 14.76737213134765625 141.9856719970703125 18.99376678466796875 23.738676071166992188 28.287078857421875 298.8756103515625 9.8889455795288085938 146.8128204345703125 349.287567138671875 63.02776336669921875 102.043212890625
-9999 -9999 -9999 -9999 -9999 -9999 -9999 -9999 -9999 -9999 -9999 -9999 -9999 -9999 -9999 -9999 -9999 -9999 0 0 10.363890647888183594 14.900561332702636719 19.5278472900390625 24.290775299072265625 29.17205810546875 34.078388214111328125 39.0039825439453125 43.55230712890625 221.498504638671875 638.7171630859375 161.9359283447265625 41.105709075927734375 14.372995376586914062 9.6514530181884765625 18.815380096435546875 146.43499755859375 23.98583221435546875 28.488742828369140625 32.742412567138671875 303.191253662109375 15.031846046447753906 503.809356689453125 67.40642547607421875 106.43657684326171875
-9999 -9999 -9999 -9999 -9999 -9999 -9999 -9999 -9999 -9999 -9999 -9999 -9999 -9999 -9999 -9999 -9999 -9999 0 4.3973841667175292969 9.0621404647827148438 13.6396331787109375 18.113239288330078125 22.921634674072265625 27.9898529052734375 33.038951873779296875 38.063995361328125 42.6449737548828125 46.78356170654296875 51.27288818359375 699.76513671875 870.62322998046875 920.11114501953125 18.343990325927734375 13.84604644775390625 23.4211273193359375 151.1880645751953125 183.2699737548828125 219.37774658203125 37.02135467529296875 307.589508056640625 19.691167831420898438 579.98712158203125 110.95197296142578125
-9999 -9999 -9999 -9999 -9999 -9999 -9999 -9999 -9999 -9999 -9999 -9999 -9999 -9999 -9999 -9999 -9999 -9999 0 2.5923008918762207031 7.2660946846008300781 11.930805206298828125 249.16778564453125 253.880096435546875 258.87677001953125 263.742340087890625 268.531585693359375 272.9927978515625 277.116058349609375 281.55023193359375 286.3125 290.7117919921875 294.772369384765625 1223.7069091796875 1250.681640625 1273.525634765625 1306.0220947265625 1310.5338134765625 1314.9161376953125 1542.33447265625 1587.2705078125 1902.1700439453125 1928.760498046875 698.35498046875
-9999 -9999 -9999 -9999 -9999 -9999 -9999 -9999 -9999 -9999 -9999 -9999 -9999 -9999 -9999 -9999 -9999 -9999 0 32.6770782470703125 73.0074310302734375 226.986175537109375 30.01031494140625 70.386016845703125 119.5935821533203125 124.37822723388671875 247.8894500732421875 296.870147705078125 406.32464599609375 410.8984375 415.650909423828125 420.11004638671875 424.249908447265625 428.177947998046875 431.71270751953125 435.947998046875 441.0364990234375 1106.6324462890625 1125.01220703125 1147.6685791015625 1196.5916748046875 1236.4566650390625 1271.5474853515625 3206.959716796875
-9999 -9999 -9999 -9999 -9999 -9999 -9999 -9999 -9999 -9999 -9999 -9999 -9999 -9999 -9999 -9999 -9999 2.6994569301605224609 24.165027618408203125 28.645643234252929688 142.7249298095703125 25.35454559326171875 30.138151168823242188 39.1437225341796875 48.3275146484375 114.196136474609375 39.62493896484375 100.48957061767578125 78.0111541748046875 82.42928314208984375 87.5759124755859375 91.99323272705078125 421.94073486328125 456.970855712890625 500.589324951171875 553.3720703125 655.69354248046875 9.1603918075561523438 14.222176551818847656 41.079738616943359375 32.75341796875 28.5264434814453125 28.494001388549804688 73.00577545166015625
-9999 -9999 -9999 -9999 -9999 -9999 -9999 -9999 -9999 -9999 -9999 -9999 -9999 -9999 -9999 -9999 0 11.730496406555175781 24.899663925170898438 138.7816925048828125 20.471101760864257812 24.95745086669921875 33.96373748779296875 43.47379302978515625 56.150188446044921875 34.806400299072265625 95.4464874267578125 73.5308837890625 86.43929290771484375 203.5313262939453125 282.040802001953125 321.584686279296875 26.527101516723632812 35.131420135498046875 43.818164825439453125 93.0041961669921875 4.4826283454895019531 9.0782146453857421875 35.703792572021484375 27.221464157104492188 23.079315185546875 23.279468536376953125 37.444904327392578125 24.314420700073242188
-9999 -9999 -9999 -9999 -9999 -9999 -9999 -9999 -9999 -9999 -9999 -9999 -9999 -9999 -9999 -9999 7.1656603813171386719 20.614048004150390625 134.9087982177734375 16.479724884033203125 20.769163131713867188 29.445980072021484375 38.244068145751953125 51.40911865234375 30.158411026000976562 91.1704254150390625 69.121673583984375 81.88173675537109375 108.33907318115234375 70.08950042724609375 31.329708099365234375 22.487508773803710938 31.146764755249023438 39.894947052001953125 88.9803314208984375 0.29644611477851867676 4.8795580863952636719 31.428216934204101562 22.772882461547851562 18.500108718872070312 18.673374176025390625 32.08948516845703125 19.017604827880859375 19.153600692749023438
-9999 -9999 -9999 -9999 -9999 -9999 -9999 -9999 -9999 -9999 -9999 -9999 -9999 -9999 -9999 2.8024952411651611328 16.06957244873046875 130.466400146484375 12.109110832214355469 16.577905654907226562 25.302320480346679688 33.945629119873046875 46.86090850830078125 25.33753204345703125 86.4317474365234375 64.536865234375 77.31435394287109375 103.71025848388671875 65.60230255126953125 26.893053054809570312 18.148054122924804688 26.994670867919921875 35.78359222412109375 71.48760986328125 9.3786163330078125 0.38555848598480224609 26.975765228271484375 18.298366546630859375 13.989869117736816406 14.155686378479003906 27.598201751708984375 14.500335693359375 14.613828659057617188 14.664922714233398438
-9999 -9999 -9999 -9999 -9999 -9999 -9999 -9999 -9999 -9999 -9999 -9999 -9999 -9999 0 11.669382095336914062 126.17108917236328125 7.5371685028076171875 12.161182403564453125 21.041500091552734375 29.8013153076171875 42.750545501708984375 20.953596115112304688 81.96286773681640625 59.906482696533203125 72.694000244140625 99.05176544189453125 60.769134521484375 22.14325714111328125 13.483617782592773438 22.374132156372070312 31.267641067504882812 62.516231536865234375 0.46810492873191833496 4.9072113037109375 22.457056045532226562 13.647308349609375 9.2817373275756835938 9.3764495849609375 22.8422393798828125 9.7330064773559570312 9.9289121627807617188 10.086641311645507812 10.127481460571289062
-9999 -9999 -9999 -9999 -9999 -9999 -9999 -9999 -9999 -9999 -9999 -9999 -9999 -9999 6.270938873291015625 121.493621826171875 3.0009675025939941406 7.5927433967590332031 16.597089767456054688 25.47820281982421875 38.561321258544921875 16.800449371337890625 77.82637786865234375 55.66582489013671875 68.3351287841796875 94.591033935546875 56.118427276611328125 17.197261810302734375 8.582714080810546875 17.51790618896484375 26.316900253295898438 17.59943389892578125 35.46966552734375 0.071906864643096923828 17.879220962524414062 8.9969568252563476562 4.4500989913940429688 4.4687495231628417969 17.848028182983398438 4.6240048408508300781 4.77823638916015625 5.0625047683715820312 5.4041471481323242188 1.0653067827224731445
-9999 -9999 -9999 -9999 -9999 -9999 -9999 -9999 -9999 -9999 -9999 -9999 -9999 0.82510548830032348633 115.80657958984375 0 2.5900104045867919922 11.781624794006347656 20.889783859252929688 34.1422271728515625 12.382880210876464844 73.62992095947265625 51.38037872314453125 64.02487945556640625 90.22962188720703125 51.591083526611328125 12.574839591979980469 3.7987186908721923828 12.743528366088867188 21.521205902099609375 12.526620864868164062 12.61042022705078125 12.668869972229003906 12.782547950744628906 4.3038191795349121094 0 0 12.804348945617675781 0 0 0 0.060349337756633758545 0.70646113157272338867 5.4122982025146484375
-9999 -9999 -9999 -9999 -9999 -9999 -9999 -9999 -9999 -9999 -9999 -9999 0 101.75862884521484375 0.74738907814025878906 0 5.9773569107055664062 15.579369544982910156 29.290624618530273438 7.7159442901611328125 69.1850433349609375 47.06160736083984375 59.684017181396484375 85.855194091796875 47.09885406494140625 7.8646421432495117188 0 8.107288360595703125 16.916088104248046875 7.8570036888122558594 7.5358719825744628906 7.4886384010314941406 7.4676222801208496094 0 0 4.2114911079406738281 8.2670812606811523438 0 3.3206334114074707031 7.8736567497253417969 12.644914627075195312 0.0038485843688249588013 0.65648865699768066406 5.3454575538635253906
