tests/data/reference/gistest/full/control/csheetvout_m3.asc
ncols        125
nrows        78
xllcorner    -713756.799299980048
yllcorner    -1061032.369616159936
cellsize     10.000000000000
NODATA_value  -9999
[rows 38 to 56 of 78, columns 0 to 41 of 125]
-9999 -9999 -9999 -9999 -9999 -9999 -9999 -9999 -9999 -9999 -9999 5.7977819442749023438 11.593510627746582031 8.1512842178344726562 7.7340989112854003906 4.4585771560668945312 6.3159303665161132812 5.9461207389831542969 5.6164898872375488281 5.4374928474426269531 5.3950834274291992188 5.4114770889282226562 5.5156946182250976562 5.5360012054443359375 5.5054082870483398438 5.4188747406005859375 5.2305622100830078125 5.1298184394836425781 5.0697970390319824219 5.1330060958862304688 5.2735142707824707031 5.1827082633972167969 5.1151714324951171875 4.9931702613830566406 4.6248574256896972656 4.4693760871887207031 4.4678769111633300781 5.0290966033935546875 4.4669828414916992188 4.4671764373779296875 4.4677143096923828125 4.4095587730407714844
-9999 -9999 -9999 -9999 -9999 -9999 -9999 -9999 -9999 -9999 -9999 5.7974925041198730469 9.938381195068359375 8.619220733642578125 8.1444787979125976562 4.4541506767272949219 7.3305873870849609375 6.5339574813842773438 5.9332776069641113281 5.6325783729553222656 5.5455474853515625 5.5183510780334472656 5.594631195068359375 5.6261391639709472656 5.5853829383850097656 5.5062255859375 4.46570587158203125 5.2689738273620605469 5.3249444961547851562 5.5105776786804199219 5.8252038955688476562 5.8639464378356933594 5.878314971923828125 4.4642977714538574219 4.4678330421447753906 4.7249684333801269531 5.1256494522094726562 4.4651284217834472656 5.6102819442749023438 5.5143752098083496094 5.1919054985046386719 4.4655399322509765625
-9999 -9999 -9999 -9999 -9999 -9999 -9999 -9999 -9999 -9999 5.7975268363952636719 15.538128852844238281 10.48578643798828125 8.9875469207763671875 4.452545166015625 8.6195650100708007812 8.0073060989379882812 7.1305918693542480469 6.396305084228515625 5.9677538871765136719 5.7819933891296386719 5.6829352378845214844 5.6872239112854003906 5.65723419189453125 5.5364718437194824219 4.4649567604064941406 5.4694766998291015625 5.501995086669921875 5.6238651275634765625 5.9255900382995605469 6.4928178787231445312 6.6090240478515625 4.4616799354553222656 5.6139135360717773438 4.9094982147216796875 4.7248415946960449219 4.9465498924255371094 5.1407399177551269531 5.2851352691650390625 4.46695709228515625 4.46942138671875 4.0979447364807128906
-9999 -9999 -9999 -9999 -9999 -9999 -9999 -9999 -9999 -9999 5.7978940010070800781 8.6925439834594726562 9.1028413772583007812 8.8787813186645507812 4.4513463973999023438 8.4432697296142578125 8.1204004287719726562 4.455966949462890625 7.0188450813293457031 6.4388651847839355469 6.0462446212768554688 5.8577814102172851562 5.7818245887756347656 4.4642128944396972656 4.4652233123779296875 5.4346647262573242188 5.6466603279113769531 4.4636321067810058594 4.4631533622741699219 4.4614834785461425781 4.4580569267272949219 4.4582781791687011719 5.9945001602172851562 5.2805147171020507812 4.7784719467163085938 4.5994625091552734375 4.6449265480041503906 4.7336015701293945312 4.4679188728332519531 4.6523895263671875 4.1936593055725097656 3.9070327281951904297
-9999 -9999 -9999 -9999 -9999 -9999 -9999 -9999 -9999 11.59424591064453125 15.544185638427734375 7.9032526016235351562 8.3477888107299804688 4.4503045082092285156 8.7615680694580078125 8.1695384979248046875 8.0090427398681640625 7.8690171241760253906 7.6560001373291015625 6.9685711860656738281 6.2723040580749511719 5.9444432258605957031 5.7864465713500976562 5.5771589279174804688 5.3181562423706054688 5.3512759208679199219 5.6997857093811035156 5.8785710334777832031 5.8935947418212890625 6.1952710151672363281 6.8876423835754394531 6.6228518486022949219 5.6035437583923339844 5.0026564598083496094 4.6260981559753417969 4.4695963859558105469 4.4717464447021484375 4.548980712890625 4.7036967277526855469 4.5261745452880859375 4.1238498687744140625 3.9572176933288574219
-9999 -9999 -9999 -9999 -9999 -9999 -9999 -9999 5.7977490425109863281 11.593564987182617188 7.8402862548828125 7.571014404296875 7.9296488761901855469 4.451507568359375 8.5077180862426757812 8.0205821990966796875 7.9094233512878417969 7.8857216835021972656 7.9543795585632324219 7.3373818397521972656 6.4154706001281738281 4.4627332687377929688 4.4635624885559082031 5.587718963623046875 5.3563709259033203125 5.2834720611572265625 5.451175689697265625 5.6077637672424316406 5.6379308700561523438 5.8621029853820800781 6.3557252883911132812 6.0900082588195800781 5.2824397087097167969 4.8201389312744140625 4.5576786994934082031 4.4588599205017089844 4.4893550872802734375 4.5751581192016601562 4.7171120643615722656 4.5887904167175292969 4.2570238113403320312 4.1607446670532226562
-9999 -9999 -9999 -9999 -9999 -9999 -9999 -9999 5.7973923683166503906 8.2803707122802734375 8.2006292343139648438 4.4553532600402832031 7.7797875404357910156 8.1182565689086914062 8.1024408340454101562 7.9376678466796875 7.8743543624877929688 7.7596030235290527344 7.7312374114990234375 7.1916399002075195312 6.2619638442993164062 5.8338756561279296875 5.7130208015441894531 5.6316847801208496094 5.5521492958068847656 5.3925185203552246094 5.2939100265502929688 4.4657139778137207031 5.3709645271301269531 5.5316147804260253906 5.8695888519287109375 5.6834440231323242188 5.0967125892639160156 4.7862563133239746094 4.6507539749145507812 4.6126580238342285156 4.6521816253662109375 4.6705350875854492188 4.6829671859741210938 4.5602698326110839844 4.3118505477905273438 4.2167096138000488281
-9999 -9999 -9999 -9999 -9999 -9999 -9999 -9999 3.9901804924011230469 9.2141208648681640625 8.814510345458984375 4.4522519111633300781 7.9846692085266113281 7.6890001296997070312 7.7383031845092773438 7.7596883773803710938 7.7234416007995605469 7.4309015274047851562 7.1709589958190917969 6.6926794052124023438 5.9263644218444824219 5.5351796150207519531 5.4366307258605957031 5.470134735107421875 5.6186690330505371094 4.4647760391235351562 4.466136932373046875 5.1654253005981445312 5.2667040824890136719 5.3642334938049316406 5.4970560073852539062 5.404026031494140625 5.0986456871032714844 4.9344091415405273438 4.8529915809631347656 4.7469019889831542969 4.6262912750244140625 4.4395003318786621094 4.262630462646484375 4.1152997016906738281 3.9695878028869628906 3.9150965213775634766
-9999 -9999 -9999 -9999 -9999 -9999 -9999 5.7976222038269042969 9.6353397369384765625 8.8827142715454101562 8.53253173828125 4.4527769088745117188 7.761615753173828125 7.3259754180908203125 7.3053393363952636719 7.3527088165283203125 7.45191192626953125 7.3491110801696777344 7.1629400253295898438 6.7182369232177734375 5.9730868339538574219 5.5350451469421386719 5.3542180061340332031 5.3437943458557128906 5.5007052421569824219 5.4194645881652832031 5.0860857963562011719 5.0384168624877929688 5.2608160972595214844 5.3152456283569335938 5.229839324951171875 5.210483551025390625 5.1986222267150878906 5.1156983375549316406 4.9531145095825195312 4.7137160301208496094 4.4673714637756347656 4.2093634605407714844 3.9863183498382568359 3.8337979316711425781 3.7125904560089111328 3.6565074920654296875
-9999 -9999 -9999 -9999 -9999 -9999 -9999 49.84053802490234375 9.52100372314453125 8.1158599853515625 7.6089849472045898438 4.4563732147216796875 7.1486296653747558594 6.8088078498840332031 6.6915407180786132812 6.698024749755859375 6.9670171737670898438 7.3705148696899414062 7.5983686447143554688 7.1979737281799316406 6.3490543365478515625 4.4634261131286621094 4.464778900146484375 4.4654355049133300781 4.4653806686401367188 5.2839984893798828125 5.0198240280151367188 4.9942259788513183594 5.2186479568481445312 5.2327699661254882812 5.0389914512634277344 5.011749267578125 5.072292327880859375 4.9522356986999511719 4.7410054206848144531 4.5283908843994140625 4.3420057296752929688 4.1487374305725097656 3.9570560455322265625 3.8235599994659423828 3.7041051387786865234 3.6041760444641113281
-9999 -9999 -9999 -9999 -9999 -9999 5.7971405982971191406 10.279577255249023438 8.7007703781127929688 4.4545292854309082031 4.4553074836730957031 7.5280117988586425781 7.2106451988220214844 6.7992129325866699219 6.5724444389343261719 6.5257854461669921875 6.698383331298828125 7.1002688407897949219 7.4994478225708007812 7.2021441459655761719 6.41707611083984375 5.9154462814331054688 5.600982666015625 5.3605871200561523438 5.2170324325561523438 5.1226706504821777344 5.0080370903015136719 4.9818482398986816406 5.0878248214721679688 5.0904016494750976562 4.9365363121032714844 4.8922677040100097656 4.9280581474304199219 4.8136048316955566406 4.6388955116271972656 4.48470306396484375 4.353870391845703125 4.1935391426086425781 3.9890549182891845703 3.8461148738861083984 3.7407488822937011719 3.6353638172149658203
-9999 -9999 -9999 -9999 -9999 37.535003662109375 26.016918182373046875 8.2084455490112304688 7.8968982696533203125 4.4520058631896972656 4.4501123428344726562 8.6037769317626953125 8.11168670654296875 7.37088775634765625 6.9102129936218261719 6.7681884765625 6.7031259536743164062 6.8703284263610839844 7.2347102165222167969 6.9581236839294433594 6.2517695426940917969 5.7875933647155761719 5.4799041748046875 5.1725215911865234375 4.9162030220031738281 4.8373465538024902344 4.84943389892578125 4.8320207595825195312 4.8505868911743164062 4.8854069709777832031 4.85117340087890625 4.826580047607421875 4.8707180023193359375 4.8636617660522460938 4.7954182624816894531 4.6950030326843261719 4.5811281204223632812 4.4051737785339355469 4.1404395103454589844 3.9363915920257568359 3.8094222545623779297 3.7197973728179931641
-9999 -9999 -9999 -9999 -9999 31.746534347534179688 8.824337005615234375 8.0413618087768554688 8.346828460693359375 8.8675889968872070312 4.4463701248168945312 9.6465063095092773438 9.13433837890625 4.4541573524475097656 7.2523169517517089844 6.890293121337890625 6.6711926460266113281 6.7563152313232421875 7.1437582969665527344 6.8896307945251464844 6.1752643585205078125 5.6262979507446289062 5.2491364479064941406 4.9157304763793945312 4.6193118095397949219 4.5248475074768066406 4.5633249282836914062 4.5384869575500488281 4.5009903907775878906 4.545879364013671875 4.5990853309631347656 4.5891547203063964844 4.6037092208862304688 4.6426544189453125 4.6720981597900390625 4.6653375625610351562 4.617527008056640625 4.5039243698120117188 4.2834286689758300781 4.0535187721252441406 3.8803379535675048828 3.8034188747406005859
-9999 -9999 -9999 -9999 5.7972722053527832031 25.95368194580078125 9.8779363632202148438 4.4487242698669433594 8.853870391845703125 4.4435791969299316406 10.811717033386230469 10.25469970703125 9.7228546142578125 4.4513921737670898438 7.6343188285827636719 6.9906487464904785156 6.6975717544555664062 6.7272005081176757812 7.0657887458801269531 6.887180328369140625 6.1706900596618652344 5.4122295379638671875 4.9022111892700195312 4.5897841453552246094 4.3287816047668457031 4.2094187736511230469 4.2113623619079589844 4.1753892898559570312 4.1167874336242675781 4.1422433853149414062 4.2170047760009765625 4.2342386245727539062 4.2368979454040527344 4.2624726295471191406 4.3209943771362304688 4.3942575454711914062 4.4390048980712890625 4.4459810256958007812 4.3661456108093261719 4.1647815704345703125 3.9451844692230224609 3.8799314498901367188
-9999 -9999 -9999 -9999 5.796825408935546875 12.211748123168945312 8.8416996002197265625 4.4410600662231445312 4.4347767829895019531 8.8254804611206054688 8.8340911865234375 11.855591773986816406 10.953820228576660156 4.4470396041870117188 8.2101602554321289062 7.2691330909729003906 6.9352231025695800781 6.8615880012512207031 7.0863447189331054688 7.13066864013671875 6.626800537109375 4.46376800537109375 5.0646519660949707031 4.6711020469665527344 4.3670558929443359375 4.1725873947143554688 4.1066203117370605469 4.0566573143005371094 3.99623870849609375 4.0138878822326660156 4.1031885147094726562 4.1538858413696289062 4.1644616127014160156 4.1571197509765625 4.1669049263000488281 4.2105002403259277344 4.2465872764587402344 4.2989416122436523438 4.3424067497253417969 4.2096843719482421875 3.9652729034423828125 3.8901259899139404297
-9999 -9999 -9999 83.0681610107421875 3.9580368995666503906 8.8393983840942382812 8.8189744949340820312 4.4268779754638671875 4.4204983711242675781 4.4256958961486816406 4.4171299934387207031 16.637722015380859375 13.192651748657226562 4.4390377998352050781 8.8512334823608398438 7.8668923377990722656 7.4316091537475585938 7.1174774169921875 7.1471028327941894531 7.6150202751159667969 7.7890825271606445312 4.4582381248474121094 6.0093479156494140625 5.325595855712890625 4.8376240730285644531 4.4492573738098144531 4.243022918701171875 4.1565399169921875 4.0977683067321777344 4.1149096488952636719 4.2277617454528808594 4.3299374580383300781 4.3654456138610839844 4.2991313934326171875 4.1971683502197265625 4.1374006271362304688 4.0949611663818359375 4.1132411956787109375 4.2018022537231445312 4.1649656295776367188 3.9629447460174560547 3.8607518672943115234
-9999 -9999 -9999 77.3226776123046875 8.851287841796875 4.4404711723327636719 4.4280066490173339844 4.4131102561950683594 4.4273056983947753906 8.820819854736328125 13.132740020751953125 4.4201064109802246094 8.8130559921264648438 4.4299893379211425781 8.8400392532348632812 8.8659963607788085938 8.5677595138549804688 8.01953887939453125 7.7054800987243652344 8.46142578125 9.8856077194213867188 4.4492716789245605469 7.6419119834899902344 6.4711475372314453125 5.7505669593811035156 5.1101174354553222656 4.6692614555358886719 4.4518146514892578125 4.3338165283203125 4.3079571723937988281 4.3929858207702636719 4.5150723457336425781 4.6003770828247070312 4.5173640251159667969 4.3430714607238769531 4.2195906639099121094 4.1288752555847167969 4.1073398590087890625 4.1638369560241699219 4.1429033279418945312 4.0042090415954589844 3.9060983657836914062
-9999 -9999 5.79447174072265625 51.58202362060546875 12.404260635375976562 4.4370169639587402344 4.3968944549560546875 4.4307417869567871094 4.4304852485656738281 -9999 -9999 -9999 4.4191026687622070312 4.4250621795654296875 4.4403748512268066406 4.4454140663146972656 4.4456782341003417969 4.4477815628051757812 4.4511203765869140625 4.4476456642150878906 4.43152618408203125 4.4264769554138183594 4.4425053596496582031 8.7708616256713867188 7.6463193893432617188 6.6182765960693359375 5.6914591789245605469 5.1277666091918945312 4.79949188232421875 4.650302886962890625 4.6423234939575195312 4.7302689552307128906 4.8629808425903320312 4.8059253692626953125 4.5979390144348144531 4.4405083656311035156 4.3212599754333496094 4.2737126350402832031 4.2817463874816894531 4.1924371719360351562 4.0507650375366210938 3.9797270298004150391
-9999 -9999 25.729181289672851562 15.978619575500488281 4.4366917610168457031 4.4241394996643066406 4.4259085655212402344 -9999 -9999 -9999 -9999 -9999 -9999 4.4294109344482421875 4.437808990478515625 8.8533458709716796875 11.348973274230957031 4.4456667900085449219 8.871158599853515625 10.640180587768554688 17.375253677368164062 4.4177231788635253906 4.419734954833984375 4.4341111183166503906 4.4454755783081054688 8.6132106781005859375 7.173992156982421875 6.1832509040832519531 5.5487051010131835938 5.2397098541259765625 5.1120915412902832031 5.102352142333984375 5.207149505615234375 5.1217870712280273438 4.8474721908569335938 4.6396837234497070312 4.4842824935913085938 4.4250063896179199219 4.4427032470703125 4.2984185218811035156 4.0731821060180664062 3.9838426113128662109
