tests/data/reference/gistest/full/control/csheetvout_m3.asc
ncols        125
nrows        78
xllcorner    -713756.799299980048
yllcorner    -1061032.369616159936
cellsize     10.000000000000
NODATA_value  -9999
[rows 19 to 37 of 78, columns 42 to 83 of 125]
3.4005463123321533203 3.3905348777770996094 3.4021439552307128906 3.4206454753875732422 3.4631190299987792969 3.51801300048828125 3.5633437633514404297 3.5634915828704833984 3.4782001972198486328 3.3705596923828125 3.2838034629821777344 3.2340161800384521484 3.1989881992340087891 3.1522154808044433594 3.1059832572937011719 3.1069622039794921875 3.1547114849090576172 3.1996598243713378906 3.2476270198822021484 3.3142709732055664062 3.4040818214416503906 3.5195410251617431641 3.6248650550842285156 3.6437184810638427734 3.5954465866088867188 3.5721442699432373047 3.6638169288635253906 4.0065326690673828125 4.583278656005859375 5.0613160133361816406 5.4814419746398925781 4.4632673263549804688 5.7923183441162109375 5.9426417350769042969 5.7828812599182128906 4.7408576011657714844 4.1359310150146484375 3.9353804588317871094 4.0337629318237304688 -9999 -9999 -9999
3.3480095863342285156 3.2867839336395263672 3.2733895778656005859 3.2997241020202636719 3.3395850658416748047 3.3714816570281982422 3.3902268409729003906 3.3798527717590332031 3.3139045238494873047 3.2504434585571289062 3.2264659404754638672 3.2076904773712158203 3.1530852317810058594 3.0928335189819335938 3.0602908134460449219 3.0655314922332763672 3.0931656360626220703 3.1241078376770019531 3.1746175289154052734 3.2490301132202148438 3.3493967056274414062 3.4262006282806396484 3.4382524490356445312 3.4189786911010742188 3.3878548145294189453 3.4402287006378173828 3.6507425308227539062 4.0291323661804199219 4.4903588294982910156 4.7982430458068847656 5.0009465217590332031 5.2391719818115234375 4.4642620086669921875 4.4626102447509765625 5.6625399589538574219 4.8288068771362304688 4.181804656982421875 3.8369343280792236328 3.7887241840362548828 3.9848840236663818359 4.3029494285583496094 -9999
3.3165042400360107422 3.2243528366088867188 3.1914217472076416016 3.2171633243560791016 3.2632224559783935547 3.2981820106506347656 3.2966961860656738281 3.2556922435760498047 3.1942687034606933594 3.1648843288421630859 3.1870949268341064453 3.1831634044647216797 3.09680938720703125 3.0274455547332763672 3.0243442058563232422 3.04877471923828125 3.0783226490020751953 3.1219265460968017578 3.1871912479400634766 3.2447233200073242188 3.2780065536499023438 3.2736556529998779297 3.2672779560089111328 3.3018360137939453125 3.3550770282745361328 3.5132527351379394531 3.786403656005859375 4.0476531982421875 4.2901601791381835938 4.4770073890686035156 4.6356868743896484375 4.7577452659606933594 4.837779998779296875 4.4679131507873535156 4.8602185249328613281 4.8662958145141601562 4.7024149894714355469 4.3322653770446777344 3.92635345458984375 3.6538472175598144531 3.7211635112762451172 4.1560626029968261719
3.3323829174041748047 3.2398006916046142578 3.1974344253540039062 3.2122273445129394531 3.2483723163604736328 3.2749457359313964844 3.2589089870452880859 3.2046520709991455078 3.1511054039001464844 3.1354982852935791016 3.1507403850555419922 3.1247189044952392578 3.0248906612396240234 2.9775016307830810547 3.0125825405120849609 3.0512595176696777344 3.0768239498138427734 3.1197588443756103516 3.1851520538330078125 3.2205214500427246094 3.2058248519897460938 3.1943538188934326172 3.2276084423065185547 3.2938070297241210938 3.3794617652893066406 3.5725109577178955078 3.8520448207855224609 4.0934762954711914062 4.2541213035583496094 4.2987513542175292969 4.3322496414184570312 4.3304696083068847656 4.2570061683654785156 4.2131509780883789062 4.4096422195434570312 4.4686160087585449219 4.6659221649169921875 4.4694237709045410156 4.2075839042663574219 3.8962519168853759766 3.8021168708801269531 4.0037665367126464844
3.398670196533203125 3.3351452350616455078 3.2927815914154052734 3.2847836017608642578 3.2931411266326904297 3.2989857196807861328 3.2728440761566162109 3.2209062576293945312 3.1774346828460693359 3.1490268707275390625 3.10477447509765625 3.0267083644866943359 2.9554812908172607422 2.9650413990020751953 3.0275959968566894531 3.0601251125335693359 3.0685064792633056641 3.1015250682830810547 3.1697850227355957031 3.210514068603515625 3.2057995796203613281 3.2264742851257324219 3.26904296875 3.3114156723022460938 3.4032468795776367188 3.6112966537475585938 3.9113543033599853516 4.2305173873901367188 4.38111114501953125 4.2402863502502441406 4.0814557075500488281 3.9592235088348388672 3.8584187030792236328 3.8287751674652099609 3.9332196712493896484 4.1304101943969726562 4.3165426254272460938 4.5526838302612304688 4.8345265388488769531 5.0819444656372070312 4.7966427803039550781 4.2321710586547851562
3.429729461669921875 3.3857986927032470703 3.3483495712280273438 3.3245198726654052734 3.3082358837127685547 3.2897858619689941406 3.2475790977478027344 3.1893768310546875 3.1388785839080810547 3.0867855548858642578 3.0130908489227294922 2.9400846958160400391 2.9171450138092041016 2.9582064151763916016 3.0209889411926269531 3.0600202083587646484 3.0827095508575439453 3.1266191005706787109 3.1940989494323730469 3.2225325107574462891 3.2136275768280029297 3.2279875278472900391 3.2494847774505615234 3.3094642162322998047 3.4556844234466552734 3.6700944900512695312 3.9211390018463134766 4.1616392135620117188 4.2413349151611328125 4.0758228302001953125 3.8767802715301513672 3.7203731536865234375 3.6166534423828125 3.5944757461547851562 3.6469295024871826172 3.7726027965545654297 4.0364155769348144531 4.4369063377380371094 4.9099321365356445312 5.24741363525390625 5.1265492439270019531 4.5447530746459960938
3.4223649501800537109 3.3872425556182861328 3.3583741188049316406 3.328060150146484375 3.2925674915313720703 3.2477235794067382812 3.1843826770782470703 3.1113171577453613281 3.0365412235260009766 2.9637155532836914062 2.906612396240234375 2.8827707767486572266 2.8918268680572509766 2.9277522563934326172 2.9944832324981689453 3.0746304988861083984 3.1490066051483154297 3.2142426967620849609 3.2431395053863525391 3.2160246372222900391 3.1774361133575439453 3.1798491477966308594 3.2253947257995605469 3.3478574752807617188 3.5370850563049316406 3.6985566616058349609 3.80765533447265625 3.8836562633514404297 3.9068932533264160156 3.8293666839599609375 3.6985285282135009766 3.5656657218933105469 3.4750244617462158203 3.4606990814208984375 3.5022332668304443359 3.5785343647003173828 3.7052686214447021484 3.8755180835723876953 4.0592851638793945312 4.2758970260620117188 4.5886855125427246094 4.8981490135192871094
3.444828033447265625 3.4243528842926025391 3.3911082744598388672 3.3318769931793212891 3.2526478767395019531 3.165164947509765625 3.0860857963562011719 3.0183117389678955078 2.9417605400085449219 2.8703398704528808594 2.835845947265625 2.8425755500793457031 2.8743603229522705078 2.9304304122924804688 3.0266237258911132812 3.1348083019256591797 3.2191224098205566406 3.2566332817077636719 3.2209644317626953125 3.1684010028839111328 3.1428067684173583984 3.164402008056640625 3.2459414005279541016 3.3782713413238525391 3.5209908485412597656 3.6244881153106689453 3.6979925632476806641 3.7761042118072509766 3.8274483680725097656 3.777805328369140625 3.6701784133911132812 3.5623841285705566406 3.4878575801849365234 3.4717593193054199219 3.4837932586669921875 3.4954955577850341797 3.5109446048736572266 3.5371994972229003906 3.6072123050689697266 3.7835171222686767578 4.1584963798522949219 4.6485071182250976562
3.5025463104248046875 3.4991736412048339844 3.4450657367706298828 3.3320424556732177734 3.1853125095367431641 3.0470187664031982422 2.9630701541900634766 2.9190506935119628906 2.8598647117614746094 2.8047060966491699219 2.7882337570190429688 2.8116703033447265625 2.8787634372711181641 2.9868063926696777344 3.1193287372589111328 3.2195060253143310547 3.2473304271697998047 3.2185192108154296875 3.1545963287353515625 3.1253898143768310547 3.1372296810150146484 3.1799919605255126953 3.2599685192108154297 3.3420543670654296875 3.4133479595184326172 3.5071244239807128906 3.6571779251098632812 3.8437654972076416016 3.9557297229766845703 3.8945116996765136719 3.7856621742248535156 3.712612152099609375 3.6580860614776611328 3.6282718181610107422 3.5862908363342285156 3.5107996463775634766 3.4344828128814697266 3.3830583095550537109 3.3922300338745117188 3.4863588809967041016 3.6646134853363037109 3.9181029796600341797
3.5111091136932373047 3.445892333984375 3.3509097099304199219 3.2229964733123779297 3.0743155479431152344 2.9497849941253662109 2.8889458179473876953 2.8626224994659423828 2.8118433952331542969 2.7732832431793212891 2.7825486660003662109 2.8321881294250488281 2.9291524887084960938 3.0557558536529541016 3.176364898681640625 3.2402753829956054688 3.2338194847106933594 3.1904292106628417969 3.1282713413238525391 3.1016039848327636719 3.1163225173950195312 3.1601631641387939453 3.2341594696044921875 3.3077445030212402344 3.3896181583404541016 3.5281250476837158203 3.7340035438537597656 3.9099788665771484375 3.9474430084228515625 3.8409421443939208984 3.7236683368682861328 3.6597228050231933594 3.6229128837585449219 3.6102101802825927734 3.5770814418792724609 3.4895875453948974609 3.3768410682678222656 3.2890310287475585938 3.2767961025238037109 3.3430130481719970703 3.4440031051635742188 3.607608795166015625
2.7994303703308105469 3.2653203010559082031 3.1380593776702880859 3.0347993373870849609 2.9396386146545410156 2.8758237361907958984 2.8553347587585449219 2.8405048847198486328 2.7937400341033935547 2.7760052680969238281 2.8235776424407958984 2.9090180397033691406 3.0198340415954589844 3.1215717792510986328 3.1828730106353759766 3.2011847496032714844 3.2089264392852783203 3.1994204521179199219 3.1233310699462890625 3.0640518665313720703 3.0647754669189453125 3.1093175411224365234 3.1972315311431884766 3.3143074512481689453 3.4809033870697021484 3.6975498199462890625 3.8858160972595214844 3.9108343124389648438 3.7924818992614746094 3.6316423416137695312 3.4998307228088378906 3.4221625328063964844 3.4028427600860595703 3.4341173171997070312 3.4629411697387695312 3.4333434104919433594 3.3334155082702636719 3.2433056831359863281 3.2414917945861816406 3.3171610832214355469 3.405399322509765625 3.5281286239624023438
3.2874269485473632812 3.1432347297668457031 2.9348201751708984375 2.7186570167541503906 3.1749918460845947266 3.0653245449066162109 2.9970023632049560547 2.9259812831878662109 2.8616497516632080078 2.8756008148193359375 2.9717833995819091797 3.0834958553314208984 3.1763386726379394531 3.2183322906494140625 3.2097887992858886719 3.1876924037933349609 3.1874089241027832031 3.1749420166015625 3.0905153751373291016 3.0513272285461425781 3.0928981304168701172 3.1729319095611572266 3.2957301139831542969 3.4501357078552246094 3.6449103355407714844 3.8059546947479248047 3.8322002887725830078 3.716583251953125 3.53810882568359375 3.3927581310272216797 3.3025906085968017578 3.2660093307495117188 3.287883758544921875 3.3483014106750488281 3.3939192295074462891 3.3779752254486083984 3.2883358001708984375 3.2257916927337646484 3.2404010295867919922 3.2926633358001708984 3.3379213809967041016 3.4049973487854003906
3.5015513896942138672 3.9714274406433105469 4.2751398086547851562 3.8968374729156494141 3.3392457962036132812 2.9862046241760253906 3.3444170951843261719 3.1242780685424804688 3.0333597660064697266 3.1098728179931640625 3.2766678333282470703 3.4013364315032958984 3.4211513996124267578 3.3512351512908935547 3.2629206180572509766 3.1977584362030029297 3.1483662128448486328 3.0957989692687988281 3.0599138736724853516 3.1150133609771728516 3.2414715290069580078 3.3852720260620117188 3.5604777336120605469 3.7203600406646728516 3.8136994838714599609 3.7576239109039306641 3.58953094482421875 3.4112548828125 3.2501022815704345703 3.1564092636108398438 3.1404690742492675781 3.1767420768737792969 3.2526385784149169922 3.3307437896728515625 3.3593811988830566406 3.3223967552185058594 3.2498221397399902344 3.2407181262969970703 3.2733461856842041016 3.2759559154510498047 3.2569041252136230469 3.2596566677093505859
2.8250601291656494141 3.0072383880615234375 3.3569707870483398438 3.6984028816223144531 3.8178756237030029297 3.7546215057373046875 3.4981124401092529297 3.2022750377655029297 3.0897328853607177734 3.7737128734588623047 3.9210855960845947266 3.957813262939453125 3.8261420726776123047 3.6418175697326660156 3.4885053634643554688 3.3671114444732666016 3.2590703964233398438 3.1721377372741699219 3.1561481952667236328 3.23238372802734375 3.3435955047607421875 3.4610614776611328125 3.5920803546905517578 3.6611874103546142578 3.6327037811279296875 3.5119347572326660156 3.3550202846527099609 3.2308537960052490234 3.1396291255950927734 3.1192448139190673828 3.1643719673156738281 3.2248382568359375 3.2916178703308105469 3.3349974155426025391 3.3245115280151367188 3.2729003429412841797 3.2309641838073730469 3.2762298583984375 3.3440816402435302734 3.3449153900146484375 3.3089284896850585938 3.2770621776580810547
2.6658143997192382812 2.5901765823364257812 2.5931570529937744141 2.6567151546478271484 2.7776141166687011719 2.9493865966796875 3.154659271240234375 3.5733284950256347656 4.3143024444580078125 4.832141876220703125 4.9299144744873046875 4.9496898651123046875 4.4797787666320800781 4.1729998588562011719 3.9511010646820068359 3.740947723388671875 3.5523087978363037109 3.4193949699401855469 3.3520865440368652344 3.3250238895416259766 3.3117454051971435547 3.3172478675842285156 3.32590484619140625 3.299468994140625 3.2600543498992919922 3.2214708328247070312 3.1816632747650146484 3.1700887680053710938 3.1902930736541748047 3.2690191268920898438 3.3712561130523681641 3.410335540771484375 3.4039247035980224609 3.3582863807678222656 3.2881345748901367188 3.2303109169006347656 3.2308900356292724609 3.3350214958190917969 3.4583063125610351562 3.5064384937286376953 3.5010454654693603516 3.4552402496337890625
3.2714235782623291016 3.1414968967437744141 2.4047846794128417969 2.3576021194458007812 2.3568599224090576172 2.3946521282196044922 2.4608373641967773438 2.7042136192321777344 3.2713980674743652344 4.0946512222290039062 5.2055068016052246094 5.4025521278381347656 4.5708594322204589844 4.0364093780517578125 3.6930918693542480469 3.9658477306365966797 3.7023859024047851562 3.5115499496459960938 3.3880851268768310547 3.2861714363098144531 3.2075376510620117188 3.1562094688415527344 3.1080751419067382812 3.0590178966522216797 3.0378942489624023438 3.0463862419128417969 3.0803120136260986328 3.1561400890350341797 3.2674241065979003906 3.4203317165374755859 2.9569699764251708984 3.6370513439178466797 3.6079733371734619141 3.5019748210906982422 3.3859353065490722656 3.3270211219787597656 3.3664603233337402344 3.51392364501953125 3.6437015533447265625 3.6763949394226074219 3.6648201942443847656 3.5846719741821289062
3.2353031635284423828 3.1897122859954833984 3.16034698486328125 3.1159379482269287109 2.4216234683990478516 2.3827760219573974609 2.3473968505859375 2.4452536106109619141 2.7374095916748046875 3.1255104541778564453 3.6992967128753662109 4.1423563957214355469 3.9842987060546875 3.7836158275604248047 3.6588461399078369141 3.3944556713104248047 3.0196111202239990234 2.7697935104370117188 2.6259615421295166016 2.5085134506225585938 2.4229304790496826172 2.3602361679077148438 2.2999508380889892578 2.2588226795196533203 2.2523822784423828125 2.2816076278686523438 2.3701205253601074219 2.5260305404663085938 2.7207176685333251953 2.9518644809722900391 3.1993873119354248047 3.3686091899871826172 3.3660078048706054688 3.2054884433746337891 3.0380215644836425781 3.5997610092163085938 3.6857736110687255859 3.86168670654296875 3.9383082389831542969 3.8738663196563720703 3.7944929599761962891 3.6591422557830810547
3.3132913112640380859 3.2778482437133789062 3.29524993896484375 3.2576253414154052734 3.1791019439697265625 3.1077873706817626953 2.3931412696838378906 2.4372942447662353516 2.6226513385772705078 2.8177700042724609375 3.0825655460357666016 3.2702188491821289062 3.1616837978363037109 3.1968581676483154297 3.4496147632598876953 3.3322110176086425781 2.9291398525238037109 2.75594329833984375 2.7397315502166748047 2.7111616134643554688 2.6854627132415771484 2.6523137092590332031 2.6062159538269042969 2.6021969318389892578 2.6421778202056884766 2.7098939418792724609 2.8352308273315429688 2.9937796592712402344 3.1470186710357666016 3.3187351226806640625 3.4996578693389892578 3.5721919536590576172 3.4634683132171630859 3.2855224609375 3.1930336952209472656 3.2586889266967773438 3.4423487186431884766 4.1684603691101074219 4.1498165130615234375 3.9772710800170898438 3.8210356235504150391 3.6589119434356689453
3.5370681285858154297 3.4171431064605712891 3.4469766616821289062 3.4120981693267822266 3.3202774524688720703 3.2501988410949707031 3.1959295272827148438 3.2369341850280761719 2.7601299285888671875 2.847324371337890625 2.8998861312866210938 2.9027161598205566406 2.7565793991088867188 2.835041046142578125 3.2333950996398925781 3.2625875473022460938 2.9191110134124755859 2.8546512126922607422 3.0203955173492431641 3.1868546009063720703 3.3529016971588134766 3.4679522514343261719 3.5251073837280273438 3.6875882148742675781 3.9703056812286376953 4.2721738815307617188 4.5153603553771972656 4.4289493560791015625 4.1322798728942871094 3.9088897705078125 3.7400393486022949219 3.5096313953399658203 3.2367839813232421875 3.1136045455932617188 3.2157628536224365234 3.5012149810791015625 3.7908687591552734375 3.8676798343658447266 4.2292022705078125 3.9472880363464355469 3.7304506301879882812 16.476114273071289062
