tests/data/reference/gistest/full/control/csheetvout_m3.asc
ncols        125
nrows        78
xllcorner    -713756.799299980048
yllcorner    -1061032.369616159936
cellsize     10.000000000000
NODATA_value  -9999
[rows 19 to 37 of 78, columns 0 to 41 of 125]
-9999 -9999 -9999 -9999 -9999 -9999 -9999 -9999 -9999 -9999 -9999 -9999 -9999 -9999 -9999 -9999 -9999 4.4658303260803222656 5.0189309120178222656 4.92330169677734375 5.2412810325622558594 5.7840337753295898438 5.4685511589050292969 4.466983795166015625 4.3111376762390136719 10.266537666320800781 18.959026336669921875 4.7537641525268554688 4.9488463401794433594 4.4688329696655273438 4.4576506614685058594 4.0460839271545410156 3.7699327468872070312 3.6660082340240478516 3.6685788631439208984 3.6811237335205078125 3.6734652519226074219 3.6444938182830810547 3.5966055393218994141 3.5338420867919921875 3.4708237648010253906 3.4303059577941894531
-9999 -9999 -9999 -9999 -9999 -9999 -9999 -9999 -9999 -9999 -9999 -9999 -9999 -9999 -9999 -9999 4.6306395530700683594 5.5539026260375976562 5.2820839881896972656 5.3431677818298339844 5.9846062660217285156 6.559688568115234375 4.4614734649658203125 4.9745378494262695312 5.7989430427551269531 20.536298751831054688 4.6129040718078613281 5.2270407676696777344 5.0904340744018554688 4.6118121147155761719 4.2218260765075683594 3.9177875518798828125 3.74214935302734375 3.6817598342895507812 3.6896693706512451172 3.6831748485565185547 3.6541349887847900391 3.6158785820007324219 3.5643279552459716797 3.5036091804504394531 3.4475061893463134766 3.4069602489471435547
-9999 -9999 -9999 -9999 -9999 -9999 -9999 -9999 -9999 -9999 -9999 -9999 -9999 -9999 -9999 -9999 6.5745749473571777344 6.6263093948364257812 7.01459503173828125 7.8051218986511230469 6.9380402565002441406 4.6249327659606933594 4.6285710334777832031 8.47240447998046875 14.735401153564453125 5.1534166336059570312 5.5443668365478515625 5.6605458259582519531 5.0837755203247070312 4.4789853096008300781 4.0894479751586914062 3.88237762451171875 3.7685341835021972656 3.7119245529174804688 3.6964914798736572266 3.6792299747467041016 3.7101151943206787109 3.7577378749847412109 3.7064352035522460938 3.5850663185119628906 3.4784522056579589844 3.4041740894317626953
-9999 -9999 -9999 -9999 -9999 -9999 -9999 -9999 -9999 -9999 -9999 -9999 -9999 -9999 -9999 -9999 7.8868527412414550781 8.389347076416015625 10.919401168823242188 13.492115020751953125 4.6215167045593261719 4.6228127479553222656 4.2026519775390625 10.427661895751953125 22.507297515869140625 5.2865862846374511719 5.7118315696716308594 5.4074001312255859375 4.8104186058044433594 4.3350811004638671875 4.0447106361389160156 3.8912253379821777344 3.7845387458801269531 3.7229876518249511719 3.7047007083892822266 3.6981320381164550781 3.7554023265838623047 3.7964932918548583984 3.6891107559204101562 3.5552170276641845703 3.4690065383911132812 3.4099202156066894531
-9999 -9999 -9999 -9999 -9999 -9999 -9999 -9999 -9999 -9999 -9999 -9999 -9999 -9999 -9999 4.6117525100708007812 11.277167320251464844 11.257391929626464844 10.37506103515625 4.6169247627258300781 4.5707764625549316406 4.196872711181640625 10.421895980834960938 8.3860883712768554688 4.8884229660034179688 4.9965505599975585938 4.532695770263671875 4.1855120658874511719 3.9040658473968505859 4.2416491508483886719 4.0765771865844726562 3.9198076725006103516 3.7859499454498291016 3.7224886417388916016 3.7225604057312011719 3.7397005558013916016 3.7584197521209716797 3.69690704345703125 3.5374753475189208984 3.4444901943206787109 3.4344911575317382812 3.4318232536315917969
-9999 -9999 -9999 -9999 -9999 -9999 -9999 -9999 -9999 -9999 -9999 -9999 -9999 -9999 -9999 9.1721582412719726562 29.057992935180664062 13.792999267578125 7.0006561279296875 4.6154808998107910156 4.6277980804443359375 10.369450569152832031 20.417049407958984375 4.2611956596374511719 4.5933437347412109375 4.5019764900207519531 4.031951904296875 3.7104620933532714844 3.6102032661437988281 3.5584516525268554688 3.4563672542572021484 3.9195291996002197266 3.8063805103302001953 3.7692513465881347656 3.8084886074066162109 3.8430924415588378906 3.8109133243560791016 3.6625623703002929688 3.4806792736053466797 3.4230661392211914062 3.4479215145111083984 3.4538817405700683594
-9999 -9999 -9999 -9999 -9999 -9999 -9999 -9999 -9999 -9999 -9999 -9999 -9999 -9999 -9999 50.15289306640625 9.2103672027587890625 4.6210322380065917969 4.6208882331848144531 4.6199293136596679688 4.2096471786499023438 14.636422157287597656 4.6292591094970703125 4.9256138801574707031 4.2661581039428710938 3.8802356719970703125 3.63259124755859375 3.4642972946166992188 3.3957173824310302734 3.3745787143707275391 3.3481490612030029297 3.3282291889190673828 3.2759611606597900391 3.2877089977264404297 3.9792132377624511719 4.0221471786499023438 3.90723419189453125 3.6779608726501464844 3.5076313018798828125 3.4794304370880126953 3.4960510730743408203 3.46500396728515625
-9999 -9999 -9999 -9999 -9999 -9999 -9999 -9999 -9999 -9999 -9999 -9999 -9999 4.6264677047729492188 4.6168818473815917969 17.007635116577148438 8.9785137176513671875 4.6216721534729003906 4.5877490043640136719 4.1970944404602050781 10.418966293334960938 14.598845481872558594 5.1163563728332519531 5.1052503585815429688 4.7196416854858398438 4.193660736083984375 3.9323914051055908203 3.7976133823394775391 3.7065134048461914062 3.6076962947845458984 3.5148298740386962891 3.4587769508361816406 3.4119653701782226562 3.4751534461975097656 3.6523327827453613281 3.65024566650390625 3.9463491439819335938 3.6825413703918457031 3.5466737747192382812 3.5205721855163574219 3.5052373409271240234 3.4705145359039306641
-9999 -9999 -9999 -9999 -9999 -9999 -9999 -9999 -9999 -9999 -9999 -9999 -9999 -9999 4.6253838539123535156 9.21018218994140625 9.1956663131713867188 4.6009912490844726562 4.1856060028076171875 14.571696281433105469 22.912317276000976562 5.0881261825561523438 5.3231892585754394531 5.5422163009643554688 5.4142355918884277344 5.3239426612854003906 5.0215959548950195312 4.8516983985900878906 4.7448840141296386719 4.3582439422607421875 3.9436669349670410156 3.6893141269683837891 3.6273267269134521484 3.7675116062164306641 3.9691572189331054688 3.8201532363891601562 3.3472211360931396484 3.0575039386749267578 2.9598901271820068359 3.5262210369110107422 3.4862790107727050781 3.4823019504547119141
-9999 -9999 -9999 -9999 -9999 -9999 -9999 -9999 -9999 -9999 -9999 -9999 -9999 -9999 -9999 -9999 4.6123838424682617188 4.1280875205993652344 5.7987957000732421875 11.596880912780761719 5.8451471328735351562 5.927143096923828125 5.9121494293212890625 5.7563848495483398438 5.475696563720703125 5.1645193099975585938 4.8285698890686035156 4.8614969253540039062 5.1924138069152832031 5.0044674873352050781 4.4853773117065429688 4.1888437271118164062 4.1598029136657714844 4.256732940673828125 4.3288726806640625 4.0194706916809082031 3.4336361885070800781 3.1989285945892333984 3.2007195949554443359 3.1306579113006591797 3.0103948116302490234 3.5521566867828369141
-9999 -9999 -9999 -9999 -9999 -9999 -9999 -9999 -9999 -9999 -9999 -9999 -9999 -9999 -9999 -9999 -9999 4.1808066368103027344 14.105463027954101562 6.0186362266540527344 5.986713409423828125 6.0288395881652832031 6.1666531562805175781 5.9614205360412597656 5.48956298828125 5.0314645767211914062 4.5931177139282226562 4.5944571495056152344 5.0324101448059082031 5.1125426292419433594 4.7707056999206542969 4.7232823371887207031 4.8790154457092285156 4.7946715354919433594 4.6754741668701171875 4.322967529296875 3.7602987289428710938 3.5856287479400634766 3.6454827785491943359 3.5121302604675292969 3.2091755867004394531 2.9701426029205322266
-9999 -9999 -9999 -9999 -9999 -9999 -9999 -9999 -9999 -9999 -9999 -9999 -9999 -9999 -9999 -9999 -9999 5.7985053062438964844 9.972660064697265625 6.4263606071472167969 6.1606631278991699219 6.0909829139709472656 6.2398781776428222656 5.9624738693237304688 5.3961338996887207031 4.9590826034545898438 4.5929880142211914062 4.5443310737609863281 4.8187322616577148438 4.7748770713806152344 4.4062132835388183594 4.4001064300537109375 4.7029423713684082031 4.9686331748962402344 5.2765374183654785156 5.0685276985168457031 4.4490060806274414062 4.0957465171813964844 3.87673187255859375 3.6151490211486816406 3.3116462230682373047 3.2414972782135009766
-9999 -9999 -9999 -9999 -9999 -9999 -9999 -9999 -9999 -9999 -9999 -9999 -9999 -9999 -9999 -9999 5.7985076904296875 9.7959423065185546875 6.4543967247009277344 6.9845094680786132812 6.4282431602478027344 5.9690279960632324219 5.7478299140930175781 5.4868865013122558594 5.0685281753540039062 4.8182964324951171875 4.6671051979064941406 4.518032073974609375 4.4985561370849609375 4.3879866600036621094 4.0926423072814941406 4.0846810340881347656 4.3880114555358886719 4.8908038139343261719 5.7656831741333007812 5.9257373809814453125 5.2227849960327148438 4.5227351188659667969 3.9054651260375976562 3.4577388763427734375 3.1247920989990234375 3.1318097114562988281
-9999 -9999 -9999 -9999 -9999 -9999 -9999 -9999 -9999 -9999 -9999 -9999 -9999 -9999 -9999 5.7983174324035644531 11.595571517944335938 6.296009063720703125 6.7401032447814941406 6.6556415557861328125 6.38365936279296875 5.8312897682189941406 5.4210705757141113281 5.1037793159484863281 4.7630648612976074219 4.6553177833557128906 4.7090973854064941406 4.47097015380859375 4.6286525726318359375 4.48432159423828125 3.8395659923553466797 3.9188339710235595703 4.2735185623168945312 4.7110166549682617188 5.2872447967529296875 5.4005632400512695312 4.9864645004272460938 4.4037985801696777344 3.7968533039093017578 3.3249170780181884766 2.9501426219940185547 2.7881402969360351562
-9999 -9999 -9999 -9999 -9999 -9999 -9999 -9999 -9999 -9999 -9999 -9999 -9999 -9999 -9999 5.7984590530395507812 30.426832199096679688 6.0535802841186523438 6.0270776748657226562 6.090343475341796875 6.1330971717834472656 6.0263376235961914062 5.7209401130676269531 5.0701298713684082031 5.0883116722106933594 4.9590401649475097656 5.0186567306518554688 4.8321075439453125 4.4400219917297363281 4.2547616958618164062 4.2038412094116210938 4.3052124977111816406 4.5621523857116699219 4.7301659584045410156 4.7846250534057617188 4.6378121376037597656 4.4560036659240722656 4.3199591636657714844 4.1193718910217285156 3.8838052749633789062 3.6285688877105712891 3.4319736957550048828
-9999 -9999 -9999 -9999 -9999 -9999 -9999 -9999 -9999 -9999 -9999 -9999 -9999 -9999 11.595312118530273438 31.400262832641601562 6.2067379951477050781 5.925205230712890625 5.7149767875671386719 5.7219443321228027344 5.8232669830322265625 5.8676738739013671875 5.746387481689453125 5.51230621337890625 5.2277693748474121094 5.0247550010681152344 4.9604701995849609375 4.7426238059997558594 4.3485417366027832031 4.1633291244506835938 4.1261491775512695312 4.1886720657348632812 4.32398223876953125 4.3355202674865722656 4.2920389175415039062 4.1771006584167480469 4.0629706382751464844 4.0004658699035644531 3.9141764640808105469 3.7771906852722167969 3.6053750514984130859 3.4277980327606201172
-9999 -9999 -9999 -9999 -9999 -9999 -9999 -9999 -9999 -9999 -9999 -9999 -9999 5.79827117919921875 17.390375137329101562 6.1593718528747558594 6.0712633132934570312 5.8983721733093261719 5.6762943267822265625 5.6109375953674316406 5.6307363510131835938 5.6879138946533203125 5.7375674247741699219 5.6615414619445800781 5.4863557815551757812 5.2588033676147460938 5.052051544189453125 4.74588775634765625 4.346343994140625 4.1611294746398925781 4.1048521995544433594 4.0745410919189453125 4.0639348030090332031 4.001827239990234375 4.0224275588989257812 4.089202880859375 4.0502524375915527344 3.9622745513916015625 3.8491871356964111328 3.6831846237182617188 3.5079600811004638672 3.3445832729339599609
-9999 -9999 -9999 -9999 -9999 -9999 -9999 -9999 -9999 -9999 -9999 -9999 -9999 11.594728469848632812 6.5320844650268554688 6.0659780502319335938 5.9261546134948730469 5.8194284439086914062 5.6118440628051757812 5.4998722076416015625 5.4658865928649902344 5.5172457695007324219 5.6495909690856933594 5.6717042922973632812 5.5966424942016601562 5.4098753929138183594 5.1696796417236328125 4.871429443359375 4.502109527587890625 4.3369235992431640625 4.2842855453491210938 4.1884016990661621094 4.1035523414611816406 4.0080709457397460938 4.0325298309326171875 4.15895843505859375 4.1782670021057128906 4.1102290153503417969 4.0141897201538085938 3.8460814952850341797 3.6601588726043701172 3.4669411182403564453
-9999 -9999 -9999 -9999 -9999 -9999 -9999 -9999 -9999 -9999 -9999 -9999 5.7979383468627929688 15.546762466430664062 7.0687146186828613281 6.3276729583740234375 5.9137139320373535156 5.7527718544006347656 5.5422229766845703125 5.412960052490234375 5.3666543960571289062 5.3959708213806152344 5.5164127349853515625 5.5379810333251953125 5.5006899833679199219 5.3905367851257324219 5.2099099159240722656 5.0321717262268066406 4.7967157363891601562 4.7221121788024902344 4.7413315773010253906 4.6254873275756835938 4.5228514671325683594 4.3982005119323730469 4.3198604583740234375 4.3849849700927734375 4.4858007431030273438 4.4653630256652832031 4.4162526130676269531 4.3100252151489257812 4.1569838523864746094 3.8750257492065429688
