tests/data/reference/gistest/full/control/csheetvout_m3.asc
ncols        125
nrows        78
xllcorner    -713756.799299980048
yllcorner    -1061032.369616159936
cellsize     10.000000000000
NODATA_value  -9999
[rows 54 to 71 of 78, columns 82 to 122 of 125]
0.23283527791500091553 0.23187752068042755127 0.24628852307796478271 0.19719675183296203613 0.2004880756139755249 0.25634011626243591309 0.28514400124549865723 0.28533262014389038086 0 0.25410595536231994629 0.25766611099243164062 0.31892314553260803223 0.32195511460304260254 0.31289309263229370117 0.30037832260131835938 0.29097309708595275879 0.28420615196228027344 0.2806441187858581543 0.28680121898651123047 0.2901306450366973877 0.29258829355239868164 0.29609915614128112793 0.3035278022289276123 0.31558498740196228027 0.32409435510635375977 0.31913641095161437988 0.38954877853393554688 0.33563131093978881836 0.33802092075347900391 0.3309205174446105957 0.36818900704383850098 0.39467656612396240234 0.40455397963523864746 0.39629372954368591309 0.36846700310707092285 0.35863903164863586426 0.36027860641479492188 0.41801184415817260742 0.51373261213302612305 -9999 -9999
0.48272350430488586426 0.4983838498592376709 0.52889102697372436523 0.54789489507675170898 0.41595929861068725586 0.46475329995155334473 0.31064879894256591797 0.28070357441902160645 0 0.23674844205379486084 0.2431347966194152832 0.3026733100414276123 0.3002847135066986084 0.29398885369300842285 0.28666329383850097656 0.28197374939918518066 0.27878659963607788086 0.27900087833404541016 0.29015785455703735352 0.29214340448379516602 0.28943035006523132324 0.28873682022094726562 0.29588428139686584473 0.31642332673072814941 0.34721893072128295898 0.39605087041854858398 0.32435646653175354004 0.34086954593658447266 0.3039906620979309082 0.31339362263679504395 0.3604730069637298584 0.39623048901557922363 0.41517585515975952148 0.40171998739242553711 0.36771661043167114258 0.35649356245994567871 0.3617032468318939209 0.40568727254867553711 0.52089291810989379883 -9999 -9999
0.50534075498580932617 0.52493149042129516602 0.53162544965744018555 0.5143527984619140625 0.48607239127159118652 0.38466206192970275879 0.49865028262138366699 0.3334102630615234375 0 0.88009583950042724609 0.21801450848579406738 0.21849961578845977783 0.27978038787841796875 0.27841416001319885254 0.27636665105819702148 0.27627292275428771973 0.27515089511871337891 0.2763398587703704834 0.2917728424072265625 0.29622733592987060547 0.2941602170467376709 0.29263889789581298828 0.30108404159545898438 0.3290933072566986084 0.37995678186416625977 0.40299570560455322266 0.36166235804557800293 0.29644289612770080566 0.29532343149185180664 0.30563843250274658203 0.34392324090003967285 0.38458395004272460938 0.39862331748008728027 0.39303243160247802734 0.36607182025909423828 0.36173915863037109375 0.37712866067886352539 0.41194355487823486328 0.49855369329452514648 0.51067250967025756836 -9999
0.51673662662506103516 0.52353608608245849609 0.51480871438980102539 0.51800274848937988281 0.53147298097610473633 0.42290976643562316895 0.45958295464515686035 0.61878758668899536133 0.3426119685173034668 0 0.18680644035339355469 0.19009736180305480957 0.25941053032875061035 0.26487663388252258301 0.26883912086486816406 0.27412408590316772461 0.2739836573600769043 0.2732753753662109375 0.29144382476806640625 0.30214741826057434082 0.30697414278984069824 0.30902779102325439453 0.32051765918731689453 0.35664108395576477051 0.42769867181777954102 0.41633966565132141113 0.29841789603233337402 0.29059389233589172363 0.28843957185745239258 0.29896572232246398926 0.33036082983016967773 0.35140839219093322754 0.37136238813400268555 0.37511894106864929199 0.36491549015045166016 0.37329757213592529297 0.40394672751426696777 0.43561255931854248047 0.47265163064002990723 0.51866477727890014648 0.49338123202323913574
0.46095329523086547852 0.31418833136558532715 0.30641660094261169434 0.30906629562377929688 0.28033968806266784668 0.28394904732704162598 0.23260340094566345215 0.2965316474437713623 0.40567871928215026855 0.24473123252391815186 0 0.18694441020488739014 0.19368791580200195312 0.26024490594863891602 0.2669245302677154541 0.27479639649391174316 0.27597030997276306152 0.27503785490989685059 0.29511791467666625977 0.30716863274574279785 0.31468144059181213379 0.31834954023361206055 0.3340371251106262207 0.43567195534706115723 0.44118732213973999023 0.30984219908714294434 0.3012326359748840332 0.28889930248260498047 0.29247102141380310059 0.30701586604118347168 0.30981785058975219727 0.32884618639945983887 0.34161069989204406738 0.35260084271430969238 0.36062088608741760254 0.38428413867950439453 0.43583324551582336426 0.47650694847106933594 0.4910748600959777832 0.56841564178466796875 0.50500160455703735352
0.2934933006763458252 0.25664222240447998047 0.23978883028030395508 0.23097889125347137451 0.22847343981266021729 0.22382837533950805664 0.21813352406024932861 0.17508020997047424316 0.23805478215217590332 0.42837753891944885254 0 0.86059492826461791992 0.19962996244430541992 0.2032813727855682373 0.27055796980857849121 0.27874454855918884277 0.28101420402526855469 0.28140771389007568359 0.30401450395584106445 0.3122914731502532959 0.31644585728645324707 0.31860375404357910156 0.42064049839973449707 0.45007818937301635742 0.29872843623161315918 0.34046223759651184082 0.38113752007484436035 0.33789807558059692383 0.31466719508171081543 0.30032390356063842773 0.31313747167587280273 0.30896607041358947754 0.31496012210845947266 0.3266067206859588623 0.34419748187065124512 0.37897378206253051758 0.45390424132347106934 0.52399420738220214844 0.54435646533966064453 0.60567063093185424805 0.51235729455947875977
0.26374790072441101074 0.25755706429481506348 0.2446635514497756958 0.23513910174369812012 0.22971157729625701904 0.22151170670986175537 0.21097800135612487793 0.21498405933380126953 0.17990574240684509277 0.24381457269191741943 0.50846594572067260742 0 0.23675122857093811035 0.22524720430374145508 0.28532418608665466309 0.28882887959480285645 0.2874380648136138916 0.28475075960159301758 0.30890193581581115723 0.31417307257652282715 0.32063177227973937988 0.3332818448543548584 0.44664460420608520508 0.3025906980037689209 0.34508991241455078125 0.29521387815475463867 0.31091645359992980957 0.31188029050827026367 0.30211660265922546387 0.32444769144058227539 0.29529646039009094238 0.29575422406196594238 0.2958482205867767334 0.3036524355411529541 0.3201281130313873291 0.35869574546813964844 0.44787940382957458496 0.54780840873718261719 0.51929366588592529297 0.6512190699577331543 0.51713728904724121094
0.2678426206111907959 0.26344439387321472168 0.25551000237464904785 0.24667342007160186768 0.23831272125244140625 0.2277380824089050293 0.21509815752506256104 0.2115570753812789917 0.21796146035194396973 0.18773642182350158691 0.28487265110015869141 0.58205491304397583008 0 0.29401773214340209961 0.26057824492454528809 0.30749875307083129883 0.2971089482307434082 0.28610146045684814453 0.30963602662086486816 0.31194975972175598145 0.32791230082511901855 0.44758063554763793945 0.3109296262264251709 0.35198608040809631348 0.27990192174911499023 0.27903324365615844727 0.29983231425285339355 0.30662307143211364746 0.32468172907829284668 0.29254305362701416016 0.29268386960029602051 0.28982728719711303711 0.28567859530448913574 0.29003602266311645508 0.30339044332504272461 0.33536818623542785645 -9999 0.50223028659820556641 0.58982414007186889648 0.51952600479125976562 0.53773224353790283203
0.27102479338645935059 0.26889392733573913574 0.26542201638221740723 0.25761979818344116211 0.24706047773361206055 0.2357508242130279541 0.22374162077903747559 0.21593232452869415283 0.21260765194892883301 0.22559463977813720703 0.20912028849124908447 0.30777600407600402832 0.70100051164627075195 0 0.2979399263858795166 0.32827347517013549805 0.31477808952331542969 0.29394540190696716309 0.32491204142570495605 0.32941260933876037598 0.44420042634010314941 0.32282316684722900391 0.34793761372566223145 0.28007224202156066895 0.28290426731109619141 0.28863999247550964355 0.30195704102516174316 0.36993581056594848633 0.29890796542167663574 0.29277947545051574707 0.28791880607604980469 0.28482845425605773926 0.28039708733558654785 -9999 -9999 -9999 -9999 -9999 0.49066281318664550781 -9999 -9999
0.27262341976165771484 0.27484294772148132324 0.27744722366333007812 0.27428790926933288574 0.26571050286293029785 0.25487852096557617188 0.24263527989387512207 0.23344968259334564209 0.22620259225368499756 0.24058575928211212158 0.26060453057289123535 0.26593244075775146484 0.44274887442588806152 0 0.31638854742050170898 0.28380173444747924805 0.33308377861976623535 0.30291575193405151367 0.36349529027938842773 0.46452784538269042969 0.33127871155738830566 0.37991201877593994141 0.27971464395523071289 0.27080062031745910645 0.28889232873916625977 0.30105602741241455078 0.39829352498054504395 0.30617159605026245117 0.3012752830982208252 0.28872948884963989258 0.27903521060943603516 -9999 -9999 -9999 -9999 -9999 -9999 -9999 -9999 -9999 -9999
0.26611319184303283691 0.27249741554260253906 0.27970555424690246582 0.28232669830322265625 0.28010025620460510254 0.27134138345718383789 0.2570667266845703125 0.24698734283447265625 0.23934645950794219971 0.2254962623119354248 0.22834087908267974854 0.24900996685028076172 0.24422873556613922119 0.35456392168998718262 0 0.32765728235244750977 0.2989985346794128418 0.38911443948745727539 0.49585238099098205566 0.34438046813011169434 0.40421727299690246582 0.29300850629806518555 0.27161693572998046875 0.27156677842140197754 0.29587504267692565918 0.42726647853851318359 0.31177961826324462891 0.31269016861915588379 0.30277222394943237305 -9999 -9999 -9999 -9999 -9999 -9999 -9999 -9999 -9999 -9999 -9999 -9999
0.27605527639389038086 0.2920716404914855957 0.31592196226119995117 0.3508072197437286377 0.38386124372482299805 0.39936867356300354004 0.39917305111885070801 0.39705306291580200195 0.39574760198593139648 0.3968245089054107666 0.40006551146507263184 0.42499533295631408691 0.37107014656066894531 0.45809516310691833496 0.39548021554946899414 0 0.36814981698989868164 0.50591754913330078125 0.34752610325813293457 0.43521922826766967773 0.40661951899528503418 0.45192387700080871582 0.41990685462951660156 0.41242891550064086914 0.43117386102676391602 0.31532999873161315918 0.32567298412322998047 0.31331488490104675293 -9999 -9999 -9999 -9999 -9999 -9999 -9999 -9999 -9999 -9999 -9999 -9999 -9999
0.24549278616905212402 0.25431391596794128418 0.26630163192749023438 0.27651262283325195312 0.2844130098819732666 0.28658071160316467285 0.28220102190971374512 0.26884153485298156738 0.25102889537811279297 0.23915039002895355225 0.23110860586166381836 0.2303072512149810791 0.2383671104907989502 0.2007331550121307373 0.25016638636589050293 0.39162051677703857422 0 0.42134007811546325684 0.43735328316688537598 0.45063978433609008789 0.27999582886695861816 0.26886948943138122559 0.26425865292549133301 0.27227479219436645508 0.2962055206298828125 0.32574993371963500977 -9999 -9999 -9999 -9999 -9999 -9999 -9999 -9999 -9999 -9999 -9999 -9999 -9999 -9999 -9999
0.26888522505760192871 0.28639996051788330078 0.30944943428039550781 0.34227892756462097168 0.36790230870246887207 0.35768094658851623535 0.33022230863571166992 0.30421727895736694336 0.27290397882461547852 0.25237095355987548828 0.23919515311717987061 0.23307085037231445312 0.23226763308048248291 0.24507683515548706055 0.21422953903675079346 0.29677665233612060547 0 0.49125313758850097656 0.40002277493476867676 0.27144926786422729492 0.26282912492752075195 0.25870078802108764648 0.25990706682205200195 0.27036055922508239746 -9999 -9999 -9999 -9999 -9999 -9999 -9999 -9999 -9999 -9999 -9999 -9999 -9999 -9999 -9999 -9999 -9999
0.24862247705459594727 0.26083993911743164062 0.28517234325408935547 0.31311008334159851074 0.35129445791244506836 0.37108480930328369141 0.35771292448043823242 0.3230069279670715332 0.29223215579986572266 0.26826009154319763184 0.24698454141616821289 0.23576813936233520508 0.23125080764293670654 0.23719882965087890625 0.25685802102088928223 0.23635609447956085205 0.3634547889232635498 0 0.41804990172386169434 0.26108512282371520996 0.25053638219833374023 -9999 -9999 -9999 -9999 -9999 -9999 -9999 -9999 -9999 -9999 -9999 -9999 -9999 -9999 -9999 -9999 -9999 -9999 -9999 -9999
0.2396431267261505127 0.24557290971279144287 0.26257103681564331055 0.28181114792823791504 0.30157175660133361816 0.31543761491775512695 0.3146934807300567627 0.29234594106674194336 0.2883033454418182373 0.27577140927314758301 0.25337296724319458008 -9999 -9999 -9999 -9999 -9999 -9999 0.42517510056495666504 0 0.19980141520500183105 -9999 -9999 -9999 -9999 -9999 -9999 -9999 -9999 -9999 -9999 -9999 -9999 -9999 -9999 -9999 -9999 -9999 -9999 -9999 -9999 -9999
-9999 -9999 -9999 -9999 -9999 -9999 -9999 -9999 -9999 -9999 -9999 -9999 -9999 -9999 -9999 -9999 -9999 -9999 0 -9999 -9999 -9999 -9999 -9999 -9999 -9999 -9999 -9999 -9999 -9999 -9999 -9999 -9999 -9999 -9999 -9999 -9999 -9999 -9999 -9999 -9999
-9999 -9999 -9999 -9999 -9999 -9999 -9999 -9999 -9999 -9999 -9999 -9999 -9999 -9999 -9999 -9999 -9999 -9999 -9999 -9999 -9999 -9999 -9999 -9999 -9999 -9999 -9999 -9999 -9999 -9999 -9999 -9999 -9999 -9999 -9999 -9999 -9999 -9999 -9999 -9999 -9999
