tests/data/reference/gistest/full/control/csheetvout_m3.asc
ncols        125
nrows        78
xllcorner    -713756.799299980048
yllcorner    -1061032.369616159936
cellsize     10.000000000000
NODATA_value  -9999
[rows 57 to 75 of 78, columns 42 to 83 of 125]
3.97368621826171875 3.9754407405853271484 3.9737596511840820312 3.8847332000732421875 3.726959228515625 3.63433837890625 3.6047720909118652344 3.6382362842559814453 3.7185518741607666016 3.6233496665954589844 3.4280064105987548828 3.4518320560455322266 3.6143529415130615234 3.6965696811676025391 3.8247723579406738281 3.9685637950897216797 4.0215673446655273438 3.9776484966278076172 3.8502681255340576172 3.7885413169860839844 3.7799541950225830078 3.6905853748321533203 3.5475485324859619141 3.5681116580963134766 3.7740089893341064453 3.8249199390411376953 3.6760890483856201172 3.5483295917510986328 3.4432864189147949219 3.3415131568908691406 3.2413890361785888672 3.2420914173126220703 3.3615431785583496094 3.31945037841796875 3.1070370674133300781 13.347472190856933594 12.295293807983398438 2.6420514583587646484 2.646511077880859375 2.6758201122283935547 2.7266600131988525391 2.6832683086395263672
4.017726898193359375 4.0336108207702636719 4.0588397979736328125 3.9959275722503662109 3.8522672653198242188 3.74658966064453125 3.6841905117034912109 3.7001667022705078125 3.7904639244079589844 3.6541018486022949219 3.3474402427673339844 3.384632110595703125 3.7242176532745361328 3.8040030002593994141 3.7668900489807128906 3.8414909839630126953 3.9271767139434814453 3.909862518310546875 3.7865602970123291016 3.7195436954498291016 3.7245552539825439453 3.6763942241668701172 3.5617210865020751953 3.5425248146057128906 3.6561160087585449219 3.6855483055114746094 3.5773448944091796875 3.4590957164764404297 3.3485648632049560547 3.2512762546539306641 3.1637067794799804688 3.1188309192657470703 3.1210973262786865234 3.0785727500915527344 2.9799368381500244141 13.110516548156738281 12.233442306518554688 2.6689226627349853516 2.7258579730987548828 2.77727508544921875 2.8231344223022460938 2.7325065135955810547
4.1136980056762695312 4.1173415184020996094 4.1549630165100097656 4.1499581336975097656 4.0797705650329589844 4.0218949317932128906 3.9675574302673339844 3.9471704959869384766 4.0145030021667480469 3.8212862014770507812 3.3888201713562011719 3.4234051704406738281 3.9361419677734375 4.0699167251586914062 3.8831331729888916016 3.8558516502380371094 3.9245889186859130859 3.9263911247253417969 3.8345098495483398438 3.7415103912353515625 3.6934721469879150391 3.6656844615936279297 3.6135849952697753906 3.569606781005859375 3.5896117687225341797 3.5984740257263183594 3.5402035713195800781 3.4387612342834472656 3.3160216808319091797 3.1986880302429199219 3.0941727161407470703 3.0314137935638427734 2.9929141998291015625 2.9174129962921142578 2.8230664730072021484 12.660901069641113281 2.6475822925567626953 2.6540939807891845703 2.7455012798309326172 2.810108184814453125 2.8185291290283203125 2.7239716053009033203
4.3066916465759277344 4.2472414970397949219 4.2157273292541503906 4.2005896568298339844 4.1927080154418945312 4.221759796142578125 4.274616241455078125 4.2198519706726074219 4.1686263084411621094 3.9167015552520751953 3.4754922389984130859 3.5405583381652832031 4.1869058609008789062 4.3807592391967773438 4.0521283149719238281 3.9220376014709472656 3.9421579837799072266 3.9619901180267333984 3.9418728351593017578 3.8279387950897216797 3.6908597946166992188 3.6501305103302001953 3.6553161144256591797 3.5957322120666503906 3.5242910385131835938 3.4959619045257568359 3.472003936767578125 3.3979477882385253906 3.2910275459289550781 3.1760547161102294922 3.058258056640625 3.0079457759857177734 3.0026090145111083984 2.9036364555358886719 2.7546012401580810547 8.5283994674682617188 2.6116628646850585938 2.6417593955993652344 2.794948577880859375 2.8228468894958496094 2.8007891178131103516 2.7336761951446533203
4.6706762313842773438 4.5074191093444824219 4.2961339950561523438 4.2265253067016601562 4.2323069572448730469 4.3440580368041992188 4.469203948974609375 4.4653487205505371094 4.1983776092529296875 3.9285910129547119141 3.5973093509674072266 3.7205421924591064453 4.4341588020324707031 4.7355675697326660156 4.3025860786437988281 4.07152557373046875 4.0037708282470703125 4.023715972900390625 4.0881123542785644531 3.9707689285278320312 3.7460536956787109375 3.65810394287109375 3.672695159912109375 3.6102735996246337891 3.4855012893676757812 3.4073708057403564453 3.3715822696685791016 3.3068146705627441406 3.2197623252868652344 3.1354470252990722656 3.0375359058380126953 3.0186192989349365234 3.0765559673309326172 2.9877827167510986328 2.7896933555603027344 14.76766204833984375 2.7880101203918457031 2.7669174671173095703 2.8485734462738037109 2.8619601726531982422 2.8436353206634521484 2.7945666313171386719
-9999 4.4674501419067382812 4.5127134323120117188 4.3444423675537109375 4.3307309150695800781 4.4926638603210449219 4.87587738037109375 4.4683337211608886719 4.1761140823364257812 3.8940176963806152344 3.7505688667297363281 3.9352359771728515625 4.6342868804931640625 4.4672350883483886719 4.4690990447998046875 4.3008322715759277344 4.1494474411010742188 4.1596598625183105469 4.3121767044067382812 4.2192864418029785156 3.9430859088897705078 3.8133931159973144531 3.8025479316711425781 3.7222869396209716797 3.5707423686981201172 3.4441075325012207031 3.3638641834259033203 3.2719938755035400391 3.1562621593475341797 3.0721273422241210938 3.0020911693572998047 3.0065233707427978516 3.0972054004669189453 3.0321755409240722656 2.8317224979400634766 32.61041259765625 2.8595588207244873047 2.8312928676605224609 2.8398602008819580078 2.8881397247314453125 2.8785037994384765625 2.8561589717864990234
-9999 -9999 -9999 -9999 4.3962635993957519531 4.6074013710021972656 5.0503497123718261719 4.8258585929870605469 4.1315202713012695312 3.9152395725250244141 3.9939241409301757812 4.2120032310485839844 4.6876888275146484375 4.9386501312255859375 4.7598218917846679688 4.5670723915100097656 4.38214111328125 4.3884758949279785156 4.469005584716796875 4.4692072868347167969 4.2736358642578125 4.1296291351318359375 4.0938262939453125 3.9776968955993652344 3.7939484119415283203 3.5958247184753417969 3.4297864437103271484 3.2850000858306884766 3.1253259181976318359 3.0267810821533203125 2.9755072593688964844 2.9865887165069580078 3.0712702274322509766 3.0433712005615234375 2.8994021415710449219 37.060276031494140625 2.924175262451171875 2.8652248382568359375 2.8585236072540283203 2.8698799610137939453 2.8781969547271728516 2.8904557228088378906
-9999 -9999 -9999 -9999 -9999 -9999 -9999 -9999 -9999 -9999 4.3400177955627441406 4.6134862899780273438 4.7529273033142089844 4.8322896957397460938 4.7963109016418457031 4.7202005386352539062 4.6107854843139648438 4.6411590576171875 4.8337817192077636719 4.8362064361572265625 4.4688487052917480469 4.4520678520202636719 4.4377117156982421875 4.3040938377380371094 4.1106419563293457031 3.8285927772521972656 3.5237708091735839844 3.2984740734100341797 3.1090075969696044922 3.0061919689178466797 2.9732410907745361328 2.9805092811584472656 3.0342290401458740234 3.0312438011169433594 2.9633562564849853516 41.4998321533203125 2.9545874595642089844 2.8400087356567382812 2.7604818344116210938 2.7524778842926025391 2.8035500049591064453 2.8597710132598876953
-9999 -9999 -9999 -9999 -9999 -9999 -9999 -9999 -9999 -9999 -9999 4.4665951728820800781 4.8785138130187988281 4.7544312477111816406 4.7056002616882324219 4.6999611854553222656 4.7447371482849121094 4.8281130790710449219 4.9473638534545898438 5.0072479248046875 4.9932341575622558594 4.9198231697082519531 4.4679102897644042969 4.4687948226928710938 4.4035325050354003906 4.0578789710998535156 3.6326873302459716797 3.334362030029296875 3.1184139251708984375 3.0190558433532714844 3.0081143379211425781 3.0242877006530761719 3.0642337799072265625 3.0341768264770507812 2.9584484100341796875 116.7879486083984375 2.9441349506378173828 2.7921950817108154297 2.6568973064422607422 2.6315581798553466797 2.7055323123931884766 2.7927300930023193359
-9999 -9999 -9999 -9999 -9999 -9999 -9999 -9999 -9999 -9999 -9999 -9999 -9999 -9999 -9999 -9999 -9999 -9999 -9999 4.4669432640075683594 5.3104605674743652344 5.396495819091796875 5.1766972541809082031 4.8623571395874023438 4.5208678245544433594 4.1105437278747558594 3.6877665519714355469 3.3824977874755859375 3.1526749134063720703 3.0631499290466308594 3.0821080207824707031 3.1300733089447021484 3.2024788856506347656 3.126911163330078125 2.9620449542999267578 10.287064552307128906 2.9466657638549804688 2.7736608982086181641 2.5956165790557861328 2.5453672409057617188 2.6061682701110839844 2.6987948417663574219
-9999 -9999 -9999 -9999 -9999 -9999 -9999 -9999 -9999 -9999 -9999 -9999 -9999 -9999 -9999 -9999 -9999 -9999 -9999 -9999 -9999 -9999 4.4651346206665039062 4.9343624114990234375 4.4101548194885253906 4.0143980979919433594 3.7199397087097167969 3.4586341381072998047 3.2175211906433105469 3.1374824047088623047 3.187652587890625 3.2611982822418212891 3.3644213676452636719 3.2570543289184570312 2.9948563575744628906 13.214265823364257812 2.8461422920227050781 2.7286303043365478516 2.5471775531768798828 2.4809927940368652344 2.5090920925140380859 2.5917577743530273438
-9999 -9999 -9999 -9999 -9999 -9999 -9999 -9999 -9999 -9999 -9999 -9999 -9999 -9999 -9999 -9999 -9999 -9999 -9999 -9999 -9999 -9999 -9999 -9999 4.1946864128112792969 3.8724687099456787109 3.7493240833282470703 3.5589277744293212891 3.3055946826934814453 3.2353053092956542969 3.3206462860107421875 3.39733123779296875 3.4705843925476074219 3.3168914318084716797 3.0040311813354492188 13.265163421630859375 2.8986992835998535156 2.7849681377410888672 2.5734262466430664062 2.4672687053680419922 2.4406828880310058594 2.4952173233032226562
-9999 -9999 -9999 -9999 -9999 -9999 -9999 -9999 -9999 -9999 -9999 -9999 -9999 -9999 -9999 -9999 -9999 -9999 -9999 -9999 -9999 -9999 -9999 -9999 -9999 3.7576291561126708984 3.7796719074249267578 3.6587436199188232422 3.3911826610565185547 3.3328509330749511719 3.4652533531188964844 3.53650665283203125 3.5377633571624755859 3.3468153476715087891 13.966585159301757812 2.9116556644439697266 -9999 -9999 -9999 -9999 -9999 -9999
-9999 -9999 -9999 -9999 -9999 -9999 -9999 -9999 -9999 -9999 -9999 -9999 -9999 -9999 -9999 -9999 -9999 -9999 -9999 -9999 -9999 -9999 -9999 -9999 -9999 -9999 -9999 3.7223823070526123047 3.4673326015472412109 3.4292247295379638672 3.6003320217132568359 3.6518723964691162109 3.5677530765533447266 3.3655791282653808594 -9999 -9999 -9999 -9999 -9999 -9999 -9999 -9999
-9999 -9999 -9999 -9999 -9999 -9999 -9999 -9999 -9999 -9999 -9999 -9999 -9999 -9999 -9999 -9999 -9999 -9999 -9999 -9999 -9999 -9999 -9999 -9999 -9999 -9999 -9999 -9999 3.5470640659332275391 3.5461587905883789062 3.7017292976379394531 3.6977591514587402344 3.5425662994384765625 -9999 -9999 -9999 -9999 -9999 -9999 -9999 -9999 -9999
-9999 -9999 -9999 -9999 -9999 -9999 -9999 -9999 -9999 -9999 -9999 -9999 -9999 -9999 -9999 -9999 -9999 -9999 -9999 -9999 -9999 -9999 -9999 -9999 -9999 -9999 -9999 -9999 -9999 3.6841692924499511719 3.7635731697082519531 3.6770253181457519531 3.4693548679351806641 -9999 -9999 -9999 -9999 -9999 -9999 -9999 -9999 -9999
-9999 -9999 -9999 -9999 -9999 -9999 -9999 -9999 -9999 -9999 -9999 -9999 -9999 -9999 -9999 -9999 -9999 -9999 -9999 -9999 -9999 -9999 -9999 -9999 -9999 -9999 -9999 -9999 -9999 -9999 3.8049221038818359375 3.6270284652709960938 3.3594698905944824219 -9999 -9999 -9999 -9999 -9999 -9999 -9999 -9999 -9999
-9999 -9999 -9999 -9999 -9999 -9999 -9999 -9999 -9999 -9999 -9999 -9999 -9999 -9999 -9999 -9999 -9999 -9999 -9999 -9999 -9999 -9999 -9999 -9999 -9999 -9999 -9999 -9999 -9999 -9999 -9999 3.5685725212097167969 -9999 -9999 -9999 -9999 -9999 -9999 -9999 -9999 -9999 -9999
-9999 -9999 -9999 -9999 -9999 -9999 -9999 -9999 -9999 -9999 -9999 -9999 -9999 -9999 -9999 -9999 -9999 -9999 -9999 -9999 -9999 -9999 -9999 -9999 -9999 -9999 -9999 -9999 -9999 -9999 -9999 -9999 -9999 -9999 -9999 -9999 -9999 -9999 -9999 -9999 -9999 -9999
