tests/data/reference/gistest/full/control/csheetvout_m3.asc
ncols        125
nrows        78
xllcorner    -713756.799299980048
yllcorner    -1061032.369616159936
cellsize     10.000000000000
NODATA_value  -9999
[rows 38 to 56 of 78, columns 0 to 41 of 125]
-9999 -9999 -9999 -9999 -9999 -9999 -9999 -9999 -9999 -9999 -9999 -9999 -9999 8.0584011077880859375 7.7286200523376464844 4.4582548141479492188 6.3150701522827148438 5.9449295997619628906 5.6153330802917480469 5.4363780021667480469 5.3940062522888183594 5.4103755950927734375 5.5145773887634277344 5.5348801612854003906 5.5042638778686523438 5.4177761077880859375 5.2295141220092773438 5.1289925575256347656 5.0687794685363769531 5.1319637298583984375 5.2724580764770507812 5.18166351318359375 5.1141386032104492188 4.9921593666076660156 4.6240787506103515625 4.4690523147583007812 4.4675536155700683594 5.0280895233154296875 4.4666595458984375 4.4668526649475097656 4.4673910140991210938 4.4092388153076171875
-9999 -9999 -9999 -9999 -9999 -9999 -9999 -9999 -9999 -9999 -9999 -9999 4.4480009078979492188 8.5949563980102539062 8.143711090087890625 4.4538292884826660156 7.3293261528015136719 6.5326213836669921875 5.9320526123046875 5.6315240859985351562 5.5443978309631347656 5.5172257423400878906 5.5934963226318359375 5.624969482421875 5.5842523574829101562 5.5051856040954589844 4.4653830528259277344 5.2679681777954101562 5.3238668441772460938 5.5095372200012207031 5.8241171836853027344 5.8628520965576171875 5.8772225379943847656 4.4639744758605957031 4.4675097465515136719 4.7241749763488769531 5.1246705055236816406 4.46480560302734375 5.6094250679016113281 5.513332366943359375 5.1908631324768066406 4.4652180671691894531
-9999 -9999 -9999 -9999 -9999 -9999 -9999 -9999 -9999 -9999 -9999 -9999 10.402821540832519531 8.9861783981323242188 4.4522237777709960938 8.6188917160034179688 8.0057849884033203125 7.1291294097900390625 6.3954401016235351562 5.9664549827575683594 5.7808065414428710938 5.681774139404296875 5.6860365867614746094 5.6560869216918945312 5.5356206893920898438 4.4646334648132324219 5.4686284065246582031 5.5008978843688964844 5.6230101585388183594 5.9247221946716308594 6.4919424057006835938 6.6081547737121582031 4.46135711669921875 5.6130619049072265625 4.9085497856140136719 4.7238893508911132812 4.9455556869506835938 5.1397075653076171875 5.2840723991394042969 4.4666337966918945312 4.4690976142883300781 4.0971007347106933594
-9999 -9999 -9999 -9999 -9999 -9999 -9999 -9999 -9999 -9999 -9999 8.559459686279296875 9.1010904312133789062 8.8781080245971679688 4.4510254859924316406 8.441925048828125 8.1187686920166015625 4.4556450843811035156 7.0171756744384765625 6.4375400543212890625 6.0450010299682617188 5.8565497398376464844 5.7806496620178222656 4.46389007568359375 4.4649000167846679688 5.4338183403015136719 5.6456003189086914062 4.4633092880249023438 4.4628305435180664062 4.4611611366271972656 4.4577350616455078125 4.4579563140869140625 5.9936389923095703125 5.2795109748840332031 4.7775063514709472656 4.5985283851623535156 4.6439867019653320312 4.7326464653015136719 4.4675955772399902344 4.6514387130737304688 4.1929235458374023438 3.9063286781311035156
-9999 -9999 -9999 -9999 -9999 -9999 -9999 -9999 -9999 -9999 -9999 7.9018907546997070312 8.3462343215942382812 4.4499835968017578125 8.7608919143676757812 8.167919158935546875 8.007434844970703125 7.8670735359191894531 7.654449462890625 6.9671444892883300781 6.2709741592407226562 5.9432282447814941406 5.7855849266052246094 5.5761079788208007812 5.3170909881591796875 5.3501973152160644531 5.6983065605163574219 5.8770394325256347656 5.8921651840209960938 6.1939020156860351562 6.88619232177734375 6.6215100288391113281 5.6023926734924316406 5.0016298294067382812 4.6251530647277832031 4.4686870574951171875 4.4708404541015625 4.5480623245239257812 4.7025609016418457031 4.5250906944274902344 4.1228160858154296875 3.9562337398529052734
-9999 -9999 -9999 -9999 -9999 -9999 -9999 -9999 -9999 -9999 7.8421063423156738281 7.5701837539672851562 7.9283423423767089844 4.4511866569519042969 8.5061397552490234375 8.0189952850341796875 7.9078340530395507812 7.8841366767883300781 7.952785491943359375 7.3358321189880371094 6.4141588211059570312 4.4624109268188476562 4.4632396697998046875 5.5868659019470214844 5.3550024032592773438 5.282108306884765625 5.4500775337219238281 5.6067113876342773438 5.6368126869201660156 5.8609299659729003906 6.3544592857360839844 6.0887770652770996094 5.2813568115234375 4.81915283203125 4.5567488670349121094 4.45795440673828125 4.4884462356567382812 4.5742344856262207031 4.7161622047424316406 4.5878610610961914062 4.2561559677124023438 4.1598992347717285156
-9999 -9999 -9999 -9999 -9999 -9999 -9999 -9999 -9999 4.4511728286743164062 8.1960153579711914062 4.4550318717956542969 7.7789797782897949219 8.1169338226318359375 8.1009168624877929688 7.9360866546630859375 7.87277984619140625 7.7580461502075195312 7.7296195030212402344 7.1901898384094238281 6.2606863975524902344 5.8324465751647949219 5.7115478515625 5.6302213668823242188 5.5510478019714355469 5.3914418220520019531 5.2930741310119628906 4.4653911590576171875 5.370121002197265625 5.53057098388671875 5.8684334754943847656 5.6822981834411621094 5.0956721305847167969 4.7852797508239746094 4.6498088836669921875 4.6117234230041503906 4.6512408256530761719 4.6693406105041503906 4.6817708015441894531 4.5591058731079101562 4.3107562065124511719 4.2156419754028320312
-9999 -9999 -9999 -9999 -9999 -9999 -9999 -9999 -9999 9.1999387741088867188 8.8128881454467773438 4.4519305229187011719 7.9838814735412597656 7.6877045631408691406 7.7367811203002929688 7.7581496238708496094 7.721904754638671875 7.42934417724609375 7.1695151329040527344 6.6913180351257324219 5.92514801025390625 5.5340466499328613281 5.4355254173278808594 5.4691023826599121094 5.6176152229309082031 4.4644527435302734375 4.4658136367797851562 5.1645960807800292969 5.2657008171081542969 5.3631663322448730469 5.4959521293640136719 5.4029340744018554688 5.0976085662841796875 4.9334063529968261719 4.8517432212829589844 4.7456831932067871094 4.6251049041748046875 4.4386010169982910156 4.2617673873901367188 4.1144680976867675781 3.9687855243682861328 3.9143061637878417969
-9999 -9999 -9999 -9999 -9999 -9999 -9999 -9999 -9999 8.8813457489013671875 8.5311822891235351562 4.4524555206298828125 7.7607989311218261719 7.3245692253112792969 7.3038926124572753906 7.3512392044067382812 7.4503569602966308594 7.347660064697265625 7.1614985466003417969 6.7168664932250976562 5.9718575477600097656 5.5339083671569824219 5.3533797264099121094 5.3429546356201171875 5.4998540878295898438 5.4184360504150390625 5.0850629806518554688 5.0373978614807128906 5.25975799560546875 5.3141741752624511719 5.2287817001342773438 5.2094302177429199219 5.1972808837890625 5.1143770217895507812 4.95211029052734375 4.7127575874328613281 4.4664654731750488281 4.2085080146789550781 3.9855072498321533203 3.8330173492431640625 3.711833953857421875 3.6557598114013671875
-9999 -9999 -9999 -9999 -9999 -9999 -9999 -9999 9.518772125244140625 8.115085601806640625 7.6081571578979492188 4.4560513496398925781 7.1473932266235351562 6.8074784278869628906 6.69017791748046875 6.6965913772583007812 6.9656744003295898438 7.3690633773803710938 7.5968618392944335938 7.1965203285217285156 6.34775543212890625 4.4631032943725585938 4.4644556045532226562 4.4651122093200683594 4.4650578498840332031 5.2831616401672363281 5.0188570022583007812 4.9932260513305664062 5.2173047065734863281 5.2314200401306152344 5.0376920700073242188 5.0104575157165527344 5.0712676048278808594 4.9512324333190917969 4.7400407791137695312 4.5274715423583984375 4.3411231040954589844 4.147891998291015625 3.9562487602233886719 3.8227803707122802734 3.7033460140228271484 3.6034414768218994141
-9999 -9999 -9999 -9999 -9999 -9999 -9999 -9999 8.6987047195434570312 4.4542078971862792969 4.4549856185913085938 7.5271878242492675781 7.2094030380249023438 6.79781341552734375 6.5709695816040039062 6.5246138572692871094 6.6970767974853515625 7.0988612174987792969 7.4979615211486816406 7.2006959915161132812 6.4157605171203613281 5.9139914512634277344 5.5995378494262695312 5.3591947555541992188 5.2156825065612792969 5.1213507652282714844 5.0067486763000488281 4.98056793212890625 5.0868053436279296875 5.0893812179565429688 4.9355373382568359375 4.891277313232421875 4.9270620346069335938 4.8126282691955566406 4.6379551887512207031 4.4837908744812011719 4.3529829978942871094 4.1926836967468261719 3.9882395267486572266 3.8453249931335449219 3.7399854660034179688 3.6346187591552734375
-9999 -9999 -9999 -9999 -9999 -9999 -9999 8.2071237564086914062 7.8950943946838378906 4.4516844749450683594 4.4497914314270019531 8.6031141281127929688 8.1100778579711914062 7.3692278861999511719 6.9093546867370605469 6.7669911384582519531 6.7018189430236816406 6.8689589500427246094 7.2332677841186523438 6.9567189216613769531 6.2504925727844238281 5.7864117622375488281 5.478790283203125 5.1714615821838378906 4.9152193069458007812 4.8363747596740722656 4.848461151123046875 4.8310513496398925781 4.8496146202087402344 4.8844256401062011719 4.8501982688903808594 4.8256082534790039062 4.8697376251220703125 4.8626866340637207031 4.7944545745849609375 4.6940560340881347656 4.5802016258239746094 4.4042797088623046875 4.1395897865295410156 3.9355871677398681641 3.8086411952972412109 3.7190384864807128906
-9999 -9999 -9999 -9999 -9999 -9999 8.822513580322265625 8.0405874252319335938 8.345523834228515625 8.8669214248657226562 4.4460496902465820312 9.6448383331298828125 9.1329622268676757812 4.4538359642028808594 7.2514748573303222656 6.8890867233276367188 6.6698923110961914062 6.7549643516540527344 7.1423974037170410156 6.8882393836975097656 6.1740031242370605469 5.6251468658447265625 5.2480130195617675781 4.9147853851318359375 4.61838531494140625 4.5239362716674804688 4.5624079704284667969 4.5375757217407226562 4.5000829696655273438 4.5449657440185546875 4.5981616973876953125 4.5882310867309570312 4.6027860641479492188 4.6417245864868164062 4.6711630821228027344 4.6644015312194824219 4.6165981292724609375 4.5030088424682617188 4.2825593948364257812 4.0526881217956542969 3.8795459270477294922 3.8026444911956787109
-9999 -9999 -9999 -9999 -9999 -9999 9.87618255615234375 4.4484033584594726562 8.8532114028930664062 4.4432592391967773438 10.810450553894042969 10.255396842956542969 9.7330112457275390625 4.4510707855224609375 7.6335082054138183594 6.9894399642944335938 6.6962685585021972656 6.7261576652526855469 7.0643796920776367188 6.8857989311218261719 6.1694350242614746094 5.4109430313110351562 4.9014077186584472656 4.588893890380859375 4.3279056549072265625 4.2085618972778320312 4.2105088233947753906 4.1745443344116210938 4.1159539222717285156 4.1414065361022949219 4.2161512374877929688 4.2333831787109375 4.2360405921936035156 4.2616100311279296875 4.3201222419738769531 4.39337158203125 4.4381046295166015625 4.4450855255126953125 4.3652582168579101562 4.1639361381530761719 3.9443800449371337891 3.8791422843933105469
-9999 -9999 -9999 -9999 -9999 12.20951080322265625 8.8410482406616210938 4.4407401084899902344 4.4344577789306640625 8.8248291015625 8.8334360122680664062 11.874162673950195312 8.8515405654907226562 4.4467191696166992188 8.2094373703002929688 7.2679104804992675781 6.9355020523071289062 6.8602509498596191406 7.0849747657775878906 7.1292934417724609375 6.6250782012939453125 4.4634451866149902344 5.0638437271118164062 4.6701993942260742188 4.3661699295043945312 4.1717391014099121094 4.1058197021484375 4.0558600425720214844 3.9954462051391601562 4.0130724906921386719 4.1023554801940917969 4.1530427932739257812 4.1636152267456054688 4.1562738418579101562 4.1660580635070800781 4.2096409797668457031 4.2457280158996582031 4.298069000244140625 4.3415322303771972656 4.2088322639465332031 3.9644658565521240234 3.8893349170684814453
-9999 -9999 -9999 -9999 -9999 8.8387422561645507812 8.8183345794677734375 4.4265599250793457031 4.4201817512512207031 4.4253778457641601562 4.4168138504028320312 4.4275941848754882812 4.4345593452453613281 4.4387178421020507812 8.8505840301513671875 7.8716492652893066406 7.4303560256958007812 7.1162457466125488281 7.1458711624145507812 7.6133341789245605469 7.7875566482543945312 4.457916259765625 6.0085024833679199219 5.3246068954467773438 4.8366990089416503906 4.4487967491149902344 4.2424912452697753906 4.1559281349182128906 4.0969691276550292969 4.1140704154968261719 4.2269034385681152344 4.3290591239929199219 4.3645596504211425781 4.2982554435729980469 4.1963062286376953125 4.1365571022033691406 4.0941224098205566406 4.1124062538146972656 4.2009520530700683594 4.1641216278076171875 3.9621379375457763672 3.8599655628204345703
-9999 -9999 -9999 -9999 8.8506155014038085938 4.440151214599609375 4.4276885986328125 4.4127945899963378906 -9999 -9999 -9999 -9999 -9999 4.4296708106994628906 4.4448513984680175781 8.8653354644775390625 8.5670928955078125 8.018768310546875 7.70467376708984375 8.4607334136962890625 9.8842420578002929688 4.4489507675170898438 7.6411366462707519531 6.4703054428100585938 5.7546148300170898438 5.1121411323547363281 4.6698250770568847656 4.4513406753540039062 4.332935333251953125 4.3070836067199707031 4.3920989036560058594 4.5141625404357910156 4.5994515419006347656 4.5164361000061035156 4.3421840667724609375 4.2187228202819824219 4.1280317306518554688 4.106502532958984375 4.1629910469055175781 4.1420607566833496094 4.0033941268920898438 3.9053027629852294922
-9999 -9999 -9999 -9999 12.403202056884765625 4.4366979598999023438 -9999 -9999 -9999 -9999 -9999 -9999 -9999 -9999 4.4400553703308105469 4.4450936317443847656 4.4453577995300292969 4.4474606513977050781 4.4507994651794433594 4.4473252296447753906 4.4312076568603515625 4.4261593818664550781 4.4421854019165039062 4.4509797096252441406 4.4554195404052734375 4.4596123695373535156 5.6948485374450683594 5.1267924308776855469 4.7985677719116210938 4.6494011878967285156 4.6414213180541992188 4.7293529510498046875 4.8619928359985351562 4.8049573898315429688 4.5970015525817871094 4.4396028518676757812 4.3203787803649902344 4.2728433609008789062 4.28087615966796875 4.1915845870971679688 4.0499396324157714844 3.9789178371429443359
-9999 -9999 -9999 15.977149009704589844 4.4363722801208496094 4.4238219261169433594 -9999 -9999 -9999 -9999 -9999 -9999 -9999 -9999 -9999 -9999 -9999 4.4453463554382324219 8.8704891204833984375 10.638822555541992188 17.373783111572265625 -9999 -9999 -9999 -9999 4.4517226219177246094 7.17315673828125 6.1823983192443847656 5.5478672981262207031 5.2388858795166015625 5.1112737655639648438 5.101409912109375 5.2061595916748046875 5.1208772659301757812 4.8464946746826171875 4.6387472152709960938 4.4833765029907226562 4.4241127967834472656 4.441806793212890625 4.2975478172302246094 4.07234954833984375 3.9830324649810791016
