tests/data/reference/gistest/full/control/csheetvout_m3.asc
ncols        125
nrows        78
xllcorner    -713756.799299980048
yllcorner    -1061032.369616159936
cellsize     10.000000000000
NODATA_value  -9999
[rows 38 to 56 of 78, columns 42 to 83 of 125]
3.7728056907653808594 3.5411646366119384766 3.5664095878601074219 3.5309705734252929688 3.4391965866088867188 3.3785490989685058594 3.3457889556884765625 3.3986608982086181641 3.5604083538055419922 3.5649383068084716797 2.7850995063781738281 2.6779153347015380859 2.5918812751770019531 2.6967375278472900391 3.0733804702758789062 3.1647136211395263672 2.9033925533294677734 2.8353171348571777344 2.9394762516021728516 3.0528597831726074219 3.1794469356536865234 3.2870180606842041016 3.3581979274749755859 3.4651892185211181641 3.6533405780792236328 3.9068202972412109375 4.2332539558410644531 4.5106029510498046875 4.5340795516967773438 4.448314666748046875 4.3334980010986328125 3.972011566162109375 3.5042984485626220703 3.3769974708557128906 3.5714883804321289062 3.8543426990509033203 4.0529065132141113281 4.0026745796203613281 3.6754827499389648438 3.8781175613403320312 16.741613388061523438 16.358423233032226562
3.8234918117523193359 3.6106123924255371094 3.6765773296356201172 3.6830422878265380859 3.6200029850006103516 3.5361256599426269531 3.4557013511657714844 3.4853715896606445312 3.6340677738189697266 3.6362557411193847656 3.4640519618988037109 3.3514337539672851562 3.2710771560668945312 3.2687785625457763672 3.3471376895904541016 3.2597284317016601562 3.0675373077392578125 2.9854385852813720703 2.9906849861145019531 3.0150325298309326172 3.0611357688903808594 3.1244978904724121094 2.5639495849609375 2.6783046722412109375 2.8385863304138183594 3.0363636016845703125 3.2460486888885498047 3.4930396080017089844 3.7687776088714599609 4.1453599929809570312 4.7134447097778320312 4.6334862709045410156 3.9352400302886962891 3.9594273567199707031 4.4120941162109375 4.3381724357604980469 4.1798906326293945312 3.9770104885101318359 3.52548980712890625 16.273363113403320312 145.9568328857421875 3.4314951896667480469
3.7300264835357666016 3.6616320610046386719 3.8076577186584472656 3.8868105411529541016 3.8739435672760009766 3.7581346035003662109 3.5775279998779296875 3.5158774852752685547 3.5606679916381835938 3.6086070537567138672 3.6304655075073242188 3.5797762870788574219 3.4380972385406494141 3.3067600727081298828 3.2166657447814941406 3.0586678981781005859 2.8726806640625 2.7779321670532226562 2.7495658397674560547 2.7367241382598876953 2.7480318546295166016 2.7866289615631103516 2.8460049629211425781 2.9224352836608886719 3.0195410251617431641 3.1404247283935546875 2.6300537586212158203 2.7814989089965820312 2.9723262786865234375 3.2944777011871337891 3.8386688232421875 3.9415464401245117188 17.9382476806640625 3.7811708450317382812 5.5523138046264648438 5.9034519195556640625 4.98284912109375 4.2120189666748046875 3.4994580745697021484 227.519683837890625 3.2354004383087158203 3.501132965087890625
3.7710561752319335938 3.81311798095703125 4.0027704238891601562 4.078731536865234375 4.012538909912109375 3.8916184902191162109 3.7400593757629394531 3.6618106365203857422 3.6311042308807373047 3.6756346225738525391 3.7623589038848876953 3.6795742511749267578 3.5075817108154296875 3.3921248912811279297 3.3343656063079833984 3.2174577713012695312 3.0317823886871337891 2.9078404903411865234 2.8386318683624267578 2.7720720767974853516 2.7328822612762451172 2.7397682666778564453 2.7667901515960693359 2.7875499725341796875 2.8086590766906738281 2.8506977558135986328 2.90688323974609375 2.9673609733581542969 3.0522105693817138672 2.5976405143737792969 2.9624016284942626953 3.1697545051574707031 2.9815726280212402344 16.883563995361328125 4.621936798095703125 6.8097047805786132812 6.4108757972717285156 4.5416097640991210938 18.60052490234375 18.598682403564453125 3.6235504150390625 3.1272041797637939453
3.9738671779632568359 4.0727128982543945312 4.2345576286315917969 4.2206478118896484375 4.0372099876403808594 3.9592032432556152344 3.9848809242248535156 3.9936995506286621094 3.9261939525604248047 3.8759343624114990234 3.8567352294921875 3.7302222251892089844 3.5720043182373046875 3.4913930892944335938 3.4760010242462158203 3.4089963436126708984 3.2507724761962890625 3.1257638931274414062 3.0422151088714599609 2.9330284595489501953 2.8305535316467285156 2.7910048961639404297 2.7880911827087402344 2.7723386287689208984 2.7473721504211425781 2.7425599098205566406 2.7540934085845947266 2.7563128471374511719 2.7677216529846191406 2.8510689735412597656 3.0317387580871582031 2.5519075393676757812 2.5858211517333984375 2.7733001708984375 3.3593585491180419922 21.490604400634765625 24.435571670532226562 23.738254547119140625 295.737396240234375 4.2679228782653808594 4.3516774177551269531 3.5997102260589599609
4.2484464645385742188 4.3047976493835449219 4.3296871185302734375 4.2552003860473632812 4.0985393524169921875 4.1196665763854980469 4.2985429763793945312 4.3627276420593261719 4.2424035072326660156 4.0505394935607910156 3.9235808849334716797 3.8423922061920166016 3.7503101825714111328 3.6893270015716552734 3.6830451488494873047 3.6516504287719726562 3.5408139228820800781 3.4518580436706542969 3.3978781700134277344 3.2664201259613037109 3.0835945606231689453 2.9678990840911865234 2.913768768310546875 2.8624088764190673828 2.8035485744476318359 2.7634005546569824219 2.7398548126220703125 2.6944990158081054688 2.6438498497009277344 2.6447937488555908203 2.6992814540863037109 2.7687830924987792969 2.1928348541259765625 2.3748753070831298828 2.7191202640533447266 2.9820294380187988281 16.187063217163085938 17.625093460083007812 20.327226638793945312 24.392641067504882812 4.9375162124633789062 4.3255519866943359375
4.2587738037109375 4.2304387092590332031 4.1429843902587890625 4.1269001960754394531 4.15300750732421875 4.2601642608642578125 4.4543843269348144531 4.5540232658386230469 4.499637603759765625 4.2681331634521484375 4.0639591217041015625 3.9950242042541503906 3.9501664638519287109 3.8768439292907714844 3.8295111656188964844 3.8080227375030517578 3.7523891925811767578 3.709926605224609375 3.7064146995544433594 3.6062939167022705078 3.4014699459075927734 3.2342243194580078125 3.1273846626281738281 3.0454797744750976562 2.9659388065338134766 2.9016921520233154297 2.8539273738861083984 2.7717556953430175781 2.6764650344848632812 2.6356143951416015625 2.6377141475677490234 2.6436202526092529297 2.6642923355102539062 2.1590864658355712891 2.4565563201904296875 2.6134645938873291016 13.289313316345214844 58.844573974609375 3.3474175930023193359 19.347219467163085938 21.116495132446289062 4.6570715904235839844
3.9514603614807128906 3.9453895092010498047 3.8694257736206054688 3.8937189579010009766 4.0135335922241210938 4.1222453117370605469 4.2615294456481933594 4.4517836570739746094 4.6510825157165527344 4.6120767593383789062 4.3929562568664550781 4.2866687774658203125 4.23566436767578125 4.0830645561218261719 3.9240443706512451172 3.87342071533203125 3.8613140583038330078 3.8452663421630859375 3.8736054897308349609 3.8692276477813720703 3.7583761215209960938 3.5950083732604980469 3.443149566650390625 3.3432140350341796875 3.2625842094421386719 3.1887419223785400391 3.1274175643920898438 3.0044772624969482422 2.8547682762145996094 2.7879421710968017578 2.7738537788391113281 2.7274267673492431641 2.66585540771484375 2.7462558746337890625 2.3646998405456542969 2.5176610946655273438 12.530834197998046875 10.0273284912109375 2.9365129470825195312 3.1520159244537353516 3.2957122325897216797 20.570131301879882812
3.6636478900909423828 3.6710145473480224609 3.6470160484313964844 3.6860346794128417969 3.8066301345825195312 3.9036638736724853516 4.0025873184204101562 4.1929140090942382812 4.495052337646484375 4.6631755828857421875 4.5786538124084472656 4.5595617294311523438 4.6115813255310058594 4.4301276206970214844 4.1366505622863769531 4.0333251953125 4.0514950752258300781 4.026119232177734375 3.9949848651885986328 4.0096564292907714844 4.0144839286804199219 3.8957471847534179688 3.7141063213348388672 3.6205594539642333984 3.5791728496551513672 3.5295736789703369141 3.4833765029907226562 3.3191025257110595703 3.0817418098449707031 2.9712681770324707031 2.9477612972259521484 2.8601703643798828125 2.7316164970397949219 2.7428803443908691406 2.9318158626556396484 3.0596392154693603516 4.2279720306396484375 4.2273616790771484375 2.6294448375701904297 2.7762422561645507812 2.812229156494140625 3.0802221298217773438
3.5386383533477783203 3.5000641345977783203 3.4778361320495605469 3.5127391815185546875 3.6255731582641601562 3.7443723678588867188 3.8409330844879150391 3.9614202976226806641 4.1827569007873535156 4.4219179153442382812 4.5317206382751464844 4.6979632377624511719 4.9839520454406738281 4.8911004066467285156 4.471843719482421875 4.303234100341796875 4.332935333251953125 4.28334808349609375 4.1581778526306152344 4.1051125526428222656 4.1296052932739257812 4.0518889427185058594 3.8777239322662353516 3.8198688030242919922 3.8573195934295654297 3.8768479824066162109 3.8908627033233642578 3.7102653980255126953 3.3775680065155029297 3.2118420600891113281 3.1695895195007324219 3.047252655029296875 2.8657636642456054688 2.7915668487548828125 2.8524363040924072266 2.9426798820495605469 8.5213098526000976562 11.867281913757324219 2.5935840606689453125 2.6551916599273681641 2.5738129615783691406 2.6431641578674316406
3.5391993522644042969 3.4647481441497802734 3.4154322147369384766 3.4164769649505615234 3.4854395389556884766 3.6000757217407226562 3.7289884090423583984 3.825855255126953125 3.95154571533203125 4.1572170257568359375 4.3598833084106445312 4.6237087249755859375 5.037654876708984375 5.0865774154663085938 4.4684758186340332031 4.4661092758178710938 4.4692158699035644531 4.4630255699157714844 4.3956003189086914062 4.2926964759826660156 4.2477412223815917969 4.1468338966369628906 3.9681935310363769531 3.92035675048828125 4.001743316650390625 4.0617966651916503906 4.0914607048034667969 3.9421885013580322266 3.6314070224761962891 3.4722771644592285156 3.4339649677276611328 3.3063399791717529297 3.1042358875274658203 2.9280562400817871094 2.8093135356903076172 2.8223674297332763672 13.411482810974121094 13.799348831176757812 2.6110675334930419922 2.5865201950073242188 2.4114594459533691406 2.4112064838409423828
3.6382970809936523438 3.5469024181365966797 3.4639899730682373047 3.4167349338531494141 3.4195449352264404297 3.4945199489593505859 3.6365351676940917969 3.7387447357177734375 3.7922472953796386719 3.9367523193359375 4.1620016098022460938 4.4264316558837890625 4.8031191825866699219 4.4671239852905273438 4.7753553390502929688 4.6729693412780761719 4.6887421607971191406 4.6931514739990234375 4.4686331748962402344 4.5380220413208007812 4.3763074874877929688 4.2098217010498046875 4.0278468132019042969 3.9787514209747314453 4.0542058944702148438 4.0873866081237792969 4.0965719223022460938 3.9787871837615966797 3.7475883960723876953 3.6397845745086669922 3.6365420818328857422 3.5589435100555419922 3.4094138145446777344 3.1675684452056884766 2.8928472995758056641 2.8140339851379394531 13.372157096862792969 3.0944063663482666016 3.1068203449249267578 2.4149563312530517578 2.2709813117980957031 2.2589595317840576172
3.7685716152191162109 3.6874310970306396484 3.586395263671875 3.5006470680236816406 3.4454464912414550781 3.4708547592163085938 3.5850982666015625 3.6692607402801513672 3.6744904518127441406 3.7734911441802978516 3.9952199459075927734 4.2151308059692382812 4.4668135643005371094 4.6693258285522460938 4.7200932502746582031 4.7176623344421386719 4.7084288597106933594 4.743991851806640625 4.8128962516784667969 4.6793241500854492188 4.402927398681640625 4.2487845420837402344 4.1137728691101074219 4.0600037574768066406 4.0965132713317871094 4.0867428779602050781 4.0313744544982910156 3.8977019786834716797 3.6971023082733154297 3.6089131832122802734 3.6140460968017578125 3.6138019561767578125 3.6063992977142333984 3.4179887771606445312 3.1040205955505371094 2.9560441970825195312 45.8877716064453125 3.0639719963073730469 2.8770670890808105469 2.1908566951751708984 2.1283109188079833984 2.1320667266845703125
3.9141213893890380859 3.8771922588348388672 3.7855274677276611328 3.6744871139526367188 3.5647480487823486328 3.5259096622467041016 3.5729246139526367188 3.6246583461761474609 3.6200177669525146484 3.6877596378326416016 3.8704595565795898438 4.0209074020385742188 4.1440501213073730469 4.3389153480529785156 4.5665941238403320312 4.64617156982421875 4.6052799224853515625 4.638484954833984375 4.7449498176574707031 4.6315379142761230469 4.3303070068359375 4.2074298858642578125 4.2076859474182128906 4.1864347457885742188 4.1659536361694335938 4.1042127609252929688 4.0013780593872070312 3.8145761489868164062 3.5814313888549804688 3.4716877937316894531 3.4507956504821777344 3.5332992076873779297 3.7421679496765136719 3.6891777515411376953 3.3852295875549316406 3.1686260700225830078 5.7992191314697265625 2.9365148544311523438 2.8047647476196289062 2.7148241996765136719 2.0073187351226806641 2.0160815715789794922
3.9616017341613769531 3.9826831817626953125 3.94567108154296875 3.8561151027679443359 3.7323505878448486328 3.6453964710235595703 3.6043341159820556641 3.6150929927825927734 3.6391167640686035156 3.6985337734222412109 3.8311243057250976562 3.9131491184234619141 3.9415304660797119141 4.1156086921691894531 4.4643316268920898438 4.6006374359130859375 4.5262498855590820312 4.5228095054626464844 4.596515655517578125 4.4578175544738769531 4.1293110847473144531 4.0667090415954589844 4.23239898681640625 4.3019318580627441406 4.2752079963684082031 4.20500946044921875 4.0969953536987304688 3.8520445823669433594 3.5456075668334960938 3.3682551383972167969 3.2789013385772705078 3.4136230945587158203 3.8531584739685058594 3.9382216930389404297 3.6175603866577148438 3.3292055130004882812 10.283449172973632812 3.0574240684509277344 2.8487124443054199219 2.6899967193603515625 2.5674221515655517578 1.9170020818710327148
3.9007866382598876953 3.9603180885314941406 4.0054807662963867188 3.9823486804962158203 3.8886964321136474609 3.7880575656890869141 3.6865837574005126953 3.6715176105499267578 3.7328474521636962891 3.7878742218017578125 3.8605246543884277344 3.8720471858978271484 3.8201725482940673828 3.9909734725952148438 4.42981719970703125 4.6157069206237792969 4.507175445556640625 4.4525384902954101562 4.4560108184814453125 4.2651791572570800781 3.9193558692932128906 3.8685703277587890625 4.0935792922973632812 4.2674679756164550781 4.3526315689086914062 4.3312153816223144531 4.2225708961486816406 3.9572610855102539062 3.6016049385070800781 3.3682253360748291016 3.2160956859588623047 3.3600111007690429688 3.9046387672424316406 3.9926447868347167969 3.6240160465240478516 3.3321959972381591797 199.59674072265625 3.0096008777618408203 2.8094847202301025391 2.6388688087463378906 2.4890379905700683594 2.488796234130859375
3.8934612274169921875 3.9289851188659667969 3.9840593338012695312 3.9689128398895263672 3.8770496845245361328 3.7929482460021972656 3.7109925746917724609 3.7191958427429199219 3.8165493011474609375 3.8492274284362792969 3.8533220291137695312 3.8164424896240234375 3.7204203605651855469 3.8773739337921142578 4.3554124832153320312 4.5723032951354980469 4.4614424705505371094 4.3858761787414550781 4.3558931350708007812 4.158557891845703125 3.8127233982086181641 3.7191116809844970703 3.8627612590789794922 4.0633845329284667969 4.3044233322143554688 4.3502893447875976562 4.2087087631225585938 3.966396331787109375 3.6577651500701904297 3.4305672645568847656 3.2611267566680908203 3.4081048965454101562 4.0097098350524902344 4.0698637962341308594 3.5533289909362792969 3.2231245040893554688 14.760784149169921875 2.9474937915802001953 2.7473959922790527344 2.5839502811431884766 2.4469399452209472656 2.4552590847015380859
3.9504249095916748047 3.9426667690277099609 3.9584674835205078125 3.9084565639495849609 3.7957916259765625 3.7297315597534179688 3.6931910514831542969 3.7215242385864257812 3.8231859207153320312 3.8230299949645996094 3.7650690078735351562 3.7246687412261962891 3.6520581245422363281 3.7937347888946533203 4.2284712791442871094 4.4346842765808105469 4.352863311767578125 4.2801361083984375 4.2327151298522949219 4.0888614654541015625 3.8139905929565429688 3.6747107505798339844 3.6770305633544921875 3.8256700038909912109 4.1347174644470214844 4.21540069580078125 4.0539450645446777344 3.8684575557708740234 3.6548361778259277344 3.4715147018432617188 3.3174321651458740234 3.4510312080383300781 4.0122404098510742188 4.0043392181396484375 3.4046235084533691406 3.0641107559204101562 13.105629920959472656 2.6997826099395751953 2.5924425125122070312 2.5097203254699707031 2.4518289566040039062 2.4788665771484375
3.9712948799133300781 3.9583337306976318359 3.9543066024780273438 3.8797297477722167969 3.7456679344177246094 3.6803789138793945312 3.6685111522674560547 3.7044475078582763672 3.7913784980773925781 3.7424764633178710938 3.6160888671875 3.5991389751434326172 3.6172542572021484375 3.7402033805847167969 4.0533666610717773438 4.230297088623046875 4.202915191650390625 4.1321368217468261719 4.0347590446472167969 3.9492211341857910156 3.8316438198089599609 3.6911163330078125 3.5824711322784423828 3.6641848087310791016 3.9476776123046875 4.0213098526000976562 3.8550729751586914062 3.7099514007568359375 3.5745427608489990234 3.4388163089752197266 3.3092756271362304688 3.3770444393157958984 3.6976664066314697266 3.6371200084686279297 3.2283687591552734375 13.562127113342285156 12.409489631652832031 2.63231658935546875 2.5765798091888427734 2.5551915168762207031 2.5669591426849365234 2.5779628753662109375
