tests/data/reference/gistest/full/control/csheetvout_m3.asc
ncols        125
nrows        78
xllcorner    -713756.799299980048
yllcorner    -1061032.369616159936
cellsize     10.000000000000
NODATA_value  -9999
[rows 19 to 37 of 78, columns 0 to 41 of 125]
-9999 -9999 -9999 -9999 -9999 -9999 -9999 -9999 -9999 -9999 -9999 -9999 -9999 -9999 -9999 -9999 -9999 4.4400072097778320312 4.9890108108520507812 4.8941621780395507812 5.2097339630126953125 5.7492818832397460938 5.4357924461364746094 4.4411606788635253906 4.2855906486511230469 10.24071502685546875 18.874483108520507812 4.7402820587158203125 4.9329714775085449219 4.4430098533630371094 4.4366259574890136719 4.0222988128662109375 3.7475659847259521484 3.6443181037902832031 3.647251129150390625 3.6596155166625976562 3.6520397663116455078 3.6233358383178710938 3.5758116245269775391 3.5136785507202148438 3.4509079456329345703 3.4105031490325927734
-9999 -9999 -9999 -9999 -9999 -9999 -9999 -9999 -9999 -9999 -9999 -9999 -9999 -9999 -9999 -9999 4.5876002311706542969 5.5075273513793945312 5.2389750480651855469 5.2999377250671386719 5.9487962722778320312 6.5207166671752929688 4.4356503486633300781 4.9448909759521484375 5.7989430427551269531 20.484653472900390625 4.59160614013671875 5.2070131301879882812 5.0703840255737304688 4.5842528343200683594 4.2000126838684082031 3.8941948413848876953 3.7199306488037109375 3.6599972248077392578 3.6681611537933349609 3.6617119312286376953 3.6329295635223388672 3.5950217247009277344 3.54395294189453125 3.4835689067840576172 3.4276359081268310547 3.3872134685516357422
-9999 -9999 -9999 -9999 -9999 -9999 -9999 -9999 -9999 -9999 -9999 -9999 -9999 -9999 -9999 -9999 6.5102314949035644531 6.5653057098388671875 6.9514527320861816406 7.74297332763671875 6.8801326751708984375 4.5818934440612792969 4.5855321884155273438 8.420757293701171875 14.683754920959472656 5.1509599685668945312 5.5141358375549316406 5.6391177177429199219 5.0599703788757324219 4.4521279335021972656 4.0653882026672363281 3.8593275547027587891 3.7461640834808349609 3.6898982524871826172 3.6749112606048583984 3.6578047275543212891 3.6884286403656005859 3.7356481552124023438 3.6848337650299072266 3.5645921230316162109 3.4584631919860839844 3.3844268321990966797
-9999 -9999 -9999 -9999 -9999 -9999 -9999 -9999 -9999 -9999 -9999 -9999 -9999 -9999 -9999 -9999 7.8096818923950195312 8.3096151351928710938 10.81964874267578125 13.374604225158691406 4.5784773826599121094 4.5797739028930664062 4.1753153800964355469 10.384622573852539062 22.402307510375976562 5.2677035331726074219 5.6790132522583007812 5.381412506103515625 4.7865138053894042969 4.3093037605285644531 4.0207886695861816406 3.8681101799011230469 3.7619228363037109375 3.7011029720306396484 3.6829714775085449219 3.6765396595001220703 3.7332885265350341797 3.7739968299865722656 3.6671612262725830078 3.5346567630767822266 3.4490580558776855469 3.3901512622833251953
-9999 -9999 -9999 -9999 -9999 -9999 -9999 -9999 -9999 -9999 -9999 -9999 -9999 -9999 -9999 4.5687127113342285156 11.166596412658691406 11.148614883422851562 10.277256011962890625 4.5738854408264160156 4.5277352333068847656 4.1695361137390136719 10.378856658935546875 8.3314151763916015625 4.8683018684387207031 4.9754915237426757812 4.4949903488159179688 4.15802001953125 3.8732509613037109375 4.2166604995727539062 4.0525441169738769531 3.8964817523956298828 3.7633340358734130859 3.7005507946014404297 3.7007172107696533203 3.7176730632781982422 3.7362523078918457031 3.6752636432647705078 3.5164346694946289062 3.4249715805053710938 3.4146602153778076172 3.4119803905487060547
-9999 -9999 -9999 -9999 -9999 -9999 -9999 -9999 -9999 -9999 -9999 -9999 -9999 -9999 -9999 9.0860767364501953125 28.774991989135742188 13.657574653625488281 6.9321241378784179688 4.57244110107421875 4.584758758544921875 10.32640838623046875 20.346673965454101562 4.219684600830078125 4.5493245124816894531 4.4733896255493164062 4.0126366615295410156 3.6775236129760742188 3.5763154029846191406 3.52803802490234375 3.4225924015045166016 3.8959116935729980469 3.7837235927581787109 3.7468969821929931641 3.7858774662017822266 3.8202722072601318359 3.7882726192474365234 3.6412661075592041016 3.4600658416748046875 3.4038407802581787109 3.4280340671539306641 3.4339694976806640625
-9999 -9999 -9999 -9999 -9999 -9999 -9999 -9999 -9999 -9999 -9999 -9999 -9999 -9999 -9999 49.661266326904296875 9.1242876052856445312 4.5779929161071777344 4.5778489112854003906 4.5768899917602539062 4.1823110580444335938 14.566046714782714844 4.6103734970092773438 4.9137434959411621094 4.2241711616516113281 3.8424203395843505859 3.6049542427062988281 3.4422421455383300781 3.3623640537261962891 3.3421437740325927734 3.3153796195983886719 3.2956228256225585938 3.2481703758239746094 3.2598285675048828125 3.9552457332611083984 3.9980711936950683594 3.8842592239379882812 3.6560947895050048828 3.4876112937927246094 3.4593224525451660156 3.47647857666015625 3.4450609683990478516
-9999 -9999 -9999 -9999 -9999 -9999 -9999 -9999 -9999 -9999 -9999 -9999 -9999 4.5834283828735351562 4.5738420486450195312 16.840911865234375 8.8926639556884765625 4.5786328315734863281 4.544708251953125 4.1697583198547363281 10.375926971435546875 14.528468132019042969 5.0949950218200683594 5.0726456642150878906 4.7007074356079101562 4.1527657508850097656 3.893657684326171875 3.7693424224853515625 3.6704592704772949219 3.5729298591613769531 3.4806330204010009766 3.4249868392944335938 3.3783411979675292969 3.4417517185211181641 3.6177997589111328125 3.6191821098327636719 3.9225916862487792969 3.6616044044494628906 3.5258874893188476562 3.5004634857177734375 3.4851784706115722656 3.4511659145355224609
-9999 -9999 -9999 -9999 -9999 -9999 -9999 -9999 -9999 -9999 -9999 -9999 -9999 -9999 4.5823450088500976562 9.1241025924682617188 9.109584808349609375 4.5579509735107421875 4.1582689285278320312 14.501317977905273438 22.787263870239257812 5.053253173828125 5.2774667739868164062 5.5065608024597167969 5.3760089874267578125 5.2911000251770019531 4.9870886802673339844 4.8133697509765625 4.7053647041320800781 4.3158040046691894531 3.9049558639526367188 3.6533854007720947266 3.5918645858764648438 3.7307708263397216797 3.9304718971252441406 3.7830767631530761719 3.3151376247406005859 3.0313665866851806641 2.9346475601196289062 3.5061161518096923828 3.4662864208221435547 3.462833404541015625
-9999 -9999 -9999 -9999 -9999 -9999 -9999 -9999 -9999 -9999 -9999 -9999 -9999 -9999 -9999 -9999 4.5693445205688476562 4.1007480621337890625 5.7987957000732421875 11.596880912780761719 5.8266768455505371094 5.8998045921325683594 5.8782777786254882812 5.7175226211547851562 5.4339718818664550781 5.1191806793212890625 4.7822723388671875 4.8144350051879882812 5.1457924842834472656 4.9585237503051757812 4.4413595199584960938 4.1481695175170898438 4.1191382408142089844 4.2153387069702148438 4.2867369651794433594 3.9798521995544433594 3.40009307861328125 3.1677680015563964844 3.1707179546356201172 3.1016182899475097656 2.9847960472106933594 3.5320432186126708984
-9999 -9999 -9999 -9999 -9999 -9999 -9999 -9999 -9999 -9999 -9999 -9999 -9999 -9999 -9999 -9999 -9999 4.1534695625305175781 14.050786972045898438 5.9936475753784179688 5.9489808082580566406 5.9850912094116210938 6.1156005859375 5.9074411392211914062 5.43668365478515625 4.9821023941040039062 4.5483045578002929688 4.5493211746215820312 4.9830684661865234375 5.0622363090515136719 4.7238535881042480469 4.6768517494201660156 4.8309431076049804688 4.74765777587890625 4.6293897628784179688 4.2807354927062988281 3.7234890460968017578 3.5509729385375976562 3.6104657649993896484 3.4778156280517578125 3.1780266761779785156 2.9422562122344970703
-9999 -9999 -9999 -9999 -9999 -9999 -9999 -9999 -9999 -9999 -9999 -9999 -9999 -9999 -9999 -9999 -9999 5.7985053062438964844 9.9453210830688476562 6.3848299980163574219 6.108165740966796875 6.033954620361328125 6.1885089874267578125 5.9079365730285644531 5.344329833984375 4.9103446006774902344 4.5481319427490234375 4.4995341300964355469 4.7717471122741699219 4.7283201217651367188 4.3629107475280761719 4.3569383621215820312 4.6568918228149414062 4.9194674491882324219 5.225414276123046875 5.0189523696899414062 4.4056019783020019531 4.0553355216979980469 3.8386232852935791016 3.5803029537200927734 3.2801127433776855469 3.2103149890899658203
-9999 -9999 -9999 -9999 -9999 -9999 -9999 -9999 -9999 -9999 -9999 -9999 -9999 -9999 -9999 -9999 5.7985076904296875 9.7701177597045898438 6.4259428977966308594 6.9605956077575683594 6.3959555625915527344 5.9304904937744140625 5.6950979232788085938 5.4346332550048828125 5.0202426910400390625 4.7710537910461425781 4.6225657463073730469 4.4753270149230957031 4.4561944007873535156 4.3457183837890625 4.0528354644775390625 4.0448522567749023438 4.3450841903686523438 4.8431301116943359375 5.7091393470764160156 5.8675675392150878906 5.171783447265625 4.4800181388854980469 3.8675799369812011719 3.425540924072265625 3.0947735309600830078 3.1015939712524414062
-9999 -9999 -9999 -9999 -9999 -9999 -9999 -9999 -9999 -9999 -9999 -9999 -9999 -9999 -9999 5.7983174324035644531 11.595571517944335938 6.28400421142578125 6.7208757400512695312 6.6162037849426269531 6.3454480171203613281 5.7842583656311035156 5.3768954277038574219 5.0618305206298828125 4.7184457778930664062 4.6153349876403808594 4.6702408790588378906 4.43372344970703125 4.6013836860656738281 4.4573297500610351562 3.8070728778839111328 3.8819015026092529297 4.2374057769775390625 4.6706743240356445312 5.24291229248046875 5.3544597625732421875 4.9446749687194824219 4.3670749664306640625 3.7647113800048828125 3.2967038154602050781 2.9248433113098144531 2.7643857002258300781
-9999 -9999 -9999 -9999 -9999 -9999 -9999 -9999 -9999 -9999 -9999 -9999 -9999 -9999 -9999 5.7984590530395507812 30.386474609375 6.0191378593444824219 5.9912123680114746094 6.0541028976440429688 6.0965685844421386719 5.9906105995178222656 5.6867909431457519531 5.0284256935119628906 5.0580325126647949219 4.9293112754821777344 4.9885449409484863281 4.80347442626953125 4.4133234024047851562 4.2301526069641113281 4.1801266670227050781 4.2809629440307617188 4.5347585678100585938 4.7021450996398925781 4.7564573287963867188 4.6105904579162597656 4.4297776222229003906 4.2944064140319824219 4.0951972007751464844 3.8604915142059326172 3.6075279712677001953 3.412200927734375
-9999 -9999 -9999 -9999 -9999 -9999 -9999 -9999 -9999 -9999 -9999 -9999 -9999 -9999 11.595312118530273438 31.375041961669921875 6.174495697021484375 5.8901028633117675781 5.6809964179992675781 5.6877732276916503906 5.7886934280395507812 5.8329372406005859375 5.7120122909545898438 5.4793567657470703125 5.1970119476318359375 4.9946298599243164062 4.9307284355163574219 4.7146401405334472656 4.322544097900390625 4.1389102935791015625 4.1021046638488769531 4.1641840934753417969 4.2984552383422851562 4.3099160194396972656 4.267894744873046875 4.1523060798645019531 4.0389237403869628906 3.9766452312469482422 3.8905971050262451172 3.7547659873962402344 3.5845658779144287109 3.4080195426940917969
-9999 -9999 -9999 -9999 -9999 -9999 -9999 -9999 -9999 -9999 -9999 -9999 -9999 5.79827117919921875 17.390375137329101562 6.1321749687194824219 6.0354542732238769531 5.8634381294250488281 5.64246368408203125 5.5772109031677246094 5.5969305038452148438 5.6537098884582519531 5.7030916213989257812 5.627490997314453125 5.453624725341796875 5.2278380393981933594 5.0217800140380859375 4.7178444862365722656 4.3203272819519042969 4.1366682052612304688 4.0808997154235839844 4.0507140159606933594 4.0400929450988769531 3.978900909423828125 3.9986548423767089844 4.0649161338806152344 4.0263867378234863281 3.9386506080627441406 3.8260624408721923828 3.6614916324615478516 3.4879083633422851562 3.3251504898071289062
-9999 -9999 -9999 -9999 -9999 -9999 -9999 -9999 -9999 -9999 -9999 -9999 -9999 11.594728469848632812 6.5105266571044921875 6.0317597389221191406 5.8909850120544433594 5.7847375869750976562 5.5782823562622070312 5.4669766426086425781 5.4333472251892089844 5.48436737060546875 5.6157054901123046875 5.6376123428344726562 5.5631055831909179688 5.3777785301208496094 5.1390714645385742188 4.8424015045166015625 4.4753279685974121094 4.3110017776489257812 4.2588000297546386719 4.1636524200439453125 4.0803914070129394531 3.9842257499694824219 4.0086388587951660156 4.1345667839050292969 4.1537303924560546875 4.0861392021179199219 3.9906814098358154297 3.8229401111602783203 3.6384863853454589844 3.4470491409301757812
-9999 -9999 -9999 -9999 -9999 -9999 -9999 -9999 -9999 -9999 -9999 -9999 5.7979383468627929688 15.520936965942382812 7.0327310562133789062 6.2903780937194824219 5.8784313201904296875 5.7183842658996582031 5.5091238021850585938 5.3806390762329101562 5.334819793701171875 5.3639745712280273438 5.4835119247436523438 5.50489044189453125 5.4678735733032226562 5.3585724830627441406 5.1792192459106445312 5.0018935203552246094 4.7681827545166015625 4.694293975830078125 4.7133398056030273438 4.5983295440673828125 4.4955053329467773438 4.3724451065063476562 4.2939753532409667969 4.3586626052856445312 4.4592351913452148438 4.4388823509216308594 4.3896703720092773438 4.2846965789794921875 4.1320934295654296875 3.8522498607635498047
