tests/data/reference/gistest/full/control/csheetvout_m3.asc
ncols        125
nrows        78
xllcorner    -713756.799299980048
yllcorner    -1061032.369616159936
cellsize     10.000000000000
NODATA_value  -9999
[rows 19 to 37 of 78, columns 42 to 83 of 125]
3.3998532295227050781 3.3898427486419677734 3.4014492034912109375 3.4199469089508056641 3.4624114036560058594 3.5172934532165527344 3.5626146793365478516 3.5627765655517578125 3.47780609130859375 3.3699312210083007812 3.2831318378448486328 3.2333550453186035156 3.1983339786529541016 3.1515727043151855469 3.1053500175476074219 3.1063294410705566406 3.1540763378143310547 3.1990587711334228516 3.2470178604125976562 3.3136518001556396484 3.4034495353698730469 3.5188925266265869141 3.6241285800933837891 3.6429893970489501953 3.5947256088256835938 3.5714266300201416016 3.6630678176879882812 4.0057239532470703125 4.5821285247802734375 5.0603008270263671875 5.4803438186645507812 4.4629445075988769531 5.7914609909057617188 5.9411268234252929688 5.7814350128173828125 4.739299774169921875 4.1301550865173339844 -9999 -9999 -9999 -9999 -9999
3.34732818603515625 3.2861127853393554688 3.2727205753326416016 3.2990500926971435547 3.3389036655426025391 3.3707938194274902344 3.3895347118377685547 3.3791639804840087891 3.3135087490081787109 3.2498328685760498047 3.2258150577545166016 3.2070357799530029297 3.1524422168731689453 3.0922002792358398438 3.0596649646759033203 3.0649051666259765625 3.0925347805023193359 3.1234722137451171875 3.1739783287048339844 3.2483766078948974609 3.3487255573272705078 3.42551422119140625 3.4375624656677246094 3.4182808399200439453 3.3871641159057617188 3.4395272731781005859 3.6500029563903808594 4.0281682014465332031 4.4893383979797363281 4.7972688674926757812 4.9999265670776367188 5.2383418083190917969 4.4639387130737304688 4.4622874259948730469 5.6611504554748535156 4.8275089263916015625 4.1810197830200195312 3.8330805301666259766 -9999 -9999 -9999 -9999
3.3158290386199951172 3.2236950397491455078 3.1907706260681152344 3.2165069580078125 3.2625565528869628906 3.2975089550018310547 3.2960231304168701172 3.2550272941589355469 3.1936678886413574219 3.1644895076751708984 3.1864526271820068359 3.1825153827667236328 3.0961763858795166016 3.0268263816833496094 3.0237250328063964844 3.0481522083282470703 3.0776951313018798828 3.1212913990020751953 3.1865429878234863281 3.2440643310546875 3.2773406505584716797 3.2729890346527099609 3.2666115760803222656 3.3011627197265625 3.3543934822082519531 3.5125408172607421875 3.7856411933898925781 4.0466489791870117188 4.2892632484436035156 4.4760947227478027344 4.6347408294677734375 4.7568225860595703125 4.8369812965393066406 4.4675893783569335938 4.8594202995300292969 4.8651895523071289062 4.70133209228515625 4.3313984870910644531 3.9212157726287841797 3.6513330936431884766 -9999 -9999
3.3317055702209472656 3.2391409873962402344 3.1967830657958984375 3.2115728855133056641 3.2477104663848876953 3.2742784023284912109 3.2582445144653320312 3.203998565673828125 3.1504704952239990234 3.1349060535430908203 3.1503458023071289062 3.1240825653076171875 3.0242717266082763672 2.9768927097320556641 3.0119674205780029297 3.0506360530853271484 3.0761969089508056641 3.1191244125366210938 3.1845045089721679688 3.2198662757873535156 3.2051715850830078125 3.1937024593353271484 3.2269504070281982422 3.2931368350982666016 3.3787755966186523438 3.571788787841796875 3.8512697219848632812 4.0924534797668457031 4.253253936767578125 4.2978758811950683594 4.3313651084899902344 4.3295907974243164062 4.2561664581298828125 4.2124118804931640625 4.4087786674499511719 4.468292236328125 4.6648983955383300781 4.4684667587280273438 4.2065525054931640625 3.8951699733734130859 3.7982709407806396484 -9999
3.3979799747467041016 3.334468841552734375 3.2921133041381835938 3.2841160297393798828 3.2924714088439941406 3.2983145713806152344 3.2721776962280273438 3.2202503681182861328 3.1767888069152832031 3.1483931541442871094 3.1043803691864013672 3.0261330604553222656 2.9548764228820800781 2.9644358158111572266 3.0269784927368164062 3.0595014095306396484 3.0678796768188476562 3.1008939743041992188 3.1691403388977050781 3.2098608016967773438 3.2051465511322021484 3.2258174419403076172 3.2683782577514648438 3.3107433319091796875 3.4025564193725585938 3.6105670928955078125 3.9105689525604248047 4.2294564247131347656 4.38022613525390625 4.2394251823425292969 4.0806226730346679688 3.9584140777587890625 3.8576326370239257812 3.8280107975006103516 3.9324183464050292969 4.1300592422485351562 4.3157906532287597656 4.5516958236694335938 4.8335218429565429688 5.0805726051330566406 4.7944903373718261719 4.2233552932739257812
3.4290323257446289062 3.3851113319396972656 3.3476700782775878906 3.3238446712493896484 3.3075633049011230469 3.2891161441802978516 3.2469174861907958984 3.1887271404266357422 3.1382391452789306641 3.0863919258117675781 3.0124754905700683594 2.9395220279693603516 2.9165539741516113281 2.9576027393341064453 3.0203728675842285156 3.0593965053558349609 3.0820815563201904297 3.1259822845458984375 3.1934499740600585938 3.2218773365020751953 3.2129733562469482422 3.2273304462432861328 3.2488234043121337891 3.3087921142578125 3.4549844264984130859 3.6693546772003173828 3.9203515052795410156 4.1605939865112304688 4.2404742240905761719 4.0749936103820800781 3.8759896755218505859 3.7196128368377685547 3.6159148216247558594 3.5937438011169433594 3.6461839675903320312 3.7719168663024902344 4.035614013671875 4.4365854263305664062 4.9088702201843261719 5.2463316917419433594 5.1253571510314941406 4.5438489913940429688
3.4216687679290771484 3.3865540027618408203 3.3576920032501220703 3.3273837566375732422 3.2918970584869384766 3.2470614910125732422 3.1837334632873535156 3.1106822490692138672 3.0359201431274414062 2.9631495475769042969 2.9062235355377197266 2.8821802139282226562 2.8912408351898193359 2.9271554946899414062 2.9938728809356689453 3.0740046501159667969 3.1483669281005859375 3.2135903835296630859 3.2424798011779785156 3.2153704166412353516 3.1767885684967041016 3.1792011260986328125 3.2247378826141357422 3.3471784591674804688 3.5363707542419433594 3.6978113651275634766 3.8068861961364746094 3.8826835155487060547 3.9060952663421630859 3.8285856246948242188 3.6977736949920654297 3.5649385452270507812 3.4743149280548095703 3.4599928855895996094 3.50151824951171875 3.5778172016143798828 3.7045128345489501953 3.8748180866241455078 4.05841064453125 4.2755646705627441406 4.5877270698547363281 4.8967890739440917969
3.4441277980804443359 3.4236569404602050781 3.3904192447662353516 3.33119964599609375 3.2519848346710205078 3.1645193099975585938 3.0854549407958984375 3.0176947116851806641 2.9411590099334716797 2.8697574138641357422 2.8354599475860595703 2.8420300483703613281 2.8737728595733642578 2.9298336505889892578 3.0260076522827148438 3.1341722011566162109 3.2184691429138183594 3.2559721469879150391 3.2203090190887451172 3.1677541732788085938 3.1421663761138916016 3.16375732421875 3.245281219482421875 3.3775866031646728516 3.5202789306640625 3.6237540245056152344 3.6972424983978271484 3.7751629352569580078 3.8266694545745849609 3.7770376205444335938 3.6694316864013671875 3.5616600513458251953 3.487148284912109375 3.4710531234741210938 3.4830842018127441406 3.4947845935821533203 3.510227203369140625 3.5364882946014404297 3.6064443588256835938 3.78282928466796875 4.15763092041015625 4.6474375724792480469
3.5018358230590820312 3.4984641075134277344 3.4443659782409667969 3.3313651084899902344 3.1846630573272705078 3.0463953018188476562 2.9624643325805664062 2.9184536933898925781 2.8592789173126220703 2.8041322231292724609 2.7876965999603271484 2.8110995292663574219 2.878376007080078125 2.9861986637115478516 3.1186966896057128906 3.2188537120819091797 3.2466714382171630859 3.2178642749786376953 3.1539530754089355469 3.1247525215148925781 3.1365895271301269531 3.1793448925018310547 3.2593061923980712891 3.3413767814636230469 3.4126546382904052734 3.5064120292663574219 3.6564359664916992188 3.842807769775390625 3.9549303054809570312 3.8937237262725830078 3.7848958969116210938 3.7118616104125976562 3.6573457717895507812 3.6275372505187988281 3.5855641365051269531 3.5100862979888916016 3.4337825775146484375 3.3823690414428710938 3.3915140628814697266 3.4856572151184082031 3.6638524532318115234 3.9172656536102294922
3.5103960037231445312 3.4451909065246582031 3.35022735595703125 3.2223386764526367188 3.0736865997314453125 2.9491820335388183594 2.8883547782897949219 2.8620367050170898438 2.8112676143646240234 2.7727160453796386719 2.7819840908050537109 2.8316097259521484375 2.928592681884765625 3.0551335811614990234 3.1757194995880126953 3.239879608154296875 3.2331616878509521484 3.1897792816162109375 3.1276333332061767578 3.1009709835052490234 3.1156876087188720703 3.1595189571380615234 3.2335016727447509766 3.3070726394653320312 3.3889300823211669922 3.5274107456207275391 3.7332501411437988281 3.9090049266815185547 3.9466433525085449219 3.8401622772216796875 3.7229120731353759766 3.6589789390563964844 3.6221768856048583984 3.6094772815704345703 3.5763552188873291016 3.4888777732849121094 3.3761537075042724609 3.2883596420288085938 3.2761068344116210938 3.3423318862915039062 3.4432902336120605469 3.6068568229675292969
2.7987420558929443359 3.2646527290344238281 3.1374175548553466797 3.0341777801513671875 2.939037322998046875 2.8752350807189941406 2.8547506332397460938 2.839923858642578125 2.7931685447692871094 2.7754378318786621094 2.8230013847351074219 2.9084255695343017578 3.0192251205444335938 3.1209375858306884766 3.1822249889373779297 3.2007894515991210938 3.2083237171173095703 3.19876861572265625 3.1226942539215087891 3.0634255409240722656 3.0641496181488037109 3.1086843013763427734 3.1965799331665039062 3.3136351108551025391 3.4801993370056152344 3.6968057155609130859 3.8850352764129638672 3.9100458621978759766 3.7915353775024414062 3.6309018135070800781 3.4991157054901123047 3.4214634895324707031 3.4021480083465576172 3.4334163665771484375 3.4622352123260498047 3.4326441287994384766 3.332736968994140625 3.2426443099975585938 3.2408120632171630859 3.3164856433868408203 3.4046971797943115234 3.5273983478546142578
3.2865979671478271484 3.1424608230590820312 2.9342167377471923828 2.7180950641632080078 3.1743481159210205078 3.0647022724151611328 2.9963927268981933594 2.9253857135772705078 2.8610658645629882812 2.8750150203704833984 2.9711794853210449219 3.0828704833984375 3.1756951808929443359 3.2176785469055175781 3.2091355323791503906 3.1870930194854736328 3.1870136260986328125 3.1743025779724121094 3.0898838043212890625 3.0507032871246337891 3.0922679901123046875 3.1722872257232666016 3.295063018798828125 3.4494371414184570312 3.6441752910614013672 3.8051884174346923828 3.8314263820648193359 3.7158272266387939453 3.5373852252960205078 3.3919177055358886719 3.3019149303436279297 3.2653417587280273438 3.2872121334075927734 3.3476192951202392578 3.3932280540466308594 3.3772876262664794922 3.2876656055450439453 3.2251346111297607422 3.2397227287292480469 3.2919926643371582031 3.3372335433959960938 3.4042923450469970703
3.5006873607635498047 3.9703805446624755859 4.2739758491516113281 3.8958220481872558594 3.3385694026947021484 2.9854969978332519531 3.3437433242797851562 3.1236450672149658203 3.0327434539794921875 3.1092436313629150391 3.2760066986083984375 3.4006495475769042969 3.4204602241516113281 3.3505563735961914062 3.2622570991516113281 3.1971149444580078125 3.1477720737457275391 3.0954051017761230469 3.0592885017395019531 3.1143791675567626953 3.240814208984375 3.3845875263214111328 3.5597612857818603516 3.7196125984191894531 3.8129308223724365234 3.7568647861480712891 3.5887999534606933594 3.4105565547943115234 3.2494347095489501953 3.1556315422058105469 3.1398272514343261719 3.1760935783386230469 3.2519752979278564453 3.3300659656524658203 3.3586978912353515625 3.321720123291015625 3.2491595745086669922 3.2400584220886230469 3.2726616859436035156 3.2752883434295654297 3.2562320232391357422 3.2589812278747558594
2.8244755268096923828 3.0065274238586425781 3.3561546802520751953 3.6974937915802001953 3.8168611526489257812 3.7536499500274658203 3.4971919059753417969 3.2016203403472900391 3.0889990329742431641 3.7729566097259521484 3.9203004837036132812 3.9570219516754150391 3.8253741264343261719 3.6410830020904541016 3.4878008365631103516 3.3667159080505371094 3.2584085464477539062 3.1714994907379150391 3.1555538177490234375 3.2317280769348144531 3.3429193496704101562 3.4603624343872070312 3.5913553237915039062 3.6604468822479248047 3.6319661140441894531 3.5112164020538330078 3.3543329238891601562 3.2301912307739257812 3.1389856338500976562 3.1184799671173095703 3.1637277603149414062 3.22418212890625 3.2909483909606933594 3.3343193531036376953 3.3238348960876464844 3.2722330093383789062 3.2303059101104736328 3.2755632400512695312 3.3433830738067626953 3.3442366123199462891 3.3082482814788818359 3.2763853073120117188
2.66526031494140625 2.5896391868591308594 2.5926196575164794922 2.6561708450317382812 2.7769606113433837891 2.9486763477325439453 3.1538941860198974609 3.5723416805267333984 4.3131308555603027344 4.830791473388671875 4.9289274215698242188 4.9487018585205078125 4.4788851737976074219 4.1721634864807128906 3.9503076076507568359 3.7401940822601318359 3.5516562461853027344 3.4187021255493164062 3.3514089584350585938 3.3243594169616699219 3.3110737800598144531 3.3165736198425292969 3.3252270221710205078 3.2987940311431884766 3.2593858242034912109 3.2208099365234375 3.1810102462768554688 3.1694405078887939453 3.1896419525146484375 3.2683548927307128906 3.3704295158386230469 3.4096448421478271484 3.4032340049743652344 3.3576042652130126953 3.2874643802642822266 3.22965240478515625 3.23023223876953125 3.3343446254730224609 3.4575831890106201172 3.5057291984558105469 3.5003283023834228516 3.4543795585632324219
3.270755767822265625 3.1408555507659912109 2.4042837619781494141 2.3571102619171142578 2.3563685417175292969 2.3941581249237060547 2.4603307247161865234 2.7036626338958740234 3.2706313133239746094 4.0936536788940429688 5.2040567398071289062 5.4010796546936035156 4.5696358680725097656 4.0355844497680664062 3.6923346519470214844 3.965045928955078125 3.7016344070434570312 3.5108475685119628906 3.3873963356018066406 3.2855019569396972656 3.2068841457366943359 3.1555655002593994141 3.1074388027191162109 3.0583903789520263672 3.0372710227966308594 3.0457613468170166016 3.0796811580657958984 3.1554954051971435547 3.2667598724365234375 3.4196393489837646484 2.9562439918518066406 3.6363167762756347656 3.6072444915771484375 3.5012660026550292969 3.3852481842041015625 3.3263461589813232422 3.3657779693603515625 3.5132131576538085938 3.6429378986358642578 3.6756520271301269531 3.6640689373016357422 3.5837764739990234375
3.2346415519714355469 3.1890614032745361328 3.159702301025390625 3.1153082847595214844 2.4211220741271972656 2.3822824954986572266 2.3469099998474121094 2.4447522163391113281 2.7368562221527099609 3.1248767375946044922 3.69842529296875 4.1413373947143554688 3.9834077358245849609 3.7826247215270996094 3.6580951213836669922 3.3937590122222900391 3.0189847946166992188 2.7692167758941650391 2.625415802001953125 2.5079894065856933594 2.4224255084991455078 2.3597435951232910156 2.2994694709777832031 2.2583496570587158203 2.2519106864929199219 2.2811303138732910156 2.3696269989013671875 2.5255055427551269531 2.7201533317565917969 2.9512569904327392578 3.1987321376800537109 3.3677785396575927734 3.36531829833984375 3.2048308849334716797 3.0373964309692382812 3.5990343093872070312 3.685031890869140625 3.8609099388122558594 3.9374806880950927734 3.8730847835540771484 3.7937145233154296875 3.6582257747650146484
3.3126208782196044922 3.2771859169006347656 3.2946329116821289062 3.2570137977600097656 3.1785027980804443359 3.1071987152099609375 2.392665863037109375 2.4368112087249755859 2.6221072673797607422 2.8171968460083007812 3.0819447040557861328 3.2698233127593994141 3.1610860824584960938 3.1962137222290039062 3.4487328529357910156 3.3313622474670410156 2.9284031391143798828 2.7552530765533447266 2.7391688823699951172 2.7106058597564697266 2.6849124431610107422 2.6517701148986816406 2.6056818962097167969 2.6016643047332763672 2.6416375637054443359 2.7092585563659667969 2.8346509933471679688 2.9931704998016357422 3.1463799476623535156 3.31806182861328125 3.4989485740661621094 3.5718009471893310547 3.4626920223236083984 3.2847406864166259766 3.1923830509185791016 3.2580199241638183594 3.4416449069976806641 4.1676235198974609375 4.1489405632019042969 3.9764678478240966797 3.8202495574951171875 3.6579952239990234375
3.5364131927490234375 3.416748046875 3.4465820789337158203 3.4117028713226318359 3.3198816776275634766 3.2498028278350830078 3.1955342292785644531 3.2362735271453857422 2.7595934867858886719 2.8467736244201660156 2.8993277549743652344 2.9021267890930175781 2.7560138702392578125 2.8344607353210449219 3.2327406406402587891 3.2619230747222900391 2.9185094833374023438 2.85406494140625 3.0196413993835449219 3.1860573291778564453 3.3520562648773193359 3.4670765399932861328 3.5242147445678710938 3.6866509914398193359 3.9692871570587158203 4.2710666656494140625 4.5141310691833496094 4.4277796745300292969 4.1314411163330078125 3.9080975055694580078 3.7392857074737548828 3.5089173316955566406 3.2361748218536376953 3.1128377914428710938 3.215106964111328125 3.5005042552947998047 3.7901024818420410156 3.8668897151947021484 4.2283077239990234375 3.9464881420135498047 3.7296817302703857422 16.4723663330078125
