tests/data/reference/gistest/full/control/csheetvout_m3.asc
ncols        125
nrows        78
xllcorner    -713756.799299980048
yllcorner    -1061032.369616159936
cellsize     10.000000000000
NODATA_value  -9999
[rows 38 to 56 of 78, columns 0 to 41 of 125]
-9999 -9999 -9999 -9999 -9999 -9999 -9999 -9999 -9999 -9999 -9999 5.7977819442749023438 11.593510627746582031 8.1171102523803710938 7.6896166801452636719 4.4327540397644042969 6.27832794189453125 5.9107794761657714844 5.5832734107971191406 5.4048409461975097656 5.3628993034362792969 5.3792643547058105469 5.4827227592468261719 5.5028719902038574219 5.4725098609924316406 5.3866591453552246094 5.1998081207275390625 5.0993065834045410156 5.0394263267517089844 5.1024646759033203125 5.2424149513244628906 5.1521706581115722656 5.0850777626037597656 4.9635357856750488281 4.5973458290100097656 4.4435529708862304688 4.4420542716979980469 4.9989476203918457031 4.4411602020263671875 4.4413533210754394531 4.4418916702270507812 4.3837957382202148438
-9999 -9999 -9999 -9999 -9999 -9999 -9999 -9999 -9999 -9999 -9999 5.7974925041198730469 9.9072780609130859375 8.5731039047241210938 8.09588623046875 4.4283280372619628906 7.2868785858154296875 6.4951243400573730469 5.8977150917053222656 5.5991177558898925781 5.5123271942138671875 5.4851884841918945312 5.5609645843505859375 5.5922780036926269531 5.5518484115600585938 5.4731564521789550781 4.4398832321166992188 5.2377562522888183594 5.2934880256652832031 5.4774494171142578125 5.7905716896057128906 5.8288097381591796875 5.8429770469665527344 4.4384746551513671875 4.4420104026794433594 4.6968693733215332031 5.0949664115905761719 4.4393057823181152344 5.5770521163940429688 5.4812402725219726562 5.1613450050354003906 4.4397301673889160156
-9999 -9999 -9999 -9999 -9999 -9999 -9999 -9999 -9999 -9999 5.7975268363952636719 15.512303352355957031 10.439798355102539062 8.9337987899780273438 4.4267220497131347656 8.5683574676513671875 7.9592599868774414062 7.0878624916076660156 6.3581953048706054688 5.9319734573364257812 5.7475857734680175781 5.649394989013671875 5.653423309326171875 5.623363494873046875 5.5035910606384277344 4.4391336441040039062 5.4367308616638183594 5.4691300392150878906 5.5904521942138671875 5.8904471397399902344 6.4541325569152832031 6.5695366859436035156 4.4358568191528320312 5.580474853515625 4.8801059722900390625 4.6970000267028808594 4.9171452522277832031 5.1098031997680664062 5.2539014816284179688 4.4411344528198242188 4.4435987472534179688 4.073760986328125
-9999 -9999 -9999 -9999 -9999 -9999 -9999 -9999 -9999 -9999 5.7978940010070800781 8.6647081375122070312 9.0480861663818359375 8.8271350860595703125 4.4255232810974121094 8.3927860260009765625 8.0719079971313476562 4.4301438331604003906 6.9771142005920410156 6.4001455307006835938 6.0102128982543945312 5.8228826522827148438 5.7477350234985351562 4.4383902549743652344 4.4394001960754394531 5.402133941650390625 5.6129617691040039062 4.4378094673156738281 4.4373307228088378906 4.4356608390808105469 4.4322338104248046875 4.4324555397033691406 5.9586005210876464844 5.248935699462890625 4.7500667572021484375 4.5723071098327636719 4.6174640655517578125 4.7058773040771484375 4.4420962333679199219 4.6250696182250976562 4.1686840057373046875 3.8840799331665039062
-9999 -9999 -9999 -9999 -9999 -9999 -9999 -9999 -9999 11.59424591064453125 15.518360137939453125 7.8561282157897949219 8.2976865768432617188 4.4244813919067382812 8.7100381851196289062 8.12061309814453125 7.9613547325134277344 7.8217267990112304688 7.6102232933044433594 6.9268655776977539062 6.2349781990051269531 5.9088678359985351562 5.7517838478088378906 5.5439605712890625 5.2866687774658203125 5.3196763992309570312 5.665424346923828125 5.843357086181640625 5.8588223457336425781 6.1586813926696777344 6.846588134765625 6.5833430290222167969 5.5704264640808105469 4.9728403091430664062 4.5989966392517089844 4.4427018165588378906 4.4449124336242675781 4.5216321945190429688 4.6752614974975585938 4.4989867210388183594 4.1006054878234863281 3.9343554973602294922
-9999 -9999 -9999 -9999 -9999 -9999 -9999 -9999 5.7977490425109863281 11.593564987182617188 7.7931103706359863281 7.5258188247680664062 7.8823704719543457031 4.4256844520568847656 8.457000732421875 7.9728488922119140625 7.8618111610412597656 7.8383107185363769531 7.9065051078796386719 7.2934298515319824219 6.3771753311157226562 4.4369106292724609375 4.4377393722534179688 5.5545749664306640625 5.3244657516479492188 5.2522759437561035156 5.418792724609375 5.5741152763366699219 5.604053497314453125 5.8273997306823730469 6.3174715042114257812 6.0535731315612792969 5.251041412353515625 4.7914209365844726562 4.5306591987609863281 4.4320821762084960938 4.4623942375183105469 4.5477437973022460938 4.6893630027770996094 4.5614848136901855469 4.2318201065063476562 4.1364030838012695312
-9999 -9999 -9999 -9999 -9999 -9999 -9999 -9999 5.7973923683166503906 8.22901153564453125 8.1515817642211914062 4.4295301437377929688 7.7333197593688964844 8.0695867538452148438 8.0541315078735351562 7.8899750709533691406 7.8271646499633789062 7.7132854461669921875 7.6852159500122070312 7.1486124992370605469 6.2249631881713867188 5.7993025779724121094 5.6788315773010253906 5.5976629257202148438 5.5189576148986816406 5.3605103492736816406 5.2624220848083496094 4.4398913383483886719 5.3389410972595214844 5.4984340667724609375 5.8348212242126464844 5.6493763923645019531 5.0665183067321777344 4.7578921318054199219 4.6234297752380371094 4.5853075981140136719 4.6246705055236816406 4.6425137519836425781 4.6549000740051269531 4.5333847999572753906 4.2873568534851074219 4.1928896903991699219
-9999 -9999 -9999 -9999 -9999 -9999 -9999 -9999 3.9643561840057373047 9.160640716552734375 8.7615709304809570312 4.4264287948608398438 7.9370083808898925781 7.6430315971374511719 7.6921648979187011719 7.7135210037231445312 7.6775984764099121094 7.3861689567565917969 7.1281123161315917969 6.6524872779846191406 5.8908033370971679688 5.5020489692687988281 5.404186248779296875 5.4373822212219238281 5.5850186347961425781 4.4389529228210449219 4.4403138160705566406 5.1347680091857910156 5.2356295585632324219 5.3325943946838378906 5.4643845558166503906 5.3720097541809082031 5.0682306289672851562 4.9049324989318847656 4.8239603042602539062 4.7181200981140136719 4.5985560417175292969 4.4129285812377929688 4.2375335693359375 4.091144561767578125 3.9456980228424072266 3.8916051387786865234
-9999 -9999 -9999 -9999 -9999 -9999 -9999 5.7976222038269042969 9.5859537124633789062 8.8298463821411132812 8.4817590713500976562 4.4269537925720214844 7.7152690887451171875 7.2822475433349609375 7.2614550590515136719 7.3086185455322265625 7.4071822166442871094 7.3050718307495117188 7.1201720237731933594 6.678131103515625 5.9372415542602539062 5.5020966529846191406 5.32220458984375 5.3119287490844726562 5.4678177833557128906 5.3870949745178222656 5.0557527542114257812 5.0081419944763183594 5.2296595573425292969 5.2840380668640136719 5.1989455223083496094 5.1796169281005859375 5.1684021949768066406 5.0860614776611328125 4.9236016273498535156 4.6861324310302734375 4.4405550956726074219 4.1846222877502441406 3.9626138210296630859 3.8108508586883544922 3.6907627582550048828 3.6352515220642089844
-9999 -9999 -9999 -9999 -9999 -9999 -9999 49.5708160400390625 9.464076995849609375 8.0674180984497070312 7.5635542869567871094 4.4305500984191894531 7.1058545112609863281 6.7682213783264160156 6.6516056060791015625 6.6577291488647460938 6.9257721900939941406 7.3263354301452636719 7.5529732704162597656 7.1548814773559570312 6.3112788200378417969 4.437602996826171875 4.4389557838439941406 4.4396123886108398438 4.4395580291748046875 5.25261688232421875 4.9898438453674316406 4.964313507080078125 5.188365936279296875 5.2022814750671386719 5.0095696449279785156 4.98226165771484375 5.0418982505798339844 4.9227557182312011719 4.7131900787353515625 4.5012569427490234375 4.316165924072265625 4.1244502067565917969 3.9334738254547119141 3.8006737232208251953 3.6823287010192871094 3.5833597183227539062
-9999 -9999 -9999 -9999 -9999 -9999 5.7971405982971191406 10.217675209045410156 8.648181915283203125 4.4287061691284179688 4.4294843673706054688 7.4830598831176757812 7.167690277099609375 6.7583680152893066406 6.53290557861328125 6.4870595932006835938 6.6582727432250976562 7.0580697059631347656 7.4542894363403320312 7.1591196060180664062 6.3788690567016601562 5.8801112174987792969 5.5672945976257324219 5.3286795616149902344 5.1864652633666992188 5.0930085182189941406 4.97852325439453125 4.9523158073425292969 5.0573735237121582031 5.0599279403686523438 4.9072427749633789062 4.8633236885070800781 4.8988394737243652344 4.7852540016174316406 4.6115255355834960938 4.4577236175537109375 4.3278913497924804688 4.1688399314880371094 3.9654889106750488281 3.8230078220367431641 3.7185962200164794922 3.6142253875732421875
-9999 -9999 -9999 -9999 -9999 37.38005828857421875 25.861972808837890625 8.1595106124877929688 7.8494615554809570312 4.4261827468872070312 4.4242892265319824219 8.5526361465454101562 8.0629730224609375 7.3272256851196289062 6.8690180778503417969 6.7275691032409667969 6.6632170677185058594 6.8294377326965332031 7.1915502548217773438 6.9169507026672363281 6.2148442268371582031 5.7533268928527832031 5.4471182823181152344 5.1418242454528808594 4.8869562149047851562 4.8088693618774414062 4.8209452629089355469 4.803680419921875 4.8221197128295898438 4.8566946983337402344 4.8227210044860839844 4.7982964515686035156 4.8420844078063964844 4.835071563720703125 4.7673392295837402344 4.6673140525817871094 4.5537562370300292969 4.378841400146484375 4.1161980628967285156 3.9128859043121337891 3.7866339683532714844 3.6978657245635986328
-9999 -9999 -9999 -9999 -9999 31.591587066650390625 8.771739959716796875 7.9933543205261230469 8.2969570159912109375 8.8159418106079101562 4.4205470085144042969 9.5885982513427734375 9.079906463623046875 4.4283342361450195312 7.2090387344360351562 6.8493213653564453125 6.6316394805908203125 6.7159380912780761719 7.1012048721313476562 6.8487639427185058594 6.138614654541015625 5.5929884910583496094 5.2183165550231933594 4.8863201141357421875 4.5919976234436035156 4.4976301193237304688 4.5358777046203613281 4.5112547874450683594 4.4740724563598632812 4.5186419486999511719 4.5714349746704101562 4.5615553855895996094 4.5759830474853515625 4.6148285865783691406 4.6442160606384277344 4.6375102996826171875 4.5898737907409667969 4.476894378662109375 4.2581076622009277344 4.0297274589538574219 3.8569648265838623047 3.7807159423828125
-9999 -9999 -9999 -9999 5.7972722053527832031 25.798736572265625 9.8189706802368164062 4.422901153564453125 8.80222320556640625 4.4177560806274414062 10.746773719787597656 10.192854881286621094 9.6644487380981445312 4.4255690574645996094 7.5887026786804199219 6.9487237930297851562 6.6576533317565917969 6.6872577667236328125 7.0236301422119140625 6.8463697433471679688 6.1342287063598632812 5.3804264068603515625 4.8729596138000488281 4.5627627372741699219 4.3028922080993652344 4.1845850944519042969 4.186614990234375 4.1509823799133300781 4.0926885604858398438 4.1180300712585449219 4.1923556327819824219 4.2094235420227050781 4.2120337486267089844 4.2373943328857421875 4.2954578399658203125 4.3681521415710449219 4.412548065185546875 4.4194660186767578125 4.3402400016784667969 4.1404318809509277344 3.9215896129608154297 3.8566226959228515625
-9999 -9999 -9999 -9999 5.796825408935546875 12.138352394104003906 8.7900524139404296875 4.4152369499206542969 4.4089536666870117188 8.7738332748413085938 8.782444000244140625 11.784078598022460938 10.887810707092285156 4.4212164878845214844 8.1611528396606445312 7.2258148193359375 6.89402008056640625 6.8204584121704101562 7.0437064170837402344 7.0877685546875 6.5875420570373535156 4.4379448890686035156 5.0345892906188964844 4.6431336402893066406 4.3410687446594238281 4.1478438377380371094 4.0825352668762207031 4.0329122543334960938 3.9725656509399414062 3.9901096820831298828 4.0791654586791992188 4.1296296119689941406 4.1400837898254394531 4.1327776908874511719 4.1424999237060546875 4.1857933998107910156 4.2216348648071289062 4.2736105918884277344 4.316741943359375 4.1850285530090332031 3.9416019916534423828 3.8667380809783935547
-9999 -9999 -9999 82.7066192626953125 3.9322121143341064453 8.7877511978149414062 8.7673273086547851562 4.40105438232421875 4.3946747779846191406 4.3998723030090332031 4.3913064002990722656 16.536954879760742188 13.115180015563964844 4.4132142066955566406 8.7995862960815429688 7.8200283050537109375 7.3872699737548828125 7.0750117301940917969 7.1043038368225097656 7.5697827339172363281 7.7427411079406738281 4.4324154853820800781 5.9734239578247070312 5.293827056884765625 4.809131622314453125 4.4230923652648925781 4.2176241874694824219 4.1319608688354492188 4.0737557411193847656 4.090839385986328125 4.2028479576110839844 4.304218292236328125 4.3394174575805664062 4.2735886573791503906 4.1724343299865722656 4.1131901741027832031 4.0710387229919433594 4.089206695556640625 4.1772141456604003906 4.1406531333923339844 3.9392855167388916016 3.8375804424285888672
-9999 -9999 -9999 76.9611358642578125 8.7996416091918945312 4.4146480560302734375 4.4021830558776855469 4.3872866630554199219 4.4014825820922851562 8.7691717147827148438 13.055267333984375 4.3942828178405761719 8.7614078521728515625 4.4041657447814941406 8.7883930206298828125 8.814350128173828125 8.5167865753173828125 7.9716644287109375 7.6594605445861816406 8.41101837158203125 9.8264284133911132812 4.4234485626220703125 7.5962271690368652344 6.4326276779174804688 5.7160449028015136719 5.0797433853149414062 4.6412906646728515625 4.4256587028503417969 4.3077840805053710938 4.2821893692016601562 4.3666324615478515625 4.4880890846252441406 4.5731844902038574219 4.4904527664184570312 4.3170933723449707031 4.1946353912353515625 4.104694366455078125 4.0833849906921386719 4.1394720077514648438 4.1187071800231933594 3.9804880619049072266 3.8825514316558837891
-9999 -9999 5.79447174072265625 51.375423431396484375 12.330075263977050781 4.41119384765625 4.3710703849792480469 4.4049181938171386719 4.4046616554260253906 -9999 -9999 -9999 4.3932790756225585938 4.3992390632629394531 4.4145517349243164062 4.4195909500122070312 4.4198551177978515625 4.4219584465026855469 4.4252972602844238281 4.4218225479125976562 4.4057030677795410156 4.4006533622741699219 4.4166822433471679688 8.719295501708984375 7.6006255149841308594 6.57889556884765625 5.6575560569763183594 5.0969815254211425781 4.7708964347839355469 4.6226592063903808594 4.6148676872253417969 4.7021942138671875 4.8339781761169433594 4.7773394584655761719 4.5710010528564453125 4.4138598442077636719 4.2955007553100585938 4.2483911514282226562 4.256397247314453125 4.1677870750427246094 4.0269927978515625 3.9560117721557617188
-9999 -9999 25.677532196044921875 15.882669448852539062 4.4108681678771972656 4.3983159065246582031 4.40008544921875 -9999 -9999 -9999 -9999 -9999 -9999 4.40358734130859375 4.4119853973388671875 8.8016986846923828125 11.280867576599121094 4.4198436737060546875 8.8195123672485351562 10.576371192932128906 17.27225494384765625 4.3919000625610351562 4.3939113616943359375 4.4082875251770019531 4.4196524620056152344 8.562015533447265625 7.1311521530151367188 6.1464605331420898438 5.5154805183410644531 5.2083940505981445312 5.0818281173706054688 5.072238922119140625 5.1761522293090820312 5.0916037559509277344 4.8184185028076171875 4.6123800277709960938 4.4575200080871582031 4.3984370231628417969 4.4160332679748535156 4.2728672027587890625 4.0494356155395507812 3.9601542949676513672
