tests/data/reference/gistest/full/control/csheetvout_m3.asc
ncols        125
nrows        78
xllcorner    -713756.799299980048
yllcorner    -1061032.369616159936
cellsize     10.000000000000
NODATA_value  -9999
[rows 57 to 75 of 78, columns 42 to 83 of 125]
3.9508106708526611328 3.9525401592254638672 3.9507992267608642578 3.8621439933776855469 3.7056660652160644531 3.6139209270477294922 3.5846583843231201172 3.6178641319274902344 3.6974749565124511719 3.6030697822570800781 3.4089720249176025391 3.4326269626617431641 3.5944154262542724609 3.6756649017333984375 3.8027405738830566406 3.9454567432403564453 3.9983513355255126953 3.9545772075653076172 3.8279995918273925781 3.7668278217315673828 3.7583539485931396484 3.6697721481323242188 3.5280170440673828125 3.5484638214111328125 3.7525718212127685547 3.8029894828796386719 3.6554467678070068359 3.5286722183227539062 3.4249577522277832031 3.3237328529357910156 3.2230441570281982422 3.2234921455383300781 3.3425631523132324219 3.3006451129913330078 3.0895340442657470703 13.269244194030761719 12.221899032592773438 2.6270327568054199219 2.6315567493438720703 2.6606605052947998047 2.7113695144653320312 2.66812896728515625
3.9947311878204345703 4.0105848312377929688 4.0358061790466308594 3.9730603694915771484 3.8299069404602050781 3.7250311374664306641 3.6631989479064941406 3.6790552139282226562 3.7686321735382080078 3.6334276199340820312 3.3287250995635986328 3.365657806396484375 3.7026479244232177734 3.7821302413940429688 3.7452270984649658203 3.8192660808563232422 3.9043192863464355469 3.8871288299560546875 3.7648007869720458984 3.6984059810638427734 3.7034163475036621094 3.6557085514068603516 3.5420718193054199219 3.5230741500854492188 3.6356911659240722656 3.664867401123046875 3.5576124191284179688 3.4399039745330810547 3.3297021389007568359 3.2326807975769042969 3.1464524269104003906 3.1016457080841064453 3.1035890579223632812 3.0614171028137207031 2.9636750221252441406 13.035143852233886719 12.160879135131835938 2.6538126468658447266 2.7106585502624511719 2.7618405818939208984 2.8075661659240722656 2.7172172069549560547
4.0905041694641113281 4.0935416221618652344 4.1308908462524414062 4.1265621185302734375 4.0562834739685058594 3.9988512992858886719 3.9449226856231689453 3.9244256019592285156 3.9916515350341796875 3.7991492748260498047 3.3699755668640136719 3.4034585952758789062 3.9132943153381347656 4.0467333793640136719 3.8606698513031005859 3.8334603309631347656 3.9017193317413330078 3.9035124778747558594 3.8123378753662109375 3.7201242446899414062 3.6725475788116455078 3.6450810432434082031 3.5934760570526123047 3.5498936176300048828 3.5697574615478515625 3.5785806179046630859 3.5207316875457763672 3.4196140766143798828 3.2972440719604492188 3.1803874969482421875 3.0768463611602783203 3.0145061016082763672 2.9760227203369140625 2.9006061553955078125 2.8068890571594238281 12.589052200317382812 2.6325440406799316406 2.6391153335571289062 2.7298126220703125 2.7964596748352050781 2.8030049800872802734 2.7087254524230957031
4.2814917564392089844 4.2223639488220214844 4.1917262077331542969 4.1759891510009765625 4.1681523323059082031 4.1970295906066894531 4.2502546310424804688 4.1953411102294921875 4.1449909210205078125 3.8937678337097167969 3.4553089141845703125 3.5205535888671875 4.1631855964660644531 4.3557810783386230469 4.0293207168579101562 3.8994839191436767578 3.9194114208221435547 3.9391341209411621094 3.9190590381622314453 3.8057346343994140625 3.6698851585388183594 3.6296052932739257812 3.6348114013671875 3.5757660865783691406 3.5049195289611816406 3.4766445159912109375 3.4527373313903808594 3.3789014816284179688 3.27230072021484375 3.1579830646514892578 3.0412719249725341797 2.9905717372894287109 2.9852495193481445312 2.8878829479217529297 2.7389984130859375 8.4774503707885742188 2.5967233180999755859 2.6267952919006347656 2.7826597690582275391 2.8086652755737304688 2.7853128910064697266 2.7184584140777587891
4.64415740966796875 4.4812626838684082031 4.2709860801696777344 4.2018957138061523438 4.2081933021545410156 4.3191914558410644531 4.4437050819396972656 4.4393815994262695312 4.1737895011901855469 3.9062597751617431641 3.5771126747131347656 3.6994996070861816406 4.4086995124816894531 4.708606719970703125 4.2780084609985351562 4.048015594482421875 3.980838775634765625 4.0006694793701171875 4.0645718574523925781 3.9479968547821044922 3.7244303226470947266 3.6373467445373535156 3.6519463062286376953 3.5900788307189941406 3.4662990570068359375 3.3883821964263916016 3.3526616096496582031 3.2880692481994628906 3.2012746334075927734 3.1177561283111572266 3.0200574398040771484 3.0016775131225585938 3.0594377517700195312 2.9704642295837402344 2.7743248939514160156 14.716694831848144531 2.7820587158203125 2.7554373741149902344 2.8354644775390625 2.8463265895843505859 2.8272566795349121094 2.7786149978637695312
5.0802073478698730469 4.8713297843933105469 4.4868173599243164062 4.3193144798278808594 4.3059010505676269531 4.4666447639465332031 4.8481917381286621094 4.4428343772888183594 4.1517887115478515625 3.8714537620544433594 3.7291059494018554688 3.9123568534851074219 4.6073870658874511719 4.4417357444763183594 4.443599700927734375 4.2756609916687011719 4.1251516342163085938 4.1353015899658203125 4.2875041961669921875 4.1947927474975585938 3.9205610752105712891 3.7912750244140625 3.7805094718933105469 3.7009155750274658203 3.5507986545562744141 3.4250667095184326172 3.3450253009796142578 3.2533919811248779297 3.13829803466796875 3.0543842315673828125 2.9852826595306396484 2.9900336265563964844 3.0799410343170166016 3.0154504776000976562 2.8161938190460205078 32.45783233642578125 2.8529963493347167969 2.8193290233612060547 2.8235144615173339844 2.8713741302490234375 2.8628263473510742188 2.8405103683471679688
4.4404516220092773438 4.4413218498229980469 4.4435482025146484375 4.3719434738159179688 4.3882122039794921875 4.5816097259521484375 5.02130126953125 4.798313140869140625 4.1080479621887207031 3.8925657272338867188 3.9708628654479980469 4.1882729530334472656 4.6606144905090332031 4.9104447364807128906 4.7328143119812011719 4.540843963623046875 4.3568525314331054688 4.3632073402404785156 4.4435067176818847656 4.4437079429626464844 4.2490987777709960938 4.1056656837463378906 4.0701651573181152344 3.9550290107727050781 3.7719273567199707031 3.5755388736724853516 3.4108028411865234375 3.2665235996246337891 3.1071760654449462891 3.0097343921661376953 2.9592783451080322266 2.9703211784362792969 3.0542495250701904297 3.0265600681304931641 2.8836572170257568359 36.8823089599609375 2.9170222282409667969 2.8529348373413085938 2.8451342582702636719 2.8554832935333251953 2.8641729354858398438 2.8746876716613769531
-9999 -9999 -9999 4.2741837501525878906 4.3627758026123046875 4.5851297378540039062 4.9146018028259277344 4.4429135322570800781 4.0706181526184082031 3.9822285175323486328 4.3273673057556152344 4.5878343582153320312 4.7261652946472167969 4.8048043251037597656 4.76904296875 4.693508148193359375 4.5844101905822753906 4.6146330833435058594 4.8063097000122070312 4.808650970458984375 4.4433493614196777344 4.4265947341918945312 4.4119138717651367188 4.279460906982421875 4.0868206024169921875 3.8067672252655029297 3.5032231807708740234 3.2793519496917724609 3.091175079345703125 2.9896419048309326172 2.9570705890655517578 2.9642999172210693359 3.0175416469573974609 3.0145578384399414062 2.9472715854644775391 41.2964935302734375 2.9471070766448974609 2.8277492523193359375 2.7478492259979248047 2.7393107414245605469 2.7892289161682128906 2.8438775539398193359
-9999 -9999 -9999 -9999 -9999 -9999 -9999 -9999 -9999 4.0532727241516113281 4.6793718338012695312 5.0468678474426269531 4.8509078025817871094 4.7273602485656738281 4.6789999008178710938 4.6733412742614746094 4.7179012298583984375 4.8006348609924316406 4.9189534187316894531 4.9783396720886230469 4.9643983840942382812 4.8915362358093261719 4.4424109458923339844 4.4432954788208007812 4.3780932426452636719 4.0341086387634277344 3.6116716861724853516 3.3156280517578125 3.1007816791534423828 3.0024106502532958984 2.9916274547576904297 3.007671356201171875 3.0472562313079833984 3.0172851085662841797 2.9416272640228271484 150.5559844970703125 2.9365458488464355469 2.7801463603973388672 2.6452162265777587891 2.6196818351745605469 2.6908736228942871094 2.776691436767578125
-9999 -9999 -9999 -9999 -9999 -9999 -9999 -9999 -9999 -9999 4.441707611083984375 4.4396886825561523438 4.9167418479919433594 4.6460528373718261719 4.5042877197265625 4.5131773948669433594 4.7014498710632324219 4.82916259765625 4.8474011421203613281 4.974781036376953125 5.2812647819519042969 5.3658576011657714844 5.1470861434936523438 4.8344168663024902344 4.4948811531066894531 4.0873327255249023438 3.6667511463165283203 3.3636331558227539062 3.1347272396087646484 3.0461020469665527344 3.0649471282958984375 3.1124870777130126953 3.1842339038848876953 3.1087491512298583984 2.9447963237762451172 10.261567115783691406 2.9392712116241455078 2.7618019580841064453 2.5847918987274169922 2.5346770286560058594 2.5914855003356933594 2.6833612918853759766
-9999 -9999 -9999 -9999 -9999 -9999 -9999 -9999 -9999 -9999 -9999 -9999 -9999 -9999 -9999 -9999 -9999 -9999 4.4429960250854492188 4.4421863555908203125 4.4397568702697753906 4.438594818115234375 4.4396347999572753906 4.9057488441467285156 4.3845977783203125 3.9916274547576904297 3.6986792087554931641 3.4395182132720947266 3.1990978717803955078 3.1197385787963867188 3.1695156097412109375 3.2425098419189453125 3.3454296588897705078 3.2384483814239501953 2.9783680438995361328 13.137294769287109375 2.8299171924591064453 2.7134633064270019531 2.5324909687042236328 2.4667346477508544922 2.4946582317352294922 2.5767986774444580078
-9999 -9999 -9999 -9999 -9999 -9999 -9999 -9999 -9999 -9999 -9999 -9999 -9999 -9999 -9999 -9999 -9999 -9999 -9999 -9999 -9999 5.3670978546142578125 5.2365865707397460938 4.4423475265502929688 4.1701192855834960938 3.8504481315612792969 3.7278249263763427734 3.5392343997955322266 3.2869203090667724609 3.2167668342590332031 3.3017952442169189453 3.3782572746276855469 3.4513013362884521484 3.2981350421905517578 2.9874303340911865234 13.187835693359375 2.8820273876190185547 2.7696335315704345703 2.5585711002349853516 2.4530968666076660156 2.4266860485076904297 2.4808735847473144531
-9999 -9999 -9999 -9999 -9999 -9999 -9999 -9999 -9999 -9999 -9999 -9999 -9999 -9999 -9999 -9999 -9999 -9999 -9999 -9999 -9999 -9999 -9999 4.5283856391906738281 3.9709930419921875 3.7357344627380371094 3.7576117515563964844 3.6375899314880371094 3.3722603321075439453 3.3140311241149902344 3.4459719657897949219 3.51702880859375 3.5183091163635253906 3.3279898166656494141 13.884743690490722656 2.8948855400085449219 2.92232513427734375 2.8133730888366699219 2.6055290699005126953 2.4761471748352050781 2.4041221141815185547 2.4235832691192626953
-9999 -9999 -9999 -9999 -9999 -9999 -9999 -9999 -9999 -9999 -9999 -9999 -9999 -9999 -9999 -9999 -9999 -9999 -9999 -9999 -9999 -9999 -9999 -9999 3.8406751155853271484 3.690845489501953125 3.7874197959899902344 3.7006120681762695312 3.4478719234466552734 3.4101216793060302734 3.5804858207702636719 3.6314995288848876953 3.5480725765228271484 3.3467071056365966797 14.168340682983398438 2.9506561756134033203 2.9343297481536865234 -9999 -9999 -9999 -9999 -9999
-9999 -9999 -9999 -9999 -9999 -9999 -9999 -9999 -9999 -9999 -9999 -9999 -9999 -9999 -9999 -9999 -9999 -9999 -9999 -9999 -9999 -9999 -9999 -9999 -9999 -9999 3.788623809814453125 3.7103543281555175781 3.5263407230377197266 3.5260758399963378906 3.6808495521545410156 3.6769146919250488281 3.5230715274810791016 3.3300530910491943359 32.42482757568359375 -9999 -9999 -9999 -9999 -9999 -9999 -9999
-9999 -9999 -9999 -9999 -9999 -9999 -9999 -9999 -9999 -9999 -9999 -9999 -9999 -9999 -9999 -9999 -9999 -9999 -9999 -9999 -9999 -9999 -9999 -9999 -9999 -9999 -9999 3.6765863895416259766 3.6291527748107910156 3.6626412868499755859 3.7416319847106933594 3.6562473773956298828 3.4501793384552001953 3.2698380947113037109 -9999 -9999 -9999 -9999 -9999 -9999 -9999 -9999
-9999 -9999 -9999 -9999 -9999 -9999 -9999 -9999 -9999 -9999 -9999 -9999 -9999 -9999 -9999 -9999 -9999 -9999 -9999 -9999 -9999 -9999 -9999 -9999 -9999 -9999 -9999 -9999 3.7530219554901123047 3.8117992877960205078 3.7826724052429199219 3.6059298515319824219 3.3407714366912841797 3.1651732921600341797 -9999 -9999 -9999 -9999 -9999 -9999 -9999 -9999
-9999 -9999 -9999 -9999 -9999 -9999 -9999 -9999 -9999 -9999 -9999 -9999 -9999 -9999 -9999 -9999 -9999 -9999 -9999 -9999 -9999 -9999 -9999 -9999 -9999 -9999 -9999 -9999 -9999 3.9558153152465820312 3.8117372989654541016 3.54819488525390625 3.2406058311462402344 14.156778335571289062 -9999 -9999 -9999 -9999 -9999 -9999 -9999 -9999
-9999 -9999 -9999 -9999 -9999 -9999 -9999 -9999 -9999 -9999 -9999 -9999 -9999 -9999 -9999 -9999 -9999 -9999 -9999 -9999 -9999 -9999 -9999 -9999 -9999 -9999 -9999 -9999 -9999 -9999 3.7945659160614013672 3.4920790195465087891 3.2126686573028564453 -9999 -9999 -9999 -9999 -9999 -9999 -9999 -9999 -9999
