tests/data/reference/gistest/full/control/csheetvout_m3.asc
ncols        125
nrows        78
xllcorner    -713756.799299980048
yllcorner    -1061032.369616159936
cellsize     10.000000000000
NODATA_value  -9999
[rows 18 to 35 of 78, columns 0 to 40 of 125]
-9999 -9999 -9999 -9999 -9999 -9999 -9999 -9999 -9999 -9999 -9999 -9999 -9999 -9999 -9999 -9999 -9999 -9999 0.43997269868850708008 0.43112358450889587402 0.43421626091003417969 0.45314648747444152832 0.51612627506256103516 0.48270791769027709961 0.45035204291343688965 2.0180151462554931641 1.2106651067733764648 0.55002593994140625 0.59765017032623291016 0.44134277105331420898 0.56339687108993530273 0.39491090178489685059 0.35898169875144958496 0.34209913015365600586 0.65495789051055908203 0.34155607223510742188 0.35221955180168151855 0.37631946802139282227 0.36637830734252929688 0.37763696908950805664 0.38073709607124328613
-9999 -9999 -9999 -9999 -9999 -9999 -9999 -9999 -9999 -9999 -9999 -9999 -9999 -9999 -9999 -9999 -9999 0.48135268688201904297 0.45946854352951049805 0.45194140076637268066 0.48175284266471862793 0.61058366298675537109 0.49803122878074645996 0.4616050422191619873 0.39887940883636474609 1.6357425451278686523 2.4757077693939208984 0.61243617534637451172 0.5724086761474609375 0.43021038174629211426 0.52167564630508422852 0.37494233250617980957 0.35089391469955444336 0.34154042601585388184 0.62360036373138427734 0.34291097521781921387 0.34682095050811767578 0.37064892053604125977 0.34907409548759460449 0.37106499075889587402 0.37857452034950256348
-9999 -9999 -9999 -9999 -9999 -9999 -9999 -9999 -9999 -9999 -9999 -9999 -9999 -9999 -9999 -9999 0.52846008539199829102 0.50559848546981811523 0.48309555649757385254 0.49019157886505126953 0.65328943729400634766 0.59427654743194580078 0.52132886648178100586 0.45544907450675964355 1.099766850471496582 3.2754960060119628906 0.6906369328498840332 0.69459044933319091797 0.60829740762710571289 0.42423725128173828125 0.48677584528923034668 0.36423835158348083496 0.34846401214599609375 0.34332269430160522461 0.59863924980163574219 0.34321373701095581055 0.34821164608001708984 0.3921960294246673584 0.35442298650741577148 0.38283929228782653809 0.38047447800636291504
-9999 -9999 -9999 -9999 -9999 -9999 -9999 -9999 -9999 -9999 -9999 -9999 -9999 -9999 -9999 -9999 0.59203261137008666992 0.59850853681564331055 0.6346423029899597168 0.87165963649749755859 0.6291363835334777832 0.52493864297866821289 0.52941203117370605469 0.5864531397819519043 2.15993499755859375 0.65929406881332397461 0.89458262920379638672 0.78178548812866210938 0.58064752817153930664 0.412899017333984375 0.44059586524963378906 0.36084422469139099121 0.35184219479560852051 0.34655684232711791992 0.56749445199966430664 0.34307762980461120605 0.36202147603034973145 0.45187339186668395996 0.38614711165428161621 0.41530022025108337402 0.38608071208000183105
-9999 -9999 -9999 -9999 -9999 -9999 -9999 -9999 -9999 -9999 -9999 -9999 -9999 -9999 -9999 -9999 0.70580315589904785156 0.75185513496398925781 0.99315512180328369141 1.5532348155975341797 0.52075523138046264648 0.52234083414077758789 0.1119340062141418457 1.6292532682418823242 2.1438620090484619141 0.61677974462509155273 0.98440861701965332031 0.78382408618927001953 0.53426915407180786133 0.40041527152061462402 0.40599074959754943848 0.36163952946662902832 0.35215982794761657715 0.34862092137336730957 0.35876584053039550781 0.34520778059959411621 0.38658288121223449707 0.49022248387336730957 0.34383440017700195312 0.41550630331039428711 0.3815993964672088623
-9999 -9999 -9999 -9999 -9999 -9999 -9999 -9999 -9999 -9999 -9999 -9999 -9999 -9999 -9999 0.50889784097671508789 1.0196363925933837891 1.0560648441314697266 1.2907807826995849609 0.51515924930572509766 0.46144008636474609375 0.10782431066036224365 1.6221845149993896484 0.20416326820850372314 0.58267259597778320312 0.52622723579406738281 0.83400607109069824219 0.64808434247970581055 0.41120386123657226562 0.39274260401725769043 0.39731141924858093262 0.36420038342475891113 0.35228276252746582031 0.34670144319534301758 0.35004732012748718262 0.36394289135932922363 0.43162059783935546875 0.50612545013427734375 0.33028841018676757812 0.40740674734115600586 0.37062147259712219238
-9999 -9999 -9999 -9999 -9999 -9999 -9999 -9999 -9999 -9999 -9999 -9999 -9999 -9999 -9999 0.95535588264465332031 3.80368804931640625 1.7660930156707763672 0.62541472911834716797 0.51340621709823608398 0.52845990657806396484 1.561267852783203125 2.8297281265258789062 0.39500689506530761719 0.44492676854133605957 0.47735837101936340332 0.74899387359619140625 0.61130744218826293945 0.37132057547569274902 0.33281275629997253418 0.32320356369018554688 0.37994647026062011719 0.3540458977222442627 0.35099506378173828125 0.35481792688369750977 0.3852475583553314209 0.48527103662490844727 0.52754396200180053711 0.32517197728157043457 0.41166722774505615234 0.36808249354362487793
-9999 -9999 -9999 -9999 -9999 -9999 -9999 -9999 -9999 -9999 -9999 -9999 -9999 -9999 -9999 6.98371124267578125 1.0011703968048095703 0.52016359567642211914 0.51998752355575561523 0.51881706714630126953 0.11718033254146575928 1.745492100715637207 0.54964029788970947266 0.61685091257095336914 0.39498928189277648926 0.36455202102661132812 0.35658347606658935547 0.60490286350250244141 0.34435230493545532227 0.3171303868293762207 0.31345367431640625 0.31120169162750244141 0.32442495226860046387 0.3073730170726776123 0.36972403526306152344 0.3738911747932434082 0.44086802005767822266 0.3428726494312286377 0.52947604656219482422 0.32471776008605957031 0.43954455852508544922
-9999 -9999 -9999 -9999 -9999 -9999 -9999 -9999 -9999 -9999 -9999 -9999 -9999 0.52682381868362426758 0.51510655879974365234 1.4774763584136962891 0.80284529924392700195 0.5209452509880065918 0.48058032989501953125 0.10797854512929916382 1.6186544895172119141 1.6833338737487792969 0.60778826475143432617 0.53721123933792114258 0.52862924337387084961 0.38873305916786193848 0.36759635806083679199 0.51682561635971069336 0.38940435647964477539 0.34068140387535095215 0.32825043797492980957 0.32343086600303649902 0.31886914372444152832 0.39263802766799926758 0.34111931920051574707 0.34092125296592712402 0.36791497468948364258 0.44182431697845458984 0.33074995875358581543 0.55452382564544677734 0.32701826095581054688
-9999 -9999 -9999 -9999 -9999 -9999 -9999 -9999 -9999 -9999 -9999 -9999 -9999 -9999 0.52549278736114501953 0.87602591514587402344 0.84142845869064331055 0.49603867530822753906 0.10035491734743118286 1.6807260513305664062 1.8229558467864990234 0.47143411636352539062 0.49835115671157836914 0.58553463220596313477 0.54399251937866210938 0.55605602264404296875 0.5001513361930847168 0.48616477847099304199 0.73349994421005249023 0.53780472278594970703 0.3765862584114074707 0.34421837329864501953 0.3385753333568572998 0.35182228684425354004 0.51805806159973144531 0.3569075167179107666 0.31420660018920898438 0.28845411539077758789 0.37721031904220581055 0.32891947031021118164 0.57189357280731201172
-9999 -9999 -9999 -9999 -9999 -9999 -9999 -9999 -9999 -9999 -9999 -9999 -9999 -9999 -9999 -9999 0.50965958833694458008 0.071205906569957733154 1.0997600555419921875 2.1993787288665771484 0.72239464521408081055 0.65355151891708374023 0.59560441970825195312 0.5448907017707824707 0.50384068489074707031 0.47189670801162719727 0.44345143437385559082 0.44840276241302490234 0.5300185084342956543 0.60709470510482788086 0.64277160167694091797 0.41035580635070800781 0.38634631037712097168 0.39470189809799194336 0.40246102213859558105 0.58046513795852661133 0.32233330607414245605 0.30195328593254089355 0.30353915691375732422 0.41581198573112487793 0.28277134895324707031
-9999 -9999 -9999 -9999 -9999 -9999 -9999 -9999 -9999 -9999 -9999 -9999 -9999 -9999 -9999 -9999 -9999 0.097377374768257141113 1.2683204412460327148 0.71612280607223510742 0.62730056047439575195 0.58261525630950927734 0.57030951976776123047 0.54280304908752441406 0.50129783153533935547 0.46341174840927124023 0.4274819791316986084 0.43206819891929626465 0.48248898983001708984 0.51458519697189331055 0.60524922609329223633 0.62904340028762817383 0.6317901611328125 0.44469362497329711914 0.43280765414237976074 0.40368533134460449219 0.59091514348983764648 0.44912549853324890137 0.44349616765975952148 0.33596652746200561523 0.44354623556137084961
-9999 -9999 -9999 -9999 -9999 -9999 -9999 -9999 -9999 -9999 -9999 -9999 -9999 -9999 -9999 -9999 -9999 1.0996685028076171875 1.1568099260330200195 0.57453078031539916992 0.55947947502136230469 0.55985224246978759766 0.86058968305587768555 0.88892167806625366211 0.86562073230743408203 0.84607905149459838867 0.82669651508331298828 0.85612350702285766602 0.94368630647659301758 0.97239720821380615234 0.93320006132125854492 0.96402949094772338867 1.0613676309585571289 0.71459686756134033203 0.78997468948364257812 0.78899055719375610352 0.71737509965896606445 0.68300318717956542969 0.66737073659896850586 0.60894256830215454102 0.55534929037094116211
-9999 -9999 -9999 -9999 -9999 -9999 -9999 -9999 -9999 -9999 -9999 -9999 -9999 -9999 -9999 -9999 1.0996690988540649414 1.1474264860153198242 0.57558494806289672852 0.73194181919097900391 0.71930956840515136719 0.7997798919677734375 0.57834553718566894531 0.58283370733261108398 0.5787951350212097168 0.62272441387176513672 0.60688680410385131836 0.60472369194030761719 0.65574133396148681641 0.68419682979583740234 0.67636984586715698242 0.70812338590621948242 0.79107713699340820312 0.91114985942840576172 1.1046388149261474609 1.1729111671447753906 1.0757623910903930664 0.63621824979782104492 0.58208000659942626953 0.53396695852279663086 0.47873225808143615723
-9999 -9999 -9999 -9999 -9999 -9999 -9999 -9999 -9999 -9999 -9999 -9999 -9999 -9999 -9999 1.0996259450912475586 2.1990156173706054688 0.77555924654006958008 0.75992238521575927734 0.891880035400390625 1.4816948175430297852 0.56694000959396362305 0.53966450691223144531 0.53165215253829956055 0.50239914655685424805 0.52108591794967651367 0.48264217376708984375 0.99430364370346069336 0.48964706063270568848 0.46361148357391357422 0.38666746020317077637 0.39425170421600341797 0.5191466212272644043 0.56083893775939941406 0.65798908472061157227 0.71135300397872924805 0.6064789891242980957 0.40710788965225219727 0.35369932651519775391 0.32233458757400512695 0.28103977441787719727
-9999 -9999 -9999 -9999 -9999 -9999 -9999 -9999 -9999 -9999 -9999 -9999 -9999 -9999 -9999 1.0996580123901367188 3.4014360904693603516 0.57001465559005737305 0.71257883310317993164 1.349956512451171875 0.57983130216598510742 0.5837529301643371582 0.58394002914428710938 0.53120934963226318359 0.54399800300598144531 0.49557638168334960938 1.1526840925216674805 0.52101999521255493164 0.46193787455558776855 0.45840865373611450195 0.47963416576385498047 0.49385234713554382324 0.42941048741340637207 0.46331098675727844238 0.49496370553970336914 0.47768676280975341797 0.41148141026496887207 0.39941656589508056641 0.39622864127159118652 0.36578246951103210449 0.34006577730178833008
-9999 -9999 -9999 -9999 -9999 -9999 -9999 -9999 -9999 -9999 -9999 -9999 -9999 -9999 2.1989572048187255859 3.8603599071502685547 0.57146596908569335938 0.64148300886154174805 1.2029824256896972656 0.53021186590194702148 0.54889845848083496094 0.58067077398300170898 0.59476768970489501953 0.5906537175178527832 0.51170271635055541992 1.1199697256088256836 0.53584742546081542969 0.50457006692886352539 0.47062832117080688477 0.42755180597305297852 0.39418387413024902344 0.39153823256492614746 0.41368317604064941406 0.43132126331329345703 0.4134076237678527832 0.38689818978309631348 0.37640705704689025879 0.38073199987411499023 0.36647531390190124512 0.3529224693775177002 0.33704987168312072754
-9999 -9999 -9999 -9999 -9999 -9999 -9999 -9999 -9999 -9999 -9999 -9999 -9999 1.0996154546737670898 3.2978518009185791016 0.56679576635360717773 0.61669468879699707031 1.169747471809387207 0.52027857303619384766 0.52055752277374267578 0.54059863090515136719 0.57093042135238647461 0.60565853118896484375 0.54253375530242919922 1.158856511116027832 0.56966584920883178711 0.54320508241653442383 0.76447248458862304688 0.45452952384948730469 0.39355245232582092285 0.38203826546669006348 0.38502323627471923828 0.39551526308059692383 0.38127687573432922363 0.37302669882774353027 0.37922057509422302246 0.38247084617614746094 0.36916077136993408203 0.3584206998348236084 0.34355595707893371582 0.33112916350364685059
