tests/data/reference/gistest/full/control/csheetvout_m3.asc
ncols        125
nrows        78
xllcorner    -713756.799299980048
yllcorner    -1061032.369616159936
cellsize     10.000000000000
NODATA_value  -9999
[rows 19 to 37 of 78, columns 0 to 41 of 125]
-9999 -9999 -9999 -9999 -9999 -9999 -9999 -9999 -9999 -9999 -9999 -9999 -9999 -9999 -9999 -9999 -9999 4.4655032157897949219 5.0180988311767578125 4.9223003387451171875 5.2402210235595703125 5.782543182373046875 5.46768951416015625 4.4666562080383300781 4.3108067512512207031 10.266203880310058594 18.95452880859375 4.7525229454040527344 4.94765472412109375 4.4685053825378417969 4.456729888916015625 4.0452513694763183594 3.7695450782775878906 3.6651208400726318359 3.6678233146667480469 3.6803798675537109375 3.6727073192596435547 3.6437268257141113281 3.5958614349365234375 3.5331108570098876953 3.4701061248779296875 3.4295971393585205078
-9999 -9999 -9999 -9999 -9999 -9999 -9999 -9999 -9999 -9999 -9999 -9999 -9999 -9999 -9999 -9999 4.6303424835205078125 5.5530347824096679688 5.2810616493225097656 5.3420834541320800781 5.9830317497253417969 6.5584979057312011719 4.4611468315124511719 4.9737119674682617188 5.7989368438720703125 20.535627365112304688 4.6117467880249023438 5.2257480621337890625 5.0892663002014160156 4.6110172271728515625 4.22095489501953125 3.9169790744781494141 3.7417597770690917969 3.6808733940124511719 3.6889102458953857422 3.6824183464050292969 3.6533815860748291016 3.6151311397552490234 3.5635929107666015625 3.5028860569000244141 3.4467947483062744141 3.4062571525573730469
-9999 -9999 -9999 -9999 -9999 -9999 -9999 -9999 -9999 -9999 -9999 -9999 -9999 -9999 -9999 -9999 6.573680877685546875 6.6251063346862792969 7.0132379531860351562 7.8030195236206054688 6.9365072250366210938 4.6246361732482910156 4.6282744407653808594 8.471698760986328125 14.734693527221679688 5.1520986557006835938 5.5430755615234375 5.6592631340026855469 5.0826959609985351562 4.4780945777893066406 4.0886044502258300781 3.8819978237152099609 3.7677562236785888672 3.7110314369201660156 3.6957309246063232422 3.6784722805023193359 3.7093527317047119141 3.7569670677185058594 3.7056751251220703125 3.5843293666839599609 3.4777355194091796875 3.4034719467163085938
-9999 -9999 -9999 -9999 -9999 -9999 -9999 -9999 -9999 -9999 -9999 -9999 -9999 -9999 -9999 -9999 7.8855199813842773438 8.3877897262573242188 10.9173431396484375 13.48822784423828125 4.6212210655212402344 4.6225171089172363281 4.202362060546875 10.427359580993652344 22.5048370361328125 5.2852544784545898438 5.7106146812438964844 5.406276702880859375 4.8094244003295898438 4.3341927528381347656 4.0438780784606933594 3.8908464908599853516 3.7838430404663085938 3.7222204208374023438 3.7037742137908935547 3.6973710060119628906 3.7546308040618896484 3.7957136631011962891 3.6887180805206298828 3.55435943603515625 3.4682912826538085938 3.4092173576354980469
-9999 -9999 -9999 -9999 -9999 -9999 -9999 -9999 -9999 -9999 -9999 -9999 -9999 -9999 -9999 4.6114587783813476562 11.275295257568359375 11.254652023315429688 10.372151374816894531 4.6166300773620605469 4.5704870223999023438 4.1965832710266113281 10.421594619750976562 8.3854856491088867188 4.8871812820434570312 4.9954433441162109375 4.5317449569702148438 4.1846356391906738281 3.9032485485076904297 4.24077606201171875 4.0757398605346679688 3.9194309711456298828 3.7852537631988525391 3.7217364311218261719 3.7217943668365478516 3.7387592792510986328 3.7576472759246826172 3.6961443424224853516 3.5370771884918212891 3.4436614513397216797 3.4337823390960693359 3.4311161041259765625
-9999 -9999 -9999 -9999 -9999 -9999 -9999 -9999 -9999 -9999 -9999 -9999 -9999 -9999 -9999 9.171527862548828125 29.048387527465820312 13.788859367370605469 6.9998016357421875 4.6151862144470214844 4.6275014877319335938 10.369151115417480469 20.416446685791015625 4.2608594894409179688 4.5925545692443847656 4.5008916854858398438 4.0309767723083496094 3.7096872329711914062 3.6094517707824707031 3.5577070713043212891 3.4559679031372070312 3.9187204837799072266 3.8056814670562744141 3.7684910297393798828 3.807708740234375 3.8421225547790527344 3.8101305961608886719 3.6618072986602783203 3.4802799224853515625 3.4222435951232910156 3.4472107887268066406 3.4531698226928710938
-9999 -9999 -9999 -9999 -9999 -9999 -9999 -9999 -9999 -9999 -9999 -9999 -9999 -9999 -9999 50.13629150390625 9.2097425460815429688 4.6207370758056640625 4.6205925941467285156 4.6196341514587402344 4.2093567848205566406 14.635828018188476562 4.6283593177795410156 4.9244523048400878906 4.265399932861328125 3.8794486522674560547 3.6318099498748779297 3.4634332656860351562 3.3950123786926269531 3.3738770484924316406 3.3477482795715332031 3.3275978565216064453 3.2752754688262939453 3.2870321273803710938 3.9784016609191894531 4.0213255882263183594 3.906246185302734375 3.6775679588317871094 3.5069057941436767578 3.4787783622741699219 3.4951803684234619141 3.4642896652221679688
-9999 -9999 -9999 -9999 -9999 -9999 -9999 -9999 -9999 -9999 -9999 -9999 -9999 4.626171112060546875 4.6165866851806640625 17.003902435302734375 8.977870941162109375 4.6213765144348144531 4.5874590873718261719 4.1968050003051757812 10.418664932250976562 14.598155975341796875 5.1150884628295898438 5.1041932106018066406 4.7185416221618652344 4.1928200721740722656 3.9315843582153320312 3.7966563701629638672 3.7057521343231201172 3.6069543361663818359 3.5141727924346923828 3.4583775997161865234 3.4112713336944580078 3.4744362831115722656 3.6515843868255615234 3.6494884490966796875 3.9455378055572509766 3.6817095279693603516 3.5460116863250732422 3.5198469161987304688 3.5045270919799804688 3.4696459770202636719
-9999 -9999 -9999 -9999 -9999 -9999 -9999 -9999 -9999 -9999 -9999 -9999 -9999 -9999 4.625087738037109375 9.2095746994018554688 9.1950731277465820312 4.6006994247436523438 4.1853160858154296875 14.571104049682617188 22.911043167114257812 5.0869116783142089844 5.3220143318176269531 5.5407390594482421875 5.4128098487854003906 5.32254791259765625 5.0202994346618652344 4.8504467010498046875 4.7437391281127929688 4.3573551177978515625 3.9428620338439941406 3.6885697841644287109 3.6266529560089111328 3.7667436599731445312 3.9683480262756347656 3.8193697929382324219 3.3465235233306884766 3.0568616390228271484 2.9592604637145996094 3.5255062580108642578 3.4855599403381347656 3.4814302921295166016
-9999 -9999 -9999 -9999 -9999 -9999 -9999 -9999 -9999 -9999 -9999 -9999 -9999 -9999 -9999 -9999 4.6120901107788085938 4.127777099609375 5.7987885475158691406 11.59686279296875 5.8439631462097167969 5.92588043212890625 5.910923004150390625 5.7552065849304199219 5.4745726585388183594 5.1634540557861328125 4.8275704383850097656 4.8604969978332519531 5.1910634040832519531 5.0031480789184570312 4.4844608306884765625 4.1879878044128417969 4.1589593887329101562 4.2558922767639160156 4.32799530029296875 4.0186457633972167969 3.4329226016998291016 3.1982641220092773438 3.2000572681427001953 3.1300101280212402344 3.0097661018371582031 3.5512666702270507812
-9999 -9999 -9999 -9999 -9999 -9999 -9999 -9999 -9999 -9999 -9999 -9999 -9999 -9999 -9999 -9999 -9999 4.1805167198181152344 14.10483551025390625 6.0174927711486816406 5.9854555130004882812 6.0275850296020507812 6.1653885841369628906 5.9601950645446777344 5.4884266853332519531 5.0304198265075683594 4.5921630859375 4.5935106277465820312 5.0313839912414550781 5.1114964485168457031 4.7694611549377441406 4.7220568656921386719 4.8777489662170410156 4.7937035560607910156 4.6745314598083496094 4.3220806121826171875 3.7595195770263671875 3.5847611427307128906 3.6445729732513427734 3.5114102363586425781 3.2085127830505371094 2.9695258140563964844
-9999 -9999 -9999 -9999 -9999 -9999 -9999 -9999 -9999 -9999 -9999 -9999 -9999 -9999 -9999 -9999 -9999 5.7984976768493652344 9.9722576141357421875 6.4251732826232910156 6.159450531005859375 6.0897502899169921875 6.2382097244262695312 5.9609956741333007812 5.3949518203735351562 4.9580430984497070312 4.5920338630676269531 4.5433931350708007812 4.8177471160888671875 4.7738966941833496094 4.4053010940551757812 4.399200439453125 4.7019810676574707031 4.9673380851745605469 5.2751555442810058594 5.0672011375427246094 4.4478526115417480469 4.0947961807250976562 3.8759098052978515625 3.6142365932464599609 3.3108153343200683594 3.2406876087188720703
-9999 -9999 -9999 -9999 -9999 -9999 -9999 -9999 -9999 -9999 -9999 -9999 -9999 -9999 -9999 -9999 5.79850006103515625 9.795467376708984375 6.4531941413879394531 6.9826655387878417969 6.4265308380126953125 5.967433929443359375 5.7466459274291992188 5.48552703857421875 5.0672106742858886719 4.8171629905700683594 4.6658911705017089844 4.5168623924255371094 4.4973936080932617188 4.386962890625 4.0917725563049316406 4.0838346481323242188 4.3871140480041503906 4.8898067474365234375 5.76450347900390625 5.9245305061340332031 5.2217016220092773438 4.5215563774108886719 3.9044625759124755859 3.4568631649017333984 3.1240093708038330078 3.1310286521911621094
-9999 -9999 -9999 -9999 -9999 -9999 -9999 -9999 -9999 -9999 -9999 -9999 -9999 -9999 -9999 5.7983083724975585938 11.595548629760742188 6.2943711280822753906 6.7382869720458984375 6.6542983055114746094 6.3823637962341308594 5.8300886154174804688 5.4199466705322265625 5.1027188301086425781 4.7620763778686523438 4.6541728973388671875 4.7081227302551269531 4.4700412750244140625 4.6276988983154296875 4.4833979606628417969 3.8387646675109863281 3.9180245399475097656 4.2724232673645019531 4.7098035812377929688 5.2858653068542480469 5.3991475105285644531 4.9851450920104980469 4.4029202461242675781 3.7960653305053710938 3.3242199420928955078 2.9495208263397216797 2.7875533103942871094
-9999 -9999 -9999 -9999 -9999 -9999 -9999 -9999 -9999 -9999 -9999 -9999 -9999 -9999 -9999 5.7984509468078613281 30.422071456909179688 6.0523409843444824219 6.0258450508117675781 6.0891051292419433594 6.1318545341491699219 6.0251111984252929688 5.7197670936584472656 5.0690755844116210938 5.0872602462768554688 4.9580159187316894531 5.0176262855529785156 4.8311128616333007812 4.4391045570373535156 4.2537236213684082031 4.2027740478515625 4.3041143417358398438 4.5612244606018066406 4.7292065620422363281 4.7836551666259765625 4.6367344856262207031 4.4552259445190429688 4.3191018104553222656 4.1185278892517089844 3.8830056190490722656 3.6278192996978759766 3.4312632083892822266
-9999 -9999 -9999 -9999 -9999 -9999 -9999 -9999 -9999 -9999 -9999 -9999 -9999 -9999 11.595287322998046875 31.39873504638671875 6.2054734230041503906 5.9239869117736816406 5.7137980461120605469 5.7207770347595214844 5.8220806121826171875 5.8664798736572265625 5.7452144622802734375 5.5111737251281738281 5.2266898155212402344 5.023715972900390625 4.9594454765319824219 4.7416439056396484375 4.3476405143737792969 4.1624689102172851562 4.1252994537353515625 4.1878123283386230469 4.3230986595153808594 4.3346352577209472656 4.2909560203552246094 4.1767506599426269531 4.0622386932373046875 3.9996426105499267578 3.9133698940277099609 3.7764120101928710938 3.6046309471130371094 3.4270889759063720703
-9999 -9999 -9999 -9999 -9999 -9999 -9999 -9999 -9999 -9999 -9999 -9999 -9999 5.7982621192932128906 17.39032745361328125 6.1581034660339355469 6.0700135231018066406 5.8971390724182128906 5.6751513481140136719 5.6097922325134277344 5.6295857429504394531 5.6867551803588867188 5.7363996505737304688 5.6603841781616210938 5.4852290153503417969 5.2577199935913085938 5.0510091781616210938 4.7449054718017578125 4.3454413414001464844 4.160266876220703125 4.10400390625 4.0736985206604003906 4.0630955696105957031 4.000850677490234375 4.0216193199157714844 4.0888423919677734375 4.0494170188903808594 3.9614565372467041016 3.8483932018280029297 3.682422637939453125 3.5072307586669921875 3.3438894748687744141
-9999 -9999 -9999 -9999 -9999 -9999 -9999 -9999 -9999 -9999 -9999 -9999 -9999 11.594701766967773438 6.5307097434997558594 6.0647134780883789062 5.9248433113098144531 5.8183336257934570312 5.610713958740234375 5.4987416267395019531 5.4647655487060546875 5.5161185264587402344 5.6484403610229492188 5.6705474853515625 5.5954980850219726562 5.4087653160095214844 5.1686148643493652344 4.8704237937927246094 4.5011763572692871094 4.3360304832458496094 4.283397674560546875 4.1875314712524414062 4.1025090217590332031 4.0077023506164550781 4.0318002700805664062 4.1580986976623535156 4.177410125732421875 4.1094012260437011719 4.0133805274963378906 3.8452811241149902344 3.6594138145446777344 3.4662318229675292969
-9999 -9999 -9999 -9999 -9999 -9999 -9999 -9999 -9999 -9999 -9999 -9999 5.7979278564453125 15.546178817749023438 7.067249298095703125 6.3261060714721679688 5.9128427505493164062 5.7516884803771972656 5.5410785675048828125 5.4118409156799316406 5.3655490875244140625 5.3948678970336914062 5.5152835845947265625 5.5368471145629882812 5.4995617866516113281 5.3894295692443847656 5.2088375091552734375 5.0311374664306640625 4.7957715988159179688 4.7211375236511230469 4.7403507232666015625 4.6245279312133789062 4.5217385292053222656 4.3978772163391113281 4.31896209716796875 4.3841142654418945312 4.4850182533264160156 4.4645853042602539062 4.4153370857238769531 4.3092660903930664062 4.15624237060546875 3.8743188381195068359
