tests/data/reference/gistest/full/control/csheetvout_m3.asc
ncols        125
nrows        78
xllcorner    -713756.799299980048
yllcorner    -1061032.369616159936
cellsize     10.000000000000
NODATA_value  -9999
[rows 36 to 53 of 78, columns 0 to 40 of 125]
-9999 -9999 -9999 -9999 -9999 -9999 -9999 -9999 -9999 -9999 -9999 -9999 -9999 2.1988234519958496094 0.61854529380798339844 0.58495515584945678711 1.0957922935485839844 0.52916514873504638672 0.51522982120513916016 0.51813703775405883789 0.53475576639175415039 0.56697404384613037109 0.53077119588851928711 1.1198555231094360352 0.60586255788803100586 0.58514386415481567383 0.97828614711761474609 0.52557224035263061523 0.42179879546165466309 0.40133374929428100586 0.40101978182792663574 0.40248697996139526367 0.38766124844551086426 0.3721402287483215332 0.37352320551872253418 0.39015153050422668457 0.38720145821571350098 0.38061293959617614746 0.37214961647987365723 0.36037036776542663574 0.34099987149238586426
-9999 -9999 -9999 -9999 -9999 -9999 -9999 -9999 -9999 -9999 -9999 -9999 1.0995398759841918945 2.1936247348785400391 0.66116058826446533203 1.0768277645111083984 0.53425925970077514648 0.52341502904891967773 0.514652252197265625 0.52021712064743041992 0.5429630279541015625 0.5008335113525390625 1.0098903179168701172 0.58842051029205322266 0.58845442533493041992 1.09880828857421875 0.56863135099411010742 0.46562203764915466309 0.44054639339447021484 0.4375661313533782959 0.44996610283851623535 0.42957460880279541016 0.42077723145484924316 0.40701818466186523438 0.40264648199081420898 0.40479105710983276367 0.41383716464042663574 0.41177162528038024902 0.40957790613174438477 0.39793750643730163574 0.38426533341407775879
-9999 -9999 -9999 -9999 -9999 -9999 -9999 -9999 -9999 -9999 -9999 1.0995042324066162109 2.1985454559326171875 0.75462478399276733398 1.2068216800689697266 0.51806771755218505859 0.56794226169586181641 0.54423749446868896484 0.53117048740386962891 0.54576563835144042969 0.49609518051147460938 0.9097423553466796875 0.58184468746185302734 0.58820164203643798828 1.2104369401931762695 0.5900332331657409668 0.480182647705078125 0.46923652291297912598 0.46560138463973999023 0.47941577434539794922 0.48452338576316833496 0.47640007734298706055 0.4704583287239074707 0.45998987555503845215 0.42458975315093994141 0.42143037915229797363 0.44674551486968994141 0.46165648102760314941 0.4621645510196685791 0.45887076854705810547 0.44951570034027099609
-9999 -9999 -9999 -9999 -9999 -9999 -9999 -9999 -9999 -9999 -9999 1.0994380712509155273 0.94753092527389526367 1.2680147886276245117 0.72159886360168457031 0.51309692859649658203 0.65722143650054931641 0.60739874839782714844 0.59461331367492675781 0.51269060373306274414 0.84638679027557373047 0.5853964686393737793 0.59945201873779296875 1.3104952573776245117 0.60277724266052246094 0.50207382440567016602 0.48415830731391906738 0.48161149024963378906 0.4913025200366973877 0.50245970487594604492 0.52962017059326171875 0.532703399658203125 0.53422087430953979492 0.50824284553527832031 0.44728872179985046387 0.433933258056640625 0.46938285231590270996 0.49366930127143859863 0.50957328081130981445 0.50168240070343017578 0.47451838850975036621
-9999 -9999 -9999 -9999 -9999 -9999 -9999 -9999 -9999 -9999 1.0994458198547363281 2.1841173171997070312 1.513543248176574707 0.79303830862045288086 0.51129782199859619141 0.7662200927734375 0.72847151756286621094 0.71269363164901733398 0.57485926151275634766 0.81591027975082397461 0.63216251134872436523 0.62999498844146728516 1.3586755990982055664 0.60392242670059204102 0.50317633152008056641 0.49700316786766052246 0.4976476132869720459 0.50303924083709716797 0.51045513153076171875 0.53598970174789428711 0.58412921428680419922 0.59345149993896484375 0.52156144380569458008 0.50900644063949584961 0.44926667213439941406 0.4345073401927947998 0.45467534661293029785 0.4731998145580291748 0.48968800902366638184 0.46227362751960754395 0.42054635286331176758
-9999 -9999 -9999 -9999 -9999 -9999 -9999 -9999 -9999 -9999 1.0995297431945800781 1.284732818603515625 0.83621013164520263672 0.80277943611145019531 0.50995641946792602539 0.75372493267059326172 0.7939739227294921875 0.51513433456420898438 0.84872668981552124023 0.73622375726699829102 0.72300690412521362305 1.3922870159149169922 0.61187976598739624023 0.50944477319717407227 0.49234363436698913574 0.49469366669654846191 0.51383358240127563477 0.51796686649322509766 0.52281159162521362305 0.52134042978286743164 0.51748263835906982422 0.51773178577423095703 0.54037690162658691406 0.48133140802383422852 0.43878391385078430176 0.42480990290641784668 0.43039181828498840332 0.4407329261302947998 0.44587597250938415527 0.43759351968765258789 0.38744443655014038086
-9999 -9999 -9999 -9999 -9999 -9999 -9999 -9999 -9999 2.1987133026123046875 2.1907918453216552734 1.1326156854629516602 0.75199598073959350586 0.5087916254997253418 0.78016710281372070312 0.7678572535514831543 0.77983987331390380859 0.82985121011734008789 0.90298891067504882812 0.91124171018600463867 1.4332363605499267578 0.62219548225402832031 0.52410930395126342773 0.50764471292495727539 0.4875430762767791748 0.49339097738265991211 0.6774005889892578125 0.70958101749420166016 0.77109873294830322266 0.87302535772323608398 1.0318741798400878906 1.0555071830749511719 0.95148670673370361328 0.89616495370864868164 0.8678061366081237793 0.87200635671615600586 0.90357661247253417969 0.94982451200485229492 0.99476766586303710938 0.98522472381591796875 0.83155602216720581055
-9999 -9999 -9999 -9999 -9999 -9999 -9999 -9999 1.0994967222213745117 2.1985564231872558594 1.0645329952239990234 0.67326754331588745117 0.70852112770080566406 0.51013666391372680664 0.7783222198486328125 0.75157243013381958008 0.81696707010269165039 0.87781530618667602539 1.0533787012100219727 1.5724638700485229492 0.66325920820236206055 0.52274954319000244141 0.51885819435119628906 0.50713509321212768555 0.64097177982330322266 0.62687516212463378906 0.50350672006607055664 0.5110728144645690918 0.51503801345825195312 0.53763377666473388672 0.58669012784957885742 0.56712269783020019531 0.49993619322776794434 0.46283498406410217285 0.44393980503082275391 0.43912497162818908691 0.44734081625938415527 0.46165472269058227539 0.48435235023498535156 0.47561824321746826172 0.43713429570198059082
-9999 -9999 -9999 -9999 -9999 -9999 -9999 -9999 1.0994150638580322266 0.56779199838638305664 1.0124708414077758789 0.5144456028938293457 0.6917940974235534668 0.72808206081390380859 0.73974710702896118164 0.7774741053581237793 0.81631869077682495117 0.93355989456176757812 1.5395977497100830078 0.72862917184829711914 0.63904863595962524414 0.61593776941299438477 0.64274334907531738281 0.67097669839859008789 0.50840115547180175781 0.49446281790733337402 0.48269116878509521484 0.48390731215476989746 0.48945400118827819824 0.50397008657455444336 0.53363507986068725586 0.51834285259246826172 0.46943762898445129395 0.44474363327026367188 0.43564236164093017578 0.43488910794258117676 0.44386300444602966309 0.67738962173461914062 0.70065295696258544922 0.68085068464279174805 0.646697998046875
-9999 -9999 -9999 -9999 -9999 -9999 -9999 -9999 0.081277094781398773193 1.0957082509994506836 0.79315155744552612305 0.51096951961517333984 0.71031725406646728516 0.69001233577728271484 0.72670376300811767578 0.75640755891799926758 0.85464012622833251953 1.3650017976760864258 0.68989086151123046875 0.66711091995239257812 0.60139006376266479492 0.56568092107772827148 0.55835610628128051758 0.4992014765739440918 0.51200646162033081055 0.50015079975128173828 0.47645348310470581055 0.47218072414398193359 0.48126533627510070801 0.49060040712356567383 0.50350069999694824219 0.49722081422805786133 0.47212511301040649414 0.46161720156669616699 0.66807514429092407227 0.67681831121444702148 0.67646557092666625977 0.49339470267295837402 0.46481794118881225586 0.44143185019493103027 0.41927263140678405762
-9999 -9999 -9999 -9999 -9999 -9999 -9999 1.0994677543640136719 1.0794440507888793945 0.78573745489120483398 0.75820249319076538086 0.51155740022659301758 0.69166272878646850586 0.66933399438858032227 0.68155819177627563477 0.75435566902160644531 1.2536946535110473633 0.68441540002822875977 0.68885773420333862305 0.67153316736221313477 0.60728210210800170898 0.56413447856903076172 0.48716360330581665039 0.48693391680717468262 0.5006122589111328125 0.49470341205596923828 0.46640163660049438477 0.46402332186698913574 0.4870077967643737793 0.49680861830711364746 0.49549594521522521973 0.50292718410491943359 0.68900269269943237305 0.69738483428955078125 0.5237051844596862793 0.50743305683135986328 0.47394797205924987793 0.43911656737327575684 0.4112567901611328125 0.39304122328758239746 0.37776330113410949707
-9999 -9999 -9999 -9999 -9999 -9999 -9999 5.2089252471923828125 0.90289437770843505859 0.71674561500549316406 0.67547243833541870117 0.515590667724609375 0.64327061176300048828 0.62089872360229492188 0.65182721614837646484 1.0191019773483276367 0.63625335693359375 0.68832474946975708008 0.73802238702774047852 0.72429108619689941406 0.64586657285690307617 0.52049499750137329102 0.50007492303848266602 0.48880767822265625 0.48969909548759460449 0.48198163509368896484 0.45949089527130126953 0.45840606093406677246 0.64162683486938476562 0.66140794754028320312 0.64693713188171386719 0.65677112340927124023 0.51035636663436889648 0.4995365142822265625 0.48581725358963012695 0.46007084846496582031 0.4379565119743347168 0.41684883832931518555 0.39661899209022521973 0.38234084844589233398 0.38137125968933105469
-9999 -9999 -9999 -9999 -9999 -9999 1.0993571281433105469 1.0441149473190307617 0.79139345884323120117 0.51352125406265258789 0.51439404487609863281 0.66993153095245361328 0.64674645662307739258 0.64693647623062133789 0.89014947414398193359 0.58979505300521850586 0.61246538162231445312 0.66280907392501831055 0.72455185651779174805 0.72158586978912353516 0.65064400434494018555 0.60849553346633911133 0.60412567853927612305 0.6040160059928894043 0.63184696435928344727 0.60794597864151000977 0.59745085239410400391 0.60346233844757080078 0.4857578575611114502 0.48662281036376953125 0.47909933328628540039 0.47490981221199035645 0.47934588789939880371 0.47600331902503967285 0.45676118135452270508 0.4405721127986907959 0.42762467265129089355 0.41205191612243652344 0.39154377579689025879 0.39358046650886535645 0.37078049778938293457
-9999 -9999 -9999 -9999 -9999 4.4666242599487304688 2.3314051628112792969 0.72827494144439697266 0.70624995231628417969 0.51069396734237670898 0.50857657194137573242 0.76425522565841674805 0.76036745309829711914 0.87379211187362670898 0.6181774139404296875 0.61094915866851806641 0.61335968971252441406 0.63992154598236083984 0.69599449634552001953 0.69529420137405395508 0.61293017864227294922 0.5606021881103515625 0.5264123082160949707 0.5690924525260925293 0.45244759321212768555 0.44826745986938476562 0.45320224761962890625 0.45526954531669616699 0.45710259675979614258 0.46592381596565246582 0.46170684695243835449 0.45938503742218017578 0.47061640024185180664 0.46908798813819885254 0.46254715323448181152 0.45348417758941650391 0.44329601526260375977 0.42619174718856811523 0.42232775688171386719 0.38499441742897033691 0.38207593560218811035
-9999 -9999 -9999 -9999 -9999 3.3678159713745117188 0.79579913616180419922 0.71140640974044799805 0.73266643285751342773 0.85955232381820678711 0.50440287590026855469 0.88699346780776977539 0.94263851642608642578 0.51310425996780395508 0.64708095788955688477 0.62144017219543457031 0.61010384559631347656 0.62852424383163452148 0.69059151411056518555 0.66086149215698242188 0.58650112152099609375 0.53098130226135253906 0.52955901622772216797 0.45097571611404418945 0.4271615147590637207 0.42121532559394836426 0.42724645137786865234 0.42481130361557006836 0.42427730560302734375 0.42785656452178955078 0.43289417028427124023 0.43622854351997375488 0.43695119023323059082 0.44085544347763061523 0.44411981105804443359 0.44403105974197387695 0.44004410505294799805 0.45774286985397338867 0.41387423872947692871 0.40434190630912780762 0.3778553009033203125
-9999 -9999 -9999 -9999 1.0993874073028564453 2.2685089111328125 0.86545825004577636719 0.50702685117721557617 0.91158628463745117188 0.50130069255828857422 0.96581172943115234375 0.98364299535751342773 0.90601611137390136719 0.51000732183456420898 0.67953783273696899414 0.62993109226226806641 0.61114382743835449219 0.62957805395126342773 0.65866249799728393555 0.64047414064407348633 0.57193160057067871094 0.51714181900024414062 0.44853806495666503906 0.42274701595306396484 0.40146714448928833008 0.39261081814765930176 0.39272853732109069824 0.39104440808296203613 0.38542792201042175293 0.38776165246963500977 0.39697510004043579102 0.3981361091136932373 0.39825889468193054199 0.40061491727828979492 0.40619310736656188965 0.41335731744766235352 0.44276082515716552734 0.42412117123603820801 0.4335308074951171875 0.40119919180870056152 0.37948051095008850098
-9999 -9999 -9999 -9999 1.0992844104766845703 1.065326690673828125 0.94507968425750732422 0.49850857257843017578 0.49158206582069396973 0.93508642911911010742 0.94430357217788696289 1.1351709365844726562 0.96887934207916259766 0.50514853000640869141 0.72993540763854980469 0.65127128362655639648 0.63310152292251586914 0.62583714723587036133 0.64631092548370361328 0.64997708797454833984 0.60833245515823364258 0.51609194278717041016 0.46207138895988464355 0.4294776618480682373 0.40539845824241638184 0.3876387476921081543 0.38294935226440429688 0.37858146429061889648 0.37315300107002258301 0.37630239129066467285 0.38425585627555847168 0.38859963417053222656 0.38926222920417785645 0.38843059539794921875 0.38938924670219421387 0.41272807121276855469 0.40063723921775817871 0.42112517356872558594 0.41400066018104553223 0.40093937516212463379 0.37746489048004150391
-9999 -9999 -9999 9.114990234375 0.067684821784496307373 0.95005458593368530273 0.92842113971710205078 0.48295843601226806641 0.47607028484344482422 0.48167657852172851562 0.47246333956718444824 1.6817057132720947266 1.2658259868621826172 0.49627315998077392578 0.81917619705200195312 0.69696587324142456055 0.66553527116775512695 0.63964194059371948242 0.64332467317581176758 0.683193206787109375 0.69514834880828857422 0.51768678426742553711 0.54178249835968017578 0.48700258135795593262 0.44430971145629882812 0.41214969754219055176 0.39397704601287841797 0.38617175817489624023 0.38228824734687805176 0.38394621014595031738 0.39389443397521972656 0.40274116396903991699 0.405597686767578125 0.39941260218620300293 0.40734806656837463379 0.38763663172721862793 0.3961264193058013916 0.3885161280632019043 0.39664286375045776367 0.39292955398559570312 0.37381818890571594238
