tests/data/reference/gistest/full/control/csheetvout_m3.asc
ncols        125
nrows        78
xllcorner    -713756.799299980048
yllcorner    -1061032.369616159936
cellsize     10.000000000000
NODATA_value  -9999
[rows 38 to 56 of 78, columns 42 to 83 of 125]
3.772800445556640625 3.5411553382873535156 3.5663998126983642578 3.5309607982635498047 3.4391870498657226562 3.3785393238067626953 3.3457794189453125 3.3986554145812988281 3.5604028701782226562 3.5649328231811523438 2.7850942611694335938 2.6779079437255859375 2.5918741226196289062 2.6967301368713378906 3.0733726024627685547 3.1647062301635742188 2.9033849239349365234 2.8353099822998046875 2.9394693374633789062 3.0528519153594970703 3.179439544677734375 3.2870106697082519531 3.3581905364990234375 3.4651815891265869141 3.6533329486846923828 3.9068121910095214844 4.2332453727722167969 4.5105910301208496094 4.5341033935546875 4.4483404159545898438 4.33348846435546875 3.9720005989074707031 3.5042884349822998047 3.3769865036010742188 3.5714786052703857422 3.85433197021484375 4.0528950691223144531 4.0026631355285644531 3.6755023002624511719 3.8781065940856933594 16.736089706420898438 16.357999801635742188
3.8234868049621582031 3.61060333251953125 3.67656707763671875 3.6830320358276367188 3.6199927330017089844 3.5361156463623046875 3.4556918144226074219 3.4853615760803222656 3.6340575218200683594 3.6362452507019042969 3.4640421867370605469 3.3514244556427001953 3.2710688114166259766 3.2687704563140869141 3.3471283912658691406 3.2597191333770751953 3.0675287246704101562 2.9854297637939453125 2.9906764030456542969 3.0150241851806640625 3.0611274242401123047 3.1244890689849853516 2.5639421939849853516 2.6782968044281005859 2.8385784626007080078 3.0363547801971435547 3.2460393905639648438 3.4930281639099121094 3.7687647342681884766 4.1453480720520019531 4.7134647369384765625 4.6335077285766601562 3.9352567195892333984 3.9594469070434570312 4.4120783805847167969 4.3381609916687011719 4.1798787117004394531 3.9769995212554931641 3.5255098342895507812 16.27332305908203125 185.57818603515625 3.4314997196197509766
3.7300169467926025391 3.6616220474243164062 3.8076472282409667969 3.8867995738983154297 3.8739326000213623047 3.7581238746643066406 3.5775179862976074219 3.5158672332763671875 3.5606579780578613281 3.6085968017578125 3.63045501708984375 3.5797681808471679688 3.43808746337890625 3.3067507743835449219 3.2166566848754882812 3.0586590766906738281 2.8726725578308105469 2.7779240608215332031 2.7495579719543457031 2.7367165088653564453 2.74802398681640625 2.7866213321685791016 2.845996856689453125 2.9224271774291992188 3.0195324420928955078 3.1404161453247070312 2.6300463676452636719 2.7814908027648925781 2.9723219871520996094 3.2944703102111816406 3.8386595249176025391 3.9415373802185058594 17.937749862670898438 3.78116607666015625 5.5523614883422851562 5.9034333229064941406 4.9828348159790039062 4.2120070457458496094 3.4994525909423828125 227.1365966796875 3.2352213859558105469 3.5011396408081054688
3.771045684814453125 3.8131072521209716797 4.0027594566345214844 4.0787200927734375 4.0125274658203125 3.8916075229644775391 3.7400488853454589844 3.661800384521484375 3.6310939788818359375 3.6756258010864257812 3.7623505592346191406 3.6795637607574462891 3.5075716972351074219 3.3921151161193847656 3.3343563079833984375 3.2174487113952636719 3.0317735671997070312 2.9078319072723388672 2.8386240005493164062 2.772064208984375 2.7328743934631347656 2.7397603988647460938 2.7667822837829589844 2.7875421047210693359 2.8086512088775634766 2.8506896495819091797 2.9068751335144042969 2.9673559665679931641 3.0522022247314453125 2.5976331233978271484 2.9623935222625732422 3.1697456836700439453 2.9815628528594970703 16.883495330810546875 4.621921539306640625 6.8097553253173828125 6.4108448028564453125 4.5415973663330078125 18.600475311279296875 18.598419189453125 3.6234567165374755859 3.1272084712982177734
3.9738535881042480469 4.0726995468139648438 4.2345457077026367188 4.2206358909606933594 4.0371980667114257812 3.9591920375823974609 3.9848694801330566406 3.9936881065368652344 3.9261846542358398438 3.8759233951568603516 3.8567245006561279297 3.7302117347717285156 3.5719940662384033203 3.4913833141326904297 3.4759912490844726562 3.4089865684509277344 3.2507634162902832031 3.12575531005859375 3.0422062873840332031 2.9330198764801025391 2.8305454254150390625 2.7909967899322509766 2.7880830764770507812 2.7723305225372314453 2.7473642826080322266 2.7425522804260253906 2.7540881633758544922 2.7563047409057617188 2.7677137851715087891 2.8510608673095703125 3.0317304134368896484 2.5519001483917236328 2.5858139991760253906 2.7732923030853271484 3.3593492507934570312 21.490533828735351562 24.435514450073242188 23.738590240478515625 295.7109375 4.2679371833801269531 4.3516011238098144531 3.5997164249420166016
4.2484340667724609375 4.3047857284545898438 4.3296751976013183594 4.25518798828125 4.0985279083251953125 4.1196551322937011719 4.2985310554504394531 4.3627181053161621094 4.2423915863037109375 4.0505280494689941406 3.9235694408416748047 3.8423814773559570312 3.7502996921539306641 3.6893165111541748047 3.6830348968505859375 3.6516399383544921875 3.5408039093017578125 3.4518482685089111328 3.3978683948516845703 3.26641082763671875 3.0835857391357421875 2.9678907394409179688 2.9137601852416992188 2.8624007701873779297 2.8035404682159423828 2.7633953094482421875 2.7398471832275390625 2.6944913864135742188 2.6438422203063964844 2.6447861194610595703 2.6992738246917724609 2.7687752246856689453 2.1928284168243408203 2.3748686313629150391 2.7191131114959716797 2.9820206165313720703 16.18701171875 17.625034332275390625 20.3271484375 24.393159866333007812 4.9375252723693847656 4.3255610466003417969
4.2587628364562988281 4.2304296493530273438 4.1429767608642578125 4.1268944740295410156 4.1530041694641113281 4.2601556777954101562 4.4543757438659667969 4.5540103912353515625 4.4996252059936523438 4.2681212425231933594 4.0639472007751464844 3.9950129985809326172 3.9501552581787109375 3.8768329620361328125 3.8295001983642578125 3.8080120086669921875 3.7523784637451171875 3.7099163532257080078 3.7064042091369628906 3.6062839031219482422 3.4014601707458496094 3.2342152595520019531 3.1273758411407470703 3.0454709529876708984 2.9659340381622314453 2.901683807373046875 2.8539192676544189453 2.771747589111328125 2.6764571666717529297 2.6356070041656494141 2.6377065181732177734 2.6436126232147216797 2.6642847061157226562 2.1590802669525146484 2.4565494060516357422 2.6134572029113769531 13.289286613464355469 58.844516754150390625 3.3474078178405761719 19.34717559814453125 21.1170196533203125 4.6571221351623535156
3.9514532089233398438 3.9453783035278320312 3.869415283203125 3.8937070369720458984 4.0135216712951660156 4.122234344482421875 4.2615175247192382812 4.451770782470703125 4.65106964111328125 4.6120638847351074219 4.3929433822631835938 4.2866563796997070312 4.2356524467468261719 4.0830526351928710938 3.9240334033966064453 3.8734099864959716797 3.8613030910491943359 3.8452556133270263672 3.8735945224761962891 3.8692166805267333984 3.758365631103515625 3.5949981212615966797 3.4431395530700683594 3.3432095050811767578 3.2625751495361328125 3.1887326240539550781 3.1274089813232421875 3.0044689178466796875 2.8547601699829101562 2.7879338264465332031 2.773845672607421875 2.7274191379547119141 2.6658477783203125 2.7462480068206787109 2.3646931648254394531 2.5176539421081542969 12.530803680419921875 10.027325630187988281 2.9365031719207763672 3.152008056640625 3.2957026958465576172 20.5700836181640625
3.6636376380920410156 3.6710076332092285156 3.6470060348510742188 3.6860244274139404297 3.8066191673278808594 3.9036529064178466797 4.0025763511657714844 4.1929020881652832031 4.4950399398803710938 4.6631627082824707031 4.5786404609680175781 4.5595493316650390625 4.6115679740905761719 4.4301152229309082031 4.1366391181945800781 4.033313751220703125 4.0514841079711914062 4.0261077880859375 3.9949736595153808594 4.0096449851989746094 4.0144724845886230469 3.8957362174987792969 3.7141022682189941406 3.6205492019653320312 3.5791628360748291016 3.5295636653900146484 3.4833667278289794922 3.3190927505493164062 3.0817332267761230469 2.9712598323822021484 2.9477531909942626953 2.8601622581481933594 2.7316088676452636719 2.7428724765777587891 2.9318077564239501953 3.0596308708190917969 4.2279686927795410156 4.2273583412170410156 2.6294395923614501953 2.7762346267700195312 2.8122212886810302734 3.0802135467529296875
3.538631439208984375 3.5000538825988769531 3.4778261184692382812 3.5127294063568115234 3.6255629062652587891 3.7443621158599853516 3.8409223556518554688 3.9614088535308837891 4.1827449798583984375 4.4219059944152832031 4.531707763671875 4.6979503631591796875 4.9839382171630859375 4.8910861015319824219 4.4718308448791503906 4.3032236099243164062 4.3329248428344726562 4.2833380699157714844 4.1581673622131347656 4.1051011085510253906 4.1295938491821289062 4.0518856048583984375 3.8777132034301757812 3.8198583126068115234 3.8573100566864013672 3.8768384456634521484 3.8908514976501464844 3.7102560997009277344 3.3775594234466552734 3.2118334770202636719 3.1695814132690429688 3.0472445487976074219 2.8657562732696533203 2.7915592193603515625 2.8524281978607177734 2.9426746368408203125 8.52130126953125 11.867267608642578125 2.5935766696929931641 2.6551837921142578125 2.5738058090209960938 2.6431565284729003906
3.5391893386840820312 3.4647386074066162109 3.4154224395751953125 3.4164671897888183594 3.4854295253753662109 3.6000652313232421875 3.7289779186248779297 3.8258442878723144531 3.9515345096588134766 4.1572051048278808594 4.3598713874816894531 4.6236958503723144531 5.0376410484313964844 5.0865631103515625 4.4684720039367675781 4.4661054611206054688 4.4692120552062988281 4.4630217552185058594 4.395587921142578125 4.2926859855651855469 4.247737884521484375 4.1468219757080078125 3.9681837558746337891 3.9203519821166992188 4.0017385482788085938 4.0617852210998535156 4.0914564132690429688 3.9421837329864501953 3.6314017772674560547 3.4722716808319091797 3.4339594841003417969 3.3063344955444335938 3.1042306423187255859 2.9280476570129394531 2.8093059062957763672 2.8223595619201660156 13.411456108093261719 13.799285888671875 2.6110587120056152344 2.5865130424499511719 2.4114522933959960938 2.4111993312835693359
3.6382868289947509766 3.5468921661376953125 3.4639804363250732422 3.41672515869140625 3.4195351600646972656 3.4945099353790283203 3.6365249156951904297 3.7387342453002929688 3.7922365665435791016 3.9367411136627197266 4.1619901657104492188 4.4264192581176757812 4.8031053543090820312 4.4671196937561035156 4.7753443717956542969 4.6729564666748046875 4.6887292861938476562 4.6931385993957519531 4.4686288833618164062 4.53801727294921875 4.3762950897216796875 4.2098174095153808594 4.0278420448303222656 3.9787416458129882812 4.0541944503784179688 4.0873823165893554688 4.0965619087219238281 3.9787762165069580078 3.7475779056549072266 3.639774322509765625 3.6365315914154052734 3.5589334964752197266 3.4094040393829345703 3.1675629615783691406 2.8928420543670654297 2.8140249252319335938 13.372100830078125 3.0943968296051025391 3.1068120002746582031 2.4149494171142578125 2.2709748744964599609 2.258953094482421875
3.7685608863830566406 3.6874208450317382812 3.5863850116729736328 3.5006372928619384766 3.4454367160797119141 3.4708449840545654297 3.5850882530212402344 3.6692507266998291016 3.6744801998138427734 3.7734808921813964844 3.9952089786529541016 4.2151193618774414062 4.46680450439453125 4.6693172454833984375 4.7200841903686523438 4.7176532745361328125 4.7084202766418457031 4.7439832687377929688 4.812885284423828125 4.6793112754821777344 4.402923583984375 4.2487745285034179688 4.1137614250183105469 4.0599927902221679688 4.0965018272399902344 4.0867314338684082031 4.0313630104064941406 3.8976907730102539062 3.6970920562744140625 3.6089029312133789062 3.6140358448028564453 3.6137917041778564453 3.6063890457153320312 3.4179790019989013672 3.1040120124816894531 2.9560358524322509766 45.887725830078125 3.0639634132385253906 2.8770616054534912109 2.1908509731292724609 2.1283047199249267578 2.1320605278015136719
3.9141104221343994141 3.8771810531616210938 3.7855165004730224609 3.6744763851165771484 3.5647380352020263672 3.5258994102478027344 3.5729146003723144531 3.6246483325958251953 3.6200077533721923828 3.6877493858337402344 3.870449066162109375 4.0208992958068847656 4.1440386772155761719 4.3389005661010742188 4.5665793418884277344 4.6461558341979980469 4.6052637100219726562 4.6384730339050292969 4.7449369430541992188 4.6315250396728515625 4.3302950859069824219 4.2074179649353027344 4.2076740264892578125 4.1864228248596191406 4.1659417152404785156 4.1042008399963378906 4.0013666152954101562 3.8145632743835449219 3.5814216136932373047 3.4716780185699462891 3.4507861137390136719 3.5332894325256347656 3.7421572208404541016 3.6891674995422363281 3.3852198123931884766 3.1686170101165771484 5.7992191314697265625 2.9365096092224121094 2.8047573566436767578 2.7148165702819824219 2.0073130130767822266 2.0160756111145019531
3.9615905284881591797 3.9826717376708984375 3.9456601142883300781 3.8561043739318847656 3.7323400974273681641 3.6453859806060791016 3.6043250560760498047 3.6150836944580078125 3.6391074657440185547 3.69852447509765625 3.8311152458190917969 3.9131381511688232422 3.9415194988250732422 4.115604400634765625 4.4643187522888183594 4.60062408447265625 4.5262479782104492188 4.5227971076965332031 4.5965027809143066406 4.4578051567077636719 4.1292996406555175781 4.0666975975036621094 4.2323865890502929688 4.3019199371337890625 4.275196075439453125 4.2049975395202636719 4.0969839096069335938 3.8520395755767822266 3.5455982685089111328 3.3682456016540527344 3.2788918018341064453 3.4136137962341308594 3.8531475067138671875 3.9382107257843017578 3.6175501346588134766 3.3292000293731689453 10.283446311950683594 3.057415008544921875 2.8487038612365722656 2.6899888515472412109 2.5674147605895996094 1.9169964790344238281
3.9007756710052490234 3.9603068828582763672 4.0054693222045898438 3.9823372364044189453 3.8886852264404296875 3.7880523204803466797 3.6865782737731933594 3.6715121269226074219 3.7328422069549560547 3.7878644466400146484 3.8605136871337890625 3.8720362186431884766 3.8201620578765869141 3.9909622669219970703 4.4298038482666015625 4.6157054901123046875 4.5071625709533691406 4.452526092529296875 4.4559979438781738281 4.265167236328125 3.9193429946899414062 3.8685579299926757812 4.0935664176940917969 4.2674560546875 4.352619171142578125 4.3312029838562011719 4.2225589752197265625 3.9572501182556152344 3.6015949249267578125 3.3682157993316650391 3.2160866260528564453 3.3600015640258789062 3.9046282768249511719 3.9926311969757080078 3.6240036487579345703 3.3321857452392578125 199.59625244140625 3.0095922946929931641 2.8094747066497802734 2.6388611793518066406 2.4890310764312744141 2.4887890815734863281
3.8934500217437744141 3.928974151611328125 3.9840478897094726562 3.9689016342163085938 3.8770384788513183594 3.7929375171661376953 3.7109820842742919922 3.7191827297210693359 3.8165380954742431641 3.8492166996002197266 3.8533110618591308594 3.8164317607879638672 3.7204098701477050781 3.877361297607421875 4.3554096221923828125 4.5722904205322265625 4.4614300727844238281 4.3858637809753417969 4.3558807373046875 4.15854644775390625 3.8127126693725585938 3.7191011905670166016 3.8627502918243408203 4.0633730888366699219 4.3044114112854003906 4.350276947021484375 4.2086968421936035156 3.9663853645324707031 3.6577546596527099609 3.4305574893951416016 3.2611174583435058594 3.4080953598022460938 4.0096983909606933594 4.0698595046997070312 3.5533235073089599609 3.2231159210205078125 14.760778427124023438 2.9474847316741943359 2.7473886013031005859 2.5839428901672363281 2.4469330310821533203 2.4552521705627441406
3.9504139423370361328 3.9426555633544921875 3.9584565162658691406 3.9084455966949462891 3.7957808971405029297 3.7297194004058837891 3.6931784152984619141 3.7215170860290527344 3.8231751918792724609 3.8230195045471191406 3.7650582790374755859 3.7246580123901367188 3.6520478725433349609 3.7937312126159667969 4.2284593582153320312 4.4346718788146972656 4.3528509140014648438 4.2801241874694824219 4.2327032089233398438 4.0888500213623046875 3.8139855861663818359 3.6746988296508789062 3.6770179271697998047 3.8256595134735107422 4.1347031593322753906 4.2153882980346679688 4.0539331436157226562 3.8684489727020263672 3.6548275947570800781 3.4715065956115722656 3.3174242973327636719 3.451023101806640625 4.0122313499450683594 4.0043301582336425781 3.4046154022216796875 3.0641031265258789062 13.105368614196777344 2.6997759342193603516 2.5924360752105712891 2.5097136497497558594 2.4518229961395263672 2.4788601398468017578
3.9712836742401123047 3.9583227634429931641 3.9542956352233886719 3.8797185420989990234 3.7456574440002441406 3.6803686618804931641 3.6685042381286621094 3.704437255859375 3.7913680076599121094 3.7424657344818115234 3.6160786151885986328 3.59912872314453125 3.6172502040863037109 3.7401928901672363281 4.0533552169799804688 4.23028564453125 4.2029032707214355469 4.1321253776550292969 4.0347476005554199219 3.9492099285125732422 3.831630706787109375 3.6911060810089111328 3.5824611186981201172 3.6641728878021240234 3.94766998291015625 4.0212984085083007812 3.8550601005554199219 3.7099397182464599609 3.5745325088500976562 3.4388065338134765625 3.3092665672302246094 3.3770346641540527344 3.6976559162139892578 3.6371095180511474609 3.2283596992492675781 13.562086105346679688 12.409452438354492188 2.6323089599609375 2.576572418212890625 2.5551843643188476562 2.5669519901275634766 2.5779557228088378906
