tests/data/reference/gistest/full/control/csheetvout_m3.asc
ncols        125
nrows        78
xllcorner    -713756.799299980048
yllcorner    -1061032.369616159936
cellsize     10.000000000000
NODATA_value  -9999
[rows 36 to 53 of 78, columns 41 to 81 of 125]
0.32347622513771057129 0.30970495939254760742 0.30661603808403015137 0.30815118551254272461 0.30476421117782592773 0.29775968194007873535 0.29145678877830505371 0.22602292895317077637 0.23007984459400177002 0.2486451268196105957 0.26549544930458068848 0.2894458770751953125 0.30650398135185241699 0.2962398529052734375 0.29944017529487609863 0.6202392578125 0.5984395146369934082 0.53492468595504760742 0.4973767697811126709 0.27923750877380371094 0.2557938694953918457 0.25435742735862731934 0.25072956085205078125 0.24615025520324707031 0.24723106622695922852 0.27278524637222290039 0.32174390554428100586 0.33252438902854919434 0.36901506781578063965 0.41973268985748291016 0.47078141570091247559 0.5009638667106628418 0.33376070857048034668 0.48823732137680053711 0.36253637075424194336 0.32862573862075805664 0.31525439023971557617 0.33703604340553283691 0.39520087838172912598 0.76206356287002563477 0.37713009119033813477
0.35949108004570007324 0.32971617579460144043 0.31947740912437438965 0.32214793562889099121 0.31901907920837402344 0.31086423993110656738 0.30468514561653137207 0.29992526769638061523 0.30415821075439453125 0.25993046164512634277 0.2681052088737487793 0.27281159162521362305 0.2734318077564239502 0.25980103015899658203 0.26722040772438049316 0.30319496989250183105 0.30587527155876159668 0.27539846301078796387 0.2700023353099822998 0.56314736604690551758 0.58877593278884887695 0.64529305696487426758 0.67832553386688232422 0.70270162820816040039 0.74727153778076171875 0.81226652860641479492 0.8670787811279296875 0.88811486959457397461 0.88328349590301513672 0.62368750572204589844 0.62347704172134399414 0.60152679681777954102 0.53834998607635498047 0.30289822816848754883 0.41357278823852539062 0.34883409738540649414 0.34825870394706726074 0.38124901056289672852 0.37301045656204223633 0.77326285839080810547 0.378223419189453125
0.40819311141967773438 0.3511753082275390625 0.33025062084197998047 0.33256793022155761719 0.32942155003547668457 0.32125800848007202148 0.31602594256401062012 0.31343349814414978027 0.31784862279891967773 0.33240184187889099121 0.33281111717224121094 0.26250019669532775879 0.25247916579246520996 0.24447014927864074707 0.25424528121948242188 0.58366364240646362305 0.60202068090438842773 0.56696742773056030273 0.55710816383361816406 0.5846112370491027832 0.60429596900939941406 0.63071739673614501953 0.65502846240997314453 0.67390608787536621094 0.7015635371208190918 0.76345998048782348633 0.83443909883499145508 0.92084342241287231445 1.000937342643737793 0.95342850685119628906 0.93957978487014770508 0.76445162296295166016 0.69736474752426147461 0.58613657951354980469 0.46996796131134033203 0.42880812287330627441 0.40082556009292602539 0.42260304093360900879 0.39471480250358581543 0.67082136869430541992 0.37513178586959838867
0.41576185822486877441 0.35560378432273864746 0.33651801943778991699 0.34250351786613464355 0.34310457110404968262 0.33745613694190979004 0.33002695441246032715 0.32303947210311889648 0.32622241973876953125 0.34064680337905883789 0.34196957945823669434 0.32755082845687866211 0.31971204280853271484 0.57989364862442016602 0.59895169734954833984 0.38376545906066894531 0.36094164848327636719 0.32598325610160827637 0.31164348125457763672 0.31038019061088562012 0.30629268288612365723 0.30962005257606506348 0.31477984786033630371 0.25613993406295776367 0.25655025243759155273 0.27213239669799804688 0.29086023569107055664 0.31032666563987731934 0.35775172710418701172 0.3979809880256652832 0.47616615891456604004 0.99375301599502563477 0.97105902433395385742 0.82576727867126464844 0.83803266286849975586 0.61876946687698364258 0.49093466997146606445 0.45821613073348999023 0.40528368949890136719 0.6592648625373840332 1.5558691024780273438
0.37989392876625061035 0.34704357385635375977 0.34121599793434143066 0.35472837090492248535 0.36173078417778015137 0.360706329345703125 0.35084691643714904785 0.33487927913665771484 0.33007171750068664551 0.33532106876373291016 0.34137082099914550781 0.34640616178512573242 0.62634837627410888672 0.4124508202075958252 0.38722705841064453125 0.36228746175765991211 0.33079439401626586914 0.30199822783470153809 0.28782042860984802246 0.27527180314064025879 0.27263349294662475586 0.27253210544586181641 0.27602571249008178711 0.2708224952220916748 0.27813068032264709473 0.28732597827911376953 0.29821646213531494141 0.26233112812042236328 0.26640442013740539551 0.57945680618286132812 0.64427900314331054688 0.76759433746337890625 0.80813986063003540039 0 0.35332152247428894043 1.2115874290466308594 0.82174104452133178711 0.62113046646118164062 0.47182503342628479004 0.32715454697608947754 36.194149017333984375
0.36242425441741943359 0.35290619730949401855 0.3582592308521270752 0.37714591622352600098 0.38638588786125183105 0.38273277878761291504 0.37389582395553588867 0.36076867580413818359 0.35530421137809753418 0.3571014106273651123 0.62769776582717895508 0.64358443021774291992 0.46425041556358337402 0.4300244748592376709 0.40291768312454223633 0.38506200909614562988 0.36222296953201293945 0.33316975831985473633 0.29286491870880126953 0.28386673331260681152 0.27504077553749084473 0.26980629563331604004 0.25990015268325805664 0.26241895556449890137 0.26429808139801025391 0.2662022709846496582 0.28105822205543518066 0.2766043245792388916 0.56521701812744140625 0.30921518802642822266 0.24709466099739074707 0.2805176079273223877 0.29913416504859924316 0.28645479679107666016 0 0 1.501964569091796875 0.93151992559432983398 0.62409675121307373047 2.0073041915893554688 3.8886959552764892578
0.73883962631225585938 0.71694540977478027344 0.78044551610946655273 0.85281044244766235352 0.88915956020355224609 0.8898188471794128418 0.93842005729675292969 1.0091720819473266602 1.0650788545608520508 0.68055135011672973633 0.46158561110496520996 0.48616582155227661133 0.4661083221435546875 0.4428246915340423584 0.42691341042518615723 0.42687714099884033203 0.41585129499435424805 0.32807868719100952148 0.31389269232749938965 0.30346038937568664551 0.29051682353019714355 0.26786559820175170898 0.26411935687065124512 0.26378130912780761719 0.26222026348114013672 0.2684364020824432373 0.26009124517440795898 0.51336127519607543945 0.27582895755767822266 0.26212158799171447754 0.2693080604076385498 0.28629007935523986816 0.2443085014820098877 0.24446524679660797119 0.26209610700607299805 0.31574594974517822266 0 0 2.9369933605194091797 35.152431488037109375 0.88272619247436523438
0.42515316605567932129 0.43452650308609008789 0.44020432233810424805 0.44545346498489379883 0.44206440448760986328 0.42553195357322692871 0.42736399173736572266 0.46385145187377929688 0.72171175479888916016 0.50960725545883178711 0.50078105926513671875 0.48590290546417236328 0.49211642146110534668 0.47909346222877502441 0.47986382246017456055 0.47689095139503479004 0.36619728803634643555 0.35461694002151489258 0.34432190656661987305 0.33685275912284851074 0.30681937932968139648 0.29040306806564331055 0.28016149997711181641 0.27510192990303039551 0.27852520346641540527 0.2652682960033416748 0.50295197963714599609 0.27548959851264953613 0.25475636124610900879 0.24964568018913269043 0.24973832070827484131 0.25673311948776245117 0.26121371984481811523 0.20805570483207702637 0.22467236220836639404 0.25671997666358947754 0.28122150897979736328 1.3293159008026123047 0 0 3.6166517734527587891
0.63667404651641845703 0.64943993091583251953 0.66110235452651977539 0.68141704797744750977 0.70459389686584472656 0.73030126094818115234 0.67652517557144165039 0.7225220799446105957 0.53374809026718139648 0.54434865713119506836 0.51962757110595703125 0.51933783292770385742 0.51116740703582763672 0.52031809091567993164 0.50105232000350952148 0.37611848115921020508 0.37518960237503051758 0.36980840563774108887 0.36445891857147216797 0.34633269906044006348 0.33712136745452880859 0.31839975714683532715 0.30326685309410095215 0.30235576629638671875 0.28704175353050231934 0.52556461095809936523 0.2985846400260925293 0.26932480931282043457 0.26132911443710327148 0.2524788975715637207 0.2499644160270690918 0.24886357784271240234 0.24936860799789428711 0.25125831365585327148 0.20488035678863525391 0.23204368352890014648 0.24666461348533630371 1.0134710073471069336 6.6441025733947753906 0.4178835451602935791 0
0.4095192253589630127 0.42144319415092468262 0.4122276008129119873 0.42847579717636108398 0.45423105359077453613 0.49069464206695556641 0.44275125861167907715 0.46900033950805664062 0.50391376018524169922 0.54394143819808959961 0.58530992269515991211 0.55108040571212768555 0.5526707768440246582 0.53283339738845825195 0.39270454645156860352 0.37815585732460021973 0.37416830658912658691 0.37290531396865844727 0.35812130570411682129 0.36061310768127441406 0.36024796962738037109 0.35044682025909423828 0.34482839703559875488 0.32217568159103393555 0.57269495725631713867 0.35283678770065307617 0.29911276698112487793 0.29339119791984558105 0.28256341814994812012 0.2700004279613494873 0.26268601417541503906 0.26135075092315673828 0.25701045989990234375 0.25130122900009155273 0.25877067446708679199 0.22353734076023101807 0.2375644296407699585 1.1180865764617919922 1.2326323986053466797 0.3540566861629486084 0.33918043971061706543
0.37980878353118896484 0.37375408411026000977 0.37782904505729675293 0.37237760424613952637 0.37773159146308898926 0.39455419778823852539 0.4090633094310760498 0.42381465435028076172 0.45191541314125061035 0.52691030502319335938 0.55249577760696411133 0.55849480628967285156 0.54050922393798828125 0.43673738837242126465 0.41989922523498535156 0.39262956380844116211 0.38314551115036010742 0.37555971741676330566 0.37330973148345947266 0.37060758471488952637 0.3719717860221862793 0.38075861334800720215 0.36241957545280456543 0.61434847116470336914 0.41213041543960571289 0.33398497104644775391 0.32922452688217163086 0.32504498958587646484 0.31128039956092834473 0.2891318202018737793 0.27954173088073730469 0.27745363116264343262 0.26927337050437927246 0.2573273777961730957 0.25838842988014221191 0.27599161863327026367 0.29252424836158752441 0.13273292779922485352 0.13218337297439575195 0.24852141737937927246 0.26170203089714050293
0.36126321554183959961 0.35857498645782470703 0.35137727856636047363 0.34901297092437744141 0.35357651114463806152 0.36749190092086791992 0.38224568963050842285 0.39489576220512390137 0.42868539690971374512 0.45389565825462341309 0.4973824620246887207 0.49668082594871520996 0.4391110837459564209 0.46521228551864624023 0.45711740851402282715 0.41908332705497741699 0.39751756191253662109 0.40027019381523132324 0.39581462740898132324 0.38466084003448486328 0.38524135947227478027 0.38243234157562255859 0.64469087123870849609 0.44612219929695129395 0.35550025105476379395 0.35854309797286987305 0.36019524931907653809 0.36233636736869812012 0.3456268012523651123 0.3154297173023223877 0.3006508946418762207 0.29693946242332458496 0.28611603379249572754 0.26980251073837280273 0.26291024684906005859 0.27120360732078552246 0.27677175402641296387 0.64271134138107299805 0.70760560035705566406 0.25024574995040893555 0.25849172472953796387
0.36613714694976806641 0.35144832730293273926 0.34342724084854125977 0.3384532630443572998 0.33888781070709228516 0.34641525149345397949 0.35911586880683898926 0.38968268036842346191 0.39457732439041137695 0.41383180022239685059 0.42628192901611328125 0.40540209412574768066 0.42932930588722229004 0.46631658077239990234 0.47068578004837036133 0.43091610074043273926 0.41619822382926940918 0.41856330633163452148 0.41543206572532653809 0.40890812873840332031 0.39657887816429138184 0.64951455593109130859 0.46765959262847900391 0.36803176999092102051 0.36427953839302062988 0.37161478400230407715 0.37676832079887390137 0.37944087386131286621 0.3662300407886505127 0.33886262774467468262 0.32444736361503601074 0.32101240754127502441 0.30967104434967041016 0.29154720902442932129 0.2773895561695098877 0.26454943418502807617 0.26576599478721618652 0.99047619104385375977 1.489743351936340332 0.35308384895324707031 0.35301539301872253418
0.3663171231746673584 0.35770368576049804688 0.34834641218185424805 0.33980676531791687012 0.33465355634689331055 0.33464130759239196777 0.35637798905372619629 0.36365523934364318848 0.37692779302597045898 0.37411388754844665527 0.36671623587608337402 0.38646420836448669434 0.41000902652740478516 0.44381749629974365234 0.45393860340118408203 0.43833148479461669922 0.43009763956069946289 0.43219983577728271484 0.43367546796798706055 0.42827776074409484863 0.66386008262634277344 0.47192814946174621582 0.38980704545974731445 0.37393456697463989258 0.36905592679977416992 0.37586835026741027832 0.3790677487850189209 0.37938463687896728516 0.36913228034973144531 0.34911277890205383301 0.33955049514770507812 0.33960127830505371094 0.33294665813446044922 0.31994646787643432617 0.29737603664398193359 0.27226758003234863281 0.27268785238265991211 1.5133343935012817383 0.37065708637237548828 0.3296241462230682373 0.23652018606662750244
0.37026730179786682129 0.3670470118522644043 0.35873931646347045898 0.3480624854564666748 0.33892074227333068848 0.34832897782325744629 0.33990427851676940918 0.35227036476135253906 0.35454401373863220215 0.34268662333488464355 0.3517157435417175293 0.37124788761138916016 0.39055764675140380859 0.60246509313583374023 0.65932899713516235352 0.69741165637969970703 0.72857934236526489258 0.75845754146575927734 0.79545116424560546875 0.6737086176872253418 0.48313200473785400391 0.40747505426406860352 0.39269879460334777832 0.38089662790298461914 0.37652665376663208008 0.38026249408721923828 0.38013619184494018555 0.37634131312370300293 0.36586546897888183594 0.34908315539360046387 0.34241729974746704102 0.34472751617431640625 0.34670773148536682129 0.34900131821632385254 0.33415809273719787598 0.30619311332702636719 0.58699131011962890625 5.7153553962707519531 0.36718395352363586426 0.27084743976593017578 0.20763036608695983887
0.37333792448043823242 0.37675425410270690918 0.37284013628959655762 0.36358407139778137207 0.37276566028594970703 0.34502932429313659668 0.34077981114387512207 0.34064805507659912109 0.3379389345645904541 0.33748605847358703613 0.34364292025566101074 0.36013185977935791016 0.51897132396697998047 0.40005233883857727051 0.43222901225090026855 0.47074246406555175781 0.50948041677474975586 0.55131864547729492188 0.59543198347091674805 0.47004088759422302246 0.44771012663841247559 0.42445516586303710938 0.41809806227684020996 0.4253724515438079834 0.43164521455764770508 0.43764704465866088867 0.43544286489486694336 0.42485830187797546387 0.42972704768180847168 0.45866212248802185059 0.49277713894844055176 0.53106057643890380859 0.58090043067932128906 0.65022557973861694336 0.67249375581741333008 0.64472991228103637695 0.29830873012542724609 1.099829554557800293 0.2762114107608795166 0.26414844393730163574 0.25576442480087280273
0.37025779485702514648 0.37677815556526184082 0.37833130359649658203 0.4001598358154296875 0.36975574493408203125 0.35702827572822570801 0.34457504749298095703 0.3360277712345123291 0.33702859282493591309 0.33921948075294494629 0.34463527798652648926 0.4702466130256652832 0.37227475643157958984 0.37502932548522949219 0.38154888153076171875 0.43235132098197937012 0.5372111201286315918 0.65777266025543212891 0.43370661139488220215 0.43641644716262817383 0.4398218691349029541 0.41308045387268066406 0.41265377402305603027 0.43944570422172546387 0.45670166611671447754 0.46041271090507507324 0.45507952570915222168 0.44243681430816650391 0.35816493630409240723 0.33063057065010070801 0.31466445326805114746 0.30677595734596252441 0.31900063157081604004 0.35918951034545898438 0.3666000664234161377 0.33832031488418579102 0.31168371438980102539 1.6498656272888183594 0.36591497063636779785 0.30180242657661437988 0.26473331451416015625
0.36423012614250183105 0.36772447824478149414 0.39653727412223815918 0.37997341156005859375 0.37677338719367980957 0.36482977867126464844 0.35254347324371337891 0.34365478157997131348 0.34234544634819030762 0.34769034385681152344 0.43594157695770263672 0.36412006616592407227 0.3653564155101776123 0.36052602529525756836 0.37924820184707641602 0.46584650874137878418 0.65071845054626464844 0.42458716034889221191 0.41719987988471984863 0.42919629812240600586 0.45215612649917602539 0.40027546882629394531 0.43401822447776794434 0.50538152456283569336 0.57042431831359863281 0.62333810329437255859 0.65962040424346923828 0.68004959821701049805 0.67162984609603881836 0.64148724079132080078 0.62615698575973510742 0.62163180112838745117 0.67187070846557617188 0.80527281761169433594 0.62314486503601074219 0.61675429344177246094 0.60918611288070678711 28.6793212890625 0.64549005031585693359 0.59992480278015136719 0.56464481353759765625
