tests/data/reference/gistest/full/control/csheetvout_m3.asc
ncols        125
nrows        78
xllcorner    -713756.799299980048
yllcorner    -1061032.369616159936
cellsize     10.000000000000
NODATA_value  -9999
[rows 38 to 56 of 78, columns 42 to 83 of 125]
3.7507970333099365234 3.5210378170013427734 3.5466964244842529297 3.5115513801574707031 3.420070648193359375 3.3595902919769287109 3.3269121646881103516 3.3787901401519775391 3.5395843982696533203 3.5440802574157714844 2.7583417892456054688 2.6522979736328125 2.5671448707580566406 2.6708352565765380859 3.0481848716735839844 3.1387491226196289062 2.8793542385101318359 2.8118183612823486328 2.9152538776397705078 3.0278277397155761719 3.1534914970397949219 3.2602701187133789062 3.3304913043975830078 3.4338934421539306641 3.6204741001129150391 3.8715164661407470703 4.1938242912292480469 4.4682445526123046875 4.4912638664245605469 4.4063792228698730469 4.2923021316528320312 3.9337706565856933594 3.4708855152130126953 3.3456606864929199219 3.5375080108642578125 3.8177275657653808594 4.0140242576599121094 3.9657559394836425781 3.6449472904205322266 3.8556227684020996094 16.638370513916015625 16.314516067504882812
3.8011028766632080078 3.5898618698120117188 3.6558599472045898438 3.6623277664184570312 3.5998373031616210938 3.5167119503021240234 3.4365260601043701172 3.4660704135894775391 3.6139054298400878906 3.6159965991973876953 3.4448778629302978516 3.3325760364532470703 3.2535524368286132812 3.251216888427734375 3.3282372951507568359 3.2410719394683837891 3.0504884719848632812 2.96921539306640625 2.9744791984558105469 2.9986367225646972656 3.0443427562713623047 3.1071410179138183594 2.5427262783050537109 2.656219482421875 2.8152914047241210938 3.0115270614624023438 3.2195835113525390625 3.4615693092346191406 3.7351214885711669922 4.1061687469482421875 4.6686320304870605469 4.5893864631652832031 3.8973183631896972656 3.9214053153991699219 4.3701581954956054688 4.2968616485595703125 4.1402101516723632812 3.9388380050659179688 3.4925882816314697266 16.177228927612304688 184.543304443359375 3.4133086204528808594
3.7084836959838867188 3.6409363746643066406 3.7858433723449707031 3.8643059730529785156 3.8515081405639648438 3.7366528511047363281 3.5576753616333007812 3.4965224266052246094 3.5411157608032226562 3.5886211395263671875 3.6102595329284667969 3.5600886344909667969 3.4190309047698974609 3.2880661487579345703 3.1982164382934570312 3.0415740013122558594 2.8570640087127685547 2.7625801563262939453 2.7342736721038818359 2.7214539051055908203 2.7327077388763427734 2.7711710929870605469 2.8303570747375488281 2.9065465927124023438 3.0030977725982666016 3.1228957176208496094 2.6083216667175292969 2.7586312294006347656 2.9479894638061523438 3.2676293849945068359 3.8047833442687988281 3.9059414863586425781 0 3.7575986385345458984 5.5006985664367675781 5.8473215103149414062 4.9352431297302246094 4.1719713211059570312 3.465633392333984375 225.741119384765625 3.2231116294860839844 3.4816074371337890625
3.7492852210998535156 3.791172027587890625 3.9795641899108886719 4.0554461479187011719 3.989482879638671875 3.8689963817596435547 3.7187132835388183594 3.6412260532379150391 3.6108412742614746094 3.6549971103668212891 3.7409827709197998047 3.6587634086608886719 3.4883036613464355469 3.3731772899627685547 3.3155779838562011719 3.1990385055541992188 3.0148870944976806641 2.8921113014221191406 2.8231081962585449219 2.7567415237426757812 2.7176511287689208984 2.7244889736175537109 2.7514126300811767578 2.7721037864685058594 2.7931406497955322266 2.8350374698638916016 2.8910391330718994141 2.9513270854949951172 3.0354979038238525391 2.57617950439453125 2.9380991458892822266 3.1439378261566162109 2.9546411037445068359 0 0 6.7405734062194824219 6.3497171401977539062 4.4977374076843261719 18.450939178466796875 18.489927291870117188 3.6016063690185546875 3.1013348102569580078
3.9517841339111328125 4.0491776466369628906 4.2107729911804199219 4.1967673301696777344 4.0142040252685546875 3.936290740966796875 3.9618396759033203125 3.9706370830535888672 3.9043874740600585938 3.8533678054809570312 3.8343486785888671875 3.7089226245880126953 3.5521371364593505859 3.4721767902374267578 3.4568171501159667969 3.3900268077850341797 3.2323052883148193359 3.1079869270324707031 3.0252084732055664062 2.9170134067535400391 2.8150844573974609375 2.7756252288818359375 2.7726931571960449219 2.7569754123687744141 2.7320740222930908203 2.7272608280181884766 2.7387492656707763672 2.7409512996673583984 2.7523112297058105469 2.8353781700134277344 3.0152602195739746094 2.5308132171630859375 2.5644524097442626953 2.7474303245544433594 3.3287720680236816406 0 0 23.554319381713867188 294.9891357421875 4.2398242950439453125 4.3212666511535644531 3.566196441650390625
4.2243361473083496094 4.280242919921875 4.3049187660217285156 4.2309856414794921875 4.07541656494140625 4.0964040756225585938 4.2740840911865234375 4.3388957977294921875 4.2182288169860839844 4.0276560783386230469 3.9009222984313964844 3.8201072216033935547 3.7287971973419189453 3.6683714389801025391 3.6621794700622558594 3.6310908794403076172 3.5212502479553222656 3.4327669143676757812 3.3789510726928710938 3.2479183673858642578 3.0661637783050537109 2.9515635967254638672 2.8979866504669189453 2.8468098640441894531 2.7881188392639160156 2.7480823993682861328 2.7245922088623046875 2.6793673038482666016 2.6287937164306640625 2.6296792030334472656 2.6840698719024658203 2.7533524036407470703 2.1744940280914306641 2.355083465576171875 2.6939427852630615234 2.9546234607696533203 16.064605712890625 0 0 24.312191009521484375 4.8967690467834472656 4.2929401397705078125
4.2358279228210449219 4.2075972557067871094 4.1189942359924316406 4.1035637855529785156 4.1296663284301757812 4.2372040748596191406 4.4299669265747070312 4.5276098251342773438 4.4735665321350097656 4.2437424659729003906 4.041095733642578125 3.9722528457641601562 3.9274489879608154297 3.8542768955230712891 3.8073191642761230469 3.7860436439514160156 3.7309255599975585938 3.6888506412506103516 3.6853756904602050781 3.5861182212829589844 3.3825778961181640625 3.2158465385437011719 3.10956573486328125 3.0284397602081298828 2.9496543407440185547 2.8859918117523193359 2.8383669853210449219 2.7564446926116943359 2.6614298820495605469 2.62061309814453125 2.6226673126220703125 2.6285576820373535156 2.6491935253143310547 2.1411678791046142578 2.4361383914947509766 2.5894541740417480469 13.198743820190429688 58.538272857666015625 3.3351566791534423828 0 0 4.6207537651062011719
3.9285027980804443359 3.9224798679351806641 3.8476953506469726562 3.8717229366302490234 3.9911711215972900391 4.0986986160278320312 4.2375025749206542969 4.4262533187866210938 4.6240234375 4.5853476524353027344 4.36761474609375 4.2621359825134277344 4.2115125656127929688 4.0600447654724121094 3.9015002250671386719 3.8508665561676025391 3.8388948440551757812 3.8229711055755615234 3.8510985374450683594 3.8467643260955810547 3.7368013858795166016 3.5748643875122070312 3.4241323471069335938 3.3244788646697998047 3.2440724372863769531 3.1704509258270263672 3.1096260547637939453 2.9877858161926269531 2.8392333984375 2.7725725173950195312 2.7585005760192871094 2.7122125625610351562 2.6508142948150634766 2.730926513671875 2.3449420928955078125 2.4967241287231445312 12.456869125366210938 10.000288009643554688 2.9233891963958740234 3.1324481964111328125 3.2722613811492919922 0
3.6431276798248291016 3.650478363037109375 3.6267192363739013672 3.6654169559478759766 3.7849488258361816406 3.8811030387878417969 3.9792959690093994141 4.1692228317260742188 4.4692091941833496094 4.6360783576965332031 4.5519971847534179688 4.5330357551574707031 4.5850701332092285156 4.4043822288513183594 4.1131234169006347656 4.0105438232421875 4.0286045074462890625 4.0032896995544433594 3.9722108840942382812 3.9867832660675048828 3.9915034770965576172 3.8730552196502685547 3.6929049491882324219 3.6002466678619384766 3.5592606067657470703 3.5100238323211669922 3.4642159938812255859 3.3004872798919677734 3.0642638206481933594 2.9548861980438232422 2.9316687583923339844 2.8445801734924316406 2.7164113521575927734 2.7275969982147216797 2.9159059524536132812 3.0427885055541992188 4.2009272575378417969 4.2003164291381835938 2.6040141582489013672 2.7499208450317382812 2.7856113910675048828 3.0512609481811523438
3.5191936492919921875 3.4807486534118652344 3.4585678577423095703 3.4933364391326904297 3.6055185794830322266 3.7232472896575927734 3.8189098834991455078 3.9383785724639892578 4.1590905189514160156 4.3966317176818847656 4.505519866943359375 4.6709237098693847656 4.9554386138916015625 4.8631043434143066406 4.4459824562072753906 4.2785601615905761719 4.3081111907958984375 4.2586684226989746094 4.1340208053588867188 4.0819840431213378906 4.106227874755859375 4.0289134979248046875 3.8551568984985351562 3.7977550029754638672 3.8352224826812744141 3.8547368049621582031 3.8682346343994140625 3.6886427402496337891 3.3588132858276367188 3.1936318874359130859 3.151477813720703125 3.0299205780029296875 2.8500843048095703125 2.7762143611907958984 2.8368244171142578125 2.9254839420318603516 8.4703626632690429688 11.792458534240722656 2.5687062740325927734 2.6297042369842529297 2.5493135452270507812 2.6178367137908935547
3.5196979045867919922 3.4455809593200683594 3.3963980674743652344 3.3974115848541259766 3.466129302978515625 3.5802371501922607422 3.7079877853393554688 3.8039386272430419922 3.928569793701171875 4.1336050033569335938 4.3350806236267089844 4.5968122482299804688 5.008838653564453125 5.0572152137756347656 4.4429769515991210938 4.4406194686889648438 4.4437170028686523438 4.4375405311584472656 4.3701786994934082031 4.2680382728576660156 4.2235894203186035156 4.1233935356140136719 3.9455568790435791016 3.8973958492279052734 3.9782986640930175781 4.0386142730712890625 4.0675110816955566406 3.9191188812255859375 3.6102757453918457031 3.452117919921875 3.4139862060546875 3.2871582508087158203 3.0862472057342529297 2.9120900630950927734 2.793914794921875 2.8068165779113769531 13.331606864929199219 13.717585563659667969 2.5985028743743896484 2.57033538818359375 2.3937671184539794922 2.3917596340179443359
3.6178822517395019531 3.5273125171661376953 3.4448428153991699219 3.39771270751953125 3.4004850387573242188 3.4751927852630615234 3.6163403987884521484 3.7176029682159423828 3.7705945968627929688 3.9139049053192138672 4.1383638381958007812 4.4010977745056152344 4.7757067680358886719 4.4416246414184570312 4.7479405403137207031 4.6464323997497558594 4.6621446609497070312 4.6665201187133789062 4.4431338310241699219 4.5122098922729492188 4.3510341644287109375 4.1851630210876464844 4.0042901039123535156 3.9560816287994384766 4.0310807228088378906 4.0634660720825195312 4.0729856491088867188 3.9559144973754882812 3.7261285781860351562 3.6193792819976806641 3.6162400245666503906 3.5393383502960205078 3.3903965950012207031 3.1490957736968994141 2.8760409355163574219 2.7978520393371582031 13.296265602111816406 3.0858418941497802734 3.0954344272613525391 2.401947021484375 2.2554633617401123047 2.2412178516387939453
3.7469859123229980469 3.6665470600128173828 3.5664033889770507812 3.4814078807830810547 3.4263577461242675781 3.4516489505767822266 3.5653054714202880859 3.6487174034118652344 3.6538767814636230469 3.7520146369934082031 3.9719517230987548828 4.1914243698120117188 4.4411520957946777344 4.6424603462219238281 4.6933188438415527344 4.6909761428833007812 4.681781768798828125 4.7171597480773925781 4.7849626541137695312 4.6527237892150878906 4.3774886131286621094 4.2241406440734863281 4.0905480384826660156 4.0368986129760742188 4.0732679367065429688 4.0635313987731933594 4.0082955360412597656 3.8750269412994384766 3.6761267185211181641 3.5888097286224365234 3.5939626693725585938 3.593730926513671875 3.5863938331604003906 3.3989560604095458984 3.0864892005920410156 2.9398303031921386719 45.659152984619140625 3.0554437637329101562 2.8603975772857666016 2.1719985008239746094 2.1083326339721679688 2.1119060516357421875
3.8913636207580566406 3.8547060489654541016 3.7637598514556884766 3.6536965370178222656 3.5449504852294921875 3.5065109729766845703 3.5531630516052246094 3.6044025421142578125 3.5998072624206542969 3.6669454574584960938 3.8480546474456787109 3.9976637363433837891 4.120563507080078125 4.3150081634521484375 4.5405364036560058594 4.6196813583374023438 4.5790495872497558594 4.6119723320007324219 4.7180528640747070312 4.6049604415893554688 4.3054075241088867188 4.1835465431213378906 4.1838636398315429688 4.1627898216247558594 4.1424741744995117188 4.0810122489929199219 3.9783921241760253906 3.7931842803955078125 3.5618076324462890625 3.4524810314178466797 3.4316167831420898438 3.5138354301452636719 3.7210354804992675781 3.6683986186981201172 3.3663318157196044922 3.1504404544830322266 5.7992234230041503906 2.9193651676177978516 2.789337158203125 2.69960784912109375 1.9907058477401733398 1.9971947669982910156
3.9385540485382080078 3.9595913887023925781 3.9226982593536376953 3.8337759971618652344 3.7110381126403808594 3.6248822212219238281 3.5836510658264160156 3.5943539142608642578 3.6181740760803222656 3.6770825386047363281 3.8091378211975097656 3.890415191650390625 3.9185748100280761719 4.0914912223815917969 4.4386930465698242188 4.573955535888671875 4.4999098777770996094 4.4964914321899414062 4.5699400901794433594 4.4320178031921386719 4.1060023307800292969 4.0436177253723144531 4.2084565162658691406 4.2774152755737304688 4.2508592605590820312 4.1811947822570800781 4.0738444328308105469 3.8295297622680664062 3.5254130363464355469 3.3493783473968505859 3.2602431774139404297 3.3944907188415527344 3.8311440944671630859 3.9153301715850830078 3.5972859859466552734 3.3098504543304443359 10.257953643798828125 3.0489394664764404297 2.8362529277801513672 2.6781766414642333984 2.5564806461334228516 1.9038829803466796875
3.8781216144561767578 3.9372870922088623047 3.9823558330535888672 3.9593083858489990234 3.8661146163940429688 3.7659344673156738281 3.6650373935699462891 3.6500844955444335938 3.7110426425933837891 3.7669088840484619141 3.8382015228271484375 3.8496336936950683594 3.7981894016265869141 3.9677977561950683594 4.4048976898193359375 4.5888471603393554688 4.4809918403625488281 4.4267778396606445312 4.4302496910095214844 4.2408838272094726562 3.8977138996124267578 3.8466386795043945312 4.0701413154602050781 4.2432980537414550781 4.3277211189270019531 4.3064208030700683594 4.1985998153686523438 3.9344663619995117188 3.5814182758331298828 3.3493688106536865234 3.1976423263549804688 3.3410303592681884766 3.8822162151336669922 3.9705801010131835938 3.6034259796142578125 3.3133094310760498047 198.435394287109375 3.001445770263671875 2.7976856231689453125 2.6294202804565429688 2.4789628982543945312 2.4754338264465332031
3.8708310127258300781 3.9060959815979003906 3.9609961509704589844 3.9458928108215332031 3.8545734882354736328 3.7711589336395263672 3.6899571418762207031 3.6982610225677490234 3.7947568893432617188 3.8270068168640136719 3.8310639858245849609 3.7945168018341064453 3.6993634700775146484 3.855556488037109375 4.3307356834411621094 4.5457792282104492188 4.43566131591796875 4.3606739044189453125 4.3309412002563476562 4.1351308822631835938 3.7906901836395263672 3.6979758739471435547 3.8404557704925537109 4.040042877197265625 4.2799735069274902344 4.3253874778747558594 4.184844970703125 3.9435734748840332031 3.6370854377746582031 3.4115240573883056641 3.2425525188446044922 3.3889882564544677734 3.986419677734375 4.0460205078125 3.532558441162109375 3.2048580646514892578 14.709788322448730469 2.9399280548095703125 2.7363076210021972656 2.5758655071258544922 2.4363646507263183594 2.4422502517700195312
3.9274954795837402344 3.9197235107421875 3.9354758262634277344 3.8857250213623046875 3.7739698886871337891 3.7084431648254394531 3.6724562644958496094 3.7004821300506591797 3.8012430667877197266 3.8010466098785400391 3.7436025142669677734 3.7036225795745849609 3.6316816806793212891 3.7721195220947265625 4.2046504020690917969 4.4092650413513183594 4.3279905319213867188 4.2558121681213378906 4.2087697982788085938 4.0655961036682128906 3.7916729450225830078 3.6537978649139404297 3.6564486026763916016 3.8044531345367431641 4.111934661865234375 4.192539215087890625 4.0304751396179199219 3.8460493087768554688 3.6342453956604003906 3.4523346424102783203 3.2986903190612792969 3.4317972660064697266 3.9889159202575683594 3.9811670780181884766 3.3857543468475341797 3.0469174385070800781 13.028509140014648438 2.6845691204071044922 2.5775520801544189453 2.4952778816223144531 2.4377598762512207031 2.4646272659301757812
3.9483218193054199219 3.9353666305541992188 3.9313471317291259766 3.8572103977203369141 3.7242708206176757812 3.6596262454986572266 3.6479229927062988281 3.6835665702819824219 3.7697305679321289062 3.7212157249450683594 3.5959696769714355469 3.5792822837829589844 3.5972731113433837891 3.7190563678741455078 4.0299711227416992188 4.2065062522888183594 4.1792783737182617188 4.1087388992309570312 4.011585235595703125 3.9262080192565917969 3.8100824356079101562 3.6702768802642822266 3.5626239776611328125 3.6435370445251464844 3.9247872829437255859 3.9980006217956542969 3.8334550857543945312 3.6895089149475097656 3.554813385009765625 3.4197127819061279297 3.2905445098876953125 3.3580443859100341797 3.6770243644714355469 3.6168386936187744141 3.2099614143371582031 13.48273468017578125 12.335338592529296875 2.6173276901245117188 2.561702728271484375 2.5404610633850097656 2.5521547794342041016 2.5630884170532226562
