tests/data/reference/gistest/full/control/csheetvout_m3.asc
ncols        125
nrows        78
xllcorner    -713756.799299980048
yllcorner    -1061032.369616159936
cellsize     10.000000000000
NODATA_value  -9999
[rows 19 to 37 of 78, columns 42 to 83 of 125]
3.3998434543609619141 3.3898329734802246094 3.4014391899108886719 3.4199368953704833984 3.4624016284942626953 3.5172834396362304688 3.5626044273376464844 3.5627667903900146484 3.4778006076812744141 3.369922637939453125 3.2831223011016845703 3.2333459854125976562 3.1983263492584228516 3.1515636444091796875 3.1053411960601806641 3.1063206195831298828 3.1540677547454833984 3.1990504264831542969 3.2470095157623291016 3.3136429786682128906 3.4034407138824462891 3.5188834667205810547 3.6241183280944824219 3.6429791450500488281 3.5947155952453613281 3.5714168548583984375 3.6630573272705078125 4.0057129859924316406 4.5821123123168945312 5.0602869987487792969 5.4803285598754882812 4.4629406929016113281 5.7914490699768066406 5.9411749839782714844 5.7813935279846191406 4.7398982048034667969 4.1350989341735839844 3.9346649646759033203 4.0333967208862304688 -9999 -9999 -9999
3.3473186492919921875 3.2861032485961914062 3.2727112770080566406 3.2990407943725585938 3.3388943672180175781 3.3707842826843261719 3.3895249366760253906 3.3791544437408447266 3.313503265380859375 3.24982452392578125 3.2258059978485107422 3.2070269584655761719 3.1524329185485839844 3.0921926498413085938 3.0596563816070556641 3.0648968219757080078 3.0925261974334716797 3.1234631538391113281 3.1739695072174072266 3.2483675479888916016 3.3487162590026855469 3.4255046844482421875 3.4375529289245605469 3.4182708263397216797 3.3871543407440185547 3.4395177364349365234 3.6499927043914794922 4.0281553268432617188 4.4893236160278320312 4.7972555160522460938 4.999912261962890625 5.2383303642272949219 4.4639348983764648438 4.4622836112976074219 5.6612186431884765625 4.8275523185729980469 4.1809492111206054688 3.8361604213714599609 3.7880270481109619141 3.9845130443572998047 4.3026170730590820312 -9999
3.3158197402954101562 3.2236859798431396484 3.190761566162109375 3.2164978981018066406 3.2625472545623779297 3.2974996566772460938 3.2960138320922851562 3.2550179958343505859 3.1936595439910888672 3.1644840240478515625 3.1864438056945800781 3.1825063228607177734 3.0961675643920898438 3.0268175601959228516 3.0237174034118652344 3.0481438636779785156 3.0776865482330322266 3.1212825775146484375 3.1865341663360595703 3.2440550327301025391 3.2773313522338867188 3.272979736328125 3.2666022777557373047 3.3011534214019775391 3.3543841838836669922 3.5125308036804199219 3.7856304645538330078 4.0466356277465820312 4.2892513275146484375 4.4760823249816894531 4.6347279548645019531 4.7568097114562988281 4.8369703292846679688 4.4675855636596679688 4.859409332275390625 4.8652482032775878906 4.7013101577758789062 4.33121490478515625 3.9255659580230712891 3.6531682014465332031 3.7204749584197998047 4.1557097434997558594
3.3316962718963623047 3.2391316890716552734 3.1967742443084716797 3.2115640640258789062 3.2477011680603027344 3.27426910400390625 3.2582349777221679688 3.2039897441864013672 3.1504616737365722656 3.1348977088928222656 3.1503403186798095703 3.1240735054016113281 3.0242629051208496094 2.9768843650817871094 3.0119588375091552734 3.050628662109375 3.0761883258819580078 3.1191153526306152344 3.1844954490661621094 3.2198572158813476562 3.2051627635955810547 3.1936933994293212891 3.2269413471221923828 3.2931275367736816406 3.3787658214569091797 3.5717787742614746094 3.8512587547302246094 4.0924391746520996094 4.2532420158386230469 4.2978634834289550781 4.3313531875610351562 4.329578399658203125 4.2561545372009277344 4.2124013900756835938 4.4087667465209960938 4.468288421630859375 4.6649518013000488281 4.4684724807739257812 4.2065196037292480469 3.8954715728759765625 3.8013505935668945312 4.0030412673950195312
3.3979704380035400391 3.3344595432281494141 3.2921040058135986328 3.2841069698333740234 3.2924623489379882812 3.298305511474609375 3.2721683979034423828 3.2202413082122802734 3.1767799854278564453 3.1483843326568603516 3.1043748855590820312 3.0261251926422119141 2.954868316650390625 2.9644274711608886719 3.0269701480865478516 3.0594930648803710938 3.0678722858428955078 3.1008851528167724609 3.1691315174102783203 3.2098517417907714844 3.2051377296447753906 3.2258083820343017578 3.2683691978454589844 3.3107342720031738281 3.4025468826293945312 3.6105568408966064453 3.9105582237243652344 4.2294416427612304688 4.3802137374877929688 4.2394132614135742188 4.0806112289428710938 3.9584026336669921875 3.8576219081878662109 3.8280005455017089844 3.9324069023132324219 4.1300549507141113281 4.3157801628112792969 4.551746368408203125 4.8335328102111816406 5.0806450843811035156 4.7956843376159667969 4.2313284873962402344
3.4290227890014648438 3.3851017951965332031 3.3476607799530029297 3.3238353729248046875 3.3075540065765380859 3.2891068458557128906 3.2469081878662109375 3.1887183189392089844 3.1382300853729248047 3.0863864421844482422 3.0124666690826416016 2.9395143985748291016 2.916545867919921875 2.9575946331024169922 3.0203645229339599609 3.0593879222869873047 3.0820727348327636719 3.1259744167327880859 3.1934411525726318359 3.2218682765960693359 3.2129642963409423828 3.2273213863372802734 3.2488141059875488281 3.3087828159332275391 3.4549746513366699219 3.6693444252014160156 3.9203402996063232422 4.1605792045593261719 4.2404623031616210938 4.0749821662902832031 3.8759787082672119141 3.7196023464202880859 3.6159045696258544922 3.5937337875366210938 3.6461734771728515625 3.7719075679779052734 4.0356030464172363281 4.4365816116333007812 4.9089322090148925781 5.2463483810424804688 5.1253457069396972656 4.5436491966247558594
3.4216592311859130859 3.3865444660186767578 3.3576824665069580078 3.3273744583129882812 3.2918877601623535156 3.2470521926879882812 3.1837246417999267578 3.1106734275817871094 3.03591156005859375 2.9631419181823730469 2.9062182903289794922 2.8821718692779541016 2.8912327289581298828 2.9271473884582519531 2.9938642978668212891 3.0739960670471191406 3.1483581066131591797 3.213581085205078125 3.2424716949462890625 3.2153613567352294922 3.1767797470092773438 3.1791923046112060547 3.2247288227081298828 3.3471689224243164062 3.5363609790802001953 3.6978008747100830078 3.8068757057189941406 3.8826701641082763672 3.9060840606689453125 3.8285748958587646484 3.6977634429931640625 3.5649285316467285156 3.4743051528930664062 3.4599831104278564453 3.5015084743499755859 3.5778074264526367188 3.7045023441314697266 3.8748083114624023438 4.058441162109375 4.2755603790283203125 4.5877346992492675781 4.8968791961669921875
3.4441182613372802734 3.4236474037170410156 3.3904094696044921875 3.3311903476715087891 3.2519755363464355469 3.1645104885101318359 3.0854463577270507812 3.0176861286163330078 2.9411509037017822266 2.8697493076324462891 2.8354544639587402344 2.8420226573944091797 2.8737645149230957031 2.9298255443572998047 3.0259990692138671875 3.1341633796691894531 3.2184600830078125 3.2559628486633300781 3.2202999591827392578 3.1677463054656982422 3.1421573162078857422 3.1637485027313232422 3.2452719211578369141 3.3775770664215087891 3.5202693939208984375 3.6237437725067138672 3.6972322463989257812 3.7751498222351074219 3.8266587257385253906 3.7770266532897949219 3.6694214344024658203 3.5616502761840820312 3.4871382713317871094 3.4710433483123779297 3.4830744266510009766 3.4947745800018310547 3.5102171897888183594 3.5364782810211181641 3.6064624786376953125 3.7828197479248046875 4.1576333045959472656 4.6474232673645019531
3.5018258094787597656 3.4984540939331054688 3.4443564414978027344 3.3313558101654052734 3.1846539974212646484 3.04638671875 2.9624559879302978516 2.9184453487396240234 2.8592708110809326172 2.8041243553161621094 2.787689208984375 2.8110916614532470703 2.8783707618713378906 2.9861900806427001953 3.1186876296997070312 3.2188446521759033203 3.246662139892578125 3.2178552150726318359 3.1539440155029296875 3.1247434616088867188 3.1365816593170166016 3.1793358325958251953 3.2592968940734863281 3.3413674831390380859 3.4126453399658203125 3.5064020156860351562 3.6564257144927978516 3.8427946567535400391 3.9549190998077392578 3.8937129974365234375 3.784885406494140625 3.7118511199951171875 3.6573357582092285156 3.6275272369384765625 3.5855538845062255859 3.5100762844085693359 3.4337728023529052734 3.3823595046997070312 3.3915269374847412109 3.4856474399566650391 3.6638514995574951172 3.917266845703125
3.5103859901428222656 3.4451813697814941406 3.3502180576324462891 3.2223296165466308594 3.0736780166625976562 2.9491736888885498047 2.8883464336395263672 2.8620285987854003906 2.8112597465515136719 2.7727081775665283203 2.7819762229919433594 2.8316018581390380859 2.928585052490234375 3.0551252365112304688 3.1757106781005859375 3.2398741245269775391 3.2331526279449462891 3.1897702217102050781 3.12762451171875 3.1009621620178222656 3.1156787872314453125 3.1595110893249511719 3.2334923744201660156 3.3070635795593261719 3.3889203071594238281 3.5274007320404052734 3.7332396507263183594 3.9089910984039306641 3.94663238525390625 3.8401515483856201172 3.7229015827178955078 3.6589686870574951172 3.6221666336059570312 3.6094670295715332031 3.5763452053070068359 3.4888677597045898438 3.3761439323425292969 3.2883501052856445312 3.2761175632476806641 3.3423225879669189453 3.4432885646820068359 3.6068580150604248047
2.7987337112426757812 3.2646434307098388672 3.1374087333679199219 3.0341689586639404297 2.9390289783477783203 2.8752269744873046875 2.8547425270080566406 2.8399157524108886719 2.7931606769561767578 2.7754299640655517578 2.8229935169219970703 2.9084174633026123047 3.0192167758941650391 3.1209287643432617188 3.1822161674499511719 3.2007839679718017578 3.2083151340484619141 3.1987595558166503906 3.1226851940155029297 3.0634169578552246094 3.0641410350799560547 3.1086754798889160156 3.1965723037719726562 3.3136258125305175781 3.4801893234252929688 3.6967952251434326172 3.8850245475769042969 3.9100348949432373047 3.7915222644805908203 3.6308915615081787109 3.4991056919097900391 3.4214537143707275391 3.4021382331848144531 3.4334065914154052734 3.4622254371643066406 3.4326343536376953125 3.3327276706695556641 3.2426350116729736328 3.24082183837890625 3.3164763450622558594 3.4046957492828369141 3.5273995399475097656
3.2866065502166748047 3.1424520015716552734 2.934207916259765625 2.7180871963500976562 3.17433929443359375 3.0646939277648925781 2.9963841438293457031 2.9253776073455810547 2.8610577583312988281 2.8750066757202148438 2.9711709022521972656 3.0828619003295898438 3.1756863594055175781 3.2176694869995117188 3.2091264724731445312 3.1870846748352050781 3.1870081424713134766 3.1742937564849853516 3.0898749828338623047 3.0506947040557861328 3.0922594070434570312 3.1722784042358398438 3.2950537204742431641 3.4494287967681884766 3.6441652774810791016 3.8051779270172119141 3.8314156532287597656 3.7158169746398925781 3.5373749732971191406 3.3919062614440917969 3.3019056320190429688 3.2653322219848632812 3.2872028350830078125 3.3476097583770751953 3.3932182788848876953 3.3772778511047363281 3.2876563072204589844 3.2251255512237548828 3.2397320270538330078 3.2919833660125732422 3.3372323513031005859 3.404293060302734375
3.5006783008575439453 3.9703874588012695312 4.2739911079406738281 3.8958389759063720703 3.3385593891143798828 2.9854874610900878906 3.3437337875366210938 3.1236362457275390625 3.0327351093292236328 3.1092348098754882812 3.2759978771209716797 3.4006402492523193359 3.4204506874084472656 3.3505468368530273438 3.2622478008270263672 3.1971061229705810547 3.1477639675140380859 3.0953996181488037109 3.0592799186706542969 3.1143703460693359375 3.2408049106597900391 3.3845782279968261719 3.5597515106201171875 3.7196018695831298828 3.8129222393035888672 3.7568542957305908203 3.5887899398803710938 3.4105467796325683594 3.2494256496429443359 3.155620574951171875 3.1398181915283203125 3.1760847568511962891 3.2519659996032714844 3.3300566673278808594 3.3586883544921875 3.3217108249664306641 3.2491502761840820312 3.2400491237640380859 3.2726714611053466797 3.2752790451049804688 3.2562303543090820312 3.2589814662933349609
2.8244674205780029297 3.0065171718597412109 3.3561434745788574219 3.6974816322326660156 3.8168692588806152344 3.7536623477935791016 3.4972021579742431641 3.2016112804412841797 3.0889887809753417969 3.7729461193084716797 3.9202897548675537109 3.9570105075836181641 3.8253631591796875 3.6410729885101318359 3.4877910614013671875 3.3667104244232177734 3.2583992481231689453 3.1714906692504882812 3.1555457115173339844 3.2317187786102294922 3.3429098129272460938 3.4603524208068847656 3.5913450717926025391 3.6604366302490234375 3.6319556236267089844 3.5112078189849853516 3.3543236255645751953 3.2301821708679199219 3.1389765739440917969 3.1184689998626708984 3.1637187004089355469 3.2241728305816650391 3.2909390926361083984 3.3343100547790527344 3.323825836181640625 3.2722237110137939453 3.2302968502044677734 3.2755541801452636719 3.3433935642242431641 3.3442270755767822266 3.3082470893859863281 3.2763857841491699219
2.665252685546875 2.5896315574645996094 2.5926120281219482422 2.6561629772186279297 2.7769515514373779297 2.9486665725708007812 3.1538839340209960938 3.5723438262939453125 4.3131375312805175781 4.8308153152465820312 4.9289121627807617188 4.948688507080078125 4.4788737297058105469 4.1721520423889160156 3.9502961635589599609 3.7401835918426513672 3.5516474246978759766 3.4186928272247314453 3.3513994216918945312 3.3243498802185058594 3.3110647201538085938 3.3165643215179443359 3.3252179622650146484 3.2987844944000244141 3.2593767642974853516 3.2208008766174316406 3.1810021400451660156 3.1694314479827880859 3.1896331310272216797 3.2683458328247070312 3.3704183101654052734 3.4096355438232421875 3.4032247066497802734 3.3575947284698486328 3.2874550819396972656 3.2296433448791503906 3.2302229404449462891 3.3343353271484375 3.4575958251953125 3.5057194232940673828 3.5003278255462646484 3.4543776512145996094
3.2707462310791015625 3.1408464908599853516 2.4042770862579345703 2.3571033477783203125 2.3563618659973144531 2.3941512107849121094 2.4603238105773925781 2.7036550045013427734 3.2706205844879150391 4.0936403274536132812 5.2040767669677734375 5.4011106491088867188 4.5696587562561035156 4.0355734825134277344 3.6923241615295410156 3.9650347232818603516 3.7016241550445556641 3.5108377933502197266 3.3873867988586425781 3.2854926586151123047 3.2068753242492675781 3.1555562019348144531 3.1074299812316894531 3.0583815574645996094 3.0372622013092041016 3.0457527637481689453 3.0796725749969482422 3.1554875373840332031 3.2667505741119384766 3.4196298122406005859 2.9562335014343261719 3.6363067626953125 3.6072340011596679688 3.5012559890747070312 3.3852384090423583984 3.3263368606567382812 3.3657684326171875 3.5132033824920654297 3.6429553031921386719 3.6756420135498046875 3.6640694141387939453 3.5837759971618652344
3.2346324920654296875 3.1890523433685302734 3.1596932411193847656 3.1152994632720947266 2.4211151599884033203 2.3822758197784423828 2.3469033241271972656 2.4447453022003173828 2.7368483543395996094 3.1248676776885986328 3.6984128952026367188 4.1413235664367675781 3.9833950996398925781 3.7826354503631591797 3.658084869384765625 3.3937494754791259766 3.0189759731292724609 2.7692089080810546875 2.625408172607421875 2.5079822540283203125 2.4224185943603515625 2.3597369194030761719 2.2994627952575683594 2.2583432197570800781 2.2519042491912841797 2.2811236381530761719 2.3696203231811523438 2.5254983901977539062 2.7201464176177978516 2.9512484073638916016 3.19872283935546875 3.367767333984375 3.3653087615966796875 3.2048215866088867188 3.037387847900390625 3.5990240573883056641 3.6850216388702392578 3.8608987331390380859 3.9375045299530029297 3.8730740547180175781 3.7937157154083251953 3.6582250595092773438
3.3126113414764404297 3.2771763801574707031 3.29462432861328125 3.2570054531097412109 3.1784946918487548828 3.1071903705596923828 2.3926589488983154297 2.4368045330047607422 2.6220998764038085938 2.8171892166137695312 3.0819361209869384766 3.2698178291320800781 3.1610777378082275391 3.1962049007415771484 3.4487402439117431641 3.3313701152801513672 2.9284081459045410156 2.7552576065063476562 2.7391612529754638672 2.7105982303619384766 2.6849050521850585938 2.6517622470855712891 2.6056742668151855469 2.6016571521759033203 2.6416296958923339844 2.7092497348785400391 2.8346426486968994141 2.9931621551513671875 3.1463713645935058594 3.3180527687072753906 3.4989385604858398438 3.5717954635620117188 3.4626796245574951172 3.2847299575805664062 3.1923742294311523438 3.2580106258392333984 3.4416348934173583984 4.1676115989685058594 4.1489701271057128906 3.9764564037322998047 3.8202507495880126953 3.6579940319061279297
3.5364043712615966797 3.4167425632476806641 3.4465765953063964844 3.4116973876953125 3.3198761940002441406 3.2497975826263427734 3.1955287456512451172 3.2362644672393798828 2.7595860958099365234 2.8467659950256347656 2.8993201255798339844 2.9021182060241699219 2.7560062408447265625 2.8344528675079345703 3.2327313423156738281 3.2619137763977050781 2.9185011386871337891 2.8540568351745605469 3.0196449756622314453 3.1860628128051757812 3.3520634174346923828 3.4670855998992919922 3.5242240428924560547 3.6866624355316162109 3.9693033695220947266 4.271087646484375 4.51415252685546875 4.4278035163879394531 4.1314301490783691406 3.9080891609191894531 3.7392747402191162109 3.508907318115234375 3.2361664772033691406 3.1128268241882324219 3.2150981426239013672 3.5004942417144775391 3.7900919914245605469 3.8668787479400634766 4.2283368110656738281 3.9464771747589111328 3.7296819686889648438 16.470506668090820312
