tests/data/reference/gistest/full/control/csheetvout_m3.asc
ncols        125
nrows        78
xllcorner    -713756.799299980048
yllcorner    -1061032.369616159936
cellsize     10.000000000000
NODATA_value  -9999
[rows 57 to 75 of 78, columns 42 to 83 of 125]
3.9744741916656494141 3.9762289524078369141 3.9745662212371826172 3.8855218887329101562 3.7277185916900634766 3.6350839138031005859 3.6055052280426025391 3.6389751434326171875 3.7193050384521484375 3.6240885257720947266 3.4287073612213134766 3.4525394439697265625 3.6150820255279541016 3.6973061561584472656 3.8255481719970703125 3.9693655967712402344 4.0223793983459472656 3.9784536361694335938 3.8510503768920898438 3.789310455322265625 3.7807204723358154297 3.6913359165191650391 3.54827117919921875 3.5688393115997314453 3.7747712135314941406 3.8256926536560058594 3.6768403053283691406 3.5491766929626464844 3.4441351890563964844 3.3423378467559814453 3.2421030998229980469 3.2427644729614257812 3.3622298240661621094 3.32012939453125 3.1076762676239013672 13.350461959838867188 12.298219680786132812 2.6426148414611816406 2.6470584869384765625 2.6763696670532226562 2.7272183895111083984 2.6838200092315673828
4.0184435844421386719 4.0344305038452148438 4.0596437454223632812 3.9967210292816162109 3.853057861328125 3.7473390102386474609 3.6849296092987060547 3.7009077072143554688 3.7912361621856689453 3.6548476219177246094 3.3481338024139404297 3.3853113651275634766 3.7248935699462890625 3.8047735691070556641 3.7676589488983154297 3.8422701358795166016 3.9279725551605224609 3.9106557369232177734 3.7873303890228271484 3.7203011512756347656 3.7253119945526123047 3.6771416664123535156 3.5624489784240722656 3.5432455539703369141 3.6568577289581298828 3.6862998008728027344 3.5780713558197021484 3.4598004817962646484 3.3492493629455566406 3.2519395351409912109 3.1644563674926757812 3.1195061206817626953 3.1217391490936279297 3.0792021751403808594 2.9805459976196289062 13.113984107971191406 12.236660003662109375 2.6694886684417724609 2.7264180183410644531 2.7778425216674804688 2.8237109184265136719 2.7331674098968505859
4.1145329475402832031 4.1180715560913085938 4.155696868896484375 4.1508059501647949219 4.0804953575134277344 4.0226120948791503906 3.9682688713073730469 3.9479765892028808594 4.015300750732421875 3.8220746517181396484 3.3894519805908203125 3.4237999916076660156 3.9369165897369384766 4.0707421302795410156 3.8839097023010253906 3.8566389083862304688 3.9253828525543212891 3.9271855354309082031 3.8352878093719482422 3.7422711849212646484 3.6942234039306640625 3.6664335727691650391 3.6143198013305664062 3.5703330039978027344 3.5903458595275878906 3.5992040634155273438 3.5409219264984130859 3.4394638538360595703 3.3166975975036621094 3.1993408203125 3.0948047637939453125 3.032131195068359375 2.9936192035675048828 2.9180991649627685547 2.8237500190734863281 12.664702415466308594 2.6481456756591796875 2.6546409130096435547 2.74614715576171875 2.8107829093933105469 2.8192105293273925781 2.7245287895202636719
4.3070192337036132812 4.247577667236328125 4.2165899276733398438 4.2009320259094238281 4.1930513381958007812 4.2220997810363769531 4.2754826545715332031 4.2205944061279296875 4.1694865226745605469 3.9170734882354736328 3.4758863449096679688 3.5412096977233886719 4.1877450942993164062 4.3815197944641113281 4.0529584884643554688 3.9228188991546630859 3.9429414272308349609 3.96277618408203125 3.9426553249359130859 3.8287029266357421875 3.6916179656982421875 3.6508727073669433594 3.6560580730438232422 3.5964686870574951172 3.5250089168548583984 3.4966731071472167969 3.4727122783660888672 3.3986387252807617188 3.2916982173919677734 3.1767022609710693359 3.0588834285736083984 3.0083374977111816406 3.0030007362365722656 2.9042308330535888672 2.7549836635589599609 8.5290966033935546875 2.6121988296508789062 2.642299652099609375 2.7955183982849121094 2.8234219551086425781 2.8013579845428466797 2.7342052459716796875
4.671611785888671875 4.5083355903625488281 4.2964630126953125 4.2272677421569824219 4.2331414222717285156 4.3449311256408691406 4.4695277214050292969 4.4662690162658691406 4.1987204551696777344 3.9292969703674316406 3.5980315208435058594 3.7212939262390136719 4.4344801902770996094 4.7365183830261230469 4.3033347129821777344 4.0722503662109375 4.0044865608215332031 4.024433135986328125 4.0888381004333496094 3.9715836048126220703 3.7468047142028808594 3.6588377952575683594 3.6734497547149658203 3.6110086441040039062 3.4862129688262939453 3.408069610595703125 3.3722693920135498047 3.3074891567230224609 3.2204191684722900391 3.1360850334167480469 3.0379285812377929688 3.0191929340362548828 3.0771758556365966797 2.9881742000579833984 2.7902314662933349609 14.768340110778808594 2.7886319160461425781 2.767513275146484375 2.8491570949554443359 2.8625085353851318359 2.8440215587615966797 2.7949504852294921875
5.1109137535095214844 4.9005069732666015625 4.5137228965759277344 4.3452014923095703125 4.3315997123718261719 4.4935779571533203125 4.8768663406372070312 4.4686570167541503906 4.1768503189086914062 3.8947939872741699219 3.7513303756713867188 3.9360303878784179688 4.635211944580078125 4.4675588607788085938 4.4694228172302246094 4.3011608123779296875 4.1497964859008789062 4.160007476806640625 4.3130564689636230469 4.2200284004211425781 3.9437949657440185547 3.8141798973083496094 3.8033080101013183594 3.7230329513549804688 3.5714776515960693359 3.4448118209838867188 3.3645508289337158203 3.2726621627807617188 3.1568989753723144531 3.0725207328796386719 3.0026621818542480469 3.0071308612823486328 3.0978341102600097656 3.032794952392578125 2.8323040008544921875 32.61277008056640625 2.8601965904235839844 2.8319084644317626953 2.8402464389801025391 2.8885276317596435547 2.8790552616119384766 2.8567380905151367188
4.4662747383117675781 4.4671444892883300781 4.4693708419799804688 4.3978328704833984375 4.4146432876586914062 4.6091508865356445312 5.0513820648193359375 4.8268370628356933594 4.1323709487915039062 3.916042327880859375 3.9947366714477539062 4.212856292724609375 4.6886305809020996094 4.9396457672119140625 4.760791778564453125 4.5680055618286132812 4.3830366134643554688 4.3893690109252929688 4.4693293571472167969 4.4695305824279785156 4.274517059326171875 4.1303610801696777344 4.0945539474487304688 3.9785158634185791016 3.7947070598602294922 3.5965478420257568359 3.4304783344268798828 3.2856161594390869141 3.1257205009460449219 3.0273563861846923828 2.9761090278625488281 2.9871973991394042969 3.0718951225280761719 3.0439925193786621094 2.8999960422515869141 37.063068389892578125 2.9248247146606445312 2.8658504486083984375 2.8591108322143554688 2.8704638481140136719 2.8787837028503417969 2.8910453319549560547
-9999 -9999 -9999 4.2996740341186523438 4.3885240554809570312 4.6126217842102050781 4.9440236091613769531 4.4687361717224121094 4.095058441162109375 4.0058994293212890625 4.3530840873718261719 4.6155495643615722656 4.7540373802185058594 4.8332743644714355469 4.7972879409790039062 4.7211651802062988281 4.6117281913757324219 4.6421060562133789062 4.8347640037536621094 4.837192535400390625 4.4691724777221679688 4.4523897171020507812 4.4386229515075683594 4.304843902587890625 4.1113710403442382812 3.8292872905731201172 3.5241639614105224609 3.298870086669921875 3.1095967292785644531 3.0068006515502929688 2.9738473892211914062 2.9811170101165771484 3.0348477363586425781 3.0318624973297119141 2.9639613628387451172 41.503082275390625 2.9552419185638427734 2.8406302928924560547 2.7610497474670410156 2.7530381679534912109 2.8041217327117919922 2.8603541851043701172
-9999 -9999 -9999 -9999 -9999 -9999 -9999 -9999 -9999 4.0775012969970703125 4.7074990272521972656 5.0773105621337890625 4.8798727989196777344 4.7553358078002929688 4.7065424919128417969 4.7009153366088867188 4.745700836181640625 4.8290929794311523438 4.9483661651611328125 5.0082640647888183594 4.9942488670349121094 4.920825958251953125 4.4682335853576660156 4.4691185951232910156 4.4038524627685546875 4.0582380294799804688 3.6333544254302978516 3.3350346088409423828 3.1190521717071533203 3.0196733474731445312 3.0087282657623291016 3.0249049663543701172 3.0648584365844726562 3.0348994731903076172 2.9591488838195800781 151.4081878662109375 2.9446077346801757812 2.7927820682525634766 2.6574492454528808594 2.6320996284484863281 2.7060871124267578125 2.7933034896850585938
-9999 -9999 -9999 -9999 -9999 -9999 -9999 -9999 -9999 -9999 4.4675307273864746094 4.465511322021484375 4.9462466239929199219 4.6735844612121582031 4.5313601493835449219 4.5404214859008789062 4.7292361259460449219 4.8578119277954101562 4.8762607574462890625 5.0046563148498535156 5.3126678466796875 5.3976912498474121094 5.1777815818786621094 4.8633656501770019531 4.5218095779418945312 4.1113991737365722656 3.6885328292846679688 3.3831984996795654297 3.1533267498016357422 3.0637829303741455078 3.0827429294586181641 3.1307168006896972656 3.2031376361846923828 3.1273057460784912109 2.9624354839324951172 10.287390708923339844 2.9473097324371337891 2.7742486000061035156 2.5961475372314453125 2.5458867549896240234 2.6067006587982177734 2.6993451118469238281
-9999 -9999 -9999 -9999 -9999 -9999 -9999 -9999 -9999 -9999 -9999 -9999 -9999 -9999 -9999 -9999 -9999 -9999 4.4688191413879394531 4.4680094718933105469 4.465579986572265625 4.4644174575805664062 4.465457916259765625 4.9351716041564941406 4.4110217094421386719 4.0152144432067871094 3.7207005023956298828 3.4593422412872314453 3.2181799411773681641 3.1381227970123291016 3.1883013248443603516 3.2618610858917236328 3.3651037216186523438 3.2577190399169921875 2.9954702854156494141 13.217449188232421875 2.8467428684234619141 2.7291922569274902344 2.5477015972137451172 2.481502532958984375 2.5096056461334228516 2.5922877788543701172
-9999 -9999 -9999 -9999 -9999 -9999 -9999 -9999 -9999 -9999 -9999 -9999 -9999 -9999 -9999 -9999 -9999 -9999 -9999 -9999 -9999 5.3993430137634277344 5.2678956985473632812 4.4681706428527832031 4.1950297355651855469 3.8731675148010253906 3.7500720024108886719 3.5596520900726318359 3.3062717914581298828 3.235965728759765625 3.3213205337524414062 3.3980209827423095703 3.4712889194488525391 3.3175685405731201172 3.0046477317810058594 13.268308639526367188 2.8993093967437744141 2.7855417728424072266 2.5739560127258300781 2.4677767753601074219 2.44118499755859375 2.4957277774810791016
-9999 -9999 -9999 -9999 -9999 -9999 -9999 -9999 -9999 -9999 -9999 -9999 -9999 -9999 -9999 -9999 -9999 -9999 -9999 -9999 -9999 -9999 -9999 4.5551133155822753906 3.9946792125701904297 3.7580122947692871094 3.7800538539886474609 3.6594130992889404297 3.3918652534484863281 3.3335289955139160156 3.4659559726715087891 3.5372233390808105469 3.5384817123413085938 3.3474986553192138672 13.969849586486816406 2.9122693538665771484 2.9390695095062255859 2.8294949531555175781 2.62109375 2.4909815788269042969 2.4184737205505371094 2.4380583763122558594
-9999 -9999 -9999 -9999 -9999 -9999 -9999 -9999 -9999 -9999 -9999 -9999 -9999 -9999 -9999 -9999 -9999 -9999 -9999 -9999 -9999 -9999 -9999 -9999 3.8637738227844238281 3.7128534317016601562 3.8101592063903808594 3.7227675914764404297 3.4679758548736572266 3.4299130439758300781 3.6010591983795166016 3.6526129245758056641 3.5684788227081298828 3.3662662506103515625 14.255136489868164062 2.9683251380920410156 2.9512076377868652344 -9999 -9999 -9999 -9999 -9999
-9999 -9999 -9999 -9999 -9999 -9999 -9999 -9999 -9999 -9999 -9999 -9999 -9999 -9999 -9999 -9999 -9999 -9999 -9999 -9999 -9999 -9999 -9999 -9999 -9999 -9999 3.8112840652465820312 3.7323803901672363281 3.5474565029144287109 3.5468113422393798828 3.7024643421173095703 3.6985077857971191406 3.5432879924774169922 3.349559783935546875 32.579769134521484375 -9999 -9999 -9999 -9999 -9999 -9999 -9999
-9999 -9999 -9999 -9999 -9999 -9999 -9999 -9999 -9999 -9999 -9999 -9999 -9999 -9999 -9999 -9999 -9999 -9999 -9999 -9999 -9999 -9999 -9999 -9999 -9999 -9999 -9999 3.6982495784759521484 3.6503622531890869141 3.6845567226409912109 3.7642560005187988281 3.6777596473693847656 3.470062255859375 3.2891604900360107422 -9999 -9999 -9999 -9999 -9999 -9999 -9999 -9999
-9999 -9999 -9999 -9999 -9999 -9999 -9999 -9999 -9999 -9999 -9999 -9999 -9999 -9999 -9999 -9999 -9999 -9999 -9999 -9999 -9999 -9999 -9999 -9999 -9999 -9999 -9999 -9999 3.7753250598907470703 3.834598541259765625 3.8053023815155029297 3.6274182796478271484 3.3600964546203613281 3.1841647624969482422 -9999 -9999 -9999 -9999 -9999 -9999 -9999 -9999
-9999 -9999 -9999 -9999 -9999 -9999 -9999 -9999 -9999 -9999 -9999 -9999 -9999 -9999 -9999 -9999 -9999 -9999 -9999 -9999 -9999 -9999 -9999 -9999 -9999 -9999 -9999 -9999 -9999 3.9797997474670410156 3.8346121311187744141 3.5692293643951416016 3.2598509788513183594 14.243666648864746094 -9999 -9999 -9999 -9999 -9999 -9999 -9999 -9999
-9999 -9999 -9999 -9999 -9999 -9999 -9999 -9999 -9999 -9999 -9999 -9999 -9999 -9999 -9999 -9999 -9999 -9999 -9999 -9999 -9999 -9999 -9999 -9999 -9999 -9999 -9999 -9999 -9999 -9999 3.8173594474792480469 3.5120961666107177734 3.2317492961883544922 -9999 -9999 -9999 -9999 -9999 -9999 -9999 -9999 -9999
