tests/data/reference/gistest/full/control/csheetvout_m3.asc
ncols        125
nrows        78
xllcorner    -713756.799299980048
yllcorner    -1061032.369616159936
cellsize     10.000000000000
NODATA_value  -9999
[rows 38 to 56 of 78, columns 0 to 41 of 125]
-9999 -9999 -9999 -9999 -9999 -9999 -9999 -9999 -9999 -9999 -9999 5.7977709770202636719 11.593479156494140625 8.1496038436889648438 7.7320265769958496094 4.4582509994506835938 6.3150587081909179688 5.9449129104614257812 5.6153173446655273438 5.4363622665405273438 5.3939914703369140625 5.4103603363037109375 5.5145621299743652344 5.5348649024963378906 5.5042772293090820312 5.4177608489990234375 5.2294993400573730469 5.1289811134338378906 5.0687651634216308594 5.1319494247436523438 5.2724432945251464844 5.1816492080688476562 5.1141238212585449219 4.9921450614929199219 4.6240682601928710938 4.4690485000610351562 4.4675493240356445312 5.0280756950378417969 4.466655731201171875 4.4668488502502441406 4.4673871994018554688 4.4092350006103515625
-9999 -9999 -9999 -9999 -9999 -9999 -9999 -9999 -9999 -9999 -9999 5.7974805831909179688 9.9364910125732421875 8.6168394088745117188 8.1437015533447265625 4.4538254737854003906 7.3293094635009765625 6.5326027870178222656 5.9320354461669921875 5.6315093040466308594 5.5443820953369140625 5.5172104835510253906 5.5934805870056152344 5.6249842643737792969 5.5842366218566894531 5.5051708221435546875 4.4653787612915039062 5.2679543495178222656 5.3238515853881835938 5.5095229148864746094 5.8241024017333984375 5.8628368377685546875 5.8772072792053222656 4.4639706611633300781 4.4675054550170898438 4.7241640090942382812 5.12465667724609375 4.4648013114929199219 5.6094136238098144531 5.5133180618286132812 5.1908483505249023438 4.4652142524719238281
-9999 -9999 -9999 -9999 -9999 -9999 -9999 -9999 -9999 -9999 5.7975149154663085938 15.537560462951660156 10.482869148254394531 8.9861612319946289062 4.4522199630737304688 8.6188831329345703125 8.0057649612426757812 7.1291093826293945312 6.3954291343688964844 5.9664368629455566406 5.7807898521423339844 5.6817579269409179688 5.6860518455505371094 5.6560711860656738281 5.5356092453002929688 4.4646296501159667969 5.468616485595703125 5.5008826255798339844 5.6229982376098632812 5.9247102737426757812 6.4919309616088867188 6.6081438064575195312 4.461353302001953125 5.6130504608154296875 4.9085369110107421875 4.7238764762878417969 4.9455418586730957031 5.1396932601928710938 5.2840576171875 4.4666299819946289062 4.4690937995910644531 4.0970892906188964844
-9999 -9999 -9999 -9999 -9999 -9999 -9999 -9999 -9999 -9999 5.7978835105895996094 8.6901674270629882812 9.1010684967041015625 8.8780994415283203125 4.4510216712951660156 8.4419078826904296875 8.1187467575073242188 4.4556412696838378906 7.0171527862548828125 6.4375214576721191406 6.0449833869934082031 5.8565669059753417969 5.7806329727172851562 4.463886260986328125 4.4648962020874023438 5.4338068962097167969 5.6455855369567871094 4.4633054733276367188 4.4628267288208007812 4.4611573219299316406 4.4577307701110839844 4.4579524993896484375 5.9936275482177734375 5.2794971466064453125 4.7774930000305175781 4.5985155105590820312 4.6439738273620605469 4.7326331138610839844 4.4675912857055664062 4.6514253616333007812 4.1929135322570800781 3.9063191413879394531
-9999 -9999 -9999 -9999 -9999 -9999 -9999 -9999 -9999 11.594217300415039062 15.543603897094726562 7.9011745452880859375 8.34621429443359375 4.4499797821044921875 8.7608842849731445312 8.1678981781005859375 8.0074138641357421875 7.8670458793640136719 7.6544275283813476562 6.9671244621276855469 6.2709970474243164062 5.9432115554809570312 5.7855730056762695312 5.5760936737060546875 5.3170762062072753906 5.3501820564270019531 5.6982860565185546875 5.8770184516906738281 5.8921427726745605469 6.1938848495483398438 6.8861684799194335938 6.6214909553527832031 5.6023769378662109375 5.0016155242919921875 4.6251401901245117188 4.4686741828918457031 4.4708275794982910156 4.5480499267578125 4.7025456428527832031 4.5250754356384277344 4.1228022575378417969 3.9562196731567382812
-9999 -9999 -9999 -9999 -9999 -9999 -9999 -9999 5.7977380752563476562 11.593533515930175781 7.8382177352905273438 7.5701737403869628906 7.928325653076171875 4.4511828422546386719 8.5061187744140625 8.0189733505249023438 7.9078125953674316406 7.8841152191162109375 7.9527640342712402344 7.3358736038208007812 6.4141407012939453125 4.4624066352844238281 4.4632358551025390625 5.5868539810180664062 5.3549828529357910156 5.2820892333984375 5.4500622749328613281 5.60669708251953125 5.6367969512939453125 5.8609137535095214844 6.3544416427612304688 6.0887603759765625 5.281341552734375 4.8191390037536621094 4.556735992431640625 4.4579415321350097656 4.4884333610534667969 4.5742216110229492188 4.7161488533020019531 4.5878481864929199219 4.2561440467834472656 4.1598873138427734375
-9999 -9999 -9999 -9999 -9999 -9999 -9999 -9999 5.7973799705505371094 8.2798128128051757812 8.198345184326171875 4.4550275802612304688 7.7789697647094726562 8.1169176101684570312 8.1008968353271484375 7.9360651969909667969 7.8727588653564453125 7.7580251693725585938 7.7296700477600097656 7.1901693344116210938 6.2606687545776367188 5.8324265480041503906 5.7115278244018554688 5.6302008628845214844 5.5510325431823730469 5.3914265632629394531 5.2930626869201660156 4.4653868675231933594 5.37010955810546875 5.5305562019348144531 5.8684172630310058594 5.6822824478149414062 5.0956573486328125 4.7852663993835449219 4.6497955322265625 4.6117105484008789062 4.6512279510498046875 4.6693286895751953125 4.681758880615234375 4.5590939521789550781 4.3107447624206542969 4.2156305313110351562
-9999 -9999 -9999 -9999 -9999 -9999 -9999 -9999 3.9898641109466552734 9.21154022216796875 8.8128671646118164062 4.4519267082214355469 7.9838719367980957031 7.6876878738403320312 7.7367606163024902344 7.758129119873046875 7.7218837738037109375 7.4293870925903320312 7.1694951057434082031 6.6912989616394042969 5.9251308441162109375 5.5340313911437988281 5.4355101585388183594 5.4690885543823242188 5.6176004409790039062 4.4644489288330078125 4.4658098220825195312 5.1645846366882324219 5.2656869888305664062 5.36315155029296875 5.4959368705749511719 5.4029188156127929688 5.0975942611694335938 4.9333920478820800781 4.8517289161682128906 4.7456707954406738281 4.6250934600830078125 4.4385886192321777344 4.2617554664611816406 4.1144561767578125 3.9687740802764892578 3.9142954349517822266
-9999 -9999 -9999 -9999 -9999 -9999 -9999 5.7976107597351074219 9.6326208114624023438 8.881328582763671875 8.53116607666015625 4.4524517059326171875 7.7607889175415039062 7.3245501518249511719 7.3038725852966308594 7.3512182235717773438 7.4503893852233886719 7.3476400375366210938 7.1614785194396972656 6.7168474197387695312 5.97183990478515625 5.5338921546936035156 5.3533678054809570312 5.3429431915283203125 5.4998421669006347656 5.4184217453002929688 5.085048675537109375 5.037384033203125 5.2597432136535644531 5.314159393310546875 5.2287669181823730469 5.2094159126281738281 5.197265625 5.1143627166748046875 4.9521002769470214844 4.7127485275268554688 4.4664530754089355469 4.20849609375 3.9854960441589355469 3.8330066204071044922 3.7118237018585205078 3.6557528972625732422
-9999 -9999 -9999 -9999 -9999 -9999 -9999 49.836475372314453125 9.5187406539916992188 8.1150760650634765625 7.6081471443176269531 4.4560475349426269531 7.1473765373229980469 6.8074603080749511719 6.690158843994140625 6.6966114044189453125 6.9656558036804199219 7.3690428733825683594 7.5968413352966308594 7.1965003013610839844 6.3477377891540527344 4.4630994796752929688 4.4644517898559570312 4.4651083946228027344 4.465053558349609375 5.2831501960754394531 5.0188436508178710938 4.9932117462158203125 5.2172880172729492188 5.2314028739929199219 5.0376753807067871094 5.0104427337646484375 5.0712575912475585938 4.9512224197387695312 4.7400317192077636719 4.5274586677551269531 4.3411107063293457031 4.1478800773620605469 3.9562375545501708984 3.8227696418762207031 3.7033393383026123047 3.6034314632415771484
-9999 -9999 -9999 -9999 -9999 -9999 5.79712677001953125 10.277034759521484375 8.6986761093139648438 4.4542040824890136719 4.4549818038940429688 7.5271773338317871094 7.2093863487243652344 6.797794342041015625 6.5709538459777832031 6.5245976448059082031 6.6970586776733398438 7.0988416671752929688 7.4979414939880371094 7.2006754875183105469 6.4157495498657226562 5.913974761962890625 5.5995197296142578125 5.3591775894165039062 5.2156653404235839844 5.1213335990905761719 5.0067324638366699219 4.9805521965026855469 5.0867910385131835938 5.089366912841796875 4.9355287551879882812 4.8912677764892578125 4.9270524978637695312 4.8126192092895507812 4.6379418373107910156 4.4837784767150878906 4.3529706001281738281 4.1926717758178710938 3.9882283210754394531 3.8453185558319091797 3.7399749755859375 3.6346120834350585938
-9999 -9999 -9999 -9999 -9999 37.53253936767578125 26.0145416259765625 8.2071075439453125 7.8950695991516113281 4.4516806602478027344 4.4497876167297363281 8.6031055450439453125 8.1100559234619140625 7.3690047264099121094 6.909343719482421875 6.7669744491577148438 6.7018008232116699219 6.8689398765563964844 7.2332477569580078125 6.9566984176635742188 6.2504749298095703125 5.7863955497741699219 5.4787750244140625 5.1714468002319335938 4.9152054786682128906 4.8363614082336425781 4.8484477996826171875 4.8310379981994628906 4.8496012687683105469 4.8844170570373535156 4.8501887321472167969 4.8255987167358398438 4.8697285652160644531 4.8626732826232910156 4.79444122314453125 4.6940426826477050781 4.5801892280578613281 4.4042673110961914062 4.1395831108093261719 3.9355759620666503906 3.8086342811584472656 3.7190282344818115234
-9999 -9999 -9999 -9999 -9999 31.744161605834960938 8.8224887847900390625 8.0405778884887695312 8.3455076217651367188 8.866912841796875 4.4460458755493164062 9.6448183059692382812 9.1318569183349609375 4.4538321495056152344 7.2514643669128417969 6.8890700340270996094 6.6698741912841796875 6.7549457550048828125 7.1423115730285644531 6.8882198333740234375 6.1739854812622070312 5.6251306533813476562 5.247997283935546875 4.9147725105285644531 4.6183724403381347656 4.5239233970642089844 4.5623950958251953125 4.537563323974609375 4.5000739097595214844 4.544956207275390625 4.5981516838073730469 4.588222503662109375 4.6027736663818359375 4.6417117118835449219 4.6711492538452148438 4.6643886566162109375 4.6165857315063476562 4.5030026435852050781 4.2825469970703125 4.05268096923828125 3.8795349597930908203 3.8026337623596191406
-9999 -9999 -9999 -9999 5.7972588539123535156 25.951381683349609375 9.8761606216430664062 4.4483995437622070312 8.85320281982421875 4.4432554244995117188 10.810435295104980469 10.252176284790039062 9.7209825515747070312 4.4510669708251953125 7.6334981918334960938 6.9894227981567382812 6.6962504386901855469 6.725833892822265625 7.0643606185913085938 6.8857798576354980469 6.1694173812866210938 5.4109249114990234375 4.9013967514038085938 4.5888810157775878906 4.3278932571411132812 4.2085504531860351562 4.2104969024658203125 4.1745314598083496094 4.1159415245056152344 4.1413950920104980469 4.2161417007446289062 4.2333712577819824219 4.2360286712646484375 4.2615981101989746094 4.320110321044921875 4.3933591842651367188 4.4380984306335449219 4.4450726509094238281 4.3652515411376953125 4.1639242172241210938 3.9443688392639160156 3.879131317138671875
-9999 -9999 -9999 -9999 5.796810150146484375 12.209484100341796875 8.8410396575927734375 4.4407362937927246094 4.4344539642333984375 8.8248205184936523438 8.83342742919921875 11.8530731201171875 10.952040672302246094 4.4467153549194335938 8.2094287872314453125 7.2678937911987304688 6.9338693618774414062 6.8602323532104492188 7.0849556922912597656 7.1292743682861328125 6.6250548362731933594 4.4634413719177246094 5.0638322830200195312 4.6701869964599609375 4.3661570549011230469 4.1717276573181152344 4.1057691574096679688 4.0558190345764160156 3.9954142570495605469 4.0130600929260253906 4.1023440361022949219 4.1530308723449707031 4.1636033058166503906 4.1562619209289550781 4.166046142578125 4.2096347808837890625 4.2457156181335449219 4.2980628013610839844 4.3415203094482421875 4.2088208198547363281 3.9644548892974853516 3.8893237113952636719
-9999 -9999 -9999 83.06124114990234375 3.9577178955078125 8.838733673095703125 8.8183259963989257812 4.4265561103820800781 4.420177459716796875 4.4253740310668945312 4.4168100357055664062 16.635782241821289062 13.191629409790039062 4.4387140274047851562 8.8505764007568359375 7.865619659423828125 7.4303393363952636719 7.1162285804748535156 7.1458544731140136719 7.6133108139038085938 7.7875351905822753906 4.457912445068359375 6.00849151611328125 5.3245935440063476562 4.8366861343383789062 4.4483404159545898438 4.2421479225158691406 4.1556839942932128906 4.0969185829162597656 4.1140589714050292969 4.2268915176391601562 4.3290472030639648438 4.3645472526550292969 4.2982435226440429688 4.1962995529174804688 4.1365456581115722656 4.0941162109375 4.1123943328857421875 4.2009401321411132812 4.1641101837158203125 3.9621269702911376953 3.859954833984375
-9999 -9999 -9999 77.3160400390625 8.8506069183349609375 4.44014739990234375 4.427684783935546875 4.4127902984619140625 4.4269843101501464844 8.8201427459716796875 13.131633758544921875 4.4197854995727539062 8.8123884201049804688 4.4296669960021972656 8.8393831253051757812 8.8653278350830078125 8.56708526611328125 8.0187587738037109375 7.7046637535095214844 8.4607248306274414062 9.8842258453369140625 4.4489469528198242188 7.6411271095275878906 6.470294952392578125 5.7495083808898925781 5.1091408729553222656 4.6683478355407714844 4.4508953094482421875 4.3329229354858398438 4.3070712089538574219 4.3920865058898925781 4.5141496658325195312 4.5994386672973632812 4.5164294242858886719 4.3421716690063476562 4.218715667724609375 4.1280198097229003906 4.1064910888671875 4.1629791259765625 4.1420488357543945312 4.0033826828002929688 3.9052913188934326172
-9999 -9999 5.7944478988647460938 51.578525543212890625 12.403187751770019531 4.4366941452026367188 4.3965764045715332031 4.4304194450378417969 4.4301629066467285156 -9999 -9999 -9999 4.4187822341918945312 4.4247407913208007812 4.4400515556335449219 4.4450898170471191406 4.4453539848327636719 4.4474568367004394531 4.4507951736450195312 4.4473214149475097656 4.4312038421630859375 4.42615509033203125 4.4421815872192382812 8.7702236175537109375 7.6455221176147460938 6.6174187660217285156 5.6903967857360839844 5.1267790794372558594 4.7985548973083496094 4.6493887901306152344 4.6414089202880859375 4.7293400764465332031 4.8619747161865234375 4.8049435615539550781 4.5969834327697753906 4.4395899772644042969 4.3203663825988769531 4.272830963134765625 4.2808637619018554688 4.1915726661682128906 4.0499281883239746094 3.9789066314697265625
-9999 -9999 25.728273391723632812 15.977128982543945312 4.4363684654235839844 4.4238181114196777344 4.4255871772766113281 -9999 -9999 -9999 -9999 -9999 -9999 4.429088592529296875 4.4374856948852539062 8.8526706695556640625 11.347673416137695312 4.4453425407409667969 8.8704814910888671875 10.638805389404296875 17.3737640380859375 4.4174032211303710938 4.4194140434265136719 4.433788299560546875 4.4451513290405273438 8.6125640869140625 7.1731462478637695312 6.1823873519897460938 5.5478558540344238281 5.2388739585876464844 5.1112623214721679688 5.1012868881225585938 5.2061457633972167969 5.1207208633422851562 4.8464808464050292969 4.6387343406677246094 4.483364105224609375 4.4241003990173339844 4.4417948722839355469 4.2975354194641113281 4.0723376274108886719 3.9830212593078613281
