tests/data/reference/gistest/full/control/cvin_m3.asc
ncols        125
nrows        78
xllcorner    -713756.799299980048
yllcorner    -1061032.369616159936
cellsize     10.000000000000
NODATA_value  -9999
[rows 40 to 59 of 78, columns 45 to 89 of 125]
17.865814208984375 22.317529678344726562 26.76488494873046875 31.20552825927734375 35.63970184326171875 40.067638397216796875 44.48954010009765625 48.905517578125 2210.622802734375 83.50188446044921875 83.5142669677734375 100.62517547607421875 87.8431396484375 87.8813323974609375 83.5952911376953125 57.496479034423828125 57.493927001953125 57.486988067626953125 57.4843597412109375 35.56726837158203125 35.570098876953125 35.57624053955078125 35.582561492919921875 57.498199462890625 39.991241455078125 603.42352294921875 695.7801513671875 740.36822509765625 780.520263671875 784.8636474609375 788.5714111328125 10867.0361328125 1316.0975341796875 80.45513916015625 71.546600341796875 0 839.82696533203125 185.57818603515625 452.486846923828125 35.79018402099609375 0 4.4838824272155761719 28.10074615478515625 36.983295440673828125 57.070934295654296875
35.5456390380859375 39.956356048583984375 44.362071990966796875 48.763439178466796875 53.16181182861328125 57.556118011474609375 2070.46337890625 2153.499267578125 79.17333221435546875 79.1842498779296875 96.32415008544921875 83.5169219970703125 83.55361175537109375 79.25933837890625 53.118083953857421875 53.114986419677734375 53.10746002197265625 53.10384368896484375 31.143415451049804688 31.145786285400390625 31.151224136352539062 31.15679931640625 53.113895416259765625 35.5733489990234375 599.23541259765625 83.611968994140625 35.59926605224609375 31.187999725341796875 31.188144683837890625 80.39714813232421875 116.36278533935546875 152.06939697265625 11023.4248046875 1320.4061279296875 85.01535797119140625 76.1175079345703125 850.16461181640625 190.060943603515625 456.727569580078125 44.718387603759765625 0 8.960414886474609375 32.5416107177734375 41.41419219970703125 414.742523193359375
415.714019775390625 419.830810546875 423.945159912109375 428.054931640625 432.16583251953125 2004.635986328125 74.82735443115234375 74.8395233154296875 74.84929656982421875 92.01897430419921875 79.18654632568359375 79.22216796875 74.92012786865234375 48.73604583740234375 48.73259735107421875 48.72458648681640625 48.71978759765625 26.714572906494140625 26.716104507446289062 26.720489501953125 26.724935531616210938 48.724086761474609375 31.14874267578125 595.035400390625 79.26981353759765625 31.171619415283203125 26.752092361450195312 26.752765655517578125 40.00478363037109375 26.762737274169921875 26.949138641357421875 26.956155776977539062 58.697261810302734375 11086.7236328125 12405.6611328125 12487.529296875 933.598388671875 194.5417633056640625 461.20489501953125 49.153667449951171875 4.485370635986328125 13.43003082275390625 36.976024627685546875 45.83819580078125 450.21978759765625
87.88263702392578125 92.22029876708984375 96.5540618896484375 100.8841705322265625 1564.37109375 70.48699951171875 70.49987030029296875 70.50879669189453125 87.7094573974609375 74.85175323486328125 74.88639068603515625 70.5766143798828125 44.34943389892578125 44.346111297607421875 44.3380126953125 44.3324127197265625 22.28128814697265625 22.281696319580078125 22.284641265869140625 22.28771209716796875 44.32994842529296875 26.718717575073242188 590.82843017578125 74.92340087890625 26.7376251220703125 22.308942794799804688 22.309022903442382812 35.58594512939453125 22.317625045776367188 22.326923370361328125 22.33465576171875 22.512416839599609375 22.513742446899414062 49.81653594970703125 76.24839019775390625 80.388214111328125 12575.7978515625 937.63055419921875 664.68695068359375 53.762912750244140625 8.9620161056518554688 17.891933441162109375 41.4035186767578125 50.25543975830078125 485.694854736328125
1108.544189453125 1112.6397705078125 1384.9952392578125 1455.155517578125 66.140167236328125 66.1541595458984375 66.1624908447265625 83.3947906494140625 70.51169586181640625 70.54552459716796875 66.22774505615234375 39.956508636474609375 39.953701019287109375 39.94585418701171875 39.93972015380859375 17.841970443725585938 17.84191131591796875 17.843519210815429688 17.845045089721679688 39.93167877197265625 22.283590316772460938 586.61700439453125 70.57366943359375 22.298349380493164062 17.860263824462890625 17.859447479248046875 31.161375045776367188 17.865453720092773438 17.8736419677734375 17.881078720092773438 17.88478851318359375 17.887310028076171875 18.062032699584960938 18.063833236694335938 53.0458984375 58.844516754150390625 63.393886566162109375 12635.7724609375 14239.7197265625 58.3649139404296875 13.428215980529785156 22.344961166381835938 45.824024200439453125 54.666412353515625 551.72674560546875
197.9306182861328125 263.964080810546875 61.75365447998046875 61.78432464599609375 61.799468994140625 61.8090972900390625 79.074798583984375 66.16585540771484375 66.1988372802734375 61.8731689453125 35.556789398193359375 35.5542144775390625 35.546688079833984375 35.5400848388671875 13.3940582275390625 13.394133567810058594 13.395391464233398438 13.395941734313964844 35.52880096435546875 17.842767715454101562 582.40118408203125 66.2206268310546875 17.853710174560546875 13.406307220458984375 13.404753684997558594 26.73215484619140625 13.407510757446289062 13.414218902587890625 13.420965194702148438 13.423852920532226562 13.425992012023925781 13.42963409423828125 13.432292938232421875 48.8780670166015625 4.2279686927795410156 14.254683494567871094 18.865667343139648438 23.481981277465820312 28.096715927124023438 14301.0830078125 18.058717727661132812 26.791347503662109375 50.23889923095703125 59.071445465087890625 649.9927978515625
57.348407745361328125 57.38887786865234375 57.4193572998046875 57.434673309326171875 57.445037841796875 74.7458038330078125 61.8121795654296875 61.8447418212890625 57.511341094970703125 31.149862289428710938 31.148038864135742188 31.140439987182617188 31.13294219970703125 8.9366483688354492188 8.9366931915283203125 8.9374666213989257812 8.937557220458984375 31.1194610595703125 13.394674301147460938 578.17828369140625 61.8628692626953125 13.402180671691894531 8.9457244873046875 8.9441175460815429688 22.298036575317382812 8.943729400634765625 8.9484186172485351562 8.954395294189453125 8.9565582275390625 8.9573850631713867188 8.9601955413818359375 8.9634189605712890625 44.467510223388671875 0 0 0 4.6523580551147460938 9.2961645126342773438 13.933541297912597656 50.8505401611328125 14311.6005859375 31.412294387817382812 54.648967742919921875 63.470447540283203125 694.26348876953125
53.016254425048828125 53.0460662841796875 53.0612640380859375 53.071582794189453125 70.40683746337890625 57.44769287109375 57.480960845947265625 53.1399993896484375 26.73233795166015625 26.733112335205078125 26.726984024047851562 26.718029022216796875 4.4684720039367675781 4.4688992500305175781 4.4692120552062988281 4.4688510894775390625 26.701547622680664062 8.93708038330078125 573.94659423828125 57.499172210693359375 8.9417371749877929688 4.4767794609069824219 4.4756588935852050781 17.857175827026367188 4.4744510650634765625 4.4766788482666015625 4.4806985855102539062 4.4823193550109863281 4.4824242591857910156 4.4836130142211914062 4.4855542182922363281 40.049396514892578125 0 4.4872808456420898438 8.52130126953125 12.725344657897949219 17.318922042846679688 21.914758682250976562 26.512964248657226562 31.112934112548828125 91.14221954345703125 14432.529296875 59.24178314208984375 67.86219024658203125 751.65899658203125
48.665416717529296875 48.6799163818359375 48.68990325927734375 66.05999755859375 53.0738677978515625 53.106792449951171875 48.758197784423828125 22.30272674560546875 22.304960250854492188 22.3021087646484375 22.294473648071289062 0 0 0 0 22.274871826171875 4.4686288833618164062 569.70440673828125 53.129238128662109375 4.4728560447692871094 0 0 13.406352043151855469 0 0 0 0 0 0 0 35.62493896484375 4.4862108230590820312 8.9650793075561523438 13.437122344970703125 280.98590087890625 335.092926025390625 339.564910888671875 344.033935546875 348.502197265625 352.969390869140625 357.43499755859375 0 14482.423828125 72.24481201171875 800.30975341796875
44.29193115234375 44.30086517333984375 61.705951690673828125 48.69202423095703125 48.7240447998046875 44.366672515869140625 17.861478805541992188 17.86446380615234375 17.863439559936523438 17.858537673950195312 0 4.4671196937561035156 8.9345445632934570312 13.391717910766601562 17.838373184204101562 0 565.45172119140625 48.752208709716796875 0 0 4.4756517410278320312 8.9454717636108398438 0 4.4747881889343261719 8.944232940673828125 13.406787872314453125 17.863130569458007812 22.313232421875 26.756771087646484375 31.19397735595703125 0 0 70.89984130859375 259.663970947265625 45.887725830078125 10.272814750671386719 14.745333671569824219 19.381986618041992188 24.014247894287109375 28.64275360107421875 33.26784515380859375 361.890472412109375 14474.2919921875 76.81758880615234375 848.9569091796875
39.90570068359375 57.34593963623046875 44.302768707275390625 44.333370208740234375 39.966888427734375 13.409785270690917969 13.412626266479492188 13.412815093994140625 13.409747123718261719 199.4345550537109375 203.7577667236328125 208.0714569091796875 212.376953125 216.674224853515625 220.963287353515625 561.1876220703125 44.3680572509765625 0 4.4699044227600097656 8.9396734237670898438 13.401757240295410156 17.85491180419921875 22.298898696899414062 26.73439788818359375 31.16240692138671875 35.58429718017578125 40.0014495849609375 44.4142913818359375 48.823028564453125 53.227783203125 57.627651214599609375 62.021999359130859375 180.0823974609375 40.088840484619140625 5.7992191314697265625 0 4.4884433746337890625 9.1371374130249023438 13.781456947326660156 18.422056198120117188 23.058755874633789062 65.57436370849609375 366.31903076171875 14553.046875 928.01318359375
52.980792999267578125 39.9072265625 39.9354095458984375 35.559055328369140625 8.9486074447631835938 8.9507875442504882812 8.9511842727661132812 8.9495840072631835938 195.100067138671875 39.976383209228515625 84.34883880615234375 93.2068634033203125 141.951019287109375 239.3251953125 331.638092041015625 39.976108551025390625 35.545902252197265625 39.944316864013671875 44.33727264404296875 48.725376129150390625 53.107906341552734375 57.484020233154296875 61.8533172607421875 66.216094970703125 145.5172576904296875 149.8558197021484375 154.187744140625 158.5145263671875 162.8374176025390625 167.1569671630859375 171.4716949462890625 175.7800750732421875 35.662433624267578125 0 0 4.488124847412109375 8.9696531295776367188 13.445695877075195312 18.087156295776367188 22.724843978881835938 27.358386993408203125 31.986164093017578125 70.1795196533203125 14913.27734375 981.2662353515625
35.505474090576171875 35.53089141845703125 31.143686294555664062 4.4781527519226074219 4.4796309471130371094 4.4799022674560546875 4.4790182113647460938 190.754974365234375 35.56826019287109375 35.565235137939453125 0 39.973934173583984375 88.65526580810546875 83.65146636962890625 35.574718475341796875 31.139377593994140625 39.962841033935546875 44.354824066162109375 48.742023468017578125 53.1246337890625 57.501461029052734375 61.87187957763671875 66.23577117919921875 70.5932159423828125 0 4.478351593017578125 8.9520397186279296875 13.420439720153808594 17.88362884521484375 22.341112136840820312 26.790330886840820312 31.230176925659179688 0 4.4843153953552246094 10.283446311950683594 14.743360519409179688 19.211496353149414062 23.677194595336914062 28.140096664428710938 32.773563385009765625 37.402011871337890625 42.02481842041015625 36.60504913330078125 14985.8642578125 985.7147216796875
31.119140625 26.720739364624023438 0 0 0 0 186.39923095703125 31.151693344116210938 31.149312973022460938 31.148229598999023438 35.5651702880859375 84.2838897705078125 79.31958770751953125 31.164117813110351562 26.723253250122070312 35.56319427490234375 48.7673797607421875 88.68151092529296875 93.05338287353515625 97.4192962646484375 101.77838897705078125 106.1310577392578125 110.4774169921875 114.81735992431640625 119.1513214111328125 123.48065948486328125 127.80663299560546875 132.1293792724609375 136.4489288330078125 140.763519287109375 259.013946533203125 267.775604248046875 272.054718017578125 276.32940673828125 282.128265380859375 286.394866943359375 290.663299560546875 294.931610107421875 299.1988525390625 303.463592529296875 307.959991455078125 312.4503173828125 46.639995574951171875 15024.4921875 989.60809326171875
22.28945159912109375 22.291460037231445312 26.72409820556640625 31.149724960327148438 124.50612640380859375 182.0324249267578125 26.726835250854492188 26.725284576416015625 26.723773956298828125 44.36016845703125 79.90081024169921875 74.9779510498046875 26.743837356567382812 22.297582626342773438 31.154329299926757812 44.38120269775390625 31.124584197998046875 57.54434967041015625 61.913814544677734375 66.27826690673828125 70.63697052001953125 74.98990631103515625 79.33649444580078125 83.6768646240234375 88.012176513671875 92.3437347412109375 96.6723480224609375 100.9979248046875 105.320281982421875 109.63748931884765625 0 0 4.4826078414916992188 8.9616451263427734375 14.760778427124023438 19.216365814208984375 23.680261611938476562 28.14150238037109375 32.5995025634765625 37.05352783203125 41.502361297607421875 46.123401641845703125 367.670440673828125 15073.38671875 994.0242919921875
17.850763320922851562 31.138525009155273438 57.843051910400390625 84.53995513916015625 48.75390625 22.29366302490234375 22.292942047119140625 22.291212081909179688 39.9608154296875 26.721403121948242188 70.62615203857421875 22.311613082885742188 17.861452102661132812 26.735948562622070312 39.986118316650390625 26.705934524536132812 53.169712066650390625 0 66.743560791015625 102.294097900390625 106.686126708984375 173.3585968017578125 278.7935791015625 283.0965576171875 287.39288330078125 291.684539794921875 295.972686767578125 300.257568359375 304.539276123046875 308.81634521484375 313.086395263671875 317.354034423828125 321.6192626953125 325.88189697265625 329.706634521484375 333.94342041015625 338.180694580078125 342.41748046875 346.653778076171875 350.889190673828125 355.122100830078125 359.35101318359375 363.815643310546875 372.1396484375 16069.5595703125
26.715959548950195312 17.847528457641601562 17.84813690185546875 44.361785888671875 17.851499557495117188 17.8517608642578125 17.850233078002929688 35.554195404052734375 22.287389755249023438 66.267059326171875 17.867349624633789062 13.413028717041015625 22.307094573974609375 35.581737518310546875 22.278074264526367188 48.787952423095703125 26.711536407470703125 57.8551025390625 26.7227630615234375 26.724395751953125 57.87621307373046875 96.7508087158203125 31.14986419677734375 66.72090911865234375 71.1251068115234375 75.5217742919921875 79.912384033203125 84.29778289794921875 88.67850494384765625 93.0540618896484375 97.42440032958984375 101.79100799560546875 106.1531524658203125 110.08589935302734375 113.998687744140625 118.31114959716796875 122.628143310546875 126.94576263427734375 131.263153076171875 135.5803680419921875 139.89691162109375 144.2117156982421875 148.5239105224609375 521.3184814453125 16444.767578125
13.398140907287597656 13.39813995361328125 39.96283721923828125 13.400470733642578125 13.400957107543945312 13.400126457214355469 31.140438079833984375 17.845281600952148438 61.90119171142578125 13.4131927490234375 8.9528779983520507812 17.866764068603515625 31.167215347290039062 17.84041595458984375 44.398372650146484375 22.281099319458007812 22.288877487182617188 22.289957046508789062 22.291095733642578125 22.290782928466796875 92.428741455078125 26.724613189697265625 26.729429244995117188 83.72776031494140625 119.2126617431640625 154.69610595703125 247.1282806396484375 251.441375732421875 255.7481689453125 260.049102783203125 264.344879150390625 268.638427734375 272.92950439453125 276.791351318359375 280.63104248046875 284.876983642578125 289.126312255859375 293.377288818359375 297.628082275390625 301.876617431640625 306.122955322265625 310.367156982421875 314.608978271484375 319.088165283203125 849.31170654296875
8.9397382736206054688 35.55699920654296875 8.9408702850341796875 8.9411287307739257812 8.9405155181884765625 26.719181060791015625 13.395883560180664062 57.52918243408203125 8.9488248825073242188 4.4823241233825683594 13.416613578796386719 26.743007659912109375 13.39251708984375 40.0003204345703125 17.842210769653320312 17.848268508911132812 17.84867095947265625 17.849872589111328125 17.849077224731445312 88.1009674072265625 22.290235519409179688 22.295269012451171875 79.38912200927734375 26.725500106811523438 26.728120803833007812 83.7708740234375 31.155637741088867188 66.74716949462890625 71.1607666015625 75.56725311279296875 79.96773529052734375 84.36370086669921875 88.75640106201171875 92.72650146484375 96.68071746826171875 101.03204345703125 105.38614654541015625 109.73833465576171875 333.8531494140625 338.191619873046875 342.524200439453125 391.603179931640625 409.372161865234375 413.68798828125 418.21826171875
31.143289566040039062 4.4729585647583007812 4.4731211662292480469 4.4725980758666992188 22.289358139038085938 8.9378957748413085938 53.1527099609375 4.4766893386840820312 0 8.9561223983764648438 22.310487747192382812 8.9351205825805664062 35.593536376953125 13.393774986267089844 13.39881134033203125 13.398847579956054688 13.39998626708984375 13.398957252502441406 83.7676849365234375 17.847909927368164062 17.852169036865234375 75.04364776611328125 22.291368484497070312 22.292699813842773438 79.4260101318359375 26.726102828979492188 26.735813140869140625 26.746967315673828125 53.514492034912109375 62.428104400634765625 71.3345947265625 93.64698028564453125 98.05434417724609375 102.02880096435546875 106.40245819091796875 128.212738037109375 160.72198486328125 215.4070892333984375 13.440196990966796875 26.873411178588867188 40.301280975341796875 8.9721832275390625 8.9736680984497070312 22.42559814453125 35.872264862060546875
