tests/data/reference/gistest/full/control/cvin_m3.asc
ncols        125
nrows        78
xllcorner    -713756.799299980048
yllcorner    -1061032.369616159936
cellsize     10.000000000000
NODATA_value  -9999
[rows 40 to 59 of 78, columns 0 to 44 of 125]
-9999 -9999 -9999 -9999 -9999 -9999 -9999 -9999 -9999 -9999 0 11.59539794921875 204.618499755859375 8.8780994415283203125 0 4.4510216712951660156 13.301807403564453125 26.490228652954101562 4.4556412696838378906 66.0819549560546875 43.922740936279296875 56.69147491455078125 108.5574493408203125 44.006298065185546875 4.463886260986328125 0 4.4646296501159667969 13.378359794616699219 4.4633054733276367188 4.4628267288208007812 4.4611573219299316406 4.4577307701110839844 0 4.461353302001953125 8.9234485626220703125 13.380002021789550781 17.830583572387695312 22.274583816528320312 26.7080841064453125 0 0 17.835758209228515625 4.4690623283386230469 8.9420156478881835938 13.407818794250488281
-9999 -9999 -9999 -9999 -9999 -9999 -9999 -9999 -9999 -9999 0 178.2518310546875 17.74027252197265625 4.4499797821044921875 0 8.8796052932739257812 22.110887527465820312 0 61.745502471923828125 39.58402252197265625 52.388820648193359375 104.3216705322265625 39.65473175048828125 0 0 4.4648962020874023438 8.928211212158203125 0 0 0 0 0 4.4579524993896484375 8.9189167022705078125 13.374876976013183594 17.823822021484375 22.265291213989257812 26.697874069213867188 0 31.12949371337890625 4.4666299819946289062 4.4690937995910644531 22.274137496948242188 26.705095291137695312 31.128923416137695312
-9999 -9999 -9999 -9999 -9999 -9999 -9999 -9999 -9999 5.7977380752563476562 11.593533515930175781 158.4721832275390625 13.32117462158203125 0 4.4511828422546386719 17.718317031860351562 22.127660751342773438 57.3965606689453125 35.237720489501953125 48.080593109130859375 100.0795440673828125 35.294452667236328125 4.4624066352844238281 8.9206285476684570312 13.367527008056640625 17.805089950561523438 224.656341552734375 251.16668701171875 255.4343719482421875 259.6912841796875 263.937408447265625 268.17120361328125 272.4010009765625 276.6279296875 280.849761962890625 285.0665283203125 289.27716064453125 293.47930908203125 328.7904052734375 337.432342529296875 377.1357421875 390.2283935546875 403.318695068359375 407.45941162109375 411.591522216796875
-9999 -9999 -9999 -9999 -9999 -9999 -9999 -9999 0 5.7973799705505371094 145.3288116455078125 4.4550275802612304688 8.892101287841796875 0 13.312245368957519531 17.731700897216796875 26.515764236450195312 30.8792724609375 43.764678955078125 95.83209228515625 30.926095962524414062 0 0 4.4632358551025390625 176.0214385986328125 198.131072998046875 17.806810379028320312 8.9258546829223632812 13.373267173767089844 17.809642791748046875 22.236162185668945312 26.6537628173828125 31.065433502197265625 35.47017669677734375 39.86846923828125 44.260799407958984375 48.64740753173828125 53.02822113037109375 57.4030303955078125 61.77100372314453125 66.13278961181640625 70.49027252197265625 74.8439178466796875 79.193817138671875 83.5402679443359375
-9999 -9999 -9999 -9999 -9999 -9999 -9999 -9999 0 3.9898641109466552734 132.68951416015625 0 4.4519267082214355469 8.8898134231567382812 13.321969985961914062 22.132274627685546875 26.50738525390625 39.43627166748046875 91.5749359130859375 26.549600601196289062 30.912731170654296875 70.543548583984375 114.49742889404296875 162.7812042236328125 13.370237350463867188 13.372179031372070312 4.4644489288330078125 0 4.4653868675231933594 8.9293727874755859375 13.382673263549804688 17.826467514038085938 22.263238906860351562 26.69254302978515625 31.115243911743164062 35.532268524169921875 39.9446868896484375 714.0382080078125 775.52593994140625 837.04266357421875 898.5780029296875 960.12054443359375 1021.6563720703125 1100.335693359375 1104.4429931640625
-9999 -9999 -9999 -9999 -9999 -9999 -9999 -9999 0 110.6885833740234375 13.333202362060546875 0 4.4524517059326171875 8.8963632583618164062 17.734239578247070312 22.120828628540039062 35.0955810546875 87.30464935302734375 22.159147262573242188 26.534910202026367188 30.893312454223632812 35.243289947509765625 39.5970458984375 8.9233198165893554688 8.9254808425903320312 0 0 4.4658098220825195312 8.9318685531616210938 13.387343406677246094 17.832324981689453125 22.268054962158203125 26.697114944458007812 31.120149612426757812 555.62646484375 608.41546630859375 665.5068359375 52.94380950927734375 52.98348236083984375 53.010211944580078125 53.023937225341796875 53.028858184814453125 70.22566986083984375 57.35691070556640625 131.9235382080078125
-9999 -9999 -9999 -9999 -9999 -9999 -9999 0 93.10761260986328125 8.8979482650756835938 8.901885986328125 0 4.4560475349426269531 13.32064056396484375 17.718420028686523438 30.741849899291992188 83.02256011962890625 17.754812240600585938 22.145397186279296875 26.517274856567382812 30.8751068115234375 35.234943389892578125 4.4630994796752929688 4.4644517898559570312 4.4651083946228027344 8.9257688522338867188 13.375001907348632812 17.816057205200195312 22.249013900756835938 26.67226409912109375 31.085668563842773438 35.490543365478515625 467.4814453125 515.87286376953125 44.203365325927734375 48.527667999267578125 48.575359344482421875 48.612152099609375 48.6368255615234375 48.6493682861328125 48.653289794921875 65.88702392578125 52.988201141357421875 65.86409759521484375 57.312946319580078125
-9999 -9999 -9999 -9999 -9999 -9999 -9999 49.466457366943359375 35.4068450927734375 4.4542040824890136719 4.4549818038940429688 0 8.8920392990112304688 13.30123138427734375 26.375566482543945312 78.7275238037109375 13.3352508544921875 17.742918014526367188 22.130779266357421875 26.499555587768554688 30.865764617919921875 0 0 0 0 4.465053558349609375 8.9287252426147460938 13.382349014282226562 300.059417724609375 339.6888427734375 379.36474609375 423.353729248046875 39.7790374755859375 39.822628021240234375 44.153682708740234375 44.198520660400390625 44.23308563232421875 44.256320953369140625 44.268062591552734375 44.27132415771484375 61.542957305908203125 48.61305999755859375 61.51778411865234375 52.94376373291015625 52.977260589599609375
-9999 -9999 -9999 -9999 -9999 -9999 0 39.335178375244140625 31.012523651123046875 0 0 4.4497876167297363281 8.87512969970703125 22.000558853149414062 74.4232177734375 8.9010248184204101562 13.325102806091308594 17.728914260864257812 22.11168670654296875 26.488643646240234375 30.837011337280273438 66.08820343017578125 101.3380889892578125 136.5918731689453125 198.357757568359375 220.4871978759765625 247.0290985107421875 277.95111083984375 30.96051788330078125 31.017269134521484375 35.348194122314453125 35.388824462890625 35.4320068359375 39.77060699462890625 39.81325531005859375 39.846126556396484375 39.868377685546875 39.879817962646484375 39.882709503173828125 57.193572998046875 44.2320404052734375 57.166561126708984375 48.568828582763671875 48.600109100341796875 48.637073516845703125
-9999 -9999 -9999 -9999 -9999 31.744161605834960938 22.101411819458007812 8.888355255126953125 22.14934539794921875 0 0 4.4460458755493164062 17.618963241577148438 70.11228179931640625 4.4538321495056152344 8.8945741653442382812 13.313077926635742188 17.708658218383789062 22.098907470703125 26.461709976196289062 26.503038406372070312 26.511747360229492188 26.524919509887695312 53.07141876220703125 13.375860214233398438 17.808763504028320312 22.210645675659179688 26.554655075073242188 26.60967254638671875 30.949369430541992188 30.988857269287109375 31.0311431884765625 35.378299713134765625 35.419712066650390625 35.451404571533203125 35.472930908203125 35.48433685302734375 35.487369537353515625 52.838817596435546875 39.8448944091796875 52.81043243408203125 44.188373565673828125 44.217426300048828125 44.2522125244140625 44.278720855712890625
-9999 -9999 -9999 -9999 -9999 25.951381683349609375 17.695001602172851562 4.4483995437622070312 8.85320281982421875 4.4432554244995117188 0 13.228766441345214844 65.7941741943359375 0 4.4510669708251953125 8.885608673095703125 13.293515205383300781 17.694339752197265625 22.074438095092773438 22.112926483154296875 22.118085861206054688 22.127458572387695312 48.69559478759765625 8.9262847900390625 13.369432449340820312 17.783285140991210938 22.139524459838867188 22.191656112670898438 26.539823532104492188 26.578393936157226562 26.61965179443359375 30.975503921508789062 31.015966415405273438 31.046640396118164062 31.0677337646484375 31.079463958740234375 31.083314895629882812 48.477771759033203125 35.4512786865234375 48.44915008544921875 39.80190277099609375 39.828693389892578125 39.8614501953125 39.88625335693359375 39.8981170654296875
-9999 -9999 -9999 -9999 0 22.053815841674804688 13.28177642822265625 0 4.4344539642333984375 0 8.8248205184936523438 39.489498138427734375 17.5871124267578125 0 4.4467153549194335938 8.8696308135986328125 13.277233123779296875 17.673336029052734375 17.710004806518554688 17.714258193969726562 17.720884323120117188 44.308841705322265625 4.4634413719177246094 8.9187774658203125 13.346184730529785156 17.716310501098632812 17.7639312744140625 22.120611190795898438 22.158252716064453125 22.197784423828125 26.562765121459960938 26.602617263793945312 26.631772994995117188 26.651956558227539062 26.663818359375 26.668649673461914062 44.108234405517578125 31.049495697021484375 44.082096099853515625 35.4092254638671875 35.43343353271484375 35.46380615234375 35.487201690673828125 35.498126983642578125 35.50457000732421875
-9999 -9999 -9999 -9999 0 17.6570587158203125 4.4265561103820800781 0 0 4.420177459716796875 4.4253740310668945312 26.31491851806640625 13.191629409790039062 0 4.4387140274047851562 8.8505764007568359375 13.260846138000488281 13.293276786804199219 13.298919677734375 13.305650711059570312 39.911937713623046875 0 4.457912445068359375 8.9010610580444335938 13.288672447204589844 13.328862190246582031 17.694324493408203125 17.731645584106445312 17.768125534057617188 22.142393112182617188 22.182092666625976562 22.209280014038085938 22.22798919677734375 22.239236831665039062 22.244256973266601562 39.730098724365234375 26.6381072998046875 39.707538604736328125 31.009105682373046875 31.031475067138671875 31.059009552001953125 31.080274581909179688 31.090463638305664062 31.096233367919921875 48.6098175048828125
-9999 -9999 -9999 77.3160400390625 0 4.427684783935546875 4.4127902984619140625 0 0 0 0 17.551420211791992188 8.8123884201049804688 0 4.4296669960021972656 8.8393831253051757812 8.8653278350830078125 8.8739767074584960938 8.8802518844604492188 17.768619537353515625 13.308735847473144531 0 4.4489469528198242188 8.8589763641357421875 8.8883514404296875 13.264013290405273438 13.301181793212890625 13.332311630249023438 17.71616363525390625 17.755708694458007812 17.780202865600585938 17.79708099365234375 17.807277679443359375 17.811708450317382812 35.34482574462890625 22.217897415161132812 35.3255462646484375 26.600221633911132812 26.621257781982421875 26.64693450927734375 26.665828704833984375 26.674407958984375 26.679349899291992188 44.231548309326171875 31.096157073974609375
-9999 -9999 -9999 73.6938629150390625 4.44014739990234375 0 0 0 0 4.4269843101501464844 8.8201427459716796875 0 4.4187822341918945312 0 4.4247407913208007812 4.4400515556335449219 4.4450898170471191406 4.4453539848327636719 4.4474568367004394531 4.4507951736450195312 8.8785257339477539062 0 4.42615509033203125 4.4421815872192382812 8.836399078369140625 8.8687906265258789062 8.8912029266357421875 13.286267280578613281 13.323987007141113281 13.344101905822753906 13.358319282531738281 13.367360115051269531 13.371125221252441406 30.953348159790039062 17.790060043334960938 30.937744140625 22.1840057373046875 22.202808380126953125 22.226352691650390625 22.243656158447265625 22.25070953369140625 22.2541961669921875 39.84571075439453125 26.678218841552734375 26.698869705200195312
-9999 -9999 0 47.7931365966796875 8.86051177978515625 0 0 0 0 -9999 -9999 -9999 0 0 0 0 0 0 0 0 0 0 0 4.4194140434265136719 4.433788299560546875 4.4451513290405273438 8.85832977294921875 8.8876895904541015625 8.901157379150390625 8.9112501144409179688 8.9182710647583007812 8.9213886260986328125 26.555498123168945312 13.354480743408203125 26.5446319580078125 17.761249542236328125 17.777095794677734375 17.797460556030273438 17.812871932983398438 17.818828582763671875 17.820953369140625 35.452800750732421875 22.251934051513671875 22.269704818725585938 17.849111557006835938
-9999 -9999 19.937412261962890625 13.246670722961425781 0 0 0 -9999 -9999 -9999 -9999 -9999 -9999 0 0 4.4374856948852539062 8.8526706695556640625 0 4.4453425407409667969 8.8704814910888671875 13.296773910522460938 0 0 0 0 4.43375396728515625 4.4453911781311035156 4.4507136344909667969 4.4555196762084960938 4.45954132080078125 4.4613509178161621094 22.15047454833984375 8.9101457595825195312 22.145582199096679688 13.33142852783203125 13.343723297119140625 13.359942436218261719 13.372746467590332031 13.37793731689453125 13.379170417785644531 31.052762985229492188 17.817308425903320312 17.831796646118164062 13.39922332763671875 13.401219367980957031
-9999 0 10.217709541320800781 4.4171800613403320312 0 0 0 -9999 -9999 -9999 -9999 -9999 -9999 -9999 -9999 -9999 0 13.269011497497558594 0 0 0 22.080064773559570312 -9999 -9999 0 0 0 0 0 0 17.737455368041992188 4.455921173095703125 17.739976882934570312 8.8939352035522460938 8.90206146240234375 8.913265228271484375 8.9226531982421875 8.9264841079711914062 8.9276266098022460938 26.645853042602539062 13.374471664428710938 13.3849029541015625 8.9395618438720703125 8.9421529769897460938 22.285375595092773438
-9999 0 0 0 0 0 -9999 -9999 -9999 -9999 -9999 -9999 -9999 -9999 -9999 -9999 -9999 -9999 -9999 -9999 -9999 -9999 -9999 -9999 0 0 0 4.4466190338134765625 8.8771915435791015625 13.311300277709960938 0 13.327202796936035156 4.4478983879089355469 4.4515023231506347656 4.4566564559936523438 4.4619269371032714844 4.4640331268310546875 4.4645185470581054688 22.23058319091796875 8.923496246337890625 8.9292516708374023438 4.4709277153015136719 4.473968505859375 17.845632553100585938 8.9395055770874023438
-9999 -9999 0 0 0 -9999 -9999 -9999 -9999 -9999 -9999 -9999 -9999 -9999 -9999 -9999 -9999 -9999 -9999 -9999 -9999 -9999 -9999 -9999 -9999 -9999 -9999 0 0 4.4543700218200683594 8.8974065780639648438 0 0 0 0 0 0 17.804965972900390625 4.4621105194091796875 4.4646692276000976562 0 0 13.39617919921875 4.4714722633361816406 4.4722394943237304688
