tests/data/reference/gistest/full/control/cvin_m3.asc
ncols        125
nrows        78
xllcorner    -713756.799299980048
yllcorner    -1061032.369616159936
cellsize     10.000000000000
NODATA_value  -9999
[rows 20 to 39 of 78, columns 0 to 44 of 125]
-9999 -9999 -9999 -9999 -9999 -9999 -9999 -9999 -9999 -9999 -9999 -9999 -9999 -9999 -9999 -9999 0 4.4655032157897949219 8.9398431777954101562 22.315973281860351562 173.3724365234375 8.9257421493530273438 0 4.4666562080383300781 0 14.737638473510742188 146.2871856689453125 135.08636474609375 130.8751373291015625 4.4685053825378417969 110.77204132080078125 17.864896774291992188 0 40.1885223388671875 119.099700927734375 13.416245460510253906 85.60593414306640625 115.50878143310546875 54.400501251220703125 70.7978973388671875 79.49495697021484375 61.712818145751953125 31.18851470947265625 70.63935089111328125 44.277050018310546875
-9999 -9999 -9999 -9999 -9999 -9999 -9999 -9999 -9999 -9999 -9999 -9999 -9999 -9999 -9999 -9999 4.6303424835205078125 9.1030874252319335938 13.5712432861328125 204.6494903564453125 17.991159439086914062 0 0 4.4611468315124511719 8.9360055923461914062 26.334564208984375 150.5677947998046875 139.4086761474609375 135.174774169921875 8.9409418106079101562 115.1110992431640625 0 22.3117523193359375 49.10065460205078125 123.3853759765625 17.873098373413085938 89.927032470703125 119.882232666015625 58.784320831298828125 75.17089080810546875 83.85628509521484375 66.08499908447265625 35.6268157958984375 75.01525115966796875 48.68556976318359375
-9999 -9999 -9999 -9999 -9999 -9999 -9999 -9999 -9999 -9999 -9999 -9999 -9999 -9999 -9999 -9999 9.2593202590942382812 13.730036735534667969 18.189088821411132812 236.4007110595703125 0 0 0 4.6282744407653808594 23.206392288208007812 30.751232147216796875 154.848358154296875 143.7259674072265625 139.473175048828125 13.405659675598144531 119.444244384765625 0 4.4775629043579101562 26.749429702758789062 181.1899871826171875 22.321805953979492188 94.244476318359375 124.24787139892578125 0 142.698272705078125 88.2118072509765625 70.4526214599609375 40.060665130615234375 79.38892364501953125 53.091358184814453125
-9999 -9999 -9999 -9999 -9999 -9999 -9999 -9999 -9999 -9999 -9999 -9999 -9999 -9999 -9999 0 13.875606536865234375 41.1257476806640625 245.513214111328125 0 0 0 4.6225171089172363281 4.202362060546875 37.80379486083984375 35.359188079833984375 159.1233673095703125 148.03485107421875 143.7646484375 17.859476089477539062 123.771026611328125 0 4.477283477783203125 8.9477777481079101562 31.178598403930664062 212.226318359375 98.55838775634765625 128.6063995361328125 0 151.532318115234375 92.56121826171875 74.81511688232421875 44.48876190185546875 83.75963592529296875 57.494029998779296875
-9999 -9999 -9999 -9999 -9999 -9999 -9999 -9999 -9999 -9999 -9999 -9999 -9999 -9999 -9999 4.6114587783813476562 332.5069580078125 309.557952880859375 4.6151862144470214844 0 0 4.5704870223999023438 14.618177413940429688 0 8.3854856491088867188 42.36569976806640625 203.5845794677734375 152.5571746826171875 148.275482177734375 22.303009033203125 0 128.0908660888671875 4.4767208099365234375 8.9471635818481445312 13.409296989440917969 252.094085693359375 102.86869049072265625 132.958740234375 0 160.359161376953125 96.90468597412109375 79.17220306396484375 48.910335540771484375 88.12604522705078125 61.892932891845703125
-9999 -9999 -9999 -9999 -9999 -9999 -9999 -9999 -9999 -9999 -9999 -9999 -9999 -9999 -9999 382.930572509765625 4.6207370758056640625 0 0 0 0 8.8368577957153320312 10.369151115417480469 20.416446685791015625 4.6392254829406738281 12.975202560424804688 46.928936004638671875 365.15185546875 152.7802581787109375 26.917144775390625 0 4.6468400955200195312 132.4040985107421875 8.9461116790771484375 13.407999992370605469 17.861646652221679688 363.52862548828125 0 137.30426025390625 4.4818978309631347656 265.938446044921875 83.5238037109375 53.32526397705078125 92.48766326904296875 66.28769683837890625
-9999 -9999 -9999 -9999 -9999 -9999 -9999 -9999 -9999 -9999 -9999 -9999 -9999 0 0 32.256282806396484375 4.6213765144348144531 0 0 0 4.6196341514587402344 10.418664932250976562 29.233983993530273438 14.955853462219238281 24.99846649169921875 9.271137237548828125 17.571496963500976562 421.1287841796875 157.2801666259765625 31.524541854858398438 4.6477603912353515625 0 9.2850408554077148438 136.9291229248046875 13.577852249145507812 17.858777999877929688 22.304126739501953125 367.779571533203125 4.4797425270080566406 141.6424102783203125 8.9550504684448242188 358.1280517578125 57.73360443115234375 96.844390869140625 70.67816925048828125
-9999 -9999 -9999 -9999 -9999 -9999 -9999 -9999 -9999 -9999 -9999 -9999 -9999 -9999 0 4.6120901107788085938 4.6006994247436523438 0 0 8.7727746963500976562 18.767908096313476562 22.911043167114257812 27.465343475341796875 65.8377532958984375 89.951263427734375 124.09392547607421875 142.5316162109375 169.23291015625 425.600830078125 161.7729034423828125 36.124088287353515625 9.2861785888671875 4.6464524269104003906 13.914330482482910156 141.4458770751953125 18.200185775756835938 22.476165771484375 26.73697662353515625 372.0224609375 8.9514312744140625 145.9735107421875 375.856170654296875 62.135120391845703125 101.19585418701171875 75.06395721435546875
-9999 -9999 -9999 -9999 -9999 -9999 -9999 -9999 -9999 -9999 -9999 -9999 -9999 -9999 -9999 -9999 0 0 0 5.7987885475158691406 11.59686279296875 16.207864761352539062 20.826446533203125 25.438772201538085938 30.045976638793945312 34.6466217041015625 39.241825103759765625 43.831531524658203125 222.17169189453125 656.739013671875 166.254150390625 40.7137908935546875 13.914579391479492188 9.2826910018920898438 18.534112930297851562 145.9538116455078125 22.813127517700195312 27.08518218994140625 31.3439178466796875 376.49505615234375 13.414447784423828125 530.4525146484375 66.52951812744140625 105.541534423828125 79.4443359375
-9999 -9999 -9999 -9999 -9999 -9999 -9999 -9999 -9999 -9999 -9999 -9999 -9999 -9999 -9999 -9999 -9999 0 8.3082942962646484375 14.10483551025390625 18.652425765991210938 23.224758148193359375 27.80304718017578125 32.38274383544921875 36.96028900146484375 41.534885406494140625 46.106723785400390625 50.6761627197265625 55.24265289306640625 59.804531097412109375 725.521728515625 900.66522216796875 950.33551025390625 18.531951904296875 13.907346725463867188 23.143367767333984375 150.45343017578125 182.3660888671875 218.54144287109375 35.94244384765625 380.953033447265625 18.041601181030273438 605.654052734375 109.88161468505859375 83.81937408447265625
-9999 -9999 -9999 -9999 -9999 -9999 -9999 -9999 -9999 -9999 -9999 -9999 -9999 -9999 -9999 -9999 -9999 0 5.7984976768493652344 9.9722576141357421875 14.563778877258300781 19.16350555419921875 461.77813720703125 466.10357666015625 470.41522216796875 474.725067138671875 479.033233642578125 483.335205078125 487.619384765625 491.87725830078125 496.12750244140625 500.392120361328125 504.66070556640625 1463.54150390625 1490.7095947265625 1513.1754150390625 1544.835693359375 1548.79296875 1552.794921875 1779.8321533203125 1824.34716796875 2213.684326171875 2240.1904296875 724.37347412109375 88.189697265625
-9999 -9999 -9999 -9999 -9999 -9999 -9999 -9999 -9999 -9999 -9999 -9999 -9999 -9999 -9999 -9999 0 5.79850006103515625 9.795467376708984375 110.18071746826171875 164.8980712890625 433.69091796875 31.1846160888671875 71.31501007080078125 120.11788177490234375 124.6606597900390625 248.0453948974609375 296.888031005859375 406.345977783203125 410.821380615234375 415.284698486328125 419.741943359375 424.193145751953125 428.63623046875 433.066925048828125 437.47637939453125 441.87164306640625 1131.8460693359375 1149.5859375 1171.763916015625 1220.3204345703125 1260.1732177734375 1295.6199951171875 3543.69677734375 4276.22265625
-9999 -9999 -9999 -9999 -9999 -9999 -9999 -9999 -9999 -9999 -9999 -9999 -9999 -9999 -9999 0 5.7983083724975585938 54.23360443115234375 91.64475250244140625 46.071292877197265625 260.16912841796875 26.60294342041015625 30.9825439453125 39.6834716796875 48.54282379150390625 114.326904296875 39.76438140869140625 100.46392822265625 78.36185455322265625 82.63869476318359375 86.91251373291015625 91.41449737548828125 446.9642333984375 482.42169189453125 526.61370849609375 579.49639892578125 681.37640380859375 8.9378576278686523438 13.397315025329589844 39.822292327880859375 31.1044464111328125 26.707118988037109375 26.710714340209960938 71.42856597900390625 102.91625213623046875
-9999 -9999 -9999 -9999 -9999 -9999 -9999 -9999 -9999 -9999 -9999 -9999 -9999 -9999 -9999 0 38.72168731689453125 28.71157073974609375 41.729892730712890625 256.042938232421875 22.200494766235351562 26.5912322998046875 35.31243133544921875 43.989246368408203125 56.920223236083984375 35.38507080078125 96.1939697265625 74.08098602294921875 86.62319183349609375 228.861907958984375 307.2899169921875 346.907989501953125 26.675304412841796875 35.469829559326171875 44.229534149169921875 93.27120208740234375 4.4731965065002441406 8.9417982101440429688 35.42783355712890625 26.6862335205078125 22.276510238647460938 22.277994155883789062 35.51654052734375 22.28833770751953125 22.29443359375
-9999 -9999 -9999 -9999 -9999 -9999 -9999 -9999 -9999 -9999 -9999 -9999 -9999 -9999 5.7982621192932128906 28.985614776611328125 24.323759078979492188 37.379161834716796875 251.8962860107421875 17.784259796142578125 22.18769073486328125 30.931884765625 39.632350921630859375 52.597248077392578125 30.997894287109375 91.9168243408203125 69.79447174072265625 82.36519622802734375 133.7971649169921875 69.9476470947265625 31.053297042846679688 22.252046585083007812 31.068340301513671875 39.846649169921875 88.8886260986328125 0 4.4744014739990234375 31.0251617431640625 22.2598114013671875 17.8382568359375 17.838102340698242188 31.105403900146484375 17.844217300415039062 17.848451614379882812 17.85396575927734375
-9999 -9999 -9999 -9999 -9999 -9999 -9999 -9999 -9999 -9999 -9999 -9999 -9999 0 11.594701766967773438 19.93071746826171875 33.02020263671875 247.7378997802734375 13.355504035949707031 17.771894454956054688 26.540225982666015625 35.26605224609375 48.266613006591796875 26.602022171020507812 87.63327789306640625 65.50188446044921875 78.1026153564453125 129.608795166015625 65.63947296142578125 26.64441680908203125 17.819644927978515625 26.65750885009765625 35.45513916015625 71.09449005126953125 8.939014434814453125 0 26.615139007568359375 17.824712753295898438 13.391137123107910156 13.389828681945800781 26.6875 13.392416954040527344 13.3951416015625 13.399249076843261719 13.40465545654296875
-9999 -9999 -9999 -9999 -9999 -9999 -9999 -9999 -9999 -9999 -9999 -9999 -9999 5.7979278564453125 15.546178817749023438 28.653627395629882812 243.5668792724609375 8.9138135910034179688 13.344433784484863281 22.13816070556640625 30.890020370483398438 43.926830291748046875 22.195308685302734375 83.3415374755859375 61.202587127685546875 73.834564208984375 125.4156036376953125 61.327190399169921875 22.228391647338867188 13.378485679626464844 22.239030838012695312 31.05722808837890625 62.215328216552734375 0 4.469783782958984375 22.19817352294921875 13.381071090698242188 8.93511962890625 8.9333372116088867188 22.2633514404296875 8.9332723617553710938 8.9344806671142578125 8.9368238449096679688 8.9405527114868164062 4.4820499420166015625
-9999 -9999 -9999 -9999 -9999 -9999 -9999 -9999 -9999 -9999 -9999 -9999 0 11.593479156494140625 24.282354354858398438 239.387847900390625 4.4582509994506835938 8.9050722122192382812 17.726535797119140625 26.505084991455078125 39.578556060791015625 17.776868820190429688 79.04016876220703125 56.894866943359375 69.55963134765625 121.214630126953125 57.00878143310546875 17.804334640502929688 8.9277029037475585938 17.812286376953125 26.653139114379882812 17.799060821533203125 35.575054168701171875 0 17.774688720703125 8.927890777587890625 4.4690485000610351562 4.4675493240356445312 17.832418441772460938 4.466655731201171875 4.4668488502502441406 4.4673871994018554688 4.4695849418640136719 0 0
-9999 -9999 -9999 -9999 -9999 -9999 -9999 -9999 -9999 -9999 -9999 0 5.7974805831909179688 19.907459259033203125 235.20574951171875 0 4.4538254737854003906 13.306669235229492188 22.111965179443359375 35.22263336181640625 13.347455024719238281 74.72933197021484375 52.578754425048828125 65.27739715576171875 117.00455474853515625 52.68303680419921875 13.369814872741699219 4.4653787612915039062 13.375241279602050781 22.23992919921875 13.366528511047363281 13.359975814819335938 13.351477622985839844 13.344832420349121094 4.4639706611633300781 0 0 13.391736030578613281 0 0 0 0 0 4.4792623519897460938 8.9534540176391601562
-9999 -9999 -9999 -9999 -9999 -9999 -9999 -9999 -9999 -9999 -9999 0 15.537560462951660156 222.126190185546875 4.4522199630737304688 0 8.8812122344970703125 17.71138763427734375 30.85984039306640625 8.9071760177612304688 70.40984344482421875 48.254444122314453125 60.987945556640625 112.78543853759765625 48.349029541015625 8.9236440658569335938 0 8.9263925552368164062 17.81533050537109375 8.922092437744140625 8.918621063232421875 8.9122257232666015625 8.907169342041015625 0 0 4.4675054550170898438 8.9356565475463867188 0 4.4648013114929199219 8.930049896240234375 13.386975288391113281 0 0 4.479976654052734375 8.95606231689453125
