tests/data/reference/gistest/full/control/cvin_m3.asc
ncols        125
nrows        78
xllcorner    -713756.799299980048
yllcorner    -1061032.369616159936
cellsize     10.000000000000
NODATA_value  -9999
[rows 20 to 39 of 78, columns 45 to 89 of 125]
39.920200347900390625 22.318029403686523438 26.7293701171875 44.41039276123046875 13.412622451782226562 0 4.4822330474853515625 8.9519023895263671875 17.855962753295898438 22.286647796630859375 44.170806884765625 26.727874755859375 17.87868499755859375 17.883905410766601562 13.42789459228515625 8.9595785140991210938 8.9586048126220703125 8.9573268890380859375 8.95568084716796875 8.9535398483276367188 35.65438079833984375 13.407700538635253906 13.403649330139160156 13.400397300720214844 79.94071197509765625 115.10518646240234375 17.819238662719726562 17.800540924072265625 4.4629406929016113281 0 0 690.896240234375 98.00331878662109375 13.408731460571289062 8.9434957504272460938 4.4768319129943847656 0 0 -9999 -9999 -9999 -9999 -9999 -9999 -9999
44.334468841552734375 26.768650054931640625 31.168521881103515625 48.82167816162109375 17.873949050903320312 4.48426055908203125 0 8.9567594528198242188 13.416775703430175781 22.302486419677734375 26.723415374755859375 48.555999755859375 31.158842086791992188 22.3282470703125 22.334003448486328125 17.88588714599609375 13.425336837768554688 13.423681259155273438 13.421506881713867188 13.41904449462890625 13.4162445068359375 40.071712493896484375 17.859895706176757812 17.855375289916992188 102.16378021240234375 119.4371185302734375 22.258045196533203125 22.236148834228515625 8.9305400848388671875 4.4639348983764648438 0 4.4622836112976074219 695.05548095703125 102.39182281494140625 31.277162551879882812 8.9519739151000976562 4.4781708717346191406 4.4720187187194824219 0 -9999 -9999 -9999 -9999 -9999 -9999
48.746002197265625 31.215124130249023438 35.60384368896484375 53.2293243408203125 22.329547882080078125 8.9613771438598632812 4.4852929115295410156 0 13.423295021057128906 17.873638153076171875 26.741825103759765625 31.15378570556640625 52.936458587646484375 35.58304595947265625 26.77004241943359375 26.7760467529296875 22.335193634033203125 17.881933212280273438 17.87961578369140625 17.876878738403320312 17.873926162719726562 17.870489120483398438 44.48148345947265625 22.303140640258789062 128.824798583984375 123.7658843994140625 26.692457199096679688 26.666551589965820312 13.392749786376953125 8.9327478408813476562 4.4675855636596679688 8.9252490997314453125 0 699.20721435546875 106.76808929443359375 49.137561798095703125 8.9543552398681640625 8.947658538818359375 4.4752058982849121094 0 -9999 -9999 -9999 -9999 -9999
53.15453338623046875 35.657199859619140625 40.0352325439453125 57.632884979248046875 26.779180526733398438 13.431385993957519531 8.9625377655029296875 0 4.4853196144104003906 17.8818511962890625 22.3231964111328125 31.17459869384765625 35.577648162841796875 57.3117523193359375 40.000396728515625 31.204082489013671875 31.209981918334960938 26.776113510131835938 22.330156326293945312 22.327404022216796875 22.32401275634765625 22.320287704467773438 22.315923690795898438 48.882541656494140625 159.9161376953125 128.0910186767578125 31.121118545532226562 31.09189605712890625 17.8493499755859375 13.395555496215820312 8.9398851394653320312 13.3815155029296875 0 4.468288421630859375 703.34515380859375 111.13428497314453125 66.98786163330078125 13.419219970703125 8.9485645294189453125 4.4698185920715332031 0 0 -9999 -9999 -9999
57.559295654296875 40.09430694580078125 44.462421417236328125 62.031879425048828125 31.222515106201171875 17.894094467163085938 0 13.431855201721191406 4.4859151840209960938 8.9622507095336914062 22.33319091796875 26.765691757202148438 35.600421905517578125 39.9947509765625 61.6817626953125 44.41092681884765625 35.630397796630859375 35.636104583740234375 31.209194183349609375 26.770221710205078125 26.766798019409179688 26.76265716552734375 26.757898330688476562 26.751825332641601562 217.53521728515625 132.410675048828125 35.544780731201171875 35.51336669921875 22.300539016723632812 17.852243423461914062 13.406226158142089844 17.83391571044921875 4.4748806953430175781 8.9367351531982421875 0 707.4693603515625 115.48813629150390625 71.3979949951171875 31.294864654541015625 8.9440412521362304688 4.4691343307495117188 4.4652414321899414062 0 -9999 -9999
61.960292816162109375 44.526592254638671875 48.885288238525390625 66.4262542724609375 35.6597747802734375 22.349992752075195312 4.486530303955078125 0 17.893650054931640625 8.9637537002563476562 13.431280136108398438 26.777301788330078125 31.200937271118164062 40.019344329833984375 44.40515899658203125 66.0461883544921875 48.814311981201171875 40.0490570068359375 40.05474853515625 35.63454437255859375 31.202297210693359375 31.198011398315429688 31.192533493041992188 31.18604278564453125 253.0485382080078125 136.724517822265625 39.963481903076171875 39.930797576904296875 26.745870590209960938 22.303037643432617188 17.866529464721679688 22.282712936401367188 8.9492950439453125 13.399013519287109375 4.4692378044128417969 711.5712890625 0 119.829742431640625 111.53961181640625 13.410786628723144531 8.9418478012084960938 8.935089111328125 4.4637804031372070312 0 0
66.35776519775390625 48.95449066162109375 53.303676605224609375 70.81607818603515625 40.091289520263671875 26.799657821655273438 8.965595245361328125 0 4.4879446029663085938 22.348522186279296875 13.433794975280761719 17.892602920532226562 31.214349746704101562 35.62896728515625 44.43105316162109375 48.80828094482421875 70.40450286865234375 53.210788726806640625 44.460681915283203125 44.466312408447265625 40.052425384521484375 35.626117706298828125 35.62017822265625 35.613162994384765625 292.98211669921875 141.03375244140625 44.376617431640625 44.343067169189453125 31.185060501098632812 26.74798583984375 22.321014404296875 26.72779083251953125 13.421110153198242188 17.857425689697265625 8.9435796737670898438 715.6951904296875 4.4720830917358398438 124.1670989990234375 115.93001556396484375 17.868635177612304688 13.405996322631835938 13.397315025329589844 8.9350757598876953125 4.4680867195129394531 4.4647498130798339844
70.7511444091796875 53.3776702880859375 57.717441558837890625 75.201568603515625 44.5173797607421875 31.243316650390625 13.437635421752929688 4.4887700080871582031 8.9676723480224609375 0 26.796627044677734375 17.896146774291992188 22.346134185791015625 35.64383697509765625 40.0492095947265625 48.835285186767578125 53.20453643798828125 74.75748443603515625 57.60100555419921875 48.86544036865234375 48.870532989501953125 44.462188720703125 40.041294097900390625 40.033954620361328125 337.3282470703125 145.3377838134765625 48.783679962158203125 48.7493743896484375 35.617427825927734375 31.186491012573242188 26.769289016723632812 31.168729782104492188 17.8878631591796875 22.31182861328125 13.414427757263183594 719.83111572265625 8.9454813003540039062 128.5036468505859375 120.31533050537109375 22.316984176635742188 17.864400863647460938 17.852142333984375 13.398911476135253906 17.877628326416015625 0
75.13958740234375 57.795337677001953125 62.126407623291015625 79.5830841064453125 48.938488006591796875 35.681217193603515625 17.902927398681640625 8.969669342041015625 13.440153121948242188 4.4882607460021972656 31.237771987915039062 22.350393295288085938 0 26.791269302368164062 40.065494537353515625 44.462158203125 53.23307037353515625 57.594684600830078125 79.105224609375 61.98470306396484375 53.2629241943359375 53.267276763916015625 48.86444091796875 44.449008941650390625 386.079742431640625 149.6351470947265625 53.183422088623046875 53.1486663818359375 40.04193115234375 35.617374420166015625 31.210262298583984375 35.60445404052734375 22.349027633666992188 26.761341094970703125 17.879770278930664062 723.97076416015625 13.416777610778808594 132.8400421142578125 124.69821929931640625 26.759508132934570312 22.315446853637695312 22.298059463500976562 17.851806640625 22.331745147705078125 4.4686479568481445312
79.52288818359375 62.207187652587890625 66.530364990234375 83.96067047119140625 53.354824066162109375 40.113491058349609375 22.361644744873046875 13.443192481994628906 17.905727386474609375 8.968372344970703125 35.67266082763671875 26.797517776489257812 0 4.4844341278076171875 31.228366851806640625 44.479984283447265625 48.868450164794921875 57.624637603759765625 61.97867584228515625 83.44757080078125 66.36183929443359375 57.653377532958984375 57.6568603515625 53.25913238525390625 48.84880828857421875 544.307861328125 57.575931549072265625 57.541477203369140625 44.459442138671875 40.04135894775390625 35.644290924072265625 40.034481048583984375 26.8036651611328125 31.205167770385742188 22.339139938354492188 728.1103515625 17.883947372436523438 137.173492431640625 129.075927734375 31.196651458740234375 26.759166717529296875 26.734584808349609375 22.2937469482421875 26.77350616455078125 8.9385976791381835938
83.901641845703125 66.61363983154296875 70.92938995361328125 88.3343048095703125 57.766437530517578125 44.540187835693359375 26.813886642456054688 17.909570693969726562 22.364513397216796875 13.440861701965332031 40.101696014404296875 31.238183975219726562 4.4851670265197753906 0 8.9600496292114257812 35.657745361328125 48.88761138916015625 53.268398284912109375 62.01021575927734375 66.35669708251953125 87.78456878662109375 70.7323760986328125 62.036266326904296875 62.03806304931640625 57.64520263671875 53.240825653076171875 610.5450439453125 61.928821563720703125 48.871410369873046875 44.46006011962890625 40.07275390625 44.459331512451171875 31.251750946044921875 35.642734527587890625 26.792148590087890625 732.24798583984375 22.3449554443359375 141.50250244140625 133.4471588134765625 35.626132965087890625 31.194248199462890625 57.887477874755859375 31.20375823974609375 0 13.397725105285644531
4372.29931640625 88.47188568115234375 146.3339080810546875 92.70257568359375 62.1725006103515625 48.960842132568359375 31.259241104125976562 22.3684844970703125 26.8161468505859375 17.905567169189453125 44.524623870849609375 35.672332763671875 8.962230682373046875 4.4850568771362304688 0 13.426927566528320312 40.080013275146484375 53.288837432861328125 57.661834716796875 66.3891754150390625 70.72776031494140625 92.114959716796875 75.0949249267578125 66.41063690185546875 66.41143798828125 62.02472686767578125 672.43951416015625 66.31110382080078125 53.2781829833984375 48.873935699462890625 44.4962158203125 48.87939453125 35.693561553955078125 40.07387542724609375 31.238597869873046875 736.3831787109375 26.799242019653320312 145.8267822265625 137.8121490478515625 40.04840850830078125 97.92137908935546875 35.624744415283203125 4.4689617156982421875 0 17.848402023315429688
134.401885986328125 4514.4970703125 4611.01416015625 4765.1728515625 97.06195068359375 119.94561004638671875 35.696865081787109375 26.81897735595703125 31.259494781494140625 22.3613739013671875 48.940486907958984375 40.09951019287109375 0 13.431118011474609375 8.9619607925415039062 4.4856777191162109375 17.885711669921875 44.49504852294921875 57.682521820068359375 62.047145843505859375 70.75952911376953125 75.0898895263671875 96.43738555908203125 79.44985198974609375 70.7787017822265625 70.7798309326171875 743.09930419921875 70.68883514404296875 57.680072784423828125 53.283260345458984375 48.9149627685546875 53.29471588134765625 40.12929534912109375 44.498775482177734375 35.67847442626953125 740.514404296875 31.246900558471679688 150.1466064453125 142.1716461181640625 146.787628173828125 40.03925323486328125 8.9398298263549804688 4.4736299514770507812 0 22.29349517822265625
22.477437973022460938 49.5782470703125 72.23377227783203125 95.0506744384765625 4886.1787109375 4991.1494140625 5118.857421875 40.1229095458984375 31.257907867431640625 35.69178009033203125 26.805723190307617188 53.346897125244140625 44.517841339111328125 4.4830713272094726562 17.890888214111328125 13.429766654968261719 8.9615631103515625 22.335531234741210938 48.9018402099609375 62.0680999755859375 66.424285888671875 75.12218475341796875 79.44522857666015625 100.754852294921875 83.799896240234375 75.14208984375 75.1437530517578125 822.41259765625 62.076709747314453125 57.687976837158203125 53.3290863037109375 57.7051544189453125 44.559051513671875 48.917774200439453125 40.112071990966796875 744.63775634765625 35.687755584716796875 154.461517333984375 297.70318603515625 44.447834014892578125 13.402638435363769531 8.9435052871704101562 0 4.4780282974243164062 26.303876876831054688
17.860776901245117188 13.420096397399902344 13.591715812683105469 13.593998908996582031 13.597066879272460938 31.992399215698242188 50.374347686767578125 5176.603515625 5224.38525390625 5262.76416015625 40.1091461181640625 31.236555099487304688 57.741924285888671875 48.925548553466796875 8.955165863037109375 22.340421676635742188 17.887426376342773438 13.427241325378417969 26.776798248291015625 53.30164337158203125 66.44771575927734375 70.79633331298828125 79.48052215576171875 83.7965087890625 105.06874847412109375 88.14532470703125 79.5001220703125 906.1573486328125 66.466766357421875 62.087249755859375 57.738109588623046875 62.110424041748046875 48.982975006103515625 53.331325531005859375 44.539936065673828125 748.74713134765625 40.12094879150390625 158.770233154296875 350.89520263671875 17.856588363647460938 13.405902862548828125 4.4808268547058105469 0 10.276982307434082031 30.7084808349609375
8.9551181793212890625 8.9554462432861328125 8.9570226669311523438 8.959300994873046875 9.1289386749267578125 9.1291151046752929688 40.254810333251953125 58.609561920166015625 76.94895172119140625 81.52548980712890625 5351.494140625 44.702243804931640625 35.839290618896484375 62.1272430419921875 53.324176788330078125 13.417209625244140625 26.780977249145507812 22.33643341064453125 17.884508132934570312 31.211164474487304688 57.696102142333984375 70.82292938232421875 75.16437530517578125 83.83499908447265625 88.1436309814453125 109.37854766845703125 92.48517608642578125 83.8516387939453125 981.4744873046875 66.4793701171875 62.140491485595703125 66.5093841552734375 53.40039825439453125 57.73921966552734375 48.962310791015625 752.83544921875 44.545742034912109375 163.0721893310546875 377.529266357421875 17.859577178955078125 8.506366729736328125 0 5.7990956306457519531 14.731199264526367188 35.113086700439453125
4.4819898605346679688 4.482624053955078125 4.4838290214538574219 4.4846248626708984375 4.485050201416015625 35.649444580078125 9.12516021728515625 9.1219511032104492188 0 4.6477727890014648438 9.28995513916015625 5368.3427734375 5420.578125 5463.84765625 5533.4072265625 57.908458709716796875 18.045087814331054688 31.394510269165039062 26.956073760986328125 22.51007080078125 35.821563720703125 62.279689788818359375 155.1240234375 88.39139556884765625 92.6943206787109375 113.90326690673828125 97.0290985107421875 88.40285491943359375 0 985.9241943359375 137.783172607421875 71.09320068359375 57.809886932373046875 62.140735626220703125 53.379161834716796875 756.89715576171875 48.9618377685546875 167.3673553466796875 404.156524658203125 12.506630897521972656 5.7991042137145996094 0 10.268851280212402344 19.193349838256835938 39.514171600341796875
0 0 0 0 31.21881866455078125 4.4831342697143554688 4.4809713363647460938 4.4809727668762207031 9.12223052978515625 13.757515907287597656 18.38915252685546875 23.017597198486328125 27.639827728271484375 32.2555389404296875 36.866481781005859375 5577.68603515625 5643.0947265625 5668.56689453125 5707.2529296875 5741.4052734375 5771.05078125 5813.89013671875 5882.98828125 6044.67529296875 6139.34765625 97.23712921142578125 118.420166015625 101.56488037109375 92.94589996337890625 4.6458768844604492188 1132.705078125 75.6689300537109375 62.400859832763671875 66.7279815673828125 57.78903961181640625 760.9398193359375 53.37042999267578125 171.65667724609375 424.965484619140625 11.597567558288574219 4.4821391105651855469 0 14.737972259521484375 23.650415420532226562 43.910884857177734375
13.420851707458496094 17.881031036376953125 22.334178924560546875 26.780170440673828125 0 0 0 0 4.6519250869750976562 9.2972049713134765625 13.936957359313964844 2381.77685546875 2477.950439453125 2591.1396484375 2691.59375 2792.059326171875 2888.199462890625 2958.2685546875 3028.280029296875 3098.232666015625 3168.33447265625 3216.532470703125 3264.668212890625 3312.752685546875 3316.232666015625 9460.771484375 9563.86328125 122.92667388916015625 106.0919647216796875 97.48180389404296875 1146.4088134765625 80.238189697265625 66.9847564697265625 71.30933380126953125 62.3809814453125 764.98040771484375 57.773830413818359375 175.941680908203125 444.428741455078125 8.9557409286499023438 4.48293304443359375 0 19.199327468872070312 28.101316452026367188 48.30274200439453125
13.427097320556640625 17.892232894897460938 22.349473953247070312 26.798429489135742188 31.239612579345703125 35.673282623291015625 40.099567413330078125 44.519886016845703125 48.934993743896484375 2267.78271484375 2359.432861328125 87.83988189697265625 104.92252349853515625 92.16596221923828125 92.2061309814453125 87.92836761474609375 61.87119293212890625 61.86901092529296875 61.8623199462890625 61.86023712158203125 39.985080718994140625 39.987819671630859375 39.99395751953125 40.00025177001953125 106.66693878173828125 155.8169403076171875 160.3712310791015625 9729.6552734375 9858.6796875 9970.458984375 10073.5185546875 1235.6043701171875 71.56266021728515625 75.88497161865234375 66.96672821044921875 769.2550048828125 62.17423248291015625 179.7902069091796875 448.248260498046875 22.378124237060546875 4.4835085868835449219 0 23.653440475463867188 32.54564666748046875 52.689434051513671875
