tests/data/reference/gistest/full/control/massbalance.asc
ncols        125
nrows        78
xllcorner    -713756.799299980048
yllcorner    -1061032.369616159936
cellsize     10.000000000000
NODATA_value  -9999
[rows 34 to 50 of 78, columns 76 to 113 of 125]
-5.6954441163270530524e-14 1.5620837956475952524e-13 1.4099832412739488063e-14 1.2068124277675451594e-13 2.33944774663541466e-09 -1.8485213360008856398e-13 -1.4221956945448255283e-13 3.4094949086238557356e-13 -8.5376150593674537959e-14 -6.7612582199672033312e-14 -3.8524738954492931953e-14 -1.8133772261563763095e-11 -4.2743586448068526806e-14 -7.2164496600635175128e-15 -4.9849013805669528665e-14 7.1054273576010018587e-15 -1.1102230246251565404e-16 -8.1823436914874037029e-14 -2.142730437526552123e-14 -1.6986412276764895068e-14 -6.0507154842071031453e-14 -3.9190872769268025877e-14 -8.5376150593674537959e-14 -4.9737991503207013011e-14 -3.0309088572266773554e-14 -3.3861802251067274483e-14 -6.2172489379008766264e-14 -2.8532731732866523089e-14 2.4500568240881648308e-11 -9999 -9999 -9999 -9999 -9999 -9999 -9999 -9999 -9999
1.277866701343555178e-13 -5.6954441163270530524e-14 -7.2164496600635175128e-15 -1.4221956945448255283e-13 -5.4336624089046381414e-09 7.8048678631148504792e-14 1.7041923427996152896e-13 9.6622709833127373713e-13 6.9944050551384862047e-15 -4.4408920985006261617e-15 3.6772251910122122354e-12 -1.2545520178264268907e-14 -1.7763568394002504647e-14 -5.6954441163270530524e-14 1.4099832412739488063e-14 2.8310687127941491781e-14 4.2521541843143495498e-14 -2.498001805406602216e-14 -2.8532731732866523089e-14 -3.2085445411667024018e-14 -2.8532731732866523089e-14 -3.9190872769268025877e-14 -1.2800871473928054911e-13 -2.5868196473766147392e-14 1.7652546091539988993e-14 -2.142730437526552123e-14 -1.7763568394002504647e-14 -2.3203661214665771695e-14 -7.6383344094210769981e-14 3.4417080296833546527e-11 -9999 -9999 -9999 -9999 -9999 -9999 -9999 -9999
-3.1274982603690659744e-13 -1.3511414209688155097e-13 -8.5376150593674537959e-14 -2.142730437526552123e-14 4.189587343716993928e-09 -6.4059868520871532382e-14 1.1357581541915351409e-13 -3.9801495432811861974e-13 -4.5408121707168902503e-14 -4.4192927095565437412e-11 -3.3861802251067274483e-14 -4.4408920985006261617e-14 -5.329070518200751394e-14 -7.1165295878472534241e-14 -2.142730437526552123e-14 -8.5376150593674537959e-14 -4.6296300126869027736e-14 -2.6756374893466272624e-14 6.9944050551384862047e-15 -2.6756374893466272624e-14 -2.2315482794965646463e-14 -2.8532731732866523089e-14 4.2521541843143495498e-14 -3.2085445411667024018e-14 -5.3401727484470029594e-14 -4.6296300126869027736e-14 -3.5527136788005009294e-14 -2.142730437526552123e-14 -4.0856207306205760688e-14 -4.0856207306205760688e-14 -1.96270777408358299e-12 -9999 -9999 -9999 -9999 -9999 -9999 -9999
1.8463008899516353267e-13 -1.4321877017664519371e-14 9.9364960703951510368e-14 -1.990629883152905677e-13 -6.6044094637618400156e-09 -1.4321877017664519371e-14 -2.8532731732866523089e-14 -1.1242495823182707682e-10 -8.1157303100098943105e-14 -3.3861802251067274483e-14 -3.0309088572266773554e-14 -4.9737991503207013011e-14 -3.5527136788005009294e-15 7.0943251273547502933e-14 2.8310687127941491781e-14 -1.4221956945448255283e-13 -1.4321877017664519371e-14 2.4757973449140990851e-14 -3.3861802251067274483e-14 -2.142730437526552123e-14 6.9944050551384862047e-15 -1.2800871473928054911e-13 -2.8532731732866523089e-14 -3.2085445411667024018e-14 -1.7874590696465020301e-14 -1.7874590696465020301e-14 -4.9849013805669528665e-14 -4.6296300126869027736e-14 2.1316282072803005576e-14 -2.664535259100375697e-14 -4.7961634663806762546e-14 -3.2085445411667024018e-14 -8.4934836941386038234e-12 -9999 -9999 -9999 -9999 -9999
-2.8532731732866523089e-14 1.1357581541915351409e-13 7.0943251273547502933e-14 2.8410607200157755869e-13 -4.1904979486417914814e-10 1.277866701343555178e-13 3.4402769522046128259e-10 -8.7907203738524231085e-10 5.21804821573823574e-15 -7.2164496600635175128e-15 -1.9650947535865270765e-14 0 -5.6954441163270530524e-14 -1.1379786002407854539e-13 5.6832316630561763304e-13 -7.1165295878472534241e-14 -9.2481577951275539817e-14 -3.2085445411667024018e-14 -1.7874590696465020301e-14 -1.5643042416968455655e-13 2.8310687127941491781e-14 -2.8532731732866523089e-14 3.4416913763379852753e-15 -3.3861802251067274483e-14 -4.2743586448068526806e-14 -4.6296300126869027736e-14 -7.2164496600635175128e-15 -1.0769163338864018442e-14 -1.4321877017664519371e-14 -7.8159700933611020446e-14 -3.9079850466805510223e-14 -1.7874590696465020301e-14 -7.6383344094210769981e-14 -5.3100468466737993367e-11 -9999 -9999 -9999 -9999
2.9097009246470406651e-09 -1.1379786002407854539e-13 -1.5643042416968455655e-13 -1.2800871473928054911e-13 -3.8617145037278532982e-09 -1.3067324999838092481e-13 1.366686208648104639e-10 3.9392378248237491789e-11 -2.8532731732866523089e-14 -3.7414515929867775412e-14 -2.142730437526552123e-14 -4.2743586448068526806e-14 -3.5638159090467524948e-14 7.0943251273547502933e-14 -3.9801495432811861974e-13 -7.82707232360735361e-14 -1.1102230246251565404e-16 -5.6954441163270530524e-14 8.515410598874950665e-14 -1.1102230246251565404e-16 -3.2085445411667024018e-14 -8.8928864272475038888e-14 -1.6098233857064769836e-14 -2.9420910152566648321e-14 -4.9849013805669528665e-14 -3.2085445411667024018e-14 6.9944050551384862047e-15 -8.1823436914874037029e-14 -7.2164496600635175128e-15 -3.5638159090467524948e-14 2.1316282072803005576e-14 -4.2743586448068526806e-14 -1.0658141036401502788e-14 -2.142730437526552123e-14 6.7419125837631099785e-11 -9999 -9999 -9999
1.5165096556302160025e-07 4.5729393605142831802e-09 -9.9587005308876541676e-14 1.7041923427996152896e-13 -2.9420910152566648321e-14 -1.6011199033272305314e-09 3.6396846647690495047e-10 1.0993506105450023824e-10 -2.142730437526552123e-14 -3.2085445411667024018e-14 -4.2743586448068526806e-14 -6.4059868520871532382e-14 4.2521541843143495498e-14 -5.6954441163270530524e-14 3.9779290972319358843e-13 -6.7612582199672033312e-14 -2.142730437526552123e-14 -5.6954441163270530524e-14 -1.1379786002407854539e-13 -4.6296300126869027736e-14 -1.7874590696465020301e-14 -2.498001805406602216e-14 -3.5638159090467524948e-14 2.8310687127941491781e-14 -3.1197266991966898786e-14 -4.2743586448068526806e-14 -1.990629883152905677e-13 -1.0769163338864018442e-14 -2.8532731732866523089e-14 -3.2085445411667024018e-14 -1.0313971898767704261e-13 -1.1102230246251565404e-16 1.0658141036401502788e-14 -3.5638159090467524948e-14 -7.099876242477876076e-14 2.9541868951099559126e-11 -9999 -9999
-1.1102230246251565404e-16 -5.8524165069684386253e-08 -3.0781848181504756212e-09 1.9884094371036553639e-13 -1.1624035067825388978e-13 -4.3728962673128535243e-09 9.8338004406173240568e-12 1.7354284675974440688e-10 3.541611448554249364e-14 -2.5868196473766147392e-14 -3.5638159090467524948e-14 -6.4059868520871532382e-14 -1.1379786002407854539e-13 1.2504441926353138115e-12 -7.2164496600635175128e-15 -4.9849013805669528665e-14 4.9626969200744497357e-14 2.1305179842556754011e-13 -3.5638159090467524948e-14 -4.2743586448068526806e-14 -5.6954441163270530524e-14 -3.7414515929867775412e-14 -1.2090328738167954725e-13 -4.9849013805669528665e-14 -3.652633751016765018e-14 3.541611448554249364e-14 7.0943251273547502933e-14 -4.9849013805669528665e-14 -9.9587005308876541676e-14 4.2521541843143495498e-14 -2.142730437526552123e-14 -8.1823436914874037029e-14 -3.9190872769268025877e-14 -3.3861802251067274483e-14 -1.0302869668521452695e-13 -7.5717210279435676057e-14 -3.2973623831367149251e-14 -9999
1.4099832412739488063e-14 1.1435297153639112366e-14 9.7164232215618540067e-08 -1.2424497697338665603e-07 5.3704571456592020695e-08 5.6427325034746900201e-09 2.2623569684299127402e-11 -5.0874970902725635824e-11 6.3837823915946501074e-14 -3.5638159090467524948e-14 -7.4718009557273035171e-14 6.9944050551384862047e-15 -1.4321877017664519371e-14 9.0938367947046572226e-13 -1.4321877017664519371e-14 -1.0669243266647754353e-13 5.6732396558345499216e-14 4.9626969200744497357e-14 2.1205259770340489922e-14 1.7652546091539988993e-14 -3.5638159090467524948e-14 5.6732396558345499216e-14 -3.6637359812630165834e-15 -3.1197266991966898786e-14 -3.3861802251067274483e-14 2.1205259770340489922e-14 2.1205259770340489922e-14 4.2521541843143495498e-14 -1.1102230246251565404e-16 -1.2800871473928054911e-13 -2.8532731732866523089e-14 5.6732396558345499216e-14 -1.2800871473928054911e-13 -7.2164496600635175128e-15 6.0396132539608515799e-14 -3.0309088572266773554e-14 -6.3282712403633922804e-15 -1.9650947535865270765e-14
-7.1165295878472534241e-14 -2.142730437526552123e-14 1.8540724511240114225e-14 3.9745984281580604147e-14 1.1091128016005313839e-13 8.7214360178222705144e-08 -6.9148882175795733929e-09 -3.0992168831289745867e-09 -9.2481577951275539817e-14 -3.3861802251067274483e-14 -3.6637359812630165834e-15 5.6732396558345499216e-14 -4.2743586448068526806e-14 2.8410607200157755869e-13 1.0647038806155251223e-13 -2.5590640717609858257e-13 -1.2090328738167954725e-13 -1.3511414209688155097e-13 1.4099832412739488063e-14 6.9944050551384862047e-15 -4.2743586448068526806e-14 -2.142730437526552123e-14 -2.142730437526552123e-14 -2.3203661214665771695e-14 -4.2743586448068526806e-14 -7.2164496600635175128e-15 -7.1165295878472534241e-14 -6.4059868520871532382e-14 -4.2743586448068526806e-14 2.8310687127941491781e-14 -7.2164496600635175128e-15 -8.5376150593674537959e-14 2.8310687127941491781e-14 -3.5638159090467524948e-14 -9.2481577951275539817e-14 -7.2164496600635175128e-15 -3.7414515929867775412e-14 -6.8611782921834674198e-14
-6.4059868520871532382e-14 -4.2743586448068526806e-14 -3.1197266991966898786e-14 5.9784954764552367124e-12 5.684341886080801487e-14 3.9745984281580604147e-14 1.7167003818485682132e-07 -6.4168489188887178898e-08 7.8048678631148504792e-14 -4.2743586448068526806e-14 6.3837823915946501074e-14 -1.4221956945448255283e-13 2.8310687127941491781e-14 -1.1102230246251565404e-16 1.1357581541915351409e-13 3.541611448554249364e-14 5.6732396558345499216e-14 -1.1379786002407854539e-13 -3.2085445411667024018e-14 -1.4321877017664519371e-14 -2.8532731732866523089e-14 -3.6637359812630165834e-15 -4.2743586448068526806e-14 -2.2315482794965646463e-14 -7.2164496600635175128e-15 -2.8532731732866523089e-14 4.2521541843143495498e-14 -1.1102230246251565404e-16 -8.5376150593674537959e-14 2.8310687127941491781e-14 -4.2743586448068526806e-14 -2.142730437526552123e-14 -3.5638159090467524948e-14 -4.9849013805669528665e-14 3.541611448554249364e-14 -3.6637359812630165834e-15 -5.3401727484470029594e-14 -1.9650947535865270765e-14
-1.7874590696465020301e-14 -6.7612582199672033312e-14 -3.8191672047105384991e-14 -3.6842751072185819794e-13 -3.5527136788005009294e-15 -3.2085445411667024018e-14 -6.4059868520871532382e-14 -4.5408121707168902503e-14 -9.5315769499393354636e-08 -4.2743586448068526806e-14 -4.9849013805669528665e-14 -9.9587005308876541676e-14 5.6732396558345499216e-14 9.0938367947046572226e-13 -1.2800871473928054911e-13 2.1205259770340489922e-14 -1.1379786002407854539e-13 -4.2743586448068526806e-14 -1.4321877017664519371e-14 -8.1823436914874037029e-14 1.4099832412739488063e-14 2.2981616609740740387e-14 -2.3203661214665771695e-14 -2.7644553313166397857e-14 -4.6296300126869027736e-14 -1.5643042416968455655e-13 -1.2800871473928054911e-13 -1.4321877017664519371e-14 3.541611448554249364e-14 -1.1102230246251565404e-16 4.2521541843143495498e-14 -7.1165295878472534241e-14 5.6732396558345499216e-14 -6.4059868520871532382e-14 6.9944050551384862047e-15 -5.6954441163270530524e-14 -9.2481577951275539817e-14 -3.0309088572266773554e-14
-2.8532731732866523089e-14 -4.9849013805669528665e-14 -2.4313884239290928235e-14 -3.0531133177191804862e-14 -3.1197266991966898786e-14 -3.0309088572266773554e-14 -2.498001805406602216e-14 -2.498001805406602216e-14 -4.9849013805669528665e-14 -8.154783870395476697e-08 -7.1165295878472534241e-14 5.6732396558345499216e-14 -9.9587005308876541676e-14 -2.2748469774569457513e-13 -2.142730437526552123e-14 1.1357581541915351409e-13 -6.4059868520871532382e-14 9.2259533346350508509e-14 -2.142730437526552123e-14 -1.2090328738167954725e-13 -5.6954441163270530524e-14 -3.0309088572266773554e-14 -4.6296300126869027736e-14 -2.7644553313166397857e-14 -7.1165295878472534241e-14 2.3436808049837054568e-13 -9.9587005308876541676e-14 1.2068124277675451594e-13 -1.4932499681208355469e-13 1.4199752484955752152e-13 -5.6954441163270530524e-14 -7.1165295878472534241e-14 -8.5376150593674537959e-14 -7.82707232360735361e-14 -1.2090328738167954725e-13 -6.4059868520871532382e-14 3.541611448554249364e-14 -3.9190872769268025877e-14
2.8310687127941491781e-14 -2.4091839634365896927e-14 -2.3980817331903381273e-14 -4.2077452633293432882e-14 -3.6637359812630165834e-15 -4.9849013805669528665e-14 3.4416913763379852753e-15 -6.7612582199672033312e-14 -8.5376150593674537959e-14 4.2521541843143495498e-14 4.116147351851395797e-07 -1.1102230246251565404e-16 4.2521541843143495498e-14 2.8420599207379382278e-12 -1.4221956945448255283e-13 6.9944050551384862047e-15 5.6732396558345499216e-14 6.9944050551384862047e-15 -6.4059868520871532382e-14 -3.5638159090467524948e-14 -1.0769163338864018442e-14 -3.7414515929867775412e-14 -2.498001805406602216e-14 -3.7414515929867775412e-14 7.0943251273547502933e-14 -2.4169555246089657885e-13 1.1357581541915351409e-13 -1.4932499681208355469e-13 9.9364960703951510368e-14 -1.5643042416968455655e-13 -9.9587005308876541676e-14 -2.142730437526552123e-14 -9.2481577951275539817e-14 1.3489209749195651966e-13 9.2259533346350508509e-14 -1.5643042416968455655e-13 -3.3861802251067274483e-14 6.9944050551384862047e-15
-2.6756374893466272624e-14 -2.498001805406602216e-14 7.771561172376095783e-15 -1.5858062640816683597e-09 5.5496229833806864917e-10 1.9002743822937873119e-10 -2.7358748599937143808e-10 6.3965888141837012881e-10 -6.3886329559892374164e-10 -1.3957902611494432676e-09 -4.0079051188968151109e-14 -5.6316640240083870594e-08 -2.8532731732866523089e-14 -1.1379786002407854539e-13 -4.9849013805669528665e-14 -1.4321877017664519371e-14 -5.6954441163270530524e-14 -6.4059868520871532382e-14 -1.4321877017664519371e-14 -5.6954441163270530524e-14 -1.4321877017664519371e-14 -4.80726569662692782e-14 -3.6637359812630165834e-15 -1.5210055437364644604e-14 -1.3511414209688155097e-13 -1.4321877017664519371e-14 2.8310687127941491781e-14 -2.6301183453369958443e-13 5.6732396558345499216e-14 -1.8485213360008856398e-13 9.2259533346350508509e-14 4.9626969200744497357e-14 2.8310687127941491781e-14 -1.1379786002407854539e-13 -1.635358515272855584e-13 1.4099832412739488063e-14 -9.0705221111875289353e-14 -6.4059868520871532382e-14
-2.8532731732866523089e-14 -4.2743586448068526806e-14 2.2982926672909798071e-10 1.4099832412739488063e-14 -2.8421709430404007435e-14 -8.1823436914874037029e-14 1.4099832412739488063e-14 -7.82707232360735361e-14 -1.4321877017664519371e-14 1.4099832412739488063e-14 5.9173888011798680964e-11 -1.321022864431142807e-07 -1.5643042416968455655e-13 3.5140590437521268541e-10 -2.8432811660650259e-13 2.8310687127941491781e-14 2.1205259770340489922e-14 -7.82707232360735361e-14 -3.9190872769268025877e-14 3.541611448554249364e-14 -7.2164496600635175128e-15 -6.5836225360271782847e-14 -4.80726569662692782e-14 -4.0079051188968151109e-14 -1.1102230246251565404e-16 2.8310687127941491781e-14 -7.1165295878472534241e-14 1.9884094371036553639e-13 -1.4221956945448255283e-13 -5.6954441163270530524e-14 1.4099832412739488063e-14 -8.5376150593674537959e-14 6.9944050551384862047e-15 5.6732396558345499216e-14 -2.5590640717609858257e-13 -1.0769163338864018442e-14 -2.142730437526552123e-14 -6.4059868520871532382e-14
-4.2743586448068526806e-14 -5.6954441163270530524e-14 -5.7387705698630497864e-11 -4.9737991503207013011e-14 -1.7874590696465020301e-14 -4.80726569662692782e-14 -2.6756374893466272624e-14 -4.9849013805669528665e-14 3.4416913763379852753e-15 -4.9849013805669528665e-14 8.515410598874950665e-14 1.076159494850514875e-09 -1.7640267913066054462e-07 8.1877249424877618367e-10 -9.2481577951275539817e-14 -6.4059868520871532382e-14 -1.1102230246251565404e-16 -6.4059868520871532382e-14 -5.6954441163270530524e-14 -4.6296300126869027736e-14 -3.9190872769268025877e-14 -1.1102230246251565404e-16 -6.0507154842071031453e-14 -3.1197266991966898786e-14 -6.4059868520871532382e-14 -1.1102230246251565404e-16 8.515410598874950665e-14 -1.1379786002407854539e-13 -2.8532731732866523089e-14 -4.2743586448068526806e-14 -1.4221956945448255283e-13 1.4099832412739488063e-14 -1.1379786002407854539e-13 -9.9587005308876541676e-14 -2.8432811660650259e-13 6.9944050551384862047e-15 6.9944050551384862047e-15 -7.2164496600635175128e-15
