tests/data/reference/gistest/full/control/massbalance.asc
ncols        125
nrows        78
xllcorner    -713756.799299980048
yllcorner    -1061032.369616159936
cellsize     10.000000000000
NODATA_value  -9999
[rows 51 to 67 of 78, columns 76 to 113 of 125]
1.1357581541915351409e-13 -9.2481577951275539817e-14 -1.2130851878566772939e-12 -8.1046280797636427451e-15 1.6653345369377348106e-15 -1.8873791418627661187e-15 -1.4321877017664519371e-14 -2.8532731732866523089e-14 2.1205259770340489922e-14 4.9626969200744497357e-14 -8.5376150593674537959e-14 -5.6954441163270530524e-14 -9999 1.2523740933190197211e-09 7.0943251273547502933e-14 1.4099832412739488063e-14 5.6732396558345499216e-14 2.1205259770340489922e-14 -6.7612582199672033312e-14 -3.6637359812630165834e-15 2.553512956637860043e-15 -3.5638159090467524948e-14 1.4099832412739488063e-14 -9.8809849191638932098e-15 1.4099832412739488063e-14 2.8310687127941491781e-14 1.4199752484955752152e-13 -1.1379786002407854539e-13 2.8310687127941491781e-14 -7.1165295878472534241e-14 -4.2743586448068526806e-14 -4.2743586448068526806e-14 -1.4221956945448255283e-13 1.0647038806155251223e-13 -1.1379786002407854539e-13 5.6732396558345499216e-14 -7.1165295878472534241e-14 -3.5638159090467524948e-14
6.3837823915946501074e-14 -7.2164496600635175128e-15 2.6264490582406097019e-11 1.4210854715202003717e-14 -7.1054273576010018587e-15 -3.1974423109204508364e-14 -3.5527136788005009294e-14 1.4099832412739488063e-14 -1.1102230246251565404e-16 -6.4059868520871532382e-14 6.3837823915946501074e-14 2.8310687127941491781e-14 -1.4321877017664519371e-14 -9999 5.6732396558345499216e-14 -2.142730437526552123e-14 6.9944050551384862047e-15 8.515410598874950665e-14 3.4416913763379852753e-15 -3.6637359812630165834e-15 -7.2164496600635175128e-15 6.9944050551384862047e-15 -7.2164496600635175128e-15 6.9944050551384862047e-15 -3.5638159090467524948e-14 4.2521541843143495498e-14 -2.7011726189130058629e-13 3.1252778143198156613e-13 -9.9587005308876541676e-14 4.2521541843143495498e-14 2.8310687127941491781e-14 8.515410598874950665e-14 9.9364960703951510368e-14 3.4094949086238557356e-13 -4.9849013805669528665e-14 4.9626969200744497357e-14 1.4099832412739488063e-14 2.1205259770340489922e-14
4.546363285840016033e-13 -9.6644914293619876844e-13 -3.3207936400714288538e-11 0 -6.8212102632969617844e-13 1.1368683772161602974e-13 -1.1368683772161602974e-13 -3.9801495432811861974e-13 5.6832316630561763304e-13 8.1399664786374614778e-11 1.7962409337712870183e-11 -4.2743586448068526806e-14 -1.5643042416968455655e-13 -9999 -2.8532731732866523089e-14 2.8310687127941491781e-14 -2.142730437526552123e-14 -1.4321877017664519371e-14 -1.8873791418627661187e-15 -1.2545520178264268907e-14 -5.4400928206632670481e-15 2.8310687127941491781e-14 -1.1102230246251565404e-16 -4.4519943287468777271e-14 6.9944050551384862047e-15 -4.2743586448068526806e-14 1.7041923427996152896e-13 -1.990629883152905677e-13 1.4099832412739488063e-14 1.4099832412739488063e-14 1.5620837956475952524e-13 -2.8532731732866523089e-14 1.8463008899516353267e-13 -5.6954441163270530524e-14 -7.82707232360735361e-14 1.9884094371036553639e-13 -4.2743586448068526806e-14 -2.8532731732866523089e-14
-1.5210055437364644604e-14 2.8310687127941491781e-14 -9.7209462701641768945e-12 -3.1974423109204508364e-14 -2.4868995751603506505e-14 -3.5527136788005009294e-15 3.5527136788005009294e-14 -5.6954441163270530524e-14 5.6732396558345499216e-14 -9.9587005308876541676e-14 9.2259533346350508509e-14 2.2203028304801364357e-10 -1.7064127888488656026e-13 2.553512956637860043e-15 -9999 -3.5638159090467524948e-14 -7.2164496600635175128e-15 -1.1102230246251565404e-16 -3.6637359812630165834e-15 1.0547118733938987134e-14 -7.2164496600635175128e-15 -9.9587005308876541676e-14 -5.6954441163270530524e-14 2.1205259770340489922e-14 -1.4321877017664519371e-14 -9.9587005308876541676e-14 -1.1102230246251565404e-16 9.9364960703951510368e-14 -1.7064127888488656026e-13 2.8310687127941491781e-14 -2.8532731732866523089e-14 5.6732396558345499216e-14 -1.4780399126834709023e-12 1.4099832412739488063e-14 -1.8485213360008856398e-13 -4.5519144009631418157e-15 -8.9928064994637679774e-15 -2.498001805406602216e-14
-4.5485837318892663461e-13 6.8201000402723366278e-13 1.3302492440914193139e-10 4.337141756849405283e-11 1.3244505492338021213e-10 1.9332435652330559606e-10 5.843492356660817677e-11 2.9557467584595542576e-12 -4.3166903385127852744e-10 -4.4593673198534133917e-10 8.5037743513538543993e-10 1.3341149296408616465e-09 -4.4889258976610335594e-10 4.2621461915359759587e-13 -9999 4.2521541843143495498e-14 -7.2164496600635175128e-15 -5.4400928206632670481e-15 -1.8873791418627661187e-15 -3.2085445411667024018e-14 1.0547118733938987134e-14 6.9944050551384862047e-15 1.0647038806155251223e-13 -2.8532731732866523089e-14 -1.2800871473928054911e-13 -2.8532731732866523089e-14 4.2521541843143495498e-14 -2.4169555246089657885e-13 -5.6954441163270530524e-14 8.515410598874950665e-14 -8.5376150593674537959e-14 9.0938367947046572226e-13 3.541611448554249364e-14 2.5568436257117355126e-13 1.7652546091539988993e-14 1.6653345369377348106e-15 -6.0507154842071031453e-14 -3.2085445411667024018e-14
1.4199752484955752152e-13 5.4178883601707639173e-14 -4.0079051188968151109e-13 3.5516034557758757728e-13 -5.6954441163270530524e-14 -1.1379786002407854539e-13 -3.1274982603690659744e-13 3.69371200292789581e-13 -8.5376150593674537959e-14 -2.5590640717609858257e-13 2.5568436257117355126e-13 -1.1102230246251565404e-16 8.1968098974982694926e-11 1.267380755898273037e-09 -9999 -2.9976021664879226591e-15 5.21804821573823574e-15 -7.2164496600635175128e-15 5.21804821573823574e-15 3.4416913763379852753e-15 -4.9849013805669528665e-14 -9.2481577951275539817e-14 -1.0669243266647754353e-13 2.4757973449140990851e-14 1.5620837956475952524e-13 1.5620837956475952524e-13 -1.990629883152905677e-13 9.9364960703951510368e-14 1.4199752484955752152e-13 -1.4321877017664519371e-14 2.8310687127941491781e-14 1.5915047058001619007e-12 -5.6954441163270530524e-14 -3.9190872769268025877e-14 4.9626969200744497357e-14 3.541611448554249364e-14 2.4757973449140990851e-14 -4.2743586448068526806e-14
3.4094949086238557356e-13 -6.5983774000244466151e-11 6.5268745963464880333e-10 -6.4574234848180367408e-11 -5.1728621386359918688e-12 9.6622709833127373713e-13 -6.2538862977135067922e-13 -3.7232550376131712255e-11 2.5806801140504376235e-11 -1.4495082911736290043e-10 -8.9016904958327813802e-11 -4.2149406187519389277e-10 2.4181179281157483274e-10 -3.6616256693378090858e-09 -4.326922153907730717e-10 -9999 -5.4400928206632670481e-15 -1.4321877017664519371e-14 -2.498001805406602216e-14 -7.2164496600635175128e-15 2.8310687127941491781e-14 1.1357581541915351409e-13 9.9364960703951510368e-14 -1.1102230246251565404e-16 -1.8485213360008856398e-13 2.8310687127941491781e-14 1.4199752484955752152e-13 1.1357581541915351409e-13 7.0943251273547502933e-14 -1.1102230246251565404e-16 1.477817868078545871e-12 -1.1379786002407854539e-13 3.4416913763379852753e-15 -9.2481577951275539817e-14 -8.1046280797636427451e-15 -7.2164496600635175128e-15 1.4099832412739488063e-14 -1.4321877017664519371e-14
8.515410598874950665e-14 -3.130828929442941444e-14 1.6775469902086115326e-13 -1.5643042416968455655e-13 7.0943251273547502933e-14 -1.4221956945448255283e-13 1.5620837956475952524e-13 5.6732396558345499216e-14 -1.0801359806578147982e-12 1.1367573549136977817e-12 2.2726265314076954382e-13 1.3072876114961218263e-12 -1.7622570069875109766e-12 9.6622709833127373713e-13 2.1018422557972371578e-09 -3.6637359812630165834e-15 -9999 2.4757973449140990851e-14 1.4099832412739488063e-14 5.6732396558345499216e-14 -5.6954441163270530524e-14 -1.4321877017664519371e-14 -1.2800871473928054911e-13 -7.2164496600635175128e-15 1.4199752484955752152e-13 -1.4321877017664519371e-14 7.0943251273547502933e-14 2.8310687127941491781e-14 9.9364960703951510368e-14 2.2726265314076954382e-13 1.277866701343555178e-13 -1.1102230246251565404e-16 7.0943251273547502933e-14 8.515410598874950665e-14 -3.5638159090467524948e-14 1.4099832412739488063e-14 -2.142730437526552123e-14 -5.6954441163270530524e-14
-1.1379786002407854539e-13 9.6811447747313650325e-14 -1.1102230246251565404e-16 1.1357581541915351409e-13 -5.6954441163270530524e-14 -2.8421709430404007435e-13 -2.2748469774569457513e-13 -3.5638159090467524948e-14 -6.4059868520871532382e-14 4.9626969200744497357e-14 -1.2545520178264268907e-14 -1.7874590696465020301e-14 -1.4321877017664519371e-14 -4.9849013805669528665e-14 -5.6954441163270530524e-14 6.4762843976495787501e-09 -9999 1.4988010832439613296e-14 3.4416913763379852753e-15 2.8310687127941491781e-14 -1.4321877017664519371e-14 -7.2164496600635175128e-15 -1.4321877017664519371e-14 -7.2164496600635175128e-15 4.2521541843143495498e-14 -8.5376150593674537959e-14 -1.4221956945448255283e-13 9.9364960703951510368e-14 -2.2748469774569457513e-13 2.8310687127941491781e-14 -2.142730437526552123e-14 -2.8432811660650259e-13 -1.4221956945448255283e-13 -7.1165295878472534241e-14 5.6732396558345499216e-14 1.4099832412739488063e-14 -8.5376150593674537959e-14 -7.2164496600635175128e-15
-1.1657341758564143674e-14 -9.7699626167013775557e-15 -1.1102230246251565404e-16 3.186340080674199271e-14 -6.0396132539608515799e-14 1.4210854715202003717e-14 -1.1102230246251565404e-16 1.6653345369377348106e-15 1.6653345369377348106e-15 -8.9928064994637679774e-15 -3.6637359812630165834e-15 -8.9928064994637679774e-15 -2.142730437526552123e-14 -3.0309088572266773554e-14 2.2981616609740740387e-14 1.7652546091539988993e-14 1.2651526049012318254e-08 -9999 -2.142730437526552123e-14 -1.1102230246251565404e-16 7.0943251273547502933e-14 6.9944050551384862047e-15 2.8310687127941491781e-14 -4.9849013805669528665e-14 -9.9587005308876541676e-14 -1.4321877017664519371e-14 1.4199752484955752152e-13 -2.7011726189130058629e-13 -1.1102230246251565404e-16 -6.4059868520871532382e-14 -7.3907546749296670896e-13 -2.142730437526552123e-14 1.4910295220715852338e-13 -7.1165295878472534241e-14 -3.5638159090467524948e-14 -3.9801495432811861974e-13 -9.9920072216264088638e-16 6.9944050551384862047e-15
-5.4400928206632670481e-15 -1.641464741908293945e-13 7.1054273576010018587e-15 -3.4972025275692431023e-15 1.4210854715202003717e-14 -1.2545520178264268907e-14 -4.5519144009631418157e-15 -5.4400928206632670481e-15 1.6653345369377348106e-15 -4.5519144009631418157e-15 -6.3282712403633922804e-15 7.771561172376095783e-16 6.1062266354383609723e-15 4.9626969200744497357e-14 -7.1165295878472534241e-14 4.9626969200744497357e-14 -3.5638159090467524948e-14 5.4785687098046764731e-09 -9999 -5.6954441163270530524e-14 -5.6954441163270530524e-14 -4.2743586448068526806e-14 -9.9587005308876541676e-14 3.541611448554249364e-14 -9.9587005308876541676e-14 -7.1165295878472534241e-14 1.1357581541915351409e-13 -2.2738477767347831104e-12 -2.8532731732866523089e-14 2.2726265314076954382e-13 1.6653345369377348106e-15 -1.2545520178264268907e-14 -1.8873791418627661187e-15 -2.7755575615628913511e-15 3.1252778143198156613e-13 -1.4321877017664519371e-14 -6.4059868520871532382e-14 -6.3282712403633922804e-15
-4.6296300126869027736e-14 -2.4411417332004248237e-11 -3.5527136788005009294e-14 -8.5265128291212022305e-14 -8.1046280797636427451e-15 -2.7755575615628913511e-15 -5.4400928206632670481e-15 -2.6756374893466272624e-14 3.4416913763379852753e-15 -3.2085445411667024018e-14 3.541611448554249364e-14 1.4099832412739488063e-14 -1.2090328738167954725e-13 -5.4400928206632670481e-15 -4.5519144009631418157e-15 -3.6637359812630165834e-15 -2.498001805406602216e-14 3.8968828164342994569e-14 -2.7795977075584232807e-08 -9999 4.9626969200744497357e-14 1.1357581541915351409e-13 1.9884094371036553639e-13 -1.1102230246251565404e-16 3.8358205500799158472e-13 1.7041923427996152896e-13 -9.0960572407539075357e-13 -4.2743586448068526806e-14 8.5254026060965770739e-13 -3.6637359812630165834e-15 -1.7874590696465020301e-14 -1.8873791418627661187e-15 -1.8873791418627661187e-15 -3.4117153546731060487e-13 -7.2164496600635175128e-15 4.2521541843143495498e-14 6.9944050551384862047e-15 -8.9928064994637679774e-15
3.541611448554249364e-14 3.1150082513420329633e-12 2.8421709430404007435e-14 4.2632564145606011152e-14 -9.9475983006414026022e-14 1.6342482922482304275e-13 -7.82707232360735361e-14 2.8310687127941491781e-14 1.4099832412739488063e-14 -8.5376150593674537959e-14 5.6732396558345499216e-14 -1.2800871473928054911e-13 -1.4321877017664519371e-14 2.4147350785597154754e-13 -1.990629883152905677e-13 -1.1102230246251565404e-16 -5.1170179204973464948e-13 3.1252778143198156613e-13 2.8410607200157755869e-13 -9999 -3.5638159090467524948e-14 -7.1165295878472534241e-14 -1.1379786002407854539e-13 -4.5519144009631418157e-15 -1.7064127888488656026e-13 5.5479065785846159997e-11 1.5620837956475952524e-13 -7.9591888635377472383e-13 2.8310687127941491781e-14 -2.142730437526552123e-14 6.9944050551384862047e-15 -2.7755575615628913511e-15 2.2726265314076954382e-13 -3.6637359812630165834e-15 -2.142730437526552123e-14 -2.498001805406602216e-14 3.541611448554249364e-14 -9999
2.8310687127941491781e-14 -3.8465952645339029914e-11 1.207922650792170316e-13 -9.2370555648813024163e-14 2.1316282072803005576e-14 2.8421709430404007435e-14 -1.4221956945448255283e-13 5.6732396558345499216e-14 -2.8532731732866523089e-14 -5.6954441163270530524e-14 2.1305179842556754011e-13 -1.5643042416968455655e-13 1.277866701343555178e-13 -1.5643042416968455655e-13 4.2521541843143495498e-14 -1.1102230246251565404e-16 -8.1046280797636427451e-15 -7.2164496600635175128e-15 6.9944050551384862047e-15 -3.9801495432811861974e-13 -9999 -1.1102230246251565404e-16 -2.5590640717609858257e-13 -5.6954441163270530524e-14 1.1164036362032447869e-10 7.8048678631148504792e-14 1.7041923427996152896e-13 1.0547118733938987134e-14 -7.2164496600635175128e-15 -1.7874590696465020301e-14 -4.5519144009631418157e-15 -1.1102230246251565404e-16 -3.6637359812630165834e-15 -4.9849013805669528665e-14 1.0547118733938987134e-14 -9999 -9999 -9999
1.4199752484955752152e-13 7.0332351054247510547e-11 0 -1.9895196601282805204e-13 -8.5376150593674537959e-14 2.8421709430404007435e-13 4.2621461915359759587e-13 -5.9696692034094667179e-13 3.1252778143198156613e-13 8.515410598874950665e-14 -3.9801495432811861974e-13 2.8310687127941491781e-14 -1.990629883152905677e-13 2.2726265314076954382e-13 1.4199752484955752152e-13 -1.7064127888488656026e-13 -5.6954441163270530524e-14 2.5568436257117355126e-13 1.9884094371036553639e-13 -6.5381033920175468666e-13 3.9335534829376683774e-11 -9999 -2.5590640717609858257e-13 -5.3887672102348460612e-11 -9.2481577951275539817e-14 -6.2538862977135067922e-13 2.8310687127941491781e-14 -2.8532731732866523089e-14 -5.6954441163270530524e-14 -2.8432811660650259e-13 2.5568436257117355126e-13 -3.6637359812630165834e-15 5.6732396558345499216e-14 -1.1102230246251565404e-16 -9999 -9999 -9999 -9999
-9.8809849191638932098e-15 -2.8344271374436402766e-11 -3.4972025275692431023e-15 7.1054273576010018587e-15 -3.5527136788005009294e-14 8.1712414612411521375e-14 -2.8532731732866523089e-14 -1.0669243266647754353e-13 8.515410598874950665e-14 -1.2090328738167954725e-13 4.2521541843143495498e-14 3.541611448554249364e-14 -5.6954441163270530524e-14 -1.4321877017664519371e-14 4.2521541843143495498e-14 -1.2800871473928054911e-13 1.277866701343555178e-13 -4.2743586448068526806e-14 1.4199752484955752152e-13 -7.1165295878472534241e-14 -5.6954441163270530524e-14 -6.5881533561906735486e-10 -9999 -9.4291874308538581317e-10 5.6832316630561763304e-13 -2.2748469774569457513e-13 -2.7755575615628913511e-15 -1.0769163338864018442e-14 -2.142730437526552123e-14 -2.7755575615628913511e-15 -7.2164496600635175128e-15 -5.6954441163270530524e-14 -9999 -9999 -9999 -9999 -9999 -9999
-1.1102230246251565404e-16 1.8429702208777598571e-14 -1.4321877017664519371e-14 2.8310687127941491781e-14 1.4099832412739488063e-14 -4.2743586448068526806e-14 -1.1379786002407854539e-13 1.277866701343555178e-13 4.2521541843143495498e-14 -7.1165295878472534241e-14 2.8310687127941491781e-14 -1.1379786002407854539e-13 1.9884094371036553639e-13 -4.2743586448068526806e-14 -1.990629883152905677e-13 8.515410598874950665e-14 8.515410598874950665e-14 -1.4221956945448255283e-13 5.6732396558345499216e-14 -1.7064127888488656026e-13 2.5568436257117355126e-13 -8.5376150593674537959e-14 -9999 -2.3997017706278711557e-09 4.2621461915359759587e-13 -7.2164496600635175128e-15 8.7707618945387366693e-15 -1.1102230246251565404e-16 -2.7755575615628913511e-15 -4.2743586448068526806e-14 -9999 -9999 -9999 -9999 -9999 -9999 -9999 -9999
