tests/data/reference/gistest/full/control/massbalance.asc
ncols        125
nrows        78
xllcorner    -713756.799299980048
yllcorner    -1061032.369616159936
cellsize     10.000000000000
NODATA_value  -9999
[rows 34 to 50 of 78, columns 78 to 116 of 125]
9.2259533346350508509e-14 2.5568436257117355126e-13 -6.2665321820531971753e-09 1.1357581541915351409e-13 -1.1102230246251565404e-16 -1.1102230246251565404e-16 -4.2743586448068526806e-14 1.0547118733938987134e-14 -8.3266726846886740532e-15 1.5801748798338621782e-11 3.4416913763379852753e-15 8.515410598874950665e-14 9.9364960703951510368e-14 -2.8421709430404007435e-14 9.9364960703951510368e-14 -3.2085445411667024018e-14 -7.2164496600635175128e-15 -1.1657341758564143674e-14 -2.6756374893466272624e-14 -4.2743586448068526806e-14 -1.7874590696465020301e-14 1.2323475573339237599e-14 -8.1046280797636427451e-15 -7.2164496600635175128e-15 -9999 -9999 -9999 -9999 -9999 -9999 -9999 -9999 -9999 -9999 -9999 -9999 -9999 -9999 -9999
6.3837823915946501074e-14 -1.990629883152905677e-13 5.1695678848773241043e-09 -1.0669243266647754353e-13 1.1357581541915351409e-13 -2.2748469774569457513e-13 -5.3401727484470029594e-14 -1.3322676295501878485e-14 -2.9021951508667598318e-11 5.21804821573823574e-15 3.5527136788005009294e-15 2.8310687127941491781e-14 -1.7064127888488656026e-13 1.7041923427996152896e-13 6.9944050551384862047e-15 -5.4400928206632670481e-15 -1.9650947535865270765e-14 -1.1102230246251565404e-16 -9.8809849191638932098e-15 4.9626969200744497357e-14 2.1205259770340489922e-14 -5.4400928206632670481e-15 -1.4321877017664519371e-14 -3.0309088572266773554e-14 -1.0769163338864018442e-14 -1.4321877017664519371e-14 -9999 -9999 -9999 -9999 -9999 -9999 -9999 -9999 -9999 -9999 -9999 -9999 -9999
8.515410598874950665e-14 -1.0669243266647754353e-13 2.2846506908535957336e-09 4.2521541843143495498e-14 -3.6959324489771461231e-13 1.2504441926353138115e-12 1.8429702208777598571e-14 8.5192963794611387129e-13 -8.9928064994637679774e-15 -2.4868995751603506505e-14 -2.8421709430404007435e-14 2.1205259770340489922e-14 -2.142730437526552123e-14 2.8310687127941491781e-14 -1.1102230246251565404e-16 8.7707618945387366693e-15 -3.9190872769268025877e-14 -8.9928064994637679774e-15 -1.0769163338864018442e-14 -8.5376150593674537959e-14 6.3837823915946501074e-14 -7.2164496600635175128e-15 8.7707618945387366693e-15 1.2323475573339237599e-14 -1.6098233857064769836e-14 2.4757973449140990851e-14 -2.7755575615628913511e-15 -9999 -9999 -9999 -9999 -9999 -9999 -9999 -9999 -9999 -9999 -9999 -9999
-3.2696068075210860115e-13 6.3837823915946501074e-14 -6.9030647864565253258e-09 1.4099832412739488063e-14 3.69371200292789581e-13 1.2618794897889529238e-12 -2.0761170560490427306e-14 1.4099832412739488063e-14 -1.5210055437364644604e-14 -2.8421709430404007435e-14 3.5527136788005009294e-15 -7.82707232360735361e-14 5.6732396558345499216e-14 1.7041923427996152896e-13 -2.498001805406602216e-14 -6.4059868520871532382e-14 -5.4400928206632670481e-15 -1.6098233857064769836e-14 7.0943251273547502933e-14 -1.7064127888488656026e-13 -1.5210055437364644604e-14 -1.9650947535865270765e-14 -2.498001805406602216e-14 2.4757973449140990851e-14 1.0547118733938987134e-14 -2.3203661214665771695e-14 -1.9650947535865270765e-14 -8.9928064994637679774e-15 -9999 -9999 -9999 -9999 -9999 -9999 -9999 -9999 -9999 -9999 -9999
-1.1102230246251565404e-16 2.4147350785597154754e-13 -3.1595845939591526985e-09 -4.9849013805669528665e-14 1.2501111257279262645e-13 -8.6065476967434051403e-10 -5.5178084323870280059e-14 -1.4321877017664519371e-14 -1.6098233857064769836e-14 3.5527136788005009294e-15 6.9944050551384862047e-15 1.4099832412739488063e-14 1.9884094371036553639e-13 -2.8532731732866523089e-14 7.8048678631148504792e-14 1.7652546091539988993e-14 -7.2164496600635175128e-15 2.1205259770340489922e-14 6.9944050551384862047e-15 6.9944050551384862047e-15 -2.8532731732866523089e-14 -1.7874590696465020301e-14 1.0547118733938987134e-14 -2.8532731732866523089e-14 2.1205259770340489922e-14 -3.9190872769268025877e-14 -1.2545520178264268907e-14 -7.2164496600635175128e-15 -5.4400928206632670481e-15 -1.2545520178264268907e-14 -9999 -9999 -9999 -9999 -9999 -9999 -9999 -9999 -9999
2.5568436257117355126e-13 -8.5376150593674537959e-14 -3.1891431717667728662e-09 9.6700425444851134671e-14 2.5465740627339528146e-12 -8.527623052145827387e-13 -2.8532731732866523089e-14 1.7652546091539988993e-14 -1.1102230246251565404e-16 3.186340080674199271e-14 -4.9849013805669528665e-14 -5.6954441163270530524e-14 2.8410607200157755869e-13 6.3837823915946501074e-14 -4.9849013805669528665e-14 -1.7874590696465020301e-14 -1.4321877017664519371e-14 1.2068124277675451594e-13 -2.6756374893466272624e-14 2.8310687127941491781e-14 -7.2164496600635175128e-15 -1.1102230246251565404e-16 -3.2085445411667024018e-14 3.4416913763379852753e-15 -3.9190872769268025877e-14 2.4757973449140990851e-14 4.2521541843143495498e-14 -2.142730437526552123e-14 -1.1102230246251565404e-16 -5.4400928206632670481e-15 -1.5210055437364644604e-14 -9999 -9999 -9999 -9999 -9999 -9999 -9999 -9999
-2.8532731732866523089e-14 1.4099832412739488063e-14 -1.1102230246251565404e-16 4.8855780532264247995e-10 4.6128489916696935325e-11 1.2504441926353138115e-12 -8.5376150593674537959e-14 -9.8809849191638932098e-15 -2.142730437526552123e-14 -8.5376150593674537959e-14 -1.4321877017664519371e-14 -2.8532731732866523089e-14 -1.1379786002407854539e-13 -1.4321877017664519371e-14 -3.6637359812630165834e-15 6.9944050551384862047e-15 -4.9849013805669528665e-14 3.186340080674199271e-14 -4.6296300126869027736e-14 1.2323475573339237599e-14 -2.142730437526552123e-14 9.2259533346350508509e-14 -3.6637359812630165834e-15 -6.4059868520871532382e-14 -7.2164496600635175128e-15 1.4099832412739488063e-14 -6.4059868520871532382e-14 -1.4321877017664519371e-14 -3.3861802251067274483e-14 -7.2164496600635175128e-15 5.21804821573823574e-15 -2.2315482794965646463e-14 -9999 -9999 -9999 -9999 -9999 -9999 -9999
-1.3436419976642355323e-08 -8.5376150593674537959e-14 -1.1624035067825388978e-13 2.7140298897165848757e-08 4.0357717168149065401e-12 9.4530494543221266213e-11 6.9944050551384862047e-15 -4.5519144009631418157e-15 -3.5638159090467524948e-14 3.541611448554249364e-14 -1.1379786002407854539e-13 -5.1170179204973464948e-13 -1.4321877017664519371e-14 6.0285110237146000145e-14 -8.5376150593674537959e-14 -7.82707232360735361e-14 -1.1024514634527804446e-13 -1.4321877017664519371e-14 3.4416913763379852753e-15 6.9944050551384862047e-15 -1.1379786002407854539e-13 -5.4400928206632670481e-15 -6.3282712403633922804e-15 2.8310687127941491781e-14 6.9944050551384862047e-15 -2.142730437526552123e-14 -7.2164496600635175128e-15 -4.2743586448068526806e-14 -3.9190872769268025877e-14 2.4757973449140990851e-14 -3.0309088572266773554e-14 -3.6637359812630165834e-15 -5.4400928206632670481e-15 -9999 -9999 -9999 -9999 -9999 -9999
1.3600875092834030511e-07 -1.7116398964844847796e-07 5.327347096795165271e-08 8.7046601038309745491e-09 -6.7586936047803192196e-11 6.5142446992183522525e-11 6.9944050551384862047e-15 -1.9650947535865270765e-14 2.4757973449140990851e-14 -2.142730437526552123e-14 1.0647038806155251223e-13 -7.3907546749296670896e-13 -4.2743586448068526806e-14 -2.8532731732866523089e-14 2.1205259770340489922e-14 5.6732396558345499216e-14 2.1205259770340489922e-14 -3.2085445411667024018e-14 -2.142730437526552123e-14 -1.1102230246251565404e-16 -2.498001805406602216e-14 -7.2164496600635175128e-15 -3.6637359812630165834e-15 -2.8532731732866523089e-14 -7.2164496600635175128e-15 -1.1102230246251565404e-16 -2.142730437526552123e-14 -1.0769163338864018442e-14 3.8968828164342994569e-14 -6.4059868520871532382e-14 -3.6637359812630165834e-15 -3.6637359812630165834e-15 -3.3861802251067274483e-14 -8.9928064994637679774e-15 -9999 -9999 -9999 -9999 -9999
-9.5146113210375915514e-14 -1.4499512701604544418e-13 -2.0172752357439094339e-13 -2.9539370416387100704e-07 8.6403133536805398762e-09 1.4397300018842429381e-09 -1.4321877017664519371e-14 1.6653345369377348106e-15 1.0547118733938987134e-14 -9.2481577951275539817e-14 2.1205259770340489922e-14 1.023070517192081752e-12 1.0647038806155251223e-13 -1.1102230246251565404e-16 -1.1102230246251565404e-16 2.8310687127941491781e-14 -4.9849013805669528665e-14 -1.1102230246251565404e-16 3.541611448554249364e-14 -7.2164496600635175128e-15 -1.4321877017664519371e-14 -5.4400928206632670481e-15 -1.6098233857064769836e-14 -1.4221956945448255283e-13 -1.2800871473928054911e-13 -5.6954441163270530524e-14 1.4099832412739488063e-14 5.6732396558345499216e-14 -1.7874590696465020301e-14 -1.1102230246251565404e-16 -1.4321877017664519371e-14 -1.0769163338864018442e-14 4.0745185003743245034e-14 -1.1102230246251565404e-16 -1.8762769116165145533e-14 -1.099120794378904975e-14 -9999 -9999 -9999
3.2751579226442117942e-14 1.3375245355717879647e-11 1.4210854715202003717e-14 5.3956838996782607865e-14 -4.4982044755670358427e-07 1.2303462426643818617e-07 -1.1102230246251565404e-16 -3.6637359812630165834e-15 -1.7874590696465020301e-14 1.277866701343555178e-13 -1.2090328738167954725e-13 2.2726265314076954382e-13 -1.4221956945448255283e-13 -9.2481577951275539817e-14 -1.1102230246251565404e-16 -2.8532731732866523089e-14 2.4757973449140990851e-14 -1.4321877017664519371e-14 1.7652546091539988993e-14 1.9428902930940239457e-14 -8.9928064994637679774e-15 -1.1657341758564143674e-14 -1.0769163338864018442e-14 1.9173551635276453453e-13 8.515410598874950665e-14 7.0943251273547502933e-14 8.515410598874950665e-14 -3.5638159090467524948e-14 -2.8532731732866523089e-14 -1.1102230246251565404e-16 1.7652546091539988993e-14 1.4099832412739488063e-14 -4.6296300126869027736e-14 3.4416913763379852753e-15 1.6653345369377348106e-15 -1.2545520178264268907e-14 -1.4321877017664519371e-14 -9999 -9999
-1.3056222769591840915e-13 -7.9516948581215274316e-12 -4.2632564145606011152e-14 1.0547118733938987134e-14 3.186340080674199271e-14 -3.1197266991966898786e-14 -1.6854464490734244464e-07 -2.142730437526552123e-14 -7.2164496600635175128e-15 -2.142730437526552123e-14 9.9364960703951510368e-14 5.6832316630561763304e-13 9.9364960703951510368e-14 -1.2090328738167954725e-13 5.6732396558345499216e-14 -5.6954441163270530524e-14 -1.635358515272855584e-13 -3.2085445411667024018e-14 -4.2743586448068526806e-14 -3.2085445411667024018e-14 3.4416913763379852753e-15 -1.2545520178264268907e-14 -2.8532731732866523089e-14 2.1205259770340489922e-14 2.1205259770340489922e-14 -4.2743586448068526806e-14 -1.4321877017664519371e-14 -7.2164496600635175128e-15 1.4099832412739488063e-14 6.3837823915946501074e-14 -8.5376150593674537959e-14 -7.82707232360735361e-14 6.9944050551384862047e-15 -3.2085445411667024018e-14 4.9626969200744497357e-14 -1.0769163338864018442e-14 -4.5519144009631418157e-15 -3.6637359812630165834e-15 -9999
-2.1094237467877974268e-15 1.4432899320127035026e-15 -1.0769163338864018442e-14 2.4757973449140990851e-14 -5.3401727484470029594e-14 -3.2085445411667024018e-14 2.1205259770340489922e-14 -1.4335709863644297002e-07 -2.142730437526552123e-14 -1.7064127888488656026e-13 -2.8532731732866523089e-14 1.8188783812433939602e-12 -1.1102230246251565404e-16 2.8310687127941491781e-14 4.2521541843143495498e-14 5.6732396558345499216e-14 -3.5638159090467524948e-14 -3.6637359812630165834e-15 2.8310687127941491781e-14 -2.6756374893466272624e-14 -1.4321877017664519371e-14 -2.7755575615628913511e-15 3.4416913763379852753e-15 -1.8485213360008856398e-13 -1.0669243266647754353e-13 4.9626969200744497357e-14 -1.2090328738167954725e-13 7.0943251273547502933e-14 -1.2090328738167954725e-13 -2.142730437526552123e-14 3.541611448554249364e-14 6.9944050551384862047e-15 -1.4321877017664519371e-14 -3.9190872769268025877e-14 -4.2743586448068526806e-14 -1.6098233857064769836e-14 -6.3282712403633922804e-15 -1.1102230246251565404e-16 -4.5519144009631418157e-15
-2.2204460492503130808e-14 -2.5979218776228663046e-14 5.3179682879544998286e-14 -1.4321877017664519371e-14 3.4416913763379852753e-15 -8.5376150593674537959e-14 1.2068124277675451594e-13 -7.1165295878472534241e-14 -2.9388321109991011326e-08 1.1357581541915351409e-13 -4.2743586448068526806e-14 1.1357581541915351409e-13 -1.4221956945448255283e-13 -4.2743586448068526806e-14 4.2521541843143495498e-14 -4.9849013805669528665e-14 2.8310687127941491781e-14 -5.6954441163270530524e-14 -7.2164496600635175128e-15 -3.6637359812630165834e-15 -1.9650947535865270765e-14 -1.1102230246251565404e-16 6.9944050551384862047e-15 1.0647038806155251223e-13 7.0943251273547502933e-14 -1.635358515272855584e-13 2.1205259770340489922e-14 -1.3511414209688155097e-13 7.0943251273547502933e-14 -4.2743586448068526806e-14 -5.6954441163270530524e-14 -7.2164496600635175128e-15 -7.2164496600635175128e-15 -9.2481577951275539817e-14 6.9944050551384862047e-15 -2.498001805406602216e-14 -5.4400928206632670481e-15 -3.6637359812630165834e-15 -1.1657341758564143674e-14
6.6613381477509392425e-16 -2.7749813558131108948e-10 1.5506884665228426456e-10 -8.2962980929579543954e-10 4.4053538594823749008e-11 5.6832039074805607015e-10 6.5608662946914364511e-10 1.244416014678506599e-09 -1.0769163338864018442e-14 4.5293126049728016369e-07 8.515410598874950665e-14 -1.3643530749618548725e-12 2.8310687127941491781e-14 1.4099832412739488063e-14 2.1205259770340489922e-14 -7.1165295878472534241e-14 -3.6637359812630165834e-15 -2.142730437526552123e-14 -2.142730437526552123e-14 2.6534330288541241316e-14 -1.4321877017664519371e-14 -7.2164496600635175128e-15 4.9626969200744497357e-14 4.2521541843143495498e-14 -1.3511414209688155097e-13 6.9944050551384862047e-15 6.3837823915946501074e-14 9.9364960703951510368e-14 9.2259533346350508509e-14 -6.4059868520871532382e-14 6.3837823915946501074e-14 -3.5638159090467524948e-14 -8.5376150593674537959e-14 1.9884094371036553639e-13 2.6534330288541241316e-14 -2.142730437526552123e-14 -3.6637359812630165834e-15 1.0547118733938987134e-14 -1.1102230246251565404e-16
9.8123065228605810262e-11 -1.4321877017664519371e-14 1.0658141036401502788e-14 -1.1102230246251565404e-16 -6.7612582199672033312e-14 3.541611448554249364e-14 2.8310687127941491781e-14 -1.5643042416968455655e-13 1.9683739083120599389e-09 -1.917906047310680151e-07 1.7041923427996152896e-13 -2.2748469774569457513e-13 1.4099832412739488063e-14 -7.2164496600635175128e-15 6.3837823915946501074e-14 -2.8532731732866523089e-14 4.9626969200744497357e-14 2.4757973449140990851e-14 -6.0507154842071031453e-14 -1.0769163338864018442e-14 -1.0769163338864018442e-14 -6.3282712403633922804e-15 2.1205259770340489922e-14 -1.7064127888488656026e-13 -1.1379786002407854539e-13 -5.6954441163270530524e-14 3.541611448554249364e-14 -9.9587005308876541676e-14 -9.2481577951275539817e-14 -3.5638159090467524948e-14 1.277866701343555178e-13 1.0647038806155251223e-13 -1.5643042416968455655e-13 -4.6296300126869027736e-14 6.9944050551384862047e-15 -2.498001805406602216e-14 -2.498001805406602216e-14 -2.6756374893466272624e-14 -2.4091839634365896927e-14
3.7135794439535629863e-11 -2.1316282072803005576e-14 -1.2545520178264268907e-14 -7.2164496600635175128e-15 8.7707618945387366693e-15 1.4099832412739488063e-14 2.8310687127941491781e-14 -1.4321877017664519371e-14 -1.1379786002407854539e-13 4.9277548708204221839e-10 2.8902576332257012837e-07 8.2650220001312391105e-11 6.3837823915946501074e-14 -1.0669243266647754353e-13 2.8310687127941491781e-14 -2.8532731732866523089e-14 -1.4321877017664519371e-14 4.6074255521943996428e-14 -1.0769163338864018442e-14 -7.2164496600635175128e-15 3.4416913763379852753e-15 -8.1046280797636427451e-15 7.0943251273547502933e-14 1.4099832412739488063e-14 2.9831692671677956241e-13 9.9364960703951510368e-14 -3.2696068075210860115e-13 9.9364960703951510368e-14 -4.9849013805669528665e-14 1.1357581541915351409e-13 -1.3511414209688155097e-13 -1.3511414209688155097e-13 4.2621461915359759587e-13 -5.3401727484470029594e-14 -8.8928864272475038888e-14 -2.142730437526552123e-14 -1.4321877017664519371e-14 5.21804821573823574e-15 -6.3282712403633922804e-15
