tests/data/reference/gistest/full/control/massbalance.asc
ncols        125
nrows        78
xllcorner    -713756.799299980048
yllcorner    -1061032.369616159936
cellsize     10.000000000000
NODATA_value  -9999
[rows 51 to 67 of 78, columns 76 to 113 of 125]
-4.8328008261933064205e-13 3.541611448554249364e-14 2.1427470908719215004e-11 -3.5638159090467524948e-14 -1.4321877017664519371e-14 -8.9928064994637679774e-15 -5.6954441163270530524e-14 -2.498001805406602216e-14 -4.9849013805669528665e-14 -4.2743586448068526806e-14 -6.4059868520871532382e-14 -5.6954441163270530524e-14 2.156666596420109272e-07 1.8345643892914154094e-09 9.2259533346350508509e-14 -9.9587005308876541676e-14 -1.4321877017664519371e-14 -1.0669243266647754353e-13 -1.0769163338864018442e-14 -1.6098233857064769836e-14 -2.0539125955565395998e-14 -1.0769163338864018442e-14 -3.6637359812630165834e-15 -2.498001805406602216e-14 1.277866701343555178e-13 1.4099832412739488063e-14 -1.5643042416968455655e-13 7.0943251273547502933e-14 9.9364960703951510368e-14 8.515410598874950665e-14 -8.5376150593674537959e-14 -5.6954441163270530524e-14 1.4199752484955752152e-13 -3.5638159090467524948e-14 -7.1065375806256270153e-13 -3.6637359812630165834e-15 -7.82707232360735361e-14 -2.142730437526552123e-14
4.9626969200744497357e-14 -2.6756374893466272624e-14 1.4558909633421990293e-12 -2.3092638912203256041e-14 -3.5527136788005009294e-14 1.7763568394002504647e-14 -1.207922650792170316e-13 2.1205259770340489922e-14 -4.9849013805669528665e-14 2.1205259770340489922e-14 -1.2800871473928054911e-13 -4.2743586448068526806e-14 -1.8448008631821721792e-07 3.0784805815642357629e-09 -1.7064127888488656026e-13 4.9626969200744497357e-14 7.8048678631148504792e-14 -3.5638159090467524948e-14 -3.3861802251067274483e-14 -4.0967229608668276342e-14 -4.2743586448068526806e-14 -7.4718009557273035171e-14 -4.9849013805669528665e-14 -2.498001805406602216e-14 -9.9587005308876541676e-14 -2.8532731732866523089e-14 -2.1327384303049257142e-13 -1.1379786002407854539e-13 -7.1165295878472534241e-14 -7.1165295878472534241e-14 2.8310687127941491781e-14 1.7041923427996152896e-13 -2.2748469774569457513e-13 -1.7064127888488656026e-13 -8.5376150593674537959e-14 -2.142730437526552123e-14 -5.6954441163270530524e-14 4.9626969200744497357e-14
-6.2538862977135067922e-13 -1.7064127888488656026e-13 4.0245029531149612012e-12 2.2737367544323205948e-13 -3.4106051316484808922e-13 7.3896444519050419331e-13 -7.3896444519050419331e-13 -1.7064127888488656026e-13 5.1147974744480961817e-13 2.099226348306615364e-10 -1.1050371728771324342e-10 -5.6954441163270530524e-14 -1.2709278962574899197e-07 2.20200035982998088e-09 1.9884094371036553639e-13 -2.8532731732866523089e-14 2.1205259770340489922e-14 -4.2743586448068526806e-14 -2.8532731732866523089e-14 -1.2545520178264268907e-14 -1.4321877017664519371e-14 6.9944050551384862047e-15 -4.2743586448068526806e-14 -1.6098233857064769836e-14 -7.82707232360735361e-14 -1.1379786002407854539e-13 2.9831692671677956241e-13 4.2521541843143495498e-14 -2.4169555246089657885e-13 2.4147350785597154754e-13 -1.1102230246251565404e-16 -2.7011726189130058629e-13 -1.1102230246251565404e-16 2.3873125698514741089e-12 -3.5638159090467524948e-14 1.4099832412739488063e-14 -1.1102230246251565404e-16 -1.1102230246251565404e-16
-2.3203661214665771695e-14 -3.9190872769268025877e-14 1.7835677379451908564e-11 -4.6185277824406512082e-14 -1.4210854715202003717e-14 -1.0658141036401502788e-14 -4.9737991503207013011e-14 -4.2743586448068526806e-14 -7.1165295878472534241e-14 -7.2164496600635175128e-15 -1.1102230246251565404e-16 -8.0018491832589688784e-10 -9.8090822575613856316e-08 7.7534412223911886031e-10 -1.3056222769591840915e-13 -8.5376150593674537959e-14 -5.3401727484470029594e-14 -4.80726569662692782e-14 -3.9190872769268025877e-14 -6.4059868520871532382e-14 -2.498001805406602216e-14 -4.2743586448068526806e-14 4.9626969200744497357e-14 -8.5376150593674537959e-14 5.6732396558345499216e-14 1.5620837956475952524e-13 -1.1102230246251565404e-16 -1.1379786002407854539e-13 1.8463008899516353267e-13 -1.5643042416968455655e-13 1.4099832412739488063e-14 2.4147350785597154754e-13 8.5254026060965770739e-13 -2.8532731732866523089e-14 2.8310687127941491781e-14 -1.6098233857064769836e-14 -2.8532731732866523089e-14 -4.6296300126869027736e-14
-2.8432811660650259e-13 -9.6644914293619876844e-13 -1.1042289305152053203e-09 1.1715417524982285613e-10 2.5897850530753885323e-10 -2.4795110409314702338e-10 -3.8244263311781878656e-10 -1.7979584487903821355e-10 -9.0119567364155273026e-10 5.604759989452645641e-10 -7.5795025811231653279e-10 -1.3301361123652100105e-09 9.0096807792150457317e-10 -4.1434759623371064663e-08 -3.1934566102620465244e-11 -1.4321877017664519371e-14 -8.9928064994637679774e-15 -2.6756374893466272624e-14 -8.9928064994637679774e-15 -1.1102230246251565404e-16 -7.2164496600635175128e-15 -7.82707232360735361e-14 -1.2800871473928054911e-13 3.186340080674199271e-14 -1.1102230246251565404e-16 -1.5643042416968455655e-13 -4.2743586448068526806e-14 -2.8532731732866523089e-14 -1.4321877017664519371e-14 -1.2800871473928054911e-13 2.8310687127941491781e-14 -8.527623052145827387e-13 -2.8532731732866523089e-14 -2.9853897132170459372e-13 1.0547118733938987134e-14 -4.4519943287468777271e-14 -7.2164496600635175128e-15 -1.1102230246251565404e-16
1.5620837956475952524e-13 -2.0161650127192842774e-13 -5.0026649489609553711e-13 5.2569060216001162189e-13 -3.2696068075210860115e-13 3.1252778143198156613e-13 -3.4117153546731060487e-13 -1.1102230246251565404e-16 -1.990629883152905677e-13 2.8310687127941491781e-14 1.4199752484955752152e-13 -2.8532731732866523089e-14 -2.2772610464016906917e-09 7.9293386079370975494e-08 -5.6954441163270530524e-14 -1.7208456881689926377e-14 -4.5408121707168902503e-14 -2.142730437526552123e-14 -4.80726569662692782e-14 -6.7612582199672033312e-14 -8.8928864272475038888e-14 -7.2164496600635175128e-15 3.541611448554249364e-14 -9.6034291630076040747e-14 -2.8532731732866523089e-14 -1.4221956945448255283e-13 -7.1165295878472534241e-14 2.8310687127941491781e-14 -1.5643042416968455655e-13 -1.1102230246251565404e-16 -1.1102230246251565404e-16 6.8201000402723366278e-13 -1.1379786002407854539e-13 -7.4718009557273035171e-14 6.9944050551384862047e-15 -2.8532731732866523089e-14 -5.6954441163270530524e-14 4.2521541843143495498e-14
-5.6854521091054266435e-13 1.2029210960662339858e-10 -4.575781975546533431e-10 -2.0457957550235050803e-10 -4.7691739446520386991e-11 1.1357581541915351409e-13 5.6732396558345499216e-14 -3.0127123018530710397e-11 3.7232328331526787224e-11 1.722344489252236599e-11 7.0201511270795435848e-11 1.5245393836238463336e-10 1.5546663956200745815e-10 -1.7798812423919230241e-09 1.5309342416003346443e-07 -2.0650148258027911652e-14 -7.2164496600635175128e-15 -2.8532731732866523089e-14 -7.2164496600635175128e-15 1.4099832412739488063e-14 2.1205259770340489922e-14 1.4099832412739488063e-14 -6.4059868520871532382e-14 6.9944050551384862047e-15 1.4099832412739488063e-14 2.1305179842556754011e-13 -5.6954441163270530524e-14 1.9884094371036553639e-13 7.0943251273547502933e-14 -4.2743586448068526806e-14 2.2726265314076954382e-13 2.1305179842556754011e-13 -3.2085445411667024018e-14 -1.0669243266647754353e-13 -2.8532731732866523089e-14 -4.9849013805669528665e-14 -2.8532731732866523089e-14 -1.2090328738167954725e-13
-3.1274982603690659744e-13 6.8167693711984611582e-14 -5.9618976422370906221e-14 -2.1327384303049257142e-13 1.8463008899516353267e-13 1.4099832412739488063e-14 9.9364960703951510368e-14 -1.5348833315442789171e-12 7.9569684174884969252e-13 5.6832316630561763304e-13 -6.8223204863215869409e-13 3.4094949086238557356e-13 6.8201000402723366278e-13 -1.1379786002407854539e-13 -1.6698322724550962448e-09 -1.7874590696465020301e-14 -4.7184478546569152968e-14 -6.0507154842071031453e-14 -3.2085445411667024018e-14 -2.8532731732866523089e-14 -5.6954441163270530524e-14 -1.635358515272855584e-13 -7.82707232360735361e-14 -3.5638159090467524948e-14 -7.1165295878472534241e-14 1.1357581541915351409e-13 5.6732396558345499216e-14 -2.5590640717609858257e-13 -2.5590640717609858257e-13 -2.1601609390131670807e-12 -1.990629883152905677e-13 -4.2743586448068526806e-14 1.8463008899516353267e-13 2.8310687127941491781e-14 4.9626969200744497357e-14 8.515410598874950665e-14 -3.5638159090467524948e-14 1.4099832412739488063e-14
-2.8532731732866523089e-14 2.5757174171303631738e-14 8.515410598874950665e-14 -7.1165295878472534241e-14 -3.9801495432811861974e-13 3.9790393202565610409e-13 -4.8328008261933064205e-13 -2.8532731732866523089e-14 -4.9849013805669528665e-14 -6.4059868520871532382e-14 -4.9849013805669528665e-14 -5.162537064506977913e-14 -7.2164496600635175128e-15 -2.8532731732866523089e-14 -4.2743586448068526806e-14 -2.6556881493888795376e-07 -5.9618976422370906221e-14 -2.7755575615628913511e-15 -7.1165295878472534241e-14 6.9944050551384862047e-15 -3.5638159090467524948e-14 5.6732396558345499216e-14 2.1205259770340489922e-14 1.277866701343555178e-13 -7.1165295878472534241e-14 -4.1222580904332062346e-13 -9.9587005308876541676e-14 1.4199752484955752152e-13 -1.7054135881267029617e-12 2.5568436257117355126e-13 -1.4321877017664519371e-14 -6.8223204863215869409e-13 -1.4221956945448255283e-13 3.9779290972319358843e-13 -3.1274982603690659744e-13 -1.4321877017664519371e-14 -1.7064127888488656026e-13 -4.2743586448068526806e-14
-2.3203661214665771695e-14 -1.6875389974302379414e-14 -4.2743586448068526806e-14 1.0547118733938987134e-14 -1.1723955140041653067e-13 -9.2370555648813024163e-14 -1.8873791418627661187e-15 -2.498001805406602216e-14 -3.3861802251067274483e-14 -1.9650947535865270765e-14 -1.0769163338864018442e-14 -3.7414515929867775412e-14 -2.8532731732866523089e-14 -5.6954441163270530524e-14 -2.6756374893466272624e-14 3.4416913763379852753e-15 -6.6793290898203849792e-09 3.9857006584043119801e-14 2.8310687127941491781e-14 -1.4932499681208355469e-13 1.4099832412739488063e-14 -4.2743586448068526806e-14 -7.1165295878472534241e-14 -2.2748469774569457513e-13 -8.5376150593674537959e-14 2.5568436257117355126e-13 8.515410598874950665e-14 7.0943251273547502933e-14 2.6146862452947061684e-12 2.1205259770340489922e-14 7.3885342288804167765e-13 6.3837823915946501074e-14 7.0943251273547502933e-14 -2.142730437526552123e-14 3.541611448554249364e-14 -2.5590640717609858257e-13 -2.8532731732866523089e-14 -5.3401727484470029594e-14
-2.3203661214665771695e-14 -2.7111479727892628944e-11 -1.4210854715202003717e-14 -2.8366198279172749608e-14 0 -4.2743586448068526806e-14 -2.8532731732866523089e-14 -3.4749980670767399715e-14 -3.0309088572266773554e-14 -3.2085445411667024018e-14 -2.4091839634365896927e-14 -3.3861802251067274483e-14 -2.142730437526552123e-14 -1.4321877017664519371e-14 -6.4059868520871532382e-14 7.8048678631148504792e-14 -7.82707232360735361e-14 2.7587520889937877655e-07 -6.6724403779971908079e-14 6.9944050551384862047e-15 -1.2800871473928054911e-13 9.9364960703951510368e-14 -2.8532731732866523089e-14 -2.8532731732866523089e-14 5.6732396558345499216e-14 -2.8532731732866523089e-14 8.515410598874950665e-14 1.3641310303569298412e-12 -8.5376150593674537959e-14 -6.8223204863215869409e-13 -2.3203661214665771695e-14 -2.498001805406602216e-14 -1.9650947535865270765e-14 -2.4091839634365896927e-14 -8.5376150593674537959e-14 -3.5638159090467524948e-14 2.1205259770340489922e-14 -3.0309088572266773554e-14
-3.5638159090467524948e-14 1.4199474929199595863e-11 -3.5527136788005009294e-14 -8.5265128291212022305e-14 -2.142730437526552123e-14 -2.0539125955565395998e-14 -2.3203661214665771695e-14 -4.9849013805669528665e-14 -1.4321877017664519371e-14 -1.1102230246251565404e-16 -8.5376150593674537959e-14 6.9944050551384862047e-15 -1.2800871473928054911e-13 -3.4749980670767399715e-14 -2.9420910152566648321e-14 -5.162537064506977913e-14 -1.1102230246251565404e-16 -3.9190872769268025877e-14 -5.8040313888341188431e-08 1.0380585280245213653e-13 -2.8532731732866523089e-14 -1.4321877017664519371e-14 -4.2743586448068526806e-14 9.2259533346350508509e-14 -1.2800871473928054911e-13 -2.8432811660650259e-13 -4.5485837318892663461e-13 9.9364960703951510368e-14 -5.6954441163270530524e-14 -4.9849013805669528665e-14 -7.82707232360735361e-14 -1.6098233857064769836e-14 -1.9650947535865270765e-14 5.6732396558345499216e-14 -2.4091839634365896927e-14 -6.4059868520871532382e-14 -4.9849013805669528665e-14 -3.3861802251067274483e-14
-3.5638159090467524948e-14 2.8900604132076068709e-11 -1.207922650792170316e-13 -1.1368683772161602974e-13 7.1054273576010018587e-15 0 5.6732396558345499216e-14 -2.2748469774569457513e-13 -1.4321877017664519371e-14 -1.1102230246251565404e-16 2.8310687127941491781e-14 -7.1165295878472534241e-14 -1.4321877017664519371e-14 4.2521541843143495498e-14 -5.6954441163270530524e-14 -5.6854521091054266435e-13 -5.1170179204973464948e-13 5.1147974744480961817e-13 -3.4117153546731060487e-13 5.9203738800306382473e-08 -1.4321877017664519371e-14 -2.8532731732866523089e-14 -2.8432811660650259e-13 -3.8302694349567900645e-14 1.5620837956475952524e-13 1.9122115002545569951e-10 4.9626969200744497357e-14 -5.6954441163270530524e-14 -2.498001805406602216e-14 -4.80726569662692782e-14 -1.4321877017664519371e-14 -2.6756374893466272624e-14 -2.8532731732866523089e-14 -1.0769163338864018442e-14 -1.1102230246251565404e-16 -1.0769163338864018442e-14 -2.498001805406602216e-14 -9999
7.0943251273547502933e-14 -7.3370753916890407709e-12 5.684341886080801487e-14 -2.060573933704290539e-13 4.9737991503207013011e-14 -5.684341886080801487e-14 -9.9587005308876541676e-14 1.277866701343555178e-13 -2.4169555246089657885e-13 3.1252778143198156613e-13 -1.5643042416968455655e-13 1.4099832412739488063e-14 -2.8532731732866523089e-14 1.5620837956475952524e-13 -1.2800871473928054911e-13 -3.1197266991966898786e-14 -2.0539125955565395998e-14 -2.498001805406602216e-14 -1.2545520178264268907e-14 1.9884094371036553639e-13 7.782866191519133281e-07 -1.4221956945448255283e-13 -3.9801495432811861974e-13 -5.6954441163270530524e-14 -5.3114501685769255346e-10 -2.6301183453369958443e-13 -2.8432811660650259e-13 -2.142730437526552123e-14 -4.80726569662692782e-14 -3.2085445411667024018e-14 -2.3203661214665771695e-14 -8.5376150593674537959e-14 -4.80726569662692782e-14 -4.2743586448068526806e-14 -3.5638159090467524948e-14 -9999 -9999 -9999
2.2726265314076954382e-13 -2.510774921304914642e-11 2.2737367544323205948e-13 -3.1263880373444408178e-13 5.3990145687521362561e-13 -2.8421709430404007435e-13 8.515410598874950665e-14 -3.1274982603690659744e-13 5.6732396558345499216e-14 -3.4117153546731060487e-13 1.1357581541915351409e-13 -2.2748469774569457513e-13 3.9779290972319358843e-13 3.69371200292789581e-13 -3.6959324489771461231e-13 -1.4221956945448255283e-13 2.8310687127941491781e-14 -1.990629883152905677e-13 -2.8532731732866523089e-14 -4.5485837318892663461e-13 7.9125928031942294183e-11 -6.9100570954105933197e-07 2.5568436257117355126e-13 -1.0966233476850106854e-09 6.9944050551384862047e-15 9.0938367947046572226e-13 -8.527623052145827387e-13 2.8310687127941491781e-14 -1.7064127888488656026e-13 1.4199752484955752152e-13 -1.7064127888488656026e-13 -3.9190872769268025877e-14 -2.8532731732866523089e-14 -5.3401727484470029594e-14 -9999 -9999 -9999 -9999
-2.6756374893466272624e-14 8.3303919318211683276e-12 5.5511151231257827021e-17 -7.1054273576010018587e-15 -7.4606987254810519516e-14 1.7763568394002504647e-14 -7.1165295878472534241e-14 -1.1102230246251565404e-16 -7.1165295878472534241e-14 -1.0669243266647754353e-13 5.6732396558345499216e-14 -2.142730437526552123e-14 6.9944050551384862047e-15 -1.4321877017664519371e-14 5.6732396558345499216e-14 -8.5376150593674537959e-14 5.6732396558345499216e-14 -1.4221956945448255283e-13 7.0943251273547502933e-14 -2.8532731732866523089e-14 -2.4169555246089657885e-13 3.0581748244884465748e-10 1.6217745724134147167e-07 -1.2332749266263931531e-09 -3.4117153546731060487e-13 1.4199752484955752152e-13 -1.9650947535865270765e-14 -3.8302694349567900645e-14 -4.6296300126869027736e-14 -1.9650947535865270765e-14 -4.9849013805669528665e-14 -4.2743586448068526806e-14 -9999 -9999 -9999 -9999 -9999 -9999
-5.6954441163270530524e-14 1.1324274851176596712e-14 -9.9587005308876541676e-14 1.4099832412739488063e-14 -5.6954441163270530524e-14 -8.5376150593674537959e-14 2.8310687127941491781e-14 1.9884094371036553639e-13 -9.9587005308876541676e-14 -1.1102230246251565404e-16 -1.1379786002407854539e-13 7.0943251273547502933e-14 -1.5643042416968455655e-13 -1.7064127888488656026e-13 1.1357581541915351409e-13 -7.1165295878472534241e-14 -8.5376150593674537959e-14 1.7041923427996152896e-13 2.5568436257117355126e-13 -2.5590640717609858257e-13 -4.8328008261933064205e-13 2.8410607200157755869e-13 8.2367040477038244717e-07 -1.136879479446406549e-11 2.5568436257117355126e-13 -3.7414515929867775412e-14 -3.2085445411667024018e-14 -3.3861802251067274483e-14 -3.2973623831367149251e-14 -3.5638159090467524948e-14 -9999 -9999 -9999 -9999 -9999 -9999 -9999 -9999
