tests/data/reference/gistest/full/control/massbalance.asc
ncols        125
nrows        78
xllcorner    -713756.799299980048
yllcorner    -1061032.369616159936
cellsize     10.000000000000
NODATA_value  -9999
[rows 17 to 33 of 78, columns 0 to 38 of 125]
-9999 -9999 -9999 -9999 -9999 -9999 -9999 -9999 -9999 -9999 -9999 -9999 -9999 -9999 -9999 -9999 -9999 -9999 -9999 -9999 -3.2085445411667024018e-14 -3.6637359812630165834e-15 -5.3401727484470029594e-14 -4.2743586448068526806e-14 -2.1327384303049257142e-13 -1.6098233857064769836e-14 -7.4384942649885488208e-15 -8.8118679020254830903e-11 1.0658141036401502788e-14 1.9884094371036553639e-13 -3.1263880373444408178e-13 -2.142730437526552123e-14 1.0547118733938987134e-14 1.0547118733938987134e-14 1.1357581541915351409e-13 -8.1046280797636427451e-15 7.8048678631148504792e-14 2.2726265314076954382e-13 4.9626969200744497357e-14
-9999 -9999 -9999 -9999 -9999 -9999 -9999 -9999 -9999 -9999 -9999 -9999 -9999 -9999 -9999 -9999 -9999 -9999 -9999 -9999 -3.6637359812630165834e-15 -1.7874590696465020301e-14 -2.4169555246089657885e-13 -8.9928064994637679774e-15 -5.4400928206632670481e-15 -1.4488410471358292853e-13 8.060385692232330257e-12 8.5265128291212022305e-14 2.2726265314076954382e-13 -1.0769163338864018442e-14 2.8421709430404007435e-13 -1.1102230246251565404e-16 -1.4321877017664519371e-14 5.21804821573823574e-15 -1.4321877017664519371e-14 -1.1102230246251565404e-16 -7.2164496600635175128e-15 -3.2696068075210860115e-13 2.8310687127941491781e-14
-9999 -9999 -9999 -9999 -9999 -9999 -9999 -9999 -9999 -9999 -9999 -9999 -9999 -9999 -9999 -9999 -9999 -9999 -9999 -6.3282712403633922804e-15 4.6074255521943996428e-14 5.6732396558345499216e-14 -2.3203661214665771695e-14 -2.2315482794965646463e-14 -1.1102230246251565404e-16 5.7173099587970455104e-11 1.1324274851176596712e-14 -5.684341886080801487e-14 -3.9790393202565610409e-13 -1.6098233857064769836e-14 -1.8485213360008856398e-13 2.1205259770340489922e-14 -1.7874590696465020301e-14 4.2521541843143495498e-14 7.0943251273547502933e-14 -2.3203661214665771695e-14 -1.4321877017664519371e-14 1.8463008899516353267e-13 -5.6954441163270530524e-14
-9999 -9999 -9999 -9999 -9999 -9999 -9999 -9999 -9999 -9999 -9999 -9999 -9999 -9999 -9999 -9999 -9999 -9999 2.553512956637860043e-15 -1.4321877017664519371e-14 -9.9587005308876541676e-14 6.9944050551384862047e-15 -7.2164496600635175128e-15 2.4757973449140990851e-14 -2.0794754806985338291e-11 -2.3889168421220574601e-11 1.1357581541915351409e-13 1.9895196601282805204e-13 3.1252778143198156613e-13 1.9428902930940239457e-14 7.0943251273547502933e-14 -7.2164496600635175128e-15 -5.4400928206632670481e-15 -2.142730437526552123e-14 -4.2743586448068526806e-14 -2.8532731732866523089e-14 -6.4059868520871532382e-14 1.1357581541915351409e-13 1.4099832412739488063e-14
-9999 -9999 -9999 -9999 -9999 -9999 -9999 -9999 -9999 -9999 -9999 -9999 -9999 -9999 -9999 -9999 -9999 -3.6637359812630165834e-15 -7.2164496600635175128e-15 3.69371200292789581e-13 -3.2085445411667024018e-14 -8.1046280797636427451e-15 -3.6637359812630165834e-15 1.2878587085651815869e-14 -3.6572356254538362919e-11 2.1316282072803005576e-14 -2.2748469774569457513e-13 -3.1263880373444408178e-13 -3.4117153546731060487e-13 -3.3861802251067274483e-14 1.5620837956475952524e-13 -1.1657341758564143674e-14 -7.2164496600635175128e-15 7.0943251273547502933e-14 -9.9587005308876541676e-14 -1.1102230246251565404e-16 8.515410598874950665e-14 -2.5590640717609858257e-13 7.0943251273547502933e-14
-9999 -9999 -9999 -9999 -9999 -9999 -9999 -9999 -9999 -9999 -9999 -9999 -9999 -9999 -9999 -9999 -9999 -8.9928064994637679774e-15 -2.8532731732866523089e-14 8.515410598874950665e-14 -1.1102230246251565404e-16 -1.2545520178264268907e-14 -1.2212453270876721945e-15 -2.6315061241177772899e-12 7.771561172376095783e-15 -7.1054273576010018587e-15 8.515410598874950665e-14 1.4199752484955752152e-13 5.9674487573602164048e-13 -3.6637359812630165834e-15 -1.2800871473928054911e-13 -9.8809849191638932098e-15 8.7707618945387366693e-15 -2.142730437526552123e-14 2.8310687127941491781e-14 2.1205259770340489922e-14 5.6732396558345499216e-14 -3.4117153546731060487e-13 -8.1046280797636427451e-15
-9999 -9999 -9999 -9999 -9999 -9999 -9999 -9999 -9999 -9999 -9999 -9999 -9999 -9999 -9999 -9999 -9999 -3.5638159090467524948e-14 1.1357581541915351409e-13 -8.9928064994637679774e-15 -1.6098233857064769836e-14 -8.3266726846886740532e-15 2.3425872353044496776e-11 -6.5503158452884235885e-15 -3.5471625636773751467e-14 -6.3948846218409016728e-14 5.6732396558345499216e-14 -2.5590640717609858257e-13 -3.6959324489771461231e-13 -4.6296300126869027736e-14 -1.4221956945448255283e-13 -1.0769163338864018442e-14 3.4416913763379852753e-15 -1.4321877017664519371e-14 2.1205259770340489922e-14 3.69371200292789581e-13 -1.1102230246251565404e-16 4.546363285840016033e-13 -3.6637359812630165834e-15
-9999 -9999 -9999 -9999 -9999 -9999 -9999 -9999 -9999 -9999 -9999 -9999 -9999 -9999 -9999 -9999 1.8888215436163591221e-09 8.5254026060965770739e-13 -5.4400928206632670481e-15 -2.7755575615628913511e-15 7.771561172376095783e-16 3.4231451007116220353e-11 1.009964334386381779e-11 -8.1046280797636427451e-15 -5.4400928206632670481e-15 -3.5638159090467524948e-14 3.69371200292789581e-13 3.9779290972319358843e-13 -3.1274982603690659744e-13 7.4495964952348003862e-14 -1.1657341758564143674e-14 8.515410598874950665e-14 -1.2545520178264268907e-14 8.7707618945387366693e-15 -4.2743586448068526806e-14 -5.1170179204973464948e-13 -1.1102230246251565404e-16 -8.5376150593674537959e-14 -1.1102230246251565404e-16
-9999 -9999 -9999 -9999 -9999 -9999 -9999 -9999 -9999 -9999 -9999 -9999 -9999 -9999 -9999 -9999 -2.3203661214665771695e-14 -8.9928064994637679774e-15 1.6653345369377348106e-15 -3.6637359812630165834e-15 1.4432899320127035026e-15 1.4506784662415839193e-11 1.2434497875801753253e-14 -6.0396132539608515799e-14 -1.1102230246251565404e-16 2.4757973449140990851e-14 -4.9849013805669528665e-14 -9.5724428383903159556e-11 1.1357581541915351409e-13 -8.5376150593674537959e-14 -7.2164496600635175128e-15 -8.9928064994637679774e-15 8.515410598874950665e-14 8.7707618945387366693e-15 -5.6954441163270530524e-14 5.3179682879544998286e-14 -1.1379786002407854539e-13 -8.1046280797636427451e-15 4.546363285840016033e-13
-9999 -9999 -9999 -9999 -9999 -9999 -9999 -9999 -9999 -9999 -9999 -9999 -9999 -9999 -9999 -9999 -8.9928064994637679774e-15 -1.4321877017664519371e-14 -1.3433698597964394139e-14 -9.2148511043887992855e-15 -2.2069568395011174289e-12 7.771561172376095783e-15 -7.8159700933611020446e-14 -1.4210854715202003717e-14 3.5527136788005009294e-14 -2.6756374893466272624e-14 -7.82707232360735361e-14 4.5054082686846186334e-10 2.8310687127941491781e-14 -2.8532731732866523089e-14 2.6534330288541241316e-14 -6.3282712403633922804e-15 2.6534330288541241316e-14 -2.8532731732866523089e-14 -3.2085445411667024018e-14 2.8310687127941491781e-14 -1.4321877017664519371e-14 -5.1170179204973464948e-13 -1.6098233857064769836e-14
-9999 -9999 -9999 -9999 -9999 -9999 -9999 -9999 -9999 -9999 -9999 -9999 -9999 -9999 -9999 -9999 -9999 1.6653345369377348106e-15 -1.0103029524088924518e-14 4.9339365926215350555e-11 -6.5503158452884235885e-15 9.5812247025151009439e-14 -6.4059868520871532382e-14 -1.8485213360008856398e-13 0 1.9884094371036553639e-13 -1.1102230246251565404e-16 -3.4117153546731060487e-13 5.1898030317687471324e-10 2.8762758841338609272e-10 2.1205259770340489922e-14 -2.8532731732866523089e-14 -5.4400928206632670481e-15 -1.4321877017664519371e-14 2.8410607200157755869e-13 2.1205259770340489922e-14 -7.2164496600635175128e-15 -7.82707232360735361e-14 6.2516658516642564791e-13
-9999 -9999 -9999 -9999 -9999 -9999 -9999 -9999 -9999 -9999 -9999 -9999 -9999 -9999 -9999 -9999 -9999 -9999 -5.1480431029204964943e-11 3.7900238503141281399e-12 1.0713652187632760615e-14 -7.1054273576010018587e-15 1.4099832412739488063e-14 -5.3401727484470029594e-14 3.541611448554249364e-14 -5.6954441163270530524e-14 -1.4321877017664519371e-14 2.1205259770340489922e-14 -5.6954441163270530524e-14 4.0984093896412332469e-10 -5.3159976420857901758e-10 -2.8532731732866523089e-14 -1.0769163338864018442e-14 -1.1102230246251565404e-16 -1.0769163338864018442e-14 -4.8328008261933064205e-13 1.4099832412739488063e-14 -4.9849013805669528665e-14 1.4099832412739488063e-14
-9999 -9999 -9999 -9999 -9999 -9999 -9999 -9999 -9999 -9999 -9999 -9999 -9999 -9999 -9999 -9999 -9999 -9999 -1.7994328249670843434e-11 -1.0658141036401502788e-14 -2.142730437526552123e-14 -2.498001805406602216e-14 -1.1102230246251565404e-16 2.8310687127941491781e-14 6.9944050551384862047e-15 7.8048678631148504792e-14 6.9944050551384862047e-15 -1.2090328738167954725e-13 1.1357581541915351409e-13 -1.7774670624248756212e-13 -2.2696440282743424177e-09 2.8495605874923057854e-09 -4.1789007809711620212e-09 1.0547118733938987134e-14 3.4416913763379852753e-15 -7.2164496600635175128e-15 -1.557520779016385859e-11 3.0125901773203622724e-12 -2.4203938853162298983e-10
-9999 -9999 -9999 -9999 -9999 -9999 -9999 -9999 -9999 -9999 -9999 -9999 -9999 -9999 -9999 -9999 -9999 -9999 5.5511151231257827021e-16 -1.4321877017664519371e-14 -2.142730437526552123e-14 2.4757973449140990851e-14 1.8548006464058630627e-09 -1.4264857073342795957e-09 -1.7294611298623863149e-09 1.1302744296060041052e-09 1.2313988717593815636e-09 2.1199753064138349146e-09 -2.2963604351389221847e-09 -2.8842361832204232996e-10 -2.6772113415063358843e-09 2.4888890948204789311e-09 -2.6275870368408504874e-09 -1.3189719538786448538e-08 -5.2036739361938089132e-09 1.0347775969421491027e-08 -1.2958707884536124766e-08 -1.1748625183827243745e-08 4.6056811697781085968e-09
-9999 -9999 -9999 -9999 -9999 -9999 -9999 -9999 -9999 -9999 -9999 -9999 -9999 -9999 -9999 -9999 -9999 -9999 -1.4321877017664519371e-14 -4.9849013805669528665e-14 2.4147350785597154754e-13 1.2376232261246400412e-09 -5.6954441163270530524e-14 2.8310687127941491781e-14 -2.9853897132170459372e-13 1.4199752484955752152e-13 -8.5376150593674537959e-14 -1.591726750405086932e-12 -4.7805426284242003021e-11 -6.5006144911450292057e-10 1.7608953184478082221e-09 1.6787565781939406406e-09 1.9252854865925428385e-10 2.6007569431385491043e-09 -1.0664394922699216295e-09 -1.3486102234949726153e-09 3.2368348001909907907e-09 -1.3445287549984641373e-08 -9.9223598226672038436e-09
-9999 -9999 -9999 -9999 -9999 -9999 -9999 -9999 -9999 -9999 -9999 -9999 -9999 -9999 -9999 -9999 -9999 -1.7874590696465020301e-14 -3.2085445411667024018e-14 -2.142730437526552123e-14 -4.0424208425093866026e-10 -1.1102230246251565404e-16 2.1205259770340489922e-14 -7.2164496600635175128e-15 7.0943251273547502933e-14 1.277866701343555178e-13 -4.9849013805669528665e-14 1.8463008899516353267e-13 -1.1102230246251565404e-16 -8.5376150593674537959e-14 1.9884094371036553639e-13 5.6732396558345499216e-14 -3.3109586183854844421e-09 -2.0978063730581197888e-09 -4.4017269829055294394e-09 5.4047859521233476698e-09 -2.5465962671944453177e-11 1.6653345369377348106e-15 -4.6296300126869027736e-14
-9999 -9999 -9999 -9999 -9999 -9999 -9999 -9999 -9999 -9999 -9999 -9999 -9999 -9999 -9999 -9999 -2.1094237467877974268e-15 -1.1102230246251565404e-16 4.2521541843143495498e-14 -5.1841309023359372077e-11 2.8310687127941491781e-14 6.9944050551384862047e-15 -1.4321877017664519371e-14 -9.2481577951275539817e-14 -7.2164496600635175128e-15 4.2521541843143495498e-14 -1.5643042416968455655e-13 -1.7064127888488656026e-13 -2.2748469774569457513e-13 -8.990640454342724297e-10 1.7193427792605575632e-09 1.4649684798584416967e-09 1.4099832412739488063e-14 -2.142730437526552123e-14 9.9364960703951510368e-14 5.6732396558345499216e-14 -5.4400928206632670481e-15 2.1205259770340489922e-14 -8.5376150593674537959e-14
