tests/data/reference/gistest/full/control/massbalance.asc
ncols        125
nrows        78
xllcorner    -713756.799299980048
yllcorner    -1061032.369616159936
cellsize     10.000000000000
NODATA_value  -9999
[rows 17 to 33 of 78, columns 0 to 37 of 125]
-9999 -9999 -9999 -9999 -9999 -9999 -9999 -9999 -9999 -9999 -9999 -9999 -9999 -9999 -9999 -9999 -9999 -9999 -9999 -5.5511151231257827021e-17 -5.5511151231257827021e-17 -5.5511151231257827021e-17 -5.5511151231257827021e-17 -5.5511151231257827021e-17 -5.5511151231257827021e-17 -5.5511151231257827021e-17 -2.7755575615628913511e-17 -1.0637324354689781103e-12 1.1102230246251565404e-16 -5.5511151231257827021e-17 -5.5511151231257827021e-17 -5.5511151231257827021e-17 -5.5511151231257827021e-17 -5.5511151231257827021e-17 -5.5511151231257827021e-17 -5.5511151231257827021e-17 -5.5511151231257827021e-17 -5.5511151231257827021e-17
-9999 -9999 -9999 -9999 -9999 -9999 -9999 -9999 -9999 -9999 -9999 -9999 -9999 -9999 -9999 -9999 -9999 -9999 -5.5511151231257827021e-17 -5.5511151231257827021e-17 -5.5511151231257827021e-17 -5.5511151231257827021e-17 -5.5511151231257827021e-17 -5.5511151231257827021e-17 -5.5511151231257827021e-17 -2.7755575615628913511e-17 8.1604167867510568612e-13 -4.4408920985006261617e-16 -1.1102230246251565404e-16 -5.5511151231257827021e-17 -5.5511151231257827021e-17 -5.5511151231257827021e-17 -5.5511151231257827021e-17 -5.5511151231257827021e-17 -5.5511151231257827021e-17 -5.5511151231257827021e-17 -5.5511151231257827021e-17 -5.5511151231257827021e-17
-9999 -9999 -9999 -9999 -9999 -9999 -9999 -9999 -9999 -9999 -9999 -9999 -9999 -9999 -9999 -9999 -9999 -5.5511151231257827021e-17 -5.5511151231257827021e-17 -5.5511151231257827021e-17 -5.5511151231257827021e-17 -5.5511151231257827021e-17 -5.5511151231257827021e-17 -5.5511151231257827021e-17 -5.5511151231257827021e-17 3.0714042420498799402e-12 2.2204460492503130808e-16 0 0 -5.5511151231257827021e-17 -5.5511151231257827021e-17 -5.5511151231257827021e-17 -5.5511151231257827021e-17 -5.5511151231257827021e-17 -5.5511151231257827021e-17 -5.5511151231257827021e-17 -5.5511151231257827021e-17 -5.5511151231257827021e-17
-9999 -9999 -9999 -9999 -9999 -9999 -9999 -9999 -9999 -9999 -9999 -9999 -9999 -9999 -9999 -9999 5.5511151231257827021e-17 5.5511151231257827021e-17 5.5511151231257827021e-17 5.5511151231257827021e-17 -5.5511151231257827021e-17 -5.5511151231257827021e-17 -5.5511151231257827021e-17 -5.5511151231257827021e-17 3.1429581159869712792e-12 1.2081419198395337844e-11 -5.5511151231257827021e-17 -1.1102230246251565404e-16 -5.5511151231257827021e-17 -5.5511151231257827021e-17 -5.5511151231257827021e-17 -5.5511151231257827021e-17 -5.5511151231257827021e-17 -5.5511151231257827021e-17 -5.5511151231257827021e-17 -5.5511151231257827021e-17 -5.5511151231257827021e-17 -5.5511151231257827021e-17
-9999 -9999 -9999 -9999 -9999 -9999 -9999 -9999 -9999 -9999 -9999 -9999 -9999 -9999 -9999 -9999 5.5511151231257827021e-17 5.5511151231257827021e-17 5.5511151231257827021e-17 5.5511151231257827021e-17 5.5511151231257827021e-17 5.5511151231257827021e-17 5.5511151231257827021e-17 -2.7755575615628913511e-17 4.97510366237463586e-12 -2.2204460492503130808e-16 -5.5511151231257827021e-17 -5.5511151231257827021e-17 -5.5511151231257827021e-17 -5.5511151231257827021e-17 -5.5511151231257827021e-17 -5.5511151231257827021e-17 -5.5511151231257827021e-17 -5.5511151231257827021e-17 -5.5511151231257827021e-17 -5.5511151231257827021e-17 -5.5511151231257827021e-17 -5.5511151231257827021e-17
-9999 -9999 -9999 -9999 -9999 -9999 -9999 -9999 -9999 -9999 -9999 -9999 -9999 -9999 -9999 -9999 5.5511151231257827021e-17 5.5511151231257827021e-17 5.5511151231257827021e-17 5.5511151231257827021e-17 5.5511151231257827021e-17 5.5511151231257827021e-17 -5.5511151231257827021e-17 -1.7566503807131539361e-13 5.5511151231257827021e-17 1.6653345369377348106e-16 -5.5511151231257827021e-17 -5.5511151231257827021e-17 -5.5511151231257827021e-17 -5.5511151231257827021e-17 -5.5511151231257827021e-17 -5.5511151231257827021e-17 -5.5511151231257827021e-17 -5.5511151231257827021e-17 -5.5511151231257827021e-17 -5.5511151231257827021e-17 -5.5511151231257827021e-17 -5.5511151231257827021e-17
-9999 -9999 -9999 -9999 -9999 -9999 -9999 -9999 -9999 -9999 -9999 -9999 -9999 -9999 -9999 5.5511151231257827021e-17 5.5511151231257827021e-17 5.5511151231257827021e-17 5.5511151231257827021e-17 5.5511151231257827021e-17 5.5511151231257827021e-17 -5.5511151231257827021e-17 -3.5758340732883198143e-12 -5.5511151231257827021e-17 1.1102230246251565404e-16 0 5.5511151231257827021e-17 5.5511151231257827021e-17 5.5511151231257827021e-17 -5.5511151231257827021e-17 -5.5511151231257827021e-17 -5.5511151231257827021e-17 -5.5511151231257827021e-17 -5.5511151231257827021e-17 -5.5511151231257827021e-17 -5.5511151231257827021e-17 -5.5511151231257827021e-17 -5.5511151231257827021e-17
-9999 -9999 -9999 -9999 -9999 -9999 -9999 -9999 -9999 -9999 -9999 -9999 -9999 -9999 -9999 5.5511151231257827021e-17 5.5511151231257827021e-17 5.5511151231257827021e-17 5.5511151231257827021e-17 5.5511151231257827021e-17 5.5511151231257827021e-17 -4.6090631311557217487e-12 3.2684688289208452261e-12 5.5511151231257827021e-17 5.5511151231257827021e-17 5.5511151231257827021e-17 5.5511151231257827021e-17 5.5511151231257827021e-17 5.5511151231257827021e-17 5.5511151231257827021e-17 5.5511151231257827021e-17 -5.5511151231257827021e-17 -5.5511151231257827021e-17 -5.5511151231257827021e-17 -5.5511151231257827021e-17 -5.5511151231257827021e-17 -5.5511151231257827021e-17 -5.5511151231257827021e-17
-9999 -9999 -9999 -9999 -9999 -9999 -9999 -9999 -9999 -9999 -9999 -9999 -9999 -9999 -9999 5.5511151231257827021e-17 5.5511151231257827021e-17 5.5511151231257827021e-17 5.5511151231257827021e-17 5.5511151231257827021e-17 -5.5511151231257827021e-17 7.0910777250077217104e-12 2.2204460492503130808e-16 0 5.5511151231257827021e-17 5.5511151231257827021e-17 5.5511151231257827021e-17 5.5511151231257827021e-17 5.5511151231257827021e-17 5.5511151231257827021e-17 5.5511151231257827021e-17 5.5511151231257827021e-17 5.5511151231257827021e-17 5.5511151231257827021e-17 -5.5511151231257827021e-17 -5.5511151231257827021e-17 -5.5511151231257827021e-17 -5.5511151231257827021e-17
-9999 -9999 -9999 -9999 -9999 -9999 -9999 -9999 -9999 -9999 -9999 -9999 -9999 5.5511151231257827021e-17 5.5511151231257827021e-17 5.5511151231257827021e-17 5.5511151231257827021e-17 5.5511151231257827021e-17 5.5511151231257827021e-17 -5.5511151231257827021e-17 1.8544887847582458562e-12 2.7755575615628913511e-16 1.6653345369377348106e-16 2.2204460492503130808e-16 1.6653345369377348106e-16 5.5511151231257827021e-17 5.5511151231257827021e-17 5.5511151231257827021e-17 5.5511151231257827021e-17 5.5511151231257827021e-17 5.5511151231257827021e-17 5.5511151231257827021e-17 5.5511151231257827021e-17 5.5511151231257827021e-17 5.5511151231257827021e-17 5.5511151231257827021e-17 -5.5511151231257827021e-17 -5.5511151231257827021e-17
-9999 -9999 -9999 -9999 -9999 -9999 -9999 -9999 -9999 -9999 -9999 -9999 -9999 -9999 5.5511151231257827021e-17 5.5511151231257827021e-17 5.5511151231257827021e-17 5.5511151231257827021e-17 -5.5511151231257827021e-17 7.4065753530305755703e-13 1.6653345369377348106e-16 5.5511151231257827021e-17 5.5511151231257827021e-17 1.1102230246251565404e-16 5.5511151231257827021e-17 5.5511151231257827021e-17 5.5511151231257827021e-17 5.5511151231257827021e-17 5.5511151231257827021e-17 5.5511151231257827021e-17 5.5511151231257827021e-17 5.5511151231257827021e-17 5.5511151231257827021e-17 5.5511151231257827021e-17 5.5511151231257827021e-17 5.5511151231257827021e-17 5.5511151231257827021e-17 5.5511151231257827021e-17
-9999 -9999 -9999 -9999 -9999 -9999 -9999 -9999 -9999 -9999 -9999 -9999 -9999 -9999 -9999 -9999 5.5511151231257827021e-17 -5.5511151231257827021e-17 2.6793289809035059079e-12 1.0607903444537214455e-12 4.9960036108132044319e-16 1.6653345369377348106e-16 1.1102230246251565404e-16 5.5511151231257827021e-17 5.5511151231257827021e-17 5.5511151231257827021e-17 5.5511151231257827021e-17 5.5511151231257827021e-17 5.5511151231257827021e-17 5.5511151231257827021e-17 5.5511151231257827021e-17 5.5511151231257827021e-17 5.5511151231257827021e-17 5.5511151231257827021e-17 5.5511151231257827021e-17 5.5511151231257827021e-17 5.5511151231257827021e-17 5.5511151231257827021e-17
-9999 -9999 -9999 -9999 -9999 -9999 -9999 -9999 -9999 -9999 -9999 -9999 -9999 -9999 -9999 -9999 -9999 -5.5511151231257827021e-17 -4.0128733669320126864e-12 2.2204460492503130808e-16 1.1102230246251565404e-16 5.5511151231257827021e-17 5.5511151231257827021e-17 5.5511151231257827021e-17 5.5511151231257827021e-17 5.5511151231257827021e-17 5.5511151231257827021e-17 5.5511151231257827021e-17 5.5511151231257827021e-17 5.5511151231257827021e-17 5.5511151231257827021e-17 5.5511151231257827021e-17 5.5511151231257827021e-17 5.5511151231257827021e-17 5.5511151231257827021e-17 5.5511151231257827021e-17 5.5511151231257827021e-17 5.5511151231257827021e-17
-9999 -9999 -9999 -9999 -9999 -9999 -9999 -9999 -9999 -9999 -9999 -9999 -9999 -9999 -9999 -9999 -9999 -1.3317597025164218394e-11 3.8857805861880478915e-16 5.5511151231257827021e-17 5.5511151231257827021e-17 5.5511151231257827021e-17 5.5511151231257827021e-17 5.5511151231257827021e-17 5.5511151231257827021e-17 5.5511151231257827021e-17 5.5511151231257827021e-17 5.5511151231257827021e-17 5.5511151231257827021e-17 5.5511151231257827021e-17 5.5511151231257827021e-17 5.5511151231257827021e-17 5.5511151231257827021e-17 5.5511151231257827021e-17 5.5511151231257827021e-17 5.5511151231257827021e-17 5.5511151231257827021e-17 5.5511151231257827021e-17
-9999 -9999 -9999 -9999 -9999 -9999 -9999 -9999 -9999 -9999 -9999 -9999 -9999 -9999 -9999 -9999 -7.2440664578010682817e-12 -3.8857805861880478915e-16 -5.5511151231257827021e-17 -5.5511151231257827021e-17 5.5511151231257827021e-17 5.5511151231257827021e-17 5.5511151231257827021e-17 5.5511151231257827021e-17 5.5511151231257827021e-17 5.5511151231257827021e-17 5.5511151231257827021e-17 5.5511151231257827021e-17 5.5511151231257827021e-17 5.5511151231257827021e-17 5.5511151231257827021e-17 5.5511151231257827021e-17 5.5511151231257827021e-17 5.5511151231257827021e-17 5.5511151231257827021e-17 5.5511151231257827021e-17 5.5511151231257827021e-17 5.5511151231257827021e-17
-9999 -9999 -9999 -9999 -9999 -9999 -9999 -9999 -9999 -9999 -9999 -9999 -9999 -9999 -9999 -1.3199635828797795511e-11 1.2351425437984175915e-11 1.1102230246251565404e-16 -1.1102230246251565404e-16 -5.5511151231257827021e-17 -5.5511151231257827021e-17 5.5511151231257827021e-17 5.5511151231257827021e-17 5.5511151231257827021e-17 5.5511151231257827021e-17 5.5511151231257827021e-17 5.5511151231257827021e-17 5.5511151231257827021e-17 -5.5511151231257827021e-17 -5.5511151231257827021e-17 5.5511151231257827021e-17 5.5511151231257827021e-17 5.5511151231257827021e-17 5.5511151231257827021e-17 5.5511151231257827021e-17 5.5511151231257827021e-17 5.5511151231257827021e-17 5.5511151231257827021e-17
-9999 -9999 -9999 -9999 -9999 -9999 -9999 -9999 -9999 -9999 -9999 -9999 -9999 -9999 -9999 9.6328778287357863519e-12 0 -5.5511151231257827021e-17 -5.5511151231257827021e-17 -5.5511151231257827021e-17 -5.5511151231257827021e-17 -5.5511151231257827021e-17 -5.5511151231257827021e-17 5.5511151231257827021e-17 -5.5511151231257827021e-17 -5.5511151231257827021e-17 -5.5511151231257827021e-17 -5.5511151231257827021e-17 -5.5511151231257827021e-17 -5.5511151231257827021e-17 -5.5511151231257827021e-17 -5.5511151231257827021e-17 -5.5511151231257827021e-17 -5.5511151231257827021e-17 -5.5511151231257827021e-17 -5.5511151231257827021e-17 -5.5511151231257827021e-17 -5.5511151231257827021e-17
