tests/data/reference/gistest/full/control/massbalance.asc
ncols        125
nrows        78
xllcorner    -713756.799299980048
yllcorner    -1061032.369616159936
cellsize     10.000000000000
NODATA_value  -9999
[rows 51 to 67 of 78, columns 38 to 75 of 125]
3.541611448554249364e-14 6.9944050551384862047e-15 -1.4321877017664519371e-14 -2.142730437526552123e-14 -4.9849013805669528665e-14 -7.1165295878472534241e-14 -8.5376150593674537959e-14 -3.5638159090467524948e-14 -1.0669243266647754353e-13 5.6732396558345499216e-14 -1.0669243266647754353e-13 -2.142730437526552123e-14 -2.498001805406602216e-14 3.3639757646142243175e-14 1.6653345369377348106e-15 1.4199752484955752152e-13 -2.8532731732866523089e-14 4.2521541843143495498e-14 -2.8532731732866523089e-14 -8.5376150593674537959e-14 2.8310687127941491781e-14 -6.2538862977135067922e-13 2.1205259770340489922e-14 4.2521541843143495498e-14 -1.635358515272855584e-13 1.7041923427996152896e-13 -2.8532731732866523089e-14 6.9944050551384862047e-15 -9.2481577951275539817e-14 1.4099832412739488063e-14 2.8310687127941491781e-14 -1.990629883152905677e-13 1.7041923427996152896e-13 -8.5376150593674537959e-14 -1.7064127888488656026e-13 5.6832316630561763304e-13 -2.2748469774569457513e-13 -3.1274982603690659744e-13
-4.9849013805669528665e-14 -2.8532731732866523089e-14 -3.5638159090467524948e-14 3.541611448554249364e-14 7.0943251273547502933e-14 -1.1102230246251565404e-16 -2.8532731732866523089e-14 -2.142730437526552123e-14 -1.2800871473928054911e-13 3.541611448554249364e-14 -5.4400928206632670481e-15 3.4416913763379852753e-15 -1.9650947535865270765e-14 -1.7874590696465020301e-14 2.8410607200157755869e-13 -1.1102230246251565404e-16 -7.82707232360735361e-14 -4.5519144009631418157e-15 -4.9849013805669528665e-14 2.9831692671677956241e-13 1.9884094371036553639e-13 -7.1165295878472534241e-14 -1.4321877017664519371e-14 -7.2164496600635175128e-15 -7.1165295878472534241e-14 -1.1102230246251565404e-16 -5.6954441163270530524e-14 3.541611448554249364e-14 2.8310687127941491781e-14 1.4099832412739488063e-14 -1.4321877017664519371e-14 -6.3282712403633922804e-15 -1.8873791418627661187e-15 -7.2164496600635175128e-15 1.7652546091539988993e-14 -1.0769163338864018442e-14 -2.498001805406602216e-14 -1.4321877017664519371e-14
5.6732396558345499216e-14 -2.142730437526552123e-14 -4.2743586448068526806e-14 -2.8532731732866523089e-14 -3.5638159090467524948e-14 2.1205259770340489922e-14 3.541611448554249364e-14 7.8048678631148504792e-14 -1.1102230246251565404e-16 -6.3282712403633922804e-15 -9.8809849191638932098e-15 -9.8809849191638932098e-15 -3.6637359812630165834e-15 -7.3907546749296670896e-13 -6.4059868520871532382e-14 7.0943251273547502933e-14 -9.2481577951275539817e-14 7.0943251273547502933e-14 -7.1165295878472534241e-14 -9.9587005308876541676e-14 -5.6954441163270530524e-14 -2.8532731732866523089e-14 -7.2164496600635175128e-15 -5.6954441163270530524e-14 9.9364960703951510368e-14 1.4199752484955752152e-13 -4.2743586448068526806e-14 -7.1165295878472534241e-14 -8.5376150593674537959e-14 1.1357581541915351409e-13 7.0943251273547502933e-14 -2.2748469774569457513e-13 2.8410607200157755869e-13 -1.1379786002407854539e-13 2.8310687127941491781e-14 2.8310687127941491781e-14 -8.5376150593674537959e-14 6.2516658516642564791e-13
2.1205259770340489922e-14 -2.142730437526552123e-14 3.4416913763379852753e-15 2.4757973449140990851e-14 -2.8532731732866523089e-14 -7.2164496600635175128e-15 -2.142730437526552123e-14 1.7652546091539988993e-14 -3.9190872769268025877e-14 2.8310687127941491781e-14 2.1205259770340489922e-14 -1.7064127888488656026e-13 1.1357581541915351409e-13 1.4099832412739488063e-14 -2.142730437526552123e-14 1.4099832412739488063e-14 1.0647038806155251223e-13 -8.5376150593674537959e-14 -1.1102230246251565404e-16 4.2521541843143495498e-14 6.0285110237146000145e-14 -1.1102230246251565404e-16 1.633138069223605271e-13 -6.4059868520871532382e-14 1.4099832412739488063e-14 -4.2743586448068526806e-14 -9.9587005308876541676e-14 1.1357581541915351409e-13 1.4099832412739488063e-14 -1.7064127888488656026e-13 4.2521541843143495498e-14 2.2726265314076954382e-13 -1.1379786002407854539e-13 -9.9587005308876541676e-14 7.0943251273547502933e-14 2.8310687127941491781e-14 2.8310687127941491781e-14 -7.2164496600635175128e-15
-3.6637359812630165834e-15 -4.9849013805669528665e-14 -1.4321877017664519371e-14 1.4099832412739488063e-14 -1.1102230246251565404e-16 3.8968828164342994569e-14 -3.2085445411667024018e-14 3.4416913763379852753e-15 2.8310687127941491781e-14 -4.9849013805669528665e-14 -1.4321877017664519371e-14 -7.82707232360735361e-14 -2.8532731732866523089e-14 -7.2164496600635175128e-15 4.9626969200744497357e-14 -9.9587005308876541676e-14 1.4099832412739488063e-14 -8.5376150593674537959e-14 4.6074255521943996428e-14 -2.8532731732866523089e-14 6.9944050551384862047e-15 -1.2800871473928054911e-13 6.9944050551384862047e-15 -2.142730437526552123e-14 -1.8873791418627661187e-15 -1.4321877017664519371e-14 -4.5485837318892663461e-13 9.9364960703951510368e-14 1.9884094371036553639e-13 4.546363285840016033e-13 1.1357581541915351409e-13 -3.9801495432811861974e-13 3.4094949086238557356e-13 -2.8432811660650259e-13 -1.1379786002407854539e-13 9.6622709833127373713e-13 -7.9591888635377472383e-13 2.8410607200157755869e-13
3.541611448554249364e-14 -7.2164496600635175128e-15 -2.8532731732866523089e-14 -4.2743586448068526806e-14 -1.4321877017664519371e-14 -3.6637359812630165834e-15 -1.1102230246251565404e-16 -3.5638159090467524948e-14 -3.6637359812630165834e-15 -1.1102230246251565404e-16 6.3837823915946501074e-14 2.8310687127941491781e-14 3.4416913763379852753e-15 -7.1165295878472534241e-14 2.8310687127941491781e-14 -2.8532731732866523089e-14 -8.5376150593674537959e-14 -4.2743586448068526806e-14 -2.142730437526552123e-14 -3.6637359812630165834e-15 -2.142730437526552123e-14 6.9944050551384862047e-15 -5.6954441163270530524e-14 -3.5638159090467524948e-14 -4.9849013805669528665e-14 -4.2743586448068526806e-14 4.2521541843143495498e-14 1.4199752484955752152e-13 9.9364960703951510368e-14 -7.2164496600635175128e-15 -9.9587005308876541676e-14 -1.1379786002407854539e-13 2.8310687127941491781e-14 4.2521541843143495498e-14 2.8310687127941491781e-14 1.4099832412739488063e-14 -2.8532731732866523089e-14 -7.1165295878472534241e-14
-7.2164496600635175128e-15 -1.1102230246251565404e-16 3.4416913763379852753e-15 -2.8532731732866523089e-14 -1.6098233857064769836e-14 -2.3203661214665771695e-14 1.0547118733938987134e-14 -3.2085445411667024018e-14 -3.2085445411667024018e-14 6.9944050551384862047e-15 -7.2164496600635175128e-15 -2.8532731732866523089e-14 -7.2164496600635175128e-15 1.4099832412739488063e-14 -1.7874590696465020301e-14 9.9364960703951510368e-14 -1.4321877017664519371e-14 -1.8873791418627661187e-15 1.7652546091539988993e-14 6.9944050551384862047e-15 -1.4321877017664519371e-14 4.2521541843143495498e-14 1.0547118733938987134e-14 -5.6954441163270530524e-14 -3.6637359812630165834e-15 -2.498001805406602216e-14 -2.498001805406602216e-14 1.1357581541915351409e-13 3.541611448554249364e-14 1.4099832412739488063e-14 1.4199752484955752152e-13 -1.5643042416968455655e-13 -5.4012350148013865692e-13 2.5568436257117355126e-13 1.1357581541915351409e-13 -5.1170179204973464948e-13 3.9779290972319358843e-13 -2.2748469774569457513e-13
6.9944050551384862047e-15 1.0547118733938987134e-14 6.9944050551384862047e-15 -8.9928064994637679774e-15 1.6653345369377348106e-15 3.186340080674199271e-14 3.4416913763379852753e-15 -1.7874590696465020301e-14 -3.5638159090467524948e-14 -1.0769163338864018442e-14 1.4099832412739488063e-14 1.2323475573339237599e-14 -4.9849013805669528665e-14 2.4757973449140990851e-14 6.9944050551384862047e-15 5.21804821573823574e-15 -8.9928064994637679774e-15 -2.498001805406602216e-14 -2.142730437526552123e-14 -1.1102230246251565404e-16 -2.8532731732866523089e-14 -1.0769163338864018442e-14 1.7652546091539988993e-14 3.541611448554249364e-14 -4.9849013805669528665e-14 2.1205259770340489922e-14 -1.4321877017664519371e-14 -3.5638159090467524948e-14 -7.4718009557273035171e-14 1.277866701343555178e-13 2.1205259770340489922e-14 2.8310687127941491781e-14 3.9779290972319358843e-13 4.9626969200744497357e-14 -1.4321877017664519371e-14 4.2521541843143495498e-14 1.8463008899516353267e-13 -2.4169555246089657885e-13
-1.8873791418627661187e-15 -3.6637359812630165834e-15 -2.7755575615628913511e-15 -4.5519144009631418157e-15 -3.6637359812630165834e-15 -1.6098233857064769836e-14 1.5876189252139738528e-14 -7.2164496600635175128e-15 -3.6637359812630165834e-15 -1.2545520178264268907e-14 -1.4321877017664519371e-14 1.7652546091539988993e-14 -1.9650947535865270765e-14 -2.8532731732866523089e-14 -7.2164496600635175128e-15 -9.9920072216264088638e-16 -5.4400928206632670481e-15 1.0547118733938987134e-14 1.0547118733938987134e-14 9.2259533346350508509e-14 3.4416913763379852753e-15 -3.9190872769268025877e-14 -6.4059868520871532382e-14 1.4099832412739488063e-14 -3.5638159090467524948e-14 -2.2748469774569457513e-13 -1.1102230246251565404e-16 4.2521541843143495498e-14 -7.1165295878472534241e-14 -3.2085445411667024018e-14 2.8310687127941491781e-14 -2.8432811660650259e-13 -3.5638159090467524948e-14 7.8048678631148504792e-14 1.4099832412739488063e-14 1.4099832412739488063e-14 1.4099832412739488063e-14 -5.6954441163270530524e-14
-1.0769163338864018442e-14 -1.6986412276764895068e-14 1.0547118733938987134e-14 -1.0769163338864018442e-14 2.553512956637860043e-15 -1.0769163338864018442e-14 1.4099832412739488063e-14 -3.6637359812630165834e-15 -3.6637359812630165834e-15 -9.9920072216264088638e-16 6.9944050551384862047e-15 -1.2545520178264268907e-14 4.9626969200744497357e-14 7.771561172376095783e-16 2.553512956637860043e-15 -8.9928064994637679774e-15 2.8310687127941491781e-14 -8.9928064994637679774e-15 -8.5376150593674537959e-14 -3.0309088572266773554e-14 3.4416913763379852753e-15 3.0087043967341742245e-14 3.4416913763379852753e-15 -1.2545520178264268907e-14 1.7041923427996152896e-13 6.9944050551384862047e-15 3.4416913763379852753e-15 -5.6954441163270530524e-14 1.7652546091539988993e-14 1.4099832412739488063e-14 -1.4321877017664519371e-14 -1.0769163338864018442e-14 -1.0769163338864018442e-14 -3.2085445411667024018e-14 -2.8532731732866523089e-14 -7.2164496600635175128e-15 -1.0769163338864018442e-14 -3.6637359812630165834e-15
-3.6637359812630165834e-15 1.6653345369377348106e-15 8.7707618945387366693e-15 -2.8532731732866523089e-14 -7.2164496600635175128e-15 -1.4321877017664519371e-14 -8.1046280797636427451e-15 1.0547118733938987134e-14 -4.2743586448068526806e-14 -1.1102230246251565404e-16 -9.9920072216264088638e-16 4.9626969200744497357e-14 -2.7755575615628913511e-15 -1.2545520178264268907e-14 -1.7874590696465020301e-14 -1.1102230246251565404e-16 -2.7755575615628913511e-15 4.9626969200744497357e-14 1.2323475573339237599e-14 -7.2164496600635175128e-15 -1.2545520178264268907e-14 -5.4400928206632670481e-15 6.9944050551384862047e-15 1.4099832412739488063e-14 -3.3861802251067274483e-14 1.7652546091539988993e-14 -1.4321877017664519371e-14 -3.5638159090467524948e-14 -3.2085445411667024018e-14 2.8310687127941491781e-14 3.8968828164342994569e-14 1.7652546091539988993e-14 3.186340080674199271e-14 3.4416913763379852753e-15 -7.2164496600635175128e-15 -1.8873791418627661187e-15 -8.9928064994637679774e-15 -6.3282712403633922804e-15
-9999 -3.6637359812630165834e-15 -3.6637359812630165834e-15 -2.498001805406602216e-14 1.7652546091539988993e-14 -4.9849013805669528665e-14 3.8968828164342994569e-14 -7.2164496600635175128e-15 1.4099832412739488063e-14 3.541611448554249364e-14 -1.4932499681208355469e-13 -5.4400928206632670481e-15 6.9944050551384862047e-15 -1.7874590696465020301e-14 -1.4321877017664519371e-14 1.4099832412739488063e-14 -4.2743586448068526806e-14 -1.4321877017664519371e-14 -3.6637359812630165834e-15 -9.9920072216264088638e-16 -1.2545520178264268907e-14 -1.8873791418627661187e-15 -8.5376150593674537959e-14 6.9944050551384862047e-15 -2.6756374893466272624e-14 1.4099832412739488063e-14 1.0547118733938987134e-14 -2.142730437526552123e-14 1.4099832412739488063e-14 -2.142730437526552123e-14 -2.8532731732866523089e-14 -3.5638159090467524948e-14 -2.3203661214665771695e-14 -1.8873791418627661187e-15 -7.2164496600635175128e-15 -3.5638159090467524948e-14 1.7652546091539988993e-14 2.8310687127941491781e-14
-9999 -9999 -9999 -9999 7.771561172376095783e-16 -4.5519144009631418157e-15 -8.1046280797636427451e-15 -3.6637359812630165834e-15 6.9944050551384862047e-15 -7.2164496600635175128e-15 2.1205259770340489922e-14 -3.5638159090467524948e-14 -3.5638159090467524948e-14 4.9626969200744497357e-14 -7.1165295878472534241e-14 2.8310687127941491781e-14 6.9944050551384862047e-15 4.9626969200744497357e-14 -8.5376150593674537959e-14 2.8310687127941491781e-14 5.6732396558345499216e-14 -8.5376150593674537959e-14 -7.2164496600635175128e-15 -9.8809849191638932098e-15 -2.142730437526552123e-14 -3.6637359812630165834e-15 -1.1102230246251565404e-16 -8.5376150593674537959e-14 -5.4400928206632670481e-15 -3.5638159090467524948e-14 6.9944050551384862047e-15 -5.4400928206632670481e-15 -3.6637359812630165834e-15 1.6653345369377348106e-15 -7.2164496600635175128e-15 1.0547118733938987134e-14 -2.498001805406602216e-14 -1.7874590696465020301e-14
-9999 -9999 -9999 -9999 -9999 -9999 -9999 -1.1657341758564143674e-14 5.21804821573823574e-15 -1.6098233857064769836e-14 -7.2164496600635175128e-15 -9.8809849191638932098e-15 6.9944050551384862047e-15 3.4416913763379852753e-15 -1.7874590696465020301e-14 -2.8532731732866523089e-14 4.2521541843143495498e-14 -4.9849013805669528665e-14 -3.5638159090467524948e-14 5.6732396558345499216e-14 -5.6954441163270530524e-14 -1.4321877017664519371e-14 4.9626969200744497357e-14 -2.142730437526552123e-14 -9.9920072216264088638e-16 -2.7755575615628913511e-15 1.2068124277675451594e-13 -1.0769163338864018442e-14 3.4416913763379852753e-15 -3.6637359812630165834e-15 -9.9920072216264088638e-16 -1.0769163338864018442e-14 1.5876189252139738528e-14 -2.8532731732866523089e-14 -7.2164496600635175128e-15 -3.6637359812630165834e-15 -7.2164496600635175128e-15 3.541611448554249364e-14
-9999 -9999 -9999 -9999 -9999 -9999 -9999 -9999 -9999 -9999 -9999 -9999 -9999 -1.8873791418627661187e-15 -1.4321877017664519371e-14 5.21804821573823574e-15 3.4416913763379852753e-15 -5.6954441163270530524e-14 1.4099832412739488063e-14 4.2521541843143495498e-14 -6.4059868520871532382e-14 -7.2164496600635175128e-15 6.9944050551384862047e-15 -8.5376150593674537959e-14 6.3837823915946501074e-14 -2.8532731732866523089e-14 -1.1102230246251565404e-16 -9.8809849191638932098e-15 -9.8809849191638932098e-15 -2.7755575615628913511e-15 -3.6637359812630165834e-15 -2.142730437526552123e-14 -1.0769163338864018442e-14 2.4757973449140990851e-14 -3.2085445411667024018e-14 6.9944050551384862047e-15 -2.142730437526552123e-14 -2.8532731732866523089e-14
-9999 -9999 -9999 -9999 -9999 -9999 -9999 -9999 -9999 -9999 -9999 -9999 -9999 -9999 -6.3282712403633922804e-15 -8.9928064994637679774e-15 1.4099832412739488063e-14 -2.8532731732866523089e-14 1.4099832412739488063e-14 -4.2743586448068526806e-14 4.6074255521943996428e-14 4.2521541843143495498e-14 -1.2090328738167954725e-13 7.8048678631148504792e-14 -5.6954441163270530524e-14 1.4099832412739488063e-14 -2.8532731732866523089e-14 7.0943251273547502933e-14 -5.6954441163270530524e-14 -1.4321877017664519371e-14 2.8310687127941491781e-14 7.0943251273547502933e-14 -1.5643042416968455655e-13 -1.1379786002407854539e-13 1.4199752484955752152e-13 -1.1102230246251565404e-16 1.4099832412739488063e-14 -6.3282712403633922804e-15
-9999 -9999 -9999 -9999 -9999 -9999 -9999 -9999 -9999 -9999 -9999 -9999 -9999 -9999 -9999 -9999 -9999 -9999 -9999 -9999 -9999 -9999 -8.9928064994637679774e-15 -1.8873791418627661187e-15 -6.3282712403633922804e-15 -9.9920072216264088638e-16 -8.1046280797636427451e-15 -7.2164496600635175128e-15 1.9428902930940239457e-14 -5.3401727484470029594e-14 -1.4321877017664519371e-14 3.8968828164342994569e-14 6.9944050551384862047e-15 -4.2743586448068526806e-14 -2.8532731732866523089e-14 4.9626969200744497357e-14 4.9626969200744497357e-14 -1.4221956945448255283e-13
