tests/data/reference/gistest/full/control/massbalance.asc
ncols        125
nrows        78
xllcorner    -713756.799299980048
yllcorner    -1061032.369616159936
cellsize     10.000000000000
NODATA_value  -9999
[rows 34 to 50 of 78, columns 0 to 38 of 125]
-9999 -9999 -9999 -9999 -9999 -9999 -9999 -9999 -9999 -9999 -9999 -9999 -9999 -9999 -8.0995488094259826539e-11 4.6851411639181606006e-14 2.1316282072803005576e-14 7.8159700933611020446e-14 -1.7137153918156400323e-09 -2.1316282072803005576e-14 -1.7763568394002504647e-14 -6.3948846218409016728e-14 -2.8421709430404007435e-14 9.2370555648813024163e-14 4.9737991503207013011e-14 -8.5265128291212022305e-14 -1.7053025658242404461e-13 -5.684341886080801487e-14 -3.2936782190517988056e-09 2.1316282072803005576e-13 -3.5527136788005009294e-14 -2.4868995751603506505e-14 2.8421709430404007435e-14 3.5527136788005009294e-14 1.9895196601282805204e-13 2.664535259100375697e-15 5.329070518200751394e-15 -3.5527136788005009294e-14 -3.1974423109204508364e-14
-9999 -9999 -9999 -9999 -9999 -9999 -9999 -9999 -9999 -9999 -9999 -9999 -9999 1.0811074258043618102e-11 2.2607621330550387029e-10 1.0658141036401502788e-14 -9.2370555648813024163e-14 -2.4872974790923763067e-09 1.7763568394002504647e-14 7.1054273576010018587e-15 1.7763568394002504647e-14 1.4210854715202003717e-14 -5.684341886080801487e-14 -7.8159700933611020446e-14 1.7053025658242404461e-13 -4.2632564145606011152e-14 -5.684341886080801487e-14 -9.2501295512192882597e-10 -8.5265128291212022305e-14 -2.8421709430404007435e-14 1.0658141036401502788e-14 1.7763568394002504647e-14 -7.1054273576010018587e-15 4.2632564145606011152e-14 -1.4210854715202003717e-14 2.664535259100375697e-15 -1.7763568394002504647e-14 1.4210854715202003717e-14 4.2632564145606011152e-14
-9999 -9999 -9999 -9999 -9999 -9999 -9999 -9999 -9999 -9999 -9999 -9999 -9999 -3.6696701233296380451e-11 -1.7763568394002504647e-14 1.4210854715202003717e-14 -3.6409630865819053724e-09 0 4.6185277824406512082e-14 4.2632564145606011152e-14 -4.2632564145606011152e-14 2.8421709430404007435e-14 8.1712414612411521375e-14 -1.2789769243681803346e-13 1.2789769243681803346e-13 0 -3.1693048185843508691e-10 2.8421709430404007435e-14 2.1316282072803005576e-14 2.1316282072803005576e-14 -2.8421709430404007435e-14 2.1316282072803005576e-14 1.4210854715202003717e-14 8.8817841970012523234e-15 1.7763568394002504647e-15 1.4210854715202003717e-14 1.4210854715202003717e-14 5.329070518200751394e-15 7.1054273576010018587e-15
-9999 -9999 -9999 -9999 -9999 -9999 -9999 -9999 -9999 -9999 -9999 -9999 1.0314255005638983675e-10 1.1435297153639112366e-14 1.0658141036401502788e-14 1.2469172361306846142e-09 1.5987211554602254182e-14 -1.7763568394002504647e-15 -3.1974423109204508364e-14 2.4868995751603506505e-14 4.2632564145606011152e-14 -6.3948846218409016728e-14 -1.4210854715202003717e-14 -1.0658141036401502788e-13 1.7053025658242404461e-13 7.8139805737009737641e-10 8.5265128291212022305e-14 -1.4210854715202003717e-14 -5.329070518200751394e-15 7.1054273576010018587e-15 6.7501559897209517658e-14 -3.5527136788005009294e-14 2.8421709430404007435e-14 1.0658141036401502788e-14 2.4868995751603506505e-14 0 8.8817841970012523234e-15 8.8817841970012523234e-15 4.6185277824406512082e-14
-9999 -9999 -9999 -9999 -9999 -9999 -9999 -9999 -9999 -9999 -9999 -1.1561845925101010835e-10 1.4418083393863412311e-10 -1.0658141036401502788e-14 3.0722731025889515877e-09 4.4408920985006261617e-15 3.5527136788005009294e-15 3.5527136788005009294e-14 0 -1.0658141036401502788e-13 3.9079850466805510223e-14 1.4210854715202003717e-13 7.8159700933611020446e-14 5.684341886080801487e-14 -9.6750341072038281709e-10 -5.684341886080801487e-14 3.1974423109204508364e-14 1.4210854715202003717e-14 0 -1.4210854715202003717e-14 -7.1054273576010018587e-15 1.7763568394002504647e-14 -1.0658141036401502788e-14 -1.4210854715202003717e-14 1.9539925233402755111e-14 2.664535259100375697e-15 1.6875389974302379414e-14 3.5527136788005009294e-15 3.5527136788005009294e-15
-9999 -9999 -9999 -9999 -9999 -9999 -9999 -9999 -9999 -9999 -9999 1.1134310140548109302e-10 -1.1102230246251565404e-16 1.2190071174700278789e-09 1.0658141036401502788e-14 -1.7763568394002504647e-15 -1.7763568394002504647e-14 1.0658141036401502788e-14 7.8159700933611020446e-14 -5.329070518200751394e-15 -1.4210854715202003717e-14 -5.684341886080801487e-14 -4.2632564145606011152e-14 4.9010395741788670421e-10 -9.9475983006414026022e-14 -2.8421709430404007435e-14 -4.4408920985006261617e-15 1.5987211554602254182e-14 -3.5527136788005009294e-14 3.9079850466805510223e-14 5.329070518200751394e-15 2.1316282072803005576e-14 1.0658141036401502788e-14 7.9936057773011270911e-15 4.4408920985006261617e-15 7.1054273576010018587e-15 -8.8817841970012523234e-15 8.8817841970012523234e-15 -2.3092638912203256041e-14
-9999 -9999 -9999 -9999 -9999 -9999 -9999 -9999 -9999 -9999 -5.2544468776005714972e-11 2.19824158875780995e-14 3.2429225971242203741e-11 -7.1054273576010018587e-15 4.4408920985006261617e-15 1.7763568394002504647e-14 0 1.0658141036401502788e-14 7.1054273576010018587e-15 -2.2737367544323205948e-13 0 -7.1054273576010018587e-14 -2.17880824493477121e-10 5.684341886080801487e-14 3.01980662698042579e-14 7.9936057773011270911e-15 8.8817841970012523234e-15 4.2632564145606011152e-14 5.329070518200751394e-15 1.2434497875801753253e-14 -1.7763568394002504647e-15 8.8817841970012523234e-15 7.1054273576010018587e-15 8.8817841970012523234e-15 5.329070518200751394e-15 1.0658141036401502788e-14 -1.7763568394002504647e-14 1.4210854715202003717e-14 -2.1316282072803005576e-14
-9999 -9999 -9999 -9999 -9999 -9999 -9999 -9999 -9999 -9999 -2.9345248453438443903e-11 -9.1262108981027267873e-10 -1.7763568394002504647e-14 2.3092638912203256041e-14 8.8817841970012523234e-15 2.1316282072803005576e-14 -4.2632564145606011152e-14 1.7763568394002504647e-15 1.8474111129762604833e-13 1.4210854715202003717e-14 -4.2632564145606011152e-14 3.9671022022957913578e-10 7.8159700933611020446e-14 0 -3.5527136788005009294e-15 1.7763568394002504647e-14 -2.664535259100375697e-14 0 7.1054273576010018587e-15 4.4408920985006261617e-15 2.664535259100375697e-15 3.5527136788005009294e-15 1.0658141036401502788e-14 2.4868995751603506505e-14 -1.7763568394002504647e-14 2.8421709430404007435e-14 -3.5527136788005009294e-15 0 6.2172489379008766264e-15
-9999 -9999 -9999 -9999 -9999 -9999 -9999 -9999 -9999 -4.5564274575582430771e-11 1.4765966227514581988e-14 3.7800873542437329888e-12 1.7763568394002504647e-14 5.329070518200751394e-15 1.7763568394002504647e-15 1.0658141036401502788e-14 -1.4210854715202003717e-14 5.684341886080801487e-14 0 4.9737991503207013011e-14 2.1925927740085171536e-10 -7.1054273576010018587e-15 2.3092638912203256041e-14 -5.329070518200751394e-15 7.1054273576010018587e-15 -3.1974423109204508364e-14 -2.2737367544323205948e-13 8.5265128291212022305e-14 5.684341886080801487e-14 -5.3603343985741958022e-11 7.7534423326142132282e-11 1.0618350643198937178e-10 -9.1699803306255489588e-10 -8.5606188804376870394e-11 -1.093155788112198934e-09 -1.6482886167068500072e-09 1.0121539162355475128e-09 3.291233952040784061e-10 -3.257127900724299252e-10
-9999 -9999 -9999 -9999 -9999 -9999 -9999 -9999 -3.243078028347667896e-11 -5.0243198490562690495e-11 -5.4683368944097310305e-11 2.664535259100375697e-14 2.1316282072803005576e-14 7.1054273576010018587e-15 7.1054273576010018587e-15 -6.0396132539608515799e-14 -3.5527136788005009294e-15 -1.4210854715202003717e-14 -2.8421709430404007435e-14 1.2391865311656147242e-11 -6.3948846218409016728e-14 4.4408920985006261617e-15 -3.5527136788005009294e-15 1.5987211554602254182e-14 5.684341886080801487e-14 -4.8316906031686812639e-13 -3.5527136788005009294e-15 2.4868995751603506505e-14 -1.4210854715202003717e-14 -7.1054273576010018587e-15 0 2.4868995751603506505e-14 2.8421709430404007435e-14 -9.9475983006414026022e-14 4.2632564145606011152e-14 -1.4210854715202003717e-14 5.684341886080801487e-14 2.1316282072803005576e-14 7.8159700933611020446e-14
-9999 -9999 -9999 -9999 -9999 -9999 -9999 -9999 -8.2148343683030589091e-11 -1.7763568394002504647e-15 8.5265128291212022305e-14 7.9936057773011270911e-15 3.5527136788005009294e-15 5.329070518200751394e-15 4.6185277824406512082e-14 3.1974423109204508364e-14 -1.4210854715202003717e-14 4.9737991503207013011e-14 1.4210854715202003717e-14 7.4606987254810519516e-14 5.684341886080801487e-14 -1.5631940186722204089e-13 -3.1263880373444408178e-13 -1.9895196601282805204e-13 1.4210854715202003717e-14 3.1974423109204508364e-14 8.8817841970012523234e-15 7.1054273576010018587e-15 -1.7763568394002504647e-15 1.4210854715202003717e-14 1.7763568394002504647e-14 -3.5527136788005009294e-14 6.0396132539608515799e-14 -2.8421709430404007435e-14 1.4210854715202003717e-14 -2.1316282072803005576e-14 2.8421709430404007435e-14 2.0244215193088166416e-09 2.2735093807568773627e-09
-9999 -9999 -9999 -9999 -9999 -9999 -9999 -9999 2.664535259100375697e-15 -5.684341886080801487e-14 3.5527136788005009294e-15 9.7699626167013775557e-15 1.0658141036401502788e-14 0 -3.5527136788005009294e-15 6.0396132539608515799e-14 -4.9737991503207013011e-14 1.4210854715202003717e-14 -4.2632564145606011152e-14 0 -2.8421709430404007435e-14 -1.4210854715202003717e-14 9.2370555648813024163e-14 1.5987211554602254182e-14 -1.2434497875801753253e-14 3.5527136788005009294e-15 -4.4408920985006261617e-15 1.0658141036401502788e-14 1.7763568394002504647e-15 1.0658141036401502788e-14 3.5527136788005009294e-15 3.5527136788005009294e-15 7.1054273576010018587e-15 2.1316282072803005576e-14 -2.7921487344428896904e-10 -1.4746319720870815217e-09 -2.9718876248807646334e-09 -2.8421709430404007435e-14 -4.2632564145606011152e-14
-9999 -9999 -9999 -9999 -9999 -9999 -9999 2.6007807019112760827e-11 -2.415845301584340632e-13 5.329070518200751394e-15 1.7763568394002504647e-14 6.2172489379008766264e-15 1.0658141036401502788e-14 3.1974423109204508364e-14 -2.4868995751603506505e-14 2.8421709430404007435e-14 8.5265128291212022305e-14 3.5527136788005009294e-14 -2.8421709430404007435e-14 1.1368683772161602974e-13 -7.1054273576010018587e-15 -5.684341886080801487e-14 7.1054273576010018587e-15 1.0658141036401502788e-14 1.7763568394002504647e-14 8.8817841970012523234e-15 1.0658141036401502788e-14 7.1054273576010018587e-15 -3.9079850466805510223e-14 7.1054273576010018587e-15 -2.1316282072803005576e-14 2.8421709430404007435e-14 -8.884057933755684644e-10 4.3394265958340838552e-10 -1.2789769243681803346e-13 -1.4921397450962103903e-13 -1.4210854715202003717e-14 9.2370555648813024163e-14 9.2370555648813024163e-14
-9999 -9999 -9999 -9999 -9999 -9999 -9999 -6.7378214119173662766e-10 1.4210854715202003717e-14 1.2434497875801753253e-14 -1.0658141036401502788e-14 8.8817841970012523234e-16 -1.9539925233402755111e-14 -7.1054273576010018587e-15 1.7763568394002504647e-14 4.2632564145606011152e-14 -3.1974423109204508364e-14 -7.1054273576010018587e-15 1.4210854715202003717e-14 1.7763568394002504647e-14 2.1316282072803005576e-14 7.1054273576010018587e-15 7.1054273576010018587e-15 5.329070518200751394e-15 1.0658141036401502788e-14 1.0658141036401502788e-14 -2.4868995751603506505e-14 1.7763568394002504647e-14 4.5474735088646411896e-13 5.1159076974727213383e-13 1.0231815394945442677e-12 4.4934722609468735754e-10 1.207922650792170316e-13 7.8159700933611020446e-14 7.1054273576010018587e-14 -3.5527136788005009294e-14 -7.8159700933611020446e-14 -1.4921397450962103903e-13 -1.0658141036401502788e-13
-9999 -9999 -9999 -9999 -9999 -9999 1.1451301018539083998e-10 -5.684341886080801487e-14 -7.1054273576010018587e-14 4.4408920985006261617e-15 8.8817841970012523234e-15 1.9539925233402755111e-14 8.8817841970012523234e-15 -4.2632564145606011152e-14 -7.1054273576010018587e-14 5.329070518200751394e-14 4.2632564145606011152e-14 -3.9079850466805510223e-14 -4.2632564145606011152e-14 2.8421709430404007435e-14 2.8421709430404007435e-14 1.4210854715202003717e-13 -8.5265128291212022305e-14 -2.2737367544323205948e-13 2.5579538487363606691e-13 1.1368683772161602974e-13 -2.2737367544323205948e-13 3.4106051316484808922e-13 2.1316282072803005576e-14 4.9737991503207013011e-14 1.4210854715202003717e-13 7.1054273576010018587e-15 -3.5527136788005009294e-14 -2.1316282072803005576e-14 5.684341886080801487e-14 -4.9737991503207013011e-14 8.5265128291212022305e-14 9.9475983006414026022e-14 7.8159700933611020446e-14
-9999 -9999 -9999 -9999 -9999 -2.2022278445277265746e-10 -1.7097434579227410723e-14 0 -2.8421709430404007435e-14 1.0658141036401502788e-14 3.5527136788005009294e-15 3.5527136788005009294e-15 -3.5527136788005009294e-15 8.5265128291212022305e-14 -2.1316282072803005576e-14 -1.2434497875801753253e-14 0 1.0658141036401502788e-14 -3.9079850466805510223e-14 -2.1316282072803005576e-14 -1.4210854715202003717e-14 -3.5527136788005009294e-15 4.2632564145606011152e-14 -2.1316282072803005576e-14 1.0658141036401502788e-14 -1.7763568394002504647e-14 5.329070518200751394e-14 1.7763568394002504647e-14 0 -8.5265128291212022305e-14 7.1054273576010018587e-15 2.1316282072803005576e-14 -4.2632564145606011152e-14 2.1316282072803005576e-14 -1.4210854715202003717e-14 1.4210854715202003717e-14 7.1054273576010018587e-15 -9.2370555648813024163e-14 -7.1054273576010018587e-14
-9999 -9999 -9999 -9999 -9999 -2.2506513319697774023e-10 3.1974423109204508364e-14 7.1054273576010018587e-15 3.5527136788005009294e-15 -1.4210854715202003717e-14 7.1054273576010018587e-15 4.2632564145606011152e-14 -7.1054273576010018587e-14 7.1054273576010018587e-15 -7.1054273576010018587e-15 1.4210854715202003717e-14 2.4868995751603506505e-14 3.5527136788005009294e-14 3.9079850466805510223e-14 3.5527136788005009294e-14 1.7763568394002504647e-14 -1.4210854715202003717e-14 -4.9737991503207013011e-14 -5.329070518200751394e-15 2.4868995751603506505e-14 -7.1054273576010018587e-15 -2.1316282072803005576e-14 4.6185277824406512082e-14 4.6185277824406512082e-14 -6.3948846218409016728e-14 -2.4868995751603506505e-14 4.2632564145606011152e-14 2.1316282072803005576e-14 9.9475983006414026022e-14 0 -1.4210854715202003717e-14 4.9737991503207013011e-14 0 5.684341886080801487e-14
