tests/data/reference/gistest/full/control/massbalance.asc
ncols        125
nrows        78
xllcorner    -713756.799299980048
yllcorner    -1061032.369616159936
cellsize     10.000000000000
NODATA_value  -9999
[rows 34 to 50 of 78, columns 38 to 75 of 125]
-1.1102230246251565404e-16 -8.5376150593674537959e-14 -7.1165295878472534241e-14 -4.9849013805669528665e-14 -3.2085445411667024018e-14 -7.2164496600635175128e-15 -8.8928864272475038888e-14 -1.0769163338864018442e-14 -1.0769163338864018442e-14 -1.4321877017664519371e-14 -2.142730437526552123e-14 -3.5638159090467524948e-14 -4.9849013805669528665e-14 9.2259533346350508509e-14 -3.6885467125102877617e-08 -3.8499820220749825239e-08 3.5978700907435268164e-08 2.1205259770340489922e-14 -3.5638159090467524948e-14 -7.2164496600635175128e-15 1.4099832412739488063e-14 -5.4400928206632670481e-15 -6.0507154842071031453e-14 -3.6637359812630165834e-15 -6.0507154842071031453e-14 -4.2743586448068526806e-14 -5.6954441163270530524e-14 4.2521541843143495498e-14 -3.2696068075210860115e-13 -1.7064127888488656026e-13 -1.2800871473928054911e-13 -3.5538239018251260859e-13 -3.5538239018251260859e-13 -1.1102230246251565404e-16 -2.3646973268398596701e-11 -2.4169555246089657885e-13 1.4199752484955752152e-13 -3.5638159090467524948e-14
-2.142730437526552123e-14 -5.6954441163270530524e-14 -4.2743586448068526806e-14 -7.4718009557273035171e-14 -1.7874590696465020301e-14 4.6074255521943996428e-14 -1.4321877017664519371e-14 -2.8532731732866523089e-14 -1.4321877017664519371e-14 -3.9190872769268025877e-14 -2.8532731732866523089e-14 -2.498001805406602216e-14 -4.6296300126869027736e-14 6.9944050551384862047e-15 1.4099832412739488063e-14 1.4099832412739488063e-14 1.4099832412739488063e-14 -1.1558768164832144976e-08 -7.82707232360735361e-14 -4.9849013805669528665e-14 -8.5376150593674537959e-14 -1.3511414209688155097e-13 -2.8532731732866523089e-14 1.4099832412739488063e-14 -6.4059868520871532382e-14 -2.8532731732866523089e-14 -7.1165295878472534241e-14 -2.4169555246089657885e-13 -8.5376150593674537959e-14 1.8463008899516353267e-13 -2.5590640717609858257e-13 2.1305179842556754011e-13 -1.1102230246251565404e-16 2.1305179842556754011e-13 -2.7011726189130058629e-13 -1.618900680178114726e-09 -1.2800871473928054911e-13 1.4199752484955752152e-13
-1.2545520178264268907e-14 -3.9190872769268025877e-14 -7.2164496600635175128e-15 -6.2283511681471281918e-14 -6.4059868520871532382e-14 -2.498001805406602216e-14 -2.142730437526552123e-14 -4.6296300126869027736e-14 -3.9190872769268025877e-14 -7.2164496600635175128e-15 -2.8532731732866523089e-14 -2.498001805406602216e-14 -5.6954441163270530524e-14 -6.2283511681471281918e-14 -4.6296300126869027736e-14 -3.2973623831367149251e-14 -3.7414515929867775412e-14 6.9944050551384862047e-15 4.2094143282156437635e-08 -2.6600901037454605103e-08 3.5162884159944951534e-08 -5.6795215641614049673e-08 7.0943251273547502933e-14 -6.7612582199672033312e-14 1.0647038806155251223e-13 -2.142730437526552123e-14 1.7652546091539988993e-14 7.0943251273547502933e-14 1.5620837956475952524e-13 -4.2643666375852262718e-13 1.277866701343555178e-13 -2.8532731732866523089e-14 1.277866701343555178e-13 1.4099832412739488063e-14 -2.4169555246089657885e-13 -1.8762769116165145533e-14 -6.1095317693826700634e-10 -2.8532731732866523089e-14
3.4416913763379852753e-15 -4.9849013805669528665e-14 -1.4321877017664519371e-14 -3.0309088572266773554e-14 -4.0967229608668276342e-14 -3.5638159090467524948e-14 -2.498001805406602216e-14 -2.0539125955565395998e-14 -3.3861802251067274483e-14 -3.0309088572266773554e-14 -2.498001805406602216e-14 -6.4059868520871532382e-14 -1.7874590696465020301e-14 -1.4321877017664519371e-14 -1.9650947535865270765e-14 -2.498001805406602216e-14 -2.142730437526552123e-14 -6.0507154842071031453e-14 1.0547118733938987134e-14 -3.5638159090467524948e-14 -5.6954441163270530524e-14 -5.6954441163270530524e-14 -1.4805664250161498785e-08 -4.816683940589427948e-09 -2.6641828299034386873e-08 2.5247572921216487885e-09 -1.2939381122123450041e-08 -6.1838363762944936752e-08 -1.0001076589105650783e-07 -6.7198925535194575787e-08 -2.093474904540926218e-08 -2.9880538932047784328e-08 -1.2800871473928054911e-13 -3.2696068075210860115e-13 -4.4064751847372463089e-13 3.9779290972319358843e-13 -3.3861802251067274483e-14 3.0959199648350477219e-09
-2.3203661214665771695e-14 -3.4749980670767399715e-14 -2.142730437526552123e-14 -3.0309088572266773554e-14 -1.9650947535865270765e-14 -8.9928064994637679774e-15 -2.498001805406602216e-14 -1.4321877017664519371e-14 -5.3401727484470029594e-14 -4.2743586448068526806e-14 6.9944050551384862047e-15 -2.498001805406602216e-14 -2.4091839634365896927e-14 -3.2085445411667024018e-14 -3.1197266991966898786e-14 -3.0309088572266773554e-14 3.4416913763379852753e-15 -6.7612582199672033312e-14 1.0921212378889322281e-08 1.6843841876834630966e-08 1.2831605999963358045e-08 -4.7903085942380130291e-09 5.5933813136732624116e-11 2.1773303160443902016e-09 -3.9181031752377748489e-09 2.1676896722055971622e-08 -2.1199412003625184298e-08 1.3604221749119460583e-08 -1.0703843145165592432e-08 -1.0718395060393959284e-08 3.1067429517861455679e-08 1.7075763025786727667e-08 2.6391717256046831608e-08 -7.6568539952859282494e-08 2.2726265314076954382e-13 7.0943251273547502933e-14 -3.4117153546731060487e-13 -9.5497054708459927497e-11
-6.2283511681471281918e-14 8.7707618945387366693e-15 -4.6296300126869027736e-14 -3.5638159090467524948e-14 -2.8532731732866523089e-14 -1.7874590696465020301e-14 -2.8532731732866523089e-14 -2.498001805406602216e-14 -6.4059868520871532382e-14 -7.4718009557273035171e-14 7.8048678631148504792e-14 -8.5376150593674537959e-14 6.9944050551384862047e-15 -1.4321877017664519371e-14 -2.142730437526552123e-14 -1.7774670624248756212e-13 -6.6847871682540471738e-10 -5.8885234466288238764e-09 -3.1274982603690659744e-13 -9.9587005308876541676e-14 8.515410598874950665e-14 -4.2743586448068526806e-14 -1.990629883152905677e-13 1.4099832412739488063e-14 -1.5643042416968455655e-13 -2.8532731732866523089e-14 2.8310687127941491781e-14 -1.1102230246251565404e-16 -7.82707232360735361e-14 1.4099832412739488063e-14 -2.142730437526552123e-14 -2.8432811660650259e-13 5.6832316630561763304e-13 1.4199752484955752152e-13 -1.0407347872387617826e-07 -9.1458787210285663605e-09 -3.1375748221762478352e-08 9.1305992100387811661e-08
-1.1102230246251565404e-16 -2.7644553313166397857e-14 -1.7874590696465020301e-14 -3.5638159090467524948e-14 -1.2545520178264268907e-14 -2.498001805406602216e-14 -9.2481577951275539817e-14 2.4757973449140990851e-14 -7.82707232360735361e-14 -2.8532731732866523089e-14 -2.142730437526552123e-14 2.1205259770340489922e-14 -8.5376150593674537959e-14 4.9626969200744497357e-14 -1.1379786002407854539e-13 2.286014932906255126e-09 -8.5376150593674537959e-14 2.4147350785597154754e-13 5.6732396558345499216e-14 -1.4221956945448255283e-13 -1.1379786002407854539e-13 -1.4321877017664519371e-14 6.9944050551384862047e-15 -7.1165295878472534241e-14 -1.2090328738167954725e-13 1.1357581541915351409e-13 -6.4059868520871532382e-14 -8.5376150593674537959e-14 -3.5638159090467524948e-14 6.9944050551384862047e-15 -2.142730437526552123e-14 -7.82707232360735361e-14 -2.0647803466999903321e-09 -1.8555966763145192999e-09 -3.8362486520782113075e-09 6.5900849222089163959e-09 -1.1529141197286207898e-08 -3.2462139643030241132e-09
-3.0309088572266773554e-14 -7.2164496600635175128e-15 -3.5638159090467524948e-14 -2.8532731732866523089e-14 -3.2085445411667024018e-14 -1.2090328738167954725e-13 -3.5638159090467524948e-14 5.6732396558345499216e-14 -5.6954441163270530524e-14 1.1357581541915351409e-13 -7.82707232360735361e-14 6.9944050551384862047e-15 -1.2800871473928054911e-13 -3.9590304368175566196e-09 -6.2727849581278860569e-09 -1.1102230246251565404e-16 -1.2800871473928054911e-13 -1.1379786002407854539e-13 1.8463008899516353267e-13 -8.5376150593674537959e-14 8.515410598874950665e-14 -1.7064127888488656026e-13 2.1205259770340489922e-14 2.2726265314076954382e-13 -1.2800871473928054911e-13 -1.1102230246251565404e-16 -1.1102230246251565404e-16 -4.2743586448068526806e-14 -6.4059868520871532382e-14 -3.5638159090467524948e-14 -6.4059868520871532382e-14 7.5260575549407349172e-11 5.6732396558345499216e-14 5.6732396558345499216e-14 -7.82707232360735361e-14 -4.9849013805669528665e-14 -1.2800871473928054911e-13 -4.8594461787843101774e-13
-2.6089992388733662665e-09 -7.996733275561496157e-10 6.0936133916555945689e-10 -3.3327296478091739118e-09 -1.4526336800102512825e-09 1.022499307445912109e-09 -1.1274893241264294375e-09 6.3881202549964655191e-09 -4.6494506023009307683e-09 3.9415795072272885591e-09 -3.2648586056893691421e-09 2.1810251382703427225e-09 5.3180428949417546391e-09 -1.4321877017664519371e-14 -8.5376150593674537959e-14 8.515410598874950665e-14 -2.8532731732866523089e-14 -8.5376150593674537959e-14 7.0943251273547502933e-14 -7.1165295878472534241e-14 1.4199752484955752152e-13 -4.2743586448068526806e-14 -5.6954441163270530524e-14 -4.9849013805669528665e-14 -8.5376150593674537959e-14 6.9944050551384862047e-15 -4.2743586448068526806e-14 -6.4059868520871532382e-14 1.4099832412739488063e-14 -7.82707232360735361e-14 -2.7967073101820005832e-11 2.2726265314076954382e-13 1.4099832412739488063e-14 2.1205259770340489922e-14 -9.2481577951275539817e-14 -1.1102230246251565404e-16 -1.2800871473928054911e-13 -5.6954441163270530524e-14
-1.2800871473928054911e-13 1.5620837956475952524e-13 -1.1379786002407854539e-13 2.8310687127941491781e-14 -1.5643042416968455655e-13 -8.5376150593674537959e-14 8.515410598874950665e-14 1.277866701343555178e-13 -1.2800871473928054911e-13 1.4099832412739488063e-14 -2.7011726189130058629e-13 1.2911186786368489265e-08 -1.1379786002407854539e-13 -1.1102230246251565404e-16 -4.2743586448068526806e-14 1.8463008899516353267e-13 -9.9587005308876541676e-14 -2.2748469774569457513e-13 1.4099832412739488063e-14 -1.5643042416968455655e-13 -1.1379786002407854539e-13 -1.8485213360008856398e-13 6.9944050551384862047e-15 6.9944050551384862047e-15 -1.1102230246251565404e-16 2.4757973449140990851e-14 -1.1102230246251565404e-16 -4.2743586448068526806e-14 1.4099832412739488063e-14 -1.4298394690470672685e-09 -7.1165295878472534241e-14 -7.1165295878472534241e-14 -2.8532731732866523089e-14 3.8968828164342994569e-14 -4.2743586448068526806e-14 2.4757973449140990851e-14 -2.142730437526552123e-14 6.9944050551384862047e-15
-1.3563977718789033133e-09 -2.9592683858936652541e-09 1.9243771021137945354e-09 -1.3443469670804120142e-09 -3.5079210647381842136e-09 -4.5895376388216391206e-09 5.0777089199982583523e-09 -1.3460522696462362546e-09 -4.5406534088243688529e-10 1.718262754302202211e-09 -6.8516783358063548803e-09 7.0943251273547502933e-14 1.4199752484955752152e-13 5.6732396558345499216e-14 -2.4169555246089657885e-13 -7.1165295878472534241e-14 1.8463008899516353267e-13 -1.7064127888488656026e-13 3.541611448554249364e-14 7.0943251273547502933e-14 2.8310687127941491781e-14 -1.1102230246251565404e-16 -2.8532731732866523089e-14 -2.8532731732866523089e-14 -3.2085445411667024018e-14 -6.4059868520871532382e-14 2.8310687127941491781e-14 -1.1735057370287904632e-13 6.0253912970154033246e-11 -2.1327384303049257142e-13 -9.9587005308876541676e-14 -7.4718009557273035171e-14 -1.4321877017664519371e-14 4.2521541843143495498e-14 -1.0769163338864018442e-14 -8.1823436914874037029e-14 -8.5376150593674537959e-14 1.4099832412739488063e-14
-1.1379786002407854539e-13 -1.4221956945448255283e-13 -7.1165295878472534241e-14 9.9364960703951510368e-14 5.6732396558345499216e-14 -1.3511414209688155097e-13 -2.8532731732866523089e-14 -8.5376150593674537959e-14 2.2726265314076954382e-13 -1.7064127888488656026e-13 5.6732396558345499216e-14 -4.2743586448068526806e-14 -1.7064127888488656026e-13 2.6989521728637555498e-13 5.6732396558345499216e-14 -9.9587005308876541676e-14 -2.8532731732866523089e-14 -5.6954441163270530524e-14 -7.1165295878472534241e-14 -3.5638159090467524948e-14 -2.142730437526552123e-14 -4.6296300126869027736e-14 -4.2743586448068526806e-14 -4.6296300126869027736e-14 -7.2164496600635175128e-15 -1.2800871473928054911e-13 3.8968828164342994569e-14 1.4556461591652691823e-09 -5.6954441163270530524e-14 8.870681966755000758e-14 -3.2085445411667024018e-14 -4.9849013805669528665e-14 -4.9849013805669528665e-14 -4.9849013805669528665e-14 1.4099832412739488063e-14 -7.2164496600635175128e-15 -6.0507154842071031453e-14 -2.142730437526552123e-14
-3.5638159090467524948e-14 -1.1102230246251565404e-16 -1.2090328738167954725e-13 -2.5590640717609858257e-13 3.541611448554249364e-14 -4.2743586448068526806e-14 -6.4059868520871532382e-14 -7.2164496600635175128e-15 1.4199752484955752152e-13 -1.9195756095768956584e-13 -1.990629883152905677e-13 2.1205259770340489922e-14 -2.5590640717609858257e-13 -1.990629883152905677e-13 7.0943251273547502933e-14 9.2259533346350508509e-14 -2.142730437526552123e-14 -1.4321877017664519371e-14 -1.1102230246251565404e-16 -2.8532731732866523089e-14 -3.7414515929867775412e-14 -4.80726569662692782e-14 -3.0309088572266773554e-14 -6.0507154842071031453e-14 7.8048678631148504792e-14 -1.7874590696465020301e-14 5.6411397775235627705e-10 1.5620837956475952524e-13 -8.8928864272475038888e-14 -4.2743586448068526806e-14 -3.9190872769268025877e-14 -6.7612582199672033312e-14 -3.2085445411667024018e-14 -4.0967229608668276342e-14 -3.7414515929867775412e-14 -1.9650947535865270765e-14 -2.3203661214665771695e-14 -4.4519943287468777271e-14
4.2521541843143495498e-14 2.1205259770340489922e-14 2.1305179842556754011e-13 -4.2743586448068526806e-14 8.515410598874950665e-14 -9.9587005308876541676e-14 -4.2743586448068526806e-14 -1.635358515272855584e-13 9.2259533346350508509e-14 -1.4321877017664519371e-14 -1.9195756095768956584e-13 -1.1379786002407854539e-13 5.6732396558345499216e-14 -3.5638159090467524948e-14 -9.2481577951275539817e-14 -2.8532731732866523089e-14 -7.2164496600635175128e-15 -6.4059868520871532382e-14 -5.6954441163270530524e-14 -1.9650947535865270765e-14 -1.9650947535865270765e-14 -3.5638159090467524948e-14 -5.4400928206632670481e-15 -1.2800871473928054911e-13 -4.6296300126869027736e-14 -2.8762781045799101776e-10 -9.9587005308876541676e-14 -1.7874590696465020301e-14 -1.8873791418627661187e-15 -2.142730437526552123e-14 -2.142730437526552123e-14 -2.142730437526552123e-14 -1.4321877017664519371e-14 -2.6756374893466272624e-14 -4.4519943287468777271e-14 -3.3861802251067274483e-14 -2.498001805406602216e-14 -8.9928064994637679774e-15
-8.5376150593674537959e-14 -4.9849013805669528665e-14 -4.2743586448068526806e-14 -1.2800871473928054911e-13 1.0647038806155251223e-13 -5.6954441163270530524e-14 -1.1379786002407854539e-13 -7.82707232360735361e-14 1.0647038806155251223e-13 1.5620837956475952524e-13 1.7041923427996152896e-13 1.1357581541915351409e-13 -8.5376150593674537959e-14 -4.2743586448068526806e-14 4.9626969200744497357e-14 3.4416913763379852753e-15 -2.8532731732866523089e-14 -4.6296300126869027736e-14 -3.2973623831367149251e-14 -2.9420910152566648321e-14 -2.8532731732866523089e-14 -2.5868196473766147392e-14 3.8968828164342994569e-14 -4.2743586448068526806e-14 -1.1016265677454839533e-10 -1.0669243266647754353e-13 -2.8532731732866523089e-14 -3.0309088572266773554e-14 -2.3203661214665771695e-14 -5.3401727484470029594e-14 -1.9650947535865270765e-14 -2.7644553313166397857e-14 -3.0309088572266773554e-14 -2.2315482794965646463e-14 -1.5210055437364644604e-14 -2.9420910152566648321e-14 -3.5638159090467524948e-14 -3.5638159090467524948e-14
-1.3511414209688155097e-13 -1.2800871473928054911e-13 5.6732396558345499216e-14 -3.5638159090467524948e-14 6.9944050551384862047e-15 9.9364960703951510368e-14 -1.1379786002407854539e-13 -6.4059868520871532382e-14 -7.82707232360735361e-14 -8.5376150593674537959e-14 -1.990629883152905677e-13 -1.8485213360008856398e-13 -8.5376150593674537959e-14 -8.8928864272475038888e-14 -4.9849013805669528665e-14 -1.0769163338864018442e-14 1.4099832412739488063e-14 -3.8302694349567900645e-14 -5.4400928206632670481e-15 -7.82707232360735361e-14 -1.4321877017664519371e-14 -2.498001805406602216e-14 -2.0539125955565395998e-14 9.0938367947046572226e-13 1.3489209749195651966e-13 -2.4091839634365896927e-14 -2.4091839634365896927e-14 -2.3203661214665771695e-14 -2.498001805406602216e-14 -1.9650947535865270765e-14 -4.2743586448068526806e-14 -3.6637359812630165834e-15 -5.3401727484470029594e-14 6.9944050551384862047e-15 -8.1823436914874037029e-14 4.2521541843143495498e-14 -1.2090328738167954725e-13 -3.4749980670767399715e-14
6.3837823915946501074e-14 -3.5638159090467524948e-14 -1.4321877017664519371e-14 -7.1165295878472534241e-14 -2.8532731732866523089e-14 1.1357581541915351409e-13 -1.4321877017664519371e-14 -4.9849013805669528665e-14 -1.635358515272855584e-13 4.9626969200744497357e-14 1.7752466163756253081e-13 1.0647038806155251223e-13 -2.498001805406602216e-14 -2.8532731732866523089e-14 -3.2085445411667024018e-14 -6.4059868520871532382e-14 -7.1065375806256270153e-13 -1.1102230246251565404e-16 7.9569684174884969252e-13 -6.5381033920175468666e-13 4.546363285840016033e-13 -5.1170179204973464948e-13 -4.5485837318892663461e-13 -8.5376150593674537959e-14 -2.142730437526552123e-14 -3.2085445411667024018e-14 -1.9650947535865270765e-14 -6.4059868520871532382e-14 -7.1165295878472534241e-14 -1.0769163338864018442e-14 3.541611448554249364e-14 -3.5638159090467524948e-14 -2.8532731732866523089e-14 1.2068124277675451594e-13 -1.4221956945448255283e-13 -2.8532731732866523089e-14 -7.2164496600635175128e-15 -1.4221956945448255283e-13
