tests/data/reference/gistest/full/control/massbalance.asc
ncols        125
nrows        78
xllcorner    -713756.799299980048
yllcorner    -1061032.369616159936
cellsize     10.000000000000
NODATA_value  -9999
[rows 51 to 67 of 78, columns 39 to 77 of 125]
-3.5527136788005009294e-14 -1.4210854715202003717e-14 2.1316282072803005576e-14 -1.4210854715202003717e-14 5.684341886080801487e-14 -3.5527136788005009294e-14 7.1054273576010018587e-15 -5.684341886080801487e-14 1.4210854715202003717e-14 -6.3948846218409016728e-14 3.01980662698042579e-14 2.8421709430404007435e-14 -8.8817841970012523234e-15 -2.3092638912203256041e-14 2.2737367544323205948e-13 -9.9475983006414026022e-14 0 -9.9475983006414026022e-14 1.1368683772161602974e-13 4.2632564145606011152e-13 -6.2527760746888816357e-13 -2.8421709430404007435e-14 4.2632564145606011152e-14 -1.4210854715202003717e-14 -2.1316282072803005576e-14 -4.2632564145606011152e-14 7.1054273576010018587e-14 7.1054273576010018587e-14 -4.2632564145606011152e-14 -1.1368683772161602974e-13 3.6948222259525209665e-13 -1.4210854715202003717e-13 5.684341886080801487e-14 1.4210854715202003717e-13 -4.5474735088646411896e-13 1.7053025658242404461e-13 -4.2632564145606011152e-13 7.1054273576010018587e-13 9.9475983006414026022e-14
2.8421709430404007435e-14 9.9475983006414026022e-14 1.4210854715202003717e-14 -4.2632564145606011152e-14 3.5527136788005009294e-14 4.9737991503207013011e-14 0 4.2632564145606011152e-14 -2.1316282072803005576e-14 5.329070518200751394e-15 -5.329070518200751394e-15 1.2434497875801753253e-14 3.01980662698042579e-14 -1.7053025658242404461e-13 8.5265128291212022305e-14 1.4210854715202003717e-14 5.329070518200751394e-15 -1.1368683772161602974e-13 -1.1368683772161602974e-13 9.9475983006414026022e-14 4.2632564145606011152e-14 -7.1054273576010018587e-15 -1.207922650792170316e-13 1.4921397450962103903e-13 -7.1054273576010018587e-15 -1.8474111129762604833e-13 6.3948846218409016728e-14 8.5265128291212022305e-14 4.2632564145606011152e-14 -9.9475983006414026022e-14 -8.8817841970012523234e-16 8.8817841970012523234e-15 3.01980662698042579e-14 -2.8421709430404007435e-14 1.4210854715202003717e-14 -3.5527136788005009294e-14 6.3948846218409016728e-14 -7.8159700933611020446e-14 7.1054273576010018587e-15
-7.1054273576010018587e-15 1.7763568394002504647e-14 7.1054273576010018587e-15 0 0 1.4210854715202003717e-14 0 4.9737991503207013011e-14 9.7699626167013775557e-15 7.1054273576010018587e-15 1.0658141036401502788e-14 1.7763568394002504647e-15 -5.684341886080801487e-14 -2.1316282072803005576e-14 -4.2632564145606011152e-14 -1.0658141036401502788e-13 1.9184653865522705019e-13 -2.8421709430404007435e-14 -8.5265128291212022305e-14 -4.2632564145606011152e-14 4.2632564145606011152e-14 1.4921397450962103903e-13 6.3948846218409016728e-14 0 5.684341886080801487e-14 7.1054273576010018587e-14 -1.5631940186722204089e-13 7.1054273576010018587e-14 1.4210854715202003717e-14 9.9475983006414026022e-14 -4.2632564145606011152e-14 0 -1.7053025658242404461e-13 1.7053025658242404461e-13 2.8421709430404007435e-14 1.4210854715202003717e-13 -1.1368683772161602974e-13 0 -2.2737367544323205948e-13
-7.1054273576010018587e-15 -1.4210854715202003717e-14 -1.0658141036401502788e-14 -1.4210854715202003717e-14 -7.1054273576010018587e-15 2.1316282072803005576e-14 3.1974423109204508364e-14 6.3948846218409016728e-14 -2.1316282072803005576e-14 -2.1316282072803005576e-14 -1.4210854715202003717e-13 3.1263880373444408178e-13 0 -7.1054273576010018587e-15 2.8421709430404007435e-14 6.3948846218409016728e-14 1.2789769243681803346e-13 1.7053025658242404461e-13 0 -3.5527136788005009294e-15 -4.2632564145606011152e-14 -4.9737991503207013011e-14 -2.1316282072803005576e-14 -5.684341886080801487e-14 5.684341886080801487e-14 1.4210854715202003717e-14 5.684341886080801487e-14 -1.9895196601282805204e-13 8.5265128291212022305e-14 1.4210854715202003717e-14 -2.8421709430404007435e-14 9.9475983006414026022e-14 -4.2632564145606011152e-14 -4.2632564145606011152e-14 8.5265128291212022305e-14 -1.4210854715202003717e-14 7.1054273576010018587e-15 4.4408920985006261617e-15 0
6.3948846218409016728e-14 1.4210854715202003717e-14 2.1316282072803005576e-14 4.6185277824406512082e-14 -3.9079850466805510223e-14 3.5527136788005009294e-15 -3.5527136788005009294e-14 6.3948846218409016728e-14 3.5527136788005009294e-14 0 1.4210854715202003717e-14 7.1054273576010018587e-15 -2.4868995751603506505e-14 2.4868995751603506505e-14 8.5265128291212022305e-14 -2.1316282072803005576e-14 -1.4210854715202003717e-14 3.1974423109204508364e-14 1.4210854715202003717e-14 -2.1316282072803005576e-14 3.5527136788005009294e-14 2.1316282072803005576e-14 7.1054273576010018587e-15 8.8817841970012523234e-15 0 0 -1.4210854715202003717e-13 2.5579538487363606691e-13 -5.1159076974727213383e-13 5.684341886080801487e-13 6.8212102632969617844e-13 -1.0800249583553522825e-12 4.5474735088646411896e-13 -7.3896444519050419331e-13 5.684341886080801487e-13 -2.2737367544323205948e-13 0 1.1368683772161602974e-13 1.7053025658242404461e-13
-2.8421709430404007435e-14 7.1054273576010018587e-15 -3.9079850466805510223e-14 6.3948846218409016728e-14 -2.1316282072803005576e-14 2.1316282072803005576e-14 7.1054273576010018587e-15 1.7763568394002504647e-14 3.5527136788005009294e-15 -5.684341886080801487e-14 2.1316282072803005576e-14 7.8159700933611020446e-14 0 0 2.1316282072803005576e-14 4.2632564145606011152e-14 1.7763568394002504647e-14 1.0658141036401502788e-14 7.1054273576010018587e-15 -2.8421709430404007435e-14 -3.5527136788005009294e-15 4.2632564145606011152e-14 -4.9737991503207013011e-14 7.8159700933611020446e-14 -1.4210854715202003717e-14 -2.8421709430404007435e-14 -7.1054273576010018587e-15 -1.4210854715202003717e-14 7.1054273576010018587e-15 -9.9475983006414026022e-14 1.8474111129762604833e-13 7.1054273576010018587e-14 0 9.9475983006414026022e-14 -9.9475983006414026022e-14 -2.8421709430404007435e-14 -1.4210854715202003717e-14 -1.4210854715202003717e-14 2.5646151868841116084e-14
2.1316282072803005576e-14 1.4210854715202003717e-14 -4.9737991503207013011e-14 5.329070518200751394e-15 -5.329070518200751394e-15 -2.4868995751603506505e-14 2.4868995751603506505e-14 -7.1054273576010018587e-15 5.684341886080801487e-14 -7.1054273576010018587e-15 -2.1316282072803005576e-14 1.7763568394002504647e-14 -2.8421709430404007435e-14 6.3948846218409016728e-14 2.8421709430404007435e-14 -3.1974423109204508364e-14 -1.7763568394002504647e-15 -1.7763568394002504647e-14 1.4210854715202003717e-14 0 2.8421709430404007435e-14 2.4868995751603506505e-14 1.4210854715202003717e-14 -3.5527136788005009294e-14 3.9079850466805510223e-14 -5.329070518200751394e-14 5.684341886080801487e-14 7.1054273576010018587e-15 -7.1054273576010018587e-15 7.1054273576010018587e-14 2.8421709430404007435e-14 -2.5579538487363606691e-13 -3.1263880373444408178e-13 2.8421709430404007435e-14 -3.4106051316484808922e-13 7.9580786405131220818e-13 -7.3896444519050419331e-13 2.8421709430404007435e-13 -4.7793879964785901393e-11
2.1316282072803005576e-14 3.01980662698042579e-14 8.8817841970012523234e-15 1.2434497875801753253e-14 1.0658141036401502788e-14 1.7763568394002504647e-15 3.3750779948604758829e-14 -6.3948846218409016728e-14 1.4210854715202003717e-14 -7.1054273576010018587e-15 -1.0658141036401502788e-14 4.9737991503207013011e-14 -2.4868995751603506505e-14 -9.9475983006414026022e-14 1.4210854715202003717e-14 -5.329070518200751394e-15 1.4210854715202003717e-14 0 1.4210854715202003717e-14 7.8159700933611020446e-14 2.1316282072803005576e-14 -1.0658141036401502788e-14 3.9079850466805510223e-14 -2.1316282072803005576e-14 1.4210854715202003717e-14 -4.2632564145606011152e-14 4.9737991503207013011e-14 2.8421709430404007435e-14 -4.2632564145606011152e-14 1.4210854715202003717e-14 -7.1054273576010018587e-15 1.8474111129762604833e-13 -5.684341886080801487e-14 5.684341886080801487e-14 -1.8474111129762604833e-13 1.1368683772161602974e-13 2.8421709430404007435e-14 5.684341886080801487e-14 1.2512213487525514211e-13
-1.7763568394002504647e-15 1.0658141036401502788e-14 7.9936057773011270911e-15 7.1054273576010018587e-15 3.5527136788005009294e-15 0 2.8421709430404007435e-14 -1.7763568394002504647e-15 1.4210854715202003717e-14 8.8817841970012523234e-15 -1.4210854715202003717e-14 1.2434497875801753253e-14 7.8159700933611020446e-14 3.5527136788005009294e-15 9.7699626167013775557e-15 2.664535259100375697e-14 0 3.5527136788005009294e-15 -9.9475983006414026022e-14 3.5527136788005009294e-15 2.4868995751603506505e-14 -2.4868995751603506505e-14 1.4210854715202003717e-14 0 1.2789769243681803346e-13 -3.9079850466805510223e-14 0 -1.1368683772161602974e-13 -1.4210854715202003717e-14 3.5527136788005009294e-14 -1.1368683772161602974e-13 -2.1316282072803005576e-14 4.9737991503207013011e-14 7.1054273576010018587e-15 4.9737991503207013011e-14 -7.1054273576010018587e-14 7.1054273576010018587e-14 -1.1368683772161602974e-13 1.3933298959045714582e-13
7.1054273576010018587e-15 -1.7763568394002504647e-15 1.7763568394002504647e-14 -4.4408920985006261617e-15 1.7763568394002504647e-15 -3.5527136788005009294e-14 8.8817841970012523234e-16 8.8817841970012523234e-15 4.4408920985006261617e-15 -2.8421709430404007435e-14 5.329070518200751394e-15 -6.3948846218409016728e-14 8.8817841970012523234e-15 4.4408920985006261617e-15 -5.329070518200751394e-15 3.5527136788005009294e-14 7.1054273576010018587e-15 0 -1.2434497875801753253e-14 -1.0658141036401502788e-14 1.5987211554602254182e-14 1.7763568394002504647e-15 3.1974423109204508364e-14 -7.1054273576010018587e-14 2.4868995751603506505e-14 0 1.2789769243681803346e-13 -1.0658141036401502788e-14 -2.8421709430404007435e-14 -5.684341886080801487e-14 7.8159700933611020446e-14 -7.4606987254810519516e-14 -3.5527136788005009294e-14 -2.8421709430404007435e-14 2.664535259100375697e-15 7.9936057773011270911e-15 7.1054273576010018587e-15 3.5527136788005009294e-15 -6.4392935428259079345e-15
7.1054273576010018587e-15 2.3092638912203256041e-14 -7.1054273576010018587e-15 2.4868995751603506505e-14 -3.5527136788005009294e-15 8.8817841970012523234e-15 1.0658141036401502788e-14 0 2.4868995751603506505e-14 1.154631945610162802e-14 1.4210854715202003717e-14 -1.7763568394002504647e-15 0 1.9539925233402755111e-14 -3.5527136788005009294e-15 7.9936057773011270911e-15 4.9737991503207013011e-14 1.2434497875801753253e-14 8.8817841970012523234e-15 8.8817841970012523234e-15 5.329070518200751394e-15 -2.4868995751603506505e-14 -8.5265128291212022305e-14 -1.9539925233402755111e-14 1.0658141036401502788e-14 2.8421709430404007435e-14 1.7763568394002504647e-14 4.2632564145606011152e-14 -5.684341886080801487e-14 -2.1316282072803005576e-14 5.329070518200751394e-14 -1.0658141036401502788e-14 1.7763568394002504647e-14 8.8817841970012523234e-15 1.7763568394002504647e-15 1.7763568394002504647e-15 -2.664535259100375697e-15 7.1054273576010018587e-15 2.6443902623185522316e-11
5.329070518200751394e-15 8.8817841970012523234e-15 0 1.4210854715202003717e-14 -1.4210854715202003717e-14 4.2632564145606011152e-14 -1.4210854715202003717e-14 7.1054273576010018587e-15 -6.3948846218409016728e-14 6.3948846218409016728e-14 2.664535259100375697e-15 1.0658141036401502788e-14 2.664535259100375697e-14 -2.1316282072803005576e-14 1.7763568394002504647e-14 -5.329070518200751394e-14 6.2172489379008766264e-15 1.0658141036401502788e-14 0 9.7699626167013775557e-15 1.3322676295501878485e-14 1.2789769243681803346e-13 1.2434497875801753253e-14 0 -5.684341886080801487e-14 2.3092638912203256041e-14 1.5987211554602254182e-14 0 -1.0658141036401502788e-14 2.4868995751603506505e-14 4.2632564145606011152e-14 7.1054273576010018587e-15 2.664535259100375697e-15 3.5527136788005009294e-15 1.4210854715202003717e-14 1.7763568394002504647e-14 -1.4210854715202003717e-14 2.8421709430404007435e-14 -2.2069568395011174289e-12
-9999 -9999 -9999 5.329070518200751394e-15 3.5527136788005009294e-15 2.664535259100375697e-15 7.1054273576010018587e-15 -3.5527136788005009294e-15 4.6185277824406512082e-14 -3.9079850466805510223e-14 -7.1054273576010018587e-15 6.3948846218409016728e-14 1.4210854715202003717e-14 2.8421709430404007435e-14 -4.2632564145606011152e-14 6.3948846218409016728e-14 -1.3500311979441903532e-13 9.2370555648813024163e-14 -5.684341886080801487e-14 2.8421709430404007435e-14 -5.684341886080801487e-14 7.9936057773011270911e-15 2.664535259100375697e-15 7.1054273576010018587e-15 1.7763568394002504647e-15 0 4.2632564145606011152e-14 1.9539925233402755111e-14 -7.1054273576010018587e-15 1.7763568394002504647e-15 1.4210854715202003717e-14 1.7763568394002504647e-15 1.2434497875801753253e-14 -8.8817841970012523234e-15 0 4.9737991503207013011e-14 1.7763568394002504647e-14 -2.1316282072803005576e-14 -2.6720681223224573841e-11
-9999 -9999 -9999 -9999 -9999 -9999 9.7699626167013775557e-15 6.2172489379008766264e-15 -1.7763568394002504647e-15 8.8817841970012523234e-15 1.7763568394002504647e-15 8.8817841970012523234e-15 8.8817841970012523234e-15 6.0396132539608515799e-14 -7.4606987254810519516e-14 -1.0658141036401502788e-14 6.3948846218409016728e-14 0 -4.9737991503207013011e-14 8.5265128291212022305e-14 0 0 -4.9737991503207013011e-14 -6.2172489379008766264e-15 -1.7763568394002504647e-15 -6.3948846218409016728e-14 0 1.0658141036401502788e-14 1.5987211554602254182e-14 -8.8817841970012523234e-16 3.5527136788005009294e-15 5.329070518200751394e-15 -7.1054273576010018587e-15 2.4868995751603506505e-14 6.0396132539608515799e-14 -4.9737991503207013011e-14 3.5527136788005009294e-14 2.1316282072803005576e-14 -5.5291604628138202315e-11
-9999 -9999 -9999 -9999 -9999 -9999 -9999 -9999 -9999 -9999 -9999 -9999 1.7763568394002504647e-15 1.5987211554602254182e-14 -5.329070518200751394e-15 -3.5527136788005009294e-15 1.7763568394002504647e-14 -4.6185277824406512082e-14 7.1054273576010018587e-14 7.1054273576010018587e-15 5.684341886080801487e-14 -2.1316282072803005576e-14 -4.9737991503207013011e-14 4.2632564145606011152e-14 6.3948846218409016728e-14 6.2172489379008766264e-15 3.5527136788005009294e-15 -2.664535259100375697e-15 8.8817841970012523234e-16 1.2434497875801753253e-14 5.329070518200751394e-15 -1.7763568394002504647e-14 2.1316282072803005576e-14 0 -7.1054273576010018587e-15 4.9737991503207013011e-14 -5.684341886080801487e-14 -2.8421709430404007435e-14 4.4724390857453499848e-11
-9999 -9999 -9999 -9999 -9999 -9999 -9999 -9999 -9999 -9999 -9999 -9999 -9999 1.0658141036401502788e-14 9.7699626167013775557e-15 1.0658141036401502788e-14 -5.329070518200751394e-15 1.4210854715202003717e-14 3.5527136788005009294e-14 -1.7763568394002504647e-14 1.4210854715202003717e-14 0 -5.684341886080801487e-14 7.8159700933611020446e-14 -1.2789769243681803346e-13 -1.4210854715202003717e-14 9.9475983006414026022e-14 1.0658141036401502788e-13 -5.684341886080801487e-14 -7.1054273576010018587e-14 2.8421709430404007435e-14 1.1368683772161602974e-13 2.8421709430404007435e-14 -1.5631940186722204089e-13 -7.1054273576010018587e-14 1.2789769243681803346e-13 8.8817841970012523234e-15 4.4408920985006261617e-15 2.2710000546766195839e-11
-9999 -9999 -9999 -9999 -9999 -9999 -9999 -9999 -9999 -9999 -9999 -9999 -9999 -9999 -9999 -9999 -9999 -9999 -9999 -9999 -9999 7.1054273576010018587e-15 1.4210854715202003717e-14 1.7763568394002504647e-15 5.329070518200751394e-15 0 8.8817841970012523234e-15 1.7763568394002504647e-15 2.1316282072803005576e-14 -1.0658141036401502788e-14 3.5527136788005009294e-15 5.684341886080801487e-14 -2.1316282072803005576e-14 -1.4210854715202003717e-14 -7.1054273576010018587e-14 1.4210854715202003717e-14 0 4.2632564145606011152e-14 4.6851411639181606006e-14
