tests/data/reference/gistest/full/control/massbalance.asc
ncols        125
nrows        78
xllcorner    -713756.799299980048
yllcorner    -1061032.369616159936
cellsize     10.000000000000
NODATA_value  -9999
[rows 17 to 33 of 78, columns 39 to 77 of 125]
-7.1054273576010018587e-15 -1.4210854715202003717e-13 4.9737991503207013011e-14 7.1054273576010018587e-15 2.8421709430404007435e-14 7.1054273576010018587e-14 -3.5527136788005009294e-15 1.2434497875801753253e-14 1.4210854715202003717e-14 7.1054273576010018587e-15 4.4408920985006261617e-15 -3.5527136788005009294e-15 1.9539925233402755111e-14 -3.5527136788005009294e-14 2.8421709430404007435e-14 3.1974423109204508364e-14 -3.5527136788005009294e-15 -1.7763568394002504647e-15 4.4408920985006261617e-15 3.5527136788005009294e-15 1.0658141036401502788e-14 3.1974423109204508364e-14 7.1054273576010018587e-15 -5.329070518200751394e-14 6.2172489379008766264e-15 3.5527136788005009294e-15 8.8817841970012523234e-15 -8.5265128291212022305e-14 1.2434497875801753253e-14 1.7763568394002504647e-15 5.684341886080801487e-14 1.2434497875801753253e-14 3.01980662698042579e-14 1.7763568394002504647e-15 -8.9494278654456138611e-10 2.8421709430404007435e-14 1.0658141036401502788e-14 -1.0658141036401502788e-14 5.329070518200751394e-15
9.9475983006414026022e-14 5.684341886080801487e-14 8.5265128291212022305e-14 2.8421709430404007435e-14 7.1054273576010018587e-14 -8.5265128291212022305e-14 -4.9737991503207013011e-14 -3.5527136788005009294e-15 1.7763568394002504647e-14 -2.8421709430404007435e-14 1.7763568394002504647e-15 7.1054273576010018587e-15 7.1054273576010018587e-15 0 2.8421709430404007435e-14 -1.7763568394002504647e-14 -3.1974423109204508364e-14 -3.5527136788005009294e-15 7.1054273576010018587e-15 1.7763568394002504647e-15 1.3322676295501878485e-14 2.664535259100375697e-15 8.8817841970012523234e-15 1.0658141036401502788e-14 4.2632564145606011152e-14 1.2434497875801753253e-14 0 1.4210854715202003717e-14 7.8159700933611020446e-14 -8.8817841970012523234e-15 -1.7763568394002504647e-15 1.4210854715202003717e-14 -1.2434497875801753253e-14 2.4868995751603506505e-14 8.8817841970012523234e-15 -1.2764758139383047819e-09 6.3948846218409016728e-14 3.5527136788005009294e-15 5.329070518200751394e-15
4.2632564145606011152e-14 1.5631940186722204089e-13 -1.7763568394002504647e-13 2.1316282072803005576e-14 -1.4210854715202003717e-13 0 1.207922650792170316e-13 7.1054273576010018587e-15 -2.8421709430404007435e-14 -4.9737991503207013011e-14 1.5987211554602254182e-14 6.2172489379008766264e-15 -1.7763568394002504647e-15 3.5527136788005009294e-15 -4.9737991503207013011e-14 -2.8421709430404007435e-14 1.0658141036401502788e-14 2.4868995751603506505e-14 5.684341886080801487e-14 -3.5527136788005009294e-15 1.0658141036401502788e-14 -2.664535259100375697e-14 1.5987211554602254182e-14 -1.2434497875801753253e-14 -3.5527136788005009294e-15 -2.1316282072803005576e-14 -8.8817841970012523234e-15 -7.1054273576010018587e-15 -1.9539925233402755111e-14 -5.684341886080801487e-14 1.0658141036401502788e-14 -7.1054273576010018587e-14 2.1316282072803005576e-14 -1.7763568394002504647e-14 7.1054273576010018587e-15 -3.5527136788005009294e-15 9.6508756541879847646e-10 -1.4210854715202003717e-14 1.0658141036401502788e-14
-1.7053025658242404461e-13 -1.1368683772161602974e-13 1.7053025658242404461e-13 3.5527136788005009294e-14 -1.8474111129762604833e-13 5.684341886080801487e-14 -7.1054273576010018587e-14 3.9079850466805510223e-14 4.2632564145606011152e-14 3.5527136788005009294e-14 -2.4868995751603506505e-14 2.664535259100375697e-15 1.7763568394002504647e-15 2.1316282072803005576e-14 -1.0658141036401502788e-14 2.8421709430404007435e-14 -7.1054273576010018587e-15 1.4210854715202003717e-14 -1.7763568394002504647e-14 -3.9079850466805510223e-14 3.5527136788005009294e-15 -1.4210854715202003717e-14 2.3092638912203256041e-14 5.329070518200751394e-15 2.1316282072803005576e-14 1.7763568394002504647e-15 6.3948846218409016728e-14 7.1054273576010018587e-15 1.7763568394002504647e-14 3.5527136788005009294e-14 -1.4210854715202003717e-13 -9.9475983006414026022e-14 -1.7763568394002504647e-14 3.9079850466805510223e-14 1.4210854715202003717e-14 2.664535259100375697e-15 4.4408920985006261617e-15 -1.3823182598571293056e-09 9.9475983006414026022e-14
1.8474111129762604833e-13 -2.8421709430404007435e-14 1.4210854715202003717e-14 -7.8159700933611020446e-14 4.5474735088646411896e-13 3.5527136788005009294e-14 9.9475983006414026022e-14 -3.5527136788005009294e-14 -4.2632564145606011152e-14 3.5527136788005009294e-14 1.7763568394002504647e-14 1.0658141036401502788e-14 6.2172489379008766264e-15 2.1316282072803005576e-14 -2.1316282072803005576e-14 3.9079850466805510223e-14 2.1316282072803005576e-14 7.1054273576010018587e-15 -2.8421709430404007435e-14 3.5527136788005009294e-15 1.0658141036401502788e-13 1.4210854715202003717e-14 2.1316282072803005576e-14 1.7763568394002504647e-14 7.1054273576010018587e-15 3.5527136788005009294e-15 2.4868995751603506505e-14 -7.1054273576010018587e-15 7.1054273576010018587e-15 -1.0658141036401502788e-14 -2.7000623958883807063e-13 2.415845301584340632e-13 2.1316282072803005576e-14 -2.4868995751603506505e-14 7.1054273576010018587e-15 -5.329070518200751394e-15 5.329070518200751394e-15 8.8817841970012523234e-15 -2.8612703317776322365e-09
5.684341886080801487e-14 2.1316282072803005576e-13 -7.1054273576010018587e-14 1.207922650792170316e-13 -1.2789769243681803346e-13 -8.5265128291212022305e-14 4.2632564145606011152e-14 0 1.1368683772161602974e-13 -9.9475983006414026022e-14 -2.1316282072803005576e-14 1.4210854715202003717e-14 1.7763568394002504647e-14 1.7763568394002504647e-15 1.4210854715202003717e-14 3.5527136788005009294e-15 -7.1054273576010018587e-15 -7.1054273576010018587e-15 -4.2632564145606011152e-14 -6.3948846218409016728e-14 3.5527136788005009294e-14 -1.1368683772161602974e-13 7.1054273576010018587e-15 -7.1054273576010018587e-15 3.5527136788005009294e-15 2.8421709430404007435e-14 -7.1054273576010018587e-15 -3.1974423109204508364e-14 -5.684341886080801487e-14 1.4210854715202003717e-14 8.5265128291212022305e-14 -2.8421709430404007435e-14 2.8421709430404007435e-14 -1.0658141036401502788e-14 7.1054273576010018587e-15 1.7763568394002504647e-15 3.5527136788005009294e-15 -8.8817841970012523234e-15 4.4408920985006261617e-15
5.684341886080801487e-14 -1.1368683772161602974e-13 7.1054273576010018587e-14 -1.207922650792170316e-13 -1.4210854715202003717e-14 9.9475983006414026022e-14 -1.1368683772161602974e-13 4.2632564145606011152e-14 -9.2370555648813024163e-14 8.5265128291212022305e-14 8.5265128291212022305e-14 3.5527136788005009294e-15 -1.2434497875801753253e-14 1.7763568394002504647e-15 -1.2434497875801753253e-14 -2.8421709430404007435e-14 4.9737991503207013011e-14 -3.5527136788005009294e-14 8.5265128291212022305e-14 4.9737991503207013011e-14 8.5265128291212022305e-14 -7.1054273576010018587e-14 7.1054273576010018587e-15 -2.8421709430404007435e-14 -3.5527136788005009294e-15 -3.5527136788005009294e-15 -2.1316282072803005576e-14 -3.5527136788005009294e-15 5.329070518200751394e-14 -1.4210854715202003717e-14 -5.684341886080801487e-14 1.7053025658242404461e-13 -2.8421709430404007435e-14 2.1316282072803005576e-14 -2.1316282072803005576e-14 3.5527136788005009294e-15 8.8817841970012523234e-15 4.9737991503207013011e-14 2.664535259100375697e-15
3.1263880373444408178e-13 5.684341886080801487e-14 -1.2789769243681803346e-13 0 -8.5265128291212022305e-14 4.2632564145606011152e-14 -4.9737991503207013011e-14 -1.0658141036401502788e-13 5.684341886080801487e-14 4.2632564145606011152e-14 -5.684341886080801487e-14 -1.0658141036401502788e-14 3.5527136788005009294e-15 1.4210854715202003717e-14 1.7763568394002504647e-14 4.4408920985006261617e-14 -2.4868995751603506505e-14 -3.5527136788005009294e-14 6.3948846218409016728e-14 -1.4210854715202003717e-14 -4.2632564145606011152e-14 -4.9737991503207013011e-14 4.2632564145606011152e-14 3.5527136788005009294e-14 7.1054273576010018587e-15 0 2.1316282072803005576e-14 -7.1054273576010018587e-15 -7.1054273576010018587e-15 0 -2.5579538487363606691e-13 -3.9790393202565610409e-13 -1.4210854715202003717e-14 4.9737991503207013011e-14 1.4210854715202003717e-14 1.4210854715202003717e-14 3.5527136788005009294e-15 -1.7763568394002504647e-14 8.8817841970012523234e-15
3.5527136788005009294e-15 2.8421709430404007435e-13 -8.5265128291212022305e-14 4.9737991503207013011e-14 -2.8421709430404007435e-14 -9.9475983006414026022e-14 8.5265128291212022305e-14 7.8159700933611020446e-14 -8.5265128291212022305e-14 -1.8474111129762604833e-13 4.2632564145606011152e-14 -7.1054273576010018587e-15 1.2434497875801753253e-14 1.509903313490212895e-14 -1.4210854715202003717e-14 -3.5527136788005009294e-15 0 7.1054273576010018587e-14 -4.2632564145606011152e-14 5.684341886080801487e-14 -7.1054273576010018587e-14 -2.8421709430404007435e-14 5.684341886080801487e-14 3.5527136788005009294e-14 1.4210854715202003717e-14 -1.0658141036401502788e-13 -1.4210854715202003717e-14 5.684341886080801487e-14 0 2.8421709430404007435e-14 2.2737367544323205948e-13 3.1263880373444408178e-13 1.1368683772161602974e-13 -2.8421709430404007435e-14 3.5527136788005009294e-14 1.7763568394002504647e-14 1.0658141036401502788e-14 -1.4210854715202003717e-14 8.8817841970012523234e-15
-8.5265128291212022305e-14 3.5527136788005009294e-15 5.684341886080801487e-13 7.1054273576010018587e-15 9.9475983006414026022e-14 9.9475983006414026022e-14 4.2632564145606011152e-14 -5.684341886080801487e-14 3.5527136788005009294e-14 9.9475983006414026022e-14 9.9475983006414026022e-14 -2.1316282072803005576e-14 8.8817841970012523234e-15 0 -1.5987211554602254182e-14 4.9737991503207013011e-14 -2.1316282072803005576e-14 -3.5527136788005009294e-15 7.8159700933611020446e-14 1.3500311979441903532e-13 2.1316282072803005576e-14 9.9475983006414026022e-14 4.2632564145606011152e-14 4.2632564145606011152e-14 -4.2632564145606011152e-14 -7.1054273576010018587e-14 1.4921397450962103903e-13 9.2370555648813024163e-14 -8.5265128291212022305e-14 4.2632564145606011152e-14 3.4106051316484808922e-13 2.8421709430404007435e-14 -1.3500311979441903532e-13 0 -2.8421709430404007435e-14 2.8421709430404007435e-14 -1.4210854715202003717e-14 2.1316282072803005576e-14 0
1.7763568394002504647e-14 -1.1368683772161602974e-13 -1.7053025658242404461e-13 4.2632564145606011152e-14 2.1316282072803005576e-13 1.4210854715202003717e-14 -9.9475983006414026022e-14 9.9475983006414026022e-14 3.5527136788005009294e-14 1.4210854715202003717e-14 -4.2632564145606011152e-14 7.1054273576010018587e-14 -1.4210854715202003717e-14 8.8817841970012523234e-15 3.1974423109204508364e-14 2.664535259100375697e-15 -1.4210854715202003717e-14 5.684341886080801487e-14 -1.7763568394002504647e-14 -1.0658141036401502788e-13 -9.9475983006414026022e-14 -7.1054273576010018587e-14 -2.8421709430404007435e-14 -2.8421709430404007435e-14 0 0 9.2370555648813024163e-14 -2.8421709430404007435e-14 -5.684341886080801487e-14 -1.4210854715202003717e-14 3.4106051316484808922e-13 -2.2737367544323205948e-13 5.684341886080801487e-14 -7.1054273576010018587e-14 -2.8421709430404007435e-14 -2.8421709430404007435e-14 0 -1.4210854715202003717e-14 2.4868995751603506505e-14
9.779340670590386253e-10 3.8968828164342994569e-14 -7.9580786405131220818e-13 -1.1368683772161602974e-13 -2.2737367544323205948e-13 -7.1054273576010018587e-14 1.4210854715202003717e-13 -2.8421709430404007435e-14 -2.8421709430404007435e-14 9.9475983006414026022e-14 -1.0658141036401502788e-13 -2.1316282072803005576e-14 3.5527136788005009294e-14 1.0658141036401502788e-14 2.8421709430404007435e-14 3.01980662698042579e-14 1.4210854715202003717e-14 -1.0658141036401502788e-14 4.4408920985006261617e-15 7.1054273576010018587e-15 2.8421709430404007435e-14 2.1316282072803005576e-14 -7.1054273576010018587e-15 -4.9737991503207013011e-14 1.5631940186722204089e-13 -1.4210854715202003717e-14 5.684341886080801487e-14 -9.9475983006414026022e-14 7.8159700933611020446e-14 0 -1.7053025658242404461e-13 1.1368683772161602974e-13 -6.3948846218409016728e-14 9.2370555648813024163e-14 1.3500311979441903532e-13 1.4210854715202003717e-14 2.8421709430404007435e-14 0 -7.1054273576010018587e-15
-7.2164496600635175128e-15 -1.7236062577197230894e-09 -3.2085445411667024018e-14 -3.4117153546731060487e-13 1.4210854715202003717e-13 -1.4210854715202003717e-13 2.8421709430404007435e-14 -5.684341886080801487e-14 4.2632564145606011152e-14 -8.5265128291212022305e-14 0 1.4210854715202003717e-14 -7.1054273576010018587e-15 0 -4.2632564145606011152e-14 1.7763568394002504647e-15 -2.1316282072803005576e-14 1.4210854715202003717e-14 1.2434497875801753253e-14 0 -7.1054273576010018587e-15 -7.8159700933611020446e-14 4.2632564145606011152e-14 -6.3948846218409016728e-14 0 -1.2789769243681803346e-13 -1.4210854715202003717e-13 -2.8421709430404007435e-14 7.1054273576010018587e-14 -9.2370555648813024163e-14 7.1054273576010018587e-14 3.4106051316484808922e-13 1.1368683772161602974e-13 -2.1316282072803005576e-14 -1.1368683772161602974e-13 6.3948846218409016728e-14 2.1316282072803005576e-14 -2.8421709430404007435e-14 -1.4210854715202003717e-14
2.4981090973597019911e-08 -2.2594576876144856215e-08 -1.36651590043612714e-09 -2.2938365873415023088e-08 1.6370793609610245767e-11 1.5620837956475952524e-13 7.0943251273547502933e-14 8.5265128291212022305e-14 8.5265128291212022305e-14 -4.2632564145606011152e-14 9.9475983006414026022e-14 9.9475983006414026022e-14 7.1054273576010018587e-14 7.1054273576010018587e-15 5.684341886080801487e-14 -7.1054273576010018587e-15 -1.4210854715202003717e-14 -5.684341886080801487e-14 3.5527136788005009294e-15 8.8817841970012523234e-15 1.5987211554602254182e-14 1.4210854715202003717e-14 9.9475983006414026022e-14 -8.5265128291212022305e-14 5.684341886080801487e-14 1.5631940186722204089e-13 0 2.2737367544323205948e-13 0 -9.9475983006414026022e-14 7.1054273576010018587e-15 -8.5265128291212022305e-14 6.8212102632969617844e-13 -2.8421709430404007435e-14 2.1316282072803005576e-14 -9.9475983006414026022e-14 0 4.2632564145606011152e-14 7.1054273576010018587e-15
-8.7902674028583760446e-10 9.6840722108026966453e-09 8.1927282735705375671e-09 -7.7652657637372612953e-09 -2.24008545046672225e-09 -2.5929693947546184063e-09 -8.5583451436832547188e-10 -1.2800871473928054911e-13 2.5568436257117355126e-13 -7.1054273576010018587e-14 -1.4210854715202003717e-13 -1.4210854715202003717e-13 -8.5265128291212022305e-14 2.1316282072803005576e-14 -7.1054273576010018587e-15 2.8421709430404007435e-14 0 6.3948846218409016728e-14 7.1054273576010018587e-15 -7.1054273576010018587e-15 4.4408920985006261617e-15 -1.4210854715202003717e-14 2.8421709430404007435e-14 3.5527136788005009294e-14 6.3948846218409016728e-14 8.5265128291212022305e-14 -1.5631940186722204089e-13 2.8421709430404007435e-14 -7.1054273576010018587e-14 9.9475983006414026022e-14 9.9475983006414026022e-14 2.8421709430404007435e-14 4.5474735088646411896e-13 8.5265128291212022305e-14 -5.684341886080801487e-14 4.2632564145606011152e-14 -1.4210854715202003717e-14 0 -3.5527136788005009294e-14
-7.1165295878472534241e-14 -1.1102230246251565404e-16 -9.2481577951275539817e-14 6.9944050551384862047e-15 2.4147350785597154754e-13 1.1357581541915351409e-13 2.2726265314076954382e-13 5.6526005209889262915e-08 -2.9292095860000699759e-08 4.0698978409636765718e-08 2.8310687127941491781e-14 9.9364960703951510368e-14 3.5527136788005009294e-14 -2.8421709430404007435e-14 2.1316282072803005576e-14 -2.4868995751603506505e-14 4.9737991503207013011e-14 -2.1316282072803005576e-14 7.9936057773011270911e-15 1.0658141036401502788e-14 4.0856207306205760688e-14 1.5987211554602254182e-14 2.8421709430404007435e-14 1.3500311979441903532e-13 0 -8.5265128291212022305e-14 -8.5265128291212022305e-14 0 9.9475983006414026022e-14 -2.8421709430404007435e-14 -2.8421709430404007435e-14 -5.684341886080801487e-14 2.0463630789890885353e-12 -1.4210854715202003717e-13 4.9737991503207013011e-14 -1.0658141036401502788e-13 -2.1316282072803005576e-14 0 7.1054273576010018587e-15
0 9.2370555648813024163e-14 -2.4868995751603506505e-14 4.9626969200744497357e-14 -2.142730437526552123e-14 1.7652546091539988993e-14 -1.4321877017664519371e-14 -4.2743586448068526806e-14 -5.6954441163270530524e-14 -2.8532731732866523089e-14 4.3750333134084939957e-08 -4.2074134398717433214e-08 -2.0430888980627059937e-08 -7.82707232360735361e-14 1.4210854715202003717e-14 -7.1054273576010018587e-15 -7.1054273576010018587e-15 -8.5265128291212022305e-14 -3.5527136788005009294e-14 3.5527136788005009294e-15 2.4868995751603506505e-14 -3.5527136788005009294e-15 -7.1054273576010018587e-15 6.0396132539608515799e-14 -9.2370555648813024163e-14 8.5265128291212022305e-14 1.4210854715202003717e-14 4.2632564145606011152e-14 1.4210854715202003717e-14 -1.5631940186722204089e-13 4.2632564145606011152e-14 4.2632564145606011152e-14 1.4210854715202003717e-13 1.7803358787205070257e-10 2.8421709430404007435e-14 1.4210854715202003717e-13 7.8159700933611020446e-14 -1.4210854715202003717e-14 -2.1316282072803005576e-14
