tests/data/reference/gistest/full/control/massbalance.asc
ncols        125
nrows        78
xllcorner    -713756.799299980048
yllcorner    -1061032.369616159936
cellsize     10.000000000000
NODATA_value  -9999
[rows 17 to 33 of 78, columns 38 to 75 of 125]
6.9944050551384862047e-15 6.3837823915946501074e-14 1.7041923427996152896e-13 -8.5376150593674537959e-14 -4.2743586448068526806e-14 -1.5643042416968455655e-13 -1.5643042416968455655e-13 2.8310687127941491781e-14 -6.5836225360271782847e-14 -1.0769163338864018442e-14 -1.4321877017664519371e-14 -3.2085445411667024018e-14 -3.9190872769268025877e-14 -1.2545520178264268907e-14 -1.1102230246251565404e-16 -4.9849013805669528665e-14 -1.9650947535865270765e-14 -3.7414515929867775412e-14 -1.3433698597964394139e-14 -2.0539125955565395998e-14 -2.6756374893466272624e-14 -4.4519943287468777271e-14 -7.2164496600635175128e-15 -4.9849013805669528665e-14 1.7652546091539988993e-14 -2.4091839634365896927e-14 -3.3861802251067274483e-14 -2.5868196473766147392e-14 8.515410598874950665e-14 -4.0967229608668276342e-14 -5.5178084323870280059e-14 -2.8532731732866523089e-14 -7.2164496600635175128e-15 -4.80726569662692782e-14 -6.7612582199672033312e-14 -1.2971669294259413618e-09 -2.142730437526552123e-14 -4.9849013805669528665e-14
-1.2090328738167954725e-13 -4.2743586448068526806e-14 -9.9587005308876541676e-14 1.4199752484955752152e-13 -1.7874590696465020301e-14 -1.2800871473928054911e-13 6.3837823915946501074e-14 -7.1165295878472534241e-14 -3.9190872769268025877e-14 -9.9587005308876541676e-14 -8.5376150593674537959e-14 -3.2085445411667024018e-14 -1.7874590696465020301e-14 -3.9190872769268025877e-14 -6.4059868520871532382e-14 6.3837823915946501074e-14 -2.142730437526552123e-14 -2.142730437526552123e-14 -3.5638159090467524948e-14 -3.0309088572266773554e-14 -2.4091839634365896927e-14 -2.7644553313166397857e-14 -2.3203661214665771695e-14 -2.3203661214665771695e-14 -2.2315482794965646463e-14 -9.2481577951275539817e-14 -4.2743586448068526806e-14 -3.3861802251067274483e-14 -2.8532731732866523089e-14 -1.7064127888488656026e-13 -6.5836225360271782847e-14 -1.0769163338864018442e-14 1.4099832412739488063e-14 -1.9650947535865270765e-14 8.7707618945387366693e-15 -2.5868196473766147392e-14 -1.5163551525532170672e-09 -1.4321877017664519371e-14
5.6732396558345499216e-14 7.0943251273547502933e-14 1.5620837956475952524e-13 -5.6954441163270530524e-14 6.9944050551384862047e-15 -4.2743586448068526806e-14 -7.2164496600635175128e-15 -6.4059868520871532382e-14 6.9944050551384862047e-15 2.8310687127941491781e-14 2.8310687127941491781e-14 -3.9190872769268025877e-14 -3.0309088572266773554e-14 -4.4519943287468777271e-14 3.4416913763379852753e-15 -1.1102230246251565404e-16 -9.2481577951275539817e-14 -7.2164496600635175128e-15 -1.0669243266647754353e-13 -2.142730437526552123e-14 -5.5178084323870280059e-14 -1.2545520178264268907e-14 -2.6756374893466272624e-14 -4.9849013805669528665e-14 -4.0967229608668276342e-14 -3.7414515929867775412e-14 4.2521541843143495498e-14 -3.5638159090467524948e-14 -2.6756374893466272624e-14 -4.4519943287468777271e-14 -7.82707232360735361e-14 -1.1102230246251565404e-16 1.5620837956475952524e-13 -3.2085445411667024018e-14 -3.5638159090467524948e-14 -2.9420910152566648321e-14 -2.6756374893466272624e-14 -1.2425982465202878302e-10
-7.82707232360735361e-14 -1.2800871473928054911e-13 -1.7064127888488656026e-13 -1.1379786002407854539e-13 -7.2164496600635175128e-15 -1.4321877017664519371e-14 -4.2743586448068526806e-14 2.8310687127941491781e-14 -4.2743586448068526806e-14 6.9944050551384862047e-15 -7.1165295878472534241e-14 -2.142730437526552123e-14 -1.9650947535865270765e-14 -3.6637359812630165834e-15 -1.7874590696465020301e-14 -3.2085445411667024018e-14 -2.142730437526552123e-14 -1.4321877017664519371e-14 -2.8532731732866523089e-14 -4.2743586448068526806e-14 -1.7874590696465020301e-14 -6.0507154842071031453e-14 -6.5836225360271782847e-14 -3.5638159090467524948e-14 -1.2545520178264268907e-14 -8.9928064994637679774e-15 -8.9928064994637679774e-15 -9.9587005308876541676e-14 -1.0769163338864018442e-14 1.0547118733938987134e-14 -7.2164496600635175128e-15 4.2521541843143495498e-14 -4.9749093733453264576e-13 2.4757973449140990851e-14 -7.82707232360735361e-14 -3.9190872769268025877e-14 -1.9650947535865270765e-14 -2.7644553313166397857e-14
9.9364960703951510368e-14 -5.6954441163270530524e-14 1.4099832412739488063e-14 2.1305179842556754011e-13 -1.2090328738167954725e-13 -1.1102230246251565404e-16 -2.8532731732866523089e-14 -1.2090328738167954725e-13 -4.2743586448068526806e-14 -7.1165295878472534241e-14 2.8310687127941491781e-14 1.0547118733938987134e-14 -4.9849013805669528665e-14 -2.6756374893466272624e-14 -5.5178084323870280059e-14 -4.9849013805669528665e-14 -2.8532731732866523089e-14 -2.142730437526552123e-14 -1.990629883152905677e-13 1.4099832412739488063e-14 3.186340080674199271e-14 -7.82707232360735361e-14 1.4099832412739488063e-14 -2.498001805406602216e-14 -3.5638159090467524948e-14 6.9944050551384862047e-15 -5.3401727484470029594e-14 -4.2743586448068526806e-14 4.2521541843143495498e-14 -3.6637359812630165834e-15 -4.2743586448068526806e-14 -2.4169555246089657885e-13 3.8358205500799158472e-13 -9.6034291630076040747e-14 -1.1102230246251565404e-16 -1.0769163338864018442e-14 -3.5638159090467524948e-14 -2.2315482794965646463e-14
-1.9650947535865270765e-14 -8.5376150593674537959e-14 -1.7064127888488656026e-13 -2.8532731732866523089e-14 7.0943251273547502933e-14 -1.1102230246251565404e-16 -1.2800871473928054911e-13 1.2068124277675451594e-13 -1.1102230246251565404e-16 6.9944050551384862047e-15 -1.2800871473928054911e-13 -1.0669243266647754353e-13 -2.142730437526552123e-14 -2.8532731732866523089e-14 -2.4091839634365896927e-14 -1.0769163338864018442e-14 3.186340080674199271e-14 -1.1379786002407854539e-13 -1.1102230246251565404e-16 1.1357581541915351409e-13 -9.9587005308876541676e-14 2.1205259770340489922e-14 6.9944050551384862047e-15 -3.9190872769268025877e-14 -1.4321877017664519371e-14 1.4099832412739488063e-14 -4.2743586448068526806e-14 -1.0769163338864018442e-14 -1.7874590696465020301e-14 -1.7774670624248756212e-13 -4.2743586448068526806e-14 -8.5376150593674537959e-14 -2.2748469774569457513e-13 -4.9849013805669528665e-14 -2.142730437526552123e-14 -1.1102230246251565404e-16 -3.5638159090467524948e-14 -4.0967229608668276342e-14
-2.8532731732866523089e-14 -1.1102230246251565404e-16 1.1357581541915351409e-13 -3.1274982603690659744e-13 -1.2800871473928054911e-13 1.4199752484955752152e-13 1.4099832412739488063e-14 -2.3459012510329557699e-13 -9.2481577951275539817e-14 -7.2164496600635175128e-15 1.7752466163756253081e-13 -7.2164496600635175128e-15 -1.4321877017664519371e-14 -3.3861802251067274483e-14 -2.8532731732866523089e-14 -4.9849013805669528665e-14 -4.6296300126869027736e-14 -7.82707232360735361e-14 1.4099832412739488063e-14 -7.1165295878472534241e-14 1.4099832412739488063e-14 -2.8532731732866523089e-14 -7.1165295878472534241e-14 -4.2743586448068526806e-14 -8.5376150593674537959e-14 -8.1823436914874037029e-14 -1.2800871473928054911e-13 -1.7874590696465020301e-14 -1.0313971898767704261e-13 -4.6296300126869027736e-14 1.4199752484955752152e-13 -8.5376150593674537959e-14 -1.1102230246251565404e-16 4.2521541843143495498e-14 -1.1102230246251565404e-16 -6.7612582199672033312e-14 -3.5638159090467524948e-14 -1.2545520178264268907e-14
-3.3861802251067274483e-14 -2.8532731732866523089e-14 1.5620837956475952524e-13 9.9364960703951510368e-14 -4.2743586448068526806e-14 -2.8432811660650259e-13 -2.8532731732866523089e-14 1.4910295220715852338e-13 4.9626969200744497357e-14 -9.9587005308876541676e-14 -2.8432811660650259e-13 -7.82707232360735361e-14 -2.8532731732866523089e-14 -3.2973623831367149251e-14 -2.142730437526552123e-14 -3.9190872769268025877e-14 -5.4400928206632670481e-15 -1.0769163338864018442e-14 6.9944050551384862047e-15 -4.9849013805669528665e-14 -4.9849013805669528665e-14 -1.7064127888488656026e-13 -1.1379786002407854539e-13 -7.2164496600635175128e-15 6.3837823915946501074e-14 6.3837823915946501074e-14 -2.142730437526552123e-14 6.3837823915946501074e-14 -6.4059868520871532382e-14 4.9626969200744497357e-14 -2.8532731732866523089e-14 1.9884094371036553639e-13 1.1357581541915351409e-13 -1.1379786002407854539e-13 -5.6954441163270530524e-14 -6.4059868520871532382e-14 -2.498001805406602216e-14 -6.7612582199672033312e-14
-1.1379786002407854539e-13 -1.9650947535865270765e-14 -4.5485837318892663461e-13 -1.1102230246251565404e-16 9.9364960703951510368e-14 -5.6954441163270530524e-14 -9.9587005308876541676e-14 -1.5643042416968455655e-13 1.4099832412739488063e-14 4.2521541843143495498e-14 5.6732396558345499216e-14 2.1205259770340489922e-14 -5.3401727484470029594e-14 -3.0309088572266773554e-14 -1.8762769116165145533e-14 -6.7612582199672033312e-14 8.7707618945387366693e-15 -2.142730437526552123e-14 -4.9849013805669528665e-14 -9.2481577951275539817e-14 3.541611448554249364e-14 -7.1165295878472534241e-14 3.5516034557758757728e-13 6.9944050551384862047e-15 -9.9587005308876541676e-14 -1.4221956945448255283e-13 -7.2164496600635175128e-15 4.2521541843143495498e-14 -7.1165295878472534241e-14 -7.82707232360735361e-14 -4.2743586448068526806e-14 2.2726265314076954382e-13 8.515410598874950665e-14 -1.4321877017664519371e-14 6.9944050551384862047e-15 -3.5638159090467524948e-14 2.8310687127941491781e-14 -2.8532731732866523089e-14
-1.6098233857064769836e-14 8.515410598874950665e-14 -1.2545520178264268907e-14 -1.1102230246251565404e-16 -5.6954441163270530524e-14 1.5620837956475952524e-13 -2.8532731732866523089e-14 1.4099832412739488063e-14 -7.2164496600635175128e-15 -7.2164496600635175128e-15 -2.8532731732866523089e-14 -1.1102230246251565404e-16 -2.142730437526552123e-14 6.9944050551384862047e-15 -2.5868196473766147392e-14 -2.142730437526552123e-14 -2.8532731732866523089e-14 -5.6954441163270530524e-14 -7.82707232360735361e-14 -4.2743586448068526806e-14 9.2259533346350508509e-14 -1.4321877017664519371e-14 1.0647038806155251223e-13 -2.5590640717609858257e-13 7.0943251273547502933e-14 1.4099832412739488063e-14 -7.2164496600635175128e-15 -6.4059868520871532382e-14 -2.142730437526552123e-14 2.8310687127941491781e-14 -4.9849013805669528665e-14 -4.5485837318892663461e-13 -3.1274982603690659744e-13 -6.4059868520871532382e-14 -4.9849013805669528665e-14 -1.1102230246251565404e-16 -4.9849013805669528665e-14 1.4099832412739488063e-14
5.7013938015160192663e-10 -2.498001805406602216e-14 -5.6954441163270530524e-14 -5.6854521091054266435e-13 2.8310687127941491781e-14 -2.7011726189130058629e-13 8.515410598874950665e-14 8.515410598874950665e-14 -1.0669243266647754353e-13 -2.8532731732866523089e-14 -1.1379786002407854539e-13 -2.142730437526552123e-14 6.9944050551384862047e-15 -7.82707232360735361e-14 -1.6098233857064769836e-14 -4.80726569662692782e-14 -2.6756374893466272624e-14 -3.5638159090467524948e-14 -7.82707232360735361e-14 4.2521541843143495498e-14 2.8310687127941491781e-14 -1.7064127888488656026e-13 -1.2090328738167954725e-13 -1.0669243266647754353e-13 -4.2743586448068526806e-14 -1.1379786002407854539e-13 4.2521541843143495498e-14 -6.4059868520871532382e-14 -1.1379786002407854539e-13 -7.2164496600635175128e-15 -2.142730437526552123e-14 3.9779290972319358843e-13 1.9884094371036553639e-13 6.3837823915946501074e-14 2.1205259770340489922e-14 -4.2743586448068526806e-14 -1.2090328738167954725e-13 -8.5376150593674537959e-14
-5.6954441163270530524e-14 1.2962572126795635086e-09 -8.1823436914874037029e-14 9.0938367947046572226e-13 -1.4221956945448255283e-13 2.4147350785597154754e-13 -7.1165295878472534241e-14 -3.4117153546731060487e-13 -7.2164496600635175128e-15 -2.8532731732866523089e-14 2.5568436257117355126e-13 4.2521541843143495498e-14 -7.1165295878472534241e-14 4.9626969200744497357e-14 -3.3861802251067274483e-14 -5.3401727484470029594e-14 -7.2164496600635175128e-15 6.9944050551384862047e-15 -3.2085445411667024018e-14 -2.7644553313166397857e-14 -8.5376150593674537959e-14 -3.5638159090467524948e-14 2.1205259770340489922e-14 9.9364960703951510368e-14 -2.142730437526552123e-14 -1.7064127888488656026e-13 7.0943251273547502933e-14 -9.2481577951275539817e-14 7.8048678631148504792e-14 2.1205259770340489922e-14 -1.635358515272855584e-13 -4.5485837318892663461e-13 -4.8328008261933064205e-13 -5.6954441163270530524e-14 -1.2800871473928054911e-13 -6.4059868520871532382e-14 2.8310687127941491781e-14 4.9626969200744497357e-14
-2.5204383025112520045e-10 -9.9587005308876541676e-14 -6.5568894758172291404e-10 -2.498001805406602216e-14 -1.591726750405086932e-12 -2.8432811660650259e-13 1.4199752484955752152e-13 1.1357581541915351409e-13 -4.2743586448068526806e-14 -1.2800871473928054911e-13 -4.2743586448068526806e-14 -1.4932499681208355469e-13 6.9944050551384862047e-15 -7.82707232360735361e-14 -4.2743586448068526806e-14 -3.6637359812630165834e-15 -2.6756374893466272624e-14 -1.4321877017664519371e-14 4.2521541843143495498e-14 -2.498001805406602216e-14 -4.4519943287468777271e-14 -4.9849013805669528665e-14 1.4099832412739488063e-14 -1.4321877017664519371e-14 -1.4321877017664519371e-14 -2.8532731732866523089e-14 1.7041923427996152896e-13 1.4099832412739488063e-14 -5.6954441163270530524e-14 -4.2743586448068526806e-14 8.515410598874950665e-14 2.8310687127941491781e-14 -1.1379786002407854539e-13 6.9944050551384862047e-15 2.1205259770340489922e-14 -7.2164496600635175128e-15 -7.1165295878472534241e-14 -1.2800871473928054911e-13
-3.5988705349154770374e-09 2.6407860787003301084e-08 1.9165554476785473526e-08 2.7230271371081471443e-09 -6.1991158872842788696e-09 -1.2482825884063686317e-10 -2.1327384303049257142e-13 1.4099832412739488063e-14 -1.5643042416968455655e-13 1.4099832412739488063e-14 7.0943251273547502933e-14 -4.2743586448068526806e-14 -8.5376150593674537959e-14 -3.5638159090467524948e-14 -3.2085445411667024018e-14 1.4099832412739488063e-14 -6.7612582199672033312e-14 -7.82707232360735361e-14 -6.4059868520871532382e-14 -2.3203661214665771695e-14 -3.2973623831367149251e-14 1.5876189252139738528e-14 -5.6954441163270530524e-14 -9.9587005308876541676e-14 -8.5376150593674537959e-14 -1.2800871473928054911e-13 -1.5643042416968455655e-13 -1.4221956945448255283e-13 -1.2800871473928054911e-13 -8.5376150593674537959e-14 -1.8485213360008856398e-13 -1.4221956945448255283e-13 -1.4321877017664519371e-14 2.2726265314076954382e-13 -1.1379786002407854539e-13 9.2259533346350508509e-14 -2.8532731732866523089e-14 7.8048678631148504792e-14
-9.7832071332959458232e-09 -1.2915961633552797139e-08 -1.3183807823224924505e-08 -4.7712092055007815361e-09 8.5008196037961170077e-09 -1.7919319361681118608e-08 2.5597728381399065256e-08 1.5703335520811378956e-08 4.2521541843143495498e-14 -1.136979399518622813e-12 -7.1165295878472534241e-14 2.8310687127941491781e-14 -7.1165295878472534241e-14 -5.6954441163270530524e-14 -1.4321877017664519371e-14 -3.5638159090467524948e-14 -1.1102230246251565404e-16 -1.4321877017664519371e-14 -9.2481577951275539817e-14 -2.3203661214665771695e-14 -2.3203661214665771695e-14 -1.9650947535865270765e-14 -5.6954441163270530524e-14 -1.1102230246251565404e-16 4.2521541843143495498e-14 -2.142730437526552123e-14 -4.2743586448068526806e-14 2.8310687127941491781e-14 1.1357581541915351409e-13 -7.1165295878472534241e-14 1.4199752484955752152e-13 2.2726265314076954382e-13 9.9364960703951510368e-14 6.8201000402723366278e-13 -1.7064127888488656026e-13 -1.635358515272855584e-13 -6.4059868520871532382e-14 -1.4321877017664519371e-14
6.9944050551384862047e-15 -7.82707232360735361e-14 -7.82707232360735361e-14 -1.1102230246251565404e-16 4.2521541843143495498e-14 -1.4221956945448255283e-13 3.4094949086238557356e-13 -5.4012350148013865692e-13 -2.9285729397088289261e-10 -5.9416379372123628855e-08 -7.7989170677028596401e-09 -4.8328008261933064205e-13 1.4199752484955752152e-13 7.8048678631148504792e-14 6.9944050551384862047e-15 -1.4321877017664519371e-14 -9.2481577951275539817e-14 -5.6954441163270530524e-14 1.277866701343555178e-13 -3.0309088572266773554e-14 -1.7874590696465020301e-14 -5.3401727484470029594e-14 -2.6756374893466272624e-14 1.7652546091539988993e-14 6.9944050551384862047e-15 -4.9849013805669528665e-14 -2.8532731732866523089e-14 -1.4321877017664519371e-14 1.4199752484955752152e-13 -1.8485213360008856398e-13 7.0943251273547502933e-14 9.9364960703951510368e-14 -1.1379786002407854539e-13 -3.1833424785077113484e-12 2.9831692671677956241e-13 -7.2164496600635175128e-15 1.4099832412739488063e-14 2.1205259770340489922e-14
3.541611448554249364e-14 -2.8532731732866523089e-14 -3.6637359812630165834e-15 -4.2743586448068526806e-14 4.9626969200744497357e-14 -2.498001805406602216e-14 -3.5638159090467524948e-14 -8.5376150593674537959e-14 -1.4321877017664519371e-14 2.4147350785597154754e-13 -9.9587005308876541676e-14 -3.059722075704485178e-08 -3.3735886972863227129e-08 4.2416104406584054232e-08 -1.7064127888488656026e-13 -1.1102230246251565404e-16 -1.0669243266647754353e-13 6.3837823915946501074e-14 4.9626969200744497357e-14 -6.4059868520871532382e-14 -1.6098233857064769836e-14 -6.0507154842071031453e-14 -1.0769163338864018442e-14 -1.4321877017664519371e-14 -7.82707232360735361e-14 4.9626969200744497357e-14 -8.5376150593674537959e-14 1.5620837956475952524e-13 1.8463008899516353267e-13 -8.5376150593674537959e-14 4.2621461915359759587e-13 1.9884094371036553639e-13 -8.5376150593674537959e-14 -1.1102230246251565404e-16 7.8898554356499062123e-11 1.4199752484955752152e-13 -1.1102230246251565404e-16 -1.7774670624248756212e-13
