tests/data/reference/gistest/full/control/massbalance.asc
ncols        125
nrows        78
xllcorner    -713756.799299980048
yllcorner    -1061032.369616159936
cellsize     10.000000000000
NODATA_value  -9999
[rows 34 to 50 of 78, columns 78 to 116 of 125]
1.7763568394002504647e-13 -5.684341886080801487e-14 -4.4690295908367261291e-09 -2.8421709430404007435e-14 -3.1263880373444408178e-13 -3.4106051316484808922e-13 4.9737991503207013011e-14 -1.7763568394002504647e-14 1.1435297153639112366e-14 -4.936606678995758557e-13 7.1054273576010018587e-15 -2.8421709430404007435e-14 7.1054273576010018587e-15 -1.4210854715202003717e-14 0 5.329070518200751394e-14 -1.7763568394002504647e-15 5.329070518200751394e-15 -7.1054273576010018587e-15 -1.0658141036401502788e-14 1.4210854715202003717e-14 -1.2434497875801753253e-14 3.5527136788005009294e-15 3.5527136788005009294e-15 1.7763568394002504647e-14 8.8817841970012523234e-15 1.4740375586796972129e-11 -9999 -9999 -9999 -9999 -9999 -9999 -9999 -9999 -9999 -9999 -9999 -9999
-1.1368683772161602974e-13 7.1054273576010018587e-15 -1.930402504513040185e-09 2.1316282072803005576e-14 1.9895196601282805204e-13 -1.1368683772161602974e-13 2.8421709430404007435e-14 -8.1046280797636427451e-15 -1.874778110533270592e-12 1.9539925233402755111e-14 3.5527136788005009294e-15 -4.2632564145606011152e-14 -6.3948846218409016728e-14 -2.8421709430404007435e-13 -1.7763568394002504647e-14 1.2434497875801753253e-14 5.329070518200751394e-15 3.9079850466805510223e-14 2.664535259100375697e-15 1.7763568394002504647e-14 -1.4321877017664519371e-14 1.2434497875801753253e-14 -5.329070518200751394e-15 1.2434497875801753253e-14 7.1054273576010018587e-15 1.7763568394002504647e-15 -7.1054273576010018587e-15 4.2819248147196731225e-11 -9999 -9999 -9999 -9999 -9999 -9999 -9999 -9999 -9999 -9999 -9999
7.0943251273547502933e-14 -3.5527136788005009294e-14 -3.9171936805360019207e-09 -3.5527136788005009294e-14 -1.9895196601282805204e-13 5.1159076974727213383e-13 9.9920072216264088638e-16 -2.2974344648929445611e-11 5.329070518200751394e-15 -3.5527136788005009294e-15 2.8310687127941491781e-14 3.5527136788005009294e-14 1.2789769243681803346e-13 -1.9895196601282805204e-13 1.0658141036401502788e-14 -1.7763568394002504647e-15 3.5527136788005009294e-15 3.5527136788005009294e-15 7.1054273576010018587e-15 0 7.8159700933611020446e-14 1.7763568394002504647e-14 1.4210854715202003717e-14 1.0658141036401502788e-14 -1.1102230246251565404e-16 1.2434497875801753253e-14 1.0658141036401502788e-14 5.329070518200751394e-15 -5.423822502237385379e-11 -9999 -9999 -9999 -9999 -9999 -9999 -9999 -9999 -9999 -9999
-1.5643042416968455655e-13 2.1205259770340489922e-14 1.4995293895481154323e-10 -7.8159700933611020446e-14 1.9895196601282805204e-13 3.5607838899665011922e-10 1.8540724511240114225e-14 7.1054273576010018587e-15 8.8817841970012523234e-15 4.2632564145606011152e-14 -3.1974423109204508364e-14 2.1316282072803005576e-14 -1.0658141036401502788e-13 5.684341886080801487e-14 1.4210854715202003717e-14 -7.1054273576010018587e-15 -5.329070518200751394e-15 1.0658141036401502788e-14 -3.5527136788005009294e-14 -2.8421709430404007435e-14 0 -8.8817841970012523234e-15 -2.1316282072803005576e-14 1.0658141036401502788e-14 2.4868995751603506505e-14 8.8817841970012523234e-15 1.7763568394002504647e-14 1.7763568394002504647e-14 -3.5527136788005009294e-15 7.1054273576010018587e-15 1.7781498495850200925e-11 -9999 -9999 -9999 -9999 -9999 -9999 -9999 -9999
1.277866701343555178e-13 7.0943251273547502933e-14 -1.8509355159679330427e-09 9.9475983006414026022e-14 -8.9618179544004306081e-10 2.9866675799183894924e-10 0 5.329070518200751394e-15 6.2172489379008766264e-15 -2.1316282072803005576e-14 4.2632564145606011152e-14 1.4210854715202003717e-14 -3.9790393202565610409e-13 -2.8421709430404007435e-14 -7.1054273576010018587e-15 2.8421709430404007435e-14 -5.329070518200751394e-15 6.3948846218409016728e-14 5.684341886080801487e-14 -7.1054273576010018587e-15 -7.1054273576010018587e-15 7.9936057773011270911e-15 5.684341886080801487e-14 3.5527136788005009294e-15 -7.1054273576010018587e-15 2.4868995751603506505e-14 -3.1974423109204508364e-14 -2.4868995751603506505e-14 -1.2434497875801753253e-14 -1.0658141036401502788e-14 -5.329070518200751394e-15 -2.6013691201143274156e-11 -9999 -9999 -9999 -9999 -9999 -9999 -9999
5.6732396558345499216e-14 -1.1379786002407854539e-13 8.0423205872648395598e-09 1.1435297153639112366e-14 6.6779637375447009617e-11 2.7893065634998492897e-10 4.6185277824406512082e-14 3.5527136788005009294e-15 1.0658141036401502788e-14 3.5527136788005009294e-15 -1.207922650792170316e-13 -7.1054273576010018587e-15 1.0231815394945442677e-12 0 0 3.1974423109204508364e-14 0 1.4210854715202003717e-14 7.1054273576010018587e-15 1.7763568394002504647e-14 3.5527136788005009294e-15 9.7699626167013775557e-15 -8.8817841970012523234e-14 -7.1054273576010018587e-15 1.4210854715202003717e-14 -1.7763568394002504647e-14 3.1974423109204508364e-14 7.1054273576010018587e-15 6.0396132539608515799e-14 1.5987211554602254182e-14 2.3148150063434513868e-14 3.5527136788005009294e-15 1.9077350810192683639e-11 -9999 -9999 -9999 -9999 -9999 -9999
-5.6954441163270530524e-14 -1.4321877017664519371e-14 6.9944050551384862047e-15 8.9896728949767634731e-10 4.3843328967341221869e-10 -1.2204282029415480793e-10 -1.4210854715202003717e-14 5.329070518200751394e-15 -8.8817841970012523234e-15 1.4210854715202003717e-14 1.1368683772161602974e-13 -8.5265128291212022305e-14 0 -3.5527136788005009294e-15 1.0658141036401502788e-14 -7.1054273576010018587e-14 -2.2737367544323205948e-13 4.2632564145606011152e-14 3.1974423109204508364e-14 3.5527136788005009294e-15 8.8817841970012523234e-15 8.5265128291212022305e-14 8.8817841970012523234e-15 1.4210854715202003717e-14 -7.1054273576010018587e-15 -3.5527136788005009294e-14 -1.4210854715202003717e-14 2.1316282072803005576e-14 -2.8421709430404007435e-14 1.4210854715202003717e-14 2.1316282072803005576e-14 2.4868995751603506505e-14 4.2632564145606011152e-14 -3.9007741481356106306e-11 -9999 -9999 -9999 -9999 -9999
5.8535079006105661392e-09 -8.5376150593674537959e-14 2.5646151868841116084e-14 -3.6566227823442432054e-10 -4.0415681912264744824e-10 2.4255075725676533693e-10 1.207922650792170316e-13 4.4408920985006261617e-15 3.5527136788005009294e-15 -4.2632564145606011152e-14 4.2632564145606011152e-14 9.0949470177292823792e-13 4.2632564145606011152e-14 -2.4868995751603506505e-14 5.684341886080801487e-14 9.9475983006414026022e-14 -5.329070518200751394e-14 -2.8421709430404007435e-14 -2.1316282072803005576e-14 0 -9.2370555648813024163e-14 1.4210854715202003717e-14 -2.664535259100375697e-15 7.1054273576010018587e-14 7.8159700933611020446e-14 8.5265128291212022305e-14 1.4210854715202003717e-14 -1.4210854715202003717e-14 -1.0658141036401502788e-14 -2.4868995751603506505e-14 3.5527136788005009294e-15 0 -5.684341886080801487e-14 -6.4392935428259079345e-15 0 -9999 -9999 -9999 -9999
-9999 -2.9371950205359098618e-08 1.1494194485095476921e-09 9.7460315373609773815e-09 1.1880274541908875108e-11 4.5548620430935216064e-10 -2.142730437526552123e-14 1.0658141036401502788e-14 4.6185277824406512082e-14 -2.1316282072803005576e-14 -1.2789769243681803346e-13 3.9790393202565610409e-13 7.1054273576010018587e-15 -7.1054273576010018587e-14 1.2789769243681803346e-13 2.4868995751603506505e-14 -2.1316282072803005576e-14 2.1316282072803005576e-14 1.4210854715202003717e-14 -1.4210854715202003717e-14 -8.8817841970012523234e-15 7.9936057773011270911e-15 1.5987211554602254182e-14 -5.684341886080801487e-14 -5.684341886080801487e-14 3.5527136788005009294e-14 3.5527136788005009294e-14 -1.4210854715202003717e-14 5.684341886080801487e-14 2.1316282072803005576e-14 -7.1054273576010018587e-15 -1.4210854715202003717e-14 3.5527136788005009294e-15 2.3092638912203256041e-14 7.9936057773011270911e-15 6.2172489379008766264e-15 3.3440972213583108896e-11 -9999 -9999
-3.130828929442941444e-14 -9999 -9999 2.6115687390415587288e-09 2.8922499950567726046e-08 3.6599203667719848454e-09 2.1205259770340489922e-14 1.4210854715202003717e-14 -4.2632564145606011152e-14 0 1.6342482922482304275e-13 -1.1368683772161602974e-13 7.8159700933611020446e-14 -8.5265128291212022305e-14 4.9737991503207013011e-14 -7.1054273576010018587e-15 1.0658141036401502788e-14 -2.1316282072803005576e-14 0 -7.1054273576010018587e-15 8.8817841970012523234e-15 7.9936057773011270911e-15 5.329070518200751394e-15 -4.9737991503207013011e-14 -2.1316282072803005576e-14 -6.3948846218409016728e-14 -2.1316282072803005576e-14 2.8421709430404007435e-14 -1.4210854715202003717e-14 1.4210854715202003717e-14 0 -7.1054273576010018587e-15 9.2370555648813024163e-14 1.0658141036401502788e-14 7.1054273576010018587e-15 -1.3544720900426909793e-14 0 -5.2106596815093553232e-11 -9999
-3.4749980670767399715e-14 -2.5562496563935610538e-11 2.8421709430404007435e-14 -9999 -9999 9.4405550044029951096e-09 -1.2090328738167954725e-13 -1.1102230246251565404e-16 4.6185277824406512082e-14 1.4210854715202003717e-14 -1.1368683772161602974e-13 6.8212102632969617844e-13 1.1368683772161602974e-13 2.1316282072803005576e-14 2.1316282072803005576e-14 4.2632564145606011152e-14 4.2632564145606011152e-14 4.2632564145606011152e-14 1.4210854715202003717e-14 -8.8817841970012523234e-15 -7.1054273576010018587e-15 5.329070518200751394e-15 -3.5527136788005009294e-15 9.2370555648813024163e-14 4.9737991503207013011e-14 -5.684341886080801487e-14 0 -9.2370555648813024163e-14 -2.8421709430404007435e-14 4.2632564145606011152e-14 3.5527136788005009294e-14 3.5527136788005009294e-15 -1.2789769243681803346e-13 -3.5527136788005009294e-14 2.8421709430404007435e-14 1.7763568394002504647e-15 7.9936057773011270911e-15 -2.8865798640254070051e-15 -3.7524483520456897168e-11
4.7073456244106637314e-14 -1.8641199694968690892e-12 7.1054273576010018587e-15 7.1054273576010018587e-15 1.7652546091539988993e-14 -9999 -9999 -1.0769163338864018442e-14 -2.8532731732866523089e-14 -7.1054273576010018587e-15 7.1054273576010018587e-14 -1.1368683772161602974e-13 0 1.3500311979441903532e-13 0 -7.1054273576010018587e-15 4.9737991503207013011e-14 4.6185277824406512082e-14 0 1.7763568394002504647e-15 1.0658141036401502788e-14 1.0658141036401502788e-14 0 -4.2632564145606011152e-14 -9.2370555648813024163e-14 0 2.8421709430404007435e-14 1.5631940186722204089e-13 5.684341886080801487e-14 -4.9737991503207013011e-14 2.1316282072803005576e-14 4.2632564145606011152e-14 1.207922650792170316e-13 1.0658141036401502788e-14 -5.684341886080801487e-14 1.2434497875801753253e-14 4.4408920985006261617e-15 2.1316282072803005576e-14 1.7652546091539988993e-14
9.8809849191638932098e-15 1.8873791418627661187e-15 1.2323475573339237599e-14 -7.2164496600635175128e-15 -1.6098233857064769836e-14 4.6074255521943996428e-14 1.0547118733938987134e-14 -9999 2.1205259770340489922e-14 9.2259533346350508509e-14 4.2632564145606011152e-14 -1.0231815394945442677e-12 -5.684341886080801487e-14 -8.5265128291212022305e-14 5.684341886080801487e-14 -1.4210854715202003717e-14 -3.5527136788005009294e-14 3.5527136788005009294e-14 4.2632564145606011152e-14 8.8817841970012523234e-15 -7.1054273576010018587e-15 6.2172489379008766264e-15 2.8421709430404007435e-14 -5.684341886080801487e-14 -7.1054273576010018587e-14 -7.1054273576010018587e-15 -8.5265128291212022305e-14 -6.3948846218409016728e-14 -2.8421709430404007435e-14 -2.8421709430404007435e-14 -6.3948846218409016728e-14 1.4210854715202003717e-14 -7.8159700933611020446e-14 4.9737991503207013011e-14 7.8159700933611020446e-14 1.2434497875801753253e-14 7.1054273576010018587e-15 1.0658141036401502788e-14 1.4210854715202003717e-14
7.771561172376095783e-16 -9.7699626167013775557e-15 1.7652546091539988993e-14 1.7652546091539988993e-14 -1.1102230246251565404e-16 1.0547118733938987134e-14 1.4099832412739488063e-14 1.7752466163756253081e-13 -9999 -5.6954441163270530524e-14 7.1054273576010018587e-14 2.0463630789890885353e-12 9.2370555648813024163e-14 -3.5527136788005009294e-14 0 1.4210854715202003717e-14 1.7763568394002504647e-14 -2.4868995751603506505e-14 -1.7763568394002504647e-14 1.5987211554602254182e-14 1.7763568394002504647e-15 5.329070518200751394e-15 -3.5527136788005009294e-14 1.5631940186722204089e-13 1.4210854715202003717e-14 7.1054273576010018587e-14 -2.8421709430404007435e-14 4.9737991503207013011e-14 6.3948846218409016728e-14 -1.4210854715202003717e-14 2.1316282072803005576e-14 -7.1054273576010018587e-15 9.2370555648813024163e-14 3.1263880373444408178e-13 -8.8817841970012523234e-15 1.7763568394002504647e-15 -2.8421709430404007435e-14 -1.9539925233402755111e-14 1.7763568394002504647e-14
1.4988010832439613296e-14 1.8321316685998567664e-09 -6.2698402025773702917e-11 -2.7285951276212472294e-12 -5.431389782373230446e-10 8.5555018625171896929e-10 5.9691263043504250163e-10 1.374416913613174529e-09 2.553512956637860043e-15 -9999 -1.990629883152905677e-13 -1.8189894035458564758e-12 -5.684341886080801487e-14 2.8421709430404007435e-14 3.5527136788005009294e-14 -6.3948846218409016728e-14 -3.5527136788005009294e-15 7.1054273576010018587e-15 -3.5527136788005009294e-15 1.4210854715202003717e-14 7.1054273576010018587e-15 9.7699626167013775557e-15 0 -2.415845301584340632e-13 7.1054273576010018587e-14 -2.8421709430404007435e-14 7.1054273576010018587e-14 -7.1054273576010018587e-14 -1.2789769243681803346e-13 5.684341886080801487e-14 1.4210854715202003717e-14 1.4210854715202003717e-14 -7.1054273576010018587e-15 -2.7000623958883807063e-13 1.5987211554602254182e-14 4.2632564145606011152e-14 7.1054273576010018587e-15 5.329070518200751394e-15 5.329070518200751394e-15
3.6812952686204880592e-10 -1.4210854715202003717e-14 1.7763568394002504647e-14 1.4099832412739488063e-14 6.9944050551384862047e-15 6.9944050551384862047e-15 -2.8532731732866523089e-14 -1.1102230246251565404e-16 -3.1857894100539851934e-09 -9999 8.515410598874950665e-14 -6.6961547418031841516e-11 0 -7.1054273576010018587e-15 -1.4210854715202003717e-14 -2.1316282072803005576e-14 1.0658141036401502788e-14 2.8421709430404007435e-14 -1.4210854715202003717e-14 -3.5527136788005009294e-15 1.0658141036401502788e-14 1.7763568394002504647e-15 6.3948846218409016728e-14 1.7053025658242404461e-13 -4.2632564145606011152e-14 1.4210854715202003717e-14 1.4210854715202003717e-14 8.5265128291212022305e-14 -2.8421709430404007435e-14 -7.1054273576010018587e-14 -9.9475983006414026022e-14 0 -8.5265128291212022305e-14 3.5527136788005009294e-15 -5.684341886080801487e-14 2.4868995751603506505e-14 -3.5527136788005009294e-15 -2.4868995751603506505e-14 1.0658141036401502788e-14
1.7517709505199263731e-11 -3.5527136788005009294e-15 8.8817841970012523234e-16 1.9428902930940239457e-14 -3.6637359812630165834e-15 2.1205259770340489922e-14 -3.6637359812630165834e-15 2.1205259770340489922e-14 -1.1102230246251565404e-16 -3.6171172723697964102e-09 -9999 -1.5256784724471117443e-10 -5.684341886080801487e-14 8.5265128291212022305e-14 2.1316282072803005576e-14 6.3948846218409016728e-14 -1.7763568394002504647e-14 0 7.1054273576010018587e-15 2.4868995751603506505e-14 3.9079850466805510223e-14 1.7763568394002504647e-15 4.2632564145606011152e-14 -1.5631940186722204089e-13 1.2789769243681803346e-13 5.684341886080801487e-14 -1.9895196601282805204e-13 -7.1054273576010018587e-14 1.5631940186722204089e-13 1.9895196601282805204e-13 1.1368683772161602974e-13 -7.1054273576010018587e-15 -2.2737367544323205948e-13 8.5265128291212022305e-14 -1.4210854715202003717e-14 2.1316282072803005576e-14 3.9079850466805510223e-14 -2.8421709430404007435e-14 3.5527136788005009294e-15
