tests/data/reference/gistest/full/control/massbalance.asc
ncols        125
nrows        78
xllcorner    -713756.799299980048
yllcorner    -1061032.369616159936
cellsize     10.000000000000
NODATA_value  -9999
[rows 17 to 33 of 78, columns 38 to 75 of 125]
-4.9849013805669528665e-14 3.541611448554249364e-14 7.0943251273547502933e-14 -4.2743586448068526806e-14 -1.4321877017664519371e-14 -7.1165295878472534241e-14 7.8048678631148504792e-14 -4.2743586448068526806e-14 -2.6756374893466272624e-14 -1.1102230246251565404e-16 -2.142730437526552123e-14 -1.3433698597964394139e-14 1.7652546091539988993e-14 -1.1102230246251565404e-16 2.8310687127941491781e-14 1.4099832412739488063e-14 -8.9928064994637679774e-15 -3.0309088572266773554e-14 -5.4400928206632670481e-15 -5.4400928206632670481e-15 -1.2545520178264268907e-14 2.1205259770340489922e-14 -3.6637359812630165834e-15 -3.9190872769268025877e-14 3.186340080674199271e-14 5.21804821573823574e-15 -6.3282712403633922804e-15 -1.2545520178264268907e-14 7.8048678631148504792e-14 -1.0769163338864018442e-14 -3.6637359812630165834e-15 8.515410598874950665e-14 -1.1102230246251565404e-16 5.21804821573823574e-15 -1.6098233857064769836e-14 8.5117324299943675214e-10 -2.8532731732866523089e-14 4.2521541843143495498e-14
-2.142730437526552123e-14 -1.4321877017664519371e-14 -1.4221956945448255283e-13 -1.0669243266647754353e-13 4.2521541843143495498e-14 -1.4221956945448255283e-13 -9.2481577951275539817e-14 4.9626969200744497357e-14 1.7652546091539988993e-14 -2.498001805406602216e-14 -5.6954441163270530524e-14 -1.6098233857064769836e-14 -3.6637359812630165834e-15 -1.6098233857064769836e-14 -1.1102230246251565404e-16 3.541611448554249364e-14 -6.7612582199672033312e-14 1.6653345369377348106e-15 1.9428902930940239457e-14 -8.9928064994637679774e-15 -2.7755575615628913511e-15 -1.8873791418627661187e-15 -1.4321877017664519371e-14 -2.7755575615628913511e-15 -9.9920072216264088638e-16 -7.2164496600635175128e-15 -1.6098233857064769836e-14 6.9944050551384862047e-15 1.6653345369377348106e-15 -1.4321877017664519371e-14 -1.4321877017664519371e-14 3.4416913763379852753e-15 -2.8532731732866523089e-14 -1.7874590696465020301e-14 -1.1102230246251565404e-16 -6.3282712403633922804e-15 -1.8064849616195033377e-10 9.2259533346350508509e-14
1.0647038806155251223e-13 -4.2743586448068526806e-14 4.2521541843143495498e-14 6.9944050551384862047e-15 -4.2743586448068526806e-14 1.277866701343555178e-13 -7.2164496600635175128e-15 -2.8532731732866523089e-14 2.1205259770340489922e-14 -1.7874590696465020301e-14 -7.2164496600635175128e-15 8.7707618945387366693e-15 -9.9920072216264088638e-16 -3.6637359812630165834e-15 -7.1165295878472534241e-14 -3.6637359812630165834e-15 -1.7064127888488656026e-13 6.9944050551384862047e-15 -3.6637359812630165834e-15 6.9944050551384862047e-15 -7.2164496600635175128e-15 -8.9928064994637679774e-15 -1.8873791418627661187e-15 -3.6637359812630165834e-15 -1.0769163338864018442e-14 -1.9650947535865270765e-14 -2.142730437526552123e-14 -5.4400928206632670481e-15 -3.2085445411667024018e-14 1.4099832412739488063e-14 1.4099832412739488063e-14 -1.4321877017664519371e-14 -1.1379786002407854539e-13 -1.1102230246251565404e-16 -1.0769163338864018442e-14 4.3298697960381105077e-15 3.4416913763379852753e-15 -6.8223482418972025698e-10
-2.142730437526552123e-14 -2.4169555246089657885e-13 4.2521541843143495498e-14 1.4099832412739488063e-14 -1.4321877017664519371e-14 -2.8532731732866523089e-14 -4.9849013805669528665e-14 2.8310687127941491781e-14 -3.2085445411667024018e-14 4.9626969200744497357e-14 1.1357581541915351409e-13 -7.2164496600635175128e-15 -4.5519144009631418157e-15 -1.6098233857064769836e-14 -8.9928064994637679774e-15 7.4495964952348003862e-14 1.4099832412739488063e-14 4.9626969200744497357e-14 1.4099832412739488063e-14 -2.498001805406602216e-14 3.186340080674199271e-14 -1.0769163338864018442e-14 8.7707618945387366693e-15 -1.1102230246251565404e-16 1.0547118733938987134e-14 -1.4321877017664519371e-14 -1.9650947535865270765e-14 1.4099832412739488063e-14 -1.1102230246251565404e-16 4.9626969200744497357e-14 -2.498001805406602216e-14 -1.1102230246251565404e-16 1.5620837956475952524e-13 3.186340080674199271e-14 -1.0769163338864018442e-14 -3.0309088572266773554e-14 -6.3282712403633922804e-15 -9.9920072216264088638e-16
-4.2743586448068526806e-14 1.277866701343555178e-13 1.4099832412739488063e-14 4.2521541843143495498e-14 2.1205259770340489922e-14 5.6732396558345499216e-14 1.1357581541915351409e-13 -1.4321877017664519371e-14 -7.2164496600635175128e-15 -2.8532731732866523089e-14 -5.6954441163270530524e-14 -7.2164496600635175128e-15 1.2323475573339237599e-14 -8.9928064994637679774e-15 -1.6098233857064769836e-14 -1.0769163338864018442e-14 2.1205259770340489922e-14 -7.2164496600635175128e-15 -2.142730437526552123e-14 -3.5638159090467524948e-14 1.7652546091539988993e-14 -4.6296300126869027736e-14 2.1205259770340489922e-14 -2.498001805406602216e-14 6.9944050551384862047e-15 -1.0769163338864018442e-14 -7.2164496600635175128e-15 2.1205259770340489922e-14 -1.1102230246251565404e-16 -4.2743586448068526806e-14 -5.3401727484470029594e-14 -1.1102230246251565404e-16 8.515410598874950665e-14 -6.0507154842071031453e-14 2.1205259770340489922e-14 1.7652546091539988993e-14 -1.1102230246251565404e-16 -8.1046280797636427451e-15
-3.6637359812630165834e-15 -2.5590640717609858257e-13 -1.4221956945448255283e-13 -7.1165295878472534241e-14 2.8310687127941491781e-14 -1.5643042416968455655e-13 -7.1165295878472534241e-14 -7.2164496600635175128e-15 -3.5638159090467524948e-14 -6.4059868520871532382e-14 -4.9849013805669528665e-14 6.9944050551384862047e-15 -2.142730437526552123e-14 6.9944050551384862047e-15 -3.6637359812630165834e-15 2.1205259770340489922e-14 6.9944050551384862047e-15 -4.9849013805669528665e-14 -7.2164496600635175128e-15 9.9364960703951510368e-14 -3.5638159090467524948e-14 -2.142730437526552123e-14 1.4099832412739488063e-14 -4.9849013805669528665e-14 1.0547118733938987134e-14 3.4416913763379852753e-15 -3.6637359812630165834e-15 -1.0769163338864018442e-14 3.4416913763379852753e-15 -2.142730437526552123e-14 3.541611448554249364e-14 4.546363285840016033e-13 -3.1274982603690659744e-13 4.9626969200744497357e-14 1.4099832412739488063e-14 3.4416913763379852753e-15 -8.9928064994637679774e-15 8.7707618945387366693e-15
-6.3282712403633922804e-15 1.4199752484955752152e-13 9.9364960703951510368e-14 1.1357581541915351409e-13 -4.9849013805669528665e-14 2.2726265314076954382e-13 -2.8532731732866523089e-14 3.541611448554249364e-14 4.2521541843143495498e-14 2.8310687127941491781e-14 7.0943251273547502933e-14 -2.8532731732866523089e-14 -1.0769163338864018442e-14 -1.6098233857064769836e-14 -5.4400928206632670481e-15 1.6653345369377348106e-15 -3.9190872769268025877e-14 -2.142730437526552123e-14 -3.5638159090467524948e-14 -5.6954441163270530524e-14 -4.2743586448068526806e-14 3.541611448554249364e-14 6.9944050551384862047e-15 -2.8532731732866523089e-14 1.4099832412739488063e-14 -2.498001805406602216e-14 -2.498001805406602216e-14 3.541611448554249364e-14 -1.7874590696465020301e-14 -1.7874590696465020301e-14 -1.4321877017664519371e-14 -1.4221956945448255283e-13 8.515410598874950665e-14 -6.4059868520871532382e-14 -8.5376150593674537959e-14 -2.498001805406602216e-14 -2.498001805406602216e-14 -1.6098233857064769836e-14
-5.4400928206632670481e-15 -1.7064127888488656026e-13 -8.5376150593674537959e-14 -8.5376150593674537959e-14 -8.5376150593674537959e-14 -1.4221956945448255283e-13 1.1357581541915351409e-13 -1.4221956945448255283e-13 -1.4321877017664519371e-14 2.8310687127941491781e-14 -2.8532731732866523089e-14 2.1205259770340489922e-14 -7.2164496600635175128e-15 -1.4321877017664519371e-14 3.4416913763379852753e-15 -1.2545520178264268907e-14 -2.498001805406602216e-14 -1.1102230246251565404e-16 4.2521541843143495498e-14 4.2521541843143495498e-14 6.3837823915946501074e-14 2.8310687127941491781e-14 -4.9849013805669528665e-14 -4.9849013805669528665e-14 8.515410598874950665e-14 6.9944050551384862047e-15 2.8310687127941491781e-14 -1.4321877017664519371e-14 -4.9849013805669528665e-14 3.541611448554249364e-14 -1.4321877017664519371e-14 -1.4221956945448255283e-13 3.1252778143198156613e-13 6.9944050551384862047e-15 9.2259533346350508509e-14 -1.0769163338864018442e-14 2.8310687127941491781e-14 1.0547118733938987134e-14
1.1357581541915351409e-13 -8.9928064994637679774e-15 1.1367573549136977817e-12 7.0943251273547502933e-14 5.6732396558345499216e-14 1.4199752484955752152e-13 -7.1165295878472534241e-14 1.4199752484955752152e-13 7.8048678631148504792e-14 1.4099832412739488063e-14 -1.4221956945448255283e-13 -8.5376150593674537959e-14 3.4416913763379852753e-15 1.6653345369377348106e-15 -9.8809849191638932098e-15 1.4099832412739488063e-14 2.1205259770340489922e-14 -1.7874590696465020301e-14 2.1205259770340489922e-14 -1.1102230246251565404e-16 -5.6954441163270530524e-14 1.4099832412739488063e-14 -1.7064127888488656026e-13 -2.8532731732866523089e-14 1.2068124277675451594e-13 -5.6954441163270530524e-14 -1.1102230246251565404e-16 -2.8532731732866523089e-14 -4.9849013805669528665e-14 -2.142730437526552123e-14 1.4099832412739488063e-14 3.9779290972319358843e-13 -3.9801495432811861974e-13 -4.9849013805669528665e-14 -3.5638159090467524948e-14 -1.1102230246251565404e-16 -1.4321877017664519371e-14 -3.5638159090467524948e-14
-8.9928064994637679774e-15 -1.4221956945448255283e-13 1.4099832412739488063e-14 -6.8223204863215869409e-13 2.1205259770340489922e-14 -1.8485213360008856398e-13 8.515410598874950665e-14 -8.5376150593674537959e-14 -8.5376150593674537959e-14 -1.4321877017664519371e-14 1.7041923427996152896e-13 4.9626969200744497357e-14 -2.142730437526552123e-14 1.6653345369377348106e-15 -3.6637359812630165834e-15 -8.9928064994637679774e-15 3.4416913763379852753e-15 -5.3401727484470029594e-14 -1.1102230246251565404e-16 3.541611448554249364e-14 -9.2481577951275539817e-14 7.8048678631148504792e-14 -6.4059868520871532382e-14 1.7041923427996152896e-13 9.9364960703951510368e-14 -1.8485213360008856398e-13 -1.1102230246251565404e-16 -2.8532731732866523089e-14 3.541611448554249364e-14 -6.4059868520871532382e-14 -2.8532731732866523089e-14 5.6732396558345499216e-14 3.4094949086238557356e-13 1.4099832412739488063e-14 -4.9849013805669528665e-14 2.1205259770340489922e-14 -3.5638159090467524948e-14 -3.6637359812630165834e-15
8.0336792773749721164e-10 -5.4400928206632670481e-15 1.1357581541915351409e-13 7.3885342288804167765e-13 -7.1165295878472534241e-14 5.6732396558345499216e-14 -1.4221956945448255283e-13 2.8310687127941491781e-14 -2.142730437526552123e-14 -4.9849013805669528665e-14 1.1357581541915351409e-13 -2.142730437526552123e-14 2.1205259770340489922e-14 -2.142730437526552123e-14 -2.6756374893466272624e-14 3.0087043967341742245e-14 -9.9920072216264088638e-16 -2.8532731732866523089e-14 6.9944050551384862047e-15 2.1205259770340489922e-14 -4.9849013805669528665e-14 6.3837823915946501074e-14 -4.9849013805669528665e-14 9.9364960703951510368e-14 1.1357581541915351409e-13 7.0943251273547502933e-14 2.1205259770340489922e-14 -4.9849013805669528665e-14 -7.82707232360735361e-14 -1.2800871473928054911e-13 1.4910295220715852338e-13 -1.2506662372402388428e-12 -1.1379786002407854539e-13 2.1205259770340489922e-14 -4.2743586448068526806e-14 -7.1165295878472534241e-14 9.2259533346350508509e-14 3.541611448554249364e-14
-6.4059868520871532382e-14 4.0358816288943444306e-10 1.0547118733938987134e-14 1.1357581541915351409e-13 -1.4321877017664519371e-14 1.4099832412739488063e-14 -1.4321877017664519371e-14 -5.6954441163270530524e-14 -2.142730437526552123e-14 -4.2743586448068526806e-14 -1.1379786002407854539e-13 4.2521541843143495498e-14 -2.142730437526552123e-14 2.1205259770340489922e-14 -1.8873791418627661187e-15 -6.0507154842071031453e-14 5.21804821573823574e-15 -4.2743586448068526806e-14 8.870681966755000758e-14 -9.9920072216264088638e-16 -2.8532731732866523089e-14 1.4099832412739488063e-14 -4.2743586448068526806e-14 -2.8532731732866523089e-14 -4.2743586448068526806e-14 -9.9587005308876541676e-14 -1.4321877017664519371e-14 2.8310687127941491781e-14 -6.4059868520871532382e-14 7.0943251273547502933e-14 9.9364960703951510368e-14 8.5254026060965770739e-13 -1.4221956945448255283e-13 7.0943251273547502933e-14 -7.2164496600635175128e-15 6.9944050551384862047e-15 -9.2481577951275539817e-14 -2.142730437526552123e-14
1.2300904739248608166e-10 2.1205259770340489922e-14 1.0077768619609628331e-09 -1.7874590696465020301e-14 4.546363285840016033e-13 -1.4221956945448255283e-13 -1.4321877017664519371e-14 -2.8532731732866523089e-14 -1.1102230246251565404e-16 1.1357581541915351409e-13 -2.2748469774569457513e-13 -1.0669243266647754353e-13 -2.8532731732866523089e-14 -4.2743586448068526806e-14 2.1205259770340489922e-14 1.4099832412739488063e-14 -4.80726569662692782e-14 -1.4321877017664519371e-14 -8.5376150593674537959e-14 -1.8873791418627661187e-15 1.2323475573339237599e-14 5.6732396558345499216e-14 2.8310687127941491781e-14 -3.5638159090467524948e-14 -9.9587005308876541676e-14 -1.1102230246251565404e-16 -1.1102230246251565404e-16 -1.8485213360008856398e-13 -3.5638159090467524948e-14 -2.8532731732866523089e-14 -2.8532731732866523089e-14 6.9944050551384862047e-15 -9.0960572407539075357e-13 7.0943251273547502933e-14 -1.1102230246251565404e-16 2.1205259770340489922e-14 1.4099832412739488063e-14 6.9944050551384862047e-15
-8.6213276517810299993e-09 -1.830380824685562402e-08 -2.5297140382463112473e-08 -1.0036275144287287731e-09 1.3519183994503691792e-08 2.1429957808294375354e-10 1.1357581541915351409e-13 -9.9587005308876541676e-14 -4.2743586448068526806e-14 -8.5376150593674537959e-14 2.2726265314076954382e-13 2.1205259770340489922e-14 5.6732396558345499216e-14 5.6732396558345499216e-14 -7.2164496600635175128e-15 -7.2164496600635175128e-15 -1.1102230246251565404e-16 6.9944050551384862047e-15 -1.1102230246251565404e-16 -1.1102230246251565404e-16 -8.1046280797636427451e-15 -1.9650947535865270765e-14 -4.9849013805669528665e-14 -1.2090328738167954725e-13 2.8310687127941491781e-14 1.5620837956475952524e-13 5.6732396558345499216e-14 -7.1165295878472534241e-14 2.4147350785597154754e-13 5.6732396558345499216e-14 -7.1165295878472534241e-14 -2.8532731732866523089e-14 -7.1165295878472534241e-14 5.6832316630561763304e-13 4.2521541843143495498e-14 -2.8532731732866523089e-14 -1.4321877017664519371e-14 -4.2743586448068526806e-14
-1.431385499017778784e-08 -8.5076408140594139695e-09 6.5670064941514283419e-09 1.058219822880346328e-08 -6.0160800785524770617e-09 2.4283963284688070416e-08 -1.7638740246184170246e-08 2.7624992071650922298e-08 2.1305179842556754011e-13 -5.6954441163270530524e-14 4.2521541843143495498e-14 -1.1102230246251565404e-16 -1.5643042416968455655e-13 2.1205259770340489922e-14 -1.0769163338864018442e-14 -2.142730437526552123e-14 2.4757973449140990851e-14 6.9944050551384862047e-15 7.0943251273547502933e-14 -1.1102230246251565404e-16 -1.1102230246251565404e-16 -3.6637359812630165834e-15 -1.4321877017664519371e-14 1.4099832412739488063e-14 7.0943251273547502933e-14 -2.8532731732866523089e-14 -4.2743586448068526806e-14 -2.5590640717609858257e-13 1.4099832412739488063e-14 -2.1327384303049257142e-13 -7.1165295878472534241e-14 1.4199752484955752152e-13 -1.1102230246251565404e-16 1.2504441926353138115e-12 1.277866701343555178e-13 6.9944050551384862047e-15 -9.2481577951275539817e-14 3.541611448554249364e-14
-1.1102230246251565404e-16 4.9626969200744497357e-14 -4.2743586448068526806e-14 -7.82707232360735361e-14 1.4099832412739488063e-14 -2.2748469774569457513e-13 5.6732396558345499216e-14 2.8310687127941491781e-14 2.9758666642010211945e-09 -5.6313183449674397707e-08 -1.452463038731366396e-08 -5.6954441163270530524e-14 -9.9587005308876541676e-14 -1.1379786002407854539e-13 -1.4321877017664519371e-14 -1.1102230246251565404e-16 -5.6954441163270530524e-14 -2.142730437526552123e-14 -9.2481577951275539817e-14 -7.2164496600635175128e-15 1.4099832412739488063e-14 3.4416913763379852753e-15 1.6653345369377348106e-15 -2.498001805406602216e-14 -4.2743586448068526806e-14 -1.1102230246251565404e-16 -1.1102230246251565404e-16 -8.5376150593674537959e-14 -1.1102230246251565404e-16 -1.4221956945448255283e-13 1.277866701343555178e-13 2.1305179842556754011e-13 7.0943251273547502933e-14 -2.6149082898996311997e-12 -8.5376150593674537959e-14 4.2521541843143495498e-14 1.4199752484955752152e-13 -7.2164496600635175128e-15
-1.1379786002407854539e-13 1.4099832412739488063e-14 6.0285110237146000145e-14 -2.498001805406602216e-14 -3.5638159090467524948e-14 -1.1735057370287904632e-13 1.0547118733938987134e-14 -3.6637359812630165834e-15 -4.9849013805669528665e-14 -8.5376150593674537959e-14 -4.2743586448068526806e-14 3.1082890927791595459e-08 -2.5071130949072539806e-08 -1.5244040696416050196e-08 7.0943251273547502933e-14 2.1205259770340489922e-14 -6.4059868520871532382e-14 9.2259533346350508509e-14 2.1205259770340489922e-14 1.4099832412739488063e-14 -1.8873791418627661187e-15 -5.3401727484470029594e-14 -1.0769163338864018442e-14 -2.498001805406602216e-14 1.0547118733938987134e-14 -7.2164496600635175128e-15 -9.9587005308876541676e-14 -1.1102230246251565404e-16 9.9364960703951510368e-14 1.4199752484955752152e-13 3.4094949086238557356e-13 -1.2800871473928054911e-13 -7.1165295878472534241e-14 -1.2800871473928054911e-13 -7.7989281699331058917e-11 -5.6954441163270530524e-14 -7.1165295878472534241e-14 -2.142730437526552123e-14
