tests/data/reference/gistest/full/control/massbalance.asc
ncols        125
nrows        78
xllcorner    -713756.799299980048
yllcorner    -1061032.369616159936
cellsize     10.000000000000
NODATA_value  -9999
[rows 17 to 33 of 78, columns 0 to 37 of 125]
-9999 -9999 -9999 -9999 -9999 -9999 -9999 -9999 -9999 -9999 -9999 -9999 -9999 -9999 -9999 -9999 -9999 -9999 -9999 -2.142730437526552123e-14 -3.2085445411667024018e-14 2.8310687127941491781e-14 -9.2481577951275539817e-14 -2.8532731732866523089e-14 2.1305179842556754011e-13 -1.8873791418627661187e-15 -6.3282712403633922804e-15 2.0044693682663705658e-10 -1.0658141036401502788e-14 3.1252778143198156613e-13 -1.1368683772161602974e-13 -1.1102230246251565404e-16 -3.6637359812630165834e-15 1.6653345369377348106e-15 -5.6954441163270530524e-14 -6.3282712403633922804e-15 3.1252778143198156613e-13 8.515410598874950665e-14
-9999 -9999 -9999 -9999 -9999 -9999 -9999 -9999 -9999 -9999 -9999 -9999 -9999 -9999 -9999 -9999 -9999 -9999 -4.5519144009631418157e-15 -2.142730437526552123e-14 2.1205259770340489922e-14 -2.8532731732866523089e-14 1.8463008899516353267e-13 -8.9928064994637679774e-15 -1.1102230246251565404e-16 -1.5909495942878493224e-13 -8.0351836295733392035e-12 -1.4210854715202003717e-13 -1.990629883152905677e-13 -2.7755575615628913511e-15 1.4210854715202003717e-13 -2.3203661214665771695e-14 -1.4321877017664519371e-14 -1.7874590696465020301e-14 -1.5643042416968455655e-13 -3.6637359812630165834e-15 -5.6954441163270530524e-14 1.7041923427996152896e-13
-9999 -9999 -9999 -9999 -9999 -9999 -9999 -9999 -9999 -9999 -9999 -9999 -9999 -9999 -9999 -9999 -9999 -7.2164496600635175128e-15 3.4416913763379852753e-15 4.2521541843143495498e-14 2.8310687127941491781e-14 -8.5376150593674537959e-14 -7.2164496600635175128e-15 -1.8873791418627661187e-15 -2.7755575615628913511e-15 2.6156132815202681741e-11 2.6711965972481266363e-13 5.684341886080801487e-14 2.2737367544323205948e-13 -1.2545520178264268907e-14 1.1357581541915351409e-13 -1.1102230246251565404e-16 -3.6637359812630165834e-15 -5.6954441163270530524e-14 -1.7064127888488656026e-13 -3.6637359812630165834e-15 -1.1102230246251565404e-16 -1.1379786002407854539e-13
-9999 -9999 -9999 -9999 -9999 -9999 -9999 -9999 -9999 -9999 -9999 -9999 -9999 -9999 -9999 -9999 -1.1102230246251565404e-16 -7.2164496600635175128e-15 -8.9928064994637679774e-15 -6.7612582199672033312e-14 2.8310687127941491781e-14 -3.6637359812630165834e-15 -2.7755575615628913511e-15 -5.4400928206632670481e-15 3.0462021793908888867e-11 1.262207005581217345e-11 1.4199752484955752152e-13 -3.1263880373444408178e-13 1.1357581541915351409e-13 1.0547118733938987134e-14 -2.7011726189130058629e-13 2.1205259770340489922e-14 -7.2164496600635175128e-15 8.515410598874950665e-14 2.9831692671677956241e-13 1.4099832412739488063e-14 4.2521541843143495498e-14 1.4199752484955752152e-13
-9999 -9999 -9999 -9999 -9999 -9999 -9999 -9999 -9999 -9999 -9999 -9999 -9999 -9999 -9999 -9999 -1.9650947535865270765e-14 2.2981616609740740387e-14 -3.9190872769268025877e-14 3.1252778143198156613e-13 6.9944050551384862047e-15 -6.3282712403633922804e-15 -9.9920072216264088638e-16 -1.3766765505351941101e-14 -1.8108903265812159589e-11 0 -1.7064127888488656026e-13 1.4210854715202003717e-13 -2.8432811660650259e-13 -2.3203661214665771695e-14 -1.1102230246251565404e-16 -2.7755575615628913511e-15 -6.0507154842071031453e-14 7.0943251273547502933e-14 -5.6954441163270530524e-14 -7.4718009557273035171e-14 4.2521541843143495498e-14 -1.2800871473928054911e-13
-9999 -9999 -9999 -9999 -9999 -9999 -9999 -9999 -9999 -9999 -9999 -9999 -9999 -9999 -9999 -9999 3.186340080674199271e-14 -3.5638159090467524948e-14 4.9626969200744497357e-14 1.9884094371036553639e-13 7.771561172376095783e-16 -8.1046280797636427451e-15 2.3314683517128287349e-15 -1.5966616917495457528e-11 5.3956838996782607865e-14 -2.1316282072803005576e-14 1.9884094371036553639e-13 3.4094949086238557356e-13 5.6732396558345499216e-14 -1.4321877017664519371e-14 8.515410598874950665e-14 -1.1102230246251565404e-16 -1.6098233857064769836e-14 8.515410598874950665e-14 2.2726265314076954382e-13 2.1205259770340489922e-14 -9.9587005308876541676e-14 -5.6954441163270530524e-14
-9999 -9999 -9999 -9999 -9999 -9999 -9999 -9999 -9999 -9999 -9999 -9999 -9999 -9999 -9999 1.6653345369377348106e-15 -4.9849013805669528665e-14 -5.6954441163270530524e-14 -2.8706037547010510025e-11 3.4416913763379852753e-15 2.553512956637860043e-15 -8.3266726846886740532e-15 4.7243875478386598843e-12 -1.7208456881689926377e-14 1.4266365866433261544e-14 4.9737991503207013011e-14 -2.8532731732866523089e-14 -1.1102230246251565404e-16 1.4199752484955752152e-13 4.9626969200744497357e-14 1.4199752484955752152e-13 -1.1657341758564143674e-14 -1.9650947535865270765e-14 1.4099832412739488063e-14 -8.5376150593674537959e-14 -8.5376150593674537959e-14 -5.6954441163270530524e-14 -2.2748469774569457513e-13
-9999 -9999 -9999 -9999 -9999 -9999 -9999 -9999 -9999 -9999 -9999 -9999 -9999 -9999 -9999 -1.8873791418627661187e-15 2.3679262994846794754e-09 -5.2415327633781316763e-10 -5.4400928206632670481e-15 7.771561172376095783e-16 -1.8873791418627661187e-15 3.4671987503287482468e-11 -4.3468173505090135222e-11 -3.6637359812630165834e-15 2.4757973449140990851e-14 -2.142730437526552123e-14 -2.8532731732866523089e-14 -2.5590640717609858257e-13 -3.1274982603690659744e-13 -3.2085445411667024018e-14 -1.2545520178264268907e-14 -2.8432811660650259e-13 -1.1102230246251565404e-16 6.9944050551384862047e-15 6.9944050551384862047e-15 -5.6854521091054266435e-13 2.5568436257117355126e-13 2.2726265314076954382e-13
-9999 -9999 -9999 -9999 -9999 -9999 -9999 -9999 -9999 -9999 -9999 -9999 -9999 -9999 -9999 -4.9573714022699277848e-09 3.4416913763379852753e-15 -6.3282712403633922804e-15 -2.7755575615628913511e-15 -7.2164496600635175128e-15 -3.3306690738754696213e-16 -8.0991324757917482202e-12 -3.5527136788005009294e-15 -2.4868995751603506505e-14 -1.7874590696465020301e-14 -5.3401727484470029594e-14 -9.2481577951275539817e-14 -3.9909775484403553492e-10 3.9779290972319358843e-13 -2.8532731732866523089e-14 -2.7755575615628913511e-15 5.21804821573823574e-15 2.8310687127941491781e-14 -5.4400928206632670481e-15 -2.142730437526552123e-14 -1.4321877017664519371e-14 2.2726265314076954382e-13 1.6653345369377348106e-15
-9999 -9999 -9999 -9999 -9999 -9999 -9999 -9999 -9999 -9999 -9999 -9999 -9999 6.1062266354383609723e-15 -7.2164496600635175128e-15 6.9944050551384862047e-15 3.4416913763379852753e-15 -3.6637359812630165834e-15 -2.7755575615628913511e-15 -5.6621374255882983562e-15 9.4637075953585281241e-12 -2.8865798640254070051e-15 4.2632564145606011152e-14 1.7763568394002504647e-14 3.9079850466805510223e-14 -3.6637359812630165834e-15 4.6074255521943996428e-14 -1.6598289409586186594e-10 -2.3021695660929708538e-11 -1.4321877017664519371e-14 1.4099832412739488063e-14 -6.3282712403633922804e-15 -1.1102230246251565404e-16 1.7041923427996152896e-13 3.541611448554249364e-14 4.2521541843143495498e-14 -6.4059868520871532382e-14 4.4963033296596677246e-11
-9999 -9999 -9999 -9999 -9999 -9999 -9999 -9999 -9999 -9999 -9999 -9999 -9999 -9999 -1.8873791418627661187e-15 1.6653345369377348106e-15 -7.2164496600635175128e-15 3.4416913763379852753e-15 -3.3306690738754696213e-16 -2.9150737379524116477e-11 3.2529534621517086634e-14 4.2521541843143495498e-14 2.1205259770340489922e-14 4.2521541843143495498e-14 -2.8421709430404007435e-14 -2.8532731732866523089e-14 -8.5376150593674537959e-14 5.3990145687521362561e-13 8.208188573277652722e-10 4.2950876188996289784e-10 8.515410598874950665e-14 -7.2164496600635175128e-15 -3.6637359812630165834e-15 -3.6637359812630165834e-15 -1.1379786002407854539e-13 -7.4718009557273035171e-14 -1.4321877017664519371e-14 5.6732396558345499216e-14
-9999 -9999 -9999 -9999 -9999 -9999 -9999 -9999 -9999 -9999 -9999 -9999 -9999 -9999 -9999 -9999 -3.6637359812630165834e-15 -3.8857805861880478915e-15 -5.2970794417461775083e-11 5.0252413341667079294e-11 -7.0499162063697440317e-15 -3.5527136788005009294e-14 5.3179682879544998286e-14 -3.5638159090467524948e-14 1.4099832412739488063e-14 -2.8532731732866523089e-14 2.1205259770340489922e-14 -4.9849013805669528665e-14 -2.8532731732866523089e-14 2.7955593395745381713e-09 8.23859980236818501e-10 -1.3511414209688155097e-13 -1.4321877017664519371e-14 -8.9928064994637679774e-15 -3.5638159090467524948e-14 1.1357581541915351409e-13 4.6074255521943996428e-14 -2.142730437526552123e-14
-9999 -9999 -9999 -9999 -9999 -9999 -9999 -9999 -9999 -9999 -9999 -9999 -9999 -9999 -9999 -9999 -9999 -6.5503158452884235885e-15 1.0447925857803852523e-10 1.4210854715202003717e-14 -5.3401727484470029594e-14 3.186340080674199271e-14 4.9626969200744497357e-14 -7.1165295878472534241e-14 -4.2743586448068526806e-14 9.2259533346350508509e-14 -7.82707232360735361e-14 -4.2743586448068526806e-14 -1.1102230246251565404e-16 -1.4321877017664519371e-14 2.6844872991205193102e-09 2.2853328118799254298e-09 6.2220806285040453076e-09 -1.0769163338864018442e-14 1.4099832412739488063e-14 5.6732396558345499216e-14 6.053713086373591068e-12 8.049017008460168654e-11
-9999 -9999 -9999 -9999 -9999 -9999 -9999 -9999 -9999 -9999 -9999 -9999 -9999 -9999 -9999 -9999 -9999 4.2126468979830633543e-11 -1.0103029524088924518e-14 -1.9650947535865270765e-14 1.0547118733938987134e-14 -1.1102230246251565404e-16 1.7408295915899429929e-09 -3.1084823604032862931e-09 -8.2258122535705524569e-10 -6.1536979956144932657e-09 4.801506747753592208e-09 -1.1205544270254108596e-09 5.5762825468264054507e-09 6.0107367971795611084e-09 5.6293743000424001366e-09 -1.5605224890080648947e-09 1.3780095287074800581e-08 1.4322267816169187427e-08 5.9587819123407825828e-09 1.2768623491865582764e-08 -2.92370714305434376e-08 -6.6152097133453935385e-09
-9999 -9999 -9999 -9999 -9999 -9999 -9999 -9999 -9999 -9999 -9999 -9999 -9999 -9999 -9999 -9999 -1.561251128379126385e-12 4.3298697960381105077e-15 -2.6756374893466272624e-14 2.8421709430404007435e-14 -1.990629883152905677e-13 2.2460540094471070915e-09 3.541611448554249364e-14 -5.6954441163270530524e-14 3.8358205500799158472e-13 2.8310687127941491781e-14 -5.9696692034094667179e-13 5.6732396558345499216e-14 -5.2409643291895235961e-10 -8.3400675254807765668e-10 -5.3654514164946931487e-10 -5.4910753721770788616e-10 -5.1443305171261499709e-10 3.1488411877944599837e-09 2.3787833924870938063e-09 3.2071045819037635738e-10 -3.5237246454045134669e-10 2.9037892090855166316e-09
-9999 -9999 -9999 -9999 -9999 -9999 -9999 -9999 -9999 -9999 -9999 -9999 -9999 -9999 -9999 3.5744907034285233749e-11 4.8168746769050585499e-11 -4.9737991503207013011e-14 1.4210854715202003717e-13 3.541611448554249364e-14 -7.2603825174155645072e-09 -3.5638159090467524948e-14 5.6732396558345499216e-14 1.3489209749195651966e-13 -1.1379786002407854539e-13 -1.4221956945448255283e-13 -1.2090328738167954725e-13 1.1357581541915351409e-13 -2.2748469774569457513e-13 1.5620837956475952524e-13 2.8310687127941491781e-14 -1.5643042416968455655e-13 2.5514168555673677474e-09 -5.3333337746153119951e-09 3.2383695725002326071e-09 1.8842456483980640769e-09 -8.9404466052656061947e-09 -7.2164496600635175128e-15
-9999 -9999 -9999 -9999 -9999 -9999 -9999 -9999 -9999 -9999 -9999 -9999 -9999 -9999 -9999 3.9263869933137129919e-11 1.1801670751765414025e-13 -3.5638159090467524948e-14 -1.4321877017664519371e-14 1.6579518868908849072e-09 3.8968828164342994569e-14 -6.4059868520871532382e-14 -8.5376150593674537959e-14 6.3837823915946501074e-14 5.6732396558345499216e-14 2.1205259770340489922e-14 -3.1274982603690659744e-13 -1.4321877017664519371e-14 1.4099832412739488063e-14 3.3049332159862387925e-09 4.0904513110007201249e-10 -1.6086798559911130724e-11 2.1205259770340489922e-14 -7.1165295878472534241e-14 -6.4059868520871532382e-14 -1.2800871473928054911e-13 -1.2545520178264268907e-14 -8.9928064994637679774e-15
