tests/data/reference/gistest/full/control/massbalance.asc
ncols        125
nrows        78
xllcorner    -713756.799299980048
yllcorner    -1061032.369616159936
cellsize     10.000000000000
NODATA_value  -9999
[rows 34 to 50 of 78, columns 39 to 77 of 125]
-2.8532731732866523089e-14 -3.5638159090467524948e-14 -2.8532731732866523089e-14 -7.4718009557273035171e-14 2.1205259770340489922e-14 -3.6637359812630165834e-15 6.9944050551384862047e-15 -3.5638159090467524948e-14 -1.1102230246251565404e-16 2.8310687127941491781e-14 -3.6637359812630165834e-15 -7.1165295878472534241e-14 6.9944050551384862047e-15 -5.3407347877509891987e-08 1.4698343875352293253e-08 6.865775503683835268e-09 -8.5376150593674537959e-14 5.6732396558345499216e-14 -1.2090328738167954725e-13 7.8048678631148504792e-14 3.4416913763379852753e-15 1.4099832412739488063e-14 1.0547118733938987134e-14 -3.6637359812630165834e-15 -9.9587005308876541676e-14 9.2259533346350508509e-14 1.4199752484955752152e-13 2.8310687127941491781e-14 -1.7064127888488656026e-13 -1.2800871473928054911e-13 -1.990629883152905677e-13 1.5620837956475952524e-13 -1.5643042416968455655e-13 -5.8469151742457370347e-10 -1.8485213360008856398e-13 -8.5376150593674537959e-14 -2.142730437526552123e-14 -2.8532731732866523089e-14 -9.9587005308876541676e-14
-1.7874590696465020301e-14 -8.5376150593674537959e-14 -1.7874590696465020301e-14 1.4099832412739488063e-14 -1.1102230246251565404e-16 -1.0769163338864018442e-14 -3.6637359812630165834e-15 -2.6756374893466272624e-14 -8.9928064994637679774e-15 -1.4321877017664519371e-14 -1.9650947535865270765e-14 -1.1102230246251565404e-16 -9.9587005308876541676e-14 1.4199752484955752152e-13 2.6989521728637555498e-13 -2.2748469774569457513e-13 -4.9369191401638090611e-08 -5.6954441163270530524e-14 -3.5638159090467524948e-14 1.1357581541915351409e-13 -1.0669243266647754353e-13 1.0547118733938987134e-14 6.9944050551384862047e-15 -3.9190872769268025877e-14 -3.9190872769268025877e-14 -1.4321877017664519371e-14 2.8310687127941491781e-14 1.1357581541915351409e-13 -1.7064127888488656026e-13 1.5620837956475952524e-13 -4.2743586448068526806e-14 -9.9587005308876541676e-14 -3.6959324489771461231e-13 8.515410598874950665e-14 -1.1857538284587576527e-09 2.8310687127941491781e-14 8.515410598874950665e-14 -9.9587005308876541676e-14 8.515410598874950665e-14
3.8968828164342994569e-14 1.7652546091539988993e-14 -2.8532731732866523089e-14 -2.8532731732866523089e-14 -1.6098233857064769836e-14 1.6653345369377348106e-15 -1.0769163338864018442e-14 -8.9928064994637679774e-15 -1.0769163338864018442e-14 6.9944050551384862047e-15 -1.2545520178264268907e-14 -1.1102230246251565404e-16 -2.3203661214665771695e-14 -1.2545520178264268907e-14 -9.9920072216264088638e-16 -8.9928064994637679774e-15 -4.0967229608668276342e-14 -1.6356352716684341431e-08 -3.8966391002759337425e-08 1.6351805243175476789e-08 -4.4557054934557527304e-08 1.0647038806155251223e-13 -1.1102230246251565404e-16 -7.2164496600635175128e-15 -5.6954441163270530524e-14 -1.0769163338864018442e-14 1.4099832412739488063e-14 -2.5590640717609858257e-13 -1.1379786002407854539e-13 -3.8380409961291661602e-13 1.7041923427996152896e-13 1.4099832412739488063e-14 -1.5643042416968455655e-13 8.515410598874950665e-14 -1.1102230246251565404e-16 8.4241835729415015521e-11 -1.7064127888488656026e-13 3.9779290972319358843e-13 -7.2164496600635175128e-15
-1.2545520178264268907e-14 -1.1102230246251565404e-16 -1.6098233857064769836e-14 -3.6637359812630165834e-15 -1.2545520178264268907e-14 -1.4321877017664519371e-14 -7.2164496600635175128e-15 5.21804821573823574e-15 -1.3433698597964394139e-14 -3.6637359812630165834e-15 -5.6954441163270530524e-14 -1.1102230246251565404e-16 -7.2164496600635175128e-15 -7.2164496600635175128e-15 1.6653345369377348106e-15 -1.0769163338864018442e-14 -5.3401727484470029594e-14 2.8310687127941491781e-14 -1.4321877017664519371e-14 3.541611448554249364e-14 -1.2090328738167954725e-13 2.481101546436548233e-09 3.923742042388767004e-08 -5.0212292990181595087e-08 2.115666575264185667e-08 -3.3429387258365750313e-08 3.8393409340642392635e-08 -2.5878762244246900082e-08 1.069829522748477757e-07 -1.038879418047145009e-07 1.0500298230908811092e-07 -5.6954441163270530524e-14 2.8310687127941491781e-14 4.1200376443839559215e-13 -3.8380409961291661602e-13 -3.6637359812630165834e-15 5.2659732130422298724e-10 -2.2748469774569457513e-13 -1.4321877017664519371e-14
-1.2545520178264268907e-14 -9.9920072216264088638e-16 -5.4400928206632670481e-15 -1.1657341758564143674e-14 -2.6756374893466272624e-14 2.1205259770340489922e-14 6.9944050551384862047e-15 -2.8532731732866523089e-14 -3.9190872769268025877e-14 6.3837823915946501074e-14 -5.4400928206632670481e-15 -1.3433698597964394139e-14 -5.4400928206632670481e-15 -1.5210055437364644604e-14 -1.4321877017664519371e-14 1.9428902930940239457e-14 -1.1102230246251565404e-16 7.4819581641349941492e-09 4.5761225919704884291e-09 8.8953129306901246309e-09 -2.2278072719927877188e-08 -4.1532075556460767984e-09 2.0814240997424349189e-08 8.5406099969986826181e-09 -1.3613316696137189865e-08 1.8949322111438959837e-08 1.0062649380415678024e-08 6.4546838984824717045e-09 1.1499196261866018176e-08 -1.3403223420027643442e-08 -1.3939825294073671103e-08 1.0799340088851749897e-07 -2.2379026631824672222e-08 -2.2748469774569457513e-13 -1.990629883152905677e-13 1.4099832412739488063e-14 7.6829553830037866646e-10 9.9364960703951510368e-14 -5.6954441163270530524e-14
-2.3203661214665771695e-14 1.4099832412739488063e-14 -8.9928064994637679774e-15 -8.9928064994637679774e-15 -1.8873791418627661187e-15 1.2323475573339237599e-14 -6.0507154842071031453e-14 -1.1102230246251565404e-16 4.2521541843143495498e-14 -6.4059868520871532382e-14 -7.2164496600635175128e-15 1.4099832412739488063e-14 -1.4321877017664519371e-14 7.0943251273547502933e-14 -1.0669243266647754353e-13 7.9999153967946767807e-09 -7.3537194111850112677e-09 -2.5590640717609858257e-13 1.7041923427996152896e-13 2.1305179842556754011e-13 -7.1165295878472534241e-14 -5.259126467649366532e-13 1.8463008899516353267e-13 -1.1379786002407854539e-13 -9.9587005308876541676e-14 -2.8532731732866523089e-14 -2.8532731732866523089e-14 -1.1102230246251565404e-16 1.0647038806155251223e-13 9.9364960703951510368e-14 1.4099832412739488063e-14 1.1357581541915351409e-13 1.7041923427996152896e-13 -5.3883923101238906384e-08 -1.1787051334977149963e-09 -5.9648300521075725555e-08 8.9188688434660434723e-08 -1.6057130070024072666e-09 1.9884094371036553639e-13
-3.6637359812630165834e-15 -8.9928064994637679774e-15 1.4099832412739488063e-14 -8.9928064994637679774e-15 -8.9928064994637679774e-15 1.0547118733938987134e-14 -7.2164496600635175128e-15 6.9944050551384862047e-15 -7.2164496600635175128e-15 -1.0669243266647754353e-13 -3.5638159090467524948e-14 1.277866701343555178e-13 -1.4932499681208355469e-13 -1.1102230246251565404e-16 2.6120687834918498993e-09 -1.1379786002407854539e-13 2.2726265314076954382e-13 5.6732396558345499216e-14 -2.4169555246089657885e-13 -1.5643042416968455655e-13 2.5568436257117355126e-13 5.6732396558345499216e-14 6.9944050551384862047e-15 9.9364960703951510368e-14 1.0647038806155251223e-13 -4.9849013805669528665e-14 1.1357581541915351409e-13 -7.82707232360735361e-14 1.4099832412739488063e-14 2.8310687127941491781e-14 -2.8532731732866523089e-14 2.5743247533682733774e-09 -2.0094148567295633256e-09 -1.4518947155650607783e-09 5.6398903325316496193e-09 7.5006045818781785783e-10 3.3744527172530069947e-09 -8.565439202357083559e-08 -4.4112766772741451859e-09
-7.1165295878472534241e-14 -1.9650947535865270765e-14 -8.9928064994637679774e-15 -2.142730437526552123e-14 -1.2800871473928054911e-13 7.8048678631148504792e-14 -4.9849013805669528665e-14 2.8310687127941491781e-14 -5.6954441163270530524e-14 8.515410598874950665e-14 -7.2164496600635175128e-15 -9.2481577951275539817e-14 8.7172793428180739284e-09 1.2614690403367490035e-09 7.0943251273547502933e-14 1.8463008899516353267e-13 -1.4321877017664519371e-14 9.9364960703951510368e-14 1.277866701343555178e-13 -1.4321877017664519371e-14 -6.4059868520871532382e-14 -7.2164496600635175128e-15 -1.8485213360008856398e-13 -1.1379786002407854539e-13 -4.9849013805669528665e-14 -1.2800871473928054911e-13 -7.2164496600635175128e-15 -3.5638159090467524948e-14 -2.142730437526552123e-14 7.0943251273547502933e-14 -1.4903208667149669964e-09 -8.5376150593674537959e-14 6.9944050551384862047e-15 -2.142730437526552123e-14 1.2068124277675451594e-13 3.69371200292789581e-13 -7.3829831137572909938e-14 -3.1274982603690659744e-13 -9.6735675469972193241e-08
-3.5782943275108891612e-10 3.1758407015303191656e-10 -3.260879566369112581e-09 -9.8509655988010536021e-10 2.7971509553026407957e-09 7.2192278821603395045e-09 4.4681200961349532008e-09 3.907018708559917286e-09 -1.2693146533848675972e-10 -6.6942789089807774872e-09 6.6235088524990715086e-09 -1.2703594620688818395e-08 2.1305179842556754011e-13 -1.4221956945448255283e-13 -3.2696068075210860115e-13 -2.8532731732866523089e-14 1.5620837956475952524e-13 -1.4321877017664519371e-14 4.2521541843143495498e-14 -4.2743586448068526806e-14 -1.4321877017664519371e-14 1.0647038806155251223e-13 -1.3511414209688155097e-13 4.9626969200744497357e-14 3.541611448554249364e-14 2.8310687127941491781e-14 -2.8532731732866523089e-14 1.4910295220715852338e-13 -4.9849013805669528665e-14 -7.5624495554649229234e-10 -1.7064127888488656026e-13 -1.1102230246251565404e-16 -2.142730437526552123e-14 -7.82707232360735361e-14 1.1357581541915351409e-13 -7.1165295878472534241e-14 6.9944050551384862047e-15 2.1205259770340489922e-14 -8.0935258495173911797e-14
-4.2743586448068526806e-14 1.4199752484955752152e-13 -7.1165295878472534241e-14 -1.2800871473928054911e-13 -4.2743586448068526806e-14 2.2726265314076954382e-13 -3.1274982603690659744e-13 1.1357581541915351409e-13 1.277866701343555178e-13 -7.1165295878472534241e-14 -1.8824266589945182204e-09 -1.2800871473928054911e-13 1.1357581541915351409e-13 9.9364960703951510368e-14 1.4199752484955752152e-13 -5.6954441163270530524e-14 1.1357581541915351409e-13 -2.8532731732866523089e-14 2.8310687127941491781e-14 6.9944050551384862047e-15 -4.9849013805669528665e-14 7.8048678631148504792e-14 2.4757973449140990851e-14 -4.6296300126869027736e-14 -1.1102230246251565404e-16 1.7652546091539988993e-14 -2.1327384303049257142e-13 6.9944050551384862047e-15 -8.8846274781673173493e-10 5.6732396558345499216e-14 -4.2743586448068526806e-14 -3.6637359812630165834e-15 4.6074255521943996428e-14 -8.5376150593674537959e-14 6.9944050551384862047e-15 -3.5638159090467524948e-14 -1.0769163338864018442e-14 -7.82707232360735361e-14 3.4416913763379852753e-15
-1.5438673672818481464e-09 -3.6877736420137807727e-09 7.9012241194220678153e-11 2.703471890797004562e-10 -2.6238922146148979664e-09 -5.1772985898423939943e-09 -4.9217305786442011595e-09 -6.1013452068436890841e-09 5.5501903073462699467e-10 1.3428688161454260808e-09 -1.4221956945448255283e-13 4.2521541843143495498e-14 -8.5376150593674537959e-14 -3.2696068075210860115e-13 -4.2743586448068526806e-14 -2.1327384303049257142e-13 1.1357581541915351409e-13 -9.2481577951275539817e-14 6.3837823915946501074e-14 -1.1379786002407854539e-13 6.9944050551384862047e-15 -5.6954441163270530524e-14 4.2521541843143495498e-14 -2.142730437526552123e-14 1.4099832412739488063e-14 6.3837823915946501074e-14 -2.498001805406602216e-14 4.4417436395605136568e-10 -1.1102230246251565404e-16 -1.0769163338864018442e-14 -1.7874590696465020301e-14 -3.5638159090467524948e-14 6.9944050551384862047e-15 1.7652546091539988993e-14 -1.1102230246251565404e-16 2.4757973449140990851e-14 8.870681966755000758e-14 -2.498001805406602216e-14 -1.4321877017664519371e-14
-1.9195756095768956584e-13 -2.142730437526552123e-14 -7.2164496600635175128e-15 1.4199752484955752152e-13 7.8048678631148504792e-14 -2.2748469774569457513e-13 -5.6854521091054266435e-13 -1.7064127888488656026e-13 1.277866701343555178e-13 1.5620837956475952524e-13 -4.2743586448068526806e-14 4.2521541843143495498e-14 8.515410598874950665e-14 -1.5643042416968455655e-13 1.4199752484955752152e-13 -4.2743586448068526806e-14 9.2259533346350508509e-14 -2.142730437526552123e-14 1.2068124277675451594e-13 -3.5638159090467524948e-14 2.8310687127941491781e-14 -5.3401727484470029594e-14 -3.2085445411667024018e-14 -2.142730437526552123e-14 -1.1102230246251565404e-16 -3.6637359812630165834e-15 -5.4296844798074062055e-10 4.2521541843143495498e-14 3.541611448554249364e-14 1.7652546091539988993e-14 -4.6296300126869027736e-14 -4.2743586448068526806e-14 -4.2743586448068526806e-14 -2.142730437526552123e-14 -3.2085445411667024018e-14 -7.1165295878472534241e-14 -1.1102230246251565404e-16 -4.9849013805669528665e-14 -4.6296300126869027736e-14
-1.4321877017664519371e-14 1.7752466163756253081e-13 1.4099832412739488063e-14 2.1205259770340489922e-14 4.9626969200744497357e-14 1.4099832412739488063e-14 -6.4059868520871532382e-14 -5.6954441163270530524e-14 3.541611448554249364e-14 -7.1165295878472534241e-14 -1.2800871473928054911e-13 -1.1379786002407854539e-13 2.4147350785597154754e-13 -9.9587005308876541676e-14 -5.6954441163270530524e-14 2.1205259770340489922e-14 -6.4059868520871532382e-14 -9.9587005308876541676e-14 4.9626969200744497357e-14 -5.8730798002670780988e-14 -1.2545520178264268907e-14 -1.6098233857064769836e-14 -2.498001805406602216e-14 6.3837823915946501074e-14 1.0547118733938987134e-14 9.1210938801822294408e-10 -5.6954441163270530524e-14 -1.0769163338864018442e-14 -1.6098233857064769836e-14 3.8968828164342994569e-14 4.6074255521943996428e-14 -1.0769163338864018442e-14 -2.142730437526552123e-14 -3.0309088572266773554e-14 1.7652546091539988993e-14 -1.2545520178264268907e-14 -3.6637359812630165834e-15 -3.7414515929867775412e-14 1.4099832412739488063e-14
-1.1379786002407854539e-13 2.1205259770340489922e-14 -7.1165295878472534241e-14 1.4099832412739488063e-14 -7.82707232360735361e-14 -6.4059868520871532382e-14 9.9364960703951510368e-14 -1.3511414209688155097e-13 1.4199752484955752152e-13 1.9173551635276453453e-13 3.5516034557758757728e-13 -2.8532731732866523089e-14 4.9626969200744497357e-14 6.9944050551384862047e-15 -4.9849013805669528665e-14 -1.1102230246251565404e-16 9.9364960703951510368e-14 1.4099832412739488063e-14 -1.1102230246251565404e-16 1.2323475573339237599e-14 1.4099832412739488063e-14 1.2323475573339237599e-14 -8.5376150593674537959e-14 -1.4321877017664519371e-14 -9.2654883765419526753e-11 1.4099832412739488063e-14 -2.498001805406602216e-14 -1.8873791418627661187e-15 -2.498001805406602216e-14 -3.2085445411667024018e-14 -1.4321877017664519371e-14 1.4099832412739488063e-14 1.6653345369377348106e-15 -1.6098233857064769836e-14 -1.2545520178264268907e-14 8.7707618945387366693e-15 8.7707618945387366693e-15 1.2068124277675451594e-13 -3.6637359812630165834e-15
-7.2164496600635175128e-15 -6.4059868520871532382e-14 -8.5376150593674537959e-14 6.3837823915946501074e-14 -9.2481577951275539817e-14 -7.82707232360735361e-14 1.4099832412739488063e-14 -3.5638159090467524948e-14 -7.82707232360735361e-14 -1.990629883152905677e-13 -4.9849013805669528665e-14 6.3837823915946501074e-14 9.2259533346350508509e-14 -1.1102230246251565404e-16 1.0547118733938987134e-14 -2.142730437526552123e-14 -1.0769163338864018442e-14 -3.6637359812630165834e-15 -1.7874590696465020301e-14 -1.5210055437364644604e-14 -1.2545520178264268907e-14 4.6074255521943996428e-14 3.4416913763379852753e-15 1.7051915435217779304e-12 -4.2743586448068526806e-14 1.0547118733938987134e-14 -1.0769163338864018442e-14 -1.8873791418627661187e-15 -1.7874590696465020301e-14 -1.1657341758564143674e-14 -1.0769163338864018442e-14 -7.2164496600635175128e-15 -7.2164496600635175128e-15 -4.5519144009631418157e-15 -9.8809849191638932098e-15 -1.8873791418627661187e-15 -9.9587005308876541676e-14 -8.9928064994637679774e-15 -3.6637359812630165834e-15
7.8048678631148504792e-14 -1.1102230246251565404e-16 -1.2800871473928054911e-13 1.4910295220715852338e-13 3.541611448554249364e-14 7.8048678631148504792e-14 1.4099832412739488063e-14 2.1205259770340489922e-14 -5.6954441163270530524e-14 2.8310687127941491781e-14 -1.4932499681208355469e-13 -1.7064127888488656026e-13 3.4416913763379852753e-15 -4.9849013805669528665e-14 -4.2743586448068526806e-14 -5.6954441163270530524e-14 -9.8809849191638932098e-15 8.7707618945387366693e-15 -2.498001805406602216e-14 -1.0769163338864018442e-14 -2.8532731732866523089e-14 -9.8809849191638932098e-15 1.1367573549136977817e-12 2.8310687127941491781e-14 -1.4321877017664519371e-14 -3.6637359812630165834e-15 -1.0769163338864018442e-14 -1.0769163338864018442e-14 -1.6986412276764895068e-14 3.4416913763379852753e-15 3.4416913763379852753e-15 -3.9190872769268025877e-14 -1.1102230246251565404e-16 -4.9849013805669528665e-14 2.1205259770340489922e-14 3.541611448554249364e-14 -1.5210055437364644604e-14 -1.3433698597964394139e-14 2.1305179842556754011e-13
2.8310687127941491781e-14 2.1205259770340489922e-14 -5.6954441163270530524e-14 -7.2164496600635175128e-15 -3.5638159090467524948e-14 -5.6954441163270530524e-14 -5.6954441163270530524e-14 1.633138069223605271e-13 -1.2800871473928054911e-13 6.3837823915946501074e-14 9.2259533346350508509e-14 -3.6637359812630165834e-15 -2.8532731732866523089e-14 -4.9849013805669528665e-14 1.7652546091539988993e-14 2.8310687127941491781e-14 -3.9801495432811861974e-13 5.3990145687521362561e-13 -2.8532731732866523089e-14 -3.1274982603690659744e-13 -3.6959324489771461231e-13 -9.0960572407539075357e-13 3.541611448554249364e-14 -1.0769163338864018442e-14 -1.4321877017664519371e-14 -7.2164496600635175128e-15 3.4416913763379852753e-15 -7.2164496600635175128e-15 -2.142730437526552123e-14 -7.2164496600635175128e-15 -4.2743586448068526806e-14 4.2521541843143495498e-14 1.4099832412739488063e-14 -1.0669243266647754353e-13 4.2521541843143495498e-14 -1.4321877017664519371e-14 4.9626969200744497357e-14 -2.8532731732866523089e-14 4.8305803801440561074e-13
