tests/data/reference/gistest/full/control/massbalance.asc
ncols        125
nrows        78
xllcorner    -713756.799299980048
yllcorner    -1061032.369616159936
cellsize     10.000000000000
NODATA_value  -9999
[rows 51 to 67 of 78, columns 78 to 116 of 125]
1.8573476090466556343e-12 -7.2164496600635175128e-15 1.5876189252139738528e-14 -4.4519943287468777271e-14 3.4416913763379852753e-15 -3.9190872769268025877e-14 3.8968828164342994569e-14 -3.5638159090467524948e-14 -4.2743586448068526806e-14 2.1305179842556754011e-13 1.7613820091355592012e-07 -5.8048510442887391036e-10 5.6732396558345499216e-14 -9.9587005308876541676e-14 6.9944050551384862047e-15 -2.142730437526552123e-14 -7.2164496600635175128e-15 -1.1102230246251565404e-16 -7.2164496600635175128e-15 1.4099832412739488063e-14 -3.5638159090467524948e-14 -8.1046280797636427451e-15 -1.9195756095768956584e-13 1.5620837956475952524e-13 -1.5643042416968455655e-13 2.4147350785597154754e-13 2.1305179842556754011e-13 7.0943251273547502933e-14 -1.1102230246251565404e-16 -1.1379786002407854539e-13 -7.82707232360735361e-14 1.3489209749195651966e-13 -2.2748469774569457513e-13 1.4555023852835802245e-13 -2.8532731732866523089e-14 2.4757973449140990851e-14 -3.7414515929867775412e-14 -1.4321877017664519371e-14 -6.3282712403633922804e-15
-2.0231649688895458894e-11 -5.329070518200751394e-15 -2.8421709430404007435e-14 2.8421709430404007435e-14 -9.2370555648813024163e-14 1.277866701343555178e-13 -6.4059868520871532382e-14 -1.2090328738167954725e-13 7.8048678631148504792e-14 7.0943251273547502933e-14 -1.0623989510349929333e-07 -2.299930024207696988e-09 -1.990629883152905677e-13 -3.5638159090467524948e-14 -3.5638159090467524948e-14 -1.1379786002407854539e-13 -3.5638159090467524948e-14 -2.7755575615628913511e-15 -2.142730437526552123e-14 -3.5638159090467524948e-14 -9.2481577951275539817e-14 -1.0769163338864018442e-14 6.3837823915946501074e-14 -2.5590640717609858257e-13 -1.1102230246251565404e-16 -2.9853897132170459372e-13 -1.8485213360008856398e-13 -3.6959324489771461231e-13 1.5620837956475952524e-13 -1.1102230246251565404e-16 4.2521541843143495498e-14 5.3990145687521362561e-13 -1.2090328738167954725e-13 -3.2085445411667024018e-14 -1.7874590696465020301e-14 -1.7874590696465020301e-14 -1.9650947535865270765e-14 -3.6637359812630165834e-15 -1.5210055437364644604e-14
1.4767909117807676012e-11 -4.5474735088646411896e-13 9.0949470177292823792e-13 3.4106051316484808922e-13 -1.9326762412674725056e-12 1.4209744492177378561e-12 6.8201000402723366278e-13 4.2234549191277892533e-11 -3.3139824218153535185e-11 2.1205259770340489922e-14 1.1451083992142230272e-07 -1.0496706837059832651e-09 8.515410598874950665e-14 6.9944050551384862047e-15 6.9944050551384862047e-15 1.4099832412739488063e-14 -8.9928064994637679774e-15 -5.4400928206632670481e-15 3.0087043967341742245e-14 -3.5638159090467524948e-14 1.4099832412739488063e-14 1.0547118733938987134e-14 -2.8532731732866523089e-14 2.1305179842556754011e-13 1.4099832412739488063e-14 9.9364960703951510368e-14 4.546363285840016033e-13 1.277866701343555178e-13 -2.8432811660650259e-13 -7.1165295878472534241e-14 -2.8532731732866523089e-14 -5.6954441163270530524e-14 4.9626969200744497357e-14 2.8310687127941491781e-14 -7.1165295878472534241e-14 3.8968828164342994569e-14 -2.3203661214665771695e-14 -3.7414515929867775412e-14 -1.8873791418627661187e-15
1.9473478385378939493e-11 -3.1974423109204508364e-14 3.9079850466805510223e-14 -6.3948846218409016728e-14 -2.8421709430404007435e-14 -1.1102230246251565404e-16 -1.4321877017664519371e-14 -1.4321877017664519371e-14 1.5620837956475952524e-13 -8.8937224251850466317e-10 -1.4969373296480625868e-07 -2.6353745852247811854e-09 -7.3718808835110394284e-14 1.4199752484955752152e-13 4.6074255521943996428e-14 3.4416913763379852753e-15 -1.0769163338864018442e-14 1.0547118733938987134e-14 -5.3401727484470029594e-14 2.1205259770340489922e-14 3.541611448554249364e-14 -4.9849013805669528665e-14 -1.4321877017664519371e-14 5.6732396558345499216e-14 9.9364960703951510368e-14 -1.1102230246251565404e-16 -1.2800871473928054911e-13 1.5620837956475952524e-13 2.8410607200157755869e-13 4.2521541843143495498e-14 6.8201000402723366278e-13 -2.8532731732866523089e-14 2.2726265314076954382e-13 -3.6637359812630165834e-15 -7.2164496600635175128e-15 -7.2164496600635175128e-15 3.186340080674199271e-14 -2.142730437526552123e-14 2.4757973449140990851e-14
7.0413075370368005679e-10 -1.6649448486560913807e-10 -2.2185997483603614455e-10 -7.5886075201481162367e-11 2.1231005842281547302e-10 1.9207380130836781973e-10 -1.7320200829118448382e-10 -3.2434865904207299536e-10 -7.901236331875338692e-10 4.1569581110678655023e-10 8.7129581327616278941e-10 -1.966091076610609889e-07 1.3625434114317158674e-11 -5.3401727484470029594e-14 -1.0769163338864018442e-14 -4.5519144009631418157e-15 -3.6637359812630165834e-15 -3.6637359812630165834e-15 2.1205259770340489922e-14 -1.4321877017664519371e-14 2.1205259770340489922e-14 3.4416913763379852753e-15 -5.6954441163270530524e-14 -1.7064127888488656026e-13 -5.6954441163270530524e-14 -2.9853897132170459372e-13 -3.5538239018251260859e-13 -4.2743586448068526806e-14 -2.5590640717609858257e-13 -1.1379786002407854539e-13 2.8310687127941491781e-14 -1.4221956945448255283e-13 1.4099832412739488063e-14 -2.498001805406602216e-14 2.8310687127941491781e-14 1.4099832412739488063e-14 1.1357581541915351409e-13 -1.0769163338864018442e-14 -4.6296300126869027736e-14
-5.9729998724833421875e-14 -1.2800871473928054911e-13 4.2521541843143495498e-14 -1.1379786002407854539e-13 1.7041923427996152896e-13 -8.5376150593674537959e-14 3.1252778143198156613e-13 -6.2538862977135067922e-13 3.69371200292789581e-13 -1.1102230246251565404e-16 8.8584772850452964121e-10 2.6229827199131250381e-09 -6.5381033920175468666e-13 -1.0103029524088924518e-14 -7.2164496600635175128e-15 5.21804821573823574e-15 -2.142730437526552123e-14 -7.82707232360735361e-14 -1.1102230246251565404e-16 6.3837823915946501074e-14 -4.2743586448068526806e-14 -7.2164496600635175128e-15 1.277866701343555178e-13 1.4199752484955752152e-13 1.8463008899516353267e-13 3.8358205500799158472e-13 2.8410607200157755869e-13 -1.1102230246251565404e-16 2.6989521728637555498e-13 -1.1379786002407854539e-13 4.2521541843143495498e-14 -6.0507154842071031453e-14 -1.4321877017664519371e-14 -1.4321877017664519371e-14 -4.9849013805669528665e-14 1.4099832412739488063e-14 -2.142730437526552123e-14 -1.7874590696465020301e-14 -2.142730437526552123e-14
-1.6125345503326116159e-10 -2.8432811660650259e-13 1.1357581541915351409e-13 -1.2506662372402388428e-12 7.9569684174884969252e-13 5.1147974744480961817e-13 -9.0960572407539075357e-13 1.0799139360528897669e-12 -7.9591888635377472383e-13 6.2925553656612009945e-11 -3.8664904611351857966e-10 3.0348701329785399139e-09 1.7461570678278803825e-07 -2.8865798640254070051e-15 1.6653345369377348106e-15 -1.8873791418627661187e-15 3.4416913763379852753e-15 1.7652546091539988993e-14 -2.142730437526552123e-14 -1.1379786002407854539e-13 6.3837823915946501074e-14 1.4099832412739488063e-14 -1.990629883152905677e-13 -2.8532731732866523089e-14 -2.5590640717609858257e-13 -1.990629883152905677e-13 -1.2800871473928054911e-13 9.9364960703951510368e-14 2.2726265314076954382e-13 -9.9587005308876541676e-14 3.541611448554249364e-14 -7.2164496600635175128e-15 -1.1657341758564143674e-14 1.7652546091539988993e-14 -1.1102230246251565404e-16 4.2521541843143495498e-14 -2.142730437526552123e-14 -2.498001805406602216e-14 2.8310687127941491781e-14
-3.2962521601120897685e-13 2.5568436257117355126e-13 -2.8532731732866523089e-14 2.5568436257117355126e-13 1.5620837956475952524e-13 -1.4211964938226628874e-12 1.3641310303569298412e-12 -7.9591888635377472383e-13 -2.3875346144563991402e-12 1.7620349623825859453e-12 -8.527623052145827387e-13 -2.8432811660650259e-13 -9.9942553788423538208e-08 -1.0769163338864018442e-14 -4.0079051188968151109e-14 -1.0769163338864018442e-14 -1.0769163338864018442e-14 2.1205259770340489922e-14 6.9944050551384862047e-15 7.8048678631148504792e-14 -4.2743586448068526806e-14 -1.4321877017664519371e-14 7.0943251273547502933e-14 -1.4321877017664519371e-14 -2.8532731732866523089e-14 9.9364960703951510368e-14 1.4199752484955752152e-13 4.546363285840016033e-13 -2.1327384303049257142e-13 -8.5376150593674537959e-14 -1.4221956945448255283e-13 5.6732396558345499216e-14 -4.2743586448068526806e-14 -4.2743586448068526806e-14 6.9944050551384862047e-15 -8.5376150593674537959e-14 2.1205259770340489922e-14 -4.9849013805669528665e-14 3.186340080674199271e-14
5.6732396558345499216e-14 -2.8432811660650259e-13 -1.7064127888488656026e-13 0 -5.6854521091054266435e-13 -1.4321877017664519371e-14 6.3837823915946501074e-14 -2.8532731732866523089e-14 -1.7874590696465020301e-14 1.6653345369377348106e-15 7.4495964952348003862e-14 1.0647038806155251223e-13 -1.1102230246251565404e-16 1.7115235095843672752e-07 2.9198865547641617013e-14 -3.8302694349567900645e-14 1.4099832412739488063e-14 6.3837823915946501074e-14 -2.8532731732866523089e-14 -6.4059868520871532382e-14 1.1357581541915351409e-13 -4.9849013805669528665e-14 -1.4321877017664519371e-14 -7.1165295878472534241e-14 5.6732396558345499216e-14 -1.4321877017664519371e-14 -2.3875346144563991402e-12 1.1357581541915351409e-13 7.0943251273547502933e-14 -2.2748469774569457513e-13 1.5620837956475952524e-13 -1.4321877017664519371e-14 -7.1165295878472534241e-14 -4.9849013805669528665e-14 1.277866701343555178e-13 -1.4221956945448255283e-13 1.277866701343555178e-13 -1.2090328738167954725e-13 1.0647038806155251223e-13
5.21804821573823574e-15 2.1205259770340489922e-14 4.2632564145606011152e-14 7.1054273576010018587e-15 -1.0769163338864018442e-14 -1.2545520178264268907e-14 -1.0769163338864018442e-14 -2.142730437526552123e-14 -1.7874590696465020301e-14 3.4416913763379852753e-15 -8.9928064994637679774e-15 -2.498001805406602216e-14 3.3639757646142243175e-14 -5.6954441163270530524e-14 2.3617758415639400482e-08 3.6304292905242618872e-14 -5.6954441163270530524e-14 -9.2481577951275539817e-14 4.2521541843143495498e-14 -8.5376150593674537959e-14 -1.4221956945448255283e-13 4.2521541843143495498e-14 2.1305179842556754011e-13 2.6989521728637555498e-13 2.1305179842556754011e-13 -1.4221956945448255283e-13 -1.0232925617970067833e-12 -1.0669243266647754353e-13 2.8310687127941491781e-14 1.4099832412739488063e-14 -8.5376150593674537959e-14 -9.9587005308876541676e-14 7.8048678631148504792e-14 2.8410607200157755869e-13 -8.1046280797636427451e-15 3.4416913763379852753e-15 -3.0309088572266773554e-14 -3.6637359812630165834e-15 -1.2545520178264268907e-14
0 -1.770805724277124682e-14 2.8421709430404007435e-14 -1.0769163338864018442e-14 -1.6098233857064769836e-14 -7.2164496600635175128e-15 4.3298697960381105077e-15 -5.4400928206632670481e-15 -6.3282712403633922804e-15 -3.6637359812630165834e-15 -8.9928064994637679774e-15 6.9944050551384862047e-15 -2.142730437526552123e-14 9.2259533346350508509e-14 -9.9587005308876541676e-14 -4.3266481952741742134e-08 1.8540724511240114225e-14 6.9944050551384862047e-15 -7.2164496600635175128e-15 8.515410598874950665e-14 -5.6954441163270530524e-14 -7.82707232360735361e-14 -2.9853897132170459372e-13 -1.7064127888488656026e-13 -5.6954441163270530524e-14 5.6832316630561763304e-13 2.8310687127941491781e-14 2.2726265314076954382e-13 8.7707618945387366693e-15 -2.498001805406602216e-14 -1.8873791418627661187e-15 -9.8809849191638932098e-15 1.9884094371036553639e-13 -1.0769163338864018442e-14 -5.3401727484470029594e-14 -2.7755575615628913511e-15 -9999 -9999 -9999
-1.207922650792170316e-13 3.5527136788005009294e-14 -5.4400928206632670481e-15 -5.4400928206632670481e-15 -1.0769163338864018442e-14 1.4099832412739488063e-14 -4.9849013805669528665e-14 3.541611448554249364e-14 -3.5638159090467524948e-14 -7.2164496600635175128e-15 -1.1102230246251565404e-16 -4.5519144009631418157e-15 -5.4400928206632670481e-15 -1.2545520178264268907e-14 3.4416913763379852753e-15 1.0547118733938987134e-14 -3.9763108361512422562e-08 -4.5408121707168902503e-14 -1.3511414209688155097e-13 1.4199752484955752152e-13 -1.4321877017664519371e-14 6.9944050551384862047e-15 -7.1165295878472534241e-14 2.8310687127941491781e-14 -1.136979399518622813e-12 7.0943251273547502933e-14 -3.4117153546731060487e-13 -3.6637359812630165834e-15 -2.142730437526552123e-14 -1.8873791418627661187e-15 -7.2164496600635175128e-15 -2.8532731732866523089e-14 -1.1657341758564143674e-14 7.4495964952348003862e-14 -9999 -9999 -9999 -9999 -9999
7.1054273576010018587e-15 2.1316282072803005576e-14 -2.1316282072803005576e-13 1.6342482922482304275e-13 -9.9587005308876541676e-14 1.4099832412739488063e-14 1.5620837956475952524e-13 -4.2743586448068526806e-14 -1.2800871473928054911e-13 -4.2743586448068526806e-14 1.1357581541915351409e-13 -1.2800871473928054911e-13 1.1357581541915351409e-13 5.6732396558345499216e-14 -8.5376150593674537959e-14 -2.8532731732866523089e-14 -2.2748469774569457513e-13 -9.2246483518465538509e-07 2.8310687127941491781e-14 -8.5376150593674537959e-14 3.1252778143198156613e-13 7.771561172376095783e-16 2.1305179842556754011e-13 2.5009994075730901386e-12 -2.8532731732866523089e-14 -6.8223204863215869409e-13 -8.8928864272475038888e-14 2.6534330288541241316e-14 -2.142730437526552123e-14 -5.4400928206632670481e-15 -2.5590640717609858257e-13 -1.4321877017664519371e-14 -9999 -9999 -9999 -9999 -9999 -9999 -9999
-7.8159700933611020446e-14 8.5265128291212022305e-14 -7.1054273576010018587e-15 5.684341886080801487e-14 -1.1102230246251565404e-16 1.277866701343555178e-13 -2.2748469774569457513e-13 1.277866701343555178e-13 -1.1102230246251565404e-16 -7.1165295878472534241e-14 7.0943251273547502933e-14 -7.1165295878472534241e-14 2.8310687127941491781e-14 -1.1657341758564143674e-14 -2.0539125955565395998e-14 -8.9928064994637679774e-15 1.0547118733938987134e-14 1.9884094371036553639e-13 -4.9812007318905671127e-07 -5.6954441163270530524e-14 -2.8532731732866523089e-14 -5.6954441163270530524e-14 -3.4333536014230503497e-11 -8.5376150593674537959e-14 1.7620349623825859453e-12 -5.6954441163270530524e-14 -7.2164496600635175128e-15 -1.1102230246251565404e-16 -3.6637359812630165834e-15 5.6732396558345499216e-14 -1.0769163338864018442e-14 -9999 -9999 -9999 -9999 -9999 -9999 -9999 -9999
-1.4210854715202003717e-14 5.684341886080801487e-14 -1.1102230246251565404e-16 1.7053025658242404461e-13 -5.4012350148013865692e-13 1.9884094371036553639e-13 -5.6954441163270530524e-14 4.2621461915359759587e-13 -1.4221956945448255283e-13 8.515410598874950665e-14 -5.6954441163270530524e-14 -2.8532731732866523089e-14 -1.990629883152905677e-13 1.7041923427996152896e-13 -2.8532731732866523089e-14 -5.6954441163270530524e-14 4.546363285840016033e-13 8.515410598874950665e-14 -5.6854521091054266435e-13 1.3736935500219260575e-07 2.8310687127941491781e-14 -4.1609393708341713136e-10 1.7752466163756253081e-13 -1.7054135881267029617e-12 -1.990629883152905677e-13 -2.8532731732866523089e-14 2.5568436257117355126e-13 -4.8328008261933064205e-13 4.2621461915359759587e-13 -9999 -9999 -9999 -9999 -9999 -9999 -9999 -9999 -9999 -9999
1.4266365866433261544e-14 -3.1974423109204508364e-14 -1.4210854715202003717e-14 2.1316282072803005576e-14 -1.4321877017664519371e-14 -7.2164496600635175128e-15 -7.82707232360735361e-14 1.5620837956475952524e-13 -1.7064127888488656026e-13 -1.1102230246251565404e-16 8.515410598874950665e-14 -9.9587005308876541676e-14 1.1357581541915351409e-13 4.2521541843143495498e-14 -9.9587005308876541676e-14 -4.2743586448068526806e-14 -1.1102230246251565404e-16 -4.2743586448068526806e-14 1.4199752484955752152e-13 -9.0960572407539075357e-13 2.0392326405271887779e-07 -8.5856310949594671911e-10 7.9569684174884969252e-13 1.4199752484955752152e-13 -1.6098233857064769836e-14 -8.1046280797636427451e-15 -4.5519144009631418157e-15 -9999 -9999 -9999 -9999 -9999 -9999 -9999 -9999 -9999 -9999 -9999 -9999
7.0943251273547502933e-14 -4.2743586448068526806e-14 4.2521541843143495498e-14 -9.9587005308876541676e-14 1.4099832412739488063e-14 1.1357581541915351409e-13 -1.1379786002407854539e-13 -2.8532731732866523089e-14 1.4199752484955752152e-13 7.0943251273547502933e-14 -1.2800871473928054911e-13 -7.1165295878472534241e-14 4.2521541843143495498e-14 5.6732396558345499216e-14 -5.6954441163270530524e-14 2.2726265314076954382e-13 -4.8328008261933064205e-13 1.4199752484955752152e-13 1.4199752484955752152e-13 3.4094949086238557356e-13 -2.9351941321920094197e-08 6.8644101514081512505e-10 -2.8432811660650259e-13 1.4099832412739488063e-14 -9999 -9999 -9999 -9999 -9999 -9999 -9999 -9999 -9999 -9999 -9999 -9999 -9999 -9999 -9999
