tests/data/reference/gistest/full/control/mqrill_m3_s.asc
ncols        125
nrows        78
xllcorner    -713756.799299980048
yllcorner    -1061032.369616159936
cellsize     10.000000000000
NODATA_value  -9999
[rows 18 to 35 of 78, columns 42 to 83 of 125]
0.015047109685838222504 0.040853556245565414429 0.023592596873641014099 0.020720712840557098389 0.0091952066868543624878 0.011995410546660423279 0.02342963777482509613 0.0033238306641578674316 0.00053359783487394452095 0.0063906959258019924164 0.0093708531931042671204 0.020926430821418762207 0.012336797080934047699 0.0066112908534705638885 0.006635306868702173233 0.003761075437068939209 0.0008510153857059776783 0.00080217933282256126404 0.00074880069587379693985 0.00069552188506349921227 0.00064383441349491477013 0.017819982022047042847 0.0033548523206263780594 0.0032848715782165527344 0.0032524720299988985062 0.03486131131649017334 0.0061547579243779182434 0.0060454667545855045319 0.060321092605590820312 0.0053528565913438796997 0.004815492779016494751 0 0.32653030753135681152 0.019829874858260154724 0.0028828999493271112442 5.6342396419495344162e-05 -9999 -9999 -9999 -9999 -9999 -9999
0.017972411587834358215 0.043827116489410400391 0.026587769389152526855 0.023703645914793014526 0.012184998951852321625 0.015023101121187210083 0.026485921815037727356 0.0063725644722580909729 0.00067745620617642998695 0.0036210839170962572098 0.009424622170627117157 0.012329924851655960083 0.023842008784413337708 0.0152555098757147789 0.0095379017293453216553 0.0095374220982193946838 0.0066331634297966957092 0.0037302621640264987946 0.0036996756680309772491 0.0036572150420397520065 0.003600045572966337204 0.0035266117192804813385 0.020701967179775238037 0.0063215093687176704407 0.0063519384711980819702 0.0063665327616035938263 0.037909932434558868408 0.0089646512642502784729 0.071794204413890838623 0.0082901548594236373901 0.0080195246264338493347 0 0.0020722537301480770111 0.33509966731071472168 0.027951044961810112 0.0027478963602334260941 0.00025896547595039010048 -9999 -9999 -9999 -9999 -9999
0.020879572257399559021 0.046765420585870742798 0.029543042182922363281 0.026654001325368881226 0.015137696638703346252 0.017990216612815856934 0.029469165951013565063 0.0093636820092797279358 0.00078228354686871170998 0.0036977173294872045517 0.0065873139537870883942 0.01234702765941619873 0.015254846774041652679 0.026781868189573287964 0.018187096342444419861 0.012437378056347370148 0.012419992126524448395 0.0095265731215476989746 0.0066204699687659740448 0.0065732295624911785126 0.0065092672593891620636 0.00646029692143201828 0.0064524677582085132599 0.02370546385645866394 0.009358082897961139679 0.009324679151177406311 0.0091907912865281105042 0.05204572528600692749 0.074721090495586395264 0.011331767775118350983 0.011201296932995319366 0.002427953062579035759 0 0 0.33812481164932250977 0.037177860736846923828 0.0031048057135194540024 0.00045025418512523174286 -9999 -9999 -9999 -9999
0.02377317473292350769 0.049677416682243347168 0.032468333840370178223 0.029579875990748405457 0.018060280010104179382 0.020910641178488731384 0.03240170702338218689 0.012316880747675895691 0.0037336915265768766403 0.00087725132470950484276 0.0066125453449785709381 0.0094889085739850997925 0.015290823765099048615 0.01820780336856842041 0.029697746038436889648 0.021067550405859947205 0.015302865765988826752 0.015275339595973491669 0.012360421940684318542 0.0094500966370105743408 0.0094287907704710960388 0.0094314040616154670715 0.0094353258609771728516 0.0094132414087653160095 0.026618748903274536133 0.012152248062193393707 0.01197862718254327774 0.066400438547134399414 0.077717639505863189697 0.01441091485321521759 0.014308630488812923431 0.0056105563417077064514 0.0026848886627703905106 0 0.0026700864546000957489 0.34148314595222473145 0.040128245949745178223 0.0087586594745516777039 0.00039364406256936490536 0.00056669552577659487724 -9999 -9999
0.026636335998773574829 0.05253965035080909729 0.035337533801794052124 0.032456155866384506226 0.020943542942404747009 0.023799030110239982605 0.035298574715852737427 0.015223271213471889496 0.0066355816088616847992 0.0037711660843342542648 0.00088623713236302137375 0.0095261400565505027771 0.012462994083762168884 0.018239837139844894409 0.021090416237711906433 0.032552950084209442139 0.02392266690731048584 0.018149930983781814575 0.01810858212411403656 0.015212802216410636902 0.012348441407084465027 0.012355632148683071136 0.012334511615335941315 0.012292305938899517059 0.012237690389156341553 0.029352786019444465637 0.014810429885983467102 0.083610154688358306885 0.080610141158103942871 0.017398189753293991089 0.017376126721501350403 0.0087579414248466491699 0.005930521991103887558 0.0030843552667647600174 0.0058328462764620780945 0 0.34446215629577636719 0.043147049844264984131 0.014585813507437705994 0.0032876019831746816635 0.00047260255087167024612 -9999
0.029467089101672172546 0.055350624024868011475 0.038149762898683547974 0.035282980650663375854 0.023788612335920333862 0.026657130569219589233 0.038162272423505783081 0.018086651340126991272 0.0094931265339255332947 0.0066369008272886276245 0.0009154698345810174942 0.0038400278426706790924 0.012507260777056217194 0.015374618582427501678 0.021081296727061271667 0.02393319644033908844 0.035414010286331176758 0.026779647916555404663 0.020991288125514984131 0.020965529605746269226 0.018095372244715690613 0.015208891592919826508 0.015181778930127620697 0.015154703520238399506 0.015096127986907958984 0.014963686466217041016 0.032009351998567581177 0.10363382846117019653 0.083398319780826568604 0.020308956503868103027 0.020409557968378067017 0.011868939734995365143 0.0090592680498957633972 0.0062041939236223697662 0.0090109324082732200623 0.00025890817050822079182 0.0030182763002812862396 0.34738522768020629883 0.045784320682287216187 0.022652389481663703918 0.0027145065832883119583 0.00019836540741380304098
0.032319914549589157104 0.058189641684293746948 0.0409868583083152771 0.038130372762680053711 0.026652334257960319519 0.029536161571741104126 0.041050668805837631226 0.020980045199394226074 0.012391520664095878601 0.00092692812904715538025 0.0095971506088972091675 0.0038949579466134309769 0.0067838309332728385925 0.01537927333265542984 0.018212584778666496277 0.023933636024594306946 0.026791522279381752014 0.038248941302299499512 0.02959338948130607605 0.023830672726035118103 0.023836346343159675598 0.020954363048076629639 0.018067520111799240112 0.018029218539595603943 0.017936062067747116089 0.017799602821469306946 0.017639914527535438538 0.14102289080619812012 0.086355701088905334473 0.023286961019039154053 0.023413563147187232971 0.014894982799887657166 0.012086996808648109436 0.0092273680493235588074 0.012067339383065700531 0.0033654014114290475845 0.0060715042054653167725 4.7813198762014508247e-05 0.35000681877136230469 0.048390034586191177368 0.025492869317531585693 0.0086234342306852340698
0.035196941345930099487 0.061059724539518356323 0.043852739036083221436 0.041000694036483764648 0.029535524547100067139 0.032435953617095947266 0.043962914496660232544 0.023902753368020057678 0.015330175869166851044 0.0038800500333309173584 0.0010415513534098863602 0.012553793378174304962 0.0067999921739101409912 0.009651314467191696167 0.018229715526103973389 0.021051714196801185608 0.026749895885586738586 0.029580591246485710144 0.041046600788831710815 0.032451596111059188843 0.026731781661510467529 0.026730315759778022766 0.023828785866498947144 0.020877880975604057312 0.02075736410915851593 0.02065450325608253479 0.020584898069500923157 0.16418133676052093506 0.089437566697597503662 0.026317000389099121094 0.026399835944175720215 0.017866998910903930664 0.015050957910716533661 0.012186588719487190247 0.015033411793410778046 0.0063633942045271396637 0.0091566722840070724487 0.0032986872829496860504 0.35340300202369689941 0.00016403208428528159857 0.051679376512765884399 0.040008772164583206177
0.038054771721363067627 0.063906885683536529541 0.046703986823558807373 0.043870661407709121704 0.032434001564979553223 0.035361144691705703735 0.046897217631340026855 0.026834825053811073303 0.018263936042785644531 0.0068137231282889842987 0.0010864294599741697311 0.0039569330401718616486 0.015432966873049736023 0.0096497181802988052368 0.012462557293474674225 0.021013965830206871033 0.023833047598600387573 0.029554050415754318237 0.032448396086692810059 0.043965131044387817383 0.035369895398616790771 0.029612435027956962585 0.029560824856162071228 0.026604056358337402344 0.023640384897589683533 0.023574255406856536865 0.023527253419160842896 0.19010351598262786865 0.092356719076633453369 0.029222581535577774048 0.029290672391653060913 0.020742563530802726746 0.017916498705744743347 0.015053523704409599304 0.017919059842824935913 0.0092906542122364044189 0.012154439464211463928 0.0063886889256536960602 0.35654866695404052734 0.0033580535091459751129 0.054825019091367721558 0.043037749826908111572
0.040889877825975418091 0.06672970205545425415 0.049541410058736801147 0.046742647886276245117 0.035349532961845397949 0.03830865025520324707 0.04984715580940246582 0.029770780354738235474 0.021189393475651741028 0.0097296731546521186829 0.0039914748631417751312 0.0068510328419506549835 0.001059210626408457756 0.018235227093100547791 0.01240392681211233139 0.01521397661417722702 0.023815529420971870422 0.026705959811806678772 0.032490778714418411255 0.03538087010383605957 0.046856012195348739624 0.038218118250370025635 0.032424017786979675293 0.032371684908866882324 0.02945386059582233429 0.026521474123001098633 0.026425816118717193604 0.21878519654273986816 0.095143236219882965088 0.032020892947912216187 0.032089769840240478516 0.023520208895206451416 0.020681630820035934448 0.017827663570642471313 0.020727537572383880615 0.012155195698142051697 0.015077160671353340149 0.0093612233176827430725 0.35954430699348449707 0.0064216619357466697693 0.058011103421449661255 0.046374835073947906494
0.043755896389484405518 0.0696336403489112854 0.05247271806001663208 0.049683853983879089355 0.038292389363050460815 0.041242763400077819824 0.052766047418117523193 0.032679487019777297974 0.024093208834528923035 0.01262371893972158432 0.0068696085363626480103 0.0097123039886355400085 0.0039020895492285490036 0.0210648365318775177 0.015241414308547973633 0.00082920782733708620071 0.018078157678246498108 0.026724122464656829834 0.029635511338710784912 0.035396385937929153442 0.038258440792560577393 0.049712408334016799927 0.041055310517549514771 0.035265408456325531006 0.035213168710470199585 0.032252866774797439575 0.029249586164951324463 0.25033858418464660645 0.098015815019607543945 0.034926787018775939941 0.035001102834939956665 0.026426430791616439819 0.023576825857162475586 0.020712308585643768311 0.023606609553098678589 0.015042608603835105896 0.017987614497542381287 0.012295300140976905823 0.36247721314430236816 0.0093874242156744003296 0.061022624373435974121 0.049444302916526794434
0.37750494480133056641 0.072618477046489715576 0.055479340255260467529 0.052674777805805206299 0.0412501506507396698 0.044161964207887649536 0.055659111589193344116 0.035566281527280807495 0.026977855712175369263 0.015495877712965011597 0.0097178602591156959534 0.012537629343569278717 0.0067190341651439666748 0.023896303027868270874 0.018110783770680427551 0.00085416436195373535156 0.0037243633996695280075 0.020973013713955879211 0.029639063403010368347 0.03254847601056098938 0.038291577249765396118 0.041134480386972427368 0.052559629082679748535 0.043875541538000106812 0.03802682831883430481 0.037888959050178527832 0.034897383302450180054 0.032009121030569076538 0.3537788689136505127 0.037931431084871292114 0.038015246391296386719 0.029450047761201858521 0.026589583605527877808 0.023697370663285255432 0.026552259922027587891 0.017952086403965950012 0.020888762548565864563 0.015198397450149059296 0.36535936594009399414 0.012278176844120025635 0.063918083906173706055 0.052366286516189575195
1.2582852840423583984 0.45495459437370300293 0.058613337576389312744 0.055880948901176452637 0.043972995132207870483 0.046913720667362213135 0.058440648019313812256 0.038384567946195602417 0.029807688668370246887 0.01830632425844669342 0.01249790191650390625 0.015300840139389038086 0.0094940913841128349304 0.026707993820309638977 0.020967062562704086304 0.0037379679270088672638 0.00086293759522959589958 0.0066203190945088863373 0.02391488291323184967 0.032556965947151184082 0.035402268171310424805 0.041094668209552764893 0.043887611478567123413 0.055269181728363037109 0.04653619229793548584 0.04069147258996963501 0.040674421936273574829 0.037875920534133911133 0.035117391496896743774 0.39711308479309082031 0.041012689471244812012 0.032422132790088653564 0.029535723850131034851 0.026625173166394233704 0.029469238594174385071 0.020860856398940086365 0.023790717124938964844 0.018083252012729644775 0.36821991205215454102 0.015167715027928352356 0.06683149188756942749 0.055315647274255752563
0.83578866720199584961 2.0987906455993652344 2.5584361553192138672 2.6220350265502929688 0.058494202792644500732 0.095943108201026916504 0.061090849339962005615 0.041130889207124710083 0.032571386545896530151 0.021031131967902183533 0.015178492292761802673 0.017972629517316818237 0.012212446890771389008 0.02949613519012928009 0.023806406185030937195 0.0066060125827789306641 0.0037629895377904176712 0.00092116743326187133789 0.0095672477036714553833 0.026772087439894676208 0.035308551043272018433 0.038088396191596984863 0.043719481676816940308 0.046488340944051742554 0.057907842099666595459 0.049334850162267684937 0.04369961470365524292 0.043812811374664306641 0.041044063866138458252 0.43746975064277648926 0.043987575918436050415 0.035351410508155822754 0.032431025058031082153 0.029509421437978744507 0.032364133745431900024 0.023769589141011238098 0.026688288897275924683 0.020947249606251716614 0.37105873227119445801 0.018052065744996070862 0.069753423333168029785 0.058279119431972503662
0.018470080569386482239 0.04736421629786491394 0.067533269524574279785 0.087706580758094787598 2.71504974365234375 2.7785944938659667969 2.8794775009155273438 0.064184136688709259033 0.078641548752784729004 0.023482345044612884521 0.017642216756939888 0.020492095500230789185 0.014828534796833992004 0.032183513045310974121 0.026535563170909881592 0.00074836262501776218414 0.0094412080943584442139 0.0066221929155290126801 0.0037580803036689758301 0.012331891804933547974 0.02949942462146282196 0.038040358573198318481 0.04082794487476348877 0.046525910496711730957 0.049414135515689849854 0.060968857258558273315 0.052461061626672744751 0.046798929572105407715 0.046857010573148727417 0.4834416508674621582 0.046844102442264556885 0.038193304091691970825 0.035278886556625366211 0.032379604876041412354 0.035259041935205459595 0.026674279943108558655 0.029573172330856323242 0.023797897621989250183 0.37387302517890930176 0.020881678909063339233 0.072590492665767669678 0.061138872057199478149
0.024315714836120605469 0.015746247023344039917 0.015744578093290328979 0.015842579305171966553 0.033285669982433319092 0.047822546213865280151 0.062475774437189102173 2.9585866928100585938 3.0272209644317626953 3.1103479862213134766 0.025751272216439247131 0.01985929533839225769 0.023031443357467651367 0.017480477690696716309 0.034858539700508117676 0.029247179627418518066 0.0035059580113738775253 0.012212906964123249054 0.0093819350004196166992 0.0065250545740127563477 0.015154840424656867981 0.032388094812631607056 0.040997572243213653564 0.043885041028261184692 0.04965167120099067688 0.052546337246894836426 0.064049057662487030029 0.055449519306421279907 0.049695946276187896729 0.049646157771348953247 0.53497260808944702148 0.040947269648313522339 0.038079794496297836304 0.035237457603216171265 0.03815469890832901001 0.029574397951364517212 0.032445929944515228271 0.026633564382791519165 0.37665864825248718262 0.023652099072933197021 0.075337953865528106689 0.14148335158824920654
0.012306187301874160767 0.012388858012855052948 0.012990707531571388245 0.013019876554608345032 0.010147511959075927734 0.010261583141982555389 0.01021968107670545578 0.010065470822155475616 0.021617509424686431885 0.033004477620124816895 3.1485972404479980469 3.1802096366882324219 3.2065949440002441406 0.026318285614252090454 0.020791711285710334778 0.03771999850869178772 0.032143231481313705444 0.0064058792777359485626 0.015106107108294963837 0.012297437526285648346 0.0094736218452453613281 0.018126826733350753784 0.035392932593822479248 0.044038571417331695557 0.046922583132982254028 0.052658453583717346191 0.055506829172372817993 0.066935248672962188721 0.058258272707462310791 0.052420478314161300659 0.58992582559585571289 0.043674521148204803467 0.040821969509124755859 0.038018390536308288574 0.040964681655168533325 0.032385617494583129883 0.035232204943895339966 0.029392739757895469666 0.37939742207527160645 0.026416825130581855774 0.078102976083755493164 0.17012846469879150391
0.0094554182142019271851 0.0094846272841095924377 0.0095024378970265388489 0.0066574648953974246979 0.007232287432998418808 0.007257048971951007843 0.0072796270251274108887 0.0073555479757487773895 0.0071702506393194198608 0.027036987245082855225 0.038582365959882736206 0.050209373235702514648 0.053317304700613021851 3.2658267021179199219 0.029567938297986984253 0.023991717025637626648 0.041326273232698440552 0.035741753876209259033 0.0099764261394739151001 0.018671961501240730286 0.015853036195039749146 0.013019310310482978821 0.021677726879715919495 0.038938391953706741333 0.047556586563587188721 0.050408478826284408569 0.056093052029609680176 0.058863576501607894897 0.070215493440628051758 0.061462745070457458496 0.055564917623996734619 0.6386178135871887207 0.043980862945318222046 0.041212379932403564453 0.044191353023052215576 0.035084504634141921997 0.037901457399129867554 0.032044649124145507812 0.38206508755683898926 0.029163854196667671204 0.080889374017715454102 0.18731313943862915039
