tests/data/reference/gistest/full/control/mqrill_m3_s.asc
ncols        125
nrows        78
xllcorner    -713756.799299980048
yllcorner    -1061032.369616159936
cellsize     10.000000000000
NODATA_value  -9999
[rows 36 to 53 of 78, columns 42 to 83 of 125]
0.0065315659157931804657 0.0065535726025700569153 0.0036691932473331689835 0.0036931100767105817795 0.003743126988410949707 0.0037885559722781181335 0.004376150667667388916 0.0043481420725584030151 0.024346074089407920837 0.0071186530403792858124 0.0069499895907938480377 0.00094221963081508874893 0.0040252390317618846893 0.0070158387534320354462 3.5163605213165283203 3.5512022972106933594 3.5804853439331054688 3.6267149448394775391 0.038770575076341629028 0.012934321537613868713 0.021570967510342597961 0.018718985840678215027 0.015874924138188362122 0.024496952071785926819 0.041704904288053512573 0.10212188214063644409 0.058806411921977996826 0.061574548482894897461 0.075818598270416259766 0.064236514270305633545 0.058381550014019012451 0.00074905954534187912941 0.64153587818145751953 0.090278357267379760742 0.047101557254791259766 0.038306862115859985352 0.041061855852603912354 0.034721516072750091553 0.49382868409156799316 0.031970206648111343384 0.10957670211791992188 0.26198670268058776855
0.0035141485277563333511 0.00071642885450273752213 0.00069737259764224290848 0.00071967591065913438797 0.0007782034226693212986 0.00082288443809375166893 0.00085750792641192674637 0.020949225872755050659 0.0041433228179812431335 0.0040876604616641998291 0.0040542255155742168427 0.0070645688101649284363 0.010170266032218933105 0.013133066706359386444 0.015891855582594871521 0.018884617835283279419 0.022114194929599761963 0.025166397914290428162 3.6564135551452636719 3.6996977329254150391 3.7171208858489990234 3.7431919574737548828 3.7664241790771484375 3.7867116928100585938 3.8155331611633300781 3.8615622520446777344 3.9680716991424560547 4.0315485000610351562 0.063856780529022216797 0.078339360654354095459 0.066975131630897521973 0.061382606625556945801 0.0039770710282027721405 0.7370955348014831543 0.050096534192562103271 0.041162282228469848633 0.043849237263202667236 0.037918195128440856934 0.49662813544273376465 0.034861400723457336426 0.11250154674053192139 0.26794785261154174805
0.00048878882080316543579 0.0035123585257679224014 0.0063707595691084861755 0.0092673907056450843811 0.012199668213725090027 0.015112007968127727509 0.018006358295679092407 0.00072802981594577431679 0.00062471593264490365982 0.00062182912370190024376 0.0012514679692685604095 0.0043330499902367591858 0.0074007157236337661743 0.010346826165914535522 1.5601822137832641602 1.6233872175216674805 1.6982914209365844727 1.7644661664962768555 1.8305273056030273438 1.8937082290649414062 1.9396560192108154297 1.9856125116348266602 2.0315892696380615234 2.0776774883270263672 2.1093540191650390625 2.14098358154296875 2.1725707054138183594 2.1753239631652832031 6.2124552726745605469 6.2817482948303222656 0.08107210695743560791 0.069832831621170043945 0.064392842352390289307 0.74592900276184082031 0.052878774702548980713 0.043946258723735809326 0.046691477298736572266 0.040840785950422286987 0.4999643862247467041 0.037777289748191833496 0.10680499672889709473 0.28053927421569824219
0.00045639451127499341965 0.0034683861304074525833 0.0063010072335600852966 0.0091711385175585746765 0.012085149064660072327 0.015012183226644992828 0.017936833202838897705 0.02079128660261631012 0.023569814860820770264 0.026441188529133796692 0.029423369094729423523 0.032367669045925140381 1.4847987890243530273 1.5450557470321655273 0.058198515325784683228 0.069729276001453399658 0.061246681958436965942 0.061299707740545272827 0.058426968753337860107 0.041190836578607559204 0.041161827743053436279 0.041121799498796463013 0.041611902415752410889 0.027182143181562423706 0.027077799662947654724 0.026954833418130874634 0.026819186285138130188 0.070030875504016876221 0.10173635929822921753 0.10450144112110137939 6.3915238380432128906 6.4781832695007324219 6.5537624359130859375 6.6231179237365722656 0.80337965488433837891 0.046646777540445327759 0.049619749188423156738 0.043867036700248718262 0.50304526090621948242 0.032646000385284423828 0 0.29168778657913208008
0.003390314057469367981 0.0063084363937377929688 0.0090898629277944564819 0.011913404799997806549 0.014795324765145778656 0.017742354422807693481 0.020730419084429740906 0.023642860352993011475 0.026487411931157112122 0.029329687356948852539 0.032188169658184051514 1.4472997188568115234 0.055269919335842132568 0.055353950709104537964 0.066887222230434417725 0.058382023125886917114 0.058500770479440689087 0.055691298097372055054 0.038487449288368225098 0.0384958609938621521 0.038488883525133132935 0.038464616984128952026 0.024068716913461685181 0.024017622694373130798 0.023958772420883178711 0.023880084976553916931 0.038699440658092498779 0.027116779237985610962 0.39441213011741638184 0.45464032888412475586 0.4832795560359954834 0.50932741165161132812 0 0.00060654402477666735649 6.6278300285339355469 0.85478395223617553711 0.052115276455879211426 0.046726197004318237305 0.00079537014244124293327 0.40157026052474975586 0.12209880352020263672 0.29450851678848266602
0.014860693365335464478 0.017707500606775283813 0.020459994673728942871 0.023284135386347770691 0.02619893290102481842 0.029148701578378677368 0.032117724418640136719 0.035040073096752166748 0.037931766360998153687 1.3554260730743408203 1.4098857641220092773 0.052246116101741790771 0.052355799823999404907 0.063905827701091766357 0.055336467921733856201 0.05541149526834487915 0.052659235894680023193 0.035514757037162780762 0.035558905452489852905 0.035601347684860229492 0.035626515746116638184 0.021263020113110542297 0.021243391558527946472 0.021232958883047103882 0.021217595785856246948 0.035553298890590667725 0.024030208587646484375 0.39142882823944091797 0.055519942194223403931 0.024360777810215950012 0.021256987005472183228 0.021124804392457008362 0.053128290921449661255 0 0 6.6297864913940429688 0.85740488767623901367 0.055403318256139755249 0.040265098214149475098 0.54591166973114013672 0.12482681870460510254 0.29774001240730285645
0.26444229483604431152 0.26723727583885192871 0.26999166607856750488 0.27285841107368469238 0.27583402395248413086 0.27874299883842468262 0.28158658742904663086 0.28444015979766845703 1.3122202157974243164 0.049251351505517959595 0.049263343214988708496 0.049343969672918319702 0.060921724885702133179 0.052366044372320175171 0.052376367151737213135 0.049548666924238204956 0.032424911856651306152 0.032504498958587646484 0.032557561993598937988 0.032627005130052566528 0.018331874161958694458 0.018354613333940505981 0.018359232693910598755 0.018367350101470947266 0.032746601849794387817 0.021261438727378845215 0.38870975375175476074 0.052836988121271133423 0.021245598793029785156 0.018320042639970779419 0.018205437809228897095 0.027262423187494277954 0.018622767180204391479 0.018642183393239974976 0.018269337713718414307 0 0 0.84884953498840332031 0.731990814208984375 0.61043608188629150391 0.12734657526016235352 0.30043756961822509766
0.049018673598766326904 0.051854018121957778931 0.054709199815988540649 0.057627398520708084106 0.060598038136959075928 0.063455492258071899414 0.066211439669132232666 1.0221577882766723633 0.046147100627422332764 0.046269185841083526611 0.046350464224815368652 0.057880301028490066528 0.049331054091453552246 0.049370225518941879272 0.046503707766532897949 0.029297851026058197021 0.029368296265602111816 0.029424885287880897522 0.029459364712238311768 0.015181705355644226074 0.015295456163585186005 0.015371502377092838287 0.015404023230075836182 0.02980099804699420929 0.018349310383200645447 0.38584807515144348145 0.049976225942373275757 0.018418712541460990906 0.015578041784465312958 0.015577518381178379059 0.024161865934729576111 0.015498954802751541138 0.015999192371964454651 0.015883713960647583008 0.015803283080458641052 0.015635756775736808777 0.024703729897737503052 0 0 0.91308683156967163086 0.61297512054443359375 0.43304136395454406738
0.66632348299026489258 0.718006134033203125 0.7209021449089050293 0.7237536311149597168 0.72657811641693115234 0.9045505523681640625 0.95034348964691162109 0.043079018592834472656 0.043113168329000473022 0.043260186910629272461 0.054869055747985839844 0.046304639428853988647 0.046333733946084976196 0.043509777635335922241 0.026312690228223800659 0.026326440274715423584 0.026361756026744842529 0.026388796046376228333 0.012028489261865615845 0.012089618481695652008 0.012222320772707462311 0.012326939031481742859 0.026760274544358253479 0.015322264283895492554 0.38286367058753967285 0.047002043575048446655 0.015443831682205200195 0.012622880749404430389 0.012683453038334846497 0.021329056471586227417 0.012708376161754131317 0.012704875320196151733 0.012691967189311981201 0.013147081248462200165 0.012958180159330368042 0.012996515259146690369 0.005987949669361114502 0 0.038940452039241790771 0 0 1.0518751144409179688
0.046327959746122360229 0.037724908441305160522 0.086597561836242675781 0.12966585159301757812 0.17267103493213653564 0.040484026074409484863 0.040395345538854598999 0.040274064987897872925 0.040146898478269577026 0.051650833338499069214 0.043180670589208602905 0.043248664587736129761 0.04041004180908203125 0.023278415203094482422 0.023379918187856674194 0.023412477225065231323 0.023420317098498344421 0.0090666441246867179871 0.0090462910011410713196 0.00905149802565574646 0.0091199958696961402893 0.023590134456753730774 0.012195779010653495789 0.37976905703544616699 0.043901633471250534058 0.012357795611023902893 0.0095233004540205001831 0.0096011916175484657288 0.018316376954317092896 0.009738857857882976532 0.0097481030970811843872 0.0097777880728244781494 0.0098170237615704536438 0.0097660953179001808167 0.010142669081687927246 0.010045450180768966675 0.026460580527782440186 0 0.010603902861475944519 0.013443559408187866211 0.016340330243110656738 0
0.035032432526350021362 0.043636854737997055054 0.037914007902145385742 0.037890031933784484863 0.037814110517501831055 0.037752822041511535645 0.037690009921789169312 0.037568535655736923218 0.048856802284717559814 0.040139243006706237793 0.040192905813455581665 0.037333458662033081055 0.020069448277354240417 0.020184697583317756653 0.020371451973915100098 0.020437743514776229858 0.0060611655935645103455 0.0060750278644263744354 0.0060972454957664012909 0.0060862018726766109467 0.020450847223401069641 0.0090345544740557670593 0.37667968869209289551 0.040802691131830215454 0.0092355888336896896362 0.0063934340141713619232 0.0064227147959172725677 0.015147972851991653442 0.0066781952045857906342 0.0067485598847270011902 0.0067637213505804538727 0.0068193529732525348663 0.0069010457955300807953 0.0068940641358494758606 0.0067742732353508472443 0.029679577797651290894 0 0 0.0013506084214895963669 0.0042704236693680286407 0.0072603048756718635559 0.010102404281497001648
0.040849983692169189453 0.035135917365550994873 0.035150911659002304077 0.035129524767398834229 0.035058297216892242432 0.034983020275831222534 0.034921772778034210205 0.046327196061611175537 0.037575066089630126953 0.037422820925712585449 0.034481052309274673462 0.017142746597528457642 0.016959631815552711487 0.017017818987369537354 0.017285244539380073547 0.0030263005755841732025 0.0030052585061639547348 0.0030391097534447908401 0.0031172281596809625626 0.017520058900117874146 0.0060114222578704357147 0.37361213564872741699 0.037768084555864334106 0.006208830513060092926 0.0033109739888459444046 0.0032983787823468446732 0.011911243200302124023 0.0034044685307890176773 0.0036159825976938009262 0.0037217170465737581253 0.0037487512454390525818 0.0038264282047748565674 0.0039415457285940647125 0.0039887451566755771637 0.026938337832689285278 0.0010184128768742084503 0 0.00067413528449833393097 0.010128024965524673462 0.013103256002068519592 0.016167089343070983887 0.019135171547532081604
0.032239243388175964355 0.032287396490573883057 0.032319582998752593994 0.032319504767656326294 0.032275985926389694214 0.032203335314989089966 0.04360450059175491333 0.034931335598230361938 0.03485183417797088623 0.031848881393671035767 0.014485949650406837463 0.014317849650979042053 0.014053077436983585358 0.014020933769643306732 0 1.0156816642847843468e-05 0 1.6406916984124109149e-05 0.014461897313594818115 0.0030330624431371688843 0.37063542008399963379 0.034724947065114974976 0.0032398414332419633865 0.00039406787254847586155 0.00034169040736742317677 0.008928820490837097168 0.00028378705610521137714 0.00038003685767762362957 0.00057930644834414124489 0.00068098411429673433304 0.00070544792106375098228 0.00078681932063773274422 0.00091554439859464764595 0.024017270654439926147 0.0039775264449417591095 0.0068438532762229442596 0.0027529965154826641083 0.17757591605186462402 0.22011508047580718994 0.2231111377477645874 0.22621047496795654297 0.22920787334442138672
0.029305111616849899292 0.029363907873630523682 0.029417157173156738281 0.029447581619024276733 0.029446110129356384277 0.040882620960474014282 0.032180156558752059937 0.032115612179040908813 0.02920958399772644043 0.011882605031132698059 0.011739111505448818207 0.011570362374186515808 0.011329906061291694641 0 0.002724729711189866066 0.0056644757278263568878 0.0085283527150750160217 0.011398974806070327759 0 0.36759901046752929688 0.031707137823104858398 0.000207023011171258986 0.00032488073338754475117 0.0032334944698959589005 0.0060598808340728282928 0.00028644505073316395283 0.0031583753880113363266 0.0061078276485204696655 0.0091289980337023735046 0.012071507051587104797 0.014947364106774330139 0.017870157957077026367 0.020838551223278045654 0.00087532476754859089851 0.0010500499047338962555 0.047070603817701339722 0.16367647051811218262 0.030208220705389976501 0.0071742618456482887268 0.010591594502329826355 0.013682580552995204926 0.016696721315383911133
0.026351004838943481445 0.026402926072478294373 0.026467371731996536255 0.026522144675254821777 0.03804240003228187561 0.029413484036922454834 0.029341436922550201416 0.026415731757879257202 0.0091755362227559089661 0.0091127948835492134094 0.0089719993993639945984 0.0088314507156610488892 0.129312857985496521 0.13204759359359741211 0.13487903773784637451 0.13774454593658447266 0.14061425626277923584 0.14345502853393554688 0.36457395553588867188 0.028642276301980018616 7.619835378136485815e-05 0.0030606519430875778198 0.006021024659276008606 0.008929404430091381073 0.011779862456023693085 0.01465943455696105957 0.017567915841937065125 0.020526239648461341858 0.023526696488261222839 0.02645582146942615509 0.029325541108846664429 0.032198492437601089478 0.035075757652521133423 0.038067769259214401245 0.041139490902423858643 0.11874700337648391724 0 0.0043656504712998867035 0.0010600415989756584167 0.004504734184592962265 0.007557208184152841568 0.010567944496870040894
0.023386830464005470276 0.023410430178046226501 0.023468773812055587769 0.035025253891944885254 0.026481447741389274597 0.026506768539547920227 0.023604545742273330688 0.0063333269208669662476 0.0063363611698150634766 0.0062933429144322872162 0.0061772745102643966675 0.12673248350620269775 0.026113796979188919067 0.054722037166357040405 0.060321025550365447998 0.091871023178100585938 0.15509270131587982178 0.21537476778030395508 0.025729034096002578735 0.022928988561034202576 0.02599313296377658844 0.028943944722414016724 0.031816050410270690918 0.034701399505138397217 0.037585962563753128052 0.040496587753295898438 0.043433308601379394531 0.095254793763160705566 0.098270989954471588135 0.10120951384305953979 0.10409176349639892578 0.10690839588642120361 0.10964437574148178101 0.11254584044218063354 0.11560663580894470215 0.023865284398198127747 0 0.0010223492281511425972 0.0039806128479540348053 0.006912329699844121933 0.01036999095231294632 0.013377394527196884155
0.020484490320086479187 0.020471150055527687073 0.031981602311134338379 0.023424062877893447876 0.02350314706563949585 0.020685754716396331787 0.0034720662515610456467 0.0034653730690479278564 0.0034501547925174236298 0.0034123596269637346268 0.1239878237247467041 0.023388767614960670471 0.023370679467916488647 0.00026816542958840727806 0.025909725576639175415 0.057421419769525527954 0.054579332470893859863 0.02299900352954864502 0.020079338923096656799 0.025912377983331680298 0.028993614017963409424 0.031906001269817352295 0.034672457724809646606 0.037499576807022094727 0.040387779474258422852 0.043303560465574264526 0.046243321150541305542 0.00043798412661999464035 0.0035094530321657657623 0.0064966962672770023346 0.0094279712066054344177 0.012216469272971153259 0.014811014756560325623 0.017629988491535186768 0.020706530660390853882 0.00077228562440723180771 0 0.0072433310560882091522 0.01020824722945690155 0.013158821500837802887 0.016096521168947219849 0.01951124146580696106
0.017650593072175979614 0.029100736603140830994 0.020456707105040550232 0.020471828058362007141 0.017658468335866928101 0.0004789615923073142767 0.00054399570217356085777 0.00055363326100632548332 0.00051437097135931253433 0.12114936113357543945 0.020549690350890159607 0.020542273297905921936 0.020575279369950294495 0.02333934977650642395 0.054661840200424194336 0.051653534173965454102 0.020136751234531402588 0.017298603430390357971 0.023041576147079467773 0.03177876397967338562 0.057857479900121688843 0.060759924352169036865 0.063486866652965545654 0.066245548427104949951 0.069060660898685455322 0.071943491697311401367 0.074881874024868011475 0.077920399606227874756 0.081016160547733306885 0.084034398198127746582 0.087001077830791473389 0.089778870344161987305 0.092300824820995330811 0.16977556049823760986 0.17574815452098846436 0.1787980496883392334 0.054512426257133483887 0.18528422713279724121 0.18823830783367156982 0.19119019806385040283 0.19413864612579345703 0.19699965417385101318
