tests/data/reference/gistest/full/control/mqrill_m3_s.asc
ncols        125
nrows        78
xllcorner    -713756.799299980048
yllcorner    -1061032.369616159936
cellsize     10.000000000000
NODATA_value  -9999
[rows 54 to 71 of 78, columns 42 to 83 of 125]
0.026271291077136993408 0.017632804811000823975 0.017598118633031845093 0.014734455384314060211 0.014793287962675094604 0.017719861119985580444 0.020644923672080039978 0.080981999635696411133 0.1182657778263092041 0.017684115096926689148 0.017681408673524856567 0.017704837024211883545 0.029255371540784835815 0.052144028246402740479 0.048950355499982833862 0.017223421484231948853 0.014420298859477043152 0.020214065909385681152 0.028849570080637931824 0.020357763394713401794 0.037811528891324996948 0.040742594748735427856 0.043522786349058151245 0.046266090124845504761 0.048982996493577957153 0.051823943853378295898 0.054784413427114486694 0.057809554040431976318 0.060876596719026565552 0.063891850411891937256 0.06687043607234954834 0.069647230207920074463 0.072134196758270263672 0.00029777252348139882088 0.00062930374406278133392 0.003714847145602107048 0 0.010183703154325485229 0.013145316392183303833 0.016100028529763221741 0.019047357141971588135 0.021909710019826889038
0.014746133238077163696 0.014751533046364784241 0.011867865920066833496 0.01189997699111700058 0.020591067150235176086 0.037875588983297348022 0.055139597505331039429 0.032127413898706436157 0.014827686361968517303 0.014827637001872062683 0.014864383265376091003 0.026380572468042373657 0.017810020595788955688 0.046437848359346389771 0.014570140279829502106 0.011564857326447963715 0.01736282743513584137 0.026026243343949317932 0.017438050359487533569 0.034764301031827926636 0.00046237016795203089714 0.043657239526510238647 0.066642329096794128418 0.069416940212249755859 0.11232002824544906616 0.18118649721145629883 0.18415187299251556396 0.18713346123695373535 0.19013345241546630859 0.19311465322971343994 0.19607757031917572021 0.19885703921318054199 0.2013638913631439209 0.2042325139045715332 0.20747810602188110352 0.21055963635444641113 0.20680959522724151611 0.21650175750255584717 0.21943700313568115234 0.22235433757305145264 0.22525623440742492676 0.22810462117195129395
0.011859976686537265778 0.0089943949133157730103 0.0089972177520394325256 0.017664840444922447205 0.012003170326352119446 0.012044850736856460571 0.029289117082953453064 0.012029786594212055206 0.011974552646279335022 0.012005428783595561981 0.023577122017741203308 0.014970580115914344788 0.043679282069206237793 0.012007585726678371429 0.0089348051697015762329 0.014568638056516647339 0.023203790187835693359 0.014629463665187358856 0.031927388161420822144 0.017620718106627464294 0.037811312824487686157 0.017784360796213150024 0.017853688448667526245 0.037917967885732650757 0.063560821115970611572 0.02044812031090259552 0.043542359024286270142 0.046505313366651535034 0.049462702125310897827 0.052420340478420257568 0.055374100804328918457 0.058202210813760757446 0.060869399458169937134 0.063778571784496307373 0.06690928339958190918 0.062988705933094024658 0.066444560885429382324 0.075883127748966217041 0.078791223466396331787 0.081675365567207336426 0.084538601338863372803 0.087402485311031341553
0.0061106546781957149506 0.0061098141595721244812 0.014731885865330696106 0.009041157551109790802 0.0091414395719766616821 0.026438461616635322571 0.0092193335294723510742 0.0091981394216418266296 0.0091470554471015930176 0.020699771121144294739 0.012205697596073150635 0.040913354605436325073 0.0092140864580869674683 0.0062876725569367408752 0.011953605338931083679 0.020481096580624580383 0.011827045120298862457 0.029092226177453994751 0.01481042616069316864 0.01484989561140537262 0.014854865148663520813 0.014911805279552936554 0.015002738684415817261 0.06093241274356842041 0.017732579261064529419 0.017700206488370895386 0.055123634636402130127 0.078191682696342468262 0.1012425646185874939 0.16162090003490447998 0.16455005109310150146 0.1674152761697769165 0.17020487785339355469 0.17309810221195220947 0.17609976232051849365 0.17223444581031799316 0.17563049495220184326 0.18496587872505187988 0.18783195316791534424 0.1906805187463760376 0.19351504743099212646 0.19640871882438659668
0.0032084183767437934875 0.011820319108664989471 0.0060562738217413425446 0.006096395198255777359 0.023427553474903106689 0.0062552238814532756805 0.0062948851846158504486 0.0062847202643752098083 0.017720779404044151306 0.0091881100088357925415 0.038107942789793014526 0.0064861183054745197296 0.0033963632304221391678 0.0090932026505470275879 0.017736233770847320557 0.0090680262073874473572 0.026252528652548789978 0.011899320408701896667 0.011977727524936199188 0.012019775807857513428 0.012016853317618370056 0.012047467753291130066 0.058066576719284057617 0.01500642579048871994 0.014934349805116653442 0.052247524261474609375 0.017857488244771957397 0.017931494861841201782 0.055334016680717468262 0.020938524976372718811 0.043983895331621170044 0.046883940696716308594 0.04975422099232673645 0.052652850747108459473 0.055587202310562133789 0.051817428320646286011 0.055110115557909011841 0.064386889338493347168 0.067224480211734771729 0.070063091814517974854 0.072904638946056365967 0.21754212677478790283
0.0088954074308276176453 0.0031446493230760097504 0.0031208193395286798477 0.020365249365568161011 0.0031687803566455841064 0.003205645829439163208 0.0032401741482317447662 0.014747855253517627716 0.0060848831199109554291 0.034935031086206436157 0.0036088542547076940536 0.00071218801895156502724 0.0061359284445643424988 0.014670399017632007599 0.0061673424206674098969 0.023425444960594177246 0.0090164458379149436951 0.0090153962373733520508 0.0090731400996446609497 0.0091323563829064369202 0.0091629000380635261536 0.055130518972873687744 0.012087859213352203369 0.012115877121686935425 0.049438163638114929199 0.014970967546105384827 0.015006781555712223053 0.052406072616577148438 0.01802409440279006958 0.018099077045917510986 0.018164835870265960693 0.035448968410491943359 0.041220463812351226807 0.047015134245157241821 0.061444137245416641235 0.057914283126592636108 0.067288927733898162842 0.0701580047607421875 0.084468178451061248779 0.10501157492399215698 0.13994047045707702637 0.0097805522382259368896
0.00014344273949973285198 0.00018257768533658236265 0.01745031401515007019 0.00021303225366864353418 0.00021816510707139968872 0.00019923067884519696236 0.011665939353406429291 0.0030796898063272237778 0.031841844320297241211 0.00039640488103032112122 0.00067893957020714879036 0.0035129706375300884247 0.011723375879228115082 0.0029758824966847896576 0.020427219569683074951 0.0061437333934009075165 0.00613127928227186203 0.0061181681230664253235 0.0061311563476920127869 0.0062035373412072658539 0.052244234830141067505 0.0091909207403659820557 0.0091877924278378486633 0.046563662588596343994 0.012144628912210464478 0.012161484919488430023 0.049514383077621459961 0.015098702162504196167 0.015167004428803920746 0.015239522792398929596 0.012441735714673995972 0.00097684049978852272034 0.00098023726604878902435 0.0096662845462560653687 0.0011377361370250582695 0 0.0069752437993884086609 0.0098323142156004905701 0.01596781611442565918 0.030302761122584342957 0.0068575250916182994843 0.0040257014334201812744
0.011413835920393466949 0.014391482807695865631 0.00015044565952848643064 0.0030752653256058692932 0.0059457612223923206329 0.0087484344840049743652 0 0.0287810545414686203 0.0002144747413694858551 0.0032651696819812059402 0.0063504218123853206635 0.009146452881395816803 5.0022503273794427514e-05 0.017119431868195533752 0.0030265399254858493805 0.0031741666607558727264 0.0032169427722692489624 0.0032045484986156225204 0.0031634944025427103043 0.04919573664665222168 0.0062558543868362903595 0.006311938166618347168 0.043643914163112640381 0.0092162024229764938354 0.0092942779883742332458 0.046684592962265014648 0.012241900898516178131 0.012283351272344589233 0.012338232249021530151 0.0095189232379198074341 0.00095800502458587288857 0.0038449082057923078537 0.0066825356334447860718 0.00098969903774559497833 0.0039901207201182842255 0 0.010279846377670764923 0.013132933527231216431 0.027428200468420982361 0.0039443345740437507629 0.0010812307009473443031 0.0011123659787699580193
0.0082594286650419235229 0.011267086490988731384 0.014387639239430427551 0.017368732020258903503 0.020250648260116577148 0.023020371794700622559 0.025647906586527824402 0 0.0031076802406460046768 0.006162243429571390152 0.0091277724131941795349 0.011884511448442935944 0.01431261841207742691 0 0 0.0001473087031627073884 0.00024625298101454973221 0.0002396106283413246274 0.046107929199934005737 0.0030800113454461097717 0.0032559647224843502045 0.040683366358280181885 0.0062200594693422317505 0.0062697734683752059937 0.043709531426429748535 0.0093217846006155014038 0.0093730948865413665771 0.0094310408458113670349 0.0066315890289843082428 0.00093598617240786552429 0.0038553618360310792923 0.0067269587889313697815 0.0095437159761786460876 0.012458905577659606934 0.01545995660126209259 0 0.021731767803430557251 0.024587906897068023682 0.0010836391011252999306 0.0010530299041420221329 0.0039338599890470504761 0.0068225059658288955688
0 0 0 0.0029666458722203969955 0.0058308276347815990448 0.0085809929296374320984 0.011172394268214702606 0.014188265427947044373 0.017504706978797912598 0.020516796037554740906 0.023340180516242980957 0.026073761284351348877 0.028642667457461357117 0.031353216618299484253 0.03433819115161895752 0.037332765758037567139 0.040322072803974151611 0.043189078569412231445 0 0 0.037518497556447982788 0.0031371582299470901489 0.0031587611883878707886 0.040579397231340408325 0.0062253568321466445923 0.0063513629138469696045 0.0064563583582639694214 0.0036752671003341674805 0.00090214953524991869926 0.0038396907038986682892 0.0067466134205460548401 0.0096138864755630493164 0.012434286065399646759 0.015325812622904777527 0.018290843814611434937 0 0.024566303938627243042 0.027440376579761505127 0.030295299366116523743 0.03314683958888053894 0.036006551235914230347 0.038869328796863555908
-9999 -9999 -9999 0.00014828941493760794401 8.7299282313324511051e-05 0.0028289749752730131149 0.0054917791858315467834 0 0.0031597162596881389618 0.0060914349742233753204 0.0087446812540292739868 0.011451102793216705322 0.014235487207770347595 0.017057726159691810608 0.019953459501266479492 0.022874826565384864807 0.025817332789301872253 0.028670297935605049133 0.031419083476066589355 0.034288633614778518677 0 3.1749175832374021411e-05 0.037414986640214920044 0.0030256756581366062164 0.003149229101836681366 0.0033282742369920015335 0.00064809038303792476654 0.00079185783397406339645 0.0037875196430832147598 0.006727098952978849411 0.0096223326399922370911 0.012491846457123756409 0.015331682749092578888 0.018207237124443054199 0.021123774349689483643 0 0.027421090751886367798 0.030328765511512756348 0.033229026943445205688 0.036093294620513916016 0.038927022367715835571 0.041762016713619232178
-9999 -9999 -9999 -9999 -9999 -9999 -9999 -9999 -9999 0.00029309428646229207516 0.0027694825548678636551 0.0054075033403933048248 0.0084066465497016906738 0.011360046453773975372 0.014265029691159725189 0.017142068594694137573 0.019986610859632492065 0.022806283086538314819 0.025602834299206733704 0.028436919674277305603 0.031317763030529022217 0.034236066043376922607 0 0 7.5737538281828165054e-05 0.00030554248951375484467 0.0034539687912911176682 0.0065180920064449310303 0.0095297843217849731445 0.012466979213058948517 0.015347912907600402832 0.018211379647254943848 0.021059492602944374084 0.087143816053867340088 0.092936195433139801025 0 0.099230855703353881836 0.10215818136930465698 0.10509013384580612183 0.10796263813972473145 0.11077972501516342163 0.11359208822250366211
-9999 -9999 -9999 -9999 -9999 -9999 -9999 -9999 -9999 -9999 0 0 0.0026157356332987546921 0.0056644482538104057312 0.0086296033114194869995 0.011497710831463336945 0.014250447973608970642 0.017041085287928581238 0.019901763647794723511 0.022692257538437843323 0.025367563590407371521 0.02818475477397441864 0.031196970492601394653 0.034269727766513824463 0.037359967827796936035 0.040493749082088470459 0.043635353446006774902 0.04670170322060585022 0.049720093607902526855 0.052648819983005523682 0.055508490651845932007 0.058349359780550003052 0.061174273490905761719 0.00090115342754870653152 0.0010060976492241024971 0 0.0073101320303976535797 0.010254396125674247742 0.013217489235103130341 0.016110379248857498169 0.018940603360533714294 0.021753452718257904053
-9999 -9999 -9999 -9999 -9999 -9999 -9999 -9999 -9999 -9999 -9999 -9999 -9999 -9999 -9999 -9999 -9999 -9999 0 0 0 0 0 0.0026228602509945631027 0.0058322986587882041931 0.0089589655399322509766 0.012020692229270935059 0.015060793608427047729 0.018088277429342269897 0.021012874320149421692 0.023854603990912437439 0.026681089773774147034 0.029488120228052139282 0.032428923994302749634 0.035467814654111862183 0.0316371135413646698 0.041299812495708465576 0.044249404221773147583 0.047237023711204528809 0.050151225179433822632 0.053005754947662353516 0.055825755000114440918
-9999 -9999 -9999 -9999 -9999 -9999 -9999 -9999 -9999 -9999 -9999 -9999 -9999 -9999 -9999 -9999 -9999 -9999 -9999 -9999 -9999 0.0023256489075720310211 0.0024095054250210523605 0 0.00021690475114155560732 0.0033009636681526899338 0.0062539349310100078583 0.0092490455135703086853 0.012284348718822002411 0.015203326940536499023 0.018022958189249038696 0.020847642794251441956 0.023674227297306060791 0.026644987985491752625 0.029716702178120613098 0.025864340364933013916 0.035522546619176864624 0.038470216095447540283 0.041477348655462265015 0.04441712796688079834 0.047306541353464126587 0.050144582986831665039
-9999 -9999 -9999 -9999 -9999 -9999 -9999 -9999 -9999 -9999 -9999 -9999 -9999 -9999 -9999 -9999 -9999 -9999 -9999 -9999 -9999 -9999 -9999 0.0057391342706978321075 0.0032234464306384325027 0.00049847603077068924904 0.000484356278320774436 0.0034376608673483133316 0.0064819874241948127747 0.0093935700133442878723 0.012183564715087413788 0.01501216646283864975 0.017885034903883934021 0.02088001742959022522 0.016796814277768135071 0.026897005736827850342 0.029756050556898117065 0.032698739320039749146 0.035704132169485092163 0.038659416139125823975 0.041578147560358047485 0.044438526034355163574
-9999 -9999 -9999 -9999 -9999 -9999 -9999 -9999 -9999 -9999 -9999 -9999 -9999 -9999 -9999 -9999 -9999 -9999 -9999 -9999 -9999 -9999 -9999 -9999 0.009054400026798248291 0.0062776356935501098633 0.003341749776154756546 0.00052108679665252566338 0.0035592345520853996277 0.006457989569753408432 0.0092234909534454345703 0.012064627371728420258 0.014991861768066883087 0.017994197085499763489 0.01373414602130651474 0.023988038301467895508 0.026875499635934829712 -9999 -9999 -9999 -9999 -9999
-9999 -9999 -9999 -9999 -9999 -9999 -9999 -9999 -9999 -9999 -9999 -9999 -9999 -9999 -9999 -9999 -9999 -9999 -9999 -9999 -9999 -9999 -9999 -9999 -9999 -9999 0.0090892473235726356506 0.0062652681954205036163 0.00063323375070467591286 0.0035093487240374088287 0.0062848222441971302032 0.0091612925752997398376 0.012133764103055000305 0.015130814164876937866 0 -9999 -9999 -9999 -9999 -9999 -9999 -9999
