tests/data/reference/gistest/full/control/mqrill_m3_s.asc
ncols        125
nrows        78
xllcorner    -713756.799299980048
yllcorner    -1061032.369616159936
cellsize     10.000000000000
NODATA_value  -9999
[rows 36 to 53 of 78, columns 0 to 40 of 125]
-9999 -9999 -9999 -9999 -9999 -9999 -9999 -9999 -9999 -9999 -9999 -9999 -9999 0 0.011817828752100467682 0.017800968140363693237 0.079443402588367462158 0.0071105672977864742279 0.010220937430858612061 0.014542870223522186279 0.016797836869955062866 0.018094826489686965942 0.015451497398316860199 0.024036074057221412659 0.018883725628256797791 0.01926063932478427887 0.021207908168435096741 0.020888695493340492249 0.017141941934823989868 0.011666836217045783997 0.017587756738066673279 0.021401070058345794678 0.047362655401229858398 0.0012038282584398984909 0.0048847943544387817383 0.017092611640691757202 0.011892798356711864471 0.0084212291985750198364 0.0084707634523510932922 0.018412664532661437988 0.0087151173502206802368
-9999 -9999 -9999 -9999 -9999 -9999 -9999 -9999 -9999 -9999 -9999 -9999 0 0 0.015622271224856376648 0.079965732991695404053 0.0036128265783190727234 0.0070307948626577854156 0.012235204689204692841 0.015295258723199367523 0.017166569828987121582 0.013283884152770042419 0.024774625897407531738 0.018273986876010894775 0.018547432497143745422 0.021774144843220710754 0.019993660971522331238 0.014065286144614219666 0.0079017588868737220764 0.014465542510151863098 0.019144412130117416382 0.014290248975157737732 0.027876954525709152222 0.00093193328939378261566 0.014150981791317462921 0.0082359900698065757751 0.0045545883476734161377 0.0045496905222535133362 0.014982653781771659851 0.0046435240656137466431 0.0047481409274041652679
-9999 -9999 -9999 -9999 -9999 -9999 -9999 -9999 -9999 -9999 -9999 0 0 0.01290584169328212738 0.079939104616641998291 0 0.0032847744878381490707 0.0093069588765501976013 0.013317116536200046539 0.015923812985420227051 0.010464420542120933533 0.025500342249870300293 0.017485266551375389099 0.017775513231754302979 0.02234398573637008667 0.019249586388468742371 0.010910578072071075439 0.0040987273678183555603 0.011113458313047885895 0.016742302104830741882 0.010819165036082267761 0.010782472789287567139 0.010715160518884658813 0.010679990053176879883 0.0044476152397692203522 0.00081391702406108379364 0.00060899718664586544037 0.011321587488055229187 0.00048122377484105527401 0.00050879182526841759682 0.00058596313465386629105
-9999 -9999 -9999 -9999 -9999 -9999 -9999 -9999 -9999 -9999 -9999 0 0.0092137614265084266663 0.078325852751731872559 0.0019739314448088407516 0 0.0054616602137684822083 0.010615341365337371826 0.014320802874863147736 0.0071463133208453655243 0.026095265522599220276 0.016572143882513046265 0.016882257536053657532 0.022894460707902908325 0.018517931923270225525 0.0074054091237485408783 0.00030629284447059035301 0.0075917043723165988922 0.014028415083885192871 0.0073964828625321388245 0.0071240384131669998169 0.0069951694458723068237 0.0069138365797698497772 0.00010767687490442767739 0.00061350263422355055809 0.0044119679369032382965 0.0077921613119542598724 0.00023990278714336454868 0.0038324596825987100601 0.0075550181791186332703 0.011358829215168952942
-9999 -9999 -9999 -9999 -9999 -9999 -9999 -9999 -9999 -9999 0 0 0.073525242507457733154 0.0045027662999927997589 0 0.0015055257827043533325 0.0073710978031158447266 0.012273374013602733612 0.0032449206337332725525 0.026537308469414710999 0.015445219352841377258 0.015923740342259407043 0.023489108309149742126 0.017778631299734115601 0.0038428152911365032196 0.00020311062689870595932 0.0038871394935995340347 0.010860090143978595734 0.003807066008448600769 0.0036169588565826416016 0.003193469485267996788 0.0030842677224427461624 0 0.003874614369124174118 0.0079829338937997817993 0.011701874434947967529 0.015071734786033630371 0.018246395513415336609 0.02107542380690574646 0.00049274828052148222923 0.00082745787221938371658
-9999 -9999 -9999 -9999 -9999 -9999 -9999 -9999 -9999 -9999 0 0.065399222075939178467 0.0095749804750084877014 0.0013027696404606103897 0 0.0045678978785872459412 0.010451827198266983032 0 0.026634464040398597717 0.014163062907755374908 0.014819367788732051849 0.024024181067943572998 0.016928708180785179138 0.00010062974615721032023 0.00024325460253749042749 0.0039204787462949752808 0.007375143934041261673 3.5704244510270655155e-05 1.4812516155870980583e-06 0 0 0 0.0036178929731249809265 0.0077277272939682006836 0.011630463413894176483 0.015217683278024196625 0.018471492454409599304 0.021376654505729675293 0.00062347442144528031349 0.023933444172143936157 0.0047478326596319675446
-9999 -9999 -9999 -9999 -9999 -9999 -9999 -9999 -9999 0 0 0.061837848275899887085 0.0078075267374515533447 0 0.0013884170912206172943 0.0090821720659732818604 0.010920702479779720306 0.027002945542335510254 0.012770367786288261414 0.013549393974244594574 0.024417567998170852661 0.015997998416423797607 0.0037333753425627946854 0.0074065565131604671478 0.010948010720312595367 0.01404493674635887146 0.099530830979347229004 0.11272902041673660278 0.1118245348334312439 0.11072230339050292969 0.10944101959466934204 0.10891989618539810181 0.10894333571195602417 0.10872106999158859253 0.10837201029062271118 0.10789415240287780762 0.10732237249612808228 0.10670667141675949097 0.10701285302639007568 0.10650144517421722412 0.10790586471557617188
-9999 -9999 -9999 -9999 -9999 -9999 -9999 -9999 0 0 0.060120902955532073975 0.0024201788473874330521 0.0052427644841372966766 0 0.0070044309832155704498 0.0095328055322170257568 0.011944688856601715088 0.012409796938300132751 0.01268790755420923233 0.024419600144028663635 0.014810182154178619385 0 2.9092765544191934168e-05 0.0038525578565895557404 0.075128264725208282471 0.0859640464186668396 0.013751480728387832642 0.0073511833325028419495 0.010697734542191028595 0.013643416576087474823 0.016062257811427116394 0.018717952072620391846 0.021383661776781082153 0.023535398766398429871 0.025325998663902282715 0.026826970279216766357 0.028085790574550628662 0.029167326167225837708 0.030017377808690071106 0.030965441837906837463 0.032151330262422561646
-9999 -9999 -9999 -9999 -9999 -9999 -9999 -9999 0 0 0.059576731175184249878 0 0.002181951422244310379 0.0048881340771913528442 0.0075476332567632198334 0.011134352535009384155 0.012105901725590229034 0.013017608784139156342 0.024917002767324447632 0.013407357968389987946 0.015069209039211273193 0.033511295914649963379 0.051901396363973617554 0.070920653641223907471 0.010746411047875881195 0.010805893689393997192 0.0039966083131730556488 0.00031143723754212260246 0.0039616557769477367401 0.0074781863950192928314 0.010773559100925922394 0.014277442358434200287 0.017842909321188926697 0.021004738286137580872 0.023819595575332641602 0.026369139552116394043 0.028435476124286651611 0.33445799350738525391 0.36075389385223388672 0.38751745223999023438 0.41349786520004272461
-9999 -9999 -9999 -9999 -9999 -9999 -9999 -9999 0 0.050125528126955032349 0.0075300591997802257538 0 0.002002271357923746109 0.0053184931166470050812 0.0099766934290528297424 0.011493541300296783447 0.013041227124631404877 0.025916641578078269958 0.01251478586345911026 0.013775979168713092804 0.01503796502947807312 0.016267422586679458618 0.017435699701309204102 0.0074836486019194126129 0.0073315100744366645813 0.00017598229169379919767 0.00037621229421347379684 0.0041105272248387336731 0.0076840240508317947388 0.011157871223986148834 0.014445420354604721069 0.017698224633932113647 0.020870782434940338135 0.023591047152876853943 0.26866126060485839844 0.29276177287101745605 0.31772029399871826172 0.026790674775838851929 0.027597969397902488708 0.028160633519291877747 0.028549309819936752319
-9999 -9999 -9999 -9999 -9999 -9999 -9999 0 0.043570928275585174561 0.0048227608203887939453 0.0050465352833271026611 0 0.0022070733830332756042 0.0082798134535551071167 0.010444561950862407684 0.012943619862198829651 0.026743892580270767212 0.010855247266590595245 0.01234362088143825531 0.013443876989185810089 0.01489314250648021698 0.016309019178152084351 0.0040046768262982368469 0.0039627002552151679993 0.0038535385392606258392 0.0074761570431292057037 0.011150786653161048889 0.014471553266048431396 0.017316803336143493652 0.019859284162521362305 0.022068556398153305054 0.023797353729605674744 0.23094427585601806641 0.25350627303123474121 0.024724617600440979004 0.02560975588858127594 0.026556750759482383728 0.027326656505465507507 0.027825165539979934692 0.028083618730306625366 0.028293013572692871094
-9999 -9999 -9999 -9999 -9999 -9999 -9999 0 0.020799649879336357117 0.0021237842738628387451 0.0024407049641013145447 0 0.0057490109466016292572 0.0086054299026727676392 0.012454638257622718811 0.028134869411587715149 0.0089118797332048416138 0.01063462626188993454 0.01176499389111995697 0.013050567358732223511 0.01469206344336271286 1.6689933545421808958e-05 0.00017720797040965408087 0.00027024711016565561295 0.00026385486125946044922 0.0040156217291951179504 0.0078105456195771694183 0.01133361179381608963 0.14948365092277526855 0.16900968551635742188 0.18869169056415557861 0.20945192873477935791 0.023858910426497459412 0.024237811565399169922 0.025232650339603424072 0.02606528066098690033 0.026646060869097709656 0.027007512748241424561 0.027207691222429275513 0.027335710823535919189 0.028068209066987037659
-9999 -9999 -9999 -9999 -9999 -9999 0 0.017425408586859703064 0.020074633881449699402 0 0 0.0023621600121259689331 0.0055298316292464733124 0.010829959996044635773 0.029141511768102645874 0.0063652386888861656189 0.0089108776301145553589 0.010666530579328536987 0.011850069276988506317 0.013090613298118114471 0.014513543806970119476 0.032461851835250854492 0.04997749626636505127 0.067595414817333221436 0.10065132379531860352 0.11132872104644775391 0.12498973309993743896 0.14079706370830535889 0.020569944754242897034 0.021087385714054107666 0.022441945970058441162 0.022985761985182762146 0.02331852354109287262 0.024401513859629631042 0.025111746042966842651 0.025585217401385307312 0.025855587795376777649 0.025992438197135925293 0.026112677529454231262 0.027149206027388572693 0.02707171998918056488
-9999 -9999 -9999 -9999 -9999 0 0 0.0052001615986227989197 0.014961560256779193878 0 0 0.0014709820970892906189 0.0080950139090418815613 0.029615491628646850586 0.0028454121202230453491 0.0060539362020790576935 0.0087237199768424034119 0.010741256177425384521 0.011994643136858940125 0.013042434118688106537 0.014034692198038101196 0.014965218491852283478 0.015874898061156272888 0.031270634382963180542 0.011293442919850349426 0.014496593736112117767 0.016948059201240539551 0.018734630197286605835 0.019283786416053771973 0.020849931985139846802 0.021414570510387420654 0.021837163716554641724 0.023090127855539321899 0.023614728823304176331 0.023988483473658561707 0.02424103952944278717 0.024360407143831253052 0.024430271238088607788 0.026046751067042350769 0.025663455948233604431 0.026680016890168190002
-9999 -9999 -9999 -9999 -9999 0 0.010163290426135063171 0.0020416963379830121994 0.0049083568155765533447 0.00077803130261600017548 0 0.0051352996379137039185 0.029655434191226959229 0 0.0025536171160638332367 0.0058211004361510276794 0.0085723279044032096863 0.01070784498006105423 0.011766009964048862457 0.012219683267176151276 0.013086194172501564026 0.013955512084066867828 0.031370289623737335205 0.0078800255432724952698 0.011491375043988227844 0.01437726244330406189 0.016434501856565475464 0.017024159431457519531 0.019019911065697669983 0.019480485469102859497 0.01985765993595123291 0.02153466641902923584 0.022009901702404022217 0.022315431386232376099 0.0225115995854139328 0.022595573216676712036 0.022588005289435386658 0.024861168116331100464 0.023922659456729888916 0.025364531204104423523 0.025380177423357963562
-9999 -9999 -9999 -9999 0 0 0.0071715866215527057648 0 0.00030095159308984875679 0 0.0023413465823978185654 0.017027914524078369141 0.007225329522043466568 0 0.0022072207648307085037 0.0055579929612576961517 0.0084268525242805480957 0.010471746325492858887 0.01044710259884595871 0.010727423243224620819 0.011455129832029342651 0.030545372515916824341 0.0042907362803816795349 0.0080968933179974555969 0.011389698833227157593 0.013809988275170326233 0.014372281730175018311 0.016667280346155166626 0.017127117142081260681 0.01753063686192035675 0.019519401714205741882 0.019943384453654289246 0.020289825275540351868 0.020534615963697433472 0.020629262551665306091 0.020591728389263153076 0.02390458621084690094 0.022053034976124763489 0.0239335671067237854 0.023557797074317932129 0.024147044867277145386
-9999 -9999 -9999 -9999 0 0.008116981014609336853 2.4346865757252089679e-05 0 0 0 0 0.0090399514883756637573 0.0047539160586893558502 0 0.0016599063528701663017 0.0052257748320698738098 0.0081828124821186065674 0.0083696590736508369446 0.0083146439865231513977 0.0083470717072486877441 0.028218321502208709717 5.0340164307272061706e-05 0.004206409212201833725 0.0078231832012534141541 0.010585829615592956543 0.011249275878071784973 0.01377267204225063324 0.014168620109558105469 0.014627494849264621735 0.016957517713308334351 0.017294418066740036011 0.017606658861041069031 0.017871266230940818787 0.018036646768450737 0.018088182434439659119 0.022809630259871482849 0.020049486309289932251 0.022675482556223869324 0.021576685830950737 0.022030996158719062805 0.022685438394546508789
-9999 -9999 -9999 0 0 0 0 0 0 0 0 0.0016170865856111049652 0.00034651518217287957668 0 0.00082708272384479641914 0.0049608028493821620941 0.0052324971184134483337 0.0055423825979232788086 0.0055644675157964229584 0.012126534245908260345 0.0084753278642892837524 0 0.0034749421756714582443 0.0067221820354461669922 0.0075086238794028759003 0.010379842482507228851 0.010858969762921333313 0.011318600736558437347 0.013930615969002246857 0.014302014373242855072 0.014562031254172325134 0.014745908789336681366 0.014869947917759418488 0.014977803453803062439 0.021290170028805732727 0.017554642632603645325 0.021269887685775756836 0.019548352807760238647 0.019824083894491195679 0.020272618159651756287 0.020791742950677871704
