tests/data/reference/gistest/full/control/mqrill_m3_s.asc
ncols        125
nrows        78
xllcorner    -713756.799299980048
yllcorner    -1061032.369616159936
cellsize     10.000000000000
NODATA_value  -9999
[rows 54 to 71 of 78, columns 41 to 81 of 125]
0.018391836434602737427 0.025023140013217926025 0.021256651729345321655 0.021640274673700332642 0.018977709114551544189 0.019105393439531326294 0.022286949679255485535 0.025211818516254425049 0.093658886849880218506 0.12575407326221466064 0.022277459502220153809 0.022219205275177955627 0.022230610251426696777 0.030252579599618911743 0.055527351796627044678 0.031857714056968688965 0.021885408088564872742 0.018585061654448509216 0.024180829524993896484 0.029190348461270332336 0.023937845602631568909 0.031129781156778335571 0.03162938728928565979 0.03201182931661605835 0.03241476789116859436 0.032763998955488204956 0.033232454210519790649 0.033920299261808395386 0.034835923463106155396 0.035939689725637435913 0.037032514810562133789 0.038080103695392608643 0.038672629743814468384 0.038328066468238830566 0.0011627016356214880943 0.0015055466210469603539 0.0054643400944769382477 0 0.013794633559882640839 0.017620753496885299683 0.021433085203170776367
0.023580972105264663696 0.018440226092934608459 0.018751064315438270569 0.015689918771386146545 0.015753731131553649902 0.024781392887234687805 0.045326262712478637695 0.065377697348594665527 0.031091652810573577881 0.019183311611413955688 0.019154889509081840515 0.019170898944139480591 0.028784668073058128357 0.022321533411741256714 0.032502770423889160156 0.01910624280571937561 0.015434555709362030029 0.021799350157380104065 0.028453869745135307312 0.021395171061158180237 0.030642746016383171082 0.0013318996643647551537 0.051713667809963226318 0.077590763568878173828 0.077968016266822814941 0.1256376802921295166 0.15855079889297485352 0.15784585475921630859 0.15729624032974243164 0.15681916475296020508 0.15634635090827941895 0.1558678746223449707 0.15521006286144256592 0.15427929162979125977 0.15371839702129364014 0.15353858470916748047 0.1531982719898223877 0.145803794264793396 0.15205202996730804443 0.15155148506164550781 0.15103855729103088379
0.015322709456086158752 0.015512978658080101013 0.012208877131342887878 0.01223139837384223938 0.022009359672665596008 0.015836868435144424438 0.015893287956714630127 0.030161742120981216431 0.015912881121039390564 0.015846177935600280762 0.015855150297284126282 0.027036748826503753662 0.019216023385524749756 0.032604668289422988892 0.016047159209847450256 0.01223520282655954361 0.018977209925651550293 0.027072576805949211121 0.018599690869450569153 0.030496880412101745605 0.021857215091586112976 0.045804467052221298218 0.022334568202495574951 0.022465268149971961975 0.046589259058237075806 0.031799420714378356934 0.024869678542017936707 0.051683384925127029419 0.053382869809865951538 0.054676398634910583496 0.055574603378772735596 0.056088637560606002808 0.055974252521991729736 0.055212303996086120605 0.054651014506816864014 0.054320521652698516846 0.046636335551738739014 0.046431470662355422974 0.052421636879444122314 0.051887780427932739258 0.051336485892534255981
0.012083986774086952209 0.0085988231003284454346 0.0086135296151041984558 0.018926803022623062134 0.012250355444848537445 0.012355517596006393433 0.028869722038507461548 0.012462027370929718018 0.012442887760698795319 0.012375547550618648529 0.024780452251434326172 0.015981743112206459045 0.032627750188112258911 0.012554693035781383514 0.0088432598859071731567 0.015953969210386276245 0.025123802945017814636 0.015488550066947937012 0.030096990987658500671 0.018909180536866188049 0.019073612987995147705 0.019148390740156173706 0.019236641004681587219 0.01934680156409740448 0.031921360641717910767 0.022257888689637184143 0.022284677252173423767 0.032088663429021835327 0.057136747986078262329 0.082095190882682800293 0.11665984243154525757 0.1159845888614654541 0.11533884704113006592 0.11466121673583984375 0.11411298066377639771 0.11368202418088912964 0.10624777525663375854 0.10599339008331298828 0.11188132315874099731 0.11130683869123458862 0.11072542518377304077
0.0049023651517927646637 0.0049115880392491817474 0.015607282519340515137 0.0085432603955268859863 0.0085814939811825752258 0.02699908427894115448 0.0087553989142179489136 0.008798554539680480957 0.0087813213467597961426 0.022034658119082450867 0.012341632507741451263 0.032459095120429992676 0.009041809476912021637 0.0051273792050778865814 0.012436343356966972351 0.022534472867846488953 0.012190392240881919861 0.029192350804805755615 0.0156040191650390625 0.015763644129037857056 0.015856459736824035645 0.015869429334998130798 0.015894951298832893372 0.031721979379653930664 0.019295388832688331604 0.019274080172181129456 0.031898487359285354614 0.022456659004092216492 0.022640563547611236572 0.033522374927997589111 0.025849584490060806274 0.053479902446269989014 0.055759999901056289673 0.057690978050231933594 0.05939960479736328125 0.060969043523073196411 0.052190981805324554443 0.051455534994602203369 0.057222124189138412476 0.056565973907709121704 0.055926434695720672607
0.0011208127252757549286 0.012079006992280483246 0.00483984360471367836 0.0048146164044737815857 0.024653112515807151794 0.0048674521967768669128 0.004905872046947479248 0.0049368245527148246765 0.018958950415253639221 0.0085282921791076660156 0.031697411090135574341 0.005331244785338640213 0.0015862684231251478195 0.0087074367329478263855 0.019197314977645874023 0.0086008729413151741028 0.027632365003228187561 0.012144403532147407532 0.012195591814815998077 0.012287118472158908844 0.012359873391687870026 0.01238137856125831604 0.031778380274772644043 0.015890894457697868347 0.015966054052114486694 0.032011222094297409058 0.019289875403046607971 0.019376469776034355164 0.033310823142528533936 0.022746816277503967285 0.02300583571195602417 0.023311492055654525757 0.045144420117139816284 0.051979929208755493164 0.058649372309446334839 0.076380580663681030273 0.068841256201267242432 0.076692767441272735596 0.077713005244731903076 0.091413967311382293701 0.11376834660768508911
0.0083135692402720451355 0.0010022941278293728828 0.0010414262069389224052 0.022003622725605964661 0.0010734269162639975548 0.001079211127944290638 0.0010585805866867303848 0.015487779863178730011 0.0047487537376582622528 0.031059581786394119263 0.0012626573443412780762 0.0015539976302534341812 0.0052529638633131980896 0.015744542703032493591 0.0046391054056584835052 0.025231081992387771606 0.0085680438205599784851 0.0085966736078262329102 0.0086057586595416069031 0.0086268084123730659485 0.0086912177503108978271 0.032348241657018661499 0.012366686016321182251 0.012392159551382064819 0.032126810401678085327 0.015980457887053489685 0.016019858419895172119 0.03344240039587020874 0.019451592117547988892 0.019633963704109191895 0.019865818321704864502 0.016636753454804420471 0.0018546993378549814224 0.0018580656033009290695 0.013133711181581020355 0.0020167585462331771851 0 0.0088538452982902526855 0.012066826224327087402 0.02129574120044708252 0.03879512101411819458
0.011780460365116596222 0.015349951572716236115 0.018785512074828147888 0.0010100492509081959724 0.0047747306525707244873 0.0084477476775646209717 0.011980451643466949463 0.00083992513827979564667 0.030186900869011878967 0.0010752173839136958122 0.0049750613979995250702 0.008893795311450958252 0.012485936284065246582 0.00089900702005252242088 0.022024078294634819031 0.0046716597862541675568 0.0048514618538320064545 0.0049105482175946235657 0.0049042189493775367737 0.004857061430811882019 0.032760530710220336914 0.0087073277682065963745 0.0087805977091193199158 0.032289404422044754028 0.0124163823202252388 0.012505608610808849335 0.033841177821159362793 0.016071191057562828064 0.016179302707314491272 0.016335118561983108521 0.012927517294883728027 0.0018358420347794890404 0.0055956831201910972595 0.0092980563640594482422 0.0018680870998650789261 0.0057434295304119586945 0 0.013896352611482143402 0.017612071707844734192 0.035533636808395385742 0.0056975577026605606079
0.0078397421166300773621 0.011400849558413028717 0.015039510093629360199 0.018647527322173118591 0.021917585283517837524 0.024811854586005210876 0.027185626327991485596 0.02876593172550201416 0.0007330035441555082798 0.0047995760105550289154 0.0086840381845831871033 0.012456146068871021271 0.015962723642587661743 0.018972322344779968262 0.00057172734523192048073 0.00082826463039964437485 0.0010046409443020820618 0.0011074193753302097321 0.0010992441093549132347 0.033157519996166229248 0.0047460254281759262085 0.0049295350909233093262 0.032494354993104934692 0.0086909038946032524109 0.008743848651647567749 0.034108925610780715942 0.01250288449227809906 0.012593882158398628235 0.012714284472167491913 0.0092167239636182785034 0.0018135434947907924652 0.0056058131158351898193 0.0093433158472180366516 0.013013828545808792114 0.016765320673584938049 0.020580137148499488831 0 0.028579043224453926086 0.032125838100910186768 0.001962522510439157486 0.001931847771629691124
-9999 0.00039173784898594021797 0.00052196654723957180977 0.00083149707643315196037 0.0046698809601366519928 0.0083563262596726417542 0.011889137327671051025 0.01518357452005147934 0.018799372017383575439 0.022619703784584999084 0.026001479476690292358 0.028950067237019538879 0.031300537288188934326 0.032689139246940612793 0.033493053168058395386 0.034156899899244308472 0.034439399838447570801 0.034376613795757293701 0.033783633261919021606 0.00081388052785769104958 0.00083898485172539949417 0.032486133277416229248 0.0048178844153881072998 0.0048411036841571331024 0.034255303442478179932 0.0086736604571342468262 0.0088229859247803688049 0.0089660668745636940002 0.0054120654240250587463 0.0017794716404750943184 0.0055896374396979808807 0.0093626445159316062927 0.013085800223052501678 0.016745077446103096008 0.020451406016945838928 0.024197282269597053528 0 0.032124746590852737427 0.035607714205980300903 0.038945950567722320557 0.042132627218961715698
-9999 -9999 -9999 -9999 0.0010053322184830904007 0.00094302167417481541634 0.0045134080573916435242 0.0079406891018152236938 0.00074175605550408363342 0.0048492080532014369965 0.008604765869677066803 0.012053594924509525299 0.01549356803297996521 0.018877416849136352539 0.022101804614067077637 0.025142023339867591858 0.027853185310959815979 0.030106138437986373901 0.031610827893018722534 0.032221689820289611816 0.032367981970310211182 0.0008000670350156724453 0.00088496750686317682266 0.034384243190288543701 0.0046895272098481655121 0.0048243291676044464111 0.0050243660807609558105 0.0015212346334010362625 0.0016683458816260099411 0.005535656120628118515 0.0093402275815606117249 0.01309041585773229599 0.016798917204141616821 0.020451532676815986633 0.024100372567772865295 0.027730714529752731323 0 0.035547811537981033325 0.038931686431169509888 0.042170003056526184082 0.045220874249935150146
-9999 -9999 -9999 -9999 -9999 -9999 -9999 -9999 -9999 -9999 0.0011601110454648733139 0.0044778790324926376343 0.0079192426055669784546 0.011684816330671310425 0.015332601964473724365 0.018832357600331306458 0.022130964323878288269 0.02516306750476360321 0.027898445725440979004 0.030261971056461334229 0.032210666686296463013 0.033584155142307281494 0.034215696156024932861 0.00067293335450813174248 0.00079009769251570105553 0.00093235494568943977356 0.0011733759893104434013 0.0051819132640957832336 0.0090955756604671478271 0.012943579815328121185 0.016698185354471206665 0.020366974174976348877 0.023971013724803924561 0.027480415999889373779 0.072331450879573822021 0.077339999377727508545 0 0.082144297659397125244 0.083308398723602294922 0.084406897425651550293 0.085305131971836090088
-9999 -9999 -9999 -9999 -9999 -9999 -9999 -9999 -9999 -9999 -9999 0.0005662623443640768528 0.00028279630350880324841 0.0042499336414039134979 0.0080925086513161659241 0.011792482808232307434 0.015278362669050693512 0.018432892858982086182 0.021312821656465530396 0.02386371418833732605 0.025817682966589927673 0.027088511735200881958 0.028274912387132644653 0.029282568022608757019 0.030085608363151550293 0.03094710223376750946 0.032090991735458374023 0.033474203199148178101 0.034921038895845413208 0.036432497203350067139 0.037894945591688156128 0.039245501160621643066 0.04048444703221321106 0.041562642902135848999 0.00177883123978972435 0.00188462832011282444 0 0.010059319436550140381 0.013875894248485565186 0.017707247287034988403 0.021463129669427871704
-9999 -9999 -9999 -9999 -9999 -9999 -9999 -9999 -9999 -9999 -9999 -9999 -9999 -9999 -9999 -9999 -9999 -9999 -9999 0.0007448694668710231781 0.00063313951250165700912 0.00028693306376226246357 0.00012899177090730518103 0.00028318865224719047546 0.0042730006389319896698 0.0082960808649659156799 0.012206256389617919922 0.016011126339435577393 0.01975153014063835144 0.023435756564140319824 0.026937361806631088257 0.030220471322536468506 0.033288694918155670166 0.036057990044355392456 0.038702085614204406738 0.041282813996076583862 0.032909456640481948853 0.040462557226419448853 0.041424024850130081177 0.04221238940954208374 0.042678590863943099976
-9999 -9999 -9999 -9999 -9999 -9999 -9999 -9999 -9999 -9999 -9999 -9999 -9999 -9999 -9999 -9999 -9999 -9999 -9999 -9999 -9999 -9999 0.0039020036347210407257 0.0040162643417716026306 0.00065689242910593748093 0.0010800800519064068794 0.0050147310830652713776 0.0087975477799773216248 0.012599933892488479614 0.016420938074588775635 0.020097076892852783203 0.023626029491424560547 0.027067970484495162964 0.030375881120562553406 0.033686455339193344116 0.036980673670768737793 0.030150409787893295288 0.038860905915498733521 0.040493492037057876587 0.041893266141414642334 0.042896021157503128052
-9999 -9999 -9999 -9999 -9999 -9999 -9999 -9999 -9999 -9999 -9999 -9999 -9999 -9999 -9999 -9999 -9999 -9999 -9999 -9999 -9999 -9999 -9999 -9999 0.0080730793997645378113 0.0048844898119568824768 0.0013680811971426010132 0.0013543243985623121262 0.0051674102433025836945 0.0090605961158871650696 0.012805613689124584198 0.016406513750553131104 0.020020183175802230835 0.023628016933798789978 0.027301374822854995728 0.022098446264863014221 0.03210881352424621582 0.034543003886938095093 0.036723732948303222656 0.038656279444694519043 0.040183018893003463745
-9999 -9999 -9999 -9999 -9999 -9999 -9999 -9999 -9999 -9999 -9999 -9999 -9999 -9999 -9999 -9999 -9999 -9999 -9999 -9999 -9999 -9999 -9999 -9999 -9999 0.012032003141939640045 0.0087354825809597969055 0.0050632995553314685822 0.0013915719464421272278 0.0052920975722372531891 0.0090407161042094230652 0.012635481543838977814 0.016278943046927452087 0.019973536953330039978 0.023700216785073280334 0.018593579530715942383 0.028929989784955978394 0.0316485576331615448 -9999 -9999 -9999
-9999 -9999 -9999 -9999 -9999 -9999 -9999 -9999 -9999 -9999 -9999 -9999 -9999 -9999 -9999 -9999 -9999 -9999 -9999 -9999 -9999 -9999 -9999 -9999 -9999 -9999 -9999 0.012281871400773525238 0.008807637728750705719 0.0015064253238961100578 0.0052466210909187793732 0.008869646117091178894 0.012568624690175056458 0.016328724101185798645 0.020066585391759872437 0 -9999 -9999 -9999 -9999 -9999
