tests/data/reference/gistest/full/control/mqrill_m3_s.asc
ncols        125
nrows        78
xllcorner    -713756.799299980048
yllcorner    -1061032.369616159936
cellsize     10.000000000000
NODATA_value  -9999
[rows 36 to 53 of 78, columns 42 to 83 of 125]
0.006531627848744392395 0.0065536354668438434601 0.0036692344583570957184 0.0036931510549038648605 0.0037431679666042327881 0.0037885969504714012146 0.0043762046843767166138 0.0043481960892677307129 0.024346277117729187012 0.0071187424473464488983 0.0069500789977610111237 0.0009422536240890622139 0.004025307483971118927 0.0070159416645765304565 3.5163927078247070312 3.5512349605560302734 3.5805180072784423828 3.6267480850219726562 0.038770906627178192139 0.012934453785419464111 0.021571163088083267212 0.018719160929322242737 0.01587507687509059906 0.024497170001268386841 0.041705254465341567993 0.10212271660566329956 0.058806907385587692261 0.061575066298246383667 0.075819246470928192139 0.064237058162689208984 0.058382045477628707886 0.00074909365503117442131 0.64154100418090820312 0.090279087424278259277 0.047101952135562896729 0.038307175040245056152 0.041062191128730773926 0.034721795469522476196 0.4938328862190246582 0.031970463693141937256 0.10957759618759155273 0.26198872923851013184
0.0035141904372721910477 0.00071644922718405723572 0.00069739302853122353554 0.00071969628334045410156 0.00077822373714298009872 0.00082290475256741046906 0.00085752824088558554649 0.020949395373463630676 0.004143377300351858139 0.0040877154096961021423 0.0040542799979448318481 0.0070646577514708042145 0.010170389898121356964 0.013133225962519645691 0.015892049297690391541 0.018884846940636634827 0.022114459425210952759 0.025166699662804603577 3.6564474105834960938 3.6997320652008056641 3.71715545654296875 3.7432267665863037109 3.7664594650268554688 3.7867472171783447266 3.8155689239501953125 3.8615987300872802734 3.968109130859375 4.0315866470336914062 0.063857339322566986084 0.078340046107769012451 0.066975712776184082031 0.061383139342069625854 0.0039771394804120063782 0.73710143566131591797 0.050096966326236724854 0.041162632405757904053 0.043849609792232513428 0.037918511778116226196 0.49663236737251281738 0.034861680120229721069 0.11250246316194534302 0.26794999837875366211
0.00048880930989980697632 0.0035123995039612054825 0.0063708215020596981049 0.0092674735933542251587 0.012199771590530872345 0.015112133696675300598 0.018006505444645881653 0.00072805013041943311691 0.00062473636353388428688 0.00062184955459088087082 0.0012515017297118902206 0.0043331179767847061157 0.007400818169116973877 0.010346963070333003998 1.5601953268051147461 1.6234009265899658203 1.6983057260513305664 1.7644810676574707031 1.8305428028106689453 1.8937242031097412109 1.9396724700927734375 1.9856294393539428711 2.0316066741943359375 2.0776951313018798828 2.1093721389770507812 2.1410019397735595703 2.1725895404815673828 2.1753427982330322266 6.2125120162963867188 6.2818059921264648438 0.081072837114334106445 0.069833450019359588623 0.064393416047096252441 0.74593502283096313477 0.052879247814416885376 0.043946642428636550903 0.046691883355379104614 0.040841136127710342407 0.49996870756149291992 0.037777591496706008911 0.10680595040321350098 0.28054147958755493164
0.00045641491306014358997 0.0034684271086007356644 0.0063010687008500099182 0.0091712214052677154541 0.012085252441465854645 0.015012308023869991302 0.01793697848916053772 0.020791456103324890137 0.023570004850625991821 0.02644139900803565979 0.029423603788018226624 0.032367926090955734253 1.4848110675811767578 1.5450686216354370117 0.058198992162942886353 0.069729849696159362793 0.061247177422046661377 0.061300206929445266724 0.058427441865205764771 0.041191164404153823853 0.041162155568599700928 0.041122127324342727661 0.041612245142459869385 0.027182368561625480652 0.027078030630946159363 0.026955060660839080811 0.026819415390491485596 0.070031464099884033203 0.10173721611499786377 0.10450233519077301025 6.391582489013671875 6.4782428741455078125 6.5538229942321777344 6.6231794357299804688 0.80338621139526367188 0.046647202223539352417 0.049620192497968673706 0.043867424130439758301 0.50304961204528808594 0.032646343111991882324 0 0.29169005155563354492
0.0033903578296303749084 0.0063085011206567287445 0.0090899495407938957214 0.011913511902093887329 0.014795454218983650208 0.017742505297064781189 0.020730590447783470154 0.023643054068088531494 0.026487627997994422913 0.029329923912882804871 0.032188430428504943848 1.4473117589950561523 0.05527037009596824646 0.055354401469230651855 0.066887773573398590088 0.058382496237754821777 0.05850124359130859375 0.055691748857498168945 0.038487754762172698975 0.038496166467666625977 0.038489188998937606812 0.038464922457933425903 0.024068908765912055969 0.024017818272113800049 0.0239589642733335495 0.023880280554294586182 0.038699757307767868042 0.027117006480693817139 0.39441540837287902832 0.45464411377906799316 0.48328357934951782227 0.50933170318603515625 0 0.00060657801805064082146 6.62789154052734375 0.8547909855842590332 0.052115760743618011475 0.046726621687412261963 0.00079540419392287731171 0.40157496929168701172 0.12209979444742202759 0.29451081156730651855
0.014860820025205612183 0.017707647755742073059 0.020460166037082672119 0.023284327238798141479 0.02619914710521697998 0.029148936271667480469 0.032117985188961029053 0.035040356218814849854 0.037932068109512329102 1.3554372787475585938 1.4098974466323852539 0.052246544510126113892 0.052356224507093429565 0.063906356692314147949 0.055336914956569671631 0.055411946028470993042 0.052659660577774047852 0.035515040159225463867 0.035559188574552536011 0.035601630806922912598 0.035626798868179321289 0.021263189613819122314 0.021243564784526824951 0.021233128383755683899 0.021217769011855125427 0.035553578287363052368 0.024030400440096855164 0.39143204689025878906 0.05552038922905921936 0.024360982701182365417 0.021257169544696807861 0.021124986931681632996 0.053128741681575775146 0 0 6.6298489570617675781 0.85741204023361206055 0.055403839796781539917 0.040265567600727081299 0.54591649770736694336 0.12482785433530807495 0.29774233698844909668
0.26444450020790100098 0.26723951101303100586 0.26999393105506896973 0.27286073565483093262 0.27583634853363037109 0.27874538302421569824 0.28158897161483764648 0.28444260358810424805 1.3122310638427734375 0.049251753836870193481 0.049263745546340942383 0.049344372004270553589 0.060922224074602127075 0.052366469055414199829 0.052376791834831237793 0.049549069255590438843 0.032425172626972198486 0.032504759728908538818 0.032557822763919830322 0.0326272621750831604 0.018332021310925483704 0.01835476607084274292 0.018359379842877388 0.018367500975728034973 0.032746858894824981689 0.021261608228087425232 0.38871291279792785645 0.052837412804365158081 0.021245768293738365173 0.018320189788937568665 0.01820558495819568634 0.027262650430202484131 0.018622927367687225342 0.018642356619238853455 0.018269512802362442017 0 0 0.84885680675506591797 0.73199862241744995117 0.61044144630432128906 0.12734764814376831055 0.30043992400169372559
0.049019072204828262329 0.051854439079761505127 0.054709643125534057617 0.057627867907285690308 0.0605985298752784729 0.063456006348133087158 0.066211976110935211182 1.0221662521362304688 0.046147476881742477417 0.046269565820693969727 0.046350844204425811768 0.057880777865648269653 0.049331456422805786133 0.049370627850294113159 0.046504087746143341064 0.029298089444637298584 0.029368534684181213379 0.029425123706459999084 0.02945960313081741333 0.015181832015514373779 0.015295585617423057556 0.015371629036962985992 0.015404152683913707733 0.029801234602928161621 0.018349457532167434692 0.38585120439529418945 0.049976624548435211182 0.018418859690427780151 0.015578168444335460663 0.015577644109725952148 0.024162057787179946899 0.015499080531299114227 0.015999332070350646973 0.015883851796388626099 0.015803435817360877991 0.015635909512639045715 0.024704055860638618469 0 0 0.9130948185920715332 0.6129805445671081543 0.43304485082626342773
0.66632890701293945312 0.71801197528839111328 0.72090798616409301758 0.72375953197479248047 0.72658407688140869141 0.90455794334411621094 0.95035123825073242188 0.043079372495412826538 0.043113522231578826904 0.043260540813207626343 0.054869506508111953735 0.046305015683174133301 0.046334113925695419312 0.043510131537914276123 0.02631290629506111145 0.026326656341552734375 0.02636197209358215332 0.026389012113213539124 0.012028593569993972778 0.012089727446436882019 0.012222425080835819244 0.012327047064900398254 0.026760488748550415039 0.015322390943765640259 0.38286677002906799316 0.047002419829368591309 0.0154439583420753479 0.012622985988855361938 0.01268355734646320343 0.021329225972294807434 0.012708480469882488251 0.012704979628324508667 0.012692071497440338135 0.013147198595106601715 0.012958297505974769592 0.012996645644307136536 0.0059880847111344337463 0 0.03894076123833656311 0 0 1.0518841743469238281
0.046328343451023101807 0.037725217640399932861 0.086598254740238189697 0.12966687977313995361 0.17267240583896636963 0.040484357625246047974 0.040395677089691162109 0.040274396538734436035 0.040147230029106140137 0.051651258021593093872 0.043181024491786956787 0.043249018490314483643 0.04041037335991859436 0.023278608918190002441 0.023380111902952194214 0.023412669077515602112 0.023420510813593864441 0.0090667279437184333801 0.0090463785454630851746 0.009051581844687461853 0.0091200824826955795288 0.023590326309204101562 0.012195884250104427338 0.37977212667465209961 0.043901987373828887939 0.012357900850474834442 0.0095233833417296409607 0.0096012745052576065063 0.018316525965929031372 0.0097389407455921173096 0.0097481859847903251648 0.009777870960533618927 0.0098171066492795944214 0.0097661782056093215942 0.01014276500791311264 0.010045546106994152069 0.026460856199264526367 0 0.010604006238281726837 0.013443698175251483917 0.016340503469109535217 0
0.035032715648412704468 0.043637212365865707397 0.037914317101240158081 0.03789033740758895874 0.037814419716596603394 0.037753127515316009521 0.03769031912088394165 0.037568841129541397095 0.048857204616069793701 0.040139574557542800903 0.040193237364292144775 0.037333764135837554932 0.020069619640707969666 0.020184868946671485901 0.020371623337268829346 0.020437914878129959106 0.0060612279921770095825 0.0060750939883291721344 0.006097307894378900528 0.0060862670652568340302 0.020451018586754798889 0.0090346382930874824524 0.37668272852897644043 0.040803022682666778564 0.0092356726527214050293 0.0063934964127838611603 0.0064227771945297718048 0.015148099511861801147 0.0066782576031982898712 0.0067486222833395004272 0.006763783283531665802 0.0068194144405424594879 0.0069011077284812927246 0.0068941256031394004822 0.0067743347026407718658 0.029679812490940093994 0 0 0.001350642065517604351 0.0042704916559159755707 0.0072604077868163585663 0.010102542117238044739
0.040850315243005752563 0.035136200487613677979 0.035151198506355285645 0.035129807889461517334 0.035058580338954925537 0.03498330339789390564 0.034922055900096893311 0.046327576041221618652 0.03757537156343460083 0.037423130124807357788 0.034481335431337356567 0.017142895609140396118 0.016959780827164649963 0.01701796799898147583 0.017285393550992012024 0.0030263417866080999374 0.0030053036753088235855 0.0030391511972993612289 0.0031172721646726131439 0.017520207911729812622 0.0060114846564829349518 0.37361514568328857422 0.037768393754959106445 0.0062088929116725921631 0.0033110154327005147934 0.0032984199933707714081 0.011911348439753055573 0.0034045099746435880661 0.0036160238087177276611 0.0037217582575976848602 0.0037487924564629793167 0.0038264694157987833023 0.0039415867067873477936 0.003988785669207572937 0.026938550174236297607 0.001018433133140206337 0 0.00067421473795548081398 0.01012813858687877655 0.013103405013680458069 0.016167273744940757751 0.019135389477014541626
0.032239504158496856689 0.032287660986185073853 0.032319843769073486328 0.032319765537977218628 0.032276246696710586548 0.0322035960853099823 0.043604854494333267212 0.034931618720293045044 0.034852117300033569336 0.031849142163991928101 0.014486076310276985168 0.014317976310849189758 0.014053205028176307678 0.014021061360836029053 0 1.0180881872656755149e-05 0 1.6429923562100157142e-05 0.01446202397346496582 0.0030331036541610956192 0.37063837051391601562 0.034725230187177658081 0.0032398828770965337753 0.00039408844895660877228 0.00034171101287938654423 0.0089289033785462379456 0.00028380774892866611481 0.0003800574340857565403 0.00057932687923312187195 0.00068100448697805404663 0.00070546829374507069588 0.00078683969331905245781 0.00091556471306830644608 0.024017462506890296936 0.0039775674231350421906 0.0068439147435128688812 0.0027530817314982414246 0.17757740616798400879 0.22011682391166687012 0.22311292588710784912 0.22621230781078338623 0.22920973598957061768
0.029305351898074150085 0.029364148154854774475 0.029417395591735839844 0.029447820037603378296 0.02944634854793548584 0.040882952511310577393 0.032180417329072952271 0.032115872949361801147 0.029209820553660392761 0.011882710270583629608 0.011739216744899749756 0.011570467613637447357 0.01133001130074262619 0 0.0027247709222137928009 0.0056645381264388561249 0.0085284356027841567993 0.011399080045521259308 0 0.36760196089744567871 0.031707398593425750732 0.00020704376220237463713 0.00032490133889950811863 0.0032335359137505292892 0.0060599432326853275299 0.00028646571445278823376 0.0031584165990352630615 0.0061078900471329689026 0.0091290818527340888977 0.012071611359715461731 0.014947489835321903229 0.017870305106043815613 0.020838720723986625671 0.00087534502381458878517 0.0010500701609998941422 0.047070972621440887451 0.1636778414249420166 0.030208433046936988831 0.0071743023581802845001 0.010591669008135795593 0.013682689517736434937 0.016696864739060401917
0.026351220905780792236 0.026403142139315605164 0.026467587798833847046 0.026522360742092132568 0.038042709231376647949 0.029413722455501556396 0.029341673478484153748 0.026415947824716567993 0.0091756191104650497437 0.0091128787025809288025 0.0089720832183957099915 0.0088315345346927642822 0.12931388616561889648 0.13204865157604217529 0.13488011062145233154 0.13774564862251281738 0.14061538875102996826 0.14345619082450866699 0.36457684636116027832 0.028642514720559120178 7.6219461334403604269e-05 0.0030606938526034355164 0.006021087057888507843 0.0089294891804456710815 0.011779967695474624634 0.014659562148153781891 0.017568064853549003601 0.020526411011815071106 0.023526888340711593628 0.02645603567361831665 0.029325775802135467529 0.032198753207921981812 0.035076037049293518066 0.03806807100772857666 0.041139815002679824829 0.11874796450138092041 0 0.0043656704947352409363 0.0010600617388263344765 0.0045047882013022899628 0.0075572966597974300385 0.010568067431449890137
0.023387024179100990295 0.023410623893141746521 0.023468967527151107788 0.035025537014007568359 0.026481663808226585388 0.026506984606385231018 0.023604739457368850708 0.0063333893194794654846 0.0063364235684275627136 0.0062934053130447864532 0.0061773364432156085968 0.12673348188400268555 0.026114011183381080627 0.054722469300031661987 0.060321502387523651123 0.091871738433837890625 0.15509390830993652344 0.21537645161151885986 0.025729250162839889526 0.022929182276129722595 0.025993349030613899231 0.028944181278347969055 0.031816311180591583252 0.034701682627201080322 0.037586268037557601929 0.040496919304132461548 0.043433662503957748413 0.095255546271800994873 0.098271772265434265137 0.10121031850576400757 0.10409259051084518433 0.10690925270318984985 0.10964526236057281494 0.11254674196243286133 0.11560756713151931763 0.023865474388003349304 0 0.0010223694844171404839 0.0039806533604860305786 0.0069123911671340465546 0.010370086878538131714 0.013377523981034755707
0.020484661683440208435 0.020471321418881416321 0.031981863081455230713 0.023424256592988967896 0.023503338918089866638 0.020685926079750061035 0.0034721074625849723816 0.0034654142800718545914 0.0034501960035413503647 0.0034124008379876613617 0.1239887923002243042 0.02338895946741104126 0.023370871320366859436 0.00026818612241186201572 0.025909939780831336975 0.05742187798023223877 0.054579779505729675293 0.022999197244644165039 0.020079510286450386047 0.025912594050168991089 0.028993852436542510986 0.031906262040138244629 0.034672740846872329712 0.037499882280826568604 0.0403881072998046875 0.043303910642862319946 0.046243697404861450195 0.00043800461571663618088 0.0035094940103590488434 0.0064967582002282142639 0.0094280540943145751953 0.012216572649776935577 0.014811139553785324097 0.017630133777856826782 0.020706698298454284668 0.00077230593888089060783 0 0.0072433720342814922333 0.010208308696746826172 0.013158903457224369049 0.016096623614430427551 0.01951137930154800415
0.017650743946433067322 0.029100976884365081787 0.02045687846839427948 0.020471997559070587158 0.017658617347478866577 0.00047898211050778627396 0.0005440161912702023983 0.00055365375010296702385 0.00051439146045595407486 0.12115029245615005493 0.020549861714243888855 0.020542444661259651184 0.020575450733304023743 0.023339541628956794739 0.05466227605938911438 0.05165395885705947876 0.020136922597885131836 0.017298752442002296448 0.023041769862174987793 0.031779024749994277954 0.057857934385538101196 0.060760404914617538452 0.063487373292446136475 0.066246077418327331543 0.069061212241649627686 0.071944072842597961426 0.074882477521896362305 0.077921025454998016357 0.081016816198825836182 0.08403507620096206665 0.087001778185367584229 0.08977960050106048584 0.092301577329635620117 0.16977693140506744385 0.17574957013130187988 0.17879949510097503662 0.054513882845640182495 0.18528570234775543213 0.18823981285095214844 0.19119171798229217529 0.19414021074771881104 0.19700123369693756104
