tests/data/reference/gistest/full/control/mqrill_m3_s.asc
ncols        125
nrows        78
xllcorner    -713756.799299980048
yllcorner    -1061032.369616159936
cellsize     10.000000000000
NODATA_value  -9999
[rows 18 to 35 of 78, columns 42 to 83 of 125]
0.01504708360880613327 0.040853492915630340576 0.023592557758092880249 0.020720679312944412231 0.0091951889917254447937 0.011995389126241207123 0.02342959865927696228 0.0033238218165934085846 0.00053359341109171509743 0.0063906828872859477997 0.0093708364292979240417 0.023797674104571342468 0.012336775660514831543 0.0066112778149545192719 0.0066352933645248413086 0.0037610665895044803619 0.00085101090371608734131 0.00080217485083267092705 0.00074879627209156751633 0.00069551746128126978874 0.0006438299897126853466 0.017819952219724655151 0.0033548434730619192123 0.0032848629634827375412 0.0032524631824344396591 0.034861255437135696411 0.0061547448858618736267 0.0060454537160694599152 0.060321003198623657227 0.005352843552827835083 0.0048154797405004501343 0 0.4356568753719329834 0.03132343292236328125 0.01150539889931678772 0.0058059063740074634552 0.0028113387525081634521 0 -9999 -9999 -9999 -9999
0.01797238178551197052 0.043827053159475326538 0.026587726548314094543 0.023703606799244880676 0.012184977531433105469 0.01502307504415512085 0.026485878974199295044 0.0063725514337420463562 0.00067745178239420056343 0.0036210750695317983627 0.0094246044754981994629 0.012329903431236743927 0.026713008061051368713 0.015255484730005264282 0.0095378840342164039612 0.0095374044030904769897 0.0066331503912806510925 0.0037302535492926836014 0.0036996668204665184021 0.0036572061944752931595 0.0036000367254018783569 0.0035266031045466661453 0.020701931789517402649 0.006321496330201625824 0.0063519254326820373535 0.0063665197230875492096 0.037909872829914093018 0.0089646335691213607788 0.071794100105762481689 0.0082901380956172943115 0.0080195078626275062561 0 0.0020722448825836181641 0.44421952962875366211 0.048065390437841415405 0.0084969801828265190125 0.0060081095434725284576 0.0032613994553685188293 0.00032139566610567271709 -9999 -9999 -9999
0.020879536867141723633 0.046765349805355072021 0.029542997479438781738 0.026653960347175598145 0.015137670561671257019 0.017990186810493469238 0.02946911938488483429 0.0093636643141508102417 0.00078227906487882137299 0.0036977084819227457047 0.0065873009152710437775 0.012347005307674407959 0.015254820697009563446 0.029652632772922515869 0.018187066540122032166 0.012437356635928153992 0.012419970706105232239 0.0095265554264187812805 0.0066204569302499294281 0.0065732165239751338959 0.0065092542208731174469 0.0064602838829159736633 0.0064524547196924686432 0.02370542474091053009 0.0093580661341547966003 0.0093246623873710632324 0.0091907735913991928101 0.052045643329620361328 0.074720978736877441406 0.011331746354699134827 0.01120127551257610321 0.0024279442150145769119 0 0 0.4472382664680480957 0.063039280474185943604 0.008853412233293056488 0.0061993645504117012024 0.0033553326502442359924 0.00035293702967464923859 0.00014621864829678088427 -9999
0.023773137480020523071 0.04967734217643737793 0.032468281686305999756 0.029579829424619674683 0.018060250207781791687 0.020910605788230895996 0.032401658594608306885 0.012316859327256679535 0.0037336826790124177933 0.00087724690092727541924 0.0066125323064625263214 0.0094888908788561820984 0.015290797688066959381 0.018207773566246032715 0.032568283379077911377 0.021067515015602111816 0.015302839688956737518 0.015275313518941402435 0.012360399588942527771 0.0094500798732042312622 0.0094287740066647529602 0.0094313863664865493774 0.0094353081658482551575 0.0094132237136363983154 0.026618707925081253052 0.012152226641774177551 0.011978605762124061584 0.06640033423900604248 0.07771752774715423584 0.014410889707505702972 0.014308605343103408813 0.0056105433031916618347 0.0026848798152059316635 0 0.0026700778398662805557 0.45059072971343994141 0.065987609326839447021 0.020255334675312042236 0.0061426167376339435577 0.0034412681125104427338 0.0033978947903960943222 0.00024235207820311188698
0.026636293157935142517 0.05253957211971282959 0.035337477922439575195 0.032456103712320327759 0.020943509414792060852 0.023798990994691848755 0.03529852256178855896 0.015223245136439800262 0.0066355685703456401825 0.0037711572367697954178 0.00088623270858079195023 0.009526122361421585083 0.012462972663342952728 0.018239807337522506714 0.021090380847454071045 0.03542326018214225769 0.02392262779176235199 0.018149899318814277649 0.018108552321791648865 0.015212776139378547668 0.012348419055342674255 0.01235561072826385498 0.012334490194916725159 0.012292284518480300903 0.012237668968737125397 0.029352739453315734863 0.014810404740273952484 0.08361002802848815918 0.080610029399394989014 0.017398159950971603394 0.017376096919178962708 0.0087579246610403060913 0.0059305089525878429413 0.0030843464192003011703 0.0058328332379460334778 0 0.45356395840644836426 0.06900440901517868042 0.031830035150051116943 0.0061619188636541366577 0.0062213228084146976471 0.0032180813141167163849
0.029467040672898292542 0.055350545793771743774 0.038149703294038772583 0.035282924771308898926 0.023788575083017349243 0.026657087728381156921 0.03816221281886100769 0.018086621537804603577 0.0094931097701191902161 0.0066368877887725830078 0.00091546535259112715721 0.0038400189951062202454 0.012507239356637001038 0.015374592505395412445 0.02108126319944858551 0.023933159187436103821 0.038284096866846084595 0.026779605075716972351 0.020991254597902297974 0.020965496078133583069 0.018095342442393302917 0.015208865515887737274 0.015181753784418106079 0.015154677443206310272 0.015096101909875869751 0.014963660389184951782 0.032009303569793701172 0.10363367944955825806 0.083398200571537017822 0.02030892297625541687 0.020409524440765380859 0.011868918314576148987 0.0090592503547668457031 0.0062041808851063251495 0.0090109147131443023682 0.00025890380493365228176 0.0030182676855474710464 0.45648136734962463379 0.07163956761360168457 0.042769137769937515259 0.008462732657790184021 0.0059473467990756034851
0.0323198661208152771 0.058189559727907180786 0.040986794978380203247 0.03813031315803527832 0.026652291417121887207 0.029536115005612373352 0.041050609201192855835 0.020980011671781539917 0.012391499243676662445 0.00092692364705726504326 0.0095971329137682914734 0.0038949490990489721298 0.0067838178947567939758 0.015379247255623340607 0.018212554976344108582 0.023933596909046173096 0.026791481301188468933 0.041118800640106201172 0.029593344777822494507 0.023830633610486984253 0.023836307227611541748 0.02095432765781879425 0.018067490309476852417 0.018029188737273216248 0.017936032265424728394 0.01779957301914691925 0.017639884725213050842 0.14102268218994140625 0.086355581879615783691 0.023286921903491020203 0.023413525894284248352 0.014894957654178142548 0.01208697538822889328 0.0092273512855172157288 0.01206731703132390976 0.0033653925638645887375 0.006071490701287984848 4.7809022362343966961e-05 0.45909708738327026367 0.07424309849739074707 0.045607928186655044556 0.020119739696383476257
0.035196889191865921021 0.061059635132551193237 0.043852675706148147583 0.041000630706548690796 0.029535477980971336365 0.032435901463031768799 0.043962847441434860229 0.023902716115117073059 0.01533014979213476181 0.0038800411857664585114 0.0010415469296276569366 0.012553771957755088806 0.0067999786697328090668 0.0096512977033853530884 0.018229685723781585693 0.021051680669188499451 0.026749853044748306274 0.02958054468035697937 0.043916232883930206299 0.032451547682285308838 0.026731738820672035217 0.026730274781584739685 0.023828746750950813293 0.020877845585346221924 0.020757330581545829773 0.020654469728469848633 0.020584864541888237 0.1641810983419418335 0.089437440037727355957 0.026316959410905838013 0.026399793103337287903 0.017866969108581542969 0.015050931833684444427 0.012186567299067974091 0.015033385716378688812 0.006363381166011095047 0.0091566545888781547546 0.0032986786682158708572 0.46248862147331237793 0.00016402774781454354525 0.07753060758113861084 0.071617953479290008545
0.038054712116718292236 0.063906788825988769531 0.046703916043043136597 0.04387059435248374939 0.032433949410915374756 0.035361088812351226807 0.046897150576114654541 0.026834782212972640991 0.018263906240463256836 0.0068137096241116523743 0.0010864250361919403076 0.0039569241926074028015 0.01543294079601764679 0.0096497014164924621582 0.012462534941732883453 0.021013930439949035645 0.023833008483052253723 0.029554003849625587463 0.032448347657918930054 0.046834539622068405151 0.035369839519262313843 0.029612390324473381042 0.029560778290033340454 0.026604013517498970032 0.023640347644686698914 0.023574218153953552246 0.023527214303612709045 0.19010323286056518555 0.092356592416763305664 0.029222534969449043274 0.029290625825524330139 0.020742528140544891357 0.017916467040777206421 0.015053498558700084686 0.017919030040502548218 0.0092906365171074867249 0.012154418043792247772 0.0063886758871376514435 0.46563032269477844238 0.0033580448944121599197 0.080674752593040466309 0.074645005166530609131
0.040889814496040344238 0.066729612648487091064 0.049541335552930831909 0.046742577105760574341 0.035349477082490921021 0.03830859065055847168 0.049847081303596496582 0.0297707337886095047 0.021189359948039054871 0.0097296554595232009888 0.0039914660155773162842 0.0068510198034346103668 0.0010592062026262283325 0.018235197290778160095 0.012403905391693115234 0.015213950537145137787 0.023815492168068885803 0.026705918833613395691 0.032490726560354232788 0.035380814224481582642 0.049725197255611419678 0.038218062371015548706 0.032423969358205795288 0.032371632754802703857 0.029453814029693603516 0.026521431282162666321 0.026425773277878761292 0.21878488361835479736 0.095143102109432220459 0.032020844519138336182 0.032089717686176300049 0.023520169779658317566 0.02068159542977809906 0.017827633768320083618 0.020727502182126045227 0.012155174277722835541 0.015077135525643825531 0.0093612056225538253784 0.46862232685089111328 0.0064216484315693378448 0.08385954052209854126 0.077980436384677886963
0.043755829334259033203 0.069633543491363525391 0.05247263982892036438 0.049683779478073120117 0.038292333483695983887 0.041242700070142745972 0.052765969187021255493 0.032679438591003417969 0.024093169718980789185 0.012623697519302368164 0.0068695954978466033936 0.0097122862935066223145 0.0039020807016640901566 0.021064801141619682312 0.015241388231515884399 0.00082920340355485677719 0.018078127875924110413 0.026724079623818397522 0.029635464772582054138 0.035396330058574676514 0.038258381187915802002 0.052581373602151870728 0.04105525091290473938 0.035265352576971054077 0.035213116556406021118 0.032252814620733261108 0.029249539598822593689 0.2503382265567779541 0.098015680909156799316 0.034926734864711761475 0.035001050680875778198 0.026426387950778007507 0.023576786741614341736 0.020712273195385932922 0.023606570437550544739 0.015042583458125591278 0.017987584695219993591 0.012295278720557689667 0.47155171632766723633 0.009387407451868057251 0.086869738996028900146 0.081048227846622467041
0.39518889784812927246 0.072618380188941955566 0.055479258298873901367 0.052674699574708938599 0.041250087320804595947 0.044161897152662277222 0.055659029632806777954 0.035566225647926330566 0.026977812871336936951 0.015495851635932922363 0.0097178434953093528748 0.012537607923150062561 0.0067190211266279220581 0.023896263912320137024 0.018110753968358039856 0.00085415993817150592804 0.0037243545521050691605 0.020972980186343193054 0.029639016836881637573 0.032548427581787109375 0.038291517645120620728 0.041134420782327651978 0.055428374558687210083 0.043875478208065032959 0.038026772439479827881 0.037888899445533752441 0.034897327423095703125 0.032009068876504898071 0.35377839207649230957 0.037931371480226516724 0.038015186786651611328 0.029450001195073127747 0.026589540764689445496 0.023697333410382270813 0.026552217081189155579 0.017952056601643562317 0.020888729020953178406 0.015198371373116970062 0.47443047165870666504 0.012278154492378234863 0.089763827621936798096 0.083968460559844970703
1.4618841409683227539 0.4726378321647644043 0.05861325189471244812 0.055880863219499588013 0.043972928076982498169 0.046913649886846542358 0.058440562337636947632 0.038384508341550827026 0.029807642102241516113 0.018306294456124305725 0.012497879564762115479 0.015300814993679523468 0.0094940746203064918518 0.026707950979471206665 0.020967029035091400146 0.0037379590794444084167 0.00086293317144736647606 0.0066203060559928417206 0.02391484379768371582 0.032556917518377304077 0.035402216017246246338 0.04109460487961769104 0.043887544423341751099 0.058137696236371994019 0.046536121517419815063 0.040691409260034561157 0.040674362331628799438 0.037875860929489135742 0.035117339342832565308 0.3971125185489654541 0.041012626141309738159 0.032422080636024475098 0.029535677284002304077 0.026625130325555801392 0.029469192028045654297 0.020860822871327400208 0.023790678009390830994 0.01808322221040725708 0.47728765010833740234 0.015167688950896263123 0.092675857245922088623 0.086916074156761169434
0.85297191143035888672 2.3195681571960449219 2.7968912124633789062 2.8604838848114013672 0.058494109660387039185 0.095942966639995574951 0.061090759932994842529 0.04113082587718963623 0.032571334391832351685 0.021031096577644348145 0.01517846621572971344 0.017972599714994430542 0.012212425470352172852 0.029496088624000549316 0.023806367069482803345 0.0066059990786015987396 0.0037629806902259588242 0.0009211629512719810009 0.0095672300085425376892 0.026772044599056243896 0.035308495163917541504 0.038088336586952209473 0.043719418346881866455 0.046488270163536071777 0.060776114463806152344 0.04933477938175201416 0.043699551373720169067 0.043812744319438934326 0.041044004261493682861 0.43746912479400634766 0.043987512588500976562 0.035351358354091644287 0.032430972903966903687 0.029509374871850013733 0.03236408531665802002 0.023769551888108253479 0.026688246056437492371 0.020947214215993881226 0.48012316226959228516 0.018052034080028533936 0.09559641033411026001 0.089877843856811523438
0.018470048904418945312 0.047364134341478347778 0.067533157765865325928 0.087706431746482849121 2.9534938335418701172 3.0170333385467529297 3.1179103851318359375 0.064184039831161499023 0.078641429543495178223 0.023482305929064750671 0.017642186954617500305 0.020492061972618103027 0.014828508719801902771 0.032183464616537094116 0.02653552033007144928 0.00074835820123553276062 0.0094411903992295265198 0.0066221798770129680634 0.003758071456104516983 0.012331870384514331818 0.029499378055334091187 0.038040302693843841553 0.040827885270118713379 0.046525839716196060181 0.049414061009883880615 0.063836902379989624023 0.052460983395576477051 0.046798858791589736938 0.046856939792633056641 0.48344099521636962891 0.046844031661748886108 0.038193248212337493896 0.035278830677270889282 0.032379556447267532349 0.035258986055850982666 0.026674237102270126343 0.029573125764727592468 0.023797858506441116333 0.48293405771255493164 0.020881643518805503845 0.09843209385871887207 0.092735864222049713135
0.024315673857927322388 0.015746217221021652222 0.015744548290967941284 0.015842547640204429626 0.033285610377788543701 0.047822456806898117065 0.062475655227899551392 3.1970150470733642578 3.265644073486328125 3.3487646579742431641 0.025751227512955665588 0.019859261810779571533 0.023031406104564666748 0.017480447888374328613 0.034858483821153640747 0.029247133061289787292 0.0035059491638094186783 0.012212885543704032898 0.0093819173052906990051 0.0065250410698354244232 0.015154815278947353363 0.032388042658567428589 0.040997508913278579712 0.04388497769832611084 0.049651600420475006104 0.052546262741088867188 0.066916890442371368408 0.055449437350034713745 0.04969587177038192749 0.049646086990833282471 0.5349718928337097168 0.040947206318378448486 0.038079734891653060913 0.035237401723861694336 0.038154639303684234619 0.029574349522590637207 0.032445877790451049805 0.026633523404598236084 0.48571607470512390137 0.023652061820030212402 0.10117810219526290894 0.19318582117557525635
0.012306165881454944611 0.012388836592435836792 0.012990682385861873627 0.013019852340221405029 0.010147491469979286194 0.010261559858918190002 0.010219657793641090393 0.010065447539091110229 0.02161746099591255188 0.033004403114318847656 3.3870084285736083984 3.4186151027679443359 3.4449939727783203125 0.026318240910768508911 0.02079167589545249939 0.037719938904047012329 0.032143179327249526978 0.0064058662392199039459 0.015106081962585449219 0.01229741610586643219 0.009473604150116443634 0.018126796931028366089 0.035392876714468002319 0.044038504362106323242 0.046922516077756881714 0.052658379077911376953 0.055506750941276550293 0.069802880287170410156 0.058258190751075744629 0.052420400083065032959 0.58992499113082885742 0.043674454092979431152 0.040821906179189682007 0.038018330931663513184 0.040964618325233459473 0.032385565340518951416 0.035232149064540863037 0.029392693191766738892 0.4884509742259979248 0.026416782289743423462 0.10394160449504852295 0.22757400572299957275
0.009455400519073009491 0.0094846105203032493591 0.0095024202018976211548 0.0066574518568813800812 0.0072322711348533630371 0.0072570326738059520721 0.0072796111926436424255 0.0073555288836359977722 0.0071702315472066402435 0.02703693881630897522 0.038582291454076766968 0.050209276378154754639 0.053317200392484664917 3.5042207241058349609 0.029567886143922805786 0.023991672322154045105 0.041326206177473068237 0.035741697996854782104 0.0099764056503772735596 0.018671927973628044128 0.015853008255362510681 0.013019286096096038818 0.021677689626812934875 0.038938332349061965942 0.047556512057781219482 0.050408404320478439331 0.056092970073223114014 0.058863487094640731812 0.073082901537418365479 0.06146265566349029541 0.055564835667610168457 0.63861691951751708984 0.04398079216480255127 0.041212316602468490601 0.044191285967826843262 0.035084448754787445068 0.037901397794485092163 0.032044596970081329346 0.49111434817314147949 0.02916380763053894043 0.10672646760940551758 0.24475587904453277588
