tests/data/reference/gistest/full/control/mqrill_m3_s.asc
ncols        125
nrows        78
xllcorner    -713756.799299980048
yllcorner    -1061032.369616159936
cellsize     10.000000000000
NODATA_value  -9999
[rows 36 to 53 of 78, columns 0 to 41 of 125]
-9999 -9999 -9999 -9999 -9999 -9999 -9999 -9999 -9999 -9999 -9999 -9999 -9999 0 0.0083333654329180717468 0.01718349754810333252 0.15835845470428466797 0.0049292254261672496796 0.0079355193302035331726 0.013750175945460796356 0.019513957202434539795 0.028094697743654251099 0.013658193871378898621 0.053829569369554519653 0.039520222693681716919 0.048242691904306411743 0.082810699939727783203 0.039990451186895370483 0.014392581768333911896 0.0087525974959135055542 0.014532119967043399811 0.020337807014584541321 0.040509164333343505859 0.00033786729909479618073 0.0031987461261451244354 0.01461168285459280014 0.008854260668158531189 0.0060239755548536777496 0.0060851844027638435364 0.014812429435551166534 0.0063107358291745185852 0.0064336112700402736664
-9999 -9999 -9999 -9999 -9999 -9999 -9999 -9999 -9999 -9999 -9999 -9999 0 0 0.013678805902600288391 0.15523996949195861816 0.0019940221682190895081 0.004970732610672712326 0.010849389247596263885 0.016675272956490516663 0.025319674983620643616 0.010947419330477714539 0.051060806959867477417 0.036688290536403656006 0.045316077768802642822 0.079803951084613800049 0.036903861910104751587 0.011181130073964595795 0.0055852164514362812042 0.01137938816100358963 0.017112182453274726868 0.011440404690802097321 0.023001939058303833008 8.0010526289697736502e-05 0.011635346338152885437 0.0058487369678914546967 0.0029102808330208063126 0.0029231118969619274139 0.011575368233025074005 0.0030221424531191587448 0.0031199546065181493759 0.0032995876390486955643
-9999 -9999 -9999 -9999 -9999 -9999 -9999 -9999 -9999 -9999 -9999 0 0 0.010144909843802452087 0.1514816582202911377 0 0.0017340726917609572411 0.0077148298732936382294 0.01367072761058807373 0.022402068600058555603 0.0080744056031107902527 0.048259023576974868774 0.033832661807537078857 0.042424641549587249756 0.076865054666996002197 0.033899914473295211792 0.0081806126981973648071 0.0024982257746160030365 0.008284134790301322937 0.013989389874041080475 0.0081529486924409866333 0.0082102473825216293335 0.0082530379295349121094 0.0083309020847082138062 0.0028208049479871988297 0 0 0.0083109978586435317993 0 0 0 7.1190363087225705385e-05
-9999 -9999 -9999 -9999 -9999 -9999 -9999 -9999 -9999 -9999 -9999 0 0.0062063033692538738251 0.14231529831886291504 0.00055150809930637478828 0 0.0039487378671765327454 0.010206424631178379059 0.019210429862141609192 0.0050476673059165477753 0.045303490012884140015 0.030960230156779289246 0.039517883211374282837 0.073922343552112579346 0.030923198908567428589 0.0051311426796019077301 0 0.0052829282358288764954 0.010993596166372299194 0.0051280944608151912689 0.0049257338978350162506 0.0048995818942785263062 0.0048899194225668907166 0 0 0.0027575597632676362991 0.0053765261545777320862 0 0.0021907063201069831848 0.0051265093497931957245 0.0082064503803849220276 1.255652023246511817e-05
-9999 -9999 -9999 -9999 -9999 -9999 -9999 -9999 -9999 -9999 0 0 0.12967531383037567139 0.0028799704741686582565 0 0.00023647793568670749664 0.0063840900547802448273 0.01556708943098783493 0.0016829951200634241104 0.042161855846643447876 0.027919191867113113403 0.036590743809938430786 0.071016855537891387939 0.028006399050354957581 0.0022375283297151327133 0 0.0022807831410318613052 0.0080073075369000434875 0.0021813318599015474319 0.0019877064041793346405 0.0016229220200330018997 0.0015468975761905312538 0 0.0021873798687011003494 0.0055128727108240127563 0.0085055492818355560303 0.011238406412303447723 0.013987766578793525696 0.016767768189311027527 0 0 0.01177854929119348526
-9999 -9999 -9999 -9999 -9999 -9999 -9999 -9999 -9999 -9999 0 0.11363930255174636841 0.0085560819134116172791 0 0 0.0032294488046318292618 0.0120578790083527565 0 0.038617890328168869019 0.024624794721603393555 0.033486235886812210083 0.068040370941162109375 0.025055142119526863098 0 0 0.0023031751625239849091 0.0050418176688253879547 0 0 0 0 0 0.0019424223573878407478 0.0052749267779290676117 0.0084707150235772132874 0.011459478177130222321 0.014304236508905887604 0.017120579257607460022 0 0.020043753087520599365 0.0030965374317020177841 0.0032794119324535131454
-9999 -9999 -9999 -9999 -9999 -9999 -9999 -9999 -9999 0 0 0.10166355222463607788 0.0061709308065474033356 0 0.00013508892152458429337 0.0091540133580565452576 0.012131465598940849304 0.035205841064453125 0.020970918238162994385 0.030021980404853820801 0.064906068146228790283 0.022078698500990867615 0.0020770160481333732605 0.0050851311534643173218 0.0081245750188827514648 0.010977175086736679077 0.14573183655738830566 0.16284638643264770508 0.16569419205188751221 0.16835942864418029785 0.17077384889125823975 0.1738020777702331543 0.17731744050979614258 0.18056567013263702393 0.18366928398609161377 0.18663208186626434326 0.1894925534725189209 0.192304268479347229 0.21518254280090332031 0.22102858126163482666 0.24713188409805297852 0.25584587454795837402
-9999 -9999 -9999 -9999 -9999 -9999 -9999 -9999 0 0 0.09309050440788269043 0.0009254489559680223465 0.0035668471828103065491 0 0.0060655968263745307922 0.0092524960637092590332 0.0150684332475066185 0.017953213304281234741 0.026519477367401123047 0.061355099081993103027 0.018903547897934913635 0 0 0.0022045637015253305435 0.11435981094837188721 0.12876552343368530273 0.010912888683378696442 0.0050668446347117424011 0.0079205296933650970459 0.010650059208273887634 0.013206919655203819275 0.01624841056764125824 0.019638163968920707703 0.022807417437434196472 0.025848122313618659973 0.028783928602933883667 0.03163676336407661438 0.034453932195901870728 0.037234682589769363403 0.04018766060471534729 0.043270468711853027344 0.046203546226024627686
-9999 -9999 -9999 -9999 -9999 -9999 -9999 -9999 0 0.00012453965609893202782 0.084251344203948974609 0 0.00078824954107403755188 0.0034441435709595680237 0.0063290297985076904297 0.012180077843368053436 0.015090669505298137665 0.023775808513164520264 0.058237627148628234863 0.015533714555203914642 0.019002957269549369812 0.045131828635931015015 0.073929272592067718506 0.10557121783494949341 0.0079753445461392402649 0.0080770291388034820557 0.0023929718881845474243 0 0.0023440069053322076797 0.0051157139241695404053 0.0077730249613523483276 0.010764979757368564606 0.014013499021530151367 0.017085785046219825745 0.020045917481184005737 0.022943586111068725586 0.025791093707084655762 0.4651056826114654541 0.50529003143310546875 0.5455601811408996582 0.58591037988662719727 0.62616211175918579102
-9999 -9999 -9999 -9999 -9999 -9999 -9999 -9999 0 0.069240003824234008789 0.0058688288554549217224 0 0.00065541669027879834175 0.0037223345134407281876 0.0094377724453806877136 0.012294979766011238098 0.020931016653776168823 0.055566113442182540894 0.01267543155699968338 0.01585407741367816925 0.01921749114990234375 0.022340333089232444763 0.025277592241764068604 0.0051544904708862304688 0.0050596999935805797577 0 0 0.0024756761267781257629 0.0052853533998131752014 0.0080966455861926078796 0.010885057970881462097 0.013817529194056987762 0.016886102035641670227 0.019864320755004882812 0.36163419485092163086 0.39615368843078613281 0.43354818224906921387 0.034536037594079971313 0.034650124609470367432 0.034745011478662490845 0.034838575869798660278 0.034873586148023605347
-9999 -9999 -9999 -9999 -9999 -9999 -9999 0 0.057475928217172622681 0.0029521626420319080353 0.0031803792808204889297 0 0.0008024538983590900898 0.0068306447938084602356 0.0097161326557397842407 0.018300425261259078979 0.052688688039779663086 0.0096906637772917747498 0.012680316343903541565 0.015836136415600776672 0.019185995683073997498 0.022341657429933547974 0.0023541054688394069672 0.0023610612843185663223 0.0022608397994190454483 0.0051867770962417125702 0.0082736369222402572632 0.011178144253790378571 0.013909315690398216248 0.016746865585446357727 0.019673766568303108215 0.022558549419045448303 0.3039900362491607666 0.33562380075454711914 0.028464853763580322266 0.03148678317666053772 0.031647186726331710815 0.031812701374292373657 0.031955696642398834229 0.032053261995315551758 0.03213049471378326416 0.043645091354846954346
-9999 -9999 -9999 -9999 -9999 -9999 -9999 0.0024917637929320335388 0.019786205142736434937 0.00057197746355086565018 0.00090102019021287560463 0 0.0040703504346311092377 0.0071606091223657131195 0.015852352604269981384 0.05030521005392074585 0.0070642307400703430176 0.0096771037206053733826 0.01240110304206609726 0.015527679584920406342 0.018946573138236999512 0 0 0 0 0.0023995309602469205856 0.0054428232833743095398 0.0083332266658544540405 0.1948680877685546875 0.22070185840129852295 0.24666826426982879639 0.27539479732513427734 0.02551686018705368042 0.02559416554868221283 0.028598219156265258789 0.028736906126141548157 0.028856670483946800232 0.028980348259210586548 0.029102925211191177368 0.029188193380832672119 0.040743965655565261841 0.032198976725339889526
-9999 -9999 -9999 -9999 -9999 -9999 0 0.022122353315353393555 0.017447553575038909912 0 0 0.00095023703761398792267 0.0040256367065012454987 0.012907424010336399078 0.047515448182821273804 0.0044731749221682548523 0.0072354148142039775848 0.0098497541621327400208 0.012464900501072406769 0.015527678653597831726 0.018903100863099098206 0.042209569364786148071 0.065388746559619903564 0.088519304990768432617 0.12881989777088165283 0.14323945343494415283 0.1605440974235534668 0.18066330254077911377 0.019763145595788955688 0.019762508571147918701 0.022728446871042251587 0.022760229185223579407 0.022738296538591384888 0.025680616497993469238 0.025794589892029762268 0.025893960148096084595 0.025977671146392822266 0.026079963892698287964 0.026210501790046691895 0.037782646715641021729 0.029240319505333900452 0.037917744368314743042
-9999 -9999 -9999 -9999 -9999 0 0 0.0033858632668852806091 0.012212635017931461334 0 0 0.00024269372806884348392 0.0091832987964153289795 0.044130917638540267944 0.0013513209996744990349 0.0043161297217011451721 0.0072312653064727783203 0.0099966656416654586792 0.01263654511421918869 0.015684114769101142883 0.01613848470151424408 0.016435543075203895569 0.016635535284876823425 0.034067437052726745605 0.0083827944472432136536 0.01130688842386007309 0.014172038063406944275 0.017054522410035133362 0.01704377494752407074 0.01988996751606464386 0.019915213808417320251 0.019931672140955924988 0.022773174569010734558 0.022779962047934532166 0.022824101150035858154 0.022888423874974250793 0.022961189970374107361 0.023073270916938781738 0.034723665565252304077 0.02624373510479927063 0.034935824573040008545 0.029253067448735237122
-9999 -9999 -9999 -9999 -9999 0 0.0087318774312734603882 0.00061617686878889799118 0.0032887330744415521622 0 0 0.0053106788545846939087 0.040128741413354873657 0 0.0011291666887700557709 0.0042357505299150943756 0.0072503723204135894775 0.010071170516312122345 0.012694211676716804504 0.012856935150921344757 0.013313586823642253876 0.01366828475147485733 0.031147215515375137329 0.0055095725692808628082 0.008572687394917011261 0.011506447568535804749 0.014353932812809944153 0.014370795339345932007 0.017263410612940788269 0.017238367348909378052 0.017205392941832542419 0.020081575959920883179 0.020074529573321342468 0.020050285384058952332 0.020031712949275970459 0.020035978406667709351 0.020066292956471443176 0.031621359288692474365 0.0231504049152135849 0.031908746808767318726 0.026279009878635406494 0.026328667998313903809
-9999 -9999 -9999 -9999 0 0 0.0051826755516231060028 0 0 0 0.0016724206507205963135 0.022163089364767074585 0.0081318104639649391174 0 0.00087945390259847044945 0.0041684322059154510498 0.0072337510064244270325 0.010088276118040084839 0.0098717296496033668518 0.0099837956950068473816 0.010444993153214454651 0.028170466423034667969 0.0026434212923049926758 0.005717134568840265274 0.0087573695927858352661 0.011705785058438777924 0.0117058558389544487 0.014597994275391101837 0.014638763852417469025 0.014623492024838924408 0.017446145415306091309 0.017437223345041275024 0.017436075955629348755 0.017420057207345962524 0.017382901161909103394 0.017336249351501464844 0.028791723772883415222 0.02017507702112197876 0.028838345780968666077 0.02322545275092124939 0.023366145789623260498 0.023408550769090652466
-9999 -9999 -9999 -9999 0 0.0065372162498533725739 0 0 0 0 0 0.012482772581279277802 0.0044440440833568572998 0 0.00049830856733024120331 0.0039871940389275550842 0.007078485097736120224 0.0071281255222856998444 0.0069825560785830020905 0.0069553526118397712708 0.024522064253687858582 0 0.0025384365580976009369 0.0056637269444763660431 0.0087308147922158241272 0.00885631609708070755 0.011768182739615440369 0.011803574860095977783 0.011843084357678890228 0.014702521264553070068 0.014647718518972396851 0.014615897089242935181 0.014609332196414470673 0.014614081941545009613 0.014607942663133144379 0.026065535843372344971 0.017429625615477561951 0.026009786874055862427 0.02024043351411819458 0.020325275138020515442 0.020481621846556663513 0.020530099049210548401
-9999 -9999 -9999 0 0 0 0 0 0 0 0 0.0035669091157615184784 0 0 0 0.0035974762868136167526 0.0038836433086544275284 0.0040857102721929550171 0.0040689771994948387146 0.0095207989215850830078 0.0065272413194179534912 0 0.001929945778101682663 0.0052410056814551353455 0.0055561903864145278931 0.0086747575551271438599 0.0088103953748941421509 0.0088667180389165878296 0.011775319464504718781 0.011766654439270496368 0.01169544365257024765 0.011630635708570480347 0.011608057655394077301 0.011650225147604942322 0.023201636970043182373 0.014626047573983669281 0.023267582058906555176 0.017513815313577651978 0.017457876354455947876 0.01748172566294670105 0.017610859125852584839 0.017676265910267829895
