tests/data/reference/gistest/full/control/mqrill_m3_s.asc
ncols        125
nrows        78
xllcorner    -713756.799299980048
yllcorner    -1061032.369616159936
cellsize     10.000000000000
NODATA_value  -9999
[rows 57 to 75 of 78, columns 41 to 81 of 125]
0.0089869182556867599487 0.0061106672510504722595 0.0061098267324268817902 0.014731910079717636108 0.0090411733835935592651 0.0091414563357830047607 0.026438502594828605652 0.0092193502932786941528 0.0091981561854481697083 0.0091470722109079360962 0.020699802786111831665 0.012205718085169792175 0.040913414210081100464 0.0092141032218933105469 0.0062876851297914981842 0.01195362582802772522 0.02048112824559211731 0.011827065609395503998 0.029092269018292427063 0.014810451306402683258 0.014849920757114887238 0.014854889363050460815 0.014911830425262451172 0.015002762898802757263 0.060932494699954986572 0.017732609063386917114 0.01770023442804813385 0.055123709142208099365 0.078191794455051422119 0.10124269872903823853 0.16162110865116119385 0.16455025970935821533 0.16741549968719482422 0.1702051013708114624 0.17309832572937011719 0.17609998583793640137 0.17223468422889709473 0.17563073337078094482 0.18496611714363098145 0.1878321915864944458 0.19068075716495513916
0.0032100842799991369247 0.0032084269914776086807 0.011820339597761631012 0.0060562863945960998535 0.006096407771110534668 0.023427588865160942078 0.0062552364543080329895 0.0062948977574706077576 0.0062847328372299671173 0.017720807343721389771 0.0091881267726421356201 0.038107998669147491455 0.0064861308783292770386 0.003396371845155954361 0.0090932194143533706665 0.017736261710524559021 0.0090680429711937904358 0.026252569630742073059 0.011899340897798538208 0.011977748014032840729 0.012019796296954154968 0.012016873806715011597 0.012047488242387771606 0.058066654950380325317 0.015006450936198234558 0.01493437495082616806 0.052247595041990280151 0.017857516184449195862 0.017931522801518440247 0.055334094911813735962 0.020938558503985404968 0.043983962386846542358 0.046884007751941680908 0.049754291772842407227 0.052652928978204727173 0.055587280541658401489 0.051817514002323150635 0.055110201239585876465 0.064386978745460510254 0.067224577069282531738 0.070063188672065734863
0.00025864088092930614948 0.0088954241946339607239 0.0031446579378098249435 0.0031208279542624950409 0.020365281030535697937 0.0031687887385487556458 0.0032056544441729784012 0.0032401825301349163055 0.014747880399227142334 0.006084895692765712738 0.034935083240270614624 0.003608862636610865593 0.00071219238452613353729 0.0061359410174190998077 0.014670423232018947601 0.0061673549935221672058 0.023425482213497161865 0.0090164626017212867737 0.0090154130011796951294 0.0090731568634510040283 0.0091323722153902053833 0.0091629168018698692322 0.055130597203969955444 0.01208787970244884491 0.012115897610783576965 0.049438234418630599976 0.014970992691814899445 0.015006805770099163055 0.052406147122383117676 0.018024122342467308044 0.018099106848239898682 0.018164863809943199158 0.035449020564556121826 0.041220523416996002197 0.047015201300382614136 0.061444226652383804321 0.057914372533559799194 0.067289024591445922852 0.07015810161828994751 0.084468297660350799561 0.10501172393560409546
0.005854410119354724884 0.00014344693045131862164 0.00018258190539199858904 0.017450341954827308655 0.00021303648827597498894 0.00021816934167873114347 0.00019923489890061318874 0.011665959842503070831 0.0030796981882303953171 0.031841892749071121216 0.00039640915929339826107 0.00067894393578171730042 0.0035129792522639036179 0.011723396368324756622 0.0029758908785879611969 0.020427253097295761108 0.0061437459662556648254 0.006131291855126619339 0.0061181806959211826324 0.0061311689205467700958 0.0062035499140620231628 0.052244305610656738281 0.0091909375041723251343 0.0091878091916441917419 0.046563725918531417847 0.012144649401307106018 0.012161504477262496948 0.049514450132846832275 0.015098727308213710785 0.015167028643190860748 0.015239547006785869598 0.012441757135093212128 0.00097684492357075214386 0.00098024157341569662094 0.0096663013100624084473 0.00113774067722260952 0 0.0069752568379044532776 0.0098323319107294082642 0.015967838466167449951 0.030302802100777626038
0.0085065169259905815125 0.01141385640949010849 0.014391507022082805634 0.00015044986503198742867 0.0030752739403396844864 0.0059457737952470779419 0.0087484512478113174438 0 0.028781097382307052612 0.00021447897597681730986 0.0032651782967150211334 0.0063504343852400779724 0.0091464696452021598816 5.002653051633387804e-05 0.017119461670517921448 0.0030265483073890209198 0.0031741752754896879196 0.0032169511541724205017 0.0032045568805187940598 0.0031635027844458818436 0.049195807427167892456 0.0062558669596910476685 0.0063119507394731044769 0.043643977493047714233 0.0092162191867828369141 0.0092942947521805763245 0.046684660017490386963 0.012241921387612819672 0.012283372692763805389 0.012338252738118171692 0.0095189400017261505127 0.00095800939016044139862 0.0038449168205261230469 0.0066825482062995433807 0.00098970346152782440186 0.0039901295676827430725 0 0.010279858484864234924 0.013132950291037559509 0.02742823772132396698 0.0039443429559469223022
0.0054326956160366535187 0.0082594454288482666016 0.01126710791140794754 0.014387664385139942169 0.017368759959936141968 0.020250679925084114075 0.023020409047603607178 0.025647945702075958252 0 0.0031076886225491762161 0.0061622564680874347687 0.0091277891770005226135 0.0118845328688621521 0.014312643557786941528 0 0 0.00014731289411429315805 0.00024625723017379641533 0.00023961484839674085379 0.04610799252986907959 0.0030800199601799249649 0.0032559733372181653976 0.040683425962924957275 0.0062200725078582763672 0.0062697855755686759949 0.043709594756364822388 0.0093218013644218444824 0.0093731116503477096558 0.0094310576096177101135 0.0066316016018390655518 0.00093599059619009494781 0.0038553704507648944855 0.0067269718274474143982 0.0095437327399849891663 0.01245892699807882309 0.015459981746971607208 0 0.021731797605752944946 0.024587940424680709839 0.0010836435249075293541 0.0010530343279242515564
-9999 0 0 0 0.0029666544869542121887 0.0058308402076363563538 0.008581009693443775177 0.011172414757311344147 0.014188289642333984375 0.017504736781120300293 0.020516829565167427063 0.023340217769145965576 0.026073800399899482727 0.02864271216094493866 0.031353265047073364258 0.034338243305683135986 0.037332817912101745605 0.04032212868332862854 0.043189141899347305298 0 0 0.037518553435802459717 0.0031371666118502616882 0.003158769337460398674 0.040579456835985183716 0.006225369870662689209 0.0063513754867017269135 0.0064563709311187267303 0.0036752757150679826736 0.00090215390082448720932 0.0038396993186324834824 0.006746625993400812149 0.009613903239369392395 0.0124343065544962883 0.015325837768614292145 0.018290871754288673401 0 0.024566337466239929199 0.027440413832664489746 0.030295342206954956055 0.033146884292364120483
-9999 -9999 -9999 -9999 0.00014829360588919371367 8.7303422333206981421e-05 0.0028289833571761846542 0.0054917917586863040924 0 0.003159724874421954155 0.0060914475470781326294 0.0087446980178356170654 0.011451123282313346863 0.014235512353479862213 0.017057755962014198303 0.019953493028879165649 0.022874861955642700195 0.025817373767495155334 0.028670342639088630676 0.03141913190484046936 0.034288685768842697144 0 3.1753075745655223727e-05 0.037415042519569396973 0.0030256840400397777557 0.0031492377165704965591 0.0033282826188951730728 0.00064809469040483236313 0.00079186219954863190651 0.0037875284906476736069 0.00672711152583360672 0.0096223494037985801697 0.012491866946220397949 0.015331707894802093506 0.018207266926765441895 0.0211238078773021698 0 0.027421128004789352417 0.030328806489706039429 0.033229071646928787231 0.036093343049287796021
-9999 -9999 -9999 -9999 -9999 -9999 -9999 -9999 -9999 -9999 0.00029309853562153875828 0.0027694909367710351944 0.0054075163789093494415 0.0084066633135080337524 0.011360067874193191528 0.014265053905546665192 0.017142096534371376038 0.019986642524600028992 0.022806318476796150208 0.025602875277400016785 0.028436962515115737915 0.031317811459302902222 0.034236118197441101074 0 0 7.5741663749795407057e-05 0.00030554676777683198452 0.0034539774060249328613 0.006518105044960975647 0.0095298010855913162231 0.012466999702155590057 0.01534793805330991745 0.018211409449577331543 0.021059526130557060242 0.087143935263156890869 0.09293632209300994873 0 0.099230989813804626465 0.10215831547975540161 0.10509026795625686646 0.107962779700756073
-9999 -9999 -9999 -9999 -9999 -9999 -9999 -9999 -9999 -9999 -9999 0 0 0.0026157440152019262314 0.0056644608266651630402 0.0086296200752258300781 0.011497732251882553101 0.014250472187995910645 0.017041113227605819702 0.019901797175407409668 0.022692294791340827942 0.025367604568600654602 0.028184797614812850952 0.031197018921375274658 0.03426977992057800293 0.037360023707151412964 0.04049380868673324585 0.043635416775941848755 0.046701770275831222534 0.049720164388418197632 0.052648890763521194458 0.055508568882942199707 0.058349441736936569214 0.061174359172582626343 0.00090115779312327504158 0.0010061020730063319206 0 0.0073101408779621124268 0.010254409164190292358 0.013217506930232048035 0.01611040160059928894
-9999 -9999 -9999 -9999 -9999 -9999 -9999 -9999 -9999 -9999 -9999 -9999 -9999 -9999 -9999 -9999 -9999 -9999 -9999 0 0 0 0 0 0.002622868632897734642 0.0058323112316429615021 0.0089589823037385940552 0.012020713649690151215 0.015060818754136562347 0.018088307231664657593 0.021012907847762107849 0.023854641243815422058 0.026681130751967430115 0.029488164931535720825 0.032428972423076629639 0.035467866808176040649 0.031637169420719146729 0.041299872100353240967 0.044249467551708221436 0.047237090766429901123 0.05015129968523979187
-9999 -9999 -9999 -9999 -9999 -9999 -9999 -9999 -9999 -9999 -9999 -9999 -9999 -9999 -9999 -9999 -9999 -9999 -9999 -9999 -9999 -9999 0.0023256572894752025604 0.0024095138069242238998 0 0.00021690898574888706207 0.0033009720500558614731 0.0062539475038647651672 0.0092490622773766517639 0.012284370139241218567 0.015203352086246013641 0.018022987991571426392 0.020847676321864128113 0.02367426455020904541 0.026645028963685035706 0.029716746881604194641 0.025864388793706893921 0.035522598773241043091 0.038470271974802017212 0.041477411985397338867 0.044417191296815872192
-9999 -9999 -9999 -9999 -9999 -9999 -9999 -9999 -9999 -9999 -9999 -9999 -9999 -9999 -9999 -9999 -9999 -9999 -9999 -9999 -9999 -9999 -9999 -9999 0.0057391468435525894165 0.0032234548125416040421 0.00049848033813759684563 0.00048436058568768203259 0.0034376694820821285248 0.0064819999970495700836 0.0093935877084732055664 0.012183586135506629944 0.015012191608548164368 0.017885064706206321716 0.020880049094557762146 0.016796849668025970459 0.026897046715021133423 0.029756095260381698608 0.03269878774881362915 0.03570418432354927063 0.038659472018480300903
-9999 -9999 -9999 -9999 -9999 -9999 -9999 -9999 -9999 -9999 -9999 -9999 -9999 -9999 -9999 -9999 -9999 -9999 -9999 -9999 -9999 -9999 -9999 -9999 -9999 0.0090544167906045913696 0.0062776482664048671722 0.0033417583908885717392 0.00052109110401943325996 0.0035592431668192148209 0.006458002142608165741 0.0092235077172517776489 0.012064648792147636414 0.014991886913776397705 0.017994225025177001953 0.013734177686274051666 0.023988075554370880127 0.026875540614128112793 -9999 -9999 -9999
-9999 -9999 -9999 -9999 -9999 -9999 -9999 -9999 -9999 -9999 -9999 -9999 -9999 -9999 -9999 -9999 -9999 -9999 -9999 -9999 -9999 -9999 -9999 -9999 -9999 -9999 -9999 0.0090892640873789787292 0.0062652807682752609253 0.00063323805807158350945 0.003509357105940580368 0.0062848348170518875122 0.0091613093391060829163 0.012133784592151641846 0.015130839310586452484 0 -9999 -9999 -9999 -9999 -9999
-9999 -9999 -9999 -9999 -9999 -9999 -9999 -9999 -9999 -9999 -9999 -9999 -9999 -9999 -9999 -9999 -9999 -9999 -9999 -9999 -9999 -9999 -9999 -9999 -9999 -9999 -9999 -9999 0.012034511193633079529 0.0091912792995572090149 0.00054554396774619817734 0.003371199360117316246 0.0063002016395330429077 0.0093062482774257659912 0.012295375578105449677 -9999 -9999 -9999 -9999 -9999 -9999
-9999 -9999 -9999 -9999 -9999 -9999 -9999 -9999 -9999 -9999 -9999 -9999 -9999 -9999 -9999 -9999 -9999 -9999 -9999 -9999 -9999 -9999 -9999 -9999 -9999 -9999 -9999 -9999 -9999 0.014858981594443321228 0.011948056519031524658 0.00046817393740639090538 0.00058210641145706176758 0.0036278846673667430878 0.00086501199984923005104 -9999 -9999 -9999 -9999 -9999 -9999
-9999 -9999 -9999 -9999 -9999 -9999 -9999 -9999 -9999 -9999 -9999 -9999 -9999 -9999 -9999 -9999 -9999 -9999 -9999 -9999 -9999 -9999 -9999 -9999 -9999 -9999 -9999 -9999 -9999 -9999 0.0176021624356508255 0.014821250922977924347 0.0034948172979056835175 0.00081673345994204282761 0.0022181654348969459534 -9999 -9999 -9999 -9999 -9999 -9999
-9999 -9999 -9999 -9999 -9999 -9999 -9999 -9999 -9999 -9999 -9999 -9999 -9999 -9999 -9999 -9999 -9999 -9999 -9999 -9999 -9999 -9999 -9999 -9999 -9999 -9999 -9999 -9999 -9999 -9999 -9999 0.020577866584062576294 0.017899172380566596985 0.006583787035197019577 -9999 -9999 -9999 -9999 -9999 -9999 -9999
