tests/data/reference/gistest/full/control/mqrill_m3_s.asc
ncols        125
nrows        78
xllcorner    -713756.799299980048
yllcorner    -1061032.369616159936
cellsize     10.000000000000
NODATA_value  -9999
[rows 36 to 53 of 78, columns 0 to 41 of 125]
-9999 -9999 -9999 -9999 -9999 -9999 -9999 -9999 -9999 -9999 -9999 -9999 -9999 0 0.0083334064111113548279 0.017183605581521987915 0.15835973620414733887 0.0049292887561023235321 0.0079356040805578231812 0.013750307261943817139 0.019514136016368865967 0.028094945475459098816 0.013658323325216770172 0.053830031305551528931 0.039520569145679473877 0.048243116587400436401 0.082811430096626281738 0.039990793913602828979 0.014392709359526634216 0.0087526813149452209473 0.014532248489558696747 0.020337978377938270569 0.040509488433599472046 0.00033788790460675954819 0.003198788035660982132 0.014611810445785522461 0.008854344487190246582 0.0060240379534661769867 0.0060852468013763427734 0.01481255609542131424 0.0063107982277870178223 0.0064336736686527729034
-9999 -9999 -9999 -9999 -9999 -9999 -9999 -9999 -9999 -9999 -9999 -9999 0 0 0.0136788906529545784 0.15524122118949890137 0.0019940638449043035507 0.0049707959406077861786 0.010849498212337493896 0.016675429418683052063 0.025319898501038551331 0.010947526432573795319 0.051061242818832397461 0.036688614636659622192 0.045316476374864578247 0.079804658889770507812 0.036904182285070419312 0.011181236244738101959 0.0055852788500487804413 0.011379493400454521179 0.017112333327531814575 0.011440510861575603485 0.023002130910754203796 8.0031662946566939354e-05 0.011635453440248966217 0.0058487998321652412415 0.0029103220440447330475 0.0029231533408164978027 0.011575473472476005554 0.0030221836641430854797 0.0031199960503727197647 0.0032996288500726222992
-9999 -9999 -9999 -9999 -9999 -9999 -9999 -9999 -9999 -9999 -9999 0 0 0.01014497317373752594 0.1514828801155090332 0 0.0017341144848614931107 0.0077149169519543647766 0.013670860789716243744 0.022402269765734672546 0.0080744903534650802612 0.048259433358907699585 0.033832959830760955811 0.042425014078617095947 0.076865732669830322266 0.033900208771228790283 0.0081806974485516548157 0.0024982672184705734253 0.0082842195406556129456 0.013989517465233802795 0.0081530334427952766418 0.008210332132875919342 0.0082531226798892021179 0.0083309868350625038147 0.0028208463918417692184 0 0 0.0083110816776752471924 0 0 0 7.1211557951755821705e-05
-9999 -9999 -9999 -9999 -9999 -9999 -9999 -9999 -9999 -9999 -9999 0 0.0062063452787697315216 0.14231644570827484131 0.00055155059089884161949 0 0.0039488030597567558289 0.010206535458564758301 0.019210608676075935364 0.0050477306358516216278 0.045303877443075180054 0.030960503965616226196 0.039518229663372039795 0.073922999203205108643 0.030923468992114067078 0.0051312055438756942749 0 0.0052829911001026630402 0.010993702337145805359 0.0051281573250889778137 0.0049257972277700901031 0.0048996452242136001587 0.0048899827525019645691 0 0 0.0027576009742915630341 0.0053765885531902313232 0 0.0021907475311309099197 0.0051265717484056949615 0.0082065332680940628052 1.257960684597492218e-05
-9999 -9999 -9999 -9999 -9999 -9999 -9999 -9999 -9999 -9999 0 0 0.12967634201049804688 0.0028800338041037321091 0 0.00023652144591324031353 0.0063841789960861206055 0.015567244961857795715 0.0016830370295792818069 0.042162217199802398682 0.027919443324208259583 0.036591067910194396973 0.071017481386661529541 0.028006644919514656067 0.0022375697735697031021 0 0.002280824584886431694 0.0080073913559317588806 0.0021813733037561178207 0.0019877480808645486832 0.0016229639295488595963 0.0015469394857063889503 0 0.0021874213125556707382 0.0055129351094365119934 0.0085056321695446968079 0.011238511651754379272 0.013987893238663673401 0.016767915338277816772 0 0 0.011778653599321842194
-9999 -9999 -9999 -9999 -9999 -9999 -9999 -9999 -9999 -9999 0 0.11364020407199859619 0.0085561899468302726746 0 0 0.0032295153941959142685 0.012058011256158351898 0 0.038618225604295730591 0.0246250201016664505 0.033486533910036087036 0.068040966987609863281 0.025055363774299621582 0 0 0.0023032166063785552979 0.0050418805330991744995 0 0 0 0 0 0.0019424639176577329636 0.0052749891765415668488 0.0084707979112863540649 0.01145958341658115387 0.014304363168776035309 0.017120728269219398499 0 0.020043922588229179382 0.003096578642725944519 0.0032794529106467962265
-9999 -9999 -9999 -9999 -9999 -9999 -9999 -9999 -9999 0 0 0.10166439414024353027 0.0061710169538855552673 0 0.0001351332030026242137 0.0091541223227977752686 0.012131596915423870087 0.035206150263547897339 0.020971121266484260559 0.030022256076335906982 0.064906634390354156494 0.022078897804021835327 0.0020770577248185873032 0.0050851940177381038666 0.0081246588379144668579 0.010977281257510185242 0.14573301374912261963 0.16284769773483276367 0.1656955331563949585 0.16836079955101013184 0.17077526450157165527 0.17380350828170776367 0.17731890082359313965 0.18056717514991760254 0.18367081880569458008 0.18663363158702850342 0.1894941478967666626 0.1923058927059173584 0.21518434584140777588 0.22103042900562286377 0.24713394045829772949 0.25584802031517028809
-9999 -9999 -9999 -9999 -9999 -9999 -9999 -9999 0 0 0.093091271817684173584 0.0009254910983145236969 0.0035669112112373113632 0 0.0060656839050352573395 0.0092526050284504890442 0.015068586915731430054 0.017953392118215560913 0.026519728824496269226 0.061355642974376678467 0.018903724849224090576 0 0 0.0022046051453799009323 0.11436073482036590576 0.12876656651496887207 0.010912994854152202606 0.0050669074989855289459 0.0079206144437193870544 0.010650165379047393799 0.013207047246396541595 0.016248561441898345947 0.019638335332274436951 0.022807611152529716492 0.025848338380455970764 0.028784167021512985229 0.031637024134397506714 0.034454215317964553833 0.03723498806357383728 0.040187988430261611938 0.043270818889141082764 0.046203922480344772339
-9999 -9999 -9999 -9999 -9999 -9999 -9999 -9999 0 0.00012458478158805519342 0.084252037107944488525 0 0.00078829191625118255615 0.0034442080650478601456 0.0063291164115071296692 0.012180209159851074219 0.015090825967490673065 0.023776033893227577209 0.058238141238689422607 0.015533868223428726196 0.019003134220838546753 0.045132204890251159668 0.073929876089096069336 0.10557207465171813965 0.007975428365170955658 0.0080771129578351974487 0.0023930133320391178131 0 0.0023440481163561344147 0.0051157767884433269501 0.0077731087803840637207 0.010765084996819496155 0.014013625681400299072 0.01708593219518661499 0.020046086981892585754 0.022943777963519096375 0.025791307911276817322 0.46510943770408630371 0.50529408454895019531 0.54556459188461303711 0.58591514825820922852 0.62616711854934692383
-9999 -9999 -9999 -9999 -9999 -9999 -9999 -9999 0 0.069240584969520568848 0.0058689145371317863464 0 0.00065545929828658699989 0.0037223987746983766556 0.0094378804787993431091 0.012295112013816833496 0.020931219682097434998 0.055566601455211639404 0.012675561942160129547 0.015854230150580406189 0.019217668101191520691 0.022340534254908561707 0.025277813896536827087 0.0051545533351600170135 0.0050597623921930789948 0 0 0.0024757175706326961517 0.0052854157984256744385 0.0080967294052243232727 0.010885163210332393646 0.013817655853927135468 0.016886249184608459473 0.01986449025571346283 0.3616370856761932373 0.39615687727928161621 0.43355166912078857422 0.034536324441432952881 0.034650411456823348999 0.034745298326015472412 0.034838858991861343384 0.034873869270086288452
-9999 -9999 -9999 -9999 -9999 -9999 -9999 0 0.057476416230201721191 0.0029522264376282691956 0.00318044307641685009 0 0.00080249633174389600754 0.0068307304754853248596 0.0097162425518035888672 0.018300604075193405151 0.052689146250486373901 0.0096907718107104301453 0.012680446729063987732 0.015836291015148162842 0.019186172634363174438 0.022341856732964515686 0.002354146912693977356 0.0023611027281731367111 0.002260881476104259491 0.0051868394948542118073 0.0082737216725945472717 0.011178250424563884735 0.013909442350268363953 0.016747014597058296204 0.019673937931656837463 0.022558743134140968323 0.30399248003959655762 0.33562648296356201172 0.02846509590744972229 0.031487051397562026978 0.031647451221942901611 0.031812962144613265991 0.031955957412719726562 0.032053522765636444092 0.032130755484104156494 0.043645448982715606689
-9999 -9999 -9999 -9999 -9999 -9999 -9999 0.0024920301511883735657 0.019786400720477104187 0.00057201954768970608711 0.0009010622161440551281 0 0.0040704146958887577057 0.0071606962010264396667 0.015852507203817367554 0.050305642187595367432 0.0070643159560859203339 0.0096772117540240287781 0.012401234358549118042 0.015527834184467792511 0.018946748226881027222 0 0 0 0 0.0023995721712708473206 0.0054428856819868087769 0.0083333104848861694336 0.19486963748931884766 0.22070361673831939697 0.24667023122310638428 0.2753970026969909668 0.025517078116536140442 0.025594383478164672852 0.028598461300134658813 0.02873714640736579895 0.028856910765171051025 0.028980588540434837341 0.029103165492415428162 0.029188431799411773682 0.040744300931692123413 0.03219923749566078186
-9999 -9999 -9999 -9999 -9999 -9999 0 0.022122573107481002808 0.01744772493839263916 0 0 0.00095027929637581110001 0.0040257014334201812744 0.012907556258141994476 0.047515854239463806152 0.0044732387177646160126 0.0072355004958808422089 0.0098498621955513954163 0.012465031817555427551 0.015527831390500068665 0.018903275951743125916 0.042209923267364501953 0.06538928300142288208 0.088520020246505737305 0.12882092595100402832 0.14324058592319488525 0.1605453789234161377 0.18066473305225372314 0.019763318821787834167 0.01976268179714679718 0.022728646174073219299 0.022760424762964248657 0.022738492116332054138 0.025680836290121078491 0.025794805958867073059 0.025894178077578544617 0.025977887213230133057 0.026080179959535598755 0.026210717856884002686 0.037782959640026092529 0.029240559786558151245 0.037918057292699813843
-9999 -9999 -9999 -9999 -9999 0 0 0.0033859272953122854233 0.012212762609124183655 0 0 0.00024273720919154584408 0.009183408692479133606 0.04413129761815071106 0.0013513630256056785583 0.0043161935172975063324 0.0072313514538109302521 0.0099967746064066886902 0.012636674568057060242 0.015684269368648529053 0.016138637438416481018 0.016435697674751281738 0.016635688021779060364 0.034067723900079727173 0.0083828782662749290466 0.011306993663311004639 0.014172165654599666595 0.017054673284292221069 0.017043925821781158447 0.019890144467353820801 0.01991538703441619873 0.019931843504309654236 0.02277337200939655304 0.022780155763030052185 0.022824294865131378174 0.022888617590069770813 0.02296138368546962738 0.023073464632034301758 0.034723956137895584106 0.026243953034281730652 0.034936115145683288574 0.029253307729959487915
-9999 -9999 -9999 -9999 -9999 0 0.0087319845333695411682 0.00061621918575838208199 0.0032887964043766260147 0 0 0.0053107663989067077637 0.040129095315933227539 0 0.0011292088311165571213 0.0042358147911727428436 0.007250458933413028717 0.01007127854973077774 0.012694342061877250671 0.012857064604759216309 0.013313719071447849274 0.013668416067957878113 0.031147478148341178894 0.0055096349678933620453 0.0085727712139487266541 0.011506553739309310913 0.014354061335325241089 0.014370923861861228943 0.017263565212488174438 0.017238518223166465759 0.017205543816089630127 0.020081751048564910889 0.020074702799320220947 0.020050458610057830811 0.020031886175274848938 0.020036149770021438599 0.020066464319825172424 0.031621627509593963623 0.023150598630309104919 0.031909011304378509521 0.026279227808117866516 0.0263288840651512146
-9999 -9999 -9999 -9999 0 0 0.0051827603019773960114 0 0 0 0.0016724854940548539162 0.022163311019539833069 0.0081319194287061691284 0 0.00087949633598327636719 0.0041684969328343868256 0.0072338362224400043488 0.010088384151458740234 0.0098718367516994476318 0.0099839055910706520081 0.010445101186633110046 0.028170706704258918762 0.0026434627361595630646 0.0057171969674527645111 0.0087574534118175506592 0.011705892160534858704 0.011705961078405380249 0.014598126523196697235 0.014638892374932765961 0.014623619616031646729 0.017446298152208328247 0.017437372356653213501 0.017436224967241287231 0.017420206218957901001 0.01738305017352104187 0.017336400225758552551 0.028791967779397964478 0.020175250247120857239 0.028838587924838066101 0.02322564832866191864 0.023366341367363929749 0.023408744484186172485
-9999 -9999 -9999 -9999 0 0.0065373233519494533539 0 0 0 0 0 0.012482927180826663971 0.0044441297650337219238 0 0.00049835152458399534225 0.0039872573688626289368 0.007078570779412984848 0.0071282107383012771606 0.0069826431572437286377 0.0069554387591779232025 0.024522282183170318604 0 0.0025384782347828149796 0.0056637898087501525879 0.0087308995425701141357 0.0088563999161124229431 0.011768292635679244995 0.011803681962192058563 0.011843190528452396393 0.01470265071839094162 0.014647846110165119171 0.014616024680435657501 0.014609459787607192993 0.014614209532737731934 0.014608070254325866699 0.026065755635499954224 0.017429776489734649658 0.02601000666618347168 0.020240604877471923828 0.02032544650137424469 0.020481793209910392761 0.020530270412564277649
-9999 -9999 -9999 0 0 0 0 0 0 0 0 0.003567018778994679451 0 0 0 0.003597539849579334259 0.0038837066385895013809 0.0040857754647731781006 0.0040690419264137744904 0.0095209069550037384033 0.0065273265354335308075 0 0.0019299875712022185326 0.0052410694770514965057 0.0055562537163496017456 0.0086748460307717323303 0.0088104801252484321594 0.0088668027892708778381 0.011775427497923374176 0.011766760610044002533 0.011695549823343753815 0.011630741879343986511 0.01160816289484500885 0.011650331318378448486 0.023201834410429000854 0.014626175165176391602 0.023267779499292373657 0.017513964325189590454 0.017458027228713035583 0.017481874674558639526 0.017611008137464523315 0.017676414921879768372
