tests/data/reference/gistest/full/control/mqrill_m3_s.asc
ncols        125
nrows        78
xllcorner    -713756.799299980048
yllcorner    -1061032.369616159936
cellsize     10.000000000000
NODATA_value  -9999
[rows 18 to 35 of 78, columns 0 to 40 of 125]
-9999 -9999 -9999 -9999 -9999 -9999 -9999 -9999 -9999 -9999 -9999 -9999 -9999 -9999 -9999 -9999 -9999 -9999 0.00069182040169835090637 0.011892724782228469849 0.019117409363389015198 0.025942089036107063293 0.068543329834938049316 0.0003211081202607601881 0.00060289812972769141197 0.066441588103771209717 0 0.071171306073665618896 0.046649169176816940308 0.00066745851654559373856 0.057738438248634338379 0.0084516415372490882874 0.012352920137345790863 0.0088400971144437789917 0.03666513785719871521 0.0051643359474837779999 0.039637949317693710327 0.080284059047698974609 0.034861892461776733398 0.038659323006868362427 0.037720434367656707764
-9999 -9999 -9999 -9999 -9999 -9999 -9999 -9999 -9999 -9999 -9999 -9999 -9999 -9999 -9999 -9999 -9999 0.00034915868309326469898 0.0042785834521055221558 0.015358970500528812408 0.022159276530146598816 0.095419876277446746826 0.0038704858161509037018 0.0005065371515229344368 0.00099981867242604494095 0 0.064443819224834442139 0.06957089155912399292 0.049487952142953872681 0.00075793114956468343735 0.058134023100137710571 0.012260536663234233856 0.0013624298153445124626 0.027193551883101463318 0.036060389131307601929 0.0088702393695712089539 0.042507901787757873535 0.081042625010013580322 0.036673910915851593018 0.039240702986717224121 0.038103364408016204834
-9999 -9999 -9999 -9999 -9999 -9999 -9999 -9999 -9999 -9999 -9999 -9999 -9999 -9999 -9999 -9999 2.0300121832406148314e-05 0.0039449310861527919769 0.0078427707776427268982 0.018637979403138160706 0.11816727370023727417 0.0065969247370958328247 0 0.0042670438997447490692 0 0 0.072887361049652099609 0.068351738154888153076 0.049181647598743438721 0.0045245997607707977295 0.058672845363616943359 0.015935121104121208191 0.0013796790735796093941 0.034377023577690124512 0.035453848540782928467 0.012551398947834968567 0.044847801327705383301 0.080934025347232818604 0.037794258445501327515 0.039467863738536834717 0.038440760225057601929
-9999 -9999 -9999 -9999 -9999 -9999 -9999 -9999 -9999 -9999 -9999 -9999 -9999 -9999 -9999 -9999 0.0033164678607136011124 0.0069524077698588371277 0.010303522460162639618 0.13566836714744567871 0.01320367027074098587 0 0 0 0 0.021059315651655197144 0.071392633020877838135 0.067310921847820281982 0.049883436411619186401 0.0083063682541251182556 0.059681106358766555786 0.0012877726694568991661 0.019500140100717544556 0.041382685303688049316 0.034824892878532409668 0.016180461272597312927 0.04628329351544380188 0.080040849745273590088 0.038142658770084381104 0.039346572011709213257 0.038761347532272338867
-9999 -9999 -9999 -9999 -9999 -9999 -9999 -9999 -9999 -9999 -9999 -9999 -9999 -9999 -9999 -9999 0.0059924246743321418762 0.0092013888061046600342 0.010369529947638511658 0.14505714178085327148 0 0 0 0 0.0028398397844284772873 0.024614090099930763245 0.070431999862194061279 0.066746897995471954346 0.050668623298406600952 0.012041775509715080261 0.061228867620229721069 0.0012811375781893730164 0.0050800275057554244995 0.022807108238339424133 0.076210848987102508545 0.019700102508068084717 0.046665985137224197388 0.079342477023601531982 0.0014146160101518034935 0.078582189977169036865 0.039190903306007385254
-9999 -9999 -9999 -9999 -9999 -9999 -9999 -9999 -9999 -9999 -9999 -9999 -9999 -9999 -9999 0 0.0065002874471247196198 0.024943768978118896484 0.14662934839725494385 0 0 0 0 0 0.025250412523746490479 0.028375389054417610168 0.070535048842430114746 0.066927492618560791016 0.052104126662015914917 0.015651034191250801086 0.063118889927864074707 0.0012611963320523500443 0.0050763506442308425903 0.0088175609707832336426 0.025812933221459388733 0.098965786397457122803 0.04602329060435295105 0.078785918653011322021 0.0015131812542676925659 0.080275975167751312256 0.039759144186973571777
-9999 -9999 -9999 -9999 -9999 -9999 -9999 -9999 -9999 -9999 -9999 -9999 -9999 -9999 -9999 0 0.16654571890830993652 0.17337630689144134521 0.0029090526513755321503 0 0 0 0 0.0010684790322557091713 0.0018300666706636548042 0.02827288210391998291 0.073230795562267303467 0.066691063344478607178 0.053329199552536010742 0.019551496952772140503 0.0016137068159878253937 0.065109163522720336914 0.005058863665908575058 0.0087803844362497329712 0.012407415546476840973 0.12679380178451538086 0.045228973031044006348 0.078211225569248199463 0.001549693988636136055 0.081764072179794311523 0.04033678397536277771
-9999 -9999 -9999 -9999 -9999 -9999 -9999 -9999 -9999 -9999 -9999 -9999 -9999 -9999 -9999 0.15826180577278137207 0 0 0 0 0 0 0.0083373654633760452271 0.013957979157567024231 0.0048071020282804965973 0.0055193142034113407135 0.031608819961547851562 0.14170858263969421387 0.054580159485340118408 0.022945901378989219666 0.0016850670799612998962 0.00548104848712682724 0.066716723144054412842 0.0091321663931012153625 0.012275919318199157715 0.015811564400792121887 0.17286601662635803223 0.0014210731023922562599 0.077725380659103393555 0.0052888095378875732422 0.12273436784744262695
-9999 -9999 -9999 -9999 -9999 -9999 -9999 -9999 -9999 -9999 -9999 -9999 -9999 0 0 0.016318533569574356079 0.0013634214410558342934 0 0 0 0 0 0.021119054406881332397 0.011427920311689376831 0.017339864745736122131 0.0085073616355657577515 0.0088990852236747741699 0.15350887179374694824 0.055031385272741317749 0.025715144351124763489 0.0053659803234040737152 0.0016106831608340144157 0.0091724833473563194275 0.065962389111518859863 0.012569122016429901123 0.016043405979871749878 0.019223490729928016663 0.17221745848655700684 0.0052385982125997543335 0.077140212059020996094 0.0089900763705372810364
-9999 -9999 -9999 -9999 -9999 -9999 -9999 -9999 -9999 -9999 -9999 -9999 -9999 -9999 0 0.00075681175803765654564 0.0007862549973651766777 0 0 0 0 0.011734236031770706177 0.014324902556836605072 0.040624663233757019043 0.057000234723091125488 0.078508779406547546387 0.090495124459266662598 0.10181722790002822876 0.15202227234840393066 0.053952943533658981323 0.027766749262809753418 0.0089947832748293876648 0.0052789044566452503204 0.012601868249475955963 0.064676709473133087158 0.015978127717971801758 0.019605575129389762878 0.02298123575747013092 0.17207084596157073975 0.0089598689228296279907 0.076588444411754608154
-9999 -9999 -9999 -9999 -9999 -9999 -9999 -9999 -9999 -9999 -9999 -9999 -9999 -9999 -9999 -9999 0 0 0 0 0.0089911017566919326782 0.012670106254518032074 0.01642166823148727417 0.020269760861992835999 0.024195158854126930237 0.028126465156674385071 0.032021574676036834717 0.035469226539134979248 0.139369964599609375 0.28834602236747741699 0.053033571690320968628 0.029057649895548820496 0.012316080741584300995 0.0085752038285136222839 0.015695562586188316345 0.063918426632881164551 0.019537590444087982178 0.022802408784627914429 0.025706529617309570312 0.17136883735656738281 0.013004884123802185059
-9999 -9999 -9999 -9999 -9999 -9999 -9999 -9999 -9999 -9999 -9999 -9999 -9999 -9999 -9999 -9999 -9999 0 0 0.0051638018339872360229 0.008551163598895072937 0.012090963311493396759 0.015661576762795448303 0.01944697648286819458 0.023315900936722755432 0.026993177831172943115 0.030382396653294563293 0.033058632165193557739 0.034700077027082443237 0.035494446754455566406 0.32350531220436096191 0.37830412387847900391 0.40375703573226928711 0.015249399468302726746 0.011827735230326652527 0.018810946494340896606 0.063479974865913391113 0.07756640017032623291 0.095911189913749694824 0.02779816649854183197 0.17072620987892150879
-9999 -9999 -9999 -9999 -9999 -9999 -9999 -9999 -9999 -9999 -9999 -9999 -9999 -9999 -9999 -9999 -9999 0 0 0.0073677483014762401581 0.010901466943323612213 0.013977837748825550079 0.14791373908519744873 0.14707984030246734619 0.14668984711170196533 0.14635679125785827637 0.14604589343070983887 0.14555966854095458984 0.14487947523593902588 0.14441961050033569336 0.14418534934520721436 0.14372935891151428223 0.14307498931884765625 0.51906156539916992188 0.52100288867950439453 0.52192902565002441406 0.5258439183235168457 0.52540409564971923828 0.52499169111251831055 0.5995693206787109375 0.60769277811050415039
-9999 -9999 -9999 -9999 -9999 -9999 -9999 -9999 -9999 -9999 -9999 -9999 -9999 -9999 -9999 -9999 0 0 0.0073307030834257602692 0.075151830911636352539 0.096229866147041320801 0.13962924480438232422 0.01776981353759765625 0.038586143404245376587 0.060296598821878433228 0.059586733579635620117 0.10487029701471328735 0.1267331242561340332 0.14977137744426727295 0.1492297053337097168 0.14888593554496765137 0.14839018881320953369 0.1477101743221282959 0.14691117405891418457 0.14587816596031188965 0.14530804753303527832 0.1452980339527130127 0.3745397031307220459 0.37575435638427734375 0.37788116931915283203 0.39344832301139831543
-9999 -9999 -9999 -9999 -9999 -9999 -9999 -9999 -9999 -9999 -9999 -9999 -9999 -9999 -9999 0 0 0.038750004023313522339 0.063561499118804931641 0.017988277599215507507 0.076438695192337036133 0.016575379297137260437 0.01805241219699382782 0.019638501107692718506 0.020920731127262115479 0.043703280389308929443 0.021409781649708747864 0.022489666938781738281 0.022303339093923568726 0.023424871265888214111 0.025108270347118377686 0.02633452974259853363 0.12052674591541290283 0.14034609496593475342 0.16313847899436950684 0.18772712349891662598 0.25153496861457824707 0.0083111748099327087402 0.012306459248065948486 0.026260061189532279968 0.024630121886730194092
-9999 -9999 -9999 -9999 -9999 -9999 -9999 -9999 -9999 -9999 -9999 -9999 -9999 -9999 -9999 0 0.012276841327548027039 0.020257612690329551697 0.018893301486968994141 0.077265083789825439453 0.014819124713540077209 0.016424953937530517578 0.018410187214612960815 0.019891733303666114807 0.020527776330709457397 0.020309859886765480042 0.022655477747321128845 0.021332416683435440063 0.022272931411862373352 0.04661828652024269104 0.071204118430614471436 0.093651942908763885498 0.02043992653489112854 0.023332951590418815613 0.024627877399325370789 0.064436160027980804443 0.0046116984449326992035 0.0083659710362553596497 0.02394637279212474823 0.02138743177056312561 0.01894800923764705658
-9999 -9999 -9999 -9999 -9999 -9999 -9999 -9999 -9999 -9999 -9999 -9999 -9999 -9999 0 0.006136729847639799118 0.018096899613738059998 0.019062213599681854248 0.078166186809539794922 0.013016251847147941589 0.014984006062150001526 0.017389111220836639404 0.018639128655195236206 0.019548075273633003235 0.018975498154759407043 0.023236341774463653564 0.02058040909469127655 0.02113104797899723053 0.022162364795804023743 0.023258024826645851135 0.02195352502167224884 0.018077528104186058044 0.022129181772470474243 0.024162743240594863892 0.064699657261371612549 0.00108855485450476408 0.0048799021169543266296 0.022088730707764625549 0.018546776846051216125 0.015600213780999183655 0.015754850581288337708
-9999 -9999 -9999 -9999 -9999 -9999 -9999 -9999 -9999 -9999 -9999 -9999 -9999 0 0 0.015336342155933380127 0.018650025129318237305 0.078731007874011993408 0.010338274762034416199 0.01293541397899389267 0.016266541555523872375 0.017823662608861923218 0.018731556832790374756 0.017254730686545372009 0.023536885157227516174 0.01974245905876159668 0.020174888893961906433 0.02093064039945602417 0.022120688110589981079 0.019804999232292175293 0.015109506435692310333 0.020241428166627883911 0.023113945499062538147 0.052779506891965866089 0.0085668694227933883667 0.0011475578648969531059 0.019754664972424507141 0.015393837355077266693 0.012135902419686317444 0.012249227613210678101 0.021450886502861976624
