tests/data/reference/gistest/full/control/mqrill_m3_s.asc
ncols        125
nrows        78
xllcorner    -713756.799299980048
yllcorner    -1061032.369616159936
cellsize     10.000000000000
NODATA_value  -9999
[rows 36 to 53 of 78, columns 42 to 83 of 125]
0.0065315789543092250824 0.0065535851754248142242 0.0036692020948976278305 0.0036931186914443969727 0.0037431358359754085541 0.0037885648198425769806 0.0043761623091995716095 0.0043481537140905857086 0.024346115067601203918 0.0071186721324920654297 0.006950008682906627655 0.00094222702318802475929 0.0040252534672617912292 0.0070158606395125389099 3.2779715061187744141 3.3128182888031005859 3.342105865478515625 3.3883404731750488281 0.038770638406276702881 0.012934349477291107178 0.021571006625890731812 0.018719021230936050415 0.015874955803155899048 0.024496996775269508362 0.041704971343278884888 0.10212203860282897949 0.058806501328945159912 0.061574641615152359009 0.07295141369104385376 0.064236611127853393555 0.058381639420986175537 0.0007490668795071542263 0.64153677225112915039 0.090278498828411102295 0.047101631760597229004 0.038306921720504760742 0.041061922907829284668 0.034721571952104568481 0.38478386402130126953 0.031970258802175521851 0.083741143345832824707 0.20454670488834381104
0.0035141571424901485443 0.00071643327828496694565 0.000697377021424472332 0.00071968033444136381149 0.00077820784645155072212 0.00082288886187598109245 0.00085751240840181708336 0.020949261263012886047 0.004143334459513425827 0.0040876725688576698303 0.0040542376227676868439 0.0070645879022777080536 0.010170292109251022339 0.013133100233972072601 0.015891896560788154602 0.018884664401412010193 0.022114248946309089661 0.025166459381580352783 3.4180436134338378906 3.4613325595855712891 3.4787604808807373047 3.5048363208770751953 3.5280737876892089844 3.5483663082122802734 3.5771932601928710938 3.6232283115386962891 3.72974395751953125 3.7932271957397460938 0.063856877386569976807 0.075472444295883178711 0.066975235939025878906 0.061382703483104705811 0.0039770854637026786804 0.73709654808044433594 0.050096616148948669434 0.041162353008985519409 0.043849311769008636475 0.037918258458375930786 0.38758754730224609375 0.034861452877521514893 0.086667433381080627441 0.2105143815279006958
0.00048879324458539485931 0.0035123671405017375946 0.0063707730732858181 0.0092674084007740020752 0.012199689634144306183 0.015112034045159816742 0.018006388098001480103 0.00072803423972800374031 0.00062472035642713308334 0.00062183354748412966728 0.0012514754198491573334 0.0043330644257366657257 0.0074007376097142696381 0.010346855036914348602 1.5343832969665527344 1.5975892543792724609 1.6724942922592163086 1.7386699914932250977 1.8047320842742919922 1.8679139614105224609 1.9138627052307128906 1.9598202705383300781 2.0057981014251708984 2.0518872737884521484 2.08356475830078125 2.1151955127716064453 2.1467838287353515625 2.1495378017425537109 5.9483532905578613281 6.0176529884338378906 0.078205466270446777344 0.069832935929298400879 0.06439294666051864624 0.74593007564544677734 0.052878867834806442261 0.043946333229541778564 0.046691555529832839966 0.040840853005647659302 0.39092797040939331055 0.037777349352836608887 0.08097432553768157959 0.22311218082904815674
0.00045639893505722284317 0.0034683949779719114304 0.0063010202720761299133 0.0091711562126874923706 0.012085170485079288483 0.015012208372354507446 0.0179368630051612854 0.020791321992874145508 0.023569853976368904114 0.026441229507327079773 0.029423415660858154297 0.032367721199989318848 1.4589978456497192383 1.5192558765411376953 0.05819859728217124939 0.069729372859001159668 0.061246767640113830566 0.061299793422222137451 0.05842705070972442627 0.041190899908542633057 0.04116188734769821167 0.041121859103441238403 0.041611965745687484741 0.027182187885046005249 0.027077848091721534729 0.026954878121614456177 0.0268192291259765625 0.070030987262725830078 0.10173652321100234985 0.10450161248445510864 6.12743377685546875 6.2112321853637695312 6.2868170738220214844 6.3561792373657226562 0.80338072776794433594 0.046646859496831893921 0.049619834870100021362 0.043867114931344985962 0.39401346445083618164 0.032646063715219497681 0 0.23426319658756256104
0.0033903222065418958664 0.00630844850093126297 0.0090898796916007995605 0.011913426220417022705 0.014795350842177867889 0.017742384225130081177 0.020730452612042427063 0.023642897605895996094 0.026487454771995544434 0.029329733923077583313 0.032188218086957931519 1.4214979410171508789 0.055269997566938400269 0.055354032665491104126 0.066887311637401580811 0.058382105082273483276 0.058500852435827255249 0.055691376328468322754 0.038487508893013000488 0.03849592059850692749 0.038488943129777908325 0.038464672863483428955 0.024068756029009819031 0.024017663672566413879 0.023958811536431312561 0.02388012222945690155 0.03869950026273727417 0.027116825804114341736 0.37720078229904174805 0.43742990493774414062 0.46607002615928649902 0.4921188056468963623 0.48593834042549133301 0.498149871826171875 6.8584265708923339844 0.85478514432907104492 0.052115369588136672974 0.046726278960704803467 0.00079537747660651803017 0.29254028201103210449 0.096269756555557250977 0.23708643019199371338
0.014860719442367553711 0.017707530409097671509 0.020460028201341629028 0.023284174501895904541 0.026198975741863250732 0.029148746281862258911 0.032117776572704315186 0.035040128976106643677 0.037931825965642929077 1.3296222686767578125 1.3840830326080322266 0.052246194332838058472 0.052355874329805374146 0.063905917108058929443 0.055336546152830123901 0.055411573499441146851 0.052659310400485992432 0.035514809191226959229 0.035558961331844329834 0.035601399838924407959 0.03562656790018081665 0.021263053640723228455 0.02124342694878578186 0.021232992410659790039 0.021217629313468933105 0.035553351044654846191 0.024030245840549468994 0.37421661615371704102 0.055520020425319671631 0.024360818788409233093 0.021257024258375167847 0.021124841645359992981 0.053128380328416824341 0.06737162172794342041 0.09873320162296295166 6.9620447158813476562 0.85740613937377929688 0.055403415113687515259 0.040265183895826339722 0.43689447641372680664 0.09899912029504776001 0.24032045900821685791
0.26444262266159057617 0.26723760366439819336 0.26999199390411376953 0.27285873889923095703 0.27583435177803039551 0.27874332666397094727 0.28158691525459289551 0.28444048762321472168 1.2864153385162353516 0.049251422286033630371 0.049263413995504379272 0.049344040453433990479 0.060921806842088699341 0.052366118878126144409 0.052376441657543182373 0.049548737704753875732 0.032424960285425186157 0.032504547387361526489 0.032557610422372817993 0.032627053558826446533 0.018331903964281082153 0.018354644998908042908 0.01835926249623298645 0.018367379903793334961 0.032746650278568267822 0.021261474117636680603 0.37149676680564880371 0.052837066352367401123 0.021245632320642471313 0.018320072442293167114 0.01820546761155128479 0.027262467890977859497 0.018622800707817077637 0.018642218783497810364 0.018269374966621398926 0.027027532458305358887 6.9937734603881835938 7.8579397201538085938 7.7409772872924804688 0.50142472982406616211 0.10152062028646469116 0.24302040040493011475
0.049018744379281997681 0.051854096353054046631 0.05470927804708480835 0.057627480477094650269 0.060598123818635940552 0.0634555816650390625 0.066211529076099395752 0.99635177850723266602 0.046147167682647705078 0.046269252896308898926 0.046350535005331039429 0.057880379259586334229 0.049331124871969223022 0.049370296299457550049 0.046503774821758270264 0.029297895729541778564 0.029368340969085693359 0.029424931854009628296 0.029459411278367042542 0.015181731432676315308 0.015295483171939849854 0.015371528454124927521 0.0154040483757853508 0.029801042750477790833 0.018349340185523033142 0.36863437294960021973 0.049976296722888946533 0.018418742343783378601 0.015578067861497402191 0.015577544458210468292 0.024161905050277709961 0.015498979948461055756 0.015999222174286842346 0.015883741900324821472 0.015803314745426177979 0.015635788440704345703 0.024703793227672576904 0.041204851120710372925 0.042274430394172668457 7.97731781005859375 0.50397002696990966797 0.34980231523513793945
0.65198546648025512695 0.69793158769607543945 0.70082843303680419922 0.70368075370788574219 0.7065060734748840332 0.87874209880828857422 0.92453616857528686523 0.043079081922769546509 0.043113231658935546875 0.043260250240564346313 0.054869133979082107544 0.046304706484079360962 0.046333801001310348511 0.043509840965270996094 0.02631273120641708374 0.026326481252908706665 0.02636179700493812561 0.026388838887214660645 0.012028510682284832001 0.01208964083343744278 0.012222342193126678467 0.012326959520578384399 0.02676031552255153656 0.015322290360927581787 0.36564925312995910645 0.04700211063027381897 0.015443857759237289429 0.012622902169823646545 0.012683474458754062653 0.021329089999198913574 0.012708397582173347473 0.012704896740615367889 0.012691989541053771973 0.013147105462849140167 0.012958204373717308044 0.012996542267501354218 0.0059879766777157783508 0 0.0389405079185962677 0.031529303640127182007 8.0256786346435546875 8.8987751007080078125
0.040590517222881317139 0.037724968045949935913 0.080859206616878509521 0.12392792105674743652 0.16693353652954101562 0.040484085679054260254 0.04039540514349937439 0.040274124592542648315 0.040146958082914352417 0.051650907844305038452 0.043180733919143676758 0.043248727917671203613 0.040410105139017105103 0.023278452455997467041 0.023379957303404808044 0.023412514477968215942 0.023420356214046478271 0.0090666608884930610657 0.0090463086962699890137 0.0090515147894620895386 0.0091200117021799087524 0.023590171709656715393 0.012195800431072711945 0.3625538945198059082 0.04390169680118560791 0.012357817031443119049 0.0095233172178268432617 0.0096012083813548088074 0.018316406756639480591 0.0097388746216893196106 0.0097481207922101020813 0.0097778057679533958435 0.0098170414566993713379 0.0097661120817065238953 0.010142689570784568787 0.010045470669865608215 0.026460634544491767883 0 0.010603924281895160675 0.013443588279187679291 0.016340365633368492126 0.008253965526819229126
0.035032484680414199829 0.037898026406764984131 0.037914063781499862671 0.037890087813138961792 0.037814170122146606445 0.037752877920866012573 0.03769006580114364624 0.037568591535091400146 0.048856873065233230591 0.040139306336641311646 0.040192969143390655518 0.037333514541387557983 0.020069481804966926575 0.02018473111093044281 0.020371485501527786255 0.020437777042388916016 0.0060611786320805549622 0.0060750413686037063599 0.0060972585342824459076 0.0060862144455313682556 0.020450882613658905029 0.0090345721691846847534 0.35946372151374816895 0.040802750736474990845 0.0092356065288186073303 0.0063934470526874065399 0.0064227278344333171844 0.01514799799770116806 0.0066782082431018352509 0.0067485729232430458069 0.0067637343890964984894 0.006819366011768579483 0.006901058834046125412 0.0068940771743655204773 0.006774286273866891861 0.029679624363780021667 0 0 0.0013506157556548714638 0.0042704381048679351807 0.0072603267617523670197 0.010102434083819389343
0.035110659897327423096 0.03513596951961517334 0.035150963813066482544 0.035129576921463012695 0.035058349370956420898 0.034983072429895401001 0.034921824932098388672 0.046327266842126846313 0.037575121968984603882 0.037422876805067062378 0.034481104463338851929 0.017142776399850845337 0.016959661617875099182 0.017017848789691925049 0.017285274341702461243 0.0030263094231486320496 0.0030052675865590572357 0.0030391186010092496872 0.003117236308753490448 0.017520088702440261841 0.0060114352963864803314 0.35639530420303344727 0.037768140435218811035 0.0062088435515761375427 0.0033109828364104032516 0.0032983873970806598663 0.011911264620721340179 0.0034044771455228328705 0.0036159912124276161194 0.0037217258941382169724 0.0037487600930035114288 0.0038264370523393154144 0.0039415545761585235596 0.0039887540042400360107 0.026938378810882568359 0.0010184173006564378738 0 0.0006741504184901714325 0.010128047317266464233 0.013103284873068332672 0.016167126595973968506 0.019135214388370513916
0.03223929181694984436 0.032287448644638061523 0.032319631427526473999 0.032319556921720504761 0.032276034355163574219 0.032203383743762969971 0.043604563921689987183 0.034931387752294540405 0.034851886332035064697 0.031848929822444915771 0.014485974796116352081 0.014317874796688556671 0.014053103514015674591 0.014020959846675395966 0 1.0161184945900458843e-05 0 1.6410644093411974609e-05 0.014461922459304332733 0.0030330710578709840775 0.3534176945686340332 0.034724999219179153442 0.0032398502808064222336 0.00039407226722687482834 0.00034169477294199168682 0.0089288372546434402466 0.0002837914216797798872 0.00038004125235602259636 0.00057931087212637066841 0.00068098853807896375656 0.00070545234484598040581 0.00078682380262762308121 0.00091554888058453798294 0.024017309769988059998 0.0039775352925062179565 0.0068438663147389888763 0.0027530135121196508408 0.17757615447044372559 0.22011537849903106689 0.22311143577098846436 0.22621078789234161377 0.22920817136764526367
0.029305158182978630066 0.029363954439759254456 0.029417201876640319824 0.029447628185153007507 0.029446156695485115051 0.040882680565118789673 0.032180204987525939941 0.03211566433310508728 0.029209628701210021973 0.011882626451551914215 0.011739132925868034363 0.011570383794605731964 0.011329927481710910797 0 0.002724738558754324913 0.0056644887663424015045 0.0085283694788813591003 0.011398996226489543915 0 0.35038039088249206543 0.031707186251878738403 0.00020702734764199703932 0.00032488509896211326122 0.0032335033174604177475 0.0060598938725888729095 0.00028644944541156291962 0.0031583840027451515198 0.0061078406870365142822 0.0091290157288312911987 0.012071528472006320953 0.014947389252483844757 0.017870187759399414062 0.020838584750890731812 0.00087532919133082032204 0.001050054444931447506 0.047070674598217010498 0.16367669403553009033 0.030208263546228408813 0.0071742706932127475739 0.010591610334813594818 0.013682603836059570312 0.016696752980351448059
0.026351045817136764526 0.026402968913316726685 0.026467412710189819336 0.026522187516093254089 0.038042455911636352539 0.029413530603051185608 0.029341481626033782959 0.026415774598717689514 0.0091755529865622520447 0.0091128125786781311035 0.0089720170944929122925 0.0088314674794673919678 0.12357079982757568359 0.12630592286586761475 0.12913772463798522949 0.13200360536575317383 0.1348736882209777832 0.13771484792232513428 0.34735441207885742188 0.028642321005463600159 7.6202617492526769638e-05 0.003060660557821393013 0.0060210372321307659149 0.0089294221252202987671 0.011779883876442909241 0.014659460633993148804 0.01756794564425945282 0.020526275038719177246 0.023526735603809356689 0.026455862447619438171 0.029325585812330245972 0.032198544591665267944 0.03507580980658531189 0.038067825138568878174 0.041139554232358932495 0.11874716728925704956 0 0.0043656551279127597809 0.0010600460227578878403 0.0045047458261251449585 0.007557227741926908493 0.010567970573902130127
0.023386867716908454895 0.023410467430949211121 0.023468811064958572388 0.035025306046009063721 0.026481488719582557678 0.026506811380386352539 0.023604584857821464539 0.0063333399593830108643 0.0063363742083311080933 0.0062933559529483318329 0.0061772875487804412842 0.12099004536867141724 0.026113837957382202148 0.054722119122743606567 0.060321114957332611084 0.091871157288551330566 0.15509292483329772949 0.20389446616172790527 0.025729076936841011047 0.022929027676582336426 0.025993175804615020752 0.028943989425897598267 0.031816098839044570923 0.034701451659202575684 0.03758601844310760498 0.04049665108323097229 0.043433375656604766846 0.095254927873611450195 0.098271131515502929688 0.10120965540409088135 0.10409191250801086426 0.10690854489803314209 0.10964453220367431641 0.11254599690437316895 0.11560679227113723755 0.023865323513746261597 0 0.0010223537683486938477 0.0039806216955184936523 0.0069123427383601665497 0.010370012372732162476 0.01337742246687412262
0.020484523847699165344 0.02047118358314037323 0.031981650739908218384 0.023424101993441581726 0.023503184318542480469 0.020685788244009017944 0.0034720748662948608398 0.0034653819166123867035 0.0034501636400818824768 0.0034123682416975498199 0.11824502050876617432 0.02338880486786365509 0.023370716720819473267 0.00026816979516297578812 0.025909766554832458496 0.057421505451202392578 0.043098088353872299194 0.02299904264509677887 0.020079372450709342957 0.025912418961524963379 0.028993660584092140198 0.0319060496985912323 0.034672509878873825073 0.037499632686376571655 0.040387839078903198242 0.043303623795509338379 0.046243391931056976318 0.00043798852129839360714 0.0035094618797302246094 0.0064967093057930469513 0.0094279879704117774963 0.012216490693390369415 0.014811040833592414856 0.017630018293857574463 0.020706564188003540039 0.00077229004818946123123 0 0.007243340369313955307 0.010208260267972946167 0.013158839195966720581 0.01609654352068901062 0.019511271268129348755
0.01765062287449836731 0.029100783169269561768 0.020456740632653236389 0.020471861585974693298 0.017658498138189315796 0.00047896598698571324348 0.0005440001259557902813 0.00055363768478855490685 0.00051437533693388104439 0.11540620028972625732 0.020549723878502845764 0.020542306825518608093 0.020575312897562980652 0.023339387029409408569 0.054661922156810760498 0.040171284228563308716 0.020136784762144088745 0.017298631370067596436 0.023041613399982452393 0.031778812408447265625 0.057857565581798553467 0.060760013759136199951 0.063486963510513305664 0.066245645284652709961 0.069060757756233215332 0.071943596005439758301 0.074881978332996368408 0.077920511364936828613 0.081016272306442260742 0.084034517407417297363 0.08700119704008102417 0.08977899700403213501 0.092300951480865478516 0.16977579891681671143 0.17574839293956756592 0.17879828810691833496 0.054512664675712585449 0.18528446555137634277 0.18823854625225067139 0.19119043648242950439 0.19413889944553375244 0.19699990749359130859
