tests/data/reference/gistest/full/control/mqrill_m3_s.asc
ncols        125
nrows        78
xllcorner    -713756.799299980048
yllcorner    -1061032.369616159936
cellsize     10.000000000000
NODATA_value  -9999
[rows 19 to 37 of 78, columns 0 to 40 of 125]
-9999 -9999 -9999 -9999 -9999 -9999 -9999 -9999 -9999 -9999 -9999 -9999 -9999 -9999 -9999 -9999 -9999 0 0.0025699855759739875793 0.011253365315496921539 0.016798166558146476746 0.088282220065593719482 0.002281519351527094841 0 0.00014071394980419427156 0 0.083055756986141204834 0.084211587905883789062 0.081623673439025878906 0 0.067979708313941955566 0.0089397076517343521118 0.00049087032675743103027 0.020678721368312835693 0.075671911239624023438 0.0062981499359011650085 0.053171321749687194824 0.072404205799102783203 0.032670345157384872437 0.043736919760704040527 0.049518968909978866577
-9999 -9999 -9999 -9999 -9999 -9999 -9999 -9999 -9999 -9999 -9999 -9999 -9999 -9999 -9999 -9999 0 0.0023595469538122415543 0.0054092826321721076965 0.013991680927574634552 0.11113557964563369751 0.0044572134502232074738 0 0.0025980067439377307892 0 0 0.095194429159164428711 0.086748674511909484863 0.084372587502002716064 0.0028301458805799484253 0.070991203188896179199 0.011895528063178062439 0.00050867040408775210381 0.026416111737489700317 0.078527636826038360596 0.0091708675026893615723 0.056054729968309402466 0.075292229652404785156 0.035563502460718154907 0.046627834439277648926 0.052405212074518203735
-9999 -9999 -9999 -9999 -9999 -9999 -9999 -9999 -9999 -9999 -9999 -9999 -9999 -9999 -9999 -9999 0.0018367500742897391319 0.0046826293691992759705 0.0073098880238831043243 0.13034982979297637939 0.010231482796370983124 0 0 0 0 0.015574282035231590271 0.097465664148330688477 0.089311428368091583252 0.087221793830394744873 0.0057896403595805168152 0.073943786323070526123 0.00041871616849675774574 0.01486380305141210556 0.032143834978342056274 0.0813921317458152771 0.012047152966260910034 0.058890055865049362183 0.078071512281894683838 0.038345411419868469238 0.049447283148765563965 0.05525657162070274353
-9999 -9999 -9999 -9999 -9999 -9999 -9999 -9999 -9999 -9999 -9999 -9999 -9999 -9999 -9999 -9999 0.0040042484179139137268 0.006559014786034822464 0.0078084962442517280579 0.14734759926795959473 0 0 0 0 0.0033571578096598386765 0.018446657806634902954 0.10022161900997161865 0.09230909496545791626 0.090246789157390594482 0.0087552741169929504395 0.076841972768306732178 0.00041302267345599830151 0.0033579457085579633713 0.017765985801815986633 0.11874231696128845215 0.01490868348628282547 0.061731945723295211792 0.080915890634059906006 0.00054264563368633389473 0.09302215278148651123 0.058133229613304138184
-9999 -9999 -9999 -9999 -9999 -9999 -9999 -9999 -9999 -9999 -9999 -9999 -9999 -9999 -9999 0 0.0048297848552465438843 0.022494038566946983337 0.15533536672592163086 0 0 0 0 0 0.024241372942924499512 0.021583165973424911499 0.10397306084632873535 0.096065863966941833496 0.093819066882133483887 0.011688511818647384644 0.079691275954246520996 0.00039465850568376481533 0.0033570101950317621231 0.0062715806998312473297 0.020639248192310333252 0.13883078098297119141 0.064600475132465362549 0.083848036825656890869 0.00063961092382669448853 0.098835490643978118896 0.061025604605674743652
-9999 -9999 -9999 -9999 -9999 -9999 -9999 -9999 -9999 -9999 -9999 -9999 -9999 -9999 -9999 0 0.19999772310256958008 0.1948684006929397583 0.0015546311624348163605 0 0 0 0 0.00030493011581711471081 0.0060886754654347896576 0.027426201850175857544 0.13199084997177124023 0.099369011819362640381 0.097011134028434753418 0.015130814164876937866 0.00082323065726086497307 0.082660652697086334229 0.0033439104445278644562 0.0062418640591204166412 0.0090909609571099281311 0.16462025046348571777 0.067437276244163513184 0.086738631129264831543 0.00067585922079160809517 0.10459195822477340698 0.063887268304824829102
-9999 -9999 -9999 -9999 -9999 -9999 -9999 -9999 -9999 -9999 -9999 -9999 -9999 -9999 -9999 0.21935667097568511963 0 0 0 0 0 0 0.0065653561614453792572 0.012768836691975593567 0.0033189475070685148239 0.0095870224758982658386 0.030943088233470916748 0.23704253137111663818 0.1001548469066619873 0.018258666619658470154 0.00089244212722405791283 0.0039188964292407035828 0.086072526872158050537 0.0066815642639994621277 0.0089824786409735679626 0.011828758753836154938 0.23728477954864501953 0.00054976087994873523712 0.089705385267734527588 0.0035521551035344600677 0.17347452044486999512
-9999 -9999 -9999 -9999 -9999 -9999 -9999 -9999 -9999 -9999 -9999 -9999 -9999 0 0 0.013181184418499469757 0.00025822248426266014576 0 0 0 0 0 0.018637564033269882202 0.0092194387689232826233 0.015840215608477592468 0.0063773249275982379913 0.012566168792545795441 0.27303668856620788574 0.10296276211738586426 0.021121354773640632629 0.0037999986670911312103 0.00082165969070047140121 0.0068781990557909011841 0.088952556252479553223 0.009461011737585067749 0.012198743410408496857 0.014750036410987377167 0.24028696119785308838 0.0035092427860945463181 0.0925653800368309021 0.0064100408926606178284
-9999 -9999 -9999 -9999 -9999 -9999 -9999 -9999 -9999 -9999 -9999 -9999 -9999 -9999 0 0 0 0 0 0 0 0.01516152452677488327 0.018019782379269599915 0.042711868882179260254 0.05813380703330039978 0.079935610294342041016 0.092125870287418365479 0.11026960611343383789 0.27542141079902648926 0.10555124282836914062 0.023917607963085174561 0.0067010894417762756348 0.0037280151154845952988 0.0096631757915019989014 0.091643765568733215332 0.012365105561912059784 0.015401922166347503662 0.018321739509701728821 0.24374066293239593506 0.0063965111039578914642 0.095455132424831390381
-9999 -9999 -9999 -9999 -9999 -9999 -9999 -9999 -9999 -9999 -9999 -9999 -9999 -9999 -9999 -9999 0 0 0 0 0.0061964974738657474518 0.0090813245624303817749 0.012045423500239849091 0.01511280890554189682 0.018273416906595230103 0.021467611193656921387 0.024687694385647773743 0.027675885707139968872 0.14380300045013427734 0.42532446980476379395 0.10847257077693939209 0.0267705526202917099 0.0094127086922526359558 0.006338835693895816803 0.012315893545746803284 0.094617038965225219727 0.015622665174305438995 0.018507575616240501404 0.021241385489702224731 0.24662935733795166016 0.0097322566434741020203
-9999 -9999 -9999 -9999 -9999 -9999 -9999 -9999 -9999 -9999 -9999 -9999 -9999 -9999 -9999 -9999 -9999 0 0 0.0087280906736850738525 0.01168018486350774765 0.014615499414503574371 0.017507953569293022156 0.020629776641726493835 0.023933423683047294617 0.027235243469476699829 0.030526190996170043945 0.033535804599523544312 0.03626492619514465332 0.039221420884132385254 0.4709250032901763916 0.58524924516677856445 0.61754614114761352539 0.012017637491226196289 0.0090822614729404449463 0.015329189598560333252 0.097787797451019287109 0.11870164424180984497 0.14219881594181060791 0.024054097011685371399 0.24957673251628875732
-9999 -9999 -9999 -9999 -9999 -9999 -9999 -9999 -9999 -9999 -9999 -9999 -9999 -9999 -9999 -9999 -9999 0 0 0.0052763363346457481384 0.0084514487534761428833 0.01150577981024980545 0.29763945937156677246 0.30080509185791015625 0.30415990948677062988 0.30743613839149475098 0.3106670677661895752 0.31369411945343017578 0.31651264429092407227 0.31953451037406921387 0.32276627421379089355 0.32576751708984375 0.32856765389442443848 0.95199769735336303711 0.96981066465377807617 0.98494237661361694336 1.006365656852722168 1.0095539093017578125 1.012659907341003418 1.1602964401245117188 1.1897261142730712891
-9999 -9999 -9999 -9999 -9999 -9999 -9999 -9999 -9999 -9999 -9999 -9999 -9999 -9999 -9999 -9999 0 0 0.0049910335801541805267 0.066815666854381561279 0.1026417165994644165 0.2794494926929473877 0.019605994224548339844 0.045905955135822296143 0.078042566776275634766 0.081206902861595153809 0.16225573420524597168 0.19421561062335968018 0.26625785231590270996 0.2693214118480682373 0.27250564098358154297 0.27550771832466125488 0.27831059694290161133 0.28098455071449279785 0.28341692686080932617 0.28630477190017700195 0.28974694013595581055 0.74480307102203369141 0.75693100690841674805 0.77182471752166748047 0.80388206243515014648
-9999 -9999 -9999 -9999 -9999 -9999 -9999 -9999 -9999 -9999 -9999 -9999 -9999 -9999 -9999 0 0 0.031528301537036895752 0.055081155151128768921 0.028294686228036880493 0.16949981451034545898 0.016544857993721961975 0.019679473713040351868 0.025622645393013954163 0.031717099249362945557 0.074998483061790466309 0.025880370289087295532 0.06620146334171295166 0.051616653800010681152 0.05457868427038192749 0.057992622256278991699 0.060949213802814483643 0.29620087146759033203 0.31902721524238586426 0.34750455617904663086 0.38201692700386047363 0.44847059249877929688 0.0059698964469134807587 0.009230742231011390686 0.026766389608383178711 0.021262189373373985291
-9999 -9999 -9999 -9999 -9999 -9999 -9999 -9999 -9999 -9999 -9999 -9999 -9999 -9999 -9999 0 0.0072531206533312797546 0.017196068540215492249 0.025825837627053260803 0.16683125495910644531 0.013347764499485492706 0.016287773847579956055 0.022223699837923049927 0.028512801975011825562 0.036979410797357559204 0.02271562628448009491 0.062851034104824066162 0.048617240041494369507 0.057469341903924942017 0.15226973593235015869 0.20397862792015075684 0.22975973784923553467 0.017229447141289710999 0.022866124287247657776 0.028574528172612190247 0.06027612835168838501 0.0029293815605342388153 0.0058907270431518554688 0.023255262523889541626 0.017662093043327331543 0.014951675198972225189
-9999 -9999 -9999 -9999 -9999 -9999 -9999 -9999 -9999 -9999 -9999 -9999 -9999 -9999 0 0.00089966767700389027596 0.014233733527362346649 0.023018756881356239319 0.16421332955360412598 0.010738539509475231171 0.013546190224587917328 0.019258920103311538696 0.025076871737837791443 0.033837888389825820923 0.019671291112899780273 0.059978723526000976562 0.045665763318538665771 0.054406754672527313232 0.089067585766315460205 0.046183563768863677979 0.020378613844513893127 0.014594359323382377625 0.020253021270036697388 0.025989444926381111145 0.057627975940704345703 0.00022852349502500146627 0.0031801136210560798645 0.020458685234189033508 0.014769814908504486084 0.011983956210315227509 0.012093257158994674683
-9999 -9999 -9999 -9999 -9999 -9999 -9999 -9999 -9999 -9999 -9999 -9999 -9999 0 0 0.01140804775059223175 0.020052839070558547974 0.16123673319816589355 0.0078945299610495567322 0.010809550061821937561 0.016539063304662704468 0.02224373258650302887 0.030824316665530204773 0.016522353515028953552 0.056815437972545623779 0.042605265974998474121 0.051340270787477493286 0.085947304964065551758 0.043196246027946472168 0.017483253031969070435 0.011774290353059768677 0.017539070919156074524 0.023290159180760383606 0.046319965273141860962 0.0060799191705882549286 0.00028547362308017909527 0.017554160207509994507 0.011865668930113315582 0.0090645188465714454651 0.0091700097545981407166 0.01790068112313747406
-9999 -9999 -9999 -9999 -9999 -9999 -9999 -9999 -9999 -9999 -9999 -9999 -9999 0 0.0083333738148212432861 0.01718351803719997406 0.15835863351821899414 0.0049292379990220069885 0.0079355360940098762512 0.013750199228525161743 0.01951398700475692749 0.02809473872184753418 0.013658218085765838623 0.05382964015007019043 0.039520274847745895386 0.048242751508951187134 0.082810789346694946289 0.039990507066249847412 0.014392605982720851898 0.0087526142597198486328 0.014532145112752914429 0.020337838679552078247 0.040509227663278579712 0.00033787157735787332058 0.0031987545080482959747 0.014611707068979740143 0.0088542765006422996521 0.0060239881277084350586 0.0060851969756186008453 0.014812453649938106537 0.0063107484020292758942
-9999 -9999 -9999 -9999 -9999 -9999 -9999 -9999 -9999 -9999 -9999 -9999 0 0 0.01367882266640663147 0.15524014830589294434 0.0019940305501222610474 0.004970745183527469635 0.010849408805370330811 0.016675299033522605896 0.025319712236523628235 0.010947439819574356079 0.051060874015092849731 0.036688338965177536011 0.045316137373447418213 0.079804040491580963135 0.036903914064168930054 0.011181150563061237335 0.0055852290242910385132 0.011379408650100231171 0.017112210392951965332 0.011440425179898738861 0.023001974448561668396 8.0014644481707364321e-05 0.011635366827249526978 0.0058487495407462120056 0.0029102892149239778519 0.0029231202788650989532 0.011575388722121715546 0.0030221508350223302841 0.0031199632212519645691
