tests/data/reference/gistest/full/control/mqrill_m3_s.asc
ncols        125
nrows        78
xllcorner    -713756.799299980048
yllcorner    -1061032.369616159936
cellsize     10.000000000000
NODATA_value  -9999
[rows 54 to 71 of 78, columns 82 to 122 of 125]
0.025229837745428085327 0.028929326683282852173 0.03251871839165687561 0.036574672907590866089 0.040218397974967956543 0.11617900431156158447 0.14332839846611022949 0.0018928998615592718124 0 0.030007703229784965515 0.016896950080990791321 0.0053286100737750530243 0.0015738488873466849327 0.0091137960553169250488 0.012930996716022491455 0.027279285714030265808 0.031480882316827774048 0.013096198439598083496 0.039683308452367782593 0.041554000228643417358 0.043657202273607254028 0.045014519244432449341 0.046161890029907226562 0.047515522688627243042 0.047766745090484619141 0.044797770678997039795 0.28519678115844726562 0.026792706921696662903 0.074522033333778381348 0.001508960966020822525 0.0012333450140431523323 0.01544234156608581543 0.011929430067539215088 0.044879280030727386475 0.030663229525089263916 0.0087176645174622535706 0.0050006192177534103394 0.00085461547132581472397 0 -9999 -9999
0.15051901340484619141 0.14995497465133666992 0.1493434607982635498 0.14876946806907653809 0.14873363077640533447 0.14813941717147827148 0.11505438387393951416 0.14927542209625244141 0 0.020665526390075683594 0.0096364337950944900513 0.0017138732364401221275 0.005470177624374628067 0.012971077114343643188 0.01673663407564163208 0.030710227787494659424 0.03505922853946685791 0.016827521845698356628 0.041273888200521469116 0.042821347713470458984 0.044989466667175292969 0.046485912054777145386 0.047442827373743057251 0.048181992024183273315 0.047904040664434432983 0.33015033602714538574 0.02886209636926651001 0.075107142329216003418 0.012891550548374652863 0.0053570205345749855042 0.019011888653039932251 0.015442949719727039337 0.069237798452377319336 0.018951360136270523071 0.015807788819074630737 0.012332728132605552673 0.0086536882445216178894 0.0046427808701992034912 0 -9999 -9999
0.05077181011438369751 0.050215266644954681396 0.049668133258819580078 0.049127880483865737915 0.048593349754810333252 0.048436369746923446655 0.19723002612590789795 0.26312521100044250488 0 0.0055480762384831905365 0.0023599592968821525574 0.0060998592525720596313 0.0093570537865161895752 0.016792062669992446899 0.020495610311627388 0.033984139561653137207 0.038521714508533477783 0.020543755963444709778 0.042750056833028793335 0.044058926403522491455 0.046255934983491897583 0.047812681645154953003 0.04857131466269493103 0.048693329095840454102 0.047796111553907394409 0.35842058062553405762 0.074759364128112792969 0.016627268865704536438 0.025677509605884552002 0.022596925497055053711 0.01914261840283870697 0.071909844875335693359 0.022427514195442199707 0.019200749695301055908 0.015917764976620674133 0.012346989475190639496 0.0085731688886880874634 0.0046206107363104820251 0.00018850908963941037655 0 -9999
0.11013857275247573853 0.10961609333753585815 0.10914380848407745361 0.10863131284713745117 0.10808766633272171021 0.10797443240880966187 0.10736528784036636353 0.30530172586441040039 0.26248335838317871094 0 0.0063863270916044712067 0.010101880878210067749 0.013227480463683605194 0.020572833716869354248 0.024200085550546646118 0.037054646760225296021 0.041816640645265579224 0.024228263646364212036 0.044111788272857666016 0.045201525092124938965 0.047358471900224685669 0.048871248960494995117 0.049360487610101699829 0.048889923840761184692 0.40677842497825622559 0.073854982852935791016 0.02025156654417514801 0.028468295931816101074 0.0018145282519981265068 0.022642323747277259827 0.074359476566314697266 0.025818472728133201599 0.028839217498898506165 0.02581351064145565033 0.022619444876909255981 0.019131522625684738159 0.015411032363772392273 0.011640572920441627502 0.0040849489159882068634 0 0
0.055304300040006637573 0.20145580172538757324 0.20058038830757141113 0.19988858699798583984 0.22285822033882141113 0.22898630797863006592 0.22861537337303161621 0.22777290642261505127 0.60499858856201171875 0.0021803108975291252136 0 0.01391503307968378067 0.017460362985730171204 0.024260610342025756836 0.027813496068120002747 0.039866339415311813354 0.04486827552318572998 0.027823336422443389893 0.045283347368240356445 0.046218533068895339966 0.048359483480453491211 0.049783337861299514771 0.049913451075553894043 0.45581233501434326172 0.073206938803195953369 0.023719344288110733032 0.064241193234920501709 0.032242208719253540039 0.025676010176539421082 0.076096415519714355469 0.02893414720892906189 0.063511103391647338867 0.03035387769341468811 0.027671528980135917664 0.024705985561013221741 0.021418336778879165649 0.017830802127718925476 0.014280832372605800629 0.01086193230003118515 0.0030982871539890766144 0
0.15316490828990936279 0.013259919360280036926 0.024594033136963844299 0.035855766385793685913 0.0097281392663717269897 0.0097620850428938865662 0.021048812195658683777 0.032634545117616653442 0.035983763635158538818 0.62461227178573608398 0 0.010376863181591033936 0.021178970113396644592 0.028313536196947097778 0.031303804367780685425 0.042351815849542617798 0.047566343098878860474 0.031290121376514434814 0.046227790415287017822 0.047097183763980865479 0.049292396754026412964 0.05059909820556640625 0.50550478696823120117 0.072668805718421936035 0.027215201407670974731 0.14035888016223907471 0.075885973870754241943 0.076716199517250061035 0.076903633773326873779 0.031552676111459732056 0.096427544951438903809 0.03010020032525062561 0.027428336441516876221 0.024504691362380981445 0.021356800571084022522 0.017928475514054298401 0.014106960967183113098 0.010296941734850406647 0.0067875506356358528137 0.0028879137244075536728 0
0.0094785094261169433594 0.0057785888202488422394 0.0058683585375547409058 0.0059352112002670764923 0.0059736436232924461365 0.0060316836461424827576 0.0061066583730280399323 0.0060792467556893825531 0.010125803761184215546 0.013490523211658000946 0.62923008203506469727 0 0.024640195071697235107 0.031719703227281570435 0.034578241407871246338 0.044433817267417907715 0.049783833324909210205 0.034622907638549804688 0.047045089304447174072 0.04788466915488243103 0.050073057413101196289 0.051049254834651947021 0.57955968379974365234 0.030381606891751289368 0.1789099276065826416 0.038413722068071365356 0.037001457065343856812 0.035485927015542984009 0.03374430537223815918 0.096539981663227081299 0.0017668574582785367966 0.020154180005192756653 0.016538983210921287537 0.012817467562854290009 0.0090035991743206977844 0.0050104842521250247955 0.00062502623768523335457 0.0035606634337455034256 0 0.0025306958705186843872 0
0.0019597979262471199036 0.0019912121351808309555 0.0020480272360146045685 0.0021099569275975227356 0.0021667543333023786545 0.0022390752565115690231 0.0023262421600520610809 0.031946718692779541016 0.039178539067506790161 0.042823936790227890015 0.045328248292207717896 0.66310918331146240234 0 0.034586854279041290283 0.037962481379508972168 0.046074274927377700806 0.051383633166551589966 0.037748970091342926025 0.04778636246919631958 0.048602905124425888062 0.050592437386512756348 0.63006818294525146484 0.033165186643600463867 0.18698383867740631104 0.0093628028407692909241 0.0056282491423189640045 0.0017351824790239334106 0.0016848910599946975708 0.10349295288324356079 0.0055296868085861206055 0.023707987740635871887 0.0018049048958346247673 0.0055815889500081539154 0.0018038740381598472595 0.0017093349015340209007 0.0014771532732993364334 -9999 0.00015620593330822885036 0.006249892059713602066 0 0.0036477474495768547058
0.005687801167368888855 0.0094467485323548316956 0.013207943178713321686 0.016987575218081474304 0.020769629627466201782 0.024532588198781013489 0.0282651558518409729 0.0023204958997666835785 0.0023434988688677549362 0.0060049225576221942902 0.0099229626357555389404 0.013037206605076789856 0.66792327165603637695 0 0.040749125182628631592 0.04743465036153793335 0.052256237715482711792 0.040500771254301071167 0.048253949731588363647 0.048960566520690917969 0.68011897802352905273 0.035429339855909347534 0.20176264643669128418 0.016773995012044906616 0.013053110800683498383 0.0092885103076696395874 0.005458528175950050354 0.10262694209814071655 0.001741178915835916996 0.027104629203677177429 0.0055635939352214336395 0.0093262325972318649292 0.0018710987642407417297 -9999 -9999 -9999 -9999 -9999 0.00025358679704368114471 -9999 -9999
0.045157350599765777588 0.047976657748222351074 0.050533503293991088867 0.052833419293165206909 0.05486825108528137207 0.05665710940957069397 0.058294981718063354492 0.059839069843292236328 0.061371326446533203125 0.1253859400749206543 0.12873949110507965088 0.12845465540885925293 0.12704123556613922119 0 0.043037429451942443848 0.049206186085939407349 0.094314239919185638428 0.0017121939454227685928 0.048258323222398757935 0.72842675447463989258 0.037103265523910522461 0.21162311732769012451 0.013095224276185035706 0.0094257192686200141907 0.0055568339303135871887 0.0017262124456465244293 0.10192764550447463989 0.0054282331839203834534 0.030211282894015312195 0.0092919906601309776306 0.013089559972286224365 -9999 -9999 -9999 -9999 -9999 -9999 -9999 -9999 -9999 -9999
0.048068810254335403442 0.050719097256660461426 0.053118076175451278687 0.055273316800594329834 0.05713098868727684021 0.058719839900732040405 0.060153830796480178833 0.061464570462703704834 0.06275402754545211792 0.002254512859508395195 0.0022349958308041095734 0.0058418242260813713074 0.0096787931397557258606 0.13706445693969726562 0 0.093845188617706298828 0.097400583326816558838 0.048053596168756484985 0.72771990299224853516 0.038105335086584091187 0.21043696999549865723 0.013004277832806110382 0.0094245877116918563843 0.0056817322038114070892 0.0017632934032008051872 0.10126207023859024048 0.0091139534488320350647 0.032956041395664215088 0.012900425121188163757 -9999 -9999 -9999 -9999 -9999 -9999 -9999 -9999 -9999 -9999 -9999 -9999
0.08592243492603302002 0.086282961070537567139 0.086269855499267578125 0.085729584097862243652 0.08508948981761932373 0.084538578987121582031 0.084053143858909606934 0.0835687294602394104 0.083076000213623046875 0.082570955157279968262 0.082055628299713134766 0.081459343433380126953 0.081232853233814239502 0.08048795163631439209 0.21211160719394683838 0 0.14628542959690093994 0.72712427377700805664 0.038684140890836715698 0.20950834453105926514 0.10311218351125717163 0.09918031841516494751 0.099815957248210906982 0.10034596174955368042 0.10074704885482788086 0.012784814462065696716 0.035227660089731216431 0.016483465209603309631 -9999 -9999 -9999 -9999 -9999 -9999 -9999 -9999 -9999 -9999 -9999 -9999 -9999
0.025149224326014518738 0.028809171169996261597 0.032436784356832504272 0.036055490374565124512 0.039661858230829238892 0.043280061334371566772 0.046900719404220581055 0.050517652183771133423 0.054099254310131072998 0.057558979839086532593 0.060870155692100524902 0.063920363783836364746 0.066560655832290649414 0.069043576717376708984 0.070139475166797637939 0.27946552634239196777 0 0.75731271505355834961 0.20886820554733276367 0.10235882550477981567 0.001873505651019513607 0.0019526765681803226471 0.0057329447008669376373 0.0019284685840830206871 0.016574025154113769531 0.03709333762526512146 -9999 -9999 -9999 -9999 -9999 -9999 -9999 -9999 -9999 -9999 -9999 -9999 -9999 -9999 -9999
0.042855046689510345459 0.042883690446615219116 0.042870894074440002441 0.042655780911445617676 0.042537406086921691895 0.042923077940940856934 0.043979812413454055786 0.045597672462463378906 0.047769192606210708618 0.050190966576337814331 0.052679982036352157593 0.055052760988473892212 0.057181667536497116089 0.058864504098892211914 0.060434471815824508667 0.060391061007976531982 0 0.96671235561370849609 0.10211081057786941528 0.005679912865161895752 0.0057422369718551635742 0.0095133678987622261047 0.0020163625013083219528 0.020355796441435813904 -9999 -9999 -9999 -9999 -9999 -9999 -9999 -9999 -9999 -9999 -9999 -9999 -9999 -9999 -9999 -9999 -9999
0.043533932417631149292 0.043858714401721954346 0.043936006724834442139 0.043914251029491424561 0.043711926788091659546 0.043764427304267883301 0.044395197182893753052 0.045840084552764892578 0.048011742532253265381 0.050449009984731674194 0.053034014999866485596 0.055552575737237930298 0.057873722165822982788 0.05982068181037902832 0.061273667961359024048 0.062630504369735717773 0.061216283589601516724 0 0.10208006948232650757 0.0094944881275296211243 0.013301736675202846527 -9999 -9999 -9999 -9999 -9999 -9999 -9999 -9999 -9999 -9999 -9999 -9999 -9999 -9999 -9999 -9999 -9999 -9999 -9999 -9999
0.041332159191370010376 0.042114533483982086182 0.042615517973899841309 0.043101139366626739502 0.043784268200397491455 0.044596184045076370239 0.045812815427780151367 0.0017881311941891908646 0.001816351315937936306 0.0056550311855971813202 0.0095552932471036911011 -9999 -9999 -9999 -9999 -9999 -9999 0.060299333184957504272 0 0.01742294803261756897 -9999 -9999 -9999 -9999 -9999 -9999 -9999 -9999 -9999 -9999 -9999 -9999 -9999 -9999 -9999 -9999 -9999 -9999 -9999 -9999 -9999
-9999 -9999 -9999 -9999 -9999 -9999 -9999 -9999 -9999 -9999 -9999 -9999 -9999 -9999 -9999 -9999 -9999 -9999 0 -9999 -9999 -9999 -9999 -9999 -9999 -9999 -9999 -9999 -9999 -9999 -9999 -9999 -9999 -9999 -9999 -9999 -9999 -9999 -9999 -9999 -9999
-9999 -9999 -9999 -9999 -9999 -9999 -9999 -9999 -9999 -9999 -9999 -9999 -9999 -9999 -9999 -9999 -9999 -9999 -9999 -9999 -9999 -9999 -9999 -9999 -9999 -9999 -9999 -9999 -9999 -9999 -9999 -9999 -9999 -9999 -9999 -9999 -9999 -9999 -9999 -9999 -9999
