tests/data/reference/gistest/full/control/mqrill_m3_s.asc
ncols        125
nrows        78
xllcorner    -713756.799299980048
yllcorner    -1061032.369616159936
cellsize     10.000000000000
NODATA_value  -9999
[rows 19 to 37 of 78, columns 41 to 81 of 125]
0.038056012243032455444 0.017972411587834358215 0.043827116489410400391 0.026587767526507377625 0.023703644052147865295 0.012184998951852321625 0.015023100189864635468 0.026485919952392578125 0.0063725640065968036652 0.00067745614796876907349 0.0036210836842656135559 0.0094246212393045425415 0.012329923920333385468 0.026713047176599502563 0.015255508944392204285 0.0095379007980227470398 0.0095374211668968200684 0.0066331629641354084015 0.0037302619311958551407 0.0036996754352003335953 0.0036572148092091083527 0.0036000453401356935501 0.0035266114864498376846 0.020701965317130088806 0.0063215089030563831329 0.0063519380055367946625 0.0063665322959423065186 0.037909928709268569946 0.0089646503329277038574 0.071794196963310241699 0.0082901548594236373901 0.0080195236951112747192 0 0.0020722532644867897034 0.44422012567520141602 0.048065461218357086182 0.0084969969466328620911 0.0060081225819885730743 0.0032614080701023340225 0.00032139994436874985695 -9999
0.040943156927824020386 0.02087957039475440979 0.046765416860580444336 0.029543042182922363281 0.026653999462723731995 0.015137695707380771637 0.017990214750170707703 0.029469164088368415833 0.0093636810779571533203 0.00078228343045338988304 0.0036977170966565608978 0.0065873134881258010864 0.012347026728093624115 0.015254845842719078064 0.029652677476406097412 0.01818709447979927063 0.012437377125024795532 0.012419991195201873779 0.0095265721902251243591 0.0066204695031046867371 0.0065732290968298912048 0.0065092667937278747559 0.0064602964557707309723 0.0064524672925472259521 0.023705461993813514709 0.009358082897961139679 0.009324679151177406311 0.0091907903552055358887 0.052045721560716629028 0.07472108304500579834 0.011331766843795776367 0.011201296001672744751 0.0024279528297483921051 0 0 0.44723883271217346191 0.063039369881153106689 0.0088534289970993995667 0.0061993775889277458191 0.0033553412649780511856 0.00035294136614538729191
0.043816924095153808594 0.02377317473292350769 0.049677412956953048706 0.032468330115079879761 0.029579874128103256226 0.018060278147459030151 0.020910639315843582153 0.03240170702338218689 0.012316879816353321075 0.0037336912937462329865 0.00087725126650184392929 0.0066125448793172836304 0.009488907642662525177 0.015290822833776473999 0.018207801505923271179 0.032568331807851791382 0.021067548543214797974 0.015302864834666252136 0.015275338664650917053 0.012360421009361743927 0.0094500966370105743408 0.0094287907704710960388 0.0094314031302928924561 0.0094353249296545982361 0.009413240477442741394 0.026618747040629386902 0.012152248062193393707 0.011978626251220703125 0.06640043109655380249 0.077717639505863189697 0.014410913921892642975 0.014308629557490348816 0.0056105558760464191437 0.0026848881971091032028 0 0.002670086221769452095 0.45059129595756530762 0.065987706184387207031 0.020255368202924728394 0.0061426293104887008667 0.0034412767272442579269
0.046684943139553070068 0.026636334136128425598 0.052539646625518798828 0.035337530076503753662 0.032456152141094207764 0.020943542942404747009 0.023799028247594833374 0.035298574715852737427 0.01522327028214931488 0.0066355811432003974915 0.003771165851503610611 0.00088623707415536046028 0.0095261391252279281616 0.012462993152439594269 0.018239837139844894409 0.021090414375066757202 0.035423312336206436157 0.023922665044665336609 0.018149929121136665344 0.018108580261468887329 0.015212801285088062286 0.012348440475761890411 0.012355632148683071136 0.012334510684013366699 0.012292305938899517059 0.012237689457833766937 0.029352784156799316406 0.014810428954660892487 0.083610147237777709961 0.080610133707523345947 0.017398187890648841858 0.017376124858856201172 0.0087579414248466491699 0.0059305215254426002502 0.0030843550339341163635 0.0058328458108007907867 0 0.45356452465057373047 0.069004513323307037354 0.031830083578824996948 0.0061619314365088939667
0.049542382359504699707 0.029467087239027023315 0.055350620299577713013 0.038149759173393249512 0.035282980650663375854 0.023788612335920333862 0.026657128706574440002 0.038162268698215484619 0.018086651340126991272 0.0094931265339255332947 0.0066369008272886276245 0.00091546977637335658073 0.0038400276098400354385 0.012507260777056217194 0.015374617651104927063 0.021081294864416122437 0.023933194577693939209 0.038284149020910263062 0.026779646053910255432 0.020991288125514984131 0.020965527743101119995 0.018095372244715690613 0.015208890661597251892 0.015181777998805046082 0.01515470258891582489 0.015096127055585384369 0.0149636855348944664 0.032009351998567581177 0.10363382846117019653 0.08339831233024597168 0.020308956503868103027 0.020409556105732917786 0.011868938803672790527 0.0090592680498957633972 0.0062041934579610824585 0.0090109314769506454468 0.00025890805409289896488 0.0030182760674506425858 0.45648193359375 0.071639671921730041504 0.042769201099872589111
0.05239944159984588623 0.032319914549589157104 0.058189637959003448486 0.040986854583024978638 0.038130369037389755249 0.026652332395315170288 0.029536159709095954895 0.041050668805837631226 0.020980043336749076843 0.012391520664095878601 0.00092692807083949446678 0.0095971506088972091675 0.003894957713782787323 0.0067838309332728385925 0.015379272401332855225 0.018212582916021347046 0.023933634161949157715 0.026791522279381752014 0.041118860244750976562 0.02959338948130607605 0.023830670863389968872 0.023836344480514526367 0.020954361185431480408 0.018067520111799240112 0.018029218539595603943 0.017936062067747116089 0.017799600958824157715 0.017639914527535438538 0.14102287590503692627 0.086355701088905334473 0.023286959156394004822 0.023413563147187232971 0.014894982799887657166 0.012086995877325534821 0.0092273680493235588074 0.012067338451743125916 0.0033654011785984039307 0.0060715037398040294647 4.7813053242862224579e-05 0.45909765362739562988 0.074243210256099700928
0.055263161659240722656 0.035196941345930099487 0.061059720814228057861 0.043852739036083221436 0.041000690311193466187 0.029535524547100067139 0.032435949891805648804 0.043962910771369934082 0.023902753368020057678 0.015330174937844276428 0.0038800498005002737045 0.0010415513534098863602 0.012553792446851730347 0.0067999917082488536835 0.009651314467191696167 0.018229715526103973389 0.021051714196801185608 0.026749894022941589355 0.029580589383840560913 0.043916292488574981689 0.032451592385768890381 0.026731779798865318298 0.026730313897132873535 0.023828784003853797913 0.020877879112958908081 0.02075736410915851593 0.020654501393437385559 0.020584896206855773926 0.16418132185935974121 0.089437566697597503662 0.026316998526453971863 0.026399834081530570984 0.017866997048258781433 0.015050956979393959045 0.012186588719487190247 0.01503341086208820343 0.0063633942045271396637 0.0091566713526844978333 0.0032986870501190423965 0.46248918771743774414 0.00016403195331804454327
0.23380367457866668701 0.038054767996072769165 0.063906878232955932617 0.046703983098268508911 0.043870657682418823242 0.032433997839689254761 0.035361144691705703735 0.046897217631340026855 0.026834823191165924072 0.018263936042785644531 0.006813722662627696991 0.0010864294599741697311 0.0039569325745105743408 0.015432965941727161407 0.0096497181802988052368 0.012462556362152099609 0.021013963967561721802 0.023833045735955238342 0.029554048553109169006 0.032448396086692810059 0.046834602952003479004 0.03536989167332649231 0.029612433165311813354 0.029560822993516921997 0.026604054495692253113 0.023640383034944534302 0.023574255406856536865 0.023527251556515693665 0.1901035010814666748 0.092356711626052856445 0.029222579672932624817 0.029290670529007911682 0.020742561668157577515 0.017916496843099594116 0.015053523704409599304 0.017919059842824935913 0.0092906532809138298035 0.012154439464211463928 0.0063886884599924087524 0.46563088893890380859 0.0033580535091459751129
0.24528084695339202881 0.040889874100685119629 0.06672970205545425415 0.049541406333446502686 0.046742647886276245117 0.035349532961845397949 0.038308646529912948608 0.049847152084112167358 0.029770780354738235474 0.021189391613006591797 0.0097296722233295440674 0.0039914748631417751312 0.0068510323762893676758 0.001059210626408457756 0.018235227093100547791 0.012403925880789756775 0.015213975682854652405 0.023815527558326721191 0.026705957949161529541 0.032490774989128112793 0.035380866378545761108 0.049725268036127090454 0.038218118250370025635 0.032424017786979675293 0.032371681183576583862 0.029453858733177185059 0.026521472260355949402 0.026425814256072044373 0.21878519654273986816 0.095143228769302368164 0.032020892947912216187 0.032089766114950180054 0.023520207032561302185 0.020681628957390785217 0.017827663570642471313 0.020727535709738731384 0.012155194766819477081 0.015077160671353340149 0.009361222386360168457 0.4686228632926940918 0.0064216614700853824615
0.34574919939041137695 0.043755892664194107056 0.0696336403489112854 0.052472714334726333618 0.049683850258588790894 0.038292389363050460815 0.041242759674787521362 0.052766043692827224731 0.032679487019777297974 0.024093206971883773804 0.012623718008399009705 0.0068696080707013607025 0.0097123030573129653931 0.0039020893163979053497 0.021064834669232368469 0.015241413377225399017 0.00082920776912942528725 0.018078155815601348877 0.026724120602011680603 0.029635509476065635681 0.03539638221263885498 0.038258437067270278931 0.052581448107957839966 0.041055310517549514771 0.035265404731035232544 0.035213168710470199585 0.032252863049507141113 0.029249584302306175232 0.25033858418464660645 0.098015807569026947021 0.034926787018775939941 0.035001102834939956665 0.026426428928971290588 0.023576823994517326355 0.02071230672299861908 0.023606607690453529358 0.015042608603835105896 0.017987612634897232056 0.012295300140976905823 0.47155228257179260254 0.0093874242156744003296
0.012769090943038463593 0.39518940448760986328 0.072618477046489715576 0.055479336529970169067 0.052674774080514907837 0.041250146925449371338 0.044161960482597351074 0.055659107863903045654 0.035566281527280807495 0.026977853849530220032 0.015495876781642436981 0.0097178602591156959534 0.012537629343569278717 0.0067190336994826793671 0.023896301165223121643 0.01811078190803527832 0.0008541643037460744381 0.0037243631668388843536 0.020973013713955879211 0.029639061540365219116 0.03254847601056098938 0.038291573524475097656 0.041134480386972427368 0.055428449064493179321 0.043875541538000106812 0.03802682831883430481 0.03788895532488822937 0.034897379577159881592 0.032009117305278778076 0.353778839111328125 0.037931427359580993652 0.038015242666006088257 0.02945004589855670929 0.026589581742882728577 0.023697370663285255432 0.02655225805938243866 0.017952086403965950012 0.020888762548565864563 0.01519839651882648468 0.47443103790283203125 0.012278175912797451019
1.4443252086639404297 1.4618859291076660156 0.4726384282112121582 0.058613333851099014282 0.055880945175886154175 0.043972991406917572021 0.046913716942071914673 0.058440644294023513794 0.038384567946195602417 0.029807686805725097656 0.018306322395801544189 0.012497900985181331635 0.015300840139389038086 0.0094940913841128349304 0.026707991957664489746 0.020967060700058937073 0.0037379676941782236099 0.00086293753702193498611 0.0066203186288475990295 0.023914881050586700439 0.032556965947151184082 0.035402268171310424805 0.041094664484262466431 0.043887607753276824951 0.058137778192758560181 0.046536188572645187378 0.040691468864679336548 0.040674418210983276367 0.037875916808843612671 0.035117391496896743774 0.39711305499076843262 0.04101268574595451355 0.032422129064798355103 0.02953572198748588562 0.026625171303749084473 0.02946923673152923584 0.020860854536294937134 0.023790715262293815613 0.018083252012729644775 0.47728821635246276855 0.01516771409660577774
0.82997977733612060547 0.85297298431396484375 2.3195710182189941406 2.7968945503234863281 2.8604872226715087891 0.058494199067354202271 0.09594310075044631958 0.061090845614671707153 0.041130885481834411621 0.032571382820606231689 0.021031130105257034302 0.015178491361439228058 0.017972629517316818237 0.012212445959448814392 0.029496133327484130859 0.023806404322385787964 0.0066060121171176433563 0.0037629893049597740173 0.00092116731684654951096 0.0095672467723488807678 0.026772085577249526978 0.035308547317981719971 0.038088392466306686401 0.043719481676816940308 0.046488337218761444092 0.060776196420192718506 0.049334850162267684937 0.043699610978364944458 0.043812807649374008179 0.041044063866138458252 0.43746972084045410156 0.043987575918436050415 0.035351410508155822754 0.032431021332740783691 0.029509419575333595276 0.032364133745431900024 0.023769589141011238098 0.026688287034630775452 0.020947247743606567383 0.48012369871139526367 0.018052063882350921631
0.018493194133043289185 0.018470080569386482239 0.047364212572574615479 0.067533262073993682861 0.087706573307514190674 2.9534976482391357422 3.0170369148254394531 3.1179141998291015625 0.064184136688709259033 0.078641548752784729004 0.023482343181967735291 0.017642216756939888 0.020492093637585639954 0.014828533865511417389 0.032183513045310974121 0.026535561308264732361 0.00074836256681010127068 0.0094412071630358695984 0.0066221924498677253723 0.0037580800708383321762 0.012331891804933547974 0.029499422758817672729 0.038040358573198318481 0.04082794487476348877 0.046525906771421432495 0.049414131790399551392 0.063836991786956787109 0.052461057901382446289 0.046798925846815109253 0.046857006847858428955 0.48344162106513977051 0.046844098716974258423 0.038193304091691970825 0.035278882831335067749 0.032379604876041412354 0.035259038209915161133 0.026674278080463409424 0.029573170468211174011 0.023797895759344100952 0.48293462395668029785 0.020881677046418190002
0.015076911076903343201 0.024315714836120605469 0.015746245160698890686 0.015744576230645179749 0.015842577442526817322 0.033285669982433319092 0.047822542488574981689 0.062475770711898803711 3.1970188617706298828 3.26564788818359375 3.3487687110900878906 0.0257512703537940979 0.019859293475747108459 0.023031443357467651367 0.017480477690696716309 0.034858535975217819214 0.029247177764773368835 0.0035059577785432338715 0.012212906032800674438 0.0093819340690970420837 0.0065250541083514690399 0.015154839493334293365 0.032388091087341308594 0.040997568517923355103 0.04388503730297088623 0.049651667475700378418 0.052546337246894836426 0.066916979849338531494 0.055449515581130981445 0.049695942550897598267 0.049646154046058654785 0.53497260808944702148 0.040947265923023223877 0.038079790771007537842 0.035237453877925872803 0.03815469890832901001 0.029574396088719367981 0.03244592621922492981 0.026633564382791519165 0.48571664094924926758 0.023652099072933197021
0.020824810490012168884 0.012306187301874160767 0.012388857081532478333 0.012990706600248813629 0.013019875623285770416 0.010147511027753353119 0.010261582210659980774 0.010219680145382881165 0.010065469890832901001 0.021617507562041282654 0.033004473894834518433 3.3870127201080322266 3.4186191558837890625 3.4449982643127441406 0.026318283751606941223 0.020791711285710334778 0.037719994783401489258 0.032143227756023406982 0.0064058788120746612549 0.015106106176972389221 0.01229743659496307373 0.0094736209139227867126 0.018126826733350753784 0.035392928868532180786 0.044038567692041397095 0.046922583132982254028 0.052658449858427047729 0.055506825447082519531 0.069802969694137573242 0.058258268982172012329 0.052420474588871002197 0.5899257659912109375 0.043674517422914505005 0.040821969509124755859 0.038018386811017990112 0.040964677929878234863 0.032385613769292831421 0.035232204943895339966 0.029392737895250320435 0.48845151066780090332 0.026416823267936706543
0.0093856239691376686096 0.0094554172828793525696 0.0094846272841095924377 0.0095024369657039642334 0.0066574644297361373901 0.0072322869673371315002 0.0072570485062897205353 0.0072796270251274108887 0.0073555475100874900818 0.0071702501736581325531 0.027036985382437705994 0.038582362234592437744 0.050209369510412216187 0.053317300975322723389 3.5042247772216796875 0.029567936435341835022 0.023991715162992477417 0.04132626950740814209 0.035741753876209259033 0.0099764261394739151001 0.018671961501240730286 0.015853036195039749146 0.013019309379160404205 0.021677726879715919495 0.038938391953706741333 0.047556582838296890259 0.050408475100994110107 0.056093048304319381714 0.058863572776317596436 0.073082998394966125488 0.061462741345167160034 0.055564917623996734619 0.63861775398254394531 0.043980859220027923584 0.041212379932403564453 0.044191353023052215576 0.035084500908851623535 0.037901453673839569092 0.032044645398855209351 0.49111488461494445801 0.029163852334022521973
0.0064336243085563182831 0.0065315784886479377747 0.0065535851754248142242 0.0036692018620669841766 0.0036931186914443969727 0.0037431356031447649002 0.0037885645870119333267 0.0043761623091995716095 0.0043481537140905857086 0.024346113204956054688 0.0071186716668307781219 0.0069500082172453403473 0.00094222684856504201889 0.0040252534672617912292 0.0070158601738512516022 3.5163648128509521484 3.5512065887451171875 3.5804893970489501953 3.6267192363739013672 0.038770638406276702881 0.012934348545968532562 0.021571006625890731812 0.018719021230936050415 0.015874953940510749817 0.024496994912624359131 0.041704967617988586426 0.10212203115224838257 0.05880649760365486145 0.061574637889862060547 0.075818702578544616699 0.064236611127853393555 0.058381635695695877075 0.0007490667048841714859 0.641536712646484375 0.090278491377830505371 0.047101628035306930542 0.038306921720504760742 0.041061919182538986206 0.03472156822681427002 0.49382925033569335938 0.031970255076885223389
0.0032995960209518671036 0.0035141569096595048904 0.00071643316186964511871 0.00069737696321681141853 0.00071968027623370289803 0.00077820773003622889519 0.00082288880366832017899 0.00085751235019415616989 0.020949259400367736816 0.004143334459513425827 0.0040876721031963825226 0.0040542371571063995361 0.0070645869709551334381 0.010170291177928447723 0.013133099302649497986 0.015891894698143005371 0.018884662538766860962 0.02211424708366394043 0.025166457518935203552 3.6564178466796875 3.6997022628784179688 3.7171254158020019531 3.7431962490081787109 3.7664287090301513672 3.7867162227630615234 3.8155374526977539062 3.8615667819976806641 3.9680762290954589844 4.0315532684326171875 0.063856877386569976807 0.078339472413063049316 0.066975228488445281982 0.061382699757814407349 0.0039770849980413913727 0.73709654808044433594 0.050096616148948669434 0.041162349283695220947 0.043849308043718338013 0.037918254733085632324 0.49662867188453674316 0.034861452877521514893
