tests/data/reference/gistest/full/control/mqrill_m3_s.asc
ncols        125
nrows        78
xllcorner    -713756.799299980048
yllcorner    -1061032.369616159936
cellsize     10.000000000000
NODATA_value  -9999
[rows 18 to 35 of 78, columns 0 to 41 of 125]
-9999 -9999 -9999 -9999 -9999 -9999 -9999 -9999 -9999 -9999 -9999 -9999 -9999 -9999 -9999 -9999 -9999 -9999 0 0.008532504551112651825 0.014264761470258235931 0.01988627016544342041 0.062909066677093505859 0 0 0.074028380215167999268 0 0.081671424210071563721 0.076042965054512023926 0 0.064906932413578033447 0.005919011775404214859 0.009057780727744102478 0.0063032223843038082123 0.072820611298084259033 0.0034334636293351650238 0.050259053707122802734 0.069416731595993041992 0.029648633673787117004 0.040756944566965103149 0.046590093523263931274 0.035152640193700790405
-9999 -9999 -9999 -9999 -9999 -9999 -9999 -9999 -9999 -9999 -9999 -9999 -9999 -9999 -9999 -9999 -9999 0 0.0025700181722640991211 0.011253450065851211548 0.016798283904790878296 0.088282786309719085693 0.0022815524134784936905 0 0.00014073061174713075161 0 0.08305635303258895874 0.084212094545364379883 0.081624157726764678955 0 0.067980073392391204834 0.0089397737756371498108 0.00049088645027950406075 0.020678855478763580322 0.075672410428524017334 0.0062981992959976196289 0.053171642124652862549 0.07240466773509979248 0.032670535147190093994 0.043737206608057022095 0.049519296735525131226 0.038056261837482452393
-9999 -9999 -9999 -9999 -9999 -9999 -9999 -9999 -9999 -9999 -9999 -9999 -9999 -9999 -9999 -9999 0 0.002359590260311961174 0.0054093427024781703949 0.013991792686283588409 0.1111362949013710022 0.0044572642073035240173 0 0.0025980393402278423309 0 0 0.095195047557353973389 0.086749203503131866455 0.084373094141483306885 0.002830178476870059967 0.070991590619087219238 0.011895611882209777832 0.00050868658581748604774 0.026416281238198280334 0.078528165817260742188 0.0091709345579147338867 0.0560550689697265625 0.075292706489562988281 0.035563711076974868774 0.046628139913082122803 0.052405554801225662231 0.040943425148725509644
-9999 -9999 -9999 -9999 -9999 -9999 -9999 -9999 -9999 -9999 -9999 -9999 -9999 -9999 -9999 -9999 0.001836805255152285099 0.0046827010810375213623 0.0073099769651889801025 0.13035069406032562256 0.010231589898467063904 0 0 0 0 0.015574331395328044891 0.097466304898262023926 0.089311987161636352539 0.087222322821617126465 0.0057896897196769714355 0.073944196105003356934 0.00041873240843415260315 0.014863904565572738647 0.03214403986930847168 0.081392683088779449463 0.012047236785292625427 0.058890417218208312988 0.078072011470794677734 0.038345638662576675415 0.049447607249021530151 0.055256936699151992798 0.043817214667797088623
-9999 -9999 -9999 -9999 -9999 -9999 -9999 -9999 -9999 -9999 -9999 -9999 -9999 -9999 -9999 -9999 0.0040043327026069164276 0.0065591158345341682434 0.0078086154535412788391 0.14734864234924316406 0 0 0 0 0.0033572588581591844559 0.018446736037731170654 0.1002222895622253418 0.092309676110744476318 0.090247340500354766846 0.0087553402408957481384 0.076842397451400756836 0.00041303894249722361565 0.003357978304848074913 0.017766103148460388184 0.11874309927225112915 0.014908785000443458557 0.061732325702905654907 0.080916412174701690674 0.0005426617572084069252 0.093022733926773071289 0.058133613318204879761 0.046685248613357543945
-9999 -9999 -9999 -9999 -9999 -9999 -9999 -9999 -9999 -9999 -9999 -9999 -9999 -9999 -9999 0 0.0048298998735845088959 0.022494293749332427979 0.15533648431301116943 0 0 0 0 0 0.024241531267762184143 0.021583272144198417664 0.10397376120090484619 0.09606647491455078125 0.093819648027420043945 0.011688595637679100037 0.079691722989082336426 0.00039467477472499012947 0.0033570430241525173187 0.0062716305255889892578 0.020639386028051376343 0.13883168995380401611 0.064600877463817596436 0.083848580718040466309 0.00063962698914110660553 0.09883610159158706665 0.061026006937026977539 0.049542710185050964355
-9999 -9999 -9999 -9999 -9999 -9999 -9999 -9999 -9999 -9999 -9999 -9999 -9999 -9999 -9999 0 0.19999940693378448486 0.19486990571022033691 0.0015546869253739714622 0 0 0 0 0.00030495773535221815109 0.0060887602157890796661 0.027426389977335929871 0.1319916844367980957 0.09936965256929397583 0.097011752426624298096 0.015130925923585891724 0.00082325749099254608154 0.082661114633083343506 0.0033439432736486196518 0.0062419134192168712616 0.0090910280123353004456 0.1646213233470916748 0.067437700927257537842 0.08673918992280960083 0.00067587528610602021217 0.10459260642528533936 0.063887700438499450684 0.052399788051843643188
-9999 -9999 -9999 -9999 -9999 -9999 -9999 -9999 -9999 -9999 -9999 -9999 -9999 -9999 -9999 0.21935874223709106445 0 0 0 0 0 0 0.0065654120407998561859 0.01276892051100730896 0.0033190029207617044449 0.009587136097252368927 0.03094330616295337677 0.23704405128955841064 0.10015549510717391968 0.018258806318044662476 0.00089246890274807810783 0.0039189509116113185883 0.086073026061058044434 0.006681624334305524826 0.0089825456961989402771 0.011828842572867870331 0.23728629946708679199 0.00054977706167846918106 0.08970597386360168457 0.0035521874669939279556 0.17347562313079833984 0.055263526737689971924
-9999 -9999 -9999 -9999 -9999 -9999 -9999 -9999 -9999 -9999 -9999 -9999 -9999 0 0 0.013181417249143123627 0.00025828182697296142578 0 0 0 0 0 0.018637705594301223755 0.0092195235192775726318 0.015840329229831695557 0.0063774087466299533844 0.012566311284899711609 0.27303847670555114746 0.10296344757080078125 0.021121522411704063416 0.003800052916631102562 0.00082168658263981342316 0.0068782819435000419617 0.088953085243701934814 0.0094611002132296562195 0.012198838405311107635 0.014750137925148010254 0.24028851091861724854 0.0035092753823846578598 0.092565990984439849854 0.0064100902527570724487 0.23380517959594726562
-9999 -9999 -9999 -9999 -9999 -9999 -9999 -9999 -9999 -9999 -9999 -9999 -9999 -9999 0 0 0 0 0 0 0 0.015161668881773948669 0.018019957467913627625 0.042712219059467315674 0.05813427269458770752 0.079936228692531585693 0.092126607894897460938 0.11027052253484725952 0.27542325854301452637 0.10555196553468704224 0.023917807266116142273 0.0067011723294854164124 0.0037280698306858539581 0.0096632875502109527588 0.091644331812858581543 0.012365222908556461334 0.015402046032249927521 0.018321869894862174988 0.24374224245548248291 0.0063965604640543460846 0.095455758273601531982 0.24528242647647857666
-9999 -9999 -9999 -9999 -9999 -9999 -9999 -9999 -9999 -9999 -9999 -9999 -9999 -9999 -9999 -9999 0 0 0 0 0.0061965235508978366852 0.0090813785791397094727 0.012045505456626415253 0.015112918801605701447 0.018273556604981422424 0.021467778831720352173 0.024687891826033592224 0.027676112949848175049 0.14380417764186859131 0.42532753944396972656 0.10847333073616027832 0.026770781725645065308 0.0094128204509615898132 0.0063389190472662448883 0.012316034175455570221 0.094617642462253570557 0.015622811391949653625 0.018507728353142738342 0.021241543814539909363 0.2466309964656829834 0.0097323330119252204895 0.3457514345645904541
-9999 -9999 -9999 -9999 -9999 -9999 -9999 -9999 -9999 -9999 -9999 -9999 -9999 -9999 -9999 -9999 -9999 0 0 0.0087281782180070877075 0.011680300347506999969 0.014615643769502639771 0.017508128657937049866 0.020629981532692909241 0.023933658376336097717 0.027235507965087890625 0.030526487156748771667 0.033536128699779510498 0.036265280097723007202 0.039221808314323425293 0.47092854976654052734 0.58525359630584716797 0.61755079030990600586 0.012017779052257537842 0.0090823741629719734192 0.0153293609619140625 0.097788430750370025635 0.11870246380567550659 0.14219982922077178955 0.024054285138845443726 0.24957841634750366211 0.012769196182489395142
-9999 -9999 -9999 -9999 -9999 -9999 -9999 -9999 -9999 -9999 -9999 -9999 -9999 -9999 -9999 -9999 -9999 0 0 0.0052763912826776504517 0.0084515316411852836609 0.011505891568958759308 0.29764133691787719727 0.30080699920654296875 0.30416187644004821777 0.30743813514709472656 0.31066912412643432617 0.31369623541831970215 0.31651479005813598633 0.31953671574592590332 0.3227685093879699707 0.32576981186866760254 0.32857000827789306641 0.95200479030609130859 0.96981799602508544922 0.98494988679885864258 1.0063734054565429688 1.0095617771148681641 1.0126678943634033203 1.1603055000305175781 1.18973541259765625 1.4443362951278686523
-9999 -9999 -9999 -9999 -9999 -9999 -9999 -9999 -9999 -9999 -9999 -9999 -9999 -9999 -9999 -9999 0 0 0.0049910661764442920685 0.066815875470638275146 0.10264212638139724731 0.27945119142532348633 0.019606158137321472168 0.045906305313110351562 0.078043147921562194824 0.081207513809204101562 0.16225694119930267334 0.1942170560359954834 0.26625984907150268555 0.26932346820831298828 0.27250772714614868164 0.27550983428955078125 0.27831277251243591309 0.2809867560863494873 0.28341919183731079102 0.28630706667900085449 0.28974929451942443848 0.7448088526725769043 0.75693690776824951172 0.77183073759078979492 0.8038883209228515625 0.82998627424240112305
-9999 -9999 -9999 -9999 -9999 -9999 -9999 -9999 -9999 -9999 -9999 -9999 -9999 -9999 -9999 0 0 0.031528353691101074219 0.055081311613321304321 0.028294846415519714355 0.16950106620788574219 0.016544992104172706604 0.019679626449942588806 0.025622839108109474182 0.031717348843812942505 0.074999034404754638672 0.025880562141537666321 0.066201955080032348633 0.051617033779621124268 0.054579086601734161377 0.057993058115243911743 0.060949683189392089844 0.29620307683944702148 0.31902959942817687988 0.34750714898109436035 0.38201975822448730469 0.44847390055656433105 0.0059699574485421180725 0.0092308204621076583862 0.026766577735543251038 0.021262336522340774536 0.018493324518203735352
-9999 -9999 -9999 -9999 -9999 -9999 -9999 -9999 -9999 -9999 -9999 -9999 -9999 -9999 -9999 0 0.007253157440572977066 0.017196152359247207642 0.025825979188084602356 0.16683247685432434082 0.013347869738936424255 0.016287896782159805298 0.022223865613341331482 0.028513019904494285583 0.036979679018259048462 0.022715788334608078003 0.062851496040821075439 0.048617601394653320312 0.057469774037599563599 0.15227088332176208496 0.2039801478385925293 0.2297614365816116333 0.017229568213224411011 0.022866282612085342407 0.028574725612998008728 0.060276519507169723511 0.0029294148553162813187 0.0058907768689095973969 0.023255420848727226257 0.017662212252616882324 0.014951777644455432892 0.015077013522386550903
-9999 -9999 -9999 -9999 -9999 -9999 -9999 -9999 -9999 -9999 -9999 -9999 -9999 -9999 0 0.00089968577958643436432 0.014233800582587718964 0.023018881678581237793 0.16421450674533843994 0.01073862612247467041 0.013546295464038848877 0.019259067252278327942 0.02507705986499786377 0.033838137984275817871 0.019671432673931121826 0.059979159384965896606 0.045666102319955825806 0.054407164454460144043 0.089068278670310974121 0.046183891594409942627 0.020378753542900085449 0.014594461768865585327 0.020253160968422889709 0.025989621877670288086 0.057628344744443893433 0.00022853999689687043428 0.003180146683007478714 0.02045882493257522583 0.014769917353987693787 0.011984040960669517517 0.012093341909348964691 0.020824950188398361206
-9999 -9999 -9999 -9999 -9999 -9999 -9999 -9999 -9999 -9999 -9999 -9999 -9999 0 0 0.011408098042011260986 0.020052943378686904907 0.16123788058757781982 0.0078945988789200782776 0.010809636674821376801 0.016539189964532852173 0.022243900224566459656 0.03082454390823841095 0.016522476449608802795 0.056815851479768753052 0.042605582624673843384 0.051340658217668533325 0.085947975516319274902 0.043196555227041244507 0.017483374103903770447 0.011774375103414058685 0.017539191991090774536 0.023290317505598068237 0.046320259571075439453 0.0060799694620072841644 0.00028549006674438714981 0.017554281279444694519 0.011865753680467605591 0.0090645859017968177795 0.009170076809823513031 0.017900802195072174072 0.0093856900930404663086
