tests/data/reference/gistest/full/control/mqrill_m3_s.asc
ncols        125
nrows        78
xllcorner    -713756.799299980048
yllcorner    -1061032.369616159936
cellsize     10.000000000000
NODATA_value  -9999
[rows 54 to 71 of 78, columns 42 to 83 of 125]
0.02627133391797542572 0.01763283461332321167 0.017598148435354232788 0.014734481461346149445 0.014793313108384609222 0.01771989092230796814 0.020644957199692726135 0.080982118844985961914 0.11252227425575256348 0.017684144899249076843 0.017681438475847244263 0.01770486682653427124 0.029255418106913566589 0.052144110202789306641 0.037467066198587417603 0.017223451286554336548 0.014420324936509132385 0.02021409943699836731 0.028849614784121513367 0.020357796922326087952 0.037811588495969772339 0.040742654353380203247 0.043522849678993225098 0.046266157180070877075 0.04898306727409362793 0.051824018359184265137 0.054784495383501052856 0.05780963599681854248 0.060876682400703430176 0.063891939818859100342 0.066870525479316711426 0.069647327065467834473 0.072134293615818023682 0.00029777688905596733093 0.00062930816784501075745 0.0037148559931665658951 0 0.010183716192841529846 0.013145334087312221527 0.016100049018859863281 0.019047383219003677368 0.021909739822149276733
0.014746158383786678314 0.014751558192074298859 0.011867887340486049652 0.011899998411536216736 0.020591100677847862244 0.037875648587942123413 0.055139683187007904053 0.026383442804217338562 0.014827712439000606537 0.014827662147581577301 0.014864408411085605621 0.026380615308880805969 0.017810050398111343384 0.034953553229570388794 0.014570165425539016724 0.011564878746867179871 0.017362857237458229065 0.026026284322142601013 0.017438080161809921265 0.034764353185892105103 0.00046237456263042986393 0.043657306581735610962 0.066642425954341888428 0.069417044520378112793 0.11232019215822219849 0.17544670403003692627 0.17841240763664245605 0.18139429390430450439 0.18439458310604095459 0.1873760521411895752 0.19033922255039215088 0.19311895966529846191 0.19562610983848571777 0.19849498569965362549 0.20174083113670349121 0.20482261478900909424 0.20107316970825195312 0.21076557040214538574 0.21370105445384979248 0.21661861240863800049 0.21952073276042938232 0.22236932814121246338
0.011859998106956481934 0.0089944116771221160889 0.0089972354471683502197 0.0176648702472448349 0.012003191746771335602 0.012044872157275676727 0.023544680327177047729 0.012029808014631271362 0.011974574066698551178 0.012005450204014778137 0.023577159270644187927 0.014970606192946434021 0.032194074243307113647 0.012007608078420162201 0.0089348219335079193115 0.014568664133548736572 0.023203827440738677979 0.014629488810896873474 0.031927436590194702148 0.01762074790894985199 0.037811368703842163086 0.01778439059853553772 0.01785371825098991394 0.037918027490377426147 0.057820525020360946655 0.020448153838515281677 0.043542426079511642456 0.046505384147167205811 0.049462776631116867065 0.052420418709516525269 0.055374182760715484619 0.058202300220727920532 0.06086948886513710022 0.063778668642044067383 0.066909380257129669189 0.062988810241222381592 0.066444665193557739258 0.075883232057094573975 0.078791335225105285645 0.081675477325916290283 0.084538720548152923584 0.087402604520320892334
0.0061106677167117595673 0.0061098271980881690979 0.014731911011040210724 0.0090411743149161338806 0.0091414572671055793762 0.020693548023700714111 0.0092193512246012687683 0.0091981571167707443237 0.0091470731422305107117 0.020699804648756980896 0.012205719016492366791 0.029427245259284973145 0.0092141032218933105469 0.0062876855954527854919 0.011953626759350299835 0.020481130108237266541 0.011827066540718078613 0.029092270880937576294 0.014810452237725257874 0.014849921688437461853 0.014854890294373035431 0.014911831356585025787 0.015002763830125331879 0.055191680788993835449 0.017732609063386917114 0.017700236290693283081 0.046511661261320114136 0.069580309092998504639 0.092631734907627105713 0.14727039635181427002 0.15020026266574859619 0.15306620299816131592 0.15585649013519287109 0.15875032544136047363 0.16175256669521331787 0.1578887253999710083 0.16128620505332946777 0.17062215507030487061 0.17348879575729370117 0.1763378828763961792 0.17917294800281524658 0.18206720054149627686
0.0032084272243082523346 0.011820340529084205627 0.0060562868602573871613 0.0060964082367718219757 0.017682148143649101257 0.0062552369199693202972 0.0062948977574706077576 0.006284733302891254425 0.017720809206366539001 0.0091881277039647102356 0.026620944961905479431 0.0064861313439905643463 0.0033963720779865980148 0.009093220345675945282 0.017736263573169708252 0.0090680429711937904358 0.02625257149338722229 0.011899341829121112823 0.011977748945355415344 0.012019797228276729584 0.012016874738037586212 0.012047489173710346222 0.052325427532196044922 0.015006451867520809174 0.014934375882148742676 0.043634906411170959473 0.017857518047094345093 0.017931524664163589478 0.049593590199947357178 0.020938560366630554199 0.043983962386846542358 0.04688401147723197937 0.049754295498132705688 0.052652932703495025635 0.055587284266948699951 0.051817517727613449097 0.055110204964876174927 0.064386978745460510254 0.067224577069282531738 0.070063196122646331787 0.0729047432541847229 0.21754242479801177979
0.0088954241946339607239 0.0031446581706404685974 0.0031208281870931386948 0.014619329012930393219 0.0031687889713793992996 0.0032056546770036220551 0.0032401827629655599594 0.014747881330549716949 0.0060848961584270000458 0.023447148501873016357 0.0036088628694415092468 0.00071219244273379445076 0.0061359414830803871155 0.014670424163341522217 0.0061673554591834545135 0.023425484076142311096 0.0090164626017212867737 0.0090154139325022697449 0.0090731568634510040283 0.0091323731467127799988 0.0091629168018698692322 0.049388952553272247314 0.012087880633771419525 0.012115898542106151581 0.040824878960847854614 0.014970992691814899445 0.015006806701421737671 0.046665236353874206543 0.018024124205112457275 0.018099108710885047913 0.018164865672588348389 0.035449024289846420288 0.041220527142286300659 0.047015205025672912598 0.061444230377674102783 0.057914376258850097656 0.067289024591445922852 0.07015810161828994751 0.084468305110931396484 0.10501172393560409546 0.13994066417217254639 0.0097805699333548545837
0.00014344706141855567694 0.00018258202180732041597 0.011703856289386749268 0.00021303660469129681587 0.00021816945809405297041 0.00019923501531593501568 0.011665960773825645447 0.0030796984210610389709 0.020352981984615325928 0.00039640927570872008801 0.00067894399398937821388 0.0035129794850945472717 0.011723397299647331238 0.0029758911114186048508 0.020427253097295761108 0.0061437464319169521332 0.0061312923207879066467 0.0061181811615824699402 0.0061311693862080574036 0.0062035503797233104706 0.046502232551574707031 0.0091909384354948997498 0.0091878101229667663574 0.037949714809656143188 0.012144650332629680634 0.012161505408585071564 0.043773122131824493408 0.0150987282395362854 0.015167029574513435364 0.015239547938108444214 0.012441757135093212128 0.00097684503998607397079 0.00098024168983101844788 0.0096663013100624084473 0.00113774067722260952 0 0.0069752568379044532776 0.0098323319107294082642 0.015967838466167449951 0.030302803963422775269 0.0068575385957956314087 0.0040257102809846401215
0.0056662759743630886078 0.0086444802582263946533 0.0001504499814473092556 0.0030752741731703281403 0.0059457737952470779419 0.0087484521791338920593 0 0.017291152849793434143 0.00021447909239213913679 0.0032651785295456647873 0.0063504348509013652802 0.0091464696452021598816 5.0026676035486161709e-05 0.017119461670517921448 0.0030265487730503082275 0.0031741755083203315735 0.0032169513870030641556 0.0032045571133494377136 0.0031635030172765254974 0.043453298509120941162 0.0062558674253523349762 0.0063119512051343917847 0.035029295831918716431 0.0092162201181054115295 0.0092942947521805763245 0.040942896157503128052 0.012241922318935394287 0.012283373624086380005 0.012338253669440746307 0.0095189409330487251282 0.00095800944836810231209 0.0038449170533567667007 0.0066825486719608306885 0.00098970346152782440186 0.0039901295676827430725 0 0.01027985941618680954 0.013132951222360134125 0.02742823772132396698 0.00394434342160820961 0.0010812351247295737267 0.0011123705189675092697
-9999 0 0.0028926543891429901123 0.0058747446164488792419 0.0087576331570744514465 0.011528341099619865417 0.014156927354633808136 0 0.00310768885537981987 0.0061622569337487220764 0.0091277891770005226135 0.0118845328688621521 0.014312644489109516144 0 0 0.00014731302508153021336 0.00024625734658911824226 0.00023961497936397790909 0.04036502540111541748 0.0030800201930105686188 0.0032559735700488090515 0.03206805884838104248 0.0062200725078582763672 0.0062697860412299633026 0.037967395037412643433 0.0093218022957444190979 0.0093731125816702842712 0.009431058540940284729 0.0066316020675003528595 0.00093599065439775586128 0.0038553706835955381393 0.0067269722931087017059 0.0095437336713075637817 0.01245892699807882309 0.015459982678294181824 0 0.021731797605752944946 0.02458794228732585907 0.001083643641322851181 0.0010530343279242515564 0.0039338688366115093231 0.0068225190043449401855
-9999 -9999 -9999 -9999 8.1475969636812806129e-05 0.0028321375139057636261 0.0054240445606410503387 0.0084403920918703079224 0.011757251806557178497 0.014769727364182472229 0.017593504860997200012 0.0203275289386510849 0.022896934300661087036 0.025607990100979804993 0.028593437746167182922 0.031588468700647354126 0.03457822650671005249 0.03744569048285484314 0 0 0.028902489691972732544 0.0031371668446809053421 0.0031587695702910423279 0.034836806356906890869 0.0062253703363239765167 0.0063513759523630142212 0.0064563713967800140381 0.0036752759478986263275 0.00090215401723980903625 0.0038396995514631271362 0.0067466264590620994568 0.0096139041706919670105 0.012434307485818862915 0.01532583869993686676 0.018290873616933822632 0 0.02456633932888507843 0.027440413832664489746 0.030295342206954956055 0.033146888017654418945 0.036006603389978408813 0.038869384676218032837
-9999 -9999 -9999 -9999 -9999 -9999 -9999 -9999 -9999 -9999 0.00012134328426327556372 0.0028285142034292221069 0.0056136990897357463837 0.0084367096424102783203 0.0113331647589802742 0.014255221933126449585 0.017198413610458374023 0.020052080973982810974 0.022801602259278297424 0.025671891868114471436 0 3.1753232178743928671e-05 0.031671907752752304077 0.0030256842728704214096 0.003149237949401140213 0.0033282828517258167267 0.00064809480682015419006 0.00079186225775629281998 0.0037875284906476736069 0.0067271119914948940277 0.0096223494037985801697 0.012491867877542972565 0.015331708826124668121 0.018207266926765441895 0.021123809739947319031 0 0.027421128004789352417 0.03032880835235118866 0.033229075372219085693 0.036093343049287796021 0.038927074521780014038 0.041762076318264007568
-9999 -9999 -9999 -9999 -9999 -9999 -9999 -9999 -9999 -9999 -9999 0 0.0026589254848659038544 0.0056128120049834251404 0.0085182590410113334656 0.011395767331123352051 0.01424077153205871582 0.017060885205864906311 0.019857870414853096008 0.02269238792359828949 0.025573687627911567688 0.028492476791143417358 0 0 7.5741801992990076542e-05 0.00030554688419215381145 0.0034539776388555765152 0.0065181055106222629547 0.0095298010855913162231 0.012467000633478164673 0.015347938984632492065 0.018211411312222480774 0.021059527993202209473 0.06417872011661529541 0.069972373545169830322 0 0.076268561184406280518 0.079197041690349578857 0.08213008195161819458 0.085003629326820373535 0.087821722030639648438 0.090635068714618682861
-9999 -9999 -9999 -9999 -9999 -9999 -9999 -9999 -9999 -9999 -9999 -9999 -9999 -9999 -9999 -9999 -9999 -9999 -9999 0 0.0023826044052839279175 0.0052017676644027233124 0.0082159228622913360596 0.01129057910293340683 0.014382570981979370117 0.017517916858196258545 0.020660938695073127747 0.02372862398624420166 0.026748295873403549194 0.029678285121917724609 0.032539255917072296143 0.035381481051445007324 0.038207840174436569214 0.00090115785133093595505 0.0010061020730063319206 0 0.0073101408779621124268 0.010254410095512866974 0.013217506930232048035 0.01611040160059928894 0.018940629437565803528 0.021753484383225440979
-9999 -9999 -9999 -9999 -9999 -9999 -9999 -9999 -9999 -9999 -9999 -9999 -9999 -9999 -9999 -9999 -9999 -9999 -9999 -9999 -9999 -9999 0 0.0026228690985590219498 0.0058323116973042488098 0.0089589823037385940552 0.012020713649690151215 0.015060819685459136963 0.018088307231664657593 0.02101290971040725708 0.023854643106460571289 0.026681132614612579346 0.029488166794180870056 0.032428976148366928101 0.035467866808176040649 0.03163717314600944519 0.041299875825643539429 0.044249471276998519897 0.047237094491720199585 0.05015129968523979187 0.053005833178758621216 0.05582583695650100708
-9999 -9999 -9999 -9999 -9999 -9999 -9999 -9999 -9999 -9999 -9999 -9999 -9999 -9999 -9999 -9999 -9999 -9999 -9999 -9999 -9999 -9999 -9999 -9999 0.00021690911671612411737 0.003300972282886505127 0.006253947969526052475 0.0092490632086992263794 0.012284370139241218567 0.015203353017568588257 0.018022987991571426392 0.020847676321864128113 0.023674266412854194641 0.026645030826330184937 0.029716748744249343872 0.025864390656352043152 0.035522602498531341553 0.038470275700092315674 0.041477411985397338867 0.044417195022106170654 0.047306612133979797363 0.050144657492637634277
-9999 -9999 -9999 -9999 -9999 -9999 -9999 -9999 -9999 -9999 -9999 -9999 -9999 -9999 -9999 -9999 -9999 -9999 -9999 -9999 -9999 -9999 -9999 -9999 -9999 0.00049848045455291867256 0.00048436067299917340279 0.0034376697149127721786 0.0064820004627108573914 0.0093935877084732055664 0.012183587066829204559 0.015012191608548164368 0.017885064706206321716 0.020880050957202911377 0.01679685153067111969 0.026897048577666282654 -9999 -9999 -9999 -9999 -9999 -9999
-9999 -9999 -9999 -9999 -9999 -9999 -9999 -9999 -9999 -9999 -9999 -9999 -9999 -9999 -9999 -9999 -9999 -9999 -9999 -9999 -9999 -9999 -9999 -9999 -9999 -9999 -9999 0.0005210912204347550869 0.0035592433996498584747 0.0064580026082694530487 0.0092235086485743522644 0.012064648792147636414 0.014991887845098972321 0.017994226887822151184 -9999 -9999 -9999 -9999 -9999 -9999 -9999 -9999
-9999 -9999 -9999 -9999 -9999 -9999 -9999 -9999 -9999 -9999 -9999 -9999 -9999 -9999 -9999 -9999 -9999 -9999 -9999 -9999 -9999 -9999 -9999 -9999 -9999 -9999 -9999 -9999 0.00063323817448690533638 0.0035093573387712240219 0.0062848352827131748199 0.0091613093391060829163 0.012133785523474216461 -9999 -9999 -9999 -9999 -9999 -9999 -9999 -9999 -9999
