tests/data/reference/gistest/full/control/mqrill_m3_s.asc
ncols        125
nrows        78
xllcorner    -713756.799299980048
yllcorner    -1061032.369616159936
cellsize     10.000000000000
NODATA_value  -9999
[rows 54 to 71 of 78, columns 42 to 83 of 125]
0.02627150900661945343 0.017632953822612762451 0.017598267644643783569 0.014734582975506782532 0.01479341462254524231 0.01772000826895236969 0.020645093172788619995 0.080982625484466552734 0.11826668679714202881 0.017684264108538627625 0.017681557685136795044 0.017704986035823822021 0.029255609959363937378 0.052144438028335571289 0.048950754106044769287 0.017223570495843887329 0.014420426450669765472 0.020214235410094261169 0.028849808499217033386 0.020357934758067131042 0.037811838090419769287 0.040742922574281692505 0.043523136526346206665 0.046266462653875350952 0.048983395099639892578 0.051824368536472320557 0.054784860461950302124 0.05781002342700958252 0.060877088457345962524 0.063892371952533721924 0.066870972514152526855 0.069647796452045440674 0.072134785354137420654 0.00029779315809719264507 0.00062932405853644013405 0.0037148878909647464752 0 0.010183764621615409851 0.013145398348569869995 0.016100130975246429443 0.019047481939196586609 0.021909853443503379822
0.014746259897947311401 0.014751659706234931946 0.011867971159517765045 0.011900082230567932129 0.020591236650943756104 0.037875890731811523438 0.055140025913715362549 0.032127674669027328491 0.014827813021838665009 0.014827763661742210388 0.014864509925246238708 0.026380788534879684448 0.017810169607400894165 0.046438224613666534424 0.014570266939699649811 0.011564962565898895264 0.017362976446747779846 0.026026457548141479492 0.017438201233744621277 0.034764584153890609741 0.0004623906861525028944 0.043657582253217697144 0.066642843186855316162 0.069417484104633331299 0.11232089251279830933 0.18118791282176971436 0.18415331840515136719 0.18713493645191192627 0.19013495743274688721 0.19311618804931640625 0.19607912003993988037 0.19885861873626708984 0.20136550068855285645 0.20423415303230285645 0.20747977495193481445 0.21056133508682250977 0.20681133866310119629 0.21650351583957672119 0.21943879127502441406 0.22235615551471710205 0.22525808215141296387 0.2281064838171005249
0.011860081925988197327 0.0089944787323474884033 0.0089973015710711479187 0.01766498759388923645 0.012003275565803050995 0.01204495597630739212 0.029289355501532554626 0.012029891833662986755 0.011974657885730266571 0.01200553402304649353 0.023577313870191574097 0.014970706775784492493 0.043679635971784591675 0.012007690966129302979 0.0089348880574107170105 0.014568764716386795044 0.023203983902931213379 0.014629591256380081177 0.031927648931741714478 0.017620867118239402771 0.03781161084771156311 0.017784509807825088501 0.017853835597634315491 0.03791826590895652771 0.06356134265661239624 0.020448289811611175537 0.043542701750993728638 0.046505678445100784302 0.049463089555501937866 0.052420750260353088379 0.055374532938003540039 0.058202669024467468262 0.060869880020618438721 0.063779078423976898193 0.066909812390804290771 0.062989264726638793945 0.066445149481296539307 0.075883731245994567871 0.078791856765747070312 0.081676021218299865723 0.084539279341697692871 0.087403193116188049316
0.0061107175424695014954 0.006109877023845911026 0.014732012525200843811 0.0090412413701415061951 0.0091415233910083770752 0.026438675820827484131 0.0092194173485040664673 0.0091982232406735420227 0.0091471392661333084106 0.020699942484498023987 0.012205802835524082184 0.040913682430982589722 0.0092141693457961082458 0.0062877344898879528046 0.011953709647059440613 0.0204812660813331604 0.011827151291072368622 0.029092462733387947083 0.014810552820563316345 0.014850022271275520325 0.014854991808533668518 0.014911931939423084259 0.015002865344285964966 0.060932908207178115845 0.017732728272676467896 0.017700355499982833862 0.055124081671237945557 0.078192301094532012939 0.10124335438013076782 0.16162216663360595703 0.16455134749412536621 0.16741660237312316895 0.17020623385906219482 0.17309947311878204346 0.17610116302967071533 0.17223589122295379639 0.17563197016716003418 0.1849673837423324585 0.18783348798751831055 0.1906820833683013916 0.19351662695407867432 0.19641032814979553223
0.0032084598205983638763 0.011820423416793346405 0.0060563366860151290894 0.0060964575968682765961 0.023427745327353477478 0.0062552862800657749176 0.0062949475832283496857 0.0062847831286489963531 0.017720928415656089783 0.0091881938278675079346 0.038108248263597488403 0.0064861807040870189667 0.0033964044414460659027 0.009093286469578742981 0.017736382782459259033 0.0090681109577417373657 0.026252742856740951538 0.011899424716830253601 0.011977831833064556122 0.012019881047308444977 0.012016958557069301605 0.012047572061419487 0.058067046105861663818 0.015006552450358867645 0.014934476464986801147 0.052247945219278335571 0.017857637256383895874 0.017931643873453140259 0.055334463715553283691 0.020938694477081298828 0.04398423805832862854 0.046884302049875259399 0.049754604697227478027 0.052653260529041290283 0.055587630718946456909 0.051817886531352996826 0.05511059984564781189 0.064387395977973937988 0.06722500920295715332 0.070063650608062744141 0.072905212640762329102 0.21754375100135803223
0.0088954903185367584229 0.003144690999761223793 0.0031208610162138938904 0.020365418866276741028 0.0031688218005001544952 0.0032056872732937335968 0.003240215592086315155 0.014747982844710350037 0.0060849455185234546661 0.034935314208269119263 0.0036088954657316207886 0.0007122084498405456543 0.0061359908431768417358 0.014670525677502155304 0.0061674057506024837494 0.023425638675689697266 0.0090165287256240844727 0.0090154800564050674438 0.0090732239186763763428 0.0091324392706155776978 0.0091629838570952415466 0.055130966007709503174 0.012087963521480560303 0.012115981429815292358 0.049438562244176864624 0.014971094205975532532 0.015006909146904945374 0.052406493574380874634 0.018024241551756858826 0.018099226057529449463 0.01816498488187789917 0.035449244081974029541 0.041220780462026596069 0.047015495598316192627 0.061444606631994247437 0.057914778590202331543 0.067289441823959350586 0.070158541202545166016 0.084468826651573181152 0.10501235723495483398 0.13994148373603820801 0.0097806351259350776672
0.00014346360694617033005 0.00018259849457535892725 0.017450463026762008667 0.00021305300469975918531 0.00021818584355060011148 0.00019925145898014307022 0.01166604459285736084 0.0030797310173511505127 0.031842105090618133545 0.00039642545743845403194 0.00067895994288846850395 0.0035130118485540151596 0.011723481118679046631 0.0029759248718619346619 0.020427390933036804199 0.0061437957920134067535 0.0061313416808843612671 0.0061182309873402118683 0.0061312192119657993317 0.0062035997398197650909 0.052244655787944793701 0.0091910045593976974487 0.0091878762468695640564 0.046564035117626190186 0.012144733220338821411 0.012161591090261936188 0.049514777958393096924 0.015098828822374343872 0.015167130157351493835 0.015239649452269077301 0.012441840022802352905 0.00097686075605452060699 0.00098025752231478691101 0.0096663665026426315308 0.0011377563932910561562 0 0.0069753057323396205902 0.0098323971033096313477 0.015967920422554016113 0.030302973464131355286 0.0068575870245695114136 0.0040257424116134643555
0.011413941159844398499 0.014391609467566013336 0.00015046649787109345198 0.0030753070022910833359 0.00594582362100481987 0.0087485183030366897583 0 0.028781291097402572632 0.00021449549240060150623 0.003265211125835776329 0.0063504842109978199005 0.0091465357691049575806 5.0043920055031776428e-05 0.017119580879807472229 0.0030265811365097761154 0.0031742078717797994614 0.0032169844489544630051 0.0032045899424701929092 0.0031635358463972806931 0.049196135252714157104 0.0062559167854487895966 0.0063120000995695590973 0.043644268065690994263 0.0092162862420082092285 0.0092943627387285232544 0.04668496549129486084 0.01224200613796710968 0.012283456511795520782 0.0123383374884724617 0.0095190061256289482117 0.00095802528085187077522 0.0038449489511549472809 0.0066825971007347106934 0.00098971929401159286499 0.0039901616983115673065 0 0.010279907844960689545 0.013133016414940357208 0.027428390458226203918 0.0039443750865757465363 0.0010812508407980203629 0.0011123862350359559059
0.0082595115527510643005 0.011267191730439662933 0.014387765899300575256 0.017368879169225692749 0.020250817760825157166 0.023020563647150993347 0.025648120790719985962 0 0.0031077212188392877579 0.0061623053625226020813 0.0091278553009033203125 0.011884615756571292877 0.014312745071947574615 0 0 0.00014732957060914486647 0.00024627370294183492661 0.00023963136482052505016 0.046108301728963851929 0.0030800525564700365067 0.0032560059335082769394 0.040683694183826446533 0.0062201218679547309875 0.0062698372639715671539 0.043709881603717803955 0.0093218684196472167969 0.0093731787055730819702 0.009431124664843082428 0.0066316509619355201721 0.00093600648688152432442 0.0038554028142243623734 0.0067270207218825817108 0.0095437988638877868652 0.012459008954465389252 0.015460081398487091064 0 0.021731914952397346497 0.024588074535131454468 0.0010836593573912978172 0.0010530500439926981926 0.0039339009672403335571 0.0068225674331188201904
0 0 0 0.0029666868504136800766 0.0058308895677328109741 0.008581075817346572876 0.01117249857634305954 0.014188391156494617462 0.017504854127764701843 0.020516963675618171692 0.023340370506048202515 0.026073973625898361206 0.028642902150750160217 0.031353477388620376587 0.034338474273681640625 0.037333067506551742554 0.040322396904230117798 0.043189428746700286865 0 0 0.037518803030252456665 0.0031371994409710168839 0.0031588037963956594467 0.040579725056886672974 0.0062254192307591438293 0.0063514248467981815338 0.0064564212225377559662 0.0036753083113580942154 0.00090216984972357749939 0.0038397316820919513702 0.0067466748878359794617 0.009613969363272190094 0.012434389442205429077 0.015325937420129776001 0.018290989100933074951 0 0.024566471576690673828 0.027440564706921577454 0.030295511707663536072 0.033147074282169342041 0.036006804555654525757 0.038869608193635940552
-9999 -9999 -9999 0.00014831028238404542208 8.7320338934659957886e-05 0.0028290168847888708115 0.005491842515766620636 0 0.0031597572378814220428 0.0060914969071745872498 0.0087447641417384147644 0.011451207101345062256 0.014235612936317920685 0.017057875171303749084 0.019953629001975059509 0.022875016555190086365 0.025817546993494033813 0.028670534491539001465 0.031419340521097183228 0.034288916736841201782 0 3.1770894565852358937e-05 0.037415292114019393921 0.0030257168691605329514 0.0031492703128606081009 0.0033283159136772155762 0.0006481108139269053936 0.00079187814844772219658 0.0037875606212764978409 0.0067271604202687740326 0.0096224145963788032532 0.012491949833929538727 0.015331807546317577362 0.018207384273409843445 0.021123941987752914429 0 0.027421278879046440125 0.030328975990414619446 0.033229261636734008789 0.036093547940254211426 0.038927298039197921753 0.041762314736843109131
-9999 -9999 -9999 -9999 -9999 -9999 -9999 -9999 -9999 0.00029311489197425544262 0.0027695239987224340439 0.0054075662046670913696 0.0084067303687334060669 0.011360151693224906921 0.014265155419707298279 0.017142215743660926819 0.019986780360341072083 0.022806473076343536377 0.025603048503398895264 0.028437154367566108704 0.031318020075559616089 0.034236349165439605713 0 0 7.5758638558909296989e-05 0.00030556309502571821213 0.0034540100023150444031 0.0065181539393961429596 0.0095298672094941139221 0.012467082589864730835 0.015348037704825401306 0.018211526796221733093 0.021059660241007804871 0.08714450150728225708 0.092936918139457702637 0 0.099231608211994171143 0.10215895622968673706 0.10509093105792999268 0.10796345770359039307 0.11078056693077087402 0.1135929599404335022
-9999 -9999 -9999 -9999 -9999 -9999 -9999 -9999 -9999 -9999 0 0 0.002615776844322681427 0.0056645101867616176605 0.0086296871304512023926 0.011497816070914268494 0.014250574633479118347 0.017041234299540519714 0.019901935011148452759 0.022692451253533363342 0.025367779657244682312 0.028184991329908370972 0.031197231262922286987 0.034270010888576507568 0.037360273301601409912 0.040494076907634735107 0.043635703623294830322 0.046702075749635696411 0.04972049221396446228 0.052649237215518951416 0.055508933961391448975 0.058349825441837310791 0.061174761503934860229 0.00090117368381470441818 0.0010061179054901003838 0 0.007310172542929649353 0.010254457592964172363 0.013217571191489696503 0.016110483556985855103 0.018940728157758712769 0.021753598004579544067
-9999 -9999 -9999 -9999 -9999 -9999 -9999 -9999 -9999 -9999 -9999 -9999 -9999 -9999 -9999 -9999 -9999 -9999 0 0 0 0 0 0.0026229014620184898376 0.0058323610574007034302 0.0089590484276413917542 0.012020796537399291992 0.015060919336974620819 0.018088424578309059143 0.021013041958212852478 0.023854793980717658997 0.026681300252676010132 0.029488353058695793152 0.032429181039333343506 0.035468090325593948364 0.031637419015169143677 0.041300136595964431763 0.044249750673770904541 0.047237392514944076538 0.050151620060205459595 0.05300617218017578125 0.055826190859079360962
-9999 -9999 -9999 -9999 -9999 -9999 -9999 -9999 -9999 -9999 -9999 -9999 -9999 -9999 -9999 -9999 -9999 -9999 -9999 -9999 -9999 0.0023256903514266014099 0.0024095468688756227493 0 0.00021692547306884080172 0.0033010048791766166687 0.0062539973296225070953 0.0092491293326020240784 0.012284453026950359344 0.015203452669084072113 0.018023105338215827942 0.020847810432314872742 0.023674417287111282349 0.026645198464393615723 0.029716935008764266968 0.025864599272608757019 0.035522829741239547729 0.038470517843961715698 0.041477672755718231201 0.044417474418878555298 0.047306910157203674316 0.05014497414231300354
-9999 -9999 -9999 -9999 -9999 -9999 -9999 -9999 -9999 -9999 -9999 -9999 -9999 -9999 -9999 -9999 -9999 -9999 -9999 -9999 -9999 -9999 -9999 0.0057391971349716186523 0.0032234874088317155838 0.00049849657807499170303 0.00048437679652124643326 0.0034377020783722400665 0.006482049357146024704 0.0093936529010534286499 0.012183669023215770721 0.015012291260063648224 0.017885182052850723267 0.020880185067653656006 0.016797006130218505859 0.026897218078374862671 0.029756285250186920166 0.032698996365070343018 0.035704407840967178345 0.038659714162349700928 0.04157846793532371521 0.04443886876106262207
-9999 -9999 -9999 -9999 -9999 -9999 -9999 -9999 -9999 -9999 -9999 -9999 -9999 -9999 -9999 -9999 -9999 -9999 -9999 -9999 -9999 -9999 -9999 -9999 0.0090544838458299636841 0.0062776976265013217926 0.0033417909871786832809 0.0005211072857491672039 0.0035592755302786827087 0.0064580515027046203613 0.0092235738411545753479 0.012064731679856777191 0.014991987496614456177 0.017994342371821403503 0.013734316453337669373 0.023988230153918266296 0.026875711977481842041 -9999 -9999 -9999 -9999 -9999
-9999 -9999 -9999 -9999 -9999 -9999 -9999 -9999 -9999 -9999 -9999 -9999 -9999 -9999 -9999 -9999 -9999 -9999 -9999 -9999 -9999 -9999 -9999 -9999 -9999 -9999 0.0090893311426043510437 0.0062653305940330028534 0.00063325418159365653992 0.0035093897022306919098 0.0062848841771483421326 0.0091613754630088806152 0.012133868411183357239 0.015130939893424510956 0 -9999 -9999 -9999 -9999 -9999 -9999 -9999
