tests/data/reference/gistest/full/control/mqrill_m3_s.asc
ncols        125
nrows        78
xllcorner    -713756.799299980048
yllcorner    -1061032.369616159936
cellsize     10.000000000000
NODATA_value  -9999
[rows 38 to 56 of 78, columns 41 to 81 of 125]
7.1194459451362490654e-05 0.00048879312817007303238 0.0035123671405017375946 0.0063707726076245307922 0.0092674074694514274597 0.012199688702821731567 0.015112033113837242126 0.018006388098001480103 0.00072803412331268191338 0.00062472024001181125641 0.00062183348927646875381 0.0012514753034338355064 0.0043330644257366657257 0.0074007371440529823303 0.010346854105591773987 1.5601841211318969727 1.623389124870300293 1.6982934474945068359 1.7644681930541992188 1.8305294513702392578 1.8937103748321533203 1.9396582841873168945 1.985614776611328125 2.0315916538238525391 2.0776798725128173828 2.1093564033508300781 2.1409859657287597656 2.1725733280181884766 2.1753263473510742188 6.2124619483947753906 6.2817549705505371094 0.081072226166725158691 0.069832928478717803955 0.064392939209938049316 0.74593001604080200195 0.052878864109516143799 0.043946329504251480103 0.046691551804542541504 0.040840853005647659302 0.49996495246887207031 0.037777345627546310425
1.2560186405607964844e-05 0.00045639884774573147297 0.0034683947451412677765 0.0063010198064148426056 0.0091711562126874923706 0.012085169553756713867 0.015012207441031932831 0.017936861142516136169 0.020791320130228996277 0.023569852113723754883 0.026441229507327079773 0.029423413798213005066 0.032367717474699020386 1.4848004579544067383 1.5450575351715087891 0.058198593556880950928 0.069729365408420562744 0.061246763914823532104 0.061299789696931838989 0.058427046984434127808 0.041190896183252334595 0.041161883622407913208 0.041121859103441238403 0.041611965745687484741 0.027182186022400856018 0.027077846229076385498 0.026954876258969306946 0.0268192291259765625 0.070030979812145233154 0.10173651576042175293 0.10450160503387451172 6.3915309906005859375 6.4781904220581054688 6.5537695884704589844 6.6231250762939453125 0.80338072776794433594 0.046646855771541595459 0.0496198311448097229 0.0438671112060546875 0.50304579734802246094 0.032646063715219497681
0.011778569780290126801 0.0033903219737112522125 0.00630844850093126297 0.0090898787602782249451 0.01191342528909444809 0.014795349910855293274 0.017742384225130081177 0.020730450749397277832 0.023642897605895996094 0.026487452909350395203 0.029329732060432434082 0.032188218086957931519 1.4473013877868652344 0.055269993841648101807 0.055354028940200805664 0.066887304186820983887 0.058382101356983184814 0.058500848710536956787 0.055691372603178024292 0.038487505167722702026 0.038495916873216629028 0.038488939404487609863 0.038464672863483428955 0.0240687541663646698 0.024017663672566413879 0.02395880967378616333 0.023880120366811752319 0.03869950026273727417 0.027116823941469192505 0.39441260695457458496 0.45464089512825012207 0.4832801520824432373 0.50932806730270385742 0.50314581394195556641 0.51535665988922119141 7.1425719261169433594 0.85478508472442626953 0.052115365862846374512 0.046726275235414505005 0.00079537730198353528976 0.40157085657119750977
0.0032794203143566846848 0.014860718511044979095 0.017707528546452522278 0.020460028201341629028 0.02328417263925075531 0.026198973879218101501 0.02914874441921710968 0.032117772847414016724 0.035040125250816345215 0.037931822240352630615 1.3554276227951049805 1.4098874330520629883 0.05224619060754776001 0.052355870604515075684 0.063905917108058929443 0.055336542427539825439 0.055411569774150848389 0.05265930667519569397 0.035514809191226959229 0.035558957606554031372 0.035601399838924407959 0.03562656790018081665 0.021263051778078079224 0.02124342694878578186 0.021232990548014640808 0.021217627450823783875 0.035553347319364547729 0.024030245840549468994 0.39142930507659912109 0.055520016700029373169 0.024360816925764083862 0.021257022395730018616 0.02112483978271484375 0.053128376603126525879 0.067371614277362823486 0.098733194172382354736 7.2461829185485839844 0.85740607976913452148 0.055403411388397216797 0.04026518017053604126 0.54591226577758789062
0.25584617257118225098 0.26444259285926818848 0.26723760366439819336 0.26999196410179138184 0.27285873889923095703 0.27583432197570800781 0.27874329686164855957 0.28158688545227050781 0.28444045782089233398 1.3122217655181884766 0.049251418560743331909 0.049263413995504379272 0.049344036728143692017 0.060921803116798400879 0.052366115152835845947 0.052376437932252883911 0.049548737704753875732 0.032424956560134887695 0.032504547387361526489 0.032557610422372817993 0.032627049833536148071 0.018331902101635932922 0.018354644998908042908 0.018359260633587837219 0.01836737804114818573 0.032746650278568267822 0.021261472254991531372 0.38871023058891296387 0.052837062627077102661 0.021245632320642471313 0.018320070579648017883 0.01820546761155128479 0.027262467890977859497 0.018622798845171928406 0.018642218783497810364 0.018269373103976249695 0.027027528733015060425 7.277896881103515625 8.1420459747314453125 8.0250806808471679688 0.61043679714202880859
0.04620361328125 0.049018740653991699219 0.051854092627763748169 0.054709274321794509888 0.057627476751804351807 0.06059812009334564209 0.063455574214458465576 0.066211529076099395752 1.0221590995788574219 0.046147163957357406616 0.046269249171018600464 0.046350531280040740967 0.057880375534296035767 0.049331124871969223022 0.049370292574167251587 0.046503774821758270264 0.029297893866896629333 0.029368339106440544128 0.029424929991364479065 0.029459409415721893311 0.015181730501353740692 0.015295482240617275238 0.015371527522802352905 0.015404047444462776184 0.029801040887832641602 0.018349338322877883911 0.38584855198860168457 0.049976292997598648071 0.01841874048113822937 0.015578066930174827576 0.015577543526887893677 0.02416190318763256073 0.015498979948461055756 0.015999220311641693115 0.015883741900324821472 0.015803314745426177979 0.015635786578059196472 0.024703791365027427673 0.041204847395420074463 0.042274426668882369995 8.26140594482421875
0.62616288661956787109 0.66632431745529174805 0.71800702810287475586 0.72090303897857666016 0.72375452518463134766 0.7265790104866027832 0.90455168485641479492 0.95034462213516235352 0.043079078197479248047 0.043113231658935546875 0.043260246515274047852 0.054869130253791809082 0.0463047027587890625 0.046333797276020050049 0.043509837239980697632 0.02631273120641708374 0.026326479390263557434 0.026361795142292976379 0.026388837024569511414 0.012028509750962257385 0.01208964083343744278 0.012222341261804103851 0.012326959520578384399 0.026760313659906387329 0.015322289429605007172 0.38286414742469787598 0.047002106904983520508 0.015443856827914714813 0.012622902169823646545 0.012683473527431488037 0.021329089999198913574 0.012708396650850772858 0.012704895809292793274 0.012691988609731197357 0.013147105462849140167 0.012958204373717308044 0.012996541336178779602 0.0059879752807319164276 0 0.0389405079185962677 0.031529299914836883545
0.034873634576797485352 0.046328023076057434082 0.037724964320659637451 0.086597681045532226562 0.12966601550579071045 0.17267125844955444336 0.040484085679054260254 0.040395401418209075928 0.040274120867252349854 0.040146958082914352417 0.05165090411901473999 0.043180730193853378296 0.043248727917671203613 0.040410101413726806641 0.02327845059335231781 0.023379955440759658813 0.023412512615323066711 0.023420354351401329041 0.0090666608884930610657 0.0090463086962699890137 0.0090515147894620895386 0.0091200117021799087524 0.023590169847011566162 0.012195800431072711945 0.37976953387260437012 0.043901693075895309448 0.012357816100120544434 0.0095233172178268432617 0.0096012083813548088074 0.01831640489399433136 0.0097388746216893196106 0.0097481198608875274658 0.009777804836630821228 0.0098170405253767967224 0.0097661120817065238953 0.010142688639461994171 0.0100454697385430336 0.026460630819201469421 0 0.01060392335057258606 0.013443587347865104675
0.043645147234201431274 0.035032480955123901367 0.043636914342641830444 0.037914060056209564209 0.03789008408784866333 0.037814166396856307983 0.037752874195575714111 0.03769006580114364624 0.037568591535091400146 0.048856869339942932129 0.040139302611351013184 0.040192965418100357056 0.037333510816097259521 0.020069479942321777344 0.020184729248285293579 0.020371483638882637024 0.020437775179743766785 0.0060611781664192676544 0.0060750409029424190521 0.0060972580686211585999 0.0060862139798700809479 0.020450880751013755798 0.0090345712378621101379 0.37668016552925109863 0.040802750736474990845 0.0092356055974960327148 0.0063934470526874065399 0.0064227273687720298767 0.015147997066378593445 0.0066782082431018352509 0.0067485729232430458069 0.0067637339234352111816 0.0068193655461072921753 0.0069010583683848381042 0.0068940767087042331696 0.0067742858082056045532 0.029679622501134872437 0 0 0.0013506157556548714638 0.0042704376392066478729
0.032199025154113769531 0.040850039571523666382 0.035135965794324874878 0.035150963813066482544 0.035129576921463012695 0.035058349370956420898 0.034983072429895401001 0.03492182120680809021 0.046327263116836547852 0.03757511824369430542 0.037422876805067062378 0.034481100738048553467 0.017142776399850845337 0.016959659755229949951 0.017017846927046775818 0.017285272479057312012 0.0030263091903179883957 0.0030052673537284135818 0.0030391183681786060333 0.0031172358430922031403 0.01752008683979511261 0.0060114348307251930237 0.37361261248588562012 0.037768140435218811035 0.006208843085914850235 0.0033109823707491159439 0.0032983871642500162125 0.011911263689398765564 0.0034044769126921892166 0.0036159909795969724655 0.0037217256613075733185 0.003748759860172867775 0.0038264368195086717606 0.0039415545761585235596 0.003988753538578748703 0.026938378810882568359 0.0010184171842411160469 0 0.00067414977820590138435 0.010128046385943889618 0.013103283941745758057
0.037917800247669219971 0.032239288091659545898 0.032287444919347763062 0.032319631427526473999 0.032319553196430206299 0.032276034355163574219 0.032203383743762969971 0.043604560196399688721 0.034931384027004241943 0.034851882606744766235 0.031848929822444915771 0.014485973864793777466 0.014317873865365982056 0.014053102582693099976 0.01402095891535282135 0 1.0161006684938911349e-05 0 1.6410467651439830661e-05 0.014461921527981758118 0.0030330708250403404236 0.37063589692115783691 0.03472499549388885498 0.0032398500479757785797 0.0003940721508115530014 0.00034169465652666985989 0.0089288372546434402466 0.00028379130526445806026 0.00038004113594070076942 0.00057931075571104884148 0.00068098842166364192963 0.00070545228663831949234 0.00078682368621230125427 0.00091554876416921615601 0.024017307907342910767 0.0039775352925062179565 0.0068438658490777015686 0.0027530128136277198792 0.17757615447044372559 0.22011536359786987305 0.22311142086982727051
0.029253112152218818665 0.029305156320333480835 0.029363952577114105225 0.029417200013995170593 0.029447626322507858276 0.02944615483283996582 0.040882676839828491211 0.032180204987525939941 0.032115660607814788818 0.029209626838564872742 0.0118826255202293396 0.011739131994545459747 0.011570382863283157349 0.011329926550388336182 0 0.0027247383259236812592 0.0056644883006811141968 0.0085283685475587844849 0.011398995295166969299 0 0.3675994873046875 0.031707182526588439941 0.00020702723122667521238 0.00032488498254679143429 0.0032335030846297740936 0.0060598934069275856018 0.00028644932899624109268 0.0031583837699145078659 0.0061078406870365142822 0.0091290147975087165833 0.012071527540683746338 0.014947388321161270142 0.017870185896754264832 0.020838584750890731812 0.00087532913312315940857 0.001050054328516125679 0.047070670872926712036 0.16367669403553009033 0.030208261683583259583 0.0071742706932127475739 0.010591610334813594818
0.026328707113862037659 0.026351043954491615295 0.026402967050671577454 0.026467410847544670105 0.026522185653448104858 0.038042452186346054077 0.029413528740406036377 0.029341479763388633728 0.026415772736072540283 0.0091755529865622520447 0.009112811647355556488 0.008972016163170337677 0.0088314674794673919678 0.12931303679943084717 0.13204778730869293213 0.13487921655178070068 0.13774472475051879883 0.14061443507671356201 0.14345520734786987305 0.364574432373046875 0.028642319142818450928 7.6202479249332100153e-05 0.0030606603249907493591 0.0060210367664694786072 0.0089294211938977241516 0.011779882945120334625 0.014659459702670574188 0.01756794564425945282 0.020526273176074028015 0.023526733741164207458 0.026455862447619438171 0.029325583949685096741 0.032198540866374969482 0.03507580980658531189 0.038067825138568878174 0.041139550507068634033 0.11874715983867645264 0 0.0043656551279127597809 0.0010600459063425660133 0.0045047458261251449585
0.023408586159348487854 0.023386867716908454895 0.02341046556830406189 0.023468809202313423157 0.035025302320718765259 0.026481488719582557678 0.026506809517741203308 0.023604582995176315308 0.0063333394937217235565 0.0063363737426698207855 0.0062933554872870445251 0.0061772870831191539764 0.12673266232013702393 0.026113836094737052917 0.054722115397453308105 0.060321111232042312622 0.091871149837970733643 0.15509290993213653564 0.21537505090236663818 0.025729075074195861816 0.022929025813937187195 0.025993173941969871521 0.028943987563252449036 0.031816098839044570923 0.034701451659202575684 0.037586014717817306519 0.040496647357940673828 0.043433371931314468384 0.095254920423030853271 0.098271124064922332764 0.10120964795351028442 0.10409190505743026733 0.10690853744745254517 0.10964452475309371948 0.11254598945379257202 0.11560678482055664062 0.023865321651101112366 0 0.0010223536519333720207 0.0039806212298572063446 0.0069123427383601665497
0.020530130714178085327 0.020484523847699165344 0.02047118358314037323 0.031981647014617919922 0.023424100130796432495 0.023503182455897331238 0.020685788244009017944 0.003472074633464217186 0.0034653816837817430496 0.0034501634072512388229 0.0034123680088669061661 0.12398800253868103027 0.023388803005218505859 0.023370714858174324036 0.00026816967874765396118 0.025909764692187309265 0.057421501725912094116 0.054579406976699829102 0.022999040782451629639 0.020079370588064193726 0.025912418961524963379 0.028993658721446990967 0.0319060496985912323 0.034672506153583526611 0.037499628961086273193 0.04038783535361289978 0.043303620070219039917 0.046243388205766677856 0.00043798843398690223694 0.0035094616468995809555 0.0064967088401317596436 0.0094279879704117774963 0.0122164897620677948 0.01481103990226984024 0.017630016431212425232 0.020706564188003540039 0.00077228998998180031776 0 0.0072433399036526679993 0.010208260267972946167 0.013158838264644145966
0.017676293849945068359 0.01765062287449836731 0.029100781306624412537 0.020456738770008087158 0.020471859723329544067 0.017658496275544166565 0.00047896589967422187328 0.00054400000954046845436 0.00055363762658089399338 0.00051437527872622013092 0.12114952504634857178 0.020549723878502845764 0.020542304962873458862 0.020575311034917831421 0.023339385166764259338 0.054661918431520462036 0.05165360867977142334 0.020136782899498939514 0.017298631370067596436 0.023041613399982452393 0.031778808683156967163 0.057857561856508255005 0.060760010033845901489 0.06348695605993270874 0.066245645284652709961 0.069060757756233215332 0.071943596005439758301 0.074881970882415771484 0.077920503914356231689 0.081016272306442260742 0.084034509956836700439 0.087001189589500427246 0.089778989553451538086 0.092300944030284881592 0.16977578401565551758 0.17574837803840637207 0.17879827320575714111 0.054512653499841690063 0.18528446555137634277 0.18823853135108947754 0.19119042158126831055
0.014774689450860023499 0.026271332055330276489 0.017632832750678062439 0.017598146572709083557 0.014734480530023574829 0.014793312177062034607 0.017719889059662818909 0.020644955337047576904 0.080982118844985961914 0.11826594173908233643 0.017684144899249076843 0.017681438475847244263 0.017704864963889122009 0.029255416244268417358 0.052144106477499008179 0.048950422555208206177 0.017223449423909187317 0.01442032400518655777 0.020214097574353218079 0.028849612921476364136 0.020357795059680938721 0.037811584770679473877 0.040742650628089904785 0.043522849678993225098 0.046266153454780578613 0.048983063548803329468 0.051824018359184265137 0.054784491658210754395 0.057809632271528244019 0.060876678675413131714 0.063891939818859100342 0.066870525479316711426 0.069647327065467834473 0.072134293615818023682 0.00029777680174447596073 0.00062930805142968893051 0.0037148557603359222412 0 0.010183716192841529846 0.013145333155989646912 0.016100049018859863281
0.023344593122601509094 0.014746157452464103699 0.014751557260751724243 0.011867886409163475037 0.01189999748021364212 0.020591100677847862244 0.037875648587942123413 0.055139679461717605591 0.032127462327480316162 0.014827711507678031921 0.014827661216259002686 0.014864407479763031006 0.026380613446235656738 0.017810050398111343384 0.046437915414571762085 0.014570164494216442108 0.011564877815544605255 0.017362857237458229065 0.026026282459497451782 0.017438078299164772034 0.034764353185892105103 0.00046237447531893849373 0.0436573028564453125 0.066642425954341888428 0.069417044520378112793 0.11232018470764160156 0.18118673563003540039 0.18415212631225585938 0.18713371455669403076 0.19013372063636779785 0.1931149214506149292 0.19607782363891601562 0.1988572925329208374 0.20136415958404541016 0.20423278212547302246 0.20747837424278259277 0.21055990457534790039 0.20680986344814300537 0.21650202572345733643 0.2194372713565826416 0.22235460579395294189
0.011851890012621879578 0.011859997175633907318 0.0089944107457995414734 0.0089972345158457756042 0.017664868384599685669 0.012003190815448760986 0.012044871225953102112 0.029289161786437034607 0.012029808014631271362 0.011974573135375976562 0.012005450204014778137 0.023577157407999038696 0.014970605261623859406 0.043679345399141311646 0.012007607147097587585 0.008934821002185344696 0.014568663202226161957 0.023203827440738677979 0.014629487879574298859 0.031927436590194702148 0.017620746046304702759 0.037811368703842163086 0.017784388735890388489 0.017853716388344764709 0.037918023765087127686 0.063560903072357177734 0.020448151975870132446 0.043542426079511642456 0.046505384147167205811 0.049462772905826568604 0.052420414984226226807 0.055374179035425186157 0.05820229649543762207 0.060869485139846801758 0.063778661191463470459 0.066909372806549072266 0.062988802790641784668 0.066444657742977142334 0.075883224606513977051 0.078791327774524688721 0.081675469875335693359
