tests/data/reference/gistest/full/control/mqrill_m3_s.asc
ncols        125
nrows        78
xllcorner    -713756.799299980048
yllcorner    -1061032.369616159936
cellsize     10.000000000000
NODATA_value  -9999
[rows 18 to 35 of 78, columns 0 to 41 of 125]
-9999 -9999 -9999 -9999 -9999 -9999 -9999 -9999 -9999 -9999 -9999 -9999 -9999 -9999 -9999 -9999 -9999 -9999 -9999 -9999 0.005643040873110294342 0.011265636421740055084 0.039927322417497634888 0 0 0.06541337817907333374 0 0.078800164163112640381 0.073172017931938171387 0 0.064906589686870574951 0.0059189628809690475464 0.0090577155351638793945 0.0063031730242073535919 0.046984057873487472534 0.0034334312658756971359 0.0268354024738073349 0.06941629946231842041 0.026313882321119308472 0.035012837499380111694 0.040846731513738632202 0.032281268388032913208
-9999 -9999 -9999 -9999 -9999 -9999 -9999 -9999 -9999 -9999 -9999 -9999 -9999 -9999 -9999 -9999 -9999 -9999 -9999 0 0.0081772990524768829346 0.056682817637920379639 0.0022815195843577384949 0 0.00014071408077143132687 0 0.074442714452743530273 0.081341005861759185791 0.078753381967544555664 0 0.067979708313941955566 0.0089397076517343521118 0.00049087038496509194374 0.020678723230957984924 0.049837574362754821777 0.0062981504015624523163 0.029749456793069839478 0.072404213249683380127 0.029335681349039077759 0.037993442267179489136 0.043776262551546096802 0.035185046494007110596
-9999 -9999 -9999 -9999 -9999 -9999 -9999 -9999 -9999 -9999 -9999 -9999 -9999 -9999 -9999 -9999 -9999 -9999 0 0.0024965547490864992142 0.070918470621109008789 0.0044572139158844947815 0 0.0025980069767683744431 0 0 0.086581982672214508057 0.083878278732299804688 0.081502504646778106689 0.0028301461134105920792 0.070991210639476776123 0.011895528994500637054 0.00050867046229541301727 0.026416113600134849548 0.052695050835609436035 0.0091708684340119361877 0.032634343951940536499 0.075292229652404785156 0.032228752970695495605 0.040884722024202346802 0.046662852168083190918 0.038072369992733001709
-9999 -9999 -9999 -9999 -9999 -9999 -9999 -9999 -9999 -9999 -9999 -9999 -9999 -9999 -9999 -9999 -9999 0 0.0015613735886290669441 0.078641586005687713623 0.010231483727693557739 0 0 0 0 0.015574282035231590271 0.088853880763053894043 0.086441241204738616943 0.084351897239685058594 0.0057896408252418041229 0.073943793773651123047 0.00041871628491207957268 0.014863803982734680176 0.032143838703632354736 0.055561307817697525024 0.01204715389758348465 0.035471148788928985596 0.078071512281894683838 0.035010568797588348389 0.04370455816388130188 0.049514573067426681519 0.040946315973997116089
-9999 -9999 -9999 -9999 -9999 -9999 -9999 -9999 -9999 -9999 -9999 -9999 -9999 -9999 -9999 -9999 -9999 0.00067203841172158718109 0.0020599747076630592346 0.095645442605018615723 0 0 0 0 0.0033571589738130569458 0.018446659669280052185 0.091610513627529144287 0.089439123868942260742 0.08737710118293762207 0.0087552741169929504395 0.076841972768306732178 0.00041302278987132012844 0.0033579459413886070251 0.017765985801815986633 0.09291312098503112793 0.014908684417605400085 0.038314495235681533813 0.080915890634059906006 0.00054264575010165572166 0.083944857120513916016 0.052391599863767623901 0.043814517557621002197
-9999 -9999 -9999 -9999 -9999 -9999 -9999 -9999 -9999 -9999 -9999 -9999 -9999 -9999 -9999 -9999 -9999 0.010860108770430088043 0.1036375090479850769 0 0 0 0 0 0.024241374805569648743 0.021583165973424911499 0.095362573862075805664 0.093196101486682891846 0.090949580073356628418 0.011688512749969959259 0.079691275954246520996 0.00039465859299525618553 0.003357010427862405777 0.0062715811654925346375 0.020639250054955482483 0.11300313472747802734 0.041184466332197189331 0.083848044276237487793 0.00063961098203435540199 0.089758455753326416016 0.055284347385168075562 0.046672146767377853394
-9999 -9999 -9999 -9999 -9999 -9999 -9999 -9999 -9999 -9999 -9999 -9999 -9999 -9999 -9999 -9999 0.12463691085577011108 0.13154214620590209961 0.0015546316280961036682 0 0 0 0 0.00030493031954392790794 0.0060886759310960769653 0.027426203712821006775 0.12338094413280487061 0.09649944305419921875 0.094141848385334014893 0.015130815096199512482 0.00082323083188384771347 0.082660652697086334229 0.00334391067735850811 0.0062418640591204166412 0.0090909609571099281311 0.13879415392875671387 0.044022757560014724731 0.086738631129264831543 0.00067585927899926900864 0.095515191555023193359 0.058146387338638305664 0.049529399722814559937
-9999 -9999 -9999 -9999 -9999 -9999 -9999 -9999 -9999 -9999 -9999 -9999 -9999 -9999 -9999 -9999 0 0 0 0 0 0 0.0065653566271066665649 0.012768836691975593567 0.0033189479727298021317 0.0095870234072208404541 0.030943090096116065979 0.2255636751651763916 0.097285747528076171875 0.018258666619658470154 0.00089244224363937973976 0.0039188968949019908905 0.086072534322738647461 0.0066815647296607494354 0.0089824795722961425781 0.011828759685158729553 0.1880467534065246582 0.00054976099636405706406 0.089705392718315124512 0.0035521553363651037216 0.1586574167013168335 0.052393313497304916382
-9999 -9999 -9999 -9999 -9999 -9999 -9999 -9999 -9999 -9999 -9999 -9999 -9999 -9999 -9999 -9999 0.00025822306633926928043 0 0 0 0 0 0.018637565895915031433 0.0092194397002458572388 0.015840217471122741699 0.0063773258589208126068 0.012566169723868370056 0.2615585029125213623 0.1000938713550567627 0.021121354773640632629 0.0037999988999217748642 0.00082165986532345414162 0.0068781999871134757996 0.088952563703060150146 0.0094610126689076423645 0.012198744341731071472 0.014750037342309951782 0.19105152785778045654 0.0035092430189251899719 0.092565387487411499023 0.0064100413583219051361 0.21611736714839935303
-9999 -9999 -9999 -9999 -9999 -9999 -9999 -9999 -9999 -9999 -9999 -9999 -9999 -9999 -9999 -9999 -9999 0 0 0 0 0.015161526389420032501 0.018019784241914749146 0.042711872607469558716 0.058133810758590698242 0.079935617744922637939 0.092125877737998962402 0.11026961356401443481 0.26394402980804443359 0.10268259048461914062 0.023917609825730323792 0.0067010899074375629425 0.0037280155811458826065 0.0096631767228245735168 0.091643765568733215332 0.012365106493234634399 0.015401924028992652893 0.018321741372346878052 0.19450779259204864502 0.006396511569619178772 0.095455132424831390381 0.22759518027305603027
-9999 -9999 -9999 -9999 -9999 -9999 -9999 -9999 -9999 -9999 -9999 -9999 -9999 -9999 -9999 -9999 -9999 -9999 0 0 0.0061964974738657474518 0.0090813254937529563904 0.012045424431562423706 0.015112809836864471436 0.018273418769240379333 0.021467613056302070618 0.024687696248292922974 0.027675887569785118103 0.14380300045013427734 0.41384774446487426758 0.10560416430234909058 0.026770554482936859131 0.0094127096235752105713 0.0063388366252183914185 0.012315894477069377899 0.09461704641580581665 0.015622666105628013611 0.018507577478885650635 0.021241387352347373962 0.1973991692066192627 0.0097322566434741020203 0.32806414365768432617
-9999 -9999 -9999 -9999 -9999 -9999 -9999 -9999 -9999 -9999 -9999 -9999 -9999 -9999 -9999 -9999 -9999 -9999 0 0.0027075880207121372223 0.0056608542799949645996 0.0085972361266613006592 0.011490679346024990082 0.014613496139645576477 0.017918087542057037354 0.021220780909061431885 0.024512531235814094543 0.027522914111614227295 0.030252834782004356384 0.033210176974534988403 0.45343810319900512695 0.56489521265029907227 0.5971934199333190918 0.012017638422548770905 0.0090822624042630195618 0.015329191461205482483 0.097787797451019287109 0.11870165169239044189 0.14219883084297180176 0.02405409887433052063 0.20034928619861602783 0.012769091874361038208
-9999 -9999 -9999 -9999 -9999 -9999 -9999 -9999 -9999 -9999 -9999 -9999 -9999 -9999 -9999 -9999 -9999 -9999 0 0.0019418699666857719421 0.0051166550256311893463 0.0081706941127777099609 0.16353924572467803955 0.16670931875705718994 0.17006830871105194092 0.17334839701652526855 0.17658308148384094238 0.17961396276950836182 0.18243648111820220947 0.18546222150325775146 0.18869742751121520996 0.1917018890380859375 0.19450584053993225098 0.79758757352828979492 0.81540530920028686523 0.8305416107177734375 0.85196888446807861328 0.85516065359115600586 0.8582699894905090332 1.0059096813201904297 1.0353426933288574219 1.2407193183898925781
-9999 -9999 -9999 -9999 -9999 -9999 -9999 -9999 -9999 -9999 -9999 -9999 -9999 -9999 -9999 -9999 -9999 -9999 0 0.021529024466872215271 0.047814209014177322388 0.14867979288101196289 0.019605996087193489075 0.045905958861112594604 0.078042574226856231689 0.081206902861595153809 0.16225573420524597168 0.19421562552452087402 0.26625788211822509766 0.269321441650390625 0.27250567078590393066 0.27550771832466125488 0.27831062674522399902 0.28098455071449279785 0.28341695666313171387 0.28630477190017700195 0.28974696993827819824 0.72761493921279907227 0.73974364995956420898 0.75463819503784179688 0.78669625520706176758 0.81279474496841430664
-9999 -9999 -9999 -9999 -9999 -9999 -9999 -9999 -9999 -9999 -9999 -9999 -9999 -9999 -9999 -9999 -9999 0.0019900805782526731491 0.016001963987946510315 0.018753813579678535461 0.093552321195602416992 0.016544859856367111206 0.019679475575685501099 0.025622645393013954163 0.031717099249362945557 0.074998490512371063232 0.025880372151732444763 0.066201470792293548584 0.051616657525300979614 0.054578687995672225952 0.057992625981569290161 0.060949221253395080566 0.27900680899620056152 0.30183431506156921387 0.33031293749809265137 0.36482661962509155273 0.43128153681755065918 0.0059698969125747680664 0.0092307431623339653015 0.026766391471028327942 0.021262189373373985291 0.018493195995688438416
-9999 -9999 -9999 -9999 -9999 -9999 -9999 -9999 -9999 -9999 -9999 -9999 -9999 -9999 -9999 -9999 0 0.0076552736572921276093 0.016284927725791931152 0.090877398848533630371 0.013347765430808067322 0.016287775710225105286 0.022223701700568199158 0.028512803837656974792 0.036979414522647857666 0.022715628147125244141 0.062851041555404663086 0.048617243766784667969 0.057469345629215240479 0.13507224619388580322 0.18678230047225952148 0.21256458759307861328 0.017229449003934860229 0.022866126149892807007 0.028574530035257339478 0.060276132076978683472 0.0029293817933648824692 0.0058907275088131427765 0.023255264386534690857 0.017662093043327331543 0.014951676130294799805 0.015076912008225917816
-9999 -9999 -9999 -9999 -9999 -9999 -9999 -9999 -9999 -9999 -9999 -9999 -9999 -9999 -9999 -9999 0.0046928958036005496979 0.013477805070579051971 0.088253282010555267334 0.010738540440797805786 0.013546191155910491943 0.019258921965956687927 0.025076873600482940674 0.033837892115116119385 0.019671292975544929504 0.059978727251291275024 0.045665767043828964233 0.054406758397817611694 0.071868851780891418457 0.04618356749415397644 0.020378615707159042358 0.01459436025470495224 0.020253021270036697388 0.025989446789026260376 0.057627979665994644165 0.00022852361144032329321 0.0031801138538867235184 0.020458685234189033508 0.014769815839827060699 0.011983957141637802124 0.012093258090317249298 0.020824812352657318115
-9999 -9999 -9999 -9999 -9999 -9999 -9999 -9999 -9999 -9999 -9999 -9999 -9999 -9999 -9999 0.0018671922152861952782 0.010511842556297779083 0.085270792245864868164 0.0078945308923721313477 0.010809550061821937561 0.016539063304662704468 0.022243734449148178101 0.030824318528175354004 0.016522355377674102783 0.056815441697835922241 0.042605269700288772583 0.051340274512767791748 0.068747080862522125244 0.04319624975323677063 0.017483253031969070435 0.011774291284382343292 0.017539070919156074524 0.023290161043405532837 0.046319965273141860962 0.0060799191705882549286 0.0002854737394955009222 0.017554160207509994507 0.011865669861435890198 0.0090645197778940200806 0.009170010685920715332 0.017900682985782623291 0.0093856239691376686096
