tests/data/reference/gistest/full/control/mqsheet_m3_s.asc
ncols        125
nrows        78
xllcorner    -713756.799299980048
yllcorner    -1061032.369616159936
cellsize     10.000000000000
NODATA_value  -9999
[rows 36 to 53 of 78, columns 39 to 77 of 125]
0.0024307579733431339264 0.0023125731386244297028 0.0021897822152823209763 0.0020919286180287599564 0.0020691242534667253494 0.0020801161881536245346 0.0020562177523970603943 0.0020062495023012161255 0.0019608791917562484741 0.0015122372424229979515 0.0015402327990159392357 0.0016577995847910642624 0.0017824554815888404846 0.00195093546062707901 0.0020712551195174455643 0.0020014827605336904526 0.0020238896831870079041 0.0021846103481948375702 0.0021099299192428588867 0.0018532273825258016586 0.0017432026797905564308 0.0017327840905636548996 0.0017145075835287570953 0.001698188483715057373 0.0016771579394116997719 0.001647925935685634613 0.0016453550197184085846 0.0016706694150343537331 0.0017137069953605532646 0.0017932133050635457039 0.0018942067399621009827 0.0019917462486773729324 0.0021009452175348997116 0.0022159451618790626526 0.0022643099073320627213 0.0021931014489382505417 0.0020799213089048862457 0.0020212088711559772491 0.0020619123242795467377
0.0027270040009170770645 0.0026292309630662202835 0.0024496670812368392944 0.0022343108430504798889 0.0021583442576229572296 0.0021774026099592447281 0.0021551207173615694046 0.0020966278389096260071 0.0020519671961665153503 0.0020173520315438508987 0.0020428518764674663544 0.0017449212027713656425 0.0018004857702180743217 0.0018339359667152166367 0.0018366134027019143105 0.0017437685746699571609 0.0017936424119397997856 0.0020468977745622396469 0.0020656541455537080765 0.0018474087119102478027 0.0018062271410599350929 0.0019108590204268693924 0.0020166870672255754471 0.0021224473603069782257 0.0021956930868327617645 0.0022320635616779327393 0.0023353260476142168045 0.0025149066932499408722 0.0027065989561378955841 0.0028613379690796136856 0.0028069370891898870468 0.0026189112104475498199 0.0024769795127213001251 0.0023696816060692071915 0.0022230101749300956726 0.0020493187475949525833 0.0019707449246197938919 0.0020358958281576633453 0.0022169996518641710281
0.0028748558834195137024 0.002874861937016248703 0.0028027982916682958603 0.0023859268985688686371 0.0022369732614606618881 0.0022529414854943752289 0.0022304516751319169998 0.0021721045486629009247 0.0021334646735340356827 0.0021125674247741699219 0.0021467860788106918335 0.0022500343620777130127 0.0022529221605509519577 0.0017622214509174227715 0.0016939816996455192566 0.0016393330879509449005 0.0017058191588148474693 0.0019442752236500382423 0.0020022855605930089951 0.0018365686992183327675 0.0017932303017005324364 0.0018592452397570014 0.0019311647629365324974 0.0020114358048886060715 0.0020796342287212610245 0.0021247691474854946136 0.0021940863225609064102 0.0023140737321227788925 0.0024753657635301351547 0.0026828842237591743469 0.0028617631178349256516 0.0028763320297002792358 0.002821461530402302742 0.0027491988148540258408 0.0025183944962918758392 0.0022201731335371732712 0.0021388579625636339188 0.0022627103608101606369 0.0024432251229882240295
0.0034967144019901752472 0.0032906804699450731277 0.0028607787098735570908 0.0024183811619877815247 0.0022810776717960834503 0.0023229483049362897873 0.002327115274965763092 0.0022871061228215694427 0.0022337830159813165665 0.0021826035808771848679 0.0022013832349330186844 0.0022958489134907722473 0.0022973641753196716309 0.0021879887208342552185 0.0021162477787584066391 0.0020650750957429409027 0.0020635044202208518982 0.0021133550908416509628 0.0020576461683958768845 0.001935783890075981617 0.0018836574163287878036 0.0018869190244004130363 0.0019023285713046789169 0.0019315263489261269569 0.0019716606475412845612 0.0016206902218982577324 0.0016932293074205517769 0.0017948156455531716347 0.0019204376731067895889 0.0020538640674203634262 0.0022120107896625995636 0.0023877797648310661316 0.002628704998642206192 0.0029906718991696834564 0.0029399592895060777664 0.0024942085146903991699 0.0025090472772717475891 0.0027975542470812797546 0.002752261236310005188
0.0028748533222824335098 0.0028748814947903156281 0.0025921298656612634659 0.0023574745282530784607 0.0023135954979807138443 0.0024061836302280426025 0.0024565148632973432541 0.002448430284857749939 0.0023749412503093481064 0.0022602032404392957687 0.002220889553427696228 0.0022492757998406887054 0.0022797517012804746628 0.0022936726454645395279 0.0022610290907323360443 0.0021715357434004545212 0.0020878689829260110855 0.0020304217468947172165 0.0019303027074784040451 0.0018123547779396176338 0.001752153271809220314 0.0017340825870633125305 0.001725887996144592762 0.0017330229748040437698 0.0017574897501617670059 0.0017951622139662504196 0.0018436464015394449234 0.0019052070565521717072 0.0019817878492176532745 0.0016626426950097084045 0.0017586492467671632767 0.0018795755458995699883 0.0020843273960053920746 0.0024317072238773107529 0.0024977517314255237579 0.011629740707576274872 0.0024069570936262607574 0.003525174921378493309 0.0037505552172660827637
0.0029457584023475646973 0.002652695169672369957 0.0024699117057025432587 0.0023833813611418008804 0.0024097643326967954636 0.0025302241556346416473 0.0025789034552872180939 0.0025368521455675363541 0.0024597709998488426208 0.0023634911049157381058 0.002313706791028380394 0.0022941371425986289978 0.0023218595888465642929 0.0023767657112330198288 0.0023250712547451257706 0.0022157398052513599396 0.0021422209683805704117 0.0021054183598607778549 0.0020310117397457361221 0.0019133065361529588699 0.001834676484577357769 0.0017907206201925873756 0.0017484443960711359978 0.0017235116101801395416 0.0017278237501159310341 0.0017449446022510528564 0.0017581124557182192802 0.0017714943969622254372 0.0017981425626203417778 0.0018337712390348315239 0.0018720640800893306732 0.0019258763641119003296 0.0016420476604253053665 0.0018731757299974560738 0.0020052506588399410248 0.0018867631442844867706 0.01089756842702627182 0.0029366812668740749359 0.0043306415900588035583
0.0028629468288272619247 0.0026073653716593980789 0.0025008781813085079193 0.0025117581244558095932 0.0025747485924512147903 0.0026781950145959854126 0.0026695765554904937744 0.002552730729803442955 0.0025027710944414138794 0.0025190087035298347473 0.0025246427394449710846 0.0024816102813929319382 0.0024500216823071241379 0.0024376837536692619324 0.0023572794161736965179 0.0022567561827600002289 0.0022054738365113735199 0.0021956432610750198364 0.0021530420053750276566 0.0020523737184703350067 0.0019729037303477525711 0.0019199409289285540581 0.0018507131608203053474 0.0017856684280559420586 0.0017604872118681669235 0.001758573576807975769 0.0017485420685261487961 0.0017326613888144493103 0.0017295716097578406334 0.0017368218395859003067 0.0017382507212460041046 0.0017454661428928375244 0.0017983103170990943909 0.001912838430143892765 0.0016130028525367379189 0.0016345515614375472069 0.0017540334956720471382 0.0021266820840537548065 0.01389055885374546051
0.0029041892848908901215 0.0026927781291306018829 0.0026310977991670370102 0.0026873101014643907547 0.0027232635766267776489 0.0027391838375478982925 0.0026918125804513692856 0.0025919487234205007553 0.0026052065659314393997 0.0027191019617021083832 0.0027594752609729766846 0.0026838923804461956024 0.0025616392958909273148 0.0024804645217955112457 0.0024285935796797275543 0.0023700830060988664627 0.0023313439451158046722 0.0023273034021258354187 0.0023073363117873668671 0.0022369187790900468826 0.0021803462877869606018 0.0021459970157593488693 0.0020623786840587854385 0.0019462244817987084389 0.0018728290451690554619 0.0018384350696578621864 0.0018058062996715307236 0.0017684232443571090698 0.001742857741191983223 0.0017279136227443814278 0.0016990954754874110222 0.0016668806783854961395 0.0016674161888659000397 0.0017019830411300063133 0.0017461006063967943192 0.0013850472168996930122 0.0015006385510787367821 0.0017197079723700881004 0.001887025078758597374
0.0028844501357525587082 0.0027265015523880720139 0.0026657760608941316605 0.0026930635794997215271 0.0026750774122774600983 0.0026195959653705358505 0.0026096771471202373505 0.0026262933388352394104 0.0026938950177282094955 0.0028174617327749729156 0.0028817013371735811234 0.0028473848942667245865 0.0027003602590411901474 0.0025703108403831720352 0.0025261703412979841232 0.0024974362459033727646 0.002450601896271109581 0.0024204442743211984634 0.0024066679179668426514 0.002371311187744140625 0.0023443482350558042526 0.0023421139921993017197 0.0022785689216107130051 0.0021484110038727521896 0.0020419396460056304932 0.0019739572890102863312 0.0019220134709030389786 0.0018715050537139177322 0.0018307799473404884338 0.0018004578305408358574 0.0017482918919995427132 0.0016877360176295042038 0.0016617040382698178291 0.001662991940975189209 0.0016667302697896957397 0.0016798301367089152336 0.0013637242373079061508 0.0015525375492870807648 0.001652846112847328186
0.0026017308700829744339 0.002508617006242275238 0.0024738851934671401978 0.0024973882827907800674 0.0024935337714850902557 0.0024451292119920253754 0.0024603977799415588379 0.0025366938207298517227 0.002606266876682639122 0.0026951236650347709656 0.002816330641508102417 0.0029432999435812234879 0.0029190054628998041153 0.0027798062656074762344 0.0027121279854327440262 0.0026796606834977865219 0.0025825421325862407684 0.0024810058530420064926 0.0024483781307935714722 0.0024405892472714185715 0.0024304017424583435059 0.0024483727756887674332 0.0024455667007714509964 0.0023752064444124698639 0.0022714990191161632538 0.0021749360021203756332 0.0021111844107508659363 0.0020598673727363348007 0.002012836746871471405 0.0019739517010748386383 0.0018960465677082538605 0.0018010570202022790909 0.0017585463356226682663 0.0017495403299108147621 0.0017200540751218795776 0.0016809101216495037079 0.0017318754689767956734 0.0014942276757210493088 0.0015914076939225196838
0.0024225388187915086746 0.0023455249611288309097 0.0023098287638276815414 0.0023147489409893751144 0.0023193603847175836563 0.0023040841333568096161 0.0023288247175514698029 0.002405363135039806366 0.0024669989943504333496 0.0025299142580479383469 0.0026513482443988323212 0.0028437729924917221069 0.0029509959276765584946 0.0028975622262805700302 0.0028856240678578615189 0.0029192124493420124054 0.0028038539458066225052 0.0026170040946453809738 0.0025507574900984764099 0.0025620867963880300522 0.0025459292810410261154 0.0025260308757424354553 0.0025352344382554292679 0.0025382211897522211075 0.0024625060614198446274 0.0023470581509172916412 0.0022876290604472160339 0.0022612998727709054947 0.0022297906689345836639 0.002200457034632563591 0.0020960438996553421021 0.0019450732506811618805 0.0018749402370303869247 0.0018599597970023751259 0.0018043944146484136581 0.0017227635253220796585 0.0017298136372119188309 0.0018496142001822590828 0.0019306571921333670616
0.0024160828907042741776 0.0023401638027280569077 0.0022766471374779939651 0.0022353942040354013443 0.0022108012344688177109 0.0021966062486171722412 0.0022187330760061740875 0.00229038996621966362 0.0023658473510295152664 0.0024271947331726551056 0.0025037431623786687851 0.0026448701974004507065 0.0027972722891718149185 0.0028673750348389148712 0.0029736042488366365433 0.0031565274111926555634 0.0030980978626757860184 0.0028306569438427686691 0.0027229064144194126129 0.002741733333095908165 0.0027101009618490934372 0.0026302048936486244202 0.0025963755324482917786 0.0026118410751223564148 0.0025621571112424135208 0.0024510745424777269363 0.0024141718167811632156 0.002438070252537727356 0.0024506044574081897736 0.0024593307171016931534 0.0023444949183613061905 0.0021331764291971921921 0.0020276163704693317413 0.002000622916966676712 0.0019229674944654107094 0.0018079207511618733406 0.001760784653015434742 0.0017993735382333397865 0.0018564945785328745842
0.0024305132683366537094 0.0023634911049157381058 0.0022965034004300832748 0.0022358223795890808105 0.0021884457673877477646 0.002157022012397646904 0.0021576106082648038864 0.002201392780989408493 0.002274207770824432373 0.0023560940753668546677 0.0024176691658794879913 0.0024975049309432506561 0.0026285725180059671402 0.0027577932924032211304 0.0029258371796458959579 0.0031903185881674289703 0.0032222191803157329559 0.002874874509871006012 0.0028626157436519861221 0.0028748828917741775513 0.0028567363042384386063 0.0027816391084343194962 0.0027161552570760250092 0.0026872961316257715225 0.0026229266077280044556 0.0025090130511671304703 0.0024805446155369281769 0.0025328737683594226837 0.0025682263076305389404 0.0025907203089445829391 0.0024945770855993032455 0.0022954463493078947067 0.0021938101854175329208 0.0021693438757210969925 0.0020880012307316064835 0.0019593222532421350479 0.0018475634278729557991 0.0017720683244988322258 0.0017802169313654303551
0.0024881160352379083633 0.0024071496445685625076 0.0023501510731875896454 0.0022988272830843925476 0.0022407528012990951538 0.0021880108397454023361 0.0021578918676823377609 0.0021596013102680444717 0.002207193523645401001 0.0022974098101258277893 0.0023623753804713487625 0.002396392403170466423 0.0024880771525204181671 0.0026315939612686634064 0.0028002085164189338684 0.0030403949785977602005 0.0028748589102178812027 0.0030244491063058376312 0.0029587598983198404312 0.002968623768538236618 0.0029714298434555530548 0.0028748761396855115891 0.0028722730930894613266 0.0027693468146026134491 0.0026673953980207443237 0.0025496948510408401489 0.0025155525654554367065 0.0025633284822106361389 0.0025880897883325815201 0.0025906185619533061981 0.0025154128670692443848 0.0023683365434408187866 0.0022997411433607339859 0.0022975802421569824219 0.0022482869680970907211 0.0021531984675675630569 0.0019995742477476596832 0.0018248975975438952446 0.0017747519304975867271
0.0025628490839153528214 0.0024522414896637201309 0.0024032474029809236526 0.0023815680760890245438 0.0023300948087126016617 0.0022659227252006530762 0.0022113851737231016159 0.0021762144751846790314 0.0021922737360000610352 0.0022648118901997804642 0.0023182816803455352783 0.0023216430563479661942 0.0023844628594815731049 0.002525199204683303833 0.0026655837427824735641 0.0028259076643735170364 0.002955506322905421257 0.0029884225223213434219 0.0029870378784835338593 0.0029811658896505832672 0.0030038442928344011307 0.0030459014233201742172 0.0029626202303916215897 0.0027978844009339809418 0.0026878588832914829254 0.0026016782503575086594 0.0025672209449112415314 0.0025903915520757436752 0.0025841970928013324738 0.0025488990359008312225 0.002463649725541472435 0.0023362361826002597809 0.0022800902370363473892 0.0022832632530480623245 0.00228310353122651577 0.0022784015163779258728 0.0021586820948868989944 0.0019590768497437238693 0.0018652856815606355667
0.0026336777955293655396 0.0024935933761298656464 0.0024518223945051431656 0.0024739413056522607803 0.0024505534674972295761 0.0023923930712044239044 0.0023219012655317783356 0.0022521619684994220734 0.0022273981012403964996 0.002257191808894276619 0.0022899813484400510788 0.0022870358079671859741 0.0023300554603338241577 0.0024460188578814268112 0.002541768830269575119 0.0026204085443168878555 0.0027440274134278297424 0.0028887868393212556839 0.0029397702310234308243 0.0029139814432710409164 0.0029350179247558116913 0.0030041392892599105835 0.0029318563174456357956 0.0027400082908570766449 0.0026614663656800985336 0.0026614340022206306458 0.0026478711515665054321 0.0026347958482801914215 0.0025954309385269880295 0.0025298024993389844894 0.0024106018245220184326 0.0022627573926001787186 0.0021928164642304182053 0.0021794126369059085846 0.0022318069823086261749 0.0023644797038286924362 0.0023310272954404354095 0.0021379098761826753616 0.0020000815857201814651
0.0026621110737323760986 0.0025063480716198682785 0.0024582897312939167023 0.0025040907785296440125 0.0025175651535391807556 0.0024940317962318658829 0.0024372162297368049622 0.0023586587049067020416 0.002303400309756398201 0.0022770711220800876617 0.002283832058310508728 0.0022990629076957702637 0.002336807548999786377 0.0024211779236793518066 0.0024732875172048807144 0.0024913053493946790695 0.0026063118129968643188 0.0028243314009159803391 0.0029115334618836641312 0.0028645517304539680481 0.0028623058460652828217 0.0029092535842210054398 0.0028208987787365913391 0.0026118140667676925659 0.002571545308455824852 0.0026769507676362991333 0.0027214011643081903458 0.0027045032475143671036 0.0026597916148602962494 0.0025908958632498979568 0.0024367047008126974106 0.0022398424334824085236 0.0021270227152854204178 0.0020700204186141490936 0.0021556050051003694534 0.0024347761645913124084 0.002489140024408698082 0.002285750117152929306 0.0021025666501373052597
0.0026336261071264743805 0.0025048635434359312057 0.0024396879598498344421 0.0024655046872794628143 0.0025033061392605304718 0.0025321480352431535721 0.0025174703914672136307 0.0024578727316111326218 0.0023956950753927230835 0.0023307160008698701859 0.0023210889194160699844 0.0023603197187185287476 0.0023938573431223630905 0.0024398786481469869614 0.0024471962824463844299 0.0024142409674823284149 0.002522711409255862236 0.0028018876910209655762 0.0029210038483142852783 0.0028523700311779975891 0.0028175546322017908096 0.0028196624480187892914 0.0026981942355632781982 0.0024775080382823944092 0.002445220947265625 0.0025881747715175151825 0.0026992333587259054184 0.0027536931447684764862 0.002740202704444527626 0.0026710382662713527679 0.0025018381420522928238 0.0022756448015570640564 0.0021270567085593938828 0.0020300413016229867935 0.0021214373409748077393 0.0024673296138644218445 0.0025236813817173242569 0.0022892765700817108154 0.002104069804772734642
