tests/data/reference/gistest/full/control/mqsheet_m3_s.asc
ncols        125
nrows        78
xllcorner    -713756.799299980048
yllcorner    -1061032.369616159936
cellsize     10.000000000000
NODATA_value  -9999
[rows 54 to 71 of 78, columns 39 to 77 of 125]
0.0026197449769824743271 0.0025312644429504871368 0.0024685089010745286942 0.002460913732647895813 0.0024834272917360067368 0.0025185141712427139282 0.0025088752154260873795 0.0024504337925463914871 0.0023970308247953653336 0.0023449645377695560455 0.0023495187051594257355 0.0024111894890666007996 0.0024326741695404052734 0.002435282338410615921 0.00241183512844145298 0.0023508693557232618332 0.0024500407744199037552 0.0027547192294150590897 0.0028932546265423297882 0.0028231095056980848312 0.0027749880682677030563 0.0027558198198676109314 0.0026301280595362186432 0.0024097375571727752686 0.0023501403629779815674 0.0024411797057837247849 0.0025688989553600549698 0.002722711535170674324 0.0027522456366568803787 0.0026622270233929157257 0.0025076568126678466797 0.0023113146889954805374 0.0021667429246008396149 0.0020587642211467027664 0.0021520718000829219818 0.0025340176653116941452 0.0025767714250832796097 0.0022455216385424137115 0.0020347402896732091904
0.0026514991186559200287 0.0025610926095396280289 0.0025155094917863607407 0.00249716220423579216 0.002492161700502038002 0.0025022195186465978622 0.0024704055394977331161 0.0023988401517271995544 0.0023561883717775344849 0.0023330398835241794586 0.0023515296634286642075 0.0024160542525351047516 0.0024160256143659353256 0.002379228128120303154 0.0023534810170531272888 0.0023073656484484672546 0.002397278323769569397 0.0026738645974546670914 0.002805540105327963829 0.0027537555433809757233 0.0027074650861322879791 0.0026772059500217437744 0.002585434354841709137 0.0024122989270836114883 0.0023212919477373361588 0.0023227843921631574631 0.0024177455343306064606 0.0026137132663279771805 0.0026654533576220273972 0.0025630567688494920731 0.0024451087228953838348 0.0023093533236533403397 0.0021927361376583576202 0.0020946017466485500336 0.0021793935447931289673 0.0025356474798172712326 0.0025313403457403182983 0.0021504701580852270126 0.0019337777048349380493
0.0027191650588065385818 0.0025755567476153373718 0.002518209163099527359 0.002510476158931851387 0.0025021715555340051651 0.0024996022693812847137 0.0024521939922124147415 0.0023670524824410676956 0.0023254966363310813904 0.0023178758565336465836 0.0023406567052006721497 0.0023958350066095590591 0.0023648755159229040146 0.0022845787461847066879 0.0022736426908522844315 0.0022851303219795227051 0.0023633176460862159729 0.0025622921530157327652 0.0026752033736556768417 0.0026579604018479585648 0.0026129691395908594131 0.0025508650578558444977 0.0024961747694760560989 0.0024212067946791648865 0.0023323276545852422714 0.0022632787004113197327 0.0023144674487411975861 0.0024948799982666969299 0.0025419213343411684036 0.002436171751469373703 0.0023444280959665775299 0.0022582833189517259598 0.0021719045471400022507 0.0020894005428999662399 0.0021323724649846553802 0.0023360960185527801514 0.0022979432251304388046 0.0020380851346999406815 0.0088220909237861633301
0.0028025035280734300613 0.0025953690055757761002 0.0025100307539105415344 0.0025121006183326244354 0.0025131881702691316605 0.0025121073704212903976 0.0024554422125220298767 0.0023552610073238611221 0.002296367427334189415 0.002277511870488524437 0.0022987092379480600357 0.0023496986832469701767 0.0022893315181136131287 0.0021651273127645254135 0.0021799954120069742203 0.002283237408846616745 0.0023356922902166843414 0.0024171641562134027481 0.0025084139779210090637 0.0025422805920243263245 0.0025143758393824100494 0.0024334324989467859268 0.0023941705003380775452 0.0023886645212769508362 0.0023319518659263849258 0.0022410843521356582642 0.0022540381178259849548 0.0023847259581089019775 0.0024171096738427877426 0.0023226938210427761078 0.002241089940071105957 0.0021744645200669765472 0.0021098128054291009903 0.0020461538806557655334 0.0020464281551539897919 0.0021224115043878555298 0.0020957523956894874573 0.0019609215669333934784 0.0086793331429362297058
0.0029099481180310249329 0.0026494991034269332886 0.0025385748594999313354 0.0025404761545360088348 0.0025504245422780513763 0.0025665042921900749207 0.002526438562199473381 0.0024349133018404245377 0.0023677356075495481491 0.0023280996829271316528 0.0023382052313536405563 0.0023955304641276597977 0.0023090320173650979996 0.0021140270400792360306 0.0021373096387833356857 0.0023528640158474445343 0.0024040513671934604645 0.0023806486278772354126 0.0024278787896037101746 0.0024822077248245477676 0.0024712700396776199341 0.0023930179886519908905 0.0023504311684519052505 0.0023535408545285463333 0.0023229285143315792084 0.0022500664927065372467 0.0022378393914550542831 0.0023099391255527734756 0.0023286221548914909363 0.0022599317599087953568 0.0021847509779036045074 0.0021143788471817970276 0.0020523744169622659683 0.0019967968109995126724 0.0019684252329170703888 0.0019697537645697593689 0.0019428045488893985748 0.0018802830018103122711 0.0085163023322820663452
0.0030307869892567396164 0.0027472940273582935333 0.0026158476248383522034 0.0026018086355179548264 0.0026040517259389162064 0.0026279280427843332291 0.0026247145142406225204 0.0025800406001508235931 0.0025431923568248748779 0.0025086193345487117767 0.00249548349529504776 0.0025384016335010528564 0.0024152761325240135193 0.0021403110586106777191 0.0021625978406518697739 0.0024875169619917869568 0.0025734952650964260101 0.0024547893553972244263 0.0024371524341404438019 0.0024806449655443429947 0.002481783740222454071 0.0024234782904386520386 0.0023644487373530864716 0.0023338859900832176208 0.0023161261342465877533 0.0022830120287835597992 0.0022550777066498994827 0.0022677264641970396042 0.0022732990328222513199 0.0022362526506185531616 0.0021717518102377653122 0.0020936424843966960907 0.0020189597271382808685 0.0019527211552485823631 0.0019126377301290631294 0.0018881034338846802711 0.0018401463748887181282 0.001780552789568901062 0.0081748617812991142273
0.0028748561162501573563 0.0029057008214294910431 0.0027689975686371326447 0.0027308689896017313004 0.0026917930226773023605 0.0026669595390558242798 0.0026613913942128419876 0.0026562712155282497406 0.0026751658879220485687 0.0027041912544518709183 0.0026695376727730035782 0.0026369376573711633682 0.0024782002437859773636 0.0021958628203719854355 0.0022363865282386541367 0.0026473824400454759598 0.0027721864171326160431 0.0025629298761487007141 0.0024795688223093748093 0.0024921011645346879959 0.0025046239607036113739 0.002491793828085064888 0.0024193802382797002792 0.0023323332425206899643 0.0023063223343342542648 0.0023095281794667243958 0.0022716887760907411575 0.0022262679412961006165 0.0022081586066633462906 0.0021928423084318637848 0.0021457318216562271118 0.00207765982486307621 0.0020045971032232046127 0.0019299498526379466057 0.0018980605527758598328 0.0018946629716083407402 0.001831911969929933548 0.001737221376970410347 0.0057490593753755092621
0.0033005445729941129684 0.0030942172743380069733 0.0029909685254096984863 0.0029572087805718183517 0.0028528086841106414795 0.0027238880284130573273 0.0026734853163361549377 0.0026771216653287410736 0.0027482511941343545914 0.0028748826589435338974 0.0028261425904929637909 0.0026599543634802103043 0.0024837756063789129257 0.0022728804033249616623 0.0023508772719651460648 0.0028237942606210708618 0.0029980847612023353577 0.0027226591482758522034 0.002575109945610165596 0.0025317575782537460327 0.0025443083140999078751 0.0025853081606328487396 0.0025105746462941169739 0.0023675039410591125488 0.0023115074727684259415 0.0023206956684589385986 0.0022810508962720632553 0.002201726892963051796 0.00215193210169672966 0.0021290651056915521622 0.0020877819042652845383 0.0020322964992374181747 0.001978854648768901825 0.0019168944563716650009 0.001904669683426618576 0.0019414614653214812279 0.00188522308599203825 0.001759543432854115963 0.010429325513541698456
0.0028748433105647563934 0.0032174263615161180496 0.0031905465293675661087 0.0032377806492149829865 0.0031037945300340652466 0.002856699284166097641 0.0027488605119287967682 0.00273995986208319664 0.0028429159428924322128 0.0030875303782522678375 0.0028748728800565004349 0.0026417165063321590424 0.002461535157635807991 0.0023701756726950407028 0.0024872194044291973114 0.0029322500340640544891 0.0028748603072017431259 0.0028748814947903156281 0.0027269911952316761017 0.0026282095350325107574 0.0026348286774009466171 0.0027281672228127717972 0.0026692056562751531601 0.0024933191016316413879 0.0024103578180074691772 0.0024033174850046634674 0.0023523385170847177505 0.0022560795769095420837 0.0021754838526248931885 0.0021243044175207614899 0.0020657049026340246201 0.0019920847844332456589 0.0019389025401324033737 0.0018942164024338126183 0.0018970841774716973305 0.0019545473624020814896 0.0019133995519950985909 0.0017862806562334299088 0.020578965544700622559
-9999 -9999 -9999 0.0028748454060405492783 0.0028748554177582263947 0.0028748810291290283203 0.0027827317826449871063 0.0027928196359425783157 0.0029166685417294502258 0.0031989519484341144562 0.0030566013883799314499 0.0026136878877878189087 0.0024750423617660999298 0.0025248227175325155258 0.0026638235431164503098 0.0029668137431144714355 0.0031277977395802736282 0.0030143170151859521866 0.0028910955879837274551 0.0027729514986276626587 0.0027767450083047151566 0.0028748805634677410126 0.0028748826589435338974 0.0027041709981858730316 0.0026121016126126050949 0.0025892439298331737518 0.0025152268353849649429 0.0023979782126843929291 0.0022720727138221263885 0.0021663885563611984253 0.0020740695763379335403 0.0019727300386875867844 0.0019098788034170866013 0.0018774423515424132347 0.0018844475271180272102 0.0019381083548069000244 0.0019204788841307163239 0.001829211716540157795 0.023452712222933769226
-9999 -9999 -9999 -9999 -9999 -9999 0.0027260088827461004257 0.0027868244796991348267 0.0029194811359047889709 0.0031306317541748285294 0.0028748735785484313965 0.0025896765291690826416 0.0025322779547423124313 0.0027531289961189031601 0.002920461585745215416 0.0030094101093709468842 0.0030602661427110433578 0.0030374908819794654846 0.0029889044817537069321 0.0029189318884164094925 0.0029381283093243837357 0.0030610461253672838211 0.0030628966633230447769 0.0028748787008225917816 0.0028419157024472951889 0.0028086919337511062622 0.0027235327288508415222 0.0026000253856182098389 0.0024202479980885982513 0.0022266707383096218109 0.0020829897839576005936 0.0019620163366198539734 0.0018969364464282989502 0.0018760074162855744362 0.0018805928993970155716 0.0019146377453580498695 0.0019127747509628534317 0.0018697506748139858246 0.026326116174459457397
-9999 -9999 -9999 -9999 -9999 -9999 -9999 -9999 -9999 -9999 -9999 -9999 0.0025814748369157314301 0.0029794492293149232864 0.0032155578956007957458 0.0030904717277735471725 0.0030108958017081022263 0.0029795418959110975266 0.002975833602249622345 0.0030043786391615867615 0.003057629801332950592 0.0031337956897914409637 0.0031721568666398525238 0.0031633472535759210587 0.0031165578402578830719 0.0028748679906129837036 0.00287487800233066082 0.0027983507607132196426 0.002569044940173625946 0.002295224461704492569 0.0021055501420050859451 0.0019681628327816724777 0.0019051093840971589088 0.0018981166649609804153 0.0019083550432696938515 0.0019336708355695009232 0.0019144358811900019646 0.0018662551883608102798 0.09813404083251953125
-9999 -9999 -9999 -9999 -9999 -9999 -9999 -9999 -9999 -9999 -9999 -9999 -9999 0.0028748598415404558182 0.0028748367913067340851 0.00313343084417283535 0.0029588623438030481339 0.0028675976209342479706 0.0028730712365359067917 0.0029935592319816350937 0.0030758581124246120453 0.0030878710094839334488 0.0031697584781795740128 0.0033665532246232032776 0.0034215443301945924759 0.0032812871504575014114 0.0030802839901298284531 0.0028618294745683670044 0.0026000051293522119522 0.002330487128347158432 0.002136225113645195961 0.0019898805767297744751 0.0019330631475895643234 0.0019450184190645813942 0.0019754022359848022461 0.0020212682429701089859 0.0019737377297133207321 0.0018688312266021966934 0.0099105499684810638428
-9999 -9999 -9999 -9999 -9999 -9999 -9999 -9999 -9999 -9999 -9999 -9999 -9999 -9999 -9999 -9999 -9999 -9999 -9999 -9999 -9999 0.0028748747427016496658 0.002874865429475903511 0.0028748374897986650467 0.0028748242184519767761 0.0028748360928148031235 0.0031263695564121007919 0.0027911900542676448822 0.0025386088527739048004 0.002350841183215379715 0.0021846476010978221893 0.0020310522522777318954 0.0019801794551312923431 0.0020118963439017534256 0.0020585353486239910126 0.0021242757793515920639 0.0020560775883495807648 0.0018898354610428214073 0.0085883745923638343811
-9999 -9999 -9999 -9999 -9999 -9999 -9999 -9999 -9999 -9999 -9999 -9999 -9999 -9999 -9999 -9999 -9999 -9999 -9999 -9999 -9999 -9999 -9999 -9999 0.0034231999889016151428 0.0033393953926861286163 0.002874867292121052742 0.0026575571391731500626 0.0024480111896991729736 0.002369332360103726387 0.0022483831271529197693 0.0020871844608336687088 0.0020422216039150953293 0.0020964292343705892563 0.0021452682558447122574 0.0021919105201959609985 0.0020942594856023788452 0.0018956817220896482468 0.0086170015856623649597
-9999 -9999 -9999 -9999 -9999 -9999 -9999 -9999 -9999 -9999 -9999 -9999 -9999 -9999 -9999 -9999 -9999 -9999 -9999 -9999 -9999 -9999 -9999 -9999 -9999 -9999 0.0028836780693382024765 0.0025258345995098352432 0.0023762029595673084259 0.0023903246037662029266 0.0023115829098969697952 0.0021416838280856609344 0.0021043724846094846725 0.0021884769666939973831 0.0022338626440614461899 0.00223473389632999897 0.0021133658010512590408 0.0090667037293314933777 0.0018398998072370886803
-9999 -9999 -9999 -9999 -9999 -9999 -9999 -9999 -9999 -9999 -9999 -9999 -9999 -9999 -9999 -9999 -9999 -9999 -9999 -9999 -9999 -9999 -9999 -9999 -9999 -9999 -9999 0.002442220691591501236 0.0023458218201994895935 0.0024073817767202854156 0.0023536100052297115326 0.002190064871683716774 0.0021657117176800966263 0.0022743826266378164291 0.0023072510957717895508 0.0022538912016898393631 0.0021253353916108608246 0.009255993179976940155 0.0018757454818114638329
-9999 -9999 -9999 -9999 -9999 -9999 -9999 -9999 -9999 -9999 -9999 -9999 -9999 -9999 -9999 -9999 -9999 -9999 -9999 -9999 -9999 -9999 -9999 -9999 -9999 -9999 -9999 -9999 -9999 0.0024080548901110887527 0.0023580351844429969788 0.0022415262646973133087 0.0022399928420782089233 0.0023388359695672988892 0.0023364678490906953812 0.0022379367146641016006 0.0021146964281797409058 0.020578196272253990173 -9999
