tests/data/reference/gistest/full/control/mqsheet_m3_s.asc
ncols        125
nrows        78
xllcorner    -713756.799299980048
yllcorner    -1061032.369616159936
cellsize     10.000000000000
NODATA_value  -9999
[rows 36 to 53 of 78, columns 0 to 38 of 125]
-9999 -9999 -9999 -9999 -9999 -9999 -9999 -9999 -9999 -9999 -9999 -9999 -9999 0.0069980323314666748047 0.0040821884758770465851 0.0038512311875820159912 0.0037626500707119703293 0.0036930292844772338867 0.0035597526002675294876 0.0034877092111855745316 0.0034656370989978313446 0.003498231060802936554 0.0035827048122882843018 0.0035969784948974847794 0.0035491907037794589996 0.0034299055114388465881 0.0032761548645794391632 0.0030854663345962762833 0.0028495008591562509537 0.00274389609694480896 0.0027103303000330924988 0.0026493100449442863464 0.0025945291854441165924 0.0025367108173668384552 0.0025497053284198045731 0.0026301161851733922958 0.002642420819029211998 0.0025991783477365970612 0.0025379869621247053146
-9999 -9999 -9999 -9999 -9999 -9999 -9999 -9999 -9999 -9999 -9999 -9999 0.0042788363061845302582 0.0095412712544202804565 0.0044828625395894050598 0.0040215845219790935516 0.0037546500097960233688 0.0036513139493763446808 0.0035160095430910587311 0.0034325250890105962753 0.0034024291671812534332 0.0034209561999887228012 0.0034977984614670276642 0.0035117419902235269547 0.0034879851154983043671 0.003417568746954202652 0.0033020086120814085007 0.0031879663001745939255 0.0030376303475350141525 0.0029900304507464170456 0.0030023884028196334839 0.0029286753851920366287 0.0028615214396268129349 0.0027940329164266586304 0.0027333155740052461624 0.0027742467354983091354 0.0028388465289026498795 0.0028260028921067714691 0.0027945770416408777237
-9999 -9999 -9999 -9999 -9999 -9999 -9999 -9999 -9999 -9999 -9999 0.0040313536301255226135 0.0067029497586190700531 0.0051435129716992378235 0.0049204402603209018707 0.0028747569303959608078 0.0040143919177353382111 0.0037777470424771308899 0.0035649277269840240479 0.0034488260280340909958 0.0034210134763270616531 0.0034312331117689609528 0.0034976545721292495728 0.003510682377964258194 0.0034911602269858121872 0.0034358710981905460358 0.0033153605181723833084 0.0032507467549294233322 0.0032120833639055490494 0.0032526445575058460236 0.0033428594470024108887 0.0032854105811566114426 0.0032424395903944969177 0.0031644240953028202057 0.0029282332397997379303 0.0028748810291290283203 0.002874863799661397934 0.0031856496352702379227 0.0028748535551130771637
-9999 -9999 -9999 -9999 -9999 -9999 -9999 -9999 -9999 -9999 -9999 0.0036476373206824064255 0.0062086354009807109833 0.0054809246212244033813 0.0051961885765194892883 0.0028747057076543569565 0.0046707773581147193909 0.0041568307206034660339 0.003768965601921081543 0.0035744353663176298141 0.003517995588481426239 0.0035000324714928865433 0.0035484090913087129593 0.0035683973692357540131 0.0035423438530415296555 0.0034914233256131410599 0.0028748388867825269699 0.0033398200757801532745 0.0033757186029106378555 0.0034943690989166498184 0.0036964968312531709671 0.0037224169354885816574 0.0037319629918783903122 0.0028748228214681148529 0.0028748633340001106262 0.002991647692397236824 0.0032466643024235963821 0.0028748323675245046616 0.0035583984572440385818
-9999 -9999 -9999 -9999 -9999 -9999 -9999 -9999 -9999 -9999 0.003688887227326631546 0.0095411548390984535217 0.0066416151821613311768 0.0057419729419052600861 0.0028746870812028646469 0.0055100168101489543915 0.0051067173480987548828 0.0045406739227473735809 0.0040654800832271575928 0.003790623275563120842 0.0036706693936139345169 0.003606226528063416481 0.0036082165315747261047 0.0035886501427739858627 0.0035113338381052017212 0.0028748302720487117767 0.0034681661054491996765 0.0034889539238065481186 0.0035674872342497110367 0.0037609750870615243912 0.004125520121306180954 0.0042014606297016143799 0.0028747927863150835037 0.0035615866072475910187 0.0031102800276130437851 0.0029916274361312389374 0.0031325619202107191086 0.0032564951106905937195 0.003349266713485121727
-9999 -9999 -9999 -9999 -9999 -9999 -9999 -9999 -9999 -9999 0.0042053274810314178467 0.0054543167352676391602 0.0058102412149310112 0.005748932715505361557 0.0028746733441948890686 0.0053889695554971694946 0.0051783290691673755646 0.0028747268952429294586 0.0044655054807662963867 0.0040944651700556278229 0.0038411202840507030487 0.0037187326233834028244 0.0036691096611320972443 0.0028748218901455402374 0.0028748335316777229309 0.0034458404406905174255 0.0035810177214443683624 0.0028748151380568742752 0.0028748095501214265823 0.002874790458008646965 0.0028747508767992258072 0.0028747534379363059998 0.0038065081462264060974 0.0033482140861451625824 0.0030264039523899555206 0.0029113560449331998825 0.0029399548657238483429 0.0029965401627123355865 0.0028748642653226852417
-9999 -9999 -9999 -9999 -9999 -9999 -9999 -9999 -9999 0.0068243187852203845978 0.0095412516966462135315 0.0050289384089410305023 0.0053229541517794132233 0.0028746612370014190674 0.0056107128039002418518 0.0052105761133134365082 0.0051055015064775943756 0.0050087249837815761566 0.00487770838662981987 0.0044356300495564937592 0.0039868410676717758179 0.0037744438741356134415 0.0036717772018164396286 0.0035374406725168228149 0.0033715646713972091675 0.0033922146540135145187 0.0036117080599069595337 0.0037262421101331710815 0.0037383155431598424911 0.0039325063116848468781 0.0043768119066953659058 0.0042094402015209197998 0.0035561383701860904694 0.0031700201798230409622 0.0029286826029419898987 0.0028280387632548809052 0.0028291747439652681351 0.0028782722074538469315 0.0029757432639598846436
-9999 -9999 -9999 -9999 -9999 -9999 -9999 -9999 0.0039835283532738685608 0.0066905464045703411102 0.0049920631572604179382 0.0048226634971797466278 0.0050540966913104057312 0.0028746752068400382996 0.0054269889369606971741 0.005112746264785528183 0.0050403787754476070404 0.0050249611958861351013 0.0050685978494584560394 0.00467166118323802948 0.0040781907737255096436 0.0028748048935085535049 0.0028748144395649433136 0.0035443487577140331268 0.0033935087267309427261 0.0033468564506620168686 0.0034561431966722011566 0.0035558065865188837051 0.0035755753051489591599 0.0037192341405898332596 0.0040353089570999145508 0.0038667428307235240936 0.0033497135154902935028 0.003053018590435385704 0.0028847288340330123901 0.0028211807366460561752 0.0028404134791344404221 0.0028950886335223913193 0.0029858441557735204697
-9999 -9999 -9999 -9999 -9999 -9999 -9999 -9999 0.0035327896475791931152 0.0056202756240963935852 0.0052237929776310920715 0.0028747196774929761887 0.0049595236778259277344 0.0051761679351329803467 0.0051641114987432956696 0.005057452712208032608 0.0050167464651167392731 0.0049429214559495449066 0.0049237580969929695129 0.0045764781534671783447 0.0039786398410797119141 0.0037000498268753290176 0.003621292533352971077 0.0035688763018697500229 0.0035206400789320468903 0.003418970620259642601 0.0033559612929821014404 0.0028748391196131706238 0.0034050368703901767731 0.0035072825849056243896 0.0037236704956740140915 0.0036053000949323177338 0.0032301584724336862564 0.0030310899019241333008 0.0029440575744956731796 0.002919429214671254158 0.0029445437248796224594 0.0029546646401286125183 0.0029624444432556629181
-9999 -9999 -9999 -9999 -9999 -9999 -9999 -9999 0.0028737473767250776291 0.0058770696632564067841 0.0056252679787576198578 0.0028746838215738534927 0.0050921021029353141785 0.0048983655869960784912 0.004928110167384147644 0.004941292107105255127 0.0049178595654666423798 0.0047299466095864772797 0.0045633087866008281708 0.0042559364810585975647 0.0037635271437466144562 0.0035114290658384561539 0.003447420196607708931 0.0034681167453527450562 0.0035629107151180505753 0.0028748281765729188919 0.002874844009056687355 0.0032734517008066177368 0.0033377869985997676849 0.003400200745090842247 0.0034852377139031887054 0.0034261206164956092834 0.0032307852525264024734 0.0031254815403372049332 0.0030714466702193021774 0.0030035048257559537888 0.0029266793280839920044 0.0028087124228477478027 0.0026958633679896593094
-9999 -9999 -9999 -9999 -9999 -9999 -9999 0.0038093398325145244598 0.006155501585453748703 0.005669108126312494278 0.0054410258308053016663 0.0028746898751705884933 0.0049452902749180793762 0.00466313166543841362 0.0046485364437103271484 0.0046781445853412151337 0.0047412747517228126526 0.0046761515550315380096 0.0045580528676509857178 0.0042732572183012962341 0.0037942512426525354385 0.0035120376851409673691 0.0033947764895856380463 0.0033878560643643140793 0.003488061949610710144 0.003435954684391617775 0.0032227826304733753204 0.0031917339656502008438 0.0033336421474814414978 0.0033688172698020935059 0.0033144161570817232132 0.0033019171096384525299 0.0032920083031058311462 0.0032391846179962158203 0.0031370467040687799454 0.0029840525239706039429 0.0028265211731195449829 0.0026621394790709018707 0.0025197844952344894409
-9999 -9999 -9999 -9999 -9999 -9999 -9999 0.0324136391282081604 0.0060737431049346923828 0.0051761898212134838104 0.0048472397029399871826 0.002874731551855802536 0.0045507661998271942139 0.0043318611569702625275 0.004255296662449836731 0.0042581711895763874054 0.0044302563183009624481 0.0046893358230590820312 0.0048366719856858253479 0.004580976441502571106 0.0040355748496949672699 0.0028748128097504377365 0.0028748284094035625458 0.0028748358599841594696 0.002874835161492228508 0.0033494981471449136734 0.0031801892910152673721 0.0031634403858333826065 0.0033045539166778326035 0.0033138317521661520004 0.0031903304625302553177 0.0031726532615721225739 0.0032128391321748495102 0.0031364155001938343048 0.0030015788506716489792 0.0028655836358666419983 0.0027467645704746246338 0.002623577602207660675 0.0025012190453708171844
-9999 -9999 -9999 -9999 -9999 -9999 0.0033333334140479564667 0.0066075958311557769775 0.0055411239154636859894 0.00287471013143658638 0.0028747192118316888809 0.0047977077774703502655 0.0045940191484987735748 0.0043285558931529521942 0.004180322401225566864 0.0041484464891254901886 0.0042587569914758205414 0.0045163244940340518951 0.0047723115421831607819 0.0045828763395547866821 0.0040786550380289554596 0.0037526036612689495087 0.0035500857047736644745 0.0033962402958422899246 0.0033042307477444410324 0.0032436326146125793457 0.0031702630221843719482 0.0031534002628177404404 0.0032225439790636301041 0.0032242045272141695023 0.0031262349803000688553 0.0030979809816926717758 0.0031207723077386617661 0.0030478737317025661469 0.0029363974463194608688 0.002837831154465675354 0.0027545073535293340683 0.00265234336256980896 0.0025218625087291002274
-9999 -9999 -9999 -9999 -9999 0.023902812972664833069 0.01723852008581161499 0.0052353725768625736237 0.0050302362069487571716 0.0028746807947754859924 0.0028746589086949825287 0.005503827705979347229 0.0051806275732815265656 0.0046967407688498497009 0.004396917298436164856 0.0043051522225141525269 0.0042625074274837970734 0.0043688202276825904846 0.0046024885959923267365 0.0044260635040700435638 0.0039724386297166347504 0.0036734675522893667221 0.0034751601051539182663 0.0032777891028672456741 0.0031134879682213068008 0.003062675008550286293 0.0030701206997036933899 0.0030590232927352190018 0.0030708070844411849976 0.0030929169151932001114 0.0030711463186889886856 0.003055561799556016922 0.0030837107915431261063 0.0030792488250881433487 0.0030358051881194114685 0.0029718035366386175156 0.0028991203289479017258 0.0027870200574398040771 0.0026184024754911661148
-9999 -9999 -9999 -9999 -9999 0.020570566877722740173 0.0056357644498348236084 0.0051316656172275543213 0.0053331935778260231018 0.0057488125748932361603 0.0028746153693646192551 0.0061812172643840312958 0.0058309510350227355957 0.0028747059404850006104 0.0046188528649508953094 0.0043851681984961032867 0.0042427307926118373871 0.004295999184250831604 0.0045444150455296039581 0.0043821004219353199005 0.0039233746938407421112 0.0035702113527804613113 0.0033274691086262464523 0.0031132211443036794662 0.00292368326336145401 0.0028628609143197536469 0.0028871090617030858994 0.0028712870553135871887 0.0028473900165408849716 0.0028758260887116193771 0.0029096459038555622101 0.00290343468077480793 0.0029127208981662988663 0.0029376058373600244522 0.0029564558062702417374 0.0029522483237087726593 0.0029218627605587244034 0.0028495760634541511536 0.002709354739636182785
-9999 -9999 -9999 -9999 0.0034049092791974544525 0.017238406464457511902 0.006312532816082239151 0.0028746428433805704117 0.0057486714795231819153 0.0028745827730745077133 0.0069475867785513401031 0.0065629584714770317078 0.0062342947348952293396 0.0028746738098561763763 0.0048682647757232189178 0.0044518080540001392365 0.0042609511874616146088 0.0042784702964127063751 0.0044953213073313236237 0.0043809600174427032471 0.003921055234968662262 0.0034334727097302675247 0.0031055719591677188873 0.0029056901112198829651 0.0027386890724301338196 0.002662355080246925354 0.0026632982771843671799 0.0026402450166642665863 0.0026028126012533903122 0.0026189256459474563599 0.0026665371842682361603 0.0026776252780109643936 0.0026794027071446180344 0.0026957150548696517944 0.0027329558506608009338 0.0027795608621090650558 0.0028080414049327373505 0.0028125122189521789551 0.0027617877349257469177
-9999 -9999 -9999 -9999 0.0033333334140479564667 0.0078307548537850379944 0.0057485485449433326721 0.0028745534364134073257 0.0028744796290993690491 0.0057483324781060218811 0.005748425610363483429 0.0076257786713540554047 0.0070500224828720092773 0.0028746230527758598328 0.0052487747743725776672 0.0046346103772521018982 0.0044158063828945159912 0.0043665762059390544891 0.0045098005793988704681 0.0045379921793937683105 0.0042107515037059783936 0.0028748167678713798523 0.0032104759011417627335 0.002958692377433180809 0.0027639728505164384842 0.0026394552551209926605 0.0025970218703150749207 0.0025648823939263820648 0.0025262027047574520111 0.0025373385287821292877 0.0025942393112927675247 0.0026266607455909252167 0.0026335266884416341782 0.002628910355269908905 0.0026350829284638166428 0.0026627050247043371201 0.0026855792384594678879 0.0027188141830265522003 0.0027464751619845628738
-9999 -9999 -9999 0.05354299396276473999 0.0028733420185744762421 0.0057484931312501430511 0.0057483068667352199554 0.0028743862640112638474 0.0028743105940520763397 0.0028743722941726446152 0.0028742703143507242203 0.01079733576625585556 0.0086217336356639862061 0.002874529687687754631 0.0057486831210553646088 0.0050240051932632923126 0.0047382330521941184998 0.0045339222997426986694 0.0045515415258705615997 0.0048460308462381362915 0.0049675991758704185486 0.002874752972275018692 0.0038185776211321353912 0.0033801586832851171494 0.003065878991037607193 0.0028170796576887369156 0.0026846076361835002899 0.0026290917303413152695 0.0025913782883435487747 0.0026021006051450967789 0.0026738897431641817093 0.0027389863971620798111 0.0027617053128778934479 0.0027196116279810667038 0.0026546316221356391907 0.0026163773145526647568 0.0025891626719385385513 0.0026006728876382112503 0.002657024189829826355
