tests/data/reference/gistest/full/control/mqsheet_m3_s.asc
ncols        125
nrows        78
xllcorner    -713756.799299980048
yllcorner    -1061032.369616159936
cellsize     10.000000000000
NODATA_value  -9999
[rows 54 to 71 of 78, columns 78 to 116 of 125]
0.0095867672935128211975 0.0017736501758918166161 0.0016865992220118641853 0.0016062922077253460884 0.0015332360053434967995 0.0015449913917109370232 0.0016454976284876465797 0.0013094856403768062592 0.001331949140876531601 0.0015180266927927732468 0.001898133312352001667 0.0019216536311432719231 0.0093096587806940078735 0.0016916812164708971977 0.0017285711364820599556 0.0021564217749983072281 0.0021760945674031972885 0.002113894093781709671 0.0020241157617419958115 0.0019507495453581213951 0.0019048999529331922531 0.0018814542563632130623 0.0018586973892524838448 0.0018420619890093803406 0.0018561907345429062843 0.0018930294318124651909 0.0019015441648662090302 0.0018840027041733264923 0.0019136080518364906311 0.002015099627897143364 0.0021394421346485614777 0.0022216266952455043793 0.0021812445484101772308 0.0022396370768547058105 0.0025086016394197940826 0.0026915238704532384872 0.002766480669379234314 0.0026967020239681005478 0.0025068446993827819824
0.0085321264341473579407 0.0017047426663339138031 0.0016343025490641593933 0.0015819328837096691132 0.0015453230589628219604 0.0015623949002474546432 0.0016314589884132146835 0.0016647856682538986206 0.0012493850663304328918 0.0013896847376599907875 0.0017172681400552392006 0.0018601885531097650528 0.008946809917688369751 0.0015840774867683649063 0.0016303604934364557266 0.0020373496226966381073 0.0020244766492396593094 0.0019788804929703474045 0.0019253239734098315239 0.0018837755778804421425 0.0018653576262295246124 0.001870067906565964222 0.0018705740803852677345 0.0018545550992712378502 0.0018402693094685673714 0.0018463102169334888458 0.0018705390393733978271 0.0019111728761345148087 0.0019880428444594144821 0.0020881830714643001556 0.0021272650919854640961 0.002109722234308719635 0.0020459466613829135895 0.0021189474500715732574 0.002440025797113776207 0.0027035821694880723953 0.0028136328328400850296 0.002736261347308754921 0.0024979203008115291595
0.0082295751199126243591 0.001661707879975438118 0.0016242224955931305885 0.0016106689581647515297 0.0016180956736207008362 0.0016250496264547109604 0.0016277978429570794106 0.0016270284540951251984 0.001623273361474275589 0.0013325023464858531952 0.0016121118096634745598 0.0019384755287319421768 0.0017288564704358577728 0.0078122955746948719025 0.001454506884329020977 0.0014600643189623951912 0.001876298803836107254 0.0018661116482689976692 0.0018517234129831194878 0.0018421633867546916008 0.001838773372583091259 0.0018516345880925655365 0.0018717454513534903526 0.0018781028920784592628 0.0018683203961700201035 0.001865063677541911602 0.0018987996736541390419 0.0019726662430912256241 0.0020722460467368364334 0.002138018142431974411 0.0020647863857448101044 0.0019952554721385240555 0.0019702883437275886536 0.002050847979262471199 0.0023226204793900251389 0.0025746838655322790146 0.0027111161034554243088 0.0026782753411680459976 0.0024881600402295589447
0.0081365387886762619019 0.0016679128166288137436 0.001668619341216981411 0.0016870734980329871178 0.0017193657113239169121 0.0016918494366109371185 0.0016191403847187757492 0.0015903442399576306343 0.0015954312402755022049 0.0012597421882674098015 0.0014226603088900446892 0.0018535054987296462059 0.0018837640527635812759 0.0073024765588343143463 0.0012385803274810314178 0.0012603381182998418808 0.0017369317356497049332 0.0017735409783199429512 0.0017999060219153761864 0.0018236857140436768532 0.0018278377829119563103 0.0018302184762433171272 0.0018599852919578552246 0.0019083590013906359673 0.0019396848510950803757 0.0019522714428603649139 0.0019925681408494710922 0.0020688825752586126328 0.0021462379954755306244 0.0021491569932550191879 0.0020079028327018022537 0.0019287269096821546555 0.0019378225551918148994 0.0020028098952025175095 0.0021767280995845794678 0.0023643991444259881973 0.0025028614327311515808 0.0025406910572201013565 0.0024742968380451202393
0.0080899987369775772095 0.0016850784886628389359 0.0017190281068906188011 0.0017515390645712614059 0.001780665246769785881 0.0017231469973921775818 0.0016062837094068527222 0.0015568040544167160988 0.0015568927628919482231 0.00156725302804261446 0.0011940648546442389488 0.0014638158027082681656 0.0020921004470437765121 0.0016360706649720668793 0.006922634318470954895 0.0012393681099638342857 0.0012854713713750243187 0.0017412134911864995956 0.0017858794890344142914 0.0018222195794805884361 0.0018363673007115721703 0.0018411052878946065903 0.0018683879170566797256 0.0019264628645032644272 0.0019740636926144361496 0.0019885271321982145309 0.0020291623659431934357 0.0021000280976295471191 0.0021240608766674995422 0.0020870123989880084991 0.0019808644428849220276 0.0019261182751506567001 0.0019492153078317642212 0.0019883504137396812439 0.0020681298337876796722 0.0021728519350290298462 0.0022767933551222085953 0.002364635467529296875 0.0024313291069120168686
0.0016714519588276743889 0.0016734475502744317055 0.0017313440330326557159 0.0017629683716222643852 0.0017743865028023719788 0.0017177637200802564621 0.0016023322241380810738 0.0015400550328195095062 0.0015230694552883505821 0.0014906120486557483673 0.0014490261673927307129 0.0011623135069385170937 0.001593797001987695694 0.0022722650319337844849 0.0097870314493775367737 0.0075226589106023311615 0.0013267470058053731918 0.0013519466156139969826 0.0018089900258928537369 0.0018396050436422228813 0.0018615762237459421158 0.0018823019927367568016 0.0019025265937671065331 0.0019403903279453516006 0.001970925135537981987 0.0019672361668199300766 0.0019943583756685256958 0.0020434602629393339157 0.0020056630019098520279 0.0019781952723860740662 0.0019859720487147569656 0.0019707458559423685074 0.0019738732371479272842 0.0019902579952031373978 0.0020153438672423362732 0.0020526654552668333054 0.0021026702597737312317 0.002190520288422703743 0.0023184088058769702911
0.0016483446815982460976 0.0016655819490551948547 0.0017380104400217533112 0.0017698925221338868141 0.0017665446503087878227 0.0017239332664757966995 0.0016354341059923171997 0.0015695490874350070953 0.0015317354118451476097 0.0014744799118489027023 0.0014005074044689536095 0.0014283512718975543976 0.0011929298052564263344 0.0016335301334038376808 0.002647885587066411972 0.010428258217871189117 0.001584328128956258297 0.0015030904905870556831 0.0019067848334088921547 0.0018925018375739455223 0.0018888727063313126564 0.0019029665272682905197 0.0019114202586933970451 0.0019343743333593010902 0.0019760425202548503876 0.0020047421567142009735 0.0020331062842160463333 0.0020266096107661724091 0.0019038511672988533974 0.0018826853483915328979 0.0020032455213367938995 0.0020314613357186317444 0.0019873026758432388306 0.0019759612623602151871 0.0019852221012115478516 0.0019882721826434135437 0.0019905059598386287689 0.0020477233920246362686 0.0021665669046342372894
0.0016774854157119989395 0.001698779757134616375 0.0017714082496240735054 0.0018052991945296525955 0.0017937029479071497917 0.0017625817563384771347 0.0017060951795428991318 0.0016444127541035413742 0.0015878434060141444206 0.0015158309834077954292 0.0014289736282080411911 0.0014029686572030186653 0.0014453774783760309219 0.0012419095728546380997 0.0018993184203281998634 0.00315638701431453228 0.013665299862623214722 0.0019707595929503440857 0.0017392609734088182449 0.001998712075874209404 0.0019261427223682403564 0.0019074931042268872261 0.0018981050234287977219 0.001904548262245953083 0.0019772888626903295517 0.0020786342211067676544 0.0020743671339005231857 0.0019940971396863460541 0.0018764764536172151566 0.0018710737349465489388 0.0020166824106127023697 0.002065992448478937149 0.0020011796150356531143 0.0019679774995893239975 0.0019644901622086763382 0.0019474383443593978882 0.0019184952834621071815 0.0019488966790959239006 0.0020425866823643445969
0.0017209791112691164017 0.0017384120728820562363 0.001791309332475066185 0.0018219142220914363861 0.0018158121965825557709 0.0018016817048192024231 0.0017778911860659718513 0.0017243816982954740524 0.0016515936003997921944 0.0015730594750493764877 0.0014889887534081935883 0.0014347326941788196564 0.001411761157214641571 0.0015024251770228147507 0.0013936643954366445541 0.0020776768215000629425 0.0036651210393756628036 0.014052290469408035278 0.0019920873455703258514 0.0021135946735739707947 0.0019881315529346466064 0.001953714294359087944 0.0019539231434464454651 0.001959505956619977951 0.0020504393614828586578 0.0021365766879171133041 0.0019733055960386991501 0.0018770059105008840561 0.0018979008309543132782 0.0019401563331484794617 0.0020356895402073860168 0.0020660834852606058121 0.0020100623369216918945 0.0019619360100477933884 0.0019345544278621673584 0.0019118605414405465126 0.0018818664830178022385 -9999 -9999
0.0017599844140931963921 0.0017593300435692071915 0.0017776741879060864449 0.0017993130022659897804 0.0018127125222235918045 0.0018229424022138118744 0.0018329543527215719223 0.0018026183824986219406 0.0017351689748466014862 0.0016532096778973937035 0.0015654035378247499466 0.0015010611386969685555 0.0014528386527672410011 0.0014756739838048815727 0.0016051067505031824112 0.0015123098855838179588 0.0023417933844029903412 0.014193272218108177185 0.002098912140354514122 0.001822768012061715126 0.0020726928487420082092 0.0020391151774674654007 0.002083631930872797966 0.0021048227790743112564 0.0021584429778158664703 0.0021196024026721715927 0.0018749046139419078827 0.0018148930976167321205 0.0019421153701841831207 0.0020256009884178638458 0.0020647072233259677887 0.0020652641542255878448 0.002016210462898015976 0.0019399890443310141563 0.0018704119138419628143 -9999 -9999 -9999 -9999
0.0017783978255465626717 0.0017440044321119785309 0.001716962084174156189 0.0017258813604712486267 0.0017652874812483787537 0.0018033477244898676872 0.0018435523379594087601 0.0018508022185415029526 0.0018222080543637275696 0.0017496646614745259285 0.0016463513020426034927 0.0015745370183140039444 0.0015239017084240913391 0.0015004943124949932098 0.0015199513873085379601 0.0016646968433633446693 0.0016372458776459097862 0.0020974283106625080109 0.011512561701238155365 0.0020372413564473390579 0.0018058726564049720764 0.0020893947221338748932 0.0021531099919229745865 0.0021837840322405099869 0.0020970357581973075867 0.0019696236122399568558 0.0018201991915702819824 0.0018198232864961028099 0.0019892244599759578705 0.0020927514415234327316 0.0021053510718047618866 0.0020858114585280418396 0.0020400276407599449158 -9999 -9999 -9999 -9999 -9999 -9999
0.0017725731013342738152 0.0017148685874417424202 0.0016527343541383743286 0.0016501621576026082039 0.0017030243761837482452 0.0017606335459277033806 0.0018252959707751870155 0.001867244369350373745 0.0018831643974408507347 0.0018443873850628733635 0.0017530935583636164665 0.0016689974581822752953 0.0015990678220987319946 0.0015463822055608034134 0.0015080738812685012817 0.0015541116008535027504 0.001313288114033639431 0.001594473724253475666 0.0019816297572106122971 0.012220967561006546021 0.0020316443406045436859 0.0021221588831394910812 0.0021261735819280147552 0.0021439630072563886642 0.0019870710093528032303 0.0018580688629299402237 0.0017889582086354494095 0.0018285181140527129173 0.002005900256335735321 0.0021301151718944311142 0.0021563777700066566467 0.0021144750062376260757 -9999 -9999 -9999 -9999 -9999 -9999 -9999
0.001772803720086812973 0.0017031929455697536469 0.0016146060079336166382 0.0015960769960656762123 0.0016400672029703855515 0.001701305038295686245 0.0017831703880801796913 0.0018523967592045664787 0.0019067196408286690712 0.0019222314003854990005 0.0018899512942880392075 0.001797785051167011261 0.0016751429066061973572 0.0015921365702524781227 0.001534724491648375988 0.0015257250051945447922 0.0015742130344733595848 0.001313579152338206768 0.0016143996035680174828 0.0021889870986342430115 0.0024502205196768045425 0.0018745517591014504433 0.002058182843029499054 0.0019792306702584028244 0.0018790506292134523392 0.0018009545747190713882 0.0017697563162073493004 0.0018249369459226727486 0.0019933828152716159821 0.0021301005035638809204 -9999 -9999 -9999 -9999 -9999 -9999 -9999 -9999 -9999
0.0017981193959712982178 0.0017208912177011370659 0.0016056506428867578506 0.001563781173899769783 0.0015815182123333215714 0.0016337487613782286644 0.0017258363077417016029 0.0018182868370786309242 0.0019128125859424471855 0.0019834255799651145935 0.0020173483062535524368 0.0019373397808521986008 0.0017736530862748622894 0.0016542120138183236122 0.0015709942672401666641 0.0015287562273442745209 0.0015182119095697999001 0.0015912756789475679398 0.0013773766113445162773 0.0018187261885032057762 0.014338638633489608765 0.0022180019877851009369 0.001621910720132291317 0.0018187593668699264526 0.0017599450657144188881 0.0017319942126050591469 0.0017374423332512378693 0.0018096429994329810143 -9999 -9999 -9999 -9999 -9999 -9999 -9999 -9999 -9999 -9999 -9999
0.0018316269852221012115 0.0017566767055541276932 0.0016222473932430148125 0.0015551153337582945824 0.0015382795827463269234 0.0015727384015917778015 0.0016649101162329316139 0.0017720663454383611679 0.0018999518360942602158 0.002003625035285949707 0.002067941008135676384 0.0020283288322389125824 0.0018975134007632732391 0.0017585866153240203857 0.0016243103891611099243 0.0015496723353862762451 0.0015158329624682664871 0.0015471642836928367615 0.0016597807407379150391 0.0015121010364964604378 0.0020629107020795345306 0.012844569981098175049 0.0016710880445316433907 0.0017482325201854109764 0.0016758199781179428101 -9999 -9999 -9999 -9999 -9999 -9999 -9999 -9999 -9999 -9999 -9999 -9999 -9999 -9999
0.0018540438031777739525 0.0017844446701928973198 0.0016521071083843708038 0.0015697915805503726006 0.0015239318599924445152 0.001536288997158408165 0.0016108708223327994347 0.0017107534222304821014 0.0018430979689583182335 0.0019405877683311700821 0.001976998988538980484 0.001964883413165807724 0.0019369048532098531723 0.0018482608720660209656 0.0016957710031419992447 -9999 -9999 -9999 -9999 -9999 -9999 0.002217278582975268364 0.0094517152756452560425 0.0013284030137583613396 -9999 -9999 -9999 -9999 -9999 -9999 -9999 -9999 -9999 -9999 -9999 -9999 -9999 -9999 -9999
0.0018617672612890601158 -9999 -9999 -9999 -9999 -9999 -9999 -9999 -9999 -9999 -9999 -9999 -9999 -9999 -9999 -9999 -9999 -9999 -9999 -9999 -9999 -9999 0.010196233168244361877 -9999 -9999 -9999 -9999 -9999 -9999 -9999 -9999 -9999 -9999 -9999 -9999 -9999 -9999 -9999 -9999
-9999 -9999 -9999 -9999 -9999 -9999 -9999 -9999 -9999 -9999 -9999 -9999 -9999 -9999 -9999 -9999 -9999 -9999 -9999 -9999 -9999 -9999 -9999 -9999 -9999 -9999 -9999 -9999 -9999 -9999 -9999 -9999 -9999 -9999 -9999 -9999 -9999 -9999 -9999
