tests/data/reference/gistest/full/control/mwlevelrill_m.asc
ncols        125
nrows        78
xllcorner    -713756.799299980048
yllcorner    -1061032.369616159936
cellsize     10.000000000000
NODATA_value  -9999
[rows 36 to 53 of 78, columns 82 to 122 of 125]
0.0088113974779844284058 0.017729591578245162964 0.0009773593628779053688 0 0.00024366525758523494005 0.0012938189320266246796 0.001882704906165599823 0.003280434291809797287 0.0035667789634317159653 0.010463188402354717255 0.0017936211079359054565 0.0013879906618967652321 0.0023094427306205034256 0.00086318782996386289597 5.4755488235969096422e-05 0.0027869071345776319504 0.0035785466898232698441 0.00078812433639541268349 0.0013854436110705137253 0.0013977964408695697784 0.00078689277870580554008 0.00072950363392010331154 0 -9999 -9999 -9999 -9999 -9999 -9999 -9999 -9999 -9999 -9999 -9999 -9999 -9999 -9999 -9999 -9999 -9999 -9999
0.0085963997989892959595 0.04411385953426361084 0 0.00085207552183419466019 0.00024623819626867771149 0.001643629046157002449 0.0021854182705283164978 0.0036041550338268280029 0.0039501837454736232758 0.011812649667263031006 0.0018160985782742500305 0.0026638512499630451202 0.0014036588836461305618 0.00087033328600227832794 0.0031755720265209674835 0.0040137288160622119904 0 0.0014002661919221282005 0.0019399772863835096359 0.0019043454667553305626 0.0013418209273368120193 0.001266050850972533226 0.00066816614707931876183 0 -9999 -9999 -9999 -9999 -9999 -9999 -9999 -9999 -9999 -9999 -9999 -9999 -9999 -9999 -9999 -9999 -9999
0.019471008330583572388 0.044814039021730422974 0.0013040152844041585922 0.00084369588876143097878 0.00024616671726107597351 0.0019571157172322273254 0.0024959750007838010788 0.0039484221488237380981 0.013708098791539669037 0.0021641869097948074341 0.0029637431725859642029 0.0018321330426260828972 0.0013957850169390439987 0.0034787647891789674759 0.0042735673487186431885 0.00086285849101841449738 0.0019438616000115871429 0 0.0024108644574880599976 0.0023093104828149080276 0.0017517120577394962311 0.0016789871733635663986 0.0012159636244177818298 0.00068971764994785189629 0 0 -9999 -9999 -9999 -9999 -9999 -9999 -9999 -9999 -9999 -9999 -9999 -9999 -9999 -9999 -9999
0 0.018091585487127304077 0.0024283914826810359955 0.00083750352496281266212 0.00024404434952884912491 0.0022475339937955141068 0.0028059484902769327164 0.0042725256644189357758 0.01483441423624753952 0.0031968778930604457855 0.0021776023786514997482 0.0018011984648182988167 0.0037090061232447624207 0.0044967131689190864563 0.0014196439879015088081 0.0023485396523028612137 0.00085971091175451874733 0 0.0028093047440052032471 0.0026933806948363780975 0.0021794219501316547394 0.0021471837535500526428 0.0017449818551540374756 0.0012267960701137781143 0.00064102438045665621758 0.00065348204225301742554 0 -9999 -9999 -9999 -9999 -9999 -9999 -9999 -9999 -9999 -9999 -9999 -9999 -9999 -9999
0.0081550478935241699219 0.018358917906880378723 0.0033772324677556753159 0.00026896383496932685375 0.00077697029337286949158 0.0025212124455720186234 0.0031201143283396959305 0.0045893210917711257935 0.016453098505735397339 0.0024850978516042232513 0.0021553477272391319275 0.0039177937433123588562 0.0046483357436954975128 0.0018677682382985949516 0.0027372154872864484787 0.0014101354172453284264 0.0008698999299667775631 0.0032112472690641880035 0 0.0030294300522655248642 0.0025815686676651239395 0.0025642379187047481537 0.0021717706695199012756 0.0016212507616728544235 0.0011612131493166089058 0.0011405611876398324966 0.00068523996742442250252 0 -9999 -9999 -9999 -9999 -9999 -9999 -9999 -9999 -9999 -9999 -9999 -9999 -9999
0.0088279191404581069946 0.018689975142478942871 0.0039060148410499095917 0.00026703780167736113071 0.0011716968147084116936 0.0028167285490781068802 0.0034498190507292747498 0.018311815336346626282 0.0027504211757332086563 0.0024670714046806097031 0.004137385636568069458 0.0048266691155731678009 0.002233369508758187294 0.0030580277089029550552 0.0018854867666959762573 0.0014112434582784771919 0.0035247611813247203827 0.00085633032722398638725 7.3628085374366492033e-05 0.0032790044788271188736 0.0028916629962623119354 0.0028813234530389308929 0.0025175642222166061401 0.0019479228649288415909 0.0016975908074527978897 0.0016352658858522772789 0.0011541326530277729034 0.00071647204458713531494 0 -9999 -9999 -9999 -9999 -9999 -9999 -9999 -9999 -9999 -9999 -9999 -9999
0.011740550398826599121 0.017945315688848495483 0.0041983057744801044464 0.00078864430543035268784 0.0015637523028999567032 0.0031731002964079380035 0.0037565103266388177872 0.019587658345699310303 0.0027406550943851470947 0.0043548024259507656097 0.0049870782531797885895 0.0025372745003551244736 0.0033079201821237802505 0.0022703232243657112122 0.0018828926840797066689 0.0038704187609255313873 0.0014088741736486554146 0.00013997094356454908848 0.0008091930067166686058 0.0035751967225223779678 0.003231680719181895256 0.0032234389800578355789 0.0028303575236350297928 0.0022075069136917591095 0.0021252466831356287003 0.0020814458839595317841 0.001479909638874232769 0.0011656188871711492538 0.00069057440850883722305 4.4903914385940879583e-05 -9999 -9999 -9999 -9999 -9999 -9999 -9999 -9999 -9999 -9999 -9999
0.048004820942878723145 0.029693942517042160034 0.0045076836831867694855 0.0012671252479776740074 0.0019983313977718353271 0.0035126022994518280029 0.0039960881695151329041 0.020646112039685249329 0.0045232521370053291321 0.0052173812873661518097 0.002839722437784075737 0.0035115701612085103989 0.0025630583986639976501 0.0022513046860694885254 0.0041736089624464511871 0.0018905337201431393623 0.00086758076213300228119 0.00013546711124945431948 0.0013226906303316354752 0.0039058297406882047653 0.0036100971046835184097 0.0035660560242831707001 0.0029907776042819023132 0.0024226433597505092621 0.0023749484680593013763 0.0023968222085386514664 0.0017959664110094308853 0.0014353398000821471214 0.0011166003532707691193 0.00073397840606048703194 7.6170377724338322878e-05 0 -9999 -9999 -9999 -9999 -9999 -9999 -9999 -9999 -9999
0.70257353782653808594 0.40098074078559875488 0.0049206260591745376587 0.0017017823411151766777 0.0022289019543677568436 0.0036525714676827192307 0.0042136232368648052216 0.022932030260562896729 0.0053573525510728359222 0.0031415098346769809723 0.003774944692850112915 0.0028282445855438709259 0.0025242043193429708481 0.0042789811268448829651 0.0022691567428410053253 0.0013963279780000448227 0.00086055841529741883278 0.00014666400966234505177 0.0017614040989428758621 0.0042087510228157043457 0.003912295214831829071 0.0037375073879957199097 0.0029513461049646139145 0.0027515112888067960739 0.0025509768165647983551 0.0025957743637263774872 0.0021927126217633485794 0.0016914310399442911148 0.0014654297847300767899 0.0012115123681724071503 0.0013260700507089495659 0.00010490087879588827491 0 -9999 -9999 -9999 -9999 -9999 -9999 -9999 -9999
0.0024329260922968387604 0.0038798858877271413803 1.014500737190246582 0.0020008590072393417358 0.0022660181857645511627 0.0037513470742851495743 0.0044802837073802947998 0.026011269539594650269 0.003417447209358215332 0.004033069126307964325 0.0031202854588627815247 0.0028034234419465065002 0.0043865460902452468872 0.0025313787627965211868 0.0017954779323190450668 0.001359282410703599453 0.00085072434740141034126 0.00017264926282223314047 0.0021635359153151512146 0.0044968873262405395508 0.00405793776735663414 0.0036803360562771558762 0.0031213362235575914383 0.0030090913642197847366 0.0027250840794295072556 0.0027378732338547706604 0.0024651635903865098953 0.0020402800291776657104 0.0017801508074626326561 0.0016045580850914120674 0.002123625483363866806 0.00085712503641843795776 0.0001409919059369713068 6.2527018599212169647e-05 -9999 -9999 -9999 -9999 -9999 -9999 -9999
0.0013103780802339315414 0.0015605580992996692657 0.0048074959777295589447 0.8881600499153137207 0.0028112570289522409439 0.0042876624502241611481 0.0049635912291705608368 0.028691779822111129761 0.0043869670480489730835 0.0034342077560722827911 0.0031104767695069313049 0.0046099051833152770996 0.0028199418447911739349 0.0021370390895754098892 0.0017575061647221446037 0.0013286506291478872299 0.00084171124035492539406 0.00020469565060921013355 0.002504132688045501709 0.004654982592910528183 0.0040199449285864830017 0.0035516924690455198288 0.0033890500199049711227 0.003234080970287322998 0.0029536527581512928009 0.0029419611673802137375 0.0026730338577181100845 0.0022910661064088344574 0.0020726867951452732086 0.0019820560701191425323 0.0031966208480298519135 0.0008626452181488275528 0.00018915372493211179972 0.00084313057595863938332 1.902829171740449965e-05 -9999 -9999 -9999 -9999 -9999 -9999
0.002271646866574883461 0.0024046259932219982147 0.0025525542441755533218 0.0074379458092153072357 1.0241733789443969727 0.0050311442464590072632 0.0056717391125857830048 0.032843951135873794556 0.0039157499559223651886 0.0034738159738481044769 0.0048833149485290050507 0.0031292566563934087753 0.0024895742535591125488 0.0021320078521966934204 0.0017321804771199822426 0.001299861585721373558 0.00082984979962930083275 0.00023429394059348851442 0.0027632028795778751373 0.0047068651765584945679 0.0039449324831366539001 0.0037777533289045095444 0.0036763630341738462448 0.003472808515653014183 0.0031970990821719169617 0.0031896114815026521683 0.002909347880631685257 0.0024933442473411560059 0.0024563821498304605484 0.0049703596159815788269 0.0013728875201195478439 0.00087921367958188056946 0.0014099064283072948456 0.00089633319294080138206 0 0 -9999 -9999 -9999 -9999 -9999
0.015561426989734172821 0.014715600758790969849 0.014252162538468837738 0.016649536788463592529 0 0.91766816377639770508 0.0059284837916493415833 0.036266181617975234985 0.0040492056868970394135 0.0053262542933225631714 0.0034549948759377002716 0.0028082870412617921829 0.0024924690369516611099 0.0021177507005631923676 0.0017015315825119614601 0.0012700740480795502663 0.00081889540888369083405 0.00025316234678030014038 0.0029903405811637639999 0.0047505167312920093536 0.003968435339629650116 0.0040198001079261302948 0.003928605932742357254 0.0037242795806378126144 0.0034294277429580688477 0.0034196788910776376724 0.00317820720374584198 0.0027451000642031431198 0.0029557526577264070511 0.0063803275115787982941 0.0013999306829646229744 0.0018671966390684247017 0.0014254648704081773758 0.00090626452583819627762 0.00090311450185254216194 -9999 -9999 -9999 -9999 -9999 -9999
0.0017812864389270544052 0.0019384167389944195747 0.0020909497980028390884 0.0028262494597584009171 0.022541848942637443542 0.38093093037605285645 0.005621629767119884491 0.038944546133279800415 0.0060982322320342063904 0.0039622946642339229584 0.0031832526437938213348 0.0028198137879371643066 0.0024788046721369028091 0.0020877607166767120361 0.0016627261647954583168 0.0012393216602504253387 0.00081017153570428490639 0.00026556759257800877094 0.0031790100038051605225 0.0047598797827959060669 0.0041001304052770137787 0.0040637804195284843445 0.0040828622877597808838 0.0039655962027609348297 0.0037027075886726379395 0.0036666754167526960373 0.0034109777770936489105 0.0031936201266944408417 0.0082982489839196205139 0.001819689176045358181 0.0023041458334773778915 0.001895524212159216404 0.0014202455058693885803 0.0014278895687311887741 0.00014627123891841620207 -9999 -9999 -9999 -9999 -9999 -9999
0.0010799713199958205223 0.0013040601043030619621 0.0015521221794188022614 0.0021081520244479179382 0.0056262928992509841919 0.024701703339815139771 0.75527119636535644531 0.0422517433762550354 0.004600774962455034256 0.0037132478319108486176 0.0032339498866349458694 0.002838293788954615593 0.0024622255004942417145 0.0020544813014566898346 0.00026896770577877759933 0.0015970173990353941917 0.001606557168997824192 0.00027330504963174462318 0.0033358442597091197968 0.0048211840912699699402 0.0043298108503222465515 0.0041524483822286128998 0.0040178322233259677887 0.0040238411165773868561 0.0039165047928690910339 0.0038728541694581508636 0.0034887390211224555969 0.0036642979830503463745 0.009790440090000629425 0.0026950002647936344147 0.0023476807400584220886 0.0019145152764394879341 0.0018952396931126713753 0.00089593086158856749535 0.00020237367425579577684 -9999 -9999 -9999 -9999 -9999 -9999
0.0013059457996860146523 0.0014818204799667000771 0.001748129725456237793 0.0022112783044576644897 0.003005308099091053009 0.006812322419136762619 0.34584134817123413086 0.043598357588052749634 0.0042957873083651065826 0.0037342212162911891937 0.0032619172707200050354 0.0028476070147007703781 0.0024398250970989465714 0.00082299107452854514122 0.00026595246163196861744 0.001938012661412358284 0.0022622609976679086685 0.00027478291303850710392 0.0034926449880003929138 0.0049788248725235462189 0.0045627327635884284973 0.0044314367696642875671 0.0042348536662757396698 0.0039642257615923881531 0.0040140212513506412506 0.0040022777393460273743 0.0037830006331205368042 0.0040828906930983066559 0.011711651459336280823 0.0027758772484958171844 0.0023732758127152919769 0.0023470304440706968307 0.0014345217496156692505 0.00089247809955850243568 0.0002139188000001013279 -9999 -9999 -9999 -9999 -9999 -9999
0.0016882361378520727158 0.0018715114565566182137 0.0022408145014196634293 0.002673642011359333992 0.0033673818688839673996 0.0038994646165519952774 0.36185050010681152344 0.098126590251922607422 0.00710330205038189888 0.0036875028163194656372 0.0032778978347778320312 0.0028722998686134815216 0.0012996905716136097908 0.00026379452901892364025 0.00079326884588226675987 0.0022408268414437770844 0.0025057697203010320663 0.00075811432907357811928 0.0036738603375852108002 0.0051534008234739303589 0.0047433739528059959412 0.0046475706622004508972 0.0045126960612833499908 0.0042255870066583156586 0.0039649549871683120728 0.0039780335500836372375 0.00418892689049243927 0.013550840318202972412 0.0031059277243912220001 0.0027862107381224632263 0.0027397414669394493103 0.0018795931246131658554 0.0014352141879498958588 0.00088853482156991958618 0.00019584535039030015469 0.00018842768622562289238 -9999 -9999 -9999 -9999 -9999
0.010443054139614105225 0.01099157240241765976 0.011937657371163368225 0.012963884510099887848 0.014492142945528030396 0.0042496509850025177002 0.34523186087608337402 0.033111456781625747681 0.0090014031156897544861 0.0036534680984914302826 0.0032889978028833866119 0.0017893336480483412743 0.00024234509328380227089 0.00080303329741582274437 0.0012024183524772524834 0.0024818889796733856201 0.002695062197744846344 0.0011207719799131155014 0.0038485005497932434082 0.0052825454622507095337 0.0049393097870051860809 0.0048798560164868831635 0.0046267970465123653412 0.0042638937011361122131 0.0038939481601119041443 0.0041795284487307071686 0.0047237733379006385803 0.016109164804220199585 0.0031039249151945114136 0.0059020272456109523773 0.003720246022567152977 0.0018657401669770479202 0.001440203632228076458 0.00088225689250975847244 0.00086514942813664674759 0.00084286805940791964531 0.00014844177349004894495 -9999 -9999 -9999 -9999
