tests/data/reference/gistest/full/control/mwlevelrill_m.asc
ncols        125
nrows        78
xllcorner    -713756.799299980048
yllcorner    -1061032.369616159936
cellsize     10.000000000000
NODATA_value  -9999
[rows 54 to 71 of 78, columns 82 to 122 of 125]
0.0019358430290594696999 0.0021693862508982419968 0.0025106261018663644791 0.0029263012111186981201 0.0033540425356477499008 0.018278621137142181396 0.012248073704540729523 0.00028640378150157630444 0 0.0035605593584477901459 0.0022347730118781328201 0.00085679377662017941475 0.00023776752641424536705 0.0011809890856966376305 0.0014967190800234675407 0.0026367220561951398849 0.0028638890944421291351 0.0014341610949486494064 0.0040138210169970989227 0.0054274518042802810669 0.0058009303174912929535 0.0050947340205311775208 0.0050572645850479602814 0.0047317608259618282318 0.0046673635952174663544 0.0050193541683256626129 0.021224083378911018372 0.0037138927727937698364 0.0077882283367216587067 0.00022703771537635475397 0.00016075548774097114801 0.0023171622306108474731 0.0019346792250871658325 0.0053121955133974552155 0.0036262723151594400406 0.0012629765551537275314 0.00076874077785760164261 0 0 -9999 -9999
0.013164551928639411926 0.012922060675919055939 0.013336885720491409302 0.014066558331251144409 0.014788243919610977173 0.016928806900978088379 0.020734077319502830505 0.010849911719560623169 0 0.0025177472271025180817 0.0013818100560456514359 0.00026732013793662190437 0.00075279013253748416901 0.0014177256962284445763 0.0016881340416148304939 0.0027449717745184898376 0.0030443705618381500244 0.0017329122638329863548 0.0042051966302096843719 0.0056026503443717956543 0.0059928200207650661469 0.0052445125766098499298 0.0051732161082327365875 0.005054289940744638443 0.0053526032716035842896 0.023206194862723350525 0.0039247628301382064819 0.0080194957554340362549 0.0016564781544730067253 0.00080353266093879938126 0.0025586602278053760529 0.0023032417520880699158 0.0074411621317267417908 0.0026125281583517789841 0.0020211690571159124374 0.0015886164037510752678 0.0012234279420226812363 0.00080361193977296352386 0 -9999 -9999
0.0063369958661496639252 0.0060986904427409172058 0.0060684750787913799286 0.0063630412332713603973 0.0067457365803420543671 0.007706120610237121582 0.02441559918224811554 0.029132908210158348083 0 0.002113585127517580986 0.0004021282074972987175 0.00084103160770609974861 0.0010712414514273405075 0.0016161159146577119827 0.0018782415427267551422 0.0029087879229336977005 0.0032676008995622396469 0.0020252638496458530426 0.0044184471480548381805 0.005817400757223367691 0.0062125930562615394592 0.0054945093579590320587 0.00557198328897356987 0.00569113902747631073 0.0062240045517683029175 0.027077432721853256226 0.0082358615472912788391 0.0020400346256792545319 0.0029045760165899991989 0.0026503577828407287598 0.0025243675336241722107 0.0073527931235730648041 0.0029514695052057504654 0.0023951311595737934113 0.0018655901076272130013 0.0015180569607764482498 0.0012266747653484344482 0.00081290339585393667221 0 0 -9999
0.011224981397390365601 0.012057107873260974884 0.012141512706875801086 0.01208545733243227005 0.012148147448897361755 0.012343069538474082947 0.012482526712119579315 0.038470145314931869507 0.021936524659395217896 0 0.00081831502029672265053 0.0011544403387233614922 0.0013301894068717956543 0.0018263891106471419334 0.0021091022063046693802 0.0031421754974871873856 0.0035049258731305599213 0.0023002305533736944199 0.0046844151802361011505 0.0061734942719340324402 0.006584144197404384613 0.0059288446791470050812 0.0062300870195031166077 0.0065658204257488250732 0.030194371938705444336 0.00872792024165391922 0.0024293097667396068573 0.0032057629432529211044 0.00028123901574872434139 0.0026734271086752414703 0.0070516043342649936676 0.0032025547698140144348 0.0033910458441823720932 0.0028012946713715791702 0.0023227201309055089951 0.0021087874192744493484 0.0020345342345535755157 0.0018688577692955732346 0.00082380161620676517487 0 0
0.0064267218112945556641 0.014739450998604297638 0.014291946776211261749 0.01418952643871307373 0.015783479437232017517 0.016260070726275444031 0.015674451366066932678 0.015006340108811855316 0.075964912772178649902 0.00030311715090647339821 0 0.0014930531615391373634 0.0016726638423278927803 0.0021032362710684537888 0.0024062141310423612595 0.0034333341754972934723 0.0037630342412739992142 0.0025966749526560306549 0.0050543798133730888367 0.0066081359982490539551 0.0069088083691895008087 0.0062781497836112976074 0.0068310224451124668121 0.032510641962289810181 0.0088812625035643577576 0.0028630383312702178955 0.0061413063667714595795 0.0034436066634953022003 0.0029248821083456277847 0.0068948334082961082458 0.0033464983571320772171 0.0062988381832838058472 0.0034986273385584354401 0.002992688911035656929 0.0025595456827431917191 0.0023508409503847360611 0.0023528102319687604904 0.0023205953184515237808 0.0020206742919981479645 0.0007466328679583966732 0
0.011433576233685016632 0.0015262246597558259964 0.0023434124886989593506 0.0030653064604848623276 0.0011208759387955069542 0.0011029732413589954376 0.0019152362365275621414 0.0027302240487188100815 0.0029893112368881702423 0.080183044075965881348 0 0.0029971071053296327591 0.0020027237478643655777 0.0025017664302140474319 0.0027519131544977426529 0.0037592737935483455658 0.0040793619118630886078 0.0029469365254044532776 0.0054803621023893356323 0.0069895298220217227936 0.0070724403485655784607 0.0064794155769050121307 0.033833343535661697388 0.0087349656969308853149 0.0031624855473637580872 0.011861441656947135925 0.0073074409738183021545 0.0071187275461852550507 0.0070001948624849319458 0.0035350797697901725769 0.0085557773709297180176 0.0034987451508641242981 0.0031395228579640388489 0.0027546300552785396576 0.0023568759206682443619 0.0020226470660418272018 0.0019345509354025125504 0.001664500916376709938 0.0013572206953540444374 0.00067263544769957661629 0
0.0012093352852389216423 0.00079438206739723682404 0.0007770902593620121479 0.00077047216473147273064 0.00076798023656010627747 0.000752543681301176548 0.00072655227268114686012 0.00072542834095656871796 0.0011491028126329183578 0.0014339273329824209213 0.087925955653190612793 0 0.0024441557470709085464 0.0030080471187829971313 0.0031527825631201267242 0.0041059334762394428253 0.0044224350713193416595 0.0032886522822082042694 0.0057907882146537303925 0.0072215478867292404175 0.0072677005082368850708 0.0069524878636002540588 0.040573284029960632324 0.0035258864518254995346 0.014453924261033535004 0.0043305251747369766235 0.0042410744354128837585 0.004100778140127658844 0.0038018303457647562027 0.0086843678727746009827 0.00027180241886526346207 0.0022719996050000190735 0.0019021896878257393837 0.0015324238920584321022 0.0011449095327407121658 0.00071747618494555354118 0 0.00064406136516481637955 0 0.00059959199279546737671 0
0.00029824496596120297909 0.00029883632669225335121 0.00030322076054289937019 0.00030950771179050207138 0.00031378338462673127651 0.00031580365612171590328 0.00031730780028738081455 0.0026278872974216938019 0.0031149266287684440613 0.0035757038276642560959 0.0042279236949980258942 0.096478566527366638184 0 0.0037078836467117071152 0.0036127821076661348343 0.0044212443754076957703 0.0047436868771910667419 0.0035878629423677921295 0.0059665176086127758026 0.0073482575826346874237 0.0076975193805992603302 0.043150644749402999878 0.003893645014613866806 0.015497880987823009491 0.0011476028012111783028 0.00075649865902960300446 0.00026579329278320074081 0.00026249565416947007179 0.0094100935384631156921 0.00080764188896864652634 0.0026214332319796085358 0.00027868236065842211246 0.00078868604032322764397 0.00027168149244971573353 0.00025784035096876323223 0.00021985673811286687851 -9999 0 0.0015937368152663111687 0 0.00060069386381655931473
0.00074930349364876747131 0.001112264697439968586 0.001439708983525633812 0.0017360561760142445564 0.0019914645235985517502 0.0022141204681247472763 0.0024159916210919618607 0.00031541311182081699371 0.00031816630507819354534 0.00074023439083248376846 0.0012451999355107545853 0.0016640571411699056625 0.10612825304269790649 0 0.0035751932300627231598 0.0045311599969863891602 0.0050637265667319297791 0.0039420058019459247589 0.006296925712376832962 0.0078219370916485786438 0.046567022800445556641 0.0042470092885196208954 0.016651762649416923523 0.0018009968334808945656 0.0014520132681354880333 0.0011728922836482524872 0.00081483164103701710701 0.0099598309025168418884 0.00027498224517330527306 0.002977219410240650177 0.00081866508116945624352 0.0012279474176466464996 0.00028631312306970357895 -9999 -9999 -9999 -9999 -9999 0 -9999 -9999
0.0035263544414192438126 0.0036594718694686889648 0.003874960821121931076 0.0041193924844264984131 0.0043709389865398406982 0.0046027442440390586853 0.0047641200944781303406 0.0049304259009659290314 0.0051169130019843578339 0.0092619452625513076782 0.010087111964821815491 0.010944334790110588074 0.011742803268134593964 0 0.0047427453100681304932 0.0044123549014329910278 0.0080808829516172409058 0.00026587778120301663876 0.0069032902829349040985 0.052148681133985519409 0.0045814933255314826965 0.018683264032006263733 0.001494682743214070797 0.0010824613273143768311 0.00075295468559488654137 0.00026391915162093937397 0.010196642950177192688 0.00084469735156744718552 0.00340776052325963974 0.0012840448180213570595 0.0016273689689114689827 -9999 -9999 -9999 -9999 -9999 -9999 -9999 -9999 -9999 -9999
0.0034769920166581869125 0.0035727191716432571411 0.00376358814537525177 0.0039869020693004131317 0.0043293507769703865051 0.0046744951978325843811 0.0049019483849406242371 0.0051357829943299293518 0.0053973048925399780273 0.000313989672577008605 0.00031290427432395517826 0.00073842809069901704788 0.0011497887317091226578 0.013940759934484958649 0 0.0086498204618692398071 0.0088099893182516098022 0.007359025999903678894 0.05296629294753074646 0.0048737190663814544678 0.019021097570657730103 0.0015948533546179533005 0.0010961709776893258095 0.00072703993646427989006 0.00026458271895535290241 0.010410334914922714233 0.0013143438845872879028 0.003814793657511472702 0.0017429430736228823662 -9999 -9999 -9999 -9999 -9999 -9999 -9999 -9999 -9999 -9999 -9999 -9999
0.0076411669142544269562 0.0075873839668929576874 0.007710576523095369339 0.0080944942310452461243 0.0081527512520551681519 0.0085178343579173088074 0.0090384371578693389893 0.0095260599628090858459 0.0097897397354245185852 0.0098803173750638961792 0.0098913172259926795959 0.0101906629279255867 0.010645375587046146393 0.010162055492401123047 0.023675290867686271667 0 0.013601116836071014404 0.052774991840124130249 0.0050259609706699848175 0.019676469266414642334 0.012075359933078289032 0.010042807087302207947 0.0093922568485140800476 0.0094715384766459465027 0.010247294791042804718 0.0017310674302279949188 0.0042088641785085201263 0.0021778368391096591949 -9999 -9999 -9999 -9999 -9999 -9999 -9999 -9999 -9999 -9999 -9999 -9999 -9999
0.002021784195676445961 0.0021853684447705745697 0.0023567148018628358841 0.0027189971879124641418 0.0030089262872934341431 0.0031307071913033723831 0.0034842058084905147552 0.0039064115844666957855 0.004115517251193523407 0.0042605502530932426453 0.0044045806862413883209 0.0046023307368159294128 0.0047796471044421195984 0.00493183918297290802 0.005157686769962310791 0.0303134135901927948 0 0.055904876440763473511 0.019196843728423118591 0.012705931439995765686 0.00029418175108730792999 0.00029332918347790837288 0.00076787179568782448769 0.00029239873401820659637 0.0020329465623944997787 0.0044670938514173030853 -9999 -9999 -9999 -9999 -9999 -9999 -9999 -9999 -9999 -9999 -9999 -9999 -9999 -9999 -9999
0.004335358738899230957 0.0043839677236974239349 0.0044393241405487060547 0.0049460320733487606049 0.0053950059227645397186 0.005600691772997379303 0.0056539624929428100586 0.0061686253175139427185 0.0063706650398671627045 0.006501306779682636261 0.0065500559285283088684 0.0065820706076920032501 0.0066059874370694160461 0.0067843282595276832581 0.0070549012161791324615 0.0082126995548605918884 0 0.065198600292205810547 0.01318545173853635788 0.00084317801520228385925 0.00081413448788225650787 0.0011868589790537953377 0.00030477100517600774765 0.0022340388968586921692 -9999 -9999 -9999 -9999 -9999 -9999 -9999 -9999 -9999 -9999 -9999 -9999 -9999 -9999 -9999 -9999 -9999
0.0039313682354986667633 0.0040333722718060016632 0.0041703153401613235474 0.0043641170486807823181 0.004933019634336233139 0.0054008443839848041534 0.005739667452871799469 0.0057392818853259086609 0.0054206987842917442322 0.0057614864781498908997 0.0058571528643369674683 0.0059136128984391689301 0.0060152830556035041809 0.0062406719662249088287 0.00647624162957072258 0.0066247722133994102478 0.010227284394204616547 0 0.013965683989226818085 0.0012507028877735137939 0.0015616334276273846626 -9999 -9999 -9999 -9999 -9999 -9999 -9999 -9999 -9999 -9999 -9999 -9999 -9999 -9999 -9999 -9999 -9999 -9999 -9999 -9999
0.0035467175766825675964 0.0037314502988010644913 0.0039607919752597808838 0.0041365842334926128387 0.0042731361463665962219 0.0049838409759104251862 0.0056831287220120429993 0.00026333425194025039673 0.00026641367003321647644 0.00070769642479717731476 0.00094106298638507723808 -9999 -9999 -9999 -9999 -9999 -9999 0.011361575685441493988 0 0.0020303903147578239441 -9999 -9999 -9999 -9999 -9999 -9999 -9999 -9999 -9999 -9999 -9999 -9999 -9999 -9999 -9999 -9999 -9999 -9999 -9999 -9999 -9999
-9999 -9999 -9999 -9999 -9999 -9999 -9999 -9999 -9999 -9999 -9999 -9999 -9999 -9999 -9999 -9999 -9999 -9999 0 -9999 -9999 -9999 -9999 -9999 -9999 -9999 -9999 -9999 -9999 -9999 -9999 -9999 -9999 -9999 -9999 -9999 -9999 -9999 -9999 -9999 -9999
-9999 -9999 -9999 -9999 -9999 -9999 -9999 -9999 -9999 -9999 -9999 -9999 -9999 -9999 -9999 -9999 -9999 -9999 -9999 -9999 -9999 -9999 -9999 -9999 -9999 -9999 -9999 -9999 -9999 -9999 -9999 -9999 -9999 -9999 -9999 -9999 -9999 -9999 -9999 -9999 -9999
