tests/data/reference/gistest/full/control/mwlevelrill_m.asc
ncols        125
nrows        78
xllcorner    -713756.799299980048
yllcorner    -1061032.369616159936
cellsize     10.000000000000
NODATA_value  -9999
[rows 36 to 53 of 78, columns 41 to 81 of 125]
0.0017483686096966266632 0.0017298578750342130661 0.0017275783466175198555 0.001170392264612019062 0.0011564039159566164017 0.0011344262165948748589 0.0011155066313222050667 0.0011705623473972082138 0.0011873415205627679825 0.0042337761260569095612 0.0018437639810144901276 0.0018910088110715150833 0.00052757101366296410561 0.0010926151880994439125 0.0014425487024709582329 0.088728569447994232178 0.092710994184017181396 0.089159257709980010986 0.089946910738945007324 0.0052994797006249427795 0.002792372601106762886 0.0039902213029563426971 0.0035986537113785743713 0.003170447424054145813 0.0042141703888773918152 0.005216361023485660553 0.0087930047884583473206 0.0051629184745252132416 0.0052078785374760627747 0.0052973316051065921783 0.0053632818162441253662 0.0053841485641896724701 0.00049578538164496421814 0.038515031337738037109 0.0097123412415385246277 0.0058367052115499973297 0.0054201195016503334045 0.0050252145156264305115 0.0046792468056082725525 0.026203908026218414307 0.0049577895551919937134
0.0012246579863131046295 0.0011840502265840768814 0.00046514181303791701794 0.00045643787598237395287 0.00045114060048945248127 0.00044902297668159008026 0.00045000977115705609322 0.00045559552381746470928 0.0036844448186457157135 0.0012295400956645607948 0.0012463921448215842247 0.0012245115358382463455 0.0016699611442163586617 0.0018810556503012776375 0.002070360817015171051 0.0027010927442461252213 0.0032401792705059051514 0.0034460644237697124481 0.0037434499245136976242 0.081845097243785858154 0.086060278117656707764 0.089929118752479553223 0.092608503997325897217 0.09347263723611831665 0.09585170447826385498 0.10109876841306686401 0.10876042395830154419 0.11851996928453445435 0.12137636542320251465 0.0062758070416748523712 0.0059844269417226314545 0.0056691416539251804352 0.005395692773163318634 0.0012537143193185329437 0.040626324713230133057 0.0058186119422316551208 0.0055494937114417552948 0.0050743962638080120087 0.0051357350312173366547 0.024972885847091674805 0.004795412067323923111
0.00035843584919348359108 0.00040653560427017509937 0.0010358068393543362617 0.0015382140409201383591 0.0019797876011580228806 0.0023778821341693401337 0.0027834293432533740997 0.0031983926892280578613 0.00044165665167383849621 0.00044352043187245726585 0.00044178680400364100933 0.00052410713396966457367 0.0010838226880878210068 0.001503140782006084919 0.0019631935283541679382 0.047223273664712905884 0.049768257886171340942 0.048979043960571289062 0.050706353038549423218 0.054386891424655914307 0.057755514979362487793 0.060192644596099853516 0.062128666788339614868 0.063586160540580749512 0.06543811410665512085 0.067224629223346710205 0.068266034126281738281 0.066515609622001647949 0.057422280311584472656 0.14622718095779418945 0.16345988214015960693 0.0062700952403247356415 0.0059738624840974807739 0.0055943992920219898224 0.044136479496955871582 0.0060274372808635234833 0.0055220625363290309906 0.0051994025707244873047 0.005182482302188873291 0.024593589827418327332 0.0043989280238747596741
0.00029678584542125463486 0.00036246745730750262737 0.00094256247393786907196 0.0013614479685202240944 0.0017405720427632331848 0.0022663506679236888885 0.0027722190134227275848 0.00318824034184217453 0.0035697792191058397293 0.0039251223206520080566 0.0040604472160339355469 0.0041486620903015136719 0.0044550304301083087921 0.045116007328033447266 0.049171231687068939209 0.0044983099214732646942 0.0044796075671911239624 0.0043571731075644493103 0.0043112589046359062195 0.0043256985954940319061 0.0043363873846828937531 0.0043811444193124771118 0.0044570527970790863037 0.0046161077916622161865 0.0044077639468014240265 0.0045338417403399944305 0.0046664662659168243408 0.0047399760223925113678 0.0083911381661891937256 0.010865353047847747803 0.010160692967474460602 0.12826202809810638428 0.14525446295738220215 0.14820849895477294922 0.16316024959087371826 0.051715515553951263428 0.0058109690435230731964 0.0052703712135553359985 0.0053015262819826602936 0.027187928557395935059 0.0097809461876749992371
0.0028020900208503007889 0.0011230699019506573677 0.0016194686759263277054 0.0020482703112065792084 0.002332910662516951561 0.0024506312329322099686 0.0029419579077512025833 0.0033042288850992918015 0.0036092996597290039062 0.0038716541603207588196 0.0041079130023717880249 0.0045442078262567520142 0.047983918339014053345 0.0044491346925497055054 0.0044546416029334068298 0.0043639945797622203827 0.0042133331298828125 0.0040950891561806201935 0.0040230611339211463928 0.0039572538807988166809 0.0039373431354761123657 0.0039606825448572635651 0.0040390044450759887695 0.0036962488666176795959 0.0037822700105607509613 0.0038913604803383350372 0.0040113888680934906006 0.0047097750939428806305 0.0044735018163919448853 0.024090306833386421204 0.026584286242723464966 0.028380615636706352234 0.027130350470542907715 0 0.00039372788160108029842 0.18953414261341094971 0.061404235661029815674 0.0062664556317031383514 0.0060839056968688964844 0.00049802585272118449211 0.0077775004319846630096
0.0011709594400599598885 0.0030990913510322570801 0.0033980938605964183807 0.0036888073664158582687 0.0038152737542986869812 0.0038517420180141925812 0.0038618966937065124512 0.0037169246934354305267 0.0038841096684336662292 0.0043548708781599998474 0.045506779104471206665 0.05125156790018081665 0.0046890517696738243103 0.0045931520871818065643 0.0044829389080405235291 0.0043680518865585327148 0.0042669875547289848328 0.0041632787324488162994 0.0040091145783662796021 0.0039210617542266845703 0.0038601276464760303497 0.0038714651018381118774 0.0033405541907995939255 0.0033752433955669403076 0.0034132013097405433655 0.0034572037402540445328 0.0041884509846568107605 0.0038081761449575424194 0.02172894403338432312 0.0045292526483535766602 0.0041734594851732254028 0.0041066431440412998199 0.0041275704279541969299 0.007125845644623041153 0 0 0.15865601599216461182 0.068959511816501617432 0.0072267348878085613251 0.013196188956499099731 0.074800230562686920166
0.01144654490053653717 0.011292439885437488556 0.011110211722552776337 0.011018736287951469421 0.010647671297192573547 0.010130022652447223663 0.0098222037777304649353 0.0092117357999086380005 0.0094207162037491798401 0.046462625265121459961 0.0047396467998623847961 0.0048446040600538253784 0.0047467062249779701233 0.0046015302650630474091 0.004495717119425535202 0.0044320928864181041718 0.0043876538984477519989 0.004192427266389131546 0.0040789307095110416412 0.0039772787131369113922 0.0039118658751249313354 0.0031091528944671154022 0.0030985523480921983719 0.0031051253899931907654 0.0031100581400096416473 0.0039542666636407375336 0.0033915610983967781067 0.020625494420528411865 0.0041464753448963165283 0.0034727999009191989899 0.0032378295436501502991 0.0033580709714442491531 0.0043484703637659549713 0.0034824432805180549622 0.0036101522855460643768 0.003961282782256603241 0 0 0.13127626478672027588 0.018949775025248527527 0.035519670695066452026
0.0041572726331651210785 0.004122798331081867218 0.0040749651379883289337 0.004181885160505771637 0.0043506007641553878784 0.0043220799416303634644 0.0043055261485278606415 0.0049416543915867805481 0.04562403261661529541 0.0050161238759756088257 0.0049961530603468418121 0.0048890626057982444763 0.004794824402779340744 0.0047021480277180671692 0.0046303947456181049347 0.0046091228723526000977 0.0043943054042756557465 0.0043090600520372390747 0.0042220950126647949219 0.0041761561296880245209 0.0030263292137533426285 0.0029452692251652479172 0.0028891793917864561081 0.0028626066632568836212 0.0039036248344928026199 0.0031286685261875391006 0.020707972347736358643 0.0040125939995050430298 0.0030832143966108560562 0.0027410702314227819443 0.0027476248797029256821 0.003666582982987165451 0.0028393957763910293579 0.0029424803797155618668 0.003052472136914730072 0.0032501581590622663498 0.0033776776399463415146 0.011439844034612178802 0 0 0.12599354982376098633
0.032006986439228057861 0.034273739904165267944 0.035635158419609069824 0.034142807126045227051 0.032861091196537017822 0.033076606690883636475 0.040706735104322433472 0.046030994504690170288 0.0052529643289744853973 0.0053185163997113704681 0.0051376945339143276215 0.0049702930264174938202 0.0048995502293109893799 0.0048448015004396438599 0.0047837770543992519379 0.0044112382456660270691 0.0043780817650258541107 0.0043136882595717906952 0.004285671282559633255 0.0028314245864748954773 0.0027929891366511583328 0.0027121538296341896057 0.0026437481865286827087 0.0039541525766253471375 0.0029369012918323278427 0.021798243746161460876 0.0040737926028668880463 0.0028403587639331817627 0.0024306322447955608368 0.0023930107709020376205 0.0033445076551288366318 0.0023848945274949073792 0.00239826226606965065 0.002415467752143740654 0.0025418694131076335907 0.0026887380518019199371 0.0027693831361830234528 0.003865322330966591835 0 0.0048527987673878669739 0
0.0045317257754504680634 0.004582815803587436676 0.0045644938945770263672 0.0075750974938273429871 0.010346568189561367035 0.01336699165403842926 0.0049674971960484981537 0.0051415134221315383911 0.0053017497994005680084 0.005418895278126001358 0.0053678103722631931305 0.0052117728628218173981 0.0051243053749203681946 0.0050732288509607315063 0.0044036423787474632263 0.0042906273156404495239 0.0042277583852410316467 0.0042116609402000904083 0.0023980878759175539017 0.0024078602436929941177 0.0024041447322815656662 0.0023697218857705593109 0.0040689865127205848694 0.002724777907133102417 0.023596657440066337585 0.0042948406189680099487 0.0026409523561596870422 0.0021738852374255657196 0.0021274969913065433502 0.0032002485822886228561 0.0020518051460385322571 0.002051230287179350853 0.0020352271385490894318 0.0020048811566084623337 0.0020379303023219108582 0.002208248944953083992 0.0022575359325855970383 0.0091214831918478012085 0 0.0016989007126539945602 0.0020496619399636983871
0.0044275689870119094849 0.004447069019079208374 0.0044897911138832569122 0.0045055351220071315765 0.004605066496878862381 0.0047736605629324913025 0.004891701042652130127 0.0049826060421764850616 0.0051212464459240436554 0.0053234621882438659668 0.0054201195016503334045 0.0053482614457607269287 0.0053249541670083999634 0.0044698277488350868225 0.0043488373048603534698 0.0041457717306911945343 0.0040614553727209568024 0.0018822643905878067017 0.0018789898604154586792 0.0018662622896954417229 0.0018623988144099712372 0.0040300646796822547913 0.0023869492579251527786 0.024963099509477615356 0.0044470345601439476013 0.0023130332119762897491 0.0017899641534313559532 0.0017828255658969283104 0.0031108371913433074951 0.0016745775938034057617 0.0016439185710623860359 0.0016444000648334622383 0.0016198717057704925537 0.0015760996611788868904 0.0015807255404070019722 0.0016384252812713384628 0.0044842646457254886627 0 0 0.0005458399537019431591 0.0011692630359902977943
0.0043270131573081016541 0.0043484354391694068909 0.0043653058819472789764 0.0044072163291275501251 0.0044914656318724155426 0.0046197427436709403992 0.0047328714281320571899 0.004822134505957365036 0.0049516228027641773224 0.0051094214431941509247 0.0052843801677227020264 0.0053107910789549350739 0.0041337930597364902496 0.0042700623162090778351 0.0041768737137317657471 0.0038905057590454816818 0.001215366763062775135 0.001226714462973177433 0.0012256660265848040581 0.001217109966091811657 0.0037197510246187448502 0.0018707640701904892921 0.026228766888380050659 0.0045008780434727668762 0.0017860542284324765205 0.0011959261028096079826 0.0012051205849274992943 0.0028817278798669576645 0.0011893599294126033783 0.0011416135821491479874 0.0011272693518549203873 0.0011358483461663126945 0.0011229160008952021599 0.0010944528039544820786 0.001083466922864317894 0.004041250329464673996 0.00046954676508903503418 0 0.0001011140193440951407 0.0015217314939945936203 0.001746859867125749588
0.0043108649551868438721 0.0042812442407011985779 0.0042877271771430969238 0.0043091597035527229309 0.0043576494790613651276 0.00444171857088804245 0.0045541906729340553284 0.0047313789837062358856 0.004815674852579832077 0.0049460642039775848389 0.0050481087528169155121 0.0035494822077453136444 0.0036281174980103969574 0.0037694107741117477417 0.0036942462902516126633 0.00031059994944371283054 0.00033706185058690607548 0.00033615174470469355583 0.00034376958501525223255 0.0033713257871568202972 0.001209051930345594883 0.026748629286885261536 0.0046082967892289161682 0.0011654885020107030869 0.00041232976946048438549 0.00040593493031337857246 0.0023291700053960084915 0.00039571651723235845566 0.00040465302299708127975 0.00042398562072776257992 0.00043826820910908281803 0.0004489344137255102396 0.00045938719995319843292 0.00046963102067820727825 0.0037556025199592113495 0.0010384866036474704742 0.0014805485261604189873 0.0023117589298635721207 0.023184765130281448364 0.01186776626855134964 0.011567953042685985565
0.0042580151930451393127 0.0042636436410248279572 0.0042612440884113311768 0.0042536975815892219543 0.0042560235597193241119 0.0042917691171169281006 0.0044838883914053440094 0.0045927413739264011383 0.0047239642590284347534 0.0047021694481372833252 0.0029186662286520004272 0.0029757088050246238708 0.0030423868447542190552 0.0031219031661748886108 0.00025902144261635839939 0.0011352945584803819656 0.0017676841234788298607 0.0023497501388192176819 0.0028768677730113267899 0.00031349022174254059792 0.027085786685347557068 0.0046315481886267662048 0.00037751265335828065872 0.00039221881888806819916 0.0011301838094368577003 0.0017411517910659313202 0.00038680987199768424034 0.0011228864314034581184 0.0016392378602176904678 0.0020063519477844238281 0.0023605732712894678116 0.0027368892915546894073 0.0030694759916514158249 0.0033901736605912446976 0.00043257678044028580189 0.00044543694821186363697 0.0048194364644587039948 0.022098207846283912659 0.0044581508263945579529 0.0016384598566219210625 0.0020236133132129907608
0.0041946568526327610016 0.0042371675372123718262 0.0042384830303490161896 0.0042066415771842002869 0.0041806609369814395905 0.0043487800285220146179 0.0043491874821484088898 0.0044979364611208438873 0.0044650831259787082672 0.0023371924180537462234 0.0023429323919117450714 0.0023993523791432380676 0.0024446707684546709061 0.014180343598127365112 0.014029495418071746826 0.013662433251738548279 0.013590811751782894135 0.013602131977677345276 0.013709429651498794556 0.027724189683794975281 0.0047078118659555912018 0.0003455367404967546463 0.0011161898728460073471 0.0016765320906415581703 0.0021924104075878858566 0.0026985160075128078461 0.0031173727475106716156 0.0034253031481057405472 0.0035865895915776491165 0.0036178429145365953445 0.0036716584581881761551 0.003735315520316362381 0.0038048832211643457413 0.0040433588437736034393 0.0043150596320629119873 0.0044494173489511013031 0.00628421735018491745 0 0.0011437993962317705154 0.00045608685468323528767 0.0010134918848052620888
0.0040879710577428340912 0.004169282037764787674 0.0041832993738353252411 0.0041562402620911598206 0.0043953801505267620087 0.0042423936538398265839 0.0042858058586716651917 0.0041744080372154712677 0.0017940108664333820343 0.0017692903056740760803 0.0017754992004483938217 0.0018198008183389902115 0.013609694316983222961 0.0046239206567406654358 0.0079269697889685630798 0.008443032391369342804 0.011545614339411258698 0.016467249020934104919 0.01928286626935005188 0.0047802268527448177338 0.0043422975577414035797 0.0041580926626920700073 0.0040519647300243377686 0.0041305972263216972351 0.0043036346323788166046 0.0044655525125563144684 0.0045436932705342769623 0.0045698103494942188263 0.0075890701264142990112 0.0070645771920680999756 0.0066335489973425865173 0.0061880308203399181366 0.0058398698456585407257 0.0059935031458735466003 0.0063785370439291000366 0.0064894813112914562225 0.0037970165722072124481 0 0.00044830603292211890221 0.00095916056307032704353 0.0013165929121896624565
0.0038974639028310775757 0.0039747669361531734467 0.0040102154016494750977 0.0044477847404778003693 0.0042084292508661746979 0.0041893618181347846985 0.0039155967533588409424 0.0011837102938443422318 0.001169286901131272316 0.0011634253896772861481 0.0011745500378310680389 0.0132516445592045784 0.0043172128498554229736 0.0042595779523253440857 0.00039740870124660432339 0.0047851325944066047668 0.0079522700980305671692 0.0052163009531795978546 0.0045851343311369419098 0.0042476644739508628845 0.0045401137322187423706 0.0042421477846801280975 0.0041197324171662330627 0.0042361780069768428802 0.0043798927217721939087 0.0044925627298653125763 0.004576813429594039917 0.0046308045275509357452 0.000397603609599173069 0.0010456376476213335991 0.0014852912863716483116 0.0018116601277142763138 0.002150705317035317421 0.0027237192261964082718 0.003335806308314204216 0.0036639799363911151886 0.00043263606494292616844 0 0.0014509737957268953323 0.0017279074527323246002 0.0019479802576825022697
0.0036173274274915456772 0.0036575424019247293472 0.0043278778903186321259 0.004020421300083398819 0.0040369168855249881744 0.0036488254554569721222 0.00043213641038164496422 0.00043217258644290268421 0.00043052205001004040241 0.00043067542719654738903 0.0129695134237408638 0.0039821504615247249603 0.0039723534137010574341 0.0038772821426391601562 0.0042258552275598049164 0.007813539355993270874 0.0053569865413010120392 0.0043689180165529251099 0.0039209118112921714783 0.0045381761156022548676 0.0047933086752891540527 0.007013613823801279068 0.0066849356517195701599 0.0066782636567950248718 0.006556393112987279892 0.0064666783437132835388 0.0064400816336274147034 0.0063292891718447208405 0.0059949634596705436707 0.0055716978386044502258 0.0053128260187804698944 0.0051310686394572257996 0.0053489701822400093079 0.0062358016148209571838 0.0099480021744966506958 0.0090550696477293968201 0.0080957552418112754822 0 0.0066114203073084354401 0.0061299637891352176666 0.0056788916699588298798
