tests/data/reference/gistest/full/control/mwlevelrill_m.asc
ncols        125
nrows        78
xllcorner    -713756.799299980048
yllcorner    -1061032.369616159936
cellsize     10.000000000000
NODATA_value  -9999
[rows 18 to 35 of 78, columns 0 to 40 of 125]
-9999 -9999 -9999 -9999 -9999 -9999 -9999 -9999 -9999 -9999 -9999 -9999 -9999 -9999 -9999 -9999 -9999 -9999 0 0.0015020142309367656708 0.0022886877413839101791 0.0030876500532031059265 0.0091310515999794006348 0 0 0.02164722047746181488 0 0.0090982513502240180969 0.0081475134938955307007 0 0.0075502404943108558655 0.0011409260332584381104 0.0016711103962734341621 0.0012744845589622855186 0.0078650712966918945312 0.00079580914461985230446 0.0060312161222100257874 0.0076739825308322906494 0.0038676017429679632187 0.0046131201088428497314 0.0048654051497578620911
-9999 -9999 -9999 -9999 -9999 -9999 -9999 -9999 -9999 -9999 -9999 -9999 -9999 -9999 -9999 -9999 -9999 0 0.00063524581491947174072 0.0019205843564122915268 0.0028080327901989221573 0.011997500434517860413 0.00082261872012168169022 0 8.2329373981337994337e-05 0 0.024056294932961463928 0.0093559669330716133118 0.0096982680261135101318 0 0.0070634577423334121704 0.0016662607667967677116 0.00019143702229484915733 0.0031455291900783777237 0.0081684356555342674255 0.0012518810108304023743 0.0061418674886226654053 0.0075881136581301689148 0.0040513202548027038574 0.0048741744831204414368 0.0051754945889115333557
-9999 -9999 -9999 -9999 -9999 -9999 -9999 -9999 -9999 -9999 -9999 -9999 -9999 -9999 -9999 -9999 0 0.00065769761567935347557 0.0012722810497507452965 0.0024327919818460941315 0.015334424562752246857 0.0015470620710402727127 0 0.00070278951898217201233 0 0 0.011099571362137794495 0.0093329139053821563721 0.0099401324987411499023 0.00069837545743212103844 0.0077820820733904838562 0.0021180384792387485504 0.00019963222439400851727 0.0038285602349787950516 0.0084765069186687469482 0.0016664323629811406136 0.0064180251210927963257 0.0078779365867376327515 0.0043793362565338611603 0.0052047348581254482269 0.0054964963346719741821
-9999 -9999 -9999 -9999 -9999 -9999 -9999 -9999 -9999 -9999 -9999 -9999 -9999 -9999 -9999 -9999 0.00065305235330015420914 0.0011846906272694468498 0.0018582204356789588928 0.01780449599027633667 0.0030615897849202156067 0 0 0 0 0.0031994204036891460419 0.012577184475958347321 0.010179484263062477112 0.0088618500158190727234 0.0011540759587660431862 0.0083106206730008125305 0.0001752164098434150219 0.0025578720960766077042 0.0045118397101759910583 0.0088146338239312171936 0.0020561818964779376984 0.0067351213656365871429 0.0084152119234204292297 0.0049256538040935993195 0.0057434639893472194672 0.0059325420297682285309
-9999 -9999 -9999 -9999 -9999 -9999 -9999 -9999 -9999 -9999 -9999 -9999 -9999 -9999 -9999 -9999 0.0012816643575206398964 0.0018901801668107509613 0.0026528243906795978546 0.031430386006832122803 0 0 0 0 0.0025101467035710811615 0.0037268267478793859482 0.013184485025703907013 0.011369011364877223969 0.010323065333068370819 0.0017226345371454954147 0.0087867453694343566895 0.00017591151117812842131 0.00085003837011754512787 0.0029331608675420284271 0.011897227726876735687 0.0024405012372881174088 0.0069373380392789840698 0.0086489347741007804871 0.00020689080702140927315 0.0095174582675099372864 0.0063486341387033462524
-9999 -9999 -9999 -9999 -9999 -9999 -9999 -9999 -9999 -9999 -9999 -9999 -9999 -9999 -9999 0 0.001773618161678314209 0.0067184385843575000763 0.023315092548727989197 0 0 0 0 0 0.004501008894294500351 0.0039436356164515018463 0.012458415701985359192 0.01124041341245174408 0.010669419541954994202 0.0022127605043351650238 0.0093235149979591369629 0.00017337563622277230024 0.00085881369886919856071 0.0013564416440203785896 0.0032552347984164953232 0.013248217292129993439 0.0071575813926756381989 0.0086966753005981445312 0.00022998609347268939018 0.0099266879260540008545 0.0066600777208805084229
-9999 -9999 -9999 -9999 -9999 -9999 -9999 -9999 -9999 -9999 -9999 -9999 -9999 -9999 -9999 0 0.054314401000738143921 0.030686080455780029297 0.00059831334510818123817 0 0 0 0 0.00016763572057243436575 0.0016012302367016673088 0.0046430663205683231354 0.014311491511762142181 0.011093968525528907776 0.010600924491882324219 0.0026473279576748609543 0.00030318673816509544849 0.0096497144550085067749 0.00086790963541716337204 0.001376185915432870388 0.0018066482152789831161 0.015581638552248477936 0.0076543870382010936737 0.0090624978765845298767 0.00023986898304428905249 0.010426714085042476654 0.0069941165857017040253
-9999 -9999 -9999 -9999 -9999 -9999 -9999 -9999 -9999 -9999 -9999 -9999 -9999 -9999 -9999 0.063574329018592834473 0 0 0 0 0 0 0.0017514616483822464943 0.0028971189167350530624 0.00099354481790214776993 0.0020575281232595443726 0.0047003626823425292969 0.020770104601979255676 0.010499216616153717041 0.0029322351329028606415 0.00031430699164047837257 0.00097917718812823295593 0.010078086517751216888 0.0014875693013891577721 0.0018601075280457735062 0.0022756389807909727097 0.020910331979393959045 0.00021216463937889784575 0.0095481825992465019226 0.00084196624811738729477 0.015184197574853897095
-9999 -9999 -9999 -9999 -9999 -9999 -9999 -9999 -9999 -9999 -9999 -9999 -9999 0 0 0.004144649021327495575 0.00021898727572988718748 0 0 0 0 0 0.0039092223159968852997 0.0023892992176115512848 0.0034375735558569431305 0.0016589470906183123589 0.0026375977322459220886 0.025416091084480285645 0.011632194742560386658 0.003451627679169178009 0.0009598492761142551899 0.00030954403337091207504 0.0015502439346164464951 0.010716922581195831299 0.0020187653135508298874 0.00244393153116106987 0.0027315942570567131042 0.021063625812530517578 0.0008570360369049012661 0.0098528955131769180298 0.0013049559202045202255
-9999 -9999 -9999 -9999 -9999 -9999 -9999 -9999 -9999 -9999 -9999 -9999 -9999 -9999 0 0 0 0 0 0 0 0.0031983279623091220856 0.0035856319591403007507 0.0068383188918232917786 0.0086769070476293563843 0.011237412691116333008 0.012783798389136791229 0.015069532208144664764 0.029796930029988288879 0.013643527403473854065 0.0042272745631635189056 0.0015715224435552954674 0.0010117101483047008514 0.0021160684991627931595 0.011661956086754798889 0.0025762128643691539764 0.0028830554801970720291 0.0031273651402443647385 0.021084643900394439697 0.0013417506124824285507 0.0099878581240773200989
-9999 -9999 -9999 -9999 -9999 -9999 -9999 -9999 -9999 -9999 -9999 -9999 -9999 -9999 -9999 -9999 0 0 0 0 0.001564965234138071537 0.0020521436817944049835 0.0024195103906095027924 0.0026345660444349050522 0.0030952573288232088089 0.0033530094660818576813 0.003677223576232790947 0.0044917180202901363373 0.017847638577222824097 0.04185902327299118042 0.014457130804657936096 0.0048979921266436576843 0.0022111411672085523605 0.0016551578883081674576 0.0027400935068726539612 0.012336542829871177673 0.0029617985710501670837 0.003247896907851099968 0.0036006004083901643753 0.022189896553754806519 0.0019016580190509557724
-9999 -9999 -9999 -9999 -9999 -9999 -9999 -9999 -9999 -9999 -9999 -9999 -9999 -9999 -9999 -9999 -9999 0 0 0.0020502402912825345993 0.0024008224718272686005 0.0027478090487420558929 0.0030473249498754739761 0.0035802910570055246353 0.0039123836904764175415 0.0040809912607073783875 0.0041593797504901885986 0.0043645412661135196686 0.004874575883150100708 0.0055401190184056758881 0.037280485033988952637 0.047684788703918457031 0.054296214133501052856 0.0028733592480421066284 0.002297713886946439743 0.0032782552298158407211 0.011990658007562160492 0.013216259889304637909 0.015412659384310245514 0.0040854499675333499908 0.022904561832547187805
-9999 -9999 -9999 -9999 -9999 -9999 -9999 -9999 -9999 -9999 -9999 -9999 -9999 -9999 -9999 -9999 -9999 0 0 0.0012823040597140789032 0.0019363345345482230186 0.002562653273344039917 0.030716687440872192383 0.030358342453837394714 0.028452770784497261047 0.026925623416900634766 0.026228884235024452209 0.027005260810256004333 0.028564458712935447693 0.027876820415258407593 0.025075787678360939026 0.023666316643357276917 0.028198314830660820007 0.071786597371101379395 0.079259611666202545166 0.078165546059608459473 0.069454580545425415039 0.060785457491874694824 0.056751213967800140381 0.063076250255107879639 0.066312827169895172119
-9999 -9999 -9999 -9999 -9999 -9999 -9999 -9999 -9999 -9999 -9999 -9999 -9999 -9999 -9999 -9999 0 0 0.0013960846699774265289 0.011041325516998767853 0.015375010669231414795 0.032480645924806594849 0.0043886369094252586365 0.0079548489302396774292 0.010943354107439517975 0.0107311224564909935 0.017989650368690490723 0.020768743008375167847 0.026117548346519470215 0.024607377126812934875 0.022132735699415206909 0.021003047004342079163 0.020987592637538909912 0.022132875397801399231 0.02492094971239566803 0.025193711742758750916 0.024595079943537712097 0.051206767559051513672 0.050450447946786880493 0.048794087022542953491 0.047545839101076126099
-9999 -9999 -9999 -9999 -9999 -9999 -9999 -9999 -9999 -9999 -9999 -9999 -9999 -9999 -9999 0 0 0.0055128806270658969879 0.0099222231656312942505 0.0063376617617905139923 0.02378677763044834137 0.0040028803050518035889 0.0043689417652785778046 0.0050801364704966545105 0.0056253415532410144806 0.010533832944929599762 0.004858461674302816391 0.0096399830654263496399 0.0075215594843029975891 0.0073240343481302261353 0.007185598369687795639 0.0074498192407190799713 0.026180148124694824219 0.030524913221597671509 0.036193221807479858398 0.040032226592302322388 0.043503753840923309326 0.0016007133526727557182 0.0020532910712063312531 0.0042651081457734107971 0.0033817775547504425049
-9999 -9999 -9999 -9999 -9999 -9999 -9999 -9999 -9999 -9999 -9999 -9999 -9999 -9999 -9999 0 0.0052205207757651805878 0.0041169682517647743225 0.0056350491940975189209 0.022977815940976142883 0.0034731125924736261368 0.003968161996454000473 0.004780617542564868927 0.0054946211166679859161 0.0064053018577396869659 0.0044069131836295127869 0.0096272146329283714294 0.0076886541210114955902 0.0080106230452656745911 0.015803389251232147217 0.019414620473980903625 0.021980687975883483887 0.0033943636808544397354 0.0043897749856114387512 0.0051748305559158325195 0.008754774928092956543 0.00089237355859950184822 0.0014941167319193482399 0.0040653534233570098877 0.0031686185393482446671 0.0026674515102058649063
-9999 -9999 -9999 -9999 -9999 -9999 -9999 -9999 -9999 -9999 -9999 -9999 -9999 -9999 0 0.0011278374586254358292 0.0036649343091994524002 0.0050873826257884502411 0.021672127768397331238 0.0028160715010017156601 0.0033946672920137643814 0.0044055026955902576447 0.0052347742021083831787 0.0063626891933381557465 0.004115138668566942215 0.0093264309689402580261 0.0075660971924662590027 0.0083045773208141326904 0.011115073226392269135 0.0065680667757987976074 0.0035802312195301055908 0.0028736044187098741531 0.0037800623103976249695 0.0044607780873775482178 0.007732260972261428833 0.00011997763067483901978 0.00087982841068878769875 0.0035944604314863681793 0.0027969682123512029648 0.0023389905691146850586 0.0022849084343761205673
-9999 -9999 -9999 -9999 -9999 -9999 -9999 -9999 -9999 -9999 -9999 -9999 -9999 0 0 0.0030810080934315919876 0.0046165469102561473846 0.02154671400785446167 0.0022179645020514726639 0.0027989952359348535538 0.0038413326255977153778 0.0047792661935091018677 0.0061028278432786464691 0.00379456300288438797 0.0094450227916240692139 0.0074432860128581523895 0.008351652882993221283 0.011737197637557983398 0.0065536377951502799988 0.003251702524721622467 0.0024284312967211008072 0.003261387581005692482 0.0039055563975125551224 0.006228457670658826828 0.0013404453638941049576 0.00014043184637557715178 0.0031924112699925899506 0.0023785559460520744324 0.0019113692687824368477 0.0018721943488344550133 0.0029886197298765182495
