tests/data/reference/gistest/full/control/mwlevelrill_m.asc
ncols        125
nrows        78
xllcorner    -713756.799299980048
yllcorner    -1061032.369616159936
cellsize     10.000000000000
NODATA_value  -9999
[rows 54 to 71 of 78, columns 41 to 81 of 125]
0.0027868177276104688644 0.0042740227654576301575 0.0031713920179754495621 0.0031691391486674547195 0.0027245611418038606644 0.0026276935823261737823 0.0029009669087827205658 0.0031696802470833063126 0.0089216353371739387512 0.012353969737887382507 0.0030460702255368232727 0.0030690445564687252045 0.0030332934111356735229 0.0042734518647193908691 0.0067757065407931804657 0.0071682175621390342712 0.0034293790813535451889 0.0029515177011489868164 0.0037527719978243112564 0.0048531028442084789276 0.0035485562402755022049 0.0051487986929714679718 0.0052496385760605335236 0.0055454801768064498901 0.0058035249821841716766 0.0061770719476044178009 0.0064761051908135414124 0.0065230368636548519135 0.0063844793476164340973 0.0062318695709109306335 0.0062609794549643993378 0.0063749779947102069855 0.0070078829303383827209 0.0085043078288435935974 0.00014027292490936815739 0.00020810894784517586231 0.00067392661003395915031 0 0.0012612134451046586037 0.0015233372105285525322 0.0017504598945379257202
0.00394776882603764534 0.0027627698145806789398 0.0027398224920034408569 0.0023188921622931957245 0.0022791286464780569077 0.003319567069411277771 0.0051305033266544342041 0.0067677395418286323547 0.0046082269400358200073 0.0026854723691940307617 0.0027116169221699237823 0.0026783070061355829239 0.0040381108410656452179 0.0029310570098459720612 0.0062315077520906925201 0.0028820084407925605774 0.0025198871735483407974 0.003368441946804523468 0.0044878623448312282562 0.0032527793664485216141 0.0051812906749546527863 0.00018912591622211039066 0.0055798925459384918213 0.0076515385881066322327 0.0080398591235280036926 0.01220247708261013031 0.017622357234358787537 0.016902746632695198059 0.015963098034262657166 0.015104032121598720551 0.014600506983697414398 0.014305709861218929291 0.014929678291082382202 0.016373476013541221619 0.014737053774297237396 0.014179017394781112671 0.013991215266287326813 0.034317731857299804688 0.013924396596848964691 0.013841817155480384827 0.0136141190305352211
0.0023481519892811775208 0.0023234051186591386795 0.0018751953030005097389 0.0018728418508544564247 0.0030573958065360784531 0.0022222248371690511703 0.0022041685879230499268 0.0043195453472435474396 0.0022616905625909566879 0.0023217962589114904404 0.0023122613783925771713 0.0037107425741851329803 0.0025928129907697439194 0.0057927211746573448181 0.0022862304467707872391 0.0019614666234701871872 0.0029141691047698259354 0.004107519984245300293 0.0028554482851177453995 0.0049593597650527954102 0.0030559247825294733047 0.0052528893575072288513 0.0029226408805698156357 0.0028740402776747941971 0.0051462524570524692535 0.0080685475841164588928 0.0034744797740131616592 0.0057953293435275554657 0.0057477345690131187439 0.0057062292471528053284 0.0056880982592701911926 0.0056934705935418605804 0.0059105651453137397766 0.0061167334206402301788 0.0059641981497406959534 0.0062067103572189807892 0.014452093280851840973 0.0146041112020611763 0.0063089719042181968689 0.0064132413826882839203 0.006444293539971113205
0.0018804997671395540237 0.0014024701667949557304 0.0014034806517884135246 0.0027307984419167041779 0.0018740007653832435608 0.0018435646779835224152 0.0040472657419741153717 0.0018396826926618814468 0.0018609255785122513771 0.0018901719013229012489 0.0034280500840395689011 0.002196581568568944931 0.0053904713131487369537 0.0018355755601078271866 0.0014189305948093533516 0.0023528626188635826111 0.0036085422616451978683 0.0024105701595544815063 0.0046743559651076793671 0.0027199536561965942383 0.0026650058571249246597 0.0026550330221652984619 0.0026181202847510576248 0.0025555065367370843887 0.007388788275420665741 0.0030742536764591932297 0.003084941767156124115 0.0069135781377553939819 0.0086172306910157203674 0.010071584954857826233 0.01376329176127910614 0.013438587076961994171 0.013374120928347110748 0.013212613761425018311 0.011879660189151763916 0.011491888202726840973 0.028389811515808105469 0.028036996722221374512 0.011378543451428413391 0.011313552036881446838 0.010985629633069038391
0.00086020096205174922943 0.00086223607650026679039 0.0023118173703551292419 0.0014183898456394672394 0.001419572741724550724 0.0038199250120669603348 0.0014034878695383667946 0.0014044899726286530495 0.0014163060113787651062 0.0031436469871550798416 0.0018723041284829378128 0.0050255958922207355499 0.0013266544556245207787 0.0008914967183955013752 0.00191053817979991436 0.0031330066267400979996 0.0019184218253940343857 0.0043087084777653217316 0.00235799374058842659 0.0022970580030232667923 0.0022666426375508308411 0.0022693651262670755386 0.0022496583405882120132 0.007158929482102394104 0.0026036470662802457809 0.0026673567481338977814 0.0068268305622041225433 0.0029524730052798986435 0.0028630718588829040527 0.0064479405991733074188 0.0030104338657110929489 0.005084287840873003006 0.0051942234858870506287 0.0052708485163748264313 0.0051674698479473590851 0.0049714478664100170135 0.011057654395699501038 0.010953307151794433594 0.004861613735556602478 0.0052742040716111660004 0.0058308793231844902039
0.00012944036279805004597 0.0018549278611317276955 0.00085878832032904028893 0.00086322647985070943832 0.0035173178184777498245 0.00086101941997185349464 0.00086776626994833350182 0.00088029226753860712051 0.0027736432384699583054 0.001454676617868244648 0.0051587903872132301331 0.00083647854626178741455 0.0002496819361113011837 0.0014374338788911700249 0.0028567966073751449585 0.0014440448721870779991 0.0038929786533117294312 0.0019153418252244591713 0.0019032689742743968964 0.0018755921628326177597 0.0018584299832582473755 0.001848529791459441185 0.0070527065545320510864 0.0022434226702898740768 0.0022420226596295833588 0.006471569649875164032 0.0026286521460860967636 0.002578558633103966713 0.0064119985327124595642 0.0027927712071686983109 0.0027156264986842870712 0.0026336873415857553482 0.0042396811768412590027 0.0046797259710729122162 0.0050418293103575706482 0.0059252372011542320251 0.013655006885528564453 0.0058246012777090072632 0.0060388897545635700226 0.0073044793680310249329 0.0089872386306524276733
0.001321619376540184021 8.3798469859175384045e-05 0.00010147282591788098216 0.003096780506893992424 0.00011292951239738613367 0.00011427793651819229126 0.00010823641059687361121 0.0023676233831793069839 0.000881331681739538908 0.0050380397588014602661 0.00017474683409091085196 0.00023234526452142745256 0.000821884197648614645 0.0024090677034109830856 0.0009024220053106546402 0.0036031024064868688583 0.0014213809045031666756 0.0014190854271873831749 0.0014178740093484520912 0.0014224813785403966904 0.001415970618836581707 0.0068319109268486499786 0.0018426076276227831841 0.0018540092278271913528 0.006217319052666425705 0.002235476858913898468 0.0022145654074847698212 0.0062874988652765750885 0.002529297955334186554 0.0024647025857120752335 0.0023887029383331537247 0.001968364231288433075 0.00028559638303704559803 0.00028704773285426199436 0.0015651336871087551117 0.00029995400109328329563 0 0.0011026739375665783882 0.0014518044190481305122 0.0022037271410226821899 0.0036719252821058034897
0.0016171147581189870834 0.0021806135773658752441 0.0026760308537632226944 8.6295498476829379797e-05 0.00081899057840928435326 0.0013392246328294277191 0.0018344391137361526489 0 0.0047673671506345272064 0.00011310535774100571871 0.00079021620331332087517 0.0011951214401051402092 0.0016688299365341663361 4.0747974708210676908e-05 0.0034499869216233491898 0.00087008811533451080322 0.00086803745944052934647 0.00086947693489491939545 0.00087385997176170349121 0.00088679441250860691071 0.0068681454285979270935 0.0014076202642172574997 0.0014000079827383160591 0.006021999754011631012 0.0018576314905658364296 0.0018233103910461068153 0.0060181035660207271576 0.0021872669458389282227 0.0021518799476325511932 0.0020896762143820524216 0.0016505845123901963234 0.00028089957777410745621 0.00078052101889625191689 0.0011969973566010594368 0.00027882496942766010761 0.0007456400780938565731 0 0.0014717809390276670456 0.0018227018881589174271 0.0033337671775370836258 0.00079464621376246213913
0.0012519414303824305534 0.0015564298955723643303 0.0020402295049279928207 0.002422391669824719429 0.0027498796116560697556 0.0030940684955567121506 0.003540348028764128685 0.0042062206193804740906 0 0.0007489016861654818058 0.0011399448849260807037 0.0015098955482244491577 0.002030862029641866684 0.0028007256332784891129 0 0 8.6908468801993876696e-05 0.00012585168587975203991 0.00012519271695055067539 0.0067762993276119232178 0.00088757480261847376823 0.00088553666137158870697 0.0057928687892854213715 0.0014250916428864002228 0.0014167112531140446663 0.0059120226651430130005 0.001811582944355905056 0.0017868676222860813141 0.0017439801013097167015 0.0012762636179104447365 0.0002795026521198451519 0.00077165814582258462906 0.0011528551112860441208 0.0015205839881673455238 0.0018088407814502716064 0.0020081046968698501587 0 0.0026017706841230392456 0.0029337762389332056046 0.00029073134646750986576 0.00028489920077845454216
-9999 0 0 0 0.00073533313116058707237 0.0011889681918546557426 0.0015846992610022425652 0.0020162400323897600174 0.0023195603862404823303 0.0024365319404751062393 0.0026019895449280738831 0.0029834627639502286911 0.0037453542463481426239 0.0046010706573724746704 0.0050564752891659736633 0.0051398859359323978424 0.0053518065251410007477 0.0056164995767176151276 0.0060873981565237045288 0 0 0.0056418618187308311462 0.00086900440510362386703 0.00088329764548689126968 0.0059321168810129165649 0.0014156627003103494644 0.0013875128934159874916 0.0013493701117113232613 0.0008400511578656733036 0.00027364309062249958515 0.00076795316999778151512 0.0011318282922729849815 0.0014606992481276392937 0.0017836909973993897438 0.0020365961827337741852 0.0022550756111741065979 0 0.0028785450849682092667 0.0031395377591252326965 0.0033376289065927267075 0.0034466108772903680801
-9999 -9999 -9999 -9999 8.7613712821621447802e-05 5.8803903812076896429e-05 0.0008091451600193977356 0.0013922782381996512413 0 0.00076519127469509840012 0.0011906548170372843742 0.001524053630419075489 0.0019890130497515201569 0.0025525267701596021652 0.002898530568927526474 0.0031259306706488132477 0.0033985034096986055374 0.0037516651209443807602 0.0042504598386585712433 0.0048392401076853275299 0.0052363416180014610291 0 2.7858204703079536557e-05 0.0057444996200501918793 0.00086885795462876558304 0.0008760779164731502533 0.00086727755842730402946 0.00023524885182268917561 0.00025296449894085526466 0.00075856607872992753983 0.0011132109211757779121 0.0014303299831226468086 0.001741998712532222271 0.0020588503684848546982 0.0023384850937873125076 0.0026034750044345855713 0 0.0031524568330496549606 0.0033193011768162250519 0.0033913834486156702042 0.0034233119804412126541
-9999 -9999 -9999 -9999 -9999 -9999 -9999 -9999 -9999 -9999 0.00013440949260257184505 0.00077863625483587384224 0.0012230958091095089912 0.0015000000130385160446 0.001883447868749499321 0.0021989094093441963196 0.0026226874906569719315 0.0029699604492634534836 0.0032085049897432327271 0.0034907984081655740738 0.0038606154266744852066 0.0044086887501180171967 0.0050995568744838237762 0 0 5.2260144002502784133e-05 0.00013733207015320658684 0.0007606759900227189064 0.0011294299038127064705 0.0014114305377006530762 0.0016805651830509305 0.0019801133312284946442 0.0023165948223322629929 0.0027051274664700031281 0.0080343857407569885254 0.0083645125851035118103 0 0.0083251586183905601501 0.0081665357574820518494 0.0078679695725440979004 0.0076875356025993824005
-9999 -9999 -9999 -9999 -9999 -9999 -9999 -9999 -9999 -9999 -9999 0 0 0.00075785466469824314117 0.0012711866293102502823 0.0017226363997906446457 0.0021868192125111818314 0.0026715556159615516663 0.0030752748716622591019 0.0034293511416763067245 0.0038460064679384231567 0.0042021274566650390625 0.004126386251300573349 0.0044539445079863071442 0.0047605917789041996002 0.0047684907913208007812 0.0045860754325985908508 0.0044545982964336872101 0.0044799107126891613007 0.0045491470955312252045 0.0047465651296079158783 0.0051157795824110507965 0.0056074270978569984436 0.0062273559160530567169 0.00026805649395100772381 0.00027996420976705849171 0 0.0011556801619008183479 0.0014298425521701574326 0.0016298507107421755791 0.0018243942176923155785
-9999 -9999 -9999 -9999 -9999 -9999 -9999 -9999 -9999 -9999 -9999 -9999 -9999 -9999 -9999 -9999 -9999 -9999 -9999 0 0 0 0 0 0.00071772705996409058571 0.0011975145898759365082 0.0015725169796496629715 0.0018366710282862186432 0.0019790236838161945343 0.0020591889042407274246 0.0023052885662764310837 0.0026922624092549085617 0.0031320087146013975143 0.0036073746159672737122 0.0038462711963802576065 0.0038179007824510335922 0.0084352996200323104858 0.0040667573921382427216 0.004186814185231924057 0.0041795386932790279388 0.0042448528110980987549
-9999 -9999 -9999 -9999 -9999 -9999 -9999 -9999 -9999 -9999 -9999 -9999 -9999 -9999 -9999 -9999 -9999 -9999 -9999 -9999 -9999 -9999 0.00085857562953606247902 0.00085018557729199528694 0 0.00011090591578977182508 0.00080211588647216558456 0.0012449137866497039795 0.0015314640477299690247 0.0016958225751295685768 0.0018603043863549828529 0.0021162682678550481796 0.0025499835610389709473 0.0029567871242761611938 0.0031435333658009767532 0.0031423403415828943253 0.0069089774042367935181 0.0035385857336223125458 0.0037093316204845905304 0.0037444063927978277206 0.0038347311783581972122
-9999 -9999 -9999 -9999 -9999 -9999 -9999 -9999 -9999 -9999 -9999 -9999 -9999 -9999 -9999 -9999 -9999 -9999 -9999 -9999 -9999 -9999 -9999 -9999 0.0015057395212352275848 0.0008662664913572371006 0.00020144300651736557484 0.00019525650714058429003 0.00079561286838725209236 0.0011474711354821920395 0.0014307261444628238678 0.0016947921831160783768 0.0018783813575282692909 0.0022313811350613832474 0.0024410779587924480438 0.0049468814395368099213 0.0027757168281823396683 0.0030563015025109052658 0.0032076647039502859116 0.0032750198151916265488 0.0034053137060254812241
-9999 -9999 -9999 -9999 -9999 -9999 -9999 -9999 -9999 -9999 -9999 -9999 -9999 -9999 -9999 -9999 -9999 -9999 -9999 -9999 -9999 -9999 -9999 -9999 -9999 0.0018926252378150820732 0.0013764111790806055069 0.00086604722309857606888 0.00020592336659319698811 0.00078833242878317832947 0.0011716544395312666893 0.001521067693829536438 0.0017915520584210753441 0.0020150297787040472031 0.0021925403270870447159 0.0041539343073964118958 0.0024150416720658540726 0.0026517326477915048599 -9999 -9999 -9999
-9999 -9999 -9999 -9999 -9999 -9999 -9999 -9999 -9999 -9999 -9999 -9999 -9999 -9999 -9999 -9999 -9999 -9999 -9999 -9999 -9999 -9999 -9999 -9999 -9999 -9999 -9999 0.0018692007288336753845 0.0013761420268565416336 0.00023017555940896272659 0.0007969702710397541523 0.0012310141464695334435 0.0015911650843918323517 0.0018794481875374913216 0.0021133229602128267288 0 -9999 -9999 -9999 -9999 -9999
