tests/data/reference/gistest/full/control/mwlevelrill_m.asc
ncols        125
nrows        78
xllcorner    -713756.799299980048
yllcorner    -1061032.369616159936
cellsize     10.000000000000
NODATA_value  -9999
[rows 18 to 35 of 78, columns 41 to 81 of 125]
0.0036892713978886604309 0.0019350346410647034645 0.0041838404722511768341 0.0027314091566950082779 0.0025981662329286336899 0.0014614885440096259117 0.001854973379522562027 0.0031433233525604009628 0.00077455100836232304573 0.00020898236834909766912 0.001366509939543902874 0.0018009381601586937904 0.0035594606306403875351 0.0021431148052215576172 0.001317027723416686058 0.0012915044790133833885 0.00083358888514339923859 0.00027314867475070059299 0.00026093627093359827995 0.00024863213184289634228 0.00023867380514275282621 0.00023166493338067084551 0.0029199351556599140167 0.00087817059829831123352 0.00089438073337078094482 0.00090285064652562141418 0.0053564650006592273712 0.0014495968353003263474 0.001459255581721663475 0.0084202932193875312805 0.0014177586417645215988 0.0014503336278721690178 0 0.044501435011625289917 0.005019262898713350296 0.0018408001633360981941 0.0011613926617428660393 0.00064152752747759222984 0 -9999 -9999
0.00396385975182056427 0.0021926269400864839554 0.0043381536379456520081 0.0028665605932474136353 0.002745423000305891037 0.0016790309455245733261 0.002009684685617685318 0.0031784577295184135437 0.001175560755655169487 0.00023551991034764796495 0.00085211801342666149139 0.0017633567331358790398 0.0021583263296633958817 0.0038298056460916996002 0.0024814931675791740417 0.0017151943175122141838 0.0017044279957190155983 0.0013074601301923394203 0.00085520755965262651443 0.0008562895236536860466 0.00085807644063606858253 0.00086017604917287826538 0.00086611509323120117188 0.003367915051057934761 0.0014069251483306288719 0.001407410833053290844 0.0013990760780870914459 0.0053890799172222614288 0.001905487733893096447 0.009187764488160610199 0.0017506629228591918945 0.001713888486847281456 0 0.00081749289529398083687 0.04673704877495765686 0.0074497996829450130463 0.0015479974681511521339 0.0010876093292608857155 0.00068730529164895415306 0.00013098891940899193287 -9999
0.0042650382965803146362 0.002373732859268784523 0.0044043776579201221466 0.0030015262309461832047 0.0028710989281535148621 0.0018844857113435864449 0.0021864224690943956375 0.0032722728792577981949 0.0014887258876115083694 0.00024995650164783000946 0.00083134777378290891647 0.0013128560967743396759 0.0021347068250179290771 0.0024921945296227931976 0.0040530916303396224976 0.0027832302730530500412 0.0020880063530057668686 0.0020938322413712739944 0.0017266822978854179382 0.0013281304854899644852 0.0013405753998085856438 0.0013564757537096738815 0.0013671106426045298576 0.0013711038045585155487 0.0036451471969485282898 0.001810818561352789402 0.0018170593539252877235 0.0018349589081481099129 0.0069078286178410053253 0.0087354397401213645935 0.0019541676156222820282 0.0018932541133835911751 0.00066900986712425947189 0 0 0.045150455087423324585 0.0088673327118158340454 0.0017019510269165039062 0.0011476472718641161919 0.00067466963082551956177 0.00013153639156371355057
0.0046332059428095817566 0.0026035958435386419296 0.0044131423346698284149 0.0031511806882917881012 0.0029837570618838071823 0.0020734376739710569382 0.0023783321958035230637 0.003440256929025053978 0.0017731686821207404137 0.00077614025212824344635 0.00027263507945463061333 0.001280084485188126564 0.0017233944963663816452 0.0024604375939816236496 0.0027728022541850805283 0.0042873416095972061157 0.0031055705621838569641 0.0024532438255846500397 0.0024681489448994398117 0.0021333897020667791367 0.0017654328839853405952 0.0017776220338419079781 0.0017792272847145795822 0.0017780029447749257088 0.0017870059236884117126 0.003938739188015460968 0.0022537920158356428146 0.0022949806880205869675 0.0081095537170767784119 0.0081852376461029052734 0.002166599733754992485 0.0022577359341084957123 0.0010951826116070151329 0.00072038755752146244049 0 0.0008630570373497903347 0.041299950331449508667 0.009429347701370716095 0.0034495119471102952957 0.001159287523478269577 0.00066456058993935585022
0.0050424989312887191772 0.0030019662808626890182 0.0046435985714197158813 0.0033603049814701080322 0.0031591816805303096771 0.0023003739770501852036 0.0025813009124249219894 0.0036770172882825136185 0.002069769660010933876 0.0011735232546925544739 0.00079631170956417918205 0.00027582875918596982956 0.0016814450500532984734 0.0020670827943831682205 0.0027407181914895772934 0.0030830823816359043121 0.0045917853713035583496 0.0034385323524475097656 0.0028175443876534700394 0.0028492168057709932327 0.0025167756248265504837 0.0021465558093041181564 0.0021455835085362195969 0.0021585389040410518646 0.0021815919317305088043 0.002210629638284444809 0.0044148894958198070526 0.0027354871854186058044 0.0097594810649752616882 0.0081278029829263687134 0.0025280122645199298859 0.002543902955949306488 0.0014346234966069459915 0.001173317665234208107 0.0007617109222337603569 0.0013316880213096737862 0 0.040632348507642745972 0.009554559364914894104 0.0048242728225886821747 0.0011825405526906251907
0.0054320013150572776794 0.003429709235206246376 0.0051176915876567363739 0.0036531549412757158279 0.0034502320922911167145 0.0025875000283122062683 0.0028133005835115909576 0.0039646797813475131989 0.0023892296012490987778 0.0015392709756270051003 0.0012122502084821462631 0.00027769309235736727715 0.00082218716852366924286 0.0020194037351757287979 0.0023914997000247240067 0.0030820982065051794052 0.0034221580717712640762 0.0048841629177331924438 0.003762780921533703804 0.0031789552886039018631 0.0032007538247853517532 0.0028580611106008291245 0.002518500201404094696 0.0025413311086595058441 0.0025612607132643461227 0.0025982086081057786942 0.0026761230546981096268 0.0049258465878665447235 0.01187658216804265976 0.0086746066808700561523 0.0027452721260488033295 0.0026776525191962718964 0.0017336425371468067169 0.0015228418633341789246 0.0011690229875966906548 0.00153977156151086092 0.00011848092253785580397 0.00086340785492211580276 0.040063444525003433228 0.010420626960694789886 0.0069738724268972873688
0.0057847429998219013214 0.0038110767491161823273 0.005536122247576713562 0.0039517972618341445923 0.0036767693236470222473 0.0028242967091500759125 0.0030489321798086166382 0.0042178365401923656464 0.0026729013770818710327 0.0018572882981970906258 0.00027202066848985850811 0.0015866804169490933418 0.0008102016872726380825 0.0012466510524973273277 0.0023588666226714849472 0.002737366827204823494 0.0034083856735378503799 0.0037420943845063447952 0.0052142948843538761139 0.0041317818686366081238 0.0035337470471858978271 0.0035255402326583862305 0.0032063378021121025085 0.0028826156631112098694 0.0029164045117795467377 0.0029832927975803613663 0.0030667597893625497818 0.0031314929947257041931 0.014745649881660938263 0.0090776979923248291016 0.0029861645307391881943 0.0028824051842093467712 0.0020603842567652463913 0.0018290557200089097023 0.0014854971086606383324 0.0017303995555266737938 0.00069217296550050377846 0.0012488884385675191879 3.8269488868536427617e-05 0.041530176997184753418 0.011080392636358737946
0.0061610438860952854156 0.0041551329195499420166 0.0058793583884835243225 0.0042331451550126075745 0.0038388778921216726303 0.0029978235252201557159 0.0032958763185888528824 0.0044421637430787086487 0.0029235545080155134201 0.0021337198559194803238 0.0007716745021753013134 0.00029176505631767213345 0.0019109484273940324783 0.0012239216594025492668 0.0016226008301600813866 0.0026816984172910451889 0.003075724700465798378 0.0037757158279418945312 0.004143811296671628952 0.0056105935946106910706 0.0044482778757810592651 0.0038169112522155046463 0.0038184844888746738434 0.0035347628872841596603 0.0032799683976918458939 0.0033800799865275621414 0.0034393288660794496536 0.0034254447091370820999 0.015666440129280090332 0.009023644961416721344 0.0033199037425220012665 0.003245076863095164299 0.002393842209130525589 0.0021238287445157766342 0.0017701522447168827057 0.0019313651137053966522 0.0010095268953591585159 0.0014351768186315894127 0.00073201482882723212242 0.03286935761570930481 9.088464867090806365e-05
0.018649920821189880371 0.0045300852507352828979 0.0062660002149641513824 0.0045637460425496101379 0.0041324393823742866516 0.0032515153288841247559 0.0035552827175706624985 0.0046260873787105083466 0.0031510682310909032822 0.0024037247058004140854 0.0011545289307832717896 0.00029388809343799948692 0.00078692595707252621651 0.0022240264806896448135 0.0015973052941262722015 0.0019918696489185094833 0.00306124100461602211 0.0034797929693013429642 0.0041623357683420181274 0.004449799656867980957 0.005800732877105474472 0.0046747652813792228699 0.0041093989275395870209 0.0041718045249581336975 0.0039551206864416599274 0.0037104738876223564148 0.0037434767000377178192 0.0037193545140326023102 0.017320189625024795532 0.0093137873336672782898 0.0036831428296864032745 0.0036498038098216056824 0.0027790372259914875031 0.0024698255583643913269 0.0020841220393776893616 0.0021665813401341438293 0.0013153832405805587769 0.0016443884233012795448 0.0010664791334420442581 0.028244066983461380005 0.00072886509587988257408
0.019740631803870201111 0.004930551629513502121 0.0067241908982396125793 0.0049935639835894107819 0.0045455759391188621521 0.0036196999717503786087 0.0038293886464089155197 0.0047518624924123287201 0.0033348742872476577759 0.0026575399097055196762 0.0014906609430909156799 0.00076505460310727357864 0.0011606137268245220184 0.00029282199102453887463 0.0025561784859746694565 0.0019834008999168872833 0.0024022094439715147018 0.0034557122271507978439 0.0038001348730176687241 0.0043837218545377254486 0.004656325560063123703 0.0060273217968642711639 0.0049898913130164146423 0.0044770156964659690857 0.0045354724861681461334 0.0042686341330409049988 0.0039813746698200702667 0.0040130359120666980743 0.019609823822975158691 0.010020326822996139526 0.0041885175742208957672 0.0041421786881983280182 0.0032466750126332044601 0.002914500189945101738 0.0024863830767571926117 0.0025033589918166399002 0.0015987870283424854279 0.0019278265535831451416 0.0013679178664460778236 0.02614478766918182373 0.0010346700437366962433
0.026571048423647880554 0.0053135724738240242004 0.0070454133674502372742 0.0053292810916900634766 0.0049085719510912895203 0.0039789187721908092499 0.0041223834268748760223 0.0049061081372201442719 0.0035196433309465646744 0.0029086989816278219223 0.0018051476217806339264 0.0011416014749556779861 0.0014921678230166435242 0.00076739484211429953575 0.0028075659647583961487 0.0022819351870566606522 0.00026684859767556190491 0.0027716238982975482941 0.0037572945002466440201 0.0040563005022704601288 0.0046269968152046203613 0.0049240742810070514679 0.0063047367148101329803 0.0053044022060930728912 0.0047882101498544216156 0.0048429779708385467529 0.0046136686578392982483 0.0043578986078500747681 0.021851425990462303162 0.010475214570760726929 0.0045940000563859939575 0.0044639515690505504608 0.0035532144829630851746 0.0032274182885885238647 0.0028182130772620439529 0.0028478472959250211716 0.0019489104161038994789 0.0022629096638411283493 0.0016762217273935675621 0.025128370150923728943 0.0012794190552085638046
0.0023464208934456110001 0.028383981436491012573 0.007268146611750125885 0.0055034109391272068024 0.0050971559248864650726 0.0042250179685652256012 0.0043736738152801990509 0.0050856485031545162201 0.0037187000270932912827 0.0031626480631530284882 0.0021093965042382478714 0.0014833018649369478226 0.0018090135417878627777 0.0011460755486041307449 0.0030387714505195617676 0.0025417318101972341537 0.00026531235198490321636 0.00082987447967752814293 0.0031168938148766756058 0.0040457830764353275299 0.0043032672256231307983 0.0048602777533233165741 0.0051702642813324928284 0.0065646553412079811096 0.0056210290640592575073 0.0051982779987156391144 0.0053619686514139175415 0.0051175719127058982849 0.004705211147665977478 0.027354989200830459595 0.0048540453426539897919 0.0046274494379758834839 0.0036893601063638925552 0.0033525775652378797531 0.0029946828726679086685 0.003086281241849064827 0.0022746797185391187668 0.0026235734112560749054 0.0020020958036184310913 0.024594081565737724304 0.0016374335391446948051
0.08230043947696685791 0.087310731410980224609 0.035695850849151611328 0.0068095326423645019531 0.0061063133180141448975 0.0049278489314019680023 0.0049791843630373477936 0.0055965078063309192657 0.0040711876936256885529 0.0034872000105679035187 0.0024519928265362977982 0.0018387058516964316368 0.0021525134798139333725 0.0015132662374526262283 0.0033295943867415189743 0.002836236264556646347 0.00079254893353208899498 0.00027067842893302440643 0.0012878897832706570625 0.0034085188526660203934 0.0042892796918749809265 0.0046070930548012256622 0.0052319420501589775085 0.0056164688430726528168 0.0071135675534605979919 0.0061969794332981109619 0.0057309474796056747437 0.005707912147045135498 0.0052307723090052604675 0.0047195791266858577728 0.027651192620396614075 0.0047904769890010356903 0.0038592929486185312271 0.0034956720191985368729 0.0031540733762085437775 0.0032809257972985506058 0.0025624600239098072052 0.002968618413433432579 0.0023327220696955919266 0.024176713079214096069 0.001994020538404583931
0.048173490911722183228 0.049433842301368713379 0.099530138075351715088 0.15009556710720062256 0.15702024102210998535 0.0078019639477133750916 0.010401265695691108704 0.0067627811804413795471 0.0047060851939022541046 0.003920694347470998764 0.0028653501067310571671 0.0022572907619178295135 0.0025866008363664150238 0.0019465964287519454956 0.0037497656885534524918 0.0031909933313727378845 0.0012216280447319149971 0.00080285617150366306305 0.00028388676582835614681 0.0016843599732965230942 0.003739985637366771698 0.004742384888231754303 0.005169370211660861969 0.0059171668253839015961 0.0063575753010809421539 0.0078366957604885101318 0.0065784188918769359589 0.0057973824441432952881 0.0055656386539340019226 0.0050761741586029529572 0.028684878721833229065 0.0049054720439016819 0.0040200334042310714722 0.0036442778073251247406 0.0033174511045217514038 0.0034932417329400777817 0.00283594522625207901 0.0032706886995583772659 0.0026518232189118862152 0.024087250232696533203 0.002315996214747428894
0.0029748461674898862839 0.002993340836837887764 0.0061801378615200519562 0.0081804702058434486389 0.0092499135062098503113 0.12310745567083358765 0.1475591808557510376 0.15762478113174438477 0.0082242665812373161316 0.0091741010546684265137 0.0036548709031194448471 0.0029136114753782749176 0.0032508212607353925705 0.0025517318863421678543 0.0044540562666952610016 0.0037578507326543331146 0.00025406983331777155399 0.0016736083198338747025 0.0012736262287944555283 0.00084506446728482842445 0.0021224389784038066864 0.0042057936079800128937 0.0052175158634781837463 0.0056249340996146202087 0.0062646674923598766327 0.0064907819032669067383 0.0076554659754037857056 0.0063991835340857505798 0.0057016839273273944855 0.0055591990239918231964 0.031169984489679336548 0.0052109672687947750092 0.0042810360901057720184 0.0038350843824446201324 0.0034993097651749849319 0.0037389663048088550568 0.0031075836159288883209 0.0035253185778856277466 0.0029323322232812643051 0.024680066853761672974 0.0026499161031097173691
0.0025941047351807355881 0.0036319391801953315735 0.0025894211139529943466 0.002591711701825261116 0.0026311809197068214417 0.004663304891437292099 0.0061731268651783466339 0.0073361773975193500519 0.13075698912143707275 0.14718988537788391113 0.1892680823802947998 0.0051529984921216964722 0.0039994656108319759369 0.0042141419835388660431 0.0032747839577496051788 0.0052856081165373325348 0.0044609494507312774658 0.00087772955885156989098 0.002178293885663151741 0.0017613556701689958572 0.0013361397432163357735 0.0025135921314358711243 0.0044417656026780605316 0.0052734897471964359283 0.0054909698665142059326 0.0059666787274181842804 0.0061897402629256248474 0.007397031877189874649 0.0064192581921815872192 0.0059306258335709571838 0.0059365201741456985474 0.034516260027885437012 0.0047608804889023303986 0.0041801417246460914612 0.003777827136218547821 0.0040252655744552612305 0.0033671373967081308365 0.0037289366591721773148 0.0031510819680988788605 0.026175241917371749878 0.0030712697189301252365
0.0033245508093386888504 0.0021728274878114461899 0.002125559607520699501 0.0021609279792755842209 0.0021450114436447620392 0.0017803052905946969986 0.0018054010579362511635 0.0018021417781710624695 0.0018328839214518666267 0.0034917825832962989807 0.0050266752950847148895 0.15245316922664642334 0.18543189764022827148 0.18647761642932891846 0.0046741669066250324249 0.0037949315737932920456 0.0057016974315047264099 0.0048386990092694759369 0.0013909770641475915909 0.0025676654186099767685 0.0021421501878648996353 0.0017259786836802959442 0.0027642156928777694702 0.0044849296100437641144 0.0051850588060915470123 0.0053789084777235984802 0.0058804624713957309723 0.0062085101380944252014 0.0075353467836976051331 0.0067550106905400753021 0.0063889510929584503174 0.039305023849010467529 0.0053865145891904830933 0.0047671110369265079498 0.0042879050597548484802 0.004490557592362165451 0.0037320512346923351288 0.0039959526620805263519 0.0033627394586801528931 0.028563333675265312195 0.0035443673841655254364
0.0017850626027211546898 0.001763086649589240551 0.0017569558694958686829 0.0017510958714410662651 0.001327548525296151638 0.0013927835971117019653 0.0013748318888247013092 0.0013534660683944821358 0.0013885048683732748032 0.0014499477110803127289 0.0042008310556411743164 0.0059275934472680091858 0.0071931723505258560181 0.0059768818318843841553 0.1545060276985168457 0.0046747755259275436401 0.0039649368263781070709 0.0056989882141351699829 0.0049522300250828266144 0.0018502399325370788574 0.002868834417313337326 0.0024708476848900318146 0.002087484113872051239 0.0029997637029737234116 0.0045635895803570747375 0.0052216486074030399323 0.0054441103711724281311 0.0060110790655016899109 0.0064752749167382717133 0.0079796183854341506958 0.0073091830126941204071 0.006973311305046081543 0.043730746954679489136 0.0056755025871098041534 0.0051411730237305164337 0.0052560805343091487885 0.0042756833136081695557 0.004372425377368927002 0.0035957368090748786926 0.031350273638963699341 0.0040073390118777751923
