tests/data/reference/gistest/full/control/mwlevelrill_m.asc
ncols        125
nrows        78
xllcorner    -713756.799299980048
yllcorner    -1061032.369616159936
cellsize     10.000000000000
NODATA_value  -9999
[rows 54 to 71 of 78, columns 41 to 81 of 125]
0.0027868212200701236725 0.0042740278877317905426 0.003171395743265748024 0.0031691428739577531815 0.0027245644014328718185 0.0026276968419551849365 0.0029009704012423753738 0.0031696839723736047745 0.008921644650399684906 0.012353982776403427124 0.0030460739508271217346 0.0030690482817590236664 0.0030332971364259719849 0.0042734565213322639465 0.0067757139913737773895 0.0071682250127196311951 0.0034293832723051309586 0.0029515214264392852783 0.0037527766544371843338 0.0048531084321439266205 0.0035485604312270879745 0.0051488042809069156647 0.0052496446296572685242 0.0055454862304031848907 0.0058035310357809066772 0.0061770784668624401093 0.0064761121757328510284 0.0065230438485741615295 0.0063844858668744564056 0.0062318756245076656342 0.0062609855085611343384 0.0063749840483069419861 0.007007889915257692337 0.0085043162107467651367 0.00014027442375663667917 0.00020811002468690276146 0.00067392777418717741966 0 0.001261214609257876873 0.0015233386075124144554 0.0017504616407677531242
0.0039477734826505184174 0.0027627733070403337479 0.002739825984463095665 0.0023188951890915632248 0.002279131673276424408 0.0033195710275322198868 0.005130508914589881897 0.0067677469924092292786 0.0046082320623099803925 0.0026854756288230419159 0.0027116204146295785904 0.0026783104985952377319 0.0040381154976785182953 0.0029310605023056268692 0.0062315142713487148285 0.0028820121660828590393 0.0025198906660079956055 0.0033684459049254655838 0.0044878674671053886414 0.0032527833245694637299 0.0051812967285513877869 0.00018912722589448094368 0.0055798985995352268219 0.0076515465043485164642 0.0080398675054311752319 0.012202490121126174927 0.017622375860810279846 0.016902763396501541138 0.015963114798069000244 0.015104047954082489014 0.01460052095353603363 0.014305723831057548523 0.01492969319224357605 0.016373492777347564697 0.014737068675458431244 0.014179030433297157288 0.013991229236125946045 0.034317765384912490845 0.013924409635365009308 0.013841830193996429443 0.013614131137728691101
0.0023481552489101886749 0.0023234081454575061798 0.0018751978641375899315 0.0018728444119915366173 0.003057399531826376915 0.0022222278639674186707 0.0022041713818907737732 0.0043195504695177078247 0.0022616935893893241882 0.0023217992857098579407 0.0023122644051909446716 0.0037107469979673624039 0.0025928162503987550735 0.0057927272282540798187 0.0022862334735691547394 0.0019614694174379110336 0.0029141728300601243973 0.0041075246408581733704 0.0028554517775774002075 0.004959365352988243103 0.0030559285078197717667 0.0052528954111039638519 0.0029226443730294704437 0.0028740437701344490051 0.0051462585106492042542 0.0080685550346970558167 0.0034744839649647474289 0.005795335862785577774 0.0057477406226098537445 0.005706235300749540329 0.0056881043128669261932 0.0056934766471385955811 0.0059105711989104747772 0.0061167399398982524872 0.0059642046689987182617 0.0062067168764770030975 0.014452110044658184052 0.014604127965867519379 0.0063089784234762191772 0.0064132474362850189209 0.0064443000592291355133
0.0018805024446919560432 0.0014024722622707486153 0.0014034827472642064095 0.0027308019343763589859 0.0018740034429356455803 0.0018435672391206026077 0.0040472703985869884491 0.0018396852537989616394 0.0018609281396493315697 0.0018901744624599814415 0.0034280540421605110168 0.0021965843625366687775 0.0053904773667454719543 0.0018355781212449073792 0.0014189326902851462364 0.0023528656456619501114 0.003608546452596783638 0.0024105731863528490067 0.0046743610873818397522 0.0027199571486562490463 0.0026650091167539358139 0.0026550362817943096161 0.002618123544380068779 0.0025555097963660955429 0.0073887961916625499725 0.0030742574017494916916 0.0030849454924464225769 0.0069135855883359909058 0.0086172390729188919067 0.010071595199406147003 0.013763305731117725372 0.013438601046800613403 0.01337413489818572998 0.013212626799941062927 0.011879671365022659302 0.011491899378597736359 0.028389839455485343933 0.028037024661898612976 0.011378553695976734161 0.011313563212752342224 0.010985639877617359161
0.00086020265007391571999 0.00086223782273009419441 0.0023118203971534967422 0.0014183920575305819511 0.0014195749536156654358 0.0038199294358491897583 0.0014034900814294815063 0.0014044921845197677612 0.001416308106854557991 0.0031436509452760219574 0.0018723065732046961784 0.0050256010144948959351 0.0013266564346849918365 0.00089149840641766786575 0.0019105408573523163795 0.0031330103520303964615 0.0019184243865311145782 0.0043087136000394821167 0.0023579967673867940903 0.0022970610298216342926 0.0022666454315185546875 0.0022693679202347993851 0.0022496611345559358597 0.0071589369326829910278 0.0026036503259092569351 0.0026673600077629089355 0.0068268375471234321594 0.0029524767305701971054 0.0028630753513425588608 0.0064479471184313297272 0.003010437358170747757 0.0050842934288084506989 0.0051942290738224983215 0.0052708541043102741241 0.005167475435882806778 0.0049714529886841773987 0.011057667434215545654 0.010953319258987903595 0.0048616188578307628632 0.0052742096595466136932 0.0058308853767812252045
0.00012944196350872516632 0.001854930422268807888 0.00085879006655886769295 0.00086322822608053684235 0.0035173220094293355942 0.00086102116620168089867 0.00086776795797049999237 0.00088029401376843452454 0.0027736467309296131134 0.0014546789461746811867 0.0051587959751486778259 0.0008364800596609711647 0.00024968307116068899632 0.0014374362071976065636 0.0028568003326654434204 0.0014440469676628708839 0.0038929833099246025085 0.0019153445027768611908 0.0019032716518267989159 0.0018755947239696979523 0.0018584324279800057411 0.0018485322361811995506 0.0070527140051126480103 0.0022434256970882415771 0.0022420254535973072052 0.0064715761691331863403 0.0026286554057151079178 0.0025785618927329778671 0.0064120050519704818726 0.0027927746996283531189 0.0027156297583132982254 0.0026336906012147665024 0.0042396858334541320801 0.0046797310933470726013 0.0050418344326317310333 0.0059252437204122543335 0.013655022718012332916 0.0058246073313057422638 0.0060388962738215923309 0.0073044872842729091644 0.0089872479438781738281
0.0013216215884312987328 8.3800303400494158268e-05 0.00010147457942366600037 0.0030967842321842908859 0.00011293119314359501004 0.00011427959543652832508 0.00010823813499882817268 0.0023676264099776744843 0.00088133354438468813896 0.005038045346736907959 0.00017474824562668800354 0.00023234638501890003681 0.00082188571104779839516 0.0024090707302093505859 0.00090242386795580387115 0.003603106597438454628 0.0014213831163942813873 0.0014190876390784978867 0.001417876221239566803 0.0014224834740161895752 0.0014159727143123745918 0.0068319179117679595947 0.0018426101887598633766 0.0018540117889642715454 0.0062173255719244480133 0.0022354796528816223145 0.0022145682014524936676 0.0062875058501958847046 0.0025293009821325540543 0.0024647056125104427338 0.0023887057323008775711 0.0019683667924255132675 0.00028559734346345067024 0.00028704869328066706657 0.0015651357825845479965 0.00029995487420819699764 0 0.0011026754509657621384 0.0014518062816932797432 0.0022037292364984750748 0.0036719290073961019516
0.0016171172028407454491 0.0021806166041642427444 0.0026760343462228775024 8.6297302914317697287e-05 0.00081899226643145084381 0.0013392267283052206039 0.0018344417912885546684 0 0.0047673727385699748993 0.0001131070312112569809 0.00079021777492016553879 0.0011951233027502894402 0.0016688321484252810478 4.0750433981884270906e-05 0.0034499913454055786133 0.00087008997797966003418 0.00086803920567035675049 0.00086947868112474679947 0.00087386171799153089523 0.00088679615873843431473 0.0068681524135172367096 0.0014076223596930503845 0.0014000100782141089439 0.0060220062732696533203 0.0018576340517029166222 0.001823312835767865181 0.0060181100852787494659 0.0021872697398066520691 0.0021518825087696313858 0.0020896787755191326141 0.0016505867242813110352 0.00028090053820051252842 0.00078052229946479201317 0.0011969991028308868408 0.00027882590075023472309 0.00074564130045473575592 0 0.0014717823360115289688 0.0018227036343887448311 0.0033337706699967384338 0.00079464755253866314888
0.0012519435258582234383 0.001556432223878800869 0.0020402322988957166672 0.0024223949294537305832 0.0027498831041157245636 0.0030940722208470106125 0.0035403522197157144547 0.0042062257416546344757 0 0.00074890319956466555595 0.0011399466311559081078 0.0015098976437002420425 0.0020308648236095905304 0.0028007293585687875748 0 0 8.6910324171185493469e-05 0.00012585330114234238863 0.00012519437586888670921 0.0067763067781925201416 0.00088757666526362299919 0.00088553840760141611099 0.0057928753085434436798 0.0014250938547775149345 0.0014167132321745157242 0.0059120291844010353088 0.0018115853890776634216 0.0017868700670078396797 0.0017439824296161532402 0.0012762654805555939674 0.00027950364165008068085 0.00077165942639112472534 0.0011528568575158715248 0.0015205859672278165817 0.0018088431097567081451 0.0020081072580069303513 0 0.0026017732452601194382 0.002933779032900929451 0.00029073221958242356777 0.0002849001029971987009
-9999 0 0 0 0.00073533476097509264946 0.0011889701709151268005 0.0015847015893086791039 0.0020162430591881275177 0.0023195634130388498306 0.0024365349672734737396 0.0026019925717264413834 0.0029834662564098834991 0.0037453586701303720474 0.0046010757796466350555 0.0050564808771014213562 0.005139891989529132843 0.0053518125787377357483 0.0056165056303143501282 0.0060874046757817268372 0 0 0.0056418678723275661469 0.00086900615133345127106 0.00088329933350905776024 0.0059321234002709388733 0.0014156649122014641762 0.0013875149888917803764 0.0013493720907717943192 0.00084005261305719614029 0.0002736440801527351141 0.0007679544505663216114 0.0011318298056721687317 0.0014607012271881103516 0.0017836932092905044556 0.0020365987438708543777 0.0022550781723111867905 0 0.002878548111766576767 0.0031395410187542438507 0.0033376321662217378616 0.0034466143697500228882
-9999 -9999 -9999 -9999 8.7615568190813064575e-05 5.8805995649890974164e-05 0.00080914696445688605309 0.00139228056650608778 0 0.00076519284630194306374 0.0011906566796824336052 0.0015240558423101902008 0.0019890158437192440033 0.0025525300297886133194 0.0028985342942178249359 0.0031259346287697553635 0.0033985073678195476532 0.0037516695447266101837 0.0042504644952714443207 0.0048392456956207752228 0.0052363476715981960297 0 2.7860771297127939761e-05 0.0057445056736469268799 0.000868859817273914814 0.00087607966270297765732 0.00086727918824180960655 0.00023525003052782267332 0.00025296554667875170708 0.00075856735929846763611 0.0011132125509902834892 0.0014303318457677960396 0.0017420009244233369827 0.0020588529296219348907 0.0023384878877550363541 0.0026034782640635967255 0 0.0031524600926786661148 0.0033193044364452362061 0.0033913869410753250122 0.0034233154729008674622
-9999 -9999 -9999 -9999 -9999 -9999 -9999 -9999 -9999 -9999 0.00013441096234600991011 0.00077863800106570124626 0.0012230979045853018761 0.0015000022249296307564 0.0018834505463019013405 0.0021989124361425638199 0.0026226907502859830856 0.0029699639417231082916 0.0032085089478641748428 0.0034908025991171598434 0.003860620083287358284 0.0044086938723921775818 0.0050995624624192714691 0 0 5.2262275858083739877e-05 0.00013733351079281419516 0.00076067738700658082962 0.0011294316500425338745 0.0014114324003458023071 0.0016805672785267233849 0.0019801158923655748367 0.0023165976162999868393 0.0027051307260990142822 0.0080343941226601600647 0.0083645209670066833496 0 0.0083251670002937316895 0.0081665432080626487732 0.0078679770231246948242 0.0076875430531799793243
-9999 -9999 -9999 -9999 -9999 -9999 -9999 -9999 -9999 -9999 -9999 0 0 0.00075785652734339237213 0.0012711887247860431671 0.0017226388445124030113 0.0021868222393095493317 0.0026715591084212064743 0.0030752788297832012177 0.0034293553326278924942 0.0038460108917206525803 0.0042021325789391994476 0.0041263909079134464264 0.0044539496302604675293 0.0047605969011783599854 0.0047684959135949611664 0.0045860800892114639282 0.0044546034187078475952 0.0044799158349633216858 0.0045491517521440982819 0.0047465697862207889557 0.0051157847046852111816 0.0056074326857924461365 0.0062273624353110790253 0.00026805745437741279602 0.00027996511198580265045 0 0.0011556810932233929634 0.0014298439491540193558 0.0016298523405566811562 0.0018243959639221429825
-9999 -9999 -9999 -9999 -9999 -9999 -9999 -9999 -9999 -9999 -9999 -9999 -9999 -9999 -9999 -9999 -9999 -9999 -9999 0 0 0 0 0 0.00071772880619391798973 0.0011975164525210857391 0.0015725191915407776833 0.0018366734730079770088 0.0019790262449532747269 0.0020591914653778076172 0.0023052911274135112762 0.002692265436053276062 0.0031320122070610523224 0.0036073785740882158279 0.00384627562016248703 0.0038179052062332630157 0.0084353107959032058716 0.004066762048751115799 0.0041868188418447971344 0.0041795428842306137085 0.0042448574677109718323
-9999 -9999 -9999 -9999 -9999 -9999 -9999 -9999 -9999 -9999 -9999 -9999 -9999 -9999 -9999 -9999 -9999 -9999 -9999 -9999 -9999 -9999 0.00085857795784249901772 0.0008501877891831099987 0 0.00011090753832831978798 0.00080211745807901024818 0.0012449157657101750374 0.0015314661432057619095 0.0016958246706053614616 0.0018603067146614193916 0.0021162708289921283722 0.0025499865878373384476 0.0029567906167358160019 0.0031435370910912752151 0.0031423440668731927872 0.0069089867174625396729 0.0035385896917432546616 0.0037093358114361763 0.0037444103509187698364 0.003834735136479139328
-9999 -9999 -9999 -9999 -9999 -9999 -9999 -9999 -9999 -9999 -9999 -9999 -9999 -9999 -9999 -9999 -9999 -9999 -9999 -9999 -9999 -9999 -9999 -9999 0.0015057419659569859505 0.00086626823758706450462 0.00020144430163782089949 0.00019525781681295484304 0.00079561432357877492905 0.0011474728817120194435 0.0014307281235232949257 0.0016947943950071930885 0.0018783836858347058296 0.0022313836961984634399 0.0024410809855908155441 0.0049468893557786941528 0.0027757200878113508224 0.0030563049949705600739 0.0032076681964099407196 0.0032750235404819250107 0.003405317431315779686
-9999 -9999 -9999 -9999 -9999 -9999 -9999 -9999 -9999 -9999 -9999 -9999 -9999 -9999 -9999 -9999 -9999 -9999 -9999 -9999 -9999 -9999 -9999 -9999 -9999 0.0018926277989521622658 0.0013764132745563983917 0.00086604891112074255943 0.00020592464716173708439 0.00078833388397470116615 0.0011716560693457722664 0.0015210697893053293228 0.0017915543867275118828 0.0020150323398411273956 0.0021925431210547685623 0.0041539417579770088196 0.002415044466033577919 0.0026517356745898723602 -9999 -9999 -9999
-9999 -9999 -9999 -9999 -9999 -9999 -9999 -9999 -9999 -9999 -9999 -9999 -9999 -9999 -9999 -9999 -9999 -9999 -9999 -9999 -9999 -9999 -9999 -9999 -9999 -9999 -9999 0.0018692032899707555771 0.0013761441223323345184 0.00023017673811409622431 0.00079697178443893790245 0.0012310161255300045013 0.0015911672962829470634 0.0018794506322592496872 0.0021133257541805505753 0 -9999 -9999 -9999 -9999 -9999
