tests/data/reference/gistest/full/control/mwlevelrill_m.asc
ncols        125
nrows        78
xllcorner    -713756.799299980048
yllcorner    -1061032.369616159936
cellsize     10.000000000000
NODATA_value  -9999
[rows 36 to 53 of 78, columns 0 to 40 of 125]
-9999 -9999 -9999 -9999 -9999 -9999 -9999 -9999 -9999 -9999 -9999 -9999 -9999 0 0.003252854570746421814 0.004211513325572013855 0.012570676393806934357 0.0020518724340945482254 0.0026844586245715618134 0.0034552670549601316452 0.0038081246893852949142 0.0040276357904076576233 0.0036330716684460639954 0.005109049379825592041 0.0042398772202432155609 0.0042136283591389656067 0.004396329633891582489 0.0041497047059237957001 0.0033740503713488578796 0.002490145387127995491 0.0033897147513926029205 0.0038053414318710565567 0.006487696431577205658 0.00039811281021684408188 0.0011727733071893453598 0.0031688665039837360382 0.0024671130813658237457 0.0018905398901551961899 0.0018638111650943756104 0.00323358108289539814 0.0017793641891330480576
-9999 -9999 -9999 -9999 -9999 -9999 -9999 -9999 -9999 -9999 -9999 -9999 0 0 0.0041787223890423774719 0.012972590513527393341 0.0012229294516146183014 0.0020349912811070680618 0.0030547431670129299164 0.0035419408231973648071 0.0038216568063944578171 0.0031589139252901077271 0.0051638376899063587189 0.0041291741654276847839 0.0041592549532651901245 0.0046290857717394828796 0.0042029744945466518402 0.0031089114490896463394 0.0019485950469970703125 0.0030908123590052127838 0.0038557678926736116409 0.0029630837962031364441 0.0046172547154128551483 0.00035915788612328469753 0.002859099535271525383 0.0019452655687928199768 0.0012662982335314154625 0.0012617035536095499992 0.0030587827786803245544 0.0012478383723646402359 0.0012391972122713923454
-9999 -9999 -9999 -9999 -9999 -9999 -9999 -9999 -9999 -9999 -9999 0 0 0.0040215328335762023926 0.014288553036749362946 0 0.001206917688250541687 0.00260083051398396492 0.0032752573024481534958 0.0036419262178242206573 0.0026362764183431863785 0.0051976265385746955872 0.0039840256795287132263 0.0040466808713972568512 0.0047883521765470504761 0.0042017023079097270966 0.0026245051994919776917 0.0012276634806767106056 0.0025928730610758066177 0.0036450265906751155853 0.0026820148341357707977 0.0025717341341078281403 0.0024955475237220525742 0.0025357198901474475861 0.0012634462909772992134 0.00034453690750524401665 0.00028931506676599383354 0.0026577129028737545013 0.00025121791986748576164 0.00026016606716439127922 0.00028291251510381698608
-9999 -9999 -9999 -9999 -9999 -9999 -9999 -9999 -9999 -9999 -9999 0 0.0035313994158059358597 0.015478789806365966797 0.0008797120535746216774 0 0.0020013132598251104355 0.0030350324232131242752 0.003530848771333694458 0.0020190973300486803055 0.0053447620011866092682 0.0038132155314087867737 0.0039133820682764053345 0.0049322489649057388306 0.0041332398541271686554 0.0020053901243954896927 0.00017676911375019699335 0.0019506539683789014816 0.0031858938746154308319 0.002068537520244717598 0.0020902957767248153687 0.002046054694801568985 0.0020595057867467403412 8.770815475145354867e-05 0.00027194578433409333229 0.0011233112309128046036 0.0017866416601464152336 0.00013162725372239947319 0.0010137812932953238487 0.0015671334695070981979 0.0020690450910478830338
-9999 -9999 -9999 -9999 -9999 -9999 -9999 -9999 -9999 -9999 0 0 0.016113871708512306213 0.0016512697329744696617 0 0.00084360397886484861374 0.0026192704681307077408 0.0034924382343888282776 0.0011944831348955631256 0.0056132343597710132599 0.0037067679222673177719 0.0037643958348780870438 0.0050406130030751228333 0.0040248446166515350342 0.0012154947035014629364 0.00012940456508658826351 0.001165564986877143383 0.002583319786936044693 0.0012290732702240347862 0.0012573461281135678291 0.0012345674913376569748 0.0012161551276221871376 0 0.0011037947842851281166 0.0015784724382683634758 0.0019760110881179571152 0.0023699318990111351013 0.0031109163537621498108 0.0038305756170302629471 0.00023249689547810703516 0.00032959002419374883175
-9999 -9999 -9999 -9999 -9999 -9999 -9999 -9999 -9999 -9999 0 0.013953583315014839172 0.0027694446034729480743 0.00061729474691674113274 0 0.0019082688959315419197 0.0033513405360281467438 0 0.0061459103599190711975 0.0036961850710213184357 0.0036910723429173231125 0.0051736244931817054749 0.003893557470291852951 8.0110614362638443708e-05 0.00014425379049498587847 0.0011215180857107043266 0.0018652676371857523918 3.6378092772793024778e-05 3.6399469536263495684e-06 0 0 0 0.0010146318236365914345 0.0014949536416679620743 0.0020264445338398218155 0.0025061517953872680664 0.0030623306520283222198 0.0036688018590211868286 0.00027827004669234156609 0.0042579094879329204559 0.0011836730409413576126
-9999 -9999 -9999 -9999 -9999 -9999 -9999 -9999 -9999 0 0 0.012113150209188461304 0.0022957138717174530029 0 0.00080793903907760977745 0.0030607103835791349411 0.0033879175316542387009 0.0065943636000156402588 0.0038064974360167980194 0.0037893434055149555206 0.0054528028704226016998 0.0037634805776178836823 0.0012085019843652844429 0.0019166750134900212288 0.0024252515286207199097 0.0029290700331330299377 0.013586170971393585205 0.015440712682902812958 0.015226654708385467529 0.015256608836352825165 0.015473291277885437012 0.013234968297183513641 0.011954891495406627655 0.011690963059663772583 0.01135516725480556488 0.011255616322159767151 0.01147094089537858963 0.011905697174370288849 0.01267711445689201355 0.012534440495073795319 0.011846811510622501373
-9999 -9999 -9999 -9999 -9999 -9999 -9999 -9999 0 0 0.011950754560530185699 0.00099117588251829147339 0.0018096690764650702477 0 0.0026366901583969593048 0.0031060024630278348923 0.0036537572741508483887 0.0038094336632639169693 0.0039626779034733772278 0.0061123976483941078186 0.0037263741251081228256 0 3.1173687602858990431e-05 0.0011646951315924525261 0.010717516764998435974 0.012074958533048629761 0.0031549977138638496399 0.0019739349372684955597 0.0025093923322856426239 0.0029226560145616531372 0.0032121548429131507874 0.0032548175659030675888 0.0035505283158272504807 0.0037201214581727981567 0.0038198211695998907089 0.0039032399654388427734 0.0040066014043986797333 0.0041321553289890289307 0.0043516317382454872131 0.0044197593815624713898 0.0042522428557276725769
-9999 -9999 -9999 -9999 -9999 -9999 -9999 -9999 0 0 0.011470953002572059631 0 0.0010047234827652573586 0.0019685393199324607849 0.0026831245049834251404 0.0035226107574999332428 0.0037808353081345558167 0.0039937705732882022858 0.0064861075952649116516 0.0038743163459002971649 0.0037407698109745979309 0.0063095143996179103851 0.0085251173004508018494 0.010681642219424247742 0.0026162788271903991699 0.0026205538306385278702 0.0012165278894826769829 0.00017408440180588513613 0.0011160834692418575287 0.0017414464382454752922 0.0022162410896271467209 0.0025197239592671394348 0.0029323897324502468109 0.0032037380151450634003 0.003363966476172208786 0.0034136641770601272583 0.0039134742692112922668 0.026463510468602180481 0.028861565515398979187 0.029966078698635101318 0.03043316863477230072
-9999 -9999 -9999 -9999 -9999 -9999 -9999 -9999 0 0.011094598099589347839 0.0024304026737809181213 0 0.00099426752422004938126 0.002016474725678563118 0.003238433273509144783 0.0036256688181310892105 0.0039845071732997894287 0.0064423978328704833984 0.003625132143497467041 0.0037795298267155885696 0.0036979094147682189941 0.0036939817946404218674 0.0038069945294409990311 0.0020001076627522706985 0.0019965132232755422592 0.00011878450459334999323 0.00019295605306979268789 0.0010913242585957050323 0.0017239195294678211212 0.002292163437232375145 0.0027311753947287797928 0.0029372985009104013443 0.0031518465839326381683 0.0035910063888877630234 0.024043153971433639526 0.027292598038911819458 0.030034452676773071289 0.0046875672414898872375 0.0046968748793005943298 0.004653552081435918808 0.0045643411576747894287
-9999 -9999 -9999 -9999 -9999 -9999 -9999 0 0.0095975315198302268982 0.001674491330049932003 0.0017368993721902370453 0 0.0010501415235921740532 0.0027336422353982925415 0.0032484731636941432953 0.0038213976658880710602 0.006537514273077249527 0.0032626870088279247284 0.0035756512079387903214 0.0037230718880891799927 0.0036879226099699735641 0.0037009615916758775711 0.0012440030695870518684 0.0012186204548925161362 0.0011999316047877073288 0.0018839633557945489883 0.0023182916920632123947 0.0027341640088707208633 0.0032590706832706928253 0.0037051776889711618423 0.0039377049542963504791 0.0040955748409032821655 0.023071959614753723145 0.026039740070700645447 0.0046906336210668087006 0.0047742682509124279022 0.0047575910575687885284 0.0046699577942490577698 0.0045724413357675075531 0.004492184612900018692 0.0044189365580677986145
-9999 -9999 -9999 -9999 -9999 -9999 -9999 0 0.004714371170848608017 0.00077245914144441485405 0.00092201493680477142334 0 0.0020071284379810094833 0.0026527384761720895767 0.0034400026779621839523 0.0062986416742205619812 0.0027143997140228748322 0.0032655908726155757904 0.003645119955763220787 0.0037738485261797904968 0.0036687573883682489395 2.1316474885679781437e-05 0.00011850214650621637702 0.00015898251149337738752 0.00015484461619053035975 0.0011434409534558653831 0.0017908067675307393074 0.0023997118696570396423 0.017698401585221290588 0.019759811460971832275 0.021018015220761299133 0.023053973913192749023 0.0046962699852883815765 0.0047446195967495441437 0.0047434461303055286407 0.0046823048032820224762 0.004608327522873878479 0.0045391670428216457367 0.0044637965038418769836 0.0043928408995270729065 0.0043889121152460575104
-9999 -9999 -9999 -9999 -9999 -9999 0 0.0047405343502759933472 0.0052117868326604366302 0 0 0.0010277105029672384262 0.0019388522487133741379 0.0030996243003755807877 0.0063436166383326053619 0.0020250147208571434021 0.0026980487164109945297 0.00323957088403403759 0.0036263365764170885086 0.0037459086161106824875 0.003641707124188542366 0.0062305945903062820435 0.0083269923925399780273 0.01017961651086807251 0.013399514369666576385 0.014114948920905590057 0.015210989862680435181 0.016943138092756271362 0.0041438443586230278015 0.0042568822391331195831 0.0043954309076070785522 0.0045036561787128448486 0.0045853573828935623169 0.0046169240958988666534 0.0045572938397526741028 0.0045019011013209819794 0.0044642039574682712555 0.0044297818094491958618 0.0043527805246412754059 0.0043886727653443813324 0.0042972755618393421173
-9999 -9999 -9999 -9999 -9999 0 0 0.0016077348263934254646 0.0039363405667245388031 0 0 0.00081577064702287316322 0.002776753157377243042 0.0068589821457862854004 0.0011493389029055833817 0.0020370122510939836502 0.0026824031956493854523 0.0031737447716295719147 0.0035757133737206459045 0.0037086254451423883438 0.0036202967166900634766 0.0036016339436173439026 0.0036433546338230371475 0.0058409683406352996826 0.0026086557190865278244 0.0031028976663947105408 0.0035154838114976882935 0.0038111009635031223297 0.003919817507266998291 0.0041845464147627353668 0.0042590321972966194153 0.0043044029735028743744 0.004459400661289691925 0.0044747646898031234741 0.0044710524380207061768 0.0044594048522412776947 0.0044445092789828777313 0.0043938690796494483948 0.0044609415344893932343 0.0042670750990509986877 0.0043011880479753017426
-9999 -9999 -9999 -9999 -9999 0 0.0029401981737464666367 0.00085797061910852789879 0.0016379330772906541824 0.00041152560152113437653 0 0.0022559436038136482239 0.0075950897298753261566 0 0.0011075637303292751312 0.0020165196619927883148 0.0026240376755595207214 0.0031232184264808893204 0.003504765685647726059 0.0035190642811357975006 0.0034512453712522983551 0.0034064827486872673035 0.0059742447920143604279 0.0020270354580134153366 0.002583044813945889473 0.0030152311082929372787 0.0033560688607394695282 0.0034311483614146709442 0.0037095560692250728607 0.0037966347299516201019 0.0038584596477448940277 0.0040466943755745887756 0.0040607913397252559662 0.004098088480532169342 0.0041517433710396289825 0.0042033507488667964935 0.0042353700846433639526 0.0045320633798837661743 0.0042737997137010097504 0.0043130586855113506317 0.0041882516816258430481
-9999 -9999 -9999 -9999 0 0 0.0027643146459013223648 0 0.00020588452753145247698 0 0.0013412779662758111954 0.0055873086676001548767 0.002507068682461977005 0 0.0010382833424955606461 0.0019613895565271377563 0.0025910537224262952805 0.0030780634842813014984 0.0031693945638835430145 0.0031339356210082769394 0.0030287439003586769104 0.0057624173350632190704 0.0012468189233914017677 0.0019486183300614356995 0.002447785576805472374 0.0027788968291133642197 0.0028429331723600625992 0.0031491061672568321228 0.0031928657554090023041 0.003248507622629404068 0.0035045808181166648865 0.0035131538752466440201 0.0035291370004415512085 0.0035754991695284843445 0.0036561156157404184341 0.0037583888042718172073 0.0043200873769819736481 0.0041043036617338657379 0.0043291407637298107147 0.0041493382304906845093 0.0040715667419135570526
-9999 -9999 -9999 -9999 0 0.0032691755332052707672 4.5539305574493482709e-05 0 0 0 0 0.0036630982067435979843 0.0018095425330102443695 0 0.00088512006914243102074 0.0019084408413618803024 0.0025993566960096359253 0.0026413083542138338089 0.0026561908889561891556 0.0025881354231387376785 0.0057734949514269828796 4.6374330850085243583e-05 0.0012307518627494573593 0.0019059034530073404312 0.0023116164375096559525 0.0023434949107468128204 0.0026748366653919219971 0.002707002684473991394 0.0027601022738963365555 0.0030786632560193538666 0.0031094378791749477386 0.0031302408315241336823 0.0031526065431535243988 0.0031871588435024023056 0.0032532983459532260895 0.0039808587171137332916 0.0036853945348411798477 0.0041054356843233108521 0.0039815823547542095184 0.0039713094010949134827 0.0038941269740462303162
-9999 -9999 -9999 0 0 0 0 0 0 0 0 0.0011221314780414104462 0.00028990840655751526356 0 0.00056277209660038352013 0.0019209230085834860802 0.0019532344304025173187 0.0019822604954242706299 0.0019757675472646951675 0.0035764807835221290588 0.0024108712095767259598 0 0.0012066289782524108887 0.001870425068773329258 0.0019037601305171847343 0.0022843920160084962845 0.0022833447437733411789 0.0023327691014856100082 0.0027164451312273740768 0.0027690054848790168762 0.0028176172636449337006 0.0028549132402986288071 0.0028580322396010160446 0.002855738392099738121 0.0037386789917945861816 0.0032474535983055830002 0.0037710035685449838638 0.0035598434042185544968 0.003650290193036198616 0.0037028545048087835312 0.0036482790019363164902
