tests/data/reference/gistest/full/control/mwlevelrill_m.asc
ncols        125
nrows        78
xllcorner    -713756.799299980048
yllcorner    -1061032.369616159936
cellsize     10.000000000000
NODATA_value  -9999
[rows 18 to 35 of 78, columns 0 to 40 of 125]
-9999 -9999 -9999 -9999 -9999 -9999 -9999 -9999 -9999 -9999 -9999 -9999 -9999 -9999 -9999 -9999 -9999 -9999 0 0.001502003171481192112 0.0022886726073920726776 0.0030876304954290390015 0.009130997583270072937 0 0 0.021647075191140174866 0 0.0090982019901275634766 0.0081474706530570983887 0 0.0075502041727304458618 0.0011409170692786574364 0.0016710988711565732956 0.0012744751293212175369 0.0078650247305631637573 0.00079580198507755994797 0.0060311835259199142456 0.0076739378273487091064 0.0038675807882100343704 0.0046130926348268985748 0.0048653758130967617035
-9999 -9999 -9999 -9999 -9999 -9999 -9999 -9999 -9999 -9999 -9999 -9999 -9999 -9999 -9999 -9999 -9999 0 0.00063523818971589207649 0.0019205708522349596024 0.0028080143965780735016 0.011997430585324764252 0.00082260748604312539101 0 8.2320220826659351587e-05 0 0.024056138470768928528 0.0093559157103300094604 0.009698215872049331665 0 0.0070634232833981513977 0.0016662491252645850182 0.00019143102690577507019 0.0031455100979655981064 0.0081683872267603874207 0.0012518718140199780464 0.0061418344266712665558 0.0075880694203078746796 0.0040512983687222003937 0.0048741451464593410492 0.0051754638552665710449
-9999 -9999 -9999 -9999 -9999 -9999 -9999 -9999 -9999 -9999 -9999 -9999 -9999 -9999 -9999 -9999 0 0.00065768620697781443596 0.0012722677784040570259 0.0024327738210558891296 0.015334335155785083771 0.0015470456564798951149 0 0.00070278113707900047302 0 0 0.011099506169557571411 0.0093328617513179779053 0.0099400784820318222046 0.00069836783222854137421 0.0077820438891649246216 0.0021180245094001293182 0.00019962619990110397339 0.0038285374175757169724 0.0084764566272497177124 0.0016664210706949234009 0.0064179901964962482452 0.007877890951931476593 0.0043793120421469211578 0.0052047036588191986084 0.0054964632727205753326
-9999 -9999 -9999 -9999 -9999 -9999 -9999 -9999 -9999 -9999 -9999 -9999 -9999 -9999 -9999 -9999 0.00065303390147164463997 0.0011846736306324601173 0.0018581992480903863907 0.017804389819502830505 0.0030615597497671842575 0 0 0 0 0.0031994108576327562332 0.012577109970152378082 0.010179427452385425568 0.008861802518367767334 0.0011540666455402970314 0.0083105796948075294495 0.00017520996334496885538 0.0025578557979315519333 0.0045118131674826145172 0.0088145807385444641113 0.0020561686251312494278 0.0067350841127336025238 0.0084151625633239746094 0.0049256267957389354706 0.0057434299960732460022 0.0059325066395103931427
-9999 -9999 -9999 -9999 -9999 -9999 -9999 -9999 -9999 -9999 -9999 -9999 -9999 -9999 -9999 -9999 0.0012816392118111252785 0.0018901529256254434586 0.0026527866721153259277 0.031430184841156005859 0 0 0 0 0.0025100775528699159622 0.0037268120795488357544 0.013184405863285064697 0.0113689471036195755 0.01032300945371389389 0.0017226223135367035866 0.008786701597273349762 0.00017590494826436042786 0.00085003057029098272324 0.0029331424739211797714 0.011897157877683639526 0.0024404856376349925995 0.0069372998550534248352 0.0086488844826817512512 0.00020688495715148746967 0.0095174042508006095886 0.0063485964201390743256
-9999 -9999 -9999 -9999 -9999 -9999 -9999 -9999 -9999 -9999 -9999 -9999 -9999 -9999 -9999 0 0.0017735790461301803589 0.0067183678038418292999 0.023314939811825752258 0 0 0 0 0 0.0045009818859398365021 0.0039436174556612968445 0.012458340264856815338 0.011240349151194095612 0.010669359937310218811 0.0022127456031739711761 0.009323468431830406189 0.00017336885503027588129 0.00085880578262731432915 0.0013564315158873796463 0.0032552147749811410904 0.013248139992356300354 0.007157541811466217041 0.0086966240778565406799 0.00022998059284873306751 0.0099266311153769493103 0.0066600376740097999573
-9999 -9999 -9999 -9999 -9999 -9999 -9999 -9999 -9999 -9999 -9999 -9999 -9999 -9999 -9999 0 0.054313987493515014648 0.030685864388942718506 0.00059829326346516609192 0 0 0 0 0.0001676214305916801095 0.0016012093983590602875 0.0046430374495685100555 0.014311409555375576019 0.011093904264271259308 0.010600864887237548828 0.0026473095640540122986 0.00030317733762785792351 0.0096496650949120521545 0.00086790160275995731354 0.0013761756708845496178 0.0018066357588395476341 0.015581547282636165619 0.0076543441973626613617 0.0090624447911977767944 0.00023986354062799364328 0.010426654480397701263 0.0069940746761858463287
-9999 -9999 -9999 -9999 -9999 -9999 -9999 -9999 -9999 -9999 -9999 -9999 -9999 -9999 -9999 0.063573792576789855957 0 0 0 0 0 0 0.0017514476785436272621 0.0028971012216061353683 0.0009935293346643447876 0.0020575053058564662933 0.0047003324143588542938 0.020769985392689704895 0.010499156080186367035 0.0029322139453142881393 0.00031429799855686724186 0.0009791643824428319931 0.010078034363687038422 0.0014875566121190786362 0.0018600944895297288895 0.0022756238467991352081 0.020910210907459259033 0.00021215871674939990044 0.0095481257885694503784 0.00084195897215977311134 0.01518411003053188324
-9999 -9999 -9999 -9999 -9999 -9999 -9999 -9999 -9999 -9999 -9999 -9999 -9999 0 0 0.0041445815004408359528 0.00021894120436627417803 0 0 0 0 0 0.0039091948419809341431 0.0023892787285149097443 0.0034375507384538650513 0.0016589266015216708183 0.0026375700253993272781 0.025415942072868347168 0.011632125824689865112 0.0034516018349677324295 0.00095983629580587148666 0.00030953440000303089619 0.0015502264723181724548 0.010716865770518779755 0.0020187476184219121933 0.0024439138360321521759 0.0027315765619277954102 0.021063504740595817566 0.0008570285281166434288 0.0098528368398547172546 0.0013049464905634522438
-9999 -9999 -9999 -9999 -9999 -9999 -9999 -9999 -9999 -9999 -9999 -9999 -9999 -9999 0 0 0 0 0 0 0 0.0031982997898012399673 0.0035855998285114765167 0.0068382672034204006195 0.0086768427863717079163 0.011237332597374916077 0.012783704325556755066 0.015069416724145412445 0.029796753078699111938 0.013643444515764713287 0.0042272419668734073639 0.0015715041663497686386 0.0010116960620507597923 0.0021160456817597150803 0.011661891825497150421 0.0025761900469660758972 0.0028830338269472122192 0.0031273446511477231979 0.021084520965814590454 0.0013417408335953950882 0.0099877985194325447083
-9999 -9999 -9999 -9999 -9999 -9999 -9999 -9999 -9999 -9999 -9999 -9999 -9999 -9999 -9999 -9999 0 0 0 0 0.0015649588312953710556 0.0020521322730928659439 0.0024194947909563779831 0.0026345478836447000504 0.0030952352099120616913 0.0033529847860336303711 0.0036771961022168397903 0.0044916835613548755646 0.017847504466772079468 0.041858747601509094238 0.01445704139769077301 0.0048979530110955238342 0.0022111164871603250504 0.0016551373992115259171 0.0027400641702115535736 0.012336472980678081512 0.0029617727268487215042 0.0032478719949722290039 0.0036005752626806497574 0.022189766168594360352 0.0019016438163816928864
-9999 -9999 -9999 -9999 -9999 -9999 -9999 -9999 -9999 -9999 -9999 -9999 -9999 -9999 -9999 -9999 -9999 0 0 0.0020502214320003986359 0.0024008003529161214828 0.002747783903032541275 0.0030472970101982355118 0.0035802584607154130936 0.0039123483002185821533 0.0040809549391269683838 0.0041593429632484912872 0.0043645026162266731262 0.0048745321109890937805 0.0055400687269866466522 0.037280235439538955688 0.047684472054243087769 0.054295849055051803589 0.002873327815905213356 0.002297687111422419548 0.0032782212365418672562 0.011990588158369064331 0.013216177932918071747 0.015412560664117336273 0.0040854201652109622955 0.022904425859451293945
-9999 -9999 -9999 -9999 -9999 -9999 -9999 -9999 -9999 -9999 -9999 -9999 -9999 -9999 -9999 -9999 -9999 0 0 0.0012822914868593215942 0.0019363167230039834976 0.00256262999027967453 0.030716521665453910828 0.030358174815773963928 0.028452614322304725647 0.026925472542643547058 0.026228735223412513733 0.027005106210708618164 0.028564292937517166138 0.027876656502485275269 0.025075638666749000549 0.023666176944971084595 0.02819814532995223999 0.071786127984523773193 0.079259090125560760498 0.078165024518966674805 0.069454111158847808838 0.060785047709941864014 0.056750830262899398804 0.06307582557201385498 0.066312372684478759766
-9999 -9999 -9999 -9999 -9999 -9999 -9999 -9999 -9999 -9999 -9999 -9999 -9999 -9999 -9999 -9999 0 0 0.0013960759388282895088 0.011041293852031230927 0.015374955721199512482 0.032480478286743164062 0.0043886029161512851715 0.0079547930508852005005 0.010943279601633548737 0.010731048882007598877 0.01798952929675579071 0.020768605172634124756 0.026117375120520591736 0.024607213214039802551 0.022132586687803268433 0.021002903580665588379 0.020987449213862419128 0.022132722660899162292 0.02492077462375164032 0.025193534791469573975 0.024594904854893684387 0.051206424832344055176 0.050450108945369720459 0.048793755471706390381 0.047545518726110458374
-9999 -9999 -9999 -9999 -9999 -9999 -9999 -9999 -9999 -9999 -9999 -9999 -9999 -9999 -9999 0 0 0.0055128717795014381409 0.0099221970885992050171 0.0063376286998391151428 0.023786628618836402893 0.0040028500370681285858 0.004368910565972328186 0.0050801010802388191223 0.005625301506370306015 0.010533763095736503601 0.0048584290780127048492 0.0096399197354912757874 0.0075215105898678302765 0.0073239868506789207458 0.0071855508722364902496 0.0074497689493000507355 0.026179980486631393433 0.030524715781211853027 0.036192987114191055298 0.040031965821981430054 0.043503474444150924683 0.0016006979858502745628 0.0020532747730612754822 0.0042650806717574596405 0.0033817556686699390411
-9999 -9999 -9999 -9999 -9999 -9999 -9999 -9999 -9999 -9999 -9999 -9999 -9999 -9999 -9999 0 0.0052204965613782405853 0.0041169491596519947052 0.0056350207887589931488 0.0229776725172996521 0.0034730874467641115189 0.0039681340567767620087 0.004780585411936044693 0.0054945833981037139893 0.0064052604138851165771 0.004406884312629699707 0.0096271522343158721924 0.0076886042952537536621 0.0080105708912014961243 0.015803284943103790283 0.019414495676755905151 0.021980548277497291565 0.0033943415619432926178 0.0043897470459342002869 0.00517479749396443367 0.0087547227740287780762 0.00089236401254311203957 0.0014941047411412000656 0.004065327811986207962 0.0031685985159128904343 0.0026674345135688781738
-9999 -9999 -9999 -9999 -9999 -9999 -9999 -9999 -9999 -9999 -9999 -9999 -9999 -9999 0 0.0011278168531134724617 0.0036649180110543966293 0.0050873574800789356232 0.021671993657946586609 0.0028160505462437868118 0.0033946428447961807251 0.0044054724276065826416 0.0052347388118505477905 0.0063626477494835853577 0.0041151116602122783661 0.0093263713642954826355 0.0075660478323698043823 0.0083045233041048049927 0.011114999651908874512 0.0065680248662829399109 0.0035802086349576711655 0.0028735855594277381897 0.003780038096010684967 0.0044607501477003097534 0.0077322153374552726746 0.00011996946705039590597 0.00087981985416263341904 0.003594437846913933754 0.002796950051560997963 0.0023389752022922039032 0.0022848935332149267197
-9999 -9999 -9999 -9999 -9999 -9999 -9999 -9999 -9999 -9999 -9999 -9999 -9999 0 0 0.0030809952877461910248 0.0046165245585143566132 0.021546581760048866272 0.0022179465740919113159 0.0027989742811769247055 0.0038413058500736951828 0.0047792335972189903259 0.0061027877964079380035 0.0037945369258522987366 0.0094449622556567192078 0.0074432375840842723846 0.0083515979349613189697 0.011737119406461715698 0.00655359635129570961 0.0032516815699636936188 0.0024284149985760450363 0.0032613666262477636337 0.0039055319502949714661 0.0062284208834171295166 0.0013404350029304623604 0.00014042422117199748755 0.00319239078089594841 0.0023785401135683059692 0.0019113561138510704041 0.0018721815431490540504 0.0029886011034250259399
