tests/data/reference/gistest/full/control/mwlevelrill_m.asc
ncols        125
nrows        78
xllcorner    -713756.799299980048
yllcorner    -1061032.369616159936
cellsize     10.000000000000
NODATA_value  -9999
[rows 54 to 71 of 78, columns 82 to 122 of 125]
0.001935835578478872776 0.0021693778689950704575 0.0025106160901486873627 0.0029262886382639408112 0.0033540271688252687454 0.018278526142239570618 0.33662813901901245117 0.032279353588819503784 0.025772618129849433899 0.0035605414304882287979 0.0022347609046846628189 0.00085678795585408806801 0.0002377634664298966527 0.0011809824500232934952 0.001496711396612226963 0.002636709483340382576 0.0028638755902647972107 0.0014341537607833743095 0.0040138019248843193054 0.0054274252615869045258 0.0051790075376629829407 0.0050947093404829502106 0.0046520438045263290405 0.0043330145999789237976 0.0042522191070020198822 0.0048002493567764759064 0.01790957525372505188 0.003370040329173207283 0.0059224725700914859772 0.00022703343711327761412 0.00016075014718808233738 0.0018748870352283120155 0.001434054691344499588 0.0035556021612137556076 0.0021816659718751907349 0.00079045124584808945656 0.00016402249457314610481 -9999 -9999 -9999 -9999
0.012912265956401824951 0.0126775326207280159 0.013087581843137741089 0.013806818053126335144 0.014519135467708110809 0.016624441370368003845 0.02073396928608417511 0.30036395788192749023 0.030284030362963676453 0.0025177327916026115417 0.0013818014413118362427 0.00026731635443866252899 0.00075278524309396743774 0.0014177184784784913063 0.0016881256597116589546 0.0027449587360024452209 0.0030443563591688871384 0.0017329037655144929886 0.0042051766067743301392 0.0056026233360171318054 0.0053783073090016841888 0.0052444874309003353119 0.0047784443013370037079 0.004649239126592874527 0.0049006836488842964172 0.020043769851326942444 0.0036025249864906072617 0.0061827246099710464478 0.0016564695397391915321 0.00080352730583399534225 0.0021763797849416732788 0.0018631065031513571739 0.0056002354249358177185 0.0022138676140457391739 0.0016417972510680556297 0.0011939903488382697105 0.00076350045856088399887 5.3136514907237142324e-05 -9999 -9999 -9999
0.0063369642011821269989 0.006098659709095954895 0.0060684443451464176178 0.0063630095683038234711 0.0067457025870680809021 0.0077060814946889877319 0.024109074845910072327 0.35491925477981567383 0.01349281705915927887 0.0021135488059371709824 0.00040212314343079924583 0.00084102561231702566147 0.0010712357470765709877 0.0016161079984158277512 0.0018782324623316526413 0.0029087741859257221222 0.0032675857655704021454 0.0020252543035894632339 0.0044184261932969093323 0.0058173723518848419189 0.0056017413735389709473 0.0054944828152656555176 0.005165730603039264679 0.0052561112679541110992 0.0057238154113292694092 0.023549942299723625183 0.006428188178688287735 0.0020400243811309337616 0.0026014775503426790237 0.0023275376297533512115 0.0021502207964658737183 0.0056364443153142929077 0.0025778231211006641388 0.0020310841500759124756 0.001515663578175008297 0.0011391161242499947548 0.00075603078585118055344 2.9541608455474488437e-05 -9999 -9999 -9999
0.010595006868243217468 0.011390523053705692291 0.011480275541543960571 0.011436806991696357727 0.011505334638059139252 0.011700528673827648163 0.011841568164527416229 0.037428975105285644531 0.26882761716842651367 0.0030157384462654590607 0.00081830821000039577484 0.0011544324224814772606 0.001330182771198451519 0.0018263803794980049133 0.0021090921945869922638 0.0031421608291566371918 0.0035049095749855041504 0.002300219610333442688 0.004684392828494310379 0.0061734635382890701294 0.0059619541279971599579 0.0059288158081471920013 0.0057948008179664611816 0.0060858186334371566772 0.026519745588302612305 0.0068856319412589073181 0.0024292978923767805099 0.0029126647859811782837 0.00028123546508140861988 0.0023486430291086435318 0.005497737787663936615 0.0028616671916097402573 0.0027439643163233995438 0.0021873088553547859192 0.0017283449415117502213 0.0014540159609168767929 0.0012182909995317459106 0.00080142397200688719749 0 -9999 -9999
0.0064266906119883060455 0.014739383943378925323 0.014291881583631038666 0.014189462177455425262 0.01578340679407119751 0.016259996220469474792 0.015674378722906112671 0.015006270259618759155 0.40699169039726257324 0.001920744776725769043 0.0011122371070086956024 0.0014930430334061384201 0.0016726551111787557602 0.0021032264921814203262 0.0024062027223408222198 0.0034333181101828813553 0.0037630165461450815201 0.0025966628454625606537 0.0050543555989861488342 0.0066081034019589424133 0.006280702538788318634 0.0062781195156276226044 0.0063732368871569633484 0.028804380446672439575 0.0070783626288175582886 0.0028630243614315986633 0.0056580239906907081604 0.0031630063895136117935 0.0026199403218924999237 0.0054511465132236480713 0.0030385386198759078979 0.0052892263047397136688 0.0029118424281477928162 0.0024251539725810289383 0.0020017009228467941284 0.0017444124678149819374 0.0015979824820533394814 0.0013412078842520713806 0.00079657853348180651665 0 -9999
0.011433525942265987396 0.0015262170927599072456 0.0023434015456587076187 0.0030652924906462430954 0.0011208702344447374344 0.0011029676534235477448 0.0019152273889631032944 0.0027302110102027654648 0.0029892961028963327408 0.42192038893699645996 0.0012100621825084090233 0.002997067989781498909 0.0020027128048241138458 0.0025017543230205774307 0.0027519003488123416901 0.0037592560984194278717 0.0040793428197503089905 0.0029469225555658340454 0.0054803360253572463989 0.0069894948974251747131 0.0064532542601227760315 0.0064793839119374752045 0.030209913849830627441 0.0070283249951899051666 0.0031624701805412769318 0.010289244353771209717 0.0059653976932168006897 0.005755837075412273407 0.0056001627817749977112 0.0032461963128298521042 0.0074738059192895889282 0.0032123597338795661926 0.0028503888752311468124 0.002464121207594871521 0.0020654331892728805542 0.0017176275141537189484 0.0015506267081946134567 0.0011826178524643182755 0.00068558927159756422043 0 -9999
0.0012093288823962211609 0.00079437735257670283318 0.00077708577737212181091 0.00077046779915690422058 0.00076797587098553776741 0.00075253949034959077835 0.00072654831456020474434 0.00072542438283562660217 0.0011490961769595742226 0.0014339182525873184204 0.45949113368988037109 0.0029744936618953943253 0.0024441413115710020065 0.0030080315191298723221 0.0031527678947895765305 0.0041059139184653759003 0.0044224141165614128113 0.0032886366825550794601 0.0057907602749764919281 0.0072215120308101177216 0.0066540637053549289703 0.0069524538703262805939 0.035819038748741149902 0.0035258694551885128021 0.012832549400627613068 0.0040847985073924064636 0.0039798165671527385712 0.0038253015372902154922 0.0035217187833040952682 0.0076224980875849723816 0.00027179878088645637035 0.0015937625430524349213 0.001191173214465379715 0.00075875403126701712608 0.00021821977861691266298 -9999 -9999 -9999 0 0 -9999
0.00029824170633219182491 0.00029883318347856402397 0.00030321773374453186989 0.00030950474319979548454 0.00031378050334751605988 0.00031580092036165297031 0.00031730523915030062199 0.0026278751902282238007 0.0031149124260991811752 0.0035756868310272693634 0.0042279022745788097382 0.49434328079223632812 0.0042599197477102279663 0.0037078631576150655746 0.0036127644125372171402 0.0044212238863110542297 0.0047436645254492759705 0.0035878461785614490509 0.0059664887376129627228 0.00734822126105427742 0.0070699532516300678253 0.038641583174467086792 0.0038936263881623744965 0.013867108151316642761 0.0011475966311991214752 0.00075649400241672992706 0.00026578962570056319237 0.00026249178336001932621 0.008361903950572013855 0.0008076367666944861412 0.0019704168662428855896 0.00027867878088727593422 -9999 -9999 -9999 -9999 -9999 -9999 -9999 -9999 -9999
0.00074929895345121622086 0.0011122587602585554123 0.001439701765775680542 0.0017360477941110730171 0.0019914552103728055954 0.002214110223576426506 0.0024159804452210664749 0.00031541055068373680115 0.00031816377304494380951 0.00074023025808855891228 0.0012451924849301576614 0.0016640459652990102768 0.54068869352340698242 0.0067536081187427043915 0.0035751748364418745041 0.0045311385765671730042 0.0050637028180062770844 0.0039419871754944324493 0.0062968949787318706512 0.0078218979761004447937 0.041841298341751098633 0.0042469887994229793549 0.015049790032207965851 0.0018009879859164357185 0.0014520059339702129364 0.0011728858808055520058 0.00081482634413987398148 0.0088817533105611801147 0.00027497846167534589767 0.0023433840833604335785 -9999 -9999 -9999 -9999 -9999 -9999 -9999 -9999 -9999 -9999 -9999
0.003526339307427406311 0.0036594562698155641556 0.0038749442901462316513 0.004119374789297580719 0.0043709203600883483887 0.0046027242206037044525 0.0047640991397202014923 0.0049304040148854255676 0.0051168901845812797546 0.0092619042843580245972 0.010087067261338233948 0.010944285430014133453 0.011742749251425266266 1.1656557321548461914 0.0076795113272964954376 0.0044123334810137748718 0.0080808456987142562866 0.00026587399770505726337 0.0069032567553222179413 0.047368057072162628174 0.0045814714394509792328 0.017004422843456268311 0.0014946751762181520462 0.0010824555065482854843 0.00075294991256669163704 0.00026391545543447136879 0.0091239567846059799194 0.00084469182183966040611 -9999 -9999 -9999 -9999 -9999 -9999 -9999 -9999 -9999 -9999 -9999 -9999 -9999
0.0034769771154969930649 0.0035727038048207759857 0.0037635718472301959991 0.0039868848398327827454 0.0043293321505188941956 0.0046744747087359428406 0.0049019264988601207733 0.0051357601769268512726 0.0053972811438143253326 0.0003139869950246065855 0.00031290156766772270203 0.00073842378333210945129 0.0011497816303744912148 0.01394069381058216095 1.0528566837310791016 0.010932501405477523804 0.0088099483400583267212 0.0073589901439845561981 0.048125959932804107666 0.0048736953176558017731 0.017334539443254470825 0.001594845205545425415 0.0010961651569232344627 0.00072703551268205046654 0.0002645791682880371809 0.0093448124825954437256 0.001314336434006690979 -9999 -9999 -9999 -9999 -9999 -9999 -9999 -9999 -9999 -9999 -9999 -9999 -9999 -9999
0.0064196810126304626465 0.0064054657705128192902 0.0065392986871302127838 0.0068949284031987190247 0.0069736139848828315735 0.0073153707198798656464 0.0077928188256919384003 0.0082436585798859596252 0.0085015436634421348572 0.0086086951196193695068 0.00864544697105884552 0.0089331474155187606812 0.0093617346137762069702 0.0089597348123788833618 0.022312663495540618896 1.0698721408843994141 0.013601051643490791321 0.04796765744686126709 0.0050259367562830448151 0.017954070121049880981 0.011084269732236862183 0.0091180829331278800964 0.0085061667487025260925 0.0085545433685183525085 0.0092271873727440834045 -9999 -9999 -9999 -9999 -9999 -9999 -9999 -9999 -9999 -9999 -9999 -9999 -9999 -9999 -9999 -9999
0.0020217762794345617294 0.0021853598300367593765 0.0023567052558064460754 0.00271898624487221241 0.003008913947269320488 0.0031306941527873277664 0.0034841911401599645615 0.0039063952863216400146 0.0041155000217258930206 0.0042605320923030376434 0.0044045615941286087036 0.0046023107133805751801 0.0047796266153454780579 0.0049318172968924045563 0.0051576630212366580963 0.02887589670717716217 0.35749366879463195801 0.051047943532466888428 0.017538590356707572937 0.011685512959957122803 0.00029417825862765312195 0.00029332595295272767544 0.00029374004225246608257 -9999 -9999 -9999 -9999 -9999 -9999 -9999 -9999 -9999 -9999 -9999 -9999 -9999 -9999 -9999 -9999 -9999 -9999
0.0043353382498025894165 0.0043839467689394950867 0.0044393031857907772064 0.0049460083246231079102 0.005394980311393737793 0.0056006647646427154541 0.0056539354845881462097 0.0061685955151915550232 0.0063706343062222003937 0.0065012751147150993347 0.0065500242635607719421 0.0065820389427244663239 0.0066059553064405918121 0.0067842951975762844086 0.0070548662915825843811 0.0082126576453447341919 1.2321693897247314453 0.059563264250755310059 0.012152502313256263733 0.00084317289292812347412 -9999 -9999 -9999 -9999 -9999 -9999 -9999 -9999 -9999 -9999 -9999 -9999 -9999 -9999 -9999 -9999 -9999 -9999 -9999 -9999 -9999
0.0039313496090471744537 0.0040333531796932220459 0.0041702957823872566223 0.0043640960939228534698 0.0049329963512718677521 0.0054008187726140022278 0.0057396399788558483124 0.0057392544113099575043 0.0054206727072596549988 0.0057614585384726524353 -9999 -9999 -9999 -9999 -9999 -9999 -9999 -9999 0.012936869636178016663 -9999 -9999 -9999 -9999 -9999 -9999 -9999 -9999 -9999 -9999 -9999 -9999 -9999 -9999 -9999 -9999 -9999 -9999 -9999 -9999 -9999 -9999
-9999 -9999 -9999 -9999 -9999 -9999 -9999 -9999 -9999 -9999 -9999 -9999 -9999 -9999 -9999 -9999 -9999 -9999 -9999 -9999 -9999 -9999 -9999 -9999 -9999 -9999 -9999 -9999 -9999 -9999 -9999 -9999 -9999 -9999 -9999 -9999 -9999 -9999 -9999 -9999 -9999
-9999 -9999 -9999 -9999 -9999 -9999 -9999 -9999 -9999 -9999 -9999 -9999 -9999 -9999 -9999 -9999 -9999 -9999 -9999 -9999 -9999 -9999 -9999 -9999 -9999 -9999 -9999 -9999 -9999 -9999 -9999 -9999 -9999 -9999 -9999 -9999 -9999 -9999 -9999 -9999 -9999
-9999 -9999 -9999 -9999 -9999 -9999 -9999 -9999 -9999 -9999 -9999 -9999 -9999 -9999 -9999 -9999 -9999 -9999 -9999 -9999 -9999 -9999 -9999 -9999 -9999 -9999 -9999 -9999 -9999 -9999 -9999 -9999 -9999 -9999 -9999 -9999 -9999 -9999 -9999 -9999 -9999
