tests/data/reference/gistest/full/control/mwlevelrill_m.asc
ncols        125
nrows        78
xllcorner    -713756.799299980048
yllcorner    -1061032.369616159936
cellsize     10.000000000000
NODATA_value  -9999
[rows 36 to 53 of 78, columns 41 to 81 of 125]
0.0013754686806350946426 0.0013624330749735236168 0.0013547338312491774559 0.00087520695524290204048 0.00086594279855489730835 0.00085182831389829516411 0.00083958829054608941078 0.00091850059106945991516 0.00093043746892362833023 0.0035669738426804542542 0.0014791609719395637512 0.0015123770572245121002 0.00033370731398463249207 0.00085255532758310437202 0.0011611464433372020721 0.14815133810043334961 0.15547116100788116455 0.15018586814403533936 0.15210466086864471436 0.0051829535514116287231 0.0022865475621074438095 0.0033429325558245182037 0.0029797703027725219727 0.0026039369404315948486 0.0035815523006021976471 0.0053164912387728691101 0.010388380847871303558 0.0069160745479166507721 0.0073185982182621955872 0.0088216653093695640564 0.0079895826056599617004 0.0075524677522480487823 0.00028901960467919707298 0.044814087450504302979 0.0098543353378772735596 0.0058421422727406024933 0.0048257824964821338654 0.0047185062430799007416 0.0040672393515706062317 0.032534047961235046387 0.004271985962986946106
0.00090409500990062952042 0.00088169425725936889648 0.00025576949701644480228 0.00024816583027131855488 0.00024839464458636939526 0.00025502048083581030369 0.00026116232038475573063 0.00026858833734877407551 0.0030419004615396261215 0.00095441949088126420975 0.00096559495432302355766 0.00094685377553105354309 0.0013382454635575413704 0.0015337758231908082962 0.0017021861858665943146 0.0022319601848721504211 0.0026991800405085086823 0.0028992209117859601974 0.0031795504037290811539 0.13917741179466247559 0.14700090885162353516 0.15418386459350585938 0.15955980122089385986 0.16179642081260681152 0.16661681234836578369 0.17670205235481262207 0.19125072658061981201 0.2102314680814743042 0.21611525118350982666 0.0093323001638054847717 0.010451443493366241455 0.0088642137125134468079 0.0079265143722295761108 0.00097800081130117177963 0.047135863453149795532 0.0060849040746688842773 0.0051263594068586826324 0.0049308305606245994568 0.0045965039171278476715 0.03117539919912815094 0.0042388681322336196899
5.2453491662163287401e-05 0.00018855553935281932354 0.00076620577601715922356 0.0011910411994904279709 0.0015643135411664843559 0.0019032835261896252632 0.0022498955950140953064 0.0026098585221916437149 0.00024423285503871738911 0.00023016963677946478128 0.00022879676544107496738 0.00036182985058985650539 0.0008570017525926232338 0.0012195927556604146957 0.0016082624206319451332 0.075957506895065307617 0.080266751348972320557 0.079612955451011657715 0.082751497626304626465 0.089121773838996887207 0.094955675303936004639 0.099876269698143005371 0.10403346270322799683 0.10745742172002792358 0.11162808537483215332 0.11588962376117706299 0.11893129348754882812 0.11710911989212036133 0.10124620050191879272 0.25961443781852722168 0.29099690914154052734 0.011434348300099372864 0.0097778374329209327698 0.0086134374141693115234 0.051702283322811126709 0.0066365776583552360535 0.0053254063241183757782 0.0052535710856318473816 0.0047952127642929553986 0.030863443389534950256 0.0039922934956848621368
1.2273628271941561252e-05 0.00016230074106715619564 0.00069414475001394748688 0.0010497949551790952682 0.0013688699109479784966 0.0018044612370431423187 0.0022279808763414621353 0.0025842725299298763275 0.0029190732166171073914 0.0032445453107357025146 0.0034049546811729669571 0.0035420237109065055847 0.0038917656056582927704 0.0719165802001953125 0.078485324978828430176 0.0070488681085407733917 0.007965889759361743927 0.0069488151930272579193 0.0068326513282954692841 0.0065911300480365753174 0.0050885626114904880524 0.0051284292712807655334 0.0051920562982559204102 0.0053314473479986190796 0.0039660320617258548737 0.0040756035596132278442 0.0041850204579532146454 0.004234822932630777359 0.00867253914475440979 0.011092363856732845306 0.010662113316357135773 0.23040163516998291016 0.26120603084564208984 0.2666651308536529541 0.29409697651863098145 0.060687288641929626465 0.0059104315005242824554 0.0055579314939677715302 0.0051004551351070404053 0.03430271148681640625 0.0099628577008843421936
0.0022775772958993911743 0.00082594476407393813133 0.0012556406436488032341 0.0016190314199775457382 0.0018680409993976354599 0.0019825326744467020035 0.00240527372807264328 0.0027322997339069843292 0.0030211510602384805679 0.0032869486603885889053 0.0035483527462929487228 0.0040161097422242164612 0.075540244579315185547 0.0067648361437022686005 0.0067594107240438461304 0.0075809611007571220398 0.006566167343407869339 0.0063543175347149372101 0.0059927976690232753754 0.0044885808601975440979 0.004460204392671585083 0.0044693383388221263885 0.004517901688814163208 0.0032356304582208395004 0.0033050568308681249619 0.0033899648115038871765 0.0034804029855877161026 0.0051232264377176761627 0.0040103914216160774231 0.030510012060403823853 0.035207010805606842041 0.039299573749303817749 0.03907968476414680481 0 0.00020995883096475154161 0.34198918938636779785 0.072264142334461212158 0.0070000407285988330841 0.006174825131893157959 0.00029674594406969845295 0.012077542021870613098
0.00085818429943174123764 0.0025738261174410581589 0.0028796365950256586075 0.0031995885074138641357 0.003397805849090218544 0.003526759101077914238 0.0036351124290376901627 0.0035865320824086666107 0.0038438185583800077438 0.0044385688379406929016 0.070752277970314025879 0.079657487571239471436 0.0068902084603905677795 0.006738335825502872467 0.0076062506996095180511 0.0066477609798312187195 0.00649256119504570961 0.006077862810343503952 0.0044037271291017532349 0.0043093715794384479523 0.0042333961464464664459 0.0042090751230716705322 0.0028735380619764328003 0.0028975529130548238754 0.0029210126958787441254 0.0029466224368661642075 0.0043939189054071903229 0.0033216229639947414398 0.027322918176651000977 0.006434558425098657608 0.0035997070372104644775 0.0034589425195008516312 0.0034747859463095664978 0.0063506043516099452972 0 0 0.28643438220024108887 0.081578463315963745117 0.0085150683298707008362 0.015242940746247768402 0.10233739018440246582
0.021863654255867004395 0.022204307839274406433 0.02211747877299785614 0.022208401933312416077 0.021714150905609130859 0.020889976993203163147 0.02048585936427116394 0.019435284659266471863 0.02010405808687210083 0.071566961705684661865 0.0065983780659735202789 0.0068283905275166034698 0.0066944118589162826538 0.0075841834768652915955 0.0066250874660909175873 0.0065517583861947059631 0.0062280949205160140991 0.0044344151392579078674 0.0043283165432512760162 0.0042252270504832267761 0.0041268370114266872406 0.0026338356547057628632 0.0026205510366708040237 0.0026191305369138717651 0.0026139260735362768173 0.0040198653005063533783 0.0029067464638501405716 0.025749836117029190063 0.0057728136889636516571 0.0029314414132386445999 0.0026786304078996181488 0.002776165492832660675 0.0038705205079168081284 0.0028866031207144260406 0.0029906532727181911469 0.0032694018445909023285 0 0 0.15736781060695648193 0.024173481389880180359 0.051477313041687011719
0.0052994107827544212341 0.0053773531690239906311 0.0054263863712549209595 0.0056866165250539779663 0.0060448623262345790863 0.0061202431097626686096 0.006205960642546415329 0.007308429572731256485 0.064398646354675292969 0.0067130126990377902985 0.0067304996773600578308 0.0065968590788543224335 0.0076511651277542114258 0.0066745523363351821899 0.006596747320145368576 0.0062930868007242679596 0.0044437707401812076569 0.0043828664347529411316 0.0043148468248546123505 0.0042535471729934215546 0.0025214517954736948013 0.0024531658273190259933 0.0024031996726989746094 0.0023745631333440542221 0.0038496553897857666016 0.002641781466081738472 0.025669470429420471191 0.0054929759353399276733 0.0025700342375785112381 0.0022473693825304508209 0.0022525764070451259613 0.0031763773877173662186 0.002319192979484796524 0.0024159206077456474304 0.0024979412555694580078 0.0026646079495549201965 0.0027657945174723863602 0.0098104598000645637512 0 0 0.15442009270191192627
0.041675359010696411133 0.044955659657716751099 0.047386702150106430054 0.045596711337566375732 0.04406020045280456543 0.044521756470203399658 0.056197538971900939941 0.064098738133907318115 0.0067151254042983055115 0.0068357256241142749786 0.0066151139326393604279 0.0076425373554229736328 0.0066560297273099422455 0.006606632377952337265 0.0062254187650978565216 0.0042440867982804775238 0.0042399540543556213379 0.0042072609066963195801 0.0041790311224758625031 0.0023137815296649932861 0.0022826280910521745682 0.0022181926760822534561 0.0021602704655379056931 0.0037778592668473720551 0.0024434151127934455872 0.026829030364751815796 0.0054743811488151550293 0.0023394643794745206833 0.0019726629834622144699 0.0019439867464825510979 0.0028478773310780525208 0.0019334414973855018616 0.0019386945059522986412 0.0019479453330859541893 0.002068658825010061264 0.0021825802978128194809 0.0022564867977052927017 0.003116362961009144783 0 0.0052225957624614238739 0
0.0052065998315811157227 0.0064489454962313175201 0.0054502091370522975922 0.0098622972145676612854 0.013376096263527870178 0.017209120094776153564 0.0060263117775321006775 0.0062346700578927993774 0.0064463745802640914917 0.0066231857053935527802 0.0079455049708485603333 0.0067465780302882194519 0.0066488720476627349854 0.0062597319483757019043 0.0040387623012065887451 0.0039573987014591693878 0.0039289253763854503632 0.0039212466217577457428 0.0019194914493709802628 0.0019252110505476593971 0.0019223167328163981438 0.0018946964992210268974 0.0037571641150861978531 0.0022282495629042387009 0.028833113610744476318 0.0056325001642107963562 0.0021448445040732622147 0.0017376570031046867371 0.0017038970254361629486 0.0026826616376638412476 0.0016448396490886807442 0.0016405453206971287727 0.0016254015499725937843 0.0016012203413993120193 0.001625536009669303894 0.001781147555448114872 0.0018170430557802319527 0.0090624298900365829468 0 0.0018676045583561062813 0.0022504387889057397842
0.0060154199600219726562 0.0050905845127999782562 0.0059753707610070705414 0.005328482016921043396 0.0053835078142583370209 0.0055363532155752182007 0.0056437132880091667175 0.0057343654334545135498 0.0058955266140401363373 0.0074974349699914455414 0.0066346754319965839386 0.0065564587712287902832 0.0061836857348680496216 0.0039195790886878967285 0.003835658542811870575 0.003685456467792391777 0.0036216017324477434158 0.0014609963400289416313 0.0014574463712051510811 0.0014490541070699691772 0.0014440899249166250229 0.0035881896037608385086 0.0019081863574683666229 0.030275896191596984863 0.0056280386634171009064 0.0018431294010952115059 0.0013935081660747528076 0.0013902566861361265182 0.0025634637568145990372 0.0013152388855814933777 0.0012910114601254463196 0.0012896350817754864693 0.0012718398356810212135 0.0012401902349665760994 0.0012429166818037629128 0.0012831229250878095627 0.0039377072826027870178 0 0 0.00038510269951075315475 0.00092207640409469604492
0.0047538494691252708435 0.0056125982664525508881 0.0049750437028706073761 0.0049567529931664466858 0.0049938489682972431183 0.0050952620804309844971 0.0051940558478236198425 0.0052714101038873195648 0.0066414726898074150085 0.0058794622309505939484 0.0060846684500575065613 0.0057749003171920776367 0.0034836386330425739288 0.003608508966863155365 0.0035588219761848449707 0.0033350887242704629898 0.000875038153026252985 0.00087990489555522799492 0.00088247453095391392708 0.00088130589574575424194 0.0032015419565141201019 0.0014486416475847363472 0.031565610319375991821 0.0054362304508686065674 0.0013841667678207159042 0.00087437150068581104279 0.00088095077080652117729 0.0023261641617864370346 0.00087651377543807029724 0.0008520633564330637455 0.00084565009456127882004 0.00085318798664957284927 0.00084750843234360218048 0.00083133298903703689575 0.00082484446465969085693 0.0034742036368697881699 0.00029451196314767003059 0 0.00053560920059680938721 0.0017032253090292215347 0.0020696280989795923233
0.0054092351347208023071 0.0047080586664378643036 0.0046503678895533084869 0.0046120802871882915497 0.0046133282594382762909 0.0046674837358295917511 0.0047568492591381072998 0.0061031179502606391907 0.0052546714432537555695 0.0053633549250662326813 0.0051578455604612827301 0.0029102200642228126526 0.0029702426400035619736 0.0030930750072002410889 0.003050327301025390625 0 1.2047928976244293153e-05 0 1.7543425201438367367e-05 0.0028164170216768980026 0.00087036041077226400375 0.03192952275276184082 0.005271259695291519165 0.00084881903603672981262 0.00017227382340934127569 0.00015753073967061936855 0.0018405654700472950935 0.00013880484038963913918 0.00016586993297096341848 0.00021272720186971127987 0.0002358041820116341114 0.00024516606936231255531 0.00026210409123450517654 0.0002836974745150655508 0.0031752530485391616821 0.00078978174133226275444 0.0011610614601522684097 0.0014991534408181905746 0.035214658826589584351 0.017040502279996871948 0.016845043748617172241
0.0045187775976955890656 0.0044625522568821907043 0.0043983627110719680786 0.0043378514237701892853 0.004301905166357755661 0.0043034348636865615845 0.0055811712518334388733 0.0047833183780312538147 0.0048669888637959957123 0.00455715227872133255 0.0023513529449701309204 0.0023898493964225053787 0.0024408721365034580231 0.0025064095389097929001 0 0.00079634692519903182983 0.0013537573395296931267 0.0018615915905684232712 0.0023374916054308414459 0 0.032055430114269256592 0.0049834307283163070679 0.00011026124411728233099 0.00014797005860600620508 0.00082102866144850850105 0.0013395090354606509209 0.0001362133043585345149 0.00081116956425830721855 0.0012630439596250653267 0.001588614308275282383 0.0018972158432006835938 0.0022242555860430002213 0.0025228681042790412903 0.00282146502286195755 0.0002568766358308494091 0.00028225191636011004448 0.0049133766442537307739 0.032970648258924484253 0.0037739130202680826187 0.0012840214185416698456 0.00162884534802287817
0.0042322766967117786407 0.0042144590988755226135 0.0041646645404398441315 0.0040985476225614547729 0.0040408694185316562653 0.0052422247827053070068 0.0043428987264633178711 0.0044264555908739566803 0.0041436362080276012421 0.0018546491628512740135 0.0018543654587119817734 0.0018939095316454768181 0.0019277323735877871513 0.014744860120117664337 0.014892153441905975342 0.014799435622990131378 0.01501820981502532959 0.015328279696404933929 0.015750868245959281921 0.032493751496076583862 0.0047592176124453544617 5.2782859711442142725e-05 0.00080175674520432949066 0.0012911469675600528717 0.00173501577228307724 0.0021733101457357406616 0.0025527507532387971878 0.0028555914759635925293 0.0030495044775307178497 0.0031402893364429473877 0.003255777992308139801 0.0033872532658278942108 0.0035324771888554096222 0.0038531541358679533005 0.0042316447943449020386 0.0044912057928740978241 0.010164047591388225555 0 0.00087464856915175914764 0.00028995721368119120598 0.00079922127770259976387
0.0039152274839580059052 0.0039429310709238052368 0.0039270101115107536316 0.0038761184550821781158 0.0051344879902899265289 0.0040799076668918132782 0.0040500778704881668091 0.0037345138844102621078 0.0013924125814810395241 0.0013717989204451441765 0.0013744402676820755005 0.0014046904398128390312 0.013858144171535968781 0.0042621465399861335754 0.0074997511692345142365 0.0082920705899596214294 0.011565271764993667603 0.017069131135940551758 0.021982016041874885559 0.0045465910807251930237 0.0040303105488419532776 0.0040412475354969501495 0.0041148583404719829559 0.0043831160292029380798 0.0047730682417750358582 0.005170573946088552475 0.0054739830084145069122 0.0057048108428716659546 0.0099070444703102111816 0.0095015494152903556824 0.00917939748615026474 0.0088037028908729553223 0.0085384333506226539612 0.0090043591335415840149 0.0098338453099131584167 0.010252726264297962189 0.0031600026413798332214 0 0.0002814938488882035017 0.00072932237526401877403 0.0010339824948459863663
0.0035510298330336809158 0.0035953901242464780807 0.0036086195614188909531 0.0050112060271203517914 0.0039037403184920549393 0.003817992284893989563 0.0033979017753154039383 0.00087501481175422668457 0.00086311565246433019638 0.00085768580902367830276 0.0008640551823191344738 0.013209553435444831848 0.003830200759693980217 0.0037891077809035778046 0.00013512943405658006668 0.0044240541756153106689 0.0082843666896224021912 0.0078980568796396255493 0.0041300985030829906464 0.0037640419322997331619 0.0043594962917268276215 0.0042730211280286312103 0.0043409508652985095978 0.0046728677116334438324 0.0050538228824734687805 0.0054065827280282974243 0.0057228547520935535431 0.0059937364421784877777 0.00017483990814071148634 0.00077355362009257078171 0.0011549926130101084709 0.0014357439940795302391 0.0017196999397128820419 0.0021890059579163789749 0.0027052415534853935242 0.0030082762241363525391 0.00024487843620590865612 0 0.0011401594383642077446 0.0013763856841251254082 0.0015634876908734440804
0.0031658827792853116989 0.0031862768810242414474 0.0046740076504647731781 0.0036000313702970743179 0.0035562787670642137527 0.0030836311634629964828 0.00019888096721842885017 0.00021092084352858364582 0.00021176142035983502865 0.00020487516303546726704 0.012646326795220375061 0.0034271136391907930374 0.0034271185286343097687 0.0033429048489779233932 0.003751385025680065155 0.0077518378384411334991 0.0077513726428151130676 0.0037704510614275932312 0.0033408915624022483826 0.0041414895094931125641 0.005025092046707868576 0.0071415887214243412018 0.0071019581519067287445 0.0074132257141172885895 0.0075902715325355529785 0.0077948616817593574524 0.0080697890371084213257 0.0082319835200905799866 0.0080792540684342384338 0.0077687189914286136627 0.0076586897484958171844 0.0076420670375227928162 0.0082338824868202209473 0.0099325068295001983643 0.016540931537747383118 0.015519040636718273163 0.014109871350228786469 0.0021718207281082868576 0.011864571832120418549 0.011178313754498958588 0.0105206342414021492
