tests/data/reference/gistest/full/control/mwlevelrill_m.asc
ncols        125
nrows        78
xllcorner    -713756.799299980048
yllcorner    -1061032.369616159936
cellsize     10.000000000000
NODATA_value  -9999
[rows 54 to 71 of 78, columns 82 to 122 of 125]
0.0023904966656118631363 0.0026725786738097667694 0.0030878968536853790283 0.0035732656251639127731 0.0040762904100120067596 0.010600781999528408051 0.014487595297396183014 0.00043274002382531762123 0 0.0041747367940843105316 0.0027559960726648569107 0.0011516808299347758293 0.00043726435978896915913 0.0015202111098915338516 0.001890321844257414341 0.0032054462935775518417 0.0035154144279658794403 0.0018081673188135027885 0.0041294498369097709656 0.00421658344566822052 0.0043361787684261798859 0.0043657543137669563293 0.0042297802865505218506 0.0042004743590950965881 0.0043288017623126506805 0.0046605858951807022095 0.022080980241298675537 0.0040887636132538318634 0.0084268134087324142456 0.00043457164429128170013 0.0003999697510153055191 0.002859296044334769249 0.0024464207235723733902 0.0064501939341425895691 0.0044483523815870285034 0.0016339692519977688789 0.0010514711029827594757 0.0003121527843177318573 0 -9999 -9999
0.0097572486847639083862 0.0094611113891005516052 0.0096465200185775756836 0.010052766650915145874 0.010452187620103359222 0.011822576634585857391 0.011835459619760513306 0.01273387763649225235 0 0.0030605485662817955017 0.0017320449696853756905 0.00045746390242129564285 0.0010043656220659613609 0.0017883258406072854996 0.0021083650644868612289 0.0033068489283323287964 0.0037175754550844430923 0.0021657883189618587494 0.0042225597426295280457 0.0042950529605150222778 0.0044335308484733104706 0.0044301995076239109039 0.0042592771351337432861 0.0043679005466401576996 0.0047870543785393238068 0.023486778140068054199 0.0041830134578049182892 0.0084562459960579872131 0.0020909910090267658234 0.0010760542936623096466 0.0030896631069481372833 0.0028444044291973114014 0.0088906371966004371643 0.0031945568043738603592 0.0025064782239496707916 0.0019999044016003608704 0.0015792875783517956734 0.0011284481734037399292 0 -9999 -9999
0.0043441536836326122284 0.004044263157993555069 0.0038960047531872987747 0.0039579099975526332855 0.0040681026875972747803 0.0045200791209936141968 0.016162175685167312622 0.022631809115409851074 0 0.0027368075679987668991 0.00054882594849914312363 0.0010694925440475344658 0.001369101228192448616 0.0020162391010671854019 0.0023284836206585168839 0.0034697942901402711868 0.0039659952744841575623 0.0025150582659989595413 0.0043314220383763313293 0.0044032922014594078064 0.0045496486127376556396 0.0045740245841443538666 0.0045139733701944351196 0.0047862608917057514191 0.0053574400953948497772 0.027196718379855155945 0.0083993477746844291687 0.0025462748017162084579 0.0033797775395214557648 0.0031382604502141475677 0.0030458597466349601746 0.0086730848997831344604 0.0035724774934351444244 0.0029483044054359197617 0.002323950640857219696 0.0019190576858818531036 0.0015943517209962010384 0.0011500658001750707626 0.00012534239795058965683 0 -9999
0.0073826443403959274292 0.0078143794089555740356 0.0077568870037794113159 0.0076112593524158000946 0.0075422753579914569855 0.0075650871731340885162 0.0075413552112877368927 0.024531263858079910278 0.016904717311263084412 0 0.0010156937642022967339 0.0014234934933483600616 0.0016708995681256055832 0.0022619722876697778702 0.0025994791649281978607 0.0037054277490824460983 0.0042218472808599472046 0.0028409580700099468231 0.0044836611486971378326 0.0046110185794532299042 0.0047662318684160709381 0.0048533398658037185669 0.0049499901942908763885 0.0053583565168082714081 0.02949858643114566803 0.0085760513320565223694 0.0030079875141382217407 0.0036575216799974441528 0.00046173564624041318893 0.0031640946399420499802 0.0081872865557670593262 0.0037943590432405471802 0.0039763092063367366791 0.0033390789758414030075 0.0028005982749164104462 0.002570757642388343811 0.0025183644611388444901 0.0023680517915636301041 0.0012080707820132374763 0 0
0.0052401949651539325714 0.013950627297163009644 0.013349988497793674469 0.013091377913951873779 0.014322715811431407928 0.014572707004845142365 0.01389896683394908905 0.013169778510928153992 0.045311216264963150024 0.0004277437401469796896 0 0.0018216826720163226128 0.0020603898447006940842 0.0025908662937581539154 0.0029499160591512918472 0.0039926948957145214081 0.0044878069311380386353 0.0031904259230941534042 0.004720003809779882431 0.0048642288893461227417 0.0049378103576600551605 0.0050452724099159240723 0.005307110026478767395 0.030856061726808547974 0.0084290327504277229309 0.0035181508865207433701 0.0068673882633447647095 0.0039605791680514812469 0.0034008037764579057693 0.0078552393242716789246 0.0038808914832770824432 0.0070011150091886520386 0.0038855310995131731033 0.0033884716685861349106 0.0029418857302516698837 0.0027381018735468387604 0.0027854794170707464218 0.0028096972964704036713 0.0025240124668926000595 0.0011634689290076494217 0
0.012264743447303771973 0.0019178292714059352875 0.0028994251042604446411 0.0037711798213422298431 0.0014194684335961937904 0.0013956601032987236977 0.0023752630222588777542 0.0033498974516987800598 0.0036647915840148925781 0.047951005399227142334 0 0.0038716362323611974716 0.0024493550881743431091 0.0030467696487903594971 0.0033542106393724679947 0.0042973803356289863586 0.0047990106977522373199 0.0035989605821669101715 0.0049866223707795143127 0.0050638630054891109467 0.0049875206314027309418 0.0051070875488221645355 0.031184049323201179504 0.0080203209072351455688 0.0038454851601272821426 0.012381860055029392242 0.0075693391263484954834 0.0076609016396105289459 0.0077822525054216384888 0.0040091448463499546051 0.0092571889981627464294 0.0038368664681911468506 0.0035022520460188388824 0.0031197001226246356964 0.002705865073949098587 0.0023543974384665489197 0.0022960461210459470749 0.0020430486183613538742 0.0017603770829737186432 0.0011366276303306221962 0
0.0015417970716953277588 0.0010418682359158992767 0.0010143477702513337135 0.0010022651404142379761 0.00099710817448794841766 0.00097426556749269366264 0.00093722244491800665855 0.00093711912631988525391 0.0014293349813669919968 0.0017761357594281435013 0.052419897168874740601 0 0.0029766706284135580063 0.0036369301378726959229 0.0038156185764819383621 0.0045965323224663734436 0.0051048207096755504608 0.0039835586212575435638 0.0051315389573574066162 0.0051459427922964096069 0.005049793049693107605 0.005355465225875377655 0.037235975265502929688 0.0042330450378358364105 0.014664642512798309326 0.0043522650375962257385 0.0044031734578311443329 0.0043976837769150733948 0.0042019379325211048126 0.0091791525483131408691 0.00045479339314624667168 0.0028004534542560577393 0.0023641884326934814453 0.0019264356233179569244 0.0014694234123453497887 0.00098061701282858848572 0.00023566609888803213835 0.0010369482915848493576 0 0.0011202218011021614075 0
0.00046596620813943445683 0.00046253579785116016865 0.00046184123493731021881 0.00046382268192246556282 0.00046378534170798957348 0.00045926024904474616051 0.00045329090789891779423 0.0032112738117575645447 0.0037908288650214672089 0.0043122861534357070923 0.0050571621395647525787 0.058431047946214675903 0 0.0044448915868997573853 0.004312774166464805603 0.0048290421254932880402 0.0053376033902168273926 0.0042981677688658237457 0.0051508494652807712555 0.00514821615070104599 0.0052533443085849285126 0.038762062788009643555 0.0045918663963675498962 0.015510161407291889191 0.0014673749683424830437 0.0010003305505961179733 0.00045075741945765912533 0.00045523329754360020161 0.009788145311176776886 0.0010741178411990404129 0.0032038695644587278366 0.00045925690210424363613 0.0010460118064656853676 0.00044804945355281233788 0.00044243104639463126659 0.00043016919516958296299 -9999 0.0001130827513406984508 0.0020516300573945045471 0 0.00095727521693333983421
0.00098809681367129087448 0.0014199088327586650848 0.0018121100729331374168 0.0021662169601768255234 0.0024693387094885110855 0.0027314396575093269348 0.0029665234033018350601 0.00045109711936675012112 0.00045300429337657988071 0.00095983507344499230385 0.001556628616526722908 0.002077740151435136795 0.064099691808223724365 0 0.0042146719060838222504 0.0048197368159890174866 0.0055127204395830631256 0.00465196976438164711 0.0052868598140776157379 0.0053675640374422073364 0.040620863437652587891 0.004884580615907907486 0.016518406569957733154 0.0022465805523097515106 0.0018285943660885095596 0.001501476275734603405 0.0010878681205213069916 0.010081218555569648743 0.00046487152576446533203 0.0036036253441125154495 0.0010865812655538320541 0.0015717181377112865448 0.00046052655670791864395 -9999 -9999 -9999 -9999 -9999 0.00015389219333883374929 -9999 -9999
0.0041835559532046318054 0.0042910212650895118713 0.0044802967458963394165 0.0046839257702231407166 0.0048756133764982223511 0.0050283554010093212128 0.0050959060899913311005 0.0051673841662704944611 0.0052623762749135494232 0.0092621641233563423157 0.009955752640962600708 0.010595607571303844452 0.011140564456582069397 0 0.0054681636393070220947 0.004569864366203546524 0.0088294465094804763794 0.00045538018457591533661 0.0056104045361280441284 0.044437885284423828125 0.0050935577601194381714 0.018269494175910949707 0.00188342283945530653 0.0013815932907164096832 0.000999927520751953125 0.00044935103505849838257 0.010055589489638805389 0.001129807671532034874 0.0040728002786636352539 0.0016442032065242528915 0.0020493203774094581604 -9999 -9999 -9999 -9999 -9999 -9999 -9999 -9999 -9999 -9999
0.0040783076547086238861 0.004139801952987909317 0.0042992527596652507782 0.0044795800931751728058 0.0047709899954497814178 0.005040481220930814743 0.0051684565842151641846 0.0052972468547523021698 0.0054534748196601867676 0.00045513256918638944626 0.00045545707689598202705 0.00096574105555191636086 0.0014467663131654262543 0.013142145238816738129 0 0.0091242277994751930237 0.0093560321256518363953 0.0057706739753484725952 0.044997375458478927612 0.0051927976310253143311 0.018339591100811958313 0.0020140660926699638367 0.0013997690984979271889 0.00095871870871633291245 0.00044353332486934959888 0.010012389160692691803 0.0016902839997783303261 0.0044791325926780700684 0.0022002754267305135727 -9999 -9999 -9999 -9999 -9999 -9999 -9999 -9999 -9999 -9999 -9999 -9999
0.0063349027186632156372 0.0061945114284753799438 0.0061825574375689029694 0.0063474858179688453674 0.0062455008737742900848 0.0063799321651458740234 0.0066235191188752651215 0.0068328687921166419983 0.00687565607950091362 0.0067968126386404037476 0.0066666840575635433197 0.0067294551990926265717 0.0068975617177784442902 0.0064490614458918571472 0.018235525116324424744 0 0.012643780559301376343 0.044701248407363891602 0.0051041813567280769348 0.01873166300356388092 0.010019614361226558685 0.0087981168180704116821 0.0084167961031198501587 0.0086853606626391410828 0.0096197491511702537537 0.0021863051224499940872 0.004822414834052324295 0.0027204640209674835205 -9999 -9999 -9999 -9999 -9999 -9999 -9999 -9999 -9999 -9999 -9999 -9999 -9999
0.0025011030957102775574 0.0026982524432241916656 0.0029051636811345815659 0.0033457668032497167587 0.0036949636414647102356 0.0038354306016117334366 0.0042559988796710968018 0.0047541391104459762573 0.0049876044504344463348 0.0051398272626101970673 0.0052848365157842636108 0.0054830000735819339752 0.0056371302343904972076 0.0057205138728022575378 0.0058493306860327720642 0.024841409176588058472 0 0.047141525894403457642 0.018055979162454605103 0.010317567735910415649 0.00047264140448532998562 0.00045934700756333768368 0.0010097576305270195007 0.00046137982280924916267 0.0025312467478215694427 0.0049615558236837387085 -9999 -9999 -9999 -9999 -9999 -9999 -9999 -9999 -9999 -9999 -9999 -9999 -9999 -9999 -9999
0.0037189750000834465027 0.0036205956712365150452 0.0035351428668946027756 0.0037898328155279159546 0.0039891493506729602814 0.0040348698385059833527 0.0040172240696847438812 0.0043610665015876293182 0.0045191538520157337189 0.004646517336368560791 0.0047209695912897586823 0.0047763204202055931091 0.0048107989132404327393 0.0049334736540913581848 0.0050991992466151714325 0.0058176191523671150208 0 0.056074138730764389038 0.010492830537259578705 0.0011114045046269893646 0.0010699250269681215286 0.0015115976566448807716 0.00046826683683320879936 0.0027503273449838161469 -9999 -9999 -9999 -9999 -9999 -9999 -9999 -9999 -9999 -9999 -9999 -9999 -9999 -9999 -9999 -9999 -9999
0.0037137570325285196304 0.0036696621682494878769 0.0036501258146017789841 0.0036758885253220796585 0.0039933221414685249329 0.0042240656912326812744 0.0043832208029925823212 0.0043377699330449104309 0.0041009010747075080872 0.0043801534920930862427 0.0044834800064563751221 0.0045546884648501873016 0.0046501634642481803894 0.004822072107344865799 0.0049760616384446620941 0.0050410772673785686493 0.0075017809867858886719 0 0.010620299726724624634 0.0015933789545670151711 0.0019606570713222026825 -9999 -9999 -9999 -9999 -9999 -9999 -9999 -9999 -9999 -9999 -9999 -9999 -9999 -9999 -9999 -9999 -9999 -9999 -9999 -9999
0.0035475476179271936417 0.0036028681788593530655 0.003686976386234164238 0.0037210236769169569016 0.003735754871740937233 0.004248035140335559845 0.0047572669573128223419 0.00043710658792406320572 0.00043738869135268032551 0.00093498593196272850037 0.0011977461399510502815 -9999 -9999 -9999 -9999 -9999 -9999 0.0080555966123938560486 0 0.0025031655095517635345 -9999 -9999 -9999 -9999 -9999 -9999 -9999 -9999 -9999 -9999 -9999 -9999 -9999 -9999 -9999 -9999 -9999 -9999 -9999 -9999 -9999
-9999 -9999 -9999 -9999 -9999 -9999 -9999 -9999 -9999 -9999 -9999 -9999 -9999 -9999 -9999 -9999 -9999 -9999 0 -9999 -9999 -9999 -9999 -9999 -9999 -9999 -9999 -9999 -9999 -9999 -9999 -9999 -9999 -9999 -9999 -9999 -9999 -9999 -9999 -9999 -9999
-9999 -9999 -9999 -9999 -9999 -9999 -9999 -9999 -9999 -9999 -9999 -9999 -9999 -9999 -9999 -9999 -9999 -9999 -9999 -9999 -9999 -9999 -9999 -9999 -9999 -9999 -9999 -9999 -9999 -9999 -9999 -9999 -9999 -9999 -9999 -9999 -9999 -9999 -9999 -9999 -9999
